01/01/2020,FMN,NM,ASW,WE,Federal Contract Tower,0,3,0,0,3,0,0,12,0,12,0,3,12,0,15,2,0,2,17
01/02/2020,FMN,NM,ASW,WE,Federal Contract Tower,0,8,3,0,11,0,5,17,0,22,0,13,20,0,33,60,0,60,93
01/03/2020,FMN,NM,ASW,WE,Federal Contract Tower,0,6,7,0,13,0,4,18,0,22,0,10,25,0,35,14,0,14,49
01/04/2020,FMN,NM,ASW,WE,Federal Contract Tower,0,14,4,0,18,0,5,28,4,37,0,19,32,4,55,82,0,82,137
01/05/2020,FMN,NM,ASW,WE,Federal Contract Tower,0,9,3,0,12,0,12,48,0,60,0,21,51,0,72,128,0,128,200
01/06/2020,FMN,NM,ASW,WE,Federal Contract Tower,0,13,2,0,15,0,8,53,3,64,0,21,55,3,79,58,22,80,159
01/07/2020,FMN,NM,ASW,WE,Federal Contract Tower,0,13,5,0,18,0,1,105,7,113,0,14,110,7,131,150,12,162,293
01/10/2020,FMN,NM,ASW,WE,Federal Contract Tower,0,8,4,0,12,0,7,35,0,42,0,15,39,0,54,12,0,12,66
01/11/2020,FMN,NM,ASW,WE,Federal Contract Tower,0,5,2,0,7,0,3,40,1,44,0,8,42,1,51,74,0,74,125
01/12/2020,FMN,NM,ASW,WE,Federal Contract Tower,0,5,4,0,9,0,6,21,0,27,0,11,25,0,36,60,0,60,96
01/13/2020,FMN,NM,ASW,WE,Federal Contract Tower,0,9,1,0,10,0,3,48,0,51,0,12,49,0,61,109,0,109,170
01/14/2020,FMN,NM,ASW,WE,Federal Contract Tower,0,13,1,0,14,0,30,43,4,77,0,43,44,4,91,138,0,138,229
01/15/2020,FMN,NM,ASW,WE,Federal Contract Tower,0,11,10,0,21,0,5,17,1,23,0,16,27,1,44,80,0,80,124
01/17/2020,FMN,NM,ASW,WE,Federal Contract Tower,0,13,15,1,29,0,2,2,0,4,0,15,17,1,33,0,0,0,33
01/18/2020,FMN,NM,ASW,WE,Federal Contract Tower,0,9,2,0,11,0,11,31,3,45,0,20,33,3,56,104,24,128,184
01/19/2020,FMN,NM,ASW,WE,Federal Contract Tower,0,4,4,0,8,0,7,46,0,53,0,11,50,0,61,78,6,84,145
01/20/2020,FMN,NM,ASW,WE,Federal Contract Tower,0,3,3,0,6,0,1,51,5,57,0,4,54,5,63,84,0,84,147
01/21/2020,FMN,NM,ASW,WE,Federal Contract Tower,0,11,0,0,11,0,0,0,0,0,0,11,0,0,11,0,0,0,11
01/22/2020,FMN,NM,ASW,WE,Federal Contract Tower,0,12,5,0,17,0,3,4,0,7,0,15,9,0,24,12,0,12,36
01/23/2020,FMN,NM,ASW,WE,Federal Contract Tower,0,19,9,0,28,0,2,12,0,14,0,21,21,0,42,0,0,0,42
01/24/2020,FMN,NM,ASW,WE,Federal Contract Tower,0,8,5,0,13,0,10,27,1,38,0,18,32,1,51,110,0,110,161
01/25/2020,FMN,NM,ASW,WE,Federal Contract Tower,0,10,3,0,13,0,5,19,0,24,0,15,22,0,37,40,0,40,77
01/26/2020,FMN,NM,ASW,WE,Federal Contract Tower,0,10,8,0,18,0,2,35,0,37,0,12,43,0,55,44,0,44,99
01/27/2020,FMN,NM,ASW,WE,Federal Contract Tower,0,5,1,0,6,0,14,1,0,15,0,19,2,0,21,0,0,0,21
01/28/2020,FMN,NM,ASW,WE,Federal Contract Tower,0,13,3,3,19,0,15,53,2,70,0,28,56,5,89,40,16,56,145
01/29/2020,FMN,NM,ASW,WE,Federal Contract Tower,0,7,6,0,13,0,13,10,0,23,0,20,16,0,36,0,0,0,36
01/30/2020,FMN,NM,ASW,WE,Federal Contract Tower,0,7,0,0,7,0,1,15,0,16,0,8,15,0,23,36,0,36,59
01/31/2020,FMN,NM,ASW,WE,Federal Contract Tower,0,10,8,0,18,0,8,28,0,36,0,18,36,0,54,24,0,24,78
02/01/2020,FMN,NM,ASW,WE,Federal Contract Tower,0,4,5,0,9,0,3,45,22,70,0,7,50,22,79,94,0,94,173
02/02/2020,FMN,NM,ASW,WE,Federal Contract Tower,0,3,9,0,12,0,1,35,0,36,0,4,44,0,48,80,0,80,128
02/03/2020,FMN,NM,ASW,WE,Federal Contract Tower,0,4,3,0,7,0,2,2,0,4,0,6,5,0,11,0,0,0,11
02/04/2020,FMN,NM,ASW,WE,Federal Contract Tower,0,10,2,0,12,0,34,20,0,54,0,44,22,0,66,22,48,70,136
02/05/2020,FMN,NM,ASW,WE,Federal Contract Tower,0,3,5,0,8,0,4,7,0,11,0,7,12,0,19,0,0,0,19
02/06/2020,FMN,NM,ASW,WE,Federal Contract Tower,0,4,2,2,8,0,13,14,1,28,0,17,16,3,36,12,0,12,48
02/07/2020,FMN,NM,ASW,WE,Federal Contract Tower,0,10,8,0,18,0,10,27,0,37,0,20,35,0,55,64,0,64,119
02/08/2020,FMN,NM,ASW,WE,Federal Contract Tower,0,6,2,0,8,0,2,46,0,48,0,8,48,0,56,82,0,82,138
02/09/2020,FMN,NM,ASW,WE,Federal Contract Tower,0,4,3,0,7,0,2,26,0,28,0,6,29,0,35,72,0,72,107
02/10/2020,FMN,NM,ASW,WE,Federal Contract Tower,0,9,1,0,10,0,10,6,2,18,0,19,7,2,28,12,0,12,40
02/11/2020,FMN,NM,ASW,WE,Federal Contract Tower,0,13,0,0,13,0,7,0,0,7,0,20,0,0,20,0,0,0,20
02/12/2020,FMN,NM,ASW,WE,Federal Contract Tower,0,9,3,2,14,0,6,12,2,20,0,15,15,4,34,62,0,62,96
02/13/2020,FMN,NM,ASW,WE,Federal Contract Tower,0,7,7,0,14,0,9,24,0,33,0,16,31,0,47,38,0,38,85
02/14/2020,FMN,NM,ASW,WE,Federal Contract Tower,0,11,2,0,13,0,10,56,0,66,0,21,58,0,79,44,0,44,123
02/15/2020,FMN,NM,ASW,WE,Federal Contract Tower,0,10,6,0,16,0,5,51,0,56,0,15,57,0,72,80,0,80,152
02/16/2020,FMN,NM,ASW,WE,Federal Contract Tower,0,8,5,0,13,0,2,50,0,52,0,10,55,0,65,26,0,26,91
02/17/2020,FMN,NM,ASW,WE,Federal Contract Tower,0,7,2,0,9,0,7,26,0,33,0,14,28,0,42,28,0,28,70
02/18/2020,FMN,NM,ASW,WE,Federal Contract Tower,0,13,4,0,17,0,15,35,0,50,0,28,39,0,67,24,0,24,91
02/19/2020,FMN,NM,ASW,WE,Federal Contract Tower,0,13,4,1,18,0,4,7,1,12,0,17,11,2,30,40,0,40,70
02/20/2020,FMN,NM,ASW,WE,Federal Contract Tower,0,7,7,0,14,0,5,32,0,37,0,12,39,0,51,24,0,24,75
02/21/2020,FMN,NM,ASW,WE,Federal Contract Tower,0,6,6,0,12,0,4,39,0,43,0,10,45,0,55,132,0,132,187
02/22/2020,FMN,NM,ASW,WE,Federal Contract Tower,0,7,4,0,11,0,2,17,0,19,0,9,21,0,30,72,0,72,102
02/23/2020,FMN,NM,ASW,WE,Federal Contract Tower,0,17,5,0,22,0,1,3,4,8,0,18,8,4,30,12,0,12,42
02/24/2020,FMN,NM,ASW,WE,Federal Contract Tower,0,10,5,3,18,0,3,19,0,22,0,13,24,3,40,40,50,90,130
02/25/2020,FMN,NM,ASW,WE,Federal Contract Tower,0,13,2,0,15,0,60,4,0,64,0,73,6,0,79,58,0,58,137
02/26/2020,FMN,NM,ASW,WE,Federal Contract Tower,0,6,8,0,14,0,7,28,0,35,0,13,36,0,49,90,0,90,139
02/28/2020,FMN,NM,ASW,WE,Federal Contract Tower,0,5,6,2,13,0,3,40,0,43,0,8,46,2,56,48,6,54,110
02/29/2020,FMN,NM,ASW,WE,Federal Contract Tower,0,9,6,0,15,0,1,30,0,31,0,10,36,0,46,38,0,38,84
03/01/2020,FMN,NM,ASW,WE,Federal Contract Tower,0,9,3,0,12,0,1,18,0,19,0,10,21,0,31,88,0,88,119
03/02/2020,FMN,NM,ASW,WE,Federal Contract Tower,0,6,10,0,16,0,11,29,0,40,0,17,39,0,56,40,0,40,96
03/03/2020,FMN,NM,ASW,WE,Federal Contract Tower,0,10,7,0,17,0,39,24,0,63,0,49,31,0,80,60,0,60,140
03/04/2020,FMN,NM,ASW,WE,Federal Contract Tower,0,9,2,0,11,0,7,25,0,32,0,16,27,0,43,36,0,36,79
03/05/2020,FMN,NM,ASW,WE,Federal Contract Tower,0,10,6,0,16,0,3,35,1,39,0,13,41,1,55,92,0,92,147
03/06/2020,FMN,NM,ASW,WE,Federal Contract Tower,0,9,13,0,22,0,5,27,0,32,0,14,40,0,54,2,0,2,56
03/07/2020,FMN,NM,ASW,WE,Federal Contract Tower,0,9,5,0,14,0,4,28,0,32,0,13,33,0,46,84,0,84,130
03/08/2020,FMN,NM,ASW,WE,Federal Contract Tower,0,6,3,0,9,0,0,9,0,9,0,6,12,0,18,22,0,22,40
03/09/2020,FMN,NM,ASW,WE,Federal Contract Tower,0,11,4,0,15,0,1,37,0,38,0,12,41,0,53,54,0,54,107
03/10/2020,FMN,NM,ASW,WE,Federal Contract Tower,0,21,1,0,22,0,6,28,4,38,0,27,29,4,60,50,0,50,110
03/11/2020,FMN,NM,ASW,WE,Federal Contract Tower,0,9,6,0,15,0,3,8,0,11,0,12,14,0,26,0,0,0,26
03/12/2020,FMN,NM,ASW,WE,Federal Contract Tower,0,12,0,0,12,0,5,21,1,27,0,17,21,1,39,20,0,20,59
03/13/2020,FMN,NM,ASW,WE,Federal Contract Tower,0,16,7,1,24,0,5,7,4,16,0,21,14,5,40,54,20,74,114
03/14/2020,FMN,NM,ASW,WE,Federal Contract Tower,0,8,1,0,9,0,1,18,0,19,0,9,19,0,28,0,0,0,28
03/15/2020,FMN,NM,ASW,WE,Federal Contract Tower,0,9,1,0,10,0,1,43,0,44,0,10,44,0,54,0,0,0,54
03/16/2020,FMN,NM,ASW,WE,Federal Contract Tower,0,7,2,0,9,0,7,34,0,41,0,14,36,0,50,68,0,68,118
03/17/2020,FMN,NM,ASW,WE,Federal Contract Tower,0,9,1,0,10,0,6,22,0,28,0,15,23,0,38,108,0,108,146
03/18/2020,FMN,NM,ASW,WE,Federal Contract Tower,0,7,3,0,10,0,2,18,1,21,0,9,21,1,31,12,0,12,43
03/19/2020,FMN,NM,ASW,WE,Federal Contract Tower,0,9,9,0,18,0,2,10,0,12,0,11,19,0,30,68,0,68,98
03/20/2020,FMN,NM,ASW,WE,Federal Contract Tower,0,5,7,0,12,0,4,28,0,32,0,9,35,0,44,52,0,52,96
03/21/2020,FMN,NM,ASW,WE,Federal Contract Tower,0,6,3,0,9,0,7,28,0,35,0,13,31,0,44,108,0,108,152
03/22/2020,FMN,NM,ASW,WE,Federal Contract Tower,0,1,7,0,8,0,0,17,0,17,0,1,24,0,25,12,0,12,37
03/23/2020,FMN,NM,ASW,WE,Federal Contract Tower,0,4,1,0,5,0,3,50,0,53,0,7,51,0,58,56,6,62,120
03/24/2020,FMN,NM,ASW,WE,Federal Contract Tower,0,6,2,0,8,0,50,73,16,139,0,56,75,16,147,84,0,84,231
03/25/2020,FMN,NM,ASW,WE,Federal Contract Tower,0,6,3,0,9,0,7,18,0,25,0,13,21,0,34,66,0,66,100
03/26/2020,FMN,NM,ASW,WE,Federal Contract Tower,0,7,2,0,9,0,8,14,0,22,0,15,16,0,31,150,0,150,181
03/27/2020,FMN,NM,ASW,WE,Federal Contract Tower,0,5,5,0,10,0,3,8,0,11,0,8,13,0,21,10,0,10,31
03/28/2020,FMN,NM,ASW,WE,Federal Contract Tower,0,11,2,0,13,0,3,20,0,23,0,14,22,0,36,42,0,42,78
03/29/2020,FMN,NM,ASW,WE,Federal Contract Tower,0,1,0,0,1,0,2,21,0,23,0,3,21,0,24,98,0,98,122
03/30/2020,FMN,NM,ASW,WE,Federal Contract Tower,0,8,2,0,10,0,4,25,0,29,0,12,27,0,39,34,0,34,73
03/31/2020,FMN,NM,ASW,WE,Federal Contract Tower,0,6,0,0,6,0,26,79,0,105,0,32,79,0,111,124,0,124,235
04/01/2020,FMN,NM,ASW,WE,Federal Contract Tower,0,10,3,0,13,0,6,14,0,20,0,16,17,0,33,70,0,70,103
04/02/2020,FMN,NM,ASW,WE,Federal Contract Tower,0,3,1,0,4,0,2,13,0,15,0,5,14,0,19,0,0,0,19
04/03/2020,FMN,NM,ASW,WE,Federal Contract Tower,0,6,3,0,9,0,3,27,2,32,0,9,30,2,41,30,24,54,95
04/04/2020,FMN,NM,ASW,WE,Federal Contract Tower,0,7,2,0,9,0,6,25,0,31,0,13,27,0,40,44,0,44,84
04/05/2020,FMN,NM,ASW,WE,Federal Contract Tower,0,8,1,0,9,0,0,16,0,16,0,8,17,0,25,0,0,0,25
04/06/2020,FMN,NM,ASW,WE,Federal Contract Tower,0,5,0,6,11,0,12,16,0,28,0,17,16,6,39,12,0,12,51
04/07/2020,FMN,NM,ASW,WE,Federal Contract Tower,0,6,0,0,6,0,29,13,0,42,0,35,13,0,48,42,0,42,90
04/08/2020,FMN,NM,ASW,WE,Federal Contract Tower,0,6,1,0,7,0,12,28,0,40,0,18,29,0,47,60,0,60,107
04/09/2020,FMN,NM,ASW,WE,Federal Contract Tower,0,6,0,1,7,0,4,15,0,19,0,10,15,1,26,12,0,12,38
04/10/2020,FMN,NM,ASW,WE,Federal Contract Tower,0,4,3,0,7,0,4,23,0,27,0,8,26,0,34,0,0,0,34
04/11/2020,FMN,NM,ASW,WE,Federal Contract Tower,0,2,1,0,3,0,11,25,0,36,0,13,26,0,39,86,0,86,125
04/12/2020,FMN,NM,ASW,WE,Federal Contract Tower,0,0,1,0,1,0,0,4,0,4,0,0,5,0,5,10,0,10,15
04/13/2020,FMN,NM,ASW,WE,Federal Contract Tower,0,12,2,0,14,0,10,11,0,21,0,22,13,0,35,6,0,6,41
04/14/2020,FMN,NM,ASW,WE,Federal Contract Tower,0,6,0,0,6,0,17,2,13,32,0,23,2,13,38,28,6,34,72
04/15/2020,FMN,NM,ASW,WE,Federal Contract Tower,0,5,2,0,7,0,2,14,0,16,0,7,16,0,23,0,0,0,23
04/16/2020,FMN,NM,ASW,WE,Federal Contract Tower,0,9,1,1,11,0,7,16,2,25,0,16,17,3,36,72,0,72,108
04/17/2020,FMN,NM,ASW,WE,Federal Contract Tower,0,8,2,0,10,0,7,26,0,33,0,15,28,0,43,2,0,2,45
04/18/2020,FMN,NM,ASW,WE,Federal Contract Tower,0,4,2,0,6,0,2,12,0,14,0,6,14,0,20,60,0,60,80
04/19/2020,FMN,NM,ASW,WE,Federal Contract Tower,0,3,0,0,3,0,2,41,0,43,0,5,41,0,46,28,8,36,82
04/20/2020,FMN,NM,ASW,WE,Federal Contract Tower,0,5,0,0,5,0,46,17,0,63,0,51,17,0,68,34,0,34,102
04/21/2020,FMN,NM,ASW,WE,Federal Contract Tower,0,10,0,0,10,0,12,13,0,25,0,22,13,0,35,0,0,0,35
04/22/2020,FMN,NM,ASW,WE,Federal Contract Tower,0,10,3,0,13,0,5,12,0,17,0,15,15,0,30,67,0,67,97
04/23/2020,FMN,NM,ASW,WE,Federal Contract Tower,0,6,0,1,7,0,5,11,0,16,0,11,11,1,23,0,0,0,23
04/24/2020,FMN,NM,ASW,WE,Federal Contract Tower,0,3,1,0,4,0,1,8,0,9,0,4,9,0,13,0,0,0,13
04/25/2020,FMN,NM,ASW,WE,Federal Contract Tower,0,4,1,0,5,0,3,36,2,41,0,7,37,2,46,12,6,18,64
04/26/2020,FMN,NM,ASW,WE,Federal Contract Tower,0,5,0,0,5,0,6,16,0,22,0,11,16,0,27,32,0,32,59
04/27/2020,FMN,NM,ASW,WE,Federal Contract Tower,0,5,2,0,7,0,13,37,0,50,0,18,39,0,57,6,0,6,63
04/28/2020,FMN,NM,ASW,WE,Federal Contract Tower,0,11,0,1,12,0,22,7,2,31,0,33,7,3,43,0,0,0,43
04/29/2020,FMN,NM,ASW,WE,Federal Contract Tower,0,6,4,0,10,0,1,13,4,18,0,7,17,4,28,20,0,20,48
04/30/2020,FMN,NM,ASW,WE,Federal Contract Tower,0,4,2,3,9,0,2,22,4,28,0,6,24,7,37,26,0,26,63
05/01/2020,FMN,NM,ASW,WE,Federal Contract Tower,0,11,2,3,16,0,15,75,2,92,0,26,77,5,108,28,2,30,138
05/02/2020,FMN,NM,ASW,WE,Federal Contract Tower,0,3,1,0,4,0,3,28,2,33,0,6,29,2,37,42,0,42,79
05/03/2020,FMN,NM,ASW,WE,Federal Contract Tower,0,7,2,0,9,0,11,45,0,56,0,18,47,0,65,8,0,8,73
05/04/2020,FMN,NM,ASW,WE,Federal Contract Tower,0,9,1,0,10,0,8,15,2,25,0,17,16,2,35,2,0,2,37
05/05/2020,FMN,NM,ASW,WE,Federal Contract Tower,0,9,0,0,9,0,11,25,2,38,0,20,25,2,47,0,0,0,47
05/06/2020,FMN,NM,ASW,WE,Federal Contract Tower,0,7,5,0,12,0,7,20,0,27,0,14,25,0,39,68,0,68,107
05/07/2020,FMN,NM,ASW,WE,Federal Contract Tower,0,8,1,0,9,0,6,17,4,27,0,14,18,4,36,96,0,96,132
05/08/2020,FMN,NM,ASW,WE,Federal Contract Tower,0,4,4,2,10,0,6,38,2,46,0,10,42,4,56,36,0,36,92
05/09/2020,FMN,NM,ASW,WE,Federal Contract Tower,0,4,1,0,5,0,9,40,2,51,0,13,41,2,56,72,0,72,128
05/10/2020,FMN,NM,ASW,WE,Federal Contract Tower,0,5,2,0,7,0,2,10,3,15,0,7,12,3,22,50,0,50,72
05/11/2020,FMN,NM,ASW,WE,Federal Contract Tower,0,6,2,0,8,0,7,14,1,22,0,13,16,1,30,0,0,0,30
05/12/2020,FMN,NM,ASW,WE,Federal Contract Tower,0,12,1,2,15,0,13,23,0,36,0,25,24,2,51,0,0,0,51
05/13/2020,FMN,NM,ASW,WE,Federal Contract Tower,0,8,1,0,9,0,3,16,2,21,0,11,17,2,30,0,0,0,30
05/14/2020,FMN,NM,ASW,WE,Federal Contract Tower,0,9,2,0,11,0,6,39,4,49,0,15,41,4,60,12,0,12,72
05/15/2020,FMN,NM,ASW,WE,Federal Contract Tower,0,7,0,0,7,0,5,35,0,40,0,12,35,0,47,12,0,12,59
05/16/2020,FMN,NM,ASW,WE,Federal Contract Tower,0,7,1,0,8,0,2,26,0,28,0,9,27,0,36,12,0,12,48
05/17/2020,FMN,NM,ASW,WE,Federal Contract Tower,0,3,0,0,3,0,7,19,0,26,0,10,19,0,29,0,0,0,29
05/18/2020,FMN,NM,ASW,WE,Federal Contract Tower,0,5,0,0,5,0,10,24,0,34,0,15,24,0,39,12,0,12,51
05/19/2020,FMN,NM,ASW,WE,Federal Contract Tower,0,10,1,5,16,0,8,18,2,28,0,18,19,7,44,50,0,50,94
05/20/2020,FMN,NM,ASW,WE,Federal Contract Tower,0,6,0,0,6,0,3,28,0,31,0,9,28,0,37,36,0,36,73
05/21/2020,FMN,NM,ASW,WE,Federal Contract Tower,0,3,6,0,9,0,10,34,0,44,0,13,40,0,53,70,0,70,123
05/22/2020,FMN,NM,ASW,WE,Federal Contract Tower,0,4,1,0,5,0,5,27,1,33,0,9,28,1,38,50,0,50,88
05/23/2020,FMN,NM,ASW,WE,Federal Contract Tower,0,4,2,0,6,0,11,18,2,31,0,15,20,2,37,24,0,24,61
05/24/2020,FMN,NM,ASW,WE,Federal Contract Tower,0,1,0,0,1,0,12,53,0,65,0,13,53,0,66,60,0,60,126
05/25/2020,FMN,NM,ASW,WE,Federal Contract Tower,0,7,2,0,9,0,15,12,0,27,0,22,14,0,36,22,0,22,58
05/26/2020,FMN,NM,ASW,WE,Federal Contract Tower,0,3,0,0,3,0,14,34,0,48,0,17,34,0,51,12,0,12,63
05/27/2020,FMN,NM,ASW,WE,Federal Contract Tower,0,7,0,0,7,0,4,47,0,51,0,11,47,0,58,36,0,36,94
05/28/2020,FMN,NM,ASW,WE,Federal Contract Tower,0,5,3,0,8,0,7,41,4,52,0,12,44,4,60,56,0,56,116
05/29/2020,FMN,NM,ASW,WE,Federal Contract Tower,0,7,4,0,11,0,3,41,0,44,0,10,45,0,55,42,0,42,97
05/30/2020,FMN,NM,ASW,WE,Federal Contract Tower,0,7,1,0,8,0,5,26,0,31,0,12,27,0,39,44,0,44,83
05/31/2020,FMN,NM,ASW,WE,Federal Contract Tower,0,6,2,0,8,0,12,9,0,21,0,18,11,0,29,54,0,54,83
06/01/2020,FMN,NM,ASW,WE,Federal Contract Tower,0,10,1,0,11,0,2,8,0,10,0,12,9,0,21,0,48,48,69
06/02/2020,FMN,NM,ASW,WE,Federal Contract Tower,0,10,0,0,10,0,27,18,0,45,0,37,18,0,55,40,0,40,95
06/03/2020,FMN,NM,ASW,WE,Federal Contract Tower,0,12,0,0,12,0,4,24,0,28,0,16,24,0,40,72,0,72,112
06/04/2020,FMN,NM,ASW,WE,Federal Contract Tower,0,7,0,1,8,0,8,38,1,47,0,15,38,2,55,90,24,114,169
06/05/2020,FMN,NM,ASW,WE,Federal Contract Tower,0,4,0,0,4,0,17,24,0,41,0,21,24,0,45,12,0,12,57
06/06/2020,FMN,NM,ASW,WE,Federal Contract Tower,0,8,4,0,12,0,7,13,0,20,0,15,17,0,32,24,0,24,56
06/07/2020,FMN,NM,ASW,WE,Federal Contract Tower,0,5,2,2,9,0,12,16,0,28,0,17,18,2,37,38,0,38,75
06/08/2020,FMN,NM,ASW,WE,Federal Contract Tower,0,3,2,0,5,0,2,51,0,53,0,5,53,0,58,22,0,22,80
06/09/2020,FMN,NM,ASW,WE,Federal Contract Tower,0,11,3,0,14,0,41,5,0,46,0,52,8,0,60,40,0,40,100
06/10/2020,FMN,NM,ASW,WE,Federal Contract Tower,0,7,0,0,7,0,1,45,0,46,0,8,45,0,53,48,0,48,101
06/11/2020,FMN,NM,ASW,WE,Federal Contract Tower,0,13,2,0,15,0,8,43,0,51,0,21,45,0,66,34,0,34,100
06/12/2020,FMN,NM,ASW,WE,Federal Contract Tower,0,12,2,0,14,0,1,39,0,40,0,13,41,0,54,96,0,96,150
06/13/2020,FMN,NM,ASW,WE,Federal Contract Tower,0,2,2,0,4,0,2,18,0,20,0,4,20,0,24,24,0,24,48
06/14/2020,FMN,NM,ASW,WE,Federal Contract Tower,0,4,6,0,10,0,10,15,0,25,0,14,21,0,35,0,0,0,35
06/15/2020,FMN,NM,ASW,WE,Federal Contract Tower,0,8,4,0,12,0,6,20,2,28,0,14,24,2,40,22,0,22,62
06/16/2020,FMN,NM,ASW,WE,Federal Contract Tower,0,11,0,0,11,0,16,12,0,28,0,27,12,0,39,18,0,18,57
06/17/2020,FMN,NM,ASW,WE,Federal Contract Tower,0,5,7,0,12,0,7,35,0,42,0,12,42,0,54,96,0,96,150
06/18/2020,FMN,NM,ASW,WE,Federal Contract Tower,0,6,5,0,11,0,10,28,3,41,0,16,33,3,52,36,0,36,88
06/19/2020,FMN,NM,ASW,WE,Federal Contract Tower,0,5,2,0,7,0,8,27,0,35,0,13,29,0,42,84,0,84,126
06/20/2020,FMN,NM,ASW,WE,Federal Contract Tower,0,4,1,0,5,0,8,39,1,48,0,12,40,1,53,70,0,70,123
06/21/2020,FMN,NM,ASW,WE,Federal Contract Tower,0,4,0,0,4,0,14,15,0,29,0,18,15,0,33,16,0,16,49
06/22/2020,FMN,NM,ASW,WE,Federal Contract Tower,0,7,3,1,11,0,22,15,0,37,0,29,18,1,48,28,16,44,92
06/23/2020,FMN,NM,ASW,WE,Federal Contract Tower,0,9,4,0,13,0,15,35,0,50,0,24,39,0,63,46,0,46,109
06/24/2020,FMN,NM,ASW,WE,Federal Contract Tower,0,6,5,0,11,0,8,30,0,38,0,14,35,0,49,22,0,22,71
06/25/2020,FMN,NM,ASW,WE,Federal Contract Tower,0,5,2,1,8,0,8,27,0,35,0,13,29,1,43,28,0,28,71
06/26/2020,FMN,NM,ASW,WE,Federal Contract Tower,0,6,10,0,16,0,2,49,7,58,0,8,59,7,74,76,0,76,150
06/27/2020,FMN,NM,ASW,WE,Federal Contract Tower,0,8,6,0,14,0,6,32,1,39,0,14,38,1,53,88,0,88,141
06/28/2020,FMN,NM,ASW,WE,Federal Contract Tower,0,5,2,0,7,0,23,14,0,37,0,28,16,0,44,64,0,64,108
06/29/2020,FMN,NM,ASW,WE,Federal Contract Tower,0,19,0,0,19,0,17,31,0,48,0,36,31,0,67,56,0,56,123
06/30/2020,FMN,NM,ASW,WE,Federal Contract Tower,0,10,2,0,12,0,42,54,3,99,0,52,56,3,111,100,0,100,211
07/01/2020,FMN,NM,ASW,WE,Federal Contract Tower,0,13,3,0,16,0,7,21,1,29,0,20,24,1,45,54,0,54,99
07/02/2020,FMN,NM,ASW,WE,Federal Contract Tower,0,7,4,0,11,0,9,56,0,65,0,16,60,0,76,120,0,120,196
07/03/2020,FMN,NM,ASW,WE,Federal Contract Tower,0,5,0,0,5,0,9,45,0,54,0,14,45,0,59,72,0,72,131
07/04/2020,FMN,NM,ASW,WE,Federal Contract Tower,0,2,1,0,3,0,5,19,0,24,0,7,20,0,27,60,0,60,87
07/05/2020,FMN,NM,ASW,WE,Federal Contract Tower,0,3,7,0,10,0,4,21,0,25,0,7,28,0,35,0,0,0,35
07/06/2020,FMN,NM,ASW,WE,Federal Contract Tower,0,7,1,0,8,0,9,20,0,29,0,16,21,0,37,62,0,62,99
07/07/2020,FMN,NM,ASW,WE,Federal Contract Tower,0,6,1,1,8,0,51,29,1,81,0,57,30,2,89,82,2,84,173
07/08/2020,FMN,NM,ASW,WE,Federal Contract Tower,0,8,3,0,11,0,1,23,0,24,0,9,26,0,35,68,0,68,103
07/09/2020,FMN,NM,ASW,WE,Federal Contract Tower,0,7,2,0,9,0,7,32,2,41,0,14,34,2,50,30,0,30,80
07/10/2020,FMN,NM,ASW,WE,Federal Contract Tower,0,4,2,0,6,0,7,38,2,47,0,11,40,2,53,90,0,90,143
07/11/2020,FMN,NM,ASW,WE,Federal Contract Tower,0,4,0,0,4,0,8,33,0,41,0,12,33,0,45,96,0,96,141
07/12/2020,FMN,NM,ASW,WE,Federal Contract Tower,0,8,0,4,12,0,13,22,4,39,0,21,22,8,51,42,0,42,93
07/13/2020,FMN,NM,ASW,WE,Federal Contract Tower,0,5,1,0,6,0,11,45,0,56,0,16,46,0,62,20,0,20,82
07/14/2020,FMN,NM,ASW,WE,Federal Contract Tower,0,11,0,2,13,0,46,23,0,69,0,57,23,2,82,66,0,66,148
07/15/2020,FMN,NM,ASW,WE,Federal Contract Tower,0,11,4,0,15,0,11,27,0,38,0,22,31,0,53,38,0,38,91
07/16/2020,FMN,NM,ASW,WE,Federal Contract Tower,0,6,3,2,11,0,6,8,0,14,0,12,11,2,25,76,0,76,101
07/17/2020,FMN,NM,ASW,WE,Federal Contract Tower,0,7,2,0,9,0,5,29,0,34,0,12,31,0,43,132,0,132,175
07/18/2020,FMN,NM,ASW,WE,Federal Contract Tower,0,6,3,0,9,0,2,26,0,28,0,8,29,0,37,92,0,92,129
07/19/2020,FMN,NM,ASW,WE,Federal Contract Tower,0,2,1,0,3,0,2,13,0,15,0,4,14,0,18,12,0,12,30
07/20/2020,FMN,NM,ASW,WE,Federal Contract Tower,0,8,3,0,11,0,10,23,0,33,0,18,26,0,44,10,0,10,54
07/21/2020,FMN,NM,ASW,WE,Federal Contract Tower,0,8,0,0,8,0,14,23,0,37,0,22,23,0,45,34,0,34,79
07/22/2020,FMN,NM,ASW,WE,Federal Contract Tower,0,8,1,0,9,0,5,19,0,24,0,13,20,0,33,92,0,92,125
07/23/2020,FMN,NM,ASW,WE,Federal Contract Tower,0,10,3,0,13,0,4,20,3,27,0,14,23,3,40,12,0,12,52
07/24/2020,FMN,NM,ASW,WE,Federal Contract Tower,0,11,1,0,12,0,3,26,0,29,0,14,27,0,41,60,0,60,101
07/25/2020,FMN,NM,ASW,WE,Federal Contract Tower,0,10,3,1,14,0,6,17,5,28,0,16,20,6,42,36,0,36,78
07/26/2020,FMN,NM,ASW,WE,Federal Contract Tower,0,2,3,0,5,0,4,18,0,22,0,6,21,0,27,74,0,74,101
07/27/2020,FMN,NM,ASW,WE,Federal Contract Tower,0,9,1,0,10,0,8,24,1,33,0,17,25,1,43,10,0,10,53
07/28/2020,FMN,NM,ASW,WE,Federal Contract Tower,0,6,4,0,10,0,29,53,0,82,0,35,57,0,92,66,0,66,158
07/29/2020,FMN,NM,ASW,WE,Federal Contract Tower,0,8,5,0,13,0,4,22,1,27,0,12,27,1,40,62,0,62,102
07/30/2020,FMN,NM,ASW,WE,Federal Contract Tower,0,8,12,0,20,0,1,63,2,66,0,9,75,2,86,104,0,104,190
07/31/2020,FMN,NM,ASW,WE,Federal Contract Tower,0,7,5,0,12,0,9,34,1,44,0,16,39,1,56,60,0,60,116
08/01/2020,FMN,NM,ASW,WE,Federal Contract Tower,0,12,5,0,17,0,6,29,0,35,0,18,34,0,52,78,0,78,130
08/02/2020,FMN,NM,ASW,WE,Federal Contract Tower,0,4,3,0,7,0,11,33,6,50,0,15,36,6,57,36,0,36,93
08/03/2020,FMN,NM,ASW,WE,Federal Contract Tower,0,7,5,0,12,0,12,35,2,49,0,19,40,2,61,28,0,28,89
08/04/2020,FMN,NM,ASW,WE,Federal Contract Tower,0,9,3,0,12,0,25,49,0,74,0,34,52,0,86,90,0,90,176
08/05/2020,FMN,NM,ASW,WE,Federal Contract Tower,0,13,10,0,23,0,5,41,1,47,0,18,51,1,70,94,0,94,164
08/06/2020,FMN,NM,ASW,WE,Federal Contract Tower,0,5,4,0,9,0,8,21,0,29,0,13,25,0,38,60,0,60,98
08/07/2020,FMN,NM,ASW,WE,Federal Contract Tower,0,8,3,0,11,0,7,20,0,27,0,15,23,0,38,42,0,42,80
08/08/2020,FMN,NM,ASW,WE,Federal Contract Tower,0,4,1,0,5,0,2,34,0,36,0,6,35,0,41,114,0,114,155
08/09/2020,FMN,NM,ASW,WE,Federal Contract Tower,0,2,2,2,6,0,0,27,2,29,0,2,29,4,35,48,0,48,83
08/10/2020,FMN,NM,ASW,WE,Federal Contract Tower,0,13,2,1,16,0,5,43,0,48,0,18,45,1,64,38,0,38,102
08/11/2020,FMN,NM,ASW,WE,Federal Contract Tower,0,6,0,0,6,0,9,20,0,29,0,15,20,0,35,40,0,40,75
08/12/2020,FMN,NM,ASW,WE,Federal Contract Tower,0,8,3,0,11,0,8,17,0,25,0,16,20,0,36,60,0,60,96
08/13/2020,FMN,NM,ASW,WE,Federal Contract Tower,0,6,2,0,8,0,11,37,0,48,0,17,39,0,56,58,0,58,114
08/14/2020,FMN,NM,ASW,WE,Federal Contract Tower,0,6,4,0,10,0,5,25,0,30,0,11,29,0,40,30,0,30,70
08/15/2020,FMN,NM,ASW,WE,Federal Contract Tower,0,4,1,0,5,0,1,37,10,48,0,5,38,10,53,60,0,60,113
08/16/2020,FMN,NM,ASW,WE,Federal Contract Tower,0,2,0,0,2,0,14,7,6,27,0,16,7,6,29,16,0,16,45
08/17/2020,FMN,NM,ASW,WE,Federal Contract Tower,0,6,1,0,7,0,11,46,6,63,0,17,47,6,70,16,0,16,86
08/18/2020,FMN,NM,ASW,WE,Federal Contract Tower,0,7,2,0,9,0,14,22,3,39,0,21,24,3,48,60,0,60,108
08/19/2020,FMN,NM,ASW,WE,Federal Contract Tower,0,9,3,0,12,0,6,36,2,44,0,15,39,2,56,20,24,44,100
08/20/2020,FMN,NM,ASW,WE,Federal Contract Tower,0,9,10,0,19,0,9,52,0,61,0,18,62,0,80,92,0,92,172
08/21/2020,FMN,NM,ASW,WE,Federal Contract Tower,0,6,3,0,9,0,6,19,0,25,0,12,22,0,34,78,0,78,112
08/22/2020,FMN,NM,ASW,WE,Federal Contract Tower,0,8,2,0,10,0,5,28,0,33,0,13,30,0,43,60,0,60,103
08/23/2020,FMN,NM,ASW,WE,Federal Contract Tower,0,10,0,0,10,0,6,42,0,48,0,16,42,0,58,54,0,54,112
08/24/2020,FMN,NM,ASW,WE,Federal Contract Tower,0,3,3,0,6,0,8,11,0,19,0,11,14,0,25,0,0,0,25
08/25/2020,FMN,NM,ASW,WE,Federal Contract Tower,0,10,0,2,12,0,54,30,0,84,0,64,30,2,96,76,36,112,208
08/26/2020,FMN,NM,ASW,WE,Federal Contract Tower,0,5,4,4,13,0,22,76,6,104,0,27,80,10,117,82,0,82,199
08/27/2020,FMN,NM,ASW,WE,Federal Contract Tower,0,9,2,2,13,0,14,33,0,47,0,23,35,2,60,48,0,48,108
08/28/2020,FMN,NM,ASW,WE,Federal Contract Tower,0,8,1,0,9,0,8,27,0,35,0,16,28,0,44,124,0,124,168
08/29/2020,FMN,NM,ASW,WE,Federal Contract Tower,0,7,3,0,10,0,12,25,2,39,0,19,28,2,49,102,0,102,151
08/30/2020,FMN,NM,ASW,WE,Federal Contract Tower,0,2,2,0,4,0,8,17,0,25,0,10,19,0,29,50,0,50,79
08/31/2020,FMN,NM,ASW,WE,Federal Contract Tower,0,14,5,0,19,0,10,56,0,66,0,24,61,0,85,34,0,34,119
09/01/2020,FMN,NM,ASW,WE,Federal Contract Tower,0,12,3,0,15,0,10,22,0,32,0,22,25,0,47,0,0,0,47
09/02/2020,FMN,NM,ASW,WE,Federal Contract Tower,0,7,1,0,8,0,4,25,0,29,0,11,26,0,37,72,0,72,109
09/03/2020,FMN,NM,ASW,WE,Federal Contract Tower,0,9,2,0,11,0,8,36,0,44,0,17,38,0,55,48,0,48,103
09/04/2020,FMN,NM,ASW,WE,Federal Contract Tower,0,6,7,0,13,0,8,30,0,38,0,14,37,0,51,118,0,118,169
09/05/2020,FMN,NM,ASW,WE,Federal Contract Tower,0,6,4,0,10,0,0,30,2,32,0,6,34,2,42,68,0,68,110
09/06/2020,FMN,NM,ASW,WE,Federal Contract Tower,0,7,1,0,8,0,27,38,0,65,0,34,39,0,73,40,0,40,113
09/07/2020,FMN,NM,ASW,WE,Federal Contract Tower,0,4,3,0,7,0,3,36,0,39,0,7,39,0,46,44,0,44,90
09/08/2020,FMN,NM,ASW,WE,Federal Contract Tower,0,9,0,0,9,0,3,6,0,9,0,12,6,0,18,0,0,0,18
09/09/2020,FMN,NM,ASW,WE,Federal Contract Tower,0,14,2,0,16,0,1,2,0,3,0,15,4,0,19,0,0,0,19
09/10/2020,FMN,NM,ASW,WE,Federal Contract Tower,0,5,3,1,9,0,5,49,5,59,0,10,52,6,68,104,36,140,208
09/11/2020,FMN,NM,ASW,WE,Federal Contract Tower,0,8,5,0,13,0,4,48,0,52,0,12,53,0,65,120,0,120,185
09/12/2020,FMN,NM,ASW,WE,Federal Contract Tower,0,4,0,0,4,0,9,28,0,37,0,13,28,0,41,48,0,48,89
09/13/2020,FMN,NM,ASW,WE,Federal Contract Tower,0,6,0,0,6,0,2,12,2,16,0,8,12,2,22,4,0,4,26
09/14/2020,FMN,NM,ASW,WE,Federal Contract Tower,0,8,6,0,14,0,6,53,0,59,0,14,59,0,73,28,0,28,101
09/15/2020,FMN,NM,ASW,WE,Federal Contract Tower,0,10,1,0,11,0,90,69,2,161,0,100,70,2,172,94,0,94,266
09/16/2020,FMN,NM,ASW,WE,Federal Contract Tower,0,7,3,1,11,0,6,32,0,38,0,13,35,1,49,102,0,102,151
09/17/2020,FMN,NM,ASW,WE,Federal Contract Tower,0,2,3,0,5,0,9,20,0,29,0,11,23,0,34,48,0,48,82
09/18/2020,FMN,NM,ASW,WE,Federal Contract Tower,0,6,6,0,12,0,3,38,1,42,0,9,44,1,54,58,0,58,112
09/19/2020,FMN,NM,ASW,WE,Federal Contract Tower,0,8,3,0,11,0,1,27,1,29,0,9,30,1,40,66,18,84,124
09/20/2020,FMN,NM,ASW,WE,Federal Contract Tower,0,7,2,3,12,0,2,15,3,20,0,9,17,6,32,18,16,34,66
09/21/2020,FMN,NM,ASW,WE,Federal Contract Tower,0,6,1,0,7,0,8,38,0,46,0,14,39,0,53,92,0,92,145
09/22/2020,FMN,NM,ASW,WE,Federal Contract Tower,0,6,0,0,6,0,7,27,0,34,0,13,27,0,40,76,0,76,116
09/23/2020,FMN,NM,ASW,WE,Federal Contract Tower,0,9,5,0,14,0,10,31,0,41,0,19,36,0,55,102,0,102,157
09/24/2020,FMN,NM,ASW,WE,Federal Contract Tower,0,3,2,0,5,0,13,58,0,71,0,16,60,0,76,94,0,94,170
09/25/2020,FMN,NM,ASW,WE,Federal Contract Tower,0,10,4,0,14,0,6,27,0,33,0,16,31,0,47,106,0,106,153
09/26/2020,FMN,NM,ASW,WE,Federal Contract Tower,0,7,4,0,11,0,7,43,3,53,0,14,47,3,64,92,0,92,156
09/27/2020,FMN,NM,ASW,WE,Federal Contract Tower,0,4,6,0,10,0,20,24,1,45,0,24,30,1,55,74,0,74,129
09/28/2020,FMN,NM,ASW,WE,Federal Contract Tower,0,7,2,1,10,0,15,10,0,25,0,22,12,1,35,28,20,48,83
09/29/2020,FMN,NM,ASW,WE,Federal Contract Tower,0,6,0,0,6,0,17,16,0,33,0,23,16,0,39,20,0,20,59
09/30/2020,FMN,NM,ASW,WE,Federal Contract Tower,0,8,3,0,11,0,8,38,0,46,0,16,41,0,57,168,0,168,225
10/01/2020,FMN,NM,ASW,WE,Federal Contract Tower,0,10,3,1,14,0,6,36,0,42,0,16,39,1,56,88,0,88,144
10/02/2020,FMN,NM,ASW,WE,Federal Contract Tower,0,7,4,0,11,0,9,44,0,53,0,16,48,0,64,106,0,106,170
10/03/2020,FMN,NM,ASW,WE,Federal Contract Tower,0,10,5,0,15,0,6,48,0,54,0,16,53,0,69,72,0,72,141
10/04/2020,FMN,NM,ASW,WE,Federal Contract Tower,0,5,1,0,6,0,4,46,0,50,0,9,47,0,56,42,0,42,98
10/05/2020,FMN,NM,ASW,WE,Federal Contract Tower,0,7,5,0,12,0,8,49,0,57,0,15,54,0,69,116,0,116,185
10/06/2020,FMN,NM,ASW,WE,Federal Contract Tower,0,7,0,0,7,0,43,35,6,84,0,50,35,6,91,74,0,74,165
10/07/2020,FMN,NM,ASW,WE,Federal Contract Tower,0,11,6,0,17,0,23,35,0,58,0,34,41,0,75,62,0,62,137
10/08/2020,FMN,NM,ASW,WE,Federal Contract Tower,0,14,4,0,18,0,7,33,0,40,0,21,37,0,58,72,0,72,130
10/09/2020,FMN,NM,ASW,WE,Federal Contract Tower,0,5,6,0,11,0,14,31,0,45,0,19,37,0,56,86,0,86,142
10/10/2020,FMN,NM,ASW,WE,Federal Contract Tower,0,4,0,0,4,0,12,38,0,50,0,16,38,0,54,42,0,42,96
10/11/2020,FMN,NM,ASW,WE,Federal Contract Tower,0,3,3,0,6,0,6,17,0,23,0,9,20,0,29,24,0,24,53
10/12/2020,FMN,NM,ASW,WE,Federal Contract Tower,0,3,0,0,3,0,7,61,0,68,0,10,61,0,71,94,0,94,165
10/13/2020,FMN,NM,ASW,WE,Federal Contract Tower,0,8,4,1,13,0,48,29,0,77,0,56,33,1,90,124,0,124,214
10/14/2020,FMN,NM,ASW,WE,Federal Contract Tower,0,8,6,0,14,0,6,53,0,59,0,14,59,0,73,28,0,28,101
10/15/2020,FMN,NM,ASW,WE,Federal Contract Tower,0,11,4,0,15,0,5,28,0,33,0,16,32,0,48,64,0,64,112
10/16/2020,FMN,NM,ASW,WE,Federal Contract Tower,0,4,1,0,5,0,7,34,0,41,0,11,35,0,46,114,0,114,160
10/17/2020,FMN,NM,ASW,WE,Federal Contract Tower,0,4,3,2,9,0,7,42,1,50,0,11,45,3,59,138,6,144,203
10/18/2020,FMN,NM,ASW,WE,Federal Contract Tower,0,4,4,4,12,0,0,32,0,32,0,4,36,4,44,58,0,58,102
10/19/2020,FMN,NM,ASW,WE,Federal Contract Tower,0,7,3,0,10,0,11,87,0,98,0,18,90,0,108,88,0,88,196
10/20/2020,FMN,NM,ASW,WE,Federal Contract Tower,0,8,0,0,8,0,20,30,0,50,0,28,30,0,58,48,0,48,106
10/21/2020,FMN,NM,ASW,WE,Federal Contract Tower,0,10,1,0,11,0,9,64,0,73,0,19,65,0,84,48,0,48,132
10/22/2020,FMN,NM,ASW,WE,Federal Contract Tower,0,11,0,2,13,0,5,35,4,44,0,16,35,6,57,36,12,48,105
10/23/2020,FMN,NM,ASW,WE,Federal Contract Tower,0,14,3,0,17,2,1,52,0,55,2,15,55,0,72,48,0,48,120
10/24/2020,FMN,NM,ASW,WE,Federal Contract Tower,0,6,2,0,8,0,2,40,0,42,0,8,42,0,50,64,0,64,114
10/25/2020,FMN,NM,ASW,WE,Federal Contract Tower,0,8,3,0,11,0,0,22,0,22,0,8,25,0,33,22,0,22,55
10/26/2020,FMN,NM,ASW,WE,Federal Contract Tower,0,8,3,0,11,0,2,0,0,2,0,10,3,0,13,0,0,0,13
10/27/2020,FMN,NM,ASW,WE,Federal Contract Tower,0,11,2,0,13,0,51,50,0,101,0,62,52,0,114,118,0,118,232
10/28/2020,FMN,NM,ASW,WE,Federal Contract Tower,0,2,3,0,5,0,2,30,0,32,0,4,33,0,37,128,0,128,165
10/29/2020,FMN,NM,ASW,WE,Federal Contract Tower,0,7,5,1,13,0,7,44,0,51,0,14,49,1,64,92,0,92,156
10/30/2020,FMN,NM,ASW,WE,Federal Contract Tower,0,8,6,0,14,0,4,36,1,41,0,12,42,1,55,86,0,86,141
10/31/2020,FMN,NM,ASW,WE,Federal Contract Tower,0,4,1,0,5,0,7,34,0,41,0,11,35,0,46,84,0,84,130
11/01/2020,FMN,NM,ASW,WE,Federal Contract Tower,0,1,2,0,3,0,4,18,0,22,0,5,20,0,25,40,0,40,65
11/02/2020,FMN,NM,ASW,WE,Federal Contract Tower,0,12,0,0,12,0,13,74,0,87,0,25,74,0,99,58,0,58,157
11/03/2020,FMN,NM,ASW,WE,Federal Contract Tower,0,6,0,0,6,0,60,32,0,92,0,66,32,0,98,84,0,84,182
11/04/2020,FMN,NM,ASW,WE,Federal Contract Tower,0,9,1,0,10,0,5,44,0,49,0,14,45,0,59,148,0,148,207
11/05/2020,FMN,NM,ASW,WE,Federal Contract Tower,0,10,5,0,15,0,6,34,0,40,0,16,39,0,55,112,0,112,167
11/06/2020,FMN,NM,ASW,WE,Federal Contract Tower,0,9,1,0,10,0,6,29,2,37,0,15,30,2,47,78,2,80,127
11/07/2020,FMN,NM,ASW,WE,Federal Contract Tower,0,7,5,0,12,0,4,13,0,17,0,11,18,0,29,48,0,48,77
11/08/2020,FMN,NM,ASW,WE,Federal Contract Tower,0,5,0,1,6,0,8,38,6,52,0,13,38,7,58,46,20,66,124
11/09/2020,FMN,NM,ASW,WE,Federal Contract Tower,0,11,4,0,15,0,2,2,0,4,0,13,6,0,19,0,0,0,19
11/10/2020,FMN,NM,ASW,WE,Federal Contract Tower,0,14,2,0,16,0,11,30,2,43,0,25,32,2,59,54,0,54,113
11/11/2020,FMN,NM,ASW,WE,Federal Contract Tower,0,10,5,0,15,0,3,21,0,24,0,13,26,0,39,60,0,60,99
11/12/2020,FMN,NM,ASW,WE,Federal Contract Tower,0,9,0,0,9,0,5,38,0,43,0,14,38,0,52,78,0,78,130
11/13/2020,FMN,NM,ASW,WE,Federal Contract Tower,0,6,5,0,11,0,5,20,2,27,0,11,25,2,38,76,24,100,138
11/14/2020,FMN,NM,ASW,WE,Federal Contract Tower,0,4,1,0,5,0,2,20,2,24,0,6,21,2,29,48,6,54,83
11/15/2020,FMN,NM,ASW,WE,Federal Contract Tower,0,9,2,0,11,0,7,34,0,41,0,16,36,0,52,114,0,114,166
11/16/2020,FMN,NM,ASW,WE,Federal Contract Tower,0,12,4,0,16,0,5,29,2,36,0,17,33,2,52,152,4,156,208
11/17/2020,FMN,NM,ASW,WE,Federal Contract Tower,0,12,1,0,13,0,38,32,0,70,0,50,33,0,83,84,0,84,167
11/18/2020,FMN,NM,ASW,WE,Federal Contract Tower,0,13,3,0,16,0,4,39,0,43,0,17,42,0,59,86,0,86,145
11/19/2020,FMN,NM,ASW,WE,Federal Contract Tower,0,14,1,0,15,0,3,23,0,26,0,17,24,0,41,62,0,62,103
11/20/2020,FMN,NM,ASW,WE,Federal Contract Tower,0,6,3,0,9,0,8,37,2,47,0,14,40,2,56,56,16,72,128
11/21/2020,FMN,NM,ASW,WE,Federal Contract Tower,0,9,4,0,13,0,4,33,0,37,0,13,37,0,50,60,0,60,110
11/22/2020,FMN,NM,ASW,WE,Federal Contract Tower,0,10,5,0,15,0,8,27,0,35,0,18,32,0,50,0,0,0,50
11/23/2020,FMN,NM,ASW,WE,Federal Contract Tower,0,5,3,0,8,0,3,48,0,51,0,8,51,0,59,52,0,52,111
11/24/2020,FMN,NM,ASW,WE,Federal Contract Tower,0,16,2,0,18,0,27,5,0,32,0,43,7,0,50,42,0,42,92
11/25/2020,FMN,NM,ASW,WE,Federal Contract Tower,0,10,4,0,14,0,5,54,0,59,0,15,58,0,73,101,0,101,174
11/26/2020,FMN,NM,ASW,WE,Federal Contract Tower,0,6,1,0,7,0,0,12,0,12,0,6,13,0,19,0,0,0,19
11/27/2020,FMN,NM,ASW,WE,Federal Contract Tower,0,8,6,0,14,0,8,12,0,20,0,16,18,0,34,72,0,72,106
11/28/2020,FMN,NM,ASW,WE,Federal Contract Tower,0,12,3,0,15,0,6,10,0,16,0,18,13,0,31,12,0,12,43
11/29/2020,FMN,NM,ASW,WE,Federal Contract Tower,0,5,0,0,5,0,0,78,0,78,0,5,78,0,83,56,0,56,139
11/30/2020,FMN,NM,ASW,WE,Federal Contract Tower,0,12,0,5,17,0,12,27,2,41,0,24,27,7,58,122,12,134,192
12/02/2020,FMN,NM,ASW,WE,Federal Contract Tower,0,11,4,0,15,0,1,32,0,33,0,12,36,0,48,64,0,64,112
12/03/2020,FMN,NM,ASW,WE,Federal Contract Tower,0,8,1,0,9,0,9,29,0,38,0,17,30,0,47,112,0,112,159
12/04/2020,FMN,NM,ASW,WE,Federal Contract Tower,0,7,1,1,9,0,4,36,1,41,0,11,37,2,50,60,0,60,110
12/05/2020,FMN,NM,ASW,WE,Federal Contract Tower,0,8,2,0,10,0,7,57,0,64,0,15,59,0,74,82,0,82,156
12/06/2020,FMN,NM,ASW,WE,Federal Contract Tower,0,5,2,0,7,0,4,22,0,26,0,9,24,0,33,84,0,84,117
12/07/2020,FMN,NM,ASW,WE,Federal Contract Tower,0,7,4,0,11,0,19,33,1,53,0,26,37,1,64,106,0,106,170
12/08/2020,FMN,NM,ASW,WE,Federal Contract Tower,0,5,1,0,6,0,23,26,0,49,0,28,27,0,55,72,0,72,127
12/09/2020,FMN,NM,ASW,WE,Federal Contract Tower,0,12,1,0,13,0,3,29,0,32,0,15,30,0,45,72,0,72,117
12/10/2020,FMN,NM,ASW,WE,Federal Contract Tower,0,13,3,0,16,0,1,12,1,14,0,14,15,1,30,24,0,24,54
12/11/2020,FMN,NM,ASW,WE,Federal Contract Tower,0,14,6,4,24,0,5,9,0,14,0,19,15,4,38,12,0,12,50
12/12/2020,FMN,NM,ASW,WE,Federal Contract Tower,0,5,4,0,9,0,0,10,0,10,0,5,14,0,19,12,0,12,31
12/13/2020,FMN,NM,ASW,WE,Federal Contract Tower,0,11,1,6,18,0,5,30,0,35,0,16,31,6,53,14,12,26,79
12/14/2020,FMN,NM,ASW,WE,Federal Contract Tower,0,9,9,0,18,0,0,28,0,28,0,9,37,0,46,82,44,126,172
12/15/2020,FMN,NM,ASW,WE,Federal Contract Tower,0,17,0,0,17,0,15,25,0,40,0,32,25,0,57,48,0,48,105
12/16/2020,FMN,NM,ASW,WE,Federal Contract Tower,0,9,4,0,13,0,4,31,2,37,0,13,35,2,50,112,8,120,170
12/17/2020,FMN,NM,ASW,WE,Federal Contract Tower,0,8,2,0,10,0,4,40,0,44,0,12,42,0,54,82,0,82,136
12/18/2020,FMN,NM,ASW,WE,Federal Contract Tower,0,17,1,4,22,0,1,27,0,28,0,18,28,4,50,66,0,66,116
12/19/2020,FMN,NM,ASW,WE,Federal Contract Tower,0,11,1,0,12,0,11,36,5,52,0,22,37,5,64,122,0,122,186
12/20/2020,FMN,NM,ASW,WE,Federal Contract Tower,0,9,0,0,9,0,1,38,0,39,0,10,38,0,48,74,0,74,122
12/21/2020,FMN,NM,ASW,WE,Federal Contract Tower,0,8,4,0,12,0,22,41,0,63,0,30,45,0,75,70,0,70,145
12/22/2020,FMN,NM,ASW,WE,Federal Contract Tower,0,11,3,0,14,0,49,34,2,85,0,60,37,2,99,78,0,78,177
12/23/2020,FMN,NM,ASW,WE,Federal Contract Tower,0,9,3,0,12,0,10,11,0,21,0,19,14,0,33,80,0,80,113
12/24/2020,FMN,NM,ASW,WE,Federal Contract Tower,0,6,0,0,6,0,0,19,0,19,0,6,19,0,25,62,0,62,87
12/25/2020,FMN,NM,ASW,WE,Federal Contract Tower,0,3,2,0,5,0,2,3,0,5,0,5,5,0,10,2,0,2,12
12/26/2020,FMN,NM,ASW,WE,Federal Contract Tower,0,10,3,0,13,0,4,29,2,35,0,14,32,2,48,118,0,118,166
12/27/2020,FMN,NM,ASW,WE,Federal Contract Tower,0,10,1,0,11,0,3,19,0,22,0,13,20,0,33,72,0,72,105
12/28/2020,FMN,NM,ASW,WE,Federal Contract Tower,0,7,4,0,11,0,4,7,0,11,0,11,11,0,22,26,0,26,48
12/29/2020,FMN,NM,ASW,WE,Federal Contract Tower,0,12,0,0,12,0,7,18,2,27,0,19,18,2,39,40,0,40,79
12/30/2020,FMN,NM,ASW,WE,Federal Contract Tower,0,7,2,0,9,0,4,26,0,30,0,11,28,0,39,72,0,72,111
12/31/2020,FMN,NM,ASW,WE,Federal Contract Tower,0,12,1,0,13,0,3,19,0,22,0,15,20,0,35,46,0,46,81
01/01/2021,FMN,NM,ASW,WE,Federal Contract Tower,0,2,0,0,2,0,5,37,0,42,0,7,37,0,44,28,0,28,72
01/02/2021,FMN,NM,ASW,WE,Federal Contract Tower,0,6,0,0,6,0,5,53,0,58,0,11,53,0,64,132,0,132,196
01/03/2021,FMN,NM,ASW,WE,Federal Contract Tower,0,6,5,0,11,0,0,48,0,48,0,6,53,0,59,140,0,140,199
01/04/2021,FMN,NM,ASW,WE,Federal Contract Tower,0,11,0,0,11,0,8,28,0,36,0,19,28,0,47,64,0,64,111
01/05/2021,FMN,NM,ASW,WE,Federal Contract Tower,0,6,0,2,8,0,42,15,0,57,0,48,15,2,65,56,0,56,121
01/06/2021,FMN,NM,ASW,WE,Federal Contract Tower,0,7,3,0,10,0,4,28,0,32,0,11,31,0,42,112,0,112,154
01/07/2021,FMN,NM,ASW,WE,Federal Contract Tower,0,7,0,0,7,0,10,17,0,27,0,17,17,0,34,116,0,116,150
01/08/2021,FMN,NM,ASW,WE,Federal Contract Tower,0,4,0,0,4,0,40,68,3,111,0,44,68,3,115,78,18,96,211
01/09/2021,FMN,NM,ASW,WE,Federal Contract Tower,0,11,0,0,11,0,5,34,0,39,0,16,34,0,50,46,0,46,96
01/10/2021,FMN,NM,ASW,WE,Federal Contract Tower,0,2,0,0,2,0,7,17,0,24,0,9,17,0,26,42,0,42,68
01/11/2021,FMN,NM,ASW,WE,Federal Contract Tower,0,7,5,0,12,0,6,30,0,36,0,13,35,0,48,24,0,24,72
01/12/2021,FMN,NM,ASW,WE,Federal Contract Tower,0,15,0,0,15,0,17,21,0,38,0,32,21,0,53,32,0,32,85
01/13/2021,FMN,NM,ASW,WE,Federal Contract Tower,0,7,6,8,21,0,2,16,6,24,0,9,22,14,45,60,0,60,105
01/14/2021,FMN,NM,ASW,WE,Federal Contract Tower,0,10,0,0,10,0,4,14,0,18,0,14,14,0,28,66,0,66,94
01/15/2021,FMN,NM,ASW,WE,Federal Contract Tower,0,7,3,0,10,0,7,16,0,23,0,14,19,0,33,130,0,130,163
01/16/2021,FMN,NM,ASW,WE,Federal Contract Tower,0,9,4,0,13,0,1,28,0,29,0,10,32,0,42,52,0,52,94
01/17/2021,FMN,NM,ASW,WE,Federal Contract Tower,0,5,9,0,14,0,0,11,0,11,0,5,20,0,25,124,0,124,149
01/18/2021,FMN,NM,ASW,WE,Federal Contract Tower,0,17,1,0,18,0,6,26,0,32,0,23,27,0,50,138,0,138,188
01/19/2021,FMN,NM,ASW,WE,Federal Contract Tower,0,10,0,0,10,0,0,1,0,1,0,10,1,0,11,0,0,0,11
01/20/2021,FMN,NM,ASW,WE,Federal Contract Tower,0,9,3,1,13,0,5,54,1,60,0,14,57,2,73,110,0,110,183
01/21/2021,FMN,NM,ASW,WE,Federal Contract Tower,0,5,1,1,7,0,10,20,1,31,0,15,21,2,38,36,0,36,74
01/22/2021,FMN,NM,ASW,WE,Federal Contract Tower,0,15,1,0,16,0,3,17,2,22,0,18,18,2,38,0,24,24,62
01/23/2021,FMN,NM,ASW,WE,Federal Contract Tower,0,11,4,0,15,0,6,19,0,25,0,17,23,0,40,30,0,30,70
01/24/2021,FMN,NM,ASW,WE,Federal Contract Tower,0,9,2,0,11,0,0,0,0,0,0,9,2,0,11,0,0,0,11
01/25/2021,FMN,NM,ASW,WE,Federal Contract Tower,0,9,6,2,17,0,4,15,8,27,0,13,21,10,44,26,2,28,72
01/26/2021,FMN,NM,ASW,WE,Federal Contract Tower,0,14,0,0,14,0,8,7,0,15,0,22,7,0,29,44,0,44,73
01/27/2021,FMN,NM,ASW,WE,Federal Contract Tower,0,12,1,0,13,0,7,25,0,32,0,19,26,0,45,56,0,56,101
01/28/2021,FMN,NM,ASW,WE,Federal Contract Tower,0,8,9,0,17,0,2,63,0,65,0,10,72,0,82,85,0,85,167
01/29/2021,FMN,NM,ASW,WE,Federal Contract Tower,0,8,3,0,11,0,6,21,0,27,0,14,24,0,38,24,0,24,62
01/30/2021,FMN,NM,ASW,WE,Federal Contract Tower,0,7,1,0,8,0,4,13,0,17,0,11,14,0,25,12,0,12,37
01/31/2021,FMN,NM,ASW,WE,Federal Contract Tower,0,4,2,0,6,0,4,50,0,54,0,8,52,0,60,82,0,82,142
02/01/2021,FMN,NM,ASW,WE,Federal Contract Tower,0,11,1,0,12,0,2,34,0,36,0,13,35,0,48,94,0,94,142
02/02/2021,FMN,NM,ASW,WE,Federal Contract Tower,0,9,1,2,12,0,21,19,0,40,0,30,20,2,52,36,0,36,88
02/03/2021,FMN,NM,ASW,WE,Federal Contract Tower,0,10,3,0,13,0,1,18,0,19,0,11,21,0,32,80,0,80,112
02/04/2021,FMN,NM,ASW,WE,Federal Contract Tower,0,12,2,0,14,0,26,5,0,31,0,38,7,0,45,72,0,72,117
02/05/2021,FMN,NM,ASW,WE,Federal Contract Tower,0,6,3,2,11,0,7,46,2,55,0,13,49,4,66,63,8,71,137
02/06/2021,FMN,NM,ASW,WE,Federal Contract Tower,0,12,3,0,15,0,4,39,0,43,0,16,42,0,58,36,0,36,94
02/07/2021,FMN,NM,ASW,WE,Federal Contract Tower,0,19,0,0,19,0,1,23,0,24,0,20,23,0,43,106,0,106,149
02/08/2021,FMN,NM,ASW,WE,Federal Contract Tower,0,12,0,16,28,0,4,88,0,92,0,16,88,16,120,86,0,86,206
02/09/2021,FMN,NM,ASW,WE,Federal Contract Tower,0,7,2,1,10,0,8,45,0,53,0,15,47,1,63,32,1,33,96
02/10/2021,FMN,NM,ASW,WE,Federal Contract Tower,0,11,0,0,11,0,2,15,0,17,0,13,15,0,28,90,0,90,118
02/11/2021,FMN,NM,ASW,WE,Federal Contract Tower,0,11,1,0,12,0,1,32,0,33,0,12,33,0,45,130,0,130,175
02/12/2021,FMN,NM,ASW,WE,Federal Contract Tower,0,12,7,0,19,0,2,11,0,13,0,14,18,0,32,38,0,38,70
02/13/2021,FMN,NM,ASW,WE,Federal Contract Tower,0,7,5,0,12,0,1,22,0,23,0,8,27,0,35,60,0,60,95
02/14/2021,FMN,NM,ASW,WE,Federal Contract Tower,0,11,0,0,11,0,0,0,0,0,0,11,0,0,11,0,0,0,11
02/15/2021,FMN,NM,ASW,WE,Federal Contract Tower,0,8,5,0,13,0,1,24,0,25,0,9,29,0,38,70,0,70,108
02/16/2021,FMN,NM,ASW,WE,Federal Contract Tower,0,13,0,0,13,0,14,1,0,15,0,27,1,0,28,0,0,0,28
02/17/2021,FMN,NM,ASW,WE,Federal Contract Tower,0,13,5,0,18,0,2,20,0,22,0,15,25,0,40,102,0,102,142
02/18/2021,FMN,NM,ASW,WE,Federal Contract Tower,0,5,6,2,13,0,10,28,0,38,0,15,34,2,51,36,0,36,87
02/19/2021,FMN,NM,ASW,WE,Federal Contract Tower,0,6,5,0,11,0,1,33,0,34,0,7,38,0,45,16,0,16,61
02/20/2021,FMN,NM,ASW,WE,Federal Contract Tower,0,6,9,2,17,0,3,45,0,48,0,9,54,2,65,130,0,130,195
02/21/2021,FMN,NM,ASW,WE,Federal Contract Tower,0,14,2,0,16,0,6,19,0,25,0,20,21,0,41,70,10,80,121
02/22/2021,FMN,NM,ASW,WE,Federal Contract Tower,0,6,2,1,9,0,4,21,1,26,0,10,23,2,35,46,4,50,85
02/23/2021,FMN,NM,ASW,WE,Federal Contract Tower,0,8,2,2,12,0,15,30,0,45,0,23,32,2,57,96,2,98,155
02/24/2021,FMN,NM,ASW,WE,Federal Contract Tower,0,6,5,0,11,0,4,33,0,37,0,10,38,0,48,106,0,106,154
02/25/2021,FMN,NM,ASW,WE,Federal Contract Tower,0,13,1,0,14,0,4,42,0,46,0,17,43,0,60,124,0,124,184
02/26/2021,FMN,NM,ASW,WE,Federal Contract Tower,0,11,3,2,16,0,6,36,0,42,0,17,39,2,58,0,0,0,58
02/27/2021,FMN,NM,ASW,WE,Federal Contract Tower,0,7,1,0,8,0,7,34,0,41,0,14,35,0,49,72,0,72,121
02/28/2021,FMN,NM,ASW,WE,Federal Contract Tower,0,10,0,0,10,0,8,30,0,38,0,18,30,0,48,74,0,74,122
03/01/2021,FMN,NM,ASW,WE,Federal Contract Tower,0,6,4,0,10,0,7,65,0,72,0,13,69,0,82,18,0,18,100
03/02/2021,FMN,NM,ASW,WE,Federal Contract Tower,0,12,0,2,14,0,68,31,0,99,0,80,31,2,113,80,0,80,193
03/03/2021,FMN,NM,ASW,WE,Federal Contract Tower,0,4,3,0,7,0,8,49,0,57,0,12,52,0,64,96,0,96,160
03/04/2021,FMN,NM,ASW,WE,Federal Contract Tower,0,9,4,0,13,0,4,0,0,4,0,13,4,0,17,0,0,0,17
03/05/2021,FMN,NM,ASW,WE,Federal Contract Tower,0,12,9,2,23,0,7,50,2,59,0,19,59,4,82,182,8,190,272
03/06/2021,FMN,NM,ASW,WE,Federal Contract Tower,0,10,7,0,17,0,2,41,0,43,0,12,48,0,60,112,0,112,172
03/07/2021,FMN,NM,ASW,WE,Federal Contract Tower,0,7,5,0,12,0,7,42,0,49,0,14,47,0,61,8,0,8,69
03/08/2021,FMN,NM,ASW,WE,Federal Contract Tower,0,5,1,0,6,0,5,28,0,33,0,10,29,0,39,20,0,20,59
03/09/2021,FMN,NM,ASW,WE,Federal Contract Tower,0,5,3,0,8,0,6,22,0,28,0,11,25,0,36,16,0,16,52
03/10/2021,FMN,NM,ASW,WE,Federal Contract Tower,0,10,2,0,12,0,2,13,1,16,0,12,15,1,28,12,0,12,40
03/11/2021,FMN,NM,ASW,WE,Federal Contract Tower,0,15,2,0,17,0,2,27,0,29,0,17,29,0,46,95,0,95,141
03/12/2021,FMN,NM,ASW,WE,Federal Contract Tower,0,7,10,0,17,0,1,35,2,38,0,8,45,2,55,102,14,116,171
03/13/2021,FMN,NM,ASW,WE,Federal Contract Tower,0,7,20,0,27,0,0,6,0,6,0,7,26,0,33,0,0,0,33
03/14/2021,FMN,NM,ASW,WE,Federal Contract Tower,0,10,16,0,26,0,0,3,0,3,0,10,19,0,29,0,0,0,29
03/15/2021,FMN,NM,ASW,WE,Federal Contract Tower,0,15,5,0,20,0,7,53,4,64,0,22,58,4,84,70,16,86,170
03/16/2021,FMN,NM,ASW,WE,Federal Contract Tower,0,9,0,0,9,0,4,12,0,16,0,13,12,0,25,20,0,20,45
03/17/2021,FMN,NM,ASW,WE,Federal Contract Tower,0,9,7,0,16,0,5,23,0,28,0,14,30,0,44,60,0,60,104
03/18/2021,FMN,NM,ASW,WE,Federal Contract Tower,0,10,0,0,10,0,6,41,0,47,0,16,41,0,57,12,0,12,69
03/19/2021,FMN,NM,ASW,WE,Federal Contract Tower,0,6,2,0,8,0,7,40,2,49,0,13,42,2,57,28,20,48,105
03/20/2021,FMN,NM,ASW,WE,Federal Contract Tower,1,7,4,0,12,0,1,34,1,36,1,8,38,1,48,48,0,48,96
03/21/2021,FMN,NM,ASW,WE,Federal Contract Tower,0,5,2,6,13,0,4,19,0,23,0,9,21,6,36,12,12,24,60
03/22/2021,FMN,NM,ASW,WE,Federal Contract Tower,0,4,6,0,10,0,8,7,2,17,0,12,13,2,27,12,8,20,47
03/23/2021,FMN,NM,ASW,WE,Federal Contract Tower,0,10,0,0,10,0,7,20,0,27,0,17,20,0,37,40,0,40,77
03/24/2021,FMN,NM,ASW,WE,Federal Contract Tower,0,13,6,0,19,0,1,3,0,4,0,14,9,0,23,0,0,0,23
03/25/2021,FMN,NM,ASW,WE,Federal Contract Tower,0,8,3,0,11,0,5,57,0,62,0,13,60,0,73,58,0,58,131
03/26/2021,FMN,NM,ASW,WE,Federal Contract Tower,0,17,13,0,30,0,7,8,0,15,0,24,21,0,45,10,0,10,55
03/27/2021,FMN,NM,ASW,WE,Federal Contract Tower,0,8,7,2,17,0,8,56,1,65,0,16,63,3,82,72,6,78,160
03/28/2021,FMN,NM,ASW,WE,Federal Contract Tower,0,6,3,0,9,0,21,52,0,73,0,27,55,0,82,116,0,116,198
03/29/2021,FMN,NM,ASW,WE,Federal Contract Tower,0,16,7,8,31,0,8,64,8,80,0,24,71,16,111,74,30,104,215
03/30/2021,FMN,NM,ASW,WE,Federal Contract Tower,0,6,0,0,6,0,49,20,0,69,0,55,20,0,75,60,0,60,135
03/31/2021,FMN,NM,ASW,WE,Federal Contract Tower,0,7,3,0,10,0,3,44,0,47,0,10,47,0,57,126,0,126,183
04/01/2021,FMN,NM,ASW,WE,Federal Contract Tower,0,12,3,0,15,0,6,35,0,41,0,18,38,0,56,48,0,48,104
04/02/2021,FMN,NM,ASW,WE,Federal Contract Tower,0,13,6,0,19,0,2,37,2,41,0,15,43,2,60,90,8,98,158
04/03/2021,FMN,NM,ASW,WE,Federal Contract Tower,0,8,0,0,8,0,1,55,1,57,0,9,55,1,65,92,0,92,157
04/04/2021,FMN,NM,ASW,WE,Federal Contract Tower,0,7,0,0,7,0,9,20,1,30,0,16,20,1,37,44,2,46,83
04/05/2021,FMN,NM,ASW,WE,Federal Contract Tower,0,9,7,0,16,0,7,31,0,38,0,16,38,0,54,20,0,20,74
04/06/2021,FMN,NM,ASW,WE,Federal Contract Tower,0,10,1,0,11,0,25,13,0,38,0,35,14,0,49,30,0,30,79
04/07/2021,FMN,NM,ASW,WE,Federal Contract Tower,0,6,0,2,8,0,2,23,6,31,0,8,23,8,39,34,12,46,85
04/08/2021,FMN,NM,ASW,WE,Federal Contract Tower,0,9,8,0,17,0,8,40,0,48,0,17,48,0,65,70,0,70,135
04/09/2021,FMN,NM,ASW,WE,Federal Contract Tower,0,12,2,3,17,0,3,64,2,69,0,15,66,5,86,92,26,118,204
04/10/2021,FMN,NM,ASW,WE,Federal Contract Tower,0,5,5,1,11,0,5,50,1,56,0,10,55,2,67,44,6,50,117
04/11/2021,FMN,NM,ASW,WE,Federal Contract Tower,0,9,2,7,18,0,4,25,0,29,0,13,27,7,47,70,36,106,153
04/12/2021,FMN,NM,ASW,WE,Federal Contract Tower,0,7,5,0,12,0,12,55,2,69,0,19,60,2,81,102,12,114,195
04/13/2021,FMN,NM,ASW,WE,Federal Contract Tower,0,17,0,0,17,0,13,14,0,27,0,30,14,0,44,50,0,50,94
04/14/2021,FMN,NM,ASW,WE,Federal Contract Tower,0,15,5,0,20,0,8,65,0,73,0,23,70,0,93,56,0,56,149
04/15/2021,FMN,NM,ASW,WE,Federal Contract Tower,0,6,5,0,11,0,10,24,0,34,0,16,29,0,45,32,0,32,77
04/16/2021,FMN,NM,ASW,WE,Federal Contract Tower,0,13,12,18,43,0,4,33,0,37,0,17,45,18,80,74,190,264,344
04/17/2021,FMN,NM,ASW,WE,Federal Contract Tower,0,11,3,0,14,0,1,8,0,9,0,12,11,0,23,0,0,0,23
04/18/2021,FMN,NM,ASW,WE,Federal Contract Tower,0,6,2,21,29,0,5,28,15,48,0,11,30,36,77,14,24,38,115
04/19/2021,FMN,NM,ASW,WE,Federal Contract Tower,0,8,5,14,27,0,6,55,0,61,0,14,60,14,88,76,4,80,168
04/20/2021,FMN,NM,ASW,WE,Federal Contract Tower,0,14,0,0,14,0,18,41,6,65,0,32,41,6,79,46,0,46,125
04/21/2021,FMN,NM,ASW,WE,Federal Contract Tower,0,22,12,0,34,0,6,25,1,32,0,28,37,1,66,52,0,52,118
04/22/2021,FMN,NM,ASW,WE,Federal Contract Tower,0,12,2,1,15,0,7,18,0,25,0,19,20,1,40,0,0,0,40
04/23/2021,FMN,NM,ASW,WE,Federal Contract Tower,0,3,6,0,9,0,0,33,5,38,0,3,39,5,47,80,12,92,139
04/24/2021,FMN,NM,ASW,WE,Federal Contract Tower,0,11,6,0,17,0,10,43,1,54,0,21,49,1,71,160,0,160,231
04/25/2021,FMN,NM,ASW,WE,Federal Contract Tower,0,6,2,0,8,0,5,37,0,42,0,11,39,0,50,60,0,60,110
04/26/2021,FMN,NM,ASW,WE,Federal Contract Tower,0,10,8,0,18,0,6,11,2,19,0,16,19,2,37,62,92,154,191
04/27/2021,FMN,NM,ASW,WE,Federal Contract Tower,0,12,0,0,12,0,20,12,0,32,0,32,12,0,44,42,0,42,86
04/28/2021,FMN,NM,ASW,WE,Federal Contract Tower,0,19,1,0,20,0,7,60,0,67,0,26,61,0,87,166,0,166,253
04/29/2021,FMN,NM,ASW,WE,Federal Contract Tower,0,8,3,1,12,0,2,35,0,37,0,10,38,1,49,68,0,68,117
04/30/2021,FMN,NM,ASW,WE,Federal Contract Tower,0,7,4,2,13,0,10,44,10,64,0,17,48,12,77,140,14,154,231
05/01/2021,FMN,NM,ASW,WE,Federal Contract Tower,0,4,1,1,6,0,7,34,0,41,0,11,35,1,47,82,0,82,129
05/02/2021,FMN,NM,ASW,WE,Federal Contract Tower,0,8,6,0,14,0,12,27,0,39,0,20,33,0,53,90,0,90,143
05/03/2021,FMN,NM,ASW,WE,Federal Contract Tower,0,9,2,0,11,0,10,32,4,46,0,19,34,4,57,74,52,126,183
05/04/2021,FMN,NM,ASW,WE,Federal Contract Tower,0,8,0,2,10,0,81,42,0,123,0,89,42,2,133,86,0,86,219
05/05/2021,FMN,NM,ASW,WE,Federal Contract Tower,0,7,3,2,12,0,6,29,0,35,0,13,32,2,47,68,4,72,119
05/06/2021,FMN,NM,ASW,WE,Federal Contract Tower,0,12,2,0,14,0,2,23,0,25,0,14,25,0,39,110,0,110,149
05/07/2021,FMN,NM,ASW,WE,Federal Contract Tower,0,13,1,2,16,0,4,22,0,26,0,17,23,2,42,36,2,38,80
05/08/2021,FMN,NM,ASW,WE,Federal Contract Tower,0,8,0,0,8,0,6,20,0,26,0,14,20,0,34,12,0,12,46
05/09/2021,FMN,NM,ASW,WE,Federal Contract Tower,0,4,4,6,14,0,11,29,4,44,0,15,33,10,58,42,18,60,118
05/10/2021,FMN,NM,ASW,WE,Federal Contract Tower,0,6,2,0,8,0,8,33,0,41,0,14,35,0,49,40,0,40,89
05/11/2021,FMN,NM,ASW,WE,Federal Contract Tower,0,11,0,0,11,0,19,29,0,48,0,30,29,0,59,42,0,42,101
05/12/2021,FMN,NM,ASW,WE,Federal Contract Tower,0,15,1,0,16,0,3,31,0,34,0,18,32,0,50,54,0,54,104
05/13/2021,FMN,NM,ASW,WE,Federal Contract Tower,0,15,2,0,17,0,2,22,0,24,0,17,24,0,41,100,0,100,141
05/14/2021,FMN,NM,ASW,WE,Federal Contract Tower,0,10,3,0,13,0,0,24,0,24,0,10,27,0,37,62,0,62,99
05/15/2021,FMN,NM,ASW,WE,Federal Contract Tower,0,7,0,0,7,0,7,46,0,53,0,14,46,0,60,124,0,124,184
05/16/2021,FMN,NM,ASW,WE,Federal Contract Tower,0,10,1,0,11,0,4,40,0,44,0,14,41,0,55,48,0,48,103
05/17/2021,FMN,NM,ASW,WE,Federal Contract Tower,0,13,5,0,18,0,4,77,30,111,0,17,82,30,129,64,58,122,251
05/18/2021,FMN,NM,ASW,WE,Federal Contract Tower,0,12,0,0,12,0,7,11,0,18,0,19,11,0,30,26,0,26,56
05/19/2021,FMN,NM,ASW,WE,Federal Contract Tower,0,7,0,0,7,0,2,32,0,34,0,9,32,0,41,60,0,60,101
05/20/2021,FMN,NM,ASW,WE,Federal Contract Tower,0,8,4,0,12,0,4,33,0,37,0,12,37,0,49,40,0,40,89
05/21/2021,FMN,NM,ASW,WE,Federal Contract Tower,0,7,2,0,9,0,2,11,0,13,0,9,13,0,22,0,0,0,22
05/22/2021,FMN,NM,ASW,WE,Federal Contract Tower,0,4,1,0,5,0,2,16,0,18,0,6,17,0,23,66,0,66,89
05/23/2021,FMN,NM,ASW,WE,Federal Contract Tower,0,5,4,0,9,0,30,34,26,90,0,35,38,26,99,22,10,32,131
05/24/2021,FMN,NM,ASW,WE,Federal Contract Tower,0,6,3,0,9,0,16,63,7,86,0,22,66,7,95,64,8,72,167
05/25/2021,FMN,NM,ASW,WE,Federal Contract Tower,0,9,0,0,9,0,26,53,0,79,0,35,53,0,88,82,0,82,170
05/26/2021,FMN,NM,ASW,WE,Federal Contract Tower,0,13,5,0,18,0,6,42,0,48,0,19,47,0,66,102,0,102,168
05/27/2021,FMN,NM,ASW,WE,Federal Contract Tower,0,6,3,0,9,0,0,69,0,69,0,6,72,0,78,154,0,154,232
05/28/2021,FMN,NM,ASW,WE,Federal Contract Tower,0,6,5,0,11,0,3,31,0,34,0,9,36,0,45,100,0,100,145
05/29/2021,FMN,NM,ASW,WE,Federal Contract Tower,0,7,5,0,12,0,3,34,0,37,0,10,39,0,49,92,0,92,141
05/30/2021,FMN,NM,ASW,WE,Federal Contract Tower,0,11,2,0,13,0,13,40,0,53,0,24,42,0,66,42,0,42,108
05/31/2021,FMN,NM,ASW,WE,Federal Contract Tower,0,6,0,0,6,0,7,25,0,32,0,13,25,0,38,36,0,36,74
06/01/2021,FMN,NM,ASW,WE,Federal Contract Tower,0,14,0,2,16,0,18,19,0,37,0,32,19,2,53,26,0,26,79
06/02/2021,FMN,NM,ASW,WE,Federal Contract Tower,0,6,3,0,9,0,6,39,0,45,0,12,42,0,54,92,0,92,146
06/03/2021,FMN,NM,ASW,WE,Federal Contract Tower,0,16,2,0,18,0,6,18,0,24,0,22,20,0,42,104,0,104,146
06/04/2021,FMN,NM,ASW,WE,Federal Contract Tower,0,7,2,0,9,0,1,21,0,22,0,8,23,0,31,68,0,68,99
06/05/2021,FMN,NM,ASW,WE,Federal Contract Tower,0,6,4,0,10,0,5,29,0,34,0,11,33,0,44,46,0,46,90
06/06/2021,FMN,NM,ASW,WE,Federal Contract Tower,0,12,8,0,20,0,4,34,0,38,0,16,42,0,58,24,0,24,82
06/07/2021,FMN,NM,ASW,WE,Federal Contract Tower,0,14,3,0,17,0,4,26,0,30,0,18,29,0,47,0,0,0,47
06/08/2021,FMN,NM,ASW,WE,Federal Contract Tower,0,12,0,0,12,0,49,30,0,79,0,61,30,0,91,56,0,56,147
06/09/2021,FMN,NM,ASW,WE,Federal Contract Tower,0,5,0,0,5,0,7,45,0,52,0,12,45,0,57,132,0,132,189
06/10/2021,FMN,NM,ASW,WE,Federal Contract Tower,0,11,1,0,12,0,6,56,0,62,0,17,57,0,74,102,0,102,176
06/11/2021,FMN,NM,ASW,WE,Federal Contract Tower,0,11,3,0,14,0,4,46,1,51,0,15,49,1,65,66,8,74,139
06/12/2021,FMN,NM,ASW,WE,Federal Contract Tower,0,4,4,0,8,0,5,38,0,43,0,9,42,0,51,66,0,66,117
06/13/2021,FMN,NM,ASW,WE,Federal Contract Tower,0,11,3,0,14,0,2,55,1,58,0,13,58,1,72,20,0,20,92
06/14/2021,FMN,NM,ASW,WE,Federal Contract Tower,0,7,0,0,7,0,9,36,0,45,0,16,36,0,52,8,0,8,60
06/15/2021,FMN,NM,ASW,WE,Federal Contract Tower,0,13,1,0,14,0,6,23,0,29,0,19,24,0,43,28,0,28,71
06/16/2021,FMN,NM,ASW,WE,Federal Contract Tower,0,9,4,0,13,0,0,36,0,36,0,9,40,0,49,74,0,74,123
06/17/2021,FMN,NM,ASW,WE,Federal Contract Tower,0,8,6,0,14,0,7,39,0,46,0,15,45,0,60,48,0,48,108
06/18/2021,FMN,NM,ASW,WE,Federal Contract Tower,0,10,7,0,17,0,8,38,0,46,0,18,45,0,63,150,0,150,213
06/19/2021,FMN,NM,ASW,WE,Federal Contract Tower,0,6,3,0,9,0,4,33,0,37,0,10,36,0,46,36,0,36,82
06/20/2021,FMN,NM,ASW,WE,Federal Contract Tower,0,4,0,0,4,0,24,14,0,38,0,28,14,0,42,8,0,8,50
06/21/2021,FMN,NM,ASW,WE,Federal Contract Tower,0,10,4,0,14,0,5,18,1,24,0,15,22,1,38,30,0,30,68
06/22/2021,FMN,NM,ASW,WE,Federal Contract Tower,0,17,0,0,17,0,8,35,0,43,0,25,35,0,60,54,0,54,114
06/23/2021,FMN,NM,ASW,WE,Federal Contract Tower,0,15,1,0,16,0,5,19,0,24,0,20,20,0,40,38,0,38,78
06/24/2021,FMN,NM,ASW,WE,Federal Contract Tower,0,6,1,0,7,0,4,43,1,48,0,10,44,1,55,162,0,162,217
06/25/2021,FMN,NM,ASW,WE,Federal Contract Tower,0,10,2,0,12,0,2,28,0,30,0,12,30,0,42,96,0,96,138
06/26/2021,FMN,NM,ASW,WE,Federal Contract Tower,0,6,2,0,8,0,4,52,0,56,0,10,54,0,64,72,0,72,136
06/27/2021,FMN,NM,ASW,WE,Federal Contract Tower,0,9,3,0,12,0,0,37,0,37,0,9,40,0,49,74,0,74,123
06/28/2021,FMN,NM,ASW,WE,Federal Contract Tower,0,9,3,0,12,0,11,47,0,58,0,20,50,0,70,64,0,64,134
06/29/2021,FMN,NM,ASW,WE,Federal Contract Tower,0,19,0,0,19,0,22,25,0,47,0,41,25,0,66,42,0,42,108
06/30/2021,FMN,NM,ASW,WE,Federal Contract Tower,0,10,8,0,18,0,2,30,0,32,0,12,38,0,50,66,0,66,116
07/01/2021,FMN,NM,ASW,WE,Federal Contract Tower,0,13,6,0,19,0,7,50,2,59,0,20,56,2,78,114,0,114,192
07/02/2021,FMN,NM,ASW,WE,Federal Contract Tower,0,12,3,0,15,0,4,46,0,50,0,16,49,0,65,100,0,100,165
07/03/2021,FMN,NM,ASW,WE,Federal Contract Tower,0,9,3,0,12,0,4,65,0,69,0,13,68,0,81,154,0,154,235
07/04/2021,FMN,NM,ASW,WE,Federal Contract Tower,0,8,0,0,8,0,6,33,0,39,0,14,33,0,47,52,0,52,99
07/05/2021,FMN,NM,ASW,WE,Federal Contract Tower,0,9,1,0,10,0,4,64,0,68,0,13,65,0,78,62,0,62,140
07/06/2021,FMN,NM,ASW,WE,Federal Contract Tower,0,2,0,0,2,0,24,40,0,64,0,26,40,0,66,46,0,46,112
07/07/2021,FMN,NM,ASW,WE,Federal Contract Tower,0,6,1,0,7,0,6,61,0,67,0,12,62,0,74,131,0,131,205
07/08/2021,FMN,NM,ASW,WE,Federal Contract Tower,0,10,2,0,12,0,4,63,0,67,0,14,65,0,79,116,0,116,195
07/09/2021,FMN,NM,ASW,WE,Federal Contract Tower,0,5,2,0,7,0,6,46,0,52,0,11,48,0,59,109,0,109,168
07/10/2021,FMN,NM,ASW,WE,Federal Contract Tower,0,9,3,0,12,0,6,26,0,32,0,15,29,0,44,85,0,85,129
07/11/2021,FMN,NM,ASW,WE,Federal Contract Tower,0,6,0,0,6,0,5,43,0,48,0,11,43,0,54,58,0,58,112
07/12/2021,FMN,NM,ASW,WE,Federal Contract Tower,0,11,0,0,11,0,13,46,2,61,0,24,46,2,72,78,16,94,166
07/13/2021,FMN,NM,ASW,WE,Federal Contract Tower,0,8,0,0,8,0,57,20,0,77,0,65,20,0,85,92,0,92,177
07/14/2021,FMN,NM,ASW,WE,Federal Contract Tower,0,4,1,0,5,0,17,35,0,52,0,21,36,0,57,178,0,178,235
07/15/2021,FMN,NM,ASW,WE,Federal Contract Tower,0,16,5,0,21,0,8,50,0,58,0,24,55,0,79,90,0,90,169
07/16/2021,FMN,NM,ASW,WE,Federal Contract Tower,0,7,2,0,9,0,3,43,0,46,0,10,45,0,55,82,0,82,137
07/17/2021,FMN,NM,ASW,WE,Federal Contract Tower,0,3,2,0,5,0,5,53,0,58,0,8,55,0,63,118,0,118,181
07/18/2021,FMN,NM,ASW,WE,Federal Contract Tower,0,5,2,0,7,0,4,43,0,47,0,9,45,0,54,48,0,48,102
07/19/2021,FMN,NM,ASW,WE,Federal Contract Tower,0,11,2,0,13,0,6,70,0,76,0,17,72,0,89,54,0,54,143
07/20/2021,FMN,NM,ASW,WE,Federal Contract Tower,0,9,0,0,9,0,24,28,0,52,0,33,28,0,61,84,0,84,145
07/21/2021,FMN,NM,ASW,WE,Federal Contract Tower,0,8,0,0,8,0,6,36,1,43,0,14,36,1,51,58,0,58,109
07/22/2021,FMN,NM,ASW,WE,Federal Contract Tower,0,7,10,0,17,0,13,24,0,37,0,20,34,0,54,142,0,142,196
07/23/2021,FMN,NM,ASW,WE,Federal Contract Tower,0,6,2,0,8,0,4,33,0,37,0,10,35,0,45,106,0,106,151
07/24/2021,FMN,NM,ASW,WE,Federal Contract Tower,0,12,1,0,13,0,7,49,0,56,0,19,50,0,69,64,0,64,133
07/25/2021,FMN,NM,ASW,WE,Federal Contract Tower,0,9,4,0,13,0,6,13,0,19,0,15,17,0,32,6,0,6,38
07/26/2021,FMN,NM,ASW,WE,Federal Contract Tower,0,19,3,0,22,0,16,73,0,89,0,35,76,0,111,112,0,112,223
07/27/2021,FMN,NM,ASW,WE,Federal Contract Tower,0,13,0,0,13,0,14,33,0,47,0,27,33,0,60,36,0,36,96
07/28/2021,FMN,NM,ASW,WE,Federal Contract Tower,0,14,2,1,17,0,4,74,4,82,0,18,76,5,99,92,0,92,191
07/29/2021,FMN,NM,ASW,WE,Federal Contract Tower,0,4,6,0,10,0,14,35,0,49,0,18,41,0,59,100,0,100,159
07/30/2021,FMN,NM,ASW,WE,Federal Contract Tower,0,7,7,0,14,0,1,35,0,36,0,8,42,0,50,104,0,104,154
07/31/2021,FMN,NM,ASW,WE,Federal Contract Tower,0,10,0,0,10,0,5,58,3,66,0,15,58,3,76,120,0,120,196
08/01/2021,FMN,NM,ASW,WE,Federal Contract Tower,0,10,3,0,13,0,12,29,0,41,0,22,32,0,54,102,0,102,156
08/02/2021,FMN,NM,ASW,WE,Federal Contract Tower,0,12,0,0,12,0,10,29,0,39,0,22,29,0,51,26,0,26,77
08/03/2021,FMN,NM,ASW,WE,Federal Contract Tower,0,9,0,0,9,0,6,19,6,31,0,15,19,6,40,26,0,26,66
08/04/2021,FMN,NM,ASW,WE,Federal Contract Tower,0,7,1,0,8,0,8,32,1,41,0,15,33,1,49,86,0,86,135
08/05/2021,FMN,NM,ASW,WE,Federal Contract Tower,0,7,2,0,9,0,1,27,0,28,0,8,29,0,37,72,0,72,109
08/06/2021,FMN,NM,ASW,WE,Federal Contract Tower,0,6,3,0,9,0,5,37,1,43,0,11,40,1,52,75,8,83,135
08/07/2021,FMN,NM,ASW,WE,Federal Contract Tower,0,4,6,4,14,0,4,24,0,28,0,8,30,4,42,96,0,96,138
08/08/2021,FMN,NM,ASW,WE,Federal Contract Tower,0,8,0,0,8,0,13,9,0,22,0,21,9,0,30,60,0,60,90
08/09/2021,FMN,NM,ASW,WE,Federal Contract Tower,0,4,0,0,4,0,9,24,0,33,0,13,24,0,37,48,0,48,85
08/10/2021,FMN,NM,ASW,WE,Federal Contract Tower,0,8,1,0,9,0,1,33,0,34,0,9,34,0,43,28,0,28,71
08/11/2021,FMN,NM,ASW,WE,Federal Contract Tower,0,9,4,0,13,0,10,35,0,45,0,19,39,0,58,120,0,120,178
08/12/2021,FMN,NM,ASW,WE,Federal Contract Tower,0,10,5,0,15,0,10,44,0,54,0,20,49,0,69,124,0,124,193
08/13/2021,FMN,NM,ASW,WE,Federal Contract Tower,0,6,1,0,7,0,7,30,0,37,0,13,31,0,44,104,0,104,148
08/14/2021,FMN,NM,ASW,WE,Federal Contract Tower,0,5,1,0,6,0,7,39,0,46,0,12,40,0,52,66,0,66,118
08/15/2021,FMN,NM,ASW,WE,Federal Contract Tower,0,3,1,0,4,0,1,30,0,31,0,4,31,0,35,114,0,114,149
08/16/2021,FMN,NM,ASW,WE,Federal Contract Tower,0,7,1,0,8,0,14,8,0,22,0,21,9,0,30,76,0,76,106
08/17/2021,FMN,NM,ASW,WE,Federal Contract Tower,0,10,0,0,10,0,48,43,6,97,0,58,43,6,107,102,0,102,209
08/18/2021,FMN,NM,ASW,WE,Federal Contract Tower,0,8,3,0,11,0,6,21,0,27,0,14,24,0,38,108,0,108,146
08/19/2021,FMN,NM,ASW,WE,Federal Contract Tower,0,12,7,0,19,0,0,58,0,58,0,12,65,0,77,58,0,58,135
08/20/2021,FMN,NM,ASW,WE,Federal Contract Tower,0,12,0,0,12,0,3,62,2,67,0,15,62,2,79,100,18,118,197
08/21/2021,FMN,NM,ASW,WE,Federal Contract Tower,0,8,0,0,8,0,4,51,0,55,0,12,51,0,63,88,0,88,151
08/22/2021,FMN,NM,ASW,WE,Federal Contract Tower,0,7,1,0,8,0,0,41,0,41,0,7,42,0,49,98,0,98,147
08/23/2021,FMN,NM,ASW,WE,Federal Contract Tower,0,9,3,0,12,0,13,43,0,56,0,22,46,0,68,52,0,52,120
08/24/2021,FMN,NM,ASW,WE,Federal Contract Tower,0,10,0,0,10,0,26,76,0,102,0,36,76,0,112,116,0,116,228
08/25/2021,FMN,NM,ASW,WE,Federal Contract Tower,0,9,1,0,10,0,3,60,4,67,0,12,61,4,77,214,0,214,291
08/26/2021,FMN,NM,ASW,WE,Federal Contract Tower,0,5,1,0,6,0,8,18,0,26,0,13,19,0,32,160,0,160,192
08/27/2021,FMN,NM,ASW,WE,Federal Contract Tower,0,12,5,0,17,0,6,40,0,46,0,18,45,0,63,52,0,52,115
08/28/2021,FMN,NM,ASW,WE,Federal Contract Tower,0,5,1,0,6,0,9,43,0,52,0,14,44,0,58,164,0,164,222
08/29/2021,FMN,NM,ASW,WE,Federal Contract Tower,0,9,1,0,10,0,23,28,0,51,0,32,29,0,61,160,0,160,221
08/30/2021,FMN,NM,ASW,WE,Federal Contract Tower,0,5,0,0,5,0,17,33,15,65,0,22,33,15,70,76,18,94,164
08/31/2021,FMN,NM,ASW,WE,Federal Contract Tower,0,7,3,0,10,0,10,39,2,51,0,17,42,2,61,94,0,94,155
09/01/2021,FMN,NM,ASW,WE,Federal Contract Tower,0,7,2,0,9,0,7,9,0,16,0,14,11,0,25,44,0,44,69
09/02/2021,FMN,NM,ASW,WE,Federal Contract Tower,0,6,3,0,9,0,5,32,0,37,0,11,35,0,46,66,0,66,112
09/03/2021,FMN,NM,ASW,WE,Federal Contract Tower,0,11,4,0,15,0,10,43,0,53,0,21,47,0,68,108,0,108,176
09/04/2021,FMN,NM,ASW,WE,Federal Contract Tower,0,5,4,0,9,0,6,45,0,51,0,11,49,0,60,138,0,138,198
09/05/2021,FMN,NM,ASW,WE,Federal Contract Tower,0,5,1,0,6,0,0,41,0,41,0,5,42,0,47,80,0,80,127
09/06/2021,FMN,NM,ASW,WE,Federal Contract Tower,0,4,2,0,6,0,3,30,0,33,0,7,32,0,39,14,0,14,53
09/07/2021,FMN,NM,ASW,WE,Federal Contract Tower,0,5,2,0,7,0,39,46,0,85,0,44,48,0,92,64,0,64,156
09/08/2021,FMN,NM,ASW,WE,Federal Contract Tower,0,11,3,0,14,0,4,41,0,45,0,15,44,0,59,96,0,96,155
09/09/2021,FMN,NM,ASW,WE,Federal Contract Tower,0,4,0,0,4,0,2,29,2,33,0,6,29,2,37,68,0,68,105
09/10/2021,FMN,NM,ASW,WE,Federal Contract Tower,0,7,4,2,13,0,9,38,0,47,0,16,42,2,60,34,0,34,94
09/11/2021,FMN,NM,ASW,WE,Federal Contract Tower,0,9,4,0,13,0,8,33,0,41,0,17,37,0,54,44,0,44,98
09/12/2021,FMN,NM,ASW,WE,Federal Contract Tower,0,2,3,0,5,0,9,23,0,32,0,11,26,0,37,86,0,86,123
09/13/2021,FMN,NM,ASW,WE,Federal Contract Tower,0,4,3,0,7,0,16,36,2,54,0,20,39,2,61,132,0,132,193
09/14/2021,FMN,NM,ASW,WE,Federal Contract Tower,0,12,0,0,12,0,10,33,0,43,0,22,33,0,55,44,0,44,99
09/15/2021,FMN,NM,ASW,WE,Federal Contract Tower,0,6,1,0,7,0,12,32,0,44,0,18,33,0,51,114,0,114,165
09/16/2021,FMN,NM,ASW,WE,Federal Contract Tower,0,8,4,0,12,0,4,34,0,38,0,12,38,0,50,122,0,122,172
09/17/2021,FMN,NM,ASW,WE,Federal Contract Tower,0,10,4,2,16,0,3,42,2,47,0,13,46,4,63,48,0,48,111
09/18/2021,FMN,NM,ASW,WE,Federal Contract Tower,0,12,2,0,14,0,1,41,0,42,0,13,43,0,56,50,0,50,106
09/19/2021,FMN,NM,ASW,WE,Federal Contract Tower,0,14,3,0,17,0,10,50,0,60,0,24,53,0,77,48,22,70,147
09/20/2021,FMN,NM,ASW,WE,Federal Contract Tower,0,3,0,5,8,0,6,45,2,53,0,9,45,7,61,60,0,60,121
09/21/2021,FMN,NM,ASW,WE,Federal Contract Tower,0,5,1,0,6,0,32,52,0,84,0,37,53,0,90,102,0,102,192
09/22/2021,FMN,NM,ASW,WE,Federal Contract Tower,0,7,3,0,10,0,11,28,0,39,0,18,31,0,49,48,0,48,97
09/23/2021,FMN,NM,ASW,WE,Federal Contract Tower,0,12,2,3,17,0,3,33,3,39,0,15,35,6,56,130,0,130,186
09/24/2021,FMN,NM,ASW,WE,Federal Contract Tower,0,6,3,0,9,0,2,29,0,31,0,8,32,0,40,86,0,86,126
09/25/2021,FMN,NM,ASW,WE,Federal Contract Tower,0,4,6,0,10,0,3,43,0,46,0,7,49,0,56,80,0,80,136
09/26/2021,FMN,NM,ASW,WE,Federal Contract Tower,0,5,4,0,9,0,9,36,0,45,0,14,40,0,54,42,0,42,96
09/27/2021,FMN,NM,ASW,WE,Federal Contract Tower,0,12,4,0,16,0,6,33,0,39,0,18,37,0,55,36,0,36,91
09/28/2021,FMN,NM,ASW,WE,Federal Contract Tower,0,13,4,0,17,0,19,31,0,50,0,32,35,0,67,80,0,80,147
09/29/2021,FMN,NM,ASW,WE,Federal Contract Tower,0,10,4,0,14,0,1,22,0,23,0,11,26,0,37,80,0,80,117
09/30/2021,FMN,NM,ASW,WE,Federal Contract Tower,0,10,3,0,13,0,0,26,0,26,0,10,29,0,39,136,0,136,175
10/01/2021,FMN,NM,ASW,WE,Federal Contract Tower,0,17,6,0,23,0,0,48,0,48,0,17,54,0,71,92,0,92,163
10/02/2021,FMN,NM,ASW,WE,Federal Contract Tower,0,6,5,0,11,0,3,51,0,54,0,9,56,0,65,120,0,120,185
10/03/2021,FMN,NM,ASW,WE,Federal Contract Tower,0,11,0,4,15,0,0,0,0,0,0,11,0,4,15,62,20,82,97
10/04/2021,FMN,NM,ASW,WE,Federal Contract Tower,0,5,0,4,9,0,5,62,0,67,0,10,62,4,76,40,28,68,144
10/05/2021,FMN,NM,ASW,WE,Federal Contract Tower,0,9,0,0,9,0,8,20,0,28,0,17,20,0,37,22,0,22,59
10/06/2021,FMN,NM,ASW,WE,Federal Contract Tower,0,5,2,0,7,0,7,28,0,35,0,12,30,0,42,90,0,90,132
10/07/2021,FMN,NM,ASW,WE,Federal Contract Tower,0,9,3,0,12,0,5,42,0,47,0,14,45,0,59,146,0,146,205
10/08/2021,FMN,NM,ASW,WE,Federal Contract Tower,0,7,1,0,8,0,3,37,0,40,0,10,38,0,48,102,0,102,150
10/09/2021,FMN,NM,ASW,WE,Federal Contract Tower,0,4,0,0,4,0,6,22,0,28,0,10,22,0,32,68,0,68,100
10/10/2021,FMN,NM,ASW,WE,Federal Contract Tower,0,5,0,0,5,0,3,41,0,44,0,8,41,0,49,46,0,46,95
10/11/2021,FMN,NM,ASW,WE,Federal Contract Tower,0,4,5,0,9,0,7,26,0,33,0,11,31,0,42,40,0,40,82
10/12/2021,FMN,NM,ASW,WE,Federal Contract Tower,0,14,0,0,14,0,19,1,0,20,0,33,1,0,34,24,0,24,58
10/13/2021,FMN,NM,ASW,WE,Federal Contract Tower,0,10,6,0,16,0,2,0,0,2,0,12,6,0,18,102,0,102,120
10/14/2021,FMN,NM,ASW,WE,Federal Contract Tower,0,10,4,0,14,0,3,28,0,31,0,13,32,0,45,58,0,58,103
10/15/2021,FMN,NM,ASW,WE,Federal Contract Tower,0,4,3,0,7,0,3,46,2,51,0,7,49,2,58,72,0,72,130
10/16/2021,FMN,NM,ASW,WE,Federal Contract Tower,0,3,5,0,8,0,9,43,2,54,0,12,48,2,62,42,0,42,104
10/17/2021,FMN,NM,ASW,WE,Federal Contract Tower,0,4,3,0,7,0,1,44,0,45,0,5,47,0,52,28,0,28,80
10/18/2021,FMN,NM,ASW,WE,Federal Contract Tower,0,7,4,0,11,0,1,31,0,32,0,8,35,0,43,8,0,8,51
10/19/2021,FMN,NM,ASW,WE,Federal Contract Tower,0,1,0,0,1,0,1,0,0,1,0,2,0,0,2,0,0,0,2
10/20/2021,FMN,NM,ASW,WE,Federal Contract Tower,0,0,0,0,0,0,0,2,0,2,0,0,2,0,2,0,0,0,2
10/21/2021,FMN,NM,ASW,WE,Federal Contract Tower,0,0,0,0,0,0,12,0,0,12,0,12,0,0,12,0,0,0,12
10/22/2021,FMN,NM,ASW,WE,Federal Contract Tower,0,11,3,0,14,0,0,47,1,48,0,11,50,1,62,34,6,40,102
10/23/2021,FMN,NM,ASW,WE,Federal Contract Tower,0,7,1,0,8,0,2,35,0,37,0,9,36,0,45,20,0,20,65
10/24/2021,FMN,NM,ASW,WE,Federal Contract Tower,0,4,5,0,9,0,2,36,0,38,0,6,41,0,47,78,0,78,125
10/25/2021,FMN,NM,ASW,WE,Federal Contract Tower,0,2,4,3,9,0,4,20,1,25,0,6,24,4,34,48,0,48,82
10/26/2021,FMN,NM,ASW,WE,Federal Contract Tower,0,10,0,0,10,0,6,2,0,8,0,16,2,0,18,0,0,0,18
10/27/2021,FMN,NM,ASW,WE,Federal Contract Tower,0,15,1,0,16,0,10,16,0,26,0,25,17,0,42,12,0,12,54
10/28/2021,FMN,NM,ASW,WE,Federal Contract Tower,0,9,1,0,10,0,12,69,0,81,0,21,70,0,91,192,0,192,283
10/29/2021,FMN,NM,ASW,WE,Federal Contract Tower,0,4,4,0,8,0,6,56,0,62,0,10,60,0,70,66,0,66,136
10/30/2021,FMN,NM,ASW,WE,Federal Contract Tower,0,8,4,0,12,0,6,51,0,57,0,14,55,0,69,102,0,102,171
10/31/2021,FMN,NM,ASW,WE,Federal Contract Tower,0,1,1,1,3,0,1,28,0,29,0,2,29,1,32,64,0,64,96
11/01/2021,FMN,NM,ASW,WE,Federal Contract Tower,0,5,8,0,13,0,2,34,0,36,0,7,42,0,49,66,0,66,115
11/02/2021,FMN,NM,ASW,WE,Federal Contract Tower,0,9,0,0,9,0,20,19,2,41,0,29,19,2,50,46,20,66,116
11/03/2021,FMN,NM,ASW,WE,Federal Contract Tower,0,4,0,2,6,0,5,45,0,50,0,9,45,2,56,24,0,24,80
11/04/2021,FMN,NM,ASW,WE,Federal Contract Tower,0,5,5,0,10,0,1,35,0,36,0,6,40,0,46,56,0,56,102
11/05/2021,FMN,NM,ASW,WE,Federal Contract Tower,0,5,6,0,11,0,8,24,4,36,0,13,30,4,47,26,0,26,73
11/06/2021,FMN,NM,ASW,WE,Federal Contract Tower,0,7,1,2,10,0,4,39,2,45,0,11,40,4,55,62,0,62,117
11/07/2021,FMN,NM,ASW,WE,Federal Contract Tower,0,2,2,6,10,0,16,23,0,39,0,18,25,6,49,58,0,58,107
11/08/2021,FMN,NM,ASW,WE,Federal Contract Tower,0,4,1,2,7,0,7,28,0,35,0,11,29,2,42,20,2,22,64
11/09/2021,FMN,NM,ASW,WE,Federal Contract Tower,0,14,0,0,14,0,20,27,0,47,0,34,27,0,61,62,0,62,123
11/10/2021,FMN,NM,ASW,WE,Federal Contract Tower,0,12,6,0,18,0,2,26,0,28,0,14,32,0,46,68,0,68,114
11/11/2021,FMN,NM,ASW,WE,Federal Contract Tower,0,6,3,0,9,0,3,26,0,29,0,9,29,0,38,64,0,64,102
11/12/2021,FMN,NM,ASW,WE,Federal Contract Tower,0,7,1,0,8,0,5,28,0,33,0,12,29,0,41,36,0,36,77
11/13/2021,FMN,NM,ASW,WE,Federal Contract Tower,0,7,4,0,11,0,5,30,0,35,0,12,34,0,46,44,0,44,90
11/14/2021,FMN,NM,ASW,WE,Federal Contract Tower,0,4,2,8,14,0,5,45,0,50,0,9,47,8,64,78,0,78,142
11/15/2021,FMN,NM,ASW,WE,Federal Contract Tower,0,7,2,0,9,0,8,47,0,55,0,15,49,0,64,124,0,124,188
11/16/2021,FMN,NM,ASW,WE,Federal Contract Tower,0,6,5,0,11,0,1,23,13,37,0,7,28,13,48,98,0,98,146
11/17/2021,FMN,NM,ASW,WE,Federal Contract Tower,0,7,1,0,8,0,3,25,17,45,0,10,26,17,53,12,0,12,65
11/18/2021,FMN,NM,ASW,WE,Federal Contract Tower,0,13,5,0,18,0,10,48,0,58,0,23,53,0,76,12,0,12,88
11/19/2021,FMN,NM,ASW,WE,Federal Contract Tower,0,6,6,0,12,0,3,51,3,57,0,9,57,3,69,130,2,132,201
11/20/2021,FMN,NM,ASW,WE,Federal Contract Tower,0,4,0,0,4,0,8,35,5,48,0,12,35,5,52,172,0,172,224
11/21/2021,FMN,NM,ASW,WE,Federal Contract Tower,0,3,0,0,3,0,5,24,0,29,0,8,24,0,32,68,0,68,100
11/22/2021,FMN,NM,ASW,WE,Federal Contract Tower,0,7,6,0,13,0,6,31,0,37,0,13,37,0,50,90,0,90,140
11/23/2021,FMN,NM,ASW,WE,Federal Contract Tower,0,14,0,4,18,0,4,39,0,43,0,18,39,4,61,70,12,82,143
11/24/2021,FMN,NM,ASW,WE,Federal Contract Tower,0,13,3,0,16,0,0,11,0,11,0,13,14,0,27,20,0,20,47
11/25/2021,FMN,NM,ASW,WE,Federal Contract Tower,0,5,3,0,8,0,0,15,0,15,0,5,18,0,23,10,0,10,33
11/26/2021,FMN,NM,ASW,WE,Federal Contract Tower,0,6,1,0,7,0,1,23,0,24,0,7,24,0,31,36,0,36,67
11/27/2021,FMN,NM,ASW,WE,Federal Contract Tower,0,3,1,2,6,0,5,44,1,50,0,8,45,3,56,72,4,76,132
11/28/2021,FMN,NM,ASW,WE,Federal Contract Tower,0,8,4,0,12,0,1,19,0,20,0,9,23,0,32,54,0,54,86
11/29/2021,FMN,NM,ASW,WE,Federal Contract Tower,0,2,2,2,6,0,8,25,2,35,0,10,27,4,41,32,0,32,73
11/30/2021,FMN,NM,ASW,WE,Federal Contract Tower,0,7,0,0,7,0,9,40,0,49,0,16,40,0,56,68,0,68,124
12/01/2021,FMN,NM,ASW,WE,Federal Contract Tower,0,3,1,0,4,0,7,33,0,40,0,10,34,0,44,90,0,90,134
12/02/2021,FMN,NM,ASW,WE,Federal Contract Tower,0,9,2,0,11,0,4,39,2,45,0,13,41,2,56,124,0,124,180
12/03/2021,FMN,NM,ASW,WE,Federal Contract Tower,0,9,1,0,10,0,6,28,2,36,0,15,29,2,46,36,0,36,82
12/04/2021,FMN,NM,ASW,WE,Federal Contract Tower,0,7,5,0,12,0,1,44,0,45,0,8,49,0,57,92,0,92,149
12/05/2021,FMN,NM,ASW,WE,Federal Contract Tower,0,2,5,4,11,0,10,27,6,43,0,12,32,10,54,20,6,26,80
12/06/2021,FMN,NM,ASW,WE,Federal Contract Tower,0,3,4,0,7,0,12,59,0,71,0,15,63,0,78,104,0,104,182
12/07/2021,FMN,NM,ASW,WE,Federal Contract Tower,0,10,1,0,11,0,13,13,0,26,0,23,14,0,37,28,0,28,65
12/08/2021,FMN,NM,ASW,WE,Federal Contract Tower,0,9,1,0,10,0,8,26,0,34,0,17,27,0,44,108,0,108,152
12/09/2021,FMN,NM,ASW,WE,Federal Contract Tower,0,12,2,0,14,0,0,19,0,19,0,12,21,0,33,24,0,24,57
12/10/2021,FMN,NM,ASW,WE,Federal Contract Tower,0,11,3,0,14,0,2,3,4,9,0,13,6,4,23,0,0,0,23
12/11/2021,FMN,NM,ASW,WE,Federal Contract Tower,0,7,6,0,13,0,6,47,0,53,0,13,53,0,66,155,0,155,221
12/12/2021,FMN,NM,ASW,WE,Federal Contract Tower,0,4,4,0,8,0,11,36,0,47,0,15,40,0,55,64,0,64,119
12/13/2021,FMN,NM,ASW,WE,Federal Contract Tower,0,5,9,4,18,0,5,51,0,56,0,10,60,4,74,128,0,128,202
12/14/2021,FMN,NM,ASW,WE,Federal Contract Tower,0,18,0,0,18,0,1,12,0,13,0,19,12,0,31,22,0,22,53
12/15/2021,FMN,NM,ASW,WE,Federal Contract Tower,0,8,0,0,8,0,12,46,0,58,0,20,46,0,66,56,0,56,122
12/16/2021,FMN,NM,ASW,WE,Federal Contract Tower,0,10,4,0,14,0,32,89,1,122,0,42,93,1,136,138,0,138,274
12/17/2021,FMN,NM,ASW,WE,Federal Contract Tower,0,10,2,0,12,0,7,40,0,47,0,17,42,0,59,82,0,82,141
12/18/2021,FMN,NM,ASW,WE,Federal Contract Tower,0,8,3,0,11,0,4,59,0,63,0,12,62,0,74,81,0,81,155
12/19/2021,FMN,NM,ASW,WE,Federal Contract Tower,0,7,0,0,7,0,2,93,0,95,0,9,93,0,102,64,2,66,168
12/20/2021,FMN,NM,ASW,WE,Federal Contract Tower,0,6,1,0,7,0,13,34,0,47,0,19,35,0,54,88,0,88,142
12/21/2021,FMN,NM,ASW,WE,Federal Contract Tower,0,10,0,2,12,0,5,21,0,26,0,15,21,2,38,52,0,52,90
12/22/2021,FMN,NM,ASW,WE,Federal Contract Tower,0,7,4,0,11,0,23,28,0,51,0,30,32,0,62,22,0,22,84
12/23/2021,FMN,NM,ASW,WE,Federal Contract Tower,0,14,2,0,16,0,9,16,0,25,0,23,18,0,41,12,0,12,53
12/24/2021,FMN,NM,ASW,WE,Federal Contract Tower,0,6,1,0,7,0,0,2,0,2,0,6,3,0,9,0,0,0,9
12/25/2021,FMN,NM,ASW,WE,Federal Contract Tower,0,7,3,0,10,0,7,3,0,10,0,14,6,0,20,0,0,0,20
12/26/2021,FMN,NM,ASW,WE,Federal Contract Tower,0,12,0,0,12,0,4,8,0,12,0,16,8,0,24,0,0,0,24
12/27/2021,FMN,NM,ASW,WE,Federal Contract Tower,0,10,12,2,24,0,8,44,7,59,0,18,56,9,83,60,0,60,143
12/28/2021,FMN,NM,ASW,WE,Federal Contract Tower,0,19,1,3,23,0,5,0,0,5,0,24,1,3,28,0,2,2,30
12/29/2021,FMN,NM,ASW,WE,Federal Contract Tower,0,12,0,0,12,0,4,5,0,9,0,16,5,0,21,0,0,0,21
12/30/2021,FMN,NM,ASW,WE,Federal Contract Tower,0,7,9,0,16,0,6,10,0,16,0,13,19,0,32,48,0,48,80
12/31/2021,FMN,NM,ASW,WE,Federal Contract Tower,0,14,0,0,14,0,2,5,0,7,0,16,5,0,21,24,0,24,45
01/01/2022,FMN,NM,ASW,WE,Federal Contract Tower,0,7,2,0,9,0,6,0,0,6,0,13,2,0,15,0,0,0,15
01/02/2022,FMN,NM,ASW,WE,Federal Contract Tower,0,7,0,2,9,0,0,26,2,28,0,7,26,4,37,80,0,80,117
01/03/2022,FMN,NM,ASW,WE,Federal Contract Tower,0,10,1,0,11,0,11,30,0,41,0,21,31,0,52,52,0,52,104
01/04/2022,FMN,NM,ASW,WE,Federal Contract Tower,0,13,0,0,13,0,2,15,0,17,0,15,15,0,30,40,0,40,70
01/05/2022,FMN,NM,ASW,WE,Federal Contract Tower,0,8,1,0,9,0,10,10,0,20,0,18,11,0,29,78,0,78,107
01/06/2022,FMN,NM,ASW,WE,Federal Contract Tower,0,7,4,0,11,0,10,17,0,27,0,17,21,0,38,0,0,0,38
01/07/2022,FMN,NM,ASW,WE,Federal Contract Tower,0,6,1,0,7,0,11,42,0,53,0,17,43,0,60,136,0,136,196
01/08/2022,FMN,NM,ASW,WE,Federal Contract Tower,0,9,3,0,12,0,2,25,2,29,0,11,28,2,41,12,24,36,77
01/09/2022,FMN,NM,ASW,WE,Federal Contract Tower,0,2,1,5,8,0,5,34,7,46,0,7,35,12,54,28,0,28,82
01/10/2022,FMN,NM,ASW,WE,Federal Contract Tower,0,2,2,0,4,0,24,27,3,54,0,26,29,3,58,76,0,76,134
01/11/2022,FMN,NM,ASW,WE,Federal Contract Tower,0,7,1,0,8,0,12,34,0,46,0,19,35,0,54,46,0,46,100
01/12/2022,FMN,NM,ASW,WE,Federal Contract Tower,0,4,0,0,4,0,5,16,0,21,0,9,16,0,25,76,0,76,101
01/13/2022,FMN,NM,ASW,WE,Federal Contract Tower,0,10,2,0,12,0,5,27,0,32,0,15,29,0,44,94,0,94,138
01/14/2022,FMN,NM,ASW,WE,Federal Contract Tower,0,17,1,1,19,0,2,27,0,29,0,19,28,1,48,12,5,17,65
01/15/2022,FMN,NM,ASW,WE,Federal Contract Tower,0,11,0,0,11,0,10,47,0,57,0,21,47,0,68,28,0,28,96
01/16/2022,FMN,NM,ASW,WE,Federal Contract Tower,0,7,0,0,7,0,0,36,0,36,0,7,36,0,43,108,0,108,151
01/17/2022,FMN,NM,ASW,WE,Federal Contract Tower,0,7,3,3,13,0,15,32,3,50,0,22,35,6,63,60,20,80,143
01/18/2022,FMN,NM,ASW,WE,Federal Contract Tower,0,9,0,1,10,0,7,22,1,30,0,16,22,2,40,40,0,40,80
01/19/2022,FMN,NM,ASW,WE,Federal Contract Tower,0,18,1,0,19,0,4,37,0,41,0,22,38,0,60,112,0,112,172
01/20/2022,FMN,NM,ASW,WE,Federal Contract Tower,0,7,0,0,7,0,6,29,0,35,0,13,29,0,42,58,0,58,100
01/21/2022,FMN,NM,ASW,WE,Federal Contract Tower,0,12,5,4,21,0,11,53,4,68,0,23,58,8,89,96,10,106,195
01/22/2022,FMN,NM,ASW,WE,Federal Contract Tower,0,8,0,0,8,0,12,38,0,50,0,20,38,0,58,92,0,92,150
01/23/2022,FMN,NM,ASW,WE,Federal Contract Tower,0,4,0,3,7,0,5,26,6,37,0,9,26,9,44,70,0,70,114
01/24/2022,FMN,NM,ASW,WE,Federal Contract Tower,0,8,0,0,8,0,4,27,0,31,0,12,27,0,39,114,0,114,153
01/25/2022,FMN,NM,ASW,WE,Federal Contract Tower,0,6,1,1,8,0,12,50,0,62,0,18,51,1,70,80,0,80,150
01/26/2022,FMN,NM,ASW,WE,Federal Contract Tower,0,14,1,0,15,0,19,22,0,41,0,33,23,0,56,88,0,88,144
01/27/2022,FMN,NM,ASW,WE,Federal Contract Tower,0,8,0,0,8,0,19,22,2,43,0,27,22,2,51,68,14,82,133
01/28/2022,FMN,NM,ASW,WE,Federal Contract Tower,0,19,1,0,20,0,12,38,0,50,0,31,39,0,70,42,0,42,112
01/29/2022,FMN,NM,ASW,WE,Federal Contract Tower,0,6,2,0,8,0,15,36,0,51,0,21,38,0,59,64,0,64,123
01/30/2022,FMN,NM,ASW,WE,Federal Contract Tower,0,5,1,0,6,0,2,51,0,53,0,7,52,0,59,92,0,92,151
01/31/2022,FMN,NM,ASW,WE,Federal Contract Tower,0,6,0,0,6,0,13,38,9,60,0,19,38,9,66,84,16,100,166
02/01/2022,FMN,NM,ASW,WE,Federal Contract Tower,0,12,1,2,15,0,6,47,0,53,0,18,48,2,68,76,0,76,144
02/02/2022,FMN,NM,ASW,WE,Federal Contract Tower,0,12,4,0,16,0,7,8,0,15,0,19,12,0,31,116,0,116,147
02/03/2022,FMN,NM,ASW,WE,Federal Contract Tower,0,10,2,0,12,0,12,19,0,31,0,22,21,0,43,80,0,80,123
02/04/2022,FMN,NM,ASW,WE,Federal Contract Tower,0,9,6,0,15,0,6,59,0,65,0,15,65,0,80,86,0,86,166
02/05/2022,FMN,NM,ASW,WE,Federal Contract Tower,0,8,1,1,10,0,2,25,2,29,0,10,26,3,39,72,0,72,111
02/06/2022,FMN,NM,ASW,WE,Federal Contract Tower,0,4,5,0,9,0,3,57,0,60,0,7,62,0,69,76,0,76,145
02/07/2022,FMN,NM,ASW,WE,Federal Contract Tower,0,8,3,3,14,0,23,44,2,69,0,31,47,5,83,96,12,108,191
02/08/2022,FMN,NM,ASW,WE,Federal Contract Tower,0,10,1,0,11,0,13,72,2,87,0,23,73,2,98,22,0,22,120
02/09/2022,FMN,NM,ASW,WE,Federal Contract Tower,0,11,5,0,16,0,5,41,0,46,0,16,46,0,62,76,0,76,138
02/10/2022,FMN,NM,ASW,WE,Federal Contract Tower,0,6,4,1,11,0,11,32,1,44,0,17,36,2,55,138,0,138,193
02/11/2022,FMN,NM,ASW,WE,Federal Contract Tower,0,14,2,0,16,0,9,44,0,53,0,23,46,0,69,82,0,82,151
02/12/2022,FMN,NM,ASW,WE,Federal Contract Tower,0,4,2,0,6,0,4,58,0,62,0,8,60,0,68,74,0,74,142
02/13/2022,FMN,NM,ASW,WE,Federal Contract Tower,0,5,2,1,8,0,4,24,5,33,0,9,26,6,41,64,0,64,105
02/14/2022,FMN,NM,ASW,WE,Federal Contract Tower,0,7,2,0,9,0,5,38,0,43,0,12,40,0,52,52,0,52,104
02/15/2022,FMN,NM,ASW,WE,Federal Contract Tower,0,13,2,2,17,0,15,28,0,43,0,28,30,2,60,56,0,56,116
02/16/2022,FMN,NM,ASW,WE,Federal Contract Tower,0,7,1,0,8,0,8,19,0,27,0,15,20,0,35,34,0,34,69
02/17/2022,FMN,NM,ASW,WE,Federal Contract Tower,0,13,1,0,14,0,3,23,0,26,0,16,24,0,40,40,0,40,80
02/18/2022,FMN,NM,ASW,WE,Federal Contract Tower,0,5,6,0,11,0,3,49,0,52,0,8,55,0,63,76,0,76,139
02/19/2022,FMN,NM,ASW,WE,Federal Contract Tower,0,6,2,0,8,0,25,54,0,79,0,31,56,0,87,96,0,96,183
02/20/2022,FMN,NM,ASW,WE,Federal Contract Tower,0,3,0,0,3,0,2,42,0,44,0,5,42,0,47,100,0,100,147
02/21/2022,FMN,NM,ASW,WE,Federal Contract Tower,0,6,2,0,8,0,16,19,0,35,0,22,21,0,43,60,0,60,103
02/22/2022,FMN,NM,ASW,WE,Federal Contract Tower,0,16,1,0,17,0,24,7,0,31,0,40,8,0,48,42,0,42,90
02/23/2022,FMN,NM,ASW,WE,Federal Contract Tower,0,11,6,0,17,0,1,0,0,1,0,12,6,0,18,0,0,0,18
02/24/2022,FMN,NM,ASW,WE,Federal Contract Tower,0,14,2,0,16,0,11,19,0,30,0,25,21,0,46,60,0,60,106
02/25/2022,FMN,NM,ASW,WE,Federal Contract Tower,0,11,2,0,13,0,3,52,2,57,0,14,54,2,70,72,10,82,152
02/26/2022,FMN,NM,ASW,WE,Federal Contract Tower,0,8,3,0,11,0,5,44,0,49,0,13,47,0,60,204,0,204,264
02/27/2022,FMN,NM,ASW,WE,Federal Contract Tower,0,2,4,0,6,0,11,75,0,86,0,13,79,0,92,108,0,108,200
02/28/2022,FMN,NM,ASW,WE,Federal Contract Tower,0,10,0,0,10,0,34,41,0,75,0,44,41,0,85,146,0,146,231
03/01/2022,FMN,NM,ASW,WE,Federal Contract Tower,0,9,0,2,11,0,18,20,0,38,0,27,20,2,49,120,0,120,169
03/02/2022,FMN,NM,ASW,WE,Federal Contract Tower,0,7,4,0,11,0,9,39,0,48,0,16,43,0,59,48,0,48,107
03/03/2022,FMN,NM,ASW,WE,Federal Contract Tower,0,4,1,0,5,0,3,35,0,38,0,7,36,0,43,106,0,106,149
03/04/2022,FMN,NM,ASW,WE,Federal Contract Tower,0,15,3,6,24,0,1,37,0,38,0,16,40,6,62,28,15,43,105
03/05/2022,FMN,NM,ASW,WE,Federal Contract Tower,0,12,4,4,20,0,8,31,3,42,0,20,35,7,62,74,16,90,152
03/06/2022,FMN,NM,ASW,WE,Federal Contract Tower,0,4,0,0,4,0,0,11,0,11,0,4,11,0,15,54,0,54,69
03/07/2022,FMN,NM,ASW,WE,Federal Contract Tower,0,9,3,2,14,0,3,32,1,36,0,12,35,3,50,110,0,110,160
03/08/2022,FMN,NM,ASW,WE,Federal Contract Tower,0,8,2,0,10,0,20,45,0,65,0,28,47,0,75,138,0,138,213
03/09/2022,FMN,NM,ASW,WE,Federal Contract Tower,0,10,5,0,15,0,7,53,0,60,0,17,58,0,75,56,0,56,131
03/10/2022,FMN,NM,ASW,WE,Federal Contract Tower,0,12,1,0,13,0,3,15,0,18,0,15,16,0,31,12,0,12,43
03/11/2022,FMN,NM,ASW,WE,Federal Contract Tower,0,12,10,0,22,0,11,25,3,39,0,23,35,3,61,12,0,12,73
03/12/2022,FMN,NM,ASW,WE,Federal Contract Tower,0,6,3,0,9,0,1,48,0,49,0,7,51,0,58,92,0,92,150
03/13/2022,FMN,NM,ASW,WE,Federal Contract Tower,0,3,5,10,18,0,17,31,8,56,0,20,36,18,74,80,42,122,196
03/14/2022,FMN,NM,ASW,WE,Federal Contract Tower,0,6,3,0,9,0,7,18,0,25,0,13,21,0,34,36,0,36,70
03/15/2022,FMN,NM,ASW,WE,Federal Contract Tower,0,12,4,0,16,0,9,77,9,95,0,21,81,9,111,104,6,110,221
03/16/2022,FMN,NM,ASW,WE,Federal Contract Tower,0,9,6,0,15,0,8,34,0,42,0,17,40,0,57,82,0,82,139
03/17/2022,FMN,NM,ASW,WE,Federal Contract Tower,0,8,1,0,9,0,7,17,0,24,0,15,18,0,33,56,0,56,89
03/18/2022,FMN,NM,ASW,WE,Federal Contract Tower,0,6,0,4,10,0,4,43,2,49,0,10,43,6,59,92,32,124,183
03/19/2022,FMN,NM,ASW,WE,Federal Contract Tower,0,4,7,2,13,0,8,55,1,64,0,12,62,3,77,72,8,80,157
03/20/2022,FMN,NM,ASW,WE,Federal Contract Tower,0,3,4,0,7,0,10,8,0,18,0,13,12,0,25,40,0,40,65
03/21/2022,FMN,NM,ASW,WE,Federal Contract Tower,0,9,2,0,11,0,14,7,0,21,0,23,9,0,32,34,0,34,66
03/22/2022,FMN,NM,ASW,WE,Federal Contract Tower,0,16,0,0,16,0,14,40,0,54,0,30,40,0,70,66,0,66,136
03/23/2022,FMN,NM,ASW,WE,Federal Contract Tower,0,16,2,0,18,0,5,19,1,25,0,21,21,1,43,62,0,62,105
03/24/2022,FMN,NM,ASW,WE,Federal Contract Tower,0,5,2,2,9,0,2,27,0,29,0,7,29,2,38,24,0,24,62
03/25/2022,FMN,NM,ASW,WE,Federal Contract Tower,0,6,6,0,12,0,8,41,0,49,0,14,47,0,61,94,0,94,155
03/26/2022,FMN,NM,ASW,WE,Federal Contract Tower,0,2,0,0,2,0,4,42,0,46,0,6,42,0,48,58,0,58,106
03/27/2022,FMN,NM,ASW,WE,Federal Contract Tower,0,6,2,0,8,0,2,37,0,39,0,8,39,0,47,102,0,102,149
03/28/2022,FMN,NM,ASW,WE,Federal Contract Tower,0,13,0,0,13,0,8,61,0,69,0,21,61,0,82,132,0,132,214
03/29/2022,FMN,NM,ASW,WE,Federal Contract Tower,0,16,2,0,18,0,10,5,0,15,0,26,7,0,33,6,0,6,39
03/30/2022,FMN,NM,ASW,WE,Federal Contract Tower,0,12,4,0,16,0,2,10,0,12,0,14,14,0,28,42,0,42,70
03/31/2022,FMN,NM,ASW,WE,Federal Contract Tower,0,10,3,0,13,0,9,39,7,55,0,19,42,7,68,140,0,140,208
04/01/2022,FMN,NM,ASW,WE,Federal Contract Tower,0,9,7,0,16,0,2,42,0,44,0,11,49,0,60,52,0,52,112
04/02/2022,FMN,NM,ASW,WE,Federal Contract Tower,0,7,9,0,16,0,11,65,1,77,0,18,74,1,93,188,0,188,281
04/03/2022,FMN,NM,ASW,WE,Federal Contract Tower,0,6,4,0,10,0,5,24,0,29,0,11,28,0,39,112,0,112,151
04/04/2022,FMN,NM,ASW,WE,Federal Contract Tower,0,8,4,0,12,0,14,35,0,49,0,22,39,0,61,36,0,36,97
04/05/2022,FMN,NM,ASW,WE,Federal Contract Tower,0,9,0,0,9,0,13,24,0,37,0,22,24,0,46,22,0,22,68
04/06/2022,FMN,NM,ASW,WE,Federal Contract Tower,0,11,1,0,12,0,2,5,0,7,0,13,6,0,19,18,0,18,37
04/07/2022,FMN,NM,ASW,WE,Federal Contract Tower,0,10,4,0,14,0,9,30,0,39,0,19,34,0,53,82,0,82,135
04/08/2022,FMN,NM,ASW,WE,Federal Contract Tower,0,14,10,0,24,0,5,54,0,59,0,19,64,0,83,96,0,96,179
04/09/2022,FMN,NM,ASW,WE,Federal Contract Tower,0,8,0,0,8,0,6,43,1,50,0,14,43,1,58,92,0,92,150
04/10/2022,FMN,NM,ASW,WE,Federal Contract Tower,0,8,9,0,17,0,6,8,0,14,0,14,17,0,31,42,0,42,73
04/11/2022,FMN,NM,ASW,WE,Federal Contract Tower,0,9,0,0,9,0,6,30,0,36,0,15,30,0,45,88,0,88,133
04/12/2022,FMN,NM,ASW,WE,Federal Contract Tower,0,14,2,0,16,0,5,1,0,6,0,19,3,0,22,0,0,0,22
04/13/2022,FMN,NM,ASW,WE,Federal Contract Tower,0,7,4,0,11,0,3,61,0,64,0,10,65,0,75,64,0,64,139
04/14/2022,FMN,NM,ASW,WE,Federal Contract Tower,0,11,6,0,17,0,12,32,0,44,0,23,38,0,61,124,0,124,185
04/15/2022,FMN,NM,ASW,WE,Federal Contract Tower,0,5,3,0,8,0,6,53,0,59,0,11,56,0,67,56,0,56,123
04/16/2022,FMN,NM,ASW,WE,Federal Contract Tower,0,4,0,0,4,0,6,47,0,53,0,10,47,0,57,48,0,48,105
04/17/2022,FMN,NM,ASW,WE,Federal Contract Tower,0,11,1,0,12,0,6,121,0,127,0,17,122,0,139,100,0,100,239
04/18/2022,FMN,NM,ASW,WE,Federal Contract Tower,0,6,5,0,11,0,12,79,0,91,0,18,84,0,102,180,0,180,282
04/19/2022,FMN,NM,ASW,WE,Federal Contract Tower,0,5,1,0,6,0,12,43,0,55,0,17,44,0,61,26,0,26,87
04/20/2022,FMN,NM,ASW,WE,Federal Contract Tower,0,3,1,0,4,0,6,67,0,73,0,9,68,0,77,80,0,80,157
04/21/2022,FMN,NM,ASW,WE,Federal Contract Tower,0,6,2,0,8,0,5,39,7,51,0,11,41,7,59,134,0,134,193
04/22/2022,FMN,NM,ASW,WE,Federal Contract Tower,0,4,3,0,7,0,1,12,0,13,0,5,15,0,20,0,0,0,20
04/23/2022,FMN,NM,ASW,WE,Federal Contract Tower,0,4,7,0,11,0,6,24,1,31,0,10,31,1,42,54,0,54,96
04/24/2022,FMN,NM,ASW,WE,Federal Contract Tower,0,3,7,0,10,0,8,31,8,47,0,11,38,8,57,62,0,62,119
04/25/2022,FMN,NM,ASW,WE,Federal Contract Tower,0,3,0,9,12,0,22,38,35,95,0,25,38,44,107,112,34,146,253
04/26/2022,FMN,NM,ASW,WE,Federal Contract Tower,0,7,1,0,8,0,19,46,0,65,0,26,47,0,73,20,28,48,121
04/27/2022,FMN,NM,ASW,WE,Federal Contract Tower,0,11,4,0,15,0,8,19,0,27,0,19,23,0,42,44,0,44,86
04/28/2022,FMN,NM,ASW,WE,Federal Contract Tower,0,7,3,2,12,0,7,36,3,46,0,14,39,5,58,102,0,102,160
04/29/2022,FMN,NM,ASW,WE,Federal Contract Tower,0,11,4,0,15,0,3,25,0,28,0,14,29,0,43,72,0,72,115
04/30/2022,FMN,NM,ASW,WE,Federal Contract Tower,0,4,7,0,11,0,13,59,0,72,0,17,66,0,83,78,0,78,161
05/01/2022,FMN,NM,ASW,WE,Federal Contract Tower,0,3,9,0,12,0,3,14,0,17,0,6,23,0,29,20,0,20,49
05/02/2022,FMN,NM,ASW,WE,Federal Contract Tower,0,9,0,0,9,0,8,16,5,29,0,17,16,5,38,18,0,18,56
05/03/2022,FMN,NM,ASW,WE,Federal Contract Tower,0,16,4,6,26,0,8,21,0,29,0,24,25,6,55,40,0,40,95
05/04/2022,FMN,NM,ASW,WE,Federal Contract Tower,0,6,6,0,12,0,7,22,2,31,0,13,28,2,43,38,0,38,81
05/05/2022,FMN,NM,ASW,WE,Federal Contract Tower,0,10,3,0,13,0,2,24,1,27,0,12,27,1,40,48,0,48,88
05/06/2022,FMN,NM,ASW,WE,Federal Contract Tower,0,12,9,3,24,0,10,44,3,57,0,22,53,6,81,132,16,148,229
05/07/2022,FMN,NM,ASW,WE,Federal Contract Tower,0,12,0,0,12,0,3,25,0,28,0,15,25,0,40,28,0,28,68
05/08/2022,FMN,NM,ASW,WE,Federal Contract Tower,0,1,8,0,9,0,8,11,0,19,0,9,19,0,28,8,0,8,36
05/09/2022,FMN,NM,ASW,WE,Federal Contract Tower,0,8,4,4,16,0,14,24,6,44,0,22,28,10,60,12,0,12,72
05/10/2022,FMN,NM,ASW,WE,Federal Contract Tower,0,6,2,2,10,0,8,13,0,21,0,14,15,2,31,22,0,22,53
05/11/2022,FMN,NM,ASW,WE,Federal Contract Tower,0,5,3,0,8,0,4,18,8,30,0,9,21,8,38,76,0,76,114
05/12/2022,FMN,NM,ASW,WE,Federal Contract Tower,0,9,2,0,11,0,5,31,0,36,0,14,33,0,47,50,0,50,97
05/13/2022,FMN,NM,ASW,WE,Federal Contract Tower,0,5,6,0,11,0,16,37,0,53,0,21,43,0,64,60,0,60,124
05/14/2022,FMN,NM,ASW,WE,Federal Contract Tower,0,5,3,0,8,0,5,32,0,37,0,10,35,0,45,51,0,51,96
05/15/2022,FMN,NM,ASW,WE,Federal Contract Tower,0,5,2,0,7,0,5,28,2,35,0,10,30,2,42,40,0,40,82
05/16/2022,FMN,NM,ASW,WE,Federal Contract Tower,0,7,3,0,10,0,7,38,1,46,0,14,41,1,56,116,0,116,172
05/17/2022,FMN,NM,ASW,WE,Federal Contract Tower,0,9,1,0,10,0,11,54,0,65,0,20,55,0,75,86,0,86,161
05/18/2022,FMN,NM,ASW,WE,Federal Contract Tower,0,7,6,0,13,0,4,90,4,98,0,11,96,4,111,102,0,102,213
05/19/2022,FMN,NM,ASW,WE,Federal Contract Tower,0,6,2,0,8,0,3,23,8,34,0,9,25,8,42,24,0,24,66
05/20/2022,FMN,NM,ASW,WE,Federal Contract Tower,0,12,6,0,18,0,6,28,0,34,0,18,34,0,52,12,0,12,64
05/21/2022,FMN,NM,ASW,WE,Federal Contract Tower,0,7,6,0,13,0,11,37,0,48,0,18,43,0,61,60,0,60,121
05/22/2022,FMN,NM,ASW,WE,Federal Contract Tower,0,10,6,2,18,0,7,31,30,68,0,17,37,32,86,18,0,18,104
05/23/2022,FMN,NM,ASW,WE,Federal Contract Tower,0,3,1,0,4,0,8,34,2,44,0,11,35,2,48,50,0,50,98
05/24/2022,FMN,NM,ASW,WE,Federal Contract Tower,0,10,0,0,10,0,12,27,0,39,0,22,27,0,49,50,0,50,99
05/25/2022,FMN,NM,ASW,WE,Federal Contract Tower,0,8,3,0,11,0,4,25,0,29,0,12,28,0,40,64,0,64,104
05/26/2022,FMN,NM,ASW,WE,Federal Contract Tower,0,4,2,2,8,0,4,27,0,31,0,8,29,2,39,82,22,104,143
05/27/2022,FMN,NM,ASW,WE,Federal Contract Tower,0,7,9,0,16,0,12,43,0,55,0,19,52,0,71,48,0,48,119
05/28/2022,FMN,NM,ASW,WE,Federal Contract Tower,0,9,1,0,10,0,8,15,0,23,0,17,16,0,33,52,0,52,85
05/29/2022,FMN,NM,ASW,WE,Federal Contract Tower,0,4,4,0,8,0,0,24,0,24,0,4,28,0,32,12,0,12,44
05/30/2022,FMN,NM,ASW,WE,Federal Contract Tower,0,13,0,0,13,0,11,31,0,42,0,24,31,0,55,42,0,42,97
05/31/2022,FMN,NM,ASW,WE,Federal Contract Tower,0,4,8,0,12,0,9,27,3,39,0,13,35,3,51,58,25,83,134
06/01/2022,FMN,NM,ASW,WE,Federal Contract Tower,0,9,2,0,11,0,7,37,1,45,0,16,39,1,56,46,0,46,102
06/02/2022,FMN,NM,ASW,WE,Federal Contract Tower,0,7,0,0,7,0,7,30,0,37,0,14,30,0,44,56,0,56,100
06/03/2022,FMN,NM,ASW,WE,Federal Contract Tower,0,6,3,0,9,0,12,39,0,51,0,18,42,0,60,30,0,30,90
06/04/2022,FMN,NM,ASW,WE,Federal Contract Tower,0,3,1,0,4,0,9,36,0,45,0,12,37,0,49,106,0,106,155
06/05/2022,FMN,NM,ASW,WE,Federal Contract Tower,0,1,0,0,1,0,5,23,0,28,0,6,23,0,29,86,0,86,115
06/06/2022,FMN,NM,ASW,WE,Federal Contract Tower,0,5,2,2,9,0,9,28,0,37,0,14,30,2,46,66,0,66,112
06/07/2022,FMN,NM,ASW,WE,Federal Contract Tower,0,8,0,0,8,0,10,24,0,34,0,18,24,0,42,42,0,42,84
06/08/2022,FMN,NM,ASW,WE,Federal Contract Tower,0,11,2,0,13,0,5,48,0,53,0,16,50,0,66,100,0,100,166
06/09/2022,FMN,NM,ASW,WE,Federal Contract Tower,0,15,4,0,19,0,9,26,0,35,0,24,30,0,54,72,0,72,126
06/10/2022,FMN,NM,ASW,WE,Federal Contract Tower,0,6,2,1,9,0,15,38,1,54,0,21,40,2,63,88,0,88,151
06/11/2022,FMN,NM,ASW,WE,Federal Contract Tower,0,9,3,0,12,0,8,12,4,24,0,17,15,4,36,18,0,18,54
06/12/2022,FMN,NM,ASW,WE,Federal Contract Tower,0,9,2,1,12,0,12,29,0,41,0,21,31,1,53,80,0,80,133
06/13/2022,FMN,NM,ASW,WE,Federal Contract Tower,0,12,2,8,22,0,4,11,8,23,0,16,13,16,45,0,0,0,45
06/14/2022,FMN,NM,ASW,WE,Federal Contract Tower,0,8,2,0,10,0,6,51,8,65,0,14,53,8,75,46,0,46,121
06/15/2022,FMN,NM,ASW,WE,Federal Contract Tower,0,7,0,0,7,0,4,34,0,38,0,11,34,0,45,62,0,62,107
06/16/2022,FMN,NM,ASW,WE,Federal Contract Tower,0,8,0,3,11,0,8,21,3,32,0,16,21,6,43,34,0,34,77
06/17/2022,FMN,NM,ASW,WE,Federal Contract Tower,0,8,3,0,11,0,3,11,7,21,0,11,14,7,32,8,2,10,42
06/18/2022,FMN,NM,ASW,WE,Federal Contract Tower,0,6,1,0,7,0,2,13,0,15,0,8,14,0,22,68,0,68,90
06/19/2022,FMN,NM,ASW,WE,Federal Contract Tower,0,2,5,0,7,0,1,13,0,14,0,3,18,0,21,10,0,10,31
06/20/2022,FMN,NM,ASW,WE,Federal Contract Tower,0,7,0,0,7,0,5,49,0,54,0,12,49,0,61,112,0,112,173
06/21/2022,FMN,NM,ASW,WE,Federal Contract Tower,0,7,1,0,8,0,8,68,0,76,0,15,69,0,84,36,0,36,120
06/22/2022,FMN,NM,ASW,WE,Federal Contract Tower,0,10,3,0,13,0,8,17,0,25,0,18,20,0,38,32,0,32,70
06/23/2022,FMN,NM,ASW,WE,Federal Contract Tower,0,5,4,0,9,0,3,37,1,41,0,8,41,1,50,78,0,78,128
06/24/2022,FMN,NM,ASW,WE,Federal Contract Tower,0,10,3,2,15,0,6,43,0,49,0,16,46,2,64,70,0,70,134
06/25/2022,FMN,NM,ASW,WE,Federal Contract Tower,0,5,3,2,10,0,8,32,1,41,0,13,35,3,51,68,0,68,119
06/26/2022,FMN,NM,ASW,WE,Federal Contract Tower,0,5,0,0,5,0,2,12,0,14,0,7,12,0,19,10,0,10,29
06/27/2022,FMN,NM,ASW,WE,Federal Contract Tower,0,8,5,0,13,0,9,42,4,55,0,17,47,4,68,96,0,96,164
06/28/2022,FMN,NM,ASW,WE,Federal Contract Tower,0,11,2,0,13,0,16,49,0,65,0,27,51,0,78,42,0,42,120
06/29/2022,FMN,NM,ASW,WE,Federal Contract Tower,0,5,8,0,13,0,7,37,0,44,0,12,45,0,57,56,0,56,113
06/30/2022,FMN,NM,ASW,WE,Federal Contract Tower,0,7,4,10,21,0,5,29,0,34,0,12,33,10,55,52,0,52,107
07/01/2022,FMN,NM,ASW,WE,Federal Contract Tower,0,10,4,0,14,0,6,40,0,46,0,16,44,0,60,114,0,114,174
07/02/2022,FMN,NM,ASW,WE,Federal Contract Tower,0,5,2,0,7,0,5,31,0,36,0,10,33,0,43,86,0,86,129
07/03/2022,FMN,NM,ASW,WE,Federal Contract Tower,0,2,6,0,8,0,10,8,0,18,0,12,14,0,26,12,0,12,38
07/04/2022,FMN,NM,ASW,WE,Federal Contract Tower,0,6,4,0,10,0,1,24,0,25,0,7,28,0,35,47,0,47,82
07/05/2022,FMN,NM,ASW,WE,Federal Contract Tower,0,9,0,0,9,0,5,30,2,37,0,14,30,2,46,46,0,46,92
07/06/2022,FMN,NM,ASW,WE,Federal Contract Tower,0,8,3,0,11,0,6,52,3,61,0,14,55,3,72,66,48,114,186
07/07/2022,FMN,NM,ASW,WE,Federal Contract Tower,0,7,4,0,11,0,10,61,4,75,0,17,65,4,86,82,0,82,168
07/08/2022,FMN,NM,ASW,WE,Federal Contract Tower,0,7,2,0,9,0,8,33,1,42,0,15,35,1,51,37,0,37,88
07/09/2022,FMN,NM,ASW,WE,Federal Contract Tower,0,7,7,0,14,0,11,35,0,46,0,18,42,0,60,66,0,66,126
07/10/2022,FMN,NM,ASW,WE,Federal Contract Tower,0,6,1,0,7,0,3,33,0,36,0,9,34,0,43,86,0,86,129
07/11/2022,FMN,NM,ASW,WE,Federal Contract Tower,0,5,1,0,6,0,9,30,6,45,0,14,31,6,51,20,6,26,77
07/12/2022,FMN,NM,ASW,WE,Federal Contract Tower,0,9,2,0,11,0,5,40,0,45,0,14,42,0,56,76,0,76,132
07/13/2022,FMN,NM,ASW,WE,Federal Contract Tower,0,7,5,0,12,0,8,37,0,45,0,15,42,0,57,82,0,82,139
07/14/2022,FMN,NM,ASW,WE,Federal Contract Tower,0,6,1,0,7,0,4,36,0,40,0,10,37,0,47,84,0,84,131
07/15/2022,FMN,NM,ASW,WE,Federal Contract Tower,0,6,0,8,14,0,6,25,1,32,0,12,25,9,46,128,34,162,208
07/16/2022,FMN,NM,ASW,WE,Federal Contract Tower,0,9,1,0,10,0,3,25,0,28,0,12,26,0,38,134,0,134,172
07/17/2022,FMN,NM,ASW,WE,Federal Contract Tower,0,1,0,1,2,0,4,35,1,40,0,5,35,2,42,6,0,6,48
07/18/2022,FMN,NM,ASW,WE,Federal Contract Tower,0,4,0,0,4,0,10,35,0,45,0,14,35,0,49,38,0,38,87
07/19/2022,FMN,NM,ASW,WE,Federal Contract Tower,0,12,1,0,13,0,15,32,0,47,0,27,33,0,60,54,0,54,114
07/20/2022,FMN,NM,ASW,WE,Federal Contract Tower,0,8,2,0,10,0,4,27,0,31,0,12,29,0,41,66,0,66,107
07/21/2022,FMN,NM,ASW,WE,Federal Contract Tower,0,6,4,0,10,0,4,24,0,28,0,10,28,0,38,107,0,107,145
07/22/2022,FMN,NM,ASW,WE,Federal Contract Tower,0,12,0,0,12,0,4,34,0,38,0,16,34,0,50,50,0,50,100
07/23/2022,FMN,NM,ASW,WE,Federal Contract Tower,0,5,0,0,5,0,5,26,0,31,0,10,26,0,36,54,0,54,90
07/24/2022,FMN,NM,ASW,WE,Federal Contract Tower,0,8,0,0,8,0,1,13,0,14,0,9,13,0,22,18,0,18,40
07/25/2022,FMN,NM,ASW,WE,Federal Contract Tower,0,14,1,0,15,0,8,16,0,24,0,22,17,0,39,36,0,36,75
07/26/2022,FMN,NM,ASW,WE,Federal Contract Tower,0,11,1,0,12,0,10,24,0,34,0,21,25,0,46,62,0,62,108
07/27/2022,FMN,NM,ASW,WE,Federal Contract Tower,0,15,0,0,15,0,6,30,0,36,0,21,30,0,51,70,0,70,121
07/28/2022,FMN,NM,ASW,WE,Federal Contract Tower,0,6,8,0,14,0,3,57,0,60,0,9,65,0,74,64,0,64,138
07/29/2022,FMN,NM,ASW,WE,Federal Contract Tower,0,18,0,2,20,0,4,11,2,17,0,22,11,4,37,16,12,28,65
07/30/2022,FMN,NM,ASW,WE,Federal Contract Tower,0,10,1,0,11,0,2,29,1,32,0,12,30,1,43,34,0,34,77
07/31/2022,FMN,NM,ASW,WE,Federal Contract Tower,0,2,1,0,3,0,4,46,12,62,0,6,47,12,65,40,0,40,105
08/01/2022,FMN,NM,ASW,WE,Federal Contract Tower,0,4,2,0,6,0,21,30,0,51,0,25,32,0,57,38,0,38,95
08/02/2022,FMN,NM,ASW,WE,Federal Contract Tower,0,10,0,0,10,0,11,30,0,41,0,21,30,0,51,124,0,124,175
08/03/2022,FMN,NM,ASW,WE,Federal Contract Tower,0,7,4,0,11,0,3,29,0,32,0,10,33,0,43,72,0,72,115
08/04/2022,FMN,NM,ASW,WE,Federal Contract Tower,0,5,0,0,5,0,13,32,0,45,0,18,32,0,50,72,0,72,122
08/05/2022,FMN,NM,ASW,WE,Federal Contract Tower,0,7,2,0,9,0,4,41,0,45,0,11,43,0,54,46,0,46,100
08/06/2022,FMN,NM,ASW,WE,Federal Contract Tower,5,2,0,0,7,0,10,36,0,46,5,12,36,0,53,60,0,60,113
08/07/2022,FMN,NM,ASW,WE,Federal Contract Tower,0,5,0,0,5,0,9,27,0,36,0,14,27,0,41,54,0,54,95
08/08/2022,FMN,NM,ASW,WE,Federal Contract Tower,0,8,4,0,12,0,10,47,0,57,0,18,51,0,69,36,0,36,105
08/09/2022,FMN,NM,ASW,WE,Federal Contract Tower,0,10,1,0,11,0,17,64,0,81,0,27,65,0,92,120,0,120,212
08/10/2022,FMN,NM,ASW,WE,Federal Contract Tower,0,9,7,0,16,0,6,59,0,65,0,15,66,0,81,132,0,132,213
08/11/2022,FMN,NM,ASW,WE,Federal Contract Tower,0,5,1,0,6,0,12,62,0,74,0,17,63,0,80,76,0,76,156
08/12/2022,FMN,NM,ASW,WE,Federal Contract Tower,0,7,0,0,7,0,10,52,0,62,0,17,52,0,69,90,0,90,159
08/13/2022,FMN,NM,ASW,WE,Federal Contract Tower,0,7,0,0,7,0,4,44,4,52,0,11,44,4,59,148,0,148,207
08/14/2022,FMN,NM,ASW,WE,Federal Contract Tower,0,3,1,0,4,0,6,28,0,34,0,9,29,0,38,46,0,46,84
08/15/2022,FMN,NM,ASW,WE,Federal Contract Tower,0,9,2,0,11,0,18,44,0,62,0,27,46,0,73,80,0,80,153
08/16/2022,FMN,NM,ASW,WE,Federal Contract Tower,0,12,2,0,14,0,21,49,0,70,0,33,51,0,84,106,0,106,190
08/17/2022,FMN,NM,ASW,WE,Federal Contract Tower,0,6,7,0,13,0,8,45,0,53,0,14,52,0,66,96,0,96,162
08/18/2022,FMN,NM,ASW,WE,Federal Contract Tower,0,12,11,0,23,0,10,23,0,33,0,22,34,0,56,48,0,48,104
08/19/2022,FMN,NM,ASW,WE,Federal Contract Tower,0,7,3,0,10,0,12,26,2,40,0,19,29,2,50,116,0,116,166
08/20/2022,FMN,NM,ASW,WE,Federal Contract Tower,0,15,2,3,20,0,5,16,1,22,0,20,18,4,42,50,10,60,102
08/21/2022,FMN,NM,ASW,WE,Federal Contract Tower,0,5,3,0,8,0,13,39,0,52,0,18,42,0,60,68,0,68,128
08/22/2022,FMN,NM,ASW,WE,Federal Contract Tower,0,8,1,0,9,0,8,37,0,45,0,16,38,0,54,78,0,78,132
08/23/2022,FMN,NM,ASW,WE,Federal Contract Tower,0,7,5,0,12,0,4,37,1,42,0,11,42,1,54,86,0,86,140
08/24/2022,FMN,NM,ASW,WE,Federal Contract Tower,0,11,3,0,14,0,7,70,0,77,0,18,73,0,91,166,0,166,257
08/25/2022,FMN,NM,ASW,WE,Federal Contract Tower,0,8,0,4,12,0,6,40,0,46,0,14,40,4,58,108,0,108,166
08/26/2022,FMN,NM,ASW,WE,Federal Contract Tower,0,10,1,0,11,0,2,24,3,29,0,12,25,3,40,94,0,94,134
08/27/2022,FMN,NM,ASW,WE,Federal Contract Tower,0,7,0,0,7,0,2,39,3,44,0,9,39,3,51,178,0,178,229
08/28/2022,FMN,NM,ASW,WE,Federal Contract Tower,0,3,1,0,4,0,6,17,6,29,0,9,18,6,33,40,0,40,73
08/29/2022,FMN,NM,ASW,WE,Federal Contract Tower,0,11,2,0,13,0,6,31,44,81,0,17,33,44,94,114,0,114,208
08/30/2022,FMN,NM,ASW,WE,Federal Contract Tower,0,7,1,0,8,0,12,48,0,60,0,19,49,0,68,84,0,84,152
08/31/2022,FMN,NM,ASW,WE,Federal Contract Tower,0,12,0,0,12,0,5,64,3,72,0,17,64,3,84,130,0,130,214
09/01/2022,FMN,NM,ASW,WE,Federal Contract Tower,0,8,3,2,13,0,6,47,0,53,0,14,50,2,66,160,0,160,226
09/02/2022,FMN,NM,ASW,WE,Federal Contract Tower,0,7,6,0,13,0,7,47,0,54,0,14,53,0,67,76,0,76,143
09/03/2022,FMN,NM,ASW,WE,Federal Contract Tower,0,9,0,0,9,0,3,37,0,40,0,12,37,0,49,64,0,64,113
09/04/2022,FMN,NM,ASW,WE,Federal Contract Tower,0,10,2,0,12,0,11,30,0,41,0,21,32,0,53,136,0,136,189
09/05/2022,FMN,NM,ASW,WE,Federal Contract Tower,0,1,5,0,6,0,4,39,0,43,0,5,44,0,49,94,0,94,143
09/06/2022,FMN,NM,ASW,WE,Federal Contract Tower,0,7,4,0,11,0,13,52,0,65,0,20,56,0,76,64,0,64,140
09/07/2022,FMN,NM,ASW,WE,Federal Contract Tower,0,16,5,0,21,0,2,59,0,61,0,18,64,0,82,168,0,168,250
09/08/2022,FMN,NM,ASW,WE,Federal Contract Tower,0,14,12,0,26,0,14,42,3,59,0,28,54,3,85,168,0,168,253
09/09/2022,FMN,NM,ASW,WE,Federal Contract Tower,0,14,1,0,15,0,12,55,0,67,0,26,56,0,82,130,0,130,212
09/10/2022,FMN,NM,ASW,WE,Federal Contract Tower,0,11,4,0,15,0,7,64,0,71,0,18,68,0,86,152,0,152,238
09/11/2022,FMN,NM,ASW,WE,Federal Contract Tower,0,9,5,0,14,0,1,31,0,32,0,10,36,0,46,60,0,60,106
09/12/2022,FMN,NM,ASW,WE,Federal Contract Tower,0,14,6,0,20,0,20,32,1,53,0,34,38,1,73,124,6,130,203
09/13/2022,FMN,NM,ASW,WE,Federal Contract Tower,0,16,12,0,28,0,11,86,0,97,0,27,98,0,125,144,0,144,269
09/14/2022,FMN,NM,ASW,WE,Federal Contract Tower,0,18,7,0,25,0,9,36,2,47,0,27,43,2,72,18,0,18,90
09/15/2022,FMN,NM,ASW,WE,Federal Contract Tower,0,16,7,0,23,0,12,45,0,57,0,28,52,0,80,80,0,80,160
09/16/2022,FMN,NM,ASW,WE,Federal Contract Tower,0,12,5,0,17,0,14,45,0,59,0,26,50,0,76,90,0,90,166
09/17/2022,FMN,NM,ASW,WE,Federal Contract Tower,0,10,1,0,11,0,8,39,0,47,0,18,40,0,58,78,0,78,136
09/18/2022,FMN,NM,ASW,WE,Federal Contract Tower,0,2,5,0,7,0,5,27,0,32,0,7,32,0,39,54,0,54,93
09/19/2022,FMN,NM,ASW,WE,Federal Contract Tower,0,12,5,2,19,0,6,46,2,54,0,18,51,4,73,98,0,98,171
09/20/2022,FMN,NM,ASW,WE,Federal Contract Tower,0,6,5,0,11,0,1,36,0,37,0,7,41,0,48,76,0,76,124
09/21/2022,FMN,NM,ASW,WE,Federal Contract Tower,0,9,9,0,18,0,3,13,0,16,0,12,22,0,34,78,0,78,112
09/22/2022,FMN,NM,ASW,WE,Federal Contract Tower,0,6,6,0,12,0,10,21,0,31,0,16,27,0,43,18,0,18,61
09/23/2022,FMN,NM,ASW,WE,Federal Contract Tower,0,13,3,0,16,0,7,64,0,71,0,20,67,0,87,120,0,120,207
09/24/2022,FMN,NM,ASW,WE,Federal Contract Tower,0,9,1,1,11,0,4,55,2,61,0,13,56,3,72,106,0,106,178
09/25/2022,FMN,NM,ASW,WE,Federal Contract Tower,0,5,1,0,6,0,2,27,0,29,0,7,28,0,35,64,0,64,99
09/26/2022,FMN,NM,ASW,WE,Federal Contract Tower,0,7,4,2,13,0,8,59,0,67,0,15,63,2,80,142,0,142,222
09/27/2022,FMN,NM,ASW,WE,Federal Contract Tower,0,9,3,0,12,0,6,53,0,59,0,15,56,0,71,124,0,124,195
09/28/2022,FMN,NM,ASW,WE,Federal Contract Tower,0,9,6,0,15,0,10,57,0,67,0,19,63,0,82,166,0,166,248
09/29/2022,FMN,NM,ASW,WE,Federal Contract Tower,0,9,0,0,9,0,4,48,0,52,0,13,48,0,61,180,0,180,241
09/30/2022,FMN,NM,ASW,WE,Federal Contract Tower,0,11,3,0,14,0,6,40,0,46,0,17,43,0,60,132,0,132,192
10/01/2022,FMN,NM,ASW,WE,Federal Contract Tower,0,5,1,0,6,0,5,43,0,48,0,10,44,0,54,36,0,36,90
10/02/2022,FMN,NM,ASW,WE,Federal Contract Tower,0,6,6,1,13,0,1,10,0,11,0,7,16,1,24,40,18,58,82
10/03/2022,FMN,NM,ASW,WE,Federal Contract Tower,0,9,4,0,13,0,7,44,0,51,0,16,48,0,64,148,0,148,212
10/04/2022,FMN,NM,ASW,WE,Federal Contract Tower,0,10,8,0,18,0,21,60,0,81,0,31,68,0,99,96,0,96,195
10/05/2022,FMN,NM,ASW,WE,Federal Contract Tower,0,10,2,0,12,0,14,29,0,43,0,24,31,0,55,188,0,188,243
10/06/2022,FMN,NM,ASW,WE,Federal Contract Tower,0,8,1,0,9,0,7,46,0,53,0,15,47,0,62,58,0,58,120
10/07/2022,FMN,NM,ASW,WE,Federal Contract Tower,0,11,7,0,18,0,6,49,0,55,0,17,56,0,73,192,0,192,265
10/08/2022,FMN,NM,ASW,WE,Federal Contract Tower,0,6,6,0,12,0,2,40,0,42,0,8,46,0,54,146,0,146,200
10/09/2022,FMN,NM,ASW,WE,Federal Contract Tower,0,2,2,0,4,0,4,33,0,37,0,6,35,0,41,100,0,100,141
10/10/2022,FMN,NM,ASW,WE,Federal Contract Tower,0,7,4,0,11,0,9,36,0,45,0,16,40,0,56,72,0,72,128
10/11/2022,FMN,NM,ASW,WE,Federal Contract Tower,0,8,6,1,15,0,7,60,2,69,0,15,66,3,84,100,44,144,228
10/12/2022,FMN,NM,ASW,WE,Federal Contract Tower,0,11,2,0,13,0,7,49,0,56,0,18,51,0,69,219,0,219,288
10/13/2022,FMN,NM,ASW,WE,Federal Contract Tower,0,8,3,0,11,0,12,51,6,69,0,20,54,6,80,242,6,248,328
10/14/2022,FMN,NM,ASW,WE,Federal Contract Tower,0,11,4,0,15,0,7,41,0,48,0,18,45,0,63,74,0,74,137
10/15/2022,FMN,NM,ASW,WE,Federal Contract Tower,0,12,5,0,17,0,4,40,0,44,0,16,45,0,61,134,0,134,195
10/16/2022,FMN,NM,ASW,WE,Federal Contract Tower,0,8,2,0,10,0,0,6,0,6,0,8,8,0,16,70,0,70,86
10/17/2022,FMN,NM,ASW,WE,Federal Contract Tower,0,17,1,4,22,0,8,39,0,47,0,25,40,4,69,78,0,78,147
10/18/2022,FMN,NM,ASW,WE,Federal Contract Tower,0,4,4,0,8,0,4,49,1,54,0,8,53,1,62,122,0,122,184
10/19/2022,FMN,NM,ASW,WE,Federal Contract Tower,0,7,1,0,8,0,4,72,2,78,0,11,73,2,86,190,0,190,276
10/20/2022,FMN,NM,ASW,WE,Federal Contract Tower,0,11,0,0,11,0,17,52,0,69,0,28,52,0,80,190,0,190,270
10/21/2022,FMN,NM,ASW,WE,Federal Contract Tower,0,9,6,0,15,0,6,50,0,56,0,15,56,0,71,318,0,318,389
10/22/2022,FMN,NM,ASW,WE,Federal Contract Tower,0,11,5,0,16,0,6,29,0,35,0,17,34,0,51,96,0,96,147
10/23/2022,FMN,NM,ASW,WE,Federal Contract Tower,0,7,2,0,9,0,0,0,0,0,0,7,2,0,9,0,0,0,9
10/24/2022,FMN,NM,ASW,WE,Federal Contract Tower,0,4,6,0,10,0,1,15,0,16,0,5,21,0,26,0,0,0,26
10/25/2022,FMN,NM,ASW,WE,Federal Contract Tower,0,9,5,0,14,0,4,49,0,53,0,13,54,0,67,82,0,82,149
10/26/2022,FMN,NM,ASW,WE,Federal Contract Tower,0,11,4,2,17,0,7,39,0,46,0,18,43,2,63,96,0,96,159
10/27/2022,FMN,NM,ASW,WE,Federal Contract Tower,0,9,6,0,15,0,5,6,0,11,0,14,12,0,26,0,0,0,26
10/28/2022,FMN,NM,ASW,WE,Federal Contract Tower,0,7,3,0,10,0,11,53,0,64,0,18,56,0,74,176,0,176,250
10/29/2022,FMN,NM,ASW,WE,Federal Contract Tower,0,9,4,0,13,0,11,43,0,54,0,20,47,0,67,124,0,124,191
10/30/2022,FMN,NM,ASW,WE,Federal Contract Tower,0,9,1,0,10,0,10,43,0,53,0,19,44,0,63,176,0,176,239
10/31/2022,FMN,NM,ASW,WE,Federal Contract Tower,0,3,1,0,4,0,9,38,0,47,0,12,39,0,51,108,0,108,159
11/01/2022,FMN,NM,ASW,WE,Federal Contract Tower,0,9,2,0,11,0,12,44,0,56,0,21,46,0,67,204,0,204,271
11/02/2022,FMN,NM,ASW,WE,Federal Contract Tower,0,5,6,4,15,0,6,26,2,34,0,11,32,6,49,72,16,88,137
11/03/2022,FMN,NM,ASW,WE,Federal Contract Tower,0,10,7,0,17,0,0,2,0,2,0,10,9,0,19,0,0,0,19
11/04/2022,FMN,NM,ASW,WE,Federal Contract Tower,0,10,8,0,18,0,4,8,0,12,0,14,16,0,30,0,0,0,30
11/05/2022,FMN,NM,ASW,WE,Federal Contract Tower,0,6,6,0,12,0,2,35,0,37,0,8,41,0,49,50,0,50,99
11/06/2022,FMN,NM,ASW,WE,Federal Contract Tower,0,2,0,0,2,0,7,44,0,51,0,9,44,0,53,54,0,54,107
11/07/2022,FMN,NM,ASW,WE,Federal Contract Tower,0,6,5,0,11,0,10,22,0,32,0,16,27,0,43,18,0,18,61
11/08/2022,FMN,NM,ASW,WE,Federal Contract Tower,0,6,1,0,7,0,7,37,6,50,0,13,38,6,57,74,0,74,131
11/09/2022,FMN,NM,ASW,WE,Federal Contract Tower,0,10,6,0,16,0,3,10,0,13,0,13,16,0,29,38,0,38,67
11/10/2022,FMN,NM,ASW,WE,Federal Contract Tower,0,8,2,0,10,0,4,35,1,40,0,12,37,1,50,62,0,62,112
11/11/2022,FMN,NM,ASW,WE,Federal Contract Tower,0,12,4,0,16,0,16,41,8,65,0,28,45,8,81,134,0,134,215
11/12/2022,FMN,NM,ASW,WE,Federal Contract Tower,0,8,0,0,8,0,3,48,0,51,0,11,48,0,59,76,0,76,135
11/13/2022,FMN,NM,ASW,WE,Federal Contract Tower,0,5,4,0,9,0,4,43,0,47,0,9,47,0,56,136,0,136,192
11/14/2022,FMN,NM,ASW,WE,Federal Contract Tower,0,11,0,2,13,0,4,24,1,29,0,15,24,3,42,0,8,8,50
11/15/2022,FMN,NM,ASW,WE,Federal Contract Tower,0,6,6,0,12,0,2,29,0,31,0,8,35,0,43,12,0,12,55
11/16/2022,FMN,NM,ASW,WE,Federal Contract Tower,0,10,2,0,12,0,5,46,0,51,0,15,48,0,63,76,0,76,139
11/17/2022,FMN,NM,ASW,WE,Federal Contract Tower,0,11,2,0,13,0,11,38,0,49,0,22,40,0,62,168,0,168,230
11/18/2022,FMN,NM,ASW,WE,Federal Contract Tower,0,9,3,0,12,0,4,19,0,23,0,13,22,0,35,88,0,88,123
11/19/2022,FMN,NM,ASW,WE,Federal Contract Tower,0,4,1,0,5,0,3,46,0,49,0,7,47,0,54,104,0,104,158
11/20/2022,FMN,NM,ASW,WE,Federal Contract Tower,0,4,0,0,4,0,5,20,0,25,0,9,20,0,29,68,0,68,97
11/21/2022,FMN,NM,ASW,WE,Federal Contract Tower,0,7,4,0,11,0,6,40,0,46,0,13,44,0,57,50,0,50,107
11/22/2022,FMN,NM,ASW,WE,Federal Contract Tower,0,7,3,1,11,0,8,52,1,61,0,15,55,2,72,126,3,129,201
11/23/2022,FMN,NM,ASW,WE,Federal Contract Tower,0,11,6,0,17,0,4,41,0,45,0,15,47,0,62,80,0,80,142
11/24/2022,FMN,NM,ASW,WE,Federal Contract Tower,0,8,1,0,9,0,2,6,0,8,0,10,7,0,17,0,0,0,17
11/25/2022,FMN,NM,ASW,WE,Federal Contract Tower,0,5,2,0,7,0,7,27,0,34,0,12,29,0,41,74,0,74,115
11/26/2022,FMN,NM,ASW,WE,Federal Contract Tower,0,6,1,0,7,0,2,24,0,26,0,8,25,0,33,166,0,166,199
11/27/2022,FMN,NM,ASW,WE,Federal Contract Tower,0,5,7,0,12,0,5,7,0,12,0,10,14,0,24,10,0,10,34
11/28/2022,FMN,NM,ASW,WE,Federal Contract Tower,0,6,0,0,6,0,4,29,0,33,0,10,29,0,39,44,0,44,83
11/29/2022,FMN,NM,ASW,WE,Federal Contract Tower,0,11,4,0,15,0,10,22,2,34,0,21,26,2,49,28,0,28,77
11/30/2022,FMN,NM,ASW,WE,Federal Contract Tower,0,6,6,0,12,0,9,46,3,58,0,15,52,3,70,158,0,158,228
12/01/2022,FMN,NM,ASW,WE,Federal Contract Tower,0,4,1,0,5,0,3,21,0,24,0,7,22,0,29,76,0,76,105
12/02/2022,FMN,NM,ASW,WE,Federal Contract Tower,0,9,3,0,12,0,10,7,0,17,0,19,10,0,29,8,0,8,37
12/03/2022,FMN,NM,ASW,WE,Federal Contract Tower,0,8,0,0,8,0,10,20,0,30,0,18,20,0,38,144,0,144,182
12/04/2022,FMN,NM,ASW,WE,Federal Contract Tower,0,1,7,0,8,0,0,22,0,22,0,1,29,0,30,22,0,22,52
12/05/2022,FMN,NM,ASW,WE,Federal Contract Tower,0,4,4,0,8,0,5,25,0,30,0,9,29,0,38,108,0,108,146
12/06/2022,FMN,NM,ASW,WE,Federal Contract Tower,0,8,8,1,17,0,5,42,1,48,0,13,50,2,65,92,3,95,160
12/07/2022,FMN,NM,ASW,WE,Federal Contract Tower,0,5,8,0,13,0,6,20,0,26,0,11,28,0,39,56,0,56,95
12/08/2022,FMN,NM,ASW,WE,Federal Contract Tower,0,14,7,4,25,0,5,37,4,46,0,19,44,8,71,106,36,142,213
12/09/2022,FMN,NM,ASW,WE,Federal Contract Tower,0,15,7,0,22,0,5,49,2,56,0,20,56,2,78,164,0,164,242
12/10/2022,FMN,NM,ASW,WE,Federal Contract Tower,0,11,4,0,15,0,5,38,2,45,0,16,42,2,60,174,0,174,234
12/11/2022,FMN,NM,ASW,WE,Federal Contract Tower,0,2,5,2,9,0,2,14,2,18,0,4,19,4,27,66,8,74,101
12/12/2022,FMN,NM,ASW,WE,Federal Contract Tower,0,10,1,0,11,0,2,0,0,2,0,12,1,0,13,0,0,0,13
12/13/2022,FMN,NM,ASW,WE,Federal Contract Tower,0,10,4,6,20,0,3,59,3,65,0,13,63,9,85,56,8,64,149
12/14/2022,FMN,NM,ASW,WE,Federal Contract Tower,0,5,3,4,12,0,2,21,1,24,0,7,24,5,36,40,0,40,76
12/15/2022,FMN,NM,ASW,WE,Federal Contract Tower,0,8,2,0,10,0,7,16,3,26,0,15,18,3,36,120,0,120,156
12/16/2022,FMN,NM,ASW,WE,Federal Contract Tower,0,7,4,7,18,0,9,33,2,44,0,16,37,9,62,60,16,76,138
12/17/2022,FMN,NM,ASW,WE,Federal Contract Tower,0,10,3,2,15,0,7,84,2,93,0,17,87,4,108,142,20,162,270
12/18/2022,FMN,NM,ASW,WE,Federal Contract Tower,0,5,7,0,12,0,2,35,0,37,0,7,42,0,49,164,0,164,213
12/19/2022,FMN,NM,ASW,WE,Federal Contract Tower,0,1,10,0,11,0,2,36,0,38,0,3,46,0,49,80,0,80,129
12/20/2022,FMN,NM,ASW,WE,Federal Contract Tower,0,10,4,2,16,0,10,56,0,66,0,20,60,2,82,44,48,92,174
12/21/2022,FMN,NM,ASW,WE,Federal Contract Tower,0,8,3,0,11,0,6,33,2,41,0,14,36,2,52,102,0,102,154
12/22/2022,FMN,NM,ASW,WE,Federal Contract Tower,0,6,1,2,9,0,8,18,0,26,0,14,19,2,35,20,0,20,55
12/23/2022,FMN,NM,ASW,WE,Federal Contract Tower,0,7,5,0,12,0,7,22,0,29,0,14,27,0,41,92,0,92,133
12/24/2022,FMN,NM,ASW,WE,Federal Contract Tower,0,14,5,0,19,0,4,32,0,36,0,18,37,0,55,58,0,58,113
12/25/2022,FMN,NM,ASW,WE,Federal Contract Tower,0,5,1,0,6,0,4,5,0,9,0,9,6,0,15,0,0,0,15
12/26/2022,FMN,NM,ASW,WE,Federal Contract Tower,0,7,7,0,14,0,4,26,0,30,0,11,33,0,44,12,0,12,56
12/27/2022,FMN,NM,ASW,WE,Federal Contract Tower,0,5,5,0,10,0,6,25,29,60,0,11,30,29,70,100,0,100,170
12/28/2022,FMN,NM,ASW,WE,Federal Contract Tower,0,14,7,0,21,0,0,0,0,0,0,14,7,0,21,0,0,0,21
12/29/2022,FMN,NM,ASW,WE,Federal Contract Tower,0,7,2,0,9,0,11,13,0,24,0,18,15,0,33,0,0,0,33
12/30/2022,FMN,NM,ASW,WE,Federal Contract Tower,0,10,4,0,14,0,0,4,0,4,0,10,8,0,18,12,0,12,30
12/31/2022,FMN,NM,ASW,WE,Federal Contract Tower,0,9,2,0,11,0,3,17,0,20,0,12,19,0,31,0,0,0,31
01/01/2023,FMN,NM,ASW,WE,Federal Contract Tower,0,1,4,0,5,0,0,4,0,4,0,1,8,0,9,12,0,12,21
01/02/2023,FMN,NM,ASW,WE,Federal Contract Tower,0,5,2,0,7,0,0,0,0,0,0,5,2,0,7,0,0,0,7
01/03/2023,FMN,NM,ASW,WE,Federal Contract Tower,0,9,3,0,12,0,1,0,0,1,0,10,3,0,13,0,0,0,13
01/04/2023,FMN,NM,ASW,WE,Federal Contract Tower,0,6,2,0,8,0,8,37,0,45,0,14,39,0,53,144,0,144,197
01/05/2023,FMN,NM,ASW,WE,Federal Contract Tower,0,7,1,2,10,0,6,27,2,35,0,13,28,4,45,56,0,56,101
01/06/2023,FMN,NM,ASW,WE,Federal Contract Tower,0,6,3,0,9,0,16,13,0,29,0,22,16,0,38,20,0,20,58
01/07/2023,FMN,NM,ASW,WE,Federal Contract Tower,0,7,1,0,8,0,6,34,0,40,0,13,35,0,48,96,0,96,144
01/08/2023,FMN,NM,ASW,WE,Federal Contract Tower,0,2,4,2,8,0,31,49,0,80,0,33,53,2,88,64,0,64,152
01/09/2023,FMN,NM,ASW,WE,Federal Contract Tower,0,6,1,0,7,0,12,30,0,42,0,18,31,0,49,130,0,130,179
01/10/2023,FMN,NM,ASW,WE,Federal Contract Tower,0,9,2,0,11,0,22,34,0,56,0,31,36,0,67,82,0,82,149
01/11/2023,FMN,NM,ASW,WE,Federal Contract Tower,0,14,2,0,16,0,57,17,0,74,0,71,19,0,90,38,0,38,128
01/12/2023,FMN,NM,ASW,WE,Federal Contract Tower,0,5,6,0,11,0,10,47,0,57,0,15,53,0,68,174,0,174,242
01/13/2023,FMN,NM,ASW,WE,Federal Contract Tower,0,7,2,0,9,0,10,28,0,38,0,17,30,0,47,150,0,150,197
01/14/2023,FMN,NM,ASW,WE,Federal Contract Tower,0,7,6,1,14,0,7,39,0,46,0,14,45,1,60,152,0,152,212
01/15/2023,FMN,NM,ASW,WE,Federal Contract Tower,0,7,2,0,9,0,0,0,0,0,0,7,2,0,9,0,0,0,9
01/16/2023,FMN,NM,ASW,WE,Federal Contract Tower,0,9,4,0,13,0,0,1,0,1,0,9,5,0,14,16,0,16,30
01/17/2023,FMN,NM,ASW,WE,Federal Contract Tower,0,11,8,0,19,0,1,0,0,1,0,12,8,0,20,0,0,0,20
01/18/2023,FMN,NM,ASW,WE,Federal Contract Tower,0,7,3,2,12,0,2,8,0,10,0,9,11,2,22,0,0,0,22
01/19/2023,FMN,NM,ASW,WE,Federal Contract Tower,0,5,8,1,14,0,7,34,0,41,0,12,42,1,55,140,0,140,195
01/20/2023,FMN,NM,ASW,WE,Federal Contract Tower,0,11,5,0,16,0,0,2,0,2,0,11,7,0,18,0,0,0,18
01/21/2023,FMN,NM,ASW,WE,Federal Contract Tower,0,7,1,0,8,0,7,18,0,25,0,14,19,0,33,44,0,44,77
01/22/2023,FMN,NM,ASW,WE,Federal Contract Tower,0,2,2,0,4,0,4,27,5,36,0,6,29,5,40,104,48,152,192
01/23/2023,FMN,NM,ASW,WE,Federal Contract Tower,0,10,2,0,12,0,4,9,0,13,0,14,11,0,25,20,0,20,45
01/24/2023,FMN,NM,ASW,WE,Federal Contract Tower,0,5,3,0,8,0,10,0,1,11,0,15,3,1,19,0,0,0,19
01/25/2023,FMN,NM,ASW,WE,Federal Contract Tower,0,6,5,0,11,0,1,21,1,23,0,7,26,1,34,128,0,128,162
01/26/2023,FMN,NM,ASW,WE,Federal Contract Tower,0,10,5,0,15,0,21,59,0,80,0,31,64,0,95,208,0,208,303
01/27/2023,FMN,NM,ASW,WE,Federal Contract Tower,0,9,3,1,13,0,9,40,8,57,0,18,43,9,70,178,12,190,260
01/28/2023,FMN,NM,ASW,WE,Federal Contract Tower,0,10,1,0,11,0,7,39,0,46,0,17,40,0,57,142,0,142,199
01/29/2023,FMN,NM,ASW,WE,Federal Contract Tower,0,4,8,6,18,0,5,34,4,43,0,9,42,10,61,184,16,200,261
01/30/2023,FMN,NM,ASW,WE,Federal Contract Tower,0,11,1,0,12,0,11,16,0,27,0,22,17,0,39,88,0,88,127
01/31/2023,FMN,NM,ASW,WE,Federal Contract Tower,0,10,5,2,17,0,4,37,0,41,0,14,42,2,58,28,0,28,86
02/01/2023,FMN,NM,ASW,WE,Federal Contract Tower,0,5,4,0,9,0,4,51,0,55,0,9,55,0,64,74,0,74,138
02/02/2023,FMN,NM,ASW,WE,Federal Contract Tower,0,6,2,0,8,0,13,32,2,47,0,19,34,2,55,154,0,154,209
02/03/2023,FMN,NM,ASW,WE,Federal Contract Tower,0,9,5,0,14,0,12,44,0,56,0,21,49,0,70,176,0,176,246
02/04/2023,FMN,NM,ASW,WE,Federal Contract Tower,0,4,0,0,4,0,4,33,0,37,0,8,33,0,41,180,0,180,221
02/05/2023,FMN,NM,ASW,WE,Federal Contract Tower,0,1,4,0,5,0,5,38,0,43,0,6,42,0,48,112,0,112,160
02/06/2023,FMN,NM,ASW,WE,Federal Contract Tower,0,6,2,0,8,0,14,10,1,25,0,20,12,1,33,116,0,116,149
02/07/2023,FMN,NM,ASW,WE,Federal Contract Tower,0,8,3,0,11,0,14,38,0,52,0,22,41,0,63,118,0,118,181
02/08/2023,FMN,NM,ASW,WE,Federal Contract Tower,0,14,5,0,19,0,6,30,4,40,0,20,35,4,59,152,0,152,211
02/09/2023,FMN,NM,ASW,WE,Federal Contract Tower,0,9,0,2,11,0,7,14,8,29,0,16,14,10,40,62,22,84,124
02/10/2023,FMN,NM,ASW,WE,Federal Contract Tower,0,12,2,1,15,0,25,56,3,84,0,37,58,4,99,132,0,132,231
02/11/2023,FMN,NM,ASW,WE,Federal Contract Tower,0,4,0,0,4,0,3,40,0,43,0,7,40,0,47,146,0,146,193
02/12/2023,FMN,NM,ASW,WE,Federal Contract Tower,0,8,3,0,11,0,5,38,0,43,0,13,41,0,54,154,0,154,208
02/13/2023,FMN,NM,ASW,WE,Federal Contract Tower,0,10,0,0,10,0,3,10,0,13,0,13,10,0,23,18,0,18,41
02/14/2023,FMN,NM,ASW,WE,Federal Contract Tower,0,10,4,0,14,0,0,0,0,0,0,10,4,0,14,0,0,0,14
02/15/2023,FMN,NM,ASW,WE,Federal Contract Tower,0,17,9,0,26,0,0,0,0,0,0,17,9,0,26,0,0,0,26
02/16/2023,FMN,NM,ASW,WE,Federal Contract Tower,0,8,2,0,10,0,18,45,2,65,0,26,47,2,75,148,0,148,223
02/17/2023,FMN,NM,ASW,WE,Federal Contract Tower,0,10,3,0,13,0,11,31,2,44,0,21,34,2,57,94,0,94,151
02/18/2023,FMN,NM,ASW,WE,Federal Contract Tower,0,9,2,0,11,0,3,40,0,43,0,12,42,0,54,238,0,238,292
02/19/2023,FMN,NM,ASW,WE,Federal Contract Tower,0,2,2,2,6,0,0,41,0,41,0,2,43,2,47,138,0,138,185
02/20/2023,FMN,NM,ASW,WE,Federal Contract Tower,0,5,10,0,15,1,5,25,0,31,1,10,35,0,46,36,0,36,82
02/21/2023,FMN,NM,ASW,WE,Federal Contract Tower,0,11,1,1,13,0,32,38,1,71,0,43,39,2,84,122,0,122,206
02/22/2023,FMN,NM,ASW,WE,Federal Contract Tower,0,2,4,0,6,0,2,0,0,2,0,4,4,0,8,4,0,4,12
02/23/2023,FMN,NM,ASW,WE,Federal Contract Tower,0,10,7,2,19,0,0,5,0,5,0,10,12,2,24,24,0,24,48
02/24/2023,FMN,NM,ASW,WE,Federal Contract Tower,0,10,2,0,12,0,7,25,6,38,0,17,27,6,50,96,0,96,146
02/25/2023,FMN,NM,ASW,WE,Federal Contract Tower,0,11,1,0,12,0,4,58,0,62,0,15,59,0,74,148,0,148,222
02/26/2023,FMN,NM,ASW,WE,Federal Contract Tower,0,5,3,2,10,0,1,1,0,2,0,6,4,2,12,12,0,12,24
02/27/2023,FMN,NM,ASW,WE,Federal Contract Tower,0,7,3,0,10,0,7,49,0,56,0,14,52,0,66,108,0,108,174
02/28/2023,FMN,NM,ASW,WE,Federal Contract Tower,0,8,3,0,11,0,21,4,0,25,0,29,7,0,36,0,0,0,36
03/01/2023,FMN,NM,ASW,WE,Federal Contract Tower,0,8,6,0,14,0,0,8,0,8,0,8,14,0,22,0,0,0,22
03/02/2023,FMN,NM,ASW,WE,Federal Contract Tower,0,7,3,0,10,0,1,11,0,12,0,8,14,0,22,34,0,34,56
03/03/2023,FMN,NM,ASW,WE,Federal Contract Tower,0,4,9,0,13,0,8,53,5,66,0,12,62,5,79,138,12,150,229
03/04/2023,FMN,NM,ASW,WE,Federal Contract Tower,0,3,4,0,7,0,4,37,0,41,0,7,41,0,48,132,0,132,180
03/05/2023,FMN,NM,ASW,WE,Federal Contract Tower,0,4,3,0,7,0,2,19,0,21,0,6,22,0,28,78,0,78,106
03/06/2023,FMN,NM,ASW,WE,Federal Contract Tower,0,4,9,0,13,0,4,51,0,55,0,8,60,0,68,38,0,38,106
03/07/2023,FMN,NM,ASW,WE,Federal Contract Tower,0,7,2,0,9,0,8,34,0,42,0,15,36,0,51,134,0,134,185
03/08/2023,FMN,NM,ASW,WE,Federal Contract Tower,0,8,7,2,17,0,5,25,0,30,0,13,32,2,47,92,0,92,139
03/09/2023,FMN,NM,ASW,WE,Federal Contract Tower,0,8,4,0,12,0,4,64,0,68,0,12,68,0,80,163,0,163,243
03/10/2023,FMN,NM,ASW,WE,Federal Contract Tower,0,5,7,0,12,0,3,13,0,16,0,8,20,0,28,28,0,28,56
03/11/2023,FMN,NM,ASW,WE,Federal Contract Tower,0,9,2,0,11,0,0,12,0,12,0,9,14,0,23,0,0,0,23
03/12/2023,FMN,NM,ASW,WE,Federal Contract Tower,0,2,7,0,9,0,5,20,2,27,0,7,27,2,36,44,0,44,80
03/13/2023,FMN,NM,ASW,WE,Federal Contract Tower,0,7,13,0,20,0,4,59,0,63,0,11,72,0,83,110,0,110,193
03/14/2023,FMN,NM,ASW,WE,Federal Contract Tower,0,7,6,1,14,0,5,51,3,59,0,12,57,4,73,56,0,56,129
03/15/2023,FMN,NM,ASW,WE,Federal Contract Tower,0,12,5,0,17,0,1,8,0,9,0,13,13,0,26,8,0,8,34
03/16/2023,FMN,NM,ASW,WE,Federal Contract Tower,0,7,4,0,11,0,3,3,0,6,0,10,7,0,17,0,0,0,17
03/17/2023,FMN,NM,ASW,WE,Federal Contract Tower,0,7,7,0,14,0,8,24,3,35,0,15,31,3,49,50,0,50,99
03/18/2023,FMN,NM,ASW,WE,Federal Contract Tower,0,12,4,0,16,0,1,33,0,34,0,13,37,0,50,56,0,56,106
03/19/2023,FMN,NM,ASW,WE,Federal Contract Tower,0,3,6,0,9,0,2,35,1,38,0,5,41,1,47,76,0,76,123
03/20/2023,FMN,NM,ASW,WE,Federal Contract Tower,0,3,6,0,9,0,1,6,0,7,0,4,12,0,16,0,0,0,16
03/21/2023,FMN,NM,ASW,WE,Federal Contract Tower,0,9,5,0,14,0,0,2,0,2,0,9,7,0,16,0,0,0,16
03/22/2023,FMN,NM,ASW,WE,Federal Contract Tower,0,13,6,0,19,0,2,6,0,8,0,15,12,0,27,0,0,0,27
03/23/2023,FMN,NM,ASW,WE,Federal Contract Tower,0,10,0,0,10,0,5,29,0,34,0,15,29,0,44,174,0,174,218
03/24/2023,FMN,NM,ASW,WE,Federal Contract Tower,0,11,3,0,14,0,2,6,0,8,0,13,9,0,22,6,0,6,28
03/25/2023,FMN,NM,ASW,WE,Federal Contract Tower,0,10,5,0,15,0,5,31,1,37,0,15,36,1,52,120,0,120,172
03/26/2023,FMN,NM,ASW,WE,Federal Contract Tower,0,4,2,0,6,0,3,55,3,61,0,7,57,3,67,178,20,198,265
03/27/2023,FMN,NM,ASW,WE,Federal Contract Tower,0,2,1,0,3,0,3,16,0,19,0,5,17,0,22,46,0,46,68
03/28/2023,FMN,NM,ASW,WE,Federal Contract Tower,0,6,1,0,7,0,2,46,0,48,0,8,47,0,55,154,0,154,209
03/29/2023,FMN,NM,ASW,WE,Federal Contract Tower,0,5,5,0,10,0,2,45,0,47,0,7,50,0,57,152,0,152,209
03/30/2023,FMN,NM,ASW,WE,Federal Contract Tower,0,10,7,3,20,0,1,11,1,13,0,11,18,4,33,56,0,56,89
03/31/2023,FMN,NM,ASW,WE,Federal Contract Tower,0,7,3,0,10,0,0,21,0,21,0,7,24,0,31,66,0,66,97
04/01/2023,FMN,NM,ASW,WE,Federal Contract Tower,0,6,0,1,7,0,3,69,0,72,0,9,69,1,79,252,0,252,331
04/02/2023,FMN,NM,ASW,WE,Federal Contract Tower,0,7,1,1,9,0,4,40,2,46,0,11,41,3,55,96,0,96,151
04/03/2023,FMN,NM,ASW,WE,Federal Contract Tower,0,8,1,0,9,0,6,13,0,19,0,14,14,0,28,90,0,90,118
04/04/2023,FMN,NM,ASW,WE,Federal Contract Tower,0,7,5,0,12,0,2,6,0,8,0,9,11,0,20,10,0,10,30
04/05/2023,FMN,NM,ASW,WE,Federal Contract Tower,0,7,5,0,12,0,1,50,0,51,0,8,55,0,63,112,0,112,175
04/06/2023,FMN,NM,ASW,WE,Federal Contract Tower,0,3,4,0,7,0,3,56,0,59,0,6,60,0,66,208,0,208,274
04/07/2023,FMN,NM,ASW,WE,Federal Contract Tower,0,12,6,0,18,0,17,43,2,62,0,29,49,2,80,146,0,146,226
04/08/2023,FMN,NM,ASW,WE,Federal Contract Tower,0,10,1,0,11,0,5,26,0,31,0,15,27,0,42,112,0,112,154
04/09/2023,FMN,NM,ASW,WE,Federal Contract Tower,0,6,1,0,7,0,7,31,0,38,0,13,32,0,45,94,0,94,139
04/10/2023,FMN,NM,ASW,WE,Federal Contract Tower,0,6,5,0,11,0,3,44,0,47,0,9,49,0,58,74,0,74,132
04/11/2023,FMN,NM,ASW,WE,Federal Contract Tower,0,8,4,2,14,0,1,43,0,44,0,9,47,2,58,110,0,110,168
04/12/2023,FMN,NM,ASW,WE,Federal Contract Tower,0,7,3,0,10,0,2,30,0,32,0,9,33,0,42,60,0,60,102
04/13/2023,FMN,NM,ASW,WE,Federal Contract Tower,0,12,0,0,12,0,0,13,0,13,0,12,13,0,25,66,0,66,91
04/14/2023,FMN,NM,ASW,WE,Federal Contract Tower,0,5,2,0,7,0,1,13,0,14,0,6,15,0,21,32,0,32,53
04/15/2023,FMN,NM,ASW,WE,Federal Contract Tower,0,10,3,2,15,0,2,23,0,25,0,12,26,2,40,18,0,18,58
04/16/2023,FMN,NM,ASW,WE,Federal Contract Tower,0,5,3,0,8,0,0,22,0,22,0,5,25,0,30,58,0,58,88
04/17/2023,FMN,NM,ASW,WE,Federal Contract Tower,0,8,4,0,12,0,14,41,0,55,0,22,45,0,67,166,0,166,233
04/18/2023,FMN,NM,ASW,WE,Federal Contract Tower,0,6,6,0,12,0,5,32,0,37,0,11,38,0,49,66,0,66,115
04/19/2023,FMN,NM,ASW,WE,Federal Contract Tower,0,6,2,0,8,0,2,16,0,18,0,8,18,0,26,46,0,46,72
04/20/2023,FMN,NM,ASW,WE,Federal Contract Tower,0,7,9,0,16,0,5,8,0,13,0,12,17,0,29,34,0,34,63
04/21/2023,FMN,NM,ASW,WE,Federal Contract Tower,0,8,4,0,12,0,5,16,0,21,0,13,20,0,33,30,0,30,63
04/22/2023,FMN,NM,ASW,WE,Federal Contract Tower,0,4,0,0,4,0,3,14,0,17,0,7,14,0,21,50,0,50,71
04/23/2023,FMN,NM,ASW,WE,Federal Contract Tower,0,6,3,0,9,0,14,34,0,48,0,20,37,0,57,144,0,144,201
04/24/2023,FMN,NM,ASW,WE,Federal Contract Tower,0,3,4,0,7,0,2,28,0,30,0,5,32,0,37,142,0,142,179
04/25/2023,FMN,NM,ASW,WE,Federal Contract Tower,0,12,6,0,18,0,6,19,0,25,0,18,25,0,43,100,0,100,143
04/26/2023,FMN,NM,ASW,WE,Federal Contract Tower,0,7,3,0,10,0,3,32,0,35,0,10,35,0,45,142,0,142,187
04/27/2023,FMN,NM,ASW,WE,Federal Contract Tower,0,9,3,0,12,0,5,30,0,35,0,14,33,0,47,76,0,76,123
04/28/2023,FMN,NM,ASW,WE,Federal Contract Tower,0,7,4,10,21,0,4,25,0,29,0,11,29,10,50,52,0,52,102
04/29/2023,FMN,NM,ASW,WE,Federal Contract Tower,0,11,0,0,11,0,0,32,0,32,0,11,32,0,43,70,0,70,113
04/30/2023,FMN,NM,ASW,WE,Federal Contract Tower,0,9,2,0,11,0,9,40,0,49,0,18,42,0,60,162,0,162,222
05/01/2023,FMN,NM,ASW,WE,Federal Contract Tower,0,5,7,1,13,0,10,32,1,43,0,15,39,2,56,102,0,102,158
05/02/2023,FMN,NM,ASW,WE,Federal Contract Tower,0,7,4,2,13,0,3,41,1,45,0,10,45,3,58,130,0,130,188
05/03/2023,FMN,NM,ASW,WE,Federal Contract Tower,0,10,2,0,12,0,6,26,0,32,0,16,28,0,44,108,0,108,152
05/04/2023,FMN,NM,ASW,WE,Federal Contract Tower,0,7,3,0,10,0,2,37,0,39,0,9,40,0,49,96,0,96,145
05/05/2023,FMN,NM,ASW,WE,Federal Contract Tower,0,11,2,2,15,0,20,59,0,79,0,31,61,2,94,180,0,180,274
05/06/2023,FMN,NM,ASW,WE,Federal Contract Tower,0,14,0,0,14,0,6,19,0,25,0,20,19,0,39,84,0,84,123
05/07/2023,FMN,NM,ASW,WE,Federal Contract Tower,0,5,3,4,12,0,9,37,5,51,0,14,40,9,63,128,16,144,207
05/08/2023,FMN,NM,ASW,WE,Federal Contract Tower,0,9,0,2,11,0,6,35,0,41,0,15,35,2,52,56,8,64,116
05/09/2023,FMN,NM,ASW,WE,Federal Contract Tower,0,10,6,0,16,0,8,55,0,63,0,18,61,0,79,164,0,164,243
05/10/2023,FMN,NM,ASW,WE,Federal Contract Tower,0,4,6,0,10,0,1,59,6,66,0,5,65,6,76,104,0,104,180
05/11/2023,FMN,NM,ASW,WE,Federal Contract Tower,0,12,3,2,17,0,3,28,0,31,0,15,31,2,48,66,0,66,114
05/12/2023,FMN,NM,ASW,WE,Federal Contract Tower,0,14,9,1,24,0,7,54,0,61,0,21,63,1,85,190,0,190,275
05/13/2023,FMN,NM,ASW,WE,Federal Contract Tower,0,7,4,0,11,0,1,19,0,20,0,8,23,0,31,36,0,36,67
05/14/2023,FMN,NM,ASW,WE,Federal Contract Tower,0,1,8,0,9,0,0,34,0,34,0,1,42,0,43,142,0,142,185
05/15/2023,FMN,NM,ASW,WE,Federal Contract Tower,0,6,7,0,13,0,77,50,0,127,0,83,57,0,140,104,0,104,244
05/16/2023,FMN,NM,ASW,WE,Federal Contract Tower,0,9,7,0,16,0,6,47,0,53,0,15,54,0,69,150,0,150,219
05/17/2023,FMN,NM,ASW,WE,Federal Contract Tower,0,16,4,0,20,0,7,53,0,60,0,23,57,0,80,116,0,116,196
05/18/2023,FMN,NM,ASW,WE,Federal Contract Tower,0,7,2,0,9,0,3,37,12,52,0,10,39,12,61,218,48,266,327
05/19/2023,FMN,NM,ASW,WE,Federal Contract Tower,0,9,14,0,23,0,2,27,0,29,0,11,41,0,52,136,0,136,188
05/20/2023,FMN,NM,ASW,WE,Federal Contract Tower,0,5,7,0,12,0,0,14,0,14,0,5,21,0,26,106,0,106,132
05/21/2023,FMN,NM,ASW,WE,Federal Contract Tower,0,2,2,0,4,0,3,29,0,32,0,5,31,0,36,74,0,74,110
05/22/2023,FMN,NM,ASW,WE,Federal Contract Tower,0,5,8,0,13,0,5,37,2,44,0,10,45,2,57,78,0,78,135
05/23/2023,FMN,NM,ASW,WE,Federal Contract Tower,0,6,12,4,22,0,8,50,6,64,0,14,62,10,86,128,0,128,214
05/24/2023,FMN,NM,ASW,WE,Federal Contract Tower,0,8,5,1,14,0,7,53,0,60,0,15,58,1,74,144,0,144,218
05/25/2023,FMN,NM,ASW,WE,Federal Contract Tower,0,7,12,2,21,0,11,45,0,56,0,18,57,2,77,102,0,102,179
05/26/2023,FMN,NM,ASW,WE,Federal Contract Tower,0,3,9,0,12,0,7,27,2,36,0,10,36,2,48,114,8,122,170
05/27/2023,FMN,NM,ASW,WE,Federal Contract Tower,0,8,1,0,9,0,2,38,0,40,0,10,39,0,49,68,0,68,117
05/28/2023,FMN,NM,ASW,WE,Federal Contract Tower,0,1,5,0,6,0,3,37,0,40,0,4,42,0,46,56,0,56,102
05/29/2023,FMN,NM,ASW,WE,Federal Contract Tower,0,3,11,0,14,0,4,56,0,60,0,7,67,0,74,124,0,124,198
05/30/2023,FMN,NM,ASW,WE,Federal Contract Tower,0,6,5,0,11,0,6,44,0,50,0,12,49,0,61,108,0,108,169
05/31/2023,FMN,NM,ASW,WE,Federal Contract Tower,0,6,12,0,18,0,4,50,0,54,0,10,62,0,72,120,0,120,192
06/01/2023,FMN,NM,ASW,WE,Federal Contract Tower,0,10,1,0,11,0,8,34,0,42,0,18,35,0,53,176,0,176,229
06/02/2023,FMN,NM,ASW,WE,Federal Contract Tower,0,5,1,0,6,0,5,34,4,43,0,10,35,4,49,76,0,76,125
06/03/2023,FMN,NM,ASW,WE,Federal Contract Tower,0,11,4,0,15,0,1,33,0,34,0,12,37,0,49,116,0,116,165
06/04/2023,FMN,NM,ASW,WE,Federal Contract Tower,0,3,0,0,3,0,6,19,0,25,0,9,19,0,28,84,0,84,112
06/05/2023,FMN,NM,ASW,WE,Federal Contract Tower,0,12,0,0,12,0,2,25,0,27,0,14,25,0,39,42,0,42,81
06/06/2023,FMN,NM,ASW,WE,Federal Contract Tower,0,13,8,0,21,0,14,43,3,60,0,27,51,3,81,126,0,126,207
06/07/2023,FMN,NM,ASW,WE,Federal Contract Tower,0,10,8,0,18,0,7,33,0,40,0,17,41,0,58,102,0,102,160
06/08/2023,FMN,NM,ASW,WE,Federal Contract Tower,0,5,1,0,6,0,9,47,0,56,0,14,48,0,62,114,0,114,176
06/09/2023,FMN,NM,ASW,WE,Federal Contract Tower,0,7,2,0,9,0,3,57,0,60,0,10,59,0,69,132,0,132,201
06/10/2023,FMN,NM,ASW,WE,Federal Contract Tower,0,5,1,0,6,0,7,27,0,34,0,12,28,0,40,102,0,102,142
06/11/2023,FMN,NM,ASW,WE,Federal Contract Tower,0,4,0,0,4,0,7,26,0,33,0,11,26,0,37,150,0,150,187
06/12/2023,FMN,NM,ASW,WE,Federal Contract Tower,0,9,1,0,10,0,14,30,0,44,0,23,31,0,54,76,0,76,130
06/13/2023,FMN,NM,ASW,WE,Federal Contract Tower,0,10,4,1,15,0,6,29,0,35,0,16,33,1,50,144,0,144,194
06/14/2023,FMN,NM,ASW,WE,Federal Contract Tower,0,4,5,2,11,0,3,20,0,23,0,7,25,2,34,28,0,28,62
06/15/2023,FMN,NM,ASW,WE,Federal Contract Tower,0,7,4,1,12,0,6,36,0,42,0,13,40,1,54,146,0,146,200
06/16/2023,FMN,NM,ASW,WE,Federal Contract Tower,0,8,2,6,16,0,2,43,0,45,0,10,45,6,61,148,0,148,209
06/17/2023,FMN,NM,ASW,WE,Federal Contract Tower,0,7,2,2,11,0,3,30,0,33,0,10,32,2,44,140,0,140,184
06/18/2023,FMN,NM,ASW,WE,Federal Contract Tower,0,6,0,0,6,0,11,27,0,38,0,17,27,0,44,36,0,36,80
06/19/2023,FMN,NM,ASW,WE,Federal Contract Tower,0,2,1,0,3,0,5,29,0,34,0,7,30,0,37,70,0,70,107
06/20/2023,FMN,NM,ASW,WE,Federal Contract Tower,0,6,2,0,8,0,11,32,0,43,0,17,34,0,51,68,0,68,119
06/21/2023,FMN,NM,ASW,WE,Federal Contract Tower,0,4,2,0,6,0,6,37,0,43,0,10,39,0,49,138,0,138,187
06/22/2023,FMN,NM,ASW,WE,Federal Contract Tower,3,11,4,0,18,0,12,53,0,65,3,23,57,0,83,218,0,218,301
06/23/2023,FMN,NM,ASW,WE,Federal Contract Tower,0,11,3,0,14,0,5,31,2,38,0,16,34,2,52,112,6,118,170
06/24/2023,FMN,NM,ASW,WE,Federal Contract Tower,0,7,1,0,8,0,4,45,0,49,0,11,46,0,57,110,0,110,167
06/25/2023,FMN,NM,ASW,WE,Federal Contract Tower,0,6,0,0,6,0,6,25,0,31,0,12,25,0,37,60,0,60,97
06/26/2023,FMN,NM,ASW,WE,Federal Contract Tower,0,11,3,0,14,0,2,28,0,30,0,13,31,0,44,42,0,42,86
06/27/2023,FMN,NM,ASW,WE,Federal Contract Tower,0,6,0,2,8,0,6,22,1,29,0,12,22,3,37,110,6,116,153
06/28/2023,FMN,NM,ASW,WE,Federal Contract Tower,0,5,1,0,6,0,10,37,0,47,0,15,38,0,53,66,0,66,119
06/29/2023,FMN,NM,ASW,WE,Federal Contract Tower,0,6,2,0,8,0,19,109,10,138,0,25,111,10,146,170,20,190,336
06/30/2023,FMN,NM,ASW,WE,Federal Contract Tower,0,5,2,0,7,0,9,41,1,51,0,14,43,1,58,86,24,110,168
07/01/2023,FMN,NM,ASW,WE,Federal Contract Tower,0,9,1,0,10,0,4,38,0,42,0,13,39,0,52,144,0,144,196
07/02/2023,FMN,NM,ASW,WE,Federal Contract Tower,0,3,1,0,4,0,7,28,0,35,0,10,29,0,39,80,0,80,119
07/03/2023,FMN,NM,ASW,WE,Federal Contract Tower,0,4,0,0,4,0,5,44,0,49,0,9,44,0,53,52,0,52,105
07/04/2023,FMN,NM,ASW,WE,Federal Contract Tower,0,3,1,0,4,0,4,13,0,17,0,7,14,0,21,36,0,36,57
07/05/2023,FMN,NM,ASW,WE,Federal Contract Tower,0,8,1,0,9,0,6,32,0,38,0,14,33,0,47,60,0,60,107
07/06/2023,FMN,NM,ASW,WE,Federal Contract Tower,0,7,7,0,14,0,3,39,1,43,0,10,46,1,57,76,0,76,133
07/07/2023,FMN,NM,ASW,WE,Federal Contract Tower,0,12,3,4,19,0,7,33,0,40,0,19,36,4,59,62,0,62,121
07/08/2023,FMN,NM,ASW,WE,Federal Contract Tower,0,4,4,0,8,0,8,20,0,28,0,12,24,0,36,83,0,83,119
07/09/2023,FMN,NM,ASW,WE,Federal Contract Tower,0,4,7,5,16,0,11,30,5,46,0,15,37,10,62,82,6,88,150
07/10/2023,FMN,NM,ASW,WE,Federal Contract Tower,0,8,2,1,11,0,7,22,3,32,0,15,24,4,43,46,22,68,111
07/11/2023,FMN,NM,ASW,WE,Federal Contract Tower,0,7,4,0,11,0,8,31,0,39,0,15,35,0,50,98,0,98,148
07/12/2023,FMN,NM,ASW,WE,Federal Contract Tower,0,9,4,0,13,0,5,21,2,28,0,14,25,2,41,82,0,82,123
07/13/2023,FMN,NM,ASW,WE,Federal Contract Tower,0,4,6,0,10,0,9,45,4,58,0,13,51,4,68,106,0,106,174
07/14/2023,FMN,NM,ASW,WE,Federal Contract Tower,0,7,1,0,8,0,7,26,0,33,0,14,27,0,41,40,0,40,81
07/15/2023,FMN,NM,ASW,WE,Federal Contract Tower,0,11,0,0,11,0,8,27,0,35,0,19,27,0,46,80,0,80,126
07/16/2023,FMN,NM,ASW,WE,Federal Contract Tower,0,6,2,0,8,0,3,16,0,19,0,9,18,0,27,46,0,46,73
07/17/2023,FMN,NM,ASW,WE,Federal Contract Tower,0,5,0,0,5,0,13,20,6,39,0,18,20,6,44,26,6,32,76
07/18/2023,FMN,NM,ASW,WE,Federal Contract Tower,0,9,4,0,13,0,5,36,0,41,0,14,40,0,54,136,0,136,190
07/19/2023,FMN,NM,ASW,WE,Federal Contract Tower,0,8,1,0,9,0,15,35,0,50,0,23,36,0,59,80,0,80,139
07/20/2023,FMN,NM,ASW,WE,Federal Contract Tower,0,7,2,3,12,0,6,27,0,33,0,13,29,3,45,128,0,128,173
07/21/2023,FMN,NM,ASW,WE,Federal Contract Tower,0,8,2,0,10,0,7,33,0,40,0,15,35,0,50,112,0,112,162
07/22/2023,FMN,NM,ASW,WE,Federal Contract Tower,0,7,0,0,7,0,2,33,0,35,0,9,33,0,42,146,0,146,188
07/23/2023,FMN,NM,ASW,WE,Federal Contract Tower,0,8,2,0,10,0,5,34,0,39,0,13,36,0,49,14,0,14,63
07/24/2023,FMN,NM,ASW,WE,Federal Contract Tower,0,11,3,0,14,0,3,61,0,64,0,14,64,0,78,82,0,82,160
07/25/2023,FMN,NM,ASW,WE,Federal Contract Tower,0,8,2,0,10,0,10,37,0,47,0,18,39,0,57,108,0,108,165
07/26/2023,FMN,NM,ASW,WE,Federal Contract Tower,0,6,1,0,7,0,8,47,0,55,0,14,48,0,62,190,0,190,252
07/27/2023,FMN,NM,ASW,WE,Federal Contract Tower,0,8,1,0,9,0,4,30,0,34,0,12,31,0,43,96,0,96,139
07/28/2023,FMN,NM,ASW,WE,Federal Contract Tower,0,11,2,0,13,0,8,31,0,39,0,19,33,0,52,178,0,178,230
07/29/2023,FMN,NM,ASW,WE,Federal Contract Tower,0,6,4,0,10,0,11,22,0,33,0,17,26,0,43,88,0,88,131
07/30/2023,FMN,NM,ASW,WE,Federal Contract Tower,0,5,0,0,5,0,9,20,0,29,0,14,20,0,34,100,0,100,134
07/31/2023,FMN,NM,ASW,WE,Federal Contract Tower,0,4,6,3,13,0,8,40,1,49,0,12,46,4,62,168,6,174,236
08/01/2023,FMN,NM,ASW,WE,Federal Contract Tower,0,11,2,0,13,0,7,34,0,41,0,18,36,0,54,161,0,161,215
08/02/2023,FMN,NM,ASW,WE,Federal Contract Tower,0,8,2,2,12,0,8,30,0,38,0,16,32,2,50,92,0,92,142
08/03/2023,FMN,NM,ASW,WE,Federal Contract Tower,0,10,2,1,13,0,4,31,1,36,0,14,33,2,49,80,0,80,129
08/04/2023,FMN,NM,ASW,WE,Federal Contract Tower,0,8,3,0,11,0,5,38,0,43,0,13,41,0,54,106,0,106,160
08/05/2023,FMN,NM,ASW,WE,Federal Contract Tower,0,4,3,0,7,0,8,30,0,38,0,12,33,0,45,178,0,178,223
08/06/2023,FMN,NM,ASW,WE,Federal Contract Tower,0,4,4,0,8,0,8,50,0,58,0,12,54,0,66,130,0,130,196
08/07/2023,FMN,NM,ASW,WE,Federal Contract Tower,0,5,0,0,5,0,24,29,0,53,0,29,29,0,58,54,0,54,112
08/08/2023,FMN,NM,ASW,WE,Federal Contract Tower,0,8,1,0,9,0,20,37,0,57,0,28,38,0,66,185,0,185,251
08/09/2023,FMN,NM,ASW,WE,Federal Contract Tower,0,10,6,0,16,0,38,41,0,79,0,48,47,0,95,92,0,92,187
08/10/2023,FMN,NM,ASW,WE,Federal Contract Tower,0,8,5,3,16,0,13,52,1,66,0,21,57,4,82,178,0,178,260
08/11/2023,FMN,NM,ASW,WE,Federal Contract Tower,0,9,1,0,10,0,3,40,0,43,0,12,41,0,53,78,0,78,131
08/12/2023,FMN,NM,ASW,WE,Federal Contract Tower,0,7,1,0,8,0,6,21,0,27,0,13,22,0,35,104,0,104,139
08/13/2023,FMN,NM,ASW,WE,Federal Contract Tower,0,2,5,0,7,0,6,19,0,25,0,8,24,0,32,50,0,50,82
08/14/2023,FMN,NM,ASW,WE,Federal Contract Tower,0,6,7,0,13,0,8,20,0,28,0,14,27,0,41,34,0,34,75
08/15/2023,FMN,NM,ASW,WE,Federal Contract Tower,0,9,2,0,11,0,8,36,0,44,0,17,38,0,55,118,0,118,173
08/16/2023,FMN,NM,ASW,WE,Federal Contract Tower,0,7,0,0,7,0,14,42,2,58,0,21,42,2,65,136,0,136,201
08/17/2023,FMN,NM,ASW,WE,Federal Contract Tower,0,16,1,0,17,0,10,43,8,61,0,26,44,8,78,292,32,324,402
08/18/2023,FMN,NM,ASW,WE,Federal Contract Tower,0,10,2,1,13,0,14,42,2,58,0,24,44,3,71,208,0,208,279
08/19/2023,FMN,NM,ASW,WE,Federal Contract Tower,0,7,2,0,9,0,5,45,1,51,0,12,47,1,60,180,0,180,240
08/20/2023,FMN,NM,ASW,WE,Federal Contract Tower,0,1,7,0,8,0,8,11,0,19,0,9,18,0,27,46,0,46,73
08/21/2023,FMN,NM,ASW,WE,Federal Contract Tower,0,12,4,0,16,0,15,34,2,51,0,27,38,2,67,64,0,64,131
08/22/2023,FMN,NM,ASW,WE,Federal Contract Tower,0,6,2,0,8,0,14,17,2,33,0,20,19,2,41,98,0,98,139
08/23/2023,FMN,NM,ASW,WE,Federal Contract Tower,0,6,9,0,15,0,4,39,4,47,0,10,48,4,62,78,0,78,140
08/24/2023,FMN,NM,ASW,WE,Federal Contract Tower,0,9,5,0,14,0,11,24,0,35,0,20,29,0,49,88,0,88,137
08/25/2023,FMN,NM,ASW,WE,Federal Contract Tower,0,9,5,0,14,0,9,45,3,57,0,18,50,3,71,228,0,228,299
08/26/2023,FMN,NM,ASW,WE,Federal Contract Tower,0,8,3,0,11,0,9,35,0,44,0,17,38,0,55,200,0,200,255
08/27/2023,FMN,NM,ASW,WE,Federal Contract Tower,0,1,5,0,6,0,8,33,6,47,0,9,38,6,53,88,0,88,141
08/28/2023,FMN,NM,ASW,WE,Federal Contract Tower,0,8,3,0,11,0,9,36,1,46,0,17,39,1,57,92,48,140,197
08/29/2023,FMN,NM,ASW,WE,Federal Contract Tower,0,7,5,1,13,0,4,46,0,50,0,11,51,1,63,132,0,132,195
08/30/2023,FMN,NM,ASW,WE,Federal Contract Tower,0,7,8,1,16,0,10,43,0,53,0,17,51,1,69,134,0,134,203
08/31/2023,FMN,NM,ASW,WE,Federal Contract Tower,0,6,2,0,8,0,9,40,9,58,0,15,42,9,66,140,92,232,298
01/01/2020,FMN,NM,ASW,WE,Federal Contract Tower,0,3,0,0,3,0,0,12,0,12,0,3,12,0,15,2,0,2,17
01/02/2020,FMN,NM,ASW,WE,Federal Contract Tower,0,8,3,0,11,0,5,17,0,22,0,13,20,0,33,60,0,60,93
01/03/2020,FMN,NM,ASW,WE,Federal Contract Tower,0,6,7,0,13,0,4,18,0,22,0,10,25,0,35,14,0,14,49
01/04/2020,FMN,NM,ASW,WE,Federal Contract Tower,0,14,4,0,18,0,5,28,4,37,0,19,32,4,55,82,0,82,137
01/05/2020,FMN,NM,ASW,WE,Federal Contract Tower,0,9,3,0,12,0,12,48,0,60,0,21,51,0,72,128,0,128,200
01/06/2020,FMN,NM,ASW,WE,Federal Contract Tower,0,13,2,0,15,0,8,53,3,64,0,21,55,3,79,58,22,80,159
01/07/2020,FMN,NM,ASW,WE,Federal Contract Tower,0,13,5,0,18,0,1,105,7,113,0,14,110,7,131,150,12,162,293
01/10/2020,FMN,NM,ASW,WE,Federal Contract Tower,0,8,4,0,12,0,7,35,0,42,0,15,39,0,54,12,0,12,66
01/11/2020,FMN,NM,ASW,WE,Federal Contract Tower,0,5,2,0,7,0,3,40,1,44,0,8,42,1,51,74,0,74,125
01/12/2020,FMN,NM,ASW,WE,Federal Contract Tower,0,5,4,0,9,0,6,21,0,27,0,11,25,0,36,60,0,60,96
01/13/2020,FMN,NM,ASW,WE,Federal Contract Tower,0,9,1,0,10,0,3,48,0,51,0,12,49,0,61,109,0,109,170
01/14/2020,FMN,NM,ASW,WE,Federal Contract Tower,0,13,1,0,14,0,30,43,4,77,0,43,44,4,91,138,0,138,229
01/15/2020,FMN,NM,ASW,WE,Federal Contract Tower,0,11,10,0,21,0,5,17,1,23,0,16,27,1,44,80,0,80,124
01/17/2020,FMN,NM,ASW,WE,Federal Contract Tower,0,13,15,1,29,0,2,2,0,4,0,15,17,1,33,0,0,0,33
01/18/2020,FMN,NM,ASW,WE,Federal Contract Tower,0,9,2,0,11,0,11,31,3,45,0,20,33,3,56,104,24,128,184
01/19/2020,FMN,NM,ASW,WE,Federal Contract Tower,0,4,4,0,8,0,7,46,0,53,0,11,50,0,61,78,6,84,145
01/20/2020,FMN,NM,ASW,WE,Federal Contract Tower,0,3,3,0,6,0,1,51,5,57,0,4,54,5,63,84,0,84,147
01/21/2020,FMN,NM,ASW,WE,Federal Contract Tower,0,11,0,0,11,0,0,0,0,0,0,11,0,0,11,0,0,0,11
01/22/2020,FMN,NM,ASW,WE,Federal Contract Tower,0,12,5,0,17,0,3,4,0,7,0,15,9,0,24,12,0,12,36
01/23/2020,FMN,NM,ASW,WE,Federal Contract Tower,0,19,9,0,28,0,2,12,0,14,0,21,21,0,42,0,0,0,42
01/24/2020,FMN,NM,ASW,WE,Federal Contract Tower,0,8,5,0,13,0,10,27,1,38,0,18,32,1,51,110,0,110,161
01/25/2020,FMN,NM,ASW,WE,Federal Contract Tower,0,10,3,0,13,0,5,19,0,24,0,15,22,0,37,40,0,40,77
01/26/2020,FMN,NM,ASW,WE,Federal Contract Tower,0,10,8,0,18,0,2,35,0,37,0,12,43,0,55,44,0,44,99
01/27/2020,FMN,NM,ASW,WE,Federal Contract Tower,0,5,1,0,6,0,14,1,0,15,0,19,2,0,21,0,0,0,21
01/28/2020,FMN,NM,ASW,WE,Federal Contract Tower,0,13,3,3,19,0,15,53,2,70,0,28,56,5,89,40,16,56,145
01/29/2020,FMN,NM,ASW,WE,Federal Contract Tower,0,7,6,0,13,0,13,10,0,23,0,20,16,0,36,0,0,0,36
01/30/2020,FMN,NM,ASW,WE,Federal Contract Tower,0,7,0,0,7,0,1,15,0,16,0,8,15,0,23,36,0,36,59
01/31/2020,FMN,NM,ASW,WE,Federal Contract Tower,0,10,8,0,18,0,8,28,0,36,0,18,36,0,54,24,0,24,78
02/01/2020,FMN,NM,ASW,WE,Federal Contract Tower,0,4,5,0,9,0,3,45,22,70,0,7,50,22,79,94,0,94,173
02/02/2020,FMN,NM,ASW,WE,Federal Contract Tower,0,3,9,0,12,0,1,35,0,36,0,4,44,0,48,80,0,80,128
02/03/2020,FMN,NM,ASW,WE,Federal Contract Tower,0,4,3,0,7,0,2,2,0,4,0,6,5,0,11,0,0,0,11
02/04/2020,FMN,NM,ASW,WE,Federal Contract Tower,0,10,2,0,12,0,34,20,0,54,0,44,22,0,66,22,48,70,136
02/05/2020,FMN,NM,ASW,WE,Federal Contract Tower,0,3,5,0,8,0,4,7,0,11,0,7,12,0,19,0,0,0,19
02/06/2020,FMN,NM,ASW,WE,Federal Contract Tower,0,4,2,2,8,0,13,14,1,28,0,17,16,3,36,12,0,12,48
02/07/2020,FMN,NM,ASW,WE,Federal Contract Tower,0,10,8,0,18,0,10,27,0,37,0,20,35,0,55,64,0,64,119
02/08/2020,FMN,NM,ASW,WE,Federal Contract Tower,0,6,2,0,8,0,2,46,0,48,0,8,48,0,56,82,0,82,138
02/09/2020,FMN,NM,ASW,WE,Federal Contract Tower,0,4,3,0,7,0,2,26,0,28,0,6,29,0,35,72,0,72,107
02/10/2020,FMN,NM,ASW,WE,Federal Contract Tower,0,9,1,0,10,0,10,6,2,18,0,19,7,2,28,12,0,12,40
02/11/2020,FMN,NM,ASW,WE,Federal Contract Tower,0,13,0,0,13,0,7,0,0,7,0,20,0,0,20,0,0,0,20
02/12/2020,FMN,NM,ASW,WE,Federal Contract Tower,0,9,3,2,14,0,6,12,2,20,0,15,15,4,34,62,0,62,96
02/13/2020,FMN,NM,ASW,WE,Federal Contract Tower,0,7,7,0,14,0,9,24,0,33,0,16,31,0,47,38,0,38,85
02/14/2020,FMN,NM,ASW,WE,Federal Contract Tower,0,11,2,0,13,0,10,56,0,66,0,21,58,0,79,44,0,44,123
02/15/2020,FMN,NM,ASW,WE,Federal Contract Tower,0,10,6,0,16,0,5,51,0,56,0,15,57,0,72,80,0,80,152
02/16/2020,FMN,NM,ASW,WE,Federal Contract Tower,0,8,5,0,13,0,2,50,0,52,0,10,55,0,65,26,0,26,91
02/17/2020,FMN,NM,ASW,WE,Federal Contract Tower,0,7,2,0,9,0,7,26,0,33,0,14,28,0,42,28,0,28,70
02/18/2020,FMN,NM,ASW,WE,Federal Contract Tower,0,13,4,0,17,0,15,35,0,50,0,28,39,0,67,24,0,24,91
02/19/2020,FMN,NM,ASW,WE,Federal Contract Tower,0,13,4,1,18,0,4,7,1,12,0,17,11,2,30,40,0,40,70
02/20/2020,FMN,NM,ASW,WE,Federal Contract Tower,0,7,7,0,14,0,5,32,0,37,0,12,39,0,51,24,0,24,75
02/21/2020,FMN,NM,ASW,WE,Federal Contract Tower,0,6,6,0,12,0,4,39,0,43,0,10,45,0,55,132,0,132,187
02/22/2020,FMN,NM,ASW,WE,Federal Contract Tower,0,7,4,0,11,0,2,17,0,19,0,9,21,0,30,72,0,72,102
02/23/2020,FMN,NM,ASW,WE,Federal Contract Tower,0,17,5,0,22,0,1,3,4,8,0,18,8,4,30,12,0,12,42
02/24/2020,FMN,NM,ASW,WE,Federal Contract Tower,0,10,5,3,18,0,3,19,0,22,0,13,24,3,40,40,50,90,130
02/25/2020,FMN,NM,ASW,WE,Federal Contract Tower,0,13,2,0,15,0,60,4,0,64,0,73,6,0,79,58,0,58,137
02/26/2020,FMN,NM,ASW,WE,Federal Contract Tower,0,6,8,0,14,0,7,28,0,35,0,13,36,0,49,90,0,90,139
02/28/2020,FMN,NM,ASW,WE,Federal Contract Tower,0,5,6,2,13,0,3,40,0,43,0,8,46,2,56,48,6,54,110
02/29/2020,FMN,NM,ASW,WE,Federal Contract Tower,0,9,6,0,15,0,1,30,0,31,0,10,36,0,46,38,0,38,84
03/01/2020,FMN,NM,ASW,WE,Federal Contract Tower,0,9,3,0,12,0,1,18,0,19,0,10,21,0,31,88,0,88,119
03/02/2020,FMN,NM,ASW,WE,Federal Contract Tower,0,6,10,0,16,0,11,29,0,40,0,17,39,0,56,40,0,40,96
03/03/2020,FMN,NM,ASW,WE,Federal Contract Tower,0,10,7,0,17,0,39,24,0,63,0,49,31,0,80,60,0,60,140
03/04/2020,FMN,NM,ASW,WE,Federal Contract Tower,0,9,2,0,11,0,7,25,0,32,0,16,27,0,43,36,0,36,79
03/05/2020,FMN,NM,ASW,WE,Federal Contract Tower,0,10,6,0,16,0,3,35,1,39,0,13,41,1,55,92,0,92,147
03/06/2020,FMN,NM,ASW,WE,Federal Contract Tower,0,9,13,0,22,0,5,27,0,32,0,14,40,0,54,2,0,2,56
03/07/2020,FMN,NM,ASW,WE,Federal Contract Tower,0,9,5,0,14,0,4,28,0,32,0,13,33,0,46,84,0,84,130
03/08/2020,FMN,NM,ASW,WE,Federal Contract Tower,0,6,3,0,9,0,0,9,0,9,0,6,12,0,18,22,0,22,40
03/09/2020,FMN,NM,ASW,WE,Federal Contract Tower,0,11,4,0,15,0,1,37,0,38,0,12,41,0,53,54,0,54,107
03/10/2020,FMN,NM,ASW,WE,Federal Contract Tower,0,21,1,0,22,0,6,28,4,38,0,27,29,4,60,50,0,50,110
03/11/2020,FMN,NM,ASW,WE,Federal Contract Tower,0,9,6,0,15,0,3,8,0,11,0,12,14,0,26,0,0,0,26
03/12/2020,FMN,NM,ASW,WE,Federal Contract Tower,0,12,0,0,12,0,5,21,1,27,0,17,21,1,39,20,0,20,59
03/13/2020,FMN,NM,ASW,WE,Federal Contract Tower,0,16,7,1,24,0,5,7,4,16,0,21,14,5,40,54,20,74,114
03/14/2020,FMN,NM,ASW,WE,Federal Contract Tower,0,8,1,0,9,0,1,18,0,19,0,9,19,0,28,0,0,0,28
03/15/2020,FMN,NM,ASW,WE,Federal Contract Tower,0,9,1,0,10,0,1,43,0,44,0,10,44,0,54,0,0,0,54
03/16/2020,FMN,NM,ASW,WE,Federal Contract Tower,0,7,2,0,9,0,7,34,0,41,0,14,36,0,50,68,0,68,118
03/17/2020,FMN,NM,ASW,WE,Federal Contract Tower,0,9,1,0,10,0,6,22,0,28,0,15,23,0,38,108,0,108,146
03/18/2020,FMN,NM,ASW,WE,Federal Contract Tower,0,7,3,0,10,0,2,18,1,21,0,9,21,1,31,12,0,12,43
03/19/2020,FMN,NM,ASW,WE,Federal Contract Tower,0,9,9,0,18,0,2,10,0,12,0,11,19,0,30,68,0,68,98
03/20/2020,FMN,NM,ASW,WE,Federal Contract Tower,0,5,7,0,12,0,4,28,0,32,0,9,35,0,44,52,0,52,96
03/21/2020,FMN,NM,ASW,WE,Federal Contract Tower,0,6,3,0,9,0,7,28,0,35,0,13,31,0,44,108,0,108,152
03/22/2020,FMN,NM,ASW,WE,Federal Contract Tower,0,1,7,0,8,0,0,17,0,17,0,1,24,0,25,12,0,12,37
03/23/2020,FMN,NM,ASW,WE,Federal Contract Tower,0,4,1,0,5,0,3,50,0,53,0,7,51,0,58,56,6,62,120
03/24/2020,FMN,NM,ASW,WE,Federal Contract Tower,0,6,2,0,8,0,50,73,16,139,0,56,75,16,147,84,0,84,231
03/25/2020,FMN,NM,ASW,WE,Federal Contract Tower,0,6,3,0,9,0,7,18,0,25,0,13,21,0,34,66,0,66,100
03/26/2020,FMN,NM,ASW,WE,Federal Contract Tower,0,7,2,0,9,0,8,14,0,22,0,15,16,0,31,150,0,150,181
03/27/2020,FMN,NM,ASW,WE,Federal Contract Tower,0,5,5,0,10,0,3,8,0,11,0,8,13,0,21,10,0,10,31
03/28/2020,FMN,NM,ASW,WE,Federal Contract Tower,0,11,2,0,13,0,3,20,0,23,0,14,22,0,36,42,0,42,78
03/29/2020,FMN,NM,ASW,WE,Federal Contract Tower,0,1,0,0,1,0,2,21,0,23,0,3,21,0,24,98,0,98,122
03/30/2020,FMN,NM,ASW,WE,Federal Contract Tower,0,8,2,0,10,0,4,25,0,29,0,12,27,0,39,34,0,34,73
03/31/2020,FMN,NM,ASW,WE,Federal Contract Tower,0,6,0,0,6,0,26,79,0,105,0,32,79,0,111,124,0,124,235
04/01/2020,FMN,NM,ASW,WE,Federal Contract Tower,0,10,3,0,13,0,6,14,0,20,0,16,17,0,33,70,0,70,103
04/02/2020,FMN,NM,ASW,WE,Federal Contract Tower,0,3,1,0,4,0,2,13,0,15,0,5,14,0,19,0,0,0,19
04/03/2020,FMN,NM,ASW,WE,Federal Contract Tower,0,6,3,0,9,0,3,27,2,32,0,9,30,2,41,30,24,54,95
04/04/2020,FMN,NM,ASW,WE,Federal Contract Tower,0,7,2,0,9,0,6,25,0,31,0,13,27,0,40,44,0,44,84
04/05/2020,FMN,NM,ASW,WE,Federal Contract Tower,0,8,1,0,9,0,0,16,0,16,0,8,17,0,25,0,0,0,25
04/06/2020,FMN,NM,ASW,WE,Federal Contract Tower,0,5,0,6,11,0,12,16,0,28,0,17,16,6,39,12,0,12,51
04/07/2020,FMN,NM,ASW,WE,Federal Contract Tower,0,6,0,0,6,0,29,13,0,42,0,35,13,0,48,42,0,42,90
04/08/2020,FMN,NM,ASW,WE,Federal Contract Tower,0,6,1,0,7,0,12,28,0,40,0,18,29,0,47,60,0,60,107
04/09/2020,FMN,NM,ASW,WE,Federal Contract Tower,0,6,0,1,7,0,4,15,0,19,0,10,15,1,26,12,0,12,38
04/10/2020,FMN,NM,ASW,WE,Federal Contract Tower,0,4,3,0,7,0,4,23,0,27,0,8,26,0,34,0,0,0,34
04/11/2020,FMN,NM,ASW,WE,Federal Contract Tower,0,2,1,0,3,0,11,25,0,36,0,13,26,0,39,86,0,86,125
04/12/2020,FMN,NM,ASW,WE,Federal Contract Tower,0,0,1,0,1,0,0,4,0,4,0,0,5,0,5,10,0,10,15
04/13/2020,FMN,NM,ASW,WE,Federal Contract Tower,0,12,2,0,14,0,10,11,0,21,0,22,13,0,35,6,0,6,41
04/14/2020,FMN,NM,ASW,WE,Federal Contract Tower,0,6,0,0,6,0,17,2,13,32,0,23,2,13,38,28,6,34,72
04/15/2020,FMN,NM,ASW,WE,Federal Contract Tower,0,5,2,0,7,0,2,14,0,16,0,7,16,0,23,0,0,0,23
04/16/2020,FMN,NM,ASW,WE,Federal Contract Tower,0,9,1,1,11,0,7,16,2,25,0,16,17,3,36,72,0,72,108
04/17/2020,FMN,NM,ASW,WE,Federal Contract Tower,0,8,2,0,10,0,7,26,0,33,0,15,28,0,43,2,0,2,45
04/18/2020,FMN,NM,ASW,WE,Federal Contract Tower,0,4,2,0,6,0,2,12,0,14,0,6,14,0,20,60,0,60,80
04/19/2020,FMN,NM,ASW,WE,Federal Contract Tower,0,3,0,0,3,0,2,41,0,43,0,5,41,0,46,28,8,36,82
04/20/2020,FMN,NM,ASW,WE,Federal Contract Tower,0,5,0,0,5,0,46,17,0,63,0,51,17,0,68,34,0,34,102
04/21/2020,FMN,NM,ASW,WE,Federal Contract Tower,0,10,0,0,10,0,12,13,0,25,0,22,13,0,35,0,0,0,35
04/22/2020,FMN,NM,ASW,WE,Federal Contract Tower,0,10,3,0,13,0,5,12,0,17,0,15,15,0,30,67,0,67,97
04/23/2020,FMN,NM,ASW,WE,Federal Contract Tower,0,6,0,1,7,0,5,11,0,16,0,11,11,1,23,0,0,0,23
04/24/2020,FMN,NM,ASW,WE,Federal Contract Tower,0,3,1,0,4,0,1,8,0,9,0,4,9,0,13,0,0,0,13
04/25/2020,FMN,NM,ASW,WE,Federal Contract Tower,0,4,1,0,5,0,3,36,2,41,0,7,37,2,46,12,6,18,64
04/26/2020,FMN,NM,ASW,WE,Federal Contract Tower,0,5,0,0,5,0,6,16,0,22,0,11,16,0,27,32,0,32,59
04/27/2020,FMN,NM,ASW,WE,Federal Contract Tower,0,5,2,0,7,0,13,37,0,50,0,18,39,0,57,6,0,6,63
04/28/2020,FMN,NM,ASW,WE,Federal Contract Tower,0,11,0,1,12,0,22,7,2,31,0,33,7,3,43,0,0,0,43
04/29/2020,FMN,NM,ASW,WE,Federal Contract Tower,0,6,4,0,10,0,1,13,4,18,0,7,17,4,28,20,0,20,48
04/30/2020,FMN,NM,ASW,WE,Federal Contract Tower,0,4,2,3,9,0,2,22,4,28,0,6,24,7,37,26,0,26,63
05/01/2020,FMN,NM,ASW,WE,Federal Contract Tower,0,11,2,3,16,0,15,75,2,92,0,26,77,5,108,28,2,30,138
05/02/2020,FMN,NM,ASW,WE,Federal Contract Tower,0,3,1,0,4,0,3,28,2,33,0,6,29,2,37,42,0,42,79
05/03/2020,FMN,NM,ASW,WE,Federal Contract Tower,0,7,2,0,9,0,11,45,0,56,0,18,47,0,65,8,0,8,73
05/04/2020,FMN,NM,ASW,WE,Federal Contract Tower,0,9,1,0,10,0,8,15,2,25,0,17,16,2,35,2,0,2,37
05/05/2020,FMN,NM,ASW,WE,Federal Contract Tower,0,9,0,0,9,0,11,25,2,38,0,20,25,2,47,0,0,0,47
05/06/2020,FMN,NM,ASW,WE,Federal Contract Tower,0,7,5,0,12,0,7,20,0,27,0,14,25,0,39,68,0,68,107
05/07/2020,FMN,NM,ASW,WE,Federal Contract Tower,0,8,1,0,9,0,6,17,4,27,0,14,18,4,36,96,0,96,132
05/08/2020,FMN,NM,ASW,WE,Federal Contract Tower,0,4,4,2,10,0,6,38,2,46,0,10,42,4,56,36,0,36,92
05/09/2020,FMN,NM,ASW,WE,Federal Contract Tower,0,4,1,0,5,0,9,40,2,51,0,13,41,2,56,72,0,72,128
05/10/2020,FMN,NM,ASW,WE,Federal Contract Tower,0,5,2,0,7,0,2,10,3,15,0,7,12,3,22,50,0,50,72
05/11/2020,FMN,NM,ASW,WE,Federal Contract Tower,0,6,2,0,8,0,7,14,1,22,0,13,16,1,30,0,0,0,30
05/12/2020,FMN,NM,ASW,WE,Federal Contract Tower,0,12,1,2,15,0,13,23,0,36,0,25,24,2,51,0,0,0,51
05/13/2020,FMN,NM,ASW,WE,Federal Contract Tower,0,8,1,0,9,0,3,16,2,21,0,11,17,2,30,0,0,0,30
05/14/2020,FMN,NM,ASW,WE,Federal Contract Tower,0,9,2,0,11,0,6,39,4,49,0,15,41,4,60,12,0,12,72
05/15/2020,FMN,NM,ASW,WE,Federal Contract Tower,0,7,0,0,7,0,5,35,0,40,0,12,35,0,47,12,0,12,59
05/16/2020,FMN,NM,ASW,WE,Federal Contract Tower,0,7,1,0,8,0,2,26,0,28,0,9,27,0,36,12,0,12,48
05/17/2020,FMN,NM,ASW,WE,Federal Contract Tower,0,3,0,0,3,0,7,19,0,26,0,10,19,0,29,0,0,0,29
05/18/2020,FMN,NM,ASW,WE,Federal Contract Tower,0,5,0,0,5,0,10,24,0,34,0,15,24,0,39,12,0,12,51
05/19/2020,FMN,NM,ASW,WE,Federal Contract Tower,0,10,1,5,16,0,8,18,2,28,0,18,19,7,44,50,0,50,94
05/20/2020,FMN,NM,ASW,WE,Federal Contract Tower,0,6,0,0,6,0,3,28,0,31,0,9,28,0,37,36,0,36,73
05/21/2020,FMN,NM,ASW,WE,Federal Contract Tower,0,3,6,0,9,0,10,34,0,44,0,13,40,0,53,70,0,70,123
05/22/2020,FMN,NM,ASW,WE,Federal Contract Tower,0,4,1,0,5,0,5,27,1,33,0,9,28,1,38,50,0,50,88
05/23/2020,FMN,NM,ASW,WE,Federal Contract Tower,0,4,2,0,6,0,11,18,2,31,0,15,20,2,37,24,0,24,61
05/24/2020,FMN,NM,ASW,WE,Federal Contract Tower,0,1,0,0,1,0,12,53,0,65,0,13,53,0,66,60,0,60,126
05/25/2020,FMN,NM,ASW,WE,Federal Contract Tower,0,7,2,0,9,0,15,12,0,27,0,22,14,0,36,22,0,22,58
05/26/2020,FMN,NM,ASW,WE,Federal Contract Tower,0,3,0,0,3,0,14,34,0,48,0,17,34,0,51,12,0,12,63
05/27/2020,FMN,NM,ASW,WE,Federal Contract Tower,0,7,0,0,7,0,4,47,0,51,0,11,47,0,58,36,0,36,94
05/28/2020,FMN,NM,ASW,WE,Federal Contract Tower,0,5,3,0,8,0,7,41,4,52,0,12,44,4,60,56,0,56,116
05/29/2020,FMN,NM,ASW,WE,Federal Contract Tower,0,7,4,0,11,0,3,41,0,44,0,10,45,0,55,42,0,42,97
05/30/2020,FMN,NM,ASW,WE,Federal Contract Tower,0,7,1,0,8,0,5,26,0,31,0,12,27,0,39,44,0,44,83
05/31/2020,FMN,NM,ASW,WE,Federal Contract Tower,0,6,2,0,8,0,12,9,0,21,0,18,11,0,29,54,0,54,83
06/01/2020,FMN,NM,ASW,WE,Federal Contract Tower,0,10,1,0,11,0,2,8,0,10,0,12,9,0,21,0,48,48,69
06/02/2020,FMN,NM,ASW,WE,Federal Contract Tower,0,10,0,0,10,0,27,18,0,45,0,37,18,0,55,40,0,40,95
06/03/2020,FMN,NM,ASW,WE,Federal Contract Tower,0,12,0,0,12,0,4,24,0,28,0,16,24,0,40,72,0,72,112
06/04/2020,FMN,NM,ASW,WE,Federal Contract Tower,0,7,0,1,8,0,8,38,1,47,0,15,38,2,55,90,24,114,169
06/05/2020,FMN,NM,ASW,WE,Federal Contract Tower,0,4,0,0,4,0,17,24,0,41,0,21,24,0,45,12,0,12,57
06/06/2020,FMN,NM,ASW,WE,Federal Contract Tower,0,8,4,0,12,0,7,13,0,20,0,15,17,0,32,24,0,24,56
06/07/2020,FMN,NM,ASW,WE,Federal Contract Tower,0,5,2,2,9,0,12,16,0,28,0,17,18,2,37,38,0,38,75
06/08/2020,FMN,NM,ASW,WE,Federal Contract Tower,0,3,2,0,5,0,2,51,0,53,0,5,53,0,58,22,0,22,80
06/09/2020,FMN,NM,ASW,WE,Federal Contract Tower,0,11,3,0,14,0,41,5,0,46,0,52,8,0,60,40,0,40,100
06/10/2020,FMN,NM,ASW,WE,Federal Contract Tower,0,7,0,0,7,0,1,45,0,46,0,8,45,0,53,48,0,48,101
06/11/2020,FMN,NM,ASW,WE,Federal Contract Tower,0,13,2,0,15,0,8,43,0,51,0,21,45,0,66,34,0,34,100
06/12/2020,FMN,NM,ASW,WE,Federal Contract Tower,0,12,2,0,14,0,1,39,0,40,0,13,41,0,54,96,0,96,150
06/13/2020,FMN,NM,ASW,WE,Federal Contract Tower,0,2,2,0,4,0,2,18,0,20,0,4,20,0,24,24,0,24,48
06/14/2020,FMN,NM,ASW,WE,Federal Contract Tower,0,4,6,0,10,0,10,15,0,25,0,14,21,0,35,0,0,0,35
06/15/2020,FMN,NM,ASW,WE,Federal Contract Tower,0,8,4,0,12,0,6,20,2,28,0,14,24,2,40,22,0,22,62
06/16/2020,FMN,NM,ASW,WE,Federal Contract Tower,0,11,0,0,11,0,16,12,0,28,0,27,12,0,39,18,0,18,57
06/17/2020,FMN,NM,ASW,WE,Federal Contract Tower,0,5,7,0,12,0,7,35,0,42,0,12,42,0,54,96,0,96,150
06/18/2020,FMN,NM,ASW,WE,Federal Contract Tower,0,6,5,0,11,0,10,28,3,41,0,16,33,3,52,36,0,36,88
06/19/2020,FMN,NM,ASW,WE,Federal Contract Tower,0,5,2,0,7,0,8,27,0,35,0,13,29,0,42,84,0,84,126
06/20/2020,FMN,NM,ASW,WE,Federal Contract Tower,0,4,1,0,5,0,8,39,1,48,0,12,40,1,53,70,0,70,123
06/21/2020,FMN,NM,ASW,WE,Federal Contract Tower,0,4,0,0,4,0,14,15,0,29,0,18,15,0,33,16,0,16,49
06/22/2020,FMN,NM,ASW,WE,Federal Contract Tower,0,7,3,1,11,0,22,15,0,37,0,29,18,1,48,28,16,44,92
06/23/2020,FMN,NM,ASW,WE,Federal Contract Tower,0,9,4,0,13,0,15,35,0,50,0,24,39,0,63,46,0,46,109
06/24/2020,FMN,NM,ASW,WE,Federal Contract Tower,0,6,5,0,11,0,8,30,0,38,0,14,35,0,49,22,0,22,71
06/25/2020,FMN,NM,ASW,WE,Federal Contract Tower,0,5,2,1,8,0,8,27,0,35,0,13,29,1,43,28,0,28,71
06/26/2020,FMN,NM,ASW,WE,Federal Contract Tower,0,6,10,0,16,0,2,49,7,58,0,8,59,7,74,76,0,76,150
06/27/2020,FMN,NM,ASW,WE,Federal Contract Tower,0,8,6,0,14,0,6,32,1,39,0,14,38,1,53,88,0,88,141
06/28/2020,FMN,NM,ASW,WE,Federal Contract Tower,0,5,2,0,7,0,23,14,0,37,0,28,16,0,44,64,0,64,108
06/29/2020,FMN,NM,ASW,WE,Federal Contract Tower,0,19,0,0,19,0,17,31,0,48,0,36,31,0,67,56,0,56,123
06/30/2020,FMN,NM,ASW,WE,Federal Contract Tower,0,10,2,0,12,0,42,54,3,99,0,52,56,3,111,100,0,100,211
07/01/2020,FMN,NM,ASW,WE,Federal Contract Tower,0,13,3,0,16,0,7,21,1,29,0,20,24,1,45,54,0,54,99
07/02/2020,FMN,NM,ASW,WE,Federal Contract Tower,0,7,4,0,11,0,9,56,0,65,0,16,60,0,76,120,0,120,196
07/03/2020,FMN,NM,ASW,WE,Federal Contract Tower,0,5,0,0,5,0,9,45,0,54,0,14,45,0,59,72,0,72,131
07/04/2020,FMN,NM,ASW,WE,Federal Contract Tower,0,2,1,0,3,0,5,19,0,24,0,7,20,0,27,60,0,60,87
07/05/2020,FMN,NM,ASW,WE,Federal Contract Tower,0,3,7,0,10,0,4,21,0,25,0,7,28,0,35,0,0,0,35
07/06/2020,FMN,NM,ASW,WE,Federal Contract Tower,0,7,1,0,8,0,9,20,0,29,0,16,21,0,37,62,0,62,99
07/07/2020,FMN,NM,ASW,WE,Federal Contract Tower,0,6,1,1,8,0,51,29,1,81,0,57,30,2,89,82,2,84,173
07/08/2020,FMN,NM,ASW,WE,Federal Contract Tower,0,8,3,0,11,0,1,23,0,24,0,9,26,0,35,68,0,68,103
07/09/2020,FMN,NM,ASW,WE,Federal Contract Tower,0,7,2,0,9,0,7,32,2,41,0,14,34,2,50,30,0,30,80
07/10/2020,FMN,NM,ASW,WE,Federal Contract Tower,0,4,2,0,6,0,7,38,2,47,0,11,40,2,53,90,0,90,143
07/11/2020,FMN,NM,ASW,WE,Federal Contract Tower,0,4,0,0,4,0,8,33,0,41,0,12,33,0,45,96,0,96,141
07/12/2020,FMN,NM,ASW,WE,Federal Contract Tower,0,8,0,4,12,0,13,22,4,39,0,21,22,8,51,42,0,42,93
07/13/2020,FMN,NM,ASW,WE,Federal Contract Tower,0,5,1,0,6,0,11,45,0,56,0,16,46,0,62,20,0,20,82
07/14/2020,FMN,NM,ASW,WE,Federal Contract Tower,0,11,0,2,13,0,46,23,0,69,0,57,23,2,82,66,0,66,148
07/15/2020,FMN,NM,ASW,WE,Federal Contract Tower,0,11,4,0,15,0,11,27,0,38,0,22,31,0,53,38,0,38,91
07/16/2020,FMN,NM,ASW,WE,Federal Contract Tower,0,6,3,2,11,0,6,8,0,14,0,12,11,2,25,76,0,76,101
07/17/2020,FMN,NM,ASW,WE,Federal Contract Tower,0,7,2,0,9,0,5,29,0,34,0,12,31,0,43,132,0,132,175
07/18/2020,FMN,NM,ASW,WE,Federal Contract Tower,0,6,3,0,9,0,2,26,0,28,0,8,29,0,37,92,0,92,129
07/19/2020,FMN,NM,ASW,WE,Federal Contract Tower,0,2,1,0,3,0,2,13,0,15,0,4,14,0,18,12,0,12,30
07/20/2020,FMN,NM,ASW,WE,Federal Contract Tower,0,8,3,0,11,0,10,23,0,33,0,18,26,0,44,10,0,10,54
07/21/2020,FMN,NM,ASW,WE,Federal Contract Tower,0,8,0,0,8,0,14,23,0,37,0,22,23,0,45,34,0,34,79
07/22/2020,FMN,NM,ASW,WE,Federal Contract Tower,0,8,1,0,9,0,5,19,0,24,0,13,20,0,33,92,0,92,125
07/23/2020,FMN,NM,ASW,WE,Federal Contract Tower,0,10,3,0,13,0,4,20,3,27,0,14,23,3,40,12,0,12,52
07/24/2020,FMN,NM,ASW,WE,Federal Contract Tower,0,11,1,0,12,0,3,26,0,29,0,14,27,0,41,60,0,60,101
07/25/2020,FMN,NM,ASW,WE,Federal Contract Tower,0,10,3,1,14,0,6,17,5,28,0,16,20,6,42,36,0,36,78
07/26/2020,FMN,NM,ASW,WE,Federal Contract Tower,0,2,3,0,5,0,4,18,0,22,0,6,21,0,27,74,0,74,101
07/27/2020,FMN,NM,ASW,WE,Federal Contract Tower,0,9,1,0,10,0,8,24,1,33,0,17,25,1,43,10,0,10,53
07/28/2020,FMN,NM,ASW,WE,Federal Contract Tower,0,6,4,0,10,0,29,53,0,82,0,35,57,0,92,66,0,66,158
07/29/2020,FMN,NM,ASW,WE,Federal Contract Tower,0,8,5,0,13,0,4,22,1,27,0,12,27,1,40,62,0,62,102
07/30/2020,FMN,NM,ASW,WE,Federal Contract Tower,0,8,12,0,20,0,1,63,2,66,0,9,75,2,86,104,0,104,190
07/31/2020,FMN,NM,ASW,WE,Federal Contract Tower,0,7,5,0,12,0,9,34,1,44,0,16,39,1,56,60,0,60,116
08/01/2020,FMN,NM,ASW,WE,Federal Contract Tower,0,12,5,0,17,0,6,29,0,35,0,18,34,0,52,78,0,78,130
08/02/2020,FMN,NM,ASW,WE,Federal Contract Tower,0,4,3,0,7,0,11,33,6,50,0,15,36,6,57,36,0,36,93
08/03/2020,FMN,NM,ASW,WE,Federal Contract Tower,0,7,5,0,12,0,12,35,2,49,0,19,40,2,61,28,0,28,89
08/04/2020,FMN,NM,ASW,WE,Federal Contract Tower,0,9,3,0,12,0,25,49,0,74,0,34,52,0,86,90,0,90,176
08/05/2020,FMN,NM,ASW,WE,Federal Contract Tower,0,13,10,0,23,0,5,41,1,47,0,18,51,1,70,94,0,94,164
08/06/2020,FMN,NM,ASW,WE,Federal Contract Tower,0,5,4,0,9,0,8,21,0,29,0,13,25,0,38,60,0,60,98
08/07/2020,FMN,NM,ASW,WE,Federal Contract Tower,0,8,3,0,11,0,7,20,0,27,0,15,23,0,38,42,0,42,80
08/08/2020,FMN,NM,ASW,WE,Federal Contract Tower,0,4,1,0,5,0,2,34,0,36,0,6,35,0,41,114,0,114,155
08/09/2020,FMN,NM,ASW,WE,Federal Contract Tower,0,2,2,2,6,0,0,27,2,29,0,2,29,4,35,48,0,48,83
08/10/2020,FMN,NM,ASW,WE,Federal Contract Tower,0,13,2,1,16,0,5,43,0,48,0,18,45,1,64,38,0,38,102
08/11/2020,FMN,NM,ASW,WE,Federal Contract Tower,0,6,0,0,6,0,9,20,0,29,0,15,20,0,35,40,0,40,75
08/12/2020,FMN,NM,ASW,WE,Federal Contract Tower,0,8,3,0,11,0,8,17,0,25,0,16,20,0,36,60,0,60,96
08/13/2020,FMN,NM,ASW,WE,Federal Contract Tower,0,6,2,0,8,0,11,37,0,48,0,17,39,0,56,58,0,58,114
08/14/2020,FMN,NM,ASW,WE,Federal Contract Tower,0,6,4,0,10,0,5,25,0,30,0,11,29,0,40,30,0,30,70
08/15/2020,FMN,NM,ASW,WE,Federal Contract Tower,0,4,1,0,5,0,1,37,10,48,0,5,38,10,53,60,0,60,113
08/16/2020,FMN,NM,ASW,WE,Federal Contract Tower,0,2,0,0,2,0,14,7,6,27,0,16,7,6,29,16,0,16,45
08/17/2020,FMN,NM,ASW,WE,Federal Contract Tower,0,6,1,0,7,0,11,46,6,63,0,17,47,6,70,16,0,16,86
08/18/2020,FMN,NM,ASW,WE,Federal Contract Tower,0,7,2,0,9,0,14,22,3,39,0,21,24,3,48,60,0,60,108
08/19/2020,FMN,NM,ASW,WE,Federal Contract Tower,0,9,3,0,12,0,6,36,2,44,0,15,39,2,56,20,24,44,100
08/20/2020,FMN,NM,ASW,WE,Federal Contract Tower,0,9,10,0,19,0,9,52,0,61,0,18,62,0,80,92,0,92,172
08/21/2020,FMN,NM,ASW,WE,Federal Contract Tower,0,6,3,0,9,0,6,19,0,25,0,12,22,0,34,78,0,78,112
08/22/2020,FMN,NM,ASW,WE,Federal Contract Tower,0,8,2,0,10,0,5,28,0,33,0,13,30,0,43,60,0,60,103
08/23/2020,FMN,NM,ASW,WE,Federal Contract Tower,0,10,0,0,10,0,6,42,0,48,0,16,42,0,58,54,0,54,112
08/24/2020,FMN,NM,ASW,WE,Federal Contract Tower,0,3,3,0,6,0,8,11,0,19,0,11,14,0,25,0,0,0,25
08/25/2020,FMN,NM,ASW,WE,Federal Contract Tower,0,10,0,2,12,0,54,30,0,84,0,64,30,2,96,76,36,112,208
08/26/2020,FMN,NM,ASW,WE,Federal Contract Tower,0,5,4,4,13,0,22,76,6,104,0,27,80,10,117,82,0,82,199
08/27/2020,FMN,NM,ASW,WE,Federal Contract Tower,0,9,2,2,13,0,14,33,0,47,0,23,35,2,60,48,0,48,108
08/28/2020,FMN,NM,ASW,WE,Federal Contract Tower,0,8,1,0,9,0,8,27,0,35,0,16,28,0,44,124,0,124,168
08/29/2020,FMN,NM,ASW,WE,Federal Contract Tower,0,7,3,0,10,0,12,25,2,39,0,19,28,2,49,102,0,102,151
08/30/2020,FMN,NM,ASW,WE,Federal Contract Tower,0,2,2,0,4,0,8,17,0,25,0,10,19,0,29,50,0,50,79
08/31/2020,FMN,NM,ASW,WE,Federal Contract Tower,0,14,5,0,19,0,10,56,0,66,0,24,61,0,85,34,0,34,119
09/01/2020,FMN,NM,ASW,WE,Federal Contract Tower,0,12,3,0,15,0,10,22,0,32,0,22,25,0,47,0,0,0,47
09/02/2020,FMN,NM,ASW,WE,Federal Contract Tower,0,7,1,0,8,0,4,25,0,29,0,11,26,0,37,72,0,72,109
09/03/2020,FMN,NM,ASW,WE,Federal Contract Tower,0,9,2,0,11,0,8,36,0,44,0,17,38,0,55,48,0,48,103
09/04/2020,FMN,NM,ASW,WE,Federal Contract Tower,0,6,7,0,13,0,8,30,0,38,0,14,37,0,51,118,0,118,169
09/05/2020,FMN,NM,ASW,WE,Federal Contract Tower,0,6,4,0,10,0,0,30,2,32,0,6,34,2,42,68,0,68,110
09/06/2020,FMN,NM,ASW,WE,Federal Contract Tower,0,7,1,0,8,0,27,38,0,65,0,34,39,0,73,40,0,40,113
09/07/2020,FMN,NM,ASW,WE,Federal Contract Tower,0,4,3,0,7,0,3,36,0,39,0,7,39,0,46,44,0,44,90
09/08/2020,FMN,NM,ASW,WE,Federal Contract Tower,0,9,0,0,9,0,3,6,0,9,0,12,6,0,18,0,0,0,18
09/09/2020,FMN,NM,ASW,WE,Federal Contract Tower,0,14,2,0,16,0,1,2,0,3,0,15,4,0,19,0,0,0,19
09/10/2020,FMN,NM,ASW,WE,Federal Contract Tower,0,5,3,1,9,0,5,49,5,59,0,10,52,6,68,104,36,140,208
09/11/2020,FMN,NM,ASW,WE,Federal Contract Tower,0,8,5,0,13,0,4,48,0,52,0,12,53,0,65,120,0,120,185
09/12/2020,FMN,NM,ASW,WE,Federal Contract Tower,0,4,0,0,4,0,9,28,0,37,0,13,28,0,41,48,0,48,89
09/13/2020,FMN,NM,ASW,WE,Federal Contract Tower,0,6,0,0,6,0,2,12,2,16,0,8,12,2,22,4,0,4,26
09/14/2020,FMN,NM,ASW,WE,Federal Contract Tower,0,8,6,0,14,0,6,53,0,59,0,14,59,0,73,28,0,28,101
09/15/2020,FMN,NM,ASW,WE,Federal Contract Tower,0,10,1,0,11,0,90,69,2,161,0,100,70,2,172,94,0,94,266
09/16/2020,FMN,NM,ASW,WE,Federal Contract Tower,0,7,3,1,11,0,6,32,0,38,0,13,35,1,49,102,0,102,151
09/17/2020,FMN,NM,ASW,WE,Federal Contract Tower,0,2,3,0,5,0,9,20,0,29,0,11,23,0,34,48,0,48,82
09/18/2020,FMN,NM,ASW,WE,Federal Contract Tower,0,6,6,0,12,0,3,38,1,42,0,9,44,1,54,58,0,58,112
09/19/2020,FMN,NM,ASW,WE,Federal Contract Tower,0,8,3,0,11,0,1,27,1,29,0,9,30,1,40,66,18,84,124
09/20/2020,FMN,NM,ASW,WE,Federal Contract Tower,0,7,2,3,12,0,2,15,3,20,0,9,17,6,32,18,16,34,66
09/21/2020,FMN,NM,ASW,WE,Federal Contract Tower,0,6,1,0,7,0,8,38,0,46,0,14,39,0,53,92,0,92,145
09/22/2020,FMN,NM,ASW,WE,Federal Contract Tower,0,6,0,0,6,0,7,27,0,34,0,13,27,0,40,76,0,76,116
09/23/2020,FMN,NM,ASW,WE,Federal Contract Tower,0,9,5,0,14,0,10,31,0,41,0,19,36,0,55,102,0,102,157
09/24/2020,FMN,NM,ASW,WE,Federal Contract Tower,0,3,2,0,5,0,13,58,0,71,0,16,60,0,76,94,0,94,170
09/25/2020,FMN,NM,ASW,WE,Federal Contract Tower,0,10,4,0,14,0,6,27,0,33,0,16,31,0,47,106,0,106,153
09/26/2020,FMN,NM,ASW,WE,Federal Contract Tower,0,7,4,0,11,0,7,43,3,53,0,14,47,3,64,92,0,92,156
09/27/2020,FMN,NM,ASW,WE,Federal Contract Tower,0,4,6,0,10,0,20,24,1,45,0,24,30,1,55,74,0,74,129
09/28/2020,FMN,NM,ASW,WE,Federal Contract Tower,0,7,2,1,10,0,15,10,0,25,0,22,12,1,35,28,20,48,83
09/29/2020,FMN,NM,ASW,WE,Federal Contract Tower,0,6,0,0,6,0,17,16,0,33,0,23,16,0,39,20,0,20,59
09/30/2020,FMN,NM,ASW,WE,Federal Contract Tower,0,8,3,0,11,0,8,38,0,46,0,16,41,0,57,168,0,168,225
10/01/2020,FMN,NM,ASW,WE,Federal Contract Tower,0,10,3,1,14,0,6,36,0,42,0,16,39,1,56,88,0,88,144
10/02/2020,FMN,NM,ASW,WE,Federal Contract Tower,0,7,4,0,11,0,9,44,0,53,0,16,48,0,64,106,0,106,170
10/03/2020,FMN,NM,ASW,WE,Federal Contract Tower,0,10,5,0,15,0,6,48,0,54,0,16,53,0,69,72,0,72,141
10/04/2020,FMN,NM,ASW,WE,Federal Contract Tower,0,5,1,0,6,0,4,46,0,50,0,9,47,0,56,42,0,42,98
10/05/2020,FMN,NM,ASW,WE,Federal Contract Tower,0,7,5,0,12,0,8,49,0,57,0,15,54,0,69,116,0,116,185
10/06/2020,FMN,NM,ASW,WE,Federal Contract Tower,0,7,0,0,7,0,43,35,6,84,0,50,35,6,91,74,0,74,165
10/07/2020,FMN,NM,ASW,WE,Federal Contract Tower,0,11,6,0,17,0,23,35,0,58,0,34,41,0,75,62,0,62,137
10/08/2020,FMN,NM,ASW,WE,Federal Contract Tower,0,14,4,0,18,0,7,33,0,40,0,21,37,0,58,72,0,72,130
10/09/2020,FMN,NM,ASW,WE,Federal Contract Tower,0,5,6,0,11,0,14,31,0,45,0,19,37,0,56,86,0,86,142
10/10/2020,FMN,NM,ASW,WE,Federal Contract Tower,0,4,0,0,4,0,12,38,0,50,0,16,38,0,54,42,0,42,96
10/11/2020,FMN,NM,ASW,WE,Federal Contract Tower,0,3,3,0,6,0,6,17,0,23,0,9,20,0,29,24,0,24,53
10/12/2020,FMN,NM,ASW,WE,Federal Contract Tower,0,3,0,0,3,0,7,61,0,68,0,10,61,0,71,94,0,94,165
10/13/2020,FMN,NM,ASW,WE,Federal Contract Tower,0,8,4,1,13,0,48,29,0,77,0,56,33,1,90,124,0,124,214
10/14/2020,FMN,NM,ASW,WE,Federal Contract Tower,0,8,6,0,14,0,6,53,0,59,0,14,59,0,73,28,0,28,101
10/15/2020,FMN,NM,ASW,WE,Federal Contract Tower,0,11,4,0,15,0,5,28,0,33,0,16,32,0,48,64,0,64,112
10/16/2020,FMN,NM,ASW,WE,Federal Contract Tower,0,4,1,0,5,0,7,34,0,41,0,11,35,0,46,114,0,114,160
10/17/2020,FMN,NM,ASW,WE,Federal Contract Tower,0,4,3,2,9,0,7,42,1,50,0,11,45,3,59,138,6,144,203
10/18/2020,FMN,NM,ASW,WE,Federal Contract Tower,0,4,4,4,12,0,0,32,0,32,0,4,36,4,44,58,0,58,102
10/19/2020,FMN,NM,ASW,WE,Federal Contract Tower,0,7,3,0,10,0,11,87,0,98,0,18,90,0,108,88,0,88,196
10/20/2020,FMN,NM,ASW,WE,Federal Contract Tower,0,8,0,0,8,0,20,30,0,50,0,28,30,0,58,48,0,48,106
10/21/2020,FMN,NM,ASW,WE,Federal Contract Tower,0,10,1,0,11,0,9,64,0,73,0,19,65,0,84,48,0,48,132
10/22/2020,FMN,NM,ASW,WE,Federal Contract Tower,0,11,0,2,13,0,5,35,4,44,0,16,35,6,57,36,12,48,105
10/23/2020,FMN,NM,ASW,WE,Federal Contract Tower,0,14,3,0,17,2,1,52,0,55,2,15,55,0,72,48,0,48,120
10/24/2020,FMN,NM,ASW,WE,Federal Contract Tower,0,6,2,0,8,0,2,40,0,42,0,8,42,0,50,64,0,64,114
10/25/2020,FMN,NM,ASW,WE,Federal Contract Tower,0,8,3,0,11,0,0,22,0,22,0,8,25,0,33,22,0,22,55
10/26/2020,FMN,NM,ASW,WE,Federal Contract Tower,0,8,3,0,11,0,2,0,0,2,0,10,3,0,13,0,0,0,13
10/27/2020,FMN,NM,ASW,WE,Federal Contract Tower,0,11,2,0,13,0,51,50,0,101,0,62,52,0,114,118,0,118,232
10/28/2020,FMN,NM,ASW,WE,Federal Contract Tower,0,2,3,0,5,0,2,30,0,32,0,4,33,0,37,128,0,128,165
10/29/2020,FMN,NM,ASW,WE,Federal Contract Tower,0,7,5,1,13,0,7,44,0,51,0,14,49,1,64,92,0,92,156
10/30/2020,FMN,NM,ASW,WE,Federal Contract Tower,0,8,6,0,14,0,4,36,1,41,0,12,42,1,55,86,0,86,141
10/31/2020,FMN,NM,ASW,WE,Federal Contract Tower,0,4,1,0,5,0,7,34,0,41,0,11,35,0,46,84,0,84,130
11/01/2020,FMN,NM,ASW,WE,Federal Contract Tower,0,1,2,0,3,0,4,18,0,22,0,5,20,0,25,40,0,40,65
11/02/2020,FMN,NM,ASW,WE,Federal Contract Tower,0,12,0,0,12,0,13,74,0,87,0,25,74,0,99,58,0,58,157
11/03/2020,FMN,NM,ASW,WE,Federal Contract Tower,0,6,0,0,6,0,60,32,0,92,0,66,32,0,98,84,0,84,182
11/04/2020,FMN,NM,ASW,WE,Federal Contract Tower,0,9,1,0,10,0,5,44,0,49,0,14,45,0,59,148,0,148,207
11/05/2020,FMN,NM,ASW,WE,Federal Contract Tower,0,10,5,0,15,0,6,34,0,40,0,16,39,0,55,112,0,112,167
11/06/2020,FMN,NM,ASW,WE,Federal Contract Tower,0,9,1,0,10,0,6,29,2,37,0,15,30,2,47,78,2,80,127
11/07/2020,FMN,NM,ASW,WE,Federal Contract Tower,0,7,5,0,12,0,4,13,0,17,0,11,18,0,29,48,0,48,77
11/08/2020,FMN,NM,ASW,WE,Federal Contract Tower,0,5,0,1,6,0,8,38,6,52,0,13,38,7,58,46,20,66,124
11/09/2020,FMN,NM,ASW,WE,Federal Contract Tower,0,11,4,0,15,0,2,2,0,4,0,13,6,0,19,0,0,0,19
11/10/2020,FMN,NM,ASW,WE,Federal Contract Tower,0,14,2,0,16,0,11,30,2,43,0,25,32,2,59,54,0,54,113
11/11/2020,FMN,NM,ASW,WE,Federal Contract Tower,0,10,5,0,15,0,3,21,0,24,0,13,26,0,39,60,0,60,99
11/12/2020,FMN,NM,ASW,WE,Federal Contract Tower,0,9,0,0,9,0,5,38,0,43,0,14,38,0,52,78,0,78,130
11/13/2020,FMN,NM,ASW,WE,Federal Contract Tower,0,6,5,0,11,0,5,20,2,27,0,11,25,2,38,76,24,100,138
11/14/2020,FMN,NM,ASW,WE,Federal Contract Tower,0,4,1,0,5,0,2,20,2,24,0,6,21,2,29,48,6,54,83
11/15/2020,FMN,NM,ASW,WE,Federal Contract Tower,0,9,2,0,11,0,7,34,0,41,0,16,36,0,52,114,0,114,166
11/16/2020,FMN,NM,ASW,WE,Federal Contract Tower,0,12,4,0,16,0,5,29,2,36,0,17,33,2,52,152,4,156,208
11/17/2020,FMN,NM,ASW,WE,Federal Contract Tower,0,12,1,0,13,0,38,32,0,70,0,50,33,0,83,84,0,84,167
11/18/2020,FMN,NM,ASW,WE,Federal Contract Tower,0,13,3,0,16,0,4,39,0,43,0,17,42,0,59,86,0,86,145
11/19/2020,FMN,NM,ASW,WE,Federal Contract Tower,0,14,1,0,15,0,3,23,0,26,0,17,24,0,41,62,0,62,103
11/20/2020,FMN,NM,ASW,WE,Federal Contract Tower,0,6,3,0,9,0,8,37,2,47,0,14,40,2,56,56,16,72,128
11/21/2020,FMN,NM,ASW,WE,Federal Contract Tower,0,9,4,0,13,0,4,33,0,37,0,13,37,0,50,60,0,60,110
11/22/2020,FMN,NM,ASW,WE,Federal Contract Tower,0,10,5,0,15,0,8,27,0,35,0,18,32,0,50,0,0,0,50
11/23/2020,FMN,NM,ASW,WE,Federal Contract Tower,0,5,3,0,8,0,3,48,0,51,0,8,51,0,59,52,0,52,111
11/24/2020,FMN,NM,ASW,WE,Federal Contract Tower,0,16,2,0,18,0,27,5,0,32,0,43,7,0,50,42,0,42,92
11/25/2020,FMN,NM,ASW,WE,Federal Contract Tower,0,10,4,0,14,0,5,54,0,59,0,15,58,0,73,101,0,101,174
11/26/2020,FMN,NM,ASW,WE,Federal Contract Tower,0,6,1,0,7,0,0,12,0,12,0,6,13,0,19,0,0,0,19
11/27/2020,FMN,NM,ASW,WE,Federal Contract Tower,0,8,6,0,14,0,8,12,0,20,0,16,18,0,34,72,0,72,106
11/28/2020,FMN,NM,ASW,WE,Federal Contract Tower,0,12,3,0,15,0,6,10,0,16,0,18,13,0,31,12,0,12,43
11/29/2020,FMN,NM,ASW,WE,Federal Contract Tower,0,5,0,0,5,0,0,78,0,78,0,5,78,0,83,56,0,56,139
11/30/2020,FMN,NM,ASW,WE,Federal Contract Tower,0,12,0,5,17,0,12,27,2,41,0,24,27,7,58,122,12,134,192
12/02/2020,FMN,NM,ASW,WE,Federal Contract Tower,0,11,4,0,15,0,1,32,0,33,0,12,36,0,48,64,0,64,112
12/03/2020,FMN,NM,ASW,WE,Federal Contract Tower,0,8,1,0,9,0,9,29,0,38,0,17,30,0,47,112,0,112,159
12/04/2020,FMN,NM,ASW,WE,Federal Contract Tower,0,7,1,1,9,0,4,36,1,41,0,11,37,2,50,60,0,60,110
12/05/2020,FMN,NM,ASW,WE,Federal Contract Tower,0,8,2,0,10,0,7,57,0,64,0,15,59,0,74,82,0,82,156
12/06/2020,FMN,NM,ASW,WE,Federal Contract Tower,0,5,2,0,7,0,4,22,0,26,0,9,24,0,33,84,0,84,117
12/07/2020,FMN,NM,ASW,WE,Federal Contract Tower,0,7,4,0,11,0,19,33,1,53,0,26,37,1,64,106,0,106,170
12/08/2020,FMN,NM,ASW,WE,Federal Contract Tower,0,5,1,0,6,0,23,26,0,49,0,28,27,0,55,72,0,72,127
12/09/2020,FMN,NM,ASW,WE,Federal Contract Tower,0,12,1,0,13,0,3,29,0,32,0,15,30,0,45,72,0,72,117
12/10/2020,FMN,NM,ASW,WE,Federal Contract Tower,0,13,3,0,16,0,1,12,1,14,0,14,15,1,30,24,0,24,54
12/11/2020,FMN,NM,ASW,WE,Federal Contract Tower,0,14,6,4,24,0,5,9,0,14,0,19,15,4,38,12,0,12,50
12/12/2020,FMN,NM,ASW,WE,Federal Contract Tower,0,5,4,0,9,0,0,10,0,10,0,5,14,0,19,12,0,12,31
12/13/2020,FMN,NM,ASW,WE,Federal Contract Tower,0,11,1,6,18,0,5,30,0,35,0,16,31,6,53,14,12,26,79
12/14/2020,FMN,NM,ASW,WE,Federal Contract Tower,0,9,9,0,18,0,0,28,0,28,0,9,37,0,46,82,44,126,172
12/15/2020,FMN,NM,ASW,WE,Federal Contract Tower,0,17,0,0,17,0,15,25,0,40,0,32,25,0,57,48,0,48,105
12/16/2020,FMN,NM,ASW,WE,Federal Contract Tower,0,9,4,0,13,0,4,31,2,37,0,13,35,2,50,112,8,120,170
12/17/2020,FMN,NM,ASW,WE,Federal Contract Tower,0,8,2,0,10,0,4,40,0,44,0,12,42,0,54,82,0,82,136
12/18/2020,FMN,NM,ASW,WE,Federal Contract Tower,0,17,1,4,22,0,1,27,0,28,0,18,28,4,50,66,0,66,116
12/19/2020,FMN,NM,ASW,WE,Federal Contract Tower,0,11,1,0,12,0,11,36,5,52,0,22,37,5,64,122,0,122,186
12/20/2020,FMN,NM,ASW,WE,Federal Contract Tower,0,9,0,0,9,0,1,38,0,39,0,10,38,0,48,74,0,74,122
12/21/2020,FMN,NM,ASW,WE,Federal Contract Tower,0,8,4,0,12,0,22,41,0,63,0,30,45,0,75,70,0,70,145
12/22/2020,FMN,NM,ASW,WE,Federal Contract Tower,0,11,3,0,14,0,49,34,2,85,0,60,37,2,99,78,0,78,177
12/23/2020,FMN,NM,ASW,WE,Federal Contract Tower,0,9,3,0,12,0,10,11,0,21,0,19,14,0,33,80,0,80,113
12/24/2020,FMN,NM,ASW,WE,Federal Contract Tower,0,6,0,0,6,0,0,19,0,19,0,6,19,0,25,62,0,62,87
12/25/2020,FMN,NM,ASW,WE,Federal Contract Tower,0,3,2,0,5,0,2,3,0,5,0,5,5,0,10,2,0,2,12
12/26/2020,FMN,NM,ASW,WE,Federal Contract Tower,0,10,3,0,13,0,4,29,2,35,0,14,32,2,48,118,0,118,166
12/27/2020,FMN,NM,ASW,WE,Federal Contract Tower,0,10,1,0,11,0,3,19,0,22,0,13,20,0,33,72,0,72,105
12/28/2020,FMN,NM,ASW,WE,Federal Contract Tower,0,7,4,0,11,0,4,7,0,11,0,11,11,0,22,26,0,26,48
12/29/2020,FMN,NM,ASW,WE,Federal Contract Tower,0,12,0,0,12,0,7,18,2,27,0,19,18,2,39,40,0,40,79
12/30/2020,FMN,NM,ASW,WE,Federal Contract Tower,0,7,2,0,9,0,4,26,0,30,0,11,28,0,39,72,0,72,111
12/31/2020,FMN,NM,ASW,WE,Federal Contract Tower,0,12,1,0,13,0,3,19,0,22,0,15,20,0,35,46,0,46,81
01/01/2021,FMN,NM,ASW,WE,Federal Contract Tower,0,2,0,0,2,0,5,37,0,42,0,7,37,0,44,28,0,28,72
01/02/2021,FMN,NM,ASW,WE,Federal Contract Tower,0,6,0,0,6,0,5,53,0,58,0,11,53,0,64,132,0,132,196
01/03/2021,FMN,NM,ASW,WE,Federal Contract Tower,0,6,5,0,11,0,0,48,0,48,0,6,53,0,59,140,0,140,199
01/04/2021,FMN,NM,ASW,WE,Federal Contract Tower,0,11,0,0,11,0,8,28,0,36,0,19,28,0,47,64,0,64,111
01/05/2021,FMN,NM,ASW,WE,Federal Contract Tower,0,6,0,2,8,0,42,15,0,57,0,48,15,2,65,56,0,56,121
01/06/2021,FMN,NM,ASW,WE,Federal Contract Tower,0,7,3,0,10,0,4,28,0,32,0,11,31,0,42,112,0,112,154
01/07/2021,FMN,NM,ASW,WE,Federal Contract Tower,0,7,0,0,7,0,10,17,0,27,0,17,17,0,34,116,0,116,150
01/08/2021,FMN,NM,ASW,WE,Federal Contract Tower,0,4,0,0,4,0,40,68,3,111,0,44,68,3,115,78,18,96,211
01/09/2021,FMN,NM,ASW,WE,Federal Contract Tower,0,11,0,0,11,0,5,34,0,39,0,16,34,0,50,46,0,46,96
01/10/2021,FMN,NM,ASW,WE,Federal Contract Tower,0,2,0,0,2,0,7,17,0,24,0,9,17,0,26,42,0,42,68
01/11/2021,FMN,NM,ASW,WE,Federal Contract Tower,0,7,5,0,12,0,6,30,0,36,0,13,35,0,48,24,0,24,72
01/12/2021,FMN,NM,ASW,WE,Federal Contract Tower,0,15,0,0,15,0,17,21,0,38,0,32,21,0,53,32,0,32,85
01/13/2021,FMN,NM,ASW,WE,Federal Contract Tower,0,7,6,8,21,0,2,16,6,24,0,9,22,14,45,60,0,60,105
01/14/2021,FMN,NM,ASW,WE,Federal Contract Tower,0,10,0,0,10,0,4,14,0,18,0,14,14,0,28,66,0,66,94
01/15/2021,FMN,NM,ASW,WE,Federal Contract Tower,0,7,3,0,10,0,7,16,0,23,0,14,19,0,33,130,0,130,163
01/16/2021,FMN,NM,ASW,WE,Federal Contract Tower,0,9,4,0,13,0,1,28,0,29,0,10,32,0,42,52,0,52,94
01/17/2021,FMN,NM,ASW,WE,Federal Contract Tower,0,5,9,0,14,0,0,11,0,11,0,5,20,0,25,124,0,124,149
01/18/2021,FMN,NM,ASW,WE,Federal Contract Tower,0,17,1,0,18,0,6,26,0,32,0,23,27,0,50,138,0,138,188
01/19/2021,FMN,NM,ASW,WE,Federal Contract Tower,0,10,0,0,10,0,0,1,0,1,0,10,1,0,11,0,0,0,11
01/20/2021,FMN,NM,ASW,WE,Federal Contract Tower,0,9,3,1,13,0,5,54,1,60,0,14,57,2,73,110,0,110,183
01/21/2021,FMN,NM,ASW,WE,Federal Contract Tower,0,5,1,1,7,0,10,20,1,31,0,15,21,2,38,36,0,36,74
01/22/2021,FMN,NM,ASW,WE,Federal Contract Tower,0,15,1,0,16,0,3,17,2,22,0,18,18,2,38,0,24,24,62
01/23/2021,FMN,NM,ASW,WE,Federal Contract Tower,0,11,4,0,15,0,6,19,0,25,0,17,23,0,40,30,0,30,70
01/24/2021,FMN,NM,ASW,WE,Federal Contract Tower,0,9,2,0,11,0,0,0,0,0,0,9,2,0,11,0,0,0,11
01/25/2021,FMN,NM,ASW,WE,Federal Contract Tower,0,9,6,2,17,0,4,15,8,27,0,13,21,10,44,26,2,28,72
01/26/2021,FMN,NM,ASW,WE,Federal Contract Tower,0,14,0,0,14,0,8,7,0,15,0,22,7,0,29,44,0,44,73
01/27/2021,FMN,NM,ASW,WE,Federal Contract Tower,0,12,1,0,13,0,7,25,0,32,0,19,26,0,45,56,0,56,101
01/28/2021,FMN,NM,ASW,WE,Federal Contract Tower,0,8,9,0,17,0,2,63,0,65,0,10,72,0,82,85,0,85,167
01/29/2021,FMN,NM,ASW,WE,Federal Contract Tower,0,8,3,0,11,0,6,21,0,27,0,14,24,0,38,24,0,24,62
01/30/2021,FMN,NM,ASW,WE,Federal Contract Tower,0,7,1,0,8,0,4,13,0,17,0,11,14,0,25,12,0,12,37
01/31/2021,FMN,NM,ASW,WE,Federal Contract Tower,0,4,2,0,6,0,4,50,0,54,0,8,52,0,60,82,0,82,142
02/01/2021,FMN,NM,ASW,WE,Federal Contract Tower,0,11,1,0,12,0,2,34,0,36,0,13,35,0,48,94,0,94,142
02/02/2021,FMN,NM,ASW,WE,Federal Contract Tower,0,9,1,2,12,0,21,19,0,40,0,30,20,2,52,36,0,36,88
02/03/2021,FMN,NM,ASW,WE,Federal Contract Tower,0,10,3,0,13,0,1,18,0,19,0,11,21,0,32,80,0,80,112
02/04/2021,FMN,NM,ASW,WE,Federal Contract Tower,0,12,2,0,14,0,26,5,0,31,0,38,7,0,45,72,0,72,117
02/05/2021,FMN,NM,ASW,WE,Federal Contract Tower,0,6,3,2,11,0,7,46,2,55,0,13,49,4,66,63,8,71,137
02/06/2021,FMN,NM,ASW,WE,Federal Contract Tower,0,12,3,0,15,0,4,39,0,43,0,16,42,0,58,36,0,36,94
02/07/2021,FMN,NM,ASW,WE,Federal Contract Tower,0,19,0,0,19,0,1,23,0,24,0,20,23,0,43,106,0,106,149
02/08/2021,FMN,NM,ASW,WE,Federal Contract Tower,0,12,0,16,28,0,4,88,0,92,0,16,88,16,120,86,0,86,206
02/09/2021,FMN,NM,ASW,WE,Federal Contract Tower,0,7,2,1,10,0,8,45,0,53,0,15,47,1,63,32,1,33,96
02/10/2021,FMN,NM,ASW,WE,Federal Contract Tower,0,11,0,0,11,0,2,15,0,17,0,13,15,0,28,90,0,90,118
02/11/2021,FMN,NM,ASW,WE,Federal Contract Tower,0,11,1,0,12,0,1,32,0,33,0,12,33,0,45,130,0,130,175
02/12/2021,FMN,NM,ASW,WE,Federal Contract Tower,0,12,7,0,19,0,2,11,0,13,0,14,18,0,32,38,0,38,70
02/13/2021,FMN,NM,ASW,WE,Federal Contract Tower,0,7,5,0,12,0,1,22,0,23,0,8,27,0,35,60,0,60,95
02/14/2021,FMN,NM,ASW,WE,Federal Contract Tower,0,11,0,0,11,0,0,0,0,0,0,11,0,0,11,0,0,0,11
02/15/2021,FMN,NM,ASW,WE,Federal Contract Tower,0,8,5,0,13,0,1,24,0,25,0,9,29,0,38,70,0,70,108
02/16/2021,FMN,NM,ASW,WE,Federal Contract Tower,0,13,0,0,13,0,14,1,0,15,0,27,1,0,28,0,0,0,28
02/17/2021,FMN,NM,ASW,WE,Federal Contract Tower,0,13,5,0,18,0,2,20,0,22,0,15,25,0,40,102,0,102,142
02/18/2021,FMN,NM,ASW,WE,Federal Contract Tower,0,5,6,2,13,0,10,28,0,38,0,15,34,2,51,36,0,36,87
02/19/2021,FMN,NM,ASW,WE,Federal Contract Tower,0,6,5,0,11,0,1,33,0,34,0,7,38,0,45,16,0,16,61
02/20/2021,FMN,NM,ASW,WE,Federal Contract Tower,0,6,9,2,17,0,3,45,0,48,0,9,54,2,65,130,0,130,195
02/21/2021,FMN,NM,ASW,WE,Federal Contract Tower,0,14,2,0,16,0,6,19,0,25,0,20,21,0,41,70,10,80,121
02/22/2021,FMN,NM,ASW,WE,Federal Contract Tower,0,6,2,1,9,0,4,21,1,26,0,10,23,2,35,46,4,50,85
02/23/2021,FMN,NM,ASW,WE,Federal Contract Tower,0,8,2,2,12,0,15,30,0,45,0,23,32,2,57,96,2,98,155
02/24/2021,FMN,NM,ASW,WE,Federal Contract Tower,0,6,5,0,11,0,4,33,0,37,0,10,38,0,48,106,0,106,154
02/25/2021,FMN,NM,ASW,WE,Federal Contract Tower,0,13,1,0,14,0,4,42,0,46,0,17,43,0,60,124,0,124,184
02/26/2021,FMN,NM,ASW,WE,Federal Contract Tower,0,11,3,2,16,0,6,36,0,42,0,17,39,2,58,0,0,0,58
02/27/2021,FMN,NM,ASW,WE,Federal Contract Tower,0,7,1,0,8,0,7,34,0,41,0,14,35,0,49,72,0,72,121
02/28/2021,FMN,NM,ASW,WE,Federal Contract Tower,0,10,0,0,10,0,8,30,0,38,0,18,30,0,48,74,0,74,122
03/01/2021,FMN,NM,ASW,WE,Federal Contract Tower,0,6,4,0,10,0,7,65,0,72,0,13,69,0,82,18,0,18,100
03/02/2021,FMN,NM,ASW,WE,Federal Contract Tower,0,12,0,2,14,0,68,31,0,99,0,80,31,2,113,80,0,80,193
03/03/2021,FMN,NM,ASW,WE,Federal Contract Tower,0,4,3,0,7,0,8,49,0,57,0,12,52,0,64,96,0,96,160
03/04/2021,FMN,NM,ASW,WE,Federal Contract Tower,0,9,4,0,13,0,4,0,0,4,0,13,4,0,17,0,0,0,17
03/05/2021,FMN,NM,ASW,WE,Federal Contract Tower,0,12,9,2,23,0,7,50,2,59,0,19,59,4,82,182,8,190,272
03/06/2021,FMN,NM,ASW,WE,Federal Contract Tower,0,10,7,0,17,0,2,41,0,43,0,12,48,0,60,112,0,112,172
03/07/2021,FMN,NM,ASW,WE,Federal Contract Tower,0,7,5,0,12,0,7,42,0,49,0,14,47,0,61,8,0,8,69
03/08/2021,FMN,NM,ASW,WE,Federal Contract Tower,0,5,1,0,6,0,5,28,0,33,0,10,29,0,39,20,0,20,59
03/09/2021,FMN,NM,ASW,WE,Federal Contract Tower,0,5,3,0,8,0,6,22,0,28,0,11,25,0,36,16,0,16,52
03/10/2021,FMN,NM,ASW,WE,Federal Contract Tower,0,10,2,0,12,0,2,13,1,16,0,12,15,1,28,12,0,12,40
03/11/2021,FMN,NM,ASW,WE,Federal Contract Tower,0,15,2,0,17,0,2,27,0,29,0,17,29,0,46,95,0,95,141
03/12/2021,FMN,NM,ASW,WE,Federal Contract Tower,0,7,10,0,17,0,1,35,2,38,0,8,45,2,55,102,14,116,171
03/13/2021,FMN,NM,ASW,WE,Federal Contract Tower,0,7,20,0,27,0,0,6,0,6,0,7,26,0,33,0,0,0,33
03/14/2021,FMN,NM,ASW,WE,Federal Contract Tower,0,10,16,0,26,0,0,3,0,3,0,10,19,0,29,0,0,0,29
03/15/2021,FMN,NM,ASW,WE,Federal Contract Tower,0,15,5,0,20,0,7,53,4,64,0,22,58,4,84,70,16,86,170
03/16/2021,FMN,NM,ASW,WE,Federal Contract Tower,0,9,0,0,9,0,4,12,0,16,0,13,12,0,25,20,0,20,45
03/17/2021,FMN,NM,ASW,WE,Federal Contract Tower,0,9,7,0,16,0,5,23,0,28,0,14,30,0,44,60,0,60,104
03/18/2021,FMN,NM,ASW,WE,Federal Contract Tower,0,10,0,0,10,0,6,41,0,47,0,16,41,0,57,12,0,12,69
03/19/2021,FMN,NM,ASW,WE,Federal Contract Tower,0,6,2,0,8,0,7,40,2,49,0,13,42,2,57,28,20,48,105
03/20/2021,FMN,NM,ASW,WE,Federal Contract Tower,1,7,4,0,12,0,1,34,1,36,1,8,38,1,48,48,0,48,96
03/21/2021,FMN,NM,ASW,WE,Federal Contract Tower,0,5,2,6,13,0,4,19,0,23,0,9,21,6,36,12,12,24,60
03/22/2021,FMN,NM,ASW,WE,Federal Contract Tower,0,4,6,0,10,0,8,7,2,17,0,12,13,2,27,12,8,20,47
03/23/2021,FMN,NM,ASW,WE,Federal Contract Tower,0,10,0,0,10,0,7,20,0,27,0,17,20,0,37,40,0,40,77
03/24/2021,FMN,NM,ASW,WE,Federal Contract Tower,0,13,6,0,19,0,1,3,0,4,0,14,9,0,23,0,0,0,23
03/25/2021,FMN,NM,ASW,WE,Federal Contract Tower,0,8,3,0,11,0,5,57,0,62,0,13,60,0,73,58,0,58,131
03/26/2021,FMN,NM,ASW,WE,Federal Contract Tower,0,17,13,0,30,0,7,8,0,15,0,24,21,0,45,10,0,10,55
03/27/2021,FMN,NM,ASW,WE,Federal Contract Tower,0,8,7,2,17,0,8,56,1,65,0,16,63,3,82,72,6,78,160
03/28/2021,FMN,NM,ASW,WE,Federal Contract Tower,0,6,3,0,9,0,21,52,0,73,0,27,55,0,82,116,0,116,198
03/29/2021,FMN,NM,ASW,WE,Federal Contract Tower,0,16,7,8,31,0,8,64,8,80,0,24,71,16,111,74,30,104,215
03/30/2021,FMN,NM,ASW,WE,Federal Contract Tower,0,6,0,0,6,0,49,20,0,69,0,55,20,0,75,60,0,60,135
03/31/2021,FMN,NM,ASW,WE,Federal Contract Tower,0,7,3,0,10,0,3,44,0,47,0,10,47,0,57,126,0,126,183
04/01/2021,FMN,NM,ASW,WE,Federal Contract Tower,0,12,3,0,15,0,6,35,0,41,0,18,38,0,56,48,0,48,104
04/02/2021,FMN,NM,ASW,WE,Federal Contract Tower,0,13,6,0,19,0,2,37,2,41,0,15,43,2,60,90,8,98,158
04/03/2021,FMN,NM,ASW,WE,Federal Contract Tower,0,8,0,0,8,0,1,55,1,57,0,9,55,1,65,92,0,92,157
04/04/2021,FMN,NM,ASW,WE,Federal Contract Tower,0,7,0,0,7,0,9,20,1,30,0,16,20,1,37,44,2,46,83
04/05/2021,FMN,NM,ASW,WE,Federal Contract Tower,0,9,7,0,16,0,7,31,0,38,0,16,38,0,54,20,0,20,74
04/06/2021,FMN,NM,ASW,WE,Federal Contract Tower,0,10,1,0,11,0,25,13,0,38,0,35,14,0,49,30,0,30,79
04/07/2021,FMN,NM,ASW,WE,Federal Contract Tower,0,6,0,2,8,0,2,23,6,31,0,8,23,8,39,34,12,46,85
04/08/2021,FMN,NM,ASW,WE,Federal Contract Tower,0,9,8,0,17,0,8,40,0,48,0,17,48,0,65,70,0,70,135
04/09/2021,FMN,NM,ASW,WE,Federal Contract Tower,0,12,2,3,17,0,3,64,2,69,0,15,66,5,86,92,26,118,204
04/10/2021,FMN,NM,ASW,WE,Federal Contract Tower,0,5,5,1,11,0,5,50,1,56,0,10,55,2,67,44,6,50,117
04/11/2021,FMN,NM,ASW,WE,Federal Contract Tower,0,9,2,7,18,0,4,25,0,29,0,13,27,7,47,70,36,106,153
04/12/2021,FMN,NM,ASW,WE,Federal Contract Tower,0,7,5,0,12,0,12,55,2,69,0,19,60,2,81,102,12,114,195
04/13/2021,FMN,NM,ASW,WE,Federal Contract Tower,0,17,0,0,17,0,13,14,0,27,0,30,14,0,44,50,0,50,94
04/14/2021,FMN,NM,ASW,WE,Federal Contract Tower,0,15,5,0,20,0,8,65,0,73,0,23,70,0,93,56,0,56,149
04/15/2021,FMN,NM,ASW,WE,Federal Contract Tower,0,6,5,0,11,0,10,24,0,34,0,16,29,0,45,32,0,32,77
04/16/2021,FMN,NM,ASW,WE,Federal Contract Tower,0,13,12,18,43,0,4,33,0,37,0,17,45,18,80,74,190,264,344
04/17/2021,FMN,NM,ASW,WE,Federal Contract Tower,0,11,3,0,14,0,1,8,0,9,0,12,11,0,23,0,0,0,23
04/18/2021,FMN,NM,ASW,WE,Federal Contract Tower,0,6,2,21,29,0,5,28,15,48,0,11,30,36,77,14,24,38,115
04/19/2021,FMN,NM,ASW,WE,Federal Contract Tower,0,8,5,14,27,0,6,55,0,61,0,14,60,14,88,76,4,80,168
04/20/2021,FMN,NM,ASW,WE,Federal Contract Tower,0,14,0,0,14,0,18,41,6,65,0,32,41,6,79,46,0,46,125
04/21/2021,FMN,NM,ASW,WE,Federal Contract Tower,0,22,12,0,34,0,6,25,1,32,0,28,37,1,66,52,0,52,118
04/22/2021,FMN,NM,ASW,WE,Federal Contract Tower,0,12,2,1,15,0,7,18,0,25,0,19,20,1,40,0,0,0,40
04/23/2021,FMN,NM,ASW,WE,Federal Contract Tower,0,3,6,0,9,0,0,33,5,38,0,3,39,5,47,80,12,92,139
04/24/2021,FMN,NM,ASW,WE,Federal Contract Tower,0,11,6,0,17,0,10,43,1,54,0,21,49,1,71,160,0,160,231
04/25/2021,FMN,NM,ASW,WE,Federal Contract Tower,0,6,2,0,8,0,5,37,0,42,0,11,39,0,50,60,0,60,110
04/26/2021,FMN,NM,ASW,WE,Federal Contract Tower,0,10,8,0,18,0,6,11,2,19,0,16,19,2,37,62,92,154,191
04/27/2021,FMN,NM,ASW,WE,Federal Contract Tower,0,12,0,0,12,0,20,12,0,32,0,32,12,0,44,42,0,42,86
04/28/2021,FMN,NM,ASW,WE,Federal Contract Tower,0,19,1,0,20,0,7,60,0,67,0,26,61,0,87,166,0,166,253
04/29/2021,FMN,NM,ASW,WE,Federal Contract Tower,0,8,3,1,12,0,2,35,0,37,0,10,38,1,49,68,0,68,117
04/30/2021,FMN,NM,ASW,WE,Federal Contract Tower,0,7,4,2,13,0,10,44,10,64,0,17,48,12,77,140,14,154,231
05/01/2021,FMN,NM,ASW,WE,Federal Contract Tower,0,4,1,1,6,0,7,34,0,41,0,11,35,1,47,82,0,82,129
05/02/2021,FMN,NM,ASW,WE,Federal Contract Tower,0,8,6,0,14,0,12,27,0,39,0,20,33,0,53,90,0,90,143
05/03/2021,FMN,NM,ASW,WE,Federal Contract Tower,0,9,2,0,11,0,10,32,4,46,0,19,34,4,57,74,52,126,183
05/04/2021,FMN,NM,ASW,WE,Federal Contract Tower,0,8,0,2,10,0,81,42,0,123,0,89,42,2,133,86,0,86,219
05/05/2021,FMN,NM,ASW,WE,Federal Contract Tower,0,7,3,2,12,0,6,29,0,35,0,13,32,2,47,68,4,72,119
05/06/2021,FMN,NM,ASW,WE,Federal Contract Tower,0,12,2,0,14,0,2,23,0,25,0,14,25,0,39,110,0,110,149
05/07/2021,FMN,NM,ASW,WE,Federal Contract Tower,0,13,1,2,16,0,4,22,0,26,0,17,23,2,42,36,2,38,80
05/08/2021,FMN,NM,ASW,WE,Federal Contract Tower,0,8,0,0,8,0,6,20,0,26,0,14,20,0,34,12,0,12,46
05/09/2021,FMN,NM,ASW,WE,Federal Contract Tower,0,4,4,6,14,0,11,29,4,44,0,15,33,10,58,42,18,60,118
05/10/2021,FMN,NM,ASW,WE,Federal Contract Tower,0,6,2,0,8,0,8,33,0,41,0,14,35,0,49,40,0,40,89
05/11/2021,FMN,NM,ASW,WE,Federal Contract Tower,0,11,0,0,11,0,19,29,0,48,0,30,29,0,59,42,0,42,101
05/12/2021,FMN,NM,ASW,WE,Federal Contract Tower,0,15,1,0,16,0,3,31,0,34,0,18,32,0,50,54,0,54,104
05/13/2021,FMN,NM,ASW,WE,Federal Contract Tower,0,15,2,0,17,0,2,22,0,24,0,17,24,0,41,100,0,100,141
05/14/2021,FMN,NM,ASW,WE,Federal Contract Tower,0,10,3,0,13,0,0,24,0,24,0,10,27,0,37,62,0,62,99
05/15/2021,FMN,NM,ASW,WE,Federal Contract Tower,0,7,0,0,7,0,7,46,0,53,0,14,46,0,60,124,0,124,184
05/16/2021,FMN,NM,ASW,WE,Federal Contract Tower,0,10,1,0,11,0,4,40,0,44,0,14,41,0,55,48,0,48,103
05/17/2021,FMN,NM,ASW,WE,Federal Contract Tower,0,13,5,0,18,0,4,77,30,111,0,17,82,30,129,64,58,122,251
05/18/2021,FMN,NM,ASW,WE,Federal Contract Tower,0,12,0,0,12,0,7,11,0,18,0,19,11,0,30,26,0,26,56
05/19/2021,FMN,NM,ASW,WE,Federal Contract Tower,0,7,0,0,7,0,2,32,0,34,0,9,32,0,41,60,0,60,101
05/20/2021,FMN,NM,ASW,WE,Federal Contract Tower,0,8,4,0,12,0,4,33,0,37,0,12,37,0,49,40,0,40,89
05/21/2021,FMN,NM,ASW,WE,Federal Contract Tower,0,7,2,0,9,0,2,11,0,13,0,9,13,0,22,0,0,0,22
05/22/2021,FMN,NM,ASW,WE,Federal Contract Tower,0,4,1,0,5,0,2,16,0,18,0,6,17,0,23,66,0,66,89
05/23/2021,FMN,NM,ASW,WE,Federal Contract Tower,0,5,4,0,9,0,30,34,26,90,0,35,38,26,99,22,10,32,131
05/24/2021,FMN,NM,ASW,WE,Federal Contract Tower,0,6,3,0,9,0,16,63,7,86,0,22,66,7,95,64,8,72,167
05/25/2021,FMN,NM,ASW,WE,Federal Contract Tower,0,9,0,0,9,0,26,53,0,79,0,35,53,0,88,82,0,82,170
05/26/2021,FMN,NM,ASW,WE,Federal Contract Tower,0,13,5,0,18,0,6,42,0,48,0,19,47,0,66,102,0,102,168
05/27/2021,FMN,NM,ASW,WE,Federal Contract Tower,0,6,3,0,9,0,0,69,0,69,0,6,72,0,78,154,0,154,232
05/28/2021,FMN,NM,ASW,WE,Federal Contract Tower,0,6,5,0,11,0,3,31,0,34,0,9,36,0,45,100,0,100,145
05/29/2021,FMN,NM,ASW,WE,Federal Contract Tower,0,7,5,0,12,0,3,34,0,37,0,10,39,0,49,92,0,92,141
05/30/2021,FMN,NM,ASW,WE,Federal Contract Tower,0,11,2,0,13,0,13,40,0,53,0,24,42,0,66,42,0,42,108
05/31/2021,FMN,NM,ASW,WE,Federal Contract Tower,0,6,0,0,6,0,7,25,0,32,0,13,25,0,38,36,0,36,74
06/01/2021,FMN,NM,ASW,WE,Federal Contract Tower,0,14,0,2,16,0,18,19,0,37,0,32,19,2,53,26,0,26,79
06/02/2021,FMN,NM,ASW,WE,Federal Contract Tower,0,6,3,0,9,0,6,39,0,45,0,12,42,0,54,92,0,92,146
06/03/2021,FMN,NM,ASW,WE,Federal Contract Tower,0,16,2,0,18,0,6,18,0,24,0,22,20,0,42,104,0,104,146
06/04/2021,FMN,NM,ASW,WE,Federal Contract Tower,0,7,2,0,9,0,1,21,0,22,0,8,23,0,31,68,0,68,99
06/05/2021,FMN,NM,ASW,WE,Federal Contract Tower,0,6,4,0,10,0,5,29,0,34,0,11,33,0,44,46,0,46,90
06/06/2021,FMN,NM,ASW,WE,Federal Contract Tower,0,12,8,0,20,0,4,34,0,38,0,16,42,0,58,24,0,24,82
06/07/2021,FMN,NM,ASW,WE,Federal Contract Tower,0,14,3,0,17,0,4,26,0,30,0,18,29,0,47,0,0,0,47
06/08/2021,FMN,NM,ASW,WE,Federal Contract Tower,0,12,0,0,12,0,49,30,0,79,0,61,30,0,91,56,0,56,147
06/09/2021,FMN,NM,ASW,WE,Federal Contract Tower,0,5,0,0,5,0,7,45,0,52,0,12,45,0,57,132,0,132,189
06/10/2021,FMN,NM,ASW,WE,Federal Contract Tower,0,11,1,0,12,0,6,56,0,62,0,17,57,0,74,102,0,102,176
06/11/2021,FMN,NM,ASW,WE,Federal Contract Tower,0,11,3,0,14,0,4,46,1,51,0,15,49,1,65,66,8,74,139
06/12/2021,FMN,NM,ASW,WE,Federal Contract Tower,0,4,4,0,8,0,5,38,0,43,0,9,42,0,51,66,0,66,117
06/13/2021,FMN,NM,ASW,WE,Federal Contract Tower,0,11,3,0,14,0,2,55,1,58,0,13,58,1,72,20,0,20,92
06/14/2021,FMN,NM,ASW,WE,Federal Contract Tower,0,7,0,0,7,0,9,36,0,45,0,16,36,0,52,8,0,8,60
06/15/2021,FMN,NM,ASW,WE,Federal Contract Tower,0,13,1,0,14,0,6,23,0,29,0,19,24,0,43,28,0,28,71
06/16/2021,FMN,NM,ASW,WE,Federal Contract Tower,0,9,4,0,13,0,0,36,0,36,0,9,40,0,49,74,0,74,123
06/17/2021,FMN,NM,ASW,WE,Federal Contract Tower,0,8,6,0,14,0,7,39,0,46,0,15,45,0,60,48,0,48,108
06/18/2021,FMN,NM,ASW,WE,Federal Contract Tower,0,10,7,0,17,0,8,38,0,46,0,18,45,0,63,150,0,150,213
06/19/2021,FMN,NM,ASW,WE,Federal Contract Tower,0,6,3,0,9,0,4,33,0,37,0,10,36,0,46,36,0,36,82
06/20/2021,FMN,NM,ASW,WE,Federal Contract Tower,0,4,0,0,4,0,24,14,0,38,0,28,14,0,42,8,0,8,50
06/21/2021,FMN,NM,ASW,WE,Federal Contract Tower,0,10,4,0,14,0,5,18,1,24,0,15,22,1,38,30,0,30,68
06/22/2021,FMN,NM,ASW,WE,Federal Contract Tower,0,17,0,0,17,0,8,35,0,43,0,25,35,0,60,54,0,54,114
06/23/2021,FMN,NM,ASW,WE,Federal Contract Tower,0,15,1,0,16,0,5,19,0,24,0,20,20,0,40,38,0,38,78
06/24/2021,FMN,NM,ASW,WE,Federal Contract Tower,0,6,1,0,7,0,4,43,1,48,0,10,44,1,55,162,0,162,217
06/25/2021,FMN,NM,ASW,WE,Federal Contract Tower,0,10,2,0,12,0,2,28,0,30,0,12,30,0,42,96,0,96,138
06/26/2021,FMN,NM,ASW,WE,Federal Contract Tower,0,6,2,0,8,0,4,52,0,56,0,10,54,0,64,72,0,72,136
06/27/2021,FMN,NM,ASW,WE,Federal Contract Tower,0,9,3,0,12,0,0,37,0,37,0,9,40,0,49,74,0,74,123
06/28/2021,FMN,NM,ASW,WE,Federal Contract Tower,0,9,3,0,12,0,11,47,0,58,0,20,50,0,70,64,0,64,134
06/29/2021,FMN,NM,ASW,WE,Federal Contract Tower,0,19,0,0,19,0,22,25,0,47,0,41,25,0,66,42,0,42,108
06/30/2021,FMN,NM,ASW,WE,Federal Contract Tower,0,10,8,0,18,0,2,30,0,32,0,12,38,0,50,66,0,66,116
07/01/2021,FMN,NM,ASW,WE,Federal Contract Tower,0,13,6,0,19,0,7,50,2,59,0,20,56,2,78,114,0,114,192
07/02/2021,FMN,NM,ASW,WE,Federal Contract Tower,0,12,3,0,15,0,4,46,0,50,0,16,49,0,65,100,0,100,165
07/03/2021,FMN,NM,ASW,WE,Federal Contract Tower,0,9,3,0,12,0,4,65,0,69,0,13,68,0,81,154,0,154,235
07/04/2021,FMN,NM,ASW,WE,Federal Contract Tower,0,8,0,0,8,0,6,33,0,39,0,14,33,0,47,52,0,52,99
07/05/2021,FMN,NM,ASW,WE,Federal Contract Tower,0,9,1,0,10,0,4,64,0,68,0,13,65,0,78,62,0,62,140
07/06/2021,FMN,NM,ASW,WE,Federal Contract Tower,0,2,0,0,2,0,24,40,0,64,0,26,40,0,66,46,0,46,112
07/07/2021,FMN,NM,ASW,WE,Federal Contract Tower,0,6,1,0,7,0,6,61,0,67,0,12,62,0,74,131,0,131,205
07/08/2021,FMN,NM,ASW,WE,Federal Contract Tower,0,10,2,0,12,0,4,63,0,67,0,14,65,0,79,116,0,116,195
07/09/2021,FMN,NM,ASW,WE,Federal Contract Tower,0,5,2,0,7,0,6,46,0,52,0,11,48,0,59,109,0,109,168
07/10/2021,FMN,NM,ASW,WE,Federal Contract Tower,0,9,3,0,12,0,6,26,0,32,0,15,29,0,44,85,0,85,129
07/11/2021,FMN,NM,ASW,WE,Federal Contract Tower,0,6,0,0,6,0,5,43,0,48,0,11,43,0,54,58,0,58,112
07/12/2021,FMN,NM,ASW,WE,Federal Contract Tower,0,11,0,0,11,0,13,46,2,61,0,24,46,2,72,78,16,94,166
07/13/2021,FMN,NM,ASW,WE,Federal Contract Tower,0,8,0,0,8,0,57,20,0,77,0,65,20,0,85,92,0,92,177
07/14/2021,FMN,NM,ASW,WE,Federal Contract Tower,0,4,1,0,5,0,17,35,0,52,0,21,36,0,57,178,0,178,235
07/15/2021,FMN,NM,ASW,WE,Federal Contract Tower,0,16,5,0,21,0,8,50,0,58,0,24,55,0,79,90,0,90,169
07/16/2021,FMN,NM,ASW,WE,Federal Contract Tower,0,7,2,0,9,0,3,43,0,46,0,10,45,0,55,82,0,82,137
07/17/2021,FMN,NM,ASW,WE,Federal Contract Tower,0,3,2,0,5,0,5,53,0,58,0,8,55,0,63,118,0,118,181
07/18/2021,FMN,NM,ASW,WE,Federal Contract Tower,0,5,2,0,7,0,4,43,0,47,0,9,45,0,54,48,0,48,102
07/19/2021,FMN,NM,ASW,WE,Federal Contract Tower,0,11,2,0,13,0,6,70,0,76,0,17,72,0,89,54,0,54,143
07/20/2021,FMN,NM,ASW,WE,Federal Contract Tower,0,9,0,0,9,0,24,28,0,52,0,33,28,0,61,84,0,84,145
07/21/2021,FMN,NM,ASW,WE,Federal Contract Tower,0,8,0,0,8,0,6,36,1,43,0,14,36,1,51,58,0,58,109
07/22/2021,FMN,NM,ASW,WE,Federal Contract Tower,0,7,10,0,17,0,13,24,0,37,0,20,34,0,54,142,0,142,196
07/23/2021,FMN,NM,ASW,WE,Federal Contract Tower,0,6,2,0,8,0,4,33,0,37,0,10,35,0,45,106,0,106,151
07/24/2021,FMN,NM,ASW,WE,Federal Contract Tower,0,12,1,0,13,0,7,49,0,56,0,19,50,0,69,64,0,64,133
07/25/2021,FMN,NM,ASW,WE,Federal Contract Tower,0,9,4,0,13,0,6,13,0,19,0,15,17,0,32,6,0,6,38
07/26/2021,FMN,NM,ASW,WE,Federal Contract Tower,0,19,3,0,22,0,16,73,0,89,0,35,76,0,111,112,0,112,223
07/27/2021,FMN,NM,ASW,WE,Federal Contract Tower,0,13,0,0,13,0,14,33,0,47,0,27,33,0,60,36,0,36,96
07/28/2021,FMN,NM,ASW,WE,Federal Contract Tower,0,14,2,1,17,0,4,74,4,82,0,18,76,5,99,92,0,92,191
07/29/2021,FMN,NM,ASW,WE,Federal Contract Tower,0,4,6,0,10,0,14,35,0,49,0,18,41,0,59,100,0,100,159
07/30/2021,FMN,NM,ASW,WE,Federal Contract Tower,0,7,7,0,14,0,1,35,0,36,0,8,42,0,50,104,0,104,154
07/31/2021,FMN,NM,ASW,WE,Federal Contract Tower,0,10,0,0,10,0,5,58,3,66,0,15,58,3,76,120,0,120,196
08/01/2021,FMN,NM,ASW,WE,Federal Contract Tower,0,10,3,0,13,0,12,29,0,41,0,22,32,0,54,102,0,102,156
08/02/2021,FMN,NM,ASW,WE,Federal Contract Tower,0,12,0,0,12,0,10,29,0,39,0,22,29,0,51,26,0,26,77
08/03/2021,FMN,NM,ASW,WE,Federal Contract Tower,0,9,0,0,9,0,6,19,6,31,0,15,19,6,40,26,0,26,66
08/04/2021,FMN,NM,ASW,WE,Federal Contract Tower,0,7,1,0,8,0,8,32,1,41,0,15,33,1,49,86,0,86,135
08/05/2021,FMN,NM,ASW,WE,Federal Contract Tower,0,7,2,0,9,0,1,27,0,28,0,8,29,0,37,72,0,72,109
08/06/2021,FMN,NM,ASW,WE,Federal Contract Tower,0,6,3,0,9,0,5,37,1,43,0,11,40,1,52,75,8,83,135
08/07/2021,FMN,NM,ASW,WE,Federal Contract Tower,0,4,6,4,14,0,4,24,0,28,0,8,30,4,42,96,0,96,138
08/08/2021,FMN,NM,ASW,WE,Federal Contract Tower,0,8,0,0,8,0,13,9,0,22,0,21,9,0,30,60,0,60,90
08/09/2021,FMN,NM,ASW,WE,Federal Contract Tower,0,4,0,0,4,0,9,24,0,33,0,13,24,0,37,48,0,48,85
08/10/2021,FMN,NM,ASW,WE,Federal Contract Tower,0,8,1,0,9,0,1,33,0,34,0,9,34,0,43,28,0,28,71
08/11/2021,FMN,NM,ASW,WE,Federal Contract Tower,0,9,4,0,13,0,10,35,0,45,0,19,39,0,58,120,0,120,178
08/12/2021,FMN,NM,ASW,WE,Federal Contract Tower,0,10,5,0,15,0,10,44,0,54,0,20,49,0,69,124,0,124,193
08/13/2021,FMN,NM,ASW,WE,Federal Contract Tower,0,6,1,0,7,0,7,30,0,37,0,13,31,0,44,104,0,104,148
08/14/2021,FMN,NM,ASW,WE,Federal Contract Tower,0,5,1,0,6,0,7,39,0,46,0,12,40,0,52,66,0,66,118
08/15/2021,FMN,NM,ASW,WE,Federal Contract Tower,0,3,1,0,4,0,1,30,0,31,0,4,31,0,35,114,0,114,149
08/16/2021,FMN,NM,ASW,WE,Federal Contract Tower,0,7,1,0,8,0,14,8,0,22,0,21,9,0,30,76,0,76,106
08/17/2021,FMN,NM,ASW,WE,Federal Contract Tower,0,10,0,0,10,0,48,43,6,97,0,58,43,6,107,102,0,102,209
08/18/2021,FMN,NM,ASW,WE,Federal Contract Tower,0,8,3,0,11,0,6,21,0,27,0,14,24,0,38,108,0,108,146
08/19/2021,FMN,NM,ASW,WE,Federal Contract Tower,0,12,7,0,19,0,0,58,0,58,0,12,65,0,77,58,0,58,135
08/20/2021,FMN,NM,ASW,WE,Federal Contract Tower,0,12,0,0,12,0,3,62,2,67,0,15,62,2,79,100,18,118,197
08/21/2021,FMN,NM,ASW,WE,Federal Contract Tower,0,8,0,0,8,0,4,51,0,55,0,12,51,0,63,88,0,88,151
08/22/2021,FMN,NM,ASW,WE,Federal Contract Tower,0,7,1,0,8,0,0,41,0,41,0,7,42,0,49,98,0,98,147
08/23/2021,FMN,NM,ASW,WE,Federal Contract Tower,0,9,3,0,12,0,13,43,0,56,0,22,46,0,68,52,0,52,120
08/24/2021,FMN,NM,ASW,WE,Federal Contract Tower,0,10,0,0,10,0,26,76,0,102,0,36,76,0,112,116,0,116,228
08/25/2021,FMN,NM,ASW,WE,Federal Contract Tower,0,9,1,0,10,0,3,60,4,67,0,12,61,4,77,214,0,214,291
08/26/2021,FMN,NM,ASW,WE,Federal Contract Tower,0,5,1,0,6,0,8,18,0,26,0,13,19,0,32,160,0,160,192
08/27/2021,FMN,NM,ASW,WE,Federal Contract Tower,0,12,5,0,17,0,6,40,0,46,0,18,45,0,63,52,0,52,115
08/28/2021,FMN,NM,ASW,WE,Federal Contract Tower,0,5,1,0,6,0,9,43,0,52,0,14,44,0,58,164,0,164,222
08/29/2021,FMN,NM,ASW,WE,Federal Contract Tower,0,9,1,0,10,0,23,28,0,51,0,32,29,0,61,160,0,160,221
08/30/2021,FMN,NM,ASW,WE,Federal Contract Tower,0,5,0,0,5,0,17,33,15,65,0,22,33,15,70,76,18,94,164
08/31/2021,FMN,NM,ASW,WE,Federal Contract Tower,0,7,3,0,10,0,10,39,2,51,0,17,42,2,61,94,0,94,155
09/01/2021,FMN,NM,ASW,WE,Federal Contract Tower,0,7,2,0,9,0,7,9,0,16,0,14,11,0,25,44,0,44,69
09/02/2021,FMN,NM,ASW,WE,Federal Contract Tower,0,6,3,0,9,0,5,32,0,37,0,11,35,0,46,66,0,66,112
09/03/2021,FMN,NM,ASW,WE,Federal Contract Tower,0,11,4,0,15,0,10,43,0,53,0,21,47,0,68,108,0,108,176
09/04/2021,FMN,NM,ASW,WE,Federal Contract Tower,0,5,4,0,9,0,6,45,0,51,0,11,49,0,60,138,0,138,198
09/05/2021,FMN,NM,ASW,WE,Federal Contract Tower,0,5,1,0,6,0,0,41,0,41,0,5,42,0,47,80,0,80,127
09/06/2021,FMN,NM,ASW,WE,Federal Contract Tower,0,4,2,0,6,0,3,30,0,33,0,7,32,0,39,14,0,14,53
09/07/2021,FMN,NM,ASW,WE,Federal Contract Tower,0,5,2,0,7,0,39,46,0,85,0,44,48,0,92,64,0,64,156
09/08/2021,FMN,NM,ASW,WE,Federal Contract Tower,0,11,3,0,14,0,4,41,0,45,0,15,44,0,59,96,0,96,155
09/09/2021,FMN,NM,ASW,WE,Federal Contract Tower,0,4,0,0,4,0,2,29,2,33,0,6,29,2,37,68,0,68,105
09/10/2021,FMN,NM,ASW,WE,Federal Contract Tower,0,7,4,2,13,0,9,38,0,47,0,16,42,2,60,34,0,34,94
09/11/2021,FMN,NM,ASW,WE,Federal Contract Tower,0,9,4,0,13,0,8,33,0,41,0,17,37,0,54,44,0,44,98
09/12/2021,FMN,NM,ASW,WE,Federal Contract Tower,0,2,3,0,5,0,9,23,0,32,0,11,26,0,37,86,0,86,123
09/13/2021,FMN,NM,ASW,WE,Federal Contract Tower,0,4,3,0,7,0,16,36,2,54,0,20,39,2,61,132,0,132,193
09/14/2021,FMN,NM,ASW,WE,Federal Contract Tower,0,12,0,0,12,0,10,33,0,43,0,22,33,0,55,44,0,44,99
09/15/2021,FMN,NM,ASW,WE,Federal Contract Tower,0,6,1,0,7,0,12,32,0,44,0,18,33,0,51,114,0,114,165
09/16/2021,FMN,NM,ASW,WE,Federal Contract Tower,0,8,4,0,12,0,4,34,0,38,0,12,38,0,50,122,0,122,172
09/17/2021,FMN,NM,ASW,WE,Federal Contract Tower,0,10,4,2,16,0,3,42,2,47,0,13,46,4,63,48,0,48,111
09/18/2021,FMN,NM,ASW,WE,Federal Contract Tower,0,12,2,0,14,0,1,41,0,42,0,13,43,0,56,50,0,50,106
09/19/2021,FMN,NM,ASW,WE,Federal Contract Tower,0,14,3,0,17,0,10,50,0,60,0,24,53,0,77,48,22,70,147
09/20/2021,FMN,NM,ASW,WE,Federal Contract Tower,0,3,0,5,8,0,6,45,2,53,0,9,45,7,61,60,0,60,121
09/21/2021,FMN,NM,ASW,WE,Federal Contract Tower,0,5,1,0,6,0,32,52,0,84,0,37,53,0,90,102,0,102,192
09/22/2021,FMN,NM,ASW,WE,Federal Contract Tower,0,7,3,0,10,0,11,28,0,39,0,18,31,0,49,48,0,48,97
09/23/2021,FMN,NM,ASW,WE,Federal Contract Tower,0,12,2,3,17,0,3,33,3,39,0,15,35,6,56,130,0,130,186
09/24/2021,FMN,NM,ASW,WE,Federal Contract Tower,0,6,3,0,9,0,2,29,0,31,0,8,32,0,40,86,0,86,126
09/25/2021,FMN,NM,ASW,WE,Federal Contract Tower,0,4,6,0,10,0,3,43,0,46,0,7,49,0,56,80,0,80,136
09/26/2021,FMN,NM,ASW,WE,Federal Contract Tower,0,5,4,0,9,0,9,36,0,45,0,14,40,0,54,42,0,42,96
09/27/2021,FMN,NM,ASW,WE,Federal Contract Tower,0,12,4,0,16,0,6,33,0,39,0,18,37,0,55,36,0,36,91
09/28/2021,FMN,NM,ASW,WE,Federal Contract Tower,0,13,4,0,17,0,19,31,0,50,0,32,35,0,67,80,0,80,147
09/29/2021,FMN,NM,ASW,WE,Federal Contract Tower,0,10,4,0,14,0,1,22,0,23,0,11,26,0,37,80,0,80,117
09/30/2021,FMN,NM,ASW,WE,Federal Contract Tower,0,10,3,0,13,0,0,26,0,26,0,10,29,0,39,136,0,136,175
10/01/2021,FMN,NM,ASW,WE,Federal Contract Tower,0,17,6,0,23,0,0,48,0,48,0,17,54,0,71,92,0,92,163
10/02/2021,FMN,NM,ASW,WE,Federal Contract Tower,0,6,5,0,11,0,3,51,0,54,0,9,56,0,65,120,0,120,185
10/03/2021,FMN,NM,ASW,WE,Federal Contract Tower,0,11,0,4,15,0,0,0,0,0,0,11,0,4,15,62,20,82,97
10/04/2021,FMN,NM,ASW,WE,Federal Contract Tower,0,5,0,4,9,0,5,62,0,67,0,10,62,4,76,40,28,68,144
10/05/2021,FMN,NM,ASW,WE,Federal Contract Tower,0,9,0,0,9,0,8,20,0,28,0,17,20,0,37,22,0,22,59
10/06/2021,FMN,NM,ASW,WE,Federal Contract Tower,0,5,2,0,7,0,7,28,0,35,0,12,30,0,42,90,0,90,132
10/07/2021,FMN,NM,ASW,WE,Federal Contract Tower,0,9,3,0,12,0,5,42,0,47,0,14,45,0,59,146,0,146,205
10/08/2021,FMN,NM,ASW,WE,Federal Contract Tower,0,7,1,0,8,0,3,37,0,40,0,10,38,0,48,102,0,102,150
10/09/2021,FMN,NM,ASW,WE,Federal Contract Tower,0,4,0,0,4,0,6,22,0,28,0,10,22,0,32,68,0,68,100
10/10/2021,FMN,NM,ASW,WE,Federal Contract Tower,0,5,0,0,5,0,3,41,0,44,0,8,41,0,49,46,0,46,95
10/11/2021,FMN,NM,ASW,WE,Federal Contract Tower,0,4,5,0,9,0,7,26,0,33,0,11,31,0,42,40,0,40,82
10/12/2021,FMN,NM,ASW,WE,Federal Contract Tower,0,14,0,0,14,0,19,1,0,20,0,33,1,0,34,24,0,24,58
10/13/2021,FMN,NM,ASW,WE,Federal Contract Tower,0,10,6,0,16,0,2,0,0,2,0,12,6,0,18,102,0,102,120
10/14/2021,FMN,NM,ASW,WE,Federal Contract Tower,0,10,4,0,14,0,3,28,0,31,0,13,32,0,45,58,0,58,103
10/15/2021,FMN,NM,ASW,WE,Federal Contract Tower,0,4,3,0,7,0,3,46,2,51,0,7,49,2,58,72,0,72,130
10/16/2021,FMN,NM,ASW,WE,Federal Contract Tower,0,3,5,0,8,0,9,43,2,54,0,12,48,2,62,42,0,42,104
10/17/2021,FMN,NM,ASW,WE,Federal Contract Tower,0,4,3,0,7,0,1,44,0,45,0,5,47,0,52,28,0,28,80
10/18/2021,FMN,NM,ASW,WE,Federal Contract Tower,0,7,4,0,11,0,1,31,0,32,0,8,35,0,43,8,0,8,51
10/19/2021,FMN,NM,ASW,WE,Federal Contract Tower,0,1,0,0,1,0,1,0,0,1,0,2,0,0,2,0,0,0,2
10/20/2021,FMN,NM,ASW,WE,Federal Contract Tower,0,0,0,0,0,0,0,2,0,2,0,0,2,0,2,0,0,0,2
10/21/2021,FMN,NM,ASW,WE,Federal Contract Tower,0,0,0,0,0,0,12,0,0,12,0,12,0,0,12,0,0,0,12
10/22/2021,FMN,NM,ASW,WE,Federal Contract Tower,0,11,3,0,14,0,0,47,1,48,0,11,50,1,62,34,6,40,102
10/23/2021,FMN,NM,ASW,WE,Federal Contract Tower,0,7,1,0,8,0,2,35,0,37,0,9,36,0,45,20,0,20,65
10/24/2021,FMN,NM,ASW,WE,Federal Contract Tower,0,4,5,0,9,0,2,36,0,38,0,6,41,0,47,78,0,78,125
10/25/2021,FMN,NM,ASW,WE,Federal Contract Tower,0,2,4,3,9,0,4,20,1,25,0,6,24,4,34,48,0,48,82
10/26/2021,FMN,NM,ASW,WE,Federal Contract Tower,0,10,0,0,10,0,6,2,0,8,0,16,2,0,18,0,0,0,18
10/27/2021,FMN,NM,ASW,WE,Federal Contract Tower,0,15,1,0,16,0,10,16,0,26,0,25,17,0,42,12,0,12,54
10/28/2021,FMN,NM,ASW,WE,Federal Contract Tower,0,9,1,0,10,0,12,69,0,81,0,21,70,0,91,192,0,192,283
10/29/2021,FMN,NM,ASW,WE,Federal Contract Tower,0,4,4,0,8,0,6,56,0,62,0,10,60,0,70,66,0,66,136
10/30/2021,FMN,NM,ASW,WE,Federal Contract Tower,0,8,4,0,12,0,6,51,0,57,0,14,55,0,69,102,0,102,171
10/31/2021,FMN,NM,ASW,WE,Federal Contract Tower,0,1,1,1,3,0,1,28,0,29,0,2,29,1,32,64,0,64,96
11/01/2021,FMN,NM,ASW,WE,Federal Contract Tower,0,5,8,0,13,0,2,34,0,36,0,7,42,0,49,66,0,66,115
11/02/2021,FMN,NM,ASW,WE,Federal Contract Tower,0,9,0,0,9,0,20,19,2,41,0,29,19,2,50,46,20,66,116
11/03/2021,FMN,NM,ASW,WE,Federal Contract Tower,0,4,0,2,6,0,5,45,0,50,0,9,45,2,56,24,0,24,80
11/04/2021,FMN,NM,ASW,WE,Federal Contract Tower,0,5,5,0,10,0,1,35,0,36,0,6,40,0,46,56,0,56,102
11/05/2021,FMN,NM,ASW,WE,Federal Contract Tower,0,5,6,0,11,0,8,24,4,36,0,13,30,4,47,26,0,26,73
11/06/2021,FMN,NM,ASW,WE,Federal Contract Tower,0,7,1,2,10,0,4,39,2,45,0,11,40,4,55,62,0,62,117
11/07/2021,FMN,NM,ASW,WE,Federal Contract Tower,0,2,2,6,10,0,16,23,0,39,0,18,25,6,49,58,0,58,107
11/08/2021,FMN,NM,ASW,WE,Federal Contract Tower,0,4,1,2,7,0,7,28,0,35,0,11,29,2,42,20,2,22,64
11/09/2021,FMN,NM,ASW,WE,Federal Contract Tower,0,14,0,0,14,0,20,27,0,47,0,34,27,0,61,62,0,62,123
11/10/2021,FMN,NM,ASW,WE,Federal Contract Tower,0,12,6,0,18,0,2,26,0,28,0,14,32,0,46,68,0,68,114
11/11/2021,FMN,NM,ASW,WE,Federal Contract Tower,0,6,3,0,9,0,3,26,0,29,0,9,29,0,38,64,0,64,102
11/12/2021,FMN,NM,ASW,WE,Federal Contract Tower,0,7,1,0,8,0,5,28,0,33,0,12,29,0,41,36,0,36,77
11/13/2021,FMN,NM,ASW,WE,Federal Contract Tower,0,7,4,0,11,0,5,30,0,35,0,12,34,0,46,44,0,44,90
11/14/2021,FMN,NM,ASW,WE,Federal Contract Tower,0,4,2,8,14,0,5,45,0,50,0,9,47,8,64,78,0,78,142
11/15/2021,FMN,NM,ASW,WE,Federal Contract Tower,0,7,2,0,9,0,8,47,0,55,0,15,49,0,64,124,0,124,188
11/16/2021,FMN,NM,ASW,WE,Federal Contract Tower,0,6,5,0,11,0,1,23,13,37,0,7,28,13,48,98,0,98,146
11/17/2021,FMN,NM,ASW,WE,Federal Contract Tower,0,7,1,0,8,0,3,25,17,45,0,10,26,17,53,12,0,12,65
11/18/2021,FMN,NM,ASW,WE,Federal Contract Tower,0,13,5,0,18,0,10,48,0,58,0,23,53,0,76,12,0,12,88
11/19/2021,FMN,NM,ASW,WE,Federal Contract Tower,0,6,6,0,12,0,3,51,3,57,0,9,57,3,69,130,2,132,201
11/20/2021,FMN,NM,ASW,WE,Federal Contract Tower,0,4,0,0,4,0,8,35,5,48,0,12,35,5,52,172,0,172,224
11/21/2021,FMN,NM,ASW,WE,Federal Contract Tower,0,3,0,0,3,0,5,24,0,29,0,8,24,0,32,68,0,68,100
11/22/2021,FMN,NM,ASW,WE,Federal Contract Tower,0,7,6,0,13,0,6,31,0,37,0,13,37,0,50,90,0,90,140
11/23/2021,FMN,NM,ASW,WE,Federal Contract Tower,0,14,0,4,18,0,4,39,0,43,0,18,39,4,61,70,12,82,143
11/24/2021,FMN,NM,ASW,WE,Federal Contract Tower,0,13,3,0,16,0,0,11,0,11,0,13,14,0,27,20,0,20,47
11/25/2021,FMN,NM,ASW,WE,Federal Contract Tower,0,5,3,0,8,0,0,15,0,15,0,5,18,0,23,10,0,10,33
11/26/2021,FMN,NM,ASW,WE,Federal Contract Tower,0,6,1,0,7,0,1,23,0,24,0,7,24,0,31,36,0,36,67
11/27/2021,FMN,NM,ASW,WE,Federal Contract Tower,0,3,1,2,6,0,5,44,1,50,0,8,45,3,56,72,4,76,132
11/28/2021,FMN,NM,ASW,WE,Federal Contract Tower,0,8,4,0,12,0,1,19,0,20,0,9,23,0,32,54,0,54,86
11/29/2021,FMN,NM,ASW,WE,Federal Contract Tower,0,2,2,2,6,0,8,25,2,35,0,10,27,4,41,32,0,32,73
11/30/2021,FMN,NM,ASW,WE,Federal Contract Tower,0,7,0,0,7,0,9,40,0,49,0,16,40,0,56,68,0,68,124
12/01/2021,FMN,NM,ASW,WE,Federal Contract Tower,0,3,1,0,4,0,7,33,0,40,0,10,34,0,44,90,0,90,134
12/02/2021,FMN,NM,ASW,WE,Federal Contract Tower,0,9,2,0,11,0,4,39,2,45,0,13,41,2,56,124,0,124,180
12/03/2021,FMN,NM,ASW,WE,Federal Contract Tower,0,9,1,0,10,0,6,28,2,36,0,15,29,2,46,36,0,36,82
12/04/2021,FMN,NM,ASW,WE,Federal Contract Tower,0,7,5,0,12,0,1,44,0,45,0,8,49,0,57,92,0,92,149
12/05/2021,FMN,NM,ASW,WE,Federal Contract Tower,0,2,5,4,11,0,10,27,6,43,0,12,32,10,54,20,6,26,80
12/06/2021,FMN,NM,ASW,WE,Federal Contract Tower,0,3,4,0,7,0,12,59,0,71,0,15,63,0,78,104,0,104,182
12/07/2021,FMN,NM,ASW,WE,Federal Contract Tower,0,10,1,0,11,0,13,13,0,26,0,23,14,0,37,28,0,28,65
12/08/2021,FMN,NM,ASW,WE,Federal Contract Tower,0,9,1,0,10,0,8,26,0,34,0,17,27,0,44,108,0,108,152
12/09/2021,FMN,NM,ASW,WE,Federal Contract Tower,0,12,2,0,14,0,0,19,0,19,0,12,21,0,33,24,0,24,57
12/10/2021,FMN,NM,ASW,WE,Federal Contract Tower,0,11,3,0,14,0,2,3,4,9,0,13,6,4,23,0,0,0,23
12/11/2021,FMN,NM,ASW,WE,Federal Contract Tower,0,7,6,0,13,0,6,47,0,53,0,13,53,0,66,155,0,155,221
12/12/2021,FMN,NM,ASW,WE,Federal Contract Tower,0,4,4,0,8,0,11,36,0,47,0,15,40,0,55,64,0,64,119
12/13/2021,FMN,NM,ASW,WE,Federal Contract Tower,0,5,9,4,18,0,5,51,0,56,0,10,60,4,74,128,0,128,202
12/14/2021,FMN,NM,ASW,WE,Federal Contract Tower,0,18,0,0,18,0,1,12,0,13,0,19,12,0,31,22,0,22,53
12/15/2021,FMN,NM,ASW,WE,Federal Contract Tower,0,8,0,0,8,0,12,46,0,58,0,20,46,0,66,56,0,56,122
12/16/2021,FMN,NM,ASW,WE,Federal Contract Tower,0,10,4,0,14,0,32,89,1,122,0,42,93,1,136,138,0,138,274
12/17/2021,FMN,NM,ASW,WE,Federal Contract Tower,0,10,2,0,12,0,7,40,0,47,0,17,42,0,59,82,0,82,141
12/18/2021,FMN,NM,ASW,WE,Federal Contract Tower,0,8,3,0,11,0,4,59,0,63,0,12,62,0,74,81,0,81,155
12/19/2021,FMN,NM,ASW,WE,Federal Contract Tower,0,7,0,0,7,0,2,93,0,95,0,9,93,0,102,64,2,66,168
12/20/2021,FMN,NM,ASW,WE,Federal Contract Tower,0,6,1,0,7,0,13,34,0,47,0,19,35,0,54,88,0,88,142
12/21/2021,FMN,NM,ASW,WE,Federal Contract Tower,0,10,0,2,12,0,5,21,0,26,0,15,21,2,38,52,0,52,90
12/22/2021,FMN,NM,ASW,WE,Federal Contract Tower,0,7,4,0,11,0,23,28,0,51,0,30,32,0,62,22,0,22,84
12/23/2021,FMN,NM,ASW,WE,Federal Contract Tower,0,14,2,0,16,0,9,16,0,25,0,23,18,0,41,12,0,12,53
12/24/2021,FMN,NM,ASW,WE,Federal Contract Tower,0,6,1,0,7,0,0,2,0,2,0,6,3,0,9,0,0,0,9
12/25/2021,FMN,NM,ASW,WE,Federal Contract Tower,0,7,3,0,10,0,7,3,0,10,0,14,6,0,20,0,0,0,20
12/26/2021,FMN,NM,ASW,WE,Federal Contract Tower,0,12,0,0,12,0,4,8,0,12,0,16,8,0,24,0,0,0,24
12/27/2021,FMN,NM,ASW,WE,Federal Contract Tower,0,10,12,2,24,0,8,44,7,59,0,18,56,9,83,60,0,60,143
12/28/2021,FMN,NM,ASW,WE,Federal Contract Tower,0,19,1,3,23,0,5,0,0,5,0,24,1,3,28,0,2,2,30
12/29/2021,FMN,NM,ASW,WE,Federal Contract Tower,0,12,0,0,12,0,4,5,0,9,0,16,5,0,21,0,0,0,21
12/30/2021,FMN,NM,ASW,WE,Federal Contract Tower,0,7,9,0,16,0,6,10,0,16,0,13,19,0,32,48,0,48,80
12/31/2021,FMN,NM,ASW,WE,Federal Contract Tower,0,14,0,0,14,0,2,5,0,7,0,16,5,0,21,24,0,24,45
01/01/2022,FMN,NM,ASW,WE,Federal Contract Tower,0,7,2,0,9,0,6,0,0,6,0,13,2,0,15,0,0,0,15
01/02/2022,FMN,NM,ASW,WE,Federal Contract Tower,0,7,0,2,9,0,0,26,2,28,0,7,26,4,37,80,0,80,117
01/03/2022,FMN,NM,ASW,WE,Federal Contract Tower,0,10,1,0,11,0,11,30,0,41,0,21,31,0,52,52,0,52,104
01/04/2022,FMN,NM,ASW,WE,Federal Contract Tower,0,13,0,0,13,0,2,15,0,17,0,15,15,0,30,40,0,40,70
01/05/2022,FMN,NM,ASW,WE,Federal Contract Tower,0,8,1,0,9,0,10,10,0,20,0,18,11,0,29,78,0,78,107
01/06/2022,FMN,NM,ASW,WE,Federal Contract Tower,0,7,4,0,11,0,10,17,0,27,0,17,21,0,38,0,0,0,38
01/07/2022,FMN,NM,ASW,WE,Federal Contract Tower,0,6,1,0,7,0,11,42,0,53,0,17,43,0,60,136,0,136,196
01/08/2022,FMN,NM,ASW,WE,Federal Contract Tower,0,9,3,0,12,0,2,25,2,29,0,11,28,2,41,12,24,36,77
01/09/2022,FMN,NM,ASW,WE,Federal Contract Tower,0,2,1,5,8,0,5,34,7,46,0,7,35,12,54,28,0,28,82
01/10/2022,FMN,NM,ASW,WE,Federal Contract Tower,0,2,2,0,4,0,24,27,3,54,0,26,29,3,58,76,0,76,134
01/11/2022,FMN,NM,ASW,WE,Federal Contract Tower,0,7,1,0,8,0,12,34,0,46,0,19,35,0,54,46,0,46,100
01/12/2022,FMN,NM,ASW,WE,Federal Contract Tower,0,4,0,0,4,0,5,16,0,21,0,9,16,0,25,76,0,76,101
01/13/2022,FMN,NM,ASW,WE,Federal Contract Tower,0,10,2,0,12,0,5,27,0,32,0,15,29,0,44,94,0,94,138
01/14/2022,FMN,NM,ASW,WE,Federal Contract Tower,0,17,1,1,19,0,2,27,0,29,0,19,28,1,48,12,5,17,65
01/15/2022,FMN,NM,ASW,WE,Federal Contract Tower,0,11,0,0,11,0,10,47,0,57,0,21,47,0,68,28,0,28,96
01/16/2022,FMN,NM,ASW,WE,Federal Contract Tower,0,7,0,0,7,0,0,36,0,36,0,7,36,0,43,108,0,108,151
01/17/2022,FMN,NM,ASW,WE,Federal Contract Tower,0,7,3,3,13,0,15,32,3,50,0,22,35,6,63,60,20,80,143
01/18/2022,FMN,NM,ASW,WE,Federal Contract Tower,0,9,0,1,10,0,7,22,1,30,0,16,22,2,40,40,0,40,80
01/19/2022,FMN,NM,ASW,WE,Federal Contract Tower,0,18,1,0,19,0,4,37,0,41,0,22,38,0,60,112,0,112,172
01/20/2022,FMN,NM,ASW,WE,Federal Contract Tower,0,7,0,0,7,0,6,29,0,35,0,13,29,0,42,58,0,58,100
01/21/2022,FMN,NM,ASW,WE,Federal Contract Tower,0,12,5,4,21,0,11,53,4,68,0,23,58,8,89,96,10,106,195
01/22/2022,FMN,NM,ASW,WE,Federal Contract Tower,0,8,0,0,8,0,12,38,0,50,0,20,38,0,58,92,0,92,150
01/23/2022,FMN,NM,ASW,WE,Federal Contract Tower,0,4,0,3,7,0,5,26,6,37,0,9,26,9,44,70,0,70,114
01/24/2022,FMN,NM,ASW,WE,Federal Contract Tower,0,8,0,0,8,0,4,27,0,31,0,12,27,0,39,114,0,114,153
01/25/2022,FMN,NM,ASW,WE,Federal Contract Tower,0,6,1,1,8,0,12,50,0,62,0,18,51,1,70,80,0,80,150
01/26/2022,FMN,NM,ASW,WE,Federal Contract Tower,0,14,1,0,15,0,19,22,0,41,0,33,23,0,56,88,0,88,144
01/27/2022,FMN,NM,ASW,WE,Federal Contract Tower,0,8,0,0,8,0,19,22,2,43,0,27,22,2,51,68,14,82,133
01/28/2022,FMN,NM,ASW,WE,Federal Contract Tower,0,19,1,0,20,0,12,38,0,50,0,31,39,0,70,42,0,42,112
01/29/2022,FMN,NM,ASW,WE,Federal Contract Tower,0,6,2,0,8,0,15,36,0,51,0,21,38,0,59,64,0,64,123
01/30/2022,FMN,NM,ASW,WE,Federal Contract Tower,0,5,1,0,6,0,2,51,0,53,0,7,52,0,59,92,0,92,151
01/31/2022,FMN,NM,ASW,WE,Federal Contract Tower,0,6,0,0,6,0,13,38,9,60,0,19,38,9,66,84,16,100,166
02/01/2022,FMN,NM,ASW,WE,Federal Contract Tower,0,12,1,2,15,0,6,47,0,53,0,18,48,2,68,76,0,76,144
02/02/2022,FMN,NM,ASW,WE,Federal Contract Tower,0,12,4,0,16,0,7,8,0,15,0,19,12,0,31,116,0,116,147
02/03/2022,FMN,NM,ASW,WE,Federal Contract Tower,0,10,2,0,12,0,12,19,0,31,0,22,21,0,43,80,0,80,123
02/04/2022,FMN,NM,ASW,WE,Federal Contract Tower,0,9,6,0,15,0,6,59,0,65,0,15,65,0,80,86,0,86,166
02/05/2022,FMN,NM,ASW,WE,Federal Contract Tower,0,8,1,1,10,0,2,25,2,29,0,10,26,3,39,72,0,72,111
02/06/2022,FMN,NM,ASW,WE,Federal Contract Tower,0,4,5,0,9,0,3,57,0,60,0,7,62,0,69,76,0,76,145
02/07/2022,FMN,NM,ASW,WE,Federal Contract Tower,0,8,3,3,14,0,23,44,2,69,0,31,47,5,83,96,12,108,191
02/08/2022,FMN,NM,ASW,WE,Federal Contract Tower,0,10,1,0,11,0,13,72,2,87,0,23,73,2,98,22,0,22,120
02/09/2022,FMN,NM,ASW,WE,Federal Contract Tower,0,11,5,0,16,0,5,41,0,46,0,16,46,0,62,76,0,76,138
02/10/2022,FMN,NM,ASW,WE,Federal Contract Tower,0,6,4,1,11,0,11,32,1,44,0,17,36,2,55,138,0,138,193
02/11/2022,FMN,NM,ASW,WE,Federal Contract Tower,0,14,2,0,16,0,9,44,0,53,0,23,46,0,69,82,0,82,151
02/12/2022,FMN,NM,ASW,WE,Federal Contract Tower,0,4,2,0,6,0,4,58,0,62,0,8,60,0,68,74,0,74,142
02/13/2022,FMN,NM,ASW,WE,Federal Contract Tower,0,5,2,1,8,0,4,24,5,33,0,9,26,6,41,64,0,64,105
02/14/2022,FMN,NM,ASW,WE,Federal Contract Tower,0,7,2,0,9,0,5,38,0,43,0,12,40,0,52,52,0,52,104
02/15/2022,FMN,NM,ASW,WE,Federal Contract Tower,0,13,2,2,17,0,15,28,0,43,0,28,30,2,60,56,0,56,116
02/16/2022,FMN,NM,ASW,WE,Federal Contract Tower,0,7,1,0,8,0,8,19,0,27,0,15,20,0,35,34,0,34,69
02/17/2022,FMN,NM,ASW,WE,Federal Contract Tower,0,13,1,0,14,0,3,23,0,26,0,16,24,0,40,40,0,40,80
02/18/2022,FMN,NM,ASW,WE,Federal Contract Tower,0,5,6,0,11,0,3,49,0,52,0,8,55,0,63,76,0,76,139
02/19/2022,FMN,NM,ASW,WE,Federal Contract Tower,0,6,2,0,8,0,25,54,0,79,0,31,56,0,87,96,0,96,183
02/20/2022,FMN,NM,ASW,WE,Federal Contract Tower,0,3,0,0,3,0,2,42,0,44,0,5,42,0,47,100,0,100,147
02/21/2022,FMN,NM,ASW,WE,Federal Contract Tower,0,6,2,0,8,0,16,19,0,35,0,22,21,0,43,60,0,60,103
02/22/2022,FMN,NM,ASW,WE,Federal Contract Tower,0,16,1,0,17,0,24,7,0,31,0,40,8,0,48,42,0,42,90
02/23/2022,FMN,NM,ASW,WE,Federal Contract Tower,0,11,6,0,17,0,1,0,0,1,0,12,6,0,18,0,0,0,18
02/24/2022,FMN,NM,ASW,WE,Federal Contract Tower,0,14,2,0,16,0,11,19,0,30,0,25,21,0,46,60,0,60,106
02/25/2022,FMN,NM,ASW,WE,Federal Contract Tower,0,11,2,0,13,0,3,52,2,57,0,14,54,2,70,72,10,82,152
02/26/2022,FMN,NM,ASW,WE,Federal Contract Tower,0,8,3,0,11,0,5,44,0,49,0,13,47,0,60,204,0,204,264
02/27/2022,FMN,NM,ASW,WE,Federal Contract Tower,0,2,4,0,6,0,11,75,0,86,0,13,79,0,92,108,0,108,200
02/28/2022,FMN,NM,ASW,WE,Federal Contract Tower,0,10,0,0,10,0,34,41,0,75,0,44,41,0,85,146,0,146,231
03/01/2022,FMN,NM,ASW,WE,Federal Contract Tower,0,9,0,2,11,0,18,20,0,38,0,27,20,2,49,120,0,120,169
03/02/2022,FMN,NM,ASW,WE,Federal Contract Tower,0,7,4,0,11,0,9,39,0,48,0,16,43,0,59,48,0,48,107
03/03/2022,FMN,NM,ASW,WE,Federal Contract Tower,0,4,1,0,5,0,3,35,0,38,0,7,36,0,43,106,0,106,149
03/04/2022,FMN,NM,ASW,WE,Federal Contract Tower,0,15,3,6,24,0,1,37,0,38,0,16,40,6,62,28,15,43,105
03/05/2022,FMN,NM,ASW,WE,Federal Contract Tower,0,12,4,4,20,0,8,31,3,42,0,20,35,7,62,74,16,90,152
03/06/2022,FMN,NM,ASW,WE,Federal Contract Tower,0,4,0,0,4,0,0,11,0,11,0,4,11,0,15,54,0,54,69
03/07/2022,FMN,NM,ASW,WE,Federal Contract Tower,0,9,3,2,14,0,3,32,1,36,0,12,35,3,50,110,0,110,160
03/08/2022,FMN,NM,ASW,WE,Federal Contract Tower,0,8,2,0,10,0,20,45,0,65,0,28,47,0,75,138,0,138,213
03/09/2022,FMN,NM,ASW,WE,Federal Contract Tower,0,10,5,0,15,0,7,53,0,60,0,17,58,0,75,56,0,56,131
03/10/2022,FMN,NM,ASW,WE,Federal Contract Tower,0,12,1,0,13,0,3,15,0,18,0,15,16,0,31,12,0,12,43
03/11/2022,FMN,NM,ASW,WE,Federal Contract Tower,0,12,10,0,22,0,11,25,3,39,0,23,35,3,61,12,0,12,73
03/12/2022,FMN,NM,ASW,WE,Federal Contract Tower,0,6,3,0,9,0,1,48,0,49,0,7,51,0,58,92,0,92,150
03/13/2022,FMN,NM,ASW,WE,Federal Contract Tower,0,3,5,10,18,0,17,31,8,56,0,20,36,18,74,80,42,122,196
03/14/2022,FMN,NM,ASW,WE,Federal Contract Tower,0,6,3,0,9,0,7,18,0,25,0,13,21,0,34,36,0,36,70
03/15/2022,FMN,NM,ASW,WE,Federal Contract Tower,0,12,4,0,16,0,9,77,9,95,0,21,81,9,111,104,6,110,221
03/16/2022,FMN,NM,ASW,WE,Federal Contract Tower,0,9,6,0,15,0,8,34,0,42,0,17,40,0,57,82,0,82,139
03/17/2022,FMN,NM,ASW,WE,Federal Contract Tower,0,8,1,0,9,0,7,17,0,24,0,15,18,0,33,56,0,56,89
03/18/2022,FMN,NM,ASW,WE,Federal Contract Tower,0,6,0,4,10,0,4,43,2,49,0,10,43,6,59,92,32,124,183
03/19/2022,FMN,NM,ASW,WE,Federal Contract Tower,0,4,7,2,13,0,8,55,1,64,0,12,62,3,77,72,8,80,157
03/20/2022,FMN,NM,ASW,WE,Federal Contract Tower,0,3,4,0,7,0,10,8,0,18,0,13,12,0,25,40,0,40,65
03/21/2022,FMN,NM,ASW,WE,Federal Contract Tower,0,9,2,0,11,0,14,7,0,21,0,23,9,0,32,34,0,34,66
03/22/2022,FMN,NM,ASW,WE,Federal Contract Tower,0,16,0,0,16,0,14,40,0,54,0,30,40,0,70,66,0,66,136
03/23/2022,FMN,NM,ASW,WE,Federal Contract Tower,0,16,2,0,18,0,5,19,1,25,0,21,21,1,43,62,0,62,105
03/24/2022,FMN,NM,ASW,WE,Federal Contract Tower,0,5,2,2,9,0,2,27,0,29,0,7,29,2,38,24,0,24,62
03/25/2022,FMN,NM,ASW,WE,Federal Contract Tower,0,6,6,0,12,0,8,41,0,49,0,14,47,0,61,94,0,94,155
03/26/2022,FMN,NM,ASW,WE,Federal Contract Tower,0,2,0,0,2,0,4,42,0,46,0,6,42,0,48,58,0,58,106
03/27/2022,FMN,NM,ASW,WE,Federal Contract Tower,0,6,2,0,8,0,2,37,0,39,0,8,39,0,47,102,0,102,149
03/28/2022,FMN,NM,ASW,WE,Federal Contract Tower,0,13,0,0,13,0,8,61,0,69,0,21,61,0,82,132,0,132,214
03/29/2022,FMN,NM,ASW,WE,Federal Contract Tower,0,16,2,0,18,0,10,5,0,15,0,26,7,0,33,6,0,6,39
03/30/2022,FMN,NM,ASW,WE,Federal Contract Tower,0,12,4,0,16,0,2,10,0,12,0,14,14,0,28,42,0,42,70
03/31/2022,FMN,NM,ASW,WE,Federal Contract Tower,0,10,3,0,13,0,9,39,7,55,0,19,42,7,68,140,0,140,208
04/01/2022,FMN,NM,ASW,WE,Federal Contract Tower,0,9,7,0,16,0,2,42,0,44,0,11,49,0,60,52,0,52,112
04/02/2022,FMN,NM,ASW,WE,Federal Contract Tower,0,7,9,0,16,0,11,65,1,77,0,18,74,1,93,188,0,188,281
04/03/2022,FMN,NM,ASW,WE,Federal Contract Tower,0,6,4,0,10,0,5,24,0,29,0,11,28,0,39,112,0,112,151
04/04/2022,FMN,NM,ASW,WE,Federal Contract Tower,0,8,4,0,12,0,14,35,0,49,0,22,39,0,61,36,0,36,97
04/05/2022,FMN,NM,ASW,WE,Federal Contract Tower,0,9,0,0,9,0,13,24,0,37,0,22,24,0,46,22,0,22,68
04/06/2022,FMN,NM,ASW,WE,Federal Contract Tower,0,11,1,0,12,0,2,5,0,7,0,13,6,0,19,18,0,18,37
04/07/2022,FMN,NM,ASW,WE,Federal Contract Tower,0,10,4,0,14,0,9,30,0,39,0,19,34,0,53,82,0,82,135
04/08/2022,FMN,NM,ASW,WE,Federal Contract Tower,0,14,10,0,24,0,5,54,0,59,0,19,64,0,83,96,0,96,179
04/09/2022,FMN,NM,ASW,WE,Federal Contract Tower,0,8,0,0,8,0,6,43,1,50,0,14,43,1,58,92,0,92,150
04/10/2022,FMN,NM,ASW,WE,Federal Contract Tower,0,8,9,0,17,0,6,8,0,14,0,14,17,0,31,42,0,42,73
04/11/2022,FMN,NM,ASW,WE,Federal Contract Tower,0,9,0,0,9,0,6,30,0,36,0,15,30,0,45,88,0,88,133
04/12/2022,FMN,NM,ASW,WE,Federal Contract Tower,0,14,2,0,16,0,5,1,0,6,0,19,3,0,22,0,0,0,22
04/13/2022,FMN,NM,ASW,WE,Federal Contract Tower,0,7,4,0,11,0,3,61,0,64,0,10,65,0,75,64,0,64,139
04/14/2022,FMN,NM,ASW,WE,Federal Contract Tower,0,11,6,0,17,0,12,32,0,44,0,23,38,0,61,124,0,124,185
04/15/2022,FMN,NM,ASW,WE,Federal Contract Tower,0,5,3,0,8,0,6,53,0,59,0,11,56,0,67,56,0,56,123
04/16/2022,FMN,NM,ASW,WE,Federal Contract Tower,0,4,0,0,4,0,6,47,0,53,0,10,47,0,57,48,0,48,105
04/17/2022,FMN,NM,ASW,WE,Federal Contract Tower,0,11,1,0,12,0,6,121,0,127,0,17,122,0,139,100,0,100,239
04/18/2022,FMN,NM,ASW,WE,Federal Contract Tower,0,6,5,0,11,0,12,79,0,91,0,18,84,0,102,180,0,180,282
04/19/2022,FMN,NM,ASW,WE,Federal Contract Tower,0,5,1,0,6,0,12,43,0,55,0,17,44,0,61,26,0,26,87
04/20/2022,FMN,NM,ASW,WE,Federal Contract Tower,0,3,1,0,4,0,6,67,0,73,0,9,68,0,77,80,0,80,157
04/21/2022,FMN,NM,ASW,WE,Federal Contract Tower,0,6,2,0,8,0,5,39,7,51,0,11,41,7,59,134,0,134,193
04/22/2022,FMN,NM,ASW,WE,Federal Contract Tower,0,4,3,0,7,0,1,12,0,13,0,5,15,0,20,0,0,0,20
04/23/2022,FMN,NM,ASW,WE,Federal Contract Tower,0,4,7,0,11,0,6,24,1,31,0,10,31,1,42,54,0,54,96
04/24/2022,FMN,NM,ASW,WE,Federal Contract Tower,0,3,7,0,10,0,8,31,8,47,0,11,38,8,57,62,0,62,119
04/25/2022,FMN,NM,ASW,WE,Federal Contract Tower,0,3,0,9,12,0,22,38,35,95,0,25,38,44,107,112,34,146,253
04/26/2022,FMN,NM,ASW,WE,Federal Contract Tower,0,7,1,0,8,0,19,46,0,65,0,26,47,0,73,20,28,48,121
04/27/2022,FMN,NM,ASW,WE,Federal Contract Tower,0,11,4,0,15,0,8,19,0,27,0,19,23,0,42,44,0,44,86
04/28/2022,FMN,NM,ASW,WE,Federal Contract Tower,0,7,3,2,12,0,7,36,3,46,0,14,39,5,58,102,0,102,160
04/29/2022,FMN,NM,ASW,WE,Federal Contract Tower,0,11,4,0,15,0,3,25,0,28,0,14,29,0,43,72,0,72,115
04/30/2022,FMN,NM,ASW,WE,Federal Contract Tower,0,4,7,0,11,0,13,59,0,72,0,17,66,0,83,78,0,78,161
05/01/2022,FMN,NM,ASW,WE,Federal Contract Tower,0,3,9,0,12,0,3,14,0,17,0,6,23,0,29,20,0,20,49
05/02/2022,FMN,NM,ASW,WE,Federal Contract Tower,0,9,0,0,9,0,8,16,5,29,0,17,16,5,38,18,0,18,56
05/03/2022,FMN,NM,ASW,WE,Federal Contract Tower,0,16,4,6,26,0,8,21,0,29,0,24,25,6,55,40,0,40,95
05/04/2022,FMN,NM,ASW,WE,Federal Contract Tower,0,6,6,0,12,0,7,22,2,31,0,13,28,2,43,38,0,38,81
05/05/2022,FMN,NM,ASW,WE,Federal Contract Tower,0,10,3,0,13,0,2,24,1,27,0,12,27,1,40,48,0,48,88
05/06/2022,FMN,NM,ASW,WE,Federal Contract Tower,0,12,9,3,24,0,10,44,3,57,0,22,53,6,81,132,16,148,229
05/07/2022,FMN,NM,ASW,WE,Federal Contract Tower,0,12,0,0,12,0,3,25,0,28,0,15,25,0,40,28,0,28,68
05/08/2022,FMN,NM,ASW,WE,Federal Contract Tower,0,1,8,0,9,0,8,11,0,19,0,9,19,0,28,8,0,8,36
05/09/2022,FMN,NM,ASW,WE,Federal Contract Tower,0,8,4,4,16,0,14,24,6,44,0,22,28,10,60,12,0,12,72
05/10/2022,FMN,NM,ASW,WE,Federal Contract Tower,0,6,2,2,10,0,8,13,0,21,0,14,15,2,31,22,0,22,53
05/11/2022,FMN,NM,ASW,WE,Federal Contract Tower,0,5,3,0,8,0,4,18,8,30,0,9,21,8,38,76,0,76,114
05/12/2022,FMN,NM,ASW,WE,Federal Contract Tower,0,9,2,0,11,0,5,31,0,36,0,14,33,0,47,50,0,50,97
05/13/2022,FMN,NM,ASW,WE,Federal Contract Tower,0,5,6,0,11,0,16,37,0,53,0,21,43,0,64,60,0,60,124
05/14/2022,FMN,NM,ASW,WE,Federal Contract Tower,0,5,3,0,8,0,5,32,0,37,0,10,35,0,45,51,0,51,96
05/15/2022,FMN,NM,ASW,WE,Federal Contract Tower,0,5,2,0,7,0,5,28,2,35,0,10,30,2,42,40,0,40,82
05/16/2022,FMN,NM,ASW,WE,Federal Contract Tower,0,7,3,0,10,0,7,38,1,46,0,14,41,1,56,116,0,116,172
05/17/2022,FMN,NM,ASW,WE,Federal Contract Tower,0,9,1,0,10,0,11,54,0,65,0,20,55,0,75,86,0,86,161
05/18/2022,FMN,NM,ASW,WE,Federal Contract Tower,0,7,6,0,13,0,4,90,4,98,0,11,96,4,111,102,0,102,213
05/19/2022,FMN,NM,ASW,WE,Federal Contract Tower,0,6,2,0,8,0,3,23,8,34,0,9,25,8,42,24,0,24,66
05/20/2022,FMN,NM,ASW,WE,Federal Contract Tower,0,12,6,0,18,0,6,28,0,34,0,18,34,0,52,12,0,12,64
05/21/2022,FMN,NM,ASW,WE,Federal Contract Tower,0,7,6,0,13,0,11,37,0,48,0,18,43,0,61,60,0,60,121
05/22/2022,FMN,NM,ASW,WE,Federal Contract Tower,0,10,6,2,18,0,7,31,30,68,0,17,37,32,86,18,0,18,104
05/23/2022,FMN,NM,ASW,WE,Federal Contract Tower,0,3,1,0,4,0,8,34,2,44,0,11,35,2,48,50,0,50,98
05/24/2022,FMN,NM,ASW,WE,Federal Contract Tower,0,10,0,0,10,0,12,27,0,39,0,22,27,0,49,50,0,50,99
05/25/2022,FMN,NM,ASW,WE,Federal Contract Tower,0,8,3,0,11,0,4,25,0,29,0,12,28,0,40,64,0,64,104
05/26/2022,FMN,NM,ASW,WE,Federal Contract Tower,0,4,2,2,8,0,4,27,0,31,0,8,29,2,39,82,22,104,143
05/27/2022,FMN,NM,ASW,WE,Federal Contract Tower,0,7,9,0,16,0,12,43,0,55,0,19,52,0,71,48,0,48,119
05/28/2022,FMN,NM,ASW,WE,Federal Contract Tower,0,9,1,0,10,0,8,15,0,23,0,17,16,0,33,52,0,52,85
05/29/2022,FMN,NM,ASW,WE,Federal Contract Tower,0,4,4,0,8,0,0,24,0,24,0,4,28,0,32,12,0,12,44
05/30/2022,FMN,NM,ASW,WE,Federal Contract Tower,0,13,0,0,13,0,11,31,0,42,0,24,31,0,55,42,0,42,97
05/31/2022,FMN,NM,ASW,WE,Federal Contract Tower,0,4,8,0,12,0,9,27,3,39,0,13,35,3,51,58,25,83,134
06/01/2022,FMN,NM,ASW,WE,Federal Contract Tower,0,9,2,0,11,0,7,37,1,45,0,16,39,1,56,46,0,46,102
06/02/2022,FMN,NM,ASW,WE,Federal Contract Tower,0,7,0,0,7,0,7,30,0,37,0,14,30,0,44,56,0,56,100
06/03/2022,FMN,NM,ASW,WE,Federal Contract Tower,0,6,3,0,9,0,12,39,0,51,0,18,42,0,60,30,0,30,90
06/04/2022,FMN,NM,ASW,WE,Federal Contract Tower,0,3,1,0,4,0,9,36,0,45,0,12,37,0,49,106,0,106,155
06/05/2022,FMN,NM,ASW,WE,Federal Contract Tower,0,1,0,0,1,0,5,23,0,28,0,6,23,0,29,86,0,86,115
06/06/2022,FMN,NM,ASW,WE,Federal Contract Tower,0,5,2,2,9,0,9,28,0,37,0,14,30,2,46,66,0,66,112
06/07/2022,FMN,NM,ASW,WE,Federal Contract Tower,0,8,0,0,8,0,10,24,0,34,0,18,24,0,42,42,0,42,84
06/08/2022,FMN,NM,ASW,WE,Federal Contract Tower,0,11,2,0,13,0,5,48,0,53,0,16,50,0,66,100,0,100,166
06/09/2022,FMN,NM,ASW,WE,Federal Contract Tower,0,15,4,0,19,0,9,26,0,35,0,24,30,0,54,72,0,72,126
06/10/2022,FMN,NM,ASW,WE,Federal Contract Tower,0,6,2,1,9,0,15,38,1,54,0,21,40,2,63,88,0,88,151
06/11/2022,FMN,NM,ASW,WE,Federal Contract Tower,0,9,3,0,12,0,8,12,4,24,0,17,15,4,36,18,0,18,54
06/12/2022,FMN,NM,ASW,WE,Federal Contract Tower,0,9,2,1,12,0,12,29,0,41,0,21,31,1,53,80,0,80,133
06/13/2022,FMN,NM,ASW,WE,Federal Contract Tower,0,12,2,8,22,0,4,11,8,23,0,16,13,16,45,0,0,0,45
06/14/2022,FMN,NM,ASW,WE,Federal Contract Tower,0,8,2,0,10,0,6,51,8,65,0,14,53,8,75,46,0,46,121
06/15/2022,FMN,NM,ASW,WE,Federal Contract Tower,0,7,0,0,7,0,4,34,0,38,0,11,34,0,45,62,0,62,107
06/16/2022,FMN,NM,ASW,WE,Federal Contract Tower,0,8,0,3,11,0,8,21,3,32,0,16,21,6,43,34,0,34,77
06/17/2022,FMN,NM,ASW,WE,Federal Contract Tower,0,8,3,0,11,0,3,11,7,21,0,11,14,7,32,8,2,10,42
06/18/2022,FMN,NM,ASW,WE,Federal Contract Tower,0,6,1,0,7,0,2,13,0,15,0,8,14,0,22,68,0,68,90
06/19/2022,FMN,NM,ASW,WE,Federal Contract Tower,0,2,5,0,7,0,1,13,0,14,0,3,18,0,21,10,0,10,31
06/20/2022,FMN,NM,ASW,WE,Federal Contract Tower,0,7,0,0,7,0,5,49,0,54,0,12,49,0,61,112,0,112,173
06/21/2022,FMN,NM,ASW,WE,Federal Contract Tower,0,7,1,0,8,0,8,68,0,76,0,15,69,0,84,36,0,36,120
06/22/2022,FMN,NM,ASW,WE,Federal Contract Tower,0,10,3,0,13,0,8,17,0,25,0,18,20,0,38,32,0,32,70
06/23/2022,FMN,NM,ASW,WE,Federal Contract Tower,0,5,4,0,9,0,3,37,1,41,0,8,41,1,50,78,0,78,128
06/24/2022,FMN,NM,ASW,WE,Federal Contract Tower,0,10,3,2,15,0,6,43,0,49,0,16,46,2,64,70,0,70,134
06/25/2022,FMN,NM,ASW,WE,Federal Contract Tower,0,5,3,2,10,0,8,32,1,41,0,13,35,3,51,68,0,68,119
06/26/2022,FMN,NM,ASW,WE,Federal Contract Tower,0,5,0,0,5,0,2,12,0,14,0,7,12,0,19,10,0,10,29
06/27/2022,FMN,NM,ASW,WE,Federal Contract Tower,0,8,5,0,13,0,9,42,4,55,0,17,47,4,68,96,0,96,164
06/28/2022,FMN,NM,ASW,WE,Federal Contract Tower,0,11,2,0,13,0,16,49,0,65,0,27,51,0,78,42,0,42,120
06/29/2022,FMN,NM,ASW,WE,Federal Contract Tower,0,5,8,0,13,0,7,37,0,44,0,12,45,0,57,56,0,56,113
06/30/2022,FMN,NM,ASW,WE,Federal Contract Tower,0,7,4,10,21,0,5,29,0,34,0,12,33,10,55,52,0,52,107
07/01/2022,FMN,NM,ASW,WE,Federal Contract Tower,0,10,4,0,14,0,6,40,0,46,0,16,44,0,60,114,0,114,174
07/02/2022,FMN,NM,ASW,WE,Federal Contract Tower,0,5,2,0,7,0,5,31,0,36,0,10,33,0,43,86,0,86,129
07/03/2022,FMN,NM,ASW,WE,Federal Contract Tower,0,2,6,0,8,0,10,8,0,18,0,12,14,0,26,12,0,12,38
07/04/2022,FMN,NM,ASW,WE,Federal Contract Tower,0,6,4,0,10,0,1,24,0,25,0,7,28,0,35,47,0,47,82
07/05/2022,FMN,NM,ASW,WE,Federal Contract Tower,0,9,0,0,9,0,5,30,2,37,0,14,30,2,46,46,0,46,92
07/06/2022,FMN,NM,ASW,WE,Federal Contract Tower,0,8,3,0,11,0,6,52,3,61,0,14,55,3,72,66,48,114,186
07/07/2022,FMN,NM,ASW,WE,Federal Contract Tower,0,7,4,0,11,0,10,61,4,75,0,17,65,4,86,82,0,82,168
07/08/2022,FMN,NM,ASW,WE,Federal Contract Tower,0,7,2,0,9,0,8,33,1,42,0,15,35,1,51,37,0,37,88
07/09/2022,FMN,NM,ASW,WE,Federal Contract Tower,0,7,7,0,14,0,11,35,0,46,0,18,42,0,60,66,0,66,126
07/10/2022,FMN,NM,ASW,WE,Federal Contract Tower,0,6,1,0,7,0,3,33,0,36,0,9,34,0,43,86,0,86,129
07/11/2022,FMN,NM,ASW,WE,Federal Contract Tower,0,5,1,0,6,0,9,30,6,45,0,14,31,6,51,20,6,26,77
07/12/2022,FMN,NM,ASW,WE,Federal Contract Tower,0,9,2,0,11,0,5,40,0,45,0,14,42,0,56,76,0,76,132
07/13/2022,FMN,NM,ASW,WE,Federal Contract Tower,0,7,5,0,12,0,8,37,0,45,0,15,42,0,57,82,0,82,139
07/14/2022,FMN,NM,ASW,WE,Federal Contract Tower,0,6,1,0,7,0,4,36,0,40,0,10,37,0,47,84,0,84,131
07/15/2022,FMN,NM,ASW,WE,Federal Contract Tower,0,6,0,8,14,0,6,25,1,32,0,12,25,9,46,128,34,162,208
07/16/2022,FMN,NM,ASW,WE,Federal Contract Tower,0,9,1,0,10,0,3,25,0,28,0,12,26,0,38,134,0,134,172
07/17/2022,FMN,NM,ASW,WE,Federal Contract Tower,0,1,0,1,2,0,4,35,1,40,0,5,35,2,42,6,0,6,48
07/18/2022,FMN,NM,ASW,WE,Federal Contract Tower,0,4,0,0,4,0,10,35,0,45,0,14,35,0,49,38,0,38,87
07/19/2022,FMN,NM,ASW,WE,Federal Contract Tower,0,12,1,0,13,0,15,32,0,47,0,27,33,0,60,54,0,54,114
07/20/2022,FMN,NM,ASW,WE,Federal Contract Tower,0,8,2,0,10,0,4,27,0,31,0,12,29,0,41,66,0,66,107
07/21/2022,FMN,NM,ASW,WE,Federal Contract Tower,0,6,4,0,10,0,4,24,0,28,0,10,28,0,38,107,0,107,145
07/22/2022,FMN,NM,ASW,WE,Federal Contract Tower,0,12,0,0,12,0,4,34,0,38,0,16,34,0,50,50,0,50,100
07/23/2022,FMN,NM,ASW,WE,Federal Contract Tower,0,5,0,0,5,0,5,26,0,31,0,10,26,0,36,54,0,54,90
07/24/2022,FMN,NM,ASW,WE,Federal Contract Tower,0,8,0,0,8,0,1,13,0,14,0,9,13,0,22,18,0,18,40
07/25/2022,FMN,NM,ASW,WE,Federal Contract Tower,0,14,1,0,15,0,8,16,0,24,0,22,17,0,39,36,0,36,75
07/26/2022,FMN,NM,ASW,WE,Federal Contract Tower,0,11,1,0,12,0,10,24,0,34,0,21,25,0,46,62,0,62,108
07/27/2022,FMN,NM,ASW,WE,Federal Contract Tower,0,15,0,0,15,0,6,30,0,36,0,21,30,0,51,70,0,70,121
07/28/2022,FMN,NM,ASW,WE,Federal Contract Tower,0,6,8,0,14,0,3,57,0,60,0,9,65,0,74,64,0,64,138
07/29/2022,FMN,NM,ASW,WE,Federal Contract Tower,0,18,0,2,20,0,4,11,2,17,0,22,11,4,37,16,12,28,65
07/30/2022,FMN,NM,ASW,WE,Federal Contract Tower,0,10,1,0,11,0,2,29,1,32,0,12,30,1,43,34,0,34,77
07/31/2022,FMN,NM,ASW,WE,Federal Contract Tower,0,2,1,0,3,0,4,46,12,62,0,6,47,12,65,40,0,40,105
08/01/2022,FMN,NM,ASW,WE,Federal Contract Tower,0,4,2,0,6,0,21,30,0,51,0,25,32,0,57,38,0,38,95
08/02/2022,FMN,NM,ASW,WE,Federal Contract Tower,0,10,0,0,10,0,11,30,0,41,0,21,30,0,51,124,0,124,175
08/03/2022,FMN,NM,ASW,WE,Federal Contract Tower,0,7,4,0,11,0,3,29,0,32,0,10,33,0,43,72,0,72,115
08/04/2022,FMN,NM,ASW,WE,Federal Contract Tower,0,5,0,0,5,0,13,32,0,45,0,18,32,0,50,72,0,72,122
08/05/2022,FMN,NM,ASW,WE,Federal Contract Tower,0,7,2,0,9,0,4,41,0,45,0,11,43,0,54,46,0,46,100
08/06/2022,FMN,NM,ASW,WE,Federal Contract Tower,5,2,0,0,7,0,10,36,0,46,5,12,36,0,53,60,0,60,113
08/07/2022,FMN,NM,ASW,WE,Federal Contract Tower,0,5,0,0,5,0,9,27,0,36,0,14,27,0,41,54,0,54,95
08/08/2022,FMN,NM,ASW,WE,Federal Contract Tower,0,8,4,0,12,0,10,47,0,57,0,18,51,0,69,36,0,36,105
08/09/2022,FMN,NM,ASW,WE,Federal Contract Tower,0,10,1,0,11,0,17,64,0,81,0,27,65,0,92,120,0,120,212
08/10/2022,FMN,NM,ASW,WE,Federal Contract Tower,0,9,7,0,16,0,6,59,0,65,0,15,66,0,81,132,0,132,213
08/11/2022,FMN,NM,ASW,WE,Federal Contract Tower,0,5,1,0,6,0,12,62,0,74,0,17,63,0,80,76,0,76,156
08/12/2022,FMN,NM,ASW,WE,Federal Contract Tower,0,7,0,0,7,0,10,52,0,62,0,17,52,0,69,90,0,90,159
08/13/2022,FMN,NM,ASW,WE,Federal Contract Tower,0,7,0,0,7,0,4,44,4,52,0,11,44,4,59,148,0,148,207
08/14/2022,FMN,NM,ASW,WE,Federal Contract Tower,0,3,1,0,4,0,6,28,0,34,0,9,29,0,38,46,0,46,84
08/15/2022,FMN,NM,ASW,WE,Federal Contract Tower,0,9,2,0,11,0,18,44,0,62,0,27,46,0,73,80,0,80,153
08/16/2022,FMN,NM,ASW,WE,Federal Contract Tower,0,12,2,0,14,0,21,49,0,70,0,33,51,0,84,106,0,106,190
08/17/2022,FMN,NM,ASW,WE,Federal Contract Tower,0,6,7,0,13,0,8,45,0,53,0,14,52,0,66,96,0,96,162
08/18/2022,FMN,NM,ASW,WE,Federal Contract Tower,0,12,11,0,23,0,10,23,0,33,0,22,34,0,56,48,0,48,104
08/19/2022,FMN,NM,ASW,WE,Federal Contract Tower,0,7,3,0,10,0,12,26,2,40,0,19,29,2,50,116,0,116,166
08/20/2022,FMN,NM,ASW,WE,Federal Contract Tower,0,15,2,3,20,0,5,16,1,22,0,20,18,4,42,50,10,60,102
08/21/2022,FMN,NM,ASW,WE,Federal Contract Tower,0,5,3,0,8,0,13,39,0,52,0,18,42,0,60,68,0,68,128
08/22/2022,FMN,NM,ASW,WE,Federal Contract Tower,0,8,1,0,9,0,8,37,0,45,0,16,38,0,54,78,0,78,132
08/23/2022,FMN,NM,ASW,WE,Federal Contract Tower,0,7,5,0,12,0,4,37,1,42,0,11,42,1,54,86,0,86,140
08/24/2022,FMN,NM,ASW,WE,Federal Contract Tower,0,11,3,0,14,0,7,70,0,77,0,18,73,0,91,166,0,166,257
08/25/2022,FMN,NM,ASW,WE,Federal Contract Tower,0,8,0,4,12,0,6,40,0,46,0,14,40,4,58,108,0,108,166
08/26/2022,FMN,NM,ASW,WE,Federal Contract Tower,0,10,1,0,11,0,2,24,3,29,0,12,25,3,40,94,0,94,134
08/27/2022,FMN,NM,ASW,WE,Federal Contract Tower,0,7,0,0,7,0,2,39,3,44,0,9,39,3,51,178,0,178,229
08/28/2022,FMN,NM,ASW,WE,Federal Contract Tower,0,3,1,0,4,0,6,17,6,29,0,9,18,6,33,40,0,40,73
08/29/2022,FMN,NM,ASW,WE,Federal Contract Tower,0,11,2,0,13,0,6,31,44,81,0,17,33,44,94,114,0,114,208
08/30/2022,FMN,NM,ASW,WE,Federal Contract Tower,0,7,1,0,8,0,12,48,0,60,0,19,49,0,68,84,0,84,152
08/31/2022,FMN,NM,ASW,WE,Federal Contract Tower,0,12,0,0,12,0,5,64,3,72,0,17,64,3,84,130,0,130,214
09/01/2022,FMN,NM,ASW,WE,Federal Contract Tower,0,8,3,2,13,0,6,47,0,53,0,14,50,2,66,160,0,160,226
09/02/2022,FMN,NM,ASW,WE,Federal Contract Tower,0,7,6,0,13,0,7,47,0,54,0,14,53,0,67,76,0,76,143
09/03/2022,FMN,NM,ASW,WE,Federal Contract Tower,0,9,0,0,9,0,3,37,0,40,0,12,37,0,49,64,0,64,113
09/04/2022,FMN,NM,ASW,WE,Federal Contract Tower,0,10,2,0,12,0,11,30,0,41,0,21,32,0,53,136,0,136,189
09/05/2022,FMN,NM,ASW,WE,Federal Contract Tower,0,1,5,0,6,0,4,39,0,43,0,5,44,0,49,94,0,94,143
09/06/2022,FMN,NM,ASW,WE,Federal Contract Tower,0,7,4,0,11,0,13,52,0,65,0,20,56,0,76,64,0,64,140
09/07/2022,FMN,NM,ASW,WE,Federal Contract Tower,0,16,5,0,21,0,2,59,0,61,0,18,64,0,82,168,0,168,250
09/08/2022,FMN,NM,ASW,WE,Federal Contract Tower,0,14,12,0,26,0,14,42,3,59,0,28,54,3,85,168,0,168,253
09/09/2022,FMN,NM,ASW,WE,Federal Contract Tower,0,14,1,0,15,0,12,55,0,67,0,26,56,0,82,130,0,130,212
09/10/2022,FMN,NM,ASW,WE,Federal Contract Tower,0,11,4,0,15,0,7,64,0,71,0,18,68,0,86,152,0,152,238
09/11/2022,FMN,NM,ASW,WE,Federal Contract Tower,0,9,5,0,14,0,1,31,0,32,0,10,36,0,46,60,0,60,106
09/12/2022,FMN,NM,ASW,WE,Federal Contract Tower,0,14,6,0,20,0,20,32,1,53,0,34,38,1,73,124,6,130,203
09/13/2022,FMN,NM,ASW,WE,Federal Contract Tower,0,16,12,0,28,0,11,86,0,97,0,27,98,0,125,144,0,144,269
09/14/2022,FMN,NM,ASW,WE,Federal Contract Tower,0,18,7,0,25,0,9,36,2,47,0,27,43,2,72,18,0,18,90
09/15/2022,FMN,NM,ASW,WE,Federal Contract Tower,0,16,7,0,23,0,12,45,0,57,0,28,52,0,80,80,0,80,160
09/16/2022,FMN,NM,ASW,WE,Federal Contract Tower,0,12,5,0,17,0,14,45,0,59,0,26,50,0,76,90,0,90,166
09/17/2022,FMN,NM,ASW,WE,Federal Contract Tower,0,10,1,0,11,0,8,39,0,47,0,18,40,0,58,78,0,78,136
09/18/2022,FMN,NM,ASW,WE,Federal Contract Tower,0,2,5,0,7,0,5,27,0,32,0,7,32,0,39,54,0,54,93
09/19/2022,FMN,NM,ASW,WE,Federal Contract Tower,0,12,5,2,19,0,6,46,2,54,0,18,51,4,73,98,0,98,171
09/20/2022,FMN,NM,ASW,WE,Federal Contract Tower,0,6,5,0,11,0,1,36,0,37,0,7,41,0,48,76,0,76,124
09/21/2022,FMN,NM,ASW,WE,Federal Contract Tower,0,9,9,0,18,0,3,13,0,16,0,12,22,0,34,78,0,78,112
09/22/2022,FMN,NM,ASW,WE,Federal Contract Tower,0,6,6,0,12,0,10,21,0,31,0,16,27,0,43,18,0,18,61
09/23/2022,FMN,NM,ASW,WE,Federal Contract Tower,0,13,3,0,16,0,7,64,0,71,0,20,67,0,87,120,0,120,207
09/24/2022,FMN,NM,ASW,WE,Federal Contract Tower,0,9,1,1,11,0,4,55,2,61,0,13,56,3,72,106,0,106,178
09/25/2022,FMN,NM,ASW,WE,Federal Contract Tower,0,5,1,0,6,0,2,27,0,29,0,7,28,0,35,64,0,64,99
09/26/2022,FMN,NM,ASW,WE,Federal Contract Tower,0,7,4,2,13,0,8,59,0,67,0,15,63,2,80,142,0,142,222
09/27/2022,FMN,NM,ASW,WE,Federal Contract Tower,0,9,3,0,12,0,6,53,0,59,0,15,56,0,71,124,0,124,195
09/28/2022,FMN,NM,ASW,WE,Federal Contract Tower,0,9,6,0,15,0,10,57,0,67,0,19,63,0,82,166,0,166,248
09/29/2022,FMN,NM,ASW,WE,Federal Contract Tower,0,9,0,0,9,0,4,48,0,52,0,13,48,0,61,180,0,180,241
09/30/2022,FMN,NM,ASW,WE,Federal Contract Tower,0,11,3,0,14,0,6,40,0,46,0,17,43,0,60,132,0,132,192
10/01/2022,FMN,NM,ASW,WE,Federal Contract Tower,0,5,1,0,6,0,5,43,0,48,0,10,44,0,54,36,0,36,90
10/02/2022,FMN,NM,ASW,WE,Federal Contract Tower,0,6,6,1,13,0,1,10,0,11,0,7,16,1,24,40,18,58,82
10/03/2022,FMN,NM,ASW,WE,Federal Contract Tower,0,9,4,0,13,0,7,44,0,51,0,16,48,0,64,148,0,148,212
10/04/2022,FMN,NM,ASW,WE,Federal Contract Tower,0,10,8,0,18,0,21,60,0,81,0,31,68,0,99,96,0,96,195
10/05/2022,FMN,NM,ASW,WE,Federal Contract Tower,0,10,2,0,12,0,14,29,0,43,0,24,31,0,55,188,0,188,243
10/06/2022,FMN,NM,ASW,WE,Federal Contract Tower,0,8,1,0,9,0,7,46,0,53,0,15,47,0,62,58,0,58,120
10/07/2022,FMN,NM,ASW,WE,Federal Contract Tower,0,11,7,0,18,0,6,49,0,55,0,17,56,0,73,192,0,192,265
10/08/2022,FMN,NM,ASW,WE,Federal Contract Tower,0,6,6,0,12,0,2,40,0,42,0,8,46,0,54,146,0,146,200
10/09/2022,FMN,NM,ASW,WE,Federal Contract Tower,0,2,2,0,4,0,4,33,0,37,0,6,35,0,41,100,0,100,141
10/10/2022,FMN,NM,ASW,WE,Federal Contract Tower,0,7,4,0,11,0,9,36,0,45,0,16,40,0,56,72,0,72,128
10/11/2022,FMN,NM,ASW,WE,Federal Contract Tower,0,8,6,1,15,0,7,60,2,69,0,15,66,3,84,100,44,144,228
10/12/2022,FMN,NM,ASW,WE,Federal Contract Tower,0,11,2,0,13,0,7,49,0,56,0,18,51,0,69,219,0,219,288
10/13/2022,FMN,NM,ASW,WE,Federal Contract Tower,0,8,3,0,11,0,12,51,6,69,0,20,54,6,80,242,6,248,328
10/14/2022,FMN,NM,ASW,WE,Federal Contract Tower,0,11,4,0,15,0,7,41,0,48,0,18,45,0,63,74,0,74,137
10/15/2022,FMN,NM,ASW,WE,Federal Contract Tower,0,12,5,0,17,0,4,40,0,44,0,16,45,0,61,134,0,134,195
10/16/2022,FMN,NM,ASW,WE,Federal Contract Tower,0,8,2,0,10,0,0,6,0,6,0,8,8,0,16,70,0,70,86
10/17/2022,FMN,NM,ASW,WE,Federal Contract Tower,0,17,1,4,22,0,8,39,0,47,0,25,40,4,69,78,0,78,147
10/18/2022,FMN,NM,ASW,WE,Federal Contract Tower,0,4,4,0,8,0,4,49,1,54,0,8,53,1,62,122,0,122,184
10/19/2022,FMN,NM,ASW,WE,Federal Contract Tower,0,7,1,0,8,0,4,72,2,78,0,11,73,2,86,190,0,190,276
10/20/2022,FMN,NM,ASW,WE,Federal Contract Tower,0,11,0,0,11,0,17,52,0,69,0,28,52,0,80,190,0,190,270
10/21/2022,FMN,NM,ASW,WE,Federal Contract Tower,0,9,6,0,15,0,6,50,0,56,0,15,56,0,71,318,0,318,389
10/22/2022,FMN,NM,ASW,WE,Federal Contract Tower,0,11,5,0,16,0,6,29,0,35,0,17,34,0,51,96,0,96,147
10/23/2022,FMN,NM,ASW,WE,Federal Contract Tower,0,7,2,0,9,0,0,0,0,0,0,7,2,0,9,0,0,0,9
10/24/2022,FMN,NM,ASW,WE,Federal Contract Tower,0,4,6,0,10,0,1,15,0,16,0,5,21,0,26,0,0,0,26
10/25/2022,FMN,NM,ASW,WE,Federal Contract Tower,0,9,5,0,14,0,4,49,0,53,0,13,54,0,67,82,0,82,149
10/26/2022,FMN,NM,ASW,WE,Federal Contract Tower,0,11,4,2,17,0,7,39,0,46,0,18,43,2,63,96,0,96,159
10/27/2022,FMN,NM,ASW,WE,Federal Contract Tower,0,9,6,0,15,0,5,6,0,11,0,14,12,0,26,0,0,0,26
10/28/2022,FMN,NM,ASW,WE,Federal Contract Tower,0,7,3,0,10,0,11,53,0,64,0,18,56,0,74,176,0,176,250
10/29/2022,FMN,NM,ASW,WE,Federal Contract Tower,0,9,4,0,13,0,11,43,0,54,0,20,47,0,67,124,0,124,191
10/30/2022,FMN,NM,ASW,WE,Federal Contract Tower,0,9,1,0,10,0,10,43,0,53,0,19,44,0,63,176,0,176,239
10/31/2022,FMN,NM,ASW,WE,Federal Contract Tower,0,3,1,0,4,0,9,38,0,47,0,12,39,0,51,108,0,108,159
11/01/2022,FMN,NM,ASW,WE,Federal Contract Tower,0,9,2,0,11,0,12,44,0,56,0,21,46,0,67,204,0,204,271
11/02/2022,FMN,NM,ASW,WE,Federal Contract Tower,0,5,6,4,15,0,6,26,2,34,0,11,32,6,49,72,16,88,137
11/03/2022,FMN,NM,ASW,WE,Federal Contract Tower,0,10,7,0,17,0,0,2,0,2,0,10,9,0,19,0,0,0,19
11/04/2022,FMN,NM,ASW,WE,Federal Contract Tower,0,10,8,0,18,0,4,8,0,12,0,14,16,0,30,0,0,0,30
11/05/2022,FMN,NM,ASW,WE,Federal Contract Tower,0,6,6,0,12,0,2,35,0,37,0,8,41,0,49,50,0,50,99
11/06/2022,FMN,NM,ASW,WE,Federal Contract Tower,0,2,0,0,2,0,7,44,0,51,0,9,44,0,53,54,0,54,107
11/07/2022,FMN,NM,ASW,WE,Federal Contract Tower,0,6,5,0,11,0,10,22,0,32,0,16,27,0,43,18,0,18,61
11/08/2022,FMN,NM,ASW,WE,Federal Contract Tower,0,6,1,0,7,0,7,37,6,50,0,13,38,6,57,74,0,74,131
11/09/2022,FMN,NM,ASW,WE,Federal Contract Tower,0,10,6,0,16,0,3,10,0,13,0,13,16,0,29,38,0,38,67
11/10/2022,FMN,NM,ASW,WE,Federal Contract Tower,0,8,2,0,10,0,4,35,1,40,0,12,37,1,50,62,0,62,112
11/11/2022,FMN,NM,ASW,WE,Federal Contract Tower,0,12,4,0,16,0,16,41,8,65,0,28,45,8,81,134,0,134,215
11/12/2022,FMN,NM,ASW,WE,Federal Contract Tower,0,8,0,0,8,0,3,48,0,51,0,11,48,0,59,76,0,76,135
11/13/2022,FMN,NM,ASW,WE,Federal Contract Tower,0,5,4,0,9,0,4,43,0,47,0,9,47,0,56,136,0,136,192
11/14/2022,FMN,NM,ASW,WE,Federal Contract Tower,0,11,0,2,13,0,4,24,1,29,0,15,24,3,42,0,8,8,50
11/15/2022,FMN,NM,ASW,WE,Federal Contract Tower,0,6,6,0,12,0,2,29,0,31,0,8,35,0,43,12,0,12,55
11/16/2022,FMN,NM,ASW,WE,Federal Contract Tower,0,10,2,0,12,0,5,46,0,51,0,15,48,0,63,76,0,76,139
11/17/2022,FMN,NM,ASW,WE,Federal Contract Tower,0,11,2,0,13,0,11,38,0,49,0,22,40,0,62,168,0,168,230
11/18/2022,FMN,NM,ASW,WE,Federal Contract Tower,0,9,3,0,12,0,4,19,0,23,0,13,22,0,35,88,0,88,123
11/19/2022,FMN,NM,ASW,WE,Federal Contract Tower,0,4,1,0,5,0,3,46,0,49,0,7,47,0,54,104,0,104,158
11/20/2022,FMN,NM,ASW,WE,Federal Contract Tower,0,4,0,0,4,0,5,20,0,25,0,9,20,0,29,68,0,68,97
11/21/2022,FMN,NM,ASW,WE,Federal Contract Tower,0,7,4,0,11,0,6,40,0,46,0,13,44,0,57,50,0,50,107
11/22/2022,FMN,NM,ASW,WE,Federal Contract Tower,0,7,3,1,11,0,8,52,1,61,0,15,55,2,72,126,3,129,201
11/23/2022,FMN,NM,ASW,WE,Federal Contract Tower,0,11,6,0,17,0,4,41,0,45,0,15,47,0,62,80,0,80,142
11/24/2022,FMN,NM,ASW,WE,Federal Contract Tower,0,8,1,0,9,0,2,6,0,8,0,10,7,0,17,0,0,0,17
11/25/2022,FMN,NM,ASW,WE,Federal Contract Tower,0,5,2,0,7,0,7,27,0,34,0,12,29,0,41,74,0,74,115
11/26/2022,FMN,NM,ASW,WE,Federal Contract Tower,0,6,1,0,7,0,2,24,0,26,0,8,25,0,33,166,0,166,199
11/27/2022,FMN,NM,ASW,WE,Federal Contract Tower,0,5,7,0,12,0,5,7,0,12,0,10,14,0,24,10,0,10,34
11/28/2022,FMN,NM,ASW,WE,Federal Contract Tower,0,6,0,0,6,0,4,29,0,33,0,10,29,0,39,44,0,44,83
11/29/2022,FMN,NM,ASW,WE,Federal Contract Tower,0,11,4,0,15,0,10,22,2,34,0,21,26,2,49,28,0,28,77
11/30/2022,FMN,NM,ASW,WE,Federal Contract Tower,0,6,6,0,12,0,9,46,3,58,0,15,52,3,70,158,0,158,228
12/01/2022,FMN,NM,ASW,WE,Federal Contract Tower,0,4,1,0,5,0,3,21,0,24,0,7,22,0,29,76,0,76,105
12/02/2022,FMN,NM,ASW,WE,Federal Contract Tower,0,9,3,0,12,0,10,7,0,17,0,19,10,0,29,8,0,8,37
12/03/2022,FMN,NM,ASW,WE,Federal Contract Tower,0,8,0,0,8,0,10,20,0,30,0,18,20,0,38,144,0,144,182
12/04/2022,FMN,NM,ASW,WE,Federal Contract Tower,0,1,7,0,8,0,0,22,0,22,0,1,29,0,30,22,0,22,52
12/05/2022,FMN,NM,ASW,WE,Federal Contract Tower,0,4,4,0,8,0,5,25,0,30,0,9,29,0,38,108,0,108,146
12/06/2022,FMN,NM,ASW,WE,Federal Contract Tower,0,8,8,1,17,0,5,42,1,48,0,13,50,2,65,92,3,95,160
12/07/2022,FMN,NM,ASW,WE,Federal Contract Tower,0,5,8,0,13,0,6,20,0,26,0,11,28,0,39,56,0,56,95
12/08/2022,FMN,NM,ASW,WE,Federal Contract Tower,0,14,7,4,25,0,5,37,4,46,0,19,44,8,71,106,36,142,213
12/09/2022,FMN,NM,ASW,WE,Federal Contract Tower,0,15,7,0,22,0,5,49,2,56,0,20,56,2,78,164,0,164,242
12/10/2022,FMN,NM,ASW,WE,Federal Contract Tower,0,11,4,0,15,0,5,38,2,45,0,16,42,2,60,174,0,174,234
12/11/2022,FMN,NM,ASW,WE,Federal Contract Tower,0,2,5,2,9,0,2,14,2,18,0,4,19,4,27,66,8,74,101
12/12/2022,FMN,NM,ASW,WE,Federal Contract Tower,0,10,1,0,11,0,2,0,0,2,0,12,1,0,13,0,0,0,13
12/13/2022,FMN,NM,ASW,WE,Federal Contract Tower,0,10,4,6,20,0,3,59,3,65,0,13,63,9,85,56,8,64,149
12/14/2022,FMN,NM,ASW,WE,Federal Contract Tower,0,5,3,4,12,0,2,21,1,24,0,7,24,5,36,40,0,40,76
12/15/2022,FMN,NM,ASW,WE,Federal Contract Tower,0,8,2,0,10,0,7,16,3,26,0,15,18,3,36,120,0,120,156
12/16/2022,FMN,NM,ASW,WE,Federal Contract Tower,0,7,4,7,18,0,9,33,2,44,0,16,37,9,62,60,16,76,138
12/17/2022,FMN,NM,ASW,WE,Federal Contract Tower,0,10,3,2,15,0,7,84,2,93,0,17,87,4,108,142,20,162,270
12/18/2022,FMN,NM,ASW,WE,Federal Contract Tower,0,5,7,0,12,0,2,35,0,37,0,7,42,0,49,164,0,164,213
12/19/2022,FMN,NM,ASW,WE,Federal Contract Tower,0,1,10,0,11,0,2,36,0,38,0,3,46,0,49,80,0,80,129
12/20/2022,FMN,NM,ASW,WE,Federal Contract Tower,0,10,4,2,16,0,10,56,0,66,0,20,60,2,82,44,48,92,174
12/21/2022,FMN,NM,ASW,WE,Federal Contract Tower,0,8,3,0,11,0,6,33,2,41,0,14,36,2,52,102,0,102,154
12/22/2022,FMN,NM,ASW,WE,Federal Contract Tower,0,6,1,2,9,0,8,18,0,26,0,14,19,2,35,20,0,20,55
12/23/2022,FMN,NM,ASW,WE,Federal Contract Tower,0,7,5,0,12,0,7,22,0,29,0,14,27,0,41,92,0,92,133
12/24/2022,FMN,NM,ASW,WE,Federal Contract Tower,0,14,5,0,19,0,4,32,0,36,0,18,37,0,55,58,0,58,113
12/25/2022,FMN,NM,ASW,WE,Federal Contract Tower,0,5,1,0,6,0,4,5,0,9,0,9,6,0,15,0,0,0,15
12/26/2022,FMN,NM,ASW,WE,Federal Contract Tower,0,7,7,0,14,0,4,26,0,30,0,11,33,0,44,12,0,12,56
12/27/2022,FMN,NM,ASW,WE,Federal Contract Tower,0,5,5,0,10,0,6,25,29,60,0,11,30,29,70,100,0,100,170
12/28/2022,FMN,NM,ASW,WE,Federal Contract Tower,0,14,7,0,21,0,0,0,0,0,0,14,7,0,21,0,0,0,21
12/29/2022,FMN,NM,ASW,WE,Federal Contract Tower,0,7,2,0,9,0,11,13,0,24,0,18,15,0,33,0,0,0,33
12/30/2022,FMN,NM,ASW,WE,Federal Contract Tower,0,10,4,0,14,0,0,4,0,4,0,10,8,0,18,12,0,12,30
12/31/2022,FMN,NM,ASW,WE,Federal Contract Tower,0,9,2,0,11,0,3,17,0,20,0,12,19,0,31,0,0,0,31
01/01/2023,FMN,NM,ASW,WE,Federal Contract Tower,0,1,4,0,5,0,0,4,0,4,0,1,8,0,9,12,0,12,21
01/02/2023,FMN,NM,ASW,WE,Federal Contract Tower,0,5,2,0,7,0,0,0,0,0,0,5,2,0,7,0,0,0,7
01/03/2023,FMN,NM,ASW,WE,Federal Contract Tower,0,9,3,0,12,0,1,0,0,1,0,10,3,0,13,0,0,0,13
01/04/2023,FMN,NM,ASW,WE,Federal Contract Tower,0,6,2,0,8,0,8,37,0,45,0,14,39,0,53,144,0,144,197
01/05/2023,FMN,NM,ASW,WE,Federal Contract Tower,0,7,1,2,10,0,6,27,2,35,0,13,28,4,45,56,0,56,101
01/06/2023,FMN,NM,ASW,WE,Federal Contract Tower,0,6,3,0,9,0,16,13,0,29,0,22,16,0,38,20,0,20,58
01/07/2023,FMN,NM,ASW,WE,Federal Contract Tower,0,7,1,0,8,0,6,34,0,40,0,13,35,0,48,96,0,96,144
01/08/2023,FMN,NM,ASW,WE,Federal Contract Tower,0,2,4,2,8,0,31,49,0,80,0,33,53,2,88,64,0,64,152
01/09/2023,FMN,NM,ASW,WE,Federal Contract Tower,0,6,1,0,7,0,12,30,0,42,0,18,31,0,49,130,0,130,179
01/10/2023,FMN,NM,ASW,WE,Federal Contract Tower,0,9,2,0,11,0,22,34,0,56,0,31,36,0,67,82,0,82,149
01/11/2023,FMN,NM,ASW,WE,Federal Contract Tower,0,14,2,0,16,0,57,17,0,74,0,71,19,0,90,38,0,38,128
01/12/2023,FMN,NM,ASW,WE,Federal Contract Tower,0,5,6,0,11,0,10,47,0,57,0,15,53,0,68,174,0,174,242
01/13/2023,FMN,NM,ASW,WE,Federal Contract Tower,0,7,2,0,9,0,10,28,0,38,0,17,30,0,47,150,0,150,197
01/14/2023,FMN,NM,ASW,WE,Federal Contract Tower,0,7,6,1,14,0,7,39,0,46,0,14,45,1,60,152,0,152,212
01/15/2023,FMN,NM,ASW,WE,Federal Contract Tower,0,7,2,0,9,0,0,0,0,0,0,7,2,0,9,0,0,0,9
01/16/2023,FMN,NM,ASW,WE,Federal Contract Tower,0,9,4,0,13,0,0,1,0,1,0,9,5,0,14,16,0,16,30
01/17/2023,FMN,NM,ASW,WE,Federal Contract Tower,0,11,8,0,19,0,1,0,0,1,0,12,8,0,20,0,0,0,20
01/18/2023,FMN,NM,ASW,WE,Federal Contract Tower,0,7,3,2,12,0,2,8,0,10,0,9,11,2,22,0,0,0,22
01/19/2023,FMN,NM,ASW,WE,Federal Contract Tower,0,5,8,1,14,0,7,34,0,41,0,12,42,1,55,140,0,140,195
01/20/2023,FMN,NM,ASW,WE,Federal Contract Tower,0,11,5,0,16,0,0,2,0,2,0,11,7,0,18,0,0,0,18
01/21/2023,FMN,NM,ASW,WE,Federal Contract Tower,0,7,1,0,8,0,7,18,0,25,0,14,19,0,33,44,0,44,77
01/22/2023,FMN,NM,ASW,WE,Federal Contract Tower,0,2,2,0,4,0,4,27,5,36,0,6,29,5,40,104,48,152,192
01/23/2023,FMN,NM,ASW,WE,Federal Contract Tower,0,10,2,0,12,0,4,9,0,13,0,14,11,0,25,20,0,20,45
01/24/2023,FMN,NM,ASW,WE,Federal Contract Tower,0,5,3,0,8,0,10,0,1,11,0,15,3,1,19,0,0,0,19
01/25/2023,FMN,NM,ASW,WE,Federal Contract Tower,0,6,5,0,11,0,1,21,1,23,0,7,26,1,34,128,0,128,162
01/26/2023,FMN,NM,ASW,WE,Federal Contract Tower,0,10,5,0,15,0,21,59,0,80,0,31,64,0,95,208,0,208,303
01/27/2023,FMN,NM,ASW,WE,Federal Contract Tower,0,9,3,1,13,0,9,40,8,57,0,18,43,9,70,178,12,190,260
01/28/2023,FMN,NM,ASW,WE,Federal Contract Tower,0,10,1,0,11,0,7,39,0,46,0,17,40,0,57,142,0,142,199
01/29/2023,FMN,NM,ASW,WE,Federal Contract Tower,0,4,8,6,18,0,5,34,4,43,0,9,42,10,61,184,16,200,261
01/30/2023,FMN,NM,ASW,WE,Federal Contract Tower,0,11,1,0,12,0,11,16,0,27,0,22,17,0,39,88,0,88,127
01/31/2023,FMN,NM,ASW,WE,Federal Contract Tower,0,10,5,2,17,0,4,37,0,41,0,14,42,2,58,28,0,28,86
02/01/2023,FMN,NM,ASW,WE,Federal Contract Tower,0,5,4,0,9,0,4,51,0,55,0,9,55,0,64,74,0,74,138
02/02/2023,FMN,NM,ASW,WE,Federal Contract Tower,0,6,2,0,8,0,13,32,2,47,0,19,34,2,55,154,0,154,209
02/03/2023,FMN,NM,ASW,WE,Federal Contract Tower,0,9,5,0,14,0,12,44,0,56,0,21,49,0,70,176,0,176,246
02/04/2023,FMN,NM,ASW,WE,Federal Contract Tower,0,4,0,0,4,0,4,33,0,37,0,8,33,0,41,180,0,180,221
02/05/2023,FMN,NM,ASW,WE,Federal Contract Tower,0,1,4,0,5,0,5,38,0,43,0,6,42,0,48,112,0,112,160
02/06/2023,FMN,NM,ASW,WE,Federal Contract Tower,0,6,2,0,8,0,14,10,1,25,0,20,12,1,33,116,0,116,149
02/07/2023,FMN,NM,ASW,WE,Federal Contract Tower,0,8,3,0,11,0,14,38,0,52,0,22,41,0,63,118,0,118,181
02/08/2023,FMN,NM,ASW,WE,Federal Contract Tower,0,14,5,0,19,0,6,30,4,40,0,20,35,4,59,152,0,152,211
02/09/2023,FMN,NM,ASW,WE,Federal Contract Tower,0,9,0,2,11,0,7,14,8,29,0,16,14,10,40,62,22,84,124
02/10/2023,FMN,NM,ASW,WE,Federal Contract Tower,0,12,2,1,15,0,25,56,3,84,0,37,58,4,99,132,0,132,231
02/11/2023,FMN,NM,ASW,WE,Federal Contract Tower,0,4,0,0,4,0,3,40,0,43,0,7,40,0,47,146,0,146,193
02/12/2023,FMN,NM,ASW,WE,Federal Contract Tower,0,8,3,0,11,0,5,38,0,43,0,13,41,0,54,154,0,154,208
02/13/2023,FMN,NM,ASW,WE,Federal Contract Tower,0,10,0,0,10,0,3,10,0,13,0,13,10,0,23,18,0,18,41
02/14/2023,FMN,NM,ASW,WE,Federal Contract Tower,0,10,4,0,14,0,0,0,0,0,0,10,4,0,14,0,0,0,14
02/15/2023,FMN,NM,ASW,WE,Federal Contract Tower,0,17,9,0,26,0,0,0,0,0,0,17,9,0,26,0,0,0,26
02/16/2023,FMN,NM,ASW,WE,Federal Contract Tower,0,8,2,0,10,0,18,45,2,65,0,26,47,2,75,148,0,148,223
02/17/2023,FMN,NM,ASW,WE,Federal Contract Tower,0,10,3,0,13,0,11,31,2,44,0,21,34,2,57,94,0,94,151
02/18/2023,FMN,NM,ASW,WE,Federal Contract Tower,0,9,2,0,11,0,3,40,0,43,0,12,42,0,54,238,0,238,292
02/19/2023,FMN,NM,ASW,WE,Federal Contract Tower,0,2,2,2,6,0,0,41,0,41,0,2,43,2,47,138,0,138,185
02/20/2023,FMN,NM,ASW,WE,Federal Contract Tower,0,5,10,0,15,1,5,25,0,31,1,10,35,0,46,36,0,36,82
02/21/2023,FMN,NM,ASW,WE,Federal Contract Tower,0,11,1,1,13,0,32,38,1,71,0,43,39,2,84,122,0,122,206
02/22/2023,FMN,NM,ASW,WE,Federal Contract Tower,0,2,4,0,6,0,2,0,0,2,0,4,4,0,8,4,0,4,12
02/23/2023,FMN,NM,ASW,WE,Federal Contract Tower,0,10,7,2,19,0,0,5,0,5,0,10,12,2,24,24,0,24,48
02/24/2023,FMN,NM,ASW,WE,Federal Contract Tower,0,10,2,0,12,0,7,25,6,38,0,17,27,6,50,96,0,96,146
02/25/2023,FMN,NM,ASW,WE,Federal Contract Tower,0,11,1,0,12,0,4,58,0,62,0,15,59,0,74,148,0,148,222
02/26/2023,FMN,NM,ASW,WE,Federal Contract Tower,0,5,3,2,10,0,1,1,0,2,0,6,4,2,12,12,0,12,24
02/27/2023,FMN,NM,ASW,WE,Federal Contract Tower,0,7,3,0,10,0,7,49,0,56,0,14,52,0,66,108,0,108,174
02/28/2023,FMN,NM,ASW,WE,Federal Contract Tower,0,8,3,0,11,0,21,4,0,25,0,29,7,0,36,0,0,0,36
03/01/2023,FMN,NM,ASW,WE,Federal Contract Tower,0,8,6,0,14,0,0,8,0,8,0,8,14,0,22,0,0,0,22
03/02/2023,FMN,NM,ASW,WE,Federal Contract Tower,0,7,3,0,10,0,1,11,0,12,0,8,14,0,22,34,0,34,56
03/03/2023,FMN,NM,ASW,WE,Federal Contract Tower,0,4,9,0,13,0,8,53,5,66,0,12,62,5,79,138,12,150,229
03/04/2023,FMN,NM,ASW,WE,Federal Contract Tower,0,3,4,0,7,0,4,37,0,41,0,7,41,0,48,132,0,132,180
03/05/2023,FMN,NM,ASW,WE,Federal Contract Tower,0,4,3,0,7,0,2,19,0,21,0,6,22,0,28,78,0,78,106
03/06/2023,FMN,NM,ASW,WE,Federal Contract Tower,0,4,9,0,13,0,4,51,0,55,0,8,60,0,68,38,0,38,106
03/07/2023,FMN,NM,ASW,WE,Federal Contract Tower,0,7,2,0,9,0,8,34,0,42,0,15,36,0,51,134,0,134,185
03/08/2023,FMN,NM,ASW,WE,Federal Contract Tower,0,8,7,2,17,0,5,25,0,30,0,13,32,2,47,92,0,92,139
03/09/2023,FMN,NM,ASW,WE,Federal Contract Tower,0,8,4,0,12,0,4,64,0,68,0,12,68,0,80,163,0,163,243
03/10/2023,FMN,NM,ASW,WE,Federal Contract Tower,0,5,7,0,12,0,3,13,0,16,0,8,20,0,28,28,0,28,56
03/11/2023,FMN,NM,ASW,WE,Federal Contract Tower,0,9,2,0,11,0,0,12,0,12,0,9,14,0,23,0,0,0,23
03/12/2023,FMN,NM,ASW,WE,Federal Contract Tower,0,2,7,0,9,0,5,20,2,27,0,7,27,2,36,44,0,44,80
03/13/2023,FMN,NM,ASW,WE,Federal Contract Tower,0,7,13,0,20,0,4,59,0,63,0,11,72,0,83,110,0,110,193
03/14/2023,FMN,NM,ASW,WE,Federal Contract Tower,0,7,6,1,14,0,5,51,3,59,0,12,57,4,73,56,0,56,129
03/15/2023,FMN,NM,ASW,WE,Federal Contract Tower,0,12,5,0,17,0,1,8,0,9,0,13,13,0,26,8,0,8,34
03/16/2023,FMN,NM,ASW,WE,Federal Contract Tower,0,7,4,0,11,0,3,3,0,6,0,10,7,0,17,0,0,0,17
03/17/2023,FMN,NM,ASW,WE,Federal Contract Tower,0,7,7,0,14,0,8,24,3,35,0,15,31,3,49,50,0,50,99
03/18/2023,FMN,NM,ASW,WE,Federal Contract Tower,0,12,4,0,16,0,1,33,0,34,0,13,37,0,50,56,0,56,106
03/19/2023,FMN,NM,ASW,WE,Federal Contract Tower,0,3,6,0,9,0,2,35,1,38,0,5,41,1,47,76,0,76,123
03/20/2023,FMN,NM,ASW,WE,Federal Contract Tower,0,3,6,0,9,0,1,6,0,7,0,4,12,0,16,0,0,0,16
03/21/2023,FMN,NM,ASW,WE,Federal Contract Tower,0,9,5,0,14,0,0,2,0,2,0,9,7,0,16,0,0,0,16
03/22/2023,FMN,NM,ASW,WE,Federal Contract Tower,0,13,6,0,19,0,2,6,0,8,0,15,12,0,27,0,0,0,27
03/23/2023,FMN,NM,ASW,WE,Federal Contract Tower,0,10,0,0,10,0,5,29,0,34,0,15,29,0,44,174,0,174,218
03/24/2023,FMN,NM,ASW,WE,Federal Contract Tower,0,11,3,0,14,0,2,6,0,8,0,13,9,0,22,6,0,6,28
03/25/2023,FMN,NM,ASW,WE,Federal Contract Tower,0,10,5,0,15,0,5,31,1,37,0,15,36,1,52,120,0,120,172
03/26/2023,FMN,NM,ASW,WE,Federal Contract Tower,0,4,2,0,6,0,3,55,3,61,0,7,57,3,67,178,20,198,265
03/27/2023,FMN,NM,ASW,WE,Federal Contract Tower,0,2,1,0,3,0,3,16,0,19,0,5,17,0,22,46,0,46,68
03/28/2023,FMN,NM,ASW,WE,Federal Contract Tower,0,6,1,0,7,0,2,46,0,48,0,8,47,0,55,154,0,154,209
03/29/2023,FMN,NM,ASW,WE,Federal Contract Tower,0,5,5,0,10,0,2,45,0,47,0,7,50,0,57,152,0,152,209
03/30/2023,FMN,NM,ASW,WE,Federal Contract Tower,0,10,7,3,20,0,1,11,1,13,0,11,18,4,33,56,0,56,89
03/31/2023,FMN,NM,ASW,WE,Federal Contract Tower,0,7,3,0,10,0,0,21,0,21,0,7,24,0,31,66,0,66,97
04/01/2023,FMN,NM,ASW,WE,Federal Contract Tower,0,6,0,1,7,0,3,69,0,72,0,9,69,1,79,252,0,252,331
04/02/2023,FMN,NM,ASW,WE,Federal Contract Tower,0,7,1,1,9,0,4,40,2,46,0,11,41,3,55,96,0,96,151
04/03/2023,FMN,NM,ASW,WE,Federal Contract Tower,0,8,1,0,9,0,6,13,0,19,0,14,14,0,28,90,0,90,118
04/04/2023,FMN,NM,ASW,WE,Federal Contract Tower,0,7,5,0,12,0,2,6,0,8,0,9,11,0,20,10,0,10,30
04/05/2023,FMN,NM,ASW,WE,Federal Contract Tower,0,7,5,0,12,0,1,50,0,51,0,8,55,0,63,112,0,112,175
04/06/2023,FMN,NM,ASW,WE,Federal Contract Tower,0,3,4,0,7,0,3,56,0,59,0,6,60,0,66,208,0,208,274
04/07/2023,FMN,NM,ASW,WE,Federal Contract Tower,0,12,6,0,18,0,17,43,2,62,0,29,49,2,80,146,0,146,226
04/08/2023,FMN,NM,ASW,WE,Federal Contract Tower,0,10,1,0,11,0,5,26,0,31,0,15,27,0,42,112,0,112,154
04/09/2023,FMN,NM,ASW,WE,Federal Contract Tower,0,6,1,0,7,0,7,31,0,38,0,13,32,0,45,94,0,94,139
04/10/2023,FMN,NM,ASW,WE,Federal Contract Tower,0,6,5,0,11,0,3,44,0,47,0,9,49,0,58,74,0,74,132
04/11/2023,FMN,NM,ASW,WE,Federal Contract Tower,0,8,4,2,14,0,1,43,0,44,0,9,47,2,58,110,0,110,168
04/12/2023,FMN,NM,ASW,WE,Federal Contract Tower,0,7,3,0,10,0,2,30,0,32,0,9,33,0,42,60,0,60,102
04/13/2023,FMN,NM,ASW,WE,Federal Contract Tower,0,12,0,0,12,0,0,13,0,13,0,12,13,0,25,66,0,66,91
04/14/2023,FMN,NM,ASW,WE,Federal Contract Tower,0,5,2,0,7,0,1,13,0,14,0,6,15,0,21,32,0,32,53
04/15/2023,FMN,NM,ASW,WE,Federal Contract Tower,0,10,3,2,15,0,2,23,0,25,0,12,26,2,40,18,0,18,58
04/16/2023,FMN,NM,ASW,WE,Federal Contract Tower,0,5,3,0,8,0,0,22,0,22,0,5,25,0,30,58,0,58,88
04/17/2023,FMN,NM,ASW,WE,Federal Contract Tower,0,8,4,0,12,0,14,41,0,55,0,22,45,0,67,166,0,166,233
04/18/2023,FMN,NM,ASW,WE,Federal Contract Tower,0,6,6,0,12,0,5,32,0,37,0,11,38,0,49,66,0,66,115
04/19/2023,FMN,NM,ASW,WE,Federal Contract Tower,0,6,2,0,8,0,2,16,0,18,0,8,18,0,26,46,0,46,72
04/20/2023,FMN,NM,ASW,WE,Federal Contract Tower,0,7,9,0,16,0,5,8,0,13,0,12,17,0,29,34,0,34,63
04/21/2023,FMN,NM,ASW,WE,Federal Contract Tower,0,8,4,0,12,0,5,16,0,21,0,13,20,0,33,30,0,30,63
04/22/2023,FMN,NM,ASW,WE,Federal Contract Tower,0,4,0,0,4,0,3,14,0,17,0,7,14,0,21,50,0,50,71
04/23/2023,FMN,NM,ASW,WE,Federal Contract Tower,0,6,3,0,9,0,14,34,0,48,0,20,37,0,57,144,0,144,201
04/24/2023,FMN,NM,ASW,WE,Federal Contract Tower,0,3,4,0,7,0,2,28,0,30,0,5,32,0,37,142,0,142,179
04/25/2023,FMN,NM,ASW,WE,Federal Contract Tower,0,12,6,0,18,0,6,19,0,25,0,18,25,0,43,100,0,100,143
04/26/2023,FMN,NM,ASW,WE,Federal Contract Tower,0,7,3,0,10,0,3,32,0,35,0,10,35,0,45,142,0,142,187
04/27/2023,FMN,NM,ASW,WE,Federal Contract Tower,0,9,3,0,12,0,5,30,0,35,0,14,33,0,47,76,0,76,123
04/28/2023,FMN,NM,ASW,WE,Federal Contract Tower,0,7,4,10,21,0,4,25,0,29,0,11,29,10,50,52,0,52,102
04/29/2023,FMN,NM,ASW,WE,Federal Contract Tower,0,11,0,0,11,0,0,32,0,32,0,11,32,0,43,70,0,70,113
04/30/2023,FMN,NM,ASW,WE,Federal Contract Tower,0,9,2,0,11,0,9,40,0,49,0,18,42,0,60,162,0,162,222
05/01/2023,FMN,NM,ASW,WE,Federal Contract Tower,0,5,7,1,13,0,10,32,1,43,0,15,39,2,56,102,0,102,158
05/02/2023,FMN,NM,ASW,WE,Federal Contract Tower,0,7,4,2,13,0,3,41,1,45,0,10,45,3,58,130,0,130,188
05/03/2023,FMN,NM,ASW,WE,Federal Contract Tower,0,10,2,0,12,0,6,26,0,32,0,16,28,0,44,108,0,108,152
05/04/2023,FMN,NM,ASW,WE,Federal Contract Tower,0,7,3,0,10,0,2,37,0,39,0,9,40,0,49,96,0,96,145
05/05/2023,FMN,NM,ASW,WE,Federal Contract Tower,0,11,2,2,15,0,20,59,0,79,0,31,61,2,94,180,0,180,274
05/06/2023,FMN,NM,ASW,WE,Federal Contract Tower,0,14,0,0,14,0,6,19,0,25,0,20,19,0,39,84,0,84,123
05/07/2023,FMN,NM,ASW,WE,Federal Contract Tower,0,5,3,4,12,0,9,37,5,51,0,14,40,9,63,128,16,144,207
05/08/2023,FMN,NM,ASW,WE,Federal Contract Tower,0,9,0,2,11,0,6,35,0,41,0,15,35,2,52,56,8,64,116
05/09/2023,FMN,NM,ASW,WE,Federal Contract Tower,0,10,6,0,16,0,8,55,0,63,0,18,61,0,79,164,0,164,243
05/10/2023,FMN,NM,ASW,WE,Federal Contract Tower,0,4,6,0,10,0,1,59,6,66,0,5,65,6,76,104,0,104,180
05/11/2023,FMN,NM,ASW,WE,Federal Contract Tower,0,12,3,2,17,0,3,28,0,31,0,15,31,2,48,66,0,66,114
05/12/2023,FMN,NM,ASW,WE,Federal Contract Tower,0,14,9,1,24,0,7,54,0,61,0,21,63,1,85,190,0,190,275
05/13/2023,FMN,NM,ASW,WE,Federal Contract Tower,0,7,4,0,11,0,1,19,0,20,0,8,23,0,31,36,0,36,67
05/14/2023,FMN,NM,ASW,WE,Federal Contract Tower,0,1,8,0,9,0,0,34,0,34,0,1,42,0,43,142,0,142,185
05/15/2023,FMN,NM,ASW,WE,Federal Contract Tower,0,6,7,0,13,0,77,50,0,127,0,83,57,0,140,104,0,104,244
05/16/2023,FMN,NM,ASW,WE,Federal Contract Tower,0,9,7,0,16,0,6,47,0,53,0,15,54,0,69,150,0,150,219
05/17/2023,FMN,NM,ASW,WE,Federal Contract Tower,0,16,4,0,20,0,7,53,0,60,0,23,57,0,80,116,0,116,196
05/18/2023,FMN,NM,ASW,WE,Federal Contract Tower,0,7,2,0,9,0,3,37,12,52,0,10,39,12,61,218,48,266,327
05/19/2023,FMN,NM,ASW,WE,Federal Contract Tower,0,9,14,0,23,0,2,27,0,29,0,11,41,0,52,136,0,136,188
05/20/2023,FMN,NM,ASW,WE,Federal Contract Tower,0,5,7,0,12,0,0,14,0,14,0,5,21,0,26,106,0,106,132
05/21/2023,FMN,NM,ASW,WE,Federal Contract Tower,0,2,2,0,4,0,3,29,0,32,0,5,31,0,36,74,0,74,110
05/22/2023,FMN,NM,ASW,WE,Federal Contract Tower,0,5,8,0,13,0,5,37,2,44,0,10,45,2,57,78,0,78,135
05/23/2023,FMN,NM,ASW,WE,Federal Contract Tower,0,6,12,4,22,0,8,50,6,64,0,14,62,10,86,128,0,128,214
05/24/2023,FMN,NM,ASW,WE,Federal Contract Tower,0,8,5,1,14,0,7,53,0,60,0,15,58,1,74,144,0,144,218
05/25/2023,FMN,NM,ASW,WE,Federal Contract Tower,0,7,12,2,21,0,11,45,0,56,0,18,57,2,77,102,0,102,179
05/26/2023,FMN,NM,ASW,WE,Federal Contract Tower,0,3,9,0,12,0,7,27,2,36,0,10,36,2,48,114,8,122,170
05/27/2023,FMN,NM,ASW,WE,Federal Contract Tower,0,8,1,0,9,0,2,38,0,40,0,10,39,0,49,68,0,68,117
05/28/2023,FMN,NM,ASW,WE,Federal Contract Tower,0,1,5,0,6,0,3,37,0,40,0,4,42,0,46,56,0,56,102
05/29/2023,FMN,NM,ASW,WE,Federal Contract Tower,0,3,11,0,14,0,4,56,0,60,0,7,67,0,74,124,0,124,198
05/30/2023,FMN,NM,ASW,WE,Federal Contract Tower,0,6,5,0,11,0,6,44,0,50,0,12,49,0,61,108,0,108,169
05/31/2023,FMN,NM,ASW,WE,Federal Contract Tower,0,6,12,0,18,0,4,50,0,54,0,10,62,0,72,120,0,120,192
06/01/2023,FMN,NM,ASW,WE,Federal Contract Tower,0,10,1,0,11,0,8,34,0,42,0,18,35,0,53,176,0,176,229
06/02/2023,FMN,NM,ASW,WE,Federal Contract Tower,0,5,1,0,6,0,5,34,4,43,0,10,35,4,49,76,0,76,125
06/03/2023,FMN,NM,ASW,WE,Federal Contract Tower,0,11,4,0,15,0,1,33,0,34,0,12,37,0,49,116,0,116,165
06/04/2023,FMN,NM,ASW,WE,Federal Contract Tower,0,3,0,0,3,0,6,19,0,25,0,9,19,0,28,84,0,84,112
06/05/2023,FMN,NM,ASW,WE,Federal Contract Tower,0,12,0,0,12,0,2,25,0,27,0,14,25,0,39,42,0,42,81
06/06/2023,FMN,NM,ASW,WE,Federal Contract Tower,0,13,8,0,21,0,14,43,3,60,0,27,51,3,81,126,0,126,207
06/07/2023,FMN,NM,ASW,WE,Federal Contract Tower,0,10,8,0,18,0,7,33,0,40,0,17,41,0,58,102,0,102,160
06/08/2023,FMN,NM,ASW,WE,Federal Contract Tower,0,5,1,0,6,0,9,47,0,56,0,14,48,0,62,114,0,114,176
06/09/2023,FMN,NM,ASW,WE,Federal Contract Tower,0,7,2,0,9,0,3,57,0,60,0,10,59,0,69,132,0,132,201
06/10/2023,FMN,NM,ASW,WE,Federal Contract Tower,0,5,1,0,6,0,7,27,0,34,0,12,28,0,40,102,0,102,142
06/11/2023,FMN,NM,ASW,WE,Federal Contract Tower,0,4,0,0,4,0,7,26,0,33,0,11,26,0,37,150,0,150,187
06/12/2023,FMN,NM,ASW,WE,Federal Contract Tower,0,9,1,0,10,0,14,30,0,44,0,23,31,0,54,76,0,76,130
06/13/2023,FMN,NM,ASW,WE,Federal Contract Tower,0,10,4,1,15,0,6,29,0,35,0,16,33,1,50,144,0,144,194
06/14/2023,FMN,NM,ASW,WE,Federal Contract Tower,0,4,5,2,11,0,3,20,0,23,0,7,25,2,34,28,0,28,62
06/15/2023,FMN,NM,ASW,WE,Federal Contract Tower,0,7,4,1,12,0,6,36,0,42,0,13,40,1,54,146,0,146,200
06/16/2023,FMN,NM,ASW,WE,Federal Contract Tower,0,8,2,6,16,0,2,43,0,45,0,10,45,6,61,148,0,148,209
06/17/2023,FMN,NM,ASW,WE,Federal Contract Tower,0,7,2,2,11,0,3,30,0,33,0,10,32,2,44,140,0,140,184
06/18/2023,FMN,NM,ASW,WE,Federal Contract Tower,0,6,0,0,6,0,11,27,0,38,0,17,27,0,44,36,0,36,80
06/19/2023,FMN,NM,ASW,WE,Federal Contract Tower,0,2,1,0,3,0,5,29,0,34,0,7,30,0,37,70,0,70,107
06/20/2023,FMN,NM,ASW,WE,Federal Contract Tower,0,6,2,0,8,0,11,32,0,43,0,17,34,0,51,68,0,68,119
06/21/2023,FMN,NM,ASW,WE,Federal Contract Tower,0,4,2,0,6,0,6,37,0,43,0,10,39,0,49,138,0,138,187
06/22/2023,FMN,NM,ASW,WE,Federal Contract Tower,3,11,4,0,18,0,12,53,0,65,3,23,57,0,83,218,0,218,301
06/23/2023,FMN,NM,ASW,WE,Federal Contract Tower,0,11,3,0,14,0,5,31,2,38,0,16,34,2,52,112,6,118,170
06/24/2023,FMN,NM,ASW,WE,Federal Contract Tower,0,7,1,0,8,0,4,45,0,49,0,11,46,0,57,110,0,110,167
06/25/2023,FMN,NM,ASW,WE,Federal Contract Tower,0,6,0,0,6,0,6,25,0,31,0,12,25,0,37,60,0,60,97
06/26/2023,FMN,NM,ASW,WE,Federal Contract Tower,0,11,3,0,14,0,2,28,0,30,0,13,31,0,44,42,0,42,86
06/27/2023,FMN,NM,ASW,WE,Federal Contract Tower,0,6,0,2,8,0,6,22,1,29,0,12,22,3,37,110,6,116,153
06/28/2023,FMN,NM,ASW,WE,Federal Contract Tower,0,5,1,0,6,0,10,37,0,47,0,15,38,0,53,66,0,66,119
06/29/2023,FMN,NM,ASW,WE,Federal Contract Tower,0,6,2,0,8,0,19,109,10,138,0,25,111,10,146,170,20,190,336
06/30/2023,FMN,NM,ASW,WE,Federal Contract Tower,0,5,2,0,7,0,9,41,1,51,0,14,43,1,58,86,24,110,168
07/01/2023,FMN,NM,ASW,WE,Federal Contract Tower,0,9,1,0,10,0,4,38,0,42,0,13,39,0,52,144,0,144,196
07/02/2023,FMN,NM,ASW,WE,Federal Contract Tower,0,3,1,0,4,0,7,28,0,35,0,10,29,0,39,80,0,80,119
07/03/2023,FMN,NM,ASW,WE,Federal Contract Tower,0,4,0,0,4,0,5,44,0,49,0,9,44,0,53,52,0,52,105
07/04/2023,FMN,NM,ASW,WE,Federal Contract Tower,0,3,1,0,4,0,4,13,0,17,0,7,14,0,21,36,0,36,57
07/05/2023,FMN,NM,ASW,WE,Federal Contract Tower,0,8,1,0,9,0,6,32,0,38,0,14,33,0,47,60,0,60,107
07/06/2023,FMN,NM,ASW,WE,Federal Contract Tower,0,7,7,0,14,0,3,39,1,43,0,10,46,1,57,76,0,76,133
07/07/2023,FMN,NM,ASW,WE,Federal Contract Tower,0,12,3,4,19,0,7,33,0,40,0,19,36,4,59,62,0,62,121
07/08/2023,FMN,NM,ASW,WE,Federal Contract Tower,0,4,4,0,8,0,8,20,0,28,0,12,24,0,36,83,0,83,119
07/09/2023,FMN,NM,ASW,WE,Federal Contract Tower,0,4,7,5,16,0,11,30,5,46,0,15,37,10,62,82,6,88,150
07/10/2023,FMN,NM,ASW,WE,Federal Contract Tower,0,8,2,1,11,0,7,22,3,32,0,15,24,4,43,46,22,68,111
07/11/2023,FMN,NM,ASW,WE,Federal Contract Tower,0,7,4,0,11,0,8,31,0,39,0,15,35,0,50,98,0,98,148
07/12/2023,FMN,NM,ASW,WE,Federal Contract Tower,0,9,4,0,13,0,5,21,2,28,0,14,25,2,41,82,0,82,123
07/13/2023,FMN,NM,ASW,WE,Federal Contract Tower,0,4,6,0,10,0,9,45,4,58,0,13,51,4,68,106,0,106,174
07/14/2023,FMN,NM,ASW,WE,Federal Contract Tower,0,7,1,0,8,0,7,26,0,33,0,14,27,0,41,40,0,40,81
07/15/2023,FMN,NM,ASW,WE,Federal Contract Tower,0,11,0,0,11,0,8,27,0,35,0,19,27,0,46,80,0,80,126
07/16/2023,FMN,NM,ASW,WE,Federal Contract Tower,0,6,2,0,8,0,3,16,0,19,0,9,18,0,27,46,0,46,73
07/17/2023,FMN,NM,ASW,WE,Federal Contract Tower,0,5,0,0,5,0,13,20,6,39,0,18,20,6,44,26,6,32,76
07/18/2023,FMN,NM,ASW,WE,Federal Contract Tower,0,9,4,0,13,0,5,36,0,41,0,14,40,0,54,136,0,136,190
07/19/2023,FMN,NM,ASW,WE,Federal Contract Tower,0,8,1,0,9,0,15,35,0,50,0,23,36,0,59,80,0,80,139
07/20/2023,FMN,NM,ASW,WE,Federal Contract Tower,0,7,2,3,12,0,6,27,0,33,0,13,29,3,45,128,0,128,173
07/21/2023,FMN,NM,ASW,WE,Federal Contract Tower,0,8,2,0,10,0,7,33,0,40,0,15,35,0,50,112,0,112,162
07/22/2023,FMN,NM,ASW,WE,Federal Contract Tower,0,7,0,0,7,0,2,33,0,35,0,9,33,0,42,146,0,146,188
07/23/2023,FMN,NM,ASW,WE,Federal Contract Tower,0,8,2,0,10,0,5,34,0,39,0,13,36,0,49,14,0,14,63
07/24/2023,FMN,NM,ASW,WE,Federal Contract Tower,0,11,3,0,14,0,3,61,0,64,0,14,64,0,78,82,0,82,160
07/25/2023,FMN,NM,ASW,WE,Federal Contract Tower,0,8,2,0,10,0,10,37,0,47,0,18,39,0,57,108,0,108,165
07/26/2023,FMN,NM,ASW,WE,Federal Contract Tower,0,6,1,0,7,0,8,47,0,55,0,14,48,0,62,190,0,190,252
07/27/2023,FMN,NM,ASW,WE,Federal Contract Tower,0,8,1,0,9,0,4,30,0,34,0,12,31,0,43,96,0,96,139
07/28/2023,FMN,NM,ASW,WE,Federal Contract Tower,0,11,2,0,13,0,8,31,0,39,0,19,33,0,52,178,0,178,230
07/29/2023,FMN,NM,ASW,WE,Federal Contract Tower,0,6,4,0,10,0,11,22,0,33,0,17,26,0,43,88,0,88,131
07/30/2023,FMN,NM,ASW,WE,Federal Contract Tower,0,5,0,0,5,0,9,20,0,29,0,14,20,0,34,100,0,100,134
07/31/2023,FMN,NM,ASW,WE,Federal Contract Tower,0,4,6,3,13,0,8,40,1,49,0,12,46,4,62,168,6,174,236
08/01/2023,FMN,NM,ASW,WE,Federal Contract Tower,0,11,2,0,13,0,7,34,0,41,0,18,36,0,54,161,0,161,215
08/02/2023,FMN,NM,ASW,WE,Federal Contract Tower,0,8,2,2,12,0,8,30,0,38,0,16,32,2,50,92,0,92,142
08/03/2023,FMN,NM,ASW,WE,Federal Contract Tower,0,10,2,1,13,0,4,31,1,36,0,14,33,2,49,80,0,80,129
08/04/2023,FMN,NM,ASW,WE,Federal Contract Tower,0,8,3,0,11,0,5,38,0,43,0,13,41,0,54,106,0,106,160
08/05/2023,FMN,NM,ASW,WE,Federal Contract Tower,0,4,3,0,7,0,8,30,0,38,0,12,33,0,45,178,0,178,223
08/06/2023,FMN,NM,ASW,WE,Federal Contract Tower,0,4,4,0,8,0,8,50,0,58,0,12,54,0,66,130,0,130,196
08/07/2023,FMN,NM,ASW,WE,Federal Contract Tower,0,5,0,0,5,0,24,29,0,53,0,29,29,0,58,54,0,54,112
08/08/2023,FMN,NM,ASW,WE,Federal Contract Tower,0,8,1,0,9,0,20,37,0,57,0,28,38,0,66,185,0,185,251
08/09/2023,FMN,NM,ASW,WE,Federal Contract Tower,0,10,6,0,16,0,38,41,0,79,0,48,47,0,95,92,0,92,187
08/10/2023,FMN,NM,ASW,WE,Federal Contract Tower,0,8,5,3,16,0,13,52,1,66,0,21,57,4,82,178,0,178,260
08/11/2023,FMN,NM,ASW,WE,Federal Contract Tower,0,9,1,0,10,0,3,40,0,43,0,12,41,0,53,78,0,78,131
08/12/2023,FMN,NM,ASW,WE,Federal Contract Tower,0,7,1,0,8,0,6,21,0,27,0,13,22,0,35,104,0,104,139
08/13/2023,FMN,NM,ASW,WE,Federal Contract Tower,0,2,5,0,7,0,6,19,0,25,0,8,24,0,32,50,0,50,82
08/14/2023,FMN,NM,ASW,WE,Federal Contract Tower,0,6,7,0,13,0,8,20,0,28,0,14,27,0,41,34,0,34,75
08/15/2023,FMN,NM,ASW,WE,Federal Contract Tower,0,9,2,0,11,0,8,36,0,44,0,17,38,0,55,118,0,118,173
08/16/2023,FMN,NM,ASW,WE,Federal Contract Tower,0,7,0,0,7,0,14,42,2,58,0,21,42,2,65,136,0,136,201
08/17/2023,FMN,NM,ASW,WE,Federal Contract Tower,0,16,1,0,17,0,10,43,8,61,0,26,44,8,78,292,32,324,402
08/18/2023,FMN,NM,ASW,WE,Federal Contract Tower,0,10,2,1,13,0,14,42,2,58,0,24,44,3,71,208,0,208,279
08/19/2023,FMN,NM,ASW,WE,Federal Contract Tower,0,7,2,0,9,0,5,45,1,51,0,12,47,1,60,180,0,180,240
08/20/2023,FMN,NM,ASW,WE,Federal Contract Tower,0,1,7,0,8,0,8,11,0,19,0,9,18,0,27,46,0,46,73
08/21/2023,FMN,NM,ASW,WE,Federal Contract Tower,0,12,4,0,16,0,15,34,2,51,0,27,38,2,67,64,0,64,131
08/22/2023,FMN,NM,ASW,WE,Federal Contract Tower,0,6,2,0,8,0,14,17,2,33,0,20,19,2,41,98,0,98,139
08/23/2023,FMN,NM,ASW,WE,Federal Contract Tower,0,6,9,0,15,0,4,39,4,47,0,10,48,4,62,78,0,78,140
08/24/2023,FMN,NM,ASW,WE,Federal Contract Tower,0,9,5,0,14,0,11,24,0,35,0,20,29,0,49,88,0,88,137
08/25/2023,FMN,NM,ASW,WE,Federal Contract Tower,0,9,5,0,14,0,9,45,3,57,0,18,50,3,71,228,0,228,299
08/26/2023,FMN,NM,ASW,WE,Federal Contract Tower,0,8,3,0,11,0,9,35,0,44,0,17,38,0,55,200,0,200,255
08/27/2023,FMN,NM,ASW,WE,Federal Contract Tower,0,1,5,0,6,0,8,33,6,47,0,9,38,6,53,88,0,88,141
08/28/2023,FMN,NM,ASW,WE,Federal Contract Tower,0,8,3,0,11,0,9,36,1,46,0,17,39,1,57,92,48,140,197
08/29/2023,FMN,NM,ASW,WE,Federal Contract Tower,0,7,5,1,13,0,4,46,0,50,0,11,51,1,63,132,0,132,195
08/30/2023,FMN,NM,ASW,WE,Federal Contract Tower,0,7,8,1,16,0,10,43,0,53,0,17,51,1,69,134,0,134,203
08/31/2023,FMN,NM,ASW,WE,Federal Contract Tower,0,6,2,0,8,0,9,40,9,58,0,15,42,9,66,140,92,232,298
