01/01/2020,FMY,FL,ASO,ES,Federal Contract Tower,0,19,43,0,62,0,2,123,0,125,0,21,166,0,187,62,0,62,249
01/02/2020,FMY,FL,ASO,ES,Federal Contract Tower,0,15,70,0,85,0,1,160,2,163,0,16,230,2,248,118,2,120,368
01/03/2020,FMY,FL,ASO,ES,Federal Contract Tower,0,23,69,0,92,0,2,123,0,125,0,25,192,0,217,106,0,106,323
01/04/2020,FMY,FL,ASO,ES,Federal Contract Tower,0,19,50,0,69,0,1,52,0,53,0,20,102,0,122,46,0,46,168
01/05/2020,FMY,FL,ASO,ES,Federal Contract Tower,0,15,96,0,111,0,0,130,0,130,0,15,226,0,241,44,0,44,285
01/06/2020,FMY,FL,ASO,ES,Federal Contract Tower,0,12,73,0,85,0,3,170,0,173,0,15,243,0,258,218,0,218,476
01/07/2020,FMY,FL,ASO,ES,Federal Contract Tower,0,7,51,0,58,0,2,152,0,154,0,9,203,0,212,234,0,234,446
01/08/2020,FMY,FL,ASO,ES,Federal Contract Tower,0,22,55,0,77,0,0,163,0,163,0,22,218,0,240,246,0,246,486
01/09/2020,FMY,FL,ASO,ES,Federal Contract Tower,0,13,44,0,57,0,0,102,0,102,0,13,146,0,159,84,0,84,243
01/10/2020,FMY,FL,ASO,ES,Federal Contract Tower,0,11,72,0,83,0,0,117,0,117,0,11,189,0,200,176,0,176,376
01/11/2020,FMY,FL,ASO,ES,Federal Contract Tower,0,6,67,0,73,0,0,114,0,114,0,6,181,0,187,112,0,112,299
01/12/2020,FMY,FL,ASO,ES,Federal Contract Tower,0,19,65,0,84,0,0,97,0,97,0,19,162,0,181,76,0,76,257
01/13/2020,FMY,FL,ASO,ES,Federal Contract Tower,0,7,63,0,70,0,0,149,0,149,0,7,212,0,219,166,0,166,385
01/14/2020,FMY,FL,ASO,ES,Federal Contract Tower,0,5,57,0,62,0,0,150,0,150,0,5,207,0,212,166,0,166,378
01/15/2020,FMY,FL,ASO,ES,Federal Contract Tower,0,12,39,0,51,0,0,117,1,118,0,12,156,1,169,188,0,188,357
01/16/2020,FMY,FL,ASO,ES,Federal Contract Tower,0,13,83,0,96,0,0,157,0,157,0,13,240,0,253,172,0,172,425
01/17/2020,FMY,FL,ASO,ES,Federal Contract Tower,0,7,88,1,96,0,0,141,0,141,0,7,229,1,237,140,0,140,377
01/18/2020,FMY,FL,ASO,ES,Federal Contract Tower,0,7,79,0,86,0,0,196,0,196,0,7,275,0,282,204,0,204,486
01/19/2020,FMY,FL,ASO,ES,Federal Contract Tower,0,2,66,0,68,0,0,86,0,86,0,2,152,0,154,32,0,32,186
01/20/2020,FMY,FL,ASO,ES,Federal Contract Tower,0,10,89,0,99,0,0,141,0,141,0,10,230,0,240,240,0,240,480
01/21/2020,FMY,FL,ASO,ES,Federal Contract Tower,0,11,71,0,82,0,0,133,0,133,0,11,204,0,215,139,0,139,354
01/22/2020,FMY,FL,ASO,ES,Federal Contract Tower,0,13,36,0,49,0,0,127,0,127,0,13,163,0,176,218,0,218,394
01/23/2020,FMY,FL,ASO,ES,Federal Contract Tower,0,7,67,0,74,0,0,103,0,103,0,7,170,0,177,234,0,234,411
01/24/2020,FMY,FL,ASO,ES,Federal Contract Tower,0,18,93,0,111,0,1,161,0,162,0,19,254,0,273,326,0,326,599
01/25/2020,FMY,FL,ASO,ES,Federal Contract Tower,0,16,97,0,113,0,0,174,0,174,0,16,271,0,287,162,0,162,449
01/26/2020,FMY,FL,ASO,ES,Federal Contract Tower,0,9,74,0,83,0,2,133,0,135,0,11,207,0,218,88,6,94,312
01/27/2020,FMY,FL,ASO,ES,Federal Contract Tower,0,2,63,0,65,0,0,133,0,133,0,2,196,0,198,288,0,288,486
01/28/2020,FMY,FL,ASO,ES,Federal Contract Tower,0,5,64,0,69,0,0,140,0,140,0,5,204,0,209,130,0,130,339
01/29/2020,FMY,FL,ASO,ES,Federal Contract Tower,0,8,41,0,49,0,4,125,0,129,0,12,166,0,178,254,0,254,432
01/30/2020,FMY,FL,ASO,ES,Federal Contract Tower,0,11,97,0,108,0,0,145,0,145,0,11,242,0,253,196,0,196,449
01/31/2020,FMY,FL,ASO,ES,Federal Contract Tower,0,20,74,0,94,0,0,116,0,116,0,20,190,0,210,206,0,206,416
02/01/2020,FMY,FL,ASO,ES,Federal Contract Tower,0,9,45,0,54,0,0,52,0,52,0,9,97,0,106,42,0,42,148
02/02/2020,FMY,FL,ASO,ES,Federal Contract Tower,0,11,60,0,71,0,0,189,0,189,0,11,249,0,260,166,0,166,426
02/03/2020,FMY,FL,ASO,ES,Federal Contract Tower,0,14,85,0,99,0,0,229,0,229,0,14,314,0,328,246,0,246,574
02/04/2020,FMY,FL,ASO,ES,Federal Contract Tower,0,22,75,0,97,0,1,196,0,197,0,23,271,0,294,242,0,242,536
02/05/2020,FMY,FL,ASO,ES,Federal Contract Tower,0,15,69,0,84,0,7,148,0,155,0,22,217,0,239,246,0,246,485
02/06/2020,FMY,FL,ASO,ES,Federal Contract Tower,0,18,47,0,65,0,0,34,0,34,0,18,81,0,99,62,0,62,161
02/07/2020,FMY,FL,ASO,ES,Federal Contract Tower,0,17,64,0,81,0,0,162,0,162,0,17,226,0,243,214,0,214,457
02/08/2020,FMY,FL,ASO,ES,Federal Contract Tower,0,8,83,0,91,0,1,191,0,192,0,9,274,0,283,194,0,194,477
02/09/2020,FMY,FL,ASO,ES,Federal Contract Tower,0,10,56,0,66,0,1,130,0,131,0,11,186,0,197,74,0,74,271
02/10/2020,FMY,FL,ASO,ES,Federal Contract Tower,0,7,54,0,61,0,4,140,0,144,0,11,194,0,205,120,0,120,325
02/11/2020,FMY,FL,ASO,ES,Federal Contract Tower,0,10,76,0,86,0,0,169,0,169,0,10,245,0,255,234,0,234,489
02/12/2020,FMY,FL,ASO,ES,Federal Contract Tower,0,3,108,2,113,0,0,117,0,117,0,3,225,2,230,258,0,258,488
02/13/2020,FMY,FL,ASO,ES,Federal Contract Tower,0,14,91,0,105,0,1,152,0,153,0,15,243,0,258,162,0,162,420
02/14/2020,FMY,FL,ASO,ES,Federal Contract Tower,0,18,89,0,107,0,0,91,0,91,0,18,180,0,198,146,0,146,344
02/15/2020,FMY,FL,ASO,ES,Federal Contract Tower,0,13,64,0,77,0,2,160,0,162,0,15,224,0,239,134,0,134,373
02/16/2020,FMY,FL,ASO,ES,Federal Contract Tower,0,21,61,0,82,0,0,93,0,93,0,21,154,0,175,76,0,76,251
02/17/2020,FMY,FL,ASO,ES,Federal Contract Tower,0,20,104,0,124,0,0,149,0,149,0,20,253,0,273,218,0,218,491
02/18/2020,FMY,FL,ASO,ES,Federal Contract Tower,0,7,95,0,102,0,1,194,0,195,0,8,289,0,297,185,0,185,482
02/19/2020,FMY,FL,ASO,ES,Federal Contract Tower,0,19,89,0,108,0,0,180,4,184,0,19,269,4,292,254,0,254,546
02/20/2020,FMY,FL,ASO,ES,Federal Contract Tower,0,6,107,0,113,0,0,210,0,210,0,6,317,0,323,212,0,212,535
02/21/2020,FMY,FL,ASO,ES,Federal Contract Tower,0,12,103,0,115,0,0,37,0,37,0,12,140,0,152,20,0,20,172
02/22/2020,FMY,FL,ASO,ES,Federal Contract Tower,0,8,85,0,93,0,0,151,0,151,0,8,236,0,244,112,0,112,356
02/23/2020,FMY,FL,ASO,ES,Federal Contract Tower,0,19,69,0,88,0,0,185,2,187,0,19,254,2,275,74,0,74,349
02/24/2020,FMY,FL,ASO,ES,Federal Contract Tower,0,11,72,0,83,0,0,183,0,183,0,11,255,0,266,224,0,224,490
02/25/2020,FMY,FL,ASO,ES,Federal Contract Tower,0,7,54,0,61,0,0,131,0,131,0,7,185,0,192,214,0,214,406
02/26/2020,FMY,FL,ASO,ES,Federal Contract Tower,0,20,52,0,72,0,0,49,0,49,0,20,101,0,121,72,0,72,193
02/27/2020,FMY,FL,ASO,ES,Federal Contract Tower,0,16,70,0,86,0,0,157,0,157,0,16,227,0,243,200,0,200,443
02/28/2020,FMY,FL,ASO,ES,Federal Contract Tower,0,15,74,0,89,0,1,163,0,164,0,16,237,0,253,222,0,222,475
02/29/2020,FMY,FL,ASO,ES,Federal Contract Tower,0,17,68,0,85,0,2,201,4,207,0,19,269,4,292,222,0,222,514
03/01/2020,FMY,FL,ASO,ES,Federal Contract Tower,0,10,76,0,86,0,0,150,4,154,0,10,226,4,240,80,0,80,320
03/02/2020,FMY,FL,ASO,ES,Federal Contract Tower,0,5,59,0,64,0,0,135,0,135,0,5,194,0,199,174,0,174,373
03/03/2020,FMY,FL,ASO,ES,Federal Contract Tower,0,9,48,0,57,0,1,167,0,168,0,10,215,0,225,198,0,198,423
03/04/2020,FMY,FL,ASO,ES,Federal Contract Tower,0,17,60,0,77,0,1,138,0,139,0,18,198,0,216,244,0,244,460
03/05/2020,FMY,FL,ASO,ES,Federal Contract Tower,0,10,76,0,86,0,0,122,0,122,0,10,198,0,208,148,0,148,356
03/06/2020,FMY,FL,ASO,ES,Federal Contract Tower,0,21,80,0,101,0,2,114,0,116,0,23,194,0,217,178,0,178,395
03/07/2020,FMY,FL,ASO,ES,Federal Contract Tower,0,10,67,0,77,0,0,166,0,166,0,10,233,0,243,82,0,82,325
03/08/2020,FMY,FL,ASO,ES,Federal Contract Tower,0,21,74,0,95,0,0,77,0,77,0,21,151,0,172,24,0,24,196
03/09/2020,FMY,FL,ASO,ES,Federal Contract Tower,0,10,70,4,84,0,1,107,0,108,0,11,177,4,192,154,0,154,346
03/10/2020,FMY,FL,ASO,ES,Federal Contract Tower,0,13,65,4,82,0,0,168,0,168,0,13,233,4,250,254,0,254,504
03/11/2020,FMY,FL,ASO,ES,Federal Contract Tower,0,6,92,0,98,0,0,184,0,184,0,6,276,0,282,410,0,410,692
03/12/2020,FMY,FL,ASO,ES,Federal Contract Tower,0,14,72,0,86,0,0,180,0,180,0,14,252,0,266,290,0,290,556
03/13/2020,FMY,FL,ASO,ES,Federal Contract Tower,0,16,124,0,140,0,0,234,0,234,0,16,358,0,374,256,0,256,630
03/14/2020,FMY,FL,ASO,ES,Federal Contract Tower,0,12,74,0,86,0,2,152,0,154,0,14,226,0,240,228,0,228,468
03/15/2020,FMY,FL,ASO,ES,Federal Contract Tower,0,27,89,0,116,0,0,132,0,132,0,27,221,0,248,82,0,82,330
03/16/2020,FMY,FL,ASO,ES,Federal Contract Tower,0,8,77,0,85,0,0,150,0,150,0,8,227,0,235,150,0,150,385
03/17/2020,FMY,FL,ASO,ES,Federal Contract Tower,0,17,83,0,100,0,0,142,0,142,0,17,225,0,242,276,0,276,518
03/18/2020,FMY,FL,ASO,ES,Federal Contract Tower,0,10,63,6,79,0,0,134,1,135,0,10,197,7,214,254,0,254,468
03/19/2020,FMY,FL,ASO,ES,Federal Contract Tower,0,5,50,0,55,0,0,167,0,167,0,5,217,0,222,260,0,260,482
03/20/2020,FMY,FL,ASO,ES,Federal Contract Tower,0,9,61,3,73,0,4,136,0,140,0,13,197,3,213,216,4,220,433
03/21/2020,FMY,FL,ASO,ES,Federal Contract Tower,0,21,62,0,83,0,0,138,0,138,0,21,200,0,221,244,0,244,465
03/22/2020,FMY,FL,ASO,ES,Federal Contract Tower,0,9,61,0,70,0,2,92,0,94,0,11,153,0,164,82,0,82,246
03/23/2020,FMY,FL,ASO,ES,Federal Contract Tower,0,10,57,0,67,0,0,120,0,120,0,10,177,0,187,158,0,158,345
03/24/2020,FMY,FL,ASO,ES,Federal Contract Tower,0,7,40,0,47,0,0,136,0,136,0,7,176,0,183,184,0,184,367
03/25/2020,FMY,FL,ASO,ES,Federal Contract Tower,0,4,61,0,65,0,0,117,0,117,0,4,178,0,182,194,0,194,376
03/26/2020,FMY,FL,ASO,ES,Federal Contract Tower,0,4,55,0,59,0,0,132,0,132,0,4,187,0,191,234,0,234,425
03/27/2020,FMY,FL,ASO,ES,Federal Contract Tower,0,5,54,0,59,0,2,145,0,147,0,7,199,0,206,281,0,281,487
03/28/2020,FMY,FL,ASO,ES,Federal Contract Tower,0,1,43,0,44,0,1,95,0,96,0,2,138,0,140,232,0,232,372
03/29/2020,FMY,FL,ASO,ES,Federal Contract Tower,0,6,34,0,40,0,2,59,0,61,0,8,93,0,101,72,0,72,173
03/30/2020,FMY,FL,ASO,ES,Federal Contract Tower,0,0,41,4,45,0,0,158,0,158,0,0,199,4,203,302,0,302,505
03/31/2020,FMY,FL,ASO,ES,Federal Contract Tower,0,5,48,0,53,0,0,106,0,106,0,5,154,0,159,136,0,136,295
04/01/2020,FMY,FL,ASO,ES,Federal Contract Tower,0,13,14,1,28,0,0,102,0,102,0,13,116,1,130,104,0,104,234
04/02/2020,FMY,FL,ASO,ES,Federal Contract Tower,0,10,35,1,46,0,0,130,0,130,0,10,165,1,176,220,0,220,396
04/03/2020,FMY,FL,ASO,ES,Federal Contract Tower,0,6,25,0,31,0,0,91,0,91,0,6,116,0,122,60,0,60,182
04/04/2020,FMY,FL,ASO,ES,Federal Contract Tower,0,10,39,0,49,0,0,68,0,68,0,10,107,0,117,20,0,20,137
04/05/2020,FMY,FL,ASO,ES,Federal Contract Tower,0,2,25,2,29,0,0,25,0,25,0,2,50,2,54,62,2,64,118
04/06/2020,FMY,FL,ASO,ES,Federal Contract Tower,0,6,25,0,31,0,0,40,0,40,0,6,65,0,71,34,0,34,105
04/07/2020,FMY,FL,ASO,ES,Federal Contract Tower,0,0,22,0,22,0,0,77,0,77,0,0,99,0,99,86,0,86,185
04/08/2020,FMY,FL,ASO,ES,Federal Contract Tower,0,13,37,0,50,0,0,70,0,70,0,13,107,0,120,64,0,64,184
04/09/2020,FMY,FL,ASO,ES,Federal Contract Tower,0,3,24,0,27,0,1,72,0,73,0,4,96,0,100,84,0,84,184
04/10/2020,FMY,FL,ASO,ES,Federal Contract Tower,0,11,57,0,68,0,0,45,0,45,0,11,102,0,113,58,0,58,171
04/11/2020,FMY,FL,ASO,ES,Federal Contract Tower,0,3,42,0,45,0,0,93,0,93,0,3,135,0,138,64,0,64,202
04/12/2020,FMY,FL,ASO,ES,Federal Contract Tower,0,2,19,0,21,0,0,53,0,53,0,2,72,0,74,52,0,52,126
04/13/2020,FMY,FL,ASO,ES,Federal Contract Tower,0,3,23,0,26,0,0,50,0,50,0,3,73,0,76,46,0,46,122
04/14/2020,FMY,FL,ASO,ES,Federal Contract Tower,0,10,30,0,40,0,0,86,0,86,0,10,116,0,126,95,0,95,221
04/15/2020,FMY,FL,ASO,ES,Federal Contract Tower,0,11,34,4,49,0,0,58,0,58,0,11,92,4,107,100,4,104,211
04/16/2020,FMY,FL,ASO,ES,Federal Contract Tower,0,3,27,0,30,0,0,23,0,23,0,3,50,0,53,32,0,32,85
04/17/2020,FMY,FL,ASO,ES,Federal Contract Tower,0,5,48,0,53,0,2,85,0,87,0,7,133,0,140,54,0,54,194
04/18/2020,FMY,FL,ASO,ES,Federal Contract Tower,0,8,42,0,50,0,0,93,0,93,0,8,135,0,143,84,0,84,227
04/19/2020,FMY,FL,ASO,ES,Federal Contract Tower,0,3,42,0,45,0,0,101,0,101,0,3,143,0,146,52,0,52,198
04/20/2020,FMY,FL,ASO,ES,Federal Contract Tower,0,4,16,0,20,0,0,24,0,24,0,4,40,0,44,38,0,38,82
04/21/2020,FMY,FL,ASO,ES,Federal Contract Tower,0,5,28,0,33,0,0,83,0,83,0,5,111,0,116,116,0,116,232
04/22/2020,FMY,FL,ASO,ES,Federal Contract Tower,0,9,54,0,63,0,0,104,0,104,0,9,158,0,167,100,0,100,267
04/23/2020,FMY,FL,ASO,ES,Federal Contract Tower,0,3,39,0,42,0,0,58,0,58,0,3,97,0,100,70,0,70,170
04/24/2020,FMY,FL,ASO,ES,Federal Contract Tower,0,3,18,0,21,0,2,37,0,39,0,5,55,0,60,68,0,68,128
04/25/2020,FMY,FL,ASO,ES,Federal Contract Tower,0,6,29,0,35,0,0,31,0,31,0,6,60,0,66,42,0,42,108
04/26/2020,FMY,FL,ASO,ES,Federal Contract Tower,0,2,8,0,10,0,0,20,0,20,0,2,28,0,30,38,0,38,68
04/27/2020,FMY,FL,ASO,ES,Federal Contract Tower,0,8,48,0,56,0,0,127,0,127,0,8,175,0,183,136,0,136,319
04/28/2020,FMY,FL,ASO,ES,Federal Contract Tower,0,7,60,0,67,0,2,146,0,148,0,9,206,0,215,156,0,156,371
04/29/2020,FMY,FL,ASO,ES,Federal Contract Tower,0,9,61,0,70,0,1,115,0,116,0,10,176,0,186,152,0,152,338
04/30/2020,FMY,FL,ASO,ES,Federal Contract Tower,0,7,21,0,28,0,0,22,0,22,0,7,43,0,50,22,0,22,72
05/01/2020,FMY,FL,ASO,ES,Federal Contract Tower,0,12,70,0,82,0,6,141,0,147,0,18,211,0,229,146,0,146,375
05/02/2020,FMY,FL,ASO,ES,Federal Contract Tower,0,8,67,0,75,0,0,153,0,153,0,8,220,0,228,200,0,200,428
05/03/2020,FMY,FL,ASO,ES,Federal Contract Tower,0,11,30,0,41,0,1,111,0,112,0,12,141,0,153,106,0,106,259
05/04/2020,FMY,FL,ASO,ES,Federal Contract Tower,0,2,49,0,51,0,4,115,0,119,0,6,164,0,170,110,0,110,280
05/05/2020,FMY,FL,ASO,ES,Federal Contract Tower,0,6,34,0,40,0,0,106,0,106,0,6,140,0,146,42,0,42,188
05/06/2020,FMY,FL,ASO,ES,Federal Contract Tower,0,7,34,0,41,0,5,96,0,101,0,12,130,0,142,150,4,154,296
05/07/2020,FMY,FL,ASO,ES,Federal Contract Tower,0,9,45,6,60,0,0,116,0,116,0,9,161,6,176,151,0,151,327
05/08/2020,FMY,FL,ASO,ES,Federal Contract Tower,0,3,39,0,42,0,0,128,0,128,0,3,167,0,170,196,0,196,366
05/09/2020,FMY,FL,ASO,ES,Federal Contract Tower,0,12,57,0,69,0,0,175,0,175,0,12,232,0,244,132,0,132,376
05/10/2020,FMY,FL,ASO,ES,Federal Contract Tower,0,7,26,0,33,0,0,11,0,11,0,7,37,0,44,46,0,46,90
05/11/2020,FMY,FL,ASO,ES,Federal Contract Tower,0,11,66,0,77,0,2,140,0,142,0,13,206,0,219,100,0,100,319
05/12/2020,FMY,FL,ASO,ES,Federal Contract Tower,0,27,43,0,70,0,1,100,0,101,0,28,143,0,171,154,0,154,325
05/13/2020,FMY,FL,ASO,ES,Federal Contract Tower,0,15,55,0,70,0,0,108,0,108,0,15,163,0,178,157,0,157,335
05/14/2020,FMY,FL,ASO,ES,Federal Contract Tower,0,8,31,0,39,0,0,70,0,70,0,8,101,0,109,86,0,86,195
05/15/2020,FMY,FL,ASO,ES,Federal Contract Tower,0,27,57,0,84,0,0,63,0,63,0,27,120,0,147,58,0,58,205
05/16/2020,FMY,FL,ASO,ES,Federal Contract Tower,0,23,75,0,98,0,6,92,0,98,0,29,167,0,196,164,0,164,360
05/17/2020,FMY,FL,ASO,ES,Federal Contract Tower,0,18,67,8,93,0,0,98,0,98,0,18,165,8,191,114,8,122,313
05/18/2020,FMY,FL,ASO,ES,Federal Contract Tower,0,8,24,0,32,0,0,39,0,39,0,8,63,0,71,136,0,136,207
05/19/2020,FMY,FL,ASO,ES,Federal Contract Tower,0,5,53,0,58,0,3,112,0,115,0,8,165,0,173,192,0,192,365
05/20/2020,FMY,FL,ASO,ES,Federal Contract Tower,0,19,57,2,78,0,0,146,0,146,0,19,203,2,224,262,2,264,488
05/21/2020,FMY,FL,ASO,ES,Federal Contract Tower,0,14,85,0,99,0,1,147,0,148,0,15,232,0,247,236,0,236,483
05/22/2020,FMY,FL,ASO,ES,Federal Contract Tower,0,16,73,0,89,0,0,122,0,122,0,16,195,0,211,182,0,182,393
05/23/2020,FMY,FL,ASO,ES,Federal Contract Tower,0,5,47,0,52,0,0,123,0,123,0,5,170,0,175,158,0,158,333
05/24/2020,FMY,FL,ASO,ES,Federal Contract Tower,0,6,32,0,38,0,0,41,0,41,0,6,73,0,79,40,0,40,119
05/25/2020,FMY,FL,ASO,ES,Federal Contract Tower,0,6,41,0,47,0,0,19,0,19,0,6,60,0,66,16,0,16,82
05/26/2020,FMY,FL,ASO,ES,Federal Contract Tower,0,14,78,0,92,0,1,86,0,87,0,15,164,0,179,140,0,140,319
05/27/2020,FMY,FL,ASO,ES,Federal Contract Tower,0,7,68,0,75,0,0,120,0,120,0,7,188,0,195,210,0,210,405
05/28/2020,FMY,FL,ASO,ES,Federal Contract Tower,0,12,69,0,81,0,152,0,0,152,0,164,69,0,233,184,0,184,417
05/29/2020,FMY,FL,ASO,ES,Federal Contract Tower,0,13,59,0,72,0,0,138,0,138,0,13,197,0,210,184,0,184,394
05/30/2020,FMY,FL,ASO,ES,Federal Contract Tower,0,6,51,0,57,0,0,142,0,142,0,6,193,0,199,186,0,186,385
05/31/2020,FMY,FL,ASO,ES,Federal Contract Tower,0,15,36,0,51,0,0,109,0,109,0,15,145,0,160,114,0,114,274
06/01/2020,FMY,FL,ASO,ES,Federal Contract Tower,0,16,59,0,75,0,0,136,0,136,0,16,195,0,211,254,0,254,465
06/02/2020,FMY,FL,ASO,ES,Federal Contract Tower,0,5,61,0,66,0,0,94,0,94,0,5,155,0,160,256,0,256,416
06/03/2020,FMY,FL,ASO,ES,Federal Contract Tower,0,10,54,0,64,0,0,28,0,28,0,10,82,0,92,38,0,38,130
06/04/2020,FMY,FL,ASO,ES,Federal Contract Tower,0,12,31,0,43,0,2,70,0,72,0,14,101,0,115,122,0,122,237
06/05/2020,FMY,FL,ASO,ES,Federal Contract Tower,0,4,66,0,70,0,0,92,3,95,0,4,158,3,165,148,0,148,313
06/06/2020,FMY,FL,ASO,ES,Federal Contract Tower,0,4,63,0,67,0,1,11,0,12,0,5,74,0,79,38,0,38,117
06/07/2020,FMY,FL,ASO,ES,Federal Contract Tower,0,4,35,0,39,0,0,31,0,31,0,4,66,0,70,24,0,24,94
06/08/2020,FMY,FL,ASO,ES,Federal Contract Tower,0,9,79,2,90,0,0,130,0,130,0,9,209,2,220,260,2,262,482
06/09/2020,FMY,FL,ASO,ES,Federal Contract Tower,0,12,69,0,81,0,0,138,0,138,0,12,207,0,219,280,0,280,499
06/10/2020,FMY,FL,ASO,ES,Federal Contract Tower,0,12,49,0,61,0,2,166,0,168,0,14,215,0,229,280,0,280,509
06/11/2020,FMY,FL,ASO,ES,Federal Contract Tower,0,9,68,0,77,0,0,133,0,133,0,9,201,0,210,252,0,252,462
06/12/2020,FMY,FL,ASO,ES,Federal Contract Tower,0,46,129,0,175,0,0,210,0,210,0,46,339,0,385,250,0,250,635
06/13/2020,FMY,FL,ASO,ES,Federal Contract Tower,0,13,67,0,80,0,0,115,0,115,0,13,182,0,195,146,0,146,341
06/14/2020,FMY,FL,ASO,ES,Federal Contract Tower,0,22,51,0,73,0,2,94,0,96,0,24,145,0,169,106,0,106,275
06/15/2020,FMY,FL,ASO,ES,Federal Contract Tower,0,12,82,8,102,0,2,162,0,164,0,14,244,8,266,248,0,248,514
06/16/2020,FMY,FL,ASO,ES,Federal Contract Tower,0,11,54,10,75,0,2,148,0,150,0,13,202,10,225,262,0,262,487
06/17/2020,FMY,FL,ASO,ES,Federal Contract Tower,0,11,68,0,79,0,0,120,0,120,0,11,188,0,199,210,0,210,409
06/18/2020,FMY,FL,ASO,ES,Federal Contract Tower,0,9,52,0,61,0,0,109,0,109,0,9,161,0,170,176,0,176,346
06/19/2020,FMY,FL,ASO,ES,Federal Contract Tower,0,14,54,8,76,0,10,4,0,14,0,24,58,8,90,262,0,262,352
06/20/2020,FMY,FL,ASO,ES,Federal Contract Tower,0,15,46,0,61,0,2,121,0,123,0,17,167,0,184,146,0,146,330
06/21/2020,FMY,FL,ASO,ES,Federal Contract Tower,0,10,38,0,48,0,0,62,0,62,0,10,100,0,110,34,0,34,144
06/22/2020,FMY,FL,ASO,ES,Federal Contract Tower,0,5,63,0,68,0,6,105,0,111,0,11,168,0,179,208,0,208,387
06/23/2020,FMY,FL,ASO,ES,Federal Contract Tower,0,8,63,0,71,0,7,122,0,129,0,15,185,0,200,230,0,230,430
06/24/2020,FMY,FL,ASO,ES,Federal Contract Tower,0,13,53,6,72,0,2,108,2,112,0,15,161,8,184,236,0,236,420
06/25/2020,FMY,FL,ASO,ES,Federal Contract Tower,0,10,69,0,79,0,0,121,0,121,0,10,190,0,200,182,0,182,382
06/26/2020,FMY,FL,ASO,ES,Federal Contract Tower,0,6,94,0,100,0,5,165,0,170,0,11,259,0,270,268,0,268,538
06/27/2020,FMY,FL,ASO,ES,Federal Contract Tower,17,0,59,0,76,0,0,159,0,159,17,0,218,0,235,182,0,182,417
06/28/2020,FMY,FL,ASO,ES,Federal Contract Tower,0,6,41,0,47,0,0,79,0,79,0,6,120,0,126,116,0,116,242
06/29/2020,FMY,FL,ASO,ES,Federal Contract Tower,0,7,69,2,78,0,0,143,0,143,0,7,212,2,221,242,0,242,463
06/30/2020,FMY,FL,ASO,ES,Federal Contract Tower,0,8,57,0,65,0,2,113,0,115,0,10,170,0,180,248,0,248,428
07/01/2020,FMY,FL,ASO,ES,Federal Contract Tower,0,10,47,0,57,0,0,148,0,148,0,10,195,0,205,238,0,238,443
07/02/2020,FMY,FL,ASO,ES,Federal Contract Tower,0,4,31,0,35,0,0,151,0,151,0,4,182,0,186,216,0,216,402
07/03/2020,FMY,FL,ASO,ES,Federal Contract Tower,0,3,52,4,59,0,0,145,0,145,0,3,197,4,204,208,0,208,412
07/04/2020,FMY,FL,ASO,ES,Federal Contract Tower,0,5,28,2,35,0,0,78,0,78,0,5,106,2,113,30,8,38,151
07/05/2020,FMY,FL,ASO,ES,Federal Contract Tower,0,9,35,0,44,0,0,76,0,76,0,9,111,0,120,50,0,50,170
07/06/2020,FMY,FL,ASO,ES,Federal Contract Tower,0,7,32,0,39,0,0,114,0,114,0,7,146,0,153,156,0,156,309
07/07/2020,FMY,FL,ASO,ES,Federal Contract Tower,0,4,56,1,61,0,0,160,2,162,0,4,216,3,223,268,2,270,493
07/08/2020,FMY,FL,ASO,ES,Federal Contract Tower,0,8,61,1,70,0,1,124,0,125,0,9,185,1,195,244,0,244,439
07/09/2020,FMY,FL,ASO,ES,Federal Contract Tower,0,6,61,0,67,0,3,121,0,124,0,9,182,0,191,184,0,184,375
07/10/2020,FMY,FL,ASO,ES,Federal Contract Tower,0,7,54,0,61,0,5,129,0,134,0,12,183,0,195,138,0,138,333
07/11/2020,FMY,FL,ASO,ES,Federal Contract Tower,0,12,37,0,49,0,1,114,0,115,0,13,151,0,164,146,0,146,310
07/12/2020,FMY,FL,ASO,ES,Federal Contract Tower,0,9,24,0,33,0,3,64,0,67,0,12,88,0,100,48,0,48,148
07/13/2020,FMY,FL,ASO,ES,Federal Contract Tower,0,2,43,2,47,0,0,122,0,122,0,2,165,2,169,236,0,236,405
07/14/2020,FMY,FL,ASO,ES,Federal Contract Tower,0,7,37,0,44,0,0,115,0,115,0,7,152,0,159,146,0,146,305
07/15/2020,FMY,FL,ASO,ES,Federal Contract Tower,0,2,40,0,42,0,0,111,0,111,0,2,151,0,153,204,0,204,357
07/16/2020,FMY,FL,ASO,ES,Federal Contract Tower,0,0,54,0,54,0,1,118,0,119,0,1,172,0,173,150,0,150,323
07/17/2020,FMY,FL,ASO,ES,Federal Contract Tower,0,5,43,0,48,0,0,109,0,109,0,5,152,0,157,108,0,108,265
07/18/2020,FMY,FL,ASO,ES,Federal Contract Tower,0,8,33,0,41,0,0,120,0,120,0,8,153,0,161,142,0,142,303
07/19/2020,FMY,FL,ASO,ES,Federal Contract Tower,0,0,32,0,32,0,0,70,0,70,0,0,102,0,102,42,0,42,144
07/20/2020,FMY,FL,ASO,ES,Federal Contract Tower,0,7,45,2,54,0,2,96,0,98,0,9,141,2,152,172,0,172,324
07/21/2020,FMY,FL,ASO,ES,Federal Contract Tower,0,9,29,0,38,0,0,69,0,69,0,9,98,0,107,142,0,142,249
07/22/2020,FMY,FL,ASO,ES,Federal Contract Tower,0,6,19,0,25,0,73,0,0,73,0,79,19,0,98,231,0,231,329
07/23/2020,FMY,FL,ASO,ES,Federal Contract Tower,0,1,49,0,50,0,0,76,0,76,0,1,125,0,126,154,0,154,280
07/24/2020,FMY,FL,ASO,ES,Federal Contract Tower,0,8,67,0,75,0,8,164,0,172,0,16,231,0,247,232,0,232,479
07/25/2020,FMY,FL,ASO,ES,Federal Contract Tower,0,5,44,0,49,0,0,150,0,150,0,5,194,0,199,152,0,152,351
07/26/2020,FMY,FL,ASO,ES,Federal Contract Tower,0,7,37,0,44,0,0,90,0,90,0,7,127,0,134,66,0,66,200
07/27/2020,FMY,FL,ASO,ES,Federal Contract Tower,0,6,67,0,73,0,0,119,0,119,0,6,186,0,192,202,0,202,394
07/28/2020,FMY,FL,ASO,ES,Federal Contract Tower,0,6,34,0,40,0,0,99,0,99,0,6,133,0,139,186,0,186,325
07/29/2020,FMY,FL,ASO,ES,Federal Contract Tower,0,9,30,0,39,0,0,120,0,120,0,9,150,0,159,221,0,221,380
07/30/2020,FMY,FL,ASO,ES,Federal Contract Tower,0,6,74,0,80,0,0,138,0,138,0,6,212,0,218,180,0,180,398
07/31/2020,FMY,FL,ASO,ES,Federal Contract Tower,0,11,84,0,95,0,0,124,0,124,0,11,208,0,219,238,0,238,457
08/01/2020,FMY,FL,ASO,ES,Federal Contract Tower,0,0,34,0,34,0,0,79,0,79,0,0,113,0,113,102,0,102,215
08/02/2020,FMY,FL,ASO,ES,Federal Contract Tower,0,3,19,0,22,0,0,8,0,8,0,3,27,0,30,6,0,6,36
08/03/2020,FMY,FL,ASO,ES,Federal Contract Tower,0,2,43,0,45,0,0,116,0,116,0,2,159,0,161,260,0,260,421
08/04/2020,FMY,FL,ASO,ES,Federal Contract Tower,0,10,37,0,47,0,2,114,0,116,0,12,151,0,163,270,0,270,433
08/05/2020,FMY,FL,ASO,ES,Federal Contract Tower,0,0,16,0,16,0,0,87,0,87,0,0,103,0,103,176,0,176,279
08/06/2020,FMY,FL,ASO,ES,Federal Contract Tower,0,10,63,4,77,0,0,130,0,130,0,10,193,4,207,256,0,256,463
08/07/2020,FMY,FL,ASO,ES,Federal Contract Tower,0,5,72,0,77,0,2,134,0,136,0,7,206,0,213,220,0,220,433
08/08/2020,FMY,FL,ASO,ES,Federal Contract Tower,0,5,50,0,55,0,2,132,0,134,0,7,182,0,189,142,0,142,331
08/09/2020,FMY,FL,ASO,ES,Federal Contract Tower,0,10,43,0,53,0,0,88,0,88,0,10,131,0,141,98,0,98,239
08/10/2020,FMY,FL,ASO,ES,Federal Contract Tower,0,6,56,3,65,0,0,126,0,126,0,6,182,3,191,188,0,188,379
08/11/2020,FMY,FL,ASO,ES,Federal Contract Tower,0,6,42,0,48,0,0,96,0,96,0,6,138,0,144,206,0,206,350
08/12/2020,FMY,FL,ASO,ES,Federal Contract Tower,0,4,47,0,51,0,0,138,0,138,0,4,185,0,189,220,0,220,409
08/13/2020,FMY,FL,ASO,ES,Federal Contract Tower,0,3,50,0,53,0,1,111,0,112,0,4,161,0,165,135,0,135,300
08/14/2020,FMY,FL,ASO,ES,Federal Contract Tower,0,17,55,0,72,0,0,106,0,106,0,17,161,0,178,110,0,110,288
08/15/2020,FMY,FL,ASO,ES,Federal Contract Tower,0,5,31,0,36,0,0,100,0,100,0,5,131,0,136,104,0,104,240
08/16/2020,FMY,FL,ASO,ES,Federal Contract Tower,0,10,24,0,34,0,0,73,0,73,0,10,97,0,107,124,0,124,231
08/17/2020,FMY,FL,ASO,ES,Federal Contract Tower,0,0,56,0,56,0,2,83,0,85,0,2,139,0,141,182,0,182,323
08/18/2020,FMY,FL,ASO,ES,Federal Contract Tower,0,3,42,0,45,0,0,114,0,114,0,3,156,0,159,208,0,208,367
08/19/2020,FMY,FL,ASO,ES,Federal Contract Tower,0,3,39,0,42,0,0,90,0,90,0,3,129,0,132,182,0,182,314
08/20/2020,FMY,FL,ASO,ES,Federal Contract Tower,0,5,42,0,47,0,0,112,0,112,0,5,154,0,159,275,0,275,434
08/21/2020,FMY,FL,ASO,ES,Federal Contract Tower,0,10,39,0,49,0,0,115,0,115,0,10,154,0,164,224,0,224,388
08/22/2020,FMY,FL,ASO,ES,Federal Contract Tower,0,5,40,0,45,0,0,103,0,103,0,5,143,0,148,276,0,276,424
08/23/2020,FMY,FL,ASO,ES,Federal Contract Tower,0,9,29,2,40,0,0,70,0,70,0,9,99,2,110,86,0,86,196
08/24/2020,FMY,FL,ASO,ES,Federal Contract Tower,0,6,30,0,36,0,0,57,0,57,0,6,87,0,93,172,0,172,265
08/25/2020,FMY,FL,ASO,ES,Federal Contract Tower,0,16,36,0,52,0,0,77,0,77,0,16,113,0,129,122,0,122,251
08/26/2020,FMY,FL,ASO,ES,Federal Contract Tower,0,4,30,0,34,0,0,98,0,98,0,4,128,0,132,206,0,206,338
08/27/2020,FMY,FL,ASO,ES,Federal Contract Tower,0,0,82,0,82,0,0,142,0,142,0,0,224,0,224,270,0,270,494
08/28/2020,FMY,FL,ASO,ES,Federal Contract Tower,0,3,63,0,66,0,1,140,0,141,0,4,203,0,207,228,0,228,435
08/29/2020,FMY,FL,ASO,ES,Federal Contract Tower,0,5,49,2,56,0,0,142,0,142,0,5,191,2,198,212,0,212,410
08/30/2020,FMY,FL,ASO,ES,Federal Contract Tower,0,9,28,0,37,0,0,94,0,94,0,9,122,0,131,56,0,56,187
08/31/2020,FMY,FL,ASO,ES,Federal Contract Tower,0,6,57,0,63,0,0,117,0,117,0,6,174,0,180,226,0,226,406
09/01/2020,FMY,FL,ASO,ES,Federal Contract Tower,0,0,59,0,59,0,0,124,0,124,0,0,183,0,183,184,0,184,367
09/02/2020,FMY,FL,ASO,ES,Federal Contract Tower,0,3,58,0,61,0,2,154,0,156,0,5,212,0,217,276,0,276,493
09/03/2020,FMY,FL,ASO,ES,Federal Contract Tower,0,9,59,0,68,0,1,106,0,107,0,10,165,0,175,144,0,144,319
09/04/2020,FMY,FL,ASO,ES,Federal Contract Tower,0,21,59,0,80,0,2,146,0,148,0,23,205,0,228,266,0,266,494
09/05/2020,FMY,FL,ASO,ES,Federal Contract Tower,0,11,43,0,54,0,0,135,0,135,0,11,178,0,189,176,0,176,365
09/06/2020,FMY,FL,ASO,ES,Federal Contract Tower,0,3,32,0,35,0,0,75,0,75,0,3,107,0,110,72,0,72,182
09/07/2020,FMY,FL,ASO,ES,Federal Contract Tower,0,11,51,2,64,0,0,55,0,55,0,11,106,2,119,45,0,45,164
09/08/2020,FMY,FL,ASO,ES,Federal Contract Tower,0,7,36,0,43,0,7,101,0,108,0,14,137,0,151,216,0,216,367
09/09/2020,FMY,FL,ASO,ES,Federal Contract Tower,0,11,26,0,37,0,0,60,0,60,0,11,86,0,97,168,0,168,265
09/10/2020,FMY,FL,ASO,ES,Federal Contract Tower,0,7,39,0,46,0,0,134,0,134,0,7,173,0,180,180,0,180,360
09/11/2020,FMY,FL,ASO,ES,Federal Contract Tower,0,15,77,0,92,0,3,131,0,134,0,18,208,0,226,94,0,94,320
09/12/2020,FMY,FL,ASO,ES,Federal Contract Tower,0,10,21,2,33,0,0,36,0,36,0,10,57,2,69,60,0,60,129
09/13/2020,FMY,FL,ASO,ES,Federal Contract Tower,0,7,11,0,18,0,0,0,0,0,0,7,11,0,18,0,0,0,18
09/14/2020,FMY,FL,ASO,ES,Federal Contract Tower,0,9,28,0,37,0,0,73,0,73,0,9,101,0,110,252,0,252,362
09/15/2020,FMY,FL,ASO,ES,Federal Contract Tower,0,6,57,0,63,0,0,115,0,115,0,6,172,0,178,230,0,230,408
09/16/2020,FMY,FL,ASO,ES,Federal Contract Tower,0,15,36,0,51,0,6,135,0,141,0,21,171,0,192,222,0,222,414
09/17/2020,FMY,FL,ASO,ES,Federal Contract Tower,0,8,54,0,62,0,0,136,0,136,0,8,190,0,198,192,0,192,390
09/18/2020,FMY,FL,ASO,ES,Federal Contract Tower,0,9,55,0,64,0,0,86,0,86,0,9,141,0,150,116,0,116,266
09/19/2020,FMY,FL,ASO,ES,Federal Contract Tower,0,1,78,0,79,0,0,210,0,210,0,1,288,0,289,276,0,276,565
09/20/2020,FMY,FL,ASO,ES,Federal Contract Tower,0,6,52,0,58,0,0,69,0,69,0,6,121,0,127,38,0,38,165
09/21/2020,FMY,FL,ASO,ES,Federal Contract Tower,0,3,43,0,46,0,0,38,0,38,0,3,81,0,84,64,0,64,148
09/22/2020,FMY,FL,ASO,ES,Federal Contract Tower,0,10,44,0,54,0,2,97,0,99,0,12,141,0,153,166,0,166,319
09/23/2020,FMY,FL,ASO,ES,Federal Contract Tower,0,14,52,0,66,0,1,147,0,148,0,15,199,0,214,270,0,270,484
09/24/2020,FMY,FL,ASO,ES,Federal Contract Tower,0,5,79,0,84,0,0,175,0,175,0,5,254,0,259,218,0,218,477
09/25/2020,FMY,FL,ASO,ES,Federal Contract Tower,0,14,65,0,79,0,22,93,0,115,0,36,158,0,194,190,0,190,384
09/26/2020,FMY,FL,ASO,ES,Federal Contract Tower,0,7,58,0,65,0,1,150,0,151,0,8,208,0,216,238,0,238,454
09/27/2020,FMY,FL,ASO,ES,Federal Contract Tower,0,8,38,0,46,0,0,84,0,84,0,8,122,0,130,70,0,70,200
09/28/2020,FMY,FL,ASO,ES,Federal Contract Tower,0,0,56,0,56,0,2,90,0,92,0,2,146,0,148,286,0,286,434
09/29/2020,FMY,FL,ASO,ES,Federal Contract Tower,0,10,47,0,57,0,0,101,0,101,0,10,148,0,158,220,0,220,378
09/30/2020,FMY,FL,ASO,ES,Federal Contract Tower,0,8,51,0,59,0,0,113,0,113,0,8,164,0,172,208,0,208,380
10/01/2020,FMY,FL,ASO,ES,Federal Contract Tower,0,17,70,0,87,0,1,185,0,186,0,18,255,0,273,312,0,312,585
10/02/2020,FMY,FL,ASO,ES,Federal Contract Tower,0,6,46,5,57,0,0,0,0,0,0,6,46,5,57,258,0,258,315
10/04/2020,FMY,FL,ASO,ES,Federal Contract Tower,0,12,34,0,46,0,2,15,0,17,0,14,49,0,63,26,0,26,89
10/05/2020,FMY,FL,ASO,ES,Federal Contract Tower,0,3,77,4,84,0,0,121,0,121,0,3,198,4,205,314,0,314,519
10/06/2020,FMY,FL,ASO,ES,Federal Contract Tower,0,5,66,0,71,0,0,113,0,113,0,5,179,0,184,280,0,280,464
10/07/2020,FMY,FL,ASO,ES,Federal Contract Tower,0,17,69,0,86,0,0,155,0,155,0,17,224,0,241,282,0,282,523
10/08/2020,FMY,FL,ASO,ES,Federal Contract Tower,0,21,57,0,78,0,0,185,0,185,0,21,242,0,263,278,0,278,541
10/09/2020,FMY,FL,ASO,ES,Federal Contract Tower,0,10,72,0,82,0,3,149,0,152,0,13,221,0,234,158,0,158,392
10/10/2020,FMY,FL,ASO,ES,Federal Contract Tower,0,2,47,0,49,0,2,132,0,134,0,4,179,0,183,158,0,158,341
10/11/2020,FMY,FL,ASO,ES,Federal Contract Tower,0,8,66,0,74,0,0,104,0,104,0,8,170,0,178,80,0,80,258
10/12/2020,FMY,FL,ASO,ES,Federal Contract Tower,0,11,68,0,79,0,2,144,0,146,0,13,212,0,225,324,0,324,549
10/13/2020,FMY,FL,ASO,ES,Federal Contract Tower,0,7,57,0,64,0,0,117,0,117,0,7,174,0,181,198,0,198,379
10/14/2020,FMY,FL,ASO,ES,Federal Contract Tower,0,26,58,0,84,0,1,168,0,169,0,27,226,0,253,240,0,240,493
10/15/2020,FMY,FL,ASO,ES,Federal Contract Tower,0,17,68,0,85,0,0,143,0,143,0,17,211,0,228,234,0,234,462
10/16/2020,FMY,FL,ASO,ES,Federal Contract Tower,0,9,50,0,59,0,1,100,0,101,0,10,150,0,160,216,0,216,376
10/17/2020,FMY,FL,ASO,ES,Federal Contract Tower,0,8,40,0,48,0,1,126,0,127,0,9,166,0,175,124,0,124,299
10/18/2020,FMY,FL,ASO,ES,Federal Contract Tower,0,18,60,0,78,0,0,134,0,134,0,18,194,0,212,132,0,132,344
10/19/2020,FMY,FL,ASO,ES,Federal Contract Tower,0,9,55,0,64,0,0,27,0,27,0,9,82,0,91,52,0,52,143
10/20/2020,FMY,FL,ASO,ES,Federal Contract Tower,0,7,53,0,60,0,0,81,0,81,0,7,134,0,141,130,0,130,271
10/21/2020,FMY,FL,ASO,ES,Federal Contract Tower,0,12,67,0,79,0,0,96,0,96,0,12,163,0,175,162,0,162,337
10/22/2020,FMY,FL,ASO,ES,Federal Contract Tower,0,8,87,2,97,0,1,126,0,127,0,9,213,2,224,194,0,194,418
10/23/2020,FMY,FL,ASO,ES,Federal Contract Tower,0,10,94,0,104,0,1,142,0,143,0,11,236,0,247,268,0,268,515
10/24/2020,FMY,FL,ASO,ES,Federal Contract Tower,0,11,55,0,66,0,0,100,0,100,0,11,155,0,166,196,0,196,362
10/26/2020,FMY,FL,ASO,ES,Federal Contract Tower,0,11,63,0,74,0,0,101,0,101,0,11,164,0,175,230,0,230,405
10/27/2020,FMY,FL,ASO,ES,Federal Contract Tower,0,4,74,0,78,0,2,135,0,137,0,6,209,0,215,222,0,222,437
10/28/2020,FMY,FL,ASO,ES,Federal Contract Tower,0,10,79,0,89,0,0,149,0,149,0,10,228,0,238,154,0,154,392
10/29/2020,FMY,FL,ASO,ES,Federal Contract Tower,0,11,84,2,97,0,3,176,0,179,0,14,260,2,276,250,2,252,528
10/30/2020,FMY,FL,ASO,ES,Federal Contract Tower,0,18,62,0,80,0,4,173,0,177,0,22,235,0,257,218,0,218,475
10/31/2020,FMY,FL,ASO,ES,Federal Contract Tower,0,14,60,0,74,0,0,156,0,156,0,14,216,0,230,266,0,266,496
11/01/2020,FMY,FL,ASO,ES,Federal Contract Tower,0,18,56,8,82,0,1,99,0,100,0,19,155,8,182,72,0,72,254
11/02/2020,FMY,FL,ASO,ES,Federal Contract Tower,0,13,43,0,56,0,2,75,0,77,0,15,118,0,133,98,0,98,231
11/03/2020,FMY,FL,ASO,ES,Federal Contract Tower,0,7,41,0,48,0,1,81,0,82,0,8,122,0,130,132,0,132,262
11/04/2020,FMY,FL,ASO,ES,Federal Contract Tower,0,14,38,0,52,0,0,89,0,89,0,14,127,0,141,162,0,162,303
11/05/2020,FMY,FL,ASO,ES,Federal Contract Tower,0,10,53,0,63,0,0,97,0,97,0,10,150,0,160,154,0,154,314
11/06/2020,FMY,FL,ASO,ES,Federal Contract Tower,0,15,57,2,74,0,1,106,0,107,0,16,163,2,181,120,0,120,301
11/08/2020,FMY,FL,ASO,ES,Federal Contract Tower,0,9,23,0,32,0,0,4,0,4,0,9,27,0,36,0,0,0,36
11/09/2020,FMY,FL,ASO,ES,Federal Contract Tower,0,5,9,0,14,0,0,6,0,6,0,5,15,0,20,0,0,0,20
11/10/2020,FMY,FL,ASO,ES,Federal Contract Tower,0,7,29,0,36,0,0,31,0,31,0,7,60,0,67,88,0,88,155
11/11/2020,FMY,FL,ASO,ES,Federal Contract Tower,0,3,16,0,19,0,0,2,0,2,0,3,18,0,21,2,0,2,23
11/12/2020,FMY,FL,ASO,ES,Federal Contract Tower,0,5,64,0,69,0,1,115,0,116,0,6,179,0,185,230,0,230,415
11/13/2020,FMY,FL,ASO,ES,Federal Contract Tower,0,6,135,4,145,0,0,177,0,177,0,6,312,4,322,260,0,260,582
11/14/2020,FMY,FL,ASO,ES,Federal Contract Tower,0,14,101,0,115,0,3,82,0,85,0,17,183,0,200,216,0,216,416
11/15/2020,FMY,FL,ASO,ES,Federal Contract Tower,0,18,64,0,82,0,4,127,0,131,0,22,191,0,213,168,0,168,381
11/16/2020,FMY,FL,ASO,ES,Federal Contract Tower,0,9,91,2,102,0,4,187,0,191,0,13,278,2,293,354,0,354,647
11/17/2020,FMY,FL,ASO,ES,Federal Contract Tower,0,6,69,0,75,0,2,177,0,179,0,8,246,0,254,240,0,240,494
11/18/2020,FMY,FL,ASO,ES,Federal Contract Tower,0,6,33,0,39,0,5,135,0,140,0,11,168,0,179,170,0,170,349
11/19/2020,FMY,FL,ASO,ES,Federal Contract Tower,0,16,84,6,106,0,0,132,0,132,0,16,216,6,238,186,0,186,424
11/20/2020,FMY,FL,ASO,ES,Federal Contract Tower,0,13,81,6,100,0,5,188,0,193,0,18,269,6,293,218,0,218,511
11/21/2020,FMY,FL,ASO,ES,Federal Contract Tower,0,15,83,0,98,0,0,127,0,127,0,15,210,0,225,188,0,188,413
11/22/2020,FMY,FL,ASO,ES,Federal Contract Tower,0,9,59,0,68,0,2,88,0,90,0,11,147,0,158,98,0,98,256
11/23/2020,FMY,FL,ASO,ES,Federal Contract Tower,0,17,82,0,99,0,1,58,0,59,0,18,140,0,158,70,0,70,228
11/24/2020,FMY,FL,ASO,ES,Federal Contract Tower,0,9,83,0,92,0,1,196,0,197,0,10,279,0,289,264,0,264,553
11/25/2020,FMY,FL,ASO,ES,Federal Contract Tower,0,16,65,0,81,0,3,148,0,151,0,19,213,0,232,232,0,232,464
11/26/2020,FMY,FL,ASO,ES,Federal Contract Tower,0,6,14,0,20,0,2,50,0,52,0,8,64,0,72,10,0,10,82
11/27/2020,FMY,FL,ASO,ES,Federal Contract Tower,0,17,60,1,78,0,0,133,0,133,0,17,193,1,211,84,0,84,295
11/28/2020,FMY,FL,ASO,ES,Federal Contract Tower,0,15,78,0,93,0,2,148,0,150,0,17,226,0,243,214,0,214,457
11/29/2020,FMY,FL,ASO,ES,Federal Contract Tower,0,23,114,0,137,0,2,76,0,78,0,25,190,0,215,40,0,40,255
11/30/2020,FMY,FL,ASO,ES,Federal Contract Tower,0,18,58,0,76,0,0,55,0,55,0,18,113,0,131,132,0,132,263
12/01/2020,FMY,FL,ASO,ES,Federal Contract Tower,0,16,67,0,83,0,3,129,0,132,0,19,196,0,215,210,0,210,425
12/02/2020,FMY,FL,ASO,ES,Federal Contract Tower,0,11,45,0,56,0,4,138,0,142,0,15,183,0,198,248,0,248,446
12/03/2020,FMY,FL,ASO,ES,Federal Contract Tower,0,25,57,0,82,0,2,154,0,156,0,27,211,0,238,216,0,216,454
12/04/2020,FMY,FL,ASO,ES,Federal Contract Tower,0,18,65,0,83,0,0,147,0,147,0,18,212,0,230,236,0,236,466
12/05/2020,FMY,FL,ASO,ES,Federal Contract Tower,0,12,56,0,68,0,2,164,0,166,0,14,220,0,234,182,0,182,416
12/06/2020,FMY,FL,ASO,ES,Federal Contract Tower,0,17,65,0,82,0,0,93,0,93,0,17,158,0,175,64,0,64,239
12/07/2020,FMY,FL,ASO,ES,Federal Contract Tower,0,12,49,0,61,0,0,63,0,63,0,12,112,0,124,88,0,88,212
12/08/2020,FMY,FL,ASO,ES,Federal Contract Tower,0,7,89,0,96,0,0,122,0,122,0,7,211,0,218,136,0,136,354
12/09/2020,FMY,FL,ASO,ES,Federal Contract Tower,0,14,48,0,62,0,2,157,0,159,0,16,205,0,221,270,0,270,491
12/10/2020,FMY,FL,ASO,ES,Federal Contract Tower,0,25,61,0,86,0,4,159,0,163,0,29,220,0,249,206,0,206,455
12/11/2020,FMY,FL,ASO,ES,Federal Contract Tower,0,11,92,0,103,0,0,166,0,166,0,11,258,0,269,220,0,220,489
12/12/2020,FMY,FL,ASO,ES,Federal Contract Tower,0,11,60,0,71,0,4,161,0,165,0,15,221,0,236,110,0,110,346
12/13/2020,FMY,FL,ASO,ES,Federal Contract Tower,0,15,83,7,105,0,1,121,0,122,0,16,204,7,227,94,0,94,321
12/14/2020,FMY,FL,ASO,ES,Federal Contract Tower,0,10,50,0,60,0,0,95,0,95,0,10,145,0,155,124,0,124,279
12/15/2020,FMY,FL,ASO,ES,Federal Contract Tower,0,12,101,0,113,0,1,107,0,108,0,13,208,0,221,116,0,116,337
12/16/2020,FMY,FL,ASO,ES,Federal Contract Tower,0,21,51,0,72,0,1,90,0,91,0,22,141,0,163,150,0,150,313
12/17/2020,FMY,FL,ASO,ES,Federal Contract Tower,0,14,61,0,75,0,0,56,0,56,0,14,117,0,131,98,0,98,229
12/18/2020,FMY,FL,ASO,ES,Federal Contract Tower,0,24,104,0,128,0,0,125,0,125,0,24,229,0,253,92,0,92,345
12/19/2020,FMY,FL,ASO,ES,Federal Contract Tower,0,26,67,0,93,0,0,160,0,160,0,26,227,0,253,192,0,192,445
12/20/2020,FMY,FL,ASO,ES,Federal Contract Tower,0,11,60,0,71,0,4,87,0,91,0,15,147,0,162,58,0,58,220
12/21/2020,FMY,FL,ASO,ES,Federal Contract Tower,0,8,49,0,57,0,0,125,0,125,0,8,174,0,182,164,0,164,346
12/22/2020,FMY,FL,ASO,ES,Federal Contract Tower,0,16,85,0,101,0,1,157,0,158,0,17,242,0,259,188,0,188,447
12/23/2020,FMY,FL,ASO,ES,Federal Contract Tower,0,11,44,0,55,0,2,146,0,148,0,13,190,0,203,174,0,174,377
12/24/2020,FMY,FL,ASO,ES,Federal Contract Tower,0,4,21,0,25,0,0,39,0,39,0,4,60,0,64,40,0,40,104
12/25/2020,FMY,FL,ASO,ES,Federal Contract Tower,0,7,17,0,24,0,5,17,0,22,0,12,34,0,46,28,0,28,74
12/26/2020,FMY,FL,ASO,ES,Federal Contract Tower,0,24,128,0,152,0,4,128,0,132,0,28,256,0,284,162,0,162,446
12/27/2020,FMY,FL,ASO,ES,Federal Contract Tower,0,22,90,0,112,0,8,99,0,107,0,30,189,0,219,48,0,48,267
12/28/2020,FMY,FL,ASO,ES,Federal Contract Tower,0,27,78,0,105,0,4,130,1,135,0,31,208,1,240,196,0,196,436
12/29/2020,FMY,FL,ASO,ES,Federal Contract Tower,0,18,77,0,95,0,0,160,0,160,0,18,237,0,255,125,0,125,380
12/30/2020,FMY,FL,ASO,ES,Federal Contract Tower,0,29,107,0,136,0,0,158,0,158,0,29,265,0,294,100,0,100,394
12/31/2020,FMY,FL,ASO,ES,Federal Contract Tower,0,31,39,0,70,0,2,108,0,110,0,33,147,0,180,141,0,141,321
01/01/2021,FMY,FL,ASO,ES,Federal Contract Tower,0,17,32,0,49,0,0,0,0,0,0,17,32,0,49,18,0,18,67
01/02/2021,FMY,FL,ASO,ES,Federal Contract Tower,0,30,96,0,126,0,0,88,0,88,0,30,184,0,214,64,0,64,278
01/03/2021,FMY,FL,ASO,ES,Federal Contract Tower,0,15,104,1,120,0,9,64,0,73,0,24,168,1,193,82,0,82,275
01/04/2021,FMY,FL,ASO,ES,Federal Contract Tower,0,15,73,12,100,0,1,114,0,115,0,16,187,12,215,114,0,114,329
01/05/2021,FMY,FL,ASO,ES,Federal Contract Tower,0,17,49,0,66,0,0,157,0,157,0,17,206,0,223,176,0,176,399
01/06/2021,FMY,FL,ASO,ES,Federal Contract Tower,0,14,88,0,102,0,0,165,0,165,0,14,253,0,267,202,0,202,469
01/07/2021,FMY,FL,ASO,ES,Federal Contract Tower,0,20,56,0,76,0,1,135,0,136,0,21,191,0,212,168,0,168,380
01/08/2021,FMY,FL,ASO,ES,Federal Contract Tower,0,28,53,2,83,0,5,117,0,122,0,33,170,2,205,158,0,158,363
01/09/2021,FMY,FL,ASO,ES,Federal Contract Tower,0,12,58,0,70,0,3,156,0,159,0,15,214,0,229,182,0,182,411
01/10/2021,FMY,FL,ASO,ES,Federal Contract Tower,0,12,60,0,72,0,0,131,0,131,0,12,191,0,203,100,0,100,303
01/11/2021,FMY,FL,ASO,ES,Federal Contract Tower,0,13,82,0,95,0,4,136,0,140,0,17,218,0,235,114,0,114,349
01/12/2021,FMY,FL,ASO,ES,Federal Contract Tower,0,13,87,0,100,0,0,27,0,27,0,13,114,0,127,58,0,58,185
01/13/2021,FMY,FL,ASO,ES,Federal Contract Tower,0,14,78,0,92,0,0,30,0,30,0,14,108,0,122,36,0,36,158
01/14/2021,FMY,FL,ASO,ES,Federal Contract Tower,0,8,92,0,100,0,0,194,0,194,0,8,286,0,294,270,0,270,564
01/15/2021,FMY,FL,ASO,ES,Federal Contract Tower,0,11,90,0,101,0,0,135,1,136,0,11,225,1,237,202,0,202,439
01/16/2021,FMY,FL,ASO,ES,Federal Contract Tower,0,17,49,0,66,0,0,113,0,113,0,17,162,0,179,57,0,57,236
01/17/2021,FMY,FL,ASO,ES,Federal Contract Tower,0,14,56,0,70,0,0,111,0,111,0,14,167,0,181,120,0,120,301
01/18/2021,FMY,FL,ASO,ES,Federal Contract Tower,0,8,79,0,87,0,0,148,0,148,0,8,227,0,235,220,0,220,455
01/19/2021,FMY,FL,ASO,ES,Federal Contract Tower,0,11,56,0,67,0,0,156,0,156,0,11,212,0,223,158,0,158,381
01/20/2021,FMY,FL,ASO,ES,Federal Contract Tower,0,21,71,0,92,0,2,157,0,159,0,23,228,0,251,236,0,236,487
01/21/2021,FMY,FL,ASO,ES,Federal Contract Tower,0,13,85,0,98,0,1,189,0,190,0,14,274,0,288,254,0,254,542
01/22/2021,FMY,FL,ASO,ES,Federal Contract Tower,0,22,71,0,93,0,0,187,0,187,0,22,258,0,280,200,0,200,480
01/23/2021,FMY,FL,ASO,ES,Federal Contract Tower,0,19,76,0,95,0,3,132,0,135,0,22,208,0,230,124,0,124,354
01/24/2021,FMY,FL,ASO,ES,Federal Contract Tower,0,15,44,0,59,0,4,122,0,126,0,19,166,0,185,174,0,174,359
01/25/2021,FMY,FL,ASO,ES,Federal Contract Tower,0,8,73,0,81,0,5,133,0,138,0,13,206,0,219,155,0,155,374
01/26/2021,FMY,FL,ASO,ES,Federal Contract Tower,0,15,100,0,115,0,0,152,0,152,0,15,252,0,267,204,0,204,471
01/27/2021,FMY,FL,ASO,ES,Federal Contract Tower,0,15,64,0,79,0,0,111,0,111,0,15,175,0,190,118,0,118,308
01/28/2021,FMY,FL,ASO,ES,Federal Contract Tower,0,18,65,0,83,0,2,170,0,172,0,20,235,0,255,153,0,153,408
01/29/2021,FMY,FL,ASO,ES,Federal Contract Tower,0,16,131,0,147,0,3,200,2,205,0,19,331,2,352,259,2,261,613
01/30/2021,FMY,FL,ASO,ES,Federal Contract Tower,0,12,93,0,105,0,0,183,0,183,0,12,276,0,288,184,0,184,472
01/31/2021,FMY,FL,ASO,ES,Federal Contract Tower,0,11,67,0,78,0,0,121,0,121,0,11,188,0,199,118,0,118,317
02/01/2021,FMY,FL,ASO,ES,Federal Contract Tower,0,11,56,0,67,0,2,70,0,72,0,13,126,0,139,28,0,28,167
02/02/2021,FMY,FL,ASO,ES,Federal Contract Tower,0,6,51,0,57,0,1,81,0,82,0,7,132,0,139,104,0,104,243
02/03/2021,FMY,FL,ASO,ES,Federal Contract Tower,0,10,70,0,80,0,1,207,0,208,0,11,277,0,288,225,0,225,513
02/04/2021,FMY,FL,ASO,ES,Federal Contract Tower,0,44,66,0,110,0,0,171,0,171,0,44,237,0,281,226,0,226,507
02/05/2021,FMY,FL,ASO,ES,Federal Contract Tower,0,20,120,0,140,0,6,248,0,254,0,26,368,0,394,204,0,204,598
02/06/2021,FMY,FL,ASO,ES,Federal Contract Tower,0,14,71,0,85,0,2,87,0,89,0,16,158,0,174,140,0,140,314
02/07/2021,FMY,FL,ASO,ES,Federal Contract Tower,0,19,35,0,54,0,0,32,0,32,0,19,67,0,86,48,0,48,134
02/08/2021,FMY,FL,ASO,ES,Federal Contract Tower,0,12,79,0,91,0,3,64,0,67,0,15,143,0,158,114,0,114,272
02/09/2021,FMY,FL,ASO,ES,Federal Contract Tower,0,5,57,2,64,0,0,140,0,140,0,5,197,2,204,152,0,152,356
02/10/2021,FMY,FL,ASO,ES,Federal Contract Tower,0,26,63,3,92,0,2,181,0,183,0,28,244,3,275,169,0,169,444
02/11/2021,FMY,FL,ASO,ES,Federal Contract Tower,0,19,98,0,117,0,4,188,0,192,0,23,286,0,309,140,0,140,449
02/12/2021,FMY,FL,ASO,ES,Federal Contract Tower,0,25,91,0,116,0,4,121,0,125,0,29,212,0,241,64,0,64,305
02/13/2021,FMY,FL,ASO,ES,Federal Contract Tower,0,21,65,0,86,0,1,101,0,102,0,22,166,0,188,114,0,114,302
02/14/2021,FMY,FL,ASO,ES,Federal Contract Tower,0,23,55,0,78,0,4,122,0,126,0,27,177,0,204,68,0,68,272
02/15/2021,FMY,FL,ASO,ES,Federal Contract Tower,0,7,74,0,81,0,0,123,0,123,0,7,197,0,204,134,0,134,338
02/16/2021,FMY,FL,ASO,ES,Federal Contract Tower,0,13,60,0,73,0,0,80,0,80,0,13,140,0,153,118,0,118,271
02/17/2021,FMY,FL,ASO,ES,Federal Contract Tower,0,16,127,0,143,0,0,103,0,103,0,16,230,0,246,218,0,218,464
02/18/2021,FMY,FL,ASO,ES,Federal Contract Tower,0,19,84,0,103,0,2,187,0,189,0,21,271,0,292,228,0,228,520
02/19/2021,FMY,FL,ASO,ES,Federal Contract Tower,0,18,82,0,100,0,6,51,0,57,0,24,133,0,157,54,0,54,211
02/20/2021,FMY,FL,ASO,ES,Federal Contract Tower,0,34,133,0,167,0,0,237,0,237,0,34,370,0,404,264,0,264,668
02/21/2021,FMY,FL,ASO,ES,Federal Contract Tower,0,14,77,0,91,0,4,122,0,126,0,18,199,0,217,58,0,58,275
02/22/2021,FMY,FL,ASO,ES,Federal Contract Tower,0,18,56,0,74,0,0,157,0,157,0,18,213,0,231,192,0,192,423
02/23/2021,FMY,FL,ASO,ES,Federal Contract Tower,0,21,90,0,111,0,0,144,0,144,0,21,234,0,255,178,0,178,433
02/24/2021,FMY,FL,ASO,ES,Federal Contract Tower,0,16,98,0,114,0,0,177,0,177,0,16,275,0,291,151,0,151,442
02/25/2021,FMY,FL,ASO,ES,Federal Contract Tower,26,85,0,0,111,0,2,222,0,224,26,87,222,0,335,250,0,250,585
02/26/2021,FMY,FL,ASO,ES,Federal Contract Tower,0,17,85,0,102,0,0,176,0,176,0,17,261,0,278,194,0,194,472
02/27/2021,FMY,FL,ASO,ES,Federal Contract Tower,0,22,95,0,117,0,0,182,0,182,0,22,277,0,299,184,0,184,483
02/28/2021,FMY,FL,ASO,ES,Federal Contract Tower,0,19,66,0,85,0,2,124,0,126,0,21,190,0,211,52,0,52,263
03/01/2021,FMY,FL,ASO,ES,Federal Contract Tower,0,8,95,0,103,0,1,135,0,136,0,9,230,0,239,148,0,148,387
03/02/2021,FMY,FL,ASO,ES,Federal Contract Tower,0,3,79,0,82,0,0,88,0,88,0,3,167,0,170,126,0,126,296
03/03/2021,FMY,FL,ASO,ES,Federal Contract Tower,0,18,81,0,99,0,3,100,0,103,0,21,181,0,202,138,0,138,340
03/04/2021,FMY,FL,ASO,ES,Federal Contract Tower,0,16,75,0,91,0,4,150,0,154,0,20,225,0,245,168,0,168,413
03/05/2021,FMY,FL,ASO,ES,Federal Contract Tower,0,21,86,0,107,0,1,233,0,234,0,22,319,0,341,266,0,266,607
03/06/2021,FMY,FL,ASO,ES,Federal Contract Tower,0,26,76,0,102,0,0,84,0,84,0,26,160,0,186,108,0,108,294
03/07/2021,FMY,FL,ASO,ES,Federal Contract Tower,0,14,95,0,109,0,3,160,0,163,0,17,255,0,272,94,0,94,366
03/08/2021,FMY,FL,ASO,ES,Federal Contract Tower,0,13,65,1,79,0,0,117,0,117,0,13,182,1,196,102,0,102,298
03/09/2021,FMY,FL,ASO,ES,Federal Contract Tower,0,8,74,0,82,0,0,126,0,126,0,8,200,0,208,110,0,110,318
03/10/2021,FMY,FL,ASO,ES,Federal Contract Tower,0,17,77,0,94,0,0,196,0,196,0,17,273,0,290,190,0,190,480
03/11/2021,FMY,FL,ASO,ES,Federal Contract Tower,0,15,93,0,108,0,2,176,0,178,0,17,269,0,286,168,0,168,454
03/12/2021,FMY,FL,ASO,ES,Federal Contract Tower,0,18,115,0,133,0,1,169,0,170,0,19,284,0,303,136,0,136,439
03/14/2021,FMY,FL,ASO,ES,Federal Contract Tower,0,17,86,0,103,0,0,115,0,115,0,17,201,0,218,146,0,146,364
03/15/2021,FMY,FL,ASO,ES,Federal Contract Tower,0,30,85,0,115,0,4,177,0,181,0,34,262,0,296,226,0,226,522
03/16/2021,FMY,FL,ASO,ES,Federal Contract Tower,0,15,69,0,84,0,1,135,0,136,0,16,204,0,220,138,0,138,358
03/17/2021,FMY,FL,ASO,ES,Federal Contract Tower,0,24,50,0,74,0,6,147,0,153,0,30,197,0,227,236,0,236,463
03/18/2021,FMY,FL,ASO,ES,Federal Contract Tower,0,27,68,0,95,0,2,131,0,133,0,29,199,0,228,162,0,162,390
03/19/2021,FMY,FL,ASO,ES,Federal Contract Tower,0,19,114,0,133,0,6,227,0,233,0,25,341,0,366,184,0,184,550
03/20/2021,FMY,FL,ASO,ES,Federal Contract Tower,0,21,123,0,144,0,8,22,0,30,0,29,145,0,174,138,0,138,312
03/21/2021,FMY,FL,ASO,ES,Federal Contract Tower,0,30,92,0,122,0,2,84,0,86,0,32,176,0,208,72,0,72,280
03/22/2021,FMY,FL,ASO,ES,Federal Contract Tower,0,17,94,0,111,0,8,138,0,146,0,25,232,0,257,212,0,212,469
03/23/2021,FMY,FL,ASO,ES,Federal Contract Tower,0,7,57,0,64,0,0,118,0,118,0,7,175,0,182,212,0,212,394
03/24/2021,FMY,FL,ASO,ES,Federal Contract Tower,0,17,102,5,124,0,1,192,0,193,0,18,294,5,317,222,0,222,539
03/25/2021,FMY,FL,ASO,ES,Federal Contract Tower,0,18,71,0,89,0,0,161,0,161,0,18,232,0,250,208,0,208,458
03/26/2021,FMY,FL,ASO,ES,Federal Contract Tower,0,21,112,2,135,0,3,103,0,106,0,24,215,2,241,124,0,124,365
03/27/2021,FMY,FL,ASO,ES,Federal Contract Tower,0,25,90,0,115,0,1,180,0,181,0,26,270,0,296,58,0,58,354
03/28/2021,FMY,FL,ASO,ES,Federal Contract Tower,0,16,59,0,75,0,5,109,0,114,0,21,168,0,189,120,0,120,309
03/29/2021,FMY,FL,ASO,ES,Federal Contract Tower,0,17,86,0,103,0,4,120,0,124,0,21,206,0,227,164,0,164,391
03/30/2021,FMY,FL,ASO,ES,Federal Contract Tower,0,10,92,0,102,0,0,164,0,164,0,10,256,0,266,184,0,184,450
03/31/2021,FMY,FL,ASO,ES,Federal Contract Tower,0,11,107,0,118,0,2,161,0,163,0,13,268,0,281,244,0,244,525
04/01/2021,FMY,FL,ASO,ES,Federal Contract Tower,0,19,95,0,114,0,1,108,0,109,0,20,203,0,223,142,0,142,365
04/02/2021,FMY,FL,ASO,ES,Federal Contract Tower,0,27,99,0,126,0,2,162,0,164,0,29,261,0,290,104,0,104,394
04/03/2021,FMY,FL,ASO,ES,Federal Contract Tower,0,25,123,0,148,0,0,185,0,185,0,25,308,0,333,176,0,176,509
04/04/2021,FMY,FL,ASO,ES,Federal Contract Tower,0,13,42,0,55,0,4,102,0,106,0,17,144,0,161,24,0,24,185
04/05/2021,FMY,FL,ASO,ES,Federal Contract Tower,0,17,85,0,102,0,0,164,0,164,0,17,249,0,266,200,0,200,466
04/06/2021,FMY,FL,ASO,ES,Federal Contract Tower,0,7,86,0,93,0,0,173,0,173,0,7,259,0,266,180,0,180,446
04/07/2021,FMY,FL,ASO,ES,Federal Contract Tower,0,13,81,0,94,0,9,159,0,168,0,22,240,0,262,196,0,196,458
04/08/2021,FMY,FL,ASO,ES,Federal Contract Tower,0,11,51,0,62,0,0,158,0,158,0,11,209,0,220,205,0,205,425
04/09/2021,FMY,FL,ASO,ES,Federal Contract Tower,0,21,79,0,100,0,2,130,0,132,0,23,209,0,232,145,0,145,377
04/10/2021,FMY,FL,ASO,ES,Federal Contract Tower,0,16,74,0,90,0,0,131,0,131,0,16,205,0,221,152,0,152,373
04/11/2021,FMY,FL,ASO,ES,Federal Contract Tower,0,4,38,0,42,0,0,47,0,47,0,4,85,0,89,50,0,50,139
04/12/2021,FMY,FL,ASO,ES,Federal Contract Tower,0,21,98,0,119,0,1,117,0,118,0,22,215,0,237,146,0,146,383
04/13/2021,FMY,FL,ASO,ES,Federal Contract Tower,0,13,73,0,86,0,3,174,0,177,0,16,247,0,263,242,0,242,505
04/14/2021,FMY,FL,ASO,ES,Federal Contract Tower,0,11,81,0,92,0,4,210,0,214,0,15,291,0,306,266,0,266,572
04/15/2021,FMY,FL,ASO,ES,Federal Contract Tower,0,23,77,0,100,0,2,187,0,189,0,25,264,0,289,310,0,310,599
04/16/2021,FMY,FL,ASO,ES,Federal Contract Tower,0,9,86,0,95,0,13,168,0,181,0,22,254,0,276,196,0,196,472
04/17/2021,FMY,FL,ASO,ES,Federal Contract Tower,0,16,77,0,93,0,3,191,0,194,0,19,268,0,287,240,0,240,527
04/18/2021,FMY,FL,ASO,ES,Federal Contract Tower,0,16,84,0,100,0,1,126,0,127,0,17,210,0,227,124,0,124,351
04/19/2021,FMY,FL,ASO,ES,Federal Contract Tower,0,10,31,0,41,0,0,22,0,22,0,10,53,0,63,16,0,16,79
04/20/2021,FMY,FL,ASO,ES,Federal Contract Tower,0,16,50,0,66,0,0,35,0,35,0,16,85,0,101,30,0,30,131
04/21/2021,FMY,FL,ASO,ES,Federal Contract Tower,0,24,57,0,81,0,1,102,0,103,0,25,159,0,184,160,0,160,344
04/22/2021,FMY,FL,ASO,ES,Federal Contract Tower,0,12,93,0,105,0,0,197,0,197,0,12,290,0,302,220,0,220,522
04/23/2021,FMY,FL,ASO,ES,Federal Contract Tower,0,15,91,0,106,0,1,173,0,174,0,16,264,0,280,144,0,144,424
04/24/2021,FMY,FL,ASO,ES,Federal Contract Tower,0,16,90,0,106,0,10,139,0,149,0,26,229,0,255,152,0,152,407
04/25/2021,FMY,FL,ASO,ES,Federal Contract Tower,0,18,91,0,109,0,2,90,0,92,0,20,181,0,201,94,0,94,295
04/26/2021,FMY,FL,ASO,ES,Federal Contract Tower,0,12,69,0,81,0,1,133,0,134,0,13,202,0,215,230,0,230,445
04/27/2021,FMY,FL,ASO,ES,Federal Contract Tower,0,19,62,0,81,0,0,141,0,141,0,19,203,0,222,188,0,188,410
04/28/2021,FMY,FL,ASO,ES,Federal Contract Tower,0,11,60,0,71,0,0,166,0,166,0,11,226,0,237,225,0,225,462
04/29/2021,FMY,FL,ASO,ES,Federal Contract Tower,0,15,64,0,79,0,3,133,0,136,0,18,197,0,215,172,0,172,387
04/30/2021,FMY,FL,ASO,ES,Federal Contract Tower,0,12,116,0,128,0,0,153,0,153,0,12,269,0,281,182,0,182,463
05/02/2021,FMY,FL,ASO,ES,Federal Contract Tower,0,11,75,0,86,0,0,170,0,170,0,11,245,0,256,172,0,172,428
05/03/2021,FMY,FL,ASO,ES,Federal Contract Tower,0,8,62,0,70,0,2,113,0,115,0,10,175,0,185,216,0,216,401
05/04/2021,FMY,FL,ASO,ES,Federal Contract Tower,0,13,67,0,80,0,0,155,0,155,0,13,222,0,235,178,0,178,413
05/05/2021,FMY,FL,ASO,ES,Federal Contract Tower,0,26,95,3,124,0,0,176,0,176,0,26,271,3,300,274,0,274,574
05/06/2021,FMY,FL,ASO,ES,Federal Contract Tower,0,19,59,0,78,0,149,0,0,149,0,168,59,0,227,306,0,306,533
05/07/2021,FMY,FL,ASO,ES,Federal Contract Tower,0,21,93,0,114,0,17,135,0,152,0,38,228,0,266,101,0,101,367
05/08/2021,FMY,FL,ASO,ES,Federal Contract Tower,0,14,85,0,99,0,7,172,0,179,0,21,257,0,278,216,0,216,494
05/09/2021,FMY,FL,ASO,ES,Federal Contract Tower,0,13,42,0,55,0,12,108,0,120,0,25,150,0,175,126,0,126,301
05/10/2021,FMY,FL,ASO,ES,Federal Contract Tower,0,13,88,0,101,0,5,122,0,127,0,18,210,0,228,126,0,126,354
05/11/2021,FMY,FL,ASO,ES,Federal Contract Tower,0,6,78,0,84,0,1,125,0,126,0,7,203,0,210,242,0,242,452
05/12/2021,FMY,FL,ASO,ES,Federal Contract Tower,0,22,58,0,80,0,2,144,0,146,0,24,202,0,226,190,0,190,416
05/13/2021,FMY,FL,ASO,ES,Federal Contract Tower,0,17,122,0,139,0,0,174,0,174,0,17,296,0,313,277,0,277,590
05/14/2021,FMY,FL,ASO,ES,Federal Contract Tower,0,23,98,0,121,0,0,153,0,153,0,23,251,0,274,152,0,152,426
05/15/2021,FMY,FL,ASO,ES,Federal Contract Tower,0,20,88,0,108,0,4,147,0,151,0,24,235,0,259,114,0,114,373
05/16/2021,FMY,FL,ASO,ES,Federal Contract Tower,0,13,69,0,82,0,0,114,0,114,0,13,183,0,196,170,0,170,366
05/17/2021,FMY,FL,ASO,ES,Federal Contract Tower,0,15,49,6,70,0,4,144,0,148,0,19,193,6,218,192,0,192,410
05/18/2021,FMY,FL,ASO,ES,Federal Contract Tower,0,9,57,0,66,0,0,116,0,116,0,9,173,0,182,124,0,124,306
05/19/2021,FMY,FL,ASO,ES,Federal Contract Tower,0,14,58,0,72,0,0,80,0,80,0,14,138,0,152,28,0,28,180
05/20/2021,FMY,FL,ASO,ES,Federal Contract Tower,0,18,45,0,63,0,3,56,0,59,0,21,101,0,122,50,0,50,172
05/21/2021,FMY,FL,ASO,ES,Federal Contract Tower,0,17,71,5,93,0,4,93,0,97,0,21,164,5,190,86,0,86,276
05/22/2021,FMY,FL,ASO,ES,Federal Contract Tower,0,11,70,0,81,0,2,132,0,134,0,13,202,0,215,94,0,94,309
05/23/2021,FMY,FL,ASO,ES,Federal Contract Tower,0,5,63,0,68,0,2,132,2,136,0,7,195,2,204,80,4,84,288
05/24/2021,FMY,FL,ASO,ES,Federal Contract Tower,0,16,54,0,70,0,0,153,0,153,0,16,207,0,223,222,0,222,445
05/26/2021,FMY,FL,ASO,ES,Federal Contract Tower,0,18,65,0,83,0,0,172,0,172,0,18,237,0,255,218,0,218,473
05/27/2021,FMY,FL,ASO,ES,Federal Contract Tower,0,17,77,0,94,0,3,144,0,147,0,20,221,0,241,202,0,202,443
05/28/2021,FMY,FL,ASO,ES,Federal Contract Tower,0,14,90,0,104,0,0,211,0,211,0,14,301,0,315,174,0,174,489
05/29/2021,FMY,FL,ASO,ES,Federal Contract Tower,0,11,61,0,72,0,2,165,1,168,0,13,226,1,240,126,0,126,366
05/30/2021,FMY,FL,ASO,ES,Federal Contract Tower,0,14,46,0,60,0,0,91,0,91,0,14,137,0,151,96,0,96,247
05/31/2021,FMY,FL,ASO,ES,Federal Contract Tower,0,5,50,0,55,0,4,70,0,74,0,9,120,0,129,37,0,37,166
06/01/2021,FMY,FL,ASO,ES,Federal Contract Tower,0,13,64,0,77,0,7,104,0,111,0,20,168,0,188,138,0,138,326
06/02/2021,FMY,FL,ASO,ES,Federal Contract Tower,0,7,58,0,65,0,0,148,0,148,0,7,206,0,213,152,0,152,365
06/03/2021,FMY,FL,ASO,ES,Federal Contract Tower,0,14,67,0,81,0,3,143,0,146,0,17,210,0,227,224,0,224,451
06/04/2021,FMY,FL,ASO,ES,Federal Contract Tower,0,12,77,0,89,0,1,122,0,123,0,13,199,0,212,262,0,262,474
06/05/2021,FMY,FL,ASO,ES,Federal Contract Tower,0,11,56,0,67,0,5,137,1,143,0,16,193,1,210,170,0,170,380
06/06/2021,FMY,FL,ASO,ES,Federal Contract Tower,0,9,47,0,56,0,6,134,2,142,0,15,181,2,198,70,0,70,268
06/07/2021,FMY,FL,ASO,ES,Federal Contract Tower,0,7,52,0,59,0,2,135,0,137,0,9,187,0,196,206,0,206,402
06/08/2021,FMY,FL,ASO,ES,Federal Contract Tower,0,10,47,2,59,0,3,139,0,142,0,13,186,2,201,282,8,290,491
06/09/2021,FMY,FL,ASO,ES,Federal Contract Tower,0,8,51,0,59,0,0,165,0,165,0,8,216,0,224,246,0,246,470
06/10/2021,FMY,FL,ASO,ES,Federal Contract Tower,0,13,59,0,72,0,0,163,0,163,0,13,222,0,235,204,0,204,439
06/11/2021,FMY,FL,ASO,ES,Federal Contract Tower,0,11,67,0,78,0,1,154,0,155,0,12,221,0,233,190,0,190,423
06/12/2021,FMY,FL,ASO,ES,Federal Contract Tower,0,8,77,0,85,0,2,152,0,154,0,10,229,0,239,204,0,204,443
06/13/2021,FMY,FL,ASO,ES,Federal Contract Tower,0,8,52,0,60,0,3,100,0,103,0,11,152,0,163,90,0,90,253
06/14/2021,FMY,FL,ASO,ES,Federal Contract Tower,0,11,41,0,52,0,0,94,0,94,0,11,135,0,146,176,0,176,322
06/16/2021,FMY,FL,ASO,ES,Federal Contract Tower,0,14,46,0,60,0,0,54,0,54,0,14,100,0,114,110,0,110,224
06/17/2021,FMY,FL,ASO,ES,Federal Contract Tower,0,9,63,0,72,0,3,150,0,153,0,12,213,0,225,274,0,274,499
06/18/2021,FMY,FL,ASO,ES,Federal Contract Tower,0,4,91,0,95,0,3,140,0,143,0,7,231,0,238,194,0,194,432
06/19/2021,FMY,FL,ASO,ES,Federal Contract Tower,0,17,65,0,82,0,3,82,0,85,0,20,147,0,167,131,0,131,298
06/20/2021,FMY,FL,ASO,ES,Federal Contract Tower,0,11,32,0,43,0,1,89,0,90,0,12,121,0,133,147,0,147,280
06/21/2021,FMY,FL,ASO,ES,Federal Contract Tower,0,9,74,0,83,0,0,151,0,151,0,9,225,0,234,179,0,179,413
06/22/2021,FMY,FL,ASO,ES,Federal Contract Tower,0,13,79,0,92,0,0,164,0,164,0,13,243,0,256,261,0,261,517
06/23/2021,FMY,FL,ASO,ES,Federal Contract Tower,0,7,47,0,54,0,0,102,0,102,0,7,149,0,156,138,0,138,294
06/24/2021,FMY,FL,ASO,ES,Federal Contract Tower,0,12,48,0,60,0,0,107,0,107,0,12,155,0,167,144,0,144,311
06/25/2021,FMY,FL,ASO,ES,Federal Contract Tower,0,7,75,6,88,0,1,105,0,106,0,8,180,6,194,195,0,195,389
06/26/2021,FMY,FL,ASO,ES,Federal Contract Tower,0,9,77,0,86,0,2,110,2,114,0,11,187,2,200,104,0,104,304
06/27/2021,FMY,FL,ASO,ES,Federal Contract Tower,0,9,43,0,52,0,2,98,0,100,0,11,141,0,152,62,0,62,214
06/28/2021,FMY,FL,ASO,ES,Federal Contract Tower,0,8,69,0,77,0,0,76,0,76,0,8,145,0,153,200,0,200,353
06/29/2021,FMY,FL,ASO,ES,Federal Contract Tower,0,7,50,0,57,0,0,87,0,87,0,7,137,0,144,160,0,160,304
06/30/2021,FMY,FL,ASO,ES,Federal Contract Tower,0,15,60,0,75,0,0,110,0,110,0,15,170,0,185,112,0,112,297
07/01/2021,FMY,FL,ASO,ES,Federal Contract Tower,0,12,65,0,77,0,0,119,0,119,0,12,184,0,196,122,0,122,318
07/02/2021,FMY,FL,ASO,ES,Federal Contract Tower,0,5,87,0,92,0,0,135,0,135,0,5,222,0,227,224,0,224,451
07/03/2021,FMY,FL,ASO,ES,Federal Contract Tower,0,6,34,0,40,0,0,149,0,149,0,6,183,0,189,156,0,156,345
07/04/2021,FMY,FL,ASO,ES,Federal Contract Tower,0,6,37,0,43,0,1,80,0,81,0,7,117,0,124,58,0,58,182
07/05/2021,FMY,FL,ASO,ES,Federal Contract Tower,0,9,47,0,56,0,5,76,0,81,0,14,123,0,137,92,4,96,233
07/06/2021,FMY,FL,ASO,ES,Federal Contract Tower,0,0,4,0,4,0,0,2,0,2,0,0,6,0,6,0,0,0,6
07/07/2021,FMY,FL,ASO,ES,Federal Contract Tower,0,9,25,0,34,0,2,48,0,50,0,11,73,0,84,86,0,86,170
07/08/2021,FMY,FL,ASO,ES,Federal Contract Tower,0,6,53,0,59,0,1,151,0,152,0,7,204,0,211,264,0,264,475
07/09/2021,FMY,FL,ASO,ES,Federal Contract Tower,0,5,54,0,59,0,0,155,0,155,0,5,209,0,214,218,0,218,432
07/10/2021,FMY,FL,ASO,ES,Federal Contract Tower,0,1,58,0,59,0,0,123,0,123,0,1,181,0,182,144,0,144,326
07/11/2021,FMY,FL,ASO,ES,Federal Contract Tower,0,6,55,0,61,0,2,87,0,89,0,8,142,0,150,118,0,118,268
07/12/2021,FMY,FL,ASO,ES,Federal Contract Tower,0,9,46,0,55,0,2,99,0,101,0,11,145,0,156,132,0,132,288
07/13/2021,FMY,FL,ASO,ES,Federal Contract Tower,0,7,33,0,40,0,0,96,0,96,0,7,129,0,136,146,0,146,282
07/14/2021,FMY,FL,ASO,ES,Federal Contract Tower,0,14,71,0,85,0,0,88,0,88,0,14,159,0,173,189,0,189,362
07/15/2021,FMY,FL,ASO,ES,Federal Contract Tower,0,13,57,0,70,0,0,129,0,129,0,13,186,0,199,132,0,132,331
07/16/2021,FMY,FL,ASO,ES,Federal Contract Tower,0,9,73,0,82,0,2,126,0,128,0,11,199,0,210,193,0,193,403
07/17/2021,FMY,FL,ASO,ES,Federal Contract Tower,0,4,52,0,56,0,0,136,0,136,0,4,188,0,192,172,0,172,364
07/18/2021,FMY,FL,ASO,ES,Federal Contract Tower,0,12,44,0,56,0,1,117,0,118,0,13,161,0,174,114,0,114,288
07/19/2021,FMY,FL,ASO,ES,Federal Contract Tower,0,7,64,0,71,0,5,100,0,105,0,12,164,0,176,88,0,88,264
07/20/2021,FMY,FL,ASO,ES,Federal Contract Tower,0,7,58,0,65,0,0,118,0,118,0,7,176,0,183,150,0,150,333
07/21/2021,FMY,FL,ASO,ES,Federal Contract Tower,0,17,44,0,61,0,1,169,0,170,0,18,213,0,231,232,0,232,463
07/22/2021,FMY,FL,ASO,ES,Federal Contract Tower,0,12,68,0,80,0,0,147,0,147,0,12,215,0,227,196,0,196,423
07/23/2021,FMY,FL,ASO,ES,Federal Contract Tower,0,13,80,0,93,0,2,170,0,172,0,15,250,0,265,218,0,218,483
07/24/2021,FMY,FL,ASO,ES,Federal Contract Tower,0,6,47,0,53,0,2,109,0,111,0,8,156,0,164,162,0,162,326
07/25/2021,FMY,FL,ASO,ES,Federal Contract Tower,0,6,43,0,49,0,0,101,0,101,0,6,144,0,150,142,0,142,292
07/26/2021,FMY,FL,ASO,ES,Federal Contract Tower,0,13,31,0,44,0,8,90,0,98,0,21,121,0,142,166,0,166,308
07/27/2021,FMY,FL,ASO,ES,Federal Contract Tower,0,19,44,0,63,0,0,80,0,80,0,19,124,0,143,114,0,114,257
07/28/2021,FMY,FL,ASO,ES,Federal Contract Tower,0,9,33,0,42,0,0,88,0,88,0,9,121,0,130,176,0,176,306
07/29/2021,FMY,FL,ASO,ES,Federal Contract Tower,0,11,43,0,54,0,3,110,0,113,0,14,153,0,167,148,0,148,315
07/30/2021,FMY,FL,ASO,ES,Federal Contract Tower,0,19,69,5,93,0,2,193,0,195,0,21,262,5,288,196,0,196,484
07/31/2021,FMY,FL,ASO,ES,Federal Contract Tower,0,19,58,3,80,0,3,150,0,153,0,22,208,3,233,106,0,106,339
08/01/2021,FMY,FL,ASO,ES,Federal Contract Tower,0,11,32,0,43,0,2,85,0,87,0,13,117,0,130,50,0,50,180
08/02/2021,FMY,FL,ASO,ES,Federal Contract Tower,0,5,44,0,49,0,7,105,0,112,0,12,149,0,161,154,0,154,315
08/03/2021,FMY,FL,ASO,ES,Federal Contract Tower,0,8,32,0,40,0,3,46,0,49,0,11,78,0,89,84,0,84,173
08/04/2021,FMY,FL,ASO,ES,Federal Contract Tower,0,3,26,0,29,0,1,30,0,31,0,4,56,0,60,42,0,42,102
08/05/2021,FMY,FL,ASO,ES,Federal Contract Tower,0,10,55,0,65,0,0,118,0,118,0,10,173,0,183,218,0,218,401
08/06/2021,FMY,FL,ASO,ES,Federal Contract Tower,0,12,59,0,71,0,2,111,0,113,0,14,170,0,184,146,0,146,330
08/07/2021,FMY,FL,ASO,ES,Federal Contract Tower,0,12,47,0,59,0,1,121,0,122,0,13,168,0,181,110,0,110,291
08/08/2021,FMY,FL,ASO,ES,Federal Contract Tower,0,9,41,0,50,0,1,90,0,91,0,10,131,0,141,54,0,54,195
08/09/2021,FMY,FL,ASO,ES,Federal Contract Tower,0,7,37,0,44,0,8,73,0,81,0,15,110,0,125,150,0,150,275
08/10/2021,FMY,FL,ASO,ES,Federal Contract Tower,0,7,28,0,35,0,0,92,0,92,0,7,120,0,127,188,0,188,315
08/11/2021,FMY,FL,ASO,ES,Federal Contract Tower,0,7,56,0,63,0,0,107,0,107,0,7,163,0,170,155,0,155,325
08/12/2021,FMY,FL,ASO,ES,Federal Contract Tower,0,8,37,0,45,0,0,127,0,127,0,8,164,0,172,172,0,172,344
08/13/2021,FMY,FL,ASO,ES,Federal Contract Tower,0,11,43,0,54,0,2,4,0,6,0,13,47,0,60,90,0,90,150
08/14/2021,FMY,FL,ASO,ES,Federal Contract Tower,0,11,13,0,24,0,0,22,0,22,0,11,35,0,46,24,0,24,70
08/15/2021,FMY,FL,ASO,ES,Federal Contract Tower,0,4,25,0,29,0,2,22,0,24,0,6,47,0,53,28,0,28,81
08/16/2021,FMY,FL,ASO,ES,Federal Contract Tower,0,6,41,0,47,0,3,126,0,129,0,9,167,0,176,172,0,172,348
08/17/2021,FMY,FL,ASO,ES,Federal Contract Tower,0,4,29,0,33,0,2,103,0,105,0,6,132,0,138,156,0,156,294
08/18/2021,FMY,FL,ASO,ES,Federal Contract Tower,0,12,48,0,60,0,0,142,0,142,0,12,190,0,202,229,0,229,431
08/19/2021,FMY,FL,ASO,ES,Federal Contract Tower,0,4,38,0,42,0,2,150,0,152,0,6,188,0,194,256,0,256,450
08/20/2021,FMY,FL,ASO,ES,Federal Contract Tower,0,8,28,0,36,0,0,120,0,120,0,8,148,0,156,188,0,188,344
08/21/2021,FMY,FL,ASO,ES,Federal Contract Tower,0,3,40,0,43,0,0,100,1,101,0,3,140,1,144,118,0,118,262
08/22/2021,FMY,FL,ASO,ES,Federal Contract Tower,0,11,38,0,49,0,1,93,0,94,0,12,131,0,143,114,0,114,257
08/23/2021,FMY,FL,ASO,ES,Federal Contract Tower,0,7,53,0,60,0,6,108,0,114,0,13,161,0,174,148,0,148,322
08/24/2021,FMY,FL,ASO,ES,Federal Contract Tower,0,5,36,0,41,0,0,92,0,92,0,5,128,0,133,118,0,118,251
08/25/2021,FMY,FL,ASO,ES,Federal Contract Tower,0,9,56,0,65,0,1,134,0,135,0,10,190,0,200,190,10,200,400
08/26/2021,FMY,FL,ASO,ES,Federal Contract Tower,0,7,49,0,56,0,4,100,0,104,0,11,149,0,160,172,0,172,332
08/28/2021,FMY,FL,ASO,ES,Federal Contract Tower,0,4,26,0,30,0,0,94,0,94,0,4,120,0,124,80,0,80,204
08/29/2021,FMY,FL,ASO,ES,Federal Contract Tower,0,18,48,0,66,0,0,117,0,117,0,18,165,0,183,162,0,162,345
08/30/2021,FMY,FL,ASO,ES,Federal Contract Tower,0,4,47,0,51,0,4,138,0,142,0,8,185,0,193,158,0,158,351
08/31/2021,FMY,FL,ASO,ES,Federal Contract Tower,0,5,66,1,72,0,2,144,0,146,0,7,210,1,218,154,0,154,372
09/01/2021,FMY,FL,ASO,ES,Federal Contract Tower,0,4,33,0,37,0,2,106,0,108,0,6,139,0,145,200,0,200,345
09/02/2021,FMY,FL,ASO,ES,Federal Contract Tower,0,9,26,0,35,0,0,78,0,78,0,9,104,0,113,149,0,149,262
09/03/2021,FMY,FL,ASO,ES,Federal Contract Tower,0,5,46,0,51,0,1,109,0,110,0,6,155,0,161,206,0,206,367
09/04/2021,FMY,FL,ASO,ES,Federal Contract Tower,0,3,32,0,35,0,0,129,2,131,0,3,161,2,166,154,0,154,320
09/05/2021,FMY,FL,ASO,ES,Federal Contract Tower,0,4,25,0,29,0,0,130,0,130,0,4,155,0,159,142,0,142,301
09/06/2021,FMY,FL,ASO,ES,Federal Contract Tower,0,9,46,0,55,0,2,91,0,93,0,11,137,0,148,108,0,108,256
09/07/2021,FMY,FL,ASO,ES,Federal Contract Tower,0,4,39,0,43,0,2,169,0,171,0,6,208,0,214,250,0,250,464
09/08/2021,FMY,FL,ASO,ES,Federal Contract Tower,0,6,48,0,54,0,0,112,0,112,0,6,160,0,166,189,0,189,355
09/09/2021,FMY,FL,ASO,ES,Federal Contract Tower,0,9,59,0,68,0,0,113,0,113,0,9,172,0,181,116,0,116,297
09/10/2021,FMY,FL,ASO,ES,Federal Contract Tower,0,10,59,2,71,0,0,147,0,147,0,10,206,2,218,308,0,308,526
09/11/2021,FMY,FL,ASO,ES,Federal Contract Tower,0,7,54,0,61,0,2,136,1,139,0,9,190,1,200,218,0,218,418
09/12/2021,FMY,FL,ASO,ES,Federal Contract Tower,0,8,40,0,48,0,2,85,0,87,0,10,125,0,135,126,0,126,261
09/13/2021,FMY,FL,ASO,ES,Federal Contract Tower,0,7,42,0,49,0,0,92,0,92,0,7,134,0,141,162,0,162,303
09/14/2021,FMY,FL,ASO,ES,Federal Contract Tower,0,4,57,0,61,0,1,107,0,108,0,5,164,0,169,168,0,168,337
09/15/2021,FMY,FL,ASO,ES,Federal Contract Tower,0,8,43,0,51,0,0,123,0,123,0,8,166,0,174,230,0,230,404
09/16/2021,FMY,FL,ASO,ES,Federal Contract Tower,0,5,42,0,47,0,0,93,0,93,0,5,135,0,140,138,0,138,278
09/17/2021,FMY,FL,ASO,ES,Federal Contract Tower,0,9,44,0,53,0,5,118,0,123,0,14,162,0,176,248,0,248,424
09/18/2021,FMY,FL,ASO,ES,Federal Contract Tower,0,2,65,0,67,0,5,142,0,147,0,7,207,0,214,182,0,182,396
09/19/2021,FMY,FL,ASO,ES,Federal Contract Tower,0,10,37,0,47,0,0,117,0,117,0,10,154,0,164,186,0,186,350
09/20/2021,FMY,FL,ASO,ES,Federal Contract Tower,0,12,65,5,82,0,2,111,0,113,0,14,176,5,195,252,0,252,447
09/21/2021,FMY,FL,ASO,ES,Federal Contract Tower,0,7,52,0,59,0,0,67,6,73,0,7,119,6,132,96,0,96,228
09/22/2021,FMY,FL,ASO,ES,Federal Contract Tower,0,7,51,0,58,0,0,145,0,145,0,7,196,0,203,254,0,254,457
09/23/2021,FMY,FL,ASO,ES,Federal Contract Tower,0,8,71,0,79,0,0,143,0,143,0,8,214,0,222,188,0,188,410
09/24/2021,FMY,FL,ASO,ES,Federal Contract Tower,0,8,94,0,102,0,0,135,0,135,0,8,229,0,237,229,0,229,466
09/25/2021,FMY,FL,ASO,ES,Federal Contract Tower,0,2,65,0,67,0,0,145,0,145,0,2,210,0,212,182,0,182,394
09/26/2021,FMY,FL,ASO,ES,Federal Contract Tower,0,17,52,0,69,0,0,147,0,147,0,17,199,0,216,186,0,186,402
09/27/2021,FMY,FL,ASO,ES,Federal Contract Tower,0,4,69,0,73,0,0,191,1,192,0,4,260,1,265,248,0,248,513
09/28/2021,FMY,FL,ASO,ES,Federal Contract Tower,0,5,61,0,66,0,4,166,0,170,0,9,227,0,236,220,0,220,456
09/29/2021,FMY,FL,ASO,ES,Federal Contract Tower,0,11,54,0,65,0,2,174,0,176,0,13,228,0,241,362,0,362,603
09/30/2021,FMY,FL,ASO,ES,Federal Contract Tower,0,9,62,0,71,0,1,189,0,190,0,10,251,0,261,284,0,284,545
10/01/2021,FMY,FL,ASO,ES,Federal Contract Tower,0,13,88,0,101,0,1,139,0,140,0,14,227,0,241,304,0,304,545
10/02/2021,FMY,FL,ASO,ES,Federal Contract Tower,0,3,66,0,69,0,3,173,0,176,0,6,239,0,245,242,0,242,487
10/03/2021,FMY,FL,ASO,ES,Federal Contract Tower,0,18,72,0,90,0,5,167,0,172,0,23,239,0,262,182,0,182,444
10/04/2021,FMY,FL,ASO,ES,Federal Contract Tower,0,10,92,0,102,0,3,163,0,166,0,13,255,0,268,166,0,166,434
10/05/2021,FMY,FL,ASO,ES,Federal Contract Tower,0,15,45,0,60,0,0,159,0,159,0,15,204,0,219,278,0,278,497
10/06/2021,FMY,FL,ASO,ES,Federal Contract Tower,0,14,83,0,97,0,0,123,0,123,0,14,206,0,220,214,0,214,434
10/07/2021,FMY,FL,ASO,ES,Federal Contract Tower,0,11,106,0,117,0,1,159,0,160,0,12,265,0,277,166,0,166,443
10/08/2021,FMY,FL,ASO,ES,Federal Contract Tower,0,3,85,0,88,0,2,124,0,126,0,5,209,0,214,235,0,235,449
10/09/2021,FMY,FL,ASO,ES,Federal Contract Tower,0,9,62,0,71,0,0,127,0,127,0,9,189,0,198,172,0,172,370
10/10/2021,FMY,FL,ASO,ES,Federal Contract Tower,0,8,88,0,96,0,3,178,0,181,0,11,266,0,277,190,0,190,467
10/11/2021,FMY,FL,ASO,ES,Federal Contract Tower,0,10,68,0,78,0,4,144,0,148,0,14,212,0,226,214,0,214,440
10/12/2021,FMY,FL,ASO,ES,Federal Contract Tower,0,6,68,0,74,0,2,171,0,173,0,8,239,0,247,188,0,188,435
10/13/2021,FMY,FL,ASO,ES,Federal Contract Tower,0,9,68,1,78,0,0,175,0,175,0,9,243,1,253,131,0,131,384
10/14/2021,FMY,FL,ASO,ES,Federal Contract Tower,0,15,81,6,102,0,5,179,0,184,0,20,260,6,286,164,6,170,456
10/15/2021,FMY,FL,ASO,ES,Federal Contract Tower,0,14,62,1,77,0,1,152,0,153,0,15,214,1,230,148,0,148,378
10/16/2021,FMY,FL,ASO,ES,Federal Contract Tower,0,12,63,0,75,0,0,170,0,170,0,12,233,0,245,130,0,130,375
10/17/2021,FMY,FL,ASO,ES,Federal Contract Tower,0,13,82,0,95,0,2,150,0,152,0,15,232,0,247,198,0,198,445
10/18/2021,FMY,FL,ASO,ES,Federal Contract Tower,0,6,47,0,53,0,0,131,0,131,0,6,178,0,184,208,0,208,392
10/19/2021,FMY,FL,ASO,ES,Federal Contract Tower,0,11,78,0,89,0,2,137,0,139,0,13,215,0,228,226,0,226,454
10/20/2021,FMY,FL,ASO,ES,Federal Contract Tower,0,9,79,0,88,0,2,153,0,155,0,11,232,0,243,278,0,278,521
10/21/2021,FMY,FL,ASO,ES,Federal Contract Tower,0,20,88,0,108,0,0,188,0,188,0,20,276,0,296,278,0,278,574
10/22/2021,FMY,FL,ASO,ES,Federal Contract Tower,0,18,96,0,114,0,1,182,0,183,0,19,278,0,297,196,0,196,493
10/23/2021,FMY,FL,ASO,ES,Federal Contract Tower,0,12,66,0,78,0,0,140,0,140,0,12,206,0,218,272,0,272,490
10/24/2021,FMY,FL,ASO,ES,Federal Contract Tower,0,20,57,1,78,0,0,104,4,108,0,20,161,5,186,216,0,216,402
10/25/2021,FMY,FL,ASO,ES,Federal Contract Tower,0,13,59,0,72,0,2,75,0,77,0,15,134,0,149,146,0,146,295
10/26/2021,FMY,FL,ASO,ES,Federal Contract Tower,0,6,69,0,75,0,2,185,0,187,0,8,254,0,262,322,0,322,584
10/27/2021,FMY,FL,ASO,ES,Federal Contract Tower,0,13,75,0,88,0,4,208,0,212,0,17,283,0,300,288,0,288,588
10/28/2021,FMY,FL,ASO,ES,Federal Contract Tower,0,13,60,0,73,0,1,22,0,23,0,14,82,0,96,30,0,30,126
10/29/2021,FMY,FL,ASO,ES,Federal Contract Tower,0,10,82,0,92,0,4,139,0,143,0,14,221,0,235,179,0,179,414
10/30/2021,FMY,FL,ASO,ES,Federal Contract Tower,0,17,61,0,78,0,0,123,1,124,0,17,184,1,202,190,0,190,392
10/31/2021,FMY,FL,ASO,ES,Federal Contract Tower,0,11,73,0,84,0,0,190,0,190,0,11,263,0,274,202,0,202,476
11/01/2021,FMY,FL,ASO,ES,Federal Contract Tower,0,9,80,0,89,0,1,137,0,138,0,10,217,0,227,208,0,208,435
11/02/2021,FMY,FL,ASO,ES,Federal Contract Tower,0,21,69,0,90,0,2,141,0,143,0,23,210,0,233,272,0,272,505
11/03/2021,FMY,FL,ASO,ES,Federal Contract Tower,0,18,82,0,100,0,3,140,0,143,0,21,222,0,243,182,0,182,425
11/04/2021,FMY,FL,ASO,ES,Federal Contract Tower,0,21,80,0,101,0,3,129,0,132,0,24,209,0,233,150,0,150,383
11/05/2021,FMY,FL,ASO,ES,Federal Contract Tower,0,19,77,0,96,0,2,5,0,7,0,21,82,0,103,26,0,26,129
11/06/2021,FMY,FL,ASO,ES,Federal Contract Tower,0,6,81,1,88,0,0,89,0,89,0,6,170,1,177,54,0,54,231
11/07/2021,FMY,FL,ASO,ES,Federal Contract Tower,0,12,84,0,96,0,5,161,0,166,0,17,245,0,262,140,0,140,402
11/08/2021,FMY,FL,ASO,ES,Federal Contract Tower,0,13,99,0,112,0,6,124,0,130,0,19,223,0,242,152,8,160,402
11/09/2021,FMY,FL,ASO,ES,Federal Contract Tower,0,3,88,0,91,0,0,129,0,129,0,3,217,0,220,306,0,306,526
11/10/2021,FMY,FL,ASO,ES,Federal Contract Tower,0,8,85,0,93,0,2,185,0,187,0,10,270,0,280,342,0,342,622
11/11/2021,FMY,FL,ASO,ES,Federal Contract Tower,0,15,88,0,103,0,4,197,0,201,0,19,285,0,304,236,0,236,540
11/12/2021,FMY,FL,ASO,ES,Federal Contract Tower,0,21,109,0,130,0,0,108,0,108,0,21,217,0,238,128,0,128,366
11/13/2021,FMY,FL,ASO,ES,Federal Contract Tower,0,8,64,0,72,0,5,135,0,140,0,13,199,0,212,214,0,214,426
11/14/2021,FMY,FL,ASO,ES,Federal Contract Tower,0,16,77,0,93,0,8,172,0,180,0,24,249,0,273,180,0,180,453
11/15/2021,FMY,FL,ASO,ES,Federal Contract Tower,0,19,93,0,112,0,10,193,0,203,0,29,286,0,315,248,0,248,563
11/16/2021,FMY,FL,ASO,ES,Federal Contract Tower,0,12,87,0,99,0,1,179,0,180,0,13,266,0,279,420,0,420,699
11/17/2021,FMY,FL,ASO,ES,Federal Contract Tower,0,11,70,0,81,0,3,145,0,148,0,14,215,0,229,212,0,212,441
11/18/2021,FMY,FL,ASO,ES,Federal Contract Tower,0,13,112,1,126,0,0,71,0,71,0,13,183,1,197,110,0,110,307
11/19/2021,FMY,FL,ASO,ES,Federal Contract Tower,0,18,127,0,145,0,4,167,0,171,0,22,294,0,316,252,0,252,568
11/20/2021,FMY,FL,ASO,ES,Federal Contract Tower,0,14,87,0,101,0,2,126,0,128,0,16,213,0,229,230,0,230,459
11/21/2021,FMY,FL,ASO,ES,Federal Contract Tower,0,18,65,0,83,0,0,62,0,62,0,18,127,0,145,74,0,74,219
11/22/2021,FMY,FL,ASO,ES,Federal Contract Tower,0,15,104,1,120,0,0,70,0,70,0,15,174,1,190,60,12,72,262
11/24/2021,FMY,FL,ASO,ES,Federal Contract Tower,0,23,86,0,109,0,3,150,0,153,0,26,236,0,262,246,0,246,508
11/25/2021,FMY,FL,ASO,ES,Federal Contract Tower,0,6,20,0,26,0,0,47,0,47,0,6,67,0,73,46,0,46,119
11/26/2021,FMY,FL,ASO,ES,Federal Contract Tower,0,14,59,0,73,0,3,89,0,92,0,17,148,0,165,30,0,30,195
11/27/2021,FMY,FL,ASO,ES,Federal Contract Tower,0,22,117,0,139,0,2,196,0,198,0,24,313,0,337,184,0,184,521
11/28/2021,FMY,FL,ASO,ES,Federal Contract Tower,0,16,134,0,150,0,2,189,0,191,0,18,323,0,341,166,0,166,507
11/29/2021,FMY,FL,ASO,ES,Federal Contract Tower,0,14,73,0,87,0,1,146,0,147,0,15,219,0,234,256,0,256,490
11/30/2021,FMY,FL,ASO,ES,Federal Contract Tower,0,11,77,0,88,0,8,175,0,183,0,19,252,0,271,318,0,318,589
12/01/2021,FMY,FL,ASO,ES,Federal Contract Tower,0,9,61,0,70,0,0,173,0,173,0,9,234,0,243,326,0,326,569
12/02/2021,FMY,FL,ASO,ES,Federal Contract Tower,0,21,84,0,105,0,3,190,0,193,0,24,274,0,298,240,0,240,538
12/03/2021,FMY,FL,ASO,ES,Federal Contract Tower,0,13,100,0,113,0,1,190,0,191,0,14,290,0,304,331,0,331,635
12/04/2021,FMY,FL,ASO,ES,Federal Contract Tower,0,20,79,0,99,0,6,179,0,185,0,26,258,0,284,258,0,258,542
12/05/2021,FMY,FL,ASO,ES,Federal Contract Tower,0,6,63,0,69,0,3,205,1,209,0,9,268,1,278,212,0,212,490
12/06/2021,FMY,FL,ASO,ES,Federal Contract Tower,0,20,71,0,91,0,3,110,0,113,0,23,181,0,204,194,0,194,398
12/07/2021,FMY,FL,ASO,ES,Federal Contract Tower,0,14,57,0,71,0,0,141,0,141,0,14,198,0,212,200,0,200,412
12/08/2021,FMY,FL,ASO,ES,Federal Contract Tower,0,15,67,0,82,0,4,177,0,181,0,19,244,0,263,256,0,256,519
12/09/2021,FMY,FL,ASO,ES,Federal Contract Tower,0,18,63,1,82,0,1,112,0,113,0,19,175,1,195,178,0,178,373
12/11/2021,FMY,FL,ASO,ES,Federal Contract Tower,0,11,50,0,61,0,0,191,0,191,0,11,241,0,252,164,0,164,416
12/12/2021,FMY,FL,ASO,ES,Federal Contract Tower,0,11,59,0,70,0,5,160,0,165,0,16,219,0,235,238,0,238,473
12/13/2021,FMY,FL,ASO,ES,Federal Contract Tower,0,12,86,0,98,0,2,79,0,81,0,14,165,0,179,178,0,178,357
12/14/2021,FMY,FL,ASO,ES,Federal Contract Tower,0,19,110,0,129,0,0,65,0,65,0,19,175,0,194,62,0,62,256
12/15/2021,FMY,FL,ASO,ES,Federal Contract Tower,0,26,92,0,118,0,2,151,0,153,0,28,243,0,271,196,0,196,467
12/16/2021,FMY,FL,ASO,ES,Federal Contract Tower,0,9,77,0,86,0,5,191,0,196,0,14,268,0,282,270,0,270,552
12/17/2021,FMY,FL,ASO,ES,Federal Contract Tower,0,6,113,0,119,0,0,154,0,154,0,6,267,0,273,232,0,232,505
12/18/2021,FMY,FL,ASO,ES,Federal Contract Tower,0,9,71,0,80,0,1,166,0,167,0,10,237,0,247,212,0,212,459
12/19/2021,FMY,FL,ASO,ES,Federal Contract Tower,0,22,89,0,111,0,0,132,0,132,0,22,221,0,243,116,0,116,359
12/20/2021,FMY,FL,ASO,ES,Federal Contract Tower,0,15,105,0,120,0,0,106,0,106,0,15,211,0,226,150,0,150,376
12/21/2021,FMY,FL,ASO,ES,Federal Contract Tower,0,9,30,0,39,0,0,10,0,10,0,9,40,0,49,20,0,20,69
12/22/2021,FMY,FL,ASO,ES,Federal Contract Tower,0,14,68,0,82,0,2,165,0,167,0,16,233,0,249,278,0,278,527
12/23/2021,FMY,FL,ASO,ES,Federal Contract Tower,0,14,62,0,76,0,1,133,0,134,0,15,195,0,210,251,0,251,461
12/24/2021,FMY,FL,ASO,ES,Federal Contract Tower,0,5,25,0,30,0,3,83,0,86,0,8,108,0,116,78,0,78,194
12/25/2021,FMY,FL,ASO,ES,Federal Contract Tower,0,6,18,0,24,0,2,20,0,22,0,8,38,0,46,16,0,16,62
12/26/2021,FMY,FL,ASO,ES,Federal Contract Tower,0,21,146,0,167,0,1,193,0,194,0,22,339,0,361,100,0,100,461
12/27/2021,FMY,FL,ASO,ES,Federal Contract Tower,0,29,98,0,127,0,1,171,0,172,0,30,269,0,299,180,0,180,479
12/28/2021,FMY,FL,ASO,ES,Federal Contract Tower,0,21,90,0,111,0,4,212,0,216,0,25,302,0,327,148,0,148,475
12/29/2021,FMY,FL,ASO,ES,Federal Contract Tower,0,30,106,0,136,0,2,221,0,223,0,32,327,0,359,156,0,156,515
12/30/2021,FMY,FL,ASO,ES,Federal Contract Tower,0,27,98,0,125,0,3,124,0,127,0,30,222,0,252,134,0,134,386
12/31/2021,FMY,FL,ASO,ES,Federal Contract Tower,0,12,65,0,77,0,3,79,0,82,0,15,144,0,159,90,0,90,249
01/01/2022,FMY,FL,ASO,ES,Federal Contract Tower,0,15,50,0,65,0,2,49,0,51,0,17,99,0,116,0,0,0,116
01/02/2022,FMY,FL,ASO,ES,Federal Contract Tower,0,37,91,2,130,0,7,118,0,125,0,44,209,2,255,30,0,30,285
01/03/2022,FMY,FL,ASO,ES,Federal Contract Tower,0,26,96,0,122,0,2,96,0,98,0,28,192,0,220,98,0,98,318
01/04/2022,FMY,FL,ASO,ES,Federal Contract Tower,0,24,57,0,81,0,2,185,0,187,0,26,242,0,268,216,0,216,484
01/05/2022,FMY,FL,ASO,ES,Federal Contract Tower,0,13,80,0,93,0,1,176,0,177,0,14,256,0,270,226,0,226,496
01/06/2022,FMY,FL,ASO,ES,Federal Contract Tower,0,18,82,0,100,0,6,181,0,187,0,24,263,0,287,216,0,216,503
01/07/2022,FMY,FL,ASO,ES,Federal Contract Tower,0,23,136,0,159,0,3,192,0,195,0,26,328,0,354,284,0,284,638
01/08/2022,FMY,FL,ASO,ES,Federal Contract Tower,0,12,87,0,99,0,6,227,0,233,0,18,314,0,332,168,0,168,500
01/09/2022,FMY,FL,ASO,ES,Federal Contract Tower,0,18,65,0,83,0,2,169,0,171,0,20,234,0,254,194,0,194,448
01/10/2022,FMY,FL,ASO,ES,Federal Contract Tower,0,8,77,0,85,0,0,124,0,124,0,8,201,0,209,218,8,226,435
01/11/2022,FMY,FL,ASO,ES,Federal Contract Tower,0,10,63,2,75,0,1,129,0,130,0,11,192,2,205,164,0,164,369
01/12/2022,FMY,FL,ASO,ES,Federal Contract Tower,0,12,71,0,83,0,3,178,0,181,0,15,249,0,264,296,0,296,560
01/13/2022,FMY,FL,ASO,ES,Federal Contract Tower,0,8,95,2,105,0,6,232,0,238,0,14,327,2,343,222,0,222,565
01/14/2022,FMY,FL,ASO,ES,Federal Contract Tower,0,23,95,0,118,0,0,225,0,225,0,23,320,0,343,330,0,330,673
01/15/2022,FMY,FL,ASO,ES,Federal Contract Tower,0,20,68,0,88,0,0,240,0,240,0,20,308,0,328,188,0,188,516
01/16/2022,FMY,FL,ASO,ES,Federal Contract Tower,0,12,22,0,34,0,2,11,0,13,0,14,33,0,47,0,0,0,47
01/17/2022,FMY,FL,ASO,ES,Federal Contract Tower,0,12,84,0,96,0,0,117,0,117,0,12,201,0,213,154,0,154,367
01/18/2022,FMY,FL,ASO,ES,Federal Contract Tower,0,9,59,0,68,0,0,179,0,179,0,9,238,0,247,320,0,320,567
01/19/2022,FMY,FL,ASO,ES,Federal Contract Tower,0,15,70,0,85,0,2,216,0,218,0,17,286,0,303,306,0,306,609
01/20/2022,FMY,FL,ASO,ES,Federal Contract Tower,0,9,81,0,90,0,2,205,0,207,0,11,286,0,297,302,0,302,599
01/21/2022,FMY,FL,ASO,ES,Federal Contract Tower,0,12,116,0,128,0,7,178,0,185,0,19,294,0,313,174,0,174,487
01/22/2022,FMY,FL,ASO,ES,Federal Contract Tower,0,10,103,0,113,0,0,0,0,0,0,10,103,0,113,0,0,0,113
01/23/2022,FMY,FL,ASO,ES,Federal Contract Tower,0,17,86,0,103,0,0,51,0,51,0,17,137,0,154,68,0,68,222
01/24/2022,FMY,FL,ASO,ES,Federal Contract Tower,0,11,103,0,114,0,6,222,0,228,0,17,325,0,342,278,0,278,620
01/25/2022,FMY,FL,ASO,ES,Federal Contract Tower,0,8,58,0,66,0,1,147,0,148,0,9,205,0,214,224,0,224,438
01/26/2022,FMY,FL,ASO,ES,Federal Contract Tower,0,10,75,0,85,0,0,71,0,71,0,10,146,0,156,194,0,194,350
01/27/2022,FMY,FL,ASO,ES,Federal Contract Tower,0,11,107,0,118,0,2,181,0,183,0,13,288,0,301,288,0,288,589
01/28/2022,FMY,FL,ASO,ES,Federal Contract Tower,0,20,165,0,185,0,4,70,0,74,0,24,235,0,259,72,0,72,331
01/29/2022,FMY,FL,ASO,ES,Federal Contract Tower,0,7,56,0,63,0,5,96,0,101,0,12,152,0,164,62,0,62,226
01/30/2022,FMY,FL,ASO,ES,Federal Contract Tower,0,11,79,0,90,0,2,184,0,186,0,13,263,0,276,112,0,112,388
01/31/2022,FMY,FL,ASO,ES,Federal Contract Tower,0,12,104,0,116,0,0,216,0,216,0,12,320,0,332,230,0,230,562
02/01/2022,FMY,FL,ASO,ES,Federal Contract Tower,0,18,70,0,88,0,1,191,0,192,0,19,261,0,280,214,0,214,494
02/02/2022,FMY,FL,ASO,ES,Federal Contract Tower,0,9,87,0,96,0,0,166,0,166,0,9,253,0,262,133,0,133,395
02/03/2022,FMY,FL,ASO,ES,Federal Contract Tower,0,17,66,1,84,0,5,149,0,154,0,22,215,1,238,182,0,182,420
02/04/2022,FMY,FL,ASO,ES,Federal Contract Tower,0,10,102,0,112,0,2,181,0,183,0,12,283,0,295,170,0,170,465
02/05/2022,FMY,FL,ASO,ES,Federal Contract Tower,0,17,92,0,109,0,0,92,0,92,0,17,184,0,201,128,0,128,329
02/06/2022,FMY,FL,ASO,ES,Federal Contract Tower,0,13,78,5,96,0,3,170,0,173,0,16,248,5,269,188,0,188,457
02/07/2022,FMY,FL,ASO,ES,Federal Contract Tower,0,10,93,0,103,0,0,120,0,120,0,10,213,0,223,190,0,190,413
02/08/2022,FMY,FL,ASO,ES,Federal Contract Tower,0,14,117,0,131,0,0,41,0,41,0,14,158,0,172,12,0,12,184
02/09/2022,FMY,FL,ASO,ES,Federal Contract Tower,0,7,69,0,76,0,1,142,0,143,0,8,211,0,219,168,0,168,387
02/10/2022,FMY,FL,ASO,ES,Federal Contract Tower,0,13,99,2,114,0,0,233,0,233,0,13,332,2,347,236,0,236,583
02/11/2022,FMY,FL,ASO,ES,Federal Contract Tower,0,16,88,0,104,0,10,248,0,258,0,26,336,0,362,300,0,300,662
02/12/2022,FMY,FL,ASO,ES,Federal Contract Tower,0,22,120,0,142,0,9,285,0,294,0,31,405,0,436,188,0,188,624
02/13/2022,FMY,FL,ASO,ES,Federal Contract Tower,0,18,59,0,77,0,6,106,0,112,0,24,165,0,189,94,0,94,283
02/14/2022,FMY,FL,ASO,ES,Federal Contract Tower,0,18,117,0,135,0,0,120,0,120,0,18,237,0,255,176,0,176,431
02/15/2022,FMY,FL,ASO,ES,Federal Contract Tower,0,9,80,0,89,0,1,169,0,170,0,10,249,0,259,194,0,194,453
02/16/2022,FMY,FL,ASO,ES,Federal Contract Tower,0,16,88,0,104,0,0,198,0,198,0,16,286,0,302,218,0,218,520
02/17/2022,FMY,FL,ASO,ES,Federal Contract Tower,0,14,97,2,113,0,1,171,0,172,0,15,268,2,285,200,4,204,489
02/18/2022,FMY,FL,ASO,ES,Federal Contract Tower,0,30,135,0,165,0,0,154,0,154,0,30,289,0,319,146,0,146,465
02/19/2022,FMY,FL,ASO,ES,Federal Contract Tower,0,10,94,0,104,0,4,114,0,118,0,14,208,0,222,32,0,32,254
02/20/2022,FMY,FL,ASO,ES,Federal Contract Tower,0,20,82,0,102,0,3,192,0,195,0,23,274,0,297,232,0,232,529
02/21/2022,FMY,FL,ASO,ES,Federal Contract Tower,0,29,109,0,138,0,2,238,0,240,0,31,347,0,378,232,0,232,610
02/22/2022,FMY,FL,ASO,ES,Federal Contract Tower,0,18,62,0,80,0,1,171,0,172,0,19,233,0,252,242,0,242,494
02/23/2022,FMY,FL,ASO,ES,Federal Contract Tower,0,11,95,0,106,0,2,198,0,200,0,13,293,0,306,244,0,244,550
02/24/2022,FMY,FL,ASO,ES,Federal Contract Tower,0,19,100,0,119,0,5,209,0,214,0,24,309,0,333,160,0,160,493
02/25/2022,FMY,FL,ASO,ES,Federal Contract Tower,0,23,126,4,153,0,2,198,0,200,0,25,324,4,353,328,0,328,681
02/26/2022,FMY,FL,ASO,ES,Federal Contract Tower,0,19,89,0,108,0,1,237,0,238,0,20,326,0,346,182,0,182,528
02/27/2022,FMY,FL,ASO,ES,Federal Contract Tower,0,11,101,0,112,0,1,167,0,168,0,12,268,0,280,204,0,204,484
02/28/2022,FMY,FL,ASO,ES,Federal Contract Tower,0,15,99,0,114,0,4,181,0,185,0,19,280,0,299,216,0,216,515
03/01/2022,FMY,FL,ASO,ES,Federal Contract Tower,0,24,78,0,102,0,0,129,0,129,0,24,207,0,231,212,0,212,443
03/02/2022,FMY,FL,ASO,ES,Federal Contract Tower,0,12,89,0,101,0,1,162,0,163,0,13,251,0,264,248,0,248,512
03/03/2022,FMY,FL,ASO,ES,Federal Contract Tower,0,19,120,0,139,0,3,219,0,222,0,22,339,0,361,274,0,274,635
03/04/2022,FMY,FL,ASO,ES,Federal Contract Tower,0,13,92,0,105,0,1,209,0,210,0,14,301,0,315,172,0,172,487
03/05/2022,FMY,FL,ASO,ES,Federal Contract Tower,0,17,87,0,104,0,7,185,0,192,0,24,272,0,296,68,0,68,364
03/06/2022,FMY,FL,ASO,ES,Federal Contract Tower,0,12,87,0,99,0,3,203,0,206,0,15,290,0,305,124,0,124,429
03/07/2022,FMY,FL,ASO,ES,Federal Contract Tower,0,30,76,0,106,0,0,130,0,130,0,30,206,0,236,136,8,144,380
03/08/2022,FMY,FL,ASO,ES,Federal Contract Tower,0,11,84,0,95,0,0,128,0,128,0,11,212,0,223,250,0,250,473
03/09/2022,FMY,FL,ASO,ES,Federal Contract Tower,0,5,91,0,96,0,0,145,0,145,0,5,236,0,241,210,0,210,451
03/10/2022,FMY,FL,ASO,ES,Federal Contract Tower,0,13,105,0,118,0,7,174,0,181,0,20,279,0,299,204,0,204,503
03/11/2022,FMY,FL,ASO,ES,Federal Contract Tower,0,18,134,0,152,0,18,108,0,126,0,36,242,0,278,110,0,110,388
03/12/2022,FMY,FL,ASO,ES,Federal Contract Tower,0,28,53,0,81,0,0,37,0,37,0,28,90,0,118,6,0,6,124
03/13/2022,FMY,FL,ASO,ES,Federal Contract Tower,0,28,120,1,149,0,2,198,0,200,0,30,318,1,349,168,0,168,517
03/14/2022,FMY,FL,ASO,ES,Federal Contract Tower,0,18,104,0,122,0,7,195,0,202,0,25,299,0,324,268,0,268,592
03/15/2022,FMY,FL,ASO,ES,Federal Contract Tower,0,14,116,0,130,0,0,152,0,152,0,14,268,0,282,176,0,176,458
03/16/2022,FMY,FL,ASO,ES,Federal Contract Tower,0,9,111,0,120,0,0,68,0,68,0,9,179,0,188,76,0,76,264
03/17/2022,FMY,FL,ASO,ES,Federal Contract Tower,0,30,95,0,125,0,5,206,0,211,0,35,301,0,336,202,0,202,538
03/18/2022,FMY,FL,ASO,ES,Federal Contract Tower,0,33,121,0,154,0,3,255,0,258,0,36,376,0,412,240,0,240,652
03/19/2022,FMY,FL,ASO,ES,Federal Contract Tower,0,30,127,0,157,0,0,177,0,177,0,30,304,0,334,116,0,116,450
03/20/2022,FMY,FL,ASO,ES,Federal Contract Tower,0,22,118,0,140,0,0,136,0,136,0,22,254,0,276,92,0,92,368
03/21/2022,FMY,FL,ASO,ES,Federal Contract Tower,0,17,88,0,105,0,8,204,0,212,0,25,292,0,317,217,0,217,534
03/22/2022,FMY,FL,ASO,ES,Federal Contract Tower,0,23,64,0,87,0,0,218,0,218,0,23,282,0,305,218,0,218,523
03/23/2022,FMY,FL,ASO,ES,Federal Contract Tower,0,18,76,0,94,0,5,135,0,140,0,23,211,0,234,202,0,202,436
03/24/2022,FMY,FL,ASO,ES,Federal Contract Tower,0,6,62,0,68,0,4,108,0,112,0,10,170,0,180,165,0,165,345
03/25/2022,FMY,FL,ASO,ES,Federal Contract Tower,0,33,159,0,192,0,7,239,0,246,0,40,398,0,438,231,0,231,669
03/26/2022,FMY,FL,ASO,ES,Federal Contract Tower,0,17,130,0,147,0,2,192,0,194,0,19,322,0,341,146,8,154,495
03/27/2022,FMY,FL,ASO,ES,Federal Contract Tower,0,17,95,0,112,0,2,174,0,176,0,19,269,0,288,76,0,76,364
03/28/2022,FMY,FL,ASO,ES,Federal Contract Tower,0,15,80,0,95,0,0,149,0,149,0,15,229,0,244,234,0,234,478
03/29/2022,FMY,FL,ASO,ES,Federal Contract Tower,0,16,59,0,75,0,4,130,0,134,0,20,189,0,209,188,0,188,397
03/30/2022,FMY,FL,ASO,ES,Federal Contract Tower,0,20,88,0,108,0,0,135,0,135,0,20,223,0,243,179,0,179,422
03/31/2022,FMY,FL,ASO,ES,Federal Contract Tower,0,18,82,0,100,0,1,129,0,130,0,19,211,0,230,190,0,190,420
04/01/2022,FMY,FL,ASO,ES,Federal Contract Tower,0,20,135,0,155,0,0,79,0,79,0,20,214,0,234,98,0,98,332
04/02/2022,FMY,FL,ASO,ES,Federal Contract Tower,0,11,132,0,143,0,0,139,0,139,0,11,271,0,282,138,0,138,420
04/03/2022,FMY,FL,ASO,ES,Federal Contract Tower,0,27,114,0,141,0,0,171,0,171,0,27,285,0,312,194,0,194,506
04/04/2022,FMY,FL,ASO,ES,Federal Contract Tower,0,8,85,0,93,0,4,142,0,146,0,12,227,0,239,230,0,230,469
04/05/2022,FMY,FL,ASO,ES,Federal Contract Tower,0,8,77,1,86,0,2,147,0,149,0,10,224,1,235,108,0,108,343
04/06/2022,FMY,FL,ASO,ES,Federal Contract Tower,0,17,93,0,110,0,0,211,0,211,0,17,304,0,321,250,0,250,571
04/07/2022,FMY,FL,ASO,ES,Federal Contract Tower,0,10,98,0,108,0,4,123,0,127,0,14,221,0,235,258,0,258,493
04/08/2022,FMY,FL,ASO,ES,Federal Contract Tower,0,19,108,0,127,0,11,223,0,234,0,30,331,0,361,208,0,208,569
04/09/2022,FMY,FL,ASO,ES,Federal Contract Tower,0,20,113,0,133,0,11,195,0,206,0,31,308,0,339,162,0,162,501
04/10/2022,FMY,FL,ASO,ES,Federal Contract Tower,0,23,101,0,124,0,2,241,0,243,0,25,342,0,367,282,0,282,649
04/11/2022,FMY,FL,ASO,ES,Federal Contract Tower,0,16,86,0,102,0,8,180,0,188,0,24,266,0,290,282,0,282,572
04/12/2022,FMY,FL,ASO,ES,Federal Contract Tower,0,14,78,0,92,0,0,155,0,155,0,14,233,0,247,278,0,278,525
04/13/2022,FMY,FL,ASO,ES,Federal Contract Tower,0,16,94,0,110,0,4,153,0,157,0,20,247,0,267,314,0,314,581
04/14/2022,FMY,FL,ASO,ES,Federal Contract Tower,0,19,74,0,93,0,18,218,0,236,0,37,292,0,329,354,0,354,683
04/15/2022,FMY,FL,ASO,ES,Federal Contract Tower,0,28,110,0,138,0,8,181,0,189,0,36,291,0,327,286,0,286,613
04/16/2022,FMY,FL,ASO,ES,Federal Contract Tower,0,21,134,0,155,0,5,198,0,203,0,26,332,0,358,224,0,224,582
04/17/2022,FMY,FL,ASO,ES,Federal Contract Tower,0,4,57,0,61,0,0,81,0,81,0,4,138,0,142,72,0,72,214
04/18/2022,FMY,FL,ASO,ES,Federal Contract Tower,0,25,112,0,137,0,4,175,0,179,0,29,287,0,316,238,0,238,554
04/19/2022,FMY,FL,ASO,ES,Federal Contract Tower,0,21,86,0,107,0,0,164,0,164,0,21,250,0,271,250,0,250,521
04/20/2022,FMY,FL,ASO,ES,Federal Contract Tower,0,11,66,0,77,0,3,195,0,198,0,14,261,0,275,332,0,332,607
04/21/2022,FMY,FL,ASO,ES,Federal Contract Tower,0,24,80,0,104,0,8,237,0,245,0,32,317,0,349,238,0,238,587
04/22/2022,FMY,FL,ASO,ES,Federal Contract Tower,0,18,106,0,124,0,4,177,0,181,0,22,283,0,305,176,0,176,481
04/23/2022,FMY,FL,ASO,ES,Federal Contract Tower,0,15,90,0,105,0,1,210,0,211,0,16,300,0,316,232,0,232,548
04/24/2022,FMY,FL,ASO,ES,Federal Contract Tower,0,14,69,0,83,0,3,208,0,211,0,17,277,0,294,272,0,272,566
04/25/2022,FMY,FL,ASO,ES,Federal Contract Tower,0,18,64,0,82,0,4,185,0,189,0,22,249,0,271,274,0,274,545
04/26/2022,FMY,FL,ASO,ES,Federal Contract Tower,0,22,71,0,93,0,2,183,0,185,0,24,254,0,278,296,0,296,574
04/27/2022,FMY,FL,ASO,ES,Federal Contract Tower,0,24,99,0,123,0,1,225,0,226,0,25,324,0,349,314,0,314,663
04/28/2022,FMY,FL,ASO,ES,Federal Contract Tower,0,13,81,0,94,0,6,200,0,206,0,19,281,0,300,308,0,308,608
04/29/2022,FMY,FL,ASO,ES,Federal Contract Tower,2,9,73,0,84,0,6,107,0,113,2,15,180,0,197,160,0,160,357
04/30/2022,FMY,FL,ASO,ES,Federal Contract Tower,0,21,98,0,119,0,0,114,0,114,0,21,212,0,233,198,0,198,431
05/01/2022,FMY,FL,ASO,ES,Federal Contract Tower,0,24,71,0,95,0,4,203,0,207,0,28,274,0,302,194,0,194,496
05/02/2022,FMY,FL,ASO,ES,Federal Contract Tower,0,15,106,0,121,0,5,164,0,169,0,20,270,0,290,244,0,244,534
05/03/2022,FMY,FL,ASO,ES,Federal Contract Tower,0,14,60,0,74,0,0,140,0,140,0,14,200,0,214,266,0,266,480
05/04/2022,FMY,FL,ASO,ES,Federal Contract Tower,0,15,84,0,99,0,2,167,0,169,0,17,251,0,268,300,0,300,568
05/05/2022,FMY,FL,ASO,ES,Federal Contract Tower,0,12,68,0,80,0,249,0,0,249,0,261,68,0,329,358,0,358,687
05/06/2022,FMY,FL,ASO,ES,Federal Contract Tower,0,16,78,0,94,0,0,197,0,197,0,16,275,0,291,248,0,248,539
05/07/2022,FMY,FL,ASO,ES,Federal Contract Tower,0,14,46,0,60,0,2,115,1,118,0,16,161,1,178,186,0,186,364
05/08/2022,FMY,FL,ASO,ES,Federal Contract Tower,0,8,96,0,104,0,7,166,0,173,0,15,262,0,277,204,0,204,481
05/09/2022,FMY,FL,ASO,ES,Federal Contract Tower,0,14,77,0,91,0,0,188,0,188,0,14,265,0,279,348,0,348,627
05/10/2022,FMY,FL,ASO,ES,Federal Contract Tower,0,8,64,0,72,0,0,169,0,169,0,8,233,0,241,173,0,173,414
05/11/2022,FMY,FL,ASO,ES,Federal Contract Tower,0,16,75,0,91,0,0,172,0,172,0,16,247,0,263,308,0,308,571
05/12/2022,FMY,FL,ASO,ES,Federal Contract Tower,0,21,97,0,118,0,2,189,0,191,0,23,286,0,309,316,0,316,625
05/13/2022,FMY,FL,ASO,ES,Federal Contract Tower,0,6,61,0,67,0,3,164,0,167,0,9,225,0,234,183,0,183,417
05/14/2022,FMY,FL,ASO,ES,Federal Contract Tower,0,14,83,0,97,0,7,235,0,242,0,21,318,0,339,286,0,286,625
05/15/2022,FMY,FL,ASO,ES,Federal Contract Tower,0,8,69,0,77,0,2,197,0,199,0,10,266,0,276,206,0,206,482
05/16/2022,FMY,FL,ASO,ES,Federal Contract Tower,0,10,67,0,77,0,2,201,0,203,0,12,268,0,280,358,0,358,638
05/17/2022,FMY,FL,ASO,ES,Federal Contract Tower,0,9,61,0,70,0,2,184,0,186,0,11,245,0,256,318,0,318,574
05/18/2022,FMY,FL,ASO,ES,Federal Contract Tower,0,13,66,2,81,0,1,207,0,208,0,14,273,2,289,364,0,364,653
05/19/2022,FMY,FL,ASO,ES,Federal Contract Tower,0,12,80,1,93,0,0,220,0,220,0,12,300,1,313,304,0,304,617
05/20/2022,FMY,FL,ASO,ES,Federal Contract Tower,0,11,64,0,75,0,0,114,0,114,0,11,178,0,189,96,0,96,285
05/21/2022,FMY,FL,ASO,ES,Federal Contract Tower,0,6,58,0,64,0,0,101,1,102,0,6,159,1,166,198,0,198,364
05/22/2022,FMY,FL,ASO,ES,Federal Contract Tower,0,22,84,0,106,0,0,139,0,139,0,22,223,0,245,190,0,190,435
05/23/2022,FMY,FL,ASO,ES,Federal Contract Tower,0,21,49,0,70,0,0,120,0,120,0,21,169,0,190,300,0,300,490
05/24/2022,FMY,FL,ASO,ES,Federal Contract Tower,0,13,63,0,76,0,0,139,0,139,0,13,202,0,215,210,0,210,425
05/25/2022,FMY,FL,ASO,ES,Federal Contract Tower,0,12,69,0,81,0,3,158,0,161,0,15,227,0,242,252,0,252,494
05/26/2022,FMY,FL,ASO,ES,Federal Contract Tower,0,14,77,0,91,0,0,165,0,165,0,14,242,0,256,351,0,351,607
05/27/2022,FMY,FL,ASO,ES,Federal Contract Tower,0,5,94,0,99,0,0,187,0,187,0,5,281,0,286,242,0,242,528
05/28/2022,FMY,FL,ASO,ES,Federal Contract Tower,0,0,42,0,42,0,1,125,0,126,0,1,167,0,168,250,0,250,418
05/29/2022,FMY,FL,ASO,ES,Federal Contract Tower,0,2,57,0,59,0,0,156,0,156,0,2,213,0,215,198,0,198,413
05/30/2022,FMY,FL,ASO,ES,Federal Contract Tower,0,4,48,0,52,0,0,70,0,70,0,4,118,0,122,128,0,128,250
05/31/2022,FMY,FL,ASO,ES,Federal Contract Tower,0,12,70,0,82,0,0,139,0,139,0,12,209,0,221,205,0,205,426
06/01/2022,FMY,FL,ASO,ES,Federal Contract Tower,0,10,80,0,90,0,5,147,0,152,0,15,227,0,242,296,0,296,538
06/02/2022,FMY,FL,ASO,ES,Federal Contract Tower,0,19,71,2,92,0,2,142,0,144,0,21,213,2,236,208,0,208,444
06/03/2022,FMY,FL,ASO,ES,Federal Contract Tower,0,12,26,0,38,0,0,2,0,2,0,12,28,0,40,0,0,0,40
06/04/2022,FMY,FL,ASO,ES,Federal Contract Tower,0,2,18,0,20,0,0,40,0,40,0,2,58,0,60,64,0,64,124
06/05/2022,FMY,FL,ASO,ES,Federal Contract Tower,0,6,86,0,92,0,2,166,0,168,0,8,252,0,260,260,0,260,520
06/06/2022,FMY,FL,ASO,ES,Federal Contract Tower,0,8,76,4,88,0,2,175,0,177,0,10,251,4,265,260,0,260,525
06/07/2022,FMY,FL,ASO,ES,Federal Contract Tower,0,6,52,0,58,0,0,122,0,122,0,6,174,0,180,186,0,186,366
06/08/2022,FMY,FL,ASO,ES,Federal Contract Tower,0,9,76,0,85,0,2,182,0,184,0,11,258,0,269,336,0,336,605
06/09/2022,FMY,FL,ASO,ES,Federal Contract Tower,0,15,73,0,88,0,3,225,0,228,0,18,298,0,316,404,0,404,720
06/10/2022,FMY,FL,ASO,ES,Federal Contract Tower,0,11,77,0,88,0,0,189,0,189,0,11,266,0,277,372,0,372,649
06/11/2022,FMY,FL,ASO,ES,Federal Contract Tower,0,9,37,0,46,0,0,87,0,87,0,9,124,0,133,276,0,276,409
06/12/2022,FMY,FL,ASO,ES,Federal Contract Tower,0,9,82,0,91,0,1,204,0,205,0,10,286,0,296,282,0,282,578
06/13/2022,FMY,FL,ASO,ES,Federal Contract Tower,0,7,93,0,100,0,2,193,0,195,0,9,286,0,295,276,0,276,571
06/14/2022,FMY,FL,ASO,ES,Federal Contract Tower,0,12,91,0,103,0,0,148,0,148,0,12,239,0,251,344,0,344,595
06/15/2022,FMY,FL,ASO,ES,Federal Contract Tower,0,15,84,0,99,0,4,190,0,194,0,19,274,0,293,376,0,376,669
06/16/2022,FMY,FL,ASO,ES,Federal Contract Tower,0,5,57,0,62,0,7,233,0,240,0,12,290,0,302,306,0,306,608
06/17/2022,FMY,FL,ASO,ES,Federal Contract Tower,0,6,55,0,61,0,2,239,0,241,0,8,294,0,302,182,0,182,484
06/18/2022,FMY,FL,ASO,ES,Federal Contract Tower,0,13,51,0,64,0,0,179,0,179,0,13,230,0,243,152,0,152,395
06/19/2022,FMY,FL,ASO,ES,Federal Contract Tower,0,7,58,0,65,0,9,109,0,118,0,16,167,0,183,198,0,198,381
06/20/2022,FMY,FL,ASO,ES,Federal Contract Tower,0,5,62,0,67,0,2,122,0,124,0,7,184,0,191,166,0,166,357
06/21/2022,FMY,FL,ASO,ES,Federal Contract Tower,0,13,101,0,114,0,4,205,0,209,0,17,306,0,323,340,0,340,663
06/22/2022,FMY,FL,ASO,ES,Federal Contract Tower,0,4,99,2,105,0,0,166,1,167,0,4,265,3,272,304,0,304,576
06/23/2022,FMY,FL,ASO,ES,Federal Contract Tower,0,21,89,0,110,0,0,178,0,178,0,21,267,0,288,264,0,264,552
06/24/2022,FMY,FL,ASO,ES,Federal Contract Tower,0,7,77,2,86,0,0,165,0,165,0,7,242,2,251,262,0,262,513
06/25/2022,FMY,FL,ASO,ES,Federal Contract Tower,0,9,54,0,63,0,1,122,0,123,0,10,176,0,186,238,0,238,424
06/26/2022,FMY,FL,ASO,ES,Federal Contract Tower,0,11,84,0,95,0,4,86,0,90,0,15,170,0,185,70,0,70,255
06/27/2022,FMY,FL,ASO,ES,Federal Contract Tower,0,10,46,0,56,0,1,154,0,155,0,11,200,0,211,238,0,238,449
06/28/2022,FMY,FL,ASO,ES,Federal Contract Tower,0,7,74,0,81,0,0,145,0,145,0,7,219,0,226,212,0,212,438
06/29/2022,FMY,FL,ASO,ES,Federal Contract Tower,0,5,49,1,55,0,0,137,0,137,0,5,186,1,192,228,0,228,420
06/30/2022,FMY,FL,ASO,ES,Federal Contract Tower,0,7,74,0,81,0,0,136,0,136,0,7,210,0,217,200,0,200,417
07/01/2022,FMY,FL,ASO,ES,Federal Contract Tower,0,16,65,0,81,0,10,177,0,187,0,26,242,0,268,122,0,122,390
07/02/2022,FMY,FL,ASO,ES,Federal Contract Tower,0,13,40,0,53,0,1,191,0,192,0,14,231,0,245,142,0,142,387
07/03/2022,FMY,FL,ASO,ES,Federal Contract Tower,0,11,49,0,60,0,2,218,0,220,0,13,267,0,280,214,0,214,494
07/04/2022,FMY,FL,ASO,ES,Federal Contract Tower,0,5,24,0,29,0,5,59,0,64,0,10,83,0,93,22,0,22,115
07/05/2022,FMY,FL,ASO,ES,Federal Contract Tower,0,12,89,0,101,0,0,220,0,220,0,12,309,0,321,320,0,320,641
07/06/2022,FMY,FL,ASO,ES,Federal Contract Tower,0,6,64,0,70,0,1,140,0,141,0,7,204,0,211,242,0,242,453
07/07/2022,FMY,FL,ASO,ES,Federal Contract Tower,0,5,69,0,74,0,0,211,2,213,0,5,280,2,287,354,0,354,641
07/08/2022,FMY,FL,ASO,ES,Federal Contract Tower,0,8,73,0,81,0,6,210,0,216,0,14,283,0,297,274,0,274,571
07/09/2022,FMY,FL,ASO,ES,Federal Contract Tower,0,8,67,0,75,0,0,238,0,238,0,8,305,0,313,318,0,318,631
07/10/2022,FMY,FL,ASO,ES,Federal Contract Tower,0,9,56,0,65,0,2,119,0,121,0,11,175,0,186,228,0,228,414
07/11/2022,FMY,FL,ASO,ES,Federal Contract Tower,0,10,60,0,70,0,1,131,0,132,0,11,191,0,202,302,8,310,512
07/12/2022,FMY,FL,ASO,ES,Federal Contract Tower,0,3,62,0,65,0,5,201,0,206,0,8,263,0,271,322,0,322,593
07/13/2022,FMY,FL,ASO,ES,Federal Contract Tower,0,8,60,0,68,0,0,182,0,182,0,8,242,0,250,180,0,180,430
07/14/2022,FMY,FL,ASO,ES,Federal Contract Tower,0,9,44,0,53,0,3,128,0,131,0,12,172,0,184,218,0,218,402
07/15/2022,FMY,FL,ASO,ES,Federal Contract Tower,0,6,69,0,75,0,6,204,0,210,0,12,273,0,285,238,0,238,523
07/16/2022,FMY,FL,ASO,ES,Federal Contract Tower,0,1,77,0,78,0,0,188,0,188,0,1,265,0,266,240,0,240,506
07/17/2022,FMY,FL,ASO,ES,Federal Contract Tower,0,6,57,0,63,0,1,151,0,152,0,7,208,0,215,192,0,192,407
07/18/2022,FMY,FL,ASO,ES,Federal Contract Tower,0,11,74,2,87,0,3,168,0,171,0,14,242,2,258,366,6,372,630
07/19/2022,FMY,FL,ASO,ES,Federal Contract Tower,0,12,82,0,94,0,0,183,0,183,0,12,265,0,277,318,0,318,595
07/20/2022,FMY,FL,ASO,ES,Federal Contract Tower,0,14,74,0,88,0,0,174,0,174,0,14,248,0,262,354,0,354,616
07/21/2022,FMY,FL,ASO,ES,Federal Contract Tower,0,8,64,0,72,0,5,158,0,163,0,13,222,0,235,274,0,274,509
07/22/2022,FMY,FL,ASO,ES,Federal Contract Tower,0,11,121,0,132,0,9,230,0,239,0,20,351,0,371,328,0,328,699
07/23/2022,FMY,FL,ASO,ES,Federal Contract Tower,0,8,89,0,97,0,0,181,0,181,0,8,270,0,278,348,0,348,626
07/24/2022,FMY,FL,ASO,ES,Federal Contract Tower,0,1,77,0,78,0,3,138,0,141,0,4,215,0,219,222,0,222,441
07/25/2022,FMY,FL,ASO,ES,Federal Contract Tower,0,8,78,0,86,0,7,155,0,162,0,15,233,0,248,246,0,246,494
07/26/2022,FMY,FL,ASO,ES,Federal Contract Tower,0,5,40,1,46,0,0,134,0,134,0,5,174,1,180,258,10,268,448
07/27/2022,FMY,FL,ASO,ES,Federal Contract Tower,0,3,73,0,76,0,1,213,0,214,0,4,286,0,290,273,0,273,563
07/28/2022,FMY,FL,ASO,ES,Federal Contract Tower,0,12,60,4,76,0,0,213,4,217,0,12,273,8,293,297,6,303,596
07/29/2022,FMY,FL,ASO,ES,Federal Contract Tower,0,6,76,0,82,0,4,230,0,234,0,10,306,0,316,278,0,278,594
07/30/2022,FMY,FL,ASO,ES,Federal Contract Tower,0,6,58,0,64,0,4,201,0,205,0,10,259,0,269,288,0,288,557
07/31/2022,FMY,FL,ASO,ES,Federal Contract Tower,0,3,61,11,75,0,0,229,0,229,0,3,290,11,304,218,0,218,522
08/01/2022,FMY,FL,ASO,ES,Federal Contract Tower,0,4,69,0,73,0,6,129,0,135,0,10,198,0,208,230,0,230,438
08/02/2022,FMY,FL,ASO,ES,Federal Contract Tower,0,8,46,0,54,0,1,157,0,158,0,9,203,0,212,222,0,222,434
08/03/2022,FMY,FL,ASO,ES,Federal Contract Tower,0,5,59,2,66,0,4,200,0,204,0,9,259,2,270,244,4,248,518
08/04/2022,FMY,FL,ASO,ES,Federal Contract Tower,0,7,99,0,106,0,7,200,0,207,0,14,299,0,313,276,0,276,589
08/05/2022,FMY,FL,ASO,ES,Federal Contract Tower,0,11,51,0,62,0,0,168,0,168,0,11,219,0,230,236,0,236,466
08/06/2022,FMY,FL,ASO,ES,Federal Contract Tower,0,5,99,0,104,0,2,215,0,217,0,7,314,0,321,290,0,290,611
08/07/2022,FMY,FL,ASO,ES,Federal Contract Tower,0,6,73,0,79,0,2,150,0,152,0,8,223,0,231,166,0,166,397
08/08/2022,FMY,FL,ASO,ES,Federal Contract Tower,0,4,56,0,60,0,0,115,0,115,0,4,171,0,175,216,0,216,391
08/09/2022,FMY,FL,ASO,ES,Federal Contract Tower,0,2,71,0,73,0,0,144,0,144,0,2,215,0,217,222,0,222,439
08/10/2022,FMY,FL,ASO,ES,Federal Contract Tower,0,8,62,0,70,0,3,184,0,187,0,11,246,0,257,360,0,360,617
08/11/2022,FMY,FL,ASO,ES,Federal Contract Tower,0,1,81,6,88,0,1,214,0,215,0,2,295,6,303,328,0,328,631
08/12/2022,FMY,FL,ASO,ES,Federal Contract Tower,0,14,79,0,93,0,3,203,0,206,0,17,282,0,299,384,0,384,683
08/13/2022,FMY,FL,ASO,ES,Federal Contract Tower,0,6,68,0,74,0,0,209,0,209,0,6,277,0,283,340,0,340,623
08/14/2022,FMY,FL,ASO,ES,Federal Contract Tower,0,3,67,0,70,0,4,124,2,130,0,7,191,2,200,216,0,216,416
08/15/2022,FMY,FL,ASO,ES,Federal Contract Tower,0,10,47,4,61,0,1,136,1,138,0,11,183,5,199,220,4,224,423
08/16/2022,FMY,FL,ASO,ES,Federal Contract Tower,0,7,53,0,60,0,5,182,0,187,0,12,235,0,247,430,0,430,677
08/17/2022,FMY,FL,ASO,ES,Federal Contract Tower,0,4,56,0,60,0,5,200,0,205,0,9,256,0,265,352,0,352,617
08/18/2022,FMY,FL,ASO,ES,Federal Contract Tower,0,7,63,0,70,0,0,172,0,172,0,7,235,0,242,370,0,370,612
08/19/2022,FMY,FL,ASO,ES,Federal Contract Tower,0,11,64,0,75,0,1,228,0,229,0,12,292,0,304,428,0,428,732
08/20/2022,FMY,FL,ASO,ES,Federal Contract Tower,0,9,83,0,92,0,0,189,0,189,0,9,272,0,281,284,0,284,565
08/21/2022,FMY,FL,ASO,ES,Federal Contract Tower,0,10,49,0,59,0,0,129,0,129,0,10,178,0,188,244,0,244,432
08/22/2022,FMY,FL,ASO,ES,Federal Contract Tower,0,5,32,1,38,0,0,144,2,146,0,5,176,3,184,164,4,168,352
08/23/2022,FMY,FL,ASO,ES,Federal Contract Tower,0,8,69,0,77,0,6,166,0,172,0,14,235,0,249,238,0,238,487
08/24/2022,FMY,FL,ASO,ES,Federal Contract Tower,0,3,40,0,43,0,0,144,0,144,0,3,184,0,187,270,0,270,457
08/25/2022,FMY,FL,ASO,ES,Federal Contract Tower,0,2,77,0,79,0,2,208,0,210,0,4,285,0,289,322,0,322,611
08/26/2022,FMY,FL,ASO,ES,Federal Contract Tower,0,8,76,0,84,0,0,154,0,154,0,8,230,0,238,286,0,286,524
08/27/2022,FMY,FL,ASO,ES,Federal Contract Tower,0,4,83,0,87,0,0,153,0,153,0,4,236,0,240,208,0,208,448
08/28/2022,FMY,FL,ASO,ES,Federal Contract Tower,0,10,53,0,63,0,0,126,0,126,0,10,179,0,189,172,0,172,361
08/29/2022,FMY,FL,ASO,ES,Federal Contract Tower,0,6,59,0,65,0,2,167,0,169,0,8,226,0,234,294,0,294,528
08/30/2022,FMY,FL,ASO,ES,Federal Contract Tower,0,4,37,0,41,0,0,126,0,126,0,4,163,0,167,230,0,230,397
08/31/2022,FMY,FL,ASO,ES,Federal Contract Tower,0,6,52,0,58,0,0,205,0,205,0,6,257,0,263,386,0,386,649
09/01/2022,FMY,FL,ASO,ES,Federal Contract Tower,0,1,60,0,61,0,0,229,0,229,0,1,289,0,290,396,0,396,686
09/02/2022,FMY,FL,ASO,ES,Federal Contract Tower,0,15,115,0,130,0,0,191,0,191,0,15,306,0,321,312,0,312,633
09/03/2022,FMY,FL,ASO,ES,Federal Contract Tower,0,5,76,0,81,0,1,176,0,177,0,6,252,0,258,224,0,224,482
09/04/2022,FMY,FL,ASO,ES,Federal Contract Tower,0,12,54,0,66,0,0,160,0,160,0,12,214,0,226,206,0,206,432
09/05/2022,FMY,FL,ASO,ES,Federal Contract Tower,0,7,53,0,60,0,2,106,0,108,0,9,159,0,168,112,0,112,280
09/06/2022,FMY,FL,ASO,ES,Federal Contract Tower,0,4,62,0,66,0,0,173,0,173,0,4,235,0,239,294,0,294,533
09/07/2022,FMY,FL,ASO,ES,Federal Contract Tower,0,6,57,0,63,0,1,145,0,146,0,7,202,0,209,262,0,262,471
09/08/2022,FMY,FL,ASO,ES,Federal Contract Tower,0,10,26,0,36,0,127,0,0,127,0,137,26,0,163,220,0,220,383
09/09/2022,FMY,FL,ASO,ES,Federal Contract Tower,0,6,44,0,50,0,0,169,0,169,0,6,213,0,219,18,0,18,237
09/10/2022,FMY,FL,ASO,ES,Federal Contract Tower,0,1,54,0,55,0,1,171,0,172,0,2,225,0,227,166,0,166,393
09/11/2022,FMY,FL,ASO,ES,Federal Contract Tower,0,7,68,0,75,0,2,179,0,181,0,9,247,0,256,258,0,258,514
09/12/2022,FMY,FL,ASO,ES,Federal Contract Tower,0,2,63,0,65,0,0,146,0,146,0,2,209,0,211,304,0,304,515
09/13/2022,FMY,FL,ASO,ES,Federal Contract Tower,0,10,58,0,68,0,0,128,0,128,0,10,186,0,196,188,0,188,384
09/14/2022,FMY,FL,ASO,ES,Federal Contract Tower,0,7,77,0,84,0,0,177,0,177,0,7,254,0,261,346,0,346,607
09/15/2022,FMY,FL,ASO,ES,Federal Contract Tower,0,4,76,0,80,0,3,159,0,162,0,7,235,0,242,394,0,394,636
09/16/2022,FMY,FL,ASO,ES,Federal Contract Tower,0,12,89,0,101,0,0,141,0,141,0,12,230,0,242,244,0,244,486
09/17/2022,FMY,FL,ASO,ES,Federal Contract Tower,0,6,75,0,81,0,0,79,0,79,0,6,154,0,160,36,0,36,196
09/18/2022,FMY,FL,ASO,ES,Federal Contract Tower,0,11,75,0,86,0,0,137,0,137,0,11,212,0,223,232,0,232,455
09/19/2022,FMY,FL,ASO,ES,Federal Contract Tower,0,3,61,0,64,0,4,196,0,200,0,7,257,0,264,358,0,358,622
09/20/2022,FMY,FL,ASO,ES,Federal Contract Tower,0,6,58,0,64,0,0,167,0,167,0,6,225,0,231,240,6,246,477
09/21/2022,FMY,FL,ASO,ES,Federal Contract Tower,0,3,59,0,62,0,4,183,0,187,0,7,242,0,249,296,0,296,545
09/22/2022,FMY,FL,ASO,ES,Federal Contract Tower,0,6,79,0,85,0,0,236,1,237,0,6,315,1,322,326,0,326,648
09/23/2022,FMY,FL,ASO,ES,Federal Contract Tower,0,2,68,0,70,0,4,240,0,244,0,6,308,0,314,388,0,388,702
09/24/2022,FMY,FL,ASO,ES,Federal Contract Tower,0,5,96,0,101,0,0,248,0,248,0,5,344,0,349,326,0,326,675
09/25/2022,FMY,FL,ASO,ES,Federal Contract Tower,0,3,70,2,75,0,0,195,0,195,0,3,265,2,270,238,0,238,508
09/26/2022,FMY,FL,ASO,ES,Federal Contract Tower,0,10,55,0,65,0,2,112,0,114,0,12,167,0,179,166,0,166,345
09/27/2022,FMY,FL,ASO,ES,Federal Contract Tower,0,5,22,0,27,0,0,0,0,0,0,5,22,0,27,0,0,0,27
09/28/2022,FMY,FL,ASO,ES,Federal Contract Tower,0,0,0,0,0,0,0,0,0,0,0,0,0,0,0,0,0,0,0
09/29/2022,FMY,FL,ASO,ES,Federal Contract Tower,0,0,0,0,0,0,0,0,0,0,0,0,0,0,0,0,0,0,0
09/30/2022,FMY,FL,ASO,ES,Federal Contract Tower,0,0,0,0,0,0,0,0,0,0,0,0,0,0,0,0,0,0,0
10/01/2022,FMY,FL,ASO,ES,Federal Contract Tower,0,0,0,0,0,0,0,0,0,0,0,0,0,0,0,0,0,0,0
10/02/2022,FMY,FL,ASO,ES,Federal Contract Tower,0,0,0,0,0,0,0,0,0,0,0,0,0,0,0,0,0,0,0
10/03/2022,FMY,FL,ASO,ES,Federal Contract Tower,0,2,5,0,7,0,6,114,4,124,0,8,119,4,131,0,0,0,131
10/04/2022,FMY,FL,ASO,ES,Federal Contract Tower,0,4,43,0,47,0,12,162,2,176,0,16,205,2,223,118,34,152,375
10/05/2022,FMY,FL,ASO,ES,Federal Contract Tower,0,5,21,0,26,0,1,39,0,40,0,6,60,0,66,0,0,0,66
10/06/2022,FMY,FL,ASO,ES,Federal Contract Tower,0,6,44,0,50,0,2,94,0,96,0,8,138,0,146,0,0,0,146
10/07/2022,FMY,FL,ASO,ES,Federal Contract Tower,0,5,51,0,56,0,0,111,0,111,0,5,162,0,167,0,0,0,167
10/08/2022,FMY,FL,ASO,ES,Federal Contract Tower,0,10,29,0,39,0,2,60,0,62,0,12,89,0,101,0,0,0,101
10/09/2022,FMY,FL,ASO,ES,Federal Contract Tower,0,1,32,0,33,0,1,101,0,102,0,2,133,0,135,0,0,0,135
10/10/2022,FMY,FL,ASO,ES,Federal Contract Tower,0,3,80,0,83,0,2,123,0,125,0,5,203,0,208,110,0,110,318
10/11/2022,FMY,FL,ASO,ES,Federal Contract Tower,0,5,75,0,80,0,4,122,0,126,0,9,197,0,206,134,0,134,340
10/12/2022,FMY,FL,ASO,ES,Federal Contract Tower,0,10,71,0,81,0,2,103,0,105,0,12,174,0,186,108,0,108,294
10/13/2022,FMY,FL,ASO,ES,Federal Contract Tower,0,7,61,0,68,0,0,113,0,113,0,7,174,0,181,88,0,88,269
10/14/2022,FMY,FL,ASO,ES,Federal Contract Tower,0,13,81,0,94,0,3,143,0,146,0,16,224,0,240,198,0,198,438
10/15/2022,FMY,FL,ASO,ES,Federal Contract Tower,0,15,65,0,80,0,0,140,0,140,0,15,205,0,220,111,1,112,332
10/16/2022,FMY,FL,ASO,ES,Federal Contract Tower,0,10,49,0,59,0,0,136,0,136,0,10,185,0,195,174,0,174,369
10/17/2022,FMY,FL,ASO,ES,Federal Contract Tower,0,9,46,0,55,0,0,102,0,102,0,9,148,0,157,162,0,162,319
10/18/2022,FMY,FL,ASO,ES,Federal Contract Tower,0,29,65,0,94,0,1,98,0,99,0,30,163,0,193,130,0,130,323
10/19/2022,FMY,FL,ASO,ES,Federal Contract Tower,0,12,62,0,74,0,0,150,0,150,0,12,212,0,224,188,0,188,412
10/20/2022,FMY,FL,ASO,ES,Federal Contract Tower,0,12,73,0,85,0,1,162,0,163,0,13,235,0,248,190,0,190,438
10/21/2022,FMY,FL,ASO,ES,Federal Contract Tower,0,9,57,0,66,0,0,148,0,148,0,9,205,0,214,142,0,142,356
10/22/2022,FMY,FL,ASO,ES,Federal Contract Tower,0,2,36,0,38,0,4,188,1,193,0,6,224,1,231,172,0,172,403
10/23/2022,FMY,FL,ASO,ES,Federal Contract Tower,0,8,50,0,58,0,0,139,0,139,0,8,189,0,197,172,0,172,369
10/24/2022,FMY,FL,ASO,ES,Federal Contract Tower,0,12,74,0,86,0,1,138,0,139,0,13,212,0,225,230,0,230,455
10/25/2022,FMY,FL,ASO,ES,Federal Contract Tower,0,11,83,0,94,0,1,165,0,166,0,12,248,0,260,288,0,288,548
10/26/2022,FMY,FL,ASO,ES,Federal Contract Tower,0,14,78,0,92,0,0,180,0,180,0,14,258,0,272,252,0,252,524
10/27/2022,FMY,FL,ASO,ES,Federal Contract Tower,0,15,66,0,81,0,4,197,1,202,0,19,263,1,283,294,0,294,577
10/28/2022,FMY,FL,ASO,ES,Federal Contract Tower,0,11,90,0,101,0,2,200,0,202,0,13,290,0,303,278,0,278,581
10/29/2022,FMY,FL,ASO,ES,Federal Contract Tower,0,5,66,0,71,0,0,86,0,86,0,5,152,0,157,164,8,172,329
10/30/2022,FMY,FL,ASO,ES,Federal Contract Tower,0,14,49,1,64,0,5,188,2,195,0,19,237,3,259,278,0,278,537
10/31/2022,FMY,FL,ASO,ES,Federal Contract Tower,0,11,66,0,77,0,5,136,0,141,0,16,202,0,218,322,0,322,540
11/01/2022,FMY,FL,ASO,ES,Federal Contract Tower,0,5,55,0,60,0,3,159,0,162,0,8,214,0,222,234,0,234,456
11/02/2022,FMY,FL,ASO,ES,Federal Contract Tower,0,9,80,0,89,0,6,164,0,170,0,15,244,0,259,224,0,224,483
11/03/2022,FMY,FL,ASO,ES,Federal Contract Tower,0,15,86,0,101,0,8,233,0,241,0,23,319,0,342,372,0,372,714
11/04/2022,FMY,FL,ASO,ES,Federal Contract Tower,0,22,94,0,116,0,0,242,0,242,0,22,336,0,358,300,0,300,658
11/05/2022,FMY,FL,ASO,ES,Federal Contract Tower,0,10,53,0,63,0,0,262,0,262,0,10,315,0,325,210,0,210,535
11/06/2022,FMY,FL,ASO,ES,Federal Contract Tower,0,17,61,0,78,0,0,205,0,205,0,17,266,0,283,260,0,260,543
11/07/2022,FMY,FL,ASO,ES,Federal Contract Tower,0,8,100,0,108,0,0,171,0,171,0,8,271,0,279,232,0,232,511
11/08/2022,FMY,FL,ASO,ES,Federal Contract Tower,0,15,56,0,71,0,0,106,0,106,0,15,162,0,177,178,0,178,355
11/09/2022,FMY,FL,ASO,ES,Federal Contract Tower,0,6,30,0,36,0,3,22,0,25,0,9,52,0,61,62,0,62,123
11/10/2022,FMY,FL,ASO,ES,Federal Contract Tower,0,13,36,0,49,0,1,17,0,18,0,14,53,0,67,10,0,10,77
11/11/2022,FMY,FL,ASO,ES,Federal Contract Tower,0,13,62,0,75,0,3,111,0,114,0,16,173,0,189,154,0,154,343
11/12/2022,FMY,FL,ASO,ES,Federal Contract Tower,0,5,77,0,82,0,2,131,1,134,0,7,208,1,216,168,0,168,384
11/13/2022,FMY,FL,ASO,ES,Federal Contract Tower,0,14,60,0,74,0,4,160,0,164,0,18,220,0,238,256,0,256,494
11/14/2022,FMY,FL,ASO,ES,Federal Contract Tower,0,10,111,0,121,0,0,182,0,182,0,10,293,0,303,280,0,280,583
11/15/2022,FMY,FL,ASO,ES,Federal Contract Tower,0,2,87,0,89,0,4,244,0,248,0,6,331,0,337,288,0,288,625
11/16/2022,FMY,FL,ASO,ES,Federal Contract Tower,0,6,71,0,77,0,2,175,0,177,0,8,246,0,254,252,0,252,506
11/17/2022,FMY,FL,ASO,ES,Federal Contract Tower,0,10,88,0,98,0,0,154,0,154,0,10,242,0,252,244,0,244,496
11/18/2022,FMY,FL,ASO,ES,Federal Contract Tower,0,15,118,0,133,0,0,216,0,216,0,15,334,0,349,314,0,314,663
11/19/2022,FMY,FL,ASO,ES,Federal Contract Tower,0,7,80,1,88,0,1,188,0,189,0,8,268,1,277,160,0,160,437
11/20/2022,FMY,FL,ASO,ES,Federal Contract Tower,0,9,70,0,79,0,0,59,0,59,0,9,129,0,138,30,0,30,168
11/21/2022,FMY,FL,ASO,ES,Federal Contract Tower,0,5,92,0,97,0,1,102,0,103,0,6,194,0,200,222,0,222,422
11/22/2022,FMY,FL,ASO,ES,Federal Contract Tower,0,13,113,0,126,0,0,45,0,45,0,13,158,0,171,80,0,80,251
11/23/2022,FMY,FL,ASO,ES,Federal Contract Tower,0,15,89,0,104,0,0,94,0,94,0,15,183,0,198,206,0,206,404
11/24/2022,FMY,FL,ASO,ES,Federal Contract Tower,0,3,15,0,18,0,0,48,0,48,0,3,63,0,66,78,0,78,144
11/25/2022,FMY,FL,ASO,ES,Federal Contract Tower,0,14,67,0,81,0,0,108,0,108,0,14,175,0,189,230,0,230,419
11/26/2022,FMY,FL,ASO,ES,Federal Contract Tower,0,10,74,0,84,0,0,181,0,181,0,10,255,0,265,294,0,294,559
11/27/2022,FMY,FL,ASO,ES,Federal Contract Tower,0,19,81,1,101,0,0,96,1,97,0,19,177,2,198,168,0,168,366
11/28/2022,FMY,FL,ASO,ES,Federal Contract Tower,0,2,94,0,96,0,3,126,0,129,0,5,220,0,225,296,0,296,521
11/29/2022,FMY,FL,ASO,ES,Federal Contract Tower,0,18,39,0,57,0,0,155,0,155,0,18,194,0,212,306,0,306,518
11/30/2022,FMY,FL,ASO,ES,Federal Contract Tower,0,9,75,0,84,0,0,207,0,207,0,9,282,0,291,396,0,396,687
12/01/2022,FMY,FL,ASO,ES,Federal Contract Tower,0,17,63,0,80,0,2,185,0,187,0,19,248,0,267,400,0,400,667
12/02/2022,FMY,FL,ASO,ES,Federal Contract Tower,0,11,64,0,75,0,0,266,0,266,0,11,330,0,341,286,0,286,627
12/03/2022,FMY,FL,ASO,ES,Federal Contract Tower,0,11,67,0,78,0,5,246,1,252,0,16,313,1,330,364,0,364,694
12/04/2022,FMY,FL,ASO,ES,Federal Contract Tower,0,12,58,0,70,0,0,261,0,261,0,12,319,0,331,378,0,378,709
12/05/2022,FMY,FL,ASO,ES,Federal Contract Tower,0,10,108,2,120,0,2,227,0,229,0,12,335,2,349,424,0,424,773
12/06/2022,FMY,FL,ASO,ES,Federal Contract Tower,0,3,67,0,70,0,2,186,0,188,0,5,253,0,258,356,0,356,614
12/07/2022,FMY,FL,ASO,ES,Federal Contract Tower,0,6,80,1,87,0,3,181,0,184,0,9,261,1,271,414,0,414,685
12/08/2022,FMY,FL,ASO,ES,Federal Contract Tower,0,9,106,0,115,0,0,205,2,207,0,9,311,2,322,320,0,320,642
12/09/2022,FMY,FL,ASO,ES,Federal Contract Tower,0,23,137,0,160,0,0,244,0,244,0,23,381,0,404,390,0,390,794
12/10/2022,FMY,FL,ASO,ES,Federal Contract Tower,0,9,73,0,82,0,0,226,0,226,0,9,299,0,308,294,0,294,602
12/11/2022,FMY,FL,ASO,ES,Federal Contract Tower,0,13,93,0,106,0,0,113,0,113,0,13,206,0,219,186,0,186,405
12/12/2022,FMY,FL,ASO,ES,Federal Contract Tower,0,9,122,0,131,0,1,158,0,159,0,10,280,0,290,296,0,296,586
12/13/2022,FMY,FL,ASO,ES,Federal Contract Tower,0,10,80,0,90,0,2,190,0,192,0,12,270,0,282,450,0,450,732
12/14/2022,FMY,FL,ASO,ES,Federal Contract Tower,0,11,62,0,73,0,1,151,0,152,0,12,213,0,225,346,0,346,571
12/15/2022,FMY,FL,ASO,ES,Federal Contract Tower,0,15,53,0,68,0,1,53,0,54,0,16,106,0,122,103,0,103,225
12/16/2022,FMY,FL,ASO,ES,Federal Contract Tower,0,3,106,0,109,0,2,118,0,120,0,5,224,0,229,234,0,234,463
12/17/2022,FMY,FL,ASO,ES,Federal Contract Tower,0,11,80,0,91,0,0,245,0,245,0,11,325,0,336,372,0,372,708
12/18/2022,FMY,FL,ASO,ES,Federal Contract Tower,0,12,83,0,95,0,0,168,0,168,0,12,251,0,263,242,0,242,505
12/19/2022,FMY,FL,ASO,ES,Federal Contract Tower,0,12,58,0,70,0,2,157,0,159,0,14,215,0,229,222,0,222,451
12/20/2022,FMY,FL,ASO,ES,Federal Contract Tower,0,4,47,0,51,0,0,103,0,103,0,4,150,0,154,238,0,238,392
12/21/2022,FMY,FL,ASO,ES,Federal Contract Tower,0,12,99,0,111,0,0,95,0,95,0,12,194,0,206,124,0,124,330
12/22/2022,FMY,FL,ASO,ES,Federal Contract Tower,0,17,103,1,121,0,0,79,0,79,0,17,182,1,200,160,12,172,372
12/23/2022,FMY,FL,ASO,ES,Federal Contract Tower,0,5,51,0,56,0,0,2,129,131,0,5,53,129,187,44,0,44,231
12/24/2022,FMY,FL,ASO,ES,Federal Contract Tower,0,2,24,0,26,0,0,1,61,62,0,2,25,61,88,70,0,70,158
12/25/2022,FMY,FL,ASO,ES,Federal Contract Tower,0,3,18,0,21,0,0,38,0,38,0,3,56,0,59,52,0,52,111
12/26/2022,FMY,FL,ASO,ES,Federal Contract Tower,0,10,84,0,94,0,0,90,0,90,0,10,174,0,184,90,0,90,274
12/27/2022,FMY,FL,ASO,ES,Federal Contract Tower,0,17,92,0,109,0,0,184,0,184,0,17,276,0,293,196,0,196,489
12/28/2022,FMY,FL,ASO,ES,Federal Contract Tower,0,26,89,0,115,0,2,180,1,183,0,28,269,1,298,176,0,176,474
12/29/2022,FMY,FL,ASO,ES,Federal Contract Tower,0,16,62,0,78,0,7,229,0,236,0,23,291,0,314,326,0,326,640
12/30/2022,FMY,FL,ASO,ES,Federal Contract Tower,0,8,56,0,64,0,3,221,0,224,0,11,277,0,288,242,0,242,530
12/31/2022,FMY,FL,ASO,ES,Federal Contract Tower,0,4,57,0,61,0,0,176,0,176,0,4,233,0,237,236,0,236,473
01/01/2023,FMY,FL,ASO,ES,Federal Contract Tower,0,19,44,0,63,0,0,38,0,38,0,19,82,0,101,26,0,26,127
01/02/2023,FMY,FL,ASO,ES,Federal Contract Tower,0,17,113,0,130,0,2,185,0,187,0,19,298,0,317,194,0,194,511
01/03/2023,FMY,FL,ASO,ES,Federal Contract Tower,0,19,68,0,87,0,0,168,0,168,0,19,236,0,255,250,0,250,505
01/04/2023,FMY,FL,ASO,ES,Federal Contract Tower,0,17,65,1,83,0,6,174,0,180,0,23,239,1,263,352,4,356,619
01/05/2023,FMY,FL,ASO,ES,Federal Contract Tower,0,13,92,0,105,0,4,230,0,234,0,17,322,0,339,416,0,416,755
01/06/2023,FMY,FL,ASO,ES,Federal Contract Tower,0,12,123,0,135,0,2,255,0,257,0,14,378,0,392,324,0,324,716
01/07/2023,FMY,FL,ASO,ES,Federal Contract Tower,0,16,84,0,100,0,0,324,0,324,0,16,408,0,424,226,0,226,650
01/08/2023,FMY,FL,ASO,ES,Federal Contract Tower,0,7,86,0,93,0,0,235,0,235,0,7,321,0,328,258,4,262,590
01/09/2023,FMY,FL,ASO,ES,Federal Contract Tower,0,5,84,0,89,0,5,194,0,199,0,10,278,0,288,306,0,306,594
01/10/2023,FMY,FL,ASO,ES,Federal Contract Tower,0,8,75,2,85,0,0,179,0,179,0,8,254,2,264,266,0,266,530
01/11/2023,FMY,FL,ASO,ES,Federal Contract Tower,0,11,69,0,80,0,6,211,0,217,0,17,280,0,297,200,0,200,497
01/12/2023,FMY,FL,ASO,ES,Federal Contract Tower,0,15,79,0,94,0,0,253,0,253,0,15,332,0,347,232,0,232,579
01/13/2023,FMY,FL,ASO,ES,Federal Contract Tower,0,9,56,0,65,0,0,136,0,136,0,9,192,0,201,188,0,188,389
01/14/2023,FMY,FL,ASO,ES,Federal Contract Tower,0,6,45,0,51,0,0,199,0,199,0,6,244,0,250,230,0,230,480
01/15/2023,FMY,FL,ASO,ES,Federal Contract Tower,0,8,78,0,86,0,0,183,0,183,0,8,261,0,269,286,0,286,555
01/16/2023,FMY,FL,ASO,ES,Federal Contract Tower,0,4,79,0,83,0,4,169,0,173,0,8,248,0,256,306,0,306,562
01/17/2023,FMY,FL,ASO,ES,Federal Contract Tower,0,11,51,0,62,0,0,182,0,182,0,11,233,0,244,276,0,276,520
01/18/2023,FMY,FL,ASO,ES,Federal Contract Tower,0,13,84,0,97,0,2,150,0,152,0,15,234,0,249,268,0,268,517
01/19/2023,FMY,FL,ASO,ES,Federal Contract Tower,0,14,78,0,92,0,2,273,0,275,0,16,351,0,367,360,0,360,727
01/20/2023,FMY,FL,ASO,ES,Federal Contract Tower,0,23,105,0,128,0,0,312,0,312,0,23,417,0,440,354,0,354,794
01/21/2023,FMY,FL,ASO,ES,Federal Contract Tower,0,8,77,0,85,0,0,196,0,196,0,8,273,0,281,58,0,58,339
01/22/2023,FMY,FL,ASO,ES,Federal Contract Tower,0,5,62,0,67,0,3,165,0,168,0,8,227,0,235,62,0,62,297
01/23/2023,FMY,FL,ASO,ES,Federal Contract Tower,0,10,130,0,140,0,1,112,0,113,0,11,242,0,253,216,0,216,469
01/24/2023,FMY,FL,ASO,ES,Federal Contract Tower,0,7,63,0,70,0,0,253,0,253,0,7,316,0,323,290,0,290,613
01/25/2023,FMY,FL,ASO,ES,Federal Contract Tower,0,9,75,0,84,0,0,180,0,180,0,9,255,0,264,256,0,256,520
01/26/2023,FMY,FL,ASO,ES,Federal Contract Tower,0,4,107,0,111,0,2,291,0,293,0,6,398,0,404,310,0,310,714
01/27/2023,FMY,FL,ASO,ES,Federal Contract Tower,0,14,92,0,106,0,3,245,0,248,0,17,337,0,354,266,0,266,620
01/28/2023,FMY,FL,ASO,ES,Federal Contract Tower,0,4,76,0,80,0,0,238,0,238,0,4,314,0,318,294,0,294,612
01/29/2023,FMY,FL,ASO,ES,Federal Contract Tower,0,2,87,0,89,0,0,200,0,200,0,2,287,0,289,236,0,236,525
01/30/2023,FMY,FL,ASO,ES,Federal Contract Tower,0,3,54,0,57,0,2,206,0,208,0,5,260,0,265,354,0,354,619
01/31/2023,FMY,FL,ASO,ES,Federal Contract Tower,0,7,67,0,74,0,0,225,0,225,0,7,292,0,299,300,0,300,599
02/01/2023,FMY,FL,ASO,ES,Federal Contract Tower,0,17,98,1,116,0,0,196,1,197,0,17,294,2,313,344,12,356,669
02/02/2023,FMY,FL,ASO,ES,Federal Contract Tower,0,4,70,6,80,0,8,246,0,254,0,12,316,6,334,364,0,364,698
02/03/2023,FMY,FL,ASO,ES,Federal Contract Tower,0,19,109,0,128,0,0,220,0,220,0,19,329,0,348,350,0,350,698
02/04/2023,FMY,FL,ASO,ES,Federal Contract Tower,0,14,78,0,92,0,4,217,0,221,0,18,295,0,313,292,0,292,605
02/05/2023,FMY,FL,ASO,ES,Federal Contract Tower,0,13,117,0,130,0,0,244,0,244,0,13,361,0,374,336,0,336,710
02/06/2023,FMY,FL,ASO,ES,Federal Contract Tower,0,1,95,0,96,0,6,222,0,228,0,7,317,0,324,240,0,240,564
02/07/2023,FMY,FL,ASO,ES,Federal Contract Tower,0,5,78,0,83,0,0,180,0,180,0,5,258,0,263,226,0,226,489
02/08/2023,FMY,FL,ASO,ES,Federal Contract Tower,0,5,66,0,71,0,0,188,0,188,0,5,254,0,259,268,0,268,527
02/09/2023,FMY,FL,ASO,ES,Federal Contract Tower,0,14,99,0,113,0,0,232,0,232,0,14,331,0,345,340,0,340,685
02/10/2023,FMY,FL,ASO,ES,Federal Contract Tower,0,10,94,0,104,0,5,256,0,261,0,15,350,0,365,252,0,252,617
02/11/2023,FMY,FL,ASO,ES,Federal Contract Tower,0,6,55,0,61,0,0,186,0,186,0,6,241,0,247,174,0,174,421
02/12/2023,FMY,FL,ASO,ES,Federal Contract Tower,0,10,58,0,68,0,0,80,0,80,0,10,138,0,148,16,0,16,164
02/13/2023,FMY,FL,ASO,ES,Federal Contract Tower,0,4,78,0,82,0,5,211,0,216,0,9,289,0,298,306,0,306,604
02/14/2023,FMY,FL,ASO,ES,Federal Contract Tower,0,10,56,0,66,0,0,224,0,224,0,10,280,0,290,302,0,302,592
02/15/2023,FMY,FL,ASO,ES,Federal Contract Tower,0,9,97,0,106,0,2,227,0,229,0,11,324,0,335,444,0,444,779
02/16/2023,FMY,FL,ASO,ES,Federal Contract Tower,0,28,111,0,139,0,12,338,0,350,0,40,449,0,489,370,0,370,859
02/17/2023,FMY,FL,ASO,ES,Federal Contract Tower,0,13,99,0,112,0,1,268,0,269,0,14,367,0,381,354,0,354,735
02/18/2023,FMY,FL,ASO,ES,Federal Contract Tower,0,10,152,0,162,0,0,177,0,177,0,10,329,0,339,210,0,210,549
02/19/2023,FMY,FL,ASO,ES,Federal Contract Tower,0,9,126,0,135,0,2,336,2,340,0,11,462,2,475,276,0,276,751
02/20/2023,FMY,FL,ASO,ES,Federal Contract Tower,0,10,88,0,98,0,0,280,0,280,0,10,368,0,378,222,0,222,600
02/21/2023,FMY,FL,ASO,ES,Federal Contract Tower,0,10,96,0,106,0,0,167,0,167,0,10,263,0,273,278,0,278,551
02/22/2023,FMY,FL,ASO,ES,Federal Contract Tower,0,12,87,0,99,0,7,239,0,246,0,19,326,0,345,300,0,300,645
02/23/2023,FMY,FL,ASO,ES,Federal Contract Tower,0,18,79,1,98,0,4,306,0,310,0,22,385,1,408,352,0,352,760
02/24/2023,FMY,FL,ASO,ES,Federal Contract Tower,0,8,89,0,97,0,2,331,0,333,0,10,420,0,430,408,0,408,838
02/25/2023,FMY,FL,ASO,ES,Federal Contract Tower,0,6,75,0,81,0,11,324,0,335,0,17,399,0,416,302,0,302,718
02/26/2023,FMY,FL,ASO,ES,Federal Contract Tower,0,14,95,0,109,0,4,273,0,277,0,18,368,0,386,276,0,276,662
02/27/2023,FMY,FL,ASO,ES,Federal Contract Tower,0,11,51,0,62,0,0,204,0,204,0,11,255,0,266,340,0,340,606
02/28/2023,FMY,FL,ASO,ES,Federal Contract Tower,0,8,48,0,56,0,1,186,0,187,0,9,234,0,243,232,0,232,475
03/01/2023,FMY,FL,ASO,ES,Federal Contract Tower,0,18,86,0,104,0,2,262,0,264,0,20,348,0,368,384,0,384,752
03/02/2023,FMY,FL,ASO,ES,Federal Contract Tower,0,21,84,0,105,0,5,250,0,255,0,26,334,0,360,366,0,366,726
03/03/2023,FMY,FL,ASO,ES,Federal Contract Tower,0,14,43,0,57,0,2,75,0,77,0,16,118,0,134,70,0,70,204
03/04/2023,FMY,FL,ASO,ES,Federal Contract Tower,0,9,100,0,109,0,0,279,0,279,0,9,379,0,388,408,0,408,796
03/05/2023,FMY,FL,ASO,ES,Federal Contract Tower,0,16,69,0,85,0,0,280,2,282,0,16,349,2,367,310,0,310,677
03/06/2023,FMY,FL,ASO,ES,Federal Contract Tower,0,10,100,0,110,0,1,226,0,227,0,11,326,0,337,312,0,312,649
03/07/2023,FMY,FL,ASO,ES,Federal Contract Tower,0,12,65,0,77,0,0,168,0,168,0,12,233,0,245,346,0,346,591
03/08/2023,FMY,FL,ASO,ES,Federal Contract Tower,0,9,71,7,87,0,6,161,0,167,0,15,232,7,254,296,0,296,550
03/09/2023,FMY,FL,ASO,ES,Federal Contract Tower,0,24,70,0,94,0,5,242,0,247,0,29,312,0,341,304,0,304,645
03/10/2023,FMY,FL,ASO,ES,Federal Contract Tower,0,10,73,0,83,0,0,238,0,238,0,10,311,0,321,305,0,305,626
03/11/2023,FMY,FL,ASO,ES,Federal Contract Tower,0,11,88,0,99,0,0,262,0,262,0,11,350,0,361,216,0,216,577
03/12/2023,FMY,FL,ASO,ES,Federal Contract Tower,0,14,85,0,99,0,7,256,0,263,0,21,341,0,362,282,0,282,644
03/13/2023,FMY,FL,ASO,ES,Federal Contract Tower,0,15,65,0,80,0,0,122,2,124,0,15,187,2,204,212,0,212,416
03/14/2023,FMY,FL,ASO,ES,Federal Contract Tower,0,0,106,0,106,0,0,190,0,190,0,0,296,0,296,274,0,274,570
03/15/2023,FMY,FL,ASO,ES,Federal Contract Tower,0,26,94,0,120,0,0,212,0,212,0,26,306,0,332,356,0,356,688
03/16/2023,FMY,FL,ASO,ES,Federal Contract Tower,0,5,72,38,115,0,0,203,0,203,0,5,275,38,318,380,0,380,698
03/17/2023,FMY,FL,ASO,ES,Federal Contract Tower,0,12,90,0,102,0,2,249,0,251,0,14,339,0,353,312,0,312,665
03/18/2023,FMY,FL,ASO,ES,Federal Contract Tower,0,8,70,0,78,0,3,210,0,213,0,11,280,0,291,222,0,222,513
03/19/2023,FMY,FL,ASO,ES,Federal Contract Tower,0,9,109,5,123,0,2,110,0,112,0,11,219,5,235,146,26,172,407
03/20/2023,FMY,FL,ASO,ES,Federal Contract Tower,0,7,138,0,145,0,0,199,0,199,0,7,337,0,344,300,0,300,644
03/21/2023,FMY,FL,ASO,ES,Federal Contract Tower,0,12,73,0,85,0,1,288,0,289,0,13,361,0,374,228,0,228,602
03/22/2023,FMY,FL,ASO,ES,Federal Contract Tower,0,26,77,0,103,0,0,252,0,252,0,26,329,0,355,287,0,287,642
03/23/2023,FMY,FL,ASO,ES,Federal Contract Tower,0,19,86,0,105,0,10,238,0,248,0,29,324,0,353,270,0,270,623
03/24/2023,FMY,FL,ASO,ES,Federal Contract Tower,0,12,97,0,109,0,4,257,0,261,0,16,354,0,370,410,0,410,780
03/25/2023,FMY,FL,ASO,ES,Federal Contract Tower,0,16,92,0,108,0,3,287,0,290,0,19,379,0,398,354,0,354,752
03/26/2023,FMY,FL,ASO,ES,Federal Contract Tower,0,13,79,0,92,0,2,171,0,173,0,15,250,0,265,252,0,252,517
03/27/2023,FMY,FL,ASO,ES,Federal Contract Tower,0,11,91,0,102,0,8,186,0,194,0,19,277,0,296,366,0,366,662
03/28/2023,FMY,FL,ASO,ES,Federal Contract Tower,0,6,78,0,84,0,4,178,0,182,0,10,256,0,266,300,0,300,566
03/29/2023,FMY,FL,ASO,ES,Federal Contract Tower,0,14,87,0,101,0,2,195,0,197,0,16,282,0,298,374,0,374,672
03/30/2023,FMY,FL,ASO,ES,Federal Contract Tower,0,9,87,4,100,0,2,269,0,271,0,11,356,4,371,380,0,380,751
03/31/2023,FMY,FL,ASO,ES,Federal Contract Tower,0,12,77,0,89,0,0,199,0,199,0,12,276,0,288,404,0,404,692
04/01/2023,FMY,FL,ASO,ES,Federal Contract Tower,0,18,81,0,99,0,0,226,0,226,0,18,307,0,325,346,0,346,671
04/02/2023,FMY,FL,ASO,ES,Federal Contract Tower,0,9,89,0,98,0,0,192,0,192,0,9,281,0,290,374,0,374,664
04/03/2023,FMY,FL,ASO,ES,Federal Contract Tower,0,10,83,0,93,0,9,218,0,227,0,19,301,0,320,352,0,352,672
04/04/2023,FMY,FL,ASO,ES,Federal Contract Tower,0,6,92,0,98,0,6,167,2,175,0,12,259,2,273,282,0,282,555
04/05/2023,FMY,FL,ASO,ES,Federal Contract Tower,0,19,97,0,116,0,0,201,0,201,0,19,298,0,317,268,0,268,585
04/06/2023,FMY,FL,ASO,ES,Federal Contract Tower,0,20,83,0,103,0,5,243,0,248,0,25,326,0,351,264,0,264,615
04/07/2023,FMY,FL,ASO,ES,Federal Contract Tower,0,28,96,0,124,0,2,256,0,258,0,30,352,0,382,272,0,272,654
04/08/2023,FMY,FL,ASO,ES,Federal Contract Tower,0,23,88,0,111,0,2,339,0,341,0,25,427,0,452,306,0,306,758
04/09/2023,FMY,FL,ASO,ES,Federal Contract Tower,0,11,42,0,53,0,1,100,0,101,0,12,142,0,154,90,0,90,244
04/10/2023,FMY,FL,ASO,ES,Federal Contract Tower,0,18,113,0,131,0,1,97,0,98,0,19,210,0,229,210,0,210,439
04/11/2023,FMY,FL,ASO,ES,Federal Contract Tower,0,4,81,0,85,0,0,100,0,100,0,4,181,0,185,168,0,168,353
04/12/2023,FMY,FL,ASO,ES,Federal Contract Tower,0,12,67,0,79,0,0,38,0,38,0,12,105,0,117,32,0,32,149
04/13/2023,FMY,FL,ASO,ES,Federal Contract Tower,0,9,91,0,100,0,2,244,0,246,0,11,335,0,346,456,0,456,802
04/14/2023,FMY,FL,ASO,ES,Federal Contract Tower,0,6,131,0,137,0,0,259,0,259,0,6,390,0,396,464,0,464,860
04/15/2023,FMY,FL,ASO,ES,Federal Contract Tower,0,11,107,0,118,0,0,296,0,296,0,11,403,0,414,490,0,490,904
04/16/2023,FMY,FL,ASO,ES,Federal Contract Tower,0,20,72,0,92,0,0,224,0,224,0,20,296,0,316,290,0,290,606
04/17/2023,FMY,FL,ASO,ES,Federal Contract Tower,0,14,63,0,77,0,0,111,0,111,0,14,174,0,188,98,0,98,286
04/18/2023,FMY,FL,ASO,ES,Federal Contract Tower,0,17,86,0,103,0,0,219,0,219,0,17,305,0,322,330,0,330,652
04/19/2023,FMY,FL,ASO,ES,Federal Contract Tower,0,23,94,0,117,0,0,214,0,214,0,23,308,0,331,338,0,338,669
04/20/2023,FMY,FL,ASO,ES,Federal Contract Tower,0,24,98,2,124,0,4,250,0,254,0,28,348,2,378,312,0,312,690
04/21/2023,FMY,FL,ASO,ES,Federal Contract Tower,0,18,81,0,99,0,5,279,0,284,0,23,360,0,383,322,0,322,705
04/22/2023,FMY,FL,ASO,ES,Federal Contract Tower,0,9,89,0,98,0,0,300,0,300,0,9,389,0,398,364,0,364,762
04/23/2023,FMY,FL,ASO,ES,Federal Contract Tower,0,9,108,0,117,0,0,209,0,209,0,9,317,0,326,270,0,270,596
04/24/2023,FMY,FL,ASO,ES,Federal Contract Tower,0,13,96,0,109,0,8,213,0,221,0,21,309,0,330,374,0,374,704
04/25/2023,FMY,FL,ASO,ES,Federal Contract Tower,0,6,83,0,89,0,1,156,0,157,0,7,239,0,246,268,0,268,514
04/26/2023,FMY,FL,ASO,ES,Federal Contract Tower,0,11,95,0,106,0,0,190,0,190,0,11,285,0,296,394,0,394,690
04/27/2023,FMY,FL,ASO,ES,Federal Contract Tower,0,9,77,0,86,0,3,209,2,214,0,12,286,2,300,302,0,302,602
04/28/2023,FMY,FL,ASO,ES,Federal Contract Tower,0,23,106,0,129,0,0,212,0,212,0,23,318,0,341,375,0,375,716
04/29/2023,FMY,FL,ASO,ES,Federal Contract Tower,0,14,77,0,91,0,0,205,0,205,0,14,282,0,296,344,0,344,640
04/30/2023,FMY,FL,ASO,ES,Federal Contract Tower,0,13,51,0,64,0,6,8,0,14,0,19,59,0,78,0,0,0,78
05/01/2023,FMY,FL,ASO,ES,Federal Contract Tower,0,17,93,0,110,0,0,196,0,196,0,17,289,0,306,304,0,304,610
05/02/2023,FMY,FL,ASO,ES,Federal Contract Tower,0,0,87,0,87,0,1,197,0,198,0,1,284,0,285,268,0,268,553
05/03/2023,FMY,FL,ASO,ES,Federal Contract Tower,0,12,92,0,104,0,1,241,0,242,0,13,333,0,346,314,0,314,660
05/04/2023,FMY,FL,ASO,ES,Federal Contract Tower,0,13,110,0,123,0,2,271,0,273,0,15,381,0,396,372,0,372,768
05/05/2023,FMY,FL,ASO,ES,Federal Contract Tower,0,7,102,0,109,0,0,275,0,275,0,7,377,0,384,266,0,266,650
05/06/2023,FMY,FL,ASO,ES,Federal Contract Tower,0,2,80,0,82,0,0,239,0,239,0,2,319,0,321,310,0,310,631
05/07/2023,FMY,FL,ASO,ES,Federal Contract Tower,0,7,76,0,83,0,0,207,0,207,0,7,283,0,290,272,0,272,562
05/08/2023,FMY,FL,ASO,ES,Federal Contract Tower,0,21,122,0,143,0,7,292,0,299,0,28,414,0,442,282,0,282,724
05/09/2023,FMY,FL,ASO,ES,Federal Contract Tower,0,6,93,0,99,0,0,193,0,193,0,6,286,0,292,330,0,330,622
05/10/2023,FMY,FL,ASO,ES,Federal Contract Tower,0,21,99,0,120,0,0,224,0,224,0,21,323,0,344,413,0,413,757
05/11/2023,FMY,FL,ASO,ES,Federal Contract Tower,0,14,95,0,109,0,0,279,0,279,0,14,374,0,388,382,0,382,770
05/12/2023,FMY,FL,ASO,ES,Federal Contract Tower,0,8,106,0,114,0,0,242,0,242,0,8,348,0,356,360,0,360,716
05/13/2023,FMY,FL,ASO,ES,Federal Contract Tower,0,1,82,0,83,0,0,277,0,277,0,1,359,0,360,382,0,382,742
05/14/2023,FMY,FL,ASO,ES,Federal Contract Tower,0,11,62,0,73,0,2,224,0,226,0,13,286,0,299,306,0,306,605
05/15/2023,FMY,FL,ASO,ES,Federal Contract Tower,0,13,91,0,104,0,1,178,0,179,0,14,269,0,283,228,0,228,511
05/16/2023,FMY,FL,ASO,ES,Federal Contract Tower,0,12,83,2,97,0,0,162,0,162,0,12,245,2,259,246,0,246,505
05/17/2023,FMY,FL,ASO,ES,Federal Contract Tower,0,7,77,0,84,0,0,216,0,216,0,7,293,0,300,291,0,291,591
05/18/2023,FMY,FL,ASO,ES,Federal Contract Tower,0,12,88,0,100,0,0,236,0,236,0,12,324,0,336,326,0,326,662
05/19/2023,FMY,FL,ASO,ES,Federal Contract Tower,0,11,100,0,111,0,4,254,0,258,0,15,354,0,369,327,0,327,696
05/20/2023,FMY,FL,ASO,ES,Federal Contract Tower,0,2,82,0,84,0,0,260,0,260,0,2,342,0,344,282,0,282,626
05/21/2023,FMY,FL,ASO,ES,Federal Contract Tower,0,11,87,0,98,0,0,178,0,178,0,11,265,0,276,244,0,244,520
05/22/2023,FMY,FL,ASO,ES,Federal Contract Tower,0,7,70,4,81,0,0,231,0,231,0,7,301,4,312,316,0,316,628
05/23/2023,FMY,FL,ASO,ES,Federal Contract Tower,0,7,82,0,89,0,4,200,0,204,0,11,282,0,293,262,0,262,555
05/24/2023,FMY,FL,ASO,ES,Federal Contract Tower,0,15,91,0,106,0,4,241,0,245,0,19,332,0,351,378,0,378,729
05/25/2023,FMY,FL,ASO,ES,Federal Contract Tower,0,10,96,0,106,0,0,200,0,200,0,10,296,0,306,328,0,328,634
05/26/2023,FMY,FL,ASO,ES,Federal Contract Tower,0,7,82,0,89,0,2,197,0,199,0,9,279,0,288,286,0,286,574
05/27/2023,FMY,FL,ASO,ES,Federal Contract Tower,0,8,93,0,101,0,0,0,249,249,0,8,93,249,350,386,0,386,736
05/28/2023,FMY,FL,ASO,ES,Federal Contract Tower,0,4,49,0,53,0,3,215,0,218,0,7,264,0,271,340,0,340,611
05/29/2023,FMY,FL,ASO,ES,Federal Contract Tower,0,7,73,0,80,0,2,121,0,123,0,9,194,0,203,144,0,144,347
05/30/2023,FMY,FL,ASO,ES,Federal Contract Tower,0,6,59,0,65,0,2,125,0,127,0,8,184,0,192,254,0,254,446
05/31/2023,FMY,FL,ASO,ES,Federal Contract Tower,0,7,82,0,89,0,0,195,0,195,0,7,277,0,284,324,0,324,608
06/01/2023,FMY,FL,ASO,ES,Federal Contract Tower,0,14,86,0,100,0,0,180,0,180,0,14,266,0,280,348,0,348,628
06/02/2023,FMY,FL,ASO,ES,Federal Contract Tower,0,7,83,0,90,0,0,191,0,191,0,7,274,0,281,284,0,284,565
06/03/2023,FMY,FL,ASO,ES,Federal Contract Tower,0,5,51,0,56,0,0,166,0,166,0,5,217,0,222,246,0,246,468
06/04/2023,FMY,FL,ASO,ES,Federal Contract Tower,0,8,89,0,97,0,0,176,0,176,0,8,265,0,273,254,0,254,527
06/05/2023,FMY,FL,ASO,ES,Federal Contract Tower,0,10,80,0,90,0,6,211,0,217,0,16,291,0,307,224,0,224,531
06/06/2023,FMY,FL,ASO,ES,Federal Contract Tower,0,5,92,0,97,0,0,197,0,197,0,5,289,0,294,178,0,178,472
06/07/2023,FMY,FL,ASO,ES,Federal Contract Tower,0,1,86,0,87,0,0,215,0,215,0,1,301,0,302,360,0,360,662
06/08/2023,FMY,FL,ASO,ES,Federal Contract Tower,0,9,71,0,80,0,2,186,0,188,0,11,257,0,268,382,0,382,650
06/09/2023,FMY,FL,ASO,ES,Federal Contract Tower,0,7,91,0,98,0,1,251,0,252,0,8,342,0,350,324,0,324,674
06/10/2023,FMY,FL,ASO,ES,Federal Contract Tower,0,2,63,0,65,0,0,283,0,283,0,2,346,0,348,262,0,262,610
06/11/2023,FMY,FL,ASO,ES,Federal Contract Tower,0,10,80,0,90,0,1,200,0,201,0,11,280,0,291,306,0,306,597
06/12/2023,FMY,FL,ASO,ES,Federal Contract Tower,0,4,47,0,51,0,0,207,0,207,0,4,254,0,258,412,0,412,670
06/13/2023,FMY,FL,ASO,ES,Federal Contract Tower,0,4,81,0,85,0,3,250,0,253,0,7,331,0,338,298,0,298,636
06/14/2023,FMY,FL,ASO,ES,Federal Contract Tower,0,11,65,0,76,0,4,207,0,211,0,15,272,0,287,364,0,364,651
06/15/2023,FMY,FL,ASO,ES,Federal Contract Tower,0,7,96,0,103,0,2,272,0,274,0,9,368,0,377,346,0,346,723
06/16/2023,FMY,FL,ASO,ES,Federal Contract Tower,0,6,76,0,82,0,2,261,0,263,0,8,337,0,345,388,0,388,733
06/17/2023,FMY,FL,ASO,ES,Federal Contract Tower,0,7,86,0,93,0,0,198,0,198,0,7,284,0,291,352,0,352,643
06/18/2023,FMY,FL,ASO,ES,Federal Contract Tower,0,6,24,0,30,0,0,22,0,22,0,6,46,0,52,52,0,52,104
06/19/2023,FMY,FL,ASO,ES,Federal Contract Tower,0,4,86,0,90,0,1,163,0,164,0,5,249,0,254,316,0,316,570
06/20/2023,FMY,FL,ASO,ES,Federal Contract Tower,0,6,47,0,53,0,0,157,0,157,0,6,204,0,210,182,0,182,392
06/21/2023,FMY,FL,ASO,ES,Federal Contract Tower,0,5,51,0,56,0,0,181,0,181,0,5,232,0,237,346,0,346,583
06/22/2023,FMY,FL,ASO,ES,Federal Contract Tower,0,5,79,0,84,0,0,263,0,263,0,5,342,0,347,434,0,434,781
06/23/2023,FMY,FL,ASO,ES,Federal Contract Tower,0,2,68,0,70,0,1,216,0,217,0,3,284,0,287,328,0,328,615
06/24/2023,FMY,FL,ASO,ES,Federal Contract Tower,0,5,63,0,68,0,4,231,0,235,0,9,294,0,303,350,0,350,653
06/25/2023,FMY,FL,ASO,ES,Federal Contract Tower,0,6,49,0,55,0,3,135,0,138,0,9,184,0,193,214,0,214,407
06/26/2023,FMY,FL,ASO,ES,Federal Contract Tower,0,4,51,0,55,0,3,177,0,180,0,7,228,0,235,204,0,204,439
06/27/2023,FMY,FL,ASO,ES,Federal Contract Tower,0,6,62,0,68,0,0,174,0,174,0,6,236,0,242,284,0,284,526
06/28/2023,FMY,FL,ASO,ES,Federal Contract Tower,0,12,65,0,77,0,1,204,0,205,0,13,269,0,282,352,0,352,634
06/29/2023,FMY,FL,ASO,ES,Federal Contract Tower,0,0,101,0,101,0,0,201,0,201,0,0,302,0,302,362,0,362,664
06/30/2023,FMY,FL,ASO,ES,Federal Contract Tower,0,6,88,0,94,0,0,191,0,191,0,6,279,0,285,276,0,276,561
07/01/2023,FMY,FL,ASO,ES,Federal Contract Tower,0,3,56,0,59,0,0,221,0,221,0,3,277,0,280,342,0,342,622
07/02/2023,FMY,FL,ASO,ES,Federal Contract Tower,0,4,51,0,55,0,0,156,0,156,0,4,207,0,211,238,0,238,449
07/03/2023,FMY,FL,ASO,ES,Federal Contract Tower,0,2,83,0,85,0,0,158,0,158,0,2,241,0,243,282,0,282,525
07/04/2023,FMY,FL,ASO,ES,Federal Contract Tower,0,4,24,0,28,0,0,84,0,84,0,4,108,0,112,105,0,105,217
07/05/2023,FMY,FL,ASO,ES,Federal Contract Tower,0,8,58,0,66,0,0,155,0,155,0,8,213,0,221,206,0,206,427
07/06/2023,FMY,FL,ASO,ES,Federal Contract Tower,0,10,56,0,66,0,0,176,0,176,0,10,232,0,242,222,0,222,464
07/07/2023,FMY,FL,ASO,ES,Federal Contract Tower,0,8,75,0,83,0,1,233,0,234,0,9,308,0,317,260,0,260,577
07/08/2023,FMY,FL,ASO,ES,Federal Contract Tower,0,4,53,0,57,0,0,210,1,211,0,4,263,1,268,264,0,264,532
07/09/2023,FMY,FL,ASO,ES,Federal Contract Tower,0,7,63,0,70,0,0,172,0,172,0,7,235,0,242,300,0,300,542
07/10/2023,FMY,FL,ASO,ES,Federal Contract Tower,0,2,78,0,80,0,4,178,0,182,0,6,256,0,262,302,0,302,564
07/11/2023,FMY,FL,ASO,ES,Federal Contract Tower,0,11,58,0,69,0,10,159,0,169,0,21,217,0,238,292,0,292,530
07/12/2023,FMY,FL,ASO,ES,Federal Contract Tower,0,7,34,0,41,0,2,180,0,182,0,9,214,0,223,140,0,140,363
07/13/2023,FMY,FL,ASO,ES,Federal Contract Tower,0,6,82,0,88,0,0,243,0,243,0,6,325,0,331,318,0,318,649
07/14/2023,FMY,FL,ASO,ES,Federal Contract Tower,0,6,40,0,46,0,0,173,1,174,0,6,213,1,220,194,0,194,414
07/15/2023,FMY,FL,ASO,ES,Federal Contract Tower,0,6,48,0,54,0,3,210,0,213,0,9,258,0,267,332,0,332,599
07/16/2023,FMY,FL,ASO,ES,Federal Contract Tower,0,5,52,0,57,0,6,154,0,160,0,11,206,0,217,284,0,284,501
07/17/2023,FMY,FL,ASO,ES,Federal Contract Tower,0,8,58,0,66,0,0,162,0,162,0,8,220,0,228,372,0,372,600
07/18/2023,FMY,FL,ASO,ES,Federal Contract Tower,0,7,49,0,56,0,3,136,0,139,0,10,185,0,195,314,0,314,509
07/19/2023,FMY,FL,ASO,ES,Federal Contract Tower,0,2,62,0,64,0,4,208,0,212,0,6,270,0,276,338,0,338,614
07/20/2023,FMY,FL,ASO,ES,Federal Contract Tower,0,6,65,0,71,0,0,221,0,221,0,6,286,0,292,326,0,326,618
07/21/2023,FMY,FL,ASO,ES,Federal Contract Tower,0,7,57,0,64,0,0,216,0,216,0,7,273,0,280,290,0,290,570
07/22/2023,FMY,FL,ASO,ES,Federal Contract Tower,0,3,71,0,74,0,2,225,0,227,0,5,296,0,301,368,0,368,669
07/23/2023,FMY,FL,ASO,ES,Federal Contract Tower,0,3,63,0,66,0,0,134,0,134,0,3,197,0,200,258,0,258,458
07/24/2023,FMY,FL,ASO,ES,Federal Contract Tower,0,5,75,0,80,0,1,188,0,189,0,6,263,0,269,238,0,238,507
07/25/2023,FMY,FL,ASO,ES,Federal Contract Tower,0,9,67,0,76,0,0,154,0,154,0,9,221,0,230,242,0,242,472
07/26/2023,FMY,FL,ASO,ES,Federal Contract Tower,0,6,59,0,65,0,0,152,0,152,0,6,211,0,217,182,0,182,399
07/27/2023,FMY,FL,ASO,ES,Federal Contract Tower,0,5,84,0,89,0,2,183,0,185,0,7,267,0,274,322,0,322,596
07/28/2023,FMY,FL,ASO,ES,Federal Contract Tower,0,11,67,0,78,0,0,125,0,125,0,11,192,0,203,136,0,136,339
07/29/2023,FMY,FL,ASO,ES,Federal Contract Tower,0,3,42,0,45,0,6,170,0,176,0,9,212,0,221,274,0,274,495
07/30/2023,FMY,FL,ASO,ES,Federal Contract Tower,0,1,65,0,66,0,2,239,0,241,0,3,304,0,307,274,0,274,581
07/31/2023,FMY,FL,ASO,ES,Federal Contract Tower,0,8,57,0,65,0,0,162,0,162,0,8,219,0,227,278,0,278,505
08/01/2023,FMY,FL,ASO,ES,Federal Contract Tower,0,0,55,0,55,0,0,158,0,158,0,0,213,0,213,300,0,300,513
08/02/2023,FMY,FL,ASO,ES,Federal Contract Tower,0,5,53,0,58,0,0,205,0,205,0,5,258,0,263,324,0,324,587
08/03/2023,FMY,FL,ASO,ES,Federal Contract Tower,0,13,60,0,73,0,3,197,0,200,0,16,257,0,273,376,0,376,649
08/04/2023,FMY,FL,ASO,ES,Federal Contract Tower,0,1,81,0,82,0,0,267,0,267,0,1,348,0,349,426,0,426,775
08/05/2023,FMY,FL,ASO,ES,Federal Contract Tower,0,7,56,0,63,0,0,238,0,238,0,7,294,0,301,334,0,334,635
08/06/2023,FMY,FL,ASO,ES,Federal Contract Tower,0,5,48,0,53,0,0,175,0,175,0,5,223,0,228,392,0,392,620
08/07/2023,FMY,FL,ASO,ES,Federal Contract Tower,0,6,69,0,75,0,5,171,0,176,0,11,240,0,251,296,0,296,547
08/08/2023,FMY,FL,ASO,ES,Federal Contract Tower,0,2,70,0,72,0,0,202,0,202,0,2,272,0,274,302,0,302,576
08/09/2023,FMY,FL,ASO,ES,Federal Contract Tower,0,8,41,0,49,0,0,149,0,149,0,8,190,0,198,216,0,216,414
08/10/2023,FMY,FL,ASO,ES,Federal Contract Tower,0,2,50,0,52,0,0,208,0,208,0,2,258,0,260,294,0,294,554
08/11/2023,FMY,FL,ASO,ES,Federal Contract Tower,0,15,54,0,69,0,2,179,0,181,0,17,233,0,250,204,0,204,454
08/12/2023,FMY,FL,ASO,ES,Federal Contract Tower,0,5,51,0,56,0,2,215,2,219,0,7,266,2,275,276,6,282,557
08/13/2023,FMY,FL,ASO,ES,Federal Contract Tower,0,11,79,0,90,0,0,203,0,203,0,11,282,0,293,246,0,246,539
08/14/2023,FMY,FL,ASO,ES,Federal Contract Tower,0,4,78,0,82,0,1,223,0,224,0,5,301,0,306,318,0,318,624
08/15/2023,FMY,FL,ASO,ES,Federal Contract Tower,0,3,66,0,69,0,0,156,0,156,0,3,222,0,225,224,0,224,449
08/16/2023,FMY,FL,ASO,ES,Federal Contract Tower,0,5,70,0,75,0,6,181,0,187,0,11,251,0,262,364,0,364,626
08/17/2023,FMY,FL,ASO,ES,Federal Contract Tower,0,13,58,0,71,0,0,203,0,203,0,13,261,0,274,364,0,364,638
08/18/2023,FMY,FL,ASO,ES,Federal Contract Tower,0,4,42,0,46,0,0,140,0,140,0,4,182,0,186,292,0,292,478
08/19/2023,FMY,FL,ASO,ES,Federal Contract Tower,0,3,37,0,40,0,0,243,0,243,0,3,280,0,283,326,0,326,609
08/20/2023,FMY,FL,ASO,ES,Federal Contract Tower,0,11,48,0,59,0,0,114,0,114,0,11,162,0,173,154,0,154,327
08/21/2023,FMY,FL,ASO,ES,Federal Contract Tower,0,6,43,0,49,0,2,149,0,151,0,8,192,0,200,242,0,242,442
08/22/2023,FMY,FL,ASO,ES,Federal Contract Tower,0,6,60,0,66,0,0,210,0,210,0,6,270,0,276,308,0,308,584
08/23/2023,FMY,FL,ASO,ES,Federal Contract Tower,0,12,62,0,74,0,0,209,0,209,0,12,271,0,283,314,0,314,597
08/24/2023,FMY,FL,ASO,ES,Federal Contract Tower,0,6,77,0,83,0,0,234,0,234,0,6,311,0,317,254,0,254,571
08/25/2023,FMY,FL,ASO,ES,Federal Contract Tower,0,9,97,0,106,0,0,250,0,250,0,9,347,0,356,320,0,320,676
08/26/2023,FMY,FL,ASO,ES,Federal Contract Tower,0,0,69,0,69,0,0,278,0,278,0,0,347,0,347,410,0,410,757
08/27/2023,FMY,FL,ASO,ES,Federal Contract Tower,0,4,59,0,63,0,5,179,0,184,0,9,238,0,247,256,0,256,503
08/28/2023,FMY,FL,ASO,ES,Federal Contract Tower,0,4,59,0,63,0,8,108,0,116,0,12,167,0,179,116,0,116,295
08/29/2023,FMY,FL,ASO,ES,Federal Contract Tower,0,5,12,0,17,0,1,20,0,21,0,6,32,0,38,0,0,0,38
08/30/2023,FMY,FL,ASO,ES,Federal Contract Tower,0,2,2,0,4,0,0,3,0,3,0,2,5,0,7,0,0,0,7
08/31/2023,FMY,FL,ASO,ES,Federal Contract Tower,0,9,65,0,74,0,0,137,0,137,0,9,202,0,211,230,0,230,441
01/01/2020,FMY,FL,ASO,ES,Federal Contract Tower,0,19,43,0,62,0,2,123,0,125,0,21,166,0,187,62,0,62,249
01/02/2020,FMY,FL,ASO,ES,Federal Contract Tower,0,15,70,0,85,0,1,160,2,163,0,16,230,2,248,118,2,120,368
01/03/2020,FMY,FL,ASO,ES,Federal Contract Tower,0,23,69,0,92,0,2,123,0,125,0,25,192,0,217,106,0,106,323
01/04/2020,FMY,FL,ASO,ES,Federal Contract Tower,0,19,50,0,69,0,1,52,0,53,0,20,102,0,122,46,0,46,168
01/05/2020,FMY,FL,ASO,ES,Federal Contract Tower,0,15,96,0,111,0,0,130,0,130,0,15,226,0,241,44,0,44,285
01/06/2020,FMY,FL,ASO,ES,Federal Contract Tower,0,12,73,0,85,0,3,170,0,173,0,15,243,0,258,218,0,218,476
01/07/2020,FMY,FL,ASO,ES,Federal Contract Tower,0,7,51,0,58,0,2,152,0,154,0,9,203,0,212,234,0,234,446
01/08/2020,FMY,FL,ASO,ES,Federal Contract Tower,0,22,55,0,77,0,0,163,0,163,0,22,218,0,240,246,0,246,486
01/09/2020,FMY,FL,ASO,ES,Federal Contract Tower,0,13,44,0,57,0,0,102,0,102,0,13,146,0,159,84,0,84,243
01/10/2020,FMY,FL,ASO,ES,Federal Contract Tower,0,11,72,0,83,0,0,117,0,117,0,11,189,0,200,176,0,176,376
01/11/2020,FMY,FL,ASO,ES,Federal Contract Tower,0,6,67,0,73,0,0,114,0,114,0,6,181,0,187,112,0,112,299
01/12/2020,FMY,FL,ASO,ES,Federal Contract Tower,0,19,65,0,84,0,0,97,0,97,0,19,162,0,181,76,0,76,257
01/13/2020,FMY,FL,ASO,ES,Federal Contract Tower,0,7,63,0,70,0,0,149,0,149,0,7,212,0,219,166,0,166,385
01/14/2020,FMY,FL,ASO,ES,Federal Contract Tower,0,5,57,0,62,0,0,150,0,150,0,5,207,0,212,166,0,166,378
01/15/2020,FMY,FL,ASO,ES,Federal Contract Tower,0,12,39,0,51,0,0,117,1,118,0,12,156,1,169,188,0,188,357
01/16/2020,FMY,FL,ASO,ES,Federal Contract Tower,0,13,83,0,96,0,0,157,0,157,0,13,240,0,253,172,0,172,425
01/17/2020,FMY,FL,ASO,ES,Federal Contract Tower,0,7,88,1,96,0,0,141,0,141,0,7,229,1,237,140,0,140,377
01/18/2020,FMY,FL,ASO,ES,Federal Contract Tower,0,7,79,0,86,0,0,196,0,196,0,7,275,0,282,204,0,204,486
01/19/2020,FMY,FL,ASO,ES,Federal Contract Tower,0,2,66,0,68,0,0,86,0,86,0,2,152,0,154,32,0,32,186
01/20/2020,FMY,FL,ASO,ES,Federal Contract Tower,0,10,89,0,99,0,0,141,0,141,0,10,230,0,240,240,0,240,480
01/21/2020,FMY,FL,ASO,ES,Federal Contract Tower,0,11,71,0,82,0,0,133,0,133,0,11,204,0,215,139,0,139,354
01/22/2020,FMY,FL,ASO,ES,Federal Contract Tower,0,13,36,0,49,0,0,127,0,127,0,13,163,0,176,218,0,218,394
01/23/2020,FMY,FL,ASO,ES,Federal Contract Tower,0,7,67,0,74,0,0,103,0,103,0,7,170,0,177,234,0,234,411
01/24/2020,FMY,FL,ASO,ES,Federal Contract Tower,0,18,93,0,111,0,1,161,0,162,0,19,254,0,273,326,0,326,599
01/25/2020,FMY,FL,ASO,ES,Federal Contract Tower,0,16,97,0,113,0,0,174,0,174,0,16,271,0,287,162,0,162,449
01/26/2020,FMY,FL,ASO,ES,Federal Contract Tower,0,9,74,0,83,0,2,133,0,135,0,11,207,0,218,88,6,94,312
01/27/2020,FMY,FL,ASO,ES,Federal Contract Tower,0,2,63,0,65,0,0,133,0,133,0,2,196,0,198,288,0,288,486
01/28/2020,FMY,FL,ASO,ES,Federal Contract Tower,0,5,64,0,69,0,0,140,0,140,0,5,204,0,209,130,0,130,339
01/29/2020,FMY,FL,ASO,ES,Federal Contract Tower,0,8,41,0,49,0,4,125,0,129,0,12,166,0,178,254,0,254,432
01/30/2020,FMY,FL,ASO,ES,Federal Contract Tower,0,11,97,0,108,0,0,145,0,145,0,11,242,0,253,196,0,196,449
01/31/2020,FMY,FL,ASO,ES,Federal Contract Tower,0,20,74,0,94,0,0,116,0,116,0,20,190,0,210,206,0,206,416
02/01/2020,FMY,FL,ASO,ES,Federal Contract Tower,0,9,45,0,54,0,0,52,0,52,0,9,97,0,106,42,0,42,148
02/02/2020,FMY,FL,ASO,ES,Federal Contract Tower,0,11,60,0,71,0,0,189,0,189,0,11,249,0,260,166,0,166,426
02/03/2020,FMY,FL,ASO,ES,Federal Contract Tower,0,14,85,0,99,0,0,229,0,229,0,14,314,0,328,246,0,246,574
02/04/2020,FMY,FL,ASO,ES,Federal Contract Tower,0,22,75,0,97,0,1,196,0,197,0,23,271,0,294,242,0,242,536
02/05/2020,FMY,FL,ASO,ES,Federal Contract Tower,0,15,69,0,84,0,7,148,0,155,0,22,217,0,239,246,0,246,485
02/06/2020,FMY,FL,ASO,ES,Federal Contract Tower,0,18,47,0,65,0,0,34,0,34,0,18,81,0,99,62,0,62,161
02/07/2020,FMY,FL,ASO,ES,Federal Contract Tower,0,17,64,0,81,0,0,162,0,162,0,17,226,0,243,214,0,214,457
02/08/2020,FMY,FL,ASO,ES,Federal Contract Tower,0,8,83,0,91,0,1,191,0,192,0,9,274,0,283,194,0,194,477
02/09/2020,FMY,FL,ASO,ES,Federal Contract Tower,0,10,56,0,66,0,1,130,0,131,0,11,186,0,197,74,0,74,271
02/10/2020,FMY,FL,ASO,ES,Federal Contract Tower,0,7,54,0,61,0,4,140,0,144,0,11,194,0,205,120,0,120,325
02/11/2020,FMY,FL,ASO,ES,Federal Contract Tower,0,10,76,0,86,0,0,169,0,169,0,10,245,0,255,234,0,234,489
02/12/2020,FMY,FL,ASO,ES,Federal Contract Tower,0,3,108,2,113,0,0,117,0,117,0,3,225,2,230,258,0,258,488
02/13/2020,FMY,FL,ASO,ES,Federal Contract Tower,0,14,91,0,105,0,1,152,0,153,0,15,243,0,258,162,0,162,420
02/14/2020,FMY,FL,ASO,ES,Federal Contract Tower,0,18,89,0,107,0,0,91,0,91,0,18,180,0,198,146,0,146,344
02/15/2020,FMY,FL,ASO,ES,Federal Contract Tower,0,13,64,0,77,0,2,160,0,162,0,15,224,0,239,134,0,134,373
02/16/2020,FMY,FL,ASO,ES,Federal Contract Tower,0,21,61,0,82,0,0,93,0,93,0,21,154,0,175,76,0,76,251
02/17/2020,FMY,FL,ASO,ES,Federal Contract Tower,0,20,104,0,124,0,0,149,0,149,0,20,253,0,273,218,0,218,491
02/18/2020,FMY,FL,ASO,ES,Federal Contract Tower,0,7,95,0,102,0,1,194,0,195,0,8,289,0,297,185,0,185,482
02/19/2020,FMY,FL,ASO,ES,Federal Contract Tower,0,19,89,0,108,0,0,180,4,184,0,19,269,4,292,254,0,254,546
02/20/2020,FMY,FL,ASO,ES,Federal Contract Tower,0,6,107,0,113,0,0,210,0,210,0,6,317,0,323,212,0,212,535
02/21/2020,FMY,FL,ASO,ES,Federal Contract Tower,0,12,103,0,115,0,0,37,0,37,0,12,140,0,152,20,0,20,172
02/22/2020,FMY,FL,ASO,ES,Federal Contract Tower,0,8,85,0,93,0,0,151,0,151,0,8,236,0,244,112,0,112,356
02/23/2020,FMY,FL,ASO,ES,Federal Contract Tower,0,19,69,0,88,0,0,185,2,187,0,19,254,2,275,74,0,74,349
02/24/2020,FMY,FL,ASO,ES,Federal Contract Tower,0,11,72,0,83,0,0,183,0,183,0,11,255,0,266,224,0,224,490
02/25/2020,FMY,FL,ASO,ES,Federal Contract Tower,0,7,54,0,61,0,0,131,0,131,0,7,185,0,192,214,0,214,406
02/26/2020,FMY,FL,ASO,ES,Federal Contract Tower,0,20,52,0,72,0,0,49,0,49,0,20,101,0,121,72,0,72,193
02/27/2020,FMY,FL,ASO,ES,Federal Contract Tower,0,16,70,0,86,0,0,157,0,157,0,16,227,0,243,200,0,200,443
02/28/2020,FMY,FL,ASO,ES,Federal Contract Tower,0,15,74,0,89,0,1,163,0,164,0,16,237,0,253,222,0,222,475
02/29/2020,FMY,FL,ASO,ES,Federal Contract Tower,0,17,68,0,85,0,2,201,4,207,0,19,269,4,292,222,0,222,514
03/01/2020,FMY,FL,ASO,ES,Federal Contract Tower,0,10,76,0,86,0,0,150,4,154,0,10,226,4,240,80,0,80,320
03/02/2020,FMY,FL,ASO,ES,Federal Contract Tower,0,5,59,0,64,0,0,135,0,135,0,5,194,0,199,174,0,174,373
03/03/2020,FMY,FL,ASO,ES,Federal Contract Tower,0,9,48,0,57,0,1,167,0,168,0,10,215,0,225,198,0,198,423
03/04/2020,FMY,FL,ASO,ES,Federal Contract Tower,0,17,60,0,77,0,1,138,0,139,0,18,198,0,216,244,0,244,460
03/05/2020,FMY,FL,ASO,ES,Federal Contract Tower,0,10,76,0,86,0,0,122,0,122,0,10,198,0,208,148,0,148,356
03/06/2020,FMY,FL,ASO,ES,Federal Contract Tower,0,21,80,0,101,0,2,114,0,116,0,23,194,0,217,178,0,178,395
03/07/2020,FMY,FL,ASO,ES,Federal Contract Tower,0,10,67,0,77,0,0,166,0,166,0,10,233,0,243,82,0,82,325
03/08/2020,FMY,FL,ASO,ES,Federal Contract Tower,0,21,74,0,95,0,0,77,0,77,0,21,151,0,172,24,0,24,196
03/09/2020,FMY,FL,ASO,ES,Federal Contract Tower,0,10,70,4,84,0,1,107,0,108,0,11,177,4,192,154,0,154,346
03/10/2020,FMY,FL,ASO,ES,Federal Contract Tower,0,13,65,4,82,0,0,168,0,168,0,13,233,4,250,254,0,254,504
03/11/2020,FMY,FL,ASO,ES,Federal Contract Tower,0,6,92,0,98,0,0,184,0,184,0,6,276,0,282,410,0,410,692
03/12/2020,FMY,FL,ASO,ES,Federal Contract Tower,0,14,72,0,86,0,0,180,0,180,0,14,252,0,266,290,0,290,556
03/13/2020,FMY,FL,ASO,ES,Federal Contract Tower,0,16,124,0,140,0,0,234,0,234,0,16,358,0,374,256,0,256,630
03/14/2020,FMY,FL,ASO,ES,Federal Contract Tower,0,12,74,0,86,0,2,152,0,154,0,14,226,0,240,228,0,228,468
03/15/2020,FMY,FL,ASO,ES,Federal Contract Tower,0,27,89,0,116,0,0,132,0,132,0,27,221,0,248,82,0,82,330
03/16/2020,FMY,FL,ASO,ES,Federal Contract Tower,0,8,77,0,85,0,0,150,0,150,0,8,227,0,235,150,0,150,385
03/17/2020,FMY,FL,ASO,ES,Federal Contract Tower,0,17,83,0,100,0,0,142,0,142,0,17,225,0,242,276,0,276,518
03/18/2020,FMY,FL,ASO,ES,Federal Contract Tower,0,10,63,6,79,0,0,134,1,135,0,10,197,7,214,254,0,254,468
03/19/2020,FMY,FL,ASO,ES,Federal Contract Tower,0,5,50,0,55,0,0,167,0,167,0,5,217,0,222,260,0,260,482
03/20/2020,FMY,FL,ASO,ES,Federal Contract Tower,0,9,61,3,73,0,4,136,0,140,0,13,197,3,213,216,4,220,433
03/21/2020,FMY,FL,ASO,ES,Federal Contract Tower,0,21,62,0,83,0,0,138,0,138,0,21,200,0,221,244,0,244,465
03/22/2020,FMY,FL,ASO,ES,Federal Contract Tower,0,9,61,0,70,0,2,92,0,94,0,11,153,0,164,82,0,82,246
03/23/2020,FMY,FL,ASO,ES,Federal Contract Tower,0,10,57,0,67,0,0,120,0,120,0,10,177,0,187,158,0,158,345
03/24/2020,FMY,FL,ASO,ES,Federal Contract Tower,0,7,40,0,47,0,0,136,0,136,0,7,176,0,183,184,0,184,367
03/25/2020,FMY,FL,ASO,ES,Federal Contract Tower,0,4,61,0,65,0,0,117,0,117,0,4,178,0,182,194,0,194,376
03/26/2020,FMY,FL,ASO,ES,Federal Contract Tower,0,4,55,0,59,0,0,132,0,132,0,4,187,0,191,234,0,234,425
03/27/2020,FMY,FL,ASO,ES,Federal Contract Tower,0,5,54,0,59,0,2,145,0,147,0,7,199,0,206,281,0,281,487
03/28/2020,FMY,FL,ASO,ES,Federal Contract Tower,0,1,43,0,44,0,1,95,0,96,0,2,138,0,140,232,0,232,372
03/29/2020,FMY,FL,ASO,ES,Federal Contract Tower,0,6,34,0,40,0,2,59,0,61,0,8,93,0,101,72,0,72,173
03/30/2020,FMY,FL,ASO,ES,Federal Contract Tower,0,0,41,4,45,0,0,158,0,158,0,0,199,4,203,302,0,302,505
03/31/2020,FMY,FL,ASO,ES,Federal Contract Tower,0,5,48,0,53,0,0,106,0,106,0,5,154,0,159,136,0,136,295
04/01/2020,FMY,FL,ASO,ES,Federal Contract Tower,0,13,14,1,28,0,0,102,0,102,0,13,116,1,130,104,0,104,234
04/02/2020,FMY,FL,ASO,ES,Federal Contract Tower,0,10,35,1,46,0,0,130,0,130,0,10,165,1,176,220,0,220,396
04/03/2020,FMY,FL,ASO,ES,Federal Contract Tower,0,6,25,0,31,0,0,91,0,91,0,6,116,0,122,60,0,60,182
04/04/2020,FMY,FL,ASO,ES,Federal Contract Tower,0,10,39,0,49,0,0,68,0,68,0,10,107,0,117,20,0,20,137
04/05/2020,FMY,FL,ASO,ES,Federal Contract Tower,0,2,25,2,29,0,0,25,0,25,0,2,50,2,54,62,2,64,118
04/06/2020,FMY,FL,ASO,ES,Federal Contract Tower,0,6,25,0,31,0,0,40,0,40,0,6,65,0,71,34,0,34,105
04/07/2020,FMY,FL,ASO,ES,Federal Contract Tower,0,0,22,0,22,0,0,77,0,77,0,0,99,0,99,86,0,86,185
04/08/2020,FMY,FL,ASO,ES,Federal Contract Tower,0,13,37,0,50,0,0,70,0,70,0,13,107,0,120,64,0,64,184
04/09/2020,FMY,FL,ASO,ES,Federal Contract Tower,0,3,24,0,27,0,1,72,0,73,0,4,96,0,100,84,0,84,184
04/10/2020,FMY,FL,ASO,ES,Federal Contract Tower,0,11,57,0,68,0,0,45,0,45,0,11,102,0,113,58,0,58,171
04/11/2020,FMY,FL,ASO,ES,Federal Contract Tower,0,3,42,0,45,0,0,93,0,93,0,3,135,0,138,64,0,64,202
04/12/2020,FMY,FL,ASO,ES,Federal Contract Tower,0,2,19,0,21,0,0,53,0,53,0,2,72,0,74,52,0,52,126
04/13/2020,FMY,FL,ASO,ES,Federal Contract Tower,0,3,23,0,26,0,0,50,0,50,0,3,73,0,76,46,0,46,122
04/14/2020,FMY,FL,ASO,ES,Federal Contract Tower,0,10,30,0,40,0,0,86,0,86,0,10,116,0,126,95,0,95,221
04/15/2020,FMY,FL,ASO,ES,Federal Contract Tower,0,11,34,4,49,0,0,58,0,58,0,11,92,4,107,100,4,104,211
04/16/2020,FMY,FL,ASO,ES,Federal Contract Tower,0,3,27,0,30,0,0,23,0,23,0,3,50,0,53,32,0,32,85
04/17/2020,FMY,FL,ASO,ES,Federal Contract Tower,0,5,48,0,53,0,2,85,0,87,0,7,133,0,140,54,0,54,194
04/18/2020,FMY,FL,ASO,ES,Federal Contract Tower,0,8,42,0,50,0,0,93,0,93,0,8,135,0,143,84,0,84,227
04/19/2020,FMY,FL,ASO,ES,Federal Contract Tower,0,3,42,0,45,0,0,101,0,101,0,3,143,0,146,52,0,52,198
04/20/2020,FMY,FL,ASO,ES,Federal Contract Tower,0,4,16,0,20,0,0,24,0,24,0,4,40,0,44,38,0,38,82
04/21/2020,FMY,FL,ASO,ES,Federal Contract Tower,0,5,28,0,33,0,0,83,0,83,0,5,111,0,116,116,0,116,232
04/22/2020,FMY,FL,ASO,ES,Federal Contract Tower,0,9,54,0,63,0,0,104,0,104,0,9,158,0,167,100,0,100,267
04/23/2020,FMY,FL,ASO,ES,Federal Contract Tower,0,3,39,0,42,0,0,58,0,58,0,3,97,0,100,70,0,70,170
04/24/2020,FMY,FL,ASO,ES,Federal Contract Tower,0,3,18,0,21,0,2,37,0,39,0,5,55,0,60,68,0,68,128
04/25/2020,FMY,FL,ASO,ES,Federal Contract Tower,0,6,29,0,35,0,0,31,0,31,0,6,60,0,66,42,0,42,108
04/26/2020,FMY,FL,ASO,ES,Federal Contract Tower,0,2,8,0,10,0,0,20,0,20,0,2,28,0,30,38,0,38,68
04/27/2020,FMY,FL,ASO,ES,Federal Contract Tower,0,8,48,0,56,0,0,127,0,127,0,8,175,0,183,136,0,136,319
04/28/2020,FMY,FL,ASO,ES,Federal Contract Tower,0,7,60,0,67,0,2,146,0,148,0,9,206,0,215,156,0,156,371
04/29/2020,FMY,FL,ASO,ES,Federal Contract Tower,0,9,61,0,70,0,1,115,0,116,0,10,176,0,186,152,0,152,338
04/30/2020,FMY,FL,ASO,ES,Federal Contract Tower,0,7,21,0,28,0,0,22,0,22,0,7,43,0,50,22,0,22,72
05/01/2020,FMY,FL,ASO,ES,Federal Contract Tower,0,12,70,0,82,0,6,141,0,147,0,18,211,0,229,146,0,146,375
05/02/2020,FMY,FL,ASO,ES,Federal Contract Tower,0,8,67,0,75,0,0,153,0,153,0,8,220,0,228,200,0,200,428
05/03/2020,FMY,FL,ASO,ES,Federal Contract Tower,0,11,30,0,41,0,1,111,0,112,0,12,141,0,153,106,0,106,259
05/04/2020,FMY,FL,ASO,ES,Federal Contract Tower,0,2,49,0,51,0,4,115,0,119,0,6,164,0,170,110,0,110,280
05/05/2020,FMY,FL,ASO,ES,Federal Contract Tower,0,6,34,0,40,0,0,106,0,106,0,6,140,0,146,42,0,42,188
05/06/2020,FMY,FL,ASO,ES,Federal Contract Tower,0,7,34,0,41,0,5,96,0,101,0,12,130,0,142,150,4,154,296
05/07/2020,FMY,FL,ASO,ES,Federal Contract Tower,0,9,45,6,60,0,0,116,0,116,0,9,161,6,176,151,0,151,327
05/08/2020,FMY,FL,ASO,ES,Federal Contract Tower,0,3,39,0,42,0,0,128,0,128,0,3,167,0,170,196,0,196,366
05/09/2020,FMY,FL,ASO,ES,Federal Contract Tower,0,12,57,0,69,0,0,175,0,175,0,12,232,0,244,132,0,132,376
05/10/2020,FMY,FL,ASO,ES,Federal Contract Tower,0,7,26,0,33,0,0,11,0,11,0,7,37,0,44,46,0,46,90
05/11/2020,FMY,FL,ASO,ES,Federal Contract Tower,0,11,66,0,77,0,2,140,0,142,0,13,206,0,219,100,0,100,319
05/12/2020,FMY,FL,ASO,ES,Federal Contract Tower,0,27,43,0,70,0,1,100,0,101,0,28,143,0,171,154,0,154,325
05/13/2020,FMY,FL,ASO,ES,Federal Contract Tower,0,15,55,0,70,0,0,108,0,108,0,15,163,0,178,157,0,157,335
05/14/2020,FMY,FL,ASO,ES,Federal Contract Tower,0,8,31,0,39,0,0,70,0,70,0,8,101,0,109,86,0,86,195
05/15/2020,FMY,FL,ASO,ES,Federal Contract Tower,0,27,57,0,84,0,0,63,0,63,0,27,120,0,147,58,0,58,205
05/16/2020,FMY,FL,ASO,ES,Federal Contract Tower,0,23,75,0,98,0,6,92,0,98,0,29,167,0,196,164,0,164,360
05/17/2020,FMY,FL,ASO,ES,Federal Contract Tower,0,18,67,8,93,0,0,98,0,98,0,18,165,8,191,114,8,122,313
05/18/2020,FMY,FL,ASO,ES,Federal Contract Tower,0,8,24,0,32,0,0,39,0,39,0,8,63,0,71,136,0,136,207
05/19/2020,FMY,FL,ASO,ES,Federal Contract Tower,0,5,53,0,58,0,3,112,0,115,0,8,165,0,173,192,0,192,365
05/20/2020,FMY,FL,ASO,ES,Federal Contract Tower,0,19,57,2,78,0,0,146,0,146,0,19,203,2,224,262,2,264,488
05/21/2020,FMY,FL,ASO,ES,Federal Contract Tower,0,14,85,0,99,0,1,147,0,148,0,15,232,0,247,236,0,236,483
05/22/2020,FMY,FL,ASO,ES,Federal Contract Tower,0,16,73,0,89,0,0,122,0,122,0,16,195,0,211,182,0,182,393
05/23/2020,FMY,FL,ASO,ES,Federal Contract Tower,0,5,47,0,52,0,0,123,0,123,0,5,170,0,175,158,0,158,333
05/24/2020,FMY,FL,ASO,ES,Federal Contract Tower,0,6,32,0,38,0,0,41,0,41,0,6,73,0,79,40,0,40,119
05/25/2020,FMY,FL,ASO,ES,Federal Contract Tower,0,6,41,0,47,0,0,19,0,19,0,6,60,0,66,16,0,16,82
05/26/2020,FMY,FL,ASO,ES,Federal Contract Tower,0,14,78,0,92,0,1,86,0,87,0,15,164,0,179,140,0,140,319
05/27/2020,FMY,FL,ASO,ES,Federal Contract Tower,0,7,68,0,75,0,0,120,0,120,0,7,188,0,195,210,0,210,405
05/28/2020,FMY,FL,ASO,ES,Federal Contract Tower,0,12,69,0,81,0,152,0,0,152,0,164,69,0,233,184,0,184,417
05/29/2020,FMY,FL,ASO,ES,Federal Contract Tower,0,13,59,0,72,0,0,138,0,138,0,13,197,0,210,184,0,184,394
05/30/2020,FMY,FL,ASO,ES,Federal Contract Tower,0,6,51,0,57,0,0,142,0,142,0,6,193,0,199,186,0,186,385
05/31/2020,FMY,FL,ASO,ES,Federal Contract Tower,0,15,36,0,51,0,0,109,0,109,0,15,145,0,160,114,0,114,274
06/01/2020,FMY,FL,ASO,ES,Federal Contract Tower,0,16,59,0,75,0,0,136,0,136,0,16,195,0,211,254,0,254,465
06/02/2020,FMY,FL,ASO,ES,Federal Contract Tower,0,5,61,0,66,0,0,94,0,94,0,5,155,0,160,256,0,256,416
06/03/2020,FMY,FL,ASO,ES,Federal Contract Tower,0,10,54,0,64,0,0,28,0,28,0,10,82,0,92,38,0,38,130
06/04/2020,FMY,FL,ASO,ES,Federal Contract Tower,0,12,31,0,43,0,2,70,0,72,0,14,101,0,115,122,0,122,237
06/05/2020,FMY,FL,ASO,ES,Federal Contract Tower,0,4,66,0,70,0,0,92,3,95,0,4,158,3,165,148,0,148,313
06/06/2020,FMY,FL,ASO,ES,Federal Contract Tower,0,4,63,0,67,0,1,11,0,12,0,5,74,0,79,38,0,38,117
06/07/2020,FMY,FL,ASO,ES,Federal Contract Tower,0,4,35,0,39,0,0,31,0,31,0,4,66,0,70,24,0,24,94
06/08/2020,FMY,FL,ASO,ES,Federal Contract Tower,0,9,79,2,90,0,0,130,0,130,0,9,209,2,220,260,2,262,482
06/09/2020,FMY,FL,ASO,ES,Federal Contract Tower,0,12,69,0,81,0,0,138,0,138,0,12,207,0,219,280,0,280,499
06/10/2020,FMY,FL,ASO,ES,Federal Contract Tower,0,12,49,0,61,0,2,166,0,168,0,14,215,0,229,280,0,280,509
06/11/2020,FMY,FL,ASO,ES,Federal Contract Tower,0,9,68,0,77,0,0,133,0,133,0,9,201,0,210,252,0,252,462
06/12/2020,FMY,FL,ASO,ES,Federal Contract Tower,0,46,129,0,175,0,0,210,0,210,0,46,339,0,385,250,0,250,635
06/13/2020,FMY,FL,ASO,ES,Federal Contract Tower,0,13,67,0,80,0,0,115,0,115,0,13,182,0,195,146,0,146,341
06/14/2020,FMY,FL,ASO,ES,Federal Contract Tower,0,22,51,0,73,0,2,94,0,96,0,24,145,0,169,106,0,106,275
06/15/2020,FMY,FL,ASO,ES,Federal Contract Tower,0,12,82,8,102,0,2,162,0,164,0,14,244,8,266,248,0,248,514
06/16/2020,FMY,FL,ASO,ES,Federal Contract Tower,0,11,54,10,75,0,2,148,0,150,0,13,202,10,225,262,0,262,487
06/17/2020,FMY,FL,ASO,ES,Federal Contract Tower,0,11,68,0,79,0,0,120,0,120,0,11,188,0,199,210,0,210,409
06/18/2020,FMY,FL,ASO,ES,Federal Contract Tower,0,9,52,0,61,0,0,109,0,109,0,9,161,0,170,176,0,176,346
06/19/2020,FMY,FL,ASO,ES,Federal Contract Tower,0,14,54,8,76,0,10,4,0,14,0,24,58,8,90,262,0,262,352
06/20/2020,FMY,FL,ASO,ES,Federal Contract Tower,0,15,46,0,61,0,2,121,0,123,0,17,167,0,184,146,0,146,330
06/21/2020,FMY,FL,ASO,ES,Federal Contract Tower,0,10,38,0,48,0,0,62,0,62,0,10,100,0,110,34,0,34,144
06/22/2020,FMY,FL,ASO,ES,Federal Contract Tower,0,5,63,0,68,0,6,105,0,111,0,11,168,0,179,208,0,208,387
06/23/2020,FMY,FL,ASO,ES,Federal Contract Tower,0,8,63,0,71,0,7,122,0,129,0,15,185,0,200,230,0,230,430
06/24/2020,FMY,FL,ASO,ES,Federal Contract Tower,0,13,53,6,72,0,2,108,2,112,0,15,161,8,184,236,0,236,420
06/25/2020,FMY,FL,ASO,ES,Federal Contract Tower,0,10,69,0,79,0,0,121,0,121,0,10,190,0,200,182,0,182,382
06/26/2020,FMY,FL,ASO,ES,Federal Contract Tower,0,6,94,0,100,0,5,165,0,170,0,11,259,0,270,268,0,268,538
06/27/2020,FMY,FL,ASO,ES,Federal Contract Tower,17,0,59,0,76,0,0,159,0,159,17,0,218,0,235,182,0,182,417
06/28/2020,FMY,FL,ASO,ES,Federal Contract Tower,0,6,41,0,47,0,0,79,0,79,0,6,120,0,126,116,0,116,242
06/29/2020,FMY,FL,ASO,ES,Federal Contract Tower,0,7,69,2,78,0,0,143,0,143,0,7,212,2,221,242,0,242,463
06/30/2020,FMY,FL,ASO,ES,Federal Contract Tower,0,8,57,0,65,0,2,113,0,115,0,10,170,0,180,248,0,248,428
07/01/2020,FMY,FL,ASO,ES,Federal Contract Tower,0,10,47,0,57,0,0,148,0,148,0,10,195,0,205,238,0,238,443
07/02/2020,FMY,FL,ASO,ES,Federal Contract Tower,0,4,31,0,35,0,0,151,0,151,0,4,182,0,186,216,0,216,402
07/03/2020,FMY,FL,ASO,ES,Federal Contract Tower,0,3,52,4,59,0,0,145,0,145,0,3,197,4,204,208,0,208,412
07/04/2020,FMY,FL,ASO,ES,Federal Contract Tower,0,5,28,2,35,0,0,78,0,78,0,5,106,2,113,30,8,38,151
07/05/2020,FMY,FL,ASO,ES,Federal Contract Tower,0,9,35,0,44,0,0,76,0,76,0,9,111,0,120,50,0,50,170
07/06/2020,FMY,FL,ASO,ES,Federal Contract Tower,0,7,32,0,39,0,0,114,0,114,0,7,146,0,153,156,0,156,309
07/07/2020,FMY,FL,ASO,ES,Federal Contract Tower,0,4,56,1,61,0,0,160,2,162,0,4,216,3,223,268,2,270,493
07/08/2020,FMY,FL,ASO,ES,Federal Contract Tower,0,8,61,1,70,0,1,124,0,125,0,9,185,1,195,244,0,244,439
07/09/2020,FMY,FL,ASO,ES,Federal Contract Tower,0,6,61,0,67,0,3,121,0,124,0,9,182,0,191,184,0,184,375
07/10/2020,FMY,FL,ASO,ES,Federal Contract Tower,0,7,54,0,61,0,5,129,0,134,0,12,183,0,195,138,0,138,333
07/11/2020,FMY,FL,ASO,ES,Federal Contract Tower,0,12,37,0,49,0,1,114,0,115,0,13,151,0,164,146,0,146,310
07/12/2020,FMY,FL,ASO,ES,Federal Contract Tower,0,9,24,0,33,0,3,64,0,67,0,12,88,0,100,48,0,48,148
07/13/2020,FMY,FL,ASO,ES,Federal Contract Tower,0,2,43,2,47,0,0,122,0,122,0,2,165,2,169,236,0,236,405
07/14/2020,FMY,FL,ASO,ES,Federal Contract Tower,0,7,37,0,44,0,0,115,0,115,0,7,152,0,159,146,0,146,305
07/15/2020,FMY,FL,ASO,ES,Federal Contract Tower,0,2,40,0,42,0,0,111,0,111,0,2,151,0,153,204,0,204,357
07/16/2020,FMY,FL,ASO,ES,Federal Contract Tower,0,0,54,0,54,0,1,118,0,119,0,1,172,0,173,150,0,150,323
07/17/2020,FMY,FL,ASO,ES,Federal Contract Tower,0,5,43,0,48,0,0,109,0,109,0,5,152,0,157,108,0,108,265
07/18/2020,FMY,FL,ASO,ES,Federal Contract Tower,0,8,33,0,41,0,0,120,0,120,0,8,153,0,161,142,0,142,303
07/19/2020,FMY,FL,ASO,ES,Federal Contract Tower,0,0,32,0,32,0,0,70,0,70,0,0,102,0,102,42,0,42,144
07/20/2020,FMY,FL,ASO,ES,Federal Contract Tower,0,7,45,2,54,0,2,96,0,98,0,9,141,2,152,172,0,172,324
07/21/2020,FMY,FL,ASO,ES,Federal Contract Tower,0,9,29,0,38,0,0,69,0,69,0,9,98,0,107,142,0,142,249
07/22/2020,FMY,FL,ASO,ES,Federal Contract Tower,0,6,19,0,25,0,73,0,0,73,0,79,19,0,98,231,0,231,329
07/23/2020,FMY,FL,ASO,ES,Federal Contract Tower,0,1,49,0,50,0,0,76,0,76,0,1,125,0,126,154,0,154,280
07/24/2020,FMY,FL,ASO,ES,Federal Contract Tower,0,8,67,0,75,0,8,164,0,172,0,16,231,0,247,232,0,232,479
07/25/2020,FMY,FL,ASO,ES,Federal Contract Tower,0,5,44,0,49,0,0,150,0,150,0,5,194,0,199,152,0,152,351
07/26/2020,FMY,FL,ASO,ES,Federal Contract Tower,0,7,37,0,44,0,0,90,0,90,0,7,127,0,134,66,0,66,200
07/27/2020,FMY,FL,ASO,ES,Federal Contract Tower,0,6,67,0,73,0,0,119,0,119,0,6,186,0,192,202,0,202,394
07/28/2020,FMY,FL,ASO,ES,Federal Contract Tower,0,6,34,0,40,0,0,99,0,99,0,6,133,0,139,186,0,186,325
07/29/2020,FMY,FL,ASO,ES,Federal Contract Tower,0,9,30,0,39,0,0,120,0,120,0,9,150,0,159,221,0,221,380
07/30/2020,FMY,FL,ASO,ES,Federal Contract Tower,0,6,74,0,80,0,0,138,0,138,0,6,212,0,218,180,0,180,398
07/31/2020,FMY,FL,ASO,ES,Federal Contract Tower,0,11,84,0,95,0,0,124,0,124,0,11,208,0,219,238,0,238,457
08/01/2020,FMY,FL,ASO,ES,Federal Contract Tower,0,0,34,0,34,0,0,79,0,79,0,0,113,0,113,102,0,102,215
08/02/2020,FMY,FL,ASO,ES,Federal Contract Tower,0,3,19,0,22,0,0,8,0,8,0,3,27,0,30,6,0,6,36
08/03/2020,FMY,FL,ASO,ES,Federal Contract Tower,0,2,43,0,45,0,0,116,0,116,0,2,159,0,161,260,0,260,421
08/04/2020,FMY,FL,ASO,ES,Federal Contract Tower,0,10,37,0,47,0,2,114,0,116,0,12,151,0,163,270,0,270,433
08/05/2020,FMY,FL,ASO,ES,Federal Contract Tower,0,0,16,0,16,0,0,87,0,87,0,0,103,0,103,176,0,176,279
08/06/2020,FMY,FL,ASO,ES,Federal Contract Tower,0,10,63,4,77,0,0,130,0,130,0,10,193,4,207,256,0,256,463
08/07/2020,FMY,FL,ASO,ES,Federal Contract Tower,0,5,72,0,77,0,2,134,0,136,0,7,206,0,213,220,0,220,433
08/08/2020,FMY,FL,ASO,ES,Federal Contract Tower,0,5,50,0,55,0,2,132,0,134,0,7,182,0,189,142,0,142,331
08/09/2020,FMY,FL,ASO,ES,Federal Contract Tower,0,10,43,0,53,0,0,88,0,88,0,10,131,0,141,98,0,98,239
08/10/2020,FMY,FL,ASO,ES,Federal Contract Tower,0,6,56,3,65,0,0,126,0,126,0,6,182,3,191,188,0,188,379
08/11/2020,FMY,FL,ASO,ES,Federal Contract Tower,0,6,42,0,48,0,0,96,0,96,0,6,138,0,144,206,0,206,350
08/12/2020,FMY,FL,ASO,ES,Federal Contract Tower,0,4,47,0,51,0,0,138,0,138,0,4,185,0,189,220,0,220,409
08/13/2020,FMY,FL,ASO,ES,Federal Contract Tower,0,3,50,0,53,0,1,111,0,112,0,4,161,0,165,135,0,135,300
08/14/2020,FMY,FL,ASO,ES,Federal Contract Tower,0,17,55,0,72,0,0,106,0,106,0,17,161,0,178,110,0,110,288
08/15/2020,FMY,FL,ASO,ES,Federal Contract Tower,0,5,31,0,36,0,0,100,0,100,0,5,131,0,136,104,0,104,240
08/16/2020,FMY,FL,ASO,ES,Federal Contract Tower,0,10,24,0,34,0,0,73,0,73,0,10,97,0,107,124,0,124,231
08/17/2020,FMY,FL,ASO,ES,Federal Contract Tower,0,0,56,0,56,0,2,83,0,85,0,2,139,0,141,182,0,182,323
08/18/2020,FMY,FL,ASO,ES,Federal Contract Tower,0,3,42,0,45,0,0,114,0,114,0,3,156,0,159,208,0,208,367
08/19/2020,FMY,FL,ASO,ES,Federal Contract Tower,0,3,39,0,42,0,0,90,0,90,0,3,129,0,132,182,0,182,314
08/20/2020,FMY,FL,ASO,ES,Federal Contract Tower,0,5,42,0,47,0,0,112,0,112,0,5,154,0,159,275,0,275,434
08/21/2020,FMY,FL,ASO,ES,Federal Contract Tower,0,10,39,0,49,0,0,115,0,115,0,10,154,0,164,224,0,224,388
08/22/2020,FMY,FL,ASO,ES,Federal Contract Tower,0,5,40,0,45,0,0,103,0,103,0,5,143,0,148,276,0,276,424
08/23/2020,FMY,FL,ASO,ES,Federal Contract Tower,0,9,29,2,40,0,0,70,0,70,0,9,99,2,110,86,0,86,196
08/24/2020,FMY,FL,ASO,ES,Federal Contract Tower,0,6,30,0,36,0,0,57,0,57,0,6,87,0,93,172,0,172,265
08/25/2020,FMY,FL,ASO,ES,Federal Contract Tower,0,16,36,0,52,0,0,77,0,77,0,16,113,0,129,122,0,122,251
08/26/2020,FMY,FL,ASO,ES,Federal Contract Tower,0,4,30,0,34,0,0,98,0,98,0,4,128,0,132,206,0,206,338
08/27/2020,FMY,FL,ASO,ES,Federal Contract Tower,0,0,82,0,82,0,0,142,0,142,0,0,224,0,224,270,0,270,494
08/28/2020,FMY,FL,ASO,ES,Federal Contract Tower,0,3,63,0,66,0,1,140,0,141,0,4,203,0,207,228,0,228,435
08/29/2020,FMY,FL,ASO,ES,Federal Contract Tower,0,5,49,2,56,0,0,142,0,142,0,5,191,2,198,212,0,212,410
08/30/2020,FMY,FL,ASO,ES,Federal Contract Tower,0,9,28,0,37,0,0,94,0,94,0,9,122,0,131,56,0,56,187
08/31/2020,FMY,FL,ASO,ES,Federal Contract Tower,0,6,57,0,63,0,0,117,0,117,0,6,174,0,180,226,0,226,406
09/01/2020,FMY,FL,ASO,ES,Federal Contract Tower,0,0,59,0,59,0,0,124,0,124,0,0,183,0,183,184,0,184,367
09/02/2020,FMY,FL,ASO,ES,Federal Contract Tower,0,3,58,0,61,0,2,154,0,156,0,5,212,0,217,276,0,276,493
09/03/2020,FMY,FL,ASO,ES,Federal Contract Tower,0,9,59,0,68,0,1,106,0,107,0,10,165,0,175,144,0,144,319
09/04/2020,FMY,FL,ASO,ES,Federal Contract Tower,0,21,59,0,80,0,2,146,0,148,0,23,205,0,228,266,0,266,494
09/05/2020,FMY,FL,ASO,ES,Federal Contract Tower,0,11,43,0,54,0,0,135,0,135,0,11,178,0,189,176,0,176,365
09/06/2020,FMY,FL,ASO,ES,Federal Contract Tower,0,3,32,0,35,0,0,75,0,75,0,3,107,0,110,72,0,72,182
09/07/2020,FMY,FL,ASO,ES,Federal Contract Tower,0,11,51,2,64,0,0,55,0,55,0,11,106,2,119,45,0,45,164
09/08/2020,FMY,FL,ASO,ES,Federal Contract Tower,0,7,36,0,43,0,7,101,0,108,0,14,137,0,151,216,0,216,367
09/09/2020,FMY,FL,ASO,ES,Federal Contract Tower,0,11,26,0,37,0,0,60,0,60,0,11,86,0,97,168,0,168,265
09/10/2020,FMY,FL,ASO,ES,Federal Contract Tower,0,7,39,0,46,0,0,134,0,134,0,7,173,0,180,180,0,180,360
09/11/2020,FMY,FL,ASO,ES,Federal Contract Tower,0,15,77,0,92,0,3,131,0,134,0,18,208,0,226,94,0,94,320
09/12/2020,FMY,FL,ASO,ES,Federal Contract Tower,0,10,21,2,33,0,0,36,0,36,0,10,57,2,69,60,0,60,129
09/13/2020,FMY,FL,ASO,ES,Federal Contract Tower,0,7,11,0,18,0,0,0,0,0,0,7,11,0,18,0,0,0,18
09/14/2020,FMY,FL,ASO,ES,Federal Contract Tower,0,9,28,0,37,0,0,73,0,73,0,9,101,0,110,252,0,252,362
09/15/2020,FMY,FL,ASO,ES,Federal Contract Tower,0,6,57,0,63,0,0,115,0,115,0,6,172,0,178,230,0,230,408
09/16/2020,FMY,FL,ASO,ES,Federal Contract Tower,0,15,36,0,51,0,6,135,0,141,0,21,171,0,192,222,0,222,414
09/17/2020,FMY,FL,ASO,ES,Federal Contract Tower,0,8,54,0,62,0,0,136,0,136,0,8,190,0,198,192,0,192,390
09/18/2020,FMY,FL,ASO,ES,Federal Contract Tower,0,9,55,0,64,0,0,86,0,86,0,9,141,0,150,116,0,116,266
09/19/2020,FMY,FL,ASO,ES,Federal Contract Tower,0,1,78,0,79,0,0,210,0,210,0,1,288,0,289,276,0,276,565
09/20/2020,FMY,FL,ASO,ES,Federal Contract Tower,0,6,52,0,58,0,0,69,0,69,0,6,121,0,127,38,0,38,165
09/21/2020,FMY,FL,ASO,ES,Federal Contract Tower,0,3,43,0,46,0,0,38,0,38,0,3,81,0,84,64,0,64,148
09/22/2020,FMY,FL,ASO,ES,Federal Contract Tower,0,10,44,0,54,0,2,97,0,99,0,12,141,0,153,166,0,166,319
09/23/2020,FMY,FL,ASO,ES,Federal Contract Tower,0,14,52,0,66,0,1,147,0,148,0,15,199,0,214,270,0,270,484
09/24/2020,FMY,FL,ASO,ES,Federal Contract Tower,0,5,79,0,84,0,0,175,0,175,0,5,254,0,259,218,0,218,477
09/25/2020,FMY,FL,ASO,ES,Federal Contract Tower,0,14,65,0,79,0,22,93,0,115,0,36,158,0,194,190,0,190,384
09/26/2020,FMY,FL,ASO,ES,Federal Contract Tower,0,7,58,0,65,0,1,150,0,151,0,8,208,0,216,238,0,238,454
09/27/2020,FMY,FL,ASO,ES,Federal Contract Tower,0,8,38,0,46,0,0,84,0,84,0,8,122,0,130,70,0,70,200
09/28/2020,FMY,FL,ASO,ES,Federal Contract Tower,0,0,56,0,56,0,2,90,0,92,0,2,146,0,148,286,0,286,434
09/29/2020,FMY,FL,ASO,ES,Federal Contract Tower,0,10,47,0,57,0,0,101,0,101,0,10,148,0,158,220,0,220,378
09/30/2020,FMY,FL,ASO,ES,Federal Contract Tower,0,8,51,0,59,0,0,113,0,113,0,8,164,0,172,208,0,208,380
10/01/2020,FMY,FL,ASO,ES,Federal Contract Tower,0,17,70,0,87,0,1,185,0,186,0,18,255,0,273,312,0,312,585
10/02/2020,FMY,FL,ASO,ES,Federal Contract Tower,0,6,46,5,57,0,0,0,0,0,0,6,46,5,57,258,0,258,315
10/04/2020,FMY,FL,ASO,ES,Federal Contract Tower,0,12,34,0,46,0,2,15,0,17,0,14,49,0,63,26,0,26,89
10/05/2020,FMY,FL,ASO,ES,Federal Contract Tower,0,3,77,4,84,0,0,121,0,121,0,3,198,4,205,314,0,314,519
10/06/2020,FMY,FL,ASO,ES,Federal Contract Tower,0,5,66,0,71,0,0,113,0,113,0,5,179,0,184,280,0,280,464
10/07/2020,FMY,FL,ASO,ES,Federal Contract Tower,0,17,69,0,86,0,0,155,0,155,0,17,224,0,241,282,0,282,523
10/08/2020,FMY,FL,ASO,ES,Federal Contract Tower,0,21,57,0,78,0,0,185,0,185,0,21,242,0,263,278,0,278,541
10/09/2020,FMY,FL,ASO,ES,Federal Contract Tower,0,10,72,0,82,0,3,149,0,152,0,13,221,0,234,158,0,158,392
10/10/2020,FMY,FL,ASO,ES,Federal Contract Tower,0,2,47,0,49,0,2,132,0,134,0,4,179,0,183,158,0,158,341
10/11/2020,FMY,FL,ASO,ES,Federal Contract Tower,0,8,66,0,74,0,0,104,0,104,0,8,170,0,178,80,0,80,258
10/12/2020,FMY,FL,ASO,ES,Federal Contract Tower,0,11,68,0,79,0,2,144,0,146,0,13,212,0,225,324,0,324,549
10/13/2020,FMY,FL,ASO,ES,Federal Contract Tower,0,7,57,0,64,0,0,117,0,117,0,7,174,0,181,198,0,198,379
10/14/2020,FMY,FL,ASO,ES,Federal Contract Tower,0,26,58,0,84,0,1,168,0,169,0,27,226,0,253,240,0,240,493
10/15/2020,FMY,FL,ASO,ES,Federal Contract Tower,0,17,68,0,85,0,0,143,0,143,0,17,211,0,228,234,0,234,462
10/16/2020,FMY,FL,ASO,ES,Federal Contract Tower,0,9,50,0,59,0,1,100,0,101,0,10,150,0,160,216,0,216,376
10/17/2020,FMY,FL,ASO,ES,Federal Contract Tower,0,8,40,0,48,0,1,126,0,127,0,9,166,0,175,124,0,124,299
10/18/2020,FMY,FL,ASO,ES,Federal Contract Tower,0,18,60,0,78,0,0,134,0,134,0,18,194,0,212,132,0,132,344
10/19/2020,FMY,FL,ASO,ES,Federal Contract Tower,0,9,55,0,64,0,0,27,0,27,0,9,82,0,91,52,0,52,143
10/20/2020,FMY,FL,ASO,ES,Federal Contract Tower,0,7,53,0,60,0,0,81,0,81,0,7,134,0,141,130,0,130,271
10/21/2020,FMY,FL,ASO,ES,Federal Contract Tower,0,12,67,0,79,0,0,96,0,96,0,12,163,0,175,162,0,162,337
10/22/2020,FMY,FL,ASO,ES,Federal Contract Tower,0,8,87,2,97,0,1,126,0,127,0,9,213,2,224,194,0,194,418
10/23/2020,FMY,FL,ASO,ES,Federal Contract Tower,0,10,94,0,104,0,1,142,0,143,0,11,236,0,247,268,0,268,515
10/24/2020,FMY,FL,ASO,ES,Federal Contract Tower,0,11,55,0,66,0,0,100,0,100,0,11,155,0,166,196,0,196,362
10/26/2020,FMY,FL,ASO,ES,Federal Contract Tower,0,11,63,0,74,0,0,101,0,101,0,11,164,0,175,230,0,230,405
10/27/2020,FMY,FL,ASO,ES,Federal Contract Tower,0,4,74,0,78,0,2,135,0,137,0,6,209,0,215,222,0,222,437
10/28/2020,FMY,FL,ASO,ES,Federal Contract Tower,0,10,79,0,89,0,0,149,0,149,0,10,228,0,238,154,0,154,392
10/29/2020,FMY,FL,ASO,ES,Federal Contract Tower,0,11,84,2,97,0,3,176,0,179,0,14,260,2,276,250,2,252,528
10/30/2020,FMY,FL,ASO,ES,Federal Contract Tower,0,18,62,0,80,0,4,173,0,177,0,22,235,0,257,218,0,218,475
10/31/2020,FMY,FL,ASO,ES,Federal Contract Tower,0,14,60,0,74,0,0,156,0,156,0,14,216,0,230,266,0,266,496
11/01/2020,FMY,FL,ASO,ES,Federal Contract Tower,0,18,56,8,82,0,1,99,0,100,0,19,155,8,182,72,0,72,254
11/02/2020,FMY,FL,ASO,ES,Federal Contract Tower,0,13,43,0,56,0,2,75,0,77,0,15,118,0,133,98,0,98,231
11/03/2020,FMY,FL,ASO,ES,Federal Contract Tower,0,7,41,0,48,0,1,81,0,82,0,8,122,0,130,132,0,132,262
11/04/2020,FMY,FL,ASO,ES,Federal Contract Tower,0,14,38,0,52,0,0,89,0,89,0,14,127,0,141,162,0,162,303
11/05/2020,FMY,FL,ASO,ES,Federal Contract Tower,0,10,53,0,63,0,0,97,0,97,0,10,150,0,160,154,0,154,314
11/06/2020,FMY,FL,ASO,ES,Federal Contract Tower,0,15,57,2,74,0,1,106,0,107,0,16,163,2,181,120,0,120,301
11/08/2020,FMY,FL,ASO,ES,Federal Contract Tower,0,9,23,0,32,0,0,4,0,4,0,9,27,0,36,0,0,0,36
11/09/2020,FMY,FL,ASO,ES,Federal Contract Tower,0,5,9,0,14,0,0,6,0,6,0,5,15,0,20,0,0,0,20
11/10/2020,FMY,FL,ASO,ES,Federal Contract Tower,0,7,29,0,36,0,0,31,0,31,0,7,60,0,67,88,0,88,155
11/11/2020,FMY,FL,ASO,ES,Federal Contract Tower,0,3,16,0,19,0,0,2,0,2,0,3,18,0,21,2,0,2,23
11/12/2020,FMY,FL,ASO,ES,Federal Contract Tower,0,5,64,0,69,0,1,115,0,116,0,6,179,0,185,230,0,230,415
11/13/2020,FMY,FL,ASO,ES,Federal Contract Tower,0,6,135,4,145,0,0,177,0,177,0,6,312,4,322,260,0,260,582
11/14/2020,FMY,FL,ASO,ES,Federal Contract Tower,0,14,101,0,115,0,3,82,0,85,0,17,183,0,200,216,0,216,416
11/15/2020,FMY,FL,ASO,ES,Federal Contract Tower,0,18,64,0,82,0,4,127,0,131,0,22,191,0,213,168,0,168,381
11/16/2020,FMY,FL,ASO,ES,Federal Contract Tower,0,9,91,2,102,0,4,187,0,191,0,13,278,2,293,354,0,354,647
11/17/2020,FMY,FL,ASO,ES,Federal Contract Tower,0,6,69,0,75,0,2,177,0,179,0,8,246,0,254,240,0,240,494
11/18/2020,FMY,FL,ASO,ES,Federal Contract Tower,0,6,33,0,39,0,5,135,0,140,0,11,168,0,179,170,0,170,349
11/19/2020,FMY,FL,ASO,ES,Federal Contract Tower,0,16,84,6,106,0,0,132,0,132,0,16,216,6,238,186,0,186,424
11/20/2020,FMY,FL,ASO,ES,Federal Contract Tower,0,13,81,6,100,0,5,188,0,193,0,18,269,6,293,218,0,218,511
11/21/2020,FMY,FL,ASO,ES,Federal Contract Tower,0,15,83,0,98,0,0,127,0,127,0,15,210,0,225,188,0,188,413
11/22/2020,FMY,FL,ASO,ES,Federal Contract Tower,0,9,59,0,68,0,2,88,0,90,0,11,147,0,158,98,0,98,256
11/23/2020,FMY,FL,ASO,ES,Federal Contract Tower,0,17,82,0,99,0,1,58,0,59,0,18,140,0,158,70,0,70,228
11/24/2020,FMY,FL,ASO,ES,Federal Contract Tower,0,9,83,0,92,0,1,196,0,197,0,10,279,0,289,264,0,264,553
11/25/2020,FMY,FL,ASO,ES,Federal Contract Tower,0,16,65,0,81,0,3,148,0,151,0,19,213,0,232,232,0,232,464
11/26/2020,FMY,FL,ASO,ES,Federal Contract Tower,0,6,14,0,20,0,2,50,0,52,0,8,64,0,72,10,0,10,82
11/27/2020,FMY,FL,ASO,ES,Federal Contract Tower,0,17,60,1,78,0,0,133,0,133,0,17,193,1,211,84,0,84,295
11/28/2020,FMY,FL,ASO,ES,Federal Contract Tower,0,15,78,0,93,0,2,148,0,150,0,17,226,0,243,214,0,214,457
11/29/2020,FMY,FL,ASO,ES,Federal Contract Tower,0,23,114,0,137,0,2,76,0,78,0,25,190,0,215,40,0,40,255
11/30/2020,FMY,FL,ASO,ES,Federal Contract Tower,0,18,58,0,76,0,0,55,0,55,0,18,113,0,131,132,0,132,263
12/01/2020,FMY,FL,ASO,ES,Federal Contract Tower,0,16,67,0,83,0,3,129,0,132,0,19,196,0,215,210,0,210,425
12/02/2020,FMY,FL,ASO,ES,Federal Contract Tower,0,11,45,0,56,0,4,138,0,142,0,15,183,0,198,248,0,248,446
12/03/2020,FMY,FL,ASO,ES,Federal Contract Tower,0,25,57,0,82,0,2,154,0,156,0,27,211,0,238,216,0,216,454
12/04/2020,FMY,FL,ASO,ES,Federal Contract Tower,0,18,65,0,83,0,0,147,0,147,0,18,212,0,230,236,0,236,466
12/05/2020,FMY,FL,ASO,ES,Federal Contract Tower,0,12,56,0,68,0,2,164,0,166,0,14,220,0,234,182,0,182,416
12/06/2020,FMY,FL,ASO,ES,Federal Contract Tower,0,17,65,0,82,0,0,93,0,93,0,17,158,0,175,64,0,64,239
12/07/2020,FMY,FL,ASO,ES,Federal Contract Tower,0,12,49,0,61,0,0,63,0,63,0,12,112,0,124,88,0,88,212
12/08/2020,FMY,FL,ASO,ES,Federal Contract Tower,0,7,89,0,96,0,0,122,0,122,0,7,211,0,218,136,0,136,354
12/09/2020,FMY,FL,ASO,ES,Federal Contract Tower,0,14,48,0,62,0,2,157,0,159,0,16,205,0,221,270,0,270,491
12/10/2020,FMY,FL,ASO,ES,Federal Contract Tower,0,25,61,0,86,0,4,159,0,163,0,29,220,0,249,206,0,206,455
12/11/2020,FMY,FL,ASO,ES,Federal Contract Tower,0,11,92,0,103,0,0,166,0,166,0,11,258,0,269,220,0,220,489
12/12/2020,FMY,FL,ASO,ES,Federal Contract Tower,0,11,60,0,71,0,4,161,0,165,0,15,221,0,236,110,0,110,346
12/13/2020,FMY,FL,ASO,ES,Federal Contract Tower,0,15,83,7,105,0,1,121,0,122,0,16,204,7,227,94,0,94,321
12/14/2020,FMY,FL,ASO,ES,Federal Contract Tower,0,10,50,0,60,0,0,95,0,95,0,10,145,0,155,124,0,124,279
12/15/2020,FMY,FL,ASO,ES,Federal Contract Tower,0,12,101,0,113,0,1,107,0,108,0,13,208,0,221,116,0,116,337
12/16/2020,FMY,FL,ASO,ES,Federal Contract Tower,0,21,51,0,72,0,1,90,0,91,0,22,141,0,163,150,0,150,313
12/17/2020,FMY,FL,ASO,ES,Federal Contract Tower,0,14,61,0,75,0,0,56,0,56,0,14,117,0,131,98,0,98,229
12/18/2020,FMY,FL,ASO,ES,Federal Contract Tower,0,24,104,0,128,0,0,125,0,125,0,24,229,0,253,92,0,92,345
12/19/2020,FMY,FL,ASO,ES,Federal Contract Tower,0,26,67,0,93,0,0,160,0,160,0,26,227,0,253,192,0,192,445
12/20/2020,FMY,FL,ASO,ES,Federal Contract Tower,0,11,60,0,71,0,4,87,0,91,0,15,147,0,162,58,0,58,220
12/21/2020,FMY,FL,ASO,ES,Federal Contract Tower,0,8,49,0,57,0,0,125,0,125,0,8,174,0,182,164,0,164,346
12/22/2020,FMY,FL,ASO,ES,Federal Contract Tower,0,16,85,0,101,0,1,157,0,158,0,17,242,0,259,188,0,188,447
12/23/2020,FMY,FL,ASO,ES,Federal Contract Tower,0,11,44,0,55,0,2,146,0,148,0,13,190,0,203,174,0,174,377
12/24/2020,FMY,FL,ASO,ES,Federal Contract Tower,0,4,21,0,25,0,0,39,0,39,0,4,60,0,64,40,0,40,104
12/25/2020,FMY,FL,ASO,ES,Federal Contract Tower,0,7,17,0,24,0,5,17,0,22,0,12,34,0,46,28,0,28,74
12/26/2020,FMY,FL,ASO,ES,Federal Contract Tower,0,24,128,0,152,0,4,128,0,132,0,28,256,0,284,162,0,162,446
12/27/2020,FMY,FL,ASO,ES,Federal Contract Tower,0,22,90,0,112,0,8,99,0,107,0,30,189,0,219,48,0,48,267
12/28/2020,FMY,FL,ASO,ES,Federal Contract Tower,0,27,78,0,105,0,4,130,1,135,0,31,208,1,240,196,0,196,436
12/29/2020,FMY,FL,ASO,ES,Federal Contract Tower,0,18,77,0,95,0,0,160,0,160,0,18,237,0,255,125,0,125,380
12/30/2020,FMY,FL,ASO,ES,Federal Contract Tower,0,29,107,0,136,0,0,158,0,158,0,29,265,0,294,100,0,100,394
12/31/2020,FMY,FL,ASO,ES,Federal Contract Tower,0,31,39,0,70,0,2,108,0,110,0,33,147,0,180,141,0,141,321
01/01/2021,FMY,FL,ASO,ES,Federal Contract Tower,0,17,32,0,49,0,0,0,0,0,0,17,32,0,49,18,0,18,67
01/02/2021,FMY,FL,ASO,ES,Federal Contract Tower,0,30,96,0,126,0,0,88,0,88,0,30,184,0,214,64,0,64,278
01/03/2021,FMY,FL,ASO,ES,Federal Contract Tower,0,15,104,1,120,0,9,64,0,73,0,24,168,1,193,82,0,82,275
01/04/2021,FMY,FL,ASO,ES,Federal Contract Tower,0,15,73,12,100,0,1,114,0,115,0,16,187,12,215,114,0,114,329
01/05/2021,FMY,FL,ASO,ES,Federal Contract Tower,0,17,49,0,66,0,0,157,0,157,0,17,206,0,223,176,0,176,399
01/06/2021,FMY,FL,ASO,ES,Federal Contract Tower,0,14,88,0,102,0,0,165,0,165,0,14,253,0,267,202,0,202,469
01/07/2021,FMY,FL,ASO,ES,Federal Contract Tower,0,20,56,0,76,0,1,135,0,136,0,21,191,0,212,168,0,168,380
01/08/2021,FMY,FL,ASO,ES,Federal Contract Tower,0,28,53,2,83,0,5,117,0,122,0,33,170,2,205,158,0,158,363
01/09/2021,FMY,FL,ASO,ES,Federal Contract Tower,0,12,58,0,70,0,3,156,0,159,0,15,214,0,229,182,0,182,411
01/10/2021,FMY,FL,ASO,ES,Federal Contract Tower,0,12,60,0,72,0,0,131,0,131,0,12,191,0,203,100,0,100,303
01/11/2021,FMY,FL,ASO,ES,Federal Contract Tower,0,13,82,0,95,0,4,136,0,140,0,17,218,0,235,114,0,114,349
01/12/2021,FMY,FL,ASO,ES,Federal Contract Tower,0,13,87,0,100,0,0,27,0,27,0,13,114,0,127,58,0,58,185
01/13/2021,FMY,FL,ASO,ES,Federal Contract Tower,0,14,78,0,92,0,0,30,0,30,0,14,108,0,122,36,0,36,158
01/14/2021,FMY,FL,ASO,ES,Federal Contract Tower,0,8,92,0,100,0,0,194,0,194,0,8,286,0,294,270,0,270,564
01/15/2021,FMY,FL,ASO,ES,Federal Contract Tower,0,11,90,0,101,0,0,135,1,136,0,11,225,1,237,202,0,202,439
01/16/2021,FMY,FL,ASO,ES,Federal Contract Tower,0,17,49,0,66,0,0,113,0,113,0,17,162,0,179,57,0,57,236
01/17/2021,FMY,FL,ASO,ES,Federal Contract Tower,0,14,56,0,70,0,0,111,0,111,0,14,167,0,181,120,0,120,301
01/18/2021,FMY,FL,ASO,ES,Federal Contract Tower,0,8,79,0,87,0,0,148,0,148,0,8,227,0,235,220,0,220,455
01/19/2021,FMY,FL,ASO,ES,Federal Contract Tower,0,11,56,0,67,0,0,156,0,156,0,11,212,0,223,158,0,158,381
01/20/2021,FMY,FL,ASO,ES,Federal Contract Tower,0,21,71,0,92,0,2,157,0,159,0,23,228,0,251,236,0,236,487
01/21/2021,FMY,FL,ASO,ES,Federal Contract Tower,0,13,85,0,98,0,1,189,0,190,0,14,274,0,288,254,0,254,542
01/22/2021,FMY,FL,ASO,ES,Federal Contract Tower,0,22,71,0,93,0,0,187,0,187,0,22,258,0,280,200,0,200,480
01/23/2021,FMY,FL,ASO,ES,Federal Contract Tower,0,19,76,0,95,0,3,132,0,135,0,22,208,0,230,124,0,124,354
01/24/2021,FMY,FL,ASO,ES,Federal Contract Tower,0,15,44,0,59,0,4,122,0,126,0,19,166,0,185,174,0,174,359
01/25/2021,FMY,FL,ASO,ES,Federal Contract Tower,0,8,73,0,81,0,5,133,0,138,0,13,206,0,219,155,0,155,374
01/26/2021,FMY,FL,ASO,ES,Federal Contract Tower,0,15,100,0,115,0,0,152,0,152,0,15,252,0,267,204,0,204,471
01/27/2021,FMY,FL,ASO,ES,Federal Contract Tower,0,15,64,0,79,0,0,111,0,111,0,15,175,0,190,118,0,118,308
01/28/2021,FMY,FL,ASO,ES,Federal Contract Tower,0,18,65,0,83,0,2,170,0,172,0,20,235,0,255,153,0,153,408
01/29/2021,FMY,FL,ASO,ES,Federal Contract Tower,0,16,131,0,147,0,3,200,2,205,0,19,331,2,352,259,2,261,613
01/30/2021,FMY,FL,ASO,ES,Federal Contract Tower,0,12,93,0,105,0,0,183,0,183,0,12,276,0,288,184,0,184,472
01/31/2021,FMY,FL,ASO,ES,Federal Contract Tower,0,11,67,0,78,0,0,121,0,121,0,11,188,0,199,118,0,118,317
02/01/2021,FMY,FL,ASO,ES,Federal Contract Tower,0,11,56,0,67,0,2,70,0,72,0,13,126,0,139,28,0,28,167
02/02/2021,FMY,FL,ASO,ES,Federal Contract Tower,0,6,51,0,57,0,1,81,0,82,0,7,132,0,139,104,0,104,243
02/03/2021,FMY,FL,ASO,ES,Federal Contract Tower,0,10,70,0,80,0,1,207,0,208,0,11,277,0,288,225,0,225,513
02/04/2021,FMY,FL,ASO,ES,Federal Contract Tower,0,44,66,0,110,0,0,171,0,171,0,44,237,0,281,226,0,226,507
02/05/2021,FMY,FL,ASO,ES,Federal Contract Tower,0,20,120,0,140,0,6,248,0,254,0,26,368,0,394,204,0,204,598
02/06/2021,FMY,FL,ASO,ES,Federal Contract Tower,0,14,71,0,85,0,2,87,0,89,0,16,158,0,174,140,0,140,314
02/07/2021,FMY,FL,ASO,ES,Federal Contract Tower,0,19,35,0,54,0,0,32,0,32,0,19,67,0,86,48,0,48,134
02/08/2021,FMY,FL,ASO,ES,Federal Contract Tower,0,12,79,0,91,0,3,64,0,67,0,15,143,0,158,114,0,114,272
02/09/2021,FMY,FL,ASO,ES,Federal Contract Tower,0,5,57,2,64,0,0,140,0,140,0,5,197,2,204,152,0,152,356
02/10/2021,FMY,FL,ASO,ES,Federal Contract Tower,0,26,63,3,92,0,2,181,0,183,0,28,244,3,275,169,0,169,444
02/11/2021,FMY,FL,ASO,ES,Federal Contract Tower,0,19,98,0,117,0,4,188,0,192,0,23,286,0,309,140,0,140,449
02/12/2021,FMY,FL,ASO,ES,Federal Contract Tower,0,25,91,0,116,0,4,121,0,125,0,29,212,0,241,64,0,64,305
02/13/2021,FMY,FL,ASO,ES,Federal Contract Tower,0,21,65,0,86,0,1,101,0,102,0,22,166,0,188,114,0,114,302
02/14/2021,FMY,FL,ASO,ES,Federal Contract Tower,0,23,55,0,78,0,4,122,0,126,0,27,177,0,204,68,0,68,272
02/15/2021,FMY,FL,ASO,ES,Federal Contract Tower,0,7,74,0,81,0,0,123,0,123,0,7,197,0,204,134,0,134,338
02/16/2021,FMY,FL,ASO,ES,Federal Contract Tower,0,13,60,0,73,0,0,80,0,80,0,13,140,0,153,118,0,118,271
02/17/2021,FMY,FL,ASO,ES,Federal Contract Tower,0,16,127,0,143,0,0,103,0,103,0,16,230,0,246,218,0,218,464
02/18/2021,FMY,FL,ASO,ES,Federal Contract Tower,0,19,84,0,103,0,2,187,0,189,0,21,271,0,292,228,0,228,520
02/19/2021,FMY,FL,ASO,ES,Federal Contract Tower,0,18,82,0,100,0,6,51,0,57,0,24,133,0,157,54,0,54,211
02/20/2021,FMY,FL,ASO,ES,Federal Contract Tower,0,34,133,0,167,0,0,237,0,237,0,34,370,0,404,264,0,264,668
02/21/2021,FMY,FL,ASO,ES,Federal Contract Tower,0,14,77,0,91,0,4,122,0,126,0,18,199,0,217,58,0,58,275
02/22/2021,FMY,FL,ASO,ES,Federal Contract Tower,0,18,56,0,74,0,0,157,0,157,0,18,213,0,231,192,0,192,423
02/23/2021,FMY,FL,ASO,ES,Federal Contract Tower,0,21,90,0,111,0,0,144,0,144,0,21,234,0,255,178,0,178,433
02/24/2021,FMY,FL,ASO,ES,Federal Contract Tower,0,16,98,0,114,0,0,177,0,177,0,16,275,0,291,151,0,151,442
02/25/2021,FMY,FL,ASO,ES,Federal Contract Tower,26,85,0,0,111,0,2,222,0,224,26,87,222,0,335,250,0,250,585
02/26/2021,FMY,FL,ASO,ES,Federal Contract Tower,0,17,85,0,102,0,0,176,0,176,0,17,261,0,278,194,0,194,472
02/27/2021,FMY,FL,ASO,ES,Federal Contract Tower,0,22,95,0,117,0,0,182,0,182,0,22,277,0,299,184,0,184,483
02/28/2021,FMY,FL,ASO,ES,Federal Contract Tower,0,19,66,0,85,0,2,124,0,126,0,21,190,0,211,52,0,52,263
03/01/2021,FMY,FL,ASO,ES,Federal Contract Tower,0,8,95,0,103,0,1,135,0,136,0,9,230,0,239,148,0,148,387
03/02/2021,FMY,FL,ASO,ES,Federal Contract Tower,0,3,79,0,82,0,0,88,0,88,0,3,167,0,170,126,0,126,296
03/03/2021,FMY,FL,ASO,ES,Federal Contract Tower,0,18,81,0,99,0,3,100,0,103,0,21,181,0,202,138,0,138,340
03/04/2021,FMY,FL,ASO,ES,Federal Contract Tower,0,16,75,0,91,0,4,150,0,154,0,20,225,0,245,168,0,168,413
03/05/2021,FMY,FL,ASO,ES,Federal Contract Tower,0,21,86,0,107,0,1,233,0,234,0,22,319,0,341,266,0,266,607
03/06/2021,FMY,FL,ASO,ES,Federal Contract Tower,0,26,76,0,102,0,0,84,0,84,0,26,160,0,186,108,0,108,294
03/07/2021,FMY,FL,ASO,ES,Federal Contract Tower,0,14,95,0,109,0,3,160,0,163,0,17,255,0,272,94,0,94,366
03/08/2021,FMY,FL,ASO,ES,Federal Contract Tower,0,13,65,1,79,0,0,117,0,117,0,13,182,1,196,102,0,102,298
03/09/2021,FMY,FL,ASO,ES,Federal Contract Tower,0,8,74,0,82,0,0,126,0,126,0,8,200,0,208,110,0,110,318
03/10/2021,FMY,FL,ASO,ES,Federal Contract Tower,0,17,77,0,94,0,0,196,0,196,0,17,273,0,290,190,0,190,480
03/11/2021,FMY,FL,ASO,ES,Federal Contract Tower,0,15,93,0,108,0,2,176,0,178,0,17,269,0,286,168,0,168,454
03/12/2021,FMY,FL,ASO,ES,Federal Contract Tower,0,18,115,0,133,0,1,169,0,170,0,19,284,0,303,136,0,136,439
03/14/2021,FMY,FL,ASO,ES,Federal Contract Tower,0,17,86,0,103,0,0,115,0,115,0,17,201,0,218,146,0,146,364
03/15/2021,FMY,FL,ASO,ES,Federal Contract Tower,0,30,85,0,115,0,4,177,0,181,0,34,262,0,296,226,0,226,522
03/16/2021,FMY,FL,ASO,ES,Federal Contract Tower,0,15,69,0,84,0,1,135,0,136,0,16,204,0,220,138,0,138,358
03/17/2021,FMY,FL,ASO,ES,Federal Contract Tower,0,24,50,0,74,0,6,147,0,153,0,30,197,0,227,236,0,236,463
03/18/2021,FMY,FL,ASO,ES,Federal Contract Tower,0,27,68,0,95,0,2,131,0,133,0,29,199,0,228,162,0,162,390
03/19/2021,FMY,FL,ASO,ES,Federal Contract Tower,0,19,114,0,133,0,6,227,0,233,0,25,341,0,366,184,0,184,550
03/20/2021,FMY,FL,ASO,ES,Federal Contract Tower,0,21,123,0,144,0,8,22,0,30,0,29,145,0,174,138,0,138,312
03/21/2021,FMY,FL,ASO,ES,Federal Contract Tower,0,30,92,0,122,0,2,84,0,86,0,32,176,0,208,72,0,72,280
03/22/2021,FMY,FL,ASO,ES,Federal Contract Tower,0,17,94,0,111,0,8,138,0,146,0,25,232,0,257,212,0,212,469
03/23/2021,FMY,FL,ASO,ES,Federal Contract Tower,0,7,57,0,64,0,0,118,0,118,0,7,175,0,182,212,0,212,394
03/24/2021,FMY,FL,ASO,ES,Federal Contract Tower,0,17,102,5,124,0,1,192,0,193,0,18,294,5,317,222,0,222,539
03/25/2021,FMY,FL,ASO,ES,Federal Contract Tower,0,18,71,0,89,0,0,161,0,161,0,18,232,0,250,208,0,208,458
03/26/2021,FMY,FL,ASO,ES,Federal Contract Tower,0,21,112,2,135,0,3,103,0,106,0,24,215,2,241,124,0,124,365
03/27/2021,FMY,FL,ASO,ES,Federal Contract Tower,0,25,90,0,115,0,1,180,0,181,0,26,270,0,296,58,0,58,354
03/28/2021,FMY,FL,ASO,ES,Federal Contract Tower,0,16,59,0,75,0,5,109,0,114,0,21,168,0,189,120,0,120,309
03/29/2021,FMY,FL,ASO,ES,Federal Contract Tower,0,17,86,0,103,0,4,120,0,124,0,21,206,0,227,164,0,164,391
03/30/2021,FMY,FL,ASO,ES,Federal Contract Tower,0,10,92,0,102,0,0,164,0,164,0,10,256,0,266,184,0,184,450
03/31/2021,FMY,FL,ASO,ES,Federal Contract Tower,0,11,107,0,118,0,2,161,0,163,0,13,268,0,281,244,0,244,525
04/01/2021,FMY,FL,ASO,ES,Federal Contract Tower,0,19,95,0,114,0,1,108,0,109,0,20,203,0,223,142,0,142,365
04/02/2021,FMY,FL,ASO,ES,Federal Contract Tower,0,27,99,0,126,0,2,162,0,164,0,29,261,0,290,104,0,104,394
04/03/2021,FMY,FL,ASO,ES,Federal Contract Tower,0,25,123,0,148,0,0,185,0,185,0,25,308,0,333,176,0,176,509
04/04/2021,FMY,FL,ASO,ES,Federal Contract Tower,0,13,42,0,55,0,4,102,0,106,0,17,144,0,161,24,0,24,185
04/05/2021,FMY,FL,ASO,ES,Federal Contract Tower,0,17,85,0,102,0,0,164,0,164,0,17,249,0,266,200,0,200,466
04/06/2021,FMY,FL,ASO,ES,Federal Contract Tower,0,7,86,0,93,0,0,173,0,173,0,7,259,0,266,180,0,180,446
04/07/2021,FMY,FL,ASO,ES,Federal Contract Tower,0,13,81,0,94,0,9,159,0,168,0,22,240,0,262,196,0,196,458
04/08/2021,FMY,FL,ASO,ES,Federal Contract Tower,0,11,51,0,62,0,0,158,0,158,0,11,209,0,220,205,0,205,425
04/09/2021,FMY,FL,ASO,ES,Federal Contract Tower,0,21,79,0,100,0,2,130,0,132,0,23,209,0,232,145,0,145,377
04/10/2021,FMY,FL,ASO,ES,Federal Contract Tower,0,16,74,0,90,0,0,131,0,131,0,16,205,0,221,152,0,152,373
04/11/2021,FMY,FL,ASO,ES,Federal Contract Tower,0,4,38,0,42,0,0,47,0,47,0,4,85,0,89,50,0,50,139
04/12/2021,FMY,FL,ASO,ES,Federal Contract Tower,0,21,98,0,119,0,1,117,0,118,0,22,215,0,237,146,0,146,383
04/13/2021,FMY,FL,ASO,ES,Federal Contract Tower,0,13,73,0,86,0,3,174,0,177,0,16,247,0,263,242,0,242,505
04/14/2021,FMY,FL,ASO,ES,Federal Contract Tower,0,11,81,0,92,0,4,210,0,214,0,15,291,0,306,266,0,266,572
04/15/2021,FMY,FL,ASO,ES,Federal Contract Tower,0,23,77,0,100,0,2,187,0,189,0,25,264,0,289,310,0,310,599
04/16/2021,FMY,FL,ASO,ES,Federal Contract Tower,0,9,86,0,95,0,13,168,0,181,0,22,254,0,276,196,0,196,472
04/17/2021,FMY,FL,ASO,ES,Federal Contract Tower,0,16,77,0,93,0,3,191,0,194,0,19,268,0,287,240,0,240,527
04/18/2021,FMY,FL,ASO,ES,Federal Contract Tower,0,16,84,0,100,0,1,126,0,127,0,17,210,0,227,124,0,124,351
04/19/2021,FMY,FL,ASO,ES,Federal Contract Tower,0,10,31,0,41,0,0,22,0,22,0,10,53,0,63,16,0,16,79
04/20/2021,FMY,FL,ASO,ES,Federal Contract Tower,0,16,50,0,66,0,0,35,0,35,0,16,85,0,101,30,0,30,131
04/21/2021,FMY,FL,ASO,ES,Federal Contract Tower,0,24,57,0,81,0,1,102,0,103,0,25,159,0,184,160,0,160,344
04/22/2021,FMY,FL,ASO,ES,Federal Contract Tower,0,12,93,0,105,0,0,197,0,197,0,12,290,0,302,220,0,220,522
04/23/2021,FMY,FL,ASO,ES,Federal Contract Tower,0,15,91,0,106,0,1,173,0,174,0,16,264,0,280,144,0,144,424
04/24/2021,FMY,FL,ASO,ES,Federal Contract Tower,0,16,90,0,106,0,10,139,0,149,0,26,229,0,255,152,0,152,407
04/25/2021,FMY,FL,ASO,ES,Federal Contract Tower,0,18,91,0,109,0,2,90,0,92,0,20,181,0,201,94,0,94,295
04/26/2021,FMY,FL,ASO,ES,Federal Contract Tower,0,12,69,0,81,0,1,133,0,134,0,13,202,0,215,230,0,230,445
04/27/2021,FMY,FL,ASO,ES,Federal Contract Tower,0,19,62,0,81,0,0,141,0,141,0,19,203,0,222,188,0,188,410
04/28/2021,FMY,FL,ASO,ES,Federal Contract Tower,0,11,60,0,71,0,0,166,0,166,0,11,226,0,237,225,0,225,462
04/29/2021,FMY,FL,ASO,ES,Federal Contract Tower,0,15,64,0,79,0,3,133,0,136,0,18,197,0,215,172,0,172,387
04/30/2021,FMY,FL,ASO,ES,Federal Contract Tower,0,12,116,0,128,0,0,153,0,153,0,12,269,0,281,182,0,182,463
05/02/2021,FMY,FL,ASO,ES,Federal Contract Tower,0,11,75,0,86,0,0,170,0,170,0,11,245,0,256,172,0,172,428
05/03/2021,FMY,FL,ASO,ES,Federal Contract Tower,0,8,62,0,70,0,2,113,0,115,0,10,175,0,185,216,0,216,401
05/04/2021,FMY,FL,ASO,ES,Federal Contract Tower,0,13,67,0,80,0,0,155,0,155,0,13,222,0,235,178,0,178,413
05/05/2021,FMY,FL,ASO,ES,Federal Contract Tower,0,26,95,3,124,0,0,176,0,176,0,26,271,3,300,274,0,274,574
05/06/2021,FMY,FL,ASO,ES,Federal Contract Tower,0,19,59,0,78,0,149,0,0,149,0,168,59,0,227,306,0,306,533
05/07/2021,FMY,FL,ASO,ES,Federal Contract Tower,0,21,93,0,114,0,17,135,0,152,0,38,228,0,266,101,0,101,367
05/08/2021,FMY,FL,ASO,ES,Federal Contract Tower,0,14,85,0,99,0,7,172,0,179,0,21,257,0,278,216,0,216,494
05/09/2021,FMY,FL,ASO,ES,Federal Contract Tower,0,13,42,0,55,0,12,108,0,120,0,25,150,0,175,126,0,126,301
05/10/2021,FMY,FL,ASO,ES,Federal Contract Tower,0,13,88,0,101,0,5,122,0,127,0,18,210,0,228,126,0,126,354
05/11/2021,FMY,FL,ASO,ES,Federal Contract Tower,0,6,78,0,84,0,1,125,0,126,0,7,203,0,210,242,0,242,452
05/12/2021,FMY,FL,ASO,ES,Federal Contract Tower,0,22,58,0,80,0,2,144,0,146,0,24,202,0,226,190,0,190,416
05/13/2021,FMY,FL,ASO,ES,Federal Contract Tower,0,17,122,0,139,0,0,174,0,174,0,17,296,0,313,277,0,277,590
05/14/2021,FMY,FL,ASO,ES,Federal Contract Tower,0,23,98,0,121,0,0,153,0,153,0,23,251,0,274,152,0,152,426
05/15/2021,FMY,FL,ASO,ES,Federal Contract Tower,0,20,88,0,108,0,4,147,0,151,0,24,235,0,259,114,0,114,373
05/16/2021,FMY,FL,ASO,ES,Federal Contract Tower,0,13,69,0,82,0,0,114,0,114,0,13,183,0,196,170,0,170,366
05/17/2021,FMY,FL,ASO,ES,Federal Contract Tower,0,15,49,6,70,0,4,144,0,148,0,19,193,6,218,192,0,192,410
05/18/2021,FMY,FL,ASO,ES,Federal Contract Tower,0,9,57,0,66,0,0,116,0,116,0,9,173,0,182,124,0,124,306
05/19/2021,FMY,FL,ASO,ES,Federal Contract Tower,0,14,58,0,72,0,0,80,0,80,0,14,138,0,152,28,0,28,180
05/20/2021,FMY,FL,ASO,ES,Federal Contract Tower,0,18,45,0,63,0,3,56,0,59,0,21,101,0,122,50,0,50,172
05/21/2021,FMY,FL,ASO,ES,Federal Contract Tower,0,17,71,5,93,0,4,93,0,97,0,21,164,5,190,86,0,86,276
05/22/2021,FMY,FL,ASO,ES,Federal Contract Tower,0,11,70,0,81,0,2,132,0,134,0,13,202,0,215,94,0,94,309
05/23/2021,FMY,FL,ASO,ES,Federal Contract Tower,0,5,63,0,68,0,2,132,2,136,0,7,195,2,204,80,4,84,288
05/24/2021,FMY,FL,ASO,ES,Federal Contract Tower,0,16,54,0,70,0,0,153,0,153,0,16,207,0,223,222,0,222,445
05/26/2021,FMY,FL,ASO,ES,Federal Contract Tower,0,18,65,0,83,0,0,172,0,172,0,18,237,0,255,218,0,218,473
05/27/2021,FMY,FL,ASO,ES,Federal Contract Tower,0,17,77,0,94,0,3,144,0,147,0,20,221,0,241,202,0,202,443
05/28/2021,FMY,FL,ASO,ES,Federal Contract Tower,0,14,90,0,104,0,0,211,0,211,0,14,301,0,315,174,0,174,489
05/29/2021,FMY,FL,ASO,ES,Federal Contract Tower,0,11,61,0,72,0,2,165,1,168,0,13,226,1,240,126,0,126,366
05/30/2021,FMY,FL,ASO,ES,Federal Contract Tower,0,14,46,0,60,0,0,91,0,91,0,14,137,0,151,96,0,96,247
05/31/2021,FMY,FL,ASO,ES,Federal Contract Tower,0,5,50,0,55,0,4,70,0,74,0,9,120,0,129,37,0,37,166
06/01/2021,FMY,FL,ASO,ES,Federal Contract Tower,0,13,64,0,77,0,7,104,0,111,0,20,168,0,188,138,0,138,326
06/02/2021,FMY,FL,ASO,ES,Federal Contract Tower,0,7,58,0,65,0,0,148,0,148,0,7,206,0,213,152,0,152,365
06/03/2021,FMY,FL,ASO,ES,Federal Contract Tower,0,14,67,0,81,0,3,143,0,146,0,17,210,0,227,224,0,224,451
06/04/2021,FMY,FL,ASO,ES,Federal Contract Tower,0,12,77,0,89,0,1,122,0,123,0,13,199,0,212,262,0,262,474
06/05/2021,FMY,FL,ASO,ES,Federal Contract Tower,0,11,56,0,67,0,5,137,1,143,0,16,193,1,210,170,0,170,380
06/06/2021,FMY,FL,ASO,ES,Federal Contract Tower,0,9,47,0,56,0,6,134,2,142,0,15,181,2,198,70,0,70,268
06/07/2021,FMY,FL,ASO,ES,Federal Contract Tower,0,7,52,0,59,0,2,135,0,137,0,9,187,0,196,206,0,206,402
06/08/2021,FMY,FL,ASO,ES,Federal Contract Tower,0,10,47,2,59,0,3,139,0,142,0,13,186,2,201,282,8,290,491
06/09/2021,FMY,FL,ASO,ES,Federal Contract Tower,0,8,51,0,59,0,0,165,0,165,0,8,216,0,224,246,0,246,470
06/10/2021,FMY,FL,ASO,ES,Federal Contract Tower,0,13,59,0,72,0,0,163,0,163,0,13,222,0,235,204,0,204,439
06/11/2021,FMY,FL,ASO,ES,Federal Contract Tower,0,11,67,0,78,0,1,154,0,155,0,12,221,0,233,190,0,190,423
06/12/2021,FMY,FL,ASO,ES,Federal Contract Tower,0,8,77,0,85,0,2,152,0,154,0,10,229,0,239,204,0,204,443
06/13/2021,FMY,FL,ASO,ES,Federal Contract Tower,0,8,52,0,60,0,3,100,0,103,0,11,152,0,163,90,0,90,253
06/14/2021,FMY,FL,ASO,ES,Federal Contract Tower,0,11,41,0,52,0,0,94,0,94,0,11,135,0,146,176,0,176,322
06/16/2021,FMY,FL,ASO,ES,Federal Contract Tower,0,14,46,0,60,0,0,54,0,54,0,14,100,0,114,110,0,110,224
06/17/2021,FMY,FL,ASO,ES,Federal Contract Tower,0,9,63,0,72,0,3,150,0,153,0,12,213,0,225,274,0,274,499
06/18/2021,FMY,FL,ASO,ES,Federal Contract Tower,0,4,91,0,95,0,3,140,0,143,0,7,231,0,238,194,0,194,432
06/19/2021,FMY,FL,ASO,ES,Federal Contract Tower,0,17,65,0,82,0,3,82,0,85,0,20,147,0,167,131,0,131,298
06/20/2021,FMY,FL,ASO,ES,Federal Contract Tower,0,11,32,0,43,0,1,89,0,90,0,12,121,0,133,147,0,147,280
06/21/2021,FMY,FL,ASO,ES,Federal Contract Tower,0,9,74,0,83,0,0,151,0,151,0,9,225,0,234,179,0,179,413
06/22/2021,FMY,FL,ASO,ES,Federal Contract Tower,0,13,79,0,92,0,0,164,0,164,0,13,243,0,256,261,0,261,517
06/23/2021,FMY,FL,ASO,ES,Federal Contract Tower,0,7,47,0,54,0,0,102,0,102,0,7,149,0,156,138,0,138,294
06/24/2021,FMY,FL,ASO,ES,Federal Contract Tower,0,12,48,0,60,0,0,107,0,107,0,12,155,0,167,144,0,144,311
06/25/2021,FMY,FL,ASO,ES,Federal Contract Tower,0,7,75,6,88,0,1,105,0,106,0,8,180,6,194,195,0,195,389
06/26/2021,FMY,FL,ASO,ES,Federal Contract Tower,0,9,77,0,86,0,2,110,2,114,0,11,187,2,200,104,0,104,304
06/27/2021,FMY,FL,ASO,ES,Federal Contract Tower,0,9,43,0,52,0,2,98,0,100,0,11,141,0,152,62,0,62,214
06/28/2021,FMY,FL,ASO,ES,Federal Contract Tower,0,8,69,0,77,0,0,76,0,76,0,8,145,0,153,200,0,200,353
06/29/2021,FMY,FL,ASO,ES,Federal Contract Tower,0,7,50,0,57,0,0,87,0,87,0,7,137,0,144,160,0,160,304
06/30/2021,FMY,FL,ASO,ES,Federal Contract Tower,0,15,60,0,75,0,0,110,0,110,0,15,170,0,185,112,0,112,297
07/01/2021,FMY,FL,ASO,ES,Federal Contract Tower,0,12,65,0,77,0,0,119,0,119,0,12,184,0,196,122,0,122,318
07/02/2021,FMY,FL,ASO,ES,Federal Contract Tower,0,5,87,0,92,0,0,135,0,135,0,5,222,0,227,224,0,224,451
07/03/2021,FMY,FL,ASO,ES,Federal Contract Tower,0,6,34,0,40,0,0,149,0,149,0,6,183,0,189,156,0,156,345
07/04/2021,FMY,FL,ASO,ES,Federal Contract Tower,0,6,37,0,43,0,1,80,0,81,0,7,117,0,124,58,0,58,182
07/05/2021,FMY,FL,ASO,ES,Federal Contract Tower,0,9,47,0,56,0,5,76,0,81,0,14,123,0,137,92,4,96,233
07/06/2021,FMY,FL,ASO,ES,Federal Contract Tower,0,0,4,0,4,0,0,2,0,2,0,0,6,0,6,0,0,0,6
07/07/2021,FMY,FL,ASO,ES,Federal Contract Tower,0,9,25,0,34,0,2,48,0,50,0,11,73,0,84,86,0,86,170
07/08/2021,FMY,FL,ASO,ES,Federal Contract Tower,0,6,53,0,59,0,1,151,0,152,0,7,204,0,211,264,0,264,475
07/09/2021,FMY,FL,ASO,ES,Federal Contract Tower,0,5,54,0,59,0,0,155,0,155,0,5,209,0,214,218,0,218,432
07/10/2021,FMY,FL,ASO,ES,Federal Contract Tower,0,1,58,0,59,0,0,123,0,123,0,1,181,0,182,144,0,144,326
07/11/2021,FMY,FL,ASO,ES,Federal Contract Tower,0,6,55,0,61,0,2,87,0,89,0,8,142,0,150,118,0,118,268
07/12/2021,FMY,FL,ASO,ES,Federal Contract Tower,0,9,46,0,55,0,2,99,0,101,0,11,145,0,156,132,0,132,288
07/13/2021,FMY,FL,ASO,ES,Federal Contract Tower,0,7,33,0,40,0,0,96,0,96,0,7,129,0,136,146,0,146,282
07/14/2021,FMY,FL,ASO,ES,Federal Contract Tower,0,14,71,0,85,0,0,88,0,88,0,14,159,0,173,189,0,189,362
07/15/2021,FMY,FL,ASO,ES,Federal Contract Tower,0,13,57,0,70,0,0,129,0,129,0,13,186,0,199,132,0,132,331
07/16/2021,FMY,FL,ASO,ES,Federal Contract Tower,0,9,73,0,82,0,2,126,0,128,0,11,199,0,210,193,0,193,403
07/17/2021,FMY,FL,ASO,ES,Federal Contract Tower,0,4,52,0,56,0,0,136,0,136,0,4,188,0,192,172,0,172,364
07/18/2021,FMY,FL,ASO,ES,Federal Contract Tower,0,12,44,0,56,0,1,117,0,118,0,13,161,0,174,114,0,114,288
07/19/2021,FMY,FL,ASO,ES,Federal Contract Tower,0,7,64,0,71,0,5,100,0,105,0,12,164,0,176,88,0,88,264
07/20/2021,FMY,FL,ASO,ES,Federal Contract Tower,0,7,58,0,65,0,0,118,0,118,0,7,176,0,183,150,0,150,333
07/21/2021,FMY,FL,ASO,ES,Federal Contract Tower,0,17,44,0,61,0,1,169,0,170,0,18,213,0,231,232,0,232,463
07/22/2021,FMY,FL,ASO,ES,Federal Contract Tower,0,12,68,0,80,0,0,147,0,147,0,12,215,0,227,196,0,196,423
07/23/2021,FMY,FL,ASO,ES,Federal Contract Tower,0,13,80,0,93,0,2,170,0,172,0,15,250,0,265,218,0,218,483
07/24/2021,FMY,FL,ASO,ES,Federal Contract Tower,0,6,47,0,53,0,2,109,0,111,0,8,156,0,164,162,0,162,326
07/25/2021,FMY,FL,ASO,ES,Federal Contract Tower,0,6,43,0,49,0,0,101,0,101,0,6,144,0,150,142,0,142,292
07/26/2021,FMY,FL,ASO,ES,Federal Contract Tower,0,13,31,0,44,0,8,90,0,98,0,21,121,0,142,166,0,166,308
07/27/2021,FMY,FL,ASO,ES,Federal Contract Tower,0,19,44,0,63,0,0,80,0,80,0,19,124,0,143,114,0,114,257
07/28/2021,FMY,FL,ASO,ES,Federal Contract Tower,0,9,33,0,42,0,0,88,0,88,0,9,121,0,130,176,0,176,306
07/29/2021,FMY,FL,ASO,ES,Federal Contract Tower,0,11,43,0,54,0,3,110,0,113,0,14,153,0,167,148,0,148,315
07/30/2021,FMY,FL,ASO,ES,Federal Contract Tower,0,19,69,5,93,0,2,193,0,195,0,21,262,5,288,196,0,196,484
07/31/2021,FMY,FL,ASO,ES,Federal Contract Tower,0,19,58,3,80,0,3,150,0,153,0,22,208,3,233,106,0,106,339
08/01/2021,FMY,FL,ASO,ES,Federal Contract Tower,0,11,32,0,43,0,2,85,0,87,0,13,117,0,130,50,0,50,180
08/02/2021,FMY,FL,ASO,ES,Federal Contract Tower,0,5,44,0,49,0,7,105,0,112,0,12,149,0,161,154,0,154,315
08/03/2021,FMY,FL,ASO,ES,Federal Contract Tower,0,8,32,0,40,0,3,46,0,49,0,11,78,0,89,84,0,84,173
08/04/2021,FMY,FL,ASO,ES,Federal Contract Tower,0,3,26,0,29,0,1,30,0,31,0,4,56,0,60,42,0,42,102
08/05/2021,FMY,FL,ASO,ES,Federal Contract Tower,0,10,55,0,65,0,0,118,0,118,0,10,173,0,183,218,0,218,401
08/06/2021,FMY,FL,ASO,ES,Federal Contract Tower,0,12,59,0,71,0,2,111,0,113,0,14,170,0,184,146,0,146,330
08/07/2021,FMY,FL,ASO,ES,Federal Contract Tower,0,12,47,0,59,0,1,121,0,122,0,13,168,0,181,110,0,110,291
08/08/2021,FMY,FL,ASO,ES,Federal Contract Tower,0,9,41,0,50,0,1,90,0,91,0,10,131,0,141,54,0,54,195
08/09/2021,FMY,FL,ASO,ES,Federal Contract Tower,0,7,37,0,44,0,8,73,0,81,0,15,110,0,125,150,0,150,275
08/10/2021,FMY,FL,ASO,ES,Federal Contract Tower,0,7,28,0,35,0,0,92,0,92,0,7,120,0,127,188,0,188,315
08/11/2021,FMY,FL,ASO,ES,Federal Contract Tower,0,7,56,0,63,0,0,107,0,107,0,7,163,0,170,155,0,155,325
08/12/2021,FMY,FL,ASO,ES,Federal Contract Tower,0,8,37,0,45,0,0,127,0,127,0,8,164,0,172,172,0,172,344
08/13/2021,FMY,FL,ASO,ES,Federal Contract Tower,0,11,43,0,54,0,2,4,0,6,0,13,47,0,60,90,0,90,150
08/14/2021,FMY,FL,ASO,ES,Federal Contract Tower,0,11,13,0,24,0,0,22,0,22,0,11,35,0,46,24,0,24,70
08/15/2021,FMY,FL,ASO,ES,Federal Contract Tower,0,4,25,0,29,0,2,22,0,24,0,6,47,0,53,28,0,28,81
08/16/2021,FMY,FL,ASO,ES,Federal Contract Tower,0,6,41,0,47,0,3,126,0,129,0,9,167,0,176,172,0,172,348
08/17/2021,FMY,FL,ASO,ES,Federal Contract Tower,0,4,29,0,33,0,2,103,0,105,0,6,132,0,138,156,0,156,294
08/18/2021,FMY,FL,ASO,ES,Federal Contract Tower,0,12,48,0,60,0,0,142,0,142,0,12,190,0,202,229,0,229,431
08/19/2021,FMY,FL,ASO,ES,Federal Contract Tower,0,4,38,0,42,0,2,150,0,152,0,6,188,0,194,256,0,256,450
08/20/2021,FMY,FL,ASO,ES,Federal Contract Tower,0,8,28,0,36,0,0,120,0,120,0,8,148,0,156,188,0,188,344
08/21/2021,FMY,FL,ASO,ES,Federal Contract Tower,0,3,40,0,43,0,0,100,1,101,0,3,140,1,144,118,0,118,262
08/22/2021,FMY,FL,ASO,ES,Federal Contract Tower,0,11,38,0,49,0,1,93,0,94,0,12,131,0,143,114,0,114,257
08/23/2021,FMY,FL,ASO,ES,Federal Contract Tower,0,7,53,0,60,0,6,108,0,114,0,13,161,0,174,148,0,148,322
08/24/2021,FMY,FL,ASO,ES,Federal Contract Tower,0,5,36,0,41,0,0,92,0,92,0,5,128,0,133,118,0,118,251
08/25/2021,FMY,FL,ASO,ES,Federal Contract Tower,0,9,56,0,65,0,1,134,0,135,0,10,190,0,200,190,10,200,400
08/26/2021,FMY,FL,ASO,ES,Federal Contract Tower,0,7,49,0,56,0,4,100,0,104,0,11,149,0,160,172,0,172,332
08/28/2021,FMY,FL,ASO,ES,Federal Contract Tower,0,4,26,0,30,0,0,94,0,94,0,4,120,0,124,80,0,80,204
08/29/2021,FMY,FL,ASO,ES,Federal Contract Tower,0,18,48,0,66,0,0,117,0,117,0,18,165,0,183,162,0,162,345
08/30/2021,FMY,FL,ASO,ES,Federal Contract Tower,0,4,47,0,51,0,4,138,0,142,0,8,185,0,193,158,0,158,351
08/31/2021,FMY,FL,ASO,ES,Federal Contract Tower,0,5,66,1,72,0,2,144,0,146,0,7,210,1,218,154,0,154,372
09/01/2021,FMY,FL,ASO,ES,Federal Contract Tower,0,4,33,0,37,0,2,106,0,108,0,6,139,0,145,200,0,200,345
09/02/2021,FMY,FL,ASO,ES,Federal Contract Tower,0,9,26,0,35,0,0,78,0,78,0,9,104,0,113,149,0,149,262
09/03/2021,FMY,FL,ASO,ES,Federal Contract Tower,0,5,46,0,51,0,1,109,0,110,0,6,155,0,161,206,0,206,367
09/04/2021,FMY,FL,ASO,ES,Federal Contract Tower,0,3,32,0,35,0,0,129,2,131,0,3,161,2,166,154,0,154,320
09/05/2021,FMY,FL,ASO,ES,Federal Contract Tower,0,4,25,0,29,0,0,130,0,130,0,4,155,0,159,142,0,142,301
09/06/2021,FMY,FL,ASO,ES,Federal Contract Tower,0,9,46,0,55,0,2,91,0,93,0,11,137,0,148,108,0,108,256
09/07/2021,FMY,FL,ASO,ES,Federal Contract Tower,0,4,39,0,43,0,2,169,0,171,0,6,208,0,214,250,0,250,464
09/08/2021,FMY,FL,ASO,ES,Federal Contract Tower,0,6,48,0,54,0,0,112,0,112,0,6,160,0,166,189,0,189,355
09/09/2021,FMY,FL,ASO,ES,Federal Contract Tower,0,9,59,0,68,0,0,113,0,113,0,9,172,0,181,116,0,116,297
09/10/2021,FMY,FL,ASO,ES,Federal Contract Tower,0,10,59,2,71,0,0,147,0,147,0,10,206,2,218,308,0,308,526
09/11/2021,FMY,FL,ASO,ES,Federal Contract Tower,0,7,54,0,61,0,2,136,1,139,0,9,190,1,200,218,0,218,418
09/12/2021,FMY,FL,ASO,ES,Federal Contract Tower,0,8,40,0,48,0,2,85,0,87,0,10,125,0,135,126,0,126,261
09/13/2021,FMY,FL,ASO,ES,Federal Contract Tower,0,7,42,0,49,0,0,92,0,92,0,7,134,0,141,162,0,162,303
09/14/2021,FMY,FL,ASO,ES,Federal Contract Tower,0,4,57,0,61,0,1,107,0,108,0,5,164,0,169,168,0,168,337
09/15/2021,FMY,FL,ASO,ES,Federal Contract Tower,0,8,43,0,51,0,0,123,0,123,0,8,166,0,174,230,0,230,404
09/16/2021,FMY,FL,ASO,ES,Federal Contract Tower,0,5,42,0,47,0,0,93,0,93,0,5,135,0,140,138,0,138,278
09/17/2021,FMY,FL,ASO,ES,Federal Contract Tower,0,9,44,0,53,0,5,118,0,123,0,14,162,0,176,248,0,248,424
09/18/2021,FMY,FL,ASO,ES,Federal Contract Tower,0,2,65,0,67,0,5,142,0,147,0,7,207,0,214,182,0,182,396
09/19/2021,FMY,FL,ASO,ES,Federal Contract Tower,0,10,37,0,47,0,0,117,0,117,0,10,154,0,164,186,0,186,350
09/20/2021,FMY,FL,ASO,ES,Federal Contract Tower,0,12,65,5,82,0,2,111,0,113,0,14,176,5,195,252,0,252,447
09/21/2021,FMY,FL,ASO,ES,Federal Contract Tower,0,7,52,0,59,0,0,67,6,73,0,7,119,6,132,96,0,96,228
09/22/2021,FMY,FL,ASO,ES,Federal Contract Tower,0,7,51,0,58,0,0,145,0,145,0,7,196,0,203,254,0,254,457
09/23/2021,FMY,FL,ASO,ES,Federal Contract Tower,0,8,71,0,79,0,0,143,0,143,0,8,214,0,222,188,0,188,410
09/24/2021,FMY,FL,ASO,ES,Federal Contract Tower,0,8,94,0,102,0,0,135,0,135,0,8,229,0,237,229,0,229,466
09/25/2021,FMY,FL,ASO,ES,Federal Contract Tower,0,2,65,0,67,0,0,145,0,145,0,2,210,0,212,182,0,182,394
09/26/2021,FMY,FL,ASO,ES,Federal Contract Tower,0,17,52,0,69,0,0,147,0,147,0,17,199,0,216,186,0,186,402
09/27/2021,FMY,FL,ASO,ES,Federal Contract Tower,0,4,69,0,73,0,0,191,1,192,0,4,260,1,265,248,0,248,513
09/28/2021,FMY,FL,ASO,ES,Federal Contract Tower,0,5,61,0,66,0,4,166,0,170,0,9,227,0,236,220,0,220,456
09/29/2021,FMY,FL,ASO,ES,Federal Contract Tower,0,11,54,0,65,0,2,174,0,176,0,13,228,0,241,362,0,362,603
09/30/2021,FMY,FL,ASO,ES,Federal Contract Tower,0,9,62,0,71,0,1,189,0,190,0,10,251,0,261,284,0,284,545
10/01/2021,FMY,FL,ASO,ES,Federal Contract Tower,0,13,88,0,101,0,1,139,0,140,0,14,227,0,241,304,0,304,545
10/02/2021,FMY,FL,ASO,ES,Federal Contract Tower,0,3,66,0,69,0,3,173,0,176,0,6,239,0,245,242,0,242,487
10/03/2021,FMY,FL,ASO,ES,Federal Contract Tower,0,18,72,0,90,0,5,167,0,172,0,23,239,0,262,182,0,182,444
10/04/2021,FMY,FL,ASO,ES,Federal Contract Tower,0,10,92,0,102,0,3,163,0,166,0,13,255,0,268,166,0,166,434
10/05/2021,FMY,FL,ASO,ES,Federal Contract Tower,0,15,45,0,60,0,0,159,0,159,0,15,204,0,219,278,0,278,497
10/06/2021,FMY,FL,ASO,ES,Federal Contract Tower,0,14,83,0,97,0,0,123,0,123,0,14,206,0,220,214,0,214,434
10/07/2021,FMY,FL,ASO,ES,Federal Contract Tower,0,11,106,0,117,0,1,159,0,160,0,12,265,0,277,166,0,166,443
10/08/2021,FMY,FL,ASO,ES,Federal Contract Tower,0,3,85,0,88,0,2,124,0,126,0,5,209,0,214,235,0,235,449
10/09/2021,FMY,FL,ASO,ES,Federal Contract Tower,0,9,62,0,71,0,0,127,0,127,0,9,189,0,198,172,0,172,370
10/10/2021,FMY,FL,ASO,ES,Federal Contract Tower,0,8,88,0,96,0,3,178,0,181,0,11,266,0,277,190,0,190,467
10/11/2021,FMY,FL,ASO,ES,Federal Contract Tower,0,10,68,0,78,0,4,144,0,148,0,14,212,0,226,214,0,214,440
10/12/2021,FMY,FL,ASO,ES,Federal Contract Tower,0,6,68,0,74,0,2,171,0,173,0,8,239,0,247,188,0,188,435
10/13/2021,FMY,FL,ASO,ES,Federal Contract Tower,0,9,68,1,78,0,0,175,0,175,0,9,243,1,253,131,0,131,384
10/14/2021,FMY,FL,ASO,ES,Federal Contract Tower,0,15,81,6,102,0,5,179,0,184,0,20,260,6,286,164,6,170,456
10/15/2021,FMY,FL,ASO,ES,Federal Contract Tower,0,14,62,1,77,0,1,152,0,153,0,15,214,1,230,148,0,148,378
10/16/2021,FMY,FL,ASO,ES,Federal Contract Tower,0,12,63,0,75,0,0,170,0,170,0,12,233,0,245,130,0,130,375
10/17/2021,FMY,FL,ASO,ES,Federal Contract Tower,0,13,82,0,95,0,2,150,0,152,0,15,232,0,247,198,0,198,445
10/18/2021,FMY,FL,ASO,ES,Federal Contract Tower,0,6,47,0,53,0,0,131,0,131,0,6,178,0,184,208,0,208,392
10/19/2021,FMY,FL,ASO,ES,Federal Contract Tower,0,11,78,0,89,0,2,137,0,139,0,13,215,0,228,226,0,226,454
10/20/2021,FMY,FL,ASO,ES,Federal Contract Tower,0,9,79,0,88,0,2,153,0,155,0,11,232,0,243,278,0,278,521
10/21/2021,FMY,FL,ASO,ES,Federal Contract Tower,0,20,88,0,108,0,0,188,0,188,0,20,276,0,296,278,0,278,574
10/22/2021,FMY,FL,ASO,ES,Federal Contract Tower,0,18,96,0,114,0,1,182,0,183,0,19,278,0,297,196,0,196,493
10/23/2021,FMY,FL,ASO,ES,Federal Contract Tower,0,12,66,0,78,0,0,140,0,140,0,12,206,0,218,272,0,272,490
10/24/2021,FMY,FL,ASO,ES,Federal Contract Tower,0,20,57,1,78,0,0,104,4,108,0,20,161,5,186,216,0,216,402
10/25/2021,FMY,FL,ASO,ES,Federal Contract Tower,0,13,59,0,72,0,2,75,0,77,0,15,134,0,149,146,0,146,295
10/26/2021,FMY,FL,ASO,ES,Federal Contract Tower,0,6,69,0,75,0,2,185,0,187,0,8,254,0,262,322,0,322,584
10/27/2021,FMY,FL,ASO,ES,Federal Contract Tower,0,13,75,0,88,0,4,208,0,212,0,17,283,0,300,288,0,288,588
10/28/2021,FMY,FL,ASO,ES,Federal Contract Tower,0,13,60,0,73,0,1,22,0,23,0,14,82,0,96,30,0,30,126
10/29/2021,FMY,FL,ASO,ES,Federal Contract Tower,0,10,82,0,92,0,4,139,0,143,0,14,221,0,235,179,0,179,414
10/30/2021,FMY,FL,ASO,ES,Federal Contract Tower,0,17,61,0,78,0,0,123,1,124,0,17,184,1,202,190,0,190,392
10/31/2021,FMY,FL,ASO,ES,Federal Contract Tower,0,11,73,0,84,0,0,190,0,190,0,11,263,0,274,202,0,202,476
11/01/2021,FMY,FL,ASO,ES,Federal Contract Tower,0,9,80,0,89,0,1,137,0,138,0,10,217,0,227,208,0,208,435
11/02/2021,FMY,FL,ASO,ES,Federal Contract Tower,0,21,69,0,90,0,2,141,0,143,0,23,210,0,233,272,0,272,505
11/03/2021,FMY,FL,ASO,ES,Federal Contract Tower,0,18,82,0,100,0,3,140,0,143,0,21,222,0,243,182,0,182,425
11/04/2021,FMY,FL,ASO,ES,Federal Contract Tower,0,21,80,0,101,0,3,129,0,132,0,24,209,0,233,150,0,150,383
11/05/2021,FMY,FL,ASO,ES,Federal Contract Tower,0,19,77,0,96,0,2,5,0,7,0,21,82,0,103,26,0,26,129
11/06/2021,FMY,FL,ASO,ES,Federal Contract Tower,0,6,81,1,88,0,0,89,0,89,0,6,170,1,177,54,0,54,231
11/07/2021,FMY,FL,ASO,ES,Federal Contract Tower,0,12,84,0,96,0,5,161,0,166,0,17,245,0,262,140,0,140,402
11/08/2021,FMY,FL,ASO,ES,Federal Contract Tower,0,13,99,0,112,0,6,124,0,130,0,19,223,0,242,152,8,160,402
11/09/2021,FMY,FL,ASO,ES,Federal Contract Tower,0,3,88,0,91,0,0,129,0,129,0,3,217,0,220,306,0,306,526
11/10/2021,FMY,FL,ASO,ES,Federal Contract Tower,0,8,85,0,93,0,2,185,0,187,0,10,270,0,280,342,0,342,622
11/11/2021,FMY,FL,ASO,ES,Federal Contract Tower,0,15,88,0,103,0,4,197,0,201,0,19,285,0,304,236,0,236,540
11/12/2021,FMY,FL,ASO,ES,Federal Contract Tower,0,21,109,0,130,0,0,108,0,108,0,21,217,0,238,128,0,128,366
11/13/2021,FMY,FL,ASO,ES,Federal Contract Tower,0,8,64,0,72,0,5,135,0,140,0,13,199,0,212,214,0,214,426
11/14/2021,FMY,FL,ASO,ES,Federal Contract Tower,0,16,77,0,93,0,8,172,0,180,0,24,249,0,273,180,0,180,453
11/15/2021,FMY,FL,ASO,ES,Federal Contract Tower,0,19,93,0,112,0,10,193,0,203,0,29,286,0,315,248,0,248,563
11/16/2021,FMY,FL,ASO,ES,Federal Contract Tower,0,12,87,0,99,0,1,179,0,180,0,13,266,0,279,420,0,420,699
11/17/2021,FMY,FL,ASO,ES,Federal Contract Tower,0,11,70,0,81,0,3,145,0,148,0,14,215,0,229,212,0,212,441
11/18/2021,FMY,FL,ASO,ES,Federal Contract Tower,0,13,112,1,126,0,0,71,0,71,0,13,183,1,197,110,0,110,307
11/19/2021,FMY,FL,ASO,ES,Federal Contract Tower,0,18,127,0,145,0,4,167,0,171,0,22,294,0,316,252,0,252,568
11/20/2021,FMY,FL,ASO,ES,Federal Contract Tower,0,14,87,0,101,0,2,126,0,128,0,16,213,0,229,230,0,230,459
11/21/2021,FMY,FL,ASO,ES,Federal Contract Tower,0,18,65,0,83,0,0,62,0,62,0,18,127,0,145,74,0,74,219
11/22/2021,FMY,FL,ASO,ES,Federal Contract Tower,0,15,104,1,120,0,0,70,0,70,0,15,174,1,190,60,12,72,262
11/24/2021,FMY,FL,ASO,ES,Federal Contract Tower,0,23,86,0,109,0,3,150,0,153,0,26,236,0,262,246,0,246,508
11/25/2021,FMY,FL,ASO,ES,Federal Contract Tower,0,6,20,0,26,0,0,47,0,47,0,6,67,0,73,46,0,46,119
11/26/2021,FMY,FL,ASO,ES,Federal Contract Tower,0,14,59,0,73,0,3,89,0,92,0,17,148,0,165,30,0,30,195
11/27/2021,FMY,FL,ASO,ES,Federal Contract Tower,0,22,117,0,139,0,2,196,0,198,0,24,313,0,337,184,0,184,521
11/28/2021,FMY,FL,ASO,ES,Federal Contract Tower,0,16,134,0,150,0,2,189,0,191,0,18,323,0,341,166,0,166,507
11/29/2021,FMY,FL,ASO,ES,Federal Contract Tower,0,14,73,0,87,0,1,146,0,147,0,15,219,0,234,256,0,256,490
11/30/2021,FMY,FL,ASO,ES,Federal Contract Tower,0,11,77,0,88,0,8,175,0,183,0,19,252,0,271,318,0,318,589
12/01/2021,FMY,FL,ASO,ES,Federal Contract Tower,0,9,61,0,70,0,0,173,0,173,0,9,234,0,243,326,0,326,569
12/02/2021,FMY,FL,ASO,ES,Federal Contract Tower,0,21,84,0,105,0,3,190,0,193,0,24,274,0,298,240,0,240,538
12/03/2021,FMY,FL,ASO,ES,Federal Contract Tower,0,13,100,0,113,0,1,190,0,191,0,14,290,0,304,331,0,331,635
12/04/2021,FMY,FL,ASO,ES,Federal Contract Tower,0,20,79,0,99,0,6,179,0,185,0,26,258,0,284,258,0,258,542
12/05/2021,FMY,FL,ASO,ES,Federal Contract Tower,0,6,63,0,69,0,3,205,1,209,0,9,268,1,278,212,0,212,490
12/06/2021,FMY,FL,ASO,ES,Federal Contract Tower,0,20,71,0,91,0,3,110,0,113,0,23,181,0,204,194,0,194,398
12/07/2021,FMY,FL,ASO,ES,Federal Contract Tower,0,14,57,0,71,0,0,141,0,141,0,14,198,0,212,200,0,200,412
12/08/2021,FMY,FL,ASO,ES,Federal Contract Tower,0,15,67,0,82,0,4,177,0,181,0,19,244,0,263,256,0,256,519
12/09/2021,FMY,FL,ASO,ES,Federal Contract Tower,0,18,63,1,82,0,1,112,0,113,0,19,175,1,195,178,0,178,373
12/11/2021,FMY,FL,ASO,ES,Federal Contract Tower,0,11,50,0,61,0,0,191,0,191,0,11,241,0,252,164,0,164,416
12/12/2021,FMY,FL,ASO,ES,Federal Contract Tower,0,11,59,0,70,0,5,160,0,165,0,16,219,0,235,238,0,238,473
12/13/2021,FMY,FL,ASO,ES,Federal Contract Tower,0,12,86,0,98,0,2,79,0,81,0,14,165,0,179,178,0,178,357
12/14/2021,FMY,FL,ASO,ES,Federal Contract Tower,0,19,110,0,129,0,0,65,0,65,0,19,175,0,194,62,0,62,256
12/15/2021,FMY,FL,ASO,ES,Federal Contract Tower,0,26,92,0,118,0,2,151,0,153,0,28,243,0,271,196,0,196,467
12/16/2021,FMY,FL,ASO,ES,Federal Contract Tower,0,9,77,0,86,0,5,191,0,196,0,14,268,0,282,270,0,270,552
12/17/2021,FMY,FL,ASO,ES,Federal Contract Tower,0,6,113,0,119,0,0,154,0,154,0,6,267,0,273,232,0,232,505
12/18/2021,FMY,FL,ASO,ES,Federal Contract Tower,0,9,71,0,80,0,1,166,0,167,0,10,237,0,247,212,0,212,459
12/19/2021,FMY,FL,ASO,ES,Federal Contract Tower,0,22,89,0,111,0,0,132,0,132,0,22,221,0,243,116,0,116,359
12/20/2021,FMY,FL,ASO,ES,Federal Contract Tower,0,15,105,0,120,0,0,106,0,106,0,15,211,0,226,150,0,150,376
12/21/2021,FMY,FL,ASO,ES,Federal Contract Tower,0,9,30,0,39,0,0,10,0,10,0,9,40,0,49,20,0,20,69
12/22/2021,FMY,FL,ASO,ES,Federal Contract Tower,0,14,68,0,82,0,2,165,0,167,0,16,233,0,249,278,0,278,527
12/23/2021,FMY,FL,ASO,ES,Federal Contract Tower,0,14,62,0,76,0,1,133,0,134,0,15,195,0,210,251,0,251,461
12/24/2021,FMY,FL,ASO,ES,Federal Contract Tower,0,5,25,0,30,0,3,83,0,86,0,8,108,0,116,78,0,78,194
12/25/2021,FMY,FL,ASO,ES,Federal Contract Tower,0,6,18,0,24,0,2,20,0,22,0,8,38,0,46,16,0,16,62
12/26/2021,FMY,FL,ASO,ES,Federal Contract Tower,0,21,146,0,167,0,1,193,0,194,0,22,339,0,361,100,0,100,461
12/27/2021,FMY,FL,ASO,ES,Federal Contract Tower,0,29,98,0,127,0,1,171,0,172,0,30,269,0,299,180,0,180,479
12/28/2021,FMY,FL,ASO,ES,Federal Contract Tower,0,21,90,0,111,0,4,212,0,216,0,25,302,0,327,148,0,148,475
12/29/2021,FMY,FL,ASO,ES,Federal Contract Tower,0,30,106,0,136,0,2,221,0,223,0,32,327,0,359,156,0,156,515
12/30/2021,FMY,FL,ASO,ES,Federal Contract Tower,0,27,98,0,125,0,3,124,0,127,0,30,222,0,252,134,0,134,386
12/31/2021,FMY,FL,ASO,ES,Federal Contract Tower,0,12,65,0,77,0,3,79,0,82,0,15,144,0,159,90,0,90,249
01/01/2022,FMY,FL,ASO,ES,Federal Contract Tower,0,15,50,0,65,0,2,49,0,51,0,17,99,0,116,0,0,0,116
01/02/2022,FMY,FL,ASO,ES,Federal Contract Tower,0,37,91,2,130,0,7,118,0,125,0,44,209,2,255,30,0,30,285
01/03/2022,FMY,FL,ASO,ES,Federal Contract Tower,0,26,96,0,122,0,2,96,0,98,0,28,192,0,220,98,0,98,318
01/04/2022,FMY,FL,ASO,ES,Federal Contract Tower,0,24,57,0,81,0,2,185,0,187,0,26,242,0,268,216,0,216,484
01/05/2022,FMY,FL,ASO,ES,Federal Contract Tower,0,13,80,0,93,0,1,176,0,177,0,14,256,0,270,226,0,226,496
01/06/2022,FMY,FL,ASO,ES,Federal Contract Tower,0,18,82,0,100,0,6,181,0,187,0,24,263,0,287,216,0,216,503
01/07/2022,FMY,FL,ASO,ES,Federal Contract Tower,0,23,136,0,159,0,3,192,0,195,0,26,328,0,354,284,0,284,638
01/08/2022,FMY,FL,ASO,ES,Federal Contract Tower,0,12,87,0,99,0,6,227,0,233,0,18,314,0,332,168,0,168,500
01/09/2022,FMY,FL,ASO,ES,Federal Contract Tower,0,18,65,0,83,0,2,169,0,171,0,20,234,0,254,194,0,194,448
01/10/2022,FMY,FL,ASO,ES,Federal Contract Tower,0,8,77,0,85,0,0,124,0,124,0,8,201,0,209,218,8,226,435
01/11/2022,FMY,FL,ASO,ES,Federal Contract Tower,0,10,63,2,75,0,1,129,0,130,0,11,192,2,205,164,0,164,369
01/12/2022,FMY,FL,ASO,ES,Federal Contract Tower,0,12,71,0,83,0,3,178,0,181,0,15,249,0,264,296,0,296,560
01/13/2022,FMY,FL,ASO,ES,Federal Contract Tower,0,8,95,2,105,0,6,232,0,238,0,14,327,2,343,222,0,222,565
01/14/2022,FMY,FL,ASO,ES,Federal Contract Tower,0,23,95,0,118,0,0,225,0,225,0,23,320,0,343,330,0,330,673
01/15/2022,FMY,FL,ASO,ES,Federal Contract Tower,0,20,68,0,88,0,0,240,0,240,0,20,308,0,328,188,0,188,516
01/16/2022,FMY,FL,ASO,ES,Federal Contract Tower,0,12,22,0,34,0,2,11,0,13,0,14,33,0,47,0,0,0,47
01/17/2022,FMY,FL,ASO,ES,Federal Contract Tower,0,12,84,0,96,0,0,117,0,117,0,12,201,0,213,154,0,154,367
01/18/2022,FMY,FL,ASO,ES,Federal Contract Tower,0,9,59,0,68,0,0,179,0,179,0,9,238,0,247,320,0,320,567
01/19/2022,FMY,FL,ASO,ES,Federal Contract Tower,0,15,70,0,85,0,2,216,0,218,0,17,286,0,303,306,0,306,609
01/20/2022,FMY,FL,ASO,ES,Federal Contract Tower,0,9,81,0,90,0,2,205,0,207,0,11,286,0,297,302,0,302,599
01/21/2022,FMY,FL,ASO,ES,Federal Contract Tower,0,12,116,0,128,0,7,178,0,185,0,19,294,0,313,174,0,174,487
01/22/2022,FMY,FL,ASO,ES,Federal Contract Tower,0,10,103,0,113,0,0,0,0,0,0,10,103,0,113,0,0,0,113
01/23/2022,FMY,FL,ASO,ES,Federal Contract Tower,0,17,86,0,103,0,0,51,0,51,0,17,137,0,154,68,0,68,222
01/24/2022,FMY,FL,ASO,ES,Federal Contract Tower,0,11,103,0,114,0,6,222,0,228,0,17,325,0,342,278,0,278,620
01/25/2022,FMY,FL,ASO,ES,Federal Contract Tower,0,8,58,0,66,0,1,147,0,148,0,9,205,0,214,224,0,224,438
01/26/2022,FMY,FL,ASO,ES,Federal Contract Tower,0,10,75,0,85,0,0,71,0,71,0,10,146,0,156,194,0,194,350
01/27/2022,FMY,FL,ASO,ES,Federal Contract Tower,0,11,107,0,118,0,2,181,0,183,0,13,288,0,301,288,0,288,589
01/28/2022,FMY,FL,ASO,ES,Federal Contract Tower,0,20,165,0,185,0,4,70,0,74,0,24,235,0,259,72,0,72,331
01/29/2022,FMY,FL,ASO,ES,Federal Contract Tower,0,7,56,0,63,0,5,96,0,101,0,12,152,0,164,62,0,62,226
01/30/2022,FMY,FL,ASO,ES,Federal Contract Tower,0,11,79,0,90,0,2,184,0,186,0,13,263,0,276,112,0,112,388
01/31/2022,FMY,FL,ASO,ES,Federal Contract Tower,0,12,104,0,116,0,0,216,0,216,0,12,320,0,332,230,0,230,562
02/01/2022,FMY,FL,ASO,ES,Federal Contract Tower,0,18,70,0,88,0,1,191,0,192,0,19,261,0,280,214,0,214,494
02/02/2022,FMY,FL,ASO,ES,Federal Contract Tower,0,9,87,0,96,0,0,166,0,166,0,9,253,0,262,133,0,133,395
02/03/2022,FMY,FL,ASO,ES,Federal Contract Tower,0,17,66,1,84,0,5,149,0,154,0,22,215,1,238,182,0,182,420
02/04/2022,FMY,FL,ASO,ES,Federal Contract Tower,0,10,102,0,112,0,2,181,0,183,0,12,283,0,295,170,0,170,465
02/05/2022,FMY,FL,ASO,ES,Federal Contract Tower,0,17,92,0,109,0,0,92,0,92,0,17,184,0,201,128,0,128,329
02/06/2022,FMY,FL,ASO,ES,Federal Contract Tower,0,13,78,5,96,0,3,170,0,173,0,16,248,5,269,188,0,188,457
02/07/2022,FMY,FL,ASO,ES,Federal Contract Tower,0,10,93,0,103,0,0,120,0,120,0,10,213,0,223,190,0,190,413
02/08/2022,FMY,FL,ASO,ES,Federal Contract Tower,0,14,117,0,131,0,0,41,0,41,0,14,158,0,172,12,0,12,184
02/09/2022,FMY,FL,ASO,ES,Federal Contract Tower,0,7,69,0,76,0,1,142,0,143,0,8,211,0,219,168,0,168,387
02/10/2022,FMY,FL,ASO,ES,Federal Contract Tower,0,13,99,2,114,0,0,233,0,233,0,13,332,2,347,236,0,236,583
02/11/2022,FMY,FL,ASO,ES,Federal Contract Tower,0,16,88,0,104,0,10,248,0,258,0,26,336,0,362,300,0,300,662
02/12/2022,FMY,FL,ASO,ES,Federal Contract Tower,0,22,120,0,142,0,9,285,0,294,0,31,405,0,436,188,0,188,624
02/13/2022,FMY,FL,ASO,ES,Federal Contract Tower,0,18,59,0,77,0,6,106,0,112,0,24,165,0,189,94,0,94,283
02/14/2022,FMY,FL,ASO,ES,Federal Contract Tower,0,18,117,0,135,0,0,120,0,120,0,18,237,0,255,176,0,176,431
02/15/2022,FMY,FL,ASO,ES,Federal Contract Tower,0,9,80,0,89,0,1,169,0,170,0,10,249,0,259,194,0,194,453
02/16/2022,FMY,FL,ASO,ES,Federal Contract Tower,0,16,88,0,104,0,0,198,0,198,0,16,286,0,302,218,0,218,520
02/17/2022,FMY,FL,ASO,ES,Federal Contract Tower,0,14,97,2,113,0,1,171,0,172,0,15,268,2,285,200,4,204,489
02/18/2022,FMY,FL,ASO,ES,Federal Contract Tower,0,30,135,0,165,0,0,154,0,154,0,30,289,0,319,146,0,146,465
02/19/2022,FMY,FL,ASO,ES,Federal Contract Tower,0,10,94,0,104,0,4,114,0,118,0,14,208,0,222,32,0,32,254
02/20/2022,FMY,FL,ASO,ES,Federal Contract Tower,0,20,82,0,102,0,3,192,0,195,0,23,274,0,297,232,0,232,529
02/21/2022,FMY,FL,ASO,ES,Federal Contract Tower,0,29,109,0,138,0,2,238,0,240,0,31,347,0,378,232,0,232,610
02/22/2022,FMY,FL,ASO,ES,Federal Contract Tower,0,18,62,0,80,0,1,171,0,172,0,19,233,0,252,242,0,242,494
02/23/2022,FMY,FL,ASO,ES,Federal Contract Tower,0,11,95,0,106,0,2,198,0,200,0,13,293,0,306,244,0,244,550
02/24/2022,FMY,FL,ASO,ES,Federal Contract Tower,0,19,100,0,119,0,5,209,0,214,0,24,309,0,333,160,0,160,493
02/25/2022,FMY,FL,ASO,ES,Federal Contract Tower,0,23,126,4,153,0,2,198,0,200,0,25,324,4,353,328,0,328,681
02/26/2022,FMY,FL,ASO,ES,Federal Contract Tower,0,19,89,0,108,0,1,237,0,238,0,20,326,0,346,182,0,182,528
02/27/2022,FMY,FL,ASO,ES,Federal Contract Tower,0,11,101,0,112,0,1,167,0,168,0,12,268,0,280,204,0,204,484
02/28/2022,FMY,FL,ASO,ES,Federal Contract Tower,0,15,99,0,114,0,4,181,0,185,0,19,280,0,299,216,0,216,515
03/01/2022,FMY,FL,ASO,ES,Federal Contract Tower,0,24,78,0,102,0,0,129,0,129,0,24,207,0,231,212,0,212,443
03/02/2022,FMY,FL,ASO,ES,Federal Contract Tower,0,12,89,0,101,0,1,162,0,163,0,13,251,0,264,248,0,248,512
03/03/2022,FMY,FL,ASO,ES,Federal Contract Tower,0,19,120,0,139,0,3,219,0,222,0,22,339,0,361,274,0,274,635
03/04/2022,FMY,FL,ASO,ES,Federal Contract Tower,0,13,92,0,105,0,1,209,0,210,0,14,301,0,315,172,0,172,487
03/05/2022,FMY,FL,ASO,ES,Federal Contract Tower,0,17,87,0,104,0,7,185,0,192,0,24,272,0,296,68,0,68,364
03/06/2022,FMY,FL,ASO,ES,Federal Contract Tower,0,12,87,0,99,0,3,203,0,206,0,15,290,0,305,124,0,124,429
03/07/2022,FMY,FL,ASO,ES,Federal Contract Tower,0,30,76,0,106,0,0,130,0,130,0,30,206,0,236,136,8,144,380
03/08/2022,FMY,FL,ASO,ES,Federal Contract Tower,0,11,84,0,95,0,0,128,0,128,0,11,212,0,223,250,0,250,473
03/09/2022,FMY,FL,ASO,ES,Federal Contract Tower,0,5,91,0,96,0,0,145,0,145,0,5,236,0,241,210,0,210,451
03/10/2022,FMY,FL,ASO,ES,Federal Contract Tower,0,13,105,0,118,0,7,174,0,181,0,20,279,0,299,204,0,204,503
03/11/2022,FMY,FL,ASO,ES,Federal Contract Tower,0,18,134,0,152,0,18,108,0,126,0,36,242,0,278,110,0,110,388
03/12/2022,FMY,FL,ASO,ES,Federal Contract Tower,0,28,53,0,81,0,0,37,0,37,0,28,90,0,118,6,0,6,124
03/13/2022,FMY,FL,ASO,ES,Federal Contract Tower,0,28,120,1,149,0,2,198,0,200,0,30,318,1,349,168,0,168,517
03/14/2022,FMY,FL,ASO,ES,Federal Contract Tower,0,18,104,0,122,0,7,195,0,202,0,25,299,0,324,268,0,268,592
03/15/2022,FMY,FL,ASO,ES,Federal Contract Tower,0,14,116,0,130,0,0,152,0,152,0,14,268,0,282,176,0,176,458
03/16/2022,FMY,FL,ASO,ES,Federal Contract Tower,0,9,111,0,120,0,0,68,0,68,0,9,179,0,188,76,0,76,264
03/17/2022,FMY,FL,ASO,ES,Federal Contract Tower,0,30,95,0,125,0,5,206,0,211,0,35,301,0,336,202,0,202,538
03/18/2022,FMY,FL,ASO,ES,Federal Contract Tower,0,33,121,0,154,0,3,255,0,258,0,36,376,0,412,240,0,240,652
03/19/2022,FMY,FL,ASO,ES,Federal Contract Tower,0,30,127,0,157,0,0,177,0,177,0,30,304,0,334,116,0,116,450
03/20/2022,FMY,FL,ASO,ES,Federal Contract Tower,0,22,118,0,140,0,0,136,0,136,0,22,254,0,276,92,0,92,368
03/21/2022,FMY,FL,ASO,ES,Federal Contract Tower,0,17,88,0,105,0,8,204,0,212,0,25,292,0,317,217,0,217,534
03/22/2022,FMY,FL,ASO,ES,Federal Contract Tower,0,23,64,0,87,0,0,218,0,218,0,23,282,0,305,218,0,218,523
03/23/2022,FMY,FL,ASO,ES,Federal Contract Tower,0,18,76,0,94,0,5,135,0,140,0,23,211,0,234,202,0,202,436
03/24/2022,FMY,FL,ASO,ES,Federal Contract Tower,0,6,62,0,68,0,4,108,0,112,0,10,170,0,180,165,0,165,345
03/25/2022,FMY,FL,ASO,ES,Federal Contract Tower,0,33,159,0,192,0,7,239,0,246,0,40,398,0,438,231,0,231,669
03/26/2022,FMY,FL,ASO,ES,Federal Contract Tower,0,17,130,0,147,0,2,192,0,194,0,19,322,0,341,146,8,154,495
03/27/2022,FMY,FL,ASO,ES,Federal Contract Tower,0,17,95,0,112,0,2,174,0,176,0,19,269,0,288,76,0,76,364
03/28/2022,FMY,FL,ASO,ES,Federal Contract Tower,0,15,80,0,95,0,0,149,0,149,0,15,229,0,244,234,0,234,478
03/29/2022,FMY,FL,ASO,ES,Federal Contract Tower,0,16,59,0,75,0,4,130,0,134,0,20,189,0,209,188,0,188,397
03/30/2022,FMY,FL,ASO,ES,Federal Contract Tower,0,20,88,0,108,0,0,135,0,135,0,20,223,0,243,179,0,179,422
03/31/2022,FMY,FL,ASO,ES,Federal Contract Tower,0,18,82,0,100,0,1,129,0,130,0,19,211,0,230,190,0,190,420
04/01/2022,FMY,FL,ASO,ES,Federal Contract Tower,0,20,135,0,155,0,0,79,0,79,0,20,214,0,234,98,0,98,332
04/02/2022,FMY,FL,ASO,ES,Federal Contract Tower,0,11,132,0,143,0,0,139,0,139,0,11,271,0,282,138,0,138,420
04/03/2022,FMY,FL,ASO,ES,Federal Contract Tower,0,27,114,0,141,0,0,171,0,171,0,27,285,0,312,194,0,194,506
04/04/2022,FMY,FL,ASO,ES,Federal Contract Tower,0,8,85,0,93,0,4,142,0,146,0,12,227,0,239,230,0,230,469
04/05/2022,FMY,FL,ASO,ES,Federal Contract Tower,0,8,77,1,86,0,2,147,0,149,0,10,224,1,235,108,0,108,343
04/06/2022,FMY,FL,ASO,ES,Federal Contract Tower,0,17,93,0,110,0,0,211,0,211,0,17,304,0,321,250,0,250,571
04/07/2022,FMY,FL,ASO,ES,Federal Contract Tower,0,10,98,0,108,0,4,123,0,127,0,14,221,0,235,258,0,258,493
04/08/2022,FMY,FL,ASO,ES,Federal Contract Tower,0,19,108,0,127,0,11,223,0,234,0,30,331,0,361,208,0,208,569
04/09/2022,FMY,FL,ASO,ES,Federal Contract Tower,0,20,113,0,133,0,11,195,0,206,0,31,308,0,339,162,0,162,501
04/10/2022,FMY,FL,ASO,ES,Federal Contract Tower,0,23,101,0,124,0,2,241,0,243,0,25,342,0,367,282,0,282,649
04/11/2022,FMY,FL,ASO,ES,Federal Contract Tower,0,16,86,0,102,0,8,180,0,188,0,24,266,0,290,282,0,282,572
04/12/2022,FMY,FL,ASO,ES,Federal Contract Tower,0,14,78,0,92,0,0,155,0,155,0,14,233,0,247,278,0,278,525
04/13/2022,FMY,FL,ASO,ES,Federal Contract Tower,0,16,94,0,110,0,4,153,0,157,0,20,247,0,267,314,0,314,581
04/14/2022,FMY,FL,ASO,ES,Federal Contract Tower,0,19,74,0,93,0,18,218,0,236,0,37,292,0,329,354,0,354,683
04/15/2022,FMY,FL,ASO,ES,Federal Contract Tower,0,28,110,0,138,0,8,181,0,189,0,36,291,0,327,286,0,286,613
04/16/2022,FMY,FL,ASO,ES,Federal Contract Tower,0,21,134,0,155,0,5,198,0,203,0,26,332,0,358,224,0,224,582
04/17/2022,FMY,FL,ASO,ES,Federal Contract Tower,0,4,57,0,61,0,0,81,0,81,0,4,138,0,142,72,0,72,214
04/18/2022,FMY,FL,ASO,ES,Federal Contract Tower,0,25,112,0,137,0,4,175,0,179,0,29,287,0,316,238,0,238,554
04/19/2022,FMY,FL,ASO,ES,Federal Contract Tower,0,21,86,0,107,0,0,164,0,164,0,21,250,0,271,250,0,250,521
04/20/2022,FMY,FL,ASO,ES,Federal Contract Tower,0,11,66,0,77,0,3,195,0,198,0,14,261,0,275,332,0,332,607
04/21/2022,FMY,FL,ASO,ES,Federal Contract Tower,0,24,80,0,104,0,8,237,0,245,0,32,317,0,349,238,0,238,587
04/22/2022,FMY,FL,ASO,ES,Federal Contract Tower,0,18,106,0,124,0,4,177,0,181,0,22,283,0,305,176,0,176,481
04/23/2022,FMY,FL,ASO,ES,Federal Contract Tower,0,15,90,0,105,0,1,210,0,211,0,16,300,0,316,232,0,232,548
04/24/2022,FMY,FL,ASO,ES,Federal Contract Tower,0,14,69,0,83,0,3,208,0,211,0,17,277,0,294,272,0,272,566
04/25/2022,FMY,FL,ASO,ES,Federal Contract Tower,0,18,64,0,82,0,4,185,0,189,0,22,249,0,271,274,0,274,545
04/26/2022,FMY,FL,ASO,ES,Federal Contract Tower,0,22,71,0,93,0,2,183,0,185,0,24,254,0,278,296,0,296,574
04/27/2022,FMY,FL,ASO,ES,Federal Contract Tower,0,24,99,0,123,0,1,225,0,226,0,25,324,0,349,314,0,314,663
04/28/2022,FMY,FL,ASO,ES,Federal Contract Tower,0,13,81,0,94,0,6,200,0,206,0,19,281,0,300,308,0,308,608
04/29/2022,FMY,FL,ASO,ES,Federal Contract Tower,2,9,73,0,84,0,6,107,0,113,2,15,180,0,197,160,0,160,357
04/30/2022,FMY,FL,ASO,ES,Federal Contract Tower,0,21,98,0,119,0,0,114,0,114,0,21,212,0,233,198,0,198,431
05/01/2022,FMY,FL,ASO,ES,Federal Contract Tower,0,24,71,0,95,0,4,203,0,207,0,28,274,0,302,194,0,194,496
05/02/2022,FMY,FL,ASO,ES,Federal Contract Tower,0,15,106,0,121,0,5,164,0,169,0,20,270,0,290,244,0,244,534
05/03/2022,FMY,FL,ASO,ES,Federal Contract Tower,0,14,60,0,74,0,0,140,0,140,0,14,200,0,214,266,0,266,480
05/04/2022,FMY,FL,ASO,ES,Federal Contract Tower,0,15,84,0,99,0,2,167,0,169,0,17,251,0,268,300,0,300,568
05/05/2022,FMY,FL,ASO,ES,Federal Contract Tower,0,12,68,0,80,0,249,0,0,249,0,261,68,0,329,358,0,358,687
05/06/2022,FMY,FL,ASO,ES,Federal Contract Tower,0,16,78,0,94,0,0,197,0,197,0,16,275,0,291,248,0,248,539
05/07/2022,FMY,FL,ASO,ES,Federal Contract Tower,0,14,46,0,60,0,2,115,1,118,0,16,161,1,178,186,0,186,364
05/08/2022,FMY,FL,ASO,ES,Federal Contract Tower,0,8,96,0,104,0,7,166,0,173,0,15,262,0,277,204,0,204,481
05/09/2022,FMY,FL,ASO,ES,Federal Contract Tower,0,14,77,0,91,0,0,188,0,188,0,14,265,0,279,348,0,348,627
05/10/2022,FMY,FL,ASO,ES,Federal Contract Tower,0,8,64,0,72,0,0,169,0,169,0,8,233,0,241,173,0,173,414
05/11/2022,FMY,FL,ASO,ES,Federal Contract Tower,0,16,75,0,91,0,0,172,0,172,0,16,247,0,263,308,0,308,571
05/12/2022,FMY,FL,ASO,ES,Federal Contract Tower,0,21,97,0,118,0,2,189,0,191,0,23,286,0,309,316,0,316,625
05/13/2022,FMY,FL,ASO,ES,Federal Contract Tower,0,6,61,0,67,0,3,164,0,167,0,9,225,0,234,183,0,183,417
05/14/2022,FMY,FL,ASO,ES,Federal Contract Tower,0,14,83,0,97,0,7,235,0,242,0,21,318,0,339,286,0,286,625
05/15/2022,FMY,FL,ASO,ES,Federal Contract Tower,0,8,69,0,77,0,2,197,0,199,0,10,266,0,276,206,0,206,482
05/16/2022,FMY,FL,ASO,ES,Federal Contract Tower,0,10,67,0,77,0,2,201,0,203,0,12,268,0,280,358,0,358,638
05/17/2022,FMY,FL,ASO,ES,Federal Contract Tower,0,9,61,0,70,0,2,184,0,186,0,11,245,0,256,318,0,318,574
05/18/2022,FMY,FL,ASO,ES,Federal Contract Tower,0,13,66,2,81,0,1,207,0,208,0,14,273,2,289,364,0,364,653
05/19/2022,FMY,FL,ASO,ES,Federal Contract Tower,0,12,80,1,93,0,0,220,0,220,0,12,300,1,313,304,0,304,617
05/20/2022,FMY,FL,ASO,ES,Federal Contract Tower,0,11,64,0,75,0,0,114,0,114,0,11,178,0,189,96,0,96,285
05/21/2022,FMY,FL,ASO,ES,Federal Contract Tower,0,6,58,0,64,0,0,101,1,102,0,6,159,1,166,198,0,198,364
05/22/2022,FMY,FL,ASO,ES,Federal Contract Tower,0,22,84,0,106,0,0,139,0,139,0,22,223,0,245,190,0,190,435
05/23/2022,FMY,FL,ASO,ES,Federal Contract Tower,0,21,49,0,70,0,0,120,0,120,0,21,169,0,190,300,0,300,490
05/24/2022,FMY,FL,ASO,ES,Federal Contract Tower,0,13,63,0,76,0,0,139,0,139,0,13,202,0,215,210,0,210,425
05/25/2022,FMY,FL,ASO,ES,Federal Contract Tower,0,12,69,0,81,0,3,158,0,161,0,15,227,0,242,252,0,252,494
05/26/2022,FMY,FL,ASO,ES,Federal Contract Tower,0,14,77,0,91,0,0,165,0,165,0,14,242,0,256,351,0,351,607
05/27/2022,FMY,FL,ASO,ES,Federal Contract Tower,0,5,94,0,99,0,0,187,0,187,0,5,281,0,286,242,0,242,528
05/28/2022,FMY,FL,ASO,ES,Federal Contract Tower,0,0,42,0,42,0,1,125,0,126,0,1,167,0,168,250,0,250,418
05/29/2022,FMY,FL,ASO,ES,Federal Contract Tower,0,2,57,0,59,0,0,156,0,156,0,2,213,0,215,198,0,198,413
05/30/2022,FMY,FL,ASO,ES,Federal Contract Tower,0,4,48,0,52,0,0,70,0,70,0,4,118,0,122,128,0,128,250
05/31/2022,FMY,FL,ASO,ES,Federal Contract Tower,0,12,70,0,82,0,0,139,0,139,0,12,209,0,221,205,0,205,426
06/01/2022,FMY,FL,ASO,ES,Federal Contract Tower,0,10,80,0,90,0,5,147,0,152,0,15,227,0,242,296,0,296,538
06/02/2022,FMY,FL,ASO,ES,Federal Contract Tower,0,19,71,2,92,0,2,142,0,144,0,21,213,2,236,208,0,208,444
06/03/2022,FMY,FL,ASO,ES,Federal Contract Tower,0,12,26,0,38,0,0,2,0,2,0,12,28,0,40,0,0,0,40
06/04/2022,FMY,FL,ASO,ES,Federal Contract Tower,0,2,18,0,20,0,0,40,0,40,0,2,58,0,60,64,0,64,124
06/05/2022,FMY,FL,ASO,ES,Federal Contract Tower,0,6,86,0,92,0,2,166,0,168,0,8,252,0,260,260,0,260,520
06/06/2022,FMY,FL,ASO,ES,Federal Contract Tower,0,8,76,4,88,0,2,175,0,177,0,10,251,4,265,260,0,260,525
06/07/2022,FMY,FL,ASO,ES,Federal Contract Tower,0,6,52,0,58,0,0,122,0,122,0,6,174,0,180,186,0,186,366
06/08/2022,FMY,FL,ASO,ES,Federal Contract Tower,0,9,76,0,85,0,2,182,0,184,0,11,258,0,269,336,0,336,605
06/09/2022,FMY,FL,ASO,ES,Federal Contract Tower,0,15,73,0,88,0,3,225,0,228,0,18,298,0,316,404,0,404,720
06/10/2022,FMY,FL,ASO,ES,Federal Contract Tower,0,11,77,0,88,0,0,189,0,189,0,11,266,0,277,372,0,372,649
06/11/2022,FMY,FL,ASO,ES,Federal Contract Tower,0,9,37,0,46,0,0,87,0,87,0,9,124,0,133,276,0,276,409
06/12/2022,FMY,FL,ASO,ES,Federal Contract Tower,0,9,82,0,91,0,1,204,0,205,0,10,286,0,296,282,0,282,578
06/13/2022,FMY,FL,ASO,ES,Federal Contract Tower,0,7,93,0,100,0,2,193,0,195,0,9,286,0,295,276,0,276,571
06/14/2022,FMY,FL,ASO,ES,Federal Contract Tower,0,12,91,0,103,0,0,148,0,148,0,12,239,0,251,344,0,344,595
06/15/2022,FMY,FL,ASO,ES,Federal Contract Tower,0,15,84,0,99,0,4,190,0,194,0,19,274,0,293,376,0,376,669
06/16/2022,FMY,FL,ASO,ES,Federal Contract Tower,0,5,57,0,62,0,7,233,0,240,0,12,290,0,302,306,0,306,608
06/17/2022,FMY,FL,ASO,ES,Federal Contract Tower,0,6,55,0,61,0,2,239,0,241,0,8,294,0,302,182,0,182,484
06/18/2022,FMY,FL,ASO,ES,Federal Contract Tower,0,13,51,0,64,0,0,179,0,179,0,13,230,0,243,152,0,152,395
06/19/2022,FMY,FL,ASO,ES,Federal Contract Tower,0,7,58,0,65,0,9,109,0,118,0,16,167,0,183,198,0,198,381
06/20/2022,FMY,FL,ASO,ES,Federal Contract Tower,0,5,62,0,67,0,2,122,0,124,0,7,184,0,191,166,0,166,357
06/21/2022,FMY,FL,ASO,ES,Federal Contract Tower,0,13,101,0,114,0,4,205,0,209,0,17,306,0,323,340,0,340,663
06/22/2022,FMY,FL,ASO,ES,Federal Contract Tower,0,4,99,2,105,0,0,166,1,167,0,4,265,3,272,304,0,304,576
06/23/2022,FMY,FL,ASO,ES,Federal Contract Tower,0,21,89,0,110,0,0,178,0,178,0,21,267,0,288,264,0,264,552
06/24/2022,FMY,FL,ASO,ES,Federal Contract Tower,0,7,77,2,86,0,0,165,0,165,0,7,242,2,251,262,0,262,513
06/25/2022,FMY,FL,ASO,ES,Federal Contract Tower,0,9,54,0,63,0,1,122,0,123,0,10,176,0,186,238,0,238,424
06/26/2022,FMY,FL,ASO,ES,Federal Contract Tower,0,11,84,0,95,0,4,86,0,90,0,15,170,0,185,70,0,70,255
06/27/2022,FMY,FL,ASO,ES,Federal Contract Tower,0,10,46,0,56,0,1,154,0,155,0,11,200,0,211,238,0,238,449
06/28/2022,FMY,FL,ASO,ES,Federal Contract Tower,0,7,74,0,81,0,0,145,0,145,0,7,219,0,226,212,0,212,438
06/29/2022,FMY,FL,ASO,ES,Federal Contract Tower,0,5,49,1,55,0,0,137,0,137,0,5,186,1,192,228,0,228,420
06/30/2022,FMY,FL,ASO,ES,Federal Contract Tower,0,7,74,0,81,0,0,136,0,136,0,7,210,0,217,200,0,200,417
07/01/2022,FMY,FL,ASO,ES,Federal Contract Tower,0,16,65,0,81,0,10,177,0,187,0,26,242,0,268,122,0,122,390
07/02/2022,FMY,FL,ASO,ES,Federal Contract Tower,0,13,40,0,53,0,1,191,0,192,0,14,231,0,245,142,0,142,387
07/03/2022,FMY,FL,ASO,ES,Federal Contract Tower,0,11,49,0,60,0,2,218,0,220,0,13,267,0,280,214,0,214,494
07/04/2022,FMY,FL,ASO,ES,Federal Contract Tower,0,5,24,0,29,0,5,59,0,64,0,10,83,0,93,22,0,22,115
07/05/2022,FMY,FL,ASO,ES,Federal Contract Tower,0,12,89,0,101,0,0,220,0,220,0,12,309,0,321,320,0,320,641
07/06/2022,FMY,FL,ASO,ES,Federal Contract Tower,0,6,64,0,70,0,1,140,0,141,0,7,204,0,211,242,0,242,453
07/07/2022,FMY,FL,ASO,ES,Federal Contract Tower,0,5,69,0,74,0,0,211,2,213,0,5,280,2,287,354,0,354,641
07/08/2022,FMY,FL,ASO,ES,Federal Contract Tower,0,8,73,0,81,0,6,210,0,216,0,14,283,0,297,274,0,274,571
07/09/2022,FMY,FL,ASO,ES,Federal Contract Tower,0,8,67,0,75,0,0,238,0,238,0,8,305,0,313,318,0,318,631
07/10/2022,FMY,FL,ASO,ES,Federal Contract Tower,0,9,56,0,65,0,2,119,0,121,0,11,175,0,186,228,0,228,414
07/11/2022,FMY,FL,ASO,ES,Federal Contract Tower,0,10,60,0,70,0,1,131,0,132,0,11,191,0,202,302,8,310,512
07/12/2022,FMY,FL,ASO,ES,Federal Contract Tower,0,3,62,0,65,0,5,201,0,206,0,8,263,0,271,322,0,322,593
07/13/2022,FMY,FL,ASO,ES,Federal Contract Tower,0,8,60,0,68,0,0,182,0,182,0,8,242,0,250,180,0,180,430
07/14/2022,FMY,FL,ASO,ES,Federal Contract Tower,0,9,44,0,53,0,3,128,0,131,0,12,172,0,184,218,0,218,402
07/15/2022,FMY,FL,ASO,ES,Federal Contract Tower,0,6,69,0,75,0,6,204,0,210,0,12,273,0,285,238,0,238,523
07/16/2022,FMY,FL,ASO,ES,Federal Contract Tower,0,1,77,0,78,0,0,188,0,188,0,1,265,0,266,240,0,240,506
07/17/2022,FMY,FL,ASO,ES,Federal Contract Tower,0,6,57,0,63,0,1,151,0,152,0,7,208,0,215,192,0,192,407
07/18/2022,FMY,FL,ASO,ES,Federal Contract Tower,0,11,74,2,87,0,3,168,0,171,0,14,242,2,258,366,6,372,630
07/19/2022,FMY,FL,ASO,ES,Federal Contract Tower,0,12,82,0,94,0,0,183,0,183,0,12,265,0,277,318,0,318,595
07/20/2022,FMY,FL,ASO,ES,Federal Contract Tower,0,14,74,0,88,0,0,174,0,174,0,14,248,0,262,354,0,354,616
07/21/2022,FMY,FL,ASO,ES,Federal Contract Tower,0,8,64,0,72,0,5,158,0,163,0,13,222,0,235,274,0,274,509
07/22/2022,FMY,FL,ASO,ES,Federal Contract Tower,0,11,121,0,132,0,9,230,0,239,0,20,351,0,371,328,0,328,699
07/23/2022,FMY,FL,ASO,ES,Federal Contract Tower,0,8,89,0,97,0,0,181,0,181,0,8,270,0,278,348,0,348,626
07/24/2022,FMY,FL,ASO,ES,Federal Contract Tower,0,1,77,0,78,0,3,138,0,141,0,4,215,0,219,222,0,222,441
07/25/2022,FMY,FL,ASO,ES,Federal Contract Tower,0,8,78,0,86,0,7,155,0,162,0,15,233,0,248,246,0,246,494
07/26/2022,FMY,FL,ASO,ES,Federal Contract Tower,0,5,40,1,46,0,0,134,0,134,0,5,174,1,180,258,10,268,448
07/27/2022,FMY,FL,ASO,ES,Federal Contract Tower,0,3,73,0,76,0,1,213,0,214,0,4,286,0,290,273,0,273,563
07/28/2022,FMY,FL,ASO,ES,Federal Contract Tower,0,12,60,4,76,0,0,213,4,217,0,12,273,8,293,297,6,303,596
07/29/2022,FMY,FL,ASO,ES,Federal Contract Tower,0,6,76,0,82,0,4,230,0,234,0,10,306,0,316,278,0,278,594
07/30/2022,FMY,FL,ASO,ES,Federal Contract Tower,0,6,58,0,64,0,4,201,0,205,0,10,259,0,269,288,0,288,557
07/31/2022,FMY,FL,ASO,ES,Federal Contract Tower,0,3,61,11,75,0,0,229,0,229,0,3,290,11,304,218,0,218,522
08/01/2022,FMY,FL,ASO,ES,Federal Contract Tower,0,4,69,0,73,0,6,129,0,135,0,10,198,0,208,230,0,230,438
08/02/2022,FMY,FL,ASO,ES,Federal Contract Tower,0,8,46,0,54,0,1,157,0,158,0,9,203,0,212,222,0,222,434
08/03/2022,FMY,FL,ASO,ES,Federal Contract Tower,0,5,59,2,66,0,4,200,0,204,0,9,259,2,270,244,4,248,518
08/04/2022,FMY,FL,ASO,ES,Federal Contract Tower,0,7,99,0,106,0,7,200,0,207,0,14,299,0,313,276,0,276,589
08/05/2022,FMY,FL,ASO,ES,Federal Contract Tower,0,11,51,0,62,0,0,168,0,168,0,11,219,0,230,236,0,236,466
08/06/2022,FMY,FL,ASO,ES,Federal Contract Tower,0,5,99,0,104,0,2,215,0,217,0,7,314,0,321,290,0,290,611
08/07/2022,FMY,FL,ASO,ES,Federal Contract Tower,0,6,73,0,79,0,2,150,0,152,0,8,223,0,231,166,0,166,397
08/08/2022,FMY,FL,ASO,ES,Federal Contract Tower,0,4,56,0,60,0,0,115,0,115,0,4,171,0,175,216,0,216,391
08/09/2022,FMY,FL,ASO,ES,Federal Contract Tower,0,2,71,0,73,0,0,144,0,144,0,2,215,0,217,222,0,222,439
08/10/2022,FMY,FL,ASO,ES,Federal Contract Tower,0,8,62,0,70,0,3,184,0,187,0,11,246,0,257,360,0,360,617
08/11/2022,FMY,FL,ASO,ES,Federal Contract Tower,0,1,81,6,88,0,1,214,0,215,0,2,295,6,303,328,0,328,631
08/12/2022,FMY,FL,ASO,ES,Federal Contract Tower,0,14,79,0,93,0,3,203,0,206,0,17,282,0,299,384,0,384,683
08/13/2022,FMY,FL,ASO,ES,Federal Contract Tower,0,6,68,0,74,0,0,209,0,209,0,6,277,0,283,340,0,340,623
08/14/2022,FMY,FL,ASO,ES,Federal Contract Tower,0,3,67,0,70,0,4,124,2,130,0,7,191,2,200,216,0,216,416
08/15/2022,FMY,FL,ASO,ES,Federal Contract Tower,0,10,47,4,61,0,1,136,1,138,0,11,183,5,199,220,4,224,423
08/16/2022,FMY,FL,ASO,ES,Federal Contract Tower,0,7,53,0,60,0,5,182,0,187,0,12,235,0,247,430,0,430,677
08/17/2022,FMY,FL,ASO,ES,Federal Contract Tower,0,4,56,0,60,0,5,200,0,205,0,9,256,0,265,352,0,352,617
08/18/2022,FMY,FL,ASO,ES,Federal Contract Tower,0,7,63,0,70,0,0,172,0,172,0,7,235,0,242,370,0,370,612
08/19/2022,FMY,FL,ASO,ES,Federal Contract Tower,0,11,64,0,75,0,1,228,0,229,0,12,292,0,304,428,0,428,732
08/20/2022,FMY,FL,ASO,ES,Federal Contract Tower,0,9,83,0,92,0,0,189,0,189,0,9,272,0,281,284,0,284,565
08/21/2022,FMY,FL,ASO,ES,Federal Contract Tower,0,10,49,0,59,0,0,129,0,129,0,10,178,0,188,244,0,244,432
08/22/2022,FMY,FL,ASO,ES,Federal Contract Tower,0,5,32,1,38,0,0,144,2,146,0,5,176,3,184,164,4,168,352
08/23/2022,FMY,FL,ASO,ES,Federal Contract Tower,0,8,69,0,77,0,6,166,0,172,0,14,235,0,249,238,0,238,487
08/24/2022,FMY,FL,ASO,ES,Federal Contract Tower,0,3,40,0,43,0,0,144,0,144,0,3,184,0,187,270,0,270,457
08/25/2022,FMY,FL,ASO,ES,Federal Contract Tower,0,2,77,0,79,0,2,208,0,210,0,4,285,0,289,322,0,322,611
08/26/2022,FMY,FL,ASO,ES,Federal Contract Tower,0,8,76,0,84,0,0,154,0,154,0,8,230,0,238,286,0,286,524
08/27/2022,FMY,FL,ASO,ES,Federal Contract Tower,0,4,83,0,87,0,0,153,0,153,0,4,236,0,240,208,0,208,448
08/28/2022,FMY,FL,ASO,ES,Federal Contract Tower,0,10,53,0,63,0,0,126,0,126,0,10,179,0,189,172,0,172,361
08/29/2022,FMY,FL,ASO,ES,Federal Contract Tower,0,6,59,0,65,0,2,167,0,169,0,8,226,0,234,294,0,294,528
08/30/2022,FMY,FL,ASO,ES,Federal Contract Tower,0,4,37,0,41,0,0,126,0,126,0,4,163,0,167,230,0,230,397
08/31/2022,FMY,FL,ASO,ES,Federal Contract Tower,0,6,52,0,58,0,0,205,0,205,0,6,257,0,263,386,0,386,649
09/01/2022,FMY,FL,ASO,ES,Federal Contract Tower,0,1,60,0,61,0,0,229,0,229,0,1,289,0,290,396,0,396,686
09/02/2022,FMY,FL,ASO,ES,Federal Contract Tower,0,15,115,0,130,0,0,191,0,191,0,15,306,0,321,312,0,312,633
09/03/2022,FMY,FL,ASO,ES,Federal Contract Tower,0,5,76,0,81,0,1,176,0,177,0,6,252,0,258,224,0,224,482
09/04/2022,FMY,FL,ASO,ES,Federal Contract Tower,0,12,54,0,66,0,0,160,0,160,0,12,214,0,226,206,0,206,432
09/05/2022,FMY,FL,ASO,ES,Federal Contract Tower,0,7,53,0,60,0,2,106,0,108,0,9,159,0,168,112,0,112,280
09/06/2022,FMY,FL,ASO,ES,Federal Contract Tower,0,4,62,0,66,0,0,173,0,173,0,4,235,0,239,294,0,294,533
09/07/2022,FMY,FL,ASO,ES,Federal Contract Tower,0,6,57,0,63,0,1,145,0,146,0,7,202,0,209,262,0,262,471
09/08/2022,FMY,FL,ASO,ES,Federal Contract Tower,0,10,26,0,36,0,127,0,0,127,0,137,26,0,163,220,0,220,383
09/09/2022,FMY,FL,ASO,ES,Federal Contract Tower,0,6,44,0,50,0,0,169,0,169,0,6,213,0,219,18,0,18,237
09/10/2022,FMY,FL,ASO,ES,Federal Contract Tower,0,1,54,0,55,0,1,171,0,172,0,2,225,0,227,166,0,166,393
09/11/2022,FMY,FL,ASO,ES,Federal Contract Tower,0,7,68,0,75,0,2,179,0,181,0,9,247,0,256,258,0,258,514
09/12/2022,FMY,FL,ASO,ES,Federal Contract Tower,0,2,63,0,65,0,0,146,0,146,0,2,209,0,211,304,0,304,515
09/13/2022,FMY,FL,ASO,ES,Federal Contract Tower,0,10,58,0,68,0,0,128,0,128,0,10,186,0,196,188,0,188,384
09/14/2022,FMY,FL,ASO,ES,Federal Contract Tower,0,7,77,0,84,0,0,177,0,177,0,7,254,0,261,346,0,346,607
09/15/2022,FMY,FL,ASO,ES,Federal Contract Tower,0,4,76,0,80,0,3,159,0,162,0,7,235,0,242,394,0,394,636
09/16/2022,FMY,FL,ASO,ES,Federal Contract Tower,0,12,89,0,101,0,0,141,0,141,0,12,230,0,242,244,0,244,486
09/17/2022,FMY,FL,ASO,ES,Federal Contract Tower,0,6,75,0,81,0,0,79,0,79,0,6,154,0,160,36,0,36,196
09/18/2022,FMY,FL,ASO,ES,Federal Contract Tower,0,11,75,0,86,0,0,137,0,137,0,11,212,0,223,232,0,232,455
09/19/2022,FMY,FL,ASO,ES,Federal Contract Tower,0,3,61,0,64,0,4,196,0,200,0,7,257,0,264,358,0,358,622
09/20/2022,FMY,FL,ASO,ES,Federal Contract Tower,0,6,58,0,64,0,0,167,0,167,0,6,225,0,231,240,6,246,477
09/21/2022,FMY,FL,ASO,ES,Federal Contract Tower,0,3,59,0,62,0,4,183,0,187,0,7,242,0,249,296,0,296,545
09/22/2022,FMY,FL,ASO,ES,Federal Contract Tower,0,6,79,0,85,0,0,236,1,237,0,6,315,1,322,326,0,326,648
09/23/2022,FMY,FL,ASO,ES,Federal Contract Tower,0,2,68,0,70,0,4,240,0,244,0,6,308,0,314,388,0,388,702
09/24/2022,FMY,FL,ASO,ES,Federal Contract Tower,0,5,96,0,101,0,0,248,0,248,0,5,344,0,349,326,0,326,675
09/25/2022,FMY,FL,ASO,ES,Federal Contract Tower,0,3,70,2,75,0,0,195,0,195,0,3,265,2,270,238,0,238,508
09/26/2022,FMY,FL,ASO,ES,Federal Contract Tower,0,10,55,0,65,0,2,112,0,114,0,12,167,0,179,166,0,166,345
09/27/2022,FMY,FL,ASO,ES,Federal Contract Tower,0,5,22,0,27,0,0,0,0,0,0,5,22,0,27,0,0,0,27
09/28/2022,FMY,FL,ASO,ES,Federal Contract Tower,0,0,0,0,0,0,0,0,0,0,0,0,0,0,0,0,0,0,0
09/29/2022,FMY,FL,ASO,ES,Federal Contract Tower,0,0,0,0,0,0,0,0,0,0,0,0,0,0,0,0,0,0,0
09/30/2022,FMY,FL,ASO,ES,Federal Contract Tower,0,0,0,0,0,0,0,0,0,0,0,0,0,0,0,0,0,0,0
10/01/2022,FMY,FL,ASO,ES,Federal Contract Tower,0,0,0,0,0,0,0,0,0,0,0,0,0,0,0,0,0,0,0
10/02/2022,FMY,FL,ASO,ES,Federal Contract Tower,0,0,0,0,0,0,0,0,0,0,0,0,0,0,0,0,0,0,0
10/03/2022,FMY,FL,ASO,ES,Federal Contract Tower,0,2,5,0,7,0,6,114,4,124,0,8,119,4,131,0,0,0,131
10/04/2022,FMY,FL,ASO,ES,Federal Contract Tower,0,4,43,0,47,0,12,162,2,176,0,16,205,2,223,118,34,152,375
10/05/2022,FMY,FL,ASO,ES,Federal Contract Tower,0,5,21,0,26,0,1,39,0,40,0,6,60,0,66,0,0,0,66
10/06/2022,FMY,FL,ASO,ES,Federal Contract Tower,0,6,44,0,50,0,2,94,0,96,0,8,138,0,146,0,0,0,146
10/07/2022,FMY,FL,ASO,ES,Federal Contract Tower,0,5,51,0,56,0,0,111,0,111,0,5,162,0,167,0,0,0,167
10/08/2022,FMY,FL,ASO,ES,Federal Contract Tower,0,10,29,0,39,0,2,60,0,62,0,12,89,0,101,0,0,0,101
10/09/2022,FMY,FL,ASO,ES,Federal Contract Tower,0,1,32,0,33,0,1,101,0,102,0,2,133,0,135,0,0,0,135
10/10/2022,FMY,FL,ASO,ES,Federal Contract Tower,0,3,80,0,83,0,2,123,0,125,0,5,203,0,208,110,0,110,318
10/11/2022,FMY,FL,ASO,ES,Federal Contract Tower,0,5,75,0,80,0,4,122,0,126,0,9,197,0,206,134,0,134,340
10/12/2022,FMY,FL,ASO,ES,Federal Contract Tower,0,10,71,0,81,0,2,103,0,105,0,12,174,0,186,108,0,108,294
10/13/2022,FMY,FL,ASO,ES,Federal Contract Tower,0,7,61,0,68,0,0,113,0,113,0,7,174,0,181,88,0,88,269
10/14/2022,FMY,FL,ASO,ES,Federal Contract Tower,0,13,81,0,94,0,3,143,0,146,0,16,224,0,240,198,0,198,438
10/15/2022,FMY,FL,ASO,ES,Federal Contract Tower,0,15,65,0,80,0,0,140,0,140,0,15,205,0,220,111,1,112,332
10/16/2022,FMY,FL,ASO,ES,Federal Contract Tower,0,10,49,0,59,0,0,136,0,136,0,10,185,0,195,174,0,174,369
10/17/2022,FMY,FL,ASO,ES,Federal Contract Tower,0,9,46,0,55,0,0,102,0,102,0,9,148,0,157,162,0,162,319
10/18/2022,FMY,FL,ASO,ES,Federal Contract Tower,0,29,65,0,94,0,1,98,0,99,0,30,163,0,193,130,0,130,323
10/19/2022,FMY,FL,ASO,ES,Federal Contract Tower,0,12,62,0,74,0,0,150,0,150,0,12,212,0,224,188,0,188,412
10/20/2022,FMY,FL,ASO,ES,Federal Contract Tower,0,12,73,0,85,0,1,162,0,163,0,13,235,0,248,190,0,190,438
10/21/2022,FMY,FL,ASO,ES,Federal Contract Tower,0,9,57,0,66,0,0,148,0,148,0,9,205,0,214,142,0,142,356
10/22/2022,FMY,FL,ASO,ES,Federal Contract Tower,0,2,36,0,38,0,4,188,1,193,0,6,224,1,231,172,0,172,403
10/23/2022,FMY,FL,ASO,ES,Federal Contract Tower,0,8,50,0,58,0,0,139,0,139,0,8,189,0,197,172,0,172,369
10/24/2022,FMY,FL,ASO,ES,Federal Contract Tower,0,12,74,0,86,0,1,138,0,139,0,13,212,0,225,230,0,230,455
10/25/2022,FMY,FL,ASO,ES,Federal Contract Tower,0,11,83,0,94,0,1,165,0,166,0,12,248,0,260,288,0,288,548
10/26/2022,FMY,FL,ASO,ES,Federal Contract Tower,0,14,78,0,92,0,0,180,0,180,0,14,258,0,272,252,0,252,524
10/27/2022,FMY,FL,ASO,ES,Federal Contract Tower,0,15,66,0,81,0,4,197,1,202,0,19,263,1,283,294,0,294,577
10/28/2022,FMY,FL,ASO,ES,Federal Contract Tower,0,11,90,0,101,0,2,200,0,202,0,13,290,0,303,278,0,278,581
10/29/2022,FMY,FL,ASO,ES,Federal Contract Tower,0,5,66,0,71,0,0,86,0,86,0,5,152,0,157,164,8,172,329
10/30/2022,FMY,FL,ASO,ES,Federal Contract Tower,0,14,49,1,64,0,5,188,2,195,0,19,237,3,259,278,0,278,537
10/31/2022,FMY,FL,ASO,ES,Federal Contract Tower,0,11,66,0,77,0,5,136,0,141,0,16,202,0,218,322,0,322,540
11/01/2022,FMY,FL,ASO,ES,Federal Contract Tower,0,5,55,0,60,0,3,159,0,162,0,8,214,0,222,234,0,234,456
11/02/2022,FMY,FL,ASO,ES,Federal Contract Tower,0,9,80,0,89,0,6,164,0,170,0,15,244,0,259,224,0,224,483
11/03/2022,FMY,FL,ASO,ES,Federal Contract Tower,0,15,86,0,101,0,8,233,0,241,0,23,319,0,342,372,0,372,714
11/04/2022,FMY,FL,ASO,ES,Federal Contract Tower,0,22,94,0,116,0,0,242,0,242,0,22,336,0,358,300,0,300,658
11/05/2022,FMY,FL,ASO,ES,Federal Contract Tower,0,10,53,0,63,0,0,262,0,262,0,10,315,0,325,210,0,210,535
11/06/2022,FMY,FL,ASO,ES,Federal Contract Tower,0,17,61,0,78,0,0,205,0,205,0,17,266,0,283,260,0,260,543
11/07/2022,FMY,FL,ASO,ES,Federal Contract Tower,0,8,100,0,108,0,0,171,0,171,0,8,271,0,279,232,0,232,511
11/08/2022,FMY,FL,ASO,ES,Federal Contract Tower,0,15,56,0,71,0,0,106,0,106,0,15,162,0,177,178,0,178,355
11/09/2022,FMY,FL,ASO,ES,Federal Contract Tower,0,6,30,0,36,0,3,22,0,25,0,9,52,0,61,62,0,62,123
11/10/2022,FMY,FL,ASO,ES,Federal Contract Tower,0,13,36,0,49,0,1,17,0,18,0,14,53,0,67,10,0,10,77
11/11/2022,FMY,FL,ASO,ES,Federal Contract Tower,0,13,62,0,75,0,3,111,0,114,0,16,173,0,189,154,0,154,343
11/12/2022,FMY,FL,ASO,ES,Federal Contract Tower,0,5,77,0,82,0,2,131,1,134,0,7,208,1,216,168,0,168,384
11/13/2022,FMY,FL,ASO,ES,Federal Contract Tower,0,14,60,0,74,0,4,160,0,164,0,18,220,0,238,256,0,256,494
11/14/2022,FMY,FL,ASO,ES,Federal Contract Tower,0,10,111,0,121,0,0,182,0,182,0,10,293,0,303,280,0,280,583
11/15/2022,FMY,FL,ASO,ES,Federal Contract Tower,0,2,87,0,89,0,4,244,0,248,0,6,331,0,337,288,0,288,625
11/16/2022,FMY,FL,ASO,ES,Federal Contract Tower,0,6,71,0,77,0,2,175,0,177,0,8,246,0,254,252,0,252,506
11/17/2022,FMY,FL,ASO,ES,Federal Contract Tower,0,10,88,0,98,0,0,154,0,154,0,10,242,0,252,244,0,244,496
11/18/2022,FMY,FL,ASO,ES,Federal Contract Tower,0,15,118,0,133,0,0,216,0,216,0,15,334,0,349,314,0,314,663
11/19/2022,FMY,FL,ASO,ES,Federal Contract Tower,0,7,80,1,88,0,1,188,0,189,0,8,268,1,277,160,0,160,437
11/20/2022,FMY,FL,ASO,ES,Federal Contract Tower,0,9,70,0,79,0,0,59,0,59,0,9,129,0,138,30,0,30,168
11/21/2022,FMY,FL,ASO,ES,Federal Contract Tower,0,5,92,0,97,0,1,102,0,103,0,6,194,0,200,222,0,222,422
11/22/2022,FMY,FL,ASO,ES,Federal Contract Tower,0,13,113,0,126,0,0,45,0,45,0,13,158,0,171,80,0,80,251
11/23/2022,FMY,FL,ASO,ES,Federal Contract Tower,0,15,89,0,104,0,0,94,0,94,0,15,183,0,198,206,0,206,404
11/24/2022,FMY,FL,ASO,ES,Federal Contract Tower,0,3,15,0,18,0,0,48,0,48,0,3,63,0,66,78,0,78,144
11/25/2022,FMY,FL,ASO,ES,Federal Contract Tower,0,14,67,0,81,0,0,108,0,108,0,14,175,0,189,230,0,230,419
11/26/2022,FMY,FL,ASO,ES,Federal Contract Tower,0,10,74,0,84,0,0,181,0,181,0,10,255,0,265,294,0,294,559
11/27/2022,FMY,FL,ASO,ES,Federal Contract Tower,0,19,81,1,101,0,0,96,1,97,0,19,177,2,198,168,0,168,366
11/28/2022,FMY,FL,ASO,ES,Federal Contract Tower,0,2,94,0,96,0,3,126,0,129,0,5,220,0,225,296,0,296,521
11/29/2022,FMY,FL,ASO,ES,Federal Contract Tower,0,18,39,0,57,0,0,155,0,155,0,18,194,0,212,306,0,306,518
11/30/2022,FMY,FL,ASO,ES,Federal Contract Tower,0,9,75,0,84,0,0,207,0,207,0,9,282,0,291,396,0,396,687
12/01/2022,FMY,FL,ASO,ES,Federal Contract Tower,0,17,63,0,80,0,2,185,0,187,0,19,248,0,267,400,0,400,667
12/02/2022,FMY,FL,ASO,ES,Federal Contract Tower,0,11,64,0,75,0,0,266,0,266,0,11,330,0,341,286,0,286,627
12/03/2022,FMY,FL,ASO,ES,Federal Contract Tower,0,11,67,0,78,0,5,246,1,252,0,16,313,1,330,364,0,364,694
12/04/2022,FMY,FL,ASO,ES,Federal Contract Tower,0,12,58,0,70,0,0,261,0,261,0,12,319,0,331,378,0,378,709
12/05/2022,FMY,FL,ASO,ES,Federal Contract Tower,0,10,108,2,120,0,2,227,0,229,0,12,335,2,349,424,0,424,773
12/06/2022,FMY,FL,ASO,ES,Federal Contract Tower,0,3,67,0,70,0,2,186,0,188,0,5,253,0,258,356,0,356,614
12/07/2022,FMY,FL,ASO,ES,Federal Contract Tower,0,6,80,1,87,0,3,181,0,184,0,9,261,1,271,414,0,414,685
12/08/2022,FMY,FL,ASO,ES,Federal Contract Tower,0,9,106,0,115,0,0,205,2,207,0,9,311,2,322,320,0,320,642
12/09/2022,FMY,FL,ASO,ES,Federal Contract Tower,0,23,137,0,160,0,0,244,0,244,0,23,381,0,404,390,0,390,794
12/10/2022,FMY,FL,ASO,ES,Federal Contract Tower,0,9,73,0,82,0,0,226,0,226,0,9,299,0,308,294,0,294,602
12/11/2022,FMY,FL,ASO,ES,Federal Contract Tower,0,13,93,0,106,0,0,113,0,113,0,13,206,0,219,186,0,186,405
12/12/2022,FMY,FL,ASO,ES,Federal Contract Tower,0,9,122,0,131,0,1,158,0,159,0,10,280,0,290,296,0,296,586
12/13/2022,FMY,FL,ASO,ES,Federal Contract Tower,0,10,80,0,90,0,2,190,0,192,0,12,270,0,282,450,0,450,732
12/14/2022,FMY,FL,ASO,ES,Federal Contract Tower,0,11,62,0,73,0,1,151,0,152,0,12,213,0,225,346,0,346,571
12/15/2022,FMY,FL,ASO,ES,Federal Contract Tower,0,15,53,0,68,0,1,53,0,54,0,16,106,0,122,103,0,103,225
12/16/2022,FMY,FL,ASO,ES,Federal Contract Tower,0,3,106,0,109,0,2,118,0,120,0,5,224,0,229,234,0,234,463
12/17/2022,FMY,FL,ASO,ES,Federal Contract Tower,0,11,80,0,91,0,0,245,0,245,0,11,325,0,336,372,0,372,708
12/18/2022,FMY,FL,ASO,ES,Federal Contract Tower,0,12,83,0,95,0,0,168,0,168,0,12,251,0,263,242,0,242,505
12/19/2022,FMY,FL,ASO,ES,Federal Contract Tower,0,12,58,0,70,0,2,157,0,159,0,14,215,0,229,222,0,222,451
12/20/2022,FMY,FL,ASO,ES,Federal Contract Tower,0,4,47,0,51,0,0,103,0,103,0,4,150,0,154,238,0,238,392
12/21/2022,FMY,FL,ASO,ES,Federal Contract Tower,0,12,99,0,111,0,0,95,0,95,0,12,194,0,206,124,0,124,330
12/22/2022,FMY,FL,ASO,ES,Federal Contract Tower,0,17,103,1,121,0,0,79,0,79,0,17,182,1,200,160,12,172,372
12/23/2022,FMY,FL,ASO,ES,Federal Contract Tower,0,5,51,0,56,0,0,2,129,131,0,5,53,129,187,44,0,44,231
12/24/2022,FMY,FL,ASO,ES,Federal Contract Tower,0,2,24,0,26,0,0,1,61,62,0,2,25,61,88,70,0,70,158
12/25/2022,FMY,FL,ASO,ES,Federal Contract Tower,0,3,18,0,21,0,0,38,0,38,0,3,56,0,59,52,0,52,111
12/26/2022,FMY,FL,ASO,ES,Federal Contract Tower,0,10,84,0,94,0,0,90,0,90,0,10,174,0,184,90,0,90,274
12/27/2022,FMY,FL,ASO,ES,Federal Contract Tower,0,17,92,0,109,0,0,184,0,184,0,17,276,0,293,196,0,196,489
12/28/2022,FMY,FL,ASO,ES,Federal Contract Tower,0,26,89,0,115,0,2,180,1,183,0,28,269,1,298,176,0,176,474
12/29/2022,FMY,FL,ASO,ES,Federal Contract Tower,0,16,62,0,78,0,7,229,0,236,0,23,291,0,314,326,0,326,640
12/30/2022,FMY,FL,ASO,ES,Federal Contract Tower,0,8,56,0,64,0,3,221,0,224,0,11,277,0,288,242,0,242,530
12/31/2022,FMY,FL,ASO,ES,Federal Contract Tower,0,4,57,0,61,0,0,176,0,176,0,4,233,0,237,236,0,236,473
01/01/2023,FMY,FL,ASO,ES,Federal Contract Tower,0,19,44,0,63,0,0,38,0,38,0,19,82,0,101,26,0,26,127
01/02/2023,FMY,FL,ASO,ES,Federal Contract Tower,0,17,113,0,130,0,2,185,0,187,0,19,298,0,317,194,0,194,511
01/03/2023,FMY,FL,ASO,ES,Federal Contract Tower,0,19,68,0,87,0,0,168,0,168,0,19,236,0,255,250,0,250,505
01/04/2023,FMY,FL,ASO,ES,Federal Contract Tower,0,17,65,1,83,0,6,174,0,180,0,23,239,1,263,352,4,356,619
01/05/2023,FMY,FL,ASO,ES,Federal Contract Tower,0,13,92,0,105,0,4,230,0,234,0,17,322,0,339,416,0,416,755
01/06/2023,FMY,FL,ASO,ES,Federal Contract Tower,0,12,123,0,135,0,2,255,0,257,0,14,378,0,392,324,0,324,716
01/07/2023,FMY,FL,ASO,ES,Federal Contract Tower,0,16,84,0,100,0,0,324,0,324,0,16,408,0,424,226,0,226,650
01/08/2023,FMY,FL,ASO,ES,Federal Contract Tower,0,7,86,0,93,0,0,235,0,235,0,7,321,0,328,258,4,262,590
01/09/2023,FMY,FL,ASO,ES,Federal Contract Tower,0,5,84,0,89,0,5,194,0,199,0,10,278,0,288,306,0,306,594
01/10/2023,FMY,FL,ASO,ES,Federal Contract Tower,0,8,75,2,85,0,0,179,0,179,0,8,254,2,264,266,0,266,530
01/11/2023,FMY,FL,ASO,ES,Federal Contract Tower,0,11,69,0,80,0,6,211,0,217,0,17,280,0,297,200,0,200,497
01/12/2023,FMY,FL,ASO,ES,Federal Contract Tower,0,15,79,0,94,0,0,253,0,253,0,15,332,0,347,232,0,232,579
01/13/2023,FMY,FL,ASO,ES,Federal Contract Tower,0,9,56,0,65,0,0,136,0,136,0,9,192,0,201,188,0,188,389
01/14/2023,FMY,FL,ASO,ES,Federal Contract Tower,0,6,45,0,51,0,0,199,0,199,0,6,244,0,250,230,0,230,480
01/15/2023,FMY,FL,ASO,ES,Federal Contract Tower,0,8,78,0,86,0,0,183,0,183,0,8,261,0,269,286,0,286,555
01/16/2023,FMY,FL,ASO,ES,Federal Contract Tower,0,4,79,0,83,0,4,169,0,173,0,8,248,0,256,306,0,306,562
01/17/2023,FMY,FL,ASO,ES,Federal Contract Tower,0,11,51,0,62,0,0,182,0,182,0,11,233,0,244,276,0,276,520
01/18/2023,FMY,FL,ASO,ES,Federal Contract Tower,0,13,84,0,97,0,2,150,0,152,0,15,234,0,249,268,0,268,517
01/19/2023,FMY,FL,ASO,ES,Federal Contract Tower,0,14,78,0,92,0,2,273,0,275,0,16,351,0,367,360,0,360,727
01/20/2023,FMY,FL,ASO,ES,Federal Contract Tower,0,23,105,0,128,0,0,312,0,312,0,23,417,0,440,354,0,354,794
01/21/2023,FMY,FL,ASO,ES,Federal Contract Tower,0,8,77,0,85,0,0,196,0,196,0,8,273,0,281,58,0,58,339
01/22/2023,FMY,FL,ASO,ES,Federal Contract Tower,0,5,62,0,67,0,3,165,0,168,0,8,227,0,235,62,0,62,297
01/23/2023,FMY,FL,ASO,ES,Federal Contract Tower,0,10,130,0,140,0,1,112,0,113,0,11,242,0,253,216,0,216,469
01/24/2023,FMY,FL,ASO,ES,Federal Contract Tower,0,7,63,0,70,0,0,253,0,253,0,7,316,0,323,290,0,290,613
01/25/2023,FMY,FL,ASO,ES,Federal Contract Tower,0,9,75,0,84,0,0,180,0,180,0,9,255,0,264,256,0,256,520
01/26/2023,FMY,FL,ASO,ES,Federal Contract Tower,0,4,107,0,111,0,2,291,0,293,0,6,398,0,404,310,0,310,714
01/27/2023,FMY,FL,ASO,ES,Federal Contract Tower,0,14,92,0,106,0,3,245,0,248,0,17,337,0,354,266,0,266,620
01/28/2023,FMY,FL,ASO,ES,Federal Contract Tower,0,4,76,0,80,0,0,238,0,238,0,4,314,0,318,294,0,294,612
01/29/2023,FMY,FL,ASO,ES,Federal Contract Tower,0,2,87,0,89,0,0,200,0,200,0,2,287,0,289,236,0,236,525
01/30/2023,FMY,FL,ASO,ES,Federal Contract Tower,0,3,54,0,57,0,2,206,0,208,0,5,260,0,265,354,0,354,619
01/31/2023,FMY,FL,ASO,ES,Federal Contract Tower,0,7,67,0,74,0,0,225,0,225,0,7,292,0,299,300,0,300,599
02/01/2023,FMY,FL,ASO,ES,Federal Contract Tower,0,17,98,1,116,0,0,196,1,197,0,17,294,2,313,344,12,356,669
02/02/2023,FMY,FL,ASO,ES,Federal Contract Tower,0,4,70,6,80,0,8,246,0,254,0,12,316,6,334,364,0,364,698
02/03/2023,FMY,FL,ASO,ES,Federal Contract Tower,0,19,109,0,128,0,0,220,0,220,0,19,329,0,348,350,0,350,698
02/04/2023,FMY,FL,ASO,ES,Federal Contract Tower,0,14,78,0,92,0,4,217,0,221,0,18,295,0,313,292,0,292,605
02/05/2023,FMY,FL,ASO,ES,Federal Contract Tower,0,13,117,0,130,0,0,244,0,244,0,13,361,0,374,336,0,336,710
02/06/2023,FMY,FL,ASO,ES,Federal Contract Tower,0,1,95,0,96,0,6,222,0,228,0,7,317,0,324,240,0,240,564
02/07/2023,FMY,FL,ASO,ES,Federal Contract Tower,0,5,78,0,83,0,0,180,0,180,0,5,258,0,263,226,0,226,489
02/08/2023,FMY,FL,ASO,ES,Federal Contract Tower,0,5,66,0,71,0,0,188,0,188,0,5,254,0,259,268,0,268,527
02/09/2023,FMY,FL,ASO,ES,Federal Contract Tower,0,14,99,0,113,0,0,232,0,232,0,14,331,0,345,340,0,340,685
02/10/2023,FMY,FL,ASO,ES,Federal Contract Tower,0,10,94,0,104,0,5,256,0,261,0,15,350,0,365,252,0,252,617
02/11/2023,FMY,FL,ASO,ES,Federal Contract Tower,0,6,55,0,61,0,0,186,0,186,0,6,241,0,247,174,0,174,421
02/12/2023,FMY,FL,ASO,ES,Federal Contract Tower,0,10,58,0,68,0,0,80,0,80,0,10,138,0,148,16,0,16,164
02/13/2023,FMY,FL,ASO,ES,Federal Contract Tower,0,4,78,0,82,0,5,211,0,216,0,9,289,0,298,306,0,306,604
02/14/2023,FMY,FL,ASO,ES,Federal Contract Tower,0,10,56,0,66,0,0,224,0,224,0,10,280,0,290,302,0,302,592
02/15/2023,FMY,FL,ASO,ES,Federal Contract Tower,0,9,97,0,106,0,2,227,0,229,0,11,324,0,335,444,0,444,779
02/16/2023,FMY,FL,ASO,ES,Federal Contract Tower,0,28,111,0,139,0,12,338,0,350,0,40,449,0,489,370,0,370,859
02/17/2023,FMY,FL,ASO,ES,Federal Contract Tower,0,13,99,0,112,0,1,268,0,269,0,14,367,0,381,354,0,354,735
02/18/2023,FMY,FL,ASO,ES,Federal Contract Tower,0,10,152,0,162,0,0,177,0,177,0,10,329,0,339,210,0,210,549
02/19/2023,FMY,FL,ASO,ES,Federal Contract Tower,0,9,126,0,135,0,2,336,2,340,0,11,462,2,475,276,0,276,751
02/20/2023,FMY,FL,ASO,ES,Federal Contract Tower,0,10,88,0,98,0,0,280,0,280,0,10,368,0,378,222,0,222,600
02/21/2023,FMY,FL,ASO,ES,Federal Contract Tower,0,10,96,0,106,0,0,167,0,167,0,10,263,0,273,278,0,278,551
02/22/2023,FMY,FL,ASO,ES,Federal Contract Tower,0,12,87,0,99,0,7,239,0,246,0,19,326,0,345,300,0,300,645
02/23/2023,FMY,FL,ASO,ES,Federal Contract Tower,0,18,79,1,98,0,4,306,0,310,0,22,385,1,408,352,0,352,760
02/24/2023,FMY,FL,ASO,ES,Federal Contract Tower,0,8,89,0,97,0,2,331,0,333,0,10,420,0,430,408,0,408,838
02/25/2023,FMY,FL,ASO,ES,Federal Contract Tower,0,6,75,0,81,0,11,324,0,335,0,17,399,0,416,302,0,302,718
02/26/2023,FMY,FL,ASO,ES,Federal Contract Tower,0,14,95,0,109,0,4,273,0,277,0,18,368,0,386,276,0,276,662
02/27/2023,FMY,FL,ASO,ES,Federal Contract Tower,0,11,51,0,62,0,0,204,0,204,0,11,255,0,266,340,0,340,606
02/28/2023,FMY,FL,ASO,ES,Federal Contract Tower,0,8,48,0,56,0,1,186,0,187,0,9,234,0,243,232,0,232,475
03/01/2023,FMY,FL,ASO,ES,Federal Contract Tower,0,18,86,0,104,0,2,262,0,264,0,20,348,0,368,384,0,384,752
03/02/2023,FMY,FL,ASO,ES,Federal Contract Tower,0,21,84,0,105,0,5,250,0,255,0,26,334,0,360,366,0,366,726
03/03/2023,FMY,FL,ASO,ES,Federal Contract Tower,0,14,43,0,57,0,2,75,0,77,0,16,118,0,134,70,0,70,204
03/04/2023,FMY,FL,ASO,ES,Federal Contract Tower,0,9,100,0,109,0,0,279,0,279,0,9,379,0,388,408,0,408,796
03/05/2023,FMY,FL,ASO,ES,Federal Contract Tower,0,16,69,0,85,0,0,280,2,282,0,16,349,2,367,310,0,310,677
03/06/2023,FMY,FL,ASO,ES,Federal Contract Tower,0,10,100,0,110,0,1,226,0,227,0,11,326,0,337,312,0,312,649
03/07/2023,FMY,FL,ASO,ES,Federal Contract Tower,0,12,65,0,77,0,0,168,0,168,0,12,233,0,245,346,0,346,591
03/08/2023,FMY,FL,ASO,ES,Federal Contract Tower,0,9,71,7,87,0,6,161,0,167,0,15,232,7,254,296,0,296,550
03/09/2023,FMY,FL,ASO,ES,Federal Contract Tower,0,24,70,0,94,0,5,242,0,247,0,29,312,0,341,304,0,304,645
03/10/2023,FMY,FL,ASO,ES,Federal Contract Tower,0,10,73,0,83,0,0,238,0,238,0,10,311,0,321,305,0,305,626
03/11/2023,FMY,FL,ASO,ES,Federal Contract Tower,0,11,88,0,99,0,0,262,0,262,0,11,350,0,361,216,0,216,577
03/12/2023,FMY,FL,ASO,ES,Federal Contract Tower,0,14,85,0,99,0,7,256,0,263,0,21,341,0,362,282,0,282,644
03/13/2023,FMY,FL,ASO,ES,Federal Contract Tower,0,15,65,0,80,0,0,122,2,124,0,15,187,2,204,212,0,212,416
03/14/2023,FMY,FL,ASO,ES,Federal Contract Tower,0,0,106,0,106,0,0,190,0,190,0,0,296,0,296,274,0,274,570
03/15/2023,FMY,FL,ASO,ES,Federal Contract Tower,0,26,94,0,120,0,0,212,0,212,0,26,306,0,332,356,0,356,688
03/16/2023,FMY,FL,ASO,ES,Federal Contract Tower,0,5,72,38,115,0,0,203,0,203,0,5,275,38,318,380,0,380,698
03/17/2023,FMY,FL,ASO,ES,Federal Contract Tower,0,12,90,0,102,0,2,249,0,251,0,14,339,0,353,312,0,312,665
03/18/2023,FMY,FL,ASO,ES,Federal Contract Tower,0,8,70,0,78,0,3,210,0,213,0,11,280,0,291,222,0,222,513
03/19/2023,FMY,FL,ASO,ES,Federal Contract Tower,0,9,109,5,123,0,2,110,0,112,0,11,219,5,235,146,26,172,407
03/20/2023,FMY,FL,ASO,ES,Federal Contract Tower,0,7,138,0,145,0,0,199,0,199,0,7,337,0,344,300,0,300,644
03/21/2023,FMY,FL,ASO,ES,Federal Contract Tower,0,12,73,0,85,0,1,288,0,289,0,13,361,0,374,228,0,228,602
03/22/2023,FMY,FL,ASO,ES,Federal Contract Tower,0,26,77,0,103,0,0,252,0,252,0,26,329,0,355,287,0,287,642
03/23/2023,FMY,FL,ASO,ES,Federal Contract Tower,0,19,86,0,105,0,10,238,0,248,0,29,324,0,353,270,0,270,623
03/24/2023,FMY,FL,ASO,ES,Federal Contract Tower,0,12,97,0,109,0,4,257,0,261,0,16,354,0,370,410,0,410,780
03/25/2023,FMY,FL,ASO,ES,Federal Contract Tower,0,16,92,0,108,0,3,287,0,290,0,19,379,0,398,354,0,354,752
03/26/2023,FMY,FL,ASO,ES,Federal Contract Tower,0,13,79,0,92,0,2,171,0,173,0,15,250,0,265,252,0,252,517
03/27/2023,FMY,FL,ASO,ES,Federal Contract Tower,0,11,91,0,102,0,8,186,0,194,0,19,277,0,296,366,0,366,662
03/28/2023,FMY,FL,ASO,ES,Federal Contract Tower,0,6,78,0,84,0,4,178,0,182,0,10,256,0,266,300,0,300,566
03/29/2023,FMY,FL,ASO,ES,Federal Contract Tower,0,14,87,0,101,0,2,195,0,197,0,16,282,0,298,374,0,374,672
03/30/2023,FMY,FL,ASO,ES,Federal Contract Tower,0,9,87,4,100,0,2,269,0,271,0,11,356,4,371,380,0,380,751
03/31/2023,FMY,FL,ASO,ES,Federal Contract Tower,0,12,77,0,89,0,0,199,0,199,0,12,276,0,288,404,0,404,692
04/01/2023,FMY,FL,ASO,ES,Federal Contract Tower,0,18,81,0,99,0,0,226,0,226,0,18,307,0,325,346,0,346,671
04/02/2023,FMY,FL,ASO,ES,Federal Contract Tower,0,9,89,0,98,0,0,192,0,192,0,9,281,0,290,374,0,374,664
04/03/2023,FMY,FL,ASO,ES,Federal Contract Tower,0,10,83,0,93,0,9,218,0,227,0,19,301,0,320,352,0,352,672
04/04/2023,FMY,FL,ASO,ES,Federal Contract Tower,0,6,92,0,98,0,6,167,2,175,0,12,259,2,273,282,0,282,555
04/05/2023,FMY,FL,ASO,ES,Federal Contract Tower,0,19,97,0,116,0,0,201,0,201,0,19,298,0,317,268,0,268,585
04/06/2023,FMY,FL,ASO,ES,Federal Contract Tower,0,20,83,0,103,0,5,243,0,248,0,25,326,0,351,264,0,264,615
04/07/2023,FMY,FL,ASO,ES,Federal Contract Tower,0,28,96,0,124,0,2,256,0,258,0,30,352,0,382,272,0,272,654
04/08/2023,FMY,FL,ASO,ES,Federal Contract Tower,0,23,88,0,111,0,2,339,0,341,0,25,427,0,452,306,0,306,758
04/09/2023,FMY,FL,ASO,ES,Federal Contract Tower,0,11,42,0,53,0,1,100,0,101,0,12,142,0,154,90,0,90,244
04/10/2023,FMY,FL,ASO,ES,Federal Contract Tower,0,18,113,0,131,0,1,97,0,98,0,19,210,0,229,210,0,210,439
04/11/2023,FMY,FL,ASO,ES,Federal Contract Tower,0,4,81,0,85,0,0,100,0,100,0,4,181,0,185,168,0,168,353
04/12/2023,FMY,FL,ASO,ES,Federal Contract Tower,0,12,67,0,79,0,0,38,0,38,0,12,105,0,117,32,0,32,149
04/13/2023,FMY,FL,ASO,ES,Federal Contract Tower,0,9,91,0,100,0,2,244,0,246,0,11,335,0,346,456,0,456,802
04/14/2023,FMY,FL,ASO,ES,Federal Contract Tower,0,6,131,0,137,0,0,259,0,259,0,6,390,0,396,464,0,464,860
04/15/2023,FMY,FL,ASO,ES,Federal Contract Tower,0,11,107,0,118,0,0,296,0,296,0,11,403,0,414,490,0,490,904
04/16/2023,FMY,FL,ASO,ES,Federal Contract Tower,0,20,72,0,92,0,0,224,0,224,0,20,296,0,316,290,0,290,606
04/17/2023,FMY,FL,ASO,ES,Federal Contract Tower,0,14,63,0,77,0,0,111,0,111,0,14,174,0,188,98,0,98,286
04/18/2023,FMY,FL,ASO,ES,Federal Contract Tower,0,17,86,0,103,0,0,219,0,219,0,17,305,0,322,330,0,330,652
04/19/2023,FMY,FL,ASO,ES,Federal Contract Tower,0,23,94,0,117,0,0,214,0,214,0,23,308,0,331,338,0,338,669
04/20/2023,FMY,FL,ASO,ES,Federal Contract Tower,0,24,98,2,124,0,4,250,0,254,0,28,348,2,378,312,0,312,690
04/21/2023,FMY,FL,ASO,ES,Federal Contract Tower,0,18,81,0,99,0,5,279,0,284,0,23,360,0,383,322,0,322,705
04/22/2023,FMY,FL,ASO,ES,Federal Contract Tower,0,9,89,0,98,0,0,300,0,300,0,9,389,0,398,364,0,364,762
04/23/2023,FMY,FL,ASO,ES,Federal Contract Tower,0,9,108,0,117,0,0,209,0,209,0,9,317,0,326,270,0,270,596
04/24/2023,FMY,FL,ASO,ES,Federal Contract Tower,0,13,96,0,109,0,8,213,0,221,0,21,309,0,330,374,0,374,704
04/25/2023,FMY,FL,ASO,ES,Federal Contract Tower,0,6,83,0,89,0,1,156,0,157,0,7,239,0,246,268,0,268,514
04/26/2023,FMY,FL,ASO,ES,Federal Contract Tower,0,11,95,0,106,0,0,190,0,190,0,11,285,0,296,394,0,394,690
04/27/2023,FMY,FL,ASO,ES,Federal Contract Tower,0,9,77,0,86,0,3,209,2,214,0,12,286,2,300,302,0,302,602
04/28/2023,FMY,FL,ASO,ES,Federal Contract Tower,0,23,106,0,129,0,0,212,0,212,0,23,318,0,341,375,0,375,716
04/29/2023,FMY,FL,ASO,ES,Federal Contract Tower,0,14,77,0,91,0,0,205,0,205,0,14,282,0,296,344,0,344,640
04/30/2023,FMY,FL,ASO,ES,Federal Contract Tower,0,13,51,0,64,0,6,8,0,14,0,19,59,0,78,0,0,0,78
05/01/2023,FMY,FL,ASO,ES,Federal Contract Tower,0,17,93,0,110,0,0,196,0,196,0,17,289,0,306,304,0,304,610
05/02/2023,FMY,FL,ASO,ES,Federal Contract Tower,0,0,87,0,87,0,1,197,0,198,0,1,284,0,285,268,0,268,553
05/03/2023,FMY,FL,ASO,ES,Federal Contract Tower,0,12,92,0,104,0,1,241,0,242,0,13,333,0,346,314,0,314,660
05/04/2023,FMY,FL,ASO,ES,Federal Contract Tower,0,13,110,0,123,0,2,271,0,273,0,15,381,0,396,372,0,372,768
05/05/2023,FMY,FL,ASO,ES,Federal Contract Tower,0,7,102,0,109,0,0,275,0,275,0,7,377,0,384,266,0,266,650
05/06/2023,FMY,FL,ASO,ES,Federal Contract Tower,0,2,80,0,82,0,0,239,0,239,0,2,319,0,321,310,0,310,631
05/07/2023,FMY,FL,ASO,ES,Federal Contract Tower,0,7,76,0,83,0,0,207,0,207,0,7,283,0,290,272,0,272,562
05/08/2023,FMY,FL,ASO,ES,Federal Contract Tower,0,21,122,0,143,0,7,292,0,299,0,28,414,0,442,282,0,282,724
05/09/2023,FMY,FL,ASO,ES,Federal Contract Tower,0,6,93,0,99,0,0,193,0,193,0,6,286,0,292,330,0,330,622
05/10/2023,FMY,FL,ASO,ES,Federal Contract Tower,0,21,99,0,120,0,0,224,0,224,0,21,323,0,344,413,0,413,757
05/11/2023,FMY,FL,ASO,ES,Federal Contract Tower,0,14,95,0,109,0,0,279,0,279,0,14,374,0,388,382,0,382,770
05/12/2023,FMY,FL,ASO,ES,Federal Contract Tower,0,8,106,0,114,0,0,242,0,242,0,8,348,0,356,360,0,360,716
05/13/2023,FMY,FL,ASO,ES,Federal Contract Tower,0,1,82,0,83,0,0,277,0,277,0,1,359,0,360,382,0,382,742
05/14/2023,FMY,FL,ASO,ES,Federal Contract Tower,0,11,62,0,73,0,2,224,0,226,0,13,286,0,299,306,0,306,605
05/15/2023,FMY,FL,ASO,ES,Federal Contract Tower,0,13,91,0,104,0,1,178,0,179,0,14,269,0,283,228,0,228,511
05/16/2023,FMY,FL,ASO,ES,Federal Contract Tower,0,12,83,2,97,0,0,162,0,162,0,12,245,2,259,246,0,246,505
05/17/2023,FMY,FL,ASO,ES,Federal Contract Tower,0,7,77,0,84,0,0,216,0,216,0,7,293,0,300,291,0,291,591
05/18/2023,FMY,FL,ASO,ES,Federal Contract Tower,0,12,88,0,100,0,0,236,0,236,0,12,324,0,336,326,0,326,662
05/19/2023,FMY,FL,ASO,ES,Federal Contract Tower,0,11,100,0,111,0,4,254,0,258,0,15,354,0,369,327,0,327,696
05/20/2023,FMY,FL,ASO,ES,Federal Contract Tower,0,2,82,0,84,0,0,260,0,260,0,2,342,0,344,282,0,282,626
05/21/2023,FMY,FL,ASO,ES,Federal Contract Tower,0,11,87,0,98,0,0,178,0,178,0,11,265,0,276,244,0,244,520
05/22/2023,FMY,FL,ASO,ES,Federal Contract Tower,0,7,70,4,81,0,0,231,0,231,0,7,301,4,312,316,0,316,628
05/23/2023,FMY,FL,ASO,ES,Federal Contract Tower,0,7,82,0,89,0,4,200,0,204,0,11,282,0,293,262,0,262,555
05/24/2023,FMY,FL,ASO,ES,Federal Contract Tower,0,15,91,0,106,0,4,241,0,245,0,19,332,0,351,378,0,378,729
05/25/2023,FMY,FL,ASO,ES,Federal Contract Tower,0,10,96,0,106,0,0,200,0,200,0,10,296,0,306,328,0,328,634
05/26/2023,FMY,FL,ASO,ES,Federal Contract Tower,0,7,82,0,89,0,2,197,0,199,0,9,279,0,288,286,0,286,574
05/27/2023,FMY,FL,ASO,ES,Federal Contract Tower,0,8,93,0,101,0,0,0,249,249,0,8,93,249,350,386,0,386,736
05/28/2023,FMY,FL,ASO,ES,Federal Contract Tower,0,4,49,0,53,0,3,215,0,218,0,7,264,0,271,340,0,340,611
05/29/2023,FMY,FL,ASO,ES,Federal Contract Tower,0,7,73,0,80,0,2,121,0,123,0,9,194,0,203,144,0,144,347
05/30/2023,FMY,FL,ASO,ES,Federal Contract Tower,0,6,59,0,65,0,2,125,0,127,0,8,184,0,192,254,0,254,446
05/31/2023,FMY,FL,ASO,ES,Federal Contract Tower,0,7,82,0,89,0,0,195,0,195,0,7,277,0,284,324,0,324,608
06/01/2023,FMY,FL,ASO,ES,Federal Contract Tower,0,14,86,0,100,0,0,180,0,180,0,14,266,0,280,348,0,348,628
06/02/2023,FMY,FL,ASO,ES,Federal Contract Tower,0,7,83,0,90,0,0,191,0,191,0,7,274,0,281,284,0,284,565
06/03/2023,FMY,FL,ASO,ES,Federal Contract Tower,0,5,51,0,56,0,0,166,0,166,0,5,217,0,222,246,0,246,468
06/04/2023,FMY,FL,ASO,ES,Federal Contract Tower,0,8,89,0,97,0,0,176,0,176,0,8,265,0,273,254,0,254,527
06/05/2023,FMY,FL,ASO,ES,Federal Contract Tower,0,10,80,0,90,0,6,211,0,217,0,16,291,0,307,224,0,224,531
06/06/2023,FMY,FL,ASO,ES,Federal Contract Tower,0,5,92,0,97,0,0,197,0,197,0,5,289,0,294,178,0,178,472
06/07/2023,FMY,FL,ASO,ES,Federal Contract Tower,0,1,86,0,87,0,0,215,0,215,0,1,301,0,302,360,0,360,662
06/08/2023,FMY,FL,ASO,ES,Federal Contract Tower,0,9,71,0,80,0,2,186,0,188,0,11,257,0,268,382,0,382,650
06/09/2023,FMY,FL,ASO,ES,Federal Contract Tower,0,7,91,0,98,0,1,251,0,252,0,8,342,0,350,324,0,324,674
06/10/2023,FMY,FL,ASO,ES,Federal Contract Tower,0,2,63,0,65,0,0,283,0,283,0,2,346,0,348,262,0,262,610
06/11/2023,FMY,FL,ASO,ES,Federal Contract Tower,0,10,80,0,90,0,1,200,0,201,0,11,280,0,291,306,0,306,597
06/12/2023,FMY,FL,ASO,ES,Federal Contract Tower,0,4,47,0,51,0,0,207,0,207,0,4,254,0,258,412,0,412,670
06/13/2023,FMY,FL,ASO,ES,Federal Contract Tower,0,4,81,0,85,0,3,250,0,253,0,7,331,0,338,298,0,298,636
06/14/2023,FMY,FL,ASO,ES,Federal Contract Tower,0,11,65,0,76,0,4,207,0,211,0,15,272,0,287,364,0,364,651
06/15/2023,FMY,FL,ASO,ES,Federal Contract Tower,0,7,96,0,103,0,2,272,0,274,0,9,368,0,377,346,0,346,723
06/16/2023,FMY,FL,ASO,ES,Federal Contract Tower,0,6,76,0,82,0,2,261,0,263,0,8,337,0,345,388,0,388,733
06/17/2023,FMY,FL,ASO,ES,Federal Contract Tower,0,7,86,0,93,0,0,198,0,198,0,7,284,0,291,352,0,352,643
06/18/2023,FMY,FL,ASO,ES,Federal Contract Tower,0,6,24,0,30,0,0,22,0,22,0,6,46,0,52,52,0,52,104
06/19/2023,FMY,FL,ASO,ES,Federal Contract Tower,0,4,86,0,90,0,1,163,0,164,0,5,249,0,254,316,0,316,570
06/20/2023,FMY,FL,ASO,ES,Federal Contract Tower,0,6,47,0,53,0,0,157,0,157,0,6,204,0,210,182,0,182,392
06/21/2023,FMY,FL,ASO,ES,Federal Contract Tower,0,5,51,0,56,0,0,181,0,181,0,5,232,0,237,346,0,346,583
06/22/2023,FMY,FL,ASO,ES,Federal Contract Tower,0,5,79,0,84,0,0,263,0,263,0,5,342,0,347,434,0,434,781
06/23/2023,FMY,FL,ASO,ES,Federal Contract Tower,0,2,68,0,70,0,1,216,0,217,0,3,284,0,287,328,0,328,615
06/24/2023,FMY,FL,ASO,ES,Federal Contract Tower,0,5,63,0,68,0,4,231,0,235,0,9,294,0,303,350,0,350,653
06/25/2023,FMY,FL,ASO,ES,Federal Contract Tower,0,6,49,0,55,0,3,135,0,138,0,9,184,0,193,214,0,214,407
06/26/2023,FMY,FL,ASO,ES,Federal Contract Tower,0,4,51,0,55,0,3,177,0,180,0,7,228,0,235,204,0,204,439
06/27/2023,FMY,FL,ASO,ES,Federal Contract Tower,0,6,62,0,68,0,0,174,0,174,0,6,236,0,242,284,0,284,526
06/28/2023,FMY,FL,ASO,ES,Federal Contract Tower,0,12,65,0,77,0,1,204,0,205,0,13,269,0,282,352,0,352,634
06/29/2023,FMY,FL,ASO,ES,Federal Contract Tower,0,0,101,0,101,0,0,201,0,201,0,0,302,0,302,362,0,362,664
06/30/2023,FMY,FL,ASO,ES,Federal Contract Tower,0,6,88,0,94,0,0,191,0,191,0,6,279,0,285,276,0,276,561
07/01/2023,FMY,FL,ASO,ES,Federal Contract Tower,0,3,56,0,59,0,0,221,0,221,0,3,277,0,280,342,0,342,622
07/02/2023,FMY,FL,ASO,ES,Federal Contract Tower,0,4,51,0,55,0,0,156,0,156,0,4,207,0,211,238,0,238,449
07/03/2023,FMY,FL,ASO,ES,Federal Contract Tower,0,2,83,0,85,0,0,158,0,158,0,2,241,0,243,282,0,282,525
07/04/2023,FMY,FL,ASO,ES,Federal Contract Tower,0,4,24,0,28,0,0,84,0,84,0,4,108,0,112,105,0,105,217
07/05/2023,FMY,FL,ASO,ES,Federal Contract Tower,0,8,58,0,66,0,0,155,0,155,0,8,213,0,221,206,0,206,427
07/06/2023,FMY,FL,ASO,ES,Federal Contract Tower,0,10,56,0,66,0,0,176,0,176,0,10,232,0,242,222,0,222,464
07/07/2023,FMY,FL,ASO,ES,Federal Contract Tower,0,8,75,0,83,0,1,233,0,234,0,9,308,0,317,260,0,260,577
07/08/2023,FMY,FL,ASO,ES,Federal Contract Tower,0,4,53,0,57,0,0,210,1,211,0,4,263,1,268,264,0,264,532
07/09/2023,FMY,FL,ASO,ES,Federal Contract Tower,0,7,63,0,70,0,0,172,0,172,0,7,235,0,242,300,0,300,542
07/10/2023,FMY,FL,ASO,ES,Federal Contract Tower,0,2,78,0,80,0,4,178,0,182,0,6,256,0,262,302,0,302,564
07/11/2023,FMY,FL,ASO,ES,Federal Contract Tower,0,11,58,0,69,0,10,159,0,169,0,21,217,0,238,292,0,292,530
07/12/2023,FMY,FL,ASO,ES,Federal Contract Tower,0,7,34,0,41,0,2,180,0,182,0,9,214,0,223,140,0,140,363
07/13/2023,FMY,FL,ASO,ES,Federal Contract Tower,0,6,82,0,88,0,0,243,0,243,0,6,325,0,331,318,0,318,649
07/14/2023,FMY,FL,ASO,ES,Federal Contract Tower,0,6,40,0,46,0,0,173,1,174,0,6,213,1,220,194,0,194,414
07/15/2023,FMY,FL,ASO,ES,Federal Contract Tower,0,6,48,0,54,0,3,210,0,213,0,9,258,0,267,332,0,332,599
07/16/2023,FMY,FL,ASO,ES,Federal Contract Tower,0,5,52,0,57,0,6,154,0,160,0,11,206,0,217,284,0,284,501
07/17/2023,FMY,FL,ASO,ES,Federal Contract Tower,0,8,58,0,66,0,0,162,0,162,0,8,220,0,228,372,0,372,600
07/18/2023,FMY,FL,ASO,ES,Federal Contract Tower,0,7,49,0,56,0,3,136,0,139,0,10,185,0,195,314,0,314,509
07/19/2023,FMY,FL,ASO,ES,Federal Contract Tower,0,2,62,0,64,0,4,208,0,212,0,6,270,0,276,338,0,338,614
07/20/2023,FMY,FL,ASO,ES,Federal Contract Tower,0,6,65,0,71,0,0,221,0,221,0,6,286,0,292,326,0,326,618
07/21/2023,FMY,FL,ASO,ES,Federal Contract Tower,0,7,57,0,64,0,0,216,0,216,0,7,273,0,280,290,0,290,570
07/22/2023,FMY,FL,ASO,ES,Federal Contract Tower,0,3,71,0,74,0,2,225,0,227,0,5,296,0,301,368,0,368,669
07/23/2023,FMY,FL,ASO,ES,Federal Contract Tower,0,3,63,0,66,0,0,134,0,134,0,3,197,0,200,258,0,258,458
07/24/2023,FMY,FL,ASO,ES,Federal Contract Tower,0,5,75,0,80,0,1,188,0,189,0,6,263,0,269,238,0,238,507
07/25/2023,FMY,FL,ASO,ES,Federal Contract Tower,0,9,67,0,76,0,0,154,0,154,0,9,221,0,230,242,0,242,472
07/26/2023,FMY,FL,ASO,ES,Federal Contract Tower,0,6,59,0,65,0,0,152,0,152,0,6,211,0,217,182,0,182,399
07/27/2023,FMY,FL,ASO,ES,Federal Contract Tower,0,5,84,0,89,0,2,183,0,185,0,7,267,0,274,322,0,322,596
07/28/2023,FMY,FL,ASO,ES,Federal Contract Tower,0,11,67,0,78,0,0,125,0,125,0,11,192,0,203,136,0,136,339
07/29/2023,FMY,FL,ASO,ES,Federal Contract Tower,0,3,42,0,45,0,6,170,0,176,0,9,212,0,221,274,0,274,495
07/30/2023,FMY,FL,ASO,ES,Federal Contract Tower,0,1,65,0,66,0,2,239,0,241,0,3,304,0,307,274,0,274,581
07/31/2023,FMY,FL,ASO,ES,Federal Contract Tower,0,8,57,0,65,0,0,162,0,162,0,8,219,0,227,278,0,278,505
08/01/2023,FMY,FL,ASO,ES,Federal Contract Tower,0,0,55,0,55,0,0,158,0,158,0,0,213,0,213,300,0,300,513
08/02/2023,FMY,FL,ASO,ES,Federal Contract Tower,0,5,53,0,58,0,0,205,0,205,0,5,258,0,263,324,0,324,587
08/03/2023,FMY,FL,ASO,ES,Federal Contract Tower,0,13,60,0,73,0,3,197,0,200,0,16,257,0,273,376,0,376,649
08/04/2023,FMY,FL,ASO,ES,Federal Contract Tower,0,1,81,0,82,0,0,267,0,267,0,1,348,0,349,426,0,426,775
08/05/2023,FMY,FL,ASO,ES,Federal Contract Tower,0,7,56,0,63,0,0,238,0,238,0,7,294,0,301,334,0,334,635
08/06/2023,FMY,FL,ASO,ES,Federal Contract Tower,0,5,48,0,53,0,0,175,0,175,0,5,223,0,228,392,0,392,620
08/07/2023,FMY,FL,ASO,ES,Federal Contract Tower,0,6,69,0,75,0,5,171,0,176,0,11,240,0,251,296,0,296,547
08/08/2023,FMY,FL,ASO,ES,Federal Contract Tower,0,2,70,0,72,0,0,202,0,202,0,2,272,0,274,302,0,302,576
08/09/2023,FMY,FL,ASO,ES,Federal Contract Tower,0,8,41,0,49,0,0,149,0,149,0,8,190,0,198,216,0,216,414
08/10/2023,FMY,FL,ASO,ES,Federal Contract Tower,0,2,50,0,52,0,0,208,0,208,0,2,258,0,260,294,0,294,554
08/11/2023,FMY,FL,ASO,ES,Federal Contract Tower,0,15,54,0,69,0,2,179,0,181,0,17,233,0,250,204,0,204,454
08/12/2023,FMY,FL,ASO,ES,Federal Contract Tower,0,5,51,0,56,0,2,215,2,219,0,7,266,2,275,276,6,282,557
08/13/2023,FMY,FL,ASO,ES,Federal Contract Tower,0,11,79,0,90,0,0,203,0,203,0,11,282,0,293,246,0,246,539
08/14/2023,FMY,FL,ASO,ES,Federal Contract Tower,0,4,78,0,82,0,1,223,0,224,0,5,301,0,306,318,0,318,624
08/15/2023,FMY,FL,ASO,ES,Federal Contract Tower,0,3,66,0,69,0,0,156,0,156,0,3,222,0,225,224,0,224,449
08/16/2023,FMY,FL,ASO,ES,Federal Contract Tower,0,5,70,0,75,0,6,181,0,187,0,11,251,0,262,364,0,364,626
08/17/2023,FMY,FL,ASO,ES,Federal Contract Tower,0,13,58,0,71,0,0,203,0,203,0,13,261,0,274,364,0,364,638
08/18/2023,FMY,FL,ASO,ES,Federal Contract Tower,0,4,42,0,46,0,0,140,0,140,0,4,182,0,186,292,0,292,478
08/19/2023,FMY,FL,ASO,ES,Federal Contract Tower,0,3,37,0,40,0,0,243,0,243,0,3,280,0,283,326,0,326,609
08/20/2023,FMY,FL,ASO,ES,Federal Contract Tower,0,11,48,0,59,0,0,114,0,114,0,11,162,0,173,154,0,154,327
08/21/2023,FMY,FL,ASO,ES,Federal Contract Tower,0,6,43,0,49,0,2,149,0,151,0,8,192,0,200,242,0,242,442
08/22/2023,FMY,FL,ASO,ES,Federal Contract Tower,0,6,60,0,66,0,0,210,0,210,0,6,270,0,276,308,0,308,584
08/23/2023,FMY,FL,ASO,ES,Federal Contract Tower,0,12,62,0,74,0,0,209,0,209,0,12,271,0,283,314,0,314,597
08/24/2023,FMY,FL,ASO,ES,Federal Contract Tower,0,6,77,0,83,0,0,234,0,234,0,6,311,0,317,254,0,254,571
08/25/2023,FMY,FL,ASO,ES,Federal Contract Tower,0,9,97,0,106,0,0,250,0,250,0,9,347,0,356,320,0,320,676
08/26/2023,FMY,FL,ASO,ES,Federal Contract Tower,0,0,69,0,69,0,0,278,0,278,0,0,347,0,347,410,0,410,757
08/27/2023,FMY,FL,ASO,ES,Federal Contract Tower,0,4,59,0,63,0,5,179,0,184,0,9,238,0,247,256,0,256,503
08/28/2023,FMY,FL,ASO,ES,Federal Contract Tower,0,4,59,0,63,0,8,108,0,116,0,12,167,0,179,116,0,116,295
08/29/2023,FMY,FL,ASO,ES,Federal Contract Tower,0,5,12,0,17,0,1,20,0,21,0,6,32,0,38,0,0,0,38
08/30/2023,FMY,FL,ASO,ES,Federal Contract Tower,0,2,2,0,4,0,0,3,0,3,0,2,5,0,7,0,0,0,7
08/31/2023,FMY,FL,ASO,ES,Federal Contract Tower,0,9,65,0,74,0,0,137,0,137,0,9,202,0,211,230,0,230,441
