01/01/2020,FOE,KS,ACE,CE,Federal Contract Tower,2,1,0,0,3,0,0,0,0,0,2,1,0,0,3,0,0,0,3
01/02/2020,FOE,KS,ACE,CE,Federal Contract Tower,0,0,4,6,10,0,0,8,2,10,0,0,12,8,20,6,14,20,40
01/03/2020,FOE,KS,ACE,CE,Federal Contract Tower,1,0,1,21,23,0,0,12,4,16,1,0,13,25,39,0,100,100,139
01/04/2020,FOE,KS,ACE,CE,Federal Contract Tower,2,1,1,8,12,0,0,8,0,8,2,1,9,8,20,0,40,40,60
01/05/2020,FOE,KS,ACE,CE,Federal Contract Tower,0,0,4,0,4,0,0,5,0,5,0,0,9,0,9,0,0,0,9
01/06/2020,FOE,KS,ACE,CE,Federal Contract Tower,0,3,5,19,27,0,0,4,4,8,0,3,9,23,35,20,50,70,105
01/07/2020,FOE,KS,ACE,CE,Federal Contract Tower,0,0,17,10,27,0,0,9,1,10,0,0,26,11,37,20,10,30,67
01/08/2020,FOE,KS,ACE,CE,Federal Contract Tower,0,1,11,26,38,0,0,3,16,19,0,1,14,42,57,0,42,42,99
01/09/2020,FOE,KS,ACE,CE,Federal Contract Tower,0,0,9,15,24,0,0,8,29,37,0,0,17,44,61,2,54,56,117
01/12/2020,FOE,KS,ACE,CE,Federal Contract Tower,0,0,0,0,0,0,0,0,0,0,0,0,0,0,0,0,0,0,0
01/13/2020,FOE,KS,ACE,CE,Federal Contract Tower,0,0,1,0,1,0,0,0,0,0,0,0,1,0,1,0,0,0,1
01/14/2020,FOE,KS,ACE,CE,Federal Contract Tower,2,0,6,13,21,0,0,2,0,2,2,0,8,13,23,4,18,22,45
01/15/2020,FOE,KS,ACE,CE,Federal Contract Tower,0,0,11,36,47,0,0,0,0,0,0,0,11,36,47,0,0,0,47
01/16/2020,FOE,KS,ACE,CE,Federal Contract Tower,0,1,7,29,37,0,0,4,17,21,0,1,11,46,58,0,60,60,118
01/17/2020,FOE,KS,ACE,CE,Federal Contract Tower,0,0,1,0,1,0,0,0,0,0,0,0,1,0,1,0,0,0,1
01/18/2020,FOE,KS,ACE,CE,Federal Contract Tower,0,2,6,0,8,0,0,0,0,0,0,2,6,0,8,0,0,0,8
01/19/2020,FOE,KS,ACE,CE,Federal Contract Tower,0,0,2,0,2,0,0,8,0,8,0,0,10,0,10,10,0,10,20
01/20/2020,FOE,KS,ACE,CE,Federal Contract Tower,0,0,2,0,2,0,0,13,4,17,0,0,15,4,19,4,0,4,23
01/21/2020,FOE,KS,ACE,CE,Federal Contract Tower,0,4,0,18,22,0,0,12,8,20,0,4,12,26,42,0,58,58,100
01/22/2020,FOE,KS,ACE,CE,Federal Contract Tower,0,0,6,1,7,0,0,0,0,0,0,0,6,1,7,0,0,0,7
01/23/2020,FOE,KS,ACE,CE,Federal Contract Tower,0,3,5,3,11,0,0,0,0,0,0,3,5,3,11,0,0,0,11
01/24/2020,FOE,KS,ACE,CE,Federal Contract Tower,1,2,8,0,11,0,0,0,6,6,1,2,8,6,17,0,36,36,53
01/25/2020,FOE,KS,ACE,CE,Federal Contract Tower,0,1,4,0,5,0,0,8,0,8,0,1,12,0,13,0,0,0,13
01/26/2020,FOE,KS,ACE,CE,Federal Contract Tower,0,0,4,0,4,0,0,13,0,13,0,0,17,0,17,0,0,0,17
01/27/2020,FOE,KS,ACE,CE,Federal Contract Tower,0,0,11,19,30,0,0,16,0,16,0,0,27,19,46,0,12,12,58
01/28/2020,FOE,KS,ACE,CE,Federal Contract Tower,0,0,10,7,17,0,0,0,0,0,0,0,10,7,17,0,0,0,17
01/30/2020,FOE,KS,ACE,CE,Federal Contract Tower,0,0,6,13,19,0,0,2,6,8,0,0,8,19,27,0,54,54,81
01/31/2020,FOE,KS,ACE,CE,Federal Contract Tower,0,0,12,9,21,0,0,4,0,4,0,0,16,9,25,0,66,66,91
02/01/2020,FOE,KS,ACE,CE,Federal Contract Tower,2,0,2,2,6,0,0,7,1,8,2,0,9,3,14,0,0,0,14
02/02/2020,FOE,KS,ACE,CE,Federal Contract Tower,0,2,2,0,4,0,0,25,0,25,0,2,27,0,29,0,0,0,29
02/03/2020,FOE,KS,ACE,CE,Federal Contract Tower,2,2,4,25,33,0,0,18,0,18,2,2,22,25,51,0,26,26,77
02/04/2020,FOE,KS,ACE,CE,Federal Contract Tower,0,0,5,0,5,0,0,0,4,4,0,0,5,4,9,0,28,28,37
02/05/2020,FOE,KS,ACE,CE,Federal Contract Tower,0,0,6,1,7,0,0,1,11,12,0,0,7,12,19,0,66,66,85
02/06/2020,FOE,KS,ACE,CE,Federal Contract Tower,0,0,3,23,26,0,0,9,102,111,0,0,12,125,137,0,68,68,205
02/07/2020,FOE,KS,ACE,CE,Federal Contract Tower,0,0,10,13,23,0,0,15,0,15,0,0,25,13,38,0,46,46,84
02/08/2020,FOE,KS,ACE,CE,Federal Contract Tower,0,0,2,3,5,0,0,16,12,28,0,0,18,15,33,0,0,0,33
02/09/2020,FOE,KS,ACE,CE,Federal Contract Tower,0,1,1,1,3,0,0,7,3,10,0,1,8,4,13,0,0,0,13
02/10/2020,FOE,KS,ACE,CE,Federal Contract Tower,1,0,2,33,36,0,0,7,2,9,1,0,9,35,45,0,44,44,89
02/11/2020,FOE,KS,ACE,CE,Federal Contract Tower,3,0,3,28,34,0,0,13,13,26,3,0,16,41,60,4,58,62,122
02/13/2020,FOE,KS,ACE,CE,Federal Contract Tower,4,3,2,2,11,0,0,9,0,9,4,3,11,2,20,0,0,0,20
02/14/2020,FOE,KS,ACE,CE,Federal Contract Tower,8,0,11,1,20,0,0,2,0,2,8,0,13,1,22,0,0,0,22
02/15/2020,FOE,KS,ACE,CE,Federal Contract Tower,0,0,2,0,2,0,0,6,0,6,0,0,8,0,8,0,0,0,8
02/16/2020,FOE,KS,ACE,CE,Federal Contract Tower,0,2,4,0,6,0,0,70,0,70,0,2,74,0,76,10,0,10,86
02/17/2020,FOE,KS,ACE,CE,Federal Contract Tower,8,2,11,6,27,0,0,7,0,7,8,2,18,6,34,0,0,0,34
02/18/2020,FOE,KS,ACE,CE,Federal Contract Tower,0,0,6,29,35,0,0,10,2,12,0,0,16,31,47,0,76,76,123
02/19/2020,FOE,KS,ACE,CE,Federal Contract Tower,0,0,3,18,21,0,2,4,1,7,0,2,7,19,28,0,61,61,89
02/20/2020,FOE,KS,ACE,CE,Federal Contract Tower,2,0,2,15,19,0,0,0,9,9,2,0,2,24,28,10,64,74,102
02/21/2020,FOE,KS,ACE,CE,Federal Contract Tower,1,4,16,5,26,0,0,17,29,46,1,4,33,34,72,8,54,62,134
02/22/2020,FOE,KS,ACE,CE,Federal Contract Tower,1,7,5,2,15,0,0,26,0,26,1,7,31,2,41,46,0,46,87
02/23/2020,FOE,KS,ACE,CE,Federal Contract Tower,2,7,7,2,18,0,0,11,0,11,2,7,18,2,29,0,0,0,29
02/24/2020,FOE,KS,ACE,CE,Federal Contract Tower,0,0,18,0,18,0,0,4,0,4,0,0,22,0,22,0,0,0,22
02/25/2020,FOE,KS,ACE,CE,Federal Contract Tower,0,1,3,7,11,0,0,0,0,0,0,1,3,7,11,0,0,0,11
02/26/2020,FOE,KS,ACE,CE,Federal Contract Tower,0,0,15,13,28,0,0,3,5,8,0,0,18,18,36,0,36,36,72
02/27/2020,FOE,KS,ACE,CE,Federal Contract Tower,0,0,5,18,23,0,0,14,2,16,0,0,19,20,39,2,58,60,99
02/28/2020,FOE,KS,ACE,CE,Federal Contract Tower,0,1,10,28,39,0,0,7,1,8,0,1,17,29,47,0,130,130,177
02/29/2020,FOE,KS,ACE,CE,Federal Contract Tower,0,0,0,0,0,0,0,5,0,5,0,0,5,0,5,0,0,0,5
03/01/2020,FOE,KS,ACE,CE,Federal Contract Tower,0,0,3,4,7,0,0,17,0,17,0,0,20,4,24,0,0,0,24
03/02/2020,FOE,KS,ACE,CE,Federal Contract Tower,2,3,6,14,25,0,0,18,2,20,2,3,24,16,45,0,46,46,91
03/03/2020,FOE,KS,ACE,CE,Federal Contract Tower,1,0,11,18,30,0,0,5,0,5,1,0,16,18,35,2,98,100,135
03/04/2020,FOE,KS,ACE,CE,Federal Contract Tower,0,0,7,28,35,0,0,14,5,19,0,0,21,33,54,8,106,114,168
03/05/2020,FOE,KS,ACE,CE,Federal Contract Tower,1,2,3,20,26,0,0,4,11,15,1,2,7,31,41,0,36,36,77
03/06/2020,FOE,KS,ACE,CE,Federal Contract Tower,2,2,2,19,25,0,0,31,1,32,2,2,33,20,57,0,40,40,97
03/07/2020,FOE,KS,ACE,CE,Federal Contract Tower,0,1,3,1,5,0,0,4,6,10,0,1,7,7,15,0,0,0,15
03/08/2020,FOE,KS,ACE,CE,Federal Contract Tower,0,0,7,1,8,0,0,8,0,8,0,0,15,1,16,0,0,0,16
03/09/2020,FOE,KS,ACE,CE,Federal Contract Tower,0,1,8,11,20,0,0,0,0,0,0,1,8,11,20,0,0,0,20
03/10/2020,FOE,KS,ACE,CE,Federal Contract Tower,0,1,1,19,21,0,0,2,0,2,0,1,3,19,23,0,0,0,23
03/11/2020,FOE,KS,ACE,CE,Federal Contract Tower,0,0,11,10,21,0,0,2,11,13,0,0,13,21,34,0,36,36,70
03/12/2020,FOE,KS,ACE,CE,Federal Contract Tower,0,0,3,25,28,0,0,15,4,19,0,0,18,29,47,8,104,112,159
03/13/2020,FOE,KS,ACE,CE,Federal Contract Tower,0,2,6,11,19,0,0,2,0,2,0,2,8,11,21,4,54,58,79
03/14/2020,FOE,KS,ACE,CE,Federal Contract Tower,0,2,3,0,5,0,0,0,0,0,0,2,3,0,5,0,0,0,5
03/15/2020,FOE,KS,ACE,CE,Federal Contract Tower,0,0,3,1,4,0,0,0,0,0,0,0,3,1,4,0,0,0,4
03/16/2020,FOE,KS,ACE,CE,Federal Contract Tower,0,3,2,0,5,0,0,0,0,0,0,3,2,0,5,0,0,0,5
03/17/2020,FOE,KS,ACE,CE,Federal Contract Tower,0,0,5,10,15,0,0,0,2,2,0,0,5,12,17,0,4,4,21
03/18/2020,FOE,KS,ACE,CE,Federal Contract Tower,0,0,1,4,5,0,0,0,0,0,0,0,1,4,5,0,78,78,83
03/19/2020,FOE,KS,ACE,CE,Federal Contract Tower,0,0,3,7,10,0,0,0,10,10,0,0,3,17,20,0,14,14,34
03/20/2020,FOE,KS,ACE,CE,Federal Contract Tower,0,0,3,4,7,0,0,4,0,4,0,0,7,4,11,4,36,40,51
03/21/2020,FOE,KS,ACE,CE,Federal Contract Tower,0,0,3,0,3,0,0,8,0,8,0,0,11,0,11,2,0,2,13
03/22/2020,FOE,KS,ACE,CE,Federal Contract Tower,0,0,1,0,1,0,0,0,0,0,0,0,1,0,1,0,0,0,1
03/23/2020,FOE,KS,ACE,CE,Federal Contract Tower,0,0,2,2,4,0,0,0,0,0,0,0,2,2,4,0,0,0,4
03/24/2020,FOE,KS,ACE,CE,Federal Contract Tower,0,0,4,13,17,0,0,0,0,0,0,0,4,13,17,0,12,12,29
03/25/2020,FOE,KS,ACE,CE,Federal Contract Tower,0,0,0,7,7,0,0,0,0,0,0,0,0,7,7,0,10,10,17
03/26/2020,FOE,KS,ACE,CE,Federal Contract Tower,0,0,4,4,8,0,0,0,2,2,0,0,4,6,10,10,16,26,36
03/27/2020,FOE,KS,ACE,CE,Federal Contract Tower,0,0,3,4,7,0,0,0,0,0,0,0,3,4,7,0,0,0,7
03/28/2020,FOE,KS,ACE,CE,Federal Contract Tower,0,2,0,0,2,0,0,0,0,0,0,2,0,0,2,0,0,0,2
03/29/2020,FOE,KS,ACE,CE,Federal Contract Tower,0,0,0,0,0,0,2,24,0,26,0,2,24,0,26,12,0,12,38
03/30/2020,FOE,KS,ACE,CE,Federal Contract Tower,0,0,7,4,11,0,0,26,0,26,0,0,33,4,37,20,14,34,71
03/31/2020,FOE,KS,ACE,CE,Federal Contract Tower,0,0,6,19,25,0,0,24,7,31,0,0,30,26,56,0,42,42,98
04/02/2020,FOE,KS,ACE,CE,Federal Contract Tower,0,0,0,5,5,0,0,4,0,4,0,0,4,5,9,0,4,4,13
04/03/2020,FOE,KS,ACE,CE,Federal Contract Tower,0,0,0,0,0,0,0,0,0,0,0,0,0,0,0,0,0,0,0
04/04/2020,FOE,KS,ACE,CE,Federal Contract Tower,0,0,2,0,2,0,0,2,0,2,0,0,4,0,4,8,0,8,12
04/05/2020,FOE,KS,ACE,CE,Federal Contract Tower,0,0,0,0,0,0,0,3,0,3,0,0,3,0,3,0,0,0,3
04/06/2020,FOE,KS,ACE,CE,Federal Contract Tower,0,0,2,0,2,0,0,0,0,0,0,0,2,0,2,0,0,0,2
04/07/2020,FOE,KS,ACE,CE,Federal Contract Tower,0,0,3,4,7,0,0,8,3,11,0,0,11,7,18,32,50,82,100
04/08/2020,FOE,KS,ACE,CE,Federal Contract Tower,0,0,5,3,8,0,0,0,0,0,0,0,5,3,8,0,4,4,12
04/09/2020,FOE,KS,ACE,CE,Federal Contract Tower,0,0,0,18,18,0,0,4,0,4,0,0,4,18,22,0,0,0,22
04/10/2020,FOE,KS,ACE,CE,Federal Contract Tower,1,0,3,17,21,0,0,4,28,32,1,0,7,45,53,16,18,34,87
04/11/2020,FOE,KS,ACE,CE,Federal Contract Tower,0,2,0,0,2,0,0,0,0,0,0,2,0,0,2,2,0,2,4
04/12/2020,FOE,KS,ACE,CE,Federal Contract Tower,0,2,0,0,2,0,0,0,0,0,0,2,0,0,2,0,0,0,2
04/13/2020,FOE,KS,ACE,CE,Federal Contract Tower,0,0,0,29,29,0,0,4,1,5,0,0,4,30,34,10,4,14,48
04/14/2020,FOE,KS,ACE,CE,Federal Contract Tower,1,0,0,23,24,0,0,2,8,10,1,0,2,31,34,0,40,40,74
04/15/2020,FOE,KS,ACE,CE,Federal Contract Tower,0,0,1,7,8,0,0,12,17,29,0,0,13,24,37,0,0,0,37
04/16/2020,FOE,KS,ACE,CE,Federal Contract Tower,0,0,0,6,6,0,0,0,0,0,0,0,0,6,6,0,6,6,12
04/17/2020,FOE,KS,ACE,CE,Federal Contract Tower,0,0,1,6,7,0,4,1,8,13,0,4,2,14,20,0,16,16,36
04/18/2020,FOE,KS,ACE,CE,Federal Contract Tower,0,0,2,3,5,0,4,1,1,6,0,4,3,4,11,0,0,0,11
04/19/2020,FOE,KS,ACE,CE,Federal Contract Tower,0,0,1,0,1,0,0,6,15,21,0,0,7,15,22,30,0,30,52
04/20/2020,FOE,KS,ACE,CE,Federal Contract Tower,0,0,8,35,43,0,0,17,2,19,0,0,25,37,62,10,68,78,140
04/21/2020,FOE,KS,ACE,CE,Federal Contract Tower,0,0,3,17,20,0,0,28,2,30,0,0,31,19,50,13,73,86,136
04/22/2020,FOE,KS,ACE,CE,Federal Contract Tower,0,0,5,4,9,0,0,0,0,0,0,0,5,4,9,0,14,14,23
04/23/2020,FOE,KS,ACE,CE,Federal Contract Tower,0,0,0,30,30,0,0,18,0,18,0,0,18,30,48,0,18,18,66
04/24/2020,FOE,KS,ACE,CE,Federal Contract Tower,0,0,1,0,1,0,0,0,0,0,0,0,1,0,1,0,0,0,1
04/25/2020,FOE,KS,ACE,CE,Federal Contract Tower,0,0,0,0,0,0,0,12,0,12,0,0,12,0,12,4,0,4,16
04/26/2020,FOE,KS,ACE,CE,Federal Contract Tower,0,0,0,0,0,0,2,13,0,15,0,2,13,0,15,2,0,2,17
04/27/2020,FOE,KS,ACE,CE,Federal Contract Tower,0,0,2,14,16,0,0,2,10,12,0,0,4,24,28,0,40,40,68
04/28/2020,FOE,KS,ACE,CE,Federal Contract Tower,0,0,4,16,20,0,0,0,2,2,0,0,4,18,22,0,38,38,60
04/29/2020,FOE,KS,ACE,CE,Federal Contract Tower,0,0,3,14,17,0,0,3,19,22,0,0,6,33,39,0,0,0,39
04/30/2020,FOE,KS,ACE,CE,Federal Contract Tower,0,2,1,16,19,0,0,13,8,21,0,2,14,24,40,0,46,46,86
05/01/2020,FOE,KS,ACE,CE,Federal Contract Tower,0,1,2,4,7,0,0,2,7,9,0,1,4,11,16,0,64,64,80
05/02/2020,FOE,KS,ACE,CE,Federal Contract Tower,0,1,1,26,28,0,0,32,7,39,0,1,33,33,67,4,56,60,127
05/03/2020,FOE,KS,ACE,CE,Federal Contract Tower,0,0,1,1,2,0,0,7,4,11,0,0,8,5,13,8,0,8,21
05/04/2020,FOE,KS,ACE,CE,Federal Contract Tower,0,0,1,1,2,0,0,0,2,2,0,0,1,3,4,0,2,2,6
05/05/2020,FOE,KS,ACE,CE,Federal Contract Tower,0,0,2,27,29,0,0,9,2,11,0,0,11,29,40,0,3,3,43
05/06/2020,FOE,KS,ACE,CE,Federal Contract Tower,0,0,1,21,22,0,0,8,12,20,0,0,9,33,42,0,18,18,60
05/07/2020,FOE,KS,ACE,CE,Federal Contract Tower,0,0,1,14,15,0,0,6,0,6,0,0,7,14,21,0,74,74,95
05/08/2020,FOE,KS,ACE,CE,Federal Contract Tower,0,0,2,4,6,0,0,2,14,16,0,0,4,18,22,0,6,6,28
05/09/2020,FOE,KS,ACE,CE,Federal Contract Tower,0,0,0,3,3,0,0,32,0,32,0,0,32,3,35,6,0,6,41
05/10/2020,FOE,KS,ACE,CE,Federal Contract Tower,0,0,1,7,8,0,0,4,1,5,0,0,5,8,13,0,0,0,13
05/11/2020,FOE,KS,ACE,CE,Federal Contract Tower,0,0,2,16,18,0,0,19,6,25,0,0,21,22,43,0,20,20,63
05/12/2020,FOE,KS,ACE,CE,Federal Contract Tower,0,0,6,30,36,0,0,8,5,13,0,0,14,35,49,0,52,52,101
05/13/2020,FOE,KS,ACE,CE,Federal Contract Tower,0,0,1,6,7,0,0,0,0,0,0,0,1,6,7,0,0,0,7
05/14/2020,FOE,KS,ACE,CE,Federal Contract Tower,0,0,0,5,5,0,0,9,8,17,0,0,9,13,22,12,32,44,66
05/15/2020,FOE,KS,ACE,CE,Federal Contract Tower,0,0,3,4,7,0,0,4,0,4,0,0,7,4,11,0,0,0,11
05/16/2020,FOE,KS,ACE,CE,Federal Contract Tower,0,0,1,0,1,0,0,6,0,6,0,0,7,0,7,0,0,0,7
05/17/2020,FOE,KS,ACE,CE,Federal Contract Tower,0,0,4,9,13,0,2,2,0,4,0,2,6,9,17,0,14,14,31
05/18/2020,FOE,KS,ACE,CE,Federal Contract Tower,0,0,7,19,26,0,0,16,2,18,0,0,23,21,44,0,14,14,58
05/19/2020,FOE,KS,ACE,CE,Federal Contract Tower,0,2,4,24,30,0,0,14,6,20,0,2,18,30,50,0,33,33,83
05/20/2020,FOE,KS,ACE,CE,Federal Contract Tower,0,5,9,11,25,0,0,2,1,3,0,5,11,12,28,4,74,78,106
05/21/2020,FOE,KS,ACE,CE,Federal Contract Tower,0,1,8,11,20,0,2,2,8,12,0,3,10,19,32,0,22,22,54
05/22/2020,FOE,KS,ACE,CE,Federal Contract Tower,0,0,2,0,2,0,0,2,0,2,0,0,4,0,4,0,0,0,4
05/23/2020,FOE,KS,ACE,CE,Federal Contract Tower,0,0,0,0,0,0,0,7,0,7,0,0,7,0,7,0,0,0,7
05/24/2020,FOE,KS,ACE,CE,Federal Contract Tower,0,0,0,0,0,0,0,5,0,5,0,0,5,0,5,0,0,0,5
05/25/2020,FOE,KS,ACE,CE,Federal Contract Tower,0,0,2,2,4,0,0,0,0,0,0,0,2,2,4,0,0,0,4
05/26/2020,FOE,KS,ACE,CE,Federal Contract Tower,0,0,9,9,18,0,0,0,0,0,0,0,9,9,18,0,0,0,18
05/27/2020,FOE,KS,ACE,CE,Federal Contract Tower,0,2,2,40,44,0,0,6,0,6,0,2,8,40,50,0,62,62,112
05/28/2020,FOE,KS,ACE,CE,Federal Contract Tower,0,1,3,12,16,0,0,0,0,0,0,1,3,12,16,0,24,24,40
05/29/2020,FOE,KS,ACE,CE,Federal Contract Tower,0,0,5,4,9,0,0,6,6,12,0,0,11,10,21,6,4,10,31
05/30/2020,FOE,KS,ACE,CE,Federal Contract Tower,0,0,0,18,18,0,0,8,4,12,0,0,8,22,30,0,14,14,44
05/31/2020,FOE,KS,ACE,CE,Federal Contract Tower,0,0,5,0,5,0,0,15,0,15,0,0,20,0,20,4,0,4,24
06/01/2020,FOE,KS,ACE,CE,Federal Contract Tower,0,0,2,15,17,0,0,4,3,7,0,0,6,18,24,0,8,8,32
06/02/2020,FOE,KS,ACE,CE,Federal Contract Tower,0,0,6,11,17,0,0,17,21,38,0,0,23,32,55,14,40,54,109
06/03/2020,FOE,KS,ACE,CE,Federal Contract Tower,0,0,5,9,14,0,0,5,3,8,0,0,10,12,22,12,20,32,54
06/04/2020,FOE,KS,ACE,CE,Federal Contract Tower,0,0,4,14,18,0,0,8,6,14,0,0,12,20,32,2,42,44,76
06/05/2020,FOE,KS,ACE,CE,Federal Contract Tower,0,0,1,9,10,0,18,4,1,23,0,18,5,10,33,16,38,54,87
06/06/2020,FOE,KS,ACE,CE,Federal Contract Tower,0,0,0,8,8,0,0,10,0,10,0,0,10,8,18,0,20,20,38
06/07/2020,FOE,KS,ACE,CE,Federal Contract Tower,0,0,9,0,9,0,0,2,0,2,0,0,11,0,11,0,0,0,11
06/08/2020,FOE,KS,ACE,CE,Federal Contract Tower,0,0,2,28,30,0,0,8,14,22,0,0,10,42,52,2,80,82,134
06/09/2020,FOE,KS,ACE,CE,Federal Contract Tower,0,0,1,10,11,0,0,7,4,11,0,0,8,14,22,0,20,20,42
06/10/2020,FOE,KS,ACE,CE,Federal Contract Tower,0,1,4,27,32,0,0,4,17,21,0,1,8,44,53,0,60,60,113
06/11/2020,FOE,KS,ACE,CE,Federal Contract Tower,0,0,1,9,10,0,0,6,12,18,0,0,7,21,28,0,18,18,46
06/12/2020,FOE,KS,ACE,CE,Federal Contract Tower,0,0,5,7,12,0,4,4,15,23,0,4,9,22,35,0,30,30,65
06/13/2020,FOE,KS,ACE,CE,Federal Contract Tower,0,0,0,0,0,0,0,1,0,1,0,0,1,0,1,0,0,0,1
06/14/2020,FOE,KS,ACE,CE,Federal Contract Tower,0,0,7,0,7,0,0,3,0,3,0,0,10,0,10,14,0,14,24
06/15/2020,FOE,KS,ACE,CE,Federal Contract Tower,0,0,3,20,23,0,0,4,4,8,0,0,7,24,31,0,52,52,83
06/16/2020,FOE,KS,ACE,CE,Federal Contract Tower,0,0,2,27,29,0,0,9,19,28,0,0,11,46,57,10,50,60,117
06/17/2020,FOE,KS,ACE,CE,Federal Contract Tower,0,0,5,26,31,0,0,0,0,0,0,0,5,26,31,0,30,30,61
06/18/2020,FOE,KS,ACE,CE,Federal Contract Tower,0,0,3,16,19,0,0,0,0,0,0,0,3,16,19,0,30,30,49
06/19/2020,FOE,KS,ACE,CE,Federal Contract Tower,0,0,2,3,5,0,0,0,0,0,0,0,2,3,5,4,24,28,33
06/20/2020,FOE,KS,ACE,CE,Federal Contract Tower,0,0,3,1,4,0,0,2,0,2,0,0,5,1,6,4,0,4,10
06/21/2020,FOE,KS,ACE,CE,Federal Contract Tower,0,0,3,0,3,0,0,0,0,0,0,0,3,0,3,14,0,14,17
06/22/2020,FOE,KS,ACE,CE,Federal Contract Tower,0,0,12,34,46,0,0,0,0,0,0,0,12,34,46,0,20,20,66
06/23/2020,FOE,KS,ACE,CE,Federal Contract Tower,0,0,1,14,15,0,0,0,0,0,0,0,1,14,15,8,50,58,73
06/24/2020,FOE,KS,ACE,CE,Federal Contract Tower,0,0,8,31,39,0,0,2,0,2,0,0,10,31,41,0,92,92,133
06/25/2020,FOE,KS,ACE,CE,Federal Contract Tower,0,0,12,20,32,0,0,0,0,0,0,0,12,20,32,0,46,46,78
06/26/2020,FOE,KS,ACE,CE,Federal Contract Tower,0,0,2,23,25,0,0,4,0,4,0,0,6,23,29,0,52,52,81
06/27/2020,FOE,KS,ACE,CE,Federal Contract Tower,0,0,3,0,3,0,0,2,0,2,0,0,5,0,5,0,0,0,5
06/28/2020,FOE,KS,ACE,CE,Federal Contract Tower,0,0,2,0,2,0,0,2,0,2,0,0,4,0,4,0,0,0,4
06/29/2020,FOE,KS,ACE,CE,Federal Contract Tower,0,0,3,24,27,0,0,0,0,0,0,0,3,24,27,0,42,42,69
06/30/2020,FOE,KS,ACE,CE,Federal Contract Tower,0,0,7,26,33,0,0,0,0,0,0,0,7,26,33,0,22,22,55
07/01/2020,FOE,KS,ACE,CE,Federal Contract Tower,0,8,7,29,44,0,0,2,0,2,0,8,9,29,46,0,54,54,100
07/02/2020,FOE,KS,ACE,CE,Federal Contract Tower,0,3,7,10,20,0,0,0,0,0,0,3,7,10,20,0,16,16,36
07/03/2020,FOE,KS,ACE,CE,Federal Contract Tower,0,0,4,0,4,0,0,0,0,0,0,0,4,0,4,0,0,0,4
07/04/2020,FOE,KS,ACE,CE,Federal Contract Tower,0,0,1,2,3,0,0,8,0,8,0,0,9,2,11,0,0,0,11
07/05/2020,FOE,KS,ACE,CE,Federal Contract Tower,4,0,4,0,8,0,0,9,0,9,4,0,13,0,17,6,0,6,23
07/06/2020,FOE,KS,ACE,CE,Federal Contract Tower,0,0,9,8,17,0,2,9,1,12,0,2,18,9,29,0,10,10,39
07/07/2020,FOE,KS,ACE,CE,Federal Contract Tower,0,0,10,55,65,0,0,5,12,17,0,0,15,67,82,20,106,126,208
07/08/2020,FOE,KS,ACE,CE,Federal Contract Tower,0,0,11,17,28,0,0,2,0,2,0,0,13,17,30,0,48,48,78
07/09/2020,FOE,KS,ACE,CE,Federal Contract Tower,0,1,9,19,29,0,0,0,0,0,0,1,9,19,29,0,56,56,85
07/10/2020,FOE,KS,ACE,CE,Federal Contract Tower,0,0,5,8,13,0,0,0,0,0,0,0,5,8,13,44,44,88,101
07/11/2020,FOE,KS,ACE,CE,Federal Contract Tower,0,0,2,4,6,0,0,0,0,0,0,0,2,4,6,0,4,4,10
07/12/2020,FOE,KS,ACE,CE,Federal Contract Tower,0,0,3,4,7,0,0,0,0,0,0,0,3,4,7,10,48,58,65
07/13/2020,FOE,KS,ACE,CE,Federal Contract Tower,0,2,9,16,27,0,0,0,0,0,0,2,9,16,27,0,30,30,57
07/14/2020,FOE,KS,ACE,CE,Federal Contract Tower,0,0,4,6,10,0,0,0,0,0,0,0,4,6,10,6,30,36,46
07/15/2020,FOE,KS,ACE,CE,Federal Contract Tower,0,0,6,26,32,0,0,4,0,4,0,0,10,26,36,2,64,66,102
07/16/2020,FOE,KS,ACE,CE,Federal Contract Tower,0,0,3,16,19,0,0,4,0,4,0,0,7,16,23,0,40,40,63
07/17/2020,FOE,KS,ACE,CE,Federal Contract Tower,0,0,0,9,9,0,0,4,0,4,0,0,4,9,13,0,6,6,19
07/18/2020,FOE,KS,ACE,CE,Federal Contract Tower,0,0,11,2,13,0,0,1,0,1,0,0,12,2,14,2,60,62,76
07/19/2020,FOE,KS,ACE,CE,Federal Contract Tower,0,0,2,2,4,0,0,0,0,0,0,0,2,2,4,0,22,22,26
07/20/2020,FOE,KS,ACE,CE,Federal Contract Tower,0,2,5,6,13,0,0,0,0,0,0,2,5,6,13,0,20,20,33
07/21/2020,FOE,KS,ACE,CE,Federal Contract Tower,0,0,6,17,23,0,0,0,0,0,0,0,6,17,23,0,34,34,57
07/22/2020,FOE,KS,ACE,CE,Federal Contract Tower,0,0,13,37,50,0,0,6,6,12,0,0,19,43,62,0,86,86,148
07/23/2020,FOE,KS,ACE,CE,Federal Contract Tower,0,0,17,29,46,0,0,15,5,20,0,0,32,34,66,8,82,90,156
07/24/2020,FOE,KS,ACE,CE,Federal Contract Tower,0,0,12,7,19,0,0,6,11,17,0,0,18,18,36,6,0,6,42
07/25/2020,FOE,KS,ACE,CE,Federal Contract Tower,0,0,2,1,3,0,0,16,3,19,0,0,18,4,22,26,0,26,48
07/26/2020,FOE,KS,ACE,CE,Federal Contract Tower,0,0,12,0,12,0,0,3,0,3,0,0,15,0,15,0,0,0,15
07/27/2020,FOE,KS,ACE,CE,Federal Contract Tower,0,2,4,25,31,0,0,2,0,2,0,2,6,25,33,0,14,14,47
07/28/2020,FOE,KS,ACE,CE,Federal Contract Tower,0,0,1,29,30,0,0,2,0,2,0,0,3,29,32,0,24,24,56
07/30/2020,FOE,KS,ACE,CE,Federal Contract Tower,0,0,12,13,25,0,0,6,3,9,0,0,18,16,34,0,2,2,36
07/31/2020,FOE,KS,ACE,CE,Federal Contract Tower,0,2,5,33,40,0,0,4,0,4,0,2,9,33,44,0,180,180,224
08/01/2020,FOE,KS,ACE,CE,Federal Contract Tower,0,2,7,6,15,0,0,0,0,0,0,2,7,6,15,0,34,34,49
08/02/2020,FOE,KS,ACE,CE,Federal Contract Tower,0,2,6,8,16,0,0,2,0,2,0,2,8,8,18,0,42,42,60
08/03/2020,FOE,KS,ACE,CE,Federal Contract Tower,0,0,3,13,16,0,0,0,0,0,0,0,3,13,16,0,30,30,46
08/04/2020,FOE,KS,ACE,CE,Federal Contract Tower,0,0,1,20,21,0,2,6,8,16,0,2,7,28,37,0,54,54,91
08/05/2020,FOE,KS,ACE,CE,Federal Contract Tower,0,0,5,27,32,0,2,12,8,22,0,2,17,35,54,0,54,54,108
08/06/2020,FOE,KS,ACE,CE,Federal Contract Tower,0,0,2,19,21,0,0,3,11,14,0,0,5,30,35,0,10,10,45
08/07/2020,FOE,KS,ACE,CE,Federal Contract Tower,0,1,9,36,46,0,0,6,4,10,0,1,15,40,56,0,50,50,106
08/08/2020,FOE,KS,ACE,CE,Federal Contract Tower,0,0,3,10,13,0,0,4,0,4,0,0,7,10,17,18,8,26,43
08/09/2020,FOE,KS,ACE,CE,Federal Contract Tower,0,0,1,0,1,0,0,3,0,3,0,0,4,0,4,4,0,4,8
08/10/2020,FOE,KS,ACE,CE,Federal Contract Tower,0,0,6,20,26,0,0,36,9,45,0,0,42,29,71,0,0,0,71
08/11/2020,FOE,KS,ACE,CE,Federal Contract Tower,0,0,7,12,19,0,0,37,16,53,0,0,44,28,72,12,22,34,106
08/12/2020,FOE,KS,ACE,CE,Federal Contract Tower,0,0,0,2,2,0,0,2,1,3,0,0,2,3,5,0,0,0,5
08/13/2020,FOE,KS,ACE,CE,Federal Contract Tower,0,0,4,6,10,0,0,15,1,16,0,0,19,7,26,3,2,5,31
08/14/2020,FOE,KS,ACE,CE,Federal Contract Tower,0,1,16,7,24,0,0,48,14,62,0,1,64,21,86,0,17,17,103
08/15/2020,FOE,KS,ACE,CE,Federal Contract Tower,0,1,1,0,2,0,0,5,0,5,0,1,6,0,7,55,0,55,62
08/16/2020,FOE,KS,ACE,CE,Federal Contract Tower,0,0,3,6,9,0,0,11,0,11,0,0,14,6,20,0,0,0,20
08/17/2020,FOE,KS,ACE,CE,Federal Contract Tower,0,1,12,15,28,0,0,5,11,16,0,1,17,26,44,0,22,22,66
08/18/2020,FOE,KS,ACE,CE,Federal Contract Tower,0,0,8,11,19,0,0,23,12,35,0,0,31,23,54,8,0,8,62
08/19/2020,FOE,KS,ACE,CE,Federal Contract Tower,0,1,9,6,16,0,0,9,5,14,0,1,18,11,30,0,0,0,30
08/20/2020,FOE,KS,ACE,CE,Federal Contract Tower,0,3,11,11,25,0,0,25,5,30,0,3,36,16,55,12,23,35,90
08/21/2020,FOE,KS,ACE,CE,Federal Contract Tower,0,0,11,14,25,0,0,23,16,39,0,0,34,30,64,4,0,4,68
08/22/2020,FOE,KS,ACE,CE,Federal Contract Tower,0,4,2,0,6,0,0,26,1,27,0,4,28,1,33,4,0,4,37
08/23/2020,FOE,KS,ACE,CE,Federal Contract Tower,0,1,4,0,5,0,0,13,1,14,0,1,17,1,19,16,0,16,35
08/24/2020,FOE,KS,ACE,CE,Federal Contract Tower,0,0,1,18,19,0,0,11,6,17,0,0,12,24,36,0,22,22,58
08/25/2020,FOE,KS,ACE,CE,Federal Contract Tower,0,2,12,19,33,0,0,25,7,32,0,2,37,26,65,14,30,44,109
08/26/2020,FOE,KS,ACE,CE,Federal Contract Tower,0,2,8,14,24,0,0,10,14,24,0,2,18,28,48,0,0,0,48
08/27/2020,FOE,KS,ACE,CE,Federal Contract Tower,0,0,5,24,29,0,0,5,12,17,0,0,10,36,46,2,2,4,50
08/28/2020,FOE,KS,ACE,CE,Federal Contract Tower,0,3,4,12,19,0,0,1,14,15,0,3,5,26,34,16,18,34,68
08/29/2020,FOE,KS,ACE,CE,Federal Contract Tower,0,0,0,0,0,0,0,9,0,9,0,0,9,0,9,18,0,18,27
08/30/2020,FOE,KS,ACE,CE,Federal Contract Tower,0,0,9,1,10,0,0,8,0,8,0,0,17,1,18,6,0,6,24
08/31/2020,FOE,KS,ACE,CE,Federal Contract Tower,0,7,6,5,18,0,0,0,3,3,0,7,6,8,21,0,0,0,21
09/01/2020,FOE,KS,ACE,CE,Federal Contract Tower,0,2,5,6,13,0,0,2,0,2,0,2,7,6,15,0,0,0,15
09/02/2020,FOE,KS,ACE,CE,Federal Contract Tower,0,0,6,13,19,0,0,4,30,34,0,0,10,43,53,0,29,29,82
09/03/2020,FOE,KS,ACE,CE,Federal Contract Tower,0,2,9,13,24,0,0,19,0,19,0,2,28,13,43,0,32,32,75
09/04/2020,FOE,KS,ACE,CE,Federal Contract Tower,0,0,8,1,9,0,0,25,0,25,0,0,33,1,34,20,0,20,54
09/05/2020,FOE,KS,ACE,CE,Federal Contract Tower,0,0,5,2,7,0,0,45,2,47,0,0,50,4,54,6,0,6,60
09/06/2020,FOE,KS,ACE,CE,Federal Contract Tower,0,0,0,0,0,0,0,0,0,0,0,0,0,0,0,0,0,0,0
09/07/2020,FOE,KS,ACE,CE,Federal Contract Tower,0,0,6,0,6,0,0,5,0,5,0,0,11,0,11,0,0,0,11
09/08/2020,FOE,KS,ACE,CE,Federal Contract Tower,0,0,11,1,12,0,0,0,0,0,0,0,11,1,12,0,0,0,12
09/09/2020,FOE,KS,ACE,CE,Federal Contract Tower,0,1,8,25,34,0,0,0,0,0,0,1,8,25,34,0,0,0,34
09/10/2020,FOE,KS,ACE,CE,Federal Contract Tower,0,0,14,12,26,0,0,0,0,0,0,0,14,12,26,0,0,0,26
09/11/2020,FOE,KS,ACE,CE,Federal Contract Tower,4,3,2,6,15,0,0,0,2,2,4,3,2,8,17,0,40,40,57
09/12/2020,FOE,KS,ACE,CE,Federal Contract Tower,0,0,4,0,4,0,0,15,0,15,0,0,19,0,19,6,0,6,25
09/13/2020,FOE,KS,ACE,CE,Federal Contract Tower,0,0,3,5,8,0,0,2,0,2,0,0,5,5,10,0,0,0,10
09/14/2020,FOE,KS,ACE,CE,Federal Contract Tower,0,0,6,16,22,0,0,17,0,17,0,0,23,16,39,38,28,66,105
09/15/2020,FOE,KS,ACE,CE,Federal Contract Tower,0,0,12,38,50,0,0,14,20,34,0,0,26,58,84,6,27,33,117
09/16/2020,FOE,KS,ACE,CE,Federal Contract Tower,0,0,7,15,22,0,0,24,33,57,0,0,31,48,79,0,0,0,79
09/17/2020,FOE,KS,ACE,CE,Federal Contract Tower,0,0,3,12,15,0,0,8,9,17,0,0,11,21,32,0,0,0,32
09/18/2020,FOE,KS,ACE,CE,Federal Contract Tower,0,3,12,9,24,0,0,18,2,20,0,3,30,11,44,8,32,40,84
09/19/2020,FOE,KS,ACE,CE,Federal Contract Tower,0,0,4,2,6,0,0,13,5,18,0,0,17,7,24,12,14,26,50
09/20/2020,FOE,KS,ACE,CE,Federal Contract Tower,0,1,14,5,20,0,0,8,0,8,0,1,22,5,28,20,0,20,48
09/21/2020,FOE,KS,ACE,CE,Federal Contract Tower,0,0,10,27,37,0,0,20,1,21,0,0,30,28,58,14,85,99,157
09/22/2020,FOE,KS,ACE,CE,Federal Contract Tower,0,0,15,17,32,0,4,96,3,103,0,4,111,20,135,8,8,16,151
09/23/2020,FOE,KS,ACE,CE,Federal Contract Tower,0,0,9,19,28,0,0,70,6,76,0,0,79,25,104,0,2,2,106
09/24/2020,FOE,KS,ACE,CE,Federal Contract Tower,0,0,10,6,16,0,0,7,7,14,0,0,17,13,30,0,23,23,53
09/25/2020,FOE,KS,ACE,CE,Federal Contract Tower,7,4,9,19,39,0,2,14,10,26,7,6,23,29,65,2,14,16,81
09/26/2020,FOE,KS,ACE,CE,Federal Contract Tower,0,0,11,2,13,0,0,4,4,8,0,0,15,6,21,0,10,10,31
09/27/2020,FOE,KS,ACE,CE,Federal Contract Tower,0,0,10,0,10,0,0,0,0,0,0,0,10,0,10,0,0,0,10
09/28/2020,FOE,KS,ACE,CE,Federal Contract Tower,0,0,2,17,19,0,0,9,4,13,0,0,11,21,32,14,66,80,112
09/29/2020,FOE,KS,ACE,CE,Federal Contract Tower,0,2,15,24,41,0,0,19,6,25,0,2,34,30,66,2,22,24,90
09/30/2020,FOE,KS,ACE,CE,Federal Contract Tower,0,1,15,9,25,2,0,0,0,2,2,1,15,9,27,0,4,4,31
10/01/2020,FOE,KS,ACE,CE,Federal Contract Tower,0,1,7,11,19,0,0,9,6,15,0,1,16,17,34,0,29,29,63
10/02/2020,FOE,KS,ACE,CE,Federal Contract Tower,0,0,1,11,12,0,1,10,0,11,0,1,11,11,23,0,80,80,103
10/03/2020,FOE,KS,ACE,CE,Federal Contract Tower,0,0,0,0,0,0,0,4,0,4,0,0,4,0,4,0,0,0,4
10/04/2020,FOE,KS,ACE,CE,Federal Contract Tower,0,0,4,4,8,0,0,15,1,16,0,0,19,5,24,6,0,6,30
10/05/2020,FOE,KS,ACE,CE,Federal Contract Tower,0,0,2,11,13,0,0,6,5,11,0,0,8,16,24,0,24,24,48
10/06/2020,FOE,KS,ACE,CE,Federal Contract Tower,0,2,6,13,21,0,0,26,24,50,0,2,32,37,71,0,10,10,81
10/07/2020,FOE,KS,ACE,CE,Federal Contract Tower,0,1,9,14,24,0,0,24,12,36,0,1,33,26,60,0,0,0,60
10/08/2020,FOE,KS,ACE,CE,Federal Contract Tower,0,0,10,23,33,0,0,24,10,34,0,0,34,33,67,0,43,43,110
10/09/2020,FOE,KS,ACE,CE,Federal Contract Tower,2,0,4,2,8,0,2,34,4,40,2,2,38,6,48,10,0,10,58
10/10/2020,FOE,KS,ACE,CE,Federal Contract Tower,0,1,3,3,7,0,0,22,0,22,0,1,25,3,29,6,0,6,35
10/11/2020,FOE,KS,ACE,CE,Federal Contract Tower,0,0,1,1,2,0,4,6,0,10,0,4,7,1,12,0,0,0,12
10/12/2020,FOE,KS,ACE,CE,Federal Contract Tower,0,2,10,0,12,0,0,9,2,11,0,2,19,2,23,24,0,24,47
10/13/2020,FOE,KS,ACE,CE,Federal Contract Tower,0,2,6,19,27,0,0,21,27,48,0,2,27,46,75,36,122,158,233
10/14/2020,FOE,KS,ACE,CE,Federal Contract Tower,0,0,11,15,26,0,0,4,44,48,0,0,15,59,74,8,88,96,170
10/15/2020,FOE,KS,ACE,CE,Federal Contract Tower,0,0,5,12,17,0,0,22,40,62,0,0,27,52,79,36,112,148,227
10/16/2020,FOE,KS,ACE,CE,Federal Contract Tower,2,0,6,23,31,0,0,29,10,39,2,0,35,33,70,30,142,172,242
10/17/2020,FOE,KS,ACE,CE,Federal Contract Tower,2,0,3,2,7,0,0,0,6,6,2,0,3,8,13,0,0,0,13
10/18/2020,FOE,KS,ACE,CE,Federal Contract Tower,0,2,1,1,4,0,0,5,0,5,0,2,6,1,9,0,0,0,9
10/19/2020,FOE,KS,ACE,CE,Federal Contract Tower,0,3,7,8,18,0,0,6,0,6,0,3,13,8,24,0,22,22,46
10/20/2020,FOE,KS,ACE,CE,Federal Contract Tower,0,6,10,14,30,0,0,0,0,0,0,6,10,14,30,0,14,14,44
10/21/2020,FOE,KS,ACE,CE,Federal Contract Tower,0,0,4,22,26,0,0,0,2,2,0,0,4,24,28,0,0,0,28
10/22/2020,FOE,KS,ACE,CE,Federal Contract Tower,0,0,1,6,7,0,0,7,0,7,0,0,8,6,14,0,0,0,14
10/23/2020,FOE,KS,ACE,CE,Federal Contract Tower,0,4,5,12,21,0,0,0,0,0,0,4,5,12,21,2,0,2,23
10/24/2020,FOE,KS,ACE,CE,Federal Contract Tower,0,2,3,2,7,0,0,29,0,29,0,2,32,2,36,4,0,4,40
10/25/2020,FOE,KS,ACE,CE,Federal Contract Tower,0,0,1,3,4,0,0,0,0,0,0,0,1,3,4,6,0,6,10
10/26/2020,FOE,KS,ACE,CE,Federal Contract Tower,0,0,2,0,2,0,0,0,0,0,0,0,2,0,2,0,0,0,2
10/27/2020,FOE,KS,ACE,CE,Federal Contract Tower,0,0,9,1,10,0,0,22,0,22,0,0,31,1,32,0,0,0,32
10/28/2020,FOE,KS,ACE,CE,Federal Contract Tower,0,0,0,15,15,0,0,37,0,37,0,0,37,15,52,0,11,11,63
10/29/2020,FOE,KS,ACE,CE,Federal Contract Tower,0,0,8,15,23,0,0,42,0,42,0,0,50,15,65,12,9,21,86
10/30/2020,FOE,KS,ACE,CE,Federal Contract Tower,0,1,6,2,9,0,0,8,10,18,0,1,14,12,27,50,38,88,115
10/31/2020,FOE,KS,ACE,CE,Federal Contract Tower,0,0,6,1,7,0,0,1,0,1,0,0,7,1,8,0,12,12,20
11/01/2020,FOE,KS,ACE,CE,Federal Contract Tower,0,0,0,0,0,0,0,22,0,22,0,0,22,0,22,0,16,16,38
11/02/2020,FOE,KS,ACE,CE,Federal Contract Tower,0,1,1,16,18,0,0,9,3,12,0,1,10,19,30,20,58,78,108
11/07/2020,FOE,KS,ACE,CE,Federal Contract Tower,0,0,6,1,7,0,0,7,0,7,0,0,13,1,14,0,36,36,50
11/16/2020,FOE,KS,ACE,CE,Federal Contract Tower,0,0,3,21,24,0,0,19,1,20,0,0,22,22,44,14,92,106,150
11/17/2020,FOE,KS,ACE,CE,Federal Contract Tower,0,1,3,20,24,0,0,22,17,39,0,1,25,37,63,16,40,56,119
11/18/2020,FOE,KS,ACE,CE,Federal Contract Tower,0,0,8,1,9,0,0,10,6,16,0,0,18,7,25,0,0,0,25
11/19/2020,FOE,KS,ACE,CE,Federal Contract Tower,0,0,13,14,27,0,0,0,2,2,0,0,13,16,29,0,0,0,29
11/20/2020,FOE,KS,ACE,CE,Federal Contract Tower,0,0,4,23,27,0,0,1,5,6,0,0,5,28,33,26,132,158,191
11/21/2020,FOE,KS,ACE,CE,Federal Contract Tower,0,0,3,0,3,0,0,5,3,8,0,0,8,3,11,0,0,0,11
11/22/2020,FOE,KS,ACE,CE,Federal Contract Tower,0,0,7,0,7,0,0,4,0,4,0,0,11,0,11,4,0,4,15
11/23/2020,FOE,KS,ACE,CE,Federal Contract Tower,0,2,6,11,19,0,0,0,8,8,0,2,6,19,27,0,38,38,65
11/24/2020,FOE,KS,ACE,CE,Federal Contract Tower,2,0,9,24,35,0,0,21,8,29,2,0,30,32,64,0,12,12,76
11/25/2020,FOE,KS,ACE,CE,Federal Contract Tower,0,0,7,7,14,0,0,0,6,6,0,0,7,13,20,0,0,0,20
11/26/2020,FOE,KS,ACE,CE,Federal Contract Tower,0,0,4,0,4,0,0,0,0,0,0,0,4,0,4,0,0,0,4
11/27/2020,FOE,KS,ACE,CE,Federal Contract Tower,1,1,3,0,5,0,0,3,0,3,1,1,6,0,8,0,0,0,8
11/28/2020,FOE,KS,ACE,CE,Federal Contract Tower,0,4,3,0,7,0,0,8,3,11,0,4,11,3,18,4,0,4,22
11/29/2020,FOE,KS,ACE,CE,Federal Contract Tower,0,1,3,0,4,0,0,1,0,1,0,1,4,0,5,2,0,2,7
11/30/2020,FOE,KS,ACE,CE,Federal Contract Tower,0,0,1,9,10,0,0,11,0,11,0,0,12,9,21,0,58,58,79
12/01/2020,FOE,KS,ACE,CE,Federal Contract Tower,0,3,9,28,40,0,0,22,23,45,0,3,31,51,85,4,72,76,161
12/02/2020,FOE,KS,ACE,CE,Federal Contract Tower,0,1,12,6,19,0,0,18,13,31,0,1,30,19,50,12,50,62,112
12/03/2020,FOE,KS,ACE,CE,Federal Contract Tower,0,0,4,12,16,0,0,31,34,65,0,0,35,46,81,0,33,33,114
12/04/2020,FOE,KS,ACE,CE,Federal Contract Tower,2,0,15,22,39,0,1,43,20,64,2,1,58,42,103,85,131,216,319
12/05/2020,FOE,KS,ACE,CE,Federal Contract Tower,2,0,1,0,3,0,0,15,0,15,2,0,16,0,18,8,0,8,26
12/06/2020,FOE,KS,ACE,CE,Federal Contract Tower,0,0,0,3,3,0,0,17,0,17,0,0,17,3,20,31,4,35,55
12/07/2020,FOE,KS,ACE,CE,Federal Contract Tower,0,0,8,28,36,0,0,17,2,19,0,0,25,30,55,0,80,80,135
12/08/2020,FOE,KS,ACE,CE,Federal Contract Tower,0,2,15,23,40,0,0,32,33,65,0,2,47,56,105,2,50,52,157
12/09/2020,FOE,KS,ACE,CE,Federal Contract Tower,0,0,11,9,20,0,0,15,15,30,0,0,26,24,50,0,48,48,98
12/10/2020,FOE,KS,ACE,CE,Federal Contract Tower,0,0,11,10,21,0,0,23,18,41,0,0,34,28,62,0,44,44,106
12/11/2020,FOE,KS,ACE,CE,Federal Contract Tower,0,0,1,12,13,0,0,0,1,1,0,0,1,13,14,0,22,22,36
12/12/2020,FOE,KS,ACE,CE,Federal Contract Tower,0,0,0,2,2,0,0,1,0,1,0,0,1,2,3,8,0,8,11
12/13/2020,FOE,KS,ACE,CE,Federal Contract Tower,0,0,0,0,0,0,0,7,0,7,0,0,7,0,7,0,0,0,7
12/14/2020,FOE,KS,ACE,CE,Federal Contract Tower,0,1,7,4,12,0,0,4,2,6,0,1,11,6,18,14,20,34,52
12/15/2020,FOE,KS,ACE,CE,Federal Contract Tower,0,0,8,19,27,0,0,7,20,27,0,0,15,39,54,0,48,48,102
12/16/2020,FOE,KS,ACE,CE,Federal Contract Tower,2,0,12,9,23,0,0,0,0,0,2,0,12,9,23,0,40,40,63
12/17/2020,FOE,KS,ACE,CE,Federal Contract Tower,0,1,13,10,24,0,0,3,0,3,0,1,16,10,27,4,12,16,43
12/18/2020,FOE,KS,ACE,CE,Federal Contract Tower,0,1,0,6,7,0,0,0,4,4,0,1,0,10,11,0,0,0,11
12/19/2020,FOE,KS,ACE,CE,Federal Contract Tower,0,0,8,4,12,0,0,6,0,6,0,0,14,4,18,0,70,70,88
12/20/2020,FOE,KS,ACE,CE,Federal Contract Tower,0,1,2,0,3,0,2,15,0,17,0,3,17,0,20,24,0,24,44
12/21/2020,FOE,KS,ACE,CE,Federal Contract Tower,2,2,7,17,28,0,0,10,6,16,2,2,17,23,44,0,68,68,112
12/22/2020,FOE,KS,ACE,CE,Federal Contract Tower,2,0,8,16,26,0,0,8,6,14,2,0,16,22,40,0,10,10,50
12/23/2020,FOE,KS,ACE,CE,Federal Contract Tower,0,0,10,3,13,0,0,0,0,0,0,0,10,3,13,0,0,0,13
12/24/2020,FOE,KS,ACE,CE,Federal Contract Tower,0,0,2,0,2,0,0,6,0,6,0,0,8,0,8,4,0,4,12
12/25/2020,FOE,KS,ACE,CE,Federal Contract Tower,0,0,2,0,2,0,0,21,0,21,0,0,23,0,23,0,0,0,23
12/26/2020,FOE,KS,ACE,CE,Federal Contract Tower,0,0,3,0,3,0,0,7,0,7,0,0,10,0,10,0,0,0,10
12/27/2020,FOE,KS,ACE,CE,Federal Contract Tower,0,0,6,0,6,0,0,7,0,7,0,0,13,0,13,0,0,0,13
12/28/2020,FOE,KS,ACE,CE,Federal Contract Tower,0,0,7,7,14,0,0,17,2,19,0,0,24,9,33,12,24,36,69
12/29/2020,FOE,KS,ACE,CE,Federal Contract Tower,0,0,0,0,0,0,0,0,0,0,0,0,0,0,0,0,0,0,0
12/30/2020,FOE,KS,ACE,CE,Federal Contract Tower,0,0,0,9,9,0,0,3,5,8,0,0,3,14,17,0,36,36,53
12/31/2020,FOE,KS,ACE,CE,Federal Contract Tower,0,0,4,0,4,0,0,3,0,3,0,0,7,0,7,0,0,0,7
01/01/2021,FOE,KS,ACE,CE,Federal Contract Tower,0,1,2,0,3,0,0,0,0,0,0,1,2,0,3,0,0,0,3
01/02/2021,FOE,KS,ACE,CE,Federal Contract Tower,0,1,3,0,4,0,0,1,0,1,0,1,4,0,5,0,0,0,5
01/03/2021,FOE,KS,ACE,CE,Federal Contract Tower,0,0,9,0,9,0,0,2,0,2,0,0,11,0,11,0,0,0,11
01/04/2021,FOE,KS,ACE,CE,Federal Contract Tower,2,0,2,10,14,0,0,16,0,16,2,0,18,10,30,12,40,52,82
01/05/2021,FOE,KS,ACE,CE,Federal Contract Tower,0,1,1,19,21,0,0,8,17,25,0,1,9,36,46,0,40,40,86
01/06/2021,FOE,KS,ACE,CE,Federal Contract Tower,0,1,10,1,12,0,0,15,0,15,0,1,25,1,27,0,12,12,39
01/07/2021,FOE,KS,ACE,CE,Federal Contract Tower,0,1,0,14,15,0,0,8,0,8,0,1,8,14,23,0,22,22,45
01/08/2021,FOE,KS,ACE,CE,Federal Contract Tower,0,1,5,13,19,0,3,20,17,40,0,4,25,30,59,18,148,166,225
01/09/2021,FOE,KS,ACE,CE,Federal Contract Tower,0,0,2,9,11,0,0,0,8,8,0,0,2,17,19,0,16,16,35
01/10/2021,FOE,KS,ACE,CE,Federal Contract Tower,0,0,3,11,14,0,0,12,3,15,0,0,15,14,29,10,18,28,57
01/11/2021,FOE,KS,ACE,CE,Federal Contract Tower,0,1,12,10,23,0,0,19,14,33,0,1,31,24,56,10,48,58,114
01/12/2021,FOE,KS,ACE,CE,Federal Contract Tower,0,0,6,27,33,0,0,18,30,48,0,0,24,57,81,0,42,42,123
01/13/2021,FOE,KS,ACE,CE,Federal Contract Tower,0,0,5,13,18,0,0,15,0,15,0,0,20,13,33,0,46,46,79
01/14/2021,FOE,KS,ACE,CE,Federal Contract Tower,0,0,17,0,17,0,0,4,0,4,0,0,21,0,21,0,0,0,21
01/15/2021,FOE,KS,ACE,CE,Federal Contract Tower,0,0,4,0,4,0,0,0,0,0,0,0,4,0,4,0,0,0,4
01/16/2021,FOE,KS,ACE,CE,Federal Contract Tower,1,2,2,0,5,0,0,2,2,4,1,2,4,2,9,4,12,16,25
01/17/2021,FOE,KS,ACE,CE,Federal Contract Tower,1,0,0,13,14,0,0,0,0,0,1,0,0,13,14,0,0,0,14
01/21/2021,FOE,KS,ACE,CE,Federal Contract Tower,0,2,3,13,18,0,0,6,0,6,0,2,9,13,24,52,144,196,220
01/22/2021,FOE,KS,ACE,CE,Federal Contract Tower,0,0,7,7,14,0,0,10,8,18,0,0,17,15,32,4,82,86,118
01/23/2021,FOE,KS,ACE,CE,Federal Contract Tower,0,0,3,0,3,0,0,13,0,13,0,0,16,0,16,4,0,4,20
01/24/2021,FOE,KS,ACE,CE,Federal Contract Tower,0,2,3,1,6,0,0,0,0,0,0,2,3,1,6,0,0,0,6
01/25/2021,FOE,KS,ACE,CE,Federal Contract Tower,0,0,5,0,5,0,0,0,0,0,0,0,5,0,5,0,0,0,5
01/26/2021,FOE,KS,ACE,CE,Federal Contract Tower,0,0,10,4,14,0,0,0,2,2,0,0,10,6,16,0,8,8,24
01/27/2021,FOE,KS,ACE,CE,Federal Contract Tower,2,0,4,4,10,0,0,4,0,4,2,0,8,4,14,0,0,0,14
01/28/2021,FOE,KS,ACE,CE,Federal Contract Tower,0,0,7,8,15,0,0,0,0,0,0,0,7,8,15,0,26,26,41
01/29/2021,FOE,KS,ACE,CE,Federal Contract Tower,2,0,6,9,17,0,0,14,1,15,2,0,20,10,32,2,82,84,116
01/30/2021,FOE,KS,ACE,CE,Federal Contract Tower,0,0,0,0,0,0,0,0,0,0,0,0,0,0,0,0,0,0,0
01/31/2021,FOE,KS,ACE,CE,Federal Contract Tower,1,0,7,0,8,0,0,1,0,1,1,0,8,0,9,0,0,0,9
02/01/2021,FOE,KS,ACE,CE,Federal Contract Tower,0,2,10,3,15,0,0,5,2,7,0,2,15,5,22,4,28,32,54
02/02/2021,FOE,KS,ACE,CE,Federal Contract Tower,0,0,7,9,16,0,0,14,0,14,0,0,21,9,30,8,12,20,50
02/04/2021,FOE,KS,ACE,CE,Federal Contract Tower,0,0,11,0,11,0,0,0,0,0,0,0,11,0,11,0,0,0,11
02/05/2021,FOE,KS,ACE,CE,Federal Contract Tower,2,0,14,30,46,0,0,13,16,29,2,0,27,46,75,24,142,166,241
02/06/2021,FOE,KS,ACE,CE,Federal Contract Tower,2,0,0,0,2,0,0,0,0,0,2,0,0,0,2,0,0,0,2
02/07/2021,FOE,KS,ACE,CE,Federal Contract Tower,0,0,3,0,3,0,0,0,0,0,0,0,3,0,3,0,0,0,3
02/08/2021,FOE,KS,ACE,CE,Federal Contract Tower,0,0,4,1,5,0,0,0,0,0,0,0,4,1,5,0,0,0,5
02/09/2021,FOE,KS,ACE,CE,Federal Contract Tower,0,4,3,2,9,0,0,6,3,9,0,4,9,5,18,0,14,14,32
02/10/2021,FOE,KS,ACE,CE,Federal Contract Tower,0,0,7,3,10,0,0,0,0,0,0,0,7,3,10,0,12,12,22
02/12/2021,FOE,KS,ACE,CE,Federal Contract Tower,0,0,7,3,10,0,0,2,0,2,0,0,9,3,12,0,0,0,12
02/13/2021,FOE,KS,ACE,CE,Federal Contract Tower,0,0,4,0,4,0,0,0,0,0,0,0,4,0,4,0,0,0,4
02/14/2021,FOE,KS,ACE,CE,Federal Contract Tower,0,0,0,0,0,0,0,0,0,0,0,0,0,0,0,0,0,0,0
02/15/2021,FOE,KS,ACE,CE,Federal Contract Tower,0,0,4,0,4,0,0,0,0,0,0,0,4,0,4,0,0,0,4
02/16/2021,FOE,KS,ACE,CE,Federal Contract Tower,0,0,3,3,6,0,0,6,2,8,0,0,9,5,14,0,10,10,24
02/17/2021,FOE,KS,ACE,CE,Federal Contract Tower,1,0,2,0,3,0,0,6,0,6,1,0,8,0,9,0,0,0,9
02/18/2021,FOE,KS,ACE,CE,Federal Contract Tower,0,0,6,4,10,0,0,0,0,0,0,0,6,4,10,0,10,10,20
02/19/2021,FOE,KS,ACE,CE,Federal Contract Tower,2,0,6,17,25,0,0,5,17,22,2,0,11,34,47,0,36,36,83
02/20/2021,FOE,KS,ACE,CE,Federal Contract Tower,2,0,2,0,4,0,0,2,0,2,2,0,4,0,6,4,0,4,10
02/21/2021,FOE,KS,ACE,CE,Federal Contract Tower,3,0,0,1,4,0,0,0,0,0,3,0,0,1,4,0,0,0,4
02/22/2021,FOE,KS,ACE,CE,Federal Contract Tower,1,0,9,21,31,0,0,35,4,39,1,0,44,25,70,6,54,60,130
02/23/2021,FOE,KS,ACE,CE,Federal Contract Tower,0,0,5,23,28,0,0,20,41,61,0,0,25,64,89,9,96,105,194
02/24/2021,FOE,KS,ACE,CE,Federal Contract Tower,0,0,9,11,20,0,0,11,0,11,0,0,20,11,31,24,62,86,117
02/25/2021,FOE,KS,ACE,CE,Federal Contract Tower,0,0,7,14,21,0,0,0,0,0,0,0,7,14,21,16,76,92,113
02/26/2021,FOE,KS,ACE,CE,Federal Contract Tower,2,0,11,14,27,0,0,2,0,2,2,0,13,14,29,12,34,46,75
02/27/2021,FOE,KS,ACE,CE,Federal Contract Tower,0,1,1,2,4,0,0,1,0,1,0,1,2,2,5,2,0,2,7
02/28/2021,FOE,KS,ACE,CE,Federal Contract Tower,0,2,6,1,9,0,0,6,0,6,0,2,12,1,15,0,0,0,15
03/01/2021,FOE,KS,ACE,CE,Federal Contract Tower,0,1,11,13,25,0,0,4,7,11,0,1,15,20,36,0,74,74,110
03/02/2021,FOE,KS,ACE,CE,Federal Contract Tower,0,0,10,8,18,0,0,8,0,8,0,0,18,8,26,31,71,102,128
03/03/2021,FOE,KS,ACE,CE,Federal Contract Tower,1,0,14,19,34,0,0,10,0,10,1,0,24,19,44,24,110,134,178
03/04/2021,FOE,KS,ACE,CE,Federal Contract Tower,0,0,14,17,31,0,0,6,0,6,0,0,20,17,37,40,199,239,276
03/05/2021,FOE,KS,ACE,CE,Federal Contract Tower,1,2,4,7,14,0,0,3,9,12,1,2,7,16,26,0,64,64,90
03/06/2021,FOE,KS,ACE,CE,Federal Contract Tower,5,0,0,4,9,0,0,11,0,11,5,0,11,4,20,18,24,42,62
03/07/2021,FOE,KS,ACE,CE,Federal Contract Tower,2,0,3,0,5,0,0,17,2,19,2,0,20,2,24,12,0,12,36
03/08/2021,FOE,KS,ACE,CE,Federal Contract Tower,0,0,10,14,24,0,0,25,2,27,0,0,35,16,51,28,4,32,83
03/09/2021,FOE,KS,ACE,CE,Federal Contract Tower,0,1,7,7,15,0,0,46,3,49,0,1,53,10,64,0,43,43,107
03/10/2021,FOE,KS,ACE,CE,Federal Contract Tower,0,0,7,8,15,0,0,4,0,4,0,0,11,8,19,0,2,2,21
03/11/2021,FOE,KS,ACE,CE,Federal Contract Tower,0,0,7,8,15,0,0,10,0,10,0,0,17,8,25,30,114,144,169
03/12/2021,FOE,KS,ACE,CE,Federal Contract Tower,0,0,2,0,2,0,0,0,0,0,0,0,2,0,2,0,0,0,2
03/13/2021,FOE,KS,ACE,CE,Federal Contract Tower,0,0,3,2,5,0,0,0,0,0,0,0,3,2,5,0,0,0,5
03/14/2021,FOE,KS,ACE,CE,Federal Contract Tower,0,3,1,2,6,0,0,0,0,0,0,3,1,2,6,0,0,0,6
03/15/2021,FOE,KS,ACE,CE,Federal Contract Tower,0,0,2,23,25,0,0,3,4,7,0,0,5,27,32,2,12,14,46
03/16/2021,FOE,KS,ACE,CE,Federal Contract Tower,0,1,7,29,37,0,0,0,0,0,0,1,7,29,37,0,26,26,63
03/17/2021,FOE,KS,ACE,CE,Federal Contract Tower,0,0,2,7,9,0,0,0,0,0,0,0,2,7,9,0,30,30,39
03/19/2021,FOE,KS,ACE,CE,Federal Contract Tower,0,1,4,19,24,0,0,17,15,32,0,1,21,34,56,6,156,162,218
03/20/2021,FOE,KS,ACE,CE,Federal Contract Tower,0,0,3,9,12,0,0,11,3,14,0,0,14,12,26,2,20,22,48
03/21/2021,FOE,KS,ACE,CE,Federal Contract Tower,0,0,4,0,4,0,0,1,0,1,0,0,5,0,5,0,0,0,5
03/22/2021,FOE,KS,ACE,CE,Federal Contract Tower,0,0,7,9,16,0,0,6,2,8,0,0,13,11,24,0,84,84,108
03/23/2021,FOE,KS,ACE,CE,Federal Contract Tower,4,0,7,15,26,0,0,2,6,8,4,0,9,21,34,0,0,0,34
03/26/2021,FOE,KS,ACE,CE,Federal Contract Tower,0,0,6,10,16,0,0,1,2,3,0,0,7,12,19,0,0,0,19
03/27/2021,FOE,KS,ACE,CE,Federal Contract Tower,3,2,14,13,32,0,0,10,4,14,3,2,24,17,46,0,0,0,46
03/28/2021,FOE,KS,ACE,CE,Federal Contract Tower,0,1,5,2,8,0,0,9,1,10,0,1,14,3,18,0,0,0,18
03/29/2021,FOE,KS,ACE,CE,Federal Contract Tower,0,0,4,0,4,0,0,0,0,0,0,0,4,0,4,0,0,0,4
03/30/2021,FOE,KS,ACE,CE,Federal Contract Tower,0,0,7,7,14,0,0,2,2,4,0,0,9,9,18,24,40,64,82
03/31/2021,FOE,KS,ACE,CE,Federal Contract Tower,0,1,37,31,69,0,0,12,0,12,0,1,49,31,81,8,130,138,219
04/05/2021,FOE,KS,ACE,CE,Federal Contract Tower,0,0,10,5,15,0,0,2,3,5,0,0,12,8,20,32,0,32,52
04/06/2021,FOE,KS,ACE,CE,Federal Contract Tower,0,0,8,6,14,0,0,12,0,12,0,0,20,6,26,18,0,18,44
04/07/2021,FOE,KS,ACE,CE,Federal Contract Tower,0,0,15,5,20,0,0,14,0,14,0,0,29,5,34,0,0,0,34
04/08/2021,FOE,KS,ACE,CE,Federal Contract Tower,0,0,6,14,20,0,0,44,34,78,0,0,50,48,98,0,10,10,108
04/10/2021,FOE,KS,ACE,CE,Federal Contract Tower,0,3,5,3,11,0,0,0,1,1,0,3,5,4,12,2,76,78,90
04/11/2021,FOE,KS,ACE,CE,Federal Contract Tower,0,1,6,4,11,0,3,23,0,26,0,4,29,4,37,2,0,2,39
04/12/2021,FOE,KS,ACE,CE,Federal Contract Tower,0,2,9,19,30,0,0,6,2,8,0,2,15,21,38,4,52,56,94
04/13/2021,FOE,KS,ACE,CE,Federal Contract Tower,0,0,5,20,25,0,0,12,8,20,0,0,17,28,45,6,46,52,97
04/14/2021,FOE,KS,ACE,CE,Federal Contract Tower,0,0,21,28,49,0,0,4,18,22,0,0,25,46,71,0,72,72,143
04/15/2021,FOE,KS,ACE,CE,Federal Contract Tower,0,0,13,14,27,0,0,10,0,10,0,0,23,14,37,0,126,126,163
04/16/2021,FOE,KS,ACE,CE,Federal Contract Tower,0,0,7,2,9,0,0,0,0,0,0,0,7,2,9,0,0,0,9
04/17/2021,FOE,KS,ACE,CE,Federal Contract Tower,0,0,3,2,5,0,0,11,0,11,0,0,14,2,16,10,0,10,26
04/18/2021,FOE,KS,ACE,CE,Federal Contract Tower,0,2,7,2,11,0,2,17,0,19,0,4,24,2,30,10,4,14,44
04/19/2021,FOE,KS,ACE,CE,Federal Contract Tower,0,0,1,7,8,0,0,8,3,11,0,0,9,10,19,8,6,14,33
04/20/2021,FOE,KS,ACE,CE,Federal Contract Tower,0,0,16,17,33,0,0,0,5,5,0,0,16,22,38,0,56,56,94
04/21/2021,FOE,KS,ACE,CE,Federal Contract Tower,0,0,21,26,47,0,0,10,13,23,0,0,31,39,70,14,104,118,188
04/22/2021,FOE,KS,ACE,CE,Federal Contract Tower,0,0,19,12,31,0,0,12,0,12,0,0,31,12,43,0,132,132,175
04/23/2021,FOE,KS,ACE,CE,Federal Contract Tower,0,1,8,1,10,0,0,3,3,6,0,1,11,4,16,0,0,0,16
04/24/2021,FOE,KS,ACE,CE,Federal Contract Tower,0,0,6,1,7,0,0,19,0,19,0,0,25,1,26,28,0,28,54
04/25/2021,FOE,KS,ACE,CE,Federal Contract Tower,0,0,2,7,9,0,0,3,2,5,0,0,5,9,14,0,30,30,44
04/26/2021,FOE,KS,ACE,CE,Federal Contract Tower,0,0,2,1,3,0,0,7,1,8,0,0,9,2,11,2,0,2,13
04/27/2021,FOE,KS,ACE,CE,Federal Contract Tower,0,1,2,9,12,0,0,9,0,9,0,1,11,9,21,0,0,0,21
04/28/2021,FOE,KS,ACE,CE,Federal Contract Tower,0,1,16,2,19,0,0,8,0,8,0,1,24,2,27,0,68,68,95
04/29/2021,FOE,KS,ACE,CE,Federal Contract Tower,0,0,17,34,51,0,0,10,0,10,0,0,27,34,61,54,174,228,289
04/30/2021,FOE,KS,ACE,CE,Federal Contract Tower,0,3,7,17,27,0,0,24,16,40,0,3,31,33,67,13,52,65,132
05/01/2021,FOE,KS,ACE,CE,Federal Contract Tower,0,2,3,14,19,0,0,18,1,19,0,2,21,15,38,0,18,18,56
05/02/2021,FOE,KS,ACE,CE,Federal Contract Tower,0,1,7,0,8,0,0,7,0,7,0,1,14,0,15,0,0,0,15
05/03/2021,FOE,KS,ACE,CE,Federal Contract Tower,0,3,17,25,45,0,0,8,4,12,0,3,25,29,57,10,16,26,83
05/04/2021,FOE,KS,ACE,CE,Federal Contract Tower,0,2,12,23,37,0,0,10,7,17,0,2,22,30,54,0,49,49,103
05/05/2021,FOE,KS,ACE,CE,Federal Contract Tower,0,1,15,23,39,0,0,21,0,21,0,1,36,23,60,6,198,204,264
05/06/2021,FOE,KS,ACE,CE,Federal Contract Tower,0,0,10,14,24,0,0,10,0,10,0,0,20,14,34,6,54,60,94
05/07/2021,FOE,KS,ACE,CE,Federal Contract Tower,0,2,15,7,24,0,0,4,0,4,0,2,19,7,28,14,34,48,76
05/08/2021,FOE,KS,ACE,CE,Federal Contract Tower,2,0,3,10,15,0,0,7,0,7,2,0,10,10,22,8,0,8,30
05/09/2021,FOE,KS,ACE,CE,Federal Contract Tower,0,0,4,3,7,0,0,1,1,2,0,0,5,4,9,0,0,0,9
05/10/2021,FOE,KS,ACE,CE,Federal Contract Tower,0,0,9,9,18,0,0,28,0,28,0,0,37,9,46,6,24,30,76
05/11/2021,FOE,KS,ACE,CE,Federal Contract Tower,0,0,9,25,34,0,0,7,7,14,0,0,16,32,48,0,140,140,188
05/12/2021,FOE,KS,ACE,CE,Federal Contract Tower,0,0,14,12,26,0,0,11,0,11,0,0,25,12,37,84,76,160,197
05/14/2021,FOE,KS,ACE,CE,Federal Contract Tower,0,0,5,17,22,0,0,69,1,70,0,0,74,18,92,24,90,114,206
05/15/2021,FOE,KS,ACE,CE,Federal Contract Tower,0,0,7,9,16,0,0,15,1,16,0,0,22,10,32,0,0,0,32
05/16/2021,FOE,KS,ACE,CE,Federal Contract Tower,0,0,11,3,14,0,0,2,0,2,0,0,13,3,16,0,0,0,16
05/17/2021,FOE,KS,ACE,CE,Federal Contract Tower,0,0,5,26,31,0,0,4,0,4,0,0,9,26,35,2,26,28,63
05/18/2021,FOE,KS,ACE,CE,Federal Contract Tower,0,1,12,22,35,0,0,12,10,22,0,1,24,32,57,2,60,62,119
05/19/2021,FOE,KS,ACE,CE,Federal Contract Tower,0,0,10,19,29,0,0,8,0,8,0,0,18,19,37,0,0,0,37
05/21/2021,FOE,KS,ACE,CE,Federal Contract Tower,0,1,9,13,23,0,0,10,32,42,0,1,19,45,65,0,40,40,105
05/22/2021,FOE,KS,ACE,CE,Federal Contract Tower,0,0,4,23,27,0,0,0,4,4,0,0,4,27,31,0,60,60,91
05/23/2021,FOE,KS,ACE,CE,Federal Contract Tower,0,0,1,4,5,0,0,2,0,2,0,0,3,4,7,14,0,14,21
05/24/2021,FOE,KS,ACE,CE,Federal Contract Tower,0,0,3,14,17,0,0,11,9,20,0,0,14,23,37,0,42,42,79
05/25/2021,FOE,KS,ACE,CE,Federal Contract Tower,0,0,8,16,24,0,0,8,2,10,0,0,16,18,34,0,127,127,161
05/26/2021,FOE,KS,ACE,CE,Federal Contract Tower,0,0,17,31,48,0,0,14,6,20,0,0,31,37,68,18,144,162,230
05/27/2021,FOE,KS,ACE,CE,Federal Contract Tower,0,0,9,3,12,0,0,6,0,6,0,0,15,3,18,0,40,40,58
05/28/2021,FOE,KS,ACE,CE,Federal Contract Tower,0,0,2,23,25,0,0,11,0,11,0,0,13,23,36,0,0,0,36
05/29/2021,FOE,KS,ACE,CE,Federal Contract Tower,0,1,15,0,16,0,0,12,0,12,0,1,27,0,28,0,0,0,28
05/30/2021,FOE,KS,ACE,CE,Federal Contract Tower,0,3,4,1,8,0,2,7,0,9,0,5,11,1,17,0,0,0,17
05/31/2021,FOE,KS,ACE,CE,Federal Contract Tower,0,2,6,0,8,0,0,0,0,0,0,2,6,0,8,0,0,0,8
06/01/2021,FOE,KS,ACE,CE,Federal Contract Tower,0,1,9,46,56,0,0,8,4,12,0,1,17,50,68,0,53,53,121
06/02/2021,FOE,KS,ACE,CE,Federal Contract Tower,0,5,24,6,35,0,0,10,0,10,0,5,34,6,45,0,86,86,131
06/03/2021,FOE,KS,ACE,CE,Federal Contract Tower,0,3,10,27,40,0,0,10,0,10,0,3,20,27,50,2,24,26,76
06/04/2021,FOE,KS,ACE,CE,Federal Contract Tower,0,0,6,11,17,0,0,27,1,28,0,0,33,12,45,16,88,104,149
06/05/2021,FOE,KS,ACE,CE,Federal Contract Tower,0,0,12,6,18,0,0,44,0,44,0,0,56,6,62,0,84,84,146
06/06/2021,FOE,KS,ACE,CE,Federal Contract Tower,0,1,5,7,13,0,0,5,8,13,0,1,10,15,26,2,14,16,42
06/07/2021,FOE,KS,ACE,CE,Federal Contract Tower,0,1,6,33,40,0,0,18,21,39,0,1,24,54,79,22,172,194,273
06/08/2021,FOE,KS,ACE,CE,Federal Contract Tower,2,3,3,9,17,0,0,9,18,27,2,3,12,27,44,0,176,176,220
06/09/2021,FOE,KS,ACE,CE,Federal Contract Tower,0,1,17,8,26,0,0,8,0,8,0,1,25,8,34,0,204,204,238
06/10/2021,FOE,KS,ACE,CE,Federal Contract Tower,0,1,11,8,20,0,0,12,7,19,0,1,23,15,39,0,0,0,39
06/11/2021,FOE,KS,ACE,CE,Federal Contract Tower,0,0,5,14,19,0,0,8,0,8,0,0,13,14,27,0,134,134,161
06/12/2021,FOE,KS,ACE,CE,Federal Contract Tower,0,1,14,2,17,0,0,12,0,12,0,1,26,2,29,0,44,44,73
06/13/2021,FOE,KS,ACE,CE,Federal Contract Tower,0,0,2,2,4,0,0,20,5,25,0,0,22,7,29,20,16,36,65
06/14/2021,FOE,KS,ACE,CE,Federal Contract Tower,0,0,5,21,26,0,0,16,14,30,0,0,21,35,56,20,82,102,158
06/15/2021,FOE,KS,ACE,CE,Federal Contract Tower,0,2,11,16,29,0,0,8,7,15,0,2,19,23,44,0,56,56,100
06/16/2021,FOE,KS,ACE,CE,Federal Contract Tower,0,0,13,14,27,0,0,10,0,10,0,0,23,14,37,0,100,100,137
06/17/2021,FOE,KS,ACE,CE,Federal Contract Tower,0,0,13,8,21,0,0,13,3,16,0,0,26,11,37,14,74,88,125
06/18/2021,FOE,KS,ACE,CE,Federal Contract Tower,1,0,5,5,11,0,0,4,0,4,1,0,9,5,15,0,10,10,25
06/19/2021,FOE,KS,ACE,CE,Federal Contract Tower,0,0,2,1,3,0,0,12,0,12,0,0,14,1,15,0,3,3,18
06/20/2021,FOE,KS,ACE,CE,Federal Contract Tower,0,0,1,2,3,0,0,3,0,3,0,0,4,2,6,0,0,0,6
06/21/2021,FOE,KS,ACE,CE,Federal Contract Tower,0,0,3,2,5,0,0,8,2,10,0,0,11,4,15,0,14,14,29
06/22/2021,FOE,KS,ACE,CE,Federal Contract Tower,0,1,17,12,30,0,1,20,1,22,0,2,37,13,52,10,16,26,78
06/23/2021,FOE,KS,ACE,CE,Federal Contract Tower,0,0,20,7,27,0,0,20,0,20,0,0,40,7,47,0,154,154,201
06/24/2021,FOE,KS,ACE,CE,Federal Contract Tower,1,3,8,24,36,0,0,16,9,25,1,3,24,33,61,18,122,140,201
06/25/2021,FOE,KS,ACE,CE,Federal Contract Tower,2,0,29,29,60,0,0,47,5,52,2,0,76,34,112,98,157,255,367
06/26/2021,FOE,KS,ACE,CE,Federal Contract Tower,0,0,11,2,13,0,0,57,0,57,0,0,68,2,70,0,10,10,80
06/27/2021,FOE,KS,ACE,CE,Federal Contract Tower,0,0,4,4,8,0,0,240,20,260,0,0,244,24,268,28,0,28,296
06/28/2021,FOE,KS,ACE,CE,Federal Contract Tower,0,0,8,26,34,0,0,14,2,16,0,0,22,28,50,16,6,22,72
06/29/2021,FOE,KS,ACE,CE,Federal Contract Tower,0,0,9,0,9,0,0,14,0,14,0,0,23,0,23,0,0,0,23
06/30/2021,FOE,KS,ACE,CE,Federal Contract Tower,1,1,8,4,14,0,0,0,0,0,1,1,8,4,14,0,0,0,14
07/01/2021,FOE,KS,ACE,CE,Federal Contract Tower,0,2,21,5,28,0,0,6,0,6,0,2,27,5,34,0,0,0,34
07/02/2021,FOE,KS,ACE,CE,Federal Contract Tower,0,0,9,2,11,0,0,18,0,18,0,0,27,2,29,10,0,10,39
07/03/2021,FOE,KS,ACE,CE,Federal Contract Tower,0,0,17,0,17,0,0,11,0,11,0,0,28,0,28,2,0,2,30
07/04/2021,FOE,KS,ACE,CE,Federal Contract Tower,0,2,7,2,11,0,0,28,0,28,0,2,35,2,39,14,0,14,53
07/05/2021,FOE,KS,ACE,CE,Federal Contract Tower,0,2,4,0,6,0,0,9,0,9,0,2,13,0,15,4,0,4,19
07/06/2021,FOE,KS,ACE,CE,Federal Contract Tower,0,0,14,24,38,0,1,14,9,24,0,1,28,33,62,0,62,62,124
07/07/2021,FOE,KS,ACE,CE,Federal Contract Tower,0,0,17,11,28,0,0,11,0,11,0,0,28,11,39,12,52,64,103
07/09/2021,FOE,KS,ACE,CE,Federal Contract Tower,0,1,4,4,9,0,0,1,3,4,0,1,5,7,13,0,12,12,25
07/10/2021,FOE,KS,ACE,CE,Federal Contract Tower,1,0,5,0,6,0,0,5,0,5,1,0,10,0,11,8,0,8,19
07/11/2021,FOE,KS,ACE,CE,Federal Contract Tower,0,0,10,1,11,0,0,11,0,11,0,0,21,1,22,6,0,6,28
07/12/2021,FOE,KS,ACE,CE,Federal Contract Tower,0,1,8,49,58,0,0,24,0,24,0,1,32,49,82,24,88,112,194
07/13/2021,FOE,KS,ACE,CE,Federal Contract Tower,0,0,10,22,32,0,0,30,3,33,0,0,40,25,65,30,62,92,157
07/14/2021,FOE,KS,ACE,CE,Federal Contract Tower,2,0,19,20,41,0,0,26,2,28,2,0,45,22,69,7,86,93,162
07/15/2021,FOE,KS,ACE,CE,Federal Contract Tower,0,1,10,1,12,0,0,0,0,0,0,1,10,1,12,0,0,0,12
07/16/2021,FOE,KS,ACE,CE,Federal Contract Tower,0,0,14,8,22,0,0,7,0,7,0,0,21,8,29,30,14,44,73
07/17/2021,FOE,KS,ACE,CE,Federal Contract Tower,1,2,8,1,12,0,0,1,0,1,1,2,9,1,13,0,2,2,15
07/18/2021,FOE,KS,ACE,CE,Federal Contract Tower,2,0,6,1,9,0,0,4,0,4,2,0,10,1,13,14,0,14,27
07/19/2021,FOE,KS,ACE,CE,Federal Contract Tower,0,8,10,15,33,0,0,14,5,19,0,8,24,20,52,6,64,70,122
07/20/2021,FOE,KS,ACE,CE,Federal Contract Tower,0,0,16,18,34,0,0,24,13,37,0,0,40,31,71,19,140,159,230
07/21/2021,FOE,KS,ACE,CE,Federal Contract Tower,1,2,23,15,41,0,0,8,0,8,1,2,31,15,49,14,52,66,115
07/22/2021,FOE,KS,ACE,CE,Federal Contract Tower,0,1,20,6,27,0,0,13,0,13,0,1,33,6,40,54,80,134,174
07/23/2021,FOE,KS,ACE,CE,Federal Contract Tower,0,0,8,47,55,0,2,15,16,33,0,2,23,63,88,0,192,192,280
07/24/2021,FOE,KS,ACE,CE,Federal Contract Tower,0,0,2,0,2,0,4,5,0,9,0,4,7,0,11,0,0,0,11
07/25/2021,FOE,KS,ACE,CE,Federal Contract Tower,0,0,7,0,7,0,2,7,0,9,0,2,14,0,16,0,0,0,16
07/26/2021,FOE,KS,ACE,CE,Federal Contract Tower,0,0,12,6,18,0,0,4,1,5,0,0,16,7,23,10,42,52,75
07/27/2021,FOE,KS,ACE,CE,Federal Contract Tower,0,0,7,25,32,0,0,13,12,25,0,0,20,37,57,54,70,124,181
07/28/2021,FOE,KS,ACE,CE,Federal Contract Tower,0,0,24,19,43,0,0,0,0,0,0,0,24,19,43,66,112,178,221
07/29/2021,FOE,KS,ACE,CE,Federal Contract Tower,2,0,17,16,35,0,0,8,4,12,2,0,25,20,47,10,92,102,149
07/30/2021,FOE,KS,ACE,CE,Federal Contract Tower,0,2,4,34,40,0,0,11,1,12,0,2,15,35,52,34,62,96,148
07/31/2021,FOE,KS,ACE,CE,Federal Contract Tower,1,0,5,0,6,0,0,12,3,15,1,0,17,3,21,0,0,0,21
08/01/2021,FOE,KS,ACE,CE,Federal Contract Tower,0,2,4,18,24,0,0,8,0,8,0,2,12,18,32,10,14,24,56
08/02/2021,FOE,KS,ACE,CE,Federal Contract Tower,0,3,4,20,27,0,0,7,0,7,0,3,11,20,34,0,66,66,100
08/03/2021,FOE,KS,ACE,CE,Federal Contract Tower,0,0,10,6,16,0,0,17,4,21,0,0,27,10,37,0,28,28,65
08/04/2021,FOE,KS,ACE,CE,Federal Contract Tower,0,0,13,10,23,0,1,15,2,18,0,1,28,12,41,30,40,70,111
08/05/2021,FOE,KS,ACE,CE,Federal Contract Tower,0,0,9,6,15,0,0,7,0,7,0,0,16,6,22,4,10,14,36
08/06/2021,FOE,KS,ACE,CE,Federal Contract Tower,2,0,11,14,27,0,0,10,0,10,2,0,21,14,37,0,22,22,59
08/07/2021,FOE,KS,ACE,CE,Federal Contract Tower,0,0,2,5,7,0,0,8,0,8,0,0,10,5,15,0,0,0,15
08/08/2021,FOE,KS,ACE,CE,Federal Contract Tower,0,0,7,6,13,0,0,4,2,6,0,0,11,8,19,0,2,2,21
08/09/2021,FOE,KS,ACE,CE,Federal Contract Tower,0,3,5,26,34,0,2,7,6,15,0,5,12,32,49,0,62,62,111
08/10/2021,FOE,KS,ACE,CE,Federal Contract Tower,0,0,7,6,13,0,0,8,0,8,0,0,15,6,21,0,32,32,53
08/11/2021,FOE,KS,ACE,CE,Federal Contract Tower,0,1,9,0,10,0,0,9,0,9,0,1,18,0,19,0,0,0,19
08/12/2021,FOE,KS,ACE,CE,Federal Contract Tower,0,0,12,5,17,0,0,1,0,1,0,0,13,5,18,0,10,10,28
08/13/2021,FOE,KS,ACE,CE,Federal Contract Tower,0,1,14,40,55,0,0,5,3,8,0,1,19,43,63,0,70,70,133
08/14/2021,FOE,KS,ACE,CE,Federal Contract Tower,0,0,11,7,18,0,1,8,0,9,0,1,19,7,27,8,16,24,51
08/15/2021,FOE,KS,ACE,CE,Federal Contract Tower,0,5,19,19,43,0,1,12,1,14,0,6,31,20,57,16,0,16,73
08/16/2021,FOE,KS,ACE,CE,Federal Contract Tower,0,5,2,20,27,0,0,5,2,7,0,5,7,22,34,2,80,82,116
08/17/2021,FOE,KS,ACE,CE,Federal Contract Tower,0,0,9,10,19,0,0,14,10,24,0,0,23,20,43,10,32,42,85
08/18/2021,FOE,KS,ACE,CE,Federal Contract Tower,0,0,31,28,59,0,0,16,0,16,0,0,47,28,75,44,29,73,148
08/19/2021,FOE,KS,ACE,CE,Federal Contract Tower,0,5,10,16,31,0,0,12,0,12,0,5,22,16,43,26,2,28,71
08/20/2021,FOE,KS,ACE,CE,Federal Contract Tower,0,4,9,5,18,0,0,4,0,4,0,4,13,5,22,10,12,22,44
08/21/2021,FOE,KS,ACE,CE,Federal Contract Tower,0,0,5,1,6,0,0,10,0,10,0,0,15,1,16,6,0,6,22
08/22/2021,FOE,KS,ACE,CE,Federal Contract Tower,0,3,12,7,22,0,2,13,0,15,0,5,25,7,37,8,4,12,49
08/23/2021,FOE,KS,ACE,CE,Federal Contract Tower,0,0,8,17,25,0,0,5,3,8,0,0,13,20,33,0,90,90,123
08/24/2021,FOE,KS,ACE,CE,Federal Contract Tower,0,0,9,13,22,0,0,14,9,23,0,0,23,22,45,6,40,46,91
08/25/2021,FOE,KS,ACE,CE,Federal Contract Tower,0,0,14,10,24,0,0,6,2,8,0,0,20,12,32,10,22,32,64
08/26/2021,FOE,KS,ACE,CE,Federal Contract Tower,0,0,16,8,24,0,0,16,0,16,0,0,32,8,40,28,20,48,88
08/27/2021,FOE,KS,ACE,CE,Federal Contract Tower,0,0,2,23,25,0,0,13,11,24,0,0,15,34,49,2,34,36,85
08/28/2021,FOE,KS,ACE,CE,Federal Contract Tower,0,0,2,2,4,0,0,17,0,17,0,0,19,2,21,0,0,0,21
08/29/2021,FOE,KS,ACE,CE,Federal Contract Tower,0,0,1,0,1,0,0,8,2,10,0,0,9,2,11,4,14,18,29
08/30/2021,FOE,KS,ACE,CE,Federal Contract Tower,0,0,5,8,13,0,0,4,9,13,0,0,9,17,26,14,74,88,114
08/31/2021,FOE,KS,ACE,CE,Federal Contract Tower,0,0,9,13,22,0,0,9,2,11,0,0,18,15,33,4,36,40,73
09/01/2021,FOE,KS,ACE,CE,Federal Contract Tower,0,0,12,4,16,0,0,16,0,16,0,0,28,4,32,0,0,0,32
09/03/2021,FOE,KS,ACE,CE,Federal Contract Tower,0,0,9,0,9,0,0,0,0,0,0,0,9,0,9,14,0,14,23
09/04/2021,FOE,KS,ACE,CE,Federal Contract Tower,0,0,6,0,6,0,0,2,0,2,0,0,8,0,8,0,0,0,8
09/05/2021,FOE,KS,ACE,CE,Federal Contract Tower,0,0,1,0,1,0,0,12,0,12,0,0,13,0,13,4,0,4,17
09/06/2021,FOE,KS,ACE,CE,Federal Contract Tower,0,2,8,1,11,0,0,15,0,15,0,2,23,1,26,18,0,18,44
09/07/2021,FOE,KS,ACE,CE,Federal Contract Tower,0,2,10,7,19,0,0,21,8,29,0,2,31,15,48,6,8,14,62
09/08/2021,FOE,KS,ACE,CE,Federal Contract Tower,0,0,10,3,13,0,0,16,1,17,0,0,26,4,30,24,28,52,82
09/09/2021,FOE,KS,ACE,CE,Federal Contract Tower,0,0,23,17,40,0,0,18,0,18,0,0,41,17,58,74,52,126,184
09/10/2021,FOE,KS,ACE,CE,Federal Contract Tower,0,1,12,4,17,0,0,12,2,14,0,1,24,6,31,38,10,48,79
09/11/2021,FOE,KS,ACE,CE,Federal Contract Tower,0,0,7,1,8,0,0,3,22,25,0,0,10,23,33,0,0,0,33
09/12/2021,FOE,KS,ACE,CE,Federal Contract Tower,0,0,10,11,21,0,0,14,1,15,0,0,24,12,36,0,4,4,40
09/13/2021,FOE,KS,ACE,CE,Federal Contract Tower,0,0,5,9,14,0,0,10,0,10,0,0,15,9,24,0,0,0,24
09/14/2021,FOE,KS,ACE,CE,Federal Contract Tower,0,0,4,13,17,0,0,9,7,16,0,0,13,20,33,48,34,82,115
09/15/2021,FOE,KS,ACE,CE,Federal Contract Tower,0,0,18,17,35,0,0,14,0,14,0,0,32,17,49,14,42,56,105
09/16/2021,FOE,KS,ACE,CE,Federal Contract Tower,0,1,13,33,47,0,0,8,33,41,0,1,21,66,88,18,105,123,211
09/17/2021,FOE,KS,ACE,CE,Federal Contract Tower,0,0,13,32,45,0,0,20,0,20,0,0,33,32,65,14,64,78,143
09/18/2021,FOE,KS,ACE,CE,Federal Contract Tower,0,0,5,0,5,0,0,11,2,13,0,0,16,2,18,4,0,4,22
09/19/2021,FOE,KS,ACE,CE,Federal Contract Tower,0,0,6,18,24,0,0,3,1,4,0,0,9,19,28,2,14,16,44
09/20/2021,FOE,KS,ACE,CE,Federal Contract Tower,0,0,11,17,28,0,0,6,1,7,0,0,17,18,35,10,20,30,65
09/21/2021,FOE,KS,ACE,CE,Federal Contract Tower,0,2,6,16,24,0,0,11,5,16,0,2,17,21,40,0,10,10,50
09/22/2021,FOE,KS,ACE,CE,Federal Contract Tower,0,0,14,5,19,0,0,16,0,16,0,0,30,5,35,8,6,14,49
09/23/2021,FOE,KS,ACE,CE,Federal Contract Tower,1,0,17,5,23,0,32,13,1,46,1,32,30,6,69,25,0,25,94
09/24/2021,FOE,KS,ACE,CE,Federal Contract Tower,1,4,12,0,17,0,0,4,11,15,1,4,16,11,32,0,42,42,74
09/25/2021,FOE,KS,ACE,CE,Federal Contract Tower,0,2,4,0,6,0,0,3,1,4,0,2,7,1,10,6,0,6,16
09/26/2021,FOE,KS,ACE,CE,Federal Contract Tower,0,6,4,0,10,0,0,2,0,2,0,6,6,0,12,0,0,0,12
09/27/2021,FOE,KS,ACE,CE,Federal Contract Tower,0,1,9,18,28,0,0,10,0,10,0,1,19,18,38,6,4,10,48
09/28/2021,FOE,KS,ACE,CE,Federal Contract Tower,0,1,8,23,32,0,3,10,10,23,0,4,18,33,55,0,30,30,85
09/29/2021,FOE,KS,ACE,CE,Federal Contract Tower,1,0,9,2,12,0,0,2,12,14,1,0,11,14,26,0,0,0,26
09/30/2021,FOE,KS,ACE,CE,Federal Contract Tower,0,2,2,2,6,0,0,2,0,2,0,2,4,2,8,0,2,2,10
10/02/2021,FOE,KS,ACE,CE,Federal Contract Tower,0,0,6,0,6,0,0,4,0,4,0,0,10,0,10,0,0,0,10
10/03/2021,FOE,KS,ACE,CE,Federal Contract Tower,1,0,9,0,10,0,0,5,0,5,1,0,14,0,15,14,0,14,29
10/04/2021,FOE,KS,ACE,CE,Federal Contract Tower,0,0,11,2,13,0,0,16,1,17,0,0,27,3,30,18,52,70,100
10/05/2021,FOE,KS,ACE,CE,Federal Contract Tower,0,0,12,10,22,0,0,17,16,33,0,0,29,26,55,18,60,78,133
10/06/2021,FOE,KS,ACE,CE,Federal Contract Tower,0,0,8,2,10,0,0,0,0,0,0,0,8,2,10,0,0,0,10
10/07/2021,FOE,KS,ACE,CE,Federal Contract Tower,0,0,12,4,16,0,0,10,0,10,0,0,22,4,26,4,10,14,40
10/08/2021,FOE,KS,ACE,CE,Federal Contract Tower,0,2,6,19,27,0,0,9,0,9,0,2,15,19,36,0,30,30,66
10/09/2021,FOE,KS,ACE,CE,Federal Contract Tower,0,0,5,2,7,0,0,6,0,6,0,0,11,2,13,4,0,4,17
10/10/2021,FOE,KS,ACE,CE,Federal Contract Tower,0,3,5,1,9,0,0,2,0,2,0,3,7,1,11,0,0,0,11
10/11/2021,FOE,KS,ACE,CE,Federal Contract Tower,0,6,5,0,11,0,2,4,0,6,0,8,9,0,17,16,0,16,33
10/12/2021,FOE,KS,ACE,CE,Federal Contract Tower,0,0,4,4,8,0,0,4,8,12,0,0,8,12,20,0,24,24,44
10/13/2021,FOE,KS,ACE,CE,Federal Contract Tower,0,0,6,11,17,0,0,14,0,14,0,0,20,11,31,0,0,0,31
10/14/2021,FOE,KS,ACE,CE,Federal Contract Tower,0,3,15,8,26,0,0,10,0,10,0,3,25,8,36,0,60,60,96
10/16/2021,FOE,KS,ACE,CE,Federal Contract Tower,2,0,6,0,8,0,0,6,10,16,2,0,12,10,24,0,12,12,36
10/17/2021,FOE,KS,ACE,CE,Federal Contract Tower,0,0,7,5,12,0,0,11,10,21,0,0,18,15,33,10,6,16,49
10/18/2021,FOE,KS,ACE,CE,Federal Contract Tower,0,0,16,9,25,0,2,15,3,20,0,2,31,12,45,0,0,0,45
10/19/2021,FOE,KS,ACE,CE,Federal Contract Tower,0,0,8,8,16,0,0,8,6,14,0,0,16,14,30,4,16,20,50
10/20/2021,FOE,KS,ACE,CE,Federal Contract Tower,2,3,8,9,22,0,0,5,0,5,2,3,13,9,27,4,22,26,53
10/21/2021,FOE,KS,ACE,CE,Federal Contract Tower,0,0,11,7,18,0,0,4,0,4,0,0,15,7,22,0,8,8,30
10/22/2021,FOE,KS,ACE,CE,Federal Contract Tower,0,0,8,14,22,0,0,10,7,17,0,0,18,21,39,16,108,124,163
10/23/2021,FOE,KS,ACE,CE,Federal Contract Tower,2,0,5,1,8,0,0,0,0,0,2,0,5,1,8,0,0,0,8
10/24/2021,FOE,KS,ACE,CE,Federal Contract Tower,0,0,2,7,9,0,0,3,0,3,0,0,5,7,12,0,0,0,12
10/25/2021,FOE,KS,ACE,CE,Federal Contract Tower,2,0,9,16,27,0,0,14,0,14,2,0,23,16,41,0,0,0,41
10/26/2021,FOE,KS,ACE,CE,Federal Contract Tower,0,0,8,17,25,0,0,10,10,20,0,0,18,27,45,0,31,31,76
10/28/2021,FOE,KS,ACE,CE,Federal Contract Tower,0,0,4,0,4,0,0,0,0,0,0,0,4,0,4,0,0,0,4
10/29/2021,FOE,KS,ACE,CE,Federal Contract Tower,0,0,8,10,18,0,0,2,4,6,0,0,10,14,24,0,14,14,38
10/30/2021,FOE,KS,ACE,CE,Federal Contract Tower,0,1,4,0,5,0,0,22,0,22,0,1,26,0,27,18,0,18,45
10/31/2021,FOE,KS,ACE,CE,Federal Contract Tower,0,2,1,0,3,0,0,9,0,9,0,2,10,0,12,2,0,2,14
11/01/2021,FOE,KS,ACE,CE,Federal Contract Tower,0,0,3,13,16,0,0,1,0,1,0,0,4,13,17,0,18,18,35
11/02/2021,FOE,KS,ACE,CE,Federal Contract Tower,0,1,9,11,21,0,0,8,13,21,0,1,17,24,42,0,73,73,115
11/03/2021,FOE,KS,ACE,CE,Federal Contract Tower,0,0,10,16,26,0,0,6,4,10,0,0,16,20,36,0,112,112,148
11/04/2021,FOE,KS,ACE,CE,Federal Contract Tower,0,0,7,4,11,0,0,8,0,8,0,0,15,4,19,5,30,35,54
11/05/2021,FOE,KS,ACE,CE,Federal Contract Tower,0,1,10,0,11,0,0,0,0,0,0,1,10,0,11,14,0,14,25
11/06/2021,FOE,KS,ACE,CE,Federal Contract Tower,0,0,3,5,8,0,0,8,0,8,0,0,11,5,16,14,0,14,30
11/07/2021,FOE,KS,ACE,CE,Federal Contract Tower,0,2,8,5,15,0,0,0,9,9,0,2,8,14,24,0,6,6,30
11/08/2021,FOE,KS,ACE,CE,Federal Contract Tower,1,6,6,27,40,0,0,6,3,9,1,6,12,30,49,0,28,28,77
11/09/2021,FOE,KS,ACE,CE,Federal Contract Tower,0,0,16,12,28,0,0,3,7,10,0,0,19,19,38,2,28,30,68
11/10/2021,FOE,KS,ACE,CE,Federal Contract Tower,0,0,14,11,25,0,0,10,10,20,0,0,24,21,45,0,12,12,57
11/11/2021,FOE,KS,ACE,CE,Federal Contract Tower,0,1,5,0,6,0,0,0,0,0,0,1,5,0,6,0,4,4,10
11/12/2021,FOE,KS,ACE,CE,Federal Contract Tower,4,4,7,2,17,0,0,5,0,5,4,4,12,2,22,0,0,0,22
11/13/2021,FOE,KS,ACE,CE,Federal Contract Tower,0,1,8,2,11,0,0,3,0,3,0,1,11,2,14,0,0,0,14
11/14/2021,FOE,KS,ACE,CE,Federal Contract Tower,1,3,1,1,6,0,0,13,6,19,1,3,14,7,25,2,0,2,27
11/15/2021,FOE,KS,ACE,CE,Federal Contract Tower,0,6,4,11,21,0,0,16,11,27,0,6,20,22,48,6,48,54,102
11/16/2021,FOE,KS,ACE,CE,Federal Contract Tower,2,1,8,6,17,0,2,11,5,18,2,3,19,11,35,18,37,55,90
11/17/2021,FOE,KS,ACE,CE,Federal Contract Tower,0,2,13,13,28,0,0,4,16,20,0,2,17,29,48,2,18,20,68
11/18/2021,FOE,KS,ACE,CE,Federal Contract Tower,2,2,6,11,21,0,0,6,6,12,2,2,12,17,33,0,20,20,53
11/19/2021,FOE,KS,ACE,CE,Federal Contract Tower,2,0,5,14,21,0,0,10,5,15,2,0,15,19,36,0,32,32,68
11/20/2021,FOE,KS,ACE,CE,Federal Contract Tower,2,0,1,2,5,0,0,12,0,12,2,0,13,2,17,0,0,0,17
11/21/2021,FOE,KS,ACE,CE,Federal Contract Tower,0,0,4,7,11,0,2,6,0,8,0,2,10,7,19,6,6,12,31
11/22/2021,FOE,KS,ACE,CE,Federal Contract Tower,0,0,6,17,23,0,0,20,7,27,0,0,26,24,50,18,50,68,118
11/23/2021,FOE,KS,ACE,CE,Federal Contract Tower,1,0,5,8,14,0,0,5,13,18,1,0,10,21,32,0,0,0,32
11/24/2021,FOE,KS,ACE,CE,Federal Contract Tower,0,3,4,15,22,0,0,5,4,9,0,3,9,19,31,6,62,68,99
11/25/2021,FOE,KS,ACE,CE,Federal Contract Tower,0,0,0,0,0,0,0,0,0,0,0,0,0,0,0,0,0,0,0
11/26/2021,FOE,KS,ACE,CE,Federal Contract Tower,0,2,3,1,6,0,0,11,0,11,0,2,14,1,17,12,0,12,29
11/27/2021,FOE,KS,ACE,CE,Federal Contract Tower,0,1,2,4,7,0,0,3,0,3,0,1,5,4,10,0,0,0,10
11/28/2021,FOE,KS,ACE,CE,Federal Contract Tower,2,4,6,0,12,0,0,18,0,18,2,4,24,0,30,0,0,0,30
11/29/2021,FOE,KS,ACE,CE,Federal Contract Tower,0,0,10,16,26,0,0,4,11,15,0,0,14,27,41,0,38,38,79
11/30/2021,FOE,KS,ACE,CE,Federal Contract Tower,2,0,4,22,28,0,0,9,13,22,2,0,13,35,50,34,70,104,154
12/01/2021,FOE,KS,ACE,CE,Federal Contract Tower,0,6,2,13,21,0,2,16,4,22,0,8,18,17,43,38,108,146,189
12/02/2021,FOE,KS,ACE,CE,Federal Contract Tower,1,2,2,13,18,0,0,0,0,0,1,2,2,13,18,10,71,81,99
12/03/2021,FOE,KS,ACE,CE,Federal Contract Tower,0,4,5,9,18,0,0,7,15,22,0,4,12,24,40,72,50,122,162
12/04/2021,FOE,KS,ACE,CE,Federal Contract Tower,4,0,0,6,10,0,0,19,0,19,4,0,19,6,29,16,8,24,53
12/05/2021,FOE,KS,ACE,CE,Federal Contract Tower,5,0,2,4,11,0,0,6,0,6,5,0,8,4,17,6,0,6,23
12/06/2021,FOE,KS,ACE,CE,Federal Contract Tower,0,0,9,45,54,0,0,7,4,11,0,0,16,49,65,0,154,154,219
12/07/2021,FOE,KS,ACE,CE,Federal Contract Tower,0,0,3,11,14,0,0,10,10,20,0,0,13,21,34,2,36,38,72
12/09/2021,FOE,KS,ACE,CE,Federal Contract Tower,0,7,4,16,27,0,0,11,6,17,0,7,15,22,44,32,99,131,175
12/10/2021,FOE,KS,ACE,CE,Federal Contract Tower,0,1,7,32,40,0,0,2,4,6,0,1,9,36,46,0,24,24,70
12/11/2021,FOE,KS,ACE,CE,Federal Contract Tower,0,0,4,8,12,0,0,2,0,2,0,0,6,8,14,0,0,0,14
12/12/2021,FOE,KS,ACE,CE,Federal Contract Tower,2,0,8,11,21,0,0,5,2,7,2,0,13,13,28,0,6,6,34
12/13/2021,FOE,KS,ACE,CE,Federal Contract Tower,1,0,8,14,23,0,0,20,6,26,1,0,28,20,49,0,46,46,95
12/14/2021,FOE,KS,ACE,CE,Federal Contract Tower,0,2,8,10,20,0,0,2,6,8,0,2,10,16,28,0,2,2,30
12/15/2021,FOE,KS,ACE,CE,Federal Contract Tower,0,0,4,0,4,0,0,0,0,0,0,0,4,0,4,0,0,0,4
12/17/2021,FOE,KS,ACE,CE,Federal Contract Tower,2,2,10,6,20,0,0,0,3,3,2,2,10,9,23,0,44,44,67
12/18/2021,FOE,KS,ACE,CE,Federal Contract Tower,1,0,2,23,26,0,0,2,0,2,1,0,4,23,28,4,0,4,32
12/19/2021,FOE,KS,ACE,CE,Federal Contract Tower,0,0,1,0,1,0,0,11,0,11,0,0,12,0,12,8,0,8,20
12/20/2021,FOE,KS,ACE,CE,Federal Contract Tower,1,2,0,20,23,0,0,7,2,9,1,2,7,22,32,8,44,52,84
12/21/2021,FOE,KS,ACE,CE,Federal Contract Tower,1,7,1,17,26,0,0,10,17,27,1,7,11,34,53,6,58,64,117
12/22/2021,FOE,KS,ACE,CE,Federal Contract Tower,0,6,0,20,26,0,0,7,0,7,0,6,7,20,33,0,60,60,93
12/23/2021,FOE,KS,ACE,CE,Federal Contract Tower,0,0,1,0,1,0,0,3,0,3,0,0,4,0,4,0,0,0,4
12/24/2021,FOE,KS,ACE,CE,Federal Contract Tower,0,0,1,0,1,0,0,3,0,3,0,0,4,0,4,0,0,0,4
12/25/2021,FOE,KS,ACE,CE,Federal Contract Tower,0,0,2,0,2,0,0,5,0,5,0,0,7,0,7,0,0,0,7
12/26/2021,FOE,KS,ACE,CE,Federal Contract Tower,0,0,3,0,3,0,0,4,0,4,0,0,7,0,7,2,0,2,9
12/27/2021,FOE,KS,ACE,CE,Federal Contract Tower,0,0,7,6,13,0,0,13,3,16,0,0,20,9,29,10,28,38,67
12/28/2021,FOE,KS,ACE,CE,Federal Contract Tower,0,0,1,13,14,0,0,6,9,15,0,0,7,22,29,0,58,58,87
12/29/2021,FOE,KS,ACE,CE,Federal Contract Tower,0,1,6,6,13,0,0,0,0,0,0,1,6,6,13,0,21,21,34
12/30/2021,FOE,KS,ACE,CE,Federal Contract Tower,1,1,4,2,8,0,0,0,0,0,1,1,4,2,8,24,25,49,57
12/31/2021,FOE,KS,ACE,CE,Federal Contract Tower,0,4,0,0,4,0,0,7,0,7,0,4,7,0,11,0,0,0,11
01/01/2022,FOE,KS,ACE,CE,Federal Contract Tower,0,1,0,0,1,0,0,0,0,0,0,1,0,0,1,0,0,0,1
01/02/2022,FOE,KS,ACE,CE,Federal Contract Tower,0,0,4,0,4,0,0,0,0,0,0,0,4,0,4,0,0,0,4
01/03/2022,FOE,KS,ACE,CE,Federal Contract Tower,0,2,12,4,18,0,0,7,2,9,0,2,19,6,27,0,28,28,55
01/04/2022,FOE,KS,ACE,CE,Federal Contract Tower,0,1,9,4,14,0,0,1,0,1,0,1,10,4,15,0,0,0,15
01/05/2022,FOE,KS,ACE,CE,Federal Contract Tower,0,1,1,9,11,0,0,0,0,0,0,1,1,9,11,8,26,34,45
01/06/2022,FOE,KS,ACE,CE,Federal Contract Tower,1,0,9,2,12,0,0,8,0,8,1,0,17,2,20,0,10,10,30
01/07/2022,FOE,KS,ACE,CE,Federal Contract Tower,2,0,4,8,14,0,0,6,7,13,2,0,10,15,27,0,42,42,69
01/08/2022,FOE,KS,ACE,CE,Federal Contract Tower,2,0,7,0,9,0,0,0,0,0,2,0,7,0,9,0,14,14,23
01/09/2022,FOE,KS,ACE,CE,Federal Contract Tower,1,0,6,6,13,0,0,0,2,2,1,0,6,8,15,0,0,0,15
01/10/2022,FOE,KS,ACE,CE,Federal Contract Tower,0,2,7,20,29,0,0,5,8,13,0,2,12,28,42,6,100,106,148
01/11/2022,FOE,KS,ACE,CE,Federal Contract Tower,0,0,16,4,20,0,0,16,0,16,0,0,32,4,36,22,0,22,58
01/12/2022,FOE,KS,ACE,CE,Federal Contract Tower,2,4,3,1,10,0,0,9,0,9,2,4,12,1,19,0,0,0,19
01/13/2022,FOE,KS,ACE,CE,Federal Contract Tower,0,0,6,11,17,0,4,13,9,26,0,4,19,20,43,16,42,58,101
01/14/2022,FOE,KS,ACE,CE,Federal Contract Tower,2,1,6,3,12,0,0,1,0,1,2,1,7,3,13,0,2,2,15
01/15/2022,FOE,KS,ACE,CE,Federal Contract Tower,4,1,5,0,10,0,0,0,0,0,4,1,5,0,10,0,0,0,10
01/16/2022,FOE,KS,ACE,CE,Federal Contract Tower,2,2,2,0,6,0,0,4,0,4,2,2,6,0,10,0,0,0,10
01/17/2022,FOE,KS,ACE,CE,Federal Contract Tower,0,0,3,1,4,0,0,10,0,10,0,0,13,1,14,16,0,16,30
01/18/2022,FOE,KS,ACE,CE,Federal Contract Tower,0,0,6,11,17,0,0,5,12,17,0,0,11,23,34,10,48,58,92
01/19/2022,FOE,KS,ACE,CE,Federal Contract Tower,0,3,1,10,14,0,0,0,0,0,0,3,1,10,14,0,0,0,14
01/20/2022,FOE,KS,ACE,CE,Federal Contract Tower,2,0,9,16,27,0,0,0,0,0,2,0,9,16,27,10,52,62,89
01/21/2022,FOE,KS,ACE,CE,Federal Contract Tower,0,2,10,13,25,0,0,9,11,20,0,2,19,24,45,10,34,44,89
01/22/2022,FOE,KS,ACE,CE,Federal Contract Tower,2,4,3,1,10,0,0,9,0,9,2,4,12,1,19,0,0,0,19
01/23/2022,FOE,KS,ACE,CE,Federal Contract Tower,2,0,7,0,9,0,0,16,0,16,2,0,23,0,25,0,0,0,25
01/24/2022,FOE,KS,ACE,CE,Federal Contract Tower,1,3,11,13,28,0,0,17,2,19,1,3,28,15,47,18,54,72,119
01/25/2022,FOE,KS,ACE,CE,Federal Contract Tower,0,1,4,9,14,0,0,10,2,12,0,1,14,11,26,0,0,0,26
01/26/2022,FOE,KS,ACE,CE,Federal Contract Tower,0,5,1,9,15,2,2,4,0,8,2,7,5,9,23,16,2,18,41
01/27/2022,FOE,KS,ACE,CE,Federal Contract Tower,0,0,3,11,14,0,0,0,0,0,0,0,3,11,14,0,0,0,14
01/28/2022,FOE,KS,ACE,CE,Federal Contract Tower,1,0,5,21,27,0,0,5,0,5,1,0,10,21,32,2,50,52,84
01/29/2022,FOE,KS,ACE,CE,Federal Contract Tower,1,0,7,0,8,0,0,1,0,1,1,0,8,0,9,0,0,0,9
01/30/2022,FOE,KS,ACE,CE,Federal Contract Tower,0,0,6,4,10,0,0,0,0,0,0,0,6,4,10,0,0,0,10
01/31/2022,FOE,KS,ACE,CE,Federal Contract Tower,0,0,9,4,13,0,0,11,9,20,0,0,20,13,33,4,42,46,79
02/01/2022,FOE,KS,ACE,CE,Federal Contract Tower,0,0,10,14,24,0,0,0,6,6,0,0,10,20,30,0,16,16,46
02/02/2022,FOE,KS,ACE,CE,Federal Contract Tower,0,0,3,0,3,0,0,0,0,0,0,0,3,0,3,0,0,0,3
02/03/2022,FOE,KS,ACE,CE,Federal Contract Tower,0,1,6,0,7,0,0,0,0,0,0,1,6,0,7,0,0,0,7
02/04/2022,FOE,KS,ACE,CE,Federal Contract Tower,2,0,6,7,15,0,0,7,8,15,2,0,13,15,30,6,114,120,150
02/05/2022,FOE,KS,ACE,CE,Federal Contract Tower,2,1,0,0,3,0,0,1,0,1,2,1,1,0,4,0,0,0,4
02/06/2022,FOE,KS,ACE,CE,Federal Contract Tower,0,1,2,1,4,0,0,5,1,6,0,1,7,2,10,2,0,2,12
02/07/2022,FOE,KS,ACE,CE,Federal Contract Tower,0,2,11,12,25,0,2,3,6,11,0,4,14,18,36,8,36,44,80
02/08/2022,FOE,KS,ACE,CE,Federal Contract Tower,0,6,10,15,31,0,0,3,12,15,0,6,13,27,46,6,44,50,96
02/09/2022,FOE,KS,ACE,CE,Federal Contract Tower,0,2,14,14,30,0,0,4,0,4,0,2,18,14,34,0,0,0,34
02/10/2022,FOE,KS,ACE,CE,Federal Contract Tower,0,1,14,8,23,0,0,6,0,6,0,1,20,8,29,0,40,40,69
02/11/2022,FOE,KS,ACE,CE,Federal Contract Tower,1,0,13,15,29,0,0,3,4,7,1,0,16,19,36,0,54,54,90
02/12/2022,FOE,KS,ACE,CE,Federal Contract Tower,1,0,8,9,18,0,0,3,0,3,1,0,11,9,21,2,40,42,63
02/13/2022,FOE,KS,ACE,CE,Federal Contract Tower,0,0,4,0,4,0,0,5,0,5,0,0,9,0,9,0,0,0,9
02/14/2022,FOE,KS,ACE,CE,Federal Contract Tower,0,1,13,18,32,0,6,12,0,18,0,7,25,18,50,6,30,36,86
02/15/2022,FOE,KS,ACE,CE,Federal Contract Tower,0,1,14,8,23,0,0,0,6,6,0,1,14,14,29,16,2,18,47
02/16/2022,FOE,KS,ACE,CE,Federal Contract Tower,0,3,3,3,9,0,0,2,0,2,0,3,5,3,11,0,0,0,11
02/17/2022,FOE,KS,ACE,CE,Federal Contract Tower,1,3,3,0,7,0,0,0,0,0,1,3,3,0,7,0,0,0,7
02/18/2022,FOE,KS,ACE,CE,Federal Contract Tower,0,5,5,3,13,0,1,0,42,43,0,6,5,45,56,2,0,2,58
02/19/2022,FOE,KS,ACE,CE,Federal Contract Tower,0,2,3,3,8,0,0,7,0,7,0,2,10,3,15,2,0,2,17
02/20/2022,FOE,KS,ACE,CE,Federal Contract Tower,1,0,7,0,8,0,0,6,6,12,1,0,13,6,20,0,0,0,20
02/21/2022,FOE,KS,ACE,CE,Federal Contract Tower,0,0,13,0,13,0,0,11,0,11,0,0,24,0,24,8,0,8,32
02/22/2022,FOE,KS,ACE,CE,Federal Contract Tower,0,0,7,0,7,0,0,0,0,0,0,0,7,0,7,26,0,26,33
02/23/2022,FOE,KS,ACE,CE,Federal Contract Tower,0,0,5,8,13,0,0,6,3,9,0,0,11,11,22,4,56,60,82
02/24/2022,FOE,KS,ACE,CE,Federal Contract Tower,0,0,7,0,7,0,0,0,0,0,0,0,7,0,7,0,0,0,7
02/25/2022,FOE,KS,ACE,CE,Federal Contract Tower,2,8,7,13,30,0,0,4,0,4,2,8,11,13,34,6,20,26,60
02/26/2022,FOE,KS,ACE,CE,Federal Contract Tower,0,2,5,6,13,0,0,15,0,15,0,2,20,6,28,26,30,56,84
02/27/2022,FOE,KS,ACE,CE,Federal Contract Tower,3,2,4,11,20,0,0,14,0,14,3,2,18,11,34,20,18,38,72
02/28/2022,FOE,KS,ACE,CE,Federal Contract Tower,0,4,6,12,22,0,0,36,2,38,0,4,42,14,60,6,18,24,84
03/01/2022,FOE,KS,ACE,CE,Federal Contract Tower,0,0,12,6,18,0,0,16,13,29,0,0,28,19,47,6,24,30,77
03/02/2022,FOE,KS,ACE,CE,Federal Contract Tower,1,1,10,8,20,0,0,6,0,6,1,1,16,8,26,26,36,62,88
03/03/2022,FOE,KS,ACE,CE,Federal Contract Tower,1,1,10,7,19,0,0,6,0,6,1,1,16,7,25,6,20,26,51
03/04/2022,FOE,KS,ACE,CE,Federal Contract Tower,2,2,12,12,28,0,0,10,30,40,2,2,22,42,68,45,62,107,175
03/05/2022,FOE,KS,ACE,CE,Federal Contract Tower,0,4,2,0,6,0,0,0,0,0,0,4,2,0,6,0,0,0,6
03/06/2022,FOE,KS,ACE,CE,Federal Contract Tower,0,5,3,2,10,0,0,6,0,6,0,5,9,2,16,0,0,0,16
03/07/2022,FOE,KS,ACE,CE,Federal Contract Tower,0,4,13,9,26,0,0,5,2,7,0,4,18,11,33,6,0,6,39
03/08/2022,FOE,KS,ACE,CE,Federal Contract Tower,3,1,12,13,29,0,0,3,14,17,3,1,15,27,46,4,113,117,163
03/09/2022,FOE,KS,ACE,CE,Federal Contract Tower,0,0,7,5,12,0,0,8,2,10,0,0,15,7,22,0,52,52,74
03/10/2022,FOE,KS,ACE,CE,Federal Contract Tower,0,0,6,0,6,0,0,0,0,0,0,0,6,0,6,0,0,0,6
03/11/2022,FOE,KS,ACE,CE,Federal Contract Tower,0,1,7,1,9,0,0,4,40,44,0,1,11,41,53,0,22,22,75
03/12/2022,FOE,KS,ACE,CE,Federal Contract Tower,0,1,3,0,4,0,0,6,48,54,0,1,9,48,58,16,17,33,91
03/13/2022,FOE,KS,ACE,CE,Federal Contract Tower,0,2,8,3,13,0,0,22,0,22,0,2,30,3,35,36,12,48,83
03/14/2022,FOE,KS,ACE,CE,Federal Contract Tower,0,2,4,10,16,0,0,9,0,9,0,2,13,10,25,26,30,56,81
03/15/2022,FOE,KS,ACE,CE,Federal Contract Tower,1,3,5,20,29,0,0,14,10,24,1,3,19,30,53,14,94,108,161
03/16/2022,FOE,KS,ACE,CE,Federal Contract Tower,1,4,5,16,26,0,0,12,0,12,1,4,17,16,38,2,18,20,58
03/17/2022,FOE,KS,ACE,CE,Federal Contract Tower,2,0,5,9,16,0,0,5,0,5,2,0,10,9,21,4,36,40,61
03/18/2022,FOE,KS,ACE,CE,Federal Contract Tower,0,0,5,0,5,0,0,2,0,2,0,0,7,0,7,0,0,0,7
03/19/2022,FOE,KS,ACE,CE,Federal Contract Tower,1,0,6,8,15,0,0,4,0,4,1,0,10,8,19,0,44,44,63
03/20/2022,FOE,KS,ACE,CE,Federal Contract Tower,3,0,5,0,8,0,0,13,1,14,3,0,18,1,22,0,0,0,22
03/21/2022,FOE,KS,ACE,CE,Federal Contract Tower,2,0,12,1,15,0,0,2,0,2,2,0,14,1,17,0,0,0,17
03/22/2022,FOE,KS,ACE,CE,Federal Contract Tower,0,0,10,0,10,0,0,0,0,0,0,0,10,0,10,0,0,0,10
03/23/2022,FOE,KS,ACE,CE,Federal Contract Tower,0,0,8,7,15,0,0,0,0,0,0,0,8,7,15,0,6,6,21
03/24/2022,FOE,KS,ACE,CE,Federal Contract Tower,0,0,6,12,18,0,0,3,0,3,0,0,9,12,21,2,10,12,33
03/25/2022,FOE,KS,ACE,CE,Federal Contract Tower,0,0,14,5,19,0,0,16,28,44,0,0,30,33,63,2,80,82,145
03/26/2022,FOE,KS,ACE,CE,Federal Contract Tower,0,0,4,6,10,0,0,10,0,10,0,0,14,6,20,0,0,0,20
03/27/2022,FOE,KS,ACE,CE,Federal Contract Tower,1,0,5,0,6,0,0,7,1,8,1,0,12,1,14,4,0,4,18
03/28/2022,FOE,KS,ACE,CE,Federal Contract Tower,1,0,18,11,30,0,0,10,5,15,1,0,28,16,45,2,42,44,89
03/29/2022,FOE,KS,ACE,CE,Federal Contract Tower,0,0,10,15,25,0,0,8,2,10,0,0,18,17,35,0,24,24,59
03/30/2022,FOE,KS,ACE,CE,Federal Contract Tower,2,0,3,21,26,0,0,9,0,9,2,0,12,21,35,0,28,28,63
03/31/2022,FOE,KS,ACE,CE,Federal Contract Tower,0,2,12,3,17,0,0,1,2,3,0,2,13,5,20,0,46,46,66
04/01/2022,FOE,KS,ACE,CE,Federal Contract Tower,0,1,9,9,19,0,0,8,0,8,0,1,17,9,27,0,20,20,47
04/02/2022,FOE,KS,ACE,CE,Federal Contract Tower,0,0,4,6,10,0,0,18,0,18,0,0,22,6,28,0,10,10,38
04/03/2022,FOE,KS,ACE,CE,Federal Contract Tower,0,4,5,0,9,0,0,14,0,14,0,4,19,0,23,2,0,2,25
04/04/2022,FOE,KS,ACE,CE,Federal Contract Tower,0,4,4,14,22,0,0,11,3,14,0,4,15,17,36,6,64,70,106
04/05/2022,FOE,KS,ACE,CE,Federal Contract Tower,2,1,7,4,14,0,0,6,2,8,2,1,13,6,22,0,28,28,50
04/06/2022,FOE,KS,ACE,CE,Federal Contract Tower,0,0,11,10,21,0,0,6,4,10,0,0,17,14,31,0,72,72,103
04/07/2022,FOE,KS,ACE,CE,Federal Contract Tower,0,2,9,5,16,0,0,4,2,6,0,2,13,7,22,18,76,94,116
04/08/2022,FOE,KS,ACE,CE,Federal Contract Tower,0,0,14,17,31,0,0,4,18,22,0,0,18,35,53,0,58,58,111
04/09/2022,FOE,KS,ACE,CE,Federal Contract Tower,2,1,10,1,14,0,0,12,0,12,2,1,22,1,26,0,42,42,68
04/10/2022,FOE,KS,ACE,CE,Federal Contract Tower,0,0,17,13,30,0,0,8,10,18,0,0,25,23,48,0,8,8,56
04/11/2022,FOE,KS,ACE,CE,Federal Contract Tower,0,2,10,37,49,0,0,5,13,18,0,2,15,50,67,0,126,126,193
04/12/2022,FOE,KS,ACE,CE,Federal Contract Tower,0,0,1,4,5,0,0,4,12,16,0,0,5,16,21,0,0,0,21
04/13/2022,FOE,KS,ACE,CE,Federal Contract Tower,0,0,2,6,8,0,0,8,2,10,0,0,10,8,18,0,4,4,22
04/14/2022,FOE,KS,ACE,CE,Federal Contract Tower,0,0,10,9,19,0,0,17,0,17,0,0,27,9,36,0,52,52,88
04/15/2022,FOE,KS,ACE,CE,Federal Contract Tower,0,0,5,13,18,0,0,29,8,37,0,0,34,21,55,8,86,94,149
04/16/2022,FOE,KS,ACE,CE,Federal Contract Tower,0,0,5,0,5,0,0,8,0,8,0,0,13,0,13,10,0,10,23
04/17/2022,FOE,KS,ACE,CE,Federal Contract Tower,0,2,5,0,7,0,0,2,0,2,0,2,7,0,9,0,0,0,9
04/18/2022,FOE,KS,ACE,CE,Federal Contract Tower,0,0,15,20,35,0,0,11,6,17,0,0,26,26,52,40,64,104,156
04/19/2022,FOE,KS,ACE,CE,Federal Contract Tower,3,3,4,27,37,0,0,4,8,12,3,3,8,35,49,0,24,24,73
04/20/2022,FOE,KS,ACE,CE,Federal Contract Tower,0,4,5,8,17,0,0,2,0,2,0,4,7,8,19,4,38,42,61
04/21/2022,FOE,KS,ACE,CE,Federal Contract Tower,1,7,2,7,17,0,0,8,0,8,1,7,10,7,25,12,54,66,91
04/22/2022,FOE,KS,ACE,CE,Federal Contract Tower,0,4,5,9,18,0,0,6,0,6,0,4,11,9,24,0,0,0,24
04/23/2022,FOE,KS,ACE,CE,Federal Contract Tower,0,1,2,0,3,0,0,8,0,8,0,1,10,0,11,0,0,0,11
04/24/2022,FOE,KS,ACE,CE,Federal Contract Tower,0,3,6,0,9,0,0,20,10,30,0,3,26,10,39,0,2,2,41
04/25/2022,FOE,KS,ACE,CE,Federal Contract Tower,0,0,21,18,39,0,0,29,9,38,0,0,50,27,77,46,46,92,169
04/26/2022,FOE,KS,ACE,CE,Federal Contract Tower,0,4,9,21,34,0,0,12,14,26,0,4,21,35,60,4,70,74,134
04/27/2022,FOE,KS,ACE,CE,Federal Contract Tower,0,1,11,13,25,0,0,8,0,8,0,1,19,13,33,0,31,31,64
04/28/2022,FOE,KS,ACE,CE,Federal Contract Tower,0,1,3,10,14,0,0,8,0,8,0,1,11,10,22,0,30,30,52
04/29/2022,FOE,KS,ACE,CE,Federal Contract Tower,0,2,6,5,13,0,0,2,0,2,0,2,8,5,15,0,0,0,15
04/30/2022,FOE,KS,ACE,CE,Federal Contract Tower,0,4,4,2,10,0,0,2,0,2,0,4,6,2,12,0,0,0,12
05/01/2022,FOE,KS,ACE,CE,Federal Contract Tower,0,0,7,1,8,0,0,15,0,15,0,0,22,1,23,6,0,6,29
05/02/2022,FOE,KS,ACE,CE,Federal Contract Tower,0,0,1,2,3,0,0,0,0,0,0,0,1,2,3,0,0,0,3
05/03/2022,FOE,KS,ACE,CE,Federal Contract Tower,0,2,6,17,25,0,0,14,6,20,0,2,20,23,45,0,16,16,61
05/04/2022,FOE,KS,ACE,CE,Federal Contract Tower,2,4,3,9,18,0,0,8,0,8,2,4,11,9,26,0,0,0,26
05/05/2022,FOE,KS,ACE,CE,Federal Contract Tower,0,2,2,1,5,0,0,0,0,0,0,2,2,1,5,0,0,0,5
05/06/2022,FOE,KS,ACE,CE,Federal Contract Tower,0,0,9,16,25,0,0,6,10,16,0,0,15,26,41,6,20,26,67
05/07/2022,FOE,KS,ACE,CE,Federal Contract Tower,0,1,0,7,8,0,0,11,0,11,0,1,11,7,19,2,10,12,31
05/08/2022,FOE,KS,ACE,CE,Federal Contract Tower,2,0,9,10,21,0,0,4,0,4,2,0,13,10,25,0,0,0,25
05/09/2022,FOE,KS,ACE,CE,Federal Contract Tower,0,2,14,9,25,0,0,16,0,16,0,2,30,9,41,0,4,4,45
05/10/2022,FOE,KS,ACE,CE,Federal Contract Tower,0,4,9,18,31,0,0,2,10,12,0,4,11,28,43,12,40,52,95
05/11/2022,FOE,KS,ACE,CE,Federal Contract Tower,0,1,1,10,12,0,0,4,0,4,0,1,5,10,16,0,48,48,64
05/12/2022,FOE,KS,ACE,CE,Federal Contract Tower,0,3,11,10,24,0,0,7,0,7,0,3,18,10,31,12,16,28,59
05/13/2022,FOE,KS,ACE,CE,Federal Contract Tower,0,2,3,5,10,0,0,4,10,14,0,2,7,15,24,0,16,16,40
05/14/2022,FOE,KS,ACE,CE,Federal Contract Tower,0,3,9,5,17,0,0,16,8,24,0,3,25,13,41,2,8,10,51
05/15/2022,FOE,KS,ACE,CE,Federal Contract Tower,0,0,6,2,8,0,0,7,2,9,0,0,13,4,17,8,26,34,51
05/16/2022,FOE,KS,ACE,CE,Federal Contract Tower,0,3,10,30,43,0,0,5,5,10,0,3,15,35,53,0,60,60,113
05/17/2022,FOE,KS,ACE,CE,Federal Contract Tower,0,2,6,21,29,0,0,6,9,15,0,2,12,30,44,4,24,28,72
05/18/2022,FOE,KS,ACE,CE,Federal Contract Tower,0,4,5,12,21,0,0,14,0,14,0,4,19,12,35,44,110,154,189
05/19/2022,FOE,KS,ACE,CE,Federal Contract Tower,0,0,12,20,32,0,0,8,0,8,0,0,20,20,40,4,66,70,110
05/20/2022,FOE,KS,ACE,CE,Federal Contract Tower,2,1,7,16,26,0,0,6,0,6,2,1,13,16,32,2,16,18,50
05/21/2022,FOE,KS,ACE,CE,Federal Contract Tower,0,1,0,9,10,0,0,8,0,8,0,1,8,9,18,6,6,12,30
05/22/2022,FOE,KS,ACE,CE,Federal Contract Tower,0,2,4,2,8,0,0,7,0,7,0,2,11,2,15,8,0,8,23
05/23/2022,FOE,KS,ACE,CE,Federal Contract Tower,0,1,7,11,19,0,0,14,2,16,0,1,21,13,35,4,28,32,67
05/24/2022,FOE,KS,ACE,CE,Federal Contract Tower,1,3,8,4,16,0,0,0,0,0,1,3,8,4,16,0,0,0,16
05/25/2022,FOE,KS,ACE,CE,Federal Contract Tower,0,5,1,11,17,0,0,0,0,0,0,5,1,11,17,0,0,0,17
05/26/2022,FOE,KS,ACE,CE,Federal Contract Tower,0,1,10,11,22,0,0,0,0,0,0,1,10,11,22,0,0,0,22
05/27/2022,FOE,KS,ACE,CE,Federal Contract Tower,0,1,9,2,12,0,0,14,0,14,0,1,23,2,26,6,0,6,32
05/28/2022,FOE,KS,ACE,CE,Federal Contract Tower,3,1,1,1,6,0,0,2,0,2,3,1,3,1,8,0,0,0,8
05/29/2022,FOE,KS,ACE,CE,Federal Contract Tower,0,0,3,1,4,0,0,1,0,1,0,0,4,1,5,0,0,0,5
05/30/2022,FOE,KS,ACE,CE,Federal Contract Tower,0,0,5,0,5,0,0,0,0,0,0,0,5,0,5,0,0,0,5
05/31/2022,FOE,KS,ACE,CE,Federal Contract Tower,0,2,8,14,24,0,0,6,1,7,0,2,14,15,31,0,0,0,31
06/01/2022,FOE,KS,ACE,CE,Federal Contract Tower,0,0,6,14,20,0,0,2,10,12,0,0,8,24,32,0,32,32,64
06/02/2022,FOE,KS,ACE,CE,Federal Contract Tower,0,4,17,20,41,0,0,6,9,15,0,4,23,29,56,0,138,138,194
06/03/2022,FOE,KS,ACE,CE,Federal Contract Tower,0,5,7,12,24,0,0,16,10,26,0,5,23,22,50,0,52,52,102
06/04/2022,FOE,KS,ACE,CE,Federal Contract Tower,2,0,2,3,7,0,0,3,0,3,2,0,5,3,10,0,0,0,10
06/05/2022,FOE,KS,ACE,CE,Federal Contract Tower,2,1,4,2,9,0,0,9,1,10,2,1,13,3,19,4,0,4,23
06/06/2022,FOE,KS,ACE,CE,Federal Contract Tower,0,5,7,23,35,0,0,10,29,39,0,5,17,52,74,0,36,36,110
06/07/2022,FOE,KS,ACE,CE,Federal Contract Tower,0,3,4,22,29,0,0,17,11,28,0,3,21,33,57,28,42,70,127
06/08/2022,FOE,KS,ACE,CE,Federal Contract Tower,0,6,3,14,23,0,0,11,0,11,0,6,14,14,34,38,56,94,128
06/09/2022,FOE,KS,ACE,CE,Federal Contract Tower,0,3,1,12,16,0,0,0,0,0,0,3,1,12,16,16,54,70,86
06/10/2022,FOE,KS,ACE,CE,Federal Contract Tower,0,0,9,13,22,0,0,9,8,17,0,0,18,21,39,4,76,80,119
06/11/2022,FOE,KS,ACE,CE,Federal Contract Tower,0,0,9,7,16,0,0,8,2,10,0,0,17,9,26,4,16,20,46
06/12/2022,FOE,KS,ACE,CE,Federal Contract Tower,0,2,2,14,18,0,2,2,10,14,0,4,4,24,32,2,38,40,72
06/13/2022,FOE,KS,ACE,CE,Federal Contract Tower,0,0,5,7,12,0,0,8,7,15,0,0,13,14,27,0,2,2,29
06/14/2022,FOE,KS,ACE,CE,Federal Contract Tower,0,6,17,8,31,0,0,9,5,14,0,6,26,13,45,6,2,8,53
06/15/2022,FOE,KS,ACE,CE,Federal Contract Tower,0,2,3,19,24,0,0,8,0,8,0,2,11,19,32,0,26,26,58
06/16/2022,FOE,KS,ACE,CE,Federal Contract Tower,0,0,8,19,27,0,0,8,2,10,0,0,16,21,37,0,98,98,135
06/17/2022,FOE,KS,ACE,CE,Federal Contract Tower,0,2,5,12,19,0,2,13,0,15,0,4,18,12,34,2,24,26,60
06/18/2022,FOE,KS,ACE,CE,Federal Contract Tower,0,4,5,0,9,0,0,15,0,15,0,4,20,0,24,12,0,12,36
06/19/2022,FOE,KS,ACE,CE,Federal Contract Tower,2,0,8,2,12,0,0,10,0,10,2,0,18,2,22,6,0,6,28
06/20/2022,FOE,KS,ACE,CE,Federal Contract Tower,0,2,7,7,16,0,0,17,0,17,0,2,24,7,33,4,0,4,37
06/21/2022,FOE,KS,ACE,CE,Federal Contract Tower,0,0,11,21,32,0,0,18,3,21,0,0,29,24,53,10,62,72,125
06/22/2022,FOE,KS,ACE,CE,Federal Contract Tower,0,2,3,10,15,0,0,6,2,8,0,2,9,12,23,0,40,40,63
06/23/2022,FOE,KS,ACE,CE,Federal Contract Tower,0,3,6,2,11,0,0,0,0,0,0,3,6,2,11,14,0,14,25
06/24/2022,FOE,KS,ACE,CE,Federal Contract Tower,0,0,6,10,16,0,0,10,27,37,0,0,16,37,53,0,18,18,71
06/25/2022,FOE,KS,ACE,CE,Federal Contract Tower,0,2,5,4,11,0,0,3,0,3,0,2,8,4,14,0,0,0,14
06/26/2022,FOE,KS,ACE,CE,Federal Contract Tower,0,0,4,1,5,0,0,4,1,5,0,0,8,2,10,0,0,0,10
06/27/2022,FOE,KS,ACE,CE,Federal Contract Tower,2,2,10,17,31,0,0,19,9,28,2,2,29,26,59,22,80,102,161
06/28/2022,FOE,KS,ACE,CE,Federal Contract Tower,0,0,5,12,17,0,0,11,6,17,0,0,16,18,34,6,40,46,80
06/29/2022,FOE,KS,ACE,CE,Federal Contract Tower,0,4,7,12,23,0,0,11,1,12,0,4,18,13,35,22,60,82,117
06/30/2022,FOE,KS,ACE,CE,Federal Contract Tower,0,3,3,10,16,0,0,8,0,8,0,3,11,10,24,0,38,38,62
07/01/2022,FOE,KS,ACE,CE,Federal Contract Tower,0,4,5,9,18,0,11,9,6,26,0,15,14,15,44,36,16,52,96
07/02/2022,FOE,KS,ACE,CE,Federal Contract Tower,0,2,3,4,9,0,0,3,2,5,0,2,6,6,14,0,0,0,14
07/03/2022,FOE,KS,ACE,CE,Federal Contract Tower,0,2,4,1,7,0,0,0,3,3,0,2,4,4,10,2,12,14,24
07/04/2022,FOE,KS,ACE,CE,Federal Contract Tower,2,1,2,0,5,0,0,15,0,15,2,1,17,0,20,20,0,20,40
07/05/2022,FOE,KS,ACE,CE,Federal Contract Tower,0,4,10,8,22,0,0,11,1,12,0,4,21,9,34,0,52,52,86
07/06/2022,FOE,KS,ACE,CE,Federal Contract Tower,0,0,2,22,24,0,0,2,2,4,0,0,4,24,28,10,55,65,93
07/07/2022,FOE,KS,ACE,CE,Federal Contract Tower,2,0,6,9,17,0,0,6,0,6,2,0,12,9,23,12,30,42,65
07/08/2022,FOE,KS,ACE,CE,Federal Contract Tower,1,1,12,32,46,0,0,1,0,1,1,1,13,32,47,2,44,46,93
07/09/2022,FOE,KS,ACE,CE,Federal Contract Tower,1,0,10,0,11,0,0,2,16,18,1,0,12,16,29,2,0,2,31
07/10/2022,FOE,KS,ACE,CE,Federal Contract Tower,0,0,7,6,13,0,0,5,3,8,0,0,12,9,21,0,16,16,37
07/11/2022,FOE,KS,ACE,CE,Federal Contract Tower,0,0,17,20,37,0,0,10,2,12,0,0,27,22,49,6,60,66,115
07/12/2022,FOE,KS,ACE,CE,Federal Contract Tower,0,4,6,16,26,0,0,13,9,22,0,4,19,25,48,0,88,88,136
07/13/2022,FOE,KS,ACE,CE,Federal Contract Tower,0,0,9,18,27,0,0,8,3,11,0,0,17,21,38,0,148,148,186
07/14/2022,FOE,KS,ACE,CE,Federal Contract Tower,0,0,8,10,18,0,0,6,0,6,0,0,14,10,24,0,22,22,46
07/15/2022,FOE,KS,ACE,CE,Federal Contract Tower,0,1,11,12,24,0,0,24,4,28,0,1,35,16,52,18,48,66,118
07/16/2022,FOE,KS,ACE,CE,Federal Contract Tower,2,2,8,3,15,0,0,2,0,2,2,2,10,3,17,0,6,6,23
07/17/2022,FOE,KS,ACE,CE,Federal Contract Tower,2,1,6,4,13,0,0,9,0,9,2,1,15,4,22,12,4,16,38
07/18/2022,FOE,KS,ACE,CE,Federal Contract Tower,0,0,10,41,51,0,0,7,22,29,0,0,17,63,80,0,86,86,166
07/19/2022,FOE,KS,ACE,CE,Federal Contract Tower,2,1,10,15,28,0,0,15,7,22,2,1,25,22,50,12,32,44,94
07/20/2022,FOE,KS,ACE,CE,Federal Contract Tower,0,0,12,24,36,0,0,23,0,23,0,0,35,24,59,12,142,154,213
07/21/2022,FOE,KS,ACE,CE,Federal Contract Tower,0,0,7,25,32,0,0,11,24,35,0,0,18,49,67,4,110,114,181
07/22/2022,FOE,KS,ACE,CE,Federal Contract Tower,4,0,10,5,19,0,0,12,0,12,4,0,22,5,31,26,24,50,81
07/23/2022,FOE,KS,ACE,CE,Federal Contract Tower,2,3,9,3,17,0,0,5,0,5,2,3,14,3,22,0,14,14,36
07/24/2022,FOE,KS,ACE,CE,Federal Contract Tower,2,0,2,8,12,0,0,7,1,8,2,0,9,9,20,6,6,12,32
07/25/2022,FOE,KS,ACE,CE,Federal Contract Tower,0,0,17,19,36,0,0,3,0,3,0,0,20,19,39,0,2,2,41
07/26/2022,FOE,KS,ACE,CE,Federal Contract Tower,0,0,2,13,15,0,0,2,0,2,0,0,4,13,17,0,0,0,17
07/27/2022,FOE,KS,ACE,CE,Federal Contract Tower,2,0,10,14,26,0,0,0,0,0,2,0,10,14,26,0,0,0,26
07/28/2022,FOE,KS,ACE,CE,Federal Contract Tower,7,0,3,7,17,0,0,0,0,0,7,0,3,7,17,10,39,49,66
07/29/2022,FOE,KS,ACE,CE,Federal Contract Tower,6,0,5,7,18,0,0,20,6,26,6,0,25,13,44,0,14,14,58
07/30/2022,FOE,KS,ACE,CE,Federal Contract Tower,10,0,6,0,16,0,0,9,0,9,10,0,15,0,25,2,0,2,27
07/31/2022,FOE,KS,ACE,CE,Federal Contract Tower,6,2,13,1,22,0,0,8,2,10,6,2,21,3,32,0,0,0,32
08/01/2022,FOE,KS,ACE,CE,Federal Contract Tower,3,2,4,16,25,0,0,29,0,29,3,2,33,16,54,2,28,30,84
08/02/2022,FOE,KS,ACE,CE,Federal Contract Tower,0,0,15,10,25,0,0,10,5,15,0,0,25,15,40,0,36,36,76
08/03/2022,FOE,KS,ACE,CE,Federal Contract Tower,0,0,4,9,13,0,0,6,0,6,0,0,10,9,19,10,12,22,41
08/04/2022,FOE,KS,ACE,CE,Federal Contract Tower,0,2,22,8,32,0,0,16,4,20,0,2,38,12,52,34,10,44,96
08/05/2022,FOE,KS,ACE,CE,Federal Contract Tower,0,4,8,5,17,0,0,8,4,12,0,4,16,9,29,4,18,22,51
08/06/2022,FOE,KS,ACE,CE,Federal Contract Tower,0,4,6,1,11,0,0,4,5,9,0,4,10,6,20,0,0,0,20
08/07/2022,FOE,KS,ACE,CE,Federal Contract Tower,0,4,15,3,22,0,1,5,10,16,0,5,20,13,38,0,38,38,76
08/08/2022,FOE,KS,ACE,CE,Federal Contract Tower,0,0,12,14,26,0,0,4,4,8,0,0,16,18,34,2,22,24,58
08/09/2022,FOE,KS,ACE,CE,Federal Contract Tower,0,0,6,11,17,0,0,5,10,15,0,0,11,21,32,14,18,32,64
08/10/2022,FOE,KS,ACE,CE,Federal Contract Tower,0,0,9,16,25,0,0,8,0,8,0,0,17,16,33,10,10,20,53
08/11/2022,FOE,KS,ACE,CE,Federal Contract Tower,0,0,13,18,31,0,0,10,0,10,0,0,23,18,41,14,24,38,79
08/12/2022,FOE,KS,ACE,CE,Federal Contract Tower,0,3,14,27,44,0,0,7,13,20,0,3,21,40,64,4,128,132,196
08/13/2022,FOE,KS,ACE,CE,Federal Contract Tower,0,2,9,4,15,0,0,12,0,12,0,2,21,4,27,0,40,40,67
08/14/2022,FOE,KS,ACE,CE,Federal Contract Tower,0,1,30,1,32,0,1,13,4,18,0,2,43,5,50,10,6,16,66
08/15/2022,FOE,KS,ACE,CE,Federal Contract Tower,0,0,9,15,24,0,0,9,1,10,0,0,18,16,34,8,18,26,60
08/16/2022,FOE,KS,ACE,CE,Federal Contract Tower,0,0,10,2,12,0,0,0,0,0,0,0,10,2,12,0,0,0,12
08/17/2022,FOE,KS,ACE,CE,Federal Contract Tower,0,0,9,20,29,0,0,8,0,8,0,0,17,20,37,0,38,38,75
08/18/2022,FOE,KS,ACE,CE,Federal Contract Tower,0,0,9,12,21,0,0,6,1,7,0,0,15,13,28,4,22,26,54
08/19/2022,FOE,KS,ACE,CE,Federal Contract Tower,0,0,11,3,14,0,0,2,12,14,0,0,13,15,28,0,16,16,44
08/20/2022,FOE,KS,ACE,CE,Federal Contract Tower,0,0,5,4,9,0,0,9,14,23,0,0,14,18,32,24,10,34,66
08/22/2022,FOE,KS,ACE,CE,Federal Contract Tower,1,0,9,17,27,0,0,6,5,11,1,0,15,22,38,0,22,22,60
08/23/2022,FOE,KS,ACE,CE,Federal Contract Tower,0,0,10,32,42,0,0,8,13,21,0,0,18,45,63,0,113,113,176
08/24/2022,FOE,KS,ACE,CE,Federal Contract Tower,0,0,13,9,22,0,0,8,0,8,0,0,21,9,30,2,40,42,72
08/25/2022,FOE,KS,ACE,CE,Federal Contract Tower,0,0,10,8,18,0,0,1,0,1,0,0,11,8,19,0,0,0,19
08/26/2022,FOE,KS,ACE,CE,Federal Contract Tower,0,2,11,13,26,0,0,27,2,29,0,2,38,15,55,28,118,146,201
08/27/2022,FOE,KS,ACE,CE,Federal Contract Tower,0,0,1,3,4,0,0,3,0,3,0,0,4,3,7,0,0,0,7
08/28/2022,FOE,KS,ACE,CE,Federal Contract Tower,0,0,5,3,8,0,0,0,0,0,0,0,5,3,8,0,2,2,10
08/29/2022,FOE,KS,ACE,CE,Federal Contract Tower,10,5,3,4,22,0,0,7,3,10,10,5,10,7,32,8,16,24,56
08/30/2022,FOE,KS,ACE,CE,Federal Contract Tower,6,2,11,19,38,0,0,9,9,18,6,2,20,28,56,10,48,58,114
08/31/2022,FOE,KS,ACE,CE,Federal Contract Tower,8,0,16,11,35,0,0,23,12,35,8,0,39,23,70,10,28,38,108
09/01/2022,FOE,KS,ACE,CE,Federal Contract Tower,3,0,4,10,17,0,0,13,0,13,3,0,17,10,30,0,34,34,64
09/02/2022,FOE,KS,ACE,CE,Federal Contract Tower,1,0,9,2,12,0,0,8,0,8,1,0,17,2,20,48,0,48,68
09/03/2022,FOE,KS,ACE,CE,Federal Contract Tower,0,1,8,1,10,0,0,16,0,16,0,1,24,1,26,4,0,4,30
09/04/2022,FOE,KS,ACE,CE,Federal Contract Tower,0,0,2,4,6,0,0,7,0,7,0,0,9,4,13,2,0,2,15
09/05/2022,FOE,KS,ACE,CE,Federal Contract Tower,0,0,8,3,11,0,0,6,0,6,0,0,14,3,17,0,0,0,17
09/06/2022,FOE,KS,ACE,CE,Federal Contract Tower,0,0,10,25,35,0,0,14,10,24,0,0,24,35,59,4,40,44,103
09/07/2022,FOE,KS,ACE,CE,Federal Contract Tower,0,0,30,25,55,0,0,16,0,16,0,0,46,25,71,24,142,166,237
09/08/2022,FOE,KS,ACE,CE,Federal Contract Tower,0,3,18,10,31,0,0,10,0,10,0,3,28,10,41,36,54,90,131
09/09/2022,FOE,KS,ACE,CE,Federal Contract Tower,1,7,12,27,47,0,0,2,8,10,1,7,14,35,57,8,104,112,169
09/10/2022,FOE,KS,ACE,CE,Federal Contract Tower,0,0,3,0,3,0,0,0,0,0,0,0,3,0,3,0,0,0,3
09/11/2022,FOE,KS,ACE,CE,Federal Contract Tower,0,3,13,7,23,0,0,21,1,22,0,3,34,8,45,54,0,54,99
09/12/2022,FOE,KS,ACE,CE,Federal Contract Tower,0,2,10,16,28,0,0,9,5,14,0,2,19,21,42,4,52,56,98
09/13/2022,FOE,KS,ACE,CE,Federal Contract Tower,0,0,4,18,22,0,0,5,8,13,0,0,9,26,35,4,68,72,107
09/14/2022,FOE,KS,ACE,CE,Federal Contract Tower,0,0,7,18,25,0,0,8,0,8,0,0,15,18,33,0,36,36,69
09/16/2022,FOE,KS,ACE,CE,Federal Contract Tower,1,0,3,9,13,0,0,2,50,52,1,0,5,59,65,2,12,14,79
09/17/2022,FOE,KS,ACE,CE,Federal Contract Tower,0,1,5,0,6,0,0,1,0,1,0,1,6,0,7,8,0,8,15
09/18/2022,FOE,KS,ACE,CE,Federal Contract Tower,0,1,8,0,9,0,0,0,0,0,0,1,8,0,9,6,0,6,15
09/19/2022,FOE,KS,ACE,CE,Federal Contract Tower,0,3,10,19,32,0,0,29,7,36,0,3,39,26,68,14,40,54,122
09/20/2022,FOE,KS,ACE,CE,Federal Contract Tower,0,1,11,12,24,0,0,20,9,29,0,1,31,21,53,26,24,50,103
09/21/2022,FOE,KS,ACE,CE,Federal Contract Tower,0,0,5,14,19,0,0,7,0,7,0,0,12,14,26,10,14,24,50
09/22/2022,FOE,KS,ACE,CE,Federal Contract Tower,0,0,9,4,13,0,0,8,0,8,0,0,17,4,21,22,0,22,43
09/23/2022,FOE,KS,ACE,CE,Federal Contract Tower,2,0,12,23,37,0,0,7,9,16,2,0,19,32,53,28,34,62,115
09/24/2022,FOE,KS,ACE,CE,Federal Contract Tower,2,0,6,1,9,0,0,10,0,10,2,0,16,1,19,4,0,4,23
09/25/2022,FOE,KS,ACE,CE,Federal Contract Tower,0,0,7,7,14,0,1,14,6,21,0,1,21,13,35,0,20,20,55
09/26/2022,FOE,KS,ACE,CE,Federal Contract Tower,0,0,10,5,15,0,0,15,7,22,0,0,25,12,37,14,50,64,101
09/27/2022,FOE,KS,ACE,CE,Federal Contract Tower,0,0,14,7,21,0,0,1,1,2,0,0,15,8,23,2,8,10,33
09/28/2022,FOE,KS,ACE,CE,Federal Contract Tower,2,0,11,12,25,0,0,9,0,9,2,0,20,12,34,2,38,40,74
09/29/2022,FOE,KS,ACE,CE,Federal Contract Tower,0,0,18,13,31,0,0,11,0,11,0,0,29,13,42,4,44,48,90
09/30/2022,FOE,KS,ACE,CE,Federal Contract Tower,0,4,9,16,29,0,0,12,16,28,0,4,21,32,57,30,48,78,135
10/01/2022,FOE,KS,ACE,CE,Federal Contract Tower,0,0,3,0,3,0,0,4,14,18,0,0,7,14,21,16,8,24,45
10/02/2022,FOE,KS,ACE,CE,Federal Contract Tower,0,0,8,0,8,0,0,7,0,7,0,0,15,0,15,6,0,6,21
10/03/2022,FOE,KS,ACE,CE,Federal Contract Tower,0,0,18,11,29,0,0,14,8,22,0,0,32,19,51,16,34,50,101
10/04/2022,FOE,KS,ACE,CE,Federal Contract Tower,0,3,6,11,20,0,0,9,4,13,0,3,15,15,33,6,10,16,49
10/05/2022,FOE,KS,ACE,CE,Federal Contract Tower,0,0,12,34,46,0,0,12,0,12,0,0,24,34,58,20,94,114,172
10/06/2022,FOE,KS,ACE,CE,Federal Contract Tower,0,0,6,18,24,0,0,11,0,11,0,0,17,18,35,0,56,56,91
10/07/2022,FOE,KS,ACE,CE,Federal Contract Tower,0,0,19,8,27,0,0,1,0,1,0,0,20,8,28,3,12,15,43
10/08/2022,FOE,KS,ACE,CE,Federal Contract Tower,2,0,6,0,8,0,0,2,0,2,2,0,8,0,10,0,0,0,10
10/09/2022,FOE,KS,ACE,CE,Federal Contract Tower,0,2,11,2,15,0,0,7,0,7,0,2,18,2,22,0,0,0,22
10/10/2022,FOE,KS,ACE,CE,Federal Contract Tower,0,0,14,3,17,0,0,12,0,12,0,0,26,3,29,14,0,14,43
10/12/2022,FOE,KS,ACE,CE,Federal Contract Tower,2,0,14,18,34,0,0,8,5,13,2,0,22,23,47,0,30,30,77
10/13/2022,FOE,KS,ACE,CE,Federal Contract Tower,0,0,8,10,18,0,0,8,0,8,0,0,16,10,26,0,28,28,54
10/14/2022,FOE,KS,ACE,CE,Federal Contract Tower,0,2,10,6,18,0,0,5,14,19,0,2,15,20,37,10,2,12,49
10/15/2022,FOE,KS,ACE,CE,Federal Contract Tower,0,0,7,5,12,0,0,4,8,12,0,0,11,13,24,8,6,14,38
10/16/2022,FOE,KS,ACE,CE,Federal Contract Tower,0,0,11,3,14,0,0,2,3,5,0,0,13,6,19,2,2,4,23
10/17/2022,FOE,KS,ACE,CE,Federal Contract Tower,0,0,11,19,30,0,0,11,4,15,0,0,22,23,45,12,50,62,107
10/18/2022,FOE,KS,ACE,CE,Federal Contract Tower,0,1,13,24,38,0,0,11,10,21,0,1,24,34,59,0,6,6,65
10/19/2022,FOE,KS,ACE,CE,Federal Contract Tower,0,0,12,20,32,0,0,0,22,22,0,0,12,42,54,0,0,0,54
10/20/2022,FOE,KS,ACE,CE,Federal Contract Tower,0,1,11,5,17,0,0,6,6,12,0,1,17,11,29,0,0,0,29
10/21/2022,FOE,KS,ACE,CE,Federal Contract Tower,1,2,8,8,19,0,0,3,0,3,1,2,11,8,22,10,6,16,38
10/22/2022,FOE,KS,ACE,CE,Federal Contract Tower,2,0,7,2,11,0,0,1,0,1,2,0,8,2,12,0,0,0,12
10/23/2022,FOE,KS,ACE,CE,Federal Contract Tower,0,0,3,0,3,0,0,0,0,0,0,0,3,0,3,0,0,0,3
10/24/2022,FOE,KS,ACE,CE,Federal Contract Tower,0,0,11,42,53,0,0,0,1,1,0,0,11,43,54,0,14,14,68
10/25/2022,FOE,KS,ACE,CE,Federal Contract Tower,0,0,14,14,28,0,0,14,6,20,0,0,28,20,48,0,22,22,70
10/26/2022,FOE,KS,ACE,CE,Federal Contract Tower,0,0,13,13,26,0,0,32,10,42,0,0,45,23,68,6,42,48,116
10/27/2022,FOE,KS,ACE,CE,Federal Contract Tower,0,0,6,34,40,0,0,18,0,18,0,0,24,34,58,28,100,128,186
10/28/2022,FOE,KS,ACE,CE,Federal Contract Tower,0,0,16,13,29,0,0,1,9,10,0,0,17,22,39,10,86,96,135
10/29/2022,FOE,KS,ACE,CE,Federal Contract Tower,0,2,5,3,10,0,0,3,0,3,0,2,8,3,13,10,0,10,23
10/30/2022,FOE,KS,ACE,CE,Federal Contract Tower,0,2,3,10,15,0,0,9,2,11,0,2,12,12,26,0,20,20,46
10/31/2022,FOE,KS,ACE,CE,Federal Contract Tower,0,0,7,8,15,0,0,17,2,19,0,0,24,10,34,24,6,30,64
11/01/2022,FOE,KS,ACE,CE,Federal Contract Tower,0,0,12,11,23,0,0,7,4,11,0,0,19,15,34,6,20,26,60
11/02/2022,FOE,KS,ACE,CE,Federal Contract Tower,0,0,9,3,12,0,0,0,0,0,0,0,9,3,12,0,0,0,12
11/03/2022,FOE,KS,ACE,CE,Federal Contract Tower,0,0,6,1,7,0,0,2,1,3,0,0,8,2,10,0,0,0,10
11/04/2022,FOE,KS,ACE,CE,Federal Contract Tower,2,3,3,2,10,0,0,0,0,0,2,3,3,2,10,0,0,0,10
11/05/2022,FOE,KS,ACE,CE,Federal Contract Tower,2,1,4,1,8,0,0,3,5,8,2,1,7,6,16,0,0,0,16
11/06/2022,FOE,KS,ACE,CE,Federal Contract Tower,0,2,11,6,19,0,0,8,0,8,0,2,19,6,27,5,0,5,32
11/07/2022,FOE,KS,ACE,CE,Federal Contract Tower,0,1,10,15,26,0,0,7,3,10,0,1,17,18,36,16,18,34,70
11/08/2022,FOE,KS,ACE,CE,Federal Contract Tower,0,0,13,20,33,0,0,3,2,5,0,0,16,22,38,0,10,10,48
11/09/2022,FOE,KS,ACE,CE,Federal Contract Tower,0,0,3,10,13,0,0,5,0,5,0,0,8,10,18,0,14,14,32
11/10/2022,FOE,KS,ACE,CE,Federal Contract Tower,0,1,8,11,20,0,0,8,0,8,0,1,16,11,28,0,10,10,38
11/11/2022,FOE,KS,ACE,CE,Federal Contract Tower,2,0,11,0,13,0,0,5,0,5,2,0,16,0,18,6,0,6,24
11/12/2022,FOE,KS,ACE,CE,Federal Contract Tower,2,2,4,0,8,0,0,12,1,13,2,2,16,1,21,10,6,16,37
11/13/2022,FOE,KS,ACE,CE,Federal Contract Tower,0,0,7,0,7,0,0,4,0,4,0,0,11,0,11,2,0,2,13
11/14/2022,FOE,KS,ACE,CE,Federal Contract Tower,6,0,11,4,21,0,0,6,2,8,6,0,17,6,29,0,16,16,45
11/15/2022,FOE,KS,ACE,CE,Federal Contract Tower,2,0,10,19,31,0,0,10,6,16,2,0,20,25,47,16,8,24,71
11/16/2022,FOE,KS,ACE,CE,Federal Contract Tower,0,0,7,16,23,0,0,8,0,8,0,0,15,16,31,4,26,30,61
11/17/2022,FOE,KS,ACE,CE,Federal Contract Tower,0,2,3,13,18,0,0,8,0,8,0,2,11,13,26,0,24,24,50
11/18/2022,FOE,KS,ACE,CE,Federal Contract Tower,0,4,7,29,40,0,0,8,14,22,0,4,15,43,62,16,108,124,186
11/19/2022,FOE,KS,ACE,CE,Federal Contract Tower,4,0,6,3,13,0,0,9,0,9,4,0,15,3,22,22,0,22,44
11/20/2022,FOE,KS,ACE,CE,Federal Contract Tower,1,0,3,9,13,0,0,9,12,21,1,0,12,21,34,6,56,62,96
11/21/2022,FOE,KS,ACE,CE,Federal Contract Tower,0,4,5,23,32,0,0,3,18,21,0,4,8,41,53,0,88,88,141
11/22/2022,FOE,KS,ACE,CE,Federal Contract Tower,1,3,4,34,42,0,0,12,9,21,1,3,16,43,63,0,68,68,131
11/23/2022,FOE,KS,ACE,CE,Federal Contract Tower,0,4,10,9,23,0,0,8,1,9,0,4,18,10,32,4,36,40,72
11/24/2022,FOE,KS,ACE,CE,Federal Contract Tower,0,0,0,0,0,0,0,0,0,0,0,0,0,0,0,0,0,0,0
11/25/2022,FOE,KS,ACE,CE,Federal Contract Tower,2,0,3,0,5,0,0,0,0,0,2,0,3,0,5,0,0,0,5
11/26/2022,FOE,KS,ACE,CE,Federal Contract Tower,5,2,4,0,11,0,0,0,0,0,5,2,4,0,11,0,0,0,11
11/27/2022,FOE,KS,ACE,CE,Federal Contract Tower,3,5,5,0,13,0,0,5,0,5,3,5,10,0,18,18,0,18,36
11/28/2022,FOE,KS,ACE,CE,Federal Contract Tower,4,0,9,17,30,0,0,13,8,21,4,0,22,25,51,4,56,60,111
11/29/2022,FOE,KS,ACE,CE,Federal Contract Tower,1,0,4,15,20,0,0,8,6,14,1,0,12,21,34,0,42,42,76
11/30/2022,FOE,KS,ACE,CE,Federal Contract Tower,0,0,12,12,24,0,0,8,0,8,0,0,20,12,32,6,26,32,64
12/01/2022,FOE,KS,ACE,CE,Federal Contract Tower,0,0,10,12,22,0,0,2,0,2,0,0,12,12,24,0,0,0,24
12/02/2022,FOE,KS,ACE,CE,Federal Contract Tower,1,0,7,6,14,0,0,4,0,4,1,0,11,6,18,0,0,0,18
12/03/2022,FOE,KS,ACE,CE,Federal Contract Tower,4,0,7,6,17,0,0,6,18,24,4,0,13,24,41,6,26,32,73
12/04/2022,FOE,KS,ACE,CE,Federal Contract Tower,0,0,5,14,19,0,0,8,6,14,0,0,13,20,33,10,22,32,65
12/05/2022,FOE,KS,ACE,CE,Federal Contract Tower,1,0,14,33,48,0,0,4,10,14,1,0,18,43,62,0,34,34,96
12/06/2022,FOE,KS,ACE,CE,Federal Contract Tower,0,2,14,21,37,0,0,8,1,9,0,2,22,22,46,0,24,24,70
12/07/2022,FOE,KS,ACE,CE,Federal Contract Tower,0,0,11,17,28,0,0,8,0,8,0,0,19,17,36,14,66,80,116
12/08/2022,FOE,KS,ACE,CE,Federal Contract Tower,1,0,1,3,5,0,0,0,0,0,1,0,1,3,5,0,0,0,5
12/09/2022,FOE,KS,ACE,CE,Federal Contract Tower,0,0,13,2,15,0,0,0,0,0,0,0,13,2,15,0,0,0,15
12/10/2022,FOE,KS,ACE,CE,Federal Contract Tower,0,0,7,0,7,0,0,7,0,7,0,0,14,0,14,0,0,0,14
12/12/2022,FOE,KS,ACE,CE,Federal Contract Tower,0,3,12,2,17,0,0,0,0,0,0,3,12,2,17,0,0,0,17
12/14/2022,FOE,KS,ACE,CE,Federal Contract Tower,0,1,16,4,21,0,0,0,0,0,0,1,16,4,21,16,42,58,79
12/15/2022,FOE,KS,ACE,CE,Federal Contract Tower,0,0,1,12,13,0,0,12,14,26,0,0,13,26,39,0,24,24,63
12/16/2022,FOE,KS,ACE,CE,Federal Contract Tower,0,1,29,27,57,0,0,16,42,58,0,1,45,69,115,4,62,66,181
12/17/2022,FOE,KS,ACE,CE,Federal Contract Tower,2,1,10,2,15,0,0,0,0,0,2,1,10,2,15,0,0,0,15
12/18/2022,FOE,KS,ACE,CE,Federal Contract Tower,0,0,6,0,6,0,0,15,0,15,0,0,21,0,21,0,0,0,21
12/19/2022,FOE,KS,ACE,CE,Federal Contract Tower,0,0,7,5,12,0,0,0,9,9,0,0,7,14,21,0,4,4,25
12/20/2022,FOE,KS,ACE,CE,Federal Contract Tower,0,3,4,18,25,0,0,0,0,0,0,3,4,18,25,0,0,0,25
12/21/2022,FOE,KS,ACE,CE,Federal Contract Tower,0,0,4,4,8,0,0,0,0,0,0,0,4,4,8,0,0,0,8
12/22/2022,FOE,KS,ACE,CE,Federal Contract Tower,0,0,1,0,1,0,0,0,0,0,0,0,1,0,1,0,0,0,1
12/23/2022,FOE,KS,ACE,CE,Federal Contract Tower,0,0,6,0,6,0,0,0,0,0,0,0,6,0,6,0,0,0,6
12/24/2022,FOE,KS,ACE,CE,Federal Contract Tower,0,1,1,0,2,0,0,2,0,2,0,1,3,0,4,0,0,0,4
12/25/2022,FOE,KS,ACE,CE,Federal Contract Tower,2,0,1,0,3,0,0,10,0,10,2,0,11,0,13,4,0,4,17
12/26/2022,FOE,KS,ACE,CE,Federal Contract Tower,0,0,1,0,1,0,0,2,0,2,0,0,3,0,3,0,0,0,3
12/27/2022,FOE,KS,ACE,CE,Federal Contract Tower,2,1,9,0,12,0,0,2,0,2,2,1,11,0,14,0,0,0,14
12/28/2022,FOE,KS,ACE,CE,Federal Contract Tower,0,1,7,3,11,0,0,8,0,8,0,1,15,3,19,0,0,0,19
12/29/2022,FOE,KS,ACE,CE,Federal Contract Tower,0,0,12,13,25,0,0,9,0,9,0,0,21,13,34,0,0,0,34
12/30/2022,FOE,KS,ACE,CE,Federal Contract Tower,0,0,16,6,22,0,0,13,0,13,0,0,29,6,35,68,44,112,147
12/31/2022,FOE,KS,ACE,CE,Federal Contract Tower,2,1,1,0,4,0,0,5,0,5,2,1,6,0,9,0,0,0,9
01/01/2023,FOE,KS,ACE,CE,Federal Contract Tower,0,0,13,0,13,0,0,26,0,26,0,0,39,0,39,12,0,12,51
01/02/2023,FOE,KS,ACE,CE,Federal Contract Tower,2,0,3,0,5,0,0,0,0,0,2,0,3,0,5,0,0,0,5
01/03/2023,FOE,KS,ACE,CE,Federal Contract Tower,0,0,5,6,11,0,0,3,0,3,0,0,8,6,14,4,0,4,18
01/04/2023,FOE,KS,ACE,CE,Federal Contract Tower,0,0,5,14,19,0,0,2,0,2,0,0,7,14,21,4,102,106,127
01/05/2023,FOE,KS,ACE,CE,Federal Contract Tower,0,1,14,23,38,0,0,4,17,21,0,1,18,40,59,0,98,98,157
01/06/2023,FOE,KS,ACE,CE,Federal Contract Tower,4,1,10,22,37,0,0,3,33,36,4,1,13,55,73,0,172,172,245
01/07/2023,FOE,KS,ACE,CE,Federal Contract Tower,1,0,7,4,12,0,4,0,48,52,1,4,7,52,64,0,112,112,176
01/08/2023,FOE,KS,ACE,CE,Federal Contract Tower,0,2,4,5,11,0,0,12,0,12,0,2,16,5,23,0,0,0,23
01/09/2023,FOE,KS,ACE,CE,Federal Contract Tower,2,1,9,17,29,0,0,2,4,6,2,1,11,21,35,2,32,34,69
01/10/2023,FOE,KS,ACE,CE,Federal Contract Tower,0,0,12,9,21,0,0,8,0,8,0,0,20,9,29,0,42,42,71
01/11/2023,FOE,KS,ACE,CE,Federal Contract Tower,0,0,10,12,22,0,0,2,0,2,0,0,12,12,24,0,20,20,44
01/12/2023,FOE,KS,ACE,CE,Federal Contract Tower,0,0,5,3,8,0,0,0,0,0,0,0,5,3,8,0,0,0,8
01/13/2023,FOE,KS,ACE,CE,Federal Contract Tower,2,0,17,2,21,0,0,3,0,3,2,0,20,2,24,0,0,0,24
01/14/2023,FOE,KS,ACE,CE,Federal Contract Tower,2,0,7,2,11,0,0,10,0,10,2,0,17,2,21,6,0,6,27
01/15/2023,FOE,KS,ACE,CE,Federal Contract Tower,0,0,4,0,4,0,0,0,0,0,0,0,4,0,4,0,0,0,4
01/16/2023,FOE,KS,ACE,CE,Federal Contract Tower,2,0,5,0,7,0,0,8,0,8,2,0,13,0,15,0,0,0,15
01/17/2023,FOE,KS,ACE,CE,Federal Contract Tower,0,4,9,20,33,0,0,10,2,12,0,4,19,22,45,0,10,10,55
01/18/2023,FOE,KS,ACE,CE,Federal Contract Tower,0,0,4,0,4,0,0,0,0,0,0,0,4,0,4,0,0,0,4
01/19/2023,FOE,KS,ACE,CE,Federal Contract Tower,0,0,4,8,12,0,0,0,0,0,0,0,4,8,12,0,40,40,52
01/20/2023,FOE,KS,ACE,CE,Federal Contract Tower,1,0,12,17,30,0,0,18,32,50,1,0,30,49,80,30,70,100,180
01/21/2023,FOE,KS,ACE,CE,Federal Contract Tower,1,0,2,0,3,0,0,0,0,0,1,0,2,0,3,0,0,0,3
01/22/2023,FOE,KS,ACE,CE,Federal Contract Tower,2,0,6,0,8,0,0,0,0,0,2,0,6,0,8,0,0,0,8
01/23/2023,FOE,KS,ACE,CE,Federal Contract Tower,0,0,12,14,26,0,0,4,0,4,0,0,16,14,30,18,6,24,54
01/24/2023,FOE,KS,ACE,CE,Federal Contract Tower,1,0,13,12,26,0,0,13,0,13,1,0,26,12,39,2,42,44,83
01/25/2023,FOE,KS,ACE,CE,Federal Contract Tower,0,1,3,5,9,0,0,0,0,0,0,1,3,5,9,0,22,22,31
01/26/2023,FOE,KS,ACE,CE,Federal Contract Tower,0,0,7,18,25,0,0,0,0,0,0,0,7,18,25,2,66,68,93
01/27/2023,FOE,KS,ACE,CE,Federal Contract Tower,4,2,11,7,24,0,0,4,8,12,4,2,15,15,36,0,70,70,106
01/28/2023,FOE,KS,ACE,CE,Federal Contract Tower,0,2,0,0,2,0,0,4,0,4,0,2,4,0,6,12,0,12,18
01/29/2023,FOE,KS,ACE,CE,Federal Contract Tower,1,2,6,0,9,0,0,1,0,1,1,2,7,0,10,0,0,0,10
01/30/2023,FOE,KS,ACE,CE,Federal Contract Tower,0,1,10,15,26,0,0,3,52,55,0,1,13,67,81,6,14,20,101
01/31/2023,FOE,KS,ACE,CE,Federal Contract Tower,3,0,5,16,24,0,0,14,21,35,3,0,19,37,59,0,60,60,119
02/01/2023,FOE,KS,ACE,CE,Federal Contract Tower,0,0,7,23,30,0,0,32,58,90,0,0,39,81,120,0,0,0,120
02/02/2023,FOE,KS,ACE,CE,Federal Contract Tower,2,0,8,9,19,0,0,0,0,0,2,0,8,9,19,6,112,118,137
02/03/2023,FOE,KS,ACE,CE,Federal Contract Tower,1,0,12,6,19,0,0,2,9,11,1,0,14,15,30,7,26,33,63
02/04/2023,FOE,KS,ACE,CE,Federal Contract Tower,3,0,2,5,10,0,0,2,0,2,3,0,4,5,12,0,40,40,52
02/05/2023,FOE,KS,ACE,CE,Federal Contract Tower,0,0,4,6,10,0,0,18,0,18,0,0,22,6,28,6,0,6,34
02/06/2023,FOE,KS,ACE,CE,Federal Contract Tower,1,0,8,22,31,0,0,14,2,16,1,0,22,24,47,0,20,20,67
02/07/2023,FOE,KS,ACE,CE,Federal Contract Tower,0,0,8,13,21,0,0,8,0,8,0,0,16,13,29,40,40,80,109
02/08/2023,FOE,KS,ACE,CE,Federal Contract Tower,0,0,4,25,29,0,0,0,0,0,0,0,4,25,29,0,58,58,87
02/09/2023,FOE,KS,ACE,CE,Federal Contract Tower,0,0,6,19,25,0,0,0,0,0,0,0,6,19,25,0,56,56,81
02/10/2023,FOE,KS,ACE,CE,Federal Contract Tower,0,3,5,16,24,0,0,3,2,5,0,3,8,18,29,8,24,32,61
02/11/2023,FOE,KS,ACE,CE,Federal Contract Tower,5,0,2,6,13,0,0,2,0,2,5,0,4,6,15,6,0,6,21
02/12/2023,FOE,KS,ACE,CE,Federal Contract Tower,0,0,3,0,3,0,0,7,0,7,0,0,10,0,10,0,0,0,10
02/13/2023,FOE,KS,ACE,CE,Federal Contract Tower,1,1,5,11,18,0,0,9,0,9,1,1,14,11,27,0,0,0,27
02/14/2023,FOE,KS,ACE,CE,Federal Contract Tower,0,0,11,3,14,0,0,0,0,0,0,0,11,3,14,0,14,14,28
02/15/2023,FOE,KS,ACE,CE,Federal Contract Tower,4,1,7,2,14,0,0,4,0,4,4,1,11,2,18,0,20,20,38
02/16/2023,FOE,KS,ACE,CE,Federal Contract Tower,0,0,1,0,1,0,0,0,0,0,0,0,1,0,1,0,0,0,1
02/17/2023,FOE,KS,ACE,CE,Federal Contract Tower,3,3,6,2,14,0,0,0,0,0,3,3,6,2,14,4,0,4,18
02/18/2023,FOE,KS,ACE,CE,Federal Contract Tower,4,11,6,0,21,0,0,0,0,0,4,11,6,0,21,18,0,18,39
02/19/2023,FOE,KS,ACE,CE,Federal Contract Tower,0,0,6,1,7,0,0,6,1,7,0,0,12,2,14,0,26,26,40
02/20/2023,FOE,KS,ACE,CE,Federal Contract Tower,0,0,11,0,11,0,0,7,0,7,0,0,18,0,18,16,0,16,34
02/21/2023,FOE,KS,ACE,CE,Federal Contract Tower,0,1,7,8,16,0,0,14,10,24,0,1,21,18,40,0,12,12,52
02/22/2023,FOE,KS,ACE,CE,Federal Contract Tower,1,1,4,4,10,0,0,0,0,0,1,1,4,4,10,0,6,6,16
02/23/2023,FOE,KS,ACE,CE,Federal Contract Tower,0,0,9,12,21,0,0,2,16,18,0,0,11,28,39,0,0,0,39
02/24/2023,FOE,KS,ACE,CE,Federal Contract Tower,2,0,16,4,22,0,0,4,0,4,2,0,20,4,26,0,0,0,26
02/25/2023,FOE,KS,ACE,CE,Federal Contract Tower,2,0,10,0,12,0,0,0,0,0,2,0,10,0,12,24,0,24,36
02/26/2023,FOE,KS,ACE,CE,Federal Contract Tower,2,1,5,3,11,0,0,0,0,0,2,1,5,3,11,0,0,0,11
02/27/2023,FOE,KS,ACE,CE,Federal Contract Tower,2,1,1,14,18,0,0,0,3,3,2,1,1,17,21,0,32,32,53
02/28/2023,FOE,KS,ACE,CE,Federal Contract Tower,1,3,7,25,36,0,16,11,17,44,1,19,18,42,80,8,82,90,170
03/01/2023,FOE,KS,ACE,CE,Federal Contract Tower,0,0,9,9,18,0,0,4,0,4,0,0,13,9,22,0,0,0,22
03/02/2023,FOE,KS,ACE,CE,Federal Contract Tower,0,0,9,14,23,0,0,0,0,0,0,0,9,14,23,0,0,0,23
03/03/2023,FOE,KS,ACE,CE,Federal Contract Tower,4,0,8,2,14,0,0,0,2,2,4,0,8,4,16,22,96,118,134
03/04/2023,FOE,KS,ACE,CE,Federal Contract Tower,4,2,5,7,18,0,0,10,0,10,4,2,15,7,28,8,56,64,92
03/05/2023,FOE,KS,ACE,CE,Federal Contract Tower,2,0,7,1,10,0,0,2,0,2,2,0,9,1,12,0,2,2,14
03/06/2023,FOE,KS,ACE,CE,Federal Contract Tower,0,0,5,15,20,0,0,4,4,8,0,0,9,19,28,2,28,30,58
03/07/2023,FOE,KS,ACE,CE,Federal Contract Tower,0,1,7,11,19,0,0,0,15,15,0,1,7,26,34,0,0,0,34
03/08/2023,FOE,KS,ACE,CE,Federal Contract Tower,0,2,8,7,17,0,0,0,0,0,0,2,8,7,17,0,0,0,17
03/09/2023,FOE,KS,ACE,CE,Federal Contract Tower,4,2,6,12,24,0,0,0,0,0,4,2,6,12,24,0,0,0,24
03/10/2023,FOE,KS,ACE,CE,Federal Contract Tower,0,0,8,5,13,0,0,0,0,0,0,0,8,5,13,16,6,22,35
03/11/2023,FOE,KS,ACE,CE,Federal Contract Tower,2,0,0,0,2,0,0,0,0,0,2,0,0,0,2,0,0,0,2
03/12/2023,FOE,KS,ACE,CE,Federal Contract Tower,0,2,14,2,18,0,0,3,0,3,0,2,17,2,21,0,0,0,21
03/13/2023,FOE,KS,ACE,CE,Federal Contract Tower,0,0,6,19,25,0,0,2,2,4,0,0,8,21,29,0,24,24,53
03/14/2023,FOE,KS,ACE,CE,Federal Contract Tower,0,0,7,13,20,0,0,7,11,18,0,0,14,24,38,8,88,96,134
03/15/2023,FOE,KS,ACE,CE,Federal Contract Tower,0,4,8,5,17,0,0,6,0,6,0,4,14,5,23,0,0,0,23
03/16/2023,FOE,KS,ACE,CE,Federal Contract Tower,1,1,0,13,15,0,0,0,0,0,1,1,0,13,15,0,0,0,15
03/17/2023,FOE,KS,ACE,CE,Federal Contract Tower,1,0,6,21,28,0,0,4,0,4,1,0,10,21,32,12,34,46,78
03/18/2023,FOE,KS,ACE,CE,Federal Contract Tower,0,0,5,2,7,0,0,2,0,2,0,0,7,2,9,4,0,4,13
03/19/2023,FOE,KS,ACE,CE,Federal Contract Tower,0,0,3,0,3,0,0,10,0,10,0,0,13,0,13,0,0,0,13
03/20/2023,FOE,KS,ACE,CE,Federal Contract Tower,0,0,8,2,10,0,0,1,2,3,0,0,9,4,13,0,0,0,13
03/21/2023,FOE,KS,ACE,CE,Federal Contract Tower,0,0,10,10,20,0,0,0,1,1,0,0,10,11,21,0,0,0,21
03/22/2023,FOE,KS,ACE,CE,Federal Contract Tower,0,0,4,5,9,0,0,0,0,0,0,0,4,5,9,0,0,0,9
03/23/2023,FOE,KS,ACE,CE,Federal Contract Tower,0,0,7,5,12,0,0,0,0,0,0,0,7,5,12,0,0,0,12
03/24/2023,FOE,KS,ACE,CE,Federal Contract Tower,0,2,14,8,24,0,0,4,0,4,0,2,18,8,28,0,12,12,40
03/25/2023,FOE,KS,ACE,CE,Federal Contract Tower,1,0,2,18,21,0,0,14,0,14,1,0,16,18,35,36,0,36,71
03/26/2023,FOE,KS,ACE,CE,Federal Contract Tower,1,2,5,0,8,0,0,0,0,0,1,2,5,0,8,0,0,0,8
03/27/2023,FOE,KS,ACE,CE,Federal Contract Tower,0,0,4,11,15,0,0,8,0,8,0,0,12,11,23,0,36,36,59
03/28/2023,FOE,KS,ACE,CE,Federal Contract Tower,0,2,11,14,27,0,0,7,6,13,0,2,18,20,40,0,22,22,62
03/29/2023,FOE,KS,ACE,CE,Federal Contract Tower,0,0,23,3,26,0,0,13,3,16,0,0,36,6,42,10,78,88,130
03/30/2023,FOE,KS,ACE,CE,Federal Contract Tower,0,4,8,22,34,0,0,8,3,11,0,4,16,25,45,12,74,86,131
03/31/2023,FOE,KS,ACE,CE,Federal Contract Tower,0,0,3,1,4,0,0,0,0,0,0,0,3,1,4,0,0,0,4
04/01/2023,FOE,KS,ACE,CE,Federal Contract Tower,0,0,8,4,12,0,0,12,0,12,0,0,20,4,24,0,10,10,34
04/02/2023,FOE,KS,ACE,CE,Federal Contract Tower,0,0,7,1,8,0,0,3,0,3,0,0,10,1,11,0,0,0,11
04/03/2023,FOE,KS,ACE,CE,Federal Contract Tower,0,0,11,22,33,0,0,2,2,4,0,0,13,24,37,8,10,18,55
04/04/2023,FOE,KS,ACE,CE,Federal Contract Tower,0,0,4,9,13,0,0,1,3,4,0,0,5,12,17,0,2,2,19
04/05/2023,FOE,KS,ACE,CE,Federal Contract Tower,0,2,2,17,21,0,0,6,0,6,0,2,8,17,27,0,72,72,99
04/06/2023,FOE,KS,ACE,CE,Federal Contract Tower,0,0,2,5,7,0,0,6,0,6,0,0,8,5,13,0,0,0,13
04/07/2023,FOE,KS,ACE,CE,Federal Contract Tower,0,0,4,9,13,0,0,20,21,41,0,0,24,30,54,12,130,142,196
04/08/2023,FOE,KS,ACE,CE,Federal Contract Tower,0,0,5,2,7,0,0,8,0,8,0,0,13,2,15,0,0,0,15
04/09/2023,FOE,KS,ACE,CE,Federal Contract Tower,1,0,3,2,6,0,0,3,0,3,1,0,6,2,9,7,0,7,16
04/10/2023,FOE,KS,ACE,CE,Federal Contract Tower,0,0,11,6,17,0,0,8,2,10,0,0,19,8,27,0,4,4,31
04/11/2023,FOE,KS,ACE,CE,Federal Contract Tower,0,2,4,8,14,0,2,5,2,9,0,4,9,10,23,0,18,18,41
04/12/2023,FOE,KS,ACE,CE,Federal Contract Tower,0,0,6,9,15,0,0,6,0,6,0,0,12,9,21,0,14,14,35
04/13/2023,FOE,KS,ACE,CE,Federal Contract Tower,0,0,2,4,6,0,0,8,1,9,0,0,10,5,15,0,0,0,15
04/14/2023,FOE,KS,ACE,CE,Federal Contract Tower,2,2,7,5,16,0,0,4,4,8,2,2,11,9,24,6,60,66,90
04/15/2023,FOE,KS,ACE,CE,Federal Contract Tower,0,0,5,0,5,0,0,2,0,2,0,0,7,0,7,0,0,0,7
04/16/2023,FOE,KS,ACE,CE,Federal Contract Tower,0,2,6,5,13,0,0,0,1,1,0,2,6,6,14,0,0,0,14
04/17/2023,FOE,KS,ACE,CE,Federal Contract Tower,2,2,15,26,45,0,0,26,3,29,2,2,41,29,74,10,68,78,152
04/18/2023,FOE,KS,ACE,CE,Federal Contract Tower,0,3,7,11,21,0,1,6,4,11,0,4,13,15,32,2,14,16,48
04/19/2023,FOE,KS,ACE,CE,Federal Contract Tower,0,0,3,13,16,0,0,6,2,8,0,0,9,15,24,2,2,4,28
04/20/2023,FOE,KS,ACE,CE,Federal Contract Tower,0,0,8,9,17,0,0,2,1,3,0,0,10,10,20,10,92,102,122
04/21/2023,FOE,KS,ACE,CE,Federal Contract Tower,0,0,3,24,27,0,0,0,2,2,0,0,3,26,29,0,68,68,97
04/22/2023,FOE,KS,ACE,CE,Federal Contract Tower,0,0,3,4,7,0,0,10,0,10,0,0,13,4,17,12,12,24,41
04/23/2023,FOE,KS,ACE,CE,Federal Contract Tower,0,0,4,0,4,0,0,24,0,24,0,0,28,0,28,0,0,0,28
04/24/2023,FOE,KS,ACE,CE,Federal Contract Tower,0,0,10,17,27,0,1,9,3,13,0,1,19,20,40,0,28,28,68
04/25/2023,FOE,KS,ACE,CE,Federal Contract Tower,0,1,11,25,37,0,4,4,2,10,0,5,15,27,47,0,28,28,75
04/26/2023,FOE,KS,ACE,CE,Federal Contract Tower,0,4,11,10,25,0,0,6,0,6,0,4,17,10,31,50,22,72,103
04/27/2023,FOE,KS,ACE,CE,Federal Contract Tower,2,1,6,15,24,0,0,8,10,18,2,1,14,25,42,0,40,40,82
04/28/2023,FOE,KS,ACE,CE,Federal Contract Tower,0,0,8,4,12,0,0,4,2,6,0,0,12,6,18,6,20,26,44
04/29/2023,FOE,KS,ACE,CE,Federal Contract Tower,0,0,5,2,7,0,0,12,2,14,0,0,17,4,21,0,0,0,21
04/30/2023,FOE,KS,ACE,CE,Federal Contract Tower,2,0,6,0,8,0,0,6,0,6,2,0,12,0,14,0,0,0,14
05/01/2023,FOE,KS,ACE,CE,Federal Contract Tower,0,3,6,23,32,0,0,4,3,7,0,3,10,26,39,0,24,24,63
05/02/2023,FOE,KS,ACE,CE,Federal Contract Tower,0,0,9,13,22,0,0,6,6,12,0,0,15,19,34,0,28,28,62
05/03/2023,FOE,KS,ACE,CE,Federal Contract Tower,0,0,15,5,20,0,0,6,0,6,0,0,21,5,26,26,10,36,62
05/04/2023,FOE,KS,ACE,CE,Federal Contract Tower,0,0,2,5,7,0,0,0,1,1,0,0,2,6,8,2,18,20,28
05/05/2023,FOE,KS,ACE,CE,Federal Contract Tower,0,0,4,5,9,0,0,2,0,2,0,0,6,5,11,0,0,0,11
05/06/2023,FOE,KS,ACE,CE,Federal Contract Tower,0,0,2,2,4,0,0,4,0,4,0,0,6,2,8,0,40,40,48
05/07/2023,FOE,KS,ACE,CE,Federal Contract Tower,2,0,10,1,13,0,0,2,0,2,2,0,12,1,15,0,0,0,15
05/08/2023,FOE,KS,ACE,CE,Federal Contract Tower,0,2,12,10,24,0,0,32,3,35,0,2,44,13,59,28,32,60,119
05/09/2023,FOE,KS,ACE,CE,Federal Contract Tower,0,5,11,25,41,0,0,9,11,20,0,5,20,36,61,0,18,18,79
05/10/2023,FOE,KS,ACE,CE,Federal Contract Tower,0,1,6,15,22,0,0,6,0,6,0,1,12,15,28,0,16,16,44
05/11/2023,FOE,KS,ACE,CE,Federal Contract Tower,0,0,6,5,11,0,0,0,0,0,0,0,6,5,11,0,0,0,11
05/12/2023,FOE,KS,ACE,CE,Federal Contract Tower,0,2,8,9,19,0,0,0,13,13,0,2,8,22,32,0,40,40,72
05/13/2023,FOE,KS,ACE,CE,Federal Contract Tower,0,2,5,9,16,0,0,10,0,10,0,2,15,9,26,12,0,12,38
05/14/2023,FOE,KS,ACE,CE,Federal Contract Tower,2,1,3,0,6,0,0,10,0,10,2,1,13,0,16,0,0,0,16
05/15/2023,FOE,KS,ACE,CE,Federal Contract Tower,1,0,8,0,9,0,0,0,0,0,1,0,8,0,9,0,0,0,9
05/16/2023,FOE,KS,ACE,CE,Federal Contract Tower,0,0,15,9,24,0,0,6,0,6,0,0,21,9,30,0,26,26,56
05/17/2023,FOE,KS,ACE,CE,Federal Contract Tower,0,0,8,14,22,0,0,12,11,23,0,0,20,25,45,0,10,10,55
05/18/2023,FOE,KS,ACE,CE,Federal Contract Tower,0,0,11,5,16,0,0,7,1,8,0,0,18,6,24,0,28,28,52
05/19/2023,FOE,KS,ACE,CE,Federal Contract Tower,0,1,17,4,22,0,0,0,0,0,0,1,17,4,22,0,0,0,22
05/20/2023,FOE,KS,ACE,CE,Federal Contract Tower,0,3,7,8,18,0,0,18,2,20,0,3,25,10,38,24,0,24,62
05/21/2023,FOE,KS,ACE,CE,Federal Contract Tower,0,2,8,4,14,0,0,11,1,12,0,2,19,5,26,0,0,0,26
05/22/2023,FOE,KS,ACE,CE,Federal Contract Tower,0,1,4,17,22,0,0,23,2,25,0,1,27,19,47,38,16,54,101
05/23/2023,FOE,KS,ACE,CE,Federal Contract Tower,0,0,12,21,33,0,0,16,13,29,0,0,28,34,62,0,32,32,94
05/24/2023,FOE,KS,ACE,CE,Federal Contract Tower,0,2,14,15,31,0,0,2,5,7,0,2,16,20,38,2,38,40,78
05/25/2023,FOE,KS,ACE,CE,Federal Contract Tower,0,2,6,5,13,0,0,3,0,3,0,2,9,5,16,0,0,0,16
05/26/2023,FOE,KS,ACE,CE,Federal Contract Tower,0,0,10,2,12,0,0,6,0,6,0,0,16,2,18,0,0,0,18
05/27/2023,FOE,KS,ACE,CE,Federal Contract Tower,0,2,7,2,11,0,0,24,0,24,0,2,31,2,35,0,0,0,35
05/28/2023,FOE,KS,ACE,CE,Federal Contract Tower,2,0,4,0,6,0,0,3,0,3,2,0,7,0,9,4,0,4,13
05/29/2023,FOE,KS,ACE,CE,Federal Contract Tower,0,0,2,0,2,0,0,13,0,13,0,0,15,0,15,16,0,16,31
05/30/2023,FOE,KS,ACE,CE,Federal Contract Tower,0,0,4,9,13,0,0,5,5,10,0,0,9,14,23,0,14,14,37
05/31/2023,FOE,KS,ACE,CE,Federal Contract Tower,0,1,6,14,21,0,0,0,0,0,0,1,6,14,21,0,0,0,21
06/01/2023,FOE,KS,ACE,CE,Federal Contract Tower,0,1,7,31,39,0,0,3,5,8,0,1,10,36,47,0,32,32,79
06/02/2023,FOE,KS,ACE,CE,Federal Contract Tower,0,0,12,5,17,0,0,0,0,0,0,0,12,5,17,0,18,18,35
06/03/2023,FOE,KS,ACE,CE,Federal Contract Tower,0,3,13,2,18,0,0,0,0,0,0,3,13,2,18,0,0,0,18
06/04/2023,FOE,KS,ACE,CE,Federal Contract Tower,0,6,3,0,9,0,0,11,0,11,0,6,14,0,20,8,0,8,28
06/05/2023,FOE,KS,ACE,CE,Federal Contract Tower,0,1,9,21,31,0,0,14,29,43,0,1,23,50,74,0,94,94,168
06/07/2023,FOE,KS,ACE,CE,Federal Contract Tower,0,0,11,15,26,0,0,2,1,3,0,0,13,16,29,0,2,2,31
06/08/2023,FOE,KS,ACE,CE,Federal Contract Tower,0,30,11,19,60,0,0,8,0,8,0,30,19,19,68,0,146,146,214
06/09/2023,FOE,KS,ACE,CE,Federal Contract Tower,0,0,12,31,43,0,0,4,12,16,0,0,16,43,59,28,74,102,161
06/10/2023,FOE,KS,ACE,CE,Federal Contract Tower,0,2,5,3,10,0,0,0,0,0,0,2,5,3,10,0,0,0,10
06/11/2023,FOE,KS,ACE,CE,Federal Contract Tower,0,2,17,0,19,0,0,1,4,5,0,2,18,4,24,0,0,0,24
06/12/2023,FOE,KS,ACE,CE,Federal Contract Tower,0,0,16,23,39,0,0,14,14,28,0,0,30,37,67,0,92,92,159
06/13/2023,FOE,KS,ACE,CE,Federal Contract Tower,0,1,12,15,28,0,1,12,15,28,0,2,24,30,56,0,12,12,68
06/14/2023,FOE,KS,ACE,CE,Federal Contract Tower,0,0,7,18,25,0,0,1,6,7,0,0,8,24,32,6,24,30,62
06/15/2023,FOE,KS,ACE,CE,Federal Contract Tower,0,3,14,15,32,0,0,0,0,0,0,3,14,15,32,0,42,42,74
06/16/2023,FOE,KS,ACE,CE,Federal Contract Tower,0,0,12,6,18,0,0,2,0,2,0,0,14,6,20,0,10,10,30
06/17/2023,FOE,KS,ACE,CE,Federal Contract Tower,0,0,5,0,5,0,0,0,0,0,0,0,5,0,5,0,0,0,5
06/18/2023,FOE,KS,ACE,CE,Federal Contract Tower,0,2,4,0,6,0,0,5,9,14,0,2,9,9,20,2,0,2,22
06/19/2023,FOE,KS,ACE,CE,Federal Contract Tower,0,2,10,0,12,0,0,10,0,10,0,2,20,0,22,14,0,14,36
06/20/2023,FOE,KS,ACE,CE,Federal Contract Tower,0,0,12,22,34,0,0,13,2,15,0,0,25,24,49,0,8,8,57
06/21/2023,FOE,KS,ACE,CE,Federal Contract Tower,0,2,13,13,28,0,0,2,3,5,0,2,15,16,33,0,8,8,41
06/22/2023,FOE,KS,ACE,CE,Federal Contract Tower,2,0,7,15,24,0,0,12,10,22,2,0,19,25,46,0,48,48,94
06/23/2023,FOE,KS,ACE,CE,Federal Contract Tower,0,0,1,23,24,0,0,4,7,11,0,0,5,30,35,0,36,36,71
06/24/2023,FOE,KS,ACE,CE,Federal Contract Tower,0,0,8,1,9,0,0,2,0,2,0,0,10,1,11,0,0,0,11
06/25/2023,FOE,KS,ACE,CE,Federal Contract Tower,0,0,8,0,8,0,0,7,0,7,0,0,15,0,15,0,0,0,15
06/26/2023,FOE,KS,ACE,CE,Federal Contract Tower,0,1,11,12,24,0,0,8,3,11,0,1,19,15,35,6,65,71,106
06/27/2023,FOE,KS,ACE,CE,Federal Contract Tower,0,0,10,15,25,0,0,13,0,13,0,0,23,15,38,8,42,50,88
06/28/2023,FOE,KS,ACE,CE,Federal Contract Tower,0,0,14,17,31,0,0,10,0,10,0,0,24,17,41,0,70,70,111
06/29/2023,FOE,KS,ACE,CE,Federal Contract Tower,1,0,2,7,10,0,0,0,0,0,1,0,2,7,10,0,28,28,38
06/30/2023,FOE,KS,ACE,CE,Federal Contract Tower,0,0,5,12,17,0,0,0,1,1,0,0,5,13,18,0,0,0,18
07/01/2023,FOE,KS,ACE,CE,Federal Contract Tower,0,2,0,0,2,0,0,4,0,4,0,2,4,0,6,0,0,0,6
07/02/2023,FOE,KS,ACE,CE,Federal Contract Tower,0,1,3,2,6,0,0,2,2,4,0,1,5,4,10,12,4,16,26
07/03/2023,FOE,KS,ACE,CE,Federal Contract Tower,0,2,2,0,4,0,0,4,0,4,0,2,6,0,8,0,0,0,8
07/04/2023,FOE,KS,ACE,CE,Federal Contract Tower,0,1,0,0,1,0,0,9,0,9,0,1,9,0,10,0,0,0,10
07/05/2023,FOE,KS,ACE,CE,Federal Contract Tower,0,1,7,20,28,0,0,11,0,11,0,1,18,20,39,0,0,0,39
07/06/2023,FOE,KS,ACE,CE,Federal Contract Tower,0,1,8,17,26,0,0,0,7,7,0,1,8,24,33,0,84,84,117
07/07/2023,FOE,KS,ACE,CE,Federal Contract Tower,0,0,2,20,22,0,0,8,6,14,0,0,10,26,36,26,85,111,147
07/08/2023,FOE,KS,ACE,CE,Federal Contract Tower,2,0,7,5,14,0,0,6,15,21,2,0,13,20,35,0,0,0,35
07/09/2023,FOE,KS,ACE,CE,Federal Contract Tower,0,2,5,6,13,0,0,1,2,3,0,2,6,8,16,0,0,0,16
07/10/2023,FOE,KS,ACE,CE,Federal Contract Tower,0,0,18,20,38,0,0,2,9,11,0,0,20,29,49,0,19,19,68
07/11/2023,FOE,KS,ACE,CE,Federal Contract Tower,0,1,7,33,41,0,0,12,10,22,0,1,19,43,63,30,70,100,163
07/12/2023,FOE,KS,ACE,CE,Federal Contract Tower,0,0,12,19,31,0,0,11,6,17,0,0,23,25,48,10,44,54,102
07/13/2023,FOE,KS,ACE,CE,Federal Contract Tower,0,0,4,9,13,0,0,12,6,18,0,0,16,15,31,2,32,34,65
07/14/2023,FOE,KS,ACE,CE,Federal Contract Tower,0,0,4,22,26,0,0,0,4,4,0,0,4,26,30,0,31,31,61
07/15/2023,FOE,KS,ACE,CE,Federal Contract Tower,0,0,2,0,2,0,0,9,4,13,0,0,11,4,15,4,0,4,19
07/16/2023,FOE,KS,ACE,CE,Federal Contract Tower,0,0,3,2,5,0,0,4,0,4,0,0,7,2,9,0,0,0,9
07/17/2023,FOE,KS,ACE,CE,Federal Contract Tower,2,1,11,11,25,0,0,2,6,8,2,1,13,17,33,6,6,12,45
07/18/2023,FOE,KS,ACE,CE,Federal Contract Tower,0,0,15,4,19,0,0,10,2,12,0,0,25,6,31,0,2,2,33
07/19/2023,FOE,KS,ACE,CE,Federal Contract Tower,0,0,25,29,54,0,0,0,0,0,0,0,25,29,54,0,0,0,54
07/20/2023,FOE,KS,ACE,CE,Federal Contract Tower,0,2,14,18,34,0,0,6,14,20,0,2,20,32,54,0,10,10,64
07/21/2023,FOE,KS,ACE,CE,Federal Contract Tower,0,3,7,11,21,0,0,0,32,32,0,3,7,43,53,0,82,82,135
07/22/2023,FOE,KS,ACE,CE,Federal Contract Tower,0,3,1,4,8,0,0,9,1,10,0,3,10,5,18,0,6,6,24
07/23/2023,FOE,KS,ACE,CE,Federal Contract Tower,2,4,11,2,19,0,0,9,0,9,2,4,20,2,28,0,0,0,28
07/24/2023,FOE,KS,ACE,CE,Federal Contract Tower,0,2,7,7,16,0,5,1,2,8,0,7,8,9,24,0,15,15,39
07/25/2023,FOE,KS,ACE,CE,Federal Contract Tower,0,2,15,19,36,0,0,2,19,21,0,2,17,38,57,0,52,52,109
07/26/2023,FOE,KS,ACE,CE,Federal Contract Tower,1,2,6,15,24,0,0,17,2,19,1,2,23,17,43,0,10,10,53
07/27/2023,FOE,KS,ACE,CE,Federal Contract Tower,0,0,0,18,18,0,2,4,4,10,0,2,4,22,28,0,38,38,66
07/28/2023,FOE,KS,ACE,CE,Federal Contract Tower,0,0,6,21,27,0,0,4,16,20,0,0,10,37,47,0,12,12,59
07/29/2023,FOE,KS,ACE,CE,Federal Contract Tower,1,1,4,0,6,0,0,3,0,3,1,1,7,0,9,0,0,0,9
07/30/2023,FOE,KS,ACE,CE,Federal Contract Tower,0,0,10,14,24,0,0,10,0,10,0,0,20,14,34,0,7,7,41
07/31/2023,FOE,KS,ACE,CE,Federal Contract Tower,0,0,1,23,24,0,0,1,5,6,0,0,2,28,30,0,6,6,36
08/01/2023,FOE,KS,ACE,CE,Federal Contract Tower,0,4,15,25,44,0,0,10,16,26,0,4,25,41,70,12,78,90,160
08/02/2023,FOE,KS,ACE,CE,Federal Contract Tower,0,0,2,7,9,0,8,7,15,30,0,8,9,22,39,0,0,0,39
08/03/2023,FOE,KS,ACE,CE,Federal Contract Tower,2,0,12,12,26,0,0,0,0,0,2,0,12,12,26,0,0,0,26
08/04/2023,FOE,KS,ACE,CE,Federal Contract Tower,0,1,15,27,43,0,0,9,4,13,0,1,24,31,56,4,80,84,140
08/05/2023,FOE,KS,ACE,CE,Federal Contract Tower,0,0,7,2,9,0,0,0,3,3,0,0,7,5,12,0,0,0,12
08/06/2023,FOE,KS,ACE,CE,Federal Contract Tower,2,0,9,13,24,0,0,7,0,7,2,0,16,13,31,0,2,2,33
08/07/2023,FOE,KS,ACE,CE,Federal Contract Tower,0,0,14,7,21,0,0,10,2,12,0,0,24,9,33,0,0,0,33
08/08/2023,FOE,KS,ACE,CE,Federal Contract Tower,2,6,12,45,65,0,0,35,29,64,2,6,47,74,129,6,74,80,209
08/09/2023,FOE,KS,ACE,CE,Federal Contract Tower,0,1,9,15,25,0,0,4,0,4,0,1,13,15,29,6,6,12,41
08/10/2023,FOE,KS,ACE,CE,Federal Contract Tower,0,0,14,19,33,0,0,6,0,6,0,0,20,19,39,0,54,54,93
08/11/2023,FOE,KS,ACE,CE,Federal Contract Tower,0,1,20,14,35,0,0,3,21,24,0,1,23,35,59,0,68,68,127
08/12/2023,FOE,KS,ACE,CE,Federal Contract Tower,2,1,3,0,6,0,0,4,0,4,2,1,7,0,10,6,0,6,16
08/13/2023,FOE,KS,ACE,CE,Federal Contract Tower,0,2,16,5,23,0,2,3,1,6,0,4,19,6,29,0,0,0,29
08/14/2023,FOE,KS,ACE,CE,Federal Contract Tower,2,0,18,26,46,0,0,8,1,9,2,0,26,27,55,6,11,17,72
08/15/2023,FOE,KS,ACE,CE,Federal Contract Tower,4,0,11,14,29,0,0,14,16,30,4,0,25,30,59,8,60,68,127
08/16/2023,FOE,KS,ACE,CE,Federal Contract Tower,0,0,6,18,24,0,0,2,12,14,0,0,8,30,38,2,54,56,94
08/17/2023,FOE,KS,ACE,CE,Federal Contract Tower,0,0,1,8,9,0,0,8,7,15,0,0,9,15,24,0,14,14,38
08/18/2023,FOE,KS,ACE,CE,Federal Contract Tower,0,0,9,7,16,0,0,7,2,9,0,0,16,9,25,6,40,46,71
08/19/2023,FOE,KS,ACE,CE,Federal Contract Tower,0,0,2,4,6,0,0,15,4,19,0,0,17,8,25,0,0,0,25
08/20/2023,FOE,KS,ACE,CE,Federal Contract Tower,0,0,9,0,9,0,0,3,4,7,0,0,12,4,16,0,0,0,16
08/21/2023,FOE,KS,ACE,CE,Federal Contract Tower,0,0,9,9,18,0,0,1,6,7,0,0,10,15,25,0,8,8,33
08/22/2023,FOE,KS,ACE,CE,Federal Contract Tower,0,2,4,9,15,0,0,10,8,18,0,2,14,17,33,0,2,2,35
08/23/2023,FOE,KS,ACE,CE,Federal Contract Tower,0,0,3,20,23,0,0,2,10,12,0,0,5,30,35,0,40,40,75
08/24/2023,FOE,KS,ACE,CE,Federal Contract Tower,0,0,12,35,47,0,0,13,10,23,0,0,25,45,70,0,62,62,132
08/25/2023,FOE,KS,ACE,CE,Federal Contract Tower,0,1,7,22,30,0,0,7,3,10,0,1,14,25,40,0,79,79,119
08/26/2023,FOE,KS,ACE,CE,Federal Contract Tower,2,3,6,2,13,0,0,2,0,2,2,3,8,2,15,2,20,22,37
08/27/2023,FOE,KS,ACE,CE,Federal Contract Tower,0,0,10,0,10,0,0,13,0,13,0,0,23,0,23,0,0,0,23
08/28/2023,FOE,KS,ACE,CE,Federal Contract Tower,0,3,12,26,41,0,1,18,13,32,0,4,30,39,73,6,16,22,95
08/29/2023,FOE,KS,ACE,CE,Federal Contract Tower,0,0,15,33,48,0,0,22,25,47,0,0,37,58,95,12,70,82,177
08/30/2023,FOE,KS,ACE,CE,Federal Contract Tower,0,0,17,31,48,0,0,13,11,24,0,0,30,42,72,2,44,46,118
08/31/2023,FOE,KS,ACE,CE,Federal Contract Tower,0,0,12,20,32,0,2,6,6,14,0,2,18,26,46,6,4,10,56
01/01/2020,FOE,KS,ACE,CE,Federal Contract Tower,2,1,0,0,3,0,0,0,0,0,2,1,0,0,3,0,0,0,3
01/02/2020,FOE,KS,ACE,CE,Federal Contract Tower,0,0,4,6,10,0,0,8,2,10,0,0,12,8,20,6,14,20,40
01/03/2020,FOE,KS,ACE,CE,Federal Contract Tower,1,0,1,21,23,0,0,12,4,16,1,0,13,25,39,0,100,100,139
01/04/2020,FOE,KS,ACE,CE,Federal Contract Tower,2,1,1,8,12,0,0,8,0,8,2,1,9,8,20,0,40,40,60
01/05/2020,FOE,KS,ACE,CE,Federal Contract Tower,0,0,4,0,4,0,0,5,0,5,0,0,9,0,9,0,0,0,9
01/06/2020,FOE,KS,ACE,CE,Federal Contract Tower,0,3,5,19,27,0,0,4,4,8,0,3,9,23,35,20,50,70,105
01/07/2020,FOE,KS,ACE,CE,Federal Contract Tower,0,0,17,10,27,0,0,9,1,10,0,0,26,11,37,20,10,30,67
01/08/2020,FOE,KS,ACE,CE,Federal Contract Tower,0,1,11,26,38,0,0,3,16,19,0,1,14,42,57,0,42,42,99
01/09/2020,FOE,KS,ACE,CE,Federal Contract Tower,0,0,9,15,24,0,0,8,29,37,0,0,17,44,61,2,54,56,117
01/12/2020,FOE,KS,ACE,CE,Federal Contract Tower,0,0,0,0,0,0,0,0,0,0,0,0,0,0,0,0,0,0,0
01/13/2020,FOE,KS,ACE,CE,Federal Contract Tower,0,0,1,0,1,0,0,0,0,0,0,0,1,0,1,0,0,0,1
01/14/2020,FOE,KS,ACE,CE,Federal Contract Tower,2,0,6,13,21,0,0,2,0,2,2,0,8,13,23,4,18,22,45
01/15/2020,FOE,KS,ACE,CE,Federal Contract Tower,0,0,11,36,47,0,0,0,0,0,0,0,11,36,47,0,0,0,47
01/16/2020,FOE,KS,ACE,CE,Federal Contract Tower,0,1,7,29,37,0,0,4,17,21,0,1,11,46,58,0,60,60,118
01/17/2020,FOE,KS,ACE,CE,Federal Contract Tower,0,0,1,0,1,0,0,0,0,0,0,0,1,0,1,0,0,0,1
01/18/2020,FOE,KS,ACE,CE,Federal Contract Tower,0,2,6,0,8,0,0,0,0,0,0,2,6,0,8,0,0,0,8
01/19/2020,FOE,KS,ACE,CE,Federal Contract Tower,0,0,2,0,2,0,0,8,0,8,0,0,10,0,10,10,0,10,20
01/20/2020,FOE,KS,ACE,CE,Federal Contract Tower,0,0,2,0,2,0,0,13,4,17,0,0,15,4,19,4,0,4,23
01/21/2020,FOE,KS,ACE,CE,Federal Contract Tower,0,4,0,18,22,0,0,12,8,20,0,4,12,26,42,0,58,58,100
01/22/2020,FOE,KS,ACE,CE,Federal Contract Tower,0,0,6,1,7,0,0,0,0,0,0,0,6,1,7,0,0,0,7
01/23/2020,FOE,KS,ACE,CE,Federal Contract Tower,0,3,5,3,11,0,0,0,0,0,0,3,5,3,11,0,0,0,11
01/24/2020,FOE,KS,ACE,CE,Federal Contract Tower,1,2,8,0,11,0,0,0,6,6,1,2,8,6,17,0,36,36,53
01/25/2020,FOE,KS,ACE,CE,Federal Contract Tower,0,1,4,0,5,0,0,8,0,8,0,1,12,0,13,0,0,0,13
01/26/2020,FOE,KS,ACE,CE,Federal Contract Tower,0,0,4,0,4,0,0,13,0,13,0,0,17,0,17,0,0,0,17
01/27/2020,FOE,KS,ACE,CE,Federal Contract Tower,0,0,11,19,30,0,0,16,0,16,0,0,27,19,46,0,12,12,58
01/28/2020,FOE,KS,ACE,CE,Federal Contract Tower,0,0,10,7,17,0,0,0,0,0,0,0,10,7,17,0,0,0,17
01/30/2020,FOE,KS,ACE,CE,Federal Contract Tower,0,0,6,13,19,0,0,2,6,8,0,0,8,19,27,0,54,54,81
01/31/2020,FOE,KS,ACE,CE,Federal Contract Tower,0,0,12,9,21,0,0,4,0,4,0,0,16,9,25,0,66,66,91
02/01/2020,FOE,KS,ACE,CE,Federal Contract Tower,2,0,2,2,6,0,0,7,1,8,2,0,9,3,14,0,0,0,14
02/02/2020,FOE,KS,ACE,CE,Federal Contract Tower,0,2,2,0,4,0,0,25,0,25,0,2,27,0,29,0,0,0,29
02/03/2020,FOE,KS,ACE,CE,Federal Contract Tower,2,2,4,25,33,0,0,18,0,18,2,2,22,25,51,0,26,26,77
02/04/2020,FOE,KS,ACE,CE,Federal Contract Tower,0,0,5,0,5,0,0,0,4,4,0,0,5,4,9,0,28,28,37
02/05/2020,FOE,KS,ACE,CE,Federal Contract Tower,0,0,6,1,7,0,0,1,11,12,0,0,7,12,19,0,66,66,85
02/06/2020,FOE,KS,ACE,CE,Federal Contract Tower,0,0,3,23,26,0,0,9,102,111,0,0,12,125,137,0,68,68,205
02/07/2020,FOE,KS,ACE,CE,Federal Contract Tower,0,0,10,13,23,0,0,15,0,15,0,0,25,13,38,0,46,46,84
02/08/2020,FOE,KS,ACE,CE,Federal Contract Tower,0,0,2,3,5,0,0,16,12,28,0,0,18,15,33,0,0,0,33
02/09/2020,FOE,KS,ACE,CE,Federal Contract Tower,0,1,1,1,3,0,0,7,3,10,0,1,8,4,13,0,0,0,13
02/10/2020,FOE,KS,ACE,CE,Federal Contract Tower,1,0,2,33,36,0,0,7,2,9,1,0,9,35,45,0,44,44,89
02/11/2020,FOE,KS,ACE,CE,Federal Contract Tower,3,0,3,28,34,0,0,13,13,26,3,0,16,41,60,4,58,62,122
02/13/2020,FOE,KS,ACE,CE,Federal Contract Tower,4,3,2,2,11,0,0,9,0,9,4,3,11,2,20,0,0,0,20
02/14/2020,FOE,KS,ACE,CE,Federal Contract Tower,8,0,11,1,20,0,0,2,0,2,8,0,13,1,22,0,0,0,22
02/15/2020,FOE,KS,ACE,CE,Federal Contract Tower,0,0,2,0,2,0,0,6,0,6,0,0,8,0,8,0,0,0,8
02/16/2020,FOE,KS,ACE,CE,Federal Contract Tower,0,2,4,0,6,0,0,70,0,70,0,2,74,0,76,10,0,10,86
02/17/2020,FOE,KS,ACE,CE,Federal Contract Tower,8,2,11,6,27,0,0,7,0,7,8,2,18,6,34,0,0,0,34
02/18/2020,FOE,KS,ACE,CE,Federal Contract Tower,0,0,6,29,35,0,0,10,2,12,0,0,16,31,47,0,76,76,123
02/19/2020,FOE,KS,ACE,CE,Federal Contract Tower,0,0,3,18,21,0,2,4,1,7,0,2,7,19,28,0,61,61,89
02/20/2020,FOE,KS,ACE,CE,Federal Contract Tower,2,0,2,15,19,0,0,0,9,9,2,0,2,24,28,10,64,74,102
02/21/2020,FOE,KS,ACE,CE,Federal Contract Tower,1,4,16,5,26,0,0,17,29,46,1,4,33,34,72,8,54,62,134
02/22/2020,FOE,KS,ACE,CE,Federal Contract Tower,1,7,5,2,15,0,0,26,0,26,1,7,31,2,41,46,0,46,87
02/23/2020,FOE,KS,ACE,CE,Federal Contract Tower,2,7,7,2,18,0,0,11,0,11,2,7,18,2,29,0,0,0,29
02/24/2020,FOE,KS,ACE,CE,Federal Contract Tower,0,0,18,0,18,0,0,4,0,4,0,0,22,0,22,0,0,0,22
02/25/2020,FOE,KS,ACE,CE,Federal Contract Tower,0,1,3,7,11,0,0,0,0,0,0,1,3,7,11,0,0,0,11
02/26/2020,FOE,KS,ACE,CE,Federal Contract Tower,0,0,15,13,28,0,0,3,5,8,0,0,18,18,36,0,36,36,72
02/27/2020,FOE,KS,ACE,CE,Federal Contract Tower,0,0,5,18,23,0,0,14,2,16,0,0,19,20,39,2,58,60,99
02/28/2020,FOE,KS,ACE,CE,Federal Contract Tower,0,1,10,28,39,0,0,7,1,8,0,1,17,29,47,0,130,130,177
02/29/2020,FOE,KS,ACE,CE,Federal Contract Tower,0,0,0,0,0,0,0,5,0,5,0,0,5,0,5,0,0,0,5
03/01/2020,FOE,KS,ACE,CE,Federal Contract Tower,0,0,3,4,7,0,0,17,0,17,0,0,20,4,24,0,0,0,24
03/02/2020,FOE,KS,ACE,CE,Federal Contract Tower,2,3,6,14,25,0,0,18,2,20,2,3,24,16,45,0,46,46,91
03/03/2020,FOE,KS,ACE,CE,Federal Contract Tower,1,0,11,18,30,0,0,5,0,5,1,0,16,18,35,2,98,100,135
03/04/2020,FOE,KS,ACE,CE,Federal Contract Tower,0,0,7,28,35,0,0,14,5,19,0,0,21,33,54,8,106,114,168
03/05/2020,FOE,KS,ACE,CE,Federal Contract Tower,1,2,3,20,26,0,0,4,11,15,1,2,7,31,41,0,36,36,77
03/06/2020,FOE,KS,ACE,CE,Federal Contract Tower,2,2,2,19,25,0,0,31,1,32,2,2,33,20,57,0,40,40,97
03/07/2020,FOE,KS,ACE,CE,Federal Contract Tower,0,1,3,1,5,0,0,4,6,10,0,1,7,7,15,0,0,0,15
03/08/2020,FOE,KS,ACE,CE,Federal Contract Tower,0,0,7,1,8,0,0,8,0,8,0,0,15,1,16,0,0,0,16
03/09/2020,FOE,KS,ACE,CE,Federal Contract Tower,0,1,8,11,20,0,0,0,0,0,0,1,8,11,20,0,0,0,20
03/10/2020,FOE,KS,ACE,CE,Federal Contract Tower,0,1,1,19,21,0,0,2,0,2,0,1,3,19,23,0,0,0,23
03/11/2020,FOE,KS,ACE,CE,Federal Contract Tower,0,0,11,10,21,0,0,2,11,13,0,0,13,21,34,0,36,36,70
03/12/2020,FOE,KS,ACE,CE,Federal Contract Tower,0,0,3,25,28,0,0,15,4,19,0,0,18,29,47,8,104,112,159
03/13/2020,FOE,KS,ACE,CE,Federal Contract Tower,0,2,6,11,19,0,0,2,0,2,0,2,8,11,21,4,54,58,79
03/14/2020,FOE,KS,ACE,CE,Federal Contract Tower,0,2,3,0,5,0,0,0,0,0,0,2,3,0,5,0,0,0,5
03/15/2020,FOE,KS,ACE,CE,Federal Contract Tower,0,0,3,1,4,0,0,0,0,0,0,0,3,1,4,0,0,0,4
03/16/2020,FOE,KS,ACE,CE,Federal Contract Tower,0,3,2,0,5,0,0,0,0,0,0,3,2,0,5,0,0,0,5
03/17/2020,FOE,KS,ACE,CE,Federal Contract Tower,0,0,5,10,15,0,0,0,2,2,0,0,5,12,17,0,4,4,21
03/18/2020,FOE,KS,ACE,CE,Federal Contract Tower,0,0,1,4,5,0,0,0,0,0,0,0,1,4,5,0,78,78,83
03/19/2020,FOE,KS,ACE,CE,Federal Contract Tower,0,0,3,7,10,0,0,0,10,10,0,0,3,17,20,0,14,14,34
03/20/2020,FOE,KS,ACE,CE,Federal Contract Tower,0,0,3,4,7,0,0,4,0,4,0,0,7,4,11,4,36,40,51
03/21/2020,FOE,KS,ACE,CE,Federal Contract Tower,0,0,3,0,3,0,0,8,0,8,0,0,11,0,11,2,0,2,13
03/22/2020,FOE,KS,ACE,CE,Federal Contract Tower,0,0,1,0,1,0,0,0,0,0,0,0,1,0,1,0,0,0,1
03/23/2020,FOE,KS,ACE,CE,Federal Contract Tower,0,0,2,2,4,0,0,0,0,0,0,0,2,2,4,0,0,0,4
03/24/2020,FOE,KS,ACE,CE,Federal Contract Tower,0,0,4,13,17,0,0,0,0,0,0,0,4,13,17,0,12,12,29
03/25/2020,FOE,KS,ACE,CE,Federal Contract Tower,0,0,0,7,7,0,0,0,0,0,0,0,0,7,7,0,10,10,17
03/26/2020,FOE,KS,ACE,CE,Federal Contract Tower,0,0,4,4,8,0,0,0,2,2,0,0,4,6,10,10,16,26,36
03/27/2020,FOE,KS,ACE,CE,Federal Contract Tower,0,0,3,4,7,0,0,0,0,0,0,0,3,4,7,0,0,0,7
03/28/2020,FOE,KS,ACE,CE,Federal Contract Tower,0,2,0,0,2,0,0,0,0,0,0,2,0,0,2,0,0,0,2
03/29/2020,FOE,KS,ACE,CE,Federal Contract Tower,0,0,0,0,0,0,2,24,0,26,0,2,24,0,26,12,0,12,38
03/30/2020,FOE,KS,ACE,CE,Federal Contract Tower,0,0,7,4,11,0,0,26,0,26,0,0,33,4,37,20,14,34,71
03/31/2020,FOE,KS,ACE,CE,Federal Contract Tower,0,0,6,19,25,0,0,24,7,31,0,0,30,26,56,0,42,42,98
04/02/2020,FOE,KS,ACE,CE,Federal Contract Tower,0,0,0,5,5,0,0,4,0,4,0,0,4,5,9,0,4,4,13
04/03/2020,FOE,KS,ACE,CE,Federal Contract Tower,0,0,0,0,0,0,0,0,0,0,0,0,0,0,0,0,0,0,0
04/04/2020,FOE,KS,ACE,CE,Federal Contract Tower,0,0,2,0,2,0,0,2,0,2,0,0,4,0,4,8,0,8,12
04/05/2020,FOE,KS,ACE,CE,Federal Contract Tower,0,0,0,0,0,0,0,3,0,3,0,0,3,0,3,0,0,0,3
04/06/2020,FOE,KS,ACE,CE,Federal Contract Tower,0,0,2,0,2,0,0,0,0,0,0,0,2,0,2,0,0,0,2
04/07/2020,FOE,KS,ACE,CE,Federal Contract Tower,0,0,3,4,7,0,0,8,3,11,0,0,11,7,18,32,50,82,100
04/08/2020,FOE,KS,ACE,CE,Federal Contract Tower,0,0,5,3,8,0,0,0,0,0,0,0,5,3,8,0,4,4,12
04/09/2020,FOE,KS,ACE,CE,Federal Contract Tower,0,0,0,18,18,0,0,4,0,4,0,0,4,18,22,0,0,0,22
04/10/2020,FOE,KS,ACE,CE,Federal Contract Tower,1,0,3,17,21,0,0,4,28,32,1,0,7,45,53,16,18,34,87
04/11/2020,FOE,KS,ACE,CE,Federal Contract Tower,0,2,0,0,2,0,0,0,0,0,0,2,0,0,2,2,0,2,4
04/12/2020,FOE,KS,ACE,CE,Federal Contract Tower,0,2,0,0,2,0,0,0,0,0,0,2,0,0,2,0,0,0,2
04/13/2020,FOE,KS,ACE,CE,Federal Contract Tower,0,0,0,29,29,0,0,4,1,5,0,0,4,30,34,10,4,14,48
04/14/2020,FOE,KS,ACE,CE,Federal Contract Tower,1,0,0,23,24,0,0,2,8,10,1,0,2,31,34,0,40,40,74
04/15/2020,FOE,KS,ACE,CE,Federal Contract Tower,0,0,1,7,8,0,0,12,17,29,0,0,13,24,37,0,0,0,37
04/16/2020,FOE,KS,ACE,CE,Federal Contract Tower,0,0,0,6,6,0,0,0,0,0,0,0,0,6,6,0,6,6,12
04/17/2020,FOE,KS,ACE,CE,Federal Contract Tower,0,0,1,6,7,0,4,1,8,13,0,4,2,14,20,0,16,16,36
04/18/2020,FOE,KS,ACE,CE,Federal Contract Tower,0,0,2,3,5,0,4,1,1,6,0,4,3,4,11,0,0,0,11
04/19/2020,FOE,KS,ACE,CE,Federal Contract Tower,0,0,1,0,1,0,0,6,15,21,0,0,7,15,22,30,0,30,52
04/20/2020,FOE,KS,ACE,CE,Federal Contract Tower,0,0,8,35,43,0,0,17,2,19,0,0,25,37,62,10,68,78,140
04/21/2020,FOE,KS,ACE,CE,Federal Contract Tower,0,0,3,17,20,0,0,28,2,30,0,0,31,19,50,13,73,86,136
04/22/2020,FOE,KS,ACE,CE,Federal Contract Tower,0,0,5,4,9,0,0,0,0,0,0,0,5,4,9,0,14,14,23
04/23/2020,FOE,KS,ACE,CE,Federal Contract Tower,0,0,0,30,30,0,0,18,0,18,0,0,18,30,48,0,18,18,66
04/24/2020,FOE,KS,ACE,CE,Federal Contract Tower,0,0,1,0,1,0,0,0,0,0,0,0,1,0,1,0,0,0,1
04/25/2020,FOE,KS,ACE,CE,Federal Contract Tower,0,0,0,0,0,0,0,12,0,12,0,0,12,0,12,4,0,4,16
04/26/2020,FOE,KS,ACE,CE,Federal Contract Tower,0,0,0,0,0,0,2,13,0,15,0,2,13,0,15,2,0,2,17
04/27/2020,FOE,KS,ACE,CE,Federal Contract Tower,0,0,2,14,16,0,0,2,10,12,0,0,4,24,28,0,40,40,68
04/28/2020,FOE,KS,ACE,CE,Federal Contract Tower,0,0,4,16,20,0,0,0,2,2,0,0,4,18,22,0,38,38,60
04/29/2020,FOE,KS,ACE,CE,Federal Contract Tower,0,0,3,14,17,0,0,3,19,22,0,0,6,33,39,0,0,0,39
04/30/2020,FOE,KS,ACE,CE,Federal Contract Tower,0,2,1,16,19,0,0,13,8,21,0,2,14,24,40,0,46,46,86
05/01/2020,FOE,KS,ACE,CE,Federal Contract Tower,0,1,2,4,7,0,0,2,7,9,0,1,4,11,16,0,64,64,80
05/02/2020,FOE,KS,ACE,CE,Federal Contract Tower,0,1,1,26,28,0,0,32,7,39,0,1,33,33,67,4,56,60,127
05/03/2020,FOE,KS,ACE,CE,Federal Contract Tower,0,0,1,1,2,0,0,7,4,11,0,0,8,5,13,8,0,8,21
05/04/2020,FOE,KS,ACE,CE,Federal Contract Tower,0,0,1,1,2,0,0,0,2,2,0,0,1,3,4,0,2,2,6
05/05/2020,FOE,KS,ACE,CE,Federal Contract Tower,0,0,2,27,29,0,0,9,2,11,0,0,11,29,40,0,3,3,43
05/06/2020,FOE,KS,ACE,CE,Federal Contract Tower,0,0,1,21,22,0,0,8,12,20,0,0,9,33,42,0,18,18,60
05/07/2020,FOE,KS,ACE,CE,Federal Contract Tower,0,0,1,14,15,0,0,6,0,6,0,0,7,14,21,0,74,74,95
05/08/2020,FOE,KS,ACE,CE,Federal Contract Tower,0,0,2,4,6,0,0,2,14,16,0,0,4,18,22,0,6,6,28
05/09/2020,FOE,KS,ACE,CE,Federal Contract Tower,0,0,0,3,3,0,0,32,0,32,0,0,32,3,35,6,0,6,41
05/10/2020,FOE,KS,ACE,CE,Federal Contract Tower,0,0,1,7,8,0,0,4,1,5,0,0,5,8,13,0,0,0,13
05/11/2020,FOE,KS,ACE,CE,Federal Contract Tower,0,0,2,16,18,0,0,19,6,25,0,0,21,22,43,0,20,20,63
05/12/2020,FOE,KS,ACE,CE,Federal Contract Tower,0,0,6,30,36,0,0,8,5,13,0,0,14,35,49,0,52,52,101
05/13/2020,FOE,KS,ACE,CE,Federal Contract Tower,0,0,1,6,7,0,0,0,0,0,0,0,1,6,7,0,0,0,7
05/14/2020,FOE,KS,ACE,CE,Federal Contract Tower,0,0,0,5,5,0,0,9,8,17,0,0,9,13,22,12,32,44,66
05/15/2020,FOE,KS,ACE,CE,Federal Contract Tower,0,0,3,4,7,0,0,4,0,4,0,0,7,4,11,0,0,0,11
05/16/2020,FOE,KS,ACE,CE,Federal Contract Tower,0,0,1,0,1,0,0,6,0,6,0,0,7,0,7,0,0,0,7
05/17/2020,FOE,KS,ACE,CE,Federal Contract Tower,0,0,4,9,13,0,2,2,0,4,0,2,6,9,17,0,14,14,31
05/18/2020,FOE,KS,ACE,CE,Federal Contract Tower,0,0,7,19,26,0,0,16,2,18,0,0,23,21,44,0,14,14,58
05/19/2020,FOE,KS,ACE,CE,Federal Contract Tower,0,2,4,24,30,0,0,14,6,20,0,2,18,30,50,0,33,33,83
05/20/2020,FOE,KS,ACE,CE,Federal Contract Tower,0,5,9,11,25,0,0,2,1,3,0,5,11,12,28,4,74,78,106
05/21/2020,FOE,KS,ACE,CE,Federal Contract Tower,0,1,8,11,20,0,2,2,8,12,0,3,10,19,32,0,22,22,54
05/22/2020,FOE,KS,ACE,CE,Federal Contract Tower,0,0,2,0,2,0,0,2,0,2,0,0,4,0,4,0,0,0,4
05/23/2020,FOE,KS,ACE,CE,Federal Contract Tower,0,0,0,0,0,0,0,7,0,7,0,0,7,0,7,0,0,0,7
05/24/2020,FOE,KS,ACE,CE,Federal Contract Tower,0,0,0,0,0,0,0,5,0,5,0,0,5,0,5,0,0,0,5
05/25/2020,FOE,KS,ACE,CE,Federal Contract Tower,0,0,2,2,4,0,0,0,0,0,0,0,2,2,4,0,0,0,4
05/26/2020,FOE,KS,ACE,CE,Federal Contract Tower,0,0,9,9,18,0,0,0,0,0,0,0,9,9,18,0,0,0,18
05/27/2020,FOE,KS,ACE,CE,Federal Contract Tower,0,2,2,40,44,0,0,6,0,6,0,2,8,40,50,0,62,62,112
05/28/2020,FOE,KS,ACE,CE,Federal Contract Tower,0,1,3,12,16,0,0,0,0,0,0,1,3,12,16,0,24,24,40
05/29/2020,FOE,KS,ACE,CE,Federal Contract Tower,0,0,5,4,9,0,0,6,6,12,0,0,11,10,21,6,4,10,31
05/30/2020,FOE,KS,ACE,CE,Federal Contract Tower,0,0,0,18,18,0,0,8,4,12,0,0,8,22,30,0,14,14,44
05/31/2020,FOE,KS,ACE,CE,Federal Contract Tower,0,0,5,0,5,0,0,15,0,15,0,0,20,0,20,4,0,4,24
06/01/2020,FOE,KS,ACE,CE,Federal Contract Tower,0,0,2,15,17,0,0,4,3,7,0,0,6,18,24,0,8,8,32
06/02/2020,FOE,KS,ACE,CE,Federal Contract Tower,0,0,6,11,17,0,0,17,21,38,0,0,23,32,55,14,40,54,109
06/03/2020,FOE,KS,ACE,CE,Federal Contract Tower,0,0,5,9,14,0,0,5,3,8,0,0,10,12,22,12,20,32,54
06/04/2020,FOE,KS,ACE,CE,Federal Contract Tower,0,0,4,14,18,0,0,8,6,14,0,0,12,20,32,2,42,44,76
06/05/2020,FOE,KS,ACE,CE,Federal Contract Tower,0,0,1,9,10,0,18,4,1,23,0,18,5,10,33,16,38,54,87
06/06/2020,FOE,KS,ACE,CE,Federal Contract Tower,0,0,0,8,8,0,0,10,0,10,0,0,10,8,18,0,20,20,38
06/07/2020,FOE,KS,ACE,CE,Federal Contract Tower,0,0,9,0,9,0,0,2,0,2,0,0,11,0,11,0,0,0,11
06/08/2020,FOE,KS,ACE,CE,Federal Contract Tower,0,0,2,28,30,0,0,8,14,22,0,0,10,42,52,2,80,82,134
06/09/2020,FOE,KS,ACE,CE,Federal Contract Tower,0,0,1,10,11,0,0,7,4,11,0,0,8,14,22,0,20,20,42
06/10/2020,FOE,KS,ACE,CE,Federal Contract Tower,0,1,4,27,32,0,0,4,17,21,0,1,8,44,53,0,60,60,113
06/11/2020,FOE,KS,ACE,CE,Federal Contract Tower,0,0,1,9,10,0,0,6,12,18,0,0,7,21,28,0,18,18,46
06/12/2020,FOE,KS,ACE,CE,Federal Contract Tower,0,0,5,7,12,0,4,4,15,23,0,4,9,22,35,0,30,30,65
06/13/2020,FOE,KS,ACE,CE,Federal Contract Tower,0,0,0,0,0,0,0,1,0,1,0,0,1,0,1,0,0,0,1
06/14/2020,FOE,KS,ACE,CE,Federal Contract Tower,0,0,7,0,7,0,0,3,0,3,0,0,10,0,10,14,0,14,24
06/15/2020,FOE,KS,ACE,CE,Federal Contract Tower,0,0,3,20,23,0,0,4,4,8,0,0,7,24,31,0,52,52,83
06/16/2020,FOE,KS,ACE,CE,Federal Contract Tower,0,0,2,27,29,0,0,9,19,28,0,0,11,46,57,10,50,60,117
06/17/2020,FOE,KS,ACE,CE,Federal Contract Tower,0,0,5,26,31,0,0,0,0,0,0,0,5,26,31,0,30,30,61
06/18/2020,FOE,KS,ACE,CE,Federal Contract Tower,0,0,3,16,19,0,0,0,0,0,0,0,3,16,19,0,30,30,49
06/19/2020,FOE,KS,ACE,CE,Federal Contract Tower,0,0,2,3,5,0,0,0,0,0,0,0,2,3,5,4,24,28,33
06/20/2020,FOE,KS,ACE,CE,Federal Contract Tower,0,0,3,1,4,0,0,2,0,2,0,0,5,1,6,4,0,4,10
06/21/2020,FOE,KS,ACE,CE,Federal Contract Tower,0,0,3,0,3,0,0,0,0,0,0,0,3,0,3,14,0,14,17
06/22/2020,FOE,KS,ACE,CE,Federal Contract Tower,0,0,12,34,46,0,0,0,0,0,0,0,12,34,46,0,20,20,66
06/23/2020,FOE,KS,ACE,CE,Federal Contract Tower,0,0,1,14,15,0,0,0,0,0,0,0,1,14,15,8,50,58,73
06/24/2020,FOE,KS,ACE,CE,Federal Contract Tower,0,0,8,31,39,0,0,2,0,2,0,0,10,31,41,0,92,92,133
06/25/2020,FOE,KS,ACE,CE,Federal Contract Tower,0,0,12,20,32,0,0,0,0,0,0,0,12,20,32,0,46,46,78
06/26/2020,FOE,KS,ACE,CE,Federal Contract Tower,0,0,2,23,25,0,0,4,0,4,0,0,6,23,29,0,52,52,81
06/27/2020,FOE,KS,ACE,CE,Federal Contract Tower,0,0,3,0,3,0,0,2,0,2,0,0,5,0,5,0,0,0,5
06/28/2020,FOE,KS,ACE,CE,Federal Contract Tower,0,0,2,0,2,0,0,2,0,2,0,0,4,0,4,0,0,0,4
06/29/2020,FOE,KS,ACE,CE,Federal Contract Tower,0,0,3,24,27,0,0,0,0,0,0,0,3,24,27,0,42,42,69
06/30/2020,FOE,KS,ACE,CE,Federal Contract Tower,0,0,7,26,33,0,0,0,0,0,0,0,7,26,33,0,22,22,55
07/01/2020,FOE,KS,ACE,CE,Federal Contract Tower,0,8,7,29,44,0,0,2,0,2,0,8,9,29,46,0,54,54,100
07/02/2020,FOE,KS,ACE,CE,Federal Contract Tower,0,3,7,10,20,0,0,0,0,0,0,3,7,10,20,0,16,16,36
07/03/2020,FOE,KS,ACE,CE,Federal Contract Tower,0,0,4,0,4,0,0,0,0,0,0,0,4,0,4,0,0,0,4
07/04/2020,FOE,KS,ACE,CE,Federal Contract Tower,0,0,1,2,3,0,0,8,0,8,0,0,9,2,11,0,0,0,11
07/05/2020,FOE,KS,ACE,CE,Federal Contract Tower,4,0,4,0,8,0,0,9,0,9,4,0,13,0,17,6,0,6,23
07/06/2020,FOE,KS,ACE,CE,Federal Contract Tower,0,0,9,8,17,0,2,9,1,12,0,2,18,9,29,0,10,10,39
07/07/2020,FOE,KS,ACE,CE,Federal Contract Tower,0,0,10,55,65,0,0,5,12,17,0,0,15,67,82,20,106,126,208
07/08/2020,FOE,KS,ACE,CE,Federal Contract Tower,0,0,11,17,28,0,0,2,0,2,0,0,13,17,30,0,48,48,78
07/09/2020,FOE,KS,ACE,CE,Federal Contract Tower,0,1,9,19,29,0,0,0,0,0,0,1,9,19,29,0,56,56,85
07/10/2020,FOE,KS,ACE,CE,Federal Contract Tower,0,0,5,8,13,0,0,0,0,0,0,0,5,8,13,44,44,88,101
07/11/2020,FOE,KS,ACE,CE,Federal Contract Tower,0,0,2,4,6,0,0,0,0,0,0,0,2,4,6,0,4,4,10
07/12/2020,FOE,KS,ACE,CE,Federal Contract Tower,0,0,3,4,7,0,0,0,0,0,0,0,3,4,7,10,48,58,65
07/13/2020,FOE,KS,ACE,CE,Federal Contract Tower,0,2,9,16,27,0,0,0,0,0,0,2,9,16,27,0,30,30,57
07/14/2020,FOE,KS,ACE,CE,Federal Contract Tower,0,0,4,6,10,0,0,0,0,0,0,0,4,6,10,6,30,36,46
07/15/2020,FOE,KS,ACE,CE,Federal Contract Tower,0,0,6,26,32,0,0,4,0,4,0,0,10,26,36,2,64,66,102
07/16/2020,FOE,KS,ACE,CE,Federal Contract Tower,0,0,3,16,19,0,0,4,0,4,0,0,7,16,23,0,40,40,63
07/17/2020,FOE,KS,ACE,CE,Federal Contract Tower,0,0,0,9,9,0,0,4,0,4,0,0,4,9,13,0,6,6,19
07/18/2020,FOE,KS,ACE,CE,Federal Contract Tower,0,0,11,2,13,0,0,1,0,1,0,0,12,2,14,2,60,62,76
07/19/2020,FOE,KS,ACE,CE,Federal Contract Tower,0,0,2,2,4,0,0,0,0,0,0,0,2,2,4,0,22,22,26
07/20/2020,FOE,KS,ACE,CE,Federal Contract Tower,0,2,5,6,13,0,0,0,0,0,0,2,5,6,13,0,20,20,33
07/21/2020,FOE,KS,ACE,CE,Federal Contract Tower,0,0,6,17,23,0,0,0,0,0,0,0,6,17,23,0,34,34,57
07/22/2020,FOE,KS,ACE,CE,Federal Contract Tower,0,0,13,37,50,0,0,6,6,12,0,0,19,43,62,0,86,86,148
07/23/2020,FOE,KS,ACE,CE,Federal Contract Tower,0,0,17,29,46,0,0,15,5,20,0,0,32,34,66,8,82,90,156
07/24/2020,FOE,KS,ACE,CE,Federal Contract Tower,0,0,12,7,19,0,0,6,11,17,0,0,18,18,36,6,0,6,42
07/25/2020,FOE,KS,ACE,CE,Federal Contract Tower,0,0,2,1,3,0,0,16,3,19,0,0,18,4,22,26,0,26,48
07/26/2020,FOE,KS,ACE,CE,Federal Contract Tower,0,0,12,0,12,0,0,3,0,3,0,0,15,0,15,0,0,0,15
07/27/2020,FOE,KS,ACE,CE,Federal Contract Tower,0,2,4,25,31,0,0,2,0,2,0,2,6,25,33,0,14,14,47
07/28/2020,FOE,KS,ACE,CE,Federal Contract Tower,0,0,1,29,30,0,0,2,0,2,0,0,3,29,32,0,24,24,56
07/30/2020,FOE,KS,ACE,CE,Federal Contract Tower,0,0,12,13,25,0,0,6,3,9,0,0,18,16,34,0,2,2,36
07/31/2020,FOE,KS,ACE,CE,Federal Contract Tower,0,2,5,33,40,0,0,4,0,4,0,2,9,33,44,0,180,180,224
08/01/2020,FOE,KS,ACE,CE,Federal Contract Tower,0,2,7,6,15,0,0,0,0,0,0,2,7,6,15,0,34,34,49
08/02/2020,FOE,KS,ACE,CE,Federal Contract Tower,0,2,6,8,16,0,0,2,0,2,0,2,8,8,18,0,42,42,60
08/03/2020,FOE,KS,ACE,CE,Federal Contract Tower,0,0,3,13,16,0,0,0,0,0,0,0,3,13,16,0,30,30,46
08/04/2020,FOE,KS,ACE,CE,Federal Contract Tower,0,0,1,20,21,0,2,6,8,16,0,2,7,28,37,0,54,54,91
08/05/2020,FOE,KS,ACE,CE,Federal Contract Tower,0,0,5,27,32,0,2,12,8,22,0,2,17,35,54,0,54,54,108
08/06/2020,FOE,KS,ACE,CE,Federal Contract Tower,0,0,2,19,21,0,0,3,11,14,0,0,5,30,35,0,10,10,45
08/07/2020,FOE,KS,ACE,CE,Federal Contract Tower,0,1,9,36,46,0,0,6,4,10,0,1,15,40,56,0,50,50,106
08/08/2020,FOE,KS,ACE,CE,Federal Contract Tower,0,0,3,10,13,0,0,4,0,4,0,0,7,10,17,18,8,26,43
08/09/2020,FOE,KS,ACE,CE,Federal Contract Tower,0,0,1,0,1,0,0,3,0,3,0,0,4,0,4,4,0,4,8
08/10/2020,FOE,KS,ACE,CE,Federal Contract Tower,0,0,6,20,26,0,0,36,9,45,0,0,42,29,71,0,0,0,71
08/11/2020,FOE,KS,ACE,CE,Federal Contract Tower,0,0,7,12,19,0,0,37,16,53,0,0,44,28,72,12,22,34,106
08/12/2020,FOE,KS,ACE,CE,Federal Contract Tower,0,0,0,2,2,0,0,2,1,3,0,0,2,3,5,0,0,0,5
08/13/2020,FOE,KS,ACE,CE,Federal Contract Tower,0,0,4,6,10,0,0,15,1,16,0,0,19,7,26,3,2,5,31
08/14/2020,FOE,KS,ACE,CE,Federal Contract Tower,0,1,16,7,24,0,0,48,14,62,0,1,64,21,86,0,17,17,103
08/15/2020,FOE,KS,ACE,CE,Federal Contract Tower,0,1,1,0,2,0,0,5,0,5,0,1,6,0,7,55,0,55,62
08/16/2020,FOE,KS,ACE,CE,Federal Contract Tower,0,0,3,6,9,0,0,11,0,11,0,0,14,6,20,0,0,0,20
08/17/2020,FOE,KS,ACE,CE,Federal Contract Tower,0,1,12,15,28,0,0,5,11,16,0,1,17,26,44,0,22,22,66
08/18/2020,FOE,KS,ACE,CE,Federal Contract Tower,0,0,8,11,19,0,0,23,12,35,0,0,31,23,54,8,0,8,62
08/19/2020,FOE,KS,ACE,CE,Federal Contract Tower,0,1,9,6,16,0,0,9,5,14,0,1,18,11,30,0,0,0,30
08/20/2020,FOE,KS,ACE,CE,Federal Contract Tower,0,3,11,11,25,0,0,25,5,30,0,3,36,16,55,12,23,35,90
08/21/2020,FOE,KS,ACE,CE,Federal Contract Tower,0,0,11,14,25,0,0,23,16,39,0,0,34,30,64,4,0,4,68
08/22/2020,FOE,KS,ACE,CE,Federal Contract Tower,0,4,2,0,6,0,0,26,1,27,0,4,28,1,33,4,0,4,37
08/23/2020,FOE,KS,ACE,CE,Federal Contract Tower,0,1,4,0,5,0,0,13,1,14,0,1,17,1,19,16,0,16,35
08/24/2020,FOE,KS,ACE,CE,Federal Contract Tower,0,0,1,18,19,0,0,11,6,17,0,0,12,24,36,0,22,22,58
08/25/2020,FOE,KS,ACE,CE,Federal Contract Tower,0,2,12,19,33,0,0,25,7,32,0,2,37,26,65,14,30,44,109
08/26/2020,FOE,KS,ACE,CE,Federal Contract Tower,0,2,8,14,24,0,0,10,14,24,0,2,18,28,48,0,0,0,48
08/27/2020,FOE,KS,ACE,CE,Federal Contract Tower,0,0,5,24,29,0,0,5,12,17,0,0,10,36,46,2,2,4,50
08/28/2020,FOE,KS,ACE,CE,Federal Contract Tower,0,3,4,12,19,0,0,1,14,15,0,3,5,26,34,16,18,34,68
08/29/2020,FOE,KS,ACE,CE,Federal Contract Tower,0,0,0,0,0,0,0,9,0,9,0,0,9,0,9,18,0,18,27
08/30/2020,FOE,KS,ACE,CE,Federal Contract Tower,0,0,9,1,10,0,0,8,0,8,0,0,17,1,18,6,0,6,24
08/31/2020,FOE,KS,ACE,CE,Federal Contract Tower,0,7,6,5,18,0,0,0,3,3,0,7,6,8,21,0,0,0,21
09/01/2020,FOE,KS,ACE,CE,Federal Contract Tower,0,2,5,6,13,0,0,2,0,2,0,2,7,6,15,0,0,0,15
09/02/2020,FOE,KS,ACE,CE,Federal Contract Tower,0,0,6,13,19,0,0,4,30,34,0,0,10,43,53,0,29,29,82
09/03/2020,FOE,KS,ACE,CE,Federal Contract Tower,0,2,9,13,24,0,0,19,0,19,0,2,28,13,43,0,32,32,75
09/04/2020,FOE,KS,ACE,CE,Federal Contract Tower,0,0,8,1,9,0,0,25,0,25,0,0,33,1,34,20,0,20,54
09/05/2020,FOE,KS,ACE,CE,Federal Contract Tower,0,0,5,2,7,0,0,45,2,47,0,0,50,4,54,6,0,6,60
09/06/2020,FOE,KS,ACE,CE,Federal Contract Tower,0,0,0,0,0,0,0,0,0,0,0,0,0,0,0,0,0,0,0
09/07/2020,FOE,KS,ACE,CE,Federal Contract Tower,0,0,6,0,6,0,0,5,0,5,0,0,11,0,11,0,0,0,11
09/08/2020,FOE,KS,ACE,CE,Federal Contract Tower,0,0,11,1,12,0,0,0,0,0,0,0,11,1,12,0,0,0,12
09/09/2020,FOE,KS,ACE,CE,Federal Contract Tower,0,1,8,25,34,0,0,0,0,0,0,1,8,25,34,0,0,0,34
09/10/2020,FOE,KS,ACE,CE,Federal Contract Tower,0,0,14,12,26,0,0,0,0,0,0,0,14,12,26,0,0,0,26
09/11/2020,FOE,KS,ACE,CE,Federal Contract Tower,4,3,2,6,15,0,0,0,2,2,4,3,2,8,17,0,40,40,57
09/12/2020,FOE,KS,ACE,CE,Federal Contract Tower,0,0,4,0,4,0,0,15,0,15,0,0,19,0,19,6,0,6,25
09/13/2020,FOE,KS,ACE,CE,Federal Contract Tower,0,0,3,5,8,0,0,2,0,2,0,0,5,5,10,0,0,0,10
09/14/2020,FOE,KS,ACE,CE,Federal Contract Tower,0,0,6,16,22,0,0,17,0,17,0,0,23,16,39,38,28,66,105
09/15/2020,FOE,KS,ACE,CE,Federal Contract Tower,0,0,12,38,50,0,0,14,20,34,0,0,26,58,84,6,27,33,117
09/16/2020,FOE,KS,ACE,CE,Federal Contract Tower,0,0,7,15,22,0,0,24,33,57,0,0,31,48,79,0,0,0,79
09/17/2020,FOE,KS,ACE,CE,Federal Contract Tower,0,0,3,12,15,0,0,8,9,17,0,0,11,21,32,0,0,0,32
09/18/2020,FOE,KS,ACE,CE,Federal Contract Tower,0,3,12,9,24,0,0,18,2,20,0,3,30,11,44,8,32,40,84
09/19/2020,FOE,KS,ACE,CE,Federal Contract Tower,0,0,4,2,6,0,0,13,5,18,0,0,17,7,24,12,14,26,50
09/20/2020,FOE,KS,ACE,CE,Federal Contract Tower,0,1,14,5,20,0,0,8,0,8,0,1,22,5,28,20,0,20,48
09/21/2020,FOE,KS,ACE,CE,Federal Contract Tower,0,0,10,27,37,0,0,20,1,21,0,0,30,28,58,14,85,99,157
09/22/2020,FOE,KS,ACE,CE,Federal Contract Tower,0,0,15,17,32,0,4,96,3,103,0,4,111,20,135,8,8,16,151
09/23/2020,FOE,KS,ACE,CE,Federal Contract Tower,0,0,9,19,28,0,0,70,6,76,0,0,79,25,104,0,2,2,106
09/24/2020,FOE,KS,ACE,CE,Federal Contract Tower,0,0,10,6,16,0,0,7,7,14,0,0,17,13,30,0,23,23,53
09/25/2020,FOE,KS,ACE,CE,Federal Contract Tower,7,4,9,19,39,0,2,14,10,26,7,6,23,29,65,2,14,16,81
09/26/2020,FOE,KS,ACE,CE,Federal Contract Tower,0,0,11,2,13,0,0,4,4,8,0,0,15,6,21,0,10,10,31
09/27/2020,FOE,KS,ACE,CE,Federal Contract Tower,0,0,10,0,10,0,0,0,0,0,0,0,10,0,10,0,0,0,10
09/28/2020,FOE,KS,ACE,CE,Federal Contract Tower,0,0,2,17,19,0,0,9,4,13,0,0,11,21,32,14,66,80,112
09/29/2020,FOE,KS,ACE,CE,Federal Contract Tower,0,2,15,24,41,0,0,19,6,25,0,2,34,30,66,2,22,24,90
09/30/2020,FOE,KS,ACE,CE,Federal Contract Tower,0,1,15,9,25,2,0,0,0,2,2,1,15,9,27,0,4,4,31
10/01/2020,FOE,KS,ACE,CE,Federal Contract Tower,0,1,7,11,19,0,0,9,6,15,0,1,16,17,34,0,29,29,63
10/02/2020,FOE,KS,ACE,CE,Federal Contract Tower,0,0,1,11,12,0,1,10,0,11,0,1,11,11,23,0,80,80,103
10/03/2020,FOE,KS,ACE,CE,Federal Contract Tower,0,0,0,0,0,0,0,4,0,4,0,0,4,0,4,0,0,0,4
10/04/2020,FOE,KS,ACE,CE,Federal Contract Tower,0,0,4,4,8,0,0,15,1,16,0,0,19,5,24,6,0,6,30
10/05/2020,FOE,KS,ACE,CE,Federal Contract Tower,0,0,2,11,13,0,0,6,5,11,0,0,8,16,24,0,24,24,48
10/06/2020,FOE,KS,ACE,CE,Federal Contract Tower,0,2,6,13,21,0,0,26,24,50,0,2,32,37,71,0,10,10,81
10/07/2020,FOE,KS,ACE,CE,Federal Contract Tower,0,1,9,14,24,0,0,24,12,36,0,1,33,26,60,0,0,0,60
10/08/2020,FOE,KS,ACE,CE,Federal Contract Tower,0,0,10,23,33,0,0,24,10,34,0,0,34,33,67,0,43,43,110
10/09/2020,FOE,KS,ACE,CE,Federal Contract Tower,2,0,4,2,8,0,2,34,4,40,2,2,38,6,48,10,0,10,58
10/10/2020,FOE,KS,ACE,CE,Federal Contract Tower,0,1,3,3,7,0,0,22,0,22,0,1,25,3,29,6,0,6,35
10/11/2020,FOE,KS,ACE,CE,Federal Contract Tower,0,0,1,1,2,0,4,6,0,10,0,4,7,1,12,0,0,0,12
10/12/2020,FOE,KS,ACE,CE,Federal Contract Tower,0,2,10,0,12,0,0,9,2,11,0,2,19,2,23,24,0,24,47
10/13/2020,FOE,KS,ACE,CE,Federal Contract Tower,0,2,6,19,27,0,0,21,27,48,0,2,27,46,75,36,122,158,233
10/14/2020,FOE,KS,ACE,CE,Federal Contract Tower,0,0,11,15,26,0,0,4,44,48,0,0,15,59,74,8,88,96,170
10/15/2020,FOE,KS,ACE,CE,Federal Contract Tower,0,0,5,12,17,0,0,22,40,62,0,0,27,52,79,36,112,148,227
10/16/2020,FOE,KS,ACE,CE,Federal Contract Tower,2,0,6,23,31,0,0,29,10,39,2,0,35,33,70,30,142,172,242
10/17/2020,FOE,KS,ACE,CE,Federal Contract Tower,2,0,3,2,7,0,0,0,6,6,2,0,3,8,13,0,0,0,13
10/18/2020,FOE,KS,ACE,CE,Federal Contract Tower,0,2,1,1,4,0,0,5,0,5,0,2,6,1,9,0,0,0,9
10/19/2020,FOE,KS,ACE,CE,Federal Contract Tower,0,3,7,8,18,0,0,6,0,6,0,3,13,8,24,0,22,22,46
10/20/2020,FOE,KS,ACE,CE,Federal Contract Tower,0,6,10,14,30,0,0,0,0,0,0,6,10,14,30,0,14,14,44
10/21/2020,FOE,KS,ACE,CE,Federal Contract Tower,0,0,4,22,26,0,0,0,2,2,0,0,4,24,28,0,0,0,28
10/22/2020,FOE,KS,ACE,CE,Federal Contract Tower,0,0,1,6,7,0,0,7,0,7,0,0,8,6,14,0,0,0,14
10/23/2020,FOE,KS,ACE,CE,Federal Contract Tower,0,4,5,12,21,0,0,0,0,0,0,4,5,12,21,2,0,2,23
10/24/2020,FOE,KS,ACE,CE,Federal Contract Tower,0,2,3,2,7,0,0,29,0,29,0,2,32,2,36,4,0,4,40
10/25/2020,FOE,KS,ACE,CE,Federal Contract Tower,0,0,1,3,4,0,0,0,0,0,0,0,1,3,4,6,0,6,10
10/26/2020,FOE,KS,ACE,CE,Federal Contract Tower,0,0,2,0,2,0,0,0,0,0,0,0,2,0,2,0,0,0,2
10/27/2020,FOE,KS,ACE,CE,Federal Contract Tower,0,0,9,1,10,0,0,22,0,22,0,0,31,1,32,0,0,0,32
10/28/2020,FOE,KS,ACE,CE,Federal Contract Tower,0,0,0,15,15,0,0,37,0,37,0,0,37,15,52,0,11,11,63
10/29/2020,FOE,KS,ACE,CE,Federal Contract Tower,0,0,8,15,23,0,0,42,0,42,0,0,50,15,65,12,9,21,86
10/30/2020,FOE,KS,ACE,CE,Federal Contract Tower,0,1,6,2,9,0,0,8,10,18,0,1,14,12,27,50,38,88,115
10/31/2020,FOE,KS,ACE,CE,Federal Contract Tower,0,0,6,1,7,0,0,1,0,1,0,0,7,1,8,0,12,12,20
11/01/2020,FOE,KS,ACE,CE,Federal Contract Tower,0,0,0,0,0,0,0,22,0,22,0,0,22,0,22,0,16,16,38
11/02/2020,FOE,KS,ACE,CE,Federal Contract Tower,0,1,1,16,18,0,0,9,3,12,0,1,10,19,30,20,58,78,108
11/07/2020,FOE,KS,ACE,CE,Federal Contract Tower,0,0,6,1,7,0,0,7,0,7,0,0,13,1,14,0,36,36,50
11/16/2020,FOE,KS,ACE,CE,Federal Contract Tower,0,0,3,21,24,0,0,19,1,20,0,0,22,22,44,14,92,106,150
11/17/2020,FOE,KS,ACE,CE,Federal Contract Tower,0,1,3,20,24,0,0,22,17,39,0,1,25,37,63,16,40,56,119
11/18/2020,FOE,KS,ACE,CE,Federal Contract Tower,0,0,8,1,9,0,0,10,6,16,0,0,18,7,25,0,0,0,25
11/19/2020,FOE,KS,ACE,CE,Federal Contract Tower,0,0,13,14,27,0,0,0,2,2,0,0,13,16,29,0,0,0,29
11/20/2020,FOE,KS,ACE,CE,Federal Contract Tower,0,0,4,23,27,0,0,1,5,6,0,0,5,28,33,26,132,158,191
11/21/2020,FOE,KS,ACE,CE,Federal Contract Tower,0,0,3,0,3,0,0,5,3,8,0,0,8,3,11,0,0,0,11
11/22/2020,FOE,KS,ACE,CE,Federal Contract Tower,0,0,7,0,7,0,0,4,0,4,0,0,11,0,11,4,0,4,15
11/23/2020,FOE,KS,ACE,CE,Federal Contract Tower,0,2,6,11,19,0,0,0,8,8,0,2,6,19,27,0,38,38,65
11/24/2020,FOE,KS,ACE,CE,Federal Contract Tower,2,0,9,24,35,0,0,21,8,29,2,0,30,32,64,0,12,12,76
11/25/2020,FOE,KS,ACE,CE,Federal Contract Tower,0,0,7,7,14,0,0,0,6,6,0,0,7,13,20,0,0,0,20
11/26/2020,FOE,KS,ACE,CE,Federal Contract Tower,0,0,4,0,4,0,0,0,0,0,0,0,4,0,4,0,0,0,4
11/27/2020,FOE,KS,ACE,CE,Federal Contract Tower,1,1,3,0,5,0,0,3,0,3,1,1,6,0,8,0,0,0,8
11/28/2020,FOE,KS,ACE,CE,Federal Contract Tower,0,4,3,0,7,0,0,8,3,11,0,4,11,3,18,4,0,4,22
11/29/2020,FOE,KS,ACE,CE,Federal Contract Tower,0,1,3,0,4,0,0,1,0,1,0,1,4,0,5,2,0,2,7
11/30/2020,FOE,KS,ACE,CE,Federal Contract Tower,0,0,1,9,10,0,0,11,0,11,0,0,12,9,21,0,58,58,79
12/01/2020,FOE,KS,ACE,CE,Federal Contract Tower,0,3,9,28,40,0,0,22,23,45,0,3,31,51,85,4,72,76,161
12/02/2020,FOE,KS,ACE,CE,Federal Contract Tower,0,1,12,6,19,0,0,18,13,31,0,1,30,19,50,12,50,62,112
12/03/2020,FOE,KS,ACE,CE,Federal Contract Tower,0,0,4,12,16,0,0,31,34,65,0,0,35,46,81,0,33,33,114
12/04/2020,FOE,KS,ACE,CE,Federal Contract Tower,2,0,15,22,39,0,1,43,20,64,2,1,58,42,103,85,131,216,319
12/05/2020,FOE,KS,ACE,CE,Federal Contract Tower,2,0,1,0,3,0,0,15,0,15,2,0,16,0,18,8,0,8,26
12/06/2020,FOE,KS,ACE,CE,Federal Contract Tower,0,0,0,3,3,0,0,17,0,17,0,0,17,3,20,31,4,35,55
12/07/2020,FOE,KS,ACE,CE,Federal Contract Tower,0,0,8,28,36,0,0,17,2,19,0,0,25,30,55,0,80,80,135
12/08/2020,FOE,KS,ACE,CE,Federal Contract Tower,0,2,15,23,40,0,0,32,33,65,0,2,47,56,105,2,50,52,157
12/09/2020,FOE,KS,ACE,CE,Federal Contract Tower,0,0,11,9,20,0,0,15,15,30,0,0,26,24,50,0,48,48,98
12/10/2020,FOE,KS,ACE,CE,Federal Contract Tower,0,0,11,10,21,0,0,23,18,41,0,0,34,28,62,0,44,44,106
12/11/2020,FOE,KS,ACE,CE,Federal Contract Tower,0,0,1,12,13,0,0,0,1,1,0,0,1,13,14,0,22,22,36
12/12/2020,FOE,KS,ACE,CE,Federal Contract Tower,0,0,0,2,2,0,0,1,0,1,0,0,1,2,3,8,0,8,11
12/13/2020,FOE,KS,ACE,CE,Federal Contract Tower,0,0,0,0,0,0,0,7,0,7,0,0,7,0,7,0,0,0,7
12/14/2020,FOE,KS,ACE,CE,Federal Contract Tower,0,1,7,4,12,0,0,4,2,6,0,1,11,6,18,14,20,34,52
12/15/2020,FOE,KS,ACE,CE,Federal Contract Tower,0,0,8,19,27,0,0,7,20,27,0,0,15,39,54,0,48,48,102
12/16/2020,FOE,KS,ACE,CE,Federal Contract Tower,2,0,12,9,23,0,0,0,0,0,2,0,12,9,23,0,40,40,63
12/17/2020,FOE,KS,ACE,CE,Federal Contract Tower,0,1,13,10,24,0,0,3,0,3,0,1,16,10,27,4,12,16,43
12/18/2020,FOE,KS,ACE,CE,Federal Contract Tower,0,1,0,6,7,0,0,0,4,4,0,1,0,10,11,0,0,0,11
12/19/2020,FOE,KS,ACE,CE,Federal Contract Tower,0,0,8,4,12,0,0,6,0,6,0,0,14,4,18,0,70,70,88
12/20/2020,FOE,KS,ACE,CE,Federal Contract Tower,0,1,2,0,3,0,2,15,0,17,0,3,17,0,20,24,0,24,44
12/21/2020,FOE,KS,ACE,CE,Federal Contract Tower,2,2,7,17,28,0,0,10,6,16,2,2,17,23,44,0,68,68,112
12/22/2020,FOE,KS,ACE,CE,Federal Contract Tower,2,0,8,16,26,0,0,8,6,14,2,0,16,22,40,0,10,10,50
12/23/2020,FOE,KS,ACE,CE,Federal Contract Tower,0,0,10,3,13,0,0,0,0,0,0,0,10,3,13,0,0,0,13
12/24/2020,FOE,KS,ACE,CE,Federal Contract Tower,0,0,2,0,2,0,0,6,0,6,0,0,8,0,8,4,0,4,12
12/25/2020,FOE,KS,ACE,CE,Federal Contract Tower,0,0,2,0,2,0,0,21,0,21,0,0,23,0,23,0,0,0,23
12/26/2020,FOE,KS,ACE,CE,Federal Contract Tower,0,0,3,0,3,0,0,7,0,7,0,0,10,0,10,0,0,0,10
12/27/2020,FOE,KS,ACE,CE,Federal Contract Tower,0,0,6,0,6,0,0,7,0,7,0,0,13,0,13,0,0,0,13
12/28/2020,FOE,KS,ACE,CE,Federal Contract Tower,0,0,7,7,14,0,0,17,2,19,0,0,24,9,33,12,24,36,69
12/29/2020,FOE,KS,ACE,CE,Federal Contract Tower,0,0,0,0,0,0,0,0,0,0,0,0,0,0,0,0,0,0,0
12/30/2020,FOE,KS,ACE,CE,Federal Contract Tower,0,0,0,9,9,0,0,3,5,8,0,0,3,14,17,0,36,36,53
12/31/2020,FOE,KS,ACE,CE,Federal Contract Tower,0,0,4,0,4,0,0,3,0,3,0,0,7,0,7,0,0,0,7
01/01/2021,FOE,KS,ACE,CE,Federal Contract Tower,0,1,2,0,3,0,0,0,0,0,0,1,2,0,3,0,0,0,3
01/02/2021,FOE,KS,ACE,CE,Federal Contract Tower,0,1,3,0,4,0,0,1,0,1,0,1,4,0,5,0,0,0,5
01/03/2021,FOE,KS,ACE,CE,Federal Contract Tower,0,0,9,0,9,0,0,2,0,2,0,0,11,0,11,0,0,0,11
01/04/2021,FOE,KS,ACE,CE,Federal Contract Tower,2,0,2,10,14,0,0,16,0,16,2,0,18,10,30,12,40,52,82
01/05/2021,FOE,KS,ACE,CE,Federal Contract Tower,0,1,1,19,21,0,0,8,17,25,0,1,9,36,46,0,40,40,86
01/06/2021,FOE,KS,ACE,CE,Federal Contract Tower,0,1,10,1,12,0,0,15,0,15,0,1,25,1,27,0,12,12,39
01/07/2021,FOE,KS,ACE,CE,Federal Contract Tower,0,1,0,14,15,0,0,8,0,8,0,1,8,14,23,0,22,22,45
01/08/2021,FOE,KS,ACE,CE,Federal Contract Tower,0,1,5,13,19,0,3,20,17,40,0,4,25,30,59,18,148,166,225
01/09/2021,FOE,KS,ACE,CE,Federal Contract Tower,0,0,2,9,11,0,0,0,8,8,0,0,2,17,19,0,16,16,35
01/10/2021,FOE,KS,ACE,CE,Federal Contract Tower,0,0,3,11,14,0,0,12,3,15,0,0,15,14,29,10,18,28,57
01/11/2021,FOE,KS,ACE,CE,Federal Contract Tower,0,1,12,10,23,0,0,19,14,33,0,1,31,24,56,10,48,58,114
01/12/2021,FOE,KS,ACE,CE,Federal Contract Tower,0,0,6,27,33,0,0,18,30,48,0,0,24,57,81,0,42,42,123
01/13/2021,FOE,KS,ACE,CE,Federal Contract Tower,0,0,5,13,18,0,0,15,0,15,0,0,20,13,33,0,46,46,79
01/14/2021,FOE,KS,ACE,CE,Federal Contract Tower,0,0,17,0,17,0,0,4,0,4,0,0,21,0,21,0,0,0,21
01/15/2021,FOE,KS,ACE,CE,Federal Contract Tower,0,0,4,0,4,0,0,0,0,0,0,0,4,0,4,0,0,0,4
01/16/2021,FOE,KS,ACE,CE,Federal Contract Tower,1,2,2,0,5,0,0,2,2,4,1,2,4,2,9,4,12,16,25
01/17/2021,FOE,KS,ACE,CE,Federal Contract Tower,1,0,0,13,14,0,0,0,0,0,1,0,0,13,14,0,0,0,14
01/21/2021,FOE,KS,ACE,CE,Federal Contract Tower,0,2,3,13,18,0,0,6,0,6,0,2,9,13,24,52,144,196,220
01/22/2021,FOE,KS,ACE,CE,Federal Contract Tower,0,0,7,7,14,0,0,10,8,18,0,0,17,15,32,4,82,86,118
01/23/2021,FOE,KS,ACE,CE,Federal Contract Tower,0,0,3,0,3,0,0,13,0,13,0,0,16,0,16,4,0,4,20
01/24/2021,FOE,KS,ACE,CE,Federal Contract Tower,0,2,3,1,6,0,0,0,0,0,0,2,3,1,6,0,0,0,6
01/25/2021,FOE,KS,ACE,CE,Federal Contract Tower,0,0,5,0,5,0,0,0,0,0,0,0,5,0,5,0,0,0,5
01/26/2021,FOE,KS,ACE,CE,Federal Contract Tower,0,0,10,4,14,0,0,0,2,2,0,0,10,6,16,0,8,8,24
01/27/2021,FOE,KS,ACE,CE,Federal Contract Tower,2,0,4,4,10,0,0,4,0,4,2,0,8,4,14,0,0,0,14
01/28/2021,FOE,KS,ACE,CE,Federal Contract Tower,0,0,7,8,15,0,0,0,0,0,0,0,7,8,15,0,26,26,41
01/29/2021,FOE,KS,ACE,CE,Federal Contract Tower,2,0,6,9,17,0,0,14,1,15,2,0,20,10,32,2,82,84,116
01/30/2021,FOE,KS,ACE,CE,Federal Contract Tower,0,0,0,0,0,0,0,0,0,0,0,0,0,0,0,0,0,0,0
01/31/2021,FOE,KS,ACE,CE,Federal Contract Tower,1,0,7,0,8,0,0,1,0,1,1,0,8,0,9,0,0,0,9
02/01/2021,FOE,KS,ACE,CE,Federal Contract Tower,0,2,10,3,15,0,0,5,2,7,0,2,15,5,22,4,28,32,54
02/02/2021,FOE,KS,ACE,CE,Federal Contract Tower,0,0,7,9,16,0,0,14,0,14,0,0,21,9,30,8,12,20,50
02/04/2021,FOE,KS,ACE,CE,Federal Contract Tower,0,0,11,0,11,0,0,0,0,0,0,0,11,0,11,0,0,0,11
02/05/2021,FOE,KS,ACE,CE,Federal Contract Tower,2,0,14,30,46,0,0,13,16,29,2,0,27,46,75,24,142,166,241
02/06/2021,FOE,KS,ACE,CE,Federal Contract Tower,2,0,0,0,2,0,0,0,0,0,2,0,0,0,2,0,0,0,2
02/07/2021,FOE,KS,ACE,CE,Federal Contract Tower,0,0,3,0,3,0,0,0,0,0,0,0,3,0,3,0,0,0,3
02/08/2021,FOE,KS,ACE,CE,Federal Contract Tower,0,0,4,1,5,0,0,0,0,0,0,0,4,1,5,0,0,0,5
02/09/2021,FOE,KS,ACE,CE,Federal Contract Tower,0,4,3,2,9,0,0,6,3,9,0,4,9,5,18,0,14,14,32
02/10/2021,FOE,KS,ACE,CE,Federal Contract Tower,0,0,7,3,10,0,0,0,0,0,0,0,7,3,10,0,12,12,22
02/12/2021,FOE,KS,ACE,CE,Federal Contract Tower,0,0,7,3,10,0,0,2,0,2,0,0,9,3,12,0,0,0,12
02/13/2021,FOE,KS,ACE,CE,Federal Contract Tower,0,0,4,0,4,0,0,0,0,0,0,0,4,0,4,0,0,0,4
02/14/2021,FOE,KS,ACE,CE,Federal Contract Tower,0,0,0,0,0,0,0,0,0,0,0,0,0,0,0,0,0,0,0
02/15/2021,FOE,KS,ACE,CE,Federal Contract Tower,0,0,4,0,4,0,0,0,0,0,0,0,4,0,4,0,0,0,4
02/16/2021,FOE,KS,ACE,CE,Federal Contract Tower,0,0,3,3,6,0,0,6,2,8,0,0,9,5,14,0,10,10,24
02/17/2021,FOE,KS,ACE,CE,Federal Contract Tower,1,0,2,0,3,0,0,6,0,6,1,0,8,0,9,0,0,0,9
02/18/2021,FOE,KS,ACE,CE,Federal Contract Tower,0,0,6,4,10,0,0,0,0,0,0,0,6,4,10,0,10,10,20
02/19/2021,FOE,KS,ACE,CE,Federal Contract Tower,2,0,6,17,25,0,0,5,17,22,2,0,11,34,47,0,36,36,83
02/20/2021,FOE,KS,ACE,CE,Federal Contract Tower,2,0,2,0,4,0,0,2,0,2,2,0,4,0,6,4,0,4,10
02/21/2021,FOE,KS,ACE,CE,Federal Contract Tower,3,0,0,1,4,0,0,0,0,0,3,0,0,1,4,0,0,0,4
02/22/2021,FOE,KS,ACE,CE,Federal Contract Tower,1,0,9,21,31,0,0,35,4,39,1,0,44,25,70,6,54,60,130
02/23/2021,FOE,KS,ACE,CE,Federal Contract Tower,0,0,5,23,28,0,0,20,41,61,0,0,25,64,89,9,96,105,194
02/24/2021,FOE,KS,ACE,CE,Federal Contract Tower,0,0,9,11,20,0,0,11,0,11,0,0,20,11,31,24,62,86,117
02/25/2021,FOE,KS,ACE,CE,Federal Contract Tower,0,0,7,14,21,0,0,0,0,0,0,0,7,14,21,16,76,92,113
02/26/2021,FOE,KS,ACE,CE,Federal Contract Tower,2,0,11,14,27,0,0,2,0,2,2,0,13,14,29,12,34,46,75
02/27/2021,FOE,KS,ACE,CE,Federal Contract Tower,0,1,1,2,4,0,0,1,0,1,0,1,2,2,5,2,0,2,7
02/28/2021,FOE,KS,ACE,CE,Federal Contract Tower,0,2,6,1,9,0,0,6,0,6,0,2,12,1,15,0,0,0,15
03/01/2021,FOE,KS,ACE,CE,Federal Contract Tower,0,1,11,13,25,0,0,4,7,11,0,1,15,20,36,0,74,74,110
03/02/2021,FOE,KS,ACE,CE,Federal Contract Tower,0,0,10,8,18,0,0,8,0,8,0,0,18,8,26,31,71,102,128
03/03/2021,FOE,KS,ACE,CE,Federal Contract Tower,1,0,14,19,34,0,0,10,0,10,1,0,24,19,44,24,110,134,178
03/04/2021,FOE,KS,ACE,CE,Federal Contract Tower,0,0,14,17,31,0,0,6,0,6,0,0,20,17,37,40,199,239,276
03/05/2021,FOE,KS,ACE,CE,Federal Contract Tower,1,2,4,7,14,0,0,3,9,12,1,2,7,16,26,0,64,64,90
03/06/2021,FOE,KS,ACE,CE,Federal Contract Tower,5,0,0,4,9,0,0,11,0,11,5,0,11,4,20,18,24,42,62
03/07/2021,FOE,KS,ACE,CE,Federal Contract Tower,2,0,3,0,5,0,0,17,2,19,2,0,20,2,24,12,0,12,36
03/08/2021,FOE,KS,ACE,CE,Federal Contract Tower,0,0,10,14,24,0,0,25,2,27,0,0,35,16,51,28,4,32,83
03/09/2021,FOE,KS,ACE,CE,Federal Contract Tower,0,1,7,7,15,0,0,46,3,49,0,1,53,10,64,0,43,43,107
03/10/2021,FOE,KS,ACE,CE,Federal Contract Tower,0,0,7,8,15,0,0,4,0,4,0,0,11,8,19,0,2,2,21
03/11/2021,FOE,KS,ACE,CE,Federal Contract Tower,0,0,7,8,15,0,0,10,0,10,0,0,17,8,25,30,114,144,169
03/12/2021,FOE,KS,ACE,CE,Federal Contract Tower,0,0,2,0,2,0,0,0,0,0,0,0,2,0,2,0,0,0,2
03/13/2021,FOE,KS,ACE,CE,Federal Contract Tower,0,0,3,2,5,0,0,0,0,0,0,0,3,2,5,0,0,0,5
03/14/2021,FOE,KS,ACE,CE,Federal Contract Tower,0,3,1,2,6,0,0,0,0,0,0,3,1,2,6,0,0,0,6
03/15/2021,FOE,KS,ACE,CE,Federal Contract Tower,0,0,2,23,25,0,0,3,4,7,0,0,5,27,32,2,12,14,46
03/16/2021,FOE,KS,ACE,CE,Federal Contract Tower,0,1,7,29,37,0,0,0,0,0,0,1,7,29,37,0,26,26,63
03/17/2021,FOE,KS,ACE,CE,Federal Contract Tower,0,0,2,7,9,0,0,0,0,0,0,0,2,7,9,0,30,30,39
03/19/2021,FOE,KS,ACE,CE,Federal Contract Tower,0,1,4,19,24,0,0,17,15,32,0,1,21,34,56,6,156,162,218
03/20/2021,FOE,KS,ACE,CE,Federal Contract Tower,0,0,3,9,12,0,0,11,3,14,0,0,14,12,26,2,20,22,48
03/21/2021,FOE,KS,ACE,CE,Federal Contract Tower,0,0,4,0,4,0,0,1,0,1,0,0,5,0,5,0,0,0,5
03/22/2021,FOE,KS,ACE,CE,Federal Contract Tower,0,0,7,9,16,0,0,6,2,8,0,0,13,11,24,0,84,84,108
03/23/2021,FOE,KS,ACE,CE,Federal Contract Tower,4,0,7,15,26,0,0,2,6,8,4,0,9,21,34,0,0,0,34
03/26/2021,FOE,KS,ACE,CE,Federal Contract Tower,0,0,6,10,16,0,0,1,2,3,0,0,7,12,19,0,0,0,19
03/27/2021,FOE,KS,ACE,CE,Federal Contract Tower,3,2,14,13,32,0,0,10,4,14,3,2,24,17,46,0,0,0,46
03/28/2021,FOE,KS,ACE,CE,Federal Contract Tower,0,1,5,2,8,0,0,9,1,10,0,1,14,3,18,0,0,0,18
03/29/2021,FOE,KS,ACE,CE,Federal Contract Tower,0,0,4,0,4,0,0,0,0,0,0,0,4,0,4,0,0,0,4
03/30/2021,FOE,KS,ACE,CE,Federal Contract Tower,0,0,7,7,14,0,0,2,2,4,0,0,9,9,18,24,40,64,82
03/31/2021,FOE,KS,ACE,CE,Federal Contract Tower,0,1,37,31,69,0,0,12,0,12,0,1,49,31,81,8,130,138,219
04/05/2021,FOE,KS,ACE,CE,Federal Contract Tower,0,0,10,5,15,0,0,2,3,5,0,0,12,8,20,32,0,32,52
04/06/2021,FOE,KS,ACE,CE,Federal Contract Tower,0,0,8,6,14,0,0,12,0,12,0,0,20,6,26,18,0,18,44
04/07/2021,FOE,KS,ACE,CE,Federal Contract Tower,0,0,15,5,20,0,0,14,0,14,0,0,29,5,34,0,0,0,34
04/08/2021,FOE,KS,ACE,CE,Federal Contract Tower,0,0,6,14,20,0,0,44,34,78,0,0,50,48,98,0,10,10,108
04/10/2021,FOE,KS,ACE,CE,Federal Contract Tower,0,3,5,3,11,0,0,0,1,1,0,3,5,4,12,2,76,78,90
04/11/2021,FOE,KS,ACE,CE,Federal Contract Tower,0,1,6,4,11,0,3,23,0,26,0,4,29,4,37,2,0,2,39
04/12/2021,FOE,KS,ACE,CE,Federal Contract Tower,0,2,9,19,30,0,0,6,2,8,0,2,15,21,38,4,52,56,94
04/13/2021,FOE,KS,ACE,CE,Federal Contract Tower,0,0,5,20,25,0,0,12,8,20,0,0,17,28,45,6,46,52,97
04/14/2021,FOE,KS,ACE,CE,Federal Contract Tower,0,0,21,28,49,0,0,4,18,22,0,0,25,46,71,0,72,72,143
04/15/2021,FOE,KS,ACE,CE,Federal Contract Tower,0,0,13,14,27,0,0,10,0,10,0,0,23,14,37,0,126,126,163
04/16/2021,FOE,KS,ACE,CE,Federal Contract Tower,0,0,7,2,9,0,0,0,0,0,0,0,7,2,9,0,0,0,9
04/17/2021,FOE,KS,ACE,CE,Federal Contract Tower,0,0,3,2,5,0,0,11,0,11,0,0,14,2,16,10,0,10,26
04/18/2021,FOE,KS,ACE,CE,Federal Contract Tower,0,2,7,2,11,0,2,17,0,19,0,4,24,2,30,10,4,14,44
04/19/2021,FOE,KS,ACE,CE,Federal Contract Tower,0,0,1,7,8,0,0,8,3,11,0,0,9,10,19,8,6,14,33
04/20/2021,FOE,KS,ACE,CE,Federal Contract Tower,0,0,16,17,33,0,0,0,5,5,0,0,16,22,38,0,56,56,94
04/21/2021,FOE,KS,ACE,CE,Federal Contract Tower,0,0,21,26,47,0,0,10,13,23,0,0,31,39,70,14,104,118,188
04/22/2021,FOE,KS,ACE,CE,Federal Contract Tower,0,0,19,12,31,0,0,12,0,12,0,0,31,12,43,0,132,132,175
04/23/2021,FOE,KS,ACE,CE,Federal Contract Tower,0,1,8,1,10,0,0,3,3,6,0,1,11,4,16,0,0,0,16
04/24/2021,FOE,KS,ACE,CE,Federal Contract Tower,0,0,6,1,7,0,0,19,0,19,0,0,25,1,26,28,0,28,54
04/25/2021,FOE,KS,ACE,CE,Federal Contract Tower,0,0,2,7,9,0,0,3,2,5,0,0,5,9,14,0,30,30,44
04/26/2021,FOE,KS,ACE,CE,Federal Contract Tower,0,0,2,1,3,0,0,7,1,8,0,0,9,2,11,2,0,2,13
04/27/2021,FOE,KS,ACE,CE,Federal Contract Tower,0,1,2,9,12,0,0,9,0,9,0,1,11,9,21,0,0,0,21
04/28/2021,FOE,KS,ACE,CE,Federal Contract Tower,0,1,16,2,19,0,0,8,0,8,0,1,24,2,27,0,68,68,95
04/29/2021,FOE,KS,ACE,CE,Federal Contract Tower,0,0,17,34,51,0,0,10,0,10,0,0,27,34,61,54,174,228,289
04/30/2021,FOE,KS,ACE,CE,Federal Contract Tower,0,3,7,17,27,0,0,24,16,40,0,3,31,33,67,13,52,65,132
05/01/2021,FOE,KS,ACE,CE,Federal Contract Tower,0,2,3,14,19,0,0,18,1,19,0,2,21,15,38,0,18,18,56
05/02/2021,FOE,KS,ACE,CE,Federal Contract Tower,0,1,7,0,8,0,0,7,0,7,0,1,14,0,15,0,0,0,15
05/03/2021,FOE,KS,ACE,CE,Federal Contract Tower,0,3,17,25,45,0,0,8,4,12,0,3,25,29,57,10,16,26,83
05/04/2021,FOE,KS,ACE,CE,Federal Contract Tower,0,2,12,23,37,0,0,10,7,17,0,2,22,30,54,0,49,49,103
05/05/2021,FOE,KS,ACE,CE,Federal Contract Tower,0,1,15,23,39,0,0,21,0,21,0,1,36,23,60,6,198,204,264
05/06/2021,FOE,KS,ACE,CE,Federal Contract Tower,0,0,10,14,24,0,0,10,0,10,0,0,20,14,34,6,54,60,94
05/07/2021,FOE,KS,ACE,CE,Federal Contract Tower,0,2,15,7,24,0,0,4,0,4,0,2,19,7,28,14,34,48,76
05/08/2021,FOE,KS,ACE,CE,Federal Contract Tower,2,0,3,10,15,0,0,7,0,7,2,0,10,10,22,8,0,8,30
05/09/2021,FOE,KS,ACE,CE,Federal Contract Tower,0,0,4,3,7,0,0,1,1,2,0,0,5,4,9,0,0,0,9
05/10/2021,FOE,KS,ACE,CE,Federal Contract Tower,0,0,9,9,18,0,0,28,0,28,0,0,37,9,46,6,24,30,76
05/11/2021,FOE,KS,ACE,CE,Federal Contract Tower,0,0,9,25,34,0,0,7,7,14,0,0,16,32,48,0,140,140,188
05/12/2021,FOE,KS,ACE,CE,Federal Contract Tower,0,0,14,12,26,0,0,11,0,11,0,0,25,12,37,84,76,160,197
05/14/2021,FOE,KS,ACE,CE,Federal Contract Tower,0,0,5,17,22,0,0,69,1,70,0,0,74,18,92,24,90,114,206
05/15/2021,FOE,KS,ACE,CE,Federal Contract Tower,0,0,7,9,16,0,0,15,1,16,0,0,22,10,32,0,0,0,32
05/16/2021,FOE,KS,ACE,CE,Federal Contract Tower,0,0,11,3,14,0,0,2,0,2,0,0,13,3,16,0,0,0,16
05/17/2021,FOE,KS,ACE,CE,Federal Contract Tower,0,0,5,26,31,0,0,4,0,4,0,0,9,26,35,2,26,28,63
05/18/2021,FOE,KS,ACE,CE,Federal Contract Tower,0,1,12,22,35,0,0,12,10,22,0,1,24,32,57,2,60,62,119
05/19/2021,FOE,KS,ACE,CE,Federal Contract Tower,0,0,10,19,29,0,0,8,0,8,0,0,18,19,37,0,0,0,37
05/21/2021,FOE,KS,ACE,CE,Federal Contract Tower,0,1,9,13,23,0,0,10,32,42,0,1,19,45,65,0,40,40,105
05/22/2021,FOE,KS,ACE,CE,Federal Contract Tower,0,0,4,23,27,0,0,0,4,4,0,0,4,27,31,0,60,60,91
05/23/2021,FOE,KS,ACE,CE,Federal Contract Tower,0,0,1,4,5,0,0,2,0,2,0,0,3,4,7,14,0,14,21
05/24/2021,FOE,KS,ACE,CE,Federal Contract Tower,0,0,3,14,17,0,0,11,9,20,0,0,14,23,37,0,42,42,79
05/25/2021,FOE,KS,ACE,CE,Federal Contract Tower,0,0,8,16,24,0,0,8,2,10,0,0,16,18,34,0,127,127,161
05/26/2021,FOE,KS,ACE,CE,Federal Contract Tower,0,0,17,31,48,0,0,14,6,20,0,0,31,37,68,18,144,162,230
05/27/2021,FOE,KS,ACE,CE,Federal Contract Tower,0,0,9,3,12,0,0,6,0,6,0,0,15,3,18,0,40,40,58
05/28/2021,FOE,KS,ACE,CE,Federal Contract Tower,0,0,2,23,25,0,0,11,0,11,0,0,13,23,36,0,0,0,36
05/29/2021,FOE,KS,ACE,CE,Federal Contract Tower,0,1,15,0,16,0,0,12,0,12,0,1,27,0,28,0,0,0,28
05/30/2021,FOE,KS,ACE,CE,Federal Contract Tower,0,3,4,1,8,0,2,7,0,9,0,5,11,1,17,0,0,0,17
05/31/2021,FOE,KS,ACE,CE,Federal Contract Tower,0,2,6,0,8,0,0,0,0,0,0,2,6,0,8,0,0,0,8
06/01/2021,FOE,KS,ACE,CE,Federal Contract Tower,0,1,9,46,56,0,0,8,4,12,0,1,17,50,68,0,53,53,121
06/02/2021,FOE,KS,ACE,CE,Federal Contract Tower,0,5,24,6,35,0,0,10,0,10,0,5,34,6,45,0,86,86,131
06/03/2021,FOE,KS,ACE,CE,Federal Contract Tower,0,3,10,27,40,0,0,10,0,10,0,3,20,27,50,2,24,26,76
06/04/2021,FOE,KS,ACE,CE,Federal Contract Tower,0,0,6,11,17,0,0,27,1,28,0,0,33,12,45,16,88,104,149
06/05/2021,FOE,KS,ACE,CE,Federal Contract Tower,0,0,12,6,18,0,0,44,0,44,0,0,56,6,62,0,84,84,146
06/06/2021,FOE,KS,ACE,CE,Federal Contract Tower,0,1,5,7,13,0,0,5,8,13,0,1,10,15,26,2,14,16,42
06/07/2021,FOE,KS,ACE,CE,Federal Contract Tower,0,1,6,33,40,0,0,18,21,39,0,1,24,54,79,22,172,194,273
06/08/2021,FOE,KS,ACE,CE,Federal Contract Tower,2,3,3,9,17,0,0,9,18,27,2,3,12,27,44,0,176,176,220
06/09/2021,FOE,KS,ACE,CE,Federal Contract Tower,0,1,17,8,26,0,0,8,0,8,0,1,25,8,34,0,204,204,238
06/10/2021,FOE,KS,ACE,CE,Federal Contract Tower,0,1,11,8,20,0,0,12,7,19,0,1,23,15,39,0,0,0,39
06/11/2021,FOE,KS,ACE,CE,Federal Contract Tower,0,0,5,14,19,0,0,8,0,8,0,0,13,14,27,0,134,134,161
06/12/2021,FOE,KS,ACE,CE,Federal Contract Tower,0,1,14,2,17,0,0,12,0,12,0,1,26,2,29,0,44,44,73
06/13/2021,FOE,KS,ACE,CE,Federal Contract Tower,0,0,2,2,4,0,0,20,5,25,0,0,22,7,29,20,16,36,65
06/14/2021,FOE,KS,ACE,CE,Federal Contract Tower,0,0,5,21,26,0,0,16,14,30,0,0,21,35,56,20,82,102,158
06/15/2021,FOE,KS,ACE,CE,Federal Contract Tower,0,2,11,16,29,0,0,8,7,15,0,2,19,23,44,0,56,56,100
06/16/2021,FOE,KS,ACE,CE,Federal Contract Tower,0,0,13,14,27,0,0,10,0,10,0,0,23,14,37,0,100,100,137
06/17/2021,FOE,KS,ACE,CE,Federal Contract Tower,0,0,13,8,21,0,0,13,3,16,0,0,26,11,37,14,74,88,125
06/18/2021,FOE,KS,ACE,CE,Federal Contract Tower,1,0,5,5,11,0,0,4,0,4,1,0,9,5,15,0,10,10,25
06/19/2021,FOE,KS,ACE,CE,Federal Contract Tower,0,0,2,1,3,0,0,12,0,12,0,0,14,1,15,0,3,3,18
06/20/2021,FOE,KS,ACE,CE,Federal Contract Tower,0,0,1,2,3,0,0,3,0,3,0,0,4,2,6,0,0,0,6
06/21/2021,FOE,KS,ACE,CE,Federal Contract Tower,0,0,3,2,5,0,0,8,2,10,0,0,11,4,15,0,14,14,29
06/22/2021,FOE,KS,ACE,CE,Federal Contract Tower,0,1,17,12,30,0,1,20,1,22,0,2,37,13,52,10,16,26,78
06/23/2021,FOE,KS,ACE,CE,Federal Contract Tower,0,0,20,7,27,0,0,20,0,20,0,0,40,7,47,0,154,154,201
06/24/2021,FOE,KS,ACE,CE,Federal Contract Tower,1,3,8,24,36,0,0,16,9,25,1,3,24,33,61,18,122,140,201
06/25/2021,FOE,KS,ACE,CE,Federal Contract Tower,2,0,29,29,60,0,0,47,5,52,2,0,76,34,112,98,157,255,367
06/26/2021,FOE,KS,ACE,CE,Federal Contract Tower,0,0,11,2,13,0,0,57,0,57,0,0,68,2,70,0,10,10,80
06/27/2021,FOE,KS,ACE,CE,Federal Contract Tower,0,0,4,4,8,0,0,240,20,260,0,0,244,24,268,28,0,28,296
06/28/2021,FOE,KS,ACE,CE,Federal Contract Tower,0,0,8,26,34,0,0,14,2,16,0,0,22,28,50,16,6,22,72
06/29/2021,FOE,KS,ACE,CE,Federal Contract Tower,0,0,9,0,9,0,0,14,0,14,0,0,23,0,23,0,0,0,23
06/30/2021,FOE,KS,ACE,CE,Federal Contract Tower,1,1,8,4,14,0,0,0,0,0,1,1,8,4,14,0,0,0,14
07/01/2021,FOE,KS,ACE,CE,Federal Contract Tower,0,2,21,5,28,0,0,6,0,6,0,2,27,5,34,0,0,0,34
07/02/2021,FOE,KS,ACE,CE,Federal Contract Tower,0,0,9,2,11,0,0,18,0,18,0,0,27,2,29,10,0,10,39
07/03/2021,FOE,KS,ACE,CE,Federal Contract Tower,0,0,17,0,17,0,0,11,0,11,0,0,28,0,28,2,0,2,30
07/04/2021,FOE,KS,ACE,CE,Federal Contract Tower,0,2,7,2,11,0,0,28,0,28,0,2,35,2,39,14,0,14,53
07/05/2021,FOE,KS,ACE,CE,Federal Contract Tower,0,2,4,0,6,0,0,9,0,9,0,2,13,0,15,4,0,4,19
07/06/2021,FOE,KS,ACE,CE,Federal Contract Tower,0,0,14,24,38,0,1,14,9,24,0,1,28,33,62,0,62,62,124
07/07/2021,FOE,KS,ACE,CE,Federal Contract Tower,0,0,17,11,28,0,0,11,0,11,0,0,28,11,39,12,52,64,103
07/09/2021,FOE,KS,ACE,CE,Federal Contract Tower,0,1,4,4,9,0,0,1,3,4,0,1,5,7,13,0,12,12,25
07/10/2021,FOE,KS,ACE,CE,Federal Contract Tower,1,0,5,0,6,0,0,5,0,5,1,0,10,0,11,8,0,8,19
07/11/2021,FOE,KS,ACE,CE,Federal Contract Tower,0,0,10,1,11,0,0,11,0,11,0,0,21,1,22,6,0,6,28
07/12/2021,FOE,KS,ACE,CE,Federal Contract Tower,0,1,8,49,58,0,0,24,0,24,0,1,32,49,82,24,88,112,194
07/13/2021,FOE,KS,ACE,CE,Federal Contract Tower,0,0,10,22,32,0,0,30,3,33,0,0,40,25,65,30,62,92,157
07/14/2021,FOE,KS,ACE,CE,Federal Contract Tower,2,0,19,20,41,0,0,26,2,28,2,0,45,22,69,7,86,93,162
07/15/2021,FOE,KS,ACE,CE,Federal Contract Tower,0,1,10,1,12,0,0,0,0,0,0,1,10,1,12,0,0,0,12
07/16/2021,FOE,KS,ACE,CE,Federal Contract Tower,0,0,14,8,22,0,0,7,0,7,0,0,21,8,29,30,14,44,73
07/17/2021,FOE,KS,ACE,CE,Federal Contract Tower,1,2,8,1,12,0,0,1,0,1,1,2,9,1,13,0,2,2,15
07/18/2021,FOE,KS,ACE,CE,Federal Contract Tower,2,0,6,1,9,0,0,4,0,4,2,0,10,1,13,14,0,14,27
07/19/2021,FOE,KS,ACE,CE,Federal Contract Tower,0,8,10,15,33,0,0,14,5,19,0,8,24,20,52,6,64,70,122
07/20/2021,FOE,KS,ACE,CE,Federal Contract Tower,0,0,16,18,34,0,0,24,13,37,0,0,40,31,71,19,140,159,230
07/21/2021,FOE,KS,ACE,CE,Federal Contract Tower,1,2,23,15,41,0,0,8,0,8,1,2,31,15,49,14,52,66,115
07/22/2021,FOE,KS,ACE,CE,Federal Contract Tower,0,1,20,6,27,0,0,13,0,13,0,1,33,6,40,54,80,134,174
07/23/2021,FOE,KS,ACE,CE,Federal Contract Tower,0,0,8,47,55,0,2,15,16,33,0,2,23,63,88,0,192,192,280
07/24/2021,FOE,KS,ACE,CE,Federal Contract Tower,0,0,2,0,2,0,4,5,0,9,0,4,7,0,11,0,0,0,11
07/25/2021,FOE,KS,ACE,CE,Federal Contract Tower,0,0,7,0,7,0,2,7,0,9,0,2,14,0,16,0,0,0,16
07/26/2021,FOE,KS,ACE,CE,Federal Contract Tower,0,0,12,6,18,0,0,4,1,5,0,0,16,7,23,10,42,52,75
07/27/2021,FOE,KS,ACE,CE,Federal Contract Tower,0,0,7,25,32,0,0,13,12,25,0,0,20,37,57,54,70,124,181
07/28/2021,FOE,KS,ACE,CE,Federal Contract Tower,0,0,24,19,43,0,0,0,0,0,0,0,24,19,43,66,112,178,221
07/29/2021,FOE,KS,ACE,CE,Federal Contract Tower,2,0,17,16,35,0,0,8,4,12,2,0,25,20,47,10,92,102,149
07/30/2021,FOE,KS,ACE,CE,Federal Contract Tower,0,2,4,34,40,0,0,11,1,12,0,2,15,35,52,34,62,96,148
07/31/2021,FOE,KS,ACE,CE,Federal Contract Tower,1,0,5,0,6,0,0,12,3,15,1,0,17,3,21,0,0,0,21
08/01/2021,FOE,KS,ACE,CE,Federal Contract Tower,0,2,4,18,24,0,0,8,0,8,0,2,12,18,32,10,14,24,56
08/02/2021,FOE,KS,ACE,CE,Federal Contract Tower,0,3,4,20,27,0,0,7,0,7,0,3,11,20,34,0,66,66,100
08/03/2021,FOE,KS,ACE,CE,Federal Contract Tower,0,0,10,6,16,0,0,17,4,21,0,0,27,10,37,0,28,28,65
08/04/2021,FOE,KS,ACE,CE,Federal Contract Tower,0,0,13,10,23,0,1,15,2,18,0,1,28,12,41,30,40,70,111
08/05/2021,FOE,KS,ACE,CE,Federal Contract Tower,0,0,9,6,15,0,0,7,0,7,0,0,16,6,22,4,10,14,36
08/06/2021,FOE,KS,ACE,CE,Federal Contract Tower,2,0,11,14,27,0,0,10,0,10,2,0,21,14,37,0,22,22,59
08/07/2021,FOE,KS,ACE,CE,Federal Contract Tower,0,0,2,5,7,0,0,8,0,8,0,0,10,5,15,0,0,0,15
08/08/2021,FOE,KS,ACE,CE,Federal Contract Tower,0,0,7,6,13,0,0,4,2,6,0,0,11,8,19,0,2,2,21
08/09/2021,FOE,KS,ACE,CE,Federal Contract Tower,0,3,5,26,34,0,2,7,6,15,0,5,12,32,49,0,62,62,111
08/10/2021,FOE,KS,ACE,CE,Federal Contract Tower,0,0,7,6,13,0,0,8,0,8,0,0,15,6,21,0,32,32,53
08/11/2021,FOE,KS,ACE,CE,Federal Contract Tower,0,1,9,0,10,0,0,9,0,9,0,1,18,0,19,0,0,0,19
08/12/2021,FOE,KS,ACE,CE,Federal Contract Tower,0,0,12,5,17,0,0,1,0,1,0,0,13,5,18,0,10,10,28
08/13/2021,FOE,KS,ACE,CE,Federal Contract Tower,0,1,14,40,55,0,0,5,3,8,0,1,19,43,63,0,70,70,133
08/14/2021,FOE,KS,ACE,CE,Federal Contract Tower,0,0,11,7,18,0,1,8,0,9,0,1,19,7,27,8,16,24,51
08/15/2021,FOE,KS,ACE,CE,Federal Contract Tower,0,5,19,19,43,0,1,12,1,14,0,6,31,20,57,16,0,16,73
08/16/2021,FOE,KS,ACE,CE,Federal Contract Tower,0,5,2,20,27,0,0,5,2,7,0,5,7,22,34,2,80,82,116
08/17/2021,FOE,KS,ACE,CE,Federal Contract Tower,0,0,9,10,19,0,0,14,10,24,0,0,23,20,43,10,32,42,85
08/18/2021,FOE,KS,ACE,CE,Federal Contract Tower,0,0,31,28,59,0,0,16,0,16,0,0,47,28,75,44,29,73,148
08/19/2021,FOE,KS,ACE,CE,Federal Contract Tower,0,5,10,16,31,0,0,12,0,12,0,5,22,16,43,26,2,28,71
08/20/2021,FOE,KS,ACE,CE,Federal Contract Tower,0,4,9,5,18,0,0,4,0,4,0,4,13,5,22,10,12,22,44
08/21/2021,FOE,KS,ACE,CE,Federal Contract Tower,0,0,5,1,6,0,0,10,0,10,0,0,15,1,16,6,0,6,22
08/22/2021,FOE,KS,ACE,CE,Federal Contract Tower,0,3,12,7,22,0,2,13,0,15,0,5,25,7,37,8,4,12,49
08/23/2021,FOE,KS,ACE,CE,Federal Contract Tower,0,0,8,17,25,0,0,5,3,8,0,0,13,20,33,0,90,90,123
08/24/2021,FOE,KS,ACE,CE,Federal Contract Tower,0,0,9,13,22,0,0,14,9,23,0,0,23,22,45,6,40,46,91
08/25/2021,FOE,KS,ACE,CE,Federal Contract Tower,0,0,14,10,24,0,0,6,2,8,0,0,20,12,32,10,22,32,64
08/26/2021,FOE,KS,ACE,CE,Federal Contract Tower,0,0,16,8,24,0,0,16,0,16,0,0,32,8,40,28,20,48,88
08/27/2021,FOE,KS,ACE,CE,Federal Contract Tower,0,0,2,23,25,0,0,13,11,24,0,0,15,34,49,2,34,36,85
08/28/2021,FOE,KS,ACE,CE,Federal Contract Tower,0,0,2,2,4,0,0,17,0,17,0,0,19,2,21,0,0,0,21
08/29/2021,FOE,KS,ACE,CE,Federal Contract Tower,0,0,1,0,1,0,0,8,2,10,0,0,9,2,11,4,14,18,29
08/30/2021,FOE,KS,ACE,CE,Federal Contract Tower,0,0,5,8,13,0,0,4,9,13,0,0,9,17,26,14,74,88,114
08/31/2021,FOE,KS,ACE,CE,Federal Contract Tower,0,0,9,13,22,0,0,9,2,11,0,0,18,15,33,4,36,40,73
09/01/2021,FOE,KS,ACE,CE,Federal Contract Tower,0,0,12,4,16,0,0,16,0,16,0,0,28,4,32,0,0,0,32
09/03/2021,FOE,KS,ACE,CE,Federal Contract Tower,0,0,9,0,9,0,0,0,0,0,0,0,9,0,9,14,0,14,23
09/04/2021,FOE,KS,ACE,CE,Federal Contract Tower,0,0,6,0,6,0,0,2,0,2,0,0,8,0,8,0,0,0,8
09/05/2021,FOE,KS,ACE,CE,Federal Contract Tower,0,0,1,0,1,0,0,12,0,12,0,0,13,0,13,4,0,4,17
09/06/2021,FOE,KS,ACE,CE,Federal Contract Tower,0,2,8,1,11,0,0,15,0,15,0,2,23,1,26,18,0,18,44
09/07/2021,FOE,KS,ACE,CE,Federal Contract Tower,0,2,10,7,19,0,0,21,8,29,0,2,31,15,48,6,8,14,62
09/08/2021,FOE,KS,ACE,CE,Federal Contract Tower,0,0,10,3,13,0,0,16,1,17,0,0,26,4,30,24,28,52,82
09/09/2021,FOE,KS,ACE,CE,Federal Contract Tower,0,0,23,17,40,0,0,18,0,18,0,0,41,17,58,74,52,126,184
09/10/2021,FOE,KS,ACE,CE,Federal Contract Tower,0,1,12,4,17,0,0,12,2,14,0,1,24,6,31,38,10,48,79
09/11/2021,FOE,KS,ACE,CE,Federal Contract Tower,0,0,7,1,8,0,0,3,22,25,0,0,10,23,33,0,0,0,33
09/12/2021,FOE,KS,ACE,CE,Federal Contract Tower,0,0,10,11,21,0,0,14,1,15,0,0,24,12,36,0,4,4,40
09/13/2021,FOE,KS,ACE,CE,Federal Contract Tower,0,0,5,9,14,0,0,10,0,10,0,0,15,9,24,0,0,0,24
09/14/2021,FOE,KS,ACE,CE,Federal Contract Tower,0,0,4,13,17,0,0,9,7,16,0,0,13,20,33,48,34,82,115
09/15/2021,FOE,KS,ACE,CE,Federal Contract Tower,0,0,18,17,35,0,0,14,0,14,0,0,32,17,49,14,42,56,105
09/16/2021,FOE,KS,ACE,CE,Federal Contract Tower,0,1,13,33,47,0,0,8,33,41,0,1,21,66,88,18,105,123,211
09/17/2021,FOE,KS,ACE,CE,Federal Contract Tower,0,0,13,32,45,0,0,20,0,20,0,0,33,32,65,14,64,78,143
09/18/2021,FOE,KS,ACE,CE,Federal Contract Tower,0,0,5,0,5,0,0,11,2,13,0,0,16,2,18,4,0,4,22
09/19/2021,FOE,KS,ACE,CE,Federal Contract Tower,0,0,6,18,24,0,0,3,1,4,0,0,9,19,28,2,14,16,44
09/20/2021,FOE,KS,ACE,CE,Federal Contract Tower,0,0,11,17,28,0,0,6,1,7,0,0,17,18,35,10,20,30,65
09/21/2021,FOE,KS,ACE,CE,Federal Contract Tower,0,2,6,16,24,0,0,11,5,16,0,2,17,21,40,0,10,10,50
09/22/2021,FOE,KS,ACE,CE,Federal Contract Tower,0,0,14,5,19,0,0,16,0,16,0,0,30,5,35,8,6,14,49
09/23/2021,FOE,KS,ACE,CE,Federal Contract Tower,1,0,17,5,23,0,32,13,1,46,1,32,30,6,69,25,0,25,94
09/24/2021,FOE,KS,ACE,CE,Federal Contract Tower,1,4,12,0,17,0,0,4,11,15,1,4,16,11,32,0,42,42,74
09/25/2021,FOE,KS,ACE,CE,Federal Contract Tower,0,2,4,0,6,0,0,3,1,4,0,2,7,1,10,6,0,6,16
09/26/2021,FOE,KS,ACE,CE,Federal Contract Tower,0,6,4,0,10,0,0,2,0,2,0,6,6,0,12,0,0,0,12
09/27/2021,FOE,KS,ACE,CE,Federal Contract Tower,0,1,9,18,28,0,0,10,0,10,0,1,19,18,38,6,4,10,48
09/28/2021,FOE,KS,ACE,CE,Federal Contract Tower,0,1,8,23,32,0,3,10,10,23,0,4,18,33,55,0,30,30,85
09/29/2021,FOE,KS,ACE,CE,Federal Contract Tower,1,0,9,2,12,0,0,2,12,14,1,0,11,14,26,0,0,0,26
09/30/2021,FOE,KS,ACE,CE,Federal Contract Tower,0,2,2,2,6,0,0,2,0,2,0,2,4,2,8,0,2,2,10
10/02/2021,FOE,KS,ACE,CE,Federal Contract Tower,0,0,6,0,6,0,0,4,0,4,0,0,10,0,10,0,0,0,10
10/03/2021,FOE,KS,ACE,CE,Federal Contract Tower,1,0,9,0,10,0,0,5,0,5,1,0,14,0,15,14,0,14,29
10/04/2021,FOE,KS,ACE,CE,Federal Contract Tower,0,0,11,2,13,0,0,16,1,17,0,0,27,3,30,18,52,70,100
10/05/2021,FOE,KS,ACE,CE,Federal Contract Tower,0,0,12,10,22,0,0,17,16,33,0,0,29,26,55,18,60,78,133
10/06/2021,FOE,KS,ACE,CE,Federal Contract Tower,0,0,8,2,10,0,0,0,0,0,0,0,8,2,10,0,0,0,10
10/07/2021,FOE,KS,ACE,CE,Federal Contract Tower,0,0,12,4,16,0,0,10,0,10,0,0,22,4,26,4,10,14,40
10/08/2021,FOE,KS,ACE,CE,Federal Contract Tower,0,2,6,19,27,0,0,9,0,9,0,2,15,19,36,0,30,30,66
10/09/2021,FOE,KS,ACE,CE,Federal Contract Tower,0,0,5,2,7,0,0,6,0,6,0,0,11,2,13,4,0,4,17
10/10/2021,FOE,KS,ACE,CE,Federal Contract Tower,0,3,5,1,9,0,0,2,0,2,0,3,7,1,11,0,0,0,11
10/11/2021,FOE,KS,ACE,CE,Federal Contract Tower,0,6,5,0,11,0,2,4,0,6,0,8,9,0,17,16,0,16,33
10/12/2021,FOE,KS,ACE,CE,Federal Contract Tower,0,0,4,4,8,0,0,4,8,12,0,0,8,12,20,0,24,24,44
10/13/2021,FOE,KS,ACE,CE,Federal Contract Tower,0,0,6,11,17,0,0,14,0,14,0,0,20,11,31,0,0,0,31
10/14/2021,FOE,KS,ACE,CE,Federal Contract Tower,0,3,15,8,26,0,0,10,0,10,0,3,25,8,36,0,60,60,96
10/16/2021,FOE,KS,ACE,CE,Federal Contract Tower,2,0,6,0,8,0,0,6,10,16,2,0,12,10,24,0,12,12,36
10/17/2021,FOE,KS,ACE,CE,Federal Contract Tower,0,0,7,5,12,0,0,11,10,21,0,0,18,15,33,10,6,16,49
10/18/2021,FOE,KS,ACE,CE,Federal Contract Tower,0,0,16,9,25,0,2,15,3,20,0,2,31,12,45,0,0,0,45
10/19/2021,FOE,KS,ACE,CE,Federal Contract Tower,0,0,8,8,16,0,0,8,6,14,0,0,16,14,30,4,16,20,50
10/20/2021,FOE,KS,ACE,CE,Federal Contract Tower,2,3,8,9,22,0,0,5,0,5,2,3,13,9,27,4,22,26,53
10/21/2021,FOE,KS,ACE,CE,Federal Contract Tower,0,0,11,7,18,0,0,4,0,4,0,0,15,7,22,0,8,8,30
10/22/2021,FOE,KS,ACE,CE,Federal Contract Tower,0,0,8,14,22,0,0,10,7,17,0,0,18,21,39,16,108,124,163
10/23/2021,FOE,KS,ACE,CE,Federal Contract Tower,2,0,5,1,8,0,0,0,0,0,2,0,5,1,8,0,0,0,8
10/24/2021,FOE,KS,ACE,CE,Federal Contract Tower,0,0,2,7,9,0,0,3,0,3,0,0,5,7,12,0,0,0,12
10/25/2021,FOE,KS,ACE,CE,Federal Contract Tower,2,0,9,16,27,0,0,14,0,14,2,0,23,16,41,0,0,0,41
10/26/2021,FOE,KS,ACE,CE,Federal Contract Tower,0,0,8,17,25,0,0,10,10,20,0,0,18,27,45,0,31,31,76
10/28/2021,FOE,KS,ACE,CE,Federal Contract Tower,0,0,4,0,4,0,0,0,0,0,0,0,4,0,4,0,0,0,4
10/29/2021,FOE,KS,ACE,CE,Federal Contract Tower,0,0,8,10,18,0,0,2,4,6,0,0,10,14,24,0,14,14,38
10/30/2021,FOE,KS,ACE,CE,Federal Contract Tower,0,1,4,0,5,0,0,22,0,22,0,1,26,0,27,18,0,18,45
10/31/2021,FOE,KS,ACE,CE,Federal Contract Tower,0,2,1,0,3,0,0,9,0,9,0,2,10,0,12,2,0,2,14
11/01/2021,FOE,KS,ACE,CE,Federal Contract Tower,0,0,3,13,16,0,0,1,0,1,0,0,4,13,17,0,18,18,35
11/02/2021,FOE,KS,ACE,CE,Federal Contract Tower,0,1,9,11,21,0,0,8,13,21,0,1,17,24,42,0,73,73,115
11/03/2021,FOE,KS,ACE,CE,Federal Contract Tower,0,0,10,16,26,0,0,6,4,10,0,0,16,20,36,0,112,112,148
11/04/2021,FOE,KS,ACE,CE,Federal Contract Tower,0,0,7,4,11,0,0,8,0,8,0,0,15,4,19,5,30,35,54
11/05/2021,FOE,KS,ACE,CE,Federal Contract Tower,0,1,10,0,11,0,0,0,0,0,0,1,10,0,11,14,0,14,25
11/06/2021,FOE,KS,ACE,CE,Federal Contract Tower,0,0,3,5,8,0,0,8,0,8,0,0,11,5,16,14,0,14,30
11/07/2021,FOE,KS,ACE,CE,Federal Contract Tower,0,2,8,5,15,0,0,0,9,9,0,2,8,14,24,0,6,6,30
11/08/2021,FOE,KS,ACE,CE,Federal Contract Tower,1,6,6,27,40,0,0,6,3,9,1,6,12,30,49,0,28,28,77
11/09/2021,FOE,KS,ACE,CE,Federal Contract Tower,0,0,16,12,28,0,0,3,7,10,0,0,19,19,38,2,28,30,68
11/10/2021,FOE,KS,ACE,CE,Federal Contract Tower,0,0,14,11,25,0,0,10,10,20,0,0,24,21,45,0,12,12,57
11/11/2021,FOE,KS,ACE,CE,Federal Contract Tower,0,1,5,0,6,0,0,0,0,0,0,1,5,0,6,0,4,4,10
11/12/2021,FOE,KS,ACE,CE,Federal Contract Tower,4,4,7,2,17,0,0,5,0,5,4,4,12,2,22,0,0,0,22
11/13/2021,FOE,KS,ACE,CE,Federal Contract Tower,0,1,8,2,11,0,0,3,0,3,0,1,11,2,14,0,0,0,14
11/14/2021,FOE,KS,ACE,CE,Federal Contract Tower,1,3,1,1,6,0,0,13,6,19,1,3,14,7,25,2,0,2,27
11/15/2021,FOE,KS,ACE,CE,Federal Contract Tower,0,6,4,11,21,0,0,16,11,27,0,6,20,22,48,6,48,54,102
11/16/2021,FOE,KS,ACE,CE,Federal Contract Tower,2,1,8,6,17,0,2,11,5,18,2,3,19,11,35,18,37,55,90
11/17/2021,FOE,KS,ACE,CE,Federal Contract Tower,0,2,13,13,28,0,0,4,16,20,0,2,17,29,48,2,18,20,68
11/18/2021,FOE,KS,ACE,CE,Federal Contract Tower,2,2,6,11,21,0,0,6,6,12,2,2,12,17,33,0,20,20,53
11/19/2021,FOE,KS,ACE,CE,Federal Contract Tower,2,0,5,14,21,0,0,10,5,15,2,0,15,19,36,0,32,32,68
11/20/2021,FOE,KS,ACE,CE,Federal Contract Tower,2,0,1,2,5,0,0,12,0,12,2,0,13,2,17,0,0,0,17
11/21/2021,FOE,KS,ACE,CE,Federal Contract Tower,0,0,4,7,11,0,2,6,0,8,0,2,10,7,19,6,6,12,31
11/22/2021,FOE,KS,ACE,CE,Federal Contract Tower,0,0,6,17,23,0,0,20,7,27,0,0,26,24,50,18,50,68,118
11/23/2021,FOE,KS,ACE,CE,Federal Contract Tower,1,0,5,8,14,0,0,5,13,18,1,0,10,21,32,0,0,0,32
11/24/2021,FOE,KS,ACE,CE,Federal Contract Tower,0,3,4,15,22,0,0,5,4,9,0,3,9,19,31,6,62,68,99
11/25/2021,FOE,KS,ACE,CE,Federal Contract Tower,0,0,0,0,0,0,0,0,0,0,0,0,0,0,0,0,0,0,0
11/26/2021,FOE,KS,ACE,CE,Federal Contract Tower,0,2,3,1,6,0,0,11,0,11,0,2,14,1,17,12,0,12,29
11/27/2021,FOE,KS,ACE,CE,Federal Contract Tower,0,1,2,4,7,0,0,3,0,3,0,1,5,4,10,0,0,0,10
11/28/2021,FOE,KS,ACE,CE,Federal Contract Tower,2,4,6,0,12,0,0,18,0,18,2,4,24,0,30,0,0,0,30
11/29/2021,FOE,KS,ACE,CE,Federal Contract Tower,0,0,10,16,26,0,0,4,11,15,0,0,14,27,41,0,38,38,79
11/30/2021,FOE,KS,ACE,CE,Federal Contract Tower,2,0,4,22,28,0,0,9,13,22,2,0,13,35,50,34,70,104,154
12/01/2021,FOE,KS,ACE,CE,Federal Contract Tower,0,6,2,13,21,0,2,16,4,22,0,8,18,17,43,38,108,146,189
12/02/2021,FOE,KS,ACE,CE,Federal Contract Tower,1,2,2,13,18,0,0,0,0,0,1,2,2,13,18,10,71,81,99
12/03/2021,FOE,KS,ACE,CE,Federal Contract Tower,0,4,5,9,18,0,0,7,15,22,0,4,12,24,40,72,50,122,162
12/04/2021,FOE,KS,ACE,CE,Federal Contract Tower,4,0,0,6,10,0,0,19,0,19,4,0,19,6,29,16,8,24,53
12/05/2021,FOE,KS,ACE,CE,Federal Contract Tower,5,0,2,4,11,0,0,6,0,6,5,0,8,4,17,6,0,6,23
12/06/2021,FOE,KS,ACE,CE,Federal Contract Tower,0,0,9,45,54,0,0,7,4,11,0,0,16,49,65,0,154,154,219
12/07/2021,FOE,KS,ACE,CE,Federal Contract Tower,0,0,3,11,14,0,0,10,10,20,0,0,13,21,34,2,36,38,72
12/09/2021,FOE,KS,ACE,CE,Federal Contract Tower,0,7,4,16,27,0,0,11,6,17,0,7,15,22,44,32,99,131,175
12/10/2021,FOE,KS,ACE,CE,Federal Contract Tower,0,1,7,32,40,0,0,2,4,6,0,1,9,36,46,0,24,24,70
12/11/2021,FOE,KS,ACE,CE,Federal Contract Tower,0,0,4,8,12,0,0,2,0,2,0,0,6,8,14,0,0,0,14
12/12/2021,FOE,KS,ACE,CE,Federal Contract Tower,2,0,8,11,21,0,0,5,2,7,2,0,13,13,28,0,6,6,34
12/13/2021,FOE,KS,ACE,CE,Federal Contract Tower,1,0,8,14,23,0,0,20,6,26,1,0,28,20,49,0,46,46,95
12/14/2021,FOE,KS,ACE,CE,Federal Contract Tower,0,2,8,10,20,0,0,2,6,8,0,2,10,16,28,0,2,2,30
12/15/2021,FOE,KS,ACE,CE,Federal Contract Tower,0,0,4,0,4,0,0,0,0,0,0,0,4,0,4,0,0,0,4
12/17/2021,FOE,KS,ACE,CE,Federal Contract Tower,2,2,10,6,20,0,0,0,3,3,2,2,10,9,23,0,44,44,67
12/18/2021,FOE,KS,ACE,CE,Federal Contract Tower,1,0,2,23,26,0,0,2,0,2,1,0,4,23,28,4,0,4,32
12/19/2021,FOE,KS,ACE,CE,Federal Contract Tower,0,0,1,0,1,0,0,11,0,11,0,0,12,0,12,8,0,8,20
12/20/2021,FOE,KS,ACE,CE,Federal Contract Tower,1,2,0,20,23,0,0,7,2,9,1,2,7,22,32,8,44,52,84
12/21/2021,FOE,KS,ACE,CE,Federal Contract Tower,1,7,1,17,26,0,0,10,17,27,1,7,11,34,53,6,58,64,117
12/22/2021,FOE,KS,ACE,CE,Federal Contract Tower,0,6,0,20,26,0,0,7,0,7,0,6,7,20,33,0,60,60,93
12/23/2021,FOE,KS,ACE,CE,Federal Contract Tower,0,0,1,0,1,0,0,3,0,3,0,0,4,0,4,0,0,0,4
12/24/2021,FOE,KS,ACE,CE,Federal Contract Tower,0,0,1,0,1,0,0,3,0,3,0,0,4,0,4,0,0,0,4
12/25/2021,FOE,KS,ACE,CE,Federal Contract Tower,0,0,2,0,2,0,0,5,0,5,0,0,7,0,7,0,0,0,7
12/26/2021,FOE,KS,ACE,CE,Federal Contract Tower,0,0,3,0,3,0,0,4,0,4,0,0,7,0,7,2,0,2,9
12/27/2021,FOE,KS,ACE,CE,Federal Contract Tower,0,0,7,6,13,0,0,13,3,16,0,0,20,9,29,10,28,38,67
12/28/2021,FOE,KS,ACE,CE,Federal Contract Tower,0,0,1,13,14,0,0,6,9,15,0,0,7,22,29,0,58,58,87
12/29/2021,FOE,KS,ACE,CE,Federal Contract Tower,0,1,6,6,13,0,0,0,0,0,0,1,6,6,13,0,21,21,34
12/30/2021,FOE,KS,ACE,CE,Federal Contract Tower,1,1,4,2,8,0,0,0,0,0,1,1,4,2,8,24,25,49,57
12/31/2021,FOE,KS,ACE,CE,Federal Contract Tower,0,4,0,0,4,0,0,7,0,7,0,4,7,0,11,0,0,0,11
01/01/2022,FOE,KS,ACE,CE,Federal Contract Tower,0,1,0,0,1,0,0,0,0,0,0,1,0,0,1,0,0,0,1
01/02/2022,FOE,KS,ACE,CE,Federal Contract Tower,0,0,4,0,4,0,0,0,0,0,0,0,4,0,4,0,0,0,4
01/03/2022,FOE,KS,ACE,CE,Federal Contract Tower,0,2,12,4,18,0,0,7,2,9,0,2,19,6,27,0,28,28,55
01/04/2022,FOE,KS,ACE,CE,Federal Contract Tower,0,1,9,4,14,0,0,1,0,1,0,1,10,4,15,0,0,0,15
01/05/2022,FOE,KS,ACE,CE,Federal Contract Tower,0,1,1,9,11,0,0,0,0,0,0,1,1,9,11,8,26,34,45
01/06/2022,FOE,KS,ACE,CE,Federal Contract Tower,1,0,9,2,12,0,0,8,0,8,1,0,17,2,20,0,10,10,30
01/07/2022,FOE,KS,ACE,CE,Federal Contract Tower,2,0,4,8,14,0,0,6,7,13,2,0,10,15,27,0,42,42,69
01/08/2022,FOE,KS,ACE,CE,Federal Contract Tower,2,0,7,0,9,0,0,0,0,0,2,0,7,0,9,0,14,14,23
01/09/2022,FOE,KS,ACE,CE,Federal Contract Tower,1,0,6,6,13,0,0,0,2,2,1,0,6,8,15,0,0,0,15
01/10/2022,FOE,KS,ACE,CE,Federal Contract Tower,0,2,7,20,29,0,0,5,8,13,0,2,12,28,42,6,100,106,148
01/11/2022,FOE,KS,ACE,CE,Federal Contract Tower,0,0,16,4,20,0,0,16,0,16,0,0,32,4,36,22,0,22,58
01/12/2022,FOE,KS,ACE,CE,Federal Contract Tower,2,4,3,1,10,0,0,9,0,9,2,4,12,1,19,0,0,0,19
01/13/2022,FOE,KS,ACE,CE,Federal Contract Tower,0,0,6,11,17,0,4,13,9,26,0,4,19,20,43,16,42,58,101
01/14/2022,FOE,KS,ACE,CE,Federal Contract Tower,2,1,6,3,12,0,0,1,0,1,2,1,7,3,13,0,2,2,15
01/15/2022,FOE,KS,ACE,CE,Federal Contract Tower,4,1,5,0,10,0,0,0,0,0,4,1,5,0,10,0,0,0,10
01/16/2022,FOE,KS,ACE,CE,Federal Contract Tower,2,2,2,0,6,0,0,4,0,4,2,2,6,0,10,0,0,0,10
01/17/2022,FOE,KS,ACE,CE,Federal Contract Tower,0,0,3,1,4,0,0,10,0,10,0,0,13,1,14,16,0,16,30
01/18/2022,FOE,KS,ACE,CE,Federal Contract Tower,0,0,6,11,17,0,0,5,12,17,0,0,11,23,34,10,48,58,92
01/19/2022,FOE,KS,ACE,CE,Federal Contract Tower,0,3,1,10,14,0,0,0,0,0,0,3,1,10,14,0,0,0,14
01/20/2022,FOE,KS,ACE,CE,Federal Contract Tower,2,0,9,16,27,0,0,0,0,0,2,0,9,16,27,10,52,62,89
01/21/2022,FOE,KS,ACE,CE,Federal Contract Tower,0,2,10,13,25,0,0,9,11,20,0,2,19,24,45,10,34,44,89
01/22/2022,FOE,KS,ACE,CE,Federal Contract Tower,2,4,3,1,10,0,0,9,0,9,2,4,12,1,19,0,0,0,19
01/23/2022,FOE,KS,ACE,CE,Federal Contract Tower,2,0,7,0,9,0,0,16,0,16,2,0,23,0,25,0,0,0,25
01/24/2022,FOE,KS,ACE,CE,Federal Contract Tower,1,3,11,13,28,0,0,17,2,19,1,3,28,15,47,18,54,72,119
01/25/2022,FOE,KS,ACE,CE,Federal Contract Tower,0,1,4,9,14,0,0,10,2,12,0,1,14,11,26,0,0,0,26
01/26/2022,FOE,KS,ACE,CE,Federal Contract Tower,0,5,1,9,15,2,2,4,0,8,2,7,5,9,23,16,2,18,41
01/27/2022,FOE,KS,ACE,CE,Federal Contract Tower,0,0,3,11,14,0,0,0,0,0,0,0,3,11,14,0,0,0,14
01/28/2022,FOE,KS,ACE,CE,Federal Contract Tower,1,0,5,21,27,0,0,5,0,5,1,0,10,21,32,2,50,52,84
01/29/2022,FOE,KS,ACE,CE,Federal Contract Tower,1,0,7,0,8,0,0,1,0,1,1,0,8,0,9,0,0,0,9
01/30/2022,FOE,KS,ACE,CE,Federal Contract Tower,0,0,6,4,10,0,0,0,0,0,0,0,6,4,10,0,0,0,10
01/31/2022,FOE,KS,ACE,CE,Federal Contract Tower,0,0,9,4,13,0,0,11,9,20,0,0,20,13,33,4,42,46,79
02/01/2022,FOE,KS,ACE,CE,Federal Contract Tower,0,0,10,14,24,0,0,0,6,6,0,0,10,20,30,0,16,16,46
02/02/2022,FOE,KS,ACE,CE,Federal Contract Tower,0,0,3,0,3,0,0,0,0,0,0,0,3,0,3,0,0,0,3
02/03/2022,FOE,KS,ACE,CE,Federal Contract Tower,0,1,6,0,7,0,0,0,0,0,0,1,6,0,7,0,0,0,7
02/04/2022,FOE,KS,ACE,CE,Federal Contract Tower,2,0,6,7,15,0,0,7,8,15,2,0,13,15,30,6,114,120,150
02/05/2022,FOE,KS,ACE,CE,Federal Contract Tower,2,1,0,0,3,0,0,1,0,1,2,1,1,0,4,0,0,0,4
02/06/2022,FOE,KS,ACE,CE,Federal Contract Tower,0,1,2,1,4,0,0,5,1,6,0,1,7,2,10,2,0,2,12
02/07/2022,FOE,KS,ACE,CE,Federal Contract Tower,0,2,11,12,25,0,2,3,6,11,0,4,14,18,36,8,36,44,80
02/08/2022,FOE,KS,ACE,CE,Federal Contract Tower,0,6,10,15,31,0,0,3,12,15,0,6,13,27,46,6,44,50,96
02/09/2022,FOE,KS,ACE,CE,Federal Contract Tower,0,2,14,14,30,0,0,4,0,4,0,2,18,14,34,0,0,0,34
02/10/2022,FOE,KS,ACE,CE,Federal Contract Tower,0,1,14,8,23,0,0,6,0,6,0,1,20,8,29,0,40,40,69
02/11/2022,FOE,KS,ACE,CE,Federal Contract Tower,1,0,13,15,29,0,0,3,4,7,1,0,16,19,36,0,54,54,90
02/12/2022,FOE,KS,ACE,CE,Federal Contract Tower,1,0,8,9,18,0,0,3,0,3,1,0,11,9,21,2,40,42,63
02/13/2022,FOE,KS,ACE,CE,Federal Contract Tower,0,0,4,0,4,0,0,5,0,5,0,0,9,0,9,0,0,0,9
02/14/2022,FOE,KS,ACE,CE,Federal Contract Tower,0,1,13,18,32,0,6,12,0,18,0,7,25,18,50,6,30,36,86
02/15/2022,FOE,KS,ACE,CE,Federal Contract Tower,0,1,14,8,23,0,0,0,6,6,0,1,14,14,29,16,2,18,47
02/16/2022,FOE,KS,ACE,CE,Federal Contract Tower,0,3,3,3,9,0,0,2,0,2,0,3,5,3,11,0,0,0,11
02/17/2022,FOE,KS,ACE,CE,Federal Contract Tower,1,3,3,0,7,0,0,0,0,0,1,3,3,0,7,0,0,0,7
02/18/2022,FOE,KS,ACE,CE,Federal Contract Tower,0,5,5,3,13,0,1,0,42,43,0,6,5,45,56,2,0,2,58
02/19/2022,FOE,KS,ACE,CE,Federal Contract Tower,0,2,3,3,8,0,0,7,0,7,0,2,10,3,15,2,0,2,17
02/20/2022,FOE,KS,ACE,CE,Federal Contract Tower,1,0,7,0,8,0,0,6,6,12,1,0,13,6,20,0,0,0,20
02/21/2022,FOE,KS,ACE,CE,Federal Contract Tower,0,0,13,0,13,0,0,11,0,11,0,0,24,0,24,8,0,8,32
02/22/2022,FOE,KS,ACE,CE,Federal Contract Tower,0,0,7,0,7,0,0,0,0,0,0,0,7,0,7,26,0,26,33
02/23/2022,FOE,KS,ACE,CE,Federal Contract Tower,0,0,5,8,13,0,0,6,3,9,0,0,11,11,22,4,56,60,82
02/24/2022,FOE,KS,ACE,CE,Federal Contract Tower,0,0,7,0,7,0,0,0,0,0,0,0,7,0,7,0,0,0,7
02/25/2022,FOE,KS,ACE,CE,Federal Contract Tower,2,8,7,13,30,0,0,4,0,4,2,8,11,13,34,6,20,26,60
02/26/2022,FOE,KS,ACE,CE,Federal Contract Tower,0,2,5,6,13,0,0,15,0,15,0,2,20,6,28,26,30,56,84
02/27/2022,FOE,KS,ACE,CE,Federal Contract Tower,3,2,4,11,20,0,0,14,0,14,3,2,18,11,34,20,18,38,72
02/28/2022,FOE,KS,ACE,CE,Federal Contract Tower,0,4,6,12,22,0,0,36,2,38,0,4,42,14,60,6,18,24,84
03/01/2022,FOE,KS,ACE,CE,Federal Contract Tower,0,0,12,6,18,0,0,16,13,29,0,0,28,19,47,6,24,30,77
03/02/2022,FOE,KS,ACE,CE,Federal Contract Tower,1,1,10,8,20,0,0,6,0,6,1,1,16,8,26,26,36,62,88
03/03/2022,FOE,KS,ACE,CE,Federal Contract Tower,1,1,10,7,19,0,0,6,0,6,1,1,16,7,25,6,20,26,51
03/04/2022,FOE,KS,ACE,CE,Federal Contract Tower,2,2,12,12,28,0,0,10,30,40,2,2,22,42,68,45,62,107,175
03/05/2022,FOE,KS,ACE,CE,Federal Contract Tower,0,4,2,0,6,0,0,0,0,0,0,4,2,0,6,0,0,0,6
03/06/2022,FOE,KS,ACE,CE,Federal Contract Tower,0,5,3,2,10,0,0,6,0,6,0,5,9,2,16,0,0,0,16
03/07/2022,FOE,KS,ACE,CE,Federal Contract Tower,0,4,13,9,26,0,0,5,2,7,0,4,18,11,33,6,0,6,39
03/08/2022,FOE,KS,ACE,CE,Federal Contract Tower,3,1,12,13,29,0,0,3,14,17,3,1,15,27,46,4,113,117,163
03/09/2022,FOE,KS,ACE,CE,Federal Contract Tower,0,0,7,5,12,0,0,8,2,10,0,0,15,7,22,0,52,52,74
03/10/2022,FOE,KS,ACE,CE,Federal Contract Tower,0,0,6,0,6,0,0,0,0,0,0,0,6,0,6,0,0,0,6
03/11/2022,FOE,KS,ACE,CE,Federal Contract Tower,0,1,7,1,9,0,0,4,40,44,0,1,11,41,53,0,22,22,75
03/12/2022,FOE,KS,ACE,CE,Federal Contract Tower,0,1,3,0,4,0,0,6,48,54,0,1,9,48,58,16,17,33,91
03/13/2022,FOE,KS,ACE,CE,Federal Contract Tower,0,2,8,3,13,0,0,22,0,22,0,2,30,3,35,36,12,48,83
03/14/2022,FOE,KS,ACE,CE,Federal Contract Tower,0,2,4,10,16,0,0,9,0,9,0,2,13,10,25,26,30,56,81
03/15/2022,FOE,KS,ACE,CE,Federal Contract Tower,1,3,5,20,29,0,0,14,10,24,1,3,19,30,53,14,94,108,161
03/16/2022,FOE,KS,ACE,CE,Federal Contract Tower,1,4,5,16,26,0,0,12,0,12,1,4,17,16,38,2,18,20,58
03/17/2022,FOE,KS,ACE,CE,Federal Contract Tower,2,0,5,9,16,0,0,5,0,5,2,0,10,9,21,4,36,40,61
03/18/2022,FOE,KS,ACE,CE,Federal Contract Tower,0,0,5,0,5,0,0,2,0,2,0,0,7,0,7,0,0,0,7
03/19/2022,FOE,KS,ACE,CE,Federal Contract Tower,1,0,6,8,15,0,0,4,0,4,1,0,10,8,19,0,44,44,63
03/20/2022,FOE,KS,ACE,CE,Federal Contract Tower,3,0,5,0,8,0,0,13,1,14,3,0,18,1,22,0,0,0,22
03/21/2022,FOE,KS,ACE,CE,Federal Contract Tower,2,0,12,1,15,0,0,2,0,2,2,0,14,1,17,0,0,0,17
03/22/2022,FOE,KS,ACE,CE,Federal Contract Tower,0,0,10,0,10,0,0,0,0,0,0,0,10,0,10,0,0,0,10
03/23/2022,FOE,KS,ACE,CE,Federal Contract Tower,0,0,8,7,15,0,0,0,0,0,0,0,8,7,15,0,6,6,21
03/24/2022,FOE,KS,ACE,CE,Federal Contract Tower,0,0,6,12,18,0,0,3,0,3,0,0,9,12,21,2,10,12,33
03/25/2022,FOE,KS,ACE,CE,Federal Contract Tower,0,0,14,5,19,0,0,16,28,44,0,0,30,33,63,2,80,82,145
03/26/2022,FOE,KS,ACE,CE,Federal Contract Tower,0,0,4,6,10,0,0,10,0,10,0,0,14,6,20,0,0,0,20
03/27/2022,FOE,KS,ACE,CE,Federal Contract Tower,1,0,5,0,6,0,0,7,1,8,1,0,12,1,14,4,0,4,18
03/28/2022,FOE,KS,ACE,CE,Federal Contract Tower,1,0,18,11,30,0,0,10,5,15,1,0,28,16,45,2,42,44,89
03/29/2022,FOE,KS,ACE,CE,Federal Contract Tower,0,0,10,15,25,0,0,8,2,10,0,0,18,17,35,0,24,24,59
03/30/2022,FOE,KS,ACE,CE,Federal Contract Tower,2,0,3,21,26,0,0,9,0,9,2,0,12,21,35,0,28,28,63
03/31/2022,FOE,KS,ACE,CE,Federal Contract Tower,0,2,12,3,17,0,0,1,2,3,0,2,13,5,20,0,46,46,66
04/01/2022,FOE,KS,ACE,CE,Federal Contract Tower,0,1,9,9,19,0,0,8,0,8,0,1,17,9,27,0,20,20,47
04/02/2022,FOE,KS,ACE,CE,Federal Contract Tower,0,0,4,6,10,0,0,18,0,18,0,0,22,6,28,0,10,10,38
04/03/2022,FOE,KS,ACE,CE,Federal Contract Tower,0,4,5,0,9,0,0,14,0,14,0,4,19,0,23,2,0,2,25
04/04/2022,FOE,KS,ACE,CE,Federal Contract Tower,0,4,4,14,22,0,0,11,3,14,0,4,15,17,36,6,64,70,106
04/05/2022,FOE,KS,ACE,CE,Federal Contract Tower,2,1,7,4,14,0,0,6,2,8,2,1,13,6,22,0,28,28,50
04/06/2022,FOE,KS,ACE,CE,Federal Contract Tower,0,0,11,10,21,0,0,6,4,10,0,0,17,14,31,0,72,72,103
04/07/2022,FOE,KS,ACE,CE,Federal Contract Tower,0,2,9,5,16,0,0,4,2,6,0,2,13,7,22,18,76,94,116
04/08/2022,FOE,KS,ACE,CE,Federal Contract Tower,0,0,14,17,31,0,0,4,18,22,0,0,18,35,53,0,58,58,111
04/09/2022,FOE,KS,ACE,CE,Federal Contract Tower,2,1,10,1,14,0,0,12,0,12,2,1,22,1,26,0,42,42,68
04/10/2022,FOE,KS,ACE,CE,Federal Contract Tower,0,0,17,13,30,0,0,8,10,18,0,0,25,23,48,0,8,8,56
04/11/2022,FOE,KS,ACE,CE,Federal Contract Tower,0,2,10,37,49,0,0,5,13,18,0,2,15,50,67,0,126,126,193
04/12/2022,FOE,KS,ACE,CE,Federal Contract Tower,0,0,1,4,5,0,0,4,12,16,0,0,5,16,21,0,0,0,21
04/13/2022,FOE,KS,ACE,CE,Federal Contract Tower,0,0,2,6,8,0,0,8,2,10,0,0,10,8,18,0,4,4,22
04/14/2022,FOE,KS,ACE,CE,Federal Contract Tower,0,0,10,9,19,0,0,17,0,17,0,0,27,9,36,0,52,52,88
04/15/2022,FOE,KS,ACE,CE,Federal Contract Tower,0,0,5,13,18,0,0,29,8,37,0,0,34,21,55,8,86,94,149
04/16/2022,FOE,KS,ACE,CE,Federal Contract Tower,0,0,5,0,5,0,0,8,0,8,0,0,13,0,13,10,0,10,23
04/17/2022,FOE,KS,ACE,CE,Federal Contract Tower,0,2,5,0,7,0,0,2,0,2,0,2,7,0,9,0,0,0,9
04/18/2022,FOE,KS,ACE,CE,Federal Contract Tower,0,0,15,20,35,0,0,11,6,17,0,0,26,26,52,40,64,104,156
04/19/2022,FOE,KS,ACE,CE,Federal Contract Tower,3,3,4,27,37,0,0,4,8,12,3,3,8,35,49,0,24,24,73
04/20/2022,FOE,KS,ACE,CE,Federal Contract Tower,0,4,5,8,17,0,0,2,0,2,0,4,7,8,19,4,38,42,61
04/21/2022,FOE,KS,ACE,CE,Federal Contract Tower,1,7,2,7,17,0,0,8,0,8,1,7,10,7,25,12,54,66,91
04/22/2022,FOE,KS,ACE,CE,Federal Contract Tower,0,4,5,9,18,0,0,6,0,6,0,4,11,9,24,0,0,0,24
04/23/2022,FOE,KS,ACE,CE,Federal Contract Tower,0,1,2,0,3,0,0,8,0,8,0,1,10,0,11,0,0,0,11
04/24/2022,FOE,KS,ACE,CE,Federal Contract Tower,0,3,6,0,9,0,0,20,10,30,0,3,26,10,39,0,2,2,41
04/25/2022,FOE,KS,ACE,CE,Federal Contract Tower,0,0,21,18,39,0,0,29,9,38,0,0,50,27,77,46,46,92,169
04/26/2022,FOE,KS,ACE,CE,Federal Contract Tower,0,4,9,21,34,0,0,12,14,26,0,4,21,35,60,4,70,74,134
04/27/2022,FOE,KS,ACE,CE,Federal Contract Tower,0,1,11,13,25,0,0,8,0,8,0,1,19,13,33,0,31,31,64
04/28/2022,FOE,KS,ACE,CE,Federal Contract Tower,0,1,3,10,14,0,0,8,0,8,0,1,11,10,22,0,30,30,52
04/29/2022,FOE,KS,ACE,CE,Federal Contract Tower,0,2,6,5,13,0,0,2,0,2,0,2,8,5,15,0,0,0,15
04/30/2022,FOE,KS,ACE,CE,Federal Contract Tower,0,4,4,2,10,0,0,2,0,2,0,4,6,2,12,0,0,0,12
05/01/2022,FOE,KS,ACE,CE,Federal Contract Tower,0,0,7,1,8,0,0,15,0,15,0,0,22,1,23,6,0,6,29
05/02/2022,FOE,KS,ACE,CE,Federal Contract Tower,0,0,1,2,3,0,0,0,0,0,0,0,1,2,3,0,0,0,3
05/03/2022,FOE,KS,ACE,CE,Federal Contract Tower,0,2,6,17,25,0,0,14,6,20,0,2,20,23,45,0,16,16,61
05/04/2022,FOE,KS,ACE,CE,Federal Contract Tower,2,4,3,9,18,0,0,8,0,8,2,4,11,9,26,0,0,0,26
05/05/2022,FOE,KS,ACE,CE,Federal Contract Tower,0,2,2,1,5,0,0,0,0,0,0,2,2,1,5,0,0,0,5
05/06/2022,FOE,KS,ACE,CE,Federal Contract Tower,0,0,9,16,25,0,0,6,10,16,0,0,15,26,41,6,20,26,67
05/07/2022,FOE,KS,ACE,CE,Federal Contract Tower,0,1,0,7,8,0,0,11,0,11,0,1,11,7,19,2,10,12,31
05/08/2022,FOE,KS,ACE,CE,Federal Contract Tower,2,0,9,10,21,0,0,4,0,4,2,0,13,10,25,0,0,0,25
05/09/2022,FOE,KS,ACE,CE,Federal Contract Tower,0,2,14,9,25,0,0,16,0,16,0,2,30,9,41,0,4,4,45
05/10/2022,FOE,KS,ACE,CE,Federal Contract Tower,0,4,9,18,31,0,0,2,10,12,0,4,11,28,43,12,40,52,95
05/11/2022,FOE,KS,ACE,CE,Federal Contract Tower,0,1,1,10,12,0,0,4,0,4,0,1,5,10,16,0,48,48,64
05/12/2022,FOE,KS,ACE,CE,Federal Contract Tower,0,3,11,10,24,0,0,7,0,7,0,3,18,10,31,12,16,28,59
05/13/2022,FOE,KS,ACE,CE,Federal Contract Tower,0,2,3,5,10,0,0,4,10,14,0,2,7,15,24,0,16,16,40
05/14/2022,FOE,KS,ACE,CE,Federal Contract Tower,0,3,9,5,17,0,0,16,8,24,0,3,25,13,41,2,8,10,51
05/15/2022,FOE,KS,ACE,CE,Federal Contract Tower,0,0,6,2,8,0,0,7,2,9,0,0,13,4,17,8,26,34,51
05/16/2022,FOE,KS,ACE,CE,Federal Contract Tower,0,3,10,30,43,0,0,5,5,10,0,3,15,35,53,0,60,60,113
05/17/2022,FOE,KS,ACE,CE,Federal Contract Tower,0,2,6,21,29,0,0,6,9,15,0,2,12,30,44,4,24,28,72
05/18/2022,FOE,KS,ACE,CE,Federal Contract Tower,0,4,5,12,21,0,0,14,0,14,0,4,19,12,35,44,110,154,189
05/19/2022,FOE,KS,ACE,CE,Federal Contract Tower,0,0,12,20,32,0,0,8,0,8,0,0,20,20,40,4,66,70,110
05/20/2022,FOE,KS,ACE,CE,Federal Contract Tower,2,1,7,16,26,0,0,6,0,6,2,1,13,16,32,2,16,18,50
05/21/2022,FOE,KS,ACE,CE,Federal Contract Tower,0,1,0,9,10,0,0,8,0,8,0,1,8,9,18,6,6,12,30
05/22/2022,FOE,KS,ACE,CE,Federal Contract Tower,0,2,4,2,8,0,0,7,0,7,0,2,11,2,15,8,0,8,23
05/23/2022,FOE,KS,ACE,CE,Federal Contract Tower,0,1,7,11,19,0,0,14,2,16,0,1,21,13,35,4,28,32,67
05/24/2022,FOE,KS,ACE,CE,Federal Contract Tower,1,3,8,4,16,0,0,0,0,0,1,3,8,4,16,0,0,0,16
05/25/2022,FOE,KS,ACE,CE,Federal Contract Tower,0,5,1,11,17,0,0,0,0,0,0,5,1,11,17,0,0,0,17
05/26/2022,FOE,KS,ACE,CE,Federal Contract Tower,0,1,10,11,22,0,0,0,0,0,0,1,10,11,22,0,0,0,22
05/27/2022,FOE,KS,ACE,CE,Federal Contract Tower,0,1,9,2,12,0,0,14,0,14,0,1,23,2,26,6,0,6,32
05/28/2022,FOE,KS,ACE,CE,Federal Contract Tower,3,1,1,1,6,0,0,2,0,2,3,1,3,1,8,0,0,0,8
05/29/2022,FOE,KS,ACE,CE,Federal Contract Tower,0,0,3,1,4,0,0,1,0,1,0,0,4,1,5,0,0,0,5
05/30/2022,FOE,KS,ACE,CE,Federal Contract Tower,0,0,5,0,5,0,0,0,0,0,0,0,5,0,5,0,0,0,5
05/31/2022,FOE,KS,ACE,CE,Federal Contract Tower,0,2,8,14,24,0,0,6,1,7,0,2,14,15,31,0,0,0,31
06/01/2022,FOE,KS,ACE,CE,Federal Contract Tower,0,0,6,14,20,0,0,2,10,12,0,0,8,24,32,0,32,32,64
06/02/2022,FOE,KS,ACE,CE,Federal Contract Tower,0,4,17,20,41,0,0,6,9,15,0,4,23,29,56,0,138,138,194
06/03/2022,FOE,KS,ACE,CE,Federal Contract Tower,0,5,7,12,24,0,0,16,10,26,0,5,23,22,50,0,52,52,102
06/04/2022,FOE,KS,ACE,CE,Federal Contract Tower,2,0,2,3,7,0,0,3,0,3,2,0,5,3,10,0,0,0,10
06/05/2022,FOE,KS,ACE,CE,Federal Contract Tower,2,1,4,2,9,0,0,9,1,10,2,1,13,3,19,4,0,4,23
06/06/2022,FOE,KS,ACE,CE,Federal Contract Tower,0,5,7,23,35,0,0,10,29,39,0,5,17,52,74,0,36,36,110
06/07/2022,FOE,KS,ACE,CE,Federal Contract Tower,0,3,4,22,29,0,0,17,11,28,0,3,21,33,57,28,42,70,127
06/08/2022,FOE,KS,ACE,CE,Federal Contract Tower,0,6,3,14,23,0,0,11,0,11,0,6,14,14,34,38,56,94,128
06/09/2022,FOE,KS,ACE,CE,Federal Contract Tower,0,3,1,12,16,0,0,0,0,0,0,3,1,12,16,16,54,70,86
06/10/2022,FOE,KS,ACE,CE,Federal Contract Tower,0,0,9,13,22,0,0,9,8,17,0,0,18,21,39,4,76,80,119
06/11/2022,FOE,KS,ACE,CE,Federal Contract Tower,0,0,9,7,16,0,0,8,2,10,0,0,17,9,26,4,16,20,46
06/12/2022,FOE,KS,ACE,CE,Federal Contract Tower,0,2,2,14,18,0,2,2,10,14,0,4,4,24,32,2,38,40,72
06/13/2022,FOE,KS,ACE,CE,Federal Contract Tower,0,0,5,7,12,0,0,8,7,15,0,0,13,14,27,0,2,2,29
06/14/2022,FOE,KS,ACE,CE,Federal Contract Tower,0,6,17,8,31,0,0,9,5,14,0,6,26,13,45,6,2,8,53
06/15/2022,FOE,KS,ACE,CE,Federal Contract Tower,0,2,3,19,24,0,0,8,0,8,0,2,11,19,32,0,26,26,58
06/16/2022,FOE,KS,ACE,CE,Federal Contract Tower,0,0,8,19,27,0,0,8,2,10,0,0,16,21,37,0,98,98,135
06/17/2022,FOE,KS,ACE,CE,Federal Contract Tower,0,2,5,12,19,0,2,13,0,15,0,4,18,12,34,2,24,26,60
06/18/2022,FOE,KS,ACE,CE,Federal Contract Tower,0,4,5,0,9,0,0,15,0,15,0,4,20,0,24,12,0,12,36
06/19/2022,FOE,KS,ACE,CE,Federal Contract Tower,2,0,8,2,12,0,0,10,0,10,2,0,18,2,22,6,0,6,28
06/20/2022,FOE,KS,ACE,CE,Federal Contract Tower,0,2,7,7,16,0,0,17,0,17,0,2,24,7,33,4,0,4,37
06/21/2022,FOE,KS,ACE,CE,Federal Contract Tower,0,0,11,21,32,0,0,18,3,21,0,0,29,24,53,10,62,72,125
06/22/2022,FOE,KS,ACE,CE,Federal Contract Tower,0,2,3,10,15,0,0,6,2,8,0,2,9,12,23,0,40,40,63
06/23/2022,FOE,KS,ACE,CE,Federal Contract Tower,0,3,6,2,11,0,0,0,0,0,0,3,6,2,11,14,0,14,25
06/24/2022,FOE,KS,ACE,CE,Federal Contract Tower,0,0,6,10,16,0,0,10,27,37,0,0,16,37,53,0,18,18,71
06/25/2022,FOE,KS,ACE,CE,Federal Contract Tower,0,2,5,4,11,0,0,3,0,3,0,2,8,4,14,0,0,0,14
06/26/2022,FOE,KS,ACE,CE,Federal Contract Tower,0,0,4,1,5,0,0,4,1,5,0,0,8,2,10,0,0,0,10
06/27/2022,FOE,KS,ACE,CE,Federal Contract Tower,2,2,10,17,31,0,0,19,9,28,2,2,29,26,59,22,80,102,161
06/28/2022,FOE,KS,ACE,CE,Federal Contract Tower,0,0,5,12,17,0,0,11,6,17,0,0,16,18,34,6,40,46,80
06/29/2022,FOE,KS,ACE,CE,Federal Contract Tower,0,4,7,12,23,0,0,11,1,12,0,4,18,13,35,22,60,82,117
06/30/2022,FOE,KS,ACE,CE,Federal Contract Tower,0,3,3,10,16,0,0,8,0,8,0,3,11,10,24,0,38,38,62
07/01/2022,FOE,KS,ACE,CE,Federal Contract Tower,0,4,5,9,18,0,11,9,6,26,0,15,14,15,44,36,16,52,96
07/02/2022,FOE,KS,ACE,CE,Federal Contract Tower,0,2,3,4,9,0,0,3,2,5,0,2,6,6,14,0,0,0,14
07/03/2022,FOE,KS,ACE,CE,Federal Contract Tower,0,2,4,1,7,0,0,0,3,3,0,2,4,4,10,2,12,14,24
07/04/2022,FOE,KS,ACE,CE,Federal Contract Tower,2,1,2,0,5,0,0,15,0,15,2,1,17,0,20,20,0,20,40
07/05/2022,FOE,KS,ACE,CE,Federal Contract Tower,0,4,10,8,22,0,0,11,1,12,0,4,21,9,34,0,52,52,86
07/06/2022,FOE,KS,ACE,CE,Federal Contract Tower,0,0,2,22,24,0,0,2,2,4,0,0,4,24,28,10,55,65,93
07/07/2022,FOE,KS,ACE,CE,Federal Contract Tower,2,0,6,9,17,0,0,6,0,6,2,0,12,9,23,12,30,42,65
07/08/2022,FOE,KS,ACE,CE,Federal Contract Tower,1,1,12,32,46,0,0,1,0,1,1,1,13,32,47,2,44,46,93
07/09/2022,FOE,KS,ACE,CE,Federal Contract Tower,1,0,10,0,11,0,0,2,16,18,1,0,12,16,29,2,0,2,31
07/10/2022,FOE,KS,ACE,CE,Federal Contract Tower,0,0,7,6,13,0,0,5,3,8,0,0,12,9,21,0,16,16,37
07/11/2022,FOE,KS,ACE,CE,Federal Contract Tower,0,0,17,20,37,0,0,10,2,12,0,0,27,22,49,6,60,66,115
07/12/2022,FOE,KS,ACE,CE,Federal Contract Tower,0,4,6,16,26,0,0,13,9,22,0,4,19,25,48,0,88,88,136
07/13/2022,FOE,KS,ACE,CE,Federal Contract Tower,0,0,9,18,27,0,0,8,3,11,0,0,17,21,38,0,148,148,186
07/14/2022,FOE,KS,ACE,CE,Federal Contract Tower,0,0,8,10,18,0,0,6,0,6,0,0,14,10,24,0,22,22,46
07/15/2022,FOE,KS,ACE,CE,Federal Contract Tower,0,1,11,12,24,0,0,24,4,28,0,1,35,16,52,18,48,66,118
07/16/2022,FOE,KS,ACE,CE,Federal Contract Tower,2,2,8,3,15,0,0,2,0,2,2,2,10,3,17,0,6,6,23
07/17/2022,FOE,KS,ACE,CE,Federal Contract Tower,2,1,6,4,13,0,0,9,0,9,2,1,15,4,22,12,4,16,38
07/18/2022,FOE,KS,ACE,CE,Federal Contract Tower,0,0,10,41,51,0,0,7,22,29,0,0,17,63,80,0,86,86,166
07/19/2022,FOE,KS,ACE,CE,Federal Contract Tower,2,1,10,15,28,0,0,15,7,22,2,1,25,22,50,12,32,44,94
07/20/2022,FOE,KS,ACE,CE,Federal Contract Tower,0,0,12,24,36,0,0,23,0,23,0,0,35,24,59,12,142,154,213
07/21/2022,FOE,KS,ACE,CE,Federal Contract Tower,0,0,7,25,32,0,0,11,24,35,0,0,18,49,67,4,110,114,181
07/22/2022,FOE,KS,ACE,CE,Federal Contract Tower,4,0,10,5,19,0,0,12,0,12,4,0,22,5,31,26,24,50,81
07/23/2022,FOE,KS,ACE,CE,Federal Contract Tower,2,3,9,3,17,0,0,5,0,5,2,3,14,3,22,0,14,14,36
07/24/2022,FOE,KS,ACE,CE,Federal Contract Tower,2,0,2,8,12,0,0,7,1,8,2,0,9,9,20,6,6,12,32
07/25/2022,FOE,KS,ACE,CE,Federal Contract Tower,0,0,17,19,36,0,0,3,0,3,0,0,20,19,39,0,2,2,41
07/26/2022,FOE,KS,ACE,CE,Federal Contract Tower,0,0,2,13,15,0,0,2,0,2,0,0,4,13,17,0,0,0,17
07/27/2022,FOE,KS,ACE,CE,Federal Contract Tower,2,0,10,14,26,0,0,0,0,0,2,0,10,14,26,0,0,0,26
07/28/2022,FOE,KS,ACE,CE,Federal Contract Tower,7,0,3,7,17,0,0,0,0,0,7,0,3,7,17,10,39,49,66
07/29/2022,FOE,KS,ACE,CE,Federal Contract Tower,6,0,5,7,18,0,0,20,6,26,6,0,25,13,44,0,14,14,58
07/30/2022,FOE,KS,ACE,CE,Federal Contract Tower,10,0,6,0,16,0,0,9,0,9,10,0,15,0,25,2,0,2,27
07/31/2022,FOE,KS,ACE,CE,Federal Contract Tower,6,2,13,1,22,0,0,8,2,10,6,2,21,3,32,0,0,0,32
08/01/2022,FOE,KS,ACE,CE,Federal Contract Tower,3,2,4,16,25,0,0,29,0,29,3,2,33,16,54,2,28,30,84
08/02/2022,FOE,KS,ACE,CE,Federal Contract Tower,0,0,15,10,25,0,0,10,5,15,0,0,25,15,40,0,36,36,76
08/03/2022,FOE,KS,ACE,CE,Federal Contract Tower,0,0,4,9,13,0,0,6,0,6,0,0,10,9,19,10,12,22,41
08/04/2022,FOE,KS,ACE,CE,Federal Contract Tower,0,2,22,8,32,0,0,16,4,20,0,2,38,12,52,34,10,44,96
08/05/2022,FOE,KS,ACE,CE,Federal Contract Tower,0,4,8,5,17,0,0,8,4,12,0,4,16,9,29,4,18,22,51
08/06/2022,FOE,KS,ACE,CE,Federal Contract Tower,0,4,6,1,11,0,0,4,5,9,0,4,10,6,20,0,0,0,20
08/07/2022,FOE,KS,ACE,CE,Federal Contract Tower,0,4,15,3,22,0,1,5,10,16,0,5,20,13,38,0,38,38,76
08/08/2022,FOE,KS,ACE,CE,Federal Contract Tower,0,0,12,14,26,0,0,4,4,8,0,0,16,18,34,2,22,24,58
08/09/2022,FOE,KS,ACE,CE,Federal Contract Tower,0,0,6,11,17,0,0,5,10,15,0,0,11,21,32,14,18,32,64
08/10/2022,FOE,KS,ACE,CE,Federal Contract Tower,0,0,9,16,25,0,0,8,0,8,0,0,17,16,33,10,10,20,53
08/11/2022,FOE,KS,ACE,CE,Federal Contract Tower,0,0,13,18,31,0,0,10,0,10,0,0,23,18,41,14,24,38,79
08/12/2022,FOE,KS,ACE,CE,Federal Contract Tower,0,3,14,27,44,0,0,7,13,20,0,3,21,40,64,4,128,132,196
08/13/2022,FOE,KS,ACE,CE,Federal Contract Tower,0,2,9,4,15,0,0,12,0,12,0,2,21,4,27,0,40,40,67
08/14/2022,FOE,KS,ACE,CE,Federal Contract Tower,0,1,30,1,32,0,1,13,4,18,0,2,43,5,50,10,6,16,66
08/15/2022,FOE,KS,ACE,CE,Federal Contract Tower,0,0,9,15,24,0,0,9,1,10,0,0,18,16,34,8,18,26,60
08/16/2022,FOE,KS,ACE,CE,Federal Contract Tower,0,0,10,2,12,0,0,0,0,0,0,0,10,2,12,0,0,0,12
08/17/2022,FOE,KS,ACE,CE,Federal Contract Tower,0,0,9,20,29,0,0,8,0,8,0,0,17,20,37,0,38,38,75
08/18/2022,FOE,KS,ACE,CE,Federal Contract Tower,0,0,9,12,21,0,0,6,1,7,0,0,15,13,28,4,22,26,54
08/19/2022,FOE,KS,ACE,CE,Federal Contract Tower,0,0,11,3,14,0,0,2,12,14,0,0,13,15,28,0,16,16,44
08/20/2022,FOE,KS,ACE,CE,Federal Contract Tower,0,0,5,4,9,0,0,9,14,23,0,0,14,18,32,24,10,34,66
08/22/2022,FOE,KS,ACE,CE,Federal Contract Tower,1,0,9,17,27,0,0,6,5,11,1,0,15,22,38,0,22,22,60
08/23/2022,FOE,KS,ACE,CE,Federal Contract Tower,0,0,10,32,42,0,0,8,13,21,0,0,18,45,63,0,113,113,176
08/24/2022,FOE,KS,ACE,CE,Federal Contract Tower,0,0,13,9,22,0,0,8,0,8,0,0,21,9,30,2,40,42,72
08/25/2022,FOE,KS,ACE,CE,Federal Contract Tower,0,0,10,8,18,0,0,1,0,1,0,0,11,8,19,0,0,0,19
08/26/2022,FOE,KS,ACE,CE,Federal Contract Tower,0,2,11,13,26,0,0,27,2,29,0,2,38,15,55,28,118,146,201
08/27/2022,FOE,KS,ACE,CE,Federal Contract Tower,0,0,1,3,4,0,0,3,0,3,0,0,4,3,7,0,0,0,7
08/28/2022,FOE,KS,ACE,CE,Federal Contract Tower,0,0,5,3,8,0,0,0,0,0,0,0,5,3,8,0,2,2,10
08/29/2022,FOE,KS,ACE,CE,Federal Contract Tower,10,5,3,4,22,0,0,7,3,10,10,5,10,7,32,8,16,24,56
08/30/2022,FOE,KS,ACE,CE,Federal Contract Tower,6,2,11,19,38,0,0,9,9,18,6,2,20,28,56,10,48,58,114
08/31/2022,FOE,KS,ACE,CE,Federal Contract Tower,8,0,16,11,35,0,0,23,12,35,8,0,39,23,70,10,28,38,108
09/01/2022,FOE,KS,ACE,CE,Federal Contract Tower,3,0,4,10,17,0,0,13,0,13,3,0,17,10,30,0,34,34,64
09/02/2022,FOE,KS,ACE,CE,Federal Contract Tower,1,0,9,2,12,0,0,8,0,8,1,0,17,2,20,48,0,48,68
09/03/2022,FOE,KS,ACE,CE,Federal Contract Tower,0,1,8,1,10,0,0,16,0,16,0,1,24,1,26,4,0,4,30
09/04/2022,FOE,KS,ACE,CE,Federal Contract Tower,0,0,2,4,6,0,0,7,0,7,0,0,9,4,13,2,0,2,15
09/05/2022,FOE,KS,ACE,CE,Federal Contract Tower,0,0,8,3,11,0,0,6,0,6,0,0,14,3,17,0,0,0,17
09/06/2022,FOE,KS,ACE,CE,Federal Contract Tower,0,0,10,25,35,0,0,14,10,24,0,0,24,35,59,4,40,44,103
09/07/2022,FOE,KS,ACE,CE,Federal Contract Tower,0,0,30,25,55,0,0,16,0,16,0,0,46,25,71,24,142,166,237
09/08/2022,FOE,KS,ACE,CE,Federal Contract Tower,0,3,18,10,31,0,0,10,0,10,0,3,28,10,41,36,54,90,131
09/09/2022,FOE,KS,ACE,CE,Federal Contract Tower,1,7,12,27,47,0,0,2,8,10,1,7,14,35,57,8,104,112,169
09/10/2022,FOE,KS,ACE,CE,Federal Contract Tower,0,0,3,0,3,0,0,0,0,0,0,0,3,0,3,0,0,0,3
09/11/2022,FOE,KS,ACE,CE,Federal Contract Tower,0,3,13,7,23,0,0,21,1,22,0,3,34,8,45,54,0,54,99
09/12/2022,FOE,KS,ACE,CE,Federal Contract Tower,0,2,10,16,28,0,0,9,5,14,0,2,19,21,42,4,52,56,98
09/13/2022,FOE,KS,ACE,CE,Federal Contract Tower,0,0,4,18,22,0,0,5,8,13,0,0,9,26,35,4,68,72,107
09/14/2022,FOE,KS,ACE,CE,Federal Contract Tower,0,0,7,18,25,0,0,8,0,8,0,0,15,18,33,0,36,36,69
09/16/2022,FOE,KS,ACE,CE,Federal Contract Tower,1,0,3,9,13,0,0,2,50,52,1,0,5,59,65,2,12,14,79
09/17/2022,FOE,KS,ACE,CE,Federal Contract Tower,0,1,5,0,6,0,0,1,0,1,0,1,6,0,7,8,0,8,15
09/18/2022,FOE,KS,ACE,CE,Federal Contract Tower,0,1,8,0,9,0,0,0,0,0,0,1,8,0,9,6,0,6,15
09/19/2022,FOE,KS,ACE,CE,Federal Contract Tower,0,3,10,19,32,0,0,29,7,36,0,3,39,26,68,14,40,54,122
09/20/2022,FOE,KS,ACE,CE,Federal Contract Tower,0,1,11,12,24,0,0,20,9,29,0,1,31,21,53,26,24,50,103
09/21/2022,FOE,KS,ACE,CE,Federal Contract Tower,0,0,5,14,19,0,0,7,0,7,0,0,12,14,26,10,14,24,50
09/22/2022,FOE,KS,ACE,CE,Federal Contract Tower,0,0,9,4,13,0,0,8,0,8,0,0,17,4,21,22,0,22,43
09/23/2022,FOE,KS,ACE,CE,Federal Contract Tower,2,0,12,23,37,0,0,7,9,16,2,0,19,32,53,28,34,62,115
09/24/2022,FOE,KS,ACE,CE,Federal Contract Tower,2,0,6,1,9,0,0,10,0,10,2,0,16,1,19,4,0,4,23
09/25/2022,FOE,KS,ACE,CE,Federal Contract Tower,0,0,7,7,14,0,1,14,6,21,0,1,21,13,35,0,20,20,55
09/26/2022,FOE,KS,ACE,CE,Federal Contract Tower,0,0,10,5,15,0,0,15,7,22,0,0,25,12,37,14,50,64,101
09/27/2022,FOE,KS,ACE,CE,Federal Contract Tower,0,0,14,7,21,0,0,1,1,2,0,0,15,8,23,2,8,10,33
09/28/2022,FOE,KS,ACE,CE,Federal Contract Tower,2,0,11,12,25,0,0,9,0,9,2,0,20,12,34,2,38,40,74
09/29/2022,FOE,KS,ACE,CE,Federal Contract Tower,0,0,18,13,31,0,0,11,0,11,0,0,29,13,42,4,44,48,90
09/30/2022,FOE,KS,ACE,CE,Federal Contract Tower,0,4,9,16,29,0,0,12,16,28,0,4,21,32,57,30,48,78,135
10/01/2022,FOE,KS,ACE,CE,Federal Contract Tower,0,0,3,0,3,0,0,4,14,18,0,0,7,14,21,16,8,24,45
10/02/2022,FOE,KS,ACE,CE,Federal Contract Tower,0,0,8,0,8,0,0,7,0,7,0,0,15,0,15,6,0,6,21
10/03/2022,FOE,KS,ACE,CE,Federal Contract Tower,0,0,18,11,29,0,0,14,8,22,0,0,32,19,51,16,34,50,101
10/04/2022,FOE,KS,ACE,CE,Federal Contract Tower,0,3,6,11,20,0,0,9,4,13,0,3,15,15,33,6,10,16,49
10/05/2022,FOE,KS,ACE,CE,Federal Contract Tower,0,0,12,34,46,0,0,12,0,12,0,0,24,34,58,20,94,114,172
10/06/2022,FOE,KS,ACE,CE,Federal Contract Tower,0,0,6,18,24,0,0,11,0,11,0,0,17,18,35,0,56,56,91
10/07/2022,FOE,KS,ACE,CE,Federal Contract Tower,0,0,19,8,27,0,0,1,0,1,0,0,20,8,28,3,12,15,43
10/08/2022,FOE,KS,ACE,CE,Federal Contract Tower,2,0,6,0,8,0,0,2,0,2,2,0,8,0,10,0,0,0,10
10/09/2022,FOE,KS,ACE,CE,Federal Contract Tower,0,2,11,2,15,0,0,7,0,7,0,2,18,2,22,0,0,0,22
10/10/2022,FOE,KS,ACE,CE,Federal Contract Tower,0,0,14,3,17,0,0,12,0,12,0,0,26,3,29,14,0,14,43
10/12/2022,FOE,KS,ACE,CE,Federal Contract Tower,2,0,14,18,34,0,0,8,5,13,2,0,22,23,47,0,30,30,77
10/13/2022,FOE,KS,ACE,CE,Federal Contract Tower,0,0,8,10,18,0,0,8,0,8,0,0,16,10,26,0,28,28,54
10/14/2022,FOE,KS,ACE,CE,Federal Contract Tower,0,2,10,6,18,0,0,5,14,19,0,2,15,20,37,10,2,12,49
10/15/2022,FOE,KS,ACE,CE,Federal Contract Tower,0,0,7,5,12,0,0,4,8,12,0,0,11,13,24,8,6,14,38
10/16/2022,FOE,KS,ACE,CE,Federal Contract Tower,0,0,11,3,14,0,0,2,3,5,0,0,13,6,19,2,2,4,23
10/17/2022,FOE,KS,ACE,CE,Federal Contract Tower,0,0,11,19,30,0,0,11,4,15,0,0,22,23,45,12,50,62,107
10/18/2022,FOE,KS,ACE,CE,Federal Contract Tower,0,1,13,24,38,0,0,11,10,21,0,1,24,34,59,0,6,6,65
10/19/2022,FOE,KS,ACE,CE,Federal Contract Tower,0,0,12,20,32,0,0,0,22,22,0,0,12,42,54,0,0,0,54
10/20/2022,FOE,KS,ACE,CE,Federal Contract Tower,0,1,11,5,17,0,0,6,6,12,0,1,17,11,29,0,0,0,29
10/21/2022,FOE,KS,ACE,CE,Federal Contract Tower,1,2,8,8,19,0,0,3,0,3,1,2,11,8,22,10,6,16,38
10/22/2022,FOE,KS,ACE,CE,Federal Contract Tower,2,0,7,2,11,0,0,1,0,1,2,0,8,2,12,0,0,0,12
10/23/2022,FOE,KS,ACE,CE,Federal Contract Tower,0,0,3,0,3,0,0,0,0,0,0,0,3,0,3,0,0,0,3
10/24/2022,FOE,KS,ACE,CE,Federal Contract Tower,0,0,11,42,53,0,0,0,1,1,0,0,11,43,54,0,14,14,68
10/25/2022,FOE,KS,ACE,CE,Federal Contract Tower,0,0,14,14,28,0,0,14,6,20,0,0,28,20,48,0,22,22,70
10/26/2022,FOE,KS,ACE,CE,Federal Contract Tower,0,0,13,13,26,0,0,32,10,42,0,0,45,23,68,6,42,48,116
10/27/2022,FOE,KS,ACE,CE,Federal Contract Tower,0,0,6,34,40,0,0,18,0,18,0,0,24,34,58,28,100,128,186
10/28/2022,FOE,KS,ACE,CE,Federal Contract Tower,0,0,16,13,29,0,0,1,9,10,0,0,17,22,39,10,86,96,135
10/29/2022,FOE,KS,ACE,CE,Federal Contract Tower,0,2,5,3,10,0,0,3,0,3,0,2,8,3,13,10,0,10,23
10/30/2022,FOE,KS,ACE,CE,Federal Contract Tower,0,2,3,10,15,0,0,9,2,11,0,2,12,12,26,0,20,20,46
10/31/2022,FOE,KS,ACE,CE,Federal Contract Tower,0,0,7,8,15,0,0,17,2,19,0,0,24,10,34,24,6,30,64
11/01/2022,FOE,KS,ACE,CE,Federal Contract Tower,0,0,12,11,23,0,0,7,4,11,0,0,19,15,34,6,20,26,60
11/02/2022,FOE,KS,ACE,CE,Federal Contract Tower,0,0,9,3,12,0,0,0,0,0,0,0,9,3,12,0,0,0,12
11/03/2022,FOE,KS,ACE,CE,Federal Contract Tower,0,0,6,1,7,0,0,2,1,3,0,0,8,2,10,0,0,0,10
11/04/2022,FOE,KS,ACE,CE,Federal Contract Tower,2,3,3,2,10,0,0,0,0,0,2,3,3,2,10,0,0,0,10
11/05/2022,FOE,KS,ACE,CE,Federal Contract Tower,2,1,4,1,8,0,0,3,5,8,2,1,7,6,16,0,0,0,16
11/06/2022,FOE,KS,ACE,CE,Federal Contract Tower,0,2,11,6,19,0,0,8,0,8,0,2,19,6,27,5,0,5,32
11/07/2022,FOE,KS,ACE,CE,Federal Contract Tower,0,1,10,15,26,0,0,7,3,10,0,1,17,18,36,16,18,34,70
11/08/2022,FOE,KS,ACE,CE,Federal Contract Tower,0,0,13,20,33,0,0,3,2,5,0,0,16,22,38,0,10,10,48
11/09/2022,FOE,KS,ACE,CE,Federal Contract Tower,0,0,3,10,13,0,0,5,0,5,0,0,8,10,18,0,14,14,32
11/10/2022,FOE,KS,ACE,CE,Federal Contract Tower,0,1,8,11,20,0,0,8,0,8,0,1,16,11,28,0,10,10,38
11/11/2022,FOE,KS,ACE,CE,Federal Contract Tower,2,0,11,0,13,0,0,5,0,5,2,0,16,0,18,6,0,6,24
11/12/2022,FOE,KS,ACE,CE,Federal Contract Tower,2,2,4,0,8,0,0,12,1,13,2,2,16,1,21,10,6,16,37
11/13/2022,FOE,KS,ACE,CE,Federal Contract Tower,0,0,7,0,7,0,0,4,0,4,0,0,11,0,11,2,0,2,13
11/14/2022,FOE,KS,ACE,CE,Federal Contract Tower,6,0,11,4,21,0,0,6,2,8,6,0,17,6,29,0,16,16,45
11/15/2022,FOE,KS,ACE,CE,Federal Contract Tower,2,0,10,19,31,0,0,10,6,16,2,0,20,25,47,16,8,24,71
11/16/2022,FOE,KS,ACE,CE,Federal Contract Tower,0,0,7,16,23,0,0,8,0,8,0,0,15,16,31,4,26,30,61
11/17/2022,FOE,KS,ACE,CE,Federal Contract Tower,0,2,3,13,18,0,0,8,0,8,0,2,11,13,26,0,24,24,50
11/18/2022,FOE,KS,ACE,CE,Federal Contract Tower,0,4,7,29,40,0,0,8,14,22,0,4,15,43,62,16,108,124,186
11/19/2022,FOE,KS,ACE,CE,Federal Contract Tower,4,0,6,3,13,0,0,9,0,9,4,0,15,3,22,22,0,22,44
11/20/2022,FOE,KS,ACE,CE,Federal Contract Tower,1,0,3,9,13,0,0,9,12,21,1,0,12,21,34,6,56,62,96
11/21/2022,FOE,KS,ACE,CE,Federal Contract Tower,0,4,5,23,32,0,0,3,18,21,0,4,8,41,53,0,88,88,141
11/22/2022,FOE,KS,ACE,CE,Federal Contract Tower,1,3,4,34,42,0,0,12,9,21,1,3,16,43,63,0,68,68,131
11/23/2022,FOE,KS,ACE,CE,Federal Contract Tower,0,4,10,9,23,0,0,8,1,9,0,4,18,10,32,4,36,40,72
11/24/2022,FOE,KS,ACE,CE,Federal Contract Tower,0,0,0,0,0,0,0,0,0,0,0,0,0,0,0,0,0,0,0
11/25/2022,FOE,KS,ACE,CE,Federal Contract Tower,2,0,3,0,5,0,0,0,0,0,2,0,3,0,5,0,0,0,5
11/26/2022,FOE,KS,ACE,CE,Federal Contract Tower,5,2,4,0,11,0,0,0,0,0,5,2,4,0,11,0,0,0,11
11/27/2022,FOE,KS,ACE,CE,Federal Contract Tower,3,5,5,0,13,0,0,5,0,5,3,5,10,0,18,18,0,18,36
11/28/2022,FOE,KS,ACE,CE,Federal Contract Tower,4,0,9,17,30,0,0,13,8,21,4,0,22,25,51,4,56,60,111
11/29/2022,FOE,KS,ACE,CE,Federal Contract Tower,1,0,4,15,20,0,0,8,6,14,1,0,12,21,34,0,42,42,76
11/30/2022,FOE,KS,ACE,CE,Federal Contract Tower,0,0,12,12,24,0,0,8,0,8,0,0,20,12,32,6,26,32,64
12/01/2022,FOE,KS,ACE,CE,Federal Contract Tower,0,0,10,12,22,0,0,2,0,2,0,0,12,12,24,0,0,0,24
12/02/2022,FOE,KS,ACE,CE,Federal Contract Tower,1,0,7,6,14,0,0,4,0,4,1,0,11,6,18,0,0,0,18
12/03/2022,FOE,KS,ACE,CE,Federal Contract Tower,4,0,7,6,17,0,0,6,18,24,4,0,13,24,41,6,26,32,73
12/04/2022,FOE,KS,ACE,CE,Federal Contract Tower,0,0,5,14,19,0,0,8,6,14,0,0,13,20,33,10,22,32,65
12/05/2022,FOE,KS,ACE,CE,Federal Contract Tower,1,0,14,33,48,0,0,4,10,14,1,0,18,43,62,0,34,34,96
12/06/2022,FOE,KS,ACE,CE,Federal Contract Tower,0,2,14,21,37,0,0,8,1,9,0,2,22,22,46,0,24,24,70
12/07/2022,FOE,KS,ACE,CE,Federal Contract Tower,0,0,11,17,28,0,0,8,0,8,0,0,19,17,36,14,66,80,116
12/08/2022,FOE,KS,ACE,CE,Federal Contract Tower,1,0,1,3,5,0,0,0,0,0,1,0,1,3,5,0,0,0,5
12/09/2022,FOE,KS,ACE,CE,Federal Contract Tower,0,0,13,2,15,0,0,0,0,0,0,0,13,2,15,0,0,0,15
12/10/2022,FOE,KS,ACE,CE,Federal Contract Tower,0,0,7,0,7,0,0,7,0,7,0,0,14,0,14,0,0,0,14
12/12/2022,FOE,KS,ACE,CE,Federal Contract Tower,0,3,12,2,17,0,0,0,0,0,0,3,12,2,17,0,0,0,17
12/14/2022,FOE,KS,ACE,CE,Federal Contract Tower,0,1,16,4,21,0,0,0,0,0,0,1,16,4,21,16,42,58,79
12/15/2022,FOE,KS,ACE,CE,Federal Contract Tower,0,0,1,12,13,0,0,12,14,26,0,0,13,26,39,0,24,24,63
12/16/2022,FOE,KS,ACE,CE,Federal Contract Tower,0,1,29,27,57,0,0,16,42,58,0,1,45,69,115,4,62,66,181
12/17/2022,FOE,KS,ACE,CE,Federal Contract Tower,2,1,10,2,15,0,0,0,0,0,2,1,10,2,15,0,0,0,15
12/18/2022,FOE,KS,ACE,CE,Federal Contract Tower,0,0,6,0,6,0,0,15,0,15,0,0,21,0,21,0,0,0,21
12/19/2022,FOE,KS,ACE,CE,Federal Contract Tower,0,0,7,5,12,0,0,0,9,9,0,0,7,14,21,0,4,4,25
12/20/2022,FOE,KS,ACE,CE,Federal Contract Tower,0,3,4,18,25,0,0,0,0,0,0,3,4,18,25,0,0,0,25
12/21/2022,FOE,KS,ACE,CE,Federal Contract Tower,0,0,4,4,8,0,0,0,0,0,0,0,4,4,8,0,0,0,8
12/22/2022,FOE,KS,ACE,CE,Federal Contract Tower,0,0,1,0,1,0,0,0,0,0,0,0,1,0,1,0,0,0,1
12/23/2022,FOE,KS,ACE,CE,Federal Contract Tower,0,0,6,0,6,0,0,0,0,0,0,0,6,0,6,0,0,0,6
12/24/2022,FOE,KS,ACE,CE,Federal Contract Tower,0,1,1,0,2,0,0,2,0,2,0,1,3,0,4,0,0,0,4
12/25/2022,FOE,KS,ACE,CE,Federal Contract Tower,2,0,1,0,3,0,0,10,0,10,2,0,11,0,13,4,0,4,17
12/26/2022,FOE,KS,ACE,CE,Federal Contract Tower,0,0,1,0,1,0,0,2,0,2,0,0,3,0,3,0,0,0,3
12/27/2022,FOE,KS,ACE,CE,Federal Contract Tower,2,1,9,0,12,0,0,2,0,2,2,1,11,0,14,0,0,0,14
12/28/2022,FOE,KS,ACE,CE,Federal Contract Tower,0,1,7,3,11,0,0,8,0,8,0,1,15,3,19,0,0,0,19
12/29/2022,FOE,KS,ACE,CE,Federal Contract Tower,0,0,12,13,25,0,0,9,0,9,0,0,21,13,34,0,0,0,34
12/30/2022,FOE,KS,ACE,CE,Federal Contract Tower,0,0,16,6,22,0,0,13,0,13,0,0,29,6,35,68,44,112,147
12/31/2022,FOE,KS,ACE,CE,Federal Contract Tower,2,1,1,0,4,0,0,5,0,5,2,1,6,0,9,0,0,0,9
01/01/2023,FOE,KS,ACE,CE,Federal Contract Tower,0,0,13,0,13,0,0,26,0,26,0,0,39,0,39,12,0,12,51
01/02/2023,FOE,KS,ACE,CE,Federal Contract Tower,2,0,3,0,5,0,0,0,0,0,2,0,3,0,5,0,0,0,5
01/03/2023,FOE,KS,ACE,CE,Federal Contract Tower,0,0,5,6,11,0,0,3,0,3,0,0,8,6,14,4,0,4,18
01/04/2023,FOE,KS,ACE,CE,Federal Contract Tower,0,0,5,14,19,0,0,2,0,2,0,0,7,14,21,4,102,106,127
01/05/2023,FOE,KS,ACE,CE,Federal Contract Tower,0,1,14,23,38,0,0,4,17,21,0,1,18,40,59,0,98,98,157
01/06/2023,FOE,KS,ACE,CE,Federal Contract Tower,4,1,10,22,37,0,0,3,33,36,4,1,13,55,73,0,172,172,245
01/07/2023,FOE,KS,ACE,CE,Federal Contract Tower,1,0,7,4,12,0,4,0,48,52,1,4,7,52,64,0,112,112,176
01/08/2023,FOE,KS,ACE,CE,Federal Contract Tower,0,2,4,5,11,0,0,12,0,12,0,2,16,5,23,0,0,0,23
01/09/2023,FOE,KS,ACE,CE,Federal Contract Tower,2,1,9,17,29,0,0,2,4,6,2,1,11,21,35,2,32,34,69
01/10/2023,FOE,KS,ACE,CE,Federal Contract Tower,0,0,12,9,21,0,0,8,0,8,0,0,20,9,29,0,42,42,71
01/11/2023,FOE,KS,ACE,CE,Federal Contract Tower,0,0,10,12,22,0,0,2,0,2,0,0,12,12,24,0,20,20,44
01/12/2023,FOE,KS,ACE,CE,Federal Contract Tower,0,0,5,3,8,0,0,0,0,0,0,0,5,3,8,0,0,0,8
01/13/2023,FOE,KS,ACE,CE,Federal Contract Tower,2,0,17,2,21,0,0,3,0,3,2,0,20,2,24,0,0,0,24
01/14/2023,FOE,KS,ACE,CE,Federal Contract Tower,2,0,7,2,11,0,0,10,0,10,2,0,17,2,21,6,0,6,27
01/15/2023,FOE,KS,ACE,CE,Federal Contract Tower,0,0,4,0,4,0,0,0,0,0,0,0,4,0,4,0,0,0,4
01/16/2023,FOE,KS,ACE,CE,Federal Contract Tower,2,0,5,0,7,0,0,8,0,8,2,0,13,0,15,0,0,0,15
01/17/2023,FOE,KS,ACE,CE,Federal Contract Tower,0,4,9,20,33,0,0,10,2,12,0,4,19,22,45,0,10,10,55
01/18/2023,FOE,KS,ACE,CE,Federal Contract Tower,0,0,4,0,4,0,0,0,0,0,0,0,4,0,4,0,0,0,4
01/19/2023,FOE,KS,ACE,CE,Federal Contract Tower,0,0,4,8,12,0,0,0,0,0,0,0,4,8,12,0,40,40,52
01/20/2023,FOE,KS,ACE,CE,Federal Contract Tower,1,0,12,17,30,0,0,18,32,50,1,0,30,49,80,30,70,100,180
01/21/2023,FOE,KS,ACE,CE,Federal Contract Tower,1,0,2,0,3,0,0,0,0,0,1,0,2,0,3,0,0,0,3
01/22/2023,FOE,KS,ACE,CE,Federal Contract Tower,2,0,6,0,8,0,0,0,0,0,2,0,6,0,8,0,0,0,8
01/23/2023,FOE,KS,ACE,CE,Federal Contract Tower,0,0,12,14,26,0,0,4,0,4,0,0,16,14,30,18,6,24,54
01/24/2023,FOE,KS,ACE,CE,Federal Contract Tower,1,0,13,12,26,0,0,13,0,13,1,0,26,12,39,2,42,44,83
01/25/2023,FOE,KS,ACE,CE,Federal Contract Tower,0,1,3,5,9,0,0,0,0,0,0,1,3,5,9,0,22,22,31
01/26/2023,FOE,KS,ACE,CE,Federal Contract Tower,0,0,7,18,25,0,0,0,0,0,0,0,7,18,25,2,66,68,93
01/27/2023,FOE,KS,ACE,CE,Federal Contract Tower,4,2,11,7,24,0,0,4,8,12,4,2,15,15,36,0,70,70,106
01/28/2023,FOE,KS,ACE,CE,Federal Contract Tower,0,2,0,0,2,0,0,4,0,4,0,2,4,0,6,12,0,12,18
01/29/2023,FOE,KS,ACE,CE,Federal Contract Tower,1,2,6,0,9,0,0,1,0,1,1,2,7,0,10,0,0,0,10
01/30/2023,FOE,KS,ACE,CE,Federal Contract Tower,0,1,10,15,26,0,0,3,52,55,0,1,13,67,81,6,14,20,101
01/31/2023,FOE,KS,ACE,CE,Federal Contract Tower,3,0,5,16,24,0,0,14,21,35,3,0,19,37,59,0,60,60,119
02/01/2023,FOE,KS,ACE,CE,Federal Contract Tower,0,0,7,23,30,0,0,32,58,90,0,0,39,81,120,0,0,0,120
02/02/2023,FOE,KS,ACE,CE,Federal Contract Tower,2,0,8,9,19,0,0,0,0,0,2,0,8,9,19,6,112,118,137
02/03/2023,FOE,KS,ACE,CE,Federal Contract Tower,1,0,12,6,19,0,0,2,9,11,1,0,14,15,30,7,26,33,63
02/04/2023,FOE,KS,ACE,CE,Federal Contract Tower,3,0,2,5,10,0,0,2,0,2,3,0,4,5,12,0,40,40,52
02/05/2023,FOE,KS,ACE,CE,Federal Contract Tower,0,0,4,6,10,0,0,18,0,18,0,0,22,6,28,6,0,6,34
02/06/2023,FOE,KS,ACE,CE,Federal Contract Tower,1,0,8,22,31,0,0,14,2,16,1,0,22,24,47,0,20,20,67
02/07/2023,FOE,KS,ACE,CE,Federal Contract Tower,0,0,8,13,21,0,0,8,0,8,0,0,16,13,29,40,40,80,109
02/08/2023,FOE,KS,ACE,CE,Federal Contract Tower,0,0,4,25,29,0,0,0,0,0,0,0,4,25,29,0,58,58,87
02/09/2023,FOE,KS,ACE,CE,Federal Contract Tower,0,0,6,19,25,0,0,0,0,0,0,0,6,19,25,0,56,56,81
02/10/2023,FOE,KS,ACE,CE,Federal Contract Tower,0,3,5,16,24,0,0,3,2,5,0,3,8,18,29,8,24,32,61
02/11/2023,FOE,KS,ACE,CE,Federal Contract Tower,5,0,2,6,13,0,0,2,0,2,5,0,4,6,15,6,0,6,21
02/12/2023,FOE,KS,ACE,CE,Federal Contract Tower,0,0,3,0,3,0,0,7,0,7,0,0,10,0,10,0,0,0,10
02/13/2023,FOE,KS,ACE,CE,Federal Contract Tower,1,1,5,11,18,0,0,9,0,9,1,1,14,11,27,0,0,0,27
02/14/2023,FOE,KS,ACE,CE,Federal Contract Tower,0,0,11,3,14,0,0,0,0,0,0,0,11,3,14,0,14,14,28
02/15/2023,FOE,KS,ACE,CE,Federal Contract Tower,4,1,7,2,14,0,0,4,0,4,4,1,11,2,18,0,20,20,38
02/16/2023,FOE,KS,ACE,CE,Federal Contract Tower,0,0,1,0,1,0,0,0,0,0,0,0,1,0,1,0,0,0,1
02/17/2023,FOE,KS,ACE,CE,Federal Contract Tower,3,3,6,2,14,0,0,0,0,0,3,3,6,2,14,4,0,4,18
02/18/2023,FOE,KS,ACE,CE,Federal Contract Tower,4,11,6,0,21,0,0,0,0,0,4,11,6,0,21,18,0,18,39
02/19/2023,FOE,KS,ACE,CE,Federal Contract Tower,0,0,6,1,7,0,0,6,1,7,0,0,12,2,14,0,26,26,40
02/20/2023,FOE,KS,ACE,CE,Federal Contract Tower,0,0,11,0,11,0,0,7,0,7,0,0,18,0,18,16,0,16,34
02/21/2023,FOE,KS,ACE,CE,Federal Contract Tower,0,1,7,8,16,0,0,14,10,24,0,1,21,18,40,0,12,12,52
02/22/2023,FOE,KS,ACE,CE,Federal Contract Tower,1,1,4,4,10,0,0,0,0,0,1,1,4,4,10,0,6,6,16
02/23/2023,FOE,KS,ACE,CE,Federal Contract Tower,0,0,9,12,21,0,0,2,16,18,0,0,11,28,39,0,0,0,39
02/24/2023,FOE,KS,ACE,CE,Federal Contract Tower,2,0,16,4,22,0,0,4,0,4,2,0,20,4,26,0,0,0,26
02/25/2023,FOE,KS,ACE,CE,Federal Contract Tower,2,0,10,0,12,0,0,0,0,0,2,0,10,0,12,24,0,24,36
02/26/2023,FOE,KS,ACE,CE,Federal Contract Tower,2,1,5,3,11,0,0,0,0,0,2,1,5,3,11,0,0,0,11
02/27/2023,FOE,KS,ACE,CE,Federal Contract Tower,2,1,1,14,18,0,0,0,3,3,2,1,1,17,21,0,32,32,53
02/28/2023,FOE,KS,ACE,CE,Federal Contract Tower,1,3,7,25,36,0,16,11,17,44,1,19,18,42,80,8,82,90,170
03/01/2023,FOE,KS,ACE,CE,Federal Contract Tower,0,0,9,9,18,0,0,4,0,4,0,0,13,9,22,0,0,0,22
03/02/2023,FOE,KS,ACE,CE,Federal Contract Tower,0,0,9,14,23,0,0,0,0,0,0,0,9,14,23,0,0,0,23
03/03/2023,FOE,KS,ACE,CE,Federal Contract Tower,4,0,8,2,14,0,0,0,2,2,4,0,8,4,16,22,96,118,134
03/04/2023,FOE,KS,ACE,CE,Federal Contract Tower,4,2,5,7,18,0,0,10,0,10,4,2,15,7,28,8,56,64,92
03/05/2023,FOE,KS,ACE,CE,Federal Contract Tower,2,0,7,1,10,0,0,2,0,2,2,0,9,1,12,0,2,2,14
03/06/2023,FOE,KS,ACE,CE,Federal Contract Tower,0,0,5,15,20,0,0,4,4,8,0,0,9,19,28,2,28,30,58
03/07/2023,FOE,KS,ACE,CE,Federal Contract Tower,0,1,7,11,19,0,0,0,15,15,0,1,7,26,34,0,0,0,34
03/08/2023,FOE,KS,ACE,CE,Federal Contract Tower,0,2,8,7,17,0,0,0,0,0,0,2,8,7,17,0,0,0,17
03/09/2023,FOE,KS,ACE,CE,Federal Contract Tower,4,2,6,12,24,0,0,0,0,0,4,2,6,12,24,0,0,0,24
03/10/2023,FOE,KS,ACE,CE,Federal Contract Tower,0,0,8,5,13,0,0,0,0,0,0,0,8,5,13,16,6,22,35
03/11/2023,FOE,KS,ACE,CE,Federal Contract Tower,2,0,0,0,2,0,0,0,0,0,2,0,0,0,2,0,0,0,2
03/12/2023,FOE,KS,ACE,CE,Federal Contract Tower,0,2,14,2,18,0,0,3,0,3,0,2,17,2,21,0,0,0,21
03/13/2023,FOE,KS,ACE,CE,Federal Contract Tower,0,0,6,19,25,0,0,2,2,4,0,0,8,21,29,0,24,24,53
03/14/2023,FOE,KS,ACE,CE,Federal Contract Tower,0,0,7,13,20,0,0,7,11,18,0,0,14,24,38,8,88,96,134
03/15/2023,FOE,KS,ACE,CE,Federal Contract Tower,0,4,8,5,17,0,0,6,0,6,0,4,14,5,23,0,0,0,23
03/16/2023,FOE,KS,ACE,CE,Federal Contract Tower,1,1,0,13,15,0,0,0,0,0,1,1,0,13,15,0,0,0,15
03/17/2023,FOE,KS,ACE,CE,Federal Contract Tower,1,0,6,21,28,0,0,4,0,4,1,0,10,21,32,12,34,46,78
03/18/2023,FOE,KS,ACE,CE,Federal Contract Tower,0,0,5,2,7,0,0,2,0,2,0,0,7,2,9,4,0,4,13
03/19/2023,FOE,KS,ACE,CE,Federal Contract Tower,0,0,3,0,3,0,0,10,0,10,0,0,13,0,13,0,0,0,13
03/20/2023,FOE,KS,ACE,CE,Federal Contract Tower,0,0,8,2,10,0,0,1,2,3,0,0,9,4,13,0,0,0,13
03/21/2023,FOE,KS,ACE,CE,Federal Contract Tower,0,0,10,10,20,0,0,0,1,1,0,0,10,11,21,0,0,0,21
03/22/2023,FOE,KS,ACE,CE,Federal Contract Tower,0,0,4,5,9,0,0,0,0,0,0,0,4,5,9,0,0,0,9
03/23/2023,FOE,KS,ACE,CE,Federal Contract Tower,0,0,7,5,12,0,0,0,0,0,0,0,7,5,12,0,0,0,12
03/24/2023,FOE,KS,ACE,CE,Federal Contract Tower,0,2,14,8,24,0,0,4,0,4,0,2,18,8,28,0,12,12,40
03/25/2023,FOE,KS,ACE,CE,Federal Contract Tower,1,0,2,18,21,0,0,14,0,14,1,0,16,18,35,36,0,36,71
03/26/2023,FOE,KS,ACE,CE,Federal Contract Tower,1,2,5,0,8,0,0,0,0,0,1,2,5,0,8,0,0,0,8
03/27/2023,FOE,KS,ACE,CE,Federal Contract Tower,0,0,4,11,15,0,0,8,0,8,0,0,12,11,23,0,36,36,59
03/28/2023,FOE,KS,ACE,CE,Federal Contract Tower,0,2,11,14,27,0,0,7,6,13,0,2,18,20,40,0,22,22,62
03/29/2023,FOE,KS,ACE,CE,Federal Contract Tower,0,0,23,3,26,0,0,13,3,16,0,0,36,6,42,10,78,88,130
03/30/2023,FOE,KS,ACE,CE,Federal Contract Tower,0,4,8,22,34,0,0,8,3,11,0,4,16,25,45,12,74,86,131
03/31/2023,FOE,KS,ACE,CE,Federal Contract Tower,0,0,3,1,4,0,0,0,0,0,0,0,3,1,4,0,0,0,4
04/01/2023,FOE,KS,ACE,CE,Federal Contract Tower,0,0,8,4,12,0,0,12,0,12,0,0,20,4,24,0,10,10,34
04/02/2023,FOE,KS,ACE,CE,Federal Contract Tower,0,0,7,1,8,0,0,3,0,3,0,0,10,1,11,0,0,0,11
04/03/2023,FOE,KS,ACE,CE,Federal Contract Tower,0,0,11,22,33,0,0,2,2,4,0,0,13,24,37,8,10,18,55
04/04/2023,FOE,KS,ACE,CE,Federal Contract Tower,0,0,4,9,13,0,0,1,3,4,0,0,5,12,17,0,2,2,19
04/05/2023,FOE,KS,ACE,CE,Federal Contract Tower,0,2,2,17,21,0,0,6,0,6,0,2,8,17,27,0,72,72,99
04/06/2023,FOE,KS,ACE,CE,Federal Contract Tower,0,0,2,5,7,0,0,6,0,6,0,0,8,5,13,0,0,0,13
04/07/2023,FOE,KS,ACE,CE,Federal Contract Tower,0,0,4,9,13,0,0,20,21,41,0,0,24,30,54,12,130,142,196
04/08/2023,FOE,KS,ACE,CE,Federal Contract Tower,0,0,5,2,7,0,0,8,0,8,0,0,13,2,15,0,0,0,15
04/09/2023,FOE,KS,ACE,CE,Federal Contract Tower,1,0,3,2,6,0,0,3,0,3,1,0,6,2,9,7,0,7,16
04/10/2023,FOE,KS,ACE,CE,Federal Contract Tower,0,0,11,6,17,0,0,8,2,10,0,0,19,8,27,0,4,4,31
04/11/2023,FOE,KS,ACE,CE,Federal Contract Tower,0,2,4,8,14,0,2,5,2,9,0,4,9,10,23,0,18,18,41
04/12/2023,FOE,KS,ACE,CE,Federal Contract Tower,0,0,6,9,15,0,0,6,0,6,0,0,12,9,21,0,14,14,35
04/13/2023,FOE,KS,ACE,CE,Federal Contract Tower,0,0,2,4,6,0,0,8,1,9,0,0,10,5,15,0,0,0,15
04/14/2023,FOE,KS,ACE,CE,Federal Contract Tower,2,2,7,5,16,0,0,4,4,8,2,2,11,9,24,6,60,66,90
04/15/2023,FOE,KS,ACE,CE,Federal Contract Tower,0,0,5,0,5,0,0,2,0,2,0,0,7,0,7,0,0,0,7
04/16/2023,FOE,KS,ACE,CE,Federal Contract Tower,0,2,6,5,13,0,0,0,1,1,0,2,6,6,14,0,0,0,14
04/17/2023,FOE,KS,ACE,CE,Federal Contract Tower,2,2,15,26,45,0,0,26,3,29,2,2,41,29,74,10,68,78,152
04/18/2023,FOE,KS,ACE,CE,Federal Contract Tower,0,3,7,11,21,0,1,6,4,11,0,4,13,15,32,2,14,16,48
04/19/2023,FOE,KS,ACE,CE,Federal Contract Tower,0,0,3,13,16,0,0,6,2,8,0,0,9,15,24,2,2,4,28
04/20/2023,FOE,KS,ACE,CE,Federal Contract Tower,0,0,8,9,17,0,0,2,1,3,0,0,10,10,20,10,92,102,122
04/21/2023,FOE,KS,ACE,CE,Federal Contract Tower,0,0,3,24,27,0,0,0,2,2,0,0,3,26,29,0,68,68,97
04/22/2023,FOE,KS,ACE,CE,Federal Contract Tower,0,0,3,4,7,0,0,10,0,10,0,0,13,4,17,12,12,24,41
04/23/2023,FOE,KS,ACE,CE,Federal Contract Tower,0,0,4,0,4,0,0,24,0,24,0,0,28,0,28,0,0,0,28
04/24/2023,FOE,KS,ACE,CE,Federal Contract Tower,0,0,10,17,27,0,1,9,3,13,0,1,19,20,40,0,28,28,68
04/25/2023,FOE,KS,ACE,CE,Federal Contract Tower,0,1,11,25,37,0,4,4,2,10,0,5,15,27,47,0,28,28,75
04/26/2023,FOE,KS,ACE,CE,Federal Contract Tower,0,4,11,10,25,0,0,6,0,6,0,4,17,10,31,50,22,72,103
04/27/2023,FOE,KS,ACE,CE,Federal Contract Tower,2,1,6,15,24,0,0,8,10,18,2,1,14,25,42,0,40,40,82
04/28/2023,FOE,KS,ACE,CE,Federal Contract Tower,0,0,8,4,12,0,0,4,2,6,0,0,12,6,18,6,20,26,44
04/29/2023,FOE,KS,ACE,CE,Federal Contract Tower,0,0,5,2,7,0,0,12,2,14,0,0,17,4,21,0,0,0,21
04/30/2023,FOE,KS,ACE,CE,Federal Contract Tower,2,0,6,0,8,0,0,6,0,6,2,0,12,0,14,0,0,0,14
05/01/2023,FOE,KS,ACE,CE,Federal Contract Tower,0,3,6,23,32,0,0,4,3,7,0,3,10,26,39,0,24,24,63
05/02/2023,FOE,KS,ACE,CE,Federal Contract Tower,0,0,9,13,22,0,0,6,6,12,0,0,15,19,34,0,28,28,62
05/03/2023,FOE,KS,ACE,CE,Federal Contract Tower,0,0,15,5,20,0,0,6,0,6,0,0,21,5,26,26,10,36,62
05/04/2023,FOE,KS,ACE,CE,Federal Contract Tower,0,0,2,5,7,0,0,0,1,1,0,0,2,6,8,2,18,20,28
05/05/2023,FOE,KS,ACE,CE,Federal Contract Tower,0,0,4,5,9,0,0,2,0,2,0,0,6,5,11,0,0,0,11
05/06/2023,FOE,KS,ACE,CE,Federal Contract Tower,0,0,2,2,4,0,0,4,0,4,0,0,6,2,8,0,40,40,48
05/07/2023,FOE,KS,ACE,CE,Federal Contract Tower,2,0,10,1,13,0,0,2,0,2,2,0,12,1,15,0,0,0,15
05/08/2023,FOE,KS,ACE,CE,Federal Contract Tower,0,2,12,10,24,0,0,32,3,35,0,2,44,13,59,28,32,60,119
05/09/2023,FOE,KS,ACE,CE,Federal Contract Tower,0,5,11,25,41,0,0,9,11,20,0,5,20,36,61,0,18,18,79
05/10/2023,FOE,KS,ACE,CE,Federal Contract Tower,0,1,6,15,22,0,0,6,0,6,0,1,12,15,28,0,16,16,44
05/11/2023,FOE,KS,ACE,CE,Federal Contract Tower,0,0,6,5,11,0,0,0,0,0,0,0,6,5,11,0,0,0,11
05/12/2023,FOE,KS,ACE,CE,Federal Contract Tower,0,2,8,9,19,0,0,0,13,13,0,2,8,22,32,0,40,40,72
05/13/2023,FOE,KS,ACE,CE,Federal Contract Tower,0,2,5,9,16,0,0,10,0,10,0,2,15,9,26,12,0,12,38
05/14/2023,FOE,KS,ACE,CE,Federal Contract Tower,2,1,3,0,6,0,0,10,0,10,2,1,13,0,16,0,0,0,16
05/15/2023,FOE,KS,ACE,CE,Federal Contract Tower,1,0,8,0,9,0,0,0,0,0,1,0,8,0,9,0,0,0,9
05/16/2023,FOE,KS,ACE,CE,Federal Contract Tower,0,0,15,9,24,0,0,6,0,6,0,0,21,9,30,0,26,26,56
05/17/2023,FOE,KS,ACE,CE,Federal Contract Tower,0,0,8,14,22,0,0,12,11,23,0,0,20,25,45,0,10,10,55
05/18/2023,FOE,KS,ACE,CE,Federal Contract Tower,0,0,11,5,16,0,0,7,1,8,0,0,18,6,24,0,28,28,52
05/19/2023,FOE,KS,ACE,CE,Federal Contract Tower,0,1,17,4,22,0,0,0,0,0,0,1,17,4,22,0,0,0,22
05/20/2023,FOE,KS,ACE,CE,Federal Contract Tower,0,3,7,8,18,0,0,18,2,20,0,3,25,10,38,24,0,24,62
05/21/2023,FOE,KS,ACE,CE,Federal Contract Tower,0,2,8,4,14,0,0,11,1,12,0,2,19,5,26,0,0,0,26
05/22/2023,FOE,KS,ACE,CE,Federal Contract Tower,0,1,4,17,22,0,0,23,2,25,0,1,27,19,47,38,16,54,101
05/23/2023,FOE,KS,ACE,CE,Federal Contract Tower,0,0,12,21,33,0,0,16,13,29,0,0,28,34,62,0,32,32,94
05/24/2023,FOE,KS,ACE,CE,Federal Contract Tower,0,2,14,15,31,0,0,2,5,7,0,2,16,20,38,2,38,40,78
05/25/2023,FOE,KS,ACE,CE,Federal Contract Tower,0,2,6,5,13,0,0,3,0,3,0,2,9,5,16,0,0,0,16
05/26/2023,FOE,KS,ACE,CE,Federal Contract Tower,0,0,10,2,12,0,0,6,0,6,0,0,16,2,18,0,0,0,18
05/27/2023,FOE,KS,ACE,CE,Federal Contract Tower,0,2,7,2,11,0,0,24,0,24,0,2,31,2,35,0,0,0,35
05/28/2023,FOE,KS,ACE,CE,Federal Contract Tower,2,0,4,0,6,0,0,3,0,3,2,0,7,0,9,4,0,4,13
05/29/2023,FOE,KS,ACE,CE,Federal Contract Tower,0,0,2,0,2,0,0,13,0,13,0,0,15,0,15,16,0,16,31
05/30/2023,FOE,KS,ACE,CE,Federal Contract Tower,0,0,4,9,13,0,0,5,5,10,0,0,9,14,23,0,14,14,37
05/31/2023,FOE,KS,ACE,CE,Federal Contract Tower,0,1,6,14,21,0,0,0,0,0,0,1,6,14,21,0,0,0,21
06/01/2023,FOE,KS,ACE,CE,Federal Contract Tower,0,1,7,31,39,0,0,3,5,8,0,1,10,36,47,0,32,32,79
06/02/2023,FOE,KS,ACE,CE,Federal Contract Tower,0,0,12,5,17,0,0,0,0,0,0,0,12,5,17,0,18,18,35
06/03/2023,FOE,KS,ACE,CE,Federal Contract Tower,0,3,13,2,18,0,0,0,0,0,0,3,13,2,18,0,0,0,18
06/04/2023,FOE,KS,ACE,CE,Federal Contract Tower,0,6,3,0,9,0,0,11,0,11,0,6,14,0,20,8,0,8,28
06/05/2023,FOE,KS,ACE,CE,Federal Contract Tower,0,1,9,21,31,0,0,14,29,43,0,1,23,50,74,0,94,94,168
06/07/2023,FOE,KS,ACE,CE,Federal Contract Tower,0,0,11,15,26,0,0,2,1,3,0,0,13,16,29,0,2,2,31
06/08/2023,FOE,KS,ACE,CE,Federal Contract Tower,0,30,11,19,60,0,0,8,0,8,0,30,19,19,68,0,146,146,214
06/09/2023,FOE,KS,ACE,CE,Federal Contract Tower,0,0,12,31,43,0,0,4,12,16,0,0,16,43,59,28,74,102,161
06/10/2023,FOE,KS,ACE,CE,Federal Contract Tower,0,2,5,3,10,0,0,0,0,0,0,2,5,3,10,0,0,0,10
06/11/2023,FOE,KS,ACE,CE,Federal Contract Tower,0,2,17,0,19,0,0,1,4,5,0,2,18,4,24,0,0,0,24
06/12/2023,FOE,KS,ACE,CE,Federal Contract Tower,0,0,16,23,39,0,0,14,14,28,0,0,30,37,67,0,92,92,159
06/13/2023,FOE,KS,ACE,CE,Federal Contract Tower,0,1,12,15,28,0,1,12,15,28,0,2,24,30,56,0,12,12,68
06/14/2023,FOE,KS,ACE,CE,Federal Contract Tower,0,0,7,18,25,0,0,1,6,7,0,0,8,24,32,6,24,30,62
06/15/2023,FOE,KS,ACE,CE,Federal Contract Tower,0,3,14,15,32,0,0,0,0,0,0,3,14,15,32,0,42,42,74
06/16/2023,FOE,KS,ACE,CE,Federal Contract Tower,0,0,12,6,18,0,0,2,0,2,0,0,14,6,20,0,10,10,30
06/17/2023,FOE,KS,ACE,CE,Federal Contract Tower,0,0,5,0,5,0,0,0,0,0,0,0,5,0,5,0,0,0,5
06/18/2023,FOE,KS,ACE,CE,Federal Contract Tower,0,2,4,0,6,0,0,5,9,14,0,2,9,9,20,2,0,2,22
06/19/2023,FOE,KS,ACE,CE,Federal Contract Tower,0,2,10,0,12,0,0,10,0,10,0,2,20,0,22,14,0,14,36
06/20/2023,FOE,KS,ACE,CE,Federal Contract Tower,0,0,12,22,34,0,0,13,2,15,0,0,25,24,49,0,8,8,57
06/21/2023,FOE,KS,ACE,CE,Federal Contract Tower,0,2,13,13,28,0,0,2,3,5,0,2,15,16,33,0,8,8,41
06/22/2023,FOE,KS,ACE,CE,Federal Contract Tower,2,0,7,15,24,0,0,12,10,22,2,0,19,25,46,0,48,48,94
06/23/2023,FOE,KS,ACE,CE,Federal Contract Tower,0,0,1,23,24,0,0,4,7,11,0,0,5,30,35,0,36,36,71
06/24/2023,FOE,KS,ACE,CE,Federal Contract Tower,0,0,8,1,9,0,0,2,0,2,0,0,10,1,11,0,0,0,11
06/25/2023,FOE,KS,ACE,CE,Federal Contract Tower,0,0,8,0,8,0,0,7,0,7,0,0,15,0,15,0,0,0,15
06/26/2023,FOE,KS,ACE,CE,Federal Contract Tower,0,1,11,12,24,0,0,8,3,11,0,1,19,15,35,6,65,71,106
06/27/2023,FOE,KS,ACE,CE,Federal Contract Tower,0,0,10,15,25,0,0,13,0,13,0,0,23,15,38,8,42,50,88
06/28/2023,FOE,KS,ACE,CE,Federal Contract Tower,0,0,14,17,31,0,0,10,0,10,0,0,24,17,41,0,70,70,111
06/29/2023,FOE,KS,ACE,CE,Federal Contract Tower,1,0,2,7,10,0,0,0,0,0,1,0,2,7,10,0,28,28,38
06/30/2023,FOE,KS,ACE,CE,Federal Contract Tower,0,0,5,12,17,0,0,0,1,1,0,0,5,13,18,0,0,0,18
07/01/2023,FOE,KS,ACE,CE,Federal Contract Tower,0,2,0,0,2,0,0,4,0,4,0,2,4,0,6,0,0,0,6
07/02/2023,FOE,KS,ACE,CE,Federal Contract Tower,0,1,3,2,6,0,0,2,2,4,0,1,5,4,10,12,4,16,26
07/03/2023,FOE,KS,ACE,CE,Federal Contract Tower,0,2,2,0,4,0,0,4,0,4,0,2,6,0,8,0,0,0,8
07/04/2023,FOE,KS,ACE,CE,Federal Contract Tower,0,1,0,0,1,0,0,9,0,9,0,1,9,0,10,0,0,0,10
07/05/2023,FOE,KS,ACE,CE,Federal Contract Tower,0,1,7,20,28,0,0,11,0,11,0,1,18,20,39,0,0,0,39
07/06/2023,FOE,KS,ACE,CE,Federal Contract Tower,0,1,8,17,26,0,0,0,7,7,0,1,8,24,33,0,84,84,117
07/07/2023,FOE,KS,ACE,CE,Federal Contract Tower,0,0,2,20,22,0,0,8,6,14,0,0,10,26,36,26,85,111,147
07/08/2023,FOE,KS,ACE,CE,Federal Contract Tower,2,0,7,5,14,0,0,6,15,21,2,0,13,20,35,0,0,0,35
07/09/2023,FOE,KS,ACE,CE,Federal Contract Tower,0,2,5,6,13,0,0,1,2,3,0,2,6,8,16,0,0,0,16
07/10/2023,FOE,KS,ACE,CE,Federal Contract Tower,0,0,18,20,38,0,0,2,9,11,0,0,20,29,49,0,19,19,68
07/11/2023,FOE,KS,ACE,CE,Federal Contract Tower,0,1,7,33,41,0,0,12,10,22,0,1,19,43,63,30,70,100,163
07/12/2023,FOE,KS,ACE,CE,Federal Contract Tower,0,0,12,19,31,0,0,11,6,17,0,0,23,25,48,10,44,54,102
07/13/2023,FOE,KS,ACE,CE,Federal Contract Tower,0,0,4,9,13,0,0,12,6,18,0,0,16,15,31,2,32,34,65
07/14/2023,FOE,KS,ACE,CE,Federal Contract Tower,0,0,4,22,26,0,0,0,4,4,0,0,4,26,30,0,31,31,61
07/15/2023,FOE,KS,ACE,CE,Federal Contract Tower,0,0,2,0,2,0,0,9,4,13,0,0,11,4,15,4,0,4,19
07/16/2023,FOE,KS,ACE,CE,Federal Contract Tower,0,0,3,2,5,0,0,4,0,4,0,0,7,2,9,0,0,0,9
07/17/2023,FOE,KS,ACE,CE,Federal Contract Tower,2,1,11,11,25,0,0,2,6,8,2,1,13,17,33,6,6,12,45
07/18/2023,FOE,KS,ACE,CE,Federal Contract Tower,0,0,15,4,19,0,0,10,2,12,0,0,25,6,31,0,2,2,33
07/19/2023,FOE,KS,ACE,CE,Federal Contract Tower,0,0,25,29,54,0,0,0,0,0,0,0,25,29,54,0,0,0,54
07/20/2023,FOE,KS,ACE,CE,Federal Contract Tower,0,2,14,18,34,0,0,6,14,20,0,2,20,32,54,0,10,10,64
07/21/2023,FOE,KS,ACE,CE,Federal Contract Tower,0,3,7,11,21,0,0,0,32,32,0,3,7,43,53,0,82,82,135
07/22/2023,FOE,KS,ACE,CE,Federal Contract Tower,0,3,1,4,8,0,0,9,1,10,0,3,10,5,18,0,6,6,24
07/23/2023,FOE,KS,ACE,CE,Federal Contract Tower,2,4,11,2,19,0,0,9,0,9,2,4,20,2,28,0,0,0,28
07/24/2023,FOE,KS,ACE,CE,Federal Contract Tower,0,2,7,7,16,0,5,1,2,8,0,7,8,9,24,0,15,15,39
07/25/2023,FOE,KS,ACE,CE,Federal Contract Tower,0,2,15,19,36,0,0,2,19,21,0,2,17,38,57,0,52,52,109
07/26/2023,FOE,KS,ACE,CE,Federal Contract Tower,1,2,6,15,24,0,0,17,2,19,1,2,23,17,43,0,10,10,53
07/27/2023,FOE,KS,ACE,CE,Federal Contract Tower,0,0,0,18,18,0,2,4,4,10,0,2,4,22,28,0,38,38,66
07/28/2023,FOE,KS,ACE,CE,Federal Contract Tower,0,0,6,21,27,0,0,4,16,20,0,0,10,37,47,0,12,12,59
07/29/2023,FOE,KS,ACE,CE,Federal Contract Tower,1,1,4,0,6,0,0,3,0,3,1,1,7,0,9,0,0,0,9
07/30/2023,FOE,KS,ACE,CE,Federal Contract Tower,0,0,10,14,24,0,0,10,0,10,0,0,20,14,34,0,7,7,41
07/31/2023,FOE,KS,ACE,CE,Federal Contract Tower,0,0,1,23,24,0,0,1,5,6,0,0,2,28,30,0,6,6,36
08/01/2023,FOE,KS,ACE,CE,Federal Contract Tower,0,4,15,25,44,0,0,10,16,26,0,4,25,41,70,12,78,90,160
08/02/2023,FOE,KS,ACE,CE,Federal Contract Tower,0,0,2,7,9,0,8,7,15,30,0,8,9,22,39,0,0,0,39
08/03/2023,FOE,KS,ACE,CE,Federal Contract Tower,2,0,12,12,26,0,0,0,0,0,2,0,12,12,26,0,0,0,26
08/04/2023,FOE,KS,ACE,CE,Federal Contract Tower,0,1,15,27,43,0,0,9,4,13,0,1,24,31,56,4,80,84,140
08/05/2023,FOE,KS,ACE,CE,Federal Contract Tower,0,0,7,2,9,0,0,0,3,3,0,0,7,5,12,0,0,0,12
08/06/2023,FOE,KS,ACE,CE,Federal Contract Tower,2,0,9,13,24,0,0,7,0,7,2,0,16,13,31,0,2,2,33
08/07/2023,FOE,KS,ACE,CE,Federal Contract Tower,0,0,14,7,21,0,0,10,2,12,0,0,24,9,33,0,0,0,33
08/08/2023,FOE,KS,ACE,CE,Federal Contract Tower,2,6,12,45,65,0,0,35,29,64,2,6,47,74,129,6,74,80,209
08/09/2023,FOE,KS,ACE,CE,Federal Contract Tower,0,1,9,15,25,0,0,4,0,4,0,1,13,15,29,6,6,12,41
08/10/2023,FOE,KS,ACE,CE,Federal Contract Tower,0,0,14,19,33,0,0,6,0,6,0,0,20,19,39,0,54,54,93
08/11/2023,FOE,KS,ACE,CE,Federal Contract Tower,0,1,20,14,35,0,0,3,21,24,0,1,23,35,59,0,68,68,127
08/12/2023,FOE,KS,ACE,CE,Federal Contract Tower,2,1,3,0,6,0,0,4,0,4,2,1,7,0,10,6,0,6,16
08/13/2023,FOE,KS,ACE,CE,Federal Contract Tower,0,2,16,5,23,0,2,3,1,6,0,4,19,6,29,0,0,0,29
08/14/2023,FOE,KS,ACE,CE,Federal Contract Tower,2,0,18,26,46,0,0,8,1,9,2,0,26,27,55,6,11,17,72
08/15/2023,FOE,KS,ACE,CE,Federal Contract Tower,4,0,11,14,29,0,0,14,16,30,4,0,25,30,59,8,60,68,127
08/16/2023,FOE,KS,ACE,CE,Federal Contract Tower,0,0,6,18,24,0,0,2,12,14,0,0,8,30,38,2,54,56,94
08/17/2023,FOE,KS,ACE,CE,Federal Contract Tower,0,0,1,8,9,0,0,8,7,15,0,0,9,15,24,0,14,14,38
08/18/2023,FOE,KS,ACE,CE,Federal Contract Tower,0,0,9,7,16,0,0,7,2,9,0,0,16,9,25,6,40,46,71
08/19/2023,FOE,KS,ACE,CE,Federal Contract Tower,0,0,2,4,6,0,0,15,4,19,0,0,17,8,25,0,0,0,25
08/20/2023,FOE,KS,ACE,CE,Federal Contract Tower,0,0,9,0,9,0,0,3,4,7,0,0,12,4,16,0,0,0,16
08/21/2023,FOE,KS,ACE,CE,Federal Contract Tower,0,0,9,9,18,0,0,1,6,7,0,0,10,15,25,0,8,8,33
08/22/2023,FOE,KS,ACE,CE,Federal Contract Tower,0,2,4,9,15,0,0,10,8,18,0,2,14,17,33,0,2,2,35
08/23/2023,FOE,KS,ACE,CE,Federal Contract Tower,0,0,3,20,23,0,0,2,10,12,0,0,5,30,35,0,40,40,75
08/24/2023,FOE,KS,ACE,CE,Federal Contract Tower,0,0,12,35,47,0,0,13,10,23,0,0,25,45,70,0,62,62,132
08/25/2023,FOE,KS,ACE,CE,Federal Contract Tower,0,1,7,22,30,0,0,7,3,10,0,1,14,25,40,0,79,79,119
08/26/2023,FOE,KS,ACE,CE,Federal Contract Tower,2,3,6,2,13,0,0,2,0,2,2,3,8,2,15,2,20,22,37
08/27/2023,FOE,KS,ACE,CE,Federal Contract Tower,0,0,10,0,10,0,0,13,0,13,0,0,23,0,23,0,0,0,23
08/28/2023,FOE,KS,ACE,CE,Federal Contract Tower,0,3,12,26,41,0,1,18,13,32,0,4,30,39,73,6,16,22,95
08/29/2023,FOE,KS,ACE,CE,Federal Contract Tower,0,0,15,33,48,0,0,22,25,47,0,0,37,58,95,12,70,82,177
08/30/2023,FOE,KS,ACE,CE,Federal Contract Tower,0,0,17,31,48,0,0,13,11,24,0,0,30,42,72,2,44,46,118
08/31/2023,FOE,KS,ACE,CE,Federal Contract Tower,0,0,12,20,32,0,2,6,6,14,0,2,18,26,46,6,4,10,56
