01/01/2020,FOK,NY,AEA,EN,Federal Contract Tower,0,6,6,0,12,0,0,20,0,20,0,6,26,0,32,0,0,0,32
01/02/2020,FOK,NY,AEA,EN,Federal Contract Tower,0,3,6,0,9,0,0,51,12,63,0,3,57,12,72,30,46,76,148
01/03/2020,FOK,NY,AEA,EN,Federal Contract Tower,0,4,11,0,15,0,0,0,0,0,0,4,11,0,15,0,0,0,15
01/04/2020,FOK,NY,AEA,EN,Federal Contract Tower,0,5,7,0,12,0,0,0,0,0,0,5,7,0,12,0,0,0,12
01/05/2020,FOK,NY,AEA,EN,Federal Contract Tower,0,6,5,0,11,0,0,33,0,33,0,6,38,0,44,36,0,36,80
01/06/2020,FOK,NY,AEA,EN,Federal Contract Tower,0,2,10,0,12,0,0,60,7,67,0,2,70,7,79,78,26,104,183
01/07/2020,FOK,NY,AEA,EN,Federal Contract Tower,0,0,5,10,15,0,0,36,12,48,0,0,41,22,63,32,44,76,139
01/08/2020,FOK,NY,AEA,EN,Federal Contract Tower,0,1,4,3,8,0,0,23,10,33,0,1,27,13,41,0,18,18,59
01/09/2020,FOK,NY,AEA,EN,Federal Contract Tower,0,1,11,0,12,0,0,41,6,47,0,1,52,6,59,24,24,48,107
01/10/2020,FOK,NY,AEA,EN,Federal Contract Tower,0,2,1,0,3,0,1,38,0,39,0,3,39,0,42,12,0,12,54
01/11/2020,FOK,NY,AEA,EN,Federal Contract Tower,0,1,13,6,20,0,1,20,6,27,0,2,33,12,47,28,84,112,159
01/12/2020,FOK,NY,AEA,EN,Federal Contract Tower,0,2,4,2,8,0,0,14,2,16,0,2,18,4,24,10,6,16,40
01/13/2020,FOK,NY,AEA,EN,Federal Contract Tower,0,2,7,2,11,0,0,27,0,27,0,2,34,2,38,66,0,66,104
01/14/2020,FOK,NY,AEA,EN,Federal Contract Tower,0,2,5,4,11,0,0,20,0,20,0,2,25,4,31,50,0,50,81
01/15/2020,FOK,NY,AEA,EN,Federal Contract Tower,0,0,22,0,22,0,0,53,3,56,0,0,75,3,78,90,64,154,232
01/16/2020,FOK,NY,AEA,EN,Federal Contract Tower,0,2,12,5,19,0,0,6,2,8,0,2,18,7,27,0,22,22,49
01/17/2020,FOK,NY,AEA,EN,Federal Contract Tower,0,1,6,1,8,0,0,27,2,29,0,1,33,3,37,0,62,62,99
01/18/2020,FOK,NY,AEA,EN,Federal Contract Tower,0,3,11,0,14,0,0,16,0,16,0,3,27,0,30,20,0,20,50
01/19/2020,FOK,NY,AEA,EN,Federal Contract Tower,0,9,12,0,21,0,0,47,0,47,0,9,59,0,68,42,0,42,110
01/20/2020,FOK,NY,AEA,EN,Federal Contract Tower,0,6,14,0,20,0,0,33,0,33,0,6,47,0,53,70,0,70,123
01/21/2020,FOK,NY,AEA,EN,Federal Contract Tower,0,0,6,0,6,0,0,52,18,70,0,0,58,18,76,80,52,132,208
01/22/2020,FOK,NY,AEA,EN,Federal Contract Tower,0,2,10,0,12,0,0,39,2,41,0,2,49,2,53,54,11,65,118
01/23/2020,FOK,NY,AEA,EN,Federal Contract Tower,0,0,15,0,15,0,0,55,7,62,0,0,70,7,77,86,14,100,177
01/24/2020,FOK,NY,AEA,EN,Federal Contract Tower,0,2,22,2,26,0,0,69,4,73,0,2,91,6,99,86,26,112,211
01/25/2020,FOK,NY,AEA,EN,Federal Contract Tower,0,0,0,0,0,0,0,0,0,0,0,0,0,0,0,0,0,0,0
01/26/2020,FOK,NY,AEA,EN,Federal Contract Tower,0,0,22,0,22,0,0,54,0,54,0,0,76,0,76,104,0,104,180
01/27/2020,FOK,NY,AEA,EN,Federal Contract Tower,0,6,9,2,17,0,0,49,0,49,0,6,58,2,66,48,0,48,114
01/28/2020,FOK,NY,AEA,EN,Federal Contract Tower,0,0,10,4,14,0,0,44,7,51,0,0,54,11,65,34,52,86,151
01/29/2020,FOK,NY,AEA,EN,Federal Contract Tower,0,3,10,0,13,0,0,20,4,24,0,3,30,4,37,22,44,66,103
01/30/2020,FOK,NY,AEA,EN,Federal Contract Tower,0,2,4,0,6,0,1,32,9,42,0,3,36,9,48,26,44,70,118
01/31/2020,FOK,NY,AEA,EN,Federal Contract Tower,0,4,10,0,14,0,0,74,2,76,0,4,84,2,90,72,4,76,166
02/01/2020,FOK,NY,AEA,EN,Federal Contract Tower,0,6,7,7,20,0,0,0,0,0,0,6,7,7,20,0,2,2,22
02/02/2020,FOK,NY,AEA,EN,Federal Contract Tower,0,7,18,0,25,0,0,51,2,53,0,7,69,2,78,78,0,78,156
02/03/2020,FOK,NY,AEA,EN,Federal Contract Tower,0,5,11,0,16,0,0,49,0,49,0,5,60,0,65,96,18,114,179
02/04/2020,FOK,NY,AEA,EN,Federal Contract Tower,0,2,3,3,8,0,0,34,7,41,0,2,37,10,49,20,18,38,87
02/05/2020,FOK,NY,AEA,EN,Federal Contract Tower,0,0,9,0,9,0,0,23,4,27,0,0,32,4,36,16,42,58,94
02/06/2020,FOK,NY,AEA,EN,Federal Contract Tower,0,3,6,0,9,0,0,0,0,0,0,3,6,0,9,0,0,0,9
02/07/2020,FOK,NY,AEA,EN,Federal Contract Tower,0,4,3,0,7,0,0,0,0,0,0,4,3,0,7,0,0,0,7
02/08/2020,FOK,NY,AEA,EN,Federal Contract Tower,0,3,6,1,10,0,0,45,1,46,0,3,51,2,56,60,32,92,148
02/09/2020,FOK,NY,AEA,EN,Federal Contract Tower,0,2,22,0,24,0,0,64,0,64,0,2,86,0,88,92,14,106,194
02/10/2020,FOK,NY,AEA,EN,Federal Contract Tower,0,2,2,0,4,0,0,0,0,0,0,2,2,0,4,0,0,0,4
02/11/2020,FOK,NY,AEA,EN,Federal Contract Tower,0,3,1,8,12,0,0,0,4,4,0,3,1,12,16,0,0,0,16
02/12/2020,FOK,NY,AEA,EN,Federal Contract Tower,0,0,14,4,18,0,0,63,12,75,0,0,77,16,93,55,74,129,222
02/13/2020,FOK,NY,AEA,EN,Federal Contract Tower,0,4,3,4,11,0,0,0,0,0,0,4,3,4,11,0,6,6,17
02/14/2020,FOK,NY,AEA,EN,Federal Contract Tower,0,0,6,0,6,0,0,37,2,39,0,0,43,2,45,72,0,72,117
02/15/2020,FOK,NY,AEA,EN,Federal Contract Tower,0,5,8,0,13,0,0,71,0,71,0,5,79,0,84,68,0,68,152
02/17/2020,FOK,NY,AEA,EN,Federal Contract Tower,0,2,14,0,16,0,0,0,63,63,0,2,14,63,79,116,0,116,195
02/18/2020,FOK,NY,AEA,EN,Federal Contract Tower,0,1,9,1,11,0,0,8,0,8,0,1,17,1,19,12,0,12,31
02/19/2020,FOK,NY,AEA,EN,Federal Contract Tower,0,1,10,1,12,0,0,29,2,31,0,1,39,3,43,64,28,92,135
02/20/2020,FOK,NY,AEA,EN,Federal Contract Tower,0,2,2,1,5,0,0,27,11,38,0,2,29,12,43,70,96,166,209
02/21/2020,FOK,NY,AEA,EN,Federal Contract Tower,0,7,20,0,27,0,0,56,0,56,0,7,76,0,83,60,0,60,143
02/22/2020,FOK,NY,AEA,EN,Federal Contract Tower,0,3,34,0,37,0,0,81,0,81,0,3,115,0,118,144,0,144,262
02/23/2020,FOK,NY,AEA,EN,Federal Contract Tower,0,4,8,0,12,0,0,72,0,72,0,4,80,0,84,104,0,104,188
02/24/2020,FOK,NY,AEA,EN,Federal Contract Tower,0,2,12,0,14,0,0,39,0,39,0,2,51,0,53,58,0,58,111
02/25/2020,FOK,NY,AEA,EN,Federal Contract Tower,0,0,2,8,10,0,0,11,8,19,0,0,13,16,29,28,94,122,151
02/26/2020,FOK,NY,AEA,EN,Federal Contract Tower,0,0,4,15,19,0,0,12,18,30,0,0,16,33,49,0,68,68,117
02/27/2020,FOK,NY,AEA,EN,Federal Contract Tower,0,2,2,4,8,0,0,6,2,8,0,2,8,6,16,0,10,10,26
02/28/2020,FOK,NY,AEA,EN,Federal Contract Tower,0,8,14,0,22,0,0,21,0,21,0,8,35,0,43,6,0,6,49
02/29/2020,FOK,NY,AEA,EN,Federal Contract Tower,0,1,17,0,18,0,0,40,0,40,0,1,57,0,58,66,0,66,124
03/01/2020,FOK,NY,AEA,EN,Federal Contract Tower,0,0,17,0,17,0,0,63,0,63,0,0,80,0,80,98,0,98,178
03/02/2020,FOK,NY,AEA,EN,Federal Contract Tower,0,4,5,3,12,0,0,34,2,36,0,4,39,5,48,20,12,32,80
03/03/2020,FOK,NY,AEA,EN,Federal Contract Tower,0,0,11,4,15,0,0,37,12,49,0,0,48,16,64,64,94,158,222
03/04/2020,FOK,NY,AEA,EN,Federal Contract Tower,0,0,5,0,5,0,0,19,11,30,0,0,24,11,35,0,42,42,77
03/05/2020,FOK,NY,AEA,EN,Federal Contract Tower,0,2,13,4,19,0,0,60,12,72,0,2,73,16,91,80,66,146,237
03/06/2020,FOK,NY,AEA,EN,Federal Contract Tower,0,7,9,2,18,0,0,44,2,46,0,7,53,4,64,12,4,16,80
03/07/2020,FOK,NY,AEA,EN,Federal Contract Tower,0,3,12,8,23,0,0,20,15,35,0,3,32,23,58,0,88,88,146
03/08/2020,FOK,NY,AEA,EN,Federal Contract Tower,0,5,19,0,24,0,0,88,0,88,0,5,107,0,112,108,0,108,220
03/09/2020,FOK,NY,AEA,EN,Federal Contract Tower,0,6,10,1,17,0,0,43,0,43,0,6,53,1,60,56,0,56,116
03/10/2020,FOK,NY,AEA,EN,Federal Contract Tower,0,6,4,0,10,0,1,21,15,37,0,7,25,15,47,8,76,84,131
03/11/2020,FOK,NY,AEA,EN,Federal Contract Tower,0,0,26,0,26,0,0,63,13,76,0,0,89,13,102,34,80,114,216
03/12/2020,FOK,NY,AEA,EN,Federal Contract Tower,0,6,10,9,25,0,0,46,22,68,0,6,56,31,93,0,96,96,189
03/13/2020,FOK,NY,AEA,EN,Federal Contract Tower,0,12,13,7,32,0,0,3,0,3,0,12,16,7,35,0,0,0,35
03/14/2020,FOK,NY,AEA,EN,Federal Contract Tower,0,5,12,0,17,0,0,76,0,76,0,5,88,0,93,88,0,88,181
03/15/2020,FOK,NY,AEA,EN,Federal Contract Tower,0,15,11,0,26,0,0,60,0,60,0,15,71,0,86,98,0,98,184
03/16/2020,FOK,NY,AEA,EN,Federal Contract Tower,0,30,25,0,55,0,0,53,0,53,0,30,78,0,108,58,0,58,166
03/17/2020,FOK,NY,AEA,EN,Federal Contract Tower,0,21,14,13,48,0,0,20,14,34,0,21,34,27,82,0,52,52,134
03/18/2020,FOK,NY,AEA,EN,Federal Contract Tower,0,18,25,0,43,0,0,51,15,66,0,18,76,15,109,38,42,80,189
03/19/2020,FOK,NY,AEA,EN,Federal Contract Tower,0,9,2,6,17,0,0,1,16,17,0,9,3,22,34,0,28,28,62
03/20/2020,FOK,NY,AEA,EN,Federal Contract Tower,0,12,10,0,22,0,0,0,0,0,0,12,10,0,22,0,0,0,22
03/21/2020,FOK,NY,AEA,EN,Federal Contract Tower,0,5,22,0,27,0,0,48,0,48,0,5,70,0,75,62,0,62,137
03/22/2020,FOK,NY,AEA,EN,Federal Contract Tower,0,5,9,0,14,0,0,54,0,54,0,5,63,0,68,94,0,94,162
03/23/2020,FOK,NY,AEA,EN,Federal Contract Tower,0,3,10,0,13,0,0,2,0,2,0,3,12,0,15,0,0,0,15
03/24/2020,FOK,NY,AEA,EN,Federal Contract Tower,0,5,2,0,7,0,0,36,0,36,0,5,38,0,43,42,0,42,85
03/25/2020,FOK,NY,AEA,EN,Federal Contract Tower,0,5,3,0,8,0,0,7,2,9,0,5,10,2,17,0,12,12,29
03/26/2020,FOK,NY,AEA,EN,Federal Contract Tower,0,3,9,0,12,0,0,42,0,42,0,3,51,0,54,22,0,22,76
03/27/2020,FOK,NY,AEA,EN,Federal Contract Tower,0,9,1,0,10,0,0,17,0,17,0,9,18,0,27,12,0,12,39
03/28/2020,FOK,NY,AEA,EN,Federal Contract Tower,0,2,7,0,9,0,0,16,0,16,0,2,23,0,25,20,0,20,45
03/29/2020,FOK,NY,AEA,EN,Federal Contract Tower,0,6,0,0,6,0,0,0,0,0,0,6,0,0,6,0,0,0,6
03/30/2020,FOK,NY,AEA,EN,Federal Contract Tower,0,7,2,3,12,0,0,14,1,15,0,7,16,4,27,0,0,0,27
03/31/2020,FOK,NY,AEA,EN,Federal Contract Tower,0,3,2,0,5,0,0,31,0,31,0,3,33,0,36,0,0,0,36
04/01/2020,FOK,NY,AEA,EN,Federal Contract Tower,0,1,1,0,2,0,2,26,0,28,0,3,27,0,30,18,0,18,48
04/02/2020,FOK,NY,AEA,EN,Federal Contract Tower,0,4,4,0,8,0,0,2,0,2,0,4,6,0,10,0,0,0,10
04/03/2020,FOK,NY,AEA,EN,Federal Contract Tower,0,3,3,0,6,0,0,0,0,0,0,3,3,0,6,0,0,0,6
04/04/2020,FOK,NY,AEA,EN,Federal Contract Tower,0,3,1,0,4,0,0,23,0,23,0,3,24,0,27,0,0,0,27
04/05/2020,FOK,NY,AEA,EN,Federal Contract Tower,0,1,5,0,6,0,0,7,0,7,0,1,12,0,13,2,0,2,15
04/06/2020,FOK,NY,AEA,EN,Federal Contract Tower,0,1,12,0,13,0,0,28,0,28,0,1,40,0,41,4,0,4,45
04/07/2020,FOK,NY,AEA,EN,Federal Contract Tower,0,4,4,4,12,0,0,29,0,29,0,4,33,4,41,20,0,20,61
04/08/2020,FOK,NY,AEA,EN,Federal Contract Tower,0,4,1,2,7,0,0,1,5,6,0,4,2,7,13,0,46,46,59
04/09/2020,FOK,NY,AEA,EN,Federal Contract Tower,0,0,0,0,0,0,0,6,0,6,0,0,6,0,6,0,10,10,16
04/10/2020,FOK,NY,AEA,EN,Federal Contract Tower,0,2,2,0,4,0,0,13,0,13,0,2,15,0,17,0,0,0,17
04/11/2020,FOK,NY,AEA,EN,Federal Contract Tower,0,0,4,0,4,0,0,35,0,35,0,0,39,0,39,6,0,6,45
04/12/2020,FOK,NY,AEA,EN,Federal Contract Tower,0,1,6,0,7,0,0,37,0,37,0,1,43,0,44,44,0,44,88
04/13/2020,FOK,NY,AEA,EN,Federal Contract Tower,0,2,2,0,4,0,0,0,0,0,0,2,2,0,4,0,0,0,4
04/14/2020,FOK,NY,AEA,EN,Federal Contract Tower,0,0,2,0,2,0,1,28,4,33,0,1,30,4,35,56,46,102,137
04/15/2020,FOK,NY,AEA,EN,Federal Contract Tower,0,1,2,0,3,0,0,15,4,19,0,1,17,4,22,0,0,0,22
04/16/2020,FOK,NY,AEA,EN,Federal Contract Tower,0,2,16,0,18,0,0,17,10,27,0,2,33,10,45,4,80,84,129
04/17/2020,FOK,NY,AEA,EN,Federal Contract Tower,0,3,1,0,4,0,0,3,0,3,0,3,4,0,7,0,0,0,7
04/18/2020,FOK,NY,AEA,EN,Federal Contract Tower,0,7,2,0,9,0,0,0,0,0,0,7,2,0,9,0,0,0,9
04/19/2020,FOK,NY,AEA,EN,Federal Contract Tower,0,9,9,0,18,0,0,46,0,46,0,9,55,0,64,62,0,62,126
04/20/2020,FOK,NY,AEA,EN,Federal Contract Tower,0,0,8,0,8,0,0,30,0,30,0,0,38,0,38,18,0,18,56
04/21/2020,FOK,NY,AEA,EN,Federal Contract Tower,0,3,6,2,11,0,0,10,23,33,0,3,16,25,44,10,32,42,86
04/22/2020,FOK,NY,AEA,EN,Federal Contract Tower,0,6,4,2,12,0,2,24,8,34,0,8,28,10,46,12,42,54,100
04/23/2020,FOK,NY,AEA,EN,Federal Contract Tower,0,5,14,2,21,0,0,46,6,52,0,5,60,8,73,80,76,156,229
04/24/2020,FOK,NY,AEA,EN,Federal Contract Tower,0,2,5,0,7,0,0,0,0,0,0,2,5,0,7,0,0,0,7
04/25/2020,FOK,NY,AEA,EN,Federal Contract Tower,0,4,9,0,13,0,0,93,2,95,0,4,102,2,108,64,0,64,172
04/26/2020,FOK,NY,AEA,EN,Federal Contract Tower,0,4,10,0,14,0,0,2,0,2,0,4,12,0,16,0,0,0,16
04/27/2020,FOK,NY,AEA,EN,Federal Contract Tower,0,9,0,0,9,0,0,2,0,2,0,9,2,0,11,0,0,0,11
04/28/2020,FOK,NY,AEA,EN,Federal Contract Tower,0,3,0,0,3,0,0,48,4,52,0,3,48,4,55,26,90,116,171
04/29/2020,FOK,NY,AEA,EN,Federal Contract Tower,0,8,6,0,14,0,1,18,2,21,0,9,24,2,35,8,28,36,71
04/30/2020,FOK,NY,AEA,EN,Federal Contract Tower,0,5,2,0,7,0,0,0,8,8,0,5,2,8,15,0,46,46,61
05/01/2020,FOK,NY,AEA,EN,Federal Contract Tower,0,8,6,0,14,0,0,14,0,14,0,8,20,0,28,0,0,0,28
05/03/2020,FOK,NY,AEA,EN,Federal Contract Tower,0,12,15,0,27,0,0,40,0,40,0,12,55,0,67,62,0,62,129
05/04/2020,FOK,NY,AEA,EN,Federal Contract Tower,0,5,3,0,8,0,12,51,0,63,0,17,54,0,71,34,0,34,105
05/05/2020,FOK,NY,AEA,EN,Federal Contract Tower,0,4,9,2,15,0,0,68,28,96,0,4,77,30,111,44,38,82,193
05/06/2020,FOK,NY,AEA,EN,Federal Contract Tower,0,10,12,1,23,0,0,14,23,37,0,10,26,24,60,18,48,66,126
05/07/2020,FOK,NY,AEA,EN,Federal Contract Tower,0,4,6,5,15,0,0,35,10,45,0,4,41,15,60,38,64,102,162
05/08/2020,FOK,NY,AEA,EN,Federal Contract Tower,0,7,4,0,11,0,0,30,0,30,0,7,34,0,41,0,0,0,41
05/09/2020,FOK,NY,AEA,EN,Federal Contract Tower,0,24,13,0,37,0,0,12,0,12,0,24,25,0,49,0,0,0,49
05/10/2020,FOK,NY,AEA,EN,Federal Contract Tower,0,11,9,6,26,0,0,33,0,33,0,11,42,6,59,0,14,14,73
05/11/2020,FOK,NY,AEA,EN,Federal Contract Tower,0,14,15,0,29,0,0,35,2,37,0,14,50,2,66,14,0,14,80
05/12/2020,FOK,NY,AEA,EN,Federal Contract Tower,0,11,13,5,29,0,0,38,7,45,0,11,51,12,74,36,14,50,124
05/13/2020,FOK,NY,AEA,EN,Federal Contract Tower,0,6,16,0,22,0,4,43,6,53,0,10,59,6,75,26,106,132,207
05/14/2020,FOK,NY,AEA,EN,Federal Contract Tower,0,14,15,0,29,0,0,58,13,71,0,14,73,13,100,46,36,82,182
05/15/2020,FOK,NY,AEA,EN,Federal Contract Tower,0,27,17,0,44,0,0,44,6,50,0,27,61,6,94,16,2,18,112
05/16/2020,FOK,NY,AEA,EN,Federal Contract Tower,0,13,16,0,29,0,0,83,0,83,0,13,99,0,112,86,0,86,198
05/17/2020,FOK,NY,AEA,EN,Federal Contract Tower,0,17,21,0,38,0,0,81,0,81,0,17,102,0,119,66,0,66,185
05/18/2020,FOK,NY,AEA,EN,Federal Contract Tower,0,21,11,0,32,0,0,70,8,78,0,21,81,8,110,64,54,118,228
05/19/2020,FOK,NY,AEA,EN,Federal Contract Tower,0,18,15,0,33,0,0,16,16,32,0,18,31,16,65,0,50,50,115
05/20/2020,FOK,NY,AEA,EN,Federal Contract Tower,0,27,16,5,48,0,0,43,14,57,0,27,59,19,105,14,102,116,221
05/21/2020,FOK,NY,AEA,EN,Federal Contract Tower,0,18,22,0,40,0,0,94,18,112,0,18,116,18,152,72,68,140,292
05/22/2020,FOK,NY,AEA,EN,Federal Contract Tower,0,18,18,0,36,0,2,58,0,60,0,20,76,0,96,54,0,54,150
05/23/2020,FOK,NY,AEA,EN,Federal Contract Tower,0,30,15,0,45,0,0,2,0,2,0,30,17,0,47,0,0,0,47
05/24/2020,FOK,NY,AEA,EN,Federal Contract Tower,0,21,17,0,38,0,0,46,0,46,0,21,63,0,84,14,0,14,98
05/25/2020,FOK,NY,AEA,EN,Federal Contract Tower,0,16,29,0,45,0,0,32,0,32,0,16,61,0,77,26,0,26,103
05/26/2020,FOK,NY,AEA,EN,Federal Contract Tower,0,13,16,0,29,0,0,48,4,52,0,13,64,4,81,80,56,136,217
05/27/2020,FOK,NY,AEA,EN,Federal Contract Tower,0,23,31,12,66,0,0,21,6,27,0,23,52,18,93,30,62,92,185
05/28/2020,FOK,NY,AEA,EN,Federal Contract Tower,0,21,21,9,51,0,0,6,8,14,0,21,27,17,65,22,42,64,129
05/29/2020,FOK,NY,AEA,EN,Federal Contract Tower,0,36,25,0,61,0,0,0,0,0,0,36,25,0,61,0,0,0,61
05/30/2020,FOK,NY,AEA,EN,Federal Contract Tower,0,12,42,1,55,0,0,38,0,38,0,12,80,1,93,22,0,22,115
05/31/2020,FOK,NY,AEA,EN,Federal Contract Tower,0,16,26,0,42,0,2,77,0,79,0,18,103,0,121,82,0,82,203
06/01/2020,FOK,NY,AEA,EN,Federal Contract Tower,0,26,34,0,60,0,0,36,0,36,0,26,70,0,96,86,0,86,182
06/02/2020,FOK,NY,AEA,EN,Federal Contract Tower,0,21,33,2,56,0,0,67,22,89,0,21,100,24,145,78,12,90,235
06/03/2020,FOK,NY,AEA,EN,Federal Contract Tower,0,27,17,9,53,0,0,18,12,30,0,27,35,21,83,26,56,82,165
06/04/2020,FOK,NY,AEA,EN,Federal Contract Tower,0,18,28,3,49,0,0,70,11,81,0,18,98,14,130,48,54,102,232
06/05/2020,FOK,NY,AEA,EN,Federal Contract Tower,0,13,33,4,50,0,0,38,10,48,0,13,71,14,98,42,26,68,166
06/06/2020,FOK,NY,AEA,EN,Federal Contract Tower,0,17,35,6,58,0,0,38,70,108,0,17,73,76,166,30,70,100,266
06/07/2020,FOK,NY,AEA,EN,Federal Contract Tower,0,25,23,0,48,0,0,86,0,86,0,25,109,0,134,78,0,78,212
06/08/2020,FOK,NY,AEA,EN,Federal Contract Tower,0,14,24,0,38,0,0,36,0,36,0,14,60,0,74,38,0,38,112
06/09/2020,FOK,NY,AEA,EN,Federal Contract Tower,0,21,17,0,38,0,0,66,18,84,0,21,83,18,122,62,112,174,296
06/10/2020,FOK,NY,AEA,EN,Federal Contract Tower,0,20,18,49,87,0,0,41,0,41,0,20,59,49,128,14,6,20,148
06/11/2020,FOK,NY,AEA,EN,Federal Contract Tower,0,34,35,2,71,0,0,15,1,16,0,34,50,3,87,0,0,0,87
06/12/2020,FOK,NY,AEA,EN,Federal Contract Tower,0,28,27,2,57,0,0,78,6,84,0,28,105,8,141,58,42,100,241
06/13/2020,FOK,NY,AEA,EN,Federal Contract Tower,0,21,21,0,42,0,2,90,0,92,0,23,111,0,134,102,0,102,236
06/14/2020,FOK,NY,AEA,EN,Federal Contract Tower,0,47,55,0,102,0,0,121,0,121,0,47,176,0,223,116,0,116,339
06/15/2020,FOK,NY,AEA,EN,Federal Contract Tower,0,22,63,0,85,0,3,88,17,108,0,25,151,17,193,40,96,136,329
06/16/2020,FOK,NY,AEA,EN,Federal Contract Tower,0,24,28,0,52,0,0,75,22,97,0,24,103,22,149,64,24,88,237
06/17/2020,FOK,NY,AEA,EN,Federal Contract Tower,0,26,32,4,62,0,0,45,12,57,0,26,77,16,119,26,80,106,225
06/18/2020,FOK,NY,AEA,EN,Federal Contract Tower,0,40,54,9,103,0,0,37,5,42,0,40,91,14,145,14,54,68,213
06/19/2020,FOK,NY,AEA,EN,Federal Contract Tower,0,45,55,0,100,0,0,59,2,61,0,45,114,2,161,66,0,66,227
06/20/2020,FOK,NY,AEA,EN,Federal Contract Tower,0,36,30,0,66,0,0,73,0,73,0,36,103,0,139,88,0,88,227
06/21/2020,FOK,NY,AEA,EN,Federal Contract Tower,0,49,40,0,89,0,0,92,0,92,0,49,132,0,181,58,0,58,239
06/22/2020,FOK,NY,AEA,EN,Federal Contract Tower,0,39,36,0,75,0,0,86,2,88,0,39,122,2,163,100,18,118,281
06/23/2020,FOK,NY,AEA,EN,Federal Contract Tower,0,31,30,6,67,0,0,51,10,61,0,31,81,16,128,18,66,84,212
06/24/2020,FOK,NY,AEA,EN,Federal Contract Tower,0,32,31,1,64,0,0,56,3,59,0,32,87,4,123,20,42,62,185
06/25/2020,FOK,NY,AEA,EN,Federal Contract Tower,0,26,44,0,70,0,0,76,10,86,0,26,120,10,156,70,52,122,278
06/26/2020,FOK,NY,AEA,EN,Federal Contract Tower,0,39,45,0,84,0,0,94,9,103,0,39,139,9,187,98,14,112,299
06/27/2020,FOK,NY,AEA,EN,Federal Contract Tower,0,36,34,0,70,0,0,47,0,47,0,36,81,0,117,42,0,42,159
06/28/2020,FOK,NY,AEA,EN,Federal Contract Tower,0,46,30,0,76,0,0,62,0,62,0,46,92,0,138,24,0,24,162
06/29/2020,FOK,NY,AEA,EN,Federal Contract Tower,0,32,26,3,61,0,7,58,7,72,0,39,84,10,133,36,48,84,217
06/30/2020,FOK,NY,AEA,EN,Federal Contract Tower,0,31,48,2,81,0,3,18,4,25,0,34,66,6,106,98,14,112,218
07/01/2020,FOK,NY,AEA,EN,Federal Contract Tower,0,50,50,2,102,0,0,74,7,81,0,50,124,9,183,28,108,136,319
07/02/2020,FOK,NY,AEA,EN,Federal Contract Tower,0,59,49,0,108,0,0,90,2,92,0,59,139,2,200,66,52,118,318
07/03/2020,FOK,NY,AEA,EN,Federal Contract Tower,0,36,26,0,62,0,0,59,0,59,0,36,85,0,121,40,0,40,161
07/04/2020,FOK,NY,AEA,EN,Federal Contract Tower,0,16,22,0,38,0,0,61,5,66,0,16,83,5,104,28,0,28,132
07/05/2020,FOK,NY,AEA,EN,Federal Contract Tower,0,38,38,1,77,0,0,91,0,91,0,38,129,1,168,76,0,76,244
07/06/2020,FOK,NY,AEA,EN,Federal Contract Tower,0,38,49,2,89,0,0,50,0,50,0,38,99,2,139,32,0,32,171
07/07/2020,FOK,NY,AEA,EN,Federal Contract Tower,0,28,34,4,66,0,0,0,0,0,0,28,34,4,66,0,0,0,66
07/08/2020,FOK,NY,AEA,EN,Federal Contract Tower,0,37,50,10,97,0,0,34,2,36,0,37,84,12,133,6,58,64,197
07/09/2020,FOK,NY,AEA,EN,Federal Contract Tower,0,25,53,2,80,0,0,42,56,98,0,25,95,58,178,50,42,92,270
07/10/2020,FOK,NY,AEA,EN,Federal Contract Tower,0,35,25,0,60,0,0,0,2,2,0,35,25,2,62,0,0,0,62
07/11/2020,FOK,NY,AEA,EN,Federal Contract Tower,0,35,40,0,75,0,0,0,0,0,0,35,40,0,75,0,0,0,75
07/12/2020,FOK,NY,AEA,EN,Federal Contract Tower,0,37,42,0,79,0,0,81,0,81,0,37,123,0,160,36,0,36,196
07/13/2020,FOK,NY,AEA,EN,Federal Contract Tower,0,31,26,5,62,0,0,54,17,71,0,31,80,22,133,14,32,46,179
07/14/2020,FOK,NY,AEA,EN,Federal Contract Tower,0,37,33,5,75,0,1,86,12,99,0,38,119,17,174,56,48,104,278
07/15/2020,FOK,NY,AEA,EN,Federal Contract Tower,0,45,50,5,100,0,0,77,13,90,0,45,127,18,190,72,50,122,312
07/16/2020,FOK,NY,AEA,EN,Federal Contract Tower,0,30,49,9,88,0,0,94,5,99,0,30,143,14,187,78,48,126,313
07/17/2020,FOK,NY,AEA,EN,Federal Contract Tower,0,49,59,3,111,0,0,36,0,36,0,49,95,3,147,2,0,2,149
07/18/2020,FOK,NY,AEA,EN,Federal Contract Tower,0,33,36,0,69,0,0,103,0,103,0,33,139,0,172,82,0,82,254
07/19/2020,FOK,NY,AEA,EN,Federal Contract Tower,0,45,50,0,95,0,0,82,0,82,0,45,132,0,177,76,0,76,253
07/20/2020,FOK,NY,AEA,EN,Federal Contract Tower,0,39,45,2,86,0,2,56,0,58,0,41,101,2,144,38,0,38,182
07/21/2020,FOK,NY,AEA,EN,Federal Contract Tower,0,40,37,1,78,0,0,95,26,121,0,40,132,27,199,50,44,94,293
07/22/2020,FOK,NY,AEA,EN,Federal Contract Tower,0,33,32,1,66,0,0,78,8,86,0,33,110,9,152,48,0,48,200
07/23/2020,FOK,NY,AEA,EN,Federal Contract Tower,0,37,52,11,100,0,1,54,10,65,0,38,106,21,165,26,38,64,229
07/24/2020,FOK,NY,AEA,EN,Federal Contract Tower,0,41,39,2,82,0,0,63,2,65,0,41,102,4,147,14,100,114,261
07/25/2020,FOK,NY,AEA,EN,Federal Contract Tower,0,41,42,0,83,0,0,96,0,96,0,41,138,0,179,108,0,108,287
07/26/2020,FOK,NY,AEA,EN,Federal Contract Tower,0,40,50,0,90,0,1,87,0,88,0,41,137,0,178,84,0,84,262
07/27/2020,FOK,NY,AEA,EN,Federal Contract Tower,0,26,54,1,81,0,0,82,0,82,0,26,136,1,163,62,0,62,225
07/28/2020,FOK,NY,AEA,EN,Federal Contract Tower,0,29,40,0,69,0,0,55,26,81,0,29,95,26,150,48,52,100,250
07/29/2020,FOK,NY,AEA,EN,Federal Contract Tower,0,21,29,5,55,0,0,80,6,86,0,21,109,11,141,68,90,158,299
07/30/2020,FOK,NY,AEA,EN,Federal Contract Tower,0,47,47,10,104,0,2,99,20,121,0,49,146,30,225,56,126,182,407
07/31/2020,FOK,NY,AEA,EN,Federal Contract Tower,0,69,70,15,154,0,0,73,10,83,0,69,143,25,237,68,152,220,457
08/01/2020,FOK,NY,AEA,EN,Federal Contract Tower,0,54,62,5,121,0,0,143,2,145,0,54,205,7,266,106,10,116,382
08/02/2020,FOK,NY,AEA,EN,Federal Contract Tower,0,54,39,0,93,0,0,44,0,44,0,54,83,0,137,24,0,24,161
08/03/2020,FOK,NY,AEA,EN,Federal Contract Tower,0,43,45,1,89,0,7,87,0,94,0,50,132,1,183,66,0,66,249
08/04/2020,FOK,NY,AEA,EN,Federal Contract Tower,0,13,18,1,32,0,0,0,0,0,0,13,18,1,32,0,0,0,32
08/05/2020,FOK,NY,AEA,EN,Federal Contract Tower,0,30,34,3,67,0,0,85,0,85,0,30,119,3,152,69,0,69,221
08/06/2020,FOK,NY,AEA,EN,Federal Contract Tower,0,43,50,2,95,0,0,84,4,88,0,43,134,6,183,28,26,54,237
08/07/2020,FOK,NY,AEA,EN,Federal Contract Tower,0,64,51,4,119,0,2,64,2,68,0,66,115,6,187,26,26,52,239
08/08/2020,FOK,NY,AEA,EN,Federal Contract Tower,0,35,28,5,68,0,0,80,4,84,0,35,108,9,152,24,30,54,206
08/09/2020,FOK,NY,AEA,EN,Federal Contract Tower,0,60,56,3,119,0,0,78,0,78,0,60,134,3,197,50,10,60,257
08/10/2020,FOK,NY,AEA,EN,Federal Contract Tower,0,49,57,0,106,0,2,54,0,56,0,51,111,0,162,52,0,52,214
08/11/2020,FOK,NY,AEA,EN,Federal Contract Tower,0,50,49,9,108,0,2,24,6,32,0,52,73,15,140,12,2,14,154
08/12/2020,FOK,NY,AEA,EN,Federal Contract Tower,0,35,44,6,85,0,1,53,12,66,0,36,97,18,151,8,82,90,241
08/13/2020,FOK,NY,AEA,EN,Federal Contract Tower,0,43,53,0,96,0,2,64,12,78,0,45,117,12,174,0,10,10,184
08/14/2020,FOK,NY,AEA,EN,Federal Contract Tower,0,30,45,0,75,0,0,71,0,71,0,30,116,0,146,44,14,58,204
08/15/2020,FOK,NY,AEA,EN,Federal Contract Tower,0,35,37,0,72,0,4,45,0,49,0,39,82,0,121,24,0,24,145
08/16/2020,FOK,NY,AEA,EN,Federal Contract Tower,0,68,82,0,150,0,0,5,0,5,0,68,87,0,155,0,0,0,155
08/17/2020,FOK,NY,AEA,EN,Federal Contract Tower,0,39,36,1,76,0,3,86,0,89,0,42,122,1,165,68,0,68,233
08/18/2020,FOK,NY,AEA,EN,Federal Contract Tower,0,36,40,0,76,0,0,86,8,94,0,36,126,8,170,70,24,94,264
08/19/2020,FOK,NY,AEA,EN,Federal Contract Tower,0,55,46,2,103,0,0,51,0,51,0,55,97,2,154,22,52,74,228
08/20/2020,FOK,NY,AEA,EN,Federal Contract Tower,0,33,62,2,97,0,3,125,6,134,0,36,187,8,231,138,38,176,407
08/21/2020,FOK,NY,AEA,EN,Federal Contract Tower,0,54,53,3,110,0,2,100,0,102,0,56,153,3,212,38,24,62,274
08/22/2020,FOK,NY,AEA,EN,Federal Contract Tower,0,32,44,2,78,0,0,78,0,78,0,32,122,2,156,60,0,60,216
08/23/2020,FOK,NY,AEA,EN,Federal Contract Tower,0,58,56,0,114,0,3,79,0,82,0,61,135,0,196,44,0,44,240
08/24/2020,FOK,NY,AEA,EN,Federal Contract Tower,0,56,53,1,110,0,2,95,0,97,0,58,148,1,207,50,0,50,257
08/25/2020,FOK,NY,AEA,EN,Federal Contract Tower,0,32,38,4,74,0,2,65,1,68,0,34,103,5,142,32,22,54,196
08/26/2020,FOK,NY,AEA,EN,Federal Contract Tower,0,48,55,12,115,0,5,107,5,117,0,53,162,17,232,82,22,104,336
08/27/2020,FOK,NY,AEA,EN,Federal Contract Tower,0,43,55,4,102,0,2,74,9,85,0,45,129,13,187,26,32,58,245
08/28/2020,FOK,NY,AEA,EN,Federal Contract Tower,0,51,35,6,92,0,2,81,14,97,0,53,116,20,189,44,36,80,269
08/29/2020,FOK,NY,AEA,EN,Federal Contract Tower,0,42,19,0,61,0,0,2,0,2,0,42,21,0,63,0,0,0,63
08/30/2020,FOK,NY,AEA,EN,Federal Contract Tower,0,46,54,0,100,0,4,96,0,100,0,50,150,0,200,46,0,46,246
08/31/2020,FOK,NY,AEA,EN,Federal Contract Tower,0,34,30,1,65,0,5,85,3,93,0,39,115,4,158,34,2,36,194
09/01/2020,FOK,NY,AEA,EN,Federal Contract Tower,0,32,51,14,97,0,2,62,9,73,0,34,113,23,170,28,20,48,218
09/02/2020,FOK,NY,AEA,EN,Federal Contract Tower,0,42,54,4,100,0,0,0,0,0,0,42,54,4,100,2,0,2,102
09/03/2020,FOK,NY,AEA,EN,Federal Contract Tower,0,69,57,2,128,0,4,87,1,92,0,73,144,3,220,48,12,60,280
09/04/2020,FOK,NY,AEA,EN,Federal Contract Tower,0,35,50,0,85,0,0,86,0,86,0,35,136,0,171,54,0,54,225
09/05/2020,FOK,NY,AEA,EN,Federal Contract Tower,0,20,23,0,43,0,0,94,0,94,0,20,117,0,137,24,0,24,161
09/06/2020,FOK,NY,AEA,EN,Federal Contract Tower,0,20,28,0,48,0,10,97,0,107,0,30,125,0,155,58,0,58,213
09/07/2020,FOK,NY,AEA,EN,Federal Contract Tower,0,64,66,0,130,0,0,103,0,103,0,64,169,0,233,60,0,60,293
09/08/2020,FOK,NY,AEA,EN,Federal Contract Tower,0,57,52,6,115,0,1,58,2,61,0,58,110,8,176,28,44,72,248
09/09/2020,FOK,NY,AEA,EN,Federal Contract Tower,0,31,31,9,71,0,0,40,7,47,0,31,71,16,118,8,58,66,184
09/10/2020,FOK,NY,AEA,EN,Federal Contract Tower,0,31,47,0,78,0,0,0,16,16,0,31,47,16,94,0,84,84,178
09/11/2020,FOK,NY,AEA,EN,Federal Contract Tower,0,38,37,4,79,0,0,68,10,78,0,38,105,14,157,84,56,140,297
09/12/2020,FOK,NY,AEA,EN,Federal Contract Tower,0,23,25,4,52,0,3,67,10,80,0,26,92,14,132,66,44,110,242
09/13/2020,FOK,NY,AEA,EN,Federal Contract Tower,0,49,29,0,78,0,1,67,0,68,0,50,96,0,146,40,0,40,186
09/14/2020,FOK,NY,AEA,EN,Federal Contract Tower,0,21,25,4,50,0,0,46,0,46,0,21,71,4,96,6,0,6,102
09/15/2020,FOK,NY,AEA,EN,Federal Contract Tower,0,12,24,1,37,0,2,71,5,78,0,14,95,6,115,48,10,58,173
09/16/2020,FOK,NY,AEA,EN,Federal Contract Tower,0,12,17,0,29,0,0,47,13,60,0,12,64,13,89,38,94,132,221
09/17/2020,FOK,NY,AEA,EN,Federal Contract Tower,0,33,28,4,65,0,0,62,6,68,0,33,90,10,133,68,80,148,281
09/18/2020,FOK,NY,AEA,EN,Federal Contract Tower,0,27,24,3,54,0,0,45,0,45,0,27,69,3,99,28,0,28,127
09/19/2020,FOK,NY,AEA,EN,Federal Contract Tower,0,19,19,1,39,0,4,90,0,94,0,23,109,1,133,22,0,22,155
09/20/2020,FOK,NY,AEA,EN,Federal Contract Tower,0,33,31,0,64,0,3,63,0,66,0,36,94,0,130,26,0,26,156
09/21/2020,FOK,NY,AEA,EN,Federal Contract Tower,0,27,23,0,50,0,0,53,11,64,0,27,76,11,114,39,28,67,181
09/22/2020,FOK,NY,AEA,EN,Federal Contract Tower,0,12,13,0,25,0,0,61,6,67,0,12,74,6,92,28,48,76,168
09/23/2020,FOK,NY,AEA,EN,Federal Contract Tower,0,21,29,0,50,0,0,65,5,70,0,21,94,5,120,86,46,132,252
09/24/2020,FOK,NY,AEA,EN,Federal Contract Tower,0,27,46,0,73,0,0,76,5,81,0,27,122,5,154,52,22,74,228
09/25/2020,FOK,NY,AEA,EN,Federal Contract Tower,0,32,52,2,86,0,1,42,0,43,0,33,94,2,129,8,0,8,137
09/26/2020,FOK,NY,AEA,EN,Federal Contract Tower,0,25,23,0,48,0,0,52,0,52,0,25,75,0,100,52,0,52,152
09/27/2020,FOK,NY,AEA,EN,Federal Contract Tower,0,30,51,1,82,0,0,30,0,30,0,30,81,1,112,0,0,0,112
09/28/2020,FOK,NY,AEA,EN,Federal Contract Tower,0,44,47,3,94,0,0,6,0,6,0,44,53,3,100,0,0,0,100
09/29/2020,FOK,NY,AEA,EN,Federal Contract Tower,0,18,24,36,78,0,0,30,6,36,0,18,54,42,114,2,78,80,194
09/30/2020,FOK,NY,AEA,EN,Federal Contract Tower,0,30,32,0,62,0,1,46,6,53,0,31,78,6,115,12,44,56,171
10/01/2020,FOK,NY,AEA,EN,Federal Contract Tower,0,26,59,3,88,0,3,81,10,94,0,29,140,13,182,104,38,142,324
10/02/2020,FOK,NY,AEA,EN,Federal Contract Tower,0,32,33,0,65,0,3,66,0,69,0,35,99,0,134,82,0,82,216
10/03/2020,FOK,NY,AEA,EN,Federal Contract Tower,0,16,24,0,40,0,0,83,34,117,0,16,107,34,157,80,56,136,293
10/04/2020,FOK,NY,AEA,EN,Federal Contract Tower,0,39,54,0,93,0,1,115,0,116,0,40,169,0,209,74,0,74,283
10/05/2020,FOK,NY,AEA,EN,Federal Contract Tower,0,21,26,0,47,0,2,29,0,31,0,23,55,0,78,0,0,0,78
10/06/2020,FOK,NY,AEA,EN,Federal Contract Tower,0,12,17,3,32,0,0,61,0,61,0,12,78,3,93,38,0,38,131
10/07/2020,FOK,NY,AEA,EN,Federal Contract Tower,0,22,27,2,51,0,0,44,10,54,0,22,71,12,105,18,132,150,255
10/08/2020,FOK,NY,AEA,EN,Federal Contract Tower,0,45,37,0,82,0,3,57,8,68,0,48,94,8,150,38,58,96,246
10/09/2020,FOK,NY,AEA,EN,Federal Contract Tower,0,42,28,0,70,0,4,87,0,91,0,46,115,0,161,56,0,56,217
10/10/2020,FOK,NY,AEA,EN,Federal Contract Tower,0,31,35,0,66,0,2,65,0,67,0,33,100,0,133,12,0,12,145
10/11/2020,FOK,NY,AEA,EN,Federal Contract Tower,0,0,0,0,0,0,7,79,0,86,0,7,79,0,86,92,0,92,178
10/12/2020,FOK,NY,AEA,EN,Federal Contract Tower,0,42,30,2,74,0,0,8,4,12,0,42,38,6,86,0,4,4,90
10/13/2020,FOK,NY,AEA,EN,Federal Contract Tower,0,19,34,4,57,0,0,0,0,0,0,19,34,4,57,0,0,0,57
10/14/2020,FOK,NY,AEA,EN,Federal Contract Tower,0,24,25,7,56,0,1,63,2,66,0,25,88,9,122,81,10,91,213
10/15/2020,FOK,NY,AEA,EN,Federal Contract Tower,0,21,42,8,71,0,1,57,0,58,0,22,99,8,129,38,0,38,167
10/16/2020,FOK,NY,AEA,EN,Federal Contract Tower,0,28,27,1,56,0,0,0,1,1,0,28,27,2,57,2,0,2,59
10/17/2020,FOK,NY,AEA,EN,Federal Contract Tower,0,21,26,0,47,0,0,57,0,57,0,21,83,0,104,26,0,26,130
10/18/2020,FOK,NY,AEA,EN,Federal Contract Tower,0,38,42,0,80,0,4,90,0,94,0,42,132,0,174,90,0,90,264
10/19/2020,FOK,NY,AEA,EN,Federal Contract Tower,0,26,37,0,63,0,2,66,4,72,0,28,103,4,135,30,26,56,191
10/20/2020,FOK,NY,AEA,EN,Federal Contract Tower,0,14,37,0,51,0,0,0,0,0,0,14,37,0,51,4,0,4,55
10/21/2020,FOK,NY,AEA,EN,Federal Contract Tower,0,32,37,0,69,0,0,0,0,0,0,32,37,0,69,0,0,0,69
10/22/2020,FOK,NY,AEA,EN,Federal Contract Tower,0,31,36,2,69,0,0,18,7,25,0,31,54,9,94,0,38,38,132
10/23/2020,FOK,NY,AEA,EN,Federal Contract Tower,0,25,57,0,82,0,0,0,0,0,0,25,57,0,82,0,0,0,82
10/24/2020,FOK,NY,AEA,EN,Federal Contract Tower,0,19,18,0,37,0,0,41,0,41,0,19,59,0,78,14,0,14,92
10/25/2020,FOK,NY,AEA,EN,Federal Contract Tower,0,23,28,0,51,0,1,98,0,99,0,24,126,0,150,90,0,90,240
10/26/2020,FOK,NY,AEA,EN,Federal Contract Tower,0,22,26,0,48,0,0,0,0,0,0,22,26,0,48,0,0,0,48
10/27/2020,FOK,NY,AEA,EN,Federal Contract Tower,0,15,21,7,43,0,0,56,10,66,0,15,77,17,109,28,122,150,259
10/28/2020,FOK,NY,AEA,EN,Federal Contract Tower,0,34,40,11,85,0,0,2,1,3,0,34,42,12,88,6,36,42,130
10/29/2020,FOK,NY,AEA,EN,Federal Contract Tower,0,40,24,2,66,0,0,0,0,0,0,40,24,2,66,0,0,0,66
10/30/2020,FOK,NY,AEA,EN,Federal Contract Tower,0,25,30,0,55,0,0,8,0,8,0,25,38,0,63,2,0,2,65
10/31/2020,FOK,NY,AEA,EN,Federal Contract Tower,0,24,23,0,47,0,0,80,0,80,0,24,103,0,127,100,0,100,227
11/01/2020,FOK,NY,AEA,EN,Federal Contract Tower,0,23,20,0,43,0,0,30,0,30,0,23,50,0,73,34,0,34,107
11/02/2020,FOK,NY,AEA,EN,Federal Contract Tower,0,12,13,0,25,0,0,22,4,26,0,12,35,4,51,0,0,0,51
11/03/2020,FOK,NY,AEA,EN,Federal Contract Tower,0,13,15,4,32,0,0,22,0,22,0,13,37,4,54,10,0,10,64
11/04/2020,FOK,NY,AEA,EN,Federal Contract Tower,0,9,28,1,38,0,0,57,7,64,0,9,85,8,102,44,14,58,160
11/05/2020,FOK,NY,AEA,EN,Federal Contract Tower,0,23,33,2,58,0,0,23,4,27,0,23,56,6,85,18,10,28,113
11/06/2020,FOK,NY,AEA,EN,Federal Contract Tower,0,8,34,1,43,0,0,45,6,51,0,8,79,7,94,44,12,56,150
11/07/2020,FOK,NY,AEA,EN,Federal Contract Tower,0,19,17,3,39,0,0,83,20,103,0,19,100,23,142,50,112,162,304
11/08/2020,FOK,NY,AEA,EN,Federal Contract Tower,0,11,28,0,39,0,0,103,0,103,0,11,131,0,142,74,0,74,216
11/09/2020,FOK,NY,AEA,EN,Federal Contract Tower,0,7,18,0,25,0,0,64,1,65,0,7,82,1,90,48,6,54,144
11/10/2020,FOK,NY,AEA,EN,Federal Contract Tower,0,17,23,0,40,0,0,88,0,88,0,17,111,0,128,82,0,82,210
11/11/2020,FOK,NY,AEA,EN,Federal Contract Tower,0,15,14,0,29,0,0,2,0,2,0,15,16,0,31,0,0,0,31
11/12/2020,FOK,NY,AEA,EN,Federal Contract Tower,0,12,15,11,38,0,0,18,0,18,0,12,33,11,56,0,52,52,108
11/13/2020,FOK,NY,AEA,EN,Federal Contract Tower,0,20,21,0,41,0,0,0,0,0,0,20,21,0,41,0,0,0,41
11/14/2020,FOK,NY,AEA,EN,Federal Contract Tower,0,9,22,1,32,0,0,106,0,106,0,9,128,1,138,42,0,42,180
11/15/2020,FOK,NY,AEA,EN,Federal Contract Tower,0,10,20,0,30,0,0,33,0,33,0,10,53,0,63,30,0,30,93
11/16/2020,FOK,NY,AEA,EN,Federal Contract Tower,0,16,18,0,34,0,0,43,1,44,0,16,61,1,78,0,2,2,80
11/17/2020,FOK,NY,AEA,EN,Federal Contract Tower,0,11,21,5,37,0,0,55,14,69,0,11,76,19,106,60,82,142,248
11/18/2020,FOK,NY,AEA,EN,Federal Contract Tower,0,19,23,2,44,0,0,37,7,44,0,19,60,9,88,32,40,72,160
11/19/2020,FOK,NY,AEA,EN,Federal Contract Tower,0,28,22,0,50,0,0,61,6,67,0,28,83,6,117,28,100,128,245
11/20/2020,FOK,NY,AEA,EN,Federal Contract Tower,0,14,18,0,32,0,0,66,0,66,0,14,84,0,98,36,0,36,134
11/21/2020,FOK,NY,AEA,EN,Federal Contract Tower,0,27,38,0,65,0,0,109,0,109,0,27,147,0,174,98,0,98,272
11/22/2020,FOK,NY,AEA,EN,Federal Contract Tower,0,50,30,0,80,0,0,35,0,35,0,50,65,0,115,42,0,42,157
11/23/2020,FOK,NY,AEA,EN,Federal Contract Tower,0,22,26,0,48,0,0,11,0,11,0,22,37,0,59,0,20,20,79
11/24/2020,FOK,NY,AEA,EN,Federal Contract Tower,0,36,36,3,75,0,6,86,14,106,0,42,122,17,181,40,78,118,299
11/25/2020,FOK,NY,AEA,EN,Federal Contract Tower,0,16,21,4,41,0,0,57,0,57,0,16,78,4,98,38,4,42,140
11/26/2020,FOK,NY,AEA,EN,Federal Contract Tower,0,9,15,0,24,0,0,0,0,0,0,9,15,0,24,0,0,0,24
11/27/2020,FOK,NY,AEA,EN,Federal Contract Tower,0,13,38,0,51,0,0,98,0,98,0,13,136,0,149,66,0,66,215
11/28/2020,FOK,NY,AEA,EN,Federal Contract Tower,0,23,19,0,42,0,1,77,0,78,0,24,96,0,120,38,0,38,158
11/29/2020,FOK,NY,AEA,EN,Federal Contract Tower,0,42,46,0,88,0,0,148,0,148,0,42,194,0,236,132,0,132,368
11/30/2020,FOK,NY,AEA,EN,Federal Contract Tower,0,13,19,0,32,0,0,0,0,0,0,13,19,0,32,0,0,0,32
12/01/2020,FOK,NY,AEA,EN,Federal Contract Tower,0,26,18,11,55,0,0,40,0,40,0,26,58,11,95,28,2,30,125
12/02/2020,FOK,NY,AEA,EN,Federal Contract Tower,0,13,16,0,29,0,0,33,8,41,0,13,49,8,70,36,120,156,226
12/03/2020,FOK,NY,AEA,EN,Federal Contract Tower,0,15,33,0,48,0,0,81,4,85,0,15,114,4,133,62,28,90,223
12/04/2020,FOK,NY,AEA,EN,Federal Contract Tower,0,16,12,4,32,0,0,46,1,47,0,16,58,5,79,56,0,56,135
12/05/2020,FOK,NY,AEA,EN,Federal Contract Tower,0,10,2,0,12,0,0,0,0,0,0,10,2,0,12,0,0,0,12
12/07/2020,FOK,NY,AEA,EN,Federal Contract Tower,0,8,11,0,19,0,0,59,2,61,0,8,70,2,80,74,22,96,176
12/08/2020,FOK,NY,AEA,EN,Federal Contract Tower,0,4,13,0,17,0,0,56,2,58,0,4,69,2,75,62,42,104,179
12/09/2020,FOK,NY,AEA,EN,Federal Contract Tower,0,6,18,3,27,0,0,29,4,33,0,6,47,7,60,16,48,64,124
12/10/2020,FOK,NY,AEA,EN,Federal Contract Tower,0,11,25,4,40,0,1,54,15,70,0,12,79,19,110,36,56,92,202
12/11/2020,FOK,NY,AEA,EN,Federal Contract Tower,0,13,21,0,34,0,0,80,0,80,0,13,101,0,114,64,0,64,178
12/12/2020,FOK,NY,AEA,EN,Federal Contract Tower,0,23,13,0,36,0,0,0,0,0,0,23,13,0,36,0,0,0,36
12/13/2020,FOK,NY,AEA,EN,Federal Contract Tower,0,44,29,0,73,0,0,105,0,105,0,44,134,0,178,78,0,78,256
12/14/2020,FOK,NY,AEA,EN,Federal Contract Tower,0,10,7,0,17,0,0,10,0,10,0,10,17,0,27,0,0,0,27
12/15/2020,FOK,NY,AEA,EN,Federal Contract Tower,0,14,16,1,31,0,0,45,8,53,0,14,61,9,84,24,52,76,160
12/16/2020,FOK,NY,AEA,EN,Federal Contract Tower,0,16,11,0,27,0,0,34,8,42,0,16,45,8,69,8,6,14,83
12/17/2020,FOK,NY,AEA,EN,Federal Contract Tower,0,2,2,0,4,0,0,0,0,0,0,2,2,0,4,0,0,0,4
12/18/2020,FOK,NY,AEA,EN,Federal Contract Tower,0,7,23,0,30,0,0,43,0,43,0,7,66,0,73,40,0,40,113
12/19/2020,FOK,NY,AEA,EN,Federal Contract Tower,0,31,36,0,67,0,0,61,0,61,0,31,97,0,128,44,0,44,172
12/20/2020,FOK,NY,AEA,EN,Federal Contract Tower,0,37,37,0,74,0,2,19,0,21,0,39,56,0,95,0,0,0,95
12/21/2020,FOK,NY,AEA,EN,Federal Contract Tower,0,24,19,0,43,0,0,10,4,14,0,24,29,4,57,8,72,80,137
12/22/2020,FOK,NY,AEA,EN,Federal Contract Tower,0,10,16,4,30,0,0,31,18,49,0,10,47,22,79,74,56,130,209
12/23/2020,FOK,NY,AEA,EN,Federal Contract Tower,0,23,27,0,50,0,0,88,8,96,0,23,115,8,146,84,26,110,256
12/24/2020,FOK,NY,AEA,EN,Federal Contract Tower,0,14,2,0,16,0,0,14,0,14,0,14,16,0,30,0,0,0,30
12/25/2020,FOK,NY,AEA,EN,Federal Contract Tower,0,18,9,0,27,0,0,0,0,0,0,18,9,0,27,0,0,0,27
12/26/2020,FOK,NY,AEA,EN,Federal Contract Tower,0,40,34,0,74,0,0,60,0,60,0,40,94,0,134,42,0,42,176
12/27/2020,FOK,NY,AEA,EN,Federal Contract Tower,0,39,49,0,88,0,1,98,0,99,0,40,147,0,187,66,0,66,253
12/28/2020,FOK,NY,AEA,EN,Federal Contract Tower,0,20,30,0,50,0,0,50,0,50,0,20,80,0,100,36,0,36,136
12/29/2020,FOK,NY,AEA,EN,Federal Contract Tower,0,26,18,6,50,0,0,36,6,42,0,26,54,12,92,40,44,84,176
12/30/2020,FOK,NY,AEA,EN,Federal Contract Tower,0,21,30,0,51,0,0,61,2,63,0,21,91,2,114,74,16,90,204
12/31/2020,FOK,NY,AEA,EN,Federal Contract Tower,0,13,14,0,27,0,0,14,0,14,0,13,28,0,41,28,0,28,69
01/01/2021,FOK,NY,AEA,EN,Federal Contract Tower,0,18,19,0,37,0,0,49,0,49,0,18,68,0,86,22,0,22,108
01/02/2021,FOK,NY,AEA,EN,Federal Contract Tower,0,30,26,0,56,0,0,28,0,28,0,30,54,0,84,0,0,0,84
01/03/2021,FOK,NY,AEA,EN,Federal Contract Tower,0,19,25,0,44,0,0,5,0,5,0,19,30,0,49,0,0,0,49
01/04/2021,FOK,NY,AEA,EN,Federal Contract Tower,0,15,22,3,40,0,0,64,4,68,0,15,86,7,108,16,20,36,144
01/05/2021,FOK,NY,AEA,EN,Federal Contract Tower,0,17,16,9,42,0,0,37,7,44,0,17,53,16,86,30,66,96,182
01/06/2021,FOK,NY,AEA,EN,Federal Contract Tower,0,10,18,0,28,0,0,29,14,43,0,10,47,14,71,20,64,84,155
01/07/2021,FOK,NY,AEA,EN,Federal Contract Tower,0,19,13,3,35,0,2,60,10,72,0,21,73,13,107,30,38,68,175
01/08/2021,FOK,NY,AEA,EN,Federal Contract Tower,0,9,21,0,30,0,0,58,0,58,0,9,79,0,88,68,0,68,156
01/09/2021,FOK,NY,AEA,EN,Federal Contract Tower,0,21,19,0,40,0,2,46,1,49,0,23,65,1,89,24,34,58,147
01/10/2021,FOK,NY,AEA,EN,Federal Contract Tower,0,18,33,1,52,0,0,104,2,106,0,18,137,3,158,120,66,186,344
01/11/2021,FOK,NY,AEA,EN,Federal Contract Tower,0,13,12,0,25,0,0,43,0,43,0,13,55,0,68,30,0,30,98
01/12/2021,FOK,NY,AEA,EN,Federal Contract Tower,0,10,7,0,17,0,0,30,14,44,0,10,37,14,61,26,70,96,157
01/13/2021,FOK,NY,AEA,EN,Federal Contract Tower,0,21,17,0,38,0,0,52,0,52,0,21,69,0,90,10,104,114,204
01/14/2021,FOK,NY,AEA,EN,Federal Contract Tower,0,17,15,0,32,0,0,67,0,67,0,17,82,0,99,62,0,62,161
01/15/2021,FOK,NY,AEA,EN,Federal Contract Tower,0,14,26,2,42,0,0,39,2,41,0,14,65,4,83,4,12,16,99
01/16/2021,FOK,NY,AEA,EN,Federal Contract Tower,0,15,9,0,24,0,0,2,0,2,0,15,11,0,26,0,0,0,26
01/18/2021,FOK,NY,AEA,EN,Federal Contract Tower,0,21,19,0,40,0,0,52,0,52,0,21,71,0,92,48,0,48,140
01/19/2021,FOK,NY,AEA,EN,Federal Contract Tower,0,5,9,0,14,0,0,37,0,37,0,5,46,0,51,12,0,12,63
01/21/2021,FOK,NY,AEA,EN,Federal Contract Tower,0,9,20,2,31,0,0,43,0,43,0,9,63,2,74,30,0,30,104
01/22/2021,FOK,NY,AEA,EN,Federal Contract Tower,0,10,20,1,31,0,0,50,4,54,0,10,70,5,85,10,0,10,95
01/23/2021,FOK,NY,AEA,EN,Federal Contract Tower,0,14,11,0,25,0,0,20,0,20,0,14,31,0,45,0,0,0,45
01/24/2021,FOK,NY,AEA,EN,Federal Contract Tower,0,16,10,0,26,0,0,34,0,34,0,16,44,0,60,28,0,28,88
01/25/2021,FOK,NY,AEA,EN,Federal Contract Tower,0,9,11,1,21,0,0,55,0,55,0,9,66,1,76,56,0,56,132
01/26/2021,FOK,NY,AEA,EN,Federal Contract Tower,0,8,5,4,17,0,0,7,0,7,0,8,12,4,24,4,0,4,28
01/27/2021,FOK,NY,AEA,EN,Federal Contract Tower,0,9,7,4,20,0,0,30,20,50,0,9,37,24,70,0,65,65,135
01/28/2021,FOK,NY,AEA,EN,Federal Contract Tower,0,11,2,0,13,0,1,5,2,8,0,12,7,2,21,4,0,4,25
01/29/2021,FOK,NY,AEA,EN,Federal Contract Tower,0,13,2,1,16,0,0,8,0,8,0,13,10,1,24,0,0,0,24
01/30/2021,FOK,NY,AEA,EN,Federal Contract Tower,0,15,28,0,43,0,1,58,0,59,0,16,86,0,102,58,0,58,160
01/31/2021,FOK,NY,AEA,EN,Federal Contract Tower,0,7,19,0,26,0,0,57,0,57,0,7,76,0,83,54,0,54,137
02/02/2021,FOK,NY,AEA,EN,Federal Contract Tower,0,1,7,0,8,0,0,0,0,0,0,1,7,0,8,0,0,0,8
02/03/2021,FOK,NY,AEA,EN,Federal Contract Tower,0,9,9,2,20,0,0,2,14,16,0,9,11,16,36,2,78,80,116
02/04/2021,FOK,NY,AEA,EN,Federal Contract Tower,0,17,16,3,36,0,0,38,12,50,0,17,54,15,86,12,86,98,184
02/05/2021,FOK,NY,AEA,EN,Federal Contract Tower,0,9,14,0,23,0,0,25,0,25,0,9,39,0,48,4,0,4,52
02/06/2021,FOK,NY,AEA,EN,Federal Contract Tower,0,18,21,4,43,0,0,67,0,67,0,18,88,4,110,14,10,24,134
02/07/2021,FOK,NY,AEA,EN,Federal Contract Tower,0,0,2,0,2,0,0,0,0,0,0,0,2,0,2,0,0,0,2
02/08/2021,FOK,NY,AEA,EN,Federal Contract Tower,0,11,6,2,19,0,0,22,2,24,0,11,28,4,43,8,2,10,53
02/09/2021,FOK,NY,AEA,EN,Federal Contract Tower,0,14,12,0,26,0,0,6,0,6,0,14,18,0,32,0,0,0,32
02/10/2021,FOK,NY,AEA,EN,Federal Contract Tower,0,19,19,2,40,0,0,47,0,47,0,19,66,2,87,8,0,8,95
02/11/2021,FOK,NY,AEA,EN,Federal Contract Tower,0,10,10,0,20,0,0,21,13,34,0,10,31,13,54,0,68,68,122
02/12/2021,FOK,NY,AEA,EN,Federal Contract Tower,0,11,15,0,26,0,0,28,8,36,0,11,43,8,62,18,28,46,108
02/13/2021,FOK,NY,AEA,EN,Federal Contract Tower,0,13,19,0,32,0,0,28,0,28,0,13,47,0,60,26,0,26,86
02/14/2021,FOK,NY,AEA,EN,Federal Contract Tower,0,11,7,0,18,0,0,8,0,8,0,11,15,0,26,0,0,0,26
02/15/2021,FOK,NY,AEA,EN,Federal Contract Tower,0,23,6,0,29,0,0,0,0,0,0,23,6,0,29,0,0,0,29
02/16/2021,FOK,NY,AEA,EN,Federal Contract Tower,0,14,30,0,44,0,0,0,4,4,0,14,30,4,48,0,12,12,60
02/17/2021,FOK,NY,AEA,EN,Federal Contract Tower,0,15,20,2,37,0,2,26,21,49,0,17,46,23,86,26,74,100,186
02/18/2021,FOK,NY,AEA,EN,Federal Contract Tower,0,1,6,0,7,0,0,0,0,0,0,1,6,0,7,0,0,0,7
02/19/2021,FOK,NY,AEA,EN,Federal Contract Tower,0,6,6,0,12,0,0,0,0,0,0,6,6,0,12,0,0,0,12
02/20/2021,FOK,NY,AEA,EN,Federal Contract Tower,0,19,18,0,37,0,0,27,0,27,0,19,45,0,64,20,0,20,84
02/21/2021,FOK,NY,AEA,EN,Federal Contract Tower,0,7,34,0,41,0,0,71,0,71,0,7,105,0,112,76,0,76,188
02/22/2021,FOK,NY,AEA,EN,Federal Contract Tower,0,7,10,0,17,0,0,15,0,15,0,7,25,0,32,10,0,10,42
02/23/2021,FOK,NY,AEA,EN,Federal Contract Tower,0,11,12,0,23,0,0,26,21,47,0,11,38,21,70,26,14,40,110
02/24/2021,FOK,NY,AEA,EN,Federal Contract Tower,0,7,10,0,17,0,0,53,19,72,0,7,63,19,89,4,76,80,169
02/25/2021,FOK,NY,AEA,EN,Federal Contract Tower,0,10,22,1,33,0,0,41,10,51,0,10,63,11,84,6,98,104,188
02/26/2021,FOK,NY,AEA,EN,Federal Contract Tower,0,6,33,0,39,0,0,78,4,82,0,6,111,4,121,116,28,144,265
02/27/2021,FOK,NY,AEA,EN,Federal Contract Tower,0,16,28,0,44,0,0,2,0,2,0,16,30,0,46,0,0,0,46
02/28/2021,FOK,NY,AEA,EN,Federal Contract Tower,0,19,30,0,49,0,0,29,0,29,0,19,59,0,78,62,0,62,140
03/01/2021,FOK,NY,AEA,EN,Federal Contract Tower,0,12,0,0,12,0,0,0,0,0,0,12,0,0,12,0,0,0,12
03/02/2021,FOK,NY,AEA,EN,Federal Contract Tower,0,13,14,0,27,0,0,9,3,12,0,13,23,3,39,0,22,22,61
03/03/2021,FOK,NY,AEA,EN,Federal Contract Tower,0,17,11,5,33,0,0,55,16,71,0,17,66,21,104,20,114,134,238
03/04/2021,FOK,NY,AEA,EN,Federal Contract Tower,0,6,6,1,13,0,0,44,11,55,0,6,50,12,68,42,0,42,110
03/05/2021,FOK,NY,AEA,EN,Federal Contract Tower,0,12,20,0,32,0,0,41,10,51,0,12,61,10,83,30,22,52,135
03/06/2021,FOK,NY,AEA,EN,Federal Contract Tower,0,10,30,2,42,0,0,56,10,66,0,10,86,12,108,94,30,124,232
03/07/2021,FOK,NY,AEA,EN,Federal Contract Tower,0,17,25,0,42,0,0,115,0,115,0,17,140,0,157,100,0,100,257
03/08/2021,FOK,NY,AEA,EN,Federal Contract Tower,0,10,17,3,30,0,0,39,2,41,0,10,56,5,71,28,26,54,125
03/09/2021,FOK,NY,AEA,EN,Federal Contract Tower,0,7,11,0,18,0,0,42,9,51,0,7,53,9,69,52,48,100,169
03/10/2021,FOK,NY,AEA,EN,Federal Contract Tower,0,19,18,0,37,0,0,64,7,71,0,19,82,7,108,96,14,110,218
03/11/2021,FOK,NY,AEA,EN,Federal Contract Tower,0,5,3,0,8,0,0,43,12,55,0,5,46,12,63,24,30,54,117
03/12/2021,FOK,NY,AEA,EN,Federal Contract Tower,0,16,13,2,31,0,0,47,2,49,0,16,60,4,80,28,14,42,122
03/13/2021,FOK,NY,AEA,EN,Federal Contract Tower,0,19,39,0,58,0,0,52,0,52,0,19,91,0,110,32,0,32,142
03/15/2021,FOK,NY,AEA,EN,Federal Contract Tower,0,5,19,5,29,0,0,33,0,33,0,5,52,5,62,8,0,8,70
03/16/2021,FOK,NY,AEA,EN,Federal Contract Tower,0,9,9,2,20,0,0,49,8,57,0,9,58,10,77,68,48,116,193
03/17/2021,FOK,NY,AEA,EN,Federal Contract Tower,0,16,26,0,42,0,0,34,4,38,0,16,60,4,80,14,26,40,120
03/18/2021,FOK,NY,AEA,EN,Federal Contract Tower,0,17,16,2,35,0,0,1,0,1,0,17,17,2,36,0,0,0,36
03/19/2021,FOK,NY,AEA,EN,Federal Contract Tower,0,15,11,1,27,0,0,29,1,30,0,15,40,2,57,0,8,8,65
03/20/2021,FOK,NY,AEA,EN,Federal Contract Tower,0,31,22,3,56,0,0,101,0,101,0,31,123,3,157,106,48,154,311
03/21/2021,FOK,NY,AEA,EN,Federal Contract Tower,0,9,27,4,40,0,0,131,0,131,0,9,158,4,171,114,0,114,285
03/22/2021,FOK,NY,AEA,EN,Federal Contract Tower,0,9,14,0,23,0,0,52,0,52,0,9,66,0,75,66,0,66,141
03/23/2021,FOK,NY,AEA,EN,Federal Contract Tower,0,13,21,5,39,0,0,44,14,58,0,13,65,19,97,82,54,136,233
03/24/2021,FOK,NY,AEA,EN,Federal Contract Tower,0,14,11,0,25,0,0,30,7,37,0,14,41,7,62,0,42,42,104
03/25/2021,FOK,NY,AEA,EN,Federal Contract Tower,0,17,19,0,36,0,0,27,4,31,0,17,46,4,67,14,28,42,109
03/26/2021,FOK,NY,AEA,EN,Federal Contract Tower,0,35,17,0,52,0,0,3,0,3,0,35,20,0,55,0,0,0,55
03/27/2021,FOK,NY,AEA,EN,Federal Contract Tower,0,11,28,0,39,0,0,65,0,65,0,11,93,0,104,96,0,96,200
03/28/2021,FOK,NY,AEA,EN,Federal Contract Tower,0,24,29,0,53,0,0,0,0,0,0,24,29,0,53,0,0,0,53
03/29/2021,FOK,NY,AEA,EN,Federal Contract Tower,0,9,8,0,17,0,0,8,1,9,0,9,16,1,26,0,0,0,26
03/30/2021,FOK,NY,AEA,EN,Federal Contract Tower,0,17,35,2,54,0,0,76,10,86,0,17,111,12,140,96,34,130,270
03/31/2021,FOK,NY,AEA,EN,Federal Contract Tower,0,18,20,7,45,0,0,18,11,29,0,18,38,18,74,14,80,94,168
04/01/2021,FOK,NY,AEA,EN,Federal Contract Tower,0,17,20,8,45,0,0,102,16,118,0,17,122,24,163,42,60,102,265
04/02/2021,FOK,NY,AEA,EN,Federal Contract Tower,0,24,16,2,42,0,2,51,0,53,0,26,67,2,95,26,0,26,121
04/03/2021,FOK,NY,AEA,EN,Federal Contract Tower,0,36,22,0,58,0,6,104,0,110,0,42,126,0,168,24,0,24,192
04/04/2021,FOK,NY,AEA,EN,Federal Contract Tower,0,27,22,0,49,0,0,92,0,92,0,27,114,0,141,56,0,56,197
04/05/2021,FOK,NY,AEA,EN,Federal Contract Tower,0,22,19,0,41,0,0,47,0,47,0,22,66,0,88,38,2,40,128
04/06/2021,FOK,NY,AEA,EN,Federal Contract Tower,0,15,22,3,40,0,0,40,17,57,0,15,62,20,97,34,112,146,243
04/07/2021,FOK,NY,AEA,EN,Federal Contract Tower,0,21,17,2,40,0,0,57,11,68,0,21,74,13,108,60,54,114,222
04/08/2021,FOK,NY,AEA,EN,Federal Contract Tower,0,22,19,1,42,0,0,61,25,86,0,22,80,26,128,28,32,60,188
04/09/2021,FOK,NY,AEA,EN,Federal Contract Tower,0,32,35,1,68,0,0,6,1,7,0,32,41,2,75,0,18,18,93
04/10/2021,FOK,NY,AEA,EN,Federal Contract Tower,0,21,30,0,51,0,0,23,0,23,0,21,53,0,74,16,0,16,90
04/11/2021,FOK,NY,AEA,EN,Federal Contract Tower,0,13,14,0,27,0,0,0,0,0,0,13,14,0,27,0,0,0,27
04/12/2021,FOK,NY,AEA,EN,Federal Contract Tower,0,9,15,10,34,0,0,0,0,0,0,9,15,10,34,10,8,18,52
04/13/2021,FOK,NY,AEA,EN,Federal Contract Tower,0,9,8,3,20,0,0,50,18,68,0,9,58,21,88,8,122,130,218
04/14/2021,FOK,NY,AEA,EN,Federal Contract Tower,0,14,7,0,21,0,0,45,12,57,0,14,52,12,78,28,32,60,138
04/15/2021,FOK,NY,AEA,EN,Federal Contract Tower,0,12,22,0,34,0,0,0,0,0,0,12,22,0,34,0,0,0,34
04/16/2021,FOK,NY,AEA,EN,Federal Contract Tower,0,22,12,0,34,0,0,16,2,18,0,22,28,2,52,0,8,8,60
04/17/2021,FOK,NY,AEA,EN,Federal Contract Tower,0,15,13,0,28,0,0,46,0,46,0,15,59,0,74,116,0,116,190
04/18/2021,FOK,NY,AEA,EN,Federal Contract Tower,0,12,30,2,44,0,0,93,0,93,0,12,123,2,137,118,0,118,255
04/19/2021,FOK,NY,AEA,EN,Federal Contract Tower,0,6,14,0,20,0,0,67,0,67,0,6,81,0,87,20,0,20,107
04/20/2021,FOK,NY,AEA,EN,Federal Contract Tower,0,8,15,1,24,0,0,61,45,106,0,8,76,46,130,24,28,52,182
04/21/2021,FOK,NY,AEA,EN,Federal Contract Tower,0,16,9,2,27,0,0,4,13,17,0,16,13,15,44,0,46,46,90
04/22/2021,FOK,NY,AEA,EN,Federal Contract Tower,0,18,11,0,29,0,0,14,3,17,0,18,25,3,46,0,10,10,56
04/23/2021,FOK,NY,AEA,EN,Federal Contract Tower,0,2,30,2,34,0,2,30,2,34,0,4,60,4,68,0,0,0,68
04/24/2021,FOK,NY,AEA,EN,Federal Contract Tower,0,11,21,0,32,0,0,105,0,105,0,11,126,0,137,118,0,118,255
04/25/2021,FOK,NY,AEA,EN,Federal Contract Tower,0,25,23,0,48,0,0,14,0,14,0,25,37,0,62,0,0,0,62
04/26/2021,FOK,NY,AEA,EN,Federal Contract Tower,0,9,8,0,17,0,0,45,0,45,0,9,53,0,62,6,0,6,68
04/27/2021,FOK,NY,AEA,EN,Federal Contract Tower,0,6,32,1,39,0,1,62,9,72,0,7,94,10,111,28,22,50,161
04/28/2021,FOK,NY,AEA,EN,Federal Contract Tower,0,12,37,4,53,0,0,104,9,113,0,12,141,13,166,56,8,64,230
04/29/2021,FOK,NY,AEA,EN,Federal Contract Tower,0,20,30,5,55,0,0,33,14,47,0,20,63,19,102,34,90,124,226
04/30/2021,FOK,NY,AEA,EN,Federal Contract Tower,0,30,22,2,54,0,0,16,2,18,0,30,38,4,72,2,0,2,74
05/01/2021,FOK,NY,AEA,EN,Federal Contract Tower,0,16,31,1,48,0,0,42,12,54,0,16,73,13,102,10,84,94,196
05/02/2021,FOK,NY,AEA,EN,Federal Contract Tower,0,21,37,0,58,0,0,74,4,78,0,21,111,4,136,106,38,144,280
05/03/2021,FOK,NY,AEA,EN,Federal Contract Tower,0,8,14,3,25,0,0,39,0,39,0,8,53,3,64,38,0,38,102
05/04/2021,FOK,NY,AEA,EN,Federal Contract Tower,0,8,13,3,24,0,0,17,5,22,0,8,30,8,46,24,48,72,118
05/05/2021,FOK,NY,AEA,EN,Federal Contract Tower,0,21,13,8,42,0,0,0,4,4,0,21,13,12,46,0,0,0,46
05/06/2021,FOK,NY,AEA,EN,Federal Contract Tower,0,12,18,1,31,0,1,51,17,69,0,13,69,18,100,22,82,104,204
05/07/2021,FOK,NY,AEA,EN,Federal Contract Tower,0,21,22,0,43,0,0,85,1,86,0,21,107,1,129,86,0,86,215
05/08/2021,FOK,NY,AEA,EN,Federal Contract Tower,0,20,24,3,47,0,0,65,0,65,0,20,89,3,112,98,0,98,210
05/09/2021,FOK,NY,AEA,EN,Federal Contract Tower,0,16,19,4,39,0,0,49,0,49,0,16,68,4,88,36,0,36,124
05/10/2021,FOK,NY,AEA,EN,Federal Contract Tower,0,18,37,0,55,0,0,37,1,38,0,18,74,1,93,30,0,30,123
05/11/2021,FOK,NY,AEA,EN,Federal Contract Tower,0,16,23,3,42,0,0,34,8,42,0,16,57,11,84,18,32,50,134
05/12/2021,FOK,NY,AEA,EN,Federal Contract Tower,0,30,30,0,60,0,0,68,12,80,0,30,98,12,140,64,64,128,268
05/13/2021,FOK,NY,AEA,EN,Federal Contract Tower,0,19,29,8,56,0,0,86,41,127,0,19,115,49,183,76,38,114,297
05/14/2021,FOK,NY,AEA,EN,Federal Contract Tower,0,16,36,1,53,0,0,114,0,114,0,16,150,1,167,124,0,124,291
05/15/2021,FOK,NY,AEA,EN,Federal Contract Tower,0,22,17,0,39,0,0,89,0,89,0,22,106,0,128,102,0,102,230
05/16/2021,FOK,NY,AEA,EN,Federal Contract Tower,0,17,33,0,50,0,0,137,0,137,0,17,170,0,187,108,0,108,295
05/17/2021,FOK,NY,AEA,EN,Federal Contract Tower,0,11,27,0,38,0,0,67,0,67,0,11,94,0,105,54,0,54,159
05/18/2021,FOK,NY,AEA,EN,Federal Contract Tower,0,9,27,1,37,0,0,76,17,93,0,9,103,18,130,30,56,86,216
05/19/2021,FOK,NY,AEA,EN,Federal Contract Tower,0,19,37,1,57,0,1,54,13,68,0,20,91,14,125,56,38,94,219
05/20/2021,FOK,NY,AEA,EN,Federal Contract Tower,0,18,37,0,55,0,5,56,16,77,0,23,93,16,132,56,50,106,238
05/21/2021,FOK,NY,AEA,EN,Federal Contract Tower,0,17,33,0,50,0,0,70,0,70,0,17,103,0,120,92,0,92,212
05/22/2021,FOK,NY,AEA,EN,Federal Contract Tower,0,25,19,0,44,0,2,76,0,78,0,27,95,0,122,44,0,44,166
05/23/2021,FOK,NY,AEA,EN,Federal Contract Tower,0,39,33,0,72,0,0,91,0,91,0,39,124,0,163,98,0,98,261
05/24/2021,FOK,NY,AEA,EN,Federal Contract Tower,0,25,26,1,52,0,0,64,0,64,0,25,90,1,116,18,0,18,134
05/26/2021,FOK,NY,AEA,EN,Federal Contract Tower,0,45,32,4,81,0,0,0,8,8,0,45,32,12,89,0,26,26,115
05/27/2021,FOK,NY,AEA,EN,Federal Contract Tower,0,51,50,1,102,0,4,94,5,103,0,55,144,6,205,32,30,62,267
05/28/2021,FOK,NY,AEA,EN,Federal Contract Tower,0,46,45,0,91,0,0,39,7,46,0,46,84,7,137,8,12,20,157
05/29/2021,FOK,NY,AEA,EN,Federal Contract Tower,0,29,27,0,56,0,0,2,0,2,0,29,29,0,58,0,0,0,58
05/30/2021,FOK,NY,AEA,EN,Federal Contract Tower,0,44,21,0,65,0,0,0,0,0,0,44,21,0,65,0,0,0,65
05/31/2021,FOK,NY,AEA,EN,Federal Contract Tower,0,61,69,0,130,0,1,41,1,43,0,62,110,1,173,14,0,14,187
06/01/2021,FOK,NY,AEA,EN,Federal Contract Tower,0,57,36,0,93,0,2,47,0,49,0,59,83,0,142,54,0,54,196
06/02/2021,FOK,NY,AEA,EN,Federal Contract Tower,0,30,30,0,60,0,2,107,11,120,0,32,137,11,180,26,20,46,226
06/03/2021,FOK,NY,AEA,EN,Federal Contract Tower,0,35,48,0,83,0,0,0,0,0,0,35,48,0,83,0,0,0,83
06/04/2021,FOK,NY,AEA,EN,Federal Contract Tower,0,39,68,10,117,0,2,7,0,9,0,41,75,10,126,0,0,0,126
06/05/2021,FOK,NY,AEA,EN,Federal Contract Tower,0,31,51,0,82,0,0,125,0,125,0,31,176,0,207,44,16,60,267
06/06/2021,FOK,NY,AEA,EN,Federal Contract Tower,0,56,41,2,99,0,0,127,2,129,0,56,168,4,228,50,64,114,342
06/07/2021,FOK,NY,AEA,EN,Federal Contract Tower,0,36,41,0,77,0,0,61,0,61,0,36,102,0,138,50,0,50,188
06/08/2021,FOK,NY,AEA,EN,Federal Contract Tower,0,41,39,4,84,0,6,43,3,52,0,47,82,7,136,12,4,16,152
06/10/2021,FOK,NY,AEA,EN,Federal Contract Tower,0,36,53,2,91,0,3,106,2,111,0,39,159,4,202,62,18,80,282
06/11/2021,FOK,NY,AEA,EN,Federal Contract Tower,0,29,51,0,80,0,2,85,0,87,0,31,136,0,167,16,0,16,183
06/12/2021,FOK,NY,AEA,EN,Federal Contract Tower,0,42,50,0,92,0,0,86,1,87,0,42,136,1,179,64,0,64,243
06/13/2021,FOK,NY,AEA,EN,Federal Contract Tower,0,58,48,0,106,0,2,121,0,123,0,60,169,0,229,94,0,94,323
06/14/2021,FOK,NY,AEA,EN,Federal Contract Tower,0,37,44,0,81,0,1,53,0,54,0,38,97,0,135,8,0,8,143
06/15/2021,FOK,NY,AEA,EN,Federal Contract Tower,0,37,45,0,82,0,0,35,11,46,0,37,80,11,128,22,6,28,156
06/16/2021,FOK,NY,AEA,EN,Federal Contract Tower,0,39,47,4,90,0,0,79,6,85,0,39,126,10,175,48,36,84,259
06/17/2021,FOK,NY,AEA,EN,Federal Contract Tower,0,51,52,0,103,0,1,90,6,97,0,52,142,6,200,50,82,132,332
06/18/2021,FOK,NY,AEA,EN,Federal Contract Tower,0,45,63,1,109,0,0,76,0,76,0,45,139,1,185,52,0,52,237
06/19/2021,FOK,NY,AEA,EN,Federal Contract Tower,0,25,49,0,74,0,4,80,0,84,0,29,129,0,158,80,0,80,238
06/20/2021,FOK,NY,AEA,EN,Federal Contract Tower,0,64,74,0,138,0,4,113,0,117,0,68,187,0,255,74,0,74,329
06/21/2021,FOK,NY,AEA,EN,Federal Contract Tower,0,43,83,0,126,0,0,0,0,0,0,43,83,0,126,0,0,0,126
06/22/2021,FOK,NY,AEA,EN,Federal Contract Tower,0,49,45,3,97,0,0,5,2,7,0,49,50,5,104,12,14,26,130
06/24/2021,FOK,NY,AEA,EN,Federal Contract Tower,0,50,61,1,112,0,0,103,25,128,0,50,164,26,240,44,90,134,374
06/25/2021,FOK,NY,AEA,EN,Federal Contract Tower,0,63,84,0,147,0,0,51,0,51,0,63,135,0,198,0,0,0,198
06/26/2021,FOK,NY,AEA,EN,Federal Contract Tower,0,75,63,0,138,0,2,7,0,9,0,77,70,0,147,0,0,0,147
06/27/2021,FOK,NY,AEA,EN,Federal Contract Tower,0,66,112,0,178,0,0,62,0,62,0,66,174,0,240,6,0,6,246
06/28/2021,FOK,NY,AEA,EN,Federal Contract Tower,0,31,50,0,81,0,1,93,0,94,0,32,143,0,175,58,0,58,233
06/29/2021,FOK,NY,AEA,EN,Federal Contract Tower,0,45,53,3,101,0,0,90,16,106,0,45,143,19,207,14,134,148,355
06/30/2021,FOK,NY,AEA,EN,Federal Contract Tower,0,50,51,0,101,0,2,69,8,79,0,52,120,8,180,8,76,84,264
07/01/2021,FOK,NY,AEA,EN,Federal Contract Tower,0,44,58,0,102,0,0,60,12,72,0,44,118,12,174,6,62,68,242
07/02/2021,FOK,NY,AEA,EN,Federal Contract Tower,0,61,103,2,166,0,0,28,0,28,0,61,131,2,194,0,0,0,194
07/03/2021,FOK,NY,AEA,EN,Federal Contract Tower,0,63,70,0,133,0,0,0,0,0,0,63,70,0,133,0,0,0,133
07/04/2021,FOK,NY,AEA,EN,Federal Contract Tower,0,44,60,0,104,0,0,69,0,69,0,44,129,0,173,50,0,50,223
07/05/2021,FOK,NY,AEA,EN,Federal Contract Tower,0,51,98,1,150,0,0,80,0,80,0,51,178,1,230,0,0,0,230
07/06/2021,FOK,NY,AEA,EN,Federal Contract Tower,0,80,61,0,141,0,0,54,0,54,0,80,115,0,195,40,0,40,235
07/07/2021,FOK,NY,AEA,EN,Federal Contract Tower,0,43,39,0,82,0,1,87,10,98,0,44,126,10,180,42,72,114,294
07/08/2021,FOK,NY,AEA,EN,Federal Contract Tower,0,72,72,4,148,0,0,0,0,0,0,72,72,4,148,0,0,0,148
07/09/2021,FOK,NY,AEA,EN,Federal Contract Tower,0,70,71,2,143,0,4,53,4,61,0,74,124,6,204,16,50,66,270
07/10/2021,FOK,NY,AEA,EN,Federal Contract Tower,0,70,83,0,153,0,0,75,0,75,0,70,158,0,228,54,0,54,282
07/11/2021,FOK,NY,AEA,EN,Federal Contract Tower,0,58,113,0,171,0,0,24,0,24,0,58,137,0,195,6,0,6,201
07/12/2021,FOK,NY,AEA,EN,Federal Contract Tower,0,40,41,1,82,0,0,7,0,7,0,40,48,1,89,0,0,0,89
07/13/2021,FOK,NY,AEA,EN,Federal Contract Tower,0,50,72,12,134,0,0,0,2,2,0,50,72,14,136,0,38,38,174
07/14/2021,FOK,NY,AEA,EN,Federal Contract Tower,0,57,48,1,106,0,0,40,9,49,0,57,88,10,155,14,46,60,215
07/15/2021,FOK,NY,AEA,EN,Federal Contract Tower,0,87,61,2,150,0,0,96,7,103,0,87,157,9,253,2,58,60,313
07/16/2021,FOK,NY,AEA,EN,Federal Contract Tower,0,52,60,0,112,0,2,117,2,121,0,54,177,2,233,56,0,56,289
07/17/2021,FOK,NY,AEA,EN,Federal Contract Tower,0,56,49,0,105,0,0,53,0,53,0,56,102,0,158,10,0,10,168
07/18/2021,FOK,NY,AEA,EN,Federal Contract Tower,0,90,114,0,204,0,0,49,0,49,0,90,163,0,253,0,0,0,253
07/19/2021,FOK,NY,AEA,EN,Federal Contract Tower,0,75,60,6,141,0,1,64,2,67,0,76,124,8,208,8,22,30,238
07/20/2021,FOK,NY,AEA,EN,Federal Contract Tower,0,33,40,0,73,0,2,70,22,94,0,35,110,22,167,14,126,140,307
07/21/2021,FOK,NY,AEA,EN,Federal Contract Tower,0,36,55,0,91,0,1,80,17,98,0,37,135,17,189,30,64,94,283
07/22/2021,FOK,NY,AEA,EN,Federal Contract Tower,0,58,67,3,128,0,2,120,27,149,0,60,187,30,277,56,134,190,467
07/23/2021,FOK,NY,AEA,EN,Federal Contract Tower,0,68,59,0,127,0,4,105,2,111,0,72,164,2,238,48,4,52,290
07/24/2021,FOK,NY,AEA,EN,Federal Contract Tower,0,73,68,0,141,0,1,118,0,119,0,74,186,0,260,82,0,82,342
07/25/2021,FOK,NY,AEA,EN,Federal Contract Tower,0,99,107,0,206,0,5,54,0,59,0,104,161,0,265,0,0,0,265
07/26/2021,FOK,NY,AEA,EN,Federal Contract Tower,0,48,48,0,96,0,2,87,0,89,0,50,135,0,185,76,0,76,261
07/27/2021,FOK,NY,AEA,EN,Federal Contract Tower,0,46,51,3,100,0,1,82,6,89,0,47,133,9,189,46,32,78,267
07/28/2021,FOK,NY,AEA,EN,Federal Contract Tower,0,67,61,0,128,0,6,81,20,107,0,73,142,20,235,124,54,178,413
07/29/2021,FOK,NY,AEA,EN,Federal Contract Tower,0,73,106,3,182,0,1,64,5,70,0,74,170,8,252,0,0,0,252
07/30/2021,FOK,NY,AEA,EN,Federal Contract Tower,0,94,80,1,175,0,5,91,0,96,0,99,171,1,271,34,0,34,305
07/31/2021,FOK,NY,AEA,EN,Federal Contract Tower,0,50,64,0,114,0,3,100,0,103,0,53,164,0,217,42,0,42,259
08/01/2021,FOK,NY,AEA,EN,Federal Contract Tower,0,93,83,0,176,0,8,104,0,112,0,101,187,0,288,16,0,16,304
08/02/2021,FOK,NY,AEA,EN,Federal Contract Tower,0,52,39,2,93,0,2,78,0,80,0,54,117,2,173,32,22,54,227
08/03/2021,FOK,NY,AEA,EN,Federal Contract Tower,0,28,17,4,49,0,8,71,8,87,0,36,88,12,136,16,34,50,186
08/04/2021,FOK,NY,AEA,EN,Federal Contract Tower,0,82,54,8,144,0,9,73,7,89,0,91,127,15,233,8,18,26,259
08/05/2021,FOK,NY,AEA,EN,Federal Contract Tower,0,98,87,1,186,0,0,28,0,28,0,98,115,1,214,0,10,10,224
08/06/2021,FOK,NY,AEA,EN,Federal Contract Tower,0,66,83,0,149,0,0,146,18,164,0,66,229,18,313,68,4,72,385
08/07/2021,FOK,NY,AEA,EN,Federal Contract Tower,0,68,48,0,116,0,1,133,0,134,0,69,181,0,250,8,0,8,258
08/08/2021,FOK,NY,AEA,EN,Federal Contract Tower,0,109,117,1,227,0,0,61,6,67,0,109,178,7,294,6,0,6,300
08/09/2021,FOK,NY,AEA,EN,Federal Contract Tower,0,68,93,0,161,0,0,64,0,64,0,68,157,0,225,0,0,0,225
08/10/2021,FOK,NY,AEA,EN,Federal Contract Tower,0,45,64,4,113,0,0,30,0,30,0,45,94,4,143,0,0,0,143
08/11/2021,FOK,NY,AEA,EN,Federal Contract Tower,0,62,76,7,145,0,0,66,4,70,0,62,142,11,215,0,0,0,215
08/12/2021,FOK,NY,AEA,EN,Federal Contract Tower,0,98,93,0,191,0,6,148,22,176,0,104,241,22,367,108,118,226,593
08/13/2021,FOK,NY,AEA,EN,Federal Contract Tower,0,75,66,0,141,0,4,92,4,100,0,79,158,4,241,22,20,42,283
08/14/2021,FOK,NY,AEA,EN,Federal Contract Tower,0,49,52,1,102,0,2,61,0,63,0,51,113,1,165,28,0,28,193
08/15/2021,FOK,NY,AEA,EN,Federal Contract Tower,0,83,93,0,176,0,0,125,0,125,0,83,218,0,301,36,0,36,337
08/16/2021,FOK,NY,AEA,EN,Federal Contract Tower,0,51,59,10,120,0,2,68,0,70,0,53,127,10,190,58,2,60,250
08/17/2021,FOK,NY,AEA,EN,Federal Contract Tower,0,54,52,2,108,0,5,89,13,107,0,59,141,15,215,30,68,98,313
08/18/2021,FOK,NY,AEA,EN,Federal Contract Tower,0,75,75,2,152,0,0,77,3,80,0,75,152,5,232,38,34,72,304
08/19/2021,FOK,NY,AEA,EN,Federal Contract Tower,0,70,78,8,156,0,0,55,22,77,0,70,133,30,233,0,30,30,263
08/20/2021,FOK,NY,AEA,EN,Federal Contract Tower,0,60,84,0,144,0,1,96,0,97,0,61,180,0,241,24,0,24,265
08/21/2021,FOK,NY,AEA,EN,Federal Contract Tower,0,115,86,3,204,0,4,72,0,76,0,119,158,3,280,4,0,4,284
08/22/2021,FOK,NY,AEA,EN,Federal Contract Tower,0,2,2,0,4,0,0,0,0,0,0,2,2,0,4,0,0,0,4
08/23/2021,FOK,NY,AEA,EN,Federal Contract Tower,0,62,71,3,136,0,0,4,0,4,0,62,75,3,140,0,0,0,140
08/24/2021,FOK,NY,AEA,EN,Federal Contract Tower,0,50,58,0,108,0,0,71,30,101,0,50,129,30,209,18,0,18,227
08/25/2021,FOK,NY,AEA,EN,Federal Contract Tower,0,57,56,2,115,0,2,83,3,88,0,59,139,5,203,40,0,40,243
08/26/2021,FOK,NY,AEA,EN,Federal Contract Tower,0,66,57,0,123,0,8,72,5,85,0,74,129,5,208,28,38,66,274
08/27/2021,FOK,NY,AEA,EN,Federal Contract Tower,0,64,79,4,147,0,0,75,8,83,0,64,154,12,230,62,76,138,368
08/28/2021,FOK,NY,AEA,EN,Federal Contract Tower,0,48,66,0,114,0,1,53,0,54,0,49,119,0,168,2,0,2,170
08/29/2021,FOK,NY,AEA,EN,Federal Contract Tower,0,67,98,0,165,0,0,97,0,97,0,67,195,0,262,0,0,0,262
08/30/2021,FOK,NY,AEA,EN,Federal Contract Tower,0,47,49,0,96,0,2,35,0,37,0,49,84,0,133,6,0,6,139
08/31/2021,FOK,NY,AEA,EN,Federal Contract Tower,0,46,47,4,97,0,0,48,10,58,0,46,95,14,155,18,40,58,213
09/01/2021,FOK,NY,AEA,EN,Federal Contract Tower,0,43,50,0,93,0,1,8,8,17,0,44,58,8,110,10,62,72,182
09/02/2021,FOK,NY,AEA,EN,Federal Contract Tower,0,58,57,0,115,0,1,48,7,56,0,59,105,7,171,10,34,44,215
09/03/2021,FOK,NY,AEA,EN,Federal Contract Tower,0,51,50,0,101,0,8,72,2,82,0,59,122,2,183,26,18,44,227
09/04/2021,FOK,NY,AEA,EN,Federal Contract Tower,0,47,46,0,93,0,3,62,0,65,0,50,108,0,158,16,0,16,174
09/05/2021,FOK,NY,AEA,EN,Federal Contract Tower,0,47,71,0,118,0,68,0,0,68,0,115,71,0,186,46,0,46,232
09/06/2021,FOK,NY,AEA,EN,Federal Contract Tower,0,68,57,0,125,0,6,81,0,87,0,74,138,0,212,42,0,42,254
09/07/2021,FOK,NY,AEA,EN,Federal Contract Tower,0,39,47,4,90,0,0,55,0,55,0,39,102,4,145,8,0,8,153
09/08/2021,FOK,NY,AEA,EN,Federal Contract Tower,0,26,28,8,62,0,46,10,0,56,0,72,38,8,118,28,76,104,222
09/09/2021,FOK,NY,AEA,EN,Federal Contract Tower,0,39,32,15,86,0,0,3,0,3,0,39,35,15,89,0,0,0,89
09/10/2021,FOK,NY,AEA,EN,Federal Contract Tower,0,50,48,3,101,0,3,65,2,70,0,53,113,5,171,12,0,12,183
09/11/2021,FOK,NY,AEA,EN,Federal Contract Tower,0,33,20,0,53,0,0,110,6,116,0,33,130,6,169,92,26,118,287
09/12/2021,FOK,NY,AEA,EN,Federal Contract Tower,0,43,33,16,92,0,0,33,0,33,0,43,66,16,125,20,60,80,205
09/13/2021,FOK,NY,AEA,EN,Federal Contract Tower,0,24,21,0,45,0,0,48,0,48,0,24,69,0,93,36,0,36,129
09/14/2021,FOK,NY,AEA,EN,Federal Contract Tower,0,31,39,3,73,0,6,64,1,71,0,37,103,4,144,32,26,58,202
09/15/2021,FOK,NY,AEA,EN,Federal Contract Tower,0,27,43,3,73,0,1,24,11,36,0,28,67,14,109,10,44,54,163
09/16/2021,FOK,NY,AEA,EN,Federal Contract Tower,0,32,43,2,77,0,0,37,8,45,0,32,80,10,122,0,34,34,156
09/17/2021,FOK,NY,AEA,EN,Federal Contract Tower,0,46,52,3,101,0,0,39,1,40,0,46,91,4,141,0,0,0,141
09/18/2021,FOK,NY,AEA,EN,Federal Contract Tower,0,30,31,2,63,0,0,85,0,85,0,30,116,2,148,74,0,74,222
09/19/2021,FOK,NY,AEA,EN,Federal Contract Tower,0,51,43,0,94,0,14,107,0,121,0,65,150,0,215,60,0,60,275
09/20/2021,FOK,NY,AEA,EN,Federal Contract Tower,0,29,20,1,50,0,4,80,0,84,0,33,100,1,134,52,0,52,186
09/21/2021,FOK,NY,AEA,EN,Federal Contract Tower,0,12,37,3,52,0,0,44,3,47,0,12,81,6,99,26,46,72,171
09/22/2021,FOK,NY,AEA,EN,Federal Contract Tower,0,19,32,0,51,0,1,20,0,21,0,20,52,0,72,4,0,4,76
09/23/2021,FOK,NY,AEA,EN,Federal Contract Tower,0,25,20,0,45,0,0,38,2,40,0,25,58,2,85,0,8,8,93
09/24/2021,FOK,NY,AEA,EN,Federal Contract Tower,0,52,52,5,109,0,0,39,0,39,0,52,91,5,148,18,16,34,182
09/25/2021,FOK,NY,AEA,EN,Federal Contract Tower,0,34,31,0,65,0,5,139,0,144,0,39,170,0,209,130,0,130,339
09/26/2021,FOK,NY,AEA,EN,Federal Contract Tower,0,38,49,0,87,0,7,73,0,80,0,45,122,0,167,88,0,88,255
09/27/2021,FOK,NY,AEA,EN,Federal Contract Tower,0,32,36,4,72,0,10,58,0,68,0,42,94,4,140,72,0,72,212
09/28/2021,FOK,NY,AEA,EN,Federal Contract Tower,0,30,27,0,57,0,0,30,0,30,0,30,57,0,87,0,0,0,87
09/29/2021,FOK,NY,AEA,EN,Federal Contract Tower,0,28,27,0,55,0,0,55,1,56,0,28,82,1,111,54,0,54,165
09/30/2021,FOK,NY,AEA,EN,Federal Contract Tower,1,31,41,0,73,0,9,80,0,89,1,40,121,0,162,50,0,50,212
10/01/2021,FOK,NY,AEA,EN,Federal Contract Tower,0,33,34,2,69,0,2,94,4,100,0,35,128,6,169,70,0,70,239
10/02/2021,FOK,NY,AEA,EN,Federal Contract Tower,0,17,18,0,35,0,0,91,17,108,0,17,109,17,143,70,36,106,249
10/03/2021,FOK,NY,AEA,EN,Federal Contract Tower,0,30,41,0,71,0,5,89,0,94,0,35,130,0,165,98,0,98,263
10/04/2021,FOK,NY,AEA,EN,Federal Contract Tower,0,18,28,0,46,0,0,0,0,0,0,18,28,0,46,0,0,0,46
10/05/2021,FOK,NY,AEA,EN,Federal Contract Tower,0,19,21,0,40,0,10,4,0,14,0,29,25,0,54,0,50,50,104
10/06/2021,FOK,NY,AEA,EN,Federal Contract Tower,0,14,34,4,52,0,0,53,1,54,0,14,87,5,106,54,50,104,210
10/07/2021,FOK,NY,AEA,EN,Federal Contract Tower,0,20,33,0,53,0,7,45,1,53,0,27,78,1,106,72,32,104,210
10/08/2021,FOK,NY,AEA,EN,Federal Contract Tower,0,29,40,0,69,0,0,84,0,84,0,29,124,0,153,0,0,0,153
10/09/2021,FOK,NY,AEA,EN,Federal Contract Tower,0,26,21,0,47,0,0,51,0,51,0,26,72,0,98,36,0,36,134
10/10/2021,FOK,NY,AEA,EN,Federal Contract Tower,0,23,44,0,67,0,0,20,0,20,0,23,64,0,87,14,0,14,101
10/11/2021,FOK,NY,AEA,EN,Federal Contract Tower,0,27,23,0,50,0,0,58,0,58,0,27,81,0,108,34,0,34,142
10/12/2021,FOK,NY,AEA,EN,Federal Contract Tower,0,2,13,0,15,0,0,21,0,21,0,2,34,0,36,12,0,12,48
10/13/2021,FOK,NY,AEA,EN,Federal Contract Tower,0,14,24,0,38,0,0,32,4,36,0,14,56,4,74,14,52,66,140
10/14/2021,FOK,NY,AEA,EN,Federal Contract Tower,0,6,34,2,42,0,0,51,12,63,0,6,85,14,105,68,54,122,227
10/15/2021,FOK,NY,AEA,EN,Federal Contract Tower,0,16,37,0,53,0,2,75,1,78,0,18,112,1,131,24,0,24,155
10/16/2021,FOK,NY,AEA,EN,Federal Contract Tower,0,16,19,0,35,0,2,38,0,40,0,18,57,0,75,0,0,0,75
10/17/2021,FOK,NY,AEA,EN,Federal Contract Tower,0,14,28,0,42,0,5,53,0,58,0,19,81,0,100,70,0,70,170
10/18/2021,FOK,NY,AEA,EN,Federal Contract Tower,0,27,22,0,49,0,2,37,0,39,0,29,59,0,88,0,4,4,92
10/19/2021,FOK,NY,AEA,EN,Federal Contract Tower,0,6,18,0,24,0,0,30,16,46,0,6,48,16,70,34,88,122,192
10/20/2021,FOK,NY,AEA,EN,Federal Contract Tower,0,18,29,1,48,0,2,60,16,78,0,20,89,17,126,14,64,78,204
10/21/2021,FOK,NY,AEA,EN,Federal Contract Tower,0,18,33,4,55,0,0,71,13,84,0,18,104,17,139,56,36,92,231
10/22/2021,FOK,NY,AEA,EN,Federal Contract Tower,0,15,36,0,51,0,2,58,29,89,0,17,94,29,140,32,10,42,182
10/23/2021,FOK,NY,AEA,EN,Federal Contract Tower,0,18,9,0,27,0,0,35,0,35,0,18,44,0,62,50,0,50,112
10/24/2021,FOK,NY,AEA,EN,Federal Contract Tower,0,23,18,0,41,0,2,103,0,105,0,25,121,0,146,48,0,48,194
10/25/2021,FOK,NY,AEA,EN,Federal Contract Tower,0,11,17,0,28,0,2,28,0,30,0,13,45,0,58,100,0,100,158
10/26/2021,FOK,NY,AEA,EN,Federal Contract Tower,0,18,10,0,28,0,0,0,0,0,0,18,10,0,28,0,0,0,28
10/27/2021,FOK,NY,AEA,EN,Federal Contract Tower,0,17,9,4,30,0,0,2,12,14,0,17,11,16,44,0,86,86,130
10/28/2021,FOK,NY,AEA,EN,Federal Contract Tower,0,21,27,3,51,0,2,21,5,28,0,23,48,8,79,42,104,146,225
10/29/2021,FOK,NY,AEA,EN,Federal Contract Tower,0,7,10,2,19,0,0,40,0,40,0,7,50,2,59,18,22,40,99
10/30/2021,FOK,NY,AEA,EN,Federal Contract Tower,0,16,20,0,36,0,0,0,0,0,0,16,20,0,36,0,0,0,36
10/31/2021,FOK,NY,AEA,EN,Federal Contract Tower,0,10,20,0,30,0,0,51,0,51,0,10,71,0,81,38,0,38,119
11/01/2021,FOK,NY,AEA,EN,Federal Contract Tower,0,10,16,0,26,0,0,31,4,35,0,10,47,4,61,34,0,34,95
11/02/2021,FOK,NY,AEA,EN,Federal Contract Tower,0,14,4,0,18,0,2,43,24,69,0,16,47,24,87,62,76,138,225
11/03/2021,FOK,NY,AEA,EN,Federal Contract Tower,0,10,10,0,20,0,0,34,4,38,0,10,44,4,58,52,14,66,124
11/04/2021,FOK,NY,AEA,EN,Federal Contract Tower,0,12,12,0,24,0,0,39,4,43,0,12,51,4,67,104,24,128,195
11/05/2021,FOK,NY,AEA,EN,Federal Contract Tower,0,11,12,7,30,0,0,50,16,66,0,11,62,23,96,64,82,146,242
11/06/2021,FOK,NY,AEA,EN,Federal Contract Tower,0,12,12,3,27,0,0,68,12,80,0,12,80,15,107,106,114,220,327
11/07/2021,FOK,NY,AEA,EN,Federal Contract Tower,0,8,9,0,17,0,2,61,0,63,0,10,70,0,80,82,0,82,162
11/08/2021,FOK,NY,AEA,EN,Federal Contract Tower,0,1,9,1,11,0,0,24,0,24,0,1,33,1,35,100,0,100,135
11/09/2021,FOK,NY,AEA,EN,Federal Contract Tower,0,13,4,2,19,0,1,33,5,39,0,14,37,7,58,24,94,118,176
11/10/2021,FOK,NY,AEA,EN,Federal Contract Tower,0,11,22,2,35,0,0,86,22,108,0,11,108,24,143,96,64,160,303
11/11/2021,FOK,NY,AEA,EN,Federal Contract Tower,0,16,19,0,35,0,0,60,0,60,0,16,79,0,95,88,0,88,183
11/12/2021,FOK,NY,AEA,EN,Federal Contract Tower,0,6,11,0,17,0,0,8,0,8,0,6,19,0,25,2,0,2,27
11/13/2021,FOK,NY,AEA,EN,Federal Contract Tower,0,13,13,0,26,0,2,34,0,36,0,15,47,0,62,57,0,57,119
11/14/2021,FOK,NY,AEA,EN,Federal Contract Tower,0,12,21,0,33,0,0,83,0,83,0,12,104,0,116,116,0,116,232
11/15/2021,FOK,NY,AEA,EN,Federal Contract Tower,0,3,19,1,23,0,0,19,0,19,0,3,38,1,42,0,30,30,72
11/16/2021,FOK,NY,AEA,EN,Federal Contract Tower,0,14,14,0,28,0,1,45,0,46,0,15,59,0,74,58,0,58,132
11/17/2021,FOK,NY,AEA,EN,Federal Contract Tower,0,6,14,0,20,0,0,65,5,70,0,6,79,5,90,73,46,119,209
11/18/2021,FOK,NY,AEA,EN,Federal Contract Tower,0,6,14,2,22,0,0,47,7,54,0,6,61,9,76,26,36,62,138
11/19/2021,FOK,NY,AEA,EN,Federal Contract Tower,0,11,17,0,28,0,2,31,6,39,0,13,48,6,67,0,0,0,67
11/20/2021,FOK,NY,AEA,EN,Federal Contract Tower,0,20,23,0,43,0,0,63,2,65,0,20,86,2,108,49,0,49,157
11/21/2021,FOK,NY,AEA,EN,Federal Contract Tower,0,6,16,0,22,0,2,41,0,43,0,8,57,0,65,82,0,82,147
11/22/2021,FOK,NY,AEA,EN,Federal Contract Tower,0,13,10,0,23,0,1,11,0,12,0,14,21,0,35,0,0,0,35
11/23/2021,FOK,NY,AEA,EN,Federal Contract Tower,0,28,19,1,48,0,0,52,0,52,0,28,71,1,100,0,0,0,100
11/24/2021,FOK,NY,AEA,EN,Federal Contract Tower,0,16,31,0,47,0,1,70,6,77,0,17,101,6,124,2,28,30,154
11/25/2021,FOK,NY,AEA,EN,Federal Contract Tower,0,5,6,0,11,0,0,27,0,27,0,5,33,0,38,14,0,14,52
11/26/2021,FOK,NY,AEA,EN,Federal Contract Tower,0,17,16,0,33,0,0,10,0,10,0,17,26,0,43,16,0,16,59
11/27/2021,FOK,NY,AEA,EN,Federal Contract Tower,0,26,16,0,42,0,0,30,0,30,0,26,46,0,72,6,0,6,78
11/28/2021,FOK,NY,AEA,EN,Federal Contract Tower,0,28,34,0,62,0,0,35,0,35,0,28,69,0,97,56,0,56,153
11/29/2021,FOK,NY,AEA,EN,Federal Contract Tower,0,23,13,0,36,0,4,41,0,45,0,27,54,0,81,36,0,36,117
11/30/2021,FOK,NY,AEA,EN,Federal Contract Tower,0,14,12,1,27,0,0,24,12,36,0,14,36,13,63,12,62,74,137
12/01/2021,FOK,NY,AEA,EN,Federal Contract Tower,0,10,21,3,34,0,0,65,2,67,0,10,86,5,101,0,14,14,115
12/02/2021,FOK,NY,AEA,EN,Federal Contract Tower,0,10,16,6,32,0,1,38,20,59,0,11,54,26,91,36,98,134,225
12/03/2021,FOK,NY,AEA,EN,Federal Contract Tower,0,14,7,2,23,0,0,22,4,26,0,14,29,6,49,0,0,0,49
12/04/2021,FOK,NY,AEA,EN,Federal Contract Tower,0,5,8,2,15,0,1,75,9,85,0,6,83,11,100,54,26,80,180
12/05/2021,FOK,NY,AEA,EN,Federal Contract Tower,0,19,12,0,31,0,0,89,2,91,0,19,101,2,122,104,56,160,282
12/06/2021,FOK,NY,AEA,EN,Federal Contract Tower,0,18,9,0,27,0,0,2,0,2,0,18,11,0,29,0,0,0,29
12/07/2021,FOK,NY,AEA,EN,Federal Contract Tower,0,15,6,0,21,0,1,31,22,54,0,16,37,22,75,6,62,68,143
12/08/2021,FOK,NY,AEA,EN,Federal Contract Tower,0,8,6,0,14,0,0,5,12,17,0,8,11,12,31,22,30,52,83
12/09/2021,FOK,NY,AEA,EN,Federal Contract Tower,0,9,5,6,20,0,0,38,8,46,0,9,43,14,66,16,22,38,104
12/10/2021,FOK,NY,AEA,EN,Federal Contract Tower,0,6,8,1,15,0,4,28,1,33,0,10,36,2,48,44,6,50,98
12/11/2021,FOK,NY,AEA,EN,Federal Contract Tower,0,7,1,0,8,0,0,0,0,0,0,7,1,0,8,0,0,0,8
12/12/2021,FOK,NY,AEA,EN,Federal Contract Tower,0,2,4,1,7,0,0,42,0,42,0,2,46,1,49,52,0,52,101
12/13/2021,FOK,NY,AEA,EN,Federal Contract Tower,0,2,6,0,8,0,0,36,1,37,0,2,42,1,45,56,28,84,129
12/14/2021,FOK,NY,AEA,EN,Federal Contract Tower,0,9,2,2,13,0,0,38,18,56,0,9,40,20,69,38,44,82,151
12/15/2021,FOK,NY,AEA,EN,Federal Contract Tower,0,4,11,2,17,0,0,34,6,40,0,4,45,8,57,42,80,122,179
12/16/2021,FOK,NY,AEA,EN,Federal Contract Tower,0,10,14,1,25,0,0,34,6,40,0,10,48,7,65,10,12,22,87
12/17/2021,FOK,NY,AEA,EN,Federal Contract Tower,0,18,9,0,27,0,0,21,0,21,0,18,30,0,48,52,0,52,100
12/18/2021,FOK,NY,AEA,EN,Federal Contract Tower,0,25,9,0,34,0,0,4,0,4,0,25,13,0,38,0,0,0,38
12/19/2021,FOK,NY,AEA,EN,Federal Contract Tower,0,13,11,0,24,0,0,38,0,38,0,13,49,0,62,4,0,4,66
12/20/2021,FOK,NY,AEA,EN,Federal Contract Tower,0,15,21,0,36,0,0,65,0,65,0,15,86,0,101,2,12,14,115
12/21/2021,FOK,NY,AEA,EN,Federal Contract Tower,0,13,11,0,24,0,0,47,22,69,0,13,58,22,93,10,26,36,129
12/22/2021,FOK,NY,AEA,EN,Federal Contract Tower,0,10,18,1,29,0,0,8,18,26,0,10,26,19,55,0,24,24,79
12/23/2021,FOK,NY,AEA,EN,Federal Contract Tower,0,6,20,1,27,0,0,46,6,52,0,6,66,7,79,10,28,38,117
12/24/2021,FOK,NY,AEA,EN,Federal Contract Tower,0,11,12,0,23,0,0,6,0,6,0,11,18,0,29,2,0,2,31
12/25/2021,FOK,NY,AEA,EN,Federal Contract Tower,0,17,3,0,20,0,0,0,0,0,0,17,3,0,20,0,0,0,20
12/26/2021,FOK,NY,AEA,EN,Federal Contract Tower,0,31,47,0,78,0,0,42,0,42,0,31,89,0,120,20,0,20,140
12/27/2021,FOK,NY,AEA,EN,Federal Contract Tower,0,21,24,0,45,0,0,31,0,31,0,21,55,0,76,30,0,30,106
12/28/2021,FOK,NY,AEA,EN,Federal Contract Tower,0,12,22,1,35,0,0,19,21,40,0,12,41,22,75,6,60,66,141
12/29/2021,FOK,NY,AEA,EN,Federal Contract Tower,0,16,9,1,26,0,0,1,5,6,0,16,10,6,32,0,32,32,64
12/30/2021,FOK,NY,AEA,EN,Federal Contract Tower,0,15,30,1,46,0,0,0,0,0,0,15,30,1,46,6,0,6,52
12/31/2021,FOK,NY,AEA,EN,Federal Contract Tower,0,13,18,0,31,0,0,0,0,0,0,13,18,0,31,0,0,0,31
01/01/2022,FOK,NY,AEA,EN,Federal Contract Tower,0,15,4,0,19,0,0,0,0,0,0,15,4,0,19,0,0,0,19
01/02/2022,FOK,NY,AEA,EN,Federal Contract Tower,0,22,15,0,37,0,0,7,0,7,0,22,22,0,44,6,0,6,50
01/03/2022,FOK,NY,AEA,EN,Federal Contract Tower,0,8,16,2,26,0,0,0,0,0,0,8,16,2,26,0,0,0,26
01/04/2022,FOK,NY,AEA,EN,Federal Contract Tower,0,16,10,0,26,0,0,0,0,0,0,16,10,0,26,56,16,72,98
01/05/2022,FOK,NY,AEA,EN,Federal Contract Tower,0,22,1,1,24,0,0,0,0,0,0,22,1,1,24,0,0,0,24
01/06/2022,FOK,NY,AEA,EN,Federal Contract Tower,0,12,14,3,29,0,0,40,10,50,0,12,54,13,79,36,52,88,167
01/07/2022,FOK,NY,AEA,EN,Federal Contract Tower,0,6,7,0,13,0,0,2,5,7,0,6,9,5,20,0,46,46,66
01/08/2022,FOK,NY,AEA,EN,Federal Contract Tower,0,9,12,0,21,0,0,12,0,12,0,9,24,0,33,14,0,14,47
01/09/2022,FOK,NY,AEA,EN,Federal Contract Tower,0,3,5,0,8,0,0,10,22,32,0,3,15,22,40,12,82,94,134
01/10/2022,FOK,NY,AEA,EN,Federal Contract Tower,0,9,12,0,21,0,0,54,0,54,0,9,66,0,75,66,0,66,141
01/11/2022,FOK,NY,AEA,EN,Federal Contract Tower,0,2,3,2,7,0,0,1,34,35,0,2,4,36,42,0,24,24,66
01/12/2022,FOK,NY,AEA,EN,Federal Contract Tower,0,2,9,0,11,0,0,17,41,58,0,2,26,41,69,6,28,34,103
01/13/2022,FOK,NY,AEA,EN,Federal Contract Tower,0,7,8,0,15,0,14,40,16,70,0,21,48,16,85,60,96,156,241
01/14/2022,FOK,NY,AEA,EN,Federal Contract Tower,0,5,8,2,15,0,0,11,0,11,0,5,19,2,26,24,0,24,50
01/15/2022,FOK,NY,AEA,EN,Federal Contract Tower,0,0,6,0,6,0,0,14,0,14,0,0,20,0,20,8,0,8,28
01/16/2022,FOK,NY,AEA,EN,Federal Contract Tower,0,2,4,0,6,0,0,28,0,28,0,2,32,0,34,14,0,14,48
01/17/2022,FOK,NY,AEA,EN,Federal Contract Tower,0,8,11,0,19,0,0,4,0,4,0,8,15,0,23,0,0,0,23
01/18/2022,FOK,NY,AEA,EN,Federal Contract Tower,0,0,5,1,6,0,0,6,0,6,0,0,11,1,12,2,0,2,14
01/19/2022,FOK,NY,AEA,EN,Federal Contract Tower,0,8,10,2,20,0,0,9,31,40,0,8,19,33,60,22,6,28,88
01/20/2022,FOK,NY,AEA,EN,Federal Contract Tower,0,6,5,0,11,0,0,2,13,15,0,6,7,13,26,36,20,56,82
01/21/2022,FOK,NY,AEA,EN,Federal Contract Tower,0,2,5,0,7,0,2,15,5,22,0,4,20,5,29,12,2,14,43
01/22/2022,FOK,NY,AEA,EN,Federal Contract Tower,0,2,9,0,11,0,0,46,0,46,0,2,55,0,57,70,0,70,127
01/23/2022,FOK,NY,AEA,EN,Federal Contract Tower,0,5,18,0,23,0,2,79,0,81,0,7,97,0,104,72,0,72,176
01/24/2022,FOK,NY,AEA,EN,Federal Contract Tower,0,8,11,0,19,0,0,22,2,24,0,8,33,2,43,6,0,6,49
01/25/2022,FOK,NY,AEA,EN,Federal Contract Tower,0,3,11,0,14,0,0,12,6,18,0,3,23,6,32,8,18,26,58
01/26/2022,FOK,NY,AEA,EN,Federal Contract Tower,0,4,10,0,14,0,0,35,1,36,0,4,45,1,50,66,8,74,124
01/27/2022,FOK,NY,AEA,EN,Federal Contract Tower,0,5,6,0,11,0,0,15,3,18,0,5,21,3,29,10,36,46,75
01/28/2022,FOK,NY,AEA,EN,Federal Contract Tower,0,7,8,0,15,0,0,7,0,7,0,7,15,0,22,14,0,14,36
01/29/2022,FOK,NY,AEA,EN,Federal Contract Tower,0,0,0,0,0,0,0,0,0,0,0,0,0,0,0,0,0,0,0
01/30/2022,FOK,NY,AEA,EN,Federal Contract Tower,0,5,2,0,7,0,0,4,2,6,0,5,6,2,13,0,0,0,13
01/31/2022,FOK,NY,AEA,EN,Federal Contract Tower,0,7,6,0,13,0,0,0,0,0,0,7,6,0,13,12,0,12,25
02/01/2022,FOK,NY,AEA,EN,Federal Contract Tower,0,13,11,0,24,0,0,26,5,31,0,13,37,5,55,16,32,48,103
02/02/2022,FOK,NY,AEA,EN,Federal Contract Tower,0,9,18,8,35,0,1,2,3,6,0,10,20,11,41,0,3,3,44
02/03/2022,FOK,NY,AEA,EN,Federal Contract Tower,0,4,3,1,8,0,0,0,0,0,0,4,3,1,8,0,0,0,8
02/04/2022,FOK,NY,AEA,EN,Federal Contract Tower,0,7,8,0,15,0,0,0,0,0,0,7,8,0,15,0,0,0,15
02/05/2022,FOK,NY,AEA,EN,Federal Contract Tower,0,15,12,1,28,0,1,23,2,26,0,16,35,3,54,4,0,4,58
02/06/2022,FOK,NY,AEA,EN,Federal Contract Tower,0,8,8,1,17,0,1,59,9,69,0,9,67,10,86,88,64,152,238
02/07/2022,FOK,NY,AEA,EN,Federal Contract Tower,0,12,3,0,15,0,0,0,0,0,0,12,3,0,15,0,0,0,15
02/08/2022,FOK,NY,AEA,EN,Federal Contract Tower,0,1,7,7,15,0,0,13,7,20,0,1,20,14,35,12,54,66,101
02/09/2022,FOK,NY,AEA,EN,Federal Contract Tower,0,4,9,0,13,0,1,20,10,31,0,5,29,10,44,69,13,82,126
02/10/2022,FOK,NY,AEA,EN,Federal Contract Tower,0,3,11,2,16,0,1,20,15,36,0,4,31,17,52,20,66,86,138
02/11/2022,FOK,NY,AEA,EN,Federal Contract Tower,0,12,4,0,16,0,0,17,4,21,0,12,21,4,37,20,10,30,67
02/12/2022,FOK,NY,AEA,EN,Federal Contract Tower,0,4,6,0,10,0,0,68,0,68,0,4,74,0,78,52,0,52,130
02/13/2022,FOK,NY,AEA,EN,Federal Contract Tower,0,8,6,0,14,0,0,0,0,0,0,8,6,0,14,0,0,0,14
02/14/2022,FOK,NY,AEA,EN,Federal Contract Tower,0,3,1,0,4,0,0,2,0,2,0,3,3,0,6,8,0,8,14
02/15/2022,FOK,NY,AEA,EN,Federal Contract Tower,0,12,6,0,18,0,4,13,12,29,0,16,19,12,47,16,8,24,71
02/16/2022,FOK,NY,AEA,EN,Federal Contract Tower,0,5,9,5,19,0,0,52,12,64,0,5,61,17,83,0,42,42,125
02/17/2022,FOK,NY,AEA,EN,Federal Contract Tower,0,7,10,0,17,0,0,15,15,30,0,7,25,15,47,0,26,26,73
02/18/2022,FOK,NY,AEA,EN,Federal Contract Tower,0,14,15,0,29,0,0,7,1,8,0,14,22,1,37,0,0,0,37
02/19/2022,FOK,NY,AEA,EN,Federal Contract Tower,0,9,6,0,15,0,3,23,0,26,0,12,29,0,41,26,0,26,67
02/20/2022,FOK,NY,AEA,EN,Federal Contract Tower,0,2,14,0,16,0,0,48,0,48,0,2,62,0,64,90,0,90,154
02/21/2022,FOK,NY,AEA,EN,Federal Contract Tower,0,6,16,0,22,0,2,31,0,33,0,8,47,0,55,48,0,48,103
02/22/2022,FOK,NY,AEA,EN,Federal Contract Tower,0,7,5,0,12,0,0,0,0,0,0,7,5,0,12,0,0,0,12
02/23/2022,FOK,NY,AEA,EN,Federal Contract Tower,0,0,0,0,0,0,0,0,0,0,0,0,0,0,0,0,0,0,0
02/24/2022,FOK,NY,AEA,EN,Federal Contract Tower,0,3,9,0,12,0,0,34,27,61,0,3,43,27,73,62,72,134,207
02/25/2022,FOK,NY,AEA,EN,Federal Contract Tower,0,3,1,2,6,0,0,0,0,0,0,3,1,2,6,0,26,26,32
02/26/2022,FOK,NY,AEA,EN,Federal Contract Tower,0,14,10,0,24,0,0,52,0,52,0,14,62,0,76,76,0,76,152
02/27/2022,FOK,NY,AEA,EN,Federal Contract Tower,0,11,8,0,19,0,0,30,0,30,0,11,38,0,49,20,0,20,69
02/28/2022,FOK,NY,AEA,EN,Federal Contract Tower,0,4,6,0,10,0,0,8,0,8,0,4,14,0,18,20,0,20,38
03/01/2022,FOK,NY,AEA,EN,Federal Contract Tower,0,7,8,2,17,0,0,14,46,60,0,7,22,48,77,8,20,28,105
03/02/2022,FOK,NY,AEA,EN,Federal Contract Tower,0,0,5,1,6,0,0,25,9,34,0,0,30,10,40,94,48,142,182
03/03/2022,FOK,NY,AEA,EN,Federal Contract Tower,0,8,12,2,22,0,0,17,9,26,0,8,29,11,48,0,0,0,48
03/04/2022,FOK,NY,AEA,EN,Federal Contract Tower,0,6,13,1,20,0,2,46,2,50,0,8,59,3,70,56,118,174,244
03/05/2022,FOK,NY,AEA,EN,Federal Contract Tower,0,8,13,4,25,0,0,68,17,85,0,8,81,21,110,62,74,136,246
03/06/2022,FOK,NY,AEA,EN,Federal Contract Tower,0,9,6,2,17,0,0,0,0,0,0,9,6,2,17,0,0,0,17
03/07/2022,FOK,NY,AEA,EN,Federal Contract Tower,0,5,10,0,15,0,0,11,0,11,0,5,21,0,26,54,0,54,80
03/08/2022,FOK,NY,AEA,EN,Federal Contract Tower,0,2,5,0,7,0,0,29,19,48,0,2,34,19,55,4,54,58,113
03/09/2022,FOK,NY,AEA,EN,Federal Contract Tower,0,2,6,0,8,0,0,0,0,0,0,2,6,0,8,0,0,0,8
03/10/2022,FOK,NY,AEA,EN,Federal Contract Tower,0,6,5,0,11,0,0,19,16,35,0,6,24,16,46,26,48,74,120
03/11/2022,FOK,NY,AEA,EN,Federal Contract Tower,0,10,2,0,12,0,0,39,0,39,0,10,41,0,51,66,2,68,119
03/12/2022,FOK,NY,AEA,EN,Federal Contract Tower,0,1,6,0,7,0,0,0,0,0,0,1,6,0,7,0,0,0,7
03/13/2022,FOK,NY,AEA,EN,Federal Contract Tower,0,14,12,0,26,0,1,40,0,41,0,15,52,0,67,10,0,10,77
03/14/2022,FOK,NY,AEA,EN,Federal Contract Tower,0,11,9,2,22,0,0,35,7,42,0,11,44,9,64,56,36,92,156
03/15/2022,FOK,NY,AEA,EN,Federal Contract Tower,0,1,9,6,16,0,0,21,16,37,0,1,30,22,53,42,4,46,99
03/16/2022,FOK,NY,AEA,EN,Federal Contract Tower,0,13,8,11,32,0,0,49,9,58,0,13,57,20,90,84,36,120,210
03/17/2022,FOK,NY,AEA,EN,Federal Contract Tower,0,5,13,0,18,0,0,0,0,0,0,5,13,0,18,0,0,0,18
03/18/2022,FOK,NY,AEA,EN,Federal Contract Tower,0,13,19,3,35,0,0,23,4,27,0,13,42,7,62,10,0,10,72
03/19/2022,FOK,NY,AEA,EN,Federal Contract Tower,0,7,11,1,19,0,0,0,0,0,0,7,11,1,19,0,0,0,19
03/20/2022,FOK,NY,AEA,EN,Federal Contract Tower,0,8,16,0,24,0,0,58,0,58,0,8,74,0,82,74,0,74,156
03/21/2022,FOK,NY,AEA,EN,Federal Contract Tower,0,2,8,2,12,0,0,22,0,22,0,2,30,2,34,20,0,20,54
03/22/2022,FOK,NY,AEA,EN,Federal Contract Tower,0,2,10,0,12,0,0,25,10,35,0,2,35,10,47,12,2,14,61
03/23/2022,FOK,NY,AEA,EN,Federal Contract Tower,0,8,11,0,19,0,0,38,20,58,0,8,49,20,77,72,26,98,175
03/24/2022,FOK,NY,AEA,EN,Federal Contract Tower,0,9,8,2,19,0,0,0,0,0,0,9,8,2,19,0,0,0,19
03/25/2022,FOK,NY,AEA,EN,Federal Contract Tower,0,12,16,0,28,0,0,30,4,34,0,12,46,4,62,48,8,56,118
03/26/2022,FOK,NY,AEA,EN,Federal Contract Tower,0,10,10,0,20,0,0,42,0,42,0,10,52,0,62,0,0,0,62
03/27/2022,FOK,NY,AEA,EN,Federal Contract Tower,0,7,14,0,21,0,0,42,0,42,0,7,56,0,63,58,0,58,121
03/28/2022,FOK,NY,AEA,EN,Federal Contract Tower,0,4,4,0,8,0,2,8,2,12,0,6,12,2,20,0,0,0,20
03/29/2022,FOK,NY,AEA,EN,Federal Contract Tower,0,11,10,0,21,0,0,17,27,44,0,11,27,27,65,22,52,74,139
03/30/2022,FOK,NY,AEA,EN,Federal Contract Tower,0,13,9,1,23,0,0,44,9,53,0,13,53,10,76,88,54,142,218
03/31/2022,FOK,NY,AEA,EN,Federal Contract Tower,0,10,6,6,22,0,0,0,0,0,0,10,6,6,22,0,2,2,24
04/01/2022,FOK,NY,AEA,EN,Federal Contract Tower,0,5,4,2,11,0,0,19,8,27,0,5,23,10,38,20,42,62,100
04/02/2022,FOK,NY,AEA,EN,Federal Contract Tower,0,6,8,0,14,0,0,81,2,83,0,6,89,2,97,46,0,46,143
04/03/2022,FOK,NY,AEA,EN,Federal Contract Tower,0,10,8,0,18,0,0,8,0,8,0,10,16,0,26,8,0,8,34
04/04/2022,FOK,NY,AEA,EN,Federal Contract Tower,0,2,7,0,9,0,0,35,0,35,0,2,42,0,44,72,0,72,116
04/05/2022,FOK,NY,AEA,EN,Federal Contract Tower,0,1,2,8,11,0,0,34,14,48,0,1,36,22,59,101,30,131,190
04/06/2022,FOK,NY,AEA,EN,Federal Contract Tower,0,1,14,2,17,0,0,0,2,2,0,1,14,4,19,0,36,36,55
04/07/2022,FOK,NY,AEA,EN,Federal Contract Tower,0,0,2,5,7,0,0,0,3,3,0,0,2,8,10,0,12,12,22
04/08/2022,FOK,NY,AEA,EN,Federal Contract Tower,0,12,10,1,23,0,2,42,12,56,0,14,52,13,79,46,32,78,157
04/09/2022,FOK,NY,AEA,EN,Federal Contract Tower,0,3,9,0,12,0,0,15,0,15,0,3,24,0,27,56,0,56,83
04/10/2022,FOK,NY,AEA,EN,Federal Contract Tower,0,9,8,0,17,0,0,81,0,81,0,9,89,0,98,12,0,12,110
04/11/2022,FOK,NY,AEA,EN,Federal Contract Tower,0,4,6,0,10,0,0,59,0,59,0,4,65,0,69,80,2,82,151
04/12/2022,FOK,NY,AEA,EN,Federal Contract Tower,0,3,9,1,13,0,1,11,18,30,0,4,20,19,43,24,20,44,87
04/13/2022,FOK,NY,AEA,EN,Federal Contract Tower,0,8,17,1,26,0,5,53,8,66,0,13,70,9,92,86,124,210,302
04/14/2022,FOK,NY,AEA,EN,Federal Contract Tower,0,11,8,3,22,0,0,24,8,32,0,11,32,11,54,76,74,150,204
04/15/2022,FOK,NY,AEA,EN,Federal Contract Tower,0,21,7,3,31,0,0,33,10,43,0,21,40,13,74,66,2,68,142
04/16/2022,FOK,NY,AEA,EN,Federal Contract Tower,0,9,11,0,20,0,0,60,0,60,0,9,71,0,80,22,0,22,102
04/17/2022,FOK,NY,AEA,EN,Federal Contract Tower,0,2,11,5,18,0,0,15,0,15,0,2,26,5,33,20,0,20,53
04/18/2022,FOK,NY,AEA,EN,Federal Contract Tower,0,7,22,0,29,0,4,36,0,40,0,11,58,0,69,60,0,60,129
04/19/2022,FOK,NY,AEA,EN,Federal Contract Tower,0,9,11,8,28,0,0,0,12,12,0,9,11,20,40,0,22,22,62
04/20/2022,FOK,NY,AEA,EN,Federal Contract Tower,0,6,6,2,14,0,0,21,23,44,0,6,27,25,58,18,48,66,124
04/21/2022,FOK,NY,AEA,EN,Federal Contract Tower,0,9,11,1,21,0,0,25,13,38,0,9,36,14,59,62,30,92,151
04/22/2022,FOK,NY,AEA,EN,Federal Contract Tower,0,12,12,0,24,0,0,46,8,54,0,12,58,8,78,66,14,80,158
04/23/2022,FOK,NY,AEA,EN,Federal Contract Tower,0,9,19,0,28,0,0,78,0,78,0,9,97,0,106,134,0,134,240
04/24/2022,FOK,NY,AEA,EN,Federal Contract Tower,0,14,10,0,24,0,0,28,0,28,0,14,38,0,52,30,0,30,82
04/25/2022,FOK,NY,AEA,EN,Federal Contract Tower,0,10,11,2,23,0,0,53,4,57,0,10,64,6,80,100,0,100,180
04/26/2022,FOK,NY,AEA,EN,Federal Contract Tower,0,3,20,5,28,0,0,1,2,3,0,3,21,7,31,0,48,48,79
04/27/2022,FOK,NY,AEA,EN,Federal Contract Tower,0,6,8,0,14,0,0,20,13,33,0,6,28,13,47,2,46,48,95
04/28/2022,FOK,NY,AEA,EN,Federal Contract Tower,0,7,8,1,16,0,0,17,12,29,0,7,25,13,45,4,14,18,63
04/29/2022,FOK,NY,AEA,EN,Federal Contract Tower,0,11,11,0,22,0,0,33,2,35,0,11,44,2,57,4,2,6,63
04/30/2022,FOK,NY,AEA,EN,Federal Contract Tower,0,7,8,0,15,0,0,62,0,62,0,7,70,0,77,96,0,96,173
05/01/2022,FOK,NY,AEA,EN,Federal Contract Tower,0,7,15,0,22,0,0,88,0,88,0,7,103,0,110,88,0,88,198
05/02/2022,FOK,NY,AEA,EN,Federal Contract Tower,0,9,8,2,19,0,0,8,0,8,0,9,16,2,27,0,0,0,27
05/03/2022,FOK,NY,AEA,EN,Federal Contract Tower,0,9,29,10,48,0,0,14,15,29,0,9,43,25,77,32,106,138,215
05/04/2022,FOK,NY,AEA,EN,Federal Contract Tower,0,14,14,3,31,0,0,1,0,1,0,14,15,3,32,4,0,4,36
05/05/2022,FOK,NY,AEA,EN,Federal Contract Tower,0,12,29,1,42,0,2,56,11,69,0,14,85,12,111,88,92,180,291
05/06/2022,FOK,NY,AEA,EN,Federal Contract Tower,0,11,16,0,27,0,2,14,14,30,0,13,30,14,57,34,4,38,95
05/07/2022,FOK,NY,AEA,EN,Federal Contract Tower,0,11,9,0,20,0,0,0,0,0,0,11,9,0,20,0,0,0,20
05/08/2022,FOK,NY,AEA,EN,Federal Contract Tower,0,16,12,0,28,0,0,4,1,5,0,16,16,1,33,0,0,0,33
05/09/2022,FOK,NY,AEA,EN,Federal Contract Tower,0,11,5,2,18,0,2,8,1,11,0,13,13,3,29,0,0,0,29
05/10/2022,FOK,NY,AEA,EN,Federal Contract Tower,0,10,10,0,20,0,0,12,8,20,0,10,22,8,40,0,8,8,48
05/11/2022,FOK,NY,AEA,EN,Federal Contract Tower,0,9,14,2,25,0,1,25,10,36,0,10,39,12,61,50,10,60,121
05/12/2022,FOK,NY,AEA,EN,Federal Contract Tower,0,10,25,2,37,0,3,14,1,18,0,13,39,3,55,10,0,10,65
05/13/2022,FOK,NY,AEA,EN,Federal Contract Tower,0,20,35,10,65,0,0,1,0,1,0,20,36,10,66,0,18,18,84
05/14/2022,FOK,NY,AEA,EN,Federal Contract Tower,0,15,11,2,28,0,0,0,0,0,0,15,11,2,28,0,0,0,28
05/15/2022,FOK,NY,AEA,EN,Federal Contract Tower,0,36,42,3,81,0,0,12,8,20,0,36,54,11,101,2,50,52,153
05/16/2022,FOK,NY,AEA,EN,Federal Contract Tower,0,19,14,0,33,0,0,0,0,0,0,19,14,0,33,0,0,0,33
05/17/2022,FOK,NY,AEA,EN,Federal Contract Tower,0,16,20,0,36,0,0,44,6,50,0,16,64,6,86,54,36,90,176
05/18/2022,FOK,NY,AEA,EN,Federal Contract Tower,0,15,37,0,52,0,1,46,10,57,0,16,83,10,109,90,52,142,251
05/19/2022,FOK,NY,AEA,EN,Federal Contract Tower,0,21,36,3,60,0,0,4,11,15,0,21,40,14,75,0,36,36,111
05/20/2022,FOK,NY,AEA,EN,Federal Contract Tower,0,26,26,1,53,0,0,12,3,15,0,26,38,4,68,2,0,2,70
05/21/2022,FOK,NY,AEA,EN,Federal Contract Tower,0,22,23,0,45,0,0,60,0,60,0,22,83,0,105,66,0,66,171
05/22/2022,FOK,NY,AEA,EN,Federal Contract Tower,0,18,9,1,28,0,0,83,0,83,0,18,92,1,111,62,0,62,173
05/23/2022,FOK,NY,AEA,EN,Federal Contract Tower,0,20,21,0,41,0,2,54,2,58,0,22,75,2,99,48,0,48,147
05/24/2022,FOK,NY,AEA,EN,Federal Contract Tower,0,20,32,1,53,0,0,61,19,80,0,20,93,20,133,142,20,162,295
05/25/2022,FOK,NY,AEA,EN,Federal Contract Tower,0,32,29,2,63,0,1,81,14,96,0,33,110,16,159,68,8,76,235
05/26/2022,FOK,NY,AEA,EN,Federal Contract Tower,0,60,59,0,119,0,2,60,7,69,0,62,119,7,188,26,12,38,226
05/27/2022,FOK,NY,AEA,EN,Federal Contract Tower,0,73,69,0,142,0,0,0,0,0,0,73,69,0,142,0,0,0,142
05/28/2022,FOK,NY,AEA,EN,Federal Contract Tower,0,54,62,0,116,0,0,32,0,32,0,54,94,0,148,6,0,6,154
05/29/2022,FOK,NY,AEA,EN,Federal Contract Tower,0,40,31,0,71,0,0,111,3,114,0,40,142,3,185,66,0,66,251
05/30/2022,FOK,NY,AEA,EN,Federal Contract Tower,0,59,40,0,99,0,3,106,0,109,0,62,146,0,208,82,0,82,290
05/31/2022,FOK,NY,AEA,EN,Federal Contract Tower,0,46,25,0,71,0,1,64,1,66,0,47,89,1,137,52,0,52,189
06/01/2022,FOK,NY,AEA,EN,Federal Contract Tower,0,38,57,1,96,0,0,27,0,27,0,38,84,1,123,8,30,38,161
06/02/2022,FOK,NY,AEA,EN,Federal Contract Tower,0,58,61,1,120,0,0,10,5,15,0,58,71,6,135,4,54,58,193
06/03/2022,FOK,NY,AEA,EN,Federal Contract Tower,0,37,62,3,102,0,0,25,16,41,0,37,87,19,143,1,90,91,234
06/04/2022,FOK,NY,AEA,EN,Federal Contract Tower,0,28,35,1,64,0,6,69,0,75,0,34,104,1,139,26,10,36,175
06/05/2022,FOK,NY,AEA,EN,Federal Contract Tower,0,36,37,0,73,0,1,72,0,73,0,37,109,0,146,8,0,8,154
06/06/2022,FOK,NY,AEA,EN,Federal Contract Tower,0,34,32,1,67,0,2,79,5,86,0,36,111,6,153,80,2,82,235
06/07/2022,FOK,NY,AEA,EN,Federal Contract Tower,0,17,31,0,48,0,0,38,8,46,0,17,69,8,94,22,2,24,118
06/08/2022,FOK,NY,AEA,EN,Federal Contract Tower,0,26,27,0,53,0,0,18,13,31,0,26,45,13,84,28,104,132,216
06/09/2022,FOK,NY,AEA,EN,Federal Contract Tower,0,28,30,4,62,0,3,40,12,55,0,31,70,16,117,0,30,30,147
06/10/2022,FOK,NY,AEA,EN,Federal Contract Tower,0,54,43,0,97,0,7,115,10,132,0,61,158,10,229,42,8,50,279
06/11/2022,FOK,NY,AEA,EN,Federal Contract Tower,0,49,21,0,70,0,0,79,2,81,0,49,100,2,151,43,0,43,194
06/12/2022,FOK,NY,AEA,EN,Federal Contract Tower,0,54,46,0,100,0,2,46,0,48,0,56,92,0,148,22,0,22,170
06/13/2022,FOK,NY,AEA,EN,Federal Contract Tower,0,36,30,0,66,0,0,50,1,51,0,36,80,1,117,32,0,32,149
06/14/2022,FOK,NY,AEA,EN,Federal Contract Tower,0,23,18,0,41,0,0,45,12,57,0,23,63,12,98,106,36,142,240
06/15/2022,FOK,NY,AEA,EN,Federal Contract Tower,0,27,27,1,55,0,2,51,18,71,0,29,78,19,126,38,102,140,266
06/16/2022,FOK,NY,AEA,EN,Federal Contract Tower,0,36,43,0,79,0,0,29,12,41,0,36,72,12,120,0,66,66,186
06/17/2022,FOK,NY,AEA,EN,Federal Contract Tower,0,63,68,11,142,0,0,79,7,86,0,63,147,18,228,0,6,6,234
06/18/2022,FOK,NY,AEA,EN,Federal Contract Tower,0,29,23,0,52,0,1,77,0,78,0,30,100,0,130,58,0,58,188
06/19/2022,FOK,NY,AEA,EN,Federal Contract Tower,0,56,47,0,103,0,1,53,1,55,0,57,100,1,158,12,0,12,170
06/20/2022,FOK,NY,AEA,EN,Federal Contract Tower,0,40,30,0,70,0,0,80,0,80,0,40,110,0,150,58,16,74,224
06/21/2022,FOK,NY,AEA,EN,Federal Contract Tower,0,27,25,0,52,0,0,54,0,54,0,27,79,0,106,124,0,124,230
06/22/2022,FOK,NY,AEA,EN,Federal Contract Tower,0,43,43,2,88,0,0,4,10,14,0,43,47,12,102,0,18,18,120
06/23/2022,FOK,NY,AEA,EN,Federal Contract Tower,0,57,32,5,94,0,3,75,9,87,0,60,107,14,181,40,42,82,263
06/24/2022,FOK,NY,AEA,EN,Federal Contract Tower,0,63,56,10,129,0,9,102,2,113,0,72,158,12,242,36,0,36,278
06/25/2022,FOK,NY,AEA,EN,Federal Contract Tower,0,34,28,2,64,0,7,114,0,121,0,41,142,2,185,82,0,82,267
06/26/2022,FOK,NY,AEA,EN,Federal Contract Tower,0,58,62,0,120,0,15,147,1,163,0,73,209,1,283,38,0,38,321
06/27/2022,FOK,NY,AEA,EN,Federal Contract Tower,0,38,36,0,74,0,0,4,0,4,0,38,40,0,78,0,0,0,78
06/28/2022,FOK,NY,AEA,EN,Federal Contract Tower,0,32,43,0,75,0,8,87,13,108,0,40,130,13,183,100,38,138,321
06/29/2022,FOK,NY,AEA,EN,Federal Contract Tower,0,40,45,2,87,0,11,95,22,128,0,51,140,24,215,62,48,110,325
06/30/2022,FOK,NY,AEA,EN,Federal Contract Tower,0,80,81,2,163,0,0,112,16,128,0,80,193,18,291,76,62,138,429
07/01/2022,FOK,NY,AEA,EN,Federal Contract Tower,0,96,72,1,169,0,8,81,0,89,0,104,153,1,258,24,0,24,282
07/02/2022,FOK,NY,AEA,EN,Federal Contract Tower,0,66,58,0,124,0,0,6,0,6,0,66,64,0,130,0,0,0,130
07/03/2022,FOK,NY,AEA,EN,Federal Contract Tower,0,57,44,0,101,0,4,58,0,62,0,61,102,0,163,40,0,40,203
07/04/2022,FOK,NY,AEA,EN,Federal Contract Tower,0,68,67,0,135,0,0,102,0,102,0,68,169,0,237,70,0,70,307
07/05/2022,FOK,NY,AEA,EN,Federal Contract Tower,0,66,62,2,130,0,4,48,0,52,0,70,110,2,182,22,0,22,204
07/06/2022,FOK,NY,AEA,EN,Federal Contract Tower,0,55,36,0,91,0,4,93,28,125,0,59,129,28,216,10,60,70,286
07/07/2022,FOK,NY,AEA,EN,Federal Contract Tower,0,52,46,4,102,0,1,55,18,74,0,53,101,22,176,0,22,22,198
07/08/2022,FOK,NY,AEA,EN,Federal Contract Tower,0,41,57,1,99,0,10,97,0,107,0,51,154,1,206,86,0,86,292
07/09/2022,FOK,NY,AEA,EN,Federal Contract Tower,0,40,36,0,76,0,0,93,0,93,0,40,129,0,169,56,0,56,225
07/10/2022,FOK,NY,AEA,EN,Federal Contract Tower,0,63,58,0,121,0,4,111,0,115,0,67,169,0,236,18,0,18,254
07/11/2022,FOK,NY,AEA,EN,Federal Contract Tower,0,44,23,0,67,0,3,64,0,67,0,47,87,0,134,66,0,66,200
07/12/2022,FOK,NY,AEA,EN,Federal Contract Tower,0,32,32,1,65,0,3,50,15,68,0,35,82,16,133,0,6,6,139
07/13/2022,FOK,NY,AEA,EN,Federal Contract Tower,0,48,34,0,82,0,8,80,20,108,0,56,114,20,190,0,84,84,274
07/14/2022,FOK,NY,AEA,EN,Federal Contract Tower,0,74,50,1,125,0,1,79,21,101,0,75,129,22,226,50,38,88,314
07/15/2022,FOK,NY,AEA,EN,Federal Contract Tower,0,47,51,0,98,0,12,73,8,93,0,59,124,8,191,30,0,30,221
07/16/2022,FOK,NY,AEA,EN,Federal Contract Tower,0,68,48,0,116,0,3,66,0,69,0,71,114,0,185,10,0,10,195
07/17/2022,FOK,NY,AEA,EN,Federal Contract Tower,0,79,111,0,190,0,1,83,0,84,0,80,194,0,274,44,0,44,318
07/18/2022,FOK,NY,AEA,EN,Federal Contract Tower,0,82,87,1,170,0,0,0,0,0,0,82,87,1,170,0,0,0,170
07/19/2022,FOK,NY,AEA,EN,Federal Contract Tower,0,30,46,2,78,0,1,58,17,76,0,31,104,19,154,46,58,104,258
07/20/2022,FOK,NY,AEA,EN,Federal Contract Tower,0,45,30,1,76,0,1,69,4,74,0,46,99,5,150,6,64,70,220
07/21/2022,FOK,NY,AEA,EN,Federal Contract Tower,0,76,117,0,193,0,0,47,6,53,0,76,164,6,246,0,8,8,254
07/22/2022,FOK,NY,AEA,EN,Federal Contract Tower,0,67,44,1,112,0,2,93,2,97,0,69,137,3,209,40,0,40,249
07/23/2022,FOK,NY,AEA,EN,Federal Contract Tower,0,62,38,0,100,0,7,64,0,71,0,69,102,0,171,52,0,52,223
07/24/2022,FOK,NY,AEA,EN,Federal Contract Tower,0,71,75,0,146,0,8,72,0,80,0,79,147,0,226,32,0,32,258
07/25/2022,FOK,NY,AEA,EN,Federal Contract Tower,0,65,67,0,132,0,0,10,0,10,0,65,77,0,142,0,0,0,142
07/26/2022,FOK,NY,AEA,EN,Federal Contract Tower,0,42,31,3,76,0,4,85,10,99,0,46,116,13,175,52,70,122,297
07/27/2022,FOK,NY,AEA,EN,Federal Contract Tower,0,120,100,0,220,0,6,230,0,236,0,126,330,0,456,45,60,105,561
07/28/2022,FOK,NY,AEA,EN,Federal Contract Tower,0,90,77,6,173,0,1,39,2,42,0,91,116,8,215,10,26,36,251
07/29/2022,FOK,NY,AEA,EN,Federal Contract Tower,0,63,74,0,137,0,12,102,3,117,0,75,176,3,254,42,0,42,296
07/30/2022,FOK,NY,AEA,EN,Federal Contract Tower,0,47,48,0,95,0,0,70,0,70,0,47,118,0,165,40,0,40,205
07/31/2022,FOK,NY,AEA,EN,Federal Contract Tower,0,82,97,0,179,0,2,135,0,137,0,84,232,0,316,16,0,16,332
08/01/2022,FOK,NY,AEA,EN,Federal Contract Tower,0,64,71,0,135,0,3,6,0,9,0,67,77,0,144,0,0,0,144
08/02/2022,FOK,NY,AEA,EN,Federal Contract Tower,0,45,46,1,92,0,1,70,10,81,0,46,116,11,173,18,46,64,237
08/03/2022,FOK,NY,AEA,EN,Federal Contract Tower,0,51,58,0,109,0,6,114,19,139,0,57,172,19,248,76,50,126,374
08/04/2022,FOK,NY,AEA,EN,Federal Contract Tower,0,70,87,0,157,0,0,102,11,113,0,70,189,11,270,46,28,74,344
08/05/2022,FOK,NY,AEA,EN,Federal Contract Tower,0,76,65,2,143,0,3,102,33,138,0,79,167,35,281,14,76,90,371
08/06/2022,FOK,NY,AEA,EN,Federal Contract Tower,0,39,50,0,89,0,0,96,9,105,0,39,146,9,194,38,64,102,296
08/07/2022,FOK,NY,AEA,EN,Federal Contract Tower,0,90,74,1,165,0,1,84,2,87,0,91,158,3,252,12,60,72,324
08/08/2022,FOK,NY,AEA,EN,Federal Contract Tower,0,51,62,0,113,0,1,48,0,49,0,52,110,0,162,10,0,10,172
08/09/2022,FOK,NY,AEA,EN,Federal Contract Tower,0,50,49,1,100,0,8,80,4,92,0,58,129,5,192,2,70,72,264
08/10/2022,FOK,NY,AEA,EN,Federal Contract Tower,0,79,78,0,157,0,0,78,6,84,0,79,156,6,241,36,14,50,291
08/11/2022,FOK,NY,AEA,EN,Federal Contract Tower,0,92,97,0,189,0,1,86,8,95,0,93,183,8,284,20,16,36,320
08/12/2022,FOK,NY,AEA,EN,Federal Contract Tower,0,85,88,0,173,0,3,90,5,98,0,88,178,5,271,70,0,70,341
08/13/2022,FOK,NY,AEA,EN,Federal Contract Tower,0,45,43,0,88,0,6,92,0,98,0,51,135,0,186,78,0,78,264
08/14/2022,FOK,NY,AEA,EN,Federal Contract Tower,0,75,63,0,138,0,10,118,0,128,0,85,181,0,266,34,0,34,300
08/15/2022,FOK,NY,AEA,EN,Federal Contract Tower,0,59,58,0,117,0,12,112,0,124,0,71,170,0,241,16,0,16,257
08/16/2022,FOK,NY,AEA,EN,Federal Contract Tower,0,71,60,0,131,0,2,96,15,113,0,73,156,15,244,30,2,32,276
08/17/2022,FOK,NY,AEA,EN,Federal Contract Tower,0,0,70,55,125,0,8,100,6,114,0,8,170,61,239,32,70,102,341
08/18/2022,FOK,NY,AEA,EN,Federal Contract Tower,0,75,69,0,144,0,0,106,0,106,0,75,175,0,250,60,0,60,310
08/19/2022,FOK,NY,AEA,EN,Federal Contract Tower,0,93,77,4,174,0,8,126,0,134,0,101,203,4,308,42,0,42,350
08/20/2022,FOK,NY,AEA,EN,Federal Contract Tower,0,69,61,0,130,0,1,115,0,116,0,70,176,0,246,58,0,58,304
08/21/2022,FOK,NY,AEA,EN,Federal Contract Tower,0,108,91,0,199,0,1,35,0,36,0,109,126,0,235,0,0,0,235
08/22/2022,FOK,NY,AEA,EN,Federal Contract Tower,0,69,57,0,126,0,0,10,0,10,0,69,67,0,136,0,0,0,136
08/23/2022,FOK,NY,AEA,EN,Federal Contract Tower,0,57,50,1,108,0,0,37,8,45,0,57,87,9,153,14,8,22,175
08/24/2022,FOK,NY,AEA,EN,Federal Contract Tower,0,55,54,0,109,0,10,56,2,68,0,65,110,2,177,52,0,52,229
08/25/2022,FOK,NY,AEA,EN,Federal Contract Tower,0,79,39,2,120,0,5,65,14,84,0,84,104,16,204,60,12,72,276
08/26/2022,FOK,NY,AEA,EN,Federal Contract Tower,0,72,57,0,129,0,1,74,1,76,0,73,131,1,205,62,2,64,269
08/27/2022,FOK,NY,AEA,EN,Federal Contract Tower,0,75,41,0,116,0,0,79,0,79,0,75,120,0,195,52,0,52,247
08/28/2022,FOK,NY,AEA,EN,Federal Contract Tower,0,91,70,0,161,0,7,103,0,110,0,98,173,0,271,26,0,26,297
08/29/2022,FOK,NY,AEA,EN,Federal Contract Tower,0,82,64,2,148,0,6,44,0,50,0,88,108,2,198,22,22,44,242
08/30/2022,FOK,NY,AEA,EN,Federal Contract Tower,0,58,61,7,126,0,0,49,15,64,0,58,110,22,190,0,14,14,204
08/31/2022,FOK,NY,AEA,EN,Federal Contract Tower,0,44,55,4,103,0,3,102,16,121,0,47,157,20,224,34,0,34,258
09/01/2022,FOK,NY,AEA,EN,Federal Contract Tower,0,56,56,0,112,0,7,78,8,93,0,63,134,8,205,20,0,20,225
09/02/2022,FOK,NY,AEA,EN,Federal Contract Tower,0,58,48,0,106,0,4,80,4,88,0,62,128,4,194,24,0,24,218
09/03/2022,FOK,NY,AEA,EN,Federal Contract Tower,0,47,37,0,84,0,2,126,0,128,0,49,163,0,212,54,0,54,266
09/04/2022,FOK,NY,AEA,EN,Federal Contract Tower,0,79,75,0,154,0,6,93,0,99,0,85,168,0,253,16,0,16,269
09/05/2022,FOK,NY,AEA,EN,Federal Contract Tower,0,108,88,2,198,0,6,25,1,32,0,114,113,3,230,0,0,0,230
09/06/2022,FOK,NY,AEA,EN,Federal Contract Tower,0,48,48,0,96,0,0,2,0,2,0,48,50,0,98,0,0,0,98
09/07/2022,FOK,NY,AEA,EN,Federal Contract Tower,0,37,49,4,90,0,0,18,15,33,0,37,67,19,123,36,44,80,203
09/08/2022,FOK,NY,AEA,EN,Federal Contract Tower,0,31,42,0,73,0,0,85,10,95,0,31,127,10,168,42,62,104,272
09/09/2022,FOK,NY,AEA,EN,Federal Contract Tower,0,37,45,0,82,0,0,74,2,76,0,37,119,2,158,58,18,76,234
09/10/2022,FOK,NY,AEA,EN,Federal Contract Tower,0,26,22,0,48,0,4,91,30,125,0,30,113,30,173,40,6,46,219
09/11/2022,FOK,NY,AEA,EN,Federal Contract Tower,0,48,42,0,90,0,0,74,2,76,0,48,116,2,166,8,0,8,174
09/12/2022,FOK,NY,AEA,EN,Federal Contract Tower,0,32,29,0,61,0,0,5,0,5,0,32,34,0,66,6,0,6,72
09/13/2022,FOK,NY,AEA,EN,Federal Contract Tower,0,32,29,8,69,0,0,7,4,11,0,32,36,12,80,16,56,72,152
09/14/2022,FOK,NY,AEA,EN,Federal Contract Tower,0,28,35,1,64,0,0,91,22,113,0,28,126,23,177,40,18,58,235
09/15/2022,FOK,NY,AEA,EN,Federal Contract Tower,0,33,39,2,74,0,0,39,1,40,0,33,78,3,114,4,0,4,118
09/16/2022,FOK,NY,AEA,EN,Federal Contract Tower,0,24,36,0,60,0,2,46,2,50,0,26,82,2,110,31,18,49,159
09/17/2022,FOK,NY,AEA,EN,Federal Contract Tower,0,27,20,0,47,0,7,55,0,62,0,34,75,0,109,68,0,68,177
09/18/2022,FOK,NY,AEA,EN,Federal Contract Tower,0,35,38,0,73,0,8,100,1,109,0,43,138,1,182,26,0,26,208
09/19/2022,FOK,NY,AEA,EN,Federal Contract Tower,0,22,24,0,46,0,0,30,0,30,0,22,54,0,76,39,0,39,115
09/20/2022,FOK,NY,AEA,EN,Federal Contract Tower,0,29,25,2,56,0,0,61,4,65,0,29,86,6,121,26,26,52,173
09/21/2022,FOK,NY,AEA,EN,Federal Contract Tower,0,35,27,0,62,0,0,52,25,77,0,35,79,25,139,16,34,50,189
09/22/2022,FOK,NY,AEA,EN,Federal Contract Tower,0,33,41,0,74,0,0,7,9,16,0,33,48,9,90,2,16,18,108
09/23/2022,FOK,NY,AEA,EN,Federal Contract Tower,0,61,34,0,95,0,6,43,1,50,0,67,77,1,145,4,38,42,187
09/24/2022,FOK,NY,AEA,EN,Federal Contract Tower,0,22,22,0,44,0,1,58,0,59,0,23,80,0,103,66,0,66,169
09/25/2022,FOK,NY,AEA,EN,Federal Contract Tower,0,27,30,0,57,0,3,41,0,44,0,30,71,0,101,8,0,8,109
09/26/2022,FOK,NY,AEA,EN,Federal Contract Tower,0,21,21,0,42,0,1,43,0,44,0,22,64,0,86,54,0,54,140
09/27/2022,FOK,NY,AEA,EN,Federal Contract Tower,0,13,26,2,41,0,4,44,12,60,0,17,70,14,101,10,18,28,129
09/28/2022,FOK,NY,AEA,EN,Federal Contract Tower,0,21,34,1,56,0,1,84,6,91,0,22,118,7,147,66,0,66,213
09/29/2022,FOK,NY,AEA,EN,Federal Contract Tower,0,21,24,0,45,0,6,50,7,63,0,27,74,7,108,4,26,30,138
09/30/2022,FOK,NY,AEA,EN,Federal Contract Tower,0,21,37,1,59,0,2,64,1,67,0,23,101,2,126,12,4,16,142
10/01/2022,FOK,NY,AEA,EN,Federal Contract Tower,0,25,23,13,61,0,0,0,4,4,0,25,23,17,65,0,6,6,71
10/02/2022,FOK,NY,AEA,EN,Federal Contract Tower,0,29,23,1,53,0,0,1,5,6,0,29,24,6,59,0,0,0,59
10/03/2022,FOK,NY,AEA,EN,Federal Contract Tower,0,15,23,0,38,0,0,2,0,2,0,15,25,0,40,0,0,0,40
10/04/2022,FOK,NY,AEA,EN,Federal Contract Tower,0,22,20,0,42,0,0,0,1,1,0,22,20,1,43,0,62,62,105
10/05/2022,FOK,NY,AEA,EN,Federal Contract Tower,0,19,25,0,44,0,0,0,0,0,0,19,25,0,44,0,0,0,44
10/06/2022,FOK,NY,AEA,EN,Federal Contract Tower,0,17,37,0,54,0,1,58,15,74,0,18,95,15,128,40,50,90,218
10/07/2022,FOK,NY,AEA,EN,Federal Contract Tower,0,28,27,2,57,0,0,94,1,95,0,28,121,3,152,108,0,108,260
10/08/2022,FOK,NY,AEA,EN,Federal Contract Tower,0,16,16,0,32,0,2,53,0,55,0,18,69,0,87,48,0,48,135
10/09/2022,FOK,NY,AEA,EN,Federal Contract Tower,0,23,16,0,39,0,2,45,0,47,0,25,61,0,86,24,0,24,110
10/10/2022,FOK,NY,AEA,EN,Federal Contract Tower,0,17,25,0,42,0,0,57,0,57,0,17,82,0,99,90,0,90,189
10/11/2022,FOK,NY,AEA,EN,Federal Contract Tower,0,15,15,0,30,0,1,16,0,17,0,16,31,0,47,32,0,32,79
10/12/2022,FOK,NY,AEA,EN,Federal Contract Tower,0,12,17,1,30,0,0,53,10,63,0,12,70,11,93,72,40,112,205
10/13/2022,FOK,NY,AEA,EN,Federal Contract Tower,0,18,15,2,35,0,0,7,12,19,0,18,22,14,54,4,16,20,74
10/14/2022,FOK,NY,AEA,EN,Federal Contract Tower,0,24,22,0,46,0,1,22,4,27,0,25,44,4,73,8,0,8,81
10/15/2022,FOK,NY,AEA,EN,Federal Contract Tower,0,19,12,0,31,0,4,87,7,98,0,23,99,7,129,34,0,34,163
10/16/2022,FOK,NY,AEA,EN,Federal Contract Tower,0,14,29,0,43,0,0,60,0,60,0,14,89,0,103,32,0,32,135
10/17/2022,FOK,NY,AEA,EN,Federal Contract Tower,0,6,17,0,23,0,0,2,0,2,0,6,19,0,25,0,0,0,25
10/18/2022,FOK,NY,AEA,EN,Federal Contract Tower,0,12,9,3,24,0,4,31,9,44,0,16,40,12,68,40,76,116,184
10/19/2022,FOK,NY,AEA,EN,Federal Contract Tower,0,15,23,0,38,0,0,27,3,30,0,15,50,3,68,14,26,40,108
10/20/2022,FOK,NY,AEA,EN,Federal Contract Tower,0,6,16,2,24,0,0,22,9,31,0,6,38,11,55,8,40,48,103
10/21/2022,FOK,NY,AEA,EN,Federal Contract Tower,0,17,14,0,31,0,14,78,2,94,0,31,92,2,125,20,10,30,155
10/22/2022,FOK,NY,AEA,EN,Federal Contract Tower,0,17,19,1,37,0,0,120,2,122,0,17,139,3,159,100,4,104,263
10/23/2022,FOK,NY,AEA,EN,Federal Contract Tower,0,19,19,0,38,0,1,20,0,21,0,20,39,0,59,18,0,18,77
10/24/2022,FOK,NY,AEA,EN,Federal Contract Tower,0,16,8,0,24,0,0,0,0,0,0,16,8,0,24,0,0,0,24
10/25/2022,FOK,NY,AEA,EN,Federal Contract Tower,0,7,16,3,26,0,0,0,0,0,0,7,16,3,26,0,0,0,26
10/26/2022,FOK,NY,AEA,EN,Federal Contract Tower,0,16,14,0,30,0,0,0,0,0,0,16,14,0,30,0,0,0,30
10/27/2022,FOK,NY,AEA,EN,Federal Contract Tower,0,11,13,0,24,0,3,29,4,36,0,14,42,4,60,8,6,14,74
10/28/2022,FOK,NY,AEA,EN,Federal Contract Tower,0,13,19,0,32,0,0,43,7,50,0,13,62,7,82,14,32,46,128
10/29/2022,FOK,NY,AEA,EN,Federal Contract Tower,0,9,21,0,30,0,0,56,0,56,0,9,77,0,86,62,0,62,148
10/30/2022,FOK,NY,AEA,EN,Federal Contract Tower,0,16,13,0,29,0,0,73,0,73,0,16,86,0,102,70,0,70,172
10/31/2022,FOK,NY,AEA,EN,Federal Contract Tower,0,13,5,1,19,0,0,24,1,25,0,13,29,2,44,42,0,42,86
11/01/2022,FOK,NY,AEA,EN,Federal Contract Tower,0,15,18,2,35,0,0,0,8,8,0,15,18,10,43,7,44,51,94
11/02/2022,FOK,NY,AEA,EN,Federal Contract Tower,0,15,21,2,38,0,0,43,17,60,0,15,64,19,98,12,128,140,238
11/03/2022,FOK,NY,AEA,EN,Federal Contract Tower,0,6,28,0,34,0,2,50,14,66,0,8,78,14,100,76,44,120,220
11/04/2022,FOK,NY,AEA,EN,Federal Contract Tower,0,18,25,0,43,0,0,46,14,60,0,18,71,14,103,20,58,78,181
11/05/2022,FOK,NY,AEA,EN,Federal Contract Tower,0,3,16,1,20,0,0,49,23,72,0,3,65,24,92,26,80,106,198
11/06/2022,FOK,NY,AEA,EN,Federal Contract Tower,0,12,19,1,32,0,0,58,4,62,0,12,77,5,94,58,6,64,158
11/07/2022,FOK,NY,AEA,EN,Federal Contract Tower,0,3,9,0,12,0,0,42,6,48,0,3,51,6,60,12,0,12,72
11/08/2022,FOK,NY,AEA,EN,Federal Contract Tower,0,3,4,2,9,0,0,5,5,10,0,3,9,7,19,44,54,98,117
11/09/2022,FOK,NY,AEA,EN,Federal Contract Tower,0,6,11,0,17,0,2,47,16,65,0,8,58,16,82,68,60,128,210
11/10/2022,FOK,NY,AEA,EN,Federal Contract Tower,0,7,20,1,28,0,0,56,17,73,0,7,76,18,101,52,12,64,165
11/11/2022,FOK,NY,AEA,EN,Federal Contract Tower,0,5,9,0,14,0,0,9,0,9,0,5,18,0,23,24,0,24,47
11/12/2022,FOK,NY,AEA,EN,Federal Contract Tower,0,6,9,0,15,0,0,21,0,21,0,6,30,0,36,6,0,6,42
11/13/2022,FOK,NY,AEA,EN,Federal Contract Tower,0,14,11,0,25,0,0,16,0,16,0,14,27,0,41,2,0,2,43
11/14/2022,FOK,NY,AEA,EN,Federal Contract Tower,0,12,7,0,19,0,1,16,1,18,0,13,23,1,37,54,0,54,91
11/15/2022,FOK,NY,AEA,EN,Federal Contract Tower,0,7,5,0,12,0,0,22,4,26,0,7,27,4,38,82,28,110,148
11/16/2022,FOK,NY,AEA,EN,Federal Contract Tower,0,9,10,2,21,0,0,6,7,13,0,9,16,9,34,0,14,14,48
11/17/2022,FOK,NY,AEA,EN,Federal Contract Tower,0,7,16,0,23,0,0,17,15,32,0,7,33,15,55,50,48,98,153
11/18/2022,FOK,NY,AEA,EN,Federal Contract Tower,0,8,14,1,23,0,0,33,6,39,0,8,47,7,62,12,8,20,82
11/19/2022,FOK,NY,AEA,EN,Federal Contract Tower,0,5,15,0,20,0,2,48,0,50,0,7,63,0,70,44,0,44,114
11/20/2022,FOK,NY,AEA,EN,Federal Contract Tower,0,10,7,0,17,0,0,21,0,21,0,10,28,0,38,0,0,0,38
11/21/2022,FOK,NY,AEA,EN,Federal Contract Tower,0,12,12,0,24,0,1,19,4,24,0,13,31,4,48,24,0,24,72
11/22/2022,FOK,NY,AEA,EN,Federal Contract Tower,0,29,19,0,48,0,2,40,1,43,0,31,59,1,91,66,34,100,191
11/23/2022,FOK,NY,AEA,EN,Federal Contract Tower,0,37,9,1,47,0,6,50,0,56,0,43,59,1,103,78,0,78,181
11/24/2022,FOK,NY,AEA,EN,Federal Contract Tower,0,16,3,0,19,0,0,18,0,18,0,16,21,0,37,0,0,0,37
11/25/2022,FOK,NY,AEA,EN,Federal Contract Tower,0,23,16,0,39,0,0,21,0,21,0,23,37,0,60,28,0,28,88
11/26/2022,FOK,NY,AEA,EN,Federal Contract Tower,0,27,13,0,40,0,0,75,2,77,0,27,88,2,117,44,0,44,161
11/27/2022,FOK,NY,AEA,EN,Federal Contract Tower,0,22,39,2,63,0,0,29,0,29,0,22,68,2,92,36,0,36,128
11/28/2022,FOK,NY,AEA,EN,Federal Contract Tower,0,14,13,4,31,0,0,14,0,14,0,14,27,4,45,0,0,0,45
11/29/2022,FOK,NY,AEA,EN,Federal Contract Tower,0,9,6,0,15,0,0,26,8,34,0,9,32,8,49,26,56,82,131
11/30/2022,FOK,NY,AEA,EN,Federal Contract Tower,0,6,4,0,10,0,0,0,2,2,0,6,4,2,12,0,34,34,46
12/01/2022,FOK,NY,AEA,EN,Federal Contract Tower,0,6,9,2,17,0,0,12,26,38,0,6,21,28,55,0,62,62,117
12/02/2022,FOK,NY,AEA,EN,Federal Contract Tower,0,6,25,1,32,0,0,51,8,59,0,6,76,9,91,32,10,42,133
12/03/2022,FOK,NY,AEA,EN,Federal Contract Tower,0,7,14,0,21,0,0,0,9,9,0,7,14,9,30,0,74,74,104
12/04/2022,FOK,NY,AEA,EN,Federal Contract Tower,0,8,19,0,27,0,0,99,11,110,0,8,118,11,137,90,54,144,281
12/05/2022,FOK,NY,AEA,EN,Federal Contract Tower,0,10,9,4,23,0,0,31,1,32,0,10,40,5,55,14,4,18,73
12/06/2022,FOK,NY,AEA,EN,Federal Contract Tower,0,4,4,2,10,0,0,12,11,23,0,4,16,13,33,6,94,100,133
12/07/2022,FOK,NY,AEA,EN,Federal Contract Tower,0,10,7,0,17,0,0,0,0,0,0,10,7,0,17,0,0,0,17
12/08/2022,FOK,NY,AEA,EN,Federal Contract Tower,0,4,15,0,19,0,2,58,11,71,0,6,73,11,90,58,62,120,210
12/09/2022,FOK,NY,AEA,EN,Federal Contract Tower,0,12,18,3,33,0,3,70,5,78,0,15,88,8,111,44,30,74,185
12/10/2022,FOK,NY,AEA,EN,Federal Contract Tower,0,15,8,0,23,0,0,33,0,33,0,15,41,0,56,32,6,38,94
12/11/2022,FOK,NY,AEA,EN,Federal Contract Tower,0,18,11,0,29,0,0,3,0,3,0,18,14,0,32,8,0,8,40
12/12/2022,FOK,NY,AEA,EN,Federal Contract Tower,0,6,4,0,10,0,0,8,0,8,0,6,12,0,18,2,0,2,20
12/13/2022,FOK,NY,AEA,EN,Federal Contract Tower,0,11,8,0,19,0,0,12,6,18,0,11,20,6,37,38,14,52,89
12/14/2022,FOK,NY,AEA,EN,Federal Contract Tower,0,6,13,1,20,0,0,14,16,30,0,6,27,17,50,6,0,6,56
12/15/2022,FOK,NY,AEA,EN,Federal Contract Tower,0,13,6,6,25,0,0,6,7,13,0,13,12,13,38,18,26,44,82
12/16/2022,FOK,NY,AEA,EN,Federal Contract Tower,0,13,9,0,22,0,0,0,0,0,0,13,9,0,22,0,0,0,22
12/17/2022,FOK,NY,AEA,EN,Federal Contract Tower,0,9,13,0,22,0,0,23,0,23,0,9,36,0,45,8,0,8,53
12/18/2022,FOK,NY,AEA,EN,Federal Contract Tower,0,13,2,0,15,0,0,46,0,46,0,13,48,0,61,28,0,28,89
12/19/2022,FOK,NY,AEA,EN,Federal Contract Tower,0,7,7,0,14,0,2,20,0,22,0,9,27,0,36,70,0,70,106
12/20/2022,FOK,NY,AEA,EN,Federal Contract Tower,0,1,11,0,12,0,0,21,17,38,0,1,32,17,50,48,106,154,204
12/21/2022,FOK,NY,AEA,EN,Federal Contract Tower,0,8,12,2,22,0,0,28,20,48,0,8,40,22,70,46,62,108,178
12/22/2022,FOK,NY,AEA,EN,Federal Contract Tower,0,11,3,5,19,0,0,8,4,12,0,11,11,9,31,14,16,30,61
12/23/2022,FOK,NY,AEA,EN,Federal Contract Tower,0,6,5,0,11,0,0,0,0,0,0,6,5,0,11,0,0,0,11
12/24/2022,FOK,NY,AEA,EN,Federal Contract Tower,0,15,0,0,15,0,1,0,0,1,0,16,0,0,16,0,0,0,16
12/25/2022,FOK,NY,AEA,EN,Federal Contract Tower,0,17,3,0,20,0,0,4,0,4,0,17,7,0,24,0,0,0,24
12/26/2022,FOK,NY,AEA,EN,Federal Contract Tower,0,25,22,0,47,0,2,8,0,10,0,27,30,0,57,40,0,40,97
12/27/2022,FOK,NY,AEA,EN,Federal Contract Tower,0,20,26,0,46,0,0,19,0,19,0,20,45,0,65,64,0,64,129
12/28/2022,FOK,NY,AEA,EN,Federal Contract Tower,0,12,13,0,25,0,0,53,2,55,0,12,66,2,80,76,0,76,156
12/29/2022,FOK,NY,AEA,EN,Federal Contract Tower,0,11,29,0,40,0,0,60,4,64,0,11,89,4,104,0,10,10,114
12/30/2022,FOK,NY,AEA,EN,Federal Contract Tower,0,5,12,0,17,0,0,68,0,68,0,5,80,0,85,70,0,70,155
12/31/2022,FOK,NY,AEA,EN,Federal Contract Tower,0,5,10,0,15,0,0,0,0,0,0,5,10,0,15,0,0,0,15
01/01/2023,FOK,NY,AEA,EN,Federal Contract Tower,0,4,8,0,12,0,0,22,0,22,0,4,30,0,34,10,0,10,44
01/02/2023,FOK,NY,AEA,EN,Federal Contract Tower,0,4,17,0,21,0,0,23,0,23,0,4,40,0,44,54,0,54,98
01/03/2023,FOK,NY,AEA,EN,Federal Contract Tower,0,18,5,0,23,0,0,2,0,2,0,18,7,0,25,0,0,0,25
01/04/2023,FOK,NY,AEA,EN,Federal Contract Tower,0,4,8,1,13,0,0,18,31,49,0,4,26,32,62,16,46,62,124
01/05/2023,FOK,NY,AEA,EN,Federal Contract Tower,0,6,6,8,20,0,0,0,6,6,0,6,6,14,26,0,22,22,48
01/06/2023,FOK,NY,AEA,EN,Federal Contract Tower,0,8,10,3,21,0,0,0,0,0,0,8,10,3,21,0,0,0,21
01/07/2023,FOK,NY,AEA,EN,Federal Contract Tower,0,3,11,0,14,0,0,43,11,54,0,3,54,11,68,70,60,130,198
01/08/2023,FOK,NY,AEA,EN,Federal Contract Tower,0,2,9,2,13,0,0,74,1,75,0,2,83,3,88,68,0,68,156
01/09/2023,FOK,NY,AEA,EN,Federal Contract Tower,0,2,5,0,7,0,0,14,0,14,0,2,19,0,21,22,0,22,43
01/10/2023,FOK,NY,AEA,EN,Federal Contract Tower,0,3,15,1,19,0,0,44,30,74,0,3,59,31,93,56,0,56,149
01/11/2023,FOK,NY,AEA,EN,Federal Contract Tower,0,2,13,6,21,0,0,28,2,30,0,2,41,8,51,14,14,28,79
01/12/2023,FOK,NY,AEA,EN,Federal Contract Tower,0,1,10,7,18,0,0,0,8,8,0,1,10,15,26,2,14,16,42
01/13/2023,FOK,NY,AEA,EN,Federal Contract Tower,0,12,5,0,17,0,0,2,0,2,0,12,7,0,19,0,0,0,19
01/14/2023,FOK,NY,AEA,EN,Federal Contract Tower,0,2,3,2,7,0,0,0,0,0,0,2,3,2,7,0,0,0,7
01/15/2023,FOK,NY,AEA,EN,Federal Contract Tower,0,7,5,0,12,0,0,8,0,8,0,7,13,0,20,4,0,4,24
01/16/2023,FOK,NY,AEA,EN,Federal Contract Tower,0,6,10,0,16,0,0,17,0,17,0,6,27,0,33,24,0,24,57
01/17/2023,FOK,NY,AEA,EN,Federal Contract Tower,0,11,5,4,20,0,0,30,0,30,0,11,35,4,50,26,20,46,96
01/18/2023,FOK,NY,AEA,EN,Federal Contract Tower,0,4,5,0,9,0,0,16,9,25,0,4,21,9,34,42,46,88,122
01/19/2023,FOK,NY,AEA,EN,Federal Contract Tower,0,1,4,1,6,0,0,2,1,3,0,1,6,2,9,36,0,36,45
01/20/2023,FOK,NY,AEA,EN,Federal Contract Tower,0,2,3,2,7,0,0,31,2,33,0,2,34,4,40,46,32,78,118
01/21/2023,FOK,NY,AEA,EN,Federal Contract Tower,0,1,7,0,8,0,0,57,2,59,0,1,64,2,67,116,0,116,183
01/22/2023,FOK,NY,AEA,EN,Federal Contract Tower,0,10,6,0,16,0,0,32,0,32,0,10,38,0,48,124,0,124,172
01/23/2023,FOK,NY,AEA,EN,Federal Contract Tower,0,6,4,0,10,0,0,0,0,0,0,6,4,0,10,0,0,0,10
01/25/2023,FOK,NY,AEA,EN,Federal Contract Tower,0,2,19,0,21,0,0,33,8,41,0,2,52,8,62,24,74,98,160
01/26/2023,FOK,NY,AEA,EN,Federal Contract Tower,0,12,9,1,22,0,0,10,14,24,0,12,19,15,46,24,46,70,116
01/27/2023,FOK,NY,AEA,EN,Federal Contract Tower,0,6,8,0,14,0,2,50,14,66,0,8,58,14,80,82,26,108,188
01/28/2023,FOK,NY,AEA,EN,Federal Contract Tower,0,11,4,0,15,0,0,47,2,49,0,11,51,2,64,74,0,74,138
01/29/2023,FOK,NY,AEA,EN,Federal Contract Tower,0,6,6,0,12,0,0,49,0,49,0,6,55,0,61,34,0,34,95
01/30/2023,FOK,NY,AEA,EN,Federal Contract Tower,0,2,14,0,16,0,1,51,0,52,0,3,65,0,68,104,0,104,172
01/31/2023,FOK,NY,AEA,EN,Federal Contract Tower,0,2,7,6,15,0,0,10,4,14,0,2,17,10,29,16,26,42,71
02/01/2023,FOK,NY,AEA,EN,Federal Contract Tower,0,2,3,1,6,0,0,20,8,28,0,2,23,9,34,56,6,62,96
02/02/2023,FOK,NY,AEA,EN,Federal Contract Tower,0,12,11,0,23,0,0,38,13,51,0,12,49,13,74,10,26,36,110
02/03/2023,FOK,NY,AEA,EN,Federal Contract Tower,0,6,4,1,11,0,0,0,6,6,0,6,4,7,17,0,34,34,51
02/04/2023,FOK,NY,AEA,EN,Federal Contract Tower,0,1,6,0,7,0,0,23,2,25,0,1,29,2,32,30,0,30,62
02/05/2023,FOK,NY,AEA,EN,Federal Contract Tower,0,9,15,0,24,0,0,34,15,49,0,9,49,15,73,26,42,68,141
02/06/2023,FOK,NY,AEA,EN,Federal Contract Tower,0,2,11,0,13,0,0,18,0,18,0,2,29,0,31,48,0,48,79
02/07/2023,FOK,NY,AEA,EN,Federal Contract Tower,0,9,11,0,20,0,0,33,10,43,0,9,44,10,63,30,34,64,127
02/08/2023,FOK,NY,AEA,EN,Federal Contract Tower,0,5,2,0,7,0,0,42,6,48,0,5,44,6,55,74,0,74,129
02/09/2023,FOK,NY,AEA,EN,Federal Contract Tower,0,2,9,0,11,0,0,11,10,21,0,2,20,10,32,30,20,50,82
02/10/2023,FOK,NY,AEA,EN,Federal Contract Tower,0,4,13,0,17,0,0,16,9,25,0,4,29,9,42,8,0,8,50
02/11/2023,FOK,NY,AEA,EN,Federal Contract Tower,0,1,13,0,14,0,0,73,0,73,0,1,86,0,87,74,0,74,161
02/12/2023,FOK,NY,AEA,EN,Federal Contract Tower,0,4,6,0,10,0,0,81,0,81,0,4,87,0,91,94,0,94,185
02/13/2023,FOK,NY,AEA,EN,Federal Contract Tower,0,1,7,4,12,0,0,40,0,40,0,1,47,4,52,10,30,40,92
02/14/2023,FOK,NY,AEA,EN,Federal Contract Tower,0,8,3,0,11,0,0,34,13,47,0,8,37,13,58,78,48,126,184
02/15/2023,FOK,NY,AEA,EN,Federal Contract Tower,0,7,13,2,22,0,0,25,15,40,0,7,38,17,62,52,34,86,148
02/16/2023,FOK,NY,AEA,EN,Federal Contract Tower,0,4,17,4,25,0,0,29,6,35,0,4,46,10,60,24,6,30,90
02/17/2023,FOK,NY,AEA,EN,Federal Contract Tower,0,9,10,3,22,0,0,1,0,1,0,9,11,3,23,0,0,0,23
02/18/2023,FOK,NY,AEA,EN,Federal Contract Tower,0,13,11,0,24,0,0,72,0,72,0,13,83,0,96,48,0,48,144
02/19/2023,FOK,NY,AEA,EN,Federal Contract Tower,0,9,22,0,31,0,0,90,0,90,0,9,112,0,121,106,0,106,227
02/20/2023,FOK,NY,AEA,EN,Federal Contract Tower,0,11,14,0,25,0,0,17,0,17,0,11,31,0,42,30,0,30,72
02/21/2023,FOK,NY,AEA,EN,Federal Contract Tower,0,10,3,0,13,0,0,0,0,0,0,10,3,0,13,0,8,8,21
02/23/2023,FOK,NY,AEA,EN,Federal Contract Tower,0,3,3,9,15,0,0,0,0,0,0,3,3,9,15,0,34,34,49
02/24/2023,FOK,NY,AEA,EN,Federal Contract Tower,0,9,11,0,20,0,0,24,6,30,0,9,35,6,50,0,0,0,50
02/25/2023,FOK,NY,AEA,EN,Federal Contract Tower,0,10,7,0,17,0,0,39,0,39,0,10,46,0,56,74,0,74,130
02/26/2023,FOK,NY,AEA,EN,Federal Contract Tower,0,6,14,0,20,0,0,29,0,29,0,6,43,0,49,52,0,52,101
02/27/2023,FOK,NY,AEA,EN,Federal Contract Tower,0,5,10,0,15,0,0,29,0,29,0,5,39,0,44,34,0,34,78
02/28/2023,FOK,NY,AEA,EN,Federal Contract Tower,0,4,2,0,6,0,0,0,0,0,0,4,2,0,6,0,0,0,6
03/01/2023,FOK,NY,AEA,EN,Federal Contract Tower,0,9,10,6,25,0,0,25,13,38,0,9,35,19,63,46,44,90,153
03/02/2023,FOK,NY,AEA,EN,Federal Contract Tower,0,4,11,0,15,0,0,8,4,12,0,4,19,4,27,10,6,16,43
03/03/2023,FOK,NY,AEA,EN,Federal Contract Tower,0,11,3,0,14,0,0,35,14,49,0,11,38,14,63,72,26,98,161
03/04/2023,FOK,NY,AEA,EN,Federal Contract Tower,0,7,6,4,17,0,0,7,6,13,0,7,13,10,30,4,40,44,74
03/05/2023,FOK,NY,AEA,EN,Federal Contract Tower,0,9,12,0,21,0,0,69,2,71,0,9,81,2,92,148,6,154,246
03/06/2023,FOK,NY,AEA,EN,Federal Contract Tower,0,5,7,0,12,0,0,37,0,37,0,5,44,0,49,72,0,72,121
03/07/2023,FOK,NY,AEA,EN,Federal Contract Tower,0,3,6,5,14,0,0,9,2,11,0,3,15,7,25,0,2,2,27
03/08/2023,FOK,NY,AEA,EN,Federal Contract Tower,0,0,2,2,4,0,1,5,0,6,0,1,7,2,10,32,0,32,42
03/09/2023,FOK,NY,AEA,EN,Federal Contract Tower,0,8,23,2,33,0,1,28,2,31,0,9,51,4,64,52,0,52,116
03/10/2023,FOK,NY,AEA,EN,Federal Contract Tower,0,5,9,1,15,0,2,19,3,24,0,7,28,4,39,64,0,64,103
03/11/2023,FOK,NY,AEA,EN,Federal Contract Tower,0,4,7,0,11,0,0,5,0,5,0,4,12,0,16,0,0,0,16
03/12/2023,FOK,NY,AEA,EN,Federal Contract Tower,0,3,28,0,31,0,0,65,0,65,0,3,93,0,96,116,0,116,212
03/13/2023,FOK,NY,AEA,EN,Federal Contract Tower,0,5,11,0,16,0,0,0,0,0,0,5,11,0,16,6,0,6,22
03/14/2023,FOK,NY,AEA,EN,Federal Contract Tower,0,5,3,0,8,0,0,0,0,0,0,5,3,0,8,0,0,0,8
03/15/2023,FOK,NY,AEA,EN,Federal Contract Tower,0,2,9,0,11,0,1,0,0,1,0,3,9,0,12,0,0,0,12
03/16/2023,FOK,NY,AEA,EN,Federal Contract Tower,0,6,21,0,27,0,0,19,9,28,0,6,40,9,55,22,0,22,77
03/17/2023,FOK,NY,AEA,EN,Federal Contract Tower,0,12,4,7,23,0,0,26,3,29,0,12,30,10,52,36,10,46,98
03/19/2023,FOK,NY,AEA,EN,Federal Contract Tower,0,14,7,0,21,0,0,27,0,27,0,14,34,0,48,12,0,12,60
03/20/2023,FOK,NY,AEA,EN,Federal Contract Tower,0,7,9,3,19,0,0,39,0,39,0,7,48,3,58,56,0,56,114
03/21/2023,FOK,NY,AEA,EN,Federal Contract Tower,0,6,10,2,18,0,0,49,5,54,0,6,59,7,72,80,16,96,168
03/22/2023,FOK,NY,AEA,EN,Federal Contract Tower,0,3,11,0,14,0,0,27,4,31,0,3,38,4,45,30,20,50,95
03/23/2023,FOK,NY,AEA,EN,Federal Contract Tower,0,3,5,2,10,0,0,0,2,2,0,3,5,4,12,0,22,22,34
03/24/2023,FOK,NY,AEA,EN,Federal Contract Tower,0,10,7,2,19,0,0,27,5,32,0,10,34,7,51,54,2,56,107
03/25/2023,FOK,NY,AEA,EN,Federal Contract Tower,0,3,7,3,13,0,0,4,0,4,0,3,11,3,17,0,0,0,17
03/26/2023,FOK,NY,AEA,EN,Federal Contract Tower,0,10,11,4,25,0,0,39,0,39,0,10,50,4,64,33,0,33,97
03/27/2023,FOK,NY,AEA,EN,Federal Contract Tower,0,2,15,2,19,0,0,10,1,11,0,2,25,3,30,28,2,30,60
03/28/2023,FOK,NY,AEA,EN,Federal Contract Tower,2,2,12,1,17,0,0,12,3,15,2,2,24,4,32,4,44,48,80
03/29/2023,FOK,NY,AEA,EN,Federal Contract Tower,0,12,18,0,30,0,0,47,4,51,0,12,65,4,81,88,2,90,171
03/30/2023,FOK,NY,AEA,EN,Federal Contract Tower,0,5,17,2,24,0,1,24,3,28,0,6,41,5,52,12,46,58,110
03/31/2023,FOK,NY,AEA,EN,Federal Contract Tower,0,4,9,0,13,0,0,35,4,39,0,4,44,4,52,44,22,66,118
04/01/2023,FOK,NY,AEA,EN,Federal Contract Tower,0,9,5,0,14,0,0,0,0,0,0,9,5,0,14,0,0,0,14
04/02/2023,FOK,NY,AEA,EN,Federal Contract Tower,0,9,9,0,18,0,0,20,0,20,0,9,29,0,38,30,0,30,68
04/03/2023,FOK,NY,AEA,EN,Federal Contract Tower,0,6,5,1,12,0,0,45,0,45,0,6,50,1,57,72,0,72,129
04/04/2023,FOK,NY,AEA,EN,Federal Contract Tower,0,13,25,3,41,0,0,44,4,48,0,13,69,7,89,52,2,54,143
04/05/2023,FOK,NY,AEA,EN,Federal Contract Tower,0,9,6,0,15,0,0,0,0,0,0,9,6,0,15,0,0,0,15
04/06/2023,FOK,NY,AEA,EN,Federal Contract Tower,0,8,6,2,16,0,1,7,9,17,0,9,13,11,33,6,18,24,57
04/07/2023,FOK,NY,AEA,EN,Federal Contract Tower,0,8,11,0,19,0,0,33,6,39,0,8,44,6,58,72,0,72,130
04/08/2023,FOK,NY,AEA,EN,Federal Contract Tower,0,9,10,0,19,0,0,65,1,66,0,9,75,1,85,84,0,84,169
04/09/2023,FOK,NY,AEA,EN,Federal Contract Tower,0,6,8,0,14,0,0,52,0,52,0,6,60,0,66,16,0,16,82
04/11/2023,FOK,NY,AEA,EN,Federal Contract Tower,0,4,14,0,18,0,0,44,6,50,0,4,58,6,68,82,34,116,184
04/12/2023,FOK,NY,AEA,EN,Federal Contract Tower,0,5,8,3,16,0,0,8,12,20,0,5,16,15,36,68,24,92,128
04/13/2023,FOK,NY,AEA,EN,Federal Contract Tower,0,7,11,1,19,0,2,63,9,74,0,9,74,10,93,60,32,92,185
04/14/2023,FOK,NY,AEA,EN,Federal Contract Tower,0,6,11,2,19,0,7,64,5,76,0,13,75,7,95,116,4,120,215
04/15/2023,FOK,NY,AEA,EN,Federal Contract Tower,0,6,20,1,27,0,0,0,0,0,0,6,20,1,27,4,0,4,31
04/16/2023,FOK,NY,AEA,EN,Federal Contract Tower,0,15,34,3,52,0,0,0,0,0,0,15,34,3,52,6,0,6,58
04/17/2023,FOK,NY,AEA,EN,Federal Contract Tower,0,1,15,0,16,0,0,6,0,6,0,1,21,0,22,0,0,0,22
04/18/2023,FOK,NY,AEA,EN,Federal Contract Tower,0,4,3,3,10,0,0,15,11,26,0,4,18,14,36,32,56,88,124
04/19/2023,FOK,NY,AEA,EN,Federal Contract Tower,0,2,2,0,4,0,0,25,11,36,0,2,27,11,40,60,26,86,126
04/20/2023,FOK,NY,AEA,EN,Federal Contract Tower,0,7,8,1,16,0,0,36,12,48,0,7,44,13,64,80,50,130,194
04/21/2023,FOK,NY,AEA,EN,Federal Contract Tower,0,6,20,0,26,0,0,48,4,52,0,6,68,4,78,90,6,96,174
04/22/2023,FOK,NY,AEA,EN,Federal Contract Tower,0,11,16,0,27,0,0,4,0,4,0,11,20,0,31,0,0,0,31
04/23/2023,FOK,NY,AEA,EN,Federal Contract Tower,0,11,9,0,20,0,0,38,0,38,0,11,47,0,58,42,0,42,100
04/24/2023,FOK,NY,AEA,EN,Federal Contract Tower,0,3,6,0,9,0,0,53,0,53,0,3,59,0,62,52,0,52,114
04/25/2023,FOK,NY,AEA,EN,Federal Contract Tower,0,4,5,6,15,0,0,39,10,49,0,4,44,16,64,66,80,146,210
04/26/2023,FOK,NY,AEA,EN,Federal Contract Tower,0,3,5,3,11,0,0,14,1,15,0,3,19,4,26,32,40,72,98
04/28/2023,FOK,NY,AEA,EN,Federal Contract Tower,0,15,8,0,23,0,1,43,13,57,0,16,51,13,80,46,42,88,168
04/29/2023,FOK,NY,AEA,EN,Federal Contract Tower,0,8,15,0,23,0,0,0,0,0,0,8,15,0,23,0,0,0,23
04/30/2023,FOK,NY,AEA,EN,Federal Contract Tower,0,11,6,0,17,0,0,0,0,0,0,11,6,0,17,0,0,0,17
05/01/2023,FOK,NY,AEA,EN,Federal Contract Tower,0,8,9,0,17,0,0,13,0,13,0,8,22,0,30,0,0,0,30
05/02/2023,FOK,NY,AEA,EN,Federal Contract Tower,0,12,9,1,22,0,0,7,13,20,0,12,16,14,42,4,10,14,56
05/03/2023,FOK,NY,AEA,EN,Federal Contract Tower,0,14,6,5,25,0,0,23,16,39,0,14,29,21,64,86,54,140,204
05/04/2023,FOK,NY,AEA,EN,Federal Contract Tower,0,6,12,0,18,0,0,25,11,36,0,6,37,11,54,42,84,126,180
05/05/2023,FOK,NY,AEA,EN,Federal Contract Tower,0,21,14,2,37,0,2,62,8,72,0,23,76,10,109,68,26,94,203
05/06/2023,FOK,NY,AEA,EN,Federal Contract Tower,0,17,8,0,25,0,0,75,18,93,0,17,83,18,118,50,86,136,254
05/07/2023,FOK,NY,AEA,EN,Federal Contract Tower,0,8,14,0,22,0,3,84,7,94,0,11,98,7,116,114,4,118,234
05/08/2023,FOK,NY,AEA,EN,Federal Contract Tower,0,5,11,1,17,0,1,29,1,31,0,6,40,2,48,28,0,28,76
05/09/2023,FOK,NY,AEA,EN,Federal Contract Tower,0,7,7,0,14,0,0,34,12,46,0,7,41,12,60,122,82,204,264
05/10/2023,FOK,NY,AEA,EN,Federal Contract Tower,0,17,16,8,41,0,6,42,46,94,0,23,58,54,135,26,24,50,185
05/11/2023,FOK,NY,AEA,EN,Federal Contract Tower,0,5,10,6,21,0,0,69,22,91,0,5,79,28,112,88,54,142,254
05/12/2023,FOK,NY,AEA,EN,Federal Contract Tower,0,23,23,5,51,0,0,61,1,62,0,23,84,6,113,56,36,92,205
05/13/2023,FOK,NY,AEA,EN,Federal Contract Tower,0,10,13,0,23,0,0,66,0,66,0,10,79,0,89,48,0,48,137
05/14/2023,FOK,NY,AEA,EN,Federal Contract Tower,0,22,23,0,45,0,0,86,0,86,0,22,109,0,131,48,0,48,179
05/15/2023,FOK,NY,AEA,EN,Federal Contract Tower,0,24,10,1,35,0,0,33,0,33,0,24,43,1,68,52,0,52,120
05/16/2023,FOK,NY,AEA,EN,Federal Contract Tower,0,10,1,3,14,0,2,28,10,40,0,12,29,13,54,86,44,130,184
05/17/2023,FOK,NY,AEA,EN,Federal Contract Tower,0,21,11,2,34,0,2,36,10,48,0,23,47,12,82,12,26,38,120
05/18/2023,FOK,NY,AEA,EN,Federal Contract Tower,0,12,10,0,22,0,0,76,8,84,0,12,86,8,106,66,46,112,218
05/19/2023,FOK,NY,AEA,EN,Federal Contract Tower,0,18,14,1,33,0,0,67,2,69,0,18,81,3,102,54,0,54,156
05/20/2023,FOK,NY,AEA,EN,Federal Contract Tower,0,27,18,0,45,0,0,0,0,0,0,27,18,0,45,0,0,0,45
05/21/2023,FOK,NY,AEA,EN,Federal Contract Tower,0,30,21,1,52,0,0,94,0,94,0,30,115,1,146,58,0,58,204
05/22/2023,FOK,NY,AEA,EN,Federal Contract Tower,0,32,22,0,54,0,0,52,0,52,0,32,74,0,106,0,72,72,178
05/23/2023,FOK,NY,AEA,EN,Federal Contract Tower,0,18,17,0,35,0,2,26,19,47,0,20,43,19,82,26,56,82,164
05/24/2023,FOK,NY,AEA,EN,Federal Contract Tower,0,27,26,0,53,0,3,78,5,86,0,30,104,5,139,96,18,114,253
05/25/2023,FOK,NY,AEA,EN,Federal Contract Tower,5,34,46,0,85,0,2,54,19,75,5,36,100,19,160,26,32,58,218
05/26/2023,FOK,NY,AEA,EN,Federal Contract Tower,0,38,39,0,77,0,8,50,0,58,0,46,89,0,135,54,0,54,189
05/27/2023,FOK,NY,AEA,EN,Federal Contract Tower,0,24,18,0,42,0,4,77,0,81,0,28,95,0,123,70,0,70,193
05/28/2023,FOK,NY,AEA,EN,Federal Contract Tower,0,34,25,0,59,0,1,44,5,50,0,35,69,5,109,108,0,108,217
05/29/2023,FOK,NY,AEA,EN,Federal Contract Tower,0,47,50,0,97,0,4,62,0,66,0,51,112,0,163,30,0,30,193
05/30/2023,FOK,NY,AEA,EN,Federal Contract Tower,0,26,19,0,45,0,3,67,0,70,0,29,86,0,115,72,0,72,187
05/31/2023,FOK,NY,AEA,EN,Federal Contract Tower,0,14,15,0,29,0,1,29,12,42,0,15,44,12,71,44,34,78,149
06/01/2023,FOK,NY,AEA,EN,Federal Contract Tower,0,21,24,0,45,0,0,50,17,67,0,21,74,17,112,34,36,70,182
06/02/2023,FOK,NY,AEA,EN,Federal Contract Tower,0,30,48,0,78,0,0,65,19,84,0,30,113,19,162,32,110,142,304
06/03/2023,FOK,NY,AEA,EN,Federal Contract Tower,0,21,14,6,41,0,0,24,9,33,0,21,38,15,74,46,40,86,160
06/04/2023,FOK,NY,AEA,EN,Federal Contract Tower,0,30,19,0,49,0,4,61,0,65,0,34,80,0,114,68,0,68,182
06/05/2023,FOK,NY,AEA,EN,Federal Contract Tower,0,17,20,0,37,0,0,36,0,36,0,17,56,0,73,16,0,16,89
06/06/2023,FOK,NY,AEA,EN,Federal Contract Tower,0,28,32,0,60,0,6,36,12,54,0,34,68,12,114,28,30,58,172
06/07/2023,FOK,NY,AEA,EN,Federal Contract Tower,0,60,40,2,102,0,0,20,9,29,0,60,60,11,131,18,28,46,177
06/08/2023,FOK,NY,AEA,EN,Federal Contract Tower,0,31,45,3,79,0,5,18,5,28,0,36,63,8,107,30,0,30,137
06/09/2023,FOK,NY,AEA,EN,Federal Contract Tower,0,44,25,0,69,0,4,42,0,46,0,48,67,0,115,12,0,12,127
06/10/2023,FOK,NY,AEA,EN,Federal Contract Tower,0,38,30,0,68,0,2,110,1,113,0,40,140,1,181,84,0,84,265
06/11/2023,FOK,NY,AEA,EN,Federal Contract Tower,0,34,38,0,72,0,9,100,0,109,0,43,138,0,181,82,0,82,263
06/13/2023,FOK,NY,AEA,EN,Federal Contract Tower,0,30,16,2,48,0,1,29,10,40,0,31,45,12,88,28,14,42,130
06/14/2023,FOK,NY,AEA,EN,Federal Contract Tower,0,39,33,2,74,0,1,44,4,49,0,40,77,6,123,16,0,16,139
06/15/2023,FOK,NY,AEA,EN,Federal Contract Tower,0,52,54,3,109,0,1,90,9,100,0,53,144,12,209,54,36,90,299
06/16/2023,FOK,NY,AEA,EN,Federal Contract Tower,0,67,53,0,120,0,0,39,0,39,0,67,92,0,159,0,28,28,187
06/17/2023,FOK,NY,AEA,EN,Federal Contract Tower,0,42,29,0,71,0,0,35,0,35,0,42,64,0,106,8,0,8,114
06/18/2023,FOK,NY,AEA,EN,Federal Contract Tower,0,51,27,1,79,0,5,71,0,76,0,56,98,1,155,64,0,64,219
06/19/2023,FOK,NY,AEA,EN,Federal Contract Tower,0,39,29,1,69,0,3,71,0,74,0,42,100,1,143,46,0,46,189
06/20/2023,FOK,NY,AEA,EN,Federal Contract Tower,0,25,11,3,39,0,2,55,0,57,0,27,66,3,96,30,2,32,128
06/22/2023,FOK,NY,AEA,EN,Federal Contract Tower,0,39,37,2,78,0,0,58,0,58,0,39,95,2,136,76,0,76,212
06/23/2023,FOK,NY,AEA,EN,Federal Contract Tower,0,53,63,4,120,0,0,0,0,0,0,53,63,4,120,0,0,0,120
06/24/2023,FOK,NY,AEA,EN,Federal Contract Tower,0,80,78,0,158,0,0,0,0,0,0,80,78,0,158,0,0,0,158
06/25/2023,FOK,NY,AEA,EN,Federal Contract Tower,0,82,76,2,160,0,2,37,0,39,0,84,113,2,199,10,0,10,209
06/26/2023,FOK,NY,AEA,EN,Federal Contract Tower,0,46,37,2,85,0,0,0,0,0,0,46,37,2,85,0,8,8,93
06/27/2023,FOK,NY,AEA,EN,Federal Contract Tower,0,44,59,5,108,0,0,11,0,11,0,44,70,5,119,8,0,8,127
06/28/2023,FOK,NY,AEA,EN,Federal Contract Tower,0,51,69,2,122,0,2,27,1,30,0,53,96,3,152,6,0,6,158
06/29/2023,FOK,NY,AEA,EN,Federal Contract Tower,0,73,78,0,151,0,0,56,7,63,0,73,134,7,214,124,24,148,362
06/30/2023,FOK,NY,AEA,EN,Federal Contract Tower,0,94,67,0,161,0,1,67,2,70,0,95,134,2,231,16,0,16,247
07/02/2023,FOK,NY,AEA,EN,Federal Contract Tower,0,85,58,0,143,0,0,22,0,22,0,85,80,0,165,0,0,0,165
07/03/2023,FOK,NY,AEA,EN,Federal Contract Tower,0,57,33,0,90,0,3,41,0,44,0,60,74,0,134,38,0,38,172
07/04/2023,FOK,NY,AEA,EN,Federal Contract Tower,0,60,57,0,117,0,2,64,0,66,0,62,121,0,183,0,0,0,183
07/05/2023,FOK,NY,AEA,EN,Federal Contract Tower,0,55,60,1,116,0,0,44,2,46,0,55,104,3,162,63,16,79,241
07/06/2023,FOK,NY,AEA,EN,Federal Contract Tower,0,84,79,3,166,0,4,61,0,65,0,88,140,3,231,28,0,28,259
07/07/2023,FOK,NY,AEA,EN,Federal Contract Tower,0,62,65,0,127,0,2,67,0,69,0,64,132,0,196,36,0,36,232
07/09/2023,FOK,NY,AEA,EN,Federal Contract Tower,0,84,53,0,137,0,1,19,0,20,0,85,72,0,157,0,0,0,157
07/10/2023,FOK,NY,AEA,EN,Federal Contract Tower,0,57,49,0,106,0,1,34,0,35,0,58,83,0,141,62,0,62,203
07/11/2023,FOK,NY,AEA,EN,Federal Contract Tower,0,60,28,1,89,0,8,53,3,64,0,68,81,4,153,54,0,54,207
07/12/2023,FOK,NY,AEA,EN,Federal Contract Tower,0,31,48,0,79,0,2,57,5,64,0,33,105,5,143,16,2,18,161
07/13/2023,FOK,NY,AEA,EN,Federal Contract Tower,0,48,56,0,104,0,7,71,13,91,0,55,127,13,195,46,2,48,243
07/14/2023,FOK,NY,AEA,EN,Federal Contract Tower,0,89,58,0,147,0,12,32,0,44,0,101,90,0,191,0,0,0,191
07/15/2023,FOK,NY,AEA,EN,Federal Contract Tower,0,70,61,2,133,0,1,15,0,16,0,71,76,2,149,0,0,0,149
07/16/2023,FOK,NY,AEA,EN,Federal Contract Tower,0,90,48,0,138,0,0,0,0,0,0,90,48,0,138,0,0,0,138
07/17/2023,FOK,NY,AEA,EN,Federal Contract Tower,0,63,68,0,131,0,1,48,0,49,0,64,116,0,180,42,0,42,222
07/19/2023,FOK,NY,AEA,EN,Federal Contract Tower,0,48,23,0,71,0,4,52,8,64,0,52,75,8,135,12,28,40,175
07/20/2023,FOK,NY,AEA,EN,Federal Contract Tower,0,74,54,0,128,0,3,87,2,92,0,77,141,2,220,54,36,90,310
07/21/2023,FOK,NY,AEA,EN,Federal Contract Tower,0,89,84,2,175,0,4,33,6,43,0,93,117,8,218,4,28,32,250
07/22/2023,FOK,NY,AEA,EN,Federal Contract Tower,0,64,38,0,102,0,3,96,0,99,0,67,134,0,201,76,0,76,277
07/23/2023,FOK,NY,AEA,EN,Federal Contract Tower,0,82,54,0,136,0,2,53,0,55,0,84,107,0,191,46,2,48,239
07/24/2023,FOK,NY,AEA,EN,Federal Contract Tower,0,52,41,1,94,0,0,47,0,47,0,52,88,1,141,28,20,48,189
07/25/2023,FOK,NY,AEA,EN,Federal Contract Tower,0,31,27,0,58,0,14,65,9,88,0,45,92,9,146,24,22,46,192
07/26/2023,FOK,NY,AEA,EN,Federal Contract Tower,0,63,44,0,107,0,5,82,10,97,0,68,126,10,204,34,42,76,280
07/27/2023,FOK,NY,AEA,EN,Federal Contract Tower,0,72,58,0,130,0,5,54,5,64,0,77,112,5,194,16,10,26,220
07/28/2023,FOK,NY,AEA,EN,Federal Contract Tower,0,80,58,0,138,0,7,68,9,84,0,87,126,9,222,22,16,38,260
07/29/2023,FOK,NY,AEA,EN,Federal Contract Tower,0,65,36,0,101,0,2,53,2,57,0,67,89,2,158,14,0,14,172
07/30/2023,FOK,NY,AEA,EN,Federal Contract Tower,0,81,62,0,143,0,6,92,0,98,0,87,154,0,241,20,0,20,261
07/31/2023,FOK,NY,AEA,EN,Federal Contract Tower,0,63,44,0,107,0,5,69,0,74,0,68,113,0,181,20,0,20,201
08/01/2023,FOK,NY,AEA,EN,Federal Contract Tower,0,49,41,0,90,0,5,81,4,90,0,54,122,4,180,46,20,66,246
08/02/2023,FOK,NY,AEA,EN,Federal Contract Tower,0,36,48,0,84,0,1,94,5,100,0,37,142,5,184,60,37,97,281
08/03/2023,FOK,NY,AEA,EN,Federal Contract Tower,0,81,61,2,144,0,13,75,2,90,0,94,136,4,234,42,20,62,296
08/04/2023,FOK,NY,AEA,EN,Federal Contract Tower,0,94,62,1,157,0,3,68,3,74,0,97,130,4,231,14,12,26,257
08/05/2023,FOK,NY,AEA,EN,Federal Contract Tower,0,53,50,0,103,0,2,93,22,117,0,55,143,22,220,20,4,24,244
08/06/2023,FOK,NY,AEA,EN,Federal Contract Tower,0,85,61,0,146,0,14,120,16,150,0,99,181,16,296,16,4,20,316
08/07/2023,FOK,NY,AEA,EN,Federal Contract Tower,0,83,61,0,144,0,5,11,0,16,0,88,72,0,160,0,0,0,160
08/08/2023,FOK,NY,AEA,EN,Federal Contract Tower,0,46,58,5,109,0,0,37,12,49,0,46,95,17,158,46,42,88,246
08/09/2023,FOK,NY,AEA,EN,Federal Contract Tower,0,44,30,0,74,0,9,50,0,59,0,53,80,0,133,50,0,50,183
08/10/2023,FOK,NY,AEA,EN,Federal Contract Tower,0,96,51,0,147,0,5,57,0,62,0,101,108,0,209,34,0,34,243
08/11/2023,FOK,NY,AEA,EN,Federal Contract Tower,0,86,44,0,130,0,7,88,1,96,0,93,132,1,226,50,0,50,276
08/12/2023,FOK,NY,AEA,EN,Federal Contract Tower,0,76,47,0,123,0,2,62,0,64,0,78,109,0,187,80,0,80,267
08/13/2023,FOK,NY,AEA,EN,Federal Contract Tower,0,110,95,0,205,0,1,52,0,53,0,111,147,0,258,6,0,6,264
08/14/2023,FOK,NY,AEA,EN,Federal Contract Tower,0,55,54,0,109,0,4,61,0,65,0,59,115,0,174,26,0,26,200
08/15/2023,FOK,NY,AEA,EN,Federal Contract Tower,0,63,33,0,96,0,0,27,0,27,0,63,60,0,123,0,0,0,123
08/16/2023,FOK,NY,AEA,EN,Federal Contract Tower,0,57,52,4,113,0,0,28,0,28,0,57,80,4,141,26,0,26,167
08/17/2023,FOK,NY,AEA,EN,Federal Contract Tower,0,83,87,0,170,0,0,14,0,14,0,83,101,0,184,2,0,2,186
08/18/2023,FOK,NY,AEA,EN,Federal Contract Tower,0,79,39,2,120,0,4,37,0,41,0,83,76,2,161,6,8,14,175
08/19/2023,FOK,NY,AEA,EN,Federal Contract Tower,0,49,20,2,71,0,0,57,0,57,0,49,77,2,128,24,0,24,152
08/20/2023,FOK,NY,AEA,EN,Federal Contract Tower,0,84,50,2,136,0,9,76,1,86,0,93,126,3,222,24,2,26,248
08/21/2023,FOK,NY,AEA,EN,Federal Contract Tower,0,69,35,0,104,0,6,40,0,46,0,75,75,0,150,52,0,52,202
08/22/2023,FOK,NY,AEA,EN,Federal Contract Tower,0,46,39,6,91,0,6,42,0,48,0,52,81,6,139,32,2,34,173
08/23/2023,FOK,NY,AEA,EN,Federal Contract Tower,3,54,44,3,104,0,6,75,0,81,3,60,119,3,185,10,12,22,207
08/24/2023,FOK,NY,AEA,EN,Federal Contract Tower,0,86,44,0,130,0,5,51,5,61,0,91,95,5,191,16,14,30,221
08/25/2023,FOK,NY,AEA,EN,Federal Contract Tower,0,92,48,0,140,0,0,6,0,6,0,92,54,0,146,0,0,0,146
08/26/2023,FOK,NY,AEA,EN,Federal Contract Tower,0,70,34,0,104,0,3,43,0,46,0,73,77,0,150,34,0,34,184
08/27/2023,FOK,NY,AEA,EN,Federal Contract Tower,0,75,46,4,125,0,1,89,0,90,0,76,135,4,215,44,0,44,259
08/28/2023,FOK,NY,AEA,EN,Federal Contract Tower,0,62,44,1,107,0,4,18,2,24,0,66,62,3,131,10,22,32,163
08/29/2023,FOK,NY,AEA,EN,Federal Contract Tower,0,69,66,1,136,0,0,15,0,15,0,69,81,1,151,0,0,0,151
08/30/2023,FOK,NY,AEA,EN,Federal Contract Tower,0,68,60,4,132,0,1,41,0,42,0,69,101,4,174,2,16,18,192
08/31/2023,FOK,NY,AEA,EN,Federal Contract Tower,0,63,56,0,119,0,7,44,0,51,0,70,100,0,170,46,0,46,216
01/01/2020,FOK,NY,AEA,EN,Federal Contract Tower,0,6,6,0,12,0,0,20,0,20,0,6,26,0,32,0,0,0,32
01/02/2020,FOK,NY,AEA,EN,Federal Contract Tower,0,3,6,0,9,0,0,51,12,63,0,3,57,12,72,30,46,76,148
01/03/2020,FOK,NY,AEA,EN,Federal Contract Tower,0,4,11,0,15,0,0,0,0,0,0,4,11,0,15,0,0,0,15
01/04/2020,FOK,NY,AEA,EN,Federal Contract Tower,0,5,7,0,12,0,0,0,0,0,0,5,7,0,12,0,0,0,12
01/05/2020,FOK,NY,AEA,EN,Federal Contract Tower,0,6,5,0,11,0,0,33,0,33,0,6,38,0,44,36,0,36,80
01/06/2020,FOK,NY,AEA,EN,Federal Contract Tower,0,2,10,0,12,0,0,60,7,67,0,2,70,7,79,78,26,104,183
01/07/2020,FOK,NY,AEA,EN,Federal Contract Tower,0,0,5,10,15,0,0,36,12,48,0,0,41,22,63,32,44,76,139
01/08/2020,FOK,NY,AEA,EN,Federal Contract Tower,0,1,4,3,8,0,0,23,10,33,0,1,27,13,41,0,18,18,59
01/09/2020,FOK,NY,AEA,EN,Federal Contract Tower,0,1,11,0,12,0,0,41,6,47,0,1,52,6,59,24,24,48,107
01/10/2020,FOK,NY,AEA,EN,Federal Contract Tower,0,2,1,0,3,0,1,38,0,39,0,3,39,0,42,12,0,12,54
01/11/2020,FOK,NY,AEA,EN,Federal Contract Tower,0,1,13,6,20,0,1,20,6,27,0,2,33,12,47,28,84,112,159
01/12/2020,FOK,NY,AEA,EN,Federal Contract Tower,0,2,4,2,8,0,0,14,2,16,0,2,18,4,24,10,6,16,40
01/13/2020,FOK,NY,AEA,EN,Federal Contract Tower,0,2,7,2,11,0,0,27,0,27,0,2,34,2,38,66,0,66,104
01/14/2020,FOK,NY,AEA,EN,Federal Contract Tower,0,2,5,4,11,0,0,20,0,20,0,2,25,4,31,50,0,50,81
01/15/2020,FOK,NY,AEA,EN,Federal Contract Tower,0,0,22,0,22,0,0,53,3,56,0,0,75,3,78,90,64,154,232
01/16/2020,FOK,NY,AEA,EN,Federal Contract Tower,0,2,12,5,19,0,0,6,2,8,0,2,18,7,27,0,22,22,49
01/17/2020,FOK,NY,AEA,EN,Federal Contract Tower,0,1,6,1,8,0,0,27,2,29,0,1,33,3,37,0,62,62,99
01/18/2020,FOK,NY,AEA,EN,Federal Contract Tower,0,3,11,0,14,0,0,16,0,16,0,3,27,0,30,20,0,20,50
01/19/2020,FOK,NY,AEA,EN,Federal Contract Tower,0,9,12,0,21,0,0,47,0,47,0,9,59,0,68,42,0,42,110
01/20/2020,FOK,NY,AEA,EN,Federal Contract Tower,0,6,14,0,20,0,0,33,0,33,0,6,47,0,53,70,0,70,123
01/21/2020,FOK,NY,AEA,EN,Federal Contract Tower,0,0,6,0,6,0,0,52,18,70,0,0,58,18,76,80,52,132,208
01/22/2020,FOK,NY,AEA,EN,Federal Contract Tower,0,2,10,0,12,0,0,39,2,41,0,2,49,2,53,54,11,65,118
01/23/2020,FOK,NY,AEA,EN,Federal Contract Tower,0,0,15,0,15,0,0,55,7,62,0,0,70,7,77,86,14,100,177
01/24/2020,FOK,NY,AEA,EN,Federal Contract Tower,0,2,22,2,26,0,0,69,4,73,0,2,91,6,99,86,26,112,211
01/25/2020,FOK,NY,AEA,EN,Federal Contract Tower,0,0,0,0,0,0,0,0,0,0,0,0,0,0,0,0,0,0,0
01/26/2020,FOK,NY,AEA,EN,Federal Contract Tower,0,0,22,0,22,0,0,54,0,54,0,0,76,0,76,104,0,104,180
01/27/2020,FOK,NY,AEA,EN,Federal Contract Tower,0,6,9,2,17,0,0,49,0,49,0,6,58,2,66,48,0,48,114
01/28/2020,FOK,NY,AEA,EN,Federal Contract Tower,0,0,10,4,14,0,0,44,7,51,0,0,54,11,65,34,52,86,151
01/29/2020,FOK,NY,AEA,EN,Federal Contract Tower,0,3,10,0,13,0,0,20,4,24,0,3,30,4,37,22,44,66,103
01/30/2020,FOK,NY,AEA,EN,Federal Contract Tower,0,2,4,0,6,0,1,32,9,42,0,3,36,9,48,26,44,70,118
01/31/2020,FOK,NY,AEA,EN,Federal Contract Tower,0,4,10,0,14,0,0,74,2,76,0,4,84,2,90,72,4,76,166
02/01/2020,FOK,NY,AEA,EN,Federal Contract Tower,0,6,7,7,20,0,0,0,0,0,0,6,7,7,20,0,2,2,22
02/02/2020,FOK,NY,AEA,EN,Federal Contract Tower,0,7,18,0,25,0,0,51,2,53,0,7,69,2,78,78,0,78,156
02/03/2020,FOK,NY,AEA,EN,Federal Contract Tower,0,5,11,0,16,0,0,49,0,49,0,5,60,0,65,96,18,114,179
02/04/2020,FOK,NY,AEA,EN,Federal Contract Tower,0,2,3,3,8,0,0,34,7,41,0,2,37,10,49,20,18,38,87
02/05/2020,FOK,NY,AEA,EN,Federal Contract Tower,0,0,9,0,9,0,0,23,4,27,0,0,32,4,36,16,42,58,94
02/06/2020,FOK,NY,AEA,EN,Federal Contract Tower,0,3,6,0,9,0,0,0,0,0,0,3,6,0,9,0,0,0,9
02/07/2020,FOK,NY,AEA,EN,Federal Contract Tower,0,4,3,0,7,0,0,0,0,0,0,4,3,0,7,0,0,0,7
02/08/2020,FOK,NY,AEA,EN,Federal Contract Tower,0,3,6,1,10,0,0,45,1,46,0,3,51,2,56,60,32,92,148
02/09/2020,FOK,NY,AEA,EN,Federal Contract Tower,0,2,22,0,24,0,0,64,0,64,0,2,86,0,88,92,14,106,194
02/10/2020,FOK,NY,AEA,EN,Federal Contract Tower,0,2,2,0,4,0,0,0,0,0,0,2,2,0,4,0,0,0,4
02/11/2020,FOK,NY,AEA,EN,Federal Contract Tower,0,3,1,8,12,0,0,0,4,4,0,3,1,12,16,0,0,0,16
02/12/2020,FOK,NY,AEA,EN,Federal Contract Tower,0,0,14,4,18,0,0,63,12,75,0,0,77,16,93,55,74,129,222
02/13/2020,FOK,NY,AEA,EN,Federal Contract Tower,0,4,3,4,11,0,0,0,0,0,0,4,3,4,11,0,6,6,17
02/14/2020,FOK,NY,AEA,EN,Federal Contract Tower,0,0,6,0,6,0,0,37,2,39,0,0,43,2,45,72,0,72,117
02/15/2020,FOK,NY,AEA,EN,Federal Contract Tower,0,5,8,0,13,0,0,71,0,71,0,5,79,0,84,68,0,68,152
02/17/2020,FOK,NY,AEA,EN,Federal Contract Tower,0,2,14,0,16,0,0,0,63,63,0,2,14,63,79,116,0,116,195
02/18/2020,FOK,NY,AEA,EN,Federal Contract Tower,0,1,9,1,11,0,0,8,0,8,0,1,17,1,19,12,0,12,31
02/19/2020,FOK,NY,AEA,EN,Federal Contract Tower,0,1,10,1,12,0,0,29,2,31,0,1,39,3,43,64,28,92,135
02/20/2020,FOK,NY,AEA,EN,Federal Contract Tower,0,2,2,1,5,0,0,27,11,38,0,2,29,12,43,70,96,166,209
02/21/2020,FOK,NY,AEA,EN,Federal Contract Tower,0,7,20,0,27,0,0,56,0,56,0,7,76,0,83,60,0,60,143
02/22/2020,FOK,NY,AEA,EN,Federal Contract Tower,0,3,34,0,37,0,0,81,0,81,0,3,115,0,118,144,0,144,262
02/23/2020,FOK,NY,AEA,EN,Federal Contract Tower,0,4,8,0,12,0,0,72,0,72,0,4,80,0,84,104,0,104,188
02/24/2020,FOK,NY,AEA,EN,Federal Contract Tower,0,2,12,0,14,0,0,39,0,39,0,2,51,0,53,58,0,58,111
02/25/2020,FOK,NY,AEA,EN,Federal Contract Tower,0,0,2,8,10,0,0,11,8,19,0,0,13,16,29,28,94,122,151
02/26/2020,FOK,NY,AEA,EN,Federal Contract Tower,0,0,4,15,19,0,0,12,18,30,0,0,16,33,49,0,68,68,117
02/27/2020,FOK,NY,AEA,EN,Federal Contract Tower,0,2,2,4,8,0,0,6,2,8,0,2,8,6,16,0,10,10,26
02/28/2020,FOK,NY,AEA,EN,Federal Contract Tower,0,8,14,0,22,0,0,21,0,21,0,8,35,0,43,6,0,6,49
02/29/2020,FOK,NY,AEA,EN,Federal Contract Tower,0,1,17,0,18,0,0,40,0,40,0,1,57,0,58,66,0,66,124
03/01/2020,FOK,NY,AEA,EN,Federal Contract Tower,0,0,17,0,17,0,0,63,0,63,0,0,80,0,80,98,0,98,178
03/02/2020,FOK,NY,AEA,EN,Federal Contract Tower,0,4,5,3,12,0,0,34,2,36,0,4,39,5,48,20,12,32,80
03/03/2020,FOK,NY,AEA,EN,Federal Contract Tower,0,0,11,4,15,0,0,37,12,49,0,0,48,16,64,64,94,158,222
03/04/2020,FOK,NY,AEA,EN,Federal Contract Tower,0,0,5,0,5,0,0,19,11,30,0,0,24,11,35,0,42,42,77
03/05/2020,FOK,NY,AEA,EN,Federal Contract Tower,0,2,13,4,19,0,0,60,12,72,0,2,73,16,91,80,66,146,237
03/06/2020,FOK,NY,AEA,EN,Federal Contract Tower,0,7,9,2,18,0,0,44,2,46,0,7,53,4,64,12,4,16,80
03/07/2020,FOK,NY,AEA,EN,Federal Contract Tower,0,3,12,8,23,0,0,20,15,35,0,3,32,23,58,0,88,88,146
03/08/2020,FOK,NY,AEA,EN,Federal Contract Tower,0,5,19,0,24,0,0,88,0,88,0,5,107,0,112,108,0,108,220
03/09/2020,FOK,NY,AEA,EN,Federal Contract Tower,0,6,10,1,17,0,0,43,0,43,0,6,53,1,60,56,0,56,116
03/10/2020,FOK,NY,AEA,EN,Federal Contract Tower,0,6,4,0,10,0,1,21,15,37,0,7,25,15,47,8,76,84,131
03/11/2020,FOK,NY,AEA,EN,Federal Contract Tower,0,0,26,0,26,0,0,63,13,76,0,0,89,13,102,34,80,114,216
03/12/2020,FOK,NY,AEA,EN,Federal Contract Tower,0,6,10,9,25,0,0,46,22,68,0,6,56,31,93,0,96,96,189
03/13/2020,FOK,NY,AEA,EN,Federal Contract Tower,0,12,13,7,32,0,0,3,0,3,0,12,16,7,35,0,0,0,35
03/14/2020,FOK,NY,AEA,EN,Federal Contract Tower,0,5,12,0,17,0,0,76,0,76,0,5,88,0,93,88,0,88,181
03/15/2020,FOK,NY,AEA,EN,Federal Contract Tower,0,15,11,0,26,0,0,60,0,60,0,15,71,0,86,98,0,98,184
03/16/2020,FOK,NY,AEA,EN,Federal Contract Tower,0,30,25,0,55,0,0,53,0,53,0,30,78,0,108,58,0,58,166
03/17/2020,FOK,NY,AEA,EN,Federal Contract Tower,0,21,14,13,48,0,0,20,14,34,0,21,34,27,82,0,52,52,134
03/18/2020,FOK,NY,AEA,EN,Federal Contract Tower,0,18,25,0,43,0,0,51,15,66,0,18,76,15,109,38,42,80,189
03/19/2020,FOK,NY,AEA,EN,Federal Contract Tower,0,9,2,6,17,0,0,1,16,17,0,9,3,22,34,0,28,28,62
03/20/2020,FOK,NY,AEA,EN,Federal Contract Tower,0,12,10,0,22,0,0,0,0,0,0,12,10,0,22,0,0,0,22
03/21/2020,FOK,NY,AEA,EN,Federal Contract Tower,0,5,22,0,27,0,0,48,0,48,0,5,70,0,75,62,0,62,137
03/22/2020,FOK,NY,AEA,EN,Federal Contract Tower,0,5,9,0,14,0,0,54,0,54,0,5,63,0,68,94,0,94,162
03/23/2020,FOK,NY,AEA,EN,Federal Contract Tower,0,3,10,0,13,0,0,2,0,2,0,3,12,0,15,0,0,0,15
03/24/2020,FOK,NY,AEA,EN,Federal Contract Tower,0,5,2,0,7,0,0,36,0,36,0,5,38,0,43,42,0,42,85
03/25/2020,FOK,NY,AEA,EN,Federal Contract Tower,0,5,3,0,8,0,0,7,2,9,0,5,10,2,17,0,12,12,29
03/26/2020,FOK,NY,AEA,EN,Federal Contract Tower,0,3,9,0,12,0,0,42,0,42,0,3,51,0,54,22,0,22,76
03/27/2020,FOK,NY,AEA,EN,Federal Contract Tower,0,9,1,0,10,0,0,17,0,17,0,9,18,0,27,12,0,12,39
03/28/2020,FOK,NY,AEA,EN,Federal Contract Tower,0,2,7,0,9,0,0,16,0,16,0,2,23,0,25,20,0,20,45
03/29/2020,FOK,NY,AEA,EN,Federal Contract Tower,0,6,0,0,6,0,0,0,0,0,0,6,0,0,6,0,0,0,6
03/30/2020,FOK,NY,AEA,EN,Federal Contract Tower,0,7,2,3,12,0,0,14,1,15,0,7,16,4,27,0,0,0,27
03/31/2020,FOK,NY,AEA,EN,Federal Contract Tower,0,3,2,0,5,0,0,31,0,31,0,3,33,0,36,0,0,0,36
04/01/2020,FOK,NY,AEA,EN,Federal Contract Tower,0,1,1,0,2,0,2,26,0,28,0,3,27,0,30,18,0,18,48
04/02/2020,FOK,NY,AEA,EN,Federal Contract Tower,0,4,4,0,8,0,0,2,0,2,0,4,6,0,10,0,0,0,10
04/03/2020,FOK,NY,AEA,EN,Federal Contract Tower,0,3,3,0,6,0,0,0,0,0,0,3,3,0,6,0,0,0,6
04/04/2020,FOK,NY,AEA,EN,Federal Contract Tower,0,3,1,0,4,0,0,23,0,23,0,3,24,0,27,0,0,0,27
04/05/2020,FOK,NY,AEA,EN,Federal Contract Tower,0,1,5,0,6,0,0,7,0,7,0,1,12,0,13,2,0,2,15
04/06/2020,FOK,NY,AEA,EN,Federal Contract Tower,0,1,12,0,13,0,0,28,0,28,0,1,40,0,41,4,0,4,45
04/07/2020,FOK,NY,AEA,EN,Federal Contract Tower,0,4,4,4,12,0,0,29,0,29,0,4,33,4,41,20,0,20,61
04/08/2020,FOK,NY,AEA,EN,Federal Contract Tower,0,4,1,2,7,0,0,1,5,6,0,4,2,7,13,0,46,46,59
04/09/2020,FOK,NY,AEA,EN,Federal Contract Tower,0,0,0,0,0,0,0,6,0,6,0,0,6,0,6,0,10,10,16
04/10/2020,FOK,NY,AEA,EN,Federal Contract Tower,0,2,2,0,4,0,0,13,0,13,0,2,15,0,17,0,0,0,17
04/11/2020,FOK,NY,AEA,EN,Federal Contract Tower,0,0,4,0,4,0,0,35,0,35,0,0,39,0,39,6,0,6,45
04/12/2020,FOK,NY,AEA,EN,Federal Contract Tower,0,1,6,0,7,0,0,37,0,37,0,1,43,0,44,44,0,44,88
04/13/2020,FOK,NY,AEA,EN,Federal Contract Tower,0,2,2,0,4,0,0,0,0,0,0,2,2,0,4,0,0,0,4
04/14/2020,FOK,NY,AEA,EN,Federal Contract Tower,0,0,2,0,2,0,1,28,4,33,0,1,30,4,35,56,46,102,137
04/15/2020,FOK,NY,AEA,EN,Federal Contract Tower,0,1,2,0,3,0,0,15,4,19,0,1,17,4,22,0,0,0,22
04/16/2020,FOK,NY,AEA,EN,Federal Contract Tower,0,2,16,0,18,0,0,17,10,27,0,2,33,10,45,4,80,84,129
04/17/2020,FOK,NY,AEA,EN,Federal Contract Tower,0,3,1,0,4,0,0,3,0,3,0,3,4,0,7,0,0,0,7
04/18/2020,FOK,NY,AEA,EN,Federal Contract Tower,0,7,2,0,9,0,0,0,0,0,0,7,2,0,9,0,0,0,9
04/19/2020,FOK,NY,AEA,EN,Federal Contract Tower,0,9,9,0,18,0,0,46,0,46,0,9,55,0,64,62,0,62,126
04/20/2020,FOK,NY,AEA,EN,Federal Contract Tower,0,0,8,0,8,0,0,30,0,30,0,0,38,0,38,18,0,18,56
04/21/2020,FOK,NY,AEA,EN,Federal Contract Tower,0,3,6,2,11,0,0,10,23,33,0,3,16,25,44,10,32,42,86
04/22/2020,FOK,NY,AEA,EN,Federal Contract Tower,0,6,4,2,12,0,2,24,8,34,0,8,28,10,46,12,42,54,100
04/23/2020,FOK,NY,AEA,EN,Federal Contract Tower,0,5,14,2,21,0,0,46,6,52,0,5,60,8,73,80,76,156,229
04/24/2020,FOK,NY,AEA,EN,Federal Contract Tower,0,2,5,0,7,0,0,0,0,0,0,2,5,0,7,0,0,0,7
04/25/2020,FOK,NY,AEA,EN,Federal Contract Tower,0,4,9,0,13,0,0,93,2,95,0,4,102,2,108,64,0,64,172
04/26/2020,FOK,NY,AEA,EN,Federal Contract Tower,0,4,10,0,14,0,0,2,0,2,0,4,12,0,16,0,0,0,16
04/27/2020,FOK,NY,AEA,EN,Federal Contract Tower,0,9,0,0,9,0,0,2,0,2,0,9,2,0,11,0,0,0,11
04/28/2020,FOK,NY,AEA,EN,Federal Contract Tower,0,3,0,0,3,0,0,48,4,52,0,3,48,4,55,26,90,116,171
04/29/2020,FOK,NY,AEA,EN,Federal Contract Tower,0,8,6,0,14,0,1,18,2,21,0,9,24,2,35,8,28,36,71
04/30/2020,FOK,NY,AEA,EN,Federal Contract Tower,0,5,2,0,7,0,0,0,8,8,0,5,2,8,15,0,46,46,61
05/01/2020,FOK,NY,AEA,EN,Federal Contract Tower,0,8,6,0,14,0,0,14,0,14,0,8,20,0,28,0,0,0,28
05/03/2020,FOK,NY,AEA,EN,Federal Contract Tower,0,12,15,0,27,0,0,40,0,40,0,12,55,0,67,62,0,62,129
05/04/2020,FOK,NY,AEA,EN,Federal Contract Tower,0,5,3,0,8,0,12,51,0,63,0,17,54,0,71,34,0,34,105
05/05/2020,FOK,NY,AEA,EN,Federal Contract Tower,0,4,9,2,15,0,0,68,28,96,0,4,77,30,111,44,38,82,193
05/06/2020,FOK,NY,AEA,EN,Federal Contract Tower,0,10,12,1,23,0,0,14,23,37,0,10,26,24,60,18,48,66,126
05/07/2020,FOK,NY,AEA,EN,Federal Contract Tower,0,4,6,5,15,0,0,35,10,45,0,4,41,15,60,38,64,102,162
05/08/2020,FOK,NY,AEA,EN,Federal Contract Tower,0,7,4,0,11,0,0,30,0,30,0,7,34,0,41,0,0,0,41
05/09/2020,FOK,NY,AEA,EN,Federal Contract Tower,0,24,13,0,37,0,0,12,0,12,0,24,25,0,49,0,0,0,49
05/10/2020,FOK,NY,AEA,EN,Federal Contract Tower,0,11,9,6,26,0,0,33,0,33,0,11,42,6,59,0,14,14,73
05/11/2020,FOK,NY,AEA,EN,Federal Contract Tower,0,14,15,0,29,0,0,35,2,37,0,14,50,2,66,14,0,14,80
05/12/2020,FOK,NY,AEA,EN,Federal Contract Tower,0,11,13,5,29,0,0,38,7,45,0,11,51,12,74,36,14,50,124
05/13/2020,FOK,NY,AEA,EN,Federal Contract Tower,0,6,16,0,22,0,4,43,6,53,0,10,59,6,75,26,106,132,207
05/14/2020,FOK,NY,AEA,EN,Federal Contract Tower,0,14,15,0,29,0,0,58,13,71,0,14,73,13,100,46,36,82,182
05/15/2020,FOK,NY,AEA,EN,Federal Contract Tower,0,27,17,0,44,0,0,44,6,50,0,27,61,6,94,16,2,18,112
05/16/2020,FOK,NY,AEA,EN,Federal Contract Tower,0,13,16,0,29,0,0,83,0,83,0,13,99,0,112,86,0,86,198
05/17/2020,FOK,NY,AEA,EN,Federal Contract Tower,0,17,21,0,38,0,0,81,0,81,0,17,102,0,119,66,0,66,185
05/18/2020,FOK,NY,AEA,EN,Federal Contract Tower,0,21,11,0,32,0,0,70,8,78,0,21,81,8,110,64,54,118,228
05/19/2020,FOK,NY,AEA,EN,Federal Contract Tower,0,18,15,0,33,0,0,16,16,32,0,18,31,16,65,0,50,50,115
05/20/2020,FOK,NY,AEA,EN,Federal Contract Tower,0,27,16,5,48,0,0,43,14,57,0,27,59,19,105,14,102,116,221
05/21/2020,FOK,NY,AEA,EN,Federal Contract Tower,0,18,22,0,40,0,0,94,18,112,0,18,116,18,152,72,68,140,292
05/22/2020,FOK,NY,AEA,EN,Federal Contract Tower,0,18,18,0,36,0,2,58,0,60,0,20,76,0,96,54,0,54,150
05/23/2020,FOK,NY,AEA,EN,Federal Contract Tower,0,30,15,0,45,0,0,2,0,2,0,30,17,0,47,0,0,0,47
05/24/2020,FOK,NY,AEA,EN,Federal Contract Tower,0,21,17,0,38,0,0,46,0,46,0,21,63,0,84,14,0,14,98
05/25/2020,FOK,NY,AEA,EN,Federal Contract Tower,0,16,29,0,45,0,0,32,0,32,0,16,61,0,77,26,0,26,103
05/26/2020,FOK,NY,AEA,EN,Federal Contract Tower,0,13,16,0,29,0,0,48,4,52,0,13,64,4,81,80,56,136,217
05/27/2020,FOK,NY,AEA,EN,Federal Contract Tower,0,23,31,12,66,0,0,21,6,27,0,23,52,18,93,30,62,92,185
05/28/2020,FOK,NY,AEA,EN,Federal Contract Tower,0,21,21,9,51,0,0,6,8,14,0,21,27,17,65,22,42,64,129
05/29/2020,FOK,NY,AEA,EN,Federal Contract Tower,0,36,25,0,61,0,0,0,0,0,0,36,25,0,61,0,0,0,61
05/30/2020,FOK,NY,AEA,EN,Federal Contract Tower,0,12,42,1,55,0,0,38,0,38,0,12,80,1,93,22,0,22,115
05/31/2020,FOK,NY,AEA,EN,Federal Contract Tower,0,16,26,0,42,0,2,77,0,79,0,18,103,0,121,82,0,82,203
06/01/2020,FOK,NY,AEA,EN,Federal Contract Tower,0,26,34,0,60,0,0,36,0,36,0,26,70,0,96,86,0,86,182
06/02/2020,FOK,NY,AEA,EN,Federal Contract Tower,0,21,33,2,56,0,0,67,22,89,0,21,100,24,145,78,12,90,235
06/03/2020,FOK,NY,AEA,EN,Federal Contract Tower,0,27,17,9,53,0,0,18,12,30,0,27,35,21,83,26,56,82,165
06/04/2020,FOK,NY,AEA,EN,Federal Contract Tower,0,18,28,3,49,0,0,70,11,81,0,18,98,14,130,48,54,102,232
06/05/2020,FOK,NY,AEA,EN,Federal Contract Tower,0,13,33,4,50,0,0,38,10,48,0,13,71,14,98,42,26,68,166
06/06/2020,FOK,NY,AEA,EN,Federal Contract Tower,0,17,35,6,58,0,0,38,70,108,0,17,73,76,166,30,70,100,266
06/07/2020,FOK,NY,AEA,EN,Federal Contract Tower,0,25,23,0,48,0,0,86,0,86,0,25,109,0,134,78,0,78,212
06/08/2020,FOK,NY,AEA,EN,Federal Contract Tower,0,14,24,0,38,0,0,36,0,36,0,14,60,0,74,38,0,38,112
06/09/2020,FOK,NY,AEA,EN,Federal Contract Tower,0,21,17,0,38,0,0,66,18,84,0,21,83,18,122,62,112,174,296
06/10/2020,FOK,NY,AEA,EN,Federal Contract Tower,0,20,18,49,87,0,0,41,0,41,0,20,59,49,128,14,6,20,148
06/11/2020,FOK,NY,AEA,EN,Federal Contract Tower,0,34,35,2,71,0,0,15,1,16,0,34,50,3,87,0,0,0,87
06/12/2020,FOK,NY,AEA,EN,Federal Contract Tower,0,28,27,2,57,0,0,78,6,84,0,28,105,8,141,58,42,100,241
06/13/2020,FOK,NY,AEA,EN,Federal Contract Tower,0,21,21,0,42,0,2,90,0,92,0,23,111,0,134,102,0,102,236
06/14/2020,FOK,NY,AEA,EN,Federal Contract Tower,0,47,55,0,102,0,0,121,0,121,0,47,176,0,223,116,0,116,339
06/15/2020,FOK,NY,AEA,EN,Federal Contract Tower,0,22,63,0,85,0,3,88,17,108,0,25,151,17,193,40,96,136,329
06/16/2020,FOK,NY,AEA,EN,Federal Contract Tower,0,24,28,0,52,0,0,75,22,97,0,24,103,22,149,64,24,88,237
06/17/2020,FOK,NY,AEA,EN,Federal Contract Tower,0,26,32,4,62,0,0,45,12,57,0,26,77,16,119,26,80,106,225
06/18/2020,FOK,NY,AEA,EN,Federal Contract Tower,0,40,54,9,103,0,0,37,5,42,0,40,91,14,145,14,54,68,213
06/19/2020,FOK,NY,AEA,EN,Federal Contract Tower,0,45,55,0,100,0,0,59,2,61,0,45,114,2,161,66,0,66,227
06/20/2020,FOK,NY,AEA,EN,Federal Contract Tower,0,36,30,0,66,0,0,73,0,73,0,36,103,0,139,88,0,88,227
06/21/2020,FOK,NY,AEA,EN,Federal Contract Tower,0,49,40,0,89,0,0,92,0,92,0,49,132,0,181,58,0,58,239
06/22/2020,FOK,NY,AEA,EN,Federal Contract Tower,0,39,36,0,75,0,0,86,2,88,0,39,122,2,163,100,18,118,281
06/23/2020,FOK,NY,AEA,EN,Federal Contract Tower,0,31,30,6,67,0,0,51,10,61,0,31,81,16,128,18,66,84,212
06/24/2020,FOK,NY,AEA,EN,Federal Contract Tower,0,32,31,1,64,0,0,56,3,59,0,32,87,4,123,20,42,62,185
06/25/2020,FOK,NY,AEA,EN,Federal Contract Tower,0,26,44,0,70,0,0,76,10,86,0,26,120,10,156,70,52,122,278
06/26/2020,FOK,NY,AEA,EN,Federal Contract Tower,0,39,45,0,84,0,0,94,9,103,0,39,139,9,187,98,14,112,299
06/27/2020,FOK,NY,AEA,EN,Federal Contract Tower,0,36,34,0,70,0,0,47,0,47,0,36,81,0,117,42,0,42,159
06/28/2020,FOK,NY,AEA,EN,Federal Contract Tower,0,46,30,0,76,0,0,62,0,62,0,46,92,0,138,24,0,24,162
06/29/2020,FOK,NY,AEA,EN,Federal Contract Tower,0,32,26,3,61,0,7,58,7,72,0,39,84,10,133,36,48,84,217
06/30/2020,FOK,NY,AEA,EN,Federal Contract Tower,0,31,48,2,81,0,3,18,4,25,0,34,66,6,106,98,14,112,218
07/01/2020,FOK,NY,AEA,EN,Federal Contract Tower,0,50,50,2,102,0,0,74,7,81,0,50,124,9,183,28,108,136,319
07/02/2020,FOK,NY,AEA,EN,Federal Contract Tower,0,59,49,0,108,0,0,90,2,92,0,59,139,2,200,66,52,118,318
07/03/2020,FOK,NY,AEA,EN,Federal Contract Tower,0,36,26,0,62,0,0,59,0,59,0,36,85,0,121,40,0,40,161
07/04/2020,FOK,NY,AEA,EN,Federal Contract Tower,0,16,22,0,38,0,0,61,5,66,0,16,83,5,104,28,0,28,132
07/05/2020,FOK,NY,AEA,EN,Federal Contract Tower,0,38,38,1,77,0,0,91,0,91,0,38,129,1,168,76,0,76,244
07/06/2020,FOK,NY,AEA,EN,Federal Contract Tower,0,38,49,2,89,0,0,50,0,50,0,38,99,2,139,32,0,32,171
07/07/2020,FOK,NY,AEA,EN,Federal Contract Tower,0,28,34,4,66,0,0,0,0,0,0,28,34,4,66,0,0,0,66
07/08/2020,FOK,NY,AEA,EN,Federal Contract Tower,0,37,50,10,97,0,0,34,2,36,0,37,84,12,133,6,58,64,197
07/09/2020,FOK,NY,AEA,EN,Federal Contract Tower,0,25,53,2,80,0,0,42,56,98,0,25,95,58,178,50,42,92,270
07/10/2020,FOK,NY,AEA,EN,Federal Contract Tower,0,35,25,0,60,0,0,0,2,2,0,35,25,2,62,0,0,0,62
07/11/2020,FOK,NY,AEA,EN,Federal Contract Tower,0,35,40,0,75,0,0,0,0,0,0,35,40,0,75,0,0,0,75
07/12/2020,FOK,NY,AEA,EN,Federal Contract Tower,0,37,42,0,79,0,0,81,0,81,0,37,123,0,160,36,0,36,196
07/13/2020,FOK,NY,AEA,EN,Federal Contract Tower,0,31,26,5,62,0,0,54,17,71,0,31,80,22,133,14,32,46,179
07/14/2020,FOK,NY,AEA,EN,Federal Contract Tower,0,37,33,5,75,0,1,86,12,99,0,38,119,17,174,56,48,104,278
07/15/2020,FOK,NY,AEA,EN,Federal Contract Tower,0,45,50,5,100,0,0,77,13,90,0,45,127,18,190,72,50,122,312
07/16/2020,FOK,NY,AEA,EN,Federal Contract Tower,0,30,49,9,88,0,0,94,5,99,0,30,143,14,187,78,48,126,313
07/17/2020,FOK,NY,AEA,EN,Federal Contract Tower,0,49,59,3,111,0,0,36,0,36,0,49,95,3,147,2,0,2,149
07/18/2020,FOK,NY,AEA,EN,Federal Contract Tower,0,33,36,0,69,0,0,103,0,103,0,33,139,0,172,82,0,82,254
07/19/2020,FOK,NY,AEA,EN,Federal Contract Tower,0,45,50,0,95,0,0,82,0,82,0,45,132,0,177,76,0,76,253
07/20/2020,FOK,NY,AEA,EN,Federal Contract Tower,0,39,45,2,86,0,2,56,0,58,0,41,101,2,144,38,0,38,182
07/21/2020,FOK,NY,AEA,EN,Federal Contract Tower,0,40,37,1,78,0,0,95,26,121,0,40,132,27,199,50,44,94,293
07/22/2020,FOK,NY,AEA,EN,Federal Contract Tower,0,33,32,1,66,0,0,78,8,86,0,33,110,9,152,48,0,48,200
07/23/2020,FOK,NY,AEA,EN,Federal Contract Tower,0,37,52,11,100,0,1,54,10,65,0,38,106,21,165,26,38,64,229
07/24/2020,FOK,NY,AEA,EN,Federal Contract Tower,0,41,39,2,82,0,0,63,2,65,0,41,102,4,147,14,100,114,261
07/25/2020,FOK,NY,AEA,EN,Federal Contract Tower,0,41,42,0,83,0,0,96,0,96,0,41,138,0,179,108,0,108,287
07/26/2020,FOK,NY,AEA,EN,Federal Contract Tower,0,40,50,0,90,0,1,87,0,88,0,41,137,0,178,84,0,84,262
07/27/2020,FOK,NY,AEA,EN,Federal Contract Tower,0,26,54,1,81,0,0,82,0,82,0,26,136,1,163,62,0,62,225
07/28/2020,FOK,NY,AEA,EN,Federal Contract Tower,0,29,40,0,69,0,0,55,26,81,0,29,95,26,150,48,52,100,250
07/29/2020,FOK,NY,AEA,EN,Federal Contract Tower,0,21,29,5,55,0,0,80,6,86,0,21,109,11,141,68,90,158,299
07/30/2020,FOK,NY,AEA,EN,Federal Contract Tower,0,47,47,10,104,0,2,99,20,121,0,49,146,30,225,56,126,182,407
07/31/2020,FOK,NY,AEA,EN,Federal Contract Tower,0,69,70,15,154,0,0,73,10,83,0,69,143,25,237,68,152,220,457
08/01/2020,FOK,NY,AEA,EN,Federal Contract Tower,0,54,62,5,121,0,0,143,2,145,0,54,205,7,266,106,10,116,382
08/02/2020,FOK,NY,AEA,EN,Federal Contract Tower,0,54,39,0,93,0,0,44,0,44,0,54,83,0,137,24,0,24,161
08/03/2020,FOK,NY,AEA,EN,Federal Contract Tower,0,43,45,1,89,0,7,87,0,94,0,50,132,1,183,66,0,66,249
08/04/2020,FOK,NY,AEA,EN,Federal Contract Tower,0,13,18,1,32,0,0,0,0,0,0,13,18,1,32,0,0,0,32
08/05/2020,FOK,NY,AEA,EN,Federal Contract Tower,0,30,34,3,67,0,0,85,0,85,0,30,119,3,152,69,0,69,221
08/06/2020,FOK,NY,AEA,EN,Federal Contract Tower,0,43,50,2,95,0,0,84,4,88,0,43,134,6,183,28,26,54,237
08/07/2020,FOK,NY,AEA,EN,Federal Contract Tower,0,64,51,4,119,0,2,64,2,68,0,66,115,6,187,26,26,52,239
08/08/2020,FOK,NY,AEA,EN,Federal Contract Tower,0,35,28,5,68,0,0,80,4,84,0,35,108,9,152,24,30,54,206
08/09/2020,FOK,NY,AEA,EN,Federal Contract Tower,0,60,56,3,119,0,0,78,0,78,0,60,134,3,197,50,10,60,257
08/10/2020,FOK,NY,AEA,EN,Federal Contract Tower,0,49,57,0,106,0,2,54,0,56,0,51,111,0,162,52,0,52,214
08/11/2020,FOK,NY,AEA,EN,Federal Contract Tower,0,50,49,9,108,0,2,24,6,32,0,52,73,15,140,12,2,14,154
08/12/2020,FOK,NY,AEA,EN,Federal Contract Tower,0,35,44,6,85,0,1,53,12,66,0,36,97,18,151,8,82,90,241
08/13/2020,FOK,NY,AEA,EN,Federal Contract Tower,0,43,53,0,96,0,2,64,12,78,0,45,117,12,174,0,10,10,184
08/14/2020,FOK,NY,AEA,EN,Federal Contract Tower,0,30,45,0,75,0,0,71,0,71,0,30,116,0,146,44,14,58,204
08/15/2020,FOK,NY,AEA,EN,Federal Contract Tower,0,35,37,0,72,0,4,45,0,49,0,39,82,0,121,24,0,24,145
08/16/2020,FOK,NY,AEA,EN,Federal Contract Tower,0,68,82,0,150,0,0,5,0,5,0,68,87,0,155,0,0,0,155
08/17/2020,FOK,NY,AEA,EN,Federal Contract Tower,0,39,36,1,76,0,3,86,0,89,0,42,122,1,165,68,0,68,233
08/18/2020,FOK,NY,AEA,EN,Federal Contract Tower,0,36,40,0,76,0,0,86,8,94,0,36,126,8,170,70,24,94,264
08/19/2020,FOK,NY,AEA,EN,Federal Contract Tower,0,55,46,2,103,0,0,51,0,51,0,55,97,2,154,22,52,74,228
08/20/2020,FOK,NY,AEA,EN,Federal Contract Tower,0,33,62,2,97,0,3,125,6,134,0,36,187,8,231,138,38,176,407
08/21/2020,FOK,NY,AEA,EN,Federal Contract Tower,0,54,53,3,110,0,2,100,0,102,0,56,153,3,212,38,24,62,274
08/22/2020,FOK,NY,AEA,EN,Federal Contract Tower,0,32,44,2,78,0,0,78,0,78,0,32,122,2,156,60,0,60,216
08/23/2020,FOK,NY,AEA,EN,Federal Contract Tower,0,58,56,0,114,0,3,79,0,82,0,61,135,0,196,44,0,44,240
08/24/2020,FOK,NY,AEA,EN,Federal Contract Tower,0,56,53,1,110,0,2,95,0,97,0,58,148,1,207,50,0,50,257
08/25/2020,FOK,NY,AEA,EN,Federal Contract Tower,0,32,38,4,74,0,2,65,1,68,0,34,103,5,142,32,22,54,196
08/26/2020,FOK,NY,AEA,EN,Federal Contract Tower,0,48,55,12,115,0,5,107,5,117,0,53,162,17,232,82,22,104,336
08/27/2020,FOK,NY,AEA,EN,Federal Contract Tower,0,43,55,4,102,0,2,74,9,85,0,45,129,13,187,26,32,58,245
08/28/2020,FOK,NY,AEA,EN,Federal Contract Tower,0,51,35,6,92,0,2,81,14,97,0,53,116,20,189,44,36,80,269
08/29/2020,FOK,NY,AEA,EN,Federal Contract Tower,0,42,19,0,61,0,0,2,0,2,0,42,21,0,63,0,0,0,63
08/30/2020,FOK,NY,AEA,EN,Federal Contract Tower,0,46,54,0,100,0,4,96,0,100,0,50,150,0,200,46,0,46,246
08/31/2020,FOK,NY,AEA,EN,Federal Contract Tower,0,34,30,1,65,0,5,85,3,93,0,39,115,4,158,34,2,36,194
09/01/2020,FOK,NY,AEA,EN,Federal Contract Tower,0,32,51,14,97,0,2,62,9,73,0,34,113,23,170,28,20,48,218
09/02/2020,FOK,NY,AEA,EN,Federal Contract Tower,0,42,54,4,100,0,0,0,0,0,0,42,54,4,100,2,0,2,102
09/03/2020,FOK,NY,AEA,EN,Federal Contract Tower,0,69,57,2,128,0,4,87,1,92,0,73,144,3,220,48,12,60,280
09/04/2020,FOK,NY,AEA,EN,Federal Contract Tower,0,35,50,0,85,0,0,86,0,86,0,35,136,0,171,54,0,54,225
09/05/2020,FOK,NY,AEA,EN,Federal Contract Tower,0,20,23,0,43,0,0,94,0,94,0,20,117,0,137,24,0,24,161
09/06/2020,FOK,NY,AEA,EN,Federal Contract Tower,0,20,28,0,48,0,10,97,0,107,0,30,125,0,155,58,0,58,213
09/07/2020,FOK,NY,AEA,EN,Federal Contract Tower,0,64,66,0,130,0,0,103,0,103,0,64,169,0,233,60,0,60,293
09/08/2020,FOK,NY,AEA,EN,Federal Contract Tower,0,57,52,6,115,0,1,58,2,61,0,58,110,8,176,28,44,72,248
09/09/2020,FOK,NY,AEA,EN,Federal Contract Tower,0,31,31,9,71,0,0,40,7,47,0,31,71,16,118,8,58,66,184
09/10/2020,FOK,NY,AEA,EN,Federal Contract Tower,0,31,47,0,78,0,0,0,16,16,0,31,47,16,94,0,84,84,178
09/11/2020,FOK,NY,AEA,EN,Federal Contract Tower,0,38,37,4,79,0,0,68,10,78,0,38,105,14,157,84,56,140,297
09/12/2020,FOK,NY,AEA,EN,Federal Contract Tower,0,23,25,4,52,0,3,67,10,80,0,26,92,14,132,66,44,110,242
09/13/2020,FOK,NY,AEA,EN,Federal Contract Tower,0,49,29,0,78,0,1,67,0,68,0,50,96,0,146,40,0,40,186
09/14/2020,FOK,NY,AEA,EN,Federal Contract Tower,0,21,25,4,50,0,0,46,0,46,0,21,71,4,96,6,0,6,102
09/15/2020,FOK,NY,AEA,EN,Federal Contract Tower,0,12,24,1,37,0,2,71,5,78,0,14,95,6,115,48,10,58,173
09/16/2020,FOK,NY,AEA,EN,Federal Contract Tower,0,12,17,0,29,0,0,47,13,60,0,12,64,13,89,38,94,132,221
09/17/2020,FOK,NY,AEA,EN,Federal Contract Tower,0,33,28,4,65,0,0,62,6,68,0,33,90,10,133,68,80,148,281
09/18/2020,FOK,NY,AEA,EN,Federal Contract Tower,0,27,24,3,54,0,0,45,0,45,0,27,69,3,99,28,0,28,127
09/19/2020,FOK,NY,AEA,EN,Federal Contract Tower,0,19,19,1,39,0,4,90,0,94,0,23,109,1,133,22,0,22,155
09/20/2020,FOK,NY,AEA,EN,Federal Contract Tower,0,33,31,0,64,0,3,63,0,66,0,36,94,0,130,26,0,26,156
09/21/2020,FOK,NY,AEA,EN,Federal Contract Tower,0,27,23,0,50,0,0,53,11,64,0,27,76,11,114,39,28,67,181
09/22/2020,FOK,NY,AEA,EN,Federal Contract Tower,0,12,13,0,25,0,0,61,6,67,0,12,74,6,92,28,48,76,168
09/23/2020,FOK,NY,AEA,EN,Federal Contract Tower,0,21,29,0,50,0,0,65,5,70,0,21,94,5,120,86,46,132,252
09/24/2020,FOK,NY,AEA,EN,Federal Contract Tower,0,27,46,0,73,0,0,76,5,81,0,27,122,5,154,52,22,74,228
09/25/2020,FOK,NY,AEA,EN,Federal Contract Tower,0,32,52,2,86,0,1,42,0,43,0,33,94,2,129,8,0,8,137
09/26/2020,FOK,NY,AEA,EN,Federal Contract Tower,0,25,23,0,48,0,0,52,0,52,0,25,75,0,100,52,0,52,152
09/27/2020,FOK,NY,AEA,EN,Federal Contract Tower,0,30,51,1,82,0,0,30,0,30,0,30,81,1,112,0,0,0,112
09/28/2020,FOK,NY,AEA,EN,Federal Contract Tower,0,44,47,3,94,0,0,6,0,6,0,44,53,3,100,0,0,0,100
09/29/2020,FOK,NY,AEA,EN,Federal Contract Tower,0,18,24,36,78,0,0,30,6,36,0,18,54,42,114,2,78,80,194
09/30/2020,FOK,NY,AEA,EN,Federal Contract Tower,0,30,32,0,62,0,1,46,6,53,0,31,78,6,115,12,44,56,171
10/01/2020,FOK,NY,AEA,EN,Federal Contract Tower,0,26,59,3,88,0,3,81,10,94,0,29,140,13,182,104,38,142,324
10/02/2020,FOK,NY,AEA,EN,Federal Contract Tower,0,32,33,0,65,0,3,66,0,69,0,35,99,0,134,82,0,82,216
10/03/2020,FOK,NY,AEA,EN,Federal Contract Tower,0,16,24,0,40,0,0,83,34,117,0,16,107,34,157,80,56,136,293
10/04/2020,FOK,NY,AEA,EN,Federal Contract Tower,0,39,54,0,93,0,1,115,0,116,0,40,169,0,209,74,0,74,283
10/05/2020,FOK,NY,AEA,EN,Federal Contract Tower,0,21,26,0,47,0,2,29,0,31,0,23,55,0,78,0,0,0,78
10/06/2020,FOK,NY,AEA,EN,Federal Contract Tower,0,12,17,3,32,0,0,61,0,61,0,12,78,3,93,38,0,38,131
10/07/2020,FOK,NY,AEA,EN,Federal Contract Tower,0,22,27,2,51,0,0,44,10,54,0,22,71,12,105,18,132,150,255
10/08/2020,FOK,NY,AEA,EN,Federal Contract Tower,0,45,37,0,82,0,3,57,8,68,0,48,94,8,150,38,58,96,246
10/09/2020,FOK,NY,AEA,EN,Federal Contract Tower,0,42,28,0,70,0,4,87,0,91,0,46,115,0,161,56,0,56,217
10/10/2020,FOK,NY,AEA,EN,Federal Contract Tower,0,31,35,0,66,0,2,65,0,67,0,33,100,0,133,12,0,12,145
10/11/2020,FOK,NY,AEA,EN,Federal Contract Tower,0,0,0,0,0,0,7,79,0,86,0,7,79,0,86,92,0,92,178
10/12/2020,FOK,NY,AEA,EN,Federal Contract Tower,0,42,30,2,74,0,0,8,4,12,0,42,38,6,86,0,4,4,90
10/13/2020,FOK,NY,AEA,EN,Federal Contract Tower,0,19,34,4,57,0,0,0,0,0,0,19,34,4,57,0,0,0,57
10/14/2020,FOK,NY,AEA,EN,Federal Contract Tower,0,24,25,7,56,0,1,63,2,66,0,25,88,9,122,81,10,91,213
10/15/2020,FOK,NY,AEA,EN,Federal Contract Tower,0,21,42,8,71,0,1,57,0,58,0,22,99,8,129,38,0,38,167
10/16/2020,FOK,NY,AEA,EN,Federal Contract Tower,0,28,27,1,56,0,0,0,1,1,0,28,27,2,57,2,0,2,59
10/17/2020,FOK,NY,AEA,EN,Federal Contract Tower,0,21,26,0,47,0,0,57,0,57,0,21,83,0,104,26,0,26,130
10/18/2020,FOK,NY,AEA,EN,Federal Contract Tower,0,38,42,0,80,0,4,90,0,94,0,42,132,0,174,90,0,90,264
10/19/2020,FOK,NY,AEA,EN,Federal Contract Tower,0,26,37,0,63,0,2,66,4,72,0,28,103,4,135,30,26,56,191
10/20/2020,FOK,NY,AEA,EN,Federal Contract Tower,0,14,37,0,51,0,0,0,0,0,0,14,37,0,51,4,0,4,55
10/21/2020,FOK,NY,AEA,EN,Federal Contract Tower,0,32,37,0,69,0,0,0,0,0,0,32,37,0,69,0,0,0,69
10/22/2020,FOK,NY,AEA,EN,Federal Contract Tower,0,31,36,2,69,0,0,18,7,25,0,31,54,9,94,0,38,38,132
10/23/2020,FOK,NY,AEA,EN,Federal Contract Tower,0,25,57,0,82,0,0,0,0,0,0,25,57,0,82,0,0,0,82
10/24/2020,FOK,NY,AEA,EN,Federal Contract Tower,0,19,18,0,37,0,0,41,0,41,0,19,59,0,78,14,0,14,92
10/25/2020,FOK,NY,AEA,EN,Federal Contract Tower,0,23,28,0,51,0,1,98,0,99,0,24,126,0,150,90,0,90,240
10/26/2020,FOK,NY,AEA,EN,Federal Contract Tower,0,22,26,0,48,0,0,0,0,0,0,22,26,0,48,0,0,0,48
10/27/2020,FOK,NY,AEA,EN,Federal Contract Tower,0,15,21,7,43,0,0,56,10,66,0,15,77,17,109,28,122,150,259
10/28/2020,FOK,NY,AEA,EN,Federal Contract Tower,0,34,40,11,85,0,0,2,1,3,0,34,42,12,88,6,36,42,130
10/29/2020,FOK,NY,AEA,EN,Federal Contract Tower,0,40,24,2,66,0,0,0,0,0,0,40,24,2,66,0,0,0,66
10/30/2020,FOK,NY,AEA,EN,Federal Contract Tower,0,25,30,0,55,0,0,8,0,8,0,25,38,0,63,2,0,2,65
10/31/2020,FOK,NY,AEA,EN,Federal Contract Tower,0,24,23,0,47,0,0,80,0,80,0,24,103,0,127,100,0,100,227
11/01/2020,FOK,NY,AEA,EN,Federal Contract Tower,0,23,20,0,43,0,0,30,0,30,0,23,50,0,73,34,0,34,107
11/02/2020,FOK,NY,AEA,EN,Federal Contract Tower,0,12,13,0,25,0,0,22,4,26,0,12,35,4,51,0,0,0,51
11/03/2020,FOK,NY,AEA,EN,Federal Contract Tower,0,13,15,4,32,0,0,22,0,22,0,13,37,4,54,10,0,10,64
11/04/2020,FOK,NY,AEA,EN,Federal Contract Tower,0,9,28,1,38,0,0,57,7,64,0,9,85,8,102,44,14,58,160
11/05/2020,FOK,NY,AEA,EN,Federal Contract Tower,0,23,33,2,58,0,0,23,4,27,0,23,56,6,85,18,10,28,113
11/06/2020,FOK,NY,AEA,EN,Federal Contract Tower,0,8,34,1,43,0,0,45,6,51,0,8,79,7,94,44,12,56,150
11/07/2020,FOK,NY,AEA,EN,Federal Contract Tower,0,19,17,3,39,0,0,83,20,103,0,19,100,23,142,50,112,162,304
11/08/2020,FOK,NY,AEA,EN,Federal Contract Tower,0,11,28,0,39,0,0,103,0,103,0,11,131,0,142,74,0,74,216
11/09/2020,FOK,NY,AEA,EN,Federal Contract Tower,0,7,18,0,25,0,0,64,1,65,0,7,82,1,90,48,6,54,144
11/10/2020,FOK,NY,AEA,EN,Federal Contract Tower,0,17,23,0,40,0,0,88,0,88,0,17,111,0,128,82,0,82,210
11/11/2020,FOK,NY,AEA,EN,Federal Contract Tower,0,15,14,0,29,0,0,2,0,2,0,15,16,0,31,0,0,0,31
11/12/2020,FOK,NY,AEA,EN,Federal Contract Tower,0,12,15,11,38,0,0,18,0,18,0,12,33,11,56,0,52,52,108
11/13/2020,FOK,NY,AEA,EN,Federal Contract Tower,0,20,21,0,41,0,0,0,0,0,0,20,21,0,41,0,0,0,41
11/14/2020,FOK,NY,AEA,EN,Federal Contract Tower,0,9,22,1,32,0,0,106,0,106,0,9,128,1,138,42,0,42,180
11/15/2020,FOK,NY,AEA,EN,Federal Contract Tower,0,10,20,0,30,0,0,33,0,33,0,10,53,0,63,30,0,30,93
11/16/2020,FOK,NY,AEA,EN,Federal Contract Tower,0,16,18,0,34,0,0,43,1,44,0,16,61,1,78,0,2,2,80
11/17/2020,FOK,NY,AEA,EN,Federal Contract Tower,0,11,21,5,37,0,0,55,14,69,0,11,76,19,106,60,82,142,248
11/18/2020,FOK,NY,AEA,EN,Federal Contract Tower,0,19,23,2,44,0,0,37,7,44,0,19,60,9,88,32,40,72,160
11/19/2020,FOK,NY,AEA,EN,Federal Contract Tower,0,28,22,0,50,0,0,61,6,67,0,28,83,6,117,28,100,128,245
11/20/2020,FOK,NY,AEA,EN,Federal Contract Tower,0,14,18,0,32,0,0,66,0,66,0,14,84,0,98,36,0,36,134
11/21/2020,FOK,NY,AEA,EN,Federal Contract Tower,0,27,38,0,65,0,0,109,0,109,0,27,147,0,174,98,0,98,272
11/22/2020,FOK,NY,AEA,EN,Federal Contract Tower,0,50,30,0,80,0,0,35,0,35,0,50,65,0,115,42,0,42,157
11/23/2020,FOK,NY,AEA,EN,Federal Contract Tower,0,22,26,0,48,0,0,11,0,11,0,22,37,0,59,0,20,20,79
11/24/2020,FOK,NY,AEA,EN,Federal Contract Tower,0,36,36,3,75,0,6,86,14,106,0,42,122,17,181,40,78,118,299
11/25/2020,FOK,NY,AEA,EN,Federal Contract Tower,0,16,21,4,41,0,0,57,0,57,0,16,78,4,98,38,4,42,140
11/26/2020,FOK,NY,AEA,EN,Federal Contract Tower,0,9,15,0,24,0,0,0,0,0,0,9,15,0,24,0,0,0,24
11/27/2020,FOK,NY,AEA,EN,Federal Contract Tower,0,13,38,0,51,0,0,98,0,98,0,13,136,0,149,66,0,66,215
11/28/2020,FOK,NY,AEA,EN,Federal Contract Tower,0,23,19,0,42,0,1,77,0,78,0,24,96,0,120,38,0,38,158
11/29/2020,FOK,NY,AEA,EN,Federal Contract Tower,0,42,46,0,88,0,0,148,0,148,0,42,194,0,236,132,0,132,368
11/30/2020,FOK,NY,AEA,EN,Federal Contract Tower,0,13,19,0,32,0,0,0,0,0,0,13,19,0,32,0,0,0,32
12/01/2020,FOK,NY,AEA,EN,Federal Contract Tower,0,26,18,11,55,0,0,40,0,40,0,26,58,11,95,28,2,30,125
12/02/2020,FOK,NY,AEA,EN,Federal Contract Tower,0,13,16,0,29,0,0,33,8,41,0,13,49,8,70,36,120,156,226
12/03/2020,FOK,NY,AEA,EN,Federal Contract Tower,0,15,33,0,48,0,0,81,4,85,0,15,114,4,133,62,28,90,223
12/04/2020,FOK,NY,AEA,EN,Federal Contract Tower,0,16,12,4,32,0,0,46,1,47,0,16,58,5,79,56,0,56,135
12/05/2020,FOK,NY,AEA,EN,Federal Contract Tower,0,10,2,0,12,0,0,0,0,0,0,10,2,0,12,0,0,0,12
12/07/2020,FOK,NY,AEA,EN,Federal Contract Tower,0,8,11,0,19,0,0,59,2,61,0,8,70,2,80,74,22,96,176
12/08/2020,FOK,NY,AEA,EN,Federal Contract Tower,0,4,13,0,17,0,0,56,2,58,0,4,69,2,75,62,42,104,179
12/09/2020,FOK,NY,AEA,EN,Federal Contract Tower,0,6,18,3,27,0,0,29,4,33,0,6,47,7,60,16,48,64,124
12/10/2020,FOK,NY,AEA,EN,Federal Contract Tower,0,11,25,4,40,0,1,54,15,70,0,12,79,19,110,36,56,92,202
12/11/2020,FOK,NY,AEA,EN,Federal Contract Tower,0,13,21,0,34,0,0,80,0,80,0,13,101,0,114,64,0,64,178
12/12/2020,FOK,NY,AEA,EN,Federal Contract Tower,0,23,13,0,36,0,0,0,0,0,0,23,13,0,36,0,0,0,36
12/13/2020,FOK,NY,AEA,EN,Federal Contract Tower,0,44,29,0,73,0,0,105,0,105,0,44,134,0,178,78,0,78,256
12/14/2020,FOK,NY,AEA,EN,Federal Contract Tower,0,10,7,0,17,0,0,10,0,10,0,10,17,0,27,0,0,0,27
12/15/2020,FOK,NY,AEA,EN,Federal Contract Tower,0,14,16,1,31,0,0,45,8,53,0,14,61,9,84,24,52,76,160
12/16/2020,FOK,NY,AEA,EN,Federal Contract Tower,0,16,11,0,27,0,0,34,8,42,0,16,45,8,69,8,6,14,83
12/17/2020,FOK,NY,AEA,EN,Federal Contract Tower,0,2,2,0,4,0,0,0,0,0,0,2,2,0,4,0,0,0,4
12/18/2020,FOK,NY,AEA,EN,Federal Contract Tower,0,7,23,0,30,0,0,43,0,43,0,7,66,0,73,40,0,40,113
12/19/2020,FOK,NY,AEA,EN,Federal Contract Tower,0,31,36,0,67,0,0,61,0,61,0,31,97,0,128,44,0,44,172
12/20/2020,FOK,NY,AEA,EN,Federal Contract Tower,0,37,37,0,74,0,2,19,0,21,0,39,56,0,95,0,0,0,95
12/21/2020,FOK,NY,AEA,EN,Federal Contract Tower,0,24,19,0,43,0,0,10,4,14,0,24,29,4,57,8,72,80,137
12/22/2020,FOK,NY,AEA,EN,Federal Contract Tower,0,10,16,4,30,0,0,31,18,49,0,10,47,22,79,74,56,130,209
12/23/2020,FOK,NY,AEA,EN,Federal Contract Tower,0,23,27,0,50,0,0,88,8,96,0,23,115,8,146,84,26,110,256
12/24/2020,FOK,NY,AEA,EN,Federal Contract Tower,0,14,2,0,16,0,0,14,0,14,0,14,16,0,30,0,0,0,30
12/25/2020,FOK,NY,AEA,EN,Federal Contract Tower,0,18,9,0,27,0,0,0,0,0,0,18,9,0,27,0,0,0,27
12/26/2020,FOK,NY,AEA,EN,Federal Contract Tower,0,40,34,0,74,0,0,60,0,60,0,40,94,0,134,42,0,42,176
12/27/2020,FOK,NY,AEA,EN,Federal Contract Tower,0,39,49,0,88,0,1,98,0,99,0,40,147,0,187,66,0,66,253
12/28/2020,FOK,NY,AEA,EN,Federal Contract Tower,0,20,30,0,50,0,0,50,0,50,0,20,80,0,100,36,0,36,136
12/29/2020,FOK,NY,AEA,EN,Federal Contract Tower,0,26,18,6,50,0,0,36,6,42,0,26,54,12,92,40,44,84,176
12/30/2020,FOK,NY,AEA,EN,Federal Contract Tower,0,21,30,0,51,0,0,61,2,63,0,21,91,2,114,74,16,90,204
12/31/2020,FOK,NY,AEA,EN,Federal Contract Tower,0,13,14,0,27,0,0,14,0,14,0,13,28,0,41,28,0,28,69
01/01/2021,FOK,NY,AEA,EN,Federal Contract Tower,0,18,19,0,37,0,0,49,0,49,0,18,68,0,86,22,0,22,108
01/02/2021,FOK,NY,AEA,EN,Federal Contract Tower,0,30,26,0,56,0,0,28,0,28,0,30,54,0,84,0,0,0,84
01/03/2021,FOK,NY,AEA,EN,Federal Contract Tower,0,19,25,0,44,0,0,5,0,5,0,19,30,0,49,0,0,0,49
01/04/2021,FOK,NY,AEA,EN,Federal Contract Tower,0,15,22,3,40,0,0,64,4,68,0,15,86,7,108,16,20,36,144
01/05/2021,FOK,NY,AEA,EN,Federal Contract Tower,0,17,16,9,42,0,0,37,7,44,0,17,53,16,86,30,66,96,182
01/06/2021,FOK,NY,AEA,EN,Federal Contract Tower,0,10,18,0,28,0,0,29,14,43,0,10,47,14,71,20,64,84,155
01/07/2021,FOK,NY,AEA,EN,Federal Contract Tower,0,19,13,3,35,0,2,60,10,72,0,21,73,13,107,30,38,68,175
01/08/2021,FOK,NY,AEA,EN,Federal Contract Tower,0,9,21,0,30,0,0,58,0,58,0,9,79,0,88,68,0,68,156
01/09/2021,FOK,NY,AEA,EN,Federal Contract Tower,0,21,19,0,40,0,2,46,1,49,0,23,65,1,89,24,34,58,147
01/10/2021,FOK,NY,AEA,EN,Federal Contract Tower,0,18,33,1,52,0,0,104,2,106,0,18,137,3,158,120,66,186,344
01/11/2021,FOK,NY,AEA,EN,Federal Contract Tower,0,13,12,0,25,0,0,43,0,43,0,13,55,0,68,30,0,30,98
01/12/2021,FOK,NY,AEA,EN,Federal Contract Tower,0,10,7,0,17,0,0,30,14,44,0,10,37,14,61,26,70,96,157
01/13/2021,FOK,NY,AEA,EN,Federal Contract Tower,0,21,17,0,38,0,0,52,0,52,0,21,69,0,90,10,104,114,204
01/14/2021,FOK,NY,AEA,EN,Federal Contract Tower,0,17,15,0,32,0,0,67,0,67,0,17,82,0,99,62,0,62,161
01/15/2021,FOK,NY,AEA,EN,Federal Contract Tower,0,14,26,2,42,0,0,39,2,41,0,14,65,4,83,4,12,16,99
01/16/2021,FOK,NY,AEA,EN,Federal Contract Tower,0,15,9,0,24,0,0,2,0,2,0,15,11,0,26,0,0,0,26
01/18/2021,FOK,NY,AEA,EN,Federal Contract Tower,0,21,19,0,40,0,0,52,0,52,0,21,71,0,92,48,0,48,140
01/19/2021,FOK,NY,AEA,EN,Federal Contract Tower,0,5,9,0,14,0,0,37,0,37,0,5,46,0,51,12,0,12,63
01/21/2021,FOK,NY,AEA,EN,Federal Contract Tower,0,9,20,2,31,0,0,43,0,43,0,9,63,2,74,30,0,30,104
01/22/2021,FOK,NY,AEA,EN,Federal Contract Tower,0,10,20,1,31,0,0,50,4,54,0,10,70,5,85,10,0,10,95
01/23/2021,FOK,NY,AEA,EN,Federal Contract Tower,0,14,11,0,25,0,0,20,0,20,0,14,31,0,45,0,0,0,45
01/24/2021,FOK,NY,AEA,EN,Federal Contract Tower,0,16,10,0,26,0,0,34,0,34,0,16,44,0,60,28,0,28,88
01/25/2021,FOK,NY,AEA,EN,Federal Contract Tower,0,9,11,1,21,0,0,55,0,55,0,9,66,1,76,56,0,56,132
01/26/2021,FOK,NY,AEA,EN,Federal Contract Tower,0,8,5,4,17,0,0,7,0,7,0,8,12,4,24,4,0,4,28
01/27/2021,FOK,NY,AEA,EN,Federal Contract Tower,0,9,7,4,20,0,0,30,20,50,0,9,37,24,70,0,65,65,135
01/28/2021,FOK,NY,AEA,EN,Federal Contract Tower,0,11,2,0,13,0,1,5,2,8,0,12,7,2,21,4,0,4,25
01/29/2021,FOK,NY,AEA,EN,Federal Contract Tower,0,13,2,1,16,0,0,8,0,8,0,13,10,1,24,0,0,0,24
01/30/2021,FOK,NY,AEA,EN,Federal Contract Tower,0,15,28,0,43,0,1,58,0,59,0,16,86,0,102,58,0,58,160
01/31/2021,FOK,NY,AEA,EN,Federal Contract Tower,0,7,19,0,26,0,0,57,0,57,0,7,76,0,83,54,0,54,137
02/02/2021,FOK,NY,AEA,EN,Federal Contract Tower,0,1,7,0,8,0,0,0,0,0,0,1,7,0,8,0,0,0,8
02/03/2021,FOK,NY,AEA,EN,Federal Contract Tower,0,9,9,2,20,0,0,2,14,16,0,9,11,16,36,2,78,80,116
02/04/2021,FOK,NY,AEA,EN,Federal Contract Tower,0,17,16,3,36,0,0,38,12,50,0,17,54,15,86,12,86,98,184
02/05/2021,FOK,NY,AEA,EN,Federal Contract Tower,0,9,14,0,23,0,0,25,0,25,0,9,39,0,48,4,0,4,52
02/06/2021,FOK,NY,AEA,EN,Federal Contract Tower,0,18,21,4,43,0,0,67,0,67,0,18,88,4,110,14,10,24,134
02/07/2021,FOK,NY,AEA,EN,Federal Contract Tower,0,0,2,0,2,0,0,0,0,0,0,0,2,0,2,0,0,0,2
02/08/2021,FOK,NY,AEA,EN,Federal Contract Tower,0,11,6,2,19,0,0,22,2,24,0,11,28,4,43,8,2,10,53
02/09/2021,FOK,NY,AEA,EN,Federal Contract Tower,0,14,12,0,26,0,0,6,0,6,0,14,18,0,32,0,0,0,32
02/10/2021,FOK,NY,AEA,EN,Federal Contract Tower,0,19,19,2,40,0,0,47,0,47,0,19,66,2,87,8,0,8,95
02/11/2021,FOK,NY,AEA,EN,Federal Contract Tower,0,10,10,0,20,0,0,21,13,34,0,10,31,13,54,0,68,68,122
02/12/2021,FOK,NY,AEA,EN,Federal Contract Tower,0,11,15,0,26,0,0,28,8,36,0,11,43,8,62,18,28,46,108
02/13/2021,FOK,NY,AEA,EN,Federal Contract Tower,0,13,19,0,32,0,0,28,0,28,0,13,47,0,60,26,0,26,86
02/14/2021,FOK,NY,AEA,EN,Federal Contract Tower,0,11,7,0,18,0,0,8,0,8,0,11,15,0,26,0,0,0,26
02/15/2021,FOK,NY,AEA,EN,Federal Contract Tower,0,23,6,0,29,0,0,0,0,0,0,23,6,0,29,0,0,0,29
02/16/2021,FOK,NY,AEA,EN,Federal Contract Tower,0,14,30,0,44,0,0,0,4,4,0,14,30,4,48,0,12,12,60
02/17/2021,FOK,NY,AEA,EN,Federal Contract Tower,0,15,20,2,37,0,2,26,21,49,0,17,46,23,86,26,74,100,186
02/18/2021,FOK,NY,AEA,EN,Federal Contract Tower,0,1,6,0,7,0,0,0,0,0,0,1,6,0,7,0,0,0,7
02/19/2021,FOK,NY,AEA,EN,Federal Contract Tower,0,6,6,0,12,0,0,0,0,0,0,6,6,0,12,0,0,0,12
02/20/2021,FOK,NY,AEA,EN,Federal Contract Tower,0,19,18,0,37,0,0,27,0,27,0,19,45,0,64,20,0,20,84
02/21/2021,FOK,NY,AEA,EN,Federal Contract Tower,0,7,34,0,41,0,0,71,0,71,0,7,105,0,112,76,0,76,188
02/22/2021,FOK,NY,AEA,EN,Federal Contract Tower,0,7,10,0,17,0,0,15,0,15,0,7,25,0,32,10,0,10,42
02/23/2021,FOK,NY,AEA,EN,Federal Contract Tower,0,11,12,0,23,0,0,26,21,47,0,11,38,21,70,26,14,40,110
02/24/2021,FOK,NY,AEA,EN,Federal Contract Tower,0,7,10,0,17,0,0,53,19,72,0,7,63,19,89,4,76,80,169
02/25/2021,FOK,NY,AEA,EN,Federal Contract Tower,0,10,22,1,33,0,0,41,10,51,0,10,63,11,84,6,98,104,188
02/26/2021,FOK,NY,AEA,EN,Federal Contract Tower,0,6,33,0,39,0,0,78,4,82,0,6,111,4,121,116,28,144,265
02/27/2021,FOK,NY,AEA,EN,Federal Contract Tower,0,16,28,0,44,0,0,2,0,2,0,16,30,0,46,0,0,0,46
02/28/2021,FOK,NY,AEA,EN,Federal Contract Tower,0,19,30,0,49,0,0,29,0,29,0,19,59,0,78,62,0,62,140
03/01/2021,FOK,NY,AEA,EN,Federal Contract Tower,0,12,0,0,12,0,0,0,0,0,0,12,0,0,12,0,0,0,12
03/02/2021,FOK,NY,AEA,EN,Federal Contract Tower,0,13,14,0,27,0,0,9,3,12,0,13,23,3,39,0,22,22,61
03/03/2021,FOK,NY,AEA,EN,Federal Contract Tower,0,17,11,5,33,0,0,55,16,71,0,17,66,21,104,20,114,134,238
03/04/2021,FOK,NY,AEA,EN,Federal Contract Tower,0,6,6,1,13,0,0,44,11,55,0,6,50,12,68,42,0,42,110
03/05/2021,FOK,NY,AEA,EN,Federal Contract Tower,0,12,20,0,32,0,0,41,10,51,0,12,61,10,83,30,22,52,135
03/06/2021,FOK,NY,AEA,EN,Federal Contract Tower,0,10,30,2,42,0,0,56,10,66,0,10,86,12,108,94,30,124,232
03/07/2021,FOK,NY,AEA,EN,Federal Contract Tower,0,17,25,0,42,0,0,115,0,115,0,17,140,0,157,100,0,100,257
03/08/2021,FOK,NY,AEA,EN,Federal Contract Tower,0,10,17,3,30,0,0,39,2,41,0,10,56,5,71,28,26,54,125
03/09/2021,FOK,NY,AEA,EN,Federal Contract Tower,0,7,11,0,18,0,0,42,9,51,0,7,53,9,69,52,48,100,169
03/10/2021,FOK,NY,AEA,EN,Federal Contract Tower,0,19,18,0,37,0,0,64,7,71,0,19,82,7,108,96,14,110,218
03/11/2021,FOK,NY,AEA,EN,Federal Contract Tower,0,5,3,0,8,0,0,43,12,55,0,5,46,12,63,24,30,54,117
03/12/2021,FOK,NY,AEA,EN,Federal Contract Tower,0,16,13,2,31,0,0,47,2,49,0,16,60,4,80,28,14,42,122
03/13/2021,FOK,NY,AEA,EN,Federal Contract Tower,0,19,39,0,58,0,0,52,0,52,0,19,91,0,110,32,0,32,142
03/15/2021,FOK,NY,AEA,EN,Federal Contract Tower,0,5,19,5,29,0,0,33,0,33,0,5,52,5,62,8,0,8,70
03/16/2021,FOK,NY,AEA,EN,Federal Contract Tower,0,9,9,2,20,0,0,49,8,57,0,9,58,10,77,68,48,116,193
03/17/2021,FOK,NY,AEA,EN,Federal Contract Tower,0,16,26,0,42,0,0,34,4,38,0,16,60,4,80,14,26,40,120
03/18/2021,FOK,NY,AEA,EN,Federal Contract Tower,0,17,16,2,35,0,0,1,0,1,0,17,17,2,36,0,0,0,36
03/19/2021,FOK,NY,AEA,EN,Federal Contract Tower,0,15,11,1,27,0,0,29,1,30,0,15,40,2,57,0,8,8,65
03/20/2021,FOK,NY,AEA,EN,Federal Contract Tower,0,31,22,3,56,0,0,101,0,101,0,31,123,3,157,106,48,154,311
03/21/2021,FOK,NY,AEA,EN,Federal Contract Tower,0,9,27,4,40,0,0,131,0,131,0,9,158,4,171,114,0,114,285
03/22/2021,FOK,NY,AEA,EN,Federal Contract Tower,0,9,14,0,23,0,0,52,0,52,0,9,66,0,75,66,0,66,141
03/23/2021,FOK,NY,AEA,EN,Federal Contract Tower,0,13,21,5,39,0,0,44,14,58,0,13,65,19,97,82,54,136,233
03/24/2021,FOK,NY,AEA,EN,Federal Contract Tower,0,14,11,0,25,0,0,30,7,37,0,14,41,7,62,0,42,42,104
03/25/2021,FOK,NY,AEA,EN,Federal Contract Tower,0,17,19,0,36,0,0,27,4,31,0,17,46,4,67,14,28,42,109
03/26/2021,FOK,NY,AEA,EN,Federal Contract Tower,0,35,17,0,52,0,0,3,0,3,0,35,20,0,55,0,0,0,55
03/27/2021,FOK,NY,AEA,EN,Federal Contract Tower,0,11,28,0,39,0,0,65,0,65,0,11,93,0,104,96,0,96,200
03/28/2021,FOK,NY,AEA,EN,Federal Contract Tower,0,24,29,0,53,0,0,0,0,0,0,24,29,0,53,0,0,0,53
03/29/2021,FOK,NY,AEA,EN,Federal Contract Tower,0,9,8,0,17,0,0,8,1,9,0,9,16,1,26,0,0,0,26
03/30/2021,FOK,NY,AEA,EN,Federal Contract Tower,0,17,35,2,54,0,0,76,10,86,0,17,111,12,140,96,34,130,270
03/31/2021,FOK,NY,AEA,EN,Federal Contract Tower,0,18,20,7,45,0,0,18,11,29,0,18,38,18,74,14,80,94,168
04/01/2021,FOK,NY,AEA,EN,Federal Contract Tower,0,17,20,8,45,0,0,102,16,118,0,17,122,24,163,42,60,102,265
04/02/2021,FOK,NY,AEA,EN,Federal Contract Tower,0,24,16,2,42,0,2,51,0,53,0,26,67,2,95,26,0,26,121
04/03/2021,FOK,NY,AEA,EN,Federal Contract Tower,0,36,22,0,58,0,6,104,0,110,0,42,126,0,168,24,0,24,192
04/04/2021,FOK,NY,AEA,EN,Federal Contract Tower,0,27,22,0,49,0,0,92,0,92,0,27,114,0,141,56,0,56,197
04/05/2021,FOK,NY,AEA,EN,Federal Contract Tower,0,22,19,0,41,0,0,47,0,47,0,22,66,0,88,38,2,40,128
04/06/2021,FOK,NY,AEA,EN,Federal Contract Tower,0,15,22,3,40,0,0,40,17,57,0,15,62,20,97,34,112,146,243
04/07/2021,FOK,NY,AEA,EN,Federal Contract Tower,0,21,17,2,40,0,0,57,11,68,0,21,74,13,108,60,54,114,222
04/08/2021,FOK,NY,AEA,EN,Federal Contract Tower,0,22,19,1,42,0,0,61,25,86,0,22,80,26,128,28,32,60,188
04/09/2021,FOK,NY,AEA,EN,Federal Contract Tower,0,32,35,1,68,0,0,6,1,7,0,32,41,2,75,0,18,18,93
04/10/2021,FOK,NY,AEA,EN,Federal Contract Tower,0,21,30,0,51,0,0,23,0,23,0,21,53,0,74,16,0,16,90
04/11/2021,FOK,NY,AEA,EN,Federal Contract Tower,0,13,14,0,27,0,0,0,0,0,0,13,14,0,27,0,0,0,27
04/12/2021,FOK,NY,AEA,EN,Federal Contract Tower,0,9,15,10,34,0,0,0,0,0,0,9,15,10,34,10,8,18,52
04/13/2021,FOK,NY,AEA,EN,Federal Contract Tower,0,9,8,3,20,0,0,50,18,68,0,9,58,21,88,8,122,130,218
04/14/2021,FOK,NY,AEA,EN,Federal Contract Tower,0,14,7,0,21,0,0,45,12,57,0,14,52,12,78,28,32,60,138
04/15/2021,FOK,NY,AEA,EN,Federal Contract Tower,0,12,22,0,34,0,0,0,0,0,0,12,22,0,34,0,0,0,34
04/16/2021,FOK,NY,AEA,EN,Federal Contract Tower,0,22,12,0,34,0,0,16,2,18,0,22,28,2,52,0,8,8,60
04/17/2021,FOK,NY,AEA,EN,Federal Contract Tower,0,15,13,0,28,0,0,46,0,46,0,15,59,0,74,116,0,116,190
04/18/2021,FOK,NY,AEA,EN,Federal Contract Tower,0,12,30,2,44,0,0,93,0,93,0,12,123,2,137,118,0,118,255
04/19/2021,FOK,NY,AEA,EN,Federal Contract Tower,0,6,14,0,20,0,0,67,0,67,0,6,81,0,87,20,0,20,107
04/20/2021,FOK,NY,AEA,EN,Federal Contract Tower,0,8,15,1,24,0,0,61,45,106,0,8,76,46,130,24,28,52,182
04/21/2021,FOK,NY,AEA,EN,Federal Contract Tower,0,16,9,2,27,0,0,4,13,17,0,16,13,15,44,0,46,46,90
04/22/2021,FOK,NY,AEA,EN,Federal Contract Tower,0,18,11,0,29,0,0,14,3,17,0,18,25,3,46,0,10,10,56
04/23/2021,FOK,NY,AEA,EN,Federal Contract Tower,0,2,30,2,34,0,2,30,2,34,0,4,60,4,68,0,0,0,68
04/24/2021,FOK,NY,AEA,EN,Federal Contract Tower,0,11,21,0,32,0,0,105,0,105,0,11,126,0,137,118,0,118,255
04/25/2021,FOK,NY,AEA,EN,Federal Contract Tower,0,25,23,0,48,0,0,14,0,14,0,25,37,0,62,0,0,0,62
04/26/2021,FOK,NY,AEA,EN,Federal Contract Tower,0,9,8,0,17,0,0,45,0,45,0,9,53,0,62,6,0,6,68
04/27/2021,FOK,NY,AEA,EN,Federal Contract Tower,0,6,32,1,39,0,1,62,9,72,0,7,94,10,111,28,22,50,161
04/28/2021,FOK,NY,AEA,EN,Federal Contract Tower,0,12,37,4,53,0,0,104,9,113,0,12,141,13,166,56,8,64,230
04/29/2021,FOK,NY,AEA,EN,Federal Contract Tower,0,20,30,5,55,0,0,33,14,47,0,20,63,19,102,34,90,124,226
04/30/2021,FOK,NY,AEA,EN,Federal Contract Tower,0,30,22,2,54,0,0,16,2,18,0,30,38,4,72,2,0,2,74
05/01/2021,FOK,NY,AEA,EN,Federal Contract Tower,0,16,31,1,48,0,0,42,12,54,0,16,73,13,102,10,84,94,196
05/02/2021,FOK,NY,AEA,EN,Federal Contract Tower,0,21,37,0,58,0,0,74,4,78,0,21,111,4,136,106,38,144,280
05/03/2021,FOK,NY,AEA,EN,Federal Contract Tower,0,8,14,3,25,0,0,39,0,39,0,8,53,3,64,38,0,38,102
05/04/2021,FOK,NY,AEA,EN,Federal Contract Tower,0,8,13,3,24,0,0,17,5,22,0,8,30,8,46,24,48,72,118
05/05/2021,FOK,NY,AEA,EN,Federal Contract Tower,0,21,13,8,42,0,0,0,4,4,0,21,13,12,46,0,0,0,46
05/06/2021,FOK,NY,AEA,EN,Federal Contract Tower,0,12,18,1,31,0,1,51,17,69,0,13,69,18,100,22,82,104,204
05/07/2021,FOK,NY,AEA,EN,Federal Contract Tower,0,21,22,0,43,0,0,85,1,86,0,21,107,1,129,86,0,86,215
05/08/2021,FOK,NY,AEA,EN,Federal Contract Tower,0,20,24,3,47,0,0,65,0,65,0,20,89,3,112,98,0,98,210
05/09/2021,FOK,NY,AEA,EN,Federal Contract Tower,0,16,19,4,39,0,0,49,0,49,0,16,68,4,88,36,0,36,124
05/10/2021,FOK,NY,AEA,EN,Federal Contract Tower,0,18,37,0,55,0,0,37,1,38,0,18,74,1,93,30,0,30,123
05/11/2021,FOK,NY,AEA,EN,Federal Contract Tower,0,16,23,3,42,0,0,34,8,42,0,16,57,11,84,18,32,50,134
05/12/2021,FOK,NY,AEA,EN,Federal Contract Tower,0,30,30,0,60,0,0,68,12,80,0,30,98,12,140,64,64,128,268
05/13/2021,FOK,NY,AEA,EN,Federal Contract Tower,0,19,29,8,56,0,0,86,41,127,0,19,115,49,183,76,38,114,297
05/14/2021,FOK,NY,AEA,EN,Federal Contract Tower,0,16,36,1,53,0,0,114,0,114,0,16,150,1,167,124,0,124,291
05/15/2021,FOK,NY,AEA,EN,Federal Contract Tower,0,22,17,0,39,0,0,89,0,89,0,22,106,0,128,102,0,102,230
05/16/2021,FOK,NY,AEA,EN,Federal Contract Tower,0,17,33,0,50,0,0,137,0,137,0,17,170,0,187,108,0,108,295
05/17/2021,FOK,NY,AEA,EN,Federal Contract Tower,0,11,27,0,38,0,0,67,0,67,0,11,94,0,105,54,0,54,159
05/18/2021,FOK,NY,AEA,EN,Federal Contract Tower,0,9,27,1,37,0,0,76,17,93,0,9,103,18,130,30,56,86,216
05/19/2021,FOK,NY,AEA,EN,Federal Contract Tower,0,19,37,1,57,0,1,54,13,68,0,20,91,14,125,56,38,94,219
05/20/2021,FOK,NY,AEA,EN,Federal Contract Tower,0,18,37,0,55,0,5,56,16,77,0,23,93,16,132,56,50,106,238
05/21/2021,FOK,NY,AEA,EN,Federal Contract Tower,0,17,33,0,50,0,0,70,0,70,0,17,103,0,120,92,0,92,212
05/22/2021,FOK,NY,AEA,EN,Federal Contract Tower,0,25,19,0,44,0,2,76,0,78,0,27,95,0,122,44,0,44,166
05/23/2021,FOK,NY,AEA,EN,Federal Contract Tower,0,39,33,0,72,0,0,91,0,91,0,39,124,0,163,98,0,98,261
05/24/2021,FOK,NY,AEA,EN,Federal Contract Tower,0,25,26,1,52,0,0,64,0,64,0,25,90,1,116,18,0,18,134
05/26/2021,FOK,NY,AEA,EN,Federal Contract Tower,0,45,32,4,81,0,0,0,8,8,0,45,32,12,89,0,26,26,115
05/27/2021,FOK,NY,AEA,EN,Federal Contract Tower,0,51,50,1,102,0,4,94,5,103,0,55,144,6,205,32,30,62,267
05/28/2021,FOK,NY,AEA,EN,Federal Contract Tower,0,46,45,0,91,0,0,39,7,46,0,46,84,7,137,8,12,20,157
05/29/2021,FOK,NY,AEA,EN,Federal Contract Tower,0,29,27,0,56,0,0,2,0,2,0,29,29,0,58,0,0,0,58
05/30/2021,FOK,NY,AEA,EN,Federal Contract Tower,0,44,21,0,65,0,0,0,0,0,0,44,21,0,65,0,0,0,65
05/31/2021,FOK,NY,AEA,EN,Federal Contract Tower,0,61,69,0,130,0,1,41,1,43,0,62,110,1,173,14,0,14,187
06/01/2021,FOK,NY,AEA,EN,Federal Contract Tower,0,57,36,0,93,0,2,47,0,49,0,59,83,0,142,54,0,54,196
06/02/2021,FOK,NY,AEA,EN,Federal Contract Tower,0,30,30,0,60,0,2,107,11,120,0,32,137,11,180,26,20,46,226
06/03/2021,FOK,NY,AEA,EN,Federal Contract Tower,0,35,48,0,83,0,0,0,0,0,0,35,48,0,83,0,0,0,83
06/04/2021,FOK,NY,AEA,EN,Federal Contract Tower,0,39,68,10,117,0,2,7,0,9,0,41,75,10,126,0,0,0,126
06/05/2021,FOK,NY,AEA,EN,Federal Contract Tower,0,31,51,0,82,0,0,125,0,125,0,31,176,0,207,44,16,60,267
06/06/2021,FOK,NY,AEA,EN,Federal Contract Tower,0,56,41,2,99,0,0,127,2,129,0,56,168,4,228,50,64,114,342
06/07/2021,FOK,NY,AEA,EN,Federal Contract Tower,0,36,41,0,77,0,0,61,0,61,0,36,102,0,138,50,0,50,188
06/08/2021,FOK,NY,AEA,EN,Federal Contract Tower,0,41,39,4,84,0,6,43,3,52,0,47,82,7,136,12,4,16,152
06/10/2021,FOK,NY,AEA,EN,Federal Contract Tower,0,36,53,2,91,0,3,106,2,111,0,39,159,4,202,62,18,80,282
06/11/2021,FOK,NY,AEA,EN,Federal Contract Tower,0,29,51,0,80,0,2,85,0,87,0,31,136,0,167,16,0,16,183
06/12/2021,FOK,NY,AEA,EN,Federal Contract Tower,0,42,50,0,92,0,0,86,1,87,0,42,136,1,179,64,0,64,243
06/13/2021,FOK,NY,AEA,EN,Federal Contract Tower,0,58,48,0,106,0,2,121,0,123,0,60,169,0,229,94,0,94,323
06/14/2021,FOK,NY,AEA,EN,Federal Contract Tower,0,37,44,0,81,0,1,53,0,54,0,38,97,0,135,8,0,8,143
06/15/2021,FOK,NY,AEA,EN,Federal Contract Tower,0,37,45,0,82,0,0,35,11,46,0,37,80,11,128,22,6,28,156
06/16/2021,FOK,NY,AEA,EN,Federal Contract Tower,0,39,47,4,90,0,0,79,6,85,0,39,126,10,175,48,36,84,259
06/17/2021,FOK,NY,AEA,EN,Federal Contract Tower,0,51,52,0,103,0,1,90,6,97,0,52,142,6,200,50,82,132,332
06/18/2021,FOK,NY,AEA,EN,Federal Contract Tower,0,45,63,1,109,0,0,76,0,76,0,45,139,1,185,52,0,52,237
06/19/2021,FOK,NY,AEA,EN,Federal Contract Tower,0,25,49,0,74,0,4,80,0,84,0,29,129,0,158,80,0,80,238
06/20/2021,FOK,NY,AEA,EN,Federal Contract Tower,0,64,74,0,138,0,4,113,0,117,0,68,187,0,255,74,0,74,329
06/21/2021,FOK,NY,AEA,EN,Federal Contract Tower,0,43,83,0,126,0,0,0,0,0,0,43,83,0,126,0,0,0,126
06/22/2021,FOK,NY,AEA,EN,Federal Contract Tower,0,49,45,3,97,0,0,5,2,7,0,49,50,5,104,12,14,26,130
06/24/2021,FOK,NY,AEA,EN,Federal Contract Tower,0,50,61,1,112,0,0,103,25,128,0,50,164,26,240,44,90,134,374
06/25/2021,FOK,NY,AEA,EN,Federal Contract Tower,0,63,84,0,147,0,0,51,0,51,0,63,135,0,198,0,0,0,198
06/26/2021,FOK,NY,AEA,EN,Federal Contract Tower,0,75,63,0,138,0,2,7,0,9,0,77,70,0,147,0,0,0,147
06/27/2021,FOK,NY,AEA,EN,Federal Contract Tower,0,66,112,0,178,0,0,62,0,62,0,66,174,0,240,6,0,6,246
06/28/2021,FOK,NY,AEA,EN,Federal Contract Tower,0,31,50,0,81,0,1,93,0,94,0,32,143,0,175,58,0,58,233
06/29/2021,FOK,NY,AEA,EN,Federal Contract Tower,0,45,53,3,101,0,0,90,16,106,0,45,143,19,207,14,134,148,355
06/30/2021,FOK,NY,AEA,EN,Federal Contract Tower,0,50,51,0,101,0,2,69,8,79,0,52,120,8,180,8,76,84,264
07/01/2021,FOK,NY,AEA,EN,Federal Contract Tower,0,44,58,0,102,0,0,60,12,72,0,44,118,12,174,6,62,68,242
07/02/2021,FOK,NY,AEA,EN,Federal Contract Tower,0,61,103,2,166,0,0,28,0,28,0,61,131,2,194,0,0,0,194
07/03/2021,FOK,NY,AEA,EN,Federal Contract Tower,0,63,70,0,133,0,0,0,0,0,0,63,70,0,133,0,0,0,133
07/04/2021,FOK,NY,AEA,EN,Federal Contract Tower,0,44,60,0,104,0,0,69,0,69,0,44,129,0,173,50,0,50,223
07/05/2021,FOK,NY,AEA,EN,Federal Contract Tower,0,51,98,1,150,0,0,80,0,80,0,51,178,1,230,0,0,0,230
07/06/2021,FOK,NY,AEA,EN,Federal Contract Tower,0,80,61,0,141,0,0,54,0,54,0,80,115,0,195,40,0,40,235
07/07/2021,FOK,NY,AEA,EN,Federal Contract Tower,0,43,39,0,82,0,1,87,10,98,0,44,126,10,180,42,72,114,294
07/08/2021,FOK,NY,AEA,EN,Federal Contract Tower,0,72,72,4,148,0,0,0,0,0,0,72,72,4,148,0,0,0,148
07/09/2021,FOK,NY,AEA,EN,Federal Contract Tower,0,70,71,2,143,0,4,53,4,61,0,74,124,6,204,16,50,66,270
07/10/2021,FOK,NY,AEA,EN,Federal Contract Tower,0,70,83,0,153,0,0,75,0,75,0,70,158,0,228,54,0,54,282
07/11/2021,FOK,NY,AEA,EN,Federal Contract Tower,0,58,113,0,171,0,0,24,0,24,0,58,137,0,195,6,0,6,201
07/12/2021,FOK,NY,AEA,EN,Federal Contract Tower,0,40,41,1,82,0,0,7,0,7,0,40,48,1,89,0,0,0,89
07/13/2021,FOK,NY,AEA,EN,Federal Contract Tower,0,50,72,12,134,0,0,0,2,2,0,50,72,14,136,0,38,38,174
07/14/2021,FOK,NY,AEA,EN,Federal Contract Tower,0,57,48,1,106,0,0,40,9,49,0,57,88,10,155,14,46,60,215
07/15/2021,FOK,NY,AEA,EN,Federal Contract Tower,0,87,61,2,150,0,0,96,7,103,0,87,157,9,253,2,58,60,313
07/16/2021,FOK,NY,AEA,EN,Federal Contract Tower,0,52,60,0,112,0,2,117,2,121,0,54,177,2,233,56,0,56,289
07/17/2021,FOK,NY,AEA,EN,Federal Contract Tower,0,56,49,0,105,0,0,53,0,53,0,56,102,0,158,10,0,10,168
07/18/2021,FOK,NY,AEA,EN,Federal Contract Tower,0,90,114,0,204,0,0,49,0,49,0,90,163,0,253,0,0,0,253
07/19/2021,FOK,NY,AEA,EN,Federal Contract Tower,0,75,60,6,141,0,1,64,2,67,0,76,124,8,208,8,22,30,238
07/20/2021,FOK,NY,AEA,EN,Federal Contract Tower,0,33,40,0,73,0,2,70,22,94,0,35,110,22,167,14,126,140,307
07/21/2021,FOK,NY,AEA,EN,Federal Contract Tower,0,36,55,0,91,0,1,80,17,98,0,37,135,17,189,30,64,94,283
07/22/2021,FOK,NY,AEA,EN,Federal Contract Tower,0,58,67,3,128,0,2,120,27,149,0,60,187,30,277,56,134,190,467
07/23/2021,FOK,NY,AEA,EN,Federal Contract Tower,0,68,59,0,127,0,4,105,2,111,0,72,164,2,238,48,4,52,290
07/24/2021,FOK,NY,AEA,EN,Federal Contract Tower,0,73,68,0,141,0,1,118,0,119,0,74,186,0,260,82,0,82,342
07/25/2021,FOK,NY,AEA,EN,Federal Contract Tower,0,99,107,0,206,0,5,54,0,59,0,104,161,0,265,0,0,0,265
07/26/2021,FOK,NY,AEA,EN,Federal Contract Tower,0,48,48,0,96,0,2,87,0,89,0,50,135,0,185,76,0,76,261
07/27/2021,FOK,NY,AEA,EN,Federal Contract Tower,0,46,51,3,100,0,1,82,6,89,0,47,133,9,189,46,32,78,267
07/28/2021,FOK,NY,AEA,EN,Federal Contract Tower,0,67,61,0,128,0,6,81,20,107,0,73,142,20,235,124,54,178,413
07/29/2021,FOK,NY,AEA,EN,Federal Contract Tower,0,73,106,3,182,0,1,64,5,70,0,74,170,8,252,0,0,0,252
07/30/2021,FOK,NY,AEA,EN,Federal Contract Tower,0,94,80,1,175,0,5,91,0,96,0,99,171,1,271,34,0,34,305
07/31/2021,FOK,NY,AEA,EN,Federal Contract Tower,0,50,64,0,114,0,3,100,0,103,0,53,164,0,217,42,0,42,259
08/01/2021,FOK,NY,AEA,EN,Federal Contract Tower,0,93,83,0,176,0,8,104,0,112,0,101,187,0,288,16,0,16,304
08/02/2021,FOK,NY,AEA,EN,Federal Contract Tower,0,52,39,2,93,0,2,78,0,80,0,54,117,2,173,32,22,54,227
08/03/2021,FOK,NY,AEA,EN,Federal Contract Tower,0,28,17,4,49,0,8,71,8,87,0,36,88,12,136,16,34,50,186
08/04/2021,FOK,NY,AEA,EN,Federal Contract Tower,0,82,54,8,144,0,9,73,7,89,0,91,127,15,233,8,18,26,259
08/05/2021,FOK,NY,AEA,EN,Federal Contract Tower,0,98,87,1,186,0,0,28,0,28,0,98,115,1,214,0,10,10,224
08/06/2021,FOK,NY,AEA,EN,Federal Contract Tower,0,66,83,0,149,0,0,146,18,164,0,66,229,18,313,68,4,72,385
08/07/2021,FOK,NY,AEA,EN,Federal Contract Tower,0,68,48,0,116,0,1,133,0,134,0,69,181,0,250,8,0,8,258
08/08/2021,FOK,NY,AEA,EN,Federal Contract Tower,0,109,117,1,227,0,0,61,6,67,0,109,178,7,294,6,0,6,300
08/09/2021,FOK,NY,AEA,EN,Federal Contract Tower,0,68,93,0,161,0,0,64,0,64,0,68,157,0,225,0,0,0,225
08/10/2021,FOK,NY,AEA,EN,Federal Contract Tower,0,45,64,4,113,0,0,30,0,30,0,45,94,4,143,0,0,0,143
08/11/2021,FOK,NY,AEA,EN,Federal Contract Tower,0,62,76,7,145,0,0,66,4,70,0,62,142,11,215,0,0,0,215
08/12/2021,FOK,NY,AEA,EN,Federal Contract Tower,0,98,93,0,191,0,6,148,22,176,0,104,241,22,367,108,118,226,593
08/13/2021,FOK,NY,AEA,EN,Federal Contract Tower,0,75,66,0,141,0,4,92,4,100,0,79,158,4,241,22,20,42,283
08/14/2021,FOK,NY,AEA,EN,Federal Contract Tower,0,49,52,1,102,0,2,61,0,63,0,51,113,1,165,28,0,28,193
08/15/2021,FOK,NY,AEA,EN,Federal Contract Tower,0,83,93,0,176,0,0,125,0,125,0,83,218,0,301,36,0,36,337
08/16/2021,FOK,NY,AEA,EN,Federal Contract Tower,0,51,59,10,120,0,2,68,0,70,0,53,127,10,190,58,2,60,250
08/17/2021,FOK,NY,AEA,EN,Federal Contract Tower,0,54,52,2,108,0,5,89,13,107,0,59,141,15,215,30,68,98,313
08/18/2021,FOK,NY,AEA,EN,Federal Contract Tower,0,75,75,2,152,0,0,77,3,80,0,75,152,5,232,38,34,72,304
08/19/2021,FOK,NY,AEA,EN,Federal Contract Tower,0,70,78,8,156,0,0,55,22,77,0,70,133,30,233,0,30,30,263
08/20/2021,FOK,NY,AEA,EN,Federal Contract Tower,0,60,84,0,144,0,1,96,0,97,0,61,180,0,241,24,0,24,265
08/21/2021,FOK,NY,AEA,EN,Federal Contract Tower,0,115,86,3,204,0,4,72,0,76,0,119,158,3,280,4,0,4,284
08/22/2021,FOK,NY,AEA,EN,Federal Contract Tower,0,2,2,0,4,0,0,0,0,0,0,2,2,0,4,0,0,0,4
08/23/2021,FOK,NY,AEA,EN,Federal Contract Tower,0,62,71,3,136,0,0,4,0,4,0,62,75,3,140,0,0,0,140
08/24/2021,FOK,NY,AEA,EN,Federal Contract Tower,0,50,58,0,108,0,0,71,30,101,0,50,129,30,209,18,0,18,227
08/25/2021,FOK,NY,AEA,EN,Federal Contract Tower,0,57,56,2,115,0,2,83,3,88,0,59,139,5,203,40,0,40,243
08/26/2021,FOK,NY,AEA,EN,Federal Contract Tower,0,66,57,0,123,0,8,72,5,85,0,74,129,5,208,28,38,66,274
08/27/2021,FOK,NY,AEA,EN,Federal Contract Tower,0,64,79,4,147,0,0,75,8,83,0,64,154,12,230,62,76,138,368
08/28/2021,FOK,NY,AEA,EN,Federal Contract Tower,0,48,66,0,114,0,1,53,0,54,0,49,119,0,168,2,0,2,170
08/29/2021,FOK,NY,AEA,EN,Federal Contract Tower,0,67,98,0,165,0,0,97,0,97,0,67,195,0,262,0,0,0,262
08/30/2021,FOK,NY,AEA,EN,Federal Contract Tower,0,47,49,0,96,0,2,35,0,37,0,49,84,0,133,6,0,6,139
08/31/2021,FOK,NY,AEA,EN,Federal Contract Tower,0,46,47,4,97,0,0,48,10,58,0,46,95,14,155,18,40,58,213
09/01/2021,FOK,NY,AEA,EN,Federal Contract Tower,0,43,50,0,93,0,1,8,8,17,0,44,58,8,110,10,62,72,182
09/02/2021,FOK,NY,AEA,EN,Federal Contract Tower,0,58,57,0,115,0,1,48,7,56,0,59,105,7,171,10,34,44,215
09/03/2021,FOK,NY,AEA,EN,Federal Contract Tower,0,51,50,0,101,0,8,72,2,82,0,59,122,2,183,26,18,44,227
09/04/2021,FOK,NY,AEA,EN,Federal Contract Tower,0,47,46,0,93,0,3,62,0,65,0,50,108,0,158,16,0,16,174
09/05/2021,FOK,NY,AEA,EN,Federal Contract Tower,0,47,71,0,118,0,68,0,0,68,0,115,71,0,186,46,0,46,232
09/06/2021,FOK,NY,AEA,EN,Federal Contract Tower,0,68,57,0,125,0,6,81,0,87,0,74,138,0,212,42,0,42,254
09/07/2021,FOK,NY,AEA,EN,Federal Contract Tower,0,39,47,4,90,0,0,55,0,55,0,39,102,4,145,8,0,8,153
09/08/2021,FOK,NY,AEA,EN,Federal Contract Tower,0,26,28,8,62,0,46,10,0,56,0,72,38,8,118,28,76,104,222
09/09/2021,FOK,NY,AEA,EN,Federal Contract Tower,0,39,32,15,86,0,0,3,0,3,0,39,35,15,89,0,0,0,89
09/10/2021,FOK,NY,AEA,EN,Federal Contract Tower,0,50,48,3,101,0,3,65,2,70,0,53,113,5,171,12,0,12,183
09/11/2021,FOK,NY,AEA,EN,Federal Contract Tower,0,33,20,0,53,0,0,110,6,116,0,33,130,6,169,92,26,118,287
09/12/2021,FOK,NY,AEA,EN,Federal Contract Tower,0,43,33,16,92,0,0,33,0,33,0,43,66,16,125,20,60,80,205
09/13/2021,FOK,NY,AEA,EN,Federal Contract Tower,0,24,21,0,45,0,0,48,0,48,0,24,69,0,93,36,0,36,129
09/14/2021,FOK,NY,AEA,EN,Federal Contract Tower,0,31,39,3,73,0,6,64,1,71,0,37,103,4,144,32,26,58,202
09/15/2021,FOK,NY,AEA,EN,Federal Contract Tower,0,27,43,3,73,0,1,24,11,36,0,28,67,14,109,10,44,54,163
09/16/2021,FOK,NY,AEA,EN,Federal Contract Tower,0,32,43,2,77,0,0,37,8,45,0,32,80,10,122,0,34,34,156
09/17/2021,FOK,NY,AEA,EN,Federal Contract Tower,0,46,52,3,101,0,0,39,1,40,0,46,91,4,141,0,0,0,141
09/18/2021,FOK,NY,AEA,EN,Federal Contract Tower,0,30,31,2,63,0,0,85,0,85,0,30,116,2,148,74,0,74,222
09/19/2021,FOK,NY,AEA,EN,Federal Contract Tower,0,51,43,0,94,0,14,107,0,121,0,65,150,0,215,60,0,60,275
09/20/2021,FOK,NY,AEA,EN,Federal Contract Tower,0,29,20,1,50,0,4,80,0,84,0,33,100,1,134,52,0,52,186
09/21/2021,FOK,NY,AEA,EN,Federal Contract Tower,0,12,37,3,52,0,0,44,3,47,0,12,81,6,99,26,46,72,171
09/22/2021,FOK,NY,AEA,EN,Federal Contract Tower,0,19,32,0,51,0,1,20,0,21,0,20,52,0,72,4,0,4,76
09/23/2021,FOK,NY,AEA,EN,Federal Contract Tower,0,25,20,0,45,0,0,38,2,40,0,25,58,2,85,0,8,8,93
09/24/2021,FOK,NY,AEA,EN,Federal Contract Tower,0,52,52,5,109,0,0,39,0,39,0,52,91,5,148,18,16,34,182
09/25/2021,FOK,NY,AEA,EN,Federal Contract Tower,0,34,31,0,65,0,5,139,0,144,0,39,170,0,209,130,0,130,339
09/26/2021,FOK,NY,AEA,EN,Federal Contract Tower,0,38,49,0,87,0,7,73,0,80,0,45,122,0,167,88,0,88,255
09/27/2021,FOK,NY,AEA,EN,Federal Contract Tower,0,32,36,4,72,0,10,58,0,68,0,42,94,4,140,72,0,72,212
09/28/2021,FOK,NY,AEA,EN,Federal Contract Tower,0,30,27,0,57,0,0,30,0,30,0,30,57,0,87,0,0,0,87
09/29/2021,FOK,NY,AEA,EN,Federal Contract Tower,0,28,27,0,55,0,0,55,1,56,0,28,82,1,111,54,0,54,165
09/30/2021,FOK,NY,AEA,EN,Federal Contract Tower,1,31,41,0,73,0,9,80,0,89,1,40,121,0,162,50,0,50,212
10/01/2021,FOK,NY,AEA,EN,Federal Contract Tower,0,33,34,2,69,0,2,94,4,100,0,35,128,6,169,70,0,70,239
10/02/2021,FOK,NY,AEA,EN,Federal Contract Tower,0,17,18,0,35,0,0,91,17,108,0,17,109,17,143,70,36,106,249
10/03/2021,FOK,NY,AEA,EN,Federal Contract Tower,0,30,41,0,71,0,5,89,0,94,0,35,130,0,165,98,0,98,263
10/04/2021,FOK,NY,AEA,EN,Federal Contract Tower,0,18,28,0,46,0,0,0,0,0,0,18,28,0,46,0,0,0,46
10/05/2021,FOK,NY,AEA,EN,Federal Contract Tower,0,19,21,0,40,0,10,4,0,14,0,29,25,0,54,0,50,50,104
10/06/2021,FOK,NY,AEA,EN,Federal Contract Tower,0,14,34,4,52,0,0,53,1,54,0,14,87,5,106,54,50,104,210
10/07/2021,FOK,NY,AEA,EN,Federal Contract Tower,0,20,33,0,53,0,7,45,1,53,0,27,78,1,106,72,32,104,210
10/08/2021,FOK,NY,AEA,EN,Federal Contract Tower,0,29,40,0,69,0,0,84,0,84,0,29,124,0,153,0,0,0,153
10/09/2021,FOK,NY,AEA,EN,Federal Contract Tower,0,26,21,0,47,0,0,51,0,51,0,26,72,0,98,36,0,36,134
10/10/2021,FOK,NY,AEA,EN,Federal Contract Tower,0,23,44,0,67,0,0,20,0,20,0,23,64,0,87,14,0,14,101
10/11/2021,FOK,NY,AEA,EN,Federal Contract Tower,0,27,23,0,50,0,0,58,0,58,0,27,81,0,108,34,0,34,142
10/12/2021,FOK,NY,AEA,EN,Federal Contract Tower,0,2,13,0,15,0,0,21,0,21,0,2,34,0,36,12,0,12,48
10/13/2021,FOK,NY,AEA,EN,Federal Contract Tower,0,14,24,0,38,0,0,32,4,36,0,14,56,4,74,14,52,66,140
10/14/2021,FOK,NY,AEA,EN,Federal Contract Tower,0,6,34,2,42,0,0,51,12,63,0,6,85,14,105,68,54,122,227
10/15/2021,FOK,NY,AEA,EN,Federal Contract Tower,0,16,37,0,53,0,2,75,1,78,0,18,112,1,131,24,0,24,155
10/16/2021,FOK,NY,AEA,EN,Federal Contract Tower,0,16,19,0,35,0,2,38,0,40,0,18,57,0,75,0,0,0,75
10/17/2021,FOK,NY,AEA,EN,Federal Contract Tower,0,14,28,0,42,0,5,53,0,58,0,19,81,0,100,70,0,70,170
10/18/2021,FOK,NY,AEA,EN,Federal Contract Tower,0,27,22,0,49,0,2,37,0,39,0,29,59,0,88,0,4,4,92
10/19/2021,FOK,NY,AEA,EN,Federal Contract Tower,0,6,18,0,24,0,0,30,16,46,0,6,48,16,70,34,88,122,192
10/20/2021,FOK,NY,AEA,EN,Federal Contract Tower,0,18,29,1,48,0,2,60,16,78,0,20,89,17,126,14,64,78,204
10/21/2021,FOK,NY,AEA,EN,Federal Contract Tower,0,18,33,4,55,0,0,71,13,84,0,18,104,17,139,56,36,92,231
10/22/2021,FOK,NY,AEA,EN,Federal Contract Tower,0,15,36,0,51,0,2,58,29,89,0,17,94,29,140,32,10,42,182
10/23/2021,FOK,NY,AEA,EN,Federal Contract Tower,0,18,9,0,27,0,0,35,0,35,0,18,44,0,62,50,0,50,112
10/24/2021,FOK,NY,AEA,EN,Federal Contract Tower,0,23,18,0,41,0,2,103,0,105,0,25,121,0,146,48,0,48,194
10/25/2021,FOK,NY,AEA,EN,Federal Contract Tower,0,11,17,0,28,0,2,28,0,30,0,13,45,0,58,100,0,100,158
10/26/2021,FOK,NY,AEA,EN,Federal Contract Tower,0,18,10,0,28,0,0,0,0,0,0,18,10,0,28,0,0,0,28
10/27/2021,FOK,NY,AEA,EN,Federal Contract Tower,0,17,9,4,30,0,0,2,12,14,0,17,11,16,44,0,86,86,130
10/28/2021,FOK,NY,AEA,EN,Federal Contract Tower,0,21,27,3,51,0,2,21,5,28,0,23,48,8,79,42,104,146,225
10/29/2021,FOK,NY,AEA,EN,Federal Contract Tower,0,7,10,2,19,0,0,40,0,40,0,7,50,2,59,18,22,40,99
10/30/2021,FOK,NY,AEA,EN,Federal Contract Tower,0,16,20,0,36,0,0,0,0,0,0,16,20,0,36,0,0,0,36
10/31/2021,FOK,NY,AEA,EN,Federal Contract Tower,0,10,20,0,30,0,0,51,0,51,0,10,71,0,81,38,0,38,119
11/01/2021,FOK,NY,AEA,EN,Federal Contract Tower,0,10,16,0,26,0,0,31,4,35,0,10,47,4,61,34,0,34,95
11/02/2021,FOK,NY,AEA,EN,Federal Contract Tower,0,14,4,0,18,0,2,43,24,69,0,16,47,24,87,62,76,138,225
11/03/2021,FOK,NY,AEA,EN,Federal Contract Tower,0,10,10,0,20,0,0,34,4,38,0,10,44,4,58,52,14,66,124
11/04/2021,FOK,NY,AEA,EN,Federal Contract Tower,0,12,12,0,24,0,0,39,4,43,0,12,51,4,67,104,24,128,195
11/05/2021,FOK,NY,AEA,EN,Federal Contract Tower,0,11,12,7,30,0,0,50,16,66,0,11,62,23,96,64,82,146,242
11/06/2021,FOK,NY,AEA,EN,Federal Contract Tower,0,12,12,3,27,0,0,68,12,80,0,12,80,15,107,106,114,220,327
11/07/2021,FOK,NY,AEA,EN,Federal Contract Tower,0,8,9,0,17,0,2,61,0,63,0,10,70,0,80,82,0,82,162
11/08/2021,FOK,NY,AEA,EN,Federal Contract Tower,0,1,9,1,11,0,0,24,0,24,0,1,33,1,35,100,0,100,135
11/09/2021,FOK,NY,AEA,EN,Federal Contract Tower,0,13,4,2,19,0,1,33,5,39,0,14,37,7,58,24,94,118,176
11/10/2021,FOK,NY,AEA,EN,Federal Contract Tower,0,11,22,2,35,0,0,86,22,108,0,11,108,24,143,96,64,160,303
11/11/2021,FOK,NY,AEA,EN,Federal Contract Tower,0,16,19,0,35,0,0,60,0,60,0,16,79,0,95,88,0,88,183
11/12/2021,FOK,NY,AEA,EN,Federal Contract Tower,0,6,11,0,17,0,0,8,0,8,0,6,19,0,25,2,0,2,27
11/13/2021,FOK,NY,AEA,EN,Federal Contract Tower,0,13,13,0,26,0,2,34,0,36,0,15,47,0,62,57,0,57,119
11/14/2021,FOK,NY,AEA,EN,Federal Contract Tower,0,12,21,0,33,0,0,83,0,83,0,12,104,0,116,116,0,116,232
11/15/2021,FOK,NY,AEA,EN,Federal Contract Tower,0,3,19,1,23,0,0,19,0,19,0,3,38,1,42,0,30,30,72
11/16/2021,FOK,NY,AEA,EN,Federal Contract Tower,0,14,14,0,28,0,1,45,0,46,0,15,59,0,74,58,0,58,132
11/17/2021,FOK,NY,AEA,EN,Federal Contract Tower,0,6,14,0,20,0,0,65,5,70,0,6,79,5,90,73,46,119,209
11/18/2021,FOK,NY,AEA,EN,Federal Contract Tower,0,6,14,2,22,0,0,47,7,54,0,6,61,9,76,26,36,62,138
11/19/2021,FOK,NY,AEA,EN,Federal Contract Tower,0,11,17,0,28,0,2,31,6,39,0,13,48,6,67,0,0,0,67
11/20/2021,FOK,NY,AEA,EN,Federal Contract Tower,0,20,23,0,43,0,0,63,2,65,0,20,86,2,108,49,0,49,157
11/21/2021,FOK,NY,AEA,EN,Federal Contract Tower,0,6,16,0,22,0,2,41,0,43,0,8,57,0,65,82,0,82,147
11/22/2021,FOK,NY,AEA,EN,Federal Contract Tower,0,13,10,0,23,0,1,11,0,12,0,14,21,0,35,0,0,0,35
11/23/2021,FOK,NY,AEA,EN,Federal Contract Tower,0,28,19,1,48,0,0,52,0,52,0,28,71,1,100,0,0,0,100
11/24/2021,FOK,NY,AEA,EN,Federal Contract Tower,0,16,31,0,47,0,1,70,6,77,0,17,101,6,124,2,28,30,154
11/25/2021,FOK,NY,AEA,EN,Federal Contract Tower,0,5,6,0,11,0,0,27,0,27,0,5,33,0,38,14,0,14,52
11/26/2021,FOK,NY,AEA,EN,Federal Contract Tower,0,17,16,0,33,0,0,10,0,10,0,17,26,0,43,16,0,16,59
11/27/2021,FOK,NY,AEA,EN,Federal Contract Tower,0,26,16,0,42,0,0,30,0,30,0,26,46,0,72,6,0,6,78
11/28/2021,FOK,NY,AEA,EN,Federal Contract Tower,0,28,34,0,62,0,0,35,0,35,0,28,69,0,97,56,0,56,153
11/29/2021,FOK,NY,AEA,EN,Federal Contract Tower,0,23,13,0,36,0,4,41,0,45,0,27,54,0,81,36,0,36,117
11/30/2021,FOK,NY,AEA,EN,Federal Contract Tower,0,14,12,1,27,0,0,24,12,36,0,14,36,13,63,12,62,74,137
12/01/2021,FOK,NY,AEA,EN,Federal Contract Tower,0,10,21,3,34,0,0,65,2,67,0,10,86,5,101,0,14,14,115
12/02/2021,FOK,NY,AEA,EN,Federal Contract Tower,0,10,16,6,32,0,1,38,20,59,0,11,54,26,91,36,98,134,225
12/03/2021,FOK,NY,AEA,EN,Federal Contract Tower,0,14,7,2,23,0,0,22,4,26,0,14,29,6,49,0,0,0,49
12/04/2021,FOK,NY,AEA,EN,Federal Contract Tower,0,5,8,2,15,0,1,75,9,85,0,6,83,11,100,54,26,80,180
12/05/2021,FOK,NY,AEA,EN,Federal Contract Tower,0,19,12,0,31,0,0,89,2,91,0,19,101,2,122,104,56,160,282
12/06/2021,FOK,NY,AEA,EN,Federal Contract Tower,0,18,9,0,27,0,0,2,0,2,0,18,11,0,29,0,0,0,29
12/07/2021,FOK,NY,AEA,EN,Federal Contract Tower,0,15,6,0,21,0,1,31,22,54,0,16,37,22,75,6,62,68,143
12/08/2021,FOK,NY,AEA,EN,Federal Contract Tower,0,8,6,0,14,0,0,5,12,17,0,8,11,12,31,22,30,52,83
12/09/2021,FOK,NY,AEA,EN,Federal Contract Tower,0,9,5,6,20,0,0,38,8,46,0,9,43,14,66,16,22,38,104
12/10/2021,FOK,NY,AEA,EN,Federal Contract Tower,0,6,8,1,15,0,4,28,1,33,0,10,36,2,48,44,6,50,98
12/11/2021,FOK,NY,AEA,EN,Federal Contract Tower,0,7,1,0,8,0,0,0,0,0,0,7,1,0,8,0,0,0,8
12/12/2021,FOK,NY,AEA,EN,Federal Contract Tower,0,2,4,1,7,0,0,42,0,42,0,2,46,1,49,52,0,52,101
12/13/2021,FOK,NY,AEA,EN,Federal Contract Tower,0,2,6,0,8,0,0,36,1,37,0,2,42,1,45,56,28,84,129
12/14/2021,FOK,NY,AEA,EN,Federal Contract Tower,0,9,2,2,13,0,0,38,18,56,0,9,40,20,69,38,44,82,151
12/15/2021,FOK,NY,AEA,EN,Federal Contract Tower,0,4,11,2,17,0,0,34,6,40,0,4,45,8,57,42,80,122,179
12/16/2021,FOK,NY,AEA,EN,Federal Contract Tower,0,10,14,1,25,0,0,34,6,40,0,10,48,7,65,10,12,22,87
12/17/2021,FOK,NY,AEA,EN,Federal Contract Tower,0,18,9,0,27,0,0,21,0,21,0,18,30,0,48,52,0,52,100
12/18/2021,FOK,NY,AEA,EN,Federal Contract Tower,0,25,9,0,34,0,0,4,0,4,0,25,13,0,38,0,0,0,38
12/19/2021,FOK,NY,AEA,EN,Federal Contract Tower,0,13,11,0,24,0,0,38,0,38,0,13,49,0,62,4,0,4,66
12/20/2021,FOK,NY,AEA,EN,Federal Contract Tower,0,15,21,0,36,0,0,65,0,65,0,15,86,0,101,2,12,14,115
12/21/2021,FOK,NY,AEA,EN,Federal Contract Tower,0,13,11,0,24,0,0,47,22,69,0,13,58,22,93,10,26,36,129
12/22/2021,FOK,NY,AEA,EN,Federal Contract Tower,0,10,18,1,29,0,0,8,18,26,0,10,26,19,55,0,24,24,79
12/23/2021,FOK,NY,AEA,EN,Federal Contract Tower,0,6,20,1,27,0,0,46,6,52,0,6,66,7,79,10,28,38,117
12/24/2021,FOK,NY,AEA,EN,Federal Contract Tower,0,11,12,0,23,0,0,6,0,6,0,11,18,0,29,2,0,2,31
12/25/2021,FOK,NY,AEA,EN,Federal Contract Tower,0,17,3,0,20,0,0,0,0,0,0,17,3,0,20,0,0,0,20
12/26/2021,FOK,NY,AEA,EN,Federal Contract Tower,0,31,47,0,78,0,0,42,0,42,0,31,89,0,120,20,0,20,140
12/27/2021,FOK,NY,AEA,EN,Federal Contract Tower,0,21,24,0,45,0,0,31,0,31,0,21,55,0,76,30,0,30,106
12/28/2021,FOK,NY,AEA,EN,Federal Contract Tower,0,12,22,1,35,0,0,19,21,40,0,12,41,22,75,6,60,66,141
12/29/2021,FOK,NY,AEA,EN,Federal Contract Tower,0,16,9,1,26,0,0,1,5,6,0,16,10,6,32,0,32,32,64
12/30/2021,FOK,NY,AEA,EN,Federal Contract Tower,0,15,30,1,46,0,0,0,0,0,0,15,30,1,46,6,0,6,52
12/31/2021,FOK,NY,AEA,EN,Federal Contract Tower,0,13,18,0,31,0,0,0,0,0,0,13,18,0,31,0,0,0,31
01/01/2022,FOK,NY,AEA,EN,Federal Contract Tower,0,15,4,0,19,0,0,0,0,0,0,15,4,0,19,0,0,0,19
01/02/2022,FOK,NY,AEA,EN,Federal Contract Tower,0,22,15,0,37,0,0,7,0,7,0,22,22,0,44,6,0,6,50
01/03/2022,FOK,NY,AEA,EN,Federal Contract Tower,0,8,16,2,26,0,0,0,0,0,0,8,16,2,26,0,0,0,26
01/04/2022,FOK,NY,AEA,EN,Federal Contract Tower,0,16,10,0,26,0,0,0,0,0,0,16,10,0,26,56,16,72,98
01/05/2022,FOK,NY,AEA,EN,Federal Contract Tower,0,22,1,1,24,0,0,0,0,0,0,22,1,1,24,0,0,0,24
01/06/2022,FOK,NY,AEA,EN,Federal Contract Tower,0,12,14,3,29,0,0,40,10,50,0,12,54,13,79,36,52,88,167
01/07/2022,FOK,NY,AEA,EN,Federal Contract Tower,0,6,7,0,13,0,0,2,5,7,0,6,9,5,20,0,46,46,66
01/08/2022,FOK,NY,AEA,EN,Federal Contract Tower,0,9,12,0,21,0,0,12,0,12,0,9,24,0,33,14,0,14,47
01/09/2022,FOK,NY,AEA,EN,Federal Contract Tower,0,3,5,0,8,0,0,10,22,32,0,3,15,22,40,12,82,94,134
01/10/2022,FOK,NY,AEA,EN,Federal Contract Tower,0,9,12,0,21,0,0,54,0,54,0,9,66,0,75,66,0,66,141
01/11/2022,FOK,NY,AEA,EN,Federal Contract Tower,0,2,3,2,7,0,0,1,34,35,0,2,4,36,42,0,24,24,66
01/12/2022,FOK,NY,AEA,EN,Federal Contract Tower,0,2,9,0,11,0,0,17,41,58,0,2,26,41,69,6,28,34,103
01/13/2022,FOK,NY,AEA,EN,Federal Contract Tower,0,7,8,0,15,0,14,40,16,70,0,21,48,16,85,60,96,156,241
01/14/2022,FOK,NY,AEA,EN,Federal Contract Tower,0,5,8,2,15,0,0,11,0,11,0,5,19,2,26,24,0,24,50
01/15/2022,FOK,NY,AEA,EN,Federal Contract Tower,0,0,6,0,6,0,0,14,0,14,0,0,20,0,20,8,0,8,28
01/16/2022,FOK,NY,AEA,EN,Federal Contract Tower,0,2,4,0,6,0,0,28,0,28,0,2,32,0,34,14,0,14,48
01/17/2022,FOK,NY,AEA,EN,Federal Contract Tower,0,8,11,0,19,0,0,4,0,4,0,8,15,0,23,0,0,0,23
01/18/2022,FOK,NY,AEA,EN,Federal Contract Tower,0,0,5,1,6,0,0,6,0,6,0,0,11,1,12,2,0,2,14
01/19/2022,FOK,NY,AEA,EN,Federal Contract Tower,0,8,10,2,20,0,0,9,31,40,0,8,19,33,60,22,6,28,88
01/20/2022,FOK,NY,AEA,EN,Federal Contract Tower,0,6,5,0,11,0,0,2,13,15,0,6,7,13,26,36,20,56,82
01/21/2022,FOK,NY,AEA,EN,Federal Contract Tower,0,2,5,0,7,0,2,15,5,22,0,4,20,5,29,12,2,14,43
01/22/2022,FOK,NY,AEA,EN,Federal Contract Tower,0,2,9,0,11,0,0,46,0,46,0,2,55,0,57,70,0,70,127
01/23/2022,FOK,NY,AEA,EN,Federal Contract Tower,0,5,18,0,23,0,2,79,0,81,0,7,97,0,104,72,0,72,176
01/24/2022,FOK,NY,AEA,EN,Federal Contract Tower,0,8,11,0,19,0,0,22,2,24,0,8,33,2,43,6,0,6,49
01/25/2022,FOK,NY,AEA,EN,Federal Contract Tower,0,3,11,0,14,0,0,12,6,18,0,3,23,6,32,8,18,26,58
01/26/2022,FOK,NY,AEA,EN,Federal Contract Tower,0,4,10,0,14,0,0,35,1,36,0,4,45,1,50,66,8,74,124
01/27/2022,FOK,NY,AEA,EN,Federal Contract Tower,0,5,6,0,11,0,0,15,3,18,0,5,21,3,29,10,36,46,75
01/28/2022,FOK,NY,AEA,EN,Federal Contract Tower,0,7,8,0,15,0,0,7,0,7,0,7,15,0,22,14,0,14,36
01/29/2022,FOK,NY,AEA,EN,Federal Contract Tower,0,0,0,0,0,0,0,0,0,0,0,0,0,0,0,0,0,0,0
01/30/2022,FOK,NY,AEA,EN,Federal Contract Tower,0,5,2,0,7,0,0,4,2,6,0,5,6,2,13,0,0,0,13
01/31/2022,FOK,NY,AEA,EN,Federal Contract Tower,0,7,6,0,13,0,0,0,0,0,0,7,6,0,13,12,0,12,25
02/01/2022,FOK,NY,AEA,EN,Federal Contract Tower,0,13,11,0,24,0,0,26,5,31,0,13,37,5,55,16,32,48,103
02/02/2022,FOK,NY,AEA,EN,Federal Contract Tower,0,9,18,8,35,0,1,2,3,6,0,10,20,11,41,0,3,3,44
02/03/2022,FOK,NY,AEA,EN,Federal Contract Tower,0,4,3,1,8,0,0,0,0,0,0,4,3,1,8,0,0,0,8
02/04/2022,FOK,NY,AEA,EN,Federal Contract Tower,0,7,8,0,15,0,0,0,0,0,0,7,8,0,15,0,0,0,15
02/05/2022,FOK,NY,AEA,EN,Federal Contract Tower,0,15,12,1,28,0,1,23,2,26,0,16,35,3,54,4,0,4,58
02/06/2022,FOK,NY,AEA,EN,Federal Contract Tower,0,8,8,1,17,0,1,59,9,69,0,9,67,10,86,88,64,152,238
02/07/2022,FOK,NY,AEA,EN,Federal Contract Tower,0,12,3,0,15,0,0,0,0,0,0,12,3,0,15,0,0,0,15
02/08/2022,FOK,NY,AEA,EN,Federal Contract Tower,0,1,7,7,15,0,0,13,7,20,0,1,20,14,35,12,54,66,101
02/09/2022,FOK,NY,AEA,EN,Federal Contract Tower,0,4,9,0,13,0,1,20,10,31,0,5,29,10,44,69,13,82,126
02/10/2022,FOK,NY,AEA,EN,Federal Contract Tower,0,3,11,2,16,0,1,20,15,36,0,4,31,17,52,20,66,86,138
02/11/2022,FOK,NY,AEA,EN,Federal Contract Tower,0,12,4,0,16,0,0,17,4,21,0,12,21,4,37,20,10,30,67
02/12/2022,FOK,NY,AEA,EN,Federal Contract Tower,0,4,6,0,10,0,0,68,0,68,0,4,74,0,78,52,0,52,130
02/13/2022,FOK,NY,AEA,EN,Federal Contract Tower,0,8,6,0,14,0,0,0,0,0,0,8,6,0,14,0,0,0,14
02/14/2022,FOK,NY,AEA,EN,Federal Contract Tower,0,3,1,0,4,0,0,2,0,2,0,3,3,0,6,8,0,8,14
02/15/2022,FOK,NY,AEA,EN,Federal Contract Tower,0,12,6,0,18,0,4,13,12,29,0,16,19,12,47,16,8,24,71
02/16/2022,FOK,NY,AEA,EN,Federal Contract Tower,0,5,9,5,19,0,0,52,12,64,0,5,61,17,83,0,42,42,125
02/17/2022,FOK,NY,AEA,EN,Federal Contract Tower,0,7,10,0,17,0,0,15,15,30,0,7,25,15,47,0,26,26,73
02/18/2022,FOK,NY,AEA,EN,Federal Contract Tower,0,14,15,0,29,0,0,7,1,8,0,14,22,1,37,0,0,0,37
02/19/2022,FOK,NY,AEA,EN,Federal Contract Tower,0,9,6,0,15,0,3,23,0,26,0,12,29,0,41,26,0,26,67
02/20/2022,FOK,NY,AEA,EN,Federal Contract Tower,0,2,14,0,16,0,0,48,0,48,0,2,62,0,64,90,0,90,154
02/21/2022,FOK,NY,AEA,EN,Federal Contract Tower,0,6,16,0,22,0,2,31,0,33,0,8,47,0,55,48,0,48,103
02/22/2022,FOK,NY,AEA,EN,Federal Contract Tower,0,7,5,0,12,0,0,0,0,0,0,7,5,0,12,0,0,0,12
02/23/2022,FOK,NY,AEA,EN,Federal Contract Tower,0,0,0,0,0,0,0,0,0,0,0,0,0,0,0,0,0,0,0
02/24/2022,FOK,NY,AEA,EN,Federal Contract Tower,0,3,9,0,12,0,0,34,27,61,0,3,43,27,73,62,72,134,207
02/25/2022,FOK,NY,AEA,EN,Federal Contract Tower,0,3,1,2,6,0,0,0,0,0,0,3,1,2,6,0,26,26,32
02/26/2022,FOK,NY,AEA,EN,Federal Contract Tower,0,14,10,0,24,0,0,52,0,52,0,14,62,0,76,76,0,76,152
02/27/2022,FOK,NY,AEA,EN,Federal Contract Tower,0,11,8,0,19,0,0,30,0,30,0,11,38,0,49,20,0,20,69
02/28/2022,FOK,NY,AEA,EN,Federal Contract Tower,0,4,6,0,10,0,0,8,0,8,0,4,14,0,18,20,0,20,38
03/01/2022,FOK,NY,AEA,EN,Federal Contract Tower,0,7,8,2,17,0,0,14,46,60,0,7,22,48,77,8,20,28,105
03/02/2022,FOK,NY,AEA,EN,Federal Contract Tower,0,0,5,1,6,0,0,25,9,34,0,0,30,10,40,94,48,142,182
03/03/2022,FOK,NY,AEA,EN,Federal Contract Tower,0,8,12,2,22,0,0,17,9,26,0,8,29,11,48,0,0,0,48
03/04/2022,FOK,NY,AEA,EN,Federal Contract Tower,0,6,13,1,20,0,2,46,2,50,0,8,59,3,70,56,118,174,244
03/05/2022,FOK,NY,AEA,EN,Federal Contract Tower,0,8,13,4,25,0,0,68,17,85,0,8,81,21,110,62,74,136,246
03/06/2022,FOK,NY,AEA,EN,Federal Contract Tower,0,9,6,2,17,0,0,0,0,0,0,9,6,2,17,0,0,0,17
03/07/2022,FOK,NY,AEA,EN,Federal Contract Tower,0,5,10,0,15,0,0,11,0,11,0,5,21,0,26,54,0,54,80
03/08/2022,FOK,NY,AEA,EN,Federal Contract Tower,0,2,5,0,7,0,0,29,19,48,0,2,34,19,55,4,54,58,113
03/09/2022,FOK,NY,AEA,EN,Federal Contract Tower,0,2,6,0,8,0,0,0,0,0,0,2,6,0,8,0,0,0,8
03/10/2022,FOK,NY,AEA,EN,Federal Contract Tower,0,6,5,0,11,0,0,19,16,35,0,6,24,16,46,26,48,74,120
03/11/2022,FOK,NY,AEA,EN,Federal Contract Tower,0,10,2,0,12,0,0,39,0,39,0,10,41,0,51,66,2,68,119
03/12/2022,FOK,NY,AEA,EN,Federal Contract Tower,0,1,6,0,7,0,0,0,0,0,0,1,6,0,7,0,0,0,7
03/13/2022,FOK,NY,AEA,EN,Federal Contract Tower,0,14,12,0,26,0,1,40,0,41,0,15,52,0,67,10,0,10,77
03/14/2022,FOK,NY,AEA,EN,Federal Contract Tower,0,11,9,2,22,0,0,35,7,42,0,11,44,9,64,56,36,92,156
03/15/2022,FOK,NY,AEA,EN,Federal Contract Tower,0,1,9,6,16,0,0,21,16,37,0,1,30,22,53,42,4,46,99
03/16/2022,FOK,NY,AEA,EN,Federal Contract Tower,0,13,8,11,32,0,0,49,9,58,0,13,57,20,90,84,36,120,210
03/17/2022,FOK,NY,AEA,EN,Federal Contract Tower,0,5,13,0,18,0,0,0,0,0,0,5,13,0,18,0,0,0,18
03/18/2022,FOK,NY,AEA,EN,Federal Contract Tower,0,13,19,3,35,0,0,23,4,27,0,13,42,7,62,10,0,10,72
03/19/2022,FOK,NY,AEA,EN,Federal Contract Tower,0,7,11,1,19,0,0,0,0,0,0,7,11,1,19,0,0,0,19
03/20/2022,FOK,NY,AEA,EN,Federal Contract Tower,0,8,16,0,24,0,0,58,0,58,0,8,74,0,82,74,0,74,156
03/21/2022,FOK,NY,AEA,EN,Federal Contract Tower,0,2,8,2,12,0,0,22,0,22,0,2,30,2,34,20,0,20,54
03/22/2022,FOK,NY,AEA,EN,Federal Contract Tower,0,2,10,0,12,0,0,25,10,35,0,2,35,10,47,12,2,14,61
03/23/2022,FOK,NY,AEA,EN,Federal Contract Tower,0,8,11,0,19,0,0,38,20,58,0,8,49,20,77,72,26,98,175
03/24/2022,FOK,NY,AEA,EN,Federal Contract Tower,0,9,8,2,19,0,0,0,0,0,0,9,8,2,19,0,0,0,19
03/25/2022,FOK,NY,AEA,EN,Federal Contract Tower,0,12,16,0,28,0,0,30,4,34,0,12,46,4,62,48,8,56,118
03/26/2022,FOK,NY,AEA,EN,Federal Contract Tower,0,10,10,0,20,0,0,42,0,42,0,10,52,0,62,0,0,0,62
03/27/2022,FOK,NY,AEA,EN,Federal Contract Tower,0,7,14,0,21,0,0,42,0,42,0,7,56,0,63,58,0,58,121
03/28/2022,FOK,NY,AEA,EN,Federal Contract Tower,0,4,4,0,8,0,2,8,2,12,0,6,12,2,20,0,0,0,20
03/29/2022,FOK,NY,AEA,EN,Federal Contract Tower,0,11,10,0,21,0,0,17,27,44,0,11,27,27,65,22,52,74,139
03/30/2022,FOK,NY,AEA,EN,Federal Contract Tower,0,13,9,1,23,0,0,44,9,53,0,13,53,10,76,88,54,142,218
03/31/2022,FOK,NY,AEA,EN,Federal Contract Tower,0,10,6,6,22,0,0,0,0,0,0,10,6,6,22,0,2,2,24
04/01/2022,FOK,NY,AEA,EN,Federal Contract Tower,0,5,4,2,11,0,0,19,8,27,0,5,23,10,38,20,42,62,100
04/02/2022,FOK,NY,AEA,EN,Federal Contract Tower,0,6,8,0,14,0,0,81,2,83,0,6,89,2,97,46,0,46,143
04/03/2022,FOK,NY,AEA,EN,Federal Contract Tower,0,10,8,0,18,0,0,8,0,8,0,10,16,0,26,8,0,8,34
04/04/2022,FOK,NY,AEA,EN,Federal Contract Tower,0,2,7,0,9,0,0,35,0,35,0,2,42,0,44,72,0,72,116
04/05/2022,FOK,NY,AEA,EN,Federal Contract Tower,0,1,2,8,11,0,0,34,14,48,0,1,36,22,59,101,30,131,190
04/06/2022,FOK,NY,AEA,EN,Federal Contract Tower,0,1,14,2,17,0,0,0,2,2,0,1,14,4,19,0,36,36,55
04/07/2022,FOK,NY,AEA,EN,Federal Contract Tower,0,0,2,5,7,0,0,0,3,3,0,0,2,8,10,0,12,12,22
04/08/2022,FOK,NY,AEA,EN,Federal Contract Tower,0,12,10,1,23,0,2,42,12,56,0,14,52,13,79,46,32,78,157
04/09/2022,FOK,NY,AEA,EN,Federal Contract Tower,0,3,9,0,12,0,0,15,0,15,0,3,24,0,27,56,0,56,83
04/10/2022,FOK,NY,AEA,EN,Federal Contract Tower,0,9,8,0,17,0,0,81,0,81,0,9,89,0,98,12,0,12,110
04/11/2022,FOK,NY,AEA,EN,Federal Contract Tower,0,4,6,0,10,0,0,59,0,59,0,4,65,0,69,80,2,82,151
04/12/2022,FOK,NY,AEA,EN,Federal Contract Tower,0,3,9,1,13,0,1,11,18,30,0,4,20,19,43,24,20,44,87
04/13/2022,FOK,NY,AEA,EN,Federal Contract Tower,0,8,17,1,26,0,5,53,8,66,0,13,70,9,92,86,124,210,302
04/14/2022,FOK,NY,AEA,EN,Federal Contract Tower,0,11,8,3,22,0,0,24,8,32,0,11,32,11,54,76,74,150,204
04/15/2022,FOK,NY,AEA,EN,Federal Contract Tower,0,21,7,3,31,0,0,33,10,43,0,21,40,13,74,66,2,68,142
04/16/2022,FOK,NY,AEA,EN,Federal Contract Tower,0,9,11,0,20,0,0,60,0,60,0,9,71,0,80,22,0,22,102
04/17/2022,FOK,NY,AEA,EN,Federal Contract Tower,0,2,11,5,18,0,0,15,0,15,0,2,26,5,33,20,0,20,53
04/18/2022,FOK,NY,AEA,EN,Federal Contract Tower,0,7,22,0,29,0,4,36,0,40,0,11,58,0,69,60,0,60,129
04/19/2022,FOK,NY,AEA,EN,Federal Contract Tower,0,9,11,8,28,0,0,0,12,12,0,9,11,20,40,0,22,22,62
04/20/2022,FOK,NY,AEA,EN,Federal Contract Tower,0,6,6,2,14,0,0,21,23,44,0,6,27,25,58,18,48,66,124
04/21/2022,FOK,NY,AEA,EN,Federal Contract Tower,0,9,11,1,21,0,0,25,13,38,0,9,36,14,59,62,30,92,151
04/22/2022,FOK,NY,AEA,EN,Federal Contract Tower,0,12,12,0,24,0,0,46,8,54,0,12,58,8,78,66,14,80,158
04/23/2022,FOK,NY,AEA,EN,Federal Contract Tower,0,9,19,0,28,0,0,78,0,78,0,9,97,0,106,134,0,134,240
04/24/2022,FOK,NY,AEA,EN,Federal Contract Tower,0,14,10,0,24,0,0,28,0,28,0,14,38,0,52,30,0,30,82
04/25/2022,FOK,NY,AEA,EN,Federal Contract Tower,0,10,11,2,23,0,0,53,4,57,0,10,64,6,80,100,0,100,180
04/26/2022,FOK,NY,AEA,EN,Federal Contract Tower,0,3,20,5,28,0,0,1,2,3,0,3,21,7,31,0,48,48,79
04/27/2022,FOK,NY,AEA,EN,Federal Contract Tower,0,6,8,0,14,0,0,20,13,33,0,6,28,13,47,2,46,48,95
04/28/2022,FOK,NY,AEA,EN,Federal Contract Tower,0,7,8,1,16,0,0,17,12,29,0,7,25,13,45,4,14,18,63
04/29/2022,FOK,NY,AEA,EN,Federal Contract Tower,0,11,11,0,22,0,0,33,2,35,0,11,44,2,57,4,2,6,63
04/30/2022,FOK,NY,AEA,EN,Federal Contract Tower,0,7,8,0,15,0,0,62,0,62,0,7,70,0,77,96,0,96,173
05/01/2022,FOK,NY,AEA,EN,Federal Contract Tower,0,7,15,0,22,0,0,88,0,88,0,7,103,0,110,88,0,88,198
05/02/2022,FOK,NY,AEA,EN,Federal Contract Tower,0,9,8,2,19,0,0,8,0,8,0,9,16,2,27,0,0,0,27
05/03/2022,FOK,NY,AEA,EN,Federal Contract Tower,0,9,29,10,48,0,0,14,15,29,0,9,43,25,77,32,106,138,215
05/04/2022,FOK,NY,AEA,EN,Federal Contract Tower,0,14,14,3,31,0,0,1,0,1,0,14,15,3,32,4,0,4,36
05/05/2022,FOK,NY,AEA,EN,Federal Contract Tower,0,12,29,1,42,0,2,56,11,69,0,14,85,12,111,88,92,180,291
05/06/2022,FOK,NY,AEA,EN,Federal Contract Tower,0,11,16,0,27,0,2,14,14,30,0,13,30,14,57,34,4,38,95
05/07/2022,FOK,NY,AEA,EN,Federal Contract Tower,0,11,9,0,20,0,0,0,0,0,0,11,9,0,20,0,0,0,20
05/08/2022,FOK,NY,AEA,EN,Federal Contract Tower,0,16,12,0,28,0,0,4,1,5,0,16,16,1,33,0,0,0,33
05/09/2022,FOK,NY,AEA,EN,Federal Contract Tower,0,11,5,2,18,0,2,8,1,11,0,13,13,3,29,0,0,0,29
05/10/2022,FOK,NY,AEA,EN,Federal Contract Tower,0,10,10,0,20,0,0,12,8,20,0,10,22,8,40,0,8,8,48
05/11/2022,FOK,NY,AEA,EN,Federal Contract Tower,0,9,14,2,25,0,1,25,10,36,0,10,39,12,61,50,10,60,121
05/12/2022,FOK,NY,AEA,EN,Federal Contract Tower,0,10,25,2,37,0,3,14,1,18,0,13,39,3,55,10,0,10,65
05/13/2022,FOK,NY,AEA,EN,Federal Contract Tower,0,20,35,10,65,0,0,1,0,1,0,20,36,10,66,0,18,18,84
05/14/2022,FOK,NY,AEA,EN,Federal Contract Tower,0,15,11,2,28,0,0,0,0,0,0,15,11,2,28,0,0,0,28
05/15/2022,FOK,NY,AEA,EN,Federal Contract Tower,0,36,42,3,81,0,0,12,8,20,0,36,54,11,101,2,50,52,153
05/16/2022,FOK,NY,AEA,EN,Federal Contract Tower,0,19,14,0,33,0,0,0,0,0,0,19,14,0,33,0,0,0,33
05/17/2022,FOK,NY,AEA,EN,Federal Contract Tower,0,16,20,0,36,0,0,44,6,50,0,16,64,6,86,54,36,90,176
05/18/2022,FOK,NY,AEA,EN,Federal Contract Tower,0,15,37,0,52,0,1,46,10,57,0,16,83,10,109,90,52,142,251
05/19/2022,FOK,NY,AEA,EN,Federal Contract Tower,0,21,36,3,60,0,0,4,11,15,0,21,40,14,75,0,36,36,111
05/20/2022,FOK,NY,AEA,EN,Federal Contract Tower,0,26,26,1,53,0,0,12,3,15,0,26,38,4,68,2,0,2,70
05/21/2022,FOK,NY,AEA,EN,Federal Contract Tower,0,22,23,0,45,0,0,60,0,60,0,22,83,0,105,66,0,66,171
05/22/2022,FOK,NY,AEA,EN,Federal Contract Tower,0,18,9,1,28,0,0,83,0,83,0,18,92,1,111,62,0,62,173
05/23/2022,FOK,NY,AEA,EN,Federal Contract Tower,0,20,21,0,41,0,2,54,2,58,0,22,75,2,99,48,0,48,147
05/24/2022,FOK,NY,AEA,EN,Federal Contract Tower,0,20,32,1,53,0,0,61,19,80,0,20,93,20,133,142,20,162,295
05/25/2022,FOK,NY,AEA,EN,Federal Contract Tower,0,32,29,2,63,0,1,81,14,96,0,33,110,16,159,68,8,76,235
05/26/2022,FOK,NY,AEA,EN,Federal Contract Tower,0,60,59,0,119,0,2,60,7,69,0,62,119,7,188,26,12,38,226
05/27/2022,FOK,NY,AEA,EN,Federal Contract Tower,0,73,69,0,142,0,0,0,0,0,0,73,69,0,142,0,0,0,142
05/28/2022,FOK,NY,AEA,EN,Federal Contract Tower,0,54,62,0,116,0,0,32,0,32,0,54,94,0,148,6,0,6,154
05/29/2022,FOK,NY,AEA,EN,Federal Contract Tower,0,40,31,0,71,0,0,111,3,114,0,40,142,3,185,66,0,66,251
05/30/2022,FOK,NY,AEA,EN,Federal Contract Tower,0,59,40,0,99,0,3,106,0,109,0,62,146,0,208,82,0,82,290
05/31/2022,FOK,NY,AEA,EN,Federal Contract Tower,0,46,25,0,71,0,1,64,1,66,0,47,89,1,137,52,0,52,189
06/01/2022,FOK,NY,AEA,EN,Federal Contract Tower,0,38,57,1,96,0,0,27,0,27,0,38,84,1,123,8,30,38,161
06/02/2022,FOK,NY,AEA,EN,Federal Contract Tower,0,58,61,1,120,0,0,10,5,15,0,58,71,6,135,4,54,58,193
06/03/2022,FOK,NY,AEA,EN,Federal Contract Tower,0,37,62,3,102,0,0,25,16,41,0,37,87,19,143,1,90,91,234
06/04/2022,FOK,NY,AEA,EN,Federal Contract Tower,0,28,35,1,64,0,6,69,0,75,0,34,104,1,139,26,10,36,175
06/05/2022,FOK,NY,AEA,EN,Federal Contract Tower,0,36,37,0,73,0,1,72,0,73,0,37,109,0,146,8,0,8,154
06/06/2022,FOK,NY,AEA,EN,Federal Contract Tower,0,34,32,1,67,0,2,79,5,86,0,36,111,6,153,80,2,82,235
06/07/2022,FOK,NY,AEA,EN,Federal Contract Tower,0,17,31,0,48,0,0,38,8,46,0,17,69,8,94,22,2,24,118
06/08/2022,FOK,NY,AEA,EN,Federal Contract Tower,0,26,27,0,53,0,0,18,13,31,0,26,45,13,84,28,104,132,216
06/09/2022,FOK,NY,AEA,EN,Federal Contract Tower,0,28,30,4,62,0,3,40,12,55,0,31,70,16,117,0,30,30,147
06/10/2022,FOK,NY,AEA,EN,Federal Contract Tower,0,54,43,0,97,0,7,115,10,132,0,61,158,10,229,42,8,50,279
06/11/2022,FOK,NY,AEA,EN,Federal Contract Tower,0,49,21,0,70,0,0,79,2,81,0,49,100,2,151,43,0,43,194
06/12/2022,FOK,NY,AEA,EN,Federal Contract Tower,0,54,46,0,100,0,2,46,0,48,0,56,92,0,148,22,0,22,170
06/13/2022,FOK,NY,AEA,EN,Federal Contract Tower,0,36,30,0,66,0,0,50,1,51,0,36,80,1,117,32,0,32,149
06/14/2022,FOK,NY,AEA,EN,Federal Contract Tower,0,23,18,0,41,0,0,45,12,57,0,23,63,12,98,106,36,142,240
06/15/2022,FOK,NY,AEA,EN,Federal Contract Tower,0,27,27,1,55,0,2,51,18,71,0,29,78,19,126,38,102,140,266
06/16/2022,FOK,NY,AEA,EN,Federal Contract Tower,0,36,43,0,79,0,0,29,12,41,0,36,72,12,120,0,66,66,186
06/17/2022,FOK,NY,AEA,EN,Federal Contract Tower,0,63,68,11,142,0,0,79,7,86,0,63,147,18,228,0,6,6,234
06/18/2022,FOK,NY,AEA,EN,Federal Contract Tower,0,29,23,0,52,0,1,77,0,78,0,30,100,0,130,58,0,58,188
06/19/2022,FOK,NY,AEA,EN,Federal Contract Tower,0,56,47,0,103,0,1,53,1,55,0,57,100,1,158,12,0,12,170
06/20/2022,FOK,NY,AEA,EN,Federal Contract Tower,0,40,30,0,70,0,0,80,0,80,0,40,110,0,150,58,16,74,224
06/21/2022,FOK,NY,AEA,EN,Federal Contract Tower,0,27,25,0,52,0,0,54,0,54,0,27,79,0,106,124,0,124,230
06/22/2022,FOK,NY,AEA,EN,Federal Contract Tower,0,43,43,2,88,0,0,4,10,14,0,43,47,12,102,0,18,18,120
06/23/2022,FOK,NY,AEA,EN,Federal Contract Tower,0,57,32,5,94,0,3,75,9,87,0,60,107,14,181,40,42,82,263
06/24/2022,FOK,NY,AEA,EN,Federal Contract Tower,0,63,56,10,129,0,9,102,2,113,0,72,158,12,242,36,0,36,278
06/25/2022,FOK,NY,AEA,EN,Federal Contract Tower,0,34,28,2,64,0,7,114,0,121,0,41,142,2,185,82,0,82,267
06/26/2022,FOK,NY,AEA,EN,Federal Contract Tower,0,58,62,0,120,0,15,147,1,163,0,73,209,1,283,38,0,38,321
06/27/2022,FOK,NY,AEA,EN,Federal Contract Tower,0,38,36,0,74,0,0,4,0,4,0,38,40,0,78,0,0,0,78
06/28/2022,FOK,NY,AEA,EN,Federal Contract Tower,0,32,43,0,75,0,8,87,13,108,0,40,130,13,183,100,38,138,321
06/29/2022,FOK,NY,AEA,EN,Federal Contract Tower,0,40,45,2,87,0,11,95,22,128,0,51,140,24,215,62,48,110,325
06/30/2022,FOK,NY,AEA,EN,Federal Contract Tower,0,80,81,2,163,0,0,112,16,128,0,80,193,18,291,76,62,138,429
07/01/2022,FOK,NY,AEA,EN,Federal Contract Tower,0,96,72,1,169,0,8,81,0,89,0,104,153,1,258,24,0,24,282
07/02/2022,FOK,NY,AEA,EN,Federal Contract Tower,0,66,58,0,124,0,0,6,0,6,0,66,64,0,130,0,0,0,130
07/03/2022,FOK,NY,AEA,EN,Federal Contract Tower,0,57,44,0,101,0,4,58,0,62,0,61,102,0,163,40,0,40,203
07/04/2022,FOK,NY,AEA,EN,Federal Contract Tower,0,68,67,0,135,0,0,102,0,102,0,68,169,0,237,70,0,70,307
07/05/2022,FOK,NY,AEA,EN,Federal Contract Tower,0,66,62,2,130,0,4,48,0,52,0,70,110,2,182,22,0,22,204
07/06/2022,FOK,NY,AEA,EN,Federal Contract Tower,0,55,36,0,91,0,4,93,28,125,0,59,129,28,216,10,60,70,286
07/07/2022,FOK,NY,AEA,EN,Federal Contract Tower,0,52,46,4,102,0,1,55,18,74,0,53,101,22,176,0,22,22,198
07/08/2022,FOK,NY,AEA,EN,Federal Contract Tower,0,41,57,1,99,0,10,97,0,107,0,51,154,1,206,86,0,86,292
07/09/2022,FOK,NY,AEA,EN,Federal Contract Tower,0,40,36,0,76,0,0,93,0,93,0,40,129,0,169,56,0,56,225
07/10/2022,FOK,NY,AEA,EN,Federal Contract Tower,0,63,58,0,121,0,4,111,0,115,0,67,169,0,236,18,0,18,254
07/11/2022,FOK,NY,AEA,EN,Federal Contract Tower,0,44,23,0,67,0,3,64,0,67,0,47,87,0,134,66,0,66,200
07/12/2022,FOK,NY,AEA,EN,Federal Contract Tower,0,32,32,1,65,0,3,50,15,68,0,35,82,16,133,0,6,6,139
07/13/2022,FOK,NY,AEA,EN,Federal Contract Tower,0,48,34,0,82,0,8,80,20,108,0,56,114,20,190,0,84,84,274
07/14/2022,FOK,NY,AEA,EN,Federal Contract Tower,0,74,50,1,125,0,1,79,21,101,0,75,129,22,226,50,38,88,314
07/15/2022,FOK,NY,AEA,EN,Federal Contract Tower,0,47,51,0,98,0,12,73,8,93,0,59,124,8,191,30,0,30,221
07/16/2022,FOK,NY,AEA,EN,Federal Contract Tower,0,68,48,0,116,0,3,66,0,69,0,71,114,0,185,10,0,10,195
07/17/2022,FOK,NY,AEA,EN,Federal Contract Tower,0,79,111,0,190,0,1,83,0,84,0,80,194,0,274,44,0,44,318
07/18/2022,FOK,NY,AEA,EN,Federal Contract Tower,0,82,87,1,170,0,0,0,0,0,0,82,87,1,170,0,0,0,170
07/19/2022,FOK,NY,AEA,EN,Federal Contract Tower,0,30,46,2,78,0,1,58,17,76,0,31,104,19,154,46,58,104,258
07/20/2022,FOK,NY,AEA,EN,Federal Contract Tower,0,45,30,1,76,0,1,69,4,74,0,46,99,5,150,6,64,70,220
07/21/2022,FOK,NY,AEA,EN,Federal Contract Tower,0,76,117,0,193,0,0,47,6,53,0,76,164,6,246,0,8,8,254
07/22/2022,FOK,NY,AEA,EN,Federal Contract Tower,0,67,44,1,112,0,2,93,2,97,0,69,137,3,209,40,0,40,249
07/23/2022,FOK,NY,AEA,EN,Federal Contract Tower,0,62,38,0,100,0,7,64,0,71,0,69,102,0,171,52,0,52,223
07/24/2022,FOK,NY,AEA,EN,Federal Contract Tower,0,71,75,0,146,0,8,72,0,80,0,79,147,0,226,32,0,32,258
07/25/2022,FOK,NY,AEA,EN,Federal Contract Tower,0,65,67,0,132,0,0,10,0,10,0,65,77,0,142,0,0,0,142
07/26/2022,FOK,NY,AEA,EN,Federal Contract Tower,0,42,31,3,76,0,4,85,10,99,0,46,116,13,175,52,70,122,297
07/27/2022,FOK,NY,AEA,EN,Federal Contract Tower,0,120,100,0,220,0,6,230,0,236,0,126,330,0,456,45,60,105,561
07/28/2022,FOK,NY,AEA,EN,Federal Contract Tower,0,90,77,6,173,0,1,39,2,42,0,91,116,8,215,10,26,36,251
07/29/2022,FOK,NY,AEA,EN,Federal Contract Tower,0,63,74,0,137,0,12,102,3,117,0,75,176,3,254,42,0,42,296
07/30/2022,FOK,NY,AEA,EN,Federal Contract Tower,0,47,48,0,95,0,0,70,0,70,0,47,118,0,165,40,0,40,205
07/31/2022,FOK,NY,AEA,EN,Federal Contract Tower,0,82,97,0,179,0,2,135,0,137,0,84,232,0,316,16,0,16,332
08/01/2022,FOK,NY,AEA,EN,Federal Contract Tower,0,64,71,0,135,0,3,6,0,9,0,67,77,0,144,0,0,0,144
08/02/2022,FOK,NY,AEA,EN,Federal Contract Tower,0,45,46,1,92,0,1,70,10,81,0,46,116,11,173,18,46,64,237
08/03/2022,FOK,NY,AEA,EN,Federal Contract Tower,0,51,58,0,109,0,6,114,19,139,0,57,172,19,248,76,50,126,374
08/04/2022,FOK,NY,AEA,EN,Federal Contract Tower,0,70,87,0,157,0,0,102,11,113,0,70,189,11,270,46,28,74,344
08/05/2022,FOK,NY,AEA,EN,Federal Contract Tower,0,76,65,2,143,0,3,102,33,138,0,79,167,35,281,14,76,90,371
08/06/2022,FOK,NY,AEA,EN,Federal Contract Tower,0,39,50,0,89,0,0,96,9,105,0,39,146,9,194,38,64,102,296
08/07/2022,FOK,NY,AEA,EN,Federal Contract Tower,0,90,74,1,165,0,1,84,2,87,0,91,158,3,252,12,60,72,324
08/08/2022,FOK,NY,AEA,EN,Federal Contract Tower,0,51,62,0,113,0,1,48,0,49,0,52,110,0,162,10,0,10,172
08/09/2022,FOK,NY,AEA,EN,Federal Contract Tower,0,50,49,1,100,0,8,80,4,92,0,58,129,5,192,2,70,72,264
08/10/2022,FOK,NY,AEA,EN,Federal Contract Tower,0,79,78,0,157,0,0,78,6,84,0,79,156,6,241,36,14,50,291
08/11/2022,FOK,NY,AEA,EN,Federal Contract Tower,0,92,97,0,189,0,1,86,8,95,0,93,183,8,284,20,16,36,320
08/12/2022,FOK,NY,AEA,EN,Federal Contract Tower,0,85,88,0,173,0,3,90,5,98,0,88,178,5,271,70,0,70,341
08/13/2022,FOK,NY,AEA,EN,Federal Contract Tower,0,45,43,0,88,0,6,92,0,98,0,51,135,0,186,78,0,78,264
08/14/2022,FOK,NY,AEA,EN,Federal Contract Tower,0,75,63,0,138,0,10,118,0,128,0,85,181,0,266,34,0,34,300
08/15/2022,FOK,NY,AEA,EN,Federal Contract Tower,0,59,58,0,117,0,12,112,0,124,0,71,170,0,241,16,0,16,257
08/16/2022,FOK,NY,AEA,EN,Federal Contract Tower,0,71,60,0,131,0,2,96,15,113,0,73,156,15,244,30,2,32,276
08/17/2022,FOK,NY,AEA,EN,Federal Contract Tower,0,0,70,55,125,0,8,100,6,114,0,8,170,61,239,32,70,102,341
08/18/2022,FOK,NY,AEA,EN,Federal Contract Tower,0,75,69,0,144,0,0,106,0,106,0,75,175,0,250,60,0,60,310
08/19/2022,FOK,NY,AEA,EN,Federal Contract Tower,0,93,77,4,174,0,8,126,0,134,0,101,203,4,308,42,0,42,350
08/20/2022,FOK,NY,AEA,EN,Federal Contract Tower,0,69,61,0,130,0,1,115,0,116,0,70,176,0,246,58,0,58,304
08/21/2022,FOK,NY,AEA,EN,Federal Contract Tower,0,108,91,0,199,0,1,35,0,36,0,109,126,0,235,0,0,0,235
08/22/2022,FOK,NY,AEA,EN,Federal Contract Tower,0,69,57,0,126,0,0,10,0,10,0,69,67,0,136,0,0,0,136
08/23/2022,FOK,NY,AEA,EN,Federal Contract Tower,0,57,50,1,108,0,0,37,8,45,0,57,87,9,153,14,8,22,175
08/24/2022,FOK,NY,AEA,EN,Federal Contract Tower,0,55,54,0,109,0,10,56,2,68,0,65,110,2,177,52,0,52,229
08/25/2022,FOK,NY,AEA,EN,Federal Contract Tower,0,79,39,2,120,0,5,65,14,84,0,84,104,16,204,60,12,72,276
08/26/2022,FOK,NY,AEA,EN,Federal Contract Tower,0,72,57,0,129,0,1,74,1,76,0,73,131,1,205,62,2,64,269
08/27/2022,FOK,NY,AEA,EN,Federal Contract Tower,0,75,41,0,116,0,0,79,0,79,0,75,120,0,195,52,0,52,247
08/28/2022,FOK,NY,AEA,EN,Federal Contract Tower,0,91,70,0,161,0,7,103,0,110,0,98,173,0,271,26,0,26,297
08/29/2022,FOK,NY,AEA,EN,Federal Contract Tower,0,82,64,2,148,0,6,44,0,50,0,88,108,2,198,22,22,44,242
08/30/2022,FOK,NY,AEA,EN,Federal Contract Tower,0,58,61,7,126,0,0,49,15,64,0,58,110,22,190,0,14,14,204
08/31/2022,FOK,NY,AEA,EN,Federal Contract Tower,0,44,55,4,103,0,3,102,16,121,0,47,157,20,224,34,0,34,258
09/01/2022,FOK,NY,AEA,EN,Federal Contract Tower,0,56,56,0,112,0,7,78,8,93,0,63,134,8,205,20,0,20,225
09/02/2022,FOK,NY,AEA,EN,Federal Contract Tower,0,58,48,0,106,0,4,80,4,88,0,62,128,4,194,24,0,24,218
09/03/2022,FOK,NY,AEA,EN,Federal Contract Tower,0,47,37,0,84,0,2,126,0,128,0,49,163,0,212,54,0,54,266
09/04/2022,FOK,NY,AEA,EN,Federal Contract Tower,0,79,75,0,154,0,6,93,0,99,0,85,168,0,253,16,0,16,269
09/05/2022,FOK,NY,AEA,EN,Federal Contract Tower,0,108,88,2,198,0,6,25,1,32,0,114,113,3,230,0,0,0,230
09/06/2022,FOK,NY,AEA,EN,Federal Contract Tower,0,48,48,0,96,0,0,2,0,2,0,48,50,0,98,0,0,0,98
09/07/2022,FOK,NY,AEA,EN,Federal Contract Tower,0,37,49,4,90,0,0,18,15,33,0,37,67,19,123,36,44,80,203
09/08/2022,FOK,NY,AEA,EN,Federal Contract Tower,0,31,42,0,73,0,0,85,10,95,0,31,127,10,168,42,62,104,272
09/09/2022,FOK,NY,AEA,EN,Federal Contract Tower,0,37,45,0,82,0,0,74,2,76,0,37,119,2,158,58,18,76,234
09/10/2022,FOK,NY,AEA,EN,Federal Contract Tower,0,26,22,0,48,0,4,91,30,125,0,30,113,30,173,40,6,46,219
09/11/2022,FOK,NY,AEA,EN,Federal Contract Tower,0,48,42,0,90,0,0,74,2,76,0,48,116,2,166,8,0,8,174
09/12/2022,FOK,NY,AEA,EN,Federal Contract Tower,0,32,29,0,61,0,0,5,0,5,0,32,34,0,66,6,0,6,72
09/13/2022,FOK,NY,AEA,EN,Federal Contract Tower,0,32,29,8,69,0,0,7,4,11,0,32,36,12,80,16,56,72,152
09/14/2022,FOK,NY,AEA,EN,Federal Contract Tower,0,28,35,1,64,0,0,91,22,113,0,28,126,23,177,40,18,58,235
09/15/2022,FOK,NY,AEA,EN,Federal Contract Tower,0,33,39,2,74,0,0,39,1,40,0,33,78,3,114,4,0,4,118
09/16/2022,FOK,NY,AEA,EN,Federal Contract Tower,0,24,36,0,60,0,2,46,2,50,0,26,82,2,110,31,18,49,159
09/17/2022,FOK,NY,AEA,EN,Federal Contract Tower,0,27,20,0,47,0,7,55,0,62,0,34,75,0,109,68,0,68,177
09/18/2022,FOK,NY,AEA,EN,Federal Contract Tower,0,35,38,0,73,0,8,100,1,109,0,43,138,1,182,26,0,26,208
09/19/2022,FOK,NY,AEA,EN,Federal Contract Tower,0,22,24,0,46,0,0,30,0,30,0,22,54,0,76,39,0,39,115
09/20/2022,FOK,NY,AEA,EN,Federal Contract Tower,0,29,25,2,56,0,0,61,4,65,0,29,86,6,121,26,26,52,173
09/21/2022,FOK,NY,AEA,EN,Federal Contract Tower,0,35,27,0,62,0,0,52,25,77,0,35,79,25,139,16,34,50,189
09/22/2022,FOK,NY,AEA,EN,Federal Contract Tower,0,33,41,0,74,0,0,7,9,16,0,33,48,9,90,2,16,18,108
09/23/2022,FOK,NY,AEA,EN,Federal Contract Tower,0,61,34,0,95,0,6,43,1,50,0,67,77,1,145,4,38,42,187
09/24/2022,FOK,NY,AEA,EN,Federal Contract Tower,0,22,22,0,44,0,1,58,0,59,0,23,80,0,103,66,0,66,169
09/25/2022,FOK,NY,AEA,EN,Federal Contract Tower,0,27,30,0,57,0,3,41,0,44,0,30,71,0,101,8,0,8,109
09/26/2022,FOK,NY,AEA,EN,Federal Contract Tower,0,21,21,0,42,0,1,43,0,44,0,22,64,0,86,54,0,54,140
09/27/2022,FOK,NY,AEA,EN,Federal Contract Tower,0,13,26,2,41,0,4,44,12,60,0,17,70,14,101,10,18,28,129
09/28/2022,FOK,NY,AEA,EN,Federal Contract Tower,0,21,34,1,56,0,1,84,6,91,0,22,118,7,147,66,0,66,213
09/29/2022,FOK,NY,AEA,EN,Federal Contract Tower,0,21,24,0,45,0,6,50,7,63,0,27,74,7,108,4,26,30,138
09/30/2022,FOK,NY,AEA,EN,Federal Contract Tower,0,21,37,1,59,0,2,64,1,67,0,23,101,2,126,12,4,16,142
10/01/2022,FOK,NY,AEA,EN,Federal Contract Tower,0,25,23,13,61,0,0,0,4,4,0,25,23,17,65,0,6,6,71
10/02/2022,FOK,NY,AEA,EN,Federal Contract Tower,0,29,23,1,53,0,0,1,5,6,0,29,24,6,59,0,0,0,59
10/03/2022,FOK,NY,AEA,EN,Federal Contract Tower,0,15,23,0,38,0,0,2,0,2,0,15,25,0,40,0,0,0,40
10/04/2022,FOK,NY,AEA,EN,Federal Contract Tower,0,22,20,0,42,0,0,0,1,1,0,22,20,1,43,0,62,62,105
10/05/2022,FOK,NY,AEA,EN,Federal Contract Tower,0,19,25,0,44,0,0,0,0,0,0,19,25,0,44,0,0,0,44
10/06/2022,FOK,NY,AEA,EN,Federal Contract Tower,0,17,37,0,54,0,1,58,15,74,0,18,95,15,128,40,50,90,218
10/07/2022,FOK,NY,AEA,EN,Federal Contract Tower,0,28,27,2,57,0,0,94,1,95,0,28,121,3,152,108,0,108,260
10/08/2022,FOK,NY,AEA,EN,Federal Contract Tower,0,16,16,0,32,0,2,53,0,55,0,18,69,0,87,48,0,48,135
10/09/2022,FOK,NY,AEA,EN,Federal Contract Tower,0,23,16,0,39,0,2,45,0,47,0,25,61,0,86,24,0,24,110
10/10/2022,FOK,NY,AEA,EN,Federal Contract Tower,0,17,25,0,42,0,0,57,0,57,0,17,82,0,99,90,0,90,189
10/11/2022,FOK,NY,AEA,EN,Federal Contract Tower,0,15,15,0,30,0,1,16,0,17,0,16,31,0,47,32,0,32,79
10/12/2022,FOK,NY,AEA,EN,Federal Contract Tower,0,12,17,1,30,0,0,53,10,63,0,12,70,11,93,72,40,112,205
10/13/2022,FOK,NY,AEA,EN,Federal Contract Tower,0,18,15,2,35,0,0,7,12,19,0,18,22,14,54,4,16,20,74
10/14/2022,FOK,NY,AEA,EN,Federal Contract Tower,0,24,22,0,46,0,1,22,4,27,0,25,44,4,73,8,0,8,81
10/15/2022,FOK,NY,AEA,EN,Federal Contract Tower,0,19,12,0,31,0,4,87,7,98,0,23,99,7,129,34,0,34,163
10/16/2022,FOK,NY,AEA,EN,Federal Contract Tower,0,14,29,0,43,0,0,60,0,60,0,14,89,0,103,32,0,32,135
10/17/2022,FOK,NY,AEA,EN,Federal Contract Tower,0,6,17,0,23,0,0,2,0,2,0,6,19,0,25,0,0,0,25
10/18/2022,FOK,NY,AEA,EN,Federal Contract Tower,0,12,9,3,24,0,4,31,9,44,0,16,40,12,68,40,76,116,184
10/19/2022,FOK,NY,AEA,EN,Federal Contract Tower,0,15,23,0,38,0,0,27,3,30,0,15,50,3,68,14,26,40,108
10/20/2022,FOK,NY,AEA,EN,Federal Contract Tower,0,6,16,2,24,0,0,22,9,31,0,6,38,11,55,8,40,48,103
10/21/2022,FOK,NY,AEA,EN,Federal Contract Tower,0,17,14,0,31,0,14,78,2,94,0,31,92,2,125,20,10,30,155
10/22/2022,FOK,NY,AEA,EN,Federal Contract Tower,0,17,19,1,37,0,0,120,2,122,0,17,139,3,159,100,4,104,263
10/23/2022,FOK,NY,AEA,EN,Federal Contract Tower,0,19,19,0,38,0,1,20,0,21,0,20,39,0,59,18,0,18,77
10/24/2022,FOK,NY,AEA,EN,Federal Contract Tower,0,16,8,0,24,0,0,0,0,0,0,16,8,0,24,0,0,0,24
10/25/2022,FOK,NY,AEA,EN,Federal Contract Tower,0,7,16,3,26,0,0,0,0,0,0,7,16,3,26,0,0,0,26
10/26/2022,FOK,NY,AEA,EN,Federal Contract Tower,0,16,14,0,30,0,0,0,0,0,0,16,14,0,30,0,0,0,30
10/27/2022,FOK,NY,AEA,EN,Federal Contract Tower,0,11,13,0,24,0,3,29,4,36,0,14,42,4,60,8,6,14,74
10/28/2022,FOK,NY,AEA,EN,Federal Contract Tower,0,13,19,0,32,0,0,43,7,50,0,13,62,7,82,14,32,46,128
10/29/2022,FOK,NY,AEA,EN,Federal Contract Tower,0,9,21,0,30,0,0,56,0,56,0,9,77,0,86,62,0,62,148
10/30/2022,FOK,NY,AEA,EN,Federal Contract Tower,0,16,13,0,29,0,0,73,0,73,0,16,86,0,102,70,0,70,172
10/31/2022,FOK,NY,AEA,EN,Federal Contract Tower,0,13,5,1,19,0,0,24,1,25,0,13,29,2,44,42,0,42,86
11/01/2022,FOK,NY,AEA,EN,Federal Contract Tower,0,15,18,2,35,0,0,0,8,8,0,15,18,10,43,7,44,51,94
11/02/2022,FOK,NY,AEA,EN,Federal Contract Tower,0,15,21,2,38,0,0,43,17,60,0,15,64,19,98,12,128,140,238
11/03/2022,FOK,NY,AEA,EN,Federal Contract Tower,0,6,28,0,34,0,2,50,14,66,0,8,78,14,100,76,44,120,220
11/04/2022,FOK,NY,AEA,EN,Federal Contract Tower,0,18,25,0,43,0,0,46,14,60,0,18,71,14,103,20,58,78,181
11/05/2022,FOK,NY,AEA,EN,Federal Contract Tower,0,3,16,1,20,0,0,49,23,72,0,3,65,24,92,26,80,106,198
11/06/2022,FOK,NY,AEA,EN,Federal Contract Tower,0,12,19,1,32,0,0,58,4,62,0,12,77,5,94,58,6,64,158
11/07/2022,FOK,NY,AEA,EN,Federal Contract Tower,0,3,9,0,12,0,0,42,6,48,0,3,51,6,60,12,0,12,72
11/08/2022,FOK,NY,AEA,EN,Federal Contract Tower,0,3,4,2,9,0,0,5,5,10,0,3,9,7,19,44,54,98,117
11/09/2022,FOK,NY,AEA,EN,Federal Contract Tower,0,6,11,0,17,0,2,47,16,65,0,8,58,16,82,68,60,128,210
11/10/2022,FOK,NY,AEA,EN,Federal Contract Tower,0,7,20,1,28,0,0,56,17,73,0,7,76,18,101,52,12,64,165
11/11/2022,FOK,NY,AEA,EN,Federal Contract Tower,0,5,9,0,14,0,0,9,0,9,0,5,18,0,23,24,0,24,47
11/12/2022,FOK,NY,AEA,EN,Federal Contract Tower,0,6,9,0,15,0,0,21,0,21,0,6,30,0,36,6,0,6,42
11/13/2022,FOK,NY,AEA,EN,Federal Contract Tower,0,14,11,0,25,0,0,16,0,16,0,14,27,0,41,2,0,2,43
11/14/2022,FOK,NY,AEA,EN,Federal Contract Tower,0,12,7,0,19,0,1,16,1,18,0,13,23,1,37,54,0,54,91
11/15/2022,FOK,NY,AEA,EN,Federal Contract Tower,0,7,5,0,12,0,0,22,4,26,0,7,27,4,38,82,28,110,148
11/16/2022,FOK,NY,AEA,EN,Federal Contract Tower,0,9,10,2,21,0,0,6,7,13,0,9,16,9,34,0,14,14,48
11/17/2022,FOK,NY,AEA,EN,Federal Contract Tower,0,7,16,0,23,0,0,17,15,32,0,7,33,15,55,50,48,98,153
11/18/2022,FOK,NY,AEA,EN,Federal Contract Tower,0,8,14,1,23,0,0,33,6,39,0,8,47,7,62,12,8,20,82
11/19/2022,FOK,NY,AEA,EN,Federal Contract Tower,0,5,15,0,20,0,2,48,0,50,0,7,63,0,70,44,0,44,114
11/20/2022,FOK,NY,AEA,EN,Federal Contract Tower,0,10,7,0,17,0,0,21,0,21,0,10,28,0,38,0,0,0,38
11/21/2022,FOK,NY,AEA,EN,Federal Contract Tower,0,12,12,0,24,0,1,19,4,24,0,13,31,4,48,24,0,24,72
11/22/2022,FOK,NY,AEA,EN,Federal Contract Tower,0,29,19,0,48,0,2,40,1,43,0,31,59,1,91,66,34,100,191
11/23/2022,FOK,NY,AEA,EN,Federal Contract Tower,0,37,9,1,47,0,6,50,0,56,0,43,59,1,103,78,0,78,181
11/24/2022,FOK,NY,AEA,EN,Federal Contract Tower,0,16,3,0,19,0,0,18,0,18,0,16,21,0,37,0,0,0,37
11/25/2022,FOK,NY,AEA,EN,Federal Contract Tower,0,23,16,0,39,0,0,21,0,21,0,23,37,0,60,28,0,28,88
11/26/2022,FOK,NY,AEA,EN,Federal Contract Tower,0,27,13,0,40,0,0,75,2,77,0,27,88,2,117,44,0,44,161
11/27/2022,FOK,NY,AEA,EN,Federal Contract Tower,0,22,39,2,63,0,0,29,0,29,0,22,68,2,92,36,0,36,128
11/28/2022,FOK,NY,AEA,EN,Federal Contract Tower,0,14,13,4,31,0,0,14,0,14,0,14,27,4,45,0,0,0,45
11/29/2022,FOK,NY,AEA,EN,Federal Contract Tower,0,9,6,0,15,0,0,26,8,34,0,9,32,8,49,26,56,82,131
11/30/2022,FOK,NY,AEA,EN,Federal Contract Tower,0,6,4,0,10,0,0,0,2,2,0,6,4,2,12,0,34,34,46
12/01/2022,FOK,NY,AEA,EN,Federal Contract Tower,0,6,9,2,17,0,0,12,26,38,0,6,21,28,55,0,62,62,117
12/02/2022,FOK,NY,AEA,EN,Federal Contract Tower,0,6,25,1,32,0,0,51,8,59,0,6,76,9,91,32,10,42,133
12/03/2022,FOK,NY,AEA,EN,Federal Contract Tower,0,7,14,0,21,0,0,0,9,9,0,7,14,9,30,0,74,74,104
12/04/2022,FOK,NY,AEA,EN,Federal Contract Tower,0,8,19,0,27,0,0,99,11,110,0,8,118,11,137,90,54,144,281
12/05/2022,FOK,NY,AEA,EN,Federal Contract Tower,0,10,9,4,23,0,0,31,1,32,0,10,40,5,55,14,4,18,73
12/06/2022,FOK,NY,AEA,EN,Federal Contract Tower,0,4,4,2,10,0,0,12,11,23,0,4,16,13,33,6,94,100,133
12/07/2022,FOK,NY,AEA,EN,Federal Contract Tower,0,10,7,0,17,0,0,0,0,0,0,10,7,0,17,0,0,0,17
12/08/2022,FOK,NY,AEA,EN,Federal Contract Tower,0,4,15,0,19,0,2,58,11,71,0,6,73,11,90,58,62,120,210
12/09/2022,FOK,NY,AEA,EN,Federal Contract Tower,0,12,18,3,33,0,3,70,5,78,0,15,88,8,111,44,30,74,185
12/10/2022,FOK,NY,AEA,EN,Federal Contract Tower,0,15,8,0,23,0,0,33,0,33,0,15,41,0,56,32,6,38,94
12/11/2022,FOK,NY,AEA,EN,Federal Contract Tower,0,18,11,0,29,0,0,3,0,3,0,18,14,0,32,8,0,8,40
12/12/2022,FOK,NY,AEA,EN,Federal Contract Tower,0,6,4,0,10,0,0,8,0,8,0,6,12,0,18,2,0,2,20
12/13/2022,FOK,NY,AEA,EN,Federal Contract Tower,0,11,8,0,19,0,0,12,6,18,0,11,20,6,37,38,14,52,89
12/14/2022,FOK,NY,AEA,EN,Federal Contract Tower,0,6,13,1,20,0,0,14,16,30,0,6,27,17,50,6,0,6,56
12/15/2022,FOK,NY,AEA,EN,Federal Contract Tower,0,13,6,6,25,0,0,6,7,13,0,13,12,13,38,18,26,44,82
12/16/2022,FOK,NY,AEA,EN,Federal Contract Tower,0,13,9,0,22,0,0,0,0,0,0,13,9,0,22,0,0,0,22
12/17/2022,FOK,NY,AEA,EN,Federal Contract Tower,0,9,13,0,22,0,0,23,0,23,0,9,36,0,45,8,0,8,53
12/18/2022,FOK,NY,AEA,EN,Federal Contract Tower,0,13,2,0,15,0,0,46,0,46,0,13,48,0,61,28,0,28,89
12/19/2022,FOK,NY,AEA,EN,Federal Contract Tower,0,7,7,0,14,0,2,20,0,22,0,9,27,0,36,70,0,70,106
12/20/2022,FOK,NY,AEA,EN,Federal Contract Tower,0,1,11,0,12,0,0,21,17,38,0,1,32,17,50,48,106,154,204
12/21/2022,FOK,NY,AEA,EN,Federal Contract Tower,0,8,12,2,22,0,0,28,20,48,0,8,40,22,70,46,62,108,178
12/22/2022,FOK,NY,AEA,EN,Federal Contract Tower,0,11,3,5,19,0,0,8,4,12,0,11,11,9,31,14,16,30,61
12/23/2022,FOK,NY,AEA,EN,Federal Contract Tower,0,6,5,0,11,0,0,0,0,0,0,6,5,0,11,0,0,0,11
12/24/2022,FOK,NY,AEA,EN,Federal Contract Tower,0,15,0,0,15,0,1,0,0,1,0,16,0,0,16,0,0,0,16
12/25/2022,FOK,NY,AEA,EN,Federal Contract Tower,0,17,3,0,20,0,0,4,0,4,0,17,7,0,24,0,0,0,24
12/26/2022,FOK,NY,AEA,EN,Federal Contract Tower,0,25,22,0,47,0,2,8,0,10,0,27,30,0,57,40,0,40,97
12/27/2022,FOK,NY,AEA,EN,Federal Contract Tower,0,20,26,0,46,0,0,19,0,19,0,20,45,0,65,64,0,64,129
12/28/2022,FOK,NY,AEA,EN,Federal Contract Tower,0,12,13,0,25,0,0,53,2,55,0,12,66,2,80,76,0,76,156
12/29/2022,FOK,NY,AEA,EN,Federal Contract Tower,0,11,29,0,40,0,0,60,4,64,0,11,89,4,104,0,10,10,114
12/30/2022,FOK,NY,AEA,EN,Federal Contract Tower,0,5,12,0,17,0,0,68,0,68,0,5,80,0,85,70,0,70,155
12/31/2022,FOK,NY,AEA,EN,Federal Contract Tower,0,5,10,0,15,0,0,0,0,0,0,5,10,0,15,0,0,0,15
01/01/2023,FOK,NY,AEA,EN,Federal Contract Tower,0,4,8,0,12,0,0,22,0,22,0,4,30,0,34,10,0,10,44
01/02/2023,FOK,NY,AEA,EN,Federal Contract Tower,0,4,17,0,21,0,0,23,0,23,0,4,40,0,44,54,0,54,98
01/03/2023,FOK,NY,AEA,EN,Federal Contract Tower,0,18,5,0,23,0,0,2,0,2,0,18,7,0,25,0,0,0,25
01/04/2023,FOK,NY,AEA,EN,Federal Contract Tower,0,4,8,1,13,0,0,18,31,49,0,4,26,32,62,16,46,62,124
01/05/2023,FOK,NY,AEA,EN,Federal Contract Tower,0,6,6,8,20,0,0,0,6,6,0,6,6,14,26,0,22,22,48
01/06/2023,FOK,NY,AEA,EN,Federal Contract Tower,0,8,10,3,21,0,0,0,0,0,0,8,10,3,21,0,0,0,21
01/07/2023,FOK,NY,AEA,EN,Federal Contract Tower,0,3,11,0,14,0,0,43,11,54,0,3,54,11,68,70,60,130,198
01/08/2023,FOK,NY,AEA,EN,Federal Contract Tower,0,2,9,2,13,0,0,74,1,75,0,2,83,3,88,68,0,68,156
01/09/2023,FOK,NY,AEA,EN,Federal Contract Tower,0,2,5,0,7,0,0,14,0,14,0,2,19,0,21,22,0,22,43
01/10/2023,FOK,NY,AEA,EN,Federal Contract Tower,0,3,15,1,19,0,0,44,30,74,0,3,59,31,93,56,0,56,149
01/11/2023,FOK,NY,AEA,EN,Federal Contract Tower,0,2,13,6,21,0,0,28,2,30,0,2,41,8,51,14,14,28,79
01/12/2023,FOK,NY,AEA,EN,Federal Contract Tower,0,1,10,7,18,0,0,0,8,8,0,1,10,15,26,2,14,16,42
01/13/2023,FOK,NY,AEA,EN,Federal Contract Tower,0,12,5,0,17,0,0,2,0,2,0,12,7,0,19,0,0,0,19
01/14/2023,FOK,NY,AEA,EN,Federal Contract Tower,0,2,3,2,7,0,0,0,0,0,0,2,3,2,7,0,0,0,7
01/15/2023,FOK,NY,AEA,EN,Federal Contract Tower,0,7,5,0,12,0,0,8,0,8,0,7,13,0,20,4,0,4,24
01/16/2023,FOK,NY,AEA,EN,Federal Contract Tower,0,6,10,0,16,0,0,17,0,17,0,6,27,0,33,24,0,24,57
01/17/2023,FOK,NY,AEA,EN,Federal Contract Tower,0,11,5,4,20,0,0,30,0,30,0,11,35,4,50,26,20,46,96
01/18/2023,FOK,NY,AEA,EN,Federal Contract Tower,0,4,5,0,9,0,0,16,9,25,0,4,21,9,34,42,46,88,122
01/19/2023,FOK,NY,AEA,EN,Federal Contract Tower,0,1,4,1,6,0,0,2,1,3,0,1,6,2,9,36,0,36,45
01/20/2023,FOK,NY,AEA,EN,Federal Contract Tower,0,2,3,2,7,0,0,31,2,33,0,2,34,4,40,46,32,78,118
01/21/2023,FOK,NY,AEA,EN,Federal Contract Tower,0,1,7,0,8,0,0,57,2,59,0,1,64,2,67,116,0,116,183
01/22/2023,FOK,NY,AEA,EN,Federal Contract Tower,0,10,6,0,16,0,0,32,0,32,0,10,38,0,48,124,0,124,172
01/23/2023,FOK,NY,AEA,EN,Federal Contract Tower,0,6,4,0,10,0,0,0,0,0,0,6,4,0,10,0,0,0,10
01/25/2023,FOK,NY,AEA,EN,Federal Contract Tower,0,2,19,0,21,0,0,33,8,41,0,2,52,8,62,24,74,98,160
01/26/2023,FOK,NY,AEA,EN,Federal Contract Tower,0,12,9,1,22,0,0,10,14,24,0,12,19,15,46,24,46,70,116
01/27/2023,FOK,NY,AEA,EN,Federal Contract Tower,0,6,8,0,14,0,2,50,14,66,0,8,58,14,80,82,26,108,188
01/28/2023,FOK,NY,AEA,EN,Federal Contract Tower,0,11,4,0,15,0,0,47,2,49,0,11,51,2,64,74,0,74,138
01/29/2023,FOK,NY,AEA,EN,Federal Contract Tower,0,6,6,0,12,0,0,49,0,49,0,6,55,0,61,34,0,34,95
01/30/2023,FOK,NY,AEA,EN,Federal Contract Tower,0,2,14,0,16,0,1,51,0,52,0,3,65,0,68,104,0,104,172
01/31/2023,FOK,NY,AEA,EN,Federal Contract Tower,0,2,7,6,15,0,0,10,4,14,0,2,17,10,29,16,26,42,71
02/01/2023,FOK,NY,AEA,EN,Federal Contract Tower,0,2,3,1,6,0,0,20,8,28,0,2,23,9,34,56,6,62,96
02/02/2023,FOK,NY,AEA,EN,Federal Contract Tower,0,12,11,0,23,0,0,38,13,51,0,12,49,13,74,10,26,36,110
02/03/2023,FOK,NY,AEA,EN,Federal Contract Tower,0,6,4,1,11,0,0,0,6,6,0,6,4,7,17,0,34,34,51
02/04/2023,FOK,NY,AEA,EN,Federal Contract Tower,0,1,6,0,7,0,0,23,2,25,0,1,29,2,32,30,0,30,62
02/05/2023,FOK,NY,AEA,EN,Federal Contract Tower,0,9,15,0,24,0,0,34,15,49,0,9,49,15,73,26,42,68,141
02/06/2023,FOK,NY,AEA,EN,Federal Contract Tower,0,2,11,0,13,0,0,18,0,18,0,2,29,0,31,48,0,48,79
02/07/2023,FOK,NY,AEA,EN,Federal Contract Tower,0,9,11,0,20,0,0,33,10,43,0,9,44,10,63,30,34,64,127
02/08/2023,FOK,NY,AEA,EN,Federal Contract Tower,0,5,2,0,7,0,0,42,6,48,0,5,44,6,55,74,0,74,129
02/09/2023,FOK,NY,AEA,EN,Federal Contract Tower,0,2,9,0,11,0,0,11,10,21,0,2,20,10,32,30,20,50,82
02/10/2023,FOK,NY,AEA,EN,Federal Contract Tower,0,4,13,0,17,0,0,16,9,25,0,4,29,9,42,8,0,8,50
02/11/2023,FOK,NY,AEA,EN,Federal Contract Tower,0,1,13,0,14,0,0,73,0,73,0,1,86,0,87,74,0,74,161
02/12/2023,FOK,NY,AEA,EN,Federal Contract Tower,0,4,6,0,10,0,0,81,0,81,0,4,87,0,91,94,0,94,185
02/13/2023,FOK,NY,AEA,EN,Federal Contract Tower,0,1,7,4,12,0,0,40,0,40,0,1,47,4,52,10,30,40,92
02/14/2023,FOK,NY,AEA,EN,Federal Contract Tower,0,8,3,0,11,0,0,34,13,47,0,8,37,13,58,78,48,126,184
02/15/2023,FOK,NY,AEA,EN,Federal Contract Tower,0,7,13,2,22,0,0,25,15,40,0,7,38,17,62,52,34,86,148
02/16/2023,FOK,NY,AEA,EN,Federal Contract Tower,0,4,17,4,25,0,0,29,6,35,0,4,46,10,60,24,6,30,90
02/17/2023,FOK,NY,AEA,EN,Federal Contract Tower,0,9,10,3,22,0,0,1,0,1,0,9,11,3,23,0,0,0,23
02/18/2023,FOK,NY,AEA,EN,Federal Contract Tower,0,13,11,0,24,0,0,72,0,72,0,13,83,0,96,48,0,48,144
02/19/2023,FOK,NY,AEA,EN,Federal Contract Tower,0,9,22,0,31,0,0,90,0,90,0,9,112,0,121,106,0,106,227
02/20/2023,FOK,NY,AEA,EN,Federal Contract Tower,0,11,14,0,25,0,0,17,0,17,0,11,31,0,42,30,0,30,72
02/21/2023,FOK,NY,AEA,EN,Federal Contract Tower,0,10,3,0,13,0,0,0,0,0,0,10,3,0,13,0,8,8,21
02/23/2023,FOK,NY,AEA,EN,Federal Contract Tower,0,3,3,9,15,0,0,0,0,0,0,3,3,9,15,0,34,34,49
02/24/2023,FOK,NY,AEA,EN,Federal Contract Tower,0,9,11,0,20,0,0,24,6,30,0,9,35,6,50,0,0,0,50
02/25/2023,FOK,NY,AEA,EN,Federal Contract Tower,0,10,7,0,17,0,0,39,0,39,0,10,46,0,56,74,0,74,130
02/26/2023,FOK,NY,AEA,EN,Federal Contract Tower,0,6,14,0,20,0,0,29,0,29,0,6,43,0,49,52,0,52,101
02/27/2023,FOK,NY,AEA,EN,Federal Contract Tower,0,5,10,0,15,0,0,29,0,29,0,5,39,0,44,34,0,34,78
02/28/2023,FOK,NY,AEA,EN,Federal Contract Tower,0,4,2,0,6,0,0,0,0,0,0,4,2,0,6,0,0,0,6
03/01/2023,FOK,NY,AEA,EN,Federal Contract Tower,0,9,10,6,25,0,0,25,13,38,0,9,35,19,63,46,44,90,153
03/02/2023,FOK,NY,AEA,EN,Federal Contract Tower,0,4,11,0,15,0,0,8,4,12,0,4,19,4,27,10,6,16,43
03/03/2023,FOK,NY,AEA,EN,Federal Contract Tower,0,11,3,0,14,0,0,35,14,49,0,11,38,14,63,72,26,98,161
03/04/2023,FOK,NY,AEA,EN,Federal Contract Tower,0,7,6,4,17,0,0,7,6,13,0,7,13,10,30,4,40,44,74
03/05/2023,FOK,NY,AEA,EN,Federal Contract Tower,0,9,12,0,21,0,0,69,2,71,0,9,81,2,92,148,6,154,246
03/06/2023,FOK,NY,AEA,EN,Federal Contract Tower,0,5,7,0,12,0,0,37,0,37,0,5,44,0,49,72,0,72,121
03/07/2023,FOK,NY,AEA,EN,Federal Contract Tower,0,3,6,5,14,0,0,9,2,11,0,3,15,7,25,0,2,2,27
03/08/2023,FOK,NY,AEA,EN,Federal Contract Tower,0,0,2,2,4,0,1,5,0,6,0,1,7,2,10,32,0,32,42
03/09/2023,FOK,NY,AEA,EN,Federal Contract Tower,0,8,23,2,33,0,1,28,2,31,0,9,51,4,64,52,0,52,116
03/10/2023,FOK,NY,AEA,EN,Federal Contract Tower,0,5,9,1,15,0,2,19,3,24,0,7,28,4,39,64,0,64,103
03/11/2023,FOK,NY,AEA,EN,Federal Contract Tower,0,4,7,0,11,0,0,5,0,5,0,4,12,0,16,0,0,0,16
03/12/2023,FOK,NY,AEA,EN,Federal Contract Tower,0,3,28,0,31,0,0,65,0,65,0,3,93,0,96,116,0,116,212
03/13/2023,FOK,NY,AEA,EN,Federal Contract Tower,0,5,11,0,16,0,0,0,0,0,0,5,11,0,16,6,0,6,22
03/14/2023,FOK,NY,AEA,EN,Federal Contract Tower,0,5,3,0,8,0,0,0,0,0,0,5,3,0,8,0,0,0,8
03/15/2023,FOK,NY,AEA,EN,Federal Contract Tower,0,2,9,0,11,0,1,0,0,1,0,3,9,0,12,0,0,0,12
03/16/2023,FOK,NY,AEA,EN,Federal Contract Tower,0,6,21,0,27,0,0,19,9,28,0,6,40,9,55,22,0,22,77
03/17/2023,FOK,NY,AEA,EN,Federal Contract Tower,0,12,4,7,23,0,0,26,3,29,0,12,30,10,52,36,10,46,98
03/19/2023,FOK,NY,AEA,EN,Federal Contract Tower,0,14,7,0,21,0,0,27,0,27,0,14,34,0,48,12,0,12,60
03/20/2023,FOK,NY,AEA,EN,Federal Contract Tower,0,7,9,3,19,0,0,39,0,39,0,7,48,3,58,56,0,56,114
03/21/2023,FOK,NY,AEA,EN,Federal Contract Tower,0,6,10,2,18,0,0,49,5,54,0,6,59,7,72,80,16,96,168
03/22/2023,FOK,NY,AEA,EN,Federal Contract Tower,0,3,11,0,14,0,0,27,4,31,0,3,38,4,45,30,20,50,95
03/23/2023,FOK,NY,AEA,EN,Federal Contract Tower,0,3,5,2,10,0,0,0,2,2,0,3,5,4,12,0,22,22,34
03/24/2023,FOK,NY,AEA,EN,Federal Contract Tower,0,10,7,2,19,0,0,27,5,32,0,10,34,7,51,54,2,56,107
03/25/2023,FOK,NY,AEA,EN,Federal Contract Tower,0,3,7,3,13,0,0,4,0,4,0,3,11,3,17,0,0,0,17
03/26/2023,FOK,NY,AEA,EN,Federal Contract Tower,0,10,11,4,25,0,0,39,0,39,0,10,50,4,64,33,0,33,97
03/27/2023,FOK,NY,AEA,EN,Federal Contract Tower,0,2,15,2,19,0,0,10,1,11,0,2,25,3,30,28,2,30,60
03/28/2023,FOK,NY,AEA,EN,Federal Contract Tower,2,2,12,1,17,0,0,12,3,15,2,2,24,4,32,4,44,48,80
03/29/2023,FOK,NY,AEA,EN,Federal Contract Tower,0,12,18,0,30,0,0,47,4,51,0,12,65,4,81,88,2,90,171
03/30/2023,FOK,NY,AEA,EN,Federal Contract Tower,0,5,17,2,24,0,1,24,3,28,0,6,41,5,52,12,46,58,110
03/31/2023,FOK,NY,AEA,EN,Federal Contract Tower,0,4,9,0,13,0,0,35,4,39,0,4,44,4,52,44,22,66,118
04/01/2023,FOK,NY,AEA,EN,Federal Contract Tower,0,9,5,0,14,0,0,0,0,0,0,9,5,0,14,0,0,0,14
04/02/2023,FOK,NY,AEA,EN,Federal Contract Tower,0,9,9,0,18,0,0,20,0,20,0,9,29,0,38,30,0,30,68
04/03/2023,FOK,NY,AEA,EN,Federal Contract Tower,0,6,5,1,12,0,0,45,0,45,0,6,50,1,57,72,0,72,129
04/04/2023,FOK,NY,AEA,EN,Federal Contract Tower,0,13,25,3,41,0,0,44,4,48,0,13,69,7,89,52,2,54,143
04/05/2023,FOK,NY,AEA,EN,Federal Contract Tower,0,9,6,0,15,0,0,0,0,0,0,9,6,0,15,0,0,0,15
04/06/2023,FOK,NY,AEA,EN,Federal Contract Tower,0,8,6,2,16,0,1,7,9,17,0,9,13,11,33,6,18,24,57
04/07/2023,FOK,NY,AEA,EN,Federal Contract Tower,0,8,11,0,19,0,0,33,6,39,0,8,44,6,58,72,0,72,130
04/08/2023,FOK,NY,AEA,EN,Federal Contract Tower,0,9,10,0,19,0,0,65,1,66,0,9,75,1,85,84,0,84,169
04/09/2023,FOK,NY,AEA,EN,Federal Contract Tower,0,6,8,0,14,0,0,52,0,52,0,6,60,0,66,16,0,16,82
04/11/2023,FOK,NY,AEA,EN,Federal Contract Tower,0,4,14,0,18,0,0,44,6,50,0,4,58,6,68,82,34,116,184
04/12/2023,FOK,NY,AEA,EN,Federal Contract Tower,0,5,8,3,16,0,0,8,12,20,0,5,16,15,36,68,24,92,128
04/13/2023,FOK,NY,AEA,EN,Federal Contract Tower,0,7,11,1,19,0,2,63,9,74,0,9,74,10,93,60,32,92,185
04/14/2023,FOK,NY,AEA,EN,Federal Contract Tower,0,6,11,2,19,0,7,64,5,76,0,13,75,7,95,116,4,120,215
04/15/2023,FOK,NY,AEA,EN,Federal Contract Tower,0,6,20,1,27,0,0,0,0,0,0,6,20,1,27,4,0,4,31
04/16/2023,FOK,NY,AEA,EN,Federal Contract Tower,0,15,34,3,52,0,0,0,0,0,0,15,34,3,52,6,0,6,58
04/17/2023,FOK,NY,AEA,EN,Federal Contract Tower,0,1,15,0,16,0,0,6,0,6,0,1,21,0,22,0,0,0,22
04/18/2023,FOK,NY,AEA,EN,Federal Contract Tower,0,4,3,3,10,0,0,15,11,26,0,4,18,14,36,32,56,88,124
04/19/2023,FOK,NY,AEA,EN,Federal Contract Tower,0,2,2,0,4,0,0,25,11,36,0,2,27,11,40,60,26,86,126
04/20/2023,FOK,NY,AEA,EN,Federal Contract Tower,0,7,8,1,16,0,0,36,12,48,0,7,44,13,64,80,50,130,194
04/21/2023,FOK,NY,AEA,EN,Federal Contract Tower,0,6,20,0,26,0,0,48,4,52,0,6,68,4,78,90,6,96,174
04/22/2023,FOK,NY,AEA,EN,Federal Contract Tower,0,11,16,0,27,0,0,4,0,4,0,11,20,0,31,0,0,0,31
04/23/2023,FOK,NY,AEA,EN,Federal Contract Tower,0,11,9,0,20,0,0,38,0,38,0,11,47,0,58,42,0,42,100
04/24/2023,FOK,NY,AEA,EN,Federal Contract Tower,0,3,6,0,9,0,0,53,0,53,0,3,59,0,62,52,0,52,114
04/25/2023,FOK,NY,AEA,EN,Federal Contract Tower,0,4,5,6,15,0,0,39,10,49,0,4,44,16,64,66,80,146,210
04/26/2023,FOK,NY,AEA,EN,Federal Contract Tower,0,3,5,3,11,0,0,14,1,15,0,3,19,4,26,32,40,72,98
04/28/2023,FOK,NY,AEA,EN,Federal Contract Tower,0,15,8,0,23,0,1,43,13,57,0,16,51,13,80,46,42,88,168
04/29/2023,FOK,NY,AEA,EN,Federal Contract Tower,0,8,15,0,23,0,0,0,0,0,0,8,15,0,23,0,0,0,23
04/30/2023,FOK,NY,AEA,EN,Federal Contract Tower,0,11,6,0,17,0,0,0,0,0,0,11,6,0,17,0,0,0,17
05/01/2023,FOK,NY,AEA,EN,Federal Contract Tower,0,8,9,0,17,0,0,13,0,13,0,8,22,0,30,0,0,0,30
05/02/2023,FOK,NY,AEA,EN,Federal Contract Tower,0,12,9,1,22,0,0,7,13,20,0,12,16,14,42,4,10,14,56
05/03/2023,FOK,NY,AEA,EN,Federal Contract Tower,0,14,6,5,25,0,0,23,16,39,0,14,29,21,64,86,54,140,204
05/04/2023,FOK,NY,AEA,EN,Federal Contract Tower,0,6,12,0,18,0,0,25,11,36,0,6,37,11,54,42,84,126,180
05/05/2023,FOK,NY,AEA,EN,Federal Contract Tower,0,21,14,2,37,0,2,62,8,72,0,23,76,10,109,68,26,94,203
05/06/2023,FOK,NY,AEA,EN,Federal Contract Tower,0,17,8,0,25,0,0,75,18,93,0,17,83,18,118,50,86,136,254
05/07/2023,FOK,NY,AEA,EN,Federal Contract Tower,0,8,14,0,22,0,3,84,7,94,0,11,98,7,116,114,4,118,234
05/08/2023,FOK,NY,AEA,EN,Federal Contract Tower,0,5,11,1,17,0,1,29,1,31,0,6,40,2,48,28,0,28,76
05/09/2023,FOK,NY,AEA,EN,Federal Contract Tower,0,7,7,0,14,0,0,34,12,46,0,7,41,12,60,122,82,204,264
05/10/2023,FOK,NY,AEA,EN,Federal Contract Tower,0,17,16,8,41,0,6,42,46,94,0,23,58,54,135,26,24,50,185
05/11/2023,FOK,NY,AEA,EN,Federal Contract Tower,0,5,10,6,21,0,0,69,22,91,0,5,79,28,112,88,54,142,254
05/12/2023,FOK,NY,AEA,EN,Federal Contract Tower,0,23,23,5,51,0,0,61,1,62,0,23,84,6,113,56,36,92,205
05/13/2023,FOK,NY,AEA,EN,Federal Contract Tower,0,10,13,0,23,0,0,66,0,66,0,10,79,0,89,48,0,48,137
05/14/2023,FOK,NY,AEA,EN,Federal Contract Tower,0,22,23,0,45,0,0,86,0,86,0,22,109,0,131,48,0,48,179
05/15/2023,FOK,NY,AEA,EN,Federal Contract Tower,0,24,10,1,35,0,0,33,0,33,0,24,43,1,68,52,0,52,120
05/16/2023,FOK,NY,AEA,EN,Federal Contract Tower,0,10,1,3,14,0,2,28,10,40,0,12,29,13,54,86,44,130,184
05/17/2023,FOK,NY,AEA,EN,Federal Contract Tower,0,21,11,2,34,0,2,36,10,48,0,23,47,12,82,12,26,38,120
05/18/2023,FOK,NY,AEA,EN,Federal Contract Tower,0,12,10,0,22,0,0,76,8,84,0,12,86,8,106,66,46,112,218
05/19/2023,FOK,NY,AEA,EN,Federal Contract Tower,0,18,14,1,33,0,0,67,2,69,0,18,81,3,102,54,0,54,156
05/20/2023,FOK,NY,AEA,EN,Federal Contract Tower,0,27,18,0,45,0,0,0,0,0,0,27,18,0,45,0,0,0,45
05/21/2023,FOK,NY,AEA,EN,Federal Contract Tower,0,30,21,1,52,0,0,94,0,94,0,30,115,1,146,58,0,58,204
05/22/2023,FOK,NY,AEA,EN,Federal Contract Tower,0,32,22,0,54,0,0,52,0,52,0,32,74,0,106,0,72,72,178
05/23/2023,FOK,NY,AEA,EN,Federal Contract Tower,0,18,17,0,35,0,2,26,19,47,0,20,43,19,82,26,56,82,164
05/24/2023,FOK,NY,AEA,EN,Federal Contract Tower,0,27,26,0,53,0,3,78,5,86,0,30,104,5,139,96,18,114,253
05/25/2023,FOK,NY,AEA,EN,Federal Contract Tower,5,34,46,0,85,0,2,54,19,75,5,36,100,19,160,26,32,58,218
05/26/2023,FOK,NY,AEA,EN,Federal Contract Tower,0,38,39,0,77,0,8,50,0,58,0,46,89,0,135,54,0,54,189
05/27/2023,FOK,NY,AEA,EN,Federal Contract Tower,0,24,18,0,42,0,4,77,0,81,0,28,95,0,123,70,0,70,193
05/28/2023,FOK,NY,AEA,EN,Federal Contract Tower,0,34,25,0,59,0,1,44,5,50,0,35,69,5,109,108,0,108,217
05/29/2023,FOK,NY,AEA,EN,Federal Contract Tower,0,47,50,0,97,0,4,62,0,66,0,51,112,0,163,30,0,30,193
05/30/2023,FOK,NY,AEA,EN,Federal Contract Tower,0,26,19,0,45,0,3,67,0,70,0,29,86,0,115,72,0,72,187
05/31/2023,FOK,NY,AEA,EN,Federal Contract Tower,0,14,15,0,29,0,1,29,12,42,0,15,44,12,71,44,34,78,149
06/01/2023,FOK,NY,AEA,EN,Federal Contract Tower,0,21,24,0,45,0,0,50,17,67,0,21,74,17,112,34,36,70,182
06/02/2023,FOK,NY,AEA,EN,Federal Contract Tower,0,30,48,0,78,0,0,65,19,84,0,30,113,19,162,32,110,142,304
06/03/2023,FOK,NY,AEA,EN,Federal Contract Tower,0,21,14,6,41,0,0,24,9,33,0,21,38,15,74,46,40,86,160
06/04/2023,FOK,NY,AEA,EN,Federal Contract Tower,0,30,19,0,49,0,4,61,0,65,0,34,80,0,114,68,0,68,182
06/05/2023,FOK,NY,AEA,EN,Federal Contract Tower,0,17,20,0,37,0,0,36,0,36,0,17,56,0,73,16,0,16,89
06/06/2023,FOK,NY,AEA,EN,Federal Contract Tower,0,28,32,0,60,0,6,36,12,54,0,34,68,12,114,28,30,58,172
06/07/2023,FOK,NY,AEA,EN,Federal Contract Tower,0,60,40,2,102,0,0,20,9,29,0,60,60,11,131,18,28,46,177
06/08/2023,FOK,NY,AEA,EN,Federal Contract Tower,0,31,45,3,79,0,5,18,5,28,0,36,63,8,107,30,0,30,137
06/09/2023,FOK,NY,AEA,EN,Federal Contract Tower,0,44,25,0,69,0,4,42,0,46,0,48,67,0,115,12,0,12,127
06/10/2023,FOK,NY,AEA,EN,Federal Contract Tower,0,38,30,0,68,0,2,110,1,113,0,40,140,1,181,84,0,84,265
06/11/2023,FOK,NY,AEA,EN,Federal Contract Tower,0,34,38,0,72,0,9,100,0,109,0,43,138,0,181,82,0,82,263
06/13/2023,FOK,NY,AEA,EN,Federal Contract Tower,0,30,16,2,48,0,1,29,10,40,0,31,45,12,88,28,14,42,130
06/14/2023,FOK,NY,AEA,EN,Federal Contract Tower,0,39,33,2,74,0,1,44,4,49,0,40,77,6,123,16,0,16,139
06/15/2023,FOK,NY,AEA,EN,Federal Contract Tower,0,52,54,3,109,0,1,90,9,100,0,53,144,12,209,54,36,90,299
06/16/2023,FOK,NY,AEA,EN,Federal Contract Tower,0,67,53,0,120,0,0,39,0,39,0,67,92,0,159,0,28,28,187
06/17/2023,FOK,NY,AEA,EN,Federal Contract Tower,0,42,29,0,71,0,0,35,0,35,0,42,64,0,106,8,0,8,114
06/18/2023,FOK,NY,AEA,EN,Federal Contract Tower,0,51,27,1,79,0,5,71,0,76,0,56,98,1,155,64,0,64,219
06/19/2023,FOK,NY,AEA,EN,Federal Contract Tower,0,39,29,1,69,0,3,71,0,74,0,42,100,1,143,46,0,46,189
06/20/2023,FOK,NY,AEA,EN,Federal Contract Tower,0,25,11,3,39,0,2,55,0,57,0,27,66,3,96,30,2,32,128
06/22/2023,FOK,NY,AEA,EN,Federal Contract Tower,0,39,37,2,78,0,0,58,0,58,0,39,95,2,136,76,0,76,212
06/23/2023,FOK,NY,AEA,EN,Federal Contract Tower,0,53,63,4,120,0,0,0,0,0,0,53,63,4,120,0,0,0,120
06/24/2023,FOK,NY,AEA,EN,Federal Contract Tower,0,80,78,0,158,0,0,0,0,0,0,80,78,0,158,0,0,0,158
06/25/2023,FOK,NY,AEA,EN,Federal Contract Tower,0,82,76,2,160,0,2,37,0,39,0,84,113,2,199,10,0,10,209
06/26/2023,FOK,NY,AEA,EN,Federal Contract Tower,0,46,37,2,85,0,0,0,0,0,0,46,37,2,85,0,8,8,93
06/27/2023,FOK,NY,AEA,EN,Federal Contract Tower,0,44,59,5,108,0,0,11,0,11,0,44,70,5,119,8,0,8,127
06/28/2023,FOK,NY,AEA,EN,Federal Contract Tower,0,51,69,2,122,0,2,27,1,30,0,53,96,3,152,6,0,6,158
06/29/2023,FOK,NY,AEA,EN,Federal Contract Tower,0,73,78,0,151,0,0,56,7,63,0,73,134,7,214,124,24,148,362
06/30/2023,FOK,NY,AEA,EN,Federal Contract Tower,0,94,67,0,161,0,1,67,2,70,0,95,134,2,231,16,0,16,247
07/02/2023,FOK,NY,AEA,EN,Federal Contract Tower,0,85,58,0,143,0,0,22,0,22,0,85,80,0,165,0,0,0,165
07/03/2023,FOK,NY,AEA,EN,Federal Contract Tower,0,57,33,0,90,0,3,41,0,44,0,60,74,0,134,38,0,38,172
07/04/2023,FOK,NY,AEA,EN,Federal Contract Tower,0,60,57,0,117,0,2,64,0,66,0,62,121,0,183,0,0,0,183
07/05/2023,FOK,NY,AEA,EN,Federal Contract Tower,0,55,60,1,116,0,0,44,2,46,0,55,104,3,162,63,16,79,241
07/06/2023,FOK,NY,AEA,EN,Federal Contract Tower,0,84,79,3,166,0,4,61,0,65,0,88,140,3,231,28,0,28,259
07/07/2023,FOK,NY,AEA,EN,Federal Contract Tower,0,62,65,0,127,0,2,67,0,69,0,64,132,0,196,36,0,36,232
07/09/2023,FOK,NY,AEA,EN,Federal Contract Tower,0,84,53,0,137,0,1,19,0,20,0,85,72,0,157,0,0,0,157
07/10/2023,FOK,NY,AEA,EN,Federal Contract Tower,0,57,49,0,106,0,1,34,0,35,0,58,83,0,141,62,0,62,203
07/11/2023,FOK,NY,AEA,EN,Federal Contract Tower,0,60,28,1,89,0,8,53,3,64,0,68,81,4,153,54,0,54,207
07/12/2023,FOK,NY,AEA,EN,Federal Contract Tower,0,31,48,0,79,0,2,57,5,64,0,33,105,5,143,16,2,18,161
07/13/2023,FOK,NY,AEA,EN,Federal Contract Tower,0,48,56,0,104,0,7,71,13,91,0,55,127,13,195,46,2,48,243
07/14/2023,FOK,NY,AEA,EN,Federal Contract Tower,0,89,58,0,147,0,12,32,0,44,0,101,90,0,191,0,0,0,191
07/15/2023,FOK,NY,AEA,EN,Federal Contract Tower,0,70,61,2,133,0,1,15,0,16,0,71,76,2,149,0,0,0,149
07/16/2023,FOK,NY,AEA,EN,Federal Contract Tower,0,90,48,0,138,0,0,0,0,0,0,90,48,0,138,0,0,0,138
07/17/2023,FOK,NY,AEA,EN,Federal Contract Tower,0,63,68,0,131,0,1,48,0,49,0,64,116,0,180,42,0,42,222
07/19/2023,FOK,NY,AEA,EN,Federal Contract Tower,0,48,23,0,71,0,4,52,8,64,0,52,75,8,135,12,28,40,175
07/20/2023,FOK,NY,AEA,EN,Federal Contract Tower,0,74,54,0,128,0,3,87,2,92,0,77,141,2,220,54,36,90,310
07/21/2023,FOK,NY,AEA,EN,Federal Contract Tower,0,89,84,2,175,0,4,33,6,43,0,93,117,8,218,4,28,32,250
07/22/2023,FOK,NY,AEA,EN,Federal Contract Tower,0,64,38,0,102,0,3,96,0,99,0,67,134,0,201,76,0,76,277
07/23/2023,FOK,NY,AEA,EN,Federal Contract Tower,0,82,54,0,136,0,2,53,0,55,0,84,107,0,191,46,2,48,239
07/24/2023,FOK,NY,AEA,EN,Federal Contract Tower,0,52,41,1,94,0,0,47,0,47,0,52,88,1,141,28,20,48,189
07/25/2023,FOK,NY,AEA,EN,Federal Contract Tower,0,31,27,0,58,0,14,65,9,88,0,45,92,9,146,24,22,46,192
07/26/2023,FOK,NY,AEA,EN,Federal Contract Tower,0,63,44,0,107,0,5,82,10,97,0,68,126,10,204,34,42,76,280
07/27/2023,FOK,NY,AEA,EN,Federal Contract Tower,0,72,58,0,130,0,5,54,5,64,0,77,112,5,194,16,10,26,220
07/28/2023,FOK,NY,AEA,EN,Federal Contract Tower,0,80,58,0,138,0,7,68,9,84,0,87,126,9,222,22,16,38,260
07/29/2023,FOK,NY,AEA,EN,Federal Contract Tower,0,65,36,0,101,0,2,53,2,57,0,67,89,2,158,14,0,14,172
07/30/2023,FOK,NY,AEA,EN,Federal Contract Tower,0,81,62,0,143,0,6,92,0,98,0,87,154,0,241,20,0,20,261
07/31/2023,FOK,NY,AEA,EN,Federal Contract Tower,0,63,44,0,107,0,5,69,0,74,0,68,113,0,181,20,0,20,201
08/01/2023,FOK,NY,AEA,EN,Federal Contract Tower,0,49,41,0,90,0,5,81,4,90,0,54,122,4,180,46,20,66,246
08/02/2023,FOK,NY,AEA,EN,Federal Contract Tower,0,36,48,0,84,0,1,94,5,100,0,37,142,5,184,60,37,97,281
08/03/2023,FOK,NY,AEA,EN,Federal Contract Tower,0,81,61,2,144,0,13,75,2,90,0,94,136,4,234,42,20,62,296
08/04/2023,FOK,NY,AEA,EN,Federal Contract Tower,0,94,62,1,157,0,3,68,3,74,0,97,130,4,231,14,12,26,257
08/05/2023,FOK,NY,AEA,EN,Federal Contract Tower,0,53,50,0,103,0,2,93,22,117,0,55,143,22,220,20,4,24,244
08/06/2023,FOK,NY,AEA,EN,Federal Contract Tower,0,85,61,0,146,0,14,120,16,150,0,99,181,16,296,16,4,20,316
08/07/2023,FOK,NY,AEA,EN,Federal Contract Tower,0,83,61,0,144,0,5,11,0,16,0,88,72,0,160,0,0,0,160
08/08/2023,FOK,NY,AEA,EN,Federal Contract Tower,0,46,58,5,109,0,0,37,12,49,0,46,95,17,158,46,42,88,246
08/09/2023,FOK,NY,AEA,EN,Federal Contract Tower,0,44,30,0,74,0,9,50,0,59,0,53,80,0,133,50,0,50,183
08/10/2023,FOK,NY,AEA,EN,Federal Contract Tower,0,96,51,0,147,0,5,57,0,62,0,101,108,0,209,34,0,34,243
08/11/2023,FOK,NY,AEA,EN,Federal Contract Tower,0,86,44,0,130,0,7,88,1,96,0,93,132,1,226,50,0,50,276
08/12/2023,FOK,NY,AEA,EN,Federal Contract Tower,0,76,47,0,123,0,2,62,0,64,0,78,109,0,187,80,0,80,267
08/13/2023,FOK,NY,AEA,EN,Federal Contract Tower,0,110,95,0,205,0,1,52,0,53,0,111,147,0,258,6,0,6,264
08/14/2023,FOK,NY,AEA,EN,Federal Contract Tower,0,55,54,0,109,0,4,61,0,65,0,59,115,0,174,26,0,26,200
08/15/2023,FOK,NY,AEA,EN,Federal Contract Tower,0,63,33,0,96,0,0,27,0,27,0,63,60,0,123,0,0,0,123
08/16/2023,FOK,NY,AEA,EN,Federal Contract Tower,0,57,52,4,113,0,0,28,0,28,0,57,80,4,141,26,0,26,167
08/17/2023,FOK,NY,AEA,EN,Federal Contract Tower,0,83,87,0,170,0,0,14,0,14,0,83,101,0,184,2,0,2,186
08/18/2023,FOK,NY,AEA,EN,Federal Contract Tower,0,79,39,2,120,0,4,37,0,41,0,83,76,2,161,6,8,14,175
08/19/2023,FOK,NY,AEA,EN,Federal Contract Tower,0,49,20,2,71,0,0,57,0,57,0,49,77,2,128,24,0,24,152
08/20/2023,FOK,NY,AEA,EN,Federal Contract Tower,0,84,50,2,136,0,9,76,1,86,0,93,126,3,222,24,2,26,248
08/21/2023,FOK,NY,AEA,EN,Federal Contract Tower,0,69,35,0,104,0,6,40,0,46,0,75,75,0,150,52,0,52,202
08/22/2023,FOK,NY,AEA,EN,Federal Contract Tower,0,46,39,6,91,0,6,42,0,48,0,52,81,6,139,32,2,34,173
08/23/2023,FOK,NY,AEA,EN,Federal Contract Tower,3,54,44,3,104,0,6,75,0,81,3,60,119,3,185,10,12,22,207
08/24/2023,FOK,NY,AEA,EN,Federal Contract Tower,0,86,44,0,130,0,5,51,5,61,0,91,95,5,191,16,14,30,221
08/25/2023,FOK,NY,AEA,EN,Federal Contract Tower,0,92,48,0,140,0,0,6,0,6,0,92,54,0,146,0,0,0,146
08/26/2023,FOK,NY,AEA,EN,Federal Contract Tower,0,70,34,0,104,0,3,43,0,46,0,73,77,0,150,34,0,34,184
08/27/2023,FOK,NY,AEA,EN,Federal Contract Tower,0,75,46,4,125,0,1,89,0,90,0,76,135,4,215,44,0,44,259
08/28/2023,FOK,NY,AEA,EN,Federal Contract Tower,0,62,44,1,107,0,4,18,2,24,0,66,62,3,131,10,22,32,163
08/29/2023,FOK,NY,AEA,EN,Federal Contract Tower,0,69,66,1,136,0,0,15,0,15,0,69,81,1,151,0,0,0,151
08/30/2023,FOK,NY,AEA,EN,Federal Contract Tower,0,68,60,4,132,0,1,41,0,42,0,69,101,4,174,2,16,18,192
08/31/2023,FOK,NY,AEA,EN,Federal Contract Tower,0,63,56,0,119,0,7,44,0,51,0,70,100,0,170,46,0,46,216
