01/01/2020,FPR,FL,ASO,ES,Towers with Radar,0,0,37,0,37,0,5,81,0,86,0,5,118,0,123,66,0,66,189
01/02/2020,FPR,FL,ASO,ES,Towers with Radar,0,22,63,0,85,0,4,113,0,117,0,26,176,0,202,227,0,227,429
01/03/2020,FPR,FL,ASO,ES,Towers with Radar,0,32,59,0,91,0,14,121,1,136,0,46,180,1,227,233,0,233,460
01/04/2020,FPR,FL,ASO,ES,Towers with Radar,0,14,58,0,72,0,4,32,0,36,0,18,90,0,108,50,0,50,158
01/05/2020,FPR,FL,ASO,ES,Towers with Radar,0,4,53,0,57,0,4,94,0,98,0,8,147,0,155,170,0,170,325
01/06/2020,FPR,FL,ASO,ES,Towers with Radar,0,16,46,0,62,0,16,146,0,162,0,32,192,0,224,308,0,308,532
01/07/2020,FPR,FL,ASO,ES,Towers with Radar,0,22,58,0,80,0,10,149,0,159,0,32,207,0,239,368,0,368,607
01/08/2020,FPR,FL,ASO,ES,Towers with Radar,0,17,56,0,73,0,9,122,0,131,0,26,178,0,204,216,0,216,420
01/09/2020,FPR,FL,ASO,ES,Towers with Radar,0,41,58,0,99,0,8,107,0,115,0,49,165,0,214,176,0,176,390
01/10/2020,FPR,FL,ASO,ES,Towers with Radar,0,32,51,0,83,0,3,101,0,104,0,35,152,0,187,122,0,122,309
01/11/2020,FPR,FL,ASO,ES,Towers with Radar,0,27,48,0,75,0,4,42,0,46,0,31,90,0,121,43,0,43,164
01/12/2020,FPR,FL,ASO,ES,Towers with Radar,0,4,41,0,45,0,1,87,0,88,0,5,128,0,133,238,0,238,371
01/13/2020,FPR,FL,ASO,ES,Towers with Radar,0,36,54,0,90,0,17,181,0,198,0,53,235,0,288,412,0,412,700
01/14/2020,FPR,FL,ASO,ES,Towers with Radar,0,30,46,0,76,0,10,105,0,115,0,40,151,0,191,347,0,347,538
01/15/2020,FPR,FL,ASO,ES,Towers with Radar,0,31,66,0,97,0,14,151,2,167,0,45,217,2,264,537,0,537,801
01/16/2020,FPR,FL,ASO,ES,Towers with Radar,0,28,78,0,106,0,15,202,1,218,0,43,280,1,324,546,0,546,870
01/17/2020,FPR,FL,ASO,ES,Towers with Radar,0,33,49,0,82,0,10,131,0,141,0,43,180,0,223,201,0,201,424
01/18/2020,FPR,FL,ASO,ES,Towers with Radar,0,22,65,0,87,0,10,126,0,136,0,32,191,0,223,288,0,288,511
01/19/2020,FPR,FL,ASO,ES,Towers with Radar,0,3,48,0,51,0,11,150,0,161,0,14,198,0,212,411,0,411,623
01/20/2020,FPR,FL,ASO,ES,Towers with Radar,0,21,55,0,76,0,16,157,0,173,0,37,212,0,249,291,0,291,540
01/21/2020,FPR,FL,ASO,ES,Towers with Radar,0,8,36,0,44,0,24,147,0,171,0,32,183,0,215,281,0,281,496
01/22/2020,FPR,FL,ASO,ES,Towers with Radar,0,33,40,1,74,0,3,46,1,50,0,36,86,2,124,63,0,63,187
01/23/2020,FPR,FL,ASO,ES,Towers with Radar,0,41,84,0,125,0,12,78,0,90,0,53,162,0,215,304,0,304,519
01/24/2020,FPR,FL,ASO,ES,Towers with Radar,0,23,67,0,90,0,11,96,0,107,0,34,163,0,197,303,0,303,500
01/25/2020,FPR,FL,ASO,ES,Towers with Radar,0,11,49,0,60,0,6,159,0,165,0,17,208,0,225,412,0,412,637
01/26/2020,FPR,FL,ASO,ES,Towers with Radar,0,2,55,0,57,0,7,148,0,155,0,9,203,0,212,443,0,443,655
01/27/2020,FPR,FL,ASO,ES,Towers with Radar,0,39,57,0,96,0,17,168,0,185,0,56,225,0,281,491,0,491,772
01/28/2020,FPR,FL,ASO,ES,Towers with Radar,0,17,49,0,66,0,12,197,0,209,0,29,246,0,275,259,0,259,534
01/29/2020,FPR,FL,ASO,ES,Towers with Radar,0,30,59,1,90,0,16,203,1,220,0,46,262,2,310,425,0,425,735
01/30/2020,FPR,FL,ASO,ES,Towers with Radar,0,30,58,0,88,0,10,113,0,123,0,40,171,0,211,119,0,119,330
01/31/2020,FPR,FL,ASO,ES,Towers with Radar,0,47,69,3,119,0,11,218,1,230,0,58,287,4,349,477,0,477,826
02/01/2020,FPR,FL,ASO,ES,Towers with Radar,0,20,29,0,49,0,0,12,0,12,0,20,41,0,61,27,0,27,88
02/02/2020,FPR,FL,ASO,ES,Towers with Radar,0,3,49,0,52,0,5,158,0,163,0,8,207,0,215,432,0,432,647
02/03/2020,FPR,FL,ASO,ES,Towers with Radar,0,33,68,1,102,0,20,199,0,219,0,53,267,1,321,532,0,532,853
02/04/2020,FPR,FL,ASO,ES,Towers with Radar,0,53,56,1,110,0,14,233,0,247,0,67,289,1,357,300,0,300,657
02/05/2020,FPR,FL,ASO,ES,Towers with Radar,0,42,56,0,98,0,18,194,0,212,0,60,250,0,310,447,0,447,757
02/06/2020,FPR,FL,ASO,ES,Towers with Radar,0,41,51,0,92,0,4,98,0,102,0,45,149,0,194,107,0,107,301
02/07/2020,FPR,FL,ASO,ES,Towers with Radar,0,17,33,0,50,0,12,148,0,160,0,29,181,0,210,411,0,411,621
02/08/2020,FPR,FL,ASO,ES,Towers with Radar,0,7,63,0,70,0,17,199,2,218,0,24,262,2,288,380,0,380,668
02/09/2020,FPR,FL,ASO,ES,Towers with Radar,0,3,47,0,50,0,10,117,0,127,0,13,164,0,177,258,0,258,435
02/10/2020,FPR,FL,ASO,ES,Towers with Radar,0,15,32,0,47,0,8,165,2,175,0,23,197,2,222,434,0,434,656
02/11/2020,FPR,FL,ASO,ES,Towers with Radar,0,27,62,0,89,0,13,186,2,201,0,40,248,2,290,532,0,532,822
02/12/2020,FPR,FL,ASO,ES,Towers with Radar,0,37,50,0,87,0,4,156,0,160,0,41,206,0,247,258,0,258,505
02/13/2020,FPR,FL,ASO,ES,Towers with Radar,0,28,53,0,81,0,12,152,0,164,0,40,205,0,245,327,0,327,572
02/14/2020,FPR,FL,ASO,ES,Towers with Radar,4,13,81,1,99,0,2,31,1,34,4,15,112,2,133,112,0,112,245
02/15/2020,FPR,FL,ASO,ES,Towers with Radar,0,21,49,0,70,0,8,49,3,60,0,29,98,3,130,108,0,108,238
02/16/2020,FPR,FL,ASO,ES,Towers with Radar,0,0,65,0,65,0,6,126,8,140,0,6,191,8,205,355,0,355,560
02/17/2020,FPR,FL,ASO,ES,Towers with Radar,0,29,69,0,98,0,18,205,0,223,0,47,274,0,321,502,0,502,823
02/18/2020,FPR,FL,ASO,ES,Towers with Radar,0,42,89,0,131,0,15,252,0,267,0,57,341,0,398,519,0,519,917
02/19/2020,FPR,FL,ASO,ES,Towers with Radar,0,42,122,2,166,0,14,234,0,248,0,56,356,2,414,577,0,577,991
02/20/2020,FPR,FL,ASO,ES,Towers with Radar,0,29,82,0,111,0,7,176,0,183,0,36,258,0,294,480,0,480,774
02/21/2020,FPR,FL,ASO,ES,Towers with Radar,0,2,35,0,37,0,1,1,0,2,0,3,36,0,39,30,0,30,69
02/22/2020,FPR,FL,ASO,ES,Towers with Radar,0,21,56,0,77,0,3,88,0,91,0,24,144,0,168,46,0,46,214
02/23/2020,FPR,FL,ASO,ES,Towers with Radar,0,6,66,0,72,0,1,165,0,166,0,7,231,0,238,427,0,427,665
02/24/2020,FPR,FL,ASO,ES,Towers with Radar,0,46,74,0,120,0,16,196,0,212,0,62,270,0,332,384,0,384,716
02/25/2020,FPR,FL,ASO,ES,Towers with Radar,0,23,54,0,77,0,11,171,0,182,0,34,225,0,259,389,0,389,648
02/26/2020,FPR,FL,ASO,ES,Towers with Radar,0,25,37,0,62,0,4,86,0,90,0,29,123,0,152,248,0,248,400
02/27/2020,FPR,FL,ASO,ES,Towers with Radar,0,33,61,0,94,0,13,183,0,196,0,46,244,0,290,396,0,396,686
02/28/2020,FPR,FL,ASO,ES,Towers with Radar,0,25,54,0,79,0,12,175,0,187,0,37,229,0,266,531,0,531,797
02/29/2020,FPR,FL,ASO,ES,Towers with Radar,0,22,57,0,79,0,11,146,0,157,0,33,203,0,236,247,0,247,483
03/01/2020,FPR,FL,ASO,ES,Towers with Radar,0,10,59,0,69,0,3,139,0,142,0,13,198,0,211,343,0,343,554
03/02/2020,FPR,FL,ASO,ES,Towers with Radar,0,15,47,0,62,0,10,128,0,138,0,25,175,0,200,466,0,466,666
03/03/2020,FPR,FL,ASO,ES,Towers with Radar,0,33,58,0,91,0,15,181,0,196,0,48,239,0,287,277,0,277,564
03/04/2020,FPR,FL,ASO,ES,Towers with Radar,0,26,68,0,94,0,14,174,0,188,0,40,242,0,282,351,0,351,633
03/05/2020,FPR,FL,ASO,ES,Towers with Radar,0,22,55,0,77,0,14,145,0,159,0,36,200,0,236,405,0,405,641
03/06/2020,FPR,FL,ASO,ES,Towers with Radar,0,30,66,0,96,0,7,136,0,143,0,37,202,0,239,597,0,597,836
03/07/2020,FPR,FL,ASO,ES,Towers with Radar,0,6,40,1,47,0,8,63,1,72,0,14,103,2,119,103,0,103,222
03/08/2020,FPR,FL,ASO,ES,Towers with Radar,0,5,62,0,67,0,4,81,0,85,0,9,143,0,152,214,0,214,366
03/09/2020,FPR,FL,ASO,ES,Towers with Radar,0,17,75,0,92,0,11,145,0,156,0,28,220,0,248,466,0,466,714
03/10/2020,FPR,FL,ASO,ES,Towers with Radar,0,15,64,0,79,0,8,226,4,238,0,23,290,4,317,614,0,614,931
03/11/2020,FPR,FL,ASO,ES,Towers with Radar,0,13,68,0,81,0,12,194,1,207,0,25,262,1,288,677,0,677,965
03/12/2020,FPR,FL,ASO,ES,Towers with Radar,0,8,80,0,88,0,15,207,0,222,0,23,287,0,310,556,0,556,866
03/13/2020,FPR,FL,ASO,ES,Towers with Radar,0,20,89,0,109,0,5,226,0,231,0,25,315,0,340,638,0,638,978
03/14/2020,FPR,FL,ASO,ES,Towers with Radar,0,18,57,0,75,0,5,137,0,142,0,23,194,0,217,474,0,474,691
03/15/2020,FPR,FL,ASO,ES,Towers with Radar,0,8,65,0,73,0,8,125,0,133,0,16,190,0,206,379,0,379,585
03/16/2020,FPR,FL,ASO,ES,Towers with Radar,0,6,45,0,51,0,7,149,0,156,0,13,194,0,207,450,0,450,657
03/17/2020,FPR,FL,ASO,ES,Towers with Radar,0,2,71,0,73,0,13,197,0,210,0,15,268,0,283,579,0,579,862
03/18/2020,FPR,FL,ASO,ES,Towers with Radar,0,24,85,0,109,0,10,184,0,194,0,34,269,0,303,475,0,475,778
03/19/2020,FPR,FL,ASO,ES,Towers with Radar,0,22,87,0,109,0,5,197,8,210,0,27,284,8,319,442,0,442,761
03/20/2020,FPR,FL,ASO,ES,Towers with Radar,0,12,74,0,86,0,4,214,0,218,0,16,288,0,304,507,0,507,811
03/21/2020,FPR,FL,ASO,ES,Towers with Radar,0,6,63,0,69,0,12,137,0,149,0,18,200,0,218,445,0,445,663
03/22/2020,FPR,FL,ASO,ES,Towers with Radar,1,9,45,0,55,0,4,150,0,154,1,13,195,0,209,494,0,494,703
03/23/2020,FPR,FL,ASO,ES,Towers with Radar,0,16,42,0,58,0,10,170,0,180,0,26,212,0,238,491,0,491,729
03/24/2020,FPR,FL,ASO,ES,Towers with Radar,0,15,34,0,49,0,13,181,1,195,0,28,215,1,244,496,0,496,740
03/25/2020,FPR,FL,ASO,ES,Towers with Radar,0,10,38,0,48,0,1,116,0,117,0,11,154,0,165,359,0,359,524
03/26/2020,FPR,FL,ASO,ES,Towers with Radar,0,12,31,0,43,0,3,128,0,131,0,15,159,0,174,375,0,375,549
03/27/2020,FPR,FL,ASO,ES,Towers with Radar,0,8,59,0,67,0,8,161,0,169,0,16,220,0,236,580,0,580,816
03/28/2020,FPR,FL,ASO,ES,Towers with Radar,0,15,27,0,42,0,6,138,0,144,0,21,165,0,186,321,0,321,507
03/29/2020,FPR,FL,ASO,ES,Towers with Radar,0,5,24,0,29,0,13,106,0,119,0,18,130,0,148,282,0,282,430
03/30/2020,FPR,FL,ASO,ES,Towers with Radar,0,25,33,0,58,0,9,164,0,173,0,34,197,0,231,413,0,413,644
03/31/2020,FPR,FL,ASO,ES,Towers with Radar,0,3,19,0,22,0,0,123,0,123,0,3,142,0,145,265,0,265,410
04/01/2020,FPR,FL,ASO,ES,Towers with Radar,0,13,22,0,35,0,0,131,0,131,0,13,153,0,166,248,0,248,414
04/02/2020,FPR,FL,ASO,ES,Towers with Radar,0,18,46,0,64,0,3,148,0,151,0,21,194,0,215,357,0,357,572
04/03/2020,FPR,FL,ASO,ES,Towers with Radar,0,15,5,0,20,0,3,33,0,36,0,18,38,0,56,37,0,37,93
04/04/2020,FPR,FL,ASO,ES,Towers with Radar,0,2,5,0,7,0,6,28,0,34,0,8,33,0,41,6,0,6,47
04/05/2020,FPR,FL,ASO,ES,Towers with Radar,0,2,1,0,3,0,2,4,0,6,0,4,5,0,9,0,0,0,9
04/06/2020,FPR,FL,ASO,ES,Towers with Radar,0,24,5,1,30,0,0,3,0,3,0,24,8,1,33,0,0,0,33
04/07/2020,FPR,FL,ASO,ES,Towers with Radar,0,18,20,0,38,0,1,20,0,21,0,19,40,0,59,54,0,54,113
04/08/2020,FPR,FL,ASO,ES,Towers with Radar,0,6,7,0,13,0,13,31,0,44,0,19,38,0,57,4,0,4,61
04/09/2020,FPR,FL,ASO,ES,Towers with Radar,0,9,9,0,18,0,5,8,0,13,0,14,17,0,31,6,0,6,37
04/10/2020,FPR,FL,ASO,ES,Towers with Radar,0,11,4,0,15,0,0,9,0,9,0,11,13,0,24,15,0,15,39
04/11/2020,FPR,FL,ASO,ES,Towers with Radar,0,0,13,0,13,0,3,32,0,35,0,3,45,0,48,5,0,5,53
04/12/2020,FPR,FL,ASO,ES,Towers with Radar,0,2,7,0,9,0,1,3,0,4,0,3,10,0,13,0,0,0,13
04/13/2020,FPR,FL,ASO,ES,Towers with Radar,0,13,4,2,19,0,6,4,0,10,0,19,8,2,29,0,0,0,29
04/14/2020,FPR,FL,ASO,ES,Towers with Radar,0,6,4,0,10,0,6,22,0,28,0,12,26,0,38,63,0,63,101
04/15/2020,FPR,FL,ASO,ES,Towers with Radar,0,20,4,0,24,0,2,8,0,10,0,22,12,0,34,8,0,8,42
04/16/2020,FPR,FL,ASO,ES,Towers with Radar,0,10,8,0,18,0,0,6,0,6,0,10,14,0,24,43,0,43,67
04/17/2020,FPR,FL,ASO,ES,Towers with Radar,0,24,23,0,47,0,0,10,0,10,0,24,33,0,57,2,0,2,59
04/18/2020,FPR,FL,ASO,ES,Towers with Radar,0,0,6,0,6,0,3,23,0,26,0,3,29,0,32,15,0,15,47
04/19/2020,FPR,FL,ASO,ES,Towers with Radar,0,5,12,0,17,0,3,13,0,16,0,8,25,0,33,13,0,13,46
04/20/2020,FPR,FL,ASO,ES,Towers with Radar,0,6,5,0,11,0,4,8,0,12,0,10,13,0,23,9,0,9,32
04/21/2020,FPR,FL,ASO,ES,Towers with Radar,0,22,9,0,31,0,5,61,0,66,0,27,70,0,97,99,0,99,196
04/22/2020,FPR,FL,ASO,ES,Towers with Radar,0,23,9,0,32,0,6,52,0,58,0,29,61,0,90,89,0,89,179
04/23/2020,FPR,FL,ASO,ES,Towers with Radar,0,8,13,0,21,0,13,41,0,54,0,21,54,0,75,63,0,63,138
04/24/2020,FPR,FL,ASO,ES,Towers with Radar,0,4,4,0,8,0,1,11,0,12,0,5,15,0,20,52,0,52,72
04/25/2020,FPR,FL,ASO,ES,Towers with Radar,0,2,7,0,9,0,3,12,0,15,0,5,19,0,24,11,0,11,35
04/26/2020,FPR,FL,ASO,ES,Towers with Radar,0,0,6,0,6,0,1,1,0,2,0,1,7,0,8,0,0,0,8
04/27/2020,FPR,FL,ASO,ES,Towers with Radar,0,20,25,0,45,0,17,58,2,77,0,37,83,2,122,101,0,101,223
04/28/2020,FPR,FL,ASO,ES,Towers with Radar,0,20,36,0,56,0,9,74,0,83,0,29,110,0,139,260,0,260,399
04/29/2020,FPR,FL,ASO,ES,Towers with Radar,0,28,20,2,50,0,2,50,0,52,0,30,70,2,102,82,0,82,184
04/30/2020,FPR,FL,ASO,ES,Towers with Radar,0,8,3,0,11,0,3,7,0,10,0,11,10,0,21,36,0,36,57
05/01/2020,FPR,FL,ASO,ES,Towers with Radar,0,28,16,2,46,0,6,68,0,74,0,34,84,2,120,131,0,131,251
05/02/2020,FPR,FL,ASO,ES,Towers with Radar,0,1,8,0,9,0,5,49,0,54,0,6,57,0,63,66,0,66,129
05/03/2020,FPR,FL,ASO,ES,Towers with Radar,0,2,12,0,14,0,3,17,0,20,0,5,29,0,34,19,0,19,53
05/04/2020,FPR,FL,ASO,ES,Towers with Radar,0,11,19,0,30,0,5,60,0,65,0,16,79,0,95,171,0,171,266
05/05/2020,FPR,FL,ASO,ES,Towers with Radar,0,14,27,0,41,0,3,158,0,161,0,17,185,0,202,385,0,385,587
05/06/2020,FPR,FL,ASO,ES,Towers with Radar,0,10,21,0,31,0,3,148,0,151,0,13,169,0,182,382,0,382,564
05/07/2020,FPR,FL,ASO,ES,Towers with Radar,0,11,37,0,48,0,3,101,0,104,0,14,138,0,152,221,0,221,373
05/08/2020,FPR,FL,ASO,ES,Towers with Radar,0,16,62,0,78,0,8,156,0,164,0,24,218,0,242,385,0,385,627
05/09/2020,FPR,FL,ASO,ES,Towers with Radar,0,2,26,0,28,0,4,113,0,117,0,6,139,0,145,278,0,278,423
05/10/2020,FPR,FL,ASO,ES,Towers with Radar,0,0,11,4,15,0,1,0,0,1,0,1,11,4,16,0,0,0,16
05/11/2020,FPR,FL,ASO,ES,Towers with Radar,0,11,23,0,34,0,5,104,0,109,0,16,127,0,143,240,0,240,383
05/12/2020,FPR,FL,ASO,ES,Towers with Radar,0,12,29,0,41,0,2,152,0,154,0,14,181,0,195,427,0,427,622
05/13/2020,FPR,FL,ASO,ES,Towers with Radar,0,21,27,0,48,0,3,127,0,130,0,24,154,0,178,279,0,279,457
05/14/2020,FPR,FL,ASO,ES,Towers with Radar,0,21,32,2,55,0,7,105,3,115,0,28,137,5,170,302,0,302,472
05/15/2020,FPR,FL,ASO,ES,Towers with Radar,0,12,32,1,45,0,4,23,0,27,0,16,55,1,72,95,0,95,167
05/16/2020,FPR,FL,ASO,ES,Towers with Radar,0,0,18,0,18,0,3,54,0,57,0,3,72,0,75,352,0,352,427
05/17/2020,FPR,FL,ASO,ES,Towers with Radar,0,0,20,0,20,0,4,104,0,108,0,4,124,0,128,345,0,345,473
05/18/2020,FPR,FL,ASO,ES,Towers with Radar,0,14,18,0,32,0,1,94,0,95,0,15,112,0,127,359,0,359,486
05/19/2020,FPR,FL,ASO,ES,Towers with Radar,0,18,47,0,65,0,0,127,0,127,0,18,174,0,192,261,0,261,453
05/20/2020,FPR,FL,ASO,ES,Towers with Radar,0,19,46,0,65,0,9,183,0,192,0,28,229,0,257,498,0,498,755
05/21/2020,FPR,FL,ASO,ES,Towers with Radar,0,12,34,0,46,0,7,120,0,127,0,19,154,0,173,390,0,390,563
05/22/2020,FPR,FL,ASO,ES,Towers with Radar,0,20,68,2,90,0,4,163,0,167,0,24,231,2,257,354,0,354,611
05/23/2020,FPR,FL,ASO,ES,Towers with Radar,0,1,33,0,34,0,8,103,0,111,0,9,136,0,145,351,0,351,496
05/24/2020,FPR,FL,ASO,ES,Towers with Radar,0,0,28,0,28,0,2,63,0,65,0,2,91,0,93,263,0,263,356
05/25/2020,FPR,FL,ASO,ES,Towers with Radar,0,1,3,0,4,0,0,1,0,1,0,1,4,0,5,0,0,0,5
05/26/2020,FPR,FL,ASO,ES,Towers with Radar,0,3,26,0,29,0,1,38,0,39,0,4,64,0,68,88,0,88,156
05/27/2020,FPR,FL,ASO,ES,Towers with Radar,0,7,42,0,49,0,2,120,0,122,0,9,162,0,171,222,0,222,393
05/28/2020,FPR,FL,ASO,ES,Towers with Radar,0,17,48,0,65,0,1,158,0,159,0,18,206,0,224,419,0,419,643
05/29/2020,FPR,FL,ASO,ES,Towers with Radar,0,12,70,0,82,0,5,146,0,151,0,17,216,0,233,389,0,389,622
05/30/2020,FPR,FL,ASO,ES,Towers with Radar,0,2,32,0,34,0,4,126,0,130,0,6,158,0,164,346,0,346,510
05/31/2020,FPR,FL,ASO,ES,Towers with Radar,0,3,23,0,26,0,8,129,0,137,0,11,152,0,163,357,0,357,520
06/01/2020,FPR,FL,ASO,ES,Towers with Radar,0,24,36,0,60,0,2,153,0,155,0,26,189,0,215,574,0,574,789
06/02/2020,FPR,FL,ASO,ES,Towers with Radar,0,13,48,0,61,0,3,65,0,68,0,16,113,0,129,233,0,233,362
06/03/2020,FPR,FL,ASO,ES,Towers with Radar,0,0,12,0,12,0,2,43,0,45,0,2,55,0,57,119,0,119,176
06/04/2020,FPR,FL,ASO,ES,Towers with Radar,0,4,48,0,52,0,5,65,1,71,0,9,113,1,123,251,0,251,374
06/05/2020,FPR,FL,ASO,ES,Towers with Radar,0,18,36,2,56,0,5,103,0,108,0,23,139,2,164,287,0,287,451
06/06/2020,FPR,FL,ASO,ES,Towers with Radar,0,2,51,0,53,0,9,125,0,134,0,11,176,0,187,397,0,397,584
06/07/2020,FPR,FL,ASO,ES,Towers with Radar,0,3,39,0,42,0,2,131,0,133,0,5,170,0,175,279,0,279,454
06/08/2020,FPR,FL,ASO,ES,Towers with Radar,0,20,46,0,66,0,11,89,0,100,0,31,135,0,166,196,0,196,362
06/09/2020,FPR,FL,ASO,ES,Towers with Radar,0,24,71,2,97,0,4,152,0,156,0,28,223,2,253,450,0,450,703
06/10/2020,FPR,FL,ASO,ES,Towers with Radar,0,20,44,2,66,0,5,150,0,155,0,25,194,2,221,469,0,469,690
06/11/2020,FPR,FL,ASO,ES,Towers with Radar,0,16,55,2,73,0,10,178,0,188,0,26,233,2,261,366,0,366,627
06/12/2020,FPR,FL,ASO,ES,Towers with Radar,0,19,58,2,79,0,9,177,0,186,0,28,235,2,265,476,0,476,741
06/13/2020,FPR,FL,ASO,ES,Towers with Radar,0,1,30,0,31,0,7,149,0,156,0,8,179,0,187,365,0,365,552
06/14/2020,FPR,FL,ASO,ES,Towers with Radar,0,1,28,0,29,0,6,88,0,94,0,7,116,0,123,273,0,273,396
06/15/2020,FPR,FL,ASO,ES,Towers with Radar,0,26,26,0,52,0,0,111,0,111,0,26,137,0,163,223,0,223,386
06/16/2020,FPR,FL,ASO,ES,Towers with Radar,0,35,42,0,77,0,2,210,0,212,0,37,252,0,289,423,0,423,712
06/17/2020,FPR,FL,ASO,ES,Towers with Radar,0,41,57,0,98,0,7,175,0,182,0,48,232,0,280,522,0,522,802
06/18/2020,FPR,FL,ASO,ES,Towers with Radar,0,8,39,0,47,0,2,70,0,72,0,10,109,0,119,296,0,296,415
06/19/2020,FPR,FL,ASO,ES,Towers with Radar,0,9,42,0,51,0,4,73,0,77,0,13,115,0,128,334,0,334,462
06/20/2020,FPR,FL,ASO,ES,Towers with Radar,0,1,53,0,54,0,5,127,0,132,0,6,180,0,186,243,0,243,429
06/21/2020,FPR,FL,ASO,ES,Towers with Radar,0,0,37,0,37,0,0,103,0,103,0,0,140,0,140,251,0,251,391
06/22/2020,FPR,FL,ASO,ES,Towers with Radar,0,17,56,0,73,0,6,185,0,191,0,23,241,0,264,454,0,454,718
06/23/2020,FPR,FL,ASO,ES,Towers with Radar,0,16,51,0,67,0,5,190,0,195,0,21,241,0,262,533,0,533,795
06/24/2020,FPR,FL,ASO,ES,Towers with Radar,0,25,76,0,101,0,9,213,0,222,0,34,289,0,323,442,0,442,765
06/25/2020,FPR,FL,ASO,ES,Towers with Radar,0,15,95,0,110,0,17,217,0,234,0,32,312,0,344,506,0,506,850
06/26/2020,FPR,FL,ASO,ES,Towers with Radar,0,18,67,0,85,0,16,196,0,212,0,34,263,0,297,600,0,600,897
06/27/2020,FPR,FL,ASO,ES,Towers with Radar,0,3,55,0,58,0,5,143,0,148,0,8,198,0,206,319,0,319,525
06/28/2020,FPR,FL,ASO,ES,Towers with Radar,0,2,42,0,44,0,6,117,0,123,0,8,159,0,167,331,0,331,498
06/29/2020,FPR,FL,ASO,ES,Towers with Radar,0,24,44,0,68,0,5,175,0,180,0,29,219,0,248,345,0,345,593
06/30/2020,FPR,FL,ASO,ES,Towers with Radar,0,11,47,0,58,0,3,175,0,178,0,14,222,0,236,425,0,425,661
07/01/2020,FPR,FL,ASO,ES,Towers with Radar,0,8,65,0,73,0,4,134,0,138,0,12,199,0,211,291,0,291,502
07/02/2020,FPR,FL,ASO,ES,Towers with Radar,0,7,71,0,78,0,3,178,0,181,0,10,249,0,259,463,0,463,722
07/03/2020,FPR,FL,ASO,ES,Towers with Radar,0,3,29,0,32,0,0,41,0,41,0,3,70,0,73,9,0,9,82
07/04/2020,FPR,FL,ASO,ES,Towers with Radar,0,0,8,0,8,0,7,22,0,29,0,7,30,0,37,8,0,8,45
07/05/2020,FPR,FL,ASO,ES,Towers with Radar,0,3,41,0,44,0,1,98,0,99,0,4,139,0,143,267,0,267,410
07/06/2020,FPR,FL,ASO,ES,Towers with Radar,0,12,71,2,85,0,5,136,0,141,0,17,207,2,226,325,0,325,551
07/07/2020,FPR,FL,ASO,ES,Towers with Radar,0,10,67,0,77,0,6,184,0,190,0,16,251,0,267,345,0,345,612
07/08/2020,FPR,FL,ASO,ES,Towers with Radar,0,10,54,0,64,0,7,154,0,161,0,17,208,0,225,488,0,488,713
07/09/2020,FPR,FL,ASO,ES,Towers with Radar,0,10,59,0,69,0,2,135,0,137,0,12,194,0,206,244,0,244,450
07/10/2020,FPR,FL,ASO,ES,Towers with Radar,0,10,54,0,64,0,0,96,0,96,0,10,150,0,160,263,0,263,423
07/11/2020,FPR,FL,ASO,ES,Towers with Radar,0,0,33,0,33,0,0,55,0,55,0,0,88,0,88,148,0,148,236
07/12/2020,FPR,FL,ASO,ES,Towers with Radar,0,0,20,3,23,0,4,99,0,103,0,4,119,3,126,241,0,241,367
07/13/2020,FPR,FL,ASO,ES,Towers with Radar,0,20,54,0,74,0,4,139,0,143,0,24,193,0,217,357,0,357,574
07/14/2020,FPR,FL,ASO,ES,Towers with Radar,0,18,49,0,67,0,10,169,0,179,0,28,218,0,246,322,0,322,568
07/15/2020,FPR,FL,ASO,ES,Towers with Radar,0,22,60,0,82,0,8,162,0,170,0,30,222,0,252,235,0,235,487
07/16/2020,FPR,FL,ASO,ES,Towers with Radar,0,16,61,0,77,0,4,154,0,158,0,20,215,0,235,430,0,430,665
07/17/2020,FPR,FL,ASO,ES,Towers with Radar,0,16,63,0,79,0,3,121,0,124,0,19,184,0,203,279,0,279,482
07/18/2020,FPR,FL,ASO,ES,Towers with Radar,0,0,43,0,43,0,6,98,0,104,0,6,141,0,147,274,0,274,421
07/19/2020,FPR,FL,ASO,ES,Towers with Radar,0,1,60,0,61,0,1,117,0,118,0,2,177,0,179,214,0,214,393
07/20/2020,FPR,FL,ASO,ES,Towers with Radar,0,22,64,0,86,0,4,155,0,159,0,26,219,0,245,306,0,306,551
07/21/2020,FPR,FL,ASO,ES,Towers with Radar,0,15,60,0,75,0,4,126,0,130,0,19,186,0,205,253,0,253,458
07/22/2020,FPR,FL,ASO,ES,Towers with Radar,0,31,60,0,91,0,0,103,0,103,0,31,163,0,194,234,0,234,428
07/23/2020,FPR,FL,ASO,ES,Towers with Radar,0,26,66,1,93,0,6,113,1,120,0,32,179,2,213,226,0,226,439
07/24/2020,FPR,FL,ASO,ES,Towers with Radar,0,17,75,0,92,0,1,190,0,191,0,18,265,0,283,291,0,291,574
07/25/2020,FPR,FL,ASO,ES,Towers with Radar,0,2,47,0,49,0,0,84,0,84,0,2,131,0,133,179,0,179,312
07/26/2020,FPR,FL,ASO,ES,Towers with Radar,0,1,48,0,49,0,3,97,0,100,0,4,145,0,149,201,0,201,350
07/27/2020,FPR,FL,ASO,ES,Towers with Radar,0,17,45,0,62,0,6,155,0,161,0,23,200,0,223,415,0,415,638
07/28/2020,FPR,FL,ASO,ES,Towers with Radar,0,10,56,0,66,0,5,182,0,187,0,15,238,0,253,441,0,441,694
07/29/2020,FPR,FL,ASO,ES,Towers with Radar,0,16,86,0,102,0,12,207,0,219,0,28,293,0,321,454,0,454,775
07/30/2020,FPR,FL,ASO,ES,Towers with Radar,0,24,85,0,109,0,4,200,2,206,0,28,285,2,315,342,0,342,657
07/31/2020,FPR,FL,ASO,ES,Towers with Radar,0,5,63,1,69,0,1,205,0,206,0,6,268,1,275,355,0,355,630
08/01/2020,FPR,FL,ASO,ES,Towers with Radar,0,1,7,0,8,0,2,17,0,19,0,3,24,0,27,0,0,0,27
08/02/2020,FPR,FL,ASO,ES,Towers with Radar,0,0,1,0,1,0,0,0,0,0,0,0,1,0,1,0,0,0,1
08/03/2020,FPR,FL,ASO,ES,Towers with Radar,0,4,53,0,57,0,9,129,6,144,0,13,182,6,201,302,0,302,503
08/04/2020,FPR,FL,ASO,ES,Towers with Radar,0,3,50,0,53,0,6,114,0,120,0,9,164,0,173,303,0,303,476
08/05/2020,FPR,FL,ASO,ES,Towers with Radar,0,15,44,0,59,0,3,104,0,107,0,18,148,0,166,279,0,279,445
08/06/2020,FPR,FL,ASO,ES,Towers with Radar,0,18,65,0,83,0,4,182,1,187,0,22,247,1,270,368,0,368,638
08/07/2020,FPR,FL,ASO,ES,Towers with Radar,0,20,71,2,93,0,8,194,0,202,0,28,265,2,295,430,0,430,725
08/08/2020,FPR,FL,ASO,ES,Towers with Radar,0,6,51,0,57,0,7,110,11,128,0,13,161,11,185,102,0,102,287
08/09/2020,FPR,FL,ASO,ES,Towers with Radar,0,1,48,0,49,0,1,127,0,128,0,2,175,0,177,247,0,247,424
08/10/2020,FPR,FL,ASO,ES,Towers with Radar,0,34,67,0,101,0,3,181,0,184,0,37,248,0,285,384,0,384,669
08/11/2020,FPR,FL,ASO,ES,Towers with Radar,0,17,67,0,84,0,12,210,0,222,0,29,277,0,306,394,0,394,700
08/12/2020,FPR,FL,ASO,ES,Towers with Radar,0,19,57,0,76,0,4,178,0,182,0,23,235,0,258,325,0,325,583
08/13/2020,FPR,FL,ASO,ES,Towers with Radar,0,14,64,0,78,0,5,153,0,158,0,19,217,0,236,266,0,266,502
08/14/2020,FPR,FL,ASO,ES,Towers with Radar,0,10,81,0,91,0,2,175,0,177,0,12,256,0,268,300,0,300,568
08/15/2020,FPR,FL,ASO,ES,Towers with Radar,0,5,34,0,39,0,1,109,0,110,0,6,143,0,149,184,0,184,333
08/16/2020,FPR,FL,ASO,ES,Towers with Radar,0,3,40,0,43,0,4,79,0,83,0,7,119,0,126,219,0,219,345
08/17/2020,FPR,FL,ASO,ES,Towers with Radar,0,22,54,0,76,0,3,143,0,146,0,25,197,0,222,312,0,312,534
08/18/2020,FPR,FL,ASO,ES,Towers with Radar,0,10,44,0,54,0,7,182,0,189,0,17,226,0,243,339,0,339,582
08/19/2020,FPR,FL,ASO,ES,Towers with Radar,0,6,43,0,49,0,6,123,0,129,0,12,166,0,178,263,0,263,441
08/20/2020,FPR,FL,ASO,ES,Towers with Radar,0,13,68,0,81,0,5,134,0,139,0,18,202,0,220,273,0,273,493
08/21/2020,FPR,FL,ASO,ES,Towers with Radar,0,14,43,0,57,0,1,104,0,105,0,15,147,0,162,303,0,303,465
08/22/2020,FPR,FL,ASO,ES,Towers with Radar,0,0,28,0,28,0,1,93,0,94,0,1,121,0,122,205,0,205,327
08/23/2020,FPR,FL,ASO,ES,Towers with Radar,0,0,28,0,28,0,2,79,0,81,0,2,107,0,109,218,0,218,327
08/24/2020,FPR,FL,ASO,ES,Towers with Radar,0,2,54,0,56,0,0,93,0,93,0,2,147,0,149,82,0,82,231
08/25/2020,FPR,FL,ASO,ES,Towers with Radar,0,34,76,0,110,0,5,157,0,162,0,39,233,0,272,309,0,309,581
08/26/2020,FPR,FL,ASO,ES,Towers with Radar,0,17,77,0,94,0,11,159,0,170,0,28,236,0,264,247,0,247,511
08/27/2020,FPR,FL,ASO,ES,Towers with Radar,0,18,80,0,98,0,4,145,0,149,0,22,225,0,247,295,0,295,542
08/28/2020,FPR,FL,ASO,ES,Towers with Radar,0,18,64,0,82,0,3,178,1,182,0,21,242,1,264,360,0,360,624
08/29/2020,FPR,FL,ASO,ES,Towers with Radar,0,1,33,0,34,0,2,70,0,72,0,3,103,0,106,117,0,117,223
08/30/2020,FPR,FL,ASO,ES,Towers with Radar,0,0,27,0,27,0,3,78,0,81,0,3,105,0,108,186,0,186,294
08/31/2020,FPR,FL,ASO,ES,Towers with Radar,0,9,25,0,34,0,7,92,0,99,0,16,117,0,133,250,0,250,383
09/01/2020,FPR,FL,ASO,ES,Towers with Radar,0,10,73,0,83,0,1,208,0,209,0,11,281,0,292,397,0,397,689
09/02/2020,FPR,FL,ASO,ES,Towers with Radar,0,10,82,0,92,0,8,188,0,196,0,18,270,0,288,346,0,346,634
09/03/2020,FPR,FL,ASO,ES,Towers with Radar,0,17,76,0,93,0,4,165,0,169,0,21,241,0,262,305,0,305,567
09/04/2020,FPR,FL,ASO,ES,Towers with Radar,0,7,55,0,62,0,5,146,0,151,0,12,201,0,213,300,0,300,513
09/05/2020,FPR,FL,ASO,ES,Towers with Radar,0,2,44,0,46,0,8,123,2,133,0,10,167,2,179,154,0,154,333
09/06/2020,FPR,FL,ASO,ES,Towers with Radar,0,0,23,0,23,0,1,90,0,91,0,1,113,0,114,177,0,177,291
09/07/2020,FPR,FL,ASO,ES,Towers with Radar,0,0,21,0,21,0,1,16,0,17,0,1,37,0,38,0,0,0,38
09/08/2020,FPR,FL,ASO,ES,Towers with Radar,0,2,65,0,67,0,7,130,0,137,0,9,195,0,204,236,0,236,440
09/09/2020,FPR,FL,ASO,ES,Towers with Radar,0,5,49,0,54,0,3,141,0,144,0,8,190,0,198,225,0,225,423
09/10/2020,FPR,FL,ASO,ES,Towers with Radar,0,22,84,0,106,0,1,205,0,206,0,23,289,0,312,293,0,293,605
09/11/2020,FPR,FL,ASO,ES,Towers with Radar,0,11,69,0,80,0,2,137,0,139,0,13,206,0,219,271,0,271,490
09/12/2020,FPR,FL,ASO,ES,Towers with Radar,0,2,5,0,7,0,4,33,0,37,0,6,38,0,44,45,0,45,89
09/13/2020,FPR,FL,ASO,ES,Towers with Radar,0,1,35,0,36,0,3,90,0,93,0,4,125,0,129,156,0,156,285
09/14/2020,FPR,FL,ASO,ES,Towers with Radar,0,0,99,0,99,0,1,189,0,190,0,1,288,0,289,282,0,282,571
09/15/2020,FPR,FL,ASO,ES,Towers with Radar,0,37,97,0,134,0,12,223,0,235,0,49,320,0,369,336,0,336,705
09/16/2020,FPR,FL,ASO,ES,Towers with Radar,0,16,56,0,72,0,5,135,0,140,0,21,191,0,212,214,0,214,426
09/17/2020,FPR,FL,ASO,ES,Towers with Radar,0,8,64,0,72,0,1,183,0,184,0,9,247,0,256,257,0,257,513
09/18/2020,FPR,FL,ASO,ES,Towers with Radar,0,6,35,0,41,0,3,164,0,167,0,9,199,0,208,248,0,248,456
09/19/2020,FPR,FL,ASO,ES,Towers with Radar,0,2,53,0,55,0,3,122,0,125,0,5,175,0,180,193,0,193,373
09/20/2020,FPR,FL,ASO,ES,Towers with Radar,0,0,48,0,48,0,1,51,0,52,0,1,99,0,100,185,0,185,285
09/21/2020,FPR,FL,ASO,ES,Towers with Radar,0,5,43,0,48,0,3,36,0,39,0,8,79,0,87,5,0,5,92
09/22/2020,FPR,FL,ASO,ES,Towers with Radar,0,22,117,0,139,0,10,203,0,213,0,32,320,0,352,246,0,246,598
09/23/2020,FPR,FL,ASO,ES,Towers with Radar,0,32,107,0,139,0,7,251,0,258,0,39,358,0,397,331,0,331,728
09/24/2020,FPR,FL,ASO,ES,Towers with Radar,0,17,77,0,94,0,6,151,0,157,0,23,228,0,251,271,0,271,522
09/25/2020,FPR,FL,ASO,ES,Towers with Radar,0,8,62,0,70,0,4,129,0,133,0,12,191,0,203,280,0,280,483
09/26/2020,FPR,FL,ASO,ES,Towers with Radar,0,0,51,0,51,0,3,106,0,109,0,3,157,0,160,252,0,252,412
09/27/2020,FPR,FL,ASO,ES,Towers with Radar,0,2,58,0,60,0,3,129,0,132,0,5,187,0,192,287,0,287,479
09/28/2020,FPR,FL,ASO,ES,Towers with Radar,0,7,50,0,57,0,5,103,1,109,0,12,153,1,166,195,0,195,361
09/29/2020,FPR,FL,ASO,ES,Towers with Radar,0,14,94,0,108,0,4,178,0,182,0,18,272,0,290,227,0,227,517
09/30/2020,FPR,FL,ASO,ES,Towers with Radar,0,9,56,0,65,0,3,49,0,52,0,12,105,0,117,107,0,107,224
10/01/2020,FPR,FL,ASO,ES,Towers with Radar,0,8,58,0,66,0,0,33,0,33,0,8,91,0,99,110,0,110,209
10/02/2020,FPR,FL,ASO,ES,Towers with Radar,0,8,70,0,78,0,4,165,0,169,0,12,235,0,247,261,0,261,508
10/03/2020,FPR,FL,ASO,ES,Towers with Radar,0,0,33,0,33,0,3,50,0,53,0,3,83,0,86,94,0,94,180
10/04/2020,FPR,FL,ASO,ES,Towers with Radar,0,6,53,0,59,0,1,96,0,97,0,7,149,0,156,190,0,190,346
10/05/2020,FPR,FL,ASO,ES,Towers with Radar,0,14,83,0,97,0,0,143,0,143,0,14,226,0,240,292,0,292,532
10/06/2020,FPR,FL,ASO,ES,Towers with Radar,0,14,78,0,92,0,9,155,0,164,0,23,233,0,256,342,0,342,598
10/07/2020,FPR,FL,ASO,ES,Towers with Radar,0,23,62,0,85,0,4,173,0,177,0,27,235,0,262,294,0,294,556
10/08/2020,FPR,FL,ASO,ES,Towers with Radar,0,14,67,0,81,0,3,167,0,170,0,17,234,0,251,322,0,322,573
10/09/2020,FPR,FL,ASO,ES,Towers with Radar,0,6,40,1,47,0,7,146,1,154,0,13,186,2,201,262,0,262,463
10/10/2020,FPR,FL,ASO,ES,Towers with Radar,0,3,33,0,36,0,0,54,0,54,0,3,87,0,90,102,0,102,192
10/11/2020,FPR,FL,ASO,ES,Towers with Radar,0,4,33,0,37,0,1,83,0,84,0,5,116,0,121,167,0,167,288
10/12/2020,FPR,FL,ASO,ES,Towers with Radar,0,0,43,0,43,0,5,93,0,98,0,5,136,0,141,121,0,121,262
10/13/2020,FPR,FL,ASO,ES,Towers with Radar,0,17,50,0,67,0,13,131,0,144,0,30,181,0,211,206,0,206,417
10/14/2020,FPR,FL,ASO,ES,Towers with Radar,0,5,92,0,97,0,15,174,0,189,0,20,266,0,286,210,0,210,496
10/15/2020,FPR,FL,ASO,ES,Towers with Radar,0,19,44,1,64,0,10,172,3,185,0,29,216,4,249,440,0,440,689
10/16/2020,FPR,FL,ASO,ES,Towers with Radar,0,18,66,0,84,0,5,111,0,116,0,23,177,0,200,224,0,224,424
10/17/2020,FPR,FL,ASO,ES,Towers with Radar,0,6,65,0,71,0,5,73,0,78,0,11,138,0,149,114,0,114,263
10/18/2020,FPR,FL,ASO,ES,Towers with Radar,0,2,44,0,46,0,1,64,0,65,0,3,108,0,111,131,0,131,242
10/19/2020,FPR,FL,ASO,ES,Towers with Radar,0,8,49,0,57,0,0,45,0,45,0,8,94,0,102,129,0,129,231
10/20/2020,FPR,FL,ASO,ES,Towers with Radar,0,12,76,0,88,0,0,122,0,122,0,12,198,0,210,274,0,274,484
10/21/2020,FPR,FL,ASO,ES,Towers with Radar,0,15,81,0,96,0,1,152,0,153,0,16,233,0,249,235,0,235,484
10/22/2020,FPR,FL,ASO,ES,Towers with Radar,0,6,103,0,109,0,0,174,0,174,0,6,277,0,283,341,0,341,624
10/23/2020,FPR,FL,ASO,ES,Towers with Radar,0,18,108,0,126,0,1,165,0,166,0,19,273,0,292,259,0,259,551
10/24/2020,FPR,FL,ASO,ES,Towers with Radar,0,1,57,0,58,0,1,102,0,103,0,2,159,0,161,195,0,195,356
10/25/2020,FPR,FL,ASO,ES,Towers with Radar,0,0,39,0,39,0,0,74,0,74,0,0,113,0,113,129,0,129,242
10/26/2020,FPR,FL,ASO,ES,Towers with Radar,0,14,80,0,94,0,2,202,0,204,0,16,282,0,298,279,0,279,577
10/27/2020,FPR,FL,ASO,ES,Towers with Radar,0,31,95,0,126,0,7,158,0,165,0,38,253,0,291,277,0,277,568
10/28/2020,FPR,FL,ASO,ES,Towers with Radar,0,36,96,0,132,0,6,165,0,171,0,42,261,0,303,234,0,234,537
10/29/2020,FPR,FL,ASO,ES,Towers with Radar,0,9,42,0,51,0,5,138,0,143,0,14,180,0,194,239,0,239,433
10/30/2020,FPR,FL,ASO,ES,Towers with Radar,0,9,60,0,69,0,5,121,0,126,0,14,181,0,195,260,0,260,455
10/31/2020,FPR,FL,ASO,ES,Towers with Radar,0,7,38,0,45,0,2,75,0,77,0,9,113,0,122,161,0,161,283
11/01/2020,FPR,FL,ASO,ES,Towers with Radar,0,4,29,0,33,0,1,57,0,58,0,5,86,0,91,136,0,136,227
11/02/2020,FPR,FL,ASO,ES,Towers with Radar,0,2,13,0,15,0,6,20,0,26,0,8,33,0,41,40,0,40,81
11/03/2020,FPR,FL,ASO,ES,Towers with Radar,0,3,23,0,26,0,4,62,0,66,0,7,85,0,92,29,0,29,121
11/04/2020,FPR,FL,ASO,ES,Towers with Radar,0,18,79,0,97,0,9,165,0,174,0,27,244,0,271,180,0,180,451
11/05/2020,FPR,FL,ASO,ES,Towers with Radar,0,13,103,0,116,0,2,155,0,157,0,15,258,0,273,267,0,267,540
11/06/2020,FPR,FL,ASO,ES,Towers with Radar,0,13,98,0,111,0,4,153,4,161,0,17,251,4,272,223,0,223,495
11/07/2020,FPR,FL,ASO,ES,Towers with Radar,0,5,51,0,56,0,0,61,0,61,0,5,112,0,117,46,0,46,163
11/08/2020,FPR,FL,ASO,ES,Towers with Radar,0,2,17,0,19,0,0,5,0,5,0,2,22,0,24,0,0,0,24
11/09/2020,FPR,FL,ASO,ES,Towers with Radar,0,2,5,0,7,0,0,0,0,0,0,2,5,0,7,0,0,0,7
11/10/2020,FPR,FL,ASO,ES,Towers with Radar,0,4,57,0,61,0,3,78,0,81,0,7,135,0,142,172,0,172,314
11/11/2020,FPR,FL,ASO,ES,Towers with Radar,0,15,37,0,52,0,3,85,0,88,0,18,122,0,140,100,0,100,240
11/12/2020,FPR,FL,ASO,ES,Towers with Radar,0,4,55,0,59,0,4,111,0,115,0,8,166,0,174,264,0,264,438
11/13/2020,FPR,FL,ASO,ES,Towers with Radar,0,19,84,1,104,0,3,107,2,112,0,22,191,3,216,252,0,252,468
11/14/2020,FPR,FL,ASO,ES,Towers with Radar,0,4,63,0,67,0,2,111,0,113,0,6,174,0,180,212,0,212,392
11/15/2020,FPR,FL,ASO,ES,Towers with Radar,0,0,49,0,49,0,4,81,0,85,0,4,130,0,134,147,0,147,281
11/16/2020,FPR,FL,ASO,ES,Towers with Radar,0,15,67,0,82,0,9,163,0,172,0,24,230,0,254,292,0,292,546
11/17/2020,FPR,FL,ASO,ES,Towers with Radar,0,6,79,0,85,0,6,176,0,182,0,12,255,0,267,214,0,214,481
11/18/2020,FPR,FL,ASO,ES,Towers with Radar,0,8,62,0,70,0,11,155,0,166,0,19,217,0,236,128,0,128,364
11/19/2020,FPR,FL,ASO,ES,Towers with Radar,0,18,80,0,98,0,4,123,0,127,0,22,203,0,225,157,0,157,382
11/20/2020,FPR,FL,ASO,ES,Towers with Radar,0,27,93,0,120,0,8,144,1,153,0,35,237,1,273,199,0,199,472
11/21/2020,FPR,FL,ASO,ES,Towers with Radar,0,2,68,0,70,0,0,58,0,58,0,2,126,0,128,135,0,135,263
11/22/2020,FPR,FL,ASO,ES,Towers with Radar,0,2,71,0,73,0,0,106,0,106,0,2,177,0,179,190,0,190,369
11/23/2020,FPR,FL,ASO,ES,Towers with Radar,0,9,44,0,53,0,1,129,0,130,0,10,173,0,183,100,0,100,283
11/24/2020,FPR,FL,ASO,ES,Towers with Radar,0,21,88,0,109,0,11,190,4,205,0,32,278,4,314,393,0,393,707
11/25/2020,FPR,FL,ASO,ES,Towers with Radar,0,9,78,0,87,0,6,183,0,189,0,15,261,0,276,271,0,271,547
11/26/2020,FPR,FL,ASO,ES,Towers with Radar,0,0,9,0,9,0,2,24,0,26,0,2,33,0,35,45,0,45,80
11/27/2020,FPR,FL,ASO,ES,Towers with Radar,0,2,13,0,15,0,4,41,0,45,0,6,54,0,60,34,0,34,94
11/28/2020,FPR,FL,ASO,ES,Towers with Radar,0,2,68,0,70,0,9,141,0,150,0,11,209,0,220,288,0,288,508
11/29/2020,FPR,FL,ASO,ES,Towers with Radar,0,3,76,0,79,0,3,154,0,157,0,6,230,0,236,317,0,317,553
11/30/2020,FPR,FL,ASO,ES,Towers with Radar,0,5,39,0,44,0,6,89,0,95,0,11,128,0,139,156,0,156,295
12/01/2020,FPR,FL,ASO,ES,Towers with Radar,0,14,50,0,64,0,9,142,0,151,0,23,192,0,215,206,0,206,421
12/02/2020,FPR,FL,ASO,ES,Towers with Radar,0,4,57,0,61,0,9,147,0,156,0,13,204,0,217,171,0,171,388
12/03/2020,FPR,FL,ASO,ES,Towers with Radar,0,9,22,0,31,0,13,154,0,167,0,22,176,0,198,288,0,288,486
12/04/2020,FPR,FL,ASO,ES,Towers with Radar,0,10,30,0,40,0,12,151,0,163,0,22,181,0,203,267,0,267,470
12/05/2020,FPR,FL,ASO,ES,Towers with Radar,0,1,33,0,34,0,3,150,0,153,0,4,183,0,187,177,0,177,364
12/06/2020,FPR,FL,ASO,ES,Towers with Radar,0,0,18,0,18,0,0,160,0,160,0,0,178,0,178,252,0,252,430
12/07/2020,FPR,FL,ASO,ES,Towers with Radar,0,1,21,0,22,0,4,73,0,77,0,5,94,0,99,101,0,101,200
12/08/2020,FPR,FL,ASO,ES,Towers with Radar,0,2,32,0,34,0,12,177,0,189,0,14,209,0,223,346,0,346,569
12/09/2020,FPR,FL,ASO,ES,Towers with Radar,0,3,49,0,52,0,17,173,0,190,0,20,222,0,242,254,0,254,496
12/10/2020,FPR,FL,ASO,ES,Towers with Radar,0,13,69,0,82,0,4,177,0,181,0,17,246,0,263,309,0,309,572
12/11/2020,FPR,FL,ASO,ES,Towers with Radar,0,8,68,0,76,0,10,168,0,178,0,18,236,0,254,288,0,288,542
12/12/2020,FPR,FL,ASO,ES,Towers with Radar,0,2,68,0,70,0,8,55,0,63,0,10,123,0,133,164,0,164,297
12/13/2020,FPR,FL,ASO,ES,Towers with Radar,0,0,68,0,68,0,2,135,0,137,0,2,203,0,205,253,0,253,458
12/14/2020,FPR,FL,ASO,ES,Towers with Radar,0,8,51,0,59,0,7,116,0,123,0,15,167,0,182,192,0,192,374
12/15/2020,FPR,FL,ASO,ES,Towers with Radar,0,1,77,0,78,0,2,54,0,56,0,3,131,0,134,162,0,162,296
12/16/2020,FPR,FL,ASO,ES,Towers with Radar,0,2,53,0,55,0,6,143,0,149,0,8,196,0,204,282,0,282,486
12/17/2020,FPR,FL,ASO,ES,Towers with Radar,0,10,45,0,55,0,5,42,2,49,0,15,87,2,104,226,0,226,330
12/18/2020,FPR,FL,ASO,ES,Towers with Radar,0,2,44,0,46,0,8,107,0,115,0,10,151,0,161,209,0,209,370
12/19/2020,FPR,FL,ASO,ES,Towers with Radar,0,7,47,0,54,0,4,99,0,103,0,11,146,0,157,146,0,146,303
12/20/2020,FPR,FL,ASO,ES,Towers with Radar,0,0,35,0,35,0,1,79,0,80,0,1,114,0,115,129,0,129,244
12/21/2020,FPR,FL,ASO,ES,Towers with Radar,0,2,33,0,35,0,1,94,0,95,0,3,127,0,130,219,0,219,349
12/22/2020,FPR,FL,ASO,ES,Towers with Radar,0,4,35,0,39,0,4,105,1,110,0,8,140,1,149,194,0,194,343
12/23/2020,FPR,FL,ASO,ES,Towers with Radar,0,6,42,2,50,0,9,64,0,73,0,15,106,2,123,20,0,20,143
12/24/2020,FPR,FL,ASO,ES,Towers with Radar,0,6,12,0,18,0,4,29,0,33,0,10,41,0,51,28,0,28,79
12/25/2020,FPR,FL,ASO,ES,Towers with Radar,0,1,1,0,2,0,0,1,0,1,0,1,2,0,3,0,0,0,3
12/26/2020,FPR,FL,ASO,ES,Towers with Radar,0,2,40,0,42,0,7,33,0,40,0,9,73,0,82,16,0,16,98
12/27/2020,FPR,FL,ASO,ES,Towers with Radar,0,6,32,0,38,0,1,25,0,26,0,7,57,0,64,30,0,30,94
12/28/2020,FPR,FL,ASO,ES,Towers with Radar,0,10,20,0,30,0,0,40,0,40,0,10,60,0,70,63,0,63,133
12/29/2020,FPR,FL,ASO,ES,Towers with Radar,0,13,48,0,61,0,6,80,0,86,0,19,128,0,147,80,0,80,227
12/30/2020,FPR,FL,ASO,ES,Towers with Radar,0,5,57,0,62,0,6,67,0,73,0,11,124,0,135,38,0,38,173
12/31/2020,FPR,FL,ASO,ES,Towers with Radar,0,8,16,0,24,0,9,26,0,35,0,17,42,0,59,30,0,30,89
01/01/2021,FPR,FL,ASO,ES,Towers with Radar,0,1,18,0,19,0,1,19,0,20,0,2,37,0,39,0,0,0,39
01/02/2021,FPR,FL,ASO,ES,Towers with Radar,0,5,60,0,65,0,1,21,0,22,0,6,81,0,87,1,0,1,88
01/03/2021,FPR,FL,ASO,ES,Towers with Radar,0,0,54,0,54,0,5,42,0,47,0,5,96,0,101,1,0,1,102
01/04/2021,FPR,FL,ASO,ES,Towers with Radar,0,4,58,0,62,0,3,98,0,101,0,7,156,0,163,135,0,135,298
01/05/2021,FPR,FL,ASO,ES,Towers with Radar,0,9,30,1,40,0,8,142,0,150,0,17,172,1,190,275,0,275,465
01/06/2021,FPR,FL,ASO,ES,Towers with Radar,0,2,56,0,58,0,3,105,0,108,0,5,161,0,166,139,0,139,305
01/07/2021,FPR,FL,ASO,ES,Towers with Radar,0,12,52,0,64,0,8,111,0,119,0,20,163,0,183,231,0,231,414
01/08/2021,FPR,FL,ASO,ES,Towers with Radar,0,8,39,0,47,0,3,107,0,110,0,11,146,0,157,151,35,186,343
01/09/2021,FPR,FL,ASO,ES,Towers with Radar,0,2,36,0,38,0,4,73,0,77,0,6,109,0,115,137,0,137,252
01/10/2021,FPR,FL,ASO,ES,Towers with Radar,0,0,32,0,32,0,2,83,0,85,0,2,115,0,117,122,0,122,239
01/11/2021,FPR,FL,ASO,ES,Towers with Radar,0,23,71,2,96,0,9,134,3,146,0,32,205,5,242,211,0,211,453
01/12/2021,FPR,FL,ASO,ES,Towers with Radar,0,17,54,0,71,0,8,101,0,109,0,25,155,0,180,190,0,190,370
01/13/2021,FPR,FL,ASO,ES,Towers with Radar,0,12,34,0,46,0,6,101,0,107,0,18,135,0,153,312,0,312,465
01/14/2021,FPR,FL,ASO,ES,Towers with Radar,0,7,59,0,66,0,11,142,0,153,0,18,201,0,219,316,0,316,535
01/15/2021,FPR,FL,ASO,ES,Towers with Radar,0,10,80,0,90,0,6,139,0,145,0,16,219,0,235,308,0,308,543
01/16/2021,FPR,FL,ASO,ES,Towers with Radar,0,3,35,0,38,0,7,82,0,89,0,10,117,0,127,132,0,132,259
01/17/2021,FPR,FL,ASO,ES,Towers with Radar,0,5,34,0,39,0,8,69,0,77,0,13,103,0,116,188,0,188,304
01/18/2021,FPR,FL,ASO,ES,Towers with Radar,0,7,70,0,77,0,1,151,0,152,0,8,221,0,229,222,0,222,451
01/19/2021,FPR,FL,ASO,ES,Towers with Radar,0,16,62,0,78,0,5,158,0,163,0,21,220,0,241,284,0,284,525
01/20/2021,FPR,FL,ASO,ES,Towers with Radar,0,6,68,0,74,0,5,189,0,194,0,11,257,0,268,301,0,301,569
01/21/2021,FPR,FL,ASO,ES,Towers with Radar,0,5,59,0,64,0,7,132,0,139,0,12,191,0,203,297,0,297,500
01/22/2021,FPR,FL,ASO,ES,Towers with Radar,0,9,41,0,50,0,9,130,0,139,0,18,171,0,189,242,0,242,431
01/23/2021,FPR,FL,ASO,ES,Towers with Radar,0,4,54,0,58,0,4,79,0,83,0,8,133,0,141,173,0,173,314
01/24/2021,FPR,FL,ASO,ES,Towers with Radar,0,5,58,0,63,0,4,68,0,72,0,9,126,0,135,183,0,183,318
01/25/2021,FPR,FL,ASO,ES,Towers with Radar,0,10,52,0,62,0,1,101,0,102,0,11,153,0,164,219,0,219,383
01/26/2021,FPR,FL,ASO,ES,Towers with Radar,0,14,74,0,88,0,3,161,0,164,0,17,235,0,252,343,0,343,595
01/27/2021,FPR,FL,ASO,ES,Towers with Radar,0,3,59,0,62,0,3,123,0,126,0,6,182,0,188,252,0,252,440
01/28/2021,FPR,FL,ASO,ES,Towers with Radar,0,1,56,1,58,0,13,86,0,99,0,14,142,1,157,75,0,75,232
01/29/2021,FPR,FL,ASO,ES,Towers with Radar,0,4,70,0,74,0,9,150,0,159,0,13,220,0,233,177,0,177,410
01/30/2021,FPR,FL,ASO,ES,Towers with Radar,0,6,33,0,39,0,12,75,0,87,0,18,108,0,126,219,0,219,345
01/31/2021,FPR,FL,ASO,ES,Towers with Radar,0,4,48,0,52,0,8,61,0,69,0,12,109,0,121,123,0,123,244
02/01/2021,FPR,FL,ASO,ES,Towers with Radar,0,0,31,0,31,0,3,46,0,49,0,3,77,0,80,70,0,70,150
02/02/2021,FPR,FL,ASO,ES,Towers with Radar,0,2,35,0,37,0,10,88,0,98,0,12,123,0,135,126,0,126,261
02/03/2021,FPR,FL,ASO,ES,Towers with Radar,0,10,39,1,50,0,14,132,0,146,0,24,171,1,196,273,0,273,469
02/04/2021,FPR,FL,ASO,ES,Towers with Radar,0,9,52,0,61,0,7,169,0,176,0,16,221,0,237,304,0,304,541
02/05/2021,FPR,FL,ASO,ES,Towers with Radar,0,4,57,0,61,0,4,121,0,125,0,8,178,0,186,189,0,189,375
02/06/2021,FPR,FL,ASO,ES,Towers with Radar,0,2,35,0,37,0,1,66,0,67,0,3,101,0,104,116,0,116,220
02/07/2021,FPR,FL,ASO,ES,Towers with Radar,0,0,32,0,32,0,7,39,0,46,0,7,71,0,78,53,0,53,131
02/08/2021,FPR,FL,ASO,ES,Towers with Radar,0,2,94,0,96,0,5,54,0,59,0,7,148,0,155,140,0,140,295
02/09/2021,FPR,FL,ASO,ES,Towers with Radar,0,15,51,0,66,0,7,127,0,134,0,22,178,0,200,249,0,249,449
02/10/2021,FPR,FL,ASO,ES,Towers with Radar,0,4,46,0,50,0,6,157,0,163,0,10,203,0,213,332,0,332,545
02/11/2021,FPR,FL,ASO,ES,Towers with Radar,0,25,58,0,83,0,5,161,0,166,0,30,219,0,249,316,0,316,565
02/12/2021,FPR,FL,ASO,ES,Towers with Radar,0,15,56,0,71,0,7,158,0,165,0,22,214,0,236,293,0,293,529
02/13/2021,FPR,FL,ASO,ES,Towers with Radar,0,4,28,0,32,0,3,31,0,34,0,7,59,0,66,50,0,50,116
02/14/2021,FPR,FL,ASO,ES,Towers with Radar,0,3,48,0,51,0,5,61,0,66,0,8,109,0,117,104,0,104,221
02/15/2021,FPR,FL,ASO,ES,Towers with Radar,0,2,40,0,42,0,10,123,0,133,0,12,163,0,175,306,0,306,481
02/16/2021,FPR,FL,ASO,ES,Towers with Radar,0,13,52,0,65,0,1,86,0,87,0,14,138,0,152,262,0,262,414
02/17/2021,FPR,FL,ASO,ES,Towers with Radar,0,8,69,0,77,0,4,56,0,60,0,12,125,0,137,153,0,153,290
02/18/2021,FPR,FL,ASO,ES,Towers with Radar,0,24,58,0,82,0,9,152,0,161,0,33,210,0,243,289,0,289,532
02/19/2021,FPR,FL,ASO,ES,Towers with Radar,0,6,42,0,48,0,9,85,0,94,0,15,127,0,142,90,0,90,232
02/20/2021,FPR,FL,ASO,ES,Towers with Radar,0,8,44,0,52,0,11,76,0,87,0,19,120,0,139,116,0,116,255
02/21/2021,FPR,FL,ASO,ES,Towers with Radar,0,8,33,0,41,0,1,98,0,99,0,9,131,0,140,114,0,114,254
02/22/2021,FPR,FL,ASO,ES,Towers with Radar,0,13,33,0,46,0,5,129,0,134,0,18,162,0,180,291,0,291,471
02/23/2021,FPR,FL,ASO,ES,Towers with Radar,0,4,54,0,58,0,3,135,0,138,0,7,189,0,196,330,0,330,526
02/24/2021,FPR,FL,ASO,ES,Towers with Radar,0,13,39,0,52,0,6,123,0,129,0,19,162,0,181,353,0,353,534
02/25/2021,FPR,FL,ASO,ES,Towers with Radar,0,8,40,0,48,0,1,127,0,128,0,9,167,0,176,250,0,250,426
02/26/2021,FPR,FL,ASO,ES,Towers with Radar,0,11,49,0,60,0,14,131,0,145,0,25,180,0,205,332,0,332,537
02/27/2021,FPR,FL,ASO,ES,Towers with Radar,0,6,53,0,59,0,8,93,0,101,0,14,146,0,160,120,0,120,280
02/28/2021,FPR,FL,ASO,ES,Towers with Radar,0,3,61,0,64,0,6,67,0,73,0,9,128,0,137,134,0,134,271
03/01/2021,FPR,FL,ASO,ES,Towers with Radar,0,16,45,0,61,0,9,106,2,117,0,25,151,2,178,230,0,230,408
03/02/2021,FPR,FL,ASO,ES,Towers with Radar,0,14,73,0,87,0,8,117,0,125,0,22,190,0,212,314,0,314,526
03/03/2021,FPR,FL,ASO,ES,Towers with Radar,0,7,47,0,54,0,2,66,0,68,0,9,113,0,122,170,0,170,292
03/04/2021,FPR,FL,ASO,ES,Towers with Radar,0,7,80,0,87,0,7,133,0,140,0,14,213,0,227,319,0,319,546
03/05/2021,FPR,FL,ASO,ES,Towers with Radar,0,10,80,0,90,0,6,171,0,177,0,16,251,0,267,346,0,346,613
03/06/2021,FPR,FL,ASO,ES,Towers with Radar,0,2,36,0,38,0,1,49,0,50,0,3,85,0,88,161,0,161,249
03/07/2021,FPR,FL,ASO,ES,Towers with Radar,0,5,41,1,47,0,3,24,0,27,0,8,65,1,74,46,0,46,120
03/08/2021,FPR,FL,ASO,ES,Towers with Radar,0,5,57,0,62,0,3,85,0,88,0,8,142,0,150,176,0,176,326
03/09/2021,FPR,FL,ASO,ES,Towers with Radar,0,4,79,0,83,0,6,149,0,155,0,10,228,0,238,281,0,281,519
03/10/2021,FPR,FL,ASO,ES,Towers with Radar,0,10,61,0,71,0,16,139,0,155,0,26,200,0,226,373,0,373,599
03/11/2021,FPR,FL,ASO,ES,Towers with Radar,2,12,70,0,84,0,7,128,0,135,2,19,198,0,219,268,0,268,487
03/12/2021,FPR,FL,ASO,ES,Towers with Radar,0,15,61,0,76,0,11,123,0,134,0,26,184,0,210,307,0,307,517
03/13/2021,FPR,FL,ASO,ES,Towers with Radar,0,2,54,0,56,0,6,83,0,89,0,8,137,0,145,233,0,233,378
03/14/2021,FPR,FL,ASO,ES,Towers with Radar,2,0,46,0,48,0,7,67,1,75,2,7,113,1,123,193,0,193,316
03/15/2021,FPR,FL,ASO,ES,Towers with Radar,0,10,48,0,58,0,11,98,0,109,0,21,146,0,167,324,0,324,491
03/16/2021,FPR,FL,ASO,ES,Towers with Radar,0,1,62,0,63,0,8,126,0,134,0,9,188,0,197,170,0,170,367
03/17/2021,FPR,FL,ASO,ES,Towers with Radar,0,12,66,0,78,0,7,144,0,151,0,19,210,0,229,212,0,212,441
03/18/2021,FPR,FL,ASO,ES,Towers with Radar,0,2,59,0,61,0,6,83,0,89,0,8,142,0,150,112,0,112,262
03/19/2021,FPR,FL,ASO,ES,Towers with Radar,0,8,69,0,77,0,6,90,0,96,0,14,159,0,173,234,0,234,407
03/20/2021,FPR,FL,ASO,ES,Towers with Radar,0,4,69,0,73,0,1,84,0,85,0,5,153,0,158,82,0,82,240
03/21/2021,FPR,FL,ASO,ES,Towers with Radar,0,8,67,0,75,0,4,54,0,58,0,12,121,0,133,152,0,152,285
03/22/2021,FPR,FL,ASO,ES,Towers with Radar,0,10,49,0,59,0,3,93,1,97,0,13,142,1,156,182,0,182,338
03/23/2021,FPR,FL,ASO,ES,Towers with Radar,0,16,77,0,93,0,5,106,0,111,0,21,183,0,204,223,0,223,427
03/24/2021,FPR,FL,ASO,ES,Towers with Radar,0,2,55,0,57,0,4,133,0,137,0,6,188,0,194,259,0,259,453
03/25/2021,FPR,FL,ASO,ES,Towers with Radar,0,1,62,0,63,0,2,130,0,132,0,3,192,0,195,203,0,203,398
03/26/2021,FPR,FL,ASO,ES,Towers with Radar,0,15,61,0,76,0,1,148,0,149,0,16,209,0,225,320,0,320,545
03/27/2021,FPR,FL,ASO,ES,Towers with Radar,0,10,59,2,71,0,3,68,1,72,0,13,127,3,143,156,0,156,299
03/28/2021,FPR,FL,ASO,ES,Towers with Radar,0,1,63,0,64,0,6,100,0,106,0,7,163,0,170,159,0,159,329
03/29/2021,FPR,FL,ASO,ES,Towers with Radar,0,18,76,0,94,0,0,129,0,129,0,18,205,0,223,276,0,276,499
03/30/2021,FPR,FL,ASO,ES,Towers with Radar,0,11,53,0,64,0,8,167,0,175,0,19,220,0,239,329,0,329,568
03/31/2021,FPR,FL,ASO,ES,Towers with Radar,0,7,54,0,61,0,5,83,0,88,0,12,137,0,149,214,0,214,363
04/01/2021,FPR,FL,ASO,ES,Towers with Radar,0,12,39,0,51,0,2,71,0,73,0,14,110,0,124,221,0,221,345
04/02/2021,FPR,FL,ASO,ES,Towers with Radar,0,3,45,0,48,0,6,53,0,59,0,9,98,0,107,58,0,58,165
04/03/2021,FPR,FL,ASO,ES,Towers with Radar,0,7,65,0,72,0,4,62,0,66,0,11,127,0,138,99,0,99,237
04/04/2021,FPR,FL,ASO,ES,Towers with Radar,0,10,51,0,61,0,8,53,1,62,0,18,104,1,123,163,0,163,286
04/05/2021,FPR,FL,ASO,ES,Towers with Radar,0,7,76,0,83,0,4,133,0,137,0,11,209,0,220,372,0,372,592
04/06/2021,FPR,FL,ASO,ES,Towers with Radar,0,0,50,0,50,0,16,132,0,148,0,16,182,0,198,323,0,323,521
04/07/2021,FPR,FL,ASO,ES,Towers with Radar,0,2,53,0,55,0,9,140,0,149,0,11,193,0,204,378,0,378,582
04/08/2021,FPR,FL,ASO,ES,Towers with Radar,0,6,59,0,65,0,4,204,0,208,0,10,263,0,273,427,0,427,700
04/09/2021,FPR,FL,ASO,ES,Towers with Radar,0,7,55,0,62,0,10,162,0,172,0,17,217,0,234,397,0,397,631
04/10/2021,FPR,FL,ASO,ES,Towers with Radar,0,1,66,0,67,0,5,69,0,74,0,6,135,0,141,117,0,117,258
04/11/2021,FPR,FL,ASO,ES,Towers with Radar,0,2,34,0,36,0,2,37,0,39,0,4,71,0,75,34,0,34,109
04/12/2021,FPR,FL,ASO,ES,Towers with Radar,0,9,62,0,71,0,14,81,0,95,0,23,143,0,166,200,0,200,366
04/13/2021,FPR,FL,ASO,ES,Towers with Radar,0,7,49,0,56,0,8,140,0,148,0,15,189,0,204,267,0,267,471
04/14/2021,FPR,FL,ASO,ES,Towers with Radar,0,6,39,0,45,0,14,109,0,123,0,20,148,0,168,324,0,324,492
04/15/2021,FPR,FL,ASO,ES,Towers with Radar,0,10,52,0,62,0,14,119,0,133,0,24,171,0,195,292,0,292,487
04/16/2021,FPR,FL,ASO,ES,Towers with Radar,0,11,43,0,54,0,0,75,0,75,0,11,118,0,129,237,0,237,366
04/17/2021,FPR,FL,ASO,ES,Towers with Radar,0,7,58,0,65,0,0,75,1,76,0,7,133,1,141,139,0,139,280
04/18/2021,FPR,FL,ASO,ES,Towers with Radar,0,2,47,0,49,0,2,57,0,59,0,4,104,0,108,117,0,117,225
04/19/2021,FPR,FL,ASO,ES,Towers with Radar,0,1,28,0,29,0,1,19,0,20,0,2,47,0,49,20,0,20,69
04/20/2021,FPR,FL,ASO,ES,Towers with Radar,0,6,23,0,29,0,4,36,0,40,0,10,59,0,69,116,0,116,185
04/21/2021,FPR,FL,ASO,ES,Towers with Radar,0,12,46,0,58,0,7,124,0,131,0,19,170,0,189,315,0,315,504
04/22/2021,FPR,FL,ASO,ES,Towers with Radar,0,2,61,0,63,0,4,163,0,167,0,6,224,0,230,154,0,154,384
04/23/2021,FPR,FL,ASO,ES,Towers with Radar,0,12,70,0,82,0,1,142,0,143,0,13,212,0,225,301,0,301,526
04/24/2021,FPR,FL,ASO,ES,Towers with Radar,0,11,43,0,54,0,2,59,1,62,0,13,102,1,116,86,0,86,202
04/25/2021,FPR,FL,ASO,ES,Towers with Radar,0,2,72,0,74,0,1,54,0,55,0,3,126,0,129,84,0,84,213
04/26/2021,FPR,FL,ASO,ES,Towers with Radar,0,8,64,0,72,0,4,142,0,146,0,12,206,0,218,269,0,269,487
04/27/2021,FPR,FL,ASO,ES,Towers with Radar,0,14,66,0,80,0,9,138,0,147,0,23,204,0,227,252,0,252,479
04/28/2021,FPR,FL,ASO,ES,Towers with Radar,0,12,64,0,76,0,1,158,0,159,0,13,222,0,235,213,0,213,448
04/29/2021,FPR,FL,ASO,ES,Towers with Radar,0,11,66,0,77,0,4,126,0,130,0,15,192,0,207,229,0,229,436
04/30/2021,FPR,FL,ASO,ES,Towers with Radar,0,2,64,0,66,0,1,100,0,101,0,3,164,0,167,327,0,327,494
05/01/2021,FPR,FL,ASO,ES,Towers with Radar,0,0,56,0,56,0,10,81,0,91,0,10,137,0,147,116,0,116,263
05/02/2021,FPR,FL,ASO,ES,Towers with Radar,0,8,46,0,54,0,1,61,0,62,0,9,107,0,116,125,0,125,241
05/03/2021,FPR,FL,ASO,ES,Towers with Radar,0,4,51,0,55,0,7,92,0,99,0,11,143,0,154,194,0,194,348
05/04/2021,FPR,FL,ASO,ES,Towers with Radar,0,16,42,0,58,0,9,131,0,140,0,25,173,0,198,254,0,254,452
05/05/2021,FPR,FL,ASO,ES,Towers with Radar,0,16,47,0,63,0,9,181,3,193,0,25,228,3,256,310,0,310,566
05/06/2021,FPR,FL,ASO,ES,Towers with Radar,0,4,46,0,50,0,9,86,0,95,0,13,132,0,145,206,0,206,351
05/07/2021,FPR,FL,ASO,ES,Towers with Radar,0,6,70,0,76,0,4,146,0,150,0,10,216,0,226,228,0,228,454
05/08/2021,FPR,FL,ASO,ES,Towers with Radar,0,6,42,0,48,0,5,92,0,97,0,11,134,0,145,151,0,151,296
05/09/2021,FPR,FL,ASO,ES,Towers with Radar,0,5,63,0,68,0,11,75,3,89,0,16,138,3,157,111,0,111,268
05/10/2021,FPR,FL,ASO,ES,Towers with Radar,0,6,53,0,59,0,7,131,2,140,0,13,184,2,199,224,0,224,423
05/11/2021,FPR,FL,ASO,ES,Towers with Radar,0,5,59,0,64,0,4,143,1,148,0,9,202,1,212,264,0,264,476
05/12/2021,FPR,FL,ASO,ES,Towers with Radar,0,10,54,0,64,0,4,149,0,153,0,14,203,0,217,289,0,289,506
05/13/2021,FPR,FL,ASO,ES,Towers with Radar,0,5,70,0,75,0,8,81,0,89,0,13,151,0,164,176,0,176,340
05/14/2021,FPR,FL,ASO,ES,Towers with Radar,0,6,49,1,56,0,7,108,1,116,0,13,157,2,172,197,0,197,369
05/15/2021,FPR,FL,ASO,ES,Towers with Radar,0,2,60,0,62,0,9,90,1,100,0,11,150,1,162,68,0,68,230
05/16/2021,FPR,FL,ASO,ES,Towers with Radar,0,2,63,1,66,0,1,66,1,68,0,3,129,2,134,77,0,77,211
05/17/2021,FPR,FL,ASO,ES,Towers with Radar,0,11,49,0,60,0,6,145,0,151,0,17,194,0,211,281,0,281,492
05/18/2021,FPR,FL,ASO,ES,Towers with Radar,0,11,47,0,58,0,4,113,0,117,0,15,160,0,175,111,0,111,286
05/19/2021,FPR,FL,ASO,ES,Towers with Radar,0,22,39,0,61,0,7,71,0,78,0,29,110,0,139,176,0,176,315
05/20/2021,FPR,FL,ASO,ES,Towers with Radar,0,2,50,0,52,0,9,82,0,91,0,11,132,0,143,135,0,135,278
05/21/2021,FPR,FL,ASO,ES,Towers with Radar,0,6,69,0,75,0,7,87,1,95,0,13,156,1,170,158,0,158,328
05/22/2021,FPR,FL,ASO,ES,Towers with Radar,0,3,34,0,37,0,7,82,0,89,0,10,116,0,126,131,0,131,257
05/23/2021,FPR,FL,ASO,ES,Towers with Radar,0,2,40,0,42,0,3,92,0,95,0,5,132,0,137,213,0,213,350
05/24/2021,FPR,FL,ASO,ES,Towers with Radar,0,8,68,0,76,0,8,170,0,178,0,16,238,0,254,393,0,393,647
05/25/2021,FPR,FL,ASO,ES,Towers with Radar,0,12,43,0,55,0,9,180,2,191,0,21,223,2,246,394,0,394,640
05/26/2021,FPR,FL,ASO,ES,Towers with Radar,0,11,80,0,91,0,4,160,0,164,0,15,240,0,255,403,0,403,658
05/27/2021,FPR,FL,ASO,ES,Towers with Radar,0,6,67,0,73,0,6,147,0,153,0,12,214,0,226,432,0,432,658
05/28/2021,FPR,FL,ASO,ES,Towers with Radar,0,8,51,0,59,0,2,115,0,117,0,10,166,0,176,268,0,268,444
05/29/2021,FPR,FL,ASO,ES,Towers with Radar,0,2,45,0,47,0,2,55,0,57,0,4,100,0,104,147,0,147,251
05/30/2021,FPR,FL,ASO,ES,Towers with Radar,0,2,28,0,30,0,6,42,0,48,0,8,70,0,78,148,0,148,226
05/31/2021,FPR,FL,ASO,ES,Towers with Radar,0,6,81,0,87,0,9,76,0,85,0,15,157,0,172,186,0,186,358
06/01/2021,FPR,FL,ASO,ES,Towers with Radar,0,1,66,0,67,0,2,107,0,109,0,3,173,0,176,340,0,340,516
06/02/2021,FPR,FL,ASO,ES,Towers with Radar,0,4,52,0,56,0,6,84,0,90,0,10,136,0,146,204,0,204,350
06/03/2021,FPR,FL,ASO,ES,Towers with Radar,0,4,30,0,34,0,9,76,1,86,0,13,106,1,120,83,0,83,203
06/04/2021,FPR,FL,ASO,ES,Towers with Radar,0,3,62,0,65,0,3,90,0,93,0,6,152,0,158,197,0,197,355
06/05/2021,FPR,FL,ASO,ES,Towers with Radar,0,2,65,0,67,0,1,81,0,82,0,3,146,0,149,156,0,156,305
06/06/2021,FPR,FL,ASO,ES,Towers with Radar,0,2,80,0,82,0,5,74,0,79,0,7,154,0,161,170,0,170,331
06/07/2021,FPR,FL,ASO,ES,Towers with Radar,0,4,57,0,61,0,17,110,0,127,0,21,167,0,188,269,0,269,457
06/08/2021,FPR,FL,ASO,ES,Towers with Radar,0,6,65,2,73,0,15,127,0,142,0,21,192,2,215,253,0,253,468
06/09/2021,FPR,FL,ASO,ES,Towers with Radar,0,5,65,0,70,0,6,163,0,169,0,11,228,0,239,310,0,310,549
06/10/2021,FPR,FL,ASO,ES,Towers with Radar,0,4,58,0,62,0,8,107,0,115,0,12,165,0,177,287,0,287,464
06/11/2021,FPR,FL,ASO,ES,Towers with Radar,0,8,55,0,63,0,8,109,0,117,0,16,164,0,180,287,0,287,467
06/12/2021,FPR,FL,ASO,ES,Towers with Radar,0,2,42,0,44,0,2,93,0,95,0,4,135,0,139,188,0,188,327
06/13/2021,FPR,FL,ASO,ES,Towers with Radar,0,2,62,0,64,0,3,66,0,69,0,5,128,0,133,158,0,158,291
06/14/2021,FPR,FL,ASO,ES,Towers with Radar,0,0,50,0,50,0,10,71,0,81,0,10,121,0,131,149,0,149,280
06/15/2021,FPR,FL,ASO,ES,Towers with Radar,0,2,43,0,45,0,2,88,0,90,0,4,131,0,135,232,0,232,367
06/16/2021,FPR,FL,ASO,ES,Towers with Radar,0,2,40,0,42,0,7,99,0,106,0,9,139,0,148,189,0,189,337
06/17/2021,FPR,FL,ASO,ES,Towers with Radar,0,6,57,0,63,0,4,136,0,140,0,10,193,0,203,188,0,188,391
06/18/2021,FPR,FL,ASO,ES,Towers with Radar,0,8,67,0,75,0,6,112,0,118,0,14,179,0,193,213,0,213,406
06/19/2021,FPR,FL,ASO,ES,Towers with Radar,0,2,86,0,88,0,4,76,0,80,0,6,162,0,168,120,0,120,288
06/20/2021,FPR,FL,ASO,ES,Towers with Radar,0,2,40,0,42,0,4,64,0,68,0,6,104,0,110,112,0,112,222
06/21/2021,FPR,FL,ASO,ES,Towers with Radar,0,2,49,0,51,0,3,95,0,98,0,5,144,0,149,151,0,151,300
06/22/2021,FPR,FL,ASO,ES,Towers with Radar,0,2,45,0,47,0,4,88,1,93,0,6,133,1,140,107,0,107,247
06/23/2021,FPR,FL,ASO,ES,Towers with Radar,0,6,55,0,61,0,1,108,0,109,0,7,163,0,170,167,0,167,337
06/24/2021,FPR,FL,ASO,ES,Towers with Radar,0,9,52,0,61,0,10,131,0,141,0,19,183,0,202,246,0,246,448
06/25/2021,FPR,FL,ASO,ES,Towers with Radar,0,3,60,0,63,0,5,75,0,80,0,8,135,0,143,136,0,136,279
06/26/2021,FPR,FL,ASO,ES,Towers with Radar,0,1,64,0,65,0,3,58,4,65,0,4,122,4,130,140,0,140,270
06/27/2021,FPR,FL,ASO,ES,Towers with Radar,0,4,64,0,68,0,4,85,0,89,0,8,149,0,157,74,0,74,231
06/28/2021,FPR,FL,ASO,ES,Towers with Radar,0,0,54,0,54,0,3,101,0,104,0,3,155,0,158,199,0,199,357
06/29/2021,FPR,FL,ASO,ES,Towers with Radar,0,5,66,0,71,0,2,101,0,103,0,7,167,0,174,221,0,221,395
06/30/2021,FPR,FL,ASO,ES,Towers with Radar,0,1,62,0,63,0,2,89,0,91,0,3,151,0,154,182,0,182,336
07/01/2021,FPR,FL,ASO,ES,Towers with Radar,0,8,47,0,55,0,4,90,0,94,0,12,137,0,149,230,0,230,379
07/02/2021,FPR,FL,ASO,ES,Towers with Radar,0,10,63,0,73,0,4,109,0,113,0,14,172,0,186,196,0,196,382
07/03/2021,FPR,FL,ASO,ES,Towers with Radar,0,3,67,0,70,0,2,61,0,63,0,5,128,0,133,65,0,65,198
07/04/2021,FPR,FL,ASO,ES,Towers with Radar,0,0,15,0,15,0,8,46,0,54,0,8,61,0,69,4,0,4,73
07/05/2021,FPR,FL,ASO,ES,Towers with Radar,0,2,54,0,56,0,0,36,0,36,0,2,90,0,92,50,0,50,142
07/06/2021,FPR,FL,ASO,ES,Towers with Radar,0,8,41,0,49,0,0,46,0,46,0,8,87,0,95,88,0,88,183
07/07/2021,FPR,FL,ASO,ES,Towers with Radar,0,4,40,0,44,0,3,83,0,86,0,7,123,0,130,108,0,108,238
07/08/2021,FPR,FL,ASO,ES,Towers with Radar,0,0,60,0,60,0,0,102,0,102,0,0,162,0,162,208,0,208,370
07/09/2021,FPR,FL,ASO,ES,Towers with Radar,0,7,60,0,67,0,5,100,0,105,0,12,160,0,172,213,0,213,385
07/10/2021,FPR,FL,ASO,ES,Towers with Radar,0,10,65,0,75,0,4,105,0,109,0,14,170,0,184,128,0,128,312
07/11/2021,FPR,FL,ASO,ES,Towers with Radar,0,4,62,0,66,0,3,69,0,72,0,7,131,0,138,132,0,132,270
07/12/2021,FPR,FL,ASO,ES,Towers with Radar,0,10,41,0,51,0,7,91,1,99,0,17,132,1,150,152,0,152,302
07/13/2021,FPR,FL,ASO,ES,Towers with Radar,0,4,50,0,54,0,2,125,0,127,0,6,175,0,181,186,0,186,367
07/14/2021,FPR,FL,ASO,ES,Towers with Radar,0,10,62,0,72,0,4,139,0,143,0,14,201,0,215,324,0,324,539
07/15/2021,FPR,FL,ASO,ES,Towers with Radar,0,5,60,0,65,0,15,131,0,146,0,20,191,0,211,258,0,258,469
07/16/2021,FPR,FL,ASO,ES,Towers with Radar,0,17,66,0,83,0,9,131,0,140,0,26,197,0,223,362,0,362,585
07/17/2021,FPR,FL,ASO,ES,Towers with Radar,0,2,60,0,62,0,6,80,0,86,0,8,140,0,148,80,0,80,228
07/18/2021,FPR,FL,ASO,ES,Towers with Radar,0,4,43,0,47,0,0,65,0,65,0,4,108,0,112,93,0,93,205
07/19/2021,FPR,FL,ASO,ES,Towers with Radar,0,0,43,0,43,0,8,113,0,121,0,8,156,0,164,296,0,296,460
07/20/2021,FPR,FL,ASO,ES,Towers with Radar,0,9,46,0,55,0,10,121,0,131,0,19,167,0,186,234,0,234,420
07/21/2021,FPR,FL,ASO,ES,Towers with Radar,0,7,59,0,66,0,6,121,0,127,0,13,180,0,193,214,0,214,407
07/22/2021,FPR,FL,ASO,ES,Towers with Radar,0,5,44,0,49,0,5,105,0,110,0,10,149,0,159,214,0,214,373
07/23/2021,FPR,FL,ASO,ES,Towers with Radar,0,0,44,0,44,0,0,85,0,85,0,0,129,0,129,239,0,239,368
07/24/2021,FPR,FL,ASO,ES,Towers with Radar,0,6,66,0,72,0,2,70,0,72,0,8,136,0,144,123,0,123,267
07/25/2021,FPR,FL,ASO,ES,Towers with Radar,0,2,51,0,53,0,5,71,0,76,0,7,122,0,129,128,0,128,257
07/26/2021,FPR,FL,ASO,ES,Towers with Radar,0,6,32,0,38,0,3,111,0,114,0,9,143,0,152,222,0,222,374
07/27/2021,FPR,FL,ASO,ES,Towers with Radar,0,6,58,0,64,0,8,84,0,92,0,14,142,0,156,252,0,252,408
07/28/2021,FPR,FL,ASO,ES,Towers with Radar,0,2,34,0,36,0,7,85,0,92,0,9,119,0,128,163,0,163,291
07/29/2021,FPR,FL,ASO,ES,Towers with Radar,0,6,49,0,55,0,8,108,0,116,0,14,157,0,171,241,0,241,412
07/30/2021,FPR,FL,ASO,ES,Towers with Radar,0,10,49,0,59,0,8,107,0,115,0,18,156,0,174,205,0,205,379
07/31/2021,FPR,FL,ASO,ES,Towers with Radar,0,4,58,0,62,0,15,98,0,113,0,19,156,0,175,167,0,167,342
08/01/2021,FPR,FL,ASO,ES,Towers with Radar,0,0,42,0,42,0,4,41,1,46,0,4,83,1,88,103,0,103,191
08/02/2021,FPR,FL,ASO,ES,Towers with Radar,0,0,36,0,36,0,9,96,0,105,0,9,132,0,141,151,0,151,292
08/03/2021,FPR,FL,ASO,ES,Towers with Radar,0,0,23,0,23,0,4,62,0,66,0,4,85,0,89,115,0,115,204
08/04/2021,FPR,FL,ASO,ES,Towers with Radar,0,4,48,0,52,0,0,109,0,109,0,4,157,0,161,114,0,114,275
08/05/2021,FPR,FL,ASO,ES,Towers with Radar,0,8,42,0,50,0,8,113,0,121,0,16,155,0,171,193,0,193,364
08/06/2021,FPR,FL,ASO,ES,Towers with Radar,0,18,41,0,59,0,61,88,3,152,0,79,129,3,211,250,0,250,461
08/07/2021,FPR,FL,ASO,ES,Towers with Radar,0,7,30,0,37,0,40,38,0,78,0,47,68,0,115,186,0,186,301
08/08/2021,FPR,FL,ASO,ES,Towers with Radar,0,8,24,0,32,0,48,61,0,109,0,56,85,0,141,160,0,160,301
08/09/2021,FPR,FL,ASO,ES,Towers with Radar,0,23,14,0,37,0,65,64,0,129,0,88,78,0,166,272,0,272,438
08/10/2021,FPR,FL,ASO,ES,Towers with Radar,0,26,20,0,46,0,83,77,0,160,0,109,97,0,206,295,0,295,501
08/11/2021,FPR,FL,ASO,ES,Towers with Radar,0,28,14,0,42,0,71,70,0,141,0,99,84,0,183,321,0,321,504
08/12/2021,FPR,FL,ASO,ES,Towers with Radar,0,25,19,0,44,0,47,54,0,101,0,72,73,0,145,219,0,219,364
08/13/2021,FPR,FL,ASO,ES,Towers with Radar,0,24,22,0,46,0,56,30,0,86,0,80,52,0,132,208,0,208,340
08/14/2021,FPR,FL,ASO,ES,Towers with Radar,0,10,7,0,17,0,29,18,0,47,0,39,25,0,64,71,0,71,135
08/15/2021,FPR,FL,ASO,ES,Towers with Radar,0,12,12,0,24,0,27,16,0,43,0,39,28,0,67,58,0,58,125
08/16/2021,FPR,FL,ASO,ES,Towers with Radar,0,20,24,0,44,0,58,42,0,100,0,78,66,0,144,187,0,187,331
08/17/2021,FPR,FL,ASO,ES,Towers with Radar,0,25,14,0,39,0,87,55,0,142,0,112,69,0,181,170,0,170,351
08/18/2021,FPR,FL,ASO,ES,Towers with Radar,0,29,26,0,55,0,97,45,0,142,0,126,71,0,197,251,0,251,448
08/19/2021,FPR,FL,ASO,ES,Towers with Radar,0,29,21,0,50,0,69,57,0,126,0,98,78,0,176,207,0,207,383
08/20/2021,FPR,FL,ASO,ES,Towers with Radar,0,13,13,0,26,0,69,56,0,125,0,82,69,0,151,203,0,203,354
08/21/2021,FPR,FL,ASO,ES,Towers with Radar,0,8,17,0,25,0,39,50,0,89,0,47,67,0,114,92,0,92,206
08/22/2021,FPR,FL,ASO,ES,Towers with Radar,0,10,20,0,30,0,32,42,0,74,0,42,62,0,104,158,0,158,262
08/23/2021,FPR,FL,ASO,ES,Towers with Radar,0,31,20,0,51,0,75,21,0,96,0,106,41,0,147,181,0,181,328
08/24/2021,FPR,FL,ASO,ES,Towers with Radar,0,27,27,0,54,0,78,39,0,117,0,105,66,0,171,249,0,249,420
08/25/2021,FPR,FL,ASO,ES,Towers with Radar,0,28,25,0,53,0,85,61,0,146,0,113,86,0,199,295,0,295,494
08/26/2021,FPR,FL,ASO,ES,Towers with Radar,0,34,23,0,57,0,84,45,0,129,0,118,68,0,186,240,0,240,426
08/27/2021,FPR,FL,ASO,ES,Towers with Radar,0,20,17,0,37,0,36,21,0,57,0,56,38,0,94,115,0,115,209
08/28/2021,FPR,FL,ASO,ES,Towers with Radar,0,13,25,0,38,0,58,40,0,98,0,71,65,0,136,150,0,150,286
08/29/2021,FPR,FL,ASO,ES,Towers with Radar,0,2,28,0,30,0,7,41,0,48,0,9,69,0,78,18,0,18,96
08/30/2021,FPR,FL,ASO,ES,Towers with Radar,0,29,16,0,45,0,98,69,0,167,0,127,85,0,212,312,0,312,524
08/31/2021,FPR,FL,ASO,ES,Towers with Radar,0,29,22,0,51,0,86,64,0,150,0,115,86,0,201,285,0,285,486
09/01/2021,FPR,FL,ASO,ES,Towers with Radar,0,18,12,0,30,0,68,43,0,111,0,86,55,0,141,176,0,176,317
09/02/2021,FPR,FL,ASO,ES,Towers with Radar,0,11,19,0,30,0,85,34,0,119,0,96,53,0,149,198,0,198,347
09/03/2021,FPR,FL,ASO,ES,Towers with Radar,0,10,23,0,33,0,61,30,0,91,0,71,53,0,124,172,0,172,296
09/04/2021,FPR,FL,ASO,ES,Towers with Radar,0,12,24,0,36,0,33,34,0,67,0,45,58,0,103,132,0,132,235
09/05/2021,FPR,FL,ASO,ES,Towers with Radar,0,0,9,0,9,0,12,28,0,40,0,12,37,0,49,10,0,10,59
09/06/2021,FPR,FL,ASO,ES,Towers with Radar,0,2,27,0,29,0,3,57,0,60,0,5,84,0,89,31,0,31,120
09/07/2021,FPR,FL,ASO,ES,Towers with Radar,0,24,13,1,38,0,63,48,0,111,0,87,61,1,149,245,0,245,394
09/08/2021,FPR,FL,ASO,ES,Towers with Radar,0,25,21,0,46,0,105,61,0,166,0,130,82,0,212,358,0,358,570
09/09/2021,FPR,FL,ASO,ES,Towers with Radar,0,17,12,0,29,0,67,50,0,117,0,84,62,0,146,300,0,300,446
09/10/2021,FPR,FL,ASO,ES,Towers with Radar,0,18,26,0,44,0,67,41,0,108,0,85,67,0,152,344,0,344,496
09/11/2021,FPR,FL,ASO,ES,Towers with Radar,0,18,19,0,37,0,53,36,0,89,0,71,55,0,126,198,0,198,324
09/12/2021,FPR,FL,ASO,ES,Towers with Radar,0,1,17,0,18,0,7,22,0,29,0,8,39,0,47,4,0,4,51
09/13/2021,FPR,FL,ASO,ES,Towers with Radar,0,30,16,0,46,0,57,33,0,90,0,87,49,0,136,216,0,216,352
09/14/2021,FPR,FL,ASO,ES,Towers with Radar,0,41,22,0,63,0,92,77,0,169,0,133,99,0,232,351,0,351,583
09/15/2021,FPR,FL,ASO,ES,Towers with Radar,0,33,29,0,62,0,106,67,0,173,0,139,96,0,235,307,0,307,542
09/16/2021,FPR,FL,ASO,ES,Towers with Radar,0,18,23,0,41,0,76,44,0,120,0,94,67,0,161,216,0,216,377
09/17/2021,FPR,FL,ASO,ES,Towers with Radar,0,18,18,2,38,0,68,44,0,112,0,86,62,2,150,235,0,235,385
09/18/2021,FPR,FL,ASO,ES,Towers with Radar,0,10,18,0,28,0,30,42,0,72,0,40,60,0,100,107,0,107,207
09/19/2021,FPR,FL,ASO,ES,Towers with Radar,0,0,13,0,13,0,5,51,0,56,0,5,64,0,69,54,0,54,123
09/20/2021,FPR,FL,ASO,ES,Towers with Radar,0,19,13,0,32,0,67,46,0,113,0,86,59,0,145,206,0,206,351
09/21/2021,FPR,FL,ASO,ES,Towers with Radar,0,21,18,0,39,0,58,28,0,86,0,79,46,0,125,102,0,102,227
09/22/2021,FPR,FL,ASO,ES,Towers with Radar,0,32,27,0,59,0,72,39,1,112,0,104,66,1,171,194,0,194,365
09/23/2021,FPR,FL,ASO,ES,Towers with Radar,0,28,17,0,45,0,42,22,0,64,0,70,39,0,109,138,0,138,247
09/24/2021,FPR,FL,ASO,ES,Towers with Radar,0,35,10,0,45,0,120,42,0,162,0,155,52,0,207,197,0,197,404
09/25/2021,FPR,FL,ASO,ES,Towers with Radar,0,18,17,0,35,0,28,43,0,71,0,46,60,0,106,76,0,76,182
09/26/2021,FPR,FL,ASO,ES,Towers with Radar,0,0,13,0,13,0,3,44,0,47,0,3,57,0,60,12,0,12,72
09/27/2021,FPR,FL,ASO,ES,Towers with Radar,0,33,30,0,63,0,129,70,0,199,0,162,100,0,262,278,0,278,540
09/28/2021,FPR,FL,ASO,ES,Towers with Radar,0,51,15,0,66,0,136,73,0,209,0,187,88,0,275,278,0,278,553
09/29/2021,FPR,FL,ASO,ES,Towers with Radar,0,21,20,0,41,0,117,78,0,195,0,138,98,0,236,389,0,389,625
09/30/2021,FPR,FL,ASO,ES,Towers with Radar,0,48,19,0,67,0,130,50,0,180,0,178,69,0,247,351,0,351,598
10/01/2021,FPR,FL,ASO,ES,Towers with Radar,0,21,25,0,46,0,121,45,0,166,0,142,70,0,212,318,0,318,530
10/02/2021,FPR,FL,ASO,ES,Towers with Radar,0,19,15,0,34,0,49,37,0,86,0,68,52,0,120,101,0,101,221
10/03/2021,FPR,FL,ASO,ES,Towers with Radar,0,4,14,0,18,0,3,31,0,34,0,7,45,0,52,19,0,19,71
10/04/2021,FPR,FL,ASO,ES,Towers with Radar,0,29,26,0,55,0,130,48,0,178,0,159,74,0,233,407,0,407,640
10/05/2021,FPR,FL,ASO,ES,Towers with Radar,0,40,22,4,66,0,164,57,1,222,0,204,79,5,288,342,0,342,630
10/06/2021,FPR,FL,ASO,ES,Towers with Radar,0,42,23,1,66,0,155,58,0,213,0,197,81,1,279,398,0,398,677
10/07/2021,FPR,FL,ASO,ES,Towers with Radar,0,35,40,0,75,0,91,52,0,143,0,126,92,0,218,265,0,265,483
10/08/2021,FPR,FL,ASO,ES,Towers with Radar,0,31,29,1,61,0,73,31,1,105,0,104,60,2,166,318,0,318,484
10/09/2021,FPR,FL,ASO,ES,Towers with Radar,0,15,15,0,30,0,34,17,0,51,0,49,32,0,81,157,0,157,238
10/10/2021,FPR,FL,ASO,ES,Towers with Radar,0,4,23,0,27,0,6,41,1,48,0,10,64,1,75,40,0,40,115
10/11/2021,FPR,FL,ASO,ES,Towers with Radar,0,33,26,0,59,0,112,47,0,159,0,145,73,0,218,323,0,323,541
10/12/2021,FPR,FL,ASO,ES,Towers with Radar,0,45,21,1,67,0,131,60,0,191,0,176,81,1,258,323,0,323,581
10/13/2021,FPR,FL,ASO,ES,Towers with Radar,0,38,22,1,61,0,105,70,0,175,0,143,92,1,236,406,0,406,642
10/14/2021,FPR,FL,ASO,ES,Towers with Radar,0,41,34,0,75,0,129,84,0,213,0,170,118,0,288,369,0,369,657
10/15/2021,FPR,FL,ASO,ES,Towers with Radar,0,30,15,0,45,0,90,46,0,136,0,120,61,0,181,349,0,349,530
10/16/2021,FPR,FL,ASO,ES,Towers with Radar,0,10,19,0,29,0,65,37,0,102,0,75,56,0,131,195,0,195,326
10/17/2021,FPR,FL,ASO,ES,Towers with Radar,0,0,22,0,22,0,5,28,1,34,0,5,50,1,56,36,0,36,92
10/18/2021,FPR,FL,ASO,ES,Towers with Radar,0,44,49,0,93,0,124,56,0,180,0,168,105,0,273,270,0,270,543
10/19/2021,FPR,FL,ASO,ES,Towers with Radar,0,31,43,0,74,0,143,57,0,200,0,174,100,0,274,316,0,316,590
10/20/2021,FPR,FL,ASO,ES,Towers with Radar,0,39,37,0,76,0,115,59,0,174,0,154,96,0,250,392,0,392,642
10/21/2021,FPR,FL,ASO,ES,Towers with Radar,0,45,38,0,83,0,120,63,0,183,0,165,101,0,266,352,0,352,618
10/22/2021,FPR,FL,ASO,ES,Towers with Radar,0,37,14,0,51,0,91,59,0,150,0,128,73,0,201,473,0,473,674
10/23/2021,FPR,FL,ASO,ES,Towers with Radar,0,11,25,0,36,0,42,41,0,83,0,53,66,0,119,257,0,257,376
10/24/2021,FPR,FL,ASO,ES,Towers with Radar,0,4,21,0,25,0,0,15,0,15,0,4,36,0,40,0,0,0,40
10/25/2021,FPR,FL,ASO,ES,Towers with Radar,0,15,18,0,33,0,92,39,0,131,0,107,57,0,164,285,0,285,449
10/26/2021,FPR,FL,ASO,ES,Towers with Radar,0,22,17,0,39,0,104,43,0,147,0,126,60,0,186,226,0,226,412
10/27/2021,FPR,FL,ASO,ES,Towers with Radar,0,13,11,0,24,0,128,77,0,205,0,141,88,0,229,450,0,450,679
10/28/2021,FPR,FL,ASO,ES,Towers with Radar,0,15,27,0,42,0,57,26,0,83,0,72,53,0,125,109,0,109,234
10/29/2021,FPR,FL,ASO,ES,Towers with Radar,0,19,24,0,43,0,98,27,0,125,0,117,51,0,168,255,0,255,423
10/30/2021,FPR,FL,ASO,ES,Towers with Radar,0,9,26,0,35,0,54,61,0,115,0,63,87,0,150,143,0,143,293
10/31/2021,FPR,FL,ASO,ES,Towers with Radar,0,5,24,0,29,0,4,57,0,61,0,9,81,0,90,25,0,25,115
11/01/2021,FPR,FL,ASO,ES,Towers with Radar,0,31,13,0,44,0,120,53,0,173,0,151,66,0,217,384,0,384,601
11/02/2021,FPR,FL,ASO,ES,Towers with Radar,0,58,27,0,85,0,116,57,0,173,0,174,84,0,258,396,0,396,654
11/03/2021,FPR,FL,ASO,ES,Towers with Radar,0,73,40,0,113,0,135,57,0,192,0,208,97,0,305,391,0,391,696
11/04/2021,FPR,FL,ASO,ES,Towers with Radar,0,43,34,0,77,0,110,64,0,174,0,153,98,0,251,345,0,345,596
11/05/2021,FPR,FL,ASO,ES,Towers with Radar,0,43,10,0,53,0,3,3,0,6,0,46,13,0,59,15,0,15,74
11/06/2021,FPR,FL,ASO,ES,Towers with Radar,0,10,20,0,30,0,35,19,0,54,0,45,39,0,84,37,0,37,121
11/07/2021,FPR,FL,ASO,ES,Towers with Radar,0,8,51,0,59,0,4,28,0,32,0,12,79,0,91,7,0,7,98
11/08/2021,FPR,FL,ASO,ES,Towers with Radar,0,26,24,0,50,0,86,46,0,132,0,112,70,0,182,263,0,263,445
11/09/2021,FPR,FL,ASO,ES,Towers with Radar,0,53,37,0,90,0,151,72,0,223,0,204,109,0,313,458,0,458,771
11/10/2021,FPR,FL,ASO,ES,Towers with Radar,0,70,49,0,119,0,27,20,0,47,0,97,69,0,166,103,0,103,269
11/11/2021,FPR,FL,ASO,ES,Towers with Radar,0,49,52,0,101,0,115,42,2,159,0,164,94,2,260,344,0,344,604
11/12/2021,FPR,FL,ASO,ES,Towers with Radar,0,16,44,0,60,0,67,23,0,90,0,83,67,0,150,288,0,288,438
11/13/2021,FPR,FL,ASO,ES,Towers with Radar,0,21,42,4,67,0,60,36,0,96,0,81,78,4,163,191,0,191,354
11/14/2021,FPR,FL,ASO,ES,Towers with Radar,0,8,42,0,50,0,0,41,1,42,0,8,83,1,92,3,0,3,95
11/15/2021,FPR,FL,ASO,ES,Towers with Radar,0,30,49,0,79,0,120,79,0,199,0,150,128,0,278,339,0,339,617
11/16/2021,FPR,FL,ASO,ES,Towers with Radar,0,75,37,0,112,0,147,65,1,213,0,222,102,1,325,445,0,445,770
11/17/2021,FPR,FL,ASO,ES,Towers with Radar,0,85,35,0,120,0,134,84,0,218,0,219,119,0,338,502,0,502,840
11/18/2021,FPR,FL,ASO,ES,Towers with Radar,0,78,44,0,122,0,105,51,0,156,0,183,95,0,278,360,0,360,638
11/19/2021,FPR,FL,ASO,ES,Towers with Radar,0,77,40,0,117,0,32,31,0,63,0,109,71,0,180,141,0,141,321
11/20/2021,FPR,FL,ASO,ES,Towers with Radar,0,39,44,0,83,0,17,15,0,32,0,56,59,0,115,15,0,15,130
11/21/2021,FPR,FL,ASO,ES,Towers with Radar,0,5,27,0,32,0,0,4,0,4,0,5,31,0,36,0,0,0,36
11/22/2021,FPR,FL,ASO,ES,Towers with Radar,0,21,26,0,47,0,67,36,0,103,0,88,62,0,150,226,0,226,376
11/23/2021,FPR,FL,ASO,ES,Towers with Radar,0,19,32,0,51,0,75,47,0,122,0,94,79,0,173,186,0,186,359
11/24/2021,FPR,FL,ASO,ES,Towers with Radar,0,46,32,0,78,0,119,54,0,173,0,165,86,0,251,327,0,327,578
11/25/2021,FPR,FL,ASO,ES,Towers with Radar,0,0,4,0,4,0,5,18,0,23,0,5,22,0,27,20,0,20,47
11/26/2021,FPR,FL,ASO,ES,Towers with Radar,0,21,30,0,51,0,76,48,0,124,0,97,78,0,175,303,0,303,478
11/27/2021,FPR,FL,ASO,ES,Towers with Radar,0,32,62,0,94,0,62,41,0,103,0,94,103,0,197,244,0,244,441
11/28/2021,FPR,FL,ASO,ES,Towers with Radar,0,6,66,0,72,0,11,54,0,65,0,17,120,0,137,40,0,40,177
11/29/2021,FPR,FL,ASO,ES,Towers with Radar,0,39,21,0,60,0,124,59,0,183,0,163,80,0,243,391,0,391,634
11/30/2021,FPR,FL,ASO,ES,Towers with Radar,0,52,26,0,78,0,125,80,0,205,0,177,106,0,283,307,0,307,590
12/01/2021,FPR,FL,ASO,ES,Towers with Radar,0,82,28,0,110,0,127,75,1,203,0,209,103,1,313,423,0,423,736
12/02/2021,FPR,FL,ASO,ES,Towers with Radar,0,62,33,0,95,0,103,61,0,164,0,165,94,0,259,286,0,286,545
12/03/2021,FPR,FL,ASO,ES,Towers with Radar,0,43,25,0,68,0,94,57,0,151,0,137,82,0,219,390,0,390,609
12/04/2021,FPR,FL,ASO,ES,Towers with Radar,0,24,34,0,58,0,62,66,2,130,0,86,100,2,188,330,8,338,526
12/05/2021,FPR,FL,ASO,ES,Towers with Radar,0,5,43,0,48,0,5,30,0,35,0,10,73,0,83,50,0,50,133
12/06/2021,FPR,FL,ASO,ES,Towers with Radar,0,51,26,0,77,0,98,37,0,135,0,149,63,0,212,332,0,332,544
12/07/2021,FPR,FL,ASO,ES,Towers with Radar,0,48,41,0,89,0,123,55,0,178,0,171,96,0,267,325,0,325,592
12/08/2021,FPR,FL,ASO,ES,Towers with Radar,0,27,34,0,61,0,106,44,0,150,0,133,78,0,211,312,0,312,523
12/09/2021,FPR,FL,ASO,ES,Towers with Radar,0,64,27,0,91,0,76,30,0,106,0,140,57,0,197,235,0,235,432
12/10/2021,FPR,FL,ASO,ES,Towers with Radar,0,55,40,0,95,0,93,74,0,167,0,148,114,0,262,329,0,329,591
12/11/2021,FPR,FL,ASO,ES,Towers with Radar,0,25,28,0,53,0,74,59,0,133,0,99,87,0,186,337,0,337,523
12/12/2021,FPR,FL,ASO,ES,Towers with Radar,0,8,26,2,36,0,8,36,0,44,0,16,62,2,80,24,0,24,104
12/13/2021,FPR,FL,ASO,ES,Towers with Radar,0,67,36,0,103,0,98,51,0,149,0,165,87,0,252,319,0,319,571
12/14/2021,FPR,FL,ASO,ES,Towers with Radar,0,52,29,0,81,0,59,16,0,75,0,111,45,0,156,140,0,140,296
12/15/2021,FPR,FL,ASO,ES,Towers with Radar,0,69,37,0,106,0,81,52,0,133,0,150,89,0,239,234,0,234,473
12/16/2021,FPR,FL,ASO,ES,Towers with Radar,0,67,42,0,109,0,117,77,0,194,0,184,119,0,303,357,0,357,660
12/17/2021,FPR,FL,ASO,ES,Towers with Radar,0,47,28,0,75,0,101,90,0,191,0,148,118,0,266,279,0,279,545
12/18/2021,FPR,FL,ASO,ES,Towers with Radar,0,16,27,0,43,0,51,34,0,85,0,67,61,0,128,311,0,311,439
12/19/2021,FPR,FL,ASO,ES,Towers with Radar,0,4,27,0,31,0,0,22,0,22,0,4,49,0,53,8,0,8,61
12/20/2021,FPR,FL,ASO,ES,Towers with Radar,0,37,47,1,85,0,43,38,0,81,0,80,85,1,166,212,0,212,378
12/21/2021,FPR,FL,ASO,ES,Towers with Radar,0,5,20,0,25,0,1,4,0,5,0,6,24,0,30,0,0,0,30
12/22/2021,FPR,FL,ASO,ES,Towers with Radar,0,14,34,0,48,0,59,56,0,115,0,73,90,0,163,191,0,191,354
12/23/2021,FPR,FL,ASO,ES,Towers with Radar,0,16,31,0,47,0,32,66,0,98,0,48,97,0,145,157,0,157,302
12/24/2021,FPR,FL,ASO,ES,Towers with Radar,0,2,14,0,16,0,7,27,0,34,0,9,41,0,50,6,0,6,56
12/25/2021,FPR,FL,ASO,ES,Towers with Radar,0,4,4,0,8,0,5,5,0,10,0,9,9,0,18,0,0,0,18
12/26/2021,FPR,FL,ASO,ES,Towers with Radar,0,9,77,0,86,0,3,69,0,72,0,12,146,0,158,25,0,25,183
12/27/2021,FPR,FL,ASO,ES,Towers with Radar,0,9,55,0,64,0,12,64,0,76,0,21,119,0,140,97,0,97,237
12/28/2021,FPR,FL,ASO,ES,Towers with Radar,0,5,51,0,56,0,23,46,0,69,0,28,97,0,125,41,0,41,166
12/29/2021,FPR,FL,ASO,ES,Towers with Radar,0,11,37,0,48,0,22,67,0,89,0,33,104,0,137,96,0,96,233
12/30/2021,FPR,FL,ASO,ES,Towers with Radar,0,9,36,0,45,0,35,68,0,103,0,44,104,0,148,122,0,122,270
12/31/2021,FPR,FL,ASO,ES,Towers with Radar,0,3,24,0,27,0,3,39,0,42,0,6,63,0,69,2,0,2,71
01/01/2022,FPR,FL,ASO,ES,Towers with Radar,0,5,40,0,45,0,11,47,0,58,0,16,87,0,103,6,0,6,109
01/02/2022,FPR,FL,ASO,ES,Towers with Radar,0,4,87,0,91,0,8,61,0,69,0,12,148,0,160,3,0,3,163
01/03/2022,FPR,FL,ASO,ES,Towers with Radar,0,7,82,0,89,0,35,41,0,76,0,42,123,0,165,73,0,73,238
01/04/2022,FPR,FL,ASO,ES,Towers with Radar,0,29,64,0,93,0,68,64,0,132,0,97,128,0,225,180,0,180,405
01/05/2022,FPR,FL,ASO,ES,Towers with Radar,0,30,56,0,86,0,67,66,0,133,0,97,122,0,219,260,0,260,479
01/06/2022,FPR,FL,ASO,ES,Towers with Radar,0,18,37,0,55,0,74,70,0,144,0,92,107,0,199,266,0,266,465
01/07/2022,FPR,FL,ASO,ES,Towers with Radar,0,14,23,0,37,0,87,51,0,138,0,101,74,0,175,279,0,279,454
01/08/2022,FPR,FL,ASO,ES,Towers with Radar,0,11,47,0,58,0,37,46,0,83,0,48,93,0,141,143,0,143,284
01/09/2022,FPR,FL,ASO,ES,Towers with Radar,0,2,47,0,49,0,7,43,1,51,0,9,90,1,100,2,0,2,102
01/10/2022,FPR,FL,ASO,ES,Towers with Radar,0,11,31,0,42,0,56,35,0,91,0,67,66,0,133,178,0,178,311
01/11/2022,FPR,FL,ASO,ES,Towers with Radar,0,22,28,0,50,0,47,38,0,85,0,69,66,0,135,77,0,77,212
01/12/2022,FPR,FL,ASO,ES,Towers with Radar,0,31,35,0,66,0,68,31,0,99,0,99,66,0,165,182,0,182,347
01/13/2022,FPR,FL,ASO,ES,Towers with Radar,0,19,28,0,47,0,91,49,0,140,0,110,77,0,187,447,0,447,634
01/14/2022,FPR,FL,ASO,ES,Towers with Radar,0,16,30,0,46,0,78,63,0,141,0,94,93,0,187,281,0,281,468
01/15/2022,FPR,FL,ASO,ES,Towers with Radar,0,21,37,0,58,0,74,83,0,157,0,95,120,0,215,282,0,282,497
01/16/2022,FPR,FL,ASO,ES,Towers with Radar,0,7,15,0,22,0,1,6,1,8,0,8,21,1,30,0,0,0,30
01/17/2022,FPR,FL,ASO,ES,Towers with Radar,0,29,71,0,100,0,79,51,0,130,0,108,122,0,230,165,0,165,395
01/18/2022,FPR,FL,ASO,ES,Towers with Radar,0,35,43,0,78,0,124,51,0,175,0,159,94,0,253,377,0,377,630
01/19/2022,FPR,FL,ASO,ES,Towers with Radar,0,54,49,0,103,0,118,57,0,175,0,172,106,0,278,283,0,283,561
01/20/2022,FPR,FL,ASO,ES,Towers with Radar,0,41,47,0,88,0,110,73,0,183,0,151,120,0,271,271,0,271,542
01/21/2022,FPR,FL,ASO,ES,Towers with Radar,0,39,33,0,72,0,92,45,0,137,0,131,78,0,209,282,0,282,491
01/22/2022,FPR,FL,ASO,ES,Towers with Radar,0,12,43,0,55,0,0,1,0,1,0,12,44,0,56,0,0,0,56
01/23/2022,FPR,FL,ASO,ES,Towers with Radar,0,7,64,0,71,0,1,6,0,7,0,8,70,0,78,2,0,2,80
01/24/2022,FPR,FL,ASO,ES,Towers with Radar,0,36,26,0,62,0,133,76,0,209,0,169,102,0,271,360,0,360,631
01/25/2022,FPR,FL,ASO,ES,Towers with Radar,0,47,25,0,72,0,130,45,0,175,0,177,70,0,247,370,0,370,617
01/26/2022,FPR,FL,ASO,ES,Towers with Radar,0,33,22,0,55,0,6,2,0,8,0,39,24,0,63,25,0,25,88
01/27/2022,FPR,FL,ASO,ES,Towers with Radar,0,25,51,0,76,0,80,42,0,122,0,105,93,0,198,167,0,167,365
01/28/2022,FPR,FL,ASO,ES,Towers with Radar,0,10,29,0,39,0,47,9,0,56,0,57,38,0,95,118,0,118,213
01/29/2022,FPR,FL,ASO,ES,Towers with Radar,0,11,22,0,33,0,41,19,0,60,0,52,41,0,93,58,0,58,151
01/30/2022,FPR,FL,ASO,ES,Towers with Radar,0,5,28,0,33,0,9,38,0,47,0,14,66,0,80,44,0,44,124
01/31/2022,FPR,FL,ASO,ES,Towers with Radar,0,39,26,0,65,0,165,65,0,230,0,204,91,0,295,395,0,395,690
02/01/2022,FPR,FL,ASO,ES,Towers with Radar,0,23,28,0,51,0,161,75,0,236,0,184,103,0,287,518,0,518,805
02/02/2022,FPR,FL,ASO,ES,Towers with Radar,0,34,43,0,77,0,104,70,0,174,0,138,113,0,251,299,0,299,550
02/03/2022,FPR,FL,ASO,ES,Towers with Radar,0,37,25,0,62,0,126,68,0,194,0,163,93,0,256,330,0,330,586
02/04/2022,FPR,FL,ASO,ES,Towers with Radar,0,32,38,1,71,0,131,95,1,227,0,163,133,2,298,340,0,340,638
02/05/2022,FPR,FL,ASO,ES,Towers with Radar,0,18,45,0,63,0,10,17,0,27,0,28,62,0,90,67,0,67,157
02/06/2022,FPR,FL,ASO,ES,Towers with Radar,0,2,52,0,54,0,4,36,0,40,0,6,88,0,94,26,0,26,120
02/07/2022,FPR,FL,ASO,ES,Towers with Radar,0,44,42,0,86,0,58,26,0,84,0,102,68,0,170,220,0,220,390
02/08/2022,FPR,FL,ASO,ES,Towers with Radar,0,21,33,0,54,0,94,21,0,115,0,115,54,0,169,252,0,252,421
02/09/2022,FPR,FL,ASO,ES,Towers with Radar,0,39,44,0,83,0,129,22,0,151,0,168,66,0,234,415,0,415,649
02/10/2022,FPR,FL,ASO,ES,Towers with Radar,0,40,36,0,76,0,135,99,0,234,0,175,135,0,310,501,0,501,811
02/11/2022,FPR,FL,ASO,ES,Towers with Radar,0,47,57,0,104,0,139,106,0,245,0,186,163,0,349,535,0,535,884
02/12/2022,FPR,FL,ASO,ES,Towers with Radar,0,19,49,0,68,0,90,80,0,170,0,109,129,0,238,350,0,350,588
02/13/2022,FPR,FL,ASO,ES,Towers with Radar,0,7,52,0,59,0,5,17,0,22,0,12,69,0,81,26,0,26,107
02/14/2022,FPR,FL,ASO,ES,Towers with Radar,0,11,27,0,38,0,63,49,0,112,0,74,76,0,150,147,0,147,297
02/15/2022,FPR,FL,ASO,ES,Towers with Radar,0,57,54,0,111,0,108,52,0,160,0,165,106,0,271,374,0,374,645
02/16/2022,FPR,FL,ASO,ES,Towers with Radar,0,62,29,0,91,0,103,39,0,142,0,165,68,0,233,177,0,177,410
02/17/2022,FPR,FL,ASO,ES,Towers with Radar,0,34,43,0,77,0,83,43,0,126,0,117,86,0,203,229,0,229,432
02/18/2022,FPR,FL,ASO,ES,Towers with Radar,0,40,47,0,87,1,75,51,0,127,1,115,98,0,214,370,0,370,584
02/19/2022,FPR,FL,ASO,ES,Towers with Radar,0,11,31,0,42,0,13,18,1,32,0,24,49,1,74,106,0,106,180
02/20/2022,FPR,FL,ASO,ES,Towers with Radar,0,4,82,0,86,0,4,53,0,57,0,8,135,0,143,0,0,0,143
02/21/2022,FPR,FL,ASO,ES,Towers with Radar,0,39,64,0,103,0,134,81,0,215,0,173,145,0,318,499,0,499,817
02/22/2022,FPR,FL,ASO,ES,Towers with Radar,0,52,58,0,110,0,135,65,0,200,0,187,123,0,310,398,0,398,708
02/23/2022,FPR,FL,ASO,ES,Towers with Radar,0,45,52,0,97,0,124,84,0,208,0,169,136,0,305,438,0,438,743
02/24/2022,FPR,FL,ASO,ES,Towers with Radar,0,54,41,0,95,0,122,71,0,193,0,176,112,0,288,390,0,390,678
02/25/2022,FPR,FL,ASO,ES,Towers with Radar,0,67,55,0,122,0,108,82,0,190,0,175,137,0,312,372,0,372,684
02/26/2022,FPR,FL,ASO,ES,Towers with Radar,0,27,49,0,76,0,68,96,0,164,0,95,145,0,240,395,0,395,635
02/27/2022,FPR,FL,ASO,ES,Towers with Radar,0,11,57,0,68,0,9,56,0,65,0,20,113,0,133,19,0,19,152
02/28/2022,FPR,FL,ASO,ES,Towers with Radar,0,29,42,1,72,0,98,68,0,166,0,127,110,1,238,392,0,392,630
03/01/2022,FPR,FL,ASO,ES,Towers with Radar,0,27,37,2,66,0,63,25,0,88,0,90,62,2,154,225,0,225,379
03/02/2022,FPR,FL,ASO,ES,Towers with Radar,0,54,43,0,97,0,104,82,0,186,0,158,125,0,283,454,0,454,737
03/03/2022,FPR,FL,ASO,ES,Towers with Radar,0,44,45,5,94,0,101,85,2,188,0,145,130,7,282,451,0,451,733
03/04/2022,FPR,FL,ASO,ES,Towers with Radar,0,48,52,0,100,0,98,78,0,176,0,146,130,0,276,366,0,366,642
03/05/2022,FPR,FL,ASO,ES,Towers with Radar,0,21,52,0,73,0,53,46,0,99,0,74,98,0,172,121,0,121,293
03/06/2022,FPR,FL,ASO,ES,Towers with Radar,0,10,42,0,52,0,5,23,0,28,0,15,65,0,80,0,0,0,80
03/07/2022,FPR,FL,ASO,ES,Towers with Radar,0,41,30,0,71,0,82,36,0,118,0,123,66,0,189,242,0,242,431
03/08/2022,FPR,FL,ASO,ES,Towers with Radar,0,45,28,0,73,0,109,51,0,160,0,154,79,0,233,468,0,468,701
03/09/2022,FPR,FL,ASO,ES,Towers with Radar,0,31,35,0,66,0,74,34,0,108,0,105,69,0,174,224,0,224,398
03/10/2022,FPR,FL,ASO,ES,Towers with Radar,0,33,41,0,74,0,78,49,0,127,0,111,90,0,201,405,0,405,606
03/11/2022,FPR,FL,ASO,ES,Towers with Radar,0,36,45,0,81,0,97,50,0,147,0,133,95,0,228,372,0,372,600
03/12/2022,FPR,FL,ASO,ES,Towers with Radar,0,12,28,0,40,0,20,6,0,26,0,32,34,0,66,28,0,28,94
03/13/2022,FPR,FL,ASO,ES,Towers with Radar,0,2,74,0,76,0,3,35,0,38,0,5,109,0,114,30,0,30,144
03/14/2022,FPR,FL,ASO,ES,Towers with Radar,0,35,52,0,87,0,124,69,0,193,0,159,121,0,280,369,0,369,649
03/15/2022,FPR,FL,ASO,ES,Towers with Radar,0,43,29,0,72,0,62,37,0,99,0,105,66,0,171,357,0,357,528
03/16/2022,FPR,FL,ASO,ES,Towers with Radar,0,31,39,0,70,0,36,21,0,57,0,67,60,0,127,148,0,148,275
03/17/2022,FPR,FL,ASO,ES,Towers with Radar,0,46,55,0,101,0,88,54,0,142,0,134,109,0,243,358,0,358,601
03/18/2022,FPR,FL,ASO,ES,Towers with Radar,0,34,51,0,85,0,77,72,0,149,0,111,123,0,234,293,0,293,527
03/19/2022,FPR,FL,ASO,ES,Towers with Radar,0,27,76,0,103,0,53,65,0,118,0,80,141,0,221,238,0,238,459
03/20/2022,FPR,FL,ASO,ES,Towers with Radar,0,11,63,0,74,0,11,68,0,79,0,22,131,0,153,15,0,15,168
03/21/2022,FPR,FL,ASO,ES,Towers with Radar,0,44,39,0,83,0,114,73,0,187,0,158,112,0,270,295,0,295,565
03/22/2022,FPR,FL,ASO,ES,Towers with Radar,0,52,35,0,87,0,86,50,0,136,0,138,85,0,223,175,0,175,398
03/23/2022,FPR,FL,ASO,ES,Towers with Radar,0,50,29,0,79,0,78,45,0,123,0,128,74,0,202,189,0,189,391
03/24/2022,FPR,FL,ASO,ES,Towers with Radar,0,41,23,0,64,0,46,26,0,72,0,87,49,0,136,123,0,123,259
03/25/2022,FPR,FL,ASO,ES,Towers with Radar,0,36,57,0,93,0,112,53,0,165,0,148,110,0,258,451,0,451,709
03/26/2022,FPR,FL,ASO,ES,Towers with Radar,0,15,57,0,72,0,48,116,0,164,0,63,173,0,236,224,0,224,460
03/27/2022,FPR,FL,ASO,ES,Towers with Radar,0,10,61,0,71,0,7,61,1,69,0,17,122,1,140,9,0,9,149
03/28/2022,FPR,FL,ASO,ES,Towers with Radar,0,24,45,0,69,0,95,100,0,195,0,119,145,0,264,339,0,339,603
03/29/2022,FPR,FL,ASO,ES,Towers with Radar,0,48,48,3,99,0,114,84,0,198,0,162,132,3,297,430,0,430,727
03/30/2022,FPR,FL,ASO,ES,Towers with Radar,0,21,40,0,61,0,52,49,0,101,0,73,89,0,162,161,0,161,323
03/31/2022,FPR,FL,ASO,ES,Towers with Radar,0,17,57,0,74,0,50,58,0,108,0,67,115,0,182,157,0,157,339
04/01/2022,FPR,FL,ASO,ES,Towers with Radar,0,8,94,0,102,0,40,24,0,64,0,48,118,0,166,147,0,147,313
04/02/2022,FPR,FL,ASO,ES,Towers with Radar,0,14,48,0,62,0,25,21,0,46,0,39,69,0,108,143,0,143,251
04/03/2022,FPR,FL,ASO,ES,Towers with Radar,0,4,61,0,65,0,3,49,0,52,0,7,110,0,117,46,0,46,163
04/04/2022,FPR,FL,ASO,ES,Towers with Radar,0,42,57,0,99,0,83,78,0,161,0,125,135,0,260,321,0,321,581
04/05/2022,FPR,FL,ASO,ES,Towers with Radar,0,45,28,0,73,0,57,71,0,128,0,102,99,0,201,257,0,257,458
04/06/2022,FPR,FL,ASO,ES,Towers with Radar,0,38,36,0,74,0,81,64,0,145,0,119,100,0,219,204,0,204,423
04/07/2022,FPR,FL,ASO,ES,Towers with Radar,0,5,47,0,52,0,36,23,0,59,0,41,70,0,111,94,0,94,205
04/08/2022,FPR,FL,ASO,ES,Towers with Radar,0,23,54,0,77,0,89,78,0,167,0,112,132,0,244,338,0,338,582
04/09/2022,FPR,FL,ASO,ES,Towers with Radar,0,11,48,0,59,0,30,78,0,108,0,41,126,0,167,203,0,203,370
04/10/2022,FPR,FL,ASO,ES,Towers with Radar,0,8,58,0,66,0,5,68,0,73,0,13,126,0,139,20,0,20,159
04/11/2022,FPR,FL,ASO,ES,Towers with Radar,0,40,43,0,83,0,98,87,0,185,0,138,130,0,268,327,0,327,595
04/12/2022,FPR,FL,ASO,ES,Towers with Radar,0,50,33,0,83,0,81,82,0,163,0,131,115,0,246,281,0,281,527
04/13/2022,FPR,FL,ASO,ES,Towers with Radar,0,54,48,0,102,0,86,78,0,164,0,140,126,0,266,246,0,246,512
04/14/2022,FPR,FL,ASO,ES,Towers with Radar,0,30,49,0,79,0,84,81,0,165,0,114,130,0,244,338,0,338,582
04/15/2022,FPR,FL,ASO,ES,Towers with Radar,0,20,52,0,72,0,47,36,0,83,0,67,88,0,155,132,0,132,287
04/16/2022,FPR,FL,ASO,ES,Towers with Radar,0,22,69,0,91,0,54,71,0,125,0,76,140,0,216,200,0,200,416
04/17/2022,FPR,FL,ASO,ES,Towers with Radar,0,4,31,0,35,0,17,41,0,58,0,21,72,0,93,45,0,45,138
04/18/2022,FPR,FL,ASO,ES,Towers with Radar,0,21,50,0,71,0,85,54,0,139,0,106,104,0,210,251,0,251,461
04/19/2022,FPR,FL,ASO,ES,Towers with Radar,0,9,37,0,46,0,61,44,0,105,0,70,81,0,151,95,0,95,246
04/20/2022,FPR,FL,ASO,ES,Towers with Radar,0,38,41,0,79,0,96,56,0,152,0,134,97,0,231,213,0,213,444
04/21/2022,FPR,FL,ASO,ES,Towers with Radar,0,44,47,0,91,0,36,46,0,82,0,80,93,0,173,147,0,147,320
04/22/2022,FPR,FL,ASO,ES,Towers with Radar,0,30,46,0,76,0,81,66,0,147,0,111,112,0,223,205,0,205,428
04/23/2022,FPR,FL,ASO,ES,Towers with Radar,0,27,55,2,84,0,55,58,0,113,0,82,113,2,197,152,0,152,349
04/24/2022,FPR,FL,ASO,ES,Towers with Radar,0,6,60,0,66,0,3,62,0,65,0,9,122,0,131,30,0,30,161
04/25/2022,FPR,FL,ASO,ES,Towers with Radar,0,53,64,0,117,0,114,63,0,177,0,167,127,0,294,304,0,304,598
04/26/2022,FPR,FL,ASO,ES,Towers with Radar,0,57,45,0,102,0,120,91,0,211,0,177,136,0,313,354,0,354,667
04/27/2022,FPR,FL,ASO,ES,Towers with Radar,0,28,30,0,58,0,78,96,0,174,0,106,126,0,232,314,0,314,546
04/28/2022,FPR,FL,ASO,ES,Towers with Radar,1,34,52,0,87,0,87,78,0,165,1,121,130,0,252,236,0,236,488
04/29/2022,FPR,FL,ASO,ES,Towers with Radar,1,16,46,0,63,0,24,25,0,49,1,40,71,0,112,93,0,93,205
04/30/2022,FPR,FL,ASO,ES,Towers with Radar,2,24,39,0,65,0,43,35,2,80,2,67,74,2,145,235,0,235,380
05/01/2022,FPR,FL,ASO,ES,Towers with Radar,0,12,53,0,65,0,4,28,0,32,0,16,81,0,97,33,0,33,130
05/02/2022,FPR,FL,ASO,ES,Towers with Radar,0,73,38,0,111,0,93,78,0,171,0,166,116,0,282,289,0,289,571
05/03/2022,FPR,FL,ASO,ES,Towers with Radar,0,63,38,0,101,0,110,77,0,187,0,173,115,0,288,395,0,395,683
05/04/2022,FPR,FL,ASO,ES,Towers with Radar,0,49,41,0,90,0,73,64,0,137,0,122,105,0,227,264,0,264,491
05/05/2022,FPR,FL,ASO,ES,Towers with Radar,0,39,29,0,68,0,99,85,0,184,0,138,114,0,252,287,0,287,539
05/06/2022,FPR,FL,ASO,ES,Towers with Radar,0,20,38,0,58,0,60,91,0,151,0,80,129,0,209,256,0,256,465
05/07/2022,FPR,FL,ASO,ES,Towers with Radar,0,6,30,0,36,0,23,24,0,47,0,29,54,0,83,147,0,147,230
05/08/2022,FPR,FL,ASO,ES,Towers with Radar,0,2,45,0,47,0,1,61,0,62,0,3,106,0,109,50,0,50,159
05/09/2022,FPR,FL,ASO,ES,Towers with Radar,0,39,37,0,76,0,86,68,0,154,0,125,105,0,230,231,0,231,461
05/10/2022,FPR,FL,ASO,ES,Towers with Radar,0,22,49,0,71,0,75,66,0,141,0,97,115,0,212,216,0,216,428
05/11/2022,FPR,FL,ASO,ES,Towers with Radar,0,13,21,0,34,0,31,41,0,72,0,44,62,0,106,81,0,81,187
05/12/2022,FPR,FL,ASO,ES,Towers with Radar,0,10,35,0,45,0,79,73,0,152,0,89,108,0,197,210,0,210,407
05/13/2022,FPR,FL,ASO,ES,Towers with Radar,0,25,28,0,53,0,81,61,0,142,0,106,89,0,195,375,0,375,570
05/14/2022,FPR,FL,ASO,ES,Towers with Radar,0,26,40,0,66,0,39,71,0,110,0,65,111,0,176,216,0,216,392
05/15/2022,FPR,FL,ASO,ES,Towers with Radar,0,6,51,0,57,0,5,36,0,41,0,11,87,0,98,33,0,33,131
05/16/2022,FPR,FL,ASO,ES,Towers with Radar,0,29,46,0,75,0,74,50,0,124,0,103,96,0,199,318,0,318,517
05/17/2022,FPR,FL,ASO,ES,Towers with Radar,0,33,29,2,64,0,111,108,0,219,0,144,137,2,283,291,0,291,574
05/18/2022,FPR,FL,ASO,ES,Towers with Radar,0,56,37,0,93,0,86,54,0,140,0,142,91,0,233,209,0,209,442
05/19/2022,FPR,FL,ASO,ES,Towers with Radar,0,33,48,0,81,0,77,88,0,165,0,110,136,0,246,291,0,291,537
05/20/2022,FPR,FL,ASO,ES,Towers with Radar,0,23,45,0,68,0,42,35,0,77,0,65,80,0,145,144,0,144,289
05/21/2022,FPR,FL,ASO,ES,Towers with Radar,0,23,51,0,74,0,31,24,0,55,0,54,75,0,129,158,0,158,287
05/22/2022,FPR,FL,ASO,ES,Towers with Radar,0,6,67,0,73,0,11,60,0,71,0,17,127,0,144,6,0,6,150
05/23/2022,FPR,FL,ASO,ES,Towers with Radar,0,45,44,0,89,0,84,76,0,160,0,129,120,0,249,288,0,288,537
05/24/2022,FPR,FL,ASO,ES,Towers with Radar,0,46,37,0,83,0,103,66,0,169,0,149,103,0,252,195,0,195,447
05/25/2022,FPR,FL,ASO,ES,Towers with Radar,0,44,35,0,79,0,103,78,0,181,0,147,113,0,260,171,0,171,431
05/26/2022,FPR,FL,ASO,ES,Towers with Radar,0,44,48,0,92,0,85,90,0,175,0,129,138,0,267,184,0,184,451
05/27/2022,FPR,FL,ASO,ES,Towers with Radar,0,40,39,0,79,0,111,71,0,182,0,151,110,0,261,294,0,294,555
05/28/2022,FPR,FL,ASO,ES,Towers with Radar,0,11,50,0,61,0,42,50,0,92,0,53,100,0,153,185,0,185,338
05/29/2022,FPR,FL,ASO,ES,Towers with Radar,0,2,29,0,31,0,4,41,0,45,0,6,70,0,76,20,0,20,96
05/30/2022,FPR,FL,ASO,ES,Towers with Radar,0,2,58,0,60,0,17,41,0,58,0,19,99,0,118,38,0,38,156
05/31/2022,FPR,FL,ASO,ES,Towers with Radar,0,37,34,0,71,0,79,62,0,141,0,116,96,0,212,211,0,211,423
06/01/2022,FPR,FL,ASO,ES,Towers with Radar,0,26,45,0,71,0,42,31,0,73,0,68,76,0,144,125,0,125,269
06/02/2022,FPR,FL,ASO,ES,Towers with Radar,0,41,42,0,83,0,86,66,0,152,0,127,108,0,235,222,0,222,457
06/03/2022,FPR,FL,ASO,ES,Towers with Radar,0,31,51,0,82,0,23,32,0,55,0,54,83,0,137,120,0,120,257
06/04/2022,FPR,FL,ASO,ES,Towers with Radar,0,3,0,0,3,0,2,3,0,5,0,5,3,0,8,4,0,4,12
06/05/2022,FPR,FL,ASO,ES,Towers with Radar,0,3,40,0,43,0,6,72,0,78,0,9,112,0,121,52,0,52,173
06/06/2022,FPR,FL,ASO,ES,Towers with Radar,0,27,37,0,64,0,71,53,0,124,0,98,90,0,188,333,0,333,521
06/07/2022,FPR,FL,ASO,ES,Towers with Radar,0,34,34,0,68,0,71,68,0,139,0,105,102,0,207,390,0,390,597
06/08/2022,FPR,FL,ASO,ES,Towers with Radar,0,12,27,0,39,0,83,55,1,139,0,95,82,1,178,208,0,208,386
06/09/2022,FPR,FL,ASO,ES,Towers with Radar,0,16,33,0,49,0,68,41,0,109,0,84,74,0,158,199,0,199,357
06/10/2022,FPR,FL,ASO,ES,Towers with Radar,0,14,34,0,48,0,41,44,0,85,0,55,78,0,133,175,0,175,308
06/11/2022,FPR,FL,ASO,ES,Towers with Radar,0,12,49,0,61,0,44,49,2,95,0,56,98,2,156,223,0,223,379
06/12/2022,FPR,FL,ASO,ES,Towers with Radar,0,6,41,0,47,0,2,47,0,49,0,8,88,0,96,46,0,46,142
06/13/2022,FPR,FL,ASO,ES,Towers with Radar,0,34,38,0,72,0,95,60,0,155,0,129,98,0,227,318,0,318,545
06/14/2022,FPR,FL,ASO,ES,Towers with Radar,0,27,29,0,56,0,82,79,0,161,0,109,108,0,217,274,0,274,491
06/15/2022,FPR,FL,ASO,ES,Towers with Radar,0,40,27,0,67,0,99,63,0,162,0,139,90,0,229,322,0,322,551
06/16/2022,FPR,FL,ASO,ES,Towers with Radar,0,27,31,0,58,0,84,68,0,152,0,111,99,0,210,369,0,369,579
06/17/2022,FPR,FL,ASO,ES,Towers with Radar,0,29,41,0,70,0,97,41,0,138,0,126,82,0,208,313,0,313,521
06/18/2022,FPR,FL,ASO,ES,Towers with Radar,0,6,63,0,69,0,30,53,0,83,0,36,116,0,152,209,0,209,361
06/19/2022,FPR,FL,ASO,ES,Towers with Radar,0,2,39,0,41,0,3,35,0,38,0,5,74,0,79,15,0,15,94
06/20/2022,FPR,FL,ASO,ES,Towers with Radar,0,21,45,0,66,0,79,47,0,126,0,100,92,0,192,274,0,274,466
06/21/2022,FPR,FL,ASO,ES,Towers with Radar,0,30,40,0,70,0,87,50,0,137,0,117,90,0,207,245,0,245,452
06/22/2022,FPR,FL,ASO,ES,Towers with Radar,0,32,41,0,73,0,90,48,1,139,0,122,89,1,212,289,0,289,501
06/23/2022,FPR,FL,ASO,ES,Towers with Radar,0,23,30,0,53,0,67,48,0,115,0,90,78,0,168,317,0,317,485
06/24/2022,FPR,FL,ASO,ES,Towers with Radar,0,23,23,0,46,0,65,43,0,108,0,88,66,0,154,250,0,250,404
06/25/2022,FPR,FL,ASO,ES,Towers with Radar,0,21,50,0,71,0,31,42,0,73,0,52,92,0,144,193,0,193,337
06/26/2022,FPR,FL,ASO,ES,Towers with Radar,0,0,57,1,58,0,2,39,1,42,0,2,96,2,100,0,0,0,100
06/27/2022,FPR,FL,ASO,ES,Towers with Radar,0,37,41,0,78,0,78,42,0,120,0,115,83,0,198,404,0,404,602
06/28/2022,FPR,FL,ASO,ES,Towers with Radar,0,32,38,0,70,0,65,55,0,120,0,97,93,0,190,345,0,345,535
06/29/2022,FPR,FL,ASO,ES,Towers with Radar,0,23,42,0,65,0,45,30,0,75,0,68,72,0,140,227,0,227,367
06/30/2022,FPR,FL,ASO,ES,Towers with Radar,0,35,49,0,84,0,39,47,0,86,0,74,96,0,170,244,0,244,414
07/01/2022,FPR,FL,ASO,ES,Towers with Radar,0,31,66,0,97,0,65,58,0,123,0,96,124,0,220,210,0,210,430
07/02/2022,FPR,FL,ASO,ES,Towers with Radar,0,9,48,0,57,0,50,62,0,112,0,59,110,0,169,204,0,204,373
07/03/2022,FPR,FL,ASO,ES,Towers with Radar,0,4,31,0,35,0,5,35,0,40,0,9,66,0,75,33,0,33,108
07/04/2022,FPR,FL,ASO,ES,Towers with Radar,0,0,42,0,42,0,2,43,0,45,0,2,85,0,87,8,0,8,95
07/05/2022,FPR,FL,ASO,ES,Towers with Radar,0,47,49,0,96,0,95,55,0,150,0,142,104,0,246,176,0,176,422
07/06/2022,FPR,FL,ASO,ES,Towers with Radar,0,42,46,0,88,0,57,47,0,104,0,99,93,0,192,236,0,236,428
07/07/2022,FPR,FL,ASO,ES,Towers with Radar,0,43,25,0,68,0,70,54,0,124,0,113,79,0,192,258,0,258,450
07/08/2022,FPR,FL,ASO,ES,Towers with Radar,0,22,29,0,51,0,82,63,0,145,0,104,92,0,196,274,0,274,470
07/09/2022,FPR,FL,ASO,ES,Towers with Radar,0,23,43,0,66,0,51,38,0,89,0,74,81,0,155,173,0,173,328
07/10/2022,FPR,FL,ASO,ES,Towers with Radar,0,1,48,0,49,0,2,51,0,53,0,3,99,0,102,31,0,31,133
07/11/2022,FPR,FL,ASO,ES,Towers with Radar,0,42,30,0,72,0,89,31,0,120,0,131,61,0,192,177,0,177,369
07/12/2022,FPR,FL,ASO,ES,Towers with Radar,0,37,36,0,73,0,71,41,0,112,0,108,77,0,185,223,0,223,408
07/13/2022,FPR,FL,ASO,ES,Towers with Radar,0,63,49,0,112,0,91,54,0,145,0,154,103,0,257,259,0,259,516
07/14/2022,FPR,FL,ASO,ES,Towers with Radar,0,41,31,0,72,0,88,47,0,135,0,129,78,0,207,206,0,206,413
07/15/2022,FPR,FL,ASO,ES,Towers with Radar,0,53,26,0,79,0,106,55,0,161,0,159,81,0,240,241,0,241,481
07/16/2022,FPR,FL,ASO,ES,Towers with Radar,0,15,37,0,52,0,36,43,0,79,0,51,80,0,131,171,0,171,302
07/17/2022,FPR,FL,ASO,ES,Towers with Radar,0,1,27,0,28,0,2,19,0,21,0,3,46,0,49,0,0,0,49
07/18/2022,FPR,FL,ASO,ES,Towers with Radar,0,36,52,0,88,0,78,43,0,121,0,114,95,0,209,200,0,200,409
07/19/2022,FPR,FL,ASO,ES,Towers with Radar,0,66,25,0,91,0,112,54,0,166,0,178,79,0,257,220,0,220,477
07/20/2022,FPR,FL,ASO,ES,Towers with Radar,0,53,53,0,106,0,93,70,1,164,0,146,123,1,270,230,0,230,500
07/21/2022,FPR,FL,ASO,ES,Towers with Radar,0,49,31,0,80,0,89,48,1,138,0,138,79,1,218,216,0,216,434
07/22/2022,FPR,FL,ASO,ES,Towers with Radar,0,39,41,0,80,0,76,32,0,108,0,115,73,0,188,198,0,198,386
07/23/2022,FPR,FL,ASO,ES,Towers with Radar,0,25,44,0,69,0,58,43,0,101,0,83,87,0,170,160,0,160,330
07/24/2022,FPR,FL,ASO,ES,Towers with Radar,0,6,50,0,56,0,1,52,0,53,0,7,102,0,109,0,0,0,109
07/25/2022,FPR,FL,ASO,ES,Towers with Radar,0,38,35,0,73,0,84,51,0,135,0,122,86,0,208,231,0,231,439
07/26/2022,FPR,FL,ASO,ES,Towers with Radar,0,33,24,0,57,0,57,51,0,108,0,90,75,0,165,159,0,159,324
07/27/2022,FPR,FL,ASO,ES,Towers with Radar,0,52,23,0,75,0,100,53,0,153,0,152,76,0,228,222,0,222,450
07/28/2022,FPR,FL,ASO,ES,Towers with Radar,0,72,29,0,101,0,110,57,0,167,0,182,86,0,268,276,0,276,544
07/29/2022,FPR,FL,ASO,ES,Towers with Radar,0,39,64,0,103,0,114,56,0,170,0,153,120,0,273,235,0,235,508
07/30/2022,FPR,FL,ASO,ES,Towers with Radar,0,21,38,0,59,0,47,51,0,98,0,68,89,0,157,220,0,220,377
07/31/2022,FPR,FL,ASO,ES,Towers with Radar,0,3,47,4,54,0,4,53,0,57,0,7,100,4,111,24,0,24,135
08/01/2022,FPR,FL,ASO,ES,Towers with Radar,0,48,39,0,87,0,70,33,0,103,0,118,72,0,190,223,0,223,413
08/02/2022,FPR,FL,ASO,ES,Towers with Radar,0,39,28,0,67,0,79,51,0,130,0,118,79,0,197,282,0,282,479
08/03/2022,FPR,FL,ASO,ES,Towers with Radar,0,44,29,0,73,0,71,67,0,138,0,115,96,0,211,163,19,182,393
08/04/2022,FPR,FL,ASO,ES,Towers with Radar,0,36,35,0,71,0,61,52,0,113,0,97,87,0,184,182,0,182,366
08/05/2022,FPR,FL,ASO,ES,Towers with Radar,0,61,41,0,102,0,95,41,0,136,0,156,82,0,238,254,0,254,492
08/06/2022,FPR,FL,ASO,ES,Towers with Radar,0,24,51,0,75,0,50,41,0,91,0,74,92,0,166,117,0,117,283
08/07/2022,FPR,FL,ASO,ES,Towers with Radar,0,2,46,0,48,0,3,45,0,48,0,5,91,0,96,12,0,12,108
08/08/2022,FPR,FL,ASO,ES,Towers with Radar,0,35,49,0,84,0,68,33,0,101,0,103,82,0,185,341,0,341,526
08/09/2022,FPR,FL,ASO,ES,Towers with Radar,0,36,27,0,63,0,28,55,0,83,0,64,82,0,146,126,0,126,272
08/10/2022,FPR,FL,ASO,ES,Towers with Radar,0,65,38,1,104,0,68,77,0,145,0,133,115,1,249,206,0,206,455
08/11/2022,FPR,FL,ASO,ES,Towers with Radar,0,49,41,0,90,0,72,77,0,149,0,121,118,0,239,267,0,267,506
08/12/2022,FPR,FL,ASO,ES,Towers with Radar,0,39,32,0,71,0,83,41,0,124,0,122,73,0,195,251,0,251,446
08/13/2022,FPR,FL,ASO,ES,Towers with Radar,0,15,21,0,36,0,37,41,0,78,0,52,62,0,114,112,0,112,226
08/14/2022,FPR,FL,ASO,ES,Towers with Radar,0,0,26,0,26,0,2,50,0,52,0,2,76,0,78,9,0,9,87
08/15/2022,FPR,FL,ASO,ES,Towers with Radar,0,29,14,0,43,0,59,63,0,122,0,88,77,0,165,166,0,166,331
08/16/2022,FPR,FL,ASO,ES,Towers with Radar,0,30,19,0,49,0,53,56,0,109,0,83,75,0,158,161,0,161,319
08/17/2022,FPR,FL,ASO,ES,Towers with Radar,0,28,21,0,49,0,80,50,0,130,0,108,71,0,179,149,0,149,328
08/18/2022,FPR,FL,ASO,ES,Towers with Radar,0,33,21,0,54,0,43,40,0,83,0,76,61,0,137,90,0,90,227
08/19/2022,FPR,FL,ASO,ES,Towers with Radar,0,53,24,0,77,0,80,50,0,130,0,133,74,0,207,184,0,184,391
08/20/2022,FPR,FL,ASO,ES,Towers with Radar,0,24,32,0,56,0,47,33,0,80,0,71,65,0,136,182,0,182,318
08/21/2022,FPR,FL,ASO,ES,Towers with Radar,0,2,27,0,29,0,9,37,0,46,0,11,64,0,75,17,0,17,92
08/22/2022,FPR,FL,ASO,ES,Towers with Radar,0,59,24,0,83,0,95,46,0,141,0,154,70,0,224,172,0,172,396
08/23/2022,FPR,FL,ASO,ES,Towers with Radar,0,70,27,0,97,0,90,49,2,141,0,160,76,2,238,164,0,164,402
08/24/2022,FPR,FL,ASO,ES,Towers with Radar,0,56,26,0,82,0,70,49,0,119,0,126,75,0,201,197,0,197,398
08/25/2022,FPR,FL,ASO,ES,Towers with Radar,0,38,43,0,81,0,60,57,0,117,0,98,100,0,198,170,0,170,368
08/26/2022,FPR,FL,ASO,ES,Towers with Radar,0,49,31,0,80,0,82,31,0,113,0,131,62,0,193,202,0,202,395
08/27/2022,FPR,FL,ASO,ES,Towers with Radar,0,10,22,0,32,0,27,28,0,55,0,37,50,0,87,108,0,108,195
08/28/2022,FPR,FL,ASO,ES,Towers with Radar,0,1,41,0,42,0,2,29,0,31,0,3,70,0,73,47,0,47,120
08/29/2022,FPR,FL,ASO,ES,Towers with Radar,0,41,37,0,78,0,81,44,1,126,0,122,81,1,204,195,0,195,399
08/30/2022,FPR,FL,ASO,ES,Towers with Radar,0,31,33,0,64,0,58,56,0,114,0,89,89,0,178,204,0,204,382
08/31/2022,FPR,FL,ASO,ES,Towers with Radar,0,31,51,6,88,0,78,49,0,127,0,109,100,6,215,283,0,283,498
09/01/2022,FPR,FL,ASO,ES,Towers with Radar,0,26,39,0,65,0,62,49,0,111,0,88,88,0,176,294,0,294,470
09/02/2022,FPR,FL,ASO,ES,Towers with Radar,0,48,49,0,97,0,66,52,0,118,0,114,101,0,215,301,0,301,516
09/03/2022,FPR,FL,ASO,ES,Towers with Radar,0,13,16,0,29,0,35,26,0,61,0,48,42,0,90,160,0,160,250
09/04/2022,FPR,FL,ASO,ES,Towers with Radar,0,1,27,1,29,0,10,27,1,38,0,11,54,2,67,7,0,7,74
09/05/2022,FPR,FL,ASO,ES,Towers with Radar,0,7,45,0,52,0,7,65,0,72,0,14,110,0,124,37,0,37,161
09/06/2022,FPR,FL,ASO,ES,Towers with Radar,0,28,40,0,68,0,79,64,0,143,0,107,104,0,211,318,0,318,529
09/07/2022,FPR,FL,ASO,ES,Towers with Radar,0,48,48,0,96,0,69,37,0,106,0,117,85,0,202,284,0,284,486
09/08/2022,FPR,FL,ASO,ES,Towers with Radar,0,21,29,0,50,0,27,33,0,60,0,48,62,0,110,121,0,121,231
09/09/2022,FPR,FL,ASO,ES,Towers with Radar,0,25,27,0,52,0,65,25,0,90,0,90,52,0,142,225,0,225,367
09/10/2022,FPR,FL,ASO,ES,Towers with Radar,0,31,17,0,48,0,52,29,0,81,0,83,46,0,129,162,0,162,291
09/11/2022,FPR,FL,ASO,ES,Towers with Radar,0,0,29,0,29,0,2,31,0,33,0,2,60,0,62,0,0,0,62
09/12/2022,FPR,FL,ASO,ES,Towers with Radar,0,17,26,0,43,0,89,35,0,124,0,106,61,0,167,363,0,363,530
09/13/2022,FPR,FL,ASO,ES,Towers with Radar,0,18,15,0,33,0,68,50,0,118,0,86,65,0,151,306,0,306,457
09/14/2022,FPR,FL,ASO,ES,Towers with Radar,0,24,24,0,48,0,52,41,0,93,0,76,65,0,141,235,0,235,376
09/15/2022,FPR,FL,ASO,ES,Towers with Radar,0,20,26,0,46,0,33,25,0,58,0,53,51,0,104,156,0,156,260
09/16/2022,FPR,FL,ASO,ES,Towers with Radar,0,47,37,0,84,0,60,46,0,106,0,107,83,0,190,187,0,187,377
09/17/2022,FPR,FL,ASO,ES,Towers with Radar,0,18,18,0,36,0,61,22,0,83,0,79,40,0,119,228,0,228,347
09/18/2022,FPR,FL,ASO,ES,Towers with Radar,0,3,28,0,31,0,4,22,0,26,0,7,50,0,57,21,0,21,78
09/19/2022,FPR,FL,ASO,ES,Towers with Radar,0,34,35,0,69,0,98,44,0,142,0,132,79,0,211,230,0,230,441
09/20/2022,FPR,FL,ASO,ES,Towers with Radar,0,49,18,0,67,0,94,39,0,133,0,143,57,0,200,260,0,260,460
09/21/2022,FPR,FL,ASO,ES,Towers with Radar,0,39,24,0,63,0,65,35,0,100,0,104,59,0,163,167,0,167,330
09/22/2022,FPR,FL,ASO,ES,Towers with Radar,0,26,29,0,55,0,67,47,0,114,0,93,76,0,169,228,0,228,397
09/23/2022,FPR,FL,ASO,ES,Towers with Radar,0,26,28,0,54,0,55,53,0,108,0,81,81,0,162,122,0,122,284
09/24/2022,FPR,FL,ASO,ES,Towers with Radar,0,22,13,0,35,0,35,16,0,51,0,57,29,0,86,101,0,101,187
09/25/2022,FPR,FL,ASO,ES,Towers with Radar,0,3,30,0,33,0,0,30,0,30,0,3,60,0,63,10,0,10,73
09/26/2022,FPR,FL,ASO,ES,Towers with Radar,0,29,21,0,50,0,49,48,0,97,0,78,69,0,147,196,0,196,343
09/27/2022,FPR,FL,ASO,ES,Towers with Radar,0,19,15,0,34,0,9,9,1,19,0,28,24,1,53,11,0,11,64
09/28/2022,FPR,FL,ASO,ES,Towers with Radar,0,0,3,0,3,0,0,0,0,0,0,0,3,0,3,0,0,0,3
09/29/2022,FPR,FL,ASO,ES,Towers with Radar,0,0,0,0,0,0,0,0,0,0,0,0,0,0,0,0,0,0,0
09/30/2022,FPR,FL,ASO,ES,Towers with Radar,0,20,17,0,37,0,98,32,0,130,0,118,49,0,167,216,0,216,383
10/01/2022,FPR,FL,ASO,ES,Towers with Radar,0,18,13,0,31,0,60,48,0,108,0,78,61,0,139,208,0,208,347
10/02/2022,FPR,FL,ASO,ES,Towers with Radar,0,0,19,0,19,0,10,34,0,44,0,10,53,0,63,6,0,6,69
10/03/2022,FPR,FL,ASO,ES,Towers with Radar,0,35,15,0,50,0,117,53,0,170,0,152,68,0,220,282,0,282,502
10/04/2022,FPR,FL,ASO,ES,Towers with Radar,0,24,28,0,52,0,87,47,0,134,0,111,75,0,186,271,0,271,457
10/05/2022,FPR,FL,ASO,ES,Towers with Radar,0,31,40,0,71,0,85,71,0,156,0,116,111,0,227,347,0,347,574
10/06/2022,FPR,FL,ASO,ES,Towers with Radar,0,41,25,0,66,0,134,66,0,200,0,175,91,0,266,265,0,265,531
10/07/2022,FPR,FL,ASO,ES,Towers with Radar,0,31,27,0,58,0,126,65,0,191,0,157,92,0,249,279,0,279,528
10/08/2022,FPR,FL,ASO,ES,Towers with Radar,0,17,20,0,37,0,75,43,0,118,0,92,63,0,155,232,0,232,387
10/09/2022,FPR,FL,ASO,ES,Towers with Radar,0,0,26,0,26,0,0,28,0,28,0,0,54,0,54,4,0,4,58
10/10/2022,FPR,FL,ASO,ES,Towers with Radar,0,34,21,0,55,0,98,52,0,150,0,132,73,0,205,375,0,375,580
10/11/2022,FPR,FL,ASO,ES,Towers with Radar,0,40,32,0,72,0,96,63,0,159,0,136,95,0,231,370,0,370,601
10/12/2022,FPR,FL,ASO,ES,Towers with Radar,0,33,34,0,67,0,118,49,0,167,0,151,83,0,234,357,0,357,591
10/13/2022,FPR,FL,ASO,ES,Towers with Radar,0,29,37,0,66,0,81,47,0,128,0,110,84,0,194,319,0,319,513
10/14/2022,FPR,FL,ASO,ES,Towers with Radar,0,36,48,0,84,0,78,49,0,127,0,114,97,0,211,268,0,268,479
10/15/2022,FPR,FL,ASO,ES,Towers with Radar,0,13,27,0,40,0,19,31,0,50,0,32,58,0,90,74,0,74,164
10/16/2022,FPR,FL,ASO,ES,Towers with Radar,0,2,38,0,40,0,7,61,0,68,0,9,99,0,108,10,0,10,118
10/17/2022,FPR,FL,ASO,ES,Towers with Radar,0,35,37,0,72,0,63,45,0,108,0,98,82,0,180,299,0,299,479
10/18/2022,FPR,FL,ASO,ES,Towers with Radar,0,15,24,0,39,0,62,34,0,96,0,77,58,0,135,203,0,203,338
10/19/2022,FPR,FL,ASO,ES,Towers with Radar,0,21,23,0,44,0,83,62,0,145,0,104,85,0,189,353,0,353,542
10/20/2022,FPR,FL,ASO,ES,Towers with Radar,0,21,47,0,68,0,104,56,0,160,0,125,103,0,228,421,0,421,649
10/21/2022,FPR,FL,ASO,ES,Towers with Radar,0,13,30,0,43,0,61,29,0,90,0,74,59,0,133,95,0,95,228
10/22/2022,FPR,FL,ASO,ES,Towers with Radar,0,19,15,0,34,0,41,81,0,122,0,60,96,0,156,54,0,54,210
10/23/2022,FPR,FL,ASO,ES,Towers with Radar,0,0,36,0,36,0,3,30,0,33,0,3,66,0,69,26,0,26,95
10/24/2022,FPR,FL,ASO,ES,Towers with Radar,0,48,46,0,94,0,89,53,0,142,0,137,99,0,236,403,0,403,639
10/25/2022,FPR,FL,ASO,ES,Towers with Radar,0,42,34,0,76,0,109,61,0,170,0,151,95,0,246,354,0,354,600
10/26/2022,FPR,FL,ASO,ES,Towers with Radar,0,29,18,0,47,0,78,56,0,134,0,107,74,0,181,332,0,332,513
10/27/2022,FPR,FL,ASO,ES,Towers with Radar,0,36,40,0,76,0,94,60,0,154,0,130,100,0,230,338,0,338,568
10/28/2022,FPR,FL,ASO,ES,Towers with Radar,0,59,29,0,88,0,114,64,0,178,0,173,93,0,266,404,0,404,670
10/29/2022,FPR,FL,ASO,ES,Towers with Radar,0,32,19,0,51,0,25,40,0,65,0,57,59,0,116,203,0,203,319
10/30/2022,FPR,FL,ASO,ES,Towers with Radar,0,5,34,0,39,0,7,45,0,52,0,12,79,0,91,47,0,47,138
10/31/2022,FPR,FL,ASO,ES,Towers with Radar,0,43,37,0,80,0,88,55,0,143,0,131,92,0,223,363,0,363,586
11/01/2022,FPR,FL,ASO,ES,Towers with Radar,0,40,43,0,83,0,81,47,0,128,0,121,90,0,211,341,0,341,552
11/02/2022,FPR,FL,ASO,ES,Towers with Radar,0,51,33,0,84,0,71,74,0,145,0,122,107,0,229,375,0,375,604
11/03/2022,FPR,FL,ASO,ES,Towers with Radar,0,26,45,0,71,0,74,113,0,187,0,100,158,0,258,225,0,225,483
11/04/2022,FPR,FL,ASO,ES,Towers with Radar,0,30,40,0,70,0,69,90,0,159,0,99,130,0,229,229,0,229,458
11/05/2022,FPR,FL,ASO,ES,Towers with Radar,0,17,45,0,62,0,30,81,0,111,0,47,126,0,173,178,0,178,351
11/06/2022,FPR,FL,ASO,ES,Towers with Radar,0,2,42,0,44,0,5,72,2,79,0,7,114,2,123,48,0,48,171
11/07/2022,FPR,FL,ASO,ES,Towers with Radar,0,41,44,0,85,0,85,50,0,135,0,126,94,0,220,194,0,194,414
11/08/2022,FPR,FL,ASO,ES,Towers with Radar,0,35,33,0,68,0,31,27,0,58,0,66,60,0,126,9,0,9,135
11/09/2022,FPR,FL,ASO,ES,Towers with Radar,0,0,3,0,3,0,0,0,0,0,0,0,3,0,3,0,0,0,3
11/10/2022,FPR,FL,ASO,ES,Towers with Radar,0,24,8,0,32,0,8,4,0,12,0,32,12,0,44,0,0,0,44
11/11/2022,FPR,FL,ASO,ES,Towers with Radar,0,18,41,0,59,0,76,40,0,116,0,94,81,0,175,267,0,267,442
11/12/2022,FPR,FL,ASO,ES,Towers with Radar,0,16,23,0,39,0,69,51,0,120,0,85,74,0,159,253,0,253,412
11/13/2022,FPR,FL,ASO,ES,Towers with Radar,0,4,37,0,41,0,9,59,0,68,0,13,96,0,109,2,0,2,111
11/14/2022,FPR,FL,ASO,ES,Towers with Radar,0,31,39,0,70,0,82,95,0,177,0,113,134,0,247,458,0,458,705
11/15/2022,FPR,FL,ASO,ES,Towers with Radar,0,49,60,0,109,0,95,80,2,177,0,144,140,2,286,484,0,484,770
11/16/2022,FPR,FL,ASO,ES,Towers with Radar,0,13,36,0,49,0,76,82,0,158,0,89,118,0,207,348,0,348,555
11/17/2022,FPR,FL,ASO,ES,Towers with Radar,0,22,18,0,40,0,67,60,0,127,0,89,78,0,167,149,0,149,316
11/18/2022,FPR,FL,ASO,ES,Towers with Radar,0,13,47,0,60,0,88,83,0,171,0,101,130,0,231,314,0,314,545
11/19/2022,FPR,FL,ASO,ES,Towers with Radar,0,12,88,0,100,0,46,41,0,87,0,58,129,0,187,268,0,268,455
11/20/2022,FPR,FL,ASO,ES,Towers with Radar,0,5,37,0,42,0,0,12,0,12,0,5,49,0,54,0,0,0,54
11/21/2022,FPR,FL,ASO,ES,Towers with Radar,0,41,40,0,81,0,15,6,0,21,0,56,46,0,102,59,0,59,161
11/22/2022,FPR,FL,ASO,ES,Towers with Radar,0,52,73,0,125,0,11,9,0,20,0,63,82,0,145,95,0,95,240
11/23/2022,FPR,FL,ASO,ES,Towers with Radar,0,33,52,0,85,0,3,3,0,6,0,36,55,0,91,10,0,10,101
11/24/2022,FPR,FL,ASO,ES,Towers with Radar,0,2,10,0,12,0,0,19,0,19,0,2,29,0,31,47,0,47,78
11/25/2022,FPR,FL,ASO,ES,Towers with Radar,0,6,33,0,39,0,16,49,0,65,0,22,82,0,104,117,0,117,221
11/26/2022,FPR,FL,ASO,ES,Towers with Radar,0,40,64,0,104,0,78,56,0,134,0,118,120,0,238,293,0,293,531
11/27/2022,FPR,FL,ASO,ES,Towers with Radar,0,5,72,0,77,0,6,42,0,48,0,11,114,0,125,5,0,5,130
11/28/2022,FPR,FL,ASO,ES,Towers with Radar,0,29,35,0,64,0,100,50,0,150,0,129,85,0,214,484,0,484,698
11/29/2022,FPR,FL,ASO,ES,Towers with Radar,0,48,48,0,96,0,113,69,0,182,0,161,117,0,278,443,0,443,721
11/30/2022,FPR,FL,ASO,ES,Towers with Radar,0,37,25,0,62,0,94,57,0,151,0,131,82,0,213,541,0,541,754
12/01/2022,FPR,FL,ASO,ES,Towers with Radar,0,45,42,0,87,0,84,42,0,126,0,129,84,0,213,196,0,196,409
12/02/2022,FPR,FL,ASO,ES,Towers with Radar,0,53,47,0,100,0,105,45,0,150,0,158,92,0,250,446,0,446,696
12/03/2022,FPR,FL,ASO,ES,Towers with Radar,0,40,18,0,58,0,91,44,0,135,0,131,62,0,193,280,0,280,473
12/04/2022,FPR,FL,ASO,ES,Towers with Radar,0,7,42,0,49,0,6,69,0,75,0,13,111,0,124,161,0,161,285
12/05/2022,FPR,FL,ASO,ES,Towers with Radar,0,68,43,0,111,0,117,62,0,179,0,185,105,0,290,476,0,476,766
12/06/2022,FPR,FL,ASO,ES,Towers with Radar,0,45,40,0,85,0,102,81,0,183,0,147,121,0,268,449,0,449,717
12/07/2022,FPR,FL,ASO,ES,Towers with Radar,0,52,31,0,83,0,89,69,0,158,0,141,100,0,241,457,0,457,698
12/08/2022,FPR,FL,ASO,ES,Towers with Radar,0,52,41,0,93,0,101,53,0,154,0,153,94,0,247,378,0,378,625
12/09/2022,FPR,FL,ASO,ES,Towers with Radar,0,33,25,0,58,0,127,67,0,194,0,160,92,0,252,376,0,376,628
12/10/2022,FPR,FL,ASO,ES,Towers with Radar,0,13,19,0,32,0,62,62,0,124,0,75,81,0,156,318,0,318,474
12/11/2022,FPR,FL,ASO,ES,Towers with Radar,0,10,37,0,47,0,1,46,0,47,0,11,83,0,94,8,0,8,102
12/12/2022,FPR,FL,ASO,ES,Towers with Radar,0,25,46,0,71,0,37,31,0,68,0,62,77,0,139,146,0,146,285
12/13/2022,FPR,FL,ASO,ES,Towers with Radar,0,43,35,0,78,0,88,46,0,134,0,131,81,0,212,342,0,342,554
12/14/2022,FPR,FL,ASO,ES,Towers with Radar,0,46,25,2,73,0,59,62,0,121,0,105,87,2,194,275,0,275,469
12/15/2022,FPR,FL,ASO,ES,Towers with Radar,0,24,26,0,50,0,61,35,0,96,0,85,61,0,146,102,0,102,248
12/16/2022,FPR,FL,ASO,ES,Towers with Radar,0,15,35,0,50,0,66,48,0,114,0,81,83,0,164,351,0,351,515
12/17/2022,FPR,FL,ASO,ES,Towers with Radar,0,23,54,0,77,0,55,55,0,110,0,78,109,0,187,280,0,280,467
12/18/2022,FPR,FL,ASO,ES,Towers with Radar,0,0,38,0,38,0,5,28,0,33,0,5,66,0,71,12,0,12,83
12/19/2022,FPR,FL,ASO,ES,Towers with Radar,0,24,44,0,68,0,98,83,0,181,0,122,127,0,249,219,0,219,468
12/20/2022,FPR,FL,ASO,ES,Towers with Radar,0,11,24,0,35,0,41,44,0,85,0,52,68,0,120,195,0,195,315
12/21/2022,FPR,FL,ASO,ES,Towers with Radar,0,12,50,0,62,0,22,26,0,48,0,34,76,0,110,173,0,173,283
12/22/2022,FPR,FL,ASO,ES,Towers with Radar,0,6,40,0,46,0,39,22,0,61,0,45,62,0,107,170,0,170,277
12/23/2022,FPR,FL,ASO,ES,Towers with Radar,0,3,39,0,42,0,13,49,0,62,0,16,88,0,104,94,0,94,198
12/24/2022,FPR,FL,ASO,ES,Towers with Radar,0,0,18,0,18,0,10,18,0,28,0,10,36,0,46,4,0,4,50
12/25/2022,FPR,FL,ASO,ES,Towers with Radar,0,1,2,0,3,0,1,6,0,7,0,2,8,0,10,0,0,0,10
12/26/2022,FPR,FL,ASO,ES,Towers with Radar,0,6,72,0,78,0,13,48,0,61,0,19,120,0,139,28,0,28,167
12/27/2022,FPR,FL,ASO,ES,Towers with Radar,0,7,59,0,66,0,13,28,0,41,0,20,87,0,107,57,0,57,164
12/28/2022,FPR,FL,ASO,ES,Towers with Radar,0,7,48,0,55,0,10,66,0,76,0,17,114,0,131,65,0,65,196
12/29/2022,FPR,FL,ASO,ES,Towers with Radar,0,9,34,0,43,0,16,69,0,85,0,25,103,0,128,104,0,104,232
12/30/2022,FPR,FL,ASO,ES,Towers with Radar,0,16,58,0,74,0,8,72,0,80,0,24,130,0,154,73,0,73,227
12/31/2022,FPR,FL,ASO,ES,Towers with Radar,0,8,49,0,57,0,5,33,0,38,0,13,82,0,95,26,0,26,121
01/01/2023,FPR,FL,ASO,ES,Towers with Radar,0,9,49,0,58,0,1,15,0,16,0,10,64,0,74,2,0,2,76
01/02/2023,FPR,FL,ASO,ES,Towers with Radar,0,9,119,0,128,0,13,86,0,99,0,22,205,0,227,57,0,57,284
01/03/2023,FPR,FL,ASO,ES,Towers with Radar,0,31,82,0,113,0,37,80,0,117,0,68,162,0,230,162,0,162,392
01/04/2023,FPR,FL,ASO,ES,Towers with Radar,0,18,61,0,79,0,45,68,0,113,0,63,129,0,192,177,0,177,369
01/05/2023,FPR,FL,ASO,ES,Towers with Radar,0,16,46,0,62,0,38,41,0,79,0,54,87,0,141,239,0,239,380
01/06/2023,FPR,FL,ASO,ES,Towers with Radar,0,23,44,0,67,0,48,76,0,124,0,71,120,0,191,154,0,154,345
01/07/2023,FPR,FL,ASO,ES,Towers with Radar,0,17,51,0,68,0,34,66,0,100,0,51,117,0,168,119,0,119,287
01/08/2023,FPR,FL,ASO,ES,Towers with Radar,0,8,63,0,71,0,9,53,0,62,0,17,116,0,133,16,0,16,149
01/09/2023,FPR,FL,ASO,ES,Towers with Radar,0,40,23,0,63,0,92,57,0,149,0,132,80,0,212,255,0,255,467
01/10/2023,FPR,FL,ASO,ES,Towers with Radar,0,18,32,0,50,0,55,51,1,107,0,73,83,1,157,301,0,301,458
01/11/2023,FPR,FL,ASO,ES,Towers with Radar,0,46,50,0,96,0,76,60,1,137,0,122,110,1,233,196,0,196,429
01/12/2023,FPR,FL,ASO,ES,Towers with Radar,0,39,63,0,102,0,85,76,0,161,0,124,139,0,263,284,0,284,547
01/13/2023,FPR,FL,ASO,ES,Towers with Radar,0,9,24,0,33,0,22,15,0,37,0,31,39,0,70,67,0,67,137
01/14/2023,FPR,FL,ASO,ES,Towers with Radar,0,6,29,0,35,0,40,19,0,59,0,46,48,0,94,106,0,106,200
01/15/2023,FPR,FL,ASO,ES,Towers with Radar,0,2,25,0,27,0,6,58,0,64,0,8,83,0,91,45,0,45,136
01/16/2023,FPR,FL,ASO,ES,Towers with Radar,0,41,50,0,91,0,106,89,0,195,0,147,139,0,286,336,0,336,622
01/17/2023,FPR,FL,ASO,ES,Towers with Radar,0,29,36,0,65,0,96,70,2,168,0,125,106,2,233,268,0,268,501
01/18/2023,FPR,FL,ASO,ES,Towers with Radar,0,47,47,0,94,0,101,64,0,165,0,148,111,0,259,254,0,254,513
01/19/2023,FPR,FL,ASO,ES,Towers with Radar,0,20,55,0,75,0,75,68,0,143,0,95,123,0,218,246,0,246,464
01/20/2023,FPR,FL,ASO,ES,Towers with Radar,0,32,26,0,58,0,78,59,0,137,0,110,85,0,195,308,0,308,503
01/21/2023,FPR,FL,ASO,ES,Towers with Radar,0,22,49,0,71,0,41,38,0,79,0,63,87,0,150,120,0,120,270
01/22/2023,FPR,FL,ASO,ES,Towers with Radar,0,0,50,0,50,0,25,33,0,58,0,25,83,0,108,26,0,26,134
01/23/2023,FPR,FL,ASO,ES,Towers with Radar,0,22,40,0,62,0,52,21,0,73,0,74,61,0,135,224,0,224,359
01/24/2023,FPR,FL,ASO,ES,Towers with Radar,0,47,34,0,81,0,97,50,0,147,0,144,84,0,228,298,0,298,526
01/25/2023,FPR,FL,ASO,ES,Towers with Radar,0,31,35,0,66,0,69,56,0,125,0,100,91,0,191,187,0,187,378
01/26/2023,FPR,FL,ASO,ES,Towers with Radar,0,26,39,0,65,0,85,54,0,139,0,111,93,0,204,269,0,269,473
01/27/2023,FPR,FL,ASO,ES,Towers with Radar,0,20,49,0,69,0,73,54,0,127,0,93,103,0,196,137,0,137,333
01/28/2023,FPR,FL,ASO,ES,Towers with Radar,0,18,29,0,47,0,43,39,0,82,0,61,68,0,129,173,0,173,302
01/29/2023,FPR,FL,ASO,ES,Towers with Radar,0,8,40,0,48,0,10,45,0,55,0,18,85,0,103,63,0,63,166
01/30/2023,FPR,FL,ASO,ES,Towers with Radar,0,41,51,0,92,0,104,105,0,209,0,145,156,0,301,397,0,397,698
01/31/2023,FPR,FL,ASO,ES,Towers with Radar,0,64,47,0,111,0,105,46,0,151,0,169,93,0,262,278,0,278,540
02/01/2023,FPR,FL,ASO,ES,Towers with Radar,0,46,44,0,90,0,87,111,0,198,0,133,155,0,288,263,0,263,551
02/02/2023,FPR,FL,ASO,ES,Towers with Radar,0,42,31,0,73,0,90,67,0,157,0,132,98,0,230,289,0,289,519
02/03/2023,FPR,FL,ASO,ES,Towers with Radar,0,6,33,0,39,0,17,18,0,35,0,23,51,0,74,88,0,88,162
02/04/2023,FPR,FL,ASO,ES,Towers with Radar,0,23,33,0,56,0,45,10,0,55,0,68,43,0,111,72,0,72,183
02/05/2023,FPR,FL,ASO,ES,Towers with Radar,0,10,37,0,47,0,0,4,0,4,0,10,41,0,51,0,0,0,51
02/06/2023,FPR,FL,ASO,ES,Towers with Radar,0,35,43,0,78,0,102,74,0,176,0,137,117,0,254,221,0,221,475
02/07/2023,FPR,FL,ASO,ES,Towers with Radar,0,57,39,0,96,0,121,50,0,171,0,178,89,0,267,323,0,323,590
02/08/2023,FPR,FL,ASO,ES,Towers with Radar,0,44,42,0,86,0,139,90,0,229,0,183,132,0,315,325,0,325,640
02/09/2023,FPR,FL,ASO,ES,Towers with Radar,0,50,62,0,112,0,90,56,0,146,0,140,118,0,258,171,1,172,430
02/10/2023,FPR,FL,ASO,ES,Towers with Radar,0,39,42,0,81,0,114,50,0,164,0,153,92,0,245,231,0,231,476
02/11/2023,FPR,FL,ASO,ES,Towers with Radar,0,35,31,0,66,0,81,70,0,151,0,116,101,0,217,127,0,127,344
02/12/2023,FPR,FL,ASO,ES,Towers with Radar,0,4,51,0,55,0,3,14,0,17,0,7,65,0,72,6,0,6,78
02/13/2023,FPR,FL,ASO,ES,Towers with Radar,0,19,64,0,83,0,104,86,0,190,0,123,150,0,273,365,0,365,638
02/14/2023,FPR,FL,ASO,ES,Towers with Radar,0,54,29,0,83,0,103,76,0,179,0,157,105,0,262,398,0,398,660
02/15/2023,FPR,FL,ASO,ES,Towers with Radar,0,54,51,0,105,0,108,82,0,190,0,162,133,0,295,304,0,304,599
02/16/2023,FPR,FL,ASO,ES,Towers with Radar,0,41,46,0,87,0,86,81,0,167,0,127,127,0,254,265,0,265,519
02/17/2023,FPR,FL,ASO,ES,Towers with Radar,0,18,42,0,60,0,109,81,0,190,0,127,123,0,250,292,0,292,542
02/18/2023,FPR,FL,ASO,ES,Towers with Radar,0,33,37,0,70,0,36,21,0,57,0,69,58,0,127,75,0,75,202
02/19/2023,FPR,FL,ASO,ES,Towers with Radar,0,5,49,0,54,0,4,68,0,72,0,9,117,0,126,69,0,69,195
02/20/2023,FPR,FL,ASO,ES,Towers with Radar,0,35,65,0,100,0,135,96,0,231,0,170,161,0,331,539,0,539,870
02/21/2023,FPR,FL,ASO,ES,Towers with Radar,0,16,38,0,54,0,107,73,0,180,0,123,111,0,234,302,0,302,536
02/22/2023,FPR,FL,ASO,ES,Towers with Radar,0,44,34,0,78,0,89,66,0,155,0,133,100,0,233,344,0,344,577
02/23/2023,FPR,FL,ASO,ES,Towers with Radar,0,54,41,0,95,0,106,86,0,192,0,160,127,0,287,365,0,365,652
02/24/2023,FPR,FL,ASO,ES,Towers with Radar,0,38,57,0,95,0,91,71,0,162,0,129,128,0,257,365,0,365,622
02/25/2023,FPR,FL,ASO,ES,Towers with Radar,0,24,48,0,72,0,67,87,0,154,0,91,135,0,226,323,0,323,549
02/26/2023,FPR,FL,ASO,ES,Towers with Radar,0,0,62,0,62,0,17,52,0,69,0,17,114,0,131,69,0,69,200
02/27/2023,FPR,FL,ASO,ES,Towers with Radar,0,26,29,1,56,0,100,61,1,162,0,126,90,2,218,288,8,296,514
02/28/2023,FPR,FL,ASO,ES,Towers with Radar,0,21,37,0,58,0,98,66,0,164,0,119,103,0,222,443,0,443,665
03/01/2023,FPR,FL,ASO,ES,Towers with Radar,0,49,47,0,96,0,80,67,0,147,0,129,114,0,243,318,0,318,561
03/02/2023,FPR,FL,ASO,ES,Towers with Radar,0,63,51,0,114,0,103,83,0,186,0,166,134,0,300,352,0,352,652
03/03/2023,FPR,FL,ASO,ES,Towers with Radar,0,37,36,0,73,0,57,47,0,104,0,94,83,0,177,159,0,159,336
03/04/2023,FPR,FL,ASO,ES,Towers with Radar,0,20,61,0,81,0,29,45,0,74,0,49,106,0,155,48,0,48,203
03/05/2023,FPR,FL,ASO,ES,Towers with Radar,0,2,43,0,45,0,6,68,0,74,0,8,111,0,119,145,0,145,264
03/06/2023,FPR,FL,ASO,ES,Towers with Radar,0,36,45,0,81,0,103,54,0,157,0,139,99,0,238,449,0,449,687
03/07/2023,FPR,FL,ASO,ES,Towers with Radar,0,36,37,0,73,0,96,67,0,163,0,132,104,0,236,425,0,425,661
03/08/2023,FPR,FL,ASO,ES,Towers with Radar,0,51,68,0,119,0,101,55,0,156,0,152,123,0,275,251,0,251,526
03/09/2023,FPR,FL,ASO,ES,Towers with Radar,0,63,62,0,125,0,86,80,0,166,0,149,142,0,291,434,0,434,725
03/10/2023,FPR,FL,ASO,ES,Towers with Radar,0,21,64,0,85,0,86,60,0,146,0,107,124,0,231,357,0,357,588
03/11/2023,FPR,FL,ASO,ES,Towers with Radar,0,29,85,0,114,0,46,89,0,135,0,75,174,0,249,270,0,270,519
03/12/2023,FPR,FL,ASO,ES,Towers with Radar,0,8,76,0,84,0,4,56,0,60,0,12,132,0,144,40,0,40,184
03/13/2023,FPR,FL,ASO,ES,Towers with Radar,0,18,48,0,66,0,27,25,0,52,0,45,73,0,118,152,0,152,270
03/14/2023,FPR,FL,ASO,ES,Towers with Radar,0,35,29,0,64,0,98,78,0,176,0,133,107,0,240,427,0,427,667
03/15/2023,FPR,FL,ASO,ES,Towers with Radar,0,30,61,0,91,0,94,70,0,164,0,124,131,0,255,376,0,376,631
03/16/2023,FPR,FL,ASO,ES,Towers with Radar,0,52,60,0,112,0,96,107,0,203,0,148,167,0,315,433,0,433,748
03/17/2023,FPR,FL,ASO,ES,Towers with Radar,0,32,109,0,141,0,62,120,0,182,0,94,229,0,323,168,0,168,491
03/18/2023,FPR,FL,ASO,ES,Towers with Radar,0,16,76,0,92,0,42,95,0,137,0,58,171,0,229,71,0,71,300
03/19/2023,FPR,FL,ASO,ES,Towers with Radar,0,2,77,0,79,0,0,22,0,22,0,2,99,0,101,4,0,4,105
03/20/2023,FPR,FL,ASO,ES,Towers with Radar,0,28,45,0,73,0,58,37,0,95,0,86,82,0,168,171,0,171,339
03/21/2023,FPR,FL,ASO,ES,Towers with Radar,0,30,46,0,76,0,90,65,0,155,0,120,111,0,231,451,0,451,682
03/22/2023,FPR,FL,ASO,ES,Towers with Radar,0,46,71,0,117,0,81,67,0,148,0,127,138,0,265,345,0,345,610
03/23/2023,FPR,FL,ASO,ES,Towers with Radar,0,45,61,0,106,0,79,80,0,159,0,124,141,0,265,394,0,394,659
03/24/2023,FPR,FL,ASO,ES,Towers with Radar,0,49,50,0,99,0,87,53,0,140,0,136,103,0,239,431,0,431,670
03/25/2023,FPR,FL,ASO,ES,Towers with Radar,0,25,67,0,92,0,39,92,0,131,0,64,159,0,223,170,0,170,393
03/26/2023,FPR,FL,ASO,ES,Towers with Radar,0,3,50,0,53,0,11,68,0,79,0,14,118,0,132,47,0,47,179
03/27/2023,FPR,FL,ASO,ES,Towers with Radar,0,36,56,0,92,0,79,80,0,159,0,115,136,0,251,299,0,299,550
03/28/2023,FPR,FL,ASO,ES,Towers with Radar,0,43,41,0,84,0,70,63,0,133,0,113,104,0,217,374,0,374,591
03/29/2023,FPR,FL,ASO,ES,Towers with Radar,0,35,62,1,98,0,57,41,0,98,0,92,103,1,196,252,0,252,448
03/30/2023,FPR,FL,ASO,ES,Towers with Radar,0,54,66,0,120,0,72,64,0,136,0,126,130,0,256,266,0,266,522
03/31/2023,FPR,FL,ASO,ES,Towers with Radar,0,37,53,0,90,0,51,58,0,109,0,88,111,0,199,141,0,141,340
04/01/2023,FPR,FL,ASO,ES,Towers with Radar,0,19,94,0,113,0,39,58,0,97,0,58,152,0,210,97,0,97,307
04/02/2023,FPR,FL,ASO,ES,Towers with Radar,0,4,63,0,67,0,7,58,0,65,0,11,121,0,132,77,0,77,209
04/03/2023,FPR,FL,ASO,ES,Towers with Radar,0,37,48,0,85,0,83,41,3,127,0,120,89,3,212,265,0,265,477
04/04/2023,FPR,FL,ASO,ES,Towers with Radar,0,37,56,1,94,0,79,76,0,155,0,116,132,1,249,341,0,341,590
04/05/2023,FPR,FL,ASO,ES,Towers with Radar,0,51,57,0,108,0,98,73,0,171,0,149,130,0,279,304,0,304,583
04/06/2023,FPR,FL,ASO,ES,Towers with Radar,0,54,75,0,129,0,83,73,0,156,0,137,148,0,285,242,0,242,527
04/07/2023,FPR,FL,ASO,ES,Towers with Radar,0,28,71,0,99,0,70,91,0,161,0,98,162,0,260,179,0,179,439
04/08/2023,FPR,FL,ASO,ES,Towers with Radar,0,28,81,0,109,0,47,88,0,135,0,75,169,0,244,222,0,222,466
04/09/2023,FPR,FL,ASO,ES,Towers with Radar,0,1,46,0,47,0,4,17,0,21,0,5,63,0,68,0,0,0,68
04/10/2023,FPR,FL,ASO,ES,Towers with Radar,0,23,74,0,97,0,28,20,0,48,0,51,94,0,145,41,0,41,186
04/11/2023,FPR,FL,ASO,ES,Towers with Radar,0,27,27,0,54,0,20,21,0,41,0,47,48,0,95,28,0,28,123
04/12/2023,FPR,FL,ASO,ES,Towers with Radar,0,9,30,1,40,0,5,8,2,15,0,14,38,3,55,1,0,1,56
04/13/2023,FPR,FL,ASO,ES,Towers with Radar,0,37,50,0,87,0,52,24,0,76,0,89,74,0,163,267,0,267,430
04/14/2023,FPR,FL,ASO,ES,Towers with Radar,0,43,65,0,108,0,113,66,0,179,0,156,131,0,287,348,0,348,635
04/15/2023,FPR,FL,ASO,ES,Towers with Radar,0,37,66,0,103,0,74,76,0,150,0,111,142,0,253,316,0,316,569
04/16/2023,FPR,FL,ASO,ES,Towers with Radar,0,5,69,0,74,0,0,50,0,50,0,5,119,0,124,16,0,16,140
04/17/2023,FPR,FL,ASO,ES,Towers with Radar,0,17,37,0,54,0,17,15,0,32,0,34,52,0,86,105,0,105,191
04/18/2023,FPR,FL,ASO,ES,Towers with Radar,0,46,40,0,86,0,111,94,0,205,0,157,134,0,291,351,0,351,642
04/19/2023,FPR,FL,ASO,ES,Towers with Radar,0,50,60,0,110,0,81,75,0,156,0,131,135,0,266,316,0,316,582
04/20/2023,FPR,FL,ASO,ES,Towers with Radar,0,43,40,0,83,0,87,48,0,135,0,130,88,0,218,373,0,373,591
04/21/2023,FPR,FL,ASO,ES,Towers with Radar,0,40,55,0,95,0,97,88,0,185,0,137,143,0,280,304,0,304,584
04/22/2023,FPR,FL,ASO,ES,Towers with Radar,0,33,45,0,78,0,64,87,0,151,0,97,132,0,229,268,0,268,497
04/23/2023,FPR,FL,ASO,ES,Towers with Radar,0,6,63,0,69,0,5,54,0,59,0,11,117,0,128,40,0,40,168
04/24/2023,FPR,FL,ASO,ES,Towers with Radar,0,16,66,0,82,0,39,38,0,77,0,55,104,0,159,221,0,221,380
04/25/2023,FPR,FL,ASO,ES,Towers with Radar,0,27,36,0,63,0,83,54,0,137,0,110,90,0,200,272,0,272,472
04/26/2023,FPR,FL,ASO,ES,Towers with Radar,0,30,49,0,79,0,60,62,0,122,0,90,111,0,201,365,0,365,566
04/27/2023,FPR,FL,ASO,ES,Towers with Radar,0,40,49,0,89,0,60,59,0,119,0,100,108,0,208,266,0,266,474
04/28/2023,FPR,FL,ASO,ES,Towers with Radar,0,32,44,0,76,0,65,62,2,129,0,97,106,2,205,258,0,258,463
04/29/2023,FPR,FL,ASO,ES,Towers with Radar,0,23,60,0,83,0,55,52,0,107,0,78,112,0,190,176,0,176,366
04/30/2023,FPR,FL,ASO,ES,Towers with Radar,0,4,55,0,59,0,3,24,0,27,0,7,79,0,86,0,0,0,86
05/01/2023,FPR,FL,ASO,ES,Towers with Radar,0,15,61,0,76,0,77,106,0,183,0,92,167,0,259,411,0,411,670
05/02/2023,FPR,FL,ASO,ES,Towers with Radar,0,20,30,2,52,0,68,58,0,126,0,88,88,2,178,358,0,358,536
05/03/2023,FPR,FL,ASO,ES,Towers with Radar,0,24,42,0,66,0,83,79,0,162,0,107,121,0,228,393,23,416,644
05/04/2023,FPR,FL,ASO,ES,Towers with Radar,0,40,63,0,103,0,104,85,0,189,0,144,148,0,292,406,0,406,698
05/05/2023,FPR,FL,ASO,ES,Towers with Radar,0,42,53,0,95,0,104,83,0,187,0,146,136,0,282,289,0,289,571
05/06/2023,FPR,FL,ASO,ES,Towers with Radar,0,31,60,0,91,0,43,39,0,82,0,74,99,0,173,140,0,140,313
05/07/2023,FPR,FL,ASO,ES,Towers with Radar,0,3,56,0,59,0,5,56,0,61,0,8,112,0,120,16,0,16,136
05/08/2023,FPR,FL,ASO,ES,Towers with Radar,0,44,48,0,92,0,105,86,0,191,0,149,134,0,283,283,0,283,566
05/09/2023,FPR,FL,ASO,ES,Towers with Radar,0,50,69,0,119,0,80,80,0,160,0,130,149,0,279,379,0,379,658
05/10/2023,FPR,FL,ASO,ES,Towers with Radar,0,35,51,0,86,0,74,63,0,137,0,109,114,0,223,334,0,334,557
05/11/2023,FPR,FL,ASO,ES,Towers with Radar,1,50,53,0,104,0,54,75,0,129,1,104,128,0,233,284,0,284,517
05/12/2023,FPR,FL,ASO,ES,Towers with Radar,0,47,55,0,102,0,69,89,0,158,0,116,144,0,260,291,0,291,551
05/13/2023,FPR,FL,ASO,ES,Towers with Radar,0,32,56,0,88,0,60,75,0,135,0,92,131,0,223,160,0,160,383
05/14/2023,FPR,FL,ASO,ES,Towers with Radar,0,11,46,0,57,0,8,70,0,78,0,19,116,0,135,41,0,41,176
05/15/2023,FPR,FL,ASO,ES,Towers with Radar,0,47,64,0,111,0,82,90,0,172,0,129,154,0,283,221,0,221,504
05/16/2023,FPR,FL,ASO,ES,Towers with Radar,0,45,48,0,93,0,96,91,0,187,0,141,139,0,280,281,0,281,561
05/17/2023,FPR,FL,ASO,ES,Towers with Radar,0,26,45,0,71,0,69,54,2,125,0,95,99,2,196,317,0,317,513
05/18/2023,FPR,FL,ASO,ES,Towers with Radar,0,44,38,0,82,0,79,72,0,151,0,123,110,0,233,313,0,313,546
05/19/2023,FPR,FL,ASO,ES,Towers with Radar,0,59,60,0,119,0,86,90,0,176,0,145,150,0,295,304,0,304,599
05/20/2023,FPR,FL,ASO,ES,Towers with Radar,0,19,54,0,73,0,35,58,1,94,0,54,112,1,167,149,0,149,316
05/21/2023,FPR,FL,ASO,ES,Towers with Radar,0,2,52,0,54,0,8,72,0,80,0,10,124,0,134,57,0,57,191
05/22/2023,FPR,FL,ASO,ES,Towers with Radar,0,50,54,0,104,0,64,56,0,120,0,114,110,0,224,233,0,233,457
05/23/2023,FPR,FL,ASO,ES,Towers with Radar,0,51,53,0,104,0,51,24,0,75,0,102,77,0,179,142,0,142,321
05/24/2023,FPR,FL,ASO,ES,Towers with Radar,0,7,36,0,43,0,29,29,0,58,0,36,65,0,101,122,0,122,223
05/25/2023,FPR,FL,ASO,ES,Towers with Radar,0,59,72,0,131,0,52,55,0,107,0,111,127,0,238,205,0,205,443
05/26/2023,FPR,FL,ASO,ES,Towers with Radar,0,9,62,0,71,0,32,50,2,84,0,41,112,2,155,135,0,135,290
05/27/2023,FPR,FL,ASO,ES,Towers with Radar,0,22,54,0,76,0,76,72,1,149,0,98,126,1,225,276,0,276,501
05/28/2023,FPR,FL,ASO,ES,Towers with Radar,0,0,20,0,20,0,14,52,0,66,0,14,72,0,86,20,0,20,106
05/29/2023,FPR,FL,ASO,ES,Towers with Radar,0,12,75,0,87,0,11,45,0,56,0,23,120,0,143,34,0,34,177
05/30/2023,FPR,FL,ASO,ES,Towers with Radar,0,44,83,0,127,0,83,70,0,153,0,127,153,0,280,348,0,348,628
05/31/2023,FPR,FL,ASO,ES,Towers with Radar,0,42,49,0,91,0,27,14,0,41,0,69,63,0,132,51,0,51,183
06/01/2023,FPR,FL,ASO,ES,Towers with Radar,0,29,60,0,89,0,45,39,0,84,0,74,99,0,173,282,0,282,455
06/02/2023,FPR,FL,ASO,ES,Towers with Radar,0,67,65,0,132,0,86,56,0,142,0,153,121,0,274,301,0,301,575
06/03/2023,FPR,FL,ASO,ES,Towers with Radar,0,43,53,0,96,0,53,56,0,109,0,96,109,0,205,147,0,147,352
06/04/2023,FPR,FL,ASO,ES,Towers with Radar,0,2,51,0,53,0,6,34,0,40,0,8,85,0,93,32,0,32,125
06/05/2023,FPR,FL,ASO,ES,Towers with Radar,0,47,67,0,114,0,57,70,2,129,0,104,137,2,243,198,0,198,441
06/06/2023,FPR,FL,ASO,ES,Towers with Radar,0,31,59,0,90,0,71,114,0,185,0,102,173,0,275,372,0,372,647
06/07/2023,FPR,FL,ASO,ES,Towers with Radar,0,41,57,0,98,0,61,98,0,159,0,102,155,0,257,278,0,278,535
06/08/2023,FPR,FL,ASO,ES,Towers with Radar,0,14,24,0,38,0,48,60,0,108,0,62,84,0,146,295,0,295,441
06/09/2023,FPR,FL,ASO,ES,Towers with Radar,0,26,30,0,56,0,88,67,0,155,0,114,97,0,211,309,0,309,520
06/10/2023,FPR,FL,ASO,ES,Towers with Radar,0,23,70,0,93,0,66,113,0,179,0,89,183,0,272,218,0,218,490
06/11/2023,FPR,FL,ASO,ES,Towers with Radar,0,3,51,0,54,0,5,62,0,67,0,8,113,0,121,86,0,86,207
06/12/2023,FPR,FL,ASO,ES,Towers with Radar,0,12,33,0,45,0,64,93,0,157,0,76,126,0,202,363,0,363,565
06/13/2023,FPR,FL,ASO,ES,Towers with Radar,0,27,37,0,64,0,85,76,0,161,0,112,113,0,225,302,0,302,527
06/14/2023,FPR,FL,ASO,ES,Towers with Radar,0,21,29,0,50,0,99,85,0,184,0,120,114,0,234,392,0,392,626
06/15/2023,FPR,FL,ASO,ES,Towers with Radar,0,20,43,0,63,0,83,67,0,150,0,103,110,0,213,457,0,457,670
06/16/2023,FPR,FL,ASO,ES,Towers with Radar,0,9,39,0,48,0,51,72,0,123,0,60,111,0,171,342,0,342,513
06/17/2023,FPR,FL,ASO,ES,Towers with Radar,0,9,50,0,59,0,39,62,0,101,0,48,112,0,160,165,0,165,325
06/18/2023,FPR,FL,ASO,ES,Towers with Radar,0,4,47,0,51,0,6,50,0,56,0,10,97,0,107,28,0,28,135
06/19/2023,FPR,FL,ASO,ES,Towers with Radar,0,25,30,0,55,0,82,80,0,162,0,107,110,0,217,368,0,368,585
06/20/2023,FPR,FL,ASO,ES,Towers with Radar,0,14,42,0,56,0,68,51,0,119,0,82,93,0,175,239,0,239,414
06/21/2023,FPR,FL,ASO,ES,Towers with Radar,0,38,45,2,85,0,75,60,0,135,0,113,105,2,220,357,0,357,577
06/22/2023,FPR,FL,ASO,ES,Towers with Radar,0,45,31,0,76,0,85,67,0,152,0,130,98,0,228,286,0,286,514
06/23/2023,FPR,FL,ASO,ES,Towers with Radar,0,66,68,0,134,0,97,48,0,145,0,163,116,0,279,397,0,397,676
06/24/2023,FPR,FL,ASO,ES,Towers with Radar,0,30,83,0,113,0,41,67,0,108,0,71,150,0,221,197,0,197,418
06/25/2023,FPR,FL,ASO,ES,Towers with Radar,0,6,54,0,60,0,7,36,0,43,0,13,90,0,103,12,0,12,115
06/26/2023,FPR,FL,ASO,ES,Towers with Radar,0,54,37,0,91,0,94,68,0,162,0,148,105,0,253,332,0,332,585
06/27/2023,FPR,FL,ASO,ES,Towers with Radar,0,29,37,0,66,0,81,68,0,149,0,110,105,0,215,402,0,402,617
06/28/2023,FPR,FL,ASO,ES,Towers with Radar,0,18,33,0,51,0,45,56,0,101,0,63,89,0,152,265,0,265,417
06/29/2023,FPR,FL,ASO,ES,Towers with Radar,0,61,70,0,131,0,77,59,0,136,0,138,129,0,267,416,0,416,683
06/30/2023,FPR,FL,ASO,ES,Towers with Radar,0,44,71,0,115,0,72,82,0,154,0,116,153,0,269,186,0,186,455
07/01/2023,FPR,FL,ASO,ES,Towers with Radar,0,35,55,0,90,0,53,77,0,130,0,88,132,0,220,225,0,225,445
07/02/2023,FPR,FL,ASO,ES,Towers with Radar,0,1,39,0,40,0,1,51,0,52,0,2,90,0,92,22,0,22,114
07/03/2023,FPR,FL,ASO,ES,Towers with Radar,0,56,52,0,108,0,105,51,0,156,0,161,103,0,264,451,0,451,715
07/04/2023,FPR,FL,ASO,ES,Towers with Radar,0,4,25,0,29,0,0,60,0,60,0,4,85,0,89,68,0,68,157
07/05/2023,FPR,FL,ASO,ES,Towers with Radar,0,33,61,0,94,0,81,75,0,156,0,114,136,0,250,324,0,324,574
07/06/2023,FPR,FL,ASO,ES,Towers with Radar,0,14,57,0,71,0,53,47,0,100,0,67,104,0,171,294,0,294,465
07/07/2023,FPR,FL,ASO,ES,Towers with Radar,0,16,34,0,50,0,54,56,2,112,0,70,90,2,162,315,0,315,477
07/08/2023,FPR,FL,ASO,ES,Towers with Radar,0,16,77,0,93,0,27,35,1,63,0,43,112,1,156,221,0,221,377
07/09/2023,FPR,FL,ASO,ES,Towers with Radar,0,1,60,0,61,0,5,63,1,69,0,6,123,1,130,19,0,19,149
07/10/2023,FPR,FL,ASO,ES,Towers with Radar,0,18,41,0,59,0,69,62,0,131,0,87,103,0,190,407,0,407,597
07/11/2023,FPR,FL,ASO,ES,Towers with Radar,0,36,30,0,66,0,65,76,0,141,0,101,106,0,207,240,0,240,447
07/12/2023,FPR,FL,ASO,ES,Towers with Radar,0,55,66,0,121,0,74,93,0,167,0,129,159,0,288,362,0,362,650
07/13/2023,FPR,FL,ASO,ES,Towers with Radar,0,40,41,0,81,0,68,33,0,101,0,108,74,0,182,305,0,305,487
07/14/2023,FPR,FL,ASO,ES,Towers with Radar,0,23,58,0,81,0,71,91,0,162,0,94,149,0,243,398,0,398,641
07/15/2023,FPR,FL,ASO,ES,Towers with Radar,0,15,40,0,55,0,40,53,0,93,0,55,93,0,148,195,0,195,343
07/16/2023,FPR,FL,ASO,ES,Towers with Radar,0,0,48,0,48,0,4,47,0,51,0,4,95,0,99,17,0,17,116
07/17/2023,FPR,FL,ASO,ES,Towers with Radar,0,16,42,0,58,0,51,40,0,91,0,67,82,0,149,231,0,231,380
07/18/2023,FPR,FL,ASO,ES,Towers with Radar,0,25,38,0,63,0,45,56,0,101,0,70,94,0,164,276,0,276,440
07/19/2023,FPR,FL,ASO,ES,Towers with Radar,0,43,38,0,81,0,79,66,0,145,0,122,104,0,226,369,0,369,595
07/20/2023,FPR,FL,ASO,ES,Towers with Radar,0,45,76,0,121,0,75,78,0,153,0,120,154,0,274,245,57,302,576
07/21/2023,FPR,FL,ASO,ES,Towers with Radar,0,26,36,0,62,0,67,90,0,157,0,93,126,0,219,317,0,317,536
07/22/2023,FPR,FL,ASO,ES,Towers with Radar,0,16,33,0,49,0,36,58,0,94,0,52,91,0,143,179,0,179,322
07/23/2023,FPR,FL,ASO,ES,Towers with Radar,0,4,34,0,38,0,6,72,0,78,0,10,106,0,116,122,0,122,238
07/24/2023,FPR,FL,ASO,ES,Towers with Radar,1,36,65,0,102,0,90,95,0,185,1,126,160,0,287,386,0,386,673
07/25/2023,FPR,FL,ASO,ES,Towers with Radar,0,50,42,0,92,0,84,79,0,163,0,134,121,0,255,342,0,342,597
07/26/2023,FPR,FL,ASO,ES,Towers with Radar,0,53,51,0,104,0,98,75,0,173,0,151,126,0,277,386,0,386,663
07/27/2023,FPR,FL,ASO,ES,Towers with Radar,0,24,45,0,69,0,55,35,0,90,0,79,80,0,159,238,0,238,397
07/28/2023,FPR,FL,ASO,ES,Towers with Radar,0,38,33,0,71,0,48,28,0,76,0,86,61,0,147,105,0,105,252
07/29/2023,FPR,FL,ASO,ES,Towers with Radar,0,30,57,0,87,0,68,73,0,141,0,98,130,0,228,245,0,245,473
07/30/2023,FPR,FL,ASO,ES,Towers with Radar,0,1,27,0,28,0,9,65,0,74,0,10,92,0,102,42,0,42,144
07/31/2023,FPR,FL,ASO,ES,Towers with Radar,0,13,22,0,35,0,55,64,0,119,0,68,86,0,154,231,0,231,385
08/01/2023,FPR,FL,ASO,ES,Towers with Radar,0,33,34,0,67,0,90,90,0,180,0,123,124,0,247,269,0,269,516
08/02/2023,FPR,FL,ASO,ES,Towers with Radar,0,55,61,0,116,0,121,98,0,219,0,176,159,0,335,419,0,419,754
08/03/2023,FPR,FL,ASO,ES,Towers with Radar,0,79,49,0,128,0,115,93,0,208,0,194,142,0,336,394,0,394,730
08/04/2023,FPR,FL,ASO,ES,Towers with Radar,0,53,52,2,107,0,91,47,0,138,0,144,99,2,245,283,0,283,528
08/05/2023,FPR,FL,ASO,ES,Towers with Radar,0,24,50,0,74,1,62,62,0,125,1,86,112,0,199,240,0,240,439
08/06/2023,FPR,FL,ASO,ES,Towers with Radar,0,1,30,0,31,0,2,66,0,68,0,3,96,0,99,46,0,46,145
08/07/2023,FPR,FL,ASO,ES,Towers with Radar,0,38,26,0,64,0,97,64,2,163,0,135,90,2,227,334,0,334,561
08/08/2023,FPR,FL,ASO,ES,Towers with Radar,0,33,43,0,76,0,94,56,0,150,0,127,99,0,226,304,0,304,530
08/09/2023,FPR,FL,ASO,ES,Towers with Radar,0,40,34,0,74,0,91,74,0,165,0,131,108,0,239,268,0,268,507
08/10/2023,FPR,FL,ASO,ES,Towers with Radar,0,29,27,0,56,0,46,51,0,97,0,75,78,0,153,232,0,232,385
08/11/2023,FPR,FL,ASO,ES,Towers with Radar,0,40,58,0,98,0,107,57,0,164,0,147,115,0,262,219,0,219,481
08/12/2023,FPR,FL,ASO,ES,Towers with Radar,0,21,32,0,53,0,49,62,0,111,0,70,94,0,164,185,0,185,349
08/13/2023,FPR,FL,ASO,ES,Towers with Radar,0,0,35,0,35,0,4,46,1,51,0,4,81,1,86,52,0,52,138
08/14/2023,FPR,FL,ASO,ES,Towers with Radar,0,23,45,0,68,0,52,46,0,98,0,75,91,0,166,207,0,207,373
08/15/2023,FPR,FL,ASO,ES,Towers with Radar,0,12,44,0,56,0,8,57,0,65,0,20,101,0,121,145,0,145,266
08/16/2023,FPR,FL,ASO,ES,Towers with Radar,0,50,37,0,87,0,79,62,0,141,0,129,99,0,228,284,0,284,512
08/17/2023,FPR,FL,ASO,ES,Towers with Radar,0,10,30,0,40,0,35,78,0,113,0,45,108,0,153,193,0,193,346
08/18/2023,FPR,FL,ASO,ES,Towers with Radar,0,5,54,0,59,0,13,72,0,85,0,18,126,0,144,202,0,202,346
08/19/2023,FPR,FL,ASO,ES,Towers with Radar,0,17,29,0,46,0,15,52,0,67,0,32,81,0,113,80,0,80,193
08/20/2023,FPR,FL,ASO,ES,Towers with Radar,0,3,29,0,32,0,5,30,0,35,0,8,59,0,67,26,0,26,93
08/21/2023,FPR,FL,ASO,ES,Towers with Radar,0,41,51,0,92,0,53,42,0,95,0,94,93,0,187,121,0,121,308
08/22/2023,FPR,FL,ASO,ES,Towers with Radar,0,54,46,0,100,0,67,79,0,146,0,121,125,0,246,228,0,228,474
08/23/2023,FPR,FL,ASO,ES,Towers with Radar,0,36,58,0,94,0,59,72,0,131,0,95,130,0,225,301,0,301,526
08/24/2023,FPR,FL,ASO,ES,Towers with Radar,0,65,52,0,117,0,61,63,0,124,0,126,115,0,241,171,0,171,412
08/25/2023,FPR,FL,ASO,ES,Towers with Radar,0,55,54,2,111,0,57,67,0,124,0,112,121,2,235,321,0,321,556
08/26/2023,FPR,FL,ASO,ES,Towers with Radar,0,34,37,0,71,0,53,58,0,111,0,87,95,0,182,202,0,202,384
08/27/2023,FPR,FL,ASO,ES,Towers with Radar,0,7,20,0,27,0,1,63,0,64,0,8,83,0,91,36,0,36,127
08/28/2023,FPR,FL,ASO,ES,Towers with Radar,0,23,29,0,52,0,34,54,0,88,0,57,83,0,140,183,0,183,323
08/29/2023,FPR,FL,ASO,ES,Towers with Radar,0,21,33,0,54,0,59,42,0,101,0,80,75,0,155,188,0,188,343
08/30/2023,FPR,FL,ASO,ES,Towers with Radar,0,0,2,0,2,0,2,5,0,7,0,2,7,0,9,0,0,0,9
08/31/2023,FPR,FL,ASO,ES,Towers with Radar,0,21,41,1,63,0,49,46,5,100,0,70,87,6,163,164,0,164,327
01/01/2020,FPR,FL,ASO,ES,Towers with Radar,0,0,37,0,37,0,5,81,0,86,0,5,118,0,123,66,0,66,189
01/02/2020,FPR,FL,ASO,ES,Towers with Radar,0,22,63,0,85,0,4,113,0,117,0,26,176,0,202,227,0,227,429
01/03/2020,FPR,FL,ASO,ES,Towers with Radar,0,32,59,0,91,0,14,121,1,136,0,46,180,1,227,233,0,233,460
01/04/2020,FPR,FL,ASO,ES,Towers with Radar,0,14,58,0,72,0,4,32,0,36,0,18,90,0,108,50,0,50,158
01/05/2020,FPR,FL,ASO,ES,Towers with Radar,0,4,53,0,57,0,4,94,0,98,0,8,147,0,155,170,0,170,325
01/06/2020,FPR,FL,ASO,ES,Towers with Radar,0,16,46,0,62,0,16,146,0,162,0,32,192,0,224,308,0,308,532
01/07/2020,FPR,FL,ASO,ES,Towers with Radar,0,22,58,0,80,0,10,149,0,159,0,32,207,0,239,368,0,368,607
01/08/2020,FPR,FL,ASO,ES,Towers with Radar,0,17,56,0,73,0,9,122,0,131,0,26,178,0,204,216,0,216,420
01/09/2020,FPR,FL,ASO,ES,Towers with Radar,0,41,58,0,99,0,8,107,0,115,0,49,165,0,214,176,0,176,390
01/10/2020,FPR,FL,ASO,ES,Towers with Radar,0,32,51,0,83,0,3,101,0,104,0,35,152,0,187,122,0,122,309
01/11/2020,FPR,FL,ASO,ES,Towers with Radar,0,27,48,0,75,0,4,42,0,46,0,31,90,0,121,43,0,43,164
01/12/2020,FPR,FL,ASO,ES,Towers with Radar,0,4,41,0,45,0,1,87,0,88,0,5,128,0,133,238,0,238,371
01/13/2020,FPR,FL,ASO,ES,Towers with Radar,0,36,54,0,90,0,17,181,0,198,0,53,235,0,288,412,0,412,700
01/14/2020,FPR,FL,ASO,ES,Towers with Radar,0,30,46,0,76,0,10,105,0,115,0,40,151,0,191,347,0,347,538
01/15/2020,FPR,FL,ASO,ES,Towers with Radar,0,31,66,0,97,0,14,151,2,167,0,45,217,2,264,537,0,537,801
01/16/2020,FPR,FL,ASO,ES,Towers with Radar,0,28,78,0,106,0,15,202,1,218,0,43,280,1,324,546,0,546,870
01/17/2020,FPR,FL,ASO,ES,Towers with Radar,0,33,49,0,82,0,10,131,0,141,0,43,180,0,223,201,0,201,424
01/18/2020,FPR,FL,ASO,ES,Towers with Radar,0,22,65,0,87,0,10,126,0,136,0,32,191,0,223,288,0,288,511
01/19/2020,FPR,FL,ASO,ES,Towers with Radar,0,3,48,0,51,0,11,150,0,161,0,14,198,0,212,411,0,411,623
01/20/2020,FPR,FL,ASO,ES,Towers with Radar,0,21,55,0,76,0,16,157,0,173,0,37,212,0,249,291,0,291,540
01/21/2020,FPR,FL,ASO,ES,Towers with Radar,0,8,36,0,44,0,24,147,0,171,0,32,183,0,215,281,0,281,496
01/22/2020,FPR,FL,ASO,ES,Towers with Radar,0,33,40,1,74,0,3,46,1,50,0,36,86,2,124,63,0,63,187
01/23/2020,FPR,FL,ASO,ES,Towers with Radar,0,41,84,0,125,0,12,78,0,90,0,53,162,0,215,304,0,304,519
01/24/2020,FPR,FL,ASO,ES,Towers with Radar,0,23,67,0,90,0,11,96,0,107,0,34,163,0,197,303,0,303,500
01/25/2020,FPR,FL,ASO,ES,Towers with Radar,0,11,49,0,60,0,6,159,0,165,0,17,208,0,225,412,0,412,637
01/26/2020,FPR,FL,ASO,ES,Towers with Radar,0,2,55,0,57,0,7,148,0,155,0,9,203,0,212,443,0,443,655
01/27/2020,FPR,FL,ASO,ES,Towers with Radar,0,39,57,0,96,0,17,168,0,185,0,56,225,0,281,491,0,491,772
01/28/2020,FPR,FL,ASO,ES,Towers with Radar,0,17,49,0,66,0,12,197,0,209,0,29,246,0,275,259,0,259,534
01/29/2020,FPR,FL,ASO,ES,Towers with Radar,0,30,59,1,90,0,16,203,1,220,0,46,262,2,310,425,0,425,735
01/30/2020,FPR,FL,ASO,ES,Towers with Radar,0,30,58,0,88,0,10,113,0,123,0,40,171,0,211,119,0,119,330
01/31/2020,FPR,FL,ASO,ES,Towers with Radar,0,47,69,3,119,0,11,218,1,230,0,58,287,4,349,477,0,477,826
02/01/2020,FPR,FL,ASO,ES,Towers with Radar,0,20,29,0,49,0,0,12,0,12,0,20,41,0,61,27,0,27,88
02/02/2020,FPR,FL,ASO,ES,Towers with Radar,0,3,49,0,52,0,5,158,0,163,0,8,207,0,215,432,0,432,647
02/03/2020,FPR,FL,ASO,ES,Towers with Radar,0,33,68,1,102,0,20,199,0,219,0,53,267,1,321,532,0,532,853
02/04/2020,FPR,FL,ASO,ES,Towers with Radar,0,53,56,1,110,0,14,233,0,247,0,67,289,1,357,300,0,300,657
02/05/2020,FPR,FL,ASO,ES,Towers with Radar,0,42,56,0,98,0,18,194,0,212,0,60,250,0,310,447,0,447,757
02/06/2020,FPR,FL,ASO,ES,Towers with Radar,0,41,51,0,92,0,4,98,0,102,0,45,149,0,194,107,0,107,301
02/07/2020,FPR,FL,ASO,ES,Towers with Radar,0,17,33,0,50,0,12,148,0,160,0,29,181,0,210,411,0,411,621
02/08/2020,FPR,FL,ASO,ES,Towers with Radar,0,7,63,0,70,0,17,199,2,218,0,24,262,2,288,380,0,380,668
02/09/2020,FPR,FL,ASO,ES,Towers with Radar,0,3,47,0,50,0,10,117,0,127,0,13,164,0,177,258,0,258,435
02/10/2020,FPR,FL,ASO,ES,Towers with Radar,0,15,32,0,47,0,8,165,2,175,0,23,197,2,222,434,0,434,656
02/11/2020,FPR,FL,ASO,ES,Towers with Radar,0,27,62,0,89,0,13,186,2,201,0,40,248,2,290,532,0,532,822
02/12/2020,FPR,FL,ASO,ES,Towers with Radar,0,37,50,0,87,0,4,156,0,160,0,41,206,0,247,258,0,258,505
02/13/2020,FPR,FL,ASO,ES,Towers with Radar,0,28,53,0,81,0,12,152,0,164,0,40,205,0,245,327,0,327,572
02/14/2020,FPR,FL,ASO,ES,Towers with Radar,4,13,81,1,99,0,2,31,1,34,4,15,112,2,133,112,0,112,245
02/15/2020,FPR,FL,ASO,ES,Towers with Radar,0,21,49,0,70,0,8,49,3,60,0,29,98,3,130,108,0,108,238
02/16/2020,FPR,FL,ASO,ES,Towers with Radar,0,0,65,0,65,0,6,126,8,140,0,6,191,8,205,355,0,355,560
02/17/2020,FPR,FL,ASO,ES,Towers with Radar,0,29,69,0,98,0,18,205,0,223,0,47,274,0,321,502,0,502,823
02/18/2020,FPR,FL,ASO,ES,Towers with Radar,0,42,89,0,131,0,15,252,0,267,0,57,341,0,398,519,0,519,917
02/19/2020,FPR,FL,ASO,ES,Towers with Radar,0,42,122,2,166,0,14,234,0,248,0,56,356,2,414,577,0,577,991
02/20/2020,FPR,FL,ASO,ES,Towers with Radar,0,29,82,0,111,0,7,176,0,183,0,36,258,0,294,480,0,480,774
02/21/2020,FPR,FL,ASO,ES,Towers with Radar,0,2,35,0,37,0,1,1,0,2,0,3,36,0,39,30,0,30,69
02/22/2020,FPR,FL,ASO,ES,Towers with Radar,0,21,56,0,77,0,3,88,0,91,0,24,144,0,168,46,0,46,214
02/23/2020,FPR,FL,ASO,ES,Towers with Radar,0,6,66,0,72,0,1,165,0,166,0,7,231,0,238,427,0,427,665
02/24/2020,FPR,FL,ASO,ES,Towers with Radar,0,46,74,0,120,0,16,196,0,212,0,62,270,0,332,384,0,384,716
02/25/2020,FPR,FL,ASO,ES,Towers with Radar,0,23,54,0,77,0,11,171,0,182,0,34,225,0,259,389,0,389,648
02/26/2020,FPR,FL,ASO,ES,Towers with Radar,0,25,37,0,62,0,4,86,0,90,0,29,123,0,152,248,0,248,400
02/27/2020,FPR,FL,ASO,ES,Towers with Radar,0,33,61,0,94,0,13,183,0,196,0,46,244,0,290,396,0,396,686
02/28/2020,FPR,FL,ASO,ES,Towers with Radar,0,25,54,0,79,0,12,175,0,187,0,37,229,0,266,531,0,531,797
02/29/2020,FPR,FL,ASO,ES,Towers with Radar,0,22,57,0,79,0,11,146,0,157,0,33,203,0,236,247,0,247,483
03/01/2020,FPR,FL,ASO,ES,Towers with Radar,0,10,59,0,69,0,3,139,0,142,0,13,198,0,211,343,0,343,554
03/02/2020,FPR,FL,ASO,ES,Towers with Radar,0,15,47,0,62,0,10,128,0,138,0,25,175,0,200,466,0,466,666
03/03/2020,FPR,FL,ASO,ES,Towers with Radar,0,33,58,0,91,0,15,181,0,196,0,48,239,0,287,277,0,277,564
03/04/2020,FPR,FL,ASO,ES,Towers with Radar,0,26,68,0,94,0,14,174,0,188,0,40,242,0,282,351,0,351,633
03/05/2020,FPR,FL,ASO,ES,Towers with Radar,0,22,55,0,77,0,14,145,0,159,0,36,200,0,236,405,0,405,641
03/06/2020,FPR,FL,ASO,ES,Towers with Radar,0,30,66,0,96,0,7,136,0,143,0,37,202,0,239,597,0,597,836
03/07/2020,FPR,FL,ASO,ES,Towers with Radar,0,6,40,1,47,0,8,63,1,72,0,14,103,2,119,103,0,103,222
03/08/2020,FPR,FL,ASO,ES,Towers with Radar,0,5,62,0,67,0,4,81,0,85,0,9,143,0,152,214,0,214,366
03/09/2020,FPR,FL,ASO,ES,Towers with Radar,0,17,75,0,92,0,11,145,0,156,0,28,220,0,248,466,0,466,714
03/10/2020,FPR,FL,ASO,ES,Towers with Radar,0,15,64,0,79,0,8,226,4,238,0,23,290,4,317,614,0,614,931
03/11/2020,FPR,FL,ASO,ES,Towers with Radar,0,13,68,0,81,0,12,194,1,207,0,25,262,1,288,677,0,677,965
03/12/2020,FPR,FL,ASO,ES,Towers with Radar,0,8,80,0,88,0,15,207,0,222,0,23,287,0,310,556,0,556,866
03/13/2020,FPR,FL,ASO,ES,Towers with Radar,0,20,89,0,109,0,5,226,0,231,0,25,315,0,340,638,0,638,978
03/14/2020,FPR,FL,ASO,ES,Towers with Radar,0,18,57,0,75,0,5,137,0,142,0,23,194,0,217,474,0,474,691
03/15/2020,FPR,FL,ASO,ES,Towers with Radar,0,8,65,0,73,0,8,125,0,133,0,16,190,0,206,379,0,379,585
03/16/2020,FPR,FL,ASO,ES,Towers with Radar,0,6,45,0,51,0,7,149,0,156,0,13,194,0,207,450,0,450,657
03/17/2020,FPR,FL,ASO,ES,Towers with Radar,0,2,71,0,73,0,13,197,0,210,0,15,268,0,283,579,0,579,862
03/18/2020,FPR,FL,ASO,ES,Towers with Radar,0,24,85,0,109,0,10,184,0,194,0,34,269,0,303,475,0,475,778
03/19/2020,FPR,FL,ASO,ES,Towers with Radar,0,22,87,0,109,0,5,197,8,210,0,27,284,8,319,442,0,442,761
03/20/2020,FPR,FL,ASO,ES,Towers with Radar,0,12,74,0,86,0,4,214,0,218,0,16,288,0,304,507,0,507,811
03/21/2020,FPR,FL,ASO,ES,Towers with Radar,0,6,63,0,69,0,12,137,0,149,0,18,200,0,218,445,0,445,663
03/22/2020,FPR,FL,ASO,ES,Towers with Radar,1,9,45,0,55,0,4,150,0,154,1,13,195,0,209,494,0,494,703
03/23/2020,FPR,FL,ASO,ES,Towers with Radar,0,16,42,0,58,0,10,170,0,180,0,26,212,0,238,491,0,491,729
03/24/2020,FPR,FL,ASO,ES,Towers with Radar,0,15,34,0,49,0,13,181,1,195,0,28,215,1,244,496,0,496,740
03/25/2020,FPR,FL,ASO,ES,Towers with Radar,0,10,38,0,48,0,1,116,0,117,0,11,154,0,165,359,0,359,524
03/26/2020,FPR,FL,ASO,ES,Towers with Radar,0,12,31,0,43,0,3,128,0,131,0,15,159,0,174,375,0,375,549
03/27/2020,FPR,FL,ASO,ES,Towers with Radar,0,8,59,0,67,0,8,161,0,169,0,16,220,0,236,580,0,580,816
03/28/2020,FPR,FL,ASO,ES,Towers with Radar,0,15,27,0,42,0,6,138,0,144,0,21,165,0,186,321,0,321,507
03/29/2020,FPR,FL,ASO,ES,Towers with Radar,0,5,24,0,29,0,13,106,0,119,0,18,130,0,148,282,0,282,430
03/30/2020,FPR,FL,ASO,ES,Towers with Radar,0,25,33,0,58,0,9,164,0,173,0,34,197,0,231,413,0,413,644
03/31/2020,FPR,FL,ASO,ES,Towers with Radar,0,3,19,0,22,0,0,123,0,123,0,3,142,0,145,265,0,265,410
04/01/2020,FPR,FL,ASO,ES,Towers with Radar,0,13,22,0,35,0,0,131,0,131,0,13,153,0,166,248,0,248,414
04/02/2020,FPR,FL,ASO,ES,Towers with Radar,0,18,46,0,64,0,3,148,0,151,0,21,194,0,215,357,0,357,572
04/03/2020,FPR,FL,ASO,ES,Towers with Radar,0,15,5,0,20,0,3,33,0,36,0,18,38,0,56,37,0,37,93
04/04/2020,FPR,FL,ASO,ES,Towers with Radar,0,2,5,0,7,0,6,28,0,34,0,8,33,0,41,6,0,6,47
04/05/2020,FPR,FL,ASO,ES,Towers with Radar,0,2,1,0,3,0,2,4,0,6,0,4,5,0,9,0,0,0,9
04/06/2020,FPR,FL,ASO,ES,Towers with Radar,0,24,5,1,30,0,0,3,0,3,0,24,8,1,33,0,0,0,33
04/07/2020,FPR,FL,ASO,ES,Towers with Radar,0,18,20,0,38,0,1,20,0,21,0,19,40,0,59,54,0,54,113
04/08/2020,FPR,FL,ASO,ES,Towers with Radar,0,6,7,0,13,0,13,31,0,44,0,19,38,0,57,4,0,4,61
04/09/2020,FPR,FL,ASO,ES,Towers with Radar,0,9,9,0,18,0,5,8,0,13,0,14,17,0,31,6,0,6,37
04/10/2020,FPR,FL,ASO,ES,Towers with Radar,0,11,4,0,15,0,0,9,0,9,0,11,13,0,24,15,0,15,39
04/11/2020,FPR,FL,ASO,ES,Towers with Radar,0,0,13,0,13,0,3,32,0,35,0,3,45,0,48,5,0,5,53
04/12/2020,FPR,FL,ASO,ES,Towers with Radar,0,2,7,0,9,0,1,3,0,4,0,3,10,0,13,0,0,0,13
04/13/2020,FPR,FL,ASO,ES,Towers with Radar,0,13,4,2,19,0,6,4,0,10,0,19,8,2,29,0,0,0,29
04/14/2020,FPR,FL,ASO,ES,Towers with Radar,0,6,4,0,10,0,6,22,0,28,0,12,26,0,38,63,0,63,101
04/15/2020,FPR,FL,ASO,ES,Towers with Radar,0,20,4,0,24,0,2,8,0,10,0,22,12,0,34,8,0,8,42
04/16/2020,FPR,FL,ASO,ES,Towers with Radar,0,10,8,0,18,0,0,6,0,6,0,10,14,0,24,43,0,43,67
04/17/2020,FPR,FL,ASO,ES,Towers with Radar,0,24,23,0,47,0,0,10,0,10,0,24,33,0,57,2,0,2,59
04/18/2020,FPR,FL,ASO,ES,Towers with Radar,0,0,6,0,6,0,3,23,0,26,0,3,29,0,32,15,0,15,47
04/19/2020,FPR,FL,ASO,ES,Towers with Radar,0,5,12,0,17,0,3,13,0,16,0,8,25,0,33,13,0,13,46
04/20/2020,FPR,FL,ASO,ES,Towers with Radar,0,6,5,0,11,0,4,8,0,12,0,10,13,0,23,9,0,9,32
04/21/2020,FPR,FL,ASO,ES,Towers with Radar,0,22,9,0,31,0,5,61,0,66,0,27,70,0,97,99,0,99,196
04/22/2020,FPR,FL,ASO,ES,Towers with Radar,0,23,9,0,32,0,6,52,0,58,0,29,61,0,90,89,0,89,179
04/23/2020,FPR,FL,ASO,ES,Towers with Radar,0,8,13,0,21,0,13,41,0,54,0,21,54,0,75,63,0,63,138
04/24/2020,FPR,FL,ASO,ES,Towers with Radar,0,4,4,0,8,0,1,11,0,12,0,5,15,0,20,52,0,52,72
04/25/2020,FPR,FL,ASO,ES,Towers with Radar,0,2,7,0,9,0,3,12,0,15,0,5,19,0,24,11,0,11,35
04/26/2020,FPR,FL,ASO,ES,Towers with Radar,0,0,6,0,6,0,1,1,0,2,0,1,7,0,8,0,0,0,8
04/27/2020,FPR,FL,ASO,ES,Towers with Radar,0,20,25,0,45,0,17,58,2,77,0,37,83,2,122,101,0,101,223
04/28/2020,FPR,FL,ASO,ES,Towers with Radar,0,20,36,0,56,0,9,74,0,83,0,29,110,0,139,260,0,260,399
04/29/2020,FPR,FL,ASO,ES,Towers with Radar,0,28,20,2,50,0,2,50,0,52,0,30,70,2,102,82,0,82,184
04/30/2020,FPR,FL,ASO,ES,Towers with Radar,0,8,3,0,11,0,3,7,0,10,0,11,10,0,21,36,0,36,57
05/01/2020,FPR,FL,ASO,ES,Towers with Radar,0,28,16,2,46,0,6,68,0,74,0,34,84,2,120,131,0,131,251
05/02/2020,FPR,FL,ASO,ES,Towers with Radar,0,1,8,0,9,0,5,49,0,54,0,6,57,0,63,66,0,66,129
05/03/2020,FPR,FL,ASO,ES,Towers with Radar,0,2,12,0,14,0,3,17,0,20,0,5,29,0,34,19,0,19,53
05/04/2020,FPR,FL,ASO,ES,Towers with Radar,0,11,19,0,30,0,5,60,0,65,0,16,79,0,95,171,0,171,266
05/05/2020,FPR,FL,ASO,ES,Towers with Radar,0,14,27,0,41,0,3,158,0,161,0,17,185,0,202,385,0,385,587
05/06/2020,FPR,FL,ASO,ES,Towers with Radar,0,10,21,0,31,0,3,148,0,151,0,13,169,0,182,382,0,382,564
05/07/2020,FPR,FL,ASO,ES,Towers with Radar,0,11,37,0,48,0,3,101,0,104,0,14,138,0,152,221,0,221,373
05/08/2020,FPR,FL,ASO,ES,Towers with Radar,0,16,62,0,78,0,8,156,0,164,0,24,218,0,242,385,0,385,627
05/09/2020,FPR,FL,ASO,ES,Towers with Radar,0,2,26,0,28,0,4,113,0,117,0,6,139,0,145,278,0,278,423
05/10/2020,FPR,FL,ASO,ES,Towers with Radar,0,0,11,4,15,0,1,0,0,1,0,1,11,4,16,0,0,0,16
05/11/2020,FPR,FL,ASO,ES,Towers with Radar,0,11,23,0,34,0,5,104,0,109,0,16,127,0,143,240,0,240,383
05/12/2020,FPR,FL,ASO,ES,Towers with Radar,0,12,29,0,41,0,2,152,0,154,0,14,181,0,195,427,0,427,622
05/13/2020,FPR,FL,ASO,ES,Towers with Radar,0,21,27,0,48,0,3,127,0,130,0,24,154,0,178,279,0,279,457
05/14/2020,FPR,FL,ASO,ES,Towers with Radar,0,21,32,2,55,0,7,105,3,115,0,28,137,5,170,302,0,302,472
05/15/2020,FPR,FL,ASO,ES,Towers with Radar,0,12,32,1,45,0,4,23,0,27,0,16,55,1,72,95,0,95,167
05/16/2020,FPR,FL,ASO,ES,Towers with Radar,0,0,18,0,18,0,3,54,0,57,0,3,72,0,75,352,0,352,427
05/17/2020,FPR,FL,ASO,ES,Towers with Radar,0,0,20,0,20,0,4,104,0,108,0,4,124,0,128,345,0,345,473
05/18/2020,FPR,FL,ASO,ES,Towers with Radar,0,14,18,0,32,0,1,94,0,95,0,15,112,0,127,359,0,359,486
05/19/2020,FPR,FL,ASO,ES,Towers with Radar,0,18,47,0,65,0,0,127,0,127,0,18,174,0,192,261,0,261,453
05/20/2020,FPR,FL,ASO,ES,Towers with Radar,0,19,46,0,65,0,9,183,0,192,0,28,229,0,257,498,0,498,755
05/21/2020,FPR,FL,ASO,ES,Towers with Radar,0,12,34,0,46,0,7,120,0,127,0,19,154,0,173,390,0,390,563
05/22/2020,FPR,FL,ASO,ES,Towers with Radar,0,20,68,2,90,0,4,163,0,167,0,24,231,2,257,354,0,354,611
05/23/2020,FPR,FL,ASO,ES,Towers with Radar,0,1,33,0,34,0,8,103,0,111,0,9,136,0,145,351,0,351,496
05/24/2020,FPR,FL,ASO,ES,Towers with Radar,0,0,28,0,28,0,2,63,0,65,0,2,91,0,93,263,0,263,356
05/25/2020,FPR,FL,ASO,ES,Towers with Radar,0,1,3,0,4,0,0,1,0,1,0,1,4,0,5,0,0,0,5
05/26/2020,FPR,FL,ASO,ES,Towers with Radar,0,3,26,0,29,0,1,38,0,39,0,4,64,0,68,88,0,88,156
05/27/2020,FPR,FL,ASO,ES,Towers with Radar,0,7,42,0,49,0,2,120,0,122,0,9,162,0,171,222,0,222,393
05/28/2020,FPR,FL,ASO,ES,Towers with Radar,0,17,48,0,65,0,1,158,0,159,0,18,206,0,224,419,0,419,643
05/29/2020,FPR,FL,ASO,ES,Towers with Radar,0,12,70,0,82,0,5,146,0,151,0,17,216,0,233,389,0,389,622
05/30/2020,FPR,FL,ASO,ES,Towers with Radar,0,2,32,0,34,0,4,126,0,130,0,6,158,0,164,346,0,346,510
05/31/2020,FPR,FL,ASO,ES,Towers with Radar,0,3,23,0,26,0,8,129,0,137,0,11,152,0,163,357,0,357,520
06/01/2020,FPR,FL,ASO,ES,Towers with Radar,0,24,36,0,60,0,2,153,0,155,0,26,189,0,215,574,0,574,789
06/02/2020,FPR,FL,ASO,ES,Towers with Radar,0,13,48,0,61,0,3,65,0,68,0,16,113,0,129,233,0,233,362
06/03/2020,FPR,FL,ASO,ES,Towers with Radar,0,0,12,0,12,0,2,43,0,45,0,2,55,0,57,119,0,119,176
06/04/2020,FPR,FL,ASO,ES,Towers with Radar,0,4,48,0,52,0,5,65,1,71,0,9,113,1,123,251,0,251,374
06/05/2020,FPR,FL,ASO,ES,Towers with Radar,0,18,36,2,56,0,5,103,0,108,0,23,139,2,164,287,0,287,451
06/06/2020,FPR,FL,ASO,ES,Towers with Radar,0,2,51,0,53,0,9,125,0,134,0,11,176,0,187,397,0,397,584
06/07/2020,FPR,FL,ASO,ES,Towers with Radar,0,3,39,0,42,0,2,131,0,133,0,5,170,0,175,279,0,279,454
06/08/2020,FPR,FL,ASO,ES,Towers with Radar,0,20,46,0,66,0,11,89,0,100,0,31,135,0,166,196,0,196,362
06/09/2020,FPR,FL,ASO,ES,Towers with Radar,0,24,71,2,97,0,4,152,0,156,0,28,223,2,253,450,0,450,703
06/10/2020,FPR,FL,ASO,ES,Towers with Radar,0,20,44,2,66,0,5,150,0,155,0,25,194,2,221,469,0,469,690
06/11/2020,FPR,FL,ASO,ES,Towers with Radar,0,16,55,2,73,0,10,178,0,188,0,26,233,2,261,366,0,366,627
06/12/2020,FPR,FL,ASO,ES,Towers with Radar,0,19,58,2,79,0,9,177,0,186,0,28,235,2,265,476,0,476,741
06/13/2020,FPR,FL,ASO,ES,Towers with Radar,0,1,30,0,31,0,7,149,0,156,0,8,179,0,187,365,0,365,552
06/14/2020,FPR,FL,ASO,ES,Towers with Radar,0,1,28,0,29,0,6,88,0,94,0,7,116,0,123,273,0,273,396
06/15/2020,FPR,FL,ASO,ES,Towers with Radar,0,26,26,0,52,0,0,111,0,111,0,26,137,0,163,223,0,223,386
06/16/2020,FPR,FL,ASO,ES,Towers with Radar,0,35,42,0,77,0,2,210,0,212,0,37,252,0,289,423,0,423,712
06/17/2020,FPR,FL,ASO,ES,Towers with Radar,0,41,57,0,98,0,7,175,0,182,0,48,232,0,280,522,0,522,802
06/18/2020,FPR,FL,ASO,ES,Towers with Radar,0,8,39,0,47,0,2,70,0,72,0,10,109,0,119,296,0,296,415
06/19/2020,FPR,FL,ASO,ES,Towers with Radar,0,9,42,0,51,0,4,73,0,77,0,13,115,0,128,334,0,334,462
06/20/2020,FPR,FL,ASO,ES,Towers with Radar,0,1,53,0,54,0,5,127,0,132,0,6,180,0,186,243,0,243,429
06/21/2020,FPR,FL,ASO,ES,Towers with Radar,0,0,37,0,37,0,0,103,0,103,0,0,140,0,140,251,0,251,391
06/22/2020,FPR,FL,ASO,ES,Towers with Radar,0,17,56,0,73,0,6,185,0,191,0,23,241,0,264,454,0,454,718
06/23/2020,FPR,FL,ASO,ES,Towers with Radar,0,16,51,0,67,0,5,190,0,195,0,21,241,0,262,533,0,533,795
06/24/2020,FPR,FL,ASO,ES,Towers with Radar,0,25,76,0,101,0,9,213,0,222,0,34,289,0,323,442,0,442,765
06/25/2020,FPR,FL,ASO,ES,Towers with Radar,0,15,95,0,110,0,17,217,0,234,0,32,312,0,344,506,0,506,850
06/26/2020,FPR,FL,ASO,ES,Towers with Radar,0,18,67,0,85,0,16,196,0,212,0,34,263,0,297,600,0,600,897
06/27/2020,FPR,FL,ASO,ES,Towers with Radar,0,3,55,0,58,0,5,143,0,148,0,8,198,0,206,319,0,319,525
06/28/2020,FPR,FL,ASO,ES,Towers with Radar,0,2,42,0,44,0,6,117,0,123,0,8,159,0,167,331,0,331,498
06/29/2020,FPR,FL,ASO,ES,Towers with Radar,0,24,44,0,68,0,5,175,0,180,0,29,219,0,248,345,0,345,593
06/30/2020,FPR,FL,ASO,ES,Towers with Radar,0,11,47,0,58,0,3,175,0,178,0,14,222,0,236,425,0,425,661
07/01/2020,FPR,FL,ASO,ES,Towers with Radar,0,8,65,0,73,0,4,134,0,138,0,12,199,0,211,291,0,291,502
07/02/2020,FPR,FL,ASO,ES,Towers with Radar,0,7,71,0,78,0,3,178,0,181,0,10,249,0,259,463,0,463,722
07/03/2020,FPR,FL,ASO,ES,Towers with Radar,0,3,29,0,32,0,0,41,0,41,0,3,70,0,73,9,0,9,82
07/04/2020,FPR,FL,ASO,ES,Towers with Radar,0,0,8,0,8,0,7,22,0,29,0,7,30,0,37,8,0,8,45
07/05/2020,FPR,FL,ASO,ES,Towers with Radar,0,3,41,0,44,0,1,98,0,99,0,4,139,0,143,267,0,267,410
07/06/2020,FPR,FL,ASO,ES,Towers with Radar,0,12,71,2,85,0,5,136,0,141,0,17,207,2,226,325,0,325,551
07/07/2020,FPR,FL,ASO,ES,Towers with Radar,0,10,67,0,77,0,6,184,0,190,0,16,251,0,267,345,0,345,612
07/08/2020,FPR,FL,ASO,ES,Towers with Radar,0,10,54,0,64,0,7,154,0,161,0,17,208,0,225,488,0,488,713
07/09/2020,FPR,FL,ASO,ES,Towers with Radar,0,10,59,0,69,0,2,135,0,137,0,12,194,0,206,244,0,244,450
07/10/2020,FPR,FL,ASO,ES,Towers with Radar,0,10,54,0,64,0,0,96,0,96,0,10,150,0,160,263,0,263,423
07/11/2020,FPR,FL,ASO,ES,Towers with Radar,0,0,33,0,33,0,0,55,0,55,0,0,88,0,88,148,0,148,236
07/12/2020,FPR,FL,ASO,ES,Towers with Radar,0,0,20,3,23,0,4,99,0,103,0,4,119,3,126,241,0,241,367
07/13/2020,FPR,FL,ASO,ES,Towers with Radar,0,20,54,0,74,0,4,139,0,143,0,24,193,0,217,357,0,357,574
07/14/2020,FPR,FL,ASO,ES,Towers with Radar,0,18,49,0,67,0,10,169,0,179,0,28,218,0,246,322,0,322,568
07/15/2020,FPR,FL,ASO,ES,Towers with Radar,0,22,60,0,82,0,8,162,0,170,0,30,222,0,252,235,0,235,487
07/16/2020,FPR,FL,ASO,ES,Towers with Radar,0,16,61,0,77,0,4,154,0,158,0,20,215,0,235,430,0,430,665
07/17/2020,FPR,FL,ASO,ES,Towers with Radar,0,16,63,0,79,0,3,121,0,124,0,19,184,0,203,279,0,279,482
07/18/2020,FPR,FL,ASO,ES,Towers with Radar,0,0,43,0,43,0,6,98,0,104,0,6,141,0,147,274,0,274,421
07/19/2020,FPR,FL,ASO,ES,Towers with Radar,0,1,60,0,61,0,1,117,0,118,0,2,177,0,179,214,0,214,393
07/20/2020,FPR,FL,ASO,ES,Towers with Radar,0,22,64,0,86,0,4,155,0,159,0,26,219,0,245,306,0,306,551
07/21/2020,FPR,FL,ASO,ES,Towers with Radar,0,15,60,0,75,0,4,126,0,130,0,19,186,0,205,253,0,253,458
07/22/2020,FPR,FL,ASO,ES,Towers with Radar,0,31,60,0,91,0,0,103,0,103,0,31,163,0,194,234,0,234,428
07/23/2020,FPR,FL,ASO,ES,Towers with Radar,0,26,66,1,93,0,6,113,1,120,0,32,179,2,213,226,0,226,439
07/24/2020,FPR,FL,ASO,ES,Towers with Radar,0,17,75,0,92,0,1,190,0,191,0,18,265,0,283,291,0,291,574
07/25/2020,FPR,FL,ASO,ES,Towers with Radar,0,2,47,0,49,0,0,84,0,84,0,2,131,0,133,179,0,179,312
07/26/2020,FPR,FL,ASO,ES,Towers with Radar,0,1,48,0,49,0,3,97,0,100,0,4,145,0,149,201,0,201,350
07/27/2020,FPR,FL,ASO,ES,Towers with Radar,0,17,45,0,62,0,6,155,0,161,0,23,200,0,223,415,0,415,638
07/28/2020,FPR,FL,ASO,ES,Towers with Radar,0,10,56,0,66,0,5,182,0,187,0,15,238,0,253,441,0,441,694
07/29/2020,FPR,FL,ASO,ES,Towers with Radar,0,16,86,0,102,0,12,207,0,219,0,28,293,0,321,454,0,454,775
07/30/2020,FPR,FL,ASO,ES,Towers with Radar,0,24,85,0,109,0,4,200,2,206,0,28,285,2,315,342,0,342,657
07/31/2020,FPR,FL,ASO,ES,Towers with Radar,0,5,63,1,69,0,1,205,0,206,0,6,268,1,275,355,0,355,630
08/01/2020,FPR,FL,ASO,ES,Towers with Radar,0,1,7,0,8,0,2,17,0,19,0,3,24,0,27,0,0,0,27
08/02/2020,FPR,FL,ASO,ES,Towers with Radar,0,0,1,0,1,0,0,0,0,0,0,0,1,0,1,0,0,0,1
08/03/2020,FPR,FL,ASO,ES,Towers with Radar,0,4,53,0,57,0,9,129,6,144,0,13,182,6,201,302,0,302,503
08/04/2020,FPR,FL,ASO,ES,Towers with Radar,0,3,50,0,53,0,6,114,0,120,0,9,164,0,173,303,0,303,476
08/05/2020,FPR,FL,ASO,ES,Towers with Radar,0,15,44,0,59,0,3,104,0,107,0,18,148,0,166,279,0,279,445
08/06/2020,FPR,FL,ASO,ES,Towers with Radar,0,18,65,0,83,0,4,182,1,187,0,22,247,1,270,368,0,368,638
08/07/2020,FPR,FL,ASO,ES,Towers with Radar,0,20,71,2,93,0,8,194,0,202,0,28,265,2,295,430,0,430,725
08/08/2020,FPR,FL,ASO,ES,Towers with Radar,0,6,51,0,57,0,7,110,11,128,0,13,161,11,185,102,0,102,287
08/09/2020,FPR,FL,ASO,ES,Towers with Radar,0,1,48,0,49,0,1,127,0,128,0,2,175,0,177,247,0,247,424
08/10/2020,FPR,FL,ASO,ES,Towers with Radar,0,34,67,0,101,0,3,181,0,184,0,37,248,0,285,384,0,384,669
08/11/2020,FPR,FL,ASO,ES,Towers with Radar,0,17,67,0,84,0,12,210,0,222,0,29,277,0,306,394,0,394,700
08/12/2020,FPR,FL,ASO,ES,Towers with Radar,0,19,57,0,76,0,4,178,0,182,0,23,235,0,258,325,0,325,583
08/13/2020,FPR,FL,ASO,ES,Towers with Radar,0,14,64,0,78,0,5,153,0,158,0,19,217,0,236,266,0,266,502
08/14/2020,FPR,FL,ASO,ES,Towers with Radar,0,10,81,0,91,0,2,175,0,177,0,12,256,0,268,300,0,300,568
08/15/2020,FPR,FL,ASO,ES,Towers with Radar,0,5,34,0,39,0,1,109,0,110,0,6,143,0,149,184,0,184,333
08/16/2020,FPR,FL,ASO,ES,Towers with Radar,0,3,40,0,43,0,4,79,0,83,0,7,119,0,126,219,0,219,345
08/17/2020,FPR,FL,ASO,ES,Towers with Radar,0,22,54,0,76,0,3,143,0,146,0,25,197,0,222,312,0,312,534
08/18/2020,FPR,FL,ASO,ES,Towers with Radar,0,10,44,0,54,0,7,182,0,189,0,17,226,0,243,339,0,339,582
08/19/2020,FPR,FL,ASO,ES,Towers with Radar,0,6,43,0,49,0,6,123,0,129,0,12,166,0,178,263,0,263,441
08/20/2020,FPR,FL,ASO,ES,Towers with Radar,0,13,68,0,81,0,5,134,0,139,0,18,202,0,220,273,0,273,493
08/21/2020,FPR,FL,ASO,ES,Towers with Radar,0,14,43,0,57,0,1,104,0,105,0,15,147,0,162,303,0,303,465
08/22/2020,FPR,FL,ASO,ES,Towers with Radar,0,0,28,0,28,0,1,93,0,94,0,1,121,0,122,205,0,205,327
08/23/2020,FPR,FL,ASO,ES,Towers with Radar,0,0,28,0,28,0,2,79,0,81,0,2,107,0,109,218,0,218,327
08/24/2020,FPR,FL,ASO,ES,Towers with Radar,0,2,54,0,56,0,0,93,0,93,0,2,147,0,149,82,0,82,231
08/25/2020,FPR,FL,ASO,ES,Towers with Radar,0,34,76,0,110,0,5,157,0,162,0,39,233,0,272,309,0,309,581
08/26/2020,FPR,FL,ASO,ES,Towers with Radar,0,17,77,0,94,0,11,159,0,170,0,28,236,0,264,247,0,247,511
08/27/2020,FPR,FL,ASO,ES,Towers with Radar,0,18,80,0,98,0,4,145,0,149,0,22,225,0,247,295,0,295,542
08/28/2020,FPR,FL,ASO,ES,Towers with Radar,0,18,64,0,82,0,3,178,1,182,0,21,242,1,264,360,0,360,624
08/29/2020,FPR,FL,ASO,ES,Towers with Radar,0,1,33,0,34,0,2,70,0,72,0,3,103,0,106,117,0,117,223
08/30/2020,FPR,FL,ASO,ES,Towers with Radar,0,0,27,0,27,0,3,78,0,81,0,3,105,0,108,186,0,186,294
08/31/2020,FPR,FL,ASO,ES,Towers with Radar,0,9,25,0,34,0,7,92,0,99,0,16,117,0,133,250,0,250,383
09/01/2020,FPR,FL,ASO,ES,Towers with Radar,0,10,73,0,83,0,1,208,0,209,0,11,281,0,292,397,0,397,689
09/02/2020,FPR,FL,ASO,ES,Towers with Radar,0,10,82,0,92,0,8,188,0,196,0,18,270,0,288,346,0,346,634
09/03/2020,FPR,FL,ASO,ES,Towers with Radar,0,17,76,0,93,0,4,165,0,169,0,21,241,0,262,305,0,305,567
09/04/2020,FPR,FL,ASO,ES,Towers with Radar,0,7,55,0,62,0,5,146,0,151,0,12,201,0,213,300,0,300,513
09/05/2020,FPR,FL,ASO,ES,Towers with Radar,0,2,44,0,46,0,8,123,2,133,0,10,167,2,179,154,0,154,333
09/06/2020,FPR,FL,ASO,ES,Towers with Radar,0,0,23,0,23,0,1,90,0,91,0,1,113,0,114,177,0,177,291
09/07/2020,FPR,FL,ASO,ES,Towers with Radar,0,0,21,0,21,0,1,16,0,17,0,1,37,0,38,0,0,0,38
09/08/2020,FPR,FL,ASO,ES,Towers with Radar,0,2,65,0,67,0,7,130,0,137,0,9,195,0,204,236,0,236,440
09/09/2020,FPR,FL,ASO,ES,Towers with Radar,0,5,49,0,54,0,3,141,0,144,0,8,190,0,198,225,0,225,423
09/10/2020,FPR,FL,ASO,ES,Towers with Radar,0,22,84,0,106,0,1,205,0,206,0,23,289,0,312,293,0,293,605
09/11/2020,FPR,FL,ASO,ES,Towers with Radar,0,11,69,0,80,0,2,137,0,139,0,13,206,0,219,271,0,271,490
09/12/2020,FPR,FL,ASO,ES,Towers with Radar,0,2,5,0,7,0,4,33,0,37,0,6,38,0,44,45,0,45,89
09/13/2020,FPR,FL,ASO,ES,Towers with Radar,0,1,35,0,36,0,3,90,0,93,0,4,125,0,129,156,0,156,285
09/14/2020,FPR,FL,ASO,ES,Towers with Radar,0,0,99,0,99,0,1,189,0,190,0,1,288,0,289,282,0,282,571
09/15/2020,FPR,FL,ASO,ES,Towers with Radar,0,37,97,0,134,0,12,223,0,235,0,49,320,0,369,336,0,336,705
09/16/2020,FPR,FL,ASO,ES,Towers with Radar,0,16,56,0,72,0,5,135,0,140,0,21,191,0,212,214,0,214,426
09/17/2020,FPR,FL,ASO,ES,Towers with Radar,0,8,64,0,72,0,1,183,0,184,0,9,247,0,256,257,0,257,513
09/18/2020,FPR,FL,ASO,ES,Towers with Radar,0,6,35,0,41,0,3,164,0,167,0,9,199,0,208,248,0,248,456
09/19/2020,FPR,FL,ASO,ES,Towers with Radar,0,2,53,0,55,0,3,122,0,125,0,5,175,0,180,193,0,193,373
09/20/2020,FPR,FL,ASO,ES,Towers with Radar,0,0,48,0,48,0,1,51,0,52,0,1,99,0,100,185,0,185,285
09/21/2020,FPR,FL,ASO,ES,Towers with Radar,0,5,43,0,48,0,3,36,0,39,0,8,79,0,87,5,0,5,92
09/22/2020,FPR,FL,ASO,ES,Towers with Radar,0,22,117,0,139,0,10,203,0,213,0,32,320,0,352,246,0,246,598
09/23/2020,FPR,FL,ASO,ES,Towers with Radar,0,32,107,0,139,0,7,251,0,258,0,39,358,0,397,331,0,331,728
09/24/2020,FPR,FL,ASO,ES,Towers with Radar,0,17,77,0,94,0,6,151,0,157,0,23,228,0,251,271,0,271,522
09/25/2020,FPR,FL,ASO,ES,Towers with Radar,0,8,62,0,70,0,4,129,0,133,0,12,191,0,203,280,0,280,483
09/26/2020,FPR,FL,ASO,ES,Towers with Radar,0,0,51,0,51,0,3,106,0,109,0,3,157,0,160,252,0,252,412
09/27/2020,FPR,FL,ASO,ES,Towers with Radar,0,2,58,0,60,0,3,129,0,132,0,5,187,0,192,287,0,287,479
09/28/2020,FPR,FL,ASO,ES,Towers with Radar,0,7,50,0,57,0,5,103,1,109,0,12,153,1,166,195,0,195,361
09/29/2020,FPR,FL,ASO,ES,Towers with Radar,0,14,94,0,108,0,4,178,0,182,0,18,272,0,290,227,0,227,517
09/30/2020,FPR,FL,ASO,ES,Towers with Radar,0,9,56,0,65,0,3,49,0,52,0,12,105,0,117,107,0,107,224
10/01/2020,FPR,FL,ASO,ES,Towers with Radar,0,8,58,0,66,0,0,33,0,33,0,8,91,0,99,110,0,110,209
10/02/2020,FPR,FL,ASO,ES,Towers with Radar,0,8,70,0,78,0,4,165,0,169,0,12,235,0,247,261,0,261,508
10/03/2020,FPR,FL,ASO,ES,Towers with Radar,0,0,33,0,33,0,3,50,0,53,0,3,83,0,86,94,0,94,180
10/04/2020,FPR,FL,ASO,ES,Towers with Radar,0,6,53,0,59,0,1,96,0,97,0,7,149,0,156,190,0,190,346
10/05/2020,FPR,FL,ASO,ES,Towers with Radar,0,14,83,0,97,0,0,143,0,143,0,14,226,0,240,292,0,292,532
10/06/2020,FPR,FL,ASO,ES,Towers with Radar,0,14,78,0,92,0,9,155,0,164,0,23,233,0,256,342,0,342,598
10/07/2020,FPR,FL,ASO,ES,Towers with Radar,0,23,62,0,85,0,4,173,0,177,0,27,235,0,262,294,0,294,556
10/08/2020,FPR,FL,ASO,ES,Towers with Radar,0,14,67,0,81,0,3,167,0,170,0,17,234,0,251,322,0,322,573
10/09/2020,FPR,FL,ASO,ES,Towers with Radar,0,6,40,1,47,0,7,146,1,154,0,13,186,2,201,262,0,262,463
10/10/2020,FPR,FL,ASO,ES,Towers with Radar,0,3,33,0,36,0,0,54,0,54,0,3,87,0,90,102,0,102,192
10/11/2020,FPR,FL,ASO,ES,Towers with Radar,0,4,33,0,37,0,1,83,0,84,0,5,116,0,121,167,0,167,288
10/12/2020,FPR,FL,ASO,ES,Towers with Radar,0,0,43,0,43,0,5,93,0,98,0,5,136,0,141,121,0,121,262
10/13/2020,FPR,FL,ASO,ES,Towers with Radar,0,17,50,0,67,0,13,131,0,144,0,30,181,0,211,206,0,206,417
10/14/2020,FPR,FL,ASO,ES,Towers with Radar,0,5,92,0,97,0,15,174,0,189,0,20,266,0,286,210,0,210,496
10/15/2020,FPR,FL,ASO,ES,Towers with Radar,0,19,44,1,64,0,10,172,3,185,0,29,216,4,249,440,0,440,689
10/16/2020,FPR,FL,ASO,ES,Towers with Radar,0,18,66,0,84,0,5,111,0,116,0,23,177,0,200,224,0,224,424
10/17/2020,FPR,FL,ASO,ES,Towers with Radar,0,6,65,0,71,0,5,73,0,78,0,11,138,0,149,114,0,114,263
10/18/2020,FPR,FL,ASO,ES,Towers with Radar,0,2,44,0,46,0,1,64,0,65,0,3,108,0,111,131,0,131,242
10/19/2020,FPR,FL,ASO,ES,Towers with Radar,0,8,49,0,57,0,0,45,0,45,0,8,94,0,102,129,0,129,231
10/20/2020,FPR,FL,ASO,ES,Towers with Radar,0,12,76,0,88,0,0,122,0,122,0,12,198,0,210,274,0,274,484
10/21/2020,FPR,FL,ASO,ES,Towers with Radar,0,15,81,0,96,0,1,152,0,153,0,16,233,0,249,235,0,235,484
10/22/2020,FPR,FL,ASO,ES,Towers with Radar,0,6,103,0,109,0,0,174,0,174,0,6,277,0,283,341,0,341,624
10/23/2020,FPR,FL,ASO,ES,Towers with Radar,0,18,108,0,126,0,1,165,0,166,0,19,273,0,292,259,0,259,551
10/24/2020,FPR,FL,ASO,ES,Towers with Radar,0,1,57,0,58,0,1,102,0,103,0,2,159,0,161,195,0,195,356
10/25/2020,FPR,FL,ASO,ES,Towers with Radar,0,0,39,0,39,0,0,74,0,74,0,0,113,0,113,129,0,129,242
10/26/2020,FPR,FL,ASO,ES,Towers with Radar,0,14,80,0,94,0,2,202,0,204,0,16,282,0,298,279,0,279,577
10/27/2020,FPR,FL,ASO,ES,Towers with Radar,0,31,95,0,126,0,7,158,0,165,0,38,253,0,291,277,0,277,568
10/28/2020,FPR,FL,ASO,ES,Towers with Radar,0,36,96,0,132,0,6,165,0,171,0,42,261,0,303,234,0,234,537
10/29/2020,FPR,FL,ASO,ES,Towers with Radar,0,9,42,0,51,0,5,138,0,143,0,14,180,0,194,239,0,239,433
10/30/2020,FPR,FL,ASO,ES,Towers with Radar,0,9,60,0,69,0,5,121,0,126,0,14,181,0,195,260,0,260,455
10/31/2020,FPR,FL,ASO,ES,Towers with Radar,0,7,38,0,45,0,2,75,0,77,0,9,113,0,122,161,0,161,283
11/01/2020,FPR,FL,ASO,ES,Towers with Radar,0,4,29,0,33,0,1,57,0,58,0,5,86,0,91,136,0,136,227
11/02/2020,FPR,FL,ASO,ES,Towers with Radar,0,2,13,0,15,0,6,20,0,26,0,8,33,0,41,40,0,40,81
11/03/2020,FPR,FL,ASO,ES,Towers with Radar,0,3,23,0,26,0,4,62,0,66,0,7,85,0,92,29,0,29,121
11/04/2020,FPR,FL,ASO,ES,Towers with Radar,0,18,79,0,97,0,9,165,0,174,0,27,244,0,271,180,0,180,451
11/05/2020,FPR,FL,ASO,ES,Towers with Radar,0,13,103,0,116,0,2,155,0,157,0,15,258,0,273,267,0,267,540
11/06/2020,FPR,FL,ASO,ES,Towers with Radar,0,13,98,0,111,0,4,153,4,161,0,17,251,4,272,223,0,223,495
11/07/2020,FPR,FL,ASO,ES,Towers with Radar,0,5,51,0,56,0,0,61,0,61,0,5,112,0,117,46,0,46,163
11/08/2020,FPR,FL,ASO,ES,Towers with Radar,0,2,17,0,19,0,0,5,0,5,0,2,22,0,24,0,0,0,24
11/09/2020,FPR,FL,ASO,ES,Towers with Radar,0,2,5,0,7,0,0,0,0,0,0,2,5,0,7,0,0,0,7
11/10/2020,FPR,FL,ASO,ES,Towers with Radar,0,4,57,0,61,0,3,78,0,81,0,7,135,0,142,172,0,172,314
11/11/2020,FPR,FL,ASO,ES,Towers with Radar,0,15,37,0,52,0,3,85,0,88,0,18,122,0,140,100,0,100,240
11/12/2020,FPR,FL,ASO,ES,Towers with Radar,0,4,55,0,59,0,4,111,0,115,0,8,166,0,174,264,0,264,438
11/13/2020,FPR,FL,ASO,ES,Towers with Radar,0,19,84,1,104,0,3,107,2,112,0,22,191,3,216,252,0,252,468
11/14/2020,FPR,FL,ASO,ES,Towers with Radar,0,4,63,0,67,0,2,111,0,113,0,6,174,0,180,212,0,212,392
11/15/2020,FPR,FL,ASO,ES,Towers with Radar,0,0,49,0,49,0,4,81,0,85,0,4,130,0,134,147,0,147,281
11/16/2020,FPR,FL,ASO,ES,Towers with Radar,0,15,67,0,82,0,9,163,0,172,0,24,230,0,254,292,0,292,546
11/17/2020,FPR,FL,ASO,ES,Towers with Radar,0,6,79,0,85,0,6,176,0,182,0,12,255,0,267,214,0,214,481
11/18/2020,FPR,FL,ASO,ES,Towers with Radar,0,8,62,0,70,0,11,155,0,166,0,19,217,0,236,128,0,128,364
11/19/2020,FPR,FL,ASO,ES,Towers with Radar,0,18,80,0,98,0,4,123,0,127,0,22,203,0,225,157,0,157,382
11/20/2020,FPR,FL,ASO,ES,Towers with Radar,0,27,93,0,120,0,8,144,1,153,0,35,237,1,273,199,0,199,472
11/21/2020,FPR,FL,ASO,ES,Towers with Radar,0,2,68,0,70,0,0,58,0,58,0,2,126,0,128,135,0,135,263
11/22/2020,FPR,FL,ASO,ES,Towers with Radar,0,2,71,0,73,0,0,106,0,106,0,2,177,0,179,190,0,190,369
11/23/2020,FPR,FL,ASO,ES,Towers with Radar,0,9,44,0,53,0,1,129,0,130,0,10,173,0,183,100,0,100,283
11/24/2020,FPR,FL,ASO,ES,Towers with Radar,0,21,88,0,109,0,11,190,4,205,0,32,278,4,314,393,0,393,707
11/25/2020,FPR,FL,ASO,ES,Towers with Radar,0,9,78,0,87,0,6,183,0,189,0,15,261,0,276,271,0,271,547
11/26/2020,FPR,FL,ASO,ES,Towers with Radar,0,0,9,0,9,0,2,24,0,26,0,2,33,0,35,45,0,45,80
11/27/2020,FPR,FL,ASO,ES,Towers with Radar,0,2,13,0,15,0,4,41,0,45,0,6,54,0,60,34,0,34,94
11/28/2020,FPR,FL,ASO,ES,Towers with Radar,0,2,68,0,70,0,9,141,0,150,0,11,209,0,220,288,0,288,508
11/29/2020,FPR,FL,ASO,ES,Towers with Radar,0,3,76,0,79,0,3,154,0,157,0,6,230,0,236,317,0,317,553
11/30/2020,FPR,FL,ASO,ES,Towers with Radar,0,5,39,0,44,0,6,89,0,95,0,11,128,0,139,156,0,156,295
12/01/2020,FPR,FL,ASO,ES,Towers with Radar,0,14,50,0,64,0,9,142,0,151,0,23,192,0,215,206,0,206,421
12/02/2020,FPR,FL,ASO,ES,Towers with Radar,0,4,57,0,61,0,9,147,0,156,0,13,204,0,217,171,0,171,388
12/03/2020,FPR,FL,ASO,ES,Towers with Radar,0,9,22,0,31,0,13,154,0,167,0,22,176,0,198,288,0,288,486
12/04/2020,FPR,FL,ASO,ES,Towers with Radar,0,10,30,0,40,0,12,151,0,163,0,22,181,0,203,267,0,267,470
12/05/2020,FPR,FL,ASO,ES,Towers with Radar,0,1,33,0,34,0,3,150,0,153,0,4,183,0,187,177,0,177,364
12/06/2020,FPR,FL,ASO,ES,Towers with Radar,0,0,18,0,18,0,0,160,0,160,0,0,178,0,178,252,0,252,430
12/07/2020,FPR,FL,ASO,ES,Towers with Radar,0,1,21,0,22,0,4,73,0,77,0,5,94,0,99,101,0,101,200
12/08/2020,FPR,FL,ASO,ES,Towers with Radar,0,2,32,0,34,0,12,177,0,189,0,14,209,0,223,346,0,346,569
12/09/2020,FPR,FL,ASO,ES,Towers with Radar,0,3,49,0,52,0,17,173,0,190,0,20,222,0,242,254,0,254,496
12/10/2020,FPR,FL,ASO,ES,Towers with Radar,0,13,69,0,82,0,4,177,0,181,0,17,246,0,263,309,0,309,572
12/11/2020,FPR,FL,ASO,ES,Towers with Radar,0,8,68,0,76,0,10,168,0,178,0,18,236,0,254,288,0,288,542
12/12/2020,FPR,FL,ASO,ES,Towers with Radar,0,2,68,0,70,0,8,55,0,63,0,10,123,0,133,164,0,164,297
12/13/2020,FPR,FL,ASO,ES,Towers with Radar,0,0,68,0,68,0,2,135,0,137,0,2,203,0,205,253,0,253,458
12/14/2020,FPR,FL,ASO,ES,Towers with Radar,0,8,51,0,59,0,7,116,0,123,0,15,167,0,182,192,0,192,374
12/15/2020,FPR,FL,ASO,ES,Towers with Radar,0,1,77,0,78,0,2,54,0,56,0,3,131,0,134,162,0,162,296
12/16/2020,FPR,FL,ASO,ES,Towers with Radar,0,2,53,0,55,0,6,143,0,149,0,8,196,0,204,282,0,282,486
12/17/2020,FPR,FL,ASO,ES,Towers with Radar,0,10,45,0,55,0,5,42,2,49,0,15,87,2,104,226,0,226,330
12/18/2020,FPR,FL,ASO,ES,Towers with Radar,0,2,44,0,46,0,8,107,0,115,0,10,151,0,161,209,0,209,370
12/19/2020,FPR,FL,ASO,ES,Towers with Radar,0,7,47,0,54,0,4,99,0,103,0,11,146,0,157,146,0,146,303
12/20/2020,FPR,FL,ASO,ES,Towers with Radar,0,0,35,0,35,0,1,79,0,80,0,1,114,0,115,129,0,129,244
12/21/2020,FPR,FL,ASO,ES,Towers with Radar,0,2,33,0,35,0,1,94,0,95,0,3,127,0,130,219,0,219,349
12/22/2020,FPR,FL,ASO,ES,Towers with Radar,0,4,35,0,39,0,4,105,1,110,0,8,140,1,149,194,0,194,343
12/23/2020,FPR,FL,ASO,ES,Towers with Radar,0,6,42,2,50,0,9,64,0,73,0,15,106,2,123,20,0,20,143
12/24/2020,FPR,FL,ASO,ES,Towers with Radar,0,6,12,0,18,0,4,29,0,33,0,10,41,0,51,28,0,28,79
12/25/2020,FPR,FL,ASO,ES,Towers with Radar,0,1,1,0,2,0,0,1,0,1,0,1,2,0,3,0,0,0,3
12/26/2020,FPR,FL,ASO,ES,Towers with Radar,0,2,40,0,42,0,7,33,0,40,0,9,73,0,82,16,0,16,98
12/27/2020,FPR,FL,ASO,ES,Towers with Radar,0,6,32,0,38,0,1,25,0,26,0,7,57,0,64,30,0,30,94
12/28/2020,FPR,FL,ASO,ES,Towers with Radar,0,10,20,0,30,0,0,40,0,40,0,10,60,0,70,63,0,63,133
12/29/2020,FPR,FL,ASO,ES,Towers with Radar,0,13,48,0,61,0,6,80,0,86,0,19,128,0,147,80,0,80,227
12/30/2020,FPR,FL,ASO,ES,Towers with Radar,0,5,57,0,62,0,6,67,0,73,0,11,124,0,135,38,0,38,173
12/31/2020,FPR,FL,ASO,ES,Towers with Radar,0,8,16,0,24,0,9,26,0,35,0,17,42,0,59,30,0,30,89
01/01/2021,FPR,FL,ASO,ES,Towers with Radar,0,1,18,0,19,0,1,19,0,20,0,2,37,0,39,0,0,0,39
01/02/2021,FPR,FL,ASO,ES,Towers with Radar,0,5,60,0,65,0,1,21,0,22,0,6,81,0,87,1,0,1,88
01/03/2021,FPR,FL,ASO,ES,Towers with Radar,0,0,54,0,54,0,5,42,0,47,0,5,96,0,101,1,0,1,102
01/04/2021,FPR,FL,ASO,ES,Towers with Radar,0,4,58,0,62,0,3,98,0,101,0,7,156,0,163,135,0,135,298
01/05/2021,FPR,FL,ASO,ES,Towers with Radar,0,9,30,1,40,0,8,142,0,150,0,17,172,1,190,275,0,275,465
01/06/2021,FPR,FL,ASO,ES,Towers with Radar,0,2,56,0,58,0,3,105,0,108,0,5,161,0,166,139,0,139,305
01/07/2021,FPR,FL,ASO,ES,Towers with Radar,0,12,52,0,64,0,8,111,0,119,0,20,163,0,183,231,0,231,414
01/08/2021,FPR,FL,ASO,ES,Towers with Radar,0,8,39,0,47,0,3,107,0,110,0,11,146,0,157,151,35,186,343
01/09/2021,FPR,FL,ASO,ES,Towers with Radar,0,2,36,0,38,0,4,73,0,77,0,6,109,0,115,137,0,137,252
01/10/2021,FPR,FL,ASO,ES,Towers with Radar,0,0,32,0,32,0,2,83,0,85,0,2,115,0,117,122,0,122,239
01/11/2021,FPR,FL,ASO,ES,Towers with Radar,0,23,71,2,96,0,9,134,3,146,0,32,205,5,242,211,0,211,453
01/12/2021,FPR,FL,ASO,ES,Towers with Radar,0,17,54,0,71,0,8,101,0,109,0,25,155,0,180,190,0,190,370
01/13/2021,FPR,FL,ASO,ES,Towers with Radar,0,12,34,0,46,0,6,101,0,107,0,18,135,0,153,312,0,312,465
01/14/2021,FPR,FL,ASO,ES,Towers with Radar,0,7,59,0,66,0,11,142,0,153,0,18,201,0,219,316,0,316,535
01/15/2021,FPR,FL,ASO,ES,Towers with Radar,0,10,80,0,90,0,6,139,0,145,0,16,219,0,235,308,0,308,543
01/16/2021,FPR,FL,ASO,ES,Towers with Radar,0,3,35,0,38,0,7,82,0,89,0,10,117,0,127,132,0,132,259
01/17/2021,FPR,FL,ASO,ES,Towers with Radar,0,5,34,0,39,0,8,69,0,77,0,13,103,0,116,188,0,188,304
01/18/2021,FPR,FL,ASO,ES,Towers with Radar,0,7,70,0,77,0,1,151,0,152,0,8,221,0,229,222,0,222,451
01/19/2021,FPR,FL,ASO,ES,Towers with Radar,0,16,62,0,78,0,5,158,0,163,0,21,220,0,241,284,0,284,525
01/20/2021,FPR,FL,ASO,ES,Towers with Radar,0,6,68,0,74,0,5,189,0,194,0,11,257,0,268,301,0,301,569
01/21/2021,FPR,FL,ASO,ES,Towers with Radar,0,5,59,0,64,0,7,132,0,139,0,12,191,0,203,297,0,297,500
01/22/2021,FPR,FL,ASO,ES,Towers with Radar,0,9,41,0,50,0,9,130,0,139,0,18,171,0,189,242,0,242,431
01/23/2021,FPR,FL,ASO,ES,Towers with Radar,0,4,54,0,58,0,4,79,0,83,0,8,133,0,141,173,0,173,314
01/24/2021,FPR,FL,ASO,ES,Towers with Radar,0,5,58,0,63,0,4,68,0,72,0,9,126,0,135,183,0,183,318
01/25/2021,FPR,FL,ASO,ES,Towers with Radar,0,10,52,0,62,0,1,101,0,102,0,11,153,0,164,219,0,219,383
01/26/2021,FPR,FL,ASO,ES,Towers with Radar,0,14,74,0,88,0,3,161,0,164,0,17,235,0,252,343,0,343,595
01/27/2021,FPR,FL,ASO,ES,Towers with Radar,0,3,59,0,62,0,3,123,0,126,0,6,182,0,188,252,0,252,440
01/28/2021,FPR,FL,ASO,ES,Towers with Radar,0,1,56,1,58,0,13,86,0,99,0,14,142,1,157,75,0,75,232
01/29/2021,FPR,FL,ASO,ES,Towers with Radar,0,4,70,0,74,0,9,150,0,159,0,13,220,0,233,177,0,177,410
01/30/2021,FPR,FL,ASO,ES,Towers with Radar,0,6,33,0,39,0,12,75,0,87,0,18,108,0,126,219,0,219,345
01/31/2021,FPR,FL,ASO,ES,Towers with Radar,0,4,48,0,52,0,8,61,0,69,0,12,109,0,121,123,0,123,244
02/01/2021,FPR,FL,ASO,ES,Towers with Radar,0,0,31,0,31,0,3,46,0,49,0,3,77,0,80,70,0,70,150
02/02/2021,FPR,FL,ASO,ES,Towers with Radar,0,2,35,0,37,0,10,88,0,98,0,12,123,0,135,126,0,126,261
02/03/2021,FPR,FL,ASO,ES,Towers with Radar,0,10,39,1,50,0,14,132,0,146,0,24,171,1,196,273,0,273,469
02/04/2021,FPR,FL,ASO,ES,Towers with Radar,0,9,52,0,61,0,7,169,0,176,0,16,221,0,237,304,0,304,541
02/05/2021,FPR,FL,ASO,ES,Towers with Radar,0,4,57,0,61,0,4,121,0,125,0,8,178,0,186,189,0,189,375
02/06/2021,FPR,FL,ASO,ES,Towers with Radar,0,2,35,0,37,0,1,66,0,67,0,3,101,0,104,116,0,116,220
02/07/2021,FPR,FL,ASO,ES,Towers with Radar,0,0,32,0,32,0,7,39,0,46,0,7,71,0,78,53,0,53,131
02/08/2021,FPR,FL,ASO,ES,Towers with Radar,0,2,94,0,96,0,5,54,0,59,0,7,148,0,155,140,0,140,295
02/09/2021,FPR,FL,ASO,ES,Towers with Radar,0,15,51,0,66,0,7,127,0,134,0,22,178,0,200,249,0,249,449
02/10/2021,FPR,FL,ASO,ES,Towers with Radar,0,4,46,0,50,0,6,157,0,163,0,10,203,0,213,332,0,332,545
02/11/2021,FPR,FL,ASO,ES,Towers with Radar,0,25,58,0,83,0,5,161,0,166,0,30,219,0,249,316,0,316,565
02/12/2021,FPR,FL,ASO,ES,Towers with Radar,0,15,56,0,71,0,7,158,0,165,0,22,214,0,236,293,0,293,529
02/13/2021,FPR,FL,ASO,ES,Towers with Radar,0,4,28,0,32,0,3,31,0,34,0,7,59,0,66,50,0,50,116
02/14/2021,FPR,FL,ASO,ES,Towers with Radar,0,3,48,0,51,0,5,61,0,66,0,8,109,0,117,104,0,104,221
02/15/2021,FPR,FL,ASO,ES,Towers with Radar,0,2,40,0,42,0,10,123,0,133,0,12,163,0,175,306,0,306,481
02/16/2021,FPR,FL,ASO,ES,Towers with Radar,0,13,52,0,65,0,1,86,0,87,0,14,138,0,152,262,0,262,414
02/17/2021,FPR,FL,ASO,ES,Towers with Radar,0,8,69,0,77,0,4,56,0,60,0,12,125,0,137,153,0,153,290
02/18/2021,FPR,FL,ASO,ES,Towers with Radar,0,24,58,0,82,0,9,152,0,161,0,33,210,0,243,289,0,289,532
02/19/2021,FPR,FL,ASO,ES,Towers with Radar,0,6,42,0,48,0,9,85,0,94,0,15,127,0,142,90,0,90,232
02/20/2021,FPR,FL,ASO,ES,Towers with Radar,0,8,44,0,52,0,11,76,0,87,0,19,120,0,139,116,0,116,255
02/21/2021,FPR,FL,ASO,ES,Towers with Radar,0,8,33,0,41,0,1,98,0,99,0,9,131,0,140,114,0,114,254
02/22/2021,FPR,FL,ASO,ES,Towers with Radar,0,13,33,0,46,0,5,129,0,134,0,18,162,0,180,291,0,291,471
02/23/2021,FPR,FL,ASO,ES,Towers with Radar,0,4,54,0,58,0,3,135,0,138,0,7,189,0,196,330,0,330,526
02/24/2021,FPR,FL,ASO,ES,Towers with Radar,0,13,39,0,52,0,6,123,0,129,0,19,162,0,181,353,0,353,534
02/25/2021,FPR,FL,ASO,ES,Towers with Radar,0,8,40,0,48,0,1,127,0,128,0,9,167,0,176,250,0,250,426
02/26/2021,FPR,FL,ASO,ES,Towers with Radar,0,11,49,0,60,0,14,131,0,145,0,25,180,0,205,332,0,332,537
02/27/2021,FPR,FL,ASO,ES,Towers with Radar,0,6,53,0,59,0,8,93,0,101,0,14,146,0,160,120,0,120,280
02/28/2021,FPR,FL,ASO,ES,Towers with Radar,0,3,61,0,64,0,6,67,0,73,0,9,128,0,137,134,0,134,271
03/01/2021,FPR,FL,ASO,ES,Towers with Radar,0,16,45,0,61,0,9,106,2,117,0,25,151,2,178,230,0,230,408
03/02/2021,FPR,FL,ASO,ES,Towers with Radar,0,14,73,0,87,0,8,117,0,125,0,22,190,0,212,314,0,314,526
03/03/2021,FPR,FL,ASO,ES,Towers with Radar,0,7,47,0,54,0,2,66,0,68,0,9,113,0,122,170,0,170,292
03/04/2021,FPR,FL,ASO,ES,Towers with Radar,0,7,80,0,87,0,7,133,0,140,0,14,213,0,227,319,0,319,546
03/05/2021,FPR,FL,ASO,ES,Towers with Radar,0,10,80,0,90,0,6,171,0,177,0,16,251,0,267,346,0,346,613
03/06/2021,FPR,FL,ASO,ES,Towers with Radar,0,2,36,0,38,0,1,49,0,50,0,3,85,0,88,161,0,161,249
03/07/2021,FPR,FL,ASO,ES,Towers with Radar,0,5,41,1,47,0,3,24,0,27,0,8,65,1,74,46,0,46,120
03/08/2021,FPR,FL,ASO,ES,Towers with Radar,0,5,57,0,62,0,3,85,0,88,0,8,142,0,150,176,0,176,326
03/09/2021,FPR,FL,ASO,ES,Towers with Radar,0,4,79,0,83,0,6,149,0,155,0,10,228,0,238,281,0,281,519
03/10/2021,FPR,FL,ASO,ES,Towers with Radar,0,10,61,0,71,0,16,139,0,155,0,26,200,0,226,373,0,373,599
03/11/2021,FPR,FL,ASO,ES,Towers with Radar,2,12,70,0,84,0,7,128,0,135,2,19,198,0,219,268,0,268,487
03/12/2021,FPR,FL,ASO,ES,Towers with Radar,0,15,61,0,76,0,11,123,0,134,0,26,184,0,210,307,0,307,517
03/13/2021,FPR,FL,ASO,ES,Towers with Radar,0,2,54,0,56,0,6,83,0,89,0,8,137,0,145,233,0,233,378
03/14/2021,FPR,FL,ASO,ES,Towers with Radar,2,0,46,0,48,0,7,67,1,75,2,7,113,1,123,193,0,193,316
03/15/2021,FPR,FL,ASO,ES,Towers with Radar,0,10,48,0,58,0,11,98,0,109,0,21,146,0,167,324,0,324,491
03/16/2021,FPR,FL,ASO,ES,Towers with Radar,0,1,62,0,63,0,8,126,0,134,0,9,188,0,197,170,0,170,367
03/17/2021,FPR,FL,ASO,ES,Towers with Radar,0,12,66,0,78,0,7,144,0,151,0,19,210,0,229,212,0,212,441
03/18/2021,FPR,FL,ASO,ES,Towers with Radar,0,2,59,0,61,0,6,83,0,89,0,8,142,0,150,112,0,112,262
03/19/2021,FPR,FL,ASO,ES,Towers with Radar,0,8,69,0,77,0,6,90,0,96,0,14,159,0,173,234,0,234,407
03/20/2021,FPR,FL,ASO,ES,Towers with Radar,0,4,69,0,73,0,1,84,0,85,0,5,153,0,158,82,0,82,240
03/21/2021,FPR,FL,ASO,ES,Towers with Radar,0,8,67,0,75,0,4,54,0,58,0,12,121,0,133,152,0,152,285
03/22/2021,FPR,FL,ASO,ES,Towers with Radar,0,10,49,0,59,0,3,93,1,97,0,13,142,1,156,182,0,182,338
03/23/2021,FPR,FL,ASO,ES,Towers with Radar,0,16,77,0,93,0,5,106,0,111,0,21,183,0,204,223,0,223,427
03/24/2021,FPR,FL,ASO,ES,Towers with Radar,0,2,55,0,57,0,4,133,0,137,0,6,188,0,194,259,0,259,453
03/25/2021,FPR,FL,ASO,ES,Towers with Radar,0,1,62,0,63,0,2,130,0,132,0,3,192,0,195,203,0,203,398
03/26/2021,FPR,FL,ASO,ES,Towers with Radar,0,15,61,0,76,0,1,148,0,149,0,16,209,0,225,320,0,320,545
03/27/2021,FPR,FL,ASO,ES,Towers with Radar,0,10,59,2,71,0,3,68,1,72,0,13,127,3,143,156,0,156,299
03/28/2021,FPR,FL,ASO,ES,Towers with Radar,0,1,63,0,64,0,6,100,0,106,0,7,163,0,170,159,0,159,329
03/29/2021,FPR,FL,ASO,ES,Towers with Radar,0,18,76,0,94,0,0,129,0,129,0,18,205,0,223,276,0,276,499
03/30/2021,FPR,FL,ASO,ES,Towers with Radar,0,11,53,0,64,0,8,167,0,175,0,19,220,0,239,329,0,329,568
03/31/2021,FPR,FL,ASO,ES,Towers with Radar,0,7,54,0,61,0,5,83,0,88,0,12,137,0,149,214,0,214,363
04/01/2021,FPR,FL,ASO,ES,Towers with Radar,0,12,39,0,51,0,2,71,0,73,0,14,110,0,124,221,0,221,345
04/02/2021,FPR,FL,ASO,ES,Towers with Radar,0,3,45,0,48,0,6,53,0,59,0,9,98,0,107,58,0,58,165
04/03/2021,FPR,FL,ASO,ES,Towers with Radar,0,7,65,0,72,0,4,62,0,66,0,11,127,0,138,99,0,99,237
04/04/2021,FPR,FL,ASO,ES,Towers with Radar,0,10,51,0,61,0,8,53,1,62,0,18,104,1,123,163,0,163,286
04/05/2021,FPR,FL,ASO,ES,Towers with Radar,0,7,76,0,83,0,4,133,0,137,0,11,209,0,220,372,0,372,592
04/06/2021,FPR,FL,ASO,ES,Towers with Radar,0,0,50,0,50,0,16,132,0,148,0,16,182,0,198,323,0,323,521
04/07/2021,FPR,FL,ASO,ES,Towers with Radar,0,2,53,0,55,0,9,140,0,149,0,11,193,0,204,378,0,378,582
04/08/2021,FPR,FL,ASO,ES,Towers with Radar,0,6,59,0,65,0,4,204,0,208,0,10,263,0,273,427,0,427,700
04/09/2021,FPR,FL,ASO,ES,Towers with Radar,0,7,55,0,62,0,10,162,0,172,0,17,217,0,234,397,0,397,631
04/10/2021,FPR,FL,ASO,ES,Towers with Radar,0,1,66,0,67,0,5,69,0,74,0,6,135,0,141,117,0,117,258
04/11/2021,FPR,FL,ASO,ES,Towers with Radar,0,2,34,0,36,0,2,37,0,39,0,4,71,0,75,34,0,34,109
04/12/2021,FPR,FL,ASO,ES,Towers with Radar,0,9,62,0,71,0,14,81,0,95,0,23,143,0,166,200,0,200,366
04/13/2021,FPR,FL,ASO,ES,Towers with Radar,0,7,49,0,56,0,8,140,0,148,0,15,189,0,204,267,0,267,471
04/14/2021,FPR,FL,ASO,ES,Towers with Radar,0,6,39,0,45,0,14,109,0,123,0,20,148,0,168,324,0,324,492
04/15/2021,FPR,FL,ASO,ES,Towers with Radar,0,10,52,0,62,0,14,119,0,133,0,24,171,0,195,292,0,292,487
04/16/2021,FPR,FL,ASO,ES,Towers with Radar,0,11,43,0,54,0,0,75,0,75,0,11,118,0,129,237,0,237,366
04/17/2021,FPR,FL,ASO,ES,Towers with Radar,0,7,58,0,65,0,0,75,1,76,0,7,133,1,141,139,0,139,280
04/18/2021,FPR,FL,ASO,ES,Towers with Radar,0,2,47,0,49,0,2,57,0,59,0,4,104,0,108,117,0,117,225
04/19/2021,FPR,FL,ASO,ES,Towers with Radar,0,1,28,0,29,0,1,19,0,20,0,2,47,0,49,20,0,20,69
04/20/2021,FPR,FL,ASO,ES,Towers with Radar,0,6,23,0,29,0,4,36,0,40,0,10,59,0,69,116,0,116,185
04/21/2021,FPR,FL,ASO,ES,Towers with Radar,0,12,46,0,58,0,7,124,0,131,0,19,170,0,189,315,0,315,504
04/22/2021,FPR,FL,ASO,ES,Towers with Radar,0,2,61,0,63,0,4,163,0,167,0,6,224,0,230,154,0,154,384
04/23/2021,FPR,FL,ASO,ES,Towers with Radar,0,12,70,0,82,0,1,142,0,143,0,13,212,0,225,301,0,301,526
04/24/2021,FPR,FL,ASO,ES,Towers with Radar,0,11,43,0,54,0,2,59,1,62,0,13,102,1,116,86,0,86,202
04/25/2021,FPR,FL,ASO,ES,Towers with Radar,0,2,72,0,74,0,1,54,0,55,0,3,126,0,129,84,0,84,213
04/26/2021,FPR,FL,ASO,ES,Towers with Radar,0,8,64,0,72,0,4,142,0,146,0,12,206,0,218,269,0,269,487
04/27/2021,FPR,FL,ASO,ES,Towers with Radar,0,14,66,0,80,0,9,138,0,147,0,23,204,0,227,252,0,252,479
04/28/2021,FPR,FL,ASO,ES,Towers with Radar,0,12,64,0,76,0,1,158,0,159,0,13,222,0,235,213,0,213,448
04/29/2021,FPR,FL,ASO,ES,Towers with Radar,0,11,66,0,77,0,4,126,0,130,0,15,192,0,207,229,0,229,436
04/30/2021,FPR,FL,ASO,ES,Towers with Radar,0,2,64,0,66,0,1,100,0,101,0,3,164,0,167,327,0,327,494
05/01/2021,FPR,FL,ASO,ES,Towers with Radar,0,0,56,0,56,0,10,81,0,91,0,10,137,0,147,116,0,116,263
05/02/2021,FPR,FL,ASO,ES,Towers with Radar,0,8,46,0,54,0,1,61,0,62,0,9,107,0,116,125,0,125,241
05/03/2021,FPR,FL,ASO,ES,Towers with Radar,0,4,51,0,55,0,7,92,0,99,0,11,143,0,154,194,0,194,348
05/04/2021,FPR,FL,ASO,ES,Towers with Radar,0,16,42,0,58,0,9,131,0,140,0,25,173,0,198,254,0,254,452
05/05/2021,FPR,FL,ASO,ES,Towers with Radar,0,16,47,0,63,0,9,181,3,193,0,25,228,3,256,310,0,310,566
05/06/2021,FPR,FL,ASO,ES,Towers with Radar,0,4,46,0,50,0,9,86,0,95,0,13,132,0,145,206,0,206,351
05/07/2021,FPR,FL,ASO,ES,Towers with Radar,0,6,70,0,76,0,4,146,0,150,0,10,216,0,226,228,0,228,454
05/08/2021,FPR,FL,ASO,ES,Towers with Radar,0,6,42,0,48,0,5,92,0,97,0,11,134,0,145,151,0,151,296
05/09/2021,FPR,FL,ASO,ES,Towers with Radar,0,5,63,0,68,0,11,75,3,89,0,16,138,3,157,111,0,111,268
05/10/2021,FPR,FL,ASO,ES,Towers with Radar,0,6,53,0,59,0,7,131,2,140,0,13,184,2,199,224,0,224,423
05/11/2021,FPR,FL,ASO,ES,Towers with Radar,0,5,59,0,64,0,4,143,1,148,0,9,202,1,212,264,0,264,476
05/12/2021,FPR,FL,ASO,ES,Towers with Radar,0,10,54,0,64,0,4,149,0,153,0,14,203,0,217,289,0,289,506
05/13/2021,FPR,FL,ASO,ES,Towers with Radar,0,5,70,0,75,0,8,81,0,89,0,13,151,0,164,176,0,176,340
05/14/2021,FPR,FL,ASO,ES,Towers with Radar,0,6,49,1,56,0,7,108,1,116,0,13,157,2,172,197,0,197,369
05/15/2021,FPR,FL,ASO,ES,Towers with Radar,0,2,60,0,62,0,9,90,1,100,0,11,150,1,162,68,0,68,230
05/16/2021,FPR,FL,ASO,ES,Towers with Radar,0,2,63,1,66,0,1,66,1,68,0,3,129,2,134,77,0,77,211
05/17/2021,FPR,FL,ASO,ES,Towers with Radar,0,11,49,0,60,0,6,145,0,151,0,17,194,0,211,281,0,281,492
05/18/2021,FPR,FL,ASO,ES,Towers with Radar,0,11,47,0,58,0,4,113,0,117,0,15,160,0,175,111,0,111,286
05/19/2021,FPR,FL,ASO,ES,Towers with Radar,0,22,39,0,61,0,7,71,0,78,0,29,110,0,139,176,0,176,315
05/20/2021,FPR,FL,ASO,ES,Towers with Radar,0,2,50,0,52,0,9,82,0,91,0,11,132,0,143,135,0,135,278
05/21/2021,FPR,FL,ASO,ES,Towers with Radar,0,6,69,0,75,0,7,87,1,95,0,13,156,1,170,158,0,158,328
05/22/2021,FPR,FL,ASO,ES,Towers with Radar,0,3,34,0,37,0,7,82,0,89,0,10,116,0,126,131,0,131,257
05/23/2021,FPR,FL,ASO,ES,Towers with Radar,0,2,40,0,42,0,3,92,0,95,0,5,132,0,137,213,0,213,350
05/24/2021,FPR,FL,ASO,ES,Towers with Radar,0,8,68,0,76,0,8,170,0,178,0,16,238,0,254,393,0,393,647
05/25/2021,FPR,FL,ASO,ES,Towers with Radar,0,12,43,0,55,0,9,180,2,191,0,21,223,2,246,394,0,394,640
05/26/2021,FPR,FL,ASO,ES,Towers with Radar,0,11,80,0,91,0,4,160,0,164,0,15,240,0,255,403,0,403,658
05/27/2021,FPR,FL,ASO,ES,Towers with Radar,0,6,67,0,73,0,6,147,0,153,0,12,214,0,226,432,0,432,658
05/28/2021,FPR,FL,ASO,ES,Towers with Radar,0,8,51,0,59,0,2,115,0,117,0,10,166,0,176,268,0,268,444
05/29/2021,FPR,FL,ASO,ES,Towers with Radar,0,2,45,0,47,0,2,55,0,57,0,4,100,0,104,147,0,147,251
05/30/2021,FPR,FL,ASO,ES,Towers with Radar,0,2,28,0,30,0,6,42,0,48,0,8,70,0,78,148,0,148,226
05/31/2021,FPR,FL,ASO,ES,Towers with Radar,0,6,81,0,87,0,9,76,0,85,0,15,157,0,172,186,0,186,358
06/01/2021,FPR,FL,ASO,ES,Towers with Radar,0,1,66,0,67,0,2,107,0,109,0,3,173,0,176,340,0,340,516
06/02/2021,FPR,FL,ASO,ES,Towers with Radar,0,4,52,0,56,0,6,84,0,90,0,10,136,0,146,204,0,204,350
06/03/2021,FPR,FL,ASO,ES,Towers with Radar,0,4,30,0,34,0,9,76,1,86,0,13,106,1,120,83,0,83,203
06/04/2021,FPR,FL,ASO,ES,Towers with Radar,0,3,62,0,65,0,3,90,0,93,0,6,152,0,158,197,0,197,355
06/05/2021,FPR,FL,ASO,ES,Towers with Radar,0,2,65,0,67,0,1,81,0,82,0,3,146,0,149,156,0,156,305
06/06/2021,FPR,FL,ASO,ES,Towers with Radar,0,2,80,0,82,0,5,74,0,79,0,7,154,0,161,170,0,170,331
06/07/2021,FPR,FL,ASO,ES,Towers with Radar,0,4,57,0,61,0,17,110,0,127,0,21,167,0,188,269,0,269,457
06/08/2021,FPR,FL,ASO,ES,Towers with Radar,0,6,65,2,73,0,15,127,0,142,0,21,192,2,215,253,0,253,468
06/09/2021,FPR,FL,ASO,ES,Towers with Radar,0,5,65,0,70,0,6,163,0,169,0,11,228,0,239,310,0,310,549
06/10/2021,FPR,FL,ASO,ES,Towers with Radar,0,4,58,0,62,0,8,107,0,115,0,12,165,0,177,287,0,287,464
06/11/2021,FPR,FL,ASO,ES,Towers with Radar,0,8,55,0,63,0,8,109,0,117,0,16,164,0,180,287,0,287,467
06/12/2021,FPR,FL,ASO,ES,Towers with Radar,0,2,42,0,44,0,2,93,0,95,0,4,135,0,139,188,0,188,327
06/13/2021,FPR,FL,ASO,ES,Towers with Radar,0,2,62,0,64,0,3,66,0,69,0,5,128,0,133,158,0,158,291
06/14/2021,FPR,FL,ASO,ES,Towers with Radar,0,0,50,0,50,0,10,71,0,81,0,10,121,0,131,149,0,149,280
06/15/2021,FPR,FL,ASO,ES,Towers with Radar,0,2,43,0,45,0,2,88,0,90,0,4,131,0,135,232,0,232,367
06/16/2021,FPR,FL,ASO,ES,Towers with Radar,0,2,40,0,42,0,7,99,0,106,0,9,139,0,148,189,0,189,337
06/17/2021,FPR,FL,ASO,ES,Towers with Radar,0,6,57,0,63,0,4,136,0,140,0,10,193,0,203,188,0,188,391
06/18/2021,FPR,FL,ASO,ES,Towers with Radar,0,8,67,0,75,0,6,112,0,118,0,14,179,0,193,213,0,213,406
06/19/2021,FPR,FL,ASO,ES,Towers with Radar,0,2,86,0,88,0,4,76,0,80,0,6,162,0,168,120,0,120,288
06/20/2021,FPR,FL,ASO,ES,Towers with Radar,0,2,40,0,42,0,4,64,0,68,0,6,104,0,110,112,0,112,222
06/21/2021,FPR,FL,ASO,ES,Towers with Radar,0,2,49,0,51,0,3,95,0,98,0,5,144,0,149,151,0,151,300
06/22/2021,FPR,FL,ASO,ES,Towers with Radar,0,2,45,0,47,0,4,88,1,93,0,6,133,1,140,107,0,107,247
06/23/2021,FPR,FL,ASO,ES,Towers with Radar,0,6,55,0,61,0,1,108,0,109,0,7,163,0,170,167,0,167,337
06/24/2021,FPR,FL,ASO,ES,Towers with Radar,0,9,52,0,61,0,10,131,0,141,0,19,183,0,202,246,0,246,448
06/25/2021,FPR,FL,ASO,ES,Towers with Radar,0,3,60,0,63,0,5,75,0,80,0,8,135,0,143,136,0,136,279
06/26/2021,FPR,FL,ASO,ES,Towers with Radar,0,1,64,0,65,0,3,58,4,65,0,4,122,4,130,140,0,140,270
06/27/2021,FPR,FL,ASO,ES,Towers with Radar,0,4,64,0,68,0,4,85,0,89,0,8,149,0,157,74,0,74,231
06/28/2021,FPR,FL,ASO,ES,Towers with Radar,0,0,54,0,54,0,3,101,0,104,0,3,155,0,158,199,0,199,357
06/29/2021,FPR,FL,ASO,ES,Towers with Radar,0,5,66,0,71,0,2,101,0,103,0,7,167,0,174,221,0,221,395
06/30/2021,FPR,FL,ASO,ES,Towers with Radar,0,1,62,0,63,0,2,89,0,91,0,3,151,0,154,182,0,182,336
07/01/2021,FPR,FL,ASO,ES,Towers with Radar,0,8,47,0,55,0,4,90,0,94,0,12,137,0,149,230,0,230,379
07/02/2021,FPR,FL,ASO,ES,Towers with Radar,0,10,63,0,73,0,4,109,0,113,0,14,172,0,186,196,0,196,382
07/03/2021,FPR,FL,ASO,ES,Towers with Radar,0,3,67,0,70,0,2,61,0,63,0,5,128,0,133,65,0,65,198
07/04/2021,FPR,FL,ASO,ES,Towers with Radar,0,0,15,0,15,0,8,46,0,54,0,8,61,0,69,4,0,4,73
07/05/2021,FPR,FL,ASO,ES,Towers with Radar,0,2,54,0,56,0,0,36,0,36,0,2,90,0,92,50,0,50,142
07/06/2021,FPR,FL,ASO,ES,Towers with Radar,0,8,41,0,49,0,0,46,0,46,0,8,87,0,95,88,0,88,183
07/07/2021,FPR,FL,ASO,ES,Towers with Radar,0,4,40,0,44,0,3,83,0,86,0,7,123,0,130,108,0,108,238
07/08/2021,FPR,FL,ASO,ES,Towers with Radar,0,0,60,0,60,0,0,102,0,102,0,0,162,0,162,208,0,208,370
07/09/2021,FPR,FL,ASO,ES,Towers with Radar,0,7,60,0,67,0,5,100,0,105,0,12,160,0,172,213,0,213,385
07/10/2021,FPR,FL,ASO,ES,Towers with Radar,0,10,65,0,75,0,4,105,0,109,0,14,170,0,184,128,0,128,312
07/11/2021,FPR,FL,ASO,ES,Towers with Radar,0,4,62,0,66,0,3,69,0,72,0,7,131,0,138,132,0,132,270
07/12/2021,FPR,FL,ASO,ES,Towers with Radar,0,10,41,0,51,0,7,91,1,99,0,17,132,1,150,152,0,152,302
07/13/2021,FPR,FL,ASO,ES,Towers with Radar,0,4,50,0,54,0,2,125,0,127,0,6,175,0,181,186,0,186,367
07/14/2021,FPR,FL,ASO,ES,Towers with Radar,0,10,62,0,72,0,4,139,0,143,0,14,201,0,215,324,0,324,539
07/15/2021,FPR,FL,ASO,ES,Towers with Radar,0,5,60,0,65,0,15,131,0,146,0,20,191,0,211,258,0,258,469
07/16/2021,FPR,FL,ASO,ES,Towers with Radar,0,17,66,0,83,0,9,131,0,140,0,26,197,0,223,362,0,362,585
07/17/2021,FPR,FL,ASO,ES,Towers with Radar,0,2,60,0,62,0,6,80,0,86,0,8,140,0,148,80,0,80,228
07/18/2021,FPR,FL,ASO,ES,Towers with Radar,0,4,43,0,47,0,0,65,0,65,0,4,108,0,112,93,0,93,205
07/19/2021,FPR,FL,ASO,ES,Towers with Radar,0,0,43,0,43,0,8,113,0,121,0,8,156,0,164,296,0,296,460
07/20/2021,FPR,FL,ASO,ES,Towers with Radar,0,9,46,0,55,0,10,121,0,131,0,19,167,0,186,234,0,234,420
07/21/2021,FPR,FL,ASO,ES,Towers with Radar,0,7,59,0,66,0,6,121,0,127,0,13,180,0,193,214,0,214,407
07/22/2021,FPR,FL,ASO,ES,Towers with Radar,0,5,44,0,49,0,5,105,0,110,0,10,149,0,159,214,0,214,373
07/23/2021,FPR,FL,ASO,ES,Towers with Radar,0,0,44,0,44,0,0,85,0,85,0,0,129,0,129,239,0,239,368
07/24/2021,FPR,FL,ASO,ES,Towers with Radar,0,6,66,0,72,0,2,70,0,72,0,8,136,0,144,123,0,123,267
07/25/2021,FPR,FL,ASO,ES,Towers with Radar,0,2,51,0,53,0,5,71,0,76,0,7,122,0,129,128,0,128,257
07/26/2021,FPR,FL,ASO,ES,Towers with Radar,0,6,32,0,38,0,3,111,0,114,0,9,143,0,152,222,0,222,374
07/27/2021,FPR,FL,ASO,ES,Towers with Radar,0,6,58,0,64,0,8,84,0,92,0,14,142,0,156,252,0,252,408
07/28/2021,FPR,FL,ASO,ES,Towers with Radar,0,2,34,0,36,0,7,85,0,92,0,9,119,0,128,163,0,163,291
07/29/2021,FPR,FL,ASO,ES,Towers with Radar,0,6,49,0,55,0,8,108,0,116,0,14,157,0,171,241,0,241,412
07/30/2021,FPR,FL,ASO,ES,Towers with Radar,0,10,49,0,59,0,8,107,0,115,0,18,156,0,174,205,0,205,379
07/31/2021,FPR,FL,ASO,ES,Towers with Radar,0,4,58,0,62,0,15,98,0,113,0,19,156,0,175,167,0,167,342
08/01/2021,FPR,FL,ASO,ES,Towers with Radar,0,0,42,0,42,0,4,41,1,46,0,4,83,1,88,103,0,103,191
08/02/2021,FPR,FL,ASO,ES,Towers with Radar,0,0,36,0,36,0,9,96,0,105,0,9,132,0,141,151,0,151,292
08/03/2021,FPR,FL,ASO,ES,Towers with Radar,0,0,23,0,23,0,4,62,0,66,0,4,85,0,89,115,0,115,204
08/04/2021,FPR,FL,ASO,ES,Towers with Radar,0,4,48,0,52,0,0,109,0,109,0,4,157,0,161,114,0,114,275
08/05/2021,FPR,FL,ASO,ES,Towers with Radar,0,8,42,0,50,0,8,113,0,121,0,16,155,0,171,193,0,193,364
08/06/2021,FPR,FL,ASO,ES,Towers with Radar,0,18,41,0,59,0,61,88,3,152,0,79,129,3,211,250,0,250,461
08/07/2021,FPR,FL,ASO,ES,Towers with Radar,0,7,30,0,37,0,40,38,0,78,0,47,68,0,115,186,0,186,301
08/08/2021,FPR,FL,ASO,ES,Towers with Radar,0,8,24,0,32,0,48,61,0,109,0,56,85,0,141,160,0,160,301
08/09/2021,FPR,FL,ASO,ES,Towers with Radar,0,23,14,0,37,0,65,64,0,129,0,88,78,0,166,272,0,272,438
08/10/2021,FPR,FL,ASO,ES,Towers with Radar,0,26,20,0,46,0,83,77,0,160,0,109,97,0,206,295,0,295,501
08/11/2021,FPR,FL,ASO,ES,Towers with Radar,0,28,14,0,42,0,71,70,0,141,0,99,84,0,183,321,0,321,504
08/12/2021,FPR,FL,ASO,ES,Towers with Radar,0,25,19,0,44,0,47,54,0,101,0,72,73,0,145,219,0,219,364
08/13/2021,FPR,FL,ASO,ES,Towers with Radar,0,24,22,0,46,0,56,30,0,86,0,80,52,0,132,208,0,208,340
08/14/2021,FPR,FL,ASO,ES,Towers with Radar,0,10,7,0,17,0,29,18,0,47,0,39,25,0,64,71,0,71,135
08/15/2021,FPR,FL,ASO,ES,Towers with Radar,0,12,12,0,24,0,27,16,0,43,0,39,28,0,67,58,0,58,125
08/16/2021,FPR,FL,ASO,ES,Towers with Radar,0,20,24,0,44,0,58,42,0,100,0,78,66,0,144,187,0,187,331
08/17/2021,FPR,FL,ASO,ES,Towers with Radar,0,25,14,0,39,0,87,55,0,142,0,112,69,0,181,170,0,170,351
08/18/2021,FPR,FL,ASO,ES,Towers with Radar,0,29,26,0,55,0,97,45,0,142,0,126,71,0,197,251,0,251,448
08/19/2021,FPR,FL,ASO,ES,Towers with Radar,0,29,21,0,50,0,69,57,0,126,0,98,78,0,176,207,0,207,383
08/20/2021,FPR,FL,ASO,ES,Towers with Radar,0,13,13,0,26,0,69,56,0,125,0,82,69,0,151,203,0,203,354
08/21/2021,FPR,FL,ASO,ES,Towers with Radar,0,8,17,0,25,0,39,50,0,89,0,47,67,0,114,92,0,92,206
08/22/2021,FPR,FL,ASO,ES,Towers with Radar,0,10,20,0,30,0,32,42,0,74,0,42,62,0,104,158,0,158,262
08/23/2021,FPR,FL,ASO,ES,Towers with Radar,0,31,20,0,51,0,75,21,0,96,0,106,41,0,147,181,0,181,328
08/24/2021,FPR,FL,ASO,ES,Towers with Radar,0,27,27,0,54,0,78,39,0,117,0,105,66,0,171,249,0,249,420
08/25/2021,FPR,FL,ASO,ES,Towers with Radar,0,28,25,0,53,0,85,61,0,146,0,113,86,0,199,295,0,295,494
08/26/2021,FPR,FL,ASO,ES,Towers with Radar,0,34,23,0,57,0,84,45,0,129,0,118,68,0,186,240,0,240,426
08/27/2021,FPR,FL,ASO,ES,Towers with Radar,0,20,17,0,37,0,36,21,0,57,0,56,38,0,94,115,0,115,209
08/28/2021,FPR,FL,ASO,ES,Towers with Radar,0,13,25,0,38,0,58,40,0,98,0,71,65,0,136,150,0,150,286
08/29/2021,FPR,FL,ASO,ES,Towers with Radar,0,2,28,0,30,0,7,41,0,48,0,9,69,0,78,18,0,18,96
08/30/2021,FPR,FL,ASO,ES,Towers with Radar,0,29,16,0,45,0,98,69,0,167,0,127,85,0,212,312,0,312,524
08/31/2021,FPR,FL,ASO,ES,Towers with Radar,0,29,22,0,51,0,86,64,0,150,0,115,86,0,201,285,0,285,486
09/01/2021,FPR,FL,ASO,ES,Towers with Radar,0,18,12,0,30,0,68,43,0,111,0,86,55,0,141,176,0,176,317
09/02/2021,FPR,FL,ASO,ES,Towers with Radar,0,11,19,0,30,0,85,34,0,119,0,96,53,0,149,198,0,198,347
09/03/2021,FPR,FL,ASO,ES,Towers with Radar,0,10,23,0,33,0,61,30,0,91,0,71,53,0,124,172,0,172,296
09/04/2021,FPR,FL,ASO,ES,Towers with Radar,0,12,24,0,36,0,33,34,0,67,0,45,58,0,103,132,0,132,235
09/05/2021,FPR,FL,ASO,ES,Towers with Radar,0,0,9,0,9,0,12,28,0,40,0,12,37,0,49,10,0,10,59
09/06/2021,FPR,FL,ASO,ES,Towers with Radar,0,2,27,0,29,0,3,57,0,60,0,5,84,0,89,31,0,31,120
09/07/2021,FPR,FL,ASO,ES,Towers with Radar,0,24,13,1,38,0,63,48,0,111,0,87,61,1,149,245,0,245,394
09/08/2021,FPR,FL,ASO,ES,Towers with Radar,0,25,21,0,46,0,105,61,0,166,0,130,82,0,212,358,0,358,570
09/09/2021,FPR,FL,ASO,ES,Towers with Radar,0,17,12,0,29,0,67,50,0,117,0,84,62,0,146,300,0,300,446
09/10/2021,FPR,FL,ASO,ES,Towers with Radar,0,18,26,0,44,0,67,41,0,108,0,85,67,0,152,344,0,344,496
09/11/2021,FPR,FL,ASO,ES,Towers with Radar,0,18,19,0,37,0,53,36,0,89,0,71,55,0,126,198,0,198,324
09/12/2021,FPR,FL,ASO,ES,Towers with Radar,0,1,17,0,18,0,7,22,0,29,0,8,39,0,47,4,0,4,51
09/13/2021,FPR,FL,ASO,ES,Towers with Radar,0,30,16,0,46,0,57,33,0,90,0,87,49,0,136,216,0,216,352
09/14/2021,FPR,FL,ASO,ES,Towers with Radar,0,41,22,0,63,0,92,77,0,169,0,133,99,0,232,351,0,351,583
09/15/2021,FPR,FL,ASO,ES,Towers with Radar,0,33,29,0,62,0,106,67,0,173,0,139,96,0,235,307,0,307,542
09/16/2021,FPR,FL,ASO,ES,Towers with Radar,0,18,23,0,41,0,76,44,0,120,0,94,67,0,161,216,0,216,377
09/17/2021,FPR,FL,ASO,ES,Towers with Radar,0,18,18,2,38,0,68,44,0,112,0,86,62,2,150,235,0,235,385
09/18/2021,FPR,FL,ASO,ES,Towers with Radar,0,10,18,0,28,0,30,42,0,72,0,40,60,0,100,107,0,107,207
09/19/2021,FPR,FL,ASO,ES,Towers with Radar,0,0,13,0,13,0,5,51,0,56,0,5,64,0,69,54,0,54,123
09/20/2021,FPR,FL,ASO,ES,Towers with Radar,0,19,13,0,32,0,67,46,0,113,0,86,59,0,145,206,0,206,351
09/21/2021,FPR,FL,ASO,ES,Towers with Radar,0,21,18,0,39,0,58,28,0,86,0,79,46,0,125,102,0,102,227
09/22/2021,FPR,FL,ASO,ES,Towers with Radar,0,32,27,0,59,0,72,39,1,112,0,104,66,1,171,194,0,194,365
09/23/2021,FPR,FL,ASO,ES,Towers with Radar,0,28,17,0,45,0,42,22,0,64,0,70,39,0,109,138,0,138,247
09/24/2021,FPR,FL,ASO,ES,Towers with Radar,0,35,10,0,45,0,120,42,0,162,0,155,52,0,207,197,0,197,404
09/25/2021,FPR,FL,ASO,ES,Towers with Radar,0,18,17,0,35,0,28,43,0,71,0,46,60,0,106,76,0,76,182
09/26/2021,FPR,FL,ASO,ES,Towers with Radar,0,0,13,0,13,0,3,44,0,47,0,3,57,0,60,12,0,12,72
09/27/2021,FPR,FL,ASO,ES,Towers with Radar,0,33,30,0,63,0,129,70,0,199,0,162,100,0,262,278,0,278,540
09/28/2021,FPR,FL,ASO,ES,Towers with Radar,0,51,15,0,66,0,136,73,0,209,0,187,88,0,275,278,0,278,553
09/29/2021,FPR,FL,ASO,ES,Towers with Radar,0,21,20,0,41,0,117,78,0,195,0,138,98,0,236,389,0,389,625
09/30/2021,FPR,FL,ASO,ES,Towers with Radar,0,48,19,0,67,0,130,50,0,180,0,178,69,0,247,351,0,351,598
10/01/2021,FPR,FL,ASO,ES,Towers with Radar,0,21,25,0,46,0,121,45,0,166,0,142,70,0,212,318,0,318,530
10/02/2021,FPR,FL,ASO,ES,Towers with Radar,0,19,15,0,34,0,49,37,0,86,0,68,52,0,120,101,0,101,221
10/03/2021,FPR,FL,ASO,ES,Towers with Radar,0,4,14,0,18,0,3,31,0,34,0,7,45,0,52,19,0,19,71
10/04/2021,FPR,FL,ASO,ES,Towers with Radar,0,29,26,0,55,0,130,48,0,178,0,159,74,0,233,407,0,407,640
10/05/2021,FPR,FL,ASO,ES,Towers with Radar,0,40,22,4,66,0,164,57,1,222,0,204,79,5,288,342,0,342,630
10/06/2021,FPR,FL,ASO,ES,Towers with Radar,0,42,23,1,66,0,155,58,0,213,0,197,81,1,279,398,0,398,677
10/07/2021,FPR,FL,ASO,ES,Towers with Radar,0,35,40,0,75,0,91,52,0,143,0,126,92,0,218,265,0,265,483
10/08/2021,FPR,FL,ASO,ES,Towers with Radar,0,31,29,1,61,0,73,31,1,105,0,104,60,2,166,318,0,318,484
10/09/2021,FPR,FL,ASO,ES,Towers with Radar,0,15,15,0,30,0,34,17,0,51,0,49,32,0,81,157,0,157,238
10/10/2021,FPR,FL,ASO,ES,Towers with Radar,0,4,23,0,27,0,6,41,1,48,0,10,64,1,75,40,0,40,115
10/11/2021,FPR,FL,ASO,ES,Towers with Radar,0,33,26,0,59,0,112,47,0,159,0,145,73,0,218,323,0,323,541
10/12/2021,FPR,FL,ASO,ES,Towers with Radar,0,45,21,1,67,0,131,60,0,191,0,176,81,1,258,323,0,323,581
10/13/2021,FPR,FL,ASO,ES,Towers with Radar,0,38,22,1,61,0,105,70,0,175,0,143,92,1,236,406,0,406,642
10/14/2021,FPR,FL,ASO,ES,Towers with Radar,0,41,34,0,75,0,129,84,0,213,0,170,118,0,288,369,0,369,657
10/15/2021,FPR,FL,ASO,ES,Towers with Radar,0,30,15,0,45,0,90,46,0,136,0,120,61,0,181,349,0,349,530
10/16/2021,FPR,FL,ASO,ES,Towers with Radar,0,10,19,0,29,0,65,37,0,102,0,75,56,0,131,195,0,195,326
10/17/2021,FPR,FL,ASO,ES,Towers with Radar,0,0,22,0,22,0,5,28,1,34,0,5,50,1,56,36,0,36,92
10/18/2021,FPR,FL,ASO,ES,Towers with Radar,0,44,49,0,93,0,124,56,0,180,0,168,105,0,273,270,0,270,543
10/19/2021,FPR,FL,ASO,ES,Towers with Radar,0,31,43,0,74,0,143,57,0,200,0,174,100,0,274,316,0,316,590
10/20/2021,FPR,FL,ASO,ES,Towers with Radar,0,39,37,0,76,0,115,59,0,174,0,154,96,0,250,392,0,392,642
10/21/2021,FPR,FL,ASO,ES,Towers with Radar,0,45,38,0,83,0,120,63,0,183,0,165,101,0,266,352,0,352,618
10/22/2021,FPR,FL,ASO,ES,Towers with Radar,0,37,14,0,51,0,91,59,0,150,0,128,73,0,201,473,0,473,674
10/23/2021,FPR,FL,ASO,ES,Towers with Radar,0,11,25,0,36,0,42,41,0,83,0,53,66,0,119,257,0,257,376
10/24/2021,FPR,FL,ASO,ES,Towers with Radar,0,4,21,0,25,0,0,15,0,15,0,4,36,0,40,0,0,0,40
10/25/2021,FPR,FL,ASO,ES,Towers with Radar,0,15,18,0,33,0,92,39,0,131,0,107,57,0,164,285,0,285,449
10/26/2021,FPR,FL,ASO,ES,Towers with Radar,0,22,17,0,39,0,104,43,0,147,0,126,60,0,186,226,0,226,412
10/27/2021,FPR,FL,ASO,ES,Towers with Radar,0,13,11,0,24,0,128,77,0,205,0,141,88,0,229,450,0,450,679
10/28/2021,FPR,FL,ASO,ES,Towers with Radar,0,15,27,0,42,0,57,26,0,83,0,72,53,0,125,109,0,109,234
10/29/2021,FPR,FL,ASO,ES,Towers with Radar,0,19,24,0,43,0,98,27,0,125,0,117,51,0,168,255,0,255,423
10/30/2021,FPR,FL,ASO,ES,Towers with Radar,0,9,26,0,35,0,54,61,0,115,0,63,87,0,150,143,0,143,293
10/31/2021,FPR,FL,ASO,ES,Towers with Radar,0,5,24,0,29,0,4,57,0,61,0,9,81,0,90,25,0,25,115
11/01/2021,FPR,FL,ASO,ES,Towers with Radar,0,31,13,0,44,0,120,53,0,173,0,151,66,0,217,384,0,384,601
11/02/2021,FPR,FL,ASO,ES,Towers with Radar,0,58,27,0,85,0,116,57,0,173,0,174,84,0,258,396,0,396,654
11/03/2021,FPR,FL,ASO,ES,Towers with Radar,0,73,40,0,113,0,135,57,0,192,0,208,97,0,305,391,0,391,696
11/04/2021,FPR,FL,ASO,ES,Towers with Radar,0,43,34,0,77,0,110,64,0,174,0,153,98,0,251,345,0,345,596
11/05/2021,FPR,FL,ASO,ES,Towers with Radar,0,43,10,0,53,0,3,3,0,6,0,46,13,0,59,15,0,15,74
11/06/2021,FPR,FL,ASO,ES,Towers with Radar,0,10,20,0,30,0,35,19,0,54,0,45,39,0,84,37,0,37,121
11/07/2021,FPR,FL,ASO,ES,Towers with Radar,0,8,51,0,59,0,4,28,0,32,0,12,79,0,91,7,0,7,98
11/08/2021,FPR,FL,ASO,ES,Towers with Radar,0,26,24,0,50,0,86,46,0,132,0,112,70,0,182,263,0,263,445
11/09/2021,FPR,FL,ASO,ES,Towers with Radar,0,53,37,0,90,0,151,72,0,223,0,204,109,0,313,458,0,458,771
11/10/2021,FPR,FL,ASO,ES,Towers with Radar,0,70,49,0,119,0,27,20,0,47,0,97,69,0,166,103,0,103,269
11/11/2021,FPR,FL,ASO,ES,Towers with Radar,0,49,52,0,101,0,115,42,2,159,0,164,94,2,260,344,0,344,604
11/12/2021,FPR,FL,ASO,ES,Towers with Radar,0,16,44,0,60,0,67,23,0,90,0,83,67,0,150,288,0,288,438
11/13/2021,FPR,FL,ASO,ES,Towers with Radar,0,21,42,4,67,0,60,36,0,96,0,81,78,4,163,191,0,191,354
11/14/2021,FPR,FL,ASO,ES,Towers with Radar,0,8,42,0,50,0,0,41,1,42,0,8,83,1,92,3,0,3,95
11/15/2021,FPR,FL,ASO,ES,Towers with Radar,0,30,49,0,79,0,120,79,0,199,0,150,128,0,278,339,0,339,617
11/16/2021,FPR,FL,ASO,ES,Towers with Radar,0,75,37,0,112,0,147,65,1,213,0,222,102,1,325,445,0,445,770
11/17/2021,FPR,FL,ASO,ES,Towers with Radar,0,85,35,0,120,0,134,84,0,218,0,219,119,0,338,502,0,502,840
11/18/2021,FPR,FL,ASO,ES,Towers with Radar,0,78,44,0,122,0,105,51,0,156,0,183,95,0,278,360,0,360,638
11/19/2021,FPR,FL,ASO,ES,Towers with Radar,0,77,40,0,117,0,32,31,0,63,0,109,71,0,180,141,0,141,321
11/20/2021,FPR,FL,ASO,ES,Towers with Radar,0,39,44,0,83,0,17,15,0,32,0,56,59,0,115,15,0,15,130
11/21/2021,FPR,FL,ASO,ES,Towers with Radar,0,5,27,0,32,0,0,4,0,4,0,5,31,0,36,0,0,0,36
11/22/2021,FPR,FL,ASO,ES,Towers with Radar,0,21,26,0,47,0,67,36,0,103,0,88,62,0,150,226,0,226,376
11/23/2021,FPR,FL,ASO,ES,Towers with Radar,0,19,32,0,51,0,75,47,0,122,0,94,79,0,173,186,0,186,359
11/24/2021,FPR,FL,ASO,ES,Towers with Radar,0,46,32,0,78,0,119,54,0,173,0,165,86,0,251,327,0,327,578
11/25/2021,FPR,FL,ASO,ES,Towers with Radar,0,0,4,0,4,0,5,18,0,23,0,5,22,0,27,20,0,20,47
11/26/2021,FPR,FL,ASO,ES,Towers with Radar,0,21,30,0,51,0,76,48,0,124,0,97,78,0,175,303,0,303,478
11/27/2021,FPR,FL,ASO,ES,Towers with Radar,0,32,62,0,94,0,62,41,0,103,0,94,103,0,197,244,0,244,441
11/28/2021,FPR,FL,ASO,ES,Towers with Radar,0,6,66,0,72,0,11,54,0,65,0,17,120,0,137,40,0,40,177
11/29/2021,FPR,FL,ASO,ES,Towers with Radar,0,39,21,0,60,0,124,59,0,183,0,163,80,0,243,391,0,391,634
11/30/2021,FPR,FL,ASO,ES,Towers with Radar,0,52,26,0,78,0,125,80,0,205,0,177,106,0,283,307,0,307,590
12/01/2021,FPR,FL,ASO,ES,Towers with Radar,0,82,28,0,110,0,127,75,1,203,0,209,103,1,313,423,0,423,736
12/02/2021,FPR,FL,ASO,ES,Towers with Radar,0,62,33,0,95,0,103,61,0,164,0,165,94,0,259,286,0,286,545
12/03/2021,FPR,FL,ASO,ES,Towers with Radar,0,43,25,0,68,0,94,57,0,151,0,137,82,0,219,390,0,390,609
12/04/2021,FPR,FL,ASO,ES,Towers with Radar,0,24,34,0,58,0,62,66,2,130,0,86,100,2,188,330,8,338,526
12/05/2021,FPR,FL,ASO,ES,Towers with Radar,0,5,43,0,48,0,5,30,0,35,0,10,73,0,83,50,0,50,133
12/06/2021,FPR,FL,ASO,ES,Towers with Radar,0,51,26,0,77,0,98,37,0,135,0,149,63,0,212,332,0,332,544
12/07/2021,FPR,FL,ASO,ES,Towers with Radar,0,48,41,0,89,0,123,55,0,178,0,171,96,0,267,325,0,325,592
12/08/2021,FPR,FL,ASO,ES,Towers with Radar,0,27,34,0,61,0,106,44,0,150,0,133,78,0,211,312,0,312,523
12/09/2021,FPR,FL,ASO,ES,Towers with Radar,0,64,27,0,91,0,76,30,0,106,0,140,57,0,197,235,0,235,432
12/10/2021,FPR,FL,ASO,ES,Towers with Radar,0,55,40,0,95,0,93,74,0,167,0,148,114,0,262,329,0,329,591
12/11/2021,FPR,FL,ASO,ES,Towers with Radar,0,25,28,0,53,0,74,59,0,133,0,99,87,0,186,337,0,337,523
12/12/2021,FPR,FL,ASO,ES,Towers with Radar,0,8,26,2,36,0,8,36,0,44,0,16,62,2,80,24,0,24,104
12/13/2021,FPR,FL,ASO,ES,Towers with Radar,0,67,36,0,103,0,98,51,0,149,0,165,87,0,252,319,0,319,571
12/14/2021,FPR,FL,ASO,ES,Towers with Radar,0,52,29,0,81,0,59,16,0,75,0,111,45,0,156,140,0,140,296
12/15/2021,FPR,FL,ASO,ES,Towers with Radar,0,69,37,0,106,0,81,52,0,133,0,150,89,0,239,234,0,234,473
12/16/2021,FPR,FL,ASO,ES,Towers with Radar,0,67,42,0,109,0,117,77,0,194,0,184,119,0,303,357,0,357,660
12/17/2021,FPR,FL,ASO,ES,Towers with Radar,0,47,28,0,75,0,101,90,0,191,0,148,118,0,266,279,0,279,545
12/18/2021,FPR,FL,ASO,ES,Towers with Radar,0,16,27,0,43,0,51,34,0,85,0,67,61,0,128,311,0,311,439
12/19/2021,FPR,FL,ASO,ES,Towers with Radar,0,4,27,0,31,0,0,22,0,22,0,4,49,0,53,8,0,8,61
12/20/2021,FPR,FL,ASO,ES,Towers with Radar,0,37,47,1,85,0,43,38,0,81,0,80,85,1,166,212,0,212,378
12/21/2021,FPR,FL,ASO,ES,Towers with Radar,0,5,20,0,25,0,1,4,0,5,0,6,24,0,30,0,0,0,30
12/22/2021,FPR,FL,ASO,ES,Towers with Radar,0,14,34,0,48,0,59,56,0,115,0,73,90,0,163,191,0,191,354
12/23/2021,FPR,FL,ASO,ES,Towers with Radar,0,16,31,0,47,0,32,66,0,98,0,48,97,0,145,157,0,157,302
12/24/2021,FPR,FL,ASO,ES,Towers with Radar,0,2,14,0,16,0,7,27,0,34,0,9,41,0,50,6,0,6,56
12/25/2021,FPR,FL,ASO,ES,Towers with Radar,0,4,4,0,8,0,5,5,0,10,0,9,9,0,18,0,0,0,18
12/26/2021,FPR,FL,ASO,ES,Towers with Radar,0,9,77,0,86,0,3,69,0,72,0,12,146,0,158,25,0,25,183
12/27/2021,FPR,FL,ASO,ES,Towers with Radar,0,9,55,0,64,0,12,64,0,76,0,21,119,0,140,97,0,97,237
12/28/2021,FPR,FL,ASO,ES,Towers with Radar,0,5,51,0,56,0,23,46,0,69,0,28,97,0,125,41,0,41,166
12/29/2021,FPR,FL,ASO,ES,Towers with Radar,0,11,37,0,48,0,22,67,0,89,0,33,104,0,137,96,0,96,233
12/30/2021,FPR,FL,ASO,ES,Towers with Radar,0,9,36,0,45,0,35,68,0,103,0,44,104,0,148,122,0,122,270
12/31/2021,FPR,FL,ASO,ES,Towers with Radar,0,3,24,0,27,0,3,39,0,42,0,6,63,0,69,2,0,2,71
01/01/2022,FPR,FL,ASO,ES,Towers with Radar,0,5,40,0,45,0,11,47,0,58,0,16,87,0,103,6,0,6,109
01/02/2022,FPR,FL,ASO,ES,Towers with Radar,0,4,87,0,91,0,8,61,0,69,0,12,148,0,160,3,0,3,163
01/03/2022,FPR,FL,ASO,ES,Towers with Radar,0,7,82,0,89,0,35,41,0,76,0,42,123,0,165,73,0,73,238
01/04/2022,FPR,FL,ASO,ES,Towers with Radar,0,29,64,0,93,0,68,64,0,132,0,97,128,0,225,180,0,180,405
01/05/2022,FPR,FL,ASO,ES,Towers with Radar,0,30,56,0,86,0,67,66,0,133,0,97,122,0,219,260,0,260,479
01/06/2022,FPR,FL,ASO,ES,Towers with Radar,0,18,37,0,55,0,74,70,0,144,0,92,107,0,199,266,0,266,465
01/07/2022,FPR,FL,ASO,ES,Towers with Radar,0,14,23,0,37,0,87,51,0,138,0,101,74,0,175,279,0,279,454
01/08/2022,FPR,FL,ASO,ES,Towers with Radar,0,11,47,0,58,0,37,46,0,83,0,48,93,0,141,143,0,143,284
01/09/2022,FPR,FL,ASO,ES,Towers with Radar,0,2,47,0,49,0,7,43,1,51,0,9,90,1,100,2,0,2,102
01/10/2022,FPR,FL,ASO,ES,Towers with Radar,0,11,31,0,42,0,56,35,0,91,0,67,66,0,133,178,0,178,311
01/11/2022,FPR,FL,ASO,ES,Towers with Radar,0,22,28,0,50,0,47,38,0,85,0,69,66,0,135,77,0,77,212
01/12/2022,FPR,FL,ASO,ES,Towers with Radar,0,31,35,0,66,0,68,31,0,99,0,99,66,0,165,182,0,182,347
01/13/2022,FPR,FL,ASO,ES,Towers with Radar,0,19,28,0,47,0,91,49,0,140,0,110,77,0,187,447,0,447,634
01/14/2022,FPR,FL,ASO,ES,Towers with Radar,0,16,30,0,46,0,78,63,0,141,0,94,93,0,187,281,0,281,468
01/15/2022,FPR,FL,ASO,ES,Towers with Radar,0,21,37,0,58,0,74,83,0,157,0,95,120,0,215,282,0,282,497
01/16/2022,FPR,FL,ASO,ES,Towers with Radar,0,7,15,0,22,0,1,6,1,8,0,8,21,1,30,0,0,0,30
01/17/2022,FPR,FL,ASO,ES,Towers with Radar,0,29,71,0,100,0,79,51,0,130,0,108,122,0,230,165,0,165,395
01/18/2022,FPR,FL,ASO,ES,Towers with Radar,0,35,43,0,78,0,124,51,0,175,0,159,94,0,253,377,0,377,630
01/19/2022,FPR,FL,ASO,ES,Towers with Radar,0,54,49,0,103,0,118,57,0,175,0,172,106,0,278,283,0,283,561
01/20/2022,FPR,FL,ASO,ES,Towers with Radar,0,41,47,0,88,0,110,73,0,183,0,151,120,0,271,271,0,271,542
01/21/2022,FPR,FL,ASO,ES,Towers with Radar,0,39,33,0,72,0,92,45,0,137,0,131,78,0,209,282,0,282,491
01/22/2022,FPR,FL,ASO,ES,Towers with Radar,0,12,43,0,55,0,0,1,0,1,0,12,44,0,56,0,0,0,56
01/23/2022,FPR,FL,ASO,ES,Towers with Radar,0,7,64,0,71,0,1,6,0,7,0,8,70,0,78,2,0,2,80
01/24/2022,FPR,FL,ASO,ES,Towers with Radar,0,36,26,0,62,0,133,76,0,209,0,169,102,0,271,360,0,360,631
01/25/2022,FPR,FL,ASO,ES,Towers with Radar,0,47,25,0,72,0,130,45,0,175,0,177,70,0,247,370,0,370,617
01/26/2022,FPR,FL,ASO,ES,Towers with Radar,0,33,22,0,55,0,6,2,0,8,0,39,24,0,63,25,0,25,88
01/27/2022,FPR,FL,ASO,ES,Towers with Radar,0,25,51,0,76,0,80,42,0,122,0,105,93,0,198,167,0,167,365
01/28/2022,FPR,FL,ASO,ES,Towers with Radar,0,10,29,0,39,0,47,9,0,56,0,57,38,0,95,118,0,118,213
01/29/2022,FPR,FL,ASO,ES,Towers with Radar,0,11,22,0,33,0,41,19,0,60,0,52,41,0,93,58,0,58,151
01/30/2022,FPR,FL,ASO,ES,Towers with Radar,0,5,28,0,33,0,9,38,0,47,0,14,66,0,80,44,0,44,124
01/31/2022,FPR,FL,ASO,ES,Towers with Radar,0,39,26,0,65,0,165,65,0,230,0,204,91,0,295,395,0,395,690
02/01/2022,FPR,FL,ASO,ES,Towers with Radar,0,23,28,0,51,0,161,75,0,236,0,184,103,0,287,518,0,518,805
02/02/2022,FPR,FL,ASO,ES,Towers with Radar,0,34,43,0,77,0,104,70,0,174,0,138,113,0,251,299,0,299,550
02/03/2022,FPR,FL,ASO,ES,Towers with Radar,0,37,25,0,62,0,126,68,0,194,0,163,93,0,256,330,0,330,586
02/04/2022,FPR,FL,ASO,ES,Towers with Radar,0,32,38,1,71,0,131,95,1,227,0,163,133,2,298,340,0,340,638
02/05/2022,FPR,FL,ASO,ES,Towers with Radar,0,18,45,0,63,0,10,17,0,27,0,28,62,0,90,67,0,67,157
02/06/2022,FPR,FL,ASO,ES,Towers with Radar,0,2,52,0,54,0,4,36,0,40,0,6,88,0,94,26,0,26,120
02/07/2022,FPR,FL,ASO,ES,Towers with Radar,0,44,42,0,86,0,58,26,0,84,0,102,68,0,170,220,0,220,390
02/08/2022,FPR,FL,ASO,ES,Towers with Radar,0,21,33,0,54,0,94,21,0,115,0,115,54,0,169,252,0,252,421
02/09/2022,FPR,FL,ASO,ES,Towers with Radar,0,39,44,0,83,0,129,22,0,151,0,168,66,0,234,415,0,415,649
02/10/2022,FPR,FL,ASO,ES,Towers with Radar,0,40,36,0,76,0,135,99,0,234,0,175,135,0,310,501,0,501,811
02/11/2022,FPR,FL,ASO,ES,Towers with Radar,0,47,57,0,104,0,139,106,0,245,0,186,163,0,349,535,0,535,884
02/12/2022,FPR,FL,ASO,ES,Towers with Radar,0,19,49,0,68,0,90,80,0,170,0,109,129,0,238,350,0,350,588
02/13/2022,FPR,FL,ASO,ES,Towers with Radar,0,7,52,0,59,0,5,17,0,22,0,12,69,0,81,26,0,26,107
02/14/2022,FPR,FL,ASO,ES,Towers with Radar,0,11,27,0,38,0,63,49,0,112,0,74,76,0,150,147,0,147,297
02/15/2022,FPR,FL,ASO,ES,Towers with Radar,0,57,54,0,111,0,108,52,0,160,0,165,106,0,271,374,0,374,645
02/16/2022,FPR,FL,ASO,ES,Towers with Radar,0,62,29,0,91,0,103,39,0,142,0,165,68,0,233,177,0,177,410
02/17/2022,FPR,FL,ASO,ES,Towers with Radar,0,34,43,0,77,0,83,43,0,126,0,117,86,0,203,229,0,229,432
02/18/2022,FPR,FL,ASO,ES,Towers with Radar,0,40,47,0,87,1,75,51,0,127,1,115,98,0,214,370,0,370,584
02/19/2022,FPR,FL,ASO,ES,Towers with Radar,0,11,31,0,42,0,13,18,1,32,0,24,49,1,74,106,0,106,180
02/20/2022,FPR,FL,ASO,ES,Towers with Radar,0,4,82,0,86,0,4,53,0,57,0,8,135,0,143,0,0,0,143
02/21/2022,FPR,FL,ASO,ES,Towers with Radar,0,39,64,0,103,0,134,81,0,215,0,173,145,0,318,499,0,499,817
02/22/2022,FPR,FL,ASO,ES,Towers with Radar,0,52,58,0,110,0,135,65,0,200,0,187,123,0,310,398,0,398,708
02/23/2022,FPR,FL,ASO,ES,Towers with Radar,0,45,52,0,97,0,124,84,0,208,0,169,136,0,305,438,0,438,743
02/24/2022,FPR,FL,ASO,ES,Towers with Radar,0,54,41,0,95,0,122,71,0,193,0,176,112,0,288,390,0,390,678
02/25/2022,FPR,FL,ASO,ES,Towers with Radar,0,67,55,0,122,0,108,82,0,190,0,175,137,0,312,372,0,372,684
02/26/2022,FPR,FL,ASO,ES,Towers with Radar,0,27,49,0,76,0,68,96,0,164,0,95,145,0,240,395,0,395,635
02/27/2022,FPR,FL,ASO,ES,Towers with Radar,0,11,57,0,68,0,9,56,0,65,0,20,113,0,133,19,0,19,152
02/28/2022,FPR,FL,ASO,ES,Towers with Radar,0,29,42,1,72,0,98,68,0,166,0,127,110,1,238,392,0,392,630
03/01/2022,FPR,FL,ASO,ES,Towers with Radar,0,27,37,2,66,0,63,25,0,88,0,90,62,2,154,225,0,225,379
03/02/2022,FPR,FL,ASO,ES,Towers with Radar,0,54,43,0,97,0,104,82,0,186,0,158,125,0,283,454,0,454,737
03/03/2022,FPR,FL,ASO,ES,Towers with Radar,0,44,45,5,94,0,101,85,2,188,0,145,130,7,282,451,0,451,733
03/04/2022,FPR,FL,ASO,ES,Towers with Radar,0,48,52,0,100,0,98,78,0,176,0,146,130,0,276,366,0,366,642
03/05/2022,FPR,FL,ASO,ES,Towers with Radar,0,21,52,0,73,0,53,46,0,99,0,74,98,0,172,121,0,121,293
03/06/2022,FPR,FL,ASO,ES,Towers with Radar,0,10,42,0,52,0,5,23,0,28,0,15,65,0,80,0,0,0,80
03/07/2022,FPR,FL,ASO,ES,Towers with Radar,0,41,30,0,71,0,82,36,0,118,0,123,66,0,189,242,0,242,431
03/08/2022,FPR,FL,ASO,ES,Towers with Radar,0,45,28,0,73,0,109,51,0,160,0,154,79,0,233,468,0,468,701
03/09/2022,FPR,FL,ASO,ES,Towers with Radar,0,31,35,0,66,0,74,34,0,108,0,105,69,0,174,224,0,224,398
03/10/2022,FPR,FL,ASO,ES,Towers with Radar,0,33,41,0,74,0,78,49,0,127,0,111,90,0,201,405,0,405,606
03/11/2022,FPR,FL,ASO,ES,Towers with Radar,0,36,45,0,81,0,97,50,0,147,0,133,95,0,228,372,0,372,600
03/12/2022,FPR,FL,ASO,ES,Towers with Radar,0,12,28,0,40,0,20,6,0,26,0,32,34,0,66,28,0,28,94
03/13/2022,FPR,FL,ASO,ES,Towers with Radar,0,2,74,0,76,0,3,35,0,38,0,5,109,0,114,30,0,30,144
03/14/2022,FPR,FL,ASO,ES,Towers with Radar,0,35,52,0,87,0,124,69,0,193,0,159,121,0,280,369,0,369,649
03/15/2022,FPR,FL,ASO,ES,Towers with Radar,0,43,29,0,72,0,62,37,0,99,0,105,66,0,171,357,0,357,528
03/16/2022,FPR,FL,ASO,ES,Towers with Radar,0,31,39,0,70,0,36,21,0,57,0,67,60,0,127,148,0,148,275
03/17/2022,FPR,FL,ASO,ES,Towers with Radar,0,46,55,0,101,0,88,54,0,142,0,134,109,0,243,358,0,358,601
03/18/2022,FPR,FL,ASO,ES,Towers with Radar,0,34,51,0,85,0,77,72,0,149,0,111,123,0,234,293,0,293,527
03/19/2022,FPR,FL,ASO,ES,Towers with Radar,0,27,76,0,103,0,53,65,0,118,0,80,141,0,221,238,0,238,459
03/20/2022,FPR,FL,ASO,ES,Towers with Radar,0,11,63,0,74,0,11,68,0,79,0,22,131,0,153,15,0,15,168
03/21/2022,FPR,FL,ASO,ES,Towers with Radar,0,44,39,0,83,0,114,73,0,187,0,158,112,0,270,295,0,295,565
03/22/2022,FPR,FL,ASO,ES,Towers with Radar,0,52,35,0,87,0,86,50,0,136,0,138,85,0,223,175,0,175,398
03/23/2022,FPR,FL,ASO,ES,Towers with Radar,0,50,29,0,79,0,78,45,0,123,0,128,74,0,202,189,0,189,391
03/24/2022,FPR,FL,ASO,ES,Towers with Radar,0,41,23,0,64,0,46,26,0,72,0,87,49,0,136,123,0,123,259
03/25/2022,FPR,FL,ASO,ES,Towers with Radar,0,36,57,0,93,0,112,53,0,165,0,148,110,0,258,451,0,451,709
03/26/2022,FPR,FL,ASO,ES,Towers with Radar,0,15,57,0,72,0,48,116,0,164,0,63,173,0,236,224,0,224,460
03/27/2022,FPR,FL,ASO,ES,Towers with Radar,0,10,61,0,71,0,7,61,1,69,0,17,122,1,140,9,0,9,149
03/28/2022,FPR,FL,ASO,ES,Towers with Radar,0,24,45,0,69,0,95,100,0,195,0,119,145,0,264,339,0,339,603
03/29/2022,FPR,FL,ASO,ES,Towers with Radar,0,48,48,3,99,0,114,84,0,198,0,162,132,3,297,430,0,430,727
03/30/2022,FPR,FL,ASO,ES,Towers with Radar,0,21,40,0,61,0,52,49,0,101,0,73,89,0,162,161,0,161,323
03/31/2022,FPR,FL,ASO,ES,Towers with Radar,0,17,57,0,74,0,50,58,0,108,0,67,115,0,182,157,0,157,339
04/01/2022,FPR,FL,ASO,ES,Towers with Radar,0,8,94,0,102,0,40,24,0,64,0,48,118,0,166,147,0,147,313
04/02/2022,FPR,FL,ASO,ES,Towers with Radar,0,14,48,0,62,0,25,21,0,46,0,39,69,0,108,143,0,143,251
04/03/2022,FPR,FL,ASO,ES,Towers with Radar,0,4,61,0,65,0,3,49,0,52,0,7,110,0,117,46,0,46,163
04/04/2022,FPR,FL,ASO,ES,Towers with Radar,0,42,57,0,99,0,83,78,0,161,0,125,135,0,260,321,0,321,581
04/05/2022,FPR,FL,ASO,ES,Towers with Radar,0,45,28,0,73,0,57,71,0,128,0,102,99,0,201,257,0,257,458
04/06/2022,FPR,FL,ASO,ES,Towers with Radar,0,38,36,0,74,0,81,64,0,145,0,119,100,0,219,204,0,204,423
04/07/2022,FPR,FL,ASO,ES,Towers with Radar,0,5,47,0,52,0,36,23,0,59,0,41,70,0,111,94,0,94,205
04/08/2022,FPR,FL,ASO,ES,Towers with Radar,0,23,54,0,77,0,89,78,0,167,0,112,132,0,244,338,0,338,582
04/09/2022,FPR,FL,ASO,ES,Towers with Radar,0,11,48,0,59,0,30,78,0,108,0,41,126,0,167,203,0,203,370
04/10/2022,FPR,FL,ASO,ES,Towers with Radar,0,8,58,0,66,0,5,68,0,73,0,13,126,0,139,20,0,20,159
04/11/2022,FPR,FL,ASO,ES,Towers with Radar,0,40,43,0,83,0,98,87,0,185,0,138,130,0,268,327,0,327,595
04/12/2022,FPR,FL,ASO,ES,Towers with Radar,0,50,33,0,83,0,81,82,0,163,0,131,115,0,246,281,0,281,527
04/13/2022,FPR,FL,ASO,ES,Towers with Radar,0,54,48,0,102,0,86,78,0,164,0,140,126,0,266,246,0,246,512
04/14/2022,FPR,FL,ASO,ES,Towers with Radar,0,30,49,0,79,0,84,81,0,165,0,114,130,0,244,338,0,338,582
04/15/2022,FPR,FL,ASO,ES,Towers with Radar,0,20,52,0,72,0,47,36,0,83,0,67,88,0,155,132,0,132,287
04/16/2022,FPR,FL,ASO,ES,Towers with Radar,0,22,69,0,91,0,54,71,0,125,0,76,140,0,216,200,0,200,416
04/17/2022,FPR,FL,ASO,ES,Towers with Radar,0,4,31,0,35,0,17,41,0,58,0,21,72,0,93,45,0,45,138
04/18/2022,FPR,FL,ASO,ES,Towers with Radar,0,21,50,0,71,0,85,54,0,139,0,106,104,0,210,251,0,251,461
04/19/2022,FPR,FL,ASO,ES,Towers with Radar,0,9,37,0,46,0,61,44,0,105,0,70,81,0,151,95,0,95,246
04/20/2022,FPR,FL,ASO,ES,Towers with Radar,0,38,41,0,79,0,96,56,0,152,0,134,97,0,231,213,0,213,444
04/21/2022,FPR,FL,ASO,ES,Towers with Radar,0,44,47,0,91,0,36,46,0,82,0,80,93,0,173,147,0,147,320
04/22/2022,FPR,FL,ASO,ES,Towers with Radar,0,30,46,0,76,0,81,66,0,147,0,111,112,0,223,205,0,205,428
04/23/2022,FPR,FL,ASO,ES,Towers with Radar,0,27,55,2,84,0,55,58,0,113,0,82,113,2,197,152,0,152,349
04/24/2022,FPR,FL,ASO,ES,Towers with Radar,0,6,60,0,66,0,3,62,0,65,0,9,122,0,131,30,0,30,161
04/25/2022,FPR,FL,ASO,ES,Towers with Radar,0,53,64,0,117,0,114,63,0,177,0,167,127,0,294,304,0,304,598
04/26/2022,FPR,FL,ASO,ES,Towers with Radar,0,57,45,0,102,0,120,91,0,211,0,177,136,0,313,354,0,354,667
04/27/2022,FPR,FL,ASO,ES,Towers with Radar,0,28,30,0,58,0,78,96,0,174,0,106,126,0,232,314,0,314,546
04/28/2022,FPR,FL,ASO,ES,Towers with Radar,1,34,52,0,87,0,87,78,0,165,1,121,130,0,252,236,0,236,488
04/29/2022,FPR,FL,ASO,ES,Towers with Radar,1,16,46,0,63,0,24,25,0,49,1,40,71,0,112,93,0,93,205
04/30/2022,FPR,FL,ASO,ES,Towers with Radar,2,24,39,0,65,0,43,35,2,80,2,67,74,2,145,235,0,235,380
05/01/2022,FPR,FL,ASO,ES,Towers with Radar,0,12,53,0,65,0,4,28,0,32,0,16,81,0,97,33,0,33,130
05/02/2022,FPR,FL,ASO,ES,Towers with Radar,0,73,38,0,111,0,93,78,0,171,0,166,116,0,282,289,0,289,571
05/03/2022,FPR,FL,ASO,ES,Towers with Radar,0,63,38,0,101,0,110,77,0,187,0,173,115,0,288,395,0,395,683
05/04/2022,FPR,FL,ASO,ES,Towers with Radar,0,49,41,0,90,0,73,64,0,137,0,122,105,0,227,264,0,264,491
05/05/2022,FPR,FL,ASO,ES,Towers with Radar,0,39,29,0,68,0,99,85,0,184,0,138,114,0,252,287,0,287,539
05/06/2022,FPR,FL,ASO,ES,Towers with Radar,0,20,38,0,58,0,60,91,0,151,0,80,129,0,209,256,0,256,465
05/07/2022,FPR,FL,ASO,ES,Towers with Radar,0,6,30,0,36,0,23,24,0,47,0,29,54,0,83,147,0,147,230
05/08/2022,FPR,FL,ASO,ES,Towers with Radar,0,2,45,0,47,0,1,61,0,62,0,3,106,0,109,50,0,50,159
05/09/2022,FPR,FL,ASO,ES,Towers with Radar,0,39,37,0,76,0,86,68,0,154,0,125,105,0,230,231,0,231,461
05/10/2022,FPR,FL,ASO,ES,Towers with Radar,0,22,49,0,71,0,75,66,0,141,0,97,115,0,212,216,0,216,428
05/11/2022,FPR,FL,ASO,ES,Towers with Radar,0,13,21,0,34,0,31,41,0,72,0,44,62,0,106,81,0,81,187
05/12/2022,FPR,FL,ASO,ES,Towers with Radar,0,10,35,0,45,0,79,73,0,152,0,89,108,0,197,210,0,210,407
05/13/2022,FPR,FL,ASO,ES,Towers with Radar,0,25,28,0,53,0,81,61,0,142,0,106,89,0,195,375,0,375,570
05/14/2022,FPR,FL,ASO,ES,Towers with Radar,0,26,40,0,66,0,39,71,0,110,0,65,111,0,176,216,0,216,392
05/15/2022,FPR,FL,ASO,ES,Towers with Radar,0,6,51,0,57,0,5,36,0,41,0,11,87,0,98,33,0,33,131
05/16/2022,FPR,FL,ASO,ES,Towers with Radar,0,29,46,0,75,0,74,50,0,124,0,103,96,0,199,318,0,318,517
05/17/2022,FPR,FL,ASO,ES,Towers with Radar,0,33,29,2,64,0,111,108,0,219,0,144,137,2,283,291,0,291,574
05/18/2022,FPR,FL,ASO,ES,Towers with Radar,0,56,37,0,93,0,86,54,0,140,0,142,91,0,233,209,0,209,442
05/19/2022,FPR,FL,ASO,ES,Towers with Radar,0,33,48,0,81,0,77,88,0,165,0,110,136,0,246,291,0,291,537
05/20/2022,FPR,FL,ASO,ES,Towers with Radar,0,23,45,0,68,0,42,35,0,77,0,65,80,0,145,144,0,144,289
05/21/2022,FPR,FL,ASO,ES,Towers with Radar,0,23,51,0,74,0,31,24,0,55,0,54,75,0,129,158,0,158,287
05/22/2022,FPR,FL,ASO,ES,Towers with Radar,0,6,67,0,73,0,11,60,0,71,0,17,127,0,144,6,0,6,150
05/23/2022,FPR,FL,ASO,ES,Towers with Radar,0,45,44,0,89,0,84,76,0,160,0,129,120,0,249,288,0,288,537
05/24/2022,FPR,FL,ASO,ES,Towers with Radar,0,46,37,0,83,0,103,66,0,169,0,149,103,0,252,195,0,195,447
05/25/2022,FPR,FL,ASO,ES,Towers with Radar,0,44,35,0,79,0,103,78,0,181,0,147,113,0,260,171,0,171,431
05/26/2022,FPR,FL,ASO,ES,Towers with Radar,0,44,48,0,92,0,85,90,0,175,0,129,138,0,267,184,0,184,451
05/27/2022,FPR,FL,ASO,ES,Towers with Radar,0,40,39,0,79,0,111,71,0,182,0,151,110,0,261,294,0,294,555
05/28/2022,FPR,FL,ASO,ES,Towers with Radar,0,11,50,0,61,0,42,50,0,92,0,53,100,0,153,185,0,185,338
05/29/2022,FPR,FL,ASO,ES,Towers with Radar,0,2,29,0,31,0,4,41,0,45,0,6,70,0,76,20,0,20,96
05/30/2022,FPR,FL,ASO,ES,Towers with Radar,0,2,58,0,60,0,17,41,0,58,0,19,99,0,118,38,0,38,156
05/31/2022,FPR,FL,ASO,ES,Towers with Radar,0,37,34,0,71,0,79,62,0,141,0,116,96,0,212,211,0,211,423
06/01/2022,FPR,FL,ASO,ES,Towers with Radar,0,26,45,0,71,0,42,31,0,73,0,68,76,0,144,125,0,125,269
06/02/2022,FPR,FL,ASO,ES,Towers with Radar,0,41,42,0,83,0,86,66,0,152,0,127,108,0,235,222,0,222,457
06/03/2022,FPR,FL,ASO,ES,Towers with Radar,0,31,51,0,82,0,23,32,0,55,0,54,83,0,137,120,0,120,257
06/04/2022,FPR,FL,ASO,ES,Towers with Radar,0,3,0,0,3,0,2,3,0,5,0,5,3,0,8,4,0,4,12
06/05/2022,FPR,FL,ASO,ES,Towers with Radar,0,3,40,0,43,0,6,72,0,78,0,9,112,0,121,52,0,52,173
06/06/2022,FPR,FL,ASO,ES,Towers with Radar,0,27,37,0,64,0,71,53,0,124,0,98,90,0,188,333,0,333,521
06/07/2022,FPR,FL,ASO,ES,Towers with Radar,0,34,34,0,68,0,71,68,0,139,0,105,102,0,207,390,0,390,597
06/08/2022,FPR,FL,ASO,ES,Towers with Radar,0,12,27,0,39,0,83,55,1,139,0,95,82,1,178,208,0,208,386
06/09/2022,FPR,FL,ASO,ES,Towers with Radar,0,16,33,0,49,0,68,41,0,109,0,84,74,0,158,199,0,199,357
06/10/2022,FPR,FL,ASO,ES,Towers with Radar,0,14,34,0,48,0,41,44,0,85,0,55,78,0,133,175,0,175,308
06/11/2022,FPR,FL,ASO,ES,Towers with Radar,0,12,49,0,61,0,44,49,2,95,0,56,98,2,156,223,0,223,379
06/12/2022,FPR,FL,ASO,ES,Towers with Radar,0,6,41,0,47,0,2,47,0,49,0,8,88,0,96,46,0,46,142
06/13/2022,FPR,FL,ASO,ES,Towers with Radar,0,34,38,0,72,0,95,60,0,155,0,129,98,0,227,318,0,318,545
06/14/2022,FPR,FL,ASO,ES,Towers with Radar,0,27,29,0,56,0,82,79,0,161,0,109,108,0,217,274,0,274,491
06/15/2022,FPR,FL,ASO,ES,Towers with Radar,0,40,27,0,67,0,99,63,0,162,0,139,90,0,229,322,0,322,551
06/16/2022,FPR,FL,ASO,ES,Towers with Radar,0,27,31,0,58,0,84,68,0,152,0,111,99,0,210,369,0,369,579
06/17/2022,FPR,FL,ASO,ES,Towers with Radar,0,29,41,0,70,0,97,41,0,138,0,126,82,0,208,313,0,313,521
06/18/2022,FPR,FL,ASO,ES,Towers with Radar,0,6,63,0,69,0,30,53,0,83,0,36,116,0,152,209,0,209,361
06/19/2022,FPR,FL,ASO,ES,Towers with Radar,0,2,39,0,41,0,3,35,0,38,0,5,74,0,79,15,0,15,94
06/20/2022,FPR,FL,ASO,ES,Towers with Radar,0,21,45,0,66,0,79,47,0,126,0,100,92,0,192,274,0,274,466
06/21/2022,FPR,FL,ASO,ES,Towers with Radar,0,30,40,0,70,0,87,50,0,137,0,117,90,0,207,245,0,245,452
06/22/2022,FPR,FL,ASO,ES,Towers with Radar,0,32,41,0,73,0,90,48,1,139,0,122,89,1,212,289,0,289,501
06/23/2022,FPR,FL,ASO,ES,Towers with Radar,0,23,30,0,53,0,67,48,0,115,0,90,78,0,168,317,0,317,485
06/24/2022,FPR,FL,ASO,ES,Towers with Radar,0,23,23,0,46,0,65,43,0,108,0,88,66,0,154,250,0,250,404
06/25/2022,FPR,FL,ASO,ES,Towers with Radar,0,21,50,0,71,0,31,42,0,73,0,52,92,0,144,193,0,193,337
06/26/2022,FPR,FL,ASO,ES,Towers with Radar,0,0,57,1,58,0,2,39,1,42,0,2,96,2,100,0,0,0,100
06/27/2022,FPR,FL,ASO,ES,Towers with Radar,0,37,41,0,78,0,78,42,0,120,0,115,83,0,198,404,0,404,602
06/28/2022,FPR,FL,ASO,ES,Towers with Radar,0,32,38,0,70,0,65,55,0,120,0,97,93,0,190,345,0,345,535
06/29/2022,FPR,FL,ASO,ES,Towers with Radar,0,23,42,0,65,0,45,30,0,75,0,68,72,0,140,227,0,227,367
06/30/2022,FPR,FL,ASO,ES,Towers with Radar,0,35,49,0,84,0,39,47,0,86,0,74,96,0,170,244,0,244,414
07/01/2022,FPR,FL,ASO,ES,Towers with Radar,0,31,66,0,97,0,65,58,0,123,0,96,124,0,220,210,0,210,430
07/02/2022,FPR,FL,ASO,ES,Towers with Radar,0,9,48,0,57,0,50,62,0,112,0,59,110,0,169,204,0,204,373
07/03/2022,FPR,FL,ASO,ES,Towers with Radar,0,4,31,0,35,0,5,35,0,40,0,9,66,0,75,33,0,33,108
07/04/2022,FPR,FL,ASO,ES,Towers with Radar,0,0,42,0,42,0,2,43,0,45,0,2,85,0,87,8,0,8,95
07/05/2022,FPR,FL,ASO,ES,Towers with Radar,0,47,49,0,96,0,95,55,0,150,0,142,104,0,246,176,0,176,422
07/06/2022,FPR,FL,ASO,ES,Towers with Radar,0,42,46,0,88,0,57,47,0,104,0,99,93,0,192,236,0,236,428
07/07/2022,FPR,FL,ASO,ES,Towers with Radar,0,43,25,0,68,0,70,54,0,124,0,113,79,0,192,258,0,258,450
07/08/2022,FPR,FL,ASO,ES,Towers with Radar,0,22,29,0,51,0,82,63,0,145,0,104,92,0,196,274,0,274,470
07/09/2022,FPR,FL,ASO,ES,Towers with Radar,0,23,43,0,66,0,51,38,0,89,0,74,81,0,155,173,0,173,328
07/10/2022,FPR,FL,ASO,ES,Towers with Radar,0,1,48,0,49,0,2,51,0,53,0,3,99,0,102,31,0,31,133
07/11/2022,FPR,FL,ASO,ES,Towers with Radar,0,42,30,0,72,0,89,31,0,120,0,131,61,0,192,177,0,177,369
07/12/2022,FPR,FL,ASO,ES,Towers with Radar,0,37,36,0,73,0,71,41,0,112,0,108,77,0,185,223,0,223,408
07/13/2022,FPR,FL,ASO,ES,Towers with Radar,0,63,49,0,112,0,91,54,0,145,0,154,103,0,257,259,0,259,516
07/14/2022,FPR,FL,ASO,ES,Towers with Radar,0,41,31,0,72,0,88,47,0,135,0,129,78,0,207,206,0,206,413
07/15/2022,FPR,FL,ASO,ES,Towers with Radar,0,53,26,0,79,0,106,55,0,161,0,159,81,0,240,241,0,241,481
07/16/2022,FPR,FL,ASO,ES,Towers with Radar,0,15,37,0,52,0,36,43,0,79,0,51,80,0,131,171,0,171,302
07/17/2022,FPR,FL,ASO,ES,Towers with Radar,0,1,27,0,28,0,2,19,0,21,0,3,46,0,49,0,0,0,49
07/18/2022,FPR,FL,ASO,ES,Towers with Radar,0,36,52,0,88,0,78,43,0,121,0,114,95,0,209,200,0,200,409
07/19/2022,FPR,FL,ASO,ES,Towers with Radar,0,66,25,0,91,0,112,54,0,166,0,178,79,0,257,220,0,220,477
07/20/2022,FPR,FL,ASO,ES,Towers with Radar,0,53,53,0,106,0,93,70,1,164,0,146,123,1,270,230,0,230,500
07/21/2022,FPR,FL,ASO,ES,Towers with Radar,0,49,31,0,80,0,89,48,1,138,0,138,79,1,218,216,0,216,434
07/22/2022,FPR,FL,ASO,ES,Towers with Radar,0,39,41,0,80,0,76,32,0,108,0,115,73,0,188,198,0,198,386
07/23/2022,FPR,FL,ASO,ES,Towers with Radar,0,25,44,0,69,0,58,43,0,101,0,83,87,0,170,160,0,160,330
07/24/2022,FPR,FL,ASO,ES,Towers with Radar,0,6,50,0,56,0,1,52,0,53,0,7,102,0,109,0,0,0,109
07/25/2022,FPR,FL,ASO,ES,Towers with Radar,0,38,35,0,73,0,84,51,0,135,0,122,86,0,208,231,0,231,439
07/26/2022,FPR,FL,ASO,ES,Towers with Radar,0,33,24,0,57,0,57,51,0,108,0,90,75,0,165,159,0,159,324
07/27/2022,FPR,FL,ASO,ES,Towers with Radar,0,52,23,0,75,0,100,53,0,153,0,152,76,0,228,222,0,222,450
07/28/2022,FPR,FL,ASO,ES,Towers with Radar,0,72,29,0,101,0,110,57,0,167,0,182,86,0,268,276,0,276,544
07/29/2022,FPR,FL,ASO,ES,Towers with Radar,0,39,64,0,103,0,114,56,0,170,0,153,120,0,273,235,0,235,508
07/30/2022,FPR,FL,ASO,ES,Towers with Radar,0,21,38,0,59,0,47,51,0,98,0,68,89,0,157,220,0,220,377
07/31/2022,FPR,FL,ASO,ES,Towers with Radar,0,3,47,4,54,0,4,53,0,57,0,7,100,4,111,24,0,24,135
08/01/2022,FPR,FL,ASO,ES,Towers with Radar,0,48,39,0,87,0,70,33,0,103,0,118,72,0,190,223,0,223,413
08/02/2022,FPR,FL,ASO,ES,Towers with Radar,0,39,28,0,67,0,79,51,0,130,0,118,79,0,197,282,0,282,479
08/03/2022,FPR,FL,ASO,ES,Towers with Radar,0,44,29,0,73,0,71,67,0,138,0,115,96,0,211,163,19,182,393
08/04/2022,FPR,FL,ASO,ES,Towers with Radar,0,36,35,0,71,0,61,52,0,113,0,97,87,0,184,182,0,182,366
08/05/2022,FPR,FL,ASO,ES,Towers with Radar,0,61,41,0,102,0,95,41,0,136,0,156,82,0,238,254,0,254,492
08/06/2022,FPR,FL,ASO,ES,Towers with Radar,0,24,51,0,75,0,50,41,0,91,0,74,92,0,166,117,0,117,283
08/07/2022,FPR,FL,ASO,ES,Towers with Radar,0,2,46,0,48,0,3,45,0,48,0,5,91,0,96,12,0,12,108
08/08/2022,FPR,FL,ASO,ES,Towers with Radar,0,35,49,0,84,0,68,33,0,101,0,103,82,0,185,341,0,341,526
08/09/2022,FPR,FL,ASO,ES,Towers with Radar,0,36,27,0,63,0,28,55,0,83,0,64,82,0,146,126,0,126,272
08/10/2022,FPR,FL,ASO,ES,Towers with Radar,0,65,38,1,104,0,68,77,0,145,0,133,115,1,249,206,0,206,455
08/11/2022,FPR,FL,ASO,ES,Towers with Radar,0,49,41,0,90,0,72,77,0,149,0,121,118,0,239,267,0,267,506
08/12/2022,FPR,FL,ASO,ES,Towers with Radar,0,39,32,0,71,0,83,41,0,124,0,122,73,0,195,251,0,251,446
08/13/2022,FPR,FL,ASO,ES,Towers with Radar,0,15,21,0,36,0,37,41,0,78,0,52,62,0,114,112,0,112,226
08/14/2022,FPR,FL,ASO,ES,Towers with Radar,0,0,26,0,26,0,2,50,0,52,0,2,76,0,78,9,0,9,87
08/15/2022,FPR,FL,ASO,ES,Towers with Radar,0,29,14,0,43,0,59,63,0,122,0,88,77,0,165,166,0,166,331
08/16/2022,FPR,FL,ASO,ES,Towers with Radar,0,30,19,0,49,0,53,56,0,109,0,83,75,0,158,161,0,161,319
08/17/2022,FPR,FL,ASO,ES,Towers with Radar,0,28,21,0,49,0,80,50,0,130,0,108,71,0,179,149,0,149,328
08/18/2022,FPR,FL,ASO,ES,Towers with Radar,0,33,21,0,54,0,43,40,0,83,0,76,61,0,137,90,0,90,227
08/19/2022,FPR,FL,ASO,ES,Towers with Radar,0,53,24,0,77,0,80,50,0,130,0,133,74,0,207,184,0,184,391
08/20/2022,FPR,FL,ASO,ES,Towers with Radar,0,24,32,0,56,0,47,33,0,80,0,71,65,0,136,182,0,182,318
08/21/2022,FPR,FL,ASO,ES,Towers with Radar,0,2,27,0,29,0,9,37,0,46,0,11,64,0,75,17,0,17,92
08/22/2022,FPR,FL,ASO,ES,Towers with Radar,0,59,24,0,83,0,95,46,0,141,0,154,70,0,224,172,0,172,396
08/23/2022,FPR,FL,ASO,ES,Towers with Radar,0,70,27,0,97,0,90,49,2,141,0,160,76,2,238,164,0,164,402
08/24/2022,FPR,FL,ASO,ES,Towers with Radar,0,56,26,0,82,0,70,49,0,119,0,126,75,0,201,197,0,197,398
08/25/2022,FPR,FL,ASO,ES,Towers with Radar,0,38,43,0,81,0,60,57,0,117,0,98,100,0,198,170,0,170,368
08/26/2022,FPR,FL,ASO,ES,Towers with Radar,0,49,31,0,80,0,82,31,0,113,0,131,62,0,193,202,0,202,395
08/27/2022,FPR,FL,ASO,ES,Towers with Radar,0,10,22,0,32,0,27,28,0,55,0,37,50,0,87,108,0,108,195
08/28/2022,FPR,FL,ASO,ES,Towers with Radar,0,1,41,0,42,0,2,29,0,31,0,3,70,0,73,47,0,47,120
08/29/2022,FPR,FL,ASO,ES,Towers with Radar,0,41,37,0,78,0,81,44,1,126,0,122,81,1,204,195,0,195,399
08/30/2022,FPR,FL,ASO,ES,Towers with Radar,0,31,33,0,64,0,58,56,0,114,0,89,89,0,178,204,0,204,382
08/31/2022,FPR,FL,ASO,ES,Towers with Radar,0,31,51,6,88,0,78,49,0,127,0,109,100,6,215,283,0,283,498
09/01/2022,FPR,FL,ASO,ES,Towers with Radar,0,26,39,0,65,0,62,49,0,111,0,88,88,0,176,294,0,294,470
09/02/2022,FPR,FL,ASO,ES,Towers with Radar,0,48,49,0,97,0,66,52,0,118,0,114,101,0,215,301,0,301,516
09/03/2022,FPR,FL,ASO,ES,Towers with Radar,0,13,16,0,29,0,35,26,0,61,0,48,42,0,90,160,0,160,250
09/04/2022,FPR,FL,ASO,ES,Towers with Radar,0,1,27,1,29,0,10,27,1,38,0,11,54,2,67,7,0,7,74
09/05/2022,FPR,FL,ASO,ES,Towers with Radar,0,7,45,0,52,0,7,65,0,72,0,14,110,0,124,37,0,37,161
09/06/2022,FPR,FL,ASO,ES,Towers with Radar,0,28,40,0,68,0,79,64,0,143,0,107,104,0,211,318,0,318,529
09/07/2022,FPR,FL,ASO,ES,Towers with Radar,0,48,48,0,96,0,69,37,0,106,0,117,85,0,202,284,0,284,486
09/08/2022,FPR,FL,ASO,ES,Towers with Radar,0,21,29,0,50,0,27,33,0,60,0,48,62,0,110,121,0,121,231
09/09/2022,FPR,FL,ASO,ES,Towers with Radar,0,25,27,0,52,0,65,25,0,90,0,90,52,0,142,225,0,225,367
09/10/2022,FPR,FL,ASO,ES,Towers with Radar,0,31,17,0,48,0,52,29,0,81,0,83,46,0,129,162,0,162,291
09/11/2022,FPR,FL,ASO,ES,Towers with Radar,0,0,29,0,29,0,2,31,0,33,0,2,60,0,62,0,0,0,62
09/12/2022,FPR,FL,ASO,ES,Towers with Radar,0,17,26,0,43,0,89,35,0,124,0,106,61,0,167,363,0,363,530
09/13/2022,FPR,FL,ASO,ES,Towers with Radar,0,18,15,0,33,0,68,50,0,118,0,86,65,0,151,306,0,306,457
09/14/2022,FPR,FL,ASO,ES,Towers with Radar,0,24,24,0,48,0,52,41,0,93,0,76,65,0,141,235,0,235,376
09/15/2022,FPR,FL,ASO,ES,Towers with Radar,0,20,26,0,46,0,33,25,0,58,0,53,51,0,104,156,0,156,260
09/16/2022,FPR,FL,ASO,ES,Towers with Radar,0,47,37,0,84,0,60,46,0,106,0,107,83,0,190,187,0,187,377
09/17/2022,FPR,FL,ASO,ES,Towers with Radar,0,18,18,0,36,0,61,22,0,83,0,79,40,0,119,228,0,228,347
09/18/2022,FPR,FL,ASO,ES,Towers with Radar,0,3,28,0,31,0,4,22,0,26,0,7,50,0,57,21,0,21,78
09/19/2022,FPR,FL,ASO,ES,Towers with Radar,0,34,35,0,69,0,98,44,0,142,0,132,79,0,211,230,0,230,441
09/20/2022,FPR,FL,ASO,ES,Towers with Radar,0,49,18,0,67,0,94,39,0,133,0,143,57,0,200,260,0,260,460
09/21/2022,FPR,FL,ASO,ES,Towers with Radar,0,39,24,0,63,0,65,35,0,100,0,104,59,0,163,167,0,167,330
09/22/2022,FPR,FL,ASO,ES,Towers with Radar,0,26,29,0,55,0,67,47,0,114,0,93,76,0,169,228,0,228,397
09/23/2022,FPR,FL,ASO,ES,Towers with Radar,0,26,28,0,54,0,55,53,0,108,0,81,81,0,162,122,0,122,284
09/24/2022,FPR,FL,ASO,ES,Towers with Radar,0,22,13,0,35,0,35,16,0,51,0,57,29,0,86,101,0,101,187
09/25/2022,FPR,FL,ASO,ES,Towers with Radar,0,3,30,0,33,0,0,30,0,30,0,3,60,0,63,10,0,10,73
09/26/2022,FPR,FL,ASO,ES,Towers with Radar,0,29,21,0,50,0,49,48,0,97,0,78,69,0,147,196,0,196,343
09/27/2022,FPR,FL,ASO,ES,Towers with Radar,0,19,15,0,34,0,9,9,1,19,0,28,24,1,53,11,0,11,64
09/28/2022,FPR,FL,ASO,ES,Towers with Radar,0,0,3,0,3,0,0,0,0,0,0,0,3,0,3,0,0,0,3
09/29/2022,FPR,FL,ASO,ES,Towers with Radar,0,0,0,0,0,0,0,0,0,0,0,0,0,0,0,0,0,0,0
09/30/2022,FPR,FL,ASO,ES,Towers with Radar,0,20,17,0,37,0,98,32,0,130,0,118,49,0,167,216,0,216,383
10/01/2022,FPR,FL,ASO,ES,Towers with Radar,0,18,13,0,31,0,60,48,0,108,0,78,61,0,139,208,0,208,347
10/02/2022,FPR,FL,ASO,ES,Towers with Radar,0,0,19,0,19,0,10,34,0,44,0,10,53,0,63,6,0,6,69
10/03/2022,FPR,FL,ASO,ES,Towers with Radar,0,35,15,0,50,0,117,53,0,170,0,152,68,0,220,282,0,282,502
10/04/2022,FPR,FL,ASO,ES,Towers with Radar,0,24,28,0,52,0,87,47,0,134,0,111,75,0,186,271,0,271,457
10/05/2022,FPR,FL,ASO,ES,Towers with Radar,0,31,40,0,71,0,85,71,0,156,0,116,111,0,227,347,0,347,574
10/06/2022,FPR,FL,ASO,ES,Towers with Radar,0,41,25,0,66,0,134,66,0,200,0,175,91,0,266,265,0,265,531
10/07/2022,FPR,FL,ASO,ES,Towers with Radar,0,31,27,0,58,0,126,65,0,191,0,157,92,0,249,279,0,279,528
10/08/2022,FPR,FL,ASO,ES,Towers with Radar,0,17,20,0,37,0,75,43,0,118,0,92,63,0,155,232,0,232,387
10/09/2022,FPR,FL,ASO,ES,Towers with Radar,0,0,26,0,26,0,0,28,0,28,0,0,54,0,54,4,0,4,58
10/10/2022,FPR,FL,ASO,ES,Towers with Radar,0,34,21,0,55,0,98,52,0,150,0,132,73,0,205,375,0,375,580
10/11/2022,FPR,FL,ASO,ES,Towers with Radar,0,40,32,0,72,0,96,63,0,159,0,136,95,0,231,370,0,370,601
10/12/2022,FPR,FL,ASO,ES,Towers with Radar,0,33,34,0,67,0,118,49,0,167,0,151,83,0,234,357,0,357,591
10/13/2022,FPR,FL,ASO,ES,Towers with Radar,0,29,37,0,66,0,81,47,0,128,0,110,84,0,194,319,0,319,513
10/14/2022,FPR,FL,ASO,ES,Towers with Radar,0,36,48,0,84,0,78,49,0,127,0,114,97,0,211,268,0,268,479
10/15/2022,FPR,FL,ASO,ES,Towers with Radar,0,13,27,0,40,0,19,31,0,50,0,32,58,0,90,74,0,74,164
10/16/2022,FPR,FL,ASO,ES,Towers with Radar,0,2,38,0,40,0,7,61,0,68,0,9,99,0,108,10,0,10,118
10/17/2022,FPR,FL,ASO,ES,Towers with Radar,0,35,37,0,72,0,63,45,0,108,0,98,82,0,180,299,0,299,479
10/18/2022,FPR,FL,ASO,ES,Towers with Radar,0,15,24,0,39,0,62,34,0,96,0,77,58,0,135,203,0,203,338
10/19/2022,FPR,FL,ASO,ES,Towers with Radar,0,21,23,0,44,0,83,62,0,145,0,104,85,0,189,353,0,353,542
10/20/2022,FPR,FL,ASO,ES,Towers with Radar,0,21,47,0,68,0,104,56,0,160,0,125,103,0,228,421,0,421,649
10/21/2022,FPR,FL,ASO,ES,Towers with Radar,0,13,30,0,43,0,61,29,0,90,0,74,59,0,133,95,0,95,228
10/22/2022,FPR,FL,ASO,ES,Towers with Radar,0,19,15,0,34,0,41,81,0,122,0,60,96,0,156,54,0,54,210
10/23/2022,FPR,FL,ASO,ES,Towers with Radar,0,0,36,0,36,0,3,30,0,33,0,3,66,0,69,26,0,26,95
10/24/2022,FPR,FL,ASO,ES,Towers with Radar,0,48,46,0,94,0,89,53,0,142,0,137,99,0,236,403,0,403,639
10/25/2022,FPR,FL,ASO,ES,Towers with Radar,0,42,34,0,76,0,109,61,0,170,0,151,95,0,246,354,0,354,600
10/26/2022,FPR,FL,ASO,ES,Towers with Radar,0,29,18,0,47,0,78,56,0,134,0,107,74,0,181,332,0,332,513
10/27/2022,FPR,FL,ASO,ES,Towers with Radar,0,36,40,0,76,0,94,60,0,154,0,130,100,0,230,338,0,338,568
10/28/2022,FPR,FL,ASO,ES,Towers with Radar,0,59,29,0,88,0,114,64,0,178,0,173,93,0,266,404,0,404,670
10/29/2022,FPR,FL,ASO,ES,Towers with Radar,0,32,19,0,51,0,25,40,0,65,0,57,59,0,116,203,0,203,319
10/30/2022,FPR,FL,ASO,ES,Towers with Radar,0,5,34,0,39,0,7,45,0,52,0,12,79,0,91,47,0,47,138
10/31/2022,FPR,FL,ASO,ES,Towers with Radar,0,43,37,0,80,0,88,55,0,143,0,131,92,0,223,363,0,363,586
11/01/2022,FPR,FL,ASO,ES,Towers with Radar,0,40,43,0,83,0,81,47,0,128,0,121,90,0,211,341,0,341,552
11/02/2022,FPR,FL,ASO,ES,Towers with Radar,0,51,33,0,84,0,71,74,0,145,0,122,107,0,229,375,0,375,604
11/03/2022,FPR,FL,ASO,ES,Towers with Radar,0,26,45,0,71,0,74,113,0,187,0,100,158,0,258,225,0,225,483
11/04/2022,FPR,FL,ASO,ES,Towers with Radar,0,30,40,0,70,0,69,90,0,159,0,99,130,0,229,229,0,229,458
11/05/2022,FPR,FL,ASO,ES,Towers with Radar,0,17,45,0,62,0,30,81,0,111,0,47,126,0,173,178,0,178,351
11/06/2022,FPR,FL,ASO,ES,Towers with Radar,0,2,42,0,44,0,5,72,2,79,0,7,114,2,123,48,0,48,171
11/07/2022,FPR,FL,ASO,ES,Towers with Radar,0,41,44,0,85,0,85,50,0,135,0,126,94,0,220,194,0,194,414
11/08/2022,FPR,FL,ASO,ES,Towers with Radar,0,35,33,0,68,0,31,27,0,58,0,66,60,0,126,9,0,9,135
11/09/2022,FPR,FL,ASO,ES,Towers with Radar,0,0,3,0,3,0,0,0,0,0,0,0,3,0,3,0,0,0,3
11/10/2022,FPR,FL,ASO,ES,Towers with Radar,0,24,8,0,32,0,8,4,0,12,0,32,12,0,44,0,0,0,44
11/11/2022,FPR,FL,ASO,ES,Towers with Radar,0,18,41,0,59,0,76,40,0,116,0,94,81,0,175,267,0,267,442
11/12/2022,FPR,FL,ASO,ES,Towers with Radar,0,16,23,0,39,0,69,51,0,120,0,85,74,0,159,253,0,253,412
11/13/2022,FPR,FL,ASO,ES,Towers with Radar,0,4,37,0,41,0,9,59,0,68,0,13,96,0,109,2,0,2,111
11/14/2022,FPR,FL,ASO,ES,Towers with Radar,0,31,39,0,70,0,82,95,0,177,0,113,134,0,247,458,0,458,705
11/15/2022,FPR,FL,ASO,ES,Towers with Radar,0,49,60,0,109,0,95,80,2,177,0,144,140,2,286,484,0,484,770
11/16/2022,FPR,FL,ASO,ES,Towers with Radar,0,13,36,0,49,0,76,82,0,158,0,89,118,0,207,348,0,348,555
11/17/2022,FPR,FL,ASO,ES,Towers with Radar,0,22,18,0,40,0,67,60,0,127,0,89,78,0,167,149,0,149,316
11/18/2022,FPR,FL,ASO,ES,Towers with Radar,0,13,47,0,60,0,88,83,0,171,0,101,130,0,231,314,0,314,545
11/19/2022,FPR,FL,ASO,ES,Towers with Radar,0,12,88,0,100,0,46,41,0,87,0,58,129,0,187,268,0,268,455
11/20/2022,FPR,FL,ASO,ES,Towers with Radar,0,5,37,0,42,0,0,12,0,12,0,5,49,0,54,0,0,0,54
11/21/2022,FPR,FL,ASO,ES,Towers with Radar,0,41,40,0,81,0,15,6,0,21,0,56,46,0,102,59,0,59,161
11/22/2022,FPR,FL,ASO,ES,Towers with Radar,0,52,73,0,125,0,11,9,0,20,0,63,82,0,145,95,0,95,240
11/23/2022,FPR,FL,ASO,ES,Towers with Radar,0,33,52,0,85,0,3,3,0,6,0,36,55,0,91,10,0,10,101
11/24/2022,FPR,FL,ASO,ES,Towers with Radar,0,2,10,0,12,0,0,19,0,19,0,2,29,0,31,47,0,47,78
11/25/2022,FPR,FL,ASO,ES,Towers with Radar,0,6,33,0,39,0,16,49,0,65,0,22,82,0,104,117,0,117,221
11/26/2022,FPR,FL,ASO,ES,Towers with Radar,0,40,64,0,104,0,78,56,0,134,0,118,120,0,238,293,0,293,531
11/27/2022,FPR,FL,ASO,ES,Towers with Radar,0,5,72,0,77,0,6,42,0,48,0,11,114,0,125,5,0,5,130
11/28/2022,FPR,FL,ASO,ES,Towers with Radar,0,29,35,0,64,0,100,50,0,150,0,129,85,0,214,484,0,484,698
11/29/2022,FPR,FL,ASO,ES,Towers with Radar,0,48,48,0,96,0,113,69,0,182,0,161,117,0,278,443,0,443,721
11/30/2022,FPR,FL,ASO,ES,Towers with Radar,0,37,25,0,62,0,94,57,0,151,0,131,82,0,213,541,0,541,754
12/01/2022,FPR,FL,ASO,ES,Towers with Radar,0,45,42,0,87,0,84,42,0,126,0,129,84,0,213,196,0,196,409
12/02/2022,FPR,FL,ASO,ES,Towers with Radar,0,53,47,0,100,0,105,45,0,150,0,158,92,0,250,446,0,446,696
12/03/2022,FPR,FL,ASO,ES,Towers with Radar,0,40,18,0,58,0,91,44,0,135,0,131,62,0,193,280,0,280,473
12/04/2022,FPR,FL,ASO,ES,Towers with Radar,0,7,42,0,49,0,6,69,0,75,0,13,111,0,124,161,0,161,285
12/05/2022,FPR,FL,ASO,ES,Towers with Radar,0,68,43,0,111,0,117,62,0,179,0,185,105,0,290,476,0,476,766
12/06/2022,FPR,FL,ASO,ES,Towers with Radar,0,45,40,0,85,0,102,81,0,183,0,147,121,0,268,449,0,449,717
12/07/2022,FPR,FL,ASO,ES,Towers with Radar,0,52,31,0,83,0,89,69,0,158,0,141,100,0,241,457,0,457,698
12/08/2022,FPR,FL,ASO,ES,Towers with Radar,0,52,41,0,93,0,101,53,0,154,0,153,94,0,247,378,0,378,625
12/09/2022,FPR,FL,ASO,ES,Towers with Radar,0,33,25,0,58,0,127,67,0,194,0,160,92,0,252,376,0,376,628
12/10/2022,FPR,FL,ASO,ES,Towers with Radar,0,13,19,0,32,0,62,62,0,124,0,75,81,0,156,318,0,318,474
12/11/2022,FPR,FL,ASO,ES,Towers with Radar,0,10,37,0,47,0,1,46,0,47,0,11,83,0,94,8,0,8,102
12/12/2022,FPR,FL,ASO,ES,Towers with Radar,0,25,46,0,71,0,37,31,0,68,0,62,77,0,139,146,0,146,285
12/13/2022,FPR,FL,ASO,ES,Towers with Radar,0,43,35,0,78,0,88,46,0,134,0,131,81,0,212,342,0,342,554
12/14/2022,FPR,FL,ASO,ES,Towers with Radar,0,46,25,2,73,0,59,62,0,121,0,105,87,2,194,275,0,275,469
12/15/2022,FPR,FL,ASO,ES,Towers with Radar,0,24,26,0,50,0,61,35,0,96,0,85,61,0,146,102,0,102,248
12/16/2022,FPR,FL,ASO,ES,Towers with Radar,0,15,35,0,50,0,66,48,0,114,0,81,83,0,164,351,0,351,515
12/17/2022,FPR,FL,ASO,ES,Towers with Radar,0,23,54,0,77,0,55,55,0,110,0,78,109,0,187,280,0,280,467
12/18/2022,FPR,FL,ASO,ES,Towers with Radar,0,0,38,0,38,0,5,28,0,33,0,5,66,0,71,12,0,12,83
12/19/2022,FPR,FL,ASO,ES,Towers with Radar,0,24,44,0,68,0,98,83,0,181,0,122,127,0,249,219,0,219,468
12/20/2022,FPR,FL,ASO,ES,Towers with Radar,0,11,24,0,35,0,41,44,0,85,0,52,68,0,120,195,0,195,315
12/21/2022,FPR,FL,ASO,ES,Towers with Radar,0,12,50,0,62,0,22,26,0,48,0,34,76,0,110,173,0,173,283
12/22/2022,FPR,FL,ASO,ES,Towers with Radar,0,6,40,0,46,0,39,22,0,61,0,45,62,0,107,170,0,170,277
12/23/2022,FPR,FL,ASO,ES,Towers with Radar,0,3,39,0,42,0,13,49,0,62,0,16,88,0,104,94,0,94,198
12/24/2022,FPR,FL,ASO,ES,Towers with Radar,0,0,18,0,18,0,10,18,0,28,0,10,36,0,46,4,0,4,50
12/25/2022,FPR,FL,ASO,ES,Towers with Radar,0,1,2,0,3,0,1,6,0,7,0,2,8,0,10,0,0,0,10
12/26/2022,FPR,FL,ASO,ES,Towers with Radar,0,6,72,0,78,0,13,48,0,61,0,19,120,0,139,28,0,28,167
12/27/2022,FPR,FL,ASO,ES,Towers with Radar,0,7,59,0,66,0,13,28,0,41,0,20,87,0,107,57,0,57,164
12/28/2022,FPR,FL,ASO,ES,Towers with Radar,0,7,48,0,55,0,10,66,0,76,0,17,114,0,131,65,0,65,196
12/29/2022,FPR,FL,ASO,ES,Towers with Radar,0,9,34,0,43,0,16,69,0,85,0,25,103,0,128,104,0,104,232
12/30/2022,FPR,FL,ASO,ES,Towers with Radar,0,16,58,0,74,0,8,72,0,80,0,24,130,0,154,73,0,73,227
12/31/2022,FPR,FL,ASO,ES,Towers with Radar,0,8,49,0,57,0,5,33,0,38,0,13,82,0,95,26,0,26,121
01/01/2023,FPR,FL,ASO,ES,Towers with Radar,0,9,49,0,58,0,1,15,0,16,0,10,64,0,74,2,0,2,76
01/02/2023,FPR,FL,ASO,ES,Towers with Radar,0,9,119,0,128,0,13,86,0,99,0,22,205,0,227,57,0,57,284
01/03/2023,FPR,FL,ASO,ES,Towers with Radar,0,31,82,0,113,0,37,80,0,117,0,68,162,0,230,162,0,162,392
01/04/2023,FPR,FL,ASO,ES,Towers with Radar,0,18,61,0,79,0,45,68,0,113,0,63,129,0,192,177,0,177,369
01/05/2023,FPR,FL,ASO,ES,Towers with Radar,0,16,46,0,62,0,38,41,0,79,0,54,87,0,141,239,0,239,380
01/06/2023,FPR,FL,ASO,ES,Towers with Radar,0,23,44,0,67,0,48,76,0,124,0,71,120,0,191,154,0,154,345
01/07/2023,FPR,FL,ASO,ES,Towers with Radar,0,17,51,0,68,0,34,66,0,100,0,51,117,0,168,119,0,119,287
01/08/2023,FPR,FL,ASO,ES,Towers with Radar,0,8,63,0,71,0,9,53,0,62,0,17,116,0,133,16,0,16,149
01/09/2023,FPR,FL,ASO,ES,Towers with Radar,0,40,23,0,63,0,92,57,0,149,0,132,80,0,212,255,0,255,467
01/10/2023,FPR,FL,ASO,ES,Towers with Radar,0,18,32,0,50,0,55,51,1,107,0,73,83,1,157,301,0,301,458
01/11/2023,FPR,FL,ASO,ES,Towers with Radar,0,46,50,0,96,0,76,60,1,137,0,122,110,1,233,196,0,196,429
01/12/2023,FPR,FL,ASO,ES,Towers with Radar,0,39,63,0,102,0,85,76,0,161,0,124,139,0,263,284,0,284,547
01/13/2023,FPR,FL,ASO,ES,Towers with Radar,0,9,24,0,33,0,22,15,0,37,0,31,39,0,70,67,0,67,137
01/14/2023,FPR,FL,ASO,ES,Towers with Radar,0,6,29,0,35,0,40,19,0,59,0,46,48,0,94,106,0,106,200
01/15/2023,FPR,FL,ASO,ES,Towers with Radar,0,2,25,0,27,0,6,58,0,64,0,8,83,0,91,45,0,45,136
01/16/2023,FPR,FL,ASO,ES,Towers with Radar,0,41,50,0,91,0,106,89,0,195,0,147,139,0,286,336,0,336,622
01/17/2023,FPR,FL,ASO,ES,Towers with Radar,0,29,36,0,65,0,96,70,2,168,0,125,106,2,233,268,0,268,501
01/18/2023,FPR,FL,ASO,ES,Towers with Radar,0,47,47,0,94,0,101,64,0,165,0,148,111,0,259,254,0,254,513
01/19/2023,FPR,FL,ASO,ES,Towers with Radar,0,20,55,0,75,0,75,68,0,143,0,95,123,0,218,246,0,246,464
01/20/2023,FPR,FL,ASO,ES,Towers with Radar,0,32,26,0,58,0,78,59,0,137,0,110,85,0,195,308,0,308,503
01/21/2023,FPR,FL,ASO,ES,Towers with Radar,0,22,49,0,71,0,41,38,0,79,0,63,87,0,150,120,0,120,270
01/22/2023,FPR,FL,ASO,ES,Towers with Radar,0,0,50,0,50,0,25,33,0,58,0,25,83,0,108,26,0,26,134
01/23/2023,FPR,FL,ASO,ES,Towers with Radar,0,22,40,0,62,0,52,21,0,73,0,74,61,0,135,224,0,224,359
01/24/2023,FPR,FL,ASO,ES,Towers with Radar,0,47,34,0,81,0,97,50,0,147,0,144,84,0,228,298,0,298,526
01/25/2023,FPR,FL,ASO,ES,Towers with Radar,0,31,35,0,66,0,69,56,0,125,0,100,91,0,191,187,0,187,378
01/26/2023,FPR,FL,ASO,ES,Towers with Radar,0,26,39,0,65,0,85,54,0,139,0,111,93,0,204,269,0,269,473
01/27/2023,FPR,FL,ASO,ES,Towers with Radar,0,20,49,0,69,0,73,54,0,127,0,93,103,0,196,137,0,137,333
01/28/2023,FPR,FL,ASO,ES,Towers with Radar,0,18,29,0,47,0,43,39,0,82,0,61,68,0,129,173,0,173,302
01/29/2023,FPR,FL,ASO,ES,Towers with Radar,0,8,40,0,48,0,10,45,0,55,0,18,85,0,103,63,0,63,166
01/30/2023,FPR,FL,ASO,ES,Towers with Radar,0,41,51,0,92,0,104,105,0,209,0,145,156,0,301,397,0,397,698
01/31/2023,FPR,FL,ASO,ES,Towers with Radar,0,64,47,0,111,0,105,46,0,151,0,169,93,0,262,278,0,278,540
02/01/2023,FPR,FL,ASO,ES,Towers with Radar,0,46,44,0,90,0,87,111,0,198,0,133,155,0,288,263,0,263,551
02/02/2023,FPR,FL,ASO,ES,Towers with Radar,0,42,31,0,73,0,90,67,0,157,0,132,98,0,230,289,0,289,519
02/03/2023,FPR,FL,ASO,ES,Towers with Radar,0,6,33,0,39,0,17,18,0,35,0,23,51,0,74,88,0,88,162
02/04/2023,FPR,FL,ASO,ES,Towers with Radar,0,23,33,0,56,0,45,10,0,55,0,68,43,0,111,72,0,72,183
02/05/2023,FPR,FL,ASO,ES,Towers with Radar,0,10,37,0,47,0,0,4,0,4,0,10,41,0,51,0,0,0,51
02/06/2023,FPR,FL,ASO,ES,Towers with Radar,0,35,43,0,78,0,102,74,0,176,0,137,117,0,254,221,0,221,475
02/07/2023,FPR,FL,ASO,ES,Towers with Radar,0,57,39,0,96,0,121,50,0,171,0,178,89,0,267,323,0,323,590
02/08/2023,FPR,FL,ASO,ES,Towers with Radar,0,44,42,0,86,0,139,90,0,229,0,183,132,0,315,325,0,325,640
02/09/2023,FPR,FL,ASO,ES,Towers with Radar,0,50,62,0,112,0,90,56,0,146,0,140,118,0,258,171,1,172,430
02/10/2023,FPR,FL,ASO,ES,Towers with Radar,0,39,42,0,81,0,114,50,0,164,0,153,92,0,245,231,0,231,476
02/11/2023,FPR,FL,ASO,ES,Towers with Radar,0,35,31,0,66,0,81,70,0,151,0,116,101,0,217,127,0,127,344
02/12/2023,FPR,FL,ASO,ES,Towers with Radar,0,4,51,0,55,0,3,14,0,17,0,7,65,0,72,6,0,6,78
02/13/2023,FPR,FL,ASO,ES,Towers with Radar,0,19,64,0,83,0,104,86,0,190,0,123,150,0,273,365,0,365,638
02/14/2023,FPR,FL,ASO,ES,Towers with Radar,0,54,29,0,83,0,103,76,0,179,0,157,105,0,262,398,0,398,660
02/15/2023,FPR,FL,ASO,ES,Towers with Radar,0,54,51,0,105,0,108,82,0,190,0,162,133,0,295,304,0,304,599
02/16/2023,FPR,FL,ASO,ES,Towers with Radar,0,41,46,0,87,0,86,81,0,167,0,127,127,0,254,265,0,265,519
02/17/2023,FPR,FL,ASO,ES,Towers with Radar,0,18,42,0,60,0,109,81,0,190,0,127,123,0,250,292,0,292,542
02/18/2023,FPR,FL,ASO,ES,Towers with Radar,0,33,37,0,70,0,36,21,0,57,0,69,58,0,127,75,0,75,202
02/19/2023,FPR,FL,ASO,ES,Towers with Radar,0,5,49,0,54,0,4,68,0,72,0,9,117,0,126,69,0,69,195
02/20/2023,FPR,FL,ASO,ES,Towers with Radar,0,35,65,0,100,0,135,96,0,231,0,170,161,0,331,539,0,539,870
02/21/2023,FPR,FL,ASO,ES,Towers with Radar,0,16,38,0,54,0,107,73,0,180,0,123,111,0,234,302,0,302,536
02/22/2023,FPR,FL,ASO,ES,Towers with Radar,0,44,34,0,78,0,89,66,0,155,0,133,100,0,233,344,0,344,577
02/23/2023,FPR,FL,ASO,ES,Towers with Radar,0,54,41,0,95,0,106,86,0,192,0,160,127,0,287,365,0,365,652
02/24/2023,FPR,FL,ASO,ES,Towers with Radar,0,38,57,0,95,0,91,71,0,162,0,129,128,0,257,365,0,365,622
02/25/2023,FPR,FL,ASO,ES,Towers with Radar,0,24,48,0,72,0,67,87,0,154,0,91,135,0,226,323,0,323,549
02/26/2023,FPR,FL,ASO,ES,Towers with Radar,0,0,62,0,62,0,17,52,0,69,0,17,114,0,131,69,0,69,200
02/27/2023,FPR,FL,ASO,ES,Towers with Radar,0,26,29,1,56,0,100,61,1,162,0,126,90,2,218,288,8,296,514
02/28/2023,FPR,FL,ASO,ES,Towers with Radar,0,21,37,0,58,0,98,66,0,164,0,119,103,0,222,443,0,443,665
03/01/2023,FPR,FL,ASO,ES,Towers with Radar,0,49,47,0,96,0,80,67,0,147,0,129,114,0,243,318,0,318,561
03/02/2023,FPR,FL,ASO,ES,Towers with Radar,0,63,51,0,114,0,103,83,0,186,0,166,134,0,300,352,0,352,652
03/03/2023,FPR,FL,ASO,ES,Towers with Radar,0,37,36,0,73,0,57,47,0,104,0,94,83,0,177,159,0,159,336
03/04/2023,FPR,FL,ASO,ES,Towers with Radar,0,20,61,0,81,0,29,45,0,74,0,49,106,0,155,48,0,48,203
03/05/2023,FPR,FL,ASO,ES,Towers with Radar,0,2,43,0,45,0,6,68,0,74,0,8,111,0,119,145,0,145,264
03/06/2023,FPR,FL,ASO,ES,Towers with Radar,0,36,45,0,81,0,103,54,0,157,0,139,99,0,238,449,0,449,687
03/07/2023,FPR,FL,ASO,ES,Towers with Radar,0,36,37,0,73,0,96,67,0,163,0,132,104,0,236,425,0,425,661
03/08/2023,FPR,FL,ASO,ES,Towers with Radar,0,51,68,0,119,0,101,55,0,156,0,152,123,0,275,251,0,251,526
03/09/2023,FPR,FL,ASO,ES,Towers with Radar,0,63,62,0,125,0,86,80,0,166,0,149,142,0,291,434,0,434,725
03/10/2023,FPR,FL,ASO,ES,Towers with Radar,0,21,64,0,85,0,86,60,0,146,0,107,124,0,231,357,0,357,588
03/11/2023,FPR,FL,ASO,ES,Towers with Radar,0,29,85,0,114,0,46,89,0,135,0,75,174,0,249,270,0,270,519
03/12/2023,FPR,FL,ASO,ES,Towers with Radar,0,8,76,0,84,0,4,56,0,60,0,12,132,0,144,40,0,40,184
03/13/2023,FPR,FL,ASO,ES,Towers with Radar,0,18,48,0,66,0,27,25,0,52,0,45,73,0,118,152,0,152,270
03/14/2023,FPR,FL,ASO,ES,Towers with Radar,0,35,29,0,64,0,98,78,0,176,0,133,107,0,240,427,0,427,667
03/15/2023,FPR,FL,ASO,ES,Towers with Radar,0,30,61,0,91,0,94,70,0,164,0,124,131,0,255,376,0,376,631
03/16/2023,FPR,FL,ASO,ES,Towers with Radar,0,52,60,0,112,0,96,107,0,203,0,148,167,0,315,433,0,433,748
03/17/2023,FPR,FL,ASO,ES,Towers with Radar,0,32,109,0,141,0,62,120,0,182,0,94,229,0,323,168,0,168,491
03/18/2023,FPR,FL,ASO,ES,Towers with Radar,0,16,76,0,92,0,42,95,0,137,0,58,171,0,229,71,0,71,300
03/19/2023,FPR,FL,ASO,ES,Towers with Radar,0,2,77,0,79,0,0,22,0,22,0,2,99,0,101,4,0,4,105
03/20/2023,FPR,FL,ASO,ES,Towers with Radar,0,28,45,0,73,0,58,37,0,95,0,86,82,0,168,171,0,171,339
03/21/2023,FPR,FL,ASO,ES,Towers with Radar,0,30,46,0,76,0,90,65,0,155,0,120,111,0,231,451,0,451,682
03/22/2023,FPR,FL,ASO,ES,Towers with Radar,0,46,71,0,117,0,81,67,0,148,0,127,138,0,265,345,0,345,610
03/23/2023,FPR,FL,ASO,ES,Towers with Radar,0,45,61,0,106,0,79,80,0,159,0,124,141,0,265,394,0,394,659
03/24/2023,FPR,FL,ASO,ES,Towers with Radar,0,49,50,0,99,0,87,53,0,140,0,136,103,0,239,431,0,431,670
03/25/2023,FPR,FL,ASO,ES,Towers with Radar,0,25,67,0,92,0,39,92,0,131,0,64,159,0,223,170,0,170,393
03/26/2023,FPR,FL,ASO,ES,Towers with Radar,0,3,50,0,53,0,11,68,0,79,0,14,118,0,132,47,0,47,179
03/27/2023,FPR,FL,ASO,ES,Towers with Radar,0,36,56,0,92,0,79,80,0,159,0,115,136,0,251,299,0,299,550
03/28/2023,FPR,FL,ASO,ES,Towers with Radar,0,43,41,0,84,0,70,63,0,133,0,113,104,0,217,374,0,374,591
03/29/2023,FPR,FL,ASO,ES,Towers with Radar,0,35,62,1,98,0,57,41,0,98,0,92,103,1,196,252,0,252,448
03/30/2023,FPR,FL,ASO,ES,Towers with Radar,0,54,66,0,120,0,72,64,0,136,0,126,130,0,256,266,0,266,522
03/31/2023,FPR,FL,ASO,ES,Towers with Radar,0,37,53,0,90,0,51,58,0,109,0,88,111,0,199,141,0,141,340
04/01/2023,FPR,FL,ASO,ES,Towers with Radar,0,19,94,0,113,0,39,58,0,97,0,58,152,0,210,97,0,97,307
04/02/2023,FPR,FL,ASO,ES,Towers with Radar,0,4,63,0,67,0,7,58,0,65,0,11,121,0,132,77,0,77,209
04/03/2023,FPR,FL,ASO,ES,Towers with Radar,0,37,48,0,85,0,83,41,3,127,0,120,89,3,212,265,0,265,477
04/04/2023,FPR,FL,ASO,ES,Towers with Radar,0,37,56,1,94,0,79,76,0,155,0,116,132,1,249,341,0,341,590
04/05/2023,FPR,FL,ASO,ES,Towers with Radar,0,51,57,0,108,0,98,73,0,171,0,149,130,0,279,304,0,304,583
04/06/2023,FPR,FL,ASO,ES,Towers with Radar,0,54,75,0,129,0,83,73,0,156,0,137,148,0,285,242,0,242,527
04/07/2023,FPR,FL,ASO,ES,Towers with Radar,0,28,71,0,99,0,70,91,0,161,0,98,162,0,260,179,0,179,439
04/08/2023,FPR,FL,ASO,ES,Towers with Radar,0,28,81,0,109,0,47,88,0,135,0,75,169,0,244,222,0,222,466
04/09/2023,FPR,FL,ASO,ES,Towers with Radar,0,1,46,0,47,0,4,17,0,21,0,5,63,0,68,0,0,0,68
04/10/2023,FPR,FL,ASO,ES,Towers with Radar,0,23,74,0,97,0,28,20,0,48,0,51,94,0,145,41,0,41,186
04/11/2023,FPR,FL,ASO,ES,Towers with Radar,0,27,27,0,54,0,20,21,0,41,0,47,48,0,95,28,0,28,123
04/12/2023,FPR,FL,ASO,ES,Towers with Radar,0,9,30,1,40,0,5,8,2,15,0,14,38,3,55,1,0,1,56
04/13/2023,FPR,FL,ASO,ES,Towers with Radar,0,37,50,0,87,0,52,24,0,76,0,89,74,0,163,267,0,267,430
04/14/2023,FPR,FL,ASO,ES,Towers with Radar,0,43,65,0,108,0,113,66,0,179,0,156,131,0,287,348,0,348,635
04/15/2023,FPR,FL,ASO,ES,Towers with Radar,0,37,66,0,103,0,74,76,0,150,0,111,142,0,253,316,0,316,569
04/16/2023,FPR,FL,ASO,ES,Towers with Radar,0,5,69,0,74,0,0,50,0,50,0,5,119,0,124,16,0,16,140
04/17/2023,FPR,FL,ASO,ES,Towers with Radar,0,17,37,0,54,0,17,15,0,32,0,34,52,0,86,105,0,105,191
04/18/2023,FPR,FL,ASO,ES,Towers with Radar,0,46,40,0,86,0,111,94,0,205,0,157,134,0,291,351,0,351,642
04/19/2023,FPR,FL,ASO,ES,Towers with Radar,0,50,60,0,110,0,81,75,0,156,0,131,135,0,266,316,0,316,582
04/20/2023,FPR,FL,ASO,ES,Towers with Radar,0,43,40,0,83,0,87,48,0,135,0,130,88,0,218,373,0,373,591
04/21/2023,FPR,FL,ASO,ES,Towers with Radar,0,40,55,0,95,0,97,88,0,185,0,137,143,0,280,304,0,304,584
04/22/2023,FPR,FL,ASO,ES,Towers with Radar,0,33,45,0,78,0,64,87,0,151,0,97,132,0,229,268,0,268,497
04/23/2023,FPR,FL,ASO,ES,Towers with Radar,0,6,63,0,69,0,5,54,0,59,0,11,117,0,128,40,0,40,168
04/24/2023,FPR,FL,ASO,ES,Towers with Radar,0,16,66,0,82,0,39,38,0,77,0,55,104,0,159,221,0,221,380
04/25/2023,FPR,FL,ASO,ES,Towers with Radar,0,27,36,0,63,0,83,54,0,137,0,110,90,0,200,272,0,272,472
04/26/2023,FPR,FL,ASO,ES,Towers with Radar,0,30,49,0,79,0,60,62,0,122,0,90,111,0,201,365,0,365,566
04/27/2023,FPR,FL,ASO,ES,Towers with Radar,0,40,49,0,89,0,60,59,0,119,0,100,108,0,208,266,0,266,474
04/28/2023,FPR,FL,ASO,ES,Towers with Radar,0,32,44,0,76,0,65,62,2,129,0,97,106,2,205,258,0,258,463
04/29/2023,FPR,FL,ASO,ES,Towers with Radar,0,23,60,0,83,0,55,52,0,107,0,78,112,0,190,176,0,176,366
04/30/2023,FPR,FL,ASO,ES,Towers with Radar,0,4,55,0,59,0,3,24,0,27,0,7,79,0,86,0,0,0,86
05/01/2023,FPR,FL,ASO,ES,Towers with Radar,0,15,61,0,76,0,77,106,0,183,0,92,167,0,259,411,0,411,670
05/02/2023,FPR,FL,ASO,ES,Towers with Radar,0,20,30,2,52,0,68,58,0,126,0,88,88,2,178,358,0,358,536
05/03/2023,FPR,FL,ASO,ES,Towers with Radar,0,24,42,0,66,0,83,79,0,162,0,107,121,0,228,393,23,416,644
05/04/2023,FPR,FL,ASO,ES,Towers with Radar,0,40,63,0,103,0,104,85,0,189,0,144,148,0,292,406,0,406,698
05/05/2023,FPR,FL,ASO,ES,Towers with Radar,0,42,53,0,95,0,104,83,0,187,0,146,136,0,282,289,0,289,571
05/06/2023,FPR,FL,ASO,ES,Towers with Radar,0,31,60,0,91,0,43,39,0,82,0,74,99,0,173,140,0,140,313
05/07/2023,FPR,FL,ASO,ES,Towers with Radar,0,3,56,0,59,0,5,56,0,61,0,8,112,0,120,16,0,16,136
05/08/2023,FPR,FL,ASO,ES,Towers with Radar,0,44,48,0,92,0,105,86,0,191,0,149,134,0,283,283,0,283,566
05/09/2023,FPR,FL,ASO,ES,Towers with Radar,0,50,69,0,119,0,80,80,0,160,0,130,149,0,279,379,0,379,658
05/10/2023,FPR,FL,ASO,ES,Towers with Radar,0,35,51,0,86,0,74,63,0,137,0,109,114,0,223,334,0,334,557
05/11/2023,FPR,FL,ASO,ES,Towers with Radar,1,50,53,0,104,0,54,75,0,129,1,104,128,0,233,284,0,284,517
05/12/2023,FPR,FL,ASO,ES,Towers with Radar,0,47,55,0,102,0,69,89,0,158,0,116,144,0,260,291,0,291,551
05/13/2023,FPR,FL,ASO,ES,Towers with Radar,0,32,56,0,88,0,60,75,0,135,0,92,131,0,223,160,0,160,383
05/14/2023,FPR,FL,ASO,ES,Towers with Radar,0,11,46,0,57,0,8,70,0,78,0,19,116,0,135,41,0,41,176
05/15/2023,FPR,FL,ASO,ES,Towers with Radar,0,47,64,0,111,0,82,90,0,172,0,129,154,0,283,221,0,221,504
05/16/2023,FPR,FL,ASO,ES,Towers with Radar,0,45,48,0,93,0,96,91,0,187,0,141,139,0,280,281,0,281,561
05/17/2023,FPR,FL,ASO,ES,Towers with Radar,0,26,45,0,71,0,69,54,2,125,0,95,99,2,196,317,0,317,513
05/18/2023,FPR,FL,ASO,ES,Towers with Radar,0,44,38,0,82,0,79,72,0,151,0,123,110,0,233,313,0,313,546
05/19/2023,FPR,FL,ASO,ES,Towers with Radar,0,59,60,0,119,0,86,90,0,176,0,145,150,0,295,304,0,304,599
05/20/2023,FPR,FL,ASO,ES,Towers with Radar,0,19,54,0,73,0,35,58,1,94,0,54,112,1,167,149,0,149,316
05/21/2023,FPR,FL,ASO,ES,Towers with Radar,0,2,52,0,54,0,8,72,0,80,0,10,124,0,134,57,0,57,191
05/22/2023,FPR,FL,ASO,ES,Towers with Radar,0,50,54,0,104,0,64,56,0,120,0,114,110,0,224,233,0,233,457
05/23/2023,FPR,FL,ASO,ES,Towers with Radar,0,51,53,0,104,0,51,24,0,75,0,102,77,0,179,142,0,142,321
05/24/2023,FPR,FL,ASO,ES,Towers with Radar,0,7,36,0,43,0,29,29,0,58,0,36,65,0,101,122,0,122,223
05/25/2023,FPR,FL,ASO,ES,Towers with Radar,0,59,72,0,131,0,52,55,0,107,0,111,127,0,238,205,0,205,443
05/26/2023,FPR,FL,ASO,ES,Towers with Radar,0,9,62,0,71,0,32,50,2,84,0,41,112,2,155,135,0,135,290
05/27/2023,FPR,FL,ASO,ES,Towers with Radar,0,22,54,0,76,0,76,72,1,149,0,98,126,1,225,276,0,276,501
05/28/2023,FPR,FL,ASO,ES,Towers with Radar,0,0,20,0,20,0,14,52,0,66,0,14,72,0,86,20,0,20,106
05/29/2023,FPR,FL,ASO,ES,Towers with Radar,0,12,75,0,87,0,11,45,0,56,0,23,120,0,143,34,0,34,177
05/30/2023,FPR,FL,ASO,ES,Towers with Radar,0,44,83,0,127,0,83,70,0,153,0,127,153,0,280,348,0,348,628
05/31/2023,FPR,FL,ASO,ES,Towers with Radar,0,42,49,0,91,0,27,14,0,41,0,69,63,0,132,51,0,51,183
06/01/2023,FPR,FL,ASO,ES,Towers with Radar,0,29,60,0,89,0,45,39,0,84,0,74,99,0,173,282,0,282,455
06/02/2023,FPR,FL,ASO,ES,Towers with Radar,0,67,65,0,132,0,86,56,0,142,0,153,121,0,274,301,0,301,575
06/03/2023,FPR,FL,ASO,ES,Towers with Radar,0,43,53,0,96,0,53,56,0,109,0,96,109,0,205,147,0,147,352
06/04/2023,FPR,FL,ASO,ES,Towers with Radar,0,2,51,0,53,0,6,34,0,40,0,8,85,0,93,32,0,32,125
06/05/2023,FPR,FL,ASO,ES,Towers with Radar,0,47,67,0,114,0,57,70,2,129,0,104,137,2,243,198,0,198,441
06/06/2023,FPR,FL,ASO,ES,Towers with Radar,0,31,59,0,90,0,71,114,0,185,0,102,173,0,275,372,0,372,647
06/07/2023,FPR,FL,ASO,ES,Towers with Radar,0,41,57,0,98,0,61,98,0,159,0,102,155,0,257,278,0,278,535
06/08/2023,FPR,FL,ASO,ES,Towers with Radar,0,14,24,0,38,0,48,60,0,108,0,62,84,0,146,295,0,295,441
06/09/2023,FPR,FL,ASO,ES,Towers with Radar,0,26,30,0,56,0,88,67,0,155,0,114,97,0,211,309,0,309,520
06/10/2023,FPR,FL,ASO,ES,Towers with Radar,0,23,70,0,93,0,66,113,0,179,0,89,183,0,272,218,0,218,490
06/11/2023,FPR,FL,ASO,ES,Towers with Radar,0,3,51,0,54,0,5,62,0,67,0,8,113,0,121,86,0,86,207
06/12/2023,FPR,FL,ASO,ES,Towers with Radar,0,12,33,0,45,0,64,93,0,157,0,76,126,0,202,363,0,363,565
06/13/2023,FPR,FL,ASO,ES,Towers with Radar,0,27,37,0,64,0,85,76,0,161,0,112,113,0,225,302,0,302,527
06/14/2023,FPR,FL,ASO,ES,Towers with Radar,0,21,29,0,50,0,99,85,0,184,0,120,114,0,234,392,0,392,626
06/15/2023,FPR,FL,ASO,ES,Towers with Radar,0,20,43,0,63,0,83,67,0,150,0,103,110,0,213,457,0,457,670
06/16/2023,FPR,FL,ASO,ES,Towers with Radar,0,9,39,0,48,0,51,72,0,123,0,60,111,0,171,342,0,342,513
06/17/2023,FPR,FL,ASO,ES,Towers with Radar,0,9,50,0,59,0,39,62,0,101,0,48,112,0,160,165,0,165,325
06/18/2023,FPR,FL,ASO,ES,Towers with Radar,0,4,47,0,51,0,6,50,0,56,0,10,97,0,107,28,0,28,135
06/19/2023,FPR,FL,ASO,ES,Towers with Radar,0,25,30,0,55,0,82,80,0,162,0,107,110,0,217,368,0,368,585
06/20/2023,FPR,FL,ASO,ES,Towers with Radar,0,14,42,0,56,0,68,51,0,119,0,82,93,0,175,239,0,239,414
06/21/2023,FPR,FL,ASO,ES,Towers with Radar,0,38,45,2,85,0,75,60,0,135,0,113,105,2,220,357,0,357,577
06/22/2023,FPR,FL,ASO,ES,Towers with Radar,0,45,31,0,76,0,85,67,0,152,0,130,98,0,228,286,0,286,514
06/23/2023,FPR,FL,ASO,ES,Towers with Radar,0,66,68,0,134,0,97,48,0,145,0,163,116,0,279,397,0,397,676
06/24/2023,FPR,FL,ASO,ES,Towers with Radar,0,30,83,0,113,0,41,67,0,108,0,71,150,0,221,197,0,197,418
06/25/2023,FPR,FL,ASO,ES,Towers with Radar,0,6,54,0,60,0,7,36,0,43,0,13,90,0,103,12,0,12,115
06/26/2023,FPR,FL,ASO,ES,Towers with Radar,0,54,37,0,91,0,94,68,0,162,0,148,105,0,253,332,0,332,585
06/27/2023,FPR,FL,ASO,ES,Towers with Radar,0,29,37,0,66,0,81,68,0,149,0,110,105,0,215,402,0,402,617
06/28/2023,FPR,FL,ASO,ES,Towers with Radar,0,18,33,0,51,0,45,56,0,101,0,63,89,0,152,265,0,265,417
06/29/2023,FPR,FL,ASO,ES,Towers with Radar,0,61,70,0,131,0,77,59,0,136,0,138,129,0,267,416,0,416,683
06/30/2023,FPR,FL,ASO,ES,Towers with Radar,0,44,71,0,115,0,72,82,0,154,0,116,153,0,269,186,0,186,455
07/01/2023,FPR,FL,ASO,ES,Towers with Radar,0,35,55,0,90,0,53,77,0,130,0,88,132,0,220,225,0,225,445
07/02/2023,FPR,FL,ASO,ES,Towers with Radar,0,1,39,0,40,0,1,51,0,52,0,2,90,0,92,22,0,22,114
07/03/2023,FPR,FL,ASO,ES,Towers with Radar,0,56,52,0,108,0,105,51,0,156,0,161,103,0,264,451,0,451,715
07/04/2023,FPR,FL,ASO,ES,Towers with Radar,0,4,25,0,29,0,0,60,0,60,0,4,85,0,89,68,0,68,157
07/05/2023,FPR,FL,ASO,ES,Towers with Radar,0,33,61,0,94,0,81,75,0,156,0,114,136,0,250,324,0,324,574
07/06/2023,FPR,FL,ASO,ES,Towers with Radar,0,14,57,0,71,0,53,47,0,100,0,67,104,0,171,294,0,294,465
07/07/2023,FPR,FL,ASO,ES,Towers with Radar,0,16,34,0,50,0,54,56,2,112,0,70,90,2,162,315,0,315,477
07/08/2023,FPR,FL,ASO,ES,Towers with Radar,0,16,77,0,93,0,27,35,1,63,0,43,112,1,156,221,0,221,377
07/09/2023,FPR,FL,ASO,ES,Towers with Radar,0,1,60,0,61,0,5,63,1,69,0,6,123,1,130,19,0,19,149
07/10/2023,FPR,FL,ASO,ES,Towers with Radar,0,18,41,0,59,0,69,62,0,131,0,87,103,0,190,407,0,407,597
07/11/2023,FPR,FL,ASO,ES,Towers with Radar,0,36,30,0,66,0,65,76,0,141,0,101,106,0,207,240,0,240,447
07/12/2023,FPR,FL,ASO,ES,Towers with Radar,0,55,66,0,121,0,74,93,0,167,0,129,159,0,288,362,0,362,650
07/13/2023,FPR,FL,ASO,ES,Towers with Radar,0,40,41,0,81,0,68,33,0,101,0,108,74,0,182,305,0,305,487
07/14/2023,FPR,FL,ASO,ES,Towers with Radar,0,23,58,0,81,0,71,91,0,162,0,94,149,0,243,398,0,398,641
07/15/2023,FPR,FL,ASO,ES,Towers with Radar,0,15,40,0,55,0,40,53,0,93,0,55,93,0,148,195,0,195,343
07/16/2023,FPR,FL,ASO,ES,Towers with Radar,0,0,48,0,48,0,4,47,0,51,0,4,95,0,99,17,0,17,116
07/17/2023,FPR,FL,ASO,ES,Towers with Radar,0,16,42,0,58,0,51,40,0,91,0,67,82,0,149,231,0,231,380
07/18/2023,FPR,FL,ASO,ES,Towers with Radar,0,25,38,0,63,0,45,56,0,101,0,70,94,0,164,276,0,276,440
07/19/2023,FPR,FL,ASO,ES,Towers with Radar,0,43,38,0,81,0,79,66,0,145,0,122,104,0,226,369,0,369,595
07/20/2023,FPR,FL,ASO,ES,Towers with Radar,0,45,76,0,121,0,75,78,0,153,0,120,154,0,274,245,57,302,576
07/21/2023,FPR,FL,ASO,ES,Towers with Radar,0,26,36,0,62,0,67,90,0,157,0,93,126,0,219,317,0,317,536
07/22/2023,FPR,FL,ASO,ES,Towers with Radar,0,16,33,0,49,0,36,58,0,94,0,52,91,0,143,179,0,179,322
07/23/2023,FPR,FL,ASO,ES,Towers with Radar,0,4,34,0,38,0,6,72,0,78,0,10,106,0,116,122,0,122,238
07/24/2023,FPR,FL,ASO,ES,Towers with Radar,1,36,65,0,102,0,90,95,0,185,1,126,160,0,287,386,0,386,673
07/25/2023,FPR,FL,ASO,ES,Towers with Radar,0,50,42,0,92,0,84,79,0,163,0,134,121,0,255,342,0,342,597
07/26/2023,FPR,FL,ASO,ES,Towers with Radar,0,53,51,0,104,0,98,75,0,173,0,151,126,0,277,386,0,386,663
07/27/2023,FPR,FL,ASO,ES,Towers with Radar,0,24,45,0,69,0,55,35,0,90,0,79,80,0,159,238,0,238,397
07/28/2023,FPR,FL,ASO,ES,Towers with Radar,0,38,33,0,71,0,48,28,0,76,0,86,61,0,147,105,0,105,252
07/29/2023,FPR,FL,ASO,ES,Towers with Radar,0,30,57,0,87,0,68,73,0,141,0,98,130,0,228,245,0,245,473
07/30/2023,FPR,FL,ASO,ES,Towers with Radar,0,1,27,0,28,0,9,65,0,74,0,10,92,0,102,42,0,42,144
07/31/2023,FPR,FL,ASO,ES,Towers with Radar,0,13,22,0,35,0,55,64,0,119,0,68,86,0,154,231,0,231,385
08/01/2023,FPR,FL,ASO,ES,Towers with Radar,0,33,34,0,67,0,90,90,0,180,0,123,124,0,247,269,0,269,516
08/02/2023,FPR,FL,ASO,ES,Towers with Radar,0,55,61,0,116,0,121,98,0,219,0,176,159,0,335,419,0,419,754
08/03/2023,FPR,FL,ASO,ES,Towers with Radar,0,79,49,0,128,0,115,93,0,208,0,194,142,0,336,394,0,394,730
08/04/2023,FPR,FL,ASO,ES,Towers with Radar,0,53,52,2,107,0,91,47,0,138,0,144,99,2,245,283,0,283,528
08/05/2023,FPR,FL,ASO,ES,Towers with Radar,0,24,50,0,74,1,62,62,0,125,1,86,112,0,199,240,0,240,439
08/06/2023,FPR,FL,ASO,ES,Towers with Radar,0,1,30,0,31,0,2,66,0,68,0,3,96,0,99,46,0,46,145
08/07/2023,FPR,FL,ASO,ES,Towers with Radar,0,38,26,0,64,0,97,64,2,163,0,135,90,2,227,334,0,334,561
08/08/2023,FPR,FL,ASO,ES,Towers with Radar,0,33,43,0,76,0,94,56,0,150,0,127,99,0,226,304,0,304,530
08/09/2023,FPR,FL,ASO,ES,Towers with Radar,0,40,34,0,74,0,91,74,0,165,0,131,108,0,239,268,0,268,507
08/10/2023,FPR,FL,ASO,ES,Towers with Radar,0,29,27,0,56,0,46,51,0,97,0,75,78,0,153,232,0,232,385
08/11/2023,FPR,FL,ASO,ES,Towers with Radar,0,40,58,0,98,0,107,57,0,164,0,147,115,0,262,219,0,219,481
08/12/2023,FPR,FL,ASO,ES,Towers with Radar,0,21,32,0,53,0,49,62,0,111,0,70,94,0,164,185,0,185,349
08/13/2023,FPR,FL,ASO,ES,Towers with Radar,0,0,35,0,35,0,4,46,1,51,0,4,81,1,86,52,0,52,138
08/14/2023,FPR,FL,ASO,ES,Towers with Radar,0,23,45,0,68,0,52,46,0,98,0,75,91,0,166,207,0,207,373
08/15/2023,FPR,FL,ASO,ES,Towers with Radar,0,12,44,0,56,0,8,57,0,65,0,20,101,0,121,145,0,145,266
08/16/2023,FPR,FL,ASO,ES,Towers with Radar,0,50,37,0,87,0,79,62,0,141,0,129,99,0,228,284,0,284,512
08/17/2023,FPR,FL,ASO,ES,Towers with Radar,0,10,30,0,40,0,35,78,0,113,0,45,108,0,153,193,0,193,346
08/18/2023,FPR,FL,ASO,ES,Towers with Radar,0,5,54,0,59,0,13,72,0,85,0,18,126,0,144,202,0,202,346
08/19/2023,FPR,FL,ASO,ES,Towers with Radar,0,17,29,0,46,0,15,52,0,67,0,32,81,0,113,80,0,80,193
08/20/2023,FPR,FL,ASO,ES,Towers with Radar,0,3,29,0,32,0,5,30,0,35,0,8,59,0,67,26,0,26,93
08/21/2023,FPR,FL,ASO,ES,Towers with Radar,0,41,51,0,92,0,53,42,0,95,0,94,93,0,187,121,0,121,308
08/22/2023,FPR,FL,ASO,ES,Towers with Radar,0,54,46,0,100,0,67,79,0,146,0,121,125,0,246,228,0,228,474
08/23/2023,FPR,FL,ASO,ES,Towers with Radar,0,36,58,0,94,0,59,72,0,131,0,95,130,0,225,301,0,301,526
08/24/2023,FPR,FL,ASO,ES,Towers with Radar,0,65,52,0,117,0,61,63,0,124,0,126,115,0,241,171,0,171,412
08/25/2023,FPR,FL,ASO,ES,Towers with Radar,0,55,54,2,111,0,57,67,0,124,0,112,121,2,235,321,0,321,556
08/26/2023,FPR,FL,ASO,ES,Towers with Radar,0,34,37,0,71,0,53,58,0,111,0,87,95,0,182,202,0,202,384
08/27/2023,FPR,FL,ASO,ES,Towers with Radar,0,7,20,0,27,0,1,63,0,64,0,8,83,0,91,36,0,36,127
08/28/2023,FPR,FL,ASO,ES,Towers with Radar,0,23,29,0,52,0,34,54,0,88,0,57,83,0,140,183,0,183,323
08/29/2023,FPR,FL,ASO,ES,Towers with Radar,0,21,33,0,54,0,59,42,0,101,0,80,75,0,155,188,0,188,343
08/30/2023,FPR,FL,ASO,ES,Towers with Radar,0,0,2,0,2,0,2,5,0,7,0,2,7,0,9,0,0,0,9
08/31/2023,FPR,FL,ASO,ES,Towers with Radar,0,21,41,1,63,0,49,46,5,100,0,70,87,6,163,164,0,164,327
