01/01/2020,FRG,NY,AEA,EN,Towers with Radar,0,30,24,0,54,0,4,131,0,135,0,34,155,0,189,106,0,106,295
01/02/2020,FRG,NY,AEA,EN,Towers with Radar,0,22,31,0,53,0,35,294,0,329,0,57,325,0,382,458,0,458,840
01/03/2020,FRG,NY,AEA,EN,Towers with Radar,3,37,33,0,73,0,3,8,0,11,3,40,41,0,84,0,0,0,84
01/04/2020,FRG,NY,AEA,EN,Towers with Radar,1,21,39,0,61,0,0,0,0,0,1,21,39,0,61,0,0,0,61
01/05/2020,FRG,NY,AEA,EN,Towers with Radar,0,40,29,0,69,0,16,101,0,117,0,56,130,0,186,102,0,102,288
01/06/2020,FRG,NY,AEA,EN,Towers with Radar,0,25,39,0,64,0,26,257,0,283,0,51,296,0,347,304,0,304,651
01/07/2020,FRG,NY,AEA,EN,Towers with Radar,0,24,25,0,49,0,35,251,3,289,0,59,276,3,338,500,0,500,838
01/08/2020,FRG,NY,AEA,EN,Towers with Radar,0,10,30,0,40,0,7,85,2,94,0,17,115,2,134,148,0,148,282
01/09/2020,FRG,NY,AEA,EN,Towers with Radar,0,28,35,0,63,0,27,303,1,331,0,55,338,1,394,438,0,438,832
01/10/2020,FRG,NY,AEA,EN,Towers with Radar,0,19,35,0,54,0,6,191,0,197,0,25,226,0,251,341,0,341,592
01/11/2020,FRG,NY,AEA,EN,Towers with Radar,0,9,19,0,28,0,2,98,0,100,0,11,117,0,128,68,0,68,196
01/12/2020,FRG,NY,AEA,EN,Towers with Radar,0,15,25,0,40,0,5,49,0,54,0,20,74,0,94,30,0,30,124
01/13/2020,FRG,NY,AEA,EN,Towers with Radar,0,17,39,1,57,0,2,62,0,64,0,19,101,1,121,162,0,162,283
01/14/2020,FRG,NY,AEA,EN,Towers with Radar,0,13,33,0,46,0,1,115,0,116,0,14,148,0,162,338,0,338,500
01/15/2020,FRG,NY,AEA,EN,Towers with Radar,0,15,43,0,58,0,62,357,1,420,0,77,400,1,478,572,0,572,1050
01/16/2020,FRG,NY,AEA,EN,Towers with Radar,1,27,35,0,63,0,2,53,0,55,1,29,88,0,118,8,0,8,126
01/17/2020,FRG,NY,AEA,EN,Towers with Radar,2,22,44,0,68,0,5,105,0,110,2,27,149,0,178,110,0,110,288
01/18/2020,FRG,NY,AEA,EN,Towers with Radar,3,13,10,0,26,0,0,82,0,82,3,13,92,0,108,155,0,155,263
01/19/2020,FRG,NY,AEA,EN,Towers with Radar,1,16,33,0,50,0,15,230,0,245,1,31,263,0,295,282,0,282,577
01/20/2020,FRG,NY,AEA,EN,Towers with Radar,0,37,57,0,94,0,2,163,0,165,0,39,220,0,259,177,0,177,436
01/21/2020,FRG,NY,AEA,EN,Towers with Radar,0,15,38,0,53,0,33,238,2,273,0,48,276,2,326,400,0,400,726
01/22/2020,FRG,NY,AEA,EN,Towers with Radar,0,15,29,0,44,0,45,272,1,318,0,60,301,1,362,534,0,534,896
01/23/2020,FRG,NY,AEA,EN,Towers with Radar,0,31,25,0,56,0,30,301,1,332,0,61,326,1,388,314,0,314,702
01/24/2020,FRG,NY,AEA,EN,Towers with Radar,0,33,40,2,75,0,57,277,0,334,0,90,317,2,409,406,0,406,815
01/25/2020,FRG,NY,AEA,EN,Towers with Radar,1,22,24,0,47,0,0,0,0,0,1,22,24,0,47,0,0,0,47
01/26/2020,FRG,NY,AEA,EN,Towers with Radar,1,33,34,0,68,0,18,308,0,326,1,51,342,0,394,322,0,322,716
01/27/2020,FRG,NY,AEA,EN,Towers with Radar,0,32,35,0,67,0,26,231,3,260,0,58,266,3,327,402,0,402,729
01/28/2020,FRG,NY,AEA,EN,Towers with Radar,0,21,30,0,51,0,45,222,1,268,0,66,252,1,319,414,0,414,733
01/29/2020,FRG,NY,AEA,EN,Towers with Radar,0,24,29,0,53,0,22,258,0,280,0,46,287,0,333,422,0,422,755
01/30/2020,FRG,NY,AEA,EN,Towers with Radar,0,25,48,2,75,0,61,275,5,341,0,86,323,7,416,394,0,394,810
01/31/2020,FRG,NY,AEA,EN,Towers with Radar,0,26,41,0,67,0,36,219,0,255,0,62,260,0,322,618,0,618,940
02/01/2020,FRG,NY,AEA,EN,Towers with Radar,0,14,21,0,35,0,0,5,0,5,0,14,26,0,40,48,0,48,88
02/02/2020,FRG,NY,AEA,EN,Towers with Radar,0,22,45,0,67,0,5,168,0,173,0,27,213,0,240,414,0,414,654
02/03/2020,FRG,NY,AEA,EN,Towers with Radar,1,26,49,0,76,0,46,273,2,321,1,72,322,2,397,454,0,454,851
02/04/2020,FRG,NY,AEA,EN,Towers with Radar,0,14,34,0,48,0,7,54,1,62,0,21,88,1,110,138,0,138,248
02/05/2020,FRG,NY,AEA,EN,Towers with Radar,0,19,43,0,62,0,32,211,1,244,0,51,254,1,306,458,0,458,764
02/06/2020,FRG,NY,AEA,EN,Towers with Radar,1,30,26,0,57,0,0,0,0,0,1,30,26,0,57,0,0,0,57
02/07/2020,FRG,NY,AEA,EN,Towers with Radar,3,10,16,0,29,0,0,6,0,6,3,10,22,0,35,0,0,0,35
02/08/2020,FRG,NY,AEA,EN,Towers with Radar,0,10,32,0,42,0,25,312,0,337,0,35,344,0,379,362,0,362,741
02/09/2020,FRG,NY,AEA,EN,Towers with Radar,1,24,45,0,70,0,15,323,0,338,1,39,368,0,408,390,0,390,798
02/10/2020,FRG,NY,AEA,EN,Towers with Radar,0,27,28,0,55,0,5,30,0,35,0,32,58,0,90,82,0,82,172
02/11/2020,FRG,NY,AEA,EN,Towers with Radar,1,26,34,0,61,0,3,9,0,12,1,29,43,0,73,10,0,10,83
02/12/2020,FRG,NY,AEA,EN,Towers with Radar,2,21,40,0,63,0,44,338,0,382,2,65,378,0,445,570,0,570,1015
02/13/2020,FRG,NY,AEA,EN,Towers with Radar,1,26,26,0,53,0,0,19,0,19,1,26,45,0,72,0,0,0,72
02/14/2020,FRG,NY,AEA,EN,Towers with Radar,0,33,47,1,81,0,28,217,1,246,0,61,264,2,327,276,0,276,603
02/15/2020,FRG,NY,AEA,EN,Towers with Radar,0,25,39,0,64,0,46,318,1,365,0,71,357,1,429,468,0,468,897
02/16/2020,FRG,NY,AEA,EN,Towers with Radar,0,24,21,0,45,0,19,312,0,331,0,43,333,0,376,452,0,452,828
02/17/2020,FRG,NY,AEA,EN,Towers with Radar,0,34,58,0,92,0,48,316,1,365,0,82,374,1,457,531,0,531,988
02/18/2020,FRG,NY,AEA,EN,Towers with Radar,0,24,50,0,74,0,0,14,0,14,0,24,64,0,88,24,0,24,112
02/19/2020,FRG,NY,AEA,EN,Towers with Radar,0,28,26,0,54,0,34,310,0,344,0,62,336,0,398,332,0,332,730
02/20/2020,FRG,NY,AEA,EN,Towers with Radar,2,38,30,0,70,0,36,279,1,316,2,74,309,1,386,530,0,530,916
02/21/2020,FRG,NY,AEA,EN,Towers with Radar,0,32,30,0,62,0,41,258,6,305,0,73,288,6,367,430,0,430,797
02/22/2020,FRG,NY,AEA,EN,Towers with Radar,0,18,32,0,50,0,19,327,0,346,0,37,359,0,396,500,0,500,896
02/23/2020,FRG,NY,AEA,EN,Towers with Radar,0,41,44,0,85,0,31,377,0,408,0,72,421,0,493,388,0,388,881
02/24/2020,FRG,NY,AEA,EN,Towers with Radar,0,27,28,2,57,0,47,276,2,325,0,74,304,4,382,498,0,498,880
02/25/2020,FRG,NY,AEA,EN,Towers with Radar,0,24,27,0,51,0,10,68,3,81,0,34,95,3,132,292,0,292,424
02/26/2020,FRG,NY,AEA,EN,Towers with Radar,1,14,34,0,49,0,0,0,0,0,1,14,34,0,49,0,0,0,49
02/27/2020,FRG,NY,AEA,EN,Towers with Radar,0,16,22,0,38,0,3,51,0,54,0,19,73,0,92,4,0,4,96
02/28/2020,FRG,NY,AEA,EN,Towers with Radar,1,20,23,0,44,0,4,67,1,72,1,24,90,1,116,16,0,16,132
02/29/2020,FRG,NY,AEA,EN,Towers with Radar,1,24,24,0,49,0,26,270,3,299,1,50,294,3,348,530,0,530,878
03/01/2020,FRG,NY,AEA,EN,Towers with Radar,0,27,41,0,68,0,9,250,0,259,0,36,291,0,327,242,0,242,569
03/02/2020,FRG,NY,AEA,EN,Towers with Radar,0,19,22,0,41,0,64,249,0,313,0,83,271,0,354,332,0,332,686
03/03/2020,FRG,NY,AEA,EN,Towers with Radar,1,13,45,2,61,0,8,126,0,134,1,21,171,2,195,374,0,374,569
03/04/2020,FRG,NY,AEA,EN,Towers with Radar,1,17,39,0,57,0,18,89,1,108,1,35,128,1,165,70,0,70,235
03/05/2020,FRG,NY,AEA,EN,Towers with Radar,0,30,30,0,60,0,81,285,3,369,0,111,315,3,429,492,0,492,921
03/06/2020,FRG,NY,AEA,EN,Towers with Radar,0,28,38,0,66,0,50,110,1,161,0,78,148,1,227,354,0,354,581
03/07/2020,FRG,NY,AEA,EN,Towers with Radar,2,9,24,0,35,0,1,84,0,85,2,10,108,0,120,28,0,28,148
03/08/2020,FRG,NY,AEA,EN,Towers with Radar,1,16,35,0,52,0,19,402,2,423,1,35,437,2,475,458,0,458,933
03/09/2020,FRG,NY,AEA,EN,Towers with Radar,0,33,28,0,61,0,76,289,6,371,0,109,317,6,432,516,0,516,948
03/10/2020,FRG,NY,AEA,EN,Towers with Radar,0,30,33,0,63,0,34,192,1,227,0,64,225,1,290,506,0,506,796
03/11/2020,FRG,NY,AEA,EN,Towers with Radar,0,32,38,0,70,0,70,346,4,420,0,102,384,4,490,568,0,568,1058
03/12/2020,FRG,NY,AEA,EN,Towers with Radar,0,36,50,0,86,0,5,92,3,100,0,41,142,3,186,293,0,293,479
03/13/2020,FRG,NY,AEA,EN,Towers with Radar,1,37,39,0,77,0,0,30,0,30,1,37,69,0,107,12,0,12,119
03/14/2020,FRG,NY,AEA,EN,Towers with Radar,0,22,43,0,65,0,18,378,1,397,0,40,421,1,462,388,0,388,850
03/15/2020,FRG,NY,AEA,EN,Towers with Radar,0,24,46,0,70,0,22,327,0,349,0,46,373,0,419,420,0,420,839
03/16/2020,FRG,NY,AEA,EN,Towers with Radar,0,21,32,0,53,0,7,204,2,213,0,28,236,2,266,390,0,390,656
03/17/2020,FRG,NY,AEA,EN,Towers with Radar,0,16,34,0,50,0,3,20,0,23,0,19,54,0,73,18,0,18,91
03/18/2020,FRG,NY,AEA,EN,Towers with Radar,0,17,30,0,47,0,13,299,0,312,0,30,329,0,359,563,0,563,922
03/19/2020,FRG,NY,AEA,EN,Towers with Radar,0,16,21,0,37,0,0,8,0,8,0,16,29,0,45,6,0,6,51
03/20/2020,FRG,NY,AEA,EN,Towers with Radar,0,23,20,0,43,0,5,9,0,14,0,28,29,0,57,6,0,6,63
03/21/2020,FRG,NY,AEA,EN,Towers with Radar,0,14,17,0,31,0,4,206,0,210,0,18,223,0,241,404,0,404,645
03/22/2020,FRG,NY,AEA,EN,Towers with Radar,0,8,11,0,19,0,5,122,0,127,0,13,133,0,146,212,0,212,358
03/23/2020,FRG,NY,AEA,EN,Towers with Radar,0,7,2,0,9,0,0,0,0,0,0,7,2,0,9,0,0,0,9
03/24/2020,FRG,NY,AEA,EN,Towers with Radar,0,4,2,0,6,0,0,5,0,5,0,4,7,0,11,0,0,0,11
03/25/2020,FRG,NY,AEA,EN,Towers with Radar,0,3,6,0,9,0,0,1,0,1,0,3,7,0,10,0,0,0,10
03/26/2020,FRG,NY,AEA,EN,Towers with Radar,0,2,8,0,10,0,1,8,0,9,0,3,16,0,19,0,0,0,19
03/27/2020,FRG,NY,AEA,EN,Towers with Radar,0,3,2,0,5,0,1,4,0,5,0,4,6,0,10,0,0,0,10
03/28/2020,FRG,NY,AEA,EN,Towers with Radar,0,4,4,0,8,0,0,4,0,4,0,4,8,0,12,0,0,0,12
03/29/2020,FRG,NY,AEA,EN,Towers with Radar,0,7,6,0,13,0,0,0,0,0,0,7,6,0,13,0,0,0,13
03/30/2020,FRG,NY,AEA,EN,Towers with Radar,0,1,6,0,7,0,0,1,0,1,0,1,7,0,8,0,0,0,8
03/31/2020,FRG,NY,AEA,EN,Towers with Radar,0,7,8,0,15,0,1,5,0,6,0,8,13,0,21,0,0,0,21
04/01/2020,FRG,NY,AEA,EN,Towers with Radar,0,2,1,0,3,0,0,9,0,9,0,2,10,0,12,0,0,0,12
04/02/2020,FRG,NY,AEA,EN,Towers with Radar,0,2,3,0,5,0,0,3,1,4,0,2,6,1,9,0,0,0,9
04/03/2020,FRG,NY,AEA,EN,Towers with Radar,0,6,10,0,16,0,0,2,0,2,0,6,12,0,18,0,0,0,18
04/04/2020,FRG,NY,AEA,EN,Towers with Radar,0,0,5,0,5,0,0,5,0,5,0,0,10,0,10,0,0,0,10
04/05/2020,FRG,NY,AEA,EN,Towers with Radar,0,1,14,0,15,0,0,2,0,2,0,1,16,0,17,0,0,0,17
04/06/2020,FRG,NY,AEA,EN,Towers with Radar,0,1,2,0,3,0,0,10,0,10,0,1,12,0,13,0,0,0,13
04/07/2020,FRG,NY,AEA,EN,Towers with Radar,0,3,1,0,4,0,0,6,0,6,0,3,7,0,10,0,0,0,10
04/08/2020,FRG,NY,AEA,EN,Towers with Radar,0,5,2,0,7,0,0,4,0,4,0,5,6,0,11,0,0,0,11
04/09/2020,FRG,NY,AEA,EN,Towers with Radar,0,7,5,0,12,0,0,0,0,0,0,7,5,0,12,0,0,0,12
04/10/2020,FRG,NY,AEA,EN,Towers with Radar,0,2,1,1,4,0,0,2,0,2,0,2,3,1,6,0,0,0,6
04/11/2020,FRG,NY,AEA,EN,Towers with Radar,0,6,8,0,14,0,0,8,0,8,0,6,16,0,22,0,0,0,22
04/12/2020,FRG,NY,AEA,EN,Towers with Radar,0,4,5,0,9,0,0,7,0,7,0,4,12,0,16,0,0,0,16
04/13/2020,FRG,NY,AEA,EN,Towers with Radar,0,7,1,0,8,0,0,0,0,0,0,7,1,0,8,0,0,0,8
04/14/2020,FRG,NY,AEA,EN,Towers with Radar,0,1,10,0,11,0,2,11,0,13,0,3,21,0,24,0,0,0,24
04/15/2020,FRG,NY,AEA,EN,Towers with Radar,0,0,0,0,0,0,3,9,0,12,0,3,9,0,12,0,0,0,12
04/16/2020,FRG,NY,AEA,EN,Towers with Radar,0,5,3,0,8,0,0,8,0,8,0,5,11,0,16,0,0,0,16
04/17/2020,FRG,NY,AEA,EN,Towers with Radar,0,1,5,0,6,0,0,3,0,3,0,1,8,0,9,0,0,0,9
04/18/2020,FRG,NY,AEA,EN,Towers with Radar,0,3,7,0,10,0,0,0,0,0,0,3,7,0,10,0,0,0,10
04/19/2020,FRG,NY,AEA,EN,Towers with Radar,0,7,6,0,13,0,0,13,0,13,0,7,19,0,26,0,0,0,26
04/20/2020,FRG,NY,AEA,EN,Towers with Radar,0,2,3,0,5,0,1,6,0,7,0,3,9,0,12,0,0,0,12
04/21/2020,FRG,NY,AEA,EN,Towers with Radar,0,2,8,0,10,0,0,5,0,5,0,2,13,0,15,0,0,0,15
04/22/2020,FRG,NY,AEA,EN,Towers with Radar,0,9,3,0,12,0,0,11,0,11,0,9,14,0,23,0,0,0,23
04/23/2020,FRG,NY,AEA,EN,Towers with Radar,0,7,9,0,16,0,0,10,0,10,0,7,19,0,26,0,0,0,26
04/24/2020,FRG,NY,AEA,EN,Towers with Radar,0,4,2,0,6,0,0,0,0,0,0,4,2,0,6,0,0,0,6
04/25/2020,FRG,NY,AEA,EN,Towers with Radar,0,1,6,0,7,0,0,8,0,8,0,1,14,0,15,0,0,0,15
04/26/2020,FRG,NY,AEA,EN,Towers with Radar,0,8,9,0,17,0,0,1,0,1,0,8,10,0,18,0,0,0,18
04/27/2020,FRG,NY,AEA,EN,Towers with Radar,0,3,8,0,11,0,2,2,0,4,0,5,10,0,15,0,0,0,15
04/28/2020,FRG,NY,AEA,EN,Towers with Radar,0,7,9,0,16,0,3,12,0,15,0,10,21,0,31,0,0,0,31
04/29/2020,FRG,NY,AEA,EN,Towers with Radar,0,11,8,0,19,0,0,10,0,10,0,11,18,0,29,0,0,0,29
04/30/2020,FRG,NY,AEA,EN,Towers with Radar,0,8,14,0,22,0,0,2,0,2,0,8,16,0,24,0,0,0,24
05/01/2020,FRG,NY,AEA,EN,Towers with Radar,0,9,16,0,25,0,0,4,0,4,0,9,20,0,29,0,0,0,29
05/02/2020,FRG,NY,AEA,EN,Towers with Radar,0,8,17,0,25,0,3,188,0,191,0,11,205,0,216,174,0,174,390
05/03/2020,FRG,NY,AEA,EN,Towers with Radar,0,5,21,2,28,0,2,109,0,111,0,7,130,2,139,152,0,152,291
05/04/2020,FRG,NY,AEA,EN,Towers with Radar,0,6,8,0,14,0,10,114,0,124,0,16,122,0,138,166,0,166,304
05/05/2020,FRG,NY,AEA,EN,Towers with Radar,0,5,14,0,19,0,6,156,0,162,0,11,170,0,181,200,0,200,381
05/06/2020,FRG,NY,AEA,EN,Towers with Radar,0,1,11,1,13,0,2,66,1,69,0,3,77,2,82,162,0,162,244
05/07/2020,FRG,NY,AEA,EN,Towers with Radar,0,14,19,0,33,0,8,183,0,191,0,22,202,0,224,132,0,132,356
05/08/2020,FRG,NY,AEA,EN,Towers with Radar,0,5,8,0,13,0,3,79,0,82,0,8,87,0,95,144,0,144,239
05/09/2020,FRG,NY,AEA,EN,Towers with Radar,0,9,9,0,18,0,2,5,0,7,0,11,14,0,25,0,0,0,25
05/10/2020,FRG,NY,AEA,EN,Towers with Radar,0,4,12,0,16,0,2,72,0,74,0,6,84,0,90,64,0,64,154
05/11/2020,FRG,NY,AEA,EN,Towers with Radar,0,7,13,0,20,0,0,62,1,63,0,7,75,1,83,30,0,30,113
05/12/2020,FRG,NY,AEA,EN,Towers with Radar,0,10,12,0,22,0,10,133,3,146,0,20,145,3,168,80,0,80,248
05/13/2020,FRG,NY,AEA,EN,Towers with Radar,0,9,11,0,20,0,2,264,2,268,0,11,275,2,288,303,0,303,591
05/14/2020,FRG,NY,AEA,EN,Towers with Radar,0,15,18,0,33,0,9,275,3,287,0,24,293,3,320,628,0,628,948
05/15/2020,FRG,NY,AEA,EN,Towers with Radar,0,10,15,0,25,0,6,103,2,111,0,16,118,2,136,105,0,105,241
05/16/2020,FRG,NY,AEA,EN,Towers with Radar,0,15,11,0,26,0,8,230,0,238,0,23,241,0,264,202,0,202,466
05/17/2020,FRG,NY,AEA,EN,Towers with Radar,0,7,31,0,38,0,6,225,0,231,0,13,256,0,269,270,0,270,539
05/18/2020,FRG,NY,AEA,EN,Towers with Radar,0,6,12,0,18,0,2,90,1,93,0,8,102,1,111,176,0,176,287
05/19/2020,FRG,NY,AEA,EN,Towers with Radar,0,8,15,0,23,0,1,25,0,26,0,9,40,0,49,0,0,0,49
05/20/2020,FRG,NY,AEA,EN,Towers with Radar,0,5,17,1,23,0,2,141,0,143,0,7,158,1,166,120,0,120,286
05/21/2020,FRG,NY,AEA,EN,Towers with Radar,0,13,16,0,29,0,7,176,0,183,0,20,192,0,212,266,0,266,478
05/22/2020,FRG,NY,AEA,EN,Towers with Radar,0,10,27,0,37,0,14,144,3,161,0,24,171,3,198,140,0,140,338
05/23/2020,FRG,NY,AEA,EN,Towers with Radar,0,9,14,0,23,0,0,0,0,0,0,9,14,0,23,0,0,0,23
05/24/2020,FRG,NY,AEA,EN,Towers with Radar,0,12,22,0,34,0,1,73,0,74,0,13,95,0,108,228,0,228,336
05/25/2020,FRG,NY,AEA,EN,Towers with Radar,0,15,21,0,36,0,2,19,0,21,0,17,40,0,57,104,0,104,161
05/26/2020,FRG,NY,AEA,EN,Towers with Radar,0,17,30,2,49,0,2,52,0,54,0,19,82,2,103,126,0,126,229
05/27/2020,FRG,NY,AEA,EN,Towers with Radar,0,22,47,0,69,0,12,118,2,132,0,34,165,2,201,192,0,192,393
05/28/2020,FRG,NY,AEA,EN,Towers with Radar,0,24,33,0,57,0,0,20,0,20,0,24,53,0,77,6,0,6,83
05/29/2020,FRG,NY,AEA,EN,Towers with Radar,0,14,33,0,47,0,0,5,0,5,0,14,38,0,52,6,0,6,58
05/30/2020,FRG,NY,AEA,EN,Towers with Radar,0,10,32,0,42,0,4,173,0,177,0,14,205,0,219,168,0,168,387
05/31/2020,FRG,NY,AEA,EN,Towers with Radar,0,21,26,0,47,0,6,230,0,236,0,27,256,0,283,210,0,210,493
06/01/2020,FRG,NY,AEA,EN,Towers with Radar,0,23,35,0,58,0,8,191,0,199,0,31,226,0,257,182,0,182,439
06/02/2020,FRG,NY,AEA,EN,Towers with Radar,0,9,30,0,39,0,5,153,0,158,0,14,183,0,197,348,0,348,545
06/03/2020,FRG,NY,AEA,EN,Towers with Radar,0,13,17,0,30,0,2,59,0,61,0,15,76,0,91,110,0,110,201
06/04/2020,FRG,NY,AEA,EN,Towers with Radar,0,12,23,0,35,0,6,188,0,194,0,18,211,0,229,306,0,306,535
06/05/2020,FRG,NY,AEA,EN,Towers with Radar,0,23,33,0,56,0,1,24,0,25,0,24,57,0,81,130,0,130,211
06/06/2020,FRG,NY,AEA,EN,Towers with Radar,0,18,29,0,47,0,6,83,0,89,0,24,112,0,136,144,0,144,280
06/07/2020,FRG,NY,AEA,EN,Towers with Radar,0,19,29,0,48,0,1,188,0,189,0,20,217,0,237,206,0,206,443
06/08/2020,FRG,NY,AEA,EN,Towers with Radar,0,16,21,0,37,0,17,178,0,195,0,33,199,0,232,356,0,356,588
06/09/2020,FRG,NY,AEA,EN,Towers with Radar,1,9,24,0,34,0,16,261,0,277,1,25,285,0,311,390,0,390,701
06/10/2020,FRG,NY,AEA,EN,Towers with Radar,0,20,35,0,55,0,5,237,0,242,0,25,272,0,297,434,0,434,731
06/11/2020,FRG,NY,AEA,EN,Towers with Radar,0,31,27,0,58,0,0,2,0,2,0,31,29,0,60,0,0,0,60
06/12/2020,FRG,NY,AEA,EN,Towers with Radar,0,11,31,0,42,0,7,287,0,294,0,18,318,0,336,338,0,338,674
06/13/2020,FRG,NY,AEA,EN,Towers with Radar,0,19,28,0,47,0,1,274,0,275,0,20,302,0,322,374,0,374,696
06/14/2020,FRG,NY,AEA,EN,Towers with Radar,0,21,22,0,43,0,12,226,0,238,0,33,248,0,281,274,0,274,555
06/15/2020,FRG,NY,AEA,EN,Towers with Radar,0,19,16,0,35,0,2,194,0,196,0,21,210,0,231,300,0,300,531
06/16/2020,FRG,NY,AEA,EN,Towers with Radar,0,23,29,0,52,0,12,217,0,229,0,35,246,0,281,258,0,258,539
06/17/2020,FRG,NY,AEA,EN,Towers with Radar,0,19,45,0,64,0,6,212,1,219,0,25,257,1,283,268,0,268,551
06/18/2020,FRG,NY,AEA,EN,Towers with Radar,0,27,48,2,77,0,10,36,0,46,0,37,84,2,123,32,0,32,155
06/19/2020,FRG,NY,AEA,EN,Towers with Radar,0,22,25,0,47,0,2,154,0,156,0,24,179,0,203,230,0,230,433
06/20/2020,FRG,NY,AEA,EN,Towers with Radar,0,20,25,0,45,0,14,213,0,227,0,34,238,0,272,322,0,322,594
06/21/2020,FRG,NY,AEA,EN,Towers with Radar,0,16,35,0,51,0,11,187,1,199,0,27,222,1,250,208,0,208,458
06/22/2020,FRG,NY,AEA,EN,Towers with Radar,0,10,33,3,46,0,2,199,0,201,0,12,232,3,247,240,0,240,487
06/23/2020,FRG,NY,AEA,EN,Towers with Radar,0,20,33,0,53,0,9,161,1,171,0,29,194,1,224,374,0,374,598
06/24/2020,FRG,NY,AEA,EN,Towers with Radar,0,27,27,0,54,0,4,140,0,144,0,31,167,0,198,250,0,250,448
06/25/2020,FRG,NY,AEA,EN,Towers with Radar,0,14,29,0,43,0,7,247,0,254,0,21,276,0,297,360,0,360,657
06/26/2020,FRG,NY,AEA,EN,Towers with Radar,0,18,27,0,45,0,4,263,0,267,0,22,290,0,312,426,0,426,738
06/27/2020,FRG,NY,AEA,EN,Towers with Radar,0,27,22,0,49,0,2,137,0,139,0,29,159,0,188,442,0,442,630
06/28/2020,FRG,NY,AEA,EN,Towers with Radar,0,19,30,0,49,0,6,161,0,167,0,25,191,0,216,386,0,386,602
06/29/2020,FRG,NY,AEA,EN,Towers with Radar,0,10,32,0,42,0,14,166,1,181,0,24,198,1,223,392,0,392,615
06/30/2020,FRG,NY,AEA,EN,Towers with Radar,0,17,35,0,52,0,5,102,0,107,0,22,137,0,159,328,0,328,487
07/01/2020,FRG,NY,AEA,EN,Towers with Radar,0,12,35,0,47,0,19,106,1,126,0,31,141,1,173,292,0,292,465
07/02/2020,FRG,NY,AEA,EN,Towers with Radar,0,21,24,0,45,0,16,271,0,287,0,37,295,0,332,235,0,235,567
07/03/2020,FRG,NY,AEA,EN,Towers with Radar,0,19,36,0,55,0,6,186,0,192,0,25,222,0,247,340,0,340,587
07/04/2020,FRG,NY,AEA,EN,Towers with Radar,0,7,23,0,30,0,10,162,0,172,0,17,185,0,202,372,0,372,574
07/05/2020,FRG,NY,AEA,EN,Towers with Radar,0,10,41,0,51,0,17,168,0,185,0,27,209,0,236,316,0,316,552
07/06/2020,FRG,NY,AEA,EN,Towers with Radar,0,17,22,0,39,0,6,195,0,201,0,23,217,0,240,280,0,280,520
07/07/2020,FRG,NY,AEA,EN,Towers with Radar,0,28,44,0,72,0,0,17,0,17,0,28,61,0,89,38,0,38,127
07/08/2020,FRG,NY,AEA,EN,Towers with Radar,0,22,38,0,60,0,4,72,1,77,0,26,110,1,137,246,0,246,383
07/09/2020,FRG,NY,AEA,EN,Towers with Radar,0,18,27,0,45,0,12,214,0,226,0,30,241,0,271,542,0,542,813
07/10/2020,FRG,NY,AEA,EN,Towers with Radar,0,17,15,0,32,0,0,0,0,0,0,17,15,0,32,0,0,0,32
07/11/2020,FRG,NY,AEA,EN,Towers with Radar,0,18,36,0,54,0,2,11,0,13,0,20,47,0,67,18,0,18,85
07/12/2020,FRG,NY,AEA,EN,Towers with Radar,0,17,27,0,44,0,26,306,1,333,0,43,333,1,377,378,0,378,755
07/13/2020,FRG,NY,AEA,EN,Towers with Radar,0,25,28,0,53,0,9,199,0,208,0,34,227,0,261,324,0,324,585
07/14/2020,FRG,NY,AEA,EN,Towers with Radar,0,25,16,0,41,0,39,274,0,313,0,64,290,0,354,226,0,226,580
07/15/2020,FRG,NY,AEA,EN,Towers with Radar,0,26,25,0,51,0,30,156,0,186,0,56,181,0,237,346,0,346,583
07/16/2020,FRG,NY,AEA,EN,Towers with Radar,0,23,39,0,62,0,39,241,0,280,0,62,280,0,342,252,0,252,594
07/17/2020,FRG,NY,AEA,EN,Towers with Radar,0,30,31,0,61,0,2,21,0,23,0,32,52,0,84,18,0,18,102
07/18/2020,FRG,NY,AEA,EN,Towers with Radar,0,10,33,0,43,0,24,277,1,302,0,34,310,1,345,246,0,246,591
07/19/2020,FRG,NY,AEA,EN,Towers with Radar,0,16,17,0,33,0,13,178,0,191,0,29,195,0,224,282,0,282,506
07/20/2020,FRG,NY,AEA,EN,Towers with Radar,0,17,18,0,35,0,18,157,0,175,0,35,175,0,210,340,0,340,550
07/21/2020,FRG,NY,AEA,EN,Towers with Radar,0,12,30,0,42,0,8,204,0,212,0,20,234,0,254,284,0,284,538
07/22/2020,FRG,NY,AEA,EN,Towers with Radar,0,30,19,2,51,0,29,197,0,226,0,59,216,2,277,264,0,264,541
07/23/2020,FRG,NY,AEA,EN,Towers with Radar,0,18,23,0,41,0,17,137,0,154,0,35,160,0,195,200,0,200,395
07/24/2020,FRG,NY,AEA,EN,Towers with Radar,0,17,38,0,55,0,2,95,0,97,0,19,133,0,152,318,0,318,470
07/25/2020,FRG,NY,AEA,EN,Towers with Radar,0,5,33,0,38,0,11,283,0,294,0,16,316,0,332,310,0,310,642
07/26/2020,FRG,NY,AEA,EN,Towers with Radar,1,21,32,0,54,0,5,229,0,234,1,26,261,0,288,300,0,300,588
07/27/2020,FRG,NY,AEA,EN,Towers with Radar,0,19,18,0,37,0,29,214,0,243,0,48,232,0,280,438,0,438,718
07/28/2020,FRG,NY,AEA,EN,Towers with Radar,0,22,23,0,45,0,15,206,0,221,0,37,229,0,266,348,0,348,614
07/29/2020,FRG,NY,AEA,EN,Towers with Radar,0,17,27,2,46,0,20,240,0,260,0,37,267,2,306,326,6,332,638
07/30/2020,FRG,NY,AEA,EN,Towers with Radar,0,19,25,1,45,0,21,169,0,190,0,40,194,1,235,326,0,326,561
07/31/2020,FRG,NY,AEA,EN,Towers with Radar,0,17,42,0,59,0,4,44,0,48,0,21,86,0,107,102,0,102,209
08/01/2020,FRG,NY,AEA,EN,Towers with Radar,0,18,31,0,49,0,12,312,0,324,0,30,343,0,373,288,0,288,661
08/02/2020,FRG,NY,AEA,EN,Towers with Radar,0,19,46,0,65,0,1,26,0,27,0,20,72,0,92,168,0,168,260
08/03/2020,FRG,NY,AEA,EN,Towers with Radar,0,15,9,0,24,0,43,225,0,268,0,58,234,0,292,244,0,244,536
08/04/2020,FRG,NY,AEA,EN,Towers with Radar,0,10,7,0,17,0,1,3,1,5,0,11,10,1,22,0,0,0,22
08/05/2020,FRG,NY,AEA,EN,Towers with Radar,0,6,23,2,31,0,27,218,2,247,0,33,241,4,278,326,0,326,604
08/06/2020,FRG,NY,AEA,EN,Towers with Radar,0,10,22,0,32,0,27,141,0,168,0,37,163,0,200,230,0,230,430
08/07/2020,FRG,NY,AEA,EN,Towers with Radar,0,12,16,0,28,0,5,63,0,68,0,17,79,0,96,134,0,134,230
08/08/2020,FRG,NY,AEA,EN,Towers with Radar,0,20,66,0,86,0,0,103,0,103,0,20,169,0,189,242,0,242,431
08/09/2020,FRG,NY,AEA,EN,Towers with Radar,0,27,45,0,72,0,10,217,0,227,0,37,262,0,299,252,0,252,551
08/10/2020,FRG,NY,AEA,EN,Towers with Radar,0,20,19,0,39,0,13,254,0,267,0,33,273,0,306,404,0,404,710
08/11/2020,FRG,NY,AEA,EN,Towers with Radar,0,14,77,2,93,0,3,110,0,113,0,17,187,2,206,110,0,110,316
08/12/2020,FRG,NY,AEA,EN,Towers with Radar,0,17,42,0,59,0,4,41,0,45,0,21,83,0,104,8,0,8,112
08/13/2020,FRG,NY,AEA,EN,Towers with Radar,0,29,28,0,57,0,10,81,2,93,0,39,109,2,150,254,0,254,404
08/14/2020,FRG,NY,AEA,EN,Towers with Radar,0,20,24,0,44,0,10,254,0,264,0,30,278,0,308,262,0,262,570
08/15/2020,FRG,NY,AEA,EN,Towers with Radar,0,9,38,0,47,0,13,294,0,307,0,22,332,0,354,242,0,242,596
08/16/2020,FRG,NY,AEA,EN,Towers with Radar,0,34,56,2,92,0,0,3,0,3,0,34,59,2,95,8,0,8,103
08/17/2020,FRG,NY,AEA,EN,Towers with Radar,0,27,37,0,64,0,26,237,0,263,0,53,274,0,327,372,0,372,699
08/18/2020,FRG,NY,AEA,EN,Towers with Radar,0,25,24,0,49,0,30,300,0,330,0,55,324,0,379,364,0,364,743
08/19/2020,FRG,NY,AEA,EN,Towers with Radar,0,21,31,0,52,0,12,98,0,110,0,33,129,0,162,210,0,210,372
08/20/2020,FRG,NY,AEA,EN,Towers with Radar,0,16,18,0,34,0,39,313,0,352,0,55,331,0,386,390,0,390,776
08/21/2020,FRG,NY,AEA,EN,Towers with Radar,0,19,28,0,47,0,31,275,0,306,0,50,303,0,353,330,0,330,683
08/22/2020,FRG,NY,AEA,EN,Towers with Radar,0,20,32,0,52,0,19,288,1,308,0,39,320,1,360,444,0,444,804
08/23/2020,FRG,NY,AEA,EN,Towers with Radar,0,15,43,0,58,0,5,323,0,328,0,20,366,0,386,370,0,370,756
08/24/2020,FRG,NY,AEA,EN,Towers with Radar,0,14,28,2,44,0,12,234,0,246,0,26,262,2,290,596,0,596,886
08/25/2020,FRG,NY,AEA,EN,Towers with Radar,0,11,38,0,49,0,4,244,0,248,0,15,282,0,297,430,0,430,727
08/26/2020,FRG,NY,AEA,EN,Towers with Radar,0,14,35,0,49,0,16,299,4,319,0,30,334,4,368,562,0,562,930
08/27/2020,FRG,NY,AEA,EN,Towers with Radar,0,18,19,0,37,0,9,122,0,131,0,27,141,0,168,176,0,176,344
08/28/2020,FRG,NY,AEA,EN,Towers with Radar,0,22,25,0,47,0,48,252,1,301,0,70,277,1,348,268,0,268,616
08/29/2020,FRG,NY,AEA,EN,Towers with Radar,0,17,23,0,40,0,0,4,1,5,0,17,27,1,45,4,0,4,49
08/30/2020,FRG,NY,AEA,EN,Towers with Radar,0,16,38,0,54,0,22,337,0,359,0,38,375,0,413,186,0,186,599
08/31/2020,FRG,NY,AEA,EN,Towers with Radar,0,14,28,0,42,0,40,309,0,349,0,54,337,0,391,434,0,434,825
09/01/2020,FRG,NY,AEA,EN,Towers with Radar,0,18,48,0,66,0,13,134,0,147,0,31,182,0,213,444,0,444,657
09/02/2020,FRG,NY,AEA,EN,Towers with Radar,0,15,42,0,57,0,0,23,0,23,0,15,65,0,80,64,0,64,144
09/03/2020,FRG,NY,AEA,EN,Towers with Radar,0,21,50,0,71,0,40,319,0,359,0,61,369,0,430,364,0,364,794
09/04/2020,FRG,NY,AEA,EN,Towers with Radar,0,24,35,0,59,0,84,350,0,434,0,108,385,0,493,294,0,294,787
09/05/2020,FRG,NY,AEA,EN,Towers with Radar,0,18,19,0,37,0,59,340,0,399,0,77,359,0,436,270,0,270,706
09/06/2020,FRG,NY,AEA,EN,Towers with Radar,0,24,26,0,50,0,4,251,0,255,0,28,277,0,305,164,0,164,469
09/07/2020,FRG,NY,AEA,EN,Towers with Radar,0,17,25,0,42,0,5,324,0,329,0,22,349,0,371,556,0,556,927
09/08/2020,FRG,NY,AEA,EN,Towers with Radar,0,27,38,1,66,0,28,285,3,316,0,55,323,4,382,624,0,624,1006
09/09/2020,FRG,NY,AEA,EN,Towers with Radar,0,15,62,0,77,0,14,196,0,210,0,29,258,0,287,476,0,476,763
09/10/2020,FRG,NY,AEA,EN,Towers with Radar,0,16,25,0,41,0,4,55,0,59,0,20,80,0,100,84,0,84,184
09/11/2020,FRG,NY,AEA,EN,Towers with Radar,0,20,40,0,60,0,32,297,0,329,0,52,337,0,389,556,0,556,945
09/12/2020,FRG,NY,AEA,EN,Towers with Radar,0,14,35,0,49,0,47,331,0,378,0,61,366,0,427,344,0,344,771
09/13/2020,FRG,NY,AEA,EN,Towers with Radar,0,19,49,0,68,0,11,232,0,243,0,30,281,0,311,332,0,332,643
09/14/2020,FRG,NY,AEA,EN,Towers with Radar,0,19,30,2,51,0,56,204,1,261,0,75,234,3,312,290,0,290,602
09/15/2020,FRG,NY,AEA,EN,Towers with Radar,0,20,24,0,44,0,72,256,1,329,0,92,280,1,373,414,0,414,787
09/16/2020,FRG,NY,AEA,EN,Towers with Radar,0,25,42,0,67,0,64,250,0,314,0,89,292,0,381,380,0,380,761
09/17/2020,FRG,NY,AEA,EN,Towers with Radar,0,18,30,0,48,0,32,223,0,255,0,50,253,0,303,486,0,486,789
09/18/2020,FRG,NY,AEA,EN,Towers with Radar,2,19,25,0,46,0,5,140,0,145,2,24,165,0,191,326,0,326,517
09/19/2020,FRG,NY,AEA,EN,Towers with Radar,0,19,20,0,39,0,37,263,1,301,0,56,283,1,340,316,0,316,656
09/20/2020,FRG,NY,AEA,EN,Towers with Radar,0,20,23,0,43,0,7,203,0,210,0,27,226,0,253,348,0,348,601
09/21/2020,FRG,NY,AEA,EN,Towers with Radar,0,16,26,0,42,0,44,235,0,279,0,60,261,0,321,280,0,280,601
09/22/2020,FRG,NY,AEA,EN,Towers with Radar,0,19,28,0,47,0,44,285,0,329,0,63,313,0,376,418,0,418,794
09/23/2020,FRG,NY,AEA,EN,Towers with Radar,0,21,26,0,47,0,51,247,0,298,0,72,273,0,345,326,0,326,671
09/24/2020,FRG,NY,AEA,EN,Towers with Radar,0,27,24,0,51,0,57,296,1,354,0,84,320,1,405,452,0,452,857
09/25/2020,FRG,NY,AEA,EN,Towers with Radar,0,27,39,0,66,0,31,289,0,320,0,58,328,0,386,512,0,512,898
09/26/2020,FRG,NY,AEA,EN,Towers with Radar,0,23,28,0,51,0,33,274,0,307,0,56,302,0,358,572,0,572,930
09/27/2020,FRG,NY,AEA,EN,Towers with Radar,0,21,62,0,83,0,4,57,0,61,0,25,119,0,144,152,0,152,296
09/28/2020,FRG,NY,AEA,EN,Towers with Radar,0,14,45,0,59,0,20,66,0,86,0,34,111,0,145,230,0,230,375
09/29/2020,FRG,NY,AEA,EN,Towers with Radar,0,17,41,0,58,0,0,34,0,34,0,17,75,0,92,84,0,84,176
09/30/2020,FRG,NY,AEA,EN,Towers with Radar,0,18,22,0,40,0,0,83,0,83,0,18,105,0,123,34,0,34,157
10/01/2020,FRG,NY,AEA,EN,Towers with Radar,0,21,36,0,57,0,40,343,0,383,0,61,379,0,440,366,0,366,806
10/02/2020,FRG,NY,AEA,EN,Towers with Radar,0,16,32,0,48,0,37,204,0,241,0,53,236,0,289,464,0,464,753
10/03/2020,FRG,NY,AEA,EN,Towers with Radar,0,7,37,0,44,0,50,394,0,444,0,57,431,0,488,342,0,342,830
10/04/2020,FRG,NY,AEA,EN,Towers with Radar,0,24,30,0,54,0,9,332,0,341,0,33,362,0,395,300,0,300,695
10/05/2020,FRG,NY,AEA,EN,Towers with Radar,0,19,34,0,53,0,18,158,0,176,0,37,192,0,229,484,0,484,713
10/06/2020,FRG,NY,AEA,EN,Towers with Radar,0,23,33,0,56,0,44,275,0,319,0,67,308,0,375,458,0,458,833
10/07/2020,FRG,NY,AEA,EN,Towers with Radar,0,29,22,2,53,0,9,99,1,109,0,38,121,3,162,266,0,266,428
10/08/2020,FRG,NY,AEA,EN,Towers with Radar,0,22,23,0,45,0,38,190,0,228,0,60,213,0,273,186,0,186,459
10/09/2020,FRG,NY,AEA,EN,Towers with Radar,0,35,40,0,75,0,64,366,0,430,0,99,406,0,505,342,0,342,847
10/10/2020,FRG,NY,AEA,EN,Towers with Radar,0,10,25,0,35,0,16,181,0,197,0,26,206,0,232,246,0,246,478
10/11/2020,FRG,NY,AEA,EN,Towers with Radar,0,26,35,0,61,0,7,266,0,273,0,33,301,0,334,318,0,318,652
10/12/2020,FRG,NY,AEA,EN,Towers with Radar,0,19,22,0,41,0,0,7,0,7,0,19,29,0,48,20,0,20,68
10/13/2020,FRG,NY,AEA,EN,Towers with Radar,0,23,53,0,76,0,0,0,0,0,0,23,53,0,76,0,0,0,76
10/14/2020,FRG,NY,AEA,EN,Towers with Radar,0,26,43,0,69,0,61,356,2,419,0,87,399,2,488,475,0,475,963
10/15/2020,FRG,NY,AEA,EN,Towers with Radar,0,31,40,0,71,0,35,273,1,309,0,66,313,1,380,238,0,238,618
10/16/2020,FRG,NY,AEA,EN,Towers with Radar,0,32,64,0,96,0,0,6,1,7,0,32,70,1,103,8,0,8,111
10/17/2020,FRG,NY,AEA,EN,Towers with Radar,0,24,34,0,58,0,39,364,0,403,0,63,398,0,461,268,0,268,729
10/18/2020,FRG,NY,AEA,EN,Towers with Radar,0,31,31,0,62,0,18,288,0,306,0,49,319,0,368,312,0,312,680
10/19/2020,FRG,NY,AEA,EN,Towers with Radar,2,25,26,0,53,0,30,261,0,291,2,55,287,0,344,368,0,368,712
10/20/2020,FRG,NY,AEA,EN,Towers with Radar,0,13,43,0,56,0,0,2,0,2,0,13,45,0,58,0,0,0,58
10/21/2020,FRG,NY,AEA,EN,Towers with Radar,0,28,50,0,78,0,0,0,0,0,0,28,50,0,78,0,0,0,78
10/22/2020,FRG,NY,AEA,EN,Towers with Radar,0,26,50,0,76,0,0,3,0,3,0,26,53,0,79,18,0,18,97
10/23/2020,FRG,NY,AEA,EN,Towers with Radar,0,37,69,0,106,0,2,22,0,24,0,39,91,0,130,20,0,20,150
10/24/2020,FRG,NY,AEA,EN,Towers with Radar,0,40,83,0,123,0,5,65,0,70,0,45,148,0,193,306,0,306,499
10/25/2020,FRG,NY,AEA,EN,Towers with Radar,0,38,53,3,94,0,28,349,3,380,0,66,402,6,474,324,0,324,798
10/26/2020,FRG,NY,AEA,EN,Towers with Radar,0,28,33,0,61,0,0,0,0,0,0,28,33,0,61,2,0,2,63
10/27/2020,FRG,NY,AEA,EN,Towers with Radar,0,32,36,0,68,0,46,254,0,300,0,78,290,0,368,412,0,412,780
10/28/2020,FRG,NY,AEA,EN,Towers with Radar,0,19,30,0,49,0,1,8,0,9,0,20,38,0,58,0,0,0,58
10/29/2020,FRG,NY,AEA,EN,Towers with Radar,0,21,30,0,51,0,0,1,0,1,0,21,31,0,52,4,0,4,56
10/30/2020,FRG,NY,AEA,EN,Towers with Radar,0,20,14,0,34,0,1,10,0,11,0,21,24,0,45,34,0,34,79
10/31/2020,FRG,NY,AEA,EN,Towers with Radar,2,20,25,0,47,0,30,456,1,487,2,50,481,1,534,306,0,306,840
11/01/2020,FRG,NY,AEA,EN,Towers with Radar,1,32,41,0,74,0,7,95,0,102,1,39,136,0,176,234,0,234,410
11/02/2020,FRG,NY,AEA,EN,Towers with Radar,1,17,13,0,31,0,0,20,0,20,1,17,33,0,51,16,0,16,67
11/03/2020,FRG,NY,AEA,EN,Towers with Radar,2,5,23,0,30,0,20,138,2,160,2,25,161,2,190,96,0,96,286
11/04/2020,FRG,NY,AEA,EN,Towers with Radar,0,28,32,0,60,0,72,291,0,363,0,100,323,0,423,390,0,390,813
11/05/2020,FRG,NY,AEA,EN,Towers with Radar,0,25,38,0,63,0,48,207,5,260,0,73,245,5,323,390,0,390,713
11/06/2020,FRG,NY,AEA,EN,Towers with Radar,0,13,32,0,45,0,66,322,1,389,0,79,354,1,434,406,0,406,840
11/07/2020,FRG,NY,AEA,EN,Towers with Radar,0,10,26,0,36,0,40,405,1,446,0,50,431,1,482,274,0,274,756
11/08/2020,FRG,NY,AEA,EN,Towers with Radar,2,21,39,0,62,0,3,424,0,427,2,24,463,0,489,325,0,325,814
11/09/2020,FRG,NY,AEA,EN,Towers with Radar,0,19,48,0,67,0,8,326,0,334,0,27,374,0,401,462,0,462,863
11/10/2020,FRG,NY,AEA,EN,Towers with Radar,0,21,36,0,57,0,14,286,0,300,0,35,322,0,357,438,0,438,795
11/11/2020,FRG,NY,AEA,EN,Towers with Radar,0,23,43,1,67,0,1,15,0,16,0,24,58,1,83,0,0,0,83
11/12/2020,FRG,NY,AEA,EN,Towers with Radar,0,28,33,0,61,0,6,29,0,35,0,34,62,0,96,78,0,78,174
11/13/2020,FRG,NY,AEA,EN,Towers with Radar,0,25,37,0,62,0,1,23,0,24,0,26,60,0,86,8,0,8,94
11/14/2020,FRG,NY,AEA,EN,Towers with Radar,0,18,29,0,47,0,19,419,0,438,0,37,448,0,485,392,0,392,877
11/15/2020,FRG,NY,AEA,EN,Towers with Radar,0,32,29,0,61,0,9,150,0,159,0,41,179,0,220,222,0,222,442
11/16/2020,FRG,NY,AEA,EN,Towers with Radar,0,22,23,0,45,0,29,158,0,187,0,51,181,0,232,282,0,282,514
11/17/2020,FRG,NY,AEA,EN,Towers with Radar,0,21,30,0,51,0,59,276,0,335,0,80,306,0,386,522,0,522,908
11/18/2020,FRG,NY,AEA,EN,Towers with Radar,0,25,34,0,59,0,47,277,0,324,0,72,311,0,383,270,14,284,667
11/19/2020,FRG,NY,AEA,EN,Towers with Radar,0,24,38,0,62,0,35,273,0,308,0,59,311,0,370,276,0,276,646
11/20/2020,FRG,NY,AEA,EN,Towers with Radar,0,36,33,0,69,0,18,266,2,286,0,54,299,2,355,166,0,166,521
11/21/2020,FRG,NY,AEA,EN,Towers with Radar,0,29,53,0,82,0,25,388,1,414,0,54,441,1,496,312,0,312,808
11/22/2020,FRG,NY,AEA,EN,Towers with Radar,1,26,62,0,89,0,10,112,0,122,1,36,174,0,211,346,0,346,557
11/23/2020,FRG,NY,AEA,EN,Towers with Radar,1,21,26,0,48,0,15,54,1,70,1,36,80,1,118,108,0,108,226
11/24/2020,FRG,NY,AEA,EN,Towers with Radar,0,24,35,0,59,0,53,296,8,357,0,77,331,8,416,370,0,370,786
11/25/2020,FRG,NY,AEA,EN,Towers with Radar,0,18,33,0,51,0,15,236,2,253,0,33,269,2,304,410,0,410,714
11/26/2020,FRG,NY,AEA,EN,Towers with Radar,0,20,22,0,42,0,1,11,0,12,0,21,33,0,54,12,0,12,66
11/27/2020,FRG,NY,AEA,EN,Towers with Radar,0,22,30,0,52,0,23,275,0,298,0,45,305,0,350,336,0,336,686
11/28/2020,FRG,NY,AEA,EN,Towers with Radar,0,18,36,0,54,0,15,346,0,361,0,33,382,0,415,216,0,216,631
11/29/2020,FRG,NY,AEA,EN,Towers with Radar,0,31,60,0,91,0,4,419,0,423,0,35,479,0,514,238,0,238,752
11/30/2020,FRG,NY,AEA,EN,Towers with Radar,0,26,19,0,45,0,10,3,0,13,0,36,22,0,58,20,0,20,78
12/01/2020,FRG,NY,AEA,EN,Towers with Radar,0,27,26,0,53,0,8,82,0,90,0,35,108,0,143,56,0,56,199
12/02/2020,FRG,NY,AEA,EN,Towers with Radar,1,28,28,0,57,0,19,156,0,175,1,47,184,0,232,84,0,84,316
12/03/2020,FRG,NY,AEA,EN,Towers with Radar,0,22,35,0,57,0,63,303,6,372,0,85,338,6,429,390,0,390,819
12/04/2020,FRG,NY,AEA,EN,Towers with Radar,0,24,29,0,53,0,59,171,2,232,0,83,200,2,285,314,0,314,599
12/05/2020,FRG,NY,AEA,EN,Towers with Radar,0,19,18,0,37,0,0,6,0,6,0,19,24,0,43,0,0,0,43
12/06/2020,FRG,NY,AEA,EN,Towers with Radar,0,28,35,0,63,0,3,242,0,245,0,31,277,0,308,231,0,231,539
12/07/2020,FRG,NY,AEA,EN,Towers with Radar,1,28,15,0,44,0,56,304,0,360,1,84,319,0,404,422,8,430,834
12/08/2020,FRG,NY,AEA,EN,Towers with Radar,0,15,26,0,41,0,42,195,0,237,0,57,221,0,278,412,0,412,690
12/09/2020,FRG,NY,AEA,EN,Towers with Radar,0,21,31,0,52,0,3,146,0,149,0,24,177,0,201,160,0,160,361
12/10/2020,FRG,NY,AEA,EN,Towers with Radar,0,37,27,0,64,0,7,342,0,349,0,44,369,0,413,296,0,296,709
12/11/2020,FRG,NY,AEA,EN,Towers with Radar,0,29,19,6,54,0,11,257,4,272,0,40,276,10,326,180,0,180,506
12/12/2020,FRG,NY,AEA,EN,Towers with Radar,0,10,19,0,29,0,0,0,0,0,0,10,19,0,29,0,0,0,29
12/13/2020,FRG,NY,AEA,EN,Towers with Radar,0,21,37,0,58,0,13,319,2,334,0,34,356,2,392,270,0,270,662
12/14/2020,FRG,NY,AEA,EN,Towers with Radar,0,20,19,0,39,0,2,21,0,23,0,22,40,0,62,118,0,118,180
12/15/2020,FRG,NY,AEA,EN,Towers with Radar,0,26,26,0,52,0,41,291,6,338,0,67,317,6,390,338,0,338,728
12/16/2020,FRG,NY,AEA,EN,Towers with Radar,0,30,17,0,47,0,6,137,0,143,0,36,154,0,190,152,0,152,342
12/17/2020,FRG,NY,AEA,EN,Towers with Radar,0,15,13,0,28,0,2,19,0,21,0,17,32,0,49,0,0,0,49
12/18/2020,FRG,NY,AEA,EN,Towers with Radar,0,30,49,0,79,0,6,100,1,107,0,36,149,1,186,70,0,70,256
12/19/2020,FRG,NY,AEA,EN,Towers with Radar,0,32,43,0,75,0,1,187,0,188,0,33,230,0,263,116,0,116,379
12/20/2020,FRG,NY,AEA,EN,Towers with Radar,0,30,37,0,67,0,3,23,0,26,0,33,60,0,93,70,0,70,163
12/21/2020,FRG,NY,AEA,EN,Towers with Radar,0,19,37,0,56,0,9,65,0,74,0,28,102,0,130,148,0,148,278
12/22/2020,FRG,NY,AEA,EN,Towers with Radar,0,31,35,0,66,0,11,191,2,204,0,42,226,2,270,272,0,272,542
12/23/2020,FRG,NY,AEA,EN,Towers with Radar,0,24,46,0,70,0,20,338,0,358,0,44,384,0,428,336,0,336,764
12/24/2020,FRG,NY,AEA,EN,Towers with Radar,0,30,26,0,56,0,5,42,1,48,0,35,68,1,104,32,0,32,136
12/25/2020,FRG,NY,AEA,EN,Towers with Radar,0,23,11,0,34,0,0,1,0,1,0,23,12,0,35,0,0,0,35
12/26/2020,FRG,NY,AEA,EN,Towers with Radar,0,37,42,0,79,0,5,153,0,158,0,42,195,0,237,150,0,150,387
12/27/2020,FRG,NY,AEA,EN,Towers with Radar,0,45,49,0,94,0,3,329,0,332,0,48,378,0,426,104,0,104,530
12/28/2020,FRG,NY,AEA,EN,Towers with Radar,0,32,38,0,70,0,8,187,0,195,0,40,225,0,265,318,0,318,583
12/29/2020,FRG,NY,AEA,EN,Towers with Radar,0,15,38,0,53,0,15,162,0,177,0,30,200,0,230,200,0,200,430
12/30/2020,FRG,NY,AEA,EN,Towers with Radar,1,20,44,0,65,0,19,226,1,246,1,39,270,1,311,318,0,318,629
12/31/2020,FRG,NY,AEA,EN,Towers with Radar,0,20,9,0,29,0,1,58,0,59,0,21,67,0,88,170,0,170,258
01/01/2021,FRG,NY,AEA,EN,Towers with Radar,1,25,23,0,49,0,2,63,1,66,1,27,86,1,115,118,0,118,233
01/02/2021,FRG,NY,AEA,EN,Towers with Radar,1,22,57,0,80,0,13,78,1,92,1,35,135,1,172,88,0,88,260
01/03/2021,FRG,NY,AEA,EN,Towers with Radar,0,39,43,0,82,0,2,28,0,30,0,41,71,0,112,84,0,84,196
01/04/2021,FRG,NY,AEA,EN,Towers with Radar,0,21,34,0,55,0,10,172,2,184,0,31,206,2,239,286,0,286,525
01/05/2021,FRG,NY,AEA,EN,Towers with Radar,0,20,26,0,46,0,11,239,0,250,0,31,265,0,296,388,0,388,684
01/06/2021,FRG,NY,AEA,EN,Towers with Radar,0,18,31,0,49,0,7,265,2,274,0,25,296,2,323,234,0,234,557
01/07/2021,FRG,NY,AEA,EN,Towers with Radar,0,35,16,0,51,0,12,277,3,292,0,47,293,3,343,136,0,136,479
01/08/2021,FRG,NY,AEA,EN,Towers with Radar,0,31,34,0,65,0,5,293,0,298,0,36,327,0,363,334,0,334,697
01/09/2021,FRG,NY,AEA,EN,Towers with Radar,0,33,28,0,61,0,5,299,0,304,0,38,327,0,365,204,0,204,569
01/10/2021,FRG,NY,AEA,EN,Towers with Radar,0,26,45,0,71,0,22,316,0,338,0,48,361,0,409,218,0,218,627
01/11/2021,FRG,NY,AEA,EN,Towers with Radar,0,25,23,0,48,0,38,203,9,250,0,63,226,9,298,370,0,370,668
01/12/2021,FRG,NY,AEA,EN,Towers with Radar,0,16,24,0,40,0,44,210,3,257,0,60,234,3,297,406,0,406,703
01/13/2021,FRG,NY,AEA,EN,Towers with Radar,0,19,28,0,47,0,58,250,0,308,0,77,278,0,355,502,0,502,857
01/14/2021,FRG,NY,AEA,EN,Towers with Radar,0,31,35,0,66,0,56,198,8,262,0,87,233,8,328,464,0,464,792
01/15/2021,FRG,NY,AEA,EN,Towers with Radar,0,31,34,0,65,0,1,28,0,29,0,32,62,0,94,124,0,124,218
01/16/2021,FRG,NY,AEA,EN,Towers with Radar,0,18,33,0,51,0,0,43,0,43,0,18,76,0,94,76,0,76,170
01/17/2021,FRG,NY,AEA,EN,Towers with Radar,2,19,29,0,50,0,1,101,0,102,2,20,130,0,152,114,0,114,266
01/18/2021,FRG,NY,AEA,EN,Towers with Radar,1,27,30,0,58,0,12,268,0,280,1,39,298,0,338,290,0,290,628
01/19/2021,FRG,NY,AEA,EN,Towers with Radar,0,22,25,0,47,0,17,225,0,242,0,39,250,0,289,352,0,352,641
01/20/2021,FRG,NY,AEA,EN,Towers with Radar,0,18,31,0,49,0,31,88,0,119,0,49,119,0,168,114,0,114,282
01/21/2021,FRG,NY,AEA,EN,Towers with Radar,0,31,56,0,87,0,46,195,0,241,0,77,251,0,328,250,0,250,578
01/22/2021,FRG,NY,AEA,EN,Towers with Radar,0,20,32,0,52,0,35,221,1,257,0,55,253,1,309,276,0,276,585
01/23/2021,FRG,NY,AEA,EN,Towers with Radar,0,14,19,0,33,0,14,83,1,98,0,28,102,1,131,40,0,40,171
01/24/2021,FRG,NY,AEA,EN,Towers with Radar,1,15,44,0,60,0,11,202,0,213,1,26,246,0,273,368,0,368,641
01/25/2021,FRG,NY,AEA,EN,Towers with Radar,0,22,28,0,50,0,21,326,0,347,0,43,354,0,397,362,0,362,759
01/26/2021,FRG,NY,AEA,EN,Towers with Radar,1,18,14,0,33,0,0,33,0,33,1,18,47,0,66,66,0,66,132
01/27/2021,FRG,NY,AEA,EN,Towers with Radar,0,28,35,0,63,0,27,118,0,145,0,55,153,0,208,368,0,368,576
01/28/2021,FRG,NY,AEA,EN,Towers with Radar,0,19,29,0,48,0,15,137,3,155,0,34,166,3,203,218,0,218,421
01/29/2021,FRG,NY,AEA,EN,Towers with Radar,0,29,21,0,50,0,1,15,4,20,0,30,36,4,70,0,0,0,70
01/30/2021,FRG,NY,AEA,EN,Towers with Radar,2,25,35,0,62,0,34,261,0,295,2,59,296,0,357,358,0,358,715
01/31/2021,FRG,NY,AEA,EN,Towers with Radar,0,40,43,0,83,0,10,196,2,208,0,50,239,2,291,362,0,362,653
02/01/2021,FRG,NY,AEA,EN,Towers with Radar,0,0,0,0,0,0,0,0,0,0,0,0,0,0,0,0,0,0,0
02/02/2021,FRG,NY,AEA,EN,Towers with Radar,0,9,13,0,22,0,0,1,0,1,0,9,14,0,23,0,0,0,23
02/03/2021,FRG,NY,AEA,EN,Towers with Radar,0,33,25,0,58,0,10,34,0,44,0,43,59,0,102,34,0,34,136
02/04/2021,FRG,NY,AEA,EN,Towers with Radar,0,22,28,0,50,0,12,246,4,262,0,34,274,4,312,316,0,316,628
02/05/2021,FRG,NY,AEA,EN,Towers with Radar,2,22,24,0,48,0,2,62,0,64,2,24,86,0,112,192,0,192,304
02/06/2021,FRG,NY,AEA,EN,Towers with Radar,1,41,29,0,71,0,26,217,0,243,1,67,246,0,314,168,0,168,482
02/07/2021,FRG,NY,AEA,EN,Towers with Radar,1,12,6,0,19,0,2,0,0,2,1,14,6,0,21,0,0,0,21
02/08/2021,FRG,NY,AEA,EN,Towers with Radar,2,34,34,0,70,0,3,140,2,145,2,37,174,2,215,198,0,198,413
02/09/2021,FRG,NY,AEA,EN,Towers with Radar,0,15,15,0,30,0,0,15,0,15,0,15,30,0,45,64,0,64,109
02/10/2021,FRG,NY,AEA,EN,Towers with Radar,1,42,60,0,103,0,62,246,1,309,1,104,306,1,412,464,0,464,876
02/11/2021,FRG,NY,AEA,EN,Towers with Radar,0,39,43,0,82,0,23,77,0,100,0,62,120,0,182,158,0,158,340
02/12/2021,FRG,NY,AEA,EN,Towers with Radar,1,42,47,1,91,0,53,196,2,251,1,95,243,3,342,210,0,210,552
02/13/2021,FRG,NY,AEA,EN,Towers with Radar,1,57,38,0,96,0,20,129,0,149,1,77,167,0,245,256,0,256,501
02/14/2021,FRG,NY,AEA,EN,Towers with Radar,1,23,20,0,44,0,0,33,0,33,1,23,53,0,77,70,0,70,147
02/15/2021,FRG,NY,AEA,EN,Towers with Radar,0,26,30,0,56,0,1,20,0,21,0,27,50,0,77,34,0,34,111
02/16/2021,FRG,NY,AEA,EN,Towers with Radar,0,25,19,0,44,0,7,65,2,74,0,32,84,2,118,44,0,44,162
02/17/2021,FRG,NY,AEA,EN,Towers with Radar,1,35,47,2,85,0,56,360,0,416,1,91,407,2,501,386,0,386,887
02/18/2021,FRG,NY,AEA,EN,Towers with Radar,0,10,7,0,17,0,1,0,0,1,0,11,7,0,18,0,0,0,18
02/19/2021,FRG,NY,AEA,EN,Towers with Radar,0,11,19,0,30,0,0,0,0,0,0,11,19,0,30,0,0,0,30
02/20/2021,FRG,NY,AEA,EN,Towers with Radar,1,26,45,0,72,0,24,164,4,192,1,50,209,4,264,244,0,244,508
02/21/2021,FRG,NY,AEA,EN,Towers with Radar,0,27,58,0,85,0,13,362,1,376,0,40,420,1,461,260,0,260,721
02/22/2021,FRG,NY,AEA,EN,Towers with Radar,0,27,24,0,51,0,12,49,0,61,0,39,73,0,112,72,0,72,184
02/23/2021,FRG,NY,AEA,EN,Towers with Radar,0,16,20,0,36,0,29,125,2,156,0,45,145,2,192,206,0,206,398
02/24/2021,FRG,NY,AEA,EN,Towers with Radar,2,17,31,0,50,0,44,330,6,380,2,61,361,6,430,252,0,252,682
02/25/2021,FRG,NY,AEA,EN,Towers with Radar,0,23,51,0,74,0,37,235,0,272,0,60,286,0,346,404,0,404,750
02/26/2021,FRG,NY,AEA,EN,Towers with Radar,1,26,37,0,64,0,60,456,3,519,1,86,493,3,583,246,0,246,829
02/27/2021,FRG,NY,AEA,EN,Towers with Radar,1,35,11,0,47,0,0,6,0,6,1,35,17,0,53,0,0,0,53
02/28/2021,FRG,NY,AEA,EN,Towers with Radar,2,38,45,0,85,0,3,102,0,105,2,41,147,0,190,332,0,332,522
03/01/2021,FRG,NY,AEA,EN,Towers with Radar,0,21,17,0,38,0,3,20,2,25,0,24,37,2,63,92,0,92,155
03/02/2021,FRG,NY,AEA,EN,Towers with Radar,0,15,15,0,30,0,2,30,2,34,0,17,45,2,64,6,0,6,70
03/03/2021,FRG,NY,AEA,EN,Towers with Radar,2,28,41,0,71,0,73,330,2,405,2,101,371,2,476,440,0,440,916
03/04/2021,FRG,NY,AEA,EN,Towers with Radar,0,31,35,0,66,0,51,188,4,243,0,82,223,4,309,242,0,242,551
03/05/2021,FRG,NY,AEA,EN,Towers with Radar,0,20,26,0,46,0,36,109,0,145,0,56,135,0,191,142,0,142,333
03/06/2021,FRG,NY,AEA,EN,Towers with Radar,0,24,27,2,53,0,49,277,0,326,0,73,304,2,379,446,0,446,825
03/07/2021,FRG,NY,AEA,EN,Towers with Radar,0,40,55,0,95,0,39,406,0,445,0,79,461,0,540,429,0,429,969
03/08/2021,FRG,NY,AEA,EN,Towers with Radar,1,36,26,0,63,0,68,322,1,391,1,104,348,1,454,454,0,454,908
03/09/2021,FRG,NY,AEA,EN,Towers with Radar,0,13,12,0,25,0,63,309,2,374,0,76,321,2,399,314,0,314,713
03/10/2021,FRG,NY,AEA,EN,Towers with Radar,0,25,32,0,57,0,83,369,1,453,0,108,401,1,510,388,0,388,898
03/11/2021,FRG,NY,AEA,EN,Towers with Radar,0,21,36,0,57,0,61,233,3,297,0,82,269,3,354,452,0,452,806
03/12/2021,FRG,NY,AEA,EN,Towers with Radar,0,27,21,0,48,0,60,255,2,317,0,87,276,2,365,338,0,338,703
03/13/2021,FRG,NY,AEA,EN,Towers with Radar,0,25,33,0,58,0,25,280,0,305,0,50,313,0,363,406,0,406,769
03/14/2021,FRG,NY,AEA,EN,Towers with Radar,0,46,42,0,88,0,10,143,0,153,0,56,185,0,241,178,0,178,419
03/15/2021,FRG,NY,AEA,EN,Towers with Radar,0,20,37,0,57,0,24,131,2,157,0,44,168,2,214,278,0,278,492
03/16/2021,FRG,NY,AEA,EN,Towers with Radar,0,19,22,0,41,0,45,250,2,297,0,64,272,2,338,456,0,456,794
03/17/2021,FRG,NY,AEA,EN,Towers with Radar,0,36,39,0,75,0,2,101,0,103,0,38,140,0,178,322,0,322,500
03/18/2021,FRG,NY,AEA,EN,Towers with Radar,0,20,22,0,42,0,0,0,0,0,0,20,22,0,42,0,0,0,42
03/19/2021,FRG,NY,AEA,EN,Towers with Radar,0,36,32,0,68,0,13,95,5,113,0,49,127,5,181,14,0,14,195
03/20/2021,FRG,NY,AEA,EN,Towers with Radar,0,23,35,0,58,0,45,546,2,593,0,68,581,2,651,130,0,130,781
03/21/2021,FRG,NY,AEA,EN,Towers with Radar,1,35,49,0,85,0,23,461,0,484,1,58,510,0,569,360,0,360,929
03/22/2021,FRG,NY,AEA,EN,Towers with Radar,0,26,27,0,53,0,77,290,3,370,0,103,317,3,423,534,0,534,957
03/23/2021,FRG,NY,AEA,EN,Towers with Radar,0,27,41,0,68,0,52,198,5,255,0,79,239,5,323,466,0,466,789
03/24/2021,FRG,NY,AEA,EN,Towers with Radar,2,42,43,0,87,0,7,67,0,74,2,49,110,0,161,244,0,244,405
03/25/2021,FRG,NY,AEA,EN,Towers with Radar,0,51,46,1,98,0,6,126,3,135,0,57,172,4,233,246,0,246,479
03/26/2021,FRG,NY,AEA,EN,Towers with Radar,0,33,42,0,75,0,0,18,0,18,0,33,60,0,93,24,0,24,117
03/27/2021,FRG,NY,AEA,EN,Towers with Radar,0,38,51,0,89,0,57,459,0,516,0,95,510,0,605,218,0,218,823
03/28/2021,FRG,NY,AEA,EN,Towers with Radar,0,53,30,0,83,0,0,37,0,37,0,53,67,0,120,58,0,58,178
03/29/2021,FRG,NY,AEA,EN,Towers with Radar,0,31,33,0,64,0,0,11,2,13,0,31,44,2,77,0,0,0,77
03/30/2021,FRG,NY,AEA,EN,Towers with Radar,1,28,44,0,73,0,62,455,5,522,1,90,499,5,595,478,0,478,1073
03/31/2021,FRG,NY,AEA,EN,Towers with Radar,0,33,27,0,60,0,7,88,0,95,0,40,115,0,155,182,0,182,337
04/01/2021,FRG,NY,AEA,EN,Towers with Radar,0,38,33,1,72,0,14,55,2,71,0,52,88,3,143,210,0,210,353
04/02/2021,FRG,NY,AEA,EN,Towers with Radar,2,34,50,0,86,0,78,317,0,395,2,112,367,0,481,458,0,458,939
04/03/2021,FRG,NY,AEA,EN,Towers with Radar,1,45,34,0,80,0,64,391,0,455,1,109,425,0,535,362,0,362,897
04/04/2021,FRG,NY,AEA,EN,Towers with Radar,0,35,40,0,75,0,32,271,0,303,0,67,311,0,378,308,0,308,686
04/05/2021,FRG,NY,AEA,EN,Towers with Radar,0,47,67,0,114,0,50,304,3,357,0,97,371,3,471,278,0,278,749
04/06/2021,FRG,NY,AEA,EN,Towers with Radar,0,38,37,0,75,0,76,442,2,520,0,114,479,2,595,360,0,360,955
04/07/2021,FRG,NY,AEA,EN,Towers with Radar,1,30,42,0,73,0,68,400,0,468,1,98,442,0,541,368,0,368,909
04/08/2021,FRG,NY,AEA,EN,Towers with Radar,1,29,47,0,77,0,90,437,3,530,1,119,484,3,607,390,0,390,997
04/09/2021,FRG,NY,AEA,EN,Towers with Radar,0,22,46,0,68,0,3,72,0,75,0,25,118,0,143,104,0,104,247
04/10/2021,FRG,NY,AEA,EN,Towers with Radar,0,35,52,0,87,0,17,93,0,110,0,52,145,0,197,450,0,450,647
04/11/2021,FRG,NY,AEA,EN,Towers with Radar,0,33,26,0,59,0,0,0,0,0,0,33,26,0,59,0,0,0,59
04/12/2021,FRG,NY,AEA,EN,Towers with Radar,0,26,58,0,84,0,7,57,3,67,0,33,115,3,151,228,0,228,379
04/13/2021,FRG,NY,AEA,EN,Towers with Radar,0,33,44,0,77,0,80,324,3,407,0,113,368,3,484,662,0,662,1146
04/14/2021,FRG,NY,AEA,EN,Towers with Radar,1,20,48,0,69,0,72,363,2,437,1,92,411,2,506,568,0,568,1074
04/15/2021,FRG,NY,AEA,EN,Towers with Radar,0,28,40,0,68,0,0,0,0,0,0,28,40,0,68,0,0,0,68
04/16/2021,FRG,NY,AEA,EN,Towers with Radar,0,32,31,0,63,0,17,116,3,136,0,49,147,3,199,296,0,296,495
04/17/2021,FRG,NY,AEA,EN,Towers with Radar,0,21,23,0,44,0,89,370,2,461,0,110,393,2,505,500,0,500,1005
04/18/2021,FRG,NY,AEA,EN,Towers with Radar,0,35,47,0,82,0,36,360,0,396,0,71,407,0,478,370,0,370,848
04/19/2021,FRG,NY,AEA,EN,Towers with Radar,0,21,32,0,53,0,70,283,4,357,0,91,315,4,410,456,0,456,866
04/20/2021,FRG,NY,AEA,EN,Towers with Radar,0,23,24,0,47,0,61,317,2,380,0,84,341,2,427,320,0,320,747
04/21/2021,FRG,NY,AEA,EN,Towers with Radar,0,22,32,0,54,0,13,110,3,126,0,35,142,3,180,126,0,126,306
04/22/2021,FRG,NY,AEA,EN,Towers with Radar,0,25,29,0,54,0,1,57,1,59,0,26,86,1,113,68,0,68,181
04/23/2021,FRG,NY,AEA,EN,Towers with Radar,0,29,37,0,66,0,15,196,2,213,0,44,233,2,279,340,0,340,619
04/24/2021,FRG,NY,AEA,EN,Towers with Radar,0,22,41,0,63,0,47,342,0,389,0,69,383,0,452,303,0,303,755
04/25/2021,FRG,NY,AEA,EN,Towers with Radar,1,19,62,0,82,0,3,55,0,58,1,22,117,0,140,70,0,70,210
04/26/2021,FRG,NY,AEA,EN,Towers with Radar,1,33,31,0,65,0,38,202,2,242,1,71,233,2,307,306,0,306,613
04/27/2021,FRG,NY,AEA,EN,Towers with Radar,0,22,41,0,63,0,62,410,1,473,0,84,451,1,536,536,0,536,1072
04/28/2021,FRG,NY,AEA,EN,Towers with Radar,0,41,40,0,81,0,60,365,1,426,0,101,405,1,507,441,0,441,948
04/29/2021,FRG,NY,AEA,EN,Towers with Radar,0,21,41,0,62,0,15,158,0,173,0,36,199,0,235,474,0,474,709
04/30/2021,FRG,NY,AEA,EN,Towers with Radar,0,34,29,0,63,0,7,39,0,46,0,41,68,0,109,40,0,40,149
05/01/2021,FRG,NY,AEA,EN,Towers with Radar,0,30,45,0,75,0,62,238,4,304,0,92,283,4,379,320,0,320,699
05/02/2021,FRG,NY,AEA,EN,Towers with Radar,2,48,42,0,92,0,27,322,1,350,2,75,364,1,442,186,0,186,628
05/03/2021,FRG,NY,AEA,EN,Towers with Radar,0,20,56,0,76,0,52,223,4,279,0,72,279,4,355,488,0,488,843
05/04/2021,FRG,NY,AEA,EN,Towers with Radar,0,47,63,0,110,0,21,100,2,123,0,68,163,2,233,280,0,280,513
05/05/2021,FRG,NY,AEA,EN,Towers with Radar,0,29,35,0,64,0,0,2,0,2,0,29,37,0,66,0,0,0,66
05/06/2021,FRG,NY,AEA,EN,Towers with Radar,0,33,46,0,79,0,60,483,4,547,0,93,529,4,626,552,0,552,1178
05/07/2021,FRG,NY,AEA,EN,Towers with Radar,0,46,46,0,92,0,71,345,2,418,0,117,391,2,510,556,0,556,1066
05/08/2021,FRG,NY,AEA,EN,Towers with Radar,1,39,29,0,69,0,55,191,0,246,1,94,220,0,315,568,0,568,883
05/09/2021,FRG,NY,AEA,EN,Towers with Radar,1,32,39,0,72,0,19,235,0,254,1,51,274,0,326,238,0,238,564
05/10/2021,FRG,NY,AEA,EN,Towers with Radar,0,36,34,0,70,0,23,131,6,160,0,59,165,6,230,296,0,296,526
05/11/2021,FRG,NY,AEA,EN,Towers with Radar,0,21,37,0,58,0,30,360,6,396,0,51,397,6,454,305,0,305,759
05/12/2021,FRG,NY,AEA,EN,Towers with Radar,0,19,58,0,77,0,27,355,5,387,0,46,413,5,464,454,0,454,918
05/13/2021,FRG,NY,AEA,EN,Towers with Radar,0,40,51,0,91,0,47,401,4,452,0,87,452,4,543,496,0,496,1039
05/14/2021,FRG,NY,AEA,EN,Towers with Radar,1,31,39,0,71,0,63,366,1,430,1,94,405,1,501,490,0,490,991
05/15/2021,FRG,NY,AEA,EN,Towers with Radar,1,24,32,0,57,0,23,456,0,479,1,47,488,0,536,482,0,482,1018
05/16/2021,FRG,NY,AEA,EN,Towers with Radar,0,26,48,0,74,0,25,313,0,338,0,51,361,0,412,400,0,400,812
05/17/2021,FRG,NY,AEA,EN,Towers with Radar,0,14,30,0,44,0,55,263,1,319,0,69,293,1,363,330,0,330,693
05/18/2021,FRG,NY,AEA,EN,Towers with Radar,0,22,46,0,68,0,47,334,3,384,0,69,380,3,452,294,0,294,746
05/19/2021,FRG,NY,AEA,EN,Towers with Radar,2,30,42,0,74,0,40,420,7,467,2,70,462,7,541,572,0,572,1113
05/20/2021,FRG,NY,AEA,EN,Towers with Radar,2,36,55,0,93,0,56,362,5,423,2,92,417,5,516,618,0,618,1134
05/21/2021,FRG,NY,AEA,EN,Towers with Radar,0,30,54,2,86,0,36,315,0,351,0,66,369,2,437,494,0,494,931
05/22/2021,FRG,NY,AEA,EN,Towers with Radar,4,22,30,2,58,0,50,321,0,371,4,72,351,2,429,384,0,384,813
05/23/2021,FRG,NY,AEA,EN,Towers with Radar,1,28,53,0,82,0,21,330,1,352,1,49,383,1,434,208,0,208,642
05/24/2021,FRG,NY,AEA,EN,Towers with Radar,0,26,32,0,58,0,59,276,4,339,0,85,308,4,397,426,0,426,823
05/25/2021,FRG,NY,AEA,EN,Towers with Radar,1,22,40,0,63,0,44,305,5,354,1,66,345,5,417,266,0,266,683
05/26/2021,FRG,NY,AEA,EN,Towers with Radar,1,32,53,3,89,0,4,62,1,67,1,36,115,4,156,160,0,160,316
05/27/2021,FRG,NY,AEA,EN,Towers with Radar,1,36,74,2,113,0,78,474,4,556,1,114,548,6,669,452,0,452,1121
05/28/2021,FRG,NY,AEA,EN,Towers with Radar,1,21,54,0,76,0,30,237,7,274,1,51,291,7,350,168,0,168,518
05/29/2021,FRG,NY,AEA,EN,Towers with Radar,0,16,27,0,43,0,0,5,0,5,0,16,32,0,48,0,0,0,48
05/30/2021,FRG,NY,AEA,EN,Towers with Radar,0,29,21,0,50,0,0,0,0,0,0,29,21,0,50,0,0,0,50
05/31/2021,FRG,NY,AEA,EN,Towers with Radar,0,31,75,1,107,0,25,190,0,215,0,56,265,1,322,178,0,178,500
06/01/2021,FRG,NY,AEA,EN,Towers with Radar,0,29,37,2,68,0,40,308,5,353,0,69,345,7,421,516,0,516,937
06/02/2021,FRG,NY,AEA,EN,Towers with Radar,2,26,40,0,68,0,53,342,2,397,2,79,382,2,465,608,0,608,1073
06/03/2021,FRG,NY,AEA,EN,Towers with Radar,0,18,38,0,56,0,0,1,0,1,0,18,39,0,57,36,0,36,93
06/04/2021,FRG,NY,AEA,EN,Towers with Radar,1,49,40,0,90,0,1,24,1,26,1,50,64,1,116,68,0,68,184
06/05/2021,FRG,NY,AEA,EN,Towers with Radar,0,29,39,0,68,0,34,454,0,488,0,63,493,0,556,414,0,414,970
06/06/2021,FRG,NY,AEA,EN,Towers with Radar,1,29,45,0,75,0,31,398,0,429,1,60,443,0,504,328,0,328,832
06/07/2021,FRG,NY,AEA,EN,Towers with Radar,0,28,28,0,56,0,45,310,4,359,0,73,338,4,415,586,0,586,1001
06/08/2021,FRG,NY,AEA,EN,Towers with Radar,1,21,44,0,66,0,40,214,3,257,1,61,258,3,323,508,0,508,831
06/09/2021,FRG,NY,AEA,EN,Towers with Radar,0,17,44,0,61,0,32,238,8,278,0,49,282,8,339,472,0,472,811
06/10/2021,FRG,NY,AEA,EN,Towers with Radar,0,26,54,0,80,0,66,374,1,441,0,92,428,1,521,490,0,490,1011
06/11/2021,FRG,NY,AEA,EN,Towers with Radar,0,22,28,0,50,0,38,304,2,344,0,60,332,2,394,642,0,642,1036
06/12/2021,FRG,NY,AEA,EN,Towers with Radar,1,20,55,0,76,0,13,278,0,291,1,33,333,0,367,476,0,476,843
06/13/2021,FRG,NY,AEA,EN,Towers with Radar,0,29,41,0,70,0,29,330,0,359,0,58,371,0,429,356,0,356,785
06/14/2021,FRG,NY,AEA,EN,Towers with Radar,0,28,40,0,68,0,17,90,4,111,0,45,130,4,179,136,0,136,315
06/15/2021,FRG,NY,AEA,EN,Towers with Radar,0,13,40,1,54,0,40,238,4,282,0,53,278,5,336,434,0,434,770
06/16/2021,FRG,NY,AEA,EN,Towers with Radar,4,24,28,0,56,0,73,391,3,467,4,97,419,3,523,558,0,558,1081
06/17/2021,FRG,NY,AEA,EN,Towers with Radar,1,42,28,0,71,0,75,446,1,522,1,117,474,1,593,332,0,332,925
06/18/2021,FRG,NY,AEA,EN,Towers with Radar,0,25,42,0,67,0,40,462,2,504,0,65,504,2,571,454,0,454,1025
06/19/2021,FRG,NY,AEA,EN,Towers with Radar,0,32,24,1,57,0,13,321,0,334,0,45,345,1,391,352,0,352,743
06/20/2021,FRG,NY,AEA,EN,Towers with Radar,1,32,29,0,62,0,30,349,0,379,1,62,378,0,441,328,0,328,769
06/21/2021,FRG,NY,AEA,EN,Towers with Radar,0,30,41,0,71,0,5,36,0,41,0,35,77,0,112,34,0,34,146
06/22/2021,FRG,NY,AEA,EN,Towers with Radar,1,18,38,0,57,0,6,143,0,149,1,24,181,0,206,196,0,196,402
06/23/2021,FRG,NY,AEA,EN,Towers with Radar,0,32,40,0,72,0,63,492,7,562,0,95,532,7,634,558,0,558,1192
06/24/2021,FRG,NY,AEA,EN,Towers with Radar,1,25,54,0,80,0,53,486,5,544,1,78,540,5,624,382,0,382,1006
06/25/2021,FRG,NY,AEA,EN,Towers with Radar,0,49,57,0,106,0,12,186,1,199,0,61,243,1,305,352,0,352,657
06/26/2021,FRG,NY,AEA,EN,Towers with Radar,2,40,40,0,82,0,2,23,0,25,2,42,63,0,107,1,0,1,108
06/27/2021,FRG,NY,AEA,EN,Towers with Radar,0,31,60,0,91,0,10,199,0,209,0,41,259,0,300,184,0,184,484
06/28/2021,FRG,NY,AEA,EN,Towers with Radar,0,17,43,0,60,0,52,392,4,448,0,69,435,4,508,404,0,404,912
06/29/2021,FRG,NY,AEA,EN,Towers with Radar,0,19,31,0,50,0,52,406,5,463,0,71,437,5,513,672,0,672,1185
06/30/2021,FRG,NY,AEA,EN,Towers with Radar,0,24,31,0,55,0,57,385,2,444,0,81,416,2,499,488,0,488,987
07/01/2021,FRG,NY,AEA,EN,Towers with Radar,0,28,45,0,73,0,32,227,2,261,0,60,272,2,334,382,0,382,716
07/02/2021,FRG,NY,AEA,EN,Towers with Radar,0,23,41,0,64,0,12,60,0,72,0,35,101,0,136,278,0,278,414
07/03/2021,FRG,NY,AEA,EN,Towers with Radar,1,21,35,0,57,0,0,5,0,5,1,21,40,0,62,0,0,0,62
07/04/2021,FRG,NY,AEA,EN,Towers with Radar,0,10,31,0,41,0,22,217,0,239,0,32,248,0,280,472,0,472,752
07/05/2021,FRG,NY,AEA,EN,Towers with Radar,0,19,85,0,104,0,24,237,0,261,0,43,322,0,365,304,0,304,669
07/06/2021,FRG,NY,AEA,EN,Towers with Radar,0,20,31,0,51,0,42,275,2,319,0,62,306,2,370,342,0,342,712
07/07/2021,FRG,NY,AEA,EN,Towers with Radar,0,19,49,0,68,0,69,340,6,415,0,88,389,6,483,498,0,498,981
07/08/2021,FRG,NY,AEA,EN,Towers with Radar,0,32,59,0,91,0,5,65,2,72,0,37,124,2,163,294,0,294,457
07/09/2021,FRG,NY,AEA,EN,Towers with Radar,0,19,47,0,66,0,8,83,0,91,0,27,130,0,157,140,0,140,297
07/10/2021,FRG,NY,AEA,EN,Towers with Radar,0,29,75,0,104,0,11,206,0,217,0,40,281,0,321,520,0,520,841
07/11/2021,FRG,NY,AEA,EN,Towers with Radar,0,33,93,0,126,0,9,96,0,105,0,42,189,0,231,362,0,362,593
07/12/2021,FRG,NY,AEA,EN,Towers with Radar,0,30,31,0,61,0,1,6,0,7,0,31,37,0,68,12,0,12,80
07/13/2021,FRG,NY,AEA,EN,Towers with Radar,0,39,54,0,93,0,4,6,1,11,0,43,60,1,104,4,0,4,108
07/14/2021,FRG,NY,AEA,EN,Towers with Radar,0,39,47,0,86,0,8,129,0,137,0,47,176,0,223,366,0,366,589
07/15/2021,FRG,NY,AEA,EN,Towers with Radar,0,33,45,0,78,0,68,546,1,615,0,101,591,1,693,446,0,446,1139
07/16/2021,FRG,NY,AEA,EN,Towers with Radar,0,29,38,0,67,0,59,419,3,481,0,88,457,3,548,442,0,442,990
07/17/2021,FRG,NY,AEA,EN,Towers with Radar,0,29,27,0,56,0,17,263,0,280,0,46,290,0,336,462,0,462,798
07/18/2021,FRG,NY,AEA,EN,Towers with Radar,0,33,44,2,79,0,14,175,3,192,0,47,219,5,271,144,0,144,415
07/19/2021,FRG,NY,AEA,EN,Towers with Radar,0,34,65,0,99,0,40,253,3,296,0,74,318,3,395,510,0,510,905
07/20/2021,FRG,NY,AEA,EN,Towers with Radar,0,30,45,0,75,0,50,242,4,296,0,80,287,4,371,662,0,662,1033
07/21/2021,FRG,NY,AEA,EN,Towers with Radar,0,28,38,0,66,0,5,156,1,162,0,33,194,1,228,292,0,292,520
07/22/2021,FRG,NY,AEA,EN,Towers with Radar,0,36,42,0,78,0,64,476,6,546,0,100,518,6,624,534,0,534,1158
07/23/2021,FRG,NY,AEA,EN,Towers with Radar,0,22,42,0,64,0,54,422,1,477,0,76,464,1,541,534,0,534,1075
07/24/2021,FRG,NY,AEA,EN,Towers with Radar,0,24,38,0,62,0,38,394,0,432,0,62,432,0,494,434,0,434,928
07/25/2021,FRG,NY,AEA,EN,Towers with Radar,0,36,57,0,93,0,9,137,0,146,0,45,194,0,239,114,0,114,353
07/26/2021,FRG,NY,AEA,EN,Towers with Radar,0,21,47,0,68,0,49,278,1,328,0,70,325,1,396,398,0,398,794
07/27/2021,FRG,NY,AEA,EN,Towers with Radar,0,20,53,2,75,0,47,317,3,367,0,67,370,5,442,392,0,392,834
07/28/2021,FRG,NY,AEA,EN,Towers with Radar,0,17,39,0,56,0,55,353,2,410,0,72,392,2,466,684,0,684,1150
07/29/2021,FRG,NY,AEA,EN,Towers with Radar,0,26,53,0,79,0,18,101,2,121,0,44,154,2,200,170,0,170,370
07/30/2021,FRG,NY,AEA,EN,Towers with Radar,0,26,45,1,72,0,43,358,2,403,0,69,403,3,475,304,0,304,779
07/31/2021,FRG,NY,AEA,EN,Towers with Radar,0,26,52,0,78,0,21,453,1,475,0,47,505,1,553,421,0,421,974
08/01/2021,FRG,NY,AEA,EN,Towers with Radar,0,27,62,0,89,0,19,208,0,227,0,46,270,0,316,168,0,168,484
08/02/2021,FRG,NY,AEA,EN,Towers with Radar,0,28,32,0,60,0,75,284,2,361,0,103,316,2,421,528,0,528,949
08/03/2021,FRG,NY,AEA,EN,Towers with Radar,0,23,28,0,51,0,40,319,2,361,0,63,347,2,412,590,0,590,1002
08/04/2021,FRG,NY,AEA,EN,Towers with Radar,0,26,42,0,68,0,30,266,0,296,0,56,308,0,364,546,0,546,910
08/05/2021,FRG,NY,AEA,EN,Towers with Radar,0,35,57,0,92,0,17,107,1,125,0,52,164,1,217,366,0,366,583
08/06/2021,FRG,NY,AEA,EN,Towers with Radar,0,34,64,0,98,0,60,361,5,426,0,94,425,5,524,420,0,420,944
08/07/2021,FRG,NY,AEA,EN,Towers with Radar,0,21,36,0,57,0,30,421,2,453,0,51,457,2,510,412,0,412,922
08/08/2021,FRG,NY,AEA,EN,Towers with Radar,0,40,71,1,112,0,7,44,0,51,0,47,115,1,163,56,0,56,219
08/09/2021,FRG,NY,AEA,EN,Towers with Radar,0,29,76,0,105,0,1,53,0,54,0,30,129,0,159,102,0,102,261
08/10/2021,FRG,NY,AEA,EN,Towers with Radar,0,31,58,0,89,0,9,110,2,121,0,40,168,2,210,146,0,146,356
08/11/2021,FRG,NY,AEA,EN,Towers with Radar,0,24,56,0,80,0,30,332,1,363,0,54,388,1,443,510,0,510,953
08/12/2021,FRG,NY,AEA,EN,Towers with Radar,0,41,41,0,82,0,66,344,0,410,0,107,385,0,492,458,0,458,950
08/13/2021,FRG,NY,AEA,EN,Towers with Radar,0,23,31,0,54,0,64,391,2,457,0,87,422,2,511,428,0,428,939
08/14/2021,FRG,NY,AEA,EN,Towers with Radar,0,26,29,0,55,0,17,290,0,307,0,43,319,0,362,376,0,376,738
08/15/2021,FRG,NY,AEA,EN,Towers with Radar,0,31,61,0,92,0,35,495,0,530,0,66,556,0,622,231,0,231,853
08/16/2021,FRG,NY,AEA,EN,Towers with Radar,0,30,35,3,68,0,78,304,5,387,0,108,339,8,455,482,0,482,937
08/17/2021,FRG,NY,AEA,EN,Towers with Radar,0,33,33,0,66,0,41,320,2,363,0,74,353,2,429,466,0,466,895
08/18/2021,FRG,NY,AEA,EN,Towers with Radar,0,29,57,0,86,0,25,174,2,201,0,54,231,2,287,352,0,352,639
08/19/2021,FRG,NY,AEA,EN,Towers with Radar,0,23,38,0,61,0,20,134,3,157,0,43,172,3,218,152,0,152,370
08/20/2021,FRG,NY,AEA,EN,Towers with Radar,0,30,44,0,74,0,29,327,3,359,0,59,371,3,433,438,0,438,871
08/21/2021,FRG,NY,AEA,EN,Towers with Radar,0,46,64,0,110,0,28,177,0,205,0,74,241,0,315,228,0,228,543
08/22/2021,FRG,NY,AEA,EN,Towers with Radar,0,7,2,0,9,0,2,3,0,5,0,9,5,0,14,0,0,0,14
08/23/2021,FRG,NY,AEA,EN,Towers with Radar,0,33,49,0,82,0,2,26,0,28,0,35,75,0,110,68,0,68,178
08/24/2021,FRG,NY,AEA,EN,Towers with Radar,0,21,38,0,59,0,48,412,4,464,0,69,450,4,523,607,0,607,1130
08/25/2021,FRG,NY,AEA,EN,Towers with Radar,0,23,56,2,81,0,51,445,2,498,0,74,501,4,579,532,0,532,1111
08/26/2021,FRG,NY,AEA,EN,Towers with Radar,0,23,47,0,70,0,62,346,4,412,0,85,393,4,482,562,0,562,1044
08/27/2021,FRG,NY,AEA,EN,Towers with Radar,1,44,47,0,92,0,44,307,4,355,1,88,354,4,447,362,0,362,809
08/28/2021,FRG,NY,AEA,EN,Towers with Radar,0,25,47,0,72,0,5,74,0,79,0,30,121,0,151,68,0,68,219
08/29/2021,FRG,NY,AEA,EN,Towers with Radar,0,44,84,0,128,0,10,89,0,99,0,54,173,0,227,286,0,286,513
08/30/2021,FRG,NY,AEA,EN,Towers with Radar,0,12,39,0,51,0,12,93,4,109,0,24,132,4,160,192,0,192,352
08/31/2021,FRG,NY,AEA,EN,Towers with Radar,2,25,36,0,63,0,74,444,4,522,2,99,480,4,585,520,0,520,1105
09/01/2021,FRG,NY,AEA,EN,Towers with Radar,0,11,23,0,34,0,2,34,0,36,0,13,57,0,70,146,0,146,216
09/02/2021,FRG,NY,AEA,EN,Towers with Radar,0,24,57,0,81,0,42,151,4,197,0,66,208,4,278,234,0,234,512
09/03/2021,FRG,NY,AEA,EN,Towers with Radar,0,34,64,0,98,0,82,430,3,515,0,116,494,3,613,426,0,426,1039
09/04/2021,FRG,NY,AEA,EN,Towers with Radar,1,21,24,0,46,0,48,438,0,486,1,69,462,0,532,318,0,318,850
09/05/2021,FRG,NY,AEA,EN,Towers with Radar,0,17,48,0,65,0,19,188,0,207,0,36,236,0,272,298,0,298,570
09/06/2021,FRG,NY,AEA,EN,Towers with Radar,0,21,61,0,82,0,24,277,0,301,0,45,338,0,383,256,0,256,639
09/07/2021,FRG,NY,AEA,EN,Towers with Radar,0,13,54,0,67,0,27,232,6,265,0,40,286,6,332,282,0,282,614
09/08/2021,FRG,NY,AEA,EN,Towers with Radar,0,14,54,0,68,0,43,263,0,306,0,57,317,0,374,148,0,148,522
09/09/2021,FRG,NY,AEA,EN,Towers with Radar,1,22,32,0,55,0,3,20,0,23,1,25,52,0,78,16,0,16,94
09/10/2021,FRG,NY,AEA,EN,Towers with Radar,1,34,42,0,77,0,76,312,1,389,1,110,354,1,466,348,0,348,814
09/11/2021,FRG,NY,AEA,EN,Towers with Radar,0,24,39,0,63,0,58,381,1,440,0,82,420,1,503,250,0,250,753
09/12/2021,FRG,NY,AEA,EN,Towers with Radar,0,31,44,0,75,0,35,308,0,343,0,66,352,0,418,304,0,304,722
09/13/2021,FRG,NY,AEA,EN,Towers with Radar,0,17,44,0,61,0,42,368,2,412,0,59,412,2,473,472,0,472,945
09/14/2021,FRG,NY,AEA,EN,Towers with Radar,0,26,31,0,57,0,70,318,5,393,0,96,349,5,450,556,0,556,1006
09/15/2021,FRG,NY,AEA,EN,Towers with Radar,0,21,36,0,57,0,25,192,3,220,0,46,228,3,277,292,0,292,569
09/16/2021,FRG,NY,AEA,EN,Towers with Radar,1,34,42,2,79,0,15,115,6,136,1,49,157,8,215,290,0,290,505
09/17/2021,FRG,NY,AEA,EN,Towers with Radar,0,32,50,0,82,0,6,19,0,25,0,38,69,0,107,0,0,0,107
09/18/2021,FRG,NY,AEA,EN,Towers with Radar,0,23,55,0,78,0,53,299,11,363,0,76,354,11,441,416,0,416,857
09/19/2021,FRG,NY,AEA,EN,Towers with Radar,0,36,54,0,90,0,33,441,13,487,0,69,495,13,577,330,0,330,907
09/20/2021,FRG,NY,AEA,EN,Towers with Radar,0,21,35,0,56,0,75,300,19,394,0,96,335,19,450,366,0,366,816
09/21/2021,FRG,NY,AEA,EN,Towers with Radar,0,32,49,2,83,0,40,285,21,346,0,72,334,23,429,180,0,180,609
09/22/2021,FRG,NY,AEA,EN,Towers with Radar,1,24,55,1,81,0,26,77,18,121,1,50,132,19,202,98,0,98,300
09/23/2021,FRG,NY,AEA,EN,Towers with Radar,0,28,46,1,75,0,7,85,3,95,0,35,131,4,170,102,0,102,272
09/24/2021,FRG,NY,AEA,EN,Towers with Radar,0,41,48,0,89,0,56,232,27,315,0,97,280,27,404,510,0,510,914
09/25/2021,FRG,NY,AEA,EN,Towers with Radar,0,31,32,0,63,0,76,462,6,544,0,107,494,6,607,448,0,448,1055
09/26/2021,FRG,NY,AEA,EN,Towers with Radar,0,42,37,0,79,0,35,370,2,407,0,77,407,2,486,368,0,368,854
09/27/2021,FRG,NY,AEA,EN,Towers with Radar,0,30,33,0,63,0,55,309,3,367,0,85,342,3,430,400,0,400,830
09/28/2021,FRG,NY,AEA,EN,Towers with Radar,1,24,25,0,50,0,10,113,0,123,1,34,138,0,173,354,0,354,527
09/29/2021,FRG,NY,AEA,EN,Towers with Radar,1,14,29,0,44,0,58,344,1,403,1,72,373,1,447,450,0,450,897
09/30/2021,FRG,NY,AEA,EN,Towers with Radar,0,31,60,0,91,0,52,355,4,411,0,83,415,4,502,422,0,422,924
10/01/2021,FRG,NY,AEA,EN,Towers with Radar,0,37,28,0,65,0,70,402,3,475,0,107,430,3,540,536,0,536,1076
10/02/2021,FRG,NY,AEA,EN,Towers with Radar,1,16,35,0,52,0,50,429,0,479,1,66,464,0,531,490,0,490,1021
10/03/2021,FRG,NY,AEA,EN,Towers with Radar,0,53,49,0,102,0,24,343,0,367,0,77,392,0,469,276,0,276,745
10/04/2021,FRG,NY,AEA,EN,Towers with Radar,0,26,36,0,62,0,0,2,0,2,0,26,38,0,64,0,0,0,64
10/05/2021,FRG,NY,AEA,EN,Towers with Radar,0,29,52,0,81,0,3,35,1,39,0,32,87,1,120,144,0,144,264
10/06/2021,FRG,NY,AEA,EN,Towers with Radar,0,24,50,0,74,0,60,341,0,401,0,84,391,0,475,629,0,629,1104
10/07/2021,FRG,NY,AEA,EN,Towers with Radar,0,33,62,0,95,0,76,384,0,460,0,109,446,0,555,548,0,548,1103
10/08/2021,FRG,NY,AEA,EN,Towers with Radar,0,39,55,0,94,0,36,308,1,345,0,75,363,1,439,500,0,500,939
10/09/2021,FRG,NY,AEA,EN,Towers with Radar,0,25,43,0,68,0,9,162,0,171,0,34,205,0,239,374,0,374,613
10/10/2021,FRG,NY,AEA,EN,Towers with Radar,0,39,56,0,95,0,0,4,0,4,0,39,60,0,99,22,0,22,121
10/11/2021,FRG,NY,AEA,EN,Towers with Radar,0,26,66,0,92,0,28,192,0,220,0,54,258,0,312,232,0,232,544
10/12/2021,FRG,NY,AEA,EN,Towers with Radar,1,21,59,0,81,0,16,205,1,222,1,37,264,1,303,354,0,354,657
10/13/2021,FRG,NY,AEA,EN,Towers with Radar,1,41,45,0,87,0,17,178,3,198,1,58,223,3,285,512,0,512,797
10/14/2021,FRG,NY,AEA,EN,Towers with Radar,0,36,38,0,74,0,60,443,2,505,0,96,481,2,579,512,0,512,1091
10/15/2021,FRG,NY,AEA,EN,Towers with Radar,0,43,61,0,104,0,63,407,0,470,0,106,468,0,574,442,0,442,1016
10/16/2021,FRG,NY,AEA,EN,Towers with Radar,0,32,32,2,66,0,16,133,0,149,0,48,165,2,215,152,0,152,367
10/17/2021,FRG,NY,AEA,EN,Towers with Radar,0,37,46,0,83,0,27,394,0,421,0,64,440,0,504,288,0,288,792
10/18/2021,FRG,NY,AEA,EN,Towers with Radar,0,36,33,2,71,0,46,213,0,259,0,82,246,2,330,374,0,374,704
10/19/2021,FRG,NY,AEA,EN,Towers with Radar,0,16,55,0,71,0,25,280,1,306,0,41,335,1,377,350,0,350,727
10/20/2021,FRG,NY,AEA,EN,Towers with Radar,0,27,40,0,67,0,70,423,1,494,0,97,463,1,561,428,0,428,989
10/21/2021,FRG,NY,AEA,EN,Towers with Radar,0,26,48,0,74,0,95,365,2,462,0,121,413,2,536,545,0,545,1081
10/22/2021,FRG,NY,AEA,EN,Towers with Radar,0,35,39,0,74,0,73,327,1,401,0,108,366,1,475,502,0,502,977
10/23/2021,FRG,NY,AEA,EN,Towers with Radar,0,24,29,0,53,0,49,316,0,365,0,73,345,0,418,490,0,490,908
10/24/2021,FRG,NY,AEA,EN,Towers with Radar,0,43,49,0,92,0,33,400,0,433,0,76,449,0,525,338,0,338,863
10/25/2021,FRG,NY,AEA,EN,Towers with Radar,0,26,27,0,53,0,35,187,2,224,0,61,214,2,277,328,0,328,605
10/26/2021,FRG,NY,AEA,EN,Towers with Radar,0,19,12,0,31,0,0,3,0,3,0,19,15,0,34,0,0,0,34
10/27/2021,FRG,NY,AEA,EN,Towers with Radar,0,19,17,0,36,0,2,29,0,31,0,21,46,0,67,6,0,6,73
10/28/2021,FRG,NY,AEA,EN,Towers with Radar,1,36,56,0,93,0,35,365,3,403,1,71,421,3,496,890,0,890,1386
10/29/2021,FRG,NY,AEA,EN,Towers with Radar,1,27,36,0,64,0,43,169,2,214,1,70,205,2,278,362,0,362,640
10/30/2021,FRG,NY,AEA,EN,Towers with Radar,2,23,31,0,56,0,2,19,0,21,2,25,50,0,77,86,0,86,163
10/31/2021,FRG,NY,AEA,EN,Towers with Radar,0,28,46,0,74,0,22,289,1,312,0,50,335,1,386,252,0,252,638
11/01/2021,FRG,NY,AEA,EN,Towers with Radar,0,25,38,0,63,0,86,349,1,436,0,111,387,1,499,488,0,488,987
11/02/2021,FRG,NY,AEA,EN,Towers with Radar,0,16,38,0,54,0,65,347,0,412,0,81,385,0,466,472,0,472,938
11/03/2021,FRG,NY,AEA,EN,Towers with Radar,2,29,44,0,75,0,68,394,5,467,2,97,438,5,542,654,0,654,1196
11/04/2021,FRG,NY,AEA,EN,Towers with Radar,0,33,33,0,66,0,53,406,9,468,0,86,439,9,534,486,0,486,1020
11/05/2021,FRG,NY,AEA,EN,Towers with Radar,0,27,32,0,59,0,52,439,1,492,0,79,471,1,551,422,0,422,973
11/06/2021,FRG,NY,AEA,EN,Towers with Radar,0,16,32,0,48,0,39,504,0,543,0,55,536,0,591,416,0,416,1007
11/07/2021,FRG,NY,AEA,EN,Towers with Radar,0,45,51,0,96,0,30,397,2,429,0,75,448,2,525,404,0,404,929
11/08/2021,FRG,NY,AEA,EN,Towers with Radar,0,23,24,0,47,0,81,289,3,373,0,104,313,3,420,430,0,430,850
11/09/2021,FRG,NY,AEA,EN,Towers with Radar,0,23,36,0,59,0,50,346,3,399,0,73,382,3,458,490,0,490,948
11/10/2021,FRG,NY,AEA,EN,Towers with Radar,0,44,29,0,73,0,82,285,2,369,0,126,314,2,442,492,0,492,934
11/11/2021,FRG,NY,AEA,EN,Towers with Radar,1,35,60,0,96,0,50,404,0,454,1,85,464,0,550,531,0,531,1081
11/12/2021,FRG,NY,AEA,EN,Towers with Radar,0,28,30,0,58,0,0,26,0,26,0,28,56,0,84,74,0,74,158
11/13/2021,FRG,NY,AEA,EN,Towers with Radar,0,21,30,0,51,0,17,211,0,228,0,38,241,0,279,282,0,282,561
11/14/2021,FRG,NY,AEA,EN,Towers with Radar,1,42,66,0,109,0,27,375,0,402,1,69,441,0,511,298,0,298,809
11/15/2021,FRG,NY,AEA,EN,Towers with Radar,0,30,30,0,60,0,23,147,0,170,0,53,177,0,230,326,0,326,556
11/16/2021,FRG,NY,AEA,EN,Towers with Radar,2,17,30,0,49,0,37,320,1,358,2,54,350,1,407,472,0,472,879
11/17/2021,FRG,NY,AEA,EN,Towers with Radar,0,25,36,0,61,0,73,348,4,425,0,98,384,4,486,540,0,540,1026
11/18/2021,FRG,NY,AEA,EN,Towers with Radar,0,35,36,0,71,0,68,280,5,353,0,103,316,5,424,652,0,652,1076
11/19/2021,FRG,NY,AEA,EN,Towers with Radar,1,21,31,0,53,0,40,235,2,277,1,61,266,2,330,264,3,267,597
11/20/2021,FRG,NY,AEA,EN,Towers with Radar,1,38,39,0,78,0,33,414,0,447,1,71,453,0,525,384,0,384,909
11/21/2021,FRG,NY,AEA,EN,Towers with Radar,1,44,42,0,87,0,37,327,0,364,1,81,369,0,451,412,0,412,863
11/22/2021,FRG,NY,AEA,EN,Towers with Radar,0,17,29,0,46,0,13,175,2,190,0,30,204,2,236,332,0,332,568
11/23/2021,FRG,NY,AEA,EN,Towers with Radar,0,42,65,0,107,0,39,212,7,258,0,81,277,7,365,317,0,317,682
11/24/2021,FRG,NY,AEA,EN,Towers with Radar,0,24,64,0,88,0,83,294,3,380,0,107,358,3,468,410,0,410,878
11/25/2021,FRG,NY,AEA,EN,Towers with Radar,1,18,18,0,37,0,17,84,0,101,1,35,102,0,138,220,0,220,358
11/26/2021,FRG,NY,AEA,EN,Towers with Radar,0,23,19,0,42,0,4,38,0,42,0,27,57,0,84,64,0,64,148
11/27/2021,FRG,NY,AEA,EN,Towers with Radar,0,30,47,0,77,0,13,142,0,155,0,43,189,0,232,44,0,44,276
11/28/2021,FRG,NY,AEA,EN,Towers with Radar,2,62,83,0,147,0,13,130,0,143,2,75,213,0,290,194,0,194,484
11/29/2021,FRG,NY,AEA,EN,Towers with Radar,0,32,46,1,79,0,52,245,6,303,0,84,291,7,382,405,0,405,787
11/30/2021,FRG,NY,AEA,EN,Towers with Radar,0,26,44,0,70,0,28,217,2,247,0,54,261,2,317,462,0,462,779
12/01/2021,FRG,NY,AEA,EN,Towers with Radar,0,27,44,0,71,0,81,263,2,346,0,108,307,2,417,450,0,450,867
12/02/2021,FRG,NY,AEA,EN,Towers with Radar,0,24,41,0,65,0,65,200,2,267,0,89,241,2,332,314,0,314,646
12/03/2021,FRG,NY,AEA,EN,Towers with Radar,1,23,35,0,59,0,16,147,2,165,1,39,182,2,224,126,0,126,350
12/04/2021,FRG,NY,AEA,EN,Towers with Radar,0,26,29,0,55,0,83,358,0,441,0,109,387,0,496,366,0,366,862
12/05/2021,FRG,NY,AEA,EN,Towers with Radar,0,35,51,0,86,0,40,299,2,341,0,75,350,2,427,456,0,456,883
12/06/2021,FRG,NY,AEA,EN,Towers with Radar,1,29,31,2,63,0,7,8,0,15,1,36,39,2,78,0,0,0,78
12/07/2021,FRG,NY,AEA,EN,Towers with Radar,0,19,36,0,55,0,85,304,4,393,0,104,340,4,448,456,0,456,904
12/08/2021,FRG,NY,AEA,EN,Towers with Radar,0,22,29,0,51,0,23,94,6,123,0,45,123,6,174,356,0,356,530
12/09/2021,FRG,NY,AEA,EN,Towers with Radar,0,21,25,0,46,0,81,268,7,356,0,102,293,7,402,626,0,626,1028
12/10/2021,FRG,NY,AEA,EN,Towers with Radar,0,30,32,0,62,0,76,297,4,377,0,106,329,4,439,506,0,506,945
12/11/2021,FRG,NY,AEA,EN,Towers with Radar,0,18,9,0,27,0,0,0,0,0,0,18,9,0,27,0,0,0,27
12/12/2021,FRG,NY,AEA,EN,Towers with Radar,0,34,48,0,82,0,22,245,1,268,0,56,293,1,350,229,0,229,579
12/13/2021,FRG,NY,AEA,EN,Towers with Radar,1,28,35,0,64,0,58,220,3,281,1,86,255,3,345,288,1,289,634
12/14/2021,FRG,NY,AEA,EN,Towers with Radar,0,15,36,0,51,0,40,331,0,371,0,55,367,0,422,448,0,448,870
12/15/2021,FRG,NY,AEA,EN,Towers with Radar,0,22,53,0,75,0,45,303,2,350,0,67,356,2,425,416,0,416,841
12/16/2021,FRG,NY,AEA,EN,Towers with Radar,4,40,47,0,91,0,29,258,3,290,4,69,305,3,381,318,0,318,699
12/17/2021,FRG,NY,AEA,EN,Towers with Radar,1,26,51,0,78,0,67,364,4,435,1,93,415,4,513,460,0,460,973
12/18/2021,FRG,NY,AEA,EN,Towers with Radar,0,42,32,0,74,0,0,12,0,12,0,42,44,0,86,48,0,48,134
12/19/2021,FRG,NY,AEA,EN,Towers with Radar,0,36,46,0,82,0,8,174,0,182,0,44,220,0,264,130,0,130,394
12/20/2021,FRG,NY,AEA,EN,Towers with Radar,0,23,26,2,51,0,68,293,3,364,0,91,319,5,415,430,0,430,845
12/21/2021,FRG,NY,AEA,EN,Towers with Radar,0,32,37,0,69,0,50,258,3,311,0,82,295,3,380,440,0,440,820
12/22/2021,FRG,NY,AEA,EN,Towers with Radar,0,40,39,0,79,0,9,103,0,112,0,49,142,0,191,72,0,72,263
12/23/2021,FRG,NY,AEA,EN,Towers with Radar,0,35,42,0,77,0,48,295,2,345,0,83,337,2,422,554,0,554,976
12/24/2021,FRG,NY,AEA,EN,Towers with Radar,0,27,18,0,45,0,6,70,0,76,0,33,88,0,121,258,0,258,379
12/25/2021,FRG,NY,AEA,EN,Towers with Radar,0,26,17,0,43,0,0,8,0,8,0,26,25,0,51,0,0,0,51
12/26/2021,FRG,NY,AEA,EN,Towers with Radar,0,42,53,0,95,0,27,280,0,307,0,69,333,0,402,208,0,208,610
12/27/2021,FRG,NY,AEA,EN,Towers with Radar,0,28,43,0,71,0,15,169,2,186,0,43,212,2,257,322,0,322,579
12/28/2021,FRG,NY,AEA,EN,Towers with Radar,0,23,35,0,58,0,27,216,2,245,0,50,251,2,303,360,0,360,663
12/29/2021,FRG,NY,AEA,EN,Towers with Radar,0,29,22,0,51,0,1,0,0,1,0,30,22,0,52,0,0,0,52
12/30/2021,FRG,NY,AEA,EN,Towers with Radar,1,26,32,1,60,0,3,6,0,9,1,29,38,1,69,0,0,0,69
12/31/2021,FRG,NY,AEA,EN,Towers with Radar,0,29,29,0,58,0,5,13,0,18,0,34,42,0,76,40,0,40,116
01/01/2022,FRG,NY,AEA,EN,Towers with Radar,0,19,20,0,39,0,0,0,0,0,0,19,20,0,39,0,0,0,39
01/02/2022,FRG,NY,AEA,EN,Towers with Radar,0,47,55,0,102,0,1,20,0,21,0,48,75,0,123,32,0,32,155
01/03/2022,FRG,NY,AEA,EN,Towers with Radar,0,37,34,0,71,0,10,36,3,49,0,47,70,3,120,44,0,44,164
01/04/2022,FRG,NY,AEA,EN,Towers with Radar,0,27,35,0,62,0,48,233,2,283,0,75,268,2,345,380,0,380,725
01/05/2022,FRG,NY,AEA,EN,Towers with Radar,0,23,19,0,42,0,2,6,0,8,0,25,25,0,50,0,0,0,50
01/06/2022,FRG,NY,AEA,EN,Towers with Radar,0,25,36,0,61,0,62,266,9,337,0,87,302,9,398,368,0,368,766
01/07/2022,FRG,NY,AEA,EN,Towers with Radar,0,18,21,0,39,0,2,20,0,22,0,20,41,0,61,12,0,12,73
01/08/2022,FRG,NY,AEA,EN,Towers with Radar,0,19,42,0,61,0,11,227,0,238,0,30,269,0,299,390,0,390,689
01/09/2022,FRG,NY,AEA,EN,Towers with Radar,0,35,30,0,65,0,2,55,0,57,0,37,85,0,122,52,0,52,174
01/10/2022,FRG,NY,AEA,EN,Towers with Radar,0,20,25,0,45,0,40,156,2,198,0,60,181,2,243,238,0,238,481
01/11/2022,FRG,NY,AEA,EN,Towers with Radar,0,17,17,0,34,0,34,149,0,183,0,51,166,0,217,408,0,408,625
01/12/2022,FRG,NY,AEA,EN,Towers with Radar,0,26,18,0,44,0,28,85,7,120,0,54,103,7,164,118,0,118,282
01/13/2022,FRG,NY,AEA,EN,Towers with Radar,0,35,44,2,81,0,74,412,2,488,0,109,456,4,569,518,0,518,1087
01/14/2022,FRG,NY,AEA,EN,Towers with Radar,0,33,34,0,67,0,9,104,3,116,0,42,138,3,183,210,0,210,393
01/15/2022,FRG,NY,AEA,EN,Towers with Radar,0,20,20,0,40,0,10,104,0,114,0,30,124,0,154,196,0,196,350
01/16/2022,FRG,NY,AEA,EN,Towers with Radar,4,27,31,1,63,0,15,117,0,132,4,42,148,1,195,324,0,324,519
01/17/2022,FRG,NY,AEA,EN,Towers with Radar,1,27,22,0,50,0,4,16,0,20,1,31,38,0,70,10,0,10,80
01/18/2022,FRG,NY,AEA,EN,Towers with Radar,2,9,30,0,41,0,11,73,5,89,2,20,103,5,130,58,0,58,188
01/19/2022,FRG,NY,AEA,EN,Towers with Radar,0,14,38,0,52,0,29,125,1,155,0,43,163,1,207,244,0,244,451
01/20/2022,FRG,NY,AEA,EN,Towers with Radar,1,24,23,0,48,0,6,34,2,42,1,30,57,2,90,80,0,80,170
01/21/2022,FRG,NY,AEA,EN,Towers with Radar,0,22,28,2,52,0,45,182,5,232,0,67,210,7,284,398,0,398,682
01/22/2022,FRG,NY,AEA,EN,Towers with Radar,0,10,33,0,43,0,24,298,2,324,0,34,331,2,367,324,0,324,691
01/23/2022,FRG,NY,AEA,EN,Towers with Radar,0,24,45,0,69,0,33,325,1,359,0,57,370,1,428,336,8,344,772
01/24/2022,FRG,NY,AEA,EN,Towers with Radar,0,15,20,1,36,0,24,182,0,206,0,39,202,1,242,338,0,338,580
01/25/2022,FRG,NY,AEA,EN,Towers with Radar,0,15,26,0,41,0,55,269,1,325,0,70,295,1,366,558,0,558,924
01/26/2022,FRG,NY,AEA,EN,Towers with Radar,0,26,42,0,68,0,68,237,1,306,0,94,279,1,374,414,0,414,788
01/27/2022,FRG,NY,AEA,EN,Towers with Radar,0,32,34,0,66,0,66,243,5,314,0,98,277,5,380,436,0,436,816
01/28/2022,FRG,NY,AEA,EN,Towers with Radar,0,27,34,0,61,0,11,56,1,68,0,38,90,1,129,172,0,172,301
01/29/2022,FRG,NY,AEA,EN,Towers with Radar,0,0,0,0,0,0,0,0,0,0,0,0,0,0,0,0,0,0,0
01/30/2022,FRG,NY,AEA,EN,Towers with Radar,0,27,21,0,48,0,5,35,0,40,0,32,56,0,88,0,0,0,88
01/31/2022,FRG,NY,AEA,EN,Towers with Radar,0,25,26,0,51,0,25,102,4,131,0,50,128,4,182,244,0,244,426
02/01/2022,FRG,NY,AEA,EN,Towers with Radar,0,18,50,1,69,0,46,183,2,231,0,64,233,3,300,330,0,330,630
02/02/2022,FRG,NY,AEA,EN,Towers with Radar,0,31,36,0,67,0,42,139,2,183,0,73,175,2,250,484,0,484,734
02/03/2022,FRG,NY,AEA,EN,Towers with Radar,0,13,17,0,30,0,0,2,0,2,0,13,19,0,32,0,0,0,32
02/04/2022,FRG,NY,AEA,EN,Towers with Radar,0,18,26,0,44,0,0,6,0,6,0,18,32,0,50,0,0,0,50
02/05/2022,FRG,NY,AEA,EN,Towers with Radar,3,10,17,0,30,0,13,121,0,134,3,23,138,0,164,190,0,190,354
02/06/2022,FRG,NY,AEA,EN,Towers with Radar,1,31,40,0,72,0,37,348,0,385,1,68,388,0,457,350,0,350,807
02/07/2022,FRG,NY,AEA,EN,Towers with Radar,2,18,32,0,52,0,0,0,0,0,2,18,32,0,52,0,0,0,52
02/08/2022,FRG,NY,AEA,EN,Towers with Radar,0,17,43,0,60,0,35,172,7,214,0,52,215,7,274,268,0,268,542
02/09/2022,FRG,NY,AEA,EN,Towers with Radar,0,24,32,0,56,0,96,340,3,439,0,120,372,3,495,522,0,522,1017
02/10/2022,FRG,NY,AEA,EN,Towers with Radar,1,27,37,0,65,0,42,227,12,281,1,69,264,12,346,336,0,336,682
02/11/2022,FRG,NY,AEA,EN,Towers with Radar,0,26,32,0,58,0,79,270,3,352,0,105,302,3,410,460,0,460,870
02/12/2022,FRG,NY,AEA,EN,Towers with Radar,0,18,30,0,48,0,57,320,0,377,0,75,350,0,425,412,0,412,837
02/13/2022,FRG,NY,AEA,EN,Towers with Radar,0,27,20,0,47,0,0,0,0,0,0,27,20,0,47,0,0,0,47
02/14/2022,FRG,NY,AEA,EN,Towers with Radar,0,24,23,0,47,0,6,57,3,66,0,30,80,3,113,34,0,34,147
02/15/2022,FRG,NY,AEA,EN,Towers with Radar,2,25,58,1,86,0,58,255,5,318,2,83,313,6,404,332,0,332,736
02/16/2022,FRG,NY,AEA,EN,Towers with Radar,0,25,35,2,62,0,62,263,3,328,0,87,298,5,390,406,0,406,796
02/17/2022,FRG,NY,AEA,EN,Towers with Radar,1,28,38,0,67,0,16,69,2,87,1,44,107,2,154,74,0,74,228
02/18/2022,FRG,NY,AEA,EN,Towers with Radar,0,55,46,0,101,0,4,20,0,24,0,59,66,0,125,12,0,12,137
02/19/2022,FRG,NY,AEA,EN,Towers with Radar,1,48,36,0,85,0,29,65,0,94,1,77,101,0,179,74,0,74,253
02/20/2022,FRG,NY,AEA,EN,Towers with Radar,2,28,46,0,76,0,41,411,0,452,2,69,457,0,528,276,0,276,804
02/21/2022,FRG,NY,AEA,EN,Towers with Radar,0,32,61,0,93,0,96,461,1,558,0,128,522,1,651,320,0,320,971
02/22/2022,FRG,NY,AEA,EN,Towers with Radar,0,44,27,0,71,0,1,16,0,17,0,45,43,0,88,30,0,30,118
02/23/2022,FRG,NY,AEA,EN,Towers with Radar,0,41,44,0,85,0,24,165,3,192,0,65,209,3,277,210,0,210,487
02/24/2022,FRG,NY,AEA,EN,Towers with Radar,0,31,38,1,70,0,84,205,2,291,0,115,243,3,361,438,0,438,799
02/25/2022,FRG,NY,AEA,EN,Towers with Radar,2,36,22,0,60,0,6,14,0,20,2,42,36,0,80,10,0,10,90
02/26/2022,FRG,NY,AEA,EN,Towers with Radar,1,55,44,0,100,0,66,356,0,422,1,121,400,0,522,448,0,448,970
02/27/2022,FRG,NY,AEA,EN,Towers with Radar,0,58,51,0,109,0,23,133,0,156,0,81,184,0,265,100,0,100,365
02/28/2022,FRG,NY,AEA,EN,Towers with Radar,0,42,47,0,89,0,60,243,4,307,0,102,290,4,396,380,0,380,776
03/01/2022,FRG,NY,AEA,EN,Towers with Radar,0,22,34,0,56,0,63,248,0,311,0,85,282,0,367,516,0,516,883
03/02/2022,FRG,NY,AEA,EN,Towers with Radar,2,25,46,0,73,0,79,352,1,432,2,104,398,1,505,516,0,516,1021
03/03/2022,FRG,NY,AEA,EN,Towers with Radar,0,31,30,0,61,0,54,180,1,235,0,85,210,1,296,240,4,244,540
03/04/2022,FRG,NY,AEA,EN,Towers with Radar,2,38,31,0,71,0,66,306,1,373,2,104,337,1,444,450,0,450,894
03/05/2022,FRG,NY,AEA,EN,Towers with Radar,0,18,33,0,51,0,59,376,0,435,0,77,409,0,486,564,0,564,1050
03/06/2022,FRG,NY,AEA,EN,Towers with Radar,2,32,43,0,77,0,4,18,0,22,2,36,61,0,99,22,0,22,121
03/07/2022,FRG,NY,AEA,EN,Towers with Radar,1,27,22,0,50,0,24,94,2,120,1,51,116,2,170,256,0,256,426
03/08/2022,FRG,NY,AEA,EN,Towers with Radar,1,21,26,0,48,0,10,128,2,140,1,31,154,2,188,212,0,212,400
03/09/2022,FRG,NY,AEA,EN,Towers with Radar,1,30,20,0,51,0,0,2,0,2,1,30,22,0,53,0,0,0,53
03/10/2022,FRG,NY,AEA,EN,Towers with Radar,2,20,39,0,61,0,65,230,2,297,2,85,269,2,358,428,0,428,786
03/11/2022,FRG,NY,AEA,EN,Towers with Radar,1,33,48,0,82,0,77,312,0,389,1,110,360,0,471,562,0,562,1033
03/12/2022,FRG,NY,AEA,EN,Towers with Radar,0,25,19,0,44,0,0,0,0,0,0,25,19,0,44,4,0,4,48
03/13/2022,FRG,NY,AEA,EN,Towers with Radar,1,35,42,0,78,0,15,120,0,135,1,50,162,0,213,112,0,112,325
03/14/2022,FRG,NY,AEA,EN,Towers with Radar,1,27,29,0,57,0,61,347,0,408,1,88,376,0,465,408,0,408,873
03/15/2022,FRG,NY,AEA,EN,Towers with Radar,0,17,40,0,57,0,76,358,4,438,0,93,398,4,495,558,0,558,1053
03/16/2022,FRG,NY,AEA,EN,Towers with Radar,0,32,29,0,61,0,112,289,3,404,0,144,318,3,465,514,0,514,979
03/17/2022,FRG,NY,AEA,EN,Towers with Radar,0,25,21,0,46,0,0,2,0,2,0,25,23,0,48,6,0,6,54
03/18/2022,FRG,NY,AEA,EN,Towers with Radar,2,45,39,2,88,0,41,234,0,275,2,86,273,2,363,382,0,382,745
03/19/2022,FRG,NY,AEA,EN,Towers with Radar,2,22,35,0,59,0,0,9,0,9,2,22,44,0,68,50,0,50,118
03/20/2022,FRG,NY,AEA,EN,Towers with Radar,2,32,50,0,84,0,27,320,0,347,2,59,370,0,431,436,0,436,867
03/21/2022,FRG,NY,AEA,EN,Towers with Radar,0,20,17,2,39,0,59,304,0,363,0,79,321,2,402,326,0,326,728
03/22/2022,FRG,NY,AEA,EN,Towers with Radar,0,24,45,0,69,0,57,249,0,306,0,81,294,0,375,574,0,574,949
03/23/2022,FRG,NY,AEA,EN,Towers with Radar,0,22,36,0,58,0,66,217,0,283,0,88,253,0,341,538,12,550,891
03/24/2022,FRG,NY,AEA,EN,Towers with Radar,0,27,18,0,45,0,1,0,0,1,0,28,18,0,46,0,0,0,46
03/25/2022,FRG,NY,AEA,EN,Towers with Radar,1,30,52,0,83,0,70,255,2,327,1,100,307,2,410,443,0,443,853
03/26/2022,FRG,NY,AEA,EN,Towers with Radar,2,22,30,0,54,0,38,109,0,147,2,60,139,0,201,388,0,388,589
03/27/2022,FRG,NY,AEA,EN,Towers with Radar,1,30,42,0,73,0,5,153,0,158,1,35,195,0,231,184,0,184,415
03/28/2022,FRG,NY,AEA,EN,Towers with Radar,1,23,33,0,57,0,6,28,8,42,1,29,61,8,99,0,0,0,99
03/29/2022,FRG,NY,AEA,EN,Towers with Radar,0,27,37,0,64,0,57,205,4,266,0,84,242,4,330,216,0,216,546
03/30/2022,FRG,NY,AEA,EN,Towers with Radar,1,38,28,0,67,0,62,340,2,404,1,100,368,2,471,536,0,536,1007
03/31/2022,FRG,NY,AEA,EN,Towers with Radar,0,22,33,0,55,0,0,0,0,0,0,22,33,0,55,0,0,0,55
04/01/2022,FRG,NY,AEA,EN,Towers with Radar,0,21,27,0,48,0,15,66,2,83,0,36,93,2,131,256,0,256,387
04/02/2022,FRG,NY,AEA,EN,Towers with Radar,0,20,39,0,59,0,60,442,0,502,0,80,481,0,561,380,0,380,941
04/03/2022,FRG,NY,AEA,EN,Towers with Radar,0,20,50,0,70,0,5,26,0,31,0,25,76,0,101,142,0,142,243
04/04/2022,FRG,NY,AEA,EN,Towers with Radar,1,26,39,0,66,0,57,372,4,433,1,83,411,4,499,482,0,482,981
04/05/2022,FRG,NY,AEA,EN,Towers with Radar,0,22,33,0,55,0,52,255,2,309,0,74,288,2,364,444,0,444,808
04/06/2022,FRG,NY,AEA,EN,Towers with Radar,0,17,25,0,42,0,0,1,0,1,0,17,26,0,43,0,0,0,43
04/07/2022,FRG,NY,AEA,EN,Towers with Radar,0,36,37,0,73,0,0,1,0,1,0,36,38,0,74,0,0,0,74
04/08/2022,FRG,NY,AEA,EN,Towers with Radar,0,40,55,0,95,0,42,302,0,344,0,82,357,0,439,404,0,404,843
04/09/2022,FRG,NY,AEA,EN,Towers with Radar,0,30,40,0,70,0,46,136,0,182,0,76,176,0,252,332,0,332,584
04/10/2022,FRG,NY,AEA,EN,Towers with Radar,0,21,45,0,66,0,29,239,0,268,0,50,284,0,334,278,0,278,612
04/11/2022,FRG,NY,AEA,EN,Towers with Radar,1,26,47,2,76,0,92,396,3,491,1,118,443,5,567,547,0,547,1114
04/12/2022,FRG,NY,AEA,EN,Towers with Radar,0,23,34,0,57,0,50,269,1,320,0,73,303,1,377,518,0,518,895
04/13/2022,FRG,NY,AEA,EN,Towers with Radar,1,41,45,0,87,0,105,304,6,415,1,146,349,6,502,556,0,556,1058
04/14/2022,FRG,NY,AEA,EN,Towers with Radar,0,40,52,0,92,0,60,250,3,313,0,100,302,3,405,476,0,476,881
04/15/2022,FRG,NY,AEA,EN,Towers with Radar,0,27,51,0,78,0,74,316,0,390,0,101,367,0,468,242,0,242,710
04/16/2022,FRG,NY,AEA,EN,Towers with Radar,0,34,32,0,66,0,66,240,0,306,0,100,272,0,372,322,0,322,694
04/17/2022,FRG,NY,AEA,EN,Towers with Radar,0,27,34,0,61,0,14,138,0,152,0,41,172,0,213,168,0,168,381
04/18/2022,FRG,NY,AEA,EN,Towers with Radar,0,37,48,0,85,0,55,213,2,270,0,92,261,2,355,322,0,322,677
04/19/2022,FRG,NY,AEA,EN,Towers with Radar,0,14,25,0,39,0,4,23,2,29,0,18,48,2,68,0,0,0,68
04/20/2022,FRG,NY,AEA,EN,Towers with Radar,0,24,28,0,52,0,73,338,4,415,0,97,366,4,467,448,0,448,915
04/21/2022,FRG,NY,AEA,EN,Towers with Radar,0,41,45,2,88,0,73,333,5,411,0,114,378,7,499,468,0,468,967
04/22/2022,FRG,NY,AEA,EN,Towers with Radar,1,38,30,0,69,0,66,339,2,407,1,104,369,2,476,400,0,400,876
04/23/2022,FRG,NY,AEA,EN,Towers with Radar,2,43,52,0,97,0,81,417,0,498,2,124,469,0,595,368,0,368,963
04/24/2022,FRG,NY,AEA,EN,Towers with Radar,0,60,69,0,129,0,34,310,0,344,0,94,379,0,473,392,0,392,865
04/25/2022,FRG,NY,AEA,EN,Towers with Radar,1,32,33,0,66,0,83,303,3,389,1,115,336,3,455,556,0,556,1011
04/26/2022,FRG,NY,AEA,EN,Towers with Radar,0,24,44,0,68,0,2,15,1,18,0,26,59,1,86,27,0,27,113
04/27/2022,FRG,NY,AEA,EN,Towers with Radar,0,13,50,0,63,0,49,127,1,177,0,62,177,1,240,150,0,150,390
04/28/2022,FRG,NY,AEA,EN,Towers with Radar,0,22,25,0,47,0,19,79,4,102,0,41,104,4,149,20,0,20,169
04/29/2022,FRG,NY,AEA,EN,Towers with Radar,0,27,47,0,74,0,55,191,1,247,0,82,238,1,321,206,0,206,527
04/30/2022,FRG,NY,AEA,EN,Towers with Radar,0,15,36,0,51,0,89,358,0,447,0,104,394,0,498,312,0,312,810
05/01/2022,FRG,NY,AEA,EN,Towers with Radar,0,31,45,0,76,0,50,414,0,464,0,81,459,0,540,334,0,334,874
05/02/2022,FRG,NY,AEA,EN,Towers with Radar,0,16,33,0,49,0,0,9,0,9,0,16,42,0,58,8,0,8,66
05/03/2022,FRG,NY,AEA,EN,Towers with Radar,0,25,67,0,92,0,50,117,1,168,0,75,184,1,260,576,0,576,836
05/04/2022,FRG,NY,AEA,EN,Towers with Radar,0,18,47,0,65,0,2,26,0,28,0,20,73,0,93,8,0,8,101
05/05/2022,FRG,NY,AEA,EN,Towers with Radar,0,34,59,0,93,0,118,510,2,630,0,152,569,2,723,414,0,414,1137
05/06/2022,FRG,NY,AEA,EN,Towers with Radar,0,37,47,0,84,0,23,94,0,117,0,60,141,0,201,256,0,256,457
05/07/2022,FRG,NY,AEA,EN,Towers with Radar,0,21,12,0,33,0,0,2,0,2,0,21,14,0,35,0,0,0,35
05/08/2022,FRG,NY,AEA,EN,Towers with Radar,0,42,39,0,81,0,11,47,0,58,0,53,86,0,139,0,0,0,139
05/09/2022,FRG,NY,AEA,EN,Towers with Radar,0,27,24,0,51,0,21,87,3,111,0,48,111,3,162,42,0,42,204
05/10/2022,FRG,NY,AEA,EN,Towers with Radar,0,17,33,4,54,0,37,137,3,177,0,54,170,7,231,92,0,92,323
05/11/2022,FRG,NY,AEA,EN,Towers with Radar,0,29,38,0,67,0,50,210,6,266,0,79,248,6,333,310,0,310,643
05/12/2022,FRG,NY,AEA,EN,Towers with Radar,0,38,65,0,103,0,39,106,4,149,0,77,171,4,252,366,0,366,618
05/13/2022,FRG,NY,AEA,EN,Towers with Radar,0,38,43,0,81,0,10,21,0,31,0,48,64,0,112,52,0,52,164
05/14/2022,FRG,NY,AEA,EN,Towers with Radar,0,27,27,0,54,0,0,8,0,8,0,27,35,0,62,0,0,0,62
05/15/2022,FRG,NY,AEA,EN,Towers with Radar,0,52,64,0,116,0,57,190,0,247,0,109,254,0,363,192,0,192,555
05/16/2022,FRG,NY,AEA,EN,Towers with Radar,0,21,35,2,58,0,13,48,4,65,0,34,83,6,123,78,0,78,201
05/17/2022,FRG,NY,AEA,EN,Towers with Radar,0,12,38,0,50,0,84,391,7,482,0,96,429,7,532,350,0,350,882
05/18/2022,FRG,NY,AEA,EN,Towers with Radar,0,26,59,0,85,0,119,436,2,557,0,145,495,2,642,526,0,526,1168
05/19/2022,FRG,NY,AEA,EN,Towers with Radar,0,35,53,0,88,0,16,38,0,54,0,51,91,0,142,84,0,84,226
05/20/2022,FRG,NY,AEA,EN,Towers with Radar,0,24,52,0,76,0,25,140,2,167,0,49,192,2,243,223,0,223,466
05/21/2022,FRG,NY,AEA,EN,Towers with Radar,0,20,36,0,56,0,29,369,0,398,0,49,405,0,454,418,0,418,872
05/22/2022,FRG,NY,AEA,EN,Towers with Radar,0,33,53,0,86,0,32,372,0,404,0,65,425,0,490,452,0,452,942
05/23/2022,FRG,NY,AEA,EN,Towers with Radar,0,24,39,0,63,0,66,344,2,412,0,90,383,2,475,374,0,374,849
05/24/2022,FRG,NY,AEA,EN,Towers with Radar,0,15,43,1,59,0,48,393,3,444,0,63,436,4,503,716,0,716,1219
05/25/2022,FRG,NY,AEA,EN,Towers with Radar,0,15,46,1,62,0,64,361,0,425,0,79,407,1,487,524,0,524,1011
05/26/2022,FRG,NY,AEA,EN,Towers with Radar,0,37,53,3,93,0,53,335,12,400,0,90,388,15,493,178,18,196,689
05/27/2022,FRG,NY,AEA,EN,Towers with Radar,0,28,32,5,65,0,0,0,2,2,0,28,32,7,67,0,0,0,67
05/28/2022,FRG,NY,AEA,EN,Towers with Radar,0,5,29,5,39,0,10,67,0,77,0,15,96,5,116,90,0,90,206
05/29/2022,FRG,NY,AEA,EN,Towers with Radar,0,10,21,0,31,0,55,327,17,399,0,65,348,17,430,246,0,246,676
05/30/2022,FRG,NY,AEA,EN,Towers with Radar,0,30,44,1,75,0,50,454,12,516,0,80,498,13,591,414,0,414,1005
05/31/2022,FRG,NY,AEA,EN,Towers with Radar,0,27,33,2,62,0,76,375,10,461,0,103,408,12,523,654,0,654,1177
06/01/2022,FRG,NY,AEA,EN,Towers with Radar,0,23,40,0,63,0,11,123,6,140,0,34,163,6,203,286,0,286,489
06/02/2022,FRG,NY,AEA,EN,Towers with Radar,0,41,38,0,79,0,2,103,4,109,0,43,141,4,188,220,0,220,408
06/03/2022,FRG,NY,AEA,EN,Towers with Radar,0,39,113,0,152,0,14,140,4,158,0,53,253,4,310,272,0,272,582
06/04/2022,FRG,NY,AEA,EN,Towers with Radar,0,31,49,0,80,0,40,385,0,425,0,71,434,0,505,528,0,528,1033
06/05/2022,FRG,NY,AEA,EN,Towers with Radar,0,54,62,0,116,0,45,409,0,454,0,99,471,0,570,322,0,322,892
06/06/2022,FRG,NY,AEA,EN,Towers with Radar,0,17,15,0,32,0,55,361,3,419,0,72,376,3,451,642,0,642,1093
06/07/2022,FRG,NY,AEA,EN,Towers with Radar,0,17,26,0,43,0,43,219,2,264,0,60,245,2,307,264,0,264,571
06/08/2022,FRG,NY,AEA,EN,Towers with Radar,0,22,38,2,62,0,56,206,2,264,0,78,244,4,326,426,0,426,752
06/09/2022,FRG,NY,AEA,EN,Towers with Radar,0,19,36,0,55,0,5,96,2,103,0,24,132,2,158,148,0,148,306
06/10/2022,FRG,NY,AEA,EN,Towers with Radar,0,26,50,0,76,0,61,473,4,538,0,87,523,4,614,468,0,468,1082
06/11/2022,FRG,NY,AEA,EN,Towers with Radar,0,23,44,0,67,0,33,314,0,347,0,56,358,0,414,374,0,374,788
06/12/2022,FRG,NY,AEA,EN,Towers with Radar,18,38,67,0,123,0,10,48,0,58,18,48,115,0,181,60,0,60,241
06/13/2022,FRG,NY,AEA,EN,Towers with Radar,0,19,29,2,50,0,41,279,5,325,0,60,308,7,375,548,0,548,923
06/14/2022,FRG,NY,AEA,EN,Towers with Radar,1,17,41,0,59,0,73,416,9,498,1,90,457,9,557,602,0,602,1159
06/15/2022,FRG,NY,AEA,EN,Towers with Radar,0,24,44,0,68,0,72,409,4,485,0,96,453,4,553,430,0,430,983
06/16/2022,FRG,NY,AEA,EN,Towers with Radar,0,32,45,0,77,0,17,101,3,121,0,49,146,3,198,260,0,260,458
06/17/2022,FRG,NY,AEA,EN,Towers with Radar,0,38,49,0,87,0,14,135,2,151,0,52,184,2,238,134,0,134,372
06/18/2022,FRG,NY,AEA,EN,Towers with Radar,0,29,35,0,64,0,22,227,0,249,0,51,262,0,313,148,0,148,461
06/19/2022,FRG,NY,AEA,EN,Towers with Radar,0,46,53,0,99,0,27,238,0,265,0,73,291,0,364,238,0,238,602
06/20/2022,FRG,NY,AEA,EN,Towers with Radar,0,27,29,0,56,0,54,420,0,474,0,81,449,0,530,428,0,428,958
06/21/2022,FRG,NY,AEA,EN,Towers with Radar,0,20,38,0,58,0,68,284,2,354,0,88,322,2,412,686,0,686,1098
06/22/2022,FRG,NY,AEA,EN,Towers with Radar,0,29,71,0,100,0,4,1,1,6,0,33,72,1,106,0,0,0,106
06/23/2022,FRG,NY,AEA,EN,Towers with Radar,0,30,42,0,72,0,46,323,3,372,0,76,365,3,444,466,0,466,910
06/24/2022,FRG,NY,AEA,EN,Towers with Radar,0,26,47,0,73,0,27,298,0,325,0,53,345,0,398,438,0,438,836
06/25/2022,FRG,NY,AEA,EN,Towers with Radar,0,25,27,0,52,0,32,418,0,450,0,57,445,0,502,460,0,460,962
06/26/2022,FRG,NY,AEA,EN,Towers with Radar,0,41,33,0,74,0,22,382,0,404,0,63,415,0,478,358,0,358,836
06/27/2022,FRG,NY,AEA,EN,Towers with Radar,0,23,34,0,57,0,7,24,1,32,0,30,58,1,89,38,0,38,127
06/28/2022,FRG,NY,AEA,EN,Towers with Radar,0,15,23,0,38,0,64,365,1,430,0,79,388,1,468,530,0,530,998
06/29/2022,FRG,NY,AEA,EN,Towers with Radar,1,24,35,0,60,0,64,386,2,452,1,88,421,2,512,500,0,500,1012
06/30/2022,FRG,NY,AEA,EN,Towers with Radar,0,31,37,0,68,0,55,345,2,402,0,86,382,2,470,512,0,512,982
07/01/2022,FRG,NY,AEA,EN,Towers with Radar,0,14,41,1,56,0,59,336,2,397,0,73,377,3,453,460,0,460,913
07/02/2022,FRG,NY,AEA,EN,Towers with Radar,0,12,29,0,41,0,21,71,1,93,0,33,100,1,134,260,0,260,394
07/03/2022,FRG,NY,AEA,EN,Towers with Radar,0,15,64,0,79,0,75,292,0,367,0,90,356,0,446,288,0,288,734
07/04/2022,FRG,NY,AEA,EN,Towers with Radar,0,8,31,0,39,0,36,269,3,308,0,44,300,3,347,366,0,366,713
07/05/2022,FRG,NY,AEA,EN,Towers with Radar,0,20,33,0,53,0,37,241,4,282,0,57,274,4,335,378,0,378,713
07/06/2022,FRG,NY,AEA,EN,Towers with Radar,0,18,40,0,58,0,64,339,6,409,0,82,379,6,467,562,0,562,1029
07/07/2022,FRG,NY,AEA,EN,Towers with Radar,0,23,39,0,62,0,78,244,2,324,0,101,283,2,386,506,0,506,892
07/08/2022,FRG,NY,AEA,EN,Towers with Radar,0,16,44,0,60,0,53,305,3,361,0,69,349,3,421,476,0,476,897
07/09/2022,FRG,NY,AEA,EN,Towers with Radar,0,29,27,0,56,0,38,347,0,385,0,67,374,0,441,408,0,408,849
07/10/2022,FRG,NY,AEA,EN,Towers with Radar,0,21,32,0,53,0,64,381,0,445,0,85,413,0,498,312,0,312,810
07/11/2022,FRG,NY,AEA,EN,Towers with Radar,0,15,29,0,44,0,66,322,4,392,0,81,351,4,436,444,0,444,880
07/12/2022,FRG,NY,AEA,EN,Towers with Radar,0,10,23,0,33,0,27,149,6,182,0,37,172,6,215,252,0,252,467
07/13/2022,FRG,NY,AEA,EN,Towers with Radar,0,31,43,0,74,0,81,428,6,515,0,112,471,6,589,568,0,568,1157
07/14/2022,FRG,NY,AEA,EN,Towers with Radar,0,26,46,0,72,0,29,283,9,321,0,55,329,9,393,340,0,340,733
07/15/2022,FRG,NY,AEA,EN,Towers with Radar,0,29,43,1,73,0,72,365,2,439,0,101,408,3,512,471,0,471,983
07/16/2022,FRG,NY,AEA,EN,Towers with Radar,0,31,56,0,87,0,13,159,0,172,0,44,215,0,259,228,0,228,487
07/17/2022,FRG,NY,AEA,EN,Towers with Radar,0,25,44,0,69,0,59,295,1,355,0,84,339,1,424,346,0,346,770
07/18/2022,FRG,NY,AEA,EN,Towers with Radar,0,37,33,0,70,0,0,0,0,0,0,37,33,0,70,0,0,0,70
07/19/2022,FRG,NY,AEA,EN,Towers with Radar,0,29,46,0,75,0,72,349,4,425,0,101,395,4,500,470,0,470,970
07/20/2022,FRG,NY,AEA,EN,Towers with Radar,1,18,34,0,53,0,67,364,2,433,1,85,398,2,486,414,0,414,900
07/21/2022,FRG,NY,AEA,EN,Towers with Radar,0,25,36,0,61,0,29,251,2,282,0,54,287,2,343,374,0,374,717
07/22/2022,FRG,NY,AEA,EN,Towers with Radar,0,23,35,2,60,0,50,401,1,452,0,73,436,3,512,426,0,426,938
07/23/2022,FRG,NY,AEA,EN,Towers with Radar,0,23,32,0,55,0,47,380,0,427,0,70,412,0,482,450,0,450,932
07/24/2022,FRG,NY,AEA,EN,Towers with Radar,0,23,63,0,86,0,11,174,1,186,0,34,237,1,272,242,0,242,514
07/25/2022,FRG,NY,AEA,EN,Towers with Radar,0,24,23,0,47,0,14,57,8,79,0,38,80,8,126,88,0,88,214
07/26/2022,FRG,NY,AEA,EN,Towers with Radar,0,23,27,0,50,0,52,332,5,389,0,75,359,5,439,512,0,512,951
07/27/2022,FRG,NY,AEA,EN,Towers with Radar,0,30,42,0,72,0,67,375,6,448,0,97,417,6,520,514,0,514,1034
07/28/2022,FRG,NY,AEA,EN,Towers with Radar,0,26,58,0,84,0,34,187,6,227,0,60,245,6,311,398,0,398,709
07/29/2022,FRG,NY,AEA,EN,Towers with Radar,0,27,30,0,57,0,29,284,4,317,0,56,314,4,374,546,0,546,920
07/30/2022,FRG,NY,AEA,EN,Towers with Radar,0,21,36,0,57,0,41,377,0,418,0,62,413,0,475,314,0,314,789
07/31/2022,FRG,NY,AEA,EN,Towers with Radar,0,23,43,0,66,0,35,326,0,361,0,58,369,0,427,241,0,241,668
08/01/2022,FRG,NY,AEA,EN,Towers with Radar,0,17,70,0,87,0,2,36,1,39,0,19,106,1,126,60,0,60,186
08/02/2022,FRG,NY,AEA,EN,Towers with Radar,0,25,36,0,61,0,69,405,3,477,0,94,441,3,538,588,0,588,1126
08/03/2022,FRG,NY,AEA,EN,Towers with Radar,0,29,39,0,68,0,67,363,3,433,0,96,402,3,501,576,0,576,1077
08/04/2022,FRG,NY,AEA,EN,Towers with Radar,0,19,53,0,72,0,77,340,1,418,0,96,393,1,490,400,0,400,890
08/05/2022,FRG,NY,AEA,EN,Towers with Radar,0,24,42,0,66,0,61,304,4,369,0,85,346,4,435,414,0,414,849
08/06/2022,FRG,NY,AEA,EN,Towers with Radar,0,21,34,1,56,0,35,265,0,300,0,56,299,1,356,294,0,294,650
08/07/2022,FRG,NY,AEA,EN,Towers with Radar,0,39,44,1,84,0,32,246,0,278,0,71,290,1,362,200,0,200,562
08/08/2022,FRG,NY,AEA,EN,Towers with Radar,0,14,22,0,36,0,27,273,2,302,0,41,295,2,338,319,0,319,657
08/09/2022,FRG,NY,AEA,EN,Towers with Radar,0,17,32,0,49,0,41,237,2,280,0,58,269,2,329,438,0,438,767
08/10/2022,FRG,NY,AEA,EN,Towers with Radar,0,40,38,0,78,0,26,296,4,326,0,66,334,4,404,564,0,564,968
08/11/2022,FRG,NY,AEA,EN,Towers with Radar,0,21,48,0,69,0,50,209,0,259,0,71,257,0,328,470,0,470,798
08/12/2022,FRG,NY,AEA,EN,Towers with Radar,0,21,42,0,63,0,48,387,2,437,0,69,429,2,500,504,0,504,1004
08/13/2022,FRG,NY,AEA,EN,Towers with Radar,0,26,32,0,58,0,44,378,1,423,0,70,410,1,481,442,0,442,923
08/14/2022,FRG,NY,AEA,EN,Towers with Radar,0,36,50,0,86,0,69,418,0,487,0,105,468,0,573,334,0,334,907
08/15/2022,FRG,NY,AEA,EN,Towers with Radar,0,24,47,0,71,0,63,276,4,343,0,87,323,4,414,452,0,452,866
08/16/2022,FRG,NY,AEA,EN,Towers with Radar,0,25,46,0,71,0,69,289,4,362,0,94,335,4,433,460,0,460,893
08/17/2022,FRG,NY,AEA,EN,Towers with Radar,0,19,36,0,55,0,45,296,0,341,0,64,332,0,396,566,0,566,962
08/18/2022,FRG,NY,AEA,EN,Towers with Radar,0,29,34,0,63,0,71,337,3,411,0,100,371,3,474,604,0,604,1078
08/19/2022,FRG,NY,AEA,EN,Towers with Radar,0,30,47,0,77,0,42,362,3,407,0,72,409,3,484,386,0,386,870
08/20/2022,FRG,NY,AEA,EN,Towers with Radar,0,22,16,0,38,0,28,364,0,392,0,50,380,0,430,448,0,448,878
08/21/2022,FRG,NY,AEA,EN,Towers with Radar,0,24,46,0,70,0,34,237,0,271,0,58,283,0,341,394,0,394,735
08/22/2022,FRG,NY,AEA,EN,Towers with Radar,0,28,36,1,65,0,3,43,0,46,0,31,79,1,111,38,0,38,149
08/23/2022,FRG,NY,AEA,EN,Towers with Radar,0,26,41,0,67,0,26,127,6,159,0,52,168,6,226,248,0,248,474
08/24/2022,FRG,NY,AEA,EN,Towers with Radar,0,25,48,0,73,0,68,338,4,410,0,93,386,4,483,572,0,572,1055
08/25/2022,FRG,NY,AEA,EN,Towers with Radar,0,29,26,0,55,0,110,409,2,521,0,139,435,2,576,620,0,620,1196
08/26/2022,FRG,NY,AEA,EN,Towers with Radar,2,22,37,0,61,0,28,294,3,325,2,50,331,3,386,314,0,314,700
08/27/2022,FRG,NY,AEA,EN,Towers with Radar,0,28,40,0,68,0,34,334,0,368,0,62,374,0,436,378,0,378,814
08/28/2022,FRG,NY,AEA,EN,Towers with Radar,0,20,59,0,79,0,21,219,0,240,0,41,278,0,319,398,0,398,717
08/29/2022,FRG,NY,AEA,EN,Towers with Radar,0,35,55,0,90,0,34,194,9,237,0,69,249,9,327,474,48,522,849
08/30/2022,FRG,NY,AEA,EN,Towers with Radar,0,27,39,0,66,0,34,234,3,271,0,61,273,3,337,352,0,352,689
08/31/2022,FRG,NY,AEA,EN,Towers with Radar,2,27,31,0,60,0,95,338,6,439,2,122,369,6,499,452,0,452,951
09/01/2022,FRG,NY,AEA,EN,Towers with Radar,0,37,63,0,100,0,63,335,2,400,0,100,398,2,500,697,0,697,1197
09/02/2022,FRG,NY,AEA,EN,Towers with Radar,1,36,27,0,64,0,90,398,4,492,1,126,425,4,556,544,0,544,1100
09/03/2022,FRG,NY,AEA,EN,Towers with Radar,0,11,23,0,34,0,37,398,0,435,0,48,421,0,469,494,0,494,963
09/04/2022,FRG,NY,AEA,EN,Towers with Radar,0,16,19,0,35,0,3,291,0,294,0,19,310,0,329,452,0,452,781
09/05/2022,FRG,NY,AEA,EN,Towers with Radar,0,23,38,0,61,0,32,185,0,217,0,55,223,0,278,336,0,336,614
09/06/2022,FRG,NY,AEA,EN,Towers with Radar,0,22,47,0,69,0,4,1,0,5,0,26,48,0,74,0,0,0,74
09/07/2022,FRG,NY,AEA,EN,Towers with Radar,0,31,46,0,77,0,17,49,0,66,0,48,95,0,143,226,0,226,369
09/08/2022,FRG,NY,AEA,EN,Towers with Radar,0,19,44,0,63,0,69,328,2,399,0,88,372,2,462,440,0,440,902
09/09/2022,FRG,NY,AEA,EN,Towers with Radar,0,18,36,0,54,0,76,373,2,451,0,94,409,2,505,704,0,704,1209
09/10/2022,FRG,NY,AEA,EN,Towers with Radar,0,21,43,0,64,0,64,409,1,474,0,85,452,1,538,548,0,548,1086
09/11/2022,FRG,NY,AEA,EN,Towers with Radar,0,21,33,0,54,0,19,194,2,215,0,40,227,2,269,462,0,462,731
09/12/2022,FRG,NY,AEA,EN,Towers with Radar,0,27,26,0,53,0,8,48,1,57,0,35,74,1,110,144,0,144,254
09/13/2022,FRG,NY,AEA,EN,Towers with Radar,0,21,27,2,50,0,26,119,2,147,0,47,146,4,197,320,0,320,517
09/14/2022,FRG,NY,AEA,EN,Towers with Radar,0,34,28,0,62,0,78,392,8,478,0,112,420,8,540,422,0,422,962
09/15/2022,FRG,NY,AEA,EN,Towers with Radar,0,31,51,0,82,0,92,378,10,480,0,123,429,10,562,540,0,540,1102
09/16/2022,FRG,NY,AEA,EN,Towers with Radar,0,47,34,0,81,0,73,397,16,486,0,120,431,16,567,624,0,624,1191
09/17/2022,FRG,NY,AEA,EN,Towers with Radar,0,9,40,0,49,0,81,406,16,503,0,90,446,16,552,660,0,660,1212
09/18/2022,FRG,NY,AEA,EN,Towers with Radar,0,30,39,0,69,0,42,311,16,369,0,72,350,16,438,344,0,344,782
09/19/2022,FRG,NY,AEA,EN,Towers with Radar,1,27,23,0,51,0,55,221,34,310,1,82,244,34,361,374,0,374,735
09/20/2022,FRG,NY,AEA,EN,Towers with Radar,0,20,40,0,60,0,66,280,24,370,0,86,320,24,430,382,0,382,812
09/21/2022,FRG,NY,AEA,EN,Towers with Radar,0,28,34,0,62,0,32,258,23,313,0,60,292,23,375,4,0,4,379
09/22/2022,FRG,NY,AEA,EN,Towers with Radar,1,25,57,0,83,0,8,48,19,75,1,33,105,19,158,4,3,7,165
09/23/2022,FRG,NY,AEA,EN,Towers with Radar,0,39,45,0,84,0,41,141,24,206,0,80,186,24,290,114,0,114,404
09/24/2022,FRG,NY,AEA,EN,Towers with Radar,0,20,28,0,48,0,60,387,20,467,0,80,415,20,515,462,40,502,1017
09/25/2022,FRG,NY,AEA,EN,Towers with Radar,0,21,30,0,51,0,46,203,3,252,0,67,233,3,303,266,0,266,569
09/26/2022,FRG,NY,AEA,EN,Towers with Radar,0,22,16,0,38,0,32,220,5,257,0,54,236,5,295,380,0,380,675
09/27/2022,FRG,NY,AEA,EN,Towers with Radar,0,18,30,0,48,0,72,259,7,338,0,90,289,7,386,576,0,576,962
09/28/2022,FRG,NY,AEA,EN,Towers with Radar,0,19,29,0,48,0,85,300,2,387,0,104,329,2,435,556,0,556,991
09/29/2022,FRG,NY,AEA,EN,Towers with Radar,0,27,45,0,72,0,84,313,1,398,0,111,358,1,470,564,0,564,1034
09/30/2022,FRG,NY,AEA,EN,Towers with Radar,0,24,36,0,60,0,46,269,0,315,0,70,305,0,375,388,0,388,763
10/01/2022,FRG,NY,AEA,EN,Towers with Radar,0,23,19,0,42,0,0,0,0,0,0,23,19,0,42,0,0,0,42
10/02/2022,FRG,NY,AEA,EN,Towers with Radar,0,24,20,0,44,0,4,13,0,17,0,28,33,0,61,0,0,0,61
10/03/2022,FRG,NY,AEA,EN,Towers with Radar,0,13,29,0,42,0,1,64,1,66,0,14,93,1,108,40,0,40,148
10/04/2022,FRG,NY,AEA,EN,Towers with Radar,1,15,36,0,52,0,4,0,0,4,1,19,36,0,56,0,0,0,56
10/05/2022,FRG,NY,AEA,EN,Towers with Radar,1,29,30,0,60,0,4,1,0,5,1,33,31,0,65,0,0,0,65
10/06/2022,FRG,NY,AEA,EN,Towers with Radar,0,20,42,0,62,0,111,401,1,513,0,131,443,1,575,542,0,542,1117
10/07/2022,FRG,NY,AEA,EN,Towers with Radar,0,35,47,4,86,0,69,351,4,424,0,104,398,8,510,362,0,362,872
10/08/2022,FRG,NY,AEA,EN,Towers with Radar,0,27,27,0,54,0,118,438,32,588,0,145,465,32,642,418,0,418,1060
10/09/2022,FRG,NY,AEA,EN,Towers with Radar,0,38,34,0,72,0,55,366,1,422,0,93,400,1,494,414,0,414,908
10/10/2022,FRG,NY,AEA,EN,Towers with Radar,0,25,42,0,67,0,106,327,0,433,0,131,369,0,500,632,0,632,1132
10/11/2022,FRG,NY,AEA,EN,Towers with Radar,0,35,33,0,68,0,130,341,1,472,0,165,374,1,540,540,0,540,1080
10/12/2022,FRG,NY,AEA,EN,Towers with Radar,0,16,38,2,56,0,66,333,0,399,0,82,371,2,455,538,0,538,993
10/13/2022,FRG,NY,AEA,EN,Towers with Radar,0,26,36,0,62,0,8,59,0,67,0,34,95,0,129,144,0,144,273
10/14/2022,FRG,NY,AEA,EN,Towers with Radar,0,30,44,2,76,0,56,306,2,364,0,86,350,4,440,528,0,528,968
10/15/2022,FRG,NY,AEA,EN,Towers with Radar,0,23,34,0,57,0,58,405,0,463,0,81,439,0,520,548,0,548,1068
10/16/2022,FRG,NY,AEA,EN,Towers with Radar,0,32,55,0,87,0,45,396,0,441,0,77,451,0,528,452,0,452,980
10/17/2022,FRG,NY,AEA,EN,Towers with Radar,0,31,22,0,53,0,11,79,2,92,0,42,101,2,145,172,0,172,317
10/18/2022,FRG,NY,AEA,EN,Towers with Radar,0,31,33,0,64,0,88,332,4,424,0,119,365,4,488,666,0,666,1154
10/19/2022,FRG,NY,AEA,EN,Towers with Radar,1,22,44,0,67,0,66,313,4,383,1,88,357,4,450,424,0,424,874
10/20/2022,FRG,NY,AEA,EN,Towers with Radar,0,27,39,0,66,0,74,237,1,312,0,101,276,1,378,398,0,398,776
10/21/2022,FRG,NY,AEA,EN,Towers with Radar,1,33,34,0,68,0,81,359,2,442,1,114,393,2,510,602,0,602,1112
10/22/2022,FRG,NY,AEA,EN,Towers with Radar,0,26,33,0,59,0,70,436,0,506,0,96,469,0,565,436,0,436,1001
10/23/2022,FRG,NY,AEA,EN,Towers with Radar,0,34,42,0,76,0,9,112,0,121,0,43,154,0,197,304,0,304,501
10/24/2022,FRG,NY,AEA,EN,Towers with Radar,1,22,27,0,50,0,0,0,0,0,1,22,27,0,50,0,0,0,50
10/25/2022,FRG,NY,AEA,EN,Towers with Radar,1,18,33,0,52,0,8,41,0,49,1,26,74,0,101,132,0,132,233
10/26/2022,FRG,NY,AEA,EN,Towers with Radar,1,28,29,0,58,0,8,25,0,33,1,36,54,0,91,108,0,108,199
10/27/2022,FRG,NY,AEA,EN,Towers with Radar,2,24,23,0,49,0,56,369,1,426,2,80,392,1,475,334,0,334,809
10/28/2022,FRG,NY,AEA,EN,Towers with Radar,0,32,49,0,81,0,83,330,1,414,0,115,379,1,495,542,0,542,1037
10/29/2022,FRG,NY,AEA,EN,Towers with Radar,0,20,27,0,47,0,47,354,0,401,0,67,381,0,448,546,0,546,994
10/30/2022,FRG,NY,AEA,EN,Towers with Radar,0,21,26,0,47,0,26,329,1,356,0,47,355,1,403,588,0,588,991
10/31/2022,FRG,NY,AEA,EN,Towers with Radar,1,22,22,0,45,0,54,188,4,246,1,76,210,4,291,126,0,126,417
11/01/2022,FRG,NY,AEA,EN,Towers with Radar,0,25,32,0,57,0,4,40,1,45,0,29,72,1,102,102,0,102,204
11/02/2022,FRG,NY,AEA,EN,Towers with Radar,0,29,22,0,51,0,94,336,3,433,0,123,358,3,484,536,0,536,1020
11/03/2022,FRG,NY,AEA,EN,Towers with Radar,0,35,28,0,63,0,122,324,1,447,0,157,352,1,510,472,0,472,982
11/04/2022,FRG,NY,AEA,EN,Towers with Radar,0,21,35,0,56,0,48,263,1,312,0,69,298,1,368,386,0,386,754
11/05/2022,FRG,NY,AEA,EN,Towers with Radar,2,23,27,0,52,0,92,334,0,426,2,115,361,0,478,342,0,342,820
11/06/2022,FRG,NY,AEA,EN,Towers with Radar,0,33,59,0,92,0,19,260,0,279,0,52,319,0,371,194,0,194,565
11/07/2022,FRG,NY,AEA,EN,Towers with Radar,0,20,26,0,46,0,81,274,0,355,0,101,300,0,401,446,0,446,847
11/08/2022,FRG,NY,AEA,EN,Towers with Radar,0,17,20,0,37,0,57,177,2,236,0,74,197,2,273,402,0,402,675
11/09/2022,FRG,NY,AEA,EN,Towers with Radar,0,31,28,0,59,0,92,361,0,453,0,123,389,0,512,506,0,506,1018
11/10/2022,FRG,NY,AEA,EN,Towers with Radar,0,27,33,0,60,0,99,377,2,478,0,126,410,2,538,612,0,612,1150
11/11/2022,FRG,NY,AEA,EN,Towers with Radar,0,22,22,0,44,0,14,61,0,75,0,36,83,0,119,166,0,166,285
11/12/2022,FRG,NY,AEA,EN,Towers with Radar,1,17,13,0,31,0,12,140,0,152,1,29,153,0,183,260,0,260,443
11/13/2022,FRG,NY,AEA,EN,Towers with Radar,1,38,46,0,85,0,11,91,0,102,1,49,137,0,187,220,0,220,407
11/14/2022,FRG,NY,AEA,EN,Towers with Radar,1,36,29,0,66,0,72,292,2,366,1,108,321,2,432,416,0,416,848
11/15/2022,FRG,NY,AEA,EN,Towers with Radar,0,18,32,0,50,0,51,278,9,338,0,69,310,9,388,474,0,474,862
11/16/2022,FRG,NY,AEA,EN,Towers with Radar,1,30,31,0,62,0,4,66,0,70,1,34,97,0,132,124,0,124,256
11/17/2022,FRG,NY,AEA,EN,Towers with Radar,0,39,40,0,79,0,36,245,5,286,0,75,285,5,365,362,0,362,727
11/18/2022,FRG,NY,AEA,EN,Towers with Radar,0,33,34,0,67,0,45,177,3,225,0,78,211,3,292,198,0,198,490
11/19/2022,FRG,NY,AEA,EN,Towers with Radar,0,20,32,0,52,0,49,313,0,362,0,69,345,0,414,374,0,374,788
11/20/2022,FRG,NY,AEA,EN,Towers with Radar,0,41,32,0,73,0,7,62,0,69,0,48,94,0,142,60,0,60,202
11/21/2022,FRG,NY,AEA,EN,Towers with Radar,0,18,19,2,39,0,69,304,5,378,0,87,323,7,417,582,0,582,999
11/22/2022,FRG,NY,AEA,EN,Towers with Radar,0,33,44,1,78,0,89,363,15,467,0,122,407,16,545,540,0,540,1085
11/23/2022,FRG,NY,AEA,EN,Towers with Radar,0,35,39,0,74,0,108,325,4,437,0,143,364,4,511,486,0,486,997
11/24/2022,FRG,NY,AEA,EN,Towers with Radar,1,16,19,0,36,0,6,119,0,125,1,22,138,0,161,284,0,284,445
11/25/2022,FRG,NY,AEA,EN,Towers with Radar,0,14,29,0,43,0,5,39,0,44,0,19,68,0,87,176,0,176,263
11/26/2022,FRG,NY,AEA,EN,Towers with Radar,0,34,32,0,66,0,24,341,0,365,0,58,373,0,431,264,0,264,695
11/27/2022,FRG,NY,AEA,EN,Towers with Radar,2,48,61,0,111,0,11,67,0,78,2,59,128,0,189,272,0,272,461
11/28/2022,FRG,NY,AEA,EN,Towers with Radar,1,33,30,0,64,0,31,214,4,249,1,64,244,4,313,483,0,483,796
11/29/2022,FRG,NY,AEA,EN,Towers with Radar,0,20,24,0,44,0,91,272,4,367,0,111,296,4,411,476,0,476,887
11/30/2022,FRG,NY,AEA,EN,Towers with Radar,0,24,14,0,38,0,9,21,0,30,0,33,35,0,68,152,0,152,220
12/01/2022,FRG,NY,AEA,EN,Towers with Radar,0,31,28,0,59,0,18,101,2,121,0,49,129,2,180,131,0,131,311
12/02/2022,FRG,NY,AEA,EN,Towers with Radar,8,26,34,0,68,0,71,325,3,399,8,97,359,3,467,494,0,494,961
12/03/2022,FRG,NY,AEA,EN,Towers with Radar,1,17,8,0,26,0,0,13,1,14,1,17,21,1,40,26,0,26,66
12/04/2022,FRG,NY,AEA,EN,Towers with Radar,6,27,32,0,65,0,25,407,3,435,6,52,439,3,500,290,0,290,790
12/05/2022,FRG,NY,AEA,EN,Towers with Radar,0,22,23,1,46,0,66,317,6,389,0,88,340,7,435,498,0,498,933
12/06/2022,FRG,NY,AEA,EN,Towers with Radar,4,18,20,0,42,0,49,109,4,162,4,67,129,4,204,320,0,320,524
12/07/2022,FRG,NY,AEA,EN,Towers with Radar,2,27,19,0,48,0,0,0,0,0,2,27,19,0,48,0,0,0,48
12/08/2022,FRG,NY,AEA,EN,Towers with Radar,0,34,44,0,78,0,103,401,1,505,0,137,445,1,583,542,0,542,1125
12/09/2022,FRG,NY,AEA,EN,Towers with Radar,0,40,36,0,76,0,90,309,1,400,0,130,345,1,476,560,0,560,1036
12/10/2022,FRG,NY,AEA,EN,Towers with Radar,1,19,28,0,48,0,29,226,0,255,1,48,254,0,303,578,0,578,881
12/11/2022,FRG,NY,AEA,EN,Towers with Radar,1,33,27,0,61,0,4,40,1,45,1,37,67,1,106,122,0,122,228
12/12/2022,FRG,NY,AEA,EN,Towers with Radar,1,25,31,0,57,0,20,93,15,128,1,45,124,15,185,390,0,390,575
12/13/2022,FRG,NY,AEA,EN,Towers with Radar,0,17,35,0,52,0,112,293,1,406,0,129,328,1,458,606,0,606,1064
12/14/2022,FRG,NY,AEA,EN,Towers with Radar,0,31,26,0,57,0,52,207,5,264,0,83,233,5,321,268,0,268,589
12/15/2022,FRG,NY,AEA,EN,Towers with Radar,0,19,21,0,40,0,42,176,0,218,0,61,197,0,258,326,0,326,584
12/16/2022,FRG,NY,AEA,EN,Towers with Radar,3,33,25,0,61,0,0,0,0,0,3,33,25,0,61,0,0,0,61
12/17/2022,FRG,NY,AEA,EN,Towers with Radar,2,20,26,0,48,0,27,249,3,279,2,47,275,3,327,476,0,476,803
12/18/2022,FRG,NY,AEA,EN,Towers with Radar,0,26,26,0,52,0,44,316,0,360,0,70,342,0,412,374,0,374,786
12/19/2022,FRG,NY,AEA,EN,Towers with Radar,0,26,25,2,53,0,80,247,0,327,0,106,272,2,380,494,0,494,874
12/20/2022,FRG,NY,AEA,EN,Towers with Radar,2,23,36,0,61,0,74,317,6,397,2,97,353,6,458,578,0,578,1036
12/21/2022,FRG,NY,AEA,EN,Towers with Radar,0,29,28,0,57,0,62,298,0,360,0,91,326,0,417,636,0,636,1053
12/22/2022,FRG,NY,AEA,EN,Towers with Radar,0,48,31,0,79,0,18,120,0,138,0,66,151,0,217,254,0,254,471
12/23/2022,FRG,NY,AEA,EN,Towers with Radar,0,23,10,0,33,0,4,2,0,6,0,27,12,0,39,0,0,0,39
12/24/2022,FRG,NY,AEA,EN,Towers with Radar,0,23,11,0,34,0,0,12,0,12,0,23,23,0,46,6,0,6,52
12/25/2022,FRG,NY,AEA,EN,Towers with Radar,0,26,18,0,44,0,2,8,0,10,0,28,26,0,54,18,0,18,72
12/26/2022,FRG,NY,AEA,EN,Towers with Radar,0,42,50,0,92,0,36,208,0,244,0,78,258,0,336,326,0,326,662
12/27/2022,FRG,NY,AEA,EN,Towers with Radar,1,45,33,0,79,0,57,230,2,289,1,102,263,2,368,336,0,336,704
12/28/2022,FRG,NY,AEA,EN,Towers with Radar,1,24,22,0,47,0,64,311,4,379,1,88,333,4,426,436,0,436,862
12/29/2022,FRG,NY,AEA,EN,Towers with Radar,1,33,23,0,57,0,63,353,4,420,1,96,376,4,477,356,0,356,833
12/30/2022,FRG,NY,AEA,EN,Towers with Radar,1,36,26,0,63,0,44,315,3,362,1,80,341,3,425,480,0,480,905
12/31/2022,FRG,NY,AEA,EN,Towers with Radar,0,6,6,0,12,0,0,0,0,0,0,6,6,0,12,0,0,0,12
01/01/2023,FRG,NY,AEA,EN,Towers with Radar,0,40,25,0,65,0,9,131,0,140,0,49,156,0,205,168,0,168,373
01/02/2023,FRG,NY,AEA,EN,Towers with Radar,0,45,68,0,113,0,70,314,0,384,0,115,382,0,497,554,0,554,1051
01/03/2023,FRG,NY,AEA,EN,Towers with Radar,0,40,29,0,69,0,7,2,0,9,0,47,31,0,78,0,0,0,78
01/04/2023,FRG,NY,AEA,EN,Towers with Radar,0,25,30,0,55,0,34,114,3,151,0,59,144,3,206,336,0,336,542
01/05/2023,FRG,NY,AEA,EN,Towers with Radar,0,34,38,0,72,0,0,0,0,0,0,34,38,0,72,0,0,0,72
01/06/2023,FRG,NY,AEA,EN,Towers with Radar,0,24,32,0,56,0,6,18,0,24,0,30,50,0,80,8,0,8,88
01/07/2023,FRG,NY,AEA,EN,Towers with Radar,1,19,30,0,50,0,34,305,0,339,1,53,335,0,389,428,0,428,817
01/08/2023,FRG,NY,AEA,EN,Towers with Radar,0,38,31,0,69,0,27,342,0,369,0,65,373,0,438,392,0,392,830
01/09/2023,FRG,NY,AEA,EN,Towers with Radar,3,30,30,0,63,0,50,176,7,233,3,80,206,7,296,380,0,380,676
01/10/2023,FRG,NY,AEA,EN,Towers with Radar,1,18,21,0,40,0,108,319,7,434,1,126,340,7,474,740,2,742,1216
01/11/2023,FRG,NY,AEA,EN,Towers with Radar,0,20,32,0,52,0,85,307,4,396,0,105,339,4,448,474,0,474,922
01/12/2023,FRG,NY,AEA,EN,Towers with Radar,0,43,34,2,79,0,12,37,2,51,0,55,71,4,130,184,0,184,314
01/13/2023,FRG,NY,AEA,EN,Towers with Radar,2,36,35,0,73,0,8,47,0,55,2,44,82,0,128,158,0,158,286
01/14/2023,FRG,NY,AEA,EN,Towers with Radar,0,17,18,0,35,0,5,70,0,75,0,22,88,0,110,294,0,294,404
01/15/2023,FRG,NY,AEA,EN,Towers with Radar,0,16,22,0,38,0,6,67,0,73,0,22,89,0,111,136,0,136,247
01/16/2023,FRG,NY,AEA,EN,Towers with Radar,0,45,43,0,88,0,51,334,0,385,0,96,377,0,473,352,0,352,825
01/17/2023,FRG,NY,AEA,EN,Towers with Radar,4,20,17,0,41,0,87,302,4,393,4,107,319,4,434,680,0,680,1114
01/18/2023,FRG,NY,AEA,EN,Towers with Radar,3,35,27,0,65,0,72,255,4,331,3,107,282,4,396,362,0,362,758
01/19/2023,FRG,NY,AEA,EN,Towers with Radar,0,19,24,0,43,0,10,46,0,56,0,29,70,0,99,154,0,154,253
01/20/2023,FRG,NY,AEA,EN,Towers with Radar,0,34,27,0,61,0,32,194,7,233,0,66,221,7,294,280,0,280,574
01/21/2023,FRG,NY,AEA,EN,Towers with Radar,2,20,18,0,40,0,43,298,1,342,2,63,316,1,382,502,0,502,884
01/22/2023,FRG,NY,AEA,EN,Towers with Radar,2,29,26,0,57,0,36,187,0,223,2,65,213,0,280,652,0,652,932
01/23/2023,FRG,NY,AEA,EN,Towers with Radar,0,19,14,0,33,0,0,0,0,0,0,19,14,0,33,0,0,0,33
01/24/2023,FRG,NY,AEA,EN,Towers with Radar,2,20,32,0,54,2,78,236,9,325,4,98,268,9,379,598,0,598,977
01/25/2023,FRG,NY,AEA,EN,Towers with Radar,0,16,18,0,34,0,30,97,2,129,0,46,115,2,163,296,0,296,459
01/26/2023,FRG,NY,AEA,EN,Towers with Radar,2,28,26,0,56,0,6,57,2,65,2,34,83,2,121,16,0,16,137
01/27/2023,FRG,NY,AEA,EN,Towers with Radar,1,38,25,0,64,0,76,346,4,426,1,114,371,4,490,510,0,510,1000
01/28/2023,FRG,NY,AEA,EN,Towers with Radar,0,16,16,0,32,0,48,298,0,346,0,64,314,0,378,326,0,326,704
01/29/2023,FRG,NY,AEA,EN,Towers with Radar,0,33,22,0,55,0,44,308,0,352,0,77,330,0,407,430,0,430,837
01/30/2023,FRG,NY,AEA,EN,Towers with Radar,0,19,28,0,47,1,83,274,2,360,1,102,302,2,407,598,0,598,1005
01/31/2023,FRG,NY,AEA,EN,Towers with Radar,0,13,17,0,30,0,5,42,1,48,0,18,59,1,78,15,0,15,93
02/01/2023,FRG,NY,AEA,EN,Towers with Radar,0,35,35,0,70,0,76,279,1,356,0,111,314,1,426,450,0,450,876
02/02/2023,FRG,NY,AEA,EN,Towers with Radar,0,45,27,0,72,0,96,337,0,433,0,141,364,0,505,530,0,530,1035
02/03/2023,FRG,NY,AEA,EN,Towers with Radar,2,19,23,0,44,0,10,41,1,52,2,29,64,1,96,26,0,26,122
02/04/2023,FRG,NY,AEA,EN,Towers with Radar,3,16,13,0,32,0,53,119,0,172,3,69,132,0,204,286,0,286,490
02/05/2023,FRG,NY,AEA,EN,Towers with Radar,1,33,24,0,58,0,44,266,0,310,1,77,290,0,368,450,0,450,818
02/06/2023,FRG,NY,AEA,EN,Towers with Radar,0,22,16,0,38,0,74,198,5,277,0,96,214,5,315,546,0,546,861
02/07/2023,FRG,NY,AEA,EN,Towers with Radar,0,16,15,0,31,0,63,280,1,344,0,79,295,1,375,614,0,614,989
02/08/2023,FRG,NY,AEA,EN,Towers with Radar,0,21,27,0,48,0,124,414,0,538,0,145,441,0,586,456,0,456,1042
02/09/2023,FRG,NY,AEA,EN,Towers with Radar,2,24,33,0,59,0,82,237,1,320,2,106,270,1,379,514,0,514,893
02/10/2023,FRG,NY,AEA,EN,Towers with Radar,2,26,25,0,53,0,45,140,1,186,2,71,165,1,239,258,0,258,497
02/11/2023,FRG,NY,AEA,EN,Towers with Radar,2,18,23,0,43,0,83,378,0,461,2,101,401,0,504,394,40,434,938
02/12/2023,FRG,NY,AEA,EN,Towers with Radar,1,45,25,0,71,0,31,350,0,381,1,76,375,0,452,426,0,426,878
02/13/2023,FRG,NY,AEA,EN,Towers with Radar,1,29,21,2,53,0,50,225,4,279,1,79,246,6,332,532,0,532,864
02/14/2023,FRG,NY,AEA,EN,Towers with Radar,0,18,17,0,35,0,74,339,2,415,0,92,356,2,450,652,0,652,1102
02/15/2023,FRG,NY,AEA,EN,Towers with Radar,0,34,25,0,59,0,60,187,3,250,0,94,212,3,309,210,0,210,519
02/16/2023,FRG,NY,AEA,EN,Towers with Radar,1,44,36,0,81,0,94,261,0,355,1,138,297,0,436,336,6,342,778
02/17/2023,FRG,NY,AEA,EN,Towers with Radar,2,48,44,0,94,0,5,10,0,15,2,53,54,0,109,0,0,0,109
02/18/2023,FRG,NY,AEA,EN,Towers with Radar,2,41,36,0,79,0,77,417,0,494,2,118,453,0,573,476,0,476,1049
02/19/2023,FRG,NY,AEA,EN,Towers with Radar,0,34,16,0,50,0,46,375,0,421,0,80,391,0,471,450,0,450,921
02/20/2023,FRG,NY,AEA,EN,Towers with Radar,0,35,27,0,62,0,46,243,0,289,0,81,270,0,351,414,0,414,765
02/21/2023,FRG,NY,AEA,EN,Towers with Radar,1,38,22,0,61,0,13,24,3,40,1,51,46,3,101,6,0,6,107
02/22/2023,FRG,NY,AEA,EN,Towers with Radar,0,24,17,0,41,0,47,201,4,252,0,71,218,4,293,434,0,434,727
02/23/2023,FRG,NY,AEA,EN,Towers with Radar,2,27,22,0,51,0,2,8,0,10,2,29,30,0,61,0,0,0,61
02/24/2023,FRG,NY,AEA,EN,Towers with Radar,1,36,29,0,66,0,26,69,3,98,1,62,98,3,164,58,0,58,222
02/25/2023,FRG,NY,AEA,EN,Towers with Radar,3,39,21,0,63,0,50,193,2,245,3,89,214,2,308,466,0,466,774
02/26/2023,FRG,NY,AEA,EN,Towers with Radar,0,52,39,0,91,0,14,129,0,143,0,66,168,0,234,450,0,450,684
02/27/2023,FRG,NY,AEA,EN,Towers with Radar,0,31,40,0,71,0,83,280,3,366,0,114,320,3,437,688,0,688,1125
02/28/2023,FRG,NY,AEA,EN,Towers with Radar,0,30,16,0,46,0,7,34,0,41,0,37,50,0,87,64,0,64,151
03/01/2023,FRG,NY,AEA,EN,Towers with Radar,0,25,26,0,51,0,116,288,4,408,0,141,314,4,459,510,0,510,969
03/02/2023,FRG,NY,AEA,EN,Towers with Radar,0,36,28,0,64,0,20,46,0,66,0,56,74,0,130,68,0,68,198
03/03/2023,FRG,NY,AEA,EN,Towers with Radar,2,21,22,0,45,0,83,298,1,382,2,104,320,1,427,674,0,674,1101
03/04/2023,FRG,NY,AEA,EN,Towers with Radar,2,32,16,0,50,0,3,42,0,45,2,35,58,0,95,154,0,154,249
03/05/2023,FRG,NY,AEA,EN,Towers with Radar,1,32,31,0,64,0,47,412,2,461,1,79,443,2,525,318,0,318,843
03/06/2023,FRG,NY,AEA,EN,Towers with Radar,0,26,29,0,55,0,58,299,0,357,0,84,328,0,412,466,0,466,878
03/07/2023,FRG,NY,AEA,EN,Towers with Radar,0,10,21,0,31,0,42,155,3,200,0,52,176,3,231,300,0,300,531
03/08/2023,FRG,NY,AEA,EN,Towers with Radar,2,26,25,0,53,0,29,114,5,148,2,55,139,5,201,203,0,203,404
03/09/2023,FRG,NY,AEA,EN,Towers with Radar,0,20,40,0,60,0,78,391,5,474,0,98,431,5,534,376,0,376,910
03/10/2023,FRG,NY,AEA,EN,Towers with Radar,2,30,23,0,55,0,77,241,4,322,2,107,264,4,377,686,0,686,1063
03/11/2023,FRG,NY,AEA,EN,Towers with Radar,1,10,13,0,24,0,9,29,0,38,1,19,42,0,62,86,0,86,148
03/12/2023,FRG,NY,AEA,EN,Towers with Radar,2,22,41,0,65,0,65,366,0,431,2,87,407,0,496,528,0,528,1024
03/13/2023,FRG,NY,AEA,EN,Towers with Radar,1,18,15,0,34,0,3,12,0,15,1,21,27,0,49,54,0,54,103
03/14/2023,FRG,NY,AEA,EN,Towers with Radar,0,12,9,0,21,0,2,8,0,10,0,14,17,0,31,0,0,0,31
03/15/2023,FRG,NY,AEA,EN,Towers with Radar,0,16,26,0,42,0,6,12,1,19,0,22,38,1,61,38,0,38,99
03/16/2023,FRG,NY,AEA,EN,Towers with Radar,0,40,53,1,94,0,58,375,4,437,0,98,428,5,531,470,0,470,1001
03/17/2023,FRG,NY,AEA,EN,Towers with Radar,0,32,32,0,64,0,89,333,2,424,0,121,365,2,488,586,0,586,1074
03/18/2023,FRG,NY,AEA,EN,Towers with Radar,0,24,26,0,50,0,63,335,0,398,0,87,361,0,448,470,0,470,918
03/19/2023,FRG,NY,AEA,EN,Towers with Radar,2,28,31,0,61,0,49,165,0,214,2,77,196,0,275,228,0,228,503
03/20/2023,FRG,NY,AEA,EN,Towers with Radar,1,24,19,0,44,0,83,299,0,382,1,107,318,0,426,563,0,563,989
03/21/2023,FRG,NY,AEA,EN,Towers with Radar,0,14,35,0,49,0,82,322,5,409,0,96,357,5,458,664,0,664,1122
03/22/2023,FRG,NY,AEA,EN,Towers with Radar,2,17,35,0,54,0,74,315,9,398,2,91,350,9,452,582,0,582,1034
03/23/2023,FRG,NY,AEA,EN,Towers with Radar,2,27,26,0,55,0,17,30,5,52,2,44,56,5,107,80,0,80,187
03/24/2023,FRG,NY,AEA,EN,Towers with Radar,0,38,25,0,63,0,86,270,3,359,0,124,295,3,422,756,0,756,1178
03/25/2023,FRG,NY,AEA,EN,Towers with Radar,3,24,18,0,45,0,0,26,0,26,3,24,44,0,71,0,0,0,71
03/26/2023,FRG,NY,AEA,EN,Towers with Radar,0,74,51,0,125,0,74,336,0,410,0,148,387,0,535,564,0,564,1099
03/27/2023,FRG,NY,AEA,EN,Towers with Radar,1,28,20,0,49,0,66,257,4,327,1,94,277,4,376,584,0,584,960
03/28/2023,FRG,NY,AEA,EN,Towers with Radar,1,13,25,0,39,1,35,129,7,172,2,48,154,7,211,393,0,393,604
03/29/2023,FRG,NY,AEA,EN,Towers with Radar,0,28,40,0,68,0,89,377,11,477,0,117,417,11,545,620,0,620,1165
03/30/2023,FRG,NY,AEA,EN,Towers with Radar,0,26,31,0,57,0,89,299,7,395,0,115,330,7,452,500,0,500,952
03/31/2023,FRG,NY,AEA,EN,Towers with Radar,1,21,34,0,56,0,48,166,8,222,1,69,200,8,278,450,0,450,728
04/01/2023,FRG,NY,AEA,EN,Towers with Radar,0,28,15,0,43,0,0,5,0,5,0,28,20,0,48,0,0,0,48
04/02/2023,FRG,NY,AEA,EN,Towers with Radar,0,36,33,0,69,0,14,157,1,172,0,50,190,1,241,246,0,246,487
04/03/2023,FRG,NY,AEA,EN,Towers with Radar,0,16,23,0,39,0,62,190,3,255,0,78,213,3,294,364,0,364,658
04/04/2023,FRG,NY,AEA,EN,Towers with Radar,0,28,49,0,77,0,53,254,7,314,0,81,303,7,391,454,0,454,845
04/05/2023,FRG,NY,AEA,EN,Towers with Radar,0,27,19,0,46,0,0,0,0,0,0,27,19,0,46,0,0,0,46
04/06/2023,FRG,NY,AEA,EN,Towers with Radar,0,46,40,0,86,0,16,73,3,92,0,62,113,3,178,250,0,250,428
04/07/2023,FRG,NY,AEA,EN,Towers with Radar,1,39,26,0,66,0,82,335,4,421,1,121,361,4,487,476,0,476,963
04/08/2023,FRG,NY,AEA,EN,Towers with Radar,0,32,24,0,56,0,71,415,0,486,0,103,439,0,542,572,0,572,1114
04/09/2023,FRG,NY,AEA,EN,Towers with Radar,1,41,28,0,70,0,28,231,2,261,1,69,259,2,331,346,0,346,677
04/10/2023,FRG,NY,AEA,EN,Towers with Radar,0,51,29,0,80,0,104,365,15,484,0,155,394,15,564,462,0,462,1026
04/11/2023,FRG,NY,AEA,EN,Towers with Radar,2,35,22,2,61,0,98,291,14,403,2,133,313,16,464,556,0,556,1020
04/12/2023,FRG,NY,AEA,EN,Towers with Radar,2,23,34,0,59,0,91,321,9,421,2,114,355,9,480,532,0,532,1012
04/13/2023,FRG,NY,AEA,EN,Towers with Radar,0,33,47,0,80,0,93,352,0,445,0,126,399,0,525,577,0,577,1102
04/14/2023,FRG,NY,AEA,EN,Towers with Radar,0,31,39,0,70,0,99,331,4,434,0,130,370,4,504,610,0,610,1114
04/15/2023,FRG,NY,AEA,EN,Towers with Radar,1,36,28,0,65,0,0,1,0,1,1,36,29,0,66,0,0,0,66
04/16/2023,FRG,NY,AEA,EN,Towers with Radar,1,59,62,0,122,0,8,22,0,30,1,67,84,0,152,30,0,30,182
04/17/2023,FRG,NY,AEA,EN,Towers with Radar,0,31,25,0,56,0,1,30,0,31,0,32,55,0,87,22,0,22,109
04/18/2023,FRG,NY,AEA,EN,Towers with Radar,0,33,26,0,59,0,43,149,10,202,0,76,175,10,261,504,0,504,765
04/19/2023,FRG,NY,AEA,EN,Towers with Radar,0,38,42,5,85,0,79,368,5,452,0,117,410,10,537,654,0,654,1191
04/20/2023,FRG,NY,AEA,EN,Towers with Radar,1,46,51,0,98,0,122,423,5,550,1,168,474,5,648,730,0,730,1378
04/21/2023,FRG,NY,AEA,EN,Towers with Radar,0,26,33,0,59,0,92,364,9,465,0,118,397,9,524,670,0,670,1194
04/22/2023,FRG,NY,AEA,EN,Towers with Radar,1,23,31,0,55,0,3,41,0,44,1,26,72,0,99,36,0,36,135
04/23/2023,FRG,NY,AEA,EN,Towers with Radar,2,32,33,0,67,0,31,191,1,223,2,63,224,1,290,344,0,344,634
04/24/2023,FRG,NY,AEA,EN,Towers with Radar,1,33,41,2,77,0,91,328,11,430,1,124,369,13,507,707,0,707,1214
04/25/2023,FRG,NY,AEA,EN,Towers with Radar,0,31,37,0,68,0,69,304,7,380,0,100,341,7,448,722,0,722,1170
04/26/2023,FRG,NY,AEA,EN,Towers with Radar,1,36,42,0,79,0,67,311,8,386,1,103,353,8,465,720,0,720,1185
04/27/2023,FRG,NY,AEA,EN,Towers with Radar,1,47,39,0,87,0,44,178,0,222,1,91,217,0,309,590,0,590,899
04/28/2023,FRG,NY,AEA,EN,Towers with Radar,0,31,44,0,75,0,53,182,1,236,0,84,226,1,311,653,0,653,964
04/29/2023,FRG,NY,AEA,EN,Towers with Radar,0,21,11,0,32,0,0,3,0,3,0,21,14,0,35,0,0,0,35
04/30/2023,FRG,NY,AEA,EN,Towers with Radar,0,46,24,0,70,0,0,0,0,0,0,46,24,0,70,0,0,0,70
05/01/2023,FRG,NY,AEA,EN,Towers with Radar,0,49,28,0,77,0,13,117,8,138,0,62,145,8,215,172,0,172,387
05/02/2023,FRG,NY,AEA,EN,Towers with Radar,0,13,31,0,44,3,44,96,7,150,3,57,127,7,194,266,0,266,460
05/03/2023,FRG,NY,AEA,EN,Towers with Radar,0,29,25,0,54,0,104,338,6,448,0,133,363,6,502,574,0,574,1076
05/04/2023,FRG,NY,AEA,EN,Towers with Radar,0,45,47,0,92,0,40,213,2,255,0,85,260,2,347,612,0,612,959
05/05/2023,FRG,NY,AEA,EN,Towers with Radar,0,34,34,1,69,0,78,340,5,423,0,112,374,6,492,636,0,636,1128
05/06/2023,FRG,NY,AEA,EN,Towers with Radar,0,35,28,0,63,0,63,411,3,477,0,98,439,3,540,480,52,532,1072
05/07/2023,FRG,NY,AEA,EN,Towers with Radar,0,32,43,1,76,0,43,398,1,442,0,75,441,2,518,420,0,420,938
05/08/2023,FRG,NY,AEA,EN,Towers with Radar,0,34,48,0,82,0,104,364,5,473,0,138,412,5,555,617,0,617,1172
05/09/2023,FRG,NY,AEA,EN,Towers with Radar,0,32,53,0,85,0,133,367,8,508,0,165,420,8,593,692,0,692,1285
05/10/2023,FRG,NY,AEA,EN,Towers with Radar,2,37,63,0,102,0,88,173,3,264,2,125,236,3,366,222,0,222,588
05/11/2023,FRG,NY,AEA,EN,Towers with Radar,0,48,38,0,86,0,96,389,5,490,0,144,427,5,576,554,0,554,1130
05/12/2023,FRG,NY,AEA,EN,Towers with Radar,0,31,29,0,60,0,109,377,1,487,0,140,406,1,547,484,0,484,1031
05/13/2023,FRG,NY,AEA,EN,Towers with Radar,0,18,34,0,52,0,46,335,2,383,0,64,369,2,435,568,0,568,1003
05/14/2023,FRG,NY,AEA,EN,Towers with Radar,0,40,31,0,71,0,38,311,0,349,0,78,342,0,420,484,0,484,904
05/15/2023,FRG,NY,AEA,EN,Towers with Radar,0,28,27,0,55,0,75,344,2,421,0,103,371,2,476,506,0,506,982
05/16/2023,FRG,NY,AEA,EN,Towers with Radar,0,25,27,0,52,0,75,347,3,425,0,100,374,3,477,346,0,346,823
05/17/2023,FRG,NY,AEA,EN,Towers with Radar,0,29,25,0,54,0,40,171,0,211,0,69,196,0,265,220,0,220,485
05/18/2023,FRG,NY,AEA,EN,Towers with Radar,0,31,53,0,84,0,62,337,5,404,0,93,390,5,488,580,0,580,1068
05/19/2023,FRG,NY,AEA,EN,Towers with Radar,0,28,35,1,64,0,69,410,3,482,0,97,445,4,546,474,0,474,1020
05/20/2023,FRG,NY,AEA,EN,Towers with Radar,0,22,31,0,53,0,0,0,0,0,0,22,31,0,53,0,0,0,53
05/21/2023,FRG,NY,AEA,EN,Towers with Radar,0,37,36,2,75,0,48,378,13,439,0,85,414,15,514,434,0,434,948
05/22/2023,FRG,NY,AEA,EN,Towers with Radar,0,26,27,0,53,0,81,380,2,463,0,107,407,2,516,594,0,594,1110
05/23/2023,FRG,NY,AEA,EN,Towers with Radar,1,16,38,0,55,0,72,325,3,400,1,88,363,3,455,536,0,536,991
05/24/2023,FRG,NY,AEA,EN,Towers with Radar,0,26,44,0,70,0,44,398,3,445,0,70,442,3,515,639,0,639,1154
05/25/2023,FRG,NY,AEA,EN,Towers with Radar,0,30,43,1,74,0,73,396,2,471,0,103,439,3,545,440,0,440,985
05/26/2023,FRG,NY,AEA,EN,Towers with Radar,0,35,29,0,64,1,77,446,4,528,1,112,475,4,592,428,0,428,1020
05/27/2023,FRG,NY,AEA,EN,Towers with Radar,0,21,28,0,49,0,64,408,7,479,0,85,436,7,528,398,0,398,926
05/28/2023,FRG,NY,AEA,EN,Towers with Radar,0,20,15,0,35,0,58,395,13,466,0,78,410,13,501,358,0,358,859
05/29/2023,FRG,NY,AEA,EN,Towers with Radar,0,25,26,0,51,0,32,303,0,335,0,57,329,0,386,342,0,342,728
05/30/2023,FRG,NY,AEA,EN,Towers with Radar,0,27,37,0,64,0,75,341,0,416,0,102,378,0,480,594,0,594,1074
05/31/2023,FRG,NY,AEA,EN,Towers with Radar,0,21,23,0,44,0,34,282,3,319,0,55,305,3,363,568,0,568,931
06/01/2023,FRG,NY,AEA,EN,Towers with Radar,0,33,30,0,63,0,92,396,7,495,0,125,426,7,558,714,0,714,1272
06/02/2023,FRG,NY,AEA,EN,Towers with Radar,0,43,39,0,82,0,59,320,2,381,0,102,359,2,463,572,0,572,1035
06/03/2023,FRG,NY,AEA,EN,Towers with Radar,0,25,51,0,76,0,1,58,1,60,0,26,109,1,136,196,0,196,332
06/04/2023,FRG,NY,AEA,EN,Towers with Radar,0,44,60,0,104,0,33,288,0,321,0,77,348,0,425,440,0,440,865
06/05/2023,FRG,NY,AEA,EN,Towers with Radar,0,34,41,0,75,0,61,322,1,384,0,95,363,1,459,542,0,542,1001
06/06/2023,FRG,NY,AEA,EN,Towers with Radar,0,34,34,0,68,0,23,123,5,151,0,57,157,5,219,334,0,334,553
06/07/2023,FRG,NY,AEA,EN,Towers with Radar,0,36,57,0,93,0,31,96,2,129,0,67,153,2,222,272,0,272,494
06/08/2023,FRG,NY,AEA,EN,Towers with Radar,0,41,38,0,79,0,13,58,0,71,0,54,96,0,150,256,0,256,406
06/09/2023,FRG,NY,AEA,EN,Towers with Radar,0,27,25,0,52,0,78,315,3,396,0,105,340,3,448,592,0,592,1040
06/10/2023,FRG,NY,AEA,EN,Towers with Radar,0,36,33,0,69,0,47,373,9,429,0,83,406,9,498,526,0,526,1024
06/11/2023,FRG,NY,AEA,EN,Towers with Radar,0,39,41,0,80,0,34,306,0,340,0,73,347,0,420,468,0,468,888
06/12/2023,FRG,NY,AEA,EN,Towers with Radar,0,24,30,0,54,0,47,104,3,154,0,71,134,3,208,312,0,312,520
06/13/2023,FRG,NY,AEA,EN,Towers with Radar,0,35,56,0,91,0,68,327,3,398,0,103,383,3,489,726,0,726,1215
06/14/2023,FRG,NY,AEA,EN,Towers with Radar,0,25,30,0,55,0,26,161,1,188,0,51,191,1,243,248,0,248,491
06/15/2023,FRG,NY,AEA,EN,Towers with Radar,0,22,47,0,69,0,92,430,2,524,0,114,477,2,593,587,0,587,1180
06/16/2023,FRG,NY,AEA,EN,Towers with Radar,0,36,27,0,63,0,46,243,3,292,0,82,270,3,355,379,0,379,734
06/17/2023,FRG,NY,AEA,EN,Towers with Radar,0,16,18,0,34,0,10,151,0,161,0,26,169,0,195,280,0,280,475
06/18/2023,FRG,NY,AEA,EN,Towers with Radar,0,39,42,0,81,0,31,314,0,345,0,70,356,0,426,348,0,348,774
06/19/2023,FRG,NY,AEA,EN,Towers with Radar,0,33,35,0,68,0,76,398,4,478,0,109,433,4,546,548,0,548,1094
06/20/2023,FRG,NY,AEA,EN,Towers with Radar,1,27,38,3,69,0,59,301,1,361,1,86,339,4,430,516,0,516,946
06/21/2023,FRG,NY,AEA,EN,Towers with Radar,0,24,38,0,62,0,89,232,1,322,0,113,270,1,384,282,0,282,666
06/22/2023,FRG,NY,AEA,EN,Towers with Radar,0,37,49,0,86,0,21,37,0,58,0,58,86,0,144,10,0,10,154
06/23/2023,FRG,NY,AEA,EN,Towers with Radar,0,21,38,2,61,0,4,6,0,10,0,25,44,2,71,0,0,0,71
06/24/2023,FRG,NY,AEA,EN,Towers with Radar,0,27,27,0,54,0,0,13,0,13,0,27,40,0,67,0,0,0,67
06/25/2023,FRG,NY,AEA,EN,Towers with Radar,0,28,50,1,79,0,17,171,0,188,0,45,221,1,267,530,0,530,797
06/26/2023,FRG,NY,AEA,EN,Towers with Radar,0,40,43,0,83,0,0,77,0,77,0,40,120,0,160,189,0,189,349
06/27/2023,FRG,NY,AEA,EN,Towers with Radar,0,39,47,0,86,0,19,101,4,124,0,58,148,4,210,460,0,460,670
06/28/2023,FRG,NY,AEA,EN,Towers with Radar,0,35,36,0,71,0,34,188,4,226,0,69,224,4,297,363,0,363,660
06/29/2023,FRG,NY,AEA,EN,Towers with Radar,0,48,57,0,105,0,93,439,5,537,0,141,496,5,642,286,0,286,928
06/30/2023,FRG,NY,AEA,EN,Towers with Radar,0,30,58,0,88,1,35,123,2,161,1,65,181,2,249,330,0,330,579
07/01/2023,FRG,NY,AEA,EN,Towers with Radar,0,34,31,0,65,16,51,336,1,404,16,85,367,1,469,572,0,572,1041
07/02/2023,FRG,NY,AEA,EN,Towers with Radar,0,34,32,0,66,0,0,45,1,46,0,34,77,1,112,101,0,101,213
07/03/2023,FRG,NY,AEA,EN,Towers with Radar,0,16,23,0,39,1,76,232,3,312,1,92,255,3,351,606,0,606,957
07/04/2023,FRG,NY,AEA,EN,Towers with Radar,0,19,10,0,29,4,10,102,1,117,4,29,112,1,146,402,0,402,548
07/05/2023,FRG,NY,AEA,EN,Towers with Radar,0,17,26,0,43,0,130,370,5,505,0,147,396,5,548,512,0,512,1060
07/06/2023,FRG,NY,AEA,EN,Towers with Radar,0,30,39,0,69,0,68,351,7,426,0,98,390,7,495,534,0,534,1029
07/07/2023,FRG,NY,AEA,EN,Towers with Radar,0,27,45,0,72,1,69,340,4,414,1,96,385,4,486,514,0,514,1000
07/08/2023,FRG,NY,AEA,EN,Towers with Radar,0,22,46,1,69,0,45,225,1,271,0,67,271,2,340,632,0,632,972
07/09/2023,FRG,NY,AEA,EN,Towers with Radar,0,47,58,0,105,0,32,68,0,100,0,79,126,0,205,356,0,356,561
07/10/2023,FRG,NY,AEA,EN,Towers with Radar,0,24,33,0,57,0,55,190,5,250,0,79,223,5,307,498,0,498,805
07/11/2023,FRG,NY,AEA,EN,Towers with Radar,0,23,58,0,81,0,95,379,4,478,0,118,437,4,559,564,2,566,1125
07/12/2023,FRG,NY,AEA,EN,Towers with Radar,0,23,23,0,46,0,110,444,2,556,0,133,467,2,602,508,0,508,1110
07/13/2023,FRG,NY,AEA,EN,Towers with Radar,0,19,26,0,45,0,94,324,6,424,0,113,350,6,469,366,0,366,835
07/14/2023,FRG,NY,AEA,EN,Towers with Radar,0,36,36,0,72,0,28,77,3,108,0,64,113,3,180,366,0,366,546
07/15/2023,FRG,NY,AEA,EN,Towers with Radar,0,21,44,1,66,0,19,172,2,193,0,40,216,3,259,310,0,310,569
07/16/2023,FRG,NY,AEA,EN,Towers with Radar,0,36,34,0,70,0,1,4,0,5,0,37,38,0,75,12,0,12,87
07/17/2023,FRG,NY,AEA,EN,Towers with Radar,1,35,64,0,100,0,73,268,0,341,1,108,332,0,441,388,0,388,829
07/18/2023,FRG,NY,AEA,EN,Towers with Radar,0,23,27,0,50,1,41,78,2,122,1,64,105,2,172,214,0,214,386
07/19/2023,FRG,NY,AEA,EN,Towers with Radar,0,29,51,0,80,0,72,268,1,341,0,101,319,1,421,508,0,508,929
07/20/2023,FRG,NY,AEA,EN,Towers with Radar,0,28,32,0,60,0,134,506,5,645,0,162,538,5,705,518,0,518,1223
07/21/2023,FRG,NY,AEA,EN,Towers with Radar,0,43,18,0,61,0,24,52,2,78,0,67,70,2,139,132,0,132,271
07/22/2023,FRG,NY,AEA,EN,Towers with Radar,0,30,31,0,61,0,71,471,0,542,0,101,502,0,603,594,0,594,1197
07/23/2023,FRG,NY,AEA,EN,Towers with Radar,0,32,29,0,61,0,63,411,1,475,0,95,440,1,536,536,0,536,1072
07/24/2023,FRG,NY,AEA,EN,Towers with Radar,0,22,37,0,59,0,106,340,6,452,0,128,377,6,511,602,0,602,1113
07/25/2023,FRG,NY,AEA,EN,Towers with Radar,0,30,35,0,65,0,71,217,4,292,0,101,252,4,357,503,0,503,860
07/26/2023,FRG,NY,AEA,EN,Towers with Radar,0,29,30,2,61,0,84,335,4,423,0,113,365,6,484,446,0,446,930
07/27/2023,FRG,NY,AEA,EN,Towers with Radar,0,35,37,0,72,0,35,80,0,115,0,70,117,0,187,90,0,90,277
07/28/2023,FRG,NY,AEA,EN,Towers with Radar,0,21,39,0,60,0,71,319,6,396,0,92,358,6,456,394,0,394,850
07/29/2023,FRG,NY,AEA,EN,Towers with Radar,0,36,30,0,66,0,52,220,0,272,0,88,250,0,338,354,0,354,692
07/30/2023,FRG,NY,AEA,EN,Towers with Radar,0,32,34,0,66,0,46,318,0,364,0,78,352,0,430,496,0,496,926
07/31/2023,FRG,NY,AEA,EN,Towers with Radar,0,22,46,0,68,1,82,316,4,403,1,104,362,4,471,486,0,486,957
08/01/2023,FRG,NY,AEA,EN,Towers with Radar,0,17,27,0,44,0,67,327,3,397,0,84,354,3,441,550,0,550,991
08/02/2023,FRG,NY,AEA,EN,Towers with Radar,0,22,35,0,57,0,82,390,4,476,0,104,425,4,533,658,0,658,1191
08/03/2023,FRG,NY,AEA,EN,Towers with Radar,0,26,35,0,61,0,77,369,6,452,0,103,404,6,513,402,0,402,915
08/04/2023,FRG,NY,AEA,EN,Towers with Radar,0,30,31,0,61,0,42,79,2,123,0,72,110,2,184,310,0,310,494
08/05/2023,FRG,NY,AEA,EN,Towers with Radar,0,29,31,0,60,0,38,336,0,374,0,67,367,0,434,676,0,676,1110
08/06/2023,FRG,NY,AEA,EN,Towers with Radar,0,30,45,0,75,0,58,355,1,414,0,88,400,1,489,626,0,626,1115
08/07/2023,FRG,NY,AEA,EN,Towers with Radar,0,34,36,0,70,0,0,18,0,18,0,34,54,0,88,28,0,28,116
08/08/2023,FRG,NY,AEA,EN,Towers with Radar,0,18,35,0,53,0,28,74,4,106,0,46,109,4,159,114,0,114,273
08/09/2023,FRG,NY,AEA,EN,Towers with Radar,0,29,28,0,57,0,75,362,4,441,0,104,390,4,498,440,0,440,938
08/10/2023,FRG,NY,AEA,EN,Towers with Radar,0,46,30,0,76,0,46,149,1,196,0,92,179,1,272,369,0,369,641
08/11/2023,FRG,NY,AEA,EN,Towers with Radar,0,37,30,0,67,1,67,405,2,475,1,104,435,2,542,426,0,426,968
08/12/2023,FRG,NY,AEA,EN,Towers with Radar,0,23,27,1,51,0,13,281,1,295,0,36,308,2,346,317,0,317,663
08/13/2023,FRG,NY,AEA,EN,Towers with Radar,0,43,48,0,91,0,14,308,0,322,0,57,356,0,413,452,0,452,865
08/14/2023,FRG,NY,AEA,EN,Towers with Radar,0,35,25,0,60,0,85,315,6,406,0,120,340,6,466,740,0,740,1206
08/15/2023,FRG,NY,AEA,EN,Towers with Radar,0,28,27,0,55,0,10,35,5,50,0,38,62,5,105,152,0,152,257
08/16/2023,FRG,NY,AEA,EN,Towers with Radar,0,18,54,0,72,0,24,161,2,187,0,42,215,2,259,430,0,430,689
08/17/2023,FRG,NY,AEA,EN,Towers with Radar,0,29,56,0,85,0,4,19,1,24,0,33,75,1,109,0,0,0,109
08/18/2023,FRG,NY,AEA,EN,Towers with Radar,0,30,18,0,48,0,47,234,5,286,0,77,252,5,334,332,0,332,666
08/19/2023,FRG,NY,AEA,EN,Towers with Radar,0,24,31,0,55,0,39,312,0,351,0,63,343,0,406,410,0,410,816
08/20/2023,FRG,NY,AEA,EN,Towers with Radar,0,34,21,0,55,0,50,317,0,367,0,84,338,0,422,518,0,518,940
08/21/2023,FRG,NY,AEA,EN,Towers with Radar,0,22,36,0,58,0,67,266,5,338,0,89,302,5,396,496,0,496,892
08/22/2023,FRG,NY,AEA,EN,Towers with Radar,0,11,34,0,45,0,86,337,2,425,0,97,371,2,470,536,0,536,1006
08/23/2023,FRG,NY,AEA,EN,Towers with Radar,0,16,41,0,57,0,81,354,5,440,0,97,395,5,497,648,0,648,1145
08/24/2023,FRG,NY,AEA,EN,Towers with Radar,0,29,43,0,72,0,63,182,4,249,0,92,225,4,321,416,0,416,737
08/25/2023,FRG,NY,AEA,EN,Towers with Radar,0,29,39,0,68,0,0,9,2,11,0,29,48,2,79,0,0,0,79
08/26/2023,FRG,NY,AEA,EN,Towers with Radar,0,27,28,0,55,0,19,204,0,223,0,46,232,0,278,444,0,444,722
08/27/2023,FRG,NY,AEA,EN,Towers with Radar,0,29,34,1,64,0,33,396,4,433,0,62,430,5,497,616,0,616,1113
08/28/2023,FRG,NY,AEA,EN,Towers with Radar,0,30,46,0,76,0,9,114,4,127,0,39,160,4,203,800,0,800,1003
08/29/2023,FRG,NY,AEA,EN,Towers with Radar,0,29,52,0,81,0,9,26,0,35,0,38,78,0,116,94,0,94,210
08/30/2023,FRG,NY,AEA,EN,Towers with Radar,0,23,33,0,56,0,39,157,1,197,0,62,190,1,253,328,0,328,581
08/31/2023,FRG,NY,AEA,EN,Towers with Radar,0,29,47,0,76,0,78,351,1,430,0,107,398,1,506,442,0,442,948
01/01/2020,FRG,NY,AEA,EN,Towers with Radar,0,30,24,0,54,0,4,131,0,135,0,34,155,0,189,106,0,106,295
01/02/2020,FRG,NY,AEA,EN,Towers with Radar,0,22,31,0,53,0,35,294,0,329,0,57,325,0,382,458,0,458,840
01/03/2020,FRG,NY,AEA,EN,Towers with Radar,3,37,33,0,73,0,3,8,0,11,3,40,41,0,84,0,0,0,84
01/04/2020,FRG,NY,AEA,EN,Towers with Radar,1,21,39,0,61,0,0,0,0,0,1,21,39,0,61,0,0,0,61
01/05/2020,FRG,NY,AEA,EN,Towers with Radar,0,40,29,0,69,0,16,101,0,117,0,56,130,0,186,102,0,102,288
01/06/2020,FRG,NY,AEA,EN,Towers with Radar,0,25,39,0,64,0,26,257,0,283,0,51,296,0,347,304,0,304,651
01/07/2020,FRG,NY,AEA,EN,Towers with Radar,0,24,25,0,49,0,35,251,3,289,0,59,276,3,338,500,0,500,838
01/08/2020,FRG,NY,AEA,EN,Towers with Radar,0,10,30,0,40,0,7,85,2,94,0,17,115,2,134,148,0,148,282
01/09/2020,FRG,NY,AEA,EN,Towers with Radar,0,28,35,0,63,0,27,303,1,331,0,55,338,1,394,438,0,438,832
01/10/2020,FRG,NY,AEA,EN,Towers with Radar,0,19,35,0,54,0,6,191,0,197,0,25,226,0,251,341,0,341,592
01/11/2020,FRG,NY,AEA,EN,Towers with Radar,0,9,19,0,28,0,2,98,0,100,0,11,117,0,128,68,0,68,196
01/12/2020,FRG,NY,AEA,EN,Towers with Radar,0,15,25,0,40,0,5,49,0,54,0,20,74,0,94,30,0,30,124
01/13/2020,FRG,NY,AEA,EN,Towers with Radar,0,17,39,1,57,0,2,62,0,64,0,19,101,1,121,162,0,162,283
01/14/2020,FRG,NY,AEA,EN,Towers with Radar,0,13,33,0,46,0,1,115,0,116,0,14,148,0,162,338,0,338,500
01/15/2020,FRG,NY,AEA,EN,Towers with Radar,0,15,43,0,58,0,62,357,1,420,0,77,400,1,478,572,0,572,1050
01/16/2020,FRG,NY,AEA,EN,Towers with Radar,1,27,35,0,63,0,2,53,0,55,1,29,88,0,118,8,0,8,126
01/17/2020,FRG,NY,AEA,EN,Towers with Radar,2,22,44,0,68,0,5,105,0,110,2,27,149,0,178,110,0,110,288
01/18/2020,FRG,NY,AEA,EN,Towers with Radar,3,13,10,0,26,0,0,82,0,82,3,13,92,0,108,155,0,155,263
01/19/2020,FRG,NY,AEA,EN,Towers with Radar,1,16,33,0,50,0,15,230,0,245,1,31,263,0,295,282,0,282,577
01/20/2020,FRG,NY,AEA,EN,Towers with Radar,0,37,57,0,94,0,2,163,0,165,0,39,220,0,259,177,0,177,436
01/21/2020,FRG,NY,AEA,EN,Towers with Radar,0,15,38,0,53,0,33,238,2,273,0,48,276,2,326,400,0,400,726
01/22/2020,FRG,NY,AEA,EN,Towers with Radar,0,15,29,0,44,0,45,272,1,318,0,60,301,1,362,534,0,534,896
01/23/2020,FRG,NY,AEA,EN,Towers with Radar,0,31,25,0,56,0,30,301,1,332,0,61,326,1,388,314,0,314,702
01/24/2020,FRG,NY,AEA,EN,Towers with Radar,0,33,40,2,75,0,57,277,0,334,0,90,317,2,409,406,0,406,815
01/25/2020,FRG,NY,AEA,EN,Towers with Radar,1,22,24,0,47,0,0,0,0,0,1,22,24,0,47,0,0,0,47
01/26/2020,FRG,NY,AEA,EN,Towers with Radar,1,33,34,0,68,0,18,308,0,326,1,51,342,0,394,322,0,322,716
01/27/2020,FRG,NY,AEA,EN,Towers with Radar,0,32,35,0,67,0,26,231,3,260,0,58,266,3,327,402,0,402,729
01/28/2020,FRG,NY,AEA,EN,Towers with Radar,0,21,30,0,51,0,45,222,1,268,0,66,252,1,319,414,0,414,733
01/29/2020,FRG,NY,AEA,EN,Towers with Radar,0,24,29,0,53,0,22,258,0,280,0,46,287,0,333,422,0,422,755
01/30/2020,FRG,NY,AEA,EN,Towers with Radar,0,25,48,2,75,0,61,275,5,341,0,86,323,7,416,394,0,394,810
01/31/2020,FRG,NY,AEA,EN,Towers with Radar,0,26,41,0,67,0,36,219,0,255,0,62,260,0,322,618,0,618,940
02/01/2020,FRG,NY,AEA,EN,Towers with Radar,0,14,21,0,35,0,0,5,0,5,0,14,26,0,40,48,0,48,88
02/02/2020,FRG,NY,AEA,EN,Towers with Radar,0,22,45,0,67,0,5,168,0,173,0,27,213,0,240,414,0,414,654
02/03/2020,FRG,NY,AEA,EN,Towers with Radar,1,26,49,0,76,0,46,273,2,321,1,72,322,2,397,454,0,454,851
02/04/2020,FRG,NY,AEA,EN,Towers with Radar,0,14,34,0,48,0,7,54,1,62,0,21,88,1,110,138,0,138,248
02/05/2020,FRG,NY,AEA,EN,Towers with Radar,0,19,43,0,62,0,32,211,1,244,0,51,254,1,306,458,0,458,764
02/06/2020,FRG,NY,AEA,EN,Towers with Radar,1,30,26,0,57,0,0,0,0,0,1,30,26,0,57,0,0,0,57
02/07/2020,FRG,NY,AEA,EN,Towers with Radar,3,10,16,0,29,0,0,6,0,6,3,10,22,0,35,0,0,0,35
02/08/2020,FRG,NY,AEA,EN,Towers with Radar,0,10,32,0,42,0,25,312,0,337,0,35,344,0,379,362,0,362,741
02/09/2020,FRG,NY,AEA,EN,Towers with Radar,1,24,45,0,70,0,15,323,0,338,1,39,368,0,408,390,0,390,798
02/10/2020,FRG,NY,AEA,EN,Towers with Radar,0,27,28,0,55,0,5,30,0,35,0,32,58,0,90,82,0,82,172
02/11/2020,FRG,NY,AEA,EN,Towers with Radar,1,26,34,0,61,0,3,9,0,12,1,29,43,0,73,10,0,10,83
02/12/2020,FRG,NY,AEA,EN,Towers with Radar,2,21,40,0,63,0,44,338,0,382,2,65,378,0,445,570,0,570,1015
02/13/2020,FRG,NY,AEA,EN,Towers with Radar,1,26,26,0,53,0,0,19,0,19,1,26,45,0,72,0,0,0,72
02/14/2020,FRG,NY,AEA,EN,Towers with Radar,0,33,47,1,81,0,28,217,1,246,0,61,264,2,327,276,0,276,603
02/15/2020,FRG,NY,AEA,EN,Towers with Radar,0,25,39,0,64,0,46,318,1,365,0,71,357,1,429,468,0,468,897
02/16/2020,FRG,NY,AEA,EN,Towers with Radar,0,24,21,0,45,0,19,312,0,331,0,43,333,0,376,452,0,452,828
02/17/2020,FRG,NY,AEA,EN,Towers with Radar,0,34,58,0,92,0,48,316,1,365,0,82,374,1,457,531,0,531,988
02/18/2020,FRG,NY,AEA,EN,Towers with Radar,0,24,50,0,74,0,0,14,0,14,0,24,64,0,88,24,0,24,112
02/19/2020,FRG,NY,AEA,EN,Towers with Radar,0,28,26,0,54,0,34,310,0,344,0,62,336,0,398,332,0,332,730
02/20/2020,FRG,NY,AEA,EN,Towers with Radar,2,38,30,0,70,0,36,279,1,316,2,74,309,1,386,530,0,530,916
02/21/2020,FRG,NY,AEA,EN,Towers with Radar,0,32,30,0,62,0,41,258,6,305,0,73,288,6,367,430,0,430,797
02/22/2020,FRG,NY,AEA,EN,Towers with Radar,0,18,32,0,50,0,19,327,0,346,0,37,359,0,396,500,0,500,896
02/23/2020,FRG,NY,AEA,EN,Towers with Radar,0,41,44,0,85,0,31,377,0,408,0,72,421,0,493,388,0,388,881
02/24/2020,FRG,NY,AEA,EN,Towers with Radar,0,27,28,2,57,0,47,276,2,325,0,74,304,4,382,498,0,498,880
02/25/2020,FRG,NY,AEA,EN,Towers with Radar,0,24,27,0,51,0,10,68,3,81,0,34,95,3,132,292,0,292,424
02/26/2020,FRG,NY,AEA,EN,Towers with Radar,1,14,34,0,49,0,0,0,0,0,1,14,34,0,49,0,0,0,49
02/27/2020,FRG,NY,AEA,EN,Towers with Radar,0,16,22,0,38,0,3,51,0,54,0,19,73,0,92,4,0,4,96
02/28/2020,FRG,NY,AEA,EN,Towers with Radar,1,20,23,0,44,0,4,67,1,72,1,24,90,1,116,16,0,16,132
02/29/2020,FRG,NY,AEA,EN,Towers with Radar,1,24,24,0,49,0,26,270,3,299,1,50,294,3,348,530,0,530,878
03/01/2020,FRG,NY,AEA,EN,Towers with Radar,0,27,41,0,68,0,9,250,0,259,0,36,291,0,327,242,0,242,569
03/02/2020,FRG,NY,AEA,EN,Towers with Radar,0,19,22,0,41,0,64,249,0,313,0,83,271,0,354,332,0,332,686
03/03/2020,FRG,NY,AEA,EN,Towers with Radar,1,13,45,2,61,0,8,126,0,134,1,21,171,2,195,374,0,374,569
03/04/2020,FRG,NY,AEA,EN,Towers with Radar,1,17,39,0,57,0,18,89,1,108,1,35,128,1,165,70,0,70,235
03/05/2020,FRG,NY,AEA,EN,Towers with Radar,0,30,30,0,60,0,81,285,3,369,0,111,315,3,429,492,0,492,921
03/06/2020,FRG,NY,AEA,EN,Towers with Radar,0,28,38,0,66,0,50,110,1,161,0,78,148,1,227,354,0,354,581
03/07/2020,FRG,NY,AEA,EN,Towers with Radar,2,9,24,0,35,0,1,84,0,85,2,10,108,0,120,28,0,28,148
03/08/2020,FRG,NY,AEA,EN,Towers with Radar,1,16,35,0,52,0,19,402,2,423,1,35,437,2,475,458,0,458,933
03/09/2020,FRG,NY,AEA,EN,Towers with Radar,0,33,28,0,61,0,76,289,6,371,0,109,317,6,432,516,0,516,948
03/10/2020,FRG,NY,AEA,EN,Towers with Radar,0,30,33,0,63,0,34,192,1,227,0,64,225,1,290,506,0,506,796
03/11/2020,FRG,NY,AEA,EN,Towers with Radar,0,32,38,0,70,0,70,346,4,420,0,102,384,4,490,568,0,568,1058
03/12/2020,FRG,NY,AEA,EN,Towers with Radar,0,36,50,0,86,0,5,92,3,100,0,41,142,3,186,293,0,293,479
03/13/2020,FRG,NY,AEA,EN,Towers with Radar,1,37,39,0,77,0,0,30,0,30,1,37,69,0,107,12,0,12,119
03/14/2020,FRG,NY,AEA,EN,Towers with Radar,0,22,43,0,65,0,18,378,1,397,0,40,421,1,462,388,0,388,850
03/15/2020,FRG,NY,AEA,EN,Towers with Radar,0,24,46,0,70,0,22,327,0,349,0,46,373,0,419,420,0,420,839
03/16/2020,FRG,NY,AEA,EN,Towers with Radar,0,21,32,0,53,0,7,204,2,213,0,28,236,2,266,390,0,390,656
03/17/2020,FRG,NY,AEA,EN,Towers with Radar,0,16,34,0,50,0,3,20,0,23,0,19,54,0,73,18,0,18,91
03/18/2020,FRG,NY,AEA,EN,Towers with Radar,0,17,30,0,47,0,13,299,0,312,0,30,329,0,359,563,0,563,922
03/19/2020,FRG,NY,AEA,EN,Towers with Radar,0,16,21,0,37,0,0,8,0,8,0,16,29,0,45,6,0,6,51
03/20/2020,FRG,NY,AEA,EN,Towers with Radar,0,23,20,0,43,0,5,9,0,14,0,28,29,0,57,6,0,6,63
03/21/2020,FRG,NY,AEA,EN,Towers with Radar,0,14,17,0,31,0,4,206,0,210,0,18,223,0,241,404,0,404,645
03/22/2020,FRG,NY,AEA,EN,Towers with Radar,0,8,11,0,19,0,5,122,0,127,0,13,133,0,146,212,0,212,358
03/23/2020,FRG,NY,AEA,EN,Towers with Radar,0,7,2,0,9,0,0,0,0,0,0,7,2,0,9,0,0,0,9
03/24/2020,FRG,NY,AEA,EN,Towers with Radar,0,4,2,0,6,0,0,5,0,5,0,4,7,0,11,0,0,0,11
03/25/2020,FRG,NY,AEA,EN,Towers with Radar,0,3,6,0,9,0,0,1,0,1,0,3,7,0,10,0,0,0,10
03/26/2020,FRG,NY,AEA,EN,Towers with Radar,0,2,8,0,10,0,1,8,0,9,0,3,16,0,19,0,0,0,19
03/27/2020,FRG,NY,AEA,EN,Towers with Radar,0,3,2,0,5,0,1,4,0,5,0,4,6,0,10,0,0,0,10
03/28/2020,FRG,NY,AEA,EN,Towers with Radar,0,4,4,0,8,0,0,4,0,4,0,4,8,0,12,0,0,0,12
03/29/2020,FRG,NY,AEA,EN,Towers with Radar,0,7,6,0,13,0,0,0,0,0,0,7,6,0,13,0,0,0,13
03/30/2020,FRG,NY,AEA,EN,Towers with Radar,0,1,6,0,7,0,0,1,0,1,0,1,7,0,8,0,0,0,8
03/31/2020,FRG,NY,AEA,EN,Towers with Radar,0,7,8,0,15,0,1,5,0,6,0,8,13,0,21,0,0,0,21
04/01/2020,FRG,NY,AEA,EN,Towers with Radar,0,2,1,0,3,0,0,9,0,9,0,2,10,0,12,0,0,0,12
04/02/2020,FRG,NY,AEA,EN,Towers with Radar,0,2,3,0,5,0,0,3,1,4,0,2,6,1,9,0,0,0,9
04/03/2020,FRG,NY,AEA,EN,Towers with Radar,0,6,10,0,16,0,0,2,0,2,0,6,12,0,18,0,0,0,18
04/04/2020,FRG,NY,AEA,EN,Towers with Radar,0,0,5,0,5,0,0,5,0,5,0,0,10,0,10,0,0,0,10
04/05/2020,FRG,NY,AEA,EN,Towers with Radar,0,1,14,0,15,0,0,2,0,2,0,1,16,0,17,0,0,0,17
04/06/2020,FRG,NY,AEA,EN,Towers with Radar,0,1,2,0,3,0,0,10,0,10,0,1,12,0,13,0,0,0,13
04/07/2020,FRG,NY,AEA,EN,Towers with Radar,0,3,1,0,4,0,0,6,0,6,0,3,7,0,10,0,0,0,10
04/08/2020,FRG,NY,AEA,EN,Towers with Radar,0,5,2,0,7,0,0,4,0,4,0,5,6,0,11,0,0,0,11
04/09/2020,FRG,NY,AEA,EN,Towers with Radar,0,7,5,0,12,0,0,0,0,0,0,7,5,0,12,0,0,0,12
04/10/2020,FRG,NY,AEA,EN,Towers with Radar,0,2,1,1,4,0,0,2,0,2,0,2,3,1,6,0,0,0,6
04/11/2020,FRG,NY,AEA,EN,Towers with Radar,0,6,8,0,14,0,0,8,0,8,0,6,16,0,22,0,0,0,22
04/12/2020,FRG,NY,AEA,EN,Towers with Radar,0,4,5,0,9,0,0,7,0,7,0,4,12,0,16,0,0,0,16
04/13/2020,FRG,NY,AEA,EN,Towers with Radar,0,7,1,0,8,0,0,0,0,0,0,7,1,0,8,0,0,0,8
04/14/2020,FRG,NY,AEA,EN,Towers with Radar,0,1,10,0,11,0,2,11,0,13,0,3,21,0,24,0,0,0,24
04/15/2020,FRG,NY,AEA,EN,Towers with Radar,0,0,0,0,0,0,3,9,0,12,0,3,9,0,12,0,0,0,12
04/16/2020,FRG,NY,AEA,EN,Towers with Radar,0,5,3,0,8,0,0,8,0,8,0,5,11,0,16,0,0,0,16
04/17/2020,FRG,NY,AEA,EN,Towers with Radar,0,1,5,0,6,0,0,3,0,3,0,1,8,0,9,0,0,0,9
04/18/2020,FRG,NY,AEA,EN,Towers with Radar,0,3,7,0,10,0,0,0,0,0,0,3,7,0,10,0,0,0,10
04/19/2020,FRG,NY,AEA,EN,Towers with Radar,0,7,6,0,13,0,0,13,0,13,0,7,19,0,26,0,0,0,26
04/20/2020,FRG,NY,AEA,EN,Towers with Radar,0,2,3,0,5,0,1,6,0,7,0,3,9,0,12,0,0,0,12
04/21/2020,FRG,NY,AEA,EN,Towers with Radar,0,2,8,0,10,0,0,5,0,5,0,2,13,0,15,0,0,0,15
04/22/2020,FRG,NY,AEA,EN,Towers with Radar,0,9,3,0,12,0,0,11,0,11,0,9,14,0,23,0,0,0,23
04/23/2020,FRG,NY,AEA,EN,Towers with Radar,0,7,9,0,16,0,0,10,0,10,0,7,19,0,26,0,0,0,26
04/24/2020,FRG,NY,AEA,EN,Towers with Radar,0,4,2,0,6,0,0,0,0,0,0,4,2,0,6,0,0,0,6
04/25/2020,FRG,NY,AEA,EN,Towers with Radar,0,1,6,0,7,0,0,8,0,8,0,1,14,0,15,0,0,0,15
04/26/2020,FRG,NY,AEA,EN,Towers with Radar,0,8,9,0,17,0,0,1,0,1,0,8,10,0,18,0,0,0,18
04/27/2020,FRG,NY,AEA,EN,Towers with Radar,0,3,8,0,11,0,2,2,0,4,0,5,10,0,15,0,0,0,15
04/28/2020,FRG,NY,AEA,EN,Towers with Radar,0,7,9,0,16,0,3,12,0,15,0,10,21,0,31,0,0,0,31
04/29/2020,FRG,NY,AEA,EN,Towers with Radar,0,11,8,0,19,0,0,10,0,10,0,11,18,0,29,0,0,0,29
04/30/2020,FRG,NY,AEA,EN,Towers with Radar,0,8,14,0,22,0,0,2,0,2,0,8,16,0,24,0,0,0,24
05/01/2020,FRG,NY,AEA,EN,Towers with Radar,0,9,16,0,25,0,0,4,0,4,0,9,20,0,29,0,0,0,29
05/02/2020,FRG,NY,AEA,EN,Towers with Radar,0,8,17,0,25,0,3,188,0,191,0,11,205,0,216,174,0,174,390
05/03/2020,FRG,NY,AEA,EN,Towers with Radar,0,5,21,2,28,0,2,109,0,111,0,7,130,2,139,152,0,152,291
05/04/2020,FRG,NY,AEA,EN,Towers with Radar,0,6,8,0,14,0,10,114,0,124,0,16,122,0,138,166,0,166,304
05/05/2020,FRG,NY,AEA,EN,Towers with Radar,0,5,14,0,19,0,6,156,0,162,0,11,170,0,181,200,0,200,381
05/06/2020,FRG,NY,AEA,EN,Towers with Radar,0,1,11,1,13,0,2,66,1,69,0,3,77,2,82,162,0,162,244
05/07/2020,FRG,NY,AEA,EN,Towers with Radar,0,14,19,0,33,0,8,183,0,191,0,22,202,0,224,132,0,132,356
05/08/2020,FRG,NY,AEA,EN,Towers with Radar,0,5,8,0,13,0,3,79,0,82,0,8,87,0,95,144,0,144,239
05/09/2020,FRG,NY,AEA,EN,Towers with Radar,0,9,9,0,18,0,2,5,0,7,0,11,14,0,25,0,0,0,25
05/10/2020,FRG,NY,AEA,EN,Towers with Radar,0,4,12,0,16,0,2,72,0,74,0,6,84,0,90,64,0,64,154
05/11/2020,FRG,NY,AEA,EN,Towers with Radar,0,7,13,0,20,0,0,62,1,63,0,7,75,1,83,30,0,30,113
05/12/2020,FRG,NY,AEA,EN,Towers with Radar,0,10,12,0,22,0,10,133,3,146,0,20,145,3,168,80,0,80,248
05/13/2020,FRG,NY,AEA,EN,Towers with Radar,0,9,11,0,20,0,2,264,2,268,0,11,275,2,288,303,0,303,591
05/14/2020,FRG,NY,AEA,EN,Towers with Radar,0,15,18,0,33,0,9,275,3,287,0,24,293,3,320,628,0,628,948
05/15/2020,FRG,NY,AEA,EN,Towers with Radar,0,10,15,0,25,0,6,103,2,111,0,16,118,2,136,105,0,105,241
05/16/2020,FRG,NY,AEA,EN,Towers with Radar,0,15,11,0,26,0,8,230,0,238,0,23,241,0,264,202,0,202,466
05/17/2020,FRG,NY,AEA,EN,Towers with Radar,0,7,31,0,38,0,6,225,0,231,0,13,256,0,269,270,0,270,539
05/18/2020,FRG,NY,AEA,EN,Towers with Radar,0,6,12,0,18,0,2,90,1,93,0,8,102,1,111,176,0,176,287
05/19/2020,FRG,NY,AEA,EN,Towers with Radar,0,8,15,0,23,0,1,25,0,26,0,9,40,0,49,0,0,0,49
05/20/2020,FRG,NY,AEA,EN,Towers with Radar,0,5,17,1,23,0,2,141,0,143,0,7,158,1,166,120,0,120,286
05/21/2020,FRG,NY,AEA,EN,Towers with Radar,0,13,16,0,29,0,7,176,0,183,0,20,192,0,212,266,0,266,478
05/22/2020,FRG,NY,AEA,EN,Towers with Radar,0,10,27,0,37,0,14,144,3,161,0,24,171,3,198,140,0,140,338
05/23/2020,FRG,NY,AEA,EN,Towers with Radar,0,9,14,0,23,0,0,0,0,0,0,9,14,0,23,0,0,0,23
05/24/2020,FRG,NY,AEA,EN,Towers with Radar,0,12,22,0,34,0,1,73,0,74,0,13,95,0,108,228,0,228,336
05/25/2020,FRG,NY,AEA,EN,Towers with Radar,0,15,21,0,36,0,2,19,0,21,0,17,40,0,57,104,0,104,161
05/26/2020,FRG,NY,AEA,EN,Towers with Radar,0,17,30,2,49,0,2,52,0,54,0,19,82,2,103,126,0,126,229
05/27/2020,FRG,NY,AEA,EN,Towers with Radar,0,22,47,0,69,0,12,118,2,132,0,34,165,2,201,192,0,192,393
05/28/2020,FRG,NY,AEA,EN,Towers with Radar,0,24,33,0,57,0,0,20,0,20,0,24,53,0,77,6,0,6,83
05/29/2020,FRG,NY,AEA,EN,Towers with Radar,0,14,33,0,47,0,0,5,0,5,0,14,38,0,52,6,0,6,58
05/30/2020,FRG,NY,AEA,EN,Towers with Radar,0,10,32,0,42,0,4,173,0,177,0,14,205,0,219,168,0,168,387
05/31/2020,FRG,NY,AEA,EN,Towers with Radar,0,21,26,0,47,0,6,230,0,236,0,27,256,0,283,210,0,210,493
06/01/2020,FRG,NY,AEA,EN,Towers with Radar,0,23,35,0,58,0,8,191,0,199,0,31,226,0,257,182,0,182,439
06/02/2020,FRG,NY,AEA,EN,Towers with Radar,0,9,30,0,39,0,5,153,0,158,0,14,183,0,197,348,0,348,545
06/03/2020,FRG,NY,AEA,EN,Towers with Radar,0,13,17,0,30,0,2,59,0,61,0,15,76,0,91,110,0,110,201
06/04/2020,FRG,NY,AEA,EN,Towers with Radar,0,12,23,0,35,0,6,188,0,194,0,18,211,0,229,306,0,306,535
06/05/2020,FRG,NY,AEA,EN,Towers with Radar,0,23,33,0,56,0,1,24,0,25,0,24,57,0,81,130,0,130,211
06/06/2020,FRG,NY,AEA,EN,Towers with Radar,0,18,29,0,47,0,6,83,0,89,0,24,112,0,136,144,0,144,280
06/07/2020,FRG,NY,AEA,EN,Towers with Radar,0,19,29,0,48,0,1,188,0,189,0,20,217,0,237,206,0,206,443
06/08/2020,FRG,NY,AEA,EN,Towers with Radar,0,16,21,0,37,0,17,178,0,195,0,33,199,0,232,356,0,356,588
06/09/2020,FRG,NY,AEA,EN,Towers with Radar,1,9,24,0,34,0,16,261,0,277,1,25,285,0,311,390,0,390,701
06/10/2020,FRG,NY,AEA,EN,Towers with Radar,0,20,35,0,55,0,5,237,0,242,0,25,272,0,297,434,0,434,731
06/11/2020,FRG,NY,AEA,EN,Towers with Radar,0,31,27,0,58,0,0,2,0,2,0,31,29,0,60,0,0,0,60
06/12/2020,FRG,NY,AEA,EN,Towers with Radar,0,11,31,0,42,0,7,287,0,294,0,18,318,0,336,338,0,338,674
06/13/2020,FRG,NY,AEA,EN,Towers with Radar,0,19,28,0,47,0,1,274,0,275,0,20,302,0,322,374,0,374,696
06/14/2020,FRG,NY,AEA,EN,Towers with Radar,0,21,22,0,43,0,12,226,0,238,0,33,248,0,281,274,0,274,555
06/15/2020,FRG,NY,AEA,EN,Towers with Radar,0,19,16,0,35,0,2,194,0,196,0,21,210,0,231,300,0,300,531
06/16/2020,FRG,NY,AEA,EN,Towers with Radar,0,23,29,0,52,0,12,217,0,229,0,35,246,0,281,258,0,258,539
06/17/2020,FRG,NY,AEA,EN,Towers with Radar,0,19,45,0,64,0,6,212,1,219,0,25,257,1,283,268,0,268,551
06/18/2020,FRG,NY,AEA,EN,Towers with Radar,0,27,48,2,77,0,10,36,0,46,0,37,84,2,123,32,0,32,155
06/19/2020,FRG,NY,AEA,EN,Towers with Radar,0,22,25,0,47,0,2,154,0,156,0,24,179,0,203,230,0,230,433
06/20/2020,FRG,NY,AEA,EN,Towers with Radar,0,20,25,0,45,0,14,213,0,227,0,34,238,0,272,322,0,322,594
06/21/2020,FRG,NY,AEA,EN,Towers with Radar,0,16,35,0,51,0,11,187,1,199,0,27,222,1,250,208,0,208,458
06/22/2020,FRG,NY,AEA,EN,Towers with Radar,0,10,33,3,46,0,2,199,0,201,0,12,232,3,247,240,0,240,487
06/23/2020,FRG,NY,AEA,EN,Towers with Radar,0,20,33,0,53,0,9,161,1,171,0,29,194,1,224,374,0,374,598
06/24/2020,FRG,NY,AEA,EN,Towers with Radar,0,27,27,0,54,0,4,140,0,144,0,31,167,0,198,250,0,250,448
06/25/2020,FRG,NY,AEA,EN,Towers with Radar,0,14,29,0,43,0,7,247,0,254,0,21,276,0,297,360,0,360,657
06/26/2020,FRG,NY,AEA,EN,Towers with Radar,0,18,27,0,45,0,4,263,0,267,0,22,290,0,312,426,0,426,738
06/27/2020,FRG,NY,AEA,EN,Towers with Radar,0,27,22,0,49,0,2,137,0,139,0,29,159,0,188,442,0,442,630
06/28/2020,FRG,NY,AEA,EN,Towers with Radar,0,19,30,0,49,0,6,161,0,167,0,25,191,0,216,386,0,386,602
06/29/2020,FRG,NY,AEA,EN,Towers with Radar,0,10,32,0,42,0,14,166,1,181,0,24,198,1,223,392,0,392,615
06/30/2020,FRG,NY,AEA,EN,Towers with Radar,0,17,35,0,52,0,5,102,0,107,0,22,137,0,159,328,0,328,487
07/01/2020,FRG,NY,AEA,EN,Towers with Radar,0,12,35,0,47,0,19,106,1,126,0,31,141,1,173,292,0,292,465
07/02/2020,FRG,NY,AEA,EN,Towers with Radar,0,21,24,0,45,0,16,271,0,287,0,37,295,0,332,235,0,235,567
07/03/2020,FRG,NY,AEA,EN,Towers with Radar,0,19,36,0,55,0,6,186,0,192,0,25,222,0,247,340,0,340,587
07/04/2020,FRG,NY,AEA,EN,Towers with Radar,0,7,23,0,30,0,10,162,0,172,0,17,185,0,202,372,0,372,574
07/05/2020,FRG,NY,AEA,EN,Towers with Radar,0,10,41,0,51,0,17,168,0,185,0,27,209,0,236,316,0,316,552
07/06/2020,FRG,NY,AEA,EN,Towers with Radar,0,17,22,0,39,0,6,195,0,201,0,23,217,0,240,280,0,280,520
07/07/2020,FRG,NY,AEA,EN,Towers with Radar,0,28,44,0,72,0,0,17,0,17,0,28,61,0,89,38,0,38,127
07/08/2020,FRG,NY,AEA,EN,Towers with Radar,0,22,38,0,60,0,4,72,1,77,0,26,110,1,137,246,0,246,383
07/09/2020,FRG,NY,AEA,EN,Towers with Radar,0,18,27,0,45,0,12,214,0,226,0,30,241,0,271,542,0,542,813
07/10/2020,FRG,NY,AEA,EN,Towers with Radar,0,17,15,0,32,0,0,0,0,0,0,17,15,0,32,0,0,0,32
07/11/2020,FRG,NY,AEA,EN,Towers with Radar,0,18,36,0,54,0,2,11,0,13,0,20,47,0,67,18,0,18,85
07/12/2020,FRG,NY,AEA,EN,Towers with Radar,0,17,27,0,44,0,26,306,1,333,0,43,333,1,377,378,0,378,755
07/13/2020,FRG,NY,AEA,EN,Towers with Radar,0,25,28,0,53,0,9,199,0,208,0,34,227,0,261,324,0,324,585
07/14/2020,FRG,NY,AEA,EN,Towers with Radar,0,25,16,0,41,0,39,274,0,313,0,64,290,0,354,226,0,226,580
07/15/2020,FRG,NY,AEA,EN,Towers with Radar,0,26,25,0,51,0,30,156,0,186,0,56,181,0,237,346,0,346,583
07/16/2020,FRG,NY,AEA,EN,Towers with Radar,0,23,39,0,62,0,39,241,0,280,0,62,280,0,342,252,0,252,594
07/17/2020,FRG,NY,AEA,EN,Towers with Radar,0,30,31,0,61,0,2,21,0,23,0,32,52,0,84,18,0,18,102
07/18/2020,FRG,NY,AEA,EN,Towers with Radar,0,10,33,0,43,0,24,277,1,302,0,34,310,1,345,246,0,246,591
07/19/2020,FRG,NY,AEA,EN,Towers with Radar,0,16,17,0,33,0,13,178,0,191,0,29,195,0,224,282,0,282,506
07/20/2020,FRG,NY,AEA,EN,Towers with Radar,0,17,18,0,35,0,18,157,0,175,0,35,175,0,210,340,0,340,550
07/21/2020,FRG,NY,AEA,EN,Towers with Radar,0,12,30,0,42,0,8,204,0,212,0,20,234,0,254,284,0,284,538
07/22/2020,FRG,NY,AEA,EN,Towers with Radar,0,30,19,2,51,0,29,197,0,226,0,59,216,2,277,264,0,264,541
07/23/2020,FRG,NY,AEA,EN,Towers with Radar,0,18,23,0,41,0,17,137,0,154,0,35,160,0,195,200,0,200,395
07/24/2020,FRG,NY,AEA,EN,Towers with Radar,0,17,38,0,55,0,2,95,0,97,0,19,133,0,152,318,0,318,470
07/25/2020,FRG,NY,AEA,EN,Towers with Radar,0,5,33,0,38,0,11,283,0,294,0,16,316,0,332,310,0,310,642
07/26/2020,FRG,NY,AEA,EN,Towers with Radar,1,21,32,0,54,0,5,229,0,234,1,26,261,0,288,300,0,300,588
07/27/2020,FRG,NY,AEA,EN,Towers with Radar,0,19,18,0,37,0,29,214,0,243,0,48,232,0,280,438,0,438,718
07/28/2020,FRG,NY,AEA,EN,Towers with Radar,0,22,23,0,45,0,15,206,0,221,0,37,229,0,266,348,0,348,614
07/29/2020,FRG,NY,AEA,EN,Towers with Radar,0,17,27,2,46,0,20,240,0,260,0,37,267,2,306,326,6,332,638
07/30/2020,FRG,NY,AEA,EN,Towers with Radar,0,19,25,1,45,0,21,169,0,190,0,40,194,1,235,326,0,326,561
07/31/2020,FRG,NY,AEA,EN,Towers with Radar,0,17,42,0,59,0,4,44,0,48,0,21,86,0,107,102,0,102,209
08/01/2020,FRG,NY,AEA,EN,Towers with Radar,0,18,31,0,49,0,12,312,0,324,0,30,343,0,373,288,0,288,661
08/02/2020,FRG,NY,AEA,EN,Towers with Radar,0,19,46,0,65,0,1,26,0,27,0,20,72,0,92,168,0,168,260
08/03/2020,FRG,NY,AEA,EN,Towers with Radar,0,15,9,0,24,0,43,225,0,268,0,58,234,0,292,244,0,244,536
08/04/2020,FRG,NY,AEA,EN,Towers with Radar,0,10,7,0,17,0,1,3,1,5,0,11,10,1,22,0,0,0,22
08/05/2020,FRG,NY,AEA,EN,Towers with Radar,0,6,23,2,31,0,27,218,2,247,0,33,241,4,278,326,0,326,604
08/06/2020,FRG,NY,AEA,EN,Towers with Radar,0,10,22,0,32,0,27,141,0,168,0,37,163,0,200,230,0,230,430
08/07/2020,FRG,NY,AEA,EN,Towers with Radar,0,12,16,0,28,0,5,63,0,68,0,17,79,0,96,134,0,134,230
08/08/2020,FRG,NY,AEA,EN,Towers with Radar,0,20,66,0,86,0,0,103,0,103,0,20,169,0,189,242,0,242,431
08/09/2020,FRG,NY,AEA,EN,Towers with Radar,0,27,45,0,72,0,10,217,0,227,0,37,262,0,299,252,0,252,551
08/10/2020,FRG,NY,AEA,EN,Towers with Radar,0,20,19,0,39,0,13,254,0,267,0,33,273,0,306,404,0,404,710
08/11/2020,FRG,NY,AEA,EN,Towers with Radar,0,14,77,2,93,0,3,110,0,113,0,17,187,2,206,110,0,110,316
08/12/2020,FRG,NY,AEA,EN,Towers with Radar,0,17,42,0,59,0,4,41,0,45,0,21,83,0,104,8,0,8,112
08/13/2020,FRG,NY,AEA,EN,Towers with Radar,0,29,28,0,57,0,10,81,2,93,0,39,109,2,150,254,0,254,404
08/14/2020,FRG,NY,AEA,EN,Towers with Radar,0,20,24,0,44,0,10,254,0,264,0,30,278,0,308,262,0,262,570
08/15/2020,FRG,NY,AEA,EN,Towers with Radar,0,9,38,0,47,0,13,294,0,307,0,22,332,0,354,242,0,242,596
08/16/2020,FRG,NY,AEA,EN,Towers with Radar,0,34,56,2,92,0,0,3,0,3,0,34,59,2,95,8,0,8,103
08/17/2020,FRG,NY,AEA,EN,Towers with Radar,0,27,37,0,64,0,26,237,0,263,0,53,274,0,327,372,0,372,699
08/18/2020,FRG,NY,AEA,EN,Towers with Radar,0,25,24,0,49,0,30,300,0,330,0,55,324,0,379,364,0,364,743
08/19/2020,FRG,NY,AEA,EN,Towers with Radar,0,21,31,0,52,0,12,98,0,110,0,33,129,0,162,210,0,210,372
08/20/2020,FRG,NY,AEA,EN,Towers with Radar,0,16,18,0,34,0,39,313,0,352,0,55,331,0,386,390,0,390,776
08/21/2020,FRG,NY,AEA,EN,Towers with Radar,0,19,28,0,47,0,31,275,0,306,0,50,303,0,353,330,0,330,683
08/22/2020,FRG,NY,AEA,EN,Towers with Radar,0,20,32,0,52,0,19,288,1,308,0,39,320,1,360,444,0,444,804
08/23/2020,FRG,NY,AEA,EN,Towers with Radar,0,15,43,0,58,0,5,323,0,328,0,20,366,0,386,370,0,370,756
08/24/2020,FRG,NY,AEA,EN,Towers with Radar,0,14,28,2,44,0,12,234,0,246,0,26,262,2,290,596,0,596,886
08/25/2020,FRG,NY,AEA,EN,Towers with Radar,0,11,38,0,49,0,4,244,0,248,0,15,282,0,297,430,0,430,727
08/26/2020,FRG,NY,AEA,EN,Towers with Radar,0,14,35,0,49,0,16,299,4,319,0,30,334,4,368,562,0,562,930
08/27/2020,FRG,NY,AEA,EN,Towers with Radar,0,18,19,0,37,0,9,122,0,131,0,27,141,0,168,176,0,176,344
08/28/2020,FRG,NY,AEA,EN,Towers with Radar,0,22,25,0,47,0,48,252,1,301,0,70,277,1,348,268,0,268,616
08/29/2020,FRG,NY,AEA,EN,Towers with Radar,0,17,23,0,40,0,0,4,1,5,0,17,27,1,45,4,0,4,49
08/30/2020,FRG,NY,AEA,EN,Towers with Radar,0,16,38,0,54,0,22,337,0,359,0,38,375,0,413,186,0,186,599
08/31/2020,FRG,NY,AEA,EN,Towers with Radar,0,14,28,0,42,0,40,309,0,349,0,54,337,0,391,434,0,434,825
09/01/2020,FRG,NY,AEA,EN,Towers with Radar,0,18,48,0,66,0,13,134,0,147,0,31,182,0,213,444,0,444,657
09/02/2020,FRG,NY,AEA,EN,Towers with Radar,0,15,42,0,57,0,0,23,0,23,0,15,65,0,80,64,0,64,144
09/03/2020,FRG,NY,AEA,EN,Towers with Radar,0,21,50,0,71,0,40,319,0,359,0,61,369,0,430,364,0,364,794
09/04/2020,FRG,NY,AEA,EN,Towers with Radar,0,24,35,0,59,0,84,350,0,434,0,108,385,0,493,294,0,294,787
09/05/2020,FRG,NY,AEA,EN,Towers with Radar,0,18,19,0,37,0,59,340,0,399,0,77,359,0,436,270,0,270,706
09/06/2020,FRG,NY,AEA,EN,Towers with Radar,0,24,26,0,50,0,4,251,0,255,0,28,277,0,305,164,0,164,469
09/07/2020,FRG,NY,AEA,EN,Towers with Radar,0,17,25,0,42,0,5,324,0,329,0,22,349,0,371,556,0,556,927
09/08/2020,FRG,NY,AEA,EN,Towers with Radar,0,27,38,1,66,0,28,285,3,316,0,55,323,4,382,624,0,624,1006
09/09/2020,FRG,NY,AEA,EN,Towers with Radar,0,15,62,0,77,0,14,196,0,210,0,29,258,0,287,476,0,476,763
09/10/2020,FRG,NY,AEA,EN,Towers with Radar,0,16,25,0,41,0,4,55,0,59,0,20,80,0,100,84,0,84,184
09/11/2020,FRG,NY,AEA,EN,Towers with Radar,0,20,40,0,60,0,32,297,0,329,0,52,337,0,389,556,0,556,945
09/12/2020,FRG,NY,AEA,EN,Towers with Radar,0,14,35,0,49,0,47,331,0,378,0,61,366,0,427,344,0,344,771
09/13/2020,FRG,NY,AEA,EN,Towers with Radar,0,19,49,0,68,0,11,232,0,243,0,30,281,0,311,332,0,332,643
09/14/2020,FRG,NY,AEA,EN,Towers with Radar,0,19,30,2,51,0,56,204,1,261,0,75,234,3,312,290,0,290,602
09/15/2020,FRG,NY,AEA,EN,Towers with Radar,0,20,24,0,44,0,72,256,1,329,0,92,280,1,373,414,0,414,787
09/16/2020,FRG,NY,AEA,EN,Towers with Radar,0,25,42,0,67,0,64,250,0,314,0,89,292,0,381,380,0,380,761
09/17/2020,FRG,NY,AEA,EN,Towers with Radar,0,18,30,0,48,0,32,223,0,255,0,50,253,0,303,486,0,486,789
09/18/2020,FRG,NY,AEA,EN,Towers with Radar,2,19,25,0,46,0,5,140,0,145,2,24,165,0,191,326,0,326,517
09/19/2020,FRG,NY,AEA,EN,Towers with Radar,0,19,20,0,39,0,37,263,1,301,0,56,283,1,340,316,0,316,656
09/20/2020,FRG,NY,AEA,EN,Towers with Radar,0,20,23,0,43,0,7,203,0,210,0,27,226,0,253,348,0,348,601
09/21/2020,FRG,NY,AEA,EN,Towers with Radar,0,16,26,0,42,0,44,235,0,279,0,60,261,0,321,280,0,280,601
09/22/2020,FRG,NY,AEA,EN,Towers with Radar,0,19,28,0,47,0,44,285,0,329,0,63,313,0,376,418,0,418,794
09/23/2020,FRG,NY,AEA,EN,Towers with Radar,0,21,26,0,47,0,51,247,0,298,0,72,273,0,345,326,0,326,671
09/24/2020,FRG,NY,AEA,EN,Towers with Radar,0,27,24,0,51,0,57,296,1,354,0,84,320,1,405,452,0,452,857
09/25/2020,FRG,NY,AEA,EN,Towers with Radar,0,27,39,0,66,0,31,289,0,320,0,58,328,0,386,512,0,512,898
09/26/2020,FRG,NY,AEA,EN,Towers with Radar,0,23,28,0,51,0,33,274,0,307,0,56,302,0,358,572,0,572,930
09/27/2020,FRG,NY,AEA,EN,Towers with Radar,0,21,62,0,83,0,4,57,0,61,0,25,119,0,144,152,0,152,296
09/28/2020,FRG,NY,AEA,EN,Towers with Radar,0,14,45,0,59,0,20,66,0,86,0,34,111,0,145,230,0,230,375
09/29/2020,FRG,NY,AEA,EN,Towers with Radar,0,17,41,0,58,0,0,34,0,34,0,17,75,0,92,84,0,84,176
09/30/2020,FRG,NY,AEA,EN,Towers with Radar,0,18,22,0,40,0,0,83,0,83,0,18,105,0,123,34,0,34,157
10/01/2020,FRG,NY,AEA,EN,Towers with Radar,0,21,36,0,57,0,40,343,0,383,0,61,379,0,440,366,0,366,806
10/02/2020,FRG,NY,AEA,EN,Towers with Radar,0,16,32,0,48,0,37,204,0,241,0,53,236,0,289,464,0,464,753
10/03/2020,FRG,NY,AEA,EN,Towers with Radar,0,7,37,0,44,0,50,394,0,444,0,57,431,0,488,342,0,342,830
10/04/2020,FRG,NY,AEA,EN,Towers with Radar,0,24,30,0,54,0,9,332,0,341,0,33,362,0,395,300,0,300,695
10/05/2020,FRG,NY,AEA,EN,Towers with Radar,0,19,34,0,53,0,18,158,0,176,0,37,192,0,229,484,0,484,713
10/06/2020,FRG,NY,AEA,EN,Towers with Radar,0,23,33,0,56,0,44,275,0,319,0,67,308,0,375,458,0,458,833
10/07/2020,FRG,NY,AEA,EN,Towers with Radar,0,29,22,2,53,0,9,99,1,109,0,38,121,3,162,266,0,266,428
10/08/2020,FRG,NY,AEA,EN,Towers with Radar,0,22,23,0,45,0,38,190,0,228,0,60,213,0,273,186,0,186,459
10/09/2020,FRG,NY,AEA,EN,Towers with Radar,0,35,40,0,75,0,64,366,0,430,0,99,406,0,505,342,0,342,847
10/10/2020,FRG,NY,AEA,EN,Towers with Radar,0,10,25,0,35,0,16,181,0,197,0,26,206,0,232,246,0,246,478
10/11/2020,FRG,NY,AEA,EN,Towers with Radar,0,26,35,0,61,0,7,266,0,273,0,33,301,0,334,318,0,318,652
10/12/2020,FRG,NY,AEA,EN,Towers with Radar,0,19,22,0,41,0,0,7,0,7,0,19,29,0,48,20,0,20,68
10/13/2020,FRG,NY,AEA,EN,Towers with Radar,0,23,53,0,76,0,0,0,0,0,0,23,53,0,76,0,0,0,76
10/14/2020,FRG,NY,AEA,EN,Towers with Radar,0,26,43,0,69,0,61,356,2,419,0,87,399,2,488,475,0,475,963
10/15/2020,FRG,NY,AEA,EN,Towers with Radar,0,31,40,0,71,0,35,273,1,309,0,66,313,1,380,238,0,238,618
10/16/2020,FRG,NY,AEA,EN,Towers with Radar,0,32,64,0,96,0,0,6,1,7,0,32,70,1,103,8,0,8,111
10/17/2020,FRG,NY,AEA,EN,Towers with Radar,0,24,34,0,58,0,39,364,0,403,0,63,398,0,461,268,0,268,729
10/18/2020,FRG,NY,AEA,EN,Towers with Radar,0,31,31,0,62,0,18,288,0,306,0,49,319,0,368,312,0,312,680
10/19/2020,FRG,NY,AEA,EN,Towers with Radar,2,25,26,0,53,0,30,261,0,291,2,55,287,0,344,368,0,368,712
10/20/2020,FRG,NY,AEA,EN,Towers with Radar,0,13,43,0,56,0,0,2,0,2,0,13,45,0,58,0,0,0,58
10/21/2020,FRG,NY,AEA,EN,Towers with Radar,0,28,50,0,78,0,0,0,0,0,0,28,50,0,78,0,0,0,78
10/22/2020,FRG,NY,AEA,EN,Towers with Radar,0,26,50,0,76,0,0,3,0,3,0,26,53,0,79,18,0,18,97
10/23/2020,FRG,NY,AEA,EN,Towers with Radar,0,37,69,0,106,0,2,22,0,24,0,39,91,0,130,20,0,20,150
10/24/2020,FRG,NY,AEA,EN,Towers with Radar,0,40,83,0,123,0,5,65,0,70,0,45,148,0,193,306,0,306,499
10/25/2020,FRG,NY,AEA,EN,Towers with Radar,0,38,53,3,94,0,28,349,3,380,0,66,402,6,474,324,0,324,798
10/26/2020,FRG,NY,AEA,EN,Towers with Radar,0,28,33,0,61,0,0,0,0,0,0,28,33,0,61,2,0,2,63
10/27/2020,FRG,NY,AEA,EN,Towers with Radar,0,32,36,0,68,0,46,254,0,300,0,78,290,0,368,412,0,412,780
10/28/2020,FRG,NY,AEA,EN,Towers with Radar,0,19,30,0,49,0,1,8,0,9,0,20,38,0,58,0,0,0,58
10/29/2020,FRG,NY,AEA,EN,Towers with Radar,0,21,30,0,51,0,0,1,0,1,0,21,31,0,52,4,0,4,56
10/30/2020,FRG,NY,AEA,EN,Towers with Radar,0,20,14,0,34,0,1,10,0,11,0,21,24,0,45,34,0,34,79
10/31/2020,FRG,NY,AEA,EN,Towers with Radar,2,20,25,0,47,0,30,456,1,487,2,50,481,1,534,306,0,306,840
11/01/2020,FRG,NY,AEA,EN,Towers with Radar,1,32,41,0,74,0,7,95,0,102,1,39,136,0,176,234,0,234,410
11/02/2020,FRG,NY,AEA,EN,Towers with Radar,1,17,13,0,31,0,0,20,0,20,1,17,33,0,51,16,0,16,67
11/03/2020,FRG,NY,AEA,EN,Towers with Radar,2,5,23,0,30,0,20,138,2,160,2,25,161,2,190,96,0,96,286
11/04/2020,FRG,NY,AEA,EN,Towers with Radar,0,28,32,0,60,0,72,291,0,363,0,100,323,0,423,390,0,390,813
11/05/2020,FRG,NY,AEA,EN,Towers with Radar,0,25,38,0,63,0,48,207,5,260,0,73,245,5,323,390,0,390,713
11/06/2020,FRG,NY,AEA,EN,Towers with Radar,0,13,32,0,45,0,66,322,1,389,0,79,354,1,434,406,0,406,840
11/07/2020,FRG,NY,AEA,EN,Towers with Radar,0,10,26,0,36,0,40,405,1,446,0,50,431,1,482,274,0,274,756
11/08/2020,FRG,NY,AEA,EN,Towers with Radar,2,21,39,0,62,0,3,424,0,427,2,24,463,0,489,325,0,325,814
11/09/2020,FRG,NY,AEA,EN,Towers with Radar,0,19,48,0,67,0,8,326,0,334,0,27,374,0,401,462,0,462,863
11/10/2020,FRG,NY,AEA,EN,Towers with Radar,0,21,36,0,57,0,14,286,0,300,0,35,322,0,357,438,0,438,795
11/11/2020,FRG,NY,AEA,EN,Towers with Radar,0,23,43,1,67,0,1,15,0,16,0,24,58,1,83,0,0,0,83
11/12/2020,FRG,NY,AEA,EN,Towers with Radar,0,28,33,0,61,0,6,29,0,35,0,34,62,0,96,78,0,78,174
11/13/2020,FRG,NY,AEA,EN,Towers with Radar,0,25,37,0,62,0,1,23,0,24,0,26,60,0,86,8,0,8,94
11/14/2020,FRG,NY,AEA,EN,Towers with Radar,0,18,29,0,47,0,19,419,0,438,0,37,448,0,485,392,0,392,877
11/15/2020,FRG,NY,AEA,EN,Towers with Radar,0,32,29,0,61,0,9,150,0,159,0,41,179,0,220,222,0,222,442
11/16/2020,FRG,NY,AEA,EN,Towers with Radar,0,22,23,0,45,0,29,158,0,187,0,51,181,0,232,282,0,282,514
11/17/2020,FRG,NY,AEA,EN,Towers with Radar,0,21,30,0,51,0,59,276,0,335,0,80,306,0,386,522,0,522,908
11/18/2020,FRG,NY,AEA,EN,Towers with Radar,0,25,34,0,59,0,47,277,0,324,0,72,311,0,383,270,14,284,667
11/19/2020,FRG,NY,AEA,EN,Towers with Radar,0,24,38,0,62,0,35,273,0,308,0,59,311,0,370,276,0,276,646
11/20/2020,FRG,NY,AEA,EN,Towers with Radar,0,36,33,0,69,0,18,266,2,286,0,54,299,2,355,166,0,166,521
11/21/2020,FRG,NY,AEA,EN,Towers with Radar,0,29,53,0,82,0,25,388,1,414,0,54,441,1,496,312,0,312,808
11/22/2020,FRG,NY,AEA,EN,Towers with Radar,1,26,62,0,89,0,10,112,0,122,1,36,174,0,211,346,0,346,557
11/23/2020,FRG,NY,AEA,EN,Towers with Radar,1,21,26,0,48,0,15,54,1,70,1,36,80,1,118,108,0,108,226
11/24/2020,FRG,NY,AEA,EN,Towers with Radar,0,24,35,0,59,0,53,296,8,357,0,77,331,8,416,370,0,370,786
11/25/2020,FRG,NY,AEA,EN,Towers with Radar,0,18,33,0,51,0,15,236,2,253,0,33,269,2,304,410,0,410,714
11/26/2020,FRG,NY,AEA,EN,Towers with Radar,0,20,22,0,42,0,1,11,0,12,0,21,33,0,54,12,0,12,66
11/27/2020,FRG,NY,AEA,EN,Towers with Radar,0,22,30,0,52,0,23,275,0,298,0,45,305,0,350,336,0,336,686
11/28/2020,FRG,NY,AEA,EN,Towers with Radar,0,18,36,0,54,0,15,346,0,361,0,33,382,0,415,216,0,216,631
11/29/2020,FRG,NY,AEA,EN,Towers with Radar,0,31,60,0,91,0,4,419,0,423,0,35,479,0,514,238,0,238,752
11/30/2020,FRG,NY,AEA,EN,Towers with Radar,0,26,19,0,45,0,10,3,0,13,0,36,22,0,58,20,0,20,78
12/01/2020,FRG,NY,AEA,EN,Towers with Radar,0,27,26,0,53,0,8,82,0,90,0,35,108,0,143,56,0,56,199
12/02/2020,FRG,NY,AEA,EN,Towers with Radar,1,28,28,0,57,0,19,156,0,175,1,47,184,0,232,84,0,84,316
12/03/2020,FRG,NY,AEA,EN,Towers with Radar,0,22,35,0,57,0,63,303,6,372,0,85,338,6,429,390,0,390,819
12/04/2020,FRG,NY,AEA,EN,Towers with Radar,0,24,29,0,53,0,59,171,2,232,0,83,200,2,285,314,0,314,599
12/05/2020,FRG,NY,AEA,EN,Towers with Radar,0,19,18,0,37,0,0,6,0,6,0,19,24,0,43,0,0,0,43
12/06/2020,FRG,NY,AEA,EN,Towers with Radar,0,28,35,0,63,0,3,242,0,245,0,31,277,0,308,231,0,231,539
12/07/2020,FRG,NY,AEA,EN,Towers with Radar,1,28,15,0,44,0,56,304,0,360,1,84,319,0,404,422,8,430,834
12/08/2020,FRG,NY,AEA,EN,Towers with Radar,0,15,26,0,41,0,42,195,0,237,0,57,221,0,278,412,0,412,690
12/09/2020,FRG,NY,AEA,EN,Towers with Radar,0,21,31,0,52,0,3,146,0,149,0,24,177,0,201,160,0,160,361
12/10/2020,FRG,NY,AEA,EN,Towers with Radar,0,37,27,0,64,0,7,342,0,349,0,44,369,0,413,296,0,296,709
12/11/2020,FRG,NY,AEA,EN,Towers with Radar,0,29,19,6,54,0,11,257,4,272,0,40,276,10,326,180,0,180,506
12/12/2020,FRG,NY,AEA,EN,Towers with Radar,0,10,19,0,29,0,0,0,0,0,0,10,19,0,29,0,0,0,29
12/13/2020,FRG,NY,AEA,EN,Towers with Radar,0,21,37,0,58,0,13,319,2,334,0,34,356,2,392,270,0,270,662
12/14/2020,FRG,NY,AEA,EN,Towers with Radar,0,20,19,0,39,0,2,21,0,23,0,22,40,0,62,118,0,118,180
12/15/2020,FRG,NY,AEA,EN,Towers with Radar,0,26,26,0,52,0,41,291,6,338,0,67,317,6,390,338,0,338,728
12/16/2020,FRG,NY,AEA,EN,Towers with Radar,0,30,17,0,47,0,6,137,0,143,0,36,154,0,190,152,0,152,342
12/17/2020,FRG,NY,AEA,EN,Towers with Radar,0,15,13,0,28,0,2,19,0,21,0,17,32,0,49,0,0,0,49
12/18/2020,FRG,NY,AEA,EN,Towers with Radar,0,30,49,0,79,0,6,100,1,107,0,36,149,1,186,70,0,70,256
12/19/2020,FRG,NY,AEA,EN,Towers with Radar,0,32,43,0,75,0,1,187,0,188,0,33,230,0,263,116,0,116,379
12/20/2020,FRG,NY,AEA,EN,Towers with Radar,0,30,37,0,67,0,3,23,0,26,0,33,60,0,93,70,0,70,163
12/21/2020,FRG,NY,AEA,EN,Towers with Radar,0,19,37,0,56,0,9,65,0,74,0,28,102,0,130,148,0,148,278
12/22/2020,FRG,NY,AEA,EN,Towers with Radar,0,31,35,0,66,0,11,191,2,204,0,42,226,2,270,272,0,272,542
12/23/2020,FRG,NY,AEA,EN,Towers with Radar,0,24,46,0,70,0,20,338,0,358,0,44,384,0,428,336,0,336,764
12/24/2020,FRG,NY,AEA,EN,Towers with Radar,0,30,26,0,56,0,5,42,1,48,0,35,68,1,104,32,0,32,136
12/25/2020,FRG,NY,AEA,EN,Towers with Radar,0,23,11,0,34,0,0,1,0,1,0,23,12,0,35,0,0,0,35
12/26/2020,FRG,NY,AEA,EN,Towers with Radar,0,37,42,0,79,0,5,153,0,158,0,42,195,0,237,150,0,150,387
12/27/2020,FRG,NY,AEA,EN,Towers with Radar,0,45,49,0,94,0,3,329,0,332,0,48,378,0,426,104,0,104,530
12/28/2020,FRG,NY,AEA,EN,Towers with Radar,0,32,38,0,70,0,8,187,0,195,0,40,225,0,265,318,0,318,583
12/29/2020,FRG,NY,AEA,EN,Towers with Radar,0,15,38,0,53,0,15,162,0,177,0,30,200,0,230,200,0,200,430
12/30/2020,FRG,NY,AEA,EN,Towers with Radar,1,20,44,0,65,0,19,226,1,246,1,39,270,1,311,318,0,318,629
12/31/2020,FRG,NY,AEA,EN,Towers with Radar,0,20,9,0,29,0,1,58,0,59,0,21,67,0,88,170,0,170,258
01/01/2021,FRG,NY,AEA,EN,Towers with Radar,1,25,23,0,49,0,2,63,1,66,1,27,86,1,115,118,0,118,233
01/02/2021,FRG,NY,AEA,EN,Towers with Radar,1,22,57,0,80,0,13,78,1,92,1,35,135,1,172,88,0,88,260
01/03/2021,FRG,NY,AEA,EN,Towers with Radar,0,39,43,0,82,0,2,28,0,30,0,41,71,0,112,84,0,84,196
01/04/2021,FRG,NY,AEA,EN,Towers with Radar,0,21,34,0,55,0,10,172,2,184,0,31,206,2,239,286,0,286,525
01/05/2021,FRG,NY,AEA,EN,Towers with Radar,0,20,26,0,46,0,11,239,0,250,0,31,265,0,296,388,0,388,684
01/06/2021,FRG,NY,AEA,EN,Towers with Radar,0,18,31,0,49,0,7,265,2,274,0,25,296,2,323,234,0,234,557
01/07/2021,FRG,NY,AEA,EN,Towers with Radar,0,35,16,0,51,0,12,277,3,292,0,47,293,3,343,136,0,136,479
01/08/2021,FRG,NY,AEA,EN,Towers with Radar,0,31,34,0,65,0,5,293,0,298,0,36,327,0,363,334,0,334,697
01/09/2021,FRG,NY,AEA,EN,Towers with Radar,0,33,28,0,61,0,5,299,0,304,0,38,327,0,365,204,0,204,569
01/10/2021,FRG,NY,AEA,EN,Towers with Radar,0,26,45,0,71,0,22,316,0,338,0,48,361,0,409,218,0,218,627
01/11/2021,FRG,NY,AEA,EN,Towers with Radar,0,25,23,0,48,0,38,203,9,250,0,63,226,9,298,370,0,370,668
01/12/2021,FRG,NY,AEA,EN,Towers with Radar,0,16,24,0,40,0,44,210,3,257,0,60,234,3,297,406,0,406,703
01/13/2021,FRG,NY,AEA,EN,Towers with Radar,0,19,28,0,47,0,58,250,0,308,0,77,278,0,355,502,0,502,857
01/14/2021,FRG,NY,AEA,EN,Towers with Radar,0,31,35,0,66,0,56,198,8,262,0,87,233,8,328,464,0,464,792
01/15/2021,FRG,NY,AEA,EN,Towers with Radar,0,31,34,0,65,0,1,28,0,29,0,32,62,0,94,124,0,124,218
01/16/2021,FRG,NY,AEA,EN,Towers with Radar,0,18,33,0,51,0,0,43,0,43,0,18,76,0,94,76,0,76,170
01/17/2021,FRG,NY,AEA,EN,Towers with Radar,2,19,29,0,50,0,1,101,0,102,2,20,130,0,152,114,0,114,266
01/18/2021,FRG,NY,AEA,EN,Towers with Radar,1,27,30,0,58,0,12,268,0,280,1,39,298,0,338,290,0,290,628
01/19/2021,FRG,NY,AEA,EN,Towers with Radar,0,22,25,0,47,0,17,225,0,242,0,39,250,0,289,352,0,352,641
01/20/2021,FRG,NY,AEA,EN,Towers with Radar,0,18,31,0,49,0,31,88,0,119,0,49,119,0,168,114,0,114,282
01/21/2021,FRG,NY,AEA,EN,Towers with Radar,0,31,56,0,87,0,46,195,0,241,0,77,251,0,328,250,0,250,578
01/22/2021,FRG,NY,AEA,EN,Towers with Radar,0,20,32,0,52,0,35,221,1,257,0,55,253,1,309,276,0,276,585
01/23/2021,FRG,NY,AEA,EN,Towers with Radar,0,14,19,0,33,0,14,83,1,98,0,28,102,1,131,40,0,40,171
01/24/2021,FRG,NY,AEA,EN,Towers with Radar,1,15,44,0,60,0,11,202,0,213,1,26,246,0,273,368,0,368,641
01/25/2021,FRG,NY,AEA,EN,Towers with Radar,0,22,28,0,50,0,21,326,0,347,0,43,354,0,397,362,0,362,759
01/26/2021,FRG,NY,AEA,EN,Towers with Radar,1,18,14,0,33,0,0,33,0,33,1,18,47,0,66,66,0,66,132
01/27/2021,FRG,NY,AEA,EN,Towers with Radar,0,28,35,0,63,0,27,118,0,145,0,55,153,0,208,368,0,368,576
01/28/2021,FRG,NY,AEA,EN,Towers with Radar,0,19,29,0,48,0,15,137,3,155,0,34,166,3,203,218,0,218,421
01/29/2021,FRG,NY,AEA,EN,Towers with Radar,0,29,21,0,50,0,1,15,4,20,0,30,36,4,70,0,0,0,70
01/30/2021,FRG,NY,AEA,EN,Towers with Radar,2,25,35,0,62,0,34,261,0,295,2,59,296,0,357,358,0,358,715
01/31/2021,FRG,NY,AEA,EN,Towers with Radar,0,40,43,0,83,0,10,196,2,208,0,50,239,2,291,362,0,362,653
02/01/2021,FRG,NY,AEA,EN,Towers with Radar,0,0,0,0,0,0,0,0,0,0,0,0,0,0,0,0,0,0,0
02/02/2021,FRG,NY,AEA,EN,Towers with Radar,0,9,13,0,22,0,0,1,0,1,0,9,14,0,23,0,0,0,23
02/03/2021,FRG,NY,AEA,EN,Towers with Radar,0,33,25,0,58,0,10,34,0,44,0,43,59,0,102,34,0,34,136
02/04/2021,FRG,NY,AEA,EN,Towers with Radar,0,22,28,0,50,0,12,246,4,262,0,34,274,4,312,316,0,316,628
02/05/2021,FRG,NY,AEA,EN,Towers with Radar,2,22,24,0,48,0,2,62,0,64,2,24,86,0,112,192,0,192,304
02/06/2021,FRG,NY,AEA,EN,Towers with Radar,1,41,29,0,71,0,26,217,0,243,1,67,246,0,314,168,0,168,482
02/07/2021,FRG,NY,AEA,EN,Towers with Radar,1,12,6,0,19,0,2,0,0,2,1,14,6,0,21,0,0,0,21
02/08/2021,FRG,NY,AEA,EN,Towers with Radar,2,34,34,0,70,0,3,140,2,145,2,37,174,2,215,198,0,198,413
02/09/2021,FRG,NY,AEA,EN,Towers with Radar,0,15,15,0,30,0,0,15,0,15,0,15,30,0,45,64,0,64,109
02/10/2021,FRG,NY,AEA,EN,Towers with Radar,1,42,60,0,103,0,62,246,1,309,1,104,306,1,412,464,0,464,876
02/11/2021,FRG,NY,AEA,EN,Towers with Radar,0,39,43,0,82,0,23,77,0,100,0,62,120,0,182,158,0,158,340
02/12/2021,FRG,NY,AEA,EN,Towers with Radar,1,42,47,1,91,0,53,196,2,251,1,95,243,3,342,210,0,210,552
02/13/2021,FRG,NY,AEA,EN,Towers with Radar,1,57,38,0,96,0,20,129,0,149,1,77,167,0,245,256,0,256,501
02/14/2021,FRG,NY,AEA,EN,Towers with Radar,1,23,20,0,44,0,0,33,0,33,1,23,53,0,77,70,0,70,147
02/15/2021,FRG,NY,AEA,EN,Towers with Radar,0,26,30,0,56,0,1,20,0,21,0,27,50,0,77,34,0,34,111
02/16/2021,FRG,NY,AEA,EN,Towers with Radar,0,25,19,0,44,0,7,65,2,74,0,32,84,2,118,44,0,44,162
02/17/2021,FRG,NY,AEA,EN,Towers with Radar,1,35,47,2,85,0,56,360,0,416,1,91,407,2,501,386,0,386,887
02/18/2021,FRG,NY,AEA,EN,Towers with Radar,0,10,7,0,17,0,1,0,0,1,0,11,7,0,18,0,0,0,18
02/19/2021,FRG,NY,AEA,EN,Towers with Radar,0,11,19,0,30,0,0,0,0,0,0,11,19,0,30,0,0,0,30
02/20/2021,FRG,NY,AEA,EN,Towers with Radar,1,26,45,0,72,0,24,164,4,192,1,50,209,4,264,244,0,244,508
02/21/2021,FRG,NY,AEA,EN,Towers with Radar,0,27,58,0,85,0,13,362,1,376,0,40,420,1,461,260,0,260,721
02/22/2021,FRG,NY,AEA,EN,Towers with Radar,0,27,24,0,51,0,12,49,0,61,0,39,73,0,112,72,0,72,184
02/23/2021,FRG,NY,AEA,EN,Towers with Radar,0,16,20,0,36,0,29,125,2,156,0,45,145,2,192,206,0,206,398
02/24/2021,FRG,NY,AEA,EN,Towers with Radar,2,17,31,0,50,0,44,330,6,380,2,61,361,6,430,252,0,252,682
02/25/2021,FRG,NY,AEA,EN,Towers with Radar,0,23,51,0,74,0,37,235,0,272,0,60,286,0,346,404,0,404,750
02/26/2021,FRG,NY,AEA,EN,Towers with Radar,1,26,37,0,64,0,60,456,3,519,1,86,493,3,583,246,0,246,829
02/27/2021,FRG,NY,AEA,EN,Towers with Radar,1,35,11,0,47,0,0,6,0,6,1,35,17,0,53,0,0,0,53
02/28/2021,FRG,NY,AEA,EN,Towers with Radar,2,38,45,0,85,0,3,102,0,105,2,41,147,0,190,332,0,332,522
03/01/2021,FRG,NY,AEA,EN,Towers with Radar,0,21,17,0,38,0,3,20,2,25,0,24,37,2,63,92,0,92,155
03/02/2021,FRG,NY,AEA,EN,Towers with Radar,0,15,15,0,30,0,2,30,2,34,0,17,45,2,64,6,0,6,70
03/03/2021,FRG,NY,AEA,EN,Towers with Radar,2,28,41,0,71,0,73,330,2,405,2,101,371,2,476,440,0,440,916
03/04/2021,FRG,NY,AEA,EN,Towers with Radar,0,31,35,0,66,0,51,188,4,243,0,82,223,4,309,242,0,242,551
03/05/2021,FRG,NY,AEA,EN,Towers with Radar,0,20,26,0,46,0,36,109,0,145,0,56,135,0,191,142,0,142,333
03/06/2021,FRG,NY,AEA,EN,Towers with Radar,0,24,27,2,53,0,49,277,0,326,0,73,304,2,379,446,0,446,825
03/07/2021,FRG,NY,AEA,EN,Towers with Radar,0,40,55,0,95,0,39,406,0,445,0,79,461,0,540,429,0,429,969
03/08/2021,FRG,NY,AEA,EN,Towers with Radar,1,36,26,0,63,0,68,322,1,391,1,104,348,1,454,454,0,454,908
03/09/2021,FRG,NY,AEA,EN,Towers with Radar,0,13,12,0,25,0,63,309,2,374,0,76,321,2,399,314,0,314,713
03/10/2021,FRG,NY,AEA,EN,Towers with Radar,0,25,32,0,57,0,83,369,1,453,0,108,401,1,510,388,0,388,898
03/11/2021,FRG,NY,AEA,EN,Towers with Radar,0,21,36,0,57,0,61,233,3,297,0,82,269,3,354,452,0,452,806
03/12/2021,FRG,NY,AEA,EN,Towers with Radar,0,27,21,0,48,0,60,255,2,317,0,87,276,2,365,338,0,338,703
03/13/2021,FRG,NY,AEA,EN,Towers with Radar,0,25,33,0,58,0,25,280,0,305,0,50,313,0,363,406,0,406,769
03/14/2021,FRG,NY,AEA,EN,Towers with Radar,0,46,42,0,88,0,10,143,0,153,0,56,185,0,241,178,0,178,419
03/15/2021,FRG,NY,AEA,EN,Towers with Radar,0,20,37,0,57,0,24,131,2,157,0,44,168,2,214,278,0,278,492
03/16/2021,FRG,NY,AEA,EN,Towers with Radar,0,19,22,0,41,0,45,250,2,297,0,64,272,2,338,456,0,456,794
03/17/2021,FRG,NY,AEA,EN,Towers with Radar,0,36,39,0,75,0,2,101,0,103,0,38,140,0,178,322,0,322,500
03/18/2021,FRG,NY,AEA,EN,Towers with Radar,0,20,22,0,42,0,0,0,0,0,0,20,22,0,42,0,0,0,42
03/19/2021,FRG,NY,AEA,EN,Towers with Radar,0,36,32,0,68,0,13,95,5,113,0,49,127,5,181,14,0,14,195
03/20/2021,FRG,NY,AEA,EN,Towers with Radar,0,23,35,0,58,0,45,546,2,593,0,68,581,2,651,130,0,130,781
03/21/2021,FRG,NY,AEA,EN,Towers with Radar,1,35,49,0,85,0,23,461,0,484,1,58,510,0,569,360,0,360,929
03/22/2021,FRG,NY,AEA,EN,Towers with Radar,0,26,27,0,53,0,77,290,3,370,0,103,317,3,423,534,0,534,957
03/23/2021,FRG,NY,AEA,EN,Towers with Radar,0,27,41,0,68,0,52,198,5,255,0,79,239,5,323,466,0,466,789
03/24/2021,FRG,NY,AEA,EN,Towers with Radar,2,42,43,0,87,0,7,67,0,74,2,49,110,0,161,244,0,244,405
03/25/2021,FRG,NY,AEA,EN,Towers with Radar,0,51,46,1,98,0,6,126,3,135,0,57,172,4,233,246,0,246,479
03/26/2021,FRG,NY,AEA,EN,Towers with Radar,0,33,42,0,75,0,0,18,0,18,0,33,60,0,93,24,0,24,117
03/27/2021,FRG,NY,AEA,EN,Towers with Radar,0,38,51,0,89,0,57,459,0,516,0,95,510,0,605,218,0,218,823
03/28/2021,FRG,NY,AEA,EN,Towers with Radar,0,53,30,0,83,0,0,37,0,37,0,53,67,0,120,58,0,58,178
03/29/2021,FRG,NY,AEA,EN,Towers with Radar,0,31,33,0,64,0,0,11,2,13,0,31,44,2,77,0,0,0,77
03/30/2021,FRG,NY,AEA,EN,Towers with Radar,1,28,44,0,73,0,62,455,5,522,1,90,499,5,595,478,0,478,1073
03/31/2021,FRG,NY,AEA,EN,Towers with Radar,0,33,27,0,60,0,7,88,0,95,0,40,115,0,155,182,0,182,337
04/01/2021,FRG,NY,AEA,EN,Towers with Radar,0,38,33,1,72,0,14,55,2,71,0,52,88,3,143,210,0,210,353
04/02/2021,FRG,NY,AEA,EN,Towers with Radar,2,34,50,0,86,0,78,317,0,395,2,112,367,0,481,458,0,458,939
04/03/2021,FRG,NY,AEA,EN,Towers with Radar,1,45,34,0,80,0,64,391,0,455,1,109,425,0,535,362,0,362,897
04/04/2021,FRG,NY,AEA,EN,Towers with Radar,0,35,40,0,75,0,32,271,0,303,0,67,311,0,378,308,0,308,686
04/05/2021,FRG,NY,AEA,EN,Towers with Radar,0,47,67,0,114,0,50,304,3,357,0,97,371,3,471,278,0,278,749
04/06/2021,FRG,NY,AEA,EN,Towers with Radar,0,38,37,0,75,0,76,442,2,520,0,114,479,2,595,360,0,360,955
04/07/2021,FRG,NY,AEA,EN,Towers with Radar,1,30,42,0,73,0,68,400,0,468,1,98,442,0,541,368,0,368,909
04/08/2021,FRG,NY,AEA,EN,Towers with Radar,1,29,47,0,77,0,90,437,3,530,1,119,484,3,607,390,0,390,997
04/09/2021,FRG,NY,AEA,EN,Towers with Radar,0,22,46,0,68,0,3,72,0,75,0,25,118,0,143,104,0,104,247
04/10/2021,FRG,NY,AEA,EN,Towers with Radar,0,35,52,0,87,0,17,93,0,110,0,52,145,0,197,450,0,450,647
04/11/2021,FRG,NY,AEA,EN,Towers with Radar,0,33,26,0,59,0,0,0,0,0,0,33,26,0,59,0,0,0,59
04/12/2021,FRG,NY,AEA,EN,Towers with Radar,0,26,58,0,84,0,7,57,3,67,0,33,115,3,151,228,0,228,379
04/13/2021,FRG,NY,AEA,EN,Towers with Radar,0,33,44,0,77,0,80,324,3,407,0,113,368,3,484,662,0,662,1146
04/14/2021,FRG,NY,AEA,EN,Towers with Radar,1,20,48,0,69,0,72,363,2,437,1,92,411,2,506,568,0,568,1074
04/15/2021,FRG,NY,AEA,EN,Towers with Radar,0,28,40,0,68,0,0,0,0,0,0,28,40,0,68,0,0,0,68
04/16/2021,FRG,NY,AEA,EN,Towers with Radar,0,32,31,0,63,0,17,116,3,136,0,49,147,3,199,296,0,296,495
04/17/2021,FRG,NY,AEA,EN,Towers with Radar,0,21,23,0,44,0,89,370,2,461,0,110,393,2,505,500,0,500,1005
04/18/2021,FRG,NY,AEA,EN,Towers with Radar,0,35,47,0,82,0,36,360,0,396,0,71,407,0,478,370,0,370,848
04/19/2021,FRG,NY,AEA,EN,Towers with Radar,0,21,32,0,53,0,70,283,4,357,0,91,315,4,410,456,0,456,866
04/20/2021,FRG,NY,AEA,EN,Towers with Radar,0,23,24,0,47,0,61,317,2,380,0,84,341,2,427,320,0,320,747
04/21/2021,FRG,NY,AEA,EN,Towers with Radar,0,22,32,0,54,0,13,110,3,126,0,35,142,3,180,126,0,126,306
04/22/2021,FRG,NY,AEA,EN,Towers with Radar,0,25,29,0,54,0,1,57,1,59,0,26,86,1,113,68,0,68,181
04/23/2021,FRG,NY,AEA,EN,Towers with Radar,0,29,37,0,66,0,15,196,2,213,0,44,233,2,279,340,0,340,619
04/24/2021,FRG,NY,AEA,EN,Towers with Radar,0,22,41,0,63,0,47,342,0,389,0,69,383,0,452,303,0,303,755
04/25/2021,FRG,NY,AEA,EN,Towers with Radar,1,19,62,0,82,0,3,55,0,58,1,22,117,0,140,70,0,70,210
04/26/2021,FRG,NY,AEA,EN,Towers with Radar,1,33,31,0,65,0,38,202,2,242,1,71,233,2,307,306,0,306,613
04/27/2021,FRG,NY,AEA,EN,Towers with Radar,0,22,41,0,63,0,62,410,1,473,0,84,451,1,536,536,0,536,1072
04/28/2021,FRG,NY,AEA,EN,Towers with Radar,0,41,40,0,81,0,60,365,1,426,0,101,405,1,507,441,0,441,948
04/29/2021,FRG,NY,AEA,EN,Towers with Radar,0,21,41,0,62,0,15,158,0,173,0,36,199,0,235,474,0,474,709
04/30/2021,FRG,NY,AEA,EN,Towers with Radar,0,34,29,0,63,0,7,39,0,46,0,41,68,0,109,40,0,40,149
05/01/2021,FRG,NY,AEA,EN,Towers with Radar,0,30,45,0,75,0,62,238,4,304,0,92,283,4,379,320,0,320,699
05/02/2021,FRG,NY,AEA,EN,Towers with Radar,2,48,42,0,92,0,27,322,1,350,2,75,364,1,442,186,0,186,628
05/03/2021,FRG,NY,AEA,EN,Towers with Radar,0,20,56,0,76,0,52,223,4,279,0,72,279,4,355,488,0,488,843
05/04/2021,FRG,NY,AEA,EN,Towers with Radar,0,47,63,0,110,0,21,100,2,123,0,68,163,2,233,280,0,280,513
05/05/2021,FRG,NY,AEA,EN,Towers with Radar,0,29,35,0,64,0,0,2,0,2,0,29,37,0,66,0,0,0,66
05/06/2021,FRG,NY,AEA,EN,Towers with Radar,0,33,46,0,79,0,60,483,4,547,0,93,529,4,626,552,0,552,1178
05/07/2021,FRG,NY,AEA,EN,Towers with Radar,0,46,46,0,92,0,71,345,2,418,0,117,391,2,510,556,0,556,1066
05/08/2021,FRG,NY,AEA,EN,Towers with Radar,1,39,29,0,69,0,55,191,0,246,1,94,220,0,315,568,0,568,883
05/09/2021,FRG,NY,AEA,EN,Towers with Radar,1,32,39,0,72,0,19,235,0,254,1,51,274,0,326,238,0,238,564
05/10/2021,FRG,NY,AEA,EN,Towers with Radar,0,36,34,0,70,0,23,131,6,160,0,59,165,6,230,296,0,296,526
05/11/2021,FRG,NY,AEA,EN,Towers with Radar,0,21,37,0,58,0,30,360,6,396,0,51,397,6,454,305,0,305,759
05/12/2021,FRG,NY,AEA,EN,Towers with Radar,0,19,58,0,77,0,27,355,5,387,0,46,413,5,464,454,0,454,918
05/13/2021,FRG,NY,AEA,EN,Towers with Radar,0,40,51,0,91,0,47,401,4,452,0,87,452,4,543,496,0,496,1039
05/14/2021,FRG,NY,AEA,EN,Towers with Radar,1,31,39,0,71,0,63,366,1,430,1,94,405,1,501,490,0,490,991
05/15/2021,FRG,NY,AEA,EN,Towers with Radar,1,24,32,0,57,0,23,456,0,479,1,47,488,0,536,482,0,482,1018
05/16/2021,FRG,NY,AEA,EN,Towers with Radar,0,26,48,0,74,0,25,313,0,338,0,51,361,0,412,400,0,400,812
05/17/2021,FRG,NY,AEA,EN,Towers with Radar,0,14,30,0,44,0,55,263,1,319,0,69,293,1,363,330,0,330,693
05/18/2021,FRG,NY,AEA,EN,Towers with Radar,0,22,46,0,68,0,47,334,3,384,0,69,380,3,452,294,0,294,746
05/19/2021,FRG,NY,AEA,EN,Towers with Radar,2,30,42,0,74,0,40,420,7,467,2,70,462,7,541,572,0,572,1113
05/20/2021,FRG,NY,AEA,EN,Towers with Radar,2,36,55,0,93,0,56,362,5,423,2,92,417,5,516,618,0,618,1134
05/21/2021,FRG,NY,AEA,EN,Towers with Radar,0,30,54,2,86,0,36,315,0,351,0,66,369,2,437,494,0,494,931
05/22/2021,FRG,NY,AEA,EN,Towers with Radar,4,22,30,2,58,0,50,321,0,371,4,72,351,2,429,384,0,384,813
05/23/2021,FRG,NY,AEA,EN,Towers with Radar,1,28,53,0,82,0,21,330,1,352,1,49,383,1,434,208,0,208,642
05/24/2021,FRG,NY,AEA,EN,Towers with Radar,0,26,32,0,58,0,59,276,4,339,0,85,308,4,397,426,0,426,823
05/25/2021,FRG,NY,AEA,EN,Towers with Radar,1,22,40,0,63,0,44,305,5,354,1,66,345,5,417,266,0,266,683
05/26/2021,FRG,NY,AEA,EN,Towers with Radar,1,32,53,3,89,0,4,62,1,67,1,36,115,4,156,160,0,160,316
05/27/2021,FRG,NY,AEA,EN,Towers with Radar,1,36,74,2,113,0,78,474,4,556,1,114,548,6,669,452,0,452,1121
05/28/2021,FRG,NY,AEA,EN,Towers with Radar,1,21,54,0,76,0,30,237,7,274,1,51,291,7,350,168,0,168,518
05/29/2021,FRG,NY,AEA,EN,Towers with Radar,0,16,27,0,43,0,0,5,0,5,0,16,32,0,48,0,0,0,48
05/30/2021,FRG,NY,AEA,EN,Towers with Radar,0,29,21,0,50,0,0,0,0,0,0,29,21,0,50,0,0,0,50
05/31/2021,FRG,NY,AEA,EN,Towers with Radar,0,31,75,1,107,0,25,190,0,215,0,56,265,1,322,178,0,178,500
06/01/2021,FRG,NY,AEA,EN,Towers with Radar,0,29,37,2,68,0,40,308,5,353,0,69,345,7,421,516,0,516,937
06/02/2021,FRG,NY,AEA,EN,Towers with Radar,2,26,40,0,68,0,53,342,2,397,2,79,382,2,465,608,0,608,1073
06/03/2021,FRG,NY,AEA,EN,Towers with Radar,0,18,38,0,56,0,0,1,0,1,0,18,39,0,57,36,0,36,93
06/04/2021,FRG,NY,AEA,EN,Towers with Radar,1,49,40,0,90,0,1,24,1,26,1,50,64,1,116,68,0,68,184
06/05/2021,FRG,NY,AEA,EN,Towers with Radar,0,29,39,0,68,0,34,454,0,488,0,63,493,0,556,414,0,414,970
06/06/2021,FRG,NY,AEA,EN,Towers with Radar,1,29,45,0,75,0,31,398,0,429,1,60,443,0,504,328,0,328,832
06/07/2021,FRG,NY,AEA,EN,Towers with Radar,0,28,28,0,56,0,45,310,4,359,0,73,338,4,415,586,0,586,1001
06/08/2021,FRG,NY,AEA,EN,Towers with Radar,1,21,44,0,66,0,40,214,3,257,1,61,258,3,323,508,0,508,831
06/09/2021,FRG,NY,AEA,EN,Towers with Radar,0,17,44,0,61,0,32,238,8,278,0,49,282,8,339,472,0,472,811
06/10/2021,FRG,NY,AEA,EN,Towers with Radar,0,26,54,0,80,0,66,374,1,441,0,92,428,1,521,490,0,490,1011
06/11/2021,FRG,NY,AEA,EN,Towers with Radar,0,22,28,0,50,0,38,304,2,344,0,60,332,2,394,642,0,642,1036
06/12/2021,FRG,NY,AEA,EN,Towers with Radar,1,20,55,0,76,0,13,278,0,291,1,33,333,0,367,476,0,476,843
06/13/2021,FRG,NY,AEA,EN,Towers with Radar,0,29,41,0,70,0,29,330,0,359,0,58,371,0,429,356,0,356,785
06/14/2021,FRG,NY,AEA,EN,Towers with Radar,0,28,40,0,68,0,17,90,4,111,0,45,130,4,179,136,0,136,315
06/15/2021,FRG,NY,AEA,EN,Towers with Radar,0,13,40,1,54,0,40,238,4,282,0,53,278,5,336,434,0,434,770
06/16/2021,FRG,NY,AEA,EN,Towers with Radar,4,24,28,0,56,0,73,391,3,467,4,97,419,3,523,558,0,558,1081
06/17/2021,FRG,NY,AEA,EN,Towers with Radar,1,42,28,0,71,0,75,446,1,522,1,117,474,1,593,332,0,332,925
06/18/2021,FRG,NY,AEA,EN,Towers with Radar,0,25,42,0,67,0,40,462,2,504,0,65,504,2,571,454,0,454,1025
06/19/2021,FRG,NY,AEA,EN,Towers with Radar,0,32,24,1,57,0,13,321,0,334,0,45,345,1,391,352,0,352,743
06/20/2021,FRG,NY,AEA,EN,Towers with Radar,1,32,29,0,62,0,30,349,0,379,1,62,378,0,441,328,0,328,769
06/21/2021,FRG,NY,AEA,EN,Towers with Radar,0,30,41,0,71,0,5,36,0,41,0,35,77,0,112,34,0,34,146
06/22/2021,FRG,NY,AEA,EN,Towers with Radar,1,18,38,0,57,0,6,143,0,149,1,24,181,0,206,196,0,196,402
06/23/2021,FRG,NY,AEA,EN,Towers with Radar,0,32,40,0,72,0,63,492,7,562,0,95,532,7,634,558,0,558,1192
06/24/2021,FRG,NY,AEA,EN,Towers with Radar,1,25,54,0,80,0,53,486,5,544,1,78,540,5,624,382,0,382,1006
06/25/2021,FRG,NY,AEA,EN,Towers with Radar,0,49,57,0,106,0,12,186,1,199,0,61,243,1,305,352,0,352,657
06/26/2021,FRG,NY,AEA,EN,Towers with Radar,2,40,40,0,82,0,2,23,0,25,2,42,63,0,107,1,0,1,108
06/27/2021,FRG,NY,AEA,EN,Towers with Radar,0,31,60,0,91,0,10,199,0,209,0,41,259,0,300,184,0,184,484
06/28/2021,FRG,NY,AEA,EN,Towers with Radar,0,17,43,0,60,0,52,392,4,448,0,69,435,4,508,404,0,404,912
06/29/2021,FRG,NY,AEA,EN,Towers with Radar,0,19,31,0,50,0,52,406,5,463,0,71,437,5,513,672,0,672,1185
06/30/2021,FRG,NY,AEA,EN,Towers with Radar,0,24,31,0,55,0,57,385,2,444,0,81,416,2,499,488,0,488,987
07/01/2021,FRG,NY,AEA,EN,Towers with Radar,0,28,45,0,73,0,32,227,2,261,0,60,272,2,334,382,0,382,716
07/02/2021,FRG,NY,AEA,EN,Towers with Radar,0,23,41,0,64,0,12,60,0,72,0,35,101,0,136,278,0,278,414
07/03/2021,FRG,NY,AEA,EN,Towers with Radar,1,21,35,0,57,0,0,5,0,5,1,21,40,0,62,0,0,0,62
07/04/2021,FRG,NY,AEA,EN,Towers with Radar,0,10,31,0,41,0,22,217,0,239,0,32,248,0,280,472,0,472,752
07/05/2021,FRG,NY,AEA,EN,Towers with Radar,0,19,85,0,104,0,24,237,0,261,0,43,322,0,365,304,0,304,669
07/06/2021,FRG,NY,AEA,EN,Towers with Radar,0,20,31,0,51,0,42,275,2,319,0,62,306,2,370,342,0,342,712
07/07/2021,FRG,NY,AEA,EN,Towers with Radar,0,19,49,0,68,0,69,340,6,415,0,88,389,6,483,498,0,498,981
07/08/2021,FRG,NY,AEA,EN,Towers with Radar,0,32,59,0,91,0,5,65,2,72,0,37,124,2,163,294,0,294,457
07/09/2021,FRG,NY,AEA,EN,Towers with Radar,0,19,47,0,66,0,8,83,0,91,0,27,130,0,157,140,0,140,297
07/10/2021,FRG,NY,AEA,EN,Towers with Radar,0,29,75,0,104,0,11,206,0,217,0,40,281,0,321,520,0,520,841
07/11/2021,FRG,NY,AEA,EN,Towers with Radar,0,33,93,0,126,0,9,96,0,105,0,42,189,0,231,362,0,362,593
07/12/2021,FRG,NY,AEA,EN,Towers with Radar,0,30,31,0,61,0,1,6,0,7,0,31,37,0,68,12,0,12,80
07/13/2021,FRG,NY,AEA,EN,Towers with Radar,0,39,54,0,93,0,4,6,1,11,0,43,60,1,104,4,0,4,108
07/14/2021,FRG,NY,AEA,EN,Towers with Radar,0,39,47,0,86,0,8,129,0,137,0,47,176,0,223,366,0,366,589
07/15/2021,FRG,NY,AEA,EN,Towers with Radar,0,33,45,0,78,0,68,546,1,615,0,101,591,1,693,446,0,446,1139
07/16/2021,FRG,NY,AEA,EN,Towers with Radar,0,29,38,0,67,0,59,419,3,481,0,88,457,3,548,442,0,442,990
07/17/2021,FRG,NY,AEA,EN,Towers with Radar,0,29,27,0,56,0,17,263,0,280,0,46,290,0,336,462,0,462,798
07/18/2021,FRG,NY,AEA,EN,Towers with Radar,0,33,44,2,79,0,14,175,3,192,0,47,219,5,271,144,0,144,415
07/19/2021,FRG,NY,AEA,EN,Towers with Radar,0,34,65,0,99,0,40,253,3,296,0,74,318,3,395,510,0,510,905
07/20/2021,FRG,NY,AEA,EN,Towers with Radar,0,30,45,0,75,0,50,242,4,296,0,80,287,4,371,662,0,662,1033
07/21/2021,FRG,NY,AEA,EN,Towers with Radar,0,28,38,0,66,0,5,156,1,162,0,33,194,1,228,292,0,292,520
07/22/2021,FRG,NY,AEA,EN,Towers with Radar,0,36,42,0,78,0,64,476,6,546,0,100,518,6,624,534,0,534,1158
07/23/2021,FRG,NY,AEA,EN,Towers with Radar,0,22,42,0,64,0,54,422,1,477,0,76,464,1,541,534,0,534,1075
07/24/2021,FRG,NY,AEA,EN,Towers with Radar,0,24,38,0,62,0,38,394,0,432,0,62,432,0,494,434,0,434,928
07/25/2021,FRG,NY,AEA,EN,Towers with Radar,0,36,57,0,93,0,9,137,0,146,0,45,194,0,239,114,0,114,353
07/26/2021,FRG,NY,AEA,EN,Towers with Radar,0,21,47,0,68,0,49,278,1,328,0,70,325,1,396,398,0,398,794
07/27/2021,FRG,NY,AEA,EN,Towers with Radar,0,20,53,2,75,0,47,317,3,367,0,67,370,5,442,392,0,392,834
07/28/2021,FRG,NY,AEA,EN,Towers with Radar,0,17,39,0,56,0,55,353,2,410,0,72,392,2,466,684,0,684,1150
07/29/2021,FRG,NY,AEA,EN,Towers with Radar,0,26,53,0,79,0,18,101,2,121,0,44,154,2,200,170,0,170,370
07/30/2021,FRG,NY,AEA,EN,Towers with Radar,0,26,45,1,72,0,43,358,2,403,0,69,403,3,475,304,0,304,779
07/31/2021,FRG,NY,AEA,EN,Towers with Radar,0,26,52,0,78,0,21,453,1,475,0,47,505,1,553,421,0,421,974
08/01/2021,FRG,NY,AEA,EN,Towers with Radar,0,27,62,0,89,0,19,208,0,227,0,46,270,0,316,168,0,168,484
08/02/2021,FRG,NY,AEA,EN,Towers with Radar,0,28,32,0,60,0,75,284,2,361,0,103,316,2,421,528,0,528,949
08/03/2021,FRG,NY,AEA,EN,Towers with Radar,0,23,28,0,51,0,40,319,2,361,0,63,347,2,412,590,0,590,1002
08/04/2021,FRG,NY,AEA,EN,Towers with Radar,0,26,42,0,68,0,30,266,0,296,0,56,308,0,364,546,0,546,910
08/05/2021,FRG,NY,AEA,EN,Towers with Radar,0,35,57,0,92,0,17,107,1,125,0,52,164,1,217,366,0,366,583
08/06/2021,FRG,NY,AEA,EN,Towers with Radar,0,34,64,0,98,0,60,361,5,426,0,94,425,5,524,420,0,420,944
08/07/2021,FRG,NY,AEA,EN,Towers with Radar,0,21,36,0,57,0,30,421,2,453,0,51,457,2,510,412,0,412,922
08/08/2021,FRG,NY,AEA,EN,Towers with Radar,0,40,71,1,112,0,7,44,0,51,0,47,115,1,163,56,0,56,219
08/09/2021,FRG,NY,AEA,EN,Towers with Radar,0,29,76,0,105,0,1,53,0,54,0,30,129,0,159,102,0,102,261
08/10/2021,FRG,NY,AEA,EN,Towers with Radar,0,31,58,0,89,0,9,110,2,121,0,40,168,2,210,146,0,146,356
08/11/2021,FRG,NY,AEA,EN,Towers with Radar,0,24,56,0,80,0,30,332,1,363,0,54,388,1,443,510,0,510,953
08/12/2021,FRG,NY,AEA,EN,Towers with Radar,0,41,41,0,82,0,66,344,0,410,0,107,385,0,492,458,0,458,950
08/13/2021,FRG,NY,AEA,EN,Towers with Radar,0,23,31,0,54,0,64,391,2,457,0,87,422,2,511,428,0,428,939
08/14/2021,FRG,NY,AEA,EN,Towers with Radar,0,26,29,0,55,0,17,290,0,307,0,43,319,0,362,376,0,376,738
08/15/2021,FRG,NY,AEA,EN,Towers with Radar,0,31,61,0,92,0,35,495,0,530,0,66,556,0,622,231,0,231,853
08/16/2021,FRG,NY,AEA,EN,Towers with Radar,0,30,35,3,68,0,78,304,5,387,0,108,339,8,455,482,0,482,937
08/17/2021,FRG,NY,AEA,EN,Towers with Radar,0,33,33,0,66,0,41,320,2,363,0,74,353,2,429,466,0,466,895
08/18/2021,FRG,NY,AEA,EN,Towers with Radar,0,29,57,0,86,0,25,174,2,201,0,54,231,2,287,352,0,352,639
08/19/2021,FRG,NY,AEA,EN,Towers with Radar,0,23,38,0,61,0,20,134,3,157,0,43,172,3,218,152,0,152,370
08/20/2021,FRG,NY,AEA,EN,Towers with Radar,0,30,44,0,74,0,29,327,3,359,0,59,371,3,433,438,0,438,871
08/21/2021,FRG,NY,AEA,EN,Towers with Radar,0,46,64,0,110,0,28,177,0,205,0,74,241,0,315,228,0,228,543
08/22/2021,FRG,NY,AEA,EN,Towers with Radar,0,7,2,0,9,0,2,3,0,5,0,9,5,0,14,0,0,0,14
08/23/2021,FRG,NY,AEA,EN,Towers with Radar,0,33,49,0,82,0,2,26,0,28,0,35,75,0,110,68,0,68,178
08/24/2021,FRG,NY,AEA,EN,Towers with Radar,0,21,38,0,59,0,48,412,4,464,0,69,450,4,523,607,0,607,1130
08/25/2021,FRG,NY,AEA,EN,Towers with Radar,0,23,56,2,81,0,51,445,2,498,0,74,501,4,579,532,0,532,1111
08/26/2021,FRG,NY,AEA,EN,Towers with Radar,0,23,47,0,70,0,62,346,4,412,0,85,393,4,482,562,0,562,1044
08/27/2021,FRG,NY,AEA,EN,Towers with Radar,1,44,47,0,92,0,44,307,4,355,1,88,354,4,447,362,0,362,809
08/28/2021,FRG,NY,AEA,EN,Towers with Radar,0,25,47,0,72,0,5,74,0,79,0,30,121,0,151,68,0,68,219
08/29/2021,FRG,NY,AEA,EN,Towers with Radar,0,44,84,0,128,0,10,89,0,99,0,54,173,0,227,286,0,286,513
08/30/2021,FRG,NY,AEA,EN,Towers with Radar,0,12,39,0,51,0,12,93,4,109,0,24,132,4,160,192,0,192,352
08/31/2021,FRG,NY,AEA,EN,Towers with Radar,2,25,36,0,63,0,74,444,4,522,2,99,480,4,585,520,0,520,1105
09/01/2021,FRG,NY,AEA,EN,Towers with Radar,0,11,23,0,34,0,2,34,0,36,0,13,57,0,70,146,0,146,216
09/02/2021,FRG,NY,AEA,EN,Towers with Radar,0,24,57,0,81,0,42,151,4,197,0,66,208,4,278,234,0,234,512
09/03/2021,FRG,NY,AEA,EN,Towers with Radar,0,34,64,0,98,0,82,430,3,515,0,116,494,3,613,426,0,426,1039
09/04/2021,FRG,NY,AEA,EN,Towers with Radar,1,21,24,0,46,0,48,438,0,486,1,69,462,0,532,318,0,318,850
09/05/2021,FRG,NY,AEA,EN,Towers with Radar,0,17,48,0,65,0,19,188,0,207,0,36,236,0,272,298,0,298,570
09/06/2021,FRG,NY,AEA,EN,Towers with Radar,0,21,61,0,82,0,24,277,0,301,0,45,338,0,383,256,0,256,639
09/07/2021,FRG,NY,AEA,EN,Towers with Radar,0,13,54,0,67,0,27,232,6,265,0,40,286,6,332,282,0,282,614
09/08/2021,FRG,NY,AEA,EN,Towers with Radar,0,14,54,0,68,0,43,263,0,306,0,57,317,0,374,148,0,148,522
09/09/2021,FRG,NY,AEA,EN,Towers with Radar,1,22,32,0,55,0,3,20,0,23,1,25,52,0,78,16,0,16,94
09/10/2021,FRG,NY,AEA,EN,Towers with Radar,1,34,42,0,77,0,76,312,1,389,1,110,354,1,466,348,0,348,814
09/11/2021,FRG,NY,AEA,EN,Towers with Radar,0,24,39,0,63,0,58,381,1,440,0,82,420,1,503,250,0,250,753
09/12/2021,FRG,NY,AEA,EN,Towers with Radar,0,31,44,0,75,0,35,308,0,343,0,66,352,0,418,304,0,304,722
09/13/2021,FRG,NY,AEA,EN,Towers with Radar,0,17,44,0,61,0,42,368,2,412,0,59,412,2,473,472,0,472,945
09/14/2021,FRG,NY,AEA,EN,Towers with Radar,0,26,31,0,57,0,70,318,5,393,0,96,349,5,450,556,0,556,1006
09/15/2021,FRG,NY,AEA,EN,Towers with Radar,0,21,36,0,57,0,25,192,3,220,0,46,228,3,277,292,0,292,569
09/16/2021,FRG,NY,AEA,EN,Towers with Radar,1,34,42,2,79,0,15,115,6,136,1,49,157,8,215,290,0,290,505
09/17/2021,FRG,NY,AEA,EN,Towers with Radar,0,32,50,0,82,0,6,19,0,25,0,38,69,0,107,0,0,0,107
09/18/2021,FRG,NY,AEA,EN,Towers with Radar,0,23,55,0,78,0,53,299,11,363,0,76,354,11,441,416,0,416,857
09/19/2021,FRG,NY,AEA,EN,Towers with Radar,0,36,54,0,90,0,33,441,13,487,0,69,495,13,577,330,0,330,907
09/20/2021,FRG,NY,AEA,EN,Towers with Radar,0,21,35,0,56,0,75,300,19,394,0,96,335,19,450,366,0,366,816
09/21/2021,FRG,NY,AEA,EN,Towers with Radar,0,32,49,2,83,0,40,285,21,346,0,72,334,23,429,180,0,180,609
09/22/2021,FRG,NY,AEA,EN,Towers with Radar,1,24,55,1,81,0,26,77,18,121,1,50,132,19,202,98,0,98,300
09/23/2021,FRG,NY,AEA,EN,Towers with Radar,0,28,46,1,75,0,7,85,3,95,0,35,131,4,170,102,0,102,272
09/24/2021,FRG,NY,AEA,EN,Towers with Radar,0,41,48,0,89,0,56,232,27,315,0,97,280,27,404,510,0,510,914
09/25/2021,FRG,NY,AEA,EN,Towers with Radar,0,31,32,0,63,0,76,462,6,544,0,107,494,6,607,448,0,448,1055
09/26/2021,FRG,NY,AEA,EN,Towers with Radar,0,42,37,0,79,0,35,370,2,407,0,77,407,2,486,368,0,368,854
09/27/2021,FRG,NY,AEA,EN,Towers with Radar,0,30,33,0,63,0,55,309,3,367,0,85,342,3,430,400,0,400,830
09/28/2021,FRG,NY,AEA,EN,Towers with Radar,1,24,25,0,50,0,10,113,0,123,1,34,138,0,173,354,0,354,527
09/29/2021,FRG,NY,AEA,EN,Towers with Radar,1,14,29,0,44,0,58,344,1,403,1,72,373,1,447,450,0,450,897
09/30/2021,FRG,NY,AEA,EN,Towers with Radar,0,31,60,0,91,0,52,355,4,411,0,83,415,4,502,422,0,422,924
10/01/2021,FRG,NY,AEA,EN,Towers with Radar,0,37,28,0,65,0,70,402,3,475,0,107,430,3,540,536,0,536,1076
10/02/2021,FRG,NY,AEA,EN,Towers with Radar,1,16,35,0,52,0,50,429,0,479,1,66,464,0,531,490,0,490,1021
10/03/2021,FRG,NY,AEA,EN,Towers with Radar,0,53,49,0,102,0,24,343,0,367,0,77,392,0,469,276,0,276,745
10/04/2021,FRG,NY,AEA,EN,Towers with Radar,0,26,36,0,62,0,0,2,0,2,0,26,38,0,64,0,0,0,64
10/05/2021,FRG,NY,AEA,EN,Towers with Radar,0,29,52,0,81,0,3,35,1,39,0,32,87,1,120,144,0,144,264
10/06/2021,FRG,NY,AEA,EN,Towers with Radar,0,24,50,0,74,0,60,341,0,401,0,84,391,0,475,629,0,629,1104
10/07/2021,FRG,NY,AEA,EN,Towers with Radar,0,33,62,0,95,0,76,384,0,460,0,109,446,0,555,548,0,548,1103
10/08/2021,FRG,NY,AEA,EN,Towers with Radar,0,39,55,0,94,0,36,308,1,345,0,75,363,1,439,500,0,500,939
10/09/2021,FRG,NY,AEA,EN,Towers with Radar,0,25,43,0,68,0,9,162,0,171,0,34,205,0,239,374,0,374,613
10/10/2021,FRG,NY,AEA,EN,Towers with Radar,0,39,56,0,95,0,0,4,0,4,0,39,60,0,99,22,0,22,121
10/11/2021,FRG,NY,AEA,EN,Towers with Radar,0,26,66,0,92,0,28,192,0,220,0,54,258,0,312,232,0,232,544
10/12/2021,FRG,NY,AEA,EN,Towers with Radar,1,21,59,0,81,0,16,205,1,222,1,37,264,1,303,354,0,354,657
10/13/2021,FRG,NY,AEA,EN,Towers with Radar,1,41,45,0,87,0,17,178,3,198,1,58,223,3,285,512,0,512,797
10/14/2021,FRG,NY,AEA,EN,Towers with Radar,0,36,38,0,74,0,60,443,2,505,0,96,481,2,579,512,0,512,1091
10/15/2021,FRG,NY,AEA,EN,Towers with Radar,0,43,61,0,104,0,63,407,0,470,0,106,468,0,574,442,0,442,1016
10/16/2021,FRG,NY,AEA,EN,Towers with Radar,0,32,32,2,66,0,16,133,0,149,0,48,165,2,215,152,0,152,367
10/17/2021,FRG,NY,AEA,EN,Towers with Radar,0,37,46,0,83,0,27,394,0,421,0,64,440,0,504,288,0,288,792
10/18/2021,FRG,NY,AEA,EN,Towers with Radar,0,36,33,2,71,0,46,213,0,259,0,82,246,2,330,374,0,374,704
10/19/2021,FRG,NY,AEA,EN,Towers with Radar,0,16,55,0,71,0,25,280,1,306,0,41,335,1,377,350,0,350,727
10/20/2021,FRG,NY,AEA,EN,Towers with Radar,0,27,40,0,67,0,70,423,1,494,0,97,463,1,561,428,0,428,989
10/21/2021,FRG,NY,AEA,EN,Towers with Radar,0,26,48,0,74,0,95,365,2,462,0,121,413,2,536,545,0,545,1081
10/22/2021,FRG,NY,AEA,EN,Towers with Radar,0,35,39,0,74,0,73,327,1,401,0,108,366,1,475,502,0,502,977
10/23/2021,FRG,NY,AEA,EN,Towers with Radar,0,24,29,0,53,0,49,316,0,365,0,73,345,0,418,490,0,490,908
10/24/2021,FRG,NY,AEA,EN,Towers with Radar,0,43,49,0,92,0,33,400,0,433,0,76,449,0,525,338,0,338,863
10/25/2021,FRG,NY,AEA,EN,Towers with Radar,0,26,27,0,53,0,35,187,2,224,0,61,214,2,277,328,0,328,605
10/26/2021,FRG,NY,AEA,EN,Towers with Radar,0,19,12,0,31,0,0,3,0,3,0,19,15,0,34,0,0,0,34
10/27/2021,FRG,NY,AEA,EN,Towers with Radar,0,19,17,0,36,0,2,29,0,31,0,21,46,0,67,6,0,6,73
10/28/2021,FRG,NY,AEA,EN,Towers with Radar,1,36,56,0,93,0,35,365,3,403,1,71,421,3,496,890,0,890,1386
10/29/2021,FRG,NY,AEA,EN,Towers with Radar,1,27,36,0,64,0,43,169,2,214,1,70,205,2,278,362,0,362,640
10/30/2021,FRG,NY,AEA,EN,Towers with Radar,2,23,31,0,56,0,2,19,0,21,2,25,50,0,77,86,0,86,163
10/31/2021,FRG,NY,AEA,EN,Towers with Radar,0,28,46,0,74,0,22,289,1,312,0,50,335,1,386,252,0,252,638
11/01/2021,FRG,NY,AEA,EN,Towers with Radar,0,25,38,0,63,0,86,349,1,436,0,111,387,1,499,488,0,488,987
11/02/2021,FRG,NY,AEA,EN,Towers with Radar,0,16,38,0,54,0,65,347,0,412,0,81,385,0,466,472,0,472,938
11/03/2021,FRG,NY,AEA,EN,Towers with Radar,2,29,44,0,75,0,68,394,5,467,2,97,438,5,542,654,0,654,1196
11/04/2021,FRG,NY,AEA,EN,Towers with Radar,0,33,33,0,66,0,53,406,9,468,0,86,439,9,534,486,0,486,1020
11/05/2021,FRG,NY,AEA,EN,Towers with Radar,0,27,32,0,59,0,52,439,1,492,0,79,471,1,551,422,0,422,973
11/06/2021,FRG,NY,AEA,EN,Towers with Radar,0,16,32,0,48,0,39,504,0,543,0,55,536,0,591,416,0,416,1007
11/07/2021,FRG,NY,AEA,EN,Towers with Radar,0,45,51,0,96,0,30,397,2,429,0,75,448,2,525,404,0,404,929
11/08/2021,FRG,NY,AEA,EN,Towers with Radar,0,23,24,0,47,0,81,289,3,373,0,104,313,3,420,430,0,430,850
11/09/2021,FRG,NY,AEA,EN,Towers with Radar,0,23,36,0,59,0,50,346,3,399,0,73,382,3,458,490,0,490,948
11/10/2021,FRG,NY,AEA,EN,Towers with Radar,0,44,29,0,73,0,82,285,2,369,0,126,314,2,442,492,0,492,934
11/11/2021,FRG,NY,AEA,EN,Towers with Radar,1,35,60,0,96,0,50,404,0,454,1,85,464,0,550,531,0,531,1081
11/12/2021,FRG,NY,AEA,EN,Towers with Radar,0,28,30,0,58,0,0,26,0,26,0,28,56,0,84,74,0,74,158
11/13/2021,FRG,NY,AEA,EN,Towers with Radar,0,21,30,0,51,0,17,211,0,228,0,38,241,0,279,282,0,282,561
11/14/2021,FRG,NY,AEA,EN,Towers with Radar,1,42,66,0,109,0,27,375,0,402,1,69,441,0,511,298,0,298,809
11/15/2021,FRG,NY,AEA,EN,Towers with Radar,0,30,30,0,60,0,23,147,0,170,0,53,177,0,230,326,0,326,556
11/16/2021,FRG,NY,AEA,EN,Towers with Radar,2,17,30,0,49,0,37,320,1,358,2,54,350,1,407,472,0,472,879
11/17/2021,FRG,NY,AEA,EN,Towers with Radar,0,25,36,0,61,0,73,348,4,425,0,98,384,4,486,540,0,540,1026
11/18/2021,FRG,NY,AEA,EN,Towers with Radar,0,35,36,0,71,0,68,280,5,353,0,103,316,5,424,652,0,652,1076
11/19/2021,FRG,NY,AEA,EN,Towers with Radar,1,21,31,0,53,0,40,235,2,277,1,61,266,2,330,264,3,267,597
11/20/2021,FRG,NY,AEA,EN,Towers with Radar,1,38,39,0,78,0,33,414,0,447,1,71,453,0,525,384,0,384,909
11/21/2021,FRG,NY,AEA,EN,Towers with Radar,1,44,42,0,87,0,37,327,0,364,1,81,369,0,451,412,0,412,863
11/22/2021,FRG,NY,AEA,EN,Towers with Radar,0,17,29,0,46,0,13,175,2,190,0,30,204,2,236,332,0,332,568
11/23/2021,FRG,NY,AEA,EN,Towers with Radar,0,42,65,0,107,0,39,212,7,258,0,81,277,7,365,317,0,317,682
11/24/2021,FRG,NY,AEA,EN,Towers with Radar,0,24,64,0,88,0,83,294,3,380,0,107,358,3,468,410,0,410,878
11/25/2021,FRG,NY,AEA,EN,Towers with Radar,1,18,18,0,37,0,17,84,0,101,1,35,102,0,138,220,0,220,358
11/26/2021,FRG,NY,AEA,EN,Towers with Radar,0,23,19,0,42,0,4,38,0,42,0,27,57,0,84,64,0,64,148
11/27/2021,FRG,NY,AEA,EN,Towers with Radar,0,30,47,0,77,0,13,142,0,155,0,43,189,0,232,44,0,44,276
11/28/2021,FRG,NY,AEA,EN,Towers with Radar,2,62,83,0,147,0,13,130,0,143,2,75,213,0,290,194,0,194,484
11/29/2021,FRG,NY,AEA,EN,Towers with Radar,0,32,46,1,79,0,52,245,6,303,0,84,291,7,382,405,0,405,787
11/30/2021,FRG,NY,AEA,EN,Towers with Radar,0,26,44,0,70,0,28,217,2,247,0,54,261,2,317,462,0,462,779
12/01/2021,FRG,NY,AEA,EN,Towers with Radar,0,27,44,0,71,0,81,263,2,346,0,108,307,2,417,450,0,450,867
12/02/2021,FRG,NY,AEA,EN,Towers with Radar,0,24,41,0,65,0,65,200,2,267,0,89,241,2,332,314,0,314,646
12/03/2021,FRG,NY,AEA,EN,Towers with Radar,1,23,35,0,59,0,16,147,2,165,1,39,182,2,224,126,0,126,350
12/04/2021,FRG,NY,AEA,EN,Towers with Radar,0,26,29,0,55,0,83,358,0,441,0,109,387,0,496,366,0,366,862
12/05/2021,FRG,NY,AEA,EN,Towers with Radar,0,35,51,0,86,0,40,299,2,341,0,75,350,2,427,456,0,456,883
12/06/2021,FRG,NY,AEA,EN,Towers with Radar,1,29,31,2,63,0,7,8,0,15,1,36,39,2,78,0,0,0,78
12/07/2021,FRG,NY,AEA,EN,Towers with Radar,0,19,36,0,55,0,85,304,4,393,0,104,340,4,448,456,0,456,904
12/08/2021,FRG,NY,AEA,EN,Towers with Radar,0,22,29,0,51,0,23,94,6,123,0,45,123,6,174,356,0,356,530
12/09/2021,FRG,NY,AEA,EN,Towers with Radar,0,21,25,0,46,0,81,268,7,356,0,102,293,7,402,626,0,626,1028
12/10/2021,FRG,NY,AEA,EN,Towers with Radar,0,30,32,0,62,0,76,297,4,377,0,106,329,4,439,506,0,506,945
12/11/2021,FRG,NY,AEA,EN,Towers with Radar,0,18,9,0,27,0,0,0,0,0,0,18,9,0,27,0,0,0,27
12/12/2021,FRG,NY,AEA,EN,Towers with Radar,0,34,48,0,82,0,22,245,1,268,0,56,293,1,350,229,0,229,579
12/13/2021,FRG,NY,AEA,EN,Towers with Radar,1,28,35,0,64,0,58,220,3,281,1,86,255,3,345,288,1,289,634
12/14/2021,FRG,NY,AEA,EN,Towers with Radar,0,15,36,0,51,0,40,331,0,371,0,55,367,0,422,448,0,448,870
12/15/2021,FRG,NY,AEA,EN,Towers with Radar,0,22,53,0,75,0,45,303,2,350,0,67,356,2,425,416,0,416,841
12/16/2021,FRG,NY,AEA,EN,Towers with Radar,4,40,47,0,91,0,29,258,3,290,4,69,305,3,381,318,0,318,699
12/17/2021,FRG,NY,AEA,EN,Towers with Radar,1,26,51,0,78,0,67,364,4,435,1,93,415,4,513,460,0,460,973
12/18/2021,FRG,NY,AEA,EN,Towers with Radar,0,42,32,0,74,0,0,12,0,12,0,42,44,0,86,48,0,48,134
12/19/2021,FRG,NY,AEA,EN,Towers with Radar,0,36,46,0,82,0,8,174,0,182,0,44,220,0,264,130,0,130,394
12/20/2021,FRG,NY,AEA,EN,Towers with Radar,0,23,26,2,51,0,68,293,3,364,0,91,319,5,415,430,0,430,845
12/21/2021,FRG,NY,AEA,EN,Towers with Radar,0,32,37,0,69,0,50,258,3,311,0,82,295,3,380,440,0,440,820
12/22/2021,FRG,NY,AEA,EN,Towers with Radar,0,40,39,0,79,0,9,103,0,112,0,49,142,0,191,72,0,72,263
12/23/2021,FRG,NY,AEA,EN,Towers with Radar,0,35,42,0,77,0,48,295,2,345,0,83,337,2,422,554,0,554,976
12/24/2021,FRG,NY,AEA,EN,Towers with Radar,0,27,18,0,45,0,6,70,0,76,0,33,88,0,121,258,0,258,379
12/25/2021,FRG,NY,AEA,EN,Towers with Radar,0,26,17,0,43,0,0,8,0,8,0,26,25,0,51,0,0,0,51
12/26/2021,FRG,NY,AEA,EN,Towers with Radar,0,42,53,0,95,0,27,280,0,307,0,69,333,0,402,208,0,208,610
12/27/2021,FRG,NY,AEA,EN,Towers with Radar,0,28,43,0,71,0,15,169,2,186,0,43,212,2,257,322,0,322,579
12/28/2021,FRG,NY,AEA,EN,Towers with Radar,0,23,35,0,58,0,27,216,2,245,0,50,251,2,303,360,0,360,663
12/29/2021,FRG,NY,AEA,EN,Towers with Radar,0,29,22,0,51,0,1,0,0,1,0,30,22,0,52,0,0,0,52
12/30/2021,FRG,NY,AEA,EN,Towers with Radar,1,26,32,1,60,0,3,6,0,9,1,29,38,1,69,0,0,0,69
12/31/2021,FRG,NY,AEA,EN,Towers with Radar,0,29,29,0,58,0,5,13,0,18,0,34,42,0,76,40,0,40,116
01/01/2022,FRG,NY,AEA,EN,Towers with Radar,0,19,20,0,39,0,0,0,0,0,0,19,20,0,39,0,0,0,39
01/02/2022,FRG,NY,AEA,EN,Towers with Radar,0,47,55,0,102,0,1,20,0,21,0,48,75,0,123,32,0,32,155
01/03/2022,FRG,NY,AEA,EN,Towers with Radar,0,37,34,0,71,0,10,36,3,49,0,47,70,3,120,44,0,44,164
01/04/2022,FRG,NY,AEA,EN,Towers with Radar,0,27,35,0,62,0,48,233,2,283,0,75,268,2,345,380,0,380,725
01/05/2022,FRG,NY,AEA,EN,Towers with Radar,0,23,19,0,42,0,2,6,0,8,0,25,25,0,50,0,0,0,50
01/06/2022,FRG,NY,AEA,EN,Towers with Radar,0,25,36,0,61,0,62,266,9,337,0,87,302,9,398,368,0,368,766
01/07/2022,FRG,NY,AEA,EN,Towers with Radar,0,18,21,0,39,0,2,20,0,22,0,20,41,0,61,12,0,12,73
01/08/2022,FRG,NY,AEA,EN,Towers with Radar,0,19,42,0,61,0,11,227,0,238,0,30,269,0,299,390,0,390,689
01/09/2022,FRG,NY,AEA,EN,Towers with Radar,0,35,30,0,65,0,2,55,0,57,0,37,85,0,122,52,0,52,174
01/10/2022,FRG,NY,AEA,EN,Towers with Radar,0,20,25,0,45,0,40,156,2,198,0,60,181,2,243,238,0,238,481
01/11/2022,FRG,NY,AEA,EN,Towers with Radar,0,17,17,0,34,0,34,149,0,183,0,51,166,0,217,408,0,408,625
01/12/2022,FRG,NY,AEA,EN,Towers with Radar,0,26,18,0,44,0,28,85,7,120,0,54,103,7,164,118,0,118,282
01/13/2022,FRG,NY,AEA,EN,Towers with Radar,0,35,44,2,81,0,74,412,2,488,0,109,456,4,569,518,0,518,1087
01/14/2022,FRG,NY,AEA,EN,Towers with Radar,0,33,34,0,67,0,9,104,3,116,0,42,138,3,183,210,0,210,393
01/15/2022,FRG,NY,AEA,EN,Towers with Radar,0,20,20,0,40,0,10,104,0,114,0,30,124,0,154,196,0,196,350
01/16/2022,FRG,NY,AEA,EN,Towers with Radar,4,27,31,1,63,0,15,117,0,132,4,42,148,1,195,324,0,324,519
01/17/2022,FRG,NY,AEA,EN,Towers with Radar,1,27,22,0,50,0,4,16,0,20,1,31,38,0,70,10,0,10,80
01/18/2022,FRG,NY,AEA,EN,Towers with Radar,2,9,30,0,41,0,11,73,5,89,2,20,103,5,130,58,0,58,188
01/19/2022,FRG,NY,AEA,EN,Towers with Radar,0,14,38,0,52,0,29,125,1,155,0,43,163,1,207,244,0,244,451
01/20/2022,FRG,NY,AEA,EN,Towers with Radar,1,24,23,0,48,0,6,34,2,42,1,30,57,2,90,80,0,80,170
01/21/2022,FRG,NY,AEA,EN,Towers with Radar,0,22,28,2,52,0,45,182,5,232,0,67,210,7,284,398,0,398,682
01/22/2022,FRG,NY,AEA,EN,Towers with Radar,0,10,33,0,43,0,24,298,2,324,0,34,331,2,367,324,0,324,691
01/23/2022,FRG,NY,AEA,EN,Towers with Radar,0,24,45,0,69,0,33,325,1,359,0,57,370,1,428,336,8,344,772
01/24/2022,FRG,NY,AEA,EN,Towers with Radar,0,15,20,1,36,0,24,182,0,206,0,39,202,1,242,338,0,338,580
01/25/2022,FRG,NY,AEA,EN,Towers with Radar,0,15,26,0,41,0,55,269,1,325,0,70,295,1,366,558,0,558,924
01/26/2022,FRG,NY,AEA,EN,Towers with Radar,0,26,42,0,68,0,68,237,1,306,0,94,279,1,374,414,0,414,788
01/27/2022,FRG,NY,AEA,EN,Towers with Radar,0,32,34,0,66,0,66,243,5,314,0,98,277,5,380,436,0,436,816
01/28/2022,FRG,NY,AEA,EN,Towers with Radar,0,27,34,0,61,0,11,56,1,68,0,38,90,1,129,172,0,172,301
01/29/2022,FRG,NY,AEA,EN,Towers with Radar,0,0,0,0,0,0,0,0,0,0,0,0,0,0,0,0,0,0,0
01/30/2022,FRG,NY,AEA,EN,Towers with Radar,0,27,21,0,48,0,5,35,0,40,0,32,56,0,88,0,0,0,88
01/31/2022,FRG,NY,AEA,EN,Towers with Radar,0,25,26,0,51,0,25,102,4,131,0,50,128,4,182,244,0,244,426
02/01/2022,FRG,NY,AEA,EN,Towers with Radar,0,18,50,1,69,0,46,183,2,231,0,64,233,3,300,330,0,330,630
02/02/2022,FRG,NY,AEA,EN,Towers with Radar,0,31,36,0,67,0,42,139,2,183,0,73,175,2,250,484,0,484,734
02/03/2022,FRG,NY,AEA,EN,Towers with Radar,0,13,17,0,30,0,0,2,0,2,0,13,19,0,32,0,0,0,32
02/04/2022,FRG,NY,AEA,EN,Towers with Radar,0,18,26,0,44,0,0,6,0,6,0,18,32,0,50,0,0,0,50
02/05/2022,FRG,NY,AEA,EN,Towers with Radar,3,10,17,0,30,0,13,121,0,134,3,23,138,0,164,190,0,190,354
02/06/2022,FRG,NY,AEA,EN,Towers with Radar,1,31,40,0,72,0,37,348,0,385,1,68,388,0,457,350,0,350,807
02/07/2022,FRG,NY,AEA,EN,Towers with Radar,2,18,32,0,52,0,0,0,0,0,2,18,32,0,52,0,0,0,52
02/08/2022,FRG,NY,AEA,EN,Towers with Radar,0,17,43,0,60,0,35,172,7,214,0,52,215,7,274,268,0,268,542
02/09/2022,FRG,NY,AEA,EN,Towers with Radar,0,24,32,0,56,0,96,340,3,439,0,120,372,3,495,522,0,522,1017
02/10/2022,FRG,NY,AEA,EN,Towers with Radar,1,27,37,0,65,0,42,227,12,281,1,69,264,12,346,336,0,336,682
02/11/2022,FRG,NY,AEA,EN,Towers with Radar,0,26,32,0,58,0,79,270,3,352,0,105,302,3,410,460,0,460,870
02/12/2022,FRG,NY,AEA,EN,Towers with Radar,0,18,30,0,48,0,57,320,0,377,0,75,350,0,425,412,0,412,837
02/13/2022,FRG,NY,AEA,EN,Towers with Radar,0,27,20,0,47,0,0,0,0,0,0,27,20,0,47,0,0,0,47
02/14/2022,FRG,NY,AEA,EN,Towers with Radar,0,24,23,0,47,0,6,57,3,66,0,30,80,3,113,34,0,34,147
02/15/2022,FRG,NY,AEA,EN,Towers with Radar,2,25,58,1,86,0,58,255,5,318,2,83,313,6,404,332,0,332,736
02/16/2022,FRG,NY,AEA,EN,Towers with Radar,0,25,35,2,62,0,62,263,3,328,0,87,298,5,390,406,0,406,796
02/17/2022,FRG,NY,AEA,EN,Towers with Radar,1,28,38,0,67,0,16,69,2,87,1,44,107,2,154,74,0,74,228
02/18/2022,FRG,NY,AEA,EN,Towers with Radar,0,55,46,0,101,0,4,20,0,24,0,59,66,0,125,12,0,12,137
02/19/2022,FRG,NY,AEA,EN,Towers with Radar,1,48,36,0,85,0,29,65,0,94,1,77,101,0,179,74,0,74,253
02/20/2022,FRG,NY,AEA,EN,Towers with Radar,2,28,46,0,76,0,41,411,0,452,2,69,457,0,528,276,0,276,804
02/21/2022,FRG,NY,AEA,EN,Towers with Radar,0,32,61,0,93,0,96,461,1,558,0,128,522,1,651,320,0,320,971
02/22/2022,FRG,NY,AEA,EN,Towers with Radar,0,44,27,0,71,0,1,16,0,17,0,45,43,0,88,30,0,30,118
02/23/2022,FRG,NY,AEA,EN,Towers with Radar,0,41,44,0,85,0,24,165,3,192,0,65,209,3,277,210,0,210,487
02/24/2022,FRG,NY,AEA,EN,Towers with Radar,0,31,38,1,70,0,84,205,2,291,0,115,243,3,361,438,0,438,799
02/25/2022,FRG,NY,AEA,EN,Towers with Radar,2,36,22,0,60,0,6,14,0,20,2,42,36,0,80,10,0,10,90
02/26/2022,FRG,NY,AEA,EN,Towers with Radar,1,55,44,0,100,0,66,356,0,422,1,121,400,0,522,448,0,448,970
02/27/2022,FRG,NY,AEA,EN,Towers with Radar,0,58,51,0,109,0,23,133,0,156,0,81,184,0,265,100,0,100,365
02/28/2022,FRG,NY,AEA,EN,Towers with Radar,0,42,47,0,89,0,60,243,4,307,0,102,290,4,396,380,0,380,776
03/01/2022,FRG,NY,AEA,EN,Towers with Radar,0,22,34,0,56,0,63,248,0,311,0,85,282,0,367,516,0,516,883
03/02/2022,FRG,NY,AEA,EN,Towers with Radar,2,25,46,0,73,0,79,352,1,432,2,104,398,1,505,516,0,516,1021
03/03/2022,FRG,NY,AEA,EN,Towers with Radar,0,31,30,0,61,0,54,180,1,235,0,85,210,1,296,240,4,244,540
03/04/2022,FRG,NY,AEA,EN,Towers with Radar,2,38,31,0,71,0,66,306,1,373,2,104,337,1,444,450,0,450,894
03/05/2022,FRG,NY,AEA,EN,Towers with Radar,0,18,33,0,51,0,59,376,0,435,0,77,409,0,486,564,0,564,1050
03/06/2022,FRG,NY,AEA,EN,Towers with Radar,2,32,43,0,77,0,4,18,0,22,2,36,61,0,99,22,0,22,121
03/07/2022,FRG,NY,AEA,EN,Towers with Radar,1,27,22,0,50,0,24,94,2,120,1,51,116,2,170,256,0,256,426
03/08/2022,FRG,NY,AEA,EN,Towers with Radar,1,21,26,0,48,0,10,128,2,140,1,31,154,2,188,212,0,212,400
03/09/2022,FRG,NY,AEA,EN,Towers with Radar,1,30,20,0,51,0,0,2,0,2,1,30,22,0,53,0,0,0,53
03/10/2022,FRG,NY,AEA,EN,Towers with Radar,2,20,39,0,61,0,65,230,2,297,2,85,269,2,358,428,0,428,786
03/11/2022,FRG,NY,AEA,EN,Towers with Radar,1,33,48,0,82,0,77,312,0,389,1,110,360,0,471,562,0,562,1033
03/12/2022,FRG,NY,AEA,EN,Towers with Radar,0,25,19,0,44,0,0,0,0,0,0,25,19,0,44,4,0,4,48
03/13/2022,FRG,NY,AEA,EN,Towers with Radar,1,35,42,0,78,0,15,120,0,135,1,50,162,0,213,112,0,112,325
03/14/2022,FRG,NY,AEA,EN,Towers with Radar,1,27,29,0,57,0,61,347,0,408,1,88,376,0,465,408,0,408,873
03/15/2022,FRG,NY,AEA,EN,Towers with Radar,0,17,40,0,57,0,76,358,4,438,0,93,398,4,495,558,0,558,1053
03/16/2022,FRG,NY,AEA,EN,Towers with Radar,0,32,29,0,61,0,112,289,3,404,0,144,318,3,465,514,0,514,979
03/17/2022,FRG,NY,AEA,EN,Towers with Radar,0,25,21,0,46,0,0,2,0,2,0,25,23,0,48,6,0,6,54
03/18/2022,FRG,NY,AEA,EN,Towers with Radar,2,45,39,2,88,0,41,234,0,275,2,86,273,2,363,382,0,382,745
03/19/2022,FRG,NY,AEA,EN,Towers with Radar,2,22,35,0,59,0,0,9,0,9,2,22,44,0,68,50,0,50,118
03/20/2022,FRG,NY,AEA,EN,Towers with Radar,2,32,50,0,84,0,27,320,0,347,2,59,370,0,431,436,0,436,867
03/21/2022,FRG,NY,AEA,EN,Towers with Radar,0,20,17,2,39,0,59,304,0,363,0,79,321,2,402,326,0,326,728
03/22/2022,FRG,NY,AEA,EN,Towers with Radar,0,24,45,0,69,0,57,249,0,306,0,81,294,0,375,574,0,574,949
03/23/2022,FRG,NY,AEA,EN,Towers with Radar,0,22,36,0,58,0,66,217,0,283,0,88,253,0,341,538,12,550,891
03/24/2022,FRG,NY,AEA,EN,Towers with Radar,0,27,18,0,45,0,1,0,0,1,0,28,18,0,46,0,0,0,46
03/25/2022,FRG,NY,AEA,EN,Towers with Radar,1,30,52,0,83,0,70,255,2,327,1,100,307,2,410,443,0,443,853
03/26/2022,FRG,NY,AEA,EN,Towers with Radar,2,22,30,0,54,0,38,109,0,147,2,60,139,0,201,388,0,388,589
03/27/2022,FRG,NY,AEA,EN,Towers with Radar,1,30,42,0,73,0,5,153,0,158,1,35,195,0,231,184,0,184,415
03/28/2022,FRG,NY,AEA,EN,Towers with Radar,1,23,33,0,57,0,6,28,8,42,1,29,61,8,99,0,0,0,99
03/29/2022,FRG,NY,AEA,EN,Towers with Radar,0,27,37,0,64,0,57,205,4,266,0,84,242,4,330,216,0,216,546
03/30/2022,FRG,NY,AEA,EN,Towers with Radar,1,38,28,0,67,0,62,340,2,404,1,100,368,2,471,536,0,536,1007
03/31/2022,FRG,NY,AEA,EN,Towers with Radar,0,22,33,0,55,0,0,0,0,0,0,22,33,0,55,0,0,0,55
04/01/2022,FRG,NY,AEA,EN,Towers with Radar,0,21,27,0,48,0,15,66,2,83,0,36,93,2,131,256,0,256,387
04/02/2022,FRG,NY,AEA,EN,Towers with Radar,0,20,39,0,59,0,60,442,0,502,0,80,481,0,561,380,0,380,941
04/03/2022,FRG,NY,AEA,EN,Towers with Radar,0,20,50,0,70,0,5,26,0,31,0,25,76,0,101,142,0,142,243
04/04/2022,FRG,NY,AEA,EN,Towers with Radar,1,26,39,0,66,0,57,372,4,433,1,83,411,4,499,482,0,482,981
04/05/2022,FRG,NY,AEA,EN,Towers with Radar,0,22,33,0,55,0,52,255,2,309,0,74,288,2,364,444,0,444,808
04/06/2022,FRG,NY,AEA,EN,Towers with Radar,0,17,25,0,42,0,0,1,0,1,0,17,26,0,43,0,0,0,43
04/07/2022,FRG,NY,AEA,EN,Towers with Radar,0,36,37,0,73,0,0,1,0,1,0,36,38,0,74,0,0,0,74
04/08/2022,FRG,NY,AEA,EN,Towers with Radar,0,40,55,0,95,0,42,302,0,344,0,82,357,0,439,404,0,404,843
04/09/2022,FRG,NY,AEA,EN,Towers with Radar,0,30,40,0,70,0,46,136,0,182,0,76,176,0,252,332,0,332,584
04/10/2022,FRG,NY,AEA,EN,Towers with Radar,0,21,45,0,66,0,29,239,0,268,0,50,284,0,334,278,0,278,612
04/11/2022,FRG,NY,AEA,EN,Towers with Radar,1,26,47,2,76,0,92,396,3,491,1,118,443,5,567,547,0,547,1114
04/12/2022,FRG,NY,AEA,EN,Towers with Radar,0,23,34,0,57,0,50,269,1,320,0,73,303,1,377,518,0,518,895
04/13/2022,FRG,NY,AEA,EN,Towers with Radar,1,41,45,0,87,0,105,304,6,415,1,146,349,6,502,556,0,556,1058
04/14/2022,FRG,NY,AEA,EN,Towers with Radar,0,40,52,0,92,0,60,250,3,313,0,100,302,3,405,476,0,476,881
04/15/2022,FRG,NY,AEA,EN,Towers with Radar,0,27,51,0,78,0,74,316,0,390,0,101,367,0,468,242,0,242,710
04/16/2022,FRG,NY,AEA,EN,Towers with Radar,0,34,32,0,66,0,66,240,0,306,0,100,272,0,372,322,0,322,694
04/17/2022,FRG,NY,AEA,EN,Towers with Radar,0,27,34,0,61,0,14,138,0,152,0,41,172,0,213,168,0,168,381
04/18/2022,FRG,NY,AEA,EN,Towers with Radar,0,37,48,0,85,0,55,213,2,270,0,92,261,2,355,322,0,322,677
04/19/2022,FRG,NY,AEA,EN,Towers with Radar,0,14,25,0,39,0,4,23,2,29,0,18,48,2,68,0,0,0,68
04/20/2022,FRG,NY,AEA,EN,Towers with Radar,0,24,28,0,52,0,73,338,4,415,0,97,366,4,467,448,0,448,915
04/21/2022,FRG,NY,AEA,EN,Towers with Radar,0,41,45,2,88,0,73,333,5,411,0,114,378,7,499,468,0,468,967
04/22/2022,FRG,NY,AEA,EN,Towers with Radar,1,38,30,0,69,0,66,339,2,407,1,104,369,2,476,400,0,400,876
04/23/2022,FRG,NY,AEA,EN,Towers with Radar,2,43,52,0,97,0,81,417,0,498,2,124,469,0,595,368,0,368,963
04/24/2022,FRG,NY,AEA,EN,Towers with Radar,0,60,69,0,129,0,34,310,0,344,0,94,379,0,473,392,0,392,865
04/25/2022,FRG,NY,AEA,EN,Towers with Radar,1,32,33,0,66,0,83,303,3,389,1,115,336,3,455,556,0,556,1011
04/26/2022,FRG,NY,AEA,EN,Towers with Radar,0,24,44,0,68,0,2,15,1,18,0,26,59,1,86,27,0,27,113
04/27/2022,FRG,NY,AEA,EN,Towers with Radar,0,13,50,0,63,0,49,127,1,177,0,62,177,1,240,150,0,150,390
04/28/2022,FRG,NY,AEA,EN,Towers with Radar,0,22,25,0,47,0,19,79,4,102,0,41,104,4,149,20,0,20,169
04/29/2022,FRG,NY,AEA,EN,Towers with Radar,0,27,47,0,74,0,55,191,1,247,0,82,238,1,321,206,0,206,527
04/30/2022,FRG,NY,AEA,EN,Towers with Radar,0,15,36,0,51,0,89,358,0,447,0,104,394,0,498,312,0,312,810
05/01/2022,FRG,NY,AEA,EN,Towers with Radar,0,31,45,0,76,0,50,414,0,464,0,81,459,0,540,334,0,334,874
05/02/2022,FRG,NY,AEA,EN,Towers with Radar,0,16,33,0,49,0,0,9,0,9,0,16,42,0,58,8,0,8,66
05/03/2022,FRG,NY,AEA,EN,Towers with Radar,0,25,67,0,92,0,50,117,1,168,0,75,184,1,260,576,0,576,836
05/04/2022,FRG,NY,AEA,EN,Towers with Radar,0,18,47,0,65,0,2,26,0,28,0,20,73,0,93,8,0,8,101
05/05/2022,FRG,NY,AEA,EN,Towers with Radar,0,34,59,0,93,0,118,510,2,630,0,152,569,2,723,414,0,414,1137
05/06/2022,FRG,NY,AEA,EN,Towers with Radar,0,37,47,0,84,0,23,94,0,117,0,60,141,0,201,256,0,256,457
05/07/2022,FRG,NY,AEA,EN,Towers with Radar,0,21,12,0,33,0,0,2,0,2,0,21,14,0,35,0,0,0,35
05/08/2022,FRG,NY,AEA,EN,Towers with Radar,0,42,39,0,81,0,11,47,0,58,0,53,86,0,139,0,0,0,139
05/09/2022,FRG,NY,AEA,EN,Towers with Radar,0,27,24,0,51,0,21,87,3,111,0,48,111,3,162,42,0,42,204
05/10/2022,FRG,NY,AEA,EN,Towers with Radar,0,17,33,4,54,0,37,137,3,177,0,54,170,7,231,92,0,92,323
05/11/2022,FRG,NY,AEA,EN,Towers with Radar,0,29,38,0,67,0,50,210,6,266,0,79,248,6,333,310,0,310,643
05/12/2022,FRG,NY,AEA,EN,Towers with Radar,0,38,65,0,103,0,39,106,4,149,0,77,171,4,252,366,0,366,618
05/13/2022,FRG,NY,AEA,EN,Towers with Radar,0,38,43,0,81,0,10,21,0,31,0,48,64,0,112,52,0,52,164
05/14/2022,FRG,NY,AEA,EN,Towers with Radar,0,27,27,0,54,0,0,8,0,8,0,27,35,0,62,0,0,0,62
05/15/2022,FRG,NY,AEA,EN,Towers with Radar,0,52,64,0,116,0,57,190,0,247,0,109,254,0,363,192,0,192,555
05/16/2022,FRG,NY,AEA,EN,Towers with Radar,0,21,35,2,58,0,13,48,4,65,0,34,83,6,123,78,0,78,201
05/17/2022,FRG,NY,AEA,EN,Towers with Radar,0,12,38,0,50,0,84,391,7,482,0,96,429,7,532,350,0,350,882
05/18/2022,FRG,NY,AEA,EN,Towers with Radar,0,26,59,0,85,0,119,436,2,557,0,145,495,2,642,526,0,526,1168
05/19/2022,FRG,NY,AEA,EN,Towers with Radar,0,35,53,0,88,0,16,38,0,54,0,51,91,0,142,84,0,84,226
05/20/2022,FRG,NY,AEA,EN,Towers with Radar,0,24,52,0,76,0,25,140,2,167,0,49,192,2,243,223,0,223,466
05/21/2022,FRG,NY,AEA,EN,Towers with Radar,0,20,36,0,56,0,29,369,0,398,0,49,405,0,454,418,0,418,872
05/22/2022,FRG,NY,AEA,EN,Towers with Radar,0,33,53,0,86,0,32,372,0,404,0,65,425,0,490,452,0,452,942
05/23/2022,FRG,NY,AEA,EN,Towers with Radar,0,24,39,0,63,0,66,344,2,412,0,90,383,2,475,374,0,374,849
05/24/2022,FRG,NY,AEA,EN,Towers with Radar,0,15,43,1,59,0,48,393,3,444,0,63,436,4,503,716,0,716,1219
05/25/2022,FRG,NY,AEA,EN,Towers with Radar,0,15,46,1,62,0,64,361,0,425,0,79,407,1,487,524,0,524,1011
05/26/2022,FRG,NY,AEA,EN,Towers with Radar,0,37,53,3,93,0,53,335,12,400,0,90,388,15,493,178,18,196,689
05/27/2022,FRG,NY,AEA,EN,Towers with Radar,0,28,32,5,65,0,0,0,2,2,0,28,32,7,67,0,0,0,67
05/28/2022,FRG,NY,AEA,EN,Towers with Radar,0,5,29,5,39,0,10,67,0,77,0,15,96,5,116,90,0,90,206
05/29/2022,FRG,NY,AEA,EN,Towers with Radar,0,10,21,0,31,0,55,327,17,399,0,65,348,17,430,246,0,246,676
05/30/2022,FRG,NY,AEA,EN,Towers with Radar,0,30,44,1,75,0,50,454,12,516,0,80,498,13,591,414,0,414,1005
05/31/2022,FRG,NY,AEA,EN,Towers with Radar,0,27,33,2,62,0,76,375,10,461,0,103,408,12,523,654,0,654,1177
06/01/2022,FRG,NY,AEA,EN,Towers with Radar,0,23,40,0,63,0,11,123,6,140,0,34,163,6,203,286,0,286,489
06/02/2022,FRG,NY,AEA,EN,Towers with Radar,0,41,38,0,79,0,2,103,4,109,0,43,141,4,188,220,0,220,408
06/03/2022,FRG,NY,AEA,EN,Towers with Radar,0,39,113,0,152,0,14,140,4,158,0,53,253,4,310,272,0,272,582
06/04/2022,FRG,NY,AEA,EN,Towers with Radar,0,31,49,0,80,0,40,385,0,425,0,71,434,0,505,528,0,528,1033
06/05/2022,FRG,NY,AEA,EN,Towers with Radar,0,54,62,0,116,0,45,409,0,454,0,99,471,0,570,322,0,322,892
06/06/2022,FRG,NY,AEA,EN,Towers with Radar,0,17,15,0,32,0,55,361,3,419,0,72,376,3,451,642,0,642,1093
06/07/2022,FRG,NY,AEA,EN,Towers with Radar,0,17,26,0,43,0,43,219,2,264,0,60,245,2,307,264,0,264,571
06/08/2022,FRG,NY,AEA,EN,Towers with Radar,0,22,38,2,62,0,56,206,2,264,0,78,244,4,326,426,0,426,752
06/09/2022,FRG,NY,AEA,EN,Towers with Radar,0,19,36,0,55,0,5,96,2,103,0,24,132,2,158,148,0,148,306
06/10/2022,FRG,NY,AEA,EN,Towers with Radar,0,26,50,0,76,0,61,473,4,538,0,87,523,4,614,468,0,468,1082
06/11/2022,FRG,NY,AEA,EN,Towers with Radar,0,23,44,0,67,0,33,314,0,347,0,56,358,0,414,374,0,374,788
06/12/2022,FRG,NY,AEA,EN,Towers with Radar,18,38,67,0,123,0,10,48,0,58,18,48,115,0,181,60,0,60,241
06/13/2022,FRG,NY,AEA,EN,Towers with Radar,0,19,29,2,50,0,41,279,5,325,0,60,308,7,375,548,0,548,923
06/14/2022,FRG,NY,AEA,EN,Towers with Radar,1,17,41,0,59,0,73,416,9,498,1,90,457,9,557,602,0,602,1159
06/15/2022,FRG,NY,AEA,EN,Towers with Radar,0,24,44,0,68,0,72,409,4,485,0,96,453,4,553,430,0,430,983
06/16/2022,FRG,NY,AEA,EN,Towers with Radar,0,32,45,0,77,0,17,101,3,121,0,49,146,3,198,260,0,260,458
06/17/2022,FRG,NY,AEA,EN,Towers with Radar,0,38,49,0,87,0,14,135,2,151,0,52,184,2,238,134,0,134,372
06/18/2022,FRG,NY,AEA,EN,Towers with Radar,0,29,35,0,64,0,22,227,0,249,0,51,262,0,313,148,0,148,461
06/19/2022,FRG,NY,AEA,EN,Towers with Radar,0,46,53,0,99,0,27,238,0,265,0,73,291,0,364,238,0,238,602
06/20/2022,FRG,NY,AEA,EN,Towers with Radar,0,27,29,0,56,0,54,420,0,474,0,81,449,0,530,428,0,428,958
06/21/2022,FRG,NY,AEA,EN,Towers with Radar,0,20,38,0,58,0,68,284,2,354,0,88,322,2,412,686,0,686,1098
06/22/2022,FRG,NY,AEA,EN,Towers with Radar,0,29,71,0,100,0,4,1,1,6,0,33,72,1,106,0,0,0,106
06/23/2022,FRG,NY,AEA,EN,Towers with Radar,0,30,42,0,72,0,46,323,3,372,0,76,365,3,444,466,0,466,910
06/24/2022,FRG,NY,AEA,EN,Towers with Radar,0,26,47,0,73,0,27,298,0,325,0,53,345,0,398,438,0,438,836
06/25/2022,FRG,NY,AEA,EN,Towers with Radar,0,25,27,0,52,0,32,418,0,450,0,57,445,0,502,460,0,460,962
06/26/2022,FRG,NY,AEA,EN,Towers with Radar,0,41,33,0,74,0,22,382,0,404,0,63,415,0,478,358,0,358,836
06/27/2022,FRG,NY,AEA,EN,Towers with Radar,0,23,34,0,57,0,7,24,1,32,0,30,58,1,89,38,0,38,127
06/28/2022,FRG,NY,AEA,EN,Towers with Radar,0,15,23,0,38,0,64,365,1,430,0,79,388,1,468,530,0,530,998
06/29/2022,FRG,NY,AEA,EN,Towers with Radar,1,24,35,0,60,0,64,386,2,452,1,88,421,2,512,500,0,500,1012
06/30/2022,FRG,NY,AEA,EN,Towers with Radar,0,31,37,0,68,0,55,345,2,402,0,86,382,2,470,512,0,512,982
07/01/2022,FRG,NY,AEA,EN,Towers with Radar,0,14,41,1,56,0,59,336,2,397,0,73,377,3,453,460,0,460,913
07/02/2022,FRG,NY,AEA,EN,Towers with Radar,0,12,29,0,41,0,21,71,1,93,0,33,100,1,134,260,0,260,394
07/03/2022,FRG,NY,AEA,EN,Towers with Radar,0,15,64,0,79,0,75,292,0,367,0,90,356,0,446,288,0,288,734
07/04/2022,FRG,NY,AEA,EN,Towers with Radar,0,8,31,0,39,0,36,269,3,308,0,44,300,3,347,366,0,366,713
07/05/2022,FRG,NY,AEA,EN,Towers with Radar,0,20,33,0,53,0,37,241,4,282,0,57,274,4,335,378,0,378,713
07/06/2022,FRG,NY,AEA,EN,Towers with Radar,0,18,40,0,58,0,64,339,6,409,0,82,379,6,467,562,0,562,1029
07/07/2022,FRG,NY,AEA,EN,Towers with Radar,0,23,39,0,62,0,78,244,2,324,0,101,283,2,386,506,0,506,892
07/08/2022,FRG,NY,AEA,EN,Towers with Radar,0,16,44,0,60,0,53,305,3,361,0,69,349,3,421,476,0,476,897
07/09/2022,FRG,NY,AEA,EN,Towers with Radar,0,29,27,0,56,0,38,347,0,385,0,67,374,0,441,408,0,408,849
07/10/2022,FRG,NY,AEA,EN,Towers with Radar,0,21,32,0,53,0,64,381,0,445,0,85,413,0,498,312,0,312,810
07/11/2022,FRG,NY,AEA,EN,Towers with Radar,0,15,29,0,44,0,66,322,4,392,0,81,351,4,436,444,0,444,880
07/12/2022,FRG,NY,AEA,EN,Towers with Radar,0,10,23,0,33,0,27,149,6,182,0,37,172,6,215,252,0,252,467
07/13/2022,FRG,NY,AEA,EN,Towers with Radar,0,31,43,0,74,0,81,428,6,515,0,112,471,6,589,568,0,568,1157
07/14/2022,FRG,NY,AEA,EN,Towers with Radar,0,26,46,0,72,0,29,283,9,321,0,55,329,9,393,340,0,340,733
07/15/2022,FRG,NY,AEA,EN,Towers with Radar,0,29,43,1,73,0,72,365,2,439,0,101,408,3,512,471,0,471,983
07/16/2022,FRG,NY,AEA,EN,Towers with Radar,0,31,56,0,87,0,13,159,0,172,0,44,215,0,259,228,0,228,487
07/17/2022,FRG,NY,AEA,EN,Towers with Radar,0,25,44,0,69,0,59,295,1,355,0,84,339,1,424,346,0,346,770
07/18/2022,FRG,NY,AEA,EN,Towers with Radar,0,37,33,0,70,0,0,0,0,0,0,37,33,0,70,0,0,0,70
07/19/2022,FRG,NY,AEA,EN,Towers with Radar,0,29,46,0,75,0,72,349,4,425,0,101,395,4,500,470,0,470,970
07/20/2022,FRG,NY,AEA,EN,Towers with Radar,1,18,34,0,53,0,67,364,2,433,1,85,398,2,486,414,0,414,900
07/21/2022,FRG,NY,AEA,EN,Towers with Radar,0,25,36,0,61,0,29,251,2,282,0,54,287,2,343,374,0,374,717
07/22/2022,FRG,NY,AEA,EN,Towers with Radar,0,23,35,2,60,0,50,401,1,452,0,73,436,3,512,426,0,426,938
07/23/2022,FRG,NY,AEA,EN,Towers with Radar,0,23,32,0,55,0,47,380,0,427,0,70,412,0,482,450,0,450,932
07/24/2022,FRG,NY,AEA,EN,Towers with Radar,0,23,63,0,86,0,11,174,1,186,0,34,237,1,272,242,0,242,514
07/25/2022,FRG,NY,AEA,EN,Towers with Radar,0,24,23,0,47,0,14,57,8,79,0,38,80,8,126,88,0,88,214
07/26/2022,FRG,NY,AEA,EN,Towers with Radar,0,23,27,0,50,0,52,332,5,389,0,75,359,5,439,512,0,512,951
07/27/2022,FRG,NY,AEA,EN,Towers with Radar,0,30,42,0,72,0,67,375,6,448,0,97,417,6,520,514,0,514,1034
07/28/2022,FRG,NY,AEA,EN,Towers with Radar,0,26,58,0,84,0,34,187,6,227,0,60,245,6,311,398,0,398,709
07/29/2022,FRG,NY,AEA,EN,Towers with Radar,0,27,30,0,57,0,29,284,4,317,0,56,314,4,374,546,0,546,920
07/30/2022,FRG,NY,AEA,EN,Towers with Radar,0,21,36,0,57,0,41,377,0,418,0,62,413,0,475,314,0,314,789
07/31/2022,FRG,NY,AEA,EN,Towers with Radar,0,23,43,0,66,0,35,326,0,361,0,58,369,0,427,241,0,241,668
08/01/2022,FRG,NY,AEA,EN,Towers with Radar,0,17,70,0,87,0,2,36,1,39,0,19,106,1,126,60,0,60,186
08/02/2022,FRG,NY,AEA,EN,Towers with Radar,0,25,36,0,61,0,69,405,3,477,0,94,441,3,538,588,0,588,1126
08/03/2022,FRG,NY,AEA,EN,Towers with Radar,0,29,39,0,68,0,67,363,3,433,0,96,402,3,501,576,0,576,1077
08/04/2022,FRG,NY,AEA,EN,Towers with Radar,0,19,53,0,72,0,77,340,1,418,0,96,393,1,490,400,0,400,890
08/05/2022,FRG,NY,AEA,EN,Towers with Radar,0,24,42,0,66,0,61,304,4,369,0,85,346,4,435,414,0,414,849
08/06/2022,FRG,NY,AEA,EN,Towers with Radar,0,21,34,1,56,0,35,265,0,300,0,56,299,1,356,294,0,294,650
08/07/2022,FRG,NY,AEA,EN,Towers with Radar,0,39,44,1,84,0,32,246,0,278,0,71,290,1,362,200,0,200,562
08/08/2022,FRG,NY,AEA,EN,Towers with Radar,0,14,22,0,36,0,27,273,2,302,0,41,295,2,338,319,0,319,657
08/09/2022,FRG,NY,AEA,EN,Towers with Radar,0,17,32,0,49,0,41,237,2,280,0,58,269,2,329,438,0,438,767
08/10/2022,FRG,NY,AEA,EN,Towers with Radar,0,40,38,0,78,0,26,296,4,326,0,66,334,4,404,564,0,564,968
08/11/2022,FRG,NY,AEA,EN,Towers with Radar,0,21,48,0,69,0,50,209,0,259,0,71,257,0,328,470,0,470,798
08/12/2022,FRG,NY,AEA,EN,Towers with Radar,0,21,42,0,63,0,48,387,2,437,0,69,429,2,500,504,0,504,1004
08/13/2022,FRG,NY,AEA,EN,Towers with Radar,0,26,32,0,58,0,44,378,1,423,0,70,410,1,481,442,0,442,923
08/14/2022,FRG,NY,AEA,EN,Towers with Radar,0,36,50,0,86,0,69,418,0,487,0,105,468,0,573,334,0,334,907
08/15/2022,FRG,NY,AEA,EN,Towers with Radar,0,24,47,0,71,0,63,276,4,343,0,87,323,4,414,452,0,452,866
08/16/2022,FRG,NY,AEA,EN,Towers with Radar,0,25,46,0,71,0,69,289,4,362,0,94,335,4,433,460,0,460,893
08/17/2022,FRG,NY,AEA,EN,Towers with Radar,0,19,36,0,55,0,45,296,0,341,0,64,332,0,396,566,0,566,962
08/18/2022,FRG,NY,AEA,EN,Towers with Radar,0,29,34,0,63,0,71,337,3,411,0,100,371,3,474,604,0,604,1078
08/19/2022,FRG,NY,AEA,EN,Towers with Radar,0,30,47,0,77,0,42,362,3,407,0,72,409,3,484,386,0,386,870
08/20/2022,FRG,NY,AEA,EN,Towers with Radar,0,22,16,0,38,0,28,364,0,392,0,50,380,0,430,448,0,448,878
08/21/2022,FRG,NY,AEA,EN,Towers with Radar,0,24,46,0,70,0,34,237,0,271,0,58,283,0,341,394,0,394,735
08/22/2022,FRG,NY,AEA,EN,Towers with Radar,0,28,36,1,65,0,3,43,0,46,0,31,79,1,111,38,0,38,149
08/23/2022,FRG,NY,AEA,EN,Towers with Radar,0,26,41,0,67,0,26,127,6,159,0,52,168,6,226,248,0,248,474
08/24/2022,FRG,NY,AEA,EN,Towers with Radar,0,25,48,0,73,0,68,338,4,410,0,93,386,4,483,572,0,572,1055
08/25/2022,FRG,NY,AEA,EN,Towers with Radar,0,29,26,0,55,0,110,409,2,521,0,139,435,2,576,620,0,620,1196
08/26/2022,FRG,NY,AEA,EN,Towers with Radar,2,22,37,0,61,0,28,294,3,325,2,50,331,3,386,314,0,314,700
08/27/2022,FRG,NY,AEA,EN,Towers with Radar,0,28,40,0,68,0,34,334,0,368,0,62,374,0,436,378,0,378,814
08/28/2022,FRG,NY,AEA,EN,Towers with Radar,0,20,59,0,79,0,21,219,0,240,0,41,278,0,319,398,0,398,717
08/29/2022,FRG,NY,AEA,EN,Towers with Radar,0,35,55,0,90,0,34,194,9,237,0,69,249,9,327,474,48,522,849
08/30/2022,FRG,NY,AEA,EN,Towers with Radar,0,27,39,0,66,0,34,234,3,271,0,61,273,3,337,352,0,352,689
08/31/2022,FRG,NY,AEA,EN,Towers with Radar,2,27,31,0,60,0,95,338,6,439,2,122,369,6,499,452,0,452,951
09/01/2022,FRG,NY,AEA,EN,Towers with Radar,0,37,63,0,100,0,63,335,2,400,0,100,398,2,500,697,0,697,1197
09/02/2022,FRG,NY,AEA,EN,Towers with Radar,1,36,27,0,64,0,90,398,4,492,1,126,425,4,556,544,0,544,1100
09/03/2022,FRG,NY,AEA,EN,Towers with Radar,0,11,23,0,34,0,37,398,0,435,0,48,421,0,469,494,0,494,963
09/04/2022,FRG,NY,AEA,EN,Towers with Radar,0,16,19,0,35,0,3,291,0,294,0,19,310,0,329,452,0,452,781
09/05/2022,FRG,NY,AEA,EN,Towers with Radar,0,23,38,0,61,0,32,185,0,217,0,55,223,0,278,336,0,336,614
09/06/2022,FRG,NY,AEA,EN,Towers with Radar,0,22,47,0,69,0,4,1,0,5,0,26,48,0,74,0,0,0,74
09/07/2022,FRG,NY,AEA,EN,Towers with Radar,0,31,46,0,77,0,17,49,0,66,0,48,95,0,143,226,0,226,369
09/08/2022,FRG,NY,AEA,EN,Towers with Radar,0,19,44,0,63,0,69,328,2,399,0,88,372,2,462,440,0,440,902
09/09/2022,FRG,NY,AEA,EN,Towers with Radar,0,18,36,0,54,0,76,373,2,451,0,94,409,2,505,704,0,704,1209
09/10/2022,FRG,NY,AEA,EN,Towers with Radar,0,21,43,0,64,0,64,409,1,474,0,85,452,1,538,548,0,548,1086
09/11/2022,FRG,NY,AEA,EN,Towers with Radar,0,21,33,0,54,0,19,194,2,215,0,40,227,2,269,462,0,462,731
09/12/2022,FRG,NY,AEA,EN,Towers with Radar,0,27,26,0,53,0,8,48,1,57,0,35,74,1,110,144,0,144,254
09/13/2022,FRG,NY,AEA,EN,Towers with Radar,0,21,27,2,50,0,26,119,2,147,0,47,146,4,197,320,0,320,517
09/14/2022,FRG,NY,AEA,EN,Towers with Radar,0,34,28,0,62,0,78,392,8,478,0,112,420,8,540,422,0,422,962
09/15/2022,FRG,NY,AEA,EN,Towers with Radar,0,31,51,0,82,0,92,378,10,480,0,123,429,10,562,540,0,540,1102
09/16/2022,FRG,NY,AEA,EN,Towers with Radar,0,47,34,0,81,0,73,397,16,486,0,120,431,16,567,624,0,624,1191
09/17/2022,FRG,NY,AEA,EN,Towers with Radar,0,9,40,0,49,0,81,406,16,503,0,90,446,16,552,660,0,660,1212
09/18/2022,FRG,NY,AEA,EN,Towers with Radar,0,30,39,0,69,0,42,311,16,369,0,72,350,16,438,344,0,344,782
09/19/2022,FRG,NY,AEA,EN,Towers with Radar,1,27,23,0,51,0,55,221,34,310,1,82,244,34,361,374,0,374,735
09/20/2022,FRG,NY,AEA,EN,Towers with Radar,0,20,40,0,60,0,66,280,24,370,0,86,320,24,430,382,0,382,812
09/21/2022,FRG,NY,AEA,EN,Towers with Radar,0,28,34,0,62,0,32,258,23,313,0,60,292,23,375,4,0,4,379
09/22/2022,FRG,NY,AEA,EN,Towers with Radar,1,25,57,0,83,0,8,48,19,75,1,33,105,19,158,4,3,7,165
09/23/2022,FRG,NY,AEA,EN,Towers with Radar,0,39,45,0,84,0,41,141,24,206,0,80,186,24,290,114,0,114,404
09/24/2022,FRG,NY,AEA,EN,Towers with Radar,0,20,28,0,48,0,60,387,20,467,0,80,415,20,515,462,40,502,1017
09/25/2022,FRG,NY,AEA,EN,Towers with Radar,0,21,30,0,51,0,46,203,3,252,0,67,233,3,303,266,0,266,569
09/26/2022,FRG,NY,AEA,EN,Towers with Radar,0,22,16,0,38,0,32,220,5,257,0,54,236,5,295,380,0,380,675
09/27/2022,FRG,NY,AEA,EN,Towers with Radar,0,18,30,0,48,0,72,259,7,338,0,90,289,7,386,576,0,576,962
09/28/2022,FRG,NY,AEA,EN,Towers with Radar,0,19,29,0,48,0,85,300,2,387,0,104,329,2,435,556,0,556,991
09/29/2022,FRG,NY,AEA,EN,Towers with Radar,0,27,45,0,72,0,84,313,1,398,0,111,358,1,470,564,0,564,1034
09/30/2022,FRG,NY,AEA,EN,Towers with Radar,0,24,36,0,60,0,46,269,0,315,0,70,305,0,375,388,0,388,763
10/01/2022,FRG,NY,AEA,EN,Towers with Radar,0,23,19,0,42,0,0,0,0,0,0,23,19,0,42,0,0,0,42
10/02/2022,FRG,NY,AEA,EN,Towers with Radar,0,24,20,0,44,0,4,13,0,17,0,28,33,0,61,0,0,0,61
10/03/2022,FRG,NY,AEA,EN,Towers with Radar,0,13,29,0,42,0,1,64,1,66,0,14,93,1,108,40,0,40,148
10/04/2022,FRG,NY,AEA,EN,Towers with Radar,1,15,36,0,52,0,4,0,0,4,1,19,36,0,56,0,0,0,56
10/05/2022,FRG,NY,AEA,EN,Towers with Radar,1,29,30,0,60,0,4,1,0,5,1,33,31,0,65,0,0,0,65
10/06/2022,FRG,NY,AEA,EN,Towers with Radar,0,20,42,0,62,0,111,401,1,513,0,131,443,1,575,542,0,542,1117
10/07/2022,FRG,NY,AEA,EN,Towers with Radar,0,35,47,4,86,0,69,351,4,424,0,104,398,8,510,362,0,362,872
10/08/2022,FRG,NY,AEA,EN,Towers with Radar,0,27,27,0,54,0,118,438,32,588,0,145,465,32,642,418,0,418,1060
10/09/2022,FRG,NY,AEA,EN,Towers with Radar,0,38,34,0,72,0,55,366,1,422,0,93,400,1,494,414,0,414,908
10/10/2022,FRG,NY,AEA,EN,Towers with Radar,0,25,42,0,67,0,106,327,0,433,0,131,369,0,500,632,0,632,1132
10/11/2022,FRG,NY,AEA,EN,Towers with Radar,0,35,33,0,68,0,130,341,1,472,0,165,374,1,540,540,0,540,1080
10/12/2022,FRG,NY,AEA,EN,Towers with Radar,0,16,38,2,56,0,66,333,0,399,0,82,371,2,455,538,0,538,993
10/13/2022,FRG,NY,AEA,EN,Towers with Radar,0,26,36,0,62,0,8,59,0,67,0,34,95,0,129,144,0,144,273
10/14/2022,FRG,NY,AEA,EN,Towers with Radar,0,30,44,2,76,0,56,306,2,364,0,86,350,4,440,528,0,528,968
10/15/2022,FRG,NY,AEA,EN,Towers with Radar,0,23,34,0,57,0,58,405,0,463,0,81,439,0,520,548,0,548,1068
10/16/2022,FRG,NY,AEA,EN,Towers with Radar,0,32,55,0,87,0,45,396,0,441,0,77,451,0,528,452,0,452,980
10/17/2022,FRG,NY,AEA,EN,Towers with Radar,0,31,22,0,53,0,11,79,2,92,0,42,101,2,145,172,0,172,317
10/18/2022,FRG,NY,AEA,EN,Towers with Radar,0,31,33,0,64,0,88,332,4,424,0,119,365,4,488,666,0,666,1154
10/19/2022,FRG,NY,AEA,EN,Towers with Radar,1,22,44,0,67,0,66,313,4,383,1,88,357,4,450,424,0,424,874
10/20/2022,FRG,NY,AEA,EN,Towers with Radar,0,27,39,0,66,0,74,237,1,312,0,101,276,1,378,398,0,398,776
10/21/2022,FRG,NY,AEA,EN,Towers with Radar,1,33,34,0,68,0,81,359,2,442,1,114,393,2,510,602,0,602,1112
10/22/2022,FRG,NY,AEA,EN,Towers with Radar,0,26,33,0,59,0,70,436,0,506,0,96,469,0,565,436,0,436,1001
10/23/2022,FRG,NY,AEA,EN,Towers with Radar,0,34,42,0,76,0,9,112,0,121,0,43,154,0,197,304,0,304,501
10/24/2022,FRG,NY,AEA,EN,Towers with Radar,1,22,27,0,50,0,0,0,0,0,1,22,27,0,50,0,0,0,50
10/25/2022,FRG,NY,AEA,EN,Towers with Radar,1,18,33,0,52,0,8,41,0,49,1,26,74,0,101,132,0,132,233
10/26/2022,FRG,NY,AEA,EN,Towers with Radar,1,28,29,0,58,0,8,25,0,33,1,36,54,0,91,108,0,108,199
10/27/2022,FRG,NY,AEA,EN,Towers with Radar,2,24,23,0,49,0,56,369,1,426,2,80,392,1,475,334,0,334,809
10/28/2022,FRG,NY,AEA,EN,Towers with Radar,0,32,49,0,81,0,83,330,1,414,0,115,379,1,495,542,0,542,1037
10/29/2022,FRG,NY,AEA,EN,Towers with Radar,0,20,27,0,47,0,47,354,0,401,0,67,381,0,448,546,0,546,994
10/30/2022,FRG,NY,AEA,EN,Towers with Radar,0,21,26,0,47,0,26,329,1,356,0,47,355,1,403,588,0,588,991
10/31/2022,FRG,NY,AEA,EN,Towers with Radar,1,22,22,0,45,0,54,188,4,246,1,76,210,4,291,126,0,126,417
11/01/2022,FRG,NY,AEA,EN,Towers with Radar,0,25,32,0,57,0,4,40,1,45,0,29,72,1,102,102,0,102,204
11/02/2022,FRG,NY,AEA,EN,Towers with Radar,0,29,22,0,51,0,94,336,3,433,0,123,358,3,484,536,0,536,1020
11/03/2022,FRG,NY,AEA,EN,Towers with Radar,0,35,28,0,63,0,122,324,1,447,0,157,352,1,510,472,0,472,982
11/04/2022,FRG,NY,AEA,EN,Towers with Radar,0,21,35,0,56,0,48,263,1,312,0,69,298,1,368,386,0,386,754
11/05/2022,FRG,NY,AEA,EN,Towers with Radar,2,23,27,0,52,0,92,334,0,426,2,115,361,0,478,342,0,342,820
11/06/2022,FRG,NY,AEA,EN,Towers with Radar,0,33,59,0,92,0,19,260,0,279,0,52,319,0,371,194,0,194,565
11/07/2022,FRG,NY,AEA,EN,Towers with Radar,0,20,26,0,46,0,81,274,0,355,0,101,300,0,401,446,0,446,847
11/08/2022,FRG,NY,AEA,EN,Towers with Radar,0,17,20,0,37,0,57,177,2,236,0,74,197,2,273,402,0,402,675
11/09/2022,FRG,NY,AEA,EN,Towers with Radar,0,31,28,0,59,0,92,361,0,453,0,123,389,0,512,506,0,506,1018
11/10/2022,FRG,NY,AEA,EN,Towers with Radar,0,27,33,0,60,0,99,377,2,478,0,126,410,2,538,612,0,612,1150
11/11/2022,FRG,NY,AEA,EN,Towers with Radar,0,22,22,0,44,0,14,61,0,75,0,36,83,0,119,166,0,166,285
11/12/2022,FRG,NY,AEA,EN,Towers with Radar,1,17,13,0,31,0,12,140,0,152,1,29,153,0,183,260,0,260,443
11/13/2022,FRG,NY,AEA,EN,Towers with Radar,1,38,46,0,85,0,11,91,0,102,1,49,137,0,187,220,0,220,407
11/14/2022,FRG,NY,AEA,EN,Towers with Radar,1,36,29,0,66,0,72,292,2,366,1,108,321,2,432,416,0,416,848
11/15/2022,FRG,NY,AEA,EN,Towers with Radar,0,18,32,0,50,0,51,278,9,338,0,69,310,9,388,474,0,474,862
11/16/2022,FRG,NY,AEA,EN,Towers with Radar,1,30,31,0,62,0,4,66,0,70,1,34,97,0,132,124,0,124,256
11/17/2022,FRG,NY,AEA,EN,Towers with Radar,0,39,40,0,79,0,36,245,5,286,0,75,285,5,365,362,0,362,727
11/18/2022,FRG,NY,AEA,EN,Towers with Radar,0,33,34,0,67,0,45,177,3,225,0,78,211,3,292,198,0,198,490
11/19/2022,FRG,NY,AEA,EN,Towers with Radar,0,20,32,0,52,0,49,313,0,362,0,69,345,0,414,374,0,374,788
11/20/2022,FRG,NY,AEA,EN,Towers with Radar,0,41,32,0,73,0,7,62,0,69,0,48,94,0,142,60,0,60,202
11/21/2022,FRG,NY,AEA,EN,Towers with Radar,0,18,19,2,39,0,69,304,5,378,0,87,323,7,417,582,0,582,999
11/22/2022,FRG,NY,AEA,EN,Towers with Radar,0,33,44,1,78,0,89,363,15,467,0,122,407,16,545,540,0,540,1085
11/23/2022,FRG,NY,AEA,EN,Towers with Radar,0,35,39,0,74,0,108,325,4,437,0,143,364,4,511,486,0,486,997
11/24/2022,FRG,NY,AEA,EN,Towers with Radar,1,16,19,0,36,0,6,119,0,125,1,22,138,0,161,284,0,284,445
11/25/2022,FRG,NY,AEA,EN,Towers with Radar,0,14,29,0,43,0,5,39,0,44,0,19,68,0,87,176,0,176,263
11/26/2022,FRG,NY,AEA,EN,Towers with Radar,0,34,32,0,66,0,24,341,0,365,0,58,373,0,431,264,0,264,695
11/27/2022,FRG,NY,AEA,EN,Towers with Radar,2,48,61,0,111,0,11,67,0,78,2,59,128,0,189,272,0,272,461
11/28/2022,FRG,NY,AEA,EN,Towers with Radar,1,33,30,0,64,0,31,214,4,249,1,64,244,4,313,483,0,483,796
11/29/2022,FRG,NY,AEA,EN,Towers with Radar,0,20,24,0,44,0,91,272,4,367,0,111,296,4,411,476,0,476,887
11/30/2022,FRG,NY,AEA,EN,Towers with Radar,0,24,14,0,38,0,9,21,0,30,0,33,35,0,68,152,0,152,220
12/01/2022,FRG,NY,AEA,EN,Towers with Radar,0,31,28,0,59,0,18,101,2,121,0,49,129,2,180,131,0,131,311
12/02/2022,FRG,NY,AEA,EN,Towers with Radar,8,26,34,0,68,0,71,325,3,399,8,97,359,3,467,494,0,494,961
12/03/2022,FRG,NY,AEA,EN,Towers with Radar,1,17,8,0,26,0,0,13,1,14,1,17,21,1,40,26,0,26,66
12/04/2022,FRG,NY,AEA,EN,Towers with Radar,6,27,32,0,65,0,25,407,3,435,6,52,439,3,500,290,0,290,790
12/05/2022,FRG,NY,AEA,EN,Towers with Radar,0,22,23,1,46,0,66,317,6,389,0,88,340,7,435,498,0,498,933
12/06/2022,FRG,NY,AEA,EN,Towers with Radar,4,18,20,0,42,0,49,109,4,162,4,67,129,4,204,320,0,320,524
12/07/2022,FRG,NY,AEA,EN,Towers with Radar,2,27,19,0,48,0,0,0,0,0,2,27,19,0,48,0,0,0,48
12/08/2022,FRG,NY,AEA,EN,Towers with Radar,0,34,44,0,78,0,103,401,1,505,0,137,445,1,583,542,0,542,1125
12/09/2022,FRG,NY,AEA,EN,Towers with Radar,0,40,36,0,76,0,90,309,1,400,0,130,345,1,476,560,0,560,1036
12/10/2022,FRG,NY,AEA,EN,Towers with Radar,1,19,28,0,48,0,29,226,0,255,1,48,254,0,303,578,0,578,881
12/11/2022,FRG,NY,AEA,EN,Towers with Radar,1,33,27,0,61,0,4,40,1,45,1,37,67,1,106,122,0,122,228
12/12/2022,FRG,NY,AEA,EN,Towers with Radar,1,25,31,0,57,0,20,93,15,128,1,45,124,15,185,390,0,390,575
12/13/2022,FRG,NY,AEA,EN,Towers with Radar,0,17,35,0,52,0,112,293,1,406,0,129,328,1,458,606,0,606,1064
12/14/2022,FRG,NY,AEA,EN,Towers with Radar,0,31,26,0,57,0,52,207,5,264,0,83,233,5,321,268,0,268,589
12/15/2022,FRG,NY,AEA,EN,Towers with Radar,0,19,21,0,40,0,42,176,0,218,0,61,197,0,258,326,0,326,584
12/16/2022,FRG,NY,AEA,EN,Towers with Radar,3,33,25,0,61,0,0,0,0,0,3,33,25,0,61,0,0,0,61
12/17/2022,FRG,NY,AEA,EN,Towers with Radar,2,20,26,0,48,0,27,249,3,279,2,47,275,3,327,476,0,476,803
12/18/2022,FRG,NY,AEA,EN,Towers with Radar,0,26,26,0,52,0,44,316,0,360,0,70,342,0,412,374,0,374,786
12/19/2022,FRG,NY,AEA,EN,Towers with Radar,0,26,25,2,53,0,80,247,0,327,0,106,272,2,380,494,0,494,874
12/20/2022,FRG,NY,AEA,EN,Towers with Radar,2,23,36,0,61,0,74,317,6,397,2,97,353,6,458,578,0,578,1036
12/21/2022,FRG,NY,AEA,EN,Towers with Radar,0,29,28,0,57,0,62,298,0,360,0,91,326,0,417,636,0,636,1053
12/22/2022,FRG,NY,AEA,EN,Towers with Radar,0,48,31,0,79,0,18,120,0,138,0,66,151,0,217,254,0,254,471
12/23/2022,FRG,NY,AEA,EN,Towers with Radar,0,23,10,0,33,0,4,2,0,6,0,27,12,0,39,0,0,0,39
12/24/2022,FRG,NY,AEA,EN,Towers with Radar,0,23,11,0,34,0,0,12,0,12,0,23,23,0,46,6,0,6,52
12/25/2022,FRG,NY,AEA,EN,Towers with Radar,0,26,18,0,44,0,2,8,0,10,0,28,26,0,54,18,0,18,72
12/26/2022,FRG,NY,AEA,EN,Towers with Radar,0,42,50,0,92,0,36,208,0,244,0,78,258,0,336,326,0,326,662
12/27/2022,FRG,NY,AEA,EN,Towers with Radar,1,45,33,0,79,0,57,230,2,289,1,102,263,2,368,336,0,336,704
12/28/2022,FRG,NY,AEA,EN,Towers with Radar,1,24,22,0,47,0,64,311,4,379,1,88,333,4,426,436,0,436,862
12/29/2022,FRG,NY,AEA,EN,Towers with Radar,1,33,23,0,57,0,63,353,4,420,1,96,376,4,477,356,0,356,833
12/30/2022,FRG,NY,AEA,EN,Towers with Radar,1,36,26,0,63,0,44,315,3,362,1,80,341,3,425,480,0,480,905
12/31/2022,FRG,NY,AEA,EN,Towers with Radar,0,6,6,0,12,0,0,0,0,0,0,6,6,0,12,0,0,0,12
01/01/2023,FRG,NY,AEA,EN,Towers with Radar,0,40,25,0,65,0,9,131,0,140,0,49,156,0,205,168,0,168,373
01/02/2023,FRG,NY,AEA,EN,Towers with Radar,0,45,68,0,113,0,70,314,0,384,0,115,382,0,497,554,0,554,1051
01/03/2023,FRG,NY,AEA,EN,Towers with Radar,0,40,29,0,69,0,7,2,0,9,0,47,31,0,78,0,0,0,78
01/04/2023,FRG,NY,AEA,EN,Towers with Radar,0,25,30,0,55,0,34,114,3,151,0,59,144,3,206,336,0,336,542
01/05/2023,FRG,NY,AEA,EN,Towers with Radar,0,34,38,0,72,0,0,0,0,0,0,34,38,0,72,0,0,0,72
01/06/2023,FRG,NY,AEA,EN,Towers with Radar,0,24,32,0,56,0,6,18,0,24,0,30,50,0,80,8,0,8,88
01/07/2023,FRG,NY,AEA,EN,Towers with Radar,1,19,30,0,50,0,34,305,0,339,1,53,335,0,389,428,0,428,817
01/08/2023,FRG,NY,AEA,EN,Towers with Radar,0,38,31,0,69,0,27,342,0,369,0,65,373,0,438,392,0,392,830
01/09/2023,FRG,NY,AEA,EN,Towers with Radar,3,30,30,0,63,0,50,176,7,233,3,80,206,7,296,380,0,380,676
01/10/2023,FRG,NY,AEA,EN,Towers with Radar,1,18,21,0,40,0,108,319,7,434,1,126,340,7,474,740,2,742,1216
01/11/2023,FRG,NY,AEA,EN,Towers with Radar,0,20,32,0,52,0,85,307,4,396,0,105,339,4,448,474,0,474,922
01/12/2023,FRG,NY,AEA,EN,Towers with Radar,0,43,34,2,79,0,12,37,2,51,0,55,71,4,130,184,0,184,314
01/13/2023,FRG,NY,AEA,EN,Towers with Radar,2,36,35,0,73,0,8,47,0,55,2,44,82,0,128,158,0,158,286
01/14/2023,FRG,NY,AEA,EN,Towers with Radar,0,17,18,0,35,0,5,70,0,75,0,22,88,0,110,294,0,294,404
01/15/2023,FRG,NY,AEA,EN,Towers with Radar,0,16,22,0,38,0,6,67,0,73,0,22,89,0,111,136,0,136,247
01/16/2023,FRG,NY,AEA,EN,Towers with Radar,0,45,43,0,88,0,51,334,0,385,0,96,377,0,473,352,0,352,825
01/17/2023,FRG,NY,AEA,EN,Towers with Radar,4,20,17,0,41,0,87,302,4,393,4,107,319,4,434,680,0,680,1114
01/18/2023,FRG,NY,AEA,EN,Towers with Radar,3,35,27,0,65,0,72,255,4,331,3,107,282,4,396,362,0,362,758
01/19/2023,FRG,NY,AEA,EN,Towers with Radar,0,19,24,0,43,0,10,46,0,56,0,29,70,0,99,154,0,154,253
01/20/2023,FRG,NY,AEA,EN,Towers with Radar,0,34,27,0,61,0,32,194,7,233,0,66,221,7,294,280,0,280,574
01/21/2023,FRG,NY,AEA,EN,Towers with Radar,2,20,18,0,40,0,43,298,1,342,2,63,316,1,382,502,0,502,884
01/22/2023,FRG,NY,AEA,EN,Towers with Radar,2,29,26,0,57,0,36,187,0,223,2,65,213,0,280,652,0,652,932
01/23/2023,FRG,NY,AEA,EN,Towers with Radar,0,19,14,0,33,0,0,0,0,0,0,19,14,0,33,0,0,0,33
01/24/2023,FRG,NY,AEA,EN,Towers with Radar,2,20,32,0,54,2,78,236,9,325,4,98,268,9,379,598,0,598,977
01/25/2023,FRG,NY,AEA,EN,Towers with Radar,0,16,18,0,34,0,30,97,2,129,0,46,115,2,163,296,0,296,459
01/26/2023,FRG,NY,AEA,EN,Towers with Radar,2,28,26,0,56,0,6,57,2,65,2,34,83,2,121,16,0,16,137
01/27/2023,FRG,NY,AEA,EN,Towers with Radar,1,38,25,0,64,0,76,346,4,426,1,114,371,4,490,510,0,510,1000
01/28/2023,FRG,NY,AEA,EN,Towers with Radar,0,16,16,0,32,0,48,298,0,346,0,64,314,0,378,326,0,326,704
01/29/2023,FRG,NY,AEA,EN,Towers with Radar,0,33,22,0,55,0,44,308,0,352,0,77,330,0,407,430,0,430,837
01/30/2023,FRG,NY,AEA,EN,Towers with Radar,0,19,28,0,47,1,83,274,2,360,1,102,302,2,407,598,0,598,1005
01/31/2023,FRG,NY,AEA,EN,Towers with Radar,0,13,17,0,30,0,5,42,1,48,0,18,59,1,78,15,0,15,93
02/01/2023,FRG,NY,AEA,EN,Towers with Radar,0,35,35,0,70,0,76,279,1,356,0,111,314,1,426,450,0,450,876
02/02/2023,FRG,NY,AEA,EN,Towers with Radar,0,45,27,0,72,0,96,337,0,433,0,141,364,0,505,530,0,530,1035
02/03/2023,FRG,NY,AEA,EN,Towers with Radar,2,19,23,0,44,0,10,41,1,52,2,29,64,1,96,26,0,26,122
02/04/2023,FRG,NY,AEA,EN,Towers with Radar,3,16,13,0,32,0,53,119,0,172,3,69,132,0,204,286,0,286,490
02/05/2023,FRG,NY,AEA,EN,Towers with Radar,1,33,24,0,58,0,44,266,0,310,1,77,290,0,368,450,0,450,818
02/06/2023,FRG,NY,AEA,EN,Towers with Radar,0,22,16,0,38,0,74,198,5,277,0,96,214,5,315,546,0,546,861
02/07/2023,FRG,NY,AEA,EN,Towers with Radar,0,16,15,0,31,0,63,280,1,344,0,79,295,1,375,614,0,614,989
02/08/2023,FRG,NY,AEA,EN,Towers with Radar,0,21,27,0,48,0,124,414,0,538,0,145,441,0,586,456,0,456,1042
02/09/2023,FRG,NY,AEA,EN,Towers with Radar,2,24,33,0,59,0,82,237,1,320,2,106,270,1,379,514,0,514,893
02/10/2023,FRG,NY,AEA,EN,Towers with Radar,2,26,25,0,53,0,45,140,1,186,2,71,165,1,239,258,0,258,497
02/11/2023,FRG,NY,AEA,EN,Towers with Radar,2,18,23,0,43,0,83,378,0,461,2,101,401,0,504,394,40,434,938
02/12/2023,FRG,NY,AEA,EN,Towers with Radar,1,45,25,0,71,0,31,350,0,381,1,76,375,0,452,426,0,426,878
02/13/2023,FRG,NY,AEA,EN,Towers with Radar,1,29,21,2,53,0,50,225,4,279,1,79,246,6,332,532,0,532,864
02/14/2023,FRG,NY,AEA,EN,Towers with Radar,0,18,17,0,35,0,74,339,2,415,0,92,356,2,450,652,0,652,1102
02/15/2023,FRG,NY,AEA,EN,Towers with Radar,0,34,25,0,59,0,60,187,3,250,0,94,212,3,309,210,0,210,519
02/16/2023,FRG,NY,AEA,EN,Towers with Radar,1,44,36,0,81,0,94,261,0,355,1,138,297,0,436,336,6,342,778
02/17/2023,FRG,NY,AEA,EN,Towers with Radar,2,48,44,0,94,0,5,10,0,15,2,53,54,0,109,0,0,0,109
02/18/2023,FRG,NY,AEA,EN,Towers with Radar,2,41,36,0,79,0,77,417,0,494,2,118,453,0,573,476,0,476,1049
02/19/2023,FRG,NY,AEA,EN,Towers with Radar,0,34,16,0,50,0,46,375,0,421,0,80,391,0,471,450,0,450,921
02/20/2023,FRG,NY,AEA,EN,Towers with Radar,0,35,27,0,62,0,46,243,0,289,0,81,270,0,351,414,0,414,765
02/21/2023,FRG,NY,AEA,EN,Towers with Radar,1,38,22,0,61,0,13,24,3,40,1,51,46,3,101,6,0,6,107
02/22/2023,FRG,NY,AEA,EN,Towers with Radar,0,24,17,0,41,0,47,201,4,252,0,71,218,4,293,434,0,434,727
02/23/2023,FRG,NY,AEA,EN,Towers with Radar,2,27,22,0,51,0,2,8,0,10,2,29,30,0,61,0,0,0,61
02/24/2023,FRG,NY,AEA,EN,Towers with Radar,1,36,29,0,66,0,26,69,3,98,1,62,98,3,164,58,0,58,222
02/25/2023,FRG,NY,AEA,EN,Towers with Radar,3,39,21,0,63,0,50,193,2,245,3,89,214,2,308,466,0,466,774
02/26/2023,FRG,NY,AEA,EN,Towers with Radar,0,52,39,0,91,0,14,129,0,143,0,66,168,0,234,450,0,450,684
02/27/2023,FRG,NY,AEA,EN,Towers with Radar,0,31,40,0,71,0,83,280,3,366,0,114,320,3,437,688,0,688,1125
02/28/2023,FRG,NY,AEA,EN,Towers with Radar,0,30,16,0,46,0,7,34,0,41,0,37,50,0,87,64,0,64,151
03/01/2023,FRG,NY,AEA,EN,Towers with Radar,0,25,26,0,51,0,116,288,4,408,0,141,314,4,459,510,0,510,969
03/02/2023,FRG,NY,AEA,EN,Towers with Radar,0,36,28,0,64,0,20,46,0,66,0,56,74,0,130,68,0,68,198
03/03/2023,FRG,NY,AEA,EN,Towers with Radar,2,21,22,0,45,0,83,298,1,382,2,104,320,1,427,674,0,674,1101
03/04/2023,FRG,NY,AEA,EN,Towers with Radar,2,32,16,0,50,0,3,42,0,45,2,35,58,0,95,154,0,154,249
03/05/2023,FRG,NY,AEA,EN,Towers with Radar,1,32,31,0,64,0,47,412,2,461,1,79,443,2,525,318,0,318,843
03/06/2023,FRG,NY,AEA,EN,Towers with Radar,0,26,29,0,55,0,58,299,0,357,0,84,328,0,412,466,0,466,878
03/07/2023,FRG,NY,AEA,EN,Towers with Radar,0,10,21,0,31,0,42,155,3,200,0,52,176,3,231,300,0,300,531
03/08/2023,FRG,NY,AEA,EN,Towers with Radar,2,26,25,0,53,0,29,114,5,148,2,55,139,5,201,203,0,203,404
03/09/2023,FRG,NY,AEA,EN,Towers with Radar,0,20,40,0,60,0,78,391,5,474,0,98,431,5,534,376,0,376,910
03/10/2023,FRG,NY,AEA,EN,Towers with Radar,2,30,23,0,55,0,77,241,4,322,2,107,264,4,377,686,0,686,1063
03/11/2023,FRG,NY,AEA,EN,Towers with Radar,1,10,13,0,24,0,9,29,0,38,1,19,42,0,62,86,0,86,148
03/12/2023,FRG,NY,AEA,EN,Towers with Radar,2,22,41,0,65,0,65,366,0,431,2,87,407,0,496,528,0,528,1024
03/13/2023,FRG,NY,AEA,EN,Towers with Radar,1,18,15,0,34,0,3,12,0,15,1,21,27,0,49,54,0,54,103
03/14/2023,FRG,NY,AEA,EN,Towers with Radar,0,12,9,0,21,0,2,8,0,10,0,14,17,0,31,0,0,0,31
03/15/2023,FRG,NY,AEA,EN,Towers with Radar,0,16,26,0,42,0,6,12,1,19,0,22,38,1,61,38,0,38,99
03/16/2023,FRG,NY,AEA,EN,Towers with Radar,0,40,53,1,94,0,58,375,4,437,0,98,428,5,531,470,0,470,1001
03/17/2023,FRG,NY,AEA,EN,Towers with Radar,0,32,32,0,64,0,89,333,2,424,0,121,365,2,488,586,0,586,1074
03/18/2023,FRG,NY,AEA,EN,Towers with Radar,0,24,26,0,50,0,63,335,0,398,0,87,361,0,448,470,0,470,918
03/19/2023,FRG,NY,AEA,EN,Towers with Radar,2,28,31,0,61,0,49,165,0,214,2,77,196,0,275,228,0,228,503
03/20/2023,FRG,NY,AEA,EN,Towers with Radar,1,24,19,0,44,0,83,299,0,382,1,107,318,0,426,563,0,563,989
03/21/2023,FRG,NY,AEA,EN,Towers with Radar,0,14,35,0,49,0,82,322,5,409,0,96,357,5,458,664,0,664,1122
03/22/2023,FRG,NY,AEA,EN,Towers with Radar,2,17,35,0,54,0,74,315,9,398,2,91,350,9,452,582,0,582,1034
03/23/2023,FRG,NY,AEA,EN,Towers with Radar,2,27,26,0,55,0,17,30,5,52,2,44,56,5,107,80,0,80,187
03/24/2023,FRG,NY,AEA,EN,Towers with Radar,0,38,25,0,63,0,86,270,3,359,0,124,295,3,422,756,0,756,1178
03/25/2023,FRG,NY,AEA,EN,Towers with Radar,3,24,18,0,45,0,0,26,0,26,3,24,44,0,71,0,0,0,71
03/26/2023,FRG,NY,AEA,EN,Towers with Radar,0,74,51,0,125,0,74,336,0,410,0,148,387,0,535,564,0,564,1099
03/27/2023,FRG,NY,AEA,EN,Towers with Radar,1,28,20,0,49,0,66,257,4,327,1,94,277,4,376,584,0,584,960
03/28/2023,FRG,NY,AEA,EN,Towers with Radar,1,13,25,0,39,1,35,129,7,172,2,48,154,7,211,393,0,393,604
03/29/2023,FRG,NY,AEA,EN,Towers with Radar,0,28,40,0,68,0,89,377,11,477,0,117,417,11,545,620,0,620,1165
03/30/2023,FRG,NY,AEA,EN,Towers with Radar,0,26,31,0,57,0,89,299,7,395,0,115,330,7,452,500,0,500,952
03/31/2023,FRG,NY,AEA,EN,Towers with Radar,1,21,34,0,56,0,48,166,8,222,1,69,200,8,278,450,0,450,728
04/01/2023,FRG,NY,AEA,EN,Towers with Radar,0,28,15,0,43,0,0,5,0,5,0,28,20,0,48,0,0,0,48
04/02/2023,FRG,NY,AEA,EN,Towers with Radar,0,36,33,0,69,0,14,157,1,172,0,50,190,1,241,246,0,246,487
04/03/2023,FRG,NY,AEA,EN,Towers with Radar,0,16,23,0,39,0,62,190,3,255,0,78,213,3,294,364,0,364,658
04/04/2023,FRG,NY,AEA,EN,Towers with Radar,0,28,49,0,77,0,53,254,7,314,0,81,303,7,391,454,0,454,845
04/05/2023,FRG,NY,AEA,EN,Towers with Radar,0,27,19,0,46,0,0,0,0,0,0,27,19,0,46,0,0,0,46
04/06/2023,FRG,NY,AEA,EN,Towers with Radar,0,46,40,0,86,0,16,73,3,92,0,62,113,3,178,250,0,250,428
04/07/2023,FRG,NY,AEA,EN,Towers with Radar,1,39,26,0,66,0,82,335,4,421,1,121,361,4,487,476,0,476,963
04/08/2023,FRG,NY,AEA,EN,Towers with Radar,0,32,24,0,56,0,71,415,0,486,0,103,439,0,542,572,0,572,1114
04/09/2023,FRG,NY,AEA,EN,Towers with Radar,1,41,28,0,70,0,28,231,2,261,1,69,259,2,331,346,0,346,677
04/10/2023,FRG,NY,AEA,EN,Towers with Radar,0,51,29,0,80,0,104,365,15,484,0,155,394,15,564,462,0,462,1026
04/11/2023,FRG,NY,AEA,EN,Towers with Radar,2,35,22,2,61,0,98,291,14,403,2,133,313,16,464,556,0,556,1020
04/12/2023,FRG,NY,AEA,EN,Towers with Radar,2,23,34,0,59,0,91,321,9,421,2,114,355,9,480,532,0,532,1012
04/13/2023,FRG,NY,AEA,EN,Towers with Radar,0,33,47,0,80,0,93,352,0,445,0,126,399,0,525,577,0,577,1102
04/14/2023,FRG,NY,AEA,EN,Towers with Radar,0,31,39,0,70,0,99,331,4,434,0,130,370,4,504,610,0,610,1114
04/15/2023,FRG,NY,AEA,EN,Towers with Radar,1,36,28,0,65,0,0,1,0,1,1,36,29,0,66,0,0,0,66
04/16/2023,FRG,NY,AEA,EN,Towers with Radar,1,59,62,0,122,0,8,22,0,30,1,67,84,0,152,30,0,30,182
04/17/2023,FRG,NY,AEA,EN,Towers with Radar,0,31,25,0,56,0,1,30,0,31,0,32,55,0,87,22,0,22,109
04/18/2023,FRG,NY,AEA,EN,Towers with Radar,0,33,26,0,59,0,43,149,10,202,0,76,175,10,261,504,0,504,765
04/19/2023,FRG,NY,AEA,EN,Towers with Radar,0,38,42,5,85,0,79,368,5,452,0,117,410,10,537,654,0,654,1191
04/20/2023,FRG,NY,AEA,EN,Towers with Radar,1,46,51,0,98,0,122,423,5,550,1,168,474,5,648,730,0,730,1378
04/21/2023,FRG,NY,AEA,EN,Towers with Radar,0,26,33,0,59,0,92,364,9,465,0,118,397,9,524,670,0,670,1194
04/22/2023,FRG,NY,AEA,EN,Towers with Radar,1,23,31,0,55,0,3,41,0,44,1,26,72,0,99,36,0,36,135
04/23/2023,FRG,NY,AEA,EN,Towers with Radar,2,32,33,0,67,0,31,191,1,223,2,63,224,1,290,344,0,344,634
04/24/2023,FRG,NY,AEA,EN,Towers with Radar,1,33,41,2,77,0,91,328,11,430,1,124,369,13,507,707,0,707,1214
04/25/2023,FRG,NY,AEA,EN,Towers with Radar,0,31,37,0,68,0,69,304,7,380,0,100,341,7,448,722,0,722,1170
04/26/2023,FRG,NY,AEA,EN,Towers with Radar,1,36,42,0,79,0,67,311,8,386,1,103,353,8,465,720,0,720,1185
04/27/2023,FRG,NY,AEA,EN,Towers with Radar,1,47,39,0,87,0,44,178,0,222,1,91,217,0,309,590,0,590,899
04/28/2023,FRG,NY,AEA,EN,Towers with Radar,0,31,44,0,75,0,53,182,1,236,0,84,226,1,311,653,0,653,964
04/29/2023,FRG,NY,AEA,EN,Towers with Radar,0,21,11,0,32,0,0,3,0,3,0,21,14,0,35,0,0,0,35
04/30/2023,FRG,NY,AEA,EN,Towers with Radar,0,46,24,0,70,0,0,0,0,0,0,46,24,0,70,0,0,0,70
05/01/2023,FRG,NY,AEA,EN,Towers with Radar,0,49,28,0,77,0,13,117,8,138,0,62,145,8,215,172,0,172,387
05/02/2023,FRG,NY,AEA,EN,Towers with Radar,0,13,31,0,44,3,44,96,7,150,3,57,127,7,194,266,0,266,460
05/03/2023,FRG,NY,AEA,EN,Towers with Radar,0,29,25,0,54,0,104,338,6,448,0,133,363,6,502,574,0,574,1076
05/04/2023,FRG,NY,AEA,EN,Towers with Radar,0,45,47,0,92,0,40,213,2,255,0,85,260,2,347,612,0,612,959
05/05/2023,FRG,NY,AEA,EN,Towers with Radar,0,34,34,1,69,0,78,340,5,423,0,112,374,6,492,636,0,636,1128
05/06/2023,FRG,NY,AEA,EN,Towers with Radar,0,35,28,0,63,0,63,411,3,477,0,98,439,3,540,480,52,532,1072
05/07/2023,FRG,NY,AEA,EN,Towers with Radar,0,32,43,1,76,0,43,398,1,442,0,75,441,2,518,420,0,420,938
05/08/2023,FRG,NY,AEA,EN,Towers with Radar,0,34,48,0,82,0,104,364,5,473,0,138,412,5,555,617,0,617,1172
05/09/2023,FRG,NY,AEA,EN,Towers with Radar,0,32,53,0,85,0,133,367,8,508,0,165,420,8,593,692,0,692,1285
05/10/2023,FRG,NY,AEA,EN,Towers with Radar,2,37,63,0,102,0,88,173,3,264,2,125,236,3,366,222,0,222,588
05/11/2023,FRG,NY,AEA,EN,Towers with Radar,0,48,38,0,86,0,96,389,5,490,0,144,427,5,576,554,0,554,1130
05/12/2023,FRG,NY,AEA,EN,Towers with Radar,0,31,29,0,60,0,109,377,1,487,0,140,406,1,547,484,0,484,1031
05/13/2023,FRG,NY,AEA,EN,Towers with Radar,0,18,34,0,52,0,46,335,2,383,0,64,369,2,435,568,0,568,1003
05/14/2023,FRG,NY,AEA,EN,Towers with Radar,0,40,31,0,71,0,38,311,0,349,0,78,342,0,420,484,0,484,904
05/15/2023,FRG,NY,AEA,EN,Towers with Radar,0,28,27,0,55,0,75,344,2,421,0,103,371,2,476,506,0,506,982
05/16/2023,FRG,NY,AEA,EN,Towers with Radar,0,25,27,0,52,0,75,347,3,425,0,100,374,3,477,346,0,346,823
05/17/2023,FRG,NY,AEA,EN,Towers with Radar,0,29,25,0,54,0,40,171,0,211,0,69,196,0,265,220,0,220,485
05/18/2023,FRG,NY,AEA,EN,Towers with Radar,0,31,53,0,84,0,62,337,5,404,0,93,390,5,488,580,0,580,1068
05/19/2023,FRG,NY,AEA,EN,Towers with Radar,0,28,35,1,64,0,69,410,3,482,0,97,445,4,546,474,0,474,1020
05/20/2023,FRG,NY,AEA,EN,Towers with Radar,0,22,31,0,53,0,0,0,0,0,0,22,31,0,53,0,0,0,53
05/21/2023,FRG,NY,AEA,EN,Towers with Radar,0,37,36,2,75,0,48,378,13,439,0,85,414,15,514,434,0,434,948
05/22/2023,FRG,NY,AEA,EN,Towers with Radar,0,26,27,0,53,0,81,380,2,463,0,107,407,2,516,594,0,594,1110
05/23/2023,FRG,NY,AEA,EN,Towers with Radar,1,16,38,0,55,0,72,325,3,400,1,88,363,3,455,536,0,536,991
05/24/2023,FRG,NY,AEA,EN,Towers with Radar,0,26,44,0,70,0,44,398,3,445,0,70,442,3,515,639,0,639,1154
05/25/2023,FRG,NY,AEA,EN,Towers with Radar,0,30,43,1,74,0,73,396,2,471,0,103,439,3,545,440,0,440,985
05/26/2023,FRG,NY,AEA,EN,Towers with Radar,0,35,29,0,64,1,77,446,4,528,1,112,475,4,592,428,0,428,1020
05/27/2023,FRG,NY,AEA,EN,Towers with Radar,0,21,28,0,49,0,64,408,7,479,0,85,436,7,528,398,0,398,926
05/28/2023,FRG,NY,AEA,EN,Towers with Radar,0,20,15,0,35,0,58,395,13,466,0,78,410,13,501,358,0,358,859
05/29/2023,FRG,NY,AEA,EN,Towers with Radar,0,25,26,0,51,0,32,303,0,335,0,57,329,0,386,342,0,342,728
05/30/2023,FRG,NY,AEA,EN,Towers with Radar,0,27,37,0,64,0,75,341,0,416,0,102,378,0,480,594,0,594,1074
05/31/2023,FRG,NY,AEA,EN,Towers with Radar,0,21,23,0,44,0,34,282,3,319,0,55,305,3,363,568,0,568,931
06/01/2023,FRG,NY,AEA,EN,Towers with Radar,0,33,30,0,63,0,92,396,7,495,0,125,426,7,558,714,0,714,1272
06/02/2023,FRG,NY,AEA,EN,Towers with Radar,0,43,39,0,82,0,59,320,2,381,0,102,359,2,463,572,0,572,1035
06/03/2023,FRG,NY,AEA,EN,Towers with Radar,0,25,51,0,76,0,1,58,1,60,0,26,109,1,136,196,0,196,332
06/04/2023,FRG,NY,AEA,EN,Towers with Radar,0,44,60,0,104,0,33,288,0,321,0,77,348,0,425,440,0,440,865
06/05/2023,FRG,NY,AEA,EN,Towers with Radar,0,34,41,0,75,0,61,322,1,384,0,95,363,1,459,542,0,542,1001
06/06/2023,FRG,NY,AEA,EN,Towers with Radar,0,34,34,0,68,0,23,123,5,151,0,57,157,5,219,334,0,334,553
06/07/2023,FRG,NY,AEA,EN,Towers with Radar,0,36,57,0,93,0,31,96,2,129,0,67,153,2,222,272,0,272,494
06/08/2023,FRG,NY,AEA,EN,Towers with Radar,0,41,38,0,79,0,13,58,0,71,0,54,96,0,150,256,0,256,406
06/09/2023,FRG,NY,AEA,EN,Towers with Radar,0,27,25,0,52,0,78,315,3,396,0,105,340,3,448,592,0,592,1040
06/10/2023,FRG,NY,AEA,EN,Towers with Radar,0,36,33,0,69,0,47,373,9,429,0,83,406,9,498,526,0,526,1024
06/11/2023,FRG,NY,AEA,EN,Towers with Radar,0,39,41,0,80,0,34,306,0,340,0,73,347,0,420,468,0,468,888
06/12/2023,FRG,NY,AEA,EN,Towers with Radar,0,24,30,0,54,0,47,104,3,154,0,71,134,3,208,312,0,312,520
06/13/2023,FRG,NY,AEA,EN,Towers with Radar,0,35,56,0,91,0,68,327,3,398,0,103,383,3,489,726,0,726,1215
06/14/2023,FRG,NY,AEA,EN,Towers with Radar,0,25,30,0,55,0,26,161,1,188,0,51,191,1,243,248,0,248,491
06/15/2023,FRG,NY,AEA,EN,Towers with Radar,0,22,47,0,69,0,92,430,2,524,0,114,477,2,593,587,0,587,1180
06/16/2023,FRG,NY,AEA,EN,Towers with Radar,0,36,27,0,63,0,46,243,3,292,0,82,270,3,355,379,0,379,734
06/17/2023,FRG,NY,AEA,EN,Towers with Radar,0,16,18,0,34,0,10,151,0,161,0,26,169,0,195,280,0,280,475
06/18/2023,FRG,NY,AEA,EN,Towers with Radar,0,39,42,0,81,0,31,314,0,345,0,70,356,0,426,348,0,348,774
06/19/2023,FRG,NY,AEA,EN,Towers with Radar,0,33,35,0,68,0,76,398,4,478,0,109,433,4,546,548,0,548,1094
06/20/2023,FRG,NY,AEA,EN,Towers with Radar,1,27,38,3,69,0,59,301,1,361,1,86,339,4,430,516,0,516,946
06/21/2023,FRG,NY,AEA,EN,Towers with Radar,0,24,38,0,62,0,89,232,1,322,0,113,270,1,384,282,0,282,666
06/22/2023,FRG,NY,AEA,EN,Towers with Radar,0,37,49,0,86,0,21,37,0,58,0,58,86,0,144,10,0,10,154
06/23/2023,FRG,NY,AEA,EN,Towers with Radar,0,21,38,2,61,0,4,6,0,10,0,25,44,2,71,0,0,0,71
06/24/2023,FRG,NY,AEA,EN,Towers with Radar,0,27,27,0,54,0,0,13,0,13,0,27,40,0,67,0,0,0,67
06/25/2023,FRG,NY,AEA,EN,Towers with Radar,0,28,50,1,79,0,17,171,0,188,0,45,221,1,267,530,0,530,797
06/26/2023,FRG,NY,AEA,EN,Towers with Radar,0,40,43,0,83,0,0,77,0,77,0,40,120,0,160,189,0,189,349
06/27/2023,FRG,NY,AEA,EN,Towers with Radar,0,39,47,0,86,0,19,101,4,124,0,58,148,4,210,460,0,460,670
06/28/2023,FRG,NY,AEA,EN,Towers with Radar,0,35,36,0,71,0,34,188,4,226,0,69,224,4,297,363,0,363,660
06/29/2023,FRG,NY,AEA,EN,Towers with Radar,0,48,57,0,105,0,93,439,5,537,0,141,496,5,642,286,0,286,928
06/30/2023,FRG,NY,AEA,EN,Towers with Radar,0,30,58,0,88,1,35,123,2,161,1,65,181,2,249,330,0,330,579
07/01/2023,FRG,NY,AEA,EN,Towers with Radar,0,34,31,0,65,16,51,336,1,404,16,85,367,1,469,572,0,572,1041
07/02/2023,FRG,NY,AEA,EN,Towers with Radar,0,34,32,0,66,0,0,45,1,46,0,34,77,1,112,101,0,101,213
07/03/2023,FRG,NY,AEA,EN,Towers with Radar,0,16,23,0,39,1,76,232,3,312,1,92,255,3,351,606,0,606,957
07/04/2023,FRG,NY,AEA,EN,Towers with Radar,0,19,10,0,29,4,10,102,1,117,4,29,112,1,146,402,0,402,548
07/05/2023,FRG,NY,AEA,EN,Towers with Radar,0,17,26,0,43,0,130,370,5,505,0,147,396,5,548,512,0,512,1060
07/06/2023,FRG,NY,AEA,EN,Towers with Radar,0,30,39,0,69,0,68,351,7,426,0,98,390,7,495,534,0,534,1029
07/07/2023,FRG,NY,AEA,EN,Towers with Radar,0,27,45,0,72,1,69,340,4,414,1,96,385,4,486,514,0,514,1000
07/08/2023,FRG,NY,AEA,EN,Towers with Radar,0,22,46,1,69,0,45,225,1,271,0,67,271,2,340,632,0,632,972
07/09/2023,FRG,NY,AEA,EN,Towers with Radar,0,47,58,0,105,0,32,68,0,100,0,79,126,0,205,356,0,356,561
07/10/2023,FRG,NY,AEA,EN,Towers with Radar,0,24,33,0,57,0,55,190,5,250,0,79,223,5,307,498,0,498,805
07/11/2023,FRG,NY,AEA,EN,Towers with Radar,0,23,58,0,81,0,95,379,4,478,0,118,437,4,559,564,2,566,1125
07/12/2023,FRG,NY,AEA,EN,Towers with Radar,0,23,23,0,46,0,110,444,2,556,0,133,467,2,602,508,0,508,1110
07/13/2023,FRG,NY,AEA,EN,Towers with Radar,0,19,26,0,45,0,94,324,6,424,0,113,350,6,469,366,0,366,835
07/14/2023,FRG,NY,AEA,EN,Towers with Radar,0,36,36,0,72,0,28,77,3,108,0,64,113,3,180,366,0,366,546
07/15/2023,FRG,NY,AEA,EN,Towers with Radar,0,21,44,1,66,0,19,172,2,193,0,40,216,3,259,310,0,310,569
07/16/2023,FRG,NY,AEA,EN,Towers with Radar,0,36,34,0,70,0,1,4,0,5,0,37,38,0,75,12,0,12,87
07/17/2023,FRG,NY,AEA,EN,Towers with Radar,1,35,64,0,100,0,73,268,0,341,1,108,332,0,441,388,0,388,829
07/18/2023,FRG,NY,AEA,EN,Towers with Radar,0,23,27,0,50,1,41,78,2,122,1,64,105,2,172,214,0,214,386
07/19/2023,FRG,NY,AEA,EN,Towers with Radar,0,29,51,0,80,0,72,268,1,341,0,101,319,1,421,508,0,508,929
07/20/2023,FRG,NY,AEA,EN,Towers with Radar,0,28,32,0,60,0,134,506,5,645,0,162,538,5,705,518,0,518,1223
07/21/2023,FRG,NY,AEA,EN,Towers with Radar,0,43,18,0,61,0,24,52,2,78,0,67,70,2,139,132,0,132,271
07/22/2023,FRG,NY,AEA,EN,Towers with Radar,0,30,31,0,61,0,71,471,0,542,0,101,502,0,603,594,0,594,1197
07/23/2023,FRG,NY,AEA,EN,Towers with Radar,0,32,29,0,61,0,63,411,1,475,0,95,440,1,536,536,0,536,1072
07/24/2023,FRG,NY,AEA,EN,Towers with Radar,0,22,37,0,59,0,106,340,6,452,0,128,377,6,511,602,0,602,1113
07/25/2023,FRG,NY,AEA,EN,Towers with Radar,0,30,35,0,65,0,71,217,4,292,0,101,252,4,357,503,0,503,860
07/26/2023,FRG,NY,AEA,EN,Towers with Radar,0,29,30,2,61,0,84,335,4,423,0,113,365,6,484,446,0,446,930
07/27/2023,FRG,NY,AEA,EN,Towers with Radar,0,35,37,0,72,0,35,80,0,115,0,70,117,0,187,90,0,90,277
07/28/2023,FRG,NY,AEA,EN,Towers with Radar,0,21,39,0,60,0,71,319,6,396,0,92,358,6,456,394,0,394,850
07/29/2023,FRG,NY,AEA,EN,Towers with Radar,0,36,30,0,66,0,52,220,0,272,0,88,250,0,338,354,0,354,692
07/30/2023,FRG,NY,AEA,EN,Towers with Radar,0,32,34,0,66,0,46,318,0,364,0,78,352,0,430,496,0,496,926
07/31/2023,FRG,NY,AEA,EN,Towers with Radar,0,22,46,0,68,1,82,316,4,403,1,104,362,4,471,486,0,486,957
08/01/2023,FRG,NY,AEA,EN,Towers with Radar,0,17,27,0,44,0,67,327,3,397,0,84,354,3,441,550,0,550,991
08/02/2023,FRG,NY,AEA,EN,Towers with Radar,0,22,35,0,57,0,82,390,4,476,0,104,425,4,533,658,0,658,1191
08/03/2023,FRG,NY,AEA,EN,Towers with Radar,0,26,35,0,61,0,77,369,6,452,0,103,404,6,513,402,0,402,915
08/04/2023,FRG,NY,AEA,EN,Towers with Radar,0,30,31,0,61,0,42,79,2,123,0,72,110,2,184,310,0,310,494
08/05/2023,FRG,NY,AEA,EN,Towers with Radar,0,29,31,0,60,0,38,336,0,374,0,67,367,0,434,676,0,676,1110
08/06/2023,FRG,NY,AEA,EN,Towers with Radar,0,30,45,0,75,0,58,355,1,414,0,88,400,1,489,626,0,626,1115
08/07/2023,FRG,NY,AEA,EN,Towers with Radar,0,34,36,0,70,0,0,18,0,18,0,34,54,0,88,28,0,28,116
08/08/2023,FRG,NY,AEA,EN,Towers with Radar,0,18,35,0,53,0,28,74,4,106,0,46,109,4,159,114,0,114,273
08/09/2023,FRG,NY,AEA,EN,Towers with Radar,0,29,28,0,57,0,75,362,4,441,0,104,390,4,498,440,0,440,938
08/10/2023,FRG,NY,AEA,EN,Towers with Radar,0,46,30,0,76,0,46,149,1,196,0,92,179,1,272,369,0,369,641
08/11/2023,FRG,NY,AEA,EN,Towers with Radar,0,37,30,0,67,1,67,405,2,475,1,104,435,2,542,426,0,426,968
08/12/2023,FRG,NY,AEA,EN,Towers with Radar,0,23,27,1,51,0,13,281,1,295,0,36,308,2,346,317,0,317,663
08/13/2023,FRG,NY,AEA,EN,Towers with Radar,0,43,48,0,91,0,14,308,0,322,0,57,356,0,413,452,0,452,865
08/14/2023,FRG,NY,AEA,EN,Towers with Radar,0,35,25,0,60,0,85,315,6,406,0,120,340,6,466,740,0,740,1206
08/15/2023,FRG,NY,AEA,EN,Towers with Radar,0,28,27,0,55,0,10,35,5,50,0,38,62,5,105,152,0,152,257
08/16/2023,FRG,NY,AEA,EN,Towers with Radar,0,18,54,0,72,0,24,161,2,187,0,42,215,2,259,430,0,430,689
08/17/2023,FRG,NY,AEA,EN,Towers with Radar,0,29,56,0,85,0,4,19,1,24,0,33,75,1,109,0,0,0,109
08/18/2023,FRG,NY,AEA,EN,Towers with Radar,0,30,18,0,48,0,47,234,5,286,0,77,252,5,334,332,0,332,666
08/19/2023,FRG,NY,AEA,EN,Towers with Radar,0,24,31,0,55,0,39,312,0,351,0,63,343,0,406,410,0,410,816
08/20/2023,FRG,NY,AEA,EN,Towers with Radar,0,34,21,0,55,0,50,317,0,367,0,84,338,0,422,518,0,518,940
08/21/2023,FRG,NY,AEA,EN,Towers with Radar,0,22,36,0,58,0,67,266,5,338,0,89,302,5,396,496,0,496,892
08/22/2023,FRG,NY,AEA,EN,Towers with Radar,0,11,34,0,45,0,86,337,2,425,0,97,371,2,470,536,0,536,1006
08/23/2023,FRG,NY,AEA,EN,Towers with Radar,0,16,41,0,57,0,81,354,5,440,0,97,395,5,497,648,0,648,1145
08/24/2023,FRG,NY,AEA,EN,Towers with Radar,0,29,43,0,72,0,63,182,4,249,0,92,225,4,321,416,0,416,737
08/25/2023,FRG,NY,AEA,EN,Towers with Radar,0,29,39,0,68,0,0,9,2,11,0,29,48,2,79,0,0,0,79
08/26/2023,FRG,NY,AEA,EN,Towers with Radar,0,27,28,0,55,0,19,204,0,223,0,46,232,0,278,444,0,444,722
08/27/2023,FRG,NY,AEA,EN,Towers with Radar,0,29,34,1,64,0,33,396,4,433,0,62,430,5,497,616,0,616,1113
08/28/2023,FRG,NY,AEA,EN,Towers with Radar,0,30,46,0,76,0,9,114,4,127,0,39,160,4,203,800,0,800,1003
08/29/2023,FRG,NY,AEA,EN,Towers with Radar,0,29,52,0,81,0,9,26,0,35,0,38,78,0,116,94,0,94,210
08/30/2023,FRG,NY,AEA,EN,Towers with Radar,0,23,33,0,56,0,39,157,1,197,0,62,190,1,253,328,0,328,581
08/31/2023,FRG,NY,AEA,EN,Towers with Radar,0,29,47,0,76,0,78,351,1,430,0,107,398,1,506,442,0,442,948
