01/01/2020,FSD,SD,AGL,CE,Combined TRACON& Tower with Radar,24,29,12,0,65,0,2,7,0,9,24,31,19,0,74,2,0,2,76
01/02/2020,FSD,SD,AGL,CE,Combined TRACON& Tower with Radar,42,73,41,15,171,0,1,10,0,11,42,74,51,15,182,0,0,0,182
01/03/2020,FSD,SD,AGL,CE,Combined TRACON& Tower with Radar,46,77,31,5,159,0,1,2,0,3,46,78,33,5,162,0,0,0,162
01/04/2020,FSD,SD,AGL,CE,Combined TRACON& Tower with Radar,33,36,20,0,89,0,10,44,2,56,33,46,64,2,145,14,0,14,159
01/05/2020,FSD,SD,AGL,CE,Combined TRACON& Tower with Radar,35,33,20,0,88,0,3,6,1,10,35,36,26,1,98,0,0,0,98
01/06/2020,FSD,SD,AGL,CE,Combined TRACON& Tower with Radar,36,61,49,0,146,0,5,17,0,22,36,66,66,0,168,0,0,0,168
01/07/2020,FSD,SD,AGL,CE,Combined TRACON& Tower with Radar,31,74,42,10,157,0,8,11,0,19,31,82,53,10,176,8,0,8,184
01/08/2020,FSD,SD,AGL,CE,Combined TRACON& Tower with Radar,28,68,49,9,154,0,3,16,0,19,28,71,65,9,173,0,2,2,175
01/09/2020,FSD,SD,AGL,CE,Combined TRACON& Tower with Radar,42,78,47,17,184,0,10,10,0,20,42,88,57,17,204,0,0,0,204
01/10/2020,FSD,SD,AGL,CE,Combined TRACON& Tower with Radar,37,76,46,4,163,0,0,5,0,5,37,76,51,4,168,14,0,14,182
01/11/2020,FSD,SD,AGL,CE,Combined TRACON& Tower with Radar,25,32,16,16,89,0,3,8,3,14,25,35,24,19,103,2,14,16,119
01/12/2020,FSD,SD,AGL,CE,Combined TRACON& Tower with Radar,32,33,23,12,100,0,0,5,0,5,32,33,28,12,105,8,6,14,119
01/13/2020,FSD,SD,AGL,CE,Combined TRACON& Tower with Radar,32,52,33,0,117,0,0,0,0,0,32,52,33,0,117,0,0,0,117
01/14/2020,FSD,SD,AGL,CE,Combined TRACON& Tower with Radar,31,80,57,8,176,0,5,20,0,25,31,85,77,8,201,28,0,28,229
01/15/2020,FSD,SD,AGL,CE,Combined TRACON& Tower with Radar,28,69,40,3,140,0,0,1,0,1,28,69,41,3,141,0,0,0,141
01/16/2020,FSD,SD,AGL,CE,Combined TRACON& Tower with Radar,39,69,60,11,179,0,2,19,0,21,39,71,79,11,200,14,0,14,214
01/17/2020,FSD,SD,AGL,CE,Combined TRACON& Tower with Radar,19,17,3,0,39,0,0,0,0,0,19,17,3,0,39,0,0,0,39
01/18/2020,FSD,SD,AGL,CE,Combined TRACON& Tower with Radar,3,7,0,0,10,0,0,0,0,0,3,7,0,0,10,0,0,0,10
01/19/2020,FSD,SD,AGL,CE,Combined TRACON& Tower with Radar,32,34,22,0,88,0,10,11,1,22,32,44,33,1,110,12,0,12,122
01/20/2020,FSD,SD,AGL,CE,Combined TRACON& Tower with Radar,32,54,32,0,118,0,7,22,1,30,32,61,54,1,148,2,0,2,150
01/21/2020,FSD,SD,AGL,CE,Combined TRACON& Tower with Radar,35,70,50,0,155,0,1,13,0,14,35,71,63,0,169,0,0,0,169
01/22/2020,FSD,SD,AGL,CE,Combined TRACON& Tower with Radar,27,71,27,16,141,0,0,0,0,0,27,71,27,16,141,0,0,0,141
01/23/2020,FSD,SD,AGL,CE,Combined TRACON& Tower with Radar,39,91,41,0,171,0,0,0,0,0,39,91,41,0,171,0,0,0,171
01/24/2020,FSD,SD,AGL,CE,Combined TRACON& Tower with Radar,38,69,33,9,149,0,0,1,0,1,38,69,34,9,150,0,0,0,150
01/25/2020,FSD,SD,AGL,CE,Combined TRACON& Tower with Radar,28,51,19,1,99,0,0,9,0,9,28,51,28,1,108,40,0,40,148
01/26/2020,FSD,SD,AGL,CE,Combined TRACON& Tower with Radar,33,40,21,0,94,0,0,16,0,16,33,40,37,0,110,0,0,0,110
01/27/2020,FSD,SD,AGL,CE,Combined TRACON& Tower with Radar,31,75,41,0,147,0,0,0,0,0,31,75,41,0,147,0,0,0,147
01/28/2020,FSD,SD,AGL,CE,Combined TRACON& Tower with Radar,29,80,30,7,146,0,0,0,0,0,29,80,30,7,146,0,0,0,146
01/29/2020,FSD,SD,AGL,CE,Combined TRACON& Tower with Radar,32,67,32,25,156,0,0,2,0,2,32,67,34,25,158,6,4,10,168
01/30/2020,FSD,SD,AGL,CE,Combined TRACON& Tower with Radar,41,64,24,0,129,0,0,0,0,0,41,64,24,0,129,0,0,0,129
01/31/2020,FSD,SD,AGL,CE,Combined TRACON& Tower with Radar,39,66,26,0,131,0,0,0,0,0,39,66,26,0,131,0,0,0,131
02/01/2020,FSD,SD,AGL,CE,Combined TRACON& Tower with Radar,28,31,21,12,92,0,3,40,0,43,28,34,61,12,135,24,14,38,173
02/02/2020,FSD,SD,AGL,CE,Combined TRACON& Tower with Radar,32,34,14,5,85,0,1,30,0,31,32,35,44,5,116,38,4,42,158
02/03/2020,FSD,SD,AGL,CE,Combined TRACON& Tower with Radar,32,56,53,2,143,0,2,17,0,19,32,58,70,2,162,12,0,12,174
02/04/2020,FSD,SD,AGL,CE,Combined TRACON& Tower with Radar,34,62,63,12,171,0,5,38,0,43,34,67,101,12,214,28,0,28,242
02/05/2020,FSD,SD,AGL,CE,Combined TRACON& Tower with Radar,31,69,38,12,150,0,0,24,0,24,31,69,62,12,174,58,6,64,238
02/06/2020,FSD,SD,AGL,CE,Combined TRACON& Tower with Radar,34,66,36,7,143,0,0,18,0,18,34,66,54,7,161,28,0,28,189
02/07/2020,FSD,SD,AGL,CE,Combined TRACON& Tower with Radar,40,72,43,8,163,0,1,1,0,2,40,73,44,8,165,2,0,2,167
02/08/2020,FSD,SD,AGL,CE,Combined TRACON& Tower with Radar,26,33,15,0,74,0,0,19,0,19,26,33,34,0,93,8,0,8,101
02/09/2020,FSD,SD,AGL,CE,Combined TRACON& Tower with Radar,33,34,10,0,77,0,1,10,5,16,33,35,20,5,93,4,0,4,97
02/10/2020,FSD,SD,AGL,CE,Combined TRACON& Tower with Radar,33,58,53,0,144,0,2,22,0,24,33,60,75,0,168,14,0,14,182
02/11/2020,FSD,SD,AGL,CE,Combined TRACON& Tower with Radar,33,69,61,6,169,0,4,45,0,49,33,73,106,6,218,12,0,12,230
02/12/2020,FSD,SD,AGL,CE,Combined TRACON& Tower with Radar,37,68,44,7,156,0,2,3,0,5,37,70,47,7,161,2,0,2,163
02/13/2020,FSD,SD,AGL,CE,Combined TRACON& Tower with Radar,39,55,46,9,149,0,5,12,5,22,39,60,58,14,171,8,2,10,181
02/14/2020,FSD,SD,AGL,CE,Combined TRACON& Tower with Radar,38,72,28,4,142,0,1,6,0,7,38,73,34,4,149,0,2,2,151
02/15/2020,FSD,SD,AGL,CE,Combined TRACON& Tower with Radar,32,42,39,2,115,0,8,31,0,39,32,50,70,2,154,14,0,14,168
02/16/2020,FSD,SD,AGL,CE,Combined TRACON& Tower with Radar,37,48,30,0,115,0,0,0,0,0,37,48,30,0,115,0,0,0,115
02/17/2020,FSD,SD,AGL,CE,Combined TRACON& Tower with Radar,37,52,30,0,119,0,0,5,0,5,37,52,35,0,124,0,0,0,124
02/18/2020,FSD,SD,AGL,CE,Combined TRACON& Tower with Radar,35,76,64,0,175,0,0,24,0,24,35,76,88,0,199,6,0,6,205
02/19/2020,FSD,SD,AGL,CE,Combined TRACON& Tower with Radar,37,79,71,6,193,0,4,32,0,36,37,83,103,6,229,30,6,36,265
02/20/2020,FSD,SD,AGL,CE,Combined TRACON& Tower with Radar,44,76,46,15,181,0,5,43,0,48,44,81,89,15,229,42,6,48,277
02/21/2020,FSD,SD,AGL,CE,Combined TRACON& Tower with Radar,38,73,44,11,166,0,8,37,1,46,38,81,81,12,212,64,14,78,290
02/22/2020,FSD,SD,AGL,CE,Combined TRACON& Tower with Radar,36,41,23,2,102,0,2,36,0,38,36,43,59,2,140,30,0,30,170
02/23/2020,FSD,SD,AGL,CE,Combined TRACON& Tower with Radar,35,35,27,1,98,0,6,19,2,27,35,41,46,3,125,26,0,26,151
02/24/2020,FSD,SD,AGL,CE,Combined TRACON& Tower with Radar,33,72,53,13,171,0,2,28,0,30,33,74,81,13,201,14,0,14,215
02/25/2020,FSD,SD,AGL,CE,Combined TRACON& Tower with Radar,35,83,32,16,166,0,1,4,0,5,35,84,36,16,171,0,0,0,171
02/26/2020,FSD,SD,AGL,CE,Combined TRACON& Tower with Radar,37,74,43,19,173,0,0,9,0,9,37,74,52,19,182,24,4,28,210
02/27/2020,FSD,SD,AGL,CE,Combined TRACON& Tower with Radar,43,69,59,14,185,0,2,17,2,21,43,71,76,16,206,4,0,4,210
02/28/2020,FSD,SD,AGL,CE,Combined TRACON& Tower with Radar,38,65,33,1,137,0,0,3,0,3,38,65,36,1,140,0,0,0,140
02/29/2020,FSD,SD,AGL,CE,Combined TRACON& Tower with Radar,34,43,25,0,102,0,2,27,0,29,34,45,52,0,131,26,0,26,157
03/01/2020,FSD,SD,AGL,CE,Combined TRACON& Tower with Radar,36,31,28,0,95,0,0,27,2,29,36,31,55,2,124,4,0,4,128
03/02/2020,FSD,SD,AGL,CE,Combined TRACON& Tower with Radar,35,67,54,0,156,0,5,29,0,34,35,72,83,0,190,44,0,44,234
03/03/2020,FSD,SD,AGL,CE,Combined TRACON& Tower with Radar,38,70,48,12,168,0,0,31,0,31,38,70,79,12,199,12,0,12,211
03/04/2020,FSD,SD,AGL,CE,Combined TRACON& Tower with Radar,42,78,49,20,189,0,4,26,4,34,42,82,75,24,223,40,14,54,277
03/05/2020,FSD,SD,AGL,CE,Combined TRACON& Tower with Radar,46,61,43,25,175,0,1,10,0,11,46,62,53,25,186,14,0,14,200
03/06/2020,FSD,SD,AGL,CE,Combined TRACON& Tower with Radar,40,63,44,8,155,0,4,32,2,38,40,67,76,10,193,90,2,92,285
03/07/2020,FSD,SD,AGL,CE,Combined TRACON& Tower with Radar,34,39,22,12,107,0,2,16,0,18,34,41,38,12,125,22,12,34,159
03/08/2020,FSD,SD,AGL,CE,Combined TRACON& Tower with Radar,36,38,16,11,101,0,1,26,0,27,36,39,42,11,128,36,4,40,168
03/09/2020,FSD,SD,AGL,CE,Combined TRACON& Tower with Radar,36,96,54,7,193,0,3,11,0,14,36,99,65,7,207,24,0,24,231
03/10/2020,FSD,SD,AGL,CE,Combined TRACON& Tower with Radar,36,78,43,12,169,0,2,11,0,13,36,80,54,12,182,4,0,4,186
03/11/2020,FSD,SD,AGL,CE,Combined TRACON& Tower with Radar,40,77,49,6,172,0,5,30,1,36,40,82,79,7,208,14,4,18,226
03/12/2020,FSD,SD,AGL,CE,Combined TRACON& Tower with Radar,46,67,47,12,172,0,0,7,0,7,46,67,54,12,179,0,0,0,179
03/13/2020,FSD,SD,AGL,CE,Combined TRACON& Tower with Radar,41,61,49,9,160,0,3,51,0,54,41,64,100,9,214,60,10,70,284
03/14/2020,FSD,SD,AGL,CE,Combined TRACON& Tower with Radar,39,48,27,0,114,0,1,3,0,4,39,49,30,0,118,2,0,2,120
03/15/2020,FSD,SD,AGL,CE,Combined TRACON& Tower with Radar,37,39,20,0,96,0,0,1,0,1,37,39,21,0,97,4,0,4,101
03/16/2020,FSD,SD,AGL,CE,Combined TRACON& Tower with Radar,37,52,14,13,116,0,1,2,0,3,37,53,16,13,119,0,0,0,119
03/17/2020,FSD,SD,AGL,CE,Combined TRACON& Tower with Radar,40,71,42,14,167,0,9,6,0,15,40,80,48,14,182,20,0,20,202
03/18/2020,FSD,SD,AGL,CE,Combined TRACON& Tower with Radar,42,84,25,23,174,0,0,3,0,3,42,84,28,23,177,12,0,12,189
03/19/2020,FSD,SD,AGL,CE,Combined TRACON& Tower with Radar,35,57,14,0,106,0,0,0,0,0,35,57,14,0,106,0,0,0,106
03/20/2020,FSD,SD,AGL,CE,Combined TRACON& Tower with Radar,35,72,33,0,140,0,4,19,0,23,35,76,52,0,163,2,0,2,165
03/21/2020,FSD,SD,AGL,CE,Combined TRACON& Tower with Radar,29,28,23,0,80,0,0,17,1,18,29,28,40,1,98,24,0,24,122
03/22/2020,FSD,SD,AGL,CE,Combined TRACON& Tower with Radar,21,31,15,0,67,0,2,15,0,17,21,33,30,0,84,16,0,16,100
03/23/2020,FSD,SD,AGL,CE,Combined TRACON& Tower with Radar,18,57,21,0,96,0,0,2,0,2,18,57,23,0,98,0,0,0,98
03/24/2020,FSD,SD,AGL,CE,Combined TRACON& Tower with Radar,30,73,16,11,130,0,0,4,0,4,30,73,20,11,134,0,0,0,134
03/25/2020,FSD,SD,AGL,CE,Combined TRACON& Tower with Radar,19,44,33,12,108,0,0,2,0,2,19,44,35,12,110,2,0,2,112
03/26/2020,FSD,SD,AGL,CE,Combined TRACON& Tower with Radar,26,56,19,6,107,0,0,7,0,7,26,56,26,6,114,44,0,44,158
03/27/2020,FSD,SD,AGL,CE,Combined TRACON& Tower with Radar,17,37,39,10,103,0,0,11,0,11,17,37,50,10,114,20,8,28,142
03/28/2020,FSD,SD,AGL,CE,Combined TRACON& Tower with Radar,17,28,6,0,51,0,0,0,0,0,17,28,6,0,51,0,0,0,51
03/29/2020,FSD,SD,AGL,CE,Combined TRACON& Tower with Radar,13,20,17,0,50,0,7,26,0,33,13,27,43,0,83,18,0,18,101
03/30/2020,FSD,SD,AGL,CE,Combined TRACON& Tower with Radar,14,40,24,8,86,0,6,30,0,36,14,46,54,8,122,20,4,24,146
03/31/2020,FSD,SD,AGL,CE,Combined TRACON& Tower with Radar,23,47,18,10,98,0,0,24,0,24,23,47,42,10,122,22,0,22,144
04/01/2020,FSD,SD,AGL,CE,Combined TRACON& Tower with Radar,19,50,14,3,86,0,0,8,2,10,19,50,22,5,96,10,2,12,108
04/02/2020,FSD,SD,AGL,CE,Combined TRACON& Tower with Radar,15,29,7,0,51,0,0,0,0,0,15,29,7,0,51,0,0,0,51
04/03/2020,FSD,SD,AGL,CE,Combined TRACON& Tower with Radar,19,46,18,8,91,0,0,4,0,4,19,46,22,8,95,6,0,6,101
04/04/2020,FSD,SD,AGL,CE,Combined TRACON& Tower with Radar,13,20,9,9,51,0,3,33,1,37,13,23,42,10,88,0,0,0,88
04/05/2020,FSD,SD,AGL,CE,Combined TRACON& Tower with Radar,15,15,8,2,40,0,1,11,0,12,15,16,19,2,52,30,0,30,82
04/06/2020,FSD,SD,AGL,CE,Combined TRACON& Tower with Radar,11,29,45,12,97,0,1,22,1,24,11,30,67,13,121,24,0,24,145
04/07/2020,FSD,SD,AGL,CE,Combined TRACON& Tower with Radar,15,51,28,14,108,0,0,39,0,39,15,51,67,14,147,14,14,28,175
04/08/2020,FSD,SD,AGL,CE,Combined TRACON& Tower with Radar,19,41,25,4,89,0,0,18,0,18,19,41,43,4,107,4,0,4,111
04/09/2020,FSD,SD,AGL,CE,Combined TRACON& Tower with Radar,20,40,17,9,86,0,1,8,0,9,20,41,25,9,95,4,0,4,99
04/10/2020,FSD,SD,AGL,CE,Combined TRACON& Tower with Radar,17,41,13,8,79,0,2,43,0,45,17,43,56,8,124,18,8,26,150
04/11/2020,FSD,SD,AGL,CE,Combined TRACON& Tower with Radar,14,25,10,0,49,0,2,39,0,41,14,27,49,0,90,20,0,20,110
04/12/2020,FSD,SD,AGL,CE,Combined TRACON& Tower with Radar,9,9,1,0,19,0,1,0,0,1,9,10,1,0,20,0,0,0,20
04/13/2020,FSD,SD,AGL,CE,Combined TRACON& Tower with Radar,14,25,17,4,60,0,0,10,0,10,14,25,27,4,70,0,0,0,70
04/14/2020,FSD,SD,AGL,CE,Combined TRACON& Tower with Radar,16,48,30,13,107,0,0,21,0,21,16,48,51,13,128,6,0,6,134
04/15/2020,FSD,SD,AGL,CE,Combined TRACON& Tower with Radar,13,52,26,2,93,0,0,20,0,20,13,52,46,2,113,34,0,34,147
04/16/2020,FSD,SD,AGL,CE,Combined TRACON& Tower with Radar,18,44,15,12,89,0,0,29,0,29,18,44,44,12,118,50,8,58,176
04/17/2020,FSD,SD,AGL,CE,Combined TRACON& Tower with Radar,13,37,13,16,79,0,3,30,1,34,13,40,43,17,113,76,18,94,207
04/18/2020,FSD,SD,AGL,CE,Combined TRACON& Tower with Radar,9,18,11,0,38,0,2,44,0,46,9,20,55,0,84,14,0,14,98
04/19/2020,FSD,SD,AGL,CE,Combined TRACON& Tower with Radar,9,10,13,0,32,0,1,42,0,43,9,11,55,0,75,22,0,22,97
04/20/2020,FSD,SD,AGL,CE,Combined TRACON& Tower with Radar,10,29,12,12,63,0,0,14,0,14,10,29,26,12,77,2,4,6,83
04/21/2020,FSD,SD,AGL,CE,Combined TRACON& Tower with Radar,17,51,19,8,95,0,1,45,0,46,17,52,64,8,141,56,2,58,199
04/22/2020,FSD,SD,AGL,CE,Combined TRACON& Tower with Radar,15,40,25,2,82,0,0,44,0,44,15,40,69,2,126,8,0,8,134
04/23/2020,FSD,SD,AGL,CE,Combined TRACON& Tower with Radar,19,33,11,6,69,0,0,30,0,30,19,33,41,6,99,36,0,36,135
04/24/2020,FSD,SD,AGL,CE,Combined TRACON& Tower with Radar,16,39,7,8,70,0,1,17,0,18,16,40,24,8,88,28,0,28,116
04/25/2020,FSD,SD,AGL,CE,Combined TRACON& Tower with Radar,11,20,2,0,33,0,0,10,0,10,11,20,12,0,43,34,0,34,77
04/26/2020,FSD,SD,AGL,CE,Combined TRACON& Tower with Radar,10,11,7,2,30,0,1,41,0,42,10,12,48,2,72,0,0,0,72
04/27/2020,FSD,SD,AGL,CE,Combined TRACON& Tower with Radar,12,37,20,9,78,0,3,62,0,65,12,40,82,9,143,18,0,18,161
04/28/2020,FSD,SD,AGL,CE,Combined TRACON& Tower with Radar,15,40,15,10,80,0,1,11,0,12,15,41,26,10,92,0,0,0,92
04/29/2020,FSD,SD,AGL,CE,Combined TRACON& Tower with Radar,14,48,26,7,95,0,2,20,1,23,14,50,46,8,118,16,8,24,142
04/30/2020,FSD,SD,AGL,CE,Combined TRACON& Tower with Radar,18,40,25,8,91,0,2,50,1,53,18,42,75,9,144,44,18,62,206
05/01/2020,FSD,SD,AGL,CE,Combined TRACON& Tower with Radar,19,40,25,8,92,0,2,15,0,17,19,42,40,8,109,6,4,10,119
05/02/2020,FSD,SD,AGL,CE,Combined TRACON& Tower with Radar,17,19,18,0,54,0,0,35,0,35,17,19,53,0,89,20,0,20,109
05/03/2020,FSD,SD,AGL,CE,Combined TRACON& Tower with Radar,16,12,10,0,38,0,0,47,0,47,16,12,57,0,85,28,0,28,113
05/04/2020,FSD,SD,AGL,CE,Combined TRACON& Tower with Radar,18,29,15,16,78,0,3,4,5,12,18,32,19,21,90,10,0,10,100
05/05/2020,FSD,SD,AGL,CE,Combined TRACON& Tower with Radar,21,42,24,12,99,0,1,2,0,3,21,43,26,12,102,2,0,2,104
05/06/2020,FSD,SD,AGL,CE,Combined TRACON& Tower with Radar,22,38,21,2,83,0,5,16,0,21,22,43,37,2,104,2,0,2,106
05/07/2020,FSD,SD,AGL,CE,Combined TRACON& Tower with Radar,27,52,41,0,120,0,7,7,1,15,27,59,48,1,135,0,0,0,135
05/08/2020,FSD,SD,AGL,CE,Combined TRACON& Tower with Radar,19,29,26,17,91,0,1,31,0,32,19,30,57,17,123,20,2,22,145
05/09/2020,FSD,SD,AGL,CE,Combined TRACON& Tower with Radar,22,24,18,6,70,0,1,12,0,13,22,25,30,6,83,16,2,18,101
05/10/2020,FSD,SD,AGL,CE,Combined TRACON& Tower with Radar,19,12,11,2,44,0,0,13,0,13,19,12,24,2,57,0,0,0,57
05/11/2020,FSD,SD,AGL,CE,Combined TRACON& Tower with Radar,21,35,24,17,97,0,8,26,0,34,21,43,50,17,131,10,8,18,149
05/12/2020,FSD,SD,AGL,CE,Combined TRACON& Tower with Radar,20,47,24,12,103,0,9,26,0,35,20,56,50,12,138,40,8,48,186
05/13/2020,FSD,SD,AGL,CE,Combined TRACON& Tower with Radar,22,46,34,11,113,0,1,6,0,7,22,47,40,11,120,4,0,4,124
05/14/2020,FSD,SD,AGL,CE,Combined TRACON& Tower with Radar,24,47,29,10,110,0,3,25,0,28,24,50,54,10,138,32,0,32,170
05/15/2020,FSD,SD,AGL,CE,Combined TRACON& Tower with Radar,22,34,24,18,98,0,4,37,1,42,22,38,61,19,140,38,14,52,192
05/16/2020,FSD,SD,AGL,CE,Combined TRACON& Tower with Radar,25,13,13,2,53,0,1,6,1,8,25,14,19,3,61,8,0,8,69
05/17/2020,FSD,SD,AGL,CE,Combined TRACON& Tower with Radar,20,19,14,2,55,0,0,9,0,9,20,19,23,2,64,4,0,4,68
05/18/2020,FSD,SD,AGL,CE,Combined TRACON& Tower with Radar,19,27,27,8,81,0,4,12,0,16,19,31,39,8,97,28,6,34,131
05/19/2020,FSD,SD,AGL,CE,Combined TRACON& Tower with Radar,22,44,38,14,118,0,3,14,0,17,22,47,52,14,135,0,6,6,141
05/20/2020,FSD,SD,AGL,CE,Combined TRACON& Tower with Radar,22,42,30,9,103,0,3,6,0,9,22,45,36,9,112,20,0,20,132
05/21/2020,FSD,SD,AGL,CE,Combined TRACON& Tower with Radar,32,37,42,15,126,0,0,5,1,6,32,37,47,16,132,0,0,0,132
05/22/2020,FSD,SD,AGL,CE,Combined TRACON& Tower with Radar,21,41,19,10,91,0,0,4,0,4,21,41,23,10,95,0,0,0,95
05/23/2020,FSD,SD,AGL,CE,Combined TRACON& Tower with Radar,20,20,23,0,63,0,0,17,1,18,20,20,40,1,81,6,0,6,87
05/24/2020,FSD,SD,AGL,CE,Combined TRACON& Tower with Radar,25,10,27,3,65,0,0,9,0,9,25,10,36,3,74,18,0,18,92
05/25/2020,FSD,SD,AGL,CE,Combined TRACON& Tower with Radar,16,18,25,0,59,0,0,2,0,2,16,18,27,0,61,0,0,0,61
05/26/2020,FSD,SD,AGL,CE,Combined TRACON& Tower with Radar,19,33,23,13,88,0,2,31,0,33,19,35,54,13,121,6,0,6,127
05/27/2020,FSD,SD,AGL,CE,Combined TRACON& Tower with Radar,24,38,23,12,97,0,3,29,0,32,24,41,52,12,129,22,4,26,155
05/28/2020,FSD,SD,AGL,CE,Combined TRACON& Tower with Radar,32,47,39,5,123,0,3,22,0,25,32,50,61,5,148,2,0,2,150
05/29/2020,FSD,SD,AGL,CE,Combined TRACON& Tower with Radar,23,46,35,6,110,0,3,30,0,33,23,49,65,6,143,20,2,22,165
05/30/2020,FSD,SD,AGL,CE,Combined TRACON& Tower with Radar,24,18,14,9,65,0,5,23,0,28,24,23,37,9,93,0,0,0,93
05/31/2020,FSD,SD,AGL,CE,Combined TRACON& Tower with Radar,29,16,21,7,73,0,0,30,0,30,29,16,51,7,103,16,0,16,119
06/01/2020,FSD,SD,AGL,CE,Combined TRACON& Tower with Radar,19,33,32,16,100,0,1,24,0,25,19,34,56,16,125,0,16,16,141
06/02/2020,FSD,SD,AGL,CE,Combined TRACON& Tower with Radar,22,33,28,8,91,0,2,31,0,33,22,35,59,8,124,12,4,16,140
06/03/2020,FSD,SD,AGL,CE,Combined TRACON& Tower with Radar,27,44,26,8,105,0,3,30,0,33,27,47,56,8,138,24,0,24,162
06/04/2020,FSD,SD,AGL,CE,Combined TRACON& Tower with Radar,28,46,46,9,129,0,2,40,0,42,28,48,86,9,171,6,4,10,181
06/05/2020,FSD,SD,AGL,CE,Combined TRACON& Tower with Radar,24,39,36,12,111,0,7,64,0,71,24,46,100,12,182,0,12,12,194
06/06/2020,FSD,SD,AGL,CE,Combined TRACON& Tower with Radar,23,23,25,1,72,0,4,11,1,16,23,27,36,2,88,0,0,0,88
06/07/2020,FSD,SD,AGL,CE,Combined TRACON& Tower with Radar,25,15,27,0,67,0,0,8,0,8,25,15,35,0,75,0,0,0,75
06/08/2020,FSD,SD,AGL,CE,Combined TRACON& Tower with Radar,20,39,42,4,105,0,2,16,0,18,20,41,58,4,123,4,0,4,127
06/09/2020,FSD,SD,AGL,CE,Combined TRACON& Tower with Radar,22,45,44,13,124,0,2,11,1,14,22,47,55,14,138,6,0,6,144
06/10/2020,FSD,SD,AGL,CE,Combined TRACON& Tower with Radar,24,46,50,12,132,0,7,34,0,41,24,53,84,12,173,4,0,4,177
06/11/2020,FSD,SD,AGL,CE,Combined TRACON& Tower with Radar,31,56,69,15,171,0,2,57,0,59,31,58,126,15,230,24,12,36,266
06/12/2020,FSD,SD,AGL,CE,Combined TRACON& Tower with Radar,27,31,38,4,100,0,6,32,1,39,27,37,70,5,139,32,0,32,171
06/13/2020,FSD,SD,AGL,CE,Combined TRACON& Tower with Radar,24,22,28,0,74,0,1,34,1,36,24,23,62,1,110,12,0,12,122
06/14/2020,FSD,SD,AGL,CE,Combined TRACON& Tower with Radar,27,18,22,0,67,0,0,3,0,3,27,18,25,0,70,4,0,4,74
06/15/2020,FSD,SD,AGL,CE,Combined TRACON& Tower with Radar,21,37,33,10,101,0,7,6,0,13,21,44,39,10,114,2,14,16,130
06/16/2020,FSD,SD,AGL,CE,Combined TRACON& Tower with Radar,22,48,36,15,121,0,1,15,3,19,22,49,51,18,140,0,8,8,148
06/17/2020,FSD,SD,AGL,CE,Combined TRACON& Tower with Radar,24,48,26,12,110,0,8,9,1,18,24,56,35,13,128,4,0,4,132
06/18/2020,FSD,SD,AGL,CE,Combined TRACON& Tower with Radar,29,49,32,0,110,0,0,10,0,10,29,49,42,0,120,6,0,6,126
06/19/2020,FSD,SD,AGL,CE,Combined TRACON& Tower with Radar,28,41,43,9,121,0,11,32,2,45,28,52,75,11,166,52,4,56,222
06/20/2020,FSD,SD,AGL,CE,Combined TRACON& Tower with Radar,24,15,25,0,64,0,1,8,0,9,24,16,33,0,73,0,0,0,73
06/21/2020,FSD,SD,AGL,CE,Combined TRACON& Tower with Radar,26,18,22,0,66,0,1,18,0,19,26,19,40,0,85,0,0,0,85
06/22/2020,FSD,SD,AGL,CE,Combined TRACON& Tower with Radar,23,43,37,0,103,0,1,18,0,19,23,44,55,0,122,30,0,30,152
06/23/2020,FSD,SD,AGL,CE,Combined TRACON& Tower with Radar,24,52,40,13,129,0,3,27,1,31,24,55,67,14,160,10,2,12,172
06/24/2020,FSD,SD,AGL,CE,Combined TRACON& Tower with Radar,23,49,40,8,120,0,4,36,0,40,23,53,76,8,160,36,8,44,204
06/25/2020,FSD,SD,AGL,CE,Combined TRACON& Tower with Radar,28,51,40,22,141,0,1,33,2,36,28,52,73,24,177,16,8,24,201
06/26/2020,FSD,SD,AGL,CE,Combined TRACON& Tower with Radar,26,44,31,11,112,0,2,19,2,23,26,46,50,13,135,6,30,36,171
06/27/2020,FSD,SD,AGL,CE,Combined TRACON& Tower with Radar,27,31,33,0,91,0,4,30,0,34,27,35,63,0,125,14,0,14,139
06/28/2020,FSD,SD,AGL,CE,Combined TRACON& Tower with Radar,25,16,29,0,70,0,6,22,0,28,25,22,51,0,98,14,0,14,112
06/29/2020,FSD,SD,AGL,CE,Combined TRACON& Tower with Radar,23,50,53,5,131,0,4,12,0,16,23,54,65,5,147,6,0,6,153
06/30/2020,FSD,SD,AGL,CE,Combined TRACON& Tower with Radar,22,46,49,15,132,0,2,14,1,17,22,48,63,16,149,6,0,6,155
07/01/2020,FSD,SD,AGL,CE,Combined TRACON& Tower with Radar,26,53,40,8,127,0,5,25,0,30,26,58,65,8,157,12,0,12,169
07/02/2020,FSD,SD,AGL,CE,Combined TRACON& Tower with Radar,33,36,38,2,109,0,4,40,0,44,33,40,78,2,153,34,0,34,187
07/03/2020,FSD,SD,AGL,CE,Combined TRACON& Tower with Radar,26,50,31,6,113,0,2,14,0,16,26,52,45,6,129,0,0,0,129
07/04/2020,FSD,SD,AGL,CE,Combined TRACON& Tower with Radar,23,9,5,0,37,0,2,19,0,21,23,11,24,0,58,0,0,0,58
07/05/2020,FSD,SD,AGL,CE,Combined TRACON& Tower with Radar,30,12,26,0,68,0,1,12,0,13,30,13,38,0,81,0,0,0,81
07/06/2020,FSD,SD,AGL,CE,Combined TRACON& Tower with Radar,27,41,19,0,87,0,1,10,0,11,27,42,29,0,98,8,0,8,106
07/07/2020,FSD,SD,AGL,CE,Combined TRACON& Tower with Radar,27,45,50,6,128,0,4,21,0,25,27,49,71,6,153,18,6,24,177
07/08/2020,FSD,SD,AGL,CE,Combined TRACON& Tower with Radar,32,48,28,7,115,0,7,13,3,23,32,55,41,10,138,2,2,4,142
07/09/2020,FSD,SD,AGL,CE,Combined TRACON& Tower with Radar,36,39,40,11,126,0,6,27,0,33,36,45,67,11,159,12,0,12,171
07/10/2020,FSD,SD,AGL,CE,Combined TRACON& Tower with Radar,32,37,40,4,113,0,5,39,0,44,32,42,79,4,157,30,0,30,187
07/11/2020,FSD,SD,AGL,CE,Combined TRACON& Tower with Radar,32,19,26,8,85,0,5,16,0,21,32,24,42,8,106,8,4,12,118
07/12/2020,FSD,SD,AGL,CE,Combined TRACON& Tower with Radar,26,16,31,4,77,0,1,42,1,44,26,17,73,5,121,32,12,44,165
07/13/2020,FSD,SD,AGL,CE,Combined TRACON& Tower with Radar,31,33,26,4,94,0,2,12,0,14,31,35,38,4,108,12,0,12,120
07/14/2020,FSD,SD,AGL,CE,Combined TRACON& Tower with Radar,28,47,40,9,124,0,4,10,1,15,28,51,50,10,139,6,0,6,145
07/15/2020,FSD,SD,AGL,CE,Combined TRACON& Tower with Radar,32,44,35,14,125,0,6,46,0,52,32,50,81,14,177,40,6,46,223
07/16/2020,FSD,SD,AGL,CE,Combined TRACON& Tower with Radar,39,50,43,11,143,0,5,28,1,34,39,55,71,12,177,10,6,16,193
07/17/2020,FSD,SD,AGL,CE,Combined TRACON& Tower with Radar,34,41,29,11,115,0,3,19,2,24,34,44,48,13,139,4,4,8,147
07/18/2020,FSD,SD,AGL,CE,Combined TRACON& Tower with Radar,32,32,22,0,86,0,4,16,1,21,32,36,38,1,107,4,0,4,111
07/19/2020,FSD,SD,AGL,CE,Combined TRACON& Tower with Radar,27,10,20,0,57,0,1,26,0,27,27,11,46,0,84,6,0,6,90
07/20/2020,FSD,SD,AGL,CE,Combined TRACON& Tower with Radar,30,46,41,5,122,0,6,33,0,39,30,52,74,5,161,34,0,34,195
07/21/2020,FSD,SD,AGL,CE,Combined TRACON& Tower with Radar,28,56,61,15,160,0,3,23,0,26,28,59,84,15,186,6,6,12,198
07/22/2020,FSD,SD,AGL,CE,Combined TRACON& Tower with Radar,34,56,37,16,143,0,4,64,0,68,34,60,101,16,211,26,12,38,249
07/23/2020,FSD,SD,AGL,CE,Combined TRACON& Tower with Radar,38,61,37,13,149,0,5,42,0,47,38,66,79,13,196,16,8,24,220
07/24/2020,FSD,SD,AGL,CE,Combined TRACON& Tower with Radar,34,40,44,4,122,0,6,17,0,23,34,46,61,4,145,8,6,14,159
07/25/2020,FSD,SD,AGL,CE,Combined TRACON& Tower with Radar,27,28,25,4,84,0,3,15,0,18,27,31,40,4,102,20,0,20,122
07/26/2020,FSD,SD,AGL,CE,Combined TRACON& Tower with Radar,27,22,37,0,86,0,2,22,0,24,27,24,59,0,110,8,0,8,118
07/27/2020,FSD,SD,AGL,CE,Combined TRACON& Tower with Radar,31,36,29,2,98,0,2,30,0,32,31,38,59,2,130,32,0,32,162
07/28/2020,FSD,SD,AGL,CE,Combined TRACON& Tower with Radar,28,47,28,24,127,0,2,21,0,23,28,49,49,24,150,50,8,58,208
07/29/2020,FSD,SD,AGL,CE,Combined TRACON& Tower with Radar,36,56,46,11,149,0,7,32,3,42,36,63,78,14,191,34,0,34,225
07/30/2020,FSD,SD,AGL,CE,Combined TRACON& Tower with Radar,39,47,26,14,126,0,3,34,2,39,39,50,60,16,165,4,14,18,183
07/31/2020,FSD,SD,AGL,CE,Combined TRACON& Tower with Radar,34,42,36,4,116,0,3,30,1,34,34,45,66,5,150,4,14,18,168
08/01/2020,FSD,SD,AGL,CE,Combined TRACON& Tower with Radar,34,26,21,13,94,0,3,19,0,22,34,29,40,13,116,10,10,20,136
08/02/2020,FSD,SD,AGL,CE,Combined TRACON& Tower with Radar,32,23,30,4,89,0,1,28,0,29,32,24,58,4,118,2,4,6,124
08/03/2020,FSD,SD,AGL,CE,Combined TRACON& Tower with Radar,32,34,40,8,114,0,3,25,1,29,32,37,65,9,143,6,8,14,157
08/04/2020,FSD,SD,AGL,CE,Combined TRACON& Tower with Radar,30,44,46,19,139,0,9,35,0,44,30,53,81,19,183,20,14,34,217
08/05/2020,FSD,SD,AGL,CE,Combined TRACON& Tower with Radar,31,58,52,17,158,0,2,9,0,11,31,60,61,17,169,12,12,24,193
08/06/2020,FSD,SD,AGL,CE,Combined TRACON& Tower with Radar,40,60,56,11,167,0,1,23,1,25,40,61,79,12,192,8,8,16,208
08/07/2020,FSD,SD,AGL,CE,Combined TRACON& Tower with Radar,36,50,29,2,117,0,0,6,2,8,36,50,35,4,125,0,0,0,125
08/08/2020,FSD,SD,AGL,CE,Combined TRACON& Tower with Radar,30,24,20,0,74,0,0,7,3,10,30,24,27,3,84,4,0,4,88
08/09/2020,FSD,SD,AGL,CE,Combined TRACON& Tower with Radar,30,16,22,0,68,0,2,16,0,18,30,18,38,0,86,2,0,2,88
08/10/2020,FSD,SD,AGL,CE,Combined TRACON& Tower with Radar,31,42,27,5,105,0,4,17,0,21,31,46,44,5,126,16,2,18,144
08/11/2020,FSD,SD,AGL,CE,Combined TRACON& Tower with Radar,30,51,35,14,130,0,2,22,0,24,30,53,57,14,154,18,10,28,182
08/12/2020,FSD,SD,AGL,CE,Combined TRACON& Tower with Radar,30,54,61,14,159,0,0,14,0,14,30,54,75,14,173,8,0,8,181
08/13/2020,FSD,SD,AGL,CE,Combined TRACON& Tower with Radar,39,62,50,9,160,0,6,30,1,37,39,68,80,10,197,18,4,22,219
08/14/2020,FSD,SD,AGL,CE,Combined TRACON& Tower with Radar,34,62,27,6,129,0,8,16,0,24,34,70,43,6,153,0,0,0,153
08/15/2020,FSD,SD,AGL,CE,Combined TRACON& Tower with Radar,30,21,23,11,85,0,3,21,3,27,30,24,44,14,112,10,6,16,128
08/16/2020,FSD,SD,AGL,CE,Combined TRACON& Tower with Radar,29,20,24,6,79,0,0,18,1,19,29,20,42,7,98,20,0,20,118
08/17/2020,FSD,SD,AGL,CE,Combined TRACON& Tower with Radar,31,44,45,12,132,0,2,34,0,36,31,46,79,12,168,64,12,76,244
08/18/2020,FSD,SD,AGL,CE,Combined TRACON& Tower with Radar,32,50,36,19,137,0,11,27,3,41,32,61,63,22,178,2,4,6,184
08/19/2020,FSD,SD,AGL,CE,Combined TRACON& Tower with Radar,28,51,37,14,130,0,12,17,0,29,28,63,54,14,159,44,22,66,225
08/20/2020,FSD,SD,AGL,CE,Combined TRACON& Tower with Radar,34,54,38,8,134,0,2,14,0,16,34,56,52,8,150,0,4,4,154
08/21/2020,FSD,SD,AGL,CE,Combined TRACON& Tower with Radar,32,46,39,0,117,0,4,24,0,28,32,50,63,0,145,8,0,8,153
08/22/2020,FSD,SD,AGL,CE,Combined TRACON& Tower with Radar,26,35,30,0,91,0,4,49,0,53,26,39,79,0,144,0,0,0,144
08/23/2020,FSD,SD,AGL,CE,Combined TRACON& Tower with Radar,23,29,17,0,69,0,4,21,3,28,23,33,38,3,97,14,0,14,111
08/24/2020,FSD,SD,AGL,CE,Combined TRACON& Tower with Radar,29,42,28,0,99,0,6,13,0,19,29,48,41,0,118,2,0,2,120
08/25/2020,FSD,SD,AGL,CE,Combined TRACON& Tower with Radar,30,59,49,23,161,0,6,30,0,36,30,65,79,23,197,4,26,30,227
08/26/2020,FSD,SD,AGL,CE,Combined TRACON& Tower with Radar,29,45,52,16,142,0,6,12,4,22,29,51,64,20,164,14,8,22,186
08/27/2020,FSD,SD,AGL,CE,Combined TRACON& Tower with Radar,39,62,56,12,169,0,7,24,0,31,39,69,80,12,200,10,4,14,214
08/28/2020,FSD,SD,AGL,CE,Combined TRACON& Tower with Radar,32,49,34,22,137,0,5,22,2,29,32,54,56,24,166,14,28,42,208
08/29/2020,FSD,SD,AGL,CE,Combined TRACON& Tower with Radar,26,23,19,8,76,0,5,42,0,47,26,28,61,8,123,20,2,22,145
08/30/2020,FSD,SD,AGL,CE,Combined TRACON& Tower with Radar,24,12,12,0,48,0,0,4,0,4,24,12,16,0,52,0,0,0,52
08/31/2020,FSD,SD,AGL,CE,Combined TRACON& Tower with Radar,30,41,36,10,117,1,8,18,1,28,31,49,54,11,145,30,14,44,189
09/01/2020,FSD,SD,AGL,CE,Combined TRACON& Tower with Radar,29,64,40,19,152,0,1,15,3,19,29,65,55,22,171,6,24,30,201
09/02/2020,FSD,SD,AGL,CE,Combined TRACON& Tower with Radar,29,64,51,24,168,0,4,23,4,31,29,68,74,28,199,26,14,40,239
09/03/2020,FSD,SD,AGL,CE,Combined TRACON& Tower with Radar,36,59,52,17,164,0,4,9,5,18,36,63,61,22,182,4,18,22,204
09/04/2020,FSD,SD,AGL,CE,Combined TRACON& Tower with Radar,34,55,33,1,123,0,2,27,0,29,34,57,60,1,152,50,0,50,202
09/05/2020,FSD,SD,AGL,CE,Combined TRACON& Tower with Radar,25,29,18,0,72,0,4,24,0,28,25,33,42,0,100,8,0,8,108
09/06/2020,FSD,SD,AGL,CE,Combined TRACON& Tower with Radar,23,21,13,2,59,0,0,13,0,13,23,21,26,2,72,12,0,12,84
09/07/2020,FSD,SD,AGL,CE,Combined TRACON& Tower with Radar,26,25,23,0,74,0,2,5,0,7,26,27,28,0,81,8,0,8,89
09/08/2020,FSD,SD,AGL,CE,Combined TRACON& Tower with Radar,27,54,39,9,129,0,5,6,0,11,27,59,45,9,140,26,0,26,166
09/09/2020,FSD,SD,AGL,CE,Combined TRACON& Tower with Radar,30,63,50,13,156,0,9,19,0,28,30,72,69,13,184,8,10,18,202
09/10/2020,FSD,SD,AGL,CE,Combined TRACON& Tower with Radar,37,68,73,23,201,0,8,25,2,35,37,76,98,25,236,100,32,132,368
09/11/2020,FSD,SD,AGL,CE,Combined TRACON& Tower with Radar,32,65,33,18,148,0,0,0,0,0,32,65,33,18,148,0,0,0,148
09/12/2020,FSD,SD,AGL,CE,Combined TRACON& Tower with Radar,28,42,32,15,117,0,1,4,2,7,28,43,36,17,124,18,0,18,142
09/13/2020,FSD,SD,AGL,CE,Combined TRACON& Tower with Radar,29,28,36,10,103,0,3,45,2,50,29,31,81,12,153,50,16,66,219
09/14/2020,FSD,SD,AGL,CE,Combined TRACON& Tower with Radar,31,57,40,9,137,0,3,31,1,35,31,60,71,10,172,26,12,38,210
09/15/2020,FSD,SD,AGL,CE,Combined TRACON& Tower with Radar,32,77,50,15,174,0,7,25,5,37,32,84,75,20,211,0,0,0,211
09/16/2020,FSD,SD,AGL,CE,Combined TRACON& Tower with Radar,32,65,61,12,170,0,2,37,2,41,32,67,98,14,211,6,2,8,219
09/17/2020,FSD,SD,AGL,CE,Combined TRACON& Tower with Radar,36,65,43,10,154,0,5,25,1,31,36,70,68,11,185,4,0,4,189
09/18/2020,FSD,SD,AGL,CE,Combined TRACON& Tower with Radar,32,54,33,0,119,0,6,27,2,35,32,60,60,2,154,28,0,28,182
09/19/2020,FSD,SD,AGL,CE,Combined TRACON& Tower with Radar,26,39,27,0,92,0,1,34,0,35,26,40,61,0,127,4,0,4,131
09/20/2020,FSD,SD,AGL,CE,Combined TRACON& Tower with Radar,27,31,20,0,78,0,2,5,1,8,27,33,25,1,86,0,0,0,86
09/21/2020,FSD,SD,AGL,CE,Combined TRACON& Tower with Radar,29,50,45,7,131,0,2,39,1,42,29,52,84,8,173,30,0,30,203
09/22/2020,FSD,SD,AGL,CE,Combined TRACON& Tower with Radar,32,64,59,25,180,0,2,42,3,47,32,66,101,28,227,32,18,50,277
09/23/2020,FSD,SD,AGL,CE,Combined TRACON& Tower with Radar,32,57,58,29,176,0,4,31,0,35,32,61,89,29,211,36,28,64,275
09/24/2020,FSD,SD,AGL,CE,Combined TRACON& Tower with Radar,38,61,51,26,176,0,5,24,2,31,38,66,75,28,207,0,20,20,227
09/25/2020,FSD,SD,AGL,CE,Combined TRACON& Tower with Radar,32,57,39,9,137,0,2,29,0,31,32,59,68,9,168,8,0,8,176
09/26/2020,FSD,SD,AGL,CE,Combined TRACON& Tower with Radar,26,32,19,26,103,0,3,21,0,24,26,35,40,26,127,14,16,30,157
09/27/2020,FSD,SD,AGL,CE,Combined TRACON& Tower with Radar,27,27,24,1,79,0,1,9,0,10,27,28,33,1,89,0,6,6,95
09/28/2020,FSD,SD,AGL,CE,Combined TRACON& Tower with Radar,29,47,37,2,115,0,7,21,0,28,29,54,58,2,143,4,0,4,147
09/29/2020,FSD,SD,AGL,CE,Combined TRACON& Tower with Radar,34,64,56,17,171,0,2,25,3,30,34,66,81,20,201,10,12,22,223
09/30/2020,FSD,SD,AGL,CE,Combined TRACON& Tower with Radar,31,61,41,12,145,0,5,13,0,18,31,66,54,12,163,0,16,16,179
10/01/2020,FSD,SD,AGL,CE,Combined TRACON& Tower with Radar,44,61,39,16,160,0,4,15,0,19,44,65,54,16,179,34,20,54,233
10/02/2020,FSD,SD,AGL,CE,Combined TRACON& Tower with Radar,36,52,25,6,119,0,7,30,0,37,36,59,55,6,156,18,0,18,174
10/03/2020,FSD,SD,AGL,CE,Combined TRACON& Tower with Radar,26,40,30,12,108,0,2,23,1,26,26,42,53,13,134,12,2,14,148
10/04/2020,FSD,SD,AGL,CE,Combined TRACON& Tower with Radar,31,30,22,9,92,0,1,35,0,36,31,31,57,9,128,30,4,34,162
10/05/2020,FSD,SD,AGL,CE,Combined TRACON& Tower with Radar,33,47,31,20,131,0,2,23,1,26,33,49,54,21,157,0,20,20,177
10/06/2020,FSD,SD,AGL,CE,Combined TRACON& Tower with Radar,37,63,41,17,158,0,3,25,0,28,37,66,66,17,186,48,2,50,236
10/07/2020,FSD,SD,AGL,CE,Combined TRACON& Tower with Radar,38,59,60,11,168,0,5,28,2,35,38,64,88,13,203,20,0,20,223
10/08/2020,FSD,SD,AGL,CE,Combined TRACON& Tower with Radar,40,50,33,16,139,0,5,19,1,25,40,55,52,17,164,4,10,14,178
10/09/2020,FSD,SD,AGL,CE,Combined TRACON& Tower with Radar,40,57,35,0,132,0,7,46,0,53,40,64,81,0,185,32,0,32,217
10/10/2020,FSD,SD,AGL,CE,Combined TRACON& Tower with Radar,30,18,25,0,73,0,5,30,0,35,30,23,55,0,108,32,0,32,140
10/11/2020,FSD,SD,AGL,CE,Combined TRACON& Tower with Radar,33,11,12,0,56,0,3,8,0,11,33,14,20,0,67,0,0,0,67
10/12/2020,FSD,SD,AGL,CE,Combined TRACON& Tower with Radar,38,32,25,1,96,0,5,28,1,34,38,37,53,2,130,0,0,0,130
10/13/2020,FSD,SD,AGL,CE,Combined TRACON& Tower with Radar,37,75,44,23,179,0,4,25,4,33,37,79,69,27,212,0,0,0,212
10/14/2020,FSD,SD,AGL,CE,Combined TRACON& Tower with Radar,36,54,38,20,148,0,4,7,0,11,36,58,45,20,159,0,0,0,159
10/15/2020,FSD,SD,AGL,CE,Combined TRACON& Tower with Radar,42,59,37,15,153,0,5,23,1,29,42,64,60,16,182,0,0,0,182
10/16/2020,FSD,SD,AGL,CE,Combined TRACON& Tower with Radar,44,65,32,0,141,0,8,26,0,34,44,73,58,0,175,0,0,0,175
10/17/2020,FSD,SD,AGL,CE,Combined TRACON& Tower with Radar,32,34,28,0,94,0,4,18,0,22,32,38,46,0,116,0,0,0,116
10/18/2020,FSD,SD,AGL,CE,Combined TRACON& Tower with Radar,34,28,32,0,94,0,1,12,1,14,34,29,44,1,108,0,0,0,108
10/19/2020,FSD,SD,AGL,CE,Combined TRACON& Tower with Radar,35,42,37,4,118,0,0,2,0,2,35,42,39,4,120,0,0,0,120
10/20/2020,FSD,SD,AGL,CE,Combined TRACON& Tower with Radar,38,66,43,20,167,0,0,0,0,0,38,66,43,20,167,0,0,0,167
10/21/2020,FSD,SD,AGL,CE,Combined TRACON& Tower with Radar,39,57,42,14,152,0,0,6,0,6,39,57,48,14,158,0,0,0,158
10/22/2020,FSD,SD,AGL,CE,Combined TRACON& Tower with Radar,43,62,32,8,145,0,0,0,0,0,43,62,32,8,145,0,0,0,145
10/23/2020,FSD,SD,AGL,CE,Combined TRACON& Tower with Radar,40,63,56,2,161,0,1,9,1,11,40,64,65,3,172,0,0,0,172
10/24/2020,FSD,SD,AGL,CE,Combined TRACON& Tower with Radar,30,45,28,9,112,0,1,13,1,15,30,46,41,10,127,0,0,0,127
10/25/2020,FSD,SD,AGL,CE,Combined TRACON& Tower with Radar,32,40,22,0,94,0,0,0,0,0,32,40,22,0,94,0,0,0,94
10/26/2020,FSD,SD,AGL,CE,Combined TRACON& Tower with Radar,34,42,33,9,118,0,8,27,0,35,34,50,60,9,153,0,0,0,153
10/27/2020,FSD,SD,AGL,CE,Combined TRACON& Tower with Radar,35,68,62,8,173,0,11,21,3,35,35,79,83,11,208,0,0,0,208
10/28/2020,FSD,SD,AGL,CE,Combined TRACON& Tower with Radar,32,45,52,12,141,0,5,45,6,56,32,50,97,18,197,0,0,0,197
10/29/2020,FSD,SD,AGL,CE,Combined TRACON& Tower with Radar,39,53,60,11,163,0,5,32,0,37,39,58,92,11,200,0,0,0,200
10/30/2020,FSD,SD,AGL,CE,Combined TRACON& Tower with Radar,40,50,25,0,115,0,8,31,0,39,40,58,56,0,154,0,0,0,154
10/31/2020,FSD,SD,AGL,CE,Combined TRACON& Tower with Radar,24,27,21,0,72,0,4,10,0,14,24,31,31,0,86,0,0,0,86
11/01/2020,FSD,SD,AGL,CE,Combined TRACON& Tower with Radar,31,25,28,0,84,0,1,25,0,26,31,26,53,0,110,36,0,36,146
11/02/2020,FSD,SD,AGL,CE,Combined TRACON& Tower with Radar,34,51,32,0,117,0,6,21,1,28,34,57,53,1,145,36,0,36,181
11/03/2020,FSD,SD,AGL,CE,Combined TRACON& Tower with Radar,32,47,31,11,121,0,5,42,0,47,32,52,73,11,168,40,6,46,214
11/04/2020,FSD,SD,AGL,CE,Combined TRACON& Tower with Radar,32,56,41,21,150,0,9,43,0,52,32,65,84,21,202,58,16,74,276
11/05/2020,FSD,SD,AGL,CE,Combined TRACON& Tower with Radar,44,55,35,10,144,0,7,37,0,44,44,62,72,10,188,22,4,26,214
11/06/2020,FSD,SD,AGL,CE,Combined TRACON& Tower with Radar,45,46,39,13,143,0,6,6,0,12,45,52,45,13,155,0,18,18,173
11/07/2020,FSD,SD,AGL,CE,Combined TRACON& Tower with Radar,37,29,17,12,95,0,2,7,1,10,37,31,24,13,105,0,0,0,105
11/08/2020,FSD,SD,AGL,CE,Combined TRACON& Tower with Radar,37,31,13,7,88,0,1,2,0,3,37,32,15,7,91,0,0,0,91
11/09/2020,FSD,SD,AGL,CE,Combined TRACON& Tower with Radar,39,45,21,0,105,0,1,1,0,2,39,46,22,0,107,0,0,0,107
11/10/2020,FSD,SD,AGL,CE,Combined TRACON& Tower with Radar,33,54,24,0,111,0,0,0,1,1,33,54,24,1,112,0,0,0,112
11/11/2020,FSD,SD,AGL,CE,Combined TRACON& Tower with Radar,38,65,45,0,148,0,8,18,0,26,38,73,63,0,174,26,0,26,200
11/12/2020,FSD,SD,AGL,CE,Combined TRACON& Tower with Radar,46,56,50,20,172,0,9,18,2,29,46,65,68,22,201,0,8,8,209
11/13/2020,FSD,SD,AGL,CE,Combined TRACON& Tower with Radar,44,53,24,0,121,0,9,22,0,31,44,62,46,0,152,12,0,12,164
11/14/2020,FSD,SD,AGL,CE,Combined TRACON& Tower with Radar,36,25,19,0,80,0,9,20,2,31,36,34,39,2,111,16,0,16,127
11/15/2020,FSD,SD,AGL,CE,Combined TRACON& Tower with Radar,36,17,20,0,73,0,4,2,1,7,36,21,22,1,80,0,0,0,80
11/16/2020,FSD,SD,AGL,CE,Combined TRACON& Tower with Radar,43,47,37,10,137,0,11,19,2,32,43,58,56,12,169,0,0,0,169
11/17/2020,FSD,SD,AGL,CE,Combined TRACON& Tower with Radar,39,58,51,16,164,0,8,24,0,32,39,66,75,16,196,10,0,10,206
11/18/2020,FSD,SD,AGL,CE,Combined TRACON& Tower with Radar,40,64,49,15,168,0,8,26,0,34,40,72,75,15,202,38,4,42,244
11/19/2020,FSD,SD,AGL,CE,Combined TRACON& Tower with Radar,46,52,46,16,160,0,9,34,0,43,46,61,80,16,203,62,2,64,267
11/20/2020,FSD,SD,AGL,CE,Combined TRACON& Tower with Radar,48,62,37,0,147,0,4,36,2,42,48,66,73,2,189,22,0,22,211
11/21/2020,FSD,SD,AGL,CE,Combined TRACON& Tower with Radar,36,30,15,8,89,0,4,20,1,25,36,34,35,9,114,20,10,30,144
11/22/2020,FSD,SD,AGL,CE,Combined TRACON& Tower with Radar,44,26,27,0,97,0,5,11,0,16,44,31,38,0,113,8,0,8,121
11/23/2020,FSD,SD,AGL,CE,Combined TRACON& Tower with Radar,49,42,28,20,139,0,3,4,0,7,49,45,32,20,146,0,0,0,146
11/24/2020,FSD,SD,AGL,CE,Combined TRACON& Tower with Radar,46,73,28,10,157,0,0,2,0,2,46,73,30,10,159,0,0,0,159
11/25/2020,FSD,SD,AGL,CE,Combined TRACON& Tower with Radar,45,73,29,16,163,0,0,0,0,0,45,73,29,16,163,0,0,0,163
11/26/2020,FSD,SD,AGL,CE,Combined TRACON& Tower with Radar,18,26,12,0,56,0,4,4,0,8,18,30,16,0,64,8,0,8,72
11/27/2020,FSD,SD,AGL,CE,Combined TRACON& Tower with Radar,42,49,30,0,121,0,15,47,0,62,42,64,77,0,183,26,0,26,209
11/28/2020,FSD,SD,AGL,CE,Combined TRACON& Tower with Radar,46,29,15,0,90,0,4,33,0,37,46,33,48,0,127,20,0,20,147
11/29/2020,FSD,SD,AGL,CE,Combined TRACON& Tower with Radar,41,34,27,0,102,0,0,4,1,5,41,34,31,1,107,0,0,0,107
11/30/2020,FSD,SD,AGL,CE,Combined TRACON& Tower with Radar,45,42,39,0,126,0,6,34,1,41,45,48,73,1,167,40,0,40,207
12/01/2020,FSD,SD,AGL,CE,Combined TRACON& Tower with Radar,44,54,30,12,140,0,9,23,2,34,44,63,53,14,174,10,6,16,190
12/02/2020,FSD,SD,AGL,CE,Combined TRACON& Tower with Radar,41,71,44,13,169,0,1,20,0,21,41,72,64,13,190,24,24,48,238
12/03/2020,FSD,SD,AGL,CE,Combined TRACON& Tower with Radar,49,56,44,17,166,0,3,27,0,30,49,59,71,17,196,20,4,24,220
12/04/2020,FSD,SD,AGL,CE,Combined TRACON& Tower with Radar,44,48,33,11,136,0,12,26,1,39,44,60,59,12,175,42,0,42,217
12/05/2020,FSD,SD,AGL,CE,Combined TRACON& Tower with Radar,29,27,23,9,88,0,8,52,0,60,29,35,75,9,148,30,10,40,188
12/06/2020,FSD,SD,AGL,CE,Combined TRACON& Tower with Radar,43,24,19,0,86,0,6,28,3,37,43,30,47,3,123,40,0,40,163
12/07/2020,FSD,SD,AGL,CE,Combined TRACON& Tower with Radar,45,46,30,8,129,0,8,15,0,23,45,54,45,8,152,10,0,10,162
12/08/2020,FSD,SD,AGL,CE,Combined TRACON& Tower with Radar,37,78,36,9,160,0,12,30,0,42,37,90,66,9,202,4,12,16,218
12/09/2020,FSD,SD,AGL,CE,Combined TRACON& Tower with Radar,39,75,59,18,191,0,10,53,0,63,39,85,112,18,254,50,4,54,308
12/10/2020,FSD,SD,AGL,CE,Combined TRACON& Tower with Radar,51,57,44,13,165,0,0,22,0,22,51,57,66,13,187,4,2,6,193
12/11/2020,FSD,SD,AGL,CE,Combined TRACON& Tower with Radar,44,65,32,6,147,0,0,7,0,7,44,65,39,6,154,0,10,10,164
12/12/2020,FSD,SD,AGL,CE,Combined TRACON& Tower with Radar,30,34,17,0,81,0,1,0,0,1,30,35,17,0,82,0,0,0,82
12/13/2020,FSD,SD,AGL,CE,Combined TRACON& Tower with Radar,41,26,12,0,79,0,1,9,0,10,41,27,21,0,89,28,0,28,117
12/14/2020,FSD,SD,AGL,CE,Combined TRACON& Tower with Radar,43,54,45,15,157,0,0,40,2,42,43,54,85,17,199,38,0,38,237
12/15/2020,FSD,SD,AGL,CE,Combined TRACON& Tower with Radar,44,82,40,13,179,0,0,13,0,13,44,82,53,13,192,8,0,8,200
12/16/2020,FSD,SD,AGL,CE,Combined TRACON& Tower with Radar,40,74,60,15,189,0,7,14,0,21,40,81,74,15,210,24,0,24,234
12/17/2020,FSD,SD,AGL,CE,Combined TRACON& Tower with Radar,47,70,47,16,180,0,2,24,0,26,47,72,71,16,206,30,0,30,236
12/18/2020,FSD,SD,AGL,CE,Combined TRACON& Tower with Radar,48,76,43,18,185,0,1,27,0,28,48,77,70,18,213,2,14,16,229
12/19/2020,FSD,SD,AGL,CE,Combined TRACON& Tower with Radar,35,23,46,0,104,0,7,41,0,48,35,30,87,0,152,50,0,50,202
12/20/2020,FSD,SD,AGL,CE,Combined TRACON& Tower with Radar,41,24,30,0,95,0,5,32,0,37,41,29,62,0,132,44,0,44,176
12/21/2020,FSD,SD,AGL,CE,Combined TRACON& Tower with Radar,44,46,35,13,138,0,1,7,1,9,44,47,42,14,147,0,0,0,147
12/22/2020,FSD,SD,AGL,CE,Combined TRACON& Tower with Radar,49,60,31,4,144,0,3,32,0,35,49,63,63,4,179,10,0,10,189
12/23/2020,FSD,SD,AGL,CE,Combined TRACON& Tower with Radar,20,24,7,0,51,0,0,0,0,0,20,24,7,0,51,0,0,0,51
12/24/2020,FSD,SD,AGL,CE,Combined TRACON& Tower with Radar,55,50,11,0,116,0,2,12,0,14,55,52,23,0,130,0,0,0,130
12/25/2020,FSD,SD,AGL,CE,Combined TRACON& Tower with Radar,22,15,4,0,41,0,7,7,1,15,22,22,11,1,56,0,0,0,56
12/26/2020,FSD,SD,AGL,CE,Combined TRACON& Tower with Radar,35,35,34,0,104,0,1,33,0,34,35,36,67,0,138,32,0,32,170
12/27/2020,FSD,SD,AGL,CE,Combined TRACON& Tower with Radar,42,26,8,0,76,0,0,2,0,2,42,26,10,0,78,0,0,0,78
12/28/2020,FSD,SD,AGL,CE,Combined TRACON& Tower with Radar,35,48,24,2,109,0,1,47,1,49,35,49,71,3,158,40,0,40,198
12/29/2020,FSD,SD,AGL,CE,Combined TRACON& Tower with Radar,44,61,10,0,115,0,3,0,0,3,44,64,10,0,118,0,0,0,118
12/30/2020,FSD,SD,AGL,CE,Combined TRACON& Tower with Radar,49,62,39,5,155,0,1,6,0,7,49,63,45,5,162,6,0,6,168
12/31/2020,FSD,SD,AGL,CE,Combined TRACON& Tower with Radar,42,45,18,0,105,0,2,42,0,44,42,47,60,0,149,15,0,15,164
01/01/2021,FSD,SD,AGL,CE,Combined TRACON& Tower with Radar,24,23,10,0,57,0,7,6,0,13,24,30,16,0,70,20,0,20,90
01/02/2021,FSD,SD,AGL,CE,Combined TRACON& Tower with Radar,36,46,28,0,110,0,1,10,0,11,36,47,38,0,121,44,0,44,165
01/03/2021,FSD,SD,AGL,CE,Combined TRACON& Tower with Radar,32,19,22,0,73,1,2,7,0,10,33,21,29,0,83,18,0,18,101
01/04/2021,FSD,SD,AGL,CE,Combined TRACON& Tower with Radar,36,52,43,0,131,0,3,20,0,23,36,55,63,0,154,28,0,28,182
01/05/2021,FSD,SD,AGL,CE,Combined TRACON& Tower with Radar,37,67,41,4,149,0,4,14,0,18,37,71,55,4,167,0,2,2,169
01/06/2021,FSD,SD,AGL,CE,Combined TRACON& Tower with Radar,36,60,17,0,113,0,0,0,0,0,36,60,17,0,113,0,0,0,113
01/07/2021,FSD,SD,AGL,CE,Combined TRACON& Tower with Radar,41,53,36,5,135,0,0,0,0,0,41,53,36,5,135,0,0,0,135
01/08/2021,FSD,SD,AGL,CE,Combined TRACON& Tower with Radar,44,64,29,6,143,0,0,0,0,0,44,64,29,6,143,0,0,0,143
01/09/2021,FSD,SD,AGL,CE,Combined TRACON& Tower with Radar,30,42,20,3,95,0,1,0,0,1,30,43,20,3,96,0,6,6,102
01/10/2021,FSD,SD,AGL,CE,Combined TRACON& Tower with Radar,33,25,33,5,96,0,1,4,0,5,33,26,37,5,101,2,0,2,103
01/11/2021,FSD,SD,AGL,CE,Combined TRACON& Tower with Radar,41,59,34,2,136,0,6,31,0,37,41,65,65,2,173,48,0,48,221
01/12/2021,FSD,SD,AGL,CE,Combined TRACON& Tower with Radar,36,63,37,5,141,0,0,36,0,36,36,63,73,5,177,38,0,38,215
01/13/2021,FSD,SD,AGL,CE,Combined TRACON& Tower with Radar,36,64,58,4,162,0,0,45,0,45,36,64,103,4,207,56,0,56,263
01/14/2021,FSD,SD,AGL,CE,Combined TRACON& Tower with Radar,20,45,21,0,86,0,0,0,0,0,20,45,21,0,86,0,0,0,86
01/15/2021,FSD,SD,AGL,CE,Combined TRACON& Tower with Radar,46,49,12,0,107,0,0,2,0,2,46,49,14,0,109,2,0,2,111
01/16/2021,FSD,SD,AGL,CE,Combined TRACON& Tower with Radar,30,31,23,0,84,0,0,1,0,1,30,31,24,0,85,0,0,0,85
01/17/2021,FSD,SD,AGL,CE,Combined TRACON& Tower with Radar,29,30,23,0,82,0,0,12,0,12,29,30,35,0,94,12,0,12,106
01/18/2021,FSD,SD,AGL,CE,Combined TRACON& Tower with Radar,42,44,28,0,114,0,0,1,0,1,42,44,29,0,115,6,0,6,121
01/19/2021,FSD,SD,AGL,CE,Combined TRACON& Tower with Radar,37,53,29,5,124,0,1,16,0,17,37,54,45,5,141,58,2,60,201
01/20/2021,FSD,SD,AGL,CE,Combined TRACON& Tower with Radar,36,61,44,14,155,0,8,27,2,37,36,69,71,16,192,10,16,26,218
01/21/2021,FSD,SD,AGL,CE,Combined TRACON& Tower with Radar,38,54,36,14,142,0,2,26,4,32,38,56,62,18,174,6,0,6,180
01/22/2021,FSD,SD,AGL,CE,Combined TRACON& Tower with Radar,44,40,41,10,135,0,5,25,0,30,44,45,66,10,165,52,2,54,219
01/23/2021,FSD,SD,AGL,CE,Combined TRACON& Tower with Radar,30,28,9,0,67,0,0,0,0,0,30,28,9,0,67,0,0,0,67
01/24/2021,FSD,SD,AGL,CE,Combined TRACON& Tower with Radar,31,34,26,0,91,0,0,20,0,20,31,34,46,0,111,10,0,10,121
01/25/2021,FSD,SD,AGL,CE,Combined TRACON& Tower with Radar,41,47,25,5,118,0,1,10,0,11,41,48,35,5,129,10,4,14,143
01/26/2021,FSD,SD,AGL,CE,Combined TRACON& Tower with Radar,36,59,45,6,146,0,3,21,1,25,36,62,66,7,171,8,2,10,181
01/27/2021,FSD,SD,AGL,CE,Combined TRACON& Tower with Radar,35,63,39,5,142,0,5,25,0,30,35,68,64,5,172,54,0,54,226
01/28/2021,FSD,SD,AGL,CE,Combined TRACON& Tower with Radar,43,55,40,6,144,0,0,0,0,0,43,55,40,6,144,0,0,0,144
01/29/2021,FSD,SD,AGL,CE,Combined TRACON& Tower with Radar,44,52,20,0,116,0,0,2,0,2,44,52,22,0,118,0,0,0,118
01/30/2021,FSD,SD,AGL,CE,Combined TRACON& Tower with Radar,26,27,10,0,63,0,0,0,0,0,26,27,10,0,63,0,0,0,63
01/31/2021,FSD,SD,AGL,CE,Combined TRACON& Tower with Radar,30,34,23,0,87,0,0,1,0,1,30,34,24,0,88,0,0,0,88
02/01/2021,FSD,SD,AGL,CE,Combined TRACON& Tower with Radar,42,51,29,0,122,0,0,0,0,0,42,51,29,0,122,0,0,0,122
02/02/2021,FSD,SD,AGL,CE,Combined TRACON& Tower with Radar,36,65,22,4,127,0,0,0,0,0,36,65,22,4,127,0,0,0,127
02/03/2021,FSD,SD,AGL,CE,Combined TRACON& Tower with Radar,36,57,35,5,133,0,0,10,0,10,36,57,45,5,143,26,4,30,173
02/04/2021,FSD,SD,AGL,CE,Combined TRACON& Tower with Radar,39,54,43,15,151,0,0,6,5,11,39,54,49,20,162,2,18,20,182
02/05/2021,FSD,SD,AGL,CE,Combined TRACON& Tower with Radar,41,56,31,15,143,0,1,32,2,35,41,57,63,17,178,28,32,60,238
02/06/2021,FSD,SD,AGL,CE,Combined TRACON& Tower with Radar,31,35,16,4,86,0,5,15,0,20,31,40,31,4,106,30,2,32,138
02/07/2021,FSD,SD,AGL,CE,Combined TRACON& Tower with Radar,29,17,9,4,59,0,1,6,1,8,29,18,15,5,67,8,0,8,75
02/08/2021,FSD,SD,AGL,CE,Combined TRACON& Tower with Radar,41,44,32,2,119,0,7,19,2,28,41,51,51,4,147,20,0,20,167
02/09/2021,FSD,SD,AGL,CE,Combined TRACON& Tower with Radar,36,55,41,7,139,0,3,20,0,23,36,58,61,7,162,42,2,44,206
02/10/2021,FSD,SD,AGL,CE,Combined TRACON& Tower with Radar,41,54,49,8,152,0,5,36,0,41,41,59,85,8,193,58,4,62,255
02/11/2021,FSD,SD,AGL,CE,Combined TRACON& Tower with Radar,41,66,32,8,147,0,0,3,0,3,41,66,35,8,150,0,6,6,156
02/12/2021,FSD,SD,AGL,CE,Combined TRACON& Tower with Radar,49,54,26,7,136,0,6,11,8,25,49,60,37,15,161,0,12,12,173
02/13/2021,FSD,SD,AGL,CE,Combined TRACON& Tower with Radar,39,35,9,2,85,0,0,7,0,7,39,35,16,2,92,0,0,0,92
02/14/2021,FSD,SD,AGL,CE,Combined TRACON& Tower with Radar,31,13,16,0,60,0,1,3,0,4,31,14,19,0,64,0,0,0,64
02/15/2021,FSD,SD,AGL,CE,Combined TRACON& Tower with Radar,38,39,29,0,106,0,1,14,0,15,38,40,43,0,121,16,0,16,137
02/16/2021,FSD,SD,AGL,CE,Combined TRACON& Tower with Radar,33,59,39,10,141,0,2,6,0,8,33,61,45,10,149,4,12,16,165
02/17/2021,FSD,SD,AGL,CE,Combined TRACON& Tower with Radar,38,66,39,4,147,0,0,3,1,4,38,66,42,5,151,0,0,0,151
02/18/2021,FSD,SD,AGL,CE,Combined TRACON& Tower with Radar,46,62,45,17,170,0,2,17,0,19,46,64,62,17,189,18,18,36,225
02/19/2021,FSD,SD,AGL,CE,Combined TRACON& Tower with Radar,46,47,45,5,143,0,5,52,0,57,46,52,97,5,200,90,2,92,292
02/20/2021,FSD,SD,AGL,CE,Combined TRACON& Tower with Radar,38,45,30,0,113,0,2,19,0,21,38,47,49,0,134,6,0,6,140
02/21/2021,FSD,SD,AGL,CE,Combined TRACON& Tower with Radar,32,24,9,0,65,0,0,2,0,2,32,24,11,0,67,0,0,0,67
02/22/2021,FSD,SD,AGL,CE,Combined TRACON& Tower with Radar,51,42,19,6,118,0,10,16,0,26,51,52,35,6,144,8,8,16,160
02/23/2021,FSD,SD,AGL,CE,Combined TRACON& Tower with Radar,42,55,54,0,151,0,0,43,0,43,42,55,97,0,194,52,0,52,246
02/24/2021,FSD,SD,AGL,CE,Combined TRACON& Tower with Radar,47,59,42,13,161,0,4,25,0,29,47,63,67,13,190,24,6,30,220
02/25/2021,FSD,SD,AGL,CE,Combined TRACON& Tower with Radar,49,63,56,9,177,0,3,33,0,36,49,66,89,9,213,30,12,42,255
02/26/2021,FSD,SD,AGL,CE,Combined TRACON& Tower with Radar,53,40,49,1,143,0,0,20,0,20,53,40,69,1,163,28,0,28,191
02/27/2021,FSD,SD,AGL,CE,Combined TRACON& Tower with Radar,38,29,19,12,98,0,0,33,1,34,38,29,52,13,132,16,6,22,154
02/28/2021,FSD,SD,AGL,CE,Combined TRACON& Tower with Radar,37,27,26,0,90,0,0,14,0,14,37,27,40,0,104,42,0,42,146
03/01/2021,FSD,SD,AGL,CE,Combined TRACON& Tower with Radar,46,45,40,2,133,0,0,34,0,34,46,45,74,2,167,84,0,84,251
03/02/2021,FSD,SD,AGL,CE,Combined TRACON& Tower with Radar,41,58,32,16,147,0,4,27,0,31,41,62,59,16,178,28,4,32,210
03/03/2021,FSD,SD,AGL,CE,Combined TRACON& Tower with Radar,52,48,44,4,148,0,4,62,0,66,52,52,106,4,214,96,4,100,314
03/04/2021,FSD,SD,AGL,CE,Combined TRACON& Tower with Radar,59,51,44,10,164,0,2,36,0,38,59,53,80,10,202,38,6,44,246
03/05/2021,FSD,SD,AGL,CE,Combined TRACON& Tower with Radar,54,47,46,2,149,0,0,35,0,35,54,47,81,2,184,44,4,48,232
03/06/2021,FSD,SD,AGL,CE,Combined TRACON& Tower with Radar,46,27,31,8,112,0,3,34,6,43,46,30,65,14,155,12,4,16,171
03/07/2021,FSD,SD,AGL,CE,Combined TRACON& Tower with Radar,45,19,25,2,91,0,3,20,0,23,45,22,45,2,114,10,0,10,124
03/08/2021,FSD,SD,AGL,CE,Combined TRACON& Tower with Radar,55,42,46,0,143,0,2,20,0,22,55,44,66,0,165,4,0,4,169
03/09/2021,FSD,SD,AGL,CE,Combined TRACON& Tower with Radar,44,65,42,20,171,0,4,22,2,28,44,69,64,22,199,26,32,58,257
03/10/2021,FSD,SD,AGL,CE,Combined TRACON& Tower with Radar,52,56,34,10,152,0,0,0,0,0,52,56,34,10,152,0,0,0,152
03/11/2021,FSD,SD,AGL,CE,Combined TRACON& Tower with Radar,55,57,46,15,173,0,4,27,0,31,55,61,73,15,204,34,10,44,248
03/12/2021,FSD,SD,AGL,CE,Combined TRACON& Tower with Radar,55,52,28,14,149,0,7,34,0,41,55,59,62,14,190,68,6,74,264
03/13/2021,FSD,SD,AGL,CE,Combined TRACON& Tower with Radar,46,27,26,1,100,0,0,51,0,51,46,27,77,1,151,28,0,28,179
03/14/2021,FSD,SD,AGL,CE,Combined TRACON& Tower with Radar,43,20,15,0,78,0,1,0,0,1,43,21,15,0,79,0,0,0,79
03/15/2021,FSD,SD,AGL,CE,Combined TRACON& Tower with Radar,44,34,16,0,94,0,0,0,0,0,44,34,16,0,94,0,0,0,94
03/16/2021,FSD,SD,AGL,CE,Combined TRACON& Tower with Radar,48,68,32,3,151,0,0,0,0,0,48,68,32,3,151,0,0,0,151
03/17/2021,FSD,SD,AGL,CE,Combined TRACON& Tower with Radar,53,55,58,5,171,0,0,0,0,0,53,55,58,5,171,0,0,0,171
03/18/2021,FSD,SD,AGL,CE,Combined TRACON& Tower with Radar,54,71,40,11,176,0,6,30,0,36,54,77,70,11,212,32,16,48,260
03/19/2021,FSD,SD,AGL,CE,Combined TRACON& Tower with Radar,58,56,45,18,177,0,1,42,0,43,58,57,87,18,220,36,34,70,290
03/20/2021,FSD,SD,AGL,CE,Combined TRACON& Tower with Radar,48,17,15,0,80,0,6,5,1,12,48,23,20,1,92,0,0,0,92
03/21/2021,FSD,SD,AGL,CE,Combined TRACON& Tower with Radar,46,15,21,0,82,0,2,5,1,8,46,17,26,1,90,20,0,20,110
03/22/2021,FSD,SD,AGL,CE,Combined TRACON& Tower with Radar,52,55,40,6,153,0,13,18,1,32,52,68,58,7,185,10,6,16,201
03/23/2021,FSD,SD,AGL,CE,Combined TRACON& Tower with Radar,47,70,29,5,151,0,0,0,0,0,47,70,29,5,151,0,0,0,151
03/24/2021,FSD,SD,AGL,CE,Combined TRACON& Tower with Radar,51,73,50,14,188,0,3,10,0,13,51,76,60,14,201,12,0,12,213
03/25/2021,FSD,SD,AGL,CE,Combined TRACON& Tower with Radar,53,60,54,21,188,0,6,46,8,60,53,66,100,29,248,38,4,42,290
03/26/2021,FSD,SD,AGL,CE,Combined TRACON& Tower with Radar,52,47,30,5,134,0,4,33,0,37,52,51,63,5,171,30,0,30,201
03/27/2021,FSD,SD,AGL,CE,Combined TRACON& Tower with Radar,44,28,12,0,84,0,3,9,0,12,44,31,21,0,96,6,0,6,102
03/28/2021,FSD,SD,AGL,CE,Combined TRACON& Tower with Radar,44,24,23,0,91,0,4,46,0,50,44,28,69,0,141,46,0,46,187
03/29/2021,FSD,SD,AGL,CE,Combined TRACON& Tower with Radar,54,39,28,8,129,0,1,13,0,14,54,40,41,8,143,0,0,0,143
03/30/2021,FSD,SD,AGL,CE,Combined TRACON& Tower with Radar,48,44,21,4,117,0,2,5,0,7,48,46,26,4,124,2,0,2,126
03/31/2021,FSD,SD,AGL,CE,Combined TRACON& Tower with Radar,53,58,24,5,140,0,12,23,0,35,53,70,47,5,175,18,2,20,195
04/01/2021,FSD,SD,AGL,CE,Combined TRACON& Tower with Radar,56,67,37,6,166,0,5,39,0,44,56,72,76,6,210,16,20,36,246
04/02/2021,FSD,SD,AGL,CE,Combined TRACON& Tower with Radar,52,46,24,10,132,0,3,7,2,12,52,49,31,12,144,4,8,12,156
04/03/2021,FSD,SD,AGL,CE,Combined TRACON& Tower with Radar,42,29,26,0,97,0,5,48,0,53,42,34,74,0,150,40,0,40,190
04/04/2021,FSD,SD,AGL,CE,Combined TRACON& Tower with Radar,45,24,15,1,85,0,3,15,0,18,45,27,30,1,103,6,0,6,109
04/05/2021,FSD,SD,AGL,CE,Combined TRACON& Tower with Radar,47,45,36,1,129,0,11,35,2,48,47,56,71,3,177,6,0,6,183
04/06/2021,FSD,SD,AGL,CE,Combined TRACON& Tower with Radar,46,53,36,4,139,0,5,22,2,29,46,58,58,6,168,4,0,4,172
04/07/2021,FSD,SD,AGL,CE,Combined TRACON& Tower with Radar,48,61,34,13,156,0,0,0,0,0,48,61,34,13,156,0,0,0,156
04/08/2021,FSD,SD,AGL,CE,Combined TRACON& Tower with Radar,54,55,45,18,172,0,0,0,0,0,54,55,45,18,172,0,0,0,172
04/09/2021,FSD,SD,AGL,CE,Combined TRACON& Tower with Radar,48,60,40,20,168,0,0,9,0,9,48,60,49,20,177,0,0,0,177
04/10/2021,FSD,SD,AGL,CE,Combined TRACON& Tower with Radar,44,24,35,14,117,0,2,49,1,52,44,26,84,15,169,46,12,58,227
04/11/2021,FSD,SD,AGL,CE,Combined TRACON& Tower with Radar,44,21,35,6,106,0,4,44,0,48,44,25,79,6,154,18,4,22,176
04/12/2021,FSD,SD,AGL,CE,Combined TRACON& Tower with Radar,48,55,22,0,125,0,5,2,4,11,48,60,24,4,136,0,0,0,136
04/13/2021,FSD,SD,AGL,CE,Combined TRACON& Tower with Radar,40,64,55,8,167,0,0,3,0,3,40,64,58,8,170,0,0,0,170
04/14/2021,FSD,SD,AGL,CE,Combined TRACON& Tower with Radar,40,70,79,10,199,0,3,30,0,33,40,73,109,10,232,12,20,32,264
04/15/2021,FSD,SD,AGL,CE,Combined TRACON& Tower with Radar,48,66,62,8,184,0,1,22,1,24,48,67,84,9,208,2,0,2,210
04/16/2021,FSD,SD,AGL,CE,Combined TRACON& Tower with Radar,48,51,38,3,140,0,0,5,0,5,48,51,43,3,145,6,0,6,151
04/17/2021,FSD,SD,AGL,CE,Combined TRACON& Tower with Radar,38,30,40,0,108,0,3,21,1,25,38,33,61,1,133,24,0,24,157
04/18/2021,FSD,SD,AGL,CE,Combined TRACON& Tower with Radar,37,21,17,1,76,0,2,17,0,19,37,23,34,1,95,0,0,0,95
04/19/2021,FSD,SD,AGL,CE,Combined TRACON& Tower with Radar,43,45,21,8,117,0,3,15,0,18,43,48,36,8,135,16,0,16,151
04/20/2021,FSD,SD,AGL,CE,Combined TRACON& Tower with Radar,42,68,45,21,176,0,6,25,0,31,42,74,70,21,207,26,8,34,241
04/21/2021,FSD,SD,AGL,CE,Combined TRACON& Tower with Radar,40,62,47,10,159,0,0,33,1,34,40,62,80,11,193,64,0,64,257
04/22/2021,FSD,SD,AGL,CE,Combined TRACON& Tower with Radar,51,56,43,16,166,0,3,23,0,26,51,59,66,16,192,2,8,10,202
04/23/2021,FSD,SD,AGL,CE,Combined TRACON& Tower with Radar,44,59,47,6,156,0,2,17,0,19,44,61,64,6,175,26,6,32,207
04/24/2021,FSD,SD,AGL,CE,Combined TRACON& Tower with Radar,39,32,15,0,86,0,3,26,0,29,39,35,41,0,115,20,0,20,135
04/25/2021,FSD,SD,AGL,CE,Combined TRACON& Tower with Radar,43,23,22,0,88,0,0,6,2,8,43,23,28,2,96,8,0,8,104
04/26/2021,FSD,SD,AGL,CE,Combined TRACON& Tower with Radar,43,50,30,0,123,0,3,19,0,22,43,53,49,0,145,12,0,12,157
04/27/2021,FSD,SD,AGL,CE,Combined TRACON& Tower with Radar,38,56,70,13,177,0,0,4,0,4,38,56,74,13,181,16,10,26,207
04/28/2021,FSD,SD,AGL,CE,Combined TRACON& Tower with Radar,42,60,61,10,173,0,4,26,0,30,42,64,87,10,203,36,0,36,239
04/29/2021,FSD,SD,AGL,CE,Combined TRACON& Tower with Radar,48,56,43,4,151,0,2,29,0,31,48,58,72,4,182,36,0,36,218
04/30/2021,FSD,SD,AGL,CE,Combined TRACON& Tower with Radar,47,57,29,6,139,0,2,38,0,40,47,59,67,6,179,14,6,20,199
05/01/2021,FSD,SD,AGL,CE,Combined TRACON& Tower with Radar,36,39,26,7,108,0,0,23,1,24,36,39,49,8,132,10,10,20,152
05/02/2021,FSD,SD,AGL,CE,Combined TRACON& Tower with Radar,37,22,14,6,79,0,0,7,2,9,37,22,21,8,88,4,8,12,100
05/03/2021,FSD,SD,AGL,CE,Combined TRACON& Tower with Radar,42,44,40,0,126,0,0,7,1,8,42,44,47,1,134,0,0,0,134
05/04/2021,FSD,SD,AGL,CE,Combined TRACON& Tower with Radar,38,68,62,7,175,0,1,37,0,38,38,69,99,7,213,22,8,30,243
05/05/2021,FSD,SD,AGL,CE,Combined TRACON& Tower with Radar,40,65,41,10,156,0,4,5,0,9,40,69,46,10,165,2,0,2,167
05/06/2021,FSD,SD,AGL,CE,Combined TRACON& Tower with Radar,54,68,36,13,171,0,8,28,0,36,54,76,64,13,207,24,8,32,239
05/07/2021,FSD,SD,AGL,CE,Combined TRACON& Tower with Radar,54,55,44,12,165,0,2,28,8,38,54,57,72,20,203,48,8,56,259
05/08/2021,FSD,SD,AGL,CE,Combined TRACON& Tower with Radar,45,41,14,0,100,0,1,2,0,3,45,42,16,0,103,10,0,10,113
05/09/2021,FSD,SD,AGL,CE,Combined TRACON& Tower with Radar,45,19,18,0,82,0,4,6,0,10,45,23,24,0,92,28,0,28,120
05/10/2021,FSD,SD,AGL,CE,Combined TRACON& Tower with Radar,48,51,30,1,130,0,5,20,3,28,48,56,50,4,158,0,0,0,158
05/11/2021,FSD,SD,AGL,CE,Combined TRACON& Tower with Radar,48,54,47,11,160,0,3,50,4,57,48,57,97,15,217,20,20,40,257
05/12/2021,FSD,SD,AGL,CE,Combined TRACON& Tower with Radar,48,58,41,21,168,0,9,21,1,31,48,67,62,22,199,22,30,52,251
05/13/2021,FSD,SD,AGL,CE,Combined TRACON& Tower with Radar,55,59,62,19,195,0,4,17,1,22,55,63,79,20,217,10,12,22,239
05/14/2021,FSD,SD,AGL,CE,Combined TRACON& Tower with Radar,56,60,45,14,175,0,1,13,1,15,56,61,58,15,190,10,16,26,216
05/15/2021,FSD,SD,AGL,CE,Combined TRACON& Tower with Radar,43,38,34,0,115,0,1,30,0,31,43,39,64,0,146,26,0,26,172
05/16/2021,FSD,SD,AGL,CE,Combined TRACON& Tower with Radar,46,27,46,2,121,0,1,9,0,10,46,28,55,2,131,6,0,6,137
05/17/2021,FSD,SD,AGL,CE,Combined TRACON& Tower with Radar,50,41,70,10,171,0,1,11,0,12,50,42,81,10,183,16,8,24,207
05/18/2021,FSD,SD,AGL,CE,Combined TRACON& Tower with Radar,48,75,56,19,198,0,3,6,0,9,48,78,62,19,207,0,0,0,207
05/19/2021,FSD,SD,AGL,CE,Combined TRACON& Tower with Radar,53,59,57,17,186,0,1,3,1,5,53,60,60,18,191,10,10,20,211
05/20/2021,FSD,SD,AGL,CE,Combined TRACON& Tower with Radar,55,61,58,13,187,0,1,13,0,14,55,62,71,13,201,18,2,20,221
05/21/2021,FSD,SD,AGL,CE,Combined TRACON& Tower with Radar,56,48,44,1,149,0,4,12,0,16,56,52,56,1,165,16,0,16,181
05/22/2021,FSD,SD,AGL,CE,Combined TRACON& Tower with Radar,44,21,23,10,98,0,1,18,5,24,44,22,41,15,122,6,0,6,128
05/23/2021,FSD,SD,AGL,CE,Combined TRACON& Tower with Radar,45,15,35,0,95,0,1,9,0,10,45,16,44,0,105,32,0,32,137
05/24/2021,FSD,SD,AGL,CE,Combined TRACON& Tower with Radar,49,47,42,1,139,0,4,16,0,20,49,51,58,1,159,8,0,8,167
05/25/2021,FSD,SD,AGL,CE,Combined TRACON& Tower with Radar,49,65,53,17,184,0,4,21,2,27,49,69,74,19,211,32,20,52,263
05/26/2021,FSD,SD,AGL,CE,Combined TRACON& Tower with Radar,54,54,61,16,185,0,9,44,1,54,54,63,105,17,239,40,24,64,303
05/27/2021,FSD,SD,AGL,CE,Combined TRACON& Tower with Radar,58,65,46,15,184,0,0,0,0,0,58,65,46,15,184,0,0,0,184
05/28/2021,FSD,SD,AGL,CE,Combined TRACON& Tower with Radar,50,50,51,0,151,0,3,6,0,9,50,53,57,0,160,4,0,4,164
05/29/2021,FSD,SD,AGL,CE,Combined TRACON& Tower with Radar,46,37,18,0,101,0,1,5,0,6,46,38,23,0,107,0,0,0,107
05/30/2021,FSD,SD,AGL,CE,Combined TRACON& Tower with Radar,45,17,25,0,87,0,2,10,1,13,45,19,35,1,100,16,0,16,116
05/31/2021,FSD,SD,AGL,CE,Combined TRACON& Tower with Radar,44,18,16,1,79,0,2,23,5,30,44,20,39,6,109,26,12,38,147
06/01/2021,FSD,SD,AGL,CE,Combined TRACON& Tower with Radar,48,54,48,8,158,0,6,41,0,47,48,60,89,8,205,36,10,46,251
06/02/2021,FSD,SD,AGL,CE,Combined TRACON& Tower with Radar,58,59,44,18,179,0,2,17,0,19,58,61,61,18,198,58,12,70,268
06/03/2021,FSD,SD,AGL,CE,Combined TRACON& Tower with Radar,53,59,42,12,166,0,3,16,4,23,53,62,58,16,189,12,14,26,215
06/04/2021,FSD,SD,AGL,CE,Combined TRACON& Tower with Radar,46,52,31,6,135,0,1,31,0,32,46,53,62,6,167,20,6,26,193
06/05/2021,FSD,SD,AGL,CE,Combined TRACON& Tower with Radar,45,41,29,7,122,0,1,29,1,31,45,42,58,8,153,14,10,24,177
06/06/2021,FSD,SD,AGL,CE,Combined TRACON& Tower with Radar,35,25,24,6,90,0,4,8,0,12,35,29,32,6,102,0,0,0,102
06/07/2021,FSD,SD,AGL,CE,Combined TRACON& Tower with Radar,36,51,56,2,145,0,5,29,0,34,36,56,85,2,179,14,0,14,193
06/08/2021,FSD,SD,AGL,CE,Combined TRACON& Tower with Radar,46,78,59,18,201,0,3,18,1,22,46,81,77,19,223,26,14,40,263
06/09/2021,FSD,SD,AGL,CE,Combined TRACON& Tower with Radar,58,65,64,23,210,0,0,35,0,35,58,65,99,23,245,24,20,44,289
06/10/2021,FSD,SD,AGL,CE,Combined TRACON& Tower with Radar,53,68,60,5,186,0,3,34,0,37,53,71,94,5,223,10,6,16,239
06/11/2021,FSD,SD,AGL,CE,Combined TRACON& Tower with Radar,44,59,44,3,150,0,10,11,1,22,44,69,55,4,172,6,2,8,180
06/12/2021,FSD,SD,AGL,CE,Combined TRACON& Tower with Radar,45,48,27,2,122,0,10,26,2,38,45,58,53,4,160,34,0,34,194
06/13/2021,FSD,SD,AGL,CE,Combined TRACON& Tower with Radar,38,30,28,0,96,0,1,16,0,17,38,31,44,0,113,4,0,4,117
06/14/2021,FSD,SD,AGL,CE,Combined TRACON& Tower with Radar,45,59,48,0,152,0,1,20,1,22,45,60,68,1,174,12,0,12,186
06/15/2021,FSD,SD,AGL,CE,Combined TRACON& Tower with Radar,48,74,69,1,192,0,6,29,0,35,48,80,98,1,227,34,0,34,261
06/16/2021,FSD,SD,AGL,CE,Combined TRACON& Tower with Radar,55,63,51,1,170,0,11,24,2,37,55,74,75,3,207,16,0,16,223
06/17/2021,FSD,SD,AGL,CE,Combined TRACON& Tower with Radar,61,57,54,3,175,0,3,22,0,25,61,60,76,3,200,16,8,24,224
06/18/2021,FSD,SD,AGL,CE,Combined TRACON& Tower with Radar,43,66,54,2,165,0,11,38,0,49,43,77,92,2,214,20,0,20,234
06/19/2021,FSD,SD,AGL,CE,Combined TRACON& Tower with Radar,44,42,22,0,108,0,3,37,2,42,44,45,59,2,150,24,0,24,174
06/20/2021,FSD,SD,AGL,CE,Combined TRACON& Tower with Radar,41,36,24,2,103,0,0,7,1,8,41,36,31,3,111,0,0,0,111
06/21/2021,FSD,SD,AGL,CE,Combined TRACON& Tower with Radar,40,39,49,0,128,0,7,27,0,34,40,46,76,0,162,8,0,8,170
06/22/2021,FSD,SD,AGL,CE,Combined TRACON& Tower with Radar,46,76,59,14,195,0,10,40,3,53,46,86,99,17,248,26,6,32,280
06/23/2021,FSD,SD,AGL,CE,Combined TRACON& Tower with Radar,53,61,54,13,181,0,3,30,0,33,53,64,84,13,214,8,26,34,248
06/24/2021,FSD,SD,AGL,CE,Combined TRACON& Tower with Radar,51,69,49,15,184,0,4,21,1,26,51,73,70,16,210,6,22,28,238
06/25/2021,FSD,SD,AGL,CE,Combined TRACON& Tower with Radar,42,60,44,17,163,0,7,22,1,30,42,67,66,18,193,10,18,28,221
06/26/2021,FSD,SD,AGL,CE,Combined TRACON& Tower with Radar,47,36,16,0,99,0,1,10,1,12,47,37,26,1,111,4,0,4,115
06/27/2021,FSD,SD,AGL,CE,Combined TRACON& Tower with Radar,44,35,24,0,103,0,2,12,1,15,44,37,36,1,118,32,0,32,150
06/28/2021,FSD,SD,AGL,CE,Combined TRACON& Tower with Radar,41,50,35,6,132,0,4,13,0,17,41,54,48,6,149,6,0,6,155
06/29/2021,FSD,SD,AGL,CE,Combined TRACON& Tower with Radar,54,71,46,12,183,0,13,31,0,44,54,84,77,12,227,48,18,66,293
06/30/2021,FSD,SD,AGL,CE,Combined TRACON& Tower with Radar,46,59,39,17,161,0,16,39,2,57,46,75,78,19,218,62,10,72,290
07/01/2021,FSD,SD,AGL,CE,Combined TRACON& Tower with Radar,46,69,35,13,163,0,6,33,0,39,46,75,68,13,202,46,0,46,248
07/02/2021,FSD,SD,AGL,CE,Combined TRACON& Tower with Radar,40,61,38,0,139,0,5,34,0,39,40,66,72,0,178,18,0,18,196
07/03/2021,FSD,SD,AGL,CE,Combined TRACON& Tower with Radar,38,54,19,0,111,0,1,17,0,18,38,55,36,0,129,12,0,12,141
07/04/2021,FSD,SD,AGL,CE,Combined TRACON& Tower with Radar,35,44,21,0,100,0,2,14,0,16,35,46,35,0,116,6,0,6,122
07/05/2021,FSD,SD,AGL,CE,Combined TRACON& Tower with Radar,34,39,41,0,114,0,1,21,0,22,34,40,62,0,136,44,0,44,180
07/06/2021,FSD,SD,AGL,CE,Combined TRACON& Tower with Radar,44,70,37,5,156,0,4,8,0,12,44,74,45,5,168,8,0,8,176
07/07/2021,FSD,SD,AGL,CE,Combined TRACON& Tower with Radar,47,71,54,12,184,0,6,18,0,24,47,77,72,12,208,62,4,66,274
07/08/2021,FSD,SD,AGL,CE,Combined TRACON& Tower with Radar,50,68,54,11,183,0,0,30,0,30,50,68,84,11,213,4,2,6,219
07/09/2021,FSD,SD,AGL,CE,Combined TRACON& Tower with Radar,41,77,47,8,173,0,0,27,0,27,41,77,74,8,200,12,12,24,224
07/10/2021,FSD,SD,AGL,CE,Combined TRACON& Tower with Radar,46,38,23,0,107,0,0,1,0,1,46,38,24,0,108,0,0,0,108
07/11/2021,FSD,SD,AGL,CE,Combined TRACON& Tower with Radar,39,40,28,4,111,0,3,24,1,28,39,43,52,5,139,26,4,30,169
07/12/2021,FSD,SD,AGL,CE,Combined TRACON& Tower with Radar,37,54,40,0,131,0,3,51,0,54,37,57,91,0,185,22,0,22,207
07/13/2021,FSD,SD,AGL,CE,Combined TRACON& Tower with Radar,48,77,54,10,189,0,4,59,0,63,48,81,113,10,252,90,24,114,366
07/14/2021,FSD,SD,AGL,CE,Combined TRACON& Tower with Radar,48,77,57,4,186,0,2,11,0,13,48,79,68,4,199,4,0,4,203
07/15/2021,FSD,SD,AGL,CE,Combined TRACON& Tower with Radar,47,68,81,12,208,0,6,41,0,47,47,74,122,12,255,58,18,76,331
07/16/2021,FSD,SD,AGL,CE,Combined TRACON& Tower with Radar,42,71,54,4,171,0,9,35,1,45,42,80,89,5,216,14,0,14,230
07/17/2021,FSD,SD,AGL,CE,Combined TRACON& Tower with Radar,44,48,26,0,118,0,2,19,0,21,44,50,45,0,139,4,0,4,143
07/18/2021,FSD,SD,AGL,CE,Combined TRACON& Tower with Radar,39,39,39,0,117,0,5,29,2,36,39,44,68,2,153,24,0,24,177
07/19/2021,FSD,SD,AGL,CE,Combined TRACON& Tower with Radar,40,69,53,8,170,0,7,20,1,28,40,76,73,9,198,36,6,42,240
07/20/2021,FSD,SD,AGL,CE,Combined TRACON& Tower with Radar,43,79,61,2,185,0,10,34,1,45,43,89,95,3,230,44,4,48,278
07/21/2021,FSD,SD,AGL,CE,Combined TRACON& Tower with Radar,48,81,62,3,194,0,6,25,1,32,48,87,87,4,226,10,0,10,236
07/22/2021,FSD,SD,AGL,CE,Combined TRACON& Tower with Radar,49,70,44,3,166,0,4,24,0,28,49,74,68,3,194,4,0,4,198
07/23/2021,FSD,SD,AGL,CE,Combined TRACON& Tower with Radar,42,67,59,0,168,0,2,50,2,54,42,69,109,2,222,14,12,26,248
07/24/2021,FSD,SD,AGL,CE,Combined TRACON& Tower with Radar,42,48,29,12,131,0,8,33,2,43,42,56,62,14,174,20,14,34,208
07/25/2021,FSD,SD,AGL,CE,Combined TRACON& Tower with Radar,38,36,50,4,128,0,3,35,1,39,38,39,85,5,167,28,6,34,201
07/26/2021,FSD,SD,AGL,CE,Combined TRACON& Tower with Radar,39,57,40,0,136,0,3,18,0,21,39,60,58,0,157,16,0,16,173
07/27/2021,FSD,SD,AGL,CE,Combined TRACON& Tower with Radar,45,69,65,13,192,0,2,32,2,36,45,71,97,15,228,36,24,60,288
07/28/2021,FSD,SD,AGL,CE,Combined TRACON& Tower with Radar,45,70,59,11,185,0,0,31,3,34,45,70,90,14,219,16,12,28,247
07/29/2021,FSD,SD,AGL,CE,Combined TRACON& Tower with Radar,47,70,79,11,207,0,0,7,0,7,47,70,86,11,214,0,0,0,214
07/30/2021,FSD,SD,AGL,CE,Combined TRACON& Tower with Radar,51,74,39,16,180,1,0,0,0,1,52,74,39,16,181,0,0,0,181
07/31/2021,FSD,SD,AGL,CE,Combined TRACON& Tower with Radar,47,51,41,0,139,0,0,8,0,8,47,51,49,0,147,0,0,0,147
08/01/2021,FSD,SD,AGL,CE,Combined TRACON& Tower with Radar,40,27,48,0,115,0,3,35,0,38,40,30,83,0,153,28,0,28,181
08/02/2021,FSD,SD,AGL,CE,Combined TRACON& Tower with Radar,40,64,43,8,155,0,2,41,4,47,40,66,84,12,202,45,0,45,247
08/03/2021,FSD,SD,AGL,CE,Combined TRACON& Tower with Radar,44,72,62,12,190,0,4,31,2,37,44,76,93,14,227,54,6,60,287
08/04/2021,FSD,SD,AGL,CE,Combined TRACON& Tower with Radar,36,85,61,8,190,0,1,33,14,48,36,86,94,22,238,18,0,18,256
08/05/2021,FSD,SD,AGL,CE,Combined TRACON& Tower with Radar,48,79,83,11,221,0,1,46,7,54,48,80,129,18,275,4,18,22,297
08/06/2021,FSD,SD,AGL,CE,Combined TRACON& Tower with Radar,47,59,55,25,186,0,3,69,6,78,47,62,124,31,264,40,4,44,308
08/07/2021,FSD,SD,AGL,CE,Combined TRACON& Tower with Radar,42,48,25,1,116,0,3,42,13,58,42,51,67,14,174,4,0,4,178
08/08/2021,FSD,SD,AGL,CE,Combined TRACON& Tower with Radar,37,41,37,3,118,0,2,77,10,89,37,43,114,13,207,16,4,20,227
08/09/2021,FSD,SD,AGL,CE,Combined TRACON& Tower with Radar,41,35,49,5,130,0,2,33,1,36,41,37,82,6,166,16,0,16,182
08/10/2021,FSD,SD,AGL,CE,Combined TRACON& Tower with Radar,45,50,54,9,158,0,5,25,1,31,45,55,79,10,189,36,2,38,227
08/11/2021,FSD,SD,AGL,CE,Combined TRACON& Tower with Radar,53,73,78,6,210,0,7,32,1,40,53,80,110,7,250,50,4,54,304
08/12/2021,FSD,SD,AGL,CE,Combined TRACON& Tower with Radar,51,70,61,8,190,0,5,34,0,39,51,75,95,8,229,18,6,24,253
08/13/2021,FSD,SD,AGL,CE,Combined TRACON& Tower with Radar,42,73,63,2,180,0,11,46,0,57,42,84,109,2,237,68,0,68,305
08/14/2021,FSD,SD,AGL,CE,Combined TRACON& Tower with Radar,40,37,35,0,112,0,3,29,1,33,40,40,64,1,145,12,0,12,157
08/15/2021,FSD,SD,AGL,CE,Combined TRACON& Tower with Radar,38,32,33,0,103,0,1,33,1,35,38,33,66,1,138,4,0,4,142
08/16/2021,FSD,SD,AGL,CE,Combined TRACON& Tower with Radar,43,60,47,0,150,0,4,17,0,21,43,64,64,0,171,20,0,20,191
08/17/2021,FSD,SD,AGL,CE,Combined TRACON& Tower with Radar,40,67,47,2,156,0,8,12,1,21,40,75,59,3,177,12,0,12,189
08/18/2021,FSD,SD,AGL,CE,Combined TRACON& Tower with Radar,44,58,64,9,175,0,6,18,1,25,44,64,82,10,200,12,18,30,230
08/19/2021,FSD,SD,AGL,CE,Combined TRACON& Tower with Radar,49,68,49,9,175,0,3,22,0,25,49,71,71,9,200,14,0,14,214
08/20/2021,FSD,SD,AGL,CE,Combined TRACON& Tower with Radar,45,71,42,1,159,0,1,2,0,3,45,72,44,1,162,0,0,0,162
08/21/2021,FSD,SD,AGL,CE,Combined TRACON& Tower with Radar,41,49,40,0,130,0,7,15,2,24,41,56,55,2,154,8,0,8,162
08/22/2021,FSD,SD,AGL,CE,Combined TRACON& Tower with Radar,41,47,33,0,121,0,1,14,1,16,41,48,47,1,137,2,0,2,139
08/23/2021,FSD,SD,AGL,CE,Combined TRACON& Tower with Radar,43,54,50,18,165,0,4,13,0,17,43,58,63,18,182,8,0,8,190
08/24/2021,FSD,SD,AGL,CE,Combined TRACON& Tower with Radar,52,69,60,7,188,0,7,27,1,35,52,76,87,8,223,26,0,26,249
08/25/2021,FSD,SD,AGL,CE,Combined TRACON& Tower with Radar,46,59,49,9,163,0,0,17,0,17,46,59,66,9,180,20,0,20,200
08/26/2021,FSD,SD,AGL,CE,Combined TRACON& Tower with Radar,50,62,51,5,168,0,3,6,0,9,50,65,57,5,177,0,2,2,179
08/27/2021,FSD,SD,AGL,CE,Combined TRACON& Tower with Radar,48,64,32,0,144,0,1,8,0,9,48,65,40,0,153,0,0,0,153
08/28/2021,FSD,SD,AGL,CE,Combined TRACON& Tower with Radar,36,31,20,0,87,0,1,9,0,10,36,32,29,0,97,0,0,0,97
08/29/2021,FSD,SD,AGL,CE,Combined TRACON& Tower with Radar,41,36,38,0,115,0,7,37,0,44,41,43,75,0,159,32,0,32,191
08/30/2021,FSD,SD,AGL,CE,Combined TRACON& Tower with Radar,40,57,37,0,134,0,5,17,0,22,40,62,54,0,156,8,0,8,164
08/31/2021,FSD,SD,AGL,CE,Combined TRACON& Tower with Radar,46,67,60,12,185,0,11,25,2,38,46,78,85,14,223,28,4,32,255
09/01/2021,FSD,SD,AGL,CE,Combined TRACON& Tower with Radar,46,62,52,8,168,0,2,30,0,32,46,64,82,8,200,16,0,16,216
09/02/2021,FSD,SD,AGL,CE,Combined TRACON& Tower with Radar,60,78,57,2,197,0,0,2,0,2,60,78,59,2,199,0,0,0,199
09/03/2021,FSD,SD,AGL,CE,Combined TRACON& Tower with Radar,52,81,41,0,174,0,0,4,0,4,52,81,45,0,178,8,0,8,186
09/04/2021,FSD,SD,AGL,CE,Combined TRACON& Tower with Radar,40,48,22,0,110,0,6,23,2,31,40,54,45,2,141,2,0,2,143
09/05/2021,FSD,SD,AGL,CE,Combined TRACON& Tower with Radar,35,36,22,0,93,0,10,30,0,40,35,46,52,0,133,36,0,36,169
09/06/2021,FSD,SD,AGL,CE,Combined TRACON& Tower with Radar,36,39,42,0,117,0,7,22,0,29,36,46,64,0,146,26,0,26,172
09/07/2021,FSD,SD,AGL,CE,Combined TRACON& Tower with Radar,41,65,37,10,153,0,8,25,2,35,41,73,62,12,188,38,10,48,236
09/08/2021,FSD,SD,AGL,CE,Combined TRACON& Tower with Radar,46,73,56,10,185,0,14,33,1,48,46,87,89,11,233,6,4,10,243
09/09/2021,FSD,SD,AGL,CE,Combined TRACON& Tower with Radar,50,81,65,8,204,0,13,29,2,44,50,94,94,10,248,4,12,16,264
09/10/2021,FSD,SD,AGL,CE,Combined TRACON& Tower with Radar,47,59,36,4,146,0,6,26,0,32,47,65,62,4,178,30,2,32,210
09/11/2021,FSD,SD,AGL,CE,Combined TRACON& Tower with Radar,41,45,21,1,108,0,11,20,0,31,41,56,41,1,139,8,0,8,147
09/12/2021,FSD,SD,AGL,CE,Combined TRACON& Tower with Radar,37,43,36,5,121,0,3,19,1,23,37,46,55,6,144,12,12,24,168
09/13/2021,FSD,SD,AGL,CE,Combined TRACON& Tower with Radar,43,60,51,0,154,0,1,2,0,3,43,61,53,0,157,0,0,0,157
09/14/2021,FSD,SD,AGL,CE,Combined TRACON& Tower with Radar,46,83,64,11,204,0,2,19,0,21,46,85,83,11,225,0,2,2,227
09/15/2021,FSD,SD,AGL,CE,Combined TRACON& Tower with Radar,41,72,53,16,182,0,8,31,1,40,41,80,84,17,222,2,20,22,244
09/16/2021,FSD,SD,AGL,CE,Combined TRACON& Tower with Radar,53,76,53,3,185,0,7,23,0,30,53,83,76,3,215,0,0,0,215
09/17/2021,FSD,SD,AGL,CE,Combined TRACON& Tower with Radar,45,86,63,9,203,0,10,36,1,47,45,96,99,10,250,2,6,8,258
09/18/2021,FSD,SD,AGL,CE,Combined TRACON& Tower with Radar,38,42,30,0,110,0,3,22,2,27,38,45,52,2,137,12,0,12,149
09/19/2021,FSD,SD,AGL,CE,Combined TRACON& Tower with Radar,43,59,32,0,134,0,3,5,0,8,43,62,37,0,142,0,0,0,142
09/20/2021,FSD,SD,AGL,CE,Combined TRACON& Tower with Radar,42,56,46,18,162,0,2,5,0,7,42,58,51,18,169,8,0,8,177
09/21/2021,FSD,SD,AGL,CE,Combined TRACON& Tower with Radar,48,74,49,9,180,0,1,25,0,26,48,75,74,9,206,6,0,6,212
09/22/2021,FSD,SD,AGL,CE,Combined TRACON& Tower with Radar,48,61,52,2,163,0,9,34,0,43,48,70,86,2,206,20,0,20,226
09/23/2021,FSD,SD,AGL,CE,Combined TRACON& Tower with Radar,53,65,47,0,165,0,7,18,2,27,53,72,65,2,192,8,0,8,200
09/24/2021,FSD,SD,AGL,CE,Combined TRACON& Tower with Radar,50,69,56,0,175,0,2,24,0,26,50,71,80,0,201,4,0,4,205
09/25/2021,FSD,SD,AGL,CE,Combined TRACON& Tower with Radar,43,38,24,0,105,0,5,16,0,21,43,43,40,0,126,6,0,6,132
09/26/2021,FSD,SD,AGL,CE,Combined TRACON& Tower with Radar,41,39,45,2,127,0,6,22,2,30,41,45,67,4,157,4,0,4,161
09/27/2021,FSD,SD,AGL,CE,Combined TRACON& Tower with Radar,43,64,43,2,152,0,3,31,0,34,43,67,74,2,186,0,0,0,186
09/28/2021,FSD,SD,AGL,CE,Combined TRACON& Tower with Radar,48,73,49,2,172,0,6,21,0,27,48,79,70,2,199,18,0,18,217
09/29/2021,FSD,SD,AGL,CE,Combined TRACON& Tower with Radar,44,63,40,0,147,0,3,19,0,22,44,66,59,0,169,4,0,4,173
09/30/2021,FSD,SD,AGL,CE,Combined TRACON& Tower with Radar,51,67,51,3,172,0,0,9,0,9,51,67,60,3,181,0,0,0,181
10/01/2021,FSD,SD,AGL,CE,Combined TRACON& Tower with Radar,55,79,54,0,188,0,1,1,0,2,55,80,55,0,190,0,0,0,190
10/02/2021,FSD,SD,AGL,CE,Combined TRACON& Tower with Radar,50,58,22,11,141,0,1,2,2,5,50,59,24,13,146,0,0,0,146
10/03/2021,FSD,SD,AGL,CE,Combined TRACON& Tower with Radar,41,32,42,6,121,0,2,38,0,40,41,34,80,6,161,18,10,28,189
10/04/2021,FSD,SD,AGL,CE,Combined TRACON& Tower with Radar,47,60,58,0,165,0,2,27,0,29,47,62,85,0,194,44,0,44,238
10/05/2021,FSD,SD,AGL,CE,Combined TRACON& Tower with Radar,42,65,57,12,176,0,6,41,0,47,42,71,98,12,223,70,10,80,303
10/06/2021,FSD,SD,AGL,CE,Combined TRACON& Tower with Radar,44,81,82,19,226,0,4,19,2,25,44,85,101,21,251,22,2,24,275
10/07/2021,FSD,SD,AGL,CE,Combined TRACON& Tower with Radar,52,87,59,19,217,0,3,15,0,18,52,90,74,19,235,6,0,6,241
10/08/2021,FSD,SD,AGL,CE,Combined TRACON& Tower with Radar,42,51,44,0,137,0,2,22,0,24,42,53,66,0,161,12,0,12,173
10/09/2021,FSD,SD,AGL,CE,Combined TRACON& Tower with Radar,46,37,25,0,108,0,2,14,0,16,46,39,39,0,124,0,0,0,124
10/10/2021,FSD,SD,AGL,CE,Combined TRACON& Tower with Radar,41,42,53,0,136,0,4,4,0,8,41,46,57,0,144,0,0,0,144
10/11/2021,FSD,SD,AGL,CE,Combined TRACON& Tower with Radar,41,57,42,0,140,0,9,44,1,54,41,66,86,1,194,22,0,22,216
10/12/2021,FSD,SD,AGL,CE,Combined TRACON& Tower with Radar,47,58,63,12,180,0,6,35,2,43,47,64,98,14,223,34,6,40,263
10/13/2021,FSD,SD,AGL,CE,Combined TRACON& Tower with Radar,42,73,50,5,170,0,6,5,0,11,42,79,55,5,181,0,0,0,181
10/14/2021,FSD,SD,AGL,CE,Combined TRACON& Tower with Radar,52,82,58,11,203,0,4,14,0,18,52,86,72,11,221,0,4,4,225
10/15/2021,FSD,SD,AGL,CE,Combined TRACON& Tower with Radar,45,70,46,18,179,0,12,9,1,22,45,82,55,19,201,0,4,4,205
10/16/2021,FSD,SD,AGL,CE,Combined TRACON& Tower with Radar,43,38,26,4,111,0,4,30,1,35,43,42,56,5,146,20,4,24,170
10/17/2021,FSD,SD,AGL,CE,Combined TRACON& Tower with Radar,42,50,56,0,148,0,6,31,1,38,42,56,87,1,186,8,0,8,194
10/18/2021,FSD,SD,AGL,CE,Combined TRACON& Tower with Radar,36,52,48,15,151,0,4,19,0,23,36,56,67,15,174,20,0,20,194
10/19/2021,FSD,SD,AGL,CE,Combined TRACON& Tower with Radar,45,82,59,10,196,0,13,21,0,34,45,95,80,10,230,28,4,32,262
10/20/2021,FSD,SD,AGL,CE,Combined TRACON& Tower with Radar,50,87,47,7,191,0,0,0,0,0,50,87,47,7,191,0,0,0,191
10/21/2021,FSD,SD,AGL,CE,Combined TRACON& Tower with Radar,48,90,54,10,202,0,10,23,0,33,48,100,77,10,235,0,4,4,239
10/22/2021,FSD,SD,AGL,CE,Combined TRACON& Tower with Radar,38,71,55,0,164,0,2,23,0,25,38,73,78,0,189,28,0,28,217
10/23/2021,FSD,SD,AGL,CE,Combined TRACON& Tower with Radar,41,49,28,0,118,0,1,21,0,22,41,50,49,0,140,0,6,6,146
10/24/2021,FSD,SD,AGL,CE,Combined TRACON& Tower with Radar,43,44,31,6,124,0,2,1,0,3,43,46,32,6,127,4,14,18,145
10/25/2021,FSD,SD,AGL,CE,Combined TRACON& Tower with Radar,39,58,39,1,137,0,9,31,5,45,39,67,70,6,182,36,0,36,218
10/26/2021,FSD,SD,AGL,CE,Combined TRACON& Tower with Radar,50,64,29,19,162,0,0,9,1,10,50,64,38,20,172,0,8,8,180
10/27/2021,FSD,SD,AGL,CE,Combined TRACON& Tower with Radar,47,87,26,1,161,0,0,0,0,0,47,87,26,1,161,0,0,0,161
10/28/2021,FSD,SD,AGL,CE,Combined TRACON& Tower with Radar,54,87,71,21,233,0,5,46,0,51,54,92,117,21,284,2,26,28,312
10/29/2021,FSD,SD,AGL,CE,Combined TRACON& Tower with Radar,41,63,37,10,151,0,4,33,3,40,41,67,70,13,191,30,0,30,221
10/30/2021,FSD,SD,AGL,CE,Combined TRACON& Tower with Radar,42,38,29,0,109,0,6,22,4,32,42,44,51,4,141,24,0,24,165
10/31/2021,FSD,SD,AGL,CE,Combined TRACON& Tower with Radar,40,40,29,0,109,0,6,27,0,33,40,46,56,0,142,12,0,12,154
11/01/2021,FSD,SD,AGL,CE,Combined TRACON& Tower with Radar,36,70,38,2,146,0,2,20,0,22,36,72,58,2,168,16,0,16,184
11/02/2021,FSD,SD,AGL,CE,Combined TRACON& Tower with Radar,38,68,39,25,170,0,4,20,0,24,38,72,59,25,194,20,18,38,232
11/03/2021,FSD,SD,AGL,CE,Combined TRACON& Tower with Radar,34,74,47,31,186,0,7,14,2,23,34,81,61,33,209,16,18,34,243
11/04/2021,FSD,SD,AGL,CE,Combined TRACON& Tower with Radar,46,85,37,7,175,0,1,0,0,1,46,86,37,7,176,0,0,0,176
11/05/2021,FSD,SD,AGL,CE,Combined TRACON& Tower with Radar,37,89,51,12,189,0,1,10,0,11,37,90,61,12,200,8,8,16,216
11/06/2021,FSD,SD,AGL,CE,Combined TRACON& Tower with Radar,29,43,30,25,127,0,4,44,5,53,29,47,74,30,180,4,20,24,204
11/07/2021,FSD,SD,AGL,CE,Combined TRACON& Tower with Radar,31,33,41,9,114,0,3,46,1,50,31,36,87,10,164,20,6,26,190
11/08/2021,FSD,SD,AGL,CE,Combined TRACON& Tower with Radar,31,64,65,2,162,0,6,25,0,31,31,70,90,2,193,0,0,0,193
11/09/2021,FSD,SD,AGL,CE,Combined TRACON& Tower with Radar,33,71,65,14,183,0,3,30,0,33,33,74,95,14,216,0,0,0,216
11/10/2021,FSD,SD,AGL,CE,Combined TRACON& Tower with Radar,30,78,48,6,162,0,2,2,0,4,30,80,50,6,166,0,0,0,166
11/11/2021,FSD,SD,AGL,CE,Combined TRACON& Tower with Radar,44,77,53,0,174,0,0,3,0,3,44,77,56,0,177,0,0,0,177
11/12/2021,FSD,SD,AGL,CE,Combined TRACON& Tower with Radar,35,74,25,0,134,0,0,2,0,2,35,74,27,0,136,6,0,6,142
11/13/2021,FSD,SD,AGL,CE,Combined TRACON& Tower with Radar,26,46,22,0,94,0,0,4,0,4,26,46,26,0,98,4,0,4,102
11/14/2021,FSD,SD,AGL,CE,Combined TRACON& Tower with Radar,31,33,45,0,109,0,3,27,0,30,31,36,72,0,139,4,0,4,143
11/15/2021,FSD,SD,AGL,CE,Combined TRACON& Tower with Radar,34,68,53,13,168,0,3,33,1,37,34,71,86,14,205,26,0,26,231
11/16/2021,FSD,SD,AGL,CE,Combined TRACON& Tower with Radar,34,81,63,15,193,0,4,40,1,45,34,85,103,16,238,12,12,24,262
11/17/2021,FSD,SD,AGL,CE,Combined TRACON& Tower with Radar,29,64,56,16,165,0,2,21,1,24,29,66,77,17,189,0,24,24,213
11/18/2021,FSD,SD,AGL,CE,Combined TRACON& Tower with Radar,39,82,74,34,229,0,5,60,1,66,39,87,134,35,295,34,48,82,377
11/19/2021,FSD,SD,AGL,CE,Combined TRACON& Tower with Radar,40,78,38,4,160,0,6,28,0,34,40,84,66,4,194,10,0,10,204
11/20/2021,FSD,SD,AGL,CE,Combined TRACON& Tower with Radar,28,47,35,2,112,0,2,30,0,32,28,49,65,2,144,24,0,24,168
11/21/2021,FSD,SD,AGL,CE,Combined TRACON& Tower with Radar,36,34,50,0,120,0,2,23,1,26,36,36,73,1,146,2,0,2,148
11/22/2021,FSD,SD,AGL,CE,Combined TRACON& Tower with Radar,38,60,49,0,147,0,3,36,0,39,38,63,85,0,186,28,0,28,214
11/23/2021,FSD,SD,AGL,CE,Combined TRACON& Tower with Radar,42,81,57,21,201,0,5,26,0,31,42,86,83,21,232,2,26,28,260
11/24/2021,FSD,SD,AGL,CE,Combined TRACON& Tower with Radar,45,87,42,10,184,0,2,10,1,13,45,89,52,11,197,4,10,14,211
11/25/2021,FSD,SD,AGL,CE,Combined TRACON& Tower with Radar,20,17,11,0,48,0,0,5,1,6,20,17,16,1,54,10,0,10,64
11/26/2021,FSD,SD,AGL,CE,Combined TRACON& Tower with Radar,33,63,21,0,117,0,2,28,0,30,33,65,49,0,147,32,0,32,179
11/27/2021,FSD,SD,AGL,CE,Combined TRACON& Tower with Radar,32,38,22,0,92,0,2,9,0,11,32,40,31,0,103,0,0,0,103
11/28/2021,FSD,SD,AGL,CE,Combined TRACON& Tower with Radar,34,37,43,1,115,0,1,21,0,22,34,38,64,1,137,4,0,4,141
11/29/2021,FSD,SD,AGL,CE,Combined TRACON& Tower with Radar,37,67,46,0,150,0,6,33,0,39,37,73,79,0,189,36,0,36,225
11/30/2021,FSD,SD,AGL,CE,Combined TRACON& Tower with Radar,34,70,50,9,163,0,8,20,0,28,34,78,70,9,191,6,4,10,201
12/01/2021,FSD,SD,AGL,CE,Combined TRACON& Tower with Radar,33,75,58,22,188,0,0,24,1,25,33,75,82,23,213,18,16,34,247
12/02/2021,FSD,SD,AGL,CE,Combined TRACON& Tower with Radar,46,70,50,8,174,0,0,51,0,51,46,70,101,8,225,34,8,42,267
12/03/2021,FSD,SD,AGL,CE,Combined TRACON& Tower with Radar,46,73,57,9,185,0,8,35,0,43,46,81,92,9,228,20,12,32,260
12/04/2021,FSD,SD,AGL,CE,Combined TRACON& Tower with Radar,25,47,19,4,95,0,2,24,0,26,25,49,43,4,121,14,6,20,141
12/05/2021,FSD,SD,AGL,CE,Combined TRACON& Tower with Radar,43,34,30,6,113,0,4,4,0,8,43,38,34,6,121,0,0,0,121
12/06/2021,FSD,SD,AGL,CE,Combined TRACON& Tower with Radar,42,60,48,5,155,0,6,11,2,19,42,66,59,7,174,0,22,22,196
12/07/2021,FSD,SD,AGL,CE,Combined TRACON& Tower with Radar,33,73,33,21,160,0,1,7,0,8,33,74,40,21,168,0,6,6,174
12/08/2021,FSD,SD,AGL,CE,Combined TRACON& Tower with Radar,37,73,46,14,170,0,6,30,0,36,37,79,76,14,206,8,24,32,238
12/09/2021,FSD,SD,AGL,CE,Combined TRACON& Tower with Radar,43,71,75,13,202,0,9,30,0,39,43,80,105,13,241,20,8,28,269
12/10/2021,FSD,SD,AGL,CE,Combined TRACON& Tower with Radar,27,35,7,0,69,0,0,0,0,0,27,35,7,0,69,0,0,0,69
12/11/2021,FSD,SD,AGL,CE,Combined TRACON& Tower with Radar,29,47,29,0,105,0,7,29,0,36,29,54,58,0,141,0,0,0,141
12/12/2021,FSD,SD,AGL,CE,Combined TRACON& Tower with Radar,35,37,23,0,95,0,2,22,0,24,35,39,45,0,119,28,0,28,147
12/13/2021,FSD,SD,AGL,CE,Combined TRACON& Tower with Radar,39,52,63,15,169,0,2,27,1,30,39,54,90,16,199,22,0,22,221
12/14/2021,FSD,SD,AGL,CE,Combined TRACON& Tower with Radar,35,69,72,19,195,0,10,36,0,46,35,79,108,19,241,34,8,42,283
12/15/2021,FSD,SD,AGL,CE,Combined TRACON& Tower with Radar,36,65,28,11,140,0,2,5,1,8,36,67,33,12,148,0,0,0,148
12/16/2021,FSD,SD,AGL,CE,Combined TRACON& Tower with Radar,42,81,57,1,181,0,12,21,1,34,42,93,78,2,215,2,0,2,217
12/17/2021,FSD,SD,AGL,CE,Combined TRACON& Tower with Radar,48,91,73,0,212,0,0,30,0,30,48,91,103,0,242,32,0,32,274
12/18/2021,FSD,SD,AGL,CE,Combined TRACON& Tower with Radar,39,39,38,0,116,0,0,8,0,8,39,39,46,0,124,22,0,22,146
12/19/2021,FSD,SD,AGL,CE,Combined TRACON& Tower with Radar,34,30,34,0,98,0,3,35,3,41,34,33,69,3,139,36,0,36,175
12/20/2021,FSD,SD,AGL,CE,Combined TRACON& Tower with Radar,49,61,43,0,153,0,9,39,0,48,49,70,82,0,201,30,0,30,231
12/21/2021,FSD,SD,AGL,CE,Combined TRACON& Tower with Radar,46,71,44,17,178,0,0,42,0,42,46,71,86,17,220,52,16,68,288
12/22/2021,FSD,SD,AGL,CE,Combined TRACON& Tower with Radar,54,77,41,15,187,0,6,41,0,47,54,83,82,15,234,74,6,80,314
12/23/2021,FSD,SD,AGL,CE,Combined TRACON& Tower with Radar,50,71,22,9,152,0,4,33,0,37,50,75,55,9,189,44,6,50,239
12/24/2021,FSD,SD,AGL,CE,Combined TRACON& Tower with Radar,39,47,11,0,97,0,6,29,0,35,39,53,40,0,132,10,0,10,142
12/25/2021,FSD,SD,AGL,CE,Combined TRACON& Tower with Radar,21,25,6,0,52,0,0,2,0,2,21,25,8,0,54,0,0,0,54
12/26/2021,FSD,SD,AGL,CE,Combined TRACON& Tower with Radar,30,39,27,0,96,0,2,0,0,2,30,41,27,0,98,0,0,0,98
12/27/2021,FSD,SD,AGL,CE,Combined TRACON& Tower with Radar,43,51,26,2,122,0,7,6,0,13,43,58,32,2,135,6,0,6,141
12/28/2021,FSD,SD,AGL,CE,Combined TRACON& Tower with Radar,33,64,28,11,136,0,1,12,0,13,33,65,40,11,149,8,0,8,157
12/29/2021,FSD,SD,AGL,CE,Combined TRACON& Tower with Radar,45,74,20,6,145,0,1,23,0,24,45,75,43,6,169,10,8,18,187
12/30/2021,FSD,SD,AGL,CE,Combined TRACON& Tower with Radar,36,59,43,4,142,0,7,43,0,50,36,66,86,4,192,16,0,16,208
12/31/2021,FSD,SD,AGL,CE,Combined TRACON& Tower with Radar,36,52,26,0,114,0,1,33,0,34,36,53,59,0,148,10,0,10,158
01/01/2022,FSD,SD,AGL,CE,Combined TRACON& Tower with Radar,22,34,8,0,64,0,2,7,0,9,22,36,15,0,73,0,0,0,73
01/02/2022,FSD,SD,AGL,CE,Combined TRACON& Tower with Radar,26,42,25,0,93,0,0,16,0,16,26,42,41,0,109,0,0,0,109
01/03/2022,FSD,SD,AGL,CE,Combined TRACON& Tower with Radar,41,62,29,0,132,0,2,19,0,21,41,64,48,0,153,58,0,58,211
01/04/2022,FSD,SD,AGL,CE,Combined TRACON& Tower with Radar,34,65,33,17,149,0,0,10,0,10,34,65,43,17,159,0,12,12,171
01/05/2022,FSD,SD,AGL,CE,Combined TRACON& Tower with Radar,27,72,40,0,139,0,0,2,0,2,27,72,42,0,141,0,0,0,141
01/06/2022,FSD,SD,AGL,CE,Combined TRACON& Tower with Radar,36,69,43,0,148,0,3,16,0,19,36,72,59,0,167,0,0,0,167
01/07/2022,FSD,SD,AGL,CE,Combined TRACON& Tower with Radar,39,64,38,9,150,0,3,18,0,21,39,67,56,9,171,34,8,42,213
01/08/2022,FSD,SD,AGL,CE,Combined TRACON& Tower with Radar,18,30,18,11,77,0,0,23,3,26,18,30,41,14,103,20,14,34,137
01/09/2022,FSD,SD,AGL,CE,Combined TRACON& Tower with Radar,30,27,30,5,92,0,3,15,0,18,30,30,45,5,110,14,0,14,124
01/10/2022,FSD,SD,AGL,CE,Combined TRACON& Tower with Radar,26,60,25,0,111,0,2,12,0,14,26,62,37,0,125,24,0,24,149
01/11/2022,FSD,SD,AGL,CE,Combined TRACON& Tower with Radar,31,55,47,21,154,0,1,10,0,11,31,56,57,21,165,6,6,12,177
01/12/2022,FSD,SD,AGL,CE,Combined TRACON& Tower with Radar,28,69,40,16,153,0,3,23,0,26,28,72,63,16,179,12,4,16,195
01/13/2022,FSD,SD,AGL,CE,Combined TRACON& Tower with Radar,35,91,48,16,190,0,0,10,0,10,35,91,58,16,200,0,6,6,206
01/14/2022,FSD,SD,AGL,CE,Combined TRACON& Tower with Radar,40,51,13,0,104,0,0,0,0,0,40,51,13,0,104,0,0,0,104
01/15/2022,FSD,SD,AGL,CE,Combined TRACON& Tower with Radar,19,42,21,0,82,0,6,8,1,15,19,48,29,1,97,14,0,14,111
01/16/2022,FSD,SD,AGL,CE,Combined TRACON& Tower with Radar,27,28,29,0,84,0,1,12,1,14,27,29,41,1,98,26,0,26,124
01/17/2022,FSD,SD,AGL,CE,Combined TRACON& Tower with Radar,34,46,49,0,129,0,0,26,0,26,34,46,75,0,155,14,0,14,169
01/18/2022,FSD,SD,AGL,CE,Combined TRACON& Tower with Radar,27,85,47,9,168,0,4,15,0,19,27,89,62,9,187,8,0,8,195
01/19/2022,FSD,SD,AGL,CE,Combined TRACON& Tower with Radar,29,74,49,7,159,0,1,25,0,26,29,75,74,7,185,18,4,22,207
01/20/2022,FSD,SD,AGL,CE,Combined TRACON& Tower with Radar,38,69,52,11,170,0,6,19,2,27,38,75,71,13,197,34,4,38,235
01/21/2022,FSD,SD,AGL,CE,Combined TRACON& Tower with Radar,37,77,21,8,143,0,2,5,0,7,37,79,26,8,150,2,0,2,152
01/22/2022,FSD,SD,AGL,CE,Combined TRACON& Tower with Radar,22,52,20,2,96,0,0,8,0,8,22,52,28,2,104,12,0,12,116
01/23/2022,FSD,SD,AGL,CE,Combined TRACON& Tower with Radar,30,32,9,0,71,0,0,4,0,4,30,32,13,0,75,0,0,0,75
01/24/2022,FSD,SD,AGL,CE,Combined TRACON& Tower with Radar,35,63,29,16,143,0,1,18,0,19,35,64,47,16,162,2,0,2,164
01/25/2022,FSD,SD,AGL,CE,Combined TRACON& Tower with Radar,28,78,34,17,157,0,2,24,3,29,28,80,58,20,186,4,0,4,190
01/26/2022,FSD,SD,AGL,CE,Combined TRACON& Tower with Radar,30,73,42,17,162,0,4,19,0,23,30,77,61,17,185,28,0,28,213
01/27/2022,FSD,SD,AGL,CE,Combined TRACON& Tower with Radar,38,83,39,15,175,0,7,33,0,40,38,90,72,15,215,44,0,44,259
01/28/2022,FSD,SD,AGL,CE,Combined TRACON& Tower with Radar,48,53,29,0,130,0,7,28,0,35,48,60,57,0,165,38,0,38,203
01/29/2022,FSD,SD,AGL,CE,Combined TRACON& Tower with Radar,24,43,22,0,89,0,1,26,0,27,24,44,48,0,116,50,0,50,166
01/30/2022,FSD,SD,AGL,CE,Combined TRACON& Tower with Radar,29,37,18,0,84,0,0,23,0,23,29,37,41,0,107,10,0,10,117
01/31/2022,FSD,SD,AGL,CE,Combined TRACON& Tower with Radar,35,57,60,0,152,0,5,31,0,36,35,62,91,0,188,8,0,8,196
02/01/2022,FSD,SD,AGL,CE,Combined TRACON& Tower with Radar,27,73,54,10,164,0,3,27,0,30,27,76,81,10,194,4,4,8,202
02/02/2022,FSD,SD,AGL,CE,Combined TRACON& Tower with Radar,31,67,52,10,160,1,7,24,1,33,32,74,76,11,193,12,6,18,211
02/03/2022,FSD,SD,AGL,CE,Combined TRACON& Tower with Radar,29,72,56,15,172,0,6,36,3,45,29,78,92,18,217,48,0,48,265
02/04/2022,FSD,SD,AGL,CE,Combined TRACON& Tower with Radar,37,55,38,6,136,0,4,16,0,20,37,59,54,6,156,0,4,4,160
02/05/2022,FSD,SD,AGL,CE,Combined TRACON& Tower with Radar,20,45,26,9,100,0,4,26,2,32,20,49,52,11,132,30,6,36,168
02/06/2022,FSD,SD,AGL,CE,Combined TRACON& Tower with Radar,32,39,26,0,97,0,0,3,0,3,32,39,29,0,100,2,0,2,102
02/07/2022,FSD,SD,AGL,CE,Combined TRACON& Tower with Radar,38,54,49,0,141,0,8,53,0,61,38,62,102,0,202,66,0,66,268
02/08/2022,FSD,SD,AGL,CE,Combined TRACON& Tower with Radar,26,66,40,11,143,0,2,18,0,20,26,68,58,11,163,8,18,26,189
02/09/2022,FSD,SD,AGL,CE,Combined TRACON& Tower with Radar,27,78,34,13,152,0,2,10,0,12,27,80,44,13,164,6,22,28,192
02/10/2022,FSD,SD,AGL,CE,Combined TRACON& Tower with Radar,41,78,44,11,174,0,1,6,0,7,41,79,50,11,181,6,20,26,207
02/11/2022,FSD,SD,AGL,CE,Combined TRACON& Tower with Radar,39,73,24,11,147,0,0,2,0,2,39,73,26,11,149,0,6,6,155
02/12/2022,FSD,SD,AGL,CE,Combined TRACON& Tower with Radar,24,54,24,0,102,0,1,20,0,21,24,55,44,0,123,6,0,6,129
02/13/2022,FSD,SD,AGL,CE,Combined TRACON& Tower with Radar,34,34,23,0,91,0,3,27,0,30,34,37,50,0,121,4,0,4,125
02/14/2022,FSD,SD,AGL,CE,Combined TRACON& Tower with Radar,39,62,47,0,148,0,5,55,0,60,39,67,102,0,208,14,0,14,222
02/15/2022,FSD,SD,AGL,CE,Combined TRACON& Tower with Radar,28,83,51,11,173,0,10,46,0,56,28,93,97,11,229,38,0,38,267
02/16/2022,FSD,SD,AGL,CE,Combined TRACON& Tower with Radar,36,91,66,16,209,0,5,26,0,31,36,96,92,16,240,18,12,30,270
02/17/2022,FSD,SD,AGL,CE,Combined TRACON& Tower with Radar,40,68,56,14,178,0,8,54,1,63,40,76,110,15,241,92,6,98,339
02/18/2022,FSD,SD,AGL,CE,Combined TRACON& Tower with Radar,35,73,27,1,136,0,3,6,0,9,35,76,33,1,145,0,0,0,145
02/19/2022,FSD,SD,AGL,CE,Combined TRACON& Tower with Radar,31,47,21,1,100,0,5,25,2,32,31,52,46,3,132,12,0,12,144
02/20/2022,FSD,SD,AGL,CE,Combined TRACON& Tower with Radar,28,36,46,0,110,0,1,48,0,49,28,37,94,0,159,16,0,16,175
02/21/2022,FSD,SD,AGL,CE,Combined TRACON& Tower with Radar,32,46,34,0,112,0,1,1,0,2,32,47,35,0,114,0,0,0,114
02/22/2022,FSD,SD,AGL,CE,Combined TRACON& Tower with Radar,31,67,22,0,120,0,0,0,0,0,31,67,22,0,120,0,0,0,120
02/23/2022,FSD,SD,AGL,CE,Combined TRACON& Tower with Radar,35,74,46,14,169,0,8,31,2,41,35,82,77,16,210,24,6,30,240
02/24/2022,FSD,SD,AGL,CE,Combined TRACON& Tower with Radar,32,84,37,0,153,0,0,5,0,5,32,84,42,0,158,2,0,2,160
02/25/2022,FSD,SD,AGL,CE,Combined TRACON& Tower with Radar,33,68,24,2,127,0,13,28,0,41,33,81,52,2,168,14,0,14,182
02/26/2022,FSD,SD,AGL,CE,Combined TRACON& Tower with Radar,32,36,27,1,96,0,3,30,0,33,32,39,57,1,129,10,0,10,139
02/27/2022,FSD,SD,AGL,CE,Combined TRACON& Tower with Radar,27,33,41,0,101,0,9,39,0,48,27,42,80,0,149,46,0,46,195
02/28/2022,FSD,SD,AGL,CE,Combined TRACON& Tower with Radar,35,65,45,0,145,0,3,51,0,54,35,68,96,0,199,0,0,0,199
03/01/2022,FSD,SD,AGL,CE,Combined TRACON& Tower with Radar,30,76,58,8,172,0,1,46,0,47,30,77,104,8,219,76,4,80,299
03/02/2022,FSD,SD,AGL,CE,Combined TRACON& Tower with Radar,36,75,45,11,167,0,1,7,0,8,36,76,52,11,175,0,2,2,177
03/03/2022,FSD,SD,AGL,CE,Combined TRACON& Tower with Radar,38,76,44,17,175,0,2,23,0,25,38,78,67,17,200,24,18,42,242
03/04/2022,FSD,SD,AGL,CE,Combined TRACON& Tower with Radar,42,60,33,7,142,0,1,27,0,28,42,61,60,7,170,0,0,0,170
03/05/2022,FSD,SD,AGL,CE,Combined TRACON& Tower with Radar,34,45,20,0,99,0,0,0,0,0,34,45,20,0,99,0,0,0,99
03/06/2022,FSD,SD,AGL,CE,Combined TRACON& Tower with Radar,30,27,15,0,72,0,1,0,0,1,30,28,15,0,73,0,0,0,73
03/07/2022,FSD,SD,AGL,CE,Combined TRACON& Tower with Radar,35,67,54,0,156,0,3,50,3,56,35,70,104,3,212,72,0,72,284
03/08/2022,FSD,SD,AGL,CE,Combined TRACON& Tower with Radar,33,73,46,13,165,0,2,17,0,19,33,75,63,13,184,6,4,10,194
03/09/2022,FSD,SD,AGL,CE,Combined TRACON& Tower with Radar,38,70,57,14,179,0,3,5,0,8,38,73,62,14,187,4,0,4,191
03/10/2022,FSD,SD,AGL,CE,Combined TRACON& Tower with Radar,38,79,64,13,194,0,2,31,1,34,38,81,95,14,228,30,18,48,276
03/11/2022,FSD,SD,AGL,CE,Combined TRACON& Tower with Radar,39,64,32,5,140,0,8,10,0,18,39,72,42,5,158,10,6,16,174
03/12/2022,FSD,SD,AGL,CE,Combined TRACON& Tower with Radar,38,48,15,0,101,0,1,11,1,13,38,49,26,1,114,14,0,14,128
03/13/2022,FSD,SD,AGL,CE,Combined TRACON& Tower with Radar,27,37,35,0,99,0,2,31,1,34,27,39,66,1,133,16,0,16,149
03/14/2022,FSD,SD,AGL,CE,Combined TRACON& Tower with Radar,33,62,68,16,179,0,0,3,0,3,33,62,71,16,182,40,0,40,222
03/15/2022,FSD,SD,AGL,CE,Combined TRACON& Tower with Radar,32,68,55,17,172,0,6,38,0,44,32,74,93,17,216,4,6,10,226
03/16/2022,FSD,SD,AGL,CE,Combined TRACON& Tower with Radar,40,72,55,18,185,0,11,37,0,48,40,83,92,18,233,32,6,38,271
03/17/2022,FSD,SD,AGL,CE,Combined TRACON& Tower with Radar,38,74,48,12,172,0,6,26,0,32,38,80,74,12,204,40,8,48,252
03/18/2022,FSD,SD,AGL,CE,Combined TRACON& Tower with Radar,40,74,35,10,159,0,0,20,0,20,40,74,55,10,179,52,0,52,231
03/19/2022,FSD,SD,AGL,CE,Combined TRACON& Tower with Radar,34,42,28,0,104,0,9,26,0,35,34,51,54,0,139,30,0,30,169
03/20/2022,FSD,SD,AGL,CE,Combined TRACON& Tower with Radar,25,33,39,0,97,0,8,24,2,34,25,41,63,2,131,18,0,18,149
03/21/2022,FSD,SD,AGL,CE,Combined TRACON& Tower with Radar,36,58,35,0,129,0,2,21,0,23,36,60,56,0,152,10,0,10,162
03/22/2022,FSD,SD,AGL,CE,Combined TRACON& Tower with Radar,26,70,49,7,152,0,0,2,0,2,26,70,51,7,154,0,0,0,154
03/23/2022,FSD,SD,AGL,CE,Combined TRACON& Tower with Radar,38,79,30,14,161,0,0,2,0,2,38,79,32,14,163,4,14,18,181
03/24/2022,FSD,SD,AGL,CE,Combined TRACON& Tower with Radar,40,73,36,12,161,0,2,16,1,19,40,75,52,13,180,38,4,42,222
03/25/2022,FSD,SD,AGL,CE,Combined TRACON& Tower with Radar,42,62,28,5,137,0,4,2,0,6,42,66,30,5,143,0,4,4,147
03/26/2022,FSD,SD,AGL,CE,Combined TRACON& Tower with Radar,36,32,21,0,89,1,4,43,0,48,37,36,64,0,137,56,0,56,193
03/27/2022,FSD,SD,AGL,CE,Combined TRACON& Tower with Radar,30,25,32,0,87,0,2,50,0,52,30,27,82,0,139,30,0,30,169
03/28/2022,FSD,SD,AGL,CE,Combined TRACON& Tower with Radar,39,56,48,2,145,0,14,25,0,39,39,70,73,2,184,0,0,0,184
03/29/2022,FSD,SD,AGL,CE,Combined TRACON& Tower with Radar,33,59,50,11,153,0,2,19,1,22,33,61,69,12,175,6,4,10,185
03/30/2022,FSD,SD,AGL,CE,Combined TRACON& Tower with Radar,39,60,36,0,135,0,0,1,0,1,39,60,37,0,136,0,0,0,136
03/31/2022,FSD,SD,AGL,CE,Combined TRACON& Tower with Radar,42,64,36,9,151,0,2,29,0,31,42,66,65,9,182,46,0,46,228
04/01/2022,FSD,SD,AGL,CE,Combined TRACON& Tower with Radar,40,55,34,4,133,0,1,29,0,30,40,56,63,4,163,10,0,10,173
04/02/2022,FSD,SD,AGL,CE,Combined TRACON& Tower with Radar,36,33,24,0,93,0,2,34,0,36,36,35,58,0,129,46,0,46,175
04/03/2022,FSD,SD,AGL,CE,Combined TRACON& Tower with Radar,30,19,16,0,65,0,0,12,0,12,30,19,28,0,77,0,0,0,77
04/04/2022,FSD,SD,AGL,CE,Combined TRACON& Tower with Radar,38,61,50,0,149,0,6,24,0,30,38,67,74,0,179,38,0,38,217
04/05/2022,FSD,SD,AGL,CE,Combined TRACON& Tower with Radar,31,81,36,0,148,0,3,6,0,9,31,84,42,0,157,0,0,0,157
04/06/2022,FSD,SD,AGL,CE,Combined TRACON& Tower with Radar,37,85,43,3,168,0,2,1,1,4,37,87,44,4,172,0,2,2,174
04/07/2022,FSD,SD,AGL,CE,Combined TRACON& Tower with Radar,31,78,30,0,139,0,0,0,0,0,31,78,30,0,139,0,0,0,139
04/08/2022,FSD,SD,AGL,CE,Combined TRACON& Tower with Radar,40,73,38,0,151,0,5,23,0,28,40,78,61,0,179,34,0,34,213
04/09/2022,FSD,SD,AGL,CE,Combined TRACON& Tower with Radar,31,34,20,0,85,0,4,28,0,32,31,38,48,0,117,16,0,16,133
04/10/2022,FSD,SD,AGL,CE,Combined TRACON& Tower with Radar,26,33,39,0,98,0,1,21,0,22,26,34,60,0,120,22,0,22,142
04/11/2022,FSD,SD,AGL,CE,Combined TRACON& Tower with Radar,35,62,56,1,154,0,5,28,2,35,35,67,84,3,189,38,0,38,227
04/12/2022,FSD,SD,AGL,CE,Combined TRACON& Tower with Radar,32,67,54,0,153,0,1,5,0,6,32,68,59,0,159,0,0,0,159
04/13/2022,FSD,SD,AGL,CE,Combined TRACON& Tower with Radar,46,67,42,1,156,0,0,5,0,5,46,67,47,1,161,4,0,4,165
04/14/2022,FSD,SD,AGL,CE,Combined TRACON& Tower with Radar,41,46,29,0,116,0,1,2,0,3,41,47,31,0,119,0,0,0,119
04/15/2022,FSD,SD,AGL,CE,Combined TRACON& Tower with Radar,39,59,40,5,143,0,1,11,0,12,39,60,51,5,155,20,0,20,175
04/16/2022,FSD,SD,AGL,CE,Combined TRACON& Tower with Radar,35,29,18,2,84,0,3,27,0,30,35,32,45,2,114,10,0,10,124
04/17/2022,FSD,SD,AGL,CE,Combined TRACON& Tower with Radar,30,30,7,3,70,0,2,3,0,5,30,32,10,3,75,0,0,0,75
04/18/2022,FSD,SD,AGL,CE,Combined TRACON& Tower with Radar,40,61,43,3,147,0,3,14,0,17,40,64,57,3,164,14,0,14,178
04/19/2022,FSD,SD,AGL,CE,Combined TRACON& Tower with Radar,28,105,65,11,209,0,4,16,1,21,28,109,81,12,230,2,8,10,240
04/20/2022,FSD,SD,AGL,CE,Combined TRACON& Tower with Radar,39,79,44,28,190,0,0,21,3,24,39,79,65,31,214,18,22,40,254
04/21/2022,FSD,SD,AGL,CE,Combined TRACON& Tower with Radar,41,75,60,12,188,0,8,37,0,45,41,83,97,12,233,54,10,64,297
04/22/2022,FSD,SD,AGL,CE,Combined TRACON& Tower with Radar,40,84,38,9,171,0,0,0,0,0,40,84,38,9,171,0,0,0,171
04/23/2022,FSD,SD,AGL,CE,Combined TRACON& Tower with Radar,40,45,13,2,100,0,1,0,0,1,40,46,13,2,101,0,0,0,101
04/24/2022,FSD,SD,AGL,CE,Combined TRACON& Tower with Radar,28,35,22,0,85,0,2,0,0,2,28,37,22,0,87,0,0,0,87
04/25/2022,FSD,SD,AGL,CE,Combined TRACON& Tower with Radar,35,59,45,2,141,0,2,16,0,18,35,61,61,2,159,8,0,8,167
04/26/2022,FSD,SD,AGL,CE,Combined TRACON& Tower with Radar,33,76,69,15,193,0,3,47,1,51,33,79,116,16,244,28,26,54,298
04/27/2022,FSD,SD,AGL,CE,Combined TRACON& Tower with Radar,41,75,47,10,173,0,3,23,1,27,41,78,70,11,200,4,10,14,214
04/28/2022,FSD,SD,AGL,CE,Combined TRACON& Tower with Radar,42,79,66,14,201,0,3,19,0,22,42,82,85,14,223,2,0,2,225
04/29/2022,FSD,SD,AGL,CE,Combined TRACON& Tower with Radar,39,66,39,1,145,0,0,0,0,0,39,66,39,1,145,0,0,0,145
04/30/2022,FSD,SD,AGL,CE,Combined TRACON& Tower with Radar,33,44,17,1,95,0,1,0,0,1,33,45,17,1,96,0,0,0,96
05/01/2022,FSD,SD,AGL,CE,Combined TRACON& Tower with Radar,30,26,16,8,80,0,1,0,1,2,30,27,16,9,82,0,0,0,82
05/02/2022,FSD,SD,AGL,CE,Combined TRACON& Tower with Radar,32,49,54,1,136,0,2,1,0,3,32,51,55,1,139,4,0,4,143
05/03/2022,FSD,SD,AGL,CE,Combined TRACON& Tower with Radar,33,79,56,15,183,0,1,26,0,27,33,80,82,15,210,0,0,0,210
05/04/2022,FSD,SD,AGL,CE,Combined TRACON& Tower with Radar,41,81,54,17,193,0,1,28,0,29,41,82,82,17,222,52,26,78,300
05/05/2022,FSD,SD,AGL,CE,Combined TRACON& Tower with Radar,43,79,52,14,188,0,2,2,0,4,43,81,54,14,192,12,0,12,204
05/06/2022,FSD,SD,AGL,CE,Combined TRACON& Tower with Radar,41,69,46,17,173,0,0,29,0,29,41,69,75,17,202,16,14,30,232
05/07/2022,FSD,SD,AGL,CE,Combined TRACON& Tower with Radar,36,33,34,0,103,0,2,18,1,21,36,35,52,1,124,10,0,10,134
05/08/2022,FSD,SD,AGL,CE,Combined TRACON& Tower with Radar,35,34,24,0,93,0,1,1,0,2,35,35,25,0,95,0,0,0,95
05/09/2022,FSD,SD,AGL,CE,Combined TRACON& Tower with Radar,39,44,41,2,126,0,3,7,0,10,39,47,48,2,136,22,2,24,160
05/10/2022,FSD,SD,AGL,CE,Combined TRACON& Tower with Radar,38,69,32,20,159,0,7,34,1,42,38,76,66,21,201,56,24,80,281
05/11/2022,FSD,SD,AGL,CE,Combined TRACON& Tower with Radar,53,73,40,7,173,0,1,6,0,7,53,74,46,7,180,0,4,4,184
05/12/2022,FSD,SD,AGL,CE,Combined TRACON& Tower with Radar,45,58,55,0,158,0,4,18,2,24,45,62,73,2,182,0,0,0,182
05/13/2022,FSD,SD,AGL,CE,Combined TRACON& Tower with Radar,43,70,37,9,159,0,1,37,2,40,43,71,74,11,199,16,16,32,231
05/14/2022,FSD,SD,AGL,CE,Combined TRACON& Tower with Radar,41,33,22,0,96,0,2,20,0,22,41,35,42,0,118,14,0,14,132
05/15/2022,FSD,SD,AGL,CE,Combined TRACON& Tower with Radar,36,31,26,0,93,0,5,22,0,27,36,36,48,0,120,24,0,24,144
05/16/2022,FSD,SD,AGL,CE,Combined TRACON& Tower with Radar,39,59,39,0,137,0,0,28,0,28,39,59,67,0,165,38,0,38,203
05/17/2022,FSD,SD,AGL,CE,Combined TRACON& Tower with Radar,38,74,38,9,159,0,4,4,0,8,38,78,42,9,167,0,10,10,177
05/18/2022,FSD,SD,AGL,CE,Combined TRACON& Tower with Radar,46,62,65,16,189,0,5,26,0,31,46,67,91,16,220,18,8,26,246
05/19/2022,FSD,SD,AGL,CE,Combined TRACON& Tower with Radar,48,79,46,25,198,0,0,31,1,32,48,79,77,26,230,2,20,22,252
05/20/2022,FSD,SD,AGL,CE,Combined TRACON& Tower with Radar,43,63,42,6,154,0,1,20,2,23,43,64,62,8,177,0,20,20,197
05/21/2022,FSD,SD,AGL,CE,Combined TRACON& Tower with Radar,35,42,32,8,117,1,2,27,1,31,36,44,59,9,148,20,0,20,168
05/22/2022,FSD,SD,AGL,CE,Combined TRACON& Tower with Radar,39,26,43,0,108,0,3,29,0,32,39,29,72,0,140,52,0,52,192
05/23/2022,FSD,SD,AGL,CE,Combined TRACON& Tower with Radar,40,45,56,2,143,0,2,35,1,38,40,47,91,3,181,0,0,0,181
05/24/2022,FSD,SD,AGL,CE,Combined TRACON& Tower with Radar,40,69,54,14,177,0,2,31,0,33,40,71,85,14,210,14,6,20,230
05/25/2022,FSD,SD,AGL,CE,Combined TRACON& Tower with Radar,46,69,46,30,191,0,0,1,0,1,46,69,47,30,192,0,0,0,192
05/26/2022,FSD,SD,AGL,CE,Combined TRACON& Tower with Radar,46,56,56,13,171,0,7,33,2,42,46,63,89,15,213,20,0,20,233
05/27/2022,FSD,SD,AGL,CE,Combined TRACON& Tower with Radar,40,56,41,0,137,0,7,42,0,49,40,63,83,0,186,18,0,18,204
05/28/2022,FSD,SD,AGL,CE,Combined TRACON& Tower with Radar,36,35,24,0,95,0,12,23,1,36,36,47,47,1,131,0,0,0,131
05/29/2022,FSD,SD,AGL,CE,Combined TRACON& Tower with Radar,35,36,23,0,94,0,3,15,0,18,35,39,38,0,112,18,0,18,130
05/30/2022,FSD,SD,AGL,CE,Combined TRACON& Tower with Radar,44,17,10,0,71,0,1,0,0,1,44,18,10,0,72,0,0,0,72
05/31/2022,FSD,SD,AGL,CE,Combined TRACON& Tower with Radar,35,64,48,17,164,0,5,10,0,15,35,69,58,17,179,0,0,0,179
06/01/2022,FSD,SD,AGL,CE,Combined TRACON& Tower with Radar,46,55,59,24,184,0,6,46,11,63,46,61,105,35,247,24,32,56,303
06/02/2022,FSD,SD,AGL,CE,Combined TRACON& Tower with Radar,46,67,57,6,176,0,5,36,1,42,46,72,93,7,218,22,0,22,240
06/03/2022,FSD,SD,AGL,CE,Combined TRACON& Tower with Radar,39,69,48,6,162,0,5,29,0,34,39,74,77,6,196,12,0,12,208
06/04/2022,FSD,SD,AGL,CE,Combined TRACON& Tower with Radar,29,38,37,5,109,0,2,11,0,13,29,40,48,5,122,0,0,0,122
06/05/2022,FSD,SD,AGL,CE,Combined TRACON& Tower with Radar,37,40,44,1,122,0,3,0,0,3,37,43,44,1,125,0,0,0,125
06/06/2022,FSD,SD,AGL,CE,Combined TRACON& Tower with Radar,35,65,72,1,173,0,4,16,1,21,35,69,88,2,194,22,0,22,216
06/07/2022,FSD,SD,AGL,CE,Combined TRACON& Tower with Radar,42,67,71,0,180,0,2,40,1,43,42,69,111,1,223,32,0,32,255
06/08/2022,FSD,SD,AGL,CE,Combined TRACON& Tower with Radar,42,78,76,0,196,0,0,40,0,40,42,78,116,0,236,20,0,20,256
06/09/2022,FSD,SD,AGL,CE,Combined TRACON& Tower with Radar,46,69,67,21,203,0,1,32,1,34,46,70,99,22,237,6,12,18,255
06/10/2022,FSD,SD,AGL,CE,Combined TRACON& Tower with Radar,43,68,49,1,161,0,0,21,2,23,43,68,70,3,184,18,16,34,218
06/11/2022,FSD,SD,AGL,CE,Combined TRACON& Tower with Radar,33,46,28,3,110,0,2,15,7,24,33,48,43,10,134,6,6,12,146
06/12/2022,FSD,SD,AGL,CE,Combined TRACON& Tower with Radar,35,42,36,2,115,0,2,26,4,32,35,44,62,6,147,28,0,28,175
06/13/2022,FSD,SD,AGL,CE,Combined TRACON& Tower with Radar,37,70,65,3,175,0,3,3,4,10,37,73,68,7,185,2,8,10,195
06/14/2022,FSD,SD,AGL,CE,Combined TRACON& Tower with Radar,40,79,62,35,216,0,7,23,1,31,40,86,85,36,247,16,10,26,273
06/15/2022,FSD,SD,AGL,CE,Combined TRACON& Tower with Radar,42,72,77,26,217,0,11,35,2,48,42,83,112,28,265,28,22,50,315
06/16/2022,FSD,SD,AGL,CE,Combined TRACON& Tower with Radar,45,69,52,39,205,0,1,24,2,27,45,70,76,41,232,34,24,58,290
06/17/2022,FSD,SD,AGL,CE,Combined TRACON& Tower with Radar,43,66,44,16,169,0,3,25,3,31,43,69,69,19,200,22,14,36,236
06/18/2022,FSD,SD,AGL,CE,Combined TRACON& Tower with Radar,33,32,32,2,99,0,4,6,0,10,33,36,38,2,109,0,0,0,109
06/19/2022,FSD,SD,AGL,CE,Combined TRACON& Tower with Radar,36,37,22,2,97,0,1,13,4,18,36,38,35,6,115,0,0,0,115
06/20/2022,FSD,SD,AGL,CE,Combined TRACON& Tower with Radar,36,54,67,0,157,0,12,16,0,28,36,66,83,0,185,10,0,10,195
06/21/2022,FSD,SD,AGL,CE,Combined TRACON& Tower with Radar,39,75,62,41,217,0,5,18,4,27,39,80,80,45,244,41,32,73,317
06/22/2022,FSD,SD,AGL,CE,Combined TRACON& Tower with Radar,42,69,60,47,218,1,10,25,2,38,43,79,85,49,256,26,34,60,316
06/23/2022,FSD,SD,AGL,CE,Combined TRACON& Tower with Radar,46,71,60,26,203,0,17,28,4,49,46,88,88,30,252,0,6,6,258
06/24/2022,FSD,SD,AGL,CE,Combined TRACON& Tower with Radar,43,79,56,29,207,0,9,22,1,32,43,88,78,30,239,8,36,44,283
06/25/2022,FSD,SD,AGL,CE,Combined TRACON& Tower with Radar,39,44,22,6,111,0,2,7,0,9,39,46,29,6,120,0,0,0,120
06/26/2022,FSD,SD,AGL,CE,Combined TRACON& Tower with Radar,39,34,37,0,110,0,4,26,0,30,39,38,63,0,140,0,0,0,140
06/27/2022,FSD,SD,AGL,CE,Combined TRACON& Tower with Radar,39,50,55,0,144,0,5,32,0,37,39,55,87,0,181,24,0,24,205
06/28/2022,FSD,SD,AGL,CE,Combined TRACON& Tower with Radar,44,73,52,18,187,0,10,47,0,57,44,83,99,18,244,56,4,60,304
06/29/2022,FSD,SD,AGL,CE,Combined TRACON& Tower with Radar,48,60,54,18,180,0,12,19,1,32,48,72,73,19,212,0,2,2,214
06/30/2022,FSD,SD,AGL,CE,Combined TRACON& Tower with Radar,50,74,50,11,185,0,10,41,0,51,50,84,91,11,236,58,20,78,314
07/01/2022,FSD,SD,AGL,CE,Combined TRACON& Tower with Radar,44,43,50,0,137,0,4,37,1,42,44,47,87,1,179,40,0,40,219
07/02/2022,FSD,SD,AGL,CE,Combined TRACON& Tower with Radar,42,35,13,0,90,0,2,22,0,24,42,37,35,0,114,0,0,0,114
07/03/2022,FSD,SD,AGL,CE,Combined TRACON& Tower with Radar,36,23,19,0,78,0,5,7,1,13,36,28,26,1,91,6,0,6,97
07/04/2022,FSD,SD,AGL,CE,Combined TRACON& Tower with Radar,33,33,20,0,86,0,3,21,0,24,33,36,41,0,110,0,0,0,110
07/05/2022,FSD,SD,AGL,CE,Combined TRACON& Tower with Radar,46,57,30,10,143,0,4,8,0,12,46,61,38,10,155,8,8,16,171
07/06/2022,FSD,SD,AGL,CE,Combined TRACON& Tower with Radar,43,72,60,13,188,1,1,22,5,29,44,73,82,18,217,30,4,34,251
07/07/2022,FSD,SD,AGL,CE,Combined TRACON& Tower with Radar,49,67,39,12,167,0,3,2,2,7,49,70,41,14,174,0,6,6,180
07/08/2022,FSD,SD,AGL,CE,Combined TRACON& Tower with Radar,44,64,43,16,167,0,0,24,1,25,44,64,67,17,192,48,12,60,252
07/09/2022,FSD,SD,AGL,CE,Combined TRACON& Tower with Radar,38,27,28,2,95,0,0,33,0,33,38,27,61,2,128,28,0,28,156
07/10/2022,FSD,SD,AGL,CE,Combined TRACON& Tower with Radar,43,25,42,0,110,0,0,16,0,16,43,25,58,0,126,0,0,0,126
07/11/2022,FSD,SD,AGL,CE,Combined TRACON& Tower with Radar,41,47,43,0,131,0,6,34,4,44,41,53,77,4,175,10,0,10,185
07/12/2022,FSD,SD,AGL,CE,Combined TRACON& Tower with Radar,39,65,51,14,169,0,13,30,2,45,39,78,81,16,214,18,24,42,256
07/13/2022,FSD,SD,AGL,CE,Combined TRACON& Tower with Radar,44,69,54,22,189,0,8,51,12,71,44,77,105,34,260,66,44,110,370
07/14/2022,FSD,SD,AGL,CE,Combined TRACON& Tower with Radar,50,71,65,25,211,0,5,45,4,54,50,76,110,29,265,78,22,100,365
07/15/2022,FSD,SD,AGL,CE,Combined TRACON& Tower with Radar,46,49,36,15,146,0,1,30,2,33,46,50,66,17,179,12,6,18,197
07/16/2022,FSD,SD,AGL,CE,Combined TRACON& Tower with Radar,40,32,24,0,96,0,1,7,0,8,40,33,31,0,104,0,0,0,104
07/17/2022,FSD,SD,AGL,CE,Combined TRACON& Tower with Radar,40,35,49,0,124,0,1,25,0,26,40,36,74,0,150,42,0,42,192
07/18/2022,FSD,SD,AGL,CE,Combined TRACON& Tower with Radar,42,49,42,0,133,0,5,30,0,35,42,54,72,0,168,18,0,18,186
07/19/2022,FSD,SD,AGL,CE,Combined TRACON& Tower with Radar,40,58,57,7,162,0,1,17,3,21,40,59,74,10,183,4,18,22,205
07/20/2022,FSD,SD,AGL,CE,Combined TRACON& Tower with Radar,45,62,42,12,161,0,5,27,1,33,45,67,69,13,194,34,18,52,246
07/21/2022,FSD,SD,AGL,CE,Combined TRACON& Tower with Radar,54,59,56,23,192,0,5,33,1,39,54,64,89,24,231,18,18,36,267
07/22/2022,FSD,SD,AGL,CE,Combined TRACON& Tower with Radar,46,54,41,17,158,0,3,37,0,40,46,57,78,17,198,20,20,40,238
07/23/2022,FSD,SD,AGL,CE,Combined TRACON& Tower with Radar,42,36,34,0,112,0,0,28,2,30,42,36,62,2,142,0,0,0,142
07/24/2022,FSD,SD,AGL,CE,Combined TRACON& Tower with Radar,39,27,41,1,108,0,9,37,1,47,39,36,78,2,155,16,0,16,171
07/25/2022,FSD,SD,AGL,CE,Combined TRACON& Tower with Radar,41,42,49,2,134,0,4,25,1,30,41,46,74,3,164,0,0,0,164
07/26/2022,FSD,SD,AGL,CE,Combined TRACON& Tower with Radar,42,57,42,14,155,0,1,16,0,17,42,58,58,14,172,4,0,4,176
07/27/2022,FSD,SD,AGL,CE,Combined TRACON& Tower with Radar,43,67,65,21,196,0,6,34,0,40,43,73,99,21,236,26,14,40,276
07/28/2022,FSD,SD,AGL,CE,Combined TRACON& Tower with Radar,51,63,53,24,191,0,1,54,5,60,51,64,107,29,251,0,20,20,271
07/29/2022,FSD,SD,AGL,CE,Combined TRACON& Tower with Radar,46,55,72,27,200,0,2,41,0,43,46,57,113,27,243,28,38,66,309
07/30/2022,FSD,SD,AGL,CE,Combined TRACON& Tower with Radar,39,34,25,0,98,0,4,38,0,42,39,38,63,0,140,0,0,0,140
07/31/2022,FSD,SD,AGL,CE,Combined TRACON& Tower with Radar,41,32,35,0,108,0,1,15,1,17,41,33,50,1,125,0,0,0,125
08/01/2022,FSD,SD,AGL,CE,Combined TRACON& Tower with Radar,40,48,41,0,129,0,1,27,2,30,40,49,68,2,159,0,0,0,159
08/02/2022,FSD,SD,AGL,CE,Combined TRACON& Tower with Radar,36,61,44,13,154,0,4,20,2,26,36,65,64,15,180,0,8,8,188
08/03/2022,FSD,SD,AGL,CE,Combined TRACON& Tower with Radar,41,59,62,21,183,0,5,31,13,49,41,64,93,34,232,20,46,66,298
08/04/2022,FSD,SD,AGL,CE,Combined TRACON& Tower with Radar,45,73,42,18,178,0,5,41,10,56,45,78,83,28,234,18,32,50,284
08/05/2022,FSD,SD,AGL,CE,Combined TRACON& Tower with Radar,38,62,49,6,155,0,2,26,1,29,38,64,75,7,184,0,8,8,192
08/06/2022,FSD,SD,AGL,CE,Combined TRACON& Tower with Radar,37,39,24,5,105,0,0,2,0,2,37,39,26,5,107,0,0,0,107
08/07/2022,FSD,SD,AGL,CE,Combined TRACON& Tower with Radar,38,33,41,6,118,0,0,0,0,0,38,33,41,6,118,0,0,0,118
08/08/2022,FSD,SD,AGL,CE,Combined TRACON& Tower with Radar,37,59,53,0,149,0,5,45,0,50,37,64,98,0,199,74,0,74,273
08/09/2022,FSD,SD,AGL,CE,Combined TRACON& Tower with Radar,35,68,47,17,167,0,1,41,0,42,35,69,88,17,209,24,16,40,249
08/10/2022,FSD,SD,AGL,CE,Combined TRACON& Tower with Radar,40,58,63,17,178,0,11,40,5,56,40,69,103,22,234,50,26,76,310
08/11/2022,FSD,SD,AGL,CE,Combined TRACON& Tower with Radar,50,64,59,29,202,0,4,23,0,27,50,68,82,29,229,14,18,32,261
08/12/2022,FSD,SD,AGL,CE,Combined TRACON& Tower with Radar,42,62,37,14,155,0,7,11,1,19,42,69,48,15,174,10,12,22,196
08/13/2022,FSD,SD,AGL,CE,Combined TRACON& Tower with Radar,35,38,29,2,104,0,2,12,0,14,35,40,41,2,118,14,0,14,132
08/14/2022,FSD,SD,AGL,CE,Combined TRACON& Tower with Radar,36,30,35,0,101,0,0,19,0,19,36,30,54,0,120,16,0,16,136
08/15/2022,FSD,SD,AGL,CE,Combined TRACON& Tower with Radar,37,61,69,0,167,0,1,0,0,1,37,62,69,0,168,0,0,0,168
08/16/2022,FSD,SD,AGL,CE,Combined TRACON& Tower with Radar,34,83,58,24,199,0,1,16,0,17,34,84,74,24,216,12,0,12,228
08/17/2022,FSD,SD,AGL,CE,Combined TRACON& Tower with Radar,34,69,55,17,175,0,10,22,0,32,34,79,77,17,207,40,22,62,269
08/18/2022,FSD,SD,AGL,CE,Combined TRACON& Tower with Radar,40,81,58,9,188,0,7,14,3,24,40,88,72,12,212,32,4,36,248
08/19/2022,FSD,SD,AGL,CE,Combined TRACON& Tower with Radar,33,75,35,8,151,0,0,5,0,5,33,75,40,8,156,0,0,0,156
08/20/2022,FSD,SD,AGL,CE,Combined TRACON& Tower with Radar,28,43,27,11,109,0,7,16,0,23,28,50,43,11,132,2,2,4,136
08/21/2022,FSD,SD,AGL,CE,Combined TRACON& Tower with Radar,38,34,26,2,100,0,0,12,0,12,38,34,38,2,112,6,0,6,118
08/22/2022,FSD,SD,AGL,CE,Combined TRACON& Tower with Radar,30,51,43,4,128,0,2,24,0,26,30,53,67,4,154,10,0,10,164
08/23/2022,FSD,SD,AGL,CE,Combined TRACON& Tower with Radar,36,60,52,18,166,0,2,20,2,24,36,62,72,20,190,2,10,12,202
08/24/2022,FSD,SD,AGL,CE,Combined TRACON& Tower with Radar,37,73,66,12,188,0,4,16,0,20,37,77,82,12,208,6,0,6,214
08/25/2022,FSD,SD,AGL,CE,Combined TRACON& Tower with Radar,41,67,70,17,195,0,4,29,1,34,41,71,99,18,229,6,6,12,241
08/26/2022,FSD,SD,AGL,CE,Combined TRACON& Tower with Radar,31,57,47,14,149,0,1,29,0,30,31,58,76,14,179,12,4,16,195
08/27/2022,FSD,SD,AGL,CE,Combined TRACON& Tower with Radar,36,33,38,2,109,0,3,29,0,32,36,36,67,2,141,5,6,11,152
08/28/2022,FSD,SD,AGL,CE,Combined TRACON& Tower with Radar,29,38,38,0,105,0,10,20,1,31,29,48,58,1,136,34,0,34,170
08/29/2022,FSD,SD,AGL,CE,Combined TRACON& Tower with Radar,28,53,51,0,132,0,5,38,0,43,28,58,89,0,175,36,0,36,211
08/30/2022,FSD,SD,AGL,CE,Combined TRACON& Tower with Radar,31,81,52,10,174,0,2,35,0,37,31,83,87,10,211,38,0,38,249
08/31/2022,FSD,SD,AGL,CE,Combined TRACON& Tower with Radar,32,64,47,17,160,0,1,25,0,26,32,65,72,17,186,21,18,39,225
09/01/2022,FSD,SD,AGL,CE,Combined TRACON& Tower with Radar,41,77,49,19,186,0,1,24,0,25,41,78,73,19,211,12,0,12,223
09/02/2022,FSD,SD,AGL,CE,Combined TRACON& Tower with Radar,33,58,49,6,146,0,4,35,2,41,33,62,84,8,187,40,0,40,227
09/03/2022,FSD,SD,AGL,CE,Combined TRACON& Tower with Radar,27,31,38,1,97,0,1,24,0,25,27,32,62,1,122,28,0,28,150
09/04/2022,FSD,SD,AGL,CE,Combined TRACON& Tower with Radar,32,29,15,0,76,0,5,12,2,19,32,34,27,2,95,14,0,14,109
09/05/2022,FSD,SD,AGL,CE,Combined TRACON& Tower with Radar,26,33,40,6,105,0,1,9,1,11,26,34,49,7,116,0,0,0,116
09/06/2022,FSD,SD,AGL,CE,Combined TRACON& Tower with Radar,31,58,68,24,181,0,7,24,1,32,31,65,92,25,213,6,26,32,245
09/07/2022,FSD,SD,AGL,CE,Combined TRACON& Tower with Radar,30,63,59,16,168,0,1,33,0,34,30,64,92,16,202,8,10,18,220
09/08/2022,FSD,SD,AGL,CE,Combined TRACON& Tower with Radar,42,73,60,13,188,0,4,20,0,24,42,77,80,13,212,6,4,10,222
09/09/2022,FSD,SD,AGL,CE,Combined TRACON& Tower with Radar,41,61,41,19,162,0,0,2,0,2,41,61,43,19,164,0,0,0,164
09/10/2022,FSD,SD,AGL,CE,Combined TRACON& Tower with Radar,36,27,23,10,96,0,9,39,4,52,36,36,62,14,148,18,0,18,166
09/11/2022,FSD,SD,AGL,CE,Combined TRACON& Tower with Radar,36,34,44,6,120,0,4,27,0,31,36,38,71,6,151,18,0,18,169
09/12/2022,FSD,SD,AGL,CE,Combined TRACON& Tower with Radar,35,51,67,2,155,0,7,49,2,58,35,58,116,4,213,22,0,22,235
09/13/2022,FSD,SD,AGL,CE,Combined TRACON& Tower with Radar,34,69,74,17,194,0,9,59,1,69,34,78,133,18,263,78,28,106,369
09/14/2022,FSD,SD,AGL,CE,Combined TRACON& Tower with Radar,34,78,65,12,189,0,2,52,1,55,34,80,117,13,244,24,4,28,272
09/15/2022,FSD,SD,AGL,CE,Combined TRACON& Tower with Radar,41,89,47,17,194,0,1,9,0,10,41,90,56,17,204,0,12,12,216
09/16/2022,FSD,SD,AGL,CE,Combined TRACON& Tower with Radar,38,72,65,6,181,0,0,33,0,33,38,72,98,6,214,68,0,68,282
09/17/2022,FSD,SD,AGL,CE,Combined TRACON& Tower with Radar,30,44,31,0,105,0,7,23,0,30,30,51,54,0,135,22,0,22,157
09/18/2022,FSD,SD,AGL,CE,Combined TRACON& Tower with Radar,36,30,33,0,99,0,1,23,2,26,36,31,56,2,125,24,0,24,149
09/19/2022,FSD,SD,AGL,CE,Combined TRACON& Tower with Radar,34,44,64,0,142,0,4,42,0,46,34,48,106,0,188,0,0,0,188
09/20/2022,FSD,SD,AGL,CE,Combined TRACON& Tower with Radar,35,80,76,1,192,0,8,54,0,62,35,88,130,1,254,64,0,64,318
09/21/2022,FSD,SD,AGL,CE,Combined TRACON& Tower with Radar,32,67,50,7,156,0,4,34,2,40,32,71,84,9,196,28,0,28,224
09/22/2022,FSD,SD,AGL,CE,Combined TRACON& Tower with Radar,44,66,47,9,166,0,1,43,0,44,44,67,90,9,210,54,6,60,270
09/23/2022,FSD,SD,AGL,CE,Combined TRACON& Tower with Radar,40,61,71,3,175,0,2,4,0,6,40,63,75,3,181,2,2,4,185
09/24/2022,FSD,SD,AGL,CE,Combined TRACON& Tower with Radar,34,45,19,18,116,0,1,11,4,16,34,46,30,22,132,2,6,8,140
09/25/2022,FSD,SD,AGL,CE,Combined TRACON& Tower with Radar,32,31,33,2,98,0,2,19,1,22,32,33,52,3,120,0,0,0,120
09/26/2022,FSD,SD,AGL,CE,Combined TRACON& Tower with Radar,35,50,69,0,154,0,3,45,2,50,35,53,114,2,204,10,0,10,214
09/27/2022,FSD,SD,AGL,CE,Combined TRACON& Tower with Radar,33,65,66,15,179,0,4,38,0,42,33,69,104,15,221,16,5,21,242
09/28/2022,FSD,SD,AGL,CE,Combined TRACON& Tower with Radar,32,77,55,6,170,0,9,38,0,47,32,86,93,6,217,28,6,34,251
09/29/2022,FSD,SD,AGL,CE,Combined TRACON& Tower with Radar,41,57,59,13,170,0,5,43,2,50,41,62,102,15,220,0,0,0,220
09/30/2022,FSD,SD,AGL,CE,Combined TRACON& Tower with Radar,40,60,55,3,158,0,6,40,0,46,40,66,95,3,204,28,0,28,232
10/01/2022,FSD,SD,AGL,CE,Combined TRACON& Tower with Radar,36,33,32,15,116,0,6,28,1,35,36,39,60,16,151,16,12,28,179
10/02/2022,FSD,SD,AGL,CE,Combined TRACON& Tower with Radar,35,28,38,6,107,0,3,20,3,26,35,31,58,9,133,6,4,10,143
10/03/2022,FSD,SD,AGL,CE,Combined TRACON& Tower with Radar,33,55,57,0,145,0,1,44,0,45,33,56,101,0,190,32,0,32,222
10/04/2022,FSD,SD,AGL,CE,Combined TRACON& Tower with Radar,35,69,51,24,179,0,0,24,3,27,35,69,75,27,206,14,14,28,234
10/05/2022,FSD,SD,AGL,CE,Combined TRACON& Tower with Radar,36,83,62,14,195,0,3,9,1,13,36,86,71,15,208,6,0,6,214
10/06/2022,FSD,SD,AGL,CE,Combined TRACON& Tower with Radar,50,60,63,20,193,0,5,28,0,33,50,65,91,20,226,50,16,66,292
10/07/2022,FSD,SD,AGL,CE,Combined TRACON& Tower with Radar,40,62,83,2,187,0,4,35,0,39,40,66,118,2,226,62,0,62,288
10/08/2022,FSD,SD,AGL,CE,Combined TRACON& Tower with Radar,33,38,52,0,123,0,5,39,0,44,33,43,91,0,167,22,0,22,189
10/09/2022,FSD,SD,AGL,CE,Combined TRACON& Tower with Radar,44,26,38,0,108,0,8,26,0,34,44,34,64,0,142,32,0,32,174
10/10/2022,FSD,SD,AGL,CE,Combined TRACON& Tower with Radar,33,57,64,0,154,0,0,40,0,40,33,57,104,0,194,48,0,48,242
10/11/2022,FSD,SD,AGL,CE,Combined TRACON& Tower with Radar,36,72,45,9,162,0,1,17,0,18,36,73,62,9,180,0,6,6,186
10/12/2022,FSD,SD,AGL,CE,Combined TRACON& Tower with Radar,36,69,51,12,168,0,4,13,0,17,36,73,64,12,185,0,0,0,185
10/13/2022,FSD,SD,AGL,CE,Combined TRACON& Tower with Radar,54,78,53,12,197,0,2,12,0,14,54,80,65,12,211,4,0,4,215
10/14/2022,FSD,SD,AGL,CE,Combined TRACON& Tower with Radar,42,66,26,24,158,0,6,17,0,23,42,72,43,24,181,6,20,26,207
10/15/2022,FSD,SD,AGL,CE,Combined TRACON& Tower with Radar,35,36,19,0,90,0,12,29,2,43,35,48,48,2,133,38,0,38,171
10/16/2022,FSD,SD,AGL,CE,Combined TRACON& Tower with Radar,42,21,33,0,96,0,5,26,0,31,42,26,59,0,127,18,0,18,145
10/17/2022,FSD,SD,AGL,CE,Combined TRACON& Tower with Radar,33,47,43,2,125,0,7,20,1,28,33,54,63,3,153,8,0,8,161
10/18/2022,FSD,SD,AGL,CE,Combined TRACON& Tower with Radar,36,56,61,23,176,0,2,50,1,53,36,58,111,24,229,56,16,72,301
10/19/2022,FSD,SD,AGL,CE,Combined TRACON& Tower with Radar,36,73,71,24,204,0,5,62,0,67,36,78,133,24,271,116,24,140,411
10/20/2022,FSD,SD,AGL,CE,Combined TRACON& Tower with Radar,49,68,51,8,176,0,5,48,1,54,49,73,99,9,230,40,8,48,278
10/21/2022,FSD,SD,AGL,CE,Combined TRACON& Tower with Radar,40,57,50,15,162,0,7,50,6,63,40,64,100,21,225,62,68,130,355
10/22/2022,FSD,SD,AGL,CE,Combined TRACON& Tower with Radar,33,28,33,0,94,0,1,34,1,36,33,29,67,1,130,44,0,44,174
10/23/2022,FSD,SD,AGL,CE,Combined TRACON& Tower with Radar,42,31,25,0,98,0,1,16,0,17,42,32,41,0,115,0,0,0,115
10/24/2022,FSD,SD,AGL,CE,Combined TRACON& Tower with Radar,31,48,31,18,128,0,2,4,0,6,31,50,35,18,134,10,0,10,144
10/25/2022,FSD,SD,AGL,CE,Combined TRACON& Tower with Radar,35,70,47,24,176,0,9,30,0,39,35,79,77,24,215,34,4,38,253
10/26/2022,FSD,SD,AGL,CE,Combined TRACON& Tower with Radar,35,50,77,19,181,1,3,30,1,35,36,53,107,20,216,24,2,26,242
10/27/2022,FSD,SD,AGL,CE,Combined TRACON& Tower with Radar,49,79,50,29,207,0,0,13,0,13,49,79,63,29,220,4,2,6,226
10/28/2022,FSD,SD,AGL,CE,Combined TRACON& Tower with Radar,41,52,61,1,155,0,0,37,2,39,41,52,98,3,194,16,0,16,210
10/29/2022,FSD,SD,AGL,CE,Combined TRACON& Tower with Radar,36,37,20,0,93,0,2,22,0,24,36,39,42,0,117,16,0,16,133
10/30/2022,FSD,SD,AGL,CE,Combined TRACON& Tower with Radar,44,25,52,0,121,0,3,35,2,40,44,28,87,2,161,22,0,22,183
10/31/2022,FSD,SD,AGL,CE,Combined TRACON& Tower with Radar,37,51,43,2,133,0,11,34,0,45,37,62,77,2,178,16,0,16,194
11/01/2022,FSD,SD,AGL,CE,Combined TRACON& Tower with Radar,36,65,70,21,192,0,3,45,2,50,36,68,115,23,242,18,18,36,278
11/02/2022,FSD,SD,AGL,CE,Combined TRACON& Tower with Radar,36,76,54,19,185,0,2,29,0,31,36,78,83,19,216,4,20,24,240
11/03/2022,FSD,SD,AGL,CE,Combined TRACON& Tower with Radar,49,79,74,22,224,0,0,4,0,4,49,79,78,22,228,0,0,0,228
11/04/2022,FSD,SD,AGL,CE,Combined TRACON& Tower with Radar,42,65,46,8,161,0,11,31,3,45,42,76,77,11,206,52,6,58,264
11/05/2022,FSD,SD,AGL,CE,Combined TRACON& Tower with Radar,35,40,27,16,118,0,11,57,1,69,35,51,84,17,187,44,22,66,253
11/06/2022,FSD,SD,AGL,CE,Combined TRACON& Tower with Radar,45,33,38,9,125,0,3,16,1,20,45,36,54,10,145,6,4,10,155
11/07/2022,FSD,SD,AGL,CE,Combined TRACON& Tower with Radar,35,53,71,6,165,0,0,33,0,33,35,53,104,6,198,54,2,56,254
11/08/2022,FSD,SD,AGL,CE,Combined TRACON& Tower with Radar,38,65,48,17,168,0,0,5,0,5,38,65,53,17,173,0,0,0,173
11/09/2022,FSD,SD,AGL,CE,Combined TRACON& Tower with Radar,42,73,39,9,163,0,0,0,0,0,42,73,39,9,163,0,0,0,163
11/10/2022,FSD,SD,AGL,CE,Combined TRACON& Tower with Radar,48,52,37,0,137,0,0,5,0,5,48,52,42,0,142,0,0,0,142
11/11/2022,FSD,SD,AGL,CE,Combined TRACON& Tower with Radar,40,67,28,0,135,0,0,6,0,6,40,67,34,0,141,6,0,6,147
11/12/2022,FSD,SD,AGL,CE,Combined TRACON& Tower with Radar,35,30,18,0,83,0,0,2,0,2,35,30,20,0,85,16,0,16,101
11/13/2022,FSD,SD,AGL,CE,Combined TRACON& Tower with Radar,43,29,48,0,120,0,4,26,0,30,43,33,74,0,150,8,0,8,158
11/14/2022,FSD,SD,AGL,CE,Combined TRACON& Tower with Radar,34,64,40,6,144,0,1,3,1,5,34,65,43,7,149,4,12,16,165
11/15/2022,FSD,SD,AGL,CE,Combined TRACON& Tower with Radar,38,72,46,20,176,0,2,2,2,6,38,74,48,22,182,0,0,0,182
11/16/2022,FSD,SD,AGL,CE,Combined TRACON& Tower with Radar,35,77,57,27,196,0,9,22,1,32,35,86,79,28,228,6,26,32,260
11/17/2022,FSD,SD,AGL,CE,Combined TRACON& Tower with Radar,46,65,65,26,202,0,3,0,2,5,46,68,65,28,207,0,0,0,207
11/18/2022,FSD,SD,AGL,CE,Combined TRACON& Tower with Radar,39,55,43,7,144,0,4,35,1,40,39,59,78,8,184,14,8,22,206
11/19/2022,FSD,SD,AGL,CE,Combined TRACON& Tower with Radar,36,40,17,0,93,0,1,9,0,10,36,41,26,0,103,26,0,26,129
11/20/2022,FSD,SD,AGL,CE,Combined TRACON& Tower with Radar,44,21,29,0,94,0,0,45,0,45,44,21,74,0,139,32,0,32,171
11/21/2022,FSD,SD,AGL,CE,Combined TRACON& Tower with Radar,33,52,54,3,142,0,1,38,0,39,33,53,92,3,181,34,10,44,225
11/22/2022,FSD,SD,AGL,CE,Combined TRACON& Tower with Radar,52,70,35,24,181,0,5,43,1,49,52,75,78,25,230,24,30,54,284
11/23/2022,FSD,SD,AGL,CE,Combined TRACON& Tower with Radar,46,58,41,7,152,0,8,53,3,64,46,66,94,10,216,36,16,52,268
11/24/2022,FSD,SD,AGL,CE,Combined TRACON& Tower with Radar,20,13,19,0,52,0,7,16,0,23,20,20,35,0,75,0,0,0,75
11/25/2022,FSD,SD,AGL,CE,Combined TRACON& Tower with Radar,40,37,26,0,103,0,5,44,1,50,40,42,70,1,153,10,0,10,163
11/26/2022,FSD,SD,AGL,CE,Combined TRACON& Tower with Radar,37,34,25,0,96,0,4,38,0,42,37,38,63,0,138,8,0,8,146
11/27/2022,FSD,SD,AGL,CE,Combined TRACON& Tower with Radar,41,29,30,0,100,0,2,35,1,38,41,31,65,1,138,20,0,20,158
11/28/2022,FSD,SD,AGL,CE,Combined TRACON& Tower with Radar,35,40,59,0,134,0,4,36,2,42,35,44,95,2,176,24,0,24,200
11/29/2022,FSD,SD,AGL,CE,Combined TRACON& Tower with Radar,40,68,26,0,134,0,2,2,0,4,40,70,28,0,138,8,0,8,146
11/30/2022,FSD,SD,AGL,CE,Combined TRACON& Tower with Radar,43,74,55,9,181,0,12,52,0,64,43,86,107,9,245,34,0,34,279
12/01/2022,FSD,SD,AGL,CE,Combined TRACON& Tower with Radar,51,60,34,12,157,0,8,13,2,23,51,68,47,14,180,0,10,10,190
12/02/2022,FSD,SD,AGL,CE,Combined TRACON& Tower with Radar,45,73,42,6,166,0,1,5,0,6,45,74,47,6,172,10,12,22,194
12/03/2022,FSD,SD,AGL,CE,Combined TRACON& Tower with Radar,36,41,27,10,114,0,3,27,4,34,36,44,54,14,148,44,6,50,198
12/04/2022,FSD,SD,AGL,CE,Combined TRACON& Tower with Radar,42,22,38,7,109,0,8,30,3,41,42,30,68,10,150,48,0,48,198
12/05/2022,FSD,SD,AGL,CE,Combined TRACON& Tower with Radar,41,52,28,2,123,0,6,20,0,26,41,58,48,2,149,56,0,56,205
12/06/2022,FSD,SD,AGL,CE,Combined TRACON& Tower with Radar,40,64,52,19,175,0,6,32,0,38,40,70,84,19,213,68,10,78,291
12/07/2022,FSD,SD,AGL,CE,Combined TRACON& Tower with Radar,44,72,56,9,181,0,7,22,1,30,44,79,78,10,211,18,2,20,231
12/08/2022,FSD,SD,AGL,CE,Combined TRACON& Tower with Radar,39,43,47,6,135,0,0,5,0,5,39,43,52,6,140,16,4,20,160
12/09/2022,FSD,SD,AGL,CE,Combined TRACON& Tower with Radar,51,54,37,4,146,0,1,0,1,2,51,55,37,5,148,0,0,0,148
12/10/2022,FSD,SD,AGL,CE,Combined TRACON& Tower with Radar,36,38,18,0,92,0,1,19,0,20,36,39,37,0,112,0,0,0,112
12/11/2022,FSD,SD,AGL,CE,Combined TRACON& Tower with Radar,44,21,20,0,85,0,0,25,0,25,44,21,45,0,110,0,0,0,110
12/12/2022,FSD,SD,AGL,CE,Combined TRACON& Tower with Radar,31,24,14,0,69,0,0,0,0,0,31,24,14,0,69,0,0,0,69
12/13/2022,FSD,SD,AGL,CE,Combined TRACON& Tower with Radar,35,27,5,0,67,0,0,0,0,0,35,27,5,0,67,0,0,0,67
12/14/2022,FSD,SD,AGL,CE,Combined TRACON& Tower with Radar,41,38,17,0,96,0,0,0,0,0,41,38,17,0,96,0,0,0,96
12/15/2022,FSD,SD,AGL,CE,Combined TRACON& Tower with Radar,23,11,22,0,56,0,0,0,0,0,23,11,22,0,56,0,0,0,56
12/16/2022,FSD,SD,AGL,CE,Combined TRACON& Tower with Radar,58,50,28,0,136,0,0,0,0,0,58,50,28,0,136,0,0,0,136
12/17/2022,FSD,SD,AGL,CE,Combined TRACON& Tower with Radar,48,42,39,0,129,0,0,8,1,9,48,42,47,1,138,0,0,0,138
12/18/2022,FSD,SD,AGL,CE,Combined TRACON& Tower with Radar,38,19,26,2,85,0,2,27,0,29,38,21,53,2,114,20,0,20,134
12/19/2022,FSD,SD,AGL,CE,Combined TRACON& Tower with Radar,41,47,42,0,130,0,0,6,0,6,41,47,48,0,136,8,0,8,144
12/20/2022,FSD,SD,AGL,CE,Combined TRACON& Tower with Radar,43,63,70,6,182,0,9,30,0,39,43,72,100,6,221,14,8,22,243
12/21/2022,FSD,SD,AGL,CE,Combined TRACON& Tower with Radar,36,61,23,0,120,0,0,0,0,0,36,61,23,0,120,0,0,0,120
12/22/2022,FSD,SD,AGL,CE,Combined TRACON& Tower with Radar,13,15,8,0,36,0,0,0,0,0,13,15,8,0,36,0,0,0,36
12/23/2022,FSD,SD,AGL,CE,Combined TRACON& Tower with Radar,3,16,10,0,29,0,0,0,0,0,3,16,10,0,29,0,0,0,29
12/24/2022,FSD,SD,AGL,CE,Combined TRACON& Tower with Radar,30,45,37,0,112,0,0,1,0,1,30,45,38,0,113,0,0,0,113
12/25/2022,FSD,SD,AGL,CE,Combined TRACON& Tower with Radar,30,25,5,0,60,0,2,1,0,3,30,27,6,0,63,0,0,0,63
12/26/2022,FSD,SD,AGL,CE,Combined TRACON& Tower with Radar,43,27,25,0,95,0,5,29,0,34,43,32,54,0,129,8,0,8,137
12/27/2022,FSD,SD,AGL,CE,Combined TRACON& Tower with Radar,45,58,56,14,173,0,1,33,0,34,45,59,89,14,207,22,14,36,243
12/28/2022,FSD,SD,AGL,CE,Combined TRACON& Tower with Radar,38,71,66,15,190,0,10,32,4,46,38,81,98,19,236,14,14,28,264
12/29/2022,FSD,SD,AGL,CE,Combined TRACON& Tower with Radar,51,68,27,0,146,0,0,0,0,0,51,68,27,0,146,0,0,0,146
12/30/2022,FSD,SD,AGL,CE,Combined TRACON& Tower with Radar,52,53,53,0,158,0,2,31,0,33,52,55,84,0,191,4,0,4,195
12/31/2022,FSD,SD,AGL,CE,Combined TRACON& Tower with Radar,31,30,27,0,88,0,5,15,0,20,31,35,42,0,108,0,0,0,108
01/01/2023,FSD,SD,AGL,CE,Combined TRACON& Tower with Radar,30,26,32,0,88,0,3,22,0,25,30,29,54,0,113,46,0,46,159
01/02/2023,FSD,SD,AGL,CE,Combined TRACON& Tower with Radar,32,23,11,0,66,0,0,0,0,0,32,23,11,0,66,0,0,0,66
01/03/2023,FSD,SD,AGL,CE,Combined TRACON& Tower with Radar,45,58,56,14,173,0,1,33,0,34,45,59,89,14,207,0,0,0,207
01/04/2023,FSD,SD,AGL,CE,Combined TRACON& Tower with Radar,39,53,27,0,119,0,0,0,0,0,39,53,27,0,119,0,0,0,119
01/05/2023,FSD,SD,AGL,CE,Combined TRACON& Tower with Radar,51,79,40,0,170,0,13,3,0,16,51,92,43,0,186,0,0,0,186
01/06/2023,FSD,SD,AGL,CE,Combined TRACON& Tower with Radar,51,52,34,2,139,0,5,11,0,16,51,57,45,2,155,8,0,8,163
01/07/2023,FSD,SD,AGL,CE,Combined TRACON& Tower with Radar,38,51,16,5,110,0,6,3,0,9,38,57,19,5,119,8,0,8,127
01/08/2023,FSD,SD,AGL,CE,Combined TRACON& Tower with Radar,42,35,28,6,111,0,4,12,1,17,42,39,40,7,128,2,14,16,144
01/09/2023,FSD,SD,AGL,CE,Combined TRACON& Tower with Radar,53,43,41,2,139,0,2,25,1,28,53,45,66,3,167,12,0,12,179
01/10/2023,FSD,SD,AGL,CE,Combined TRACON& Tower with Radar,39,79,48,21,187,0,5,12,3,20,39,84,60,24,207,0,0,0,207
01/11/2023,FSD,SD,AGL,CE,Combined TRACON& Tower with Radar,38,62,41,10,151,0,0,2,0,2,38,62,43,10,153,0,0,0,153
01/12/2023,FSD,SD,AGL,CE,Combined TRACON& Tower with Radar,44,74,47,17,182,0,0,1,0,1,44,74,48,17,183,6,0,6,189
01/13/2023,FSD,SD,AGL,CE,Combined TRACON& Tower with Radar,44,56,33,0,133,0,0,11,0,11,44,56,44,0,144,0,0,0,144
01/14/2023,FSD,SD,AGL,CE,Combined TRACON& Tower with Radar,30,41,19,0,90,0,3,35,2,40,30,44,54,2,130,6,0,6,136
01/15/2023,FSD,SD,AGL,CE,Combined TRACON& Tower with Radar,37,34,36,0,107,0,0,30,0,30,37,34,66,0,137,34,0,34,171
01/16/2023,FSD,SD,AGL,CE,Combined TRACON& Tower with Radar,38,50,14,0,102,0,0,0,0,0,38,50,14,0,102,0,0,0,102
01/17/2023,FSD,SD,AGL,CE,Combined TRACON& Tower with Radar,38,73,52,18,181,0,0,5,0,5,38,73,57,18,186,0,8,8,194
01/18/2023,FSD,SD,AGL,CE,Combined TRACON& Tower with Radar,37,60,38,2,137,0,0,0,0,0,37,60,38,2,137,0,0,0,137
01/19/2023,FSD,SD,AGL,CE,Combined TRACON& Tower with Radar,46,59,52,7,164,0,0,0,0,0,46,59,52,7,164,0,0,0,164
01/20/2023,FSD,SD,AGL,CE,Combined TRACON& Tower with Radar,43,65,27,11,146,0,0,0,0,0,43,65,27,11,146,0,0,0,146
01/21/2023,FSD,SD,AGL,CE,Combined TRACON& Tower with Radar,32,28,17,6,83,0,0,1,0,1,32,28,18,6,84,0,12,12,96
01/22/2023,FSD,SD,AGL,CE,Combined TRACON& Tower with Radar,41,28,17,0,86,0,1,19,0,20,41,29,36,0,106,0,0,0,106
01/23/2023,FSD,SD,AGL,CE,Combined TRACON& Tower with Radar,39,41,34,19,133,0,1,17,1,19,39,42,51,20,152,28,6,34,186
01/24/2023,FSD,SD,AGL,CE,Combined TRACON& Tower with Radar,38,58,53,18,167,0,2,37,1,40,38,60,90,19,207,28,8,36,243
01/25/2023,FSD,SD,AGL,CE,Combined TRACON& Tower with Radar,35,69,48,15,167,0,0,10,0,10,35,69,58,15,177,2,0,2,179
01/26/2023,FSD,SD,AGL,CE,Combined TRACON& Tower with Radar,46,64,26,7,143,0,2,5,0,7,46,66,31,7,150,6,0,6,156
01/27/2023,FSD,SD,AGL,CE,Combined TRACON& Tower with Radar,44,71,27,0,142,0,2,6,0,8,44,73,33,0,150,32,0,32,182
01/28/2023,FSD,SD,AGL,CE,Combined TRACON& Tower with Radar,36,38,15,0,89,0,0,0,1,1,36,38,15,1,90,0,0,0,90
01/29/2023,FSD,SD,AGL,CE,Combined TRACON& Tower with Radar,39,38,25,0,102,0,2,11,0,13,39,40,36,0,115,34,0,34,149
01/30/2023,FSD,SD,AGL,CE,Combined TRACON& Tower with Radar,38,39,45,1,123,0,7,33,0,40,38,46,78,1,163,28,0,28,191
01/31/2023,FSD,SD,AGL,CE,Combined TRACON& Tower with Radar,38,54,57,20,169,0,8,30,0,38,38,62,87,20,207,50,26,76,283
02/01/2023,FSD,SD,AGL,CE,Combined TRACON& Tower with Radar,31,63,46,11,151,0,4,19,0,23,31,67,65,11,174,18,4,22,196
02/02/2023,FSD,SD,AGL,CE,Combined TRACON& Tower with Radar,43,64,42,6,155,0,0,21,0,21,43,64,63,6,176,0,0,0,176
02/03/2023,FSD,SD,AGL,CE,Combined TRACON& Tower with Radar,48,46,35,11,140,0,3,11,0,14,48,49,46,11,154,32,20,52,206
02/04/2023,FSD,SD,AGL,CE,Combined TRACON& Tower with Radar,44,31,14,0,89,0,3,39,0,42,44,34,53,0,131,58,0,58,189
02/05/2023,FSD,SD,AGL,CE,Combined TRACON& Tower with Radar,47,20,17,0,84,0,3,5,0,8,47,23,22,0,92,4,0,4,96
02/06/2023,FSD,SD,AGL,CE,Combined TRACON& Tower with Radar,47,41,26,0,114,0,6,2,0,8,47,47,28,0,122,0,0,0,122
02/07/2023,FSD,SD,AGL,CE,Combined TRACON& Tower with Radar,47,61,49,12,169,0,12,25,0,37,47,73,74,12,206,44,2,46,252
02/08/2023,FSD,SD,AGL,CE,Combined TRACON& Tower with Radar,44,56,49,12,161,0,4,33,0,37,44,60,82,12,198,38,18,56,254
02/09/2023,FSD,SD,AGL,CE,Combined TRACON& Tower with Radar,51,60,43,14,168,0,1,0,0,1,51,61,43,14,169,0,0,0,169
02/10/2023,FSD,SD,AGL,CE,Combined TRACON& Tower with Radar,51,52,44,21,168,0,6,28,0,34,51,58,72,21,202,42,24,66,268
02/11/2023,FSD,SD,AGL,CE,Combined TRACON& Tower with Radar,42,30,28,0,100,0,2,42,0,44,42,32,70,0,144,26,0,26,170
02/12/2023,FSD,SD,AGL,CE,Combined TRACON& Tower with Radar,45,22,23,2,92,0,1,26,0,27,45,23,49,2,119,8,0,8,127
02/13/2023,FSD,SD,AGL,CE,Combined TRACON& Tower with Radar,45,51,38,3,137,0,0,34,0,34,45,51,72,3,171,20,0,20,191
02/14/2023,FSD,SD,AGL,CE,Combined TRACON& Tower with Radar,52,57,41,0,150,0,0,0,0,0,52,57,41,0,150,0,0,0,150
02/15/2023,FSD,SD,AGL,CE,Combined TRACON& Tower with Radar,54,69,37,22,182,0,1,10,0,11,54,70,47,22,193,0,26,26,219
02/16/2023,FSD,SD,AGL,CE,Combined TRACON& Tower with Radar,50,51,52,15,168,0,7,45,1,53,50,58,97,16,221,86,12,98,319
02/17/2023,FSD,SD,AGL,CE,Combined TRACON& Tower with Radar,47,45,38,0,130,0,0,36,0,36,47,45,74,0,166,42,0,42,208
02/18/2023,FSD,SD,AGL,CE,Combined TRACON& Tower with Radar,46,22,19,0,87,0,3,30,0,33,46,25,49,0,120,28,0,28,148
02/19/2023,FSD,SD,AGL,CE,Combined TRACON& Tower with Radar,43,28,26,0,97,0,1,1,0,2,43,29,27,0,99,10,0,10,109
02/20/2023,FSD,SD,AGL,CE,Combined TRACON& Tower with Radar,45,38,17,0,100,0,3,15,1,19,45,41,32,1,119,0,0,0,119
02/21/2023,FSD,SD,AGL,CE,Combined TRACON& Tower with Radar,38,57,36,9,140,0,1,1,0,2,38,58,37,9,142,0,0,0,142
02/22/2023,FSD,SD,AGL,CE,Combined TRACON& Tower with Radar,6,8,0,0,14,0,0,0,0,0,6,8,0,0,14,0,0,0,14
02/23/2023,FSD,SD,AGL,CE,Combined TRACON& Tower with Radar,28,43,9,0,80,0,0,2,1,3,28,43,11,1,83,0,0,0,83
02/24/2023,FSD,SD,AGL,CE,Combined TRACON& Tower with Radar,46,53,19,2,120,0,1,4,0,5,46,54,23,2,125,0,0,0,125
02/25/2023,FSD,SD,AGL,CE,Combined TRACON& Tower with Radar,49,27,38,13,127,0,1,38,1,40,49,28,76,14,167,56,18,74,241
02/26/2023,FSD,SD,AGL,CE,Combined TRACON& Tower with Radar,47,35,27,4,113,0,6,17,1,24,47,41,44,5,137,16,8,24,161
02/27/2023,FSD,SD,AGL,CE,Combined TRACON& Tower with Radar,45,62,33,0,140,0,1,9,1,11,45,63,42,1,151,0,0,0,151
02/28/2023,FSD,SD,AGL,CE,Combined TRACON& Tower with Radar,45,74,45,22,186,0,0,15,2,17,45,74,60,24,203,10,0,10,213
03/01/2023,FSD,SD,AGL,CE,Combined TRACON& Tower with Radar,50,52,41,7,150,0,2,3,0,5,50,54,44,7,155,0,0,0,155
03/02/2023,FSD,SD,AGL,CE,Combined TRACON& Tower with Radar,51,66,43,13,173,0,1,11,0,12,51,67,54,13,185,6,2,8,193
03/03/2023,FSD,SD,AGL,CE,Combined TRACON& Tower with Radar,45,57,47,20,169,0,2,18,0,20,45,59,65,20,189,8,10,18,207
03/04/2023,FSD,SD,AGL,CE,Combined TRACON& Tower with Radar,45,16,29,1,91,0,4,36,0,40,45,20,65,1,131,26,0,26,157
03/05/2023,FSD,SD,AGL,CE,Combined TRACON& Tower with Radar,44,16,14,2,76,0,0,0,0,0,44,16,14,2,76,0,0,0,76
03/06/2023,FSD,SD,AGL,CE,Combined TRACON& Tower with Radar,46,42,44,0,132,0,0,7,0,7,46,42,51,0,139,4,0,4,143
03/07/2023,FSD,SD,AGL,CE,Combined TRACON& Tower with Radar,42,61,43,0,146,0,0,6,0,6,42,61,49,0,152,0,0,0,152
03/08/2023,FSD,SD,AGL,CE,Combined TRACON& Tower with Radar,50,59,51,12,172,0,0,0,0,0,50,59,51,12,172,0,0,0,172
03/09/2023,FSD,SD,AGL,CE,Combined TRACON& Tower with Radar,51,56,21,0,128,0,0,0,0,0,51,56,21,0,128,0,0,0,128
03/10/2023,FSD,SD,AGL,CE,Combined TRACON& Tower with Radar,48,67,26,7,148,0,0,1,0,1,48,67,27,7,149,4,0,4,153
03/11/2023,FSD,SD,AGL,CE,Combined TRACON& Tower with Radar,46,34,13,0,93,0,2,0,0,2,46,36,13,0,95,20,0,20,115
03/12/2023,FSD,SD,AGL,CE,Combined TRACON& Tower with Radar,45,30,20,7,102,0,0,0,0,0,45,30,20,7,102,0,0,0,102
03/13/2023,FSD,SD,AGL,CE,Combined TRACON& Tower with Radar,43,53,45,0,141,0,6,14,1,21,43,59,59,1,162,8,0,8,170
03/14/2023,FSD,SD,AGL,CE,Combined TRACON& Tower with Radar,42,61,43,16,162,0,2,17,2,21,42,63,60,18,183,4,4,8,191
03/15/2023,FSD,SD,AGL,CE,Combined TRACON& Tower with Radar,51,45,38,9,143,0,9,23,1,33,51,54,61,10,176,16,0,16,192
03/16/2023,FSD,SD,AGL,CE,Combined TRACON& Tower with Radar,40,29,19,0,88,0,1,0,0,1,40,30,19,0,89,0,0,0,89
03/17/2023,FSD,SD,AGL,CE,Combined TRACON& Tower with Radar,50,63,26,0,139,0,2,5,0,7,50,65,31,0,146,2,0,2,148
03/18/2023,FSD,SD,AGL,CE,Combined TRACON& Tower with Radar,46,34,20,0,100,0,3,5,0,8,46,37,25,0,108,20,0,20,128
03/19/2023,FSD,SD,AGL,CE,Combined TRACON& Tower with Radar,46,11,28,0,85,0,5,36,0,41,46,16,64,0,126,38,0,38,164
03/20/2023,FSD,SD,AGL,CE,Combined TRACON& Tower with Radar,43,51,42,21,157,0,4,45,1,50,43,55,87,22,207,66,8,74,281
03/21/2023,FSD,SD,AGL,CE,Combined TRACON& Tower with Radar,44,46,49,23,162,0,0,11,0,11,44,46,60,23,173,6,10,16,189
03/22/2023,FSD,SD,AGL,CE,Combined TRACON& Tower with Radar,50,67,43,20,180,0,0,4,0,4,50,67,47,20,184,6,6,12,196
03/23/2023,FSD,SD,AGL,CE,Combined TRACON& Tower with Radar,52,55,46,20,173,0,7,47,2,56,52,62,93,22,229,82,6,88,317
03/24/2023,FSD,SD,AGL,CE,Combined TRACON& Tower with Radar,50,54,53,0,157,0,3,67,0,70,50,57,120,0,227,54,0,54,281
03/25/2023,FSD,SD,AGL,CE,Combined TRACON& Tower with Radar,45,24,20,0,89,0,0,20,0,20,45,24,40,0,109,14,0,14,123
03/26/2023,FSD,SD,AGL,CE,Combined TRACON& Tower with Radar,45,9,34,0,88,0,2,44,1,47,45,11,78,1,135,26,0,26,161
03/27/2023,FSD,SD,AGL,CE,Combined TRACON& Tower with Radar,47,25,39,24,135,0,0,24,0,24,47,25,63,24,159,8,26,34,193
03/28/2023,FSD,SD,AGL,CE,Combined TRACON& Tower with Radar,46,42,60,1,149,0,2,28,0,30,46,44,88,1,179,28,0,28,207
03/29/2023,FSD,SD,AGL,CE,Combined TRACON& Tower with Radar,53,56,65,4,178,0,9,42,0,51,53,65,107,4,229,72,0,72,301
03/30/2023,FSD,SD,AGL,CE,Combined TRACON& Tower with Radar,58,40,55,15,168,0,0,7,0,7,58,40,62,15,175,0,6,6,181
03/31/2023,FSD,SD,AGL,CE,Combined TRACON& Tower with Radar,52,25,12,15,104,0,0,0,0,0,52,25,12,15,104,0,0,0,104
04/01/2023,FSD,SD,AGL,CE,Combined TRACON& Tower with Radar,45,41,29,9,124,0,1,33,1,35,45,42,62,10,159,42,4,46,205
04/02/2023,FSD,SD,AGL,CE,Combined TRACON& Tower with Radar,48,9,18,6,81,0,1,23,2,26,48,10,41,8,107,54,2,56,163
04/03/2023,FSD,SD,AGL,CE,Combined TRACON& Tower with Radar,47,42,59,0,148,0,9,33,0,42,47,51,92,0,190,18,0,18,208
04/04/2023,FSD,SD,AGL,CE,Combined TRACON& Tower with Radar,45,28,21,1,95,0,0,0,0,0,45,28,21,1,95,0,0,0,95
04/05/2023,FSD,SD,AGL,CE,Combined TRACON& Tower with Radar,52,40,30,2,124,0,1,1,0,2,52,41,31,2,126,0,0,0,126
04/06/2023,FSD,SD,AGL,CE,Combined TRACON& Tower with Radar,55,41,59,15,170,0,4,54,0,58,55,45,113,15,228,98,4,102,330
04/07/2023,FSD,SD,AGL,CE,Combined TRACON& Tower with Radar,51,47,40,21,159,0,2,57,6,65,51,49,97,27,224,28,30,58,282
04/08/2023,FSD,SD,AGL,CE,Combined TRACON& Tower with Radar,46,31,22,0,99,0,4,34,0,38,46,35,56,0,137,10,0,10,147
04/09/2023,FSD,SD,AGL,CE,Combined TRACON& Tower with Radar,47,3,13,0,63,0,0,10,0,10,47,3,23,0,73,6,0,6,79
04/10/2023,FSD,SD,AGL,CE,Combined TRACON& Tower with Radar,45,39,58,2,144,0,3,51,0,54,45,42,109,2,198,52,0,52,250
04/11/2023,FSD,SD,AGL,CE,Combined TRACON& Tower with Radar,48,54,58,11,171,0,1,26,1,28,48,55,84,12,199,8,6,14,213
04/12/2023,FSD,SD,AGL,CE,Combined TRACON& Tower with Radar,54,44,60,25,183,0,4,36,0,40,54,48,96,25,223,42,24,66,289
04/13/2023,FSD,SD,AGL,CE,Combined TRACON& Tower with Radar,51,49,75,15,190,0,10,22,4,36,51,59,97,19,226,8,30,38,264
04/14/2023,FSD,SD,AGL,CE,Combined TRACON& Tower with Radar,49,45,57,12,163,0,2,32,0,34,49,47,89,12,197,4,22,26,223
04/15/2023,FSD,SD,AGL,CE,Combined TRACON& Tower with Radar,45,24,12,0,81,0,0,2,0,2,45,24,14,0,83,0,0,0,83
04/16/2023,FSD,SD,AGL,CE,Combined TRACON& Tower with Radar,49,12,21,0,82,0,3,7,0,10,49,15,28,0,92,0,0,0,92
04/17/2023,FSD,SD,AGL,CE,Combined TRACON& Tower with Radar,46,48,58,2,154,0,2,75,2,79,46,50,133,4,233,60,0,60,293
04/18/2023,FSD,SD,AGL,CE,Combined TRACON& Tower with Radar,47,58,53,7,165,0,6,22,2,30,47,64,75,9,195,0,8,8,203
04/19/2023,FSD,SD,AGL,CE,Combined TRACON& Tower with Radar,52,45,54,16,167,0,0,4,0,4,52,45,58,16,171,0,0,0,171
04/20/2023,FSD,SD,AGL,CE,Combined TRACON& Tower with Radar,47,53,51,1,152,0,0,8,0,8,47,53,59,1,160,4,0,4,164
04/21/2023,FSD,SD,AGL,CE,Combined TRACON& Tower with Radar,52,59,19,4,134,0,0,0,0,0,52,59,19,4,134,0,6,6,140
04/22/2023,FSD,SD,AGL,CE,Combined TRACON& Tower with Radar,48,21,16,0,85,0,5,5,0,10,48,26,21,0,95,4,0,4,99
04/23/2023,FSD,SD,AGL,CE,Combined TRACON& Tower with Radar,49,13,25,0,87,0,2,35,0,37,49,15,60,0,124,14,0,14,138
04/24/2023,FSD,SD,AGL,CE,Combined TRACON& Tower with Radar,46,47,60,16,169,0,4,48,0,52,46,51,108,16,221,60,4,64,285
04/25/2023,FSD,SD,AGL,CE,Combined TRACON& Tower with Radar,45,48,73,22,188,1,6,28,1,36,46,54,101,23,224,30,10,40,264
04/26/2023,FSD,SD,AGL,CE,Combined TRACON& Tower with Radar,52,46,84,15,197,0,1,24,1,26,52,47,108,16,223,14,8,22,245
04/27/2023,FSD,SD,AGL,CE,Combined TRACON& Tower with Radar,53,43,46,17,159,0,2,20,2,24,53,45,66,19,183,12,4,16,199
04/28/2023,FSD,SD,AGL,CE,Combined TRACON& Tower with Radar,50,43,46,0,139,0,2,9,0,11,50,45,55,0,150,8,0,8,158
04/29/2023,FSD,SD,AGL,CE,Combined TRACON& Tower with Radar,45,18,29,0,92,0,0,18,0,18,45,18,47,0,110,4,0,4,114
04/30/2023,FSD,SD,AGL,CE,Combined TRACON& Tower with Radar,47,10,28,0,85,0,5,3,0,8,47,15,31,0,93,0,0,0,93
05/01/2023,FSD,SD,AGL,CE,Combined TRACON& Tower with Radar,46,35,48,0,129,0,6,11,0,17,46,41,59,0,146,2,0,2,148
05/02/2023,FSD,SD,AGL,CE,Combined TRACON& Tower with Radar,46,65,52,17,180,0,8,28,1,37,46,73,80,18,217,6,10,16,233
05/03/2023,FSD,SD,AGL,CE,Combined TRACON& Tower with Radar,52,51,42,8,153,0,7,69,0,76,52,58,111,8,229,58,12,70,299
05/04/2023,FSD,SD,AGL,CE,Combined TRACON& Tower with Radar,53,48,42,11,154,0,2,29,0,31,53,50,71,11,185,14,8,22,207
05/05/2023,FSD,SD,AGL,CE,Combined TRACON& Tower with Radar,47,51,37,24,159,0,0,19,2,21,47,51,56,26,180,0,0,0,180
05/06/2023,FSD,SD,AGL,CE,Combined TRACON& Tower with Radar,45,27,20,13,105,0,1,7,0,8,45,28,27,13,113,2,20,22,135
05/07/2023,FSD,SD,AGL,CE,Combined TRACON& Tower with Radar,43,24,47,5,119,0,2,39,0,41,43,26,86,5,160,14,2,16,176
05/08/2023,FSD,SD,AGL,CE,Combined TRACON& Tower with Radar,45,44,46,1,136,0,5,62,0,67,45,49,108,1,203,48,0,48,251
05/09/2023,FSD,SD,AGL,CE,Combined TRACON& Tower with Radar,44,65,78,9,196,0,12,32,1,45,44,77,110,10,241,34,0,34,275
05/10/2023,FSD,SD,AGL,CE,Combined TRACON& Tower with Radar,49,54,78,11,192,0,1,43,0,44,49,55,121,11,236,22,16,38,274
05/11/2023,FSD,SD,AGL,CE,Combined TRACON& Tower with Radar,48,63,59,18,188,1,2,11,0,14,49,65,70,18,202,2,8,10,212
05/12/2023,FSD,SD,AGL,CE,Combined TRACON& Tower with Radar,49,38,35,6,128,0,1,0,0,1,49,39,35,6,129,0,0,0,129
05/13/2023,FSD,SD,AGL,CE,Combined TRACON& Tower with Radar,42,26,17,0,85,0,0,0,0,0,42,26,17,0,85,0,0,0,85
05/14/2023,FSD,SD,AGL,CE,Combined TRACON& Tower with Radar,43,27,10,0,80,0,1,0,0,1,43,28,10,0,81,0,0,0,81
05/15/2023,FSD,SD,AGL,CE,Combined TRACON& Tower with Radar,42,37,53,23,155,0,1,43,2,46,42,38,96,25,201,72,10,82,283
05/16/2023,FSD,SD,AGL,CE,Combined TRACON& Tower with Radar,46,66,75,20,207,0,1,40,0,41,46,67,115,20,248,32,4,36,284
05/17/2023,FSD,SD,AGL,CE,Combined TRACON& Tower with Radar,50,52,64,18,184,0,5,31,1,37,50,57,95,19,221,38,4,42,263
05/18/2023,FSD,SD,AGL,CE,Combined TRACON& Tower with Radar,45,55,51,11,162,0,2,7,0,9,45,57,58,11,171,4,0,4,175
05/19/2023,FSD,SD,AGL,CE,Combined TRACON& Tower with Radar,45,57,64,0,166,0,4,30,0,34,45,61,94,0,200,26,0,26,226
05/20/2023,FSD,SD,AGL,CE,Combined TRACON& Tower with Radar,42,28,25,0,95,0,8,56,0,64,42,36,81,0,159,26,0,26,185
05/21/2023,FSD,SD,AGL,CE,Combined TRACON& Tower with Radar,39,21,31,0,91,0,3,40,0,43,39,24,71,0,134,42,0,42,176
05/22/2023,FSD,SD,AGL,CE,Combined TRACON& Tower with Radar,42,33,40,0,115,0,6,52,1,59,42,39,92,1,174,24,0,24,198
05/23/2023,FSD,SD,AGL,CE,Combined TRACON& Tower with Radar,42,53,66,21,182,0,1,65,0,66,42,54,131,21,248,72,0,72,320
05/24/2023,FSD,SD,AGL,CE,Combined TRACON& Tower with Radar,49,52,79,12,192,0,3,47,0,50,49,55,126,12,242,32,0,32,274
05/25/2023,FSD,SD,AGL,CE,Combined TRACON& Tower with Radar,46,47,74,10,177,0,4,49,1,54,46,51,123,11,231,16,0,16,247
05/26/2023,FSD,SD,AGL,CE,Combined TRACON& Tower with Radar,47,56,45,1,149,0,5,29,0,34,47,61,74,1,183,18,0,18,201
05/27/2023,FSD,SD,AGL,CE,Combined TRACON& Tower with Radar,41,26,12,0,79,0,7,20,1,28,41,33,32,1,107,28,0,28,135
05/28/2023,FSD,SD,AGL,CE,Combined TRACON& Tower with Radar,37,6,14,2,59,0,3,25,0,28,37,9,39,2,87,18,0,18,105
05/29/2023,FSD,SD,AGL,CE,Combined TRACON& Tower with Radar,40,19,19,0,78,0,4,19,1,24,40,23,38,1,102,12,0,12,114
05/30/2023,FSD,SD,AGL,CE,Combined TRACON& Tower with Radar,39,36,71,7,153,0,8,29,1,38,39,44,100,8,191,46,16,62,253
05/31/2023,FSD,SD,AGL,CE,Combined TRACON& Tower with Radar,52,38,69,18,177,0,1,43,0,44,52,39,112,18,221,36,6,42,263
06/01/2023,FSD,SD,AGL,CE,Combined TRACON& Tower with Radar,48,56,56,18,178,0,1,32,2,35,48,57,88,20,213,16,20,36,249
06/02/2023,FSD,SD,AGL,CE,Combined TRACON& Tower with Radar,50,48,41,3,142,0,3,17,0,20,50,51,58,3,162,16,0,16,178
06/03/2023,FSD,SD,AGL,CE,Combined TRACON& Tower with Radar,44,38,41,2,125,0,4,24,0,28,44,42,65,2,153,16,0,16,169
06/04/2023,FSD,SD,AGL,CE,Combined TRACON& Tower with Radar,38,12,29,2,81,0,3,27,0,30,38,15,56,2,111,10,0,10,121
06/05/2023,FSD,SD,AGL,CE,Combined TRACON& Tower with Radar,45,38,53,2,138,0,3,34,0,37,45,41,87,2,175,35,0,35,210
06/06/2023,FSD,SD,AGL,CE,Combined TRACON& Tower with Radar,47,48,65,0,160,0,4,38,1,43,47,52,103,1,203,0,0,0,203
06/07/2023,FSD,SD,AGL,CE,Combined TRACON& Tower with Radar,53,52,39,6,150,0,4,23,0,27,53,56,62,6,177,18,6,24,201
06/08/2023,FSD,SD,AGL,CE,Combined TRACON& Tower with Radar,51,54,74,10,189,0,5,30,0,35,51,59,104,10,224,2,4,6,230
06/09/2023,FSD,SD,AGL,CE,Combined TRACON& Tower with Radar,49,46,43,6,144,0,3,17,0,20,49,49,60,6,164,10,0,10,174
06/10/2023,FSD,SD,AGL,CE,Combined TRACON& Tower with Radar,47,32,25,0,104,0,0,18,0,18,47,32,43,0,122,0,0,0,122
06/11/2023,FSD,SD,AGL,CE,Combined TRACON& Tower with Radar,40,19,34,2,95,0,1,22,0,23,40,20,56,2,118,22,0,22,140
06/12/2023,FSD,SD,AGL,CE,Combined TRACON& Tower with Radar,45,40,54,0,139,0,4,26,0,30,45,44,80,0,169,24,0,24,193
06/13/2023,FSD,SD,AGL,CE,Combined TRACON& Tower with Radar,44,55,66,4,169,0,7,34,0,41,44,62,100,4,210,28,6,34,244
06/14/2023,FSD,SD,AGL,CE,Combined TRACON& Tower with Radar,55,56,83,0,194,0,10,29,1,40,55,66,112,1,234,10,0,10,244
06/15/2023,FSD,SD,AGL,CE,Combined TRACON& Tower with Radar,48,59,40,12,159,0,16,42,0,58,48,75,82,12,217,18,0,18,235
06/16/2023,FSD,SD,AGL,CE,Combined TRACON& Tower with Radar,48,40,50,0,138,0,6,26,1,33,48,46,76,1,171,14,0,14,185
06/17/2023,FSD,SD,AGL,CE,Combined TRACON& Tower with Radar,45,27,18,2,92,0,0,11,1,12,45,27,29,3,104,0,4,4,108
06/18/2023,FSD,SD,AGL,CE,Combined TRACON& Tower with Radar,40,21,32,0,93,0,2,28,0,30,40,23,60,0,123,30,0,30,153
06/19/2023,FSD,SD,AGL,CE,Combined TRACON& Tower with Radar,45,41,50,2,138,0,3,38,0,41,45,44,88,2,179,58,0,58,237
06/20/2023,FSD,SD,AGL,CE,Combined TRACON& Tower with Radar,45,57,52,9,163,0,7,56,2,65,45,64,108,11,228,34,0,34,262
06/21/2023,FSD,SD,AGL,CE,Combined TRACON& Tower with Radar,52,58,62,14,186,0,1,40,2,43,52,59,102,16,229,22,12,34,263
06/22/2023,FSD,SD,AGL,CE,Combined TRACON& Tower with Radar,49,51,83,6,189,0,1,38,0,39,49,52,121,6,228,24,2,26,254
06/23/2023,FSD,SD,AGL,CE,Combined TRACON& Tower with Radar,48,45,51,4,148,0,4,17,4,25,48,49,68,8,173,24,0,24,197
06/24/2023,FSD,SD,AGL,CE,Combined TRACON& Tower with Radar,48,23,33,2,106,0,2,11,0,13,48,25,44,2,119,10,0,10,129
06/25/2023,FSD,SD,AGL,CE,Combined TRACON& Tower with Radar,37,9,37,1,84,0,1,5,0,6,37,10,42,1,90,12,0,12,102
06/26/2023,FSD,SD,AGL,CE,Combined TRACON& Tower with Radar,48,50,51,0,149,0,2,36,3,41,48,52,87,3,190,26,0,26,216
06/27/2023,FSD,SD,AGL,CE,Combined TRACON& Tower with Radar,41,50,63,2,156,0,5,33,2,40,41,55,96,4,196,26,0,26,222
06/28/2023,FSD,SD,AGL,CE,Combined TRACON& Tower with Radar,53,59,82,4,198,0,9,39,0,48,53,68,121,4,246,22,0,22,268
06/29/2023,FSD,SD,AGL,CE,Combined TRACON& Tower with Radar,49,40,73,6,168,0,8,48,2,58,49,48,121,8,226,40,0,40,266
06/30/2023,FSD,SD,AGL,CE,Combined TRACON& Tower with Radar,48,49,69,13,179,0,7,40,0,47,48,56,109,13,226,44,10,54,280
07/01/2023,FSD,SD,AGL,CE,Combined TRACON& Tower with Radar,44,22,52,2,120,0,7,28,1,36,44,29,80,3,156,8,0,8,164
07/02/2023,FSD,SD,AGL,CE,Combined TRACON& Tower with Radar,36,26,24,0,86,0,8,22,0,30,36,34,46,0,116,0,0,0,116
07/03/2023,FSD,SD,AGL,CE,Combined TRACON& Tower with Radar,39,38,14,1,92,0,4,19,1,24,39,42,33,2,116,8,0,8,124
07/04/2023,FSD,SD,AGL,CE,Combined TRACON& Tower with Radar,30,20,5,0,55,0,1,2,0,3,30,21,7,0,58,20,0,20,78
07/05/2023,FSD,SD,AGL,CE,Combined TRACON& Tower with Radar,47,53,54,9,163,0,6,33,1,40,47,59,87,10,203,24,6,30,233
07/06/2023,FSD,SD,AGL,CE,Combined TRACON& Tower with Radar,44,58,39,5,146,0,7,49,0,56,44,65,88,5,202,70,0,70,272
07/07/2023,FSD,SD,AGL,CE,Combined TRACON& Tower with Radar,43,50,32,3,128,0,2,14,1,17,43,52,46,4,145,16,0,16,161
07/08/2023,FSD,SD,AGL,CE,Combined TRACON& Tower with Radar,44,30,34,1,109,0,7,36,0,43,44,37,70,1,152,18,0,18,170
07/09/2023,FSD,SD,AGL,CE,Combined TRACON& Tower with Radar,37,24,38,3,102,0,4,44,1,49,37,28,82,4,151,28,0,28,179
07/10/2023,FSD,SD,AGL,CE,Combined TRACON& Tower with Radar,41,44,43,0,128,0,2,37,1,40,41,46,80,1,168,46,0,46,214
07/11/2023,FSD,SD,AGL,CE,Combined TRACON& Tower with Radar,40,65,56,12,173,0,5,11,0,16,40,70,67,12,189,22,4,26,215
07/12/2023,FSD,SD,AGL,CE,Combined TRACON& Tower with Radar,51,61,66,21,199,0,4,20,1,25,51,65,86,22,224,38,2,40,264
07/13/2023,FSD,SD,AGL,CE,Combined TRACON& Tower with Radar,45,52,75,9,181,0,4,38,0,42,45,56,113,9,223,34,12,46,269
07/14/2023,FSD,SD,AGL,CE,Combined TRACON& Tower with Radar,43,53,45,21,162,0,6,42,8,56,43,59,87,29,218,30,16,46,264
07/15/2023,FSD,SD,AGL,CE,Combined TRACON& Tower with Radar,42,26,39,0,107,0,3,7,0,10,42,29,46,0,117,10,0,10,127
07/16/2023,FSD,SD,AGL,CE,Combined TRACON& Tower with Radar,35,27,28,3,93,0,1,5,0,6,35,28,33,3,99,0,0,0,99
07/17/2023,FSD,SD,AGL,CE,Combined TRACON& Tower with Radar,38,43,34,0,115,0,4,34,0,38,38,47,68,0,153,56,0,56,209
07/18/2023,FSD,SD,AGL,CE,Combined TRACON& Tower with Radar,40,61,63,16,180,0,4,40,1,45,40,65,103,17,225,32,14,46,271
07/19/2023,FSD,SD,AGL,CE,Combined TRACON& Tower with Radar,48,55,50,11,164,0,3,21,1,25,48,58,71,12,189,4,6,10,199
07/20/2023,FSD,SD,AGL,CE,Combined TRACON& Tower with Radar,44,62,68,11,185,0,7,39,2,48,44,69,107,13,233,24,2,26,259
07/21/2023,FSD,SD,AGL,CE,Combined TRACON& Tower with Radar,44,52,58,12,166,0,6,48,1,55,44,58,106,13,221,46,4,50,271
07/22/2023,FSD,SD,AGL,CE,Combined TRACON& Tower with Radar,39,34,30,0,103,0,8,50,1,59,39,42,80,1,162,22,0,22,184
07/23/2023,FSD,SD,AGL,CE,Combined TRACON& Tower with Radar,34,30,41,1,106,0,1,36,2,39,34,31,77,3,145,8,0,8,153
07/24/2023,FSD,SD,AGL,CE,Combined TRACON& Tower with Radar,43,47,55,0,145,0,11,52,0,63,43,58,107,0,208,66,0,66,274
07/25/2023,FSD,SD,AGL,CE,Combined TRACON& Tower with Radar,41,58,54,11,164,0,5,63,2,70,41,63,117,13,234,36,8,44,278
07/26/2023,FSD,SD,AGL,CE,Combined TRACON& Tower with Radar,49,71,61,14,195,0,4,36,2,42,49,75,97,16,237,22,10,32,269
07/27/2023,FSD,SD,AGL,CE,Combined TRACON& Tower with Radar,43,59,80,6,188,0,1,75,1,77,43,60,155,7,265,10,20,30,295
07/28/2023,FSD,SD,AGL,CE,Combined TRACON& Tower with Radar,46,44,30,10,130,0,2,36,13,51,46,46,66,23,181,21,2,23,204
07/29/2023,FSD,SD,AGL,CE,Combined TRACON& Tower with Radar,41,29,29,2,101,0,4,24,27,55,41,33,53,29,156,6,0,6,162
07/30/2023,FSD,SD,AGL,CE,Combined TRACON& Tower with Radar,34,12,30,2,78,0,6,34,4,44,34,18,64,6,122,18,0,18,140
07/31/2023,FSD,SD,AGL,CE,Combined TRACON& Tower with Radar,43,44,39,18,144,0,8,42,3,53,43,52,81,21,197,16,0,16,213
08/01/2023,FSD,SD,AGL,CE,Combined TRACON& Tower with Radar,39,75,45,16,175,0,5,21,2,28,39,80,66,18,203,8,8,16,219
08/02/2023,FSD,SD,AGL,CE,Combined TRACON& Tower with Radar,46,63,53,21,183,0,1,21,3,25,46,64,74,24,208,32,16,48,256
08/03/2023,FSD,SD,AGL,CE,Combined TRACON& Tower with Radar,46,59,43,16,164,0,4,31,0,35,46,63,74,16,199,42,6,48,247
08/04/2023,FSD,SD,AGL,CE,Combined TRACON& Tower with Radar,45,47,48,12,152,0,2,28,0,30,45,49,76,12,182,50,0,50,232
08/05/2023,FSD,SD,AGL,CE,Combined TRACON& Tower with Radar,44,25,22,0,91,0,0,1,0,1,44,25,23,0,92,0,0,0,92
08/06/2023,FSD,SD,AGL,CE,Combined TRACON& Tower with Radar,33,30,16,0,79,0,0,2,0,2,33,30,18,0,81,0,0,0,81
08/07/2023,FSD,SD,AGL,CE,Combined TRACON& Tower with Radar,42,40,51,0,133,0,11,22,1,34,42,51,73,1,167,68,0,68,235
08/08/2023,FSD,SD,AGL,CE,Combined TRACON& Tower with Radar,39,53,60,10,162,0,7,27,0,34,39,60,87,10,196,44,10,54,250
08/09/2023,FSD,SD,AGL,CE,Combined TRACON& Tower with Radar,48,53,64,0,165,0,15,34,0,49,48,68,98,0,214,34,0,34,248
08/10/2023,FSD,SD,AGL,CE,Combined TRACON& Tower with Radar,47,50,59,6,162,0,9,28,0,37,47,59,87,6,199,6,4,10,209
08/11/2023,FSD,SD,AGL,CE,Combined TRACON& Tower with Radar,45,47,53,12,157,0,6,35,5,46,45,53,88,17,203,60,18,78,281
08/12/2023,FSD,SD,AGL,CE,Combined TRACON& Tower with Radar,42,37,30,11,120,0,6,37,2,45,42,43,67,13,165,46,0,46,211
08/13/2023,FSD,SD,AGL,CE,Combined TRACON& Tower with Radar,36,13,38,0,87,0,0,5,0,5,36,13,43,0,92,10,0,10,102
08/14/2023,FSD,SD,AGL,CE,Combined TRACON& Tower with Radar,43,48,66,0,157,0,0,16,0,16,43,48,82,0,173,4,0,4,177
08/15/2023,FSD,SD,AGL,CE,Combined TRACON& Tower with Radar,40,67,74,1,182,0,5,63,2,70,40,72,137,3,252,44,0,44,296
08/16/2023,FSD,SD,AGL,CE,Combined TRACON& Tower with Radar,45,50,58,1,154,0,9,20,3,32,45,59,78,4,186,0,0,0,186
08/17/2023,FSD,SD,AGL,CE,Combined TRACON& Tower with Radar,44,77,52,2,175,0,5,36,0,41,44,82,88,2,216,30,0,30,246
08/18/2023,FSD,SD,AGL,CE,Combined TRACON& Tower with Radar,43,62,53,0,158,0,4,31,0,35,43,66,84,0,193,14,0,14,207
08/19/2023,FSD,SD,AGL,CE,Combined TRACON& Tower with Radar,36,35,47,0,118,0,4,25,0,29,36,39,72,0,147,2,0,2,149
08/20/2023,FSD,SD,AGL,CE,Combined TRACON& Tower with Radar,32,27,38,0,97,0,4,29,0,33,32,31,67,0,130,10,0,10,140
08/21/2023,FSD,SD,AGL,CE,Combined TRACON& Tower with Radar,44,53,65,1,163,0,4,23,0,27,44,57,88,1,190,26,0,26,216
08/22/2023,FSD,SD,AGL,CE,Combined TRACON& Tower with Radar,44,63,52,3,162,0,6,18,1,25,44,69,70,4,187,44,0,44,231
08/23/2023,FSD,SD,AGL,CE,Combined TRACON& Tower with Radar,51,64,44,0,159,0,5,20,1,26,51,69,64,1,185,22,0,22,207
08/24/2023,FSD,SD,AGL,CE,Combined TRACON& Tower with Radar,46,73,51,12,182,0,2,29,3,34,46,75,80,15,216,24,2,26,242
08/25/2023,FSD,SD,AGL,CE,Combined TRACON& Tower with Radar,48,64,54,15,181,0,4,24,6,34,48,68,78,21,215,26,12,38,253
08/26/2023,FSD,SD,AGL,CE,Combined TRACON& Tower with Radar,37,31,34,3,105,0,1,28,2,31,37,32,62,5,136,10,0,10,146
08/27/2023,FSD,SD,AGL,CE,Combined TRACON& Tower with Radar,32,25,28,0,85,0,2,27,0,29,32,27,55,0,114,24,0,24,138
08/28/2023,FSD,SD,AGL,CE,Combined TRACON& Tower with Radar,38,39,70,1,148,0,4,37,0,41,38,43,107,1,189,34,0,34,223
08/29/2023,FSD,SD,AGL,CE,Combined TRACON& Tower with Radar,38,49,79,14,180,0,7,33,2,42,38,56,112,16,222,18,18,36,258
08/30/2023,FSD,SD,AGL,CE,Combined TRACON& Tower with Radar,47,55,74,22,198,0,5,46,0,51,47,60,120,22,249,6,30,36,285
08/31/2023,FSD,SD,AGL,CE,Combined TRACON& Tower with Radar,41,60,51,7,159,0,6,22,2,30,41,66,73,9,189,4,8,12,201
01/01/2020,FSD,SD,AGL,CE,Combined TRACON& Tower with Radar,24,29,12,0,65,0,2,7,0,9,24,31,19,0,74,2,0,2,76
01/02/2020,FSD,SD,AGL,CE,Combined TRACON& Tower with Radar,42,73,41,15,171,0,1,10,0,11,42,74,51,15,182,0,0,0,182
01/03/2020,FSD,SD,AGL,CE,Combined TRACON& Tower with Radar,46,77,31,5,159,0,1,2,0,3,46,78,33,5,162,0,0,0,162
01/04/2020,FSD,SD,AGL,CE,Combined TRACON& Tower with Radar,33,36,20,0,89,0,10,44,2,56,33,46,64,2,145,14,0,14,159
01/05/2020,FSD,SD,AGL,CE,Combined TRACON& Tower with Radar,35,33,20,0,88,0,3,6,1,10,35,36,26,1,98,0,0,0,98
01/06/2020,FSD,SD,AGL,CE,Combined TRACON& Tower with Radar,36,61,49,0,146,0,5,17,0,22,36,66,66,0,168,0,0,0,168
01/07/2020,FSD,SD,AGL,CE,Combined TRACON& Tower with Radar,31,74,42,10,157,0,8,11,0,19,31,82,53,10,176,8,0,8,184
01/08/2020,FSD,SD,AGL,CE,Combined TRACON& Tower with Radar,28,68,49,9,154,0,3,16,0,19,28,71,65,9,173,0,2,2,175
01/09/2020,FSD,SD,AGL,CE,Combined TRACON& Tower with Radar,42,78,47,17,184,0,10,10,0,20,42,88,57,17,204,0,0,0,204
01/10/2020,FSD,SD,AGL,CE,Combined TRACON& Tower with Radar,37,76,46,4,163,0,0,5,0,5,37,76,51,4,168,14,0,14,182
01/11/2020,FSD,SD,AGL,CE,Combined TRACON& Tower with Radar,25,32,16,16,89,0,3,8,3,14,25,35,24,19,103,2,14,16,119
01/12/2020,FSD,SD,AGL,CE,Combined TRACON& Tower with Radar,32,33,23,12,100,0,0,5,0,5,32,33,28,12,105,8,6,14,119
01/13/2020,FSD,SD,AGL,CE,Combined TRACON& Tower with Radar,32,52,33,0,117,0,0,0,0,0,32,52,33,0,117,0,0,0,117
01/14/2020,FSD,SD,AGL,CE,Combined TRACON& Tower with Radar,31,80,57,8,176,0,5,20,0,25,31,85,77,8,201,28,0,28,229
01/15/2020,FSD,SD,AGL,CE,Combined TRACON& Tower with Radar,28,69,40,3,140,0,0,1,0,1,28,69,41,3,141,0,0,0,141
01/16/2020,FSD,SD,AGL,CE,Combined TRACON& Tower with Radar,39,69,60,11,179,0,2,19,0,21,39,71,79,11,200,14,0,14,214
01/17/2020,FSD,SD,AGL,CE,Combined TRACON& Tower with Radar,19,17,3,0,39,0,0,0,0,0,19,17,3,0,39,0,0,0,39
01/18/2020,FSD,SD,AGL,CE,Combined TRACON& Tower with Radar,3,7,0,0,10,0,0,0,0,0,3,7,0,0,10,0,0,0,10
01/19/2020,FSD,SD,AGL,CE,Combined TRACON& Tower with Radar,32,34,22,0,88,0,10,11,1,22,32,44,33,1,110,12,0,12,122
01/20/2020,FSD,SD,AGL,CE,Combined TRACON& Tower with Radar,32,54,32,0,118,0,7,22,1,30,32,61,54,1,148,2,0,2,150
01/21/2020,FSD,SD,AGL,CE,Combined TRACON& Tower with Radar,35,70,50,0,155,0,1,13,0,14,35,71,63,0,169,0,0,0,169
01/22/2020,FSD,SD,AGL,CE,Combined TRACON& Tower with Radar,27,71,27,16,141,0,0,0,0,0,27,71,27,16,141,0,0,0,141
01/23/2020,FSD,SD,AGL,CE,Combined TRACON& Tower with Radar,39,91,41,0,171,0,0,0,0,0,39,91,41,0,171,0,0,0,171
01/24/2020,FSD,SD,AGL,CE,Combined TRACON& Tower with Radar,38,69,33,9,149,0,0,1,0,1,38,69,34,9,150,0,0,0,150
01/25/2020,FSD,SD,AGL,CE,Combined TRACON& Tower with Radar,28,51,19,1,99,0,0,9,0,9,28,51,28,1,108,40,0,40,148
01/26/2020,FSD,SD,AGL,CE,Combined TRACON& Tower with Radar,33,40,21,0,94,0,0,16,0,16,33,40,37,0,110,0,0,0,110
01/27/2020,FSD,SD,AGL,CE,Combined TRACON& Tower with Radar,31,75,41,0,147,0,0,0,0,0,31,75,41,0,147,0,0,0,147
01/28/2020,FSD,SD,AGL,CE,Combined TRACON& Tower with Radar,29,80,30,7,146,0,0,0,0,0,29,80,30,7,146,0,0,0,146
01/29/2020,FSD,SD,AGL,CE,Combined TRACON& Tower with Radar,32,67,32,25,156,0,0,2,0,2,32,67,34,25,158,6,4,10,168
01/30/2020,FSD,SD,AGL,CE,Combined TRACON& Tower with Radar,41,64,24,0,129,0,0,0,0,0,41,64,24,0,129,0,0,0,129
01/31/2020,FSD,SD,AGL,CE,Combined TRACON& Tower with Radar,39,66,26,0,131,0,0,0,0,0,39,66,26,0,131,0,0,0,131
02/01/2020,FSD,SD,AGL,CE,Combined TRACON& Tower with Radar,28,31,21,12,92,0,3,40,0,43,28,34,61,12,135,24,14,38,173
02/02/2020,FSD,SD,AGL,CE,Combined TRACON& Tower with Radar,32,34,14,5,85,0,1,30,0,31,32,35,44,5,116,38,4,42,158
02/03/2020,FSD,SD,AGL,CE,Combined TRACON& Tower with Radar,32,56,53,2,143,0,2,17,0,19,32,58,70,2,162,12,0,12,174
02/04/2020,FSD,SD,AGL,CE,Combined TRACON& Tower with Radar,34,62,63,12,171,0,5,38,0,43,34,67,101,12,214,28,0,28,242
02/05/2020,FSD,SD,AGL,CE,Combined TRACON& Tower with Radar,31,69,38,12,150,0,0,24,0,24,31,69,62,12,174,58,6,64,238
02/06/2020,FSD,SD,AGL,CE,Combined TRACON& Tower with Radar,34,66,36,7,143,0,0,18,0,18,34,66,54,7,161,28,0,28,189
02/07/2020,FSD,SD,AGL,CE,Combined TRACON& Tower with Radar,40,72,43,8,163,0,1,1,0,2,40,73,44,8,165,2,0,2,167
02/08/2020,FSD,SD,AGL,CE,Combined TRACON& Tower with Radar,26,33,15,0,74,0,0,19,0,19,26,33,34,0,93,8,0,8,101
02/09/2020,FSD,SD,AGL,CE,Combined TRACON& Tower with Radar,33,34,10,0,77,0,1,10,5,16,33,35,20,5,93,4,0,4,97
02/10/2020,FSD,SD,AGL,CE,Combined TRACON& Tower with Radar,33,58,53,0,144,0,2,22,0,24,33,60,75,0,168,14,0,14,182
02/11/2020,FSD,SD,AGL,CE,Combined TRACON& Tower with Radar,33,69,61,6,169,0,4,45,0,49,33,73,106,6,218,12,0,12,230
02/12/2020,FSD,SD,AGL,CE,Combined TRACON& Tower with Radar,37,68,44,7,156,0,2,3,0,5,37,70,47,7,161,2,0,2,163
02/13/2020,FSD,SD,AGL,CE,Combined TRACON& Tower with Radar,39,55,46,9,149,0,5,12,5,22,39,60,58,14,171,8,2,10,181
02/14/2020,FSD,SD,AGL,CE,Combined TRACON& Tower with Radar,38,72,28,4,142,0,1,6,0,7,38,73,34,4,149,0,2,2,151
02/15/2020,FSD,SD,AGL,CE,Combined TRACON& Tower with Radar,32,42,39,2,115,0,8,31,0,39,32,50,70,2,154,14,0,14,168
02/16/2020,FSD,SD,AGL,CE,Combined TRACON& Tower with Radar,37,48,30,0,115,0,0,0,0,0,37,48,30,0,115,0,0,0,115
02/17/2020,FSD,SD,AGL,CE,Combined TRACON& Tower with Radar,37,52,30,0,119,0,0,5,0,5,37,52,35,0,124,0,0,0,124
02/18/2020,FSD,SD,AGL,CE,Combined TRACON& Tower with Radar,35,76,64,0,175,0,0,24,0,24,35,76,88,0,199,6,0,6,205
02/19/2020,FSD,SD,AGL,CE,Combined TRACON& Tower with Radar,37,79,71,6,193,0,4,32,0,36,37,83,103,6,229,30,6,36,265
02/20/2020,FSD,SD,AGL,CE,Combined TRACON& Tower with Radar,44,76,46,15,181,0,5,43,0,48,44,81,89,15,229,42,6,48,277
02/21/2020,FSD,SD,AGL,CE,Combined TRACON& Tower with Radar,38,73,44,11,166,0,8,37,1,46,38,81,81,12,212,64,14,78,290
02/22/2020,FSD,SD,AGL,CE,Combined TRACON& Tower with Radar,36,41,23,2,102,0,2,36,0,38,36,43,59,2,140,30,0,30,170
02/23/2020,FSD,SD,AGL,CE,Combined TRACON& Tower with Radar,35,35,27,1,98,0,6,19,2,27,35,41,46,3,125,26,0,26,151
02/24/2020,FSD,SD,AGL,CE,Combined TRACON& Tower with Radar,33,72,53,13,171,0,2,28,0,30,33,74,81,13,201,14,0,14,215
02/25/2020,FSD,SD,AGL,CE,Combined TRACON& Tower with Radar,35,83,32,16,166,0,1,4,0,5,35,84,36,16,171,0,0,0,171
02/26/2020,FSD,SD,AGL,CE,Combined TRACON& Tower with Radar,37,74,43,19,173,0,0,9,0,9,37,74,52,19,182,24,4,28,210
02/27/2020,FSD,SD,AGL,CE,Combined TRACON& Tower with Radar,43,69,59,14,185,0,2,17,2,21,43,71,76,16,206,4,0,4,210
02/28/2020,FSD,SD,AGL,CE,Combined TRACON& Tower with Radar,38,65,33,1,137,0,0,3,0,3,38,65,36,1,140,0,0,0,140
02/29/2020,FSD,SD,AGL,CE,Combined TRACON& Tower with Radar,34,43,25,0,102,0,2,27,0,29,34,45,52,0,131,26,0,26,157
03/01/2020,FSD,SD,AGL,CE,Combined TRACON& Tower with Radar,36,31,28,0,95,0,0,27,2,29,36,31,55,2,124,4,0,4,128
03/02/2020,FSD,SD,AGL,CE,Combined TRACON& Tower with Radar,35,67,54,0,156,0,5,29,0,34,35,72,83,0,190,44,0,44,234
03/03/2020,FSD,SD,AGL,CE,Combined TRACON& Tower with Radar,38,70,48,12,168,0,0,31,0,31,38,70,79,12,199,12,0,12,211
03/04/2020,FSD,SD,AGL,CE,Combined TRACON& Tower with Radar,42,78,49,20,189,0,4,26,4,34,42,82,75,24,223,40,14,54,277
03/05/2020,FSD,SD,AGL,CE,Combined TRACON& Tower with Radar,46,61,43,25,175,0,1,10,0,11,46,62,53,25,186,14,0,14,200
03/06/2020,FSD,SD,AGL,CE,Combined TRACON& Tower with Radar,40,63,44,8,155,0,4,32,2,38,40,67,76,10,193,90,2,92,285
03/07/2020,FSD,SD,AGL,CE,Combined TRACON& Tower with Radar,34,39,22,12,107,0,2,16,0,18,34,41,38,12,125,22,12,34,159
03/08/2020,FSD,SD,AGL,CE,Combined TRACON& Tower with Radar,36,38,16,11,101,0,1,26,0,27,36,39,42,11,128,36,4,40,168
03/09/2020,FSD,SD,AGL,CE,Combined TRACON& Tower with Radar,36,96,54,7,193,0,3,11,0,14,36,99,65,7,207,24,0,24,231
03/10/2020,FSD,SD,AGL,CE,Combined TRACON& Tower with Radar,36,78,43,12,169,0,2,11,0,13,36,80,54,12,182,4,0,4,186
03/11/2020,FSD,SD,AGL,CE,Combined TRACON& Tower with Radar,40,77,49,6,172,0,5,30,1,36,40,82,79,7,208,14,4,18,226
03/12/2020,FSD,SD,AGL,CE,Combined TRACON& Tower with Radar,46,67,47,12,172,0,0,7,0,7,46,67,54,12,179,0,0,0,179
03/13/2020,FSD,SD,AGL,CE,Combined TRACON& Tower with Radar,41,61,49,9,160,0,3,51,0,54,41,64,100,9,214,60,10,70,284
03/14/2020,FSD,SD,AGL,CE,Combined TRACON& Tower with Radar,39,48,27,0,114,0,1,3,0,4,39,49,30,0,118,2,0,2,120
03/15/2020,FSD,SD,AGL,CE,Combined TRACON& Tower with Radar,37,39,20,0,96,0,0,1,0,1,37,39,21,0,97,4,0,4,101
03/16/2020,FSD,SD,AGL,CE,Combined TRACON& Tower with Radar,37,52,14,13,116,0,1,2,0,3,37,53,16,13,119,0,0,0,119
03/17/2020,FSD,SD,AGL,CE,Combined TRACON& Tower with Radar,40,71,42,14,167,0,9,6,0,15,40,80,48,14,182,20,0,20,202
03/18/2020,FSD,SD,AGL,CE,Combined TRACON& Tower with Radar,42,84,25,23,174,0,0,3,0,3,42,84,28,23,177,12,0,12,189
03/19/2020,FSD,SD,AGL,CE,Combined TRACON& Tower with Radar,35,57,14,0,106,0,0,0,0,0,35,57,14,0,106,0,0,0,106
03/20/2020,FSD,SD,AGL,CE,Combined TRACON& Tower with Radar,35,72,33,0,140,0,4,19,0,23,35,76,52,0,163,2,0,2,165
03/21/2020,FSD,SD,AGL,CE,Combined TRACON& Tower with Radar,29,28,23,0,80,0,0,17,1,18,29,28,40,1,98,24,0,24,122
03/22/2020,FSD,SD,AGL,CE,Combined TRACON& Tower with Radar,21,31,15,0,67,0,2,15,0,17,21,33,30,0,84,16,0,16,100
03/23/2020,FSD,SD,AGL,CE,Combined TRACON& Tower with Radar,18,57,21,0,96,0,0,2,0,2,18,57,23,0,98,0,0,0,98
03/24/2020,FSD,SD,AGL,CE,Combined TRACON& Tower with Radar,30,73,16,11,130,0,0,4,0,4,30,73,20,11,134,0,0,0,134
03/25/2020,FSD,SD,AGL,CE,Combined TRACON& Tower with Radar,19,44,33,12,108,0,0,2,0,2,19,44,35,12,110,2,0,2,112
03/26/2020,FSD,SD,AGL,CE,Combined TRACON& Tower with Radar,26,56,19,6,107,0,0,7,0,7,26,56,26,6,114,44,0,44,158
03/27/2020,FSD,SD,AGL,CE,Combined TRACON& Tower with Radar,17,37,39,10,103,0,0,11,0,11,17,37,50,10,114,20,8,28,142
03/28/2020,FSD,SD,AGL,CE,Combined TRACON& Tower with Radar,17,28,6,0,51,0,0,0,0,0,17,28,6,0,51,0,0,0,51
03/29/2020,FSD,SD,AGL,CE,Combined TRACON& Tower with Radar,13,20,17,0,50,0,7,26,0,33,13,27,43,0,83,18,0,18,101
03/30/2020,FSD,SD,AGL,CE,Combined TRACON& Tower with Radar,14,40,24,8,86,0,6,30,0,36,14,46,54,8,122,20,4,24,146
03/31/2020,FSD,SD,AGL,CE,Combined TRACON& Tower with Radar,23,47,18,10,98,0,0,24,0,24,23,47,42,10,122,22,0,22,144
04/01/2020,FSD,SD,AGL,CE,Combined TRACON& Tower with Radar,19,50,14,3,86,0,0,8,2,10,19,50,22,5,96,10,2,12,108
04/02/2020,FSD,SD,AGL,CE,Combined TRACON& Tower with Radar,15,29,7,0,51,0,0,0,0,0,15,29,7,0,51,0,0,0,51
04/03/2020,FSD,SD,AGL,CE,Combined TRACON& Tower with Radar,19,46,18,8,91,0,0,4,0,4,19,46,22,8,95,6,0,6,101
04/04/2020,FSD,SD,AGL,CE,Combined TRACON& Tower with Radar,13,20,9,9,51,0,3,33,1,37,13,23,42,10,88,0,0,0,88
04/05/2020,FSD,SD,AGL,CE,Combined TRACON& Tower with Radar,15,15,8,2,40,0,1,11,0,12,15,16,19,2,52,30,0,30,82
04/06/2020,FSD,SD,AGL,CE,Combined TRACON& Tower with Radar,11,29,45,12,97,0,1,22,1,24,11,30,67,13,121,24,0,24,145
04/07/2020,FSD,SD,AGL,CE,Combined TRACON& Tower with Radar,15,51,28,14,108,0,0,39,0,39,15,51,67,14,147,14,14,28,175
04/08/2020,FSD,SD,AGL,CE,Combined TRACON& Tower with Radar,19,41,25,4,89,0,0,18,0,18,19,41,43,4,107,4,0,4,111
04/09/2020,FSD,SD,AGL,CE,Combined TRACON& Tower with Radar,20,40,17,9,86,0,1,8,0,9,20,41,25,9,95,4,0,4,99
04/10/2020,FSD,SD,AGL,CE,Combined TRACON& Tower with Radar,17,41,13,8,79,0,2,43,0,45,17,43,56,8,124,18,8,26,150
04/11/2020,FSD,SD,AGL,CE,Combined TRACON& Tower with Radar,14,25,10,0,49,0,2,39,0,41,14,27,49,0,90,20,0,20,110
04/12/2020,FSD,SD,AGL,CE,Combined TRACON& Tower with Radar,9,9,1,0,19,0,1,0,0,1,9,10,1,0,20,0,0,0,20
04/13/2020,FSD,SD,AGL,CE,Combined TRACON& Tower with Radar,14,25,17,4,60,0,0,10,0,10,14,25,27,4,70,0,0,0,70
04/14/2020,FSD,SD,AGL,CE,Combined TRACON& Tower with Radar,16,48,30,13,107,0,0,21,0,21,16,48,51,13,128,6,0,6,134
04/15/2020,FSD,SD,AGL,CE,Combined TRACON& Tower with Radar,13,52,26,2,93,0,0,20,0,20,13,52,46,2,113,34,0,34,147
04/16/2020,FSD,SD,AGL,CE,Combined TRACON& Tower with Radar,18,44,15,12,89,0,0,29,0,29,18,44,44,12,118,50,8,58,176
04/17/2020,FSD,SD,AGL,CE,Combined TRACON& Tower with Radar,13,37,13,16,79,0,3,30,1,34,13,40,43,17,113,76,18,94,207
04/18/2020,FSD,SD,AGL,CE,Combined TRACON& Tower with Radar,9,18,11,0,38,0,2,44,0,46,9,20,55,0,84,14,0,14,98
04/19/2020,FSD,SD,AGL,CE,Combined TRACON& Tower with Radar,9,10,13,0,32,0,1,42,0,43,9,11,55,0,75,22,0,22,97
04/20/2020,FSD,SD,AGL,CE,Combined TRACON& Tower with Radar,10,29,12,12,63,0,0,14,0,14,10,29,26,12,77,2,4,6,83
04/21/2020,FSD,SD,AGL,CE,Combined TRACON& Tower with Radar,17,51,19,8,95,0,1,45,0,46,17,52,64,8,141,56,2,58,199
04/22/2020,FSD,SD,AGL,CE,Combined TRACON& Tower with Radar,15,40,25,2,82,0,0,44,0,44,15,40,69,2,126,8,0,8,134
04/23/2020,FSD,SD,AGL,CE,Combined TRACON& Tower with Radar,19,33,11,6,69,0,0,30,0,30,19,33,41,6,99,36,0,36,135
04/24/2020,FSD,SD,AGL,CE,Combined TRACON& Tower with Radar,16,39,7,8,70,0,1,17,0,18,16,40,24,8,88,28,0,28,116
04/25/2020,FSD,SD,AGL,CE,Combined TRACON& Tower with Radar,11,20,2,0,33,0,0,10,0,10,11,20,12,0,43,34,0,34,77
04/26/2020,FSD,SD,AGL,CE,Combined TRACON& Tower with Radar,10,11,7,2,30,0,1,41,0,42,10,12,48,2,72,0,0,0,72
04/27/2020,FSD,SD,AGL,CE,Combined TRACON& Tower with Radar,12,37,20,9,78,0,3,62,0,65,12,40,82,9,143,18,0,18,161
04/28/2020,FSD,SD,AGL,CE,Combined TRACON& Tower with Radar,15,40,15,10,80,0,1,11,0,12,15,41,26,10,92,0,0,0,92
04/29/2020,FSD,SD,AGL,CE,Combined TRACON& Tower with Radar,14,48,26,7,95,0,2,20,1,23,14,50,46,8,118,16,8,24,142
04/30/2020,FSD,SD,AGL,CE,Combined TRACON& Tower with Radar,18,40,25,8,91,0,2,50,1,53,18,42,75,9,144,44,18,62,206
05/01/2020,FSD,SD,AGL,CE,Combined TRACON& Tower with Radar,19,40,25,8,92,0,2,15,0,17,19,42,40,8,109,6,4,10,119
05/02/2020,FSD,SD,AGL,CE,Combined TRACON& Tower with Radar,17,19,18,0,54,0,0,35,0,35,17,19,53,0,89,20,0,20,109
05/03/2020,FSD,SD,AGL,CE,Combined TRACON& Tower with Radar,16,12,10,0,38,0,0,47,0,47,16,12,57,0,85,28,0,28,113
05/04/2020,FSD,SD,AGL,CE,Combined TRACON& Tower with Radar,18,29,15,16,78,0,3,4,5,12,18,32,19,21,90,10,0,10,100
05/05/2020,FSD,SD,AGL,CE,Combined TRACON& Tower with Radar,21,42,24,12,99,0,1,2,0,3,21,43,26,12,102,2,0,2,104
05/06/2020,FSD,SD,AGL,CE,Combined TRACON& Tower with Radar,22,38,21,2,83,0,5,16,0,21,22,43,37,2,104,2,0,2,106
05/07/2020,FSD,SD,AGL,CE,Combined TRACON& Tower with Radar,27,52,41,0,120,0,7,7,1,15,27,59,48,1,135,0,0,0,135
05/08/2020,FSD,SD,AGL,CE,Combined TRACON& Tower with Radar,19,29,26,17,91,0,1,31,0,32,19,30,57,17,123,20,2,22,145
05/09/2020,FSD,SD,AGL,CE,Combined TRACON& Tower with Radar,22,24,18,6,70,0,1,12,0,13,22,25,30,6,83,16,2,18,101
05/10/2020,FSD,SD,AGL,CE,Combined TRACON& Tower with Radar,19,12,11,2,44,0,0,13,0,13,19,12,24,2,57,0,0,0,57
05/11/2020,FSD,SD,AGL,CE,Combined TRACON& Tower with Radar,21,35,24,17,97,0,8,26,0,34,21,43,50,17,131,10,8,18,149
05/12/2020,FSD,SD,AGL,CE,Combined TRACON& Tower with Radar,20,47,24,12,103,0,9,26,0,35,20,56,50,12,138,40,8,48,186
05/13/2020,FSD,SD,AGL,CE,Combined TRACON& Tower with Radar,22,46,34,11,113,0,1,6,0,7,22,47,40,11,120,4,0,4,124
05/14/2020,FSD,SD,AGL,CE,Combined TRACON& Tower with Radar,24,47,29,10,110,0,3,25,0,28,24,50,54,10,138,32,0,32,170
05/15/2020,FSD,SD,AGL,CE,Combined TRACON& Tower with Radar,22,34,24,18,98,0,4,37,1,42,22,38,61,19,140,38,14,52,192
05/16/2020,FSD,SD,AGL,CE,Combined TRACON& Tower with Radar,25,13,13,2,53,0,1,6,1,8,25,14,19,3,61,8,0,8,69
05/17/2020,FSD,SD,AGL,CE,Combined TRACON& Tower with Radar,20,19,14,2,55,0,0,9,0,9,20,19,23,2,64,4,0,4,68
05/18/2020,FSD,SD,AGL,CE,Combined TRACON& Tower with Radar,19,27,27,8,81,0,4,12,0,16,19,31,39,8,97,28,6,34,131
05/19/2020,FSD,SD,AGL,CE,Combined TRACON& Tower with Radar,22,44,38,14,118,0,3,14,0,17,22,47,52,14,135,0,6,6,141
05/20/2020,FSD,SD,AGL,CE,Combined TRACON& Tower with Radar,22,42,30,9,103,0,3,6,0,9,22,45,36,9,112,20,0,20,132
05/21/2020,FSD,SD,AGL,CE,Combined TRACON& Tower with Radar,32,37,42,15,126,0,0,5,1,6,32,37,47,16,132,0,0,0,132
05/22/2020,FSD,SD,AGL,CE,Combined TRACON& Tower with Radar,21,41,19,10,91,0,0,4,0,4,21,41,23,10,95,0,0,0,95
05/23/2020,FSD,SD,AGL,CE,Combined TRACON& Tower with Radar,20,20,23,0,63,0,0,17,1,18,20,20,40,1,81,6,0,6,87
05/24/2020,FSD,SD,AGL,CE,Combined TRACON& Tower with Radar,25,10,27,3,65,0,0,9,0,9,25,10,36,3,74,18,0,18,92
05/25/2020,FSD,SD,AGL,CE,Combined TRACON& Tower with Radar,16,18,25,0,59,0,0,2,0,2,16,18,27,0,61,0,0,0,61
05/26/2020,FSD,SD,AGL,CE,Combined TRACON& Tower with Radar,19,33,23,13,88,0,2,31,0,33,19,35,54,13,121,6,0,6,127
05/27/2020,FSD,SD,AGL,CE,Combined TRACON& Tower with Radar,24,38,23,12,97,0,3,29,0,32,24,41,52,12,129,22,4,26,155
05/28/2020,FSD,SD,AGL,CE,Combined TRACON& Tower with Radar,32,47,39,5,123,0,3,22,0,25,32,50,61,5,148,2,0,2,150
05/29/2020,FSD,SD,AGL,CE,Combined TRACON& Tower with Radar,23,46,35,6,110,0,3,30,0,33,23,49,65,6,143,20,2,22,165
05/30/2020,FSD,SD,AGL,CE,Combined TRACON& Tower with Radar,24,18,14,9,65,0,5,23,0,28,24,23,37,9,93,0,0,0,93
05/31/2020,FSD,SD,AGL,CE,Combined TRACON& Tower with Radar,29,16,21,7,73,0,0,30,0,30,29,16,51,7,103,16,0,16,119
06/01/2020,FSD,SD,AGL,CE,Combined TRACON& Tower with Radar,19,33,32,16,100,0,1,24,0,25,19,34,56,16,125,0,16,16,141
06/02/2020,FSD,SD,AGL,CE,Combined TRACON& Tower with Radar,22,33,28,8,91,0,2,31,0,33,22,35,59,8,124,12,4,16,140
06/03/2020,FSD,SD,AGL,CE,Combined TRACON& Tower with Radar,27,44,26,8,105,0,3,30,0,33,27,47,56,8,138,24,0,24,162
06/04/2020,FSD,SD,AGL,CE,Combined TRACON& Tower with Radar,28,46,46,9,129,0,2,40,0,42,28,48,86,9,171,6,4,10,181
06/05/2020,FSD,SD,AGL,CE,Combined TRACON& Tower with Radar,24,39,36,12,111,0,7,64,0,71,24,46,100,12,182,0,12,12,194
06/06/2020,FSD,SD,AGL,CE,Combined TRACON& Tower with Radar,23,23,25,1,72,0,4,11,1,16,23,27,36,2,88,0,0,0,88
06/07/2020,FSD,SD,AGL,CE,Combined TRACON& Tower with Radar,25,15,27,0,67,0,0,8,0,8,25,15,35,0,75,0,0,0,75
06/08/2020,FSD,SD,AGL,CE,Combined TRACON& Tower with Radar,20,39,42,4,105,0,2,16,0,18,20,41,58,4,123,4,0,4,127
06/09/2020,FSD,SD,AGL,CE,Combined TRACON& Tower with Radar,22,45,44,13,124,0,2,11,1,14,22,47,55,14,138,6,0,6,144
06/10/2020,FSD,SD,AGL,CE,Combined TRACON& Tower with Radar,24,46,50,12,132,0,7,34,0,41,24,53,84,12,173,4,0,4,177
06/11/2020,FSD,SD,AGL,CE,Combined TRACON& Tower with Radar,31,56,69,15,171,0,2,57,0,59,31,58,126,15,230,24,12,36,266
06/12/2020,FSD,SD,AGL,CE,Combined TRACON& Tower with Radar,27,31,38,4,100,0,6,32,1,39,27,37,70,5,139,32,0,32,171
06/13/2020,FSD,SD,AGL,CE,Combined TRACON& Tower with Radar,24,22,28,0,74,0,1,34,1,36,24,23,62,1,110,12,0,12,122
06/14/2020,FSD,SD,AGL,CE,Combined TRACON& Tower with Radar,27,18,22,0,67,0,0,3,0,3,27,18,25,0,70,4,0,4,74
06/15/2020,FSD,SD,AGL,CE,Combined TRACON& Tower with Radar,21,37,33,10,101,0,7,6,0,13,21,44,39,10,114,2,14,16,130
06/16/2020,FSD,SD,AGL,CE,Combined TRACON& Tower with Radar,22,48,36,15,121,0,1,15,3,19,22,49,51,18,140,0,8,8,148
06/17/2020,FSD,SD,AGL,CE,Combined TRACON& Tower with Radar,24,48,26,12,110,0,8,9,1,18,24,56,35,13,128,4,0,4,132
06/18/2020,FSD,SD,AGL,CE,Combined TRACON& Tower with Radar,29,49,32,0,110,0,0,10,0,10,29,49,42,0,120,6,0,6,126
06/19/2020,FSD,SD,AGL,CE,Combined TRACON& Tower with Radar,28,41,43,9,121,0,11,32,2,45,28,52,75,11,166,52,4,56,222
06/20/2020,FSD,SD,AGL,CE,Combined TRACON& Tower with Radar,24,15,25,0,64,0,1,8,0,9,24,16,33,0,73,0,0,0,73
06/21/2020,FSD,SD,AGL,CE,Combined TRACON& Tower with Radar,26,18,22,0,66,0,1,18,0,19,26,19,40,0,85,0,0,0,85
06/22/2020,FSD,SD,AGL,CE,Combined TRACON& Tower with Radar,23,43,37,0,103,0,1,18,0,19,23,44,55,0,122,30,0,30,152
06/23/2020,FSD,SD,AGL,CE,Combined TRACON& Tower with Radar,24,52,40,13,129,0,3,27,1,31,24,55,67,14,160,10,2,12,172
06/24/2020,FSD,SD,AGL,CE,Combined TRACON& Tower with Radar,23,49,40,8,120,0,4,36,0,40,23,53,76,8,160,36,8,44,204
06/25/2020,FSD,SD,AGL,CE,Combined TRACON& Tower with Radar,28,51,40,22,141,0,1,33,2,36,28,52,73,24,177,16,8,24,201
06/26/2020,FSD,SD,AGL,CE,Combined TRACON& Tower with Radar,26,44,31,11,112,0,2,19,2,23,26,46,50,13,135,6,30,36,171
06/27/2020,FSD,SD,AGL,CE,Combined TRACON& Tower with Radar,27,31,33,0,91,0,4,30,0,34,27,35,63,0,125,14,0,14,139
06/28/2020,FSD,SD,AGL,CE,Combined TRACON& Tower with Radar,25,16,29,0,70,0,6,22,0,28,25,22,51,0,98,14,0,14,112
06/29/2020,FSD,SD,AGL,CE,Combined TRACON& Tower with Radar,23,50,53,5,131,0,4,12,0,16,23,54,65,5,147,6,0,6,153
06/30/2020,FSD,SD,AGL,CE,Combined TRACON& Tower with Radar,22,46,49,15,132,0,2,14,1,17,22,48,63,16,149,6,0,6,155
07/01/2020,FSD,SD,AGL,CE,Combined TRACON& Tower with Radar,26,53,40,8,127,0,5,25,0,30,26,58,65,8,157,12,0,12,169
07/02/2020,FSD,SD,AGL,CE,Combined TRACON& Tower with Radar,33,36,38,2,109,0,4,40,0,44,33,40,78,2,153,34,0,34,187
07/03/2020,FSD,SD,AGL,CE,Combined TRACON& Tower with Radar,26,50,31,6,113,0,2,14,0,16,26,52,45,6,129,0,0,0,129
07/04/2020,FSD,SD,AGL,CE,Combined TRACON& Tower with Radar,23,9,5,0,37,0,2,19,0,21,23,11,24,0,58,0,0,0,58
07/05/2020,FSD,SD,AGL,CE,Combined TRACON& Tower with Radar,30,12,26,0,68,0,1,12,0,13,30,13,38,0,81,0,0,0,81
07/06/2020,FSD,SD,AGL,CE,Combined TRACON& Tower with Radar,27,41,19,0,87,0,1,10,0,11,27,42,29,0,98,8,0,8,106
07/07/2020,FSD,SD,AGL,CE,Combined TRACON& Tower with Radar,27,45,50,6,128,0,4,21,0,25,27,49,71,6,153,18,6,24,177
07/08/2020,FSD,SD,AGL,CE,Combined TRACON& Tower with Radar,32,48,28,7,115,0,7,13,3,23,32,55,41,10,138,2,2,4,142
07/09/2020,FSD,SD,AGL,CE,Combined TRACON& Tower with Radar,36,39,40,11,126,0,6,27,0,33,36,45,67,11,159,12,0,12,171
07/10/2020,FSD,SD,AGL,CE,Combined TRACON& Tower with Radar,32,37,40,4,113,0,5,39,0,44,32,42,79,4,157,30,0,30,187
07/11/2020,FSD,SD,AGL,CE,Combined TRACON& Tower with Radar,32,19,26,8,85,0,5,16,0,21,32,24,42,8,106,8,4,12,118
07/12/2020,FSD,SD,AGL,CE,Combined TRACON& Tower with Radar,26,16,31,4,77,0,1,42,1,44,26,17,73,5,121,32,12,44,165
07/13/2020,FSD,SD,AGL,CE,Combined TRACON& Tower with Radar,31,33,26,4,94,0,2,12,0,14,31,35,38,4,108,12,0,12,120
07/14/2020,FSD,SD,AGL,CE,Combined TRACON& Tower with Radar,28,47,40,9,124,0,4,10,1,15,28,51,50,10,139,6,0,6,145
07/15/2020,FSD,SD,AGL,CE,Combined TRACON& Tower with Radar,32,44,35,14,125,0,6,46,0,52,32,50,81,14,177,40,6,46,223
07/16/2020,FSD,SD,AGL,CE,Combined TRACON& Tower with Radar,39,50,43,11,143,0,5,28,1,34,39,55,71,12,177,10,6,16,193
07/17/2020,FSD,SD,AGL,CE,Combined TRACON& Tower with Radar,34,41,29,11,115,0,3,19,2,24,34,44,48,13,139,4,4,8,147
07/18/2020,FSD,SD,AGL,CE,Combined TRACON& Tower with Radar,32,32,22,0,86,0,4,16,1,21,32,36,38,1,107,4,0,4,111
07/19/2020,FSD,SD,AGL,CE,Combined TRACON& Tower with Radar,27,10,20,0,57,0,1,26,0,27,27,11,46,0,84,6,0,6,90
07/20/2020,FSD,SD,AGL,CE,Combined TRACON& Tower with Radar,30,46,41,5,122,0,6,33,0,39,30,52,74,5,161,34,0,34,195
07/21/2020,FSD,SD,AGL,CE,Combined TRACON& Tower with Radar,28,56,61,15,160,0,3,23,0,26,28,59,84,15,186,6,6,12,198
07/22/2020,FSD,SD,AGL,CE,Combined TRACON& Tower with Radar,34,56,37,16,143,0,4,64,0,68,34,60,101,16,211,26,12,38,249
07/23/2020,FSD,SD,AGL,CE,Combined TRACON& Tower with Radar,38,61,37,13,149,0,5,42,0,47,38,66,79,13,196,16,8,24,220
07/24/2020,FSD,SD,AGL,CE,Combined TRACON& Tower with Radar,34,40,44,4,122,0,6,17,0,23,34,46,61,4,145,8,6,14,159
07/25/2020,FSD,SD,AGL,CE,Combined TRACON& Tower with Radar,27,28,25,4,84,0,3,15,0,18,27,31,40,4,102,20,0,20,122
07/26/2020,FSD,SD,AGL,CE,Combined TRACON& Tower with Radar,27,22,37,0,86,0,2,22,0,24,27,24,59,0,110,8,0,8,118
07/27/2020,FSD,SD,AGL,CE,Combined TRACON& Tower with Radar,31,36,29,2,98,0,2,30,0,32,31,38,59,2,130,32,0,32,162
07/28/2020,FSD,SD,AGL,CE,Combined TRACON& Tower with Radar,28,47,28,24,127,0,2,21,0,23,28,49,49,24,150,50,8,58,208
07/29/2020,FSD,SD,AGL,CE,Combined TRACON& Tower with Radar,36,56,46,11,149,0,7,32,3,42,36,63,78,14,191,34,0,34,225
07/30/2020,FSD,SD,AGL,CE,Combined TRACON& Tower with Radar,39,47,26,14,126,0,3,34,2,39,39,50,60,16,165,4,14,18,183
07/31/2020,FSD,SD,AGL,CE,Combined TRACON& Tower with Radar,34,42,36,4,116,0,3,30,1,34,34,45,66,5,150,4,14,18,168
08/01/2020,FSD,SD,AGL,CE,Combined TRACON& Tower with Radar,34,26,21,13,94,0,3,19,0,22,34,29,40,13,116,10,10,20,136
08/02/2020,FSD,SD,AGL,CE,Combined TRACON& Tower with Radar,32,23,30,4,89,0,1,28,0,29,32,24,58,4,118,2,4,6,124
08/03/2020,FSD,SD,AGL,CE,Combined TRACON& Tower with Radar,32,34,40,8,114,0,3,25,1,29,32,37,65,9,143,6,8,14,157
08/04/2020,FSD,SD,AGL,CE,Combined TRACON& Tower with Radar,30,44,46,19,139,0,9,35,0,44,30,53,81,19,183,20,14,34,217
08/05/2020,FSD,SD,AGL,CE,Combined TRACON& Tower with Radar,31,58,52,17,158,0,2,9,0,11,31,60,61,17,169,12,12,24,193
08/06/2020,FSD,SD,AGL,CE,Combined TRACON& Tower with Radar,40,60,56,11,167,0,1,23,1,25,40,61,79,12,192,8,8,16,208
08/07/2020,FSD,SD,AGL,CE,Combined TRACON& Tower with Radar,36,50,29,2,117,0,0,6,2,8,36,50,35,4,125,0,0,0,125
08/08/2020,FSD,SD,AGL,CE,Combined TRACON& Tower with Radar,30,24,20,0,74,0,0,7,3,10,30,24,27,3,84,4,0,4,88
08/09/2020,FSD,SD,AGL,CE,Combined TRACON& Tower with Radar,30,16,22,0,68,0,2,16,0,18,30,18,38,0,86,2,0,2,88
08/10/2020,FSD,SD,AGL,CE,Combined TRACON& Tower with Radar,31,42,27,5,105,0,4,17,0,21,31,46,44,5,126,16,2,18,144
08/11/2020,FSD,SD,AGL,CE,Combined TRACON& Tower with Radar,30,51,35,14,130,0,2,22,0,24,30,53,57,14,154,18,10,28,182
08/12/2020,FSD,SD,AGL,CE,Combined TRACON& Tower with Radar,30,54,61,14,159,0,0,14,0,14,30,54,75,14,173,8,0,8,181
08/13/2020,FSD,SD,AGL,CE,Combined TRACON& Tower with Radar,39,62,50,9,160,0,6,30,1,37,39,68,80,10,197,18,4,22,219
08/14/2020,FSD,SD,AGL,CE,Combined TRACON& Tower with Radar,34,62,27,6,129,0,8,16,0,24,34,70,43,6,153,0,0,0,153
08/15/2020,FSD,SD,AGL,CE,Combined TRACON& Tower with Radar,30,21,23,11,85,0,3,21,3,27,30,24,44,14,112,10,6,16,128
08/16/2020,FSD,SD,AGL,CE,Combined TRACON& Tower with Radar,29,20,24,6,79,0,0,18,1,19,29,20,42,7,98,20,0,20,118
08/17/2020,FSD,SD,AGL,CE,Combined TRACON& Tower with Radar,31,44,45,12,132,0,2,34,0,36,31,46,79,12,168,64,12,76,244
08/18/2020,FSD,SD,AGL,CE,Combined TRACON& Tower with Radar,32,50,36,19,137,0,11,27,3,41,32,61,63,22,178,2,4,6,184
08/19/2020,FSD,SD,AGL,CE,Combined TRACON& Tower with Radar,28,51,37,14,130,0,12,17,0,29,28,63,54,14,159,44,22,66,225
08/20/2020,FSD,SD,AGL,CE,Combined TRACON& Tower with Radar,34,54,38,8,134,0,2,14,0,16,34,56,52,8,150,0,4,4,154
08/21/2020,FSD,SD,AGL,CE,Combined TRACON& Tower with Radar,32,46,39,0,117,0,4,24,0,28,32,50,63,0,145,8,0,8,153
08/22/2020,FSD,SD,AGL,CE,Combined TRACON& Tower with Radar,26,35,30,0,91,0,4,49,0,53,26,39,79,0,144,0,0,0,144
08/23/2020,FSD,SD,AGL,CE,Combined TRACON& Tower with Radar,23,29,17,0,69,0,4,21,3,28,23,33,38,3,97,14,0,14,111
08/24/2020,FSD,SD,AGL,CE,Combined TRACON& Tower with Radar,29,42,28,0,99,0,6,13,0,19,29,48,41,0,118,2,0,2,120
08/25/2020,FSD,SD,AGL,CE,Combined TRACON& Tower with Radar,30,59,49,23,161,0,6,30,0,36,30,65,79,23,197,4,26,30,227
08/26/2020,FSD,SD,AGL,CE,Combined TRACON& Tower with Radar,29,45,52,16,142,0,6,12,4,22,29,51,64,20,164,14,8,22,186
08/27/2020,FSD,SD,AGL,CE,Combined TRACON& Tower with Radar,39,62,56,12,169,0,7,24,0,31,39,69,80,12,200,10,4,14,214
08/28/2020,FSD,SD,AGL,CE,Combined TRACON& Tower with Radar,32,49,34,22,137,0,5,22,2,29,32,54,56,24,166,14,28,42,208
08/29/2020,FSD,SD,AGL,CE,Combined TRACON& Tower with Radar,26,23,19,8,76,0,5,42,0,47,26,28,61,8,123,20,2,22,145
08/30/2020,FSD,SD,AGL,CE,Combined TRACON& Tower with Radar,24,12,12,0,48,0,0,4,0,4,24,12,16,0,52,0,0,0,52
08/31/2020,FSD,SD,AGL,CE,Combined TRACON& Tower with Radar,30,41,36,10,117,1,8,18,1,28,31,49,54,11,145,30,14,44,189
09/01/2020,FSD,SD,AGL,CE,Combined TRACON& Tower with Radar,29,64,40,19,152,0,1,15,3,19,29,65,55,22,171,6,24,30,201
09/02/2020,FSD,SD,AGL,CE,Combined TRACON& Tower with Radar,29,64,51,24,168,0,4,23,4,31,29,68,74,28,199,26,14,40,239
09/03/2020,FSD,SD,AGL,CE,Combined TRACON& Tower with Radar,36,59,52,17,164,0,4,9,5,18,36,63,61,22,182,4,18,22,204
09/04/2020,FSD,SD,AGL,CE,Combined TRACON& Tower with Radar,34,55,33,1,123,0,2,27,0,29,34,57,60,1,152,50,0,50,202
09/05/2020,FSD,SD,AGL,CE,Combined TRACON& Tower with Radar,25,29,18,0,72,0,4,24,0,28,25,33,42,0,100,8,0,8,108
09/06/2020,FSD,SD,AGL,CE,Combined TRACON& Tower with Radar,23,21,13,2,59,0,0,13,0,13,23,21,26,2,72,12,0,12,84
09/07/2020,FSD,SD,AGL,CE,Combined TRACON& Tower with Radar,26,25,23,0,74,0,2,5,0,7,26,27,28,0,81,8,0,8,89
09/08/2020,FSD,SD,AGL,CE,Combined TRACON& Tower with Radar,27,54,39,9,129,0,5,6,0,11,27,59,45,9,140,26,0,26,166
09/09/2020,FSD,SD,AGL,CE,Combined TRACON& Tower with Radar,30,63,50,13,156,0,9,19,0,28,30,72,69,13,184,8,10,18,202
09/10/2020,FSD,SD,AGL,CE,Combined TRACON& Tower with Radar,37,68,73,23,201,0,8,25,2,35,37,76,98,25,236,100,32,132,368
09/11/2020,FSD,SD,AGL,CE,Combined TRACON& Tower with Radar,32,65,33,18,148,0,0,0,0,0,32,65,33,18,148,0,0,0,148
09/12/2020,FSD,SD,AGL,CE,Combined TRACON& Tower with Radar,28,42,32,15,117,0,1,4,2,7,28,43,36,17,124,18,0,18,142
09/13/2020,FSD,SD,AGL,CE,Combined TRACON& Tower with Radar,29,28,36,10,103,0,3,45,2,50,29,31,81,12,153,50,16,66,219
09/14/2020,FSD,SD,AGL,CE,Combined TRACON& Tower with Radar,31,57,40,9,137,0,3,31,1,35,31,60,71,10,172,26,12,38,210
09/15/2020,FSD,SD,AGL,CE,Combined TRACON& Tower with Radar,32,77,50,15,174,0,7,25,5,37,32,84,75,20,211,0,0,0,211
09/16/2020,FSD,SD,AGL,CE,Combined TRACON& Tower with Radar,32,65,61,12,170,0,2,37,2,41,32,67,98,14,211,6,2,8,219
09/17/2020,FSD,SD,AGL,CE,Combined TRACON& Tower with Radar,36,65,43,10,154,0,5,25,1,31,36,70,68,11,185,4,0,4,189
09/18/2020,FSD,SD,AGL,CE,Combined TRACON& Tower with Radar,32,54,33,0,119,0,6,27,2,35,32,60,60,2,154,28,0,28,182
09/19/2020,FSD,SD,AGL,CE,Combined TRACON& Tower with Radar,26,39,27,0,92,0,1,34,0,35,26,40,61,0,127,4,0,4,131
09/20/2020,FSD,SD,AGL,CE,Combined TRACON& Tower with Radar,27,31,20,0,78,0,2,5,1,8,27,33,25,1,86,0,0,0,86
09/21/2020,FSD,SD,AGL,CE,Combined TRACON& Tower with Radar,29,50,45,7,131,0,2,39,1,42,29,52,84,8,173,30,0,30,203
09/22/2020,FSD,SD,AGL,CE,Combined TRACON& Tower with Radar,32,64,59,25,180,0,2,42,3,47,32,66,101,28,227,32,18,50,277
09/23/2020,FSD,SD,AGL,CE,Combined TRACON& Tower with Radar,32,57,58,29,176,0,4,31,0,35,32,61,89,29,211,36,28,64,275
09/24/2020,FSD,SD,AGL,CE,Combined TRACON& Tower with Radar,38,61,51,26,176,0,5,24,2,31,38,66,75,28,207,0,20,20,227
09/25/2020,FSD,SD,AGL,CE,Combined TRACON& Tower with Radar,32,57,39,9,137,0,2,29,0,31,32,59,68,9,168,8,0,8,176
09/26/2020,FSD,SD,AGL,CE,Combined TRACON& Tower with Radar,26,32,19,26,103,0,3,21,0,24,26,35,40,26,127,14,16,30,157
09/27/2020,FSD,SD,AGL,CE,Combined TRACON& Tower with Radar,27,27,24,1,79,0,1,9,0,10,27,28,33,1,89,0,6,6,95
09/28/2020,FSD,SD,AGL,CE,Combined TRACON& Tower with Radar,29,47,37,2,115,0,7,21,0,28,29,54,58,2,143,4,0,4,147
09/29/2020,FSD,SD,AGL,CE,Combined TRACON& Tower with Radar,34,64,56,17,171,0,2,25,3,30,34,66,81,20,201,10,12,22,223
09/30/2020,FSD,SD,AGL,CE,Combined TRACON& Tower with Radar,31,61,41,12,145,0,5,13,0,18,31,66,54,12,163,0,16,16,179
10/01/2020,FSD,SD,AGL,CE,Combined TRACON& Tower with Radar,44,61,39,16,160,0,4,15,0,19,44,65,54,16,179,34,20,54,233
10/02/2020,FSD,SD,AGL,CE,Combined TRACON& Tower with Radar,36,52,25,6,119,0,7,30,0,37,36,59,55,6,156,18,0,18,174
10/03/2020,FSD,SD,AGL,CE,Combined TRACON& Tower with Radar,26,40,30,12,108,0,2,23,1,26,26,42,53,13,134,12,2,14,148
10/04/2020,FSD,SD,AGL,CE,Combined TRACON& Tower with Radar,31,30,22,9,92,0,1,35,0,36,31,31,57,9,128,30,4,34,162
10/05/2020,FSD,SD,AGL,CE,Combined TRACON& Tower with Radar,33,47,31,20,131,0,2,23,1,26,33,49,54,21,157,0,20,20,177
10/06/2020,FSD,SD,AGL,CE,Combined TRACON& Tower with Radar,37,63,41,17,158,0,3,25,0,28,37,66,66,17,186,48,2,50,236
10/07/2020,FSD,SD,AGL,CE,Combined TRACON& Tower with Radar,38,59,60,11,168,0,5,28,2,35,38,64,88,13,203,20,0,20,223
10/08/2020,FSD,SD,AGL,CE,Combined TRACON& Tower with Radar,40,50,33,16,139,0,5,19,1,25,40,55,52,17,164,4,10,14,178
10/09/2020,FSD,SD,AGL,CE,Combined TRACON& Tower with Radar,40,57,35,0,132,0,7,46,0,53,40,64,81,0,185,32,0,32,217
10/10/2020,FSD,SD,AGL,CE,Combined TRACON& Tower with Radar,30,18,25,0,73,0,5,30,0,35,30,23,55,0,108,32,0,32,140
10/11/2020,FSD,SD,AGL,CE,Combined TRACON& Tower with Radar,33,11,12,0,56,0,3,8,0,11,33,14,20,0,67,0,0,0,67
10/12/2020,FSD,SD,AGL,CE,Combined TRACON& Tower with Radar,38,32,25,1,96,0,5,28,1,34,38,37,53,2,130,0,0,0,130
10/13/2020,FSD,SD,AGL,CE,Combined TRACON& Tower with Radar,37,75,44,23,179,0,4,25,4,33,37,79,69,27,212,0,0,0,212
10/14/2020,FSD,SD,AGL,CE,Combined TRACON& Tower with Radar,36,54,38,20,148,0,4,7,0,11,36,58,45,20,159,0,0,0,159
10/15/2020,FSD,SD,AGL,CE,Combined TRACON& Tower with Radar,42,59,37,15,153,0,5,23,1,29,42,64,60,16,182,0,0,0,182
10/16/2020,FSD,SD,AGL,CE,Combined TRACON& Tower with Radar,44,65,32,0,141,0,8,26,0,34,44,73,58,0,175,0,0,0,175
10/17/2020,FSD,SD,AGL,CE,Combined TRACON& Tower with Radar,32,34,28,0,94,0,4,18,0,22,32,38,46,0,116,0,0,0,116
10/18/2020,FSD,SD,AGL,CE,Combined TRACON& Tower with Radar,34,28,32,0,94,0,1,12,1,14,34,29,44,1,108,0,0,0,108
10/19/2020,FSD,SD,AGL,CE,Combined TRACON& Tower with Radar,35,42,37,4,118,0,0,2,0,2,35,42,39,4,120,0,0,0,120
10/20/2020,FSD,SD,AGL,CE,Combined TRACON& Tower with Radar,38,66,43,20,167,0,0,0,0,0,38,66,43,20,167,0,0,0,167
10/21/2020,FSD,SD,AGL,CE,Combined TRACON& Tower with Radar,39,57,42,14,152,0,0,6,0,6,39,57,48,14,158,0,0,0,158
10/22/2020,FSD,SD,AGL,CE,Combined TRACON& Tower with Radar,43,62,32,8,145,0,0,0,0,0,43,62,32,8,145,0,0,0,145
10/23/2020,FSD,SD,AGL,CE,Combined TRACON& Tower with Radar,40,63,56,2,161,0,1,9,1,11,40,64,65,3,172,0,0,0,172
10/24/2020,FSD,SD,AGL,CE,Combined TRACON& Tower with Radar,30,45,28,9,112,0,1,13,1,15,30,46,41,10,127,0,0,0,127
10/25/2020,FSD,SD,AGL,CE,Combined TRACON& Tower with Radar,32,40,22,0,94,0,0,0,0,0,32,40,22,0,94,0,0,0,94
10/26/2020,FSD,SD,AGL,CE,Combined TRACON& Tower with Radar,34,42,33,9,118,0,8,27,0,35,34,50,60,9,153,0,0,0,153
10/27/2020,FSD,SD,AGL,CE,Combined TRACON& Tower with Radar,35,68,62,8,173,0,11,21,3,35,35,79,83,11,208,0,0,0,208
10/28/2020,FSD,SD,AGL,CE,Combined TRACON& Tower with Radar,32,45,52,12,141,0,5,45,6,56,32,50,97,18,197,0,0,0,197
10/29/2020,FSD,SD,AGL,CE,Combined TRACON& Tower with Radar,39,53,60,11,163,0,5,32,0,37,39,58,92,11,200,0,0,0,200
10/30/2020,FSD,SD,AGL,CE,Combined TRACON& Tower with Radar,40,50,25,0,115,0,8,31,0,39,40,58,56,0,154,0,0,0,154
10/31/2020,FSD,SD,AGL,CE,Combined TRACON& Tower with Radar,24,27,21,0,72,0,4,10,0,14,24,31,31,0,86,0,0,0,86
11/01/2020,FSD,SD,AGL,CE,Combined TRACON& Tower with Radar,31,25,28,0,84,0,1,25,0,26,31,26,53,0,110,36,0,36,146
11/02/2020,FSD,SD,AGL,CE,Combined TRACON& Tower with Radar,34,51,32,0,117,0,6,21,1,28,34,57,53,1,145,36,0,36,181
11/03/2020,FSD,SD,AGL,CE,Combined TRACON& Tower with Radar,32,47,31,11,121,0,5,42,0,47,32,52,73,11,168,40,6,46,214
11/04/2020,FSD,SD,AGL,CE,Combined TRACON& Tower with Radar,32,56,41,21,150,0,9,43,0,52,32,65,84,21,202,58,16,74,276
11/05/2020,FSD,SD,AGL,CE,Combined TRACON& Tower with Radar,44,55,35,10,144,0,7,37,0,44,44,62,72,10,188,22,4,26,214
11/06/2020,FSD,SD,AGL,CE,Combined TRACON& Tower with Radar,45,46,39,13,143,0,6,6,0,12,45,52,45,13,155,0,18,18,173
11/07/2020,FSD,SD,AGL,CE,Combined TRACON& Tower with Radar,37,29,17,12,95,0,2,7,1,10,37,31,24,13,105,0,0,0,105
11/08/2020,FSD,SD,AGL,CE,Combined TRACON& Tower with Radar,37,31,13,7,88,0,1,2,0,3,37,32,15,7,91,0,0,0,91
11/09/2020,FSD,SD,AGL,CE,Combined TRACON& Tower with Radar,39,45,21,0,105,0,1,1,0,2,39,46,22,0,107,0,0,0,107
11/10/2020,FSD,SD,AGL,CE,Combined TRACON& Tower with Radar,33,54,24,0,111,0,0,0,1,1,33,54,24,1,112,0,0,0,112
11/11/2020,FSD,SD,AGL,CE,Combined TRACON& Tower with Radar,38,65,45,0,148,0,8,18,0,26,38,73,63,0,174,26,0,26,200
11/12/2020,FSD,SD,AGL,CE,Combined TRACON& Tower with Radar,46,56,50,20,172,0,9,18,2,29,46,65,68,22,201,0,8,8,209
11/13/2020,FSD,SD,AGL,CE,Combined TRACON& Tower with Radar,44,53,24,0,121,0,9,22,0,31,44,62,46,0,152,12,0,12,164
11/14/2020,FSD,SD,AGL,CE,Combined TRACON& Tower with Radar,36,25,19,0,80,0,9,20,2,31,36,34,39,2,111,16,0,16,127
11/15/2020,FSD,SD,AGL,CE,Combined TRACON& Tower with Radar,36,17,20,0,73,0,4,2,1,7,36,21,22,1,80,0,0,0,80
11/16/2020,FSD,SD,AGL,CE,Combined TRACON& Tower with Radar,43,47,37,10,137,0,11,19,2,32,43,58,56,12,169,0,0,0,169
11/17/2020,FSD,SD,AGL,CE,Combined TRACON& Tower with Radar,39,58,51,16,164,0,8,24,0,32,39,66,75,16,196,10,0,10,206
11/18/2020,FSD,SD,AGL,CE,Combined TRACON& Tower with Radar,40,64,49,15,168,0,8,26,0,34,40,72,75,15,202,38,4,42,244
11/19/2020,FSD,SD,AGL,CE,Combined TRACON& Tower with Radar,46,52,46,16,160,0,9,34,0,43,46,61,80,16,203,62,2,64,267
11/20/2020,FSD,SD,AGL,CE,Combined TRACON& Tower with Radar,48,62,37,0,147,0,4,36,2,42,48,66,73,2,189,22,0,22,211
11/21/2020,FSD,SD,AGL,CE,Combined TRACON& Tower with Radar,36,30,15,8,89,0,4,20,1,25,36,34,35,9,114,20,10,30,144
11/22/2020,FSD,SD,AGL,CE,Combined TRACON& Tower with Radar,44,26,27,0,97,0,5,11,0,16,44,31,38,0,113,8,0,8,121
11/23/2020,FSD,SD,AGL,CE,Combined TRACON& Tower with Radar,49,42,28,20,139,0,3,4,0,7,49,45,32,20,146,0,0,0,146
11/24/2020,FSD,SD,AGL,CE,Combined TRACON& Tower with Radar,46,73,28,10,157,0,0,2,0,2,46,73,30,10,159,0,0,0,159
11/25/2020,FSD,SD,AGL,CE,Combined TRACON& Tower with Radar,45,73,29,16,163,0,0,0,0,0,45,73,29,16,163,0,0,0,163
11/26/2020,FSD,SD,AGL,CE,Combined TRACON& Tower with Radar,18,26,12,0,56,0,4,4,0,8,18,30,16,0,64,8,0,8,72
11/27/2020,FSD,SD,AGL,CE,Combined TRACON& Tower with Radar,42,49,30,0,121,0,15,47,0,62,42,64,77,0,183,26,0,26,209
11/28/2020,FSD,SD,AGL,CE,Combined TRACON& Tower with Radar,46,29,15,0,90,0,4,33,0,37,46,33,48,0,127,20,0,20,147
11/29/2020,FSD,SD,AGL,CE,Combined TRACON& Tower with Radar,41,34,27,0,102,0,0,4,1,5,41,34,31,1,107,0,0,0,107
11/30/2020,FSD,SD,AGL,CE,Combined TRACON& Tower with Radar,45,42,39,0,126,0,6,34,1,41,45,48,73,1,167,40,0,40,207
12/01/2020,FSD,SD,AGL,CE,Combined TRACON& Tower with Radar,44,54,30,12,140,0,9,23,2,34,44,63,53,14,174,10,6,16,190
12/02/2020,FSD,SD,AGL,CE,Combined TRACON& Tower with Radar,41,71,44,13,169,0,1,20,0,21,41,72,64,13,190,24,24,48,238
12/03/2020,FSD,SD,AGL,CE,Combined TRACON& Tower with Radar,49,56,44,17,166,0,3,27,0,30,49,59,71,17,196,20,4,24,220
12/04/2020,FSD,SD,AGL,CE,Combined TRACON& Tower with Radar,44,48,33,11,136,0,12,26,1,39,44,60,59,12,175,42,0,42,217
12/05/2020,FSD,SD,AGL,CE,Combined TRACON& Tower with Radar,29,27,23,9,88,0,8,52,0,60,29,35,75,9,148,30,10,40,188
12/06/2020,FSD,SD,AGL,CE,Combined TRACON& Tower with Radar,43,24,19,0,86,0,6,28,3,37,43,30,47,3,123,40,0,40,163
12/07/2020,FSD,SD,AGL,CE,Combined TRACON& Tower with Radar,45,46,30,8,129,0,8,15,0,23,45,54,45,8,152,10,0,10,162
12/08/2020,FSD,SD,AGL,CE,Combined TRACON& Tower with Radar,37,78,36,9,160,0,12,30,0,42,37,90,66,9,202,4,12,16,218
12/09/2020,FSD,SD,AGL,CE,Combined TRACON& Tower with Radar,39,75,59,18,191,0,10,53,0,63,39,85,112,18,254,50,4,54,308
12/10/2020,FSD,SD,AGL,CE,Combined TRACON& Tower with Radar,51,57,44,13,165,0,0,22,0,22,51,57,66,13,187,4,2,6,193
12/11/2020,FSD,SD,AGL,CE,Combined TRACON& Tower with Radar,44,65,32,6,147,0,0,7,0,7,44,65,39,6,154,0,10,10,164
12/12/2020,FSD,SD,AGL,CE,Combined TRACON& Tower with Radar,30,34,17,0,81,0,1,0,0,1,30,35,17,0,82,0,0,0,82
12/13/2020,FSD,SD,AGL,CE,Combined TRACON& Tower with Radar,41,26,12,0,79,0,1,9,0,10,41,27,21,0,89,28,0,28,117
12/14/2020,FSD,SD,AGL,CE,Combined TRACON& Tower with Radar,43,54,45,15,157,0,0,40,2,42,43,54,85,17,199,38,0,38,237
12/15/2020,FSD,SD,AGL,CE,Combined TRACON& Tower with Radar,44,82,40,13,179,0,0,13,0,13,44,82,53,13,192,8,0,8,200
12/16/2020,FSD,SD,AGL,CE,Combined TRACON& Tower with Radar,40,74,60,15,189,0,7,14,0,21,40,81,74,15,210,24,0,24,234
12/17/2020,FSD,SD,AGL,CE,Combined TRACON& Tower with Radar,47,70,47,16,180,0,2,24,0,26,47,72,71,16,206,30,0,30,236
12/18/2020,FSD,SD,AGL,CE,Combined TRACON& Tower with Radar,48,76,43,18,185,0,1,27,0,28,48,77,70,18,213,2,14,16,229
12/19/2020,FSD,SD,AGL,CE,Combined TRACON& Tower with Radar,35,23,46,0,104,0,7,41,0,48,35,30,87,0,152,50,0,50,202
12/20/2020,FSD,SD,AGL,CE,Combined TRACON& Tower with Radar,41,24,30,0,95,0,5,32,0,37,41,29,62,0,132,44,0,44,176
12/21/2020,FSD,SD,AGL,CE,Combined TRACON& Tower with Radar,44,46,35,13,138,0,1,7,1,9,44,47,42,14,147,0,0,0,147
12/22/2020,FSD,SD,AGL,CE,Combined TRACON& Tower with Radar,49,60,31,4,144,0,3,32,0,35,49,63,63,4,179,10,0,10,189
12/23/2020,FSD,SD,AGL,CE,Combined TRACON& Tower with Radar,20,24,7,0,51,0,0,0,0,0,20,24,7,0,51,0,0,0,51
12/24/2020,FSD,SD,AGL,CE,Combined TRACON& Tower with Radar,55,50,11,0,116,0,2,12,0,14,55,52,23,0,130,0,0,0,130
12/25/2020,FSD,SD,AGL,CE,Combined TRACON& Tower with Radar,22,15,4,0,41,0,7,7,1,15,22,22,11,1,56,0,0,0,56
12/26/2020,FSD,SD,AGL,CE,Combined TRACON& Tower with Radar,35,35,34,0,104,0,1,33,0,34,35,36,67,0,138,32,0,32,170
12/27/2020,FSD,SD,AGL,CE,Combined TRACON& Tower with Radar,42,26,8,0,76,0,0,2,0,2,42,26,10,0,78,0,0,0,78
12/28/2020,FSD,SD,AGL,CE,Combined TRACON& Tower with Radar,35,48,24,2,109,0,1,47,1,49,35,49,71,3,158,40,0,40,198
12/29/2020,FSD,SD,AGL,CE,Combined TRACON& Tower with Radar,44,61,10,0,115,0,3,0,0,3,44,64,10,0,118,0,0,0,118
12/30/2020,FSD,SD,AGL,CE,Combined TRACON& Tower with Radar,49,62,39,5,155,0,1,6,0,7,49,63,45,5,162,6,0,6,168
12/31/2020,FSD,SD,AGL,CE,Combined TRACON& Tower with Radar,42,45,18,0,105,0,2,42,0,44,42,47,60,0,149,15,0,15,164
01/01/2021,FSD,SD,AGL,CE,Combined TRACON& Tower with Radar,24,23,10,0,57,0,7,6,0,13,24,30,16,0,70,20,0,20,90
01/02/2021,FSD,SD,AGL,CE,Combined TRACON& Tower with Radar,36,46,28,0,110,0,1,10,0,11,36,47,38,0,121,44,0,44,165
01/03/2021,FSD,SD,AGL,CE,Combined TRACON& Tower with Radar,32,19,22,0,73,1,2,7,0,10,33,21,29,0,83,18,0,18,101
01/04/2021,FSD,SD,AGL,CE,Combined TRACON& Tower with Radar,36,52,43,0,131,0,3,20,0,23,36,55,63,0,154,28,0,28,182
01/05/2021,FSD,SD,AGL,CE,Combined TRACON& Tower with Radar,37,67,41,4,149,0,4,14,0,18,37,71,55,4,167,0,2,2,169
01/06/2021,FSD,SD,AGL,CE,Combined TRACON& Tower with Radar,36,60,17,0,113,0,0,0,0,0,36,60,17,0,113,0,0,0,113
01/07/2021,FSD,SD,AGL,CE,Combined TRACON& Tower with Radar,41,53,36,5,135,0,0,0,0,0,41,53,36,5,135,0,0,0,135
01/08/2021,FSD,SD,AGL,CE,Combined TRACON& Tower with Radar,44,64,29,6,143,0,0,0,0,0,44,64,29,6,143,0,0,0,143
01/09/2021,FSD,SD,AGL,CE,Combined TRACON& Tower with Radar,30,42,20,3,95,0,1,0,0,1,30,43,20,3,96,0,6,6,102
01/10/2021,FSD,SD,AGL,CE,Combined TRACON& Tower with Radar,33,25,33,5,96,0,1,4,0,5,33,26,37,5,101,2,0,2,103
01/11/2021,FSD,SD,AGL,CE,Combined TRACON& Tower with Radar,41,59,34,2,136,0,6,31,0,37,41,65,65,2,173,48,0,48,221
01/12/2021,FSD,SD,AGL,CE,Combined TRACON& Tower with Radar,36,63,37,5,141,0,0,36,0,36,36,63,73,5,177,38,0,38,215
01/13/2021,FSD,SD,AGL,CE,Combined TRACON& Tower with Radar,36,64,58,4,162,0,0,45,0,45,36,64,103,4,207,56,0,56,263
01/14/2021,FSD,SD,AGL,CE,Combined TRACON& Tower with Radar,20,45,21,0,86,0,0,0,0,0,20,45,21,0,86,0,0,0,86
01/15/2021,FSD,SD,AGL,CE,Combined TRACON& Tower with Radar,46,49,12,0,107,0,0,2,0,2,46,49,14,0,109,2,0,2,111
01/16/2021,FSD,SD,AGL,CE,Combined TRACON& Tower with Radar,30,31,23,0,84,0,0,1,0,1,30,31,24,0,85,0,0,0,85
01/17/2021,FSD,SD,AGL,CE,Combined TRACON& Tower with Radar,29,30,23,0,82,0,0,12,0,12,29,30,35,0,94,12,0,12,106
01/18/2021,FSD,SD,AGL,CE,Combined TRACON& Tower with Radar,42,44,28,0,114,0,0,1,0,1,42,44,29,0,115,6,0,6,121
01/19/2021,FSD,SD,AGL,CE,Combined TRACON& Tower with Radar,37,53,29,5,124,0,1,16,0,17,37,54,45,5,141,58,2,60,201
01/20/2021,FSD,SD,AGL,CE,Combined TRACON& Tower with Radar,36,61,44,14,155,0,8,27,2,37,36,69,71,16,192,10,16,26,218
01/21/2021,FSD,SD,AGL,CE,Combined TRACON& Tower with Radar,38,54,36,14,142,0,2,26,4,32,38,56,62,18,174,6,0,6,180
01/22/2021,FSD,SD,AGL,CE,Combined TRACON& Tower with Radar,44,40,41,10,135,0,5,25,0,30,44,45,66,10,165,52,2,54,219
01/23/2021,FSD,SD,AGL,CE,Combined TRACON& Tower with Radar,30,28,9,0,67,0,0,0,0,0,30,28,9,0,67,0,0,0,67
01/24/2021,FSD,SD,AGL,CE,Combined TRACON& Tower with Radar,31,34,26,0,91,0,0,20,0,20,31,34,46,0,111,10,0,10,121
01/25/2021,FSD,SD,AGL,CE,Combined TRACON& Tower with Radar,41,47,25,5,118,0,1,10,0,11,41,48,35,5,129,10,4,14,143
01/26/2021,FSD,SD,AGL,CE,Combined TRACON& Tower with Radar,36,59,45,6,146,0,3,21,1,25,36,62,66,7,171,8,2,10,181
01/27/2021,FSD,SD,AGL,CE,Combined TRACON& Tower with Radar,35,63,39,5,142,0,5,25,0,30,35,68,64,5,172,54,0,54,226
01/28/2021,FSD,SD,AGL,CE,Combined TRACON& Tower with Radar,43,55,40,6,144,0,0,0,0,0,43,55,40,6,144,0,0,0,144
01/29/2021,FSD,SD,AGL,CE,Combined TRACON& Tower with Radar,44,52,20,0,116,0,0,2,0,2,44,52,22,0,118,0,0,0,118
01/30/2021,FSD,SD,AGL,CE,Combined TRACON& Tower with Radar,26,27,10,0,63,0,0,0,0,0,26,27,10,0,63,0,0,0,63
01/31/2021,FSD,SD,AGL,CE,Combined TRACON& Tower with Radar,30,34,23,0,87,0,0,1,0,1,30,34,24,0,88,0,0,0,88
02/01/2021,FSD,SD,AGL,CE,Combined TRACON& Tower with Radar,42,51,29,0,122,0,0,0,0,0,42,51,29,0,122,0,0,0,122
02/02/2021,FSD,SD,AGL,CE,Combined TRACON& Tower with Radar,36,65,22,4,127,0,0,0,0,0,36,65,22,4,127,0,0,0,127
02/03/2021,FSD,SD,AGL,CE,Combined TRACON& Tower with Radar,36,57,35,5,133,0,0,10,0,10,36,57,45,5,143,26,4,30,173
02/04/2021,FSD,SD,AGL,CE,Combined TRACON& Tower with Radar,39,54,43,15,151,0,0,6,5,11,39,54,49,20,162,2,18,20,182
02/05/2021,FSD,SD,AGL,CE,Combined TRACON& Tower with Radar,41,56,31,15,143,0,1,32,2,35,41,57,63,17,178,28,32,60,238
02/06/2021,FSD,SD,AGL,CE,Combined TRACON& Tower with Radar,31,35,16,4,86,0,5,15,0,20,31,40,31,4,106,30,2,32,138
02/07/2021,FSD,SD,AGL,CE,Combined TRACON& Tower with Radar,29,17,9,4,59,0,1,6,1,8,29,18,15,5,67,8,0,8,75
02/08/2021,FSD,SD,AGL,CE,Combined TRACON& Tower with Radar,41,44,32,2,119,0,7,19,2,28,41,51,51,4,147,20,0,20,167
02/09/2021,FSD,SD,AGL,CE,Combined TRACON& Tower with Radar,36,55,41,7,139,0,3,20,0,23,36,58,61,7,162,42,2,44,206
02/10/2021,FSD,SD,AGL,CE,Combined TRACON& Tower with Radar,41,54,49,8,152,0,5,36,0,41,41,59,85,8,193,58,4,62,255
02/11/2021,FSD,SD,AGL,CE,Combined TRACON& Tower with Radar,41,66,32,8,147,0,0,3,0,3,41,66,35,8,150,0,6,6,156
02/12/2021,FSD,SD,AGL,CE,Combined TRACON& Tower with Radar,49,54,26,7,136,0,6,11,8,25,49,60,37,15,161,0,12,12,173
02/13/2021,FSD,SD,AGL,CE,Combined TRACON& Tower with Radar,39,35,9,2,85,0,0,7,0,7,39,35,16,2,92,0,0,0,92
02/14/2021,FSD,SD,AGL,CE,Combined TRACON& Tower with Radar,31,13,16,0,60,0,1,3,0,4,31,14,19,0,64,0,0,0,64
02/15/2021,FSD,SD,AGL,CE,Combined TRACON& Tower with Radar,38,39,29,0,106,0,1,14,0,15,38,40,43,0,121,16,0,16,137
02/16/2021,FSD,SD,AGL,CE,Combined TRACON& Tower with Radar,33,59,39,10,141,0,2,6,0,8,33,61,45,10,149,4,12,16,165
02/17/2021,FSD,SD,AGL,CE,Combined TRACON& Tower with Radar,38,66,39,4,147,0,0,3,1,4,38,66,42,5,151,0,0,0,151
02/18/2021,FSD,SD,AGL,CE,Combined TRACON& Tower with Radar,46,62,45,17,170,0,2,17,0,19,46,64,62,17,189,18,18,36,225
02/19/2021,FSD,SD,AGL,CE,Combined TRACON& Tower with Radar,46,47,45,5,143,0,5,52,0,57,46,52,97,5,200,90,2,92,292
02/20/2021,FSD,SD,AGL,CE,Combined TRACON& Tower with Radar,38,45,30,0,113,0,2,19,0,21,38,47,49,0,134,6,0,6,140
02/21/2021,FSD,SD,AGL,CE,Combined TRACON& Tower with Radar,32,24,9,0,65,0,0,2,0,2,32,24,11,0,67,0,0,0,67
02/22/2021,FSD,SD,AGL,CE,Combined TRACON& Tower with Radar,51,42,19,6,118,0,10,16,0,26,51,52,35,6,144,8,8,16,160
02/23/2021,FSD,SD,AGL,CE,Combined TRACON& Tower with Radar,42,55,54,0,151,0,0,43,0,43,42,55,97,0,194,52,0,52,246
02/24/2021,FSD,SD,AGL,CE,Combined TRACON& Tower with Radar,47,59,42,13,161,0,4,25,0,29,47,63,67,13,190,24,6,30,220
02/25/2021,FSD,SD,AGL,CE,Combined TRACON& Tower with Radar,49,63,56,9,177,0,3,33,0,36,49,66,89,9,213,30,12,42,255
02/26/2021,FSD,SD,AGL,CE,Combined TRACON& Tower with Radar,53,40,49,1,143,0,0,20,0,20,53,40,69,1,163,28,0,28,191
02/27/2021,FSD,SD,AGL,CE,Combined TRACON& Tower with Radar,38,29,19,12,98,0,0,33,1,34,38,29,52,13,132,16,6,22,154
02/28/2021,FSD,SD,AGL,CE,Combined TRACON& Tower with Radar,37,27,26,0,90,0,0,14,0,14,37,27,40,0,104,42,0,42,146
03/01/2021,FSD,SD,AGL,CE,Combined TRACON& Tower with Radar,46,45,40,2,133,0,0,34,0,34,46,45,74,2,167,84,0,84,251
03/02/2021,FSD,SD,AGL,CE,Combined TRACON& Tower with Radar,41,58,32,16,147,0,4,27,0,31,41,62,59,16,178,28,4,32,210
03/03/2021,FSD,SD,AGL,CE,Combined TRACON& Tower with Radar,52,48,44,4,148,0,4,62,0,66,52,52,106,4,214,96,4,100,314
03/04/2021,FSD,SD,AGL,CE,Combined TRACON& Tower with Radar,59,51,44,10,164,0,2,36,0,38,59,53,80,10,202,38,6,44,246
03/05/2021,FSD,SD,AGL,CE,Combined TRACON& Tower with Radar,54,47,46,2,149,0,0,35,0,35,54,47,81,2,184,44,4,48,232
03/06/2021,FSD,SD,AGL,CE,Combined TRACON& Tower with Radar,46,27,31,8,112,0,3,34,6,43,46,30,65,14,155,12,4,16,171
03/07/2021,FSD,SD,AGL,CE,Combined TRACON& Tower with Radar,45,19,25,2,91,0,3,20,0,23,45,22,45,2,114,10,0,10,124
03/08/2021,FSD,SD,AGL,CE,Combined TRACON& Tower with Radar,55,42,46,0,143,0,2,20,0,22,55,44,66,0,165,4,0,4,169
03/09/2021,FSD,SD,AGL,CE,Combined TRACON& Tower with Radar,44,65,42,20,171,0,4,22,2,28,44,69,64,22,199,26,32,58,257
03/10/2021,FSD,SD,AGL,CE,Combined TRACON& Tower with Radar,52,56,34,10,152,0,0,0,0,0,52,56,34,10,152,0,0,0,152
03/11/2021,FSD,SD,AGL,CE,Combined TRACON& Tower with Radar,55,57,46,15,173,0,4,27,0,31,55,61,73,15,204,34,10,44,248
03/12/2021,FSD,SD,AGL,CE,Combined TRACON& Tower with Radar,55,52,28,14,149,0,7,34,0,41,55,59,62,14,190,68,6,74,264
03/13/2021,FSD,SD,AGL,CE,Combined TRACON& Tower with Radar,46,27,26,1,100,0,0,51,0,51,46,27,77,1,151,28,0,28,179
03/14/2021,FSD,SD,AGL,CE,Combined TRACON& Tower with Radar,43,20,15,0,78,0,1,0,0,1,43,21,15,0,79,0,0,0,79
03/15/2021,FSD,SD,AGL,CE,Combined TRACON& Tower with Radar,44,34,16,0,94,0,0,0,0,0,44,34,16,0,94,0,0,0,94
03/16/2021,FSD,SD,AGL,CE,Combined TRACON& Tower with Radar,48,68,32,3,151,0,0,0,0,0,48,68,32,3,151,0,0,0,151
03/17/2021,FSD,SD,AGL,CE,Combined TRACON& Tower with Radar,53,55,58,5,171,0,0,0,0,0,53,55,58,5,171,0,0,0,171
03/18/2021,FSD,SD,AGL,CE,Combined TRACON& Tower with Radar,54,71,40,11,176,0,6,30,0,36,54,77,70,11,212,32,16,48,260
03/19/2021,FSD,SD,AGL,CE,Combined TRACON& Tower with Radar,58,56,45,18,177,0,1,42,0,43,58,57,87,18,220,36,34,70,290
03/20/2021,FSD,SD,AGL,CE,Combined TRACON& Tower with Radar,48,17,15,0,80,0,6,5,1,12,48,23,20,1,92,0,0,0,92
03/21/2021,FSD,SD,AGL,CE,Combined TRACON& Tower with Radar,46,15,21,0,82,0,2,5,1,8,46,17,26,1,90,20,0,20,110
03/22/2021,FSD,SD,AGL,CE,Combined TRACON& Tower with Radar,52,55,40,6,153,0,13,18,1,32,52,68,58,7,185,10,6,16,201
03/23/2021,FSD,SD,AGL,CE,Combined TRACON& Tower with Radar,47,70,29,5,151,0,0,0,0,0,47,70,29,5,151,0,0,0,151
03/24/2021,FSD,SD,AGL,CE,Combined TRACON& Tower with Radar,51,73,50,14,188,0,3,10,0,13,51,76,60,14,201,12,0,12,213
03/25/2021,FSD,SD,AGL,CE,Combined TRACON& Tower with Radar,53,60,54,21,188,0,6,46,8,60,53,66,100,29,248,38,4,42,290
03/26/2021,FSD,SD,AGL,CE,Combined TRACON& Tower with Radar,52,47,30,5,134,0,4,33,0,37,52,51,63,5,171,30,0,30,201
03/27/2021,FSD,SD,AGL,CE,Combined TRACON& Tower with Radar,44,28,12,0,84,0,3,9,0,12,44,31,21,0,96,6,0,6,102
03/28/2021,FSD,SD,AGL,CE,Combined TRACON& Tower with Radar,44,24,23,0,91,0,4,46,0,50,44,28,69,0,141,46,0,46,187
03/29/2021,FSD,SD,AGL,CE,Combined TRACON& Tower with Radar,54,39,28,8,129,0,1,13,0,14,54,40,41,8,143,0,0,0,143
03/30/2021,FSD,SD,AGL,CE,Combined TRACON& Tower with Radar,48,44,21,4,117,0,2,5,0,7,48,46,26,4,124,2,0,2,126
03/31/2021,FSD,SD,AGL,CE,Combined TRACON& Tower with Radar,53,58,24,5,140,0,12,23,0,35,53,70,47,5,175,18,2,20,195
04/01/2021,FSD,SD,AGL,CE,Combined TRACON& Tower with Radar,56,67,37,6,166,0,5,39,0,44,56,72,76,6,210,16,20,36,246
04/02/2021,FSD,SD,AGL,CE,Combined TRACON& Tower with Radar,52,46,24,10,132,0,3,7,2,12,52,49,31,12,144,4,8,12,156
04/03/2021,FSD,SD,AGL,CE,Combined TRACON& Tower with Radar,42,29,26,0,97,0,5,48,0,53,42,34,74,0,150,40,0,40,190
04/04/2021,FSD,SD,AGL,CE,Combined TRACON& Tower with Radar,45,24,15,1,85,0,3,15,0,18,45,27,30,1,103,6,0,6,109
04/05/2021,FSD,SD,AGL,CE,Combined TRACON& Tower with Radar,47,45,36,1,129,0,11,35,2,48,47,56,71,3,177,6,0,6,183
04/06/2021,FSD,SD,AGL,CE,Combined TRACON& Tower with Radar,46,53,36,4,139,0,5,22,2,29,46,58,58,6,168,4,0,4,172
04/07/2021,FSD,SD,AGL,CE,Combined TRACON& Tower with Radar,48,61,34,13,156,0,0,0,0,0,48,61,34,13,156,0,0,0,156
04/08/2021,FSD,SD,AGL,CE,Combined TRACON& Tower with Radar,54,55,45,18,172,0,0,0,0,0,54,55,45,18,172,0,0,0,172
04/09/2021,FSD,SD,AGL,CE,Combined TRACON& Tower with Radar,48,60,40,20,168,0,0,9,0,9,48,60,49,20,177,0,0,0,177
04/10/2021,FSD,SD,AGL,CE,Combined TRACON& Tower with Radar,44,24,35,14,117,0,2,49,1,52,44,26,84,15,169,46,12,58,227
04/11/2021,FSD,SD,AGL,CE,Combined TRACON& Tower with Radar,44,21,35,6,106,0,4,44,0,48,44,25,79,6,154,18,4,22,176
04/12/2021,FSD,SD,AGL,CE,Combined TRACON& Tower with Radar,48,55,22,0,125,0,5,2,4,11,48,60,24,4,136,0,0,0,136
04/13/2021,FSD,SD,AGL,CE,Combined TRACON& Tower with Radar,40,64,55,8,167,0,0,3,0,3,40,64,58,8,170,0,0,0,170
04/14/2021,FSD,SD,AGL,CE,Combined TRACON& Tower with Radar,40,70,79,10,199,0,3,30,0,33,40,73,109,10,232,12,20,32,264
04/15/2021,FSD,SD,AGL,CE,Combined TRACON& Tower with Radar,48,66,62,8,184,0,1,22,1,24,48,67,84,9,208,2,0,2,210
04/16/2021,FSD,SD,AGL,CE,Combined TRACON& Tower with Radar,48,51,38,3,140,0,0,5,0,5,48,51,43,3,145,6,0,6,151
04/17/2021,FSD,SD,AGL,CE,Combined TRACON& Tower with Radar,38,30,40,0,108,0,3,21,1,25,38,33,61,1,133,24,0,24,157
04/18/2021,FSD,SD,AGL,CE,Combined TRACON& Tower with Radar,37,21,17,1,76,0,2,17,0,19,37,23,34,1,95,0,0,0,95
04/19/2021,FSD,SD,AGL,CE,Combined TRACON& Tower with Radar,43,45,21,8,117,0,3,15,0,18,43,48,36,8,135,16,0,16,151
04/20/2021,FSD,SD,AGL,CE,Combined TRACON& Tower with Radar,42,68,45,21,176,0,6,25,0,31,42,74,70,21,207,26,8,34,241
04/21/2021,FSD,SD,AGL,CE,Combined TRACON& Tower with Radar,40,62,47,10,159,0,0,33,1,34,40,62,80,11,193,64,0,64,257
04/22/2021,FSD,SD,AGL,CE,Combined TRACON& Tower with Radar,51,56,43,16,166,0,3,23,0,26,51,59,66,16,192,2,8,10,202
04/23/2021,FSD,SD,AGL,CE,Combined TRACON& Tower with Radar,44,59,47,6,156,0,2,17,0,19,44,61,64,6,175,26,6,32,207
04/24/2021,FSD,SD,AGL,CE,Combined TRACON& Tower with Radar,39,32,15,0,86,0,3,26,0,29,39,35,41,0,115,20,0,20,135
04/25/2021,FSD,SD,AGL,CE,Combined TRACON& Tower with Radar,43,23,22,0,88,0,0,6,2,8,43,23,28,2,96,8,0,8,104
04/26/2021,FSD,SD,AGL,CE,Combined TRACON& Tower with Radar,43,50,30,0,123,0,3,19,0,22,43,53,49,0,145,12,0,12,157
04/27/2021,FSD,SD,AGL,CE,Combined TRACON& Tower with Radar,38,56,70,13,177,0,0,4,0,4,38,56,74,13,181,16,10,26,207
04/28/2021,FSD,SD,AGL,CE,Combined TRACON& Tower with Radar,42,60,61,10,173,0,4,26,0,30,42,64,87,10,203,36,0,36,239
04/29/2021,FSD,SD,AGL,CE,Combined TRACON& Tower with Radar,48,56,43,4,151,0,2,29,0,31,48,58,72,4,182,36,0,36,218
04/30/2021,FSD,SD,AGL,CE,Combined TRACON& Tower with Radar,47,57,29,6,139,0,2,38,0,40,47,59,67,6,179,14,6,20,199
05/01/2021,FSD,SD,AGL,CE,Combined TRACON& Tower with Radar,36,39,26,7,108,0,0,23,1,24,36,39,49,8,132,10,10,20,152
05/02/2021,FSD,SD,AGL,CE,Combined TRACON& Tower with Radar,37,22,14,6,79,0,0,7,2,9,37,22,21,8,88,4,8,12,100
05/03/2021,FSD,SD,AGL,CE,Combined TRACON& Tower with Radar,42,44,40,0,126,0,0,7,1,8,42,44,47,1,134,0,0,0,134
05/04/2021,FSD,SD,AGL,CE,Combined TRACON& Tower with Radar,38,68,62,7,175,0,1,37,0,38,38,69,99,7,213,22,8,30,243
05/05/2021,FSD,SD,AGL,CE,Combined TRACON& Tower with Radar,40,65,41,10,156,0,4,5,0,9,40,69,46,10,165,2,0,2,167
05/06/2021,FSD,SD,AGL,CE,Combined TRACON& Tower with Radar,54,68,36,13,171,0,8,28,0,36,54,76,64,13,207,24,8,32,239
05/07/2021,FSD,SD,AGL,CE,Combined TRACON& Tower with Radar,54,55,44,12,165,0,2,28,8,38,54,57,72,20,203,48,8,56,259
05/08/2021,FSD,SD,AGL,CE,Combined TRACON& Tower with Radar,45,41,14,0,100,0,1,2,0,3,45,42,16,0,103,10,0,10,113
05/09/2021,FSD,SD,AGL,CE,Combined TRACON& Tower with Radar,45,19,18,0,82,0,4,6,0,10,45,23,24,0,92,28,0,28,120
05/10/2021,FSD,SD,AGL,CE,Combined TRACON& Tower with Radar,48,51,30,1,130,0,5,20,3,28,48,56,50,4,158,0,0,0,158
05/11/2021,FSD,SD,AGL,CE,Combined TRACON& Tower with Radar,48,54,47,11,160,0,3,50,4,57,48,57,97,15,217,20,20,40,257
05/12/2021,FSD,SD,AGL,CE,Combined TRACON& Tower with Radar,48,58,41,21,168,0,9,21,1,31,48,67,62,22,199,22,30,52,251
05/13/2021,FSD,SD,AGL,CE,Combined TRACON& Tower with Radar,55,59,62,19,195,0,4,17,1,22,55,63,79,20,217,10,12,22,239
05/14/2021,FSD,SD,AGL,CE,Combined TRACON& Tower with Radar,56,60,45,14,175,0,1,13,1,15,56,61,58,15,190,10,16,26,216
05/15/2021,FSD,SD,AGL,CE,Combined TRACON& Tower with Radar,43,38,34,0,115,0,1,30,0,31,43,39,64,0,146,26,0,26,172
05/16/2021,FSD,SD,AGL,CE,Combined TRACON& Tower with Radar,46,27,46,2,121,0,1,9,0,10,46,28,55,2,131,6,0,6,137
05/17/2021,FSD,SD,AGL,CE,Combined TRACON& Tower with Radar,50,41,70,10,171,0,1,11,0,12,50,42,81,10,183,16,8,24,207
05/18/2021,FSD,SD,AGL,CE,Combined TRACON& Tower with Radar,48,75,56,19,198,0,3,6,0,9,48,78,62,19,207,0,0,0,207
05/19/2021,FSD,SD,AGL,CE,Combined TRACON& Tower with Radar,53,59,57,17,186,0,1,3,1,5,53,60,60,18,191,10,10,20,211
05/20/2021,FSD,SD,AGL,CE,Combined TRACON& Tower with Radar,55,61,58,13,187,0,1,13,0,14,55,62,71,13,201,18,2,20,221
05/21/2021,FSD,SD,AGL,CE,Combined TRACON& Tower with Radar,56,48,44,1,149,0,4,12,0,16,56,52,56,1,165,16,0,16,181
05/22/2021,FSD,SD,AGL,CE,Combined TRACON& Tower with Radar,44,21,23,10,98,0,1,18,5,24,44,22,41,15,122,6,0,6,128
05/23/2021,FSD,SD,AGL,CE,Combined TRACON& Tower with Radar,45,15,35,0,95,0,1,9,0,10,45,16,44,0,105,32,0,32,137
05/24/2021,FSD,SD,AGL,CE,Combined TRACON& Tower with Radar,49,47,42,1,139,0,4,16,0,20,49,51,58,1,159,8,0,8,167
05/25/2021,FSD,SD,AGL,CE,Combined TRACON& Tower with Radar,49,65,53,17,184,0,4,21,2,27,49,69,74,19,211,32,20,52,263
05/26/2021,FSD,SD,AGL,CE,Combined TRACON& Tower with Radar,54,54,61,16,185,0,9,44,1,54,54,63,105,17,239,40,24,64,303
05/27/2021,FSD,SD,AGL,CE,Combined TRACON& Tower with Radar,58,65,46,15,184,0,0,0,0,0,58,65,46,15,184,0,0,0,184
05/28/2021,FSD,SD,AGL,CE,Combined TRACON& Tower with Radar,50,50,51,0,151,0,3,6,0,9,50,53,57,0,160,4,0,4,164
05/29/2021,FSD,SD,AGL,CE,Combined TRACON& Tower with Radar,46,37,18,0,101,0,1,5,0,6,46,38,23,0,107,0,0,0,107
05/30/2021,FSD,SD,AGL,CE,Combined TRACON& Tower with Radar,45,17,25,0,87,0,2,10,1,13,45,19,35,1,100,16,0,16,116
05/31/2021,FSD,SD,AGL,CE,Combined TRACON& Tower with Radar,44,18,16,1,79,0,2,23,5,30,44,20,39,6,109,26,12,38,147
06/01/2021,FSD,SD,AGL,CE,Combined TRACON& Tower with Radar,48,54,48,8,158,0,6,41,0,47,48,60,89,8,205,36,10,46,251
06/02/2021,FSD,SD,AGL,CE,Combined TRACON& Tower with Radar,58,59,44,18,179,0,2,17,0,19,58,61,61,18,198,58,12,70,268
06/03/2021,FSD,SD,AGL,CE,Combined TRACON& Tower with Radar,53,59,42,12,166,0,3,16,4,23,53,62,58,16,189,12,14,26,215
06/04/2021,FSD,SD,AGL,CE,Combined TRACON& Tower with Radar,46,52,31,6,135,0,1,31,0,32,46,53,62,6,167,20,6,26,193
06/05/2021,FSD,SD,AGL,CE,Combined TRACON& Tower with Radar,45,41,29,7,122,0,1,29,1,31,45,42,58,8,153,14,10,24,177
06/06/2021,FSD,SD,AGL,CE,Combined TRACON& Tower with Radar,35,25,24,6,90,0,4,8,0,12,35,29,32,6,102,0,0,0,102
06/07/2021,FSD,SD,AGL,CE,Combined TRACON& Tower with Radar,36,51,56,2,145,0,5,29,0,34,36,56,85,2,179,14,0,14,193
06/08/2021,FSD,SD,AGL,CE,Combined TRACON& Tower with Radar,46,78,59,18,201,0,3,18,1,22,46,81,77,19,223,26,14,40,263
06/09/2021,FSD,SD,AGL,CE,Combined TRACON& Tower with Radar,58,65,64,23,210,0,0,35,0,35,58,65,99,23,245,24,20,44,289
06/10/2021,FSD,SD,AGL,CE,Combined TRACON& Tower with Radar,53,68,60,5,186,0,3,34,0,37,53,71,94,5,223,10,6,16,239
06/11/2021,FSD,SD,AGL,CE,Combined TRACON& Tower with Radar,44,59,44,3,150,0,10,11,1,22,44,69,55,4,172,6,2,8,180
06/12/2021,FSD,SD,AGL,CE,Combined TRACON& Tower with Radar,45,48,27,2,122,0,10,26,2,38,45,58,53,4,160,34,0,34,194
06/13/2021,FSD,SD,AGL,CE,Combined TRACON& Tower with Radar,38,30,28,0,96,0,1,16,0,17,38,31,44,0,113,4,0,4,117
06/14/2021,FSD,SD,AGL,CE,Combined TRACON& Tower with Radar,45,59,48,0,152,0,1,20,1,22,45,60,68,1,174,12,0,12,186
06/15/2021,FSD,SD,AGL,CE,Combined TRACON& Tower with Radar,48,74,69,1,192,0,6,29,0,35,48,80,98,1,227,34,0,34,261
06/16/2021,FSD,SD,AGL,CE,Combined TRACON& Tower with Radar,55,63,51,1,170,0,11,24,2,37,55,74,75,3,207,16,0,16,223
06/17/2021,FSD,SD,AGL,CE,Combined TRACON& Tower with Radar,61,57,54,3,175,0,3,22,0,25,61,60,76,3,200,16,8,24,224
06/18/2021,FSD,SD,AGL,CE,Combined TRACON& Tower with Radar,43,66,54,2,165,0,11,38,0,49,43,77,92,2,214,20,0,20,234
06/19/2021,FSD,SD,AGL,CE,Combined TRACON& Tower with Radar,44,42,22,0,108,0,3,37,2,42,44,45,59,2,150,24,0,24,174
06/20/2021,FSD,SD,AGL,CE,Combined TRACON& Tower with Radar,41,36,24,2,103,0,0,7,1,8,41,36,31,3,111,0,0,0,111
06/21/2021,FSD,SD,AGL,CE,Combined TRACON& Tower with Radar,40,39,49,0,128,0,7,27,0,34,40,46,76,0,162,8,0,8,170
06/22/2021,FSD,SD,AGL,CE,Combined TRACON& Tower with Radar,46,76,59,14,195,0,10,40,3,53,46,86,99,17,248,26,6,32,280
06/23/2021,FSD,SD,AGL,CE,Combined TRACON& Tower with Radar,53,61,54,13,181,0,3,30,0,33,53,64,84,13,214,8,26,34,248
06/24/2021,FSD,SD,AGL,CE,Combined TRACON& Tower with Radar,51,69,49,15,184,0,4,21,1,26,51,73,70,16,210,6,22,28,238
06/25/2021,FSD,SD,AGL,CE,Combined TRACON& Tower with Radar,42,60,44,17,163,0,7,22,1,30,42,67,66,18,193,10,18,28,221
06/26/2021,FSD,SD,AGL,CE,Combined TRACON& Tower with Radar,47,36,16,0,99,0,1,10,1,12,47,37,26,1,111,4,0,4,115
06/27/2021,FSD,SD,AGL,CE,Combined TRACON& Tower with Radar,44,35,24,0,103,0,2,12,1,15,44,37,36,1,118,32,0,32,150
06/28/2021,FSD,SD,AGL,CE,Combined TRACON& Tower with Radar,41,50,35,6,132,0,4,13,0,17,41,54,48,6,149,6,0,6,155
06/29/2021,FSD,SD,AGL,CE,Combined TRACON& Tower with Radar,54,71,46,12,183,0,13,31,0,44,54,84,77,12,227,48,18,66,293
06/30/2021,FSD,SD,AGL,CE,Combined TRACON& Tower with Radar,46,59,39,17,161,0,16,39,2,57,46,75,78,19,218,62,10,72,290
07/01/2021,FSD,SD,AGL,CE,Combined TRACON& Tower with Radar,46,69,35,13,163,0,6,33,0,39,46,75,68,13,202,46,0,46,248
07/02/2021,FSD,SD,AGL,CE,Combined TRACON& Tower with Radar,40,61,38,0,139,0,5,34,0,39,40,66,72,0,178,18,0,18,196
07/03/2021,FSD,SD,AGL,CE,Combined TRACON& Tower with Radar,38,54,19,0,111,0,1,17,0,18,38,55,36,0,129,12,0,12,141
07/04/2021,FSD,SD,AGL,CE,Combined TRACON& Tower with Radar,35,44,21,0,100,0,2,14,0,16,35,46,35,0,116,6,0,6,122
07/05/2021,FSD,SD,AGL,CE,Combined TRACON& Tower with Radar,34,39,41,0,114,0,1,21,0,22,34,40,62,0,136,44,0,44,180
07/06/2021,FSD,SD,AGL,CE,Combined TRACON& Tower with Radar,44,70,37,5,156,0,4,8,0,12,44,74,45,5,168,8,0,8,176
07/07/2021,FSD,SD,AGL,CE,Combined TRACON& Tower with Radar,47,71,54,12,184,0,6,18,0,24,47,77,72,12,208,62,4,66,274
07/08/2021,FSD,SD,AGL,CE,Combined TRACON& Tower with Radar,50,68,54,11,183,0,0,30,0,30,50,68,84,11,213,4,2,6,219
07/09/2021,FSD,SD,AGL,CE,Combined TRACON& Tower with Radar,41,77,47,8,173,0,0,27,0,27,41,77,74,8,200,12,12,24,224
07/10/2021,FSD,SD,AGL,CE,Combined TRACON& Tower with Radar,46,38,23,0,107,0,0,1,0,1,46,38,24,0,108,0,0,0,108
07/11/2021,FSD,SD,AGL,CE,Combined TRACON& Tower with Radar,39,40,28,4,111,0,3,24,1,28,39,43,52,5,139,26,4,30,169
07/12/2021,FSD,SD,AGL,CE,Combined TRACON& Tower with Radar,37,54,40,0,131,0,3,51,0,54,37,57,91,0,185,22,0,22,207
07/13/2021,FSD,SD,AGL,CE,Combined TRACON& Tower with Radar,48,77,54,10,189,0,4,59,0,63,48,81,113,10,252,90,24,114,366
07/14/2021,FSD,SD,AGL,CE,Combined TRACON& Tower with Radar,48,77,57,4,186,0,2,11,0,13,48,79,68,4,199,4,0,4,203
07/15/2021,FSD,SD,AGL,CE,Combined TRACON& Tower with Radar,47,68,81,12,208,0,6,41,0,47,47,74,122,12,255,58,18,76,331
07/16/2021,FSD,SD,AGL,CE,Combined TRACON& Tower with Radar,42,71,54,4,171,0,9,35,1,45,42,80,89,5,216,14,0,14,230
07/17/2021,FSD,SD,AGL,CE,Combined TRACON& Tower with Radar,44,48,26,0,118,0,2,19,0,21,44,50,45,0,139,4,0,4,143
07/18/2021,FSD,SD,AGL,CE,Combined TRACON& Tower with Radar,39,39,39,0,117,0,5,29,2,36,39,44,68,2,153,24,0,24,177
07/19/2021,FSD,SD,AGL,CE,Combined TRACON& Tower with Radar,40,69,53,8,170,0,7,20,1,28,40,76,73,9,198,36,6,42,240
07/20/2021,FSD,SD,AGL,CE,Combined TRACON& Tower with Radar,43,79,61,2,185,0,10,34,1,45,43,89,95,3,230,44,4,48,278
07/21/2021,FSD,SD,AGL,CE,Combined TRACON& Tower with Radar,48,81,62,3,194,0,6,25,1,32,48,87,87,4,226,10,0,10,236
07/22/2021,FSD,SD,AGL,CE,Combined TRACON& Tower with Radar,49,70,44,3,166,0,4,24,0,28,49,74,68,3,194,4,0,4,198
07/23/2021,FSD,SD,AGL,CE,Combined TRACON& Tower with Radar,42,67,59,0,168,0,2,50,2,54,42,69,109,2,222,14,12,26,248
07/24/2021,FSD,SD,AGL,CE,Combined TRACON& Tower with Radar,42,48,29,12,131,0,8,33,2,43,42,56,62,14,174,20,14,34,208
07/25/2021,FSD,SD,AGL,CE,Combined TRACON& Tower with Radar,38,36,50,4,128,0,3,35,1,39,38,39,85,5,167,28,6,34,201
07/26/2021,FSD,SD,AGL,CE,Combined TRACON& Tower with Radar,39,57,40,0,136,0,3,18,0,21,39,60,58,0,157,16,0,16,173
07/27/2021,FSD,SD,AGL,CE,Combined TRACON& Tower with Radar,45,69,65,13,192,0,2,32,2,36,45,71,97,15,228,36,24,60,288
07/28/2021,FSD,SD,AGL,CE,Combined TRACON& Tower with Radar,45,70,59,11,185,0,0,31,3,34,45,70,90,14,219,16,12,28,247
07/29/2021,FSD,SD,AGL,CE,Combined TRACON& Tower with Radar,47,70,79,11,207,0,0,7,0,7,47,70,86,11,214,0,0,0,214
07/30/2021,FSD,SD,AGL,CE,Combined TRACON& Tower with Radar,51,74,39,16,180,1,0,0,0,1,52,74,39,16,181,0,0,0,181
07/31/2021,FSD,SD,AGL,CE,Combined TRACON& Tower with Radar,47,51,41,0,139,0,0,8,0,8,47,51,49,0,147,0,0,0,147
08/01/2021,FSD,SD,AGL,CE,Combined TRACON& Tower with Radar,40,27,48,0,115,0,3,35,0,38,40,30,83,0,153,28,0,28,181
08/02/2021,FSD,SD,AGL,CE,Combined TRACON& Tower with Radar,40,64,43,8,155,0,2,41,4,47,40,66,84,12,202,45,0,45,247
08/03/2021,FSD,SD,AGL,CE,Combined TRACON& Tower with Radar,44,72,62,12,190,0,4,31,2,37,44,76,93,14,227,54,6,60,287
08/04/2021,FSD,SD,AGL,CE,Combined TRACON& Tower with Radar,36,85,61,8,190,0,1,33,14,48,36,86,94,22,238,18,0,18,256
08/05/2021,FSD,SD,AGL,CE,Combined TRACON& Tower with Radar,48,79,83,11,221,0,1,46,7,54,48,80,129,18,275,4,18,22,297
08/06/2021,FSD,SD,AGL,CE,Combined TRACON& Tower with Radar,47,59,55,25,186,0,3,69,6,78,47,62,124,31,264,40,4,44,308
08/07/2021,FSD,SD,AGL,CE,Combined TRACON& Tower with Radar,42,48,25,1,116,0,3,42,13,58,42,51,67,14,174,4,0,4,178
08/08/2021,FSD,SD,AGL,CE,Combined TRACON& Tower with Radar,37,41,37,3,118,0,2,77,10,89,37,43,114,13,207,16,4,20,227
08/09/2021,FSD,SD,AGL,CE,Combined TRACON& Tower with Radar,41,35,49,5,130,0,2,33,1,36,41,37,82,6,166,16,0,16,182
08/10/2021,FSD,SD,AGL,CE,Combined TRACON& Tower with Radar,45,50,54,9,158,0,5,25,1,31,45,55,79,10,189,36,2,38,227
08/11/2021,FSD,SD,AGL,CE,Combined TRACON& Tower with Radar,53,73,78,6,210,0,7,32,1,40,53,80,110,7,250,50,4,54,304
08/12/2021,FSD,SD,AGL,CE,Combined TRACON& Tower with Radar,51,70,61,8,190,0,5,34,0,39,51,75,95,8,229,18,6,24,253
08/13/2021,FSD,SD,AGL,CE,Combined TRACON& Tower with Radar,42,73,63,2,180,0,11,46,0,57,42,84,109,2,237,68,0,68,305
08/14/2021,FSD,SD,AGL,CE,Combined TRACON& Tower with Radar,40,37,35,0,112,0,3,29,1,33,40,40,64,1,145,12,0,12,157
08/15/2021,FSD,SD,AGL,CE,Combined TRACON& Tower with Radar,38,32,33,0,103,0,1,33,1,35,38,33,66,1,138,4,0,4,142
08/16/2021,FSD,SD,AGL,CE,Combined TRACON& Tower with Radar,43,60,47,0,150,0,4,17,0,21,43,64,64,0,171,20,0,20,191
08/17/2021,FSD,SD,AGL,CE,Combined TRACON& Tower with Radar,40,67,47,2,156,0,8,12,1,21,40,75,59,3,177,12,0,12,189
08/18/2021,FSD,SD,AGL,CE,Combined TRACON& Tower with Radar,44,58,64,9,175,0,6,18,1,25,44,64,82,10,200,12,18,30,230
08/19/2021,FSD,SD,AGL,CE,Combined TRACON& Tower with Radar,49,68,49,9,175,0,3,22,0,25,49,71,71,9,200,14,0,14,214
08/20/2021,FSD,SD,AGL,CE,Combined TRACON& Tower with Radar,45,71,42,1,159,0,1,2,0,3,45,72,44,1,162,0,0,0,162
08/21/2021,FSD,SD,AGL,CE,Combined TRACON& Tower with Radar,41,49,40,0,130,0,7,15,2,24,41,56,55,2,154,8,0,8,162
08/22/2021,FSD,SD,AGL,CE,Combined TRACON& Tower with Radar,41,47,33,0,121,0,1,14,1,16,41,48,47,1,137,2,0,2,139
08/23/2021,FSD,SD,AGL,CE,Combined TRACON& Tower with Radar,43,54,50,18,165,0,4,13,0,17,43,58,63,18,182,8,0,8,190
08/24/2021,FSD,SD,AGL,CE,Combined TRACON& Tower with Radar,52,69,60,7,188,0,7,27,1,35,52,76,87,8,223,26,0,26,249
08/25/2021,FSD,SD,AGL,CE,Combined TRACON& Tower with Radar,46,59,49,9,163,0,0,17,0,17,46,59,66,9,180,20,0,20,200
08/26/2021,FSD,SD,AGL,CE,Combined TRACON& Tower with Radar,50,62,51,5,168,0,3,6,0,9,50,65,57,5,177,0,2,2,179
08/27/2021,FSD,SD,AGL,CE,Combined TRACON& Tower with Radar,48,64,32,0,144,0,1,8,0,9,48,65,40,0,153,0,0,0,153
08/28/2021,FSD,SD,AGL,CE,Combined TRACON& Tower with Radar,36,31,20,0,87,0,1,9,0,10,36,32,29,0,97,0,0,0,97
08/29/2021,FSD,SD,AGL,CE,Combined TRACON& Tower with Radar,41,36,38,0,115,0,7,37,0,44,41,43,75,0,159,32,0,32,191
08/30/2021,FSD,SD,AGL,CE,Combined TRACON& Tower with Radar,40,57,37,0,134,0,5,17,0,22,40,62,54,0,156,8,0,8,164
08/31/2021,FSD,SD,AGL,CE,Combined TRACON& Tower with Radar,46,67,60,12,185,0,11,25,2,38,46,78,85,14,223,28,4,32,255
09/01/2021,FSD,SD,AGL,CE,Combined TRACON& Tower with Radar,46,62,52,8,168,0,2,30,0,32,46,64,82,8,200,16,0,16,216
09/02/2021,FSD,SD,AGL,CE,Combined TRACON& Tower with Radar,60,78,57,2,197,0,0,2,0,2,60,78,59,2,199,0,0,0,199
09/03/2021,FSD,SD,AGL,CE,Combined TRACON& Tower with Radar,52,81,41,0,174,0,0,4,0,4,52,81,45,0,178,8,0,8,186
09/04/2021,FSD,SD,AGL,CE,Combined TRACON& Tower with Radar,40,48,22,0,110,0,6,23,2,31,40,54,45,2,141,2,0,2,143
09/05/2021,FSD,SD,AGL,CE,Combined TRACON& Tower with Radar,35,36,22,0,93,0,10,30,0,40,35,46,52,0,133,36,0,36,169
09/06/2021,FSD,SD,AGL,CE,Combined TRACON& Tower with Radar,36,39,42,0,117,0,7,22,0,29,36,46,64,0,146,26,0,26,172
09/07/2021,FSD,SD,AGL,CE,Combined TRACON& Tower with Radar,41,65,37,10,153,0,8,25,2,35,41,73,62,12,188,38,10,48,236
09/08/2021,FSD,SD,AGL,CE,Combined TRACON& Tower with Radar,46,73,56,10,185,0,14,33,1,48,46,87,89,11,233,6,4,10,243
09/09/2021,FSD,SD,AGL,CE,Combined TRACON& Tower with Radar,50,81,65,8,204,0,13,29,2,44,50,94,94,10,248,4,12,16,264
09/10/2021,FSD,SD,AGL,CE,Combined TRACON& Tower with Radar,47,59,36,4,146,0,6,26,0,32,47,65,62,4,178,30,2,32,210
09/11/2021,FSD,SD,AGL,CE,Combined TRACON& Tower with Radar,41,45,21,1,108,0,11,20,0,31,41,56,41,1,139,8,0,8,147
09/12/2021,FSD,SD,AGL,CE,Combined TRACON& Tower with Radar,37,43,36,5,121,0,3,19,1,23,37,46,55,6,144,12,12,24,168
09/13/2021,FSD,SD,AGL,CE,Combined TRACON& Tower with Radar,43,60,51,0,154,0,1,2,0,3,43,61,53,0,157,0,0,0,157
09/14/2021,FSD,SD,AGL,CE,Combined TRACON& Tower with Radar,46,83,64,11,204,0,2,19,0,21,46,85,83,11,225,0,2,2,227
09/15/2021,FSD,SD,AGL,CE,Combined TRACON& Tower with Radar,41,72,53,16,182,0,8,31,1,40,41,80,84,17,222,2,20,22,244
09/16/2021,FSD,SD,AGL,CE,Combined TRACON& Tower with Radar,53,76,53,3,185,0,7,23,0,30,53,83,76,3,215,0,0,0,215
09/17/2021,FSD,SD,AGL,CE,Combined TRACON& Tower with Radar,45,86,63,9,203,0,10,36,1,47,45,96,99,10,250,2,6,8,258
09/18/2021,FSD,SD,AGL,CE,Combined TRACON& Tower with Radar,38,42,30,0,110,0,3,22,2,27,38,45,52,2,137,12,0,12,149
09/19/2021,FSD,SD,AGL,CE,Combined TRACON& Tower with Radar,43,59,32,0,134,0,3,5,0,8,43,62,37,0,142,0,0,0,142
09/20/2021,FSD,SD,AGL,CE,Combined TRACON& Tower with Radar,42,56,46,18,162,0,2,5,0,7,42,58,51,18,169,8,0,8,177
09/21/2021,FSD,SD,AGL,CE,Combined TRACON& Tower with Radar,48,74,49,9,180,0,1,25,0,26,48,75,74,9,206,6,0,6,212
09/22/2021,FSD,SD,AGL,CE,Combined TRACON& Tower with Radar,48,61,52,2,163,0,9,34,0,43,48,70,86,2,206,20,0,20,226
09/23/2021,FSD,SD,AGL,CE,Combined TRACON& Tower with Radar,53,65,47,0,165,0,7,18,2,27,53,72,65,2,192,8,0,8,200
09/24/2021,FSD,SD,AGL,CE,Combined TRACON& Tower with Radar,50,69,56,0,175,0,2,24,0,26,50,71,80,0,201,4,0,4,205
09/25/2021,FSD,SD,AGL,CE,Combined TRACON& Tower with Radar,43,38,24,0,105,0,5,16,0,21,43,43,40,0,126,6,0,6,132
09/26/2021,FSD,SD,AGL,CE,Combined TRACON& Tower with Radar,41,39,45,2,127,0,6,22,2,30,41,45,67,4,157,4,0,4,161
09/27/2021,FSD,SD,AGL,CE,Combined TRACON& Tower with Radar,43,64,43,2,152,0,3,31,0,34,43,67,74,2,186,0,0,0,186
09/28/2021,FSD,SD,AGL,CE,Combined TRACON& Tower with Radar,48,73,49,2,172,0,6,21,0,27,48,79,70,2,199,18,0,18,217
09/29/2021,FSD,SD,AGL,CE,Combined TRACON& Tower with Radar,44,63,40,0,147,0,3,19,0,22,44,66,59,0,169,4,0,4,173
09/30/2021,FSD,SD,AGL,CE,Combined TRACON& Tower with Radar,51,67,51,3,172,0,0,9,0,9,51,67,60,3,181,0,0,0,181
10/01/2021,FSD,SD,AGL,CE,Combined TRACON& Tower with Radar,55,79,54,0,188,0,1,1,0,2,55,80,55,0,190,0,0,0,190
10/02/2021,FSD,SD,AGL,CE,Combined TRACON& Tower with Radar,50,58,22,11,141,0,1,2,2,5,50,59,24,13,146,0,0,0,146
10/03/2021,FSD,SD,AGL,CE,Combined TRACON& Tower with Radar,41,32,42,6,121,0,2,38,0,40,41,34,80,6,161,18,10,28,189
10/04/2021,FSD,SD,AGL,CE,Combined TRACON& Tower with Radar,47,60,58,0,165,0,2,27,0,29,47,62,85,0,194,44,0,44,238
10/05/2021,FSD,SD,AGL,CE,Combined TRACON& Tower with Radar,42,65,57,12,176,0,6,41,0,47,42,71,98,12,223,70,10,80,303
10/06/2021,FSD,SD,AGL,CE,Combined TRACON& Tower with Radar,44,81,82,19,226,0,4,19,2,25,44,85,101,21,251,22,2,24,275
10/07/2021,FSD,SD,AGL,CE,Combined TRACON& Tower with Radar,52,87,59,19,217,0,3,15,0,18,52,90,74,19,235,6,0,6,241
10/08/2021,FSD,SD,AGL,CE,Combined TRACON& Tower with Radar,42,51,44,0,137,0,2,22,0,24,42,53,66,0,161,12,0,12,173
10/09/2021,FSD,SD,AGL,CE,Combined TRACON& Tower with Radar,46,37,25,0,108,0,2,14,0,16,46,39,39,0,124,0,0,0,124
10/10/2021,FSD,SD,AGL,CE,Combined TRACON& Tower with Radar,41,42,53,0,136,0,4,4,0,8,41,46,57,0,144,0,0,0,144
10/11/2021,FSD,SD,AGL,CE,Combined TRACON& Tower with Radar,41,57,42,0,140,0,9,44,1,54,41,66,86,1,194,22,0,22,216
10/12/2021,FSD,SD,AGL,CE,Combined TRACON& Tower with Radar,47,58,63,12,180,0,6,35,2,43,47,64,98,14,223,34,6,40,263
10/13/2021,FSD,SD,AGL,CE,Combined TRACON& Tower with Radar,42,73,50,5,170,0,6,5,0,11,42,79,55,5,181,0,0,0,181
10/14/2021,FSD,SD,AGL,CE,Combined TRACON& Tower with Radar,52,82,58,11,203,0,4,14,0,18,52,86,72,11,221,0,4,4,225
10/15/2021,FSD,SD,AGL,CE,Combined TRACON& Tower with Radar,45,70,46,18,179,0,12,9,1,22,45,82,55,19,201,0,4,4,205
10/16/2021,FSD,SD,AGL,CE,Combined TRACON& Tower with Radar,43,38,26,4,111,0,4,30,1,35,43,42,56,5,146,20,4,24,170
10/17/2021,FSD,SD,AGL,CE,Combined TRACON& Tower with Radar,42,50,56,0,148,0,6,31,1,38,42,56,87,1,186,8,0,8,194
10/18/2021,FSD,SD,AGL,CE,Combined TRACON& Tower with Radar,36,52,48,15,151,0,4,19,0,23,36,56,67,15,174,20,0,20,194
10/19/2021,FSD,SD,AGL,CE,Combined TRACON& Tower with Radar,45,82,59,10,196,0,13,21,0,34,45,95,80,10,230,28,4,32,262
10/20/2021,FSD,SD,AGL,CE,Combined TRACON& Tower with Radar,50,87,47,7,191,0,0,0,0,0,50,87,47,7,191,0,0,0,191
10/21/2021,FSD,SD,AGL,CE,Combined TRACON& Tower with Radar,48,90,54,10,202,0,10,23,0,33,48,100,77,10,235,0,4,4,239
10/22/2021,FSD,SD,AGL,CE,Combined TRACON& Tower with Radar,38,71,55,0,164,0,2,23,0,25,38,73,78,0,189,28,0,28,217
10/23/2021,FSD,SD,AGL,CE,Combined TRACON& Tower with Radar,41,49,28,0,118,0,1,21,0,22,41,50,49,0,140,0,6,6,146
10/24/2021,FSD,SD,AGL,CE,Combined TRACON& Tower with Radar,43,44,31,6,124,0,2,1,0,3,43,46,32,6,127,4,14,18,145
10/25/2021,FSD,SD,AGL,CE,Combined TRACON& Tower with Radar,39,58,39,1,137,0,9,31,5,45,39,67,70,6,182,36,0,36,218
10/26/2021,FSD,SD,AGL,CE,Combined TRACON& Tower with Radar,50,64,29,19,162,0,0,9,1,10,50,64,38,20,172,0,8,8,180
10/27/2021,FSD,SD,AGL,CE,Combined TRACON& Tower with Radar,47,87,26,1,161,0,0,0,0,0,47,87,26,1,161,0,0,0,161
10/28/2021,FSD,SD,AGL,CE,Combined TRACON& Tower with Radar,54,87,71,21,233,0,5,46,0,51,54,92,117,21,284,2,26,28,312
10/29/2021,FSD,SD,AGL,CE,Combined TRACON& Tower with Radar,41,63,37,10,151,0,4,33,3,40,41,67,70,13,191,30,0,30,221
10/30/2021,FSD,SD,AGL,CE,Combined TRACON& Tower with Radar,42,38,29,0,109,0,6,22,4,32,42,44,51,4,141,24,0,24,165
10/31/2021,FSD,SD,AGL,CE,Combined TRACON& Tower with Radar,40,40,29,0,109,0,6,27,0,33,40,46,56,0,142,12,0,12,154
11/01/2021,FSD,SD,AGL,CE,Combined TRACON& Tower with Radar,36,70,38,2,146,0,2,20,0,22,36,72,58,2,168,16,0,16,184
11/02/2021,FSD,SD,AGL,CE,Combined TRACON& Tower with Radar,38,68,39,25,170,0,4,20,0,24,38,72,59,25,194,20,18,38,232
11/03/2021,FSD,SD,AGL,CE,Combined TRACON& Tower with Radar,34,74,47,31,186,0,7,14,2,23,34,81,61,33,209,16,18,34,243
11/04/2021,FSD,SD,AGL,CE,Combined TRACON& Tower with Radar,46,85,37,7,175,0,1,0,0,1,46,86,37,7,176,0,0,0,176
11/05/2021,FSD,SD,AGL,CE,Combined TRACON& Tower with Radar,37,89,51,12,189,0,1,10,0,11,37,90,61,12,200,8,8,16,216
11/06/2021,FSD,SD,AGL,CE,Combined TRACON& Tower with Radar,29,43,30,25,127,0,4,44,5,53,29,47,74,30,180,4,20,24,204
11/07/2021,FSD,SD,AGL,CE,Combined TRACON& Tower with Radar,31,33,41,9,114,0,3,46,1,50,31,36,87,10,164,20,6,26,190
11/08/2021,FSD,SD,AGL,CE,Combined TRACON& Tower with Radar,31,64,65,2,162,0,6,25,0,31,31,70,90,2,193,0,0,0,193
11/09/2021,FSD,SD,AGL,CE,Combined TRACON& Tower with Radar,33,71,65,14,183,0,3,30,0,33,33,74,95,14,216,0,0,0,216
11/10/2021,FSD,SD,AGL,CE,Combined TRACON& Tower with Radar,30,78,48,6,162,0,2,2,0,4,30,80,50,6,166,0,0,0,166
11/11/2021,FSD,SD,AGL,CE,Combined TRACON& Tower with Radar,44,77,53,0,174,0,0,3,0,3,44,77,56,0,177,0,0,0,177
11/12/2021,FSD,SD,AGL,CE,Combined TRACON& Tower with Radar,35,74,25,0,134,0,0,2,0,2,35,74,27,0,136,6,0,6,142
11/13/2021,FSD,SD,AGL,CE,Combined TRACON& Tower with Radar,26,46,22,0,94,0,0,4,0,4,26,46,26,0,98,4,0,4,102
11/14/2021,FSD,SD,AGL,CE,Combined TRACON& Tower with Radar,31,33,45,0,109,0,3,27,0,30,31,36,72,0,139,4,0,4,143
11/15/2021,FSD,SD,AGL,CE,Combined TRACON& Tower with Radar,34,68,53,13,168,0,3,33,1,37,34,71,86,14,205,26,0,26,231
11/16/2021,FSD,SD,AGL,CE,Combined TRACON& Tower with Radar,34,81,63,15,193,0,4,40,1,45,34,85,103,16,238,12,12,24,262
11/17/2021,FSD,SD,AGL,CE,Combined TRACON& Tower with Radar,29,64,56,16,165,0,2,21,1,24,29,66,77,17,189,0,24,24,213
11/18/2021,FSD,SD,AGL,CE,Combined TRACON& Tower with Radar,39,82,74,34,229,0,5,60,1,66,39,87,134,35,295,34,48,82,377
11/19/2021,FSD,SD,AGL,CE,Combined TRACON& Tower with Radar,40,78,38,4,160,0,6,28,0,34,40,84,66,4,194,10,0,10,204
11/20/2021,FSD,SD,AGL,CE,Combined TRACON& Tower with Radar,28,47,35,2,112,0,2,30,0,32,28,49,65,2,144,24,0,24,168
11/21/2021,FSD,SD,AGL,CE,Combined TRACON& Tower with Radar,36,34,50,0,120,0,2,23,1,26,36,36,73,1,146,2,0,2,148
11/22/2021,FSD,SD,AGL,CE,Combined TRACON& Tower with Radar,38,60,49,0,147,0,3,36,0,39,38,63,85,0,186,28,0,28,214
11/23/2021,FSD,SD,AGL,CE,Combined TRACON& Tower with Radar,42,81,57,21,201,0,5,26,0,31,42,86,83,21,232,2,26,28,260
11/24/2021,FSD,SD,AGL,CE,Combined TRACON& Tower with Radar,45,87,42,10,184,0,2,10,1,13,45,89,52,11,197,4,10,14,211
11/25/2021,FSD,SD,AGL,CE,Combined TRACON& Tower with Radar,20,17,11,0,48,0,0,5,1,6,20,17,16,1,54,10,0,10,64
11/26/2021,FSD,SD,AGL,CE,Combined TRACON& Tower with Radar,33,63,21,0,117,0,2,28,0,30,33,65,49,0,147,32,0,32,179
11/27/2021,FSD,SD,AGL,CE,Combined TRACON& Tower with Radar,32,38,22,0,92,0,2,9,0,11,32,40,31,0,103,0,0,0,103
11/28/2021,FSD,SD,AGL,CE,Combined TRACON& Tower with Radar,34,37,43,1,115,0,1,21,0,22,34,38,64,1,137,4,0,4,141
11/29/2021,FSD,SD,AGL,CE,Combined TRACON& Tower with Radar,37,67,46,0,150,0,6,33,0,39,37,73,79,0,189,36,0,36,225
11/30/2021,FSD,SD,AGL,CE,Combined TRACON& Tower with Radar,34,70,50,9,163,0,8,20,0,28,34,78,70,9,191,6,4,10,201
12/01/2021,FSD,SD,AGL,CE,Combined TRACON& Tower with Radar,33,75,58,22,188,0,0,24,1,25,33,75,82,23,213,18,16,34,247
12/02/2021,FSD,SD,AGL,CE,Combined TRACON& Tower with Radar,46,70,50,8,174,0,0,51,0,51,46,70,101,8,225,34,8,42,267
12/03/2021,FSD,SD,AGL,CE,Combined TRACON& Tower with Radar,46,73,57,9,185,0,8,35,0,43,46,81,92,9,228,20,12,32,260
12/04/2021,FSD,SD,AGL,CE,Combined TRACON& Tower with Radar,25,47,19,4,95,0,2,24,0,26,25,49,43,4,121,14,6,20,141
12/05/2021,FSD,SD,AGL,CE,Combined TRACON& Tower with Radar,43,34,30,6,113,0,4,4,0,8,43,38,34,6,121,0,0,0,121
12/06/2021,FSD,SD,AGL,CE,Combined TRACON& Tower with Radar,42,60,48,5,155,0,6,11,2,19,42,66,59,7,174,0,22,22,196
12/07/2021,FSD,SD,AGL,CE,Combined TRACON& Tower with Radar,33,73,33,21,160,0,1,7,0,8,33,74,40,21,168,0,6,6,174
12/08/2021,FSD,SD,AGL,CE,Combined TRACON& Tower with Radar,37,73,46,14,170,0,6,30,0,36,37,79,76,14,206,8,24,32,238
12/09/2021,FSD,SD,AGL,CE,Combined TRACON& Tower with Radar,43,71,75,13,202,0,9,30,0,39,43,80,105,13,241,20,8,28,269
12/10/2021,FSD,SD,AGL,CE,Combined TRACON& Tower with Radar,27,35,7,0,69,0,0,0,0,0,27,35,7,0,69,0,0,0,69
12/11/2021,FSD,SD,AGL,CE,Combined TRACON& Tower with Radar,29,47,29,0,105,0,7,29,0,36,29,54,58,0,141,0,0,0,141
12/12/2021,FSD,SD,AGL,CE,Combined TRACON& Tower with Radar,35,37,23,0,95,0,2,22,0,24,35,39,45,0,119,28,0,28,147
12/13/2021,FSD,SD,AGL,CE,Combined TRACON& Tower with Radar,39,52,63,15,169,0,2,27,1,30,39,54,90,16,199,22,0,22,221
12/14/2021,FSD,SD,AGL,CE,Combined TRACON& Tower with Radar,35,69,72,19,195,0,10,36,0,46,35,79,108,19,241,34,8,42,283
12/15/2021,FSD,SD,AGL,CE,Combined TRACON& Tower with Radar,36,65,28,11,140,0,2,5,1,8,36,67,33,12,148,0,0,0,148
12/16/2021,FSD,SD,AGL,CE,Combined TRACON& Tower with Radar,42,81,57,1,181,0,12,21,1,34,42,93,78,2,215,2,0,2,217
12/17/2021,FSD,SD,AGL,CE,Combined TRACON& Tower with Radar,48,91,73,0,212,0,0,30,0,30,48,91,103,0,242,32,0,32,274
12/18/2021,FSD,SD,AGL,CE,Combined TRACON& Tower with Radar,39,39,38,0,116,0,0,8,0,8,39,39,46,0,124,22,0,22,146
12/19/2021,FSD,SD,AGL,CE,Combined TRACON& Tower with Radar,34,30,34,0,98,0,3,35,3,41,34,33,69,3,139,36,0,36,175
12/20/2021,FSD,SD,AGL,CE,Combined TRACON& Tower with Radar,49,61,43,0,153,0,9,39,0,48,49,70,82,0,201,30,0,30,231
12/21/2021,FSD,SD,AGL,CE,Combined TRACON& Tower with Radar,46,71,44,17,178,0,0,42,0,42,46,71,86,17,220,52,16,68,288
12/22/2021,FSD,SD,AGL,CE,Combined TRACON& Tower with Radar,54,77,41,15,187,0,6,41,0,47,54,83,82,15,234,74,6,80,314
12/23/2021,FSD,SD,AGL,CE,Combined TRACON& Tower with Radar,50,71,22,9,152,0,4,33,0,37,50,75,55,9,189,44,6,50,239
12/24/2021,FSD,SD,AGL,CE,Combined TRACON& Tower with Radar,39,47,11,0,97,0,6,29,0,35,39,53,40,0,132,10,0,10,142
12/25/2021,FSD,SD,AGL,CE,Combined TRACON& Tower with Radar,21,25,6,0,52,0,0,2,0,2,21,25,8,0,54,0,0,0,54
12/26/2021,FSD,SD,AGL,CE,Combined TRACON& Tower with Radar,30,39,27,0,96,0,2,0,0,2,30,41,27,0,98,0,0,0,98
12/27/2021,FSD,SD,AGL,CE,Combined TRACON& Tower with Radar,43,51,26,2,122,0,7,6,0,13,43,58,32,2,135,6,0,6,141
12/28/2021,FSD,SD,AGL,CE,Combined TRACON& Tower with Radar,33,64,28,11,136,0,1,12,0,13,33,65,40,11,149,8,0,8,157
12/29/2021,FSD,SD,AGL,CE,Combined TRACON& Tower with Radar,45,74,20,6,145,0,1,23,0,24,45,75,43,6,169,10,8,18,187
12/30/2021,FSD,SD,AGL,CE,Combined TRACON& Tower with Radar,36,59,43,4,142,0,7,43,0,50,36,66,86,4,192,16,0,16,208
12/31/2021,FSD,SD,AGL,CE,Combined TRACON& Tower with Radar,36,52,26,0,114,0,1,33,0,34,36,53,59,0,148,10,0,10,158
01/01/2022,FSD,SD,AGL,CE,Combined TRACON& Tower with Radar,22,34,8,0,64,0,2,7,0,9,22,36,15,0,73,0,0,0,73
01/02/2022,FSD,SD,AGL,CE,Combined TRACON& Tower with Radar,26,42,25,0,93,0,0,16,0,16,26,42,41,0,109,0,0,0,109
01/03/2022,FSD,SD,AGL,CE,Combined TRACON& Tower with Radar,41,62,29,0,132,0,2,19,0,21,41,64,48,0,153,58,0,58,211
01/04/2022,FSD,SD,AGL,CE,Combined TRACON& Tower with Radar,34,65,33,17,149,0,0,10,0,10,34,65,43,17,159,0,12,12,171
01/05/2022,FSD,SD,AGL,CE,Combined TRACON& Tower with Radar,27,72,40,0,139,0,0,2,0,2,27,72,42,0,141,0,0,0,141
01/06/2022,FSD,SD,AGL,CE,Combined TRACON& Tower with Radar,36,69,43,0,148,0,3,16,0,19,36,72,59,0,167,0,0,0,167
01/07/2022,FSD,SD,AGL,CE,Combined TRACON& Tower with Radar,39,64,38,9,150,0,3,18,0,21,39,67,56,9,171,34,8,42,213
01/08/2022,FSD,SD,AGL,CE,Combined TRACON& Tower with Radar,18,30,18,11,77,0,0,23,3,26,18,30,41,14,103,20,14,34,137
01/09/2022,FSD,SD,AGL,CE,Combined TRACON& Tower with Radar,30,27,30,5,92,0,3,15,0,18,30,30,45,5,110,14,0,14,124
01/10/2022,FSD,SD,AGL,CE,Combined TRACON& Tower with Radar,26,60,25,0,111,0,2,12,0,14,26,62,37,0,125,24,0,24,149
01/11/2022,FSD,SD,AGL,CE,Combined TRACON& Tower with Radar,31,55,47,21,154,0,1,10,0,11,31,56,57,21,165,6,6,12,177
01/12/2022,FSD,SD,AGL,CE,Combined TRACON& Tower with Radar,28,69,40,16,153,0,3,23,0,26,28,72,63,16,179,12,4,16,195
01/13/2022,FSD,SD,AGL,CE,Combined TRACON& Tower with Radar,35,91,48,16,190,0,0,10,0,10,35,91,58,16,200,0,6,6,206
01/14/2022,FSD,SD,AGL,CE,Combined TRACON& Tower with Radar,40,51,13,0,104,0,0,0,0,0,40,51,13,0,104,0,0,0,104
01/15/2022,FSD,SD,AGL,CE,Combined TRACON& Tower with Radar,19,42,21,0,82,0,6,8,1,15,19,48,29,1,97,14,0,14,111
01/16/2022,FSD,SD,AGL,CE,Combined TRACON& Tower with Radar,27,28,29,0,84,0,1,12,1,14,27,29,41,1,98,26,0,26,124
01/17/2022,FSD,SD,AGL,CE,Combined TRACON& Tower with Radar,34,46,49,0,129,0,0,26,0,26,34,46,75,0,155,14,0,14,169
01/18/2022,FSD,SD,AGL,CE,Combined TRACON& Tower with Radar,27,85,47,9,168,0,4,15,0,19,27,89,62,9,187,8,0,8,195
01/19/2022,FSD,SD,AGL,CE,Combined TRACON& Tower with Radar,29,74,49,7,159,0,1,25,0,26,29,75,74,7,185,18,4,22,207
01/20/2022,FSD,SD,AGL,CE,Combined TRACON& Tower with Radar,38,69,52,11,170,0,6,19,2,27,38,75,71,13,197,34,4,38,235
01/21/2022,FSD,SD,AGL,CE,Combined TRACON& Tower with Radar,37,77,21,8,143,0,2,5,0,7,37,79,26,8,150,2,0,2,152
01/22/2022,FSD,SD,AGL,CE,Combined TRACON& Tower with Radar,22,52,20,2,96,0,0,8,0,8,22,52,28,2,104,12,0,12,116
01/23/2022,FSD,SD,AGL,CE,Combined TRACON& Tower with Radar,30,32,9,0,71,0,0,4,0,4,30,32,13,0,75,0,0,0,75
01/24/2022,FSD,SD,AGL,CE,Combined TRACON& Tower with Radar,35,63,29,16,143,0,1,18,0,19,35,64,47,16,162,2,0,2,164
01/25/2022,FSD,SD,AGL,CE,Combined TRACON& Tower with Radar,28,78,34,17,157,0,2,24,3,29,28,80,58,20,186,4,0,4,190
01/26/2022,FSD,SD,AGL,CE,Combined TRACON& Tower with Radar,30,73,42,17,162,0,4,19,0,23,30,77,61,17,185,28,0,28,213
01/27/2022,FSD,SD,AGL,CE,Combined TRACON& Tower with Radar,38,83,39,15,175,0,7,33,0,40,38,90,72,15,215,44,0,44,259
01/28/2022,FSD,SD,AGL,CE,Combined TRACON& Tower with Radar,48,53,29,0,130,0,7,28,0,35,48,60,57,0,165,38,0,38,203
01/29/2022,FSD,SD,AGL,CE,Combined TRACON& Tower with Radar,24,43,22,0,89,0,1,26,0,27,24,44,48,0,116,50,0,50,166
01/30/2022,FSD,SD,AGL,CE,Combined TRACON& Tower with Radar,29,37,18,0,84,0,0,23,0,23,29,37,41,0,107,10,0,10,117
01/31/2022,FSD,SD,AGL,CE,Combined TRACON& Tower with Radar,35,57,60,0,152,0,5,31,0,36,35,62,91,0,188,8,0,8,196
02/01/2022,FSD,SD,AGL,CE,Combined TRACON& Tower with Radar,27,73,54,10,164,0,3,27,0,30,27,76,81,10,194,4,4,8,202
02/02/2022,FSD,SD,AGL,CE,Combined TRACON& Tower with Radar,31,67,52,10,160,1,7,24,1,33,32,74,76,11,193,12,6,18,211
02/03/2022,FSD,SD,AGL,CE,Combined TRACON& Tower with Radar,29,72,56,15,172,0,6,36,3,45,29,78,92,18,217,48,0,48,265
02/04/2022,FSD,SD,AGL,CE,Combined TRACON& Tower with Radar,37,55,38,6,136,0,4,16,0,20,37,59,54,6,156,0,4,4,160
02/05/2022,FSD,SD,AGL,CE,Combined TRACON& Tower with Radar,20,45,26,9,100,0,4,26,2,32,20,49,52,11,132,30,6,36,168
02/06/2022,FSD,SD,AGL,CE,Combined TRACON& Tower with Radar,32,39,26,0,97,0,0,3,0,3,32,39,29,0,100,2,0,2,102
02/07/2022,FSD,SD,AGL,CE,Combined TRACON& Tower with Radar,38,54,49,0,141,0,8,53,0,61,38,62,102,0,202,66,0,66,268
02/08/2022,FSD,SD,AGL,CE,Combined TRACON& Tower with Radar,26,66,40,11,143,0,2,18,0,20,26,68,58,11,163,8,18,26,189
02/09/2022,FSD,SD,AGL,CE,Combined TRACON& Tower with Radar,27,78,34,13,152,0,2,10,0,12,27,80,44,13,164,6,22,28,192
02/10/2022,FSD,SD,AGL,CE,Combined TRACON& Tower with Radar,41,78,44,11,174,0,1,6,0,7,41,79,50,11,181,6,20,26,207
02/11/2022,FSD,SD,AGL,CE,Combined TRACON& Tower with Radar,39,73,24,11,147,0,0,2,0,2,39,73,26,11,149,0,6,6,155
02/12/2022,FSD,SD,AGL,CE,Combined TRACON& Tower with Radar,24,54,24,0,102,0,1,20,0,21,24,55,44,0,123,6,0,6,129
02/13/2022,FSD,SD,AGL,CE,Combined TRACON& Tower with Radar,34,34,23,0,91,0,3,27,0,30,34,37,50,0,121,4,0,4,125
02/14/2022,FSD,SD,AGL,CE,Combined TRACON& Tower with Radar,39,62,47,0,148,0,5,55,0,60,39,67,102,0,208,14,0,14,222
02/15/2022,FSD,SD,AGL,CE,Combined TRACON& Tower with Radar,28,83,51,11,173,0,10,46,0,56,28,93,97,11,229,38,0,38,267
02/16/2022,FSD,SD,AGL,CE,Combined TRACON& Tower with Radar,36,91,66,16,209,0,5,26,0,31,36,96,92,16,240,18,12,30,270
02/17/2022,FSD,SD,AGL,CE,Combined TRACON& Tower with Radar,40,68,56,14,178,0,8,54,1,63,40,76,110,15,241,92,6,98,339
02/18/2022,FSD,SD,AGL,CE,Combined TRACON& Tower with Radar,35,73,27,1,136,0,3,6,0,9,35,76,33,1,145,0,0,0,145
02/19/2022,FSD,SD,AGL,CE,Combined TRACON& Tower with Radar,31,47,21,1,100,0,5,25,2,32,31,52,46,3,132,12,0,12,144
02/20/2022,FSD,SD,AGL,CE,Combined TRACON& Tower with Radar,28,36,46,0,110,0,1,48,0,49,28,37,94,0,159,16,0,16,175
02/21/2022,FSD,SD,AGL,CE,Combined TRACON& Tower with Radar,32,46,34,0,112,0,1,1,0,2,32,47,35,0,114,0,0,0,114
02/22/2022,FSD,SD,AGL,CE,Combined TRACON& Tower with Radar,31,67,22,0,120,0,0,0,0,0,31,67,22,0,120,0,0,0,120
02/23/2022,FSD,SD,AGL,CE,Combined TRACON& Tower with Radar,35,74,46,14,169,0,8,31,2,41,35,82,77,16,210,24,6,30,240
02/24/2022,FSD,SD,AGL,CE,Combined TRACON& Tower with Radar,32,84,37,0,153,0,0,5,0,5,32,84,42,0,158,2,0,2,160
02/25/2022,FSD,SD,AGL,CE,Combined TRACON& Tower with Radar,33,68,24,2,127,0,13,28,0,41,33,81,52,2,168,14,0,14,182
02/26/2022,FSD,SD,AGL,CE,Combined TRACON& Tower with Radar,32,36,27,1,96,0,3,30,0,33,32,39,57,1,129,10,0,10,139
02/27/2022,FSD,SD,AGL,CE,Combined TRACON& Tower with Radar,27,33,41,0,101,0,9,39,0,48,27,42,80,0,149,46,0,46,195
02/28/2022,FSD,SD,AGL,CE,Combined TRACON& Tower with Radar,35,65,45,0,145,0,3,51,0,54,35,68,96,0,199,0,0,0,199
03/01/2022,FSD,SD,AGL,CE,Combined TRACON& Tower with Radar,30,76,58,8,172,0,1,46,0,47,30,77,104,8,219,76,4,80,299
03/02/2022,FSD,SD,AGL,CE,Combined TRACON& Tower with Radar,36,75,45,11,167,0,1,7,0,8,36,76,52,11,175,0,2,2,177
03/03/2022,FSD,SD,AGL,CE,Combined TRACON& Tower with Radar,38,76,44,17,175,0,2,23,0,25,38,78,67,17,200,24,18,42,242
03/04/2022,FSD,SD,AGL,CE,Combined TRACON& Tower with Radar,42,60,33,7,142,0,1,27,0,28,42,61,60,7,170,0,0,0,170
03/05/2022,FSD,SD,AGL,CE,Combined TRACON& Tower with Radar,34,45,20,0,99,0,0,0,0,0,34,45,20,0,99,0,0,0,99
03/06/2022,FSD,SD,AGL,CE,Combined TRACON& Tower with Radar,30,27,15,0,72,0,1,0,0,1,30,28,15,0,73,0,0,0,73
03/07/2022,FSD,SD,AGL,CE,Combined TRACON& Tower with Radar,35,67,54,0,156,0,3,50,3,56,35,70,104,3,212,72,0,72,284
03/08/2022,FSD,SD,AGL,CE,Combined TRACON& Tower with Radar,33,73,46,13,165,0,2,17,0,19,33,75,63,13,184,6,4,10,194
03/09/2022,FSD,SD,AGL,CE,Combined TRACON& Tower with Radar,38,70,57,14,179,0,3,5,0,8,38,73,62,14,187,4,0,4,191
03/10/2022,FSD,SD,AGL,CE,Combined TRACON& Tower with Radar,38,79,64,13,194,0,2,31,1,34,38,81,95,14,228,30,18,48,276
03/11/2022,FSD,SD,AGL,CE,Combined TRACON& Tower with Radar,39,64,32,5,140,0,8,10,0,18,39,72,42,5,158,10,6,16,174
03/12/2022,FSD,SD,AGL,CE,Combined TRACON& Tower with Radar,38,48,15,0,101,0,1,11,1,13,38,49,26,1,114,14,0,14,128
03/13/2022,FSD,SD,AGL,CE,Combined TRACON& Tower with Radar,27,37,35,0,99,0,2,31,1,34,27,39,66,1,133,16,0,16,149
03/14/2022,FSD,SD,AGL,CE,Combined TRACON& Tower with Radar,33,62,68,16,179,0,0,3,0,3,33,62,71,16,182,40,0,40,222
03/15/2022,FSD,SD,AGL,CE,Combined TRACON& Tower with Radar,32,68,55,17,172,0,6,38,0,44,32,74,93,17,216,4,6,10,226
03/16/2022,FSD,SD,AGL,CE,Combined TRACON& Tower with Radar,40,72,55,18,185,0,11,37,0,48,40,83,92,18,233,32,6,38,271
03/17/2022,FSD,SD,AGL,CE,Combined TRACON& Tower with Radar,38,74,48,12,172,0,6,26,0,32,38,80,74,12,204,40,8,48,252
03/18/2022,FSD,SD,AGL,CE,Combined TRACON& Tower with Radar,40,74,35,10,159,0,0,20,0,20,40,74,55,10,179,52,0,52,231
03/19/2022,FSD,SD,AGL,CE,Combined TRACON& Tower with Radar,34,42,28,0,104,0,9,26,0,35,34,51,54,0,139,30,0,30,169
03/20/2022,FSD,SD,AGL,CE,Combined TRACON& Tower with Radar,25,33,39,0,97,0,8,24,2,34,25,41,63,2,131,18,0,18,149
03/21/2022,FSD,SD,AGL,CE,Combined TRACON& Tower with Radar,36,58,35,0,129,0,2,21,0,23,36,60,56,0,152,10,0,10,162
03/22/2022,FSD,SD,AGL,CE,Combined TRACON& Tower with Radar,26,70,49,7,152,0,0,2,0,2,26,70,51,7,154,0,0,0,154
03/23/2022,FSD,SD,AGL,CE,Combined TRACON& Tower with Radar,38,79,30,14,161,0,0,2,0,2,38,79,32,14,163,4,14,18,181
03/24/2022,FSD,SD,AGL,CE,Combined TRACON& Tower with Radar,40,73,36,12,161,0,2,16,1,19,40,75,52,13,180,38,4,42,222
03/25/2022,FSD,SD,AGL,CE,Combined TRACON& Tower with Radar,42,62,28,5,137,0,4,2,0,6,42,66,30,5,143,0,4,4,147
03/26/2022,FSD,SD,AGL,CE,Combined TRACON& Tower with Radar,36,32,21,0,89,1,4,43,0,48,37,36,64,0,137,56,0,56,193
03/27/2022,FSD,SD,AGL,CE,Combined TRACON& Tower with Radar,30,25,32,0,87,0,2,50,0,52,30,27,82,0,139,30,0,30,169
03/28/2022,FSD,SD,AGL,CE,Combined TRACON& Tower with Radar,39,56,48,2,145,0,14,25,0,39,39,70,73,2,184,0,0,0,184
03/29/2022,FSD,SD,AGL,CE,Combined TRACON& Tower with Radar,33,59,50,11,153,0,2,19,1,22,33,61,69,12,175,6,4,10,185
03/30/2022,FSD,SD,AGL,CE,Combined TRACON& Tower with Radar,39,60,36,0,135,0,0,1,0,1,39,60,37,0,136,0,0,0,136
03/31/2022,FSD,SD,AGL,CE,Combined TRACON& Tower with Radar,42,64,36,9,151,0,2,29,0,31,42,66,65,9,182,46,0,46,228
04/01/2022,FSD,SD,AGL,CE,Combined TRACON& Tower with Radar,40,55,34,4,133,0,1,29,0,30,40,56,63,4,163,10,0,10,173
04/02/2022,FSD,SD,AGL,CE,Combined TRACON& Tower with Radar,36,33,24,0,93,0,2,34,0,36,36,35,58,0,129,46,0,46,175
04/03/2022,FSD,SD,AGL,CE,Combined TRACON& Tower with Radar,30,19,16,0,65,0,0,12,0,12,30,19,28,0,77,0,0,0,77
04/04/2022,FSD,SD,AGL,CE,Combined TRACON& Tower with Radar,38,61,50,0,149,0,6,24,0,30,38,67,74,0,179,38,0,38,217
04/05/2022,FSD,SD,AGL,CE,Combined TRACON& Tower with Radar,31,81,36,0,148,0,3,6,0,9,31,84,42,0,157,0,0,0,157
04/06/2022,FSD,SD,AGL,CE,Combined TRACON& Tower with Radar,37,85,43,3,168,0,2,1,1,4,37,87,44,4,172,0,2,2,174
04/07/2022,FSD,SD,AGL,CE,Combined TRACON& Tower with Radar,31,78,30,0,139,0,0,0,0,0,31,78,30,0,139,0,0,0,139
04/08/2022,FSD,SD,AGL,CE,Combined TRACON& Tower with Radar,40,73,38,0,151,0,5,23,0,28,40,78,61,0,179,34,0,34,213
04/09/2022,FSD,SD,AGL,CE,Combined TRACON& Tower with Radar,31,34,20,0,85,0,4,28,0,32,31,38,48,0,117,16,0,16,133
04/10/2022,FSD,SD,AGL,CE,Combined TRACON& Tower with Radar,26,33,39,0,98,0,1,21,0,22,26,34,60,0,120,22,0,22,142
04/11/2022,FSD,SD,AGL,CE,Combined TRACON& Tower with Radar,35,62,56,1,154,0,5,28,2,35,35,67,84,3,189,38,0,38,227
04/12/2022,FSD,SD,AGL,CE,Combined TRACON& Tower with Radar,32,67,54,0,153,0,1,5,0,6,32,68,59,0,159,0,0,0,159
04/13/2022,FSD,SD,AGL,CE,Combined TRACON& Tower with Radar,46,67,42,1,156,0,0,5,0,5,46,67,47,1,161,4,0,4,165
04/14/2022,FSD,SD,AGL,CE,Combined TRACON& Tower with Radar,41,46,29,0,116,0,1,2,0,3,41,47,31,0,119,0,0,0,119
04/15/2022,FSD,SD,AGL,CE,Combined TRACON& Tower with Radar,39,59,40,5,143,0,1,11,0,12,39,60,51,5,155,20,0,20,175
04/16/2022,FSD,SD,AGL,CE,Combined TRACON& Tower with Radar,35,29,18,2,84,0,3,27,0,30,35,32,45,2,114,10,0,10,124
04/17/2022,FSD,SD,AGL,CE,Combined TRACON& Tower with Radar,30,30,7,3,70,0,2,3,0,5,30,32,10,3,75,0,0,0,75
04/18/2022,FSD,SD,AGL,CE,Combined TRACON& Tower with Radar,40,61,43,3,147,0,3,14,0,17,40,64,57,3,164,14,0,14,178
04/19/2022,FSD,SD,AGL,CE,Combined TRACON& Tower with Radar,28,105,65,11,209,0,4,16,1,21,28,109,81,12,230,2,8,10,240
04/20/2022,FSD,SD,AGL,CE,Combined TRACON& Tower with Radar,39,79,44,28,190,0,0,21,3,24,39,79,65,31,214,18,22,40,254
04/21/2022,FSD,SD,AGL,CE,Combined TRACON& Tower with Radar,41,75,60,12,188,0,8,37,0,45,41,83,97,12,233,54,10,64,297
04/22/2022,FSD,SD,AGL,CE,Combined TRACON& Tower with Radar,40,84,38,9,171,0,0,0,0,0,40,84,38,9,171,0,0,0,171
04/23/2022,FSD,SD,AGL,CE,Combined TRACON& Tower with Radar,40,45,13,2,100,0,1,0,0,1,40,46,13,2,101,0,0,0,101
04/24/2022,FSD,SD,AGL,CE,Combined TRACON& Tower with Radar,28,35,22,0,85,0,2,0,0,2,28,37,22,0,87,0,0,0,87
04/25/2022,FSD,SD,AGL,CE,Combined TRACON& Tower with Radar,35,59,45,2,141,0,2,16,0,18,35,61,61,2,159,8,0,8,167
04/26/2022,FSD,SD,AGL,CE,Combined TRACON& Tower with Radar,33,76,69,15,193,0,3,47,1,51,33,79,116,16,244,28,26,54,298
04/27/2022,FSD,SD,AGL,CE,Combined TRACON& Tower with Radar,41,75,47,10,173,0,3,23,1,27,41,78,70,11,200,4,10,14,214
04/28/2022,FSD,SD,AGL,CE,Combined TRACON& Tower with Radar,42,79,66,14,201,0,3,19,0,22,42,82,85,14,223,2,0,2,225
04/29/2022,FSD,SD,AGL,CE,Combined TRACON& Tower with Radar,39,66,39,1,145,0,0,0,0,0,39,66,39,1,145,0,0,0,145
04/30/2022,FSD,SD,AGL,CE,Combined TRACON& Tower with Radar,33,44,17,1,95,0,1,0,0,1,33,45,17,1,96,0,0,0,96
05/01/2022,FSD,SD,AGL,CE,Combined TRACON& Tower with Radar,30,26,16,8,80,0,1,0,1,2,30,27,16,9,82,0,0,0,82
05/02/2022,FSD,SD,AGL,CE,Combined TRACON& Tower with Radar,32,49,54,1,136,0,2,1,0,3,32,51,55,1,139,4,0,4,143
05/03/2022,FSD,SD,AGL,CE,Combined TRACON& Tower with Radar,33,79,56,15,183,0,1,26,0,27,33,80,82,15,210,0,0,0,210
05/04/2022,FSD,SD,AGL,CE,Combined TRACON& Tower with Radar,41,81,54,17,193,0,1,28,0,29,41,82,82,17,222,52,26,78,300
05/05/2022,FSD,SD,AGL,CE,Combined TRACON& Tower with Radar,43,79,52,14,188,0,2,2,0,4,43,81,54,14,192,12,0,12,204
05/06/2022,FSD,SD,AGL,CE,Combined TRACON& Tower with Radar,41,69,46,17,173,0,0,29,0,29,41,69,75,17,202,16,14,30,232
05/07/2022,FSD,SD,AGL,CE,Combined TRACON& Tower with Radar,36,33,34,0,103,0,2,18,1,21,36,35,52,1,124,10,0,10,134
05/08/2022,FSD,SD,AGL,CE,Combined TRACON& Tower with Radar,35,34,24,0,93,0,1,1,0,2,35,35,25,0,95,0,0,0,95
05/09/2022,FSD,SD,AGL,CE,Combined TRACON& Tower with Radar,39,44,41,2,126,0,3,7,0,10,39,47,48,2,136,22,2,24,160
05/10/2022,FSD,SD,AGL,CE,Combined TRACON& Tower with Radar,38,69,32,20,159,0,7,34,1,42,38,76,66,21,201,56,24,80,281
05/11/2022,FSD,SD,AGL,CE,Combined TRACON& Tower with Radar,53,73,40,7,173,0,1,6,0,7,53,74,46,7,180,0,4,4,184
05/12/2022,FSD,SD,AGL,CE,Combined TRACON& Tower with Radar,45,58,55,0,158,0,4,18,2,24,45,62,73,2,182,0,0,0,182
05/13/2022,FSD,SD,AGL,CE,Combined TRACON& Tower with Radar,43,70,37,9,159,0,1,37,2,40,43,71,74,11,199,16,16,32,231
05/14/2022,FSD,SD,AGL,CE,Combined TRACON& Tower with Radar,41,33,22,0,96,0,2,20,0,22,41,35,42,0,118,14,0,14,132
05/15/2022,FSD,SD,AGL,CE,Combined TRACON& Tower with Radar,36,31,26,0,93,0,5,22,0,27,36,36,48,0,120,24,0,24,144
05/16/2022,FSD,SD,AGL,CE,Combined TRACON& Tower with Radar,39,59,39,0,137,0,0,28,0,28,39,59,67,0,165,38,0,38,203
05/17/2022,FSD,SD,AGL,CE,Combined TRACON& Tower with Radar,38,74,38,9,159,0,4,4,0,8,38,78,42,9,167,0,10,10,177
05/18/2022,FSD,SD,AGL,CE,Combined TRACON& Tower with Radar,46,62,65,16,189,0,5,26,0,31,46,67,91,16,220,18,8,26,246
05/19/2022,FSD,SD,AGL,CE,Combined TRACON& Tower with Radar,48,79,46,25,198,0,0,31,1,32,48,79,77,26,230,2,20,22,252
05/20/2022,FSD,SD,AGL,CE,Combined TRACON& Tower with Radar,43,63,42,6,154,0,1,20,2,23,43,64,62,8,177,0,20,20,197
05/21/2022,FSD,SD,AGL,CE,Combined TRACON& Tower with Radar,35,42,32,8,117,1,2,27,1,31,36,44,59,9,148,20,0,20,168
05/22/2022,FSD,SD,AGL,CE,Combined TRACON& Tower with Radar,39,26,43,0,108,0,3,29,0,32,39,29,72,0,140,52,0,52,192
05/23/2022,FSD,SD,AGL,CE,Combined TRACON& Tower with Radar,40,45,56,2,143,0,2,35,1,38,40,47,91,3,181,0,0,0,181
05/24/2022,FSD,SD,AGL,CE,Combined TRACON& Tower with Radar,40,69,54,14,177,0,2,31,0,33,40,71,85,14,210,14,6,20,230
05/25/2022,FSD,SD,AGL,CE,Combined TRACON& Tower with Radar,46,69,46,30,191,0,0,1,0,1,46,69,47,30,192,0,0,0,192
05/26/2022,FSD,SD,AGL,CE,Combined TRACON& Tower with Radar,46,56,56,13,171,0,7,33,2,42,46,63,89,15,213,20,0,20,233
05/27/2022,FSD,SD,AGL,CE,Combined TRACON& Tower with Radar,40,56,41,0,137,0,7,42,0,49,40,63,83,0,186,18,0,18,204
05/28/2022,FSD,SD,AGL,CE,Combined TRACON& Tower with Radar,36,35,24,0,95,0,12,23,1,36,36,47,47,1,131,0,0,0,131
05/29/2022,FSD,SD,AGL,CE,Combined TRACON& Tower with Radar,35,36,23,0,94,0,3,15,0,18,35,39,38,0,112,18,0,18,130
05/30/2022,FSD,SD,AGL,CE,Combined TRACON& Tower with Radar,44,17,10,0,71,0,1,0,0,1,44,18,10,0,72,0,0,0,72
05/31/2022,FSD,SD,AGL,CE,Combined TRACON& Tower with Radar,35,64,48,17,164,0,5,10,0,15,35,69,58,17,179,0,0,0,179
06/01/2022,FSD,SD,AGL,CE,Combined TRACON& Tower with Radar,46,55,59,24,184,0,6,46,11,63,46,61,105,35,247,24,32,56,303
06/02/2022,FSD,SD,AGL,CE,Combined TRACON& Tower with Radar,46,67,57,6,176,0,5,36,1,42,46,72,93,7,218,22,0,22,240
06/03/2022,FSD,SD,AGL,CE,Combined TRACON& Tower with Radar,39,69,48,6,162,0,5,29,0,34,39,74,77,6,196,12,0,12,208
06/04/2022,FSD,SD,AGL,CE,Combined TRACON& Tower with Radar,29,38,37,5,109,0,2,11,0,13,29,40,48,5,122,0,0,0,122
06/05/2022,FSD,SD,AGL,CE,Combined TRACON& Tower with Radar,37,40,44,1,122,0,3,0,0,3,37,43,44,1,125,0,0,0,125
06/06/2022,FSD,SD,AGL,CE,Combined TRACON& Tower with Radar,35,65,72,1,173,0,4,16,1,21,35,69,88,2,194,22,0,22,216
06/07/2022,FSD,SD,AGL,CE,Combined TRACON& Tower with Radar,42,67,71,0,180,0,2,40,1,43,42,69,111,1,223,32,0,32,255
06/08/2022,FSD,SD,AGL,CE,Combined TRACON& Tower with Radar,42,78,76,0,196,0,0,40,0,40,42,78,116,0,236,20,0,20,256
06/09/2022,FSD,SD,AGL,CE,Combined TRACON& Tower with Radar,46,69,67,21,203,0,1,32,1,34,46,70,99,22,237,6,12,18,255
06/10/2022,FSD,SD,AGL,CE,Combined TRACON& Tower with Radar,43,68,49,1,161,0,0,21,2,23,43,68,70,3,184,18,16,34,218
06/11/2022,FSD,SD,AGL,CE,Combined TRACON& Tower with Radar,33,46,28,3,110,0,2,15,7,24,33,48,43,10,134,6,6,12,146
06/12/2022,FSD,SD,AGL,CE,Combined TRACON& Tower with Radar,35,42,36,2,115,0,2,26,4,32,35,44,62,6,147,28,0,28,175
06/13/2022,FSD,SD,AGL,CE,Combined TRACON& Tower with Radar,37,70,65,3,175,0,3,3,4,10,37,73,68,7,185,2,8,10,195
06/14/2022,FSD,SD,AGL,CE,Combined TRACON& Tower with Radar,40,79,62,35,216,0,7,23,1,31,40,86,85,36,247,16,10,26,273
06/15/2022,FSD,SD,AGL,CE,Combined TRACON& Tower with Radar,42,72,77,26,217,0,11,35,2,48,42,83,112,28,265,28,22,50,315
06/16/2022,FSD,SD,AGL,CE,Combined TRACON& Tower with Radar,45,69,52,39,205,0,1,24,2,27,45,70,76,41,232,34,24,58,290
06/17/2022,FSD,SD,AGL,CE,Combined TRACON& Tower with Radar,43,66,44,16,169,0,3,25,3,31,43,69,69,19,200,22,14,36,236
06/18/2022,FSD,SD,AGL,CE,Combined TRACON& Tower with Radar,33,32,32,2,99,0,4,6,0,10,33,36,38,2,109,0,0,0,109
06/19/2022,FSD,SD,AGL,CE,Combined TRACON& Tower with Radar,36,37,22,2,97,0,1,13,4,18,36,38,35,6,115,0,0,0,115
06/20/2022,FSD,SD,AGL,CE,Combined TRACON& Tower with Radar,36,54,67,0,157,0,12,16,0,28,36,66,83,0,185,10,0,10,195
06/21/2022,FSD,SD,AGL,CE,Combined TRACON& Tower with Radar,39,75,62,41,217,0,5,18,4,27,39,80,80,45,244,41,32,73,317
06/22/2022,FSD,SD,AGL,CE,Combined TRACON& Tower with Radar,42,69,60,47,218,1,10,25,2,38,43,79,85,49,256,26,34,60,316
06/23/2022,FSD,SD,AGL,CE,Combined TRACON& Tower with Radar,46,71,60,26,203,0,17,28,4,49,46,88,88,30,252,0,6,6,258
06/24/2022,FSD,SD,AGL,CE,Combined TRACON& Tower with Radar,43,79,56,29,207,0,9,22,1,32,43,88,78,30,239,8,36,44,283
06/25/2022,FSD,SD,AGL,CE,Combined TRACON& Tower with Radar,39,44,22,6,111,0,2,7,0,9,39,46,29,6,120,0,0,0,120
06/26/2022,FSD,SD,AGL,CE,Combined TRACON& Tower with Radar,39,34,37,0,110,0,4,26,0,30,39,38,63,0,140,0,0,0,140
06/27/2022,FSD,SD,AGL,CE,Combined TRACON& Tower with Radar,39,50,55,0,144,0,5,32,0,37,39,55,87,0,181,24,0,24,205
06/28/2022,FSD,SD,AGL,CE,Combined TRACON& Tower with Radar,44,73,52,18,187,0,10,47,0,57,44,83,99,18,244,56,4,60,304
06/29/2022,FSD,SD,AGL,CE,Combined TRACON& Tower with Radar,48,60,54,18,180,0,12,19,1,32,48,72,73,19,212,0,2,2,214
06/30/2022,FSD,SD,AGL,CE,Combined TRACON& Tower with Radar,50,74,50,11,185,0,10,41,0,51,50,84,91,11,236,58,20,78,314
07/01/2022,FSD,SD,AGL,CE,Combined TRACON& Tower with Radar,44,43,50,0,137,0,4,37,1,42,44,47,87,1,179,40,0,40,219
07/02/2022,FSD,SD,AGL,CE,Combined TRACON& Tower with Radar,42,35,13,0,90,0,2,22,0,24,42,37,35,0,114,0,0,0,114
07/03/2022,FSD,SD,AGL,CE,Combined TRACON& Tower with Radar,36,23,19,0,78,0,5,7,1,13,36,28,26,1,91,6,0,6,97
07/04/2022,FSD,SD,AGL,CE,Combined TRACON& Tower with Radar,33,33,20,0,86,0,3,21,0,24,33,36,41,0,110,0,0,0,110
07/05/2022,FSD,SD,AGL,CE,Combined TRACON& Tower with Radar,46,57,30,10,143,0,4,8,0,12,46,61,38,10,155,8,8,16,171
07/06/2022,FSD,SD,AGL,CE,Combined TRACON& Tower with Radar,43,72,60,13,188,1,1,22,5,29,44,73,82,18,217,30,4,34,251
07/07/2022,FSD,SD,AGL,CE,Combined TRACON& Tower with Radar,49,67,39,12,167,0,3,2,2,7,49,70,41,14,174,0,6,6,180
07/08/2022,FSD,SD,AGL,CE,Combined TRACON& Tower with Radar,44,64,43,16,167,0,0,24,1,25,44,64,67,17,192,48,12,60,252
07/09/2022,FSD,SD,AGL,CE,Combined TRACON& Tower with Radar,38,27,28,2,95,0,0,33,0,33,38,27,61,2,128,28,0,28,156
07/10/2022,FSD,SD,AGL,CE,Combined TRACON& Tower with Radar,43,25,42,0,110,0,0,16,0,16,43,25,58,0,126,0,0,0,126
07/11/2022,FSD,SD,AGL,CE,Combined TRACON& Tower with Radar,41,47,43,0,131,0,6,34,4,44,41,53,77,4,175,10,0,10,185
07/12/2022,FSD,SD,AGL,CE,Combined TRACON& Tower with Radar,39,65,51,14,169,0,13,30,2,45,39,78,81,16,214,18,24,42,256
07/13/2022,FSD,SD,AGL,CE,Combined TRACON& Tower with Radar,44,69,54,22,189,0,8,51,12,71,44,77,105,34,260,66,44,110,370
07/14/2022,FSD,SD,AGL,CE,Combined TRACON& Tower with Radar,50,71,65,25,211,0,5,45,4,54,50,76,110,29,265,78,22,100,365
07/15/2022,FSD,SD,AGL,CE,Combined TRACON& Tower with Radar,46,49,36,15,146,0,1,30,2,33,46,50,66,17,179,12,6,18,197
07/16/2022,FSD,SD,AGL,CE,Combined TRACON& Tower with Radar,40,32,24,0,96,0,1,7,0,8,40,33,31,0,104,0,0,0,104
07/17/2022,FSD,SD,AGL,CE,Combined TRACON& Tower with Radar,40,35,49,0,124,0,1,25,0,26,40,36,74,0,150,42,0,42,192
07/18/2022,FSD,SD,AGL,CE,Combined TRACON& Tower with Radar,42,49,42,0,133,0,5,30,0,35,42,54,72,0,168,18,0,18,186
07/19/2022,FSD,SD,AGL,CE,Combined TRACON& Tower with Radar,40,58,57,7,162,0,1,17,3,21,40,59,74,10,183,4,18,22,205
07/20/2022,FSD,SD,AGL,CE,Combined TRACON& Tower with Radar,45,62,42,12,161,0,5,27,1,33,45,67,69,13,194,34,18,52,246
07/21/2022,FSD,SD,AGL,CE,Combined TRACON& Tower with Radar,54,59,56,23,192,0,5,33,1,39,54,64,89,24,231,18,18,36,267
07/22/2022,FSD,SD,AGL,CE,Combined TRACON& Tower with Radar,46,54,41,17,158,0,3,37,0,40,46,57,78,17,198,20,20,40,238
07/23/2022,FSD,SD,AGL,CE,Combined TRACON& Tower with Radar,42,36,34,0,112,0,0,28,2,30,42,36,62,2,142,0,0,0,142
07/24/2022,FSD,SD,AGL,CE,Combined TRACON& Tower with Radar,39,27,41,1,108,0,9,37,1,47,39,36,78,2,155,16,0,16,171
07/25/2022,FSD,SD,AGL,CE,Combined TRACON& Tower with Radar,41,42,49,2,134,0,4,25,1,30,41,46,74,3,164,0,0,0,164
07/26/2022,FSD,SD,AGL,CE,Combined TRACON& Tower with Radar,42,57,42,14,155,0,1,16,0,17,42,58,58,14,172,4,0,4,176
07/27/2022,FSD,SD,AGL,CE,Combined TRACON& Tower with Radar,43,67,65,21,196,0,6,34,0,40,43,73,99,21,236,26,14,40,276
07/28/2022,FSD,SD,AGL,CE,Combined TRACON& Tower with Radar,51,63,53,24,191,0,1,54,5,60,51,64,107,29,251,0,20,20,271
07/29/2022,FSD,SD,AGL,CE,Combined TRACON& Tower with Radar,46,55,72,27,200,0,2,41,0,43,46,57,113,27,243,28,38,66,309
07/30/2022,FSD,SD,AGL,CE,Combined TRACON& Tower with Radar,39,34,25,0,98,0,4,38,0,42,39,38,63,0,140,0,0,0,140
07/31/2022,FSD,SD,AGL,CE,Combined TRACON& Tower with Radar,41,32,35,0,108,0,1,15,1,17,41,33,50,1,125,0,0,0,125
08/01/2022,FSD,SD,AGL,CE,Combined TRACON& Tower with Radar,40,48,41,0,129,0,1,27,2,30,40,49,68,2,159,0,0,0,159
08/02/2022,FSD,SD,AGL,CE,Combined TRACON& Tower with Radar,36,61,44,13,154,0,4,20,2,26,36,65,64,15,180,0,8,8,188
08/03/2022,FSD,SD,AGL,CE,Combined TRACON& Tower with Radar,41,59,62,21,183,0,5,31,13,49,41,64,93,34,232,20,46,66,298
08/04/2022,FSD,SD,AGL,CE,Combined TRACON& Tower with Radar,45,73,42,18,178,0,5,41,10,56,45,78,83,28,234,18,32,50,284
08/05/2022,FSD,SD,AGL,CE,Combined TRACON& Tower with Radar,38,62,49,6,155,0,2,26,1,29,38,64,75,7,184,0,8,8,192
08/06/2022,FSD,SD,AGL,CE,Combined TRACON& Tower with Radar,37,39,24,5,105,0,0,2,0,2,37,39,26,5,107,0,0,0,107
08/07/2022,FSD,SD,AGL,CE,Combined TRACON& Tower with Radar,38,33,41,6,118,0,0,0,0,0,38,33,41,6,118,0,0,0,118
08/08/2022,FSD,SD,AGL,CE,Combined TRACON& Tower with Radar,37,59,53,0,149,0,5,45,0,50,37,64,98,0,199,74,0,74,273
08/09/2022,FSD,SD,AGL,CE,Combined TRACON& Tower with Radar,35,68,47,17,167,0,1,41,0,42,35,69,88,17,209,24,16,40,249
08/10/2022,FSD,SD,AGL,CE,Combined TRACON& Tower with Radar,40,58,63,17,178,0,11,40,5,56,40,69,103,22,234,50,26,76,310
08/11/2022,FSD,SD,AGL,CE,Combined TRACON& Tower with Radar,50,64,59,29,202,0,4,23,0,27,50,68,82,29,229,14,18,32,261
08/12/2022,FSD,SD,AGL,CE,Combined TRACON& Tower with Radar,42,62,37,14,155,0,7,11,1,19,42,69,48,15,174,10,12,22,196
08/13/2022,FSD,SD,AGL,CE,Combined TRACON& Tower with Radar,35,38,29,2,104,0,2,12,0,14,35,40,41,2,118,14,0,14,132
08/14/2022,FSD,SD,AGL,CE,Combined TRACON& Tower with Radar,36,30,35,0,101,0,0,19,0,19,36,30,54,0,120,16,0,16,136
08/15/2022,FSD,SD,AGL,CE,Combined TRACON& Tower with Radar,37,61,69,0,167,0,1,0,0,1,37,62,69,0,168,0,0,0,168
08/16/2022,FSD,SD,AGL,CE,Combined TRACON& Tower with Radar,34,83,58,24,199,0,1,16,0,17,34,84,74,24,216,12,0,12,228
08/17/2022,FSD,SD,AGL,CE,Combined TRACON& Tower with Radar,34,69,55,17,175,0,10,22,0,32,34,79,77,17,207,40,22,62,269
08/18/2022,FSD,SD,AGL,CE,Combined TRACON& Tower with Radar,40,81,58,9,188,0,7,14,3,24,40,88,72,12,212,32,4,36,248
08/19/2022,FSD,SD,AGL,CE,Combined TRACON& Tower with Radar,33,75,35,8,151,0,0,5,0,5,33,75,40,8,156,0,0,0,156
08/20/2022,FSD,SD,AGL,CE,Combined TRACON& Tower with Radar,28,43,27,11,109,0,7,16,0,23,28,50,43,11,132,2,2,4,136
08/21/2022,FSD,SD,AGL,CE,Combined TRACON& Tower with Radar,38,34,26,2,100,0,0,12,0,12,38,34,38,2,112,6,0,6,118
08/22/2022,FSD,SD,AGL,CE,Combined TRACON& Tower with Radar,30,51,43,4,128,0,2,24,0,26,30,53,67,4,154,10,0,10,164
08/23/2022,FSD,SD,AGL,CE,Combined TRACON& Tower with Radar,36,60,52,18,166,0,2,20,2,24,36,62,72,20,190,2,10,12,202
08/24/2022,FSD,SD,AGL,CE,Combined TRACON& Tower with Radar,37,73,66,12,188,0,4,16,0,20,37,77,82,12,208,6,0,6,214
08/25/2022,FSD,SD,AGL,CE,Combined TRACON& Tower with Radar,41,67,70,17,195,0,4,29,1,34,41,71,99,18,229,6,6,12,241
08/26/2022,FSD,SD,AGL,CE,Combined TRACON& Tower with Radar,31,57,47,14,149,0,1,29,0,30,31,58,76,14,179,12,4,16,195
08/27/2022,FSD,SD,AGL,CE,Combined TRACON& Tower with Radar,36,33,38,2,109,0,3,29,0,32,36,36,67,2,141,5,6,11,152
08/28/2022,FSD,SD,AGL,CE,Combined TRACON& Tower with Radar,29,38,38,0,105,0,10,20,1,31,29,48,58,1,136,34,0,34,170
08/29/2022,FSD,SD,AGL,CE,Combined TRACON& Tower with Radar,28,53,51,0,132,0,5,38,0,43,28,58,89,0,175,36,0,36,211
08/30/2022,FSD,SD,AGL,CE,Combined TRACON& Tower with Radar,31,81,52,10,174,0,2,35,0,37,31,83,87,10,211,38,0,38,249
08/31/2022,FSD,SD,AGL,CE,Combined TRACON& Tower with Radar,32,64,47,17,160,0,1,25,0,26,32,65,72,17,186,21,18,39,225
09/01/2022,FSD,SD,AGL,CE,Combined TRACON& Tower with Radar,41,77,49,19,186,0,1,24,0,25,41,78,73,19,211,12,0,12,223
09/02/2022,FSD,SD,AGL,CE,Combined TRACON& Tower with Radar,33,58,49,6,146,0,4,35,2,41,33,62,84,8,187,40,0,40,227
09/03/2022,FSD,SD,AGL,CE,Combined TRACON& Tower with Radar,27,31,38,1,97,0,1,24,0,25,27,32,62,1,122,28,0,28,150
09/04/2022,FSD,SD,AGL,CE,Combined TRACON& Tower with Radar,32,29,15,0,76,0,5,12,2,19,32,34,27,2,95,14,0,14,109
09/05/2022,FSD,SD,AGL,CE,Combined TRACON& Tower with Radar,26,33,40,6,105,0,1,9,1,11,26,34,49,7,116,0,0,0,116
09/06/2022,FSD,SD,AGL,CE,Combined TRACON& Tower with Radar,31,58,68,24,181,0,7,24,1,32,31,65,92,25,213,6,26,32,245
09/07/2022,FSD,SD,AGL,CE,Combined TRACON& Tower with Radar,30,63,59,16,168,0,1,33,0,34,30,64,92,16,202,8,10,18,220
09/08/2022,FSD,SD,AGL,CE,Combined TRACON& Tower with Radar,42,73,60,13,188,0,4,20,0,24,42,77,80,13,212,6,4,10,222
09/09/2022,FSD,SD,AGL,CE,Combined TRACON& Tower with Radar,41,61,41,19,162,0,0,2,0,2,41,61,43,19,164,0,0,0,164
09/10/2022,FSD,SD,AGL,CE,Combined TRACON& Tower with Radar,36,27,23,10,96,0,9,39,4,52,36,36,62,14,148,18,0,18,166
09/11/2022,FSD,SD,AGL,CE,Combined TRACON& Tower with Radar,36,34,44,6,120,0,4,27,0,31,36,38,71,6,151,18,0,18,169
09/12/2022,FSD,SD,AGL,CE,Combined TRACON& Tower with Radar,35,51,67,2,155,0,7,49,2,58,35,58,116,4,213,22,0,22,235
09/13/2022,FSD,SD,AGL,CE,Combined TRACON& Tower with Radar,34,69,74,17,194,0,9,59,1,69,34,78,133,18,263,78,28,106,369
09/14/2022,FSD,SD,AGL,CE,Combined TRACON& Tower with Radar,34,78,65,12,189,0,2,52,1,55,34,80,117,13,244,24,4,28,272
09/15/2022,FSD,SD,AGL,CE,Combined TRACON& Tower with Radar,41,89,47,17,194,0,1,9,0,10,41,90,56,17,204,0,12,12,216
09/16/2022,FSD,SD,AGL,CE,Combined TRACON& Tower with Radar,38,72,65,6,181,0,0,33,0,33,38,72,98,6,214,68,0,68,282
09/17/2022,FSD,SD,AGL,CE,Combined TRACON& Tower with Radar,30,44,31,0,105,0,7,23,0,30,30,51,54,0,135,22,0,22,157
09/18/2022,FSD,SD,AGL,CE,Combined TRACON& Tower with Radar,36,30,33,0,99,0,1,23,2,26,36,31,56,2,125,24,0,24,149
09/19/2022,FSD,SD,AGL,CE,Combined TRACON& Tower with Radar,34,44,64,0,142,0,4,42,0,46,34,48,106,0,188,0,0,0,188
09/20/2022,FSD,SD,AGL,CE,Combined TRACON& Tower with Radar,35,80,76,1,192,0,8,54,0,62,35,88,130,1,254,64,0,64,318
09/21/2022,FSD,SD,AGL,CE,Combined TRACON& Tower with Radar,32,67,50,7,156,0,4,34,2,40,32,71,84,9,196,28,0,28,224
09/22/2022,FSD,SD,AGL,CE,Combined TRACON& Tower with Radar,44,66,47,9,166,0,1,43,0,44,44,67,90,9,210,54,6,60,270
09/23/2022,FSD,SD,AGL,CE,Combined TRACON& Tower with Radar,40,61,71,3,175,0,2,4,0,6,40,63,75,3,181,2,2,4,185
09/24/2022,FSD,SD,AGL,CE,Combined TRACON& Tower with Radar,34,45,19,18,116,0,1,11,4,16,34,46,30,22,132,2,6,8,140
09/25/2022,FSD,SD,AGL,CE,Combined TRACON& Tower with Radar,32,31,33,2,98,0,2,19,1,22,32,33,52,3,120,0,0,0,120
09/26/2022,FSD,SD,AGL,CE,Combined TRACON& Tower with Radar,35,50,69,0,154,0,3,45,2,50,35,53,114,2,204,10,0,10,214
09/27/2022,FSD,SD,AGL,CE,Combined TRACON& Tower with Radar,33,65,66,15,179,0,4,38,0,42,33,69,104,15,221,16,5,21,242
09/28/2022,FSD,SD,AGL,CE,Combined TRACON& Tower with Radar,32,77,55,6,170,0,9,38,0,47,32,86,93,6,217,28,6,34,251
09/29/2022,FSD,SD,AGL,CE,Combined TRACON& Tower with Radar,41,57,59,13,170,0,5,43,2,50,41,62,102,15,220,0,0,0,220
09/30/2022,FSD,SD,AGL,CE,Combined TRACON& Tower with Radar,40,60,55,3,158,0,6,40,0,46,40,66,95,3,204,28,0,28,232
10/01/2022,FSD,SD,AGL,CE,Combined TRACON& Tower with Radar,36,33,32,15,116,0,6,28,1,35,36,39,60,16,151,16,12,28,179
10/02/2022,FSD,SD,AGL,CE,Combined TRACON& Tower with Radar,35,28,38,6,107,0,3,20,3,26,35,31,58,9,133,6,4,10,143
10/03/2022,FSD,SD,AGL,CE,Combined TRACON& Tower with Radar,33,55,57,0,145,0,1,44,0,45,33,56,101,0,190,32,0,32,222
10/04/2022,FSD,SD,AGL,CE,Combined TRACON& Tower with Radar,35,69,51,24,179,0,0,24,3,27,35,69,75,27,206,14,14,28,234
10/05/2022,FSD,SD,AGL,CE,Combined TRACON& Tower with Radar,36,83,62,14,195,0,3,9,1,13,36,86,71,15,208,6,0,6,214
10/06/2022,FSD,SD,AGL,CE,Combined TRACON& Tower with Radar,50,60,63,20,193,0,5,28,0,33,50,65,91,20,226,50,16,66,292
10/07/2022,FSD,SD,AGL,CE,Combined TRACON& Tower with Radar,40,62,83,2,187,0,4,35,0,39,40,66,118,2,226,62,0,62,288
10/08/2022,FSD,SD,AGL,CE,Combined TRACON& Tower with Radar,33,38,52,0,123,0,5,39,0,44,33,43,91,0,167,22,0,22,189
10/09/2022,FSD,SD,AGL,CE,Combined TRACON& Tower with Radar,44,26,38,0,108,0,8,26,0,34,44,34,64,0,142,32,0,32,174
10/10/2022,FSD,SD,AGL,CE,Combined TRACON& Tower with Radar,33,57,64,0,154,0,0,40,0,40,33,57,104,0,194,48,0,48,242
10/11/2022,FSD,SD,AGL,CE,Combined TRACON& Tower with Radar,36,72,45,9,162,0,1,17,0,18,36,73,62,9,180,0,6,6,186
10/12/2022,FSD,SD,AGL,CE,Combined TRACON& Tower with Radar,36,69,51,12,168,0,4,13,0,17,36,73,64,12,185,0,0,0,185
10/13/2022,FSD,SD,AGL,CE,Combined TRACON& Tower with Radar,54,78,53,12,197,0,2,12,0,14,54,80,65,12,211,4,0,4,215
10/14/2022,FSD,SD,AGL,CE,Combined TRACON& Tower with Radar,42,66,26,24,158,0,6,17,0,23,42,72,43,24,181,6,20,26,207
10/15/2022,FSD,SD,AGL,CE,Combined TRACON& Tower with Radar,35,36,19,0,90,0,12,29,2,43,35,48,48,2,133,38,0,38,171
10/16/2022,FSD,SD,AGL,CE,Combined TRACON& Tower with Radar,42,21,33,0,96,0,5,26,0,31,42,26,59,0,127,18,0,18,145
10/17/2022,FSD,SD,AGL,CE,Combined TRACON& Tower with Radar,33,47,43,2,125,0,7,20,1,28,33,54,63,3,153,8,0,8,161
10/18/2022,FSD,SD,AGL,CE,Combined TRACON& Tower with Radar,36,56,61,23,176,0,2,50,1,53,36,58,111,24,229,56,16,72,301
10/19/2022,FSD,SD,AGL,CE,Combined TRACON& Tower with Radar,36,73,71,24,204,0,5,62,0,67,36,78,133,24,271,116,24,140,411
10/20/2022,FSD,SD,AGL,CE,Combined TRACON& Tower with Radar,49,68,51,8,176,0,5,48,1,54,49,73,99,9,230,40,8,48,278
10/21/2022,FSD,SD,AGL,CE,Combined TRACON& Tower with Radar,40,57,50,15,162,0,7,50,6,63,40,64,100,21,225,62,68,130,355
10/22/2022,FSD,SD,AGL,CE,Combined TRACON& Tower with Radar,33,28,33,0,94,0,1,34,1,36,33,29,67,1,130,44,0,44,174
10/23/2022,FSD,SD,AGL,CE,Combined TRACON& Tower with Radar,42,31,25,0,98,0,1,16,0,17,42,32,41,0,115,0,0,0,115
10/24/2022,FSD,SD,AGL,CE,Combined TRACON& Tower with Radar,31,48,31,18,128,0,2,4,0,6,31,50,35,18,134,10,0,10,144
10/25/2022,FSD,SD,AGL,CE,Combined TRACON& Tower with Radar,35,70,47,24,176,0,9,30,0,39,35,79,77,24,215,34,4,38,253
10/26/2022,FSD,SD,AGL,CE,Combined TRACON& Tower with Radar,35,50,77,19,181,1,3,30,1,35,36,53,107,20,216,24,2,26,242
10/27/2022,FSD,SD,AGL,CE,Combined TRACON& Tower with Radar,49,79,50,29,207,0,0,13,0,13,49,79,63,29,220,4,2,6,226
10/28/2022,FSD,SD,AGL,CE,Combined TRACON& Tower with Radar,41,52,61,1,155,0,0,37,2,39,41,52,98,3,194,16,0,16,210
10/29/2022,FSD,SD,AGL,CE,Combined TRACON& Tower with Radar,36,37,20,0,93,0,2,22,0,24,36,39,42,0,117,16,0,16,133
10/30/2022,FSD,SD,AGL,CE,Combined TRACON& Tower with Radar,44,25,52,0,121,0,3,35,2,40,44,28,87,2,161,22,0,22,183
10/31/2022,FSD,SD,AGL,CE,Combined TRACON& Tower with Radar,37,51,43,2,133,0,11,34,0,45,37,62,77,2,178,16,0,16,194
11/01/2022,FSD,SD,AGL,CE,Combined TRACON& Tower with Radar,36,65,70,21,192,0,3,45,2,50,36,68,115,23,242,18,18,36,278
11/02/2022,FSD,SD,AGL,CE,Combined TRACON& Tower with Radar,36,76,54,19,185,0,2,29,0,31,36,78,83,19,216,4,20,24,240
11/03/2022,FSD,SD,AGL,CE,Combined TRACON& Tower with Radar,49,79,74,22,224,0,0,4,0,4,49,79,78,22,228,0,0,0,228
11/04/2022,FSD,SD,AGL,CE,Combined TRACON& Tower with Radar,42,65,46,8,161,0,11,31,3,45,42,76,77,11,206,52,6,58,264
11/05/2022,FSD,SD,AGL,CE,Combined TRACON& Tower with Radar,35,40,27,16,118,0,11,57,1,69,35,51,84,17,187,44,22,66,253
11/06/2022,FSD,SD,AGL,CE,Combined TRACON& Tower with Radar,45,33,38,9,125,0,3,16,1,20,45,36,54,10,145,6,4,10,155
11/07/2022,FSD,SD,AGL,CE,Combined TRACON& Tower with Radar,35,53,71,6,165,0,0,33,0,33,35,53,104,6,198,54,2,56,254
11/08/2022,FSD,SD,AGL,CE,Combined TRACON& Tower with Radar,38,65,48,17,168,0,0,5,0,5,38,65,53,17,173,0,0,0,173
11/09/2022,FSD,SD,AGL,CE,Combined TRACON& Tower with Radar,42,73,39,9,163,0,0,0,0,0,42,73,39,9,163,0,0,0,163
11/10/2022,FSD,SD,AGL,CE,Combined TRACON& Tower with Radar,48,52,37,0,137,0,0,5,0,5,48,52,42,0,142,0,0,0,142
11/11/2022,FSD,SD,AGL,CE,Combined TRACON& Tower with Radar,40,67,28,0,135,0,0,6,0,6,40,67,34,0,141,6,0,6,147
11/12/2022,FSD,SD,AGL,CE,Combined TRACON& Tower with Radar,35,30,18,0,83,0,0,2,0,2,35,30,20,0,85,16,0,16,101
11/13/2022,FSD,SD,AGL,CE,Combined TRACON& Tower with Radar,43,29,48,0,120,0,4,26,0,30,43,33,74,0,150,8,0,8,158
11/14/2022,FSD,SD,AGL,CE,Combined TRACON& Tower with Radar,34,64,40,6,144,0,1,3,1,5,34,65,43,7,149,4,12,16,165
11/15/2022,FSD,SD,AGL,CE,Combined TRACON& Tower with Radar,38,72,46,20,176,0,2,2,2,6,38,74,48,22,182,0,0,0,182
11/16/2022,FSD,SD,AGL,CE,Combined TRACON& Tower with Radar,35,77,57,27,196,0,9,22,1,32,35,86,79,28,228,6,26,32,260
11/17/2022,FSD,SD,AGL,CE,Combined TRACON& Tower with Radar,46,65,65,26,202,0,3,0,2,5,46,68,65,28,207,0,0,0,207
11/18/2022,FSD,SD,AGL,CE,Combined TRACON& Tower with Radar,39,55,43,7,144,0,4,35,1,40,39,59,78,8,184,14,8,22,206
11/19/2022,FSD,SD,AGL,CE,Combined TRACON& Tower with Radar,36,40,17,0,93,0,1,9,0,10,36,41,26,0,103,26,0,26,129
11/20/2022,FSD,SD,AGL,CE,Combined TRACON& Tower with Radar,44,21,29,0,94,0,0,45,0,45,44,21,74,0,139,32,0,32,171
11/21/2022,FSD,SD,AGL,CE,Combined TRACON& Tower with Radar,33,52,54,3,142,0,1,38,0,39,33,53,92,3,181,34,10,44,225
11/22/2022,FSD,SD,AGL,CE,Combined TRACON& Tower with Radar,52,70,35,24,181,0,5,43,1,49,52,75,78,25,230,24,30,54,284
11/23/2022,FSD,SD,AGL,CE,Combined TRACON& Tower with Radar,46,58,41,7,152,0,8,53,3,64,46,66,94,10,216,36,16,52,268
11/24/2022,FSD,SD,AGL,CE,Combined TRACON& Tower with Radar,20,13,19,0,52,0,7,16,0,23,20,20,35,0,75,0,0,0,75
11/25/2022,FSD,SD,AGL,CE,Combined TRACON& Tower with Radar,40,37,26,0,103,0,5,44,1,50,40,42,70,1,153,10,0,10,163
11/26/2022,FSD,SD,AGL,CE,Combined TRACON& Tower with Radar,37,34,25,0,96,0,4,38,0,42,37,38,63,0,138,8,0,8,146
11/27/2022,FSD,SD,AGL,CE,Combined TRACON& Tower with Radar,41,29,30,0,100,0,2,35,1,38,41,31,65,1,138,20,0,20,158
11/28/2022,FSD,SD,AGL,CE,Combined TRACON& Tower with Radar,35,40,59,0,134,0,4,36,2,42,35,44,95,2,176,24,0,24,200
11/29/2022,FSD,SD,AGL,CE,Combined TRACON& Tower with Radar,40,68,26,0,134,0,2,2,0,4,40,70,28,0,138,8,0,8,146
11/30/2022,FSD,SD,AGL,CE,Combined TRACON& Tower with Radar,43,74,55,9,181,0,12,52,0,64,43,86,107,9,245,34,0,34,279
12/01/2022,FSD,SD,AGL,CE,Combined TRACON& Tower with Radar,51,60,34,12,157,0,8,13,2,23,51,68,47,14,180,0,10,10,190
12/02/2022,FSD,SD,AGL,CE,Combined TRACON& Tower with Radar,45,73,42,6,166,0,1,5,0,6,45,74,47,6,172,10,12,22,194
12/03/2022,FSD,SD,AGL,CE,Combined TRACON& Tower with Radar,36,41,27,10,114,0,3,27,4,34,36,44,54,14,148,44,6,50,198
12/04/2022,FSD,SD,AGL,CE,Combined TRACON& Tower with Radar,42,22,38,7,109,0,8,30,3,41,42,30,68,10,150,48,0,48,198
12/05/2022,FSD,SD,AGL,CE,Combined TRACON& Tower with Radar,41,52,28,2,123,0,6,20,0,26,41,58,48,2,149,56,0,56,205
12/06/2022,FSD,SD,AGL,CE,Combined TRACON& Tower with Radar,40,64,52,19,175,0,6,32,0,38,40,70,84,19,213,68,10,78,291
12/07/2022,FSD,SD,AGL,CE,Combined TRACON& Tower with Radar,44,72,56,9,181,0,7,22,1,30,44,79,78,10,211,18,2,20,231
12/08/2022,FSD,SD,AGL,CE,Combined TRACON& Tower with Radar,39,43,47,6,135,0,0,5,0,5,39,43,52,6,140,16,4,20,160
12/09/2022,FSD,SD,AGL,CE,Combined TRACON& Tower with Radar,51,54,37,4,146,0,1,0,1,2,51,55,37,5,148,0,0,0,148
12/10/2022,FSD,SD,AGL,CE,Combined TRACON& Tower with Radar,36,38,18,0,92,0,1,19,0,20,36,39,37,0,112,0,0,0,112
12/11/2022,FSD,SD,AGL,CE,Combined TRACON& Tower with Radar,44,21,20,0,85,0,0,25,0,25,44,21,45,0,110,0,0,0,110
12/12/2022,FSD,SD,AGL,CE,Combined TRACON& Tower with Radar,31,24,14,0,69,0,0,0,0,0,31,24,14,0,69,0,0,0,69
12/13/2022,FSD,SD,AGL,CE,Combined TRACON& Tower with Radar,35,27,5,0,67,0,0,0,0,0,35,27,5,0,67,0,0,0,67
12/14/2022,FSD,SD,AGL,CE,Combined TRACON& Tower with Radar,41,38,17,0,96,0,0,0,0,0,41,38,17,0,96,0,0,0,96
12/15/2022,FSD,SD,AGL,CE,Combined TRACON& Tower with Radar,23,11,22,0,56,0,0,0,0,0,23,11,22,0,56,0,0,0,56
12/16/2022,FSD,SD,AGL,CE,Combined TRACON& Tower with Radar,58,50,28,0,136,0,0,0,0,0,58,50,28,0,136,0,0,0,136
12/17/2022,FSD,SD,AGL,CE,Combined TRACON& Tower with Radar,48,42,39,0,129,0,0,8,1,9,48,42,47,1,138,0,0,0,138
12/18/2022,FSD,SD,AGL,CE,Combined TRACON& Tower with Radar,38,19,26,2,85,0,2,27,0,29,38,21,53,2,114,20,0,20,134
12/19/2022,FSD,SD,AGL,CE,Combined TRACON& Tower with Radar,41,47,42,0,130,0,0,6,0,6,41,47,48,0,136,8,0,8,144
12/20/2022,FSD,SD,AGL,CE,Combined TRACON& Tower with Radar,43,63,70,6,182,0,9,30,0,39,43,72,100,6,221,14,8,22,243
12/21/2022,FSD,SD,AGL,CE,Combined TRACON& Tower with Radar,36,61,23,0,120,0,0,0,0,0,36,61,23,0,120,0,0,0,120
12/22/2022,FSD,SD,AGL,CE,Combined TRACON& Tower with Radar,13,15,8,0,36,0,0,0,0,0,13,15,8,0,36,0,0,0,36
12/23/2022,FSD,SD,AGL,CE,Combined TRACON& Tower with Radar,3,16,10,0,29,0,0,0,0,0,3,16,10,0,29,0,0,0,29
12/24/2022,FSD,SD,AGL,CE,Combined TRACON& Tower with Radar,30,45,37,0,112,0,0,1,0,1,30,45,38,0,113,0,0,0,113
12/25/2022,FSD,SD,AGL,CE,Combined TRACON& Tower with Radar,30,25,5,0,60,0,2,1,0,3,30,27,6,0,63,0,0,0,63
12/26/2022,FSD,SD,AGL,CE,Combined TRACON& Tower with Radar,43,27,25,0,95,0,5,29,0,34,43,32,54,0,129,8,0,8,137
12/27/2022,FSD,SD,AGL,CE,Combined TRACON& Tower with Radar,45,58,56,14,173,0,1,33,0,34,45,59,89,14,207,22,14,36,243
12/28/2022,FSD,SD,AGL,CE,Combined TRACON& Tower with Radar,38,71,66,15,190,0,10,32,4,46,38,81,98,19,236,14,14,28,264
12/29/2022,FSD,SD,AGL,CE,Combined TRACON& Tower with Radar,51,68,27,0,146,0,0,0,0,0,51,68,27,0,146,0,0,0,146
12/30/2022,FSD,SD,AGL,CE,Combined TRACON& Tower with Radar,52,53,53,0,158,0,2,31,0,33,52,55,84,0,191,4,0,4,195
12/31/2022,FSD,SD,AGL,CE,Combined TRACON& Tower with Radar,31,30,27,0,88,0,5,15,0,20,31,35,42,0,108,0,0,0,108
01/01/2023,FSD,SD,AGL,CE,Combined TRACON& Tower with Radar,30,26,32,0,88,0,3,22,0,25,30,29,54,0,113,46,0,46,159
01/02/2023,FSD,SD,AGL,CE,Combined TRACON& Tower with Radar,32,23,11,0,66,0,0,0,0,0,32,23,11,0,66,0,0,0,66
01/03/2023,FSD,SD,AGL,CE,Combined TRACON& Tower with Radar,45,58,56,14,173,0,1,33,0,34,45,59,89,14,207,0,0,0,207
01/04/2023,FSD,SD,AGL,CE,Combined TRACON& Tower with Radar,39,53,27,0,119,0,0,0,0,0,39,53,27,0,119,0,0,0,119
01/05/2023,FSD,SD,AGL,CE,Combined TRACON& Tower with Radar,51,79,40,0,170,0,13,3,0,16,51,92,43,0,186,0,0,0,186
01/06/2023,FSD,SD,AGL,CE,Combined TRACON& Tower with Radar,51,52,34,2,139,0,5,11,0,16,51,57,45,2,155,8,0,8,163
01/07/2023,FSD,SD,AGL,CE,Combined TRACON& Tower with Radar,38,51,16,5,110,0,6,3,0,9,38,57,19,5,119,8,0,8,127
01/08/2023,FSD,SD,AGL,CE,Combined TRACON& Tower with Radar,42,35,28,6,111,0,4,12,1,17,42,39,40,7,128,2,14,16,144
01/09/2023,FSD,SD,AGL,CE,Combined TRACON& Tower with Radar,53,43,41,2,139,0,2,25,1,28,53,45,66,3,167,12,0,12,179
01/10/2023,FSD,SD,AGL,CE,Combined TRACON& Tower with Radar,39,79,48,21,187,0,5,12,3,20,39,84,60,24,207,0,0,0,207
01/11/2023,FSD,SD,AGL,CE,Combined TRACON& Tower with Radar,38,62,41,10,151,0,0,2,0,2,38,62,43,10,153,0,0,0,153
01/12/2023,FSD,SD,AGL,CE,Combined TRACON& Tower with Radar,44,74,47,17,182,0,0,1,0,1,44,74,48,17,183,6,0,6,189
01/13/2023,FSD,SD,AGL,CE,Combined TRACON& Tower with Radar,44,56,33,0,133,0,0,11,0,11,44,56,44,0,144,0,0,0,144
01/14/2023,FSD,SD,AGL,CE,Combined TRACON& Tower with Radar,30,41,19,0,90,0,3,35,2,40,30,44,54,2,130,6,0,6,136
01/15/2023,FSD,SD,AGL,CE,Combined TRACON& Tower with Radar,37,34,36,0,107,0,0,30,0,30,37,34,66,0,137,34,0,34,171
01/16/2023,FSD,SD,AGL,CE,Combined TRACON& Tower with Radar,38,50,14,0,102,0,0,0,0,0,38,50,14,0,102,0,0,0,102
01/17/2023,FSD,SD,AGL,CE,Combined TRACON& Tower with Radar,38,73,52,18,181,0,0,5,0,5,38,73,57,18,186,0,8,8,194
01/18/2023,FSD,SD,AGL,CE,Combined TRACON& Tower with Radar,37,60,38,2,137,0,0,0,0,0,37,60,38,2,137,0,0,0,137
01/19/2023,FSD,SD,AGL,CE,Combined TRACON& Tower with Radar,46,59,52,7,164,0,0,0,0,0,46,59,52,7,164,0,0,0,164
01/20/2023,FSD,SD,AGL,CE,Combined TRACON& Tower with Radar,43,65,27,11,146,0,0,0,0,0,43,65,27,11,146,0,0,0,146
01/21/2023,FSD,SD,AGL,CE,Combined TRACON& Tower with Radar,32,28,17,6,83,0,0,1,0,1,32,28,18,6,84,0,12,12,96
01/22/2023,FSD,SD,AGL,CE,Combined TRACON& Tower with Radar,41,28,17,0,86,0,1,19,0,20,41,29,36,0,106,0,0,0,106
01/23/2023,FSD,SD,AGL,CE,Combined TRACON& Tower with Radar,39,41,34,19,133,0,1,17,1,19,39,42,51,20,152,28,6,34,186
01/24/2023,FSD,SD,AGL,CE,Combined TRACON& Tower with Radar,38,58,53,18,167,0,2,37,1,40,38,60,90,19,207,28,8,36,243
01/25/2023,FSD,SD,AGL,CE,Combined TRACON& Tower with Radar,35,69,48,15,167,0,0,10,0,10,35,69,58,15,177,2,0,2,179
01/26/2023,FSD,SD,AGL,CE,Combined TRACON& Tower with Radar,46,64,26,7,143,0,2,5,0,7,46,66,31,7,150,6,0,6,156
01/27/2023,FSD,SD,AGL,CE,Combined TRACON& Tower with Radar,44,71,27,0,142,0,2,6,0,8,44,73,33,0,150,32,0,32,182
01/28/2023,FSD,SD,AGL,CE,Combined TRACON& Tower with Radar,36,38,15,0,89,0,0,0,1,1,36,38,15,1,90,0,0,0,90
01/29/2023,FSD,SD,AGL,CE,Combined TRACON& Tower with Radar,39,38,25,0,102,0,2,11,0,13,39,40,36,0,115,34,0,34,149
01/30/2023,FSD,SD,AGL,CE,Combined TRACON& Tower with Radar,38,39,45,1,123,0,7,33,0,40,38,46,78,1,163,28,0,28,191
01/31/2023,FSD,SD,AGL,CE,Combined TRACON& Tower with Radar,38,54,57,20,169,0,8,30,0,38,38,62,87,20,207,50,26,76,283
02/01/2023,FSD,SD,AGL,CE,Combined TRACON& Tower with Radar,31,63,46,11,151,0,4,19,0,23,31,67,65,11,174,18,4,22,196
02/02/2023,FSD,SD,AGL,CE,Combined TRACON& Tower with Radar,43,64,42,6,155,0,0,21,0,21,43,64,63,6,176,0,0,0,176
02/03/2023,FSD,SD,AGL,CE,Combined TRACON& Tower with Radar,48,46,35,11,140,0,3,11,0,14,48,49,46,11,154,32,20,52,206
02/04/2023,FSD,SD,AGL,CE,Combined TRACON& Tower with Radar,44,31,14,0,89,0,3,39,0,42,44,34,53,0,131,58,0,58,189
02/05/2023,FSD,SD,AGL,CE,Combined TRACON& Tower with Radar,47,20,17,0,84,0,3,5,0,8,47,23,22,0,92,4,0,4,96
02/06/2023,FSD,SD,AGL,CE,Combined TRACON& Tower with Radar,47,41,26,0,114,0,6,2,0,8,47,47,28,0,122,0,0,0,122
02/07/2023,FSD,SD,AGL,CE,Combined TRACON& Tower with Radar,47,61,49,12,169,0,12,25,0,37,47,73,74,12,206,44,2,46,252
02/08/2023,FSD,SD,AGL,CE,Combined TRACON& Tower with Radar,44,56,49,12,161,0,4,33,0,37,44,60,82,12,198,38,18,56,254
02/09/2023,FSD,SD,AGL,CE,Combined TRACON& Tower with Radar,51,60,43,14,168,0,1,0,0,1,51,61,43,14,169,0,0,0,169
02/10/2023,FSD,SD,AGL,CE,Combined TRACON& Tower with Radar,51,52,44,21,168,0,6,28,0,34,51,58,72,21,202,42,24,66,268
02/11/2023,FSD,SD,AGL,CE,Combined TRACON& Tower with Radar,42,30,28,0,100,0,2,42,0,44,42,32,70,0,144,26,0,26,170
02/12/2023,FSD,SD,AGL,CE,Combined TRACON& Tower with Radar,45,22,23,2,92,0,1,26,0,27,45,23,49,2,119,8,0,8,127
02/13/2023,FSD,SD,AGL,CE,Combined TRACON& Tower with Radar,45,51,38,3,137,0,0,34,0,34,45,51,72,3,171,20,0,20,191
02/14/2023,FSD,SD,AGL,CE,Combined TRACON& Tower with Radar,52,57,41,0,150,0,0,0,0,0,52,57,41,0,150,0,0,0,150
02/15/2023,FSD,SD,AGL,CE,Combined TRACON& Tower with Radar,54,69,37,22,182,0,1,10,0,11,54,70,47,22,193,0,26,26,219
02/16/2023,FSD,SD,AGL,CE,Combined TRACON& Tower with Radar,50,51,52,15,168,0,7,45,1,53,50,58,97,16,221,86,12,98,319
02/17/2023,FSD,SD,AGL,CE,Combined TRACON& Tower with Radar,47,45,38,0,130,0,0,36,0,36,47,45,74,0,166,42,0,42,208
02/18/2023,FSD,SD,AGL,CE,Combined TRACON& Tower with Radar,46,22,19,0,87,0,3,30,0,33,46,25,49,0,120,28,0,28,148
02/19/2023,FSD,SD,AGL,CE,Combined TRACON& Tower with Radar,43,28,26,0,97,0,1,1,0,2,43,29,27,0,99,10,0,10,109
02/20/2023,FSD,SD,AGL,CE,Combined TRACON& Tower with Radar,45,38,17,0,100,0,3,15,1,19,45,41,32,1,119,0,0,0,119
02/21/2023,FSD,SD,AGL,CE,Combined TRACON& Tower with Radar,38,57,36,9,140,0,1,1,0,2,38,58,37,9,142,0,0,0,142
02/22/2023,FSD,SD,AGL,CE,Combined TRACON& Tower with Radar,6,8,0,0,14,0,0,0,0,0,6,8,0,0,14,0,0,0,14
02/23/2023,FSD,SD,AGL,CE,Combined TRACON& Tower with Radar,28,43,9,0,80,0,0,2,1,3,28,43,11,1,83,0,0,0,83
02/24/2023,FSD,SD,AGL,CE,Combined TRACON& Tower with Radar,46,53,19,2,120,0,1,4,0,5,46,54,23,2,125,0,0,0,125
02/25/2023,FSD,SD,AGL,CE,Combined TRACON& Tower with Radar,49,27,38,13,127,0,1,38,1,40,49,28,76,14,167,56,18,74,241
02/26/2023,FSD,SD,AGL,CE,Combined TRACON& Tower with Radar,47,35,27,4,113,0,6,17,1,24,47,41,44,5,137,16,8,24,161
02/27/2023,FSD,SD,AGL,CE,Combined TRACON& Tower with Radar,45,62,33,0,140,0,1,9,1,11,45,63,42,1,151,0,0,0,151
02/28/2023,FSD,SD,AGL,CE,Combined TRACON& Tower with Radar,45,74,45,22,186,0,0,15,2,17,45,74,60,24,203,10,0,10,213
03/01/2023,FSD,SD,AGL,CE,Combined TRACON& Tower with Radar,50,52,41,7,150,0,2,3,0,5,50,54,44,7,155,0,0,0,155
03/02/2023,FSD,SD,AGL,CE,Combined TRACON& Tower with Radar,51,66,43,13,173,0,1,11,0,12,51,67,54,13,185,6,2,8,193
03/03/2023,FSD,SD,AGL,CE,Combined TRACON& Tower with Radar,45,57,47,20,169,0,2,18,0,20,45,59,65,20,189,8,10,18,207
03/04/2023,FSD,SD,AGL,CE,Combined TRACON& Tower with Radar,45,16,29,1,91,0,4,36,0,40,45,20,65,1,131,26,0,26,157
03/05/2023,FSD,SD,AGL,CE,Combined TRACON& Tower with Radar,44,16,14,2,76,0,0,0,0,0,44,16,14,2,76,0,0,0,76
03/06/2023,FSD,SD,AGL,CE,Combined TRACON& Tower with Radar,46,42,44,0,132,0,0,7,0,7,46,42,51,0,139,4,0,4,143
03/07/2023,FSD,SD,AGL,CE,Combined TRACON& Tower with Radar,42,61,43,0,146,0,0,6,0,6,42,61,49,0,152,0,0,0,152
03/08/2023,FSD,SD,AGL,CE,Combined TRACON& Tower with Radar,50,59,51,12,172,0,0,0,0,0,50,59,51,12,172,0,0,0,172
03/09/2023,FSD,SD,AGL,CE,Combined TRACON& Tower with Radar,51,56,21,0,128,0,0,0,0,0,51,56,21,0,128,0,0,0,128
03/10/2023,FSD,SD,AGL,CE,Combined TRACON& Tower with Radar,48,67,26,7,148,0,0,1,0,1,48,67,27,7,149,4,0,4,153
03/11/2023,FSD,SD,AGL,CE,Combined TRACON& Tower with Radar,46,34,13,0,93,0,2,0,0,2,46,36,13,0,95,20,0,20,115
03/12/2023,FSD,SD,AGL,CE,Combined TRACON& Tower with Radar,45,30,20,7,102,0,0,0,0,0,45,30,20,7,102,0,0,0,102
03/13/2023,FSD,SD,AGL,CE,Combined TRACON& Tower with Radar,43,53,45,0,141,0,6,14,1,21,43,59,59,1,162,8,0,8,170
03/14/2023,FSD,SD,AGL,CE,Combined TRACON& Tower with Radar,42,61,43,16,162,0,2,17,2,21,42,63,60,18,183,4,4,8,191
03/15/2023,FSD,SD,AGL,CE,Combined TRACON& Tower with Radar,51,45,38,9,143,0,9,23,1,33,51,54,61,10,176,16,0,16,192
03/16/2023,FSD,SD,AGL,CE,Combined TRACON& Tower with Radar,40,29,19,0,88,0,1,0,0,1,40,30,19,0,89,0,0,0,89
03/17/2023,FSD,SD,AGL,CE,Combined TRACON& Tower with Radar,50,63,26,0,139,0,2,5,0,7,50,65,31,0,146,2,0,2,148
03/18/2023,FSD,SD,AGL,CE,Combined TRACON& Tower with Radar,46,34,20,0,100,0,3,5,0,8,46,37,25,0,108,20,0,20,128
03/19/2023,FSD,SD,AGL,CE,Combined TRACON& Tower with Radar,46,11,28,0,85,0,5,36,0,41,46,16,64,0,126,38,0,38,164
03/20/2023,FSD,SD,AGL,CE,Combined TRACON& Tower with Radar,43,51,42,21,157,0,4,45,1,50,43,55,87,22,207,66,8,74,281
03/21/2023,FSD,SD,AGL,CE,Combined TRACON& Tower with Radar,44,46,49,23,162,0,0,11,0,11,44,46,60,23,173,6,10,16,189
03/22/2023,FSD,SD,AGL,CE,Combined TRACON& Tower with Radar,50,67,43,20,180,0,0,4,0,4,50,67,47,20,184,6,6,12,196
03/23/2023,FSD,SD,AGL,CE,Combined TRACON& Tower with Radar,52,55,46,20,173,0,7,47,2,56,52,62,93,22,229,82,6,88,317
03/24/2023,FSD,SD,AGL,CE,Combined TRACON& Tower with Radar,50,54,53,0,157,0,3,67,0,70,50,57,120,0,227,54,0,54,281
03/25/2023,FSD,SD,AGL,CE,Combined TRACON& Tower with Radar,45,24,20,0,89,0,0,20,0,20,45,24,40,0,109,14,0,14,123
03/26/2023,FSD,SD,AGL,CE,Combined TRACON& Tower with Radar,45,9,34,0,88,0,2,44,1,47,45,11,78,1,135,26,0,26,161
03/27/2023,FSD,SD,AGL,CE,Combined TRACON& Tower with Radar,47,25,39,24,135,0,0,24,0,24,47,25,63,24,159,8,26,34,193
03/28/2023,FSD,SD,AGL,CE,Combined TRACON& Tower with Radar,46,42,60,1,149,0,2,28,0,30,46,44,88,1,179,28,0,28,207
03/29/2023,FSD,SD,AGL,CE,Combined TRACON& Tower with Radar,53,56,65,4,178,0,9,42,0,51,53,65,107,4,229,72,0,72,301
03/30/2023,FSD,SD,AGL,CE,Combined TRACON& Tower with Radar,58,40,55,15,168,0,0,7,0,7,58,40,62,15,175,0,6,6,181
03/31/2023,FSD,SD,AGL,CE,Combined TRACON& Tower with Radar,52,25,12,15,104,0,0,0,0,0,52,25,12,15,104,0,0,0,104
04/01/2023,FSD,SD,AGL,CE,Combined TRACON& Tower with Radar,45,41,29,9,124,0,1,33,1,35,45,42,62,10,159,42,4,46,205
04/02/2023,FSD,SD,AGL,CE,Combined TRACON& Tower with Radar,48,9,18,6,81,0,1,23,2,26,48,10,41,8,107,54,2,56,163
04/03/2023,FSD,SD,AGL,CE,Combined TRACON& Tower with Radar,47,42,59,0,148,0,9,33,0,42,47,51,92,0,190,18,0,18,208
04/04/2023,FSD,SD,AGL,CE,Combined TRACON& Tower with Radar,45,28,21,1,95,0,0,0,0,0,45,28,21,1,95,0,0,0,95
04/05/2023,FSD,SD,AGL,CE,Combined TRACON& Tower with Radar,52,40,30,2,124,0,1,1,0,2,52,41,31,2,126,0,0,0,126
04/06/2023,FSD,SD,AGL,CE,Combined TRACON& Tower with Radar,55,41,59,15,170,0,4,54,0,58,55,45,113,15,228,98,4,102,330
04/07/2023,FSD,SD,AGL,CE,Combined TRACON& Tower with Radar,51,47,40,21,159,0,2,57,6,65,51,49,97,27,224,28,30,58,282
04/08/2023,FSD,SD,AGL,CE,Combined TRACON& Tower with Radar,46,31,22,0,99,0,4,34,0,38,46,35,56,0,137,10,0,10,147
04/09/2023,FSD,SD,AGL,CE,Combined TRACON& Tower with Radar,47,3,13,0,63,0,0,10,0,10,47,3,23,0,73,6,0,6,79
04/10/2023,FSD,SD,AGL,CE,Combined TRACON& Tower with Radar,45,39,58,2,144,0,3,51,0,54,45,42,109,2,198,52,0,52,250
04/11/2023,FSD,SD,AGL,CE,Combined TRACON& Tower with Radar,48,54,58,11,171,0,1,26,1,28,48,55,84,12,199,8,6,14,213
04/12/2023,FSD,SD,AGL,CE,Combined TRACON& Tower with Radar,54,44,60,25,183,0,4,36,0,40,54,48,96,25,223,42,24,66,289
04/13/2023,FSD,SD,AGL,CE,Combined TRACON& Tower with Radar,51,49,75,15,190,0,10,22,4,36,51,59,97,19,226,8,30,38,264
04/14/2023,FSD,SD,AGL,CE,Combined TRACON& Tower with Radar,49,45,57,12,163,0,2,32,0,34,49,47,89,12,197,4,22,26,223
04/15/2023,FSD,SD,AGL,CE,Combined TRACON& Tower with Radar,45,24,12,0,81,0,0,2,0,2,45,24,14,0,83,0,0,0,83
04/16/2023,FSD,SD,AGL,CE,Combined TRACON& Tower with Radar,49,12,21,0,82,0,3,7,0,10,49,15,28,0,92,0,0,0,92
04/17/2023,FSD,SD,AGL,CE,Combined TRACON& Tower with Radar,46,48,58,2,154,0,2,75,2,79,46,50,133,4,233,60,0,60,293
04/18/2023,FSD,SD,AGL,CE,Combined TRACON& Tower with Radar,47,58,53,7,165,0,6,22,2,30,47,64,75,9,195,0,8,8,203
04/19/2023,FSD,SD,AGL,CE,Combined TRACON& Tower with Radar,52,45,54,16,167,0,0,4,0,4,52,45,58,16,171,0,0,0,171
04/20/2023,FSD,SD,AGL,CE,Combined TRACON& Tower with Radar,47,53,51,1,152,0,0,8,0,8,47,53,59,1,160,4,0,4,164
04/21/2023,FSD,SD,AGL,CE,Combined TRACON& Tower with Radar,52,59,19,4,134,0,0,0,0,0,52,59,19,4,134,0,6,6,140
04/22/2023,FSD,SD,AGL,CE,Combined TRACON& Tower with Radar,48,21,16,0,85,0,5,5,0,10,48,26,21,0,95,4,0,4,99
04/23/2023,FSD,SD,AGL,CE,Combined TRACON& Tower with Radar,49,13,25,0,87,0,2,35,0,37,49,15,60,0,124,14,0,14,138
04/24/2023,FSD,SD,AGL,CE,Combined TRACON& Tower with Radar,46,47,60,16,169,0,4,48,0,52,46,51,108,16,221,60,4,64,285
04/25/2023,FSD,SD,AGL,CE,Combined TRACON& Tower with Radar,45,48,73,22,188,1,6,28,1,36,46,54,101,23,224,30,10,40,264
04/26/2023,FSD,SD,AGL,CE,Combined TRACON& Tower with Radar,52,46,84,15,197,0,1,24,1,26,52,47,108,16,223,14,8,22,245
04/27/2023,FSD,SD,AGL,CE,Combined TRACON& Tower with Radar,53,43,46,17,159,0,2,20,2,24,53,45,66,19,183,12,4,16,199
04/28/2023,FSD,SD,AGL,CE,Combined TRACON& Tower with Radar,50,43,46,0,139,0,2,9,0,11,50,45,55,0,150,8,0,8,158
04/29/2023,FSD,SD,AGL,CE,Combined TRACON& Tower with Radar,45,18,29,0,92,0,0,18,0,18,45,18,47,0,110,4,0,4,114
04/30/2023,FSD,SD,AGL,CE,Combined TRACON& Tower with Radar,47,10,28,0,85,0,5,3,0,8,47,15,31,0,93,0,0,0,93
05/01/2023,FSD,SD,AGL,CE,Combined TRACON& Tower with Radar,46,35,48,0,129,0,6,11,0,17,46,41,59,0,146,2,0,2,148
05/02/2023,FSD,SD,AGL,CE,Combined TRACON& Tower with Radar,46,65,52,17,180,0,8,28,1,37,46,73,80,18,217,6,10,16,233
05/03/2023,FSD,SD,AGL,CE,Combined TRACON& Tower with Radar,52,51,42,8,153,0,7,69,0,76,52,58,111,8,229,58,12,70,299
05/04/2023,FSD,SD,AGL,CE,Combined TRACON& Tower with Radar,53,48,42,11,154,0,2,29,0,31,53,50,71,11,185,14,8,22,207
05/05/2023,FSD,SD,AGL,CE,Combined TRACON& Tower with Radar,47,51,37,24,159,0,0,19,2,21,47,51,56,26,180,0,0,0,180
05/06/2023,FSD,SD,AGL,CE,Combined TRACON& Tower with Radar,45,27,20,13,105,0,1,7,0,8,45,28,27,13,113,2,20,22,135
05/07/2023,FSD,SD,AGL,CE,Combined TRACON& Tower with Radar,43,24,47,5,119,0,2,39,0,41,43,26,86,5,160,14,2,16,176
05/08/2023,FSD,SD,AGL,CE,Combined TRACON& Tower with Radar,45,44,46,1,136,0,5,62,0,67,45,49,108,1,203,48,0,48,251
05/09/2023,FSD,SD,AGL,CE,Combined TRACON& Tower with Radar,44,65,78,9,196,0,12,32,1,45,44,77,110,10,241,34,0,34,275
05/10/2023,FSD,SD,AGL,CE,Combined TRACON& Tower with Radar,49,54,78,11,192,0,1,43,0,44,49,55,121,11,236,22,16,38,274
05/11/2023,FSD,SD,AGL,CE,Combined TRACON& Tower with Radar,48,63,59,18,188,1,2,11,0,14,49,65,70,18,202,2,8,10,212
05/12/2023,FSD,SD,AGL,CE,Combined TRACON& Tower with Radar,49,38,35,6,128,0,1,0,0,1,49,39,35,6,129,0,0,0,129
05/13/2023,FSD,SD,AGL,CE,Combined TRACON& Tower with Radar,42,26,17,0,85,0,0,0,0,0,42,26,17,0,85,0,0,0,85
05/14/2023,FSD,SD,AGL,CE,Combined TRACON& Tower with Radar,43,27,10,0,80,0,1,0,0,1,43,28,10,0,81,0,0,0,81
05/15/2023,FSD,SD,AGL,CE,Combined TRACON& Tower with Radar,42,37,53,23,155,0,1,43,2,46,42,38,96,25,201,72,10,82,283
05/16/2023,FSD,SD,AGL,CE,Combined TRACON& Tower with Radar,46,66,75,20,207,0,1,40,0,41,46,67,115,20,248,32,4,36,284
05/17/2023,FSD,SD,AGL,CE,Combined TRACON& Tower with Radar,50,52,64,18,184,0,5,31,1,37,50,57,95,19,221,38,4,42,263
05/18/2023,FSD,SD,AGL,CE,Combined TRACON& Tower with Radar,45,55,51,11,162,0,2,7,0,9,45,57,58,11,171,4,0,4,175
05/19/2023,FSD,SD,AGL,CE,Combined TRACON& Tower with Radar,45,57,64,0,166,0,4,30,0,34,45,61,94,0,200,26,0,26,226
05/20/2023,FSD,SD,AGL,CE,Combined TRACON& Tower with Radar,42,28,25,0,95,0,8,56,0,64,42,36,81,0,159,26,0,26,185
05/21/2023,FSD,SD,AGL,CE,Combined TRACON& Tower with Radar,39,21,31,0,91,0,3,40,0,43,39,24,71,0,134,42,0,42,176
05/22/2023,FSD,SD,AGL,CE,Combined TRACON& Tower with Radar,42,33,40,0,115,0,6,52,1,59,42,39,92,1,174,24,0,24,198
05/23/2023,FSD,SD,AGL,CE,Combined TRACON& Tower with Radar,42,53,66,21,182,0,1,65,0,66,42,54,131,21,248,72,0,72,320
05/24/2023,FSD,SD,AGL,CE,Combined TRACON& Tower with Radar,49,52,79,12,192,0,3,47,0,50,49,55,126,12,242,32,0,32,274
05/25/2023,FSD,SD,AGL,CE,Combined TRACON& Tower with Radar,46,47,74,10,177,0,4,49,1,54,46,51,123,11,231,16,0,16,247
05/26/2023,FSD,SD,AGL,CE,Combined TRACON& Tower with Radar,47,56,45,1,149,0,5,29,0,34,47,61,74,1,183,18,0,18,201
05/27/2023,FSD,SD,AGL,CE,Combined TRACON& Tower with Radar,41,26,12,0,79,0,7,20,1,28,41,33,32,1,107,28,0,28,135
05/28/2023,FSD,SD,AGL,CE,Combined TRACON& Tower with Radar,37,6,14,2,59,0,3,25,0,28,37,9,39,2,87,18,0,18,105
05/29/2023,FSD,SD,AGL,CE,Combined TRACON& Tower with Radar,40,19,19,0,78,0,4,19,1,24,40,23,38,1,102,12,0,12,114
05/30/2023,FSD,SD,AGL,CE,Combined TRACON& Tower with Radar,39,36,71,7,153,0,8,29,1,38,39,44,100,8,191,46,16,62,253
05/31/2023,FSD,SD,AGL,CE,Combined TRACON& Tower with Radar,52,38,69,18,177,0,1,43,0,44,52,39,112,18,221,36,6,42,263
06/01/2023,FSD,SD,AGL,CE,Combined TRACON& Tower with Radar,48,56,56,18,178,0,1,32,2,35,48,57,88,20,213,16,20,36,249
06/02/2023,FSD,SD,AGL,CE,Combined TRACON& Tower with Radar,50,48,41,3,142,0,3,17,0,20,50,51,58,3,162,16,0,16,178
06/03/2023,FSD,SD,AGL,CE,Combined TRACON& Tower with Radar,44,38,41,2,125,0,4,24,0,28,44,42,65,2,153,16,0,16,169
06/04/2023,FSD,SD,AGL,CE,Combined TRACON& Tower with Radar,38,12,29,2,81,0,3,27,0,30,38,15,56,2,111,10,0,10,121
06/05/2023,FSD,SD,AGL,CE,Combined TRACON& Tower with Radar,45,38,53,2,138,0,3,34,0,37,45,41,87,2,175,35,0,35,210
06/06/2023,FSD,SD,AGL,CE,Combined TRACON& Tower with Radar,47,48,65,0,160,0,4,38,1,43,47,52,103,1,203,0,0,0,203
06/07/2023,FSD,SD,AGL,CE,Combined TRACON& Tower with Radar,53,52,39,6,150,0,4,23,0,27,53,56,62,6,177,18,6,24,201
06/08/2023,FSD,SD,AGL,CE,Combined TRACON& Tower with Radar,51,54,74,10,189,0,5,30,0,35,51,59,104,10,224,2,4,6,230
06/09/2023,FSD,SD,AGL,CE,Combined TRACON& Tower with Radar,49,46,43,6,144,0,3,17,0,20,49,49,60,6,164,10,0,10,174
06/10/2023,FSD,SD,AGL,CE,Combined TRACON& Tower with Radar,47,32,25,0,104,0,0,18,0,18,47,32,43,0,122,0,0,0,122
06/11/2023,FSD,SD,AGL,CE,Combined TRACON& Tower with Radar,40,19,34,2,95,0,1,22,0,23,40,20,56,2,118,22,0,22,140
06/12/2023,FSD,SD,AGL,CE,Combined TRACON& Tower with Radar,45,40,54,0,139,0,4,26,0,30,45,44,80,0,169,24,0,24,193
06/13/2023,FSD,SD,AGL,CE,Combined TRACON& Tower with Radar,44,55,66,4,169,0,7,34,0,41,44,62,100,4,210,28,6,34,244
06/14/2023,FSD,SD,AGL,CE,Combined TRACON& Tower with Radar,55,56,83,0,194,0,10,29,1,40,55,66,112,1,234,10,0,10,244
06/15/2023,FSD,SD,AGL,CE,Combined TRACON& Tower with Radar,48,59,40,12,159,0,16,42,0,58,48,75,82,12,217,18,0,18,235
06/16/2023,FSD,SD,AGL,CE,Combined TRACON& Tower with Radar,48,40,50,0,138,0,6,26,1,33,48,46,76,1,171,14,0,14,185
06/17/2023,FSD,SD,AGL,CE,Combined TRACON& Tower with Radar,45,27,18,2,92,0,0,11,1,12,45,27,29,3,104,0,4,4,108
06/18/2023,FSD,SD,AGL,CE,Combined TRACON& Tower with Radar,40,21,32,0,93,0,2,28,0,30,40,23,60,0,123,30,0,30,153
06/19/2023,FSD,SD,AGL,CE,Combined TRACON& Tower with Radar,45,41,50,2,138,0,3,38,0,41,45,44,88,2,179,58,0,58,237
06/20/2023,FSD,SD,AGL,CE,Combined TRACON& Tower with Radar,45,57,52,9,163,0,7,56,2,65,45,64,108,11,228,34,0,34,262
06/21/2023,FSD,SD,AGL,CE,Combined TRACON& Tower with Radar,52,58,62,14,186,0,1,40,2,43,52,59,102,16,229,22,12,34,263
06/22/2023,FSD,SD,AGL,CE,Combined TRACON& Tower with Radar,49,51,83,6,189,0,1,38,0,39,49,52,121,6,228,24,2,26,254
06/23/2023,FSD,SD,AGL,CE,Combined TRACON& Tower with Radar,48,45,51,4,148,0,4,17,4,25,48,49,68,8,173,24,0,24,197
06/24/2023,FSD,SD,AGL,CE,Combined TRACON& Tower with Radar,48,23,33,2,106,0,2,11,0,13,48,25,44,2,119,10,0,10,129
06/25/2023,FSD,SD,AGL,CE,Combined TRACON& Tower with Radar,37,9,37,1,84,0,1,5,0,6,37,10,42,1,90,12,0,12,102
06/26/2023,FSD,SD,AGL,CE,Combined TRACON& Tower with Radar,48,50,51,0,149,0,2,36,3,41,48,52,87,3,190,26,0,26,216
06/27/2023,FSD,SD,AGL,CE,Combined TRACON& Tower with Radar,41,50,63,2,156,0,5,33,2,40,41,55,96,4,196,26,0,26,222
06/28/2023,FSD,SD,AGL,CE,Combined TRACON& Tower with Radar,53,59,82,4,198,0,9,39,0,48,53,68,121,4,246,22,0,22,268
06/29/2023,FSD,SD,AGL,CE,Combined TRACON& Tower with Radar,49,40,73,6,168,0,8,48,2,58,49,48,121,8,226,40,0,40,266
06/30/2023,FSD,SD,AGL,CE,Combined TRACON& Tower with Radar,48,49,69,13,179,0,7,40,0,47,48,56,109,13,226,44,10,54,280
07/01/2023,FSD,SD,AGL,CE,Combined TRACON& Tower with Radar,44,22,52,2,120,0,7,28,1,36,44,29,80,3,156,8,0,8,164
07/02/2023,FSD,SD,AGL,CE,Combined TRACON& Tower with Radar,36,26,24,0,86,0,8,22,0,30,36,34,46,0,116,0,0,0,116
07/03/2023,FSD,SD,AGL,CE,Combined TRACON& Tower with Radar,39,38,14,1,92,0,4,19,1,24,39,42,33,2,116,8,0,8,124
07/04/2023,FSD,SD,AGL,CE,Combined TRACON& Tower with Radar,30,20,5,0,55,0,1,2,0,3,30,21,7,0,58,20,0,20,78
07/05/2023,FSD,SD,AGL,CE,Combined TRACON& Tower with Radar,47,53,54,9,163,0,6,33,1,40,47,59,87,10,203,24,6,30,233
07/06/2023,FSD,SD,AGL,CE,Combined TRACON& Tower with Radar,44,58,39,5,146,0,7,49,0,56,44,65,88,5,202,70,0,70,272
07/07/2023,FSD,SD,AGL,CE,Combined TRACON& Tower with Radar,43,50,32,3,128,0,2,14,1,17,43,52,46,4,145,16,0,16,161
07/08/2023,FSD,SD,AGL,CE,Combined TRACON& Tower with Radar,44,30,34,1,109,0,7,36,0,43,44,37,70,1,152,18,0,18,170
07/09/2023,FSD,SD,AGL,CE,Combined TRACON& Tower with Radar,37,24,38,3,102,0,4,44,1,49,37,28,82,4,151,28,0,28,179
07/10/2023,FSD,SD,AGL,CE,Combined TRACON& Tower with Radar,41,44,43,0,128,0,2,37,1,40,41,46,80,1,168,46,0,46,214
07/11/2023,FSD,SD,AGL,CE,Combined TRACON& Tower with Radar,40,65,56,12,173,0,5,11,0,16,40,70,67,12,189,22,4,26,215
07/12/2023,FSD,SD,AGL,CE,Combined TRACON& Tower with Radar,51,61,66,21,199,0,4,20,1,25,51,65,86,22,224,38,2,40,264
07/13/2023,FSD,SD,AGL,CE,Combined TRACON& Tower with Radar,45,52,75,9,181,0,4,38,0,42,45,56,113,9,223,34,12,46,269
07/14/2023,FSD,SD,AGL,CE,Combined TRACON& Tower with Radar,43,53,45,21,162,0,6,42,8,56,43,59,87,29,218,30,16,46,264
07/15/2023,FSD,SD,AGL,CE,Combined TRACON& Tower with Radar,42,26,39,0,107,0,3,7,0,10,42,29,46,0,117,10,0,10,127
07/16/2023,FSD,SD,AGL,CE,Combined TRACON& Tower with Radar,35,27,28,3,93,0,1,5,0,6,35,28,33,3,99,0,0,0,99
07/17/2023,FSD,SD,AGL,CE,Combined TRACON& Tower with Radar,38,43,34,0,115,0,4,34,0,38,38,47,68,0,153,56,0,56,209
07/18/2023,FSD,SD,AGL,CE,Combined TRACON& Tower with Radar,40,61,63,16,180,0,4,40,1,45,40,65,103,17,225,32,14,46,271
07/19/2023,FSD,SD,AGL,CE,Combined TRACON& Tower with Radar,48,55,50,11,164,0,3,21,1,25,48,58,71,12,189,4,6,10,199
07/20/2023,FSD,SD,AGL,CE,Combined TRACON& Tower with Radar,44,62,68,11,185,0,7,39,2,48,44,69,107,13,233,24,2,26,259
07/21/2023,FSD,SD,AGL,CE,Combined TRACON& Tower with Radar,44,52,58,12,166,0,6,48,1,55,44,58,106,13,221,46,4,50,271
07/22/2023,FSD,SD,AGL,CE,Combined TRACON& Tower with Radar,39,34,30,0,103,0,8,50,1,59,39,42,80,1,162,22,0,22,184
07/23/2023,FSD,SD,AGL,CE,Combined TRACON& Tower with Radar,34,30,41,1,106,0,1,36,2,39,34,31,77,3,145,8,0,8,153
07/24/2023,FSD,SD,AGL,CE,Combined TRACON& Tower with Radar,43,47,55,0,145,0,11,52,0,63,43,58,107,0,208,66,0,66,274
07/25/2023,FSD,SD,AGL,CE,Combined TRACON& Tower with Radar,41,58,54,11,164,0,5,63,2,70,41,63,117,13,234,36,8,44,278
07/26/2023,FSD,SD,AGL,CE,Combined TRACON& Tower with Radar,49,71,61,14,195,0,4,36,2,42,49,75,97,16,237,22,10,32,269
07/27/2023,FSD,SD,AGL,CE,Combined TRACON& Tower with Radar,43,59,80,6,188,0,1,75,1,77,43,60,155,7,265,10,20,30,295
07/28/2023,FSD,SD,AGL,CE,Combined TRACON& Tower with Radar,46,44,30,10,130,0,2,36,13,51,46,46,66,23,181,21,2,23,204
07/29/2023,FSD,SD,AGL,CE,Combined TRACON& Tower with Radar,41,29,29,2,101,0,4,24,27,55,41,33,53,29,156,6,0,6,162
07/30/2023,FSD,SD,AGL,CE,Combined TRACON& Tower with Radar,34,12,30,2,78,0,6,34,4,44,34,18,64,6,122,18,0,18,140
07/31/2023,FSD,SD,AGL,CE,Combined TRACON& Tower with Radar,43,44,39,18,144,0,8,42,3,53,43,52,81,21,197,16,0,16,213
08/01/2023,FSD,SD,AGL,CE,Combined TRACON& Tower with Radar,39,75,45,16,175,0,5,21,2,28,39,80,66,18,203,8,8,16,219
08/02/2023,FSD,SD,AGL,CE,Combined TRACON& Tower with Radar,46,63,53,21,183,0,1,21,3,25,46,64,74,24,208,32,16,48,256
08/03/2023,FSD,SD,AGL,CE,Combined TRACON& Tower with Radar,46,59,43,16,164,0,4,31,0,35,46,63,74,16,199,42,6,48,247
08/04/2023,FSD,SD,AGL,CE,Combined TRACON& Tower with Radar,45,47,48,12,152,0,2,28,0,30,45,49,76,12,182,50,0,50,232
08/05/2023,FSD,SD,AGL,CE,Combined TRACON& Tower with Radar,44,25,22,0,91,0,0,1,0,1,44,25,23,0,92,0,0,0,92
08/06/2023,FSD,SD,AGL,CE,Combined TRACON& Tower with Radar,33,30,16,0,79,0,0,2,0,2,33,30,18,0,81,0,0,0,81
08/07/2023,FSD,SD,AGL,CE,Combined TRACON& Tower with Radar,42,40,51,0,133,0,11,22,1,34,42,51,73,1,167,68,0,68,235
08/08/2023,FSD,SD,AGL,CE,Combined TRACON& Tower with Radar,39,53,60,10,162,0,7,27,0,34,39,60,87,10,196,44,10,54,250
08/09/2023,FSD,SD,AGL,CE,Combined TRACON& Tower with Radar,48,53,64,0,165,0,15,34,0,49,48,68,98,0,214,34,0,34,248
08/10/2023,FSD,SD,AGL,CE,Combined TRACON& Tower with Radar,47,50,59,6,162,0,9,28,0,37,47,59,87,6,199,6,4,10,209
08/11/2023,FSD,SD,AGL,CE,Combined TRACON& Tower with Radar,45,47,53,12,157,0,6,35,5,46,45,53,88,17,203,60,18,78,281
08/12/2023,FSD,SD,AGL,CE,Combined TRACON& Tower with Radar,42,37,30,11,120,0,6,37,2,45,42,43,67,13,165,46,0,46,211
08/13/2023,FSD,SD,AGL,CE,Combined TRACON& Tower with Radar,36,13,38,0,87,0,0,5,0,5,36,13,43,0,92,10,0,10,102
08/14/2023,FSD,SD,AGL,CE,Combined TRACON& Tower with Radar,43,48,66,0,157,0,0,16,0,16,43,48,82,0,173,4,0,4,177
08/15/2023,FSD,SD,AGL,CE,Combined TRACON& Tower with Radar,40,67,74,1,182,0,5,63,2,70,40,72,137,3,252,44,0,44,296
08/16/2023,FSD,SD,AGL,CE,Combined TRACON& Tower with Radar,45,50,58,1,154,0,9,20,3,32,45,59,78,4,186,0,0,0,186
08/17/2023,FSD,SD,AGL,CE,Combined TRACON& Tower with Radar,44,77,52,2,175,0,5,36,0,41,44,82,88,2,216,30,0,30,246
08/18/2023,FSD,SD,AGL,CE,Combined TRACON& Tower with Radar,43,62,53,0,158,0,4,31,0,35,43,66,84,0,193,14,0,14,207
08/19/2023,FSD,SD,AGL,CE,Combined TRACON& Tower with Radar,36,35,47,0,118,0,4,25,0,29,36,39,72,0,147,2,0,2,149
08/20/2023,FSD,SD,AGL,CE,Combined TRACON& Tower with Radar,32,27,38,0,97,0,4,29,0,33,32,31,67,0,130,10,0,10,140
08/21/2023,FSD,SD,AGL,CE,Combined TRACON& Tower with Radar,44,53,65,1,163,0,4,23,0,27,44,57,88,1,190,26,0,26,216
08/22/2023,FSD,SD,AGL,CE,Combined TRACON& Tower with Radar,44,63,52,3,162,0,6,18,1,25,44,69,70,4,187,44,0,44,231
08/23/2023,FSD,SD,AGL,CE,Combined TRACON& Tower with Radar,51,64,44,0,159,0,5,20,1,26,51,69,64,1,185,22,0,22,207
08/24/2023,FSD,SD,AGL,CE,Combined TRACON& Tower with Radar,46,73,51,12,182,0,2,29,3,34,46,75,80,15,216,24,2,26,242
08/25/2023,FSD,SD,AGL,CE,Combined TRACON& Tower with Radar,48,64,54,15,181,0,4,24,6,34,48,68,78,21,215,26,12,38,253
08/26/2023,FSD,SD,AGL,CE,Combined TRACON& Tower with Radar,37,31,34,3,105,0,1,28,2,31,37,32,62,5,136,10,0,10,146
08/27/2023,FSD,SD,AGL,CE,Combined TRACON& Tower with Radar,32,25,28,0,85,0,2,27,0,29,32,27,55,0,114,24,0,24,138
08/28/2023,FSD,SD,AGL,CE,Combined TRACON& Tower with Radar,38,39,70,1,148,0,4,37,0,41,38,43,107,1,189,34,0,34,223
08/29/2023,FSD,SD,AGL,CE,Combined TRACON& Tower with Radar,38,49,79,14,180,0,7,33,2,42,38,56,112,16,222,18,18,36,258
08/30/2023,FSD,SD,AGL,CE,Combined TRACON& Tower with Radar,47,55,74,22,198,0,5,46,0,51,47,60,120,22,249,6,30,36,285
08/31/2023,FSD,SD,AGL,CE,Combined TRACON& Tower with Radar,41,60,51,7,159,0,6,22,2,30,41,66,73,9,189,4,8,12,201
