01/01/2020,FSM,AR,ASW,CE,Combined TRACON& Tower with Radar,2,7,6,0,15,0,0,16,0,16,2,7,22,0,31,8,0,8,39
01/02/2020,FSM,AR,ASW,CE,Combined TRACON& Tower with Radar,2,9,8,0,19,0,0,4,0,4,2,9,12,0,23,8,0,8,31
01/03/2020,FSM,AR,ASW,CE,Combined TRACON& Tower with Radar,2,8,19,0,29,0,0,20,0,20,2,8,39,0,49,80,0,80,129
01/04/2020,FSM,AR,ASW,CE,Combined TRACON& Tower with Radar,2,8,13,0,23,0,0,35,0,35,2,8,48,0,58,28,0,28,86
01/05/2020,FSM,AR,ASW,CE,Combined TRACON& Tower with Radar,4,13,10,0,27,0,1,33,0,34,4,14,43,0,61,64,0,64,125
01/06/2020,FSM,AR,ASW,CE,Combined TRACON& Tower with Radar,2,10,21,1,34,0,2,30,1,33,2,12,51,2,67,34,0,34,101
01/07/2020,FSM,AR,ASW,CE,Combined TRACON& Tower with Radar,1,12,12,12,37,0,3,30,12,45,1,15,42,24,82,64,20,84,166
01/08/2020,FSM,AR,ASW,CE,Combined TRACON& Tower with Radar,3,10,17,25,55,0,2,30,8,40,3,12,47,33,95,26,14,40,135
01/09/2020,FSM,AR,ASW,CE,Combined TRACON& Tower with Radar,3,15,16,2,36,0,0,0,3,3,3,15,16,5,39,0,0,0,39
01/10/2020,FSM,AR,ASW,CE,Combined TRACON& Tower with Radar,1,10,0,0,11,0,0,0,0,0,1,10,0,0,11,0,0,0,11
01/11/2020,FSM,AR,ASW,CE,Combined TRACON& Tower with Radar,0,6,1,0,7,0,0,0,0,0,0,6,1,0,7,0,0,0,7
01/12/2020,FSM,AR,ASW,CE,Combined TRACON& Tower with Radar,2,13,15,0,30,0,1,7,0,8,2,14,22,0,38,54,0,54,92
01/13/2020,FSM,AR,ASW,CE,Combined TRACON& Tower with Radar,2,14,18,10,44,0,0,8,2,10,2,14,26,12,54,10,4,14,68
01/14/2020,FSM,AR,ASW,CE,Combined TRACON& Tower with Radar,2,12,14,26,54,0,0,2,4,6,2,12,16,30,60,0,8,8,68
01/15/2020,FSM,AR,ASW,CE,Combined TRACON& Tower with Radar,3,11,16,8,38,0,0,2,3,5,3,11,18,11,43,16,24,40,83
01/16/2020,FSM,AR,ASW,CE,Combined TRACON& Tower with Radar,3,11,16,4,34,0,0,20,3,23,3,11,36,7,57,32,12,44,101
01/17/2020,FSM,AR,ASW,CE,Combined TRACON& Tower with Radar,3,15,6,2,26,0,0,0,0,0,3,15,6,2,26,0,0,0,26
01/18/2020,FSM,AR,ASW,CE,Combined TRACON& Tower with Radar,1,8,13,3,25,0,1,18,0,19,1,9,31,3,44,6,0,6,50
01/19/2020,FSM,AR,ASW,CE,Combined TRACON& Tower with Radar,2,12,9,0,23,0,0,17,0,17,2,12,26,0,40,18,0,18,58
01/20/2020,FSM,AR,ASW,CE,Combined TRACON& Tower with Radar,2,10,24,2,38,0,7,35,3,45,2,17,59,5,83,110,0,110,193
01/21/2020,FSM,AR,ASW,CE,Combined TRACON& Tower with Radar,2,11,18,13,44,0,0,14,1,15,2,11,32,14,59,62,0,62,121
01/22/2020,FSM,AR,ASW,CE,Combined TRACON& Tower with Radar,3,9,7,0,19,0,0,0,0,0,3,9,7,0,19,0,0,0,19
01/23/2020,FSM,AR,ASW,CE,Combined TRACON& Tower with Radar,3,10,13,8,34,0,0,0,0,0,3,10,13,8,34,0,0,0,34
01/24/2020,FSM,AR,ASW,CE,Combined TRACON& Tower with Radar,3,11,10,4,28,0,0,9,1,10,3,11,19,5,38,2,0,2,40
01/25/2020,FSM,AR,ASW,CE,Combined TRACON& Tower with Radar,1,6,13,9,29,0,2,38,1,41,1,8,51,10,70,70,0,70,140
01/26/2020,FSM,AR,ASW,CE,Combined TRACON& Tower with Radar,2,12,23,8,45,0,0,3,2,5,2,12,26,10,50,82,12,94,144
01/27/2020,FSM,AR,ASW,CE,Combined TRACON& Tower with Radar,2,12,18,15,47,0,0,18,1,19,2,12,36,16,66,24,0,24,90
01/28/2020,FSM,AR,ASW,CE,Combined TRACON& Tower with Radar,2,9,11,0,22,0,0,0,0,0,2,9,11,0,22,0,0,0,22
01/29/2020,FSM,AR,ASW,CE,Combined TRACON& Tower with Radar,3,11,12,4,30,0,0,0,0,0,3,11,12,4,30,0,0,0,30
01/30/2020,FSM,AR,ASW,CE,Combined TRACON& Tower with Radar,3,12,20,2,37,0,0,0,0,0,3,12,20,2,37,0,0,0,37
01/31/2020,FSM,AR,ASW,CE,Combined TRACON& Tower with Radar,3,14,6,5,28,0,1,9,0,10,3,15,15,5,38,0,0,0,38
02/01/2020,FSM,AR,ASW,ES,Combined TRACON& Tower with Radar,5,10,22,0,37,0,1,53,0,54,5,11,75,0,91,84,0,84,175
02/02/2020,FSM,AR,ASW,ES,Combined TRACON& Tower with Radar,2,9,18,0,29,0,1,36,0,37,2,10,54,0,66,48,0,48,114
02/03/2020,FSM,AR,ASW,ES,Combined TRACON& Tower with Radar,2,12,16,8,38,0,2,16,1,19,2,14,32,9,57,28,0,28,85
02/04/2020,FSM,AR,ASW,ES,Combined TRACON& Tower with Radar,2,8,18,8,36,0,0,0,0,0,2,8,18,8,36,0,0,0,36
02/05/2020,FSM,AR,ASW,ES,Combined TRACON& Tower with Radar,3,11,11,28,53,0,0,0,1,1,3,11,11,29,54,0,0,0,54
02/06/2020,FSM,AR,ASW,ES,Combined TRACON& Tower with Radar,3,12,8,7,30,0,0,0,2,2,3,12,8,9,32,0,10,10,42
02/07/2020,FSM,AR,ASW,ES,Combined TRACON& Tower with Radar,3,10,19,25,57,0,0,27,5,32,3,10,46,30,89,16,0,16,105
02/08/2020,FSM,AR,ASW,ES,Combined TRACON& Tower with Radar,1,5,13,0,19,0,2,46,2,50,1,7,59,2,69,68,0,68,137
02/09/2020,FSM,AR,ASW,ES,Combined TRACON& Tower with Radar,2,11,4,2,19,0,0,2,0,2,2,11,6,2,21,30,0,30,51
02/10/2020,FSM,AR,ASW,ES,Combined TRACON& Tower with Radar,2,13,16,10,41,0,0,1,0,1,2,13,17,10,42,0,32,32,74
02/11/2020,FSM,AR,ASW,ES,Combined TRACON& Tower with Radar,2,8,25,42,77,0,0,17,6,23,2,8,42,48,100,92,80,172,272
02/12/2020,FSM,AR,ASW,ES,Combined TRACON& Tower with Radar,3,10,14,16,43,0,0,0,0,0,3,10,14,16,43,0,0,0,43
02/13/2020,FSM,AR,ASW,ES,Combined TRACON& Tower with Radar,3,10,35,8,56,0,0,13,4,17,3,10,48,12,73,60,0,60,133
02/14/2020,FSM,AR,ASW,ES,Combined TRACON& Tower with Radar,3,10,19,15,47,0,0,21,4,25,3,10,40,19,72,72,14,86,158
02/15/2020,FSM,AR,ASW,ES,Combined TRACON& Tower with Radar,3,5,14,0,22,0,0,39,0,39,3,5,53,0,61,0,0,0,61
02/16/2020,FSM,AR,ASW,ES,Combined TRACON& Tower with Radar,3,11,16,0,30,0,1,9,0,10,3,12,25,0,40,0,0,0,40
02/17/2020,FSM,AR,ASW,ES,Combined TRACON& Tower with Radar,3,13,25,12,53,0,0,6,0,6,3,13,31,12,59,0,0,0,59
02/18/2020,FSM,AR,ASW,ES,Combined TRACON& Tower with Radar,3,8,17,26,54,0,2,10,0,12,3,10,27,26,66,14,62,76,142
02/19/2020,FSM,AR,ASW,ES,Combined TRACON& Tower with Radar,3,11,12,22,48,0,0,22,0,22,3,11,34,22,70,38,0,38,108
02/20/2020,FSM,AR,ASW,ES,Combined TRACON& Tower with Radar,3,13,15,10,41,0,0,10,0,10,3,13,25,10,51,26,0,26,77
02/21/2020,FSM,AR,ASW,ES,Combined TRACON& Tower with Radar,3,15,19,27,64,0,1,50,5,56,3,16,69,32,120,48,36,84,204
02/22/2020,FSM,AR,ASW,ES,Combined TRACON& Tower with Radar,5,4,7,0,16,0,0,35,2,37,5,4,42,2,53,52,18,70,123
02/23/2020,FSM,AR,ASW,ES,Combined TRACON& Tower with Radar,3,12,5,8,28,0,0,0,0,0,3,12,5,8,28,0,0,0,28
02/24/2020,FSM,AR,ASW,ES,Combined TRACON& Tower with Radar,3,11,19,17,50,0,0,0,0,0,3,11,19,17,50,0,0,0,50
02/25/2020,FSM,AR,ASW,ES,Combined TRACON& Tower with Radar,3,10,13,25,51,0,0,5,6,11,3,10,18,31,62,24,0,24,86
02/26/2020,FSM,AR,ASW,ES,Combined TRACON& Tower with Radar,3,8,10,26,47,0,0,2,6,8,3,8,12,32,55,8,0,8,63
02/27/2020,FSM,AR,ASW,ES,Combined TRACON& Tower with Radar,3,12,20,12,47,0,0,30,8,38,3,12,50,20,85,26,0,26,111
02/28/2020,FSM,AR,ASW,ES,Combined TRACON& Tower with Radar,3,10,17,53,83,0,0,16,1,17,3,10,33,54,100,50,12,62,162
02/29/2020,FSM,AR,ASW,ES,Combined TRACON& Tower with Radar,3,6,8,0,17,0,0,41,2,43,3,6,49,2,60,52,0,52,112
03/01/2020,FSM,AR,ASW,ES,Combined TRACON& Tower with Radar,3,13,7,0,23,0,0,4,0,4,3,13,11,0,27,0,0,0,27
03/02/2020,FSM,AR,ASW,ES,Combined TRACON& Tower with Radar,3,10,10,12,35,0,0,9,2,11,3,10,19,14,46,26,0,26,72
03/03/2020,FSM,AR,ASW,ES,Combined TRACON& Tower with Radar,3,8,15,23,49,0,2,30,8,40,3,10,45,31,89,78,2,80,169
03/04/2020,FSM,AR,ASW,ES,Combined TRACON& Tower with Radar,3,11,15,22,51,0,1,16,6,23,3,12,31,28,74,30,62,92,166
03/05/2020,FSM,AR,ASW,ES,Combined TRACON& Tower with Radar,3,15,25,35,78,0,0,26,1,27,3,15,51,36,105,52,0,52,157
03/06/2020,FSM,AR,ASW,ES,Combined TRACON& Tower with Radar,3,20,14,14,51,0,0,40,3,43,3,20,54,17,94,136,12,148,242
03/07/2020,FSM,AR,ASW,ES,Combined TRACON& Tower with Radar,3,4,18,4,29,0,0,33,2,35,3,4,51,6,64,54,0,54,118
03/08/2020,FSM,AR,ASW,ES,Combined TRACON& Tower with Radar,3,12,7,2,24,0,0,21,0,21,3,12,28,2,45,0,0,0,45
03/09/2020,FSM,AR,ASW,ES,Combined TRACON& Tower with Radar,3,13,13,8,37,0,0,0,0,0,3,13,13,8,37,0,20,20,57
03/10/2020,FSM,AR,ASW,ES,Combined TRACON& Tower with Radar,3,7,15,14,39,0,0,36,0,36,3,7,51,14,75,86,0,86,161
03/11/2020,FSM,AR,ASW,ES,Combined TRACON& Tower with Radar,3,12,16,9,40,0,0,6,2,8,3,12,22,11,48,22,16,38,86
03/12/2020,FSM,AR,ASW,ES,Combined TRACON& Tower with Radar,3,12,14,37,66,0,0,4,13,17,3,12,18,50,83,0,42,42,125
03/13/2020,FSM,AR,ASW,ES,Combined TRACON& Tower with Radar,3,10,8,1,22,0,0,5,0,5,3,10,13,1,27,12,0,12,39
03/14/2020,FSM,AR,ASW,ES,Combined TRACON& Tower with Radar,5,6,5,0,16,0,0,0,0,0,5,6,5,0,16,0,0,0,16
03/15/2020,FSM,AR,ASW,ES,Combined TRACON& Tower with Radar,4,16,17,20,57,0,0,0,0,0,4,16,17,20,57,0,0,0,57
03/16/2020,FSM,AR,ASW,ES,Combined TRACON& Tower with Radar,4,12,7,6,29,0,0,0,0,0,4,12,7,6,29,0,0,0,29
03/17/2020,FSM,AR,ASW,ES,Combined TRACON& Tower with Radar,3,7,2,4,16,0,0,1,0,1,3,7,3,4,17,0,0,0,17
03/18/2020,FSM,AR,ASW,ES,Combined TRACON& Tower with Radar,3,11,6,14,34,0,0,4,0,4,3,11,10,14,38,0,12,12,50
03/19/2020,FSM,AR,ASW,ES,Combined TRACON& Tower with Radar,3,10,0,0,13,0,0,1,0,1,3,10,1,0,14,2,0,2,16
03/20/2020,FSM,AR,ASW,ES,Combined TRACON& Tower with Radar,3,10,3,8,24,0,0,3,0,3,3,10,6,8,27,12,0,12,39
03/21/2020,FSM,AR,ASW,ES,Combined TRACON& Tower with Radar,3,2,14,17,36,0,0,34,7,41,3,2,48,24,77,42,0,42,119
03/22/2020,FSM,AR,ASW,ES,Combined TRACON& Tower with Radar,3,14,2,0,19,0,0,0,0,0,3,14,2,0,19,0,0,0,19
03/23/2020,FSM,AR,ASW,ES,Combined TRACON& Tower with Radar,3,12,13,6,34,0,0,0,0,0,3,12,13,6,34,0,0,0,34
03/24/2020,FSM,AR,ASW,ES,Combined TRACON& Tower with Radar,4,4,7,10,25,0,0,20,0,20,4,4,27,10,45,28,0,28,73
03/25/2020,FSM,AR,ASW,ES,Combined TRACON& Tower with Radar,2,4,21,10,37,0,0,38,4,42,2,4,59,14,79,16,30,46,125
03/26/2020,FSM,AR,ASW,ES,Combined TRACON& Tower with Radar,2,8,5,6,21,12,0,21,0,33,14,8,26,6,54,0,0,0,54
03/27/2020,FSM,AR,ASW,ES,Combined TRACON& Tower with Radar,3,4,6,1,14,0,0,7,1,8,3,4,13,2,22,28,26,54,76
03/28/2020,FSM,AR,ASW,ES,Combined TRACON& Tower with Radar,2,2,1,0,5,0,0,5,0,5,2,2,6,0,10,0,0,0,10
03/29/2020,FSM,AR,ASW,ES,Combined TRACON& Tower with Radar,3,8,4,0,15,0,1,41,0,42,3,9,45,0,57,0,0,0,57
03/30/2020,FSM,AR,ASW,ES,Combined TRACON& Tower with Radar,4,8,4,0,16,0,0,0,0,0,4,8,4,0,16,16,0,16,32
03/31/2020,FSM,AR,ASW,ES,Combined TRACON& Tower with Radar,3,4,2,4,13,0,0,16,0,16,3,4,18,4,29,20,0,20,49
04/01/2020,FSM,AR,ASW,ES,Combined TRACON& Tower with Radar,3,5,5,6,19,0,0,9,1,10,3,5,14,7,29,30,0,30,59
04/02/2020,FSM,AR,ASW,ES,Combined TRACON& Tower with Radar,1,4,9,6,20,0,0,10,4,14,1,4,19,10,34,0,0,0,34
04/03/2020,FSM,AR,ASW,ES,Combined TRACON& Tower with Radar,1,6,0,0,7,0,0,0,0,0,1,6,0,0,7,0,0,0,7
04/04/2020,FSM,AR,ASW,ES,Combined TRACON& Tower with Radar,1,2,3,0,6,0,0,0,0,0,1,2,3,0,6,0,0,0,6
04/05/2020,FSM,AR,ASW,ES,Combined TRACON& Tower with Radar,1,4,15,0,20,0,0,9,0,9,1,4,24,0,29,0,0,0,29
04/06/2020,FSM,AR,ASW,ES,Combined TRACON& Tower with Radar,0,2,8,0,10,0,0,8,0,8,0,2,16,0,18,14,0,14,32
04/07/2020,FSM,AR,ASW,ES,Combined TRACON& Tower with Radar,1,4,13,4,22,0,0,14,0,14,1,4,27,4,36,12,20,32,68
04/08/2020,FSM,AR,ASW,ES,Combined TRACON& Tower with Radar,0,2,7,6,15,0,1,19,2,22,0,3,26,8,37,33,16,49,86
04/09/2020,FSM,AR,ASW,ES,Combined TRACON& Tower with Radar,0,4,1,0,5,0,0,14,0,14,0,4,15,0,19,34,0,34,53
04/10/2020,FSM,AR,ASW,ES,Combined TRACON& Tower with Radar,0,4,18,6,28,0,2,39,0,41,0,6,57,6,69,30,0,30,99
04/11/2020,FSM,AR,ASW,ES,Combined TRACON& Tower with Radar,2,2,10,0,14,0,1,12,0,13,2,3,22,0,27,0,0,0,27
04/12/2020,FSM,AR,ASW,ES,Combined TRACON& Tower with Radar,0,4,0,0,4,0,0,3,0,3,0,4,3,0,7,0,0,0,7
04/13/2020,FSM,AR,ASW,ES,Combined TRACON& Tower with Radar,0,4,7,20,31,0,0,16,2,18,0,4,23,22,49,0,0,0,49
04/14/2020,FSM,AR,ASW,ES,Combined TRACON& Tower with Radar,0,4,6,0,10,0,0,21,0,21,0,4,27,0,31,28,0,28,59
04/15/2020,FSM,AR,ASW,ES,Combined TRACON& Tower with Radar,0,6,7,4,17,0,2,30,0,32,0,8,37,4,49,0,0,0,49
04/16/2020,FSM,AR,ASW,ES,Combined TRACON& Tower with Radar,0,5,13,19,37,0,2,16,11,29,0,7,29,30,66,0,32,32,98
04/17/2020,FSM,AR,ASW,ES,Combined TRACON& Tower with Radar,0,7,7,6,20,0,0,0,0,0,0,7,7,6,20,0,0,0,20
04/18/2020,FSM,AR,ASW,ES,Combined TRACON& Tower with Radar,0,4,12,0,16,0,0,28,1,29,0,4,40,1,45,14,0,14,59
04/19/2020,FSM,AR,ASW,ES,Combined TRACON& Tower with Radar,0,5,4,0,9,0,0,0,0,0,0,5,4,0,9,0,0,0,9
04/20/2020,FSM,AR,ASW,ES,Combined TRACON& Tower with Radar,0,2,14,20,36,0,2,23,0,25,0,4,37,20,61,6,0,6,67
04/21/2020,FSM,AR,ASW,ES,Combined TRACON& Tower with Radar,0,6,7,0,13,0,0,20,0,20,0,6,27,0,33,28,0,28,61
04/22/2020,FSM,AR,ASW,ES,Combined TRACON& Tower with Radar,0,4,1,0,5,0,0,0,0,0,0,4,1,0,5,0,0,0,5
04/23/2020,FSM,AR,ASW,ES,Combined TRACON& Tower with Radar,0,2,17,16,35,0,0,13,0,13,0,2,30,16,48,6,26,32,80
04/24/2020,FSM,AR,ASW,ES,Combined TRACON& Tower with Radar,0,6,7,0,13,0,0,2,0,2,0,6,9,0,15,26,0,26,41
04/25/2020,FSM,AR,ASW,ES,Combined TRACON& Tower with Radar,2,2,5,5,14,0,1,10,3,14,2,3,15,8,28,0,0,0,28
04/26/2020,FSM,AR,ASW,ES,Combined TRACON& Tower with Radar,0,4,10,0,14,0,1,53,0,54,0,5,63,0,68,14,0,14,82
04/27/2020,FSM,AR,ASW,ES,Combined TRACON& Tower with Radar,0,2,9,3,14,0,0,11,4,15,0,2,20,7,29,0,0,0,29
04/28/2020,FSM,AR,ASW,ES,Combined TRACON& Tower with Radar,2,4,11,20,37,0,1,5,0,6,2,5,16,20,43,0,0,0,43
04/29/2020,FSM,AR,ASW,ES,Combined TRACON& Tower with Radar,0,4,9,9,22,0,1,9,0,10,0,5,18,9,32,0,0,0,32
04/30/2020,FSM,AR,ASW,ES,Combined TRACON& Tower with Radar,2,6,22,10,40,0,1,37,2,40,2,7,59,12,80,54,22,76,156
05/01/2020,FSM,AR,ASW,ES,Combined TRACON& Tower with Radar,0,7,17,0,24,0,1,19,0,20,0,8,36,0,44,0,0,0,44
05/02/2020,FSM,AR,ASW,ES,Combined TRACON& Tower with Radar,2,3,3,9,17,0,0,24,4,28,2,3,27,13,45,36,0,36,81
05/03/2020,FSM,AR,ASW,ES,Combined TRACON& Tower with Radar,2,5,5,0,12,0,0,14,0,14,2,5,19,0,26,24,0,24,50
05/04/2020,FSM,AR,ASW,ES,Combined TRACON& Tower with Radar,0,6,7,4,17,0,0,7,0,7,0,6,14,4,24,0,0,0,24
05/05/2020,FSM,AR,ASW,ES,Combined TRACON& Tower with Radar,0,6,14,7,27,0,1,11,3,15,0,7,25,10,42,0,0,0,42
05/06/2020,FSM,AR,ASW,ES,Combined TRACON& Tower with Radar,2,7,18,5,32,0,1,17,1,19,2,8,35,6,51,14,0,14,65
05/07/2020,FSM,AR,ASW,ES,Combined TRACON& Tower with Radar,0,3,12,11,26,0,1,18,5,24,0,4,30,16,50,28,6,34,84
05/08/2020,FSM,AR,ASW,ES,Combined TRACON& Tower with Radar,0,7,10,12,29,0,0,8,1,9,0,7,18,13,38,0,0,0,38
05/09/2020,FSM,AR,ASW,ES,Combined TRACON& Tower with Radar,0,4,13,16,33,0,2,46,0,48,0,6,59,16,81,16,0,16,97
05/10/2020,FSM,AR,ASW,ES,Combined TRACON& Tower with Radar,0,5,15,1,21,0,0,18,3,21,0,5,33,4,42,26,0,26,68
05/11/2020,FSM,AR,ASW,ES,Combined TRACON& Tower with Radar,0,4,7,22,33,0,1,19,6,26,0,5,26,28,59,14,0,14,73
05/12/2020,FSM,AR,ASW,ES,Combined TRACON& Tower with Radar,0,10,3,6,19,0,0,0,0,0,0,10,3,6,19,0,0,0,19
05/13/2020,FSM,AR,ASW,ES,Combined TRACON& Tower with Radar,0,6,25,16,47,0,0,7,0,7,0,6,32,16,54,10,0,10,64
05/14/2020,FSM,AR,ASW,ES,Combined TRACON& Tower with Radar,0,4,21,12,37,0,0,17,0,17,0,4,38,12,54,10,0,10,64
05/15/2020,FSM,AR,ASW,ES,Combined TRACON& Tower with Radar,0,6,1,0,7,0,0,0,0,0,0,6,1,0,7,0,0,0,7
05/16/2020,FSM,AR,ASW,ES,Combined TRACON& Tower with Radar,0,3,4,4,11,0,0,2,0,2,0,3,6,4,13,0,0,0,13
05/17/2020,FSM,AR,ASW,ES,Combined TRACON& Tower with Radar,0,7,6,5,18,0,0,9,3,12,0,7,15,8,30,10,0,10,40
05/18/2020,FSM,AR,ASW,ES,Combined TRACON& Tower with Radar,0,7,20,20,47,0,1,24,10,35,0,8,44,30,82,16,10,26,108
05/19/2020,FSM,AR,ASW,ES,Combined TRACON& Tower with Radar,0,8,22,19,49,0,5,30,18,53,0,13,52,37,102,36,74,110,212
05/20/2020,FSM,AR,ASW,ES,Combined TRACON& Tower with Radar,0,2,11,18,31,0,1,28,12,41,0,3,39,30,72,50,0,50,122
05/21/2020,FSM,AR,ASW,ES,Combined TRACON& Tower with Radar,0,6,22,5,33,0,0,31,2,33,0,6,53,7,66,70,0,70,136
05/22/2020,FSM,AR,ASW,ES,Combined TRACON& Tower with Radar,0,5,7,0,12,0,0,4,0,4,0,5,11,0,16,0,0,0,16
05/23/2020,FSM,AR,ASW,ES,Combined TRACON& Tower with Radar,0,4,5,0,9,0,1,22,0,23,0,5,27,0,32,30,0,30,62
05/24/2020,FSM,AR,ASW,ES,Combined TRACON& Tower with Radar,0,3,2,0,5,0,0,6,0,6,0,3,8,0,11,0,0,0,11
05/25/2020,FSM,AR,ASW,ES,Combined TRACON& Tower with Radar,0,6,1,1,8,0,0,0,0,0,0,6,1,1,8,0,0,0,8
05/26/2020,FSM,AR,ASW,ES,Combined TRACON& Tower with Radar,0,8,12,18,38,0,0,8,0,8,0,8,20,18,46,0,0,0,46
05/27/2020,FSM,AR,ASW,ES,Combined TRACON& Tower with Radar,0,8,4,0,12,0,0,4,0,4,0,8,8,0,16,14,0,14,30
05/28/2020,FSM,AR,ASW,ES,Combined TRACON& Tower with Radar,0,7,10,8,25,0,0,13,0,13,0,7,23,8,38,0,0,0,38
05/29/2020,FSM,AR,ASW,ES,Combined TRACON& Tower with Radar,0,4,37,18,59,0,0,51,4,55,0,4,88,22,114,0,0,0,114
05/30/2020,FSM,AR,ASW,ES,Combined TRACON& Tower with Radar,0,2,14,0,16,0,0,53,0,53,0,2,67,0,69,26,0,26,95
05/31/2020,FSM,AR,ASW,ES,Combined TRACON& Tower with Radar,0,6,7,0,13,0,0,22,0,22,0,6,29,0,35,0,0,0,35
06/01/2020,FSM,AR,ASW,ES,Combined TRACON& Tower with Radar,0,4,10,17,31,0,0,28,2,30,0,4,38,19,61,4,0,4,65
06/02/2020,FSM,AR,ASW,ES,Combined TRACON& Tower with Radar,0,4,19,30,53,0,1,32,0,33,0,5,51,30,86,10,4,14,100
06/03/2020,FSM,AR,ASW,ES,Combined TRACON& Tower with Radar,0,6,19,4,29,0,0,22,0,22,0,6,41,4,51,26,14,40,91
06/04/2020,FSM,AR,ASW,ES,Combined TRACON& Tower with Radar,0,6,12,12,30,0,0,11,6,17,0,6,23,18,47,0,0,0,47
06/05/2020,FSM,AR,ASW,ES,Combined TRACON& Tower with Radar,0,6,9,2,17,0,1,38,0,39,0,7,47,2,56,36,0,36,92
06/06/2020,FSM,AR,ASW,ES,Combined TRACON& Tower with Radar,0,4,9,8,21,0,0,38,0,38,0,4,47,8,59,72,0,72,131
06/07/2020,FSM,AR,ASW,ES,Combined TRACON& Tower with Radar,2,4,1,14,21,0,1,23,0,24,2,5,24,14,45,12,6,18,63
06/08/2020,FSM,AR,ASW,ES,Combined TRACON& Tower with Radar,0,8,9,11,28,0,0,14,2,16,0,8,23,13,44,24,0,24,68
06/09/2020,FSM,AR,ASW,ES,Combined TRACON& Tower with Radar,0,5,9,2,16,0,0,7,0,7,0,5,16,2,23,52,0,52,75
06/10/2020,FSM,AR,ASW,ES,Combined TRACON& Tower with Radar,0,4,18,14,36,0,1,9,0,10,0,5,27,14,46,4,0,4,50
06/11/2020,FSM,AR,ASW,ES,Combined TRACON& Tower with Radar,0,7,21,6,34,0,1,53,0,54,0,8,74,6,88,26,0,26,114
06/12/2020,FSM,AR,ASW,ES,Combined TRACON& Tower with Radar,0,4,20,10,34,0,2,51,2,55,0,6,71,12,89,14,0,14,103
06/13/2020,FSM,AR,ASW,ES,Combined TRACON& Tower with Radar,0,6,17,2,25,0,1,41,0,42,0,7,58,2,67,16,0,16,83
06/14/2020,FSM,AR,ASW,ES,Combined TRACON& Tower with Radar,0,4,13,4,21,0,0,24,0,24,0,4,37,4,45,32,0,32,77
06/15/2020,FSM,AR,ASW,ES,Combined TRACON& Tower with Radar,0,7,13,29,49,0,1,40,17,58,0,8,53,46,107,0,0,0,107
06/16/2020,FSM,AR,ASW,ES,Combined TRACON& Tower with Radar,0,6,14,26,46,0,0,15,11,26,0,6,29,37,72,30,6,36,108
06/17/2020,FSM,AR,ASW,ES,Combined TRACON& Tower with Radar,0,7,8,34,49,0,1,28,26,55,0,8,36,60,104,12,38,50,154
06/18/2020,FSM,AR,ASW,ES,Combined TRACON& Tower with Radar,0,5,22,19,46,0,1,24,13,38,0,6,46,32,84,18,24,42,126
06/19/2020,FSM,AR,ASW,ES,Combined TRACON& Tower with Radar,0,8,17,0,25,0,0,28,0,28,0,8,45,0,53,0,0,0,53
06/20/2020,FSM,AR,ASW,ES,Combined TRACON& Tower with Radar,0,5,8,0,13,0,0,17,0,17,0,5,25,0,30,10,0,10,40
06/21/2020,FSM,AR,ASW,ES,Combined TRACON& Tower with Radar,0,5,8,0,13,0,0,8,0,8,0,5,16,0,21,0,0,0,21
06/22/2020,FSM,AR,ASW,ES,Combined TRACON& Tower with Radar,0,8,9,13,30,0,1,16,3,20,0,9,25,16,50,26,8,34,84
06/23/2020,FSM,AR,ASW,ES,Combined TRACON& Tower with Radar,0,7,14,17,38,0,2,23,13,38,0,9,37,30,76,8,16,24,100
06/24/2020,FSM,AR,ASW,ES,Combined TRACON& Tower with Radar,0,4,12,9,25,0,0,43,2,45,0,4,55,11,70,74,0,74,144
06/25/2020,FSM,AR,ASW,ES,Combined TRACON& Tower with Radar,0,7,21,22,50,0,0,37,13,50,0,7,58,35,100,0,0,0,100
06/26/2020,FSM,AR,ASW,ES,Combined TRACON& Tower with Radar,0,7,22,1,30,0,2,12,0,14,0,9,34,1,44,0,0,0,44
06/27/2020,FSM,AR,ASW,ES,Combined TRACON& Tower with Radar,2,7,7,24,40,0,0,6,0,6,2,7,13,24,46,0,0,0,46
06/28/2020,FSM,AR,ASW,ES,Combined TRACON& Tower with Radar,0,8,20,22,50,0,4,9,0,13,0,12,29,22,63,0,4,4,67
06/29/2020,FSM,AR,ASW,ES,Combined TRACON& Tower with Radar,0,4,5,12,21,0,0,12,0,12,0,4,17,12,33,8,64,72,105
06/30/2020,FSM,AR,ASW,ES,Combined TRACON& Tower with Radar,0,4,14,6,24,0,1,8,0,9,0,5,22,6,33,0,0,0,33
07/01/2020,FSM,AR,ASW,ES,Combined TRACON& Tower with Radar,0,5,16,5,26,0,1,14,3,18,0,6,30,8,44,0,0,0,44
07/02/2020,FSM,AR,ASW,ES,Combined TRACON& Tower with Radar,0,6,17,1,24,0,0,18,0,18,0,6,35,1,42,30,0,30,72
07/03/2020,FSM,AR,ASW,ES,Combined TRACON& Tower with Radar,0,5,22,0,27,0,1,23,0,24,0,6,45,0,51,0,0,0,51
07/04/2020,FSM,AR,ASW,ES,Combined TRACON& Tower with Radar,0,4,5,0,9,0,1,7,0,8,0,5,12,0,17,4,0,4,21
07/05/2020,FSM,AR,ASW,ES,Combined TRACON& Tower with Radar,0,7,13,0,20,0,0,27,2,29,0,7,40,2,49,0,0,0,49
07/06/2020,FSM,AR,ASW,ES,Combined TRACON& Tower with Radar,0,11,11,0,22,0,0,16,0,16,0,11,27,0,38,34,0,34,72
07/07/2020,FSM,AR,ASW,ES,Combined TRACON& Tower with Radar,0,7,16,15,38,0,2,26,0,28,0,9,42,15,66,24,0,24,90
07/08/2020,FSM,AR,ASW,ES,Combined TRACON& Tower with Radar,0,6,23,24,53,0,1,20,0,21,0,7,43,24,74,8,0,8,82
07/09/2020,FSM,AR,ASW,ES,Combined TRACON& Tower with Radar,0,10,5,2,17,0,2,11,0,13,0,12,16,2,30,8,0,8,38
07/10/2020,FSM,AR,ASW,ES,Combined TRACON& Tower with Radar,0,11,16,0,27,0,0,30,4,34,0,11,46,4,61,14,0,14,75
07/11/2020,FSM,AR,ASW,ES,Combined TRACON& Tower with Radar,0,6,15,0,21,0,3,34,0,37,0,9,49,0,58,0,0,0,58
07/12/2020,FSM,AR,ASW,ES,Combined TRACON& Tower with Radar,0,8,9,0,17,0,1,25,0,26,0,9,34,0,43,16,18,34,77
07/13/2020,FSM,AR,ASW,ES,Combined TRACON& Tower with Radar,0,14,18,0,32,0,0,27,0,27,0,14,45,0,59,24,0,24,83
07/14/2020,FSM,AR,ASW,ES,Combined TRACON& Tower with Radar,0,6,19,14,39,0,0,23,0,23,0,6,42,14,62,30,50,80,142
07/15/2020,FSM,AR,ASW,ES,Combined TRACON& Tower with Radar,0,12,12,14,38,0,1,31,0,32,0,13,43,14,70,16,4,20,90
07/16/2020,FSM,AR,ASW,ES,Combined TRACON& Tower with Radar,0,9,10,5,24,0,0,17,5,22,0,9,27,10,46,12,8,20,66
07/17/2020,FSM,AR,ASW,ES,Combined TRACON& Tower with Radar,0,7,16,18,41,0,0,36,0,36,0,7,52,18,77,76,0,76,153
07/18/2020,FSM,AR,ASW,ES,Combined TRACON& Tower with Radar,2,8,7,8,25,0,2,21,0,23,2,10,28,8,48,24,0,24,72
07/19/2020,FSM,AR,ASW,ES,Combined TRACON& Tower with Radar,0,10,16,0,26,0,0,34,0,34,0,10,50,0,60,34,0,34,94
07/20/2020,FSM,AR,ASW,ES,Combined TRACON& Tower with Radar,0,12,11,17,40,0,3,24,1,28,0,15,35,18,68,74,4,78,146
07/21/2020,FSM,AR,ASW,ES,Combined TRACON& Tower with Radar,0,7,23,12,42,0,1,31,6,38,0,8,54,18,80,112,0,112,192
07/22/2020,FSM,AR,ASW,ES,Combined TRACON& Tower with Radar,0,8,22,5,35,0,0,17,1,18,0,8,39,6,53,48,0,48,101
07/23/2020,FSM,AR,ASW,ES,Combined TRACON& Tower with Radar,0,12,18,0,30,0,0,25,0,25,0,12,43,0,55,26,0,26,81
07/24/2020,FSM,AR,ASW,ES,Combined TRACON& Tower with Radar,0,8,22,8,38,0,1,39,4,44,0,9,61,12,82,14,0,14,96
07/25/2020,FSM,AR,ASW,ES,Combined TRACON& Tower with Radar,0,8,18,0,26,0,0,18,0,18,0,8,36,0,44,0,0,0,44
07/26/2020,FSM,AR,ASW,ES,Combined TRACON& Tower with Radar,0,8,9,0,17,0,1,35,0,36,0,9,44,0,53,58,0,58,111
07/27/2020,FSM,AR,ASW,ES,Combined TRACON& Tower with Radar,0,11,19,2,32,0,0,30,0,30,0,11,49,2,62,0,0,0,62
07/28/2020,FSM,AR,ASW,ES,Combined TRACON& Tower with Radar,0,6,16,0,22,0,1,9,0,10,0,7,25,0,32,42,0,42,74
07/29/2020,FSM,AR,ASW,ES,Combined TRACON& Tower with Radar,0,5,15,1,21,0,0,7,0,7,0,5,22,1,28,2,0,2,30
07/30/2020,FSM,AR,ASW,ES,Combined TRACON& Tower with Radar,0,9,9,16,34,0,0,5,10,15,0,9,14,26,49,8,0,8,57
07/31/2020,FSM,AR,ASW,ES,Combined TRACON& Tower with Radar,0,9,7,7,23,0,1,9,0,10,0,10,16,7,33,20,10,30,63
08/01/2020,FSM,AR,ASW,ES,Combined TRACON& Tower with Radar,0,11,10,1,22,0,0,27,3,30,0,11,37,4,52,8,4,12,64
08/02/2020,FSM,AR,ASW,ES,Combined TRACON& Tower with Radar,0,9,13,0,22,0,2,28,0,30,0,11,41,0,52,0,0,0,52
08/03/2020,FSM,AR,ASW,ES,Combined TRACON& Tower with Radar,0,9,18,0,27,0,1,26,2,29,0,10,44,2,56,0,0,0,56
08/04/2020,FSM,AR,ASW,ES,Combined TRACON& Tower with Radar,0,8,19,25,52,0,0,31,4,35,0,8,50,29,87,50,0,50,137
08/05/2020,FSM,AR,ASW,ES,Combined TRACON& Tower with Radar,0,7,28,15,50,0,1,48,2,51,0,8,76,17,101,38,14,52,153
08/06/2020,FSM,AR,ASW,ES,Combined TRACON& Tower with Radar,0,10,12,0,22,0,0,23,2,25,0,10,35,2,47,48,0,48,95
08/07/2020,FSM,AR,ASW,ES,Combined TRACON& Tower with Radar,0,8,22,4,34,0,0,22,1,23,0,8,44,5,57,6,0,6,63
08/08/2020,FSM,AR,ASW,ES,Combined TRACON& Tower with Radar,2,8,15,0,25,0,1,31,0,32,2,9,46,0,57,30,0,30,87
08/09/2020,FSM,AR,ASW,ES,Combined TRACON& Tower with Radar,0,7,13,0,20,0,4,29,0,33,0,11,42,0,53,6,0,6,59
08/10/2020,FSM,AR,ASW,ES,Combined TRACON& Tower with Radar,0,9,8,22,39,0,1,29,0,30,0,10,37,22,69,0,0,0,69
08/11/2020,FSM,AR,ASW,ES,Combined TRACON& Tower with Radar,0,6,12,0,18,0,0,6,0,6,0,6,18,0,24,0,0,0,24
08/12/2020,FSM,AR,ASW,ES,Combined TRACON& Tower with Radar,0,6,17,13,36,0,1,28,1,30,0,7,45,14,66,90,0,90,156
08/13/2020,FSM,AR,ASW,ES,Combined TRACON& Tower with Radar,0,8,16,5,29,0,0,27,0,27,0,8,43,5,56,20,0,20,76
08/14/2020,FSM,AR,ASW,ES,Combined TRACON& Tower with Radar,0,9,12,12,33,0,0,29,0,29,0,9,41,12,62,14,0,14,76
08/15/2020,FSM,AR,ASW,ES,Combined TRACON& Tower with Radar,0,7,10,0,17,0,1,35,0,36,0,8,45,0,53,0,0,0,53
08/16/2020,FSM,AR,ASW,ES,Combined TRACON& Tower with Radar,3,8,5,2,18,0,1,30,0,31,3,9,35,2,49,38,4,42,91
08/17/2020,FSM,AR,ASW,ES,Combined TRACON& Tower with Radar,0,6,14,0,20,0,0,32,3,35,0,6,46,3,55,10,22,32,87
08/18/2020,FSM,AR,ASW,ES,Combined TRACON& Tower with Radar,0,4,13,5,22,0,0,29,0,29,0,4,42,5,51,44,0,44,95
08/19/2020,FSM,AR,ASW,ES,Combined TRACON& Tower with Radar,0,8,8,6,22,0,0,35,2,37,0,8,43,8,59,42,0,42,101
08/20/2020,FSM,AR,ASW,ES,Combined TRACON& Tower with Radar,0,11,23,6,40,0,0,39,0,39,0,11,62,6,79,22,0,22,101
08/21/2020,FSM,AR,ASW,ES,Combined TRACON& Tower with Radar,0,7,17,33,57,0,1,55,3,59,0,8,72,36,116,38,6,44,160
08/22/2020,FSM,AR,ASW,ES,Combined TRACON& Tower with Radar,0,6,11,29,46,0,0,44,3,47,0,6,55,32,93,100,0,100,193
08/23/2020,FSM,AR,ASW,ES,Combined TRACON& Tower with Radar,0,8,5,0,13,0,2,31,2,35,0,10,36,2,48,0,0,0,48
08/24/2020,FSM,AR,ASW,ES,Combined TRACON& Tower with Radar,0,6,16,33,55,0,0,32,2,34,0,6,48,35,89,54,24,78,167
08/25/2020,FSM,AR,ASW,ES,Combined TRACON& Tower with Radar,0,4,19,15,38,0,0,39,1,40,0,4,58,16,78,0,0,0,78
08/26/2020,FSM,AR,ASW,ES,Combined TRACON& Tower with Radar,0,7,6,6,19,0,0,1,0,1,0,7,7,6,20,0,0,0,20
08/27/2020,FSM,AR,ASW,ES,Combined TRACON& Tower with Radar,0,10,19,0,29,0,0,3,0,3,0,10,22,0,32,0,0,0,32
08/28/2020,FSM,AR,ASW,ES,Combined TRACON& Tower with Radar,0,6,18,7,31,0,0,44,5,49,0,6,62,12,80,74,22,96,176
08/29/2020,FSM,AR,ASW,ES,Combined TRACON& Tower with Radar,2,10,13,0,25,0,1,24,0,25,2,11,37,0,50,18,0,18,68
08/30/2020,FSM,AR,ASW,ES,Combined TRACON& Tower with Radar,0,7,3,0,10,0,0,21,0,21,0,7,24,0,31,24,0,24,55
08/31/2020,FSM,AR,ASW,ES,Combined TRACON& Tower with Radar,0,10,8,0,18,0,1,9,0,10,0,11,17,0,28,18,0,18,46
09/01/2020,FSM,AR,ASW,ES,Combined TRACON& Tower with Radar,1,4,0,0,5,0,0,2,0,2,1,4,2,0,7,0,0,0,7
09/02/2020,FSM,AR,ASW,ES,Combined TRACON& Tower with Radar,1,11,9,0,21,0,0,6,0,6,1,11,15,0,27,42,0,42,69
09/03/2020,FSM,AR,ASW,ES,Combined TRACON& Tower with Radar,0,11,42,0,53,0,1,23,2,26,0,12,65,2,79,20,0,20,99
09/04/2020,FSM,AR,ASW,ES,Combined TRACON& Tower with Radar,0,10,18,2,30,0,2,35,0,37,0,12,53,2,67,40,0,40,107
09/05/2020,FSM,AR,ASW,ES,Combined TRACON& Tower with Radar,0,5,15,0,20,0,2,34,1,37,0,7,49,1,57,1,0,1,58
09/06/2020,FSM,AR,ASW,ES,Combined TRACON& Tower with Radar,0,5,9,0,14,0,3,22,0,25,0,8,31,0,39,10,0,10,49
09/07/2020,FSM,AR,ASW,ES,Combined TRACON& Tower with Radar,0,8,11,3,22,0,2,41,3,46,0,10,52,6,68,36,0,36,104
09/08/2020,FSM,AR,ASW,ES,Combined TRACON& Tower with Radar,0,7,16,38,61,0,0,52,2,54,0,7,68,40,115,14,0,14,129
09/09/2020,FSM,AR,ASW,ES,Combined TRACON& Tower with Radar,3,4,21,70,98,0,0,43,2,45,3,4,64,72,143,32,18,50,193
09/10/2020,FSM,AR,ASW,ES,Combined TRACON& Tower with Radar,4,6,22,10,42,0,2,0,1,3,4,8,22,11,45,0,0,0,45
09/11/2020,FSM,AR,ASW,ES,Combined TRACON& Tower with Radar,4,8,32,13,57,0,1,24,1,26,4,9,56,14,83,192,0,192,275
09/12/2020,FSM,AR,ASW,ES,Combined TRACON& Tower with Radar,4,3,26,19,52,0,3,24,4,31,4,6,50,23,83,28,0,28,111
09/13/2020,FSM,AR,ASW,ES,Combined TRACON& Tower with Radar,4,5,10,20,39,0,0,24,7,31,4,5,34,27,70,24,0,24,94
09/14/2020,FSM,AR,ASW,ES,Combined TRACON& Tower with Radar,4,4,23,61,92,0,0,28,5,33,4,4,51,66,125,30,0,30,155
09/15/2020,FSM,AR,ASW,ES,Combined TRACON& Tower with Radar,4,0,13,14,31,0,0,22,1,23,4,0,35,15,54,24,0,24,78
09/16/2020,FSM,AR,ASW,ES,Combined TRACON& Tower with Radar,4,6,23,8,41,0,0,34,0,34,4,6,57,8,75,32,0,32,107
09/17/2020,FSM,AR,ASW,ES,Combined TRACON& Tower with Radar,6,5,24,27,62,0,1,23,3,27,6,6,47,30,89,52,4,56,145
09/18/2020,FSM,AR,ASW,ES,Combined TRACON& Tower with Radar,4,6,15,3,28,0,1,24,1,26,4,7,39,4,54,22,12,34,88
09/19/2020,FSM,AR,ASW,ES,Combined TRACON& Tower with Radar,4,4,15,26,49,0,0,30,2,32,4,4,45,28,81,0,0,0,81
09/20/2020,FSM,AR,ASW,ES,Combined TRACON& Tower with Radar,4,4,23,0,31,0,0,25,0,25,4,4,48,0,56,0,0,0,56
09/21/2020,FSM,AR,ASW,ES,Combined TRACON& Tower with Radar,4,5,22,23,54,0,3,31,1,35,4,8,53,24,89,26,12,38,127
09/22/2020,FSM,AR,ASW,ES,Combined TRACON& Tower with Radar,4,7,18,1,30,0,0,0,0,0,4,7,18,1,30,0,0,0,30
09/23/2020,FSM,AR,ASW,ES,Combined TRACON& Tower with Radar,4,7,12,22,45,0,1,1,1,3,4,8,13,23,48,0,12,12,60
09/24/2020,FSM,AR,ASW,ES,Combined TRACON& Tower with Radar,4,8,33,24,69,0,6,28,5,39,4,14,61,29,108,70,18,88,196
09/25/2020,FSM,AR,ASW,ES,Combined TRACON& Tower with Radar,4,9,14,40,67,0,3,19,2,24,4,12,33,42,91,82,34,116,207
09/26/2020,FSM,AR,ASW,ES,Combined TRACON& Tower with Radar,4,3,5,26,38,0,1,37,4,42,4,4,42,30,80,40,0,40,120
09/27/2020,FSM,AR,ASW,ES,Combined TRACON& Tower with Radar,4,5,10,0,19,0,3,13,0,16,4,8,23,0,35,42,0,42,77
09/28/2020,FSM,AR,ASW,ES,Combined TRACON& Tower with Radar,4,8,18,19,49,0,0,24,4,28,4,8,42,23,77,14,4,18,95
09/29/2020,FSM,AR,ASW,ES,Combined TRACON& Tower with Radar,4,6,21,24,55,0,1,39,2,42,4,7,60,26,97,40,0,40,137
09/30/2020,FSM,AR,ASW,ES,Combined TRACON& Tower with Radar,4,9,32,13,58,0,0,57,6,63,4,9,89,19,121,36,10,46,167
10/01/2020,FSM,AR,ASW,ES,Combined TRACON& Tower with Radar,4,5,9,4,22,0,1,25,0,26,4,6,34,4,48,0,0,0,48
10/02/2020,FSM,AR,ASW,ES,Combined TRACON& Tower with Radar,4,6,9,24,43,0,2,53,2,57,4,8,62,26,100,44,4,48,148
10/03/2020,FSM,AR,ASW,ES,Combined TRACON& Tower with Radar,4,7,5,2,18,0,0,25,0,25,4,7,30,2,43,38,0,38,81
10/04/2020,FSM,AR,ASW,ES,Combined TRACON& Tower with Radar,4,2,8,2,16,0,2,34,0,36,4,4,42,2,52,6,0,6,58
10/05/2020,FSM,AR,ASW,ES,Combined TRACON& Tower with Radar,4,6,17,22,49,0,1,13,0,14,4,7,30,22,63,0,0,0,63
10/06/2020,FSM,AR,ASW,ES,Combined TRACON& Tower with Radar,4,4,8,19,35,0,4,28,1,33,4,8,36,20,68,114,22,136,204
10/07/2020,FSM,AR,ASW,ES,Combined TRACON& Tower with Radar,4,7,13,18,42,0,2,28,0,30,4,9,41,18,72,0,0,0,72
10/08/2020,FSM,AR,ASW,ES,Combined TRACON& Tower with Radar,4,4,14,28,50,0,0,30,1,31,4,4,44,29,81,58,8,66,147
10/09/2020,FSM,AR,ASW,ES,Combined TRACON& Tower with Radar,4,6,28,59,97,0,0,20,15,35,4,6,48,74,132,102,100,202,334
10/10/2020,FSM,AR,ASW,ES,Combined TRACON& Tower with Radar,4,6,26,21,57,0,1,27,7,35,4,7,53,28,92,66,98,164,256
10/11/2020,FSM,AR,ASW,ES,Combined TRACON& Tower with Radar,4,2,16,2,24,0,0,42,0,42,4,2,58,2,66,32,0,32,98
10/12/2020,FSM,AR,ASW,ES,Combined TRACON& Tower with Radar,4,4,12,0,20,0,0,21,0,21,4,4,33,0,41,0,0,0,41
10/13/2020,FSM,AR,ASW,ES,Combined TRACON& Tower with Radar,4,4,16,32,56,0,0,37,13,50,4,4,53,45,106,50,0,50,156
10/14/2020,FSM,AR,ASW,ES,Combined TRACON& Tower with Radar,6,5,22,8,41,0,1,32,14,47,6,6,54,22,88,18,0,18,106
10/15/2020,FSM,AR,ASW,ES,Combined TRACON& Tower with Radar,4,4,16,24,48,0,3,16,1,20,4,7,32,25,68,10,0,10,78
10/16/2020,FSM,AR,ASW,ES,Combined TRACON& Tower with Radar,4,5,18,57,84,0,2,44,6,52,4,7,62,63,136,56,18,74,210
10/17/2020,FSM,AR,ASW,ES,Combined TRACON& Tower with Radar,4,3,14,2,23,0,1,20,1,22,4,4,34,3,45,0,0,0,45
10/18/2020,FSM,AR,ASW,ES,Combined TRACON& Tower with Radar,4,2,18,0,24,0,1,4,0,5,4,3,22,0,29,42,0,42,71
10/19/2020,FSM,AR,ASW,ES,Combined TRACON& Tower with Radar,4,7,24,0,35,0,0,0,0,0,4,7,24,0,35,8,0,8,43
10/20/2020,FSM,AR,ASW,ES,Combined TRACON& Tower with Radar,4,7,18,2,31,0,0,7,0,7,4,7,25,2,38,34,0,34,72
10/21/2020,FSM,AR,ASW,ES,Combined TRACON& Tower with Radar,4,5,26,18,53,0,3,51,0,54,4,8,77,18,107,80,0,80,187
10/22/2020,FSM,AR,ASW,ES,Combined TRACON& Tower with Radar,4,5,18,24,51,0,1,45,3,49,4,6,63,27,100,0,0,0,100
10/23/2020,FSM,AR,ASW,ES,Combined TRACON& Tower with Radar,8,6,8,40,62,0,0,0,0,0,8,6,8,40,62,0,0,0,62
10/24/2020,FSM,AR,ASW,ES,Combined TRACON& Tower with Radar,4,4,10,2,20,0,2,10,0,12,4,6,20,2,32,72,0,72,104
10/25/2020,FSM,AR,ASW,ES,Combined TRACON& Tower with Radar,4,5,17,0,26,0,0,9,0,9,4,5,26,0,35,52,0,52,87
10/26/2020,FSM,AR,ASW,ES,Combined TRACON& Tower with Radar,4,7,3,0,14,0,0,0,0,0,4,7,3,0,14,0,0,0,14
10/27/2020,FSM,AR,ASW,ES,Combined TRACON& Tower with Radar,4,5,8,0,17,0,0,0,0,0,4,5,8,0,17,0,0,0,17
10/28/2020,FSM,AR,ASW,ES,Combined TRACON& Tower with Radar,4,4,8,0,16,0,0,0,0,0,4,4,8,0,16,0,0,0,16
10/29/2020,FSM,AR,ASW,ES,Combined TRACON& Tower with Radar,4,5,13,0,22,0,1,4,0,5,4,6,17,0,27,0,0,0,27
10/30/2020,FSM,AR,ASW,ES,Combined TRACON& Tower with Radar,4,6,25,10,45,0,1,48,4,53,4,7,73,14,98,60,0,60,158
10/31/2020,FSM,AR,ASW,ES,Combined TRACON& Tower with Radar,4,0,17,2,23,0,0,38,0,38,4,0,55,2,61,36,6,42,103
11/01/2020,FSM,AR,ASW,ES,Combined TRACON& Tower with Radar,6,4,16,2,28,0,0,48,0,48,6,4,64,2,76,0,0,0,76
11/02/2020,FSM,AR,ASW,ES,Combined TRACON& Tower with Radar,4,5,12,27,48,0,0,50,3,53,4,5,62,30,101,34,0,34,135
11/03/2020,FSM,AR,ASW,ES,Combined TRACON& Tower with Radar,6,2,11,29,48,0,0,39,5,44,6,2,50,34,92,98,0,98,190
11/04/2020,FSM,AR,ASW,ES,Combined TRACON& Tower with Radar,4,3,27,24,58,0,0,26,12,38,4,3,53,36,96,6,6,12,108
11/05/2020,FSM,AR,ASW,ES,Combined TRACON& Tower with Radar,7,7,16,53,83,0,2,34,11,47,7,9,50,64,130,0,0,0,130
11/06/2020,FSM,AR,ASW,ES,Combined TRACON& Tower with Radar,4,4,19,35,62,0,1,45,6,52,4,5,64,41,114,46,0,46,160
11/07/2020,FSM,AR,ASW,ES,Combined TRACON& Tower with Radar,4,2,9,10,25,0,0,34,3,37,4,2,43,13,62,20,0,20,82
11/08/2020,FSM,AR,ASW,ES,Combined TRACON& Tower with Radar,4,2,20,4,30,0,0,8,1,9,4,2,28,5,39,0,0,0,39
11/09/2020,FSM,AR,ASW,ES,Combined TRACON& Tower with Radar,2,5,9,28,44,0,0,4,5,9,2,5,13,33,53,30,14,44,97
11/10/2020,FSM,AR,ASW,ES,Combined TRACON& Tower with Radar,4,2,14,11,31,0,0,10,6,16,4,2,24,17,47,18,24,42,89
11/11/2020,FSM,AR,ASW,ES,Combined TRACON& Tower with Radar,4,6,17,0,27,0,0,28,4,32,4,6,45,4,59,14,0,14,73
11/12/2020,FSM,AR,ASW,ES,Combined TRACON& Tower with Radar,2,2,35,10,49,0,0,33,6,39,2,2,68,16,88,10,0,10,98
11/13/2020,FSM,AR,ASW,ES,Combined TRACON& Tower with Radar,4,4,21,11,40,0,1,27,7,35,4,5,48,18,75,0,0,0,75
11/14/2020,FSM,AR,ASW,ES,Combined TRACON& Tower with Radar,4,8,11,1,24,0,1,0,1,2,4,9,11,2,26,0,0,0,26
11/15/2020,FSM,AR,ASW,ES,Combined TRACON& Tower with Radar,4,5,8,0,17,0,2,24,1,27,4,7,32,1,44,0,0,0,44
11/16/2020,FSM,AR,ASW,ES,Combined TRACON& Tower with Radar,2,10,15,23,50,0,0,32,6,38,2,10,47,29,88,0,0,0,88
11/17/2020,FSM,AR,ASW,ES,Combined TRACON& Tower with Radar,4,2,11,17,34,0,2,42,16,60,4,4,53,33,94,44,4,48,142
11/18/2020,FSM,AR,ASW,ES,Combined TRACON& Tower with Radar,4,4,9,20,37,0,2,25,9,36,4,6,34,29,73,8,0,8,81
11/19/2020,FSM,AR,ASW,ES,Combined TRACON& Tower with Radar,2,7,7,23,39,0,1,24,17,42,2,8,31,40,81,0,0,0,81
11/20/2020,FSM,AR,ASW,ES,Combined TRACON& Tower with Radar,4,3,23,8,38,0,0,22,4,26,4,3,45,12,64,38,0,38,102
11/21/2020,FSM,AR,ASW,ES,Combined TRACON& Tower with Radar,6,7,16,0,29,0,0,17,0,17,6,7,33,0,46,0,0,0,46
11/22/2020,FSM,AR,ASW,ES,Combined TRACON& Tower with Radar,4,4,36,0,44,0,0,4,0,4,4,4,40,0,48,0,0,0,48
11/23/2020,FSM,AR,ASW,ES,Combined TRACON& Tower with Radar,2,9,17,0,28,0,0,27,0,27,2,9,44,0,55,0,0,0,55
11/24/2020,FSM,AR,ASW,ES,Combined TRACON& Tower with Radar,4,6,10,8,28,0,1,3,0,4,4,7,13,8,32,0,0,0,32
11/25/2020,FSM,AR,ASW,ES,Combined TRACON& Tower with Radar,4,9,12,13,38,0,0,12,3,15,4,9,24,16,53,10,12,22,75
11/26/2020,FSM,AR,ASW,ES,Combined TRACON& Tower with Radar,2,6,4,0,12,0,0,11,0,11,2,6,15,0,23,0,0,0,23
11/27/2020,FSM,AR,ASW,ES,Combined TRACON& Tower with Radar,4,0,14,0,18,0,1,15,0,16,4,1,29,0,34,10,0,10,44
11/28/2020,FSM,AR,ASW,ES,Combined TRACON& Tower with Radar,4,6,15,0,25,0,2,35,0,37,4,8,50,0,62,80,0,80,142
11/29/2020,FSM,AR,ASW,ES,Combined TRACON& Tower with Radar,4,8,8,0,20,0,1,2,0,3,4,9,10,0,23,6,0,6,29
11/30/2020,FSM,AR,ASW,ES,Combined TRACON& Tower with Radar,4,14,18,15,51,0,0,13,4,17,4,14,31,19,68,18,8,26,94
12/01/2020,FSM,AR,ASW,ES,Combined TRACON& Tower with Radar,4,8,19,6,37,0,0,38,3,41,4,8,57,9,78,0,0,0,78
12/02/2020,FSM,AR,ASW,ES,Combined TRACON& Tower with Radar,2,18,6,0,26,0,0,1,0,1,2,18,7,0,27,0,0,0,27
12/03/2020,FSM,AR,ASW,ES,Combined TRACON& Tower with Radar,4,4,6,4,18,0,0,0,0,0,4,4,6,4,18,0,0,0,18
12/04/2020,FSM,AR,ASW,ES,Combined TRACON& Tower with Radar,4,11,24,58,97,0,1,26,10,37,4,12,50,68,134,0,0,0,134
12/05/2020,FSM,AR,ASW,ES,Combined TRACON& Tower with Radar,2,3,20,32,57,0,2,42,3,47,2,5,62,35,104,52,4,56,160
12/06/2020,FSM,AR,ASW,ES,Combined TRACON& Tower with Radar,4,4,7,12,27,0,1,24,2,27,4,5,31,14,54,34,0,34,88
12/07/2020,FSM,AR,ASW,ES,Combined TRACON& Tower with Radar,6,4,11,33,54,0,0,20,5,25,6,4,31,38,79,0,0,0,79
12/08/2020,FSM,AR,ASW,ES,Combined TRACON& Tower with Radar,2,5,18,25,50,0,1,36,4,41,2,6,54,29,91,70,4,74,165
12/09/2020,FSM,AR,ASW,ES,Combined TRACON& Tower with Radar,2,4,22,5,33,0,2,23,6,31,2,6,45,11,64,0,0,0,64
12/10/2020,FSM,AR,ASW,ES,Combined TRACON& Tower with Radar,4,7,14,33,58,0,1,34,5,40,4,8,48,38,98,4,0,4,102
12/11/2020,FSM,AR,ASW,ES,Combined TRACON& Tower with Radar,3,9,6,0,18,0,0,0,0,0,3,9,6,0,18,8,0,8,26
12/12/2020,FSM,AR,ASW,ES,Combined TRACON& Tower with Radar,1,10,12,0,23,0,2,10,0,12,1,12,22,0,35,32,0,32,67
12/13/2020,FSM,AR,ASW,ES,Combined TRACON& Tower with Radar,4,3,6,0,13,0,1,0,0,1,4,4,6,0,14,0,0,0,14
12/14/2020,FSM,AR,ASW,ES,Combined TRACON& Tower with Radar,4,10,11,17,42,0,3,32,8,43,4,13,43,25,85,30,0,30,115
12/15/2020,FSM,AR,ASW,ES,Combined TRACON& Tower with Radar,2,6,14,27,49,0,0,14,7,21,2,6,28,34,70,32,46,78,148
12/16/2020,FSM,AR,ASW,ES,Combined TRACON& Tower with Radar,2,5,13,10,30,0,0,9,3,12,2,5,22,13,42,0,0,0,42
12/17/2020,FSM,AR,ASW,ES,Combined TRACON& Tower with Radar,4,11,22,26,63,0,0,33,6,39,4,11,55,32,102,16,0,16,118
12/18/2020,FSM,AR,ASW,ES,Combined TRACON& Tower with Radar,4,11,12,4,31,0,2,43,1,46,4,13,55,5,77,92,0,92,169
12/19/2020,FSM,AR,ASW,ES,Combined TRACON& Tower with Radar,4,5,10,0,19,0,0,7,0,7,4,5,17,0,26,0,0,0,26
12/20/2020,FSM,AR,ASW,ES,Combined TRACON& Tower with Radar,4,6,22,0,32,0,0,18,0,18,4,6,40,0,50,12,0,12,62
12/21/2020,FSM,AR,ASW,ES,Combined TRACON& Tower with Radar,4,5,13,6,28,0,0,31,0,31,4,5,44,6,59,20,0,20,79
12/22/2020,FSM,AR,ASW,ES,Combined TRACON& Tower with Radar,4,7,16,6,33,0,2,21,0,23,4,9,37,6,56,12,0,12,68
12/23/2020,FSM,AR,ASW,ES,Combined TRACON& Tower with Radar,4,6,10,0,20,0,1,6,0,7,4,7,16,0,27,0,0,0,27
12/24/2020,FSM,AR,ASW,ES,Combined TRACON& Tower with Radar,3,4,11,0,18,0,1,7,1,9,3,5,18,1,27,0,0,0,27
12/25/2020,FSM,AR,ASW,ES,Combined TRACON& Tower with Radar,3,3,4,0,10,0,2,8,0,10,3,5,12,0,20,0,0,0,20
12/26/2020,FSM,AR,ASW,ES,Combined TRACON& Tower with Radar,4,6,29,0,39,0,2,25,0,27,4,8,54,0,66,14,0,14,80
12/27/2020,FSM,AR,ASW,ES,Combined TRACON& Tower with Radar,4,9,11,0,24,0,3,13,1,17,4,12,24,1,41,0,0,0,41
12/28/2020,FSM,AR,ASW,ES,Combined TRACON& Tower with Radar,4,8,14,0,26,0,0,32,0,32,4,8,46,0,58,12,0,12,70
12/29/2020,FSM,AR,ASW,ES,Combined TRACON& Tower with Radar,4,9,10,0,23,0,0,0,0,0,4,9,10,0,23,0,0,0,23
12/30/2020,FSM,AR,ASW,ES,Combined TRACON& Tower with Radar,4,7,8,0,19,0,0,0,0,0,4,7,8,0,19,0,0,0,19
12/31/2020,FSM,AR,ASW,ES,Combined TRACON& Tower with Radar,3,3,6,0,12,0,0,0,0,0,3,3,6,0,12,0,0,0,12
01/01/2021,FSM,AR,ASW,ES,Combined TRACON& Tower with Radar,3,6,3,0,12,0,0,0,0,0,3,6,3,0,12,0,0,0,12
01/02/2021,FSM,AR,ASW,ES,Combined TRACON& Tower with Radar,4,7,4,0,15,0,0,0,0,0,4,7,4,0,15,0,0,0,15
01/03/2021,FSM,AR,ASW,ES,Combined TRACON& Tower with Radar,8,8,33,0,49,0,2,37,1,40,8,10,70,1,89,16,0,16,105
01/04/2021,FSM,AR,ASW,ES,Combined TRACON& Tower with Radar,3,10,14,0,27,0,0,17,0,17,3,10,31,0,44,20,0,20,64
01/05/2021,FSM,AR,ASW,ES,Combined TRACON& Tower with Radar,4,3,8,0,15,0,0,26,0,26,4,3,34,0,41,10,0,10,51
01/06/2021,FSM,AR,ASW,ES,Combined TRACON& Tower with Radar,4,5,6,10,25,0,1,0,1,2,4,6,6,11,27,0,0,0,27
01/07/2021,FSM,AR,ASW,ES,Combined TRACON& Tower with Radar,4,12,13,4,33,0,0,2,0,2,4,12,15,4,35,0,0,0,35
01/08/2021,FSM,AR,ASW,ES,Combined TRACON& Tower with Radar,4,5,12,30,51,0,0,6,0,6,4,5,18,30,57,0,0,0,57
01/09/2021,FSM,AR,ASW,ES,Combined TRACON& Tower with Radar,4,4,27,17,52,0,0,39,3,42,4,4,66,20,94,0,0,0,94
01/10/2021,FSM,AR,ASW,ES,Combined TRACON& Tower with Radar,4,6,11,40,61,0,1,12,4,17,4,7,23,44,78,16,6,22,100
01/11/2021,FSM,AR,ASW,ES,Combined TRACON& Tower with Radar,4,5,9,35,53,0,1,10,6,17,4,6,19,41,70,34,16,50,120
01/12/2021,FSM,AR,ASW,ES,Combined TRACON& Tower with Radar,4,8,13,9,34,0,2,34,13,49,4,10,47,22,83,22,0,22,105
01/13/2021,FSM,AR,ASW,ES,Combined TRACON& Tower with Radar,4,7,11,22,44,0,0,32,7,39,4,7,43,29,83,28,6,34,117
01/14/2021,FSM,AR,ASW,ES,Combined TRACON& Tower with Radar,4,2,17,18,41,0,1,15,4,20,4,3,32,22,61,0,12,12,73
01/15/2021,FSM,AR,ASW,ES,Combined TRACON& Tower with Radar,5,8,11,0,24,0,1,2,0,3,5,9,13,0,27,0,0,0,27
01/16/2021,FSM,AR,ASW,ES,Combined TRACON& Tower with Radar,4,2,5,1,12,0,1,27,5,33,4,3,32,6,45,0,0,0,45
01/17/2021,FSM,AR,ASW,ES,Combined TRACON& Tower with Radar,6,4,17,11,38,0,0,14,4,18,6,4,31,15,56,0,0,0,56
01/18/2021,FSM,AR,ASW,ES,Combined TRACON& Tower with Radar,4,7,16,0,27,0,0,37,0,37,4,7,53,0,64,60,0,60,124
01/19/2021,FSM,AR,ASW,ES,Combined TRACON& Tower with Radar,4,4,18,25,51,0,1,26,3,30,4,5,44,28,81,0,38,38,119
01/20/2021,FSM,AR,ASW,ES,Combined TRACON& Tower with Radar,4,4,15,17,40,0,1,9,3,13,4,5,24,20,53,0,0,0,53
01/21/2021,FSM,AR,ASW,ES,Combined TRACON& Tower with Radar,4,13,11,1,29,0,0,5,2,7,4,13,16,3,36,0,0,0,36
01/22/2021,FSM,AR,ASW,ES,Combined TRACON& Tower with Radar,6,5,19,58,88,0,2,23,4,29,6,7,42,62,117,0,0,0,117
01/23/2021,FSM,AR,ASW,ES,Combined TRACON& Tower with Radar,6,5,16,42,69,0,0,12,4,16,6,5,28,46,85,54,22,76,161
01/24/2021,FSM,AR,ASW,ES,Combined TRACON& Tower with Radar,12,4,7,12,35,0,0,0,0,0,12,4,7,12,35,12,0,12,47
01/25/2021,FSM,AR,ASW,ES,Combined TRACON& Tower with Radar,4,7,27,13,51,0,0,4,6,10,4,7,31,19,61,0,0,0,61
01/26/2021,FSM,AR,ASW,ES,Combined TRACON& Tower with Radar,4,3,24,86,117,0,0,18,12,30,4,3,42,98,147,64,28,92,239
01/27/2021,FSM,AR,ASW,ES,Combined TRACON& Tower with Radar,4,7,4,18,33,0,0,2,6,8,4,7,6,24,41,14,0,14,55
01/28/2021,FSM,AR,ASW,ES,Combined TRACON& Tower with Radar,4,7,9,22,42,0,0,28,4,32,4,7,37,26,74,50,8,58,132
01/29/2021,FSM,AR,ASW,ES,Combined TRACON& Tower with Radar,6,7,28,0,41,0,0,42,1,43,6,7,70,1,84,50,0,50,134
01/30/2021,FSM,AR,ASW,ES,Combined TRACON& Tower with Radar,6,5,6,0,17,0,2,1,0,3,6,7,7,0,20,2,0,2,22
01/31/2021,FSM,AR,ASW,ES,Combined TRACON& Tower with Radar,7,3,7,0,17,0,2,1,0,3,7,5,8,0,20,0,0,0,20
02/01/2021,FSM,AR,ASW,ES,Combined TRACON& Tower with Radar,5,3,15,40,63,0,1,33,4,38,5,4,48,44,101,16,0,16,117
02/02/2021,FSM,AR,ASW,ES,Combined TRACON& Tower with Radar,4,2,15,32,53,0,0,28,7,35,4,2,43,39,88,0,0,0,88
02/03/2021,FSM,AR,ASW,ES,Combined TRACON& Tower with Radar,4,6,22,68,100,0,0,31,11,42,4,6,53,79,142,6,4,10,152
02/04/2021,FSM,AR,ASW,ES,Combined TRACON& Tower with Radar,4,2,0,16,22,0,0,5,3,8,4,2,5,19,30,14,12,26,56
02/05/2021,FSM,AR,ASW,ES,Combined TRACON& Tower with Radar,6,2,16,42,66,0,3,29,5,37,6,5,45,47,103,60,0,60,163
02/06/2021,FSM,AR,ASW,ES,Combined TRACON& Tower with Radar,4,2,4,6,16,0,0,4,0,4,4,2,8,6,20,0,0,0,20
02/07/2021,FSM,AR,ASW,ES,Combined TRACON& Tower with Radar,6,4,5,0,15,0,0,1,0,1,6,4,6,0,16,0,0,0,16
02/08/2021,FSM,AR,ASW,ES,Combined TRACON& Tower with Radar,4,5,3,0,12,0,0,0,0,0,4,5,3,0,12,0,0,0,12
02/09/2021,FSM,AR,ASW,ES,Combined TRACON& Tower with Radar,4,3,10,0,17,0,0,0,0,0,4,3,10,0,17,0,0,0,17
02/10/2021,FSM,AR,ASW,ES,Combined TRACON& Tower with Radar,4,4,1,0,9,0,0,0,0,0,4,4,1,0,9,0,0,0,9
02/11/2021,FSM,AR,ASW,ES,Combined TRACON& Tower with Radar,4,6,11,0,21,0,0,1,0,1,4,6,12,0,22,0,0,0,22
02/12/2021,FSM,AR,ASW,ES,Combined TRACON& Tower with Radar,6,4,2,7,19,0,0,4,1,5,6,4,6,8,24,0,0,0,24
02/13/2021,FSM,AR,ASW,ES,Combined TRACON& Tower with Radar,4,7,5,1,17,0,0,15,0,15,4,7,20,1,32,10,0,10,42
02/14/2021,FSM,AR,ASW,ES,Combined TRACON& Tower with Radar,1,3,2,0,6,0,0,0,0,0,1,3,2,0,6,0,0,0,6
02/15/2021,FSM,AR,ASW,ES,Combined TRACON& Tower with Radar,1,0,0,0,1,0,0,0,0,0,1,0,0,0,1,0,0,0,1
02/16/2021,FSM,AR,ASW,ES,Combined TRACON& Tower with Radar,0,1,2,0,3,0,1,4,2,7,0,2,6,2,10,0,0,0,10
02/17/2021,FSM,AR,ASW,ES,Combined TRACON& Tower with Radar,3,0,2,0,5,0,0,1,0,1,3,0,3,0,6,0,0,0,6
02/18/2021,FSM,AR,ASW,ES,Combined TRACON& Tower with Radar,3,4,4,2,13,0,1,7,0,8,3,5,11,2,21,4,0,4,25
02/19/2021,FSM,AR,ASW,ES,Combined TRACON& Tower with Radar,1,9,18,12,40,0,1,32,0,33,1,10,50,12,73,12,0,12,85
02/20/2021,FSM,AR,ASW,ES,Combined TRACON& Tower with Radar,3,3,8,0,14,0,0,33,1,34,3,3,41,1,48,14,0,14,62
02/21/2021,FSM,AR,ASW,ES,Combined TRACON& Tower with Radar,8,5,4,0,17,0,0,1,0,1,8,5,5,0,18,0,0,0,18
02/22/2021,FSM,AR,ASW,ES,Combined TRACON& Tower with Radar,4,6,6,11,27,0,1,24,4,29,4,7,30,15,56,0,0,0,56
02/23/2021,FSM,AR,ASW,ES,Combined TRACON& Tower with Radar,4,3,15,18,40,0,2,31,8,41,4,5,46,26,81,42,12,54,135
02/24/2021,FSM,AR,ASW,ES,Combined TRACON& Tower with Radar,4,3,24,17,48,0,1,16,15,32,4,4,40,32,80,0,0,0,80
02/25/2021,FSM,AR,ASW,ES,Combined TRACON& Tower with Radar,4,12,21,32,69,0,0,15,13,28,4,12,36,45,97,6,0,6,103
02/26/2021,FSM,AR,ASW,ES,Combined TRACON& Tower with Radar,6,6,10,0,22,0,0,0,0,0,6,6,10,0,22,0,0,0,22
02/27/2021,FSM,AR,ASW,ES,Combined TRACON& Tower with Radar,4,4,10,0,18,0,0,9,0,9,4,4,19,0,27,0,0,0,27
02/28/2021,FSM,AR,ASW,ES,Combined TRACON& Tower with Radar,4,4,6,2,16,0,0,1,0,1,4,4,7,2,17,0,0,0,17
03/01/2021,FSM,AR,ASW,ES,Combined TRACON& Tower with Radar,4,8,5,49,66,0,1,27,11,39,4,9,32,60,105,18,0,18,123
03/02/2021,FSM,AR,ASW,ES,Combined TRACON& Tower with Radar,4,4,13,45,66,0,0,19,26,45,4,4,32,71,111,0,0,0,111
03/03/2021,FSM,AR,ASW,ES,Combined TRACON& Tower with Radar,4,6,28,40,78,0,1,53,20,74,4,7,81,60,152,0,0,0,152
03/04/2021,FSM,AR,ASW,ES,Combined TRACON& Tower with Radar,4,7,14,51,76,0,3,42,23,68,4,10,56,74,144,0,0,0,144
03/05/2021,FSM,AR,ASW,ES,Combined TRACON& Tower with Radar,4,4,15,0,23,0,0,8,5,13,4,4,23,5,36,0,0,0,36
03/06/2021,FSM,AR,ASW,ES,Combined TRACON& Tower with Radar,2,4,27,15,48,0,0,64,13,77,2,4,91,28,125,44,40,84,209
03/07/2021,FSM,AR,ASW,ES,Combined TRACON& Tower with Radar,4,9,12,0,25,0,1,47,5,53,4,10,59,5,78,86,0,86,164
03/08/2021,FSM,AR,ASW,ES,Combined TRACON& Tower with Radar,3,8,12,18,41,0,0,12,5,17,3,8,24,23,58,0,0,0,58
03/09/2021,FSM,AR,ASW,ES,Combined TRACON& Tower with Radar,5,4,23,5,37,0,1,19,5,25,5,5,42,10,62,6,12,18,80
03/10/2021,FSM,AR,ASW,ES,Combined TRACON& Tower with Radar,4,6,18,10,38,0,1,3,2,6,4,7,21,12,44,0,0,0,44
03/11/2021,FSM,AR,ASW,ES,Combined TRACON& Tower with Radar,4,11,23,0,38,0,0,2,3,5,4,11,25,3,43,0,0,0,43
03/12/2021,FSM,AR,ASW,ES,Combined TRACON& Tower with Radar,4,4,24,6,38,0,0,13,3,16,4,4,37,9,54,14,0,14,68
03/13/2021,FSM,AR,ASW,ES,Combined TRACON& Tower with Radar,2,8,13,0,23,0,0,4,0,4,2,8,17,0,27,0,0,0,27
03/14/2021,FSM,AR,ASW,ES,Combined TRACON& Tower with Radar,6,11,4,0,21,0,0,1,0,1,6,11,5,0,22,0,0,0,22
03/15/2021,FSM,AR,ASW,ES,Combined TRACON& Tower with Radar,4,14,9,30,57,0,0,15,19,34,4,14,24,49,91,8,0,8,99
03/16/2021,FSM,AR,ASW,ES,Combined TRACON& Tower with Radar,4,6,10,67,87,0,0,25,26,51,4,6,35,93,138,36,52,88,226
03/17/2021,FSM,AR,ASW,ES,Combined TRACON& Tower with Radar,2,4,4,22,32,0,0,9,16,25,2,4,13,38,57,0,0,0,57
03/18/2021,FSM,AR,ASW,ES,Combined TRACON& Tower with Radar,4,6,14,7,31,0,2,0,9,11,4,8,14,16,42,0,20,20,62
03/19/2021,FSM,AR,ASW,ES,Combined TRACON& Tower with Radar,4,7,19,22,52,0,0,46,7,53,4,7,65,29,105,26,8,34,139
03/20/2021,FSM,AR,ASW,ES,Combined TRACON& Tower with Radar,4,7,18,0,29,0,0,25,1,26,4,7,43,1,55,6,0,6,61
03/21/2021,FSM,AR,ASW,ES,Combined TRACON& Tower with Radar,4,5,12,10,31,0,2,20,1,23,4,7,32,11,54,2,0,2,56
03/22/2021,FSM,AR,ASW,ES,Combined TRACON& Tower with Radar,4,7,5,18,34,0,0,7,2,9,4,7,12,20,43,0,0,0,43
03/23/2021,FSM,AR,ASW,ES,Combined TRACON& Tower with Radar,5,7,10,25,47,0,3,13,10,26,5,10,23,35,73,4,0,4,77
03/24/2021,FSM,AR,ASW,ES,Combined TRACON& Tower with Radar,3,6,15,115,139,0,3,24,18,45,3,9,39,133,184,6,0,6,190
03/25/2021,FSM,AR,ASW,ES,Combined TRACON& Tower with Radar,5,6,6,4,21,0,0,2,0,2,5,6,8,4,23,0,0,0,23
03/26/2021,FSM,AR,ASW,ES,Combined TRACON& Tower with Radar,4,8,13,19,44,0,2,31,14,47,4,10,44,33,91,53,16,69,160
03/27/2021,FSM,AR,ASW,ES,Combined TRACON& Tower with Radar,2,8,19,14,43,0,0,13,3,16,2,8,32,17,59,8,0,8,67
03/28/2021,FSM,AR,ASW,ES,Combined TRACON& Tower with Radar,4,4,13,13,34,0,3,26,3,32,4,7,39,16,66,0,0,0,66
03/29/2021,FSM,AR,ASW,ES,Combined TRACON& Tower with Radar,6,6,23,14,49,0,0,15,2,17,6,6,38,16,66,0,0,0,66
03/30/2021,FSM,AR,ASW,ES,Combined TRACON& Tower with Radar,4,5,28,24,61,0,0,7,6,13,4,5,35,30,74,0,0,0,74
03/31/2021,FSM,AR,ASW,ES,Combined TRACON& Tower with Radar,4,6,20,16,46,0,0,17,12,29,4,6,37,28,75,6,12,18,93
04/01/2021,FSM,AR,ASW,ES,Combined TRACON& Tower with Radar,4,9,18,46,77,0,0,27,12,39,4,9,45,58,116,0,0,0,116
04/02/2021,FSM,AR,ASW,ES,Combined TRACON& Tower with Radar,3,8,11,8,30,0,0,25,1,26,3,8,36,9,56,30,0,30,86
04/03/2021,FSM,AR,ASW,ES,Combined TRACON& Tower with Radar,0,11,13,0,24,0,2,53,2,57,0,13,66,2,81,0,0,0,81
04/04/2021,FSM,AR,ASW,ES,Combined TRACON& Tower with Radar,2,6,6,0,14,0,0,18,0,18,2,6,24,0,32,26,0,26,58
04/05/2021,FSM,AR,ASW,ES,Combined TRACON& Tower with Radar,2,6,15,37,60,0,0,17,2,19,2,6,32,39,79,8,16,24,103
04/06/2021,FSM,AR,ASW,ES,Combined TRACON& Tower with Radar,0,8,21,18,47,0,0,12,1,13,0,8,33,19,60,14,0,14,74
04/07/2021,FSM,AR,ASW,ES,Combined TRACON& Tower with Radar,0,12,16,7,35,0,2,3,0,5,0,14,19,7,40,2,0,2,42
04/08/2021,FSM,AR,ASW,ES,Combined TRACON& Tower with Radar,2,7,21,44,74,0,1,23,17,41,2,8,44,61,115,13,16,29,144
04/09/2021,FSM,AR,ASW,ES,Combined TRACON& Tower with Radar,2,20,13,11,46,0,1,25,14,40,2,21,38,25,86,0,0,0,86
04/10/2021,FSM,AR,ASW,ES,Combined TRACON& Tower with Radar,2,8,14,21,45,0,0,15,8,23,2,8,29,29,68,0,0,0,68
04/11/2021,FSM,AR,ASW,ES,Combined TRACON& Tower with Radar,2,6,21,9,38,0,0,30,3,33,2,6,51,12,71,14,0,14,85
04/12/2021,FSM,AR,ASW,ES,Combined TRACON& Tower with Radar,2,9,10,26,47,0,1,14,5,20,2,10,24,31,67,0,0,0,67
04/13/2021,FSM,AR,ASW,ES,Combined TRACON& Tower with Radar,0,11,28,26,65,0,2,18,20,40,0,13,46,46,105,0,0,0,105
04/14/2021,FSM,AR,ASW,ES,Combined TRACON& Tower with Radar,0,17,13,25,55,0,5,6,17,28,0,22,19,42,83,30,6,36,119
04/15/2021,FSM,AR,ASW,ES,Combined TRACON& Tower with Radar,2,13,17,55,87,0,0,20,13,33,2,13,37,68,120,12,22,34,154
04/16/2021,FSM,AR,ASW,ES,Combined TRACON& Tower with Radar,2,6,9,0,17,0,0,0,0,0,2,6,9,0,17,0,0,0,17
04/17/2021,FSM,AR,ASW,ES,Combined TRACON& Tower with Radar,2,7,14,10,33,0,0,5,0,5,2,7,19,10,38,12,0,12,50
04/18/2021,FSM,AR,ASW,ES,Combined TRACON& Tower with Radar,2,14,12,8,36,0,0,24,4,28,2,14,36,12,64,32,0,32,96
04/19/2021,FSM,AR,ASW,ES,Combined TRACON& Tower with Radar,2,13,11,20,46,0,0,64,7,71,2,13,75,27,117,60,0,60,177
04/20/2021,FSM,AR,ASW,ES,Combined TRACON& Tower with Radar,0,8,7,18,33,0,0,4,11,15,0,8,11,29,48,0,10,10,58
04/21/2021,FSM,AR,ASW,ES,Combined TRACON& Tower with Radar,0,12,29,42,83,0,3,27,8,38,0,15,56,50,121,0,8,8,129
04/22/2021,FSM,AR,ASW,ES,Combined TRACON& Tower with Radar,2,9,16,44,71,0,2,19,4,25,2,11,35,48,96,8,16,24,120
04/23/2021,FSM,AR,ASW,ES,Combined TRACON& Tower with Radar,4,7,10,4,25,0,0,5,0,5,4,7,15,4,30,16,0,16,46
04/24/2021,FSM,AR,ASW,ES,Combined TRACON& Tower with Radar,2,6,17,6,31,0,2,5,0,7,2,8,22,6,38,30,0,30,68
04/25/2021,FSM,AR,ASW,ES,Combined TRACON& Tower with Radar,2,7,5,0,14,0,2,43,1,46,2,9,48,1,60,28,0,28,88
04/26/2021,FSM,AR,ASW,ES,Combined TRACON& Tower with Radar,2,10,7,40,59,0,1,15,8,24,2,11,22,48,83,22,32,54,137
04/27/2021,FSM,AR,ASW,ES,Combined TRACON& Tower with Radar,0,8,8,23,39,0,0,7,18,25,0,8,15,41,64,16,74,90,154
04/28/2021,FSM,AR,ASW,ES,Combined TRACON& Tower with Radar,0,7,6,0,13,0,0,0,0,0,0,7,6,0,13,0,0,0,13
04/29/2021,FSM,AR,ASW,ES,Combined TRACON& Tower with Radar,2,12,18,31,63,0,0,11,10,21,2,12,29,41,84,32,0,32,116
04/30/2021,FSM,AR,ASW,ES,Combined TRACON& Tower with Radar,2,8,25,19,54,0,2,46,5,53,2,10,71,24,107,10,32,42,149
05/01/2021,FSM,AR,ASW,ES,Combined TRACON& Tower with Radar,2,7,18,5,32,0,1,35,1,37,2,8,53,6,69,14,0,14,83
05/02/2021,FSM,AR,ASW,ES,Combined TRACON& Tower with Radar,2,9,9,1,21,0,1,6,0,7,2,10,15,1,28,0,0,0,28
05/03/2021,FSM,AR,ASW,ES,Combined TRACON& Tower with Radar,1,7,10,4,22,0,0,4,1,5,1,7,14,5,27,28,8,36,63
05/04/2021,FSM,AR,ASW,ES,Combined TRACON& Tower with Radar,0,9,10,0,19,0,0,3,0,3,0,9,13,0,22,0,0,0,22
05/05/2021,FSM,AR,ASW,ES,Combined TRACON& Tower with Radar,0,9,21,33,63,0,0,58,4,62,0,9,79,37,125,70,24,94,219
05/06/2021,FSM,AR,ASW,ES,Combined TRACON& Tower with Radar,2,12,22,12,48,0,1,24,5,30,2,13,46,17,78,30,0,30,108
05/07/2021,FSM,AR,ASW,ES,Combined TRACON& Tower with Radar,2,9,28,17,56,0,0,42,8,50,2,9,70,25,106,29,16,45,151
05/08/2021,FSM,AR,ASW,ES,Combined TRACON& Tower with Radar,2,11,8,5,26,0,3,15,1,19,2,14,23,6,45,0,0,0,45
05/09/2021,FSM,AR,ASW,ES,Combined TRACON& Tower with Radar,2,8,17,2,29,0,0,4,0,4,2,8,21,2,33,0,0,0,33
05/10/2021,FSM,AR,ASW,ES,Combined TRACON& Tower with Radar,5,14,15,36,70,0,0,4,2,6,5,14,19,38,76,4,0,4,80
05/11/2021,FSM,AR,ASW,ES,Combined TRACON& Tower with Radar,3,7,14,10,34,0,0,5,1,6,3,7,19,11,40,0,0,0,40
05/12/2021,FSM,AR,ASW,ES,Combined TRACON& Tower with Radar,2,9,12,45,68,0,0,22,6,28,2,9,34,51,96,14,4,18,114
05/13/2021,FSM,AR,ASW,ES,Combined TRACON& Tower with Radar,2,9,29,42,82,0,0,52,9,61,2,9,81,51,143,154,24,178,321
05/14/2021,FSM,AR,ASW,ES,Combined TRACON& Tower with Radar,2,6,19,78,105,0,0,39,16,55,2,6,58,94,160,8,58,66,226
05/15/2021,FSM,AR,ASW,ES,Combined TRACON& Tower with Radar,2,6,16,21,45,0,0,22,1,23,2,6,38,22,68,18,10,28,96
05/16/2021,FSM,AR,ASW,ES,Combined TRACON& Tower with Radar,2,9,10,2,23,0,0,7,0,7,2,9,17,2,30,12,0,12,42
05/17/2021,FSM,AR,ASW,ES,Combined TRACON& Tower with Radar,2,13,13,30,58,0,1,2,8,11,2,14,15,38,69,14,2,16,85
05/18/2021,FSM,AR,ASW,ES,Combined TRACON& Tower with Radar,2,7,12,22,43,0,0,4,10,14,2,7,16,32,57,63,8,71,128
05/19/2021,FSM,AR,ASW,ES,Combined TRACON& Tower with Radar,2,11,10,4,27,0,0,2,4,6,2,11,12,8,33,0,0,0,33
05/20/2021,FSM,AR,ASW,ES,Combined TRACON& Tower with Radar,2,17,19,1,39,0,0,2,2,4,2,17,21,3,43,0,0,0,43
05/21/2021,FSM,AR,ASW,ES,Combined TRACON& Tower with Radar,2,17,11,4,34,0,0,1,0,1,2,17,12,4,35,0,0,0,35
05/22/2021,FSM,AR,ASW,ES,Combined TRACON& Tower with Radar,2,11,20,6,39,0,1,25,0,26,2,12,45,6,65,18,0,18,83
05/23/2021,FSM,AR,ASW,ES,Combined TRACON& Tower with Radar,2,8,18,11,39,0,2,34,5,41,2,10,52,16,80,60,0,60,140
05/24/2021,FSM,AR,ASW,ES,Combined TRACON& Tower with Radar,8,11,14,42,75,0,0,24,10,34,8,11,38,52,109,84,14,98,207
05/25/2021,FSM,AR,ASW,ES,Combined TRACON& Tower with Radar,2,9,7,2,20,0,1,2,0,3,2,10,9,2,23,0,0,0,23
05/26/2021,FSM,AR,ASW,ES,Combined TRACON& Tower with Radar,2,13,31,11,57,0,0,11,4,15,2,13,42,15,72,62,46,108,180
05/27/2021,FSM,AR,ASW,ES,Combined TRACON& Tower with Radar,2,14,18,7,41,0,0,11,2,13,2,14,29,9,54,4,16,20,74
05/28/2021,FSM,AR,ASW,ES,Combined TRACON& Tower with Radar,2,12,9,0,23,0,3,17,4,24,2,15,26,4,47,16,0,16,63
05/29/2021,FSM,AR,ASW,ES,Combined TRACON& Tower with Radar,2,6,15,0,23,0,0,36,0,36,2,6,51,0,59,12,0,12,71
05/30/2021,FSM,AR,ASW,ES,Combined TRACON& Tower with Radar,4,8,15,0,27,0,1,12,0,13,4,9,27,0,40,0,0,0,40
05/31/2021,FSM,AR,ASW,ES,Combined TRACON& Tower with Radar,0,9,14,0,23,0,0,26,1,27,0,9,40,1,50,0,0,0,50
06/01/2021,FSM,AR,ASW,ES,Combined TRACON& Tower with Radar,2,12,6,0,20,0,0,0,0,0,2,12,6,0,20,0,0,0,20
06/02/2021,FSM,AR,ASW,ES,Combined TRACON& Tower with Radar,2,11,21,28,62,0,2,2,2,6,2,13,23,30,68,0,0,0,68
06/03/2021,FSM,AR,ASW,ES,Combined TRACON& Tower with Radar,2,12,21,28,63,0,2,44,5,51,2,14,65,33,114,0,0,0,114
06/04/2021,FSM,AR,ASW,ES,Combined TRACON& Tower with Radar,3,7,18,52,80,0,0,53,3,56,3,7,71,55,136,57,0,57,193
06/05/2021,FSM,AR,ASW,ES,Combined TRACON& Tower with Radar,3,6,16,3,28,0,0,15,0,15,3,6,31,3,43,0,0,0,43
06/06/2021,FSM,AR,ASW,ES,Combined TRACON& Tower with Radar,3,5,6,8,22,0,0,2,3,5,3,5,8,11,27,8,0,8,35
06/07/2021,FSM,AR,ASW,ES,Combined TRACON& Tower with Radar,3,3,8,1,15,0,0,0,1,1,3,3,8,2,16,0,0,0,16
06/08/2021,FSM,AR,ASW,ES,Combined TRACON& Tower with Radar,3,6,27,14,50,0,0,17,9,26,3,6,44,23,76,62,0,62,138
06/09/2021,FSM,AR,ASW,ES,Combined TRACON& Tower with Radar,3,8,18,5,34,0,1,11,8,20,3,9,29,13,54,0,0,0,54
06/10/2021,FSM,AR,ASW,ES,Combined TRACON& Tower with Radar,3,13,19,4,39,0,3,40,7,50,3,16,59,11,89,26,0,26,115
06/11/2021,FSM,AR,ASW,ES,Combined TRACON& Tower with Radar,3,14,19,40,76,0,1,41,8,50,3,15,60,48,126,14,14,28,154
06/12/2021,FSM,AR,ASW,ES,Combined TRACON& Tower with Radar,3,5,14,0,22,0,2,48,11,61,3,7,62,11,83,0,0,0,83
06/13/2021,FSM,AR,ASW,ES,Combined TRACON& Tower with Radar,3,7,12,2,24,0,1,23,2,26,3,8,35,4,50,18,0,18,68
06/14/2021,FSM,AR,ASW,ES,Combined TRACON& Tower with Radar,3,10,26,41,80,0,3,39,4,46,3,13,65,45,126,38,6,44,170
06/15/2021,FSM,AR,ASW,ES,Combined TRACON& Tower with Radar,3,11,16,34,64,0,0,33,4,37,3,11,49,38,101,38,6,44,145
06/16/2021,FSM,AR,ASW,ES,Combined TRACON& Tower with Radar,3,7,28,27,65,0,4,40,7,51,3,11,68,34,116,16,0,16,132
06/17/2021,FSM,AR,ASW,ES,Combined TRACON& Tower with Radar,3,5,27,37,72,0,2,31,9,42,3,7,58,46,114,55,16,71,185
06/18/2021,FSM,AR,ASW,ES,Combined TRACON& Tower with Radar,3,4,21,13,41,0,8,36,0,44,3,12,57,13,85,22,12,34,119
06/19/2021,FSM,AR,ASW,ES,Combined TRACON& Tower with Radar,3,5,13,6,27,0,2,44,0,46,3,7,57,6,73,40,6,46,119
06/20/2021,FSM,AR,ASW,ES,Combined TRACON& Tower with Radar,3,11,17,2,33,0,0,14,0,14,3,11,31,2,47,0,0,0,47
06/21/2021,FSM,AR,ASW,ES,Combined TRACON& Tower with Radar,3,11,16,0,30,0,0,5,1,6,3,11,21,1,36,0,0,0,36
06/22/2021,FSM,AR,ASW,ES,Combined TRACON& Tower with Radar,3,6,19,45,73,0,0,33,9,42,3,6,52,54,115,54,0,54,169
06/23/2021,FSM,AR,ASW,ES,Combined TRACON& Tower with Radar,19,10,27,31,87,0,1,18,10,29,19,11,45,41,116,20,0,20,136
06/24/2021,FSM,AR,ASW,ES,Combined TRACON& Tower with Radar,3,9,30,20,62,0,1,18,4,23,3,10,48,24,85,20,0,20,105
06/25/2021,FSM,AR,ASW,ES,Combined TRACON& Tower with Radar,3,9,32,59,103,0,0,38,3,41,3,9,70,62,144,16,0,16,160
06/26/2021,FSM,AR,ASW,ES,Combined TRACON& Tower with Radar,5,4,27,12,48,0,0,27,2,29,5,4,54,14,77,0,0,0,77
06/27/2021,FSM,AR,ASW,ES,Combined TRACON& Tower with Radar,1,9,11,0,21,0,0,10,0,10,1,9,21,0,31,8,0,8,39
06/28/2021,FSM,AR,ASW,ES,Combined TRACON& Tower with Radar,3,3,29,12,47,0,0,19,3,22,3,3,48,15,69,0,0,0,69
06/29/2021,FSM,AR,ASW,ES,Combined TRACON& Tower with Radar,2,10,27,14,53,0,0,14,4,18,2,10,41,18,71,42,0,42,113
06/30/2021,FSM,AR,ASW,ES,Combined TRACON& Tower with Radar,3,6,19,37,65,0,0,20,8,28,3,6,39,45,93,46,2,48,141
07/01/2021,FSM,AR,ASW,ES,Combined TRACON& Tower with Radar,3,9,11,1,24,0,1,4,1,6,3,10,15,2,30,0,0,0,30
07/02/2021,FSM,AR,ASW,ES,Combined TRACON& Tower with Radar,1,8,11,11,31,0,1,14,2,17,1,9,25,13,48,14,0,14,62
07/03/2021,FSM,AR,ASW,ES,Combined TRACON& Tower with Radar,3,4,15,0,22,0,1,44,0,45,3,5,59,0,67,14,0,14,81
07/04/2021,FSM,AR,ASW,ES,Combined TRACON& Tower with Radar,3,7,3,0,13,0,0,23,0,23,3,7,26,0,36,16,0,16,52
07/05/2021,FSM,AR,ASW,ES,Combined TRACON& Tower with Radar,3,8,11,0,22,0,0,40,0,40,3,8,51,0,62,28,0,28,90
07/06/2021,FSM,AR,ASW,ES,Combined TRACON& Tower with Radar,5,6,33,17,61,0,2,34,17,53,5,8,67,34,114,0,32,32,146
07/07/2021,FSM,AR,ASW,ES,Combined TRACON& Tower with Radar,3,9,10,24,46,0,1,21,2,24,3,10,31,26,70,0,0,0,70
07/08/2021,FSM,AR,ASW,ES,Combined TRACON& Tower with Radar,3,5,30,55,93,0,0,32,9,41,3,5,62,64,134,18,4,22,156
07/09/2021,FSM,AR,ASW,ES,Combined TRACON& Tower with Radar,3,7,11,67,88,0,1,12,8,21,3,8,23,75,109,24,26,50,159
07/10/2021,FSM,AR,ASW,ES,Combined TRACON& Tower with Radar,4,10,13,5,32,0,0,11,1,12,4,10,24,6,44,0,0,0,44
07/11/2021,FSM,AR,ASW,ES,Combined TRACON& Tower with Radar,3,4,14,30,51,0,0,3,1,4,3,4,17,31,55,0,0,0,55
07/12/2021,FSM,AR,ASW,ES,Combined TRACON& Tower with Radar,3,9,11,49,72,0,3,30,4,37,3,12,41,53,109,0,50,50,159
07/13/2021,FSM,AR,ASW,ES,Combined TRACON& Tower with Radar,3,9,24,33,69,0,0,38,13,51,3,9,62,46,120,0,0,0,120
07/14/2021,FSM,AR,ASW,ES,Combined TRACON& Tower with Radar,3,4,29,42,78,0,1,35,16,52,3,5,64,58,130,0,36,36,166
07/15/2021,FSM,AR,ASW,ES,Combined TRACON& Tower with Radar,3,6,31,39,79,0,0,24,9,33,3,6,55,48,112,0,2,2,114
07/16/2021,FSM,AR,ASW,ES,Combined TRACON& Tower with Radar,4,6,6,0,16,0,2,13,0,15,4,8,19,0,31,0,0,0,31
07/17/2021,FSM,AR,ASW,ES,Combined TRACON& Tower with Radar,3,7,4,0,14,0,0,6,0,6,3,7,10,0,20,6,0,6,26
07/18/2021,FSM,AR,ASW,ES,Combined TRACON& Tower with Radar,3,13,11,0,27,0,0,9,2,11,3,13,20,2,38,12,0,12,50
07/19/2021,FSM,AR,ASW,ES,Combined TRACON& Tower with Radar,1,4,25,4,34,0,0,22,2,24,1,4,47,6,58,22,0,22,80
07/20/2021,FSM,AR,ASW,ES,Combined TRACON& Tower with Radar,3,8,13,4,28,0,2,35,9,46,3,10,48,13,74,0,0,0,74
07/21/2021,FSM,AR,ASW,ES,Combined TRACON& Tower with Radar,3,10,11,0,24,0,4,30,12,46,3,14,41,12,70,20,0,20,90
07/22/2021,FSM,AR,ASW,ES,Combined TRACON& Tower with Radar,3,10,13,16,42,0,0,23,8,31,3,10,36,24,73,10,0,10,83
07/23/2021,FSM,AR,ASW,ES,Combined TRACON& Tower with Radar,3,18,15,4,40,0,0,29,4,33,3,18,44,8,73,16,0,16,89
07/24/2021,FSM,AR,ASW,ES,Combined TRACON& Tower with Radar,3,6,13,5,27,0,1,26,4,31,3,7,39,9,58,28,2,30,88
07/25/2021,FSM,AR,ASW,ES,Combined TRACON& Tower with Radar,3,13,12,0,28,0,0,27,0,27,3,13,39,0,55,0,0,0,55
07/26/2021,FSM,AR,ASW,ES,Combined TRACON& Tower with Radar,3,5,21,6,35,0,0,22,5,27,3,5,43,11,62,12,0,12,74
07/27/2021,FSM,AR,ASW,ES,Combined TRACON& Tower with Radar,3,10,12,5,30,0,4,17,14,35,3,14,29,19,65,10,0,10,75
07/28/2021,FSM,AR,ASW,ES,Combined TRACON& Tower with Radar,3,10,21,7,41,0,3,32,12,47,3,13,53,19,88,0,0,0,88
07/29/2021,FSM,AR,ASW,ES,Combined TRACON& Tower with Radar,3,10,19,5,37,0,4,41,8,53,3,14,60,13,90,18,20,38,128
07/30/2021,FSM,AR,ASW,ES,Combined TRACON& Tower with Radar,3,10,18,3,34,0,0,46,2,48,3,10,64,5,82,16,10,26,108
07/31/2021,FSM,AR,ASW,ES,Combined TRACON& Tower with Radar,5,8,8,6,27,0,0,35,0,35,5,8,43,6,62,0,0,0,62
08/01/2021,FSM,AR,ASW,ES,Combined TRACON& Tower with Radar,1,10,6,0,17,0,0,19,0,19,1,10,25,0,36,25,0,25,61
08/02/2021,FSM,AR,ASW,ES,Combined TRACON& Tower with Radar,4,9,20,19,52,0,1,15,7,23,4,10,35,26,75,0,0,0,75
08/03/2021,FSM,AR,ASW,ES,Combined TRACON& Tower with Radar,5,7,24,19,55,0,0,36,12,48,5,7,60,31,103,18,8,26,129
08/04/2021,FSM,AR,ASW,ES,Combined TRACON& Tower with Radar,3,10,13,2,28,0,7,25,4,36,3,17,38,6,64,0,0,0,64
08/05/2021,FSM,AR,ASW,ES,Combined TRACON& Tower with Radar,3,8,20,5,36,0,1,25,4,30,3,9,45,9,66,0,0,0,66
08/06/2021,FSM,AR,ASW,ES,Combined TRACON& Tower with Radar,5,13,24,6,48,0,3,35,2,40,5,16,59,8,88,64,0,64,152
08/07/2021,FSM,AR,ASW,ES,Combined TRACON& Tower with Radar,3,6,13,8,30,0,1,22,5,28,3,7,35,13,58,6,0,6,64
08/08/2021,FSM,AR,ASW,ES,Combined TRACON& Tower with Radar,3,10,9,3,25,0,1,17,1,19,3,11,26,4,44,34,0,34,78
08/09/2021,FSM,AR,ASW,ES,Combined TRACON& Tower with Radar,3,9,16,0,28,0,0,47,3,50,3,9,63,3,78,20,0,20,98
08/10/2021,FSM,AR,ASW,ES,Combined TRACON& Tower with Radar,3,8,21,18,50,0,0,25,12,37,3,8,46,30,87,37,12,49,136
08/11/2021,FSM,AR,ASW,ES,Combined TRACON& Tower with Radar,3,7,14,8,32,0,0,7,6,13,3,7,21,14,45,26,0,26,71
08/12/2021,FSM,AR,ASW,ES,Combined TRACON& Tower with Radar,3,15,15,14,47,0,0,45,8,53,3,15,60,22,100,43,0,43,143
08/13/2021,FSM,AR,ASW,ES,Combined TRACON& Tower with Radar,2,8,29,4,43,0,1,40,0,41,2,9,69,4,84,45,0,45,129
08/14/2021,FSM,AR,ASW,ES,Combined TRACON& Tower with Radar,0,6,18,5,29,0,0,12,2,14,0,6,30,7,43,3,0,3,46
08/15/2021,FSM,AR,ASW,ES,Combined TRACON& Tower with Radar,3,10,16,0,29,0,0,16,0,16,3,10,32,0,45,0,0,0,45
08/16/2021,FSM,AR,ASW,ES,Combined TRACON& Tower with Radar,3,12,22,8,45,0,1,61,0,62,3,13,83,8,107,12,0,12,119
08/17/2021,FSM,AR,ASW,ES,Combined TRACON& Tower with Radar,4,10,16,14,44,0,0,15,4,19,4,10,31,18,63,16,0,16,79
08/18/2021,FSM,AR,ASW,ES,Combined TRACON& Tower with Radar,1,14,9,11,35,0,0,1,2,3,1,14,10,13,38,0,0,0,38
08/19/2021,FSM,AR,ASW,ES,Combined TRACON& Tower with Radar,1,11,18,0,30,0,0,2,1,3,1,11,20,1,33,0,0,0,33
08/20/2021,FSM,AR,ASW,ES,Combined TRACON& Tower with Radar,3,12,13,15,43,0,1,33,4,38,3,13,46,19,81,30,0,30,111
08/21/2021,FSM,AR,ASW,ES,Combined TRACON& Tower with Radar,0,2,7,0,9,0,0,12,0,12,0,2,19,0,21,18,0,18,39
08/22/2021,FSM,AR,ASW,ES,Combined TRACON& Tower with Radar,0,5,15,0,20,0,1,16,0,17,0,6,31,0,37,12,0,12,49
08/23/2021,FSM,AR,ASW,ES,Combined TRACON& Tower with Radar,0,7,15,0,22,0,0,17,3,20,0,7,32,3,42,10,0,10,52
08/24/2021,FSM,AR,ASW,ES,Combined TRACON& Tower with Radar,0,1,22,0,23,0,0,16,3,19,0,1,38,3,42,46,0,46,88
08/25/2021,FSM,AR,ASW,ES,Combined TRACON& Tower with Radar,0,9,11,0,20,0,2,20,3,25,0,11,31,3,45,20,0,20,65
08/26/2021,FSM,AR,ASW,ES,Combined TRACON& Tower with Radar,0,3,24,3,30,0,1,20,5,26,0,4,44,8,56,20,0,20,76
08/27/2021,FSM,AR,ASW,ES,Combined TRACON& Tower with Radar,0,3,25,11,39,0,4,36,7,47,0,7,61,18,86,0,0,0,86
08/28/2021,FSM,AR,ASW,ES,Combined TRACON& Tower with Radar,0,0,10,5,15,0,0,23,3,26,0,0,33,8,41,0,0,0,41
08/29/2021,FSM,AR,ASW,ES,Combined TRACON& Tower with Radar,0,1,7,2,10,0,0,18,0,18,0,1,25,2,28,0,0,0,28
08/30/2021,FSM,AR,ASW,ES,Combined TRACON& Tower with Radar,0,1,3,0,4,0,0,3,0,3,0,1,6,0,7,1,0,1,8
08/31/2021,FSM,AR,ASW,ES,Combined TRACON& Tower with Radar,0,0,0,0,0,0,0,0,0,0,0,0,0,0,0,0,0,0,0
09/01/2021,FSM,AR,ASW,ES,Combined TRACON& Tower with Radar,0,0,0,0,0,0,2,0,4,6,0,2,0,4,6,0,0,0,6
09/02/2021,FSM,AR,ASW,ES,Combined TRACON& Tower with Radar,0,0,0,0,0,0,0,1,0,1,0,0,1,0,1,0,0,0,1
09/03/2021,FSM,AR,ASW,ES,Combined TRACON& Tower with Radar,0,7,11,6,24,0,1,38,0,39,0,8,49,6,63,36,0,36,99
09/04/2021,FSM,AR,ASW,ES,Combined TRACON& Tower with Radar,0,0,8,4,12,0,1,27,0,28,0,1,35,4,40,0,0,0,40
09/05/2021,FSM,AR,ASW,ES,Combined TRACON& Tower with Radar,2,6,8,0,16,0,1,21,0,22,2,7,29,0,38,0,0,0,38
09/06/2021,FSM,AR,ASW,ES,Combined TRACON& Tower with Radar,2,8,13,0,23,0,1,27,0,28,2,9,40,0,51,0,0,0,51
09/07/2021,FSM,AR,ASW,ES,Combined TRACON& Tower with Radar,2,6,26,14,48,0,0,33,9,42,2,6,59,23,90,22,0,22,112
09/08/2021,FSM,AR,ASW,ES,Combined TRACON& Tower with Radar,2,9,21,25,57,0,1,27,7,35,2,10,48,32,92,8,24,32,124
09/09/2021,FSM,AR,ASW,ES,Combined TRACON& Tower with Radar,3,5,18,11,37,0,1,19,4,24,3,6,37,15,61,0,18,18,79
09/10/2021,FSM,AR,ASW,ES,Combined TRACON& Tower with Radar,3,6,19,35,63,0,0,42,0,42,3,6,61,35,105,10,0,10,115
09/11/2021,FSM,AR,ASW,ES,Combined TRACON& Tower with Radar,4,2,14,0,20,0,0,37,1,38,4,2,51,1,58,0,0,0,58
09/12/2021,FSM,AR,ASW,ES,Combined TRACON& Tower with Radar,3,6,15,35,59,0,3,21,1,25,3,9,36,36,84,14,2,16,100
09/13/2021,FSM,AR,ASW,ES,Combined TRACON& Tower with Radar,3,5,22,24,54,0,0,17,2,19,3,5,39,26,73,14,0,14,87
09/14/2021,FSM,AR,ASW,ES,Combined TRACON& Tower with Radar,2,9,19,9,39,0,1,29,4,34,2,10,48,13,73,0,0,0,73
09/15/2021,FSM,AR,ASW,ES,Combined TRACON& Tower with Radar,2,10,19,9,40,0,1,17,5,23,2,11,36,14,63,0,0,0,63
09/16/2021,FSM,AR,ASW,ES,Combined TRACON& Tower with Radar,3,13,12,16,44,0,1,16,6,23,3,14,28,22,67,0,0,0,67
09/17/2021,FSM,AR,ASW,ES,Combined TRACON& Tower with Radar,3,12,19,41,75,0,0,23,8,31,3,12,42,49,106,22,42,64,170
09/18/2021,FSM,AR,ASW,ES,Combined TRACON& Tower with Radar,5,7,11,0,23,0,0,28,4,32,5,7,39,4,55,10,0,10,65
09/19/2021,FSM,AR,ASW,ES,Combined TRACON& Tower with Radar,3,10,21,12,46,0,2,17,0,19,3,12,38,12,65,18,0,18,83
09/20/2021,FSM,AR,ASW,ES,Combined TRACON& Tower with Radar,3,13,13,16,45,0,1,19,7,27,3,14,32,23,72,0,0,0,72
09/21/2021,FSM,AR,ASW,ES,Combined TRACON& Tower with Radar,2,11,15,4,32,0,0,10,2,12,2,11,25,6,44,0,0,0,44
09/22/2021,FSM,AR,ASW,ES,Combined TRACON& Tower with Radar,2,10,21,15,48,0,2,16,3,21,2,12,37,18,69,20,10,30,99
09/23/2021,FSM,AR,ASW,ES,Combined TRACON& Tower with Radar,3,9,23,35,70,0,1,45,7,53,3,10,68,42,123,16,0,16,139
09/24/2021,FSM,AR,ASW,ES,Combined TRACON& Tower with Radar,3,7,24,32,66,0,4,39,7,50,3,11,63,39,116,8,10,18,134
09/25/2021,FSM,AR,ASW,ES,Combined TRACON& Tower with Radar,4,4,25,0,33,0,0,23,0,23,4,4,48,0,56,32,0,32,88
09/26/2021,FSM,AR,ASW,ES,Combined TRACON& Tower with Radar,3,6,13,1,23,0,2,18,1,21,3,8,31,2,44,0,0,0,44
09/27/2021,FSM,AR,ASW,ES,Combined TRACON& Tower with Radar,3,9,22,5,39,0,0,19,9,28,3,9,41,14,67,0,0,0,67
09/28/2021,FSM,AR,ASW,ES,Combined TRACON& Tower with Radar,2,8,13,25,48,0,1,15,10,26,2,9,28,35,74,10,0,10,84
09/29/2021,FSM,AR,ASW,ES,Combined TRACON& Tower with Radar,2,7,20,6,35,0,0,21,6,27,2,7,41,12,62,0,0,0,62
09/30/2021,FSM,AR,ASW,ES,Combined TRACON& Tower with Radar,3,5,22,8,38,0,0,6,3,9,3,5,28,11,47,0,0,0,47
10/01/2021,FSM,AR,ASW,ES,Combined TRACON& Tower with Radar,5,7,16,1,29,0,0,0,0,0,5,7,16,1,29,0,0,0,29
10/02/2021,FSM,AR,ASW,ES,Combined TRACON& Tower with Radar,6,0,11,2,19,0,1,5,0,6,6,1,16,2,25,14,0,14,39
10/03/2021,FSM,AR,ASW,ES,Combined TRACON& Tower with Radar,3,7,14,14,38,0,0,22,1,23,3,7,36,15,61,0,0,0,61
10/04/2021,FSM,AR,ASW,ES,Combined TRACON& Tower with Radar,3,8,11,0,22,0,0,17,3,20,3,8,28,3,42,0,0,0,42
10/05/2021,FSM,AR,ASW,ES,Combined TRACON& Tower with Radar,2,9,20,31,62,0,0,27,12,39,2,9,47,43,101,14,0,14,115
10/06/2021,FSM,AR,ASW,ES,Combined TRACON& Tower with Radar,2,10,17,7,36,0,0,24,9,33,2,10,41,16,69,0,0,0,69
10/07/2021,FSM,AR,ASW,ES,Combined TRACON& Tower with Radar,5,10,22,23,60,0,1,22,4,27,5,11,44,27,87,6,24,30,117
10/08/2021,FSM,AR,ASW,ES,Combined TRACON& Tower with Radar,5,6,23,41,75,0,1,18,5,24,5,7,41,46,99,4,8,12,111
10/09/2021,FSM,AR,ASW,ES,Combined TRACON& Tower with Radar,4,6,14,0,24,0,2,17,0,19,4,8,31,0,43,7,0,7,50
10/10/2021,FSM,AR,ASW,ES,Combined TRACON& Tower with Radar,6,6,14,0,26,0,0,10,0,10,6,6,24,0,36,0,0,0,36
10/11/2021,FSM,AR,ASW,ES,Combined TRACON& Tower with Radar,4,5,9,1,19,0,0,15,3,18,4,5,24,4,37,0,0,0,37
10/12/2021,FSM,AR,ASW,ES,Combined TRACON& Tower with Radar,4,6,17,11,38,0,0,14,0,14,4,6,31,11,52,0,0,0,52
10/13/2021,FSM,AR,ASW,ES,Combined TRACON& Tower with Radar,3,7,9,0,19,0,0,1,0,1,3,7,10,0,20,0,0,0,20
10/14/2021,FSM,AR,ASW,ES,Combined TRACON& Tower with Radar,4,6,23,8,41,0,0,2,0,2,4,6,25,8,43,0,0,0,43
10/15/2021,FSM,AR,ASW,ES,Combined TRACON& Tower with Radar,4,7,23,46,80,0,0,5,0,5,4,7,28,46,85,6,14,20,105
10/16/2021,FSM,AR,ASW,ES,Combined TRACON& Tower with Radar,4,5,20,6,35,0,1,29,8,38,4,6,49,14,73,32,0,32,105
10/17/2021,FSM,AR,ASW,ES,Combined TRACON& Tower with Radar,5,8,18,9,40,0,1,37,3,41,5,9,55,12,81,0,0,0,81
10/18/2021,FSM,AR,ASW,ES,Combined TRACON& Tower with Radar,4,9,19,17,49,0,1,25,4,30,4,10,44,21,79,22,0,22,101
10/19/2021,FSM,AR,ASW,ES,Combined TRACON& Tower with Radar,4,8,13,36,61,0,0,33,8,41,4,8,46,44,102,0,0,0,102
10/20/2021,FSM,AR,ASW,ES,Combined TRACON& Tower with Radar,5,8,21,28,62,0,0,16,6,22,5,8,37,34,84,16,12,28,112
10/21/2021,FSM,AR,ASW,ES,Combined TRACON& Tower with Radar,3,8,20,27,58,0,1,33,6,40,3,9,53,33,98,0,0,0,98
10/22/2021,FSM,AR,ASW,ES,Combined TRACON& Tower with Radar,4,10,20,43,77,0,2,33,0,35,4,12,53,43,112,32,0,32,144
10/23/2021,FSM,AR,ASW,ES,Combined TRACON& Tower with Radar,6,9,7,18,40,0,0,24,0,24,6,9,31,18,64,36,0,36,100
10/24/2021,FSM,AR,ASW,ES,Combined TRACON& Tower with Radar,5,9,12,0,26,0,0,8,0,8,5,9,20,0,34,0,0,0,34
10/25/2021,FSM,AR,ASW,ES,Combined TRACON& Tower with Radar,4,9,14,17,44,0,1,33,8,42,4,10,47,25,86,0,0,0,86
10/26/2021,FSM,AR,ASW,ES,Combined TRACON& Tower with Radar,3,5,32,13,53,0,0,15,7,22,3,5,47,20,75,22,16,38,113
10/27/2021,FSM,AR,ASW,ES,Combined TRACON& Tower with Radar,5,4,12,0,21,0,0,1,0,1,5,4,13,0,22,0,0,0,22
10/28/2021,FSM,AR,ASW,ES,Combined TRACON& Tower with Radar,6,3,16,0,25,0,0,1,0,1,6,3,17,0,26,0,0,0,26
10/29/2021,FSM,AR,ASW,ES,Combined TRACON& Tower with Radar,5,7,19,4,35,0,1,2,0,3,5,8,21,4,38,0,0,0,38
10/30/2021,FSM,AR,ASW,ES,Combined TRACON& Tower with Radar,4,9,11,0,24,0,1,34,3,38,4,10,45,3,62,14,0,14,76
10/31/2021,FSM,AR,ASW,ES,Combined TRACON& Tower with Radar,5,11,28,0,44,0,0,39,1,40,5,11,67,1,84,0,0,0,84
11/01/2021,FSM,AR,ASW,ES,Combined TRACON& Tower with Radar,4,4,5,37,50,0,0,17,6,23,4,4,22,43,73,0,0,0,73
11/02/2021,FSM,AR,ASW,ES,Combined TRACON& Tower with Radar,5,7,3,28,43,0,0,0,0,0,5,7,3,28,43,0,0,0,43
11/03/2021,FSM,AR,ASW,ES,Combined TRACON& Tower with Radar,4,7,12,17,40,0,1,1,3,5,4,8,13,20,45,0,0,0,45
11/04/2021,FSM,AR,ASW,ES,Combined TRACON& Tower with Radar,4,5,22,41,72,0,1,17,6,24,4,6,39,47,96,0,0,0,96
11/05/2021,FSM,AR,ASW,ES,Combined TRACON& Tower with Radar,4,6,21,4,35,0,1,29,2,32,4,7,50,6,67,35,0,35,102
11/06/2021,FSM,AR,ASW,ES,Combined TRACON& Tower with Radar,2,6,20,5,33,0,3,46,3,52,2,9,66,8,85,0,0,0,85
11/07/2021,FSM,AR,ASW,ES,Combined TRACON& Tower with Radar,4,7,17,6,34,0,0,26,0,26,4,7,43,6,60,0,0,0,60
11/08/2021,FSM,AR,ASW,ES,Combined TRACON& Tower with Radar,4,5,25,28,62,0,2,19,5,26,4,7,44,33,88,0,0,0,88
11/09/2021,FSM,AR,ASW,ES,Combined TRACON& Tower with Radar,4,5,19,32,60,0,2,12,5,19,4,7,31,37,79,32,16,48,127
11/10/2021,FSM,AR,ASW,ES,Combined TRACON& Tower with Radar,4,6,9,4,23,0,0,8,3,11,4,6,17,7,34,0,0,0,34
11/11/2021,FSM,AR,ASW,ES,Combined TRACON& Tower with Radar,4,10,23,12,49,0,3,15,4,22,4,13,38,16,71,0,0,0,71
11/12/2021,FSM,AR,ASW,ES,Combined TRACON& Tower with Radar,4,12,16,24,56,0,0,20,1,21,4,12,36,25,77,6,0,6,83
11/13/2021,FSM,AR,ASW,ES,Combined TRACON& Tower with Radar,2,7,15,0,24,0,1,26,0,27,2,8,41,0,51,16,0,16,67
11/14/2021,FSM,AR,ASW,ES,Combined TRACON& Tower with Radar,4,5,6,0,15,0,1,27,0,28,4,6,33,0,43,48,0,48,91
11/15/2021,FSM,AR,ASW,ES,Combined TRACON& Tower with Radar,4,6,14,27,51,0,4,18,9,31,4,10,32,36,82,0,0,0,82
11/16/2021,FSM,AR,ASW,ES,Combined TRACON& Tower with Radar,4,11,15,40,70,0,0,17,8,25,4,11,32,48,95,24,0,24,119
11/17/2021,FSM,AR,ASW,ES,Combined TRACON& Tower with Radar,4,8,26,18,56,0,0,2,5,7,4,8,28,23,63,0,0,0,63
11/18/2021,FSM,AR,ASW,ES,Combined TRACON& Tower with Radar,4,10,34,13,61,0,0,26,14,40,4,10,60,27,101,18,0,18,119
11/19/2021,FSM,AR,ASW,ES,Combined TRACON& Tower with Radar,5,5,28,15,53,0,0,38,1,39,5,5,66,16,92,18,0,18,110
11/20/2021,FSM,AR,ASW,ES,Combined TRACON& Tower with Radar,6,7,5,0,18,0,0,13,0,13,6,7,18,0,31,0,0,0,31
11/21/2021,FSM,AR,ASW,ES,Combined TRACON& Tower with Radar,6,4,19,2,31,0,0,5,0,5,6,4,24,2,36,0,0,0,36
11/22/2021,FSM,AR,ASW,ES,Combined TRACON& Tower with Radar,5,5,17,4,31,0,2,29,2,33,5,7,46,6,64,0,0,0,64
11/23/2021,FSM,AR,ASW,ES,Combined TRACON& Tower with Radar,5,6,14,10,35,0,0,65,8,73,5,6,79,18,108,4,0,4,112
11/24/2021,FSM,AR,ASW,ES,Combined TRACON& Tower with Radar,6,4,16,2,28,0,1,11,0,12,6,5,27,2,40,26,0,26,66
11/25/2021,FSM,AR,ASW,ES,Combined TRACON& Tower with Radar,1,2,3,0,6,0,0,4,0,4,1,2,7,0,10,0,0,0,10
11/26/2021,FSM,AR,ASW,ES,Combined TRACON& Tower with Radar,5,1,9,0,15,0,3,27,0,30,5,4,36,0,45,8,0,8,53
11/27/2021,FSM,AR,ASW,ES,Combined TRACON& Tower with Radar,3,5,14,0,22,0,2,31,0,33,3,7,45,0,55,12,0,12,67
11/28/2021,FSM,AR,ASW,ES,Combined TRACON& Tower with Radar,7,3,16,0,26,0,0,30,0,30,7,3,46,0,56,8,0,8,64
11/29/2021,FSM,AR,ASW,ES,Combined TRACON& Tower with Radar,5,4,15,27,51,0,0,28,9,37,5,4,43,36,88,58,6,64,152
11/30/2021,FSM,AR,ASW,ES,Combined TRACON& Tower with Radar,6,3,28,20,57,0,1,25,0,26,6,4,53,20,83,14,6,20,103
12/01/2021,FSM,AR,ASW,ES,Combined TRACON& Tower with Radar,5,6,15,5,31,0,1,17,4,22,5,7,32,9,53,30,0,30,83
12/02/2021,FSM,AR,ASW,ES,Combined TRACON& Tower with Radar,6,8,22,27,63,0,0,37,6,43,6,8,59,33,106,8,0,8,114
12/03/2021,FSM,AR,ASW,ES,Combined TRACON& Tower with Radar,7,3,20,2,32,0,0,27,1,28,7,3,47,3,60,16,24,40,100
12/04/2021,FSM,AR,ASW,ES,Combined TRACON& Tower with Radar,6,13,16,7,42,0,1,5,1,7,6,14,21,8,49,0,0,0,49
12/05/2021,FSM,AR,ASW,ES,Combined TRACON& Tower with Radar,7,8,10,0,25,0,1,5,1,7,7,9,15,1,32,0,0,0,32
12/06/2021,FSM,AR,ASW,ES,Combined TRACON& Tower with Radar,8,7,12,0,27,0,3,14,0,17,8,10,26,0,44,0,0,0,44
12/07/2021,FSM,AR,ASW,ES,Combined TRACON& Tower with Radar,8,1,29,7,45,0,0,16,3,19,8,1,45,10,64,34,0,34,98
12/08/2021,FSM,AR,ASW,ES,Combined TRACON& Tower with Radar,7,5,18,26,56,0,0,18,8,26,7,5,36,34,82,38,16,54,136
12/09/2021,FSM,AR,ASW,ES,Combined TRACON& Tower with Radar,6,6,18,13,43,0,0,19,2,21,6,6,37,15,64,4,4,8,72
12/10/2021,FSM,AR,ASW,ES,Combined TRACON& Tower with Radar,7,2,22,12,43,0,1,6,0,7,7,3,28,12,50,0,0,0,50
12/11/2021,FSM,AR,ASW,ES,Combined TRACON& Tower with Radar,6,3,12,0,21,0,0,18,0,18,6,3,30,0,39,0,0,0,39
12/12/2021,FSM,AR,ASW,ES,Combined TRACON& Tower with Radar,7,5,13,7,32,0,0,29,0,29,7,5,42,7,61,26,0,26,87
12/13/2021,FSM,AR,ASW,ES,Combined TRACON& Tower with Radar,8,6,11,16,41,0,1,27,3,31,8,7,38,19,72,16,6,22,94
12/14/2021,FSM,AR,ASW,ES,Combined TRACON& Tower with Radar,8,2,20,12,42,0,0,5,0,5,8,2,25,12,47,0,0,0,47
12/15/2021,FSM,AR,ASW,ES,Combined TRACON& Tower with Radar,8,4,15,5,32,0,1,2,3,6,8,5,17,8,38,0,0,0,38
12/16/2021,FSM,AR,ASW,ES,Combined TRACON& Tower with Radar,3,7,18,9,37,0,0,17,7,24,3,7,35,16,61,30,4,34,95
12/17/2021,FSM,AR,ASW,ES,Combined TRACON& Tower with Radar,2,7,8,0,17,0,0,0,0,0,2,7,8,0,17,0,0,0,17
12/18/2021,FSM,AR,ASW,ES,Combined TRACON& Tower with Radar,2,10,12,4,28,0,0,8,0,8,2,10,20,4,36,0,0,0,36
12/19/2021,FSM,AR,ASW,ES,Combined TRACON& Tower with Radar,2,5,13,2,22,0,2,7,0,9,2,7,20,2,31,0,0,0,31
12/20/2021,FSM,AR,ASW,ES,Combined TRACON& Tower with Radar,2,7,8,13,30,0,0,26,4,30,2,7,34,17,60,0,0,0,60
12/21/2021,FSM,AR,ASW,ES,Combined TRACON& Tower with Radar,2,5,12,4,23,0,0,27,0,27,2,5,39,4,50,14,0,14,64
12/22/2021,FSM,AR,ASW,ES,Combined TRACON& Tower with Radar,2,9,9,10,30,0,2,21,0,23,2,11,30,10,53,40,0,40,93
12/23/2021,FSM,AR,ASW,ES,Combined TRACON& Tower with Radar,1,6,25,2,34,0,0,15,0,15,1,6,40,2,49,0,0,0,49
12/24/2021,FSM,AR,ASW,ES,Combined TRACON& Tower with Radar,0,9,2,0,11,0,0,0,0,0,0,9,2,0,11,0,0,0,11
12/25/2021,FSM,AR,ASW,ES,Combined TRACON& Tower with Radar,2,3,6,0,11,0,0,2,0,2,2,3,8,0,13,0,0,0,13
12/26/2021,FSM,AR,ASW,ES,Combined TRACON& Tower with Radar,2,12,28,0,42,0,2,11,1,14,2,14,39,1,56,0,0,0,56
12/27/2021,FSM,AR,ASW,ES,Combined TRACON& Tower with Radar,2,11,12,0,25,0,2,27,0,29,2,13,39,0,54,0,0,0,54
12/28/2021,FSM,AR,ASW,ES,Combined TRACON& Tower with Radar,0,13,7,2,22,0,2,7,0,9,0,15,14,2,31,0,10,10,41
12/29/2021,FSM,AR,ASW,ES,Combined TRACON& Tower with Radar,0,10,15,0,25,0,1,5,0,6,0,11,20,0,31,14,0,14,45
12/30/2021,FSM,AR,ASW,ES,Combined TRACON& Tower with Radar,2,9,19,20,50,0,0,39,0,39,2,9,58,20,89,0,0,0,89
12/31/2021,FSM,AR,ASW,ES,Combined TRACON& Tower with Radar,0,15,10,0,25,0,0,29,0,29,0,15,39,0,54,0,0,0,54
01/01/2022,FSM,AR,ASW,ES,Combined TRACON& Tower with Radar,2,7,8,0,17,0,0,0,0,0,2,7,8,0,17,0,0,0,17
01/02/2022,FSM,AR,ASW,ES,Combined TRACON& Tower with Radar,2,8,9,0,19,0,1,2,0,3,2,9,11,0,22,0,0,0,22
01/03/2022,FSM,AR,ASW,ES,Combined TRACON& Tower with Radar,2,11,25,0,38,0,0,25,1,26,2,11,50,1,64,4,0,4,68
01/04/2022,FSM,AR,ASW,ES,Combined TRACON& Tower with Radar,3,10,6,4,23,0,2,16,2,20,3,12,22,6,43,0,0,0,43
01/05/2022,FSM,AR,ASW,ES,Combined TRACON& Tower with Radar,3,6,12,6,27,0,0,16,5,21,3,6,28,11,48,44,6,50,98
01/06/2022,FSM,AR,ASW,ES,Combined TRACON& Tower with Radar,3,7,9,12,31,0,2,8,10,20,3,9,17,22,51,0,36,36,87
01/07/2022,FSM,AR,ASW,ES,Combined TRACON& Tower with Radar,3,11,8,38,60,0,0,11,4,15,3,11,19,42,75,0,0,0,75
01/08/2022,FSM,AR,ASW,ES,Combined TRACON& Tower with Radar,2,10,4,0,16,0,0,0,0,0,2,10,4,0,16,0,0,0,16
01/09/2022,FSM,AR,ASW,ES,Combined TRACON& Tower with Radar,3,12,10,3,28,0,0,7,0,7,3,12,17,3,35,0,0,0,35
01/10/2022,FSM,AR,ASW,ES,Combined TRACON& Tower with Radar,4,6,10,31,51,0,0,17,10,27,4,6,27,41,78,40,30,70,148
01/11/2022,FSM,AR,ASW,ES,Combined TRACON& Tower with Radar,4,4,7,18,33,0,0,16,11,27,4,4,23,29,60,22,44,66,126
01/12/2022,FSM,AR,ASW,ES,Combined TRACON& Tower with Radar,3,8,13,27,51,0,3,19,10,32,3,11,32,37,83,62,26,88,171
01/13/2022,FSM,AR,ASW,ES,Combined TRACON& Tower with Radar,3,7,23,34,67,0,0,19,7,26,3,7,42,41,93,24,10,34,127
01/14/2022,FSM,AR,ASW,ES,Combined TRACON& Tower with Radar,3,6,12,44,65,0,1,23,0,24,3,7,35,44,89,8,6,14,103
01/15/2022,FSM,AR,ASW,ES,Combined TRACON& Tower with Radar,1,8,0,0,9,0,0,0,0,0,1,8,0,0,9,0,0,0,9
01/16/2022,FSM,AR,ASW,ES,Combined TRACON& Tower with Radar,3,9,9,0,21,0,0,2,0,2,3,9,11,0,23,0,0,0,23
01/17/2022,FSM,AR,ASW,ES,Combined TRACON& Tower with Radar,3,12,23,2,40,0,2,23,2,27,3,14,46,4,67,72,0,72,139
01/18/2022,FSM,AR,ASW,ES,Combined TRACON& Tower with Radar,4,9,21,56,90,0,0,15,21,36,4,9,36,77,126,16,16,32,158
01/19/2022,FSM,AR,ASW,ES,Combined TRACON& Tower with Radar,3,10,8,1,22,0,0,3,0,3,3,10,11,1,25,0,0,0,25
01/20/2022,FSM,AR,ASW,ES,Combined TRACON& Tower with Radar,3,7,6,26,42,0,1,14,5,20,3,8,20,31,62,10,18,28,90
01/21/2022,FSM,AR,ASW,ES,Combined TRACON& Tower with Radar,3,11,27,40,81,0,2,27,7,36,3,13,54,47,117,18,20,38,155
01/22/2022,FSM,AR,ASW,ES,Combined TRACON& Tower with Radar,2,6,13,6,27,0,1,35,0,36,2,7,48,6,63,0,0,0,63
01/23/2022,FSM,AR,ASW,ES,Combined TRACON& Tower with Radar,3,9,17,4,33,0,0,12,3,15,3,9,29,7,48,8,0,8,56
01/24/2022,FSM,AR,ASW,ES,Combined TRACON& Tower with Radar,4,6,11,38,59,0,0,29,6,35,4,6,40,44,94,0,0,0,94
01/25/2022,FSM,AR,ASW,ES,Combined TRACON& Tower with Radar,4,4,7,58,73,0,0,19,25,44,4,4,26,83,117,0,44,44,161
01/26/2022,FSM,AR,ASW,ES,Combined TRACON& Tower with Radar,3,7,14,30,54,0,1,8,8,17,3,8,22,38,71,0,0,0,71
01/27/2022,FSM,AR,ASW,ES,Combined TRACON& Tower with Radar,3,9,15,7,34,0,1,10,7,18,3,10,25,14,52,16,0,16,68
01/28/2022,FSM,AR,ASW,ES,Combined TRACON& Tower with Radar,3,6,17,11,37,0,2,8,1,11,3,8,25,12,48,0,0,0,48
01/29/2022,FSM,AR,ASW,ES,Combined TRACON& Tower with Radar,2,10,14,0,26,0,5,26,1,32,2,15,40,1,58,0,0,0,58
01/30/2022,FSM,AR,ASW,ES,Combined TRACON& Tower with Radar,3,13,18,2,36,0,1,23,1,25,3,14,41,3,61,0,0,0,61
01/31/2022,FSM,AR,ASW,ES,Combined TRACON& Tower with Radar,5,8,20,18,51,0,2,14,2,18,5,10,34,20,69,0,0,0,69
02/01/2022,FSM,AR,ASW,ES,Combined TRACON& Tower with Radar,2,6,11,3,22,0,0,6,0,6,2,6,17,3,28,0,0,0,28
02/02/2022,FSM,AR,ASW,ES,Combined TRACON& Tower with Radar,2,6,3,2,13,0,0,0,0,0,2,6,3,2,13,0,0,0,13
02/03/2022,FSM,AR,ASW,ES,Combined TRACON& Tower with Radar,0,0,0,0,0,0,0,0,0,0,0,0,0,0,0,0,0,0,0
02/04/2022,FSM,AR,ASW,ES,Combined TRACON& Tower with Radar,0,4,7,0,11,0,0,2,0,2,0,4,9,0,13,0,0,0,13
02/05/2022,FSM,AR,ASW,ES,Combined TRACON& Tower with Radar,2,8,11,1,22,0,2,26,1,29,2,10,37,2,51,0,0,0,51
02/06/2022,FSM,AR,ASW,ES,Combined TRACON& Tower with Radar,3,9,9,4,25,0,1,26,0,27,3,10,35,4,52,24,4,28,80
02/07/2022,FSM,AR,ASW,ES,Combined TRACON& Tower with Radar,4,11,25,37,77,0,1,31,7,39,4,12,56,44,116,20,16,36,152
02/08/2022,FSM,AR,ASW,ES,Combined TRACON& Tower with Radar,4,5,22,59,90,0,3,30,9,42,4,8,52,68,132,20,20,40,172
02/09/2022,FSM,AR,ASW,ES,Combined TRACON& Tower with Radar,2,9,12,20,43,0,3,41,2,46,2,12,53,22,89,0,0,0,89
02/10/2022,FSM,AR,ASW,ES,Combined TRACON& Tower with Radar,2,8,12,23,45,0,4,24,12,40,2,12,36,35,85,0,0,0,85
02/11/2022,FSM,AR,ASW,ES,Combined TRACON& Tower with Radar,4,9,16,68,97,0,1,15,7,23,4,10,31,75,120,10,10,20,140
02/12/2022,FSM,AR,ASW,ES,Combined TRACON& Tower with Radar,2,12,5,26,45,0,8,10,18,36,2,20,15,44,81,20,0,20,101
02/13/2022,FSM,AR,ASW,ES,Combined TRACON& Tower with Radar,3,8,13,4,28,0,1,17,0,18,3,9,30,4,46,0,0,0,46
02/14/2022,FSM,AR,ASW,ES,Combined TRACON& Tower with Radar,2,15,18,41,76,0,0,30,1,31,2,15,48,42,107,16,10,26,133
02/15/2022,FSM,AR,ASW,ES,Combined TRACON& Tower with Radar,4,9,22,20,55,0,1,16,1,18,4,10,38,21,73,0,0,0,73
02/16/2022,FSM,AR,ASW,ES,Combined TRACON& Tower with Radar,1,12,17,0,30,0,0,2,1,3,1,12,19,1,33,0,0,0,33
02/17/2022,FSM,AR,ASW,ES,Combined TRACON& Tower with Radar,2,9,10,2,23,0,0,0,0,0,2,9,10,2,23,0,0,0,23
02/18/2022,FSM,AR,ASW,ES,Combined TRACON& Tower with Radar,1,10,20,24,55,0,0,39,4,43,1,10,59,28,98,60,6,66,164
02/19/2022,FSM,AR,ASW,ES,Combined TRACON& Tower with Radar,2,13,14,0,29,0,2,27,0,29,2,15,41,0,58,18,0,18,76
02/20/2022,FSM,AR,ASW,ES,Combined TRACON& Tower with Radar,1,9,18,10,38,0,0,13,3,16,1,9,31,13,54,0,0,0,54
02/21/2022,FSM,AR,ASW,ES,Combined TRACON& Tower with Radar,3,12,17,0,32,0,0,9,0,9,3,12,26,0,41,48,0,48,89
02/22/2022,FSM,AR,ASW,ES,Combined TRACON& Tower with Radar,2,6,12,19,39,0,1,0,0,1,2,7,12,19,40,0,0,0,40
02/23/2022,FSM,AR,ASW,ES,Combined TRACON& Tower with Radar,0,0,0,0,0,0,0,0,0,0,0,0,0,0,0,0,0,0,0
02/24/2022,FSM,AR,ASW,ES,Combined TRACON& Tower with Radar,0,0,3,0,3,0,0,0,0,0,0,0,3,0,3,0,0,0,3
02/25/2022,FSM,AR,ASW,ES,Combined TRACON& Tower with Radar,2,12,11,20,45,0,0,3,0,3,2,12,14,20,48,0,0,0,48
02/26/2022,FSM,AR,ASW,ES,Combined TRACON& Tower with Radar,2,12,4,0,18,0,2,5,2,9,2,14,9,2,27,8,0,8,35
02/27/2022,FSM,AR,ASW,ES,Combined TRACON& Tower with Radar,1,8,15,18,42,0,2,18,0,20,1,10,33,18,62,6,0,6,68
02/28/2022,FSM,AR,ASW,ES,Combined TRACON& Tower with Radar,4,12,24,30,70,0,1,22,11,34,4,13,46,41,104,30,0,30,134
03/01/2022,FSM,AR,ASW,ES,Combined TRACON& Tower with Radar,4,9,17,55,85,0,0,29,26,55,4,9,46,81,140,46,42,88,228
03/02/2022,FSM,AR,ASW,ES,Combined TRACON& Tower with Radar,3,11,16,37,67,0,0,36,12,48,3,11,52,49,115,12,14,26,141
03/03/2022,FSM,AR,ASW,ES,Combined TRACON& Tower with Radar,4,13,23,8,48,0,0,37,7,44,4,13,60,15,92,10,0,10,102
03/04/2022,FSM,AR,ASW,ES,Combined TRACON& Tower with Radar,4,12,19,61,96,0,0,19,12,31,4,12,38,73,127,0,26,26,153
03/05/2022,FSM,AR,ASW,ES,Combined TRACON& Tower with Radar,4,9,10,0,23,0,0,1,0,1,4,9,11,0,24,0,0,0,24
03/06/2022,FSM,AR,ASW,ES,Combined TRACON& Tower with Radar,4,7,4,0,15,0,0,8,0,8,4,7,12,0,23,0,0,0,23
03/07/2022,FSM,AR,ASW,ES,Combined TRACON& Tower with Radar,4,9,19,13,45,0,0,11,3,14,4,9,30,16,59,0,0,0,59
03/08/2022,FSM,AR,ASW,ES,Combined TRACON& Tower with Radar,4,10,21,30,65,0,0,15,10,25,4,10,36,40,90,0,0,0,90
03/09/2022,FSM,AR,ASW,ES,Combined TRACON& Tower with Radar,4,7,27,37,75,0,0,38,11,49,4,7,65,48,124,16,38,54,178
03/10/2022,FSM,AR,ASW,ES,Combined TRACON& Tower with Radar,4,7,27,37,75,0,1,17,10,28,4,8,44,47,103,0,20,20,123
03/11/2022,FSM,AR,ASW,ES,Combined TRACON& Tower with Radar,4,8,7,1,20,0,0,2,0,2,4,8,9,1,22,0,0,0,22
03/12/2022,FSM,AR,ASW,ES,Combined TRACON& Tower with Radar,4,4,21,6,35,0,2,26,4,32,4,6,47,10,67,36,0,36,103
03/13/2022,FSM,AR,ASW,ES,Combined TRACON& Tower with Radar,4,6,10,0,20,0,0,22,0,22,4,6,32,0,42,0,0,0,42
03/14/2022,FSM,AR,ASW,ES,Combined TRACON& Tower with Radar,4,7,13,18,42,0,0,11,2,13,4,7,24,20,55,0,0,0,55
03/15/2022,FSM,AR,ASW,ES,Combined TRACON& Tower with Radar,4,8,16,12,40,0,0,15,16,31,4,8,31,28,71,26,52,78,149
03/16/2022,FSM,AR,ASW,ES,Combined TRACON& Tower with Radar,4,7,8,25,44,0,0,31,8,39,4,7,39,33,83,2,8,10,93
03/17/2022,FSM,AR,ASW,ES,Combined TRACON& Tower with Radar,4,10,17,44,75,0,1,37,9,47,4,11,54,53,122,0,16,16,138
03/18/2022,FSM,AR,ASW,ES,Combined TRACON& Tower with Radar,4,12,16,14,46,0,0,3,0,3,4,12,19,14,49,0,0,0,49
03/19/2022,FSM,AR,ASW,ES,Combined TRACON& Tower with Radar,3,5,16,0,24,0,4,21,0,25,3,9,37,0,49,0,0,0,49
03/20/2022,FSM,AR,ASW,ES,Combined TRACON& Tower with Radar,5,6,17,1,29,0,0,24,0,24,5,6,41,1,53,44,0,44,97
03/21/2022,FSM,AR,ASW,ES,Combined TRACON& Tower with Radar,3,9,16,3,31,0,0,4,3,7,3,9,20,6,38,12,10,22,60
03/22/2022,FSM,AR,ASW,ES,Combined TRACON& Tower with Radar,4,7,5,16,32,0,0,4,1,5,4,7,9,17,37,14,24,38,75
03/23/2022,FSM,AR,ASW,ES,Combined TRACON& Tower with Radar,4,8,6,11,29,0,1,4,4,9,4,9,10,15,38,0,24,24,62
03/24/2022,FSM,AR,ASW,ES,Combined TRACON& Tower with Radar,4,10,13,37,64,0,1,15,10,26,4,11,28,47,90,0,26,26,116
03/25/2022,FSM,AR,ASW,ES,Combined TRACON& Tower with Radar,4,9,21,51,85,0,1,28,10,39,4,10,49,61,124,8,16,24,148
03/26/2022,FSM,AR,ASW,ES,Combined TRACON& Tower with Radar,4,9,23,15,51,0,2,39,11,52,4,11,62,26,103,16,0,16,119
03/27/2022,FSM,AR,ASW,ES,Combined TRACON& Tower with Radar,4,8,6,16,34,0,1,14,2,17,4,9,20,18,51,0,0,0,51
03/28/2022,FSM,AR,ASW,ES,Combined TRACON& Tower with Radar,4,10,21,42,77,0,0,21,10,31,4,10,42,52,108,0,32,32,140
03/29/2022,FSM,AR,ASW,ES,Combined TRACON& Tower with Radar,4,9,11,5,29,0,1,5,2,8,4,10,16,7,37,10,0,10,47
03/30/2022,FSM,AR,ASW,ES,Combined TRACON& Tower with Radar,4,6,2,1,13,0,0,1,1,2,4,6,3,2,15,0,0,0,15
03/31/2022,FSM,AR,ASW,ES,Combined TRACON& Tower with Radar,4,9,17,2,32,0,1,13,2,16,4,10,30,4,48,0,0,0,48
04/01/2022,FSM,AR,ASW,ES,Combined TRACON& Tower with Radar,4,10,14,13,41,0,0,27,7,34,4,10,41,20,75,0,0,0,75
04/02/2022,FSM,AR,ASW,ES,Combined TRACON& Tower with Radar,4,6,19,11,40,0,0,29,5,34,4,6,48,16,74,18,2,20,94
04/03/2022,FSM,AR,ASW,ES,Combined TRACON& Tower with Radar,4,10,23,3,40,0,0,22,1,23,4,10,45,4,63,54,0,54,117
04/04/2022,FSM,AR,ASW,ES,Combined TRACON& Tower with Radar,4,9,12,1,26,0,0,4,3,7,4,9,16,4,33,0,0,0,33
04/05/2022,FSM,AR,ASW,ES,Combined TRACON& Tower with Radar,4,7,13,4,28,0,2,17,3,22,4,9,30,7,50,10,0,10,60
04/06/2022,FSM,AR,ASW,ES,Combined TRACON& Tower with Radar,4,5,22,7,38,0,0,5,12,17,4,5,27,19,55,0,0,0,55
04/07/2022,FSM,AR,ASW,ES,Combined TRACON& Tower with Radar,4,7,10,7,28,0,1,6,5,12,4,8,16,12,40,12,0,12,52
04/08/2022,FSM,AR,ASW,ES,Combined TRACON& Tower with Radar,4,10,10,28,52,0,1,19,0,20,4,11,29,28,72,0,0,0,72
04/09/2022,FSM,AR,ASW,ES,Combined TRACON& Tower with Radar,4,7,18,2,31,0,0,32,2,34,4,7,50,4,65,32,0,32,97
04/10/2022,FSM,AR,ASW,ES,Combined TRACON& Tower with Radar,4,12,9,6,31,0,2,16,4,22,4,14,25,10,53,0,0,0,53
04/11/2022,FSM,AR,ASW,ES,Combined TRACON& Tower with Radar,4,8,12,2,26,0,0,0,0,0,4,8,12,2,26,10,0,10,36
04/12/2022,FSM,AR,ASW,ES,Combined TRACON& Tower with Radar,3,13,15,9,40,0,3,5,2,10,3,16,20,11,50,10,20,30,80
04/13/2022,FSM,AR,ASW,ES,Combined TRACON& Tower with Radar,3,7,13,0,23,0,0,5,0,5,3,7,18,0,28,0,0,0,28
04/14/2022,FSM,AR,ASW,ES,Combined TRACON& Tower with Radar,4,6,17,27,54,0,3,29,22,54,4,9,46,49,108,12,40,52,160
04/15/2022,FSM,AR,ASW,ES,Combined TRACON& Tower with Radar,4,6,18,0,28,0,0,30,2,32,4,6,48,2,60,0,0,0,60
04/16/2022,FSM,AR,ASW,ES,Combined TRACON& Tower with Radar,4,5,7,0,16,0,0,2,0,2,4,5,9,0,18,56,0,56,74
04/17/2022,FSM,AR,ASW,ES,Combined TRACON& Tower with Radar,4,8,6,0,18,0,0,1,0,1,4,8,7,0,19,0,0,0,19
04/18/2022,FSM,AR,ASW,ES,Combined TRACON& Tower with Radar,4,10,24,12,50,0,2,20,8,30,4,12,44,20,80,94,22,116,196
04/19/2022,FSM,AR,ASW,ES,Combined TRACON& Tower with Radar,4,7,23,8,42,2,1,31,15,49,6,8,54,23,91,16,24,40,131
04/20/2022,FSM,AR,ASW,ES,Combined TRACON& Tower with Radar,4,13,9,1,27,0,0,1,0,1,4,13,10,1,28,0,0,0,28
04/21/2022,FSM,AR,ASW,ES,Combined TRACON& Tower with Radar,4,16,28,0,48,0,0,10,1,11,4,16,38,1,59,0,0,0,59
04/22/2022,FSM,AR,ASW,ES,Combined TRACON& Tower with Radar,4,4,16,4,28,0,1,18,2,21,4,5,34,6,49,0,0,0,49
04/23/2022,FSM,AR,ASW,ES,Combined TRACON& Tower with Radar,4,6,7,0,17,0,0,8,1,9,4,6,15,1,26,0,0,0,26
04/24/2022,FSM,AR,ASW,ES,Combined TRACON& Tower with Radar,2,6,9,0,17,0,0,5,0,5,2,6,14,0,22,0,0,0,22
04/25/2022,FSM,AR,ASW,ES,Combined TRACON& Tower with Radar,4,7,6,7,24,0,0,24,5,29,4,7,30,12,53,18,4,22,75
04/26/2022,FSM,AR,ASW,ES,Combined TRACON& Tower with Radar,4,7,31,0,42,0,1,42,1,44,4,8,73,1,86,50,0,50,136
04/27/2022,FSM,AR,ASW,ES,Combined TRACON& Tower with Radar,4,8,25,8,45,0,0,27,2,29,4,8,52,10,74,12,0,12,86
04/28/2022,FSM,AR,ASW,ES,Combined TRACON& Tower with Radar,4,10,15,0,29,0,0,11,0,11,4,10,26,0,40,3,0,3,43
04/29/2022,FSM,AR,ASW,ES,Combined TRACON& Tower with Radar,4,6,13,6,29,0,0,5,3,8,4,6,18,9,37,1,6,7,44
04/30/2022,FSM,AR,ASW,ES,Combined TRACON& Tower with Radar,4,6,9,0,19,0,0,18,0,18,4,6,27,0,37,26,0,26,63
05/01/2022,FSM,AR,ASW,ES,Combined TRACON& Tower with Radar,4,6,9,0,19,0,0,46,0,46,4,6,55,0,65,72,0,72,137
05/02/2022,FSM,AR,ASW,ES,Combined TRACON& Tower with Radar,4,14,15,2,35,0,0,0,0,0,4,14,15,2,35,0,0,0,35
05/03/2022,FSM,AR,ASW,ES,Combined TRACON& Tower with Radar,4,6,13,0,23,0,0,4,2,6,4,6,17,2,29,14,0,14,43
05/04/2022,FSM,AR,ASW,ES,Combined TRACON& Tower with Radar,3,12,21,12,48,0,0,2,2,4,3,12,23,14,52,0,0,0,52
05/05/2022,FSM,AR,ASW,ES,Combined TRACON& Tower with Radar,3,9,8,0,20,0,0,0,0,0,3,9,8,0,20,0,0,0,20
05/06/2022,FSM,AR,ASW,ES,Combined TRACON& Tower with Radar,3,7,20,3,33,0,0,15,4,19,3,7,35,7,52,0,30,30,82
05/07/2022,FSM,AR,ASW,ES,Combined TRACON& Tower with Radar,4,3,22,1,30,0,0,33,0,33,4,3,55,1,63,12,0,12,75
05/08/2022,FSM,AR,ASW,ES,Combined TRACON& Tower with Radar,4,6,19,8,37,0,0,17,1,18,4,6,36,9,55,0,0,0,55
05/09/2022,FSM,AR,ASW,ES,Combined TRACON& Tower with Radar,4,6,16,6,32,0,1,12,2,15,4,7,28,8,47,0,0,0,47
05/10/2022,FSM,AR,ASW,ES,Combined TRACON& Tower with Radar,4,6,22,2,34,0,1,15,7,23,4,7,37,9,57,34,18,52,109
05/11/2022,FSM,AR,ASW,ES,Combined TRACON& Tower with Radar,4,6,21,4,35,0,0,11,7,18,4,6,32,11,53,20,0,20,73
05/12/2022,FSM,AR,ASW,ES,Combined TRACON& Tower with Radar,4,5,31,0,40,0,1,36,5,42,4,6,67,5,82,12,0,12,94
05/13/2022,FSM,AR,ASW,ES,Combined TRACON& Tower with Radar,4,5,23,2,34,0,1,16,4,21,4,6,39,6,55,16,0,16,71
05/14/2022,FSM,AR,ASW,ES,Combined TRACON& Tower with Radar,4,5,20,2,31,0,2,39,1,42,4,7,59,3,73,0,0,0,73
05/15/2022,FSM,AR,ASW,ES,Combined TRACON& Tower with Radar,1,8,16,0,25,0,0,21,1,22,1,8,37,1,47,8,0,8,55
05/16/2022,FSM,AR,ASW,ES,Combined TRACON& Tower with Radar,4,4,27,0,35,0,0,42,6,48,4,4,69,6,83,6,1,7,90
05/17/2022,FSM,AR,ASW,ES,Combined TRACON& Tower with Radar,4,4,9,2,19,0,2,22,8,32,4,6,31,10,51,0,0,0,51
05/18/2022,FSM,AR,ASW,ES,Combined TRACON& Tower with Radar,4,4,33,7,48,0,0,29,9,38,4,4,62,16,86,18,0,18,104
05/19/2022,FSM,AR,ASW,ES,Combined TRACON& Tower with Radar,4,9,18,4,35,0,1,23,8,32,4,10,41,12,67,12,0,12,79
05/20/2022,FSM,AR,ASW,ES,Combined TRACON& Tower with Radar,4,7,20,0,31,0,0,23,6,29,4,7,43,6,60,0,0,0,60
05/21/2022,FSM,AR,ASW,ES,Combined TRACON& Tower with Radar,3,3,6,0,12,0,1,2,0,3,3,4,8,0,15,0,0,0,15
05/22/2022,FSM,AR,ASW,ES,Combined TRACON& Tower with Radar,5,8,11,0,24,0,1,16,1,18,5,9,27,1,42,0,0,0,42
05/23/2022,FSM,AR,ASW,ES,Combined TRACON& Tower with Radar,4,4,15,3,26,0,0,5,0,5,4,4,20,3,31,34,0,34,65
05/24/2022,FSM,AR,ASW,ES,Combined TRACON& Tower with Radar,5,6,6,0,17,0,0,0,0,0,5,6,6,0,17,0,0,0,17
05/25/2022,FSM,AR,ASW,ES,Combined TRACON& Tower with Radar,3,7,4,2,16,0,0,9,6,15,3,7,13,8,31,10,0,10,41
05/26/2022,FSM,AR,ASW,ES,Combined TRACON& Tower with Radar,6,6,16,7,35,0,0,3,4,7,6,6,19,11,42,6,4,10,52
05/27/2022,FSM,AR,ASW,ES,Combined TRACON& Tower with Radar,4,5,18,4,31,0,3,38,1,42,4,8,56,5,73,10,2,12,85
05/28/2022,FSM,AR,ASW,ES,Combined TRACON& Tower with Radar,4,3,10,6,23,0,0,28,2,30,4,3,38,8,53,0,0,0,53
05/29/2022,FSM,AR,ASW,ES,Combined TRACON& Tower with Radar,4,2,11,0,17,0,0,14,0,14,4,2,25,0,31,16,0,16,47
05/30/2022,FSM,AR,ASW,ES,Combined TRACON& Tower with Radar,4,11,18,0,33,0,0,14,0,14,4,11,32,0,47,0,0,0,47
05/31/2022,FSM,AR,ASW,ES,Combined TRACON& Tower with Radar,4,4,15,8,31,0,0,11,8,19,4,4,26,16,50,0,0,0,50
06/01/2022,FSM,AR,ASW,ES,Combined TRACON& Tower with Radar,3,9,5,1,18,0,0,8,0,8,3,9,13,1,26,0,0,0,26
06/02/2022,FSM,AR,ASW,ES,Combined TRACON& Tower with Radar,4,9,21,0,34,0,1,14,1,16,4,10,35,1,50,24,0,24,74
06/03/2022,FSM,AR,ASW,ES,Combined TRACON& Tower with Radar,3,7,18,9,37,0,0,46,19,65,3,7,64,28,102,6,8,14,116
06/04/2022,FSM,AR,ASW,ES,Combined TRACON& Tower with Radar,3,4,6,2,15,0,0,32,2,34,3,4,38,4,49,6,0,6,55
06/05/2022,FSM,AR,ASW,ES,Combined TRACON& Tower with Radar,3,8,7,0,18,0,0,12,1,13,3,8,19,1,31,0,0,0,31
06/06/2022,FSM,AR,ASW,ES,Combined TRACON& Tower with Radar,3,7,7,3,20,0,2,9,3,14,3,9,16,6,34,0,0,0,34
06/07/2022,FSM,AR,ASW,ES,Combined TRACON& Tower with Radar,3,6,13,0,22,0,0,4,2,6,3,6,17,2,28,16,0,16,44
06/08/2022,FSM,AR,ASW,ES,Combined TRACON& Tower with Radar,3,8,17,0,28,0,0,7,2,9,3,8,24,2,37,0,0,0,37
06/09/2022,FSM,AR,ASW,ES,Combined TRACON& Tower with Radar,3,5,18,2,28,0,1,28,4,33,3,6,46,6,61,22,0,22,83
06/10/2022,FSM,AR,ASW,ES,Combined TRACON& Tower with Radar,3,6,19,0,28,0,0,14,3,17,3,6,33,3,45,4,0,4,49
06/11/2022,FSM,AR,ASW,ES,Combined TRACON& Tower with Radar,3,6,7,1,17,0,1,25,8,34,3,7,32,9,51,16,0,16,67
06/12/2022,FSM,AR,ASW,ES,Combined TRACON& Tower with Radar,3,6,16,5,30,0,0,10,2,12,3,6,26,7,42,0,0,0,42
06/13/2022,FSM,AR,ASW,ES,Combined TRACON& Tower with Radar,3,4,11,0,18,0,6,21,4,31,3,10,32,4,49,12,0,12,61
06/14/2022,FSM,AR,ASW,ES,Combined TRACON& Tower with Radar,3,7,22,7,39,0,1,19,3,23,3,8,41,10,62,0,0,0,62
06/15/2022,FSM,AR,ASW,ES,Combined TRACON& Tower with Radar,3,16,22,0,41,0,0,22,2,24,3,16,44,2,65,0,0,0,65
06/16/2022,FSM,AR,ASW,ES,Combined TRACON& Tower with Radar,3,11,20,3,37,0,0,29,4,33,3,11,49,7,70,24,0,24,94
06/17/2022,FSM,AR,ASW,ES,Combined TRACON& Tower with Radar,3,7,14,8,32,0,0,24,3,27,3,7,38,11,59,0,0,0,59
06/18/2022,FSM,AR,ASW,ES,Combined TRACON& Tower with Radar,3,3,7,0,13,0,0,20,2,22,3,3,27,2,35,0,0,0,35
06/19/2022,FSM,AR,ASW,ES,Combined TRACON& Tower with Radar,3,5,18,0,26,0,0,29,0,29,3,5,47,0,55,0,0,0,55
06/20/2022,FSM,AR,ASW,ES,Combined TRACON& Tower with Radar,3,5,17,0,25,0,0,28,3,31,3,5,45,3,56,0,0,0,56
06/21/2022,FSM,AR,ASW,ES,Combined TRACON& Tower with Radar,3,8,16,5,32,0,1,14,3,18,3,9,30,8,50,20,22,42,92
06/22/2022,FSM,AR,ASW,ES,Combined TRACON& Tower with Radar,3,10,10,1,24,0,0,18,4,22,3,10,28,5,46,0,0,0,46
06/23/2022,FSM,AR,ASW,ES,Combined TRACON& Tower with Radar,3,7,20,3,33,0,0,17,1,18,3,7,37,4,51,0,0,0,51
06/24/2022,FSM,AR,ASW,ES,Combined TRACON& Tower with Radar,3,7,13,7,30,0,2,29,5,36,3,9,42,12,66,12,6,18,84
06/25/2022,FSM,AR,ASW,ES,Combined TRACON& Tower with Radar,3,8,13,8,32,0,4,20,1,25,3,12,33,9,57,3,0,3,60
06/26/2022,FSM,AR,ASW,ES,Combined TRACON& Tower with Radar,3,10,8,1,22,0,0,16,3,19,3,10,24,4,41,0,0,0,41
06/27/2022,FSM,AR,ASW,ES,Combined TRACON& Tower with Radar,3,4,15,5,27,0,0,19,0,19,3,4,34,5,46,0,0,0,46
06/28/2022,FSM,AR,ASW,ES,Combined TRACON& Tower with Radar,3,5,10,3,21,0,0,31,3,34,3,5,41,6,55,18,0,18,73
06/29/2022,FSM,AR,ASW,ES,Combined TRACON& Tower with Radar,3,5,7,8,23,0,0,21,8,29,3,5,28,16,52,20,64,84,136
06/30/2022,FSM,AR,ASW,ES,Combined TRACON& Tower with Radar,3,5,19,5,32,0,0,40,8,48,3,5,59,13,80,44,0,44,124
07/01/2022,FSM,AR,ASW,ES,Combined TRACON& Tower with Radar,3,7,25,2,37,0,0,23,0,23,3,7,48,2,60,0,0,0,60
07/02/2022,FSM,AR,ASW,ES,Combined TRACON& Tower with Radar,3,6,14,0,23,0,0,19,2,21,3,6,33,2,44,16,0,16,60
07/03/2022,FSM,AR,ASW,ES,Combined TRACON& Tower with Radar,4,2,11,0,17,0,0,16,0,16,4,2,27,0,33,0,0,0,33
07/04/2022,FSM,AR,ASW,ES,Combined TRACON& Tower with Radar,3,6,1,0,10,0,0,15,0,15,3,6,16,0,25,0,0,0,25
07/05/2022,FSM,AR,ASW,ES,Combined TRACON& Tower with Radar,4,8,9,5,26,0,2,14,4,20,4,10,23,9,46,0,0,0,46
07/06/2022,FSM,AR,ASW,ES,Combined TRACON& Tower with Radar,4,6,14,10,34,0,1,21,1,23,4,7,35,11,57,0,0,0,57
07/07/2022,FSM,AR,ASW,ES,Combined TRACON& Tower with Radar,3,8,13,0,24,0,1,15,0,16,3,9,28,0,40,0,0,0,40
07/08/2022,FSM,AR,ASW,ES,Combined TRACON& Tower with Radar,3,15,9,1,28,0,1,12,1,14,3,16,21,2,42,0,0,0,42
07/09/2022,FSM,AR,ASW,ES,Combined TRACON& Tower with Radar,3,4,11,6,24,0,1,20,0,21,3,5,31,6,45,0,0,0,45
07/10/2022,FSM,AR,ASW,ES,Combined TRACON& Tower with Radar,3,5,15,0,23,0,0,21,0,21,3,5,36,0,44,0,0,0,44
07/11/2022,FSM,AR,ASW,ES,Combined TRACON& Tower with Radar,3,8,16,2,29,0,2,9,3,14,3,10,25,5,43,14,0,14,57
07/12/2022,FSM,AR,ASW,ES,Combined TRACON& Tower with Radar,4,6,11,8,29,0,1,16,4,21,4,7,27,12,50,0,0,0,50
07/13/2022,FSM,AR,ASW,ES,Combined TRACON& Tower with Radar,4,4,31,23,62,0,1,16,10,27,4,5,47,33,89,20,24,44,133
07/14/2022,FSM,AR,ASW,ES,Combined TRACON& Tower with Radar,3,5,13,0,21,0,0,18,2,20,3,5,31,2,41,4,0,4,45
07/15/2022,FSM,AR,ASW,ES,Combined TRACON& Tower with Radar,3,4,16,12,35,0,0,25,2,27,3,4,41,14,62,0,0,0,62
07/16/2022,FSM,AR,ASW,ES,Combined TRACON& Tower with Radar,3,2,17,3,25,0,1,22,4,27,3,3,39,7,52,12,0,12,64
07/17/2022,FSM,AR,ASW,ES,Combined TRACON& Tower with Radar,3,4,12,2,21,0,0,9,3,12,3,4,21,5,33,0,0,0,33
07/18/2022,FSM,AR,ASW,ES,Combined TRACON& Tower with Radar,3,4,16,3,26,0,0,16,3,19,3,4,32,6,45,0,0,0,45
07/19/2022,FSM,AR,ASW,ES,Combined TRACON& Tower with Radar,4,6,9,0,19,0,0,15,1,16,4,6,24,1,35,4,0,4,39
07/20/2022,FSM,AR,ASW,ES,Combined TRACON& Tower with Radar,4,3,16,5,28,0,0,15,2,17,4,3,31,7,45,20,0,20,65
07/21/2022,FSM,AR,ASW,ES,Combined TRACON& Tower with Radar,3,10,14,0,27,0,0,16,2,18,3,10,30,2,45,0,0,0,45
07/22/2022,FSM,AR,ASW,ES,Combined TRACON& Tower with Radar,3,7,27,2,39,0,0,17,0,17,3,7,44,2,56,26,0,26,82
07/23/2022,FSM,AR,ASW,ES,Combined TRACON& Tower with Radar,3,5,21,3,32,0,0,20,5,25,3,5,41,8,57,0,0,0,57
07/24/2022,FSM,AR,ASW,ES,Combined TRACON& Tower with Radar,3,4,9,0,16,0,0,17,0,17,3,4,26,0,33,0,0,0,33
07/25/2022,FSM,AR,ASW,ES,Combined TRACON& Tower with Radar,3,8,8,0,19,0,0,14,0,14,3,8,22,0,33,0,0,0,33
07/26/2022,FSM,AR,ASW,ES,Combined TRACON& Tower with Radar,6,6,16,4,32,0,1,18,6,25,6,7,34,10,57,0,0,0,57
07/27/2022,FSM,AR,ASW,ES,Combined TRACON& Tower with Radar,4,8,27,1,40,0,0,19,4,23,4,8,46,5,63,26,0,26,89
07/28/2022,FSM,AR,ASW,ES,Combined TRACON& Tower with Radar,3,14,8,0,25,0,2,11,5,18,3,16,19,5,43,0,0,0,43
07/29/2022,FSM,AR,ASW,ES,Combined TRACON& Tower with Radar,6,8,14,1,29,0,0,1,1,2,6,8,15,2,31,0,14,14,45
07/30/2022,FSM,AR,ASW,ES,Combined TRACON& Tower with Radar,3,3,7,0,13,0,0,3,0,3,3,3,10,0,16,0,0,0,16
07/31/2022,FSM,AR,ASW,ES,Combined TRACON& Tower with Radar,3,12,12,0,27,0,0,24,0,24,3,12,36,0,51,0,0,0,51
08/01/2022,FSM,AR,ASW,ES,Combined TRACON& Tower with Radar,3,8,14,1,26,0,0,16,2,18,3,8,30,3,44,12,0,12,56
08/02/2022,FSM,AR,ASW,ES,Combined TRACON& Tower with Radar,4,6,8,10,28,0,0,14,0,14,4,6,22,10,42,1,0,1,43
08/03/2022,FSM,AR,ASW,ES,Combined TRACON& Tower with Radar,4,5,15,0,24,0,1,25,4,30,4,6,40,4,54,12,0,12,66
08/04/2022,FSM,AR,ASW,ES,Combined TRACON& Tower with Radar,3,4,18,4,29,0,2,19,1,22,3,6,37,5,51,10,0,10,61
08/05/2022,FSM,AR,ASW,ES,Combined TRACON& Tower with Radar,3,5,19,10,37,0,1,33,1,35,3,6,52,11,72,0,0,0,72
08/06/2022,FSM,AR,ASW,ES,Combined TRACON& Tower with Radar,1,9,17,2,29,0,2,19,3,24,1,11,36,5,53,9,0,9,62
08/07/2022,FSM,AR,ASW,ES,Combined TRACON& Tower with Radar,4,5,13,1,23,0,0,18,2,20,4,5,31,3,43,0,0,0,43
08/08/2022,FSM,AR,ASW,ES,Combined TRACON& Tower with Radar,3,10,11,10,34,0,0,13,3,16,3,10,24,13,50,0,0,0,50
08/09/2022,FSM,AR,ASW,ES,Combined TRACON& Tower with Radar,3,5,13,0,21,0,0,8,1,9,3,5,21,1,30,0,0,0,30
08/10/2022,FSM,AR,ASW,ES,Combined TRACON& Tower with Radar,5,12,9,5,31,0,0,44,2,46,5,12,53,7,77,14,0,14,91
08/11/2022,FSM,AR,ASW,ES,Combined TRACON& Tower with Radar,5,11,22,15,53,0,1,11,6,18,5,12,33,21,71,4,0,4,75
08/12/2022,FSM,AR,ASW,ES,Combined TRACON& Tower with Radar,3,5,14,16,38,0,0,23,4,27,3,5,37,20,65,0,14,14,79
08/13/2022,FSM,AR,ASW,ES,Combined TRACON& Tower with Radar,1,6,13,11,31,0,0,13,3,16,1,6,26,14,47,0,0,0,47
08/14/2022,FSM,AR,ASW,ES,Combined TRACON& Tower with Radar,3,6,5,0,14,0,0,12,2,14,3,6,17,2,28,0,0,0,28
08/15/2022,FSM,AR,ASW,ES,Combined TRACON& Tower with Radar,3,7,26,0,36,0,0,33,2,35,3,7,59,2,71,6,0,6,77
08/16/2022,FSM,AR,ASW,ES,Combined TRACON& Tower with Radar,3,8,16,4,31,0,0,25,6,31,3,8,41,10,62,0,0,0,62
08/17/2022,FSM,AR,ASW,ES,Combined TRACON& Tower with Radar,2,12,11,3,28,0,0,2,1,3,2,12,13,4,31,0,0,0,31
08/18/2022,FSM,AR,ASW,ES,Combined TRACON& Tower with Radar,3,13,16,19,51,0,0,27,5,32,3,13,43,24,83,42,28,70,153
08/19/2022,FSM,AR,ASW,ES,Combined TRACON& Tower with Radar,3,5,25,4,37,0,1,23,4,28,3,6,48,8,65,0,0,0,65
08/20/2022,FSM,AR,ASW,ES,Combined TRACON& Tower with Radar,3,10,17,8,38,0,0,55,2,57,3,10,72,10,95,30,0,30,125
08/21/2022,FSM,AR,ASW,ES,Combined TRACON& Tower with Radar,1,2,8,2,13,0,0,2,0,2,1,2,10,2,15,0,0,0,15
08/22/2022,FSM,AR,ASW,ES,Combined TRACON& Tower with Radar,5,3,31,0,39,0,0,6,0,6,5,3,37,0,45,0,0,0,45
08/23/2022,FSM,AR,ASW,ES,Combined TRACON& Tower with Radar,3,6,21,11,41,0,0,13,4,17,3,6,34,15,58,22,0,22,80
08/24/2022,FSM,AR,ASW,ES,Combined TRACON& Tower with Radar,3,16,35,1,55,0,4,17,3,24,3,20,52,4,79,0,0,0,79
08/25/2022,FSM,AR,ASW,ES,Combined TRACON& Tower with Radar,3,6,40,12,61,0,1,38,2,41,3,7,78,14,102,6,0,6,108
08/26/2022,FSM,AR,ASW,ES,Combined TRACON& Tower with Radar,3,4,15,10,32,0,0,25,2,27,3,4,40,12,59,20,18,38,97
08/27/2022,FSM,AR,ASW,ES,Combined TRACON& Tower with Radar,3,4,12,20,39,0,0,28,1,29,3,4,40,21,68,0,0,0,68
08/28/2022,FSM,AR,ASW,ES,Combined TRACON& Tower with Radar,3,4,15,6,28,0,0,21,0,21,3,4,36,6,49,0,0,0,49
08/29/2022,FSM,AR,ASW,ES,Combined TRACON& Tower with Radar,3,5,21,3,32,0,0,14,7,21,3,5,35,10,53,0,0,0,53
08/30/2022,FSM,AR,ASW,ES,Combined TRACON& Tower with Radar,5,4,32,7,48,0,0,15,7,22,5,4,47,14,70,0,0,0,70
08/31/2022,FSM,AR,ASW,ES,Combined TRACON& Tower with Radar,3,6,27,1,37,0,0,19,10,29,3,6,46,11,66,16,0,16,82
09/01/2022,FSM,AR,ASW,ES,Combined TRACON& Tower with Radar,3,10,21,5,39,0,2,13,2,17,3,12,34,7,56,0,0,0,56
09/02/2022,FSM,AR,ASW,ES,Combined TRACON& Tower with Radar,3,12,10,0,25,0,0,2,1,3,3,12,12,1,28,0,0,0,28
09/03/2022,FSM,AR,ASW,ES,Combined TRACON& Tower with Radar,6,7,13,9,35,0,1,8,0,9,6,8,21,9,44,10,0,10,54
09/04/2022,FSM,AR,ASW,ES,Combined TRACON& Tower with Radar,2,5,17,0,24,0,0,15,0,15,2,5,32,0,39,0,0,0,39
09/05/2022,FSM,AR,ASW,ES,Combined TRACON& Tower with Radar,3,7,8,2,20,0,0,11,0,11,3,7,19,2,31,0,0,0,31
09/06/2022,FSM,AR,ASW,ES,Combined TRACON& Tower with Radar,3,9,17,0,29,0,0,3,7,10,3,9,20,7,39,0,0,0,39
09/07/2022,FSM,AR,ASW,ES,Combined TRACON& Tower with Radar,4,2,18,4,28,0,0,18,4,22,4,2,36,8,50,8,0,8,58
09/08/2022,FSM,AR,ASW,ES,Combined TRACON& Tower with Radar,5,3,32,5,45,0,1,24,2,27,5,4,56,7,72,0,0,0,72
09/09/2022,FSM,AR,ASW,ES,Combined TRACON& Tower with Radar,5,9,20,7,41,0,1,29,6,36,5,10,49,13,77,16,0,16,93
09/10/2022,FSM,AR,ASW,ES,Combined TRACON& Tower with Radar,4,7,22,0,33,0,1,24,5,30,4,8,46,5,63,0,0,0,63
09/11/2022,FSM,AR,ASW,ES,Combined TRACON& Tower with Radar,5,5,26,3,39,0,0,14,0,14,5,5,40,3,53,0,0,0,53
09/12/2022,FSM,AR,ASW,ES,Combined TRACON& Tower with Radar,5,5,10,0,20,0,0,13,0,13,5,5,23,0,33,18,0,18,51
09/13/2022,FSM,AR,ASW,ES,Combined TRACON& Tower with Radar,4,10,32,0,46,0,1,26,1,28,4,11,58,1,74,14,0,14,88
09/14/2022,FSM,AR,ASW,ES,Combined TRACON& Tower with Radar,4,9,22,0,35,0,0,17,1,18,4,9,39,1,53,18,0,18,71
09/15/2022,FSM,AR,ASW,ES,Combined TRACON& Tower with Radar,5,9,29,0,43,0,1,14,6,21,5,10,43,6,64,0,0,0,64
09/16/2022,FSM,AR,ASW,ES,Combined TRACON& Tower with Radar,5,6,32,0,43,0,0,28,1,29,5,6,60,1,72,4,0,4,76
09/17/2022,FSM,AR,ASW,ES,Combined TRACON& Tower with Radar,4,6,19,0,29,0,4,17,2,23,4,10,36,2,52,0,0,0,52
09/18/2022,FSM,AR,ASW,ES,Combined TRACON& Tower with Radar,5,9,35,0,49,0,1,28,0,29,5,10,63,0,78,14,0,14,92
09/19/2022,FSM,AR,ASW,ES,Combined TRACON& Tower with Radar,5,6,25,2,38,0,0,31,0,31,5,6,56,2,69,0,0,0,69
09/20/2022,FSM,AR,ASW,ES,Combined TRACON& Tower with Radar,4,9,23,2,38,0,1,23,1,25,4,10,46,3,63,0,0,0,63
09/21/2022,FSM,AR,ASW,ES,Combined TRACON& Tower with Radar,4,14,34,4,56,0,4,21,19,44,4,18,55,23,100,14,0,14,114
09/22/2022,FSM,AR,ASW,ES,Combined TRACON& Tower with Radar,5,7,38,3,53,0,4,32,1,37,5,11,70,4,90,8,4,12,102
09/23/2022,FSM,AR,ASW,ES,Combined TRACON& Tower with Radar,5,7,22,6,40,0,2,33,2,37,5,9,55,8,77,22,0,22,99
09/24/2022,FSM,AR,ASW,ES,Combined TRACON& Tower with Radar,4,6,21,0,31,0,0,24,1,25,4,6,45,1,56,0,0,0,56
09/25/2022,FSM,AR,ASW,ES,Combined TRACON& Tower with Radar,5,6,18,0,29,0,1,27,2,30,5,7,45,2,59,0,0,0,59
09/26/2022,FSM,AR,ASW,ES,Combined TRACON& Tower with Radar,5,6,24,9,44,0,0,39,9,48,5,6,63,18,92,42,2,44,136
09/27/2022,FSM,AR,ASW,ES,Combined TRACON& Tower with Radar,5,6,29,5,45,0,1,32,3,36,5,7,61,8,81,0,0,0,81
09/28/2022,FSM,AR,ASW,ES,Combined TRACON& Tower with Radar,4,14,19,2,39,0,0,19,7,26,4,14,38,9,65,0,0,0,65
09/29/2022,FSM,AR,ASW,ES,Combined TRACON& Tower with Radar,5,3,20,12,40,0,0,28,10,38,5,3,48,22,78,0,6,6,84
09/30/2022,FSM,AR,ASW,ES,Combined TRACON& Tower with Radar,5,6,14,2,27,0,0,21,4,25,5,6,35,6,52,34,6,40,92
10/01/2022,FSM,AR,ASW,ES,Combined TRACON& Tower with Radar,4,6,7,24,41,0,0,18,0,18,4,6,25,24,59,10,0,10,69
10/02/2022,FSM,AR,ASW,ES,Combined TRACON& Tower with Radar,5,6,20,3,34,0,1,23,1,25,5,7,43,4,59,20,0,20,79
10/03/2022,FSM,AR,ASW,ES,Combined TRACON& Tower with Radar,5,17,18,0,40,0,1,14,4,19,5,18,32,4,59,8,0,8,67
10/04/2022,FSM,AR,ASW,ES,Combined TRACON& Tower with Radar,4,3,6,0,13,0,0,20,3,23,4,3,26,3,36,0,0,0,36
10/05/2022,FSM,AR,ASW,ES,Combined TRACON& Tower with Radar,4,8,15,0,27,0,5,24,2,31,4,13,39,2,58,6,0,6,64
10/06/2022,FSM,AR,ASW,ES,Combined TRACON& Tower with Radar,5,9,10,0,24,0,0,15,3,18,5,9,25,3,42,0,0,0,42
10/07/2022,FSM,AR,ASW,ES,Combined TRACON& Tower with Radar,5,5,14,1,25,0,1,34,1,36,5,6,48,2,61,3,2,5,66
10/08/2022,FSM,AR,ASW,ES,Combined TRACON& Tower with Radar,6,5,11,0,22,0,1,26,5,32,6,6,37,5,54,10,0,10,64
10/09/2022,FSM,AR,ASW,ES,Combined TRACON& Tower with Radar,5,8,15,0,28,0,2,26,0,28,5,10,41,0,56,0,0,0,56
10/10/2022,FSM,AR,ASW,ES,Combined TRACON& Tower with Radar,4,2,12,0,18,0,1,27,1,29,4,3,39,1,47,40,0,40,87
10/11/2022,FSM,AR,ASW,ES,Combined TRACON& Tower with Radar,4,3,18,6,31,0,3,23,3,29,4,6,41,9,60,10,0,10,70
10/12/2022,FSM,AR,ASW,ES,Combined TRACON& Tower with Radar,4,4,11,10,29,0,0,12,8,20,4,4,23,18,49,32,8,40,89
10/13/2022,FSM,AR,ASW,ES,Combined TRACON& Tower with Radar,5,12,17,7,41,0,5,25,3,33,5,17,42,10,74,16,0,16,90
10/14/2022,FSM,AR,ASW,ES,Combined TRACON& Tower with Radar,5,5,28,2,40,0,0,23,2,25,5,5,51,4,65,0,0,0,65
10/15/2022,FSM,AR,ASW,ES,Combined TRACON& Tower with Radar,4,2,14,0,20,0,0,20,0,20,4,2,34,0,40,0,0,0,40
10/16/2022,FSM,AR,ASW,ES,Combined TRACON& Tower with Radar,5,3,11,4,23,0,1,8,0,9,5,4,19,4,32,0,0,0,32
10/17/2022,FSM,AR,ASW,ES,Combined TRACON& Tower with Radar,5,5,7,3,20,0,1,16,4,21,5,6,23,7,41,6,14,20,61
10/18/2022,FSM,AR,ASW,ES,Combined TRACON& Tower with Radar,4,9,12,6,31,0,5,15,6,26,4,14,27,12,57,2,22,24,81
10/19/2022,FSM,AR,ASW,ES,Combined TRACON& Tower with Radar,4,7,22,8,41,0,0,26,8,34,4,7,48,16,75,4,18,22,97
10/20/2022,FSM,AR,ASW,ES,Combined TRACON& Tower with Radar,6,8,18,1,33,0,1,30,2,33,6,9,48,3,66,16,0,16,82
10/21/2022,FSM,AR,ASW,ES,Combined TRACON& Tower with Radar,6,3,11,6,26,0,1,20,0,21,6,4,31,6,47,20,0,20,67
10/22/2022,FSM,AR,ASW,ES,Combined TRACON& Tower with Radar,4,4,4,9,21,0,0,8,3,11,4,4,12,12,32,8,0,8,40
10/23/2022,FSM,AR,ASW,ES,Combined TRACON& Tower with Radar,5,5,13,2,25,0,0,9,1,10,5,5,22,3,35,0,0,0,35
10/24/2022,FSM,AR,ASW,ES,Combined TRACON& Tower with Radar,3,11,8,1,23,0,0,0,0,0,3,11,8,1,23,0,0,0,23
10/25/2022,FSM,AR,ASW,ES,Combined TRACON& Tower with Radar,4,6,15,4,29,0,0,2,4,6,4,6,17,8,35,3,6,9,44
10/26/2022,FSM,AR,ASW,ES,Combined TRACON& Tower with Radar,4,9,17,7,37,0,2,22,13,37,4,11,39,20,74,0,0,0,74
10/27/2022,FSM,AR,ASW,ES,Combined TRACON& Tower with Radar,5,5,17,3,30,0,1,23,6,30,5,6,40,9,60,26,0,26,86
10/28/2022,FSM,AR,ASW,ES,Combined TRACON& Tower with Radar,5,2,20,8,35,0,1,16,0,17,5,3,36,8,52,6,0,6,58
10/29/2022,FSM,AR,ASW,ES,Combined TRACON& Tower with Radar,1,5,6,0,12,0,0,0,0,0,1,5,6,0,12,0,0,0,12
10/30/2022,FSM,AR,ASW,ES,Combined TRACON& Tower with Radar,8,10,34,0,52,0,0,0,0,0,8,10,34,0,52,0,0,0,52
10/31/2022,FSM,AR,ASW,ES,Combined TRACON& Tower with Radar,4,8,13,7,32,0,2,25,4,31,4,10,38,11,63,6,0,6,69
11/01/2022,FSM,AR,ASW,ES,Combined TRACON& Tower with Radar,4,6,12,6,28,0,2,22,5,29,4,8,34,11,57,18,12,30,87
11/02/2022,FSM,AR,ASW,ES,Combined TRACON& Tower with Radar,4,6,16,6,32,0,2,20,9,31,4,8,36,15,63,6,6,12,75
11/03/2022,FSM,AR,ASW,ES,Combined TRACON& Tower with Radar,10,7,21,4,42,0,1,29,10,40,10,8,50,14,82,32,0,32,114
11/04/2022,FSM,AR,ASW,ES,Combined TRACON& Tower with Radar,4,5,8,1,18,0,0,0,1,1,4,5,8,2,19,0,0,0,19
11/05/2022,FSM,AR,ASW,ES,Combined TRACON& Tower with Radar,8,3,10,0,21,0,0,13,6,19,8,3,23,6,40,6,0,6,46
11/06/2022,FSM,AR,ASW,ES,Combined TRACON& Tower with Radar,7,1,6,1,15,0,4,15,2,21,7,5,21,3,36,0,0,0,36
11/07/2022,FSM,AR,ASW,ES,Combined TRACON& Tower with Radar,8,4,24,2,38,0,1,6,0,7,8,5,30,2,45,0,0,0,45
11/08/2022,FSM,AR,ASW,ES,Combined TRACON& Tower with Radar,8,4,23,8,43,0,1,8,5,14,8,5,31,13,57,2,0,2,59
11/09/2022,FSM,AR,ASW,ES,Combined TRACON& Tower with Radar,8,3,25,0,36,0,0,17,3,20,8,3,42,3,56,2,0,2,58
11/10/2022,FSM,AR,ASW,ES,Combined TRACON& Tower with Radar,8,5,28,0,41,0,2,23,3,28,8,7,51,3,69,8,0,8,77
11/11/2022,FSM,AR,ASW,ES,Combined TRACON& Tower with Radar,5,3,12,0,20,0,0,3,1,4,5,3,15,1,24,0,0,0,24
11/12/2022,FSM,AR,ASW,ES,Combined TRACON& Tower with Radar,8,2,3,0,13,0,2,20,3,25,8,4,23,3,38,0,0,0,38
11/13/2022,FSM,AR,ASW,ES,Combined TRACON& Tower with Radar,7,8,21,0,36,0,1,18,0,19,7,9,39,0,55,0,0,0,55
11/14/2022,FSM,AR,ASW,ES,Combined TRACON& Tower with Radar,8,4,12,2,26,0,0,4,8,12,8,4,16,10,38,18,4,22,60
11/15/2022,FSM,AR,ASW,ES,Combined TRACON& Tower with Radar,8,4,3,3,18,0,0,1,0,1,8,4,4,3,19,0,0,0,19
11/16/2022,FSM,AR,ASW,ES,Combined TRACON& Tower with Radar,8,3,18,5,34,0,0,16,7,23,8,3,34,12,57,20,0,20,77
11/17/2022,FSM,AR,ASW,ES,Combined TRACON& Tower with Radar,8,7,24,2,41,0,1,10,6,17,8,8,34,8,58,16,0,16,74
11/18/2022,FSM,AR,ASW,ES,Combined TRACON& Tower with Radar,8,5,11,3,27,0,0,18,0,18,8,5,29,3,45,1,0,1,46
11/19/2022,FSM,AR,ASW,ES,Combined TRACON& Tower with Radar,7,1,7,0,15,0,0,22,4,26,7,1,29,4,41,0,0,0,41
11/20/2022,FSM,AR,ASW,ES,Combined TRACON& Tower with Radar,7,0,14,0,21,0,0,11,1,12,7,0,25,1,33,0,0,0,33
11/21/2022,FSM,AR,ASW,ES,Combined TRACON& Tower with Radar,8,0,9,0,17,0,0,30,5,35,8,0,39,5,52,0,0,0,52
11/22/2022,FSM,AR,ASW,ES,Combined TRACON& Tower with Radar,8,2,8,0,18,0,0,21,2,23,8,2,29,2,41,0,0,0,41
11/23/2022,FSM,AR,ASW,ES,Combined TRACON& Tower with Radar,8,0,10,6,24,0,0,8,0,8,8,0,18,6,32,0,0,0,32
11/24/2022,FSM,AR,ASW,ES,Combined TRACON& Tower with Radar,6,0,0,0,6,0,0,0,0,0,6,0,0,0,6,0,0,0,6
11/25/2022,FSM,AR,ASW,ES,Combined TRACON& Tower with Radar,9,1,20,0,30,0,1,6,0,7,9,2,26,0,37,20,0,20,57
11/26/2022,FSM,AR,ASW,ES,Combined TRACON& Tower with Radar,2,2,7,0,11,0,0,0,0,0,2,2,7,0,11,0,0,0,11
11/27/2022,FSM,AR,ASW,ES,Combined TRACON& Tower with Radar,8,1,13,2,24,0,0,6,0,6,8,1,19,2,30,10,0,10,40
11/28/2022,FSM,AR,ASW,ES,Combined TRACON& Tower with Radar,8,1,9,3,21,0,0,10,6,16,8,1,19,9,37,4,0,4,41
11/29/2022,FSM,AR,ASW,ES,Combined TRACON& Tower with Radar,8,0,7,16,31,0,0,2,4,6,8,0,9,20,37,0,0,0,37
11/30/2022,FSM,AR,ASW,ES,Combined TRACON& Tower with Radar,6,7,24,2,39,0,1,30,5,36,6,8,54,7,75,0,0,0,75
12/01/2022,FSM,AR,ASW,ES,Combined TRACON& Tower with Radar,6,1,19,3,29,0,1,17,6,24,6,2,36,9,53,22,0,22,75
12/02/2022,FSM,AR,ASW,ES,Combined TRACON& Tower with Radar,6,2,13,2,23,0,0,6,0,6,6,2,19,2,29,0,0,0,29
12/03/2022,FSM,AR,ASW,ES,Combined TRACON& Tower with Radar,6,2,6,0,14,0,0,36,3,39,6,2,42,3,53,12,0,12,65
12/04/2022,FSM,AR,ASW,ES,Combined TRACON& Tower with Radar,6,7,13,0,26,0,0,0,0,0,6,7,13,0,26,0,0,0,26
12/05/2022,FSM,AR,ASW,ES,Combined TRACON& Tower with Radar,12,7,14,0,33,0,0,3,0,3,12,7,17,0,36,0,0,0,36
12/06/2022,FSM,AR,ASW,ES,Combined TRACON& Tower with Radar,6,5,27,4,42,0,0,4,0,4,6,5,31,4,46,0,0,0,46
12/07/2022,FSM,AR,ASW,ES,Combined TRACON& Tower with Radar,7,1,13,4,25,0,0,1,0,1,7,1,14,4,26,0,0,0,26
12/08/2022,FSM,AR,ASW,ES,Combined TRACON& Tower with Radar,10,6,15,0,31,0,0,0,0,0,10,6,15,0,31,0,0,0,31
12/09/2022,FSM,AR,ASW,ES,Combined TRACON& Tower with Radar,5,8,28,2,43,0,0,36,2,38,5,8,64,4,81,26,0,26,107
12/10/2022,FSM,AR,ASW,ES,Combined TRACON& Tower with Radar,4,4,5,0,13,0,0,1,0,1,4,4,6,0,14,0,0,0,14
12/11/2022,FSM,AR,ASW,ES,Combined TRACON& Tower with Radar,6,4,14,0,24,0,0,1,0,1,6,4,15,0,25,0,0,0,25
12/12/2022,FSM,AR,ASW,ES,Combined TRACON& Tower with Radar,10,7,13,1,31,0,0,0,0,0,10,7,13,1,31,0,0,0,31
12/13/2022,FSM,AR,ASW,ES,Combined TRACON& Tower with Radar,5,1,5,1,12,0,0,0,1,1,5,1,5,2,13,0,0,0,13
12/14/2022,FSM,AR,ASW,ES,Combined TRACON& Tower with Radar,5,6,7,2,20,0,4,10,2,16,5,10,17,4,36,0,0,0,36
12/15/2022,FSM,AR,ASW,ES,Combined TRACON& Tower with Radar,5,1,19,7,32,0,0,29,2,31,5,1,48,9,63,42,0,42,105
12/16/2022,FSM,AR,ASW,ES,Combined TRACON& Tower with Radar,5,2,8,3,18,0,1,24,0,25,5,3,32,3,43,26,0,26,69
12/17/2022,FSM,AR,ASW,ES,Combined TRACON& Tower with Radar,5,0,4,1,10,0,2,25,1,28,5,2,29,2,38,0,0,0,38
12/18/2022,FSM,AR,ASW,ES,Combined TRACON& Tower with Radar,4,2,12,0,18,0,0,21,0,21,4,2,33,0,39,0,0,0,39
12/19/2022,FSM,AR,ASW,ES,Combined TRACON& Tower with Radar,6,3,7,0,16,0,0,15,0,15,6,3,22,0,31,4,0,4,35
12/20/2022,FSM,AR,ASW,ES,Combined TRACON& Tower with Radar,6,3,11,4,24,0,1,24,1,26,6,4,35,5,50,0,0,0,50
12/21/2022,FSM,AR,ASW,ES,Combined TRACON& Tower with Radar,5,5,17,2,29,0,0,21,0,21,5,5,38,2,50,20,0,20,70
12/22/2022,FSM,AR,ASW,ES,Combined TRACON& Tower with Radar,5,2,3,0,10,0,0,0,0,0,5,2,3,0,10,0,0,0,10
12/23/2022,FSM,AR,ASW,ES,Combined TRACON& Tower with Radar,6,4,9,0,19,0,0,1,0,1,6,4,10,0,20,0,0,0,20
12/24/2022,FSM,AR,ASW,ES,Combined TRACON& Tower with Radar,5,2,4,0,11,0,0,9,0,9,5,2,13,0,20,0,0,0,20
12/25/2022,FSM,AR,ASW,ES,Combined TRACON& Tower with Radar,2,1,2,0,5,0,0,15,0,15,2,1,17,0,20,0,0,0,20
12/26/2022,FSM,AR,ASW,ES,Combined TRACON& Tower with Radar,5,4,18,0,27,0,0,15,0,15,5,4,33,0,42,20,0,20,62
12/27/2022,FSM,AR,ASW,ES,Combined TRACON& Tower with Radar,5,2,20,0,27,0,0,43,0,43,5,2,63,0,70,32,0,32,102
12/28/2022,FSM,AR,ASW,ES,Combined TRACON& Tower with Radar,5,2,10,0,17,0,2,6,0,8,5,4,16,0,25,0,0,0,25
12/29/2022,FSM,AR,ASW,ES,Combined TRACON& Tower with Radar,5,2,11,0,18,0,0,5,0,5,5,2,16,0,23,0,0,0,23
12/30/2022,FSM,AR,ASW,ES,Combined TRACON& Tower with Radar,5,4,10,0,19,0,0,21,0,21,5,4,31,0,40,14,0,14,54
12/31/2022,FSM,AR,ASW,ES,Combined TRACON& Tower with Radar,4,4,8,0,16,0,2,15,0,17,4,6,23,0,33,26,0,26,59
01/01/2023,FSM,AR,ASW,ES,Combined TRACON& Tower with Radar,3,0,13,0,16,0,1,10,0,11,3,1,23,0,27,0,0,0,27
01/02/2023,FSM,AR,ASW,ES,Combined TRACON& Tower with Radar,5,2,1,0,8,0,0,1,0,1,5,2,2,0,9,0,0,0,9
01/03/2023,FSM,AR,ASW,ES,Combined TRACON& Tower with Radar,5,4,12,0,21,0,0,19,0,19,5,4,31,0,40,0,0,0,40
01/04/2023,FSM,AR,ASW,ES,Combined TRACON& Tower with Radar,5,1,15,6,27,0,5,17,12,34,5,6,32,18,61,0,0,0,61
01/05/2023,FSM,AR,ASW,ES,Combined TRACON& Tower with Radar,6,7,9,3,25,0,2,16,4,22,6,9,25,7,47,0,0,0,47
01/06/2023,FSM,AR,ASW,ES,Combined TRACON& Tower with Radar,5,3,14,0,22,0,1,19,2,22,5,4,33,2,44,40,0,40,84
01/07/2023,FSM,AR,ASW,ES,Combined TRACON& Tower with Radar,5,2,13,0,20,0,1,9,0,10,5,3,22,0,30,0,0,0,30
01/08/2023,FSM,AR,ASW,ES,Combined TRACON& Tower with Radar,5,0,9,0,14,0,2,44,0,46,5,2,53,0,60,2,0,2,62
01/09/2023,FSM,AR,ASW,ES,Combined TRACON& Tower with Radar,5,2,10,14,31,0,1,31,4,36,5,3,41,18,67,0,0,0,67
01/10/2023,FSM,AR,ASW,ES,Combined TRACON& Tower with Radar,6,1,24,3,34,0,0,35,3,38,6,1,59,6,72,12,0,12,84
01/11/2023,FSM,AR,ASW,ES,Combined TRACON& Tower with Radar,6,2,19,1,28,0,1,17,3,21,6,3,36,4,49,0,6,6,55
01/12/2023,FSM,AR,ASW,ES,Combined TRACON& Tower with Radar,7,2,8,4,21,0,0,3,1,4,7,2,11,5,25,12,0,12,37
01/13/2023,FSM,AR,ASW,ES,Combined TRACON& Tower with Radar,5,2,9,0,16,0,0,16,0,16,5,2,25,0,32,14,0,14,46
01/14/2023,FSM,AR,ASW,ES,Combined TRACON& Tower with Radar,4,1,14,0,19,0,0,31,0,31,4,1,45,0,50,24,0,24,74
01/15/2023,FSM,AR,ASW,ES,Combined TRACON& Tower with Radar,3,3,9,0,15,0,0,8,0,8,3,3,17,0,23,0,0,0,23
01/16/2023,FSM,AR,ASW,ES,Combined TRACON& Tower with Radar,8,3,18,1,30,0,0,12,0,12,8,3,30,1,42,10,0,10,52
01/17/2023,FSM,AR,ASW,ES,Combined TRACON& Tower with Radar,6,5,15,1,27,0,0,21,1,22,6,5,36,2,49,16,0,16,65
01/18/2023,FSM,AR,ASW,ES,Combined TRACON& Tower with Radar,6,3,14,0,23,0,0,2,1,3,6,3,16,1,26,0,0,0,26
01/19/2023,FSM,AR,ASW,ES,Combined TRACON& Tower with Radar,5,5,22,6,38,0,0,8,2,10,5,5,30,8,48,0,0,0,48
01/20/2023,FSM,AR,ASW,ES,Combined TRACON& Tower with Radar,5,5,17,15,42,0,2,23,0,25,5,7,40,15,67,0,0,0,67
01/21/2023,FSM,AR,ASW,ES,Combined TRACON& Tower with Radar,6,2,19,0,27,0,1,21,0,22,6,3,40,0,49,26,0,26,75
01/22/2023,FSM,AR,ASW,ES,Combined TRACON& Tower with Radar,5,0,1,0,6,0,0,2,0,2,5,0,3,0,8,0,0,0,8
01/23/2023,FSM,AR,ASW,ES,Combined TRACON& Tower with Radar,6,3,4,3,16,0,2,19,14,35,6,5,23,17,51,4,14,18,69
01/24/2023,FSM,AR,ASW,ES,Combined TRACON& Tower with Radar,3,0,5,11,19,0,0,3,1,4,3,0,8,12,23,0,0,0,23
01/25/2023,FSM,AR,ASW,ES,Combined TRACON& Tower with Radar,7,0,2,5,14,0,0,1,0,1,7,0,3,5,15,0,0,0,15
01/26/2023,FSM,AR,ASW,ES,Combined TRACON& Tower with Radar,5,2,11,4,22,0,0,20,5,25,5,2,31,9,47,0,0,0,47
01/27/2023,FSM,AR,ASW,ES,Combined TRACON& Tower with Radar,5,0,15,1,21,0,0,27,3,30,5,0,42,4,51,14,0,14,65
01/28/2023,FSM,AR,ASW,ES,Combined TRACON& Tower with Radar,6,0,1,1,8,0,0,3,0,3,6,0,4,1,11,0,0,0,11
01/29/2023,FSM,AR,ASW,ES,Combined TRACON& Tower with Radar,7,2,6,4,19,0,0,0,0,0,7,2,6,4,19,0,0,0,19
01/30/2023,FSM,AR,ASW,ES,Combined TRACON& Tower with Radar,4,3,6,0,13,0,0,0,0,0,4,3,6,0,13,0,0,0,13
01/31/2023,FSM,AR,ASW,ES,Combined TRACON& Tower with Radar,1,1,1,0,3,0,0,1,0,1,1,1,2,0,4,0,0,0,4
02/01/2023,FSM,AR,ASW,ES,Combined TRACON& Tower with Radar,0,2,2,0,4,0,0,0,0,0,0,2,2,0,4,0,0,0,4
02/02/2023,FSM,AR,ASW,ES,Combined TRACON& Tower with Radar,2,4,8,0,14,0,0,0,0,0,2,4,8,0,14,0,0,0,14
02/03/2023,FSM,AR,ASW,ES,Combined TRACON& Tower with Radar,6,5,16,0,27,0,0,24,3,27,6,5,40,3,54,18,0,18,72
02/04/2023,FSM,AR,ASW,ES,Combined TRACON& Tower with Radar,5,1,9,13,28,0,0,25,1,26,5,1,34,14,54,20,0,20,74
02/05/2023,FSM,AR,ASW,ES,Combined TRACON& Tower with Radar,5,2,14,0,21,0,2,24,0,26,5,4,38,0,47,8,0,8,55
02/06/2023,FSM,AR,ASW,ES,Combined TRACON& Tower with Radar,5,0,13,0,18,0,1,6,1,8,5,1,19,1,26,10,0,10,36
02/07/2023,FSM,AR,ASW,ES,Combined TRACON& Tower with Radar,4,2,18,1,25,0,0,0,0,0,4,2,18,1,25,0,0,0,25
02/08/2023,FSM,AR,ASW,ES,Combined TRACON& Tower with Radar,9,2,4,0,15,0,0,0,0,0,9,2,4,0,15,0,0,0,15
02/09/2023,FSM,AR,ASW,ES,Combined TRACON& Tower with Radar,6,0,27,0,33,0,1,27,6,34,6,1,54,6,67,4,0,4,71
02/10/2023,FSM,AR,ASW,ES,Combined TRACON& Tower with Radar,5,5,12,4,26,0,0,3,0,3,5,5,15,4,29,0,0,0,29
02/11/2023,FSM,AR,ASW,ES,Combined TRACON& Tower with Radar,5,5,18,5,33,0,2,47,1,50,5,7,65,6,83,64,0,64,147
02/12/2023,FSM,AR,ASW,ES,Combined TRACON& Tower with Radar,5,0,8,0,13,0,1,29,1,31,5,1,37,1,44,0,0,0,44
02/13/2023,FSM,AR,ASW,ES,Combined TRACON& Tower with Radar,5,2,12,2,21,0,2,27,3,32,5,4,39,5,53,18,0,18,71
02/14/2023,FSM,AR,ASW,ES,Combined TRACON& Tower with Radar,4,2,12,0,18,0,0,5,0,5,4,2,17,0,23,0,0,0,23
02/15/2023,FSM,AR,ASW,ES,Combined TRACON& Tower with Radar,4,3,19,7,33,0,0,9,7,16,4,3,28,14,49,0,0,0,49
02/16/2023,FSM,AR,ASW,ES,Combined TRACON& Tower with Radar,5,4,12,5,26,0,0,4,5,9,5,4,16,10,35,0,0,0,35
02/17/2023,FSM,AR,ASW,ES,Combined TRACON& Tower with Radar,5,6,18,1,30,0,0,23,1,24,5,6,41,2,54,8,0,8,62
02/18/2023,FSM,AR,ASW,ES,Combined TRACON& Tower with Radar,4,4,5,2,15,0,2,16,2,20,4,6,21,4,35,0,0,0,35
02/19/2023,FSM,AR,ASW,ES,Combined TRACON& Tower with Radar,5,2,9,0,16,0,1,22,0,23,5,3,31,0,39,0,0,0,39
02/20/2023,FSM,AR,ASW,ES,Combined TRACON& Tower with Radar,5,6,17,0,28,0,0,7,2,9,5,6,24,2,37,8,0,8,45
02/21/2023,FSM,AR,ASW,ES,Combined TRACON& Tower with Radar,7,5,18,1,31,0,0,20,1,21,7,5,38,2,52,14,0,14,66
02/22/2023,FSM,AR,ASW,ES,Combined TRACON& Tower with Radar,7,2,8,6,23,0,0,4,15,19,7,2,12,21,42,36,14,50,92
02/23/2023,FSM,AR,ASW,ES,Combined TRACON& Tower with Radar,5,4,16,4,29,0,0,16,6,22,5,4,32,10,51,0,0,0,51
02/24/2023,FSM,AR,ASW,ES,Combined TRACON& Tower with Radar,5,7,15,2,29,0,0,6,3,9,5,7,21,5,38,0,22,22,60
02/25/2023,FSM,AR,ASW,ES,Combined TRACON& Tower with Radar,5,0,20,4,29,0,0,2,0,2,5,0,22,4,31,28,0,28,59
02/26/2023,FSM,AR,ASW,ES,Combined TRACON& Tower with Radar,5,3,3,0,11,0,0,0,0,0,5,3,3,0,11,0,0,0,11
02/27/2023,FSM,AR,ASW,ES,Combined TRACON& Tower with Radar,5,4,8,2,19,0,0,11,2,13,5,4,19,4,32,0,0,0,32
02/28/2023,FSM,AR,ASW,ES,Combined TRACON& Tower with Radar,5,1,10,7,23,0,1,27,3,31,5,2,37,10,54,46,32,78,132
03/01/2023,FSM,AR,ASW,ES,Combined TRACON& Tower with Radar,4,5,4,0,13,0,0,15,5,20,4,5,19,5,33,24,0,24,57
03/02/2023,FSM,AR,ASW,ES,Combined TRACON& Tower with Radar,3,0,5,2,10,0,1,0,4,5,3,1,5,6,15,0,0,0,15
03/03/2023,FSM,AR,ASW,ES,Combined TRACON& Tower with Radar,5,0,12,2,19,0,0,3,0,3,5,0,15,2,22,0,0,0,22
03/04/2023,FSM,AR,ASW,ES,Combined TRACON& Tower with Radar,5,2,26,2,35,0,3,27,5,35,5,5,53,7,70,32,0,32,102
03/05/2023,FSM,AR,ASW,ES,Combined TRACON& Tower with Radar,5,1,10,3,19,0,0,16,0,16,5,1,26,3,35,0,0,0,35
03/06/2023,FSM,AR,ASW,ES,Combined TRACON& Tower with Radar,5,3,4,4,16,0,1,17,1,19,5,4,21,5,35,0,0,0,35
03/07/2023,FSM,AR,ASW,ES,Combined TRACON& Tower with Radar,4,1,4,3,12,0,1,13,0,14,4,2,17,3,26,0,0,0,26
03/08/2023,FSM,AR,ASW,ES,Combined TRACON& Tower with Radar,4,6,11,4,25,0,0,5,1,6,4,6,16,5,31,0,0,0,31
03/09/2023,FSM,AR,ASW,ES,Combined TRACON& Tower with Radar,5,4,13,2,24,0,0,1,0,1,5,4,14,2,25,0,0,0,25
03/10/2023,FSM,AR,ASW,ES,Combined TRACON& Tower with Radar,5,7,19,3,34,0,0,34,5,39,5,7,53,8,73,12,0,12,85
03/11/2023,FSM,AR,ASW,ES,Combined TRACON& Tower with Radar,5,2,3,2,12,0,0,0,0,0,5,2,3,2,12,0,0,0,12
03/12/2023,FSM,AR,ASW,ES,Combined TRACON& Tower with Radar,5,2,4,0,11,0,0,8,0,8,5,2,12,0,19,22,0,22,41
03/13/2023,FSM,AR,ASW,ES,Combined TRACON& Tower with Radar,5,1,11,1,18,0,2,15,11,28,5,3,26,12,46,4,20,24,70
03/14/2023,FSM,AR,ASW,ES,Combined TRACON& Tower with Radar,4,0,20,2,26,0,0,21,1,22,4,0,41,3,48,10,0,10,58
03/15/2023,FSM,AR,ASW,ES,Combined TRACON& Tower with Radar,4,7,14,3,28,0,0,19,11,30,4,7,33,14,58,2,10,12,70
03/16/2023,FSM,AR,ASW,ES,Combined TRACON& Tower with Radar,3,0,11,0,14,0,1,0,2,3,3,1,11,2,17,0,0,0,17
03/17/2023,FSM,AR,ASW,ES,Combined TRACON& Tower with Radar,5,1,14,2,22,0,0,11,2,13,5,1,25,4,35,0,0,0,35
03/18/2023,FSM,AR,ASW,ES,Combined TRACON& Tower with Radar,5,4,11,1,21,0,1,14,3,18,5,5,25,4,39,0,0,0,39
03/19/2023,FSM,AR,ASW,ES,Combined TRACON& Tower with Radar,5,0,12,5,22,0,0,15,0,15,5,0,27,5,37,26,0,26,63
03/20/2023,FSM,AR,ASW,ES,Combined TRACON& Tower with Radar,5,1,7,2,15,0,2,10,1,13,5,3,17,3,28,0,0,0,28
03/21/2023,FSM,AR,ASW,ES,Combined TRACON& Tower with Radar,5,8,2,0,15,0,0,0,0,0,5,8,2,0,15,0,0,0,15
03/22/2023,FSM,AR,ASW,ES,Combined TRACON& Tower with Radar,3,0,16,3,22,0,1,6,1,8,3,1,22,4,30,0,0,0,30
03/23/2023,FSM,AR,ASW,ES,Combined TRACON& Tower with Radar,5,0,7,0,12,0,1,3,1,5,5,1,10,1,17,0,0,0,17
03/24/2023,FSM,AR,ASW,ES,Combined TRACON& Tower with Radar,5,2,5,0,12,0,0,0,0,0,5,2,5,0,12,0,0,0,12
03/25/2023,FSM,AR,ASW,ES,Combined TRACON& Tower with Radar,5,2,16,1,24,0,0,20,2,22,5,2,36,3,46,16,0,16,62
03/26/2023,FSM,AR,ASW,ES,Combined TRACON& Tower with Radar,5,2,18,0,25,0,2,35,0,37,5,4,53,0,62,0,0,0,62
03/27/2023,FSM,AR,ASW,ES,Combined TRACON& Tower with Radar,5,4,13,0,22,0,0,17,7,24,5,4,30,7,46,2,20,22,68
03/28/2023,FSM,AR,ASW,ES,Combined TRACON& Tower with Radar,4,2,7,0,13,0,1,9,2,12,4,3,16,2,25,0,0,0,25
03/29/2023,FSM,AR,ASW,ES,Combined TRACON& Tower with Radar,4,0,14,7,25,0,0,35,1,36,4,0,49,8,61,16,4,20,81
03/30/2023,FSM,AR,ASW,ES,Combined TRACON& Tower with Radar,5,2,12,6,25,0,0,6,1,7,5,2,18,7,32,10,0,10,42
03/31/2023,FSM,AR,ASW,ES,Combined TRACON& Tower with Radar,5,2,13,0,20,0,0,1,0,1,5,2,14,0,21,0,0,0,21
04/01/2023,FSM,AR,ASW,ES,Combined TRACON& Tower with Radar,5,5,9,0,19,0,1,18,0,19,5,6,27,0,38,0,0,0,38
04/02/2023,FSM,AR,ASW,ES,Combined TRACON& Tower with Radar,3,1,6,0,10,0,0,16,3,19,3,1,22,3,29,0,0,0,29
04/03/2023,FSM,AR,ASW,ES,Combined TRACON& Tower with Radar,5,0,8,1,14,0,2,14,9,25,5,2,22,10,39,0,0,0,39
04/04/2023,FSM,AR,ASW,ES,Combined TRACON& Tower with Radar,6,0,5,1,12,0,0,0,1,1,6,0,5,2,13,0,0,0,13
04/05/2023,FSM,AR,ASW,ES,Combined TRACON& Tower with Radar,5,2,10,1,18,0,2,13,5,20,5,4,23,6,38,11,5,16,54
04/06/2023,FSM,AR,ASW,ES,Combined TRACON& Tower with Radar,5,1,15,9,30,0,0,20,10,30,5,1,35,19,60,12,0,12,72
04/07/2023,FSM,AR,ASW,ES,Combined TRACON& Tower with Radar,5,0,9,2,16,0,1,14,1,16,5,1,23,3,32,40,0,40,72
04/08/2023,FSM,AR,ASW,ES,Combined TRACON& Tower with Radar,5,1,12,2,20,0,2,49,0,51,5,3,61,2,71,62,0,62,133
04/09/2023,FSM,AR,ASW,ES,Combined TRACON& Tower with Radar,4,1,7,0,12,0,0,24,3,27,4,1,31,3,39,6,0,6,45
04/10/2023,FSM,AR,ASW,ES,Combined TRACON& Tower with Radar,5,2,15,4,26,0,8,4,5,17,5,10,19,9,43,2,0,2,45
04/11/2023,FSM,AR,ASW,ES,Combined TRACON& Tower with Radar,6,2,27,0,35,0,0,24,0,24,6,2,51,0,59,4,0,4,63
04/12/2023,FSM,AR,ASW,ES,Combined TRACON& Tower with Radar,5,1,16,2,24,0,0,30,6,36,5,1,46,8,60,0,0,0,60
04/13/2023,FSM,AR,ASW,ES,Combined TRACON& Tower with Radar,5,0,20,2,27,0,2,27,4,33,5,2,47,6,60,4,0,4,64
04/14/2023,FSM,AR,ASW,ES,Combined TRACON& Tower with Radar,5,3,12,4,24,0,0,23,4,27,5,3,35,8,51,24,0,24,75
04/15/2023,FSM,AR,ASW,ES,Combined TRACON& Tower with Radar,5,1,13,2,21,0,0,5,0,5,5,1,18,2,26,0,0,0,26
04/16/2023,FSM,AR,ASW,ES,Combined TRACON& Tower with Radar,5,0,6,2,13,0,1,10,0,11,5,1,16,2,24,0,0,0,24
04/17/2023,FSM,AR,ASW,ES,Combined TRACON& Tower with Radar,5,5,14,0,24,2,0,16,0,18,7,5,30,0,42,36,10,46,88
04/18/2023,FSM,AR,ASW,ES,Combined TRACON& Tower with Radar,6,6,12,4,28,0,0,12,4,16,6,6,24,8,44,0,0,0,44
04/19/2023,FSM,AR,ASW,ES,Combined TRACON& Tower with Radar,7,3,13,4,27,0,0,6,2,8,7,3,19,6,35,6,0,6,41
04/20/2023,FSM,AR,ASW,ES,Combined TRACON& Tower with Radar,5,5,19,0,29,0,0,2,0,2,5,5,21,0,31,0,0,0,31
04/21/2023,FSM,AR,ASW,ES,Combined TRACON& Tower with Radar,5,3,21,12,41,0,0,22,3,25,5,3,43,15,66,0,0,0,66
04/22/2023,FSM,AR,ASW,ES,Combined TRACON& Tower with Radar,5,7,5,0,17,0,2,20,0,22,5,9,25,0,39,0,0,0,39
04/23/2023,FSM,AR,ASW,ES,Combined TRACON& Tower with Radar,5,0,11,0,16,0,0,38,4,42,5,0,49,4,58,0,0,0,58
04/24/2023,FSM,AR,ASW,ES,Combined TRACON& Tower with Radar,5,1,16,7,29,0,1,24,9,34,5,2,40,16,63,8,4,12,75
04/25/2023,FSM,AR,ASW,ES,Combined TRACON& Tower with Radar,6,3,13,0,22,0,0,1,1,2,6,3,14,1,24,0,0,0,24
04/26/2023,FSM,AR,ASW,ES,Combined TRACON& Tower with Radar,4,2,20,2,28,0,0,0,1,1,4,2,20,3,29,0,0,0,29
04/27/2023,FSM,AR,ASW,ES,Combined TRACON& Tower with Radar,7,3,5,0,15,0,0,0,0,0,7,3,5,0,15,0,0,0,15
04/28/2023,FSM,AR,ASW,ES,Combined TRACON& Tower with Radar,5,0,10,0,15,0,0,6,4,10,5,0,16,4,25,0,0,0,25
04/29/2023,FSM,AR,ASW,ES,Combined TRACON& Tower with Radar,5,4,11,0,20,0,0,12,0,12,5,4,23,0,32,0,0,0,32
04/30/2023,FSM,AR,ASW,ES,Combined TRACON& Tower with Radar,5,0,9,2,16,0,1,17,0,18,5,1,26,2,34,0,0,0,34
05/01/2023,FSM,AR,ASW,ES,Combined TRACON& Tower with Radar,5,0,22,6,33,0,0,27,3,30,5,0,49,9,63,4,0,4,67
05/02/2023,FSM,AR,ASW,ES,Combined TRACON& Tower with Radar,6,0,18,0,24,0,0,26,3,29,6,0,44,3,53,0,0,0,53
05/03/2023,FSM,AR,ASW,ES,Combined TRACON& Tower with Radar,5,2,10,6,23,0,2,35,4,41,5,4,45,10,64,8,2,10,74
05/04/2023,FSM,AR,ASW,ES,Combined TRACON& Tower with Radar,5,3,24,2,34,0,0,15,1,16,5,3,39,3,50,10,0,10,60
05/05/2023,FSM,AR,ASW,ES,Combined TRACON& Tower with Radar,5,1,15,0,21,0,0,4,0,4,5,1,19,0,25,0,0,0,25
05/06/2023,FSM,AR,ASW,ES,Combined TRACON& Tower with Radar,5,6,9,0,20,0,0,8,0,8,5,6,17,0,28,26,0,26,54
05/07/2023,FSM,AR,ASW,ES,Combined TRACON& Tower with Radar,5,3,5,2,15,0,0,14,0,14,5,3,19,2,29,0,0,0,29
05/08/2023,FSM,AR,ASW,ES,Combined TRACON& Tower with Radar,5,3,17,6,31,0,1,19,4,24,5,4,36,10,55,0,0,0,55
05/09/2023,FSM,AR,ASW,ES,Combined TRACON& Tower with Radar,5,2,11,3,21,0,0,31,6,37,5,2,42,9,58,0,0,0,58
05/10/2023,FSM,AR,ASW,ES,Combined TRACON& Tower with Radar,5,1,26,7,39,0,0,12,6,18,5,1,38,13,57,0,0,0,57
05/11/2023,FSM,AR,ASW,ES,Combined TRACON& Tower with Radar,5,5,7,3,20,0,0,5,4,9,5,5,12,7,29,14,10,24,53
05/12/2023,FSM,AR,ASW,ES,Combined TRACON& Tower with Radar,5,3,8,0,16,0,0,11,3,14,5,3,19,3,30,0,0,0,30
05/13/2023,FSM,AR,ASW,ES,Combined TRACON& Tower with Radar,5,8,8,0,21,0,1,7,1,9,5,9,15,1,30,6,0,6,36
05/14/2023,FSM,AR,ASW,ES,Combined TRACON& Tower with Radar,5,2,13,0,20,0,0,2,2,4,5,2,15,2,24,0,0,0,24
05/15/2023,FSM,AR,ASW,ES,Combined TRACON& Tower with Radar,5,2,16,6,29,0,2,8,2,12,5,4,24,8,41,0,0,0,41
05/16/2023,FSM,AR,ASW,ES,Combined TRACON& Tower with Radar,5,10,21,0,36,0,0,3,2,5,5,10,24,2,41,0,0,0,41
05/17/2023,FSM,AR,ASW,ES,Combined TRACON& Tower with Radar,5,5,21,2,33,0,3,9,11,23,5,8,30,13,56,10,0,10,66
05/18/2023,FSM,AR,ASW,ES,Combined TRACON& Tower with Radar,5,3,19,5,32,0,1,35,4,40,5,4,54,9,72,14,0,14,86
05/19/2023,FSM,AR,ASW,ES,Combined TRACON& Tower with Radar,3,2,5,1,11,0,0,0,0,0,3,2,5,1,11,0,0,0,11
05/20/2023,FSM,AR,ASW,ES,Combined TRACON& Tower with Radar,5,2,8,6,21,0,1,21,1,23,5,3,29,7,44,0,0,0,44
05/21/2023,FSM,AR,ASW,ES,Combined TRACON& Tower with Radar,5,8,10,0,23,0,0,23,2,25,5,8,33,2,48,6,0,6,54
05/22/2023,FSM,AR,ASW,ES,Combined TRACON& Tower with Radar,5,4,17,4,30,0,2,25,4,31,5,6,42,8,61,12,8,20,81
05/23/2023,FSM,AR,ASW,ES,Combined TRACON& Tower with Radar,5,1,14,9,29,0,1,23,3,27,5,2,37,12,56,20,0,20,76
05/24/2023,FSM,AR,ASW,ES,Combined TRACON& Tower with Radar,5,3,23,0,31,0,0,17,6,23,5,3,40,6,54,18,0,18,72
05/25/2023,FSM,AR,ASW,ES,Combined TRACON& Tower with Radar,5,2,18,0,25,0,2,34,2,38,5,4,52,2,63,42,0,42,105
05/26/2023,FSM,AR,ASW,ES,Combined TRACON& Tower with Radar,5,1,7,2,15,0,0,12,2,14,5,1,19,4,29,0,0,0,29
05/27/2023,FSM,AR,ASW,ES,Combined TRACON& Tower with Radar,6,5,4,0,15,0,1,15,0,16,6,6,19,0,31,0,0,0,31
05/28/2023,FSM,AR,ASW,ES,Combined TRACON& Tower with Radar,6,5,3,0,14,0,0,16,0,16,6,5,19,0,30,0,0,0,30
05/29/2023,FSM,AR,ASW,ES,Combined TRACON& Tower with Radar,5,2,11,0,18,0,0,31,1,32,5,2,42,1,50,0,0,0,50
05/30/2023,FSM,AR,ASW,ES,Combined TRACON& Tower with Radar,5,2,6,2,15,0,0,15,3,18,5,2,21,5,33,14,0,14,47
05/31/2023,FSM,AR,ASW,ES,Combined TRACON& Tower with Radar,5,5,9,0,19,0,2,25,0,27,5,7,34,0,46,14,0,14,60
06/01/2023,FSM,AR,ASW,ES,Combined TRACON& Tower with Radar,5,3,18,1,27,0,2,31,0,33,5,5,49,1,60,4,0,4,64
06/02/2023,FSM,AR,ASW,ES,Combined TRACON& Tower with Radar,5,1,14,21,41,0,0,23,1,24,5,1,37,22,65,10,0,10,75
06/03/2023,FSM,AR,ASW,ES,Combined TRACON& Tower with Radar,5,4,11,0,20,0,0,4,0,4,5,4,15,0,24,0,0,0,24
06/04/2023,FSM,AR,ASW,ES,Combined TRACON& Tower with Radar,5,0,18,2,25,0,0,8,3,11,5,0,26,5,36,0,0,0,36
06/05/2023,FSM,AR,ASW,ES,Combined TRACON& Tower with Radar,5,0,11,1,17,0,1,4,1,6,5,1,15,2,23,0,0,0,23
06/06/2023,FSM,AR,ASW,ES,Combined TRACON& Tower with Radar,3,1,15,0,19,0,3,19,2,24,3,4,34,2,43,8,0,8,51
06/07/2023,FSM,AR,ASW,ES,Combined TRACON& Tower with Radar,5,0,5,2,12,0,1,22,3,26,5,1,27,5,38,18,24,42,80
06/08/2023,FSM,AR,ASW,ES,Combined TRACON& Tower with Radar,5,0,11,0,16,0,0,19,6,25,5,0,30,6,41,0,0,0,41
06/09/2023,FSM,AR,ASW,ES,Combined TRACON& Tower with Radar,5,9,9,2,25,0,0,7,2,9,5,9,16,4,34,12,0,12,46
06/10/2023,FSM,AR,ASW,ES,Combined TRACON& Tower with Radar,5,0,8,4,17,0,0,0,2,2,5,0,8,6,19,0,0,0,19
06/11/2023,FSM,AR,ASW,ES,Combined TRACON& Tower with Radar,7,0,10,0,17,0,0,9,3,12,7,0,19,3,29,0,0,0,29
06/12/2023,FSM,AR,ASW,ES,Combined TRACON& Tower with Radar,5,3,13,0,21,0,0,9,6,15,5,3,22,6,36,0,0,0,36
06/13/2023,FSM,AR,ASW,ES,Combined TRACON& Tower with Radar,5,5,18,2,30,0,1,21,8,30,5,6,39,10,60,3,1,4,64
06/14/2023,FSM,AR,ASW,ES,Combined TRACON& Tower with Radar,5,2,5,9,21,0,0,7,5,12,5,2,12,14,33,0,0,0,33
06/15/2023,FSM,AR,ASW,ES,Combined TRACON& Tower with Radar,5,2,20,6,33,0,0,28,5,33,5,2,48,11,66,34,13,47,113
06/16/2023,FSM,AR,ASW,ES,Combined TRACON& Tower with Radar,8,3,14,0,25,0,1,9,3,13,8,4,23,3,38,0,0,0,38
06/17/2023,FSM,AR,ASW,ES,Combined TRACON& Tower with Radar,5,2,9,0,16,0,0,9,0,9,5,2,18,0,25,14,0,14,39
06/18/2023,FSM,AR,ASW,ES,Combined TRACON& Tower with Radar,5,0,12,0,17,0,0,6,0,6,5,0,18,0,23,0,0,0,23
06/19/2023,FSM,AR,ASW,ES,Combined TRACON& Tower with Radar,5,2,7,0,14,0,0,13,5,18,5,2,20,5,32,38,0,38,70
06/20/2023,FSM,AR,ASW,ES,Combined TRACON& Tower with Radar,5,1,27,0,33,0,2,55,4,61,5,3,82,4,94,14,0,14,108
06/21/2023,FSM,AR,ASW,ES,Combined TRACON& Tower with Radar,5,2,13,0,20,0,3,25,1,29,5,5,38,1,49,12,0,12,61
06/22/2023,FSM,AR,ASW,ES,Combined TRACON& Tower with Radar,5,3,18,1,27,0,0,30,3,33,5,3,48,4,60,0,0,0,60
06/23/2023,FSM,AR,ASW,ES,Combined TRACON& Tower with Radar,5,2,22,0,29,0,0,52,0,52,5,2,74,0,81,2,0,2,83
06/24/2023,FSM,AR,ASW,ES,Combined TRACON& Tower with Radar,5,4,9,0,18,0,0,15,2,17,5,4,24,2,35,0,0,0,35
06/25/2023,FSM,AR,ASW,ES,Combined TRACON& Tower with Radar,5,5,15,0,25,0,0,9,1,10,5,5,24,1,35,8,0,8,43
06/26/2023,FSM,AR,ASW,ES,Combined TRACON& Tower with Radar,5,3,12,2,22,0,2,16,2,20,5,5,28,4,42,0,0,0,42
06/27/2023,FSM,AR,ASW,ES,Combined TRACON& Tower with Radar,5,1,17,0,23,0,2,16,0,18,5,3,33,0,41,20,0,20,61
06/28/2023,FSM,AR,ASW,ES,Combined TRACON& Tower with Radar,6,1,14,0,21,0,4,10,1,15,6,5,24,1,36,8,0,8,44
06/29/2023,FSM,AR,ASW,ES,Combined TRACON& Tower with Radar,8,4,19,1,32,0,0,18,0,18,8,4,37,1,50,24,0,24,74
06/30/2023,FSM,AR,ASW,ES,Combined TRACON& Tower with Radar,5,1,12,0,18,0,0,14,0,14,5,1,26,0,32,0,0,0,32
07/01/2023,FSM,AR,ASW,ES,Combined TRACON& Tower with Radar,5,4,16,0,25,0,0,16,0,16,5,4,32,0,41,22,0,22,63
07/02/2023,FSM,AR,ASW,ES,Combined TRACON& Tower with Radar,5,2,5,0,12,0,3,9,0,12,5,5,14,0,24,0,0,0,24
07/03/2023,FSM,AR,ASW,ES,Combined TRACON& Tower with Radar,4,1,10,0,15,0,0,11,0,11,4,1,21,0,26,0,0,0,26
07/04/2023,FSM,AR,ASW,ES,Combined TRACON& Tower with Radar,5,1,3,0,9,0,0,10,0,10,5,1,13,0,19,0,0,0,19
07/05/2023,FSM,AR,ASW,ES,Combined TRACON& Tower with Radar,5,2,5,2,14,0,0,19,0,19,5,2,24,2,33,4,0,4,37
07/06/2023,FSM,AR,ASW,ES,Combined TRACON& Tower with Radar,7,0,4,1,12,0,0,7,0,7,7,0,11,1,19,0,0,0,19
07/07/2023,FSM,AR,ASW,ES,Combined TRACON& Tower with Radar,7,2,13,8,30,0,0,15,0,15,7,2,28,8,45,0,0,0,45
07/08/2023,FSM,AR,ASW,ES,Combined TRACON& Tower with Radar,7,6,6,0,19,0,0,7,0,7,7,6,13,0,26,0,0,0,26
07/09/2023,FSM,AR,ASW,ES,Combined TRACON& Tower with Radar,7,0,5,2,14,0,0,6,0,6,7,0,11,2,20,0,0,0,20
07/10/2023,FSM,AR,ASW,ES,Combined TRACON& Tower with Radar,7,0,12,1,20,0,0,16,4,20,7,0,28,5,40,56,6,62,102
07/11/2023,FSM,AR,ASW,ES,Combined TRACON& Tower with Radar,5,2,16,0,23,0,0,8,1,9,5,2,24,1,32,24,0,24,56
07/12/2023,FSM,AR,ASW,ES,Combined TRACON& Tower with Radar,5,4,17,0,26,0,0,30,4,34,5,4,47,4,60,0,0,0,60
07/13/2023,FSM,AR,ASW,ES,Combined TRACON& Tower with Radar,7,3,19,0,29,0,0,23,0,23,7,3,42,0,52,0,0,0,52
07/14/2023,FSM,AR,ASW,ES,Combined TRACON& Tower with Radar,9,6,6,5,26,0,0,8,3,11,9,6,14,8,37,0,0,0,37
07/15/2023,FSM,AR,ASW,ES,Combined TRACON& Tower with Radar,8,6,10,0,24,0,0,19,1,20,8,6,29,1,44,21,0,21,65
07/16/2023,FSM,AR,ASW,ES,Combined TRACON& Tower with Radar,5,5,11,2,23,0,0,19,1,20,5,5,30,3,43,0,0,0,43
07/17/2023,FSM,AR,ASW,ES,Combined TRACON& Tower with Radar,7,4,17,0,28,0,0,36,0,36,7,4,53,0,64,8,0,8,72
07/18/2023,FSM,AR,ASW,ES,Combined TRACON& Tower with Radar,5,7,14,1,27,0,0,27,4,31,5,7,41,5,58,28,0,28,86
07/19/2023,FSM,AR,ASW,ES,Combined TRACON& Tower with Radar,5,5,11,0,21,0,1,24,7,32,5,6,35,7,53,0,0,0,53
07/20/2023,FSM,AR,ASW,ES,Combined TRACON& Tower with Radar,7,5,21,0,33,0,0,27,6,33,7,5,48,6,66,11,22,33,99
07/21/2023,FSM,AR,ASW,ES,Combined TRACON& Tower with Radar,7,7,13,0,27,0,0,24,0,24,7,7,37,0,51,14,0,14,65
07/22/2023,FSM,AR,ASW,ES,Combined TRACON& Tower with Radar,7,1,13,2,23,0,0,13,0,13,7,1,26,2,36,0,0,0,36
07/23/2023,FSM,AR,ASW,ES,Combined TRACON& Tower with Radar,7,4,12,2,25,0,0,13,0,13,7,4,25,2,38,0,0,0,38
07/24/2023,FSM,AR,ASW,ES,Combined TRACON& Tower with Radar,7,1,15,1,24,0,0,14,4,18,7,1,29,5,42,0,0,0,42
07/25/2023,FSM,AR,ASW,ES,Combined TRACON& Tower with Radar,5,4,11,7,27,0,0,16,2,18,5,4,27,9,45,12,0,12,57
07/26/2023,FSM,AR,ASW,ES,Combined TRACON& Tower with Radar,5,4,16,4,29,0,0,21,3,24,5,4,37,7,53,26,0,26,79
07/27/2023,FSM,AR,ASW,ES,Combined TRACON& Tower with Radar,7,2,20,3,32,0,0,36,9,45,7,2,56,12,77,20,0,20,97
07/28/2023,FSM,AR,ASW,ES,Combined TRACON& Tower with Radar,7,0,5,8,20,0,0,32,3,35,7,0,37,11,55,12,0,12,67
07/29/2023,FSM,AR,ASW,ES,Combined TRACON& Tower with Radar,7,3,9,0,19,0,0,28,2,30,7,3,37,2,49,14,0,14,63
07/30/2023,FSM,AR,ASW,ES,Combined TRACON& Tower with Radar,7,4,5,0,16,0,0,20,0,20,7,4,25,0,36,42,0,42,78
07/31/2023,FSM,AR,ASW,ES,Combined TRACON& Tower with Radar,7,8,14,6,35,0,1,27,3,31,7,9,41,9,66,0,0,0,66
08/01/2023,FSM,AR,ASW,ES,Combined TRACON& Tower with Radar,5,2,5,8,20,0,0,24,5,29,5,2,29,13,49,0,0,0,49
08/02/2023,FSM,AR,ASW,ES,Combined TRACON& Tower with Radar,5,2,7,1,15,0,1,14,3,18,5,3,21,4,33,0,0,0,33
08/03/2023,FSM,AR,ASW,ES,Combined TRACON& Tower with Radar,7,5,15,8,35,0,0,17,6,23,7,5,32,14,58,0,1,1,59
08/04/2023,FSM,AR,ASW,ES,Combined TRACON& Tower with Radar,5,2,7,0,14,0,2,14,1,17,5,4,21,1,31,0,0,0,31
08/05/2023,FSM,AR,ASW,ES,Combined TRACON& Tower with Radar,5,1,4,2,12,0,0,7,1,8,5,1,11,3,20,0,0,0,20
08/06/2023,FSM,AR,ASW,ES,Combined TRACON& Tower with Radar,4,2,9,0,15,0,1,22,0,23,4,3,31,0,38,6,0,6,44
08/07/2023,FSM,AR,ASW,ES,Combined TRACON& Tower with Radar,7,2,13,3,25,0,0,10,1,11,7,2,23,4,36,6,0,6,42
08/08/2023,FSM,AR,ASW,ES,Combined TRACON& Tower with Radar,5,3,13,6,27,0,0,18,3,21,5,3,31,9,48,20,0,20,68
08/09/2023,FSM,AR,ASW,ES,Combined TRACON& Tower with Radar,8,4,15,5,32,0,0,8,0,8,8,4,23,5,40,0,0,0,40
08/10/2023,FSM,AR,ASW,ES,Combined TRACON& Tower with Radar,5,1,18,1,25,0,0,31,2,33,5,1,49,3,58,10,0,10,68
08/11/2023,FSM,AR,ASW,ES,Combined TRACON& Tower with Radar,5,1,13,3,22,0,0,32,1,33,5,1,45,4,55,4,0,4,59
08/12/2023,FSM,AR,ASW,ES,Combined TRACON& Tower with Radar,5,0,11,2,18,0,0,28,0,28,5,0,39,2,46,30,0,30,76
08/13/2023,FSM,AR,ASW,ES,Combined TRACON& Tower with Radar,4,4,13,0,21,0,1,18,0,19,4,5,31,0,40,8,0,8,48
08/14/2023,FSM,AR,ASW,ES,Combined TRACON& Tower with Radar,5,3,16,2,26,0,1,9,5,15,5,4,25,7,41,18,0,18,59
08/15/2023,FSM,AR,ASW,ES,Combined TRACON& Tower with Radar,7,0,13,2,22,0,0,25,4,29,7,0,38,6,51,6,0,6,57
08/16/2023,FSM,AR,ASW,ES,Combined TRACON& Tower with Radar,4,6,17,2,29,1,0,24,5,30,5,6,41,7,59,3,0,3,62
08/17/2023,FSM,AR,ASW,ES,Combined TRACON& Tower with Radar,6,1,12,4,23,0,0,28,7,35,6,1,40,11,58,52,0,52,110
08/18/2023,FSM,AR,ASW,ES,Combined TRACON& Tower with Radar,5,0,16,2,23,0,1,25,0,26,5,1,41,2,49,23,0,23,72
08/19/2023,FSM,AR,ASW,ES,Combined TRACON& Tower with Radar,5,0,9,0,14,0,0,26,0,26,5,0,35,0,40,0,0,0,40
08/20/2023,FSM,AR,ASW,ES,Combined TRACON& Tower with Radar,5,1,7,6,19,0,0,14,5,19,5,1,21,11,38,6,0,6,44
08/21/2023,FSM,AR,ASW,ES,Combined TRACON& Tower with Radar,5,3,9,6,23,0,0,17,1,18,5,3,26,7,41,8,0,8,49
08/22/2023,FSM,AR,ASW,ES,Combined TRACON& Tower with Radar,5,2,9,2,18,2,0,20,4,26,7,2,29,6,44,0,0,0,44
08/23/2023,FSM,AR,ASW,ES,Combined TRACON& Tower with Radar,5,1,14,0,20,0,0,22,0,22,5,1,36,0,42,18,0,18,60
08/24/2023,FSM,AR,ASW,ES,Combined TRACON& Tower with Radar,5,3,10,2,20,0,0,7,1,8,5,3,17,3,28,14,0,14,42
08/25/2023,FSM,AR,ASW,ES,Combined TRACON& Tower with Radar,5,2,12,0,19,0,0,17,0,17,5,2,29,0,36,32,0,32,68
08/26/2023,FSM,AR,ASW,ES,Combined TRACON& Tower with Radar,5,3,15,0,23,0,0,11,0,11,5,3,26,0,34,0,0,0,34
08/27/2023,FSM,AR,ASW,ES,Combined TRACON& Tower with Radar,5,4,9,0,18,0,0,9,0,9,5,4,18,0,27,0,0,0,27
08/28/2023,FSM,AR,ASW,ES,Combined TRACON& Tower with Radar,5,5,13,1,24,0,0,14,1,15,5,5,27,2,39,58,0,58,97
08/29/2023,FSM,AR,ASW,ES,Combined TRACON& Tower with Radar,5,15,21,0,41,0,2,39,1,42,5,17,60,1,83,0,0,0,83
08/30/2023,FSM,AR,ASW,ES,Combined TRACON& Tower with Radar,5,3,15,2,25,0,1,29,1,31,5,4,44,3,56,9,0,9,65
08/31/2023,FSM,AR,ASW,ES,Combined TRACON& Tower with Radar,5,15,27,3,50,0,3,23,2,28,5,18,50,5,78,70,0,70,148
01/01/2020,FSM,AR,ASW,CE,Combined TRACON& Tower with Radar,2,7,6,0,15,0,0,16,0,16,2,7,22,0,31,8,0,8,39
01/02/2020,FSM,AR,ASW,CE,Combined TRACON& Tower with Radar,2,9,8,0,19,0,0,4,0,4,2,9,12,0,23,8,0,8,31
01/03/2020,FSM,AR,ASW,CE,Combined TRACON& Tower with Radar,2,8,19,0,29,0,0,20,0,20,2,8,39,0,49,80,0,80,129
01/04/2020,FSM,AR,ASW,CE,Combined TRACON& Tower with Radar,2,8,13,0,23,0,0,35,0,35,2,8,48,0,58,28,0,28,86
01/05/2020,FSM,AR,ASW,CE,Combined TRACON& Tower with Radar,4,13,10,0,27,0,1,33,0,34,4,14,43,0,61,64,0,64,125
01/06/2020,FSM,AR,ASW,CE,Combined TRACON& Tower with Radar,2,10,21,1,34,0,2,30,1,33,2,12,51,2,67,34,0,34,101
01/07/2020,FSM,AR,ASW,CE,Combined TRACON& Tower with Radar,1,12,12,12,37,0,3,30,12,45,1,15,42,24,82,64,20,84,166
01/08/2020,FSM,AR,ASW,CE,Combined TRACON& Tower with Radar,3,10,17,25,55,0,2,30,8,40,3,12,47,33,95,26,14,40,135
01/09/2020,FSM,AR,ASW,CE,Combined TRACON& Tower with Radar,3,15,16,2,36,0,0,0,3,3,3,15,16,5,39,0,0,0,39
01/10/2020,FSM,AR,ASW,CE,Combined TRACON& Tower with Radar,1,10,0,0,11,0,0,0,0,0,1,10,0,0,11,0,0,0,11
01/11/2020,FSM,AR,ASW,CE,Combined TRACON& Tower with Radar,0,6,1,0,7,0,0,0,0,0,0,6,1,0,7,0,0,0,7
01/12/2020,FSM,AR,ASW,CE,Combined TRACON& Tower with Radar,2,13,15,0,30,0,1,7,0,8,2,14,22,0,38,54,0,54,92
01/13/2020,FSM,AR,ASW,CE,Combined TRACON& Tower with Radar,2,14,18,10,44,0,0,8,2,10,2,14,26,12,54,10,4,14,68
01/14/2020,FSM,AR,ASW,CE,Combined TRACON& Tower with Radar,2,12,14,26,54,0,0,2,4,6,2,12,16,30,60,0,8,8,68
01/15/2020,FSM,AR,ASW,CE,Combined TRACON& Tower with Radar,3,11,16,8,38,0,0,2,3,5,3,11,18,11,43,16,24,40,83
01/16/2020,FSM,AR,ASW,CE,Combined TRACON& Tower with Radar,3,11,16,4,34,0,0,20,3,23,3,11,36,7,57,32,12,44,101
01/17/2020,FSM,AR,ASW,CE,Combined TRACON& Tower with Radar,3,15,6,2,26,0,0,0,0,0,3,15,6,2,26,0,0,0,26
01/18/2020,FSM,AR,ASW,CE,Combined TRACON& Tower with Radar,1,8,13,3,25,0,1,18,0,19,1,9,31,3,44,6,0,6,50
01/19/2020,FSM,AR,ASW,CE,Combined TRACON& Tower with Radar,2,12,9,0,23,0,0,17,0,17,2,12,26,0,40,18,0,18,58
01/20/2020,FSM,AR,ASW,CE,Combined TRACON& Tower with Radar,2,10,24,2,38,0,7,35,3,45,2,17,59,5,83,110,0,110,193
01/21/2020,FSM,AR,ASW,CE,Combined TRACON& Tower with Radar,2,11,18,13,44,0,0,14,1,15,2,11,32,14,59,62,0,62,121
01/22/2020,FSM,AR,ASW,CE,Combined TRACON& Tower with Radar,3,9,7,0,19,0,0,0,0,0,3,9,7,0,19,0,0,0,19
01/23/2020,FSM,AR,ASW,CE,Combined TRACON& Tower with Radar,3,10,13,8,34,0,0,0,0,0,3,10,13,8,34,0,0,0,34
01/24/2020,FSM,AR,ASW,CE,Combined TRACON& Tower with Radar,3,11,10,4,28,0,0,9,1,10,3,11,19,5,38,2,0,2,40
01/25/2020,FSM,AR,ASW,CE,Combined TRACON& Tower with Radar,1,6,13,9,29,0,2,38,1,41,1,8,51,10,70,70,0,70,140
01/26/2020,FSM,AR,ASW,CE,Combined TRACON& Tower with Radar,2,12,23,8,45,0,0,3,2,5,2,12,26,10,50,82,12,94,144
01/27/2020,FSM,AR,ASW,CE,Combined TRACON& Tower with Radar,2,12,18,15,47,0,0,18,1,19,2,12,36,16,66,24,0,24,90
01/28/2020,FSM,AR,ASW,CE,Combined TRACON& Tower with Radar,2,9,11,0,22,0,0,0,0,0,2,9,11,0,22,0,0,0,22
01/29/2020,FSM,AR,ASW,CE,Combined TRACON& Tower with Radar,3,11,12,4,30,0,0,0,0,0,3,11,12,4,30,0,0,0,30
01/30/2020,FSM,AR,ASW,CE,Combined TRACON& Tower with Radar,3,12,20,2,37,0,0,0,0,0,3,12,20,2,37,0,0,0,37
01/31/2020,FSM,AR,ASW,CE,Combined TRACON& Tower with Radar,3,14,6,5,28,0,1,9,0,10,3,15,15,5,38,0,0,0,38
02/01/2020,FSM,AR,ASW,ES,Combined TRACON& Tower with Radar,5,10,22,0,37,0,1,53,0,54,5,11,75,0,91,84,0,84,175
02/02/2020,FSM,AR,ASW,ES,Combined TRACON& Tower with Radar,2,9,18,0,29,0,1,36,0,37,2,10,54,0,66,48,0,48,114
02/03/2020,FSM,AR,ASW,ES,Combined TRACON& Tower with Radar,2,12,16,8,38,0,2,16,1,19,2,14,32,9,57,28,0,28,85
02/04/2020,FSM,AR,ASW,ES,Combined TRACON& Tower with Radar,2,8,18,8,36,0,0,0,0,0,2,8,18,8,36,0,0,0,36
02/05/2020,FSM,AR,ASW,ES,Combined TRACON& Tower with Radar,3,11,11,28,53,0,0,0,1,1,3,11,11,29,54,0,0,0,54
02/06/2020,FSM,AR,ASW,ES,Combined TRACON& Tower with Radar,3,12,8,7,30,0,0,0,2,2,3,12,8,9,32,0,10,10,42
02/07/2020,FSM,AR,ASW,ES,Combined TRACON& Tower with Radar,3,10,19,25,57,0,0,27,5,32,3,10,46,30,89,16,0,16,105
02/08/2020,FSM,AR,ASW,ES,Combined TRACON& Tower with Radar,1,5,13,0,19,0,2,46,2,50,1,7,59,2,69,68,0,68,137
02/09/2020,FSM,AR,ASW,ES,Combined TRACON& Tower with Radar,2,11,4,2,19,0,0,2,0,2,2,11,6,2,21,30,0,30,51
02/10/2020,FSM,AR,ASW,ES,Combined TRACON& Tower with Radar,2,13,16,10,41,0,0,1,0,1,2,13,17,10,42,0,32,32,74
02/11/2020,FSM,AR,ASW,ES,Combined TRACON& Tower with Radar,2,8,25,42,77,0,0,17,6,23,2,8,42,48,100,92,80,172,272
02/12/2020,FSM,AR,ASW,ES,Combined TRACON& Tower with Radar,3,10,14,16,43,0,0,0,0,0,3,10,14,16,43,0,0,0,43
02/13/2020,FSM,AR,ASW,ES,Combined TRACON& Tower with Radar,3,10,35,8,56,0,0,13,4,17,3,10,48,12,73,60,0,60,133
02/14/2020,FSM,AR,ASW,ES,Combined TRACON& Tower with Radar,3,10,19,15,47,0,0,21,4,25,3,10,40,19,72,72,14,86,158
02/15/2020,FSM,AR,ASW,ES,Combined TRACON& Tower with Radar,3,5,14,0,22,0,0,39,0,39,3,5,53,0,61,0,0,0,61
02/16/2020,FSM,AR,ASW,ES,Combined TRACON& Tower with Radar,3,11,16,0,30,0,1,9,0,10,3,12,25,0,40,0,0,0,40
02/17/2020,FSM,AR,ASW,ES,Combined TRACON& Tower with Radar,3,13,25,12,53,0,0,6,0,6,3,13,31,12,59,0,0,0,59
02/18/2020,FSM,AR,ASW,ES,Combined TRACON& Tower with Radar,3,8,17,26,54,0,2,10,0,12,3,10,27,26,66,14,62,76,142
02/19/2020,FSM,AR,ASW,ES,Combined TRACON& Tower with Radar,3,11,12,22,48,0,0,22,0,22,3,11,34,22,70,38,0,38,108
02/20/2020,FSM,AR,ASW,ES,Combined TRACON& Tower with Radar,3,13,15,10,41,0,0,10,0,10,3,13,25,10,51,26,0,26,77
02/21/2020,FSM,AR,ASW,ES,Combined TRACON& Tower with Radar,3,15,19,27,64,0,1,50,5,56,3,16,69,32,120,48,36,84,204
02/22/2020,FSM,AR,ASW,ES,Combined TRACON& Tower with Radar,5,4,7,0,16,0,0,35,2,37,5,4,42,2,53,52,18,70,123
02/23/2020,FSM,AR,ASW,ES,Combined TRACON& Tower with Radar,3,12,5,8,28,0,0,0,0,0,3,12,5,8,28,0,0,0,28
02/24/2020,FSM,AR,ASW,ES,Combined TRACON& Tower with Radar,3,11,19,17,50,0,0,0,0,0,3,11,19,17,50,0,0,0,50
02/25/2020,FSM,AR,ASW,ES,Combined TRACON& Tower with Radar,3,10,13,25,51,0,0,5,6,11,3,10,18,31,62,24,0,24,86
02/26/2020,FSM,AR,ASW,ES,Combined TRACON& Tower with Radar,3,8,10,26,47,0,0,2,6,8,3,8,12,32,55,8,0,8,63
02/27/2020,FSM,AR,ASW,ES,Combined TRACON& Tower with Radar,3,12,20,12,47,0,0,30,8,38,3,12,50,20,85,26,0,26,111
02/28/2020,FSM,AR,ASW,ES,Combined TRACON& Tower with Radar,3,10,17,53,83,0,0,16,1,17,3,10,33,54,100,50,12,62,162
02/29/2020,FSM,AR,ASW,ES,Combined TRACON& Tower with Radar,3,6,8,0,17,0,0,41,2,43,3,6,49,2,60,52,0,52,112
03/01/2020,FSM,AR,ASW,ES,Combined TRACON& Tower with Radar,3,13,7,0,23,0,0,4,0,4,3,13,11,0,27,0,0,0,27
03/02/2020,FSM,AR,ASW,ES,Combined TRACON& Tower with Radar,3,10,10,12,35,0,0,9,2,11,3,10,19,14,46,26,0,26,72
03/03/2020,FSM,AR,ASW,ES,Combined TRACON& Tower with Radar,3,8,15,23,49,0,2,30,8,40,3,10,45,31,89,78,2,80,169
03/04/2020,FSM,AR,ASW,ES,Combined TRACON& Tower with Radar,3,11,15,22,51,0,1,16,6,23,3,12,31,28,74,30,62,92,166
03/05/2020,FSM,AR,ASW,ES,Combined TRACON& Tower with Radar,3,15,25,35,78,0,0,26,1,27,3,15,51,36,105,52,0,52,157
03/06/2020,FSM,AR,ASW,ES,Combined TRACON& Tower with Radar,3,20,14,14,51,0,0,40,3,43,3,20,54,17,94,136,12,148,242
03/07/2020,FSM,AR,ASW,ES,Combined TRACON& Tower with Radar,3,4,18,4,29,0,0,33,2,35,3,4,51,6,64,54,0,54,118
03/08/2020,FSM,AR,ASW,ES,Combined TRACON& Tower with Radar,3,12,7,2,24,0,0,21,0,21,3,12,28,2,45,0,0,0,45
03/09/2020,FSM,AR,ASW,ES,Combined TRACON& Tower with Radar,3,13,13,8,37,0,0,0,0,0,3,13,13,8,37,0,20,20,57
03/10/2020,FSM,AR,ASW,ES,Combined TRACON& Tower with Radar,3,7,15,14,39,0,0,36,0,36,3,7,51,14,75,86,0,86,161
03/11/2020,FSM,AR,ASW,ES,Combined TRACON& Tower with Radar,3,12,16,9,40,0,0,6,2,8,3,12,22,11,48,22,16,38,86
03/12/2020,FSM,AR,ASW,ES,Combined TRACON& Tower with Radar,3,12,14,37,66,0,0,4,13,17,3,12,18,50,83,0,42,42,125
03/13/2020,FSM,AR,ASW,ES,Combined TRACON& Tower with Radar,3,10,8,1,22,0,0,5,0,5,3,10,13,1,27,12,0,12,39
03/14/2020,FSM,AR,ASW,ES,Combined TRACON& Tower with Radar,5,6,5,0,16,0,0,0,0,0,5,6,5,0,16,0,0,0,16
03/15/2020,FSM,AR,ASW,ES,Combined TRACON& Tower with Radar,4,16,17,20,57,0,0,0,0,0,4,16,17,20,57,0,0,0,57
03/16/2020,FSM,AR,ASW,ES,Combined TRACON& Tower with Radar,4,12,7,6,29,0,0,0,0,0,4,12,7,6,29,0,0,0,29
03/17/2020,FSM,AR,ASW,ES,Combined TRACON& Tower with Radar,3,7,2,4,16,0,0,1,0,1,3,7,3,4,17,0,0,0,17
03/18/2020,FSM,AR,ASW,ES,Combined TRACON& Tower with Radar,3,11,6,14,34,0,0,4,0,4,3,11,10,14,38,0,12,12,50
03/19/2020,FSM,AR,ASW,ES,Combined TRACON& Tower with Radar,3,10,0,0,13,0,0,1,0,1,3,10,1,0,14,2,0,2,16
03/20/2020,FSM,AR,ASW,ES,Combined TRACON& Tower with Radar,3,10,3,8,24,0,0,3,0,3,3,10,6,8,27,12,0,12,39
03/21/2020,FSM,AR,ASW,ES,Combined TRACON& Tower with Radar,3,2,14,17,36,0,0,34,7,41,3,2,48,24,77,42,0,42,119
03/22/2020,FSM,AR,ASW,ES,Combined TRACON& Tower with Radar,3,14,2,0,19,0,0,0,0,0,3,14,2,0,19,0,0,0,19
03/23/2020,FSM,AR,ASW,ES,Combined TRACON& Tower with Radar,3,12,13,6,34,0,0,0,0,0,3,12,13,6,34,0,0,0,34
03/24/2020,FSM,AR,ASW,ES,Combined TRACON& Tower with Radar,4,4,7,10,25,0,0,20,0,20,4,4,27,10,45,28,0,28,73
03/25/2020,FSM,AR,ASW,ES,Combined TRACON& Tower with Radar,2,4,21,10,37,0,0,38,4,42,2,4,59,14,79,16,30,46,125
03/26/2020,FSM,AR,ASW,ES,Combined TRACON& Tower with Radar,2,8,5,6,21,12,0,21,0,33,14,8,26,6,54,0,0,0,54
03/27/2020,FSM,AR,ASW,ES,Combined TRACON& Tower with Radar,3,4,6,1,14,0,0,7,1,8,3,4,13,2,22,28,26,54,76
03/28/2020,FSM,AR,ASW,ES,Combined TRACON& Tower with Radar,2,2,1,0,5,0,0,5,0,5,2,2,6,0,10,0,0,0,10
03/29/2020,FSM,AR,ASW,ES,Combined TRACON& Tower with Radar,3,8,4,0,15,0,1,41,0,42,3,9,45,0,57,0,0,0,57
03/30/2020,FSM,AR,ASW,ES,Combined TRACON& Tower with Radar,4,8,4,0,16,0,0,0,0,0,4,8,4,0,16,16,0,16,32
03/31/2020,FSM,AR,ASW,ES,Combined TRACON& Tower with Radar,3,4,2,4,13,0,0,16,0,16,3,4,18,4,29,20,0,20,49
04/01/2020,FSM,AR,ASW,ES,Combined TRACON& Tower with Radar,3,5,5,6,19,0,0,9,1,10,3,5,14,7,29,30,0,30,59
04/02/2020,FSM,AR,ASW,ES,Combined TRACON& Tower with Radar,1,4,9,6,20,0,0,10,4,14,1,4,19,10,34,0,0,0,34
04/03/2020,FSM,AR,ASW,ES,Combined TRACON& Tower with Radar,1,6,0,0,7,0,0,0,0,0,1,6,0,0,7,0,0,0,7
04/04/2020,FSM,AR,ASW,ES,Combined TRACON& Tower with Radar,1,2,3,0,6,0,0,0,0,0,1,2,3,0,6,0,0,0,6
04/05/2020,FSM,AR,ASW,ES,Combined TRACON& Tower with Radar,1,4,15,0,20,0,0,9,0,9,1,4,24,0,29,0,0,0,29
04/06/2020,FSM,AR,ASW,ES,Combined TRACON& Tower with Radar,0,2,8,0,10,0,0,8,0,8,0,2,16,0,18,14,0,14,32
04/07/2020,FSM,AR,ASW,ES,Combined TRACON& Tower with Radar,1,4,13,4,22,0,0,14,0,14,1,4,27,4,36,12,20,32,68
04/08/2020,FSM,AR,ASW,ES,Combined TRACON& Tower with Radar,0,2,7,6,15,0,1,19,2,22,0,3,26,8,37,33,16,49,86
04/09/2020,FSM,AR,ASW,ES,Combined TRACON& Tower with Radar,0,4,1,0,5,0,0,14,0,14,0,4,15,0,19,34,0,34,53
04/10/2020,FSM,AR,ASW,ES,Combined TRACON& Tower with Radar,0,4,18,6,28,0,2,39,0,41,0,6,57,6,69,30,0,30,99
04/11/2020,FSM,AR,ASW,ES,Combined TRACON& Tower with Radar,2,2,10,0,14,0,1,12,0,13,2,3,22,0,27,0,0,0,27
04/12/2020,FSM,AR,ASW,ES,Combined TRACON& Tower with Radar,0,4,0,0,4,0,0,3,0,3,0,4,3,0,7,0,0,0,7
04/13/2020,FSM,AR,ASW,ES,Combined TRACON& Tower with Radar,0,4,7,20,31,0,0,16,2,18,0,4,23,22,49,0,0,0,49
04/14/2020,FSM,AR,ASW,ES,Combined TRACON& Tower with Radar,0,4,6,0,10,0,0,21,0,21,0,4,27,0,31,28,0,28,59
04/15/2020,FSM,AR,ASW,ES,Combined TRACON& Tower with Radar,0,6,7,4,17,0,2,30,0,32,0,8,37,4,49,0,0,0,49
04/16/2020,FSM,AR,ASW,ES,Combined TRACON& Tower with Radar,0,5,13,19,37,0,2,16,11,29,0,7,29,30,66,0,32,32,98
04/17/2020,FSM,AR,ASW,ES,Combined TRACON& Tower with Radar,0,7,7,6,20,0,0,0,0,0,0,7,7,6,20,0,0,0,20
04/18/2020,FSM,AR,ASW,ES,Combined TRACON& Tower with Radar,0,4,12,0,16,0,0,28,1,29,0,4,40,1,45,14,0,14,59
04/19/2020,FSM,AR,ASW,ES,Combined TRACON& Tower with Radar,0,5,4,0,9,0,0,0,0,0,0,5,4,0,9,0,0,0,9
04/20/2020,FSM,AR,ASW,ES,Combined TRACON& Tower with Radar,0,2,14,20,36,0,2,23,0,25,0,4,37,20,61,6,0,6,67
04/21/2020,FSM,AR,ASW,ES,Combined TRACON& Tower with Radar,0,6,7,0,13,0,0,20,0,20,0,6,27,0,33,28,0,28,61
04/22/2020,FSM,AR,ASW,ES,Combined TRACON& Tower with Radar,0,4,1,0,5,0,0,0,0,0,0,4,1,0,5,0,0,0,5
04/23/2020,FSM,AR,ASW,ES,Combined TRACON& Tower with Radar,0,2,17,16,35,0,0,13,0,13,0,2,30,16,48,6,26,32,80
04/24/2020,FSM,AR,ASW,ES,Combined TRACON& Tower with Radar,0,6,7,0,13,0,0,2,0,2,0,6,9,0,15,26,0,26,41
04/25/2020,FSM,AR,ASW,ES,Combined TRACON& Tower with Radar,2,2,5,5,14,0,1,10,3,14,2,3,15,8,28,0,0,0,28
04/26/2020,FSM,AR,ASW,ES,Combined TRACON& Tower with Radar,0,4,10,0,14,0,1,53,0,54,0,5,63,0,68,14,0,14,82
04/27/2020,FSM,AR,ASW,ES,Combined TRACON& Tower with Radar,0,2,9,3,14,0,0,11,4,15,0,2,20,7,29,0,0,0,29
04/28/2020,FSM,AR,ASW,ES,Combined TRACON& Tower with Radar,2,4,11,20,37,0,1,5,0,6,2,5,16,20,43,0,0,0,43
04/29/2020,FSM,AR,ASW,ES,Combined TRACON& Tower with Radar,0,4,9,9,22,0,1,9,0,10,0,5,18,9,32,0,0,0,32
04/30/2020,FSM,AR,ASW,ES,Combined TRACON& Tower with Radar,2,6,22,10,40,0,1,37,2,40,2,7,59,12,80,54,22,76,156
05/01/2020,FSM,AR,ASW,ES,Combined TRACON& Tower with Radar,0,7,17,0,24,0,1,19,0,20,0,8,36,0,44,0,0,0,44
05/02/2020,FSM,AR,ASW,ES,Combined TRACON& Tower with Radar,2,3,3,9,17,0,0,24,4,28,2,3,27,13,45,36,0,36,81
05/03/2020,FSM,AR,ASW,ES,Combined TRACON& Tower with Radar,2,5,5,0,12,0,0,14,0,14,2,5,19,0,26,24,0,24,50
05/04/2020,FSM,AR,ASW,ES,Combined TRACON& Tower with Radar,0,6,7,4,17,0,0,7,0,7,0,6,14,4,24,0,0,0,24
05/05/2020,FSM,AR,ASW,ES,Combined TRACON& Tower with Radar,0,6,14,7,27,0,1,11,3,15,0,7,25,10,42,0,0,0,42
05/06/2020,FSM,AR,ASW,ES,Combined TRACON& Tower with Radar,2,7,18,5,32,0,1,17,1,19,2,8,35,6,51,14,0,14,65
05/07/2020,FSM,AR,ASW,ES,Combined TRACON& Tower with Radar,0,3,12,11,26,0,1,18,5,24,0,4,30,16,50,28,6,34,84
05/08/2020,FSM,AR,ASW,ES,Combined TRACON& Tower with Radar,0,7,10,12,29,0,0,8,1,9,0,7,18,13,38,0,0,0,38
05/09/2020,FSM,AR,ASW,ES,Combined TRACON& Tower with Radar,0,4,13,16,33,0,2,46,0,48,0,6,59,16,81,16,0,16,97
05/10/2020,FSM,AR,ASW,ES,Combined TRACON& Tower with Radar,0,5,15,1,21,0,0,18,3,21,0,5,33,4,42,26,0,26,68
05/11/2020,FSM,AR,ASW,ES,Combined TRACON& Tower with Radar,0,4,7,22,33,0,1,19,6,26,0,5,26,28,59,14,0,14,73
05/12/2020,FSM,AR,ASW,ES,Combined TRACON& Tower with Radar,0,10,3,6,19,0,0,0,0,0,0,10,3,6,19,0,0,0,19
05/13/2020,FSM,AR,ASW,ES,Combined TRACON& Tower with Radar,0,6,25,16,47,0,0,7,0,7,0,6,32,16,54,10,0,10,64
05/14/2020,FSM,AR,ASW,ES,Combined TRACON& Tower with Radar,0,4,21,12,37,0,0,17,0,17,0,4,38,12,54,10,0,10,64
05/15/2020,FSM,AR,ASW,ES,Combined TRACON& Tower with Radar,0,6,1,0,7,0,0,0,0,0,0,6,1,0,7,0,0,0,7
05/16/2020,FSM,AR,ASW,ES,Combined TRACON& Tower with Radar,0,3,4,4,11,0,0,2,0,2,0,3,6,4,13,0,0,0,13
05/17/2020,FSM,AR,ASW,ES,Combined TRACON& Tower with Radar,0,7,6,5,18,0,0,9,3,12,0,7,15,8,30,10,0,10,40
05/18/2020,FSM,AR,ASW,ES,Combined TRACON& Tower with Radar,0,7,20,20,47,0,1,24,10,35,0,8,44,30,82,16,10,26,108
05/19/2020,FSM,AR,ASW,ES,Combined TRACON& Tower with Radar,0,8,22,19,49,0,5,30,18,53,0,13,52,37,102,36,74,110,212
05/20/2020,FSM,AR,ASW,ES,Combined TRACON& Tower with Radar,0,2,11,18,31,0,1,28,12,41,0,3,39,30,72,50,0,50,122
05/21/2020,FSM,AR,ASW,ES,Combined TRACON& Tower with Radar,0,6,22,5,33,0,0,31,2,33,0,6,53,7,66,70,0,70,136
05/22/2020,FSM,AR,ASW,ES,Combined TRACON& Tower with Radar,0,5,7,0,12,0,0,4,0,4,0,5,11,0,16,0,0,0,16
05/23/2020,FSM,AR,ASW,ES,Combined TRACON& Tower with Radar,0,4,5,0,9,0,1,22,0,23,0,5,27,0,32,30,0,30,62
05/24/2020,FSM,AR,ASW,ES,Combined TRACON& Tower with Radar,0,3,2,0,5,0,0,6,0,6,0,3,8,0,11,0,0,0,11
05/25/2020,FSM,AR,ASW,ES,Combined TRACON& Tower with Radar,0,6,1,1,8,0,0,0,0,0,0,6,1,1,8,0,0,0,8
05/26/2020,FSM,AR,ASW,ES,Combined TRACON& Tower with Radar,0,8,12,18,38,0,0,8,0,8,0,8,20,18,46,0,0,0,46
05/27/2020,FSM,AR,ASW,ES,Combined TRACON& Tower with Radar,0,8,4,0,12,0,0,4,0,4,0,8,8,0,16,14,0,14,30
05/28/2020,FSM,AR,ASW,ES,Combined TRACON& Tower with Radar,0,7,10,8,25,0,0,13,0,13,0,7,23,8,38,0,0,0,38
05/29/2020,FSM,AR,ASW,ES,Combined TRACON& Tower with Radar,0,4,37,18,59,0,0,51,4,55,0,4,88,22,114,0,0,0,114
05/30/2020,FSM,AR,ASW,ES,Combined TRACON& Tower with Radar,0,2,14,0,16,0,0,53,0,53,0,2,67,0,69,26,0,26,95
05/31/2020,FSM,AR,ASW,ES,Combined TRACON& Tower with Radar,0,6,7,0,13,0,0,22,0,22,0,6,29,0,35,0,0,0,35
06/01/2020,FSM,AR,ASW,ES,Combined TRACON& Tower with Radar,0,4,10,17,31,0,0,28,2,30,0,4,38,19,61,4,0,4,65
06/02/2020,FSM,AR,ASW,ES,Combined TRACON& Tower with Radar,0,4,19,30,53,0,1,32,0,33,0,5,51,30,86,10,4,14,100
06/03/2020,FSM,AR,ASW,ES,Combined TRACON& Tower with Radar,0,6,19,4,29,0,0,22,0,22,0,6,41,4,51,26,14,40,91
06/04/2020,FSM,AR,ASW,ES,Combined TRACON& Tower with Radar,0,6,12,12,30,0,0,11,6,17,0,6,23,18,47,0,0,0,47
06/05/2020,FSM,AR,ASW,ES,Combined TRACON& Tower with Radar,0,6,9,2,17,0,1,38,0,39,0,7,47,2,56,36,0,36,92
06/06/2020,FSM,AR,ASW,ES,Combined TRACON& Tower with Radar,0,4,9,8,21,0,0,38,0,38,0,4,47,8,59,72,0,72,131
06/07/2020,FSM,AR,ASW,ES,Combined TRACON& Tower with Radar,2,4,1,14,21,0,1,23,0,24,2,5,24,14,45,12,6,18,63
06/08/2020,FSM,AR,ASW,ES,Combined TRACON& Tower with Radar,0,8,9,11,28,0,0,14,2,16,0,8,23,13,44,24,0,24,68
06/09/2020,FSM,AR,ASW,ES,Combined TRACON& Tower with Radar,0,5,9,2,16,0,0,7,0,7,0,5,16,2,23,52,0,52,75
06/10/2020,FSM,AR,ASW,ES,Combined TRACON& Tower with Radar,0,4,18,14,36,0,1,9,0,10,0,5,27,14,46,4,0,4,50
06/11/2020,FSM,AR,ASW,ES,Combined TRACON& Tower with Radar,0,7,21,6,34,0,1,53,0,54,0,8,74,6,88,26,0,26,114
06/12/2020,FSM,AR,ASW,ES,Combined TRACON& Tower with Radar,0,4,20,10,34,0,2,51,2,55,0,6,71,12,89,14,0,14,103
06/13/2020,FSM,AR,ASW,ES,Combined TRACON& Tower with Radar,0,6,17,2,25,0,1,41,0,42,0,7,58,2,67,16,0,16,83
06/14/2020,FSM,AR,ASW,ES,Combined TRACON& Tower with Radar,0,4,13,4,21,0,0,24,0,24,0,4,37,4,45,32,0,32,77
06/15/2020,FSM,AR,ASW,ES,Combined TRACON& Tower with Radar,0,7,13,29,49,0,1,40,17,58,0,8,53,46,107,0,0,0,107
06/16/2020,FSM,AR,ASW,ES,Combined TRACON& Tower with Radar,0,6,14,26,46,0,0,15,11,26,0,6,29,37,72,30,6,36,108
06/17/2020,FSM,AR,ASW,ES,Combined TRACON& Tower with Radar,0,7,8,34,49,0,1,28,26,55,0,8,36,60,104,12,38,50,154
06/18/2020,FSM,AR,ASW,ES,Combined TRACON& Tower with Radar,0,5,22,19,46,0,1,24,13,38,0,6,46,32,84,18,24,42,126
06/19/2020,FSM,AR,ASW,ES,Combined TRACON& Tower with Radar,0,8,17,0,25,0,0,28,0,28,0,8,45,0,53,0,0,0,53
06/20/2020,FSM,AR,ASW,ES,Combined TRACON& Tower with Radar,0,5,8,0,13,0,0,17,0,17,0,5,25,0,30,10,0,10,40
06/21/2020,FSM,AR,ASW,ES,Combined TRACON& Tower with Radar,0,5,8,0,13,0,0,8,0,8,0,5,16,0,21,0,0,0,21
06/22/2020,FSM,AR,ASW,ES,Combined TRACON& Tower with Radar,0,8,9,13,30,0,1,16,3,20,0,9,25,16,50,26,8,34,84
06/23/2020,FSM,AR,ASW,ES,Combined TRACON& Tower with Radar,0,7,14,17,38,0,2,23,13,38,0,9,37,30,76,8,16,24,100
06/24/2020,FSM,AR,ASW,ES,Combined TRACON& Tower with Radar,0,4,12,9,25,0,0,43,2,45,0,4,55,11,70,74,0,74,144
06/25/2020,FSM,AR,ASW,ES,Combined TRACON& Tower with Radar,0,7,21,22,50,0,0,37,13,50,0,7,58,35,100,0,0,0,100
06/26/2020,FSM,AR,ASW,ES,Combined TRACON& Tower with Radar,0,7,22,1,30,0,2,12,0,14,0,9,34,1,44,0,0,0,44
06/27/2020,FSM,AR,ASW,ES,Combined TRACON& Tower with Radar,2,7,7,24,40,0,0,6,0,6,2,7,13,24,46,0,0,0,46
06/28/2020,FSM,AR,ASW,ES,Combined TRACON& Tower with Radar,0,8,20,22,50,0,4,9,0,13,0,12,29,22,63,0,4,4,67
06/29/2020,FSM,AR,ASW,ES,Combined TRACON& Tower with Radar,0,4,5,12,21,0,0,12,0,12,0,4,17,12,33,8,64,72,105
06/30/2020,FSM,AR,ASW,ES,Combined TRACON& Tower with Radar,0,4,14,6,24,0,1,8,0,9,0,5,22,6,33,0,0,0,33
07/01/2020,FSM,AR,ASW,ES,Combined TRACON& Tower with Radar,0,5,16,5,26,0,1,14,3,18,0,6,30,8,44,0,0,0,44
07/02/2020,FSM,AR,ASW,ES,Combined TRACON& Tower with Radar,0,6,17,1,24,0,0,18,0,18,0,6,35,1,42,30,0,30,72
07/03/2020,FSM,AR,ASW,ES,Combined TRACON& Tower with Radar,0,5,22,0,27,0,1,23,0,24,0,6,45,0,51,0,0,0,51
07/04/2020,FSM,AR,ASW,ES,Combined TRACON& Tower with Radar,0,4,5,0,9,0,1,7,0,8,0,5,12,0,17,4,0,4,21
07/05/2020,FSM,AR,ASW,ES,Combined TRACON& Tower with Radar,0,7,13,0,20,0,0,27,2,29,0,7,40,2,49,0,0,0,49
07/06/2020,FSM,AR,ASW,ES,Combined TRACON& Tower with Radar,0,11,11,0,22,0,0,16,0,16,0,11,27,0,38,34,0,34,72
07/07/2020,FSM,AR,ASW,ES,Combined TRACON& Tower with Radar,0,7,16,15,38,0,2,26,0,28,0,9,42,15,66,24,0,24,90
07/08/2020,FSM,AR,ASW,ES,Combined TRACON& Tower with Radar,0,6,23,24,53,0,1,20,0,21,0,7,43,24,74,8,0,8,82
07/09/2020,FSM,AR,ASW,ES,Combined TRACON& Tower with Radar,0,10,5,2,17,0,2,11,0,13,0,12,16,2,30,8,0,8,38
07/10/2020,FSM,AR,ASW,ES,Combined TRACON& Tower with Radar,0,11,16,0,27,0,0,30,4,34,0,11,46,4,61,14,0,14,75
07/11/2020,FSM,AR,ASW,ES,Combined TRACON& Tower with Radar,0,6,15,0,21,0,3,34,0,37,0,9,49,0,58,0,0,0,58
07/12/2020,FSM,AR,ASW,ES,Combined TRACON& Tower with Radar,0,8,9,0,17,0,1,25,0,26,0,9,34,0,43,16,18,34,77
07/13/2020,FSM,AR,ASW,ES,Combined TRACON& Tower with Radar,0,14,18,0,32,0,0,27,0,27,0,14,45,0,59,24,0,24,83
07/14/2020,FSM,AR,ASW,ES,Combined TRACON& Tower with Radar,0,6,19,14,39,0,0,23,0,23,0,6,42,14,62,30,50,80,142
07/15/2020,FSM,AR,ASW,ES,Combined TRACON& Tower with Radar,0,12,12,14,38,0,1,31,0,32,0,13,43,14,70,16,4,20,90
07/16/2020,FSM,AR,ASW,ES,Combined TRACON& Tower with Radar,0,9,10,5,24,0,0,17,5,22,0,9,27,10,46,12,8,20,66
07/17/2020,FSM,AR,ASW,ES,Combined TRACON& Tower with Radar,0,7,16,18,41,0,0,36,0,36,0,7,52,18,77,76,0,76,153
07/18/2020,FSM,AR,ASW,ES,Combined TRACON& Tower with Radar,2,8,7,8,25,0,2,21,0,23,2,10,28,8,48,24,0,24,72
07/19/2020,FSM,AR,ASW,ES,Combined TRACON& Tower with Radar,0,10,16,0,26,0,0,34,0,34,0,10,50,0,60,34,0,34,94
07/20/2020,FSM,AR,ASW,ES,Combined TRACON& Tower with Radar,0,12,11,17,40,0,3,24,1,28,0,15,35,18,68,74,4,78,146
07/21/2020,FSM,AR,ASW,ES,Combined TRACON& Tower with Radar,0,7,23,12,42,0,1,31,6,38,0,8,54,18,80,112,0,112,192
07/22/2020,FSM,AR,ASW,ES,Combined TRACON& Tower with Radar,0,8,22,5,35,0,0,17,1,18,0,8,39,6,53,48,0,48,101
07/23/2020,FSM,AR,ASW,ES,Combined TRACON& Tower with Radar,0,12,18,0,30,0,0,25,0,25,0,12,43,0,55,26,0,26,81
07/24/2020,FSM,AR,ASW,ES,Combined TRACON& Tower with Radar,0,8,22,8,38,0,1,39,4,44,0,9,61,12,82,14,0,14,96
07/25/2020,FSM,AR,ASW,ES,Combined TRACON& Tower with Radar,0,8,18,0,26,0,0,18,0,18,0,8,36,0,44,0,0,0,44
07/26/2020,FSM,AR,ASW,ES,Combined TRACON& Tower with Radar,0,8,9,0,17,0,1,35,0,36,0,9,44,0,53,58,0,58,111
07/27/2020,FSM,AR,ASW,ES,Combined TRACON& Tower with Radar,0,11,19,2,32,0,0,30,0,30,0,11,49,2,62,0,0,0,62
07/28/2020,FSM,AR,ASW,ES,Combined TRACON& Tower with Radar,0,6,16,0,22,0,1,9,0,10,0,7,25,0,32,42,0,42,74
07/29/2020,FSM,AR,ASW,ES,Combined TRACON& Tower with Radar,0,5,15,1,21,0,0,7,0,7,0,5,22,1,28,2,0,2,30
07/30/2020,FSM,AR,ASW,ES,Combined TRACON& Tower with Radar,0,9,9,16,34,0,0,5,10,15,0,9,14,26,49,8,0,8,57
07/31/2020,FSM,AR,ASW,ES,Combined TRACON& Tower with Radar,0,9,7,7,23,0,1,9,0,10,0,10,16,7,33,20,10,30,63
08/01/2020,FSM,AR,ASW,ES,Combined TRACON& Tower with Radar,0,11,10,1,22,0,0,27,3,30,0,11,37,4,52,8,4,12,64
08/02/2020,FSM,AR,ASW,ES,Combined TRACON& Tower with Radar,0,9,13,0,22,0,2,28,0,30,0,11,41,0,52,0,0,0,52
08/03/2020,FSM,AR,ASW,ES,Combined TRACON& Tower with Radar,0,9,18,0,27,0,1,26,2,29,0,10,44,2,56,0,0,0,56
08/04/2020,FSM,AR,ASW,ES,Combined TRACON& Tower with Radar,0,8,19,25,52,0,0,31,4,35,0,8,50,29,87,50,0,50,137
08/05/2020,FSM,AR,ASW,ES,Combined TRACON& Tower with Radar,0,7,28,15,50,0,1,48,2,51,0,8,76,17,101,38,14,52,153
08/06/2020,FSM,AR,ASW,ES,Combined TRACON& Tower with Radar,0,10,12,0,22,0,0,23,2,25,0,10,35,2,47,48,0,48,95
08/07/2020,FSM,AR,ASW,ES,Combined TRACON& Tower with Radar,0,8,22,4,34,0,0,22,1,23,0,8,44,5,57,6,0,6,63
08/08/2020,FSM,AR,ASW,ES,Combined TRACON& Tower with Radar,2,8,15,0,25,0,1,31,0,32,2,9,46,0,57,30,0,30,87
08/09/2020,FSM,AR,ASW,ES,Combined TRACON& Tower with Radar,0,7,13,0,20,0,4,29,0,33,0,11,42,0,53,6,0,6,59
08/10/2020,FSM,AR,ASW,ES,Combined TRACON& Tower with Radar,0,9,8,22,39,0,1,29,0,30,0,10,37,22,69,0,0,0,69
08/11/2020,FSM,AR,ASW,ES,Combined TRACON& Tower with Radar,0,6,12,0,18,0,0,6,0,6,0,6,18,0,24,0,0,0,24
08/12/2020,FSM,AR,ASW,ES,Combined TRACON& Tower with Radar,0,6,17,13,36,0,1,28,1,30,0,7,45,14,66,90,0,90,156
08/13/2020,FSM,AR,ASW,ES,Combined TRACON& Tower with Radar,0,8,16,5,29,0,0,27,0,27,0,8,43,5,56,20,0,20,76
08/14/2020,FSM,AR,ASW,ES,Combined TRACON& Tower with Radar,0,9,12,12,33,0,0,29,0,29,0,9,41,12,62,14,0,14,76
08/15/2020,FSM,AR,ASW,ES,Combined TRACON& Tower with Radar,0,7,10,0,17,0,1,35,0,36,0,8,45,0,53,0,0,0,53
08/16/2020,FSM,AR,ASW,ES,Combined TRACON& Tower with Radar,3,8,5,2,18,0,1,30,0,31,3,9,35,2,49,38,4,42,91
08/17/2020,FSM,AR,ASW,ES,Combined TRACON& Tower with Radar,0,6,14,0,20,0,0,32,3,35,0,6,46,3,55,10,22,32,87
08/18/2020,FSM,AR,ASW,ES,Combined TRACON& Tower with Radar,0,4,13,5,22,0,0,29,0,29,0,4,42,5,51,44,0,44,95
08/19/2020,FSM,AR,ASW,ES,Combined TRACON& Tower with Radar,0,8,8,6,22,0,0,35,2,37,0,8,43,8,59,42,0,42,101
08/20/2020,FSM,AR,ASW,ES,Combined TRACON& Tower with Radar,0,11,23,6,40,0,0,39,0,39,0,11,62,6,79,22,0,22,101
08/21/2020,FSM,AR,ASW,ES,Combined TRACON& Tower with Radar,0,7,17,33,57,0,1,55,3,59,0,8,72,36,116,38,6,44,160
08/22/2020,FSM,AR,ASW,ES,Combined TRACON& Tower with Radar,0,6,11,29,46,0,0,44,3,47,0,6,55,32,93,100,0,100,193
08/23/2020,FSM,AR,ASW,ES,Combined TRACON& Tower with Radar,0,8,5,0,13,0,2,31,2,35,0,10,36,2,48,0,0,0,48
08/24/2020,FSM,AR,ASW,ES,Combined TRACON& Tower with Radar,0,6,16,33,55,0,0,32,2,34,0,6,48,35,89,54,24,78,167
08/25/2020,FSM,AR,ASW,ES,Combined TRACON& Tower with Radar,0,4,19,15,38,0,0,39,1,40,0,4,58,16,78,0,0,0,78
08/26/2020,FSM,AR,ASW,ES,Combined TRACON& Tower with Radar,0,7,6,6,19,0,0,1,0,1,0,7,7,6,20,0,0,0,20
08/27/2020,FSM,AR,ASW,ES,Combined TRACON& Tower with Radar,0,10,19,0,29,0,0,3,0,3,0,10,22,0,32,0,0,0,32
08/28/2020,FSM,AR,ASW,ES,Combined TRACON& Tower with Radar,0,6,18,7,31,0,0,44,5,49,0,6,62,12,80,74,22,96,176
08/29/2020,FSM,AR,ASW,ES,Combined TRACON& Tower with Radar,2,10,13,0,25,0,1,24,0,25,2,11,37,0,50,18,0,18,68
08/30/2020,FSM,AR,ASW,ES,Combined TRACON& Tower with Radar,0,7,3,0,10,0,0,21,0,21,0,7,24,0,31,24,0,24,55
08/31/2020,FSM,AR,ASW,ES,Combined TRACON& Tower with Radar,0,10,8,0,18,0,1,9,0,10,0,11,17,0,28,18,0,18,46
09/01/2020,FSM,AR,ASW,ES,Combined TRACON& Tower with Radar,1,4,0,0,5,0,0,2,0,2,1,4,2,0,7,0,0,0,7
09/02/2020,FSM,AR,ASW,ES,Combined TRACON& Tower with Radar,1,11,9,0,21,0,0,6,0,6,1,11,15,0,27,42,0,42,69
09/03/2020,FSM,AR,ASW,ES,Combined TRACON& Tower with Radar,0,11,42,0,53,0,1,23,2,26,0,12,65,2,79,20,0,20,99
09/04/2020,FSM,AR,ASW,ES,Combined TRACON& Tower with Radar,0,10,18,2,30,0,2,35,0,37,0,12,53,2,67,40,0,40,107
09/05/2020,FSM,AR,ASW,ES,Combined TRACON& Tower with Radar,0,5,15,0,20,0,2,34,1,37,0,7,49,1,57,1,0,1,58
09/06/2020,FSM,AR,ASW,ES,Combined TRACON& Tower with Radar,0,5,9,0,14,0,3,22,0,25,0,8,31,0,39,10,0,10,49
09/07/2020,FSM,AR,ASW,ES,Combined TRACON& Tower with Radar,0,8,11,3,22,0,2,41,3,46,0,10,52,6,68,36,0,36,104
09/08/2020,FSM,AR,ASW,ES,Combined TRACON& Tower with Radar,0,7,16,38,61,0,0,52,2,54,0,7,68,40,115,14,0,14,129
09/09/2020,FSM,AR,ASW,ES,Combined TRACON& Tower with Radar,3,4,21,70,98,0,0,43,2,45,3,4,64,72,143,32,18,50,193
09/10/2020,FSM,AR,ASW,ES,Combined TRACON& Tower with Radar,4,6,22,10,42,0,2,0,1,3,4,8,22,11,45,0,0,0,45
09/11/2020,FSM,AR,ASW,ES,Combined TRACON& Tower with Radar,4,8,32,13,57,0,1,24,1,26,4,9,56,14,83,192,0,192,275
09/12/2020,FSM,AR,ASW,ES,Combined TRACON& Tower with Radar,4,3,26,19,52,0,3,24,4,31,4,6,50,23,83,28,0,28,111
09/13/2020,FSM,AR,ASW,ES,Combined TRACON& Tower with Radar,4,5,10,20,39,0,0,24,7,31,4,5,34,27,70,24,0,24,94
09/14/2020,FSM,AR,ASW,ES,Combined TRACON& Tower with Radar,4,4,23,61,92,0,0,28,5,33,4,4,51,66,125,30,0,30,155
09/15/2020,FSM,AR,ASW,ES,Combined TRACON& Tower with Radar,4,0,13,14,31,0,0,22,1,23,4,0,35,15,54,24,0,24,78
09/16/2020,FSM,AR,ASW,ES,Combined TRACON& Tower with Radar,4,6,23,8,41,0,0,34,0,34,4,6,57,8,75,32,0,32,107
09/17/2020,FSM,AR,ASW,ES,Combined TRACON& Tower with Radar,6,5,24,27,62,0,1,23,3,27,6,6,47,30,89,52,4,56,145
09/18/2020,FSM,AR,ASW,ES,Combined TRACON& Tower with Radar,4,6,15,3,28,0,1,24,1,26,4,7,39,4,54,22,12,34,88
09/19/2020,FSM,AR,ASW,ES,Combined TRACON& Tower with Radar,4,4,15,26,49,0,0,30,2,32,4,4,45,28,81,0,0,0,81
09/20/2020,FSM,AR,ASW,ES,Combined TRACON& Tower with Radar,4,4,23,0,31,0,0,25,0,25,4,4,48,0,56,0,0,0,56
09/21/2020,FSM,AR,ASW,ES,Combined TRACON& Tower with Radar,4,5,22,23,54,0,3,31,1,35,4,8,53,24,89,26,12,38,127
09/22/2020,FSM,AR,ASW,ES,Combined TRACON& Tower with Radar,4,7,18,1,30,0,0,0,0,0,4,7,18,1,30,0,0,0,30
09/23/2020,FSM,AR,ASW,ES,Combined TRACON& Tower with Radar,4,7,12,22,45,0,1,1,1,3,4,8,13,23,48,0,12,12,60
09/24/2020,FSM,AR,ASW,ES,Combined TRACON& Tower with Radar,4,8,33,24,69,0,6,28,5,39,4,14,61,29,108,70,18,88,196
09/25/2020,FSM,AR,ASW,ES,Combined TRACON& Tower with Radar,4,9,14,40,67,0,3,19,2,24,4,12,33,42,91,82,34,116,207
09/26/2020,FSM,AR,ASW,ES,Combined TRACON& Tower with Radar,4,3,5,26,38,0,1,37,4,42,4,4,42,30,80,40,0,40,120
09/27/2020,FSM,AR,ASW,ES,Combined TRACON& Tower with Radar,4,5,10,0,19,0,3,13,0,16,4,8,23,0,35,42,0,42,77
09/28/2020,FSM,AR,ASW,ES,Combined TRACON& Tower with Radar,4,8,18,19,49,0,0,24,4,28,4,8,42,23,77,14,4,18,95
09/29/2020,FSM,AR,ASW,ES,Combined TRACON& Tower with Radar,4,6,21,24,55,0,1,39,2,42,4,7,60,26,97,40,0,40,137
09/30/2020,FSM,AR,ASW,ES,Combined TRACON& Tower with Radar,4,9,32,13,58,0,0,57,6,63,4,9,89,19,121,36,10,46,167
10/01/2020,FSM,AR,ASW,ES,Combined TRACON& Tower with Radar,4,5,9,4,22,0,1,25,0,26,4,6,34,4,48,0,0,0,48
10/02/2020,FSM,AR,ASW,ES,Combined TRACON& Tower with Radar,4,6,9,24,43,0,2,53,2,57,4,8,62,26,100,44,4,48,148
10/03/2020,FSM,AR,ASW,ES,Combined TRACON& Tower with Radar,4,7,5,2,18,0,0,25,0,25,4,7,30,2,43,38,0,38,81
10/04/2020,FSM,AR,ASW,ES,Combined TRACON& Tower with Radar,4,2,8,2,16,0,2,34,0,36,4,4,42,2,52,6,0,6,58
10/05/2020,FSM,AR,ASW,ES,Combined TRACON& Tower with Radar,4,6,17,22,49,0,1,13,0,14,4,7,30,22,63,0,0,0,63
10/06/2020,FSM,AR,ASW,ES,Combined TRACON& Tower with Radar,4,4,8,19,35,0,4,28,1,33,4,8,36,20,68,114,22,136,204
10/07/2020,FSM,AR,ASW,ES,Combined TRACON& Tower with Radar,4,7,13,18,42,0,2,28,0,30,4,9,41,18,72,0,0,0,72
10/08/2020,FSM,AR,ASW,ES,Combined TRACON& Tower with Radar,4,4,14,28,50,0,0,30,1,31,4,4,44,29,81,58,8,66,147
10/09/2020,FSM,AR,ASW,ES,Combined TRACON& Tower with Radar,4,6,28,59,97,0,0,20,15,35,4,6,48,74,132,102,100,202,334
10/10/2020,FSM,AR,ASW,ES,Combined TRACON& Tower with Radar,4,6,26,21,57,0,1,27,7,35,4,7,53,28,92,66,98,164,256
10/11/2020,FSM,AR,ASW,ES,Combined TRACON& Tower with Radar,4,2,16,2,24,0,0,42,0,42,4,2,58,2,66,32,0,32,98
10/12/2020,FSM,AR,ASW,ES,Combined TRACON& Tower with Radar,4,4,12,0,20,0,0,21,0,21,4,4,33,0,41,0,0,0,41
10/13/2020,FSM,AR,ASW,ES,Combined TRACON& Tower with Radar,4,4,16,32,56,0,0,37,13,50,4,4,53,45,106,50,0,50,156
10/14/2020,FSM,AR,ASW,ES,Combined TRACON& Tower with Radar,6,5,22,8,41,0,1,32,14,47,6,6,54,22,88,18,0,18,106
10/15/2020,FSM,AR,ASW,ES,Combined TRACON& Tower with Radar,4,4,16,24,48,0,3,16,1,20,4,7,32,25,68,10,0,10,78
10/16/2020,FSM,AR,ASW,ES,Combined TRACON& Tower with Radar,4,5,18,57,84,0,2,44,6,52,4,7,62,63,136,56,18,74,210
10/17/2020,FSM,AR,ASW,ES,Combined TRACON& Tower with Radar,4,3,14,2,23,0,1,20,1,22,4,4,34,3,45,0,0,0,45
10/18/2020,FSM,AR,ASW,ES,Combined TRACON& Tower with Radar,4,2,18,0,24,0,1,4,0,5,4,3,22,0,29,42,0,42,71
10/19/2020,FSM,AR,ASW,ES,Combined TRACON& Tower with Radar,4,7,24,0,35,0,0,0,0,0,4,7,24,0,35,8,0,8,43
10/20/2020,FSM,AR,ASW,ES,Combined TRACON& Tower with Radar,4,7,18,2,31,0,0,7,0,7,4,7,25,2,38,34,0,34,72
10/21/2020,FSM,AR,ASW,ES,Combined TRACON& Tower with Radar,4,5,26,18,53,0,3,51,0,54,4,8,77,18,107,80,0,80,187
10/22/2020,FSM,AR,ASW,ES,Combined TRACON& Tower with Radar,4,5,18,24,51,0,1,45,3,49,4,6,63,27,100,0,0,0,100
10/23/2020,FSM,AR,ASW,ES,Combined TRACON& Tower with Radar,8,6,8,40,62,0,0,0,0,0,8,6,8,40,62,0,0,0,62
10/24/2020,FSM,AR,ASW,ES,Combined TRACON& Tower with Radar,4,4,10,2,20,0,2,10,0,12,4,6,20,2,32,72,0,72,104
10/25/2020,FSM,AR,ASW,ES,Combined TRACON& Tower with Radar,4,5,17,0,26,0,0,9,0,9,4,5,26,0,35,52,0,52,87
10/26/2020,FSM,AR,ASW,ES,Combined TRACON& Tower with Radar,4,7,3,0,14,0,0,0,0,0,4,7,3,0,14,0,0,0,14
10/27/2020,FSM,AR,ASW,ES,Combined TRACON& Tower with Radar,4,5,8,0,17,0,0,0,0,0,4,5,8,0,17,0,0,0,17
10/28/2020,FSM,AR,ASW,ES,Combined TRACON& Tower with Radar,4,4,8,0,16,0,0,0,0,0,4,4,8,0,16,0,0,0,16
10/29/2020,FSM,AR,ASW,ES,Combined TRACON& Tower with Radar,4,5,13,0,22,0,1,4,0,5,4,6,17,0,27,0,0,0,27
10/30/2020,FSM,AR,ASW,ES,Combined TRACON& Tower with Radar,4,6,25,10,45,0,1,48,4,53,4,7,73,14,98,60,0,60,158
10/31/2020,FSM,AR,ASW,ES,Combined TRACON& Tower with Radar,4,0,17,2,23,0,0,38,0,38,4,0,55,2,61,36,6,42,103
11/01/2020,FSM,AR,ASW,ES,Combined TRACON& Tower with Radar,6,4,16,2,28,0,0,48,0,48,6,4,64,2,76,0,0,0,76
11/02/2020,FSM,AR,ASW,ES,Combined TRACON& Tower with Radar,4,5,12,27,48,0,0,50,3,53,4,5,62,30,101,34,0,34,135
11/03/2020,FSM,AR,ASW,ES,Combined TRACON& Tower with Radar,6,2,11,29,48,0,0,39,5,44,6,2,50,34,92,98,0,98,190
11/04/2020,FSM,AR,ASW,ES,Combined TRACON& Tower with Radar,4,3,27,24,58,0,0,26,12,38,4,3,53,36,96,6,6,12,108
11/05/2020,FSM,AR,ASW,ES,Combined TRACON& Tower with Radar,7,7,16,53,83,0,2,34,11,47,7,9,50,64,130,0,0,0,130
11/06/2020,FSM,AR,ASW,ES,Combined TRACON& Tower with Radar,4,4,19,35,62,0,1,45,6,52,4,5,64,41,114,46,0,46,160
11/07/2020,FSM,AR,ASW,ES,Combined TRACON& Tower with Radar,4,2,9,10,25,0,0,34,3,37,4,2,43,13,62,20,0,20,82
11/08/2020,FSM,AR,ASW,ES,Combined TRACON& Tower with Radar,4,2,20,4,30,0,0,8,1,9,4,2,28,5,39,0,0,0,39
11/09/2020,FSM,AR,ASW,ES,Combined TRACON& Tower with Radar,2,5,9,28,44,0,0,4,5,9,2,5,13,33,53,30,14,44,97
11/10/2020,FSM,AR,ASW,ES,Combined TRACON& Tower with Radar,4,2,14,11,31,0,0,10,6,16,4,2,24,17,47,18,24,42,89
11/11/2020,FSM,AR,ASW,ES,Combined TRACON& Tower with Radar,4,6,17,0,27,0,0,28,4,32,4,6,45,4,59,14,0,14,73
11/12/2020,FSM,AR,ASW,ES,Combined TRACON& Tower with Radar,2,2,35,10,49,0,0,33,6,39,2,2,68,16,88,10,0,10,98
11/13/2020,FSM,AR,ASW,ES,Combined TRACON& Tower with Radar,4,4,21,11,40,0,1,27,7,35,4,5,48,18,75,0,0,0,75
11/14/2020,FSM,AR,ASW,ES,Combined TRACON& Tower with Radar,4,8,11,1,24,0,1,0,1,2,4,9,11,2,26,0,0,0,26
11/15/2020,FSM,AR,ASW,ES,Combined TRACON& Tower with Radar,4,5,8,0,17,0,2,24,1,27,4,7,32,1,44,0,0,0,44
11/16/2020,FSM,AR,ASW,ES,Combined TRACON& Tower with Radar,2,10,15,23,50,0,0,32,6,38,2,10,47,29,88,0,0,0,88
11/17/2020,FSM,AR,ASW,ES,Combined TRACON& Tower with Radar,4,2,11,17,34,0,2,42,16,60,4,4,53,33,94,44,4,48,142
11/18/2020,FSM,AR,ASW,ES,Combined TRACON& Tower with Radar,4,4,9,20,37,0,2,25,9,36,4,6,34,29,73,8,0,8,81
11/19/2020,FSM,AR,ASW,ES,Combined TRACON& Tower with Radar,2,7,7,23,39,0,1,24,17,42,2,8,31,40,81,0,0,0,81
11/20/2020,FSM,AR,ASW,ES,Combined TRACON& Tower with Radar,4,3,23,8,38,0,0,22,4,26,4,3,45,12,64,38,0,38,102
11/21/2020,FSM,AR,ASW,ES,Combined TRACON& Tower with Radar,6,7,16,0,29,0,0,17,0,17,6,7,33,0,46,0,0,0,46
11/22/2020,FSM,AR,ASW,ES,Combined TRACON& Tower with Radar,4,4,36,0,44,0,0,4,0,4,4,4,40,0,48,0,0,0,48
11/23/2020,FSM,AR,ASW,ES,Combined TRACON& Tower with Radar,2,9,17,0,28,0,0,27,0,27,2,9,44,0,55,0,0,0,55
11/24/2020,FSM,AR,ASW,ES,Combined TRACON& Tower with Radar,4,6,10,8,28,0,1,3,0,4,4,7,13,8,32,0,0,0,32
11/25/2020,FSM,AR,ASW,ES,Combined TRACON& Tower with Radar,4,9,12,13,38,0,0,12,3,15,4,9,24,16,53,10,12,22,75
11/26/2020,FSM,AR,ASW,ES,Combined TRACON& Tower with Radar,2,6,4,0,12,0,0,11,0,11,2,6,15,0,23,0,0,0,23
11/27/2020,FSM,AR,ASW,ES,Combined TRACON& Tower with Radar,4,0,14,0,18,0,1,15,0,16,4,1,29,0,34,10,0,10,44
11/28/2020,FSM,AR,ASW,ES,Combined TRACON& Tower with Radar,4,6,15,0,25,0,2,35,0,37,4,8,50,0,62,80,0,80,142
11/29/2020,FSM,AR,ASW,ES,Combined TRACON& Tower with Radar,4,8,8,0,20,0,1,2,0,3,4,9,10,0,23,6,0,6,29
11/30/2020,FSM,AR,ASW,ES,Combined TRACON& Tower with Radar,4,14,18,15,51,0,0,13,4,17,4,14,31,19,68,18,8,26,94
12/01/2020,FSM,AR,ASW,ES,Combined TRACON& Tower with Radar,4,8,19,6,37,0,0,38,3,41,4,8,57,9,78,0,0,0,78
12/02/2020,FSM,AR,ASW,ES,Combined TRACON& Tower with Radar,2,18,6,0,26,0,0,1,0,1,2,18,7,0,27,0,0,0,27
12/03/2020,FSM,AR,ASW,ES,Combined TRACON& Tower with Radar,4,4,6,4,18,0,0,0,0,0,4,4,6,4,18,0,0,0,18
12/04/2020,FSM,AR,ASW,ES,Combined TRACON& Tower with Radar,4,11,24,58,97,0,1,26,10,37,4,12,50,68,134,0,0,0,134
12/05/2020,FSM,AR,ASW,ES,Combined TRACON& Tower with Radar,2,3,20,32,57,0,2,42,3,47,2,5,62,35,104,52,4,56,160
12/06/2020,FSM,AR,ASW,ES,Combined TRACON& Tower with Radar,4,4,7,12,27,0,1,24,2,27,4,5,31,14,54,34,0,34,88
12/07/2020,FSM,AR,ASW,ES,Combined TRACON& Tower with Radar,6,4,11,33,54,0,0,20,5,25,6,4,31,38,79,0,0,0,79
12/08/2020,FSM,AR,ASW,ES,Combined TRACON& Tower with Radar,2,5,18,25,50,0,1,36,4,41,2,6,54,29,91,70,4,74,165
12/09/2020,FSM,AR,ASW,ES,Combined TRACON& Tower with Radar,2,4,22,5,33,0,2,23,6,31,2,6,45,11,64,0,0,0,64
12/10/2020,FSM,AR,ASW,ES,Combined TRACON& Tower with Radar,4,7,14,33,58,0,1,34,5,40,4,8,48,38,98,4,0,4,102
12/11/2020,FSM,AR,ASW,ES,Combined TRACON& Tower with Radar,3,9,6,0,18,0,0,0,0,0,3,9,6,0,18,8,0,8,26
12/12/2020,FSM,AR,ASW,ES,Combined TRACON& Tower with Radar,1,10,12,0,23,0,2,10,0,12,1,12,22,0,35,32,0,32,67
12/13/2020,FSM,AR,ASW,ES,Combined TRACON& Tower with Radar,4,3,6,0,13,0,1,0,0,1,4,4,6,0,14,0,0,0,14
12/14/2020,FSM,AR,ASW,ES,Combined TRACON& Tower with Radar,4,10,11,17,42,0,3,32,8,43,4,13,43,25,85,30,0,30,115
12/15/2020,FSM,AR,ASW,ES,Combined TRACON& Tower with Radar,2,6,14,27,49,0,0,14,7,21,2,6,28,34,70,32,46,78,148
12/16/2020,FSM,AR,ASW,ES,Combined TRACON& Tower with Radar,2,5,13,10,30,0,0,9,3,12,2,5,22,13,42,0,0,0,42
12/17/2020,FSM,AR,ASW,ES,Combined TRACON& Tower with Radar,4,11,22,26,63,0,0,33,6,39,4,11,55,32,102,16,0,16,118
12/18/2020,FSM,AR,ASW,ES,Combined TRACON& Tower with Radar,4,11,12,4,31,0,2,43,1,46,4,13,55,5,77,92,0,92,169
12/19/2020,FSM,AR,ASW,ES,Combined TRACON& Tower with Radar,4,5,10,0,19,0,0,7,0,7,4,5,17,0,26,0,0,0,26
12/20/2020,FSM,AR,ASW,ES,Combined TRACON& Tower with Radar,4,6,22,0,32,0,0,18,0,18,4,6,40,0,50,12,0,12,62
12/21/2020,FSM,AR,ASW,ES,Combined TRACON& Tower with Radar,4,5,13,6,28,0,0,31,0,31,4,5,44,6,59,20,0,20,79
12/22/2020,FSM,AR,ASW,ES,Combined TRACON& Tower with Radar,4,7,16,6,33,0,2,21,0,23,4,9,37,6,56,12,0,12,68
12/23/2020,FSM,AR,ASW,ES,Combined TRACON& Tower with Radar,4,6,10,0,20,0,1,6,0,7,4,7,16,0,27,0,0,0,27
12/24/2020,FSM,AR,ASW,ES,Combined TRACON& Tower with Radar,3,4,11,0,18,0,1,7,1,9,3,5,18,1,27,0,0,0,27
12/25/2020,FSM,AR,ASW,ES,Combined TRACON& Tower with Radar,3,3,4,0,10,0,2,8,0,10,3,5,12,0,20,0,0,0,20
12/26/2020,FSM,AR,ASW,ES,Combined TRACON& Tower with Radar,4,6,29,0,39,0,2,25,0,27,4,8,54,0,66,14,0,14,80
12/27/2020,FSM,AR,ASW,ES,Combined TRACON& Tower with Radar,4,9,11,0,24,0,3,13,1,17,4,12,24,1,41,0,0,0,41
12/28/2020,FSM,AR,ASW,ES,Combined TRACON& Tower with Radar,4,8,14,0,26,0,0,32,0,32,4,8,46,0,58,12,0,12,70
12/29/2020,FSM,AR,ASW,ES,Combined TRACON& Tower with Radar,4,9,10,0,23,0,0,0,0,0,4,9,10,0,23,0,0,0,23
12/30/2020,FSM,AR,ASW,ES,Combined TRACON& Tower with Radar,4,7,8,0,19,0,0,0,0,0,4,7,8,0,19,0,0,0,19
12/31/2020,FSM,AR,ASW,ES,Combined TRACON& Tower with Radar,3,3,6,0,12,0,0,0,0,0,3,3,6,0,12,0,0,0,12
01/01/2021,FSM,AR,ASW,ES,Combined TRACON& Tower with Radar,3,6,3,0,12,0,0,0,0,0,3,6,3,0,12,0,0,0,12
01/02/2021,FSM,AR,ASW,ES,Combined TRACON& Tower with Radar,4,7,4,0,15,0,0,0,0,0,4,7,4,0,15,0,0,0,15
01/03/2021,FSM,AR,ASW,ES,Combined TRACON& Tower with Radar,8,8,33,0,49,0,2,37,1,40,8,10,70,1,89,16,0,16,105
01/04/2021,FSM,AR,ASW,ES,Combined TRACON& Tower with Radar,3,10,14,0,27,0,0,17,0,17,3,10,31,0,44,20,0,20,64
01/05/2021,FSM,AR,ASW,ES,Combined TRACON& Tower with Radar,4,3,8,0,15,0,0,26,0,26,4,3,34,0,41,10,0,10,51
01/06/2021,FSM,AR,ASW,ES,Combined TRACON& Tower with Radar,4,5,6,10,25,0,1,0,1,2,4,6,6,11,27,0,0,0,27
01/07/2021,FSM,AR,ASW,ES,Combined TRACON& Tower with Radar,4,12,13,4,33,0,0,2,0,2,4,12,15,4,35,0,0,0,35
01/08/2021,FSM,AR,ASW,ES,Combined TRACON& Tower with Radar,4,5,12,30,51,0,0,6,0,6,4,5,18,30,57,0,0,0,57
01/09/2021,FSM,AR,ASW,ES,Combined TRACON& Tower with Radar,4,4,27,17,52,0,0,39,3,42,4,4,66,20,94,0,0,0,94
01/10/2021,FSM,AR,ASW,ES,Combined TRACON& Tower with Radar,4,6,11,40,61,0,1,12,4,17,4,7,23,44,78,16,6,22,100
01/11/2021,FSM,AR,ASW,ES,Combined TRACON& Tower with Radar,4,5,9,35,53,0,1,10,6,17,4,6,19,41,70,34,16,50,120
01/12/2021,FSM,AR,ASW,ES,Combined TRACON& Tower with Radar,4,8,13,9,34,0,2,34,13,49,4,10,47,22,83,22,0,22,105
01/13/2021,FSM,AR,ASW,ES,Combined TRACON& Tower with Radar,4,7,11,22,44,0,0,32,7,39,4,7,43,29,83,28,6,34,117
01/14/2021,FSM,AR,ASW,ES,Combined TRACON& Tower with Radar,4,2,17,18,41,0,1,15,4,20,4,3,32,22,61,0,12,12,73
01/15/2021,FSM,AR,ASW,ES,Combined TRACON& Tower with Radar,5,8,11,0,24,0,1,2,0,3,5,9,13,0,27,0,0,0,27
01/16/2021,FSM,AR,ASW,ES,Combined TRACON& Tower with Radar,4,2,5,1,12,0,1,27,5,33,4,3,32,6,45,0,0,0,45
01/17/2021,FSM,AR,ASW,ES,Combined TRACON& Tower with Radar,6,4,17,11,38,0,0,14,4,18,6,4,31,15,56,0,0,0,56
01/18/2021,FSM,AR,ASW,ES,Combined TRACON& Tower with Radar,4,7,16,0,27,0,0,37,0,37,4,7,53,0,64,60,0,60,124
01/19/2021,FSM,AR,ASW,ES,Combined TRACON& Tower with Radar,4,4,18,25,51,0,1,26,3,30,4,5,44,28,81,0,38,38,119
01/20/2021,FSM,AR,ASW,ES,Combined TRACON& Tower with Radar,4,4,15,17,40,0,1,9,3,13,4,5,24,20,53,0,0,0,53
01/21/2021,FSM,AR,ASW,ES,Combined TRACON& Tower with Radar,4,13,11,1,29,0,0,5,2,7,4,13,16,3,36,0,0,0,36
01/22/2021,FSM,AR,ASW,ES,Combined TRACON& Tower with Radar,6,5,19,58,88,0,2,23,4,29,6,7,42,62,117,0,0,0,117
01/23/2021,FSM,AR,ASW,ES,Combined TRACON& Tower with Radar,6,5,16,42,69,0,0,12,4,16,6,5,28,46,85,54,22,76,161
01/24/2021,FSM,AR,ASW,ES,Combined TRACON& Tower with Radar,12,4,7,12,35,0,0,0,0,0,12,4,7,12,35,12,0,12,47
01/25/2021,FSM,AR,ASW,ES,Combined TRACON& Tower with Radar,4,7,27,13,51,0,0,4,6,10,4,7,31,19,61,0,0,0,61
01/26/2021,FSM,AR,ASW,ES,Combined TRACON& Tower with Radar,4,3,24,86,117,0,0,18,12,30,4,3,42,98,147,64,28,92,239
01/27/2021,FSM,AR,ASW,ES,Combined TRACON& Tower with Radar,4,7,4,18,33,0,0,2,6,8,4,7,6,24,41,14,0,14,55
01/28/2021,FSM,AR,ASW,ES,Combined TRACON& Tower with Radar,4,7,9,22,42,0,0,28,4,32,4,7,37,26,74,50,8,58,132
01/29/2021,FSM,AR,ASW,ES,Combined TRACON& Tower with Radar,6,7,28,0,41,0,0,42,1,43,6,7,70,1,84,50,0,50,134
01/30/2021,FSM,AR,ASW,ES,Combined TRACON& Tower with Radar,6,5,6,0,17,0,2,1,0,3,6,7,7,0,20,2,0,2,22
01/31/2021,FSM,AR,ASW,ES,Combined TRACON& Tower with Radar,7,3,7,0,17,0,2,1,0,3,7,5,8,0,20,0,0,0,20
02/01/2021,FSM,AR,ASW,ES,Combined TRACON& Tower with Radar,5,3,15,40,63,0,1,33,4,38,5,4,48,44,101,16,0,16,117
02/02/2021,FSM,AR,ASW,ES,Combined TRACON& Tower with Radar,4,2,15,32,53,0,0,28,7,35,4,2,43,39,88,0,0,0,88
02/03/2021,FSM,AR,ASW,ES,Combined TRACON& Tower with Radar,4,6,22,68,100,0,0,31,11,42,4,6,53,79,142,6,4,10,152
02/04/2021,FSM,AR,ASW,ES,Combined TRACON& Tower with Radar,4,2,0,16,22,0,0,5,3,8,4,2,5,19,30,14,12,26,56
02/05/2021,FSM,AR,ASW,ES,Combined TRACON& Tower with Radar,6,2,16,42,66,0,3,29,5,37,6,5,45,47,103,60,0,60,163
02/06/2021,FSM,AR,ASW,ES,Combined TRACON& Tower with Radar,4,2,4,6,16,0,0,4,0,4,4,2,8,6,20,0,0,0,20
02/07/2021,FSM,AR,ASW,ES,Combined TRACON& Tower with Radar,6,4,5,0,15,0,0,1,0,1,6,4,6,0,16,0,0,0,16
02/08/2021,FSM,AR,ASW,ES,Combined TRACON& Tower with Radar,4,5,3,0,12,0,0,0,0,0,4,5,3,0,12,0,0,0,12
02/09/2021,FSM,AR,ASW,ES,Combined TRACON& Tower with Radar,4,3,10,0,17,0,0,0,0,0,4,3,10,0,17,0,0,0,17
02/10/2021,FSM,AR,ASW,ES,Combined TRACON& Tower with Radar,4,4,1,0,9,0,0,0,0,0,4,4,1,0,9,0,0,0,9
02/11/2021,FSM,AR,ASW,ES,Combined TRACON& Tower with Radar,4,6,11,0,21,0,0,1,0,1,4,6,12,0,22,0,0,0,22
02/12/2021,FSM,AR,ASW,ES,Combined TRACON& Tower with Radar,6,4,2,7,19,0,0,4,1,5,6,4,6,8,24,0,0,0,24
02/13/2021,FSM,AR,ASW,ES,Combined TRACON& Tower with Radar,4,7,5,1,17,0,0,15,0,15,4,7,20,1,32,10,0,10,42
02/14/2021,FSM,AR,ASW,ES,Combined TRACON& Tower with Radar,1,3,2,0,6,0,0,0,0,0,1,3,2,0,6,0,0,0,6
02/15/2021,FSM,AR,ASW,ES,Combined TRACON& Tower with Radar,1,0,0,0,1,0,0,0,0,0,1,0,0,0,1,0,0,0,1
02/16/2021,FSM,AR,ASW,ES,Combined TRACON& Tower with Radar,0,1,2,0,3,0,1,4,2,7,0,2,6,2,10,0,0,0,10
02/17/2021,FSM,AR,ASW,ES,Combined TRACON& Tower with Radar,3,0,2,0,5,0,0,1,0,1,3,0,3,0,6,0,0,0,6
02/18/2021,FSM,AR,ASW,ES,Combined TRACON& Tower with Radar,3,4,4,2,13,0,1,7,0,8,3,5,11,2,21,4,0,4,25
02/19/2021,FSM,AR,ASW,ES,Combined TRACON& Tower with Radar,1,9,18,12,40,0,1,32,0,33,1,10,50,12,73,12,0,12,85
02/20/2021,FSM,AR,ASW,ES,Combined TRACON& Tower with Radar,3,3,8,0,14,0,0,33,1,34,3,3,41,1,48,14,0,14,62
02/21/2021,FSM,AR,ASW,ES,Combined TRACON& Tower with Radar,8,5,4,0,17,0,0,1,0,1,8,5,5,0,18,0,0,0,18
02/22/2021,FSM,AR,ASW,ES,Combined TRACON& Tower with Radar,4,6,6,11,27,0,1,24,4,29,4,7,30,15,56,0,0,0,56
02/23/2021,FSM,AR,ASW,ES,Combined TRACON& Tower with Radar,4,3,15,18,40,0,2,31,8,41,4,5,46,26,81,42,12,54,135
02/24/2021,FSM,AR,ASW,ES,Combined TRACON& Tower with Radar,4,3,24,17,48,0,1,16,15,32,4,4,40,32,80,0,0,0,80
02/25/2021,FSM,AR,ASW,ES,Combined TRACON& Tower with Radar,4,12,21,32,69,0,0,15,13,28,4,12,36,45,97,6,0,6,103
02/26/2021,FSM,AR,ASW,ES,Combined TRACON& Tower with Radar,6,6,10,0,22,0,0,0,0,0,6,6,10,0,22,0,0,0,22
02/27/2021,FSM,AR,ASW,ES,Combined TRACON& Tower with Radar,4,4,10,0,18,0,0,9,0,9,4,4,19,0,27,0,0,0,27
02/28/2021,FSM,AR,ASW,ES,Combined TRACON& Tower with Radar,4,4,6,2,16,0,0,1,0,1,4,4,7,2,17,0,0,0,17
03/01/2021,FSM,AR,ASW,ES,Combined TRACON& Tower with Radar,4,8,5,49,66,0,1,27,11,39,4,9,32,60,105,18,0,18,123
03/02/2021,FSM,AR,ASW,ES,Combined TRACON& Tower with Radar,4,4,13,45,66,0,0,19,26,45,4,4,32,71,111,0,0,0,111
03/03/2021,FSM,AR,ASW,ES,Combined TRACON& Tower with Radar,4,6,28,40,78,0,1,53,20,74,4,7,81,60,152,0,0,0,152
03/04/2021,FSM,AR,ASW,ES,Combined TRACON& Tower with Radar,4,7,14,51,76,0,3,42,23,68,4,10,56,74,144,0,0,0,144
03/05/2021,FSM,AR,ASW,ES,Combined TRACON& Tower with Radar,4,4,15,0,23,0,0,8,5,13,4,4,23,5,36,0,0,0,36
03/06/2021,FSM,AR,ASW,ES,Combined TRACON& Tower with Radar,2,4,27,15,48,0,0,64,13,77,2,4,91,28,125,44,40,84,209
03/07/2021,FSM,AR,ASW,ES,Combined TRACON& Tower with Radar,4,9,12,0,25,0,1,47,5,53,4,10,59,5,78,86,0,86,164
03/08/2021,FSM,AR,ASW,ES,Combined TRACON& Tower with Radar,3,8,12,18,41,0,0,12,5,17,3,8,24,23,58,0,0,0,58
03/09/2021,FSM,AR,ASW,ES,Combined TRACON& Tower with Radar,5,4,23,5,37,0,1,19,5,25,5,5,42,10,62,6,12,18,80
03/10/2021,FSM,AR,ASW,ES,Combined TRACON& Tower with Radar,4,6,18,10,38,0,1,3,2,6,4,7,21,12,44,0,0,0,44
03/11/2021,FSM,AR,ASW,ES,Combined TRACON& Tower with Radar,4,11,23,0,38,0,0,2,3,5,4,11,25,3,43,0,0,0,43
03/12/2021,FSM,AR,ASW,ES,Combined TRACON& Tower with Radar,4,4,24,6,38,0,0,13,3,16,4,4,37,9,54,14,0,14,68
03/13/2021,FSM,AR,ASW,ES,Combined TRACON& Tower with Radar,2,8,13,0,23,0,0,4,0,4,2,8,17,0,27,0,0,0,27
03/14/2021,FSM,AR,ASW,ES,Combined TRACON& Tower with Radar,6,11,4,0,21,0,0,1,0,1,6,11,5,0,22,0,0,0,22
03/15/2021,FSM,AR,ASW,ES,Combined TRACON& Tower with Radar,4,14,9,30,57,0,0,15,19,34,4,14,24,49,91,8,0,8,99
03/16/2021,FSM,AR,ASW,ES,Combined TRACON& Tower with Radar,4,6,10,67,87,0,0,25,26,51,4,6,35,93,138,36,52,88,226
03/17/2021,FSM,AR,ASW,ES,Combined TRACON& Tower with Radar,2,4,4,22,32,0,0,9,16,25,2,4,13,38,57,0,0,0,57
03/18/2021,FSM,AR,ASW,ES,Combined TRACON& Tower with Radar,4,6,14,7,31,0,2,0,9,11,4,8,14,16,42,0,20,20,62
03/19/2021,FSM,AR,ASW,ES,Combined TRACON& Tower with Radar,4,7,19,22,52,0,0,46,7,53,4,7,65,29,105,26,8,34,139
03/20/2021,FSM,AR,ASW,ES,Combined TRACON& Tower with Radar,4,7,18,0,29,0,0,25,1,26,4,7,43,1,55,6,0,6,61
03/21/2021,FSM,AR,ASW,ES,Combined TRACON& Tower with Radar,4,5,12,10,31,0,2,20,1,23,4,7,32,11,54,2,0,2,56
03/22/2021,FSM,AR,ASW,ES,Combined TRACON& Tower with Radar,4,7,5,18,34,0,0,7,2,9,4,7,12,20,43,0,0,0,43
03/23/2021,FSM,AR,ASW,ES,Combined TRACON& Tower with Radar,5,7,10,25,47,0,3,13,10,26,5,10,23,35,73,4,0,4,77
03/24/2021,FSM,AR,ASW,ES,Combined TRACON& Tower with Radar,3,6,15,115,139,0,3,24,18,45,3,9,39,133,184,6,0,6,190
03/25/2021,FSM,AR,ASW,ES,Combined TRACON& Tower with Radar,5,6,6,4,21,0,0,2,0,2,5,6,8,4,23,0,0,0,23
03/26/2021,FSM,AR,ASW,ES,Combined TRACON& Tower with Radar,4,8,13,19,44,0,2,31,14,47,4,10,44,33,91,53,16,69,160
03/27/2021,FSM,AR,ASW,ES,Combined TRACON& Tower with Radar,2,8,19,14,43,0,0,13,3,16,2,8,32,17,59,8,0,8,67
03/28/2021,FSM,AR,ASW,ES,Combined TRACON& Tower with Radar,4,4,13,13,34,0,3,26,3,32,4,7,39,16,66,0,0,0,66
03/29/2021,FSM,AR,ASW,ES,Combined TRACON& Tower with Radar,6,6,23,14,49,0,0,15,2,17,6,6,38,16,66,0,0,0,66
03/30/2021,FSM,AR,ASW,ES,Combined TRACON& Tower with Radar,4,5,28,24,61,0,0,7,6,13,4,5,35,30,74,0,0,0,74
03/31/2021,FSM,AR,ASW,ES,Combined TRACON& Tower with Radar,4,6,20,16,46,0,0,17,12,29,4,6,37,28,75,6,12,18,93
04/01/2021,FSM,AR,ASW,ES,Combined TRACON& Tower with Radar,4,9,18,46,77,0,0,27,12,39,4,9,45,58,116,0,0,0,116
04/02/2021,FSM,AR,ASW,ES,Combined TRACON& Tower with Radar,3,8,11,8,30,0,0,25,1,26,3,8,36,9,56,30,0,30,86
04/03/2021,FSM,AR,ASW,ES,Combined TRACON& Tower with Radar,0,11,13,0,24,0,2,53,2,57,0,13,66,2,81,0,0,0,81
04/04/2021,FSM,AR,ASW,ES,Combined TRACON& Tower with Radar,2,6,6,0,14,0,0,18,0,18,2,6,24,0,32,26,0,26,58
04/05/2021,FSM,AR,ASW,ES,Combined TRACON& Tower with Radar,2,6,15,37,60,0,0,17,2,19,2,6,32,39,79,8,16,24,103
04/06/2021,FSM,AR,ASW,ES,Combined TRACON& Tower with Radar,0,8,21,18,47,0,0,12,1,13,0,8,33,19,60,14,0,14,74
04/07/2021,FSM,AR,ASW,ES,Combined TRACON& Tower with Radar,0,12,16,7,35,0,2,3,0,5,0,14,19,7,40,2,0,2,42
04/08/2021,FSM,AR,ASW,ES,Combined TRACON& Tower with Radar,2,7,21,44,74,0,1,23,17,41,2,8,44,61,115,13,16,29,144
04/09/2021,FSM,AR,ASW,ES,Combined TRACON& Tower with Radar,2,20,13,11,46,0,1,25,14,40,2,21,38,25,86,0,0,0,86
04/10/2021,FSM,AR,ASW,ES,Combined TRACON& Tower with Radar,2,8,14,21,45,0,0,15,8,23,2,8,29,29,68,0,0,0,68
04/11/2021,FSM,AR,ASW,ES,Combined TRACON& Tower with Radar,2,6,21,9,38,0,0,30,3,33,2,6,51,12,71,14,0,14,85
04/12/2021,FSM,AR,ASW,ES,Combined TRACON& Tower with Radar,2,9,10,26,47,0,1,14,5,20,2,10,24,31,67,0,0,0,67
04/13/2021,FSM,AR,ASW,ES,Combined TRACON& Tower with Radar,0,11,28,26,65,0,2,18,20,40,0,13,46,46,105,0,0,0,105
04/14/2021,FSM,AR,ASW,ES,Combined TRACON& Tower with Radar,0,17,13,25,55,0,5,6,17,28,0,22,19,42,83,30,6,36,119
04/15/2021,FSM,AR,ASW,ES,Combined TRACON& Tower with Radar,2,13,17,55,87,0,0,20,13,33,2,13,37,68,120,12,22,34,154
04/16/2021,FSM,AR,ASW,ES,Combined TRACON& Tower with Radar,2,6,9,0,17,0,0,0,0,0,2,6,9,0,17,0,0,0,17
04/17/2021,FSM,AR,ASW,ES,Combined TRACON& Tower with Radar,2,7,14,10,33,0,0,5,0,5,2,7,19,10,38,12,0,12,50
04/18/2021,FSM,AR,ASW,ES,Combined TRACON& Tower with Radar,2,14,12,8,36,0,0,24,4,28,2,14,36,12,64,32,0,32,96
04/19/2021,FSM,AR,ASW,ES,Combined TRACON& Tower with Radar,2,13,11,20,46,0,0,64,7,71,2,13,75,27,117,60,0,60,177
04/20/2021,FSM,AR,ASW,ES,Combined TRACON& Tower with Radar,0,8,7,18,33,0,0,4,11,15,0,8,11,29,48,0,10,10,58
04/21/2021,FSM,AR,ASW,ES,Combined TRACON& Tower with Radar,0,12,29,42,83,0,3,27,8,38,0,15,56,50,121,0,8,8,129
04/22/2021,FSM,AR,ASW,ES,Combined TRACON& Tower with Radar,2,9,16,44,71,0,2,19,4,25,2,11,35,48,96,8,16,24,120
04/23/2021,FSM,AR,ASW,ES,Combined TRACON& Tower with Radar,4,7,10,4,25,0,0,5,0,5,4,7,15,4,30,16,0,16,46
04/24/2021,FSM,AR,ASW,ES,Combined TRACON& Tower with Radar,2,6,17,6,31,0,2,5,0,7,2,8,22,6,38,30,0,30,68
04/25/2021,FSM,AR,ASW,ES,Combined TRACON& Tower with Radar,2,7,5,0,14,0,2,43,1,46,2,9,48,1,60,28,0,28,88
04/26/2021,FSM,AR,ASW,ES,Combined TRACON& Tower with Radar,2,10,7,40,59,0,1,15,8,24,2,11,22,48,83,22,32,54,137
04/27/2021,FSM,AR,ASW,ES,Combined TRACON& Tower with Radar,0,8,8,23,39,0,0,7,18,25,0,8,15,41,64,16,74,90,154
04/28/2021,FSM,AR,ASW,ES,Combined TRACON& Tower with Radar,0,7,6,0,13,0,0,0,0,0,0,7,6,0,13,0,0,0,13
04/29/2021,FSM,AR,ASW,ES,Combined TRACON& Tower with Radar,2,12,18,31,63,0,0,11,10,21,2,12,29,41,84,32,0,32,116
04/30/2021,FSM,AR,ASW,ES,Combined TRACON& Tower with Radar,2,8,25,19,54,0,2,46,5,53,2,10,71,24,107,10,32,42,149
05/01/2021,FSM,AR,ASW,ES,Combined TRACON& Tower with Radar,2,7,18,5,32,0,1,35,1,37,2,8,53,6,69,14,0,14,83
05/02/2021,FSM,AR,ASW,ES,Combined TRACON& Tower with Radar,2,9,9,1,21,0,1,6,0,7,2,10,15,1,28,0,0,0,28
05/03/2021,FSM,AR,ASW,ES,Combined TRACON& Tower with Radar,1,7,10,4,22,0,0,4,1,5,1,7,14,5,27,28,8,36,63
05/04/2021,FSM,AR,ASW,ES,Combined TRACON& Tower with Radar,0,9,10,0,19,0,0,3,0,3,0,9,13,0,22,0,0,0,22
05/05/2021,FSM,AR,ASW,ES,Combined TRACON& Tower with Radar,0,9,21,33,63,0,0,58,4,62,0,9,79,37,125,70,24,94,219
05/06/2021,FSM,AR,ASW,ES,Combined TRACON& Tower with Radar,2,12,22,12,48,0,1,24,5,30,2,13,46,17,78,30,0,30,108
05/07/2021,FSM,AR,ASW,ES,Combined TRACON& Tower with Radar,2,9,28,17,56,0,0,42,8,50,2,9,70,25,106,29,16,45,151
05/08/2021,FSM,AR,ASW,ES,Combined TRACON& Tower with Radar,2,11,8,5,26,0,3,15,1,19,2,14,23,6,45,0,0,0,45
05/09/2021,FSM,AR,ASW,ES,Combined TRACON& Tower with Radar,2,8,17,2,29,0,0,4,0,4,2,8,21,2,33,0,0,0,33
05/10/2021,FSM,AR,ASW,ES,Combined TRACON& Tower with Radar,5,14,15,36,70,0,0,4,2,6,5,14,19,38,76,4,0,4,80
05/11/2021,FSM,AR,ASW,ES,Combined TRACON& Tower with Radar,3,7,14,10,34,0,0,5,1,6,3,7,19,11,40,0,0,0,40
05/12/2021,FSM,AR,ASW,ES,Combined TRACON& Tower with Radar,2,9,12,45,68,0,0,22,6,28,2,9,34,51,96,14,4,18,114
05/13/2021,FSM,AR,ASW,ES,Combined TRACON& Tower with Radar,2,9,29,42,82,0,0,52,9,61,2,9,81,51,143,154,24,178,321
05/14/2021,FSM,AR,ASW,ES,Combined TRACON& Tower with Radar,2,6,19,78,105,0,0,39,16,55,2,6,58,94,160,8,58,66,226
05/15/2021,FSM,AR,ASW,ES,Combined TRACON& Tower with Radar,2,6,16,21,45,0,0,22,1,23,2,6,38,22,68,18,10,28,96
05/16/2021,FSM,AR,ASW,ES,Combined TRACON& Tower with Radar,2,9,10,2,23,0,0,7,0,7,2,9,17,2,30,12,0,12,42
05/17/2021,FSM,AR,ASW,ES,Combined TRACON& Tower with Radar,2,13,13,30,58,0,1,2,8,11,2,14,15,38,69,14,2,16,85
05/18/2021,FSM,AR,ASW,ES,Combined TRACON& Tower with Radar,2,7,12,22,43,0,0,4,10,14,2,7,16,32,57,63,8,71,128
05/19/2021,FSM,AR,ASW,ES,Combined TRACON& Tower with Radar,2,11,10,4,27,0,0,2,4,6,2,11,12,8,33,0,0,0,33
05/20/2021,FSM,AR,ASW,ES,Combined TRACON& Tower with Radar,2,17,19,1,39,0,0,2,2,4,2,17,21,3,43,0,0,0,43
05/21/2021,FSM,AR,ASW,ES,Combined TRACON& Tower with Radar,2,17,11,4,34,0,0,1,0,1,2,17,12,4,35,0,0,0,35
05/22/2021,FSM,AR,ASW,ES,Combined TRACON& Tower with Radar,2,11,20,6,39,0,1,25,0,26,2,12,45,6,65,18,0,18,83
05/23/2021,FSM,AR,ASW,ES,Combined TRACON& Tower with Radar,2,8,18,11,39,0,2,34,5,41,2,10,52,16,80,60,0,60,140
05/24/2021,FSM,AR,ASW,ES,Combined TRACON& Tower with Radar,8,11,14,42,75,0,0,24,10,34,8,11,38,52,109,84,14,98,207
05/25/2021,FSM,AR,ASW,ES,Combined TRACON& Tower with Radar,2,9,7,2,20,0,1,2,0,3,2,10,9,2,23,0,0,0,23
05/26/2021,FSM,AR,ASW,ES,Combined TRACON& Tower with Radar,2,13,31,11,57,0,0,11,4,15,2,13,42,15,72,62,46,108,180
05/27/2021,FSM,AR,ASW,ES,Combined TRACON& Tower with Radar,2,14,18,7,41,0,0,11,2,13,2,14,29,9,54,4,16,20,74
05/28/2021,FSM,AR,ASW,ES,Combined TRACON& Tower with Radar,2,12,9,0,23,0,3,17,4,24,2,15,26,4,47,16,0,16,63
05/29/2021,FSM,AR,ASW,ES,Combined TRACON& Tower with Radar,2,6,15,0,23,0,0,36,0,36,2,6,51,0,59,12,0,12,71
05/30/2021,FSM,AR,ASW,ES,Combined TRACON& Tower with Radar,4,8,15,0,27,0,1,12,0,13,4,9,27,0,40,0,0,0,40
05/31/2021,FSM,AR,ASW,ES,Combined TRACON& Tower with Radar,0,9,14,0,23,0,0,26,1,27,0,9,40,1,50,0,0,0,50
06/01/2021,FSM,AR,ASW,ES,Combined TRACON& Tower with Radar,2,12,6,0,20,0,0,0,0,0,2,12,6,0,20,0,0,0,20
06/02/2021,FSM,AR,ASW,ES,Combined TRACON& Tower with Radar,2,11,21,28,62,0,2,2,2,6,2,13,23,30,68,0,0,0,68
06/03/2021,FSM,AR,ASW,ES,Combined TRACON& Tower with Radar,2,12,21,28,63,0,2,44,5,51,2,14,65,33,114,0,0,0,114
06/04/2021,FSM,AR,ASW,ES,Combined TRACON& Tower with Radar,3,7,18,52,80,0,0,53,3,56,3,7,71,55,136,57,0,57,193
06/05/2021,FSM,AR,ASW,ES,Combined TRACON& Tower with Radar,3,6,16,3,28,0,0,15,0,15,3,6,31,3,43,0,0,0,43
06/06/2021,FSM,AR,ASW,ES,Combined TRACON& Tower with Radar,3,5,6,8,22,0,0,2,3,5,3,5,8,11,27,8,0,8,35
06/07/2021,FSM,AR,ASW,ES,Combined TRACON& Tower with Radar,3,3,8,1,15,0,0,0,1,1,3,3,8,2,16,0,0,0,16
06/08/2021,FSM,AR,ASW,ES,Combined TRACON& Tower with Radar,3,6,27,14,50,0,0,17,9,26,3,6,44,23,76,62,0,62,138
06/09/2021,FSM,AR,ASW,ES,Combined TRACON& Tower with Radar,3,8,18,5,34,0,1,11,8,20,3,9,29,13,54,0,0,0,54
06/10/2021,FSM,AR,ASW,ES,Combined TRACON& Tower with Radar,3,13,19,4,39,0,3,40,7,50,3,16,59,11,89,26,0,26,115
06/11/2021,FSM,AR,ASW,ES,Combined TRACON& Tower with Radar,3,14,19,40,76,0,1,41,8,50,3,15,60,48,126,14,14,28,154
06/12/2021,FSM,AR,ASW,ES,Combined TRACON& Tower with Radar,3,5,14,0,22,0,2,48,11,61,3,7,62,11,83,0,0,0,83
06/13/2021,FSM,AR,ASW,ES,Combined TRACON& Tower with Radar,3,7,12,2,24,0,1,23,2,26,3,8,35,4,50,18,0,18,68
06/14/2021,FSM,AR,ASW,ES,Combined TRACON& Tower with Radar,3,10,26,41,80,0,3,39,4,46,3,13,65,45,126,38,6,44,170
06/15/2021,FSM,AR,ASW,ES,Combined TRACON& Tower with Radar,3,11,16,34,64,0,0,33,4,37,3,11,49,38,101,38,6,44,145
06/16/2021,FSM,AR,ASW,ES,Combined TRACON& Tower with Radar,3,7,28,27,65,0,4,40,7,51,3,11,68,34,116,16,0,16,132
06/17/2021,FSM,AR,ASW,ES,Combined TRACON& Tower with Radar,3,5,27,37,72,0,2,31,9,42,3,7,58,46,114,55,16,71,185
06/18/2021,FSM,AR,ASW,ES,Combined TRACON& Tower with Radar,3,4,21,13,41,0,8,36,0,44,3,12,57,13,85,22,12,34,119
06/19/2021,FSM,AR,ASW,ES,Combined TRACON& Tower with Radar,3,5,13,6,27,0,2,44,0,46,3,7,57,6,73,40,6,46,119
06/20/2021,FSM,AR,ASW,ES,Combined TRACON& Tower with Radar,3,11,17,2,33,0,0,14,0,14,3,11,31,2,47,0,0,0,47
06/21/2021,FSM,AR,ASW,ES,Combined TRACON& Tower with Radar,3,11,16,0,30,0,0,5,1,6,3,11,21,1,36,0,0,0,36
06/22/2021,FSM,AR,ASW,ES,Combined TRACON& Tower with Radar,3,6,19,45,73,0,0,33,9,42,3,6,52,54,115,54,0,54,169
06/23/2021,FSM,AR,ASW,ES,Combined TRACON& Tower with Radar,19,10,27,31,87,0,1,18,10,29,19,11,45,41,116,20,0,20,136
06/24/2021,FSM,AR,ASW,ES,Combined TRACON& Tower with Radar,3,9,30,20,62,0,1,18,4,23,3,10,48,24,85,20,0,20,105
06/25/2021,FSM,AR,ASW,ES,Combined TRACON& Tower with Radar,3,9,32,59,103,0,0,38,3,41,3,9,70,62,144,16,0,16,160
06/26/2021,FSM,AR,ASW,ES,Combined TRACON& Tower with Radar,5,4,27,12,48,0,0,27,2,29,5,4,54,14,77,0,0,0,77
06/27/2021,FSM,AR,ASW,ES,Combined TRACON& Tower with Radar,1,9,11,0,21,0,0,10,0,10,1,9,21,0,31,8,0,8,39
06/28/2021,FSM,AR,ASW,ES,Combined TRACON& Tower with Radar,3,3,29,12,47,0,0,19,3,22,3,3,48,15,69,0,0,0,69
06/29/2021,FSM,AR,ASW,ES,Combined TRACON& Tower with Radar,2,10,27,14,53,0,0,14,4,18,2,10,41,18,71,42,0,42,113
06/30/2021,FSM,AR,ASW,ES,Combined TRACON& Tower with Radar,3,6,19,37,65,0,0,20,8,28,3,6,39,45,93,46,2,48,141
07/01/2021,FSM,AR,ASW,ES,Combined TRACON& Tower with Radar,3,9,11,1,24,0,1,4,1,6,3,10,15,2,30,0,0,0,30
07/02/2021,FSM,AR,ASW,ES,Combined TRACON& Tower with Radar,1,8,11,11,31,0,1,14,2,17,1,9,25,13,48,14,0,14,62
07/03/2021,FSM,AR,ASW,ES,Combined TRACON& Tower with Radar,3,4,15,0,22,0,1,44,0,45,3,5,59,0,67,14,0,14,81
07/04/2021,FSM,AR,ASW,ES,Combined TRACON& Tower with Radar,3,7,3,0,13,0,0,23,0,23,3,7,26,0,36,16,0,16,52
07/05/2021,FSM,AR,ASW,ES,Combined TRACON& Tower with Radar,3,8,11,0,22,0,0,40,0,40,3,8,51,0,62,28,0,28,90
07/06/2021,FSM,AR,ASW,ES,Combined TRACON& Tower with Radar,5,6,33,17,61,0,2,34,17,53,5,8,67,34,114,0,32,32,146
07/07/2021,FSM,AR,ASW,ES,Combined TRACON& Tower with Radar,3,9,10,24,46,0,1,21,2,24,3,10,31,26,70,0,0,0,70
07/08/2021,FSM,AR,ASW,ES,Combined TRACON& Tower with Radar,3,5,30,55,93,0,0,32,9,41,3,5,62,64,134,18,4,22,156
07/09/2021,FSM,AR,ASW,ES,Combined TRACON& Tower with Radar,3,7,11,67,88,0,1,12,8,21,3,8,23,75,109,24,26,50,159
07/10/2021,FSM,AR,ASW,ES,Combined TRACON& Tower with Radar,4,10,13,5,32,0,0,11,1,12,4,10,24,6,44,0,0,0,44
07/11/2021,FSM,AR,ASW,ES,Combined TRACON& Tower with Radar,3,4,14,30,51,0,0,3,1,4,3,4,17,31,55,0,0,0,55
07/12/2021,FSM,AR,ASW,ES,Combined TRACON& Tower with Radar,3,9,11,49,72,0,3,30,4,37,3,12,41,53,109,0,50,50,159
07/13/2021,FSM,AR,ASW,ES,Combined TRACON& Tower with Radar,3,9,24,33,69,0,0,38,13,51,3,9,62,46,120,0,0,0,120
07/14/2021,FSM,AR,ASW,ES,Combined TRACON& Tower with Radar,3,4,29,42,78,0,1,35,16,52,3,5,64,58,130,0,36,36,166
07/15/2021,FSM,AR,ASW,ES,Combined TRACON& Tower with Radar,3,6,31,39,79,0,0,24,9,33,3,6,55,48,112,0,2,2,114
07/16/2021,FSM,AR,ASW,ES,Combined TRACON& Tower with Radar,4,6,6,0,16,0,2,13,0,15,4,8,19,0,31,0,0,0,31
07/17/2021,FSM,AR,ASW,ES,Combined TRACON& Tower with Radar,3,7,4,0,14,0,0,6,0,6,3,7,10,0,20,6,0,6,26
07/18/2021,FSM,AR,ASW,ES,Combined TRACON& Tower with Radar,3,13,11,0,27,0,0,9,2,11,3,13,20,2,38,12,0,12,50
07/19/2021,FSM,AR,ASW,ES,Combined TRACON& Tower with Radar,1,4,25,4,34,0,0,22,2,24,1,4,47,6,58,22,0,22,80
07/20/2021,FSM,AR,ASW,ES,Combined TRACON& Tower with Radar,3,8,13,4,28,0,2,35,9,46,3,10,48,13,74,0,0,0,74
07/21/2021,FSM,AR,ASW,ES,Combined TRACON& Tower with Radar,3,10,11,0,24,0,4,30,12,46,3,14,41,12,70,20,0,20,90
07/22/2021,FSM,AR,ASW,ES,Combined TRACON& Tower with Radar,3,10,13,16,42,0,0,23,8,31,3,10,36,24,73,10,0,10,83
07/23/2021,FSM,AR,ASW,ES,Combined TRACON& Tower with Radar,3,18,15,4,40,0,0,29,4,33,3,18,44,8,73,16,0,16,89
07/24/2021,FSM,AR,ASW,ES,Combined TRACON& Tower with Radar,3,6,13,5,27,0,1,26,4,31,3,7,39,9,58,28,2,30,88
07/25/2021,FSM,AR,ASW,ES,Combined TRACON& Tower with Radar,3,13,12,0,28,0,0,27,0,27,3,13,39,0,55,0,0,0,55
07/26/2021,FSM,AR,ASW,ES,Combined TRACON& Tower with Radar,3,5,21,6,35,0,0,22,5,27,3,5,43,11,62,12,0,12,74
07/27/2021,FSM,AR,ASW,ES,Combined TRACON& Tower with Radar,3,10,12,5,30,0,4,17,14,35,3,14,29,19,65,10,0,10,75
07/28/2021,FSM,AR,ASW,ES,Combined TRACON& Tower with Radar,3,10,21,7,41,0,3,32,12,47,3,13,53,19,88,0,0,0,88
07/29/2021,FSM,AR,ASW,ES,Combined TRACON& Tower with Radar,3,10,19,5,37,0,4,41,8,53,3,14,60,13,90,18,20,38,128
07/30/2021,FSM,AR,ASW,ES,Combined TRACON& Tower with Radar,3,10,18,3,34,0,0,46,2,48,3,10,64,5,82,16,10,26,108
07/31/2021,FSM,AR,ASW,ES,Combined TRACON& Tower with Radar,5,8,8,6,27,0,0,35,0,35,5,8,43,6,62,0,0,0,62
08/01/2021,FSM,AR,ASW,ES,Combined TRACON& Tower with Radar,1,10,6,0,17,0,0,19,0,19,1,10,25,0,36,25,0,25,61
08/02/2021,FSM,AR,ASW,ES,Combined TRACON& Tower with Radar,4,9,20,19,52,0,1,15,7,23,4,10,35,26,75,0,0,0,75
08/03/2021,FSM,AR,ASW,ES,Combined TRACON& Tower with Radar,5,7,24,19,55,0,0,36,12,48,5,7,60,31,103,18,8,26,129
08/04/2021,FSM,AR,ASW,ES,Combined TRACON& Tower with Radar,3,10,13,2,28,0,7,25,4,36,3,17,38,6,64,0,0,0,64
08/05/2021,FSM,AR,ASW,ES,Combined TRACON& Tower with Radar,3,8,20,5,36,0,1,25,4,30,3,9,45,9,66,0,0,0,66
08/06/2021,FSM,AR,ASW,ES,Combined TRACON& Tower with Radar,5,13,24,6,48,0,3,35,2,40,5,16,59,8,88,64,0,64,152
08/07/2021,FSM,AR,ASW,ES,Combined TRACON& Tower with Radar,3,6,13,8,30,0,1,22,5,28,3,7,35,13,58,6,0,6,64
08/08/2021,FSM,AR,ASW,ES,Combined TRACON& Tower with Radar,3,10,9,3,25,0,1,17,1,19,3,11,26,4,44,34,0,34,78
08/09/2021,FSM,AR,ASW,ES,Combined TRACON& Tower with Radar,3,9,16,0,28,0,0,47,3,50,3,9,63,3,78,20,0,20,98
08/10/2021,FSM,AR,ASW,ES,Combined TRACON& Tower with Radar,3,8,21,18,50,0,0,25,12,37,3,8,46,30,87,37,12,49,136
08/11/2021,FSM,AR,ASW,ES,Combined TRACON& Tower with Radar,3,7,14,8,32,0,0,7,6,13,3,7,21,14,45,26,0,26,71
08/12/2021,FSM,AR,ASW,ES,Combined TRACON& Tower with Radar,3,15,15,14,47,0,0,45,8,53,3,15,60,22,100,43,0,43,143
08/13/2021,FSM,AR,ASW,ES,Combined TRACON& Tower with Radar,2,8,29,4,43,0,1,40,0,41,2,9,69,4,84,45,0,45,129
08/14/2021,FSM,AR,ASW,ES,Combined TRACON& Tower with Radar,0,6,18,5,29,0,0,12,2,14,0,6,30,7,43,3,0,3,46
08/15/2021,FSM,AR,ASW,ES,Combined TRACON& Tower with Radar,3,10,16,0,29,0,0,16,0,16,3,10,32,0,45,0,0,0,45
08/16/2021,FSM,AR,ASW,ES,Combined TRACON& Tower with Radar,3,12,22,8,45,0,1,61,0,62,3,13,83,8,107,12,0,12,119
08/17/2021,FSM,AR,ASW,ES,Combined TRACON& Tower with Radar,4,10,16,14,44,0,0,15,4,19,4,10,31,18,63,16,0,16,79
08/18/2021,FSM,AR,ASW,ES,Combined TRACON& Tower with Radar,1,14,9,11,35,0,0,1,2,3,1,14,10,13,38,0,0,0,38
08/19/2021,FSM,AR,ASW,ES,Combined TRACON& Tower with Radar,1,11,18,0,30,0,0,2,1,3,1,11,20,1,33,0,0,0,33
08/20/2021,FSM,AR,ASW,ES,Combined TRACON& Tower with Radar,3,12,13,15,43,0,1,33,4,38,3,13,46,19,81,30,0,30,111
08/21/2021,FSM,AR,ASW,ES,Combined TRACON& Tower with Radar,0,2,7,0,9,0,0,12,0,12,0,2,19,0,21,18,0,18,39
08/22/2021,FSM,AR,ASW,ES,Combined TRACON& Tower with Radar,0,5,15,0,20,0,1,16,0,17,0,6,31,0,37,12,0,12,49
08/23/2021,FSM,AR,ASW,ES,Combined TRACON& Tower with Radar,0,7,15,0,22,0,0,17,3,20,0,7,32,3,42,10,0,10,52
08/24/2021,FSM,AR,ASW,ES,Combined TRACON& Tower with Radar,0,1,22,0,23,0,0,16,3,19,0,1,38,3,42,46,0,46,88
08/25/2021,FSM,AR,ASW,ES,Combined TRACON& Tower with Radar,0,9,11,0,20,0,2,20,3,25,0,11,31,3,45,20,0,20,65
08/26/2021,FSM,AR,ASW,ES,Combined TRACON& Tower with Radar,0,3,24,3,30,0,1,20,5,26,0,4,44,8,56,20,0,20,76
08/27/2021,FSM,AR,ASW,ES,Combined TRACON& Tower with Radar,0,3,25,11,39,0,4,36,7,47,0,7,61,18,86,0,0,0,86
08/28/2021,FSM,AR,ASW,ES,Combined TRACON& Tower with Radar,0,0,10,5,15,0,0,23,3,26,0,0,33,8,41,0,0,0,41
08/29/2021,FSM,AR,ASW,ES,Combined TRACON& Tower with Radar,0,1,7,2,10,0,0,18,0,18,0,1,25,2,28,0,0,0,28
08/30/2021,FSM,AR,ASW,ES,Combined TRACON& Tower with Radar,0,1,3,0,4,0,0,3,0,3,0,1,6,0,7,1,0,1,8
08/31/2021,FSM,AR,ASW,ES,Combined TRACON& Tower with Radar,0,0,0,0,0,0,0,0,0,0,0,0,0,0,0,0,0,0,0
09/01/2021,FSM,AR,ASW,ES,Combined TRACON& Tower with Radar,0,0,0,0,0,0,2,0,4,6,0,2,0,4,6,0,0,0,6
09/02/2021,FSM,AR,ASW,ES,Combined TRACON& Tower with Radar,0,0,0,0,0,0,0,1,0,1,0,0,1,0,1,0,0,0,1
09/03/2021,FSM,AR,ASW,ES,Combined TRACON& Tower with Radar,0,7,11,6,24,0,1,38,0,39,0,8,49,6,63,36,0,36,99
09/04/2021,FSM,AR,ASW,ES,Combined TRACON& Tower with Radar,0,0,8,4,12,0,1,27,0,28,0,1,35,4,40,0,0,0,40
09/05/2021,FSM,AR,ASW,ES,Combined TRACON& Tower with Radar,2,6,8,0,16,0,1,21,0,22,2,7,29,0,38,0,0,0,38
09/06/2021,FSM,AR,ASW,ES,Combined TRACON& Tower with Radar,2,8,13,0,23,0,1,27,0,28,2,9,40,0,51,0,0,0,51
09/07/2021,FSM,AR,ASW,ES,Combined TRACON& Tower with Radar,2,6,26,14,48,0,0,33,9,42,2,6,59,23,90,22,0,22,112
09/08/2021,FSM,AR,ASW,ES,Combined TRACON& Tower with Radar,2,9,21,25,57,0,1,27,7,35,2,10,48,32,92,8,24,32,124
09/09/2021,FSM,AR,ASW,ES,Combined TRACON& Tower with Radar,3,5,18,11,37,0,1,19,4,24,3,6,37,15,61,0,18,18,79
09/10/2021,FSM,AR,ASW,ES,Combined TRACON& Tower with Radar,3,6,19,35,63,0,0,42,0,42,3,6,61,35,105,10,0,10,115
09/11/2021,FSM,AR,ASW,ES,Combined TRACON& Tower with Radar,4,2,14,0,20,0,0,37,1,38,4,2,51,1,58,0,0,0,58
09/12/2021,FSM,AR,ASW,ES,Combined TRACON& Tower with Radar,3,6,15,35,59,0,3,21,1,25,3,9,36,36,84,14,2,16,100
09/13/2021,FSM,AR,ASW,ES,Combined TRACON& Tower with Radar,3,5,22,24,54,0,0,17,2,19,3,5,39,26,73,14,0,14,87
09/14/2021,FSM,AR,ASW,ES,Combined TRACON& Tower with Radar,2,9,19,9,39,0,1,29,4,34,2,10,48,13,73,0,0,0,73
09/15/2021,FSM,AR,ASW,ES,Combined TRACON& Tower with Radar,2,10,19,9,40,0,1,17,5,23,2,11,36,14,63,0,0,0,63
09/16/2021,FSM,AR,ASW,ES,Combined TRACON& Tower with Radar,3,13,12,16,44,0,1,16,6,23,3,14,28,22,67,0,0,0,67
09/17/2021,FSM,AR,ASW,ES,Combined TRACON& Tower with Radar,3,12,19,41,75,0,0,23,8,31,3,12,42,49,106,22,42,64,170
09/18/2021,FSM,AR,ASW,ES,Combined TRACON& Tower with Radar,5,7,11,0,23,0,0,28,4,32,5,7,39,4,55,10,0,10,65
09/19/2021,FSM,AR,ASW,ES,Combined TRACON& Tower with Radar,3,10,21,12,46,0,2,17,0,19,3,12,38,12,65,18,0,18,83
09/20/2021,FSM,AR,ASW,ES,Combined TRACON& Tower with Radar,3,13,13,16,45,0,1,19,7,27,3,14,32,23,72,0,0,0,72
09/21/2021,FSM,AR,ASW,ES,Combined TRACON& Tower with Radar,2,11,15,4,32,0,0,10,2,12,2,11,25,6,44,0,0,0,44
09/22/2021,FSM,AR,ASW,ES,Combined TRACON& Tower with Radar,2,10,21,15,48,0,2,16,3,21,2,12,37,18,69,20,10,30,99
09/23/2021,FSM,AR,ASW,ES,Combined TRACON& Tower with Radar,3,9,23,35,70,0,1,45,7,53,3,10,68,42,123,16,0,16,139
09/24/2021,FSM,AR,ASW,ES,Combined TRACON& Tower with Radar,3,7,24,32,66,0,4,39,7,50,3,11,63,39,116,8,10,18,134
09/25/2021,FSM,AR,ASW,ES,Combined TRACON& Tower with Radar,4,4,25,0,33,0,0,23,0,23,4,4,48,0,56,32,0,32,88
09/26/2021,FSM,AR,ASW,ES,Combined TRACON& Tower with Radar,3,6,13,1,23,0,2,18,1,21,3,8,31,2,44,0,0,0,44
09/27/2021,FSM,AR,ASW,ES,Combined TRACON& Tower with Radar,3,9,22,5,39,0,0,19,9,28,3,9,41,14,67,0,0,0,67
09/28/2021,FSM,AR,ASW,ES,Combined TRACON& Tower with Radar,2,8,13,25,48,0,1,15,10,26,2,9,28,35,74,10,0,10,84
09/29/2021,FSM,AR,ASW,ES,Combined TRACON& Tower with Radar,2,7,20,6,35,0,0,21,6,27,2,7,41,12,62,0,0,0,62
09/30/2021,FSM,AR,ASW,ES,Combined TRACON& Tower with Radar,3,5,22,8,38,0,0,6,3,9,3,5,28,11,47,0,0,0,47
10/01/2021,FSM,AR,ASW,ES,Combined TRACON& Tower with Radar,5,7,16,1,29,0,0,0,0,0,5,7,16,1,29,0,0,0,29
10/02/2021,FSM,AR,ASW,ES,Combined TRACON& Tower with Radar,6,0,11,2,19,0,1,5,0,6,6,1,16,2,25,14,0,14,39
10/03/2021,FSM,AR,ASW,ES,Combined TRACON& Tower with Radar,3,7,14,14,38,0,0,22,1,23,3,7,36,15,61,0,0,0,61
10/04/2021,FSM,AR,ASW,ES,Combined TRACON& Tower with Radar,3,8,11,0,22,0,0,17,3,20,3,8,28,3,42,0,0,0,42
10/05/2021,FSM,AR,ASW,ES,Combined TRACON& Tower with Radar,2,9,20,31,62,0,0,27,12,39,2,9,47,43,101,14,0,14,115
10/06/2021,FSM,AR,ASW,ES,Combined TRACON& Tower with Radar,2,10,17,7,36,0,0,24,9,33,2,10,41,16,69,0,0,0,69
10/07/2021,FSM,AR,ASW,ES,Combined TRACON& Tower with Radar,5,10,22,23,60,0,1,22,4,27,5,11,44,27,87,6,24,30,117
10/08/2021,FSM,AR,ASW,ES,Combined TRACON& Tower with Radar,5,6,23,41,75,0,1,18,5,24,5,7,41,46,99,4,8,12,111
10/09/2021,FSM,AR,ASW,ES,Combined TRACON& Tower with Radar,4,6,14,0,24,0,2,17,0,19,4,8,31,0,43,7,0,7,50
10/10/2021,FSM,AR,ASW,ES,Combined TRACON& Tower with Radar,6,6,14,0,26,0,0,10,0,10,6,6,24,0,36,0,0,0,36
10/11/2021,FSM,AR,ASW,ES,Combined TRACON& Tower with Radar,4,5,9,1,19,0,0,15,3,18,4,5,24,4,37,0,0,0,37
10/12/2021,FSM,AR,ASW,ES,Combined TRACON& Tower with Radar,4,6,17,11,38,0,0,14,0,14,4,6,31,11,52,0,0,0,52
10/13/2021,FSM,AR,ASW,ES,Combined TRACON& Tower with Radar,3,7,9,0,19,0,0,1,0,1,3,7,10,0,20,0,0,0,20
10/14/2021,FSM,AR,ASW,ES,Combined TRACON& Tower with Radar,4,6,23,8,41,0,0,2,0,2,4,6,25,8,43,0,0,0,43
10/15/2021,FSM,AR,ASW,ES,Combined TRACON& Tower with Radar,4,7,23,46,80,0,0,5,0,5,4,7,28,46,85,6,14,20,105
10/16/2021,FSM,AR,ASW,ES,Combined TRACON& Tower with Radar,4,5,20,6,35,0,1,29,8,38,4,6,49,14,73,32,0,32,105
10/17/2021,FSM,AR,ASW,ES,Combined TRACON& Tower with Radar,5,8,18,9,40,0,1,37,3,41,5,9,55,12,81,0,0,0,81
10/18/2021,FSM,AR,ASW,ES,Combined TRACON& Tower with Radar,4,9,19,17,49,0,1,25,4,30,4,10,44,21,79,22,0,22,101
10/19/2021,FSM,AR,ASW,ES,Combined TRACON& Tower with Radar,4,8,13,36,61,0,0,33,8,41,4,8,46,44,102,0,0,0,102
10/20/2021,FSM,AR,ASW,ES,Combined TRACON& Tower with Radar,5,8,21,28,62,0,0,16,6,22,5,8,37,34,84,16,12,28,112
10/21/2021,FSM,AR,ASW,ES,Combined TRACON& Tower with Radar,3,8,20,27,58,0,1,33,6,40,3,9,53,33,98,0,0,0,98
10/22/2021,FSM,AR,ASW,ES,Combined TRACON& Tower with Radar,4,10,20,43,77,0,2,33,0,35,4,12,53,43,112,32,0,32,144
10/23/2021,FSM,AR,ASW,ES,Combined TRACON& Tower with Radar,6,9,7,18,40,0,0,24,0,24,6,9,31,18,64,36,0,36,100
10/24/2021,FSM,AR,ASW,ES,Combined TRACON& Tower with Radar,5,9,12,0,26,0,0,8,0,8,5,9,20,0,34,0,0,0,34
10/25/2021,FSM,AR,ASW,ES,Combined TRACON& Tower with Radar,4,9,14,17,44,0,1,33,8,42,4,10,47,25,86,0,0,0,86
10/26/2021,FSM,AR,ASW,ES,Combined TRACON& Tower with Radar,3,5,32,13,53,0,0,15,7,22,3,5,47,20,75,22,16,38,113
10/27/2021,FSM,AR,ASW,ES,Combined TRACON& Tower with Radar,5,4,12,0,21,0,0,1,0,1,5,4,13,0,22,0,0,0,22
10/28/2021,FSM,AR,ASW,ES,Combined TRACON& Tower with Radar,6,3,16,0,25,0,0,1,0,1,6,3,17,0,26,0,0,0,26
10/29/2021,FSM,AR,ASW,ES,Combined TRACON& Tower with Radar,5,7,19,4,35,0,1,2,0,3,5,8,21,4,38,0,0,0,38
10/30/2021,FSM,AR,ASW,ES,Combined TRACON& Tower with Radar,4,9,11,0,24,0,1,34,3,38,4,10,45,3,62,14,0,14,76
10/31/2021,FSM,AR,ASW,ES,Combined TRACON& Tower with Radar,5,11,28,0,44,0,0,39,1,40,5,11,67,1,84,0,0,0,84
11/01/2021,FSM,AR,ASW,ES,Combined TRACON& Tower with Radar,4,4,5,37,50,0,0,17,6,23,4,4,22,43,73,0,0,0,73
11/02/2021,FSM,AR,ASW,ES,Combined TRACON& Tower with Radar,5,7,3,28,43,0,0,0,0,0,5,7,3,28,43,0,0,0,43
11/03/2021,FSM,AR,ASW,ES,Combined TRACON& Tower with Radar,4,7,12,17,40,0,1,1,3,5,4,8,13,20,45,0,0,0,45
11/04/2021,FSM,AR,ASW,ES,Combined TRACON& Tower with Radar,4,5,22,41,72,0,1,17,6,24,4,6,39,47,96,0,0,0,96
11/05/2021,FSM,AR,ASW,ES,Combined TRACON& Tower with Radar,4,6,21,4,35,0,1,29,2,32,4,7,50,6,67,35,0,35,102
11/06/2021,FSM,AR,ASW,ES,Combined TRACON& Tower with Radar,2,6,20,5,33,0,3,46,3,52,2,9,66,8,85,0,0,0,85
11/07/2021,FSM,AR,ASW,ES,Combined TRACON& Tower with Radar,4,7,17,6,34,0,0,26,0,26,4,7,43,6,60,0,0,0,60
11/08/2021,FSM,AR,ASW,ES,Combined TRACON& Tower with Radar,4,5,25,28,62,0,2,19,5,26,4,7,44,33,88,0,0,0,88
11/09/2021,FSM,AR,ASW,ES,Combined TRACON& Tower with Radar,4,5,19,32,60,0,2,12,5,19,4,7,31,37,79,32,16,48,127
11/10/2021,FSM,AR,ASW,ES,Combined TRACON& Tower with Radar,4,6,9,4,23,0,0,8,3,11,4,6,17,7,34,0,0,0,34
11/11/2021,FSM,AR,ASW,ES,Combined TRACON& Tower with Radar,4,10,23,12,49,0,3,15,4,22,4,13,38,16,71,0,0,0,71
11/12/2021,FSM,AR,ASW,ES,Combined TRACON& Tower with Radar,4,12,16,24,56,0,0,20,1,21,4,12,36,25,77,6,0,6,83
11/13/2021,FSM,AR,ASW,ES,Combined TRACON& Tower with Radar,2,7,15,0,24,0,1,26,0,27,2,8,41,0,51,16,0,16,67
11/14/2021,FSM,AR,ASW,ES,Combined TRACON& Tower with Radar,4,5,6,0,15,0,1,27,0,28,4,6,33,0,43,48,0,48,91
11/15/2021,FSM,AR,ASW,ES,Combined TRACON& Tower with Radar,4,6,14,27,51,0,4,18,9,31,4,10,32,36,82,0,0,0,82
11/16/2021,FSM,AR,ASW,ES,Combined TRACON& Tower with Radar,4,11,15,40,70,0,0,17,8,25,4,11,32,48,95,24,0,24,119
11/17/2021,FSM,AR,ASW,ES,Combined TRACON& Tower with Radar,4,8,26,18,56,0,0,2,5,7,4,8,28,23,63,0,0,0,63
11/18/2021,FSM,AR,ASW,ES,Combined TRACON& Tower with Radar,4,10,34,13,61,0,0,26,14,40,4,10,60,27,101,18,0,18,119
11/19/2021,FSM,AR,ASW,ES,Combined TRACON& Tower with Radar,5,5,28,15,53,0,0,38,1,39,5,5,66,16,92,18,0,18,110
11/20/2021,FSM,AR,ASW,ES,Combined TRACON& Tower with Radar,6,7,5,0,18,0,0,13,0,13,6,7,18,0,31,0,0,0,31
11/21/2021,FSM,AR,ASW,ES,Combined TRACON& Tower with Radar,6,4,19,2,31,0,0,5,0,5,6,4,24,2,36,0,0,0,36
11/22/2021,FSM,AR,ASW,ES,Combined TRACON& Tower with Radar,5,5,17,4,31,0,2,29,2,33,5,7,46,6,64,0,0,0,64
11/23/2021,FSM,AR,ASW,ES,Combined TRACON& Tower with Radar,5,6,14,10,35,0,0,65,8,73,5,6,79,18,108,4,0,4,112
11/24/2021,FSM,AR,ASW,ES,Combined TRACON& Tower with Radar,6,4,16,2,28,0,1,11,0,12,6,5,27,2,40,26,0,26,66
11/25/2021,FSM,AR,ASW,ES,Combined TRACON& Tower with Radar,1,2,3,0,6,0,0,4,0,4,1,2,7,0,10,0,0,0,10
11/26/2021,FSM,AR,ASW,ES,Combined TRACON& Tower with Radar,5,1,9,0,15,0,3,27,0,30,5,4,36,0,45,8,0,8,53
11/27/2021,FSM,AR,ASW,ES,Combined TRACON& Tower with Radar,3,5,14,0,22,0,2,31,0,33,3,7,45,0,55,12,0,12,67
11/28/2021,FSM,AR,ASW,ES,Combined TRACON& Tower with Radar,7,3,16,0,26,0,0,30,0,30,7,3,46,0,56,8,0,8,64
11/29/2021,FSM,AR,ASW,ES,Combined TRACON& Tower with Radar,5,4,15,27,51,0,0,28,9,37,5,4,43,36,88,58,6,64,152
11/30/2021,FSM,AR,ASW,ES,Combined TRACON& Tower with Radar,6,3,28,20,57,0,1,25,0,26,6,4,53,20,83,14,6,20,103
12/01/2021,FSM,AR,ASW,ES,Combined TRACON& Tower with Radar,5,6,15,5,31,0,1,17,4,22,5,7,32,9,53,30,0,30,83
12/02/2021,FSM,AR,ASW,ES,Combined TRACON& Tower with Radar,6,8,22,27,63,0,0,37,6,43,6,8,59,33,106,8,0,8,114
12/03/2021,FSM,AR,ASW,ES,Combined TRACON& Tower with Radar,7,3,20,2,32,0,0,27,1,28,7,3,47,3,60,16,24,40,100
12/04/2021,FSM,AR,ASW,ES,Combined TRACON& Tower with Radar,6,13,16,7,42,0,1,5,1,7,6,14,21,8,49,0,0,0,49
12/05/2021,FSM,AR,ASW,ES,Combined TRACON& Tower with Radar,7,8,10,0,25,0,1,5,1,7,7,9,15,1,32,0,0,0,32
12/06/2021,FSM,AR,ASW,ES,Combined TRACON& Tower with Radar,8,7,12,0,27,0,3,14,0,17,8,10,26,0,44,0,0,0,44
12/07/2021,FSM,AR,ASW,ES,Combined TRACON& Tower with Radar,8,1,29,7,45,0,0,16,3,19,8,1,45,10,64,34,0,34,98
12/08/2021,FSM,AR,ASW,ES,Combined TRACON& Tower with Radar,7,5,18,26,56,0,0,18,8,26,7,5,36,34,82,38,16,54,136
12/09/2021,FSM,AR,ASW,ES,Combined TRACON& Tower with Radar,6,6,18,13,43,0,0,19,2,21,6,6,37,15,64,4,4,8,72
12/10/2021,FSM,AR,ASW,ES,Combined TRACON& Tower with Radar,7,2,22,12,43,0,1,6,0,7,7,3,28,12,50,0,0,0,50
12/11/2021,FSM,AR,ASW,ES,Combined TRACON& Tower with Radar,6,3,12,0,21,0,0,18,0,18,6,3,30,0,39,0,0,0,39
12/12/2021,FSM,AR,ASW,ES,Combined TRACON& Tower with Radar,7,5,13,7,32,0,0,29,0,29,7,5,42,7,61,26,0,26,87
12/13/2021,FSM,AR,ASW,ES,Combined TRACON& Tower with Radar,8,6,11,16,41,0,1,27,3,31,8,7,38,19,72,16,6,22,94
12/14/2021,FSM,AR,ASW,ES,Combined TRACON& Tower with Radar,8,2,20,12,42,0,0,5,0,5,8,2,25,12,47,0,0,0,47
12/15/2021,FSM,AR,ASW,ES,Combined TRACON& Tower with Radar,8,4,15,5,32,0,1,2,3,6,8,5,17,8,38,0,0,0,38
12/16/2021,FSM,AR,ASW,ES,Combined TRACON& Tower with Radar,3,7,18,9,37,0,0,17,7,24,3,7,35,16,61,30,4,34,95
12/17/2021,FSM,AR,ASW,ES,Combined TRACON& Tower with Radar,2,7,8,0,17,0,0,0,0,0,2,7,8,0,17,0,0,0,17
12/18/2021,FSM,AR,ASW,ES,Combined TRACON& Tower with Radar,2,10,12,4,28,0,0,8,0,8,2,10,20,4,36,0,0,0,36
12/19/2021,FSM,AR,ASW,ES,Combined TRACON& Tower with Radar,2,5,13,2,22,0,2,7,0,9,2,7,20,2,31,0,0,0,31
12/20/2021,FSM,AR,ASW,ES,Combined TRACON& Tower with Radar,2,7,8,13,30,0,0,26,4,30,2,7,34,17,60,0,0,0,60
12/21/2021,FSM,AR,ASW,ES,Combined TRACON& Tower with Radar,2,5,12,4,23,0,0,27,0,27,2,5,39,4,50,14,0,14,64
12/22/2021,FSM,AR,ASW,ES,Combined TRACON& Tower with Radar,2,9,9,10,30,0,2,21,0,23,2,11,30,10,53,40,0,40,93
12/23/2021,FSM,AR,ASW,ES,Combined TRACON& Tower with Radar,1,6,25,2,34,0,0,15,0,15,1,6,40,2,49,0,0,0,49
12/24/2021,FSM,AR,ASW,ES,Combined TRACON& Tower with Radar,0,9,2,0,11,0,0,0,0,0,0,9,2,0,11,0,0,0,11
12/25/2021,FSM,AR,ASW,ES,Combined TRACON& Tower with Radar,2,3,6,0,11,0,0,2,0,2,2,3,8,0,13,0,0,0,13
12/26/2021,FSM,AR,ASW,ES,Combined TRACON& Tower with Radar,2,12,28,0,42,0,2,11,1,14,2,14,39,1,56,0,0,0,56
12/27/2021,FSM,AR,ASW,ES,Combined TRACON& Tower with Radar,2,11,12,0,25,0,2,27,0,29,2,13,39,0,54,0,0,0,54
12/28/2021,FSM,AR,ASW,ES,Combined TRACON& Tower with Radar,0,13,7,2,22,0,2,7,0,9,0,15,14,2,31,0,10,10,41
12/29/2021,FSM,AR,ASW,ES,Combined TRACON& Tower with Radar,0,10,15,0,25,0,1,5,0,6,0,11,20,0,31,14,0,14,45
12/30/2021,FSM,AR,ASW,ES,Combined TRACON& Tower with Radar,2,9,19,20,50,0,0,39,0,39,2,9,58,20,89,0,0,0,89
12/31/2021,FSM,AR,ASW,ES,Combined TRACON& Tower with Radar,0,15,10,0,25,0,0,29,0,29,0,15,39,0,54,0,0,0,54
01/01/2022,FSM,AR,ASW,ES,Combined TRACON& Tower with Radar,2,7,8,0,17,0,0,0,0,0,2,7,8,0,17,0,0,0,17
01/02/2022,FSM,AR,ASW,ES,Combined TRACON& Tower with Radar,2,8,9,0,19,0,1,2,0,3,2,9,11,0,22,0,0,0,22
01/03/2022,FSM,AR,ASW,ES,Combined TRACON& Tower with Radar,2,11,25,0,38,0,0,25,1,26,2,11,50,1,64,4,0,4,68
01/04/2022,FSM,AR,ASW,ES,Combined TRACON& Tower with Radar,3,10,6,4,23,0,2,16,2,20,3,12,22,6,43,0,0,0,43
01/05/2022,FSM,AR,ASW,ES,Combined TRACON& Tower with Radar,3,6,12,6,27,0,0,16,5,21,3,6,28,11,48,44,6,50,98
01/06/2022,FSM,AR,ASW,ES,Combined TRACON& Tower with Radar,3,7,9,12,31,0,2,8,10,20,3,9,17,22,51,0,36,36,87
01/07/2022,FSM,AR,ASW,ES,Combined TRACON& Tower with Radar,3,11,8,38,60,0,0,11,4,15,3,11,19,42,75,0,0,0,75
01/08/2022,FSM,AR,ASW,ES,Combined TRACON& Tower with Radar,2,10,4,0,16,0,0,0,0,0,2,10,4,0,16,0,0,0,16
01/09/2022,FSM,AR,ASW,ES,Combined TRACON& Tower with Radar,3,12,10,3,28,0,0,7,0,7,3,12,17,3,35,0,0,0,35
01/10/2022,FSM,AR,ASW,ES,Combined TRACON& Tower with Radar,4,6,10,31,51,0,0,17,10,27,4,6,27,41,78,40,30,70,148
01/11/2022,FSM,AR,ASW,ES,Combined TRACON& Tower with Radar,4,4,7,18,33,0,0,16,11,27,4,4,23,29,60,22,44,66,126
01/12/2022,FSM,AR,ASW,ES,Combined TRACON& Tower with Radar,3,8,13,27,51,0,3,19,10,32,3,11,32,37,83,62,26,88,171
01/13/2022,FSM,AR,ASW,ES,Combined TRACON& Tower with Radar,3,7,23,34,67,0,0,19,7,26,3,7,42,41,93,24,10,34,127
01/14/2022,FSM,AR,ASW,ES,Combined TRACON& Tower with Radar,3,6,12,44,65,0,1,23,0,24,3,7,35,44,89,8,6,14,103
01/15/2022,FSM,AR,ASW,ES,Combined TRACON& Tower with Radar,1,8,0,0,9,0,0,0,0,0,1,8,0,0,9,0,0,0,9
01/16/2022,FSM,AR,ASW,ES,Combined TRACON& Tower with Radar,3,9,9,0,21,0,0,2,0,2,3,9,11,0,23,0,0,0,23
01/17/2022,FSM,AR,ASW,ES,Combined TRACON& Tower with Radar,3,12,23,2,40,0,2,23,2,27,3,14,46,4,67,72,0,72,139
01/18/2022,FSM,AR,ASW,ES,Combined TRACON& Tower with Radar,4,9,21,56,90,0,0,15,21,36,4,9,36,77,126,16,16,32,158
01/19/2022,FSM,AR,ASW,ES,Combined TRACON& Tower with Radar,3,10,8,1,22,0,0,3,0,3,3,10,11,1,25,0,0,0,25
01/20/2022,FSM,AR,ASW,ES,Combined TRACON& Tower with Radar,3,7,6,26,42,0,1,14,5,20,3,8,20,31,62,10,18,28,90
01/21/2022,FSM,AR,ASW,ES,Combined TRACON& Tower with Radar,3,11,27,40,81,0,2,27,7,36,3,13,54,47,117,18,20,38,155
01/22/2022,FSM,AR,ASW,ES,Combined TRACON& Tower with Radar,2,6,13,6,27,0,1,35,0,36,2,7,48,6,63,0,0,0,63
01/23/2022,FSM,AR,ASW,ES,Combined TRACON& Tower with Radar,3,9,17,4,33,0,0,12,3,15,3,9,29,7,48,8,0,8,56
01/24/2022,FSM,AR,ASW,ES,Combined TRACON& Tower with Radar,4,6,11,38,59,0,0,29,6,35,4,6,40,44,94,0,0,0,94
01/25/2022,FSM,AR,ASW,ES,Combined TRACON& Tower with Radar,4,4,7,58,73,0,0,19,25,44,4,4,26,83,117,0,44,44,161
01/26/2022,FSM,AR,ASW,ES,Combined TRACON& Tower with Radar,3,7,14,30,54,0,1,8,8,17,3,8,22,38,71,0,0,0,71
01/27/2022,FSM,AR,ASW,ES,Combined TRACON& Tower with Radar,3,9,15,7,34,0,1,10,7,18,3,10,25,14,52,16,0,16,68
01/28/2022,FSM,AR,ASW,ES,Combined TRACON& Tower with Radar,3,6,17,11,37,0,2,8,1,11,3,8,25,12,48,0,0,0,48
01/29/2022,FSM,AR,ASW,ES,Combined TRACON& Tower with Radar,2,10,14,0,26,0,5,26,1,32,2,15,40,1,58,0,0,0,58
01/30/2022,FSM,AR,ASW,ES,Combined TRACON& Tower with Radar,3,13,18,2,36,0,1,23,1,25,3,14,41,3,61,0,0,0,61
01/31/2022,FSM,AR,ASW,ES,Combined TRACON& Tower with Radar,5,8,20,18,51,0,2,14,2,18,5,10,34,20,69,0,0,0,69
02/01/2022,FSM,AR,ASW,ES,Combined TRACON& Tower with Radar,2,6,11,3,22,0,0,6,0,6,2,6,17,3,28,0,0,0,28
02/02/2022,FSM,AR,ASW,ES,Combined TRACON& Tower with Radar,2,6,3,2,13,0,0,0,0,0,2,6,3,2,13,0,0,0,13
02/03/2022,FSM,AR,ASW,ES,Combined TRACON& Tower with Radar,0,0,0,0,0,0,0,0,0,0,0,0,0,0,0,0,0,0,0
02/04/2022,FSM,AR,ASW,ES,Combined TRACON& Tower with Radar,0,4,7,0,11,0,0,2,0,2,0,4,9,0,13,0,0,0,13
02/05/2022,FSM,AR,ASW,ES,Combined TRACON& Tower with Radar,2,8,11,1,22,0,2,26,1,29,2,10,37,2,51,0,0,0,51
02/06/2022,FSM,AR,ASW,ES,Combined TRACON& Tower with Radar,3,9,9,4,25,0,1,26,0,27,3,10,35,4,52,24,4,28,80
02/07/2022,FSM,AR,ASW,ES,Combined TRACON& Tower with Radar,4,11,25,37,77,0,1,31,7,39,4,12,56,44,116,20,16,36,152
02/08/2022,FSM,AR,ASW,ES,Combined TRACON& Tower with Radar,4,5,22,59,90,0,3,30,9,42,4,8,52,68,132,20,20,40,172
02/09/2022,FSM,AR,ASW,ES,Combined TRACON& Tower with Radar,2,9,12,20,43,0,3,41,2,46,2,12,53,22,89,0,0,0,89
02/10/2022,FSM,AR,ASW,ES,Combined TRACON& Tower with Radar,2,8,12,23,45,0,4,24,12,40,2,12,36,35,85,0,0,0,85
02/11/2022,FSM,AR,ASW,ES,Combined TRACON& Tower with Radar,4,9,16,68,97,0,1,15,7,23,4,10,31,75,120,10,10,20,140
02/12/2022,FSM,AR,ASW,ES,Combined TRACON& Tower with Radar,2,12,5,26,45,0,8,10,18,36,2,20,15,44,81,20,0,20,101
02/13/2022,FSM,AR,ASW,ES,Combined TRACON& Tower with Radar,3,8,13,4,28,0,1,17,0,18,3,9,30,4,46,0,0,0,46
02/14/2022,FSM,AR,ASW,ES,Combined TRACON& Tower with Radar,2,15,18,41,76,0,0,30,1,31,2,15,48,42,107,16,10,26,133
02/15/2022,FSM,AR,ASW,ES,Combined TRACON& Tower with Radar,4,9,22,20,55,0,1,16,1,18,4,10,38,21,73,0,0,0,73
02/16/2022,FSM,AR,ASW,ES,Combined TRACON& Tower with Radar,1,12,17,0,30,0,0,2,1,3,1,12,19,1,33,0,0,0,33
02/17/2022,FSM,AR,ASW,ES,Combined TRACON& Tower with Radar,2,9,10,2,23,0,0,0,0,0,2,9,10,2,23,0,0,0,23
02/18/2022,FSM,AR,ASW,ES,Combined TRACON& Tower with Radar,1,10,20,24,55,0,0,39,4,43,1,10,59,28,98,60,6,66,164
02/19/2022,FSM,AR,ASW,ES,Combined TRACON& Tower with Radar,2,13,14,0,29,0,2,27,0,29,2,15,41,0,58,18,0,18,76
02/20/2022,FSM,AR,ASW,ES,Combined TRACON& Tower with Radar,1,9,18,10,38,0,0,13,3,16,1,9,31,13,54,0,0,0,54
02/21/2022,FSM,AR,ASW,ES,Combined TRACON& Tower with Radar,3,12,17,0,32,0,0,9,0,9,3,12,26,0,41,48,0,48,89
02/22/2022,FSM,AR,ASW,ES,Combined TRACON& Tower with Radar,2,6,12,19,39,0,1,0,0,1,2,7,12,19,40,0,0,0,40
02/23/2022,FSM,AR,ASW,ES,Combined TRACON& Tower with Radar,0,0,0,0,0,0,0,0,0,0,0,0,0,0,0,0,0,0,0
02/24/2022,FSM,AR,ASW,ES,Combined TRACON& Tower with Radar,0,0,3,0,3,0,0,0,0,0,0,0,3,0,3,0,0,0,3
02/25/2022,FSM,AR,ASW,ES,Combined TRACON& Tower with Radar,2,12,11,20,45,0,0,3,0,3,2,12,14,20,48,0,0,0,48
02/26/2022,FSM,AR,ASW,ES,Combined TRACON& Tower with Radar,2,12,4,0,18,0,2,5,2,9,2,14,9,2,27,8,0,8,35
02/27/2022,FSM,AR,ASW,ES,Combined TRACON& Tower with Radar,1,8,15,18,42,0,2,18,0,20,1,10,33,18,62,6,0,6,68
02/28/2022,FSM,AR,ASW,ES,Combined TRACON& Tower with Radar,4,12,24,30,70,0,1,22,11,34,4,13,46,41,104,30,0,30,134
03/01/2022,FSM,AR,ASW,ES,Combined TRACON& Tower with Radar,4,9,17,55,85,0,0,29,26,55,4,9,46,81,140,46,42,88,228
03/02/2022,FSM,AR,ASW,ES,Combined TRACON& Tower with Radar,3,11,16,37,67,0,0,36,12,48,3,11,52,49,115,12,14,26,141
03/03/2022,FSM,AR,ASW,ES,Combined TRACON& Tower with Radar,4,13,23,8,48,0,0,37,7,44,4,13,60,15,92,10,0,10,102
03/04/2022,FSM,AR,ASW,ES,Combined TRACON& Tower with Radar,4,12,19,61,96,0,0,19,12,31,4,12,38,73,127,0,26,26,153
03/05/2022,FSM,AR,ASW,ES,Combined TRACON& Tower with Radar,4,9,10,0,23,0,0,1,0,1,4,9,11,0,24,0,0,0,24
03/06/2022,FSM,AR,ASW,ES,Combined TRACON& Tower with Radar,4,7,4,0,15,0,0,8,0,8,4,7,12,0,23,0,0,0,23
03/07/2022,FSM,AR,ASW,ES,Combined TRACON& Tower with Radar,4,9,19,13,45,0,0,11,3,14,4,9,30,16,59,0,0,0,59
03/08/2022,FSM,AR,ASW,ES,Combined TRACON& Tower with Radar,4,10,21,30,65,0,0,15,10,25,4,10,36,40,90,0,0,0,90
03/09/2022,FSM,AR,ASW,ES,Combined TRACON& Tower with Radar,4,7,27,37,75,0,0,38,11,49,4,7,65,48,124,16,38,54,178
03/10/2022,FSM,AR,ASW,ES,Combined TRACON& Tower with Radar,4,7,27,37,75,0,1,17,10,28,4,8,44,47,103,0,20,20,123
03/11/2022,FSM,AR,ASW,ES,Combined TRACON& Tower with Radar,4,8,7,1,20,0,0,2,0,2,4,8,9,1,22,0,0,0,22
03/12/2022,FSM,AR,ASW,ES,Combined TRACON& Tower with Radar,4,4,21,6,35,0,2,26,4,32,4,6,47,10,67,36,0,36,103
03/13/2022,FSM,AR,ASW,ES,Combined TRACON& Tower with Radar,4,6,10,0,20,0,0,22,0,22,4,6,32,0,42,0,0,0,42
03/14/2022,FSM,AR,ASW,ES,Combined TRACON& Tower with Radar,4,7,13,18,42,0,0,11,2,13,4,7,24,20,55,0,0,0,55
03/15/2022,FSM,AR,ASW,ES,Combined TRACON& Tower with Radar,4,8,16,12,40,0,0,15,16,31,4,8,31,28,71,26,52,78,149
03/16/2022,FSM,AR,ASW,ES,Combined TRACON& Tower with Radar,4,7,8,25,44,0,0,31,8,39,4,7,39,33,83,2,8,10,93
03/17/2022,FSM,AR,ASW,ES,Combined TRACON& Tower with Radar,4,10,17,44,75,0,1,37,9,47,4,11,54,53,122,0,16,16,138
03/18/2022,FSM,AR,ASW,ES,Combined TRACON& Tower with Radar,4,12,16,14,46,0,0,3,0,3,4,12,19,14,49,0,0,0,49
03/19/2022,FSM,AR,ASW,ES,Combined TRACON& Tower with Radar,3,5,16,0,24,0,4,21,0,25,3,9,37,0,49,0,0,0,49
03/20/2022,FSM,AR,ASW,ES,Combined TRACON& Tower with Radar,5,6,17,1,29,0,0,24,0,24,5,6,41,1,53,44,0,44,97
03/21/2022,FSM,AR,ASW,ES,Combined TRACON& Tower with Radar,3,9,16,3,31,0,0,4,3,7,3,9,20,6,38,12,10,22,60
03/22/2022,FSM,AR,ASW,ES,Combined TRACON& Tower with Radar,4,7,5,16,32,0,0,4,1,5,4,7,9,17,37,14,24,38,75
03/23/2022,FSM,AR,ASW,ES,Combined TRACON& Tower with Radar,4,8,6,11,29,0,1,4,4,9,4,9,10,15,38,0,24,24,62
03/24/2022,FSM,AR,ASW,ES,Combined TRACON& Tower with Radar,4,10,13,37,64,0,1,15,10,26,4,11,28,47,90,0,26,26,116
03/25/2022,FSM,AR,ASW,ES,Combined TRACON& Tower with Radar,4,9,21,51,85,0,1,28,10,39,4,10,49,61,124,8,16,24,148
03/26/2022,FSM,AR,ASW,ES,Combined TRACON& Tower with Radar,4,9,23,15,51,0,2,39,11,52,4,11,62,26,103,16,0,16,119
03/27/2022,FSM,AR,ASW,ES,Combined TRACON& Tower with Radar,4,8,6,16,34,0,1,14,2,17,4,9,20,18,51,0,0,0,51
03/28/2022,FSM,AR,ASW,ES,Combined TRACON& Tower with Radar,4,10,21,42,77,0,0,21,10,31,4,10,42,52,108,0,32,32,140
03/29/2022,FSM,AR,ASW,ES,Combined TRACON& Tower with Radar,4,9,11,5,29,0,1,5,2,8,4,10,16,7,37,10,0,10,47
03/30/2022,FSM,AR,ASW,ES,Combined TRACON& Tower with Radar,4,6,2,1,13,0,0,1,1,2,4,6,3,2,15,0,0,0,15
03/31/2022,FSM,AR,ASW,ES,Combined TRACON& Tower with Radar,4,9,17,2,32,0,1,13,2,16,4,10,30,4,48,0,0,0,48
04/01/2022,FSM,AR,ASW,ES,Combined TRACON& Tower with Radar,4,10,14,13,41,0,0,27,7,34,4,10,41,20,75,0,0,0,75
04/02/2022,FSM,AR,ASW,ES,Combined TRACON& Tower with Radar,4,6,19,11,40,0,0,29,5,34,4,6,48,16,74,18,2,20,94
04/03/2022,FSM,AR,ASW,ES,Combined TRACON& Tower with Radar,4,10,23,3,40,0,0,22,1,23,4,10,45,4,63,54,0,54,117
04/04/2022,FSM,AR,ASW,ES,Combined TRACON& Tower with Radar,4,9,12,1,26,0,0,4,3,7,4,9,16,4,33,0,0,0,33
04/05/2022,FSM,AR,ASW,ES,Combined TRACON& Tower with Radar,4,7,13,4,28,0,2,17,3,22,4,9,30,7,50,10,0,10,60
04/06/2022,FSM,AR,ASW,ES,Combined TRACON& Tower with Radar,4,5,22,7,38,0,0,5,12,17,4,5,27,19,55,0,0,0,55
04/07/2022,FSM,AR,ASW,ES,Combined TRACON& Tower with Radar,4,7,10,7,28,0,1,6,5,12,4,8,16,12,40,12,0,12,52
04/08/2022,FSM,AR,ASW,ES,Combined TRACON& Tower with Radar,4,10,10,28,52,0,1,19,0,20,4,11,29,28,72,0,0,0,72
04/09/2022,FSM,AR,ASW,ES,Combined TRACON& Tower with Radar,4,7,18,2,31,0,0,32,2,34,4,7,50,4,65,32,0,32,97
04/10/2022,FSM,AR,ASW,ES,Combined TRACON& Tower with Radar,4,12,9,6,31,0,2,16,4,22,4,14,25,10,53,0,0,0,53
04/11/2022,FSM,AR,ASW,ES,Combined TRACON& Tower with Radar,4,8,12,2,26,0,0,0,0,0,4,8,12,2,26,10,0,10,36
04/12/2022,FSM,AR,ASW,ES,Combined TRACON& Tower with Radar,3,13,15,9,40,0,3,5,2,10,3,16,20,11,50,10,20,30,80
04/13/2022,FSM,AR,ASW,ES,Combined TRACON& Tower with Radar,3,7,13,0,23,0,0,5,0,5,3,7,18,0,28,0,0,0,28
04/14/2022,FSM,AR,ASW,ES,Combined TRACON& Tower with Radar,4,6,17,27,54,0,3,29,22,54,4,9,46,49,108,12,40,52,160
04/15/2022,FSM,AR,ASW,ES,Combined TRACON& Tower with Radar,4,6,18,0,28,0,0,30,2,32,4,6,48,2,60,0,0,0,60
04/16/2022,FSM,AR,ASW,ES,Combined TRACON& Tower with Radar,4,5,7,0,16,0,0,2,0,2,4,5,9,0,18,56,0,56,74
04/17/2022,FSM,AR,ASW,ES,Combined TRACON& Tower with Radar,4,8,6,0,18,0,0,1,0,1,4,8,7,0,19,0,0,0,19
04/18/2022,FSM,AR,ASW,ES,Combined TRACON& Tower with Radar,4,10,24,12,50,0,2,20,8,30,4,12,44,20,80,94,22,116,196
04/19/2022,FSM,AR,ASW,ES,Combined TRACON& Tower with Radar,4,7,23,8,42,2,1,31,15,49,6,8,54,23,91,16,24,40,131
04/20/2022,FSM,AR,ASW,ES,Combined TRACON& Tower with Radar,4,13,9,1,27,0,0,1,0,1,4,13,10,1,28,0,0,0,28
04/21/2022,FSM,AR,ASW,ES,Combined TRACON& Tower with Radar,4,16,28,0,48,0,0,10,1,11,4,16,38,1,59,0,0,0,59
04/22/2022,FSM,AR,ASW,ES,Combined TRACON& Tower with Radar,4,4,16,4,28,0,1,18,2,21,4,5,34,6,49,0,0,0,49
04/23/2022,FSM,AR,ASW,ES,Combined TRACON& Tower with Radar,4,6,7,0,17,0,0,8,1,9,4,6,15,1,26,0,0,0,26
04/24/2022,FSM,AR,ASW,ES,Combined TRACON& Tower with Radar,2,6,9,0,17,0,0,5,0,5,2,6,14,0,22,0,0,0,22
04/25/2022,FSM,AR,ASW,ES,Combined TRACON& Tower with Radar,4,7,6,7,24,0,0,24,5,29,4,7,30,12,53,18,4,22,75
04/26/2022,FSM,AR,ASW,ES,Combined TRACON& Tower with Radar,4,7,31,0,42,0,1,42,1,44,4,8,73,1,86,50,0,50,136
04/27/2022,FSM,AR,ASW,ES,Combined TRACON& Tower with Radar,4,8,25,8,45,0,0,27,2,29,4,8,52,10,74,12,0,12,86
04/28/2022,FSM,AR,ASW,ES,Combined TRACON& Tower with Radar,4,10,15,0,29,0,0,11,0,11,4,10,26,0,40,3,0,3,43
04/29/2022,FSM,AR,ASW,ES,Combined TRACON& Tower with Radar,4,6,13,6,29,0,0,5,3,8,4,6,18,9,37,1,6,7,44
04/30/2022,FSM,AR,ASW,ES,Combined TRACON& Tower with Radar,4,6,9,0,19,0,0,18,0,18,4,6,27,0,37,26,0,26,63
05/01/2022,FSM,AR,ASW,ES,Combined TRACON& Tower with Radar,4,6,9,0,19,0,0,46,0,46,4,6,55,0,65,72,0,72,137
05/02/2022,FSM,AR,ASW,ES,Combined TRACON& Tower with Radar,4,14,15,2,35,0,0,0,0,0,4,14,15,2,35,0,0,0,35
05/03/2022,FSM,AR,ASW,ES,Combined TRACON& Tower with Radar,4,6,13,0,23,0,0,4,2,6,4,6,17,2,29,14,0,14,43
05/04/2022,FSM,AR,ASW,ES,Combined TRACON& Tower with Radar,3,12,21,12,48,0,0,2,2,4,3,12,23,14,52,0,0,0,52
05/05/2022,FSM,AR,ASW,ES,Combined TRACON& Tower with Radar,3,9,8,0,20,0,0,0,0,0,3,9,8,0,20,0,0,0,20
05/06/2022,FSM,AR,ASW,ES,Combined TRACON& Tower with Radar,3,7,20,3,33,0,0,15,4,19,3,7,35,7,52,0,30,30,82
05/07/2022,FSM,AR,ASW,ES,Combined TRACON& Tower with Radar,4,3,22,1,30,0,0,33,0,33,4,3,55,1,63,12,0,12,75
05/08/2022,FSM,AR,ASW,ES,Combined TRACON& Tower with Radar,4,6,19,8,37,0,0,17,1,18,4,6,36,9,55,0,0,0,55
05/09/2022,FSM,AR,ASW,ES,Combined TRACON& Tower with Radar,4,6,16,6,32,0,1,12,2,15,4,7,28,8,47,0,0,0,47
05/10/2022,FSM,AR,ASW,ES,Combined TRACON& Tower with Radar,4,6,22,2,34,0,1,15,7,23,4,7,37,9,57,34,18,52,109
05/11/2022,FSM,AR,ASW,ES,Combined TRACON& Tower with Radar,4,6,21,4,35,0,0,11,7,18,4,6,32,11,53,20,0,20,73
05/12/2022,FSM,AR,ASW,ES,Combined TRACON& Tower with Radar,4,5,31,0,40,0,1,36,5,42,4,6,67,5,82,12,0,12,94
05/13/2022,FSM,AR,ASW,ES,Combined TRACON& Tower with Radar,4,5,23,2,34,0,1,16,4,21,4,6,39,6,55,16,0,16,71
05/14/2022,FSM,AR,ASW,ES,Combined TRACON& Tower with Radar,4,5,20,2,31,0,2,39,1,42,4,7,59,3,73,0,0,0,73
05/15/2022,FSM,AR,ASW,ES,Combined TRACON& Tower with Radar,1,8,16,0,25,0,0,21,1,22,1,8,37,1,47,8,0,8,55
05/16/2022,FSM,AR,ASW,ES,Combined TRACON& Tower with Radar,4,4,27,0,35,0,0,42,6,48,4,4,69,6,83,6,1,7,90
05/17/2022,FSM,AR,ASW,ES,Combined TRACON& Tower with Radar,4,4,9,2,19,0,2,22,8,32,4,6,31,10,51,0,0,0,51
05/18/2022,FSM,AR,ASW,ES,Combined TRACON& Tower with Radar,4,4,33,7,48,0,0,29,9,38,4,4,62,16,86,18,0,18,104
05/19/2022,FSM,AR,ASW,ES,Combined TRACON& Tower with Radar,4,9,18,4,35,0,1,23,8,32,4,10,41,12,67,12,0,12,79
05/20/2022,FSM,AR,ASW,ES,Combined TRACON& Tower with Radar,4,7,20,0,31,0,0,23,6,29,4,7,43,6,60,0,0,0,60
05/21/2022,FSM,AR,ASW,ES,Combined TRACON& Tower with Radar,3,3,6,0,12,0,1,2,0,3,3,4,8,0,15,0,0,0,15
05/22/2022,FSM,AR,ASW,ES,Combined TRACON& Tower with Radar,5,8,11,0,24,0,1,16,1,18,5,9,27,1,42,0,0,0,42
05/23/2022,FSM,AR,ASW,ES,Combined TRACON& Tower with Radar,4,4,15,3,26,0,0,5,0,5,4,4,20,3,31,34,0,34,65
05/24/2022,FSM,AR,ASW,ES,Combined TRACON& Tower with Radar,5,6,6,0,17,0,0,0,0,0,5,6,6,0,17,0,0,0,17
05/25/2022,FSM,AR,ASW,ES,Combined TRACON& Tower with Radar,3,7,4,2,16,0,0,9,6,15,3,7,13,8,31,10,0,10,41
05/26/2022,FSM,AR,ASW,ES,Combined TRACON& Tower with Radar,6,6,16,7,35,0,0,3,4,7,6,6,19,11,42,6,4,10,52
05/27/2022,FSM,AR,ASW,ES,Combined TRACON& Tower with Radar,4,5,18,4,31,0,3,38,1,42,4,8,56,5,73,10,2,12,85
05/28/2022,FSM,AR,ASW,ES,Combined TRACON& Tower with Radar,4,3,10,6,23,0,0,28,2,30,4,3,38,8,53,0,0,0,53
05/29/2022,FSM,AR,ASW,ES,Combined TRACON& Tower with Radar,4,2,11,0,17,0,0,14,0,14,4,2,25,0,31,16,0,16,47
05/30/2022,FSM,AR,ASW,ES,Combined TRACON& Tower with Radar,4,11,18,0,33,0,0,14,0,14,4,11,32,0,47,0,0,0,47
05/31/2022,FSM,AR,ASW,ES,Combined TRACON& Tower with Radar,4,4,15,8,31,0,0,11,8,19,4,4,26,16,50,0,0,0,50
06/01/2022,FSM,AR,ASW,ES,Combined TRACON& Tower with Radar,3,9,5,1,18,0,0,8,0,8,3,9,13,1,26,0,0,0,26
06/02/2022,FSM,AR,ASW,ES,Combined TRACON& Tower with Radar,4,9,21,0,34,0,1,14,1,16,4,10,35,1,50,24,0,24,74
06/03/2022,FSM,AR,ASW,ES,Combined TRACON& Tower with Radar,3,7,18,9,37,0,0,46,19,65,3,7,64,28,102,6,8,14,116
06/04/2022,FSM,AR,ASW,ES,Combined TRACON& Tower with Radar,3,4,6,2,15,0,0,32,2,34,3,4,38,4,49,6,0,6,55
06/05/2022,FSM,AR,ASW,ES,Combined TRACON& Tower with Radar,3,8,7,0,18,0,0,12,1,13,3,8,19,1,31,0,0,0,31
06/06/2022,FSM,AR,ASW,ES,Combined TRACON& Tower with Radar,3,7,7,3,20,0,2,9,3,14,3,9,16,6,34,0,0,0,34
06/07/2022,FSM,AR,ASW,ES,Combined TRACON& Tower with Radar,3,6,13,0,22,0,0,4,2,6,3,6,17,2,28,16,0,16,44
06/08/2022,FSM,AR,ASW,ES,Combined TRACON& Tower with Radar,3,8,17,0,28,0,0,7,2,9,3,8,24,2,37,0,0,0,37
06/09/2022,FSM,AR,ASW,ES,Combined TRACON& Tower with Radar,3,5,18,2,28,0,1,28,4,33,3,6,46,6,61,22,0,22,83
06/10/2022,FSM,AR,ASW,ES,Combined TRACON& Tower with Radar,3,6,19,0,28,0,0,14,3,17,3,6,33,3,45,4,0,4,49
06/11/2022,FSM,AR,ASW,ES,Combined TRACON& Tower with Radar,3,6,7,1,17,0,1,25,8,34,3,7,32,9,51,16,0,16,67
06/12/2022,FSM,AR,ASW,ES,Combined TRACON& Tower with Radar,3,6,16,5,30,0,0,10,2,12,3,6,26,7,42,0,0,0,42
06/13/2022,FSM,AR,ASW,ES,Combined TRACON& Tower with Radar,3,4,11,0,18,0,6,21,4,31,3,10,32,4,49,12,0,12,61
06/14/2022,FSM,AR,ASW,ES,Combined TRACON& Tower with Radar,3,7,22,7,39,0,1,19,3,23,3,8,41,10,62,0,0,0,62
06/15/2022,FSM,AR,ASW,ES,Combined TRACON& Tower with Radar,3,16,22,0,41,0,0,22,2,24,3,16,44,2,65,0,0,0,65
06/16/2022,FSM,AR,ASW,ES,Combined TRACON& Tower with Radar,3,11,20,3,37,0,0,29,4,33,3,11,49,7,70,24,0,24,94
06/17/2022,FSM,AR,ASW,ES,Combined TRACON& Tower with Radar,3,7,14,8,32,0,0,24,3,27,3,7,38,11,59,0,0,0,59
06/18/2022,FSM,AR,ASW,ES,Combined TRACON& Tower with Radar,3,3,7,0,13,0,0,20,2,22,3,3,27,2,35,0,0,0,35
06/19/2022,FSM,AR,ASW,ES,Combined TRACON& Tower with Radar,3,5,18,0,26,0,0,29,0,29,3,5,47,0,55,0,0,0,55
06/20/2022,FSM,AR,ASW,ES,Combined TRACON& Tower with Radar,3,5,17,0,25,0,0,28,3,31,3,5,45,3,56,0,0,0,56
06/21/2022,FSM,AR,ASW,ES,Combined TRACON& Tower with Radar,3,8,16,5,32,0,1,14,3,18,3,9,30,8,50,20,22,42,92
06/22/2022,FSM,AR,ASW,ES,Combined TRACON& Tower with Radar,3,10,10,1,24,0,0,18,4,22,3,10,28,5,46,0,0,0,46
06/23/2022,FSM,AR,ASW,ES,Combined TRACON& Tower with Radar,3,7,20,3,33,0,0,17,1,18,3,7,37,4,51,0,0,0,51
06/24/2022,FSM,AR,ASW,ES,Combined TRACON& Tower with Radar,3,7,13,7,30,0,2,29,5,36,3,9,42,12,66,12,6,18,84
06/25/2022,FSM,AR,ASW,ES,Combined TRACON& Tower with Radar,3,8,13,8,32,0,4,20,1,25,3,12,33,9,57,3,0,3,60
06/26/2022,FSM,AR,ASW,ES,Combined TRACON& Tower with Radar,3,10,8,1,22,0,0,16,3,19,3,10,24,4,41,0,0,0,41
06/27/2022,FSM,AR,ASW,ES,Combined TRACON& Tower with Radar,3,4,15,5,27,0,0,19,0,19,3,4,34,5,46,0,0,0,46
06/28/2022,FSM,AR,ASW,ES,Combined TRACON& Tower with Radar,3,5,10,3,21,0,0,31,3,34,3,5,41,6,55,18,0,18,73
06/29/2022,FSM,AR,ASW,ES,Combined TRACON& Tower with Radar,3,5,7,8,23,0,0,21,8,29,3,5,28,16,52,20,64,84,136
06/30/2022,FSM,AR,ASW,ES,Combined TRACON& Tower with Radar,3,5,19,5,32,0,0,40,8,48,3,5,59,13,80,44,0,44,124
07/01/2022,FSM,AR,ASW,ES,Combined TRACON& Tower with Radar,3,7,25,2,37,0,0,23,0,23,3,7,48,2,60,0,0,0,60
07/02/2022,FSM,AR,ASW,ES,Combined TRACON& Tower with Radar,3,6,14,0,23,0,0,19,2,21,3,6,33,2,44,16,0,16,60
07/03/2022,FSM,AR,ASW,ES,Combined TRACON& Tower with Radar,4,2,11,0,17,0,0,16,0,16,4,2,27,0,33,0,0,0,33
07/04/2022,FSM,AR,ASW,ES,Combined TRACON& Tower with Radar,3,6,1,0,10,0,0,15,0,15,3,6,16,0,25,0,0,0,25
07/05/2022,FSM,AR,ASW,ES,Combined TRACON& Tower with Radar,4,8,9,5,26,0,2,14,4,20,4,10,23,9,46,0,0,0,46
07/06/2022,FSM,AR,ASW,ES,Combined TRACON& Tower with Radar,4,6,14,10,34,0,1,21,1,23,4,7,35,11,57,0,0,0,57
07/07/2022,FSM,AR,ASW,ES,Combined TRACON& Tower with Radar,3,8,13,0,24,0,1,15,0,16,3,9,28,0,40,0,0,0,40
07/08/2022,FSM,AR,ASW,ES,Combined TRACON& Tower with Radar,3,15,9,1,28,0,1,12,1,14,3,16,21,2,42,0,0,0,42
07/09/2022,FSM,AR,ASW,ES,Combined TRACON& Tower with Radar,3,4,11,6,24,0,1,20,0,21,3,5,31,6,45,0,0,0,45
07/10/2022,FSM,AR,ASW,ES,Combined TRACON& Tower with Radar,3,5,15,0,23,0,0,21,0,21,3,5,36,0,44,0,0,0,44
07/11/2022,FSM,AR,ASW,ES,Combined TRACON& Tower with Radar,3,8,16,2,29,0,2,9,3,14,3,10,25,5,43,14,0,14,57
07/12/2022,FSM,AR,ASW,ES,Combined TRACON& Tower with Radar,4,6,11,8,29,0,1,16,4,21,4,7,27,12,50,0,0,0,50
07/13/2022,FSM,AR,ASW,ES,Combined TRACON& Tower with Radar,4,4,31,23,62,0,1,16,10,27,4,5,47,33,89,20,24,44,133
07/14/2022,FSM,AR,ASW,ES,Combined TRACON& Tower with Radar,3,5,13,0,21,0,0,18,2,20,3,5,31,2,41,4,0,4,45
07/15/2022,FSM,AR,ASW,ES,Combined TRACON& Tower with Radar,3,4,16,12,35,0,0,25,2,27,3,4,41,14,62,0,0,0,62
07/16/2022,FSM,AR,ASW,ES,Combined TRACON& Tower with Radar,3,2,17,3,25,0,1,22,4,27,3,3,39,7,52,12,0,12,64
07/17/2022,FSM,AR,ASW,ES,Combined TRACON& Tower with Radar,3,4,12,2,21,0,0,9,3,12,3,4,21,5,33,0,0,0,33
07/18/2022,FSM,AR,ASW,ES,Combined TRACON& Tower with Radar,3,4,16,3,26,0,0,16,3,19,3,4,32,6,45,0,0,0,45
07/19/2022,FSM,AR,ASW,ES,Combined TRACON& Tower with Radar,4,6,9,0,19,0,0,15,1,16,4,6,24,1,35,4,0,4,39
07/20/2022,FSM,AR,ASW,ES,Combined TRACON& Tower with Radar,4,3,16,5,28,0,0,15,2,17,4,3,31,7,45,20,0,20,65
07/21/2022,FSM,AR,ASW,ES,Combined TRACON& Tower with Radar,3,10,14,0,27,0,0,16,2,18,3,10,30,2,45,0,0,0,45
07/22/2022,FSM,AR,ASW,ES,Combined TRACON& Tower with Radar,3,7,27,2,39,0,0,17,0,17,3,7,44,2,56,26,0,26,82
07/23/2022,FSM,AR,ASW,ES,Combined TRACON& Tower with Radar,3,5,21,3,32,0,0,20,5,25,3,5,41,8,57,0,0,0,57
07/24/2022,FSM,AR,ASW,ES,Combined TRACON& Tower with Radar,3,4,9,0,16,0,0,17,0,17,3,4,26,0,33,0,0,0,33
07/25/2022,FSM,AR,ASW,ES,Combined TRACON& Tower with Radar,3,8,8,0,19,0,0,14,0,14,3,8,22,0,33,0,0,0,33
07/26/2022,FSM,AR,ASW,ES,Combined TRACON& Tower with Radar,6,6,16,4,32,0,1,18,6,25,6,7,34,10,57,0,0,0,57
07/27/2022,FSM,AR,ASW,ES,Combined TRACON& Tower with Radar,4,8,27,1,40,0,0,19,4,23,4,8,46,5,63,26,0,26,89
07/28/2022,FSM,AR,ASW,ES,Combined TRACON& Tower with Radar,3,14,8,0,25,0,2,11,5,18,3,16,19,5,43,0,0,0,43
07/29/2022,FSM,AR,ASW,ES,Combined TRACON& Tower with Radar,6,8,14,1,29,0,0,1,1,2,6,8,15,2,31,0,14,14,45
07/30/2022,FSM,AR,ASW,ES,Combined TRACON& Tower with Radar,3,3,7,0,13,0,0,3,0,3,3,3,10,0,16,0,0,0,16
07/31/2022,FSM,AR,ASW,ES,Combined TRACON& Tower with Radar,3,12,12,0,27,0,0,24,0,24,3,12,36,0,51,0,0,0,51
08/01/2022,FSM,AR,ASW,ES,Combined TRACON& Tower with Radar,3,8,14,1,26,0,0,16,2,18,3,8,30,3,44,12,0,12,56
08/02/2022,FSM,AR,ASW,ES,Combined TRACON& Tower with Radar,4,6,8,10,28,0,0,14,0,14,4,6,22,10,42,1,0,1,43
08/03/2022,FSM,AR,ASW,ES,Combined TRACON& Tower with Radar,4,5,15,0,24,0,1,25,4,30,4,6,40,4,54,12,0,12,66
08/04/2022,FSM,AR,ASW,ES,Combined TRACON& Tower with Radar,3,4,18,4,29,0,2,19,1,22,3,6,37,5,51,10,0,10,61
08/05/2022,FSM,AR,ASW,ES,Combined TRACON& Tower with Radar,3,5,19,10,37,0,1,33,1,35,3,6,52,11,72,0,0,0,72
08/06/2022,FSM,AR,ASW,ES,Combined TRACON& Tower with Radar,1,9,17,2,29,0,2,19,3,24,1,11,36,5,53,9,0,9,62
08/07/2022,FSM,AR,ASW,ES,Combined TRACON& Tower with Radar,4,5,13,1,23,0,0,18,2,20,4,5,31,3,43,0,0,0,43
08/08/2022,FSM,AR,ASW,ES,Combined TRACON& Tower with Radar,3,10,11,10,34,0,0,13,3,16,3,10,24,13,50,0,0,0,50
08/09/2022,FSM,AR,ASW,ES,Combined TRACON& Tower with Radar,3,5,13,0,21,0,0,8,1,9,3,5,21,1,30,0,0,0,30
08/10/2022,FSM,AR,ASW,ES,Combined TRACON& Tower with Radar,5,12,9,5,31,0,0,44,2,46,5,12,53,7,77,14,0,14,91
08/11/2022,FSM,AR,ASW,ES,Combined TRACON& Tower with Radar,5,11,22,15,53,0,1,11,6,18,5,12,33,21,71,4,0,4,75
08/12/2022,FSM,AR,ASW,ES,Combined TRACON& Tower with Radar,3,5,14,16,38,0,0,23,4,27,3,5,37,20,65,0,14,14,79
08/13/2022,FSM,AR,ASW,ES,Combined TRACON& Tower with Radar,1,6,13,11,31,0,0,13,3,16,1,6,26,14,47,0,0,0,47
08/14/2022,FSM,AR,ASW,ES,Combined TRACON& Tower with Radar,3,6,5,0,14,0,0,12,2,14,3,6,17,2,28,0,0,0,28
08/15/2022,FSM,AR,ASW,ES,Combined TRACON& Tower with Radar,3,7,26,0,36,0,0,33,2,35,3,7,59,2,71,6,0,6,77
08/16/2022,FSM,AR,ASW,ES,Combined TRACON& Tower with Radar,3,8,16,4,31,0,0,25,6,31,3,8,41,10,62,0,0,0,62
08/17/2022,FSM,AR,ASW,ES,Combined TRACON& Tower with Radar,2,12,11,3,28,0,0,2,1,3,2,12,13,4,31,0,0,0,31
08/18/2022,FSM,AR,ASW,ES,Combined TRACON& Tower with Radar,3,13,16,19,51,0,0,27,5,32,3,13,43,24,83,42,28,70,153
08/19/2022,FSM,AR,ASW,ES,Combined TRACON& Tower with Radar,3,5,25,4,37,0,1,23,4,28,3,6,48,8,65,0,0,0,65
08/20/2022,FSM,AR,ASW,ES,Combined TRACON& Tower with Radar,3,10,17,8,38,0,0,55,2,57,3,10,72,10,95,30,0,30,125
08/21/2022,FSM,AR,ASW,ES,Combined TRACON& Tower with Radar,1,2,8,2,13,0,0,2,0,2,1,2,10,2,15,0,0,0,15
08/22/2022,FSM,AR,ASW,ES,Combined TRACON& Tower with Radar,5,3,31,0,39,0,0,6,0,6,5,3,37,0,45,0,0,0,45
08/23/2022,FSM,AR,ASW,ES,Combined TRACON& Tower with Radar,3,6,21,11,41,0,0,13,4,17,3,6,34,15,58,22,0,22,80
08/24/2022,FSM,AR,ASW,ES,Combined TRACON& Tower with Radar,3,16,35,1,55,0,4,17,3,24,3,20,52,4,79,0,0,0,79
08/25/2022,FSM,AR,ASW,ES,Combined TRACON& Tower with Radar,3,6,40,12,61,0,1,38,2,41,3,7,78,14,102,6,0,6,108
08/26/2022,FSM,AR,ASW,ES,Combined TRACON& Tower with Radar,3,4,15,10,32,0,0,25,2,27,3,4,40,12,59,20,18,38,97
08/27/2022,FSM,AR,ASW,ES,Combined TRACON& Tower with Radar,3,4,12,20,39,0,0,28,1,29,3,4,40,21,68,0,0,0,68
08/28/2022,FSM,AR,ASW,ES,Combined TRACON& Tower with Radar,3,4,15,6,28,0,0,21,0,21,3,4,36,6,49,0,0,0,49
08/29/2022,FSM,AR,ASW,ES,Combined TRACON& Tower with Radar,3,5,21,3,32,0,0,14,7,21,3,5,35,10,53,0,0,0,53
08/30/2022,FSM,AR,ASW,ES,Combined TRACON& Tower with Radar,5,4,32,7,48,0,0,15,7,22,5,4,47,14,70,0,0,0,70
08/31/2022,FSM,AR,ASW,ES,Combined TRACON& Tower with Radar,3,6,27,1,37,0,0,19,10,29,3,6,46,11,66,16,0,16,82
09/01/2022,FSM,AR,ASW,ES,Combined TRACON& Tower with Radar,3,10,21,5,39,0,2,13,2,17,3,12,34,7,56,0,0,0,56
09/02/2022,FSM,AR,ASW,ES,Combined TRACON& Tower with Radar,3,12,10,0,25,0,0,2,1,3,3,12,12,1,28,0,0,0,28
09/03/2022,FSM,AR,ASW,ES,Combined TRACON& Tower with Radar,6,7,13,9,35,0,1,8,0,9,6,8,21,9,44,10,0,10,54
09/04/2022,FSM,AR,ASW,ES,Combined TRACON& Tower with Radar,2,5,17,0,24,0,0,15,0,15,2,5,32,0,39,0,0,0,39
09/05/2022,FSM,AR,ASW,ES,Combined TRACON& Tower with Radar,3,7,8,2,20,0,0,11,0,11,3,7,19,2,31,0,0,0,31
09/06/2022,FSM,AR,ASW,ES,Combined TRACON& Tower with Radar,3,9,17,0,29,0,0,3,7,10,3,9,20,7,39,0,0,0,39
09/07/2022,FSM,AR,ASW,ES,Combined TRACON& Tower with Radar,4,2,18,4,28,0,0,18,4,22,4,2,36,8,50,8,0,8,58
09/08/2022,FSM,AR,ASW,ES,Combined TRACON& Tower with Radar,5,3,32,5,45,0,1,24,2,27,5,4,56,7,72,0,0,0,72
09/09/2022,FSM,AR,ASW,ES,Combined TRACON& Tower with Radar,5,9,20,7,41,0,1,29,6,36,5,10,49,13,77,16,0,16,93
09/10/2022,FSM,AR,ASW,ES,Combined TRACON& Tower with Radar,4,7,22,0,33,0,1,24,5,30,4,8,46,5,63,0,0,0,63
09/11/2022,FSM,AR,ASW,ES,Combined TRACON& Tower with Radar,5,5,26,3,39,0,0,14,0,14,5,5,40,3,53,0,0,0,53
09/12/2022,FSM,AR,ASW,ES,Combined TRACON& Tower with Radar,5,5,10,0,20,0,0,13,0,13,5,5,23,0,33,18,0,18,51
09/13/2022,FSM,AR,ASW,ES,Combined TRACON& Tower with Radar,4,10,32,0,46,0,1,26,1,28,4,11,58,1,74,14,0,14,88
09/14/2022,FSM,AR,ASW,ES,Combined TRACON& Tower with Radar,4,9,22,0,35,0,0,17,1,18,4,9,39,1,53,18,0,18,71
09/15/2022,FSM,AR,ASW,ES,Combined TRACON& Tower with Radar,5,9,29,0,43,0,1,14,6,21,5,10,43,6,64,0,0,0,64
09/16/2022,FSM,AR,ASW,ES,Combined TRACON& Tower with Radar,5,6,32,0,43,0,0,28,1,29,5,6,60,1,72,4,0,4,76
09/17/2022,FSM,AR,ASW,ES,Combined TRACON& Tower with Radar,4,6,19,0,29,0,4,17,2,23,4,10,36,2,52,0,0,0,52
09/18/2022,FSM,AR,ASW,ES,Combined TRACON& Tower with Radar,5,9,35,0,49,0,1,28,0,29,5,10,63,0,78,14,0,14,92
09/19/2022,FSM,AR,ASW,ES,Combined TRACON& Tower with Radar,5,6,25,2,38,0,0,31,0,31,5,6,56,2,69,0,0,0,69
09/20/2022,FSM,AR,ASW,ES,Combined TRACON& Tower with Radar,4,9,23,2,38,0,1,23,1,25,4,10,46,3,63,0,0,0,63
09/21/2022,FSM,AR,ASW,ES,Combined TRACON& Tower with Radar,4,14,34,4,56,0,4,21,19,44,4,18,55,23,100,14,0,14,114
09/22/2022,FSM,AR,ASW,ES,Combined TRACON& Tower with Radar,5,7,38,3,53,0,4,32,1,37,5,11,70,4,90,8,4,12,102
09/23/2022,FSM,AR,ASW,ES,Combined TRACON& Tower with Radar,5,7,22,6,40,0,2,33,2,37,5,9,55,8,77,22,0,22,99
09/24/2022,FSM,AR,ASW,ES,Combined TRACON& Tower with Radar,4,6,21,0,31,0,0,24,1,25,4,6,45,1,56,0,0,0,56
09/25/2022,FSM,AR,ASW,ES,Combined TRACON& Tower with Radar,5,6,18,0,29,0,1,27,2,30,5,7,45,2,59,0,0,0,59
09/26/2022,FSM,AR,ASW,ES,Combined TRACON& Tower with Radar,5,6,24,9,44,0,0,39,9,48,5,6,63,18,92,42,2,44,136
09/27/2022,FSM,AR,ASW,ES,Combined TRACON& Tower with Radar,5,6,29,5,45,0,1,32,3,36,5,7,61,8,81,0,0,0,81
09/28/2022,FSM,AR,ASW,ES,Combined TRACON& Tower with Radar,4,14,19,2,39,0,0,19,7,26,4,14,38,9,65,0,0,0,65
09/29/2022,FSM,AR,ASW,ES,Combined TRACON& Tower with Radar,5,3,20,12,40,0,0,28,10,38,5,3,48,22,78,0,6,6,84
09/30/2022,FSM,AR,ASW,ES,Combined TRACON& Tower with Radar,5,6,14,2,27,0,0,21,4,25,5,6,35,6,52,34,6,40,92
10/01/2022,FSM,AR,ASW,ES,Combined TRACON& Tower with Radar,4,6,7,24,41,0,0,18,0,18,4,6,25,24,59,10,0,10,69
10/02/2022,FSM,AR,ASW,ES,Combined TRACON& Tower with Radar,5,6,20,3,34,0,1,23,1,25,5,7,43,4,59,20,0,20,79
10/03/2022,FSM,AR,ASW,ES,Combined TRACON& Tower with Radar,5,17,18,0,40,0,1,14,4,19,5,18,32,4,59,8,0,8,67
10/04/2022,FSM,AR,ASW,ES,Combined TRACON& Tower with Radar,4,3,6,0,13,0,0,20,3,23,4,3,26,3,36,0,0,0,36
10/05/2022,FSM,AR,ASW,ES,Combined TRACON& Tower with Radar,4,8,15,0,27,0,5,24,2,31,4,13,39,2,58,6,0,6,64
10/06/2022,FSM,AR,ASW,ES,Combined TRACON& Tower with Radar,5,9,10,0,24,0,0,15,3,18,5,9,25,3,42,0,0,0,42
10/07/2022,FSM,AR,ASW,ES,Combined TRACON& Tower with Radar,5,5,14,1,25,0,1,34,1,36,5,6,48,2,61,3,2,5,66
10/08/2022,FSM,AR,ASW,ES,Combined TRACON& Tower with Radar,6,5,11,0,22,0,1,26,5,32,6,6,37,5,54,10,0,10,64
10/09/2022,FSM,AR,ASW,ES,Combined TRACON& Tower with Radar,5,8,15,0,28,0,2,26,0,28,5,10,41,0,56,0,0,0,56
10/10/2022,FSM,AR,ASW,ES,Combined TRACON& Tower with Radar,4,2,12,0,18,0,1,27,1,29,4,3,39,1,47,40,0,40,87
10/11/2022,FSM,AR,ASW,ES,Combined TRACON& Tower with Radar,4,3,18,6,31,0,3,23,3,29,4,6,41,9,60,10,0,10,70
10/12/2022,FSM,AR,ASW,ES,Combined TRACON& Tower with Radar,4,4,11,10,29,0,0,12,8,20,4,4,23,18,49,32,8,40,89
10/13/2022,FSM,AR,ASW,ES,Combined TRACON& Tower with Radar,5,12,17,7,41,0,5,25,3,33,5,17,42,10,74,16,0,16,90
10/14/2022,FSM,AR,ASW,ES,Combined TRACON& Tower with Radar,5,5,28,2,40,0,0,23,2,25,5,5,51,4,65,0,0,0,65
10/15/2022,FSM,AR,ASW,ES,Combined TRACON& Tower with Radar,4,2,14,0,20,0,0,20,0,20,4,2,34,0,40,0,0,0,40
10/16/2022,FSM,AR,ASW,ES,Combined TRACON& Tower with Radar,5,3,11,4,23,0,1,8,0,9,5,4,19,4,32,0,0,0,32
10/17/2022,FSM,AR,ASW,ES,Combined TRACON& Tower with Radar,5,5,7,3,20,0,1,16,4,21,5,6,23,7,41,6,14,20,61
10/18/2022,FSM,AR,ASW,ES,Combined TRACON& Tower with Radar,4,9,12,6,31,0,5,15,6,26,4,14,27,12,57,2,22,24,81
10/19/2022,FSM,AR,ASW,ES,Combined TRACON& Tower with Radar,4,7,22,8,41,0,0,26,8,34,4,7,48,16,75,4,18,22,97
10/20/2022,FSM,AR,ASW,ES,Combined TRACON& Tower with Radar,6,8,18,1,33,0,1,30,2,33,6,9,48,3,66,16,0,16,82
10/21/2022,FSM,AR,ASW,ES,Combined TRACON& Tower with Radar,6,3,11,6,26,0,1,20,0,21,6,4,31,6,47,20,0,20,67
10/22/2022,FSM,AR,ASW,ES,Combined TRACON& Tower with Radar,4,4,4,9,21,0,0,8,3,11,4,4,12,12,32,8,0,8,40
10/23/2022,FSM,AR,ASW,ES,Combined TRACON& Tower with Radar,5,5,13,2,25,0,0,9,1,10,5,5,22,3,35,0,0,0,35
10/24/2022,FSM,AR,ASW,ES,Combined TRACON& Tower with Radar,3,11,8,1,23,0,0,0,0,0,3,11,8,1,23,0,0,0,23
10/25/2022,FSM,AR,ASW,ES,Combined TRACON& Tower with Radar,4,6,15,4,29,0,0,2,4,6,4,6,17,8,35,3,6,9,44
10/26/2022,FSM,AR,ASW,ES,Combined TRACON& Tower with Radar,4,9,17,7,37,0,2,22,13,37,4,11,39,20,74,0,0,0,74
10/27/2022,FSM,AR,ASW,ES,Combined TRACON& Tower with Radar,5,5,17,3,30,0,1,23,6,30,5,6,40,9,60,26,0,26,86
10/28/2022,FSM,AR,ASW,ES,Combined TRACON& Tower with Radar,5,2,20,8,35,0,1,16,0,17,5,3,36,8,52,6,0,6,58
10/29/2022,FSM,AR,ASW,ES,Combined TRACON& Tower with Radar,1,5,6,0,12,0,0,0,0,0,1,5,6,0,12,0,0,0,12
10/30/2022,FSM,AR,ASW,ES,Combined TRACON& Tower with Radar,8,10,34,0,52,0,0,0,0,0,8,10,34,0,52,0,0,0,52
10/31/2022,FSM,AR,ASW,ES,Combined TRACON& Tower with Radar,4,8,13,7,32,0,2,25,4,31,4,10,38,11,63,6,0,6,69
11/01/2022,FSM,AR,ASW,ES,Combined TRACON& Tower with Radar,4,6,12,6,28,0,2,22,5,29,4,8,34,11,57,18,12,30,87
11/02/2022,FSM,AR,ASW,ES,Combined TRACON& Tower with Radar,4,6,16,6,32,0,2,20,9,31,4,8,36,15,63,6,6,12,75
11/03/2022,FSM,AR,ASW,ES,Combined TRACON& Tower with Radar,10,7,21,4,42,0,1,29,10,40,10,8,50,14,82,32,0,32,114
11/04/2022,FSM,AR,ASW,ES,Combined TRACON& Tower with Radar,4,5,8,1,18,0,0,0,1,1,4,5,8,2,19,0,0,0,19
11/05/2022,FSM,AR,ASW,ES,Combined TRACON& Tower with Radar,8,3,10,0,21,0,0,13,6,19,8,3,23,6,40,6,0,6,46
11/06/2022,FSM,AR,ASW,ES,Combined TRACON& Tower with Radar,7,1,6,1,15,0,4,15,2,21,7,5,21,3,36,0,0,0,36
11/07/2022,FSM,AR,ASW,ES,Combined TRACON& Tower with Radar,8,4,24,2,38,0,1,6,0,7,8,5,30,2,45,0,0,0,45
11/08/2022,FSM,AR,ASW,ES,Combined TRACON& Tower with Radar,8,4,23,8,43,0,1,8,5,14,8,5,31,13,57,2,0,2,59
11/09/2022,FSM,AR,ASW,ES,Combined TRACON& Tower with Radar,8,3,25,0,36,0,0,17,3,20,8,3,42,3,56,2,0,2,58
11/10/2022,FSM,AR,ASW,ES,Combined TRACON& Tower with Radar,8,5,28,0,41,0,2,23,3,28,8,7,51,3,69,8,0,8,77
11/11/2022,FSM,AR,ASW,ES,Combined TRACON& Tower with Radar,5,3,12,0,20,0,0,3,1,4,5,3,15,1,24,0,0,0,24
11/12/2022,FSM,AR,ASW,ES,Combined TRACON& Tower with Radar,8,2,3,0,13,0,2,20,3,25,8,4,23,3,38,0,0,0,38
11/13/2022,FSM,AR,ASW,ES,Combined TRACON& Tower with Radar,7,8,21,0,36,0,1,18,0,19,7,9,39,0,55,0,0,0,55
11/14/2022,FSM,AR,ASW,ES,Combined TRACON& Tower with Radar,8,4,12,2,26,0,0,4,8,12,8,4,16,10,38,18,4,22,60
11/15/2022,FSM,AR,ASW,ES,Combined TRACON& Tower with Radar,8,4,3,3,18,0,0,1,0,1,8,4,4,3,19,0,0,0,19
11/16/2022,FSM,AR,ASW,ES,Combined TRACON& Tower with Radar,8,3,18,5,34,0,0,16,7,23,8,3,34,12,57,20,0,20,77
11/17/2022,FSM,AR,ASW,ES,Combined TRACON& Tower with Radar,8,7,24,2,41,0,1,10,6,17,8,8,34,8,58,16,0,16,74
11/18/2022,FSM,AR,ASW,ES,Combined TRACON& Tower with Radar,8,5,11,3,27,0,0,18,0,18,8,5,29,3,45,1,0,1,46
11/19/2022,FSM,AR,ASW,ES,Combined TRACON& Tower with Radar,7,1,7,0,15,0,0,22,4,26,7,1,29,4,41,0,0,0,41
11/20/2022,FSM,AR,ASW,ES,Combined TRACON& Tower with Radar,7,0,14,0,21,0,0,11,1,12,7,0,25,1,33,0,0,0,33
11/21/2022,FSM,AR,ASW,ES,Combined TRACON& Tower with Radar,8,0,9,0,17,0,0,30,5,35,8,0,39,5,52,0,0,0,52
11/22/2022,FSM,AR,ASW,ES,Combined TRACON& Tower with Radar,8,2,8,0,18,0,0,21,2,23,8,2,29,2,41,0,0,0,41
11/23/2022,FSM,AR,ASW,ES,Combined TRACON& Tower with Radar,8,0,10,6,24,0,0,8,0,8,8,0,18,6,32,0,0,0,32
11/24/2022,FSM,AR,ASW,ES,Combined TRACON& Tower with Radar,6,0,0,0,6,0,0,0,0,0,6,0,0,0,6,0,0,0,6
11/25/2022,FSM,AR,ASW,ES,Combined TRACON& Tower with Radar,9,1,20,0,30,0,1,6,0,7,9,2,26,0,37,20,0,20,57
11/26/2022,FSM,AR,ASW,ES,Combined TRACON& Tower with Radar,2,2,7,0,11,0,0,0,0,0,2,2,7,0,11,0,0,0,11
11/27/2022,FSM,AR,ASW,ES,Combined TRACON& Tower with Radar,8,1,13,2,24,0,0,6,0,6,8,1,19,2,30,10,0,10,40
11/28/2022,FSM,AR,ASW,ES,Combined TRACON& Tower with Radar,8,1,9,3,21,0,0,10,6,16,8,1,19,9,37,4,0,4,41
11/29/2022,FSM,AR,ASW,ES,Combined TRACON& Tower with Radar,8,0,7,16,31,0,0,2,4,6,8,0,9,20,37,0,0,0,37
11/30/2022,FSM,AR,ASW,ES,Combined TRACON& Tower with Radar,6,7,24,2,39,0,1,30,5,36,6,8,54,7,75,0,0,0,75
12/01/2022,FSM,AR,ASW,ES,Combined TRACON& Tower with Radar,6,1,19,3,29,0,1,17,6,24,6,2,36,9,53,22,0,22,75
12/02/2022,FSM,AR,ASW,ES,Combined TRACON& Tower with Radar,6,2,13,2,23,0,0,6,0,6,6,2,19,2,29,0,0,0,29
12/03/2022,FSM,AR,ASW,ES,Combined TRACON& Tower with Radar,6,2,6,0,14,0,0,36,3,39,6,2,42,3,53,12,0,12,65
12/04/2022,FSM,AR,ASW,ES,Combined TRACON& Tower with Radar,6,7,13,0,26,0,0,0,0,0,6,7,13,0,26,0,0,0,26
12/05/2022,FSM,AR,ASW,ES,Combined TRACON& Tower with Radar,12,7,14,0,33,0,0,3,0,3,12,7,17,0,36,0,0,0,36
12/06/2022,FSM,AR,ASW,ES,Combined TRACON& Tower with Radar,6,5,27,4,42,0,0,4,0,4,6,5,31,4,46,0,0,0,46
12/07/2022,FSM,AR,ASW,ES,Combined TRACON& Tower with Radar,7,1,13,4,25,0,0,1,0,1,7,1,14,4,26,0,0,0,26
12/08/2022,FSM,AR,ASW,ES,Combined TRACON& Tower with Radar,10,6,15,0,31,0,0,0,0,0,10,6,15,0,31,0,0,0,31
12/09/2022,FSM,AR,ASW,ES,Combined TRACON& Tower with Radar,5,8,28,2,43,0,0,36,2,38,5,8,64,4,81,26,0,26,107
12/10/2022,FSM,AR,ASW,ES,Combined TRACON& Tower with Radar,4,4,5,0,13,0,0,1,0,1,4,4,6,0,14,0,0,0,14
12/11/2022,FSM,AR,ASW,ES,Combined TRACON& Tower with Radar,6,4,14,0,24,0,0,1,0,1,6,4,15,0,25,0,0,0,25
12/12/2022,FSM,AR,ASW,ES,Combined TRACON& Tower with Radar,10,7,13,1,31,0,0,0,0,0,10,7,13,1,31,0,0,0,31
12/13/2022,FSM,AR,ASW,ES,Combined TRACON& Tower with Radar,5,1,5,1,12,0,0,0,1,1,5,1,5,2,13,0,0,0,13
12/14/2022,FSM,AR,ASW,ES,Combined TRACON& Tower with Radar,5,6,7,2,20,0,4,10,2,16,5,10,17,4,36,0,0,0,36
12/15/2022,FSM,AR,ASW,ES,Combined TRACON& Tower with Radar,5,1,19,7,32,0,0,29,2,31,5,1,48,9,63,42,0,42,105
12/16/2022,FSM,AR,ASW,ES,Combined TRACON& Tower with Radar,5,2,8,3,18,0,1,24,0,25,5,3,32,3,43,26,0,26,69
12/17/2022,FSM,AR,ASW,ES,Combined TRACON& Tower with Radar,5,0,4,1,10,0,2,25,1,28,5,2,29,2,38,0,0,0,38
12/18/2022,FSM,AR,ASW,ES,Combined TRACON& Tower with Radar,4,2,12,0,18,0,0,21,0,21,4,2,33,0,39,0,0,0,39
12/19/2022,FSM,AR,ASW,ES,Combined TRACON& Tower with Radar,6,3,7,0,16,0,0,15,0,15,6,3,22,0,31,4,0,4,35
12/20/2022,FSM,AR,ASW,ES,Combined TRACON& Tower with Radar,6,3,11,4,24,0,1,24,1,26,6,4,35,5,50,0,0,0,50
12/21/2022,FSM,AR,ASW,ES,Combined TRACON& Tower with Radar,5,5,17,2,29,0,0,21,0,21,5,5,38,2,50,20,0,20,70
12/22/2022,FSM,AR,ASW,ES,Combined TRACON& Tower with Radar,5,2,3,0,10,0,0,0,0,0,5,2,3,0,10,0,0,0,10
12/23/2022,FSM,AR,ASW,ES,Combined TRACON& Tower with Radar,6,4,9,0,19,0,0,1,0,1,6,4,10,0,20,0,0,0,20
12/24/2022,FSM,AR,ASW,ES,Combined TRACON& Tower with Radar,5,2,4,0,11,0,0,9,0,9,5,2,13,0,20,0,0,0,20
12/25/2022,FSM,AR,ASW,ES,Combined TRACON& Tower with Radar,2,1,2,0,5,0,0,15,0,15,2,1,17,0,20,0,0,0,20
12/26/2022,FSM,AR,ASW,ES,Combined TRACON& Tower with Radar,5,4,18,0,27,0,0,15,0,15,5,4,33,0,42,20,0,20,62
12/27/2022,FSM,AR,ASW,ES,Combined TRACON& Tower with Radar,5,2,20,0,27,0,0,43,0,43,5,2,63,0,70,32,0,32,102
12/28/2022,FSM,AR,ASW,ES,Combined TRACON& Tower with Radar,5,2,10,0,17,0,2,6,0,8,5,4,16,0,25,0,0,0,25
12/29/2022,FSM,AR,ASW,ES,Combined TRACON& Tower with Radar,5,2,11,0,18,0,0,5,0,5,5,2,16,0,23,0,0,0,23
12/30/2022,FSM,AR,ASW,ES,Combined TRACON& Tower with Radar,5,4,10,0,19,0,0,21,0,21,5,4,31,0,40,14,0,14,54
12/31/2022,FSM,AR,ASW,ES,Combined TRACON& Tower with Radar,4,4,8,0,16,0,2,15,0,17,4,6,23,0,33,26,0,26,59
01/01/2023,FSM,AR,ASW,ES,Combined TRACON& Tower with Radar,3,0,13,0,16,0,1,10,0,11,3,1,23,0,27,0,0,0,27
01/02/2023,FSM,AR,ASW,ES,Combined TRACON& Tower with Radar,5,2,1,0,8,0,0,1,0,1,5,2,2,0,9,0,0,0,9
01/03/2023,FSM,AR,ASW,ES,Combined TRACON& Tower with Radar,5,4,12,0,21,0,0,19,0,19,5,4,31,0,40,0,0,0,40
01/04/2023,FSM,AR,ASW,ES,Combined TRACON& Tower with Radar,5,1,15,6,27,0,5,17,12,34,5,6,32,18,61,0,0,0,61
01/05/2023,FSM,AR,ASW,ES,Combined TRACON& Tower with Radar,6,7,9,3,25,0,2,16,4,22,6,9,25,7,47,0,0,0,47
01/06/2023,FSM,AR,ASW,ES,Combined TRACON& Tower with Radar,5,3,14,0,22,0,1,19,2,22,5,4,33,2,44,40,0,40,84
01/07/2023,FSM,AR,ASW,ES,Combined TRACON& Tower with Radar,5,2,13,0,20,0,1,9,0,10,5,3,22,0,30,0,0,0,30
01/08/2023,FSM,AR,ASW,ES,Combined TRACON& Tower with Radar,5,0,9,0,14,0,2,44,0,46,5,2,53,0,60,2,0,2,62
01/09/2023,FSM,AR,ASW,ES,Combined TRACON& Tower with Radar,5,2,10,14,31,0,1,31,4,36,5,3,41,18,67,0,0,0,67
01/10/2023,FSM,AR,ASW,ES,Combined TRACON& Tower with Radar,6,1,24,3,34,0,0,35,3,38,6,1,59,6,72,12,0,12,84
01/11/2023,FSM,AR,ASW,ES,Combined TRACON& Tower with Radar,6,2,19,1,28,0,1,17,3,21,6,3,36,4,49,0,6,6,55
01/12/2023,FSM,AR,ASW,ES,Combined TRACON& Tower with Radar,7,2,8,4,21,0,0,3,1,4,7,2,11,5,25,12,0,12,37
01/13/2023,FSM,AR,ASW,ES,Combined TRACON& Tower with Radar,5,2,9,0,16,0,0,16,0,16,5,2,25,0,32,14,0,14,46
01/14/2023,FSM,AR,ASW,ES,Combined TRACON& Tower with Radar,4,1,14,0,19,0,0,31,0,31,4,1,45,0,50,24,0,24,74
01/15/2023,FSM,AR,ASW,ES,Combined TRACON& Tower with Radar,3,3,9,0,15,0,0,8,0,8,3,3,17,0,23,0,0,0,23
01/16/2023,FSM,AR,ASW,ES,Combined TRACON& Tower with Radar,8,3,18,1,30,0,0,12,0,12,8,3,30,1,42,10,0,10,52
01/17/2023,FSM,AR,ASW,ES,Combined TRACON& Tower with Radar,6,5,15,1,27,0,0,21,1,22,6,5,36,2,49,16,0,16,65
01/18/2023,FSM,AR,ASW,ES,Combined TRACON& Tower with Radar,6,3,14,0,23,0,0,2,1,3,6,3,16,1,26,0,0,0,26
01/19/2023,FSM,AR,ASW,ES,Combined TRACON& Tower with Radar,5,5,22,6,38,0,0,8,2,10,5,5,30,8,48,0,0,0,48
01/20/2023,FSM,AR,ASW,ES,Combined TRACON& Tower with Radar,5,5,17,15,42,0,2,23,0,25,5,7,40,15,67,0,0,0,67
01/21/2023,FSM,AR,ASW,ES,Combined TRACON& Tower with Radar,6,2,19,0,27,0,1,21,0,22,6,3,40,0,49,26,0,26,75
01/22/2023,FSM,AR,ASW,ES,Combined TRACON& Tower with Radar,5,0,1,0,6,0,0,2,0,2,5,0,3,0,8,0,0,0,8
01/23/2023,FSM,AR,ASW,ES,Combined TRACON& Tower with Radar,6,3,4,3,16,0,2,19,14,35,6,5,23,17,51,4,14,18,69
01/24/2023,FSM,AR,ASW,ES,Combined TRACON& Tower with Radar,3,0,5,11,19,0,0,3,1,4,3,0,8,12,23,0,0,0,23
01/25/2023,FSM,AR,ASW,ES,Combined TRACON& Tower with Radar,7,0,2,5,14,0,0,1,0,1,7,0,3,5,15,0,0,0,15
01/26/2023,FSM,AR,ASW,ES,Combined TRACON& Tower with Radar,5,2,11,4,22,0,0,20,5,25,5,2,31,9,47,0,0,0,47
01/27/2023,FSM,AR,ASW,ES,Combined TRACON& Tower with Radar,5,0,15,1,21,0,0,27,3,30,5,0,42,4,51,14,0,14,65
01/28/2023,FSM,AR,ASW,ES,Combined TRACON& Tower with Radar,6,0,1,1,8,0,0,3,0,3,6,0,4,1,11,0,0,0,11
01/29/2023,FSM,AR,ASW,ES,Combined TRACON& Tower with Radar,7,2,6,4,19,0,0,0,0,0,7,2,6,4,19,0,0,0,19
01/30/2023,FSM,AR,ASW,ES,Combined TRACON& Tower with Radar,4,3,6,0,13,0,0,0,0,0,4,3,6,0,13,0,0,0,13
01/31/2023,FSM,AR,ASW,ES,Combined TRACON& Tower with Radar,1,1,1,0,3,0,0,1,0,1,1,1,2,0,4,0,0,0,4
02/01/2023,FSM,AR,ASW,ES,Combined TRACON& Tower with Radar,0,2,2,0,4,0,0,0,0,0,0,2,2,0,4,0,0,0,4
02/02/2023,FSM,AR,ASW,ES,Combined TRACON& Tower with Radar,2,4,8,0,14,0,0,0,0,0,2,4,8,0,14,0,0,0,14
02/03/2023,FSM,AR,ASW,ES,Combined TRACON& Tower with Radar,6,5,16,0,27,0,0,24,3,27,6,5,40,3,54,18,0,18,72
02/04/2023,FSM,AR,ASW,ES,Combined TRACON& Tower with Radar,5,1,9,13,28,0,0,25,1,26,5,1,34,14,54,20,0,20,74
02/05/2023,FSM,AR,ASW,ES,Combined TRACON& Tower with Radar,5,2,14,0,21,0,2,24,0,26,5,4,38,0,47,8,0,8,55
02/06/2023,FSM,AR,ASW,ES,Combined TRACON& Tower with Radar,5,0,13,0,18,0,1,6,1,8,5,1,19,1,26,10,0,10,36
02/07/2023,FSM,AR,ASW,ES,Combined TRACON& Tower with Radar,4,2,18,1,25,0,0,0,0,0,4,2,18,1,25,0,0,0,25
02/08/2023,FSM,AR,ASW,ES,Combined TRACON& Tower with Radar,9,2,4,0,15,0,0,0,0,0,9,2,4,0,15,0,0,0,15
02/09/2023,FSM,AR,ASW,ES,Combined TRACON& Tower with Radar,6,0,27,0,33,0,1,27,6,34,6,1,54,6,67,4,0,4,71
02/10/2023,FSM,AR,ASW,ES,Combined TRACON& Tower with Radar,5,5,12,4,26,0,0,3,0,3,5,5,15,4,29,0,0,0,29
02/11/2023,FSM,AR,ASW,ES,Combined TRACON& Tower with Radar,5,5,18,5,33,0,2,47,1,50,5,7,65,6,83,64,0,64,147
02/12/2023,FSM,AR,ASW,ES,Combined TRACON& Tower with Radar,5,0,8,0,13,0,1,29,1,31,5,1,37,1,44,0,0,0,44
02/13/2023,FSM,AR,ASW,ES,Combined TRACON& Tower with Radar,5,2,12,2,21,0,2,27,3,32,5,4,39,5,53,18,0,18,71
02/14/2023,FSM,AR,ASW,ES,Combined TRACON& Tower with Radar,4,2,12,0,18,0,0,5,0,5,4,2,17,0,23,0,0,0,23
02/15/2023,FSM,AR,ASW,ES,Combined TRACON& Tower with Radar,4,3,19,7,33,0,0,9,7,16,4,3,28,14,49,0,0,0,49
02/16/2023,FSM,AR,ASW,ES,Combined TRACON& Tower with Radar,5,4,12,5,26,0,0,4,5,9,5,4,16,10,35,0,0,0,35
02/17/2023,FSM,AR,ASW,ES,Combined TRACON& Tower with Radar,5,6,18,1,30,0,0,23,1,24,5,6,41,2,54,8,0,8,62
02/18/2023,FSM,AR,ASW,ES,Combined TRACON& Tower with Radar,4,4,5,2,15,0,2,16,2,20,4,6,21,4,35,0,0,0,35
02/19/2023,FSM,AR,ASW,ES,Combined TRACON& Tower with Radar,5,2,9,0,16,0,1,22,0,23,5,3,31,0,39,0,0,0,39
02/20/2023,FSM,AR,ASW,ES,Combined TRACON& Tower with Radar,5,6,17,0,28,0,0,7,2,9,5,6,24,2,37,8,0,8,45
02/21/2023,FSM,AR,ASW,ES,Combined TRACON& Tower with Radar,7,5,18,1,31,0,0,20,1,21,7,5,38,2,52,14,0,14,66
02/22/2023,FSM,AR,ASW,ES,Combined TRACON& Tower with Radar,7,2,8,6,23,0,0,4,15,19,7,2,12,21,42,36,14,50,92
02/23/2023,FSM,AR,ASW,ES,Combined TRACON& Tower with Radar,5,4,16,4,29,0,0,16,6,22,5,4,32,10,51,0,0,0,51
02/24/2023,FSM,AR,ASW,ES,Combined TRACON& Tower with Radar,5,7,15,2,29,0,0,6,3,9,5,7,21,5,38,0,22,22,60
02/25/2023,FSM,AR,ASW,ES,Combined TRACON& Tower with Radar,5,0,20,4,29,0,0,2,0,2,5,0,22,4,31,28,0,28,59
02/26/2023,FSM,AR,ASW,ES,Combined TRACON& Tower with Radar,5,3,3,0,11,0,0,0,0,0,5,3,3,0,11,0,0,0,11
02/27/2023,FSM,AR,ASW,ES,Combined TRACON& Tower with Radar,5,4,8,2,19,0,0,11,2,13,5,4,19,4,32,0,0,0,32
02/28/2023,FSM,AR,ASW,ES,Combined TRACON& Tower with Radar,5,1,10,7,23,0,1,27,3,31,5,2,37,10,54,46,32,78,132
03/01/2023,FSM,AR,ASW,ES,Combined TRACON& Tower with Radar,4,5,4,0,13,0,0,15,5,20,4,5,19,5,33,24,0,24,57
03/02/2023,FSM,AR,ASW,ES,Combined TRACON& Tower with Radar,3,0,5,2,10,0,1,0,4,5,3,1,5,6,15,0,0,0,15
03/03/2023,FSM,AR,ASW,ES,Combined TRACON& Tower with Radar,5,0,12,2,19,0,0,3,0,3,5,0,15,2,22,0,0,0,22
03/04/2023,FSM,AR,ASW,ES,Combined TRACON& Tower with Radar,5,2,26,2,35,0,3,27,5,35,5,5,53,7,70,32,0,32,102
03/05/2023,FSM,AR,ASW,ES,Combined TRACON& Tower with Radar,5,1,10,3,19,0,0,16,0,16,5,1,26,3,35,0,0,0,35
03/06/2023,FSM,AR,ASW,ES,Combined TRACON& Tower with Radar,5,3,4,4,16,0,1,17,1,19,5,4,21,5,35,0,0,0,35
03/07/2023,FSM,AR,ASW,ES,Combined TRACON& Tower with Radar,4,1,4,3,12,0,1,13,0,14,4,2,17,3,26,0,0,0,26
03/08/2023,FSM,AR,ASW,ES,Combined TRACON& Tower with Radar,4,6,11,4,25,0,0,5,1,6,4,6,16,5,31,0,0,0,31
03/09/2023,FSM,AR,ASW,ES,Combined TRACON& Tower with Radar,5,4,13,2,24,0,0,1,0,1,5,4,14,2,25,0,0,0,25
03/10/2023,FSM,AR,ASW,ES,Combined TRACON& Tower with Radar,5,7,19,3,34,0,0,34,5,39,5,7,53,8,73,12,0,12,85
03/11/2023,FSM,AR,ASW,ES,Combined TRACON& Tower with Radar,5,2,3,2,12,0,0,0,0,0,5,2,3,2,12,0,0,0,12
03/12/2023,FSM,AR,ASW,ES,Combined TRACON& Tower with Radar,5,2,4,0,11,0,0,8,0,8,5,2,12,0,19,22,0,22,41
03/13/2023,FSM,AR,ASW,ES,Combined TRACON& Tower with Radar,5,1,11,1,18,0,2,15,11,28,5,3,26,12,46,4,20,24,70
03/14/2023,FSM,AR,ASW,ES,Combined TRACON& Tower with Radar,4,0,20,2,26,0,0,21,1,22,4,0,41,3,48,10,0,10,58
03/15/2023,FSM,AR,ASW,ES,Combined TRACON& Tower with Radar,4,7,14,3,28,0,0,19,11,30,4,7,33,14,58,2,10,12,70
03/16/2023,FSM,AR,ASW,ES,Combined TRACON& Tower with Radar,3,0,11,0,14,0,1,0,2,3,3,1,11,2,17,0,0,0,17
03/17/2023,FSM,AR,ASW,ES,Combined TRACON& Tower with Radar,5,1,14,2,22,0,0,11,2,13,5,1,25,4,35,0,0,0,35
03/18/2023,FSM,AR,ASW,ES,Combined TRACON& Tower with Radar,5,4,11,1,21,0,1,14,3,18,5,5,25,4,39,0,0,0,39
03/19/2023,FSM,AR,ASW,ES,Combined TRACON& Tower with Radar,5,0,12,5,22,0,0,15,0,15,5,0,27,5,37,26,0,26,63
03/20/2023,FSM,AR,ASW,ES,Combined TRACON& Tower with Radar,5,1,7,2,15,0,2,10,1,13,5,3,17,3,28,0,0,0,28
03/21/2023,FSM,AR,ASW,ES,Combined TRACON& Tower with Radar,5,8,2,0,15,0,0,0,0,0,5,8,2,0,15,0,0,0,15
03/22/2023,FSM,AR,ASW,ES,Combined TRACON& Tower with Radar,3,0,16,3,22,0,1,6,1,8,3,1,22,4,30,0,0,0,30
03/23/2023,FSM,AR,ASW,ES,Combined TRACON& Tower with Radar,5,0,7,0,12,0,1,3,1,5,5,1,10,1,17,0,0,0,17
03/24/2023,FSM,AR,ASW,ES,Combined TRACON& Tower with Radar,5,2,5,0,12,0,0,0,0,0,5,2,5,0,12,0,0,0,12
03/25/2023,FSM,AR,ASW,ES,Combined TRACON& Tower with Radar,5,2,16,1,24,0,0,20,2,22,5,2,36,3,46,16,0,16,62
03/26/2023,FSM,AR,ASW,ES,Combined TRACON& Tower with Radar,5,2,18,0,25,0,2,35,0,37,5,4,53,0,62,0,0,0,62
03/27/2023,FSM,AR,ASW,ES,Combined TRACON& Tower with Radar,5,4,13,0,22,0,0,17,7,24,5,4,30,7,46,2,20,22,68
03/28/2023,FSM,AR,ASW,ES,Combined TRACON& Tower with Radar,4,2,7,0,13,0,1,9,2,12,4,3,16,2,25,0,0,0,25
03/29/2023,FSM,AR,ASW,ES,Combined TRACON& Tower with Radar,4,0,14,7,25,0,0,35,1,36,4,0,49,8,61,16,4,20,81
03/30/2023,FSM,AR,ASW,ES,Combined TRACON& Tower with Radar,5,2,12,6,25,0,0,6,1,7,5,2,18,7,32,10,0,10,42
03/31/2023,FSM,AR,ASW,ES,Combined TRACON& Tower with Radar,5,2,13,0,20,0,0,1,0,1,5,2,14,0,21,0,0,0,21
04/01/2023,FSM,AR,ASW,ES,Combined TRACON& Tower with Radar,5,5,9,0,19,0,1,18,0,19,5,6,27,0,38,0,0,0,38
04/02/2023,FSM,AR,ASW,ES,Combined TRACON& Tower with Radar,3,1,6,0,10,0,0,16,3,19,3,1,22,3,29,0,0,0,29
04/03/2023,FSM,AR,ASW,ES,Combined TRACON& Tower with Radar,5,0,8,1,14,0,2,14,9,25,5,2,22,10,39,0,0,0,39
04/04/2023,FSM,AR,ASW,ES,Combined TRACON& Tower with Radar,6,0,5,1,12,0,0,0,1,1,6,0,5,2,13,0,0,0,13
04/05/2023,FSM,AR,ASW,ES,Combined TRACON& Tower with Radar,5,2,10,1,18,0,2,13,5,20,5,4,23,6,38,11,5,16,54
04/06/2023,FSM,AR,ASW,ES,Combined TRACON& Tower with Radar,5,1,15,9,30,0,0,20,10,30,5,1,35,19,60,12,0,12,72
04/07/2023,FSM,AR,ASW,ES,Combined TRACON& Tower with Radar,5,0,9,2,16,0,1,14,1,16,5,1,23,3,32,40,0,40,72
04/08/2023,FSM,AR,ASW,ES,Combined TRACON& Tower with Radar,5,1,12,2,20,0,2,49,0,51,5,3,61,2,71,62,0,62,133
04/09/2023,FSM,AR,ASW,ES,Combined TRACON& Tower with Radar,4,1,7,0,12,0,0,24,3,27,4,1,31,3,39,6,0,6,45
04/10/2023,FSM,AR,ASW,ES,Combined TRACON& Tower with Radar,5,2,15,4,26,0,8,4,5,17,5,10,19,9,43,2,0,2,45
04/11/2023,FSM,AR,ASW,ES,Combined TRACON& Tower with Radar,6,2,27,0,35,0,0,24,0,24,6,2,51,0,59,4,0,4,63
04/12/2023,FSM,AR,ASW,ES,Combined TRACON& Tower with Radar,5,1,16,2,24,0,0,30,6,36,5,1,46,8,60,0,0,0,60
04/13/2023,FSM,AR,ASW,ES,Combined TRACON& Tower with Radar,5,0,20,2,27,0,2,27,4,33,5,2,47,6,60,4,0,4,64
04/14/2023,FSM,AR,ASW,ES,Combined TRACON& Tower with Radar,5,3,12,4,24,0,0,23,4,27,5,3,35,8,51,24,0,24,75
04/15/2023,FSM,AR,ASW,ES,Combined TRACON& Tower with Radar,5,1,13,2,21,0,0,5,0,5,5,1,18,2,26,0,0,0,26
04/16/2023,FSM,AR,ASW,ES,Combined TRACON& Tower with Radar,5,0,6,2,13,0,1,10,0,11,5,1,16,2,24,0,0,0,24
04/17/2023,FSM,AR,ASW,ES,Combined TRACON& Tower with Radar,5,5,14,0,24,2,0,16,0,18,7,5,30,0,42,36,10,46,88
04/18/2023,FSM,AR,ASW,ES,Combined TRACON& Tower with Radar,6,6,12,4,28,0,0,12,4,16,6,6,24,8,44,0,0,0,44
04/19/2023,FSM,AR,ASW,ES,Combined TRACON& Tower with Radar,7,3,13,4,27,0,0,6,2,8,7,3,19,6,35,6,0,6,41
04/20/2023,FSM,AR,ASW,ES,Combined TRACON& Tower with Radar,5,5,19,0,29,0,0,2,0,2,5,5,21,0,31,0,0,0,31
04/21/2023,FSM,AR,ASW,ES,Combined TRACON& Tower with Radar,5,3,21,12,41,0,0,22,3,25,5,3,43,15,66,0,0,0,66
04/22/2023,FSM,AR,ASW,ES,Combined TRACON& Tower with Radar,5,7,5,0,17,0,2,20,0,22,5,9,25,0,39,0,0,0,39
04/23/2023,FSM,AR,ASW,ES,Combined TRACON& Tower with Radar,5,0,11,0,16,0,0,38,4,42,5,0,49,4,58,0,0,0,58
04/24/2023,FSM,AR,ASW,ES,Combined TRACON& Tower with Radar,5,1,16,7,29,0,1,24,9,34,5,2,40,16,63,8,4,12,75
04/25/2023,FSM,AR,ASW,ES,Combined TRACON& Tower with Radar,6,3,13,0,22,0,0,1,1,2,6,3,14,1,24,0,0,0,24
04/26/2023,FSM,AR,ASW,ES,Combined TRACON& Tower with Radar,4,2,20,2,28,0,0,0,1,1,4,2,20,3,29,0,0,0,29
04/27/2023,FSM,AR,ASW,ES,Combined TRACON& Tower with Radar,7,3,5,0,15,0,0,0,0,0,7,3,5,0,15,0,0,0,15
04/28/2023,FSM,AR,ASW,ES,Combined TRACON& Tower with Radar,5,0,10,0,15,0,0,6,4,10,5,0,16,4,25,0,0,0,25
04/29/2023,FSM,AR,ASW,ES,Combined TRACON& Tower with Radar,5,4,11,0,20,0,0,12,0,12,5,4,23,0,32,0,0,0,32
04/30/2023,FSM,AR,ASW,ES,Combined TRACON& Tower with Radar,5,0,9,2,16,0,1,17,0,18,5,1,26,2,34,0,0,0,34
05/01/2023,FSM,AR,ASW,ES,Combined TRACON& Tower with Radar,5,0,22,6,33,0,0,27,3,30,5,0,49,9,63,4,0,4,67
05/02/2023,FSM,AR,ASW,ES,Combined TRACON& Tower with Radar,6,0,18,0,24,0,0,26,3,29,6,0,44,3,53,0,0,0,53
05/03/2023,FSM,AR,ASW,ES,Combined TRACON& Tower with Radar,5,2,10,6,23,0,2,35,4,41,5,4,45,10,64,8,2,10,74
05/04/2023,FSM,AR,ASW,ES,Combined TRACON& Tower with Radar,5,3,24,2,34,0,0,15,1,16,5,3,39,3,50,10,0,10,60
05/05/2023,FSM,AR,ASW,ES,Combined TRACON& Tower with Radar,5,1,15,0,21,0,0,4,0,4,5,1,19,0,25,0,0,0,25
05/06/2023,FSM,AR,ASW,ES,Combined TRACON& Tower with Radar,5,6,9,0,20,0,0,8,0,8,5,6,17,0,28,26,0,26,54
05/07/2023,FSM,AR,ASW,ES,Combined TRACON& Tower with Radar,5,3,5,2,15,0,0,14,0,14,5,3,19,2,29,0,0,0,29
05/08/2023,FSM,AR,ASW,ES,Combined TRACON& Tower with Radar,5,3,17,6,31,0,1,19,4,24,5,4,36,10,55,0,0,0,55
05/09/2023,FSM,AR,ASW,ES,Combined TRACON& Tower with Radar,5,2,11,3,21,0,0,31,6,37,5,2,42,9,58,0,0,0,58
05/10/2023,FSM,AR,ASW,ES,Combined TRACON& Tower with Radar,5,1,26,7,39,0,0,12,6,18,5,1,38,13,57,0,0,0,57
05/11/2023,FSM,AR,ASW,ES,Combined TRACON& Tower with Radar,5,5,7,3,20,0,0,5,4,9,5,5,12,7,29,14,10,24,53
05/12/2023,FSM,AR,ASW,ES,Combined TRACON& Tower with Radar,5,3,8,0,16,0,0,11,3,14,5,3,19,3,30,0,0,0,30
05/13/2023,FSM,AR,ASW,ES,Combined TRACON& Tower with Radar,5,8,8,0,21,0,1,7,1,9,5,9,15,1,30,6,0,6,36
05/14/2023,FSM,AR,ASW,ES,Combined TRACON& Tower with Radar,5,2,13,0,20,0,0,2,2,4,5,2,15,2,24,0,0,0,24
05/15/2023,FSM,AR,ASW,ES,Combined TRACON& Tower with Radar,5,2,16,6,29,0,2,8,2,12,5,4,24,8,41,0,0,0,41
05/16/2023,FSM,AR,ASW,ES,Combined TRACON& Tower with Radar,5,10,21,0,36,0,0,3,2,5,5,10,24,2,41,0,0,0,41
05/17/2023,FSM,AR,ASW,ES,Combined TRACON& Tower with Radar,5,5,21,2,33,0,3,9,11,23,5,8,30,13,56,10,0,10,66
05/18/2023,FSM,AR,ASW,ES,Combined TRACON& Tower with Radar,5,3,19,5,32,0,1,35,4,40,5,4,54,9,72,14,0,14,86
05/19/2023,FSM,AR,ASW,ES,Combined TRACON& Tower with Radar,3,2,5,1,11,0,0,0,0,0,3,2,5,1,11,0,0,0,11
05/20/2023,FSM,AR,ASW,ES,Combined TRACON& Tower with Radar,5,2,8,6,21,0,1,21,1,23,5,3,29,7,44,0,0,0,44
05/21/2023,FSM,AR,ASW,ES,Combined TRACON& Tower with Radar,5,8,10,0,23,0,0,23,2,25,5,8,33,2,48,6,0,6,54
05/22/2023,FSM,AR,ASW,ES,Combined TRACON& Tower with Radar,5,4,17,4,30,0,2,25,4,31,5,6,42,8,61,12,8,20,81
05/23/2023,FSM,AR,ASW,ES,Combined TRACON& Tower with Radar,5,1,14,9,29,0,1,23,3,27,5,2,37,12,56,20,0,20,76
05/24/2023,FSM,AR,ASW,ES,Combined TRACON& Tower with Radar,5,3,23,0,31,0,0,17,6,23,5,3,40,6,54,18,0,18,72
05/25/2023,FSM,AR,ASW,ES,Combined TRACON& Tower with Radar,5,2,18,0,25,0,2,34,2,38,5,4,52,2,63,42,0,42,105
05/26/2023,FSM,AR,ASW,ES,Combined TRACON& Tower with Radar,5,1,7,2,15,0,0,12,2,14,5,1,19,4,29,0,0,0,29
05/27/2023,FSM,AR,ASW,ES,Combined TRACON& Tower with Radar,6,5,4,0,15,0,1,15,0,16,6,6,19,0,31,0,0,0,31
05/28/2023,FSM,AR,ASW,ES,Combined TRACON& Tower with Radar,6,5,3,0,14,0,0,16,0,16,6,5,19,0,30,0,0,0,30
05/29/2023,FSM,AR,ASW,ES,Combined TRACON& Tower with Radar,5,2,11,0,18,0,0,31,1,32,5,2,42,1,50,0,0,0,50
05/30/2023,FSM,AR,ASW,ES,Combined TRACON& Tower with Radar,5,2,6,2,15,0,0,15,3,18,5,2,21,5,33,14,0,14,47
05/31/2023,FSM,AR,ASW,ES,Combined TRACON& Tower with Radar,5,5,9,0,19,0,2,25,0,27,5,7,34,0,46,14,0,14,60
06/01/2023,FSM,AR,ASW,ES,Combined TRACON& Tower with Radar,5,3,18,1,27,0,2,31,0,33,5,5,49,1,60,4,0,4,64
06/02/2023,FSM,AR,ASW,ES,Combined TRACON& Tower with Radar,5,1,14,21,41,0,0,23,1,24,5,1,37,22,65,10,0,10,75
06/03/2023,FSM,AR,ASW,ES,Combined TRACON& Tower with Radar,5,4,11,0,20,0,0,4,0,4,5,4,15,0,24,0,0,0,24
06/04/2023,FSM,AR,ASW,ES,Combined TRACON& Tower with Radar,5,0,18,2,25,0,0,8,3,11,5,0,26,5,36,0,0,0,36
06/05/2023,FSM,AR,ASW,ES,Combined TRACON& Tower with Radar,5,0,11,1,17,0,1,4,1,6,5,1,15,2,23,0,0,0,23
06/06/2023,FSM,AR,ASW,ES,Combined TRACON& Tower with Radar,3,1,15,0,19,0,3,19,2,24,3,4,34,2,43,8,0,8,51
06/07/2023,FSM,AR,ASW,ES,Combined TRACON& Tower with Radar,5,0,5,2,12,0,1,22,3,26,5,1,27,5,38,18,24,42,80
06/08/2023,FSM,AR,ASW,ES,Combined TRACON& Tower with Radar,5,0,11,0,16,0,0,19,6,25,5,0,30,6,41,0,0,0,41
06/09/2023,FSM,AR,ASW,ES,Combined TRACON& Tower with Radar,5,9,9,2,25,0,0,7,2,9,5,9,16,4,34,12,0,12,46
06/10/2023,FSM,AR,ASW,ES,Combined TRACON& Tower with Radar,5,0,8,4,17,0,0,0,2,2,5,0,8,6,19,0,0,0,19
06/11/2023,FSM,AR,ASW,ES,Combined TRACON& Tower with Radar,7,0,10,0,17,0,0,9,3,12,7,0,19,3,29,0,0,0,29
06/12/2023,FSM,AR,ASW,ES,Combined TRACON& Tower with Radar,5,3,13,0,21,0,0,9,6,15,5,3,22,6,36,0,0,0,36
06/13/2023,FSM,AR,ASW,ES,Combined TRACON& Tower with Radar,5,5,18,2,30,0,1,21,8,30,5,6,39,10,60,3,1,4,64
06/14/2023,FSM,AR,ASW,ES,Combined TRACON& Tower with Radar,5,2,5,9,21,0,0,7,5,12,5,2,12,14,33,0,0,0,33
06/15/2023,FSM,AR,ASW,ES,Combined TRACON& Tower with Radar,5,2,20,6,33,0,0,28,5,33,5,2,48,11,66,34,13,47,113
06/16/2023,FSM,AR,ASW,ES,Combined TRACON& Tower with Radar,8,3,14,0,25,0,1,9,3,13,8,4,23,3,38,0,0,0,38
06/17/2023,FSM,AR,ASW,ES,Combined TRACON& Tower with Radar,5,2,9,0,16,0,0,9,0,9,5,2,18,0,25,14,0,14,39
06/18/2023,FSM,AR,ASW,ES,Combined TRACON& Tower with Radar,5,0,12,0,17,0,0,6,0,6,5,0,18,0,23,0,0,0,23
06/19/2023,FSM,AR,ASW,ES,Combined TRACON& Tower with Radar,5,2,7,0,14,0,0,13,5,18,5,2,20,5,32,38,0,38,70
06/20/2023,FSM,AR,ASW,ES,Combined TRACON& Tower with Radar,5,1,27,0,33,0,2,55,4,61,5,3,82,4,94,14,0,14,108
06/21/2023,FSM,AR,ASW,ES,Combined TRACON& Tower with Radar,5,2,13,0,20,0,3,25,1,29,5,5,38,1,49,12,0,12,61
06/22/2023,FSM,AR,ASW,ES,Combined TRACON& Tower with Radar,5,3,18,1,27,0,0,30,3,33,5,3,48,4,60,0,0,0,60
06/23/2023,FSM,AR,ASW,ES,Combined TRACON& Tower with Radar,5,2,22,0,29,0,0,52,0,52,5,2,74,0,81,2,0,2,83
06/24/2023,FSM,AR,ASW,ES,Combined TRACON& Tower with Radar,5,4,9,0,18,0,0,15,2,17,5,4,24,2,35,0,0,0,35
06/25/2023,FSM,AR,ASW,ES,Combined TRACON& Tower with Radar,5,5,15,0,25,0,0,9,1,10,5,5,24,1,35,8,0,8,43
06/26/2023,FSM,AR,ASW,ES,Combined TRACON& Tower with Radar,5,3,12,2,22,0,2,16,2,20,5,5,28,4,42,0,0,0,42
06/27/2023,FSM,AR,ASW,ES,Combined TRACON& Tower with Radar,5,1,17,0,23,0,2,16,0,18,5,3,33,0,41,20,0,20,61
06/28/2023,FSM,AR,ASW,ES,Combined TRACON& Tower with Radar,6,1,14,0,21,0,4,10,1,15,6,5,24,1,36,8,0,8,44
06/29/2023,FSM,AR,ASW,ES,Combined TRACON& Tower with Radar,8,4,19,1,32,0,0,18,0,18,8,4,37,1,50,24,0,24,74
06/30/2023,FSM,AR,ASW,ES,Combined TRACON& Tower with Radar,5,1,12,0,18,0,0,14,0,14,5,1,26,0,32,0,0,0,32
07/01/2023,FSM,AR,ASW,ES,Combined TRACON& Tower with Radar,5,4,16,0,25,0,0,16,0,16,5,4,32,0,41,22,0,22,63
07/02/2023,FSM,AR,ASW,ES,Combined TRACON& Tower with Radar,5,2,5,0,12,0,3,9,0,12,5,5,14,0,24,0,0,0,24
07/03/2023,FSM,AR,ASW,ES,Combined TRACON& Tower with Radar,4,1,10,0,15,0,0,11,0,11,4,1,21,0,26,0,0,0,26
07/04/2023,FSM,AR,ASW,ES,Combined TRACON& Tower with Radar,5,1,3,0,9,0,0,10,0,10,5,1,13,0,19,0,0,0,19
07/05/2023,FSM,AR,ASW,ES,Combined TRACON& Tower with Radar,5,2,5,2,14,0,0,19,0,19,5,2,24,2,33,4,0,4,37
07/06/2023,FSM,AR,ASW,ES,Combined TRACON& Tower with Radar,7,0,4,1,12,0,0,7,0,7,7,0,11,1,19,0,0,0,19
07/07/2023,FSM,AR,ASW,ES,Combined TRACON& Tower with Radar,7,2,13,8,30,0,0,15,0,15,7,2,28,8,45,0,0,0,45
07/08/2023,FSM,AR,ASW,ES,Combined TRACON& Tower with Radar,7,6,6,0,19,0,0,7,0,7,7,6,13,0,26,0,0,0,26
07/09/2023,FSM,AR,ASW,ES,Combined TRACON& Tower with Radar,7,0,5,2,14,0,0,6,0,6,7,0,11,2,20,0,0,0,20
07/10/2023,FSM,AR,ASW,ES,Combined TRACON& Tower with Radar,7,0,12,1,20,0,0,16,4,20,7,0,28,5,40,56,6,62,102
07/11/2023,FSM,AR,ASW,ES,Combined TRACON& Tower with Radar,5,2,16,0,23,0,0,8,1,9,5,2,24,1,32,24,0,24,56
07/12/2023,FSM,AR,ASW,ES,Combined TRACON& Tower with Radar,5,4,17,0,26,0,0,30,4,34,5,4,47,4,60,0,0,0,60
07/13/2023,FSM,AR,ASW,ES,Combined TRACON& Tower with Radar,7,3,19,0,29,0,0,23,0,23,7,3,42,0,52,0,0,0,52
07/14/2023,FSM,AR,ASW,ES,Combined TRACON& Tower with Radar,9,6,6,5,26,0,0,8,3,11,9,6,14,8,37,0,0,0,37
07/15/2023,FSM,AR,ASW,ES,Combined TRACON& Tower with Radar,8,6,10,0,24,0,0,19,1,20,8,6,29,1,44,21,0,21,65
07/16/2023,FSM,AR,ASW,ES,Combined TRACON& Tower with Radar,5,5,11,2,23,0,0,19,1,20,5,5,30,3,43,0,0,0,43
07/17/2023,FSM,AR,ASW,ES,Combined TRACON& Tower with Radar,7,4,17,0,28,0,0,36,0,36,7,4,53,0,64,8,0,8,72
07/18/2023,FSM,AR,ASW,ES,Combined TRACON& Tower with Radar,5,7,14,1,27,0,0,27,4,31,5,7,41,5,58,28,0,28,86
07/19/2023,FSM,AR,ASW,ES,Combined TRACON& Tower with Radar,5,5,11,0,21,0,1,24,7,32,5,6,35,7,53,0,0,0,53
07/20/2023,FSM,AR,ASW,ES,Combined TRACON& Tower with Radar,7,5,21,0,33,0,0,27,6,33,7,5,48,6,66,11,22,33,99
07/21/2023,FSM,AR,ASW,ES,Combined TRACON& Tower with Radar,7,7,13,0,27,0,0,24,0,24,7,7,37,0,51,14,0,14,65
07/22/2023,FSM,AR,ASW,ES,Combined TRACON& Tower with Radar,7,1,13,2,23,0,0,13,0,13,7,1,26,2,36,0,0,0,36
07/23/2023,FSM,AR,ASW,ES,Combined TRACON& Tower with Radar,7,4,12,2,25,0,0,13,0,13,7,4,25,2,38,0,0,0,38
07/24/2023,FSM,AR,ASW,ES,Combined TRACON& Tower with Radar,7,1,15,1,24,0,0,14,4,18,7,1,29,5,42,0,0,0,42
07/25/2023,FSM,AR,ASW,ES,Combined TRACON& Tower with Radar,5,4,11,7,27,0,0,16,2,18,5,4,27,9,45,12,0,12,57
07/26/2023,FSM,AR,ASW,ES,Combined TRACON& Tower with Radar,5,4,16,4,29,0,0,21,3,24,5,4,37,7,53,26,0,26,79
07/27/2023,FSM,AR,ASW,ES,Combined TRACON& Tower with Radar,7,2,20,3,32,0,0,36,9,45,7,2,56,12,77,20,0,20,97
07/28/2023,FSM,AR,ASW,ES,Combined TRACON& Tower with Radar,7,0,5,8,20,0,0,32,3,35,7,0,37,11,55,12,0,12,67
07/29/2023,FSM,AR,ASW,ES,Combined TRACON& Tower with Radar,7,3,9,0,19,0,0,28,2,30,7,3,37,2,49,14,0,14,63
07/30/2023,FSM,AR,ASW,ES,Combined TRACON& Tower with Radar,7,4,5,0,16,0,0,20,0,20,7,4,25,0,36,42,0,42,78
07/31/2023,FSM,AR,ASW,ES,Combined TRACON& Tower with Radar,7,8,14,6,35,0,1,27,3,31,7,9,41,9,66,0,0,0,66
08/01/2023,FSM,AR,ASW,ES,Combined TRACON& Tower with Radar,5,2,5,8,20,0,0,24,5,29,5,2,29,13,49,0,0,0,49
08/02/2023,FSM,AR,ASW,ES,Combined TRACON& Tower with Radar,5,2,7,1,15,0,1,14,3,18,5,3,21,4,33,0,0,0,33
08/03/2023,FSM,AR,ASW,ES,Combined TRACON& Tower with Radar,7,5,15,8,35,0,0,17,6,23,7,5,32,14,58,0,1,1,59
08/04/2023,FSM,AR,ASW,ES,Combined TRACON& Tower with Radar,5,2,7,0,14,0,2,14,1,17,5,4,21,1,31,0,0,0,31
08/05/2023,FSM,AR,ASW,ES,Combined TRACON& Tower with Radar,5,1,4,2,12,0,0,7,1,8,5,1,11,3,20,0,0,0,20
08/06/2023,FSM,AR,ASW,ES,Combined TRACON& Tower with Radar,4,2,9,0,15,0,1,22,0,23,4,3,31,0,38,6,0,6,44
08/07/2023,FSM,AR,ASW,ES,Combined TRACON& Tower with Radar,7,2,13,3,25,0,0,10,1,11,7,2,23,4,36,6,0,6,42
08/08/2023,FSM,AR,ASW,ES,Combined TRACON& Tower with Radar,5,3,13,6,27,0,0,18,3,21,5,3,31,9,48,20,0,20,68
08/09/2023,FSM,AR,ASW,ES,Combined TRACON& Tower with Radar,8,4,15,5,32,0,0,8,0,8,8,4,23,5,40,0,0,0,40
08/10/2023,FSM,AR,ASW,ES,Combined TRACON& Tower with Radar,5,1,18,1,25,0,0,31,2,33,5,1,49,3,58,10,0,10,68
08/11/2023,FSM,AR,ASW,ES,Combined TRACON& Tower with Radar,5,1,13,3,22,0,0,32,1,33,5,1,45,4,55,4,0,4,59
08/12/2023,FSM,AR,ASW,ES,Combined TRACON& Tower with Radar,5,0,11,2,18,0,0,28,0,28,5,0,39,2,46,30,0,30,76
08/13/2023,FSM,AR,ASW,ES,Combined TRACON& Tower with Radar,4,4,13,0,21,0,1,18,0,19,4,5,31,0,40,8,0,8,48
08/14/2023,FSM,AR,ASW,ES,Combined TRACON& Tower with Radar,5,3,16,2,26,0,1,9,5,15,5,4,25,7,41,18,0,18,59
08/15/2023,FSM,AR,ASW,ES,Combined TRACON& Tower with Radar,7,0,13,2,22,0,0,25,4,29,7,0,38,6,51,6,0,6,57
08/16/2023,FSM,AR,ASW,ES,Combined TRACON& Tower with Radar,4,6,17,2,29,1,0,24,5,30,5,6,41,7,59,3,0,3,62
08/17/2023,FSM,AR,ASW,ES,Combined TRACON& Tower with Radar,6,1,12,4,23,0,0,28,7,35,6,1,40,11,58,52,0,52,110
08/18/2023,FSM,AR,ASW,ES,Combined TRACON& Tower with Radar,5,0,16,2,23,0,1,25,0,26,5,1,41,2,49,23,0,23,72
08/19/2023,FSM,AR,ASW,ES,Combined TRACON& Tower with Radar,5,0,9,0,14,0,0,26,0,26,5,0,35,0,40,0,0,0,40
08/20/2023,FSM,AR,ASW,ES,Combined TRACON& Tower with Radar,5,1,7,6,19,0,0,14,5,19,5,1,21,11,38,6,0,6,44
08/21/2023,FSM,AR,ASW,ES,Combined TRACON& Tower with Radar,5,3,9,6,23,0,0,17,1,18,5,3,26,7,41,8,0,8,49
08/22/2023,FSM,AR,ASW,ES,Combined TRACON& Tower with Radar,5,2,9,2,18,2,0,20,4,26,7,2,29,6,44,0,0,0,44
08/23/2023,FSM,AR,ASW,ES,Combined TRACON& Tower with Radar,5,1,14,0,20,0,0,22,0,22,5,1,36,0,42,18,0,18,60
08/24/2023,FSM,AR,ASW,ES,Combined TRACON& Tower with Radar,5,3,10,2,20,0,0,7,1,8,5,3,17,3,28,14,0,14,42
08/25/2023,FSM,AR,ASW,ES,Combined TRACON& Tower with Radar,5,2,12,0,19,0,0,17,0,17,5,2,29,0,36,32,0,32,68
08/26/2023,FSM,AR,ASW,ES,Combined TRACON& Tower with Radar,5,3,15,0,23,0,0,11,0,11,5,3,26,0,34,0,0,0,34
08/27/2023,FSM,AR,ASW,ES,Combined TRACON& Tower with Radar,5,4,9,0,18,0,0,9,0,9,5,4,18,0,27,0,0,0,27
08/28/2023,FSM,AR,ASW,ES,Combined TRACON& Tower with Radar,5,5,13,1,24,0,0,14,1,15,5,5,27,2,39,58,0,58,97
08/29/2023,FSM,AR,ASW,ES,Combined TRACON& Tower with Radar,5,15,21,0,41,0,2,39,1,42,5,17,60,1,83,0,0,0,83
08/30/2023,FSM,AR,ASW,ES,Combined TRACON& Tower with Radar,5,3,15,2,25,0,1,29,1,31,5,4,44,3,56,9,0,9,65
08/31/2023,FSM,AR,ASW,ES,Combined TRACON& Tower with Radar,5,15,27,3,50,0,3,23,2,28,5,18,50,5,78,70,0,70,148
