01/01/2020,FTW,TX,ASW,CE,Towers with Radar,0,15,55,0,70,0,12,50,0,62,0,27,105,0,132,8,0,8,140
01/02/2020,FTW,TX,ASW,CE,Towers with Radar,0,18,89,0,107,0,6,167,0,173,0,24,256,0,280,240,0,240,520
01/03/2020,FTW,TX,ASW,CE,Towers with Radar,0,22,70,0,92,0,2,144,0,146,0,24,214,0,238,234,0,234,472
01/04/2020,FTW,TX,ASW,CE,Towers with Radar,4,32,62,3,101,0,5,200,0,205,4,37,262,3,306,362,6,368,674
01/05/2020,FTW,TX,ASW,CE,Towers with Radar,0,28,58,1,87,0,0,100,0,100,0,28,158,1,187,150,0,150,337
01/06/2020,FTW,TX,ASW,CE,Towers with Radar,0,13,64,2,79,0,5,176,0,181,0,18,240,2,260,318,0,318,578
01/07/2020,FTW,TX,ASW,CE,Towers with Radar,0,13,101,1,115,0,1,178,1,180,0,14,279,2,295,506,0,506,801
01/08/2020,FTW,TX,ASW,CE,Towers with Radar,0,17,100,3,120,0,4,158,1,163,0,21,258,4,283,284,4,288,571
01/09/2020,FTW,TX,ASW,CE,Towers with Radar,0,28,94,5,127,0,3,37,0,40,0,31,131,5,167,148,0,148,315
01/10/2020,FTW,TX,ASW,CE,Towers with Radar,0,19,50,4,73,0,0,10,0,10,0,19,60,4,83,66,0,66,149
01/11/2020,FTW,TX,ASW,CE,Towers with Radar,1,28,55,17,101,0,2,85,0,87,1,30,140,17,188,286,6,292,480
01/12/2020,FTW,TX,ASW,CE,Towers with Radar,0,27,67,8,102,0,2,113,3,118,0,29,180,11,220,104,0,104,324
01/13/2020,FTW,TX,ASW,CE,Towers with Radar,0,19,68,1,88,0,3,9,0,12,0,22,77,1,100,10,0,10,110
01/14/2020,FTW,TX,ASW,CE,Towers with Radar,0,22,90,5,117,0,0,117,0,117,0,22,207,5,234,376,0,376,610
01/15/2020,FTW,TX,ASW,CE,Towers with Radar,0,24,78,4,106,0,0,65,0,65,0,24,143,4,171,272,0,272,443
01/16/2020,FTW,TX,ASW,CE,Towers with Radar,0,23,61,1,85,0,1,3,0,4,0,24,64,1,89,50,0,50,139
01/17/2020,FTW,TX,ASW,CE,Towers with Radar,0,24,67,2,93,0,0,0,0,0,0,24,67,2,93,0,0,0,93
01/18/2020,FTW,TX,ASW,CE,Towers with Radar,0,24,57,1,82,0,4,178,3,185,0,28,235,4,267,292,0,292,559
01/19/2020,FTW,TX,ASW,CE,Towers with Radar,0,15,60,1,76,0,7,153,0,160,0,22,213,1,236,166,0,166,402
01/20/2020,FTW,TX,ASW,CE,Towers with Radar,2,34,111,3,150,0,4,190,1,195,2,38,301,4,345,350,0,350,695
01/21/2020,FTW,TX,ASW,CE,Towers with Radar,2,27,85,4,118,0,7,204,1,212,2,34,289,5,330,287,0,287,617
01/22/2020,FTW,TX,ASW,CE,Towers with Radar,1,15,52,2,70,0,0,1,0,1,1,15,53,2,71,0,0,0,71
01/23/2020,FTW,TX,ASW,CE,Towers with Radar,0,25,96,2,123,0,4,150,0,154,0,29,246,2,277,310,0,310,587
01/24/2020,FTW,TX,ASW,CE,Towers with Radar,1,30,86,4,121,0,7,229,1,237,1,37,315,5,358,278,0,278,636
01/25/2020,FTW,TX,ASW,CE,Towers with Radar,0,19,57,21,97,0,3,176,0,179,0,22,233,21,276,178,12,190,466
01/26/2020,FTW,TX,ASW,CE,Towers with Radar,2,19,117,11,149,0,4,80,0,84,2,23,197,11,233,132,0,132,365
01/27/2020,FTW,TX,ASW,CE,Towers with Radar,0,26,58,5,89,0,0,115,1,116,0,26,173,6,205,258,0,258,463
01/28/2020,FTW,TX,ASW,CE,Towers with Radar,0,17,63,12,92,0,3,10,0,13,0,20,73,12,105,0,0,0,105
01/29/2020,FTW,TX,ASW,CE,Towers with Radar,0,25,88,5,118,0,1,40,0,41,0,26,128,5,159,186,0,186,345
01/30/2020,FTW,TX,ASW,CE,Towers with Radar,0,31,82,13,126,0,0,22,0,22,0,31,104,13,148,252,0,252,400
01/31/2020,FTW,TX,ASW,CE,Towers with Radar,1,19,76,18,114,0,7,193,0,200,1,26,269,18,314,284,2,286,600
02/01/2020,FTW,TX,ASW,CE,Towers with Radar,0,23,45,28,96,0,7,207,7,221,0,30,252,35,317,182,46,228,545
02/02/2020,FTW,TX,ASW,CE,Towers with Radar,0,25,64,13,102,0,2,110,2,114,0,27,174,15,216,66,0,66,282
02/03/2020,FTW,TX,ASW,CE,Towers with Radar,0,10,76,3,89,0,7,70,1,78,0,17,146,4,167,184,0,184,351
02/04/2020,FTW,TX,ASW,CE,Towers with Radar,0,25,72,0,97,0,1,11,0,12,0,26,83,0,109,6,0,6,115
02/05/2020,FTW,TX,ASW,CE,Towers with Radar,1,15,41,0,57,0,0,2,0,2,1,15,43,0,59,54,0,54,113
02/06/2020,FTW,TX,ASW,CE,Towers with Radar,0,27,88,0,115,0,5,151,1,157,0,32,239,1,272,516,0,516,788
02/07/2020,FTW,TX,ASW,CE,Towers with Radar,0,34,106,4,144,0,9,222,0,231,0,43,328,4,375,390,0,390,765
02/08/2020,FTW,TX,ASW,CE,Towers with Radar,1,20,75,16,112,0,9,192,3,204,1,29,267,19,316,266,4,270,586
02/09/2020,FTW,TX,ASW,CE,Towers with Radar,0,18,55,10,83,0,1,22,0,23,0,19,77,10,106,0,0,0,106
02/10/2020,FTW,TX,ASW,CE,Towers with Radar,0,31,61,0,92,0,0,22,0,22,0,31,83,0,114,54,0,54,168
02/11/2020,FTW,TX,ASW,CE,Towers with Radar,1,25,60,0,86,0,0,11,1,12,1,25,71,1,98,2,0,2,100
02/12/2020,FTW,TX,ASW,CE,Towers with Radar,0,34,73,1,108,0,1,21,0,22,0,35,94,1,130,150,0,150,280
02/13/2020,FTW,TX,ASW,CE,Towers with Radar,0,49,88,2,139,0,2,131,0,133,0,51,219,2,272,644,0,644,916
02/14/2020,FTW,TX,ASW,CE,Towers with Radar,0,36,90,4,130,0,3,259,1,263,0,39,349,5,393,326,0,326,719
02/15/2020,FTW,TX,ASW,CE,Towers with Radar,1,29,81,4,115,0,11,186,0,197,1,40,267,4,312,216,0,216,528
02/16/2020,FTW,TX,ASW,CE,Towers with Radar,0,20,70,0,90,0,8,137,0,145,0,28,207,0,235,146,0,146,381
02/17/2020,FTW,TX,ASW,CE,Towers with Radar,0,29,120,2,151,0,4,212,0,216,0,33,332,2,367,476,0,476,843
02/18/2020,FTW,TX,ASW,CE,Towers with Radar,0,23,82,4,109,0,4,65,0,69,0,27,147,4,178,256,0,256,434
02/19/2020,FTW,TX,ASW,CE,Towers with Radar,0,16,82,1,99,0,4,44,2,50,0,20,126,3,149,204,0,204,353
02/20/2020,FTW,TX,ASW,CE,Towers with Radar,0,34,133,0,167,0,3,67,0,70,0,37,200,0,237,170,0,170,407
02/21/2020,FTW,TX,ASW,CE,Towers with Radar,1,30,99,5,135,0,4,287,2,293,1,34,386,7,428,532,0,532,960
02/22/2020,FTW,TX,ASW,CE,Towers with Radar,1,16,58,7,82,0,4,196,1,201,1,20,254,8,283,402,0,402,685
02/23/2020,FTW,TX,ASW,CE,Towers with Radar,0,24,101,2,127,0,1,15,1,17,0,25,116,3,144,20,0,20,164
02/24/2020,FTW,TX,ASW,CE,Towers with Radar,0,24,78,0,102,0,1,90,2,93,0,25,168,2,195,46,0,46,241
02/25/2020,FTW,TX,ASW,CE,Towers with Radar,0,35,80,2,117,0,4,197,0,201,0,39,277,2,318,296,0,296,614
02/26/2020,FTW,TX,ASW,CE,Towers with Radar,0,27,68,13,108,0,3,60,4,67,0,30,128,17,175,114,62,176,351
02/27/2020,FTW,TX,ASW,CE,Towers with Radar,0,35,88,7,130,0,1,244,3,248,0,36,332,10,378,478,0,478,856
02/28/2020,FTW,TX,ASW,CE,Towers with Radar,0,32,84,10,126,0,15,241,0,256,0,47,325,10,382,642,0,642,1024
02/29/2020,FTW,TX,ASW,CE,Towers with Radar,0,13,38,19,70,0,8,168,7,183,0,21,206,26,253,201,4,205,458
03/01/2020,FTW,TX,ASW,CE,Towers with Radar,0,21,52,9,82,0,3,37,3,43,0,24,89,12,125,4,16,20,145
03/02/2020,FTW,TX,ASW,CE,Towers with Radar,0,8,77,5,90,0,3,128,1,132,0,11,205,6,222,638,0,638,860
03/03/2020,FTW,TX,ASW,CE,Towers with Radar,0,20,73,4,97,0,1,152,1,154,0,21,225,5,251,574,12,586,837
03/04/2020,FTW,TX,ASW,CE,Towers with Radar,0,20,59,0,79,0,2,9,0,11,0,22,68,0,90,28,0,28,118
03/05/2020,FTW,TX,ASW,CE,Towers with Radar,0,26,97,5,128,0,5,218,0,223,0,31,315,5,351,872,0,872,1223
03/06/2020,FTW,TX,ASW,CE,Towers with Radar,0,44,118,10,172,0,10,224,0,234,0,54,342,10,406,566,0,566,972
03/07/2020,FTW,TX,ASW,CE,Towers with Radar,0,35,60,26,121,0,3,130,2,135,0,38,190,28,256,274,0,274,530
03/08/2020,FTW,TX,ASW,CE,Towers with Radar,1,23,58,12,94,0,5,29,0,34,1,28,87,12,128,20,0,20,148
03/09/2020,FTW,TX,ASW,CE,Towers with Radar,1,15,70,0,86,0,7,36,0,43,1,22,106,0,129,168,0,168,297
03/10/2020,FTW,TX,ASW,CE,Towers with Radar,1,20,82,8,111,0,12,209,2,223,1,32,291,10,334,632,16,648,982
03/11/2020,FTW,TX,ASW,CE,Towers with Radar,3,32,65,4,104,0,6,146,3,155,3,38,211,7,259,340,0,340,599
03/12/2020,FTW,TX,ASW,CE,Towers with Radar,2,38,96,3,139,0,7,137,1,145,2,45,233,4,284,228,0,228,512
03/13/2020,FTW,TX,ASW,CE,Towers with Radar,6,26,43,3,78,0,0,0,0,0,6,26,43,3,78,0,0,0,78
03/14/2020,FTW,TX,ASW,CE,Towers with Radar,0,40,42,2,84,0,0,0,0,0,0,40,42,2,84,8,0,8,92
03/15/2020,FTW,TX,ASW,CE,Towers with Radar,0,45,66,1,112,0,0,4,0,4,0,45,70,1,116,0,0,0,116
03/16/2020,FTW,TX,ASW,CE,Towers with Radar,0,19,42,0,61,0,1,28,1,30,0,20,70,1,91,46,0,46,137
03/17/2020,FTW,TX,ASW,CE,Towers with Radar,0,16,44,0,60,0,1,2,1,4,0,17,46,1,64,8,0,8,72
03/18/2020,FTW,TX,ASW,CE,Towers with Radar,0,12,44,0,56,0,2,32,1,35,0,14,76,1,91,154,0,154,245
03/19/2020,FTW,TX,ASW,CE,Towers with Radar,0,8,29,1,38,0,4,33,2,39,0,12,62,3,77,64,0,64,141
03/20/2020,FTW,TX,ASW,CE,Towers with Radar,0,17,32,2,51,0,8,25,0,33,0,25,57,2,84,124,0,124,208
03/21/2020,FTW,TX,ASW,CE,Towers with Radar,1,9,23,6,39,0,2,31,0,33,1,11,54,6,72,44,0,44,116
03/22/2020,FTW,TX,ASW,CE,Towers with Radar,0,7,31,2,40,0,0,3,0,3,0,7,34,2,43,0,0,0,43
03/23/2020,FTW,TX,ASW,CE,Towers with Radar,0,8,30,2,40,0,1,3,0,4,0,9,33,2,44,0,0,0,44
03/24/2020,FTW,TX,ASW,CE,Towers with Radar,0,9,17,2,28,0,2,75,3,80,0,11,92,5,108,98,16,114,222
03/25/2020,FTW,TX,ASW,CE,Towers with Radar,1,11,11,0,23,0,15,47,0,62,1,26,58,0,85,98,0,98,183
03/26/2020,FTW,TX,ASW,CE,Towers with Radar,0,6,40,2,48,0,0,72,0,72,0,6,112,2,120,66,0,66,186
03/27/2020,FTW,TX,ASW,CE,Towers with Radar,0,14,28,4,46,0,6,30,7,43,0,20,58,11,89,50,0,50,139
03/28/2020,FTW,TX,ASW,CE,Towers with Radar,0,3,11,2,16,0,0,45,4,49,0,3,56,6,65,42,0,42,107
03/29/2020,FTW,TX,ASW,CE,Towers with Radar,0,5,16,1,22,0,1,55,0,56,0,6,71,1,78,58,0,58,136
03/30/2020,FTW,TX,ASW,CE,Towers with Radar,1,5,23,8,37,0,5,7,0,12,1,10,30,8,49,6,0,6,55
03/31/2020,FTW,TX,ASW,CE,Towers with Radar,0,4,32,4,40,0,3,58,0,61,0,7,90,4,101,210,0,210,311
04/01/2020,FTW,TX,ASW,CE,Towers with Radar,0,9,25,0,34,0,5,80,1,86,0,14,105,1,120,178,0,178,298
04/02/2020,FTW,TX,ASW,CE,Towers with Radar,0,1,14,0,15,0,2,30,0,32,0,3,44,0,47,126,0,126,173
04/03/2020,FTW,TX,ASW,CE,Towers with Radar,0,5,14,0,19,0,0,4,0,4,0,5,18,0,23,0,0,0,23
04/04/2020,FTW,TX,ASW,CE,Towers with Radar,0,3,12,0,15,0,0,8,0,8,0,3,20,0,23,0,0,0,23
04/05/2020,FTW,TX,ASW,CE,Towers with Radar,0,1,20,0,21,0,1,7,0,8,0,2,27,0,29,32,0,32,61
04/06/2020,FTW,TX,ASW,CE,Towers with Radar,0,5,27,0,32,0,0,34,0,34,0,5,61,0,66,162,0,162,228
04/07/2020,FTW,TX,ASW,CE,Towers with Radar,0,1,36,6,43,0,5,122,0,127,0,6,158,6,170,308,0,308,478
04/08/2020,FTW,TX,ASW,CE,Towers with Radar,0,9,28,0,37,0,4,121,0,125,0,13,149,0,162,314,0,314,476
04/09/2020,FTW,TX,ASW,CE,Towers with Radar,0,13,28,0,41,0,0,105,0,105,0,13,133,0,146,414,0,414,560
04/10/2020,FTW,TX,ASW,CE,Towers with Radar,0,10,40,0,50,0,2,130,0,132,0,12,170,0,182,476,0,476,658
04/11/2020,FTW,TX,ASW,CE,Towers with Radar,0,2,15,0,17,0,2,7,0,9,0,4,22,0,26,20,0,20,46
04/12/2020,FTW,TX,ASW,CE,Towers with Radar,0,9,7,0,16,0,5,20,0,25,0,14,27,0,41,26,0,26,67
04/13/2020,FTW,TX,ASW,CE,Towers with Radar,0,3,31,0,34,0,5,107,0,112,0,8,138,0,146,222,0,222,368
04/14/2020,FTW,TX,ASW,CE,Towers with Radar,0,4,26,0,30,0,7,73,0,80,0,11,99,0,110,302,0,302,412
04/15/2020,FTW,TX,ASW,CE,Towers with Radar,0,10,27,4,41,0,0,167,1,168,0,10,194,5,209,374,10,384,593
04/16/2020,FTW,TX,ASW,CE,Towers with Radar,0,2,48,0,50,0,4,138,0,142,0,6,186,0,192,306,0,306,498
04/17/2020,FTW,TX,ASW,CE,Towers with Radar,0,9,32,0,41,0,3,22,0,25,0,12,54,0,66,78,0,78,144
04/18/2020,FTW,TX,ASW,CE,Towers with Radar,0,2,10,0,12,0,5,73,0,78,0,7,83,0,90,264,0,264,354
04/19/2020,FTW,TX,ASW,CE,Towers with Radar,0,8,16,0,24,0,1,32,0,33,0,9,48,0,57,14,0,14,71
04/20/2020,FTW,TX,ASW,CE,Towers with Radar,0,4,42,0,46,0,2,75,0,77,0,6,117,0,123,286,0,286,409
04/21/2020,FTW,TX,ASW,CE,Towers with Radar,0,3,45,0,48,0,0,107,2,109,0,3,152,2,157,298,4,302,459
04/22/2020,FTW,TX,ASW,CE,Towers with Radar,0,4,8,1,13,0,3,5,0,8,0,7,13,1,21,6,0,6,27
04/23/2020,FTW,TX,ASW,CE,Towers with Radar,0,2,40,0,42,0,7,174,0,181,0,9,214,0,223,452,0,452,675
04/24/2020,FTW,TX,ASW,CE,Towers with Radar,0,8,30,2,40,0,3,92,1,96,0,11,122,3,136,96,0,96,232
04/25/2020,FTW,TX,ASW,CE,Towers with Radar,0,10,13,0,23,0,6,79,0,85,0,16,92,0,108,178,0,178,286
04/26/2020,FTW,TX,ASW,CE,Towers with Radar,0,12,22,0,34,0,8,82,0,90,0,20,104,0,124,140,0,140,264
04/27/2020,FTW,TX,ASW,CE,Towers with Radar,0,10,33,1,44,0,13,51,1,65,0,23,84,2,109,42,0,42,151
04/28/2020,FTW,TX,ASW,CE,Towers with Radar,0,0,24,1,25,0,6,45,1,52,0,6,69,2,77,86,0,86,163
04/29/2020,FTW,TX,ASW,CE,Towers with Radar,0,3,40,2,45,0,6,72,2,80,0,9,112,4,125,46,0,46,171
04/30/2020,FTW,TX,ASW,CE,Towers with Radar,0,14,39,0,53,0,1,219,3,223,0,15,258,3,276,332,10,342,618
05/01/2020,FTW,TX,ASW,CE,Towers with Radar,0,14,31,1,46,0,3,69,0,72,0,17,100,1,118,112,0,112,230
05/02/2020,FTW,TX,ASW,CE,Towers with Radar,0,8,21,0,29,0,1,40,0,41,0,9,61,0,70,5,0,5,75
05/03/2020,FTW,TX,ASW,CE,Towers with Radar,0,9,31,0,40,0,0,72,0,72,0,9,103,0,112,26,0,26,138
05/04/2020,FTW,TX,ASW,CE,Towers with Radar,0,5,35,0,40,0,13,80,0,93,0,18,115,0,133,138,0,138,271
05/05/2020,FTW,TX,ASW,CE,Towers with Radar,0,9,42,0,51,0,4,98,0,102,0,13,140,0,153,184,0,184,337
05/06/2020,FTW,TX,ASW,CE,Towers with Radar,0,4,54,3,61,0,15,170,1,186,0,19,224,4,247,530,0,530,777
05/07/2020,FTW,TX,ASW,CE,Towers with Radar,0,11,47,0,58,0,5,77,0,82,0,16,124,0,140,252,0,252,392
05/08/2020,FTW,TX,ASW,CE,Towers with Radar,0,14,39,0,53,0,1,27,0,28,0,15,66,0,81,42,0,42,123
05/09/2020,FTW,TX,ASW,CE,Towers with Radar,0,7,27,0,34,0,7,173,0,180,0,14,200,0,214,298,0,298,512
05/10/2020,FTW,TX,ASW,CE,Towers with Radar,0,10,25,0,35,0,3,113,0,116,0,13,138,0,151,126,0,126,277
05/11/2020,FTW,TX,ASW,CE,Towers with Radar,0,9,41,4,54,0,0,145,0,145,0,9,186,4,199,140,0,140,339
05/12/2020,FTW,TX,ASW,CE,Towers with Radar,0,10,20,0,30,0,2,26,0,28,0,12,46,0,58,76,0,76,134
05/13/2020,FTW,TX,ASW,CE,Towers with Radar,0,12,43,0,55,0,0,48,0,48,0,12,91,0,103,118,0,118,221
05/14/2020,FTW,TX,ASW,CE,Towers with Radar,0,13,73,1,87,0,2,103,0,105,0,15,176,1,192,164,0,164,356
05/15/2020,FTW,TX,ASW,CE,Towers with Radar,0,10,50,1,61,0,5,53,0,58,0,15,103,1,119,152,0,152,271
05/16/2020,FTW,TX,ASW,CE,Towers with Radar,0,10,20,0,30,0,1,1,0,2,0,11,21,0,32,0,0,0,32
05/17/2020,FTW,TX,ASW,CE,Towers with Radar,0,17,36,0,53,0,4,87,0,91,0,21,123,0,144,96,0,96,240
05/18/2020,FTW,TX,ASW,CE,Towers with Radar,0,14,44,0,58,0,8,220,0,228,0,22,264,0,286,344,0,344,630
05/19/2020,FTW,TX,ASW,CE,Towers with Radar,0,10,62,0,72,0,12,186,0,198,0,22,248,0,270,384,0,384,654
05/20/2020,FTW,TX,ASW,CE,Towers with Radar,0,11,69,0,80,0,1,48,0,49,0,12,117,0,129,248,0,248,377
05/21/2020,FTW,TX,ASW,CE,Towers with Radar,0,18,83,0,101,0,1,47,0,48,0,19,130,0,149,102,0,102,251
05/22/2020,FTW,TX,ASW,CE,Towers with Radar,0,15,58,1,74,0,0,64,1,65,0,15,122,2,139,212,0,212,351
05/23/2020,FTW,TX,ASW,CE,Towers with Radar,0,11,31,2,44,0,2,54,2,58,0,13,85,4,102,92,0,92,194
05/24/2020,FTW,TX,ASW,CE,Towers with Radar,0,23,14,3,40,0,2,16,1,19,0,25,30,4,59,48,0,48,107
05/25/2020,FTW,TX,ASW,CE,Towers with Radar,0,14,32,0,46,0,2,13,0,15,0,16,45,0,61,24,0,24,85
05/26/2020,FTW,TX,ASW,CE,Towers with Radar,0,6,67,2,75,0,2,70,0,72,0,8,137,2,147,178,0,178,325
05/27/2020,FTW,TX,ASW,CE,Towers with Radar,0,15,45,0,60,0,0,140,0,140,0,15,185,0,200,394,0,394,594
05/28/2020,FTW,TX,ASW,CE,Towers with Radar,0,28,74,0,102,0,4,181,0,185,0,32,255,0,287,346,0,346,633
05/29/2020,FTW,TX,ASW,CE,Towers with Radar,0,13,99,1,113,0,2,180,1,183,0,15,279,2,296,236,0,236,532
05/30/2020,FTW,TX,ASW,CE,Towers with Radar,0,15,36,3,54,0,1,196,0,197,0,16,232,3,251,298,2,300,551
05/31/2020,FTW,TX,ASW,CE,Towers with Radar,0,6,55,1,62,0,6,97,0,103,0,12,152,1,165,150,0,150,315
06/01/2020,FTW,TX,ASW,CE,Towers with Radar,0,8,62,3,73,0,3,176,1,180,0,11,238,4,253,343,0,343,596
06/02/2020,FTW,TX,ASW,CE,Towers with Radar,0,15,55,3,73,0,1,129,0,130,0,16,184,3,203,340,0,340,543
06/03/2020,FTW,TX,ASW,CE,Towers with Radar,0,7,61,0,68,0,8,152,0,160,0,15,213,0,228,300,0,300,528
06/04/2020,FTW,TX,ASW,CE,Towers with Radar,0,11,67,2,80,0,3,129,0,132,0,14,196,2,212,220,0,220,432
06/05/2020,FTW,TX,ASW,CE,Towers with Radar,0,22,75,0,97,0,8,137,0,145,0,30,212,0,242,328,0,328,570
06/06/2020,FTW,TX,ASW,CE,Towers with Radar,0,16,28,0,44,0,4,90,0,94,0,20,118,0,138,140,0,140,278
06/07/2020,FTW,TX,ASW,CE,Towers with Radar,0,17,40,0,57,0,5,65,0,70,0,22,105,0,127,50,0,50,177
06/08/2020,FTW,TX,ASW,CE,Towers with Radar,0,44,63,2,109,0,0,128,0,128,0,44,191,2,237,300,0,300,537
06/09/2020,FTW,TX,ASW,CE,Towers with Radar,0,18,76,1,95,0,0,61,0,61,0,18,137,1,156,44,0,44,200
06/10/2020,FTW,TX,ASW,CE,Towers with Radar,0,16,89,1,106,0,5,110,0,115,0,21,199,1,221,168,0,168,389
06/11/2020,FTW,TX,ASW,CE,Towers with Radar,0,32,98,0,130,0,2,120,2,124,0,34,218,2,254,198,0,198,452
06/12/2020,FTW,TX,ASW,CE,Towers with Radar,0,40,67,0,107,0,1,147,0,148,0,41,214,0,255,444,0,444,699
06/13/2020,FTW,TX,ASW,CE,Towers with Radar,0,27,54,0,81,0,3,121,0,124,0,30,175,0,205,218,0,218,423
06/14/2020,FTW,TX,ASW,CE,Towers with Radar,0,37,73,0,110,0,2,99,1,102,0,39,172,1,212,76,0,76,288
06/15/2020,FTW,TX,ASW,CE,Towers with Radar,4,32,75,0,111,0,2,186,1,189,4,34,261,1,300,400,0,400,700
06/16/2020,FTW,TX,ASW,CE,Towers with Radar,0,25,58,1,84,0,4,132,0,136,0,29,190,1,220,292,0,292,512
06/17/2020,FTW,TX,ASW,CE,Towers with Radar,0,14,70,0,84,0,3,148,0,151,0,17,218,0,235,232,0,232,467
06/18/2020,FTW,TX,ASW,CE,Towers with Radar,1,33,82,0,116,0,2,153,0,155,1,35,235,0,271,178,0,178,449
06/19/2020,FTW,TX,ASW,CE,Towers with Radar,0,20,67,0,87,0,2,64,0,66,0,22,131,0,153,394,0,394,547
06/20/2020,FTW,TX,ASW,CE,Towers with Radar,0,12,52,0,64,0,3,79,0,82,0,15,131,0,146,212,0,212,358
06/21/2020,FTW,TX,ASW,CE,Towers with Radar,0,14,47,0,61,0,2,30,0,32,0,16,77,0,93,22,0,22,115
06/22/2020,FTW,TX,ASW,CE,Towers with Radar,0,21,61,1,83,0,7,89,1,97,0,28,150,2,180,124,0,124,304
06/23/2020,FTW,TX,ASW,CE,Towers with Radar,0,18,50,0,68,0,0,16,0,16,0,18,66,0,84,54,0,54,138
06/24/2020,FTW,TX,ASW,CE,Towers with Radar,0,26,77,0,103,0,4,151,0,155,0,30,228,0,258,172,0,172,430
06/25/2020,FTW,TX,ASW,CE,Towers with Radar,0,25,63,0,88,0,3,105,0,108,0,28,168,0,196,352,0,352,548
06/26/2020,FTW,TX,ASW,CE,Towers with Radar,0,18,69,0,87,0,0,76,0,76,0,18,145,0,163,158,0,158,321
06/27/2020,FTW,TX,ASW,CE,Towers with Radar,0,29,49,0,78,0,8,54,0,62,0,37,103,0,140,116,0,116,256
06/28/2020,FTW,TX,ASW,CE,Towers with Radar,0,24,67,0,91,0,5,29,1,35,0,29,96,1,126,22,0,22,148
06/29/2020,FTW,TX,ASW,CE,Towers with Radar,0,12,43,0,55,0,1,49,0,50,0,13,92,0,105,52,0,52,157
06/30/2020,FTW,TX,ASW,CE,Towers with Radar,0,20,47,0,67,0,7,60,0,67,0,27,107,0,134,84,0,84,218
07/01/2020,FTW,TX,ASW,CE,Towers with Radar,0,13,77,0,90,0,2,94,0,96,0,15,171,0,186,166,0,166,352
07/02/2020,FTW,TX,ASW,CE,Towers with Radar,0,22,81,0,103,0,1,107,0,108,0,23,188,0,211,328,0,328,539
07/03/2020,FTW,TX,ASW,CE,Towers with Radar,0,11,57,2,70,0,6,88,0,94,0,17,145,2,164,166,0,166,330
07/04/2020,FTW,TX,ASW,CE,Towers with Radar,1,11,6,0,18,0,1,54,1,56,1,12,60,1,74,48,0,48,122
07/05/2020,FTW,TX,ASW,CE,Towers with Radar,3,21,64,0,88,0,4,39,0,43,3,25,103,0,131,18,0,18,149
07/06/2020,FTW,TX,ASW,CE,Towers with Radar,1,17,34,0,52,0,3,45,0,48,1,20,79,0,100,60,0,60,160
07/07/2020,FTW,TX,ASW,CE,Towers with Radar,0,14,50,0,64,0,10,59,0,69,0,24,109,0,133,140,0,140,273
07/08/2020,FTW,TX,ASW,CE,Towers with Radar,0,28,71,0,99,0,4,146,0,150,0,32,217,0,249,332,0,332,581
07/09/2020,FTW,TX,ASW,CE,Towers with Radar,0,10,75,0,85,0,4,112,2,118,0,14,187,2,203,140,0,140,343
07/10/2020,FTW,TX,ASW,CE,Towers with Radar,0,17,45,0,62,0,3,164,2,169,0,20,209,2,231,256,0,256,487
07/11/2020,FTW,TX,ASW,CE,Towers with Radar,0,9,30,0,39,0,0,89,0,89,0,9,119,0,128,70,0,70,198
07/12/2020,FTW,TX,ASW,CE,Towers with Radar,0,10,50,1,61,0,6,58,0,64,0,16,108,1,125,40,0,40,165
07/13/2020,FTW,TX,ASW,CE,Towers with Radar,0,15,49,0,64,0,1,170,0,171,0,16,219,0,235,246,0,246,481
07/14/2020,FTW,TX,ASW,CE,Towers with Radar,0,25,72,2,99,0,3,127,3,133,0,28,199,5,232,360,0,360,592
07/15/2020,FTW,TX,ASW,CE,Towers with Radar,0,24,71,1,96,0,5,106,0,111,0,29,177,1,207,262,0,262,469
07/16/2020,FTW,TX,ASW,CE,Towers with Radar,0,17,66,2,85,0,1,104,4,109,0,18,170,6,194,212,0,212,406
07/17/2020,FTW,TX,ASW,CE,Towers with Radar,0,19,67,0,86,0,3,131,2,136,0,22,198,2,222,248,0,248,470
07/18/2020,FTW,TX,ASW,CE,Towers with Radar,0,19,32,0,51,0,6,97,0,103,0,25,129,0,154,116,0,116,270
07/19/2020,FTW,TX,ASW,CE,Towers with Radar,0,9,41,2,52,0,3,55,0,58,0,12,96,2,110,45,0,45,155
07/20/2020,FTW,TX,ASW,CE,Towers with Radar,0,16,51,0,67,0,3,93,0,96,0,19,144,0,163,248,0,248,411
07/21/2020,FTW,TX,ASW,CE,Towers with Radar,0,10,52,0,62,0,7,41,0,48,0,17,93,0,110,258,0,258,368
07/22/2020,FTW,TX,ASW,CE,Towers with Radar,0,18,68,0,86,0,4,64,0,68,0,22,132,0,154,266,0,266,420
07/23/2020,FTW,TX,ASW,CE,Towers with Radar,0,18,77,4,99,0,2,115,0,117,0,20,192,4,216,264,0,264,480
07/24/2020,FTW,TX,ASW,CE,Towers with Radar,0,24,62,3,89,0,6,99,0,105,0,30,161,3,194,250,0,250,444
07/25/2020,FTW,TX,ASW,CE,Towers with Radar,0,13,47,11,71,0,8,67,1,76,0,21,114,12,147,142,2,144,291
07/26/2020,FTW,TX,ASW,CE,Towers with Radar,0,24,68,4,96,0,3,48,0,51,0,27,116,4,147,74,0,74,221
07/27/2020,FTW,TX,ASW,CE,Towers with Radar,0,11,44,6,61,0,1,88,1,90,0,12,132,7,151,244,10,254,405
07/28/2020,FTW,TX,ASW,CE,Towers with Radar,0,16,49,0,65,0,0,58,0,58,0,16,107,0,123,312,0,312,435
07/29/2020,FTW,TX,ASW,CE,Towers with Radar,0,23,55,0,78,0,2,193,0,195,0,25,248,0,273,184,0,184,457
07/30/2020,FTW,TX,ASW,CE,Towers with Radar,0,22,79,2,103,0,7,136,0,143,0,29,215,2,246,140,0,140,386
07/31/2020,FTW,TX,ASW,CE,Towers with Radar,0,27,81,0,108,0,0,158,0,158,0,27,239,0,266,266,0,266,532
08/01/2020,FTW,TX,ASW,CE,Towers with Radar,0,31,48,0,79,0,1,145,0,146,0,32,193,0,225,150,0,150,375
08/02/2020,FTW,TX,ASW,CE,Towers with Radar,1,21,59,0,81,0,3,62,1,66,1,24,121,1,147,32,0,32,179
08/03/2020,FTW,TX,ASW,CE,Towers with Radar,0,18,60,4,82,0,3,133,1,137,0,21,193,5,219,188,0,188,407
08/04/2020,FTW,TX,ASW,CE,Towers with Radar,0,21,69,2,92,0,2,137,0,139,0,23,206,2,231,228,0,228,459
08/05/2020,FTW,TX,ASW,CE,Towers with Radar,0,19,57,2,78,0,2,126,4,132,0,21,183,6,210,322,0,322,532
08/06/2020,FTW,TX,ASW,CE,Towers with Radar,0,28,92,0,120,0,4,135,1,140,0,32,227,1,260,260,0,260,520
08/07/2020,FTW,TX,ASW,CE,Towers with Radar,0,24,73,2,99,0,5,129,0,134,0,29,202,2,233,160,0,160,393
08/08/2020,FTW,TX,ASW,CE,Towers with Radar,0,22,34,2,58,0,4,104,2,110,0,26,138,4,168,62,0,62,230
08/09/2020,FTW,TX,ASW,CE,Towers with Radar,0,20,63,0,83,0,0,99,0,99,0,20,162,0,182,27,0,27,209
08/10/2020,FTW,TX,ASW,CE,Towers with Radar,0,19,42,0,61,0,6,134,0,140,0,25,176,0,201,176,0,176,377
08/11/2020,FTW,TX,ASW,CE,Towers with Radar,0,22,75,0,97,0,4,120,0,124,0,26,195,0,221,178,0,178,399
08/12/2020,FTW,TX,ASW,CE,Towers with Radar,0,25,91,0,116,0,6,143,0,149,0,31,234,0,265,120,0,120,385
08/13/2020,FTW,TX,ASW,CE,Towers with Radar,0,36,93,0,129,0,6,136,0,142,0,42,229,0,271,224,0,224,495
08/14/2020,FTW,TX,ASW,CE,Towers with Radar,0,14,83,0,97,0,5,124,1,130,0,19,207,1,227,228,0,228,455
08/15/2020,FTW,TX,ASW,CE,Towers with Radar,0,19,45,0,64,0,5,145,0,150,0,24,190,0,214,124,0,124,338
08/16/2020,FTW,TX,ASW,CE,Towers with Radar,0,26,61,2,89,0,3,45,0,48,0,29,106,2,137,40,0,40,177
08/17/2020,FTW,TX,ASW,CE,Towers with Radar,0,22,43,0,65,0,1,115,0,116,0,23,158,0,181,288,0,288,469
08/18/2020,FTW,TX,ASW,CE,Towers with Radar,0,22,90,0,112,0,2,156,0,158,0,24,246,0,270,316,0,316,586
08/19/2020,FTW,TX,ASW,CE,Towers with Radar,0,13,60,0,73,0,7,148,0,155,0,20,208,0,228,166,0,166,394
08/20/2020,FTW,TX,ASW,CE,Towers with Radar,0,25,75,0,100,0,4,144,0,148,0,29,219,0,248,78,0,78,326
08/21/2020,FTW,TX,ASW,CE,Towers with Radar,0,16,66,3,85,0,0,146,0,146,0,16,212,3,231,184,0,184,415
08/22/2020,FTW,TX,ASW,CE,Towers with Radar,0,24,47,4,75,0,5,89,2,96,0,29,136,6,171,112,10,122,293
08/23/2020,FTW,TX,ASW,CE,Towers with Radar,0,17,43,1,61,0,3,55,0,58,0,20,98,1,119,34,0,34,153
08/24/2020,FTW,TX,ASW,CE,Towers with Radar,0,18,54,2,74,0,6,132,0,138,0,24,186,2,212,228,0,228,440
08/25/2020,FTW,TX,ASW,CE,Towers with Radar,0,10,47,0,57,0,5,116,0,121,0,15,163,0,178,222,0,222,400
08/26/2020,FTW,TX,ASW,CE,Towers with Radar,0,14,62,1,77,0,4,98,0,102,0,18,160,1,179,180,0,180,359
08/27/2020,FTW,TX,ASW,CE,Towers with Radar,0,23,62,0,85,0,4,110,0,114,0,27,172,0,199,196,0,196,395
08/28/2020,FTW,TX,ASW,CE,Towers with Radar,0,17,81,6,104,0,0,155,0,155,0,17,236,6,259,202,8,210,469
08/29/2020,FTW,TX,ASW,CE,Towers with Radar,0,20,43,5,68,0,6,88,0,94,0,26,131,5,162,51,0,51,213
08/30/2020,FTW,TX,ASW,CE,Towers with Radar,0,29,52,3,84,0,3,41,0,44,0,32,93,3,128,2,0,2,130
08/31/2020,FTW,TX,ASW,CE,Towers with Radar,0,17,57,0,74,0,4,115,0,119,0,21,172,0,193,228,0,228,421
09/01/2020,FTW,TX,ASW,CE,Towers with Radar,0,8,43,0,51,0,1,20,0,21,0,9,63,0,72,50,0,50,122
09/02/2020,FTW,TX,ASW,CE,Towers with Radar,0,21,48,0,69,0,10,34,0,44,0,31,82,0,113,182,0,182,295
09/03/2020,FTW,TX,ASW,CE,Towers with Radar,0,29,76,0,105,0,2,59,0,61,0,31,135,0,166,208,0,208,374
09/04/2020,FTW,TX,ASW,CE,Towers with Radar,0,30,94,1,125,0,4,53,0,57,0,34,147,1,182,120,0,120,302
09/05/2020,FTW,TX,ASW,CE,Towers with Radar,0,6,37,0,43,0,5,124,0,129,0,11,161,0,172,66,0,66,238
09/06/2020,FTW,TX,ASW,CE,Towers with Radar,0,15,36,0,51,0,8,30,0,38,0,23,66,0,89,8,0,8,97
09/07/2020,FTW,TX,ASW,CE,Towers with Radar,0,19,65,0,84,0,6,93,0,99,0,25,158,0,183,120,0,120,303
09/08/2020,FTW,TX,ASW,CE,Towers with Radar,1,26,56,2,85,0,3,129,2,134,1,29,185,4,219,280,2,282,501
09/09/2020,FTW,TX,ASW,CE,Towers with Radar,0,16,57,1,74,0,1,4,0,5,0,17,61,1,79,74,0,74,153
09/10/2020,FTW,TX,ASW,CE,Towers with Radar,0,17,81,0,98,0,0,13,0,13,0,17,94,0,111,182,0,182,293
09/11/2020,FTW,TX,ASW,CE,Towers with Radar,0,22,127,2,151,0,2,106,0,108,0,24,233,2,259,478,0,478,737
09/12/2020,FTW,TX,ASW,CE,Towers with Radar,0,13,55,7,75,0,1,123,4,128,0,14,178,11,203,220,0,220,423
09/13/2020,FTW,TX,ASW,CE,Towers with Radar,1,17,65,14,97,0,8,74,4,86,1,25,139,18,183,60,0,60,243
09/14/2020,FTW,TX,ASW,CE,Towers with Radar,1,13,80,5,99,0,5,97,0,102,1,18,177,5,201,152,4,156,357
09/15/2020,FTW,TX,ASW,CE,Towers with Radar,0,21,90,1,112,0,1,78,0,79,0,22,168,1,191,192,0,192,383
09/16/2020,FTW,TX,ASW,CE,Towers with Radar,0,15,66,7,88,0,2,79,0,81,0,17,145,7,169,170,0,170,339
09/17/2020,FTW,TX,ASW,CE,Towers with Radar,0,23,85,0,108,0,5,154,0,159,0,28,239,0,267,318,0,318,585
09/18/2020,FTW,TX,ASW,CE,Towers with Radar,1,26,96,2,125,0,5,178,3,186,1,31,274,5,311,232,0,232,543
09/19/2020,FTW,TX,ASW,CE,Towers with Radar,0,11,65,6,82,0,4,158,5,167,0,15,223,11,249,212,28,240,489
09/20/2020,FTW,TX,ASW,CE,Towers with Radar,0,19,75,1,95,0,3,71,3,77,0,22,146,4,172,22,0,22,194
09/21/2020,FTW,TX,ASW,CE,Towers with Radar,0,24,72,0,96,0,0,56,0,56,0,24,128,0,152,102,0,102,254
09/22/2020,FTW,TX,ASW,CE,Towers with Radar,0,11,63,0,74,0,0,1,0,1,0,11,64,0,75,36,0,36,111
09/23/2020,FTW,TX,ASW,CE,Towers with Radar,0,27,85,0,112,0,7,37,0,44,0,34,122,0,156,180,0,180,336
09/24/2020,FTW,TX,ASW,CE,Towers with Radar,0,45,123,0,168,0,2,113,0,115,0,47,236,0,283,264,0,264,547
09/25/2020,FTW,TX,ASW,CE,Towers with Radar,1,34,102,9,146,0,2,145,0,147,1,36,247,9,293,306,0,306,599
09/26/2020,FTW,TX,ASW,CE,Towers with Radar,1,18,79,22,120,0,5,99,2,106,1,23,178,24,226,146,58,204,430
09/27/2020,FTW,TX,ASW,CE,Towers with Radar,0,15,81,6,102,0,11,44,4,59,0,26,125,10,161,32,0,32,193
09/28/2020,FTW,TX,ASW,CE,Towers with Radar,0,21,69,1,91,0,7,101,0,108,0,28,170,1,199,86,0,86,285
09/29/2020,FTW,TX,ASW,CE,Towers with Radar,2,17,92,2,113,0,8,129,2,139,2,25,221,4,252,262,0,262,514
09/30/2020,FTW,TX,ASW,CE,Towers with Radar,0,21,87,0,108,0,5,177,0,182,0,26,264,0,290,362,0,362,652
10/01/2020,FTW,TX,ASW,CE,Towers with Radar,0,26,89,0,115,0,0,108,0,108,0,26,197,0,223,324,0,324,547
10/02/2020,FTW,TX,ASW,CE,Towers with Radar,0,18,73,4,95,0,5,175,1,181,0,23,248,5,276,274,0,274,550
10/03/2020,FTW,TX,ASW,CE,Towers with Radar,0,11,53,6,70,0,5,120,1,126,0,16,173,7,196,86,6,92,288
10/04/2020,FTW,TX,ASW,CE,Towers with Radar,0,14,50,3,67,0,7,65,0,72,0,21,115,3,139,34,0,34,173
10/05/2020,FTW,TX,ASW,CE,Towers with Radar,0,16,75,0,91,0,4,105,0,109,0,20,180,0,200,130,0,130,330
10/06/2020,FTW,TX,ASW,CE,Towers with Radar,0,19,83,0,102,0,6,144,0,150,0,25,227,0,252,292,0,292,544
10/07/2020,FTW,TX,ASW,CE,Towers with Radar,0,20,77,4,101,0,6,154,3,163,0,26,231,7,264,276,0,276,540
10/08/2020,FTW,TX,ASW,CE,Towers with Radar,0,23,88,5,116,0,7,129,0,136,0,30,217,5,252,281,0,281,533
10/09/2020,FTW,TX,ASW,CE,Towers with Radar,2,29,89,2,122,0,5,77,0,82,2,34,166,2,204,282,0,282,486
10/10/2020,FTW,TX,ASW,CE,Towers with Radar,2,23,59,8,92,0,1,82,0,83,2,24,141,8,175,94,0,94,269
10/11/2020,FTW,TX,ASW,CE,Towers with Radar,0,16,73,0,89,0,1,71,0,72,0,17,144,0,161,78,0,78,239
10/12/2020,FTW,TX,ASW,CE,Towers with Radar,0,21,69,0,90,0,6,108,0,114,0,27,177,0,204,160,0,160,364
10/13/2020,FTW,TX,ASW,CE,Towers with Radar,0,19,79,0,98,0,1,171,0,172,0,20,250,0,270,436,0,436,706
10/14/2020,FTW,TX,ASW,CE,Towers with Radar,1,24,77,13,115,0,13,130,1,144,1,37,207,14,259,136,8,144,403
10/15/2020,FTW,TX,ASW,CE,Towers with Radar,0,31,70,1,102,0,4,54,0,58,0,35,124,1,160,142,0,142,302
10/16/2020,FTW,TX,ASW,CE,Towers with Radar,0,21,70,2,93,0,4,154,2,160,0,25,224,4,253,277,0,277,530
10/17/2020,FTW,TX,ASW,CE,Towers with Radar,0,25,47,0,72,0,8,77,2,87,0,33,124,2,159,76,0,76,235
10/18/2020,FTW,TX,ASW,CE,Towers with Radar,0,31,77,5,113,0,7,50,5,62,0,38,127,10,175,26,38,64,239
10/19/2020,FTW,TX,ASW,CE,Towers with Radar,0,21,68,8,97,0,0,37,3,40,0,21,105,11,137,194,0,194,331
10/20/2020,FTW,TX,ASW,CE,Towers with Radar,0,20,67,8,95,0,5,91,0,96,0,25,158,8,191,146,0,146,337
10/21/2020,FTW,TX,ASW,CE,Towers with Radar,0,25,109,0,134,0,2,109,0,111,0,27,218,0,245,366,0,366,611
10/22/2020,FTW,TX,ASW,CE,Towers with Radar,2,35,96,0,133,0,3,89,0,92,2,38,185,0,225,218,0,218,443
10/23/2020,FTW,TX,ASW,CE,Towers with Radar,0,19,80,8,107,0,8,21,0,29,0,27,101,8,136,62,0,62,198
10/24/2020,FTW,TX,ASW,CE,Towers with Radar,0,10,58,29,97,0,6,124,2,132,0,16,182,31,229,232,20,252,481
10/25/2020,FTW,TX,ASW,CE,Towers with Radar,0,26,94,15,135,0,2,6,0,8,0,28,100,15,143,0,0,0,143
10/26/2020,FTW,TX,ASW,CE,Towers with Radar,0,18,36,0,54,0,0,0,0,0,0,18,36,0,54,0,0,0,54
10/27/2020,FTW,TX,ASW,CE,Towers with Radar,0,21,32,0,53,0,0,0,0,0,0,21,32,0,53,0,0,0,53
10/28/2020,FTW,TX,ASW,CE,Towers with Radar,1,9,56,0,66,0,1,16,0,17,1,10,72,0,83,80,0,80,163
10/29/2020,FTW,TX,ASW,CE,Towers with Radar,0,16,81,2,99,0,5,43,0,48,0,21,124,2,147,92,0,92,239
10/30/2020,FTW,TX,ASW,CE,Towers with Radar,0,40,100,0,140,0,10,252,0,262,0,50,352,0,402,278,0,278,680
10/31/2020,FTW,TX,ASW,CE,Towers with Radar,0,9,28,8,45,0,6,144,1,151,0,15,172,9,196,182,0,182,378
11/01/2020,FTW,TX,ASW,CE,Towers with Radar,0,15,47,4,66,0,6,71,2,79,0,21,118,6,145,70,0,70,215
11/02/2020,FTW,TX,ASW,CE,Towers with Radar,0,15,51,1,67,0,2,147,0,149,0,17,198,1,216,342,0,342,558
11/03/2020,FTW,TX,ASW,CE,Towers with Radar,0,7,66,2,75,0,4,195,1,200,0,11,261,3,275,202,36,238,513
11/04/2020,FTW,TX,ASW,CE,Towers with Radar,1,18,73,4,96,0,6,137,0,143,1,24,210,4,239,166,4,170,409
11/05/2020,FTW,TX,ASW,CE,Towers with Radar,0,18,68,0,86,0,5,132,0,137,0,23,200,0,223,332,0,332,555
11/06/2020,FTW,TX,ASW,CE,Towers with Radar,0,26,73,11,110,0,3,95,2,100,0,29,168,13,210,167,20,187,397
11/07/2020,FTW,TX,ASW,CE,Towers with Radar,2,14,60,40,116,0,1,101,5,107,2,15,161,45,223,178,8,186,409
11/08/2020,FTW,TX,ASW,CE,Towers with Radar,0,15,66,9,90,0,1,22,1,24,0,16,88,10,114,30,0,30,144
11/09/2020,FTW,TX,ASW,CE,Towers with Radar,0,17,73,0,90,0,3,71,0,74,0,20,144,0,164,112,0,112,276
11/10/2020,FTW,TX,ASW,CE,Towers with Radar,0,17,72,0,89,0,2,139,0,141,0,19,211,0,230,420,0,420,650
11/11/2020,FTW,TX,ASW,CE,Towers with Radar,0,14,61,1,76,0,4,182,1,187,0,18,243,2,263,296,0,296,559
11/12/2020,FTW,TX,ASW,CE,Towers with Radar,0,36,63,0,99,0,5,128,1,134,0,41,191,1,233,322,38,360,593
11/13/2020,FTW,TX,ASW,CE,Towers with Radar,2,25,66,2,95,0,5,120,0,125,2,30,186,2,220,312,0,312,532
11/14/2020,FTW,TX,ASW,CE,Towers with Radar,2,8,41,15,66,0,4,36,0,40,2,12,77,15,106,20,12,32,138
11/15/2020,FTW,TX,ASW,CE,Towers with Radar,0,20,63,0,83,0,4,66,7,77,0,24,129,7,160,28,0,28,188
11/16/2020,FTW,TX,ASW,CE,Towers with Radar,0,21,65,5,91,0,4,171,2,177,0,25,236,7,268,230,0,230,498
11/17/2020,FTW,TX,ASW,CE,Towers with Radar,0,22,75,0,97,0,2,166,0,168,0,24,241,0,265,292,0,292,557
11/18/2020,FTW,TX,ASW,CE,Towers with Radar,0,19,70,0,89,0,6,151,0,157,0,25,221,0,246,320,0,320,566
11/19/2020,FTW,TX,ASW,CE,Towers with Radar,0,26,94,2,122,0,2,73,0,75,0,28,167,2,197,259,0,259,456
11/20/2020,FTW,TX,ASW,CE,Towers with Radar,0,30,85,4,119,0,4,98,0,102,0,34,183,4,221,260,0,260,481
11/21/2020,FTW,TX,ASW,CE,Towers with Radar,0,24,55,4,83,0,2,84,2,88,0,26,139,6,171,198,2,200,371
11/22/2020,FTW,TX,ASW,CE,Towers with Radar,0,25,54,1,80,0,0,17,0,17,0,25,71,1,97,110,0,110,207
11/23/2020,FTW,TX,ASW,CE,Towers with Radar,0,21,59,0,80,0,0,54,0,54,0,21,113,0,134,366,0,366,500
11/24/2020,FTW,TX,ASW,CE,Towers with Radar,0,22,85,0,107,0,2,12,0,14,0,24,97,0,121,20,0,20,141
11/25/2020,FTW,TX,ASW,CE,Towers with Radar,0,27,62,0,89,0,0,107,0,107,0,27,169,0,196,48,0,48,244
11/26/2020,FTW,TX,ASW,CE,Towers with Radar,0,11,17,0,28,0,9,47,0,56,0,20,64,0,84,4,0,4,88
11/27/2020,FTW,TX,ASW,CE,Towers with Radar,2,17,42,0,61,0,0,41,0,41,2,17,83,0,102,26,0,26,128
11/28/2020,FTW,TX,ASW,CE,Towers with Radar,1,20,35,1,57,0,0,7,0,7,1,20,42,1,64,0,0,0,64
11/29/2020,FTW,TX,ASW,CE,Towers with Radar,3,33,86,2,124,0,0,19,0,19,3,33,105,2,143,0,0,0,143
11/30/2020,FTW,TX,ASW,CE,Towers with Radar,1,11,62,1,75,0,6,137,0,143,1,17,199,1,218,180,0,180,398
12/01/2020,FTW,TX,ASW,CE,Towers with Radar,0,8,53,2,63,0,1,136,0,137,0,9,189,2,200,194,0,194,394
12/02/2020,FTW,TX,ASW,CE,Towers with Radar,0,18,57,0,75,0,2,66,0,68,0,20,123,0,143,82,0,82,225
12/03/2020,FTW,TX,ASW,CE,Towers with Radar,0,23,69,10,102,0,2,27,0,29,0,25,96,10,131,230,0,230,361
12/04/2020,FTW,TX,ASW,CE,Towers with Radar,1,11,95,35,142,0,3,126,1,130,1,14,221,36,272,170,8,178,450
12/05/2020,FTW,TX,ASW,CE,Towers with Radar,0,23,76,21,120,0,4,151,10,165,0,27,227,31,285,252,0,252,537
12/06/2020,FTW,TX,ASW,CE,Towers with Radar,0,13,76,6,95,0,3,91,2,96,0,16,167,8,191,56,0,56,247
12/07/2020,FTW,TX,ASW,CE,Towers with Radar,1,16,83,0,100,0,11,180,1,192,1,27,263,1,292,334,0,334,626
12/08/2020,FTW,TX,ASW,CE,Towers with Radar,1,14,65,0,80,0,11,162,0,173,1,25,227,0,253,364,0,364,617
12/09/2020,FTW,TX,ASW,CE,Towers with Radar,1,29,70,6,106,0,2,193,4,199,1,31,263,10,305,456,4,460,765
12/10/2020,FTW,TX,ASW,CE,Towers with Radar,0,24,94,2,120,0,0,180,1,181,0,24,274,3,301,476,0,476,777
12/11/2020,FTW,TX,ASW,CE,Towers with Radar,0,21,107,3,131,0,3,57,0,60,0,24,164,3,191,172,6,178,369
12/12/2020,FTW,TX,ASW,CE,Towers with Radar,0,19,38,5,62,0,3,143,0,146,0,22,181,5,208,292,0,292,500
12/13/2020,FTW,TX,ASW,CE,Towers with Radar,0,16,64,0,80,0,0,5,0,5,0,16,69,0,85,0,0,0,85
12/14/2020,FTW,TX,ASW,CE,Towers with Radar,0,19,56,0,75,0,4,162,0,166,0,23,218,0,241,218,0,218,459
12/15/2020,FTW,TX,ASW,CE,Towers with Radar,0,21,67,0,88,0,1,3,0,4,0,22,70,0,92,64,0,64,156
12/16/2020,FTW,TX,ASW,CE,Towers with Radar,0,22,63,1,86,0,2,123,1,126,0,24,186,2,212,372,2,374,586
12/17/2020,FTW,TX,ASW,CE,Towers with Radar,0,21,90,1,112,0,5,219,0,224,0,26,309,1,336,266,0,266,602
12/18/2020,FTW,TX,ASW,CE,Towers with Radar,2,22,83,1,108,0,0,140,1,141,2,22,223,2,249,254,0,254,503
12/19/2020,FTW,TX,ASW,CE,Towers with Radar,3,24,35,1,63,0,0,83,1,84,3,24,118,2,147,298,0,298,445
12/20/2020,FTW,TX,ASW,CE,Towers with Radar,0,9,69,0,78,0,1,131,2,134,0,10,200,2,212,194,0,194,406
12/21/2020,FTW,TX,ASW,CE,Towers with Radar,0,18,58,4,80,0,17,230,3,250,0,35,288,7,330,584,0,584,914
12/22/2020,FTW,TX,ASW,CE,Towers with Radar,1,21,63,1,86,0,4,184,0,188,1,25,247,1,274,302,0,302,576
12/23/2020,FTW,TX,ASW,CE,Towers with Radar,0,29,68,0,97,0,4,103,0,107,0,33,171,0,204,124,0,124,328
12/24/2020,FTW,TX,ASW,CE,Towers with Radar,1,12,14,0,27,0,5,80,0,85,1,17,94,0,112,140,0,140,252
12/25/2020,FTW,TX,ASW,CE,Towers with Radar,0,13,9,0,22,0,0,41,0,41,0,13,50,0,63,36,0,36,99
12/26/2020,FTW,TX,ASW,CE,Towers with Radar,1,32,58,0,91,0,1,154,0,155,1,33,212,0,246,236,0,236,482
12/27/2020,FTW,TX,ASW,CE,Towers with Radar,0,28,62,0,90,0,2,91,0,93,0,30,153,0,183,214,0,214,397
12/28/2020,FTW,TX,ASW,CE,Towers with Radar,0,19,59,0,78,0,2,127,0,129,0,21,186,0,207,450,0,450,657
12/29/2020,FTW,TX,ASW,CE,Towers with Radar,0,14,67,1,82,0,3,29,2,34,0,17,96,3,116,94,0,94,210
12/30/2020,FTW,TX,ASW,CE,Towers with Radar,2,15,33,0,50,0,1,0,0,1,2,16,33,0,51,82,0,82,133
12/31/2020,FTW,TX,ASW,CE,Towers with Radar,3,6,21,0,30,0,0,0,0,0,3,6,21,0,30,0,0,0,30
01/01/2021,FTW,TX,ASW,CE,Towers with Radar,0,10,24,0,34,0,1,6,0,7,0,11,30,0,41,10,0,10,51
01/02/2021,FTW,TX,ASW,CE,Towers with Radar,0,18,39,0,57,0,4,143,0,147,0,22,182,0,204,318,0,318,522
01/03/2021,FTW,TX,ASW,CE,Towers with Radar,1,27,59,0,87,0,0,91,0,91,1,27,150,0,178,196,0,196,374
01/04/2021,FTW,TX,ASW,CE,Towers with Radar,2,23,50,0,75,0,3,163,1,167,2,26,213,1,242,464,0,464,706
01/05/2021,FTW,TX,ASW,CE,Towers with Radar,1,10,54,0,65,0,1,190,0,191,1,11,244,0,256,311,0,311,567
01/06/2021,FTW,TX,ASW,CE,Towers with Radar,1,22,66,0,89,0,2,29,0,31,1,24,95,0,120,80,0,80,200
01/07/2021,FTW,TX,ASW,CE,Towers with Radar,0,15,54,2,71,0,1,75,0,76,0,16,129,2,147,490,0,490,637
01/08/2021,FTW,TX,ASW,CE,Towers with Radar,0,14,73,0,87,0,2,93,0,95,0,16,166,0,182,366,0,366,548
01/09/2021,FTW,TX,ASW,CE,Towers with Radar,0,20,46,2,68,0,0,148,1,149,0,20,194,3,217,280,0,280,497
01/10/2021,FTW,TX,ASW,CE,Towers with Radar,0,7,40,0,47,0,2,1,0,3,0,9,41,0,50,0,0,0,50
01/11/2021,FTW,TX,ASW,CE,Towers with Radar,0,9,51,0,60,0,8,130,2,140,0,17,181,2,200,360,0,360,560
01/12/2021,FTW,TX,ASW,CE,Towers with Radar,0,16,75,0,91,0,2,192,1,195,0,18,267,1,286,438,0,438,724
01/13/2021,FTW,TX,ASW,CE,Towers with Radar,0,19,84,2,105,0,6,191,1,198,0,25,275,3,303,352,0,352,655
01/14/2021,FTW,TX,ASW,CE,Towers with Radar,2,26,69,1,98,0,1,52,3,56,2,27,121,4,154,80,24,104,258
01/15/2021,FTW,TX,ASW,CE,Towers with Radar,0,19,55,0,74,0,1,39,2,42,0,20,94,2,116,32,0,32,148
01/16/2021,FTW,TX,ASW,CE,Towers with Radar,1,6,31,1,39,0,0,165,4,169,1,6,196,5,208,336,18,354,562
01/17/2021,FTW,TX,ASW,CE,Towers with Radar,0,17,60,3,80,0,3,112,1,116,0,20,172,4,196,104,0,104,300
01/18/2021,FTW,TX,ASW,CE,Towers with Radar,0,14,83,2,99,0,7,112,0,119,0,21,195,2,218,222,0,222,440
01/19/2021,FTW,TX,ASW,CE,Towers with Radar,0,24,62,2,88,0,0,72,0,72,0,24,134,2,160,282,0,282,442
01/20/2021,FTW,TX,ASW,CE,Towers with Radar,0,18,54,0,72,0,0,6,0,6,0,18,60,0,78,34,0,34,112
01/21/2021,FTW,TX,ASW,CE,Towers with Radar,0,17,85,0,102,0,0,76,0,76,0,17,161,0,178,72,0,72,250
01/22/2021,FTW,TX,ASW,CE,Towers with Radar,0,11,81,4,96,0,0,16,0,16,0,11,97,4,112,110,0,110,222
01/23/2021,FTW,TX,ASW,CE,Towers with Radar,0,17,34,2,53,0,0,0,0,0,0,17,34,2,53,0,0,0,53
01/24/2021,FTW,TX,ASW,CE,Towers with Radar,2,4,46,0,52,0,0,0,0,0,2,4,46,0,52,0,0,0,52
01/25/2021,FTW,TX,ASW,CE,Towers with Radar,0,20,57,4,81,0,4,158,0,162,0,24,215,4,243,174,0,174,417
01/26/2021,FTW,TX,ASW,CE,Towers with Radar,0,23,95,5,123,0,1,217,0,218,0,24,312,5,341,370,0,370,711
01/27/2021,FTW,TX,ASW,CE,Towers with Radar,1,15,57,6,79,0,2,158,2,162,1,17,215,8,241,488,0,488,729
01/28/2021,FTW,TX,ASW,CE,Towers with Radar,1,13,80,4,98,0,4,156,0,160,1,17,236,4,258,172,0,172,430
01/29/2021,FTW,TX,ASW,CE,Towers with Radar,1,18,90,0,109,0,9,158,0,167,1,27,248,0,276,263,0,263,539
01/30/2021,FTW,TX,ASW,CE,Towers with Radar,1,10,27,2,40,0,0,10,0,10,1,10,37,2,50,0,0,0,50
01/31/2021,FTW,TX,ASW,CE,Towers with Radar,1,13,74,0,88,0,6,63,0,69,1,19,137,0,157,58,0,58,215
02/01/2021,FTW,TX,ASW,CE,Towers with Radar,0,24,88,1,113,0,7,171,1,179,0,31,259,2,292,256,0,256,548
02/02/2021,FTW,TX,ASW,CE,Towers with Radar,0,24,74,2,100,0,13,154,1,168,0,37,228,3,268,158,0,158,426
02/03/2021,FTW,TX,ASW,CE,Towers with Radar,1,24,56,1,82,0,4,133,0,137,1,28,189,1,219,200,0,200,419
02/04/2021,FTW,TX,ASW,CE,Towers with Radar,0,27,74,5,106,0,3,82,4,89,0,30,156,9,195,130,28,158,353
02/05/2021,FTW,TX,ASW,CE,Towers with Radar,0,14,46,33,93,0,1,172,3,176,0,15,218,36,269,262,0,262,531
02/06/2021,FTW,TX,ASW,CE,Towers with Radar,0,7,43,40,90,0,7,44,2,53,0,14,87,42,143,182,14,196,339
02/07/2021,FTW,TX,ASW,CE,Towers with Radar,0,11,50,3,64,0,4,75,0,79,0,15,125,3,143,40,4,44,187
02/08/2021,FTW,TX,ASW,CE,Towers with Radar,1,11,58,19,89,0,5,33,0,38,1,16,91,19,127,196,0,196,323
02/09/2021,FTW,TX,ASW,CE,Towers with Radar,0,36,75,3,114,0,3,16,0,19,0,39,91,3,133,108,0,108,241
02/10/2021,FTW,TX,ASW,CE,Towers with Radar,1,17,61,0,79,0,0,0,0,0,1,17,61,0,79,0,0,0,79
02/11/2021,FTW,TX,ASW,CE,Towers with Radar,0,23,54,0,77,0,1,10,0,11,0,24,64,0,88,96,0,96,184
02/12/2021,FTW,TX,ASW,CE,Towers with Radar,0,15,62,0,77,0,0,20,0,20,0,15,82,0,97,84,0,84,181
02/13/2021,FTW,TX,ASW,CE,Towers with Radar,0,18,32,0,50,0,0,5,0,5,0,18,37,0,55,26,0,26,81
02/14/2021,FTW,TX,ASW,CE,Towers with Radar,0,7,8,0,15,0,0,0,0,0,0,7,8,0,15,0,0,0,15
02/15/2021,FTW,TX,ASW,CE,Towers with Radar,0,20,10,0,30,0,1,1,0,2,0,21,11,0,32,0,0,0,32
02/16/2021,FTW,TX,ASW,CE,Towers with Radar,0,12,31,0,43,0,0,2,0,2,0,12,33,0,45,92,0,92,137
02/17/2021,FTW,TX,ASW,CE,Towers with Radar,0,3,11,0,14,0,1,0,0,1,0,4,11,0,15,0,0,0,15
02/18/2021,FTW,TX,ASW,CE,Towers with Radar,0,13,21,1,35,0,0,5,0,5,0,13,26,1,40,16,0,16,56
02/19/2021,FTW,TX,ASW,CE,Towers with Radar,0,28,47,2,77,0,4,62,1,67,0,32,109,3,144,128,0,128,272
02/20/2021,FTW,TX,ASW,CE,Towers with Radar,0,9,37,5,51,0,4,110,0,114,0,13,147,5,165,196,0,196,361
02/21/2021,FTW,TX,ASW,CE,Towers with Radar,0,10,51,1,62,0,5,34,0,39,0,15,85,1,101,20,0,20,121
02/22/2021,FTW,TX,ASW,CE,Towers with Radar,0,17,80,2,99,0,3,149,2,154,0,20,229,4,253,464,0,464,717
02/23/2021,FTW,TX,ASW,CE,Towers with Radar,2,35,83,1,121,0,5,144,2,151,2,40,227,3,272,288,0,288,560
02/24/2021,FTW,TX,ASW,CE,Towers with Radar,0,19,94,10,123,0,6,157,1,164,0,25,251,11,287,280,0,280,567
02/25/2021,FTW,TX,ASW,CE,Towers with Radar,0,29,94,2,125,0,4,53,0,57,0,33,147,2,182,419,0,419,601
02/26/2021,FTW,TX,ASW,CE,Towers with Radar,1,29,90,19,139,0,0,26,0,26,1,29,116,19,165,252,12,264,429
02/27/2021,FTW,TX,ASW,CE,Towers with Radar,0,15,38,9,62,0,0,7,0,7,0,15,45,9,69,6,0,6,75
02/28/2021,FTW,TX,ASW,CE,Towers with Radar,0,39,73,0,112,0,1,14,0,15,0,40,87,0,127,0,0,0,127
03/01/2021,FTW,TX,ASW,CE,Towers with Radar,0,23,71,0,94,0,0,70,2,72,0,23,141,2,166,120,8,128,294
03/02/2021,FTW,TX,ASW,CE,Towers with Radar,0,20,72,4,96,0,4,173,0,177,0,24,245,4,273,236,0,236,509
03/03/2021,FTW,TX,ASW,CE,Towers with Radar,0,23,99,4,126,0,4,195,1,200,0,27,294,5,326,516,0,516,842
03/04/2021,FTW,TX,ASW,CE,Towers with Radar,2,27,93,2,124,0,3,160,0,163,2,30,253,2,287,322,0,322,609
03/05/2021,FTW,TX,ASW,CE,Towers with Radar,0,35,92,9,136,0,2,152,0,154,0,37,244,9,290,316,10,326,616
03/06/2021,FTW,TX,ASW,CE,Towers with Radar,0,20,65,3,88,0,6,143,0,149,0,26,208,3,237,307,0,307,544
03/07/2021,FTW,TX,ASW,CE,Towers with Radar,0,29,58,0,87,0,5,74,0,79,0,34,132,0,166,66,0,66,232
03/08/2021,FTW,TX,ASW,CE,Towers with Radar,0,14,52,4,70,0,5,166,2,173,0,19,218,6,243,324,0,324,567
03/09/2021,FTW,TX,ASW,CE,Towers with Radar,0,21,74,1,96,0,3,32,0,35,0,24,106,1,131,250,0,250,381
03/10/2021,FTW,TX,ASW,CE,Towers with Radar,3,30,96,0,129,0,2,33,0,35,3,32,129,0,164,52,0,52,216
03/11/2021,FTW,TX,ASW,CE,Towers with Radar,0,28,99,9,136,0,5,55,0,60,0,33,154,9,196,128,0,128,324
03/12/2021,FTW,TX,ASW,CE,Towers with Radar,0,36,119,9,164,0,3,44,0,47,0,39,163,9,211,116,8,124,335
03/13/2021,FTW,TX,ASW,CE,Towers with Radar,2,30,65,8,105,0,2,42,4,48,2,32,107,12,153,42,8,50,203
03/14/2021,FTW,TX,ASW,CE,Towers with Radar,0,28,79,9,116,0,9,45,1,55,0,37,124,10,171,60,0,60,231
03/15/2021,FTW,TX,ASW,CE,Towers with Radar,0,22,71,5,98,0,1,134,2,137,0,23,205,7,235,284,0,284,519
03/16/2021,FTW,TX,ASW,CE,Towers with Radar,0,18,82,5,105,0,6,111,2,119,0,24,193,7,224,544,0,544,768
03/17/2021,FTW,TX,ASW,CE,Towers with Radar,0,14,42,0,56,0,1,24,3,28,0,15,66,3,84,104,0,104,188
03/18/2021,FTW,TX,ASW,CE,Towers with Radar,0,33,74,2,109,0,2,46,1,49,0,35,120,3,158,180,0,180,338
03/19/2021,FTW,TX,ASW,CE,Towers with Radar,0,24,99,0,123,0,2,153,0,155,0,26,252,0,278,358,0,358,636
03/20/2021,FTW,TX,ASW,CE,Towers with Radar,0,29,79,24,132,0,6,197,0,203,0,35,276,24,335,336,4,340,675
03/21/2021,FTW,TX,ASW,CE,Towers with Radar,0,31,102,7,140,0,12,46,0,58,0,43,148,7,198,46,0,46,244
03/22/2021,FTW,TX,ASW,CE,Towers with Radar,0,19,82,0,101,0,2,8,0,10,0,21,90,0,111,14,0,14,125
03/23/2021,FTW,TX,ASW,CE,Towers with Radar,0,25,79,0,104,0,4,152,0,156,0,29,231,0,260,282,0,282,542
03/24/2021,FTW,TX,ASW,CE,Towers with Radar,0,24,92,2,118,0,3,111,3,117,0,27,203,5,235,250,0,250,485
03/25/2021,FTW,TX,ASW,CE,Towers with Radar,0,33,85,0,118,0,1,98,0,99,0,34,183,0,217,144,0,144,361
03/26/2021,FTW,TX,ASW,CE,Towers with Radar,0,34,92,2,128,0,6,154,0,160,0,40,246,2,288,392,0,392,680
03/27/2021,FTW,TX,ASW,CE,Towers with Radar,0,26,46,3,75,0,2,51,1,54,0,28,97,4,129,56,0,56,185
03/28/2021,FTW,TX,ASW,CE,Towers with Radar,0,18,56,4,78,0,7,89,1,97,0,25,145,5,175,86,0,86,261
03/29/2021,FTW,TX,ASW,CE,Towers with Radar,0,19,58,10,87,0,8,131,0,139,0,27,189,10,226,352,0,352,578
03/30/2021,FTW,TX,ASW,CE,Towers with Radar,0,23,69,2,94,0,11,72,0,83,0,34,141,2,177,242,0,242,419
03/31/2021,FTW,TX,ASW,CE,Towers with Radar,0,41,73,0,114,0,12,69,1,82,0,53,142,1,196,102,0,102,298
04/01/2021,FTW,TX,ASW,CE,Towers with Radar,0,33,120,0,153,0,10,191,1,202,0,43,311,1,355,364,0,364,719
04/02/2021,FTW,TX,ASW,CE,Towers with Radar,0,26,57,23,106,0,10,138,1,149,0,36,195,24,255,330,28,358,613
04/03/2021,FTW,TX,ASW,CE,Towers with Radar,0,15,48,8,71,0,7,81,1,89,0,22,129,9,160,96,0,96,256
04/04/2021,FTW,TX,ASW,CE,Towers with Radar,0,22,57,2,81,0,9,40,0,49,0,31,97,2,130,28,2,30,160
04/05/2021,FTW,TX,ASW,CE,Towers with Radar,0,31,102,0,133,0,3,122,1,126,0,34,224,1,259,318,0,318,577
04/06/2021,FTW,TX,ASW,CE,Towers with Radar,0,25,83,1,109,0,7,26,0,33,0,32,109,1,142,156,0,156,298
04/07/2021,FTW,TX,ASW,CE,Towers with Radar,0,30,99,0,129,0,5,86,1,92,0,35,185,1,221,164,0,164,385
04/08/2021,FTW,TX,ASW,CE,Towers with Radar,0,26,83,0,109,0,11,171,0,182,0,37,254,0,291,482,0,482,773
04/09/2021,FTW,TX,ASW,CE,Towers with Radar,0,30,94,8,132,0,8,66,1,75,0,38,160,9,207,177,22,199,406
04/10/2021,FTW,TX,ASW,CE,Towers with Radar,0,26,48,32,106,0,6,126,3,135,0,32,174,35,241,158,114,272,513
04/11/2021,FTW,TX,ASW,CE,Towers with Radar,0,21,56,16,93,0,6,116,6,128,0,27,172,22,221,109,8,117,338
04/12/2021,FTW,TX,ASW,CE,Towers with Radar,0,25,80,2,107,0,3,96,0,99,0,28,176,2,206,208,0,208,414
04/13/2021,FTW,TX,ASW,CE,Towers with Radar,0,22,95,2,119,0,4,112,0,116,0,26,207,2,235,244,0,244,479
04/14/2021,FTW,TX,ASW,CE,Towers with Radar,0,25,79,0,104,0,0,41,1,42,0,25,120,1,146,140,0,140,286
04/15/2021,FTW,TX,ASW,CE,Towers with Radar,0,31,83,1,115,0,1,6,0,7,0,32,89,1,122,166,0,166,288
04/16/2021,FTW,TX,ASW,CE,Towers with Radar,0,20,63,1,84,0,0,0,0,0,0,20,63,1,84,28,0,28,112
04/17/2021,FTW,TX,ASW,CE,Towers with Radar,1,15,52,2,70,0,0,65,2,67,1,15,117,4,137,74,0,74,211
04/18/2021,FTW,TX,ASW,CE,Towers with Radar,1,36,75,4,116,0,6,99,2,107,1,42,174,6,223,78,0,78,301
04/19/2021,FTW,TX,ASW,CE,Towers with Radar,0,33,64,3,100,0,12,160,2,174,0,45,224,5,274,374,0,374,648
04/20/2021,FTW,TX,ASW,CE,Towers with Radar,0,21,50,7,78,0,5,106,5,116,0,26,156,12,194,220,0,220,414
04/21/2021,FTW,TX,ASW,CE,Towers with Radar,0,7,79,1,87,0,5,157,0,162,0,12,236,1,249,232,0,232,481
04/22/2021,FTW,TX,ASW,CE,Towers with Radar,0,22,107,0,129,0,2,125,0,127,0,24,232,0,256,326,0,326,582
04/23/2021,FTW,TX,ASW,CE,Towers with Radar,0,21,56,3,80,0,1,6,0,7,0,22,62,3,87,20,0,20,107
04/24/2021,FTW,TX,ASW,CE,Towers with Radar,0,15,55,20,90,0,4,81,4,89,0,19,136,24,179,180,0,180,359
04/25/2021,FTW,TX,ASW,CE,Towers with Radar,1,16,74,7,98,0,6,83,0,89,1,22,157,7,187,142,0,142,329
04/26/2021,FTW,TX,ASW,CE,Towers with Radar,0,20,69,2,91,0,8,91,0,99,0,28,160,2,190,86,0,86,276
04/27/2021,FTW,TX,ASW,CE,Towers with Radar,0,21,78,2,101,0,0,8,0,8,0,21,86,2,109,88,0,88,197
04/28/2021,FTW,TX,ASW,CE,Towers with Radar,0,24,68,0,92,0,1,26,0,27,0,25,94,0,119,106,0,106,225
04/29/2021,FTW,TX,ASW,CE,Towers with Radar,0,33,61,0,94,0,2,1,0,3,0,35,62,0,97,28,0,28,125
04/30/2021,FTW,TX,ASW,CE,Towers with Radar,0,20,66,0,86,0,2,22,0,24,0,22,88,0,110,90,0,90,200
05/01/2021,FTW,TX,ASW,CE,Towers with Radar,1,10,49,4,64,0,0,7,0,7,1,10,56,4,71,0,0,0,71
05/02/2021,FTW,TX,ASW,CE,Towers with Radar,0,24,81,3,108,0,5,67,0,72,0,29,148,3,180,192,0,192,372
05/03/2021,FTW,TX,ASW,CE,Towers with Radar,2,25,77,1,105,0,5,90,0,95,2,30,167,1,200,116,0,116,316
05/04/2021,FTW,TX,ASW,CE,Towers with Radar,0,27,96,2,125,0,2,72,0,74,0,29,168,2,199,156,0,156,355
05/05/2021,FTW,TX,ASW,CE,Towers with Radar,0,24,92,0,116,0,1,185,0,186,0,25,277,0,302,216,0,216,518
05/06/2021,FTW,TX,ASW,CE,Towers with Radar,0,42,129,0,171,0,6,220,0,226,0,48,349,0,397,256,0,256,653
05/07/2021,FTW,TX,ASW,CE,Towers with Radar,0,36,95,6,137,0,3,172,1,176,0,39,267,7,313,186,12,198,511
05/08/2021,FTW,TX,ASW,CE,Towers with Radar,0,34,86,1,121,0,7,45,2,54,0,41,131,3,175,44,0,44,219
05/09/2021,FTW,TX,ASW,CE,Towers with Radar,0,31,83,0,114,0,5,37,0,42,0,36,120,0,156,18,0,18,174
05/10/2021,FTW,TX,ASW,CE,Towers with Radar,0,20,79,0,99,0,2,5,0,7,0,22,84,0,106,44,0,44,150
05/11/2021,FTW,TX,ASW,CE,Towers with Radar,0,24,47,1,72,0,0,0,0,0,0,24,47,1,72,0,0,0,72
05/12/2021,FTW,TX,ASW,CE,Towers with Radar,0,27,101,0,128,0,0,17,0,17,0,27,118,0,145,66,0,66,211
05/13/2021,FTW,TX,ASW,CE,Towers with Radar,0,29,131,2,162,0,6,218,0,224,0,35,349,2,386,346,0,346,732
05/14/2021,FTW,TX,ASW,CE,Towers with Radar,2,22,91,12,127,0,11,216,0,227,2,33,307,12,354,356,10,366,720
05/15/2021,FTW,TX,ASW,CE,Towers with Radar,0,17,65,0,82,0,8,143,1,152,0,25,208,1,234,126,0,126,360
05/16/2021,FTW,TX,ASW,CE,Towers with Radar,0,31,74,0,105,0,3,6,0,9,0,34,80,0,114,10,0,10,124
05/17/2021,FTW,TX,ASW,CE,Towers with Radar,0,24,59,0,83,0,5,53,0,58,0,29,112,0,141,170,0,170,311
05/18/2021,FTW,TX,ASW,CE,Towers with Radar,0,37,59,0,96,0,2,21,0,23,0,39,80,0,119,134,0,134,253
05/19/2021,FTW,TX,ASW,CE,Towers with Radar,0,19,61,0,80,0,9,117,4,130,0,28,178,4,210,264,18,282,492
05/20/2021,FTW,TX,ASW,CE,Towers with Radar,0,26,103,0,129,0,6,62,1,69,0,32,165,1,198,184,0,184,382
05/21/2021,FTW,TX,ASW,CE,Towers with Radar,2,26,97,6,131,0,2,51,0,53,2,28,148,6,184,102,0,102,286
05/22/2021,FTW,TX,ASW,CE,Towers with Radar,0,22,55,4,81,0,0,6,0,6,0,22,61,4,87,0,0,0,87
05/23/2021,FTW,TX,ASW,CE,Towers with Radar,0,26,83,0,109,0,0,15,0,15,0,26,98,0,124,0,0,0,124
05/24/2021,FTW,TX,ASW,CE,Towers with Radar,0,35,84,0,119,0,0,2,0,2,0,35,86,0,121,0,0,0,121
05/25/2021,FTW,TX,ASW,CE,Towers with Radar,0,29,89,2,120,0,3,71,0,74,0,32,160,2,194,256,0,256,450
05/26/2021,FTW,TX,ASW,CE,Towers with Radar,1,30,104,2,137,0,6,153,0,159,1,36,257,2,296,388,0,388,684
05/27/2021,FTW,TX,ASW,CE,Towers with Radar,0,33,118,1,152,0,11,134,0,145,0,44,252,1,297,468,0,468,765
05/28/2021,FTW,TX,ASW,CE,Towers with Radar,0,36,80,1,117,0,5,35,0,40,0,41,115,1,157,306,0,306,463
05/29/2021,FTW,TX,ASW,CE,Towers with Radar,0,26,61,0,87,0,3,45,0,48,0,29,106,0,135,114,0,114,249
05/30/2021,FTW,TX,ASW,CE,Towers with Radar,0,34,37,0,71,0,4,40,0,44,0,38,77,0,115,58,0,58,173
05/31/2021,FTW,TX,ASW,CE,Towers with Radar,0,22,51,0,73,0,1,2,0,3,0,23,53,0,76,76,0,76,152
06/01/2021,FTW,TX,ASW,CE,Towers with Radar,0,21,106,0,127,0,0,40,0,40,0,21,146,0,167,316,0,316,483
06/02/2021,FTW,TX,ASW,CE,Towers with Radar,0,25,78,2,105,0,4,110,3,117,0,29,188,5,222,282,0,282,504
06/03/2021,FTW,TX,ASW,CE,Towers with Radar,0,23,84,1,108,0,1,115,0,116,0,24,199,1,224,442,10,452,676
06/04/2021,FTW,TX,ASW,CE,Towers with Radar,1,27,96,0,124,0,1,110,0,111,1,28,206,0,235,230,0,230,465
06/05/2021,FTW,TX,ASW,CE,Towers with Radar,1,21,63,0,85,0,10,21,0,31,1,31,84,0,116,34,0,34,150
06/06/2021,FTW,TX,ASW,CE,Towers with Radar,0,20,79,0,99,0,0,32,0,32,0,20,111,0,131,74,0,74,205
06/07/2021,FTW,TX,ASW,CE,Towers with Radar,0,28,86,0,114,0,8,62,0,70,0,36,148,0,184,226,0,226,410
06/08/2021,FTW,TX,ASW,CE,Towers with Radar,0,26,86,0,112,0,4,124,0,128,0,30,210,0,240,596,0,596,836
06/09/2021,FTW,TX,ASW,CE,Towers with Radar,0,21,131,1,153,0,0,101,1,102,0,21,232,2,255,404,0,404,659
06/10/2021,FTW,TX,ASW,CE,Towers with Radar,0,32,115,0,147,0,3,126,0,129,0,35,241,0,276,492,0,492,768
06/11/2021,FTW,TX,ASW,CE,Towers with Radar,1,24,71,6,102,0,4,152,0,156,1,28,223,6,258,275,4,279,537
06/12/2021,FTW,TX,ASW,CE,Towers with Radar,1,27,64,19,111,0,12,95,1,108,1,39,159,20,219,180,36,216,435
06/13/2021,FTW,TX,ASW,CE,Towers with Radar,0,30,80,12,122,0,3,76,2,81,0,33,156,14,203,222,0,222,425
06/14/2021,FTW,TX,ASW,CE,Towers with Radar,0,28,68,0,96,0,2,145,0,147,0,30,213,0,243,302,0,302,545
06/15/2021,FTW,TX,ASW,CE,Towers with Radar,0,13,68,0,81,0,5,176,2,183,0,18,244,2,264,324,0,324,588
06/16/2021,FTW,TX,ASW,CE,Towers with Radar,0,27,80,0,107,0,2,172,1,175,0,29,252,1,282,452,0,452,734
06/17/2021,FTW,TX,ASW,CE,Towers with Radar,0,30,81,2,113,0,2,138,0,140,0,32,219,2,253,318,0,318,571
06/18/2021,FTW,TX,ASW,CE,Towers with Radar,0,28,86,23,137,0,15,170,1,186,0,43,256,24,323,184,36,220,543
06/19/2021,FTW,TX,ASW,CE,Towers with Radar,0,21,52,9,82,0,17,125,2,144,0,38,177,11,226,118,0,118,344
06/20/2021,FTW,TX,ASW,CE,Towers with Radar,0,19,59,1,79,0,9,89,0,98,0,28,148,1,177,68,0,68,245
06/21/2021,FTW,TX,ASW,CE,Towers with Radar,1,31,97,1,130,0,8,55,0,63,1,39,152,1,193,194,0,194,387
06/22/2021,FTW,TX,ASW,CE,Towers with Radar,0,18,99,0,117,0,11,124,0,135,0,29,223,0,252,328,0,328,580
06/23/2021,FTW,TX,ASW,CE,Towers with Radar,0,20,100,5,125,0,2,88,0,90,0,22,188,5,215,298,0,298,513
06/24/2021,FTW,TX,ASW,CE,Towers with Radar,0,43,137,0,180,0,0,191,2,193,0,43,328,2,373,410,4,414,787
06/25/2021,FTW,TX,ASW,CE,Towers with Radar,0,72,166,90,328,0,9,154,5,168,0,81,320,95,496,220,42,262,758
06/26/2021,FTW,TX,ASW,CE,Towers with Radar,3,57,109,105,274,0,6,124,6,136,3,63,233,111,410,172,50,222,632
06/27/2021,FTW,TX,ASW,CE,Towers with Radar,0,83,120,53,256,0,0,89,0,89,0,83,209,53,345,152,14,166,511
06/28/2021,FTW,TX,ASW,CE,Towers with Radar,0,25,99,11,135,0,7,38,0,45,0,32,137,11,180,118,0,118,298
06/29/2021,FTW,TX,ASW,CE,Towers with Radar,0,30,82,4,116,0,1,67,0,68,0,31,149,4,184,260,0,260,444
06/30/2021,FTW,TX,ASW,CE,Towers with Radar,0,37,80,6,123,0,4,99,0,103,0,41,179,6,226,470,0,470,696
07/01/2021,FTW,TX,ASW,CE,Towers with Radar,0,41,96,0,137,0,1,166,0,167,0,42,262,0,304,416,0,416,720
07/02/2021,FTW,TX,ASW,CE,Towers with Radar,0,38,78,0,116,0,4,65,0,69,0,42,143,0,185,148,0,148,333
07/03/2021,FTW,TX,ASW,CE,Towers with Radar,1,22,38,0,61,0,1,39,0,40,1,23,77,0,101,82,0,82,183
07/04/2021,FTW,TX,ASW,CE,Towers with Radar,0,26,27,0,53,0,1,48,0,49,0,27,75,0,102,30,0,30,132
07/05/2021,FTW,TX,ASW,CE,Towers with Radar,2,35,66,0,103,0,3,74,0,77,2,38,140,0,180,228,0,228,408
07/06/2021,FTW,TX,ASW,CE,Towers with Radar,0,19,73,0,92,0,2,102,0,104,0,21,175,0,196,153,0,153,349
07/07/2021,FTW,TX,ASW,CE,Towers with Radar,0,32,70,13,115,0,10,155,0,165,0,42,225,13,280,314,0,314,594
07/08/2021,FTW,TX,ASW,CE,Towers with Radar,0,23,102,5,130,0,6,208,3,217,0,29,310,8,347,364,0,364,711
07/09/2021,FTW,TX,ASW,CE,Towers with Radar,0,22,90,34,146,0,2,63,2,67,0,24,153,36,213,310,28,338,551
07/10/2021,FTW,TX,ASW,CE,Towers with Radar,0,15,49,29,93,0,1,59,7,67,0,16,108,36,160,154,26,180,340
07/11/2021,FTW,TX,ASW,CE,Towers with Radar,0,25,68,8,101,0,3,51,2,56,0,28,119,10,157,72,0,72,229
07/12/2021,FTW,TX,ASW,CE,Towers with Radar,2,28,76,2,108,0,2,132,0,134,2,30,208,2,242,276,6,282,524
07/13/2021,FTW,TX,ASW,CE,Towers with Radar,0,28,83,3,114,0,0,161,0,161,0,28,244,3,275,286,0,286,561
07/14/2021,FTW,TX,ASW,CE,Towers with Radar,0,36,89,6,131,0,0,140,4,144,0,36,229,10,275,286,0,286,561
07/15/2021,FTW,TX,ASW,CE,Towers with Radar,0,40,79,2,121,0,3,140,1,144,0,43,219,3,265,332,4,336,601
07/16/2021,FTW,TX,ASW,CE,Towers with Radar,0,29,71,26,126,0,5,174,2,181,0,34,245,28,307,408,8,416,723
07/17/2021,FTW,TX,ASW,CE,Towers with Radar,1,27,49,11,88,0,6,134,12,152,1,33,183,23,240,162,2,164,404
07/18/2021,FTW,TX,ASW,CE,Towers with Radar,1,33,80,5,119,0,0,73,3,76,1,33,153,8,195,48,0,48,243
07/19/2021,FTW,TX,ASW,CE,Towers with Radar,0,27,68,0,95,0,1,47,0,48,0,28,115,0,143,144,0,144,287
07/20/2021,FTW,TX,ASW,CE,Towers with Radar,0,33,78,1,112,0,8,101,2,111,0,41,179,3,223,260,4,264,487
07/21/2021,FTW,TX,ASW,CE,Towers with Radar,0,28,85,7,120,0,1,165,0,166,0,29,250,7,286,268,0,268,554
07/22/2021,FTW,TX,ASW,CE,Towers with Radar,0,29,79,11,119,0,1,130,0,131,0,30,209,11,250,232,6,238,488
07/23/2021,FTW,TX,ASW,CE,Towers with Radar,0,31,83,7,121,0,9,110,0,119,0,40,193,7,240,176,0,176,416
07/24/2021,FTW,TX,ASW,CE,Towers with Radar,2,32,65,16,115,0,4,124,0,128,2,36,189,16,243,130,16,146,389
07/25/2021,FTW,TX,ASW,CE,Towers with Radar,0,21,84,4,109,0,3,96,0,99,0,24,180,4,208,80,0,80,288
07/26/2021,FTW,TX,ASW,CE,Towers with Radar,0,17,64,14,95,0,1,143,1,145,0,18,207,15,240,260,0,260,500
07/27/2021,FTW,TX,ASW,CE,Towers with Radar,0,23,72,6,101,0,6,98,2,106,0,29,170,8,207,240,0,240,447
07/28/2021,FTW,TX,ASW,CE,Towers with Radar,2,29,113,2,146,0,3,111,0,114,2,32,224,2,260,184,0,184,444
07/29/2021,FTW,TX,ASW,CE,Towers with Radar,0,30,79,1,110,0,0,126,6,132,0,30,205,7,242,254,0,254,496
07/30/2021,FTW,TX,ASW,CE,Towers with Radar,0,28,92,11,131,0,19,163,0,182,0,47,255,11,313,82,0,82,395
07/31/2021,FTW,TX,ASW,CE,Towers with Radar,0,27,56,32,115,0,5,107,0,112,0,32,163,32,227,72,14,86,313
08/01/2021,FTW,TX,ASW,CE,Towers with Radar,0,25,60,10,95,0,2,29,0,31,0,27,89,10,126,26,0,26,152
08/02/2021,FTW,TX,ASW,CE,Towers with Radar,0,37,89,7,133,0,5,47,1,53,0,42,136,8,186,210,0,210,396
08/03/2021,FTW,TX,ASW,CE,Towers with Radar,0,41,66,0,107,0,3,117,1,121,0,44,183,1,228,300,0,300,528
08/04/2021,FTW,TX,ASW,CE,Towers with Radar,2,31,70,1,104,0,7,130,1,138,2,38,200,2,242,302,0,302,544
08/05/2021,FTW,TX,ASW,CE,Towers with Radar,0,30,88,1,119,0,0,114,0,114,0,30,202,1,233,351,0,351,584
08/06/2021,FTW,TX,ASW,CE,Towers with Radar,0,46,63,3,112,0,1,148,0,149,0,47,211,3,261,292,0,292,553
08/07/2021,FTW,TX,ASW,CE,Towers with Radar,0,31,61,16,108,0,7,94,2,103,0,38,155,18,211,252,0,252,463
08/08/2021,FTW,TX,ASW,CE,Towers with Radar,0,51,79,9,139,0,10,88,4,102,0,61,167,13,241,42,0,42,283
08/09/2021,FTW,TX,ASW,CE,Towers with Radar,0,36,89,0,125,0,2,103,1,106,0,38,192,1,231,278,0,278,509
08/10/2021,FTW,TX,ASW,CE,Towers with Radar,1,25,67,2,95,0,3,117,1,121,1,28,184,3,216,318,0,318,534
08/11/2021,FTW,TX,ASW,CE,Towers with Radar,0,29,100,2,131,0,5,150,0,155,0,34,250,2,286,378,0,378,664
08/12/2021,FTW,TX,ASW,CE,Towers with Radar,1,42,84,3,130,0,6,177,1,184,1,48,261,4,314,282,0,282,596
08/13/2021,FTW,TX,ASW,CE,Towers with Radar,0,39,81,4,124,0,3,213,2,218,0,42,294,6,342,322,41,363,705
08/14/2021,FTW,TX,ASW,CE,Towers with Radar,0,40,42,5,87,0,4,75,1,80,0,44,117,6,167,124,0,124,291
08/15/2021,FTW,TX,ASW,CE,Towers with Radar,0,45,111,0,156,0,1,51,0,52,0,46,162,0,208,130,0,130,338
08/16/2021,FTW,TX,ASW,CE,Towers with Radar,0,33,68,2,103,0,1,88,0,89,0,34,156,2,192,233,0,233,425
08/17/2021,FTW,TX,ASW,CE,Towers with Radar,0,31,50,1,82,0,6,58,0,64,0,37,108,1,146,144,0,144,290
08/18/2021,FTW,TX,ASW,CE,Towers with Radar,0,27,82,1,110,0,1,11,0,12,0,28,93,1,122,46,0,46,168
08/19/2021,FTW,TX,ASW,CE,Towers with Radar,0,30,83,4,117,0,0,121,2,123,0,30,204,6,240,304,0,304,544
08/20/2021,FTW,TX,ASW,CE,Towers with Radar,2,26,91,12,131,0,2,173,5,180,2,28,264,17,311,150,4,154,465
08/21/2021,FTW,TX,ASW,CE,Towers with Radar,0,17,54,19,90,0,4,107,6,117,0,21,161,25,207,122,12,134,341
08/22/2021,FTW,TX,ASW,CE,Towers with Radar,1,20,91,13,125,0,3,100,0,103,1,23,191,13,228,78,0,78,306
08/23/2021,FTW,TX,ASW,CE,Towers with Radar,0,21,69,1,91,0,5,153,0,158,0,26,222,1,249,210,0,210,459
08/24/2021,FTW,TX,ASW,CE,Towers with Radar,1,12,77,5,95,0,0,150,0,150,1,12,227,5,245,312,0,312,557
08/25/2021,FTW,TX,ASW,CE,Towers with Radar,0,26,85,13,124,0,1,130,0,131,0,27,215,13,255,226,0,226,481
08/26/2021,FTW,TX,ASW,CE,Towers with Radar,2,33,84,5,124,0,5,154,1,160,2,38,238,6,284,236,0,236,520
08/27/2021,FTW,TX,ASW,CE,Towers with Radar,0,35,58,0,93,0,10,158,0,168,0,45,216,0,261,308,0,308,569
08/28/2021,FTW,TX,ASW,CE,Towers with Radar,0,16,44,17,77,0,0,123,1,124,0,16,167,18,201,94,0,94,295
08/29/2021,FTW,TX,ASW,CE,Towers with Radar,0,26,87,9,122,0,1,35,0,36,0,27,122,9,158,70,0,70,228
08/30/2021,FTW,TX,ASW,CE,Towers with Radar,0,17,67,7,91,0,8,109,1,118,0,25,176,8,209,162,2,164,373
08/31/2021,FTW,TX,ASW,CE,Towers with Radar,2,30,71,0,103,0,6,157,0,163,2,36,228,0,266,448,0,448,714
09/01/2021,FTW,TX,ASW,CE,Towers with Radar,0,23,81,0,104,0,6,142,0,148,0,29,223,0,252,372,0,372,624
09/02/2021,FTW,TX,ASW,CE,Towers with Radar,0,32,74,0,106,0,4,138,0,142,0,36,212,0,248,340,0,340,588
09/03/2021,FTW,TX,ASW,CE,Towers with Radar,2,33,96,0,131,0,10,135,0,145,2,43,231,0,276,400,0,400,676
09/04/2021,FTW,TX,ASW,CE,Towers with Radar,1,30,38,1,70,0,3,106,1,110,1,33,144,2,180,130,10,140,320
09/05/2021,FTW,TX,ASW,CE,Towers with Radar,2,26,41,0,69,0,4,43,4,51,2,30,84,4,120,16,0,16,136
09/06/2021,FTW,TX,ASW,CE,Towers with Radar,0,38,74,12,124,0,6,97,3,106,0,44,171,15,230,92,0,92,322
09/07/2021,FTW,TX,ASW,CE,Towers with Radar,1,33,85,4,123,0,0,98,1,99,1,33,183,5,222,304,16,320,542
09/08/2021,FTW,TX,ASW,CE,Towers with Radar,0,30,92,3,125,0,0,118,0,118,0,30,210,3,243,186,0,186,429
09/09/2021,FTW,TX,ASW,CE,Towers with Radar,1,37,88,1,127,0,4,120,0,124,1,41,208,1,251,184,0,184,435
09/10/2021,FTW,TX,ASW,CE,Towers with Radar,0,28,101,9,138,0,1,149,0,150,0,29,250,9,288,236,0,236,524
09/11/2021,FTW,TX,ASW,CE,Towers with Radar,0,24,67,1,92,0,7,117,1,125,0,31,184,2,217,140,0,140,357
09/12/2021,FTW,TX,ASW,CE,Towers with Radar,0,23,97,9,129,0,4,78,1,83,0,27,175,10,212,76,0,76,288
09/13/2021,FTW,TX,ASW,CE,Towers with Radar,2,23,64,5,94,0,3,85,3,91,2,26,149,8,185,126,0,126,311
09/14/2021,FTW,TX,ASW,CE,Towers with Radar,0,22,67,5,94,0,6,68,0,74,0,28,135,5,168,356,0,356,524
09/15/2021,FTW,TX,ASW,CE,Towers with Radar,0,28,79,0,107,0,5,127,1,133,0,33,206,1,240,380,0,380,620
09/16/2021,FTW,TX,ASW,CE,Towers with Radar,0,35,101,0,136,0,2,182,0,184,0,37,283,0,320,294,0,294,614
09/17/2021,FTW,TX,ASW,CE,Towers with Radar,1,23,99,10,133,0,0,158,0,158,1,23,257,10,291,232,6,238,529
09/18/2021,FTW,TX,ASW,CE,Towers with Radar,2,14,52,6,74,0,2,128,3,133,2,16,180,9,207,132,0,132,339
09/19/2021,FTW,TX,ASW,CE,Towers with Radar,1,28,91,3,123,0,4,76,2,82,1,32,167,5,205,72,0,72,277
09/20/2021,FTW,TX,ASW,CE,Towers with Radar,0,19,77,0,96,0,5,119,2,126,0,24,196,2,222,286,0,286,508
09/21/2021,FTW,TX,ASW,CE,Towers with Radar,0,20,66,2,88,0,1,73,0,74,0,21,139,2,162,248,0,248,410
09/22/2021,FTW,TX,ASW,CE,Towers with Radar,0,23,90,0,113,0,4,154,0,158,0,27,244,0,271,278,0,278,549
09/23/2021,FTW,TX,ASW,CE,Towers with Radar,3,44,151,2,200,0,3,180,0,183,3,47,331,2,383,398,0,398,781
09/24/2021,FTW,TX,ASW,CE,Towers with Radar,1,48,137,9,195,0,2,156,0,158,1,50,293,9,353,250,6,256,609
09/25/2021,FTW,TX,ASW,CE,Towers with Radar,1,29,77,0,107,0,4,79,1,84,1,33,156,1,191,44,0,44,235
09/26/2021,FTW,TX,ASW,CE,Towers with Radar,0,59,138,0,197,0,3,103,1,107,0,62,241,1,304,38,0,38,342
09/27/2021,FTW,TX,ASW,CE,Towers with Radar,0,31,97,3,131,0,2,119,2,123,0,33,216,5,254,234,0,234,488
09/28/2021,FTW,TX,ASW,CE,Towers with Radar,0,28,108,0,136,0,7,117,0,124,0,35,225,0,260,322,0,322,582
09/29/2021,FTW,TX,ASW,CE,Towers with Radar,0,17,92,5,114,0,3,89,0,92,0,20,181,5,206,272,0,272,478
09/30/2021,FTW,TX,ASW,CE,Towers with Radar,0,37,105,1,143,0,4,60,2,66,0,41,165,3,209,126,0,126,335
10/01/2021,FTW,TX,ASW,CE,Towers with Radar,2,42,108,1,153,0,4,38,0,42,2,46,146,1,195,38,0,38,233
10/02/2021,FTW,TX,ASW,CE,Towers with Radar,0,34,72,2,108,0,5,52,0,57,0,39,124,2,165,38,0,38,203
10/03/2021,FTW,TX,ASW,CE,Towers with Radar,0,47,89,1,137,0,2,88,1,91,0,49,177,2,228,38,0,38,266
10/04/2021,FTW,TX,ASW,CE,Towers with Radar,0,28,91,0,119,0,7,128,0,135,0,35,219,0,254,364,0,364,618
10/05/2021,FTW,TX,ASW,CE,Towers with Radar,0,25,79,0,104,0,8,168,0,176,0,33,247,0,280,502,0,502,782
10/06/2021,FTW,TX,ASW,CE,Towers with Radar,0,40,90,2,132,0,4,159,0,163,0,44,249,2,295,328,0,328,623
10/07/2021,FTW,TX,ASW,CE,Towers with Radar,0,20,82,0,102,0,6,177,0,183,0,26,259,0,285,302,0,302,587
10/08/2021,FTW,TX,ASW,CE,Towers with Radar,3,20,76,1,100,0,5,149,0,154,3,25,225,1,254,292,0,292,546
10/09/2021,FTW,TX,ASW,CE,Towers with Radar,0,25,49,1,75,0,4,115,1,120,0,29,164,2,195,86,0,86,281
10/10/2021,FTW,TX,ASW,CE,Towers with Radar,0,31,92,4,127,0,8,21,2,31,0,39,113,6,158,6,0,6,164
10/11/2021,FTW,TX,ASW,CE,Towers with Radar,0,32,79,2,113,0,6,149,1,156,0,38,228,3,269,326,0,326,595
10/12/2021,FTW,TX,ASW,CE,Towers with Radar,0,43,85,0,128,0,6,38,0,44,0,49,123,0,172,136,0,136,308
10/13/2021,FTW,TX,ASW,CE,Towers with Radar,0,35,76,0,111,0,0,8,0,8,0,35,84,0,119,82,0,82,201
10/14/2021,FTW,TX,ASW,CE,Towers with Radar,0,37,100,0,137,0,3,20,0,23,0,40,120,0,160,26,0,26,186
10/15/2021,FTW,TX,ASW,CE,Towers with Radar,0,32,103,16,151,0,1,38,3,42,0,33,141,19,193,66,14,80,273
10/16/2021,FTW,TX,ASW,CE,Towers with Radar,2,31,56,21,110,0,4,193,3,200,2,35,249,24,310,162,0,162,472
10/17/2021,FTW,TX,ASW,CE,Towers with Radar,0,41,98,18,157,0,0,112,0,112,0,41,210,18,269,92,0,92,361
10/18/2021,FTW,TX,ASW,CE,Towers with Radar,0,23,68,3,94,0,8,158,2,168,0,31,226,5,262,214,0,214,476
10/19/2021,FTW,TX,ASW,CE,Towers with Radar,0,48,92,5,145,0,10,182,2,194,0,58,274,7,339,178,0,178,517
10/20/2021,FTW,TX,ASW,CE,Towers with Radar,1,39,84,4,128,0,1,117,5,123,1,40,201,9,251,352,0,352,603
10/21/2021,FTW,TX,ASW,CE,Towers with Radar,2,25,120,0,147,0,9,170,2,181,2,34,290,2,328,350,0,350,678
10/22/2021,FTW,TX,ASW,CE,Towers with Radar,1,40,108,0,149,0,2,162,0,164,1,42,270,0,313,218,0,218,531
10/23/2021,FTW,TX,ASW,CE,Towers with Radar,3,22,91,14,130,0,0,76,0,76,3,22,167,14,206,130,4,134,340
10/24/2021,FTW,TX,ASW,CE,Towers with Radar,2,31,114,6,153,0,0,44,1,45,2,31,158,7,198,40,0,40,238
10/25/2021,FTW,TX,ASW,CE,Towers with Radar,0,14,95,0,109,0,5,146,0,151,0,19,241,0,260,296,0,296,556
10/26/2021,FTW,TX,ASW,CE,Towers with Radar,1,21,73,5,100,0,7,26,0,33,1,28,99,5,133,90,0,90,223
10/27/2021,FTW,TX,ASW,CE,Towers with Radar,0,21,87,0,108,0,4,57,0,61,0,25,144,0,169,90,0,90,259
10/28/2021,FTW,TX,ASW,CE,Towers with Radar,0,23,84,0,107,0,0,41,0,41,0,23,125,0,148,54,0,54,202
10/29/2021,FTW,TX,ASW,CE,Towers with Radar,2,18,118,0,138,0,4,43,0,47,2,22,161,0,185,64,0,64,249
10/30/2021,FTW,TX,ASW,CE,Towers with Radar,0,18,50,12,80,0,2,179,2,183,0,20,229,14,263,182,24,206,469
10/31/2021,FTW,TX,ASW,CE,Towers with Radar,0,19,62,5,86,0,5,93,3,101,0,24,155,8,187,22,2,24,211
11/01/2021,FTW,TX,ASW,CE,Towers with Radar,0,23,109,0,132,0,9,127,0,136,0,32,236,0,268,326,0,326,594
11/02/2021,FTW,TX,ASW,CE,Towers with Radar,1,53,99,0,153,0,0,27,0,27,1,53,126,0,180,74,0,74,254
11/03/2021,FTW,TX,ASW,CE,Towers with Radar,0,33,60,0,93,0,3,2,0,5,0,36,62,0,98,72,0,72,170
11/04/2021,FTW,TX,ASW,CE,Towers with Radar,0,35,117,0,152,0,4,97,0,101,0,39,214,0,253,454,0,454,707
11/05/2021,FTW,TX,ASW,CE,Towers with Radar,3,28,111,3,145,0,2,163,0,165,3,30,274,3,310,414,0,414,724
11/06/2021,FTW,TX,ASW,CE,Towers with Radar,2,21,90,7,120,0,3,158,1,162,2,24,248,8,282,234,0,234,516
11/07/2021,FTW,TX,ASW,CE,Towers with Radar,0,45,94,0,139,0,5,108,0,113,0,50,202,0,252,172,0,172,424
11/08/2021,FTW,TX,ASW,CE,Towers with Radar,0,45,104,0,149,0,3,124,0,127,0,48,228,0,276,392,0,392,668
11/09/2021,FTW,TX,ASW,CE,Towers with Radar,0,38,112,0,150,0,9,143,0,152,0,47,255,0,302,296,0,296,598
11/10/2021,FTW,TX,ASW,CE,Towers with Radar,0,29,108,0,137,0,6,37,0,43,0,35,145,0,180,152,0,152,332
11/11/2021,FTW,TX,ASW,CE,Towers with Radar,3,51,79,0,133,0,8,191,0,199,3,59,270,0,332,400,0,400,732
11/12/2021,FTW,TX,ASW,CE,Towers with Radar,0,42,113,4,159,0,6,141,3,150,0,48,254,7,309,230,0,230,539
11/13/2021,FTW,TX,ASW,CE,Towers with Radar,0,38,61,19,118,0,9,163,0,172,0,47,224,19,290,264,0,264,554
11/14/2021,FTW,TX,ASW,CE,Towers with Radar,0,34,77,13,124,0,5,105,0,110,0,39,182,13,234,192,2,194,428
11/15/2021,FTW,TX,ASW,CE,Towers with Radar,0,21,91,0,112,0,11,171,1,183,0,32,262,1,295,312,0,312,607
11/16/2021,FTW,TX,ASW,CE,Towers with Radar,1,24,108,0,133,0,4,73,1,78,1,28,181,1,211,136,0,136,347
11/17/2021,FTW,TX,ASW,CE,Towers with Radar,2,41,98,0,141,0,2,65,1,68,2,43,163,1,209,244,0,244,453
11/18/2021,FTW,TX,ASW,CE,Towers with Radar,2,32,83,3,120,0,6,121,0,127,2,38,204,3,247,214,0,214,461
11/19/2021,FTW,TX,ASW,CE,Towers with Radar,2,49,119,3,173,0,5,179,2,186,2,54,298,5,359,218,0,218,577
11/20/2021,FTW,TX,ASW,CE,Towers with Radar,1,45,81,4,131,0,2,160,0,162,1,47,241,4,293,240,0,240,533
11/21/2021,FTW,TX,ASW,CE,Towers with Radar,0,22,88,4,114,0,2,26,2,30,0,24,114,6,144,96,0,96,240
11/22/2021,FTW,TX,ASW,CE,Towers with Radar,0,25,68,0,93,0,5,203,2,210,0,30,271,2,303,470,0,470,773
11/23/2021,FTW,TX,ASW,CE,Towers with Radar,2,42,77,1,122,0,12,136,0,148,2,54,213,1,270,310,0,310,580
11/24/2021,FTW,TX,ASW,CE,Towers with Radar,0,36,87,0,123,0,4,72,2,78,0,40,159,2,201,130,0,130,331
11/25/2021,FTW,TX,ASW,CE,Towers with Radar,0,16,16,0,32,0,1,17,0,18,0,17,33,0,50,18,0,18,68
11/26/2021,FTW,TX,ASW,CE,Towers with Radar,0,27,52,0,79,0,6,91,0,97,0,33,143,0,176,62,0,62,238
11/27/2021,FTW,TX,ASW,CE,Towers with Radar,0,29,89,0,118,0,5,22,0,27,0,34,111,0,145,18,0,18,163
11/28/2021,FTW,TX,ASW,CE,Towers with Radar,0,64,127,0,191,0,4,113,0,117,0,68,240,0,308,100,0,100,408
11/29/2021,FTW,TX,ASW,CE,Towers with Radar,3,50,78,0,131,0,7,145,0,152,3,57,223,0,283,460,0,460,743
11/30/2021,FTW,TX,ASW,CE,Towers with Radar,0,33,71,2,106,0,5,168,0,173,0,38,239,2,279,432,0,432,711
12/01/2021,FTW,TX,ASW,CE,Towers with Radar,0,22,82,0,104,0,5,171,0,176,0,27,253,0,280,480,0,480,760
12/02/2021,FTW,TX,ASW,CE,Towers with Radar,0,33,102,1,136,0,3,158,0,161,0,36,260,1,297,292,0,292,589
12/03/2021,FTW,TX,ASW,CE,Towers with Radar,0,36,92,8,136,0,3,91,0,94,0,39,183,8,230,240,12,252,482
12/04/2021,FTW,TX,ASW,CE,Towers with Radar,0,31,74,23,128,0,4,53,2,59,0,35,127,25,187,156,8,164,351
12/05/2021,FTW,TX,ASW,CE,Towers with Radar,1,29,89,12,131,0,0,34,2,36,1,29,123,14,167,144,0,144,311
12/06/2021,FTW,TX,ASW,CE,Towers with Radar,2,22,89,1,114,0,13,95,0,108,2,35,184,1,222,368,0,368,590
12/07/2021,FTW,TX,ASW,CE,Towers with Radar,3,29,97,2,131,0,11,150,1,162,3,40,247,3,293,482,0,482,775
12/08/2021,FTW,TX,ASW,CE,Towers with Radar,2,32,121,9,164,0,2,72,1,75,2,34,193,10,239,292,0,292,531
12/09/2021,FTW,TX,ASW,CE,Towers with Radar,0,26,101,3,130,0,7,182,2,191,0,33,283,5,321,502,0,502,823
12/10/2021,FTW,TX,ASW,CE,Towers with Radar,0,37,130,13,180,0,7,94,1,102,0,44,224,14,282,366,0,366,648
12/11/2021,FTW,TX,ASW,CE,Towers with Radar,0,15,70,9,94,0,4,137,4,145,0,19,207,13,239,308,2,310,549
12/12/2021,FTW,TX,ASW,CE,Towers with Radar,0,25,93,2,120,0,5,125,4,134,0,30,218,6,254,266,0,266,520
12/13/2021,FTW,TX,ASW,CE,Towers with Radar,0,26,78,4,108,0,1,180,0,181,0,27,258,4,289,500,0,500,789
12/14/2021,FTW,TX,ASW,CE,Towers with Radar,1,31,92,3,127,0,2,64,0,66,1,33,156,3,193,260,0,260,453
12/15/2021,FTW,TX,ASW,CE,Towers with Radar,1,33,94,1,129,0,8,40,0,48,1,41,134,1,177,164,0,164,341
12/16/2021,FTW,TX,ASW,CE,Towers with Radar,0,32,100,0,132,0,8,129,1,138,0,40,229,1,270,464,0,464,734
12/17/2021,FTW,TX,ASW,CE,Towers with Radar,6,38,115,0,159,0,5,87,0,92,6,43,202,0,251,58,0,58,309
12/18/2021,FTW,TX,ASW,CE,Towers with Radar,5,26,80,1,112,0,4,58,1,63,5,30,138,2,175,8,8,16,191
12/19/2021,FTW,TX,ASW,CE,Towers with Radar,0,45,85,1,131,0,5,119,2,126,0,50,204,3,257,166,2,168,425
12/20/2021,FTW,TX,ASW,CE,Towers with Radar,0,29,61,3,93,0,9,133,5,147,0,38,194,8,240,398,6,404,644
12/21/2021,FTW,TX,ASW,CE,Towers with Radar,2,26,81,0,109,0,5,164,0,169,2,31,245,0,278,466,0,466,744
12/22/2021,FTW,TX,ASW,CE,Towers with Radar,5,41,103,0,149,0,3,104,2,109,5,44,207,2,258,350,0,350,608
12/23/2021,FTW,TX,ASW,CE,Towers with Radar,4,40,60,0,104,0,5,149,0,154,4,45,209,0,258,240,0,240,498
12/24/2021,FTW,TX,ASW,CE,Towers with Radar,0,19,34,0,53,0,10,40,0,50,0,29,74,0,103,30,0,30,133
12/25/2021,FTW,TX,ASW,CE,Towers with Radar,0,15,4,0,19,0,1,48,0,49,0,16,52,0,68,90,0,90,158
12/26/2021,FTW,TX,ASW,CE,Towers with Radar,0,28,102,0,130,0,5,23,0,28,0,33,125,0,158,14,0,14,172
12/27/2021,FTW,TX,ASW,CE,Towers with Radar,0,30,86,0,116,0,1,116,0,117,0,31,202,0,233,364,0,364,597
12/28/2021,FTW,TX,ASW,CE,Towers with Radar,1,17,75,0,93,0,9,104,0,113,1,26,179,0,206,152,0,152,358
12/29/2021,FTW,TX,ASW,CE,Towers with Radar,2,21,74,2,99,0,5,90,0,95,2,26,164,2,194,392,0,392,586
12/30/2021,FTW,TX,ASW,CE,Towers with Radar,0,20,67,0,87,0,3,118,0,121,0,23,185,0,208,372,0,372,580
12/31/2021,FTW,TX,ASW,CE,Towers with Radar,1,33,52,0,86,0,1,27,0,28,1,34,79,0,114,56,0,56,170
01/01/2022,FTW,TX,ASW,CE,Towers with Radar,0,19,39,0,58,0,0,12,0,12,0,19,51,0,70,4,0,4,74
01/02/2022,FTW,TX,ASW,CE,Towers with Radar,0,24,74,0,98,0,4,20,0,24,0,28,94,0,122,0,0,0,122
01/03/2022,FTW,TX,ASW,CE,Towers with Radar,0,26,70,0,96,0,0,86,0,86,0,26,156,0,182,314,0,314,496
01/04/2022,FTW,TX,ASW,CE,Towers with Radar,0,29,73,0,102,0,5,82,0,87,0,34,155,0,189,246,0,246,435
01/05/2022,FTW,TX,ASW,CE,Towers with Radar,1,19,56,6,82,0,5,148,1,154,1,24,204,7,236,474,0,474,710
01/06/2022,FTW,TX,ASW,CE,Towers with Radar,0,18,75,5,98,0,4,80,5,89,0,22,155,10,187,204,6,210,397
01/07/2022,FTW,TX,ASW,CE,Towers with Radar,0,16,91,1,108,0,5,129,0,134,0,21,220,1,242,380,0,380,622
01/08/2022,FTW,TX,ASW,CE,Towers with Radar,0,8,34,3,45,0,0,0,0,0,0,8,34,3,45,0,0,0,45
01/09/2022,FTW,TX,ASW,CE,Towers with Radar,2,30,65,0,97,0,2,27,0,29,2,32,92,0,126,44,0,44,170
01/10/2022,FTW,TX,ASW,CE,Towers with Radar,0,27,90,0,117,0,4,146,0,150,0,31,236,0,267,264,0,264,531
01/11/2022,FTW,TX,ASW,CE,Towers with Radar,0,20,73,0,93,0,6,117,2,125,0,26,190,2,218,322,0,322,540
01/12/2022,FTW,TX,ASW,CE,Towers with Radar,3,36,105,0,144,0,6,192,0,198,3,42,297,0,342,402,0,402,744
01/13/2022,FTW,TX,ASW,CE,Towers with Radar,0,23,96,0,119,0,8,147,0,155,0,31,243,0,274,280,0,280,554
01/14/2022,FTW,TX,ASW,CE,Towers with Radar,0,36,87,0,123,0,5,112,0,117,0,41,199,0,240,204,0,204,444
01/15/2022,FTW,TX,ASW,CE,Towers with Radar,2,10,38,5,55,0,0,19,2,21,2,10,57,7,76,0,2,2,78
01/16/2022,FTW,TX,ASW,CE,Towers with Radar,0,24,84,0,108,0,4,82,0,86,0,28,166,0,194,80,0,80,274
01/17/2022,FTW,TX,ASW,CE,Towers with Radar,0,25,65,5,95,0,6,185,2,193,0,31,250,7,288,386,0,386,674
01/18/2022,FTW,TX,ASW,CE,Towers with Radar,0,11,71,5,87,0,6,105,1,112,0,17,176,6,199,138,0,138,337
01/19/2022,FTW,TX,ASW,CE,Towers with Radar,2,25,71,1,99,0,6,88,0,94,2,31,159,1,193,342,0,342,535
01/20/2022,FTW,TX,ASW,CE,Towers with Radar,0,30,93,2,125,0,12,29,0,41,0,42,122,2,166,78,0,78,244
01/21/2022,FTW,TX,ASW,CE,Towers with Radar,0,29,78,43,150,0,3,164,2,169,0,32,242,45,319,444,2,446,765
01/22/2022,FTW,TX,ASW,CE,Towers with Radar,0,25,48,31,104,0,10,139,4,153,0,35,187,35,257,236,54,290,547
01/23/2022,FTW,TX,ASW,CE,Towers with Radar,1,29,71,12,113,0,3,90,0,93,1,32,161,12,206,110,0,110,316
01/24/2022,FTW,TX,ASW,CE,Towers with Radar,0,27,89,0,116,0,9,51,0,60,0,36,140,0,176,258,0,258,434
01/25/2022,FTW,TX,ASW,CE,Towers with Radar,0,20,78,6,104,0,9,124,0,133,0,29,202,6,237,276,0,276,513
01/26/2022,FTW,TX,ASW,CE,Towers with Radar,2,27,81,1,111,0,2,130,0,132,2,29,211,1,243,394,0,394,637
01/27/2022,FTW,TX,ASW,CE,Towers with Radar,0,32,118,5,155,0,2,125,0,127,0,34,243,5,282,382,0,382,664
01/28/2022,FTW,TX,ASW,CE,Towers with Radar,1,33,103,4,141,0,5,118,0,123,1,38,221,4,264,300,0,300,564
01/29/2022,FTW,TX,ASW,CE,Towers with Radar,1,23,79,21,124,0,0,114,6,120,1,23,193,27,244,226,16,242,486
01/30/2022,FTW,TX,ASW,CE,Towers with Radar,0,25,91,3,119,0,0,130,3,133,0,25,221,6,252,130,0,130,382
01/31/2022,FTW,TX,ASW,CE,Towers with Radar,1,25,65,0,91,0,2,97,1,100,1,27,162,1,191,484,0,484,675
02/01/2022,FTW,TX,ASW,CE,Towers with Radar,0,40,92,0,132,0,4,76,0,80,0,44,168,0,212,436,0,436,648
02/02/2022,FTW,TX,ASW,CE,Towers with Radar,1,29,70,0,100,0,2,11,0,13,1,31,81,0,113,126,0,126,239
02/03/2022,FTW,TX,ASW,CE,Towers with Radar,0,1,12,0,13,0,0,0,0,0,0,1,12,0,13,0,0,0,13
02/04/2022,FTW,TX,ASW,CE,Towers with Radar,2,12,67,4,85,0,7,24,1,32,2,19,91,5,117,0,0,0,117
02/05/2022,FTW,TX,ASW,CE,Towers with Radar,2,13,39,0,54,0,2,80,2,84,2,15,119,2,138,120,0,120,258
02/06/2022,FTW,TX,ASW,CE,Towers with Radar,0,25,78,0,103,0,3,92,3,98,0,28,170,3,201,144,0,144,345
02/07/2022,FTW,TX,ASW,CE,Towers with Radar,0,38,75,3,116,0,7,170,4,181,0,45,245,7,297,672,0,672,969
02/08/2022,FTW,TX,ASW,CE,Towers with Radar,5,36,57,1,99,0,8,161,1,170,5,44,218,2,269,258,0,258,527
02/09/2022,FTW,TX,ASW,CE,Towers with Radar,1,27,115,0,143,0,5,193,1,199,1,32,308,1,342,342,0,342,684
02/10/2022,FTW,TX,ASW,CE,Towers with Radar,0,29,95,5,129,0,5,167,1,173,0,34,262,6,302,438,0,438,740
02/11/2022,FTW,TX,ASW,CE,Towers with Radar,0,27,111,14,152,0,5,160,6,171,0,32,271,20,323,274,18,292,615
02/12/2022,FTW,TX,ASW,CE,Towers with Radar,0,21,42,13,76,0,2,63,3,68,0,23,105,16,144,56,32,88,232
02/13/2022,FTW,TX,ASW,CE,Towers with Radar,0,21,49,10,80,0,2,143,2,147,0,23,192,12,227,234,0,234,461
02/14/2022,FTW,TX,ASW,CE,Towers with Radar,0,21,85,2,108,0,3,133,3,139,0,24,218,5,247,344,0,344,591
02/15/2022,FTW,TX,ASW,CE,Towers with Radar,0,33,84,10,127,0,5,46,0,51,0,38,130,10,178,124,2,126,304
02/16/2022,FTW,TX,ASW,CE,Towers with Radar,0,25,106,3,134,0,4,27,0,31,0,29,133,3,165,70,0,70,235
02/17/2022,FTW,TX,ASW,CE,Towers with Radar,0,34,84,0,118,0,2,17,0,19,0,36,101,0,137,68,0,68,205
02/18/2022,FTW,TX,ASW,CE,Towers with Radar,2,41,111,0,154,0,4,164,0,168,2,45,275,0,322,298,0,298,620
02/19/2022,FTW,TX,ASW,CE,Towers with Radar,0,25,52,0,77,0,3,167,0,170,0,28,219,0,247,316,0,316,563
02/20/2022,FTW,TX,ASW,CE,Towers with Radar,0,30,65,2,97,0,2,91,1,94,0,32,156,3,191,93,8,101,292
02/21/2022,FTW,TX,ASW,CE,Towers with Radar,0,19,98,2,119,0,2,51,0,53,0,21,149,2,172,424,0,424,596
02/22/2022,FTW,TX,ASW,CE,Towers with Radar,2,15,124,1,142,0,1,85,1,87,2,16,209,2,229,120,0,120,349
02/23/2022,FTW,TX,ASW,CE,Towers with Radar,0,12,36,2,50,0,1,0,0,1,0,13,36,2,51,0,0,0,51
02/24/2022,FTW,TX,ASW,CE,Towers with Radar,0,16,45,0,61,0,1,0,0,1,0,17,45,0,62,0,0,0,62
02/25/2022,FTW,TX,ASW,CE,Towers with Radar,0,33,105,5,143,0,3,81,0,84,0,36,186,5,227,308,0,308,535
02/26/2022,FTW,TX,ASW,CE,Towers with Radar,2,17,30,3,52,0,2,11,0,13,2,19,41,3,65,28,0,28,93
02/27/2022,FTW,TX,ASW,CE,Towers with Radar,0,33,88,1,122,0,0,111,2,113,0,33,199,3,235,321,0,321,556
02/28/2022,FTW,TX,ASW,CE,Towers with Radar,0,23,79,2,104,0,2,167,0,169,0,25,246,2,273,502,0,502,775
03/01/2022,FTW,TX,ASW,CE,Towers with Radar,0,35,99,0,134,0,2,199,0,201,0,37,298,0,335,568,0,568,903
03/02/2022,FTW,TX,ASW,CE,Towers with Radar,1,25,136,4,166,0,1,182,0,183,1,26,318,4,349,488,0,488,837
03/03/2022,FTW,TX,ASW,CE,Towers with Radar,0,22,124,0,146,0,4,197,0,201,0,26,321,0,347,594,0,594,941
03/04/2022,FTW,TX,ASW,CE,Towers with Radar,0,45,121,26,192,0,4,53,2,59,0,49,174,28,251,294,42,336,587
03/05/2022,FTW,TX,ASW,CE,Towers with Radar,1,22,58,15,96,0,3,49,8,60,1,25,107,23,156,104,94,198,354
03/06/2022,FTW,TX,ASW,CE,Towers with Radar,2,31,90,10,133,0,2,12,0,14,2,33,102,10,147,0,0,0,147
03/07/2022,FTW,TX,ASW,CE,Towers with Radar,0,22,74,1,97,0,4,144,3,151,0,26,218,4,248,442,0,442,690
03/08/2022,FTW,TX,ASW,CE,Towers with Radar,0,19,70,1,90,0,2,36,0,38,0,21,106,1,128,182,0,182,310
03/09/2022,FTW,TX,ASW,CE,Towers with Radar,2,36,103,12,153,0,5,187,0,192,2,41,290,12,345,434,6,440,785
03/10/2022,FTW,TX,ASW,CE,Towers with Radar,0,28,90,10,128,0,13,166,4,183,0,41,256,14,311,534,0,534,845
03/11/2022,FTW,TX,ASW,CE,Towers with Radar,0,36,68,12,116,0,1,11,0,12,0,37,79,12,128,0,0,0,128
03/12/2022,FTW,TX,ASW,CE,Towers with Radar,4,47,100,11,162,0,1,132,2,135,4,48,232,13,297,512,4,516,813
03/13/2022,FTW,TX,ASW,CE,Towers with Radar,2,36,80,5,123,0,2,92,5,99,2,38,172,10,222,174,0,174,396
03/14/2022,FTW,TX,ASW,CE,Towers with Radar,0,22,99,2,123,0,3,47,1,51,0,25,146,3,174,156,0,156,330
03/15/2022,FTW,TX,ASW,CE,Towers with Radar,11,20,74,2,107,0,9,160,0,169,11,29,234,2,276,570,0,570,846
03/16/2022,FTW,TX,ASW,CE,Towers with Radar,4,27,90,0,121,0,1,168,0,169,4,28,258,0,290,604,0,604,894
03/17/2022,FTW,TX,ASW,CE,Towers with Radar,0,33,71,0,104,0,1,59,0,60,0,34,130,0,164,172,0,172,336
03/18/2022,FTW,TX,ASW,CE,Towers with Radar,6,37,93,17,153,0,1,57,0,58,6,38,150,17,211,110,0,110,321
03/19/2022,FTW,TX,ASW,CE,Towers with Radar,4,48,99,1,152,0,4,201,0,205,4,52,300,1,357,482,0,482,839
03/20/2022,FTW,TX,ASW,CE,Towers with Radar,2,36,85,7,130,0,0,84,2,86,2,36,169,9,216,50,0,50,266
03/21/2022,FTW,TX,ASW,CE,Towers with Radar,2,17,48,1,68,0,1,4,0,5,2,18,52,1,73,46,0,46,119
03/22/2022,FTW,TX,ASW,CE,Towers with Radar,0,34,82,2,118,0,1,37,0,38,0,35,119,2,156,164,0,164,320
03/23/2022,FTW,TX,ASW,CE,Towers with Radar,0,22,93,1,116,0,1,121,0,122,0,23,214,1,238,166,0,166,404
03/24/2022,FTW,TX,ASW,CE,Towers with Radar,0,26,120,17,163,0,3,200,3,206,0,29,320,20,369,466,0,466,835
03/25/2022,FTW,TX,ASW,CE,Towers with Radar,0,17,98,21,136,0,2,204,0,206,0,19,302,21,342,638,14,652,994
03/26/2022,FTW,TX,ASW,CE,Towers with Radar,0,16,51,13,80,0,1,180,6,187,0,17,231,19,267,294,0,294,561
03/27/2022,FTW,TX,ASW,CE,Towers with Radar,0,21,91,3,115,0,3,117,1,121,0,24,208,4,236,250,0,250,486
03/28/2022,FTW,TX,ASW,CE,Towers with Radar,0,22,68,1,91,0,3,129,1,133,0,25,197,2,224,454,0,454,678
03/29/2022,FTW,TX,ASW,CE,Towers with Radar,0,18,76,0,94,0,7,34,0,41,0,25,110,0,135,172,0,172,307
03/30/2022,FTW,TX,ASW,CE,Towers with Radar,0,20,68,4,92,0,0,71,1,72,0,20,139,5,164,156,0,156,320
03/31/2022,FTW,TX,ASW,CE,Towers with Radar,0,20,84,0,104,0,5,193,0,198,0,25,277,0,302,554,0,554,856
04/01/2022,FTW,TX,ASW,CE,Towers with Radar,0,30,90,1,121,0,1,186,0,187,0,31,276,1,308,373,0,373,681
04/02/2022,FTW,TX,ASW,CE,Towers with Radar,3,27,37,2,69,0,3,159,1,163,3,30,196,3,232,304,0,304,536
04/03/2022,FTW,TX,ASW,CE,Towers with Radar,0,41,88,8,137,0,4,110,0,114,0,45,198,8,251,168,4,172,423
04/04/2022,FTW,TX,ASW,CE,Towers with Radar,0,15,79,1,95,0,1,34,1,36,0,16,113,2,131,132,2,134,265
04/05/2022,FTW,TX,ASW,CE,Towers with Radar,0,29,87,3,119,0,6,111,5,122,0,35,198,8,241,428,2,430,671
04/06/2022,FTW,TX,ASW,CE,Towers with Radar,0,28,102,1,131,0,3,112,2,117,0,31,214,3,248,180,0,180,428
04/07/2022,FTW,TX,ASW,CE,Towers with Radar,0,20,85,4,109,0,4,75,0,79,0,24,160,4,188,251,0,251,439
04/08/2022,FTW,TX,ASW,CE,Towers with Radar,0,35,102,10,147,0,2,116,1,119,0,37,218,11,266,328,2,330,596
04/09/2022,FTW,TX,ASW,CE,Towers with Radar,0,38,70,4,112,0,5,155,3,163,0,43,225,7,275,286,0,286,561
04/10/2022,FTW,TX,ASW,CE,Towers with Radar,0,30,73,1,104,0,0,15,0,15,0,30,88,1,119,0,0,0,119
04/11/2022,FTW,TX,ASW,CE,Towers with Radar,0,26,76,0,102,0,4,79,0,83,0,30,155,0,185,236,0,236,421
04/12/2022,FTW,TX,ASW,CE,Towers with Radar,0,19,70,0,89,1,7,17,4,29,1,26,87,4,118,166,0,166,284
04/13/2022,FTW,TX,ASW,CE,Towers with Radar,0,31,98,0,129,0,6,48,0,54,0,37,146,0,183,70,0,70,253
04/14/2022,FTW,TX,ASW,CE,Towers with Radar,0,38,116,0,154,0,0,230,0,230,0,38,346,0,384,442,0,442,826
04/15/2022,FTW,TX,ASW,CE,Towers with Radar,0,29,98,2,129,0,0,95,0,95,0,29,193,2,224,438,0,438,662
04/16/2022,FTW,TX,ASW,CE,Towers with Radar,0,10,57,3,70,0,3,29,0,32,0,13,86,3,102,50,0,50,152
04/17/2022,FTW,TX,ASW,CE,Towers with Radar,2,30,57,3,92,0,1,48,0,49,2,31,105,3,141,28,12,40,181
04/18/2022,FTW,TX,ASW,CE,Towers with Radar,2,36,110,3,151,0,9,147,0,156,2,45,257,3,307,314,0,314,621
04/19/2022,FTW,TX,ASW,CE,Towers with Radar,2,26,99,0,127,0,3,83,2,88,2,29,182,2,215,130,0,130,345
04/20/2022,FTW,TX,ASW,CE,Towers with Radar,0,31,99,7,137,0,1,37,0,38,0,32,136,7,175,62,0,62,237
04/21/2022,FTW,TX,ASW,CE,Towers with Radar,0,32,128,3,163,0,3,79,0,82,0,35,207,3,245,152,0,152,397
04/22/2022,FTW,TX,ASW,CE,Towers with Radar,0,27,88,39,154,0,5,55,2,62,0,32,143,41,216,98,36,134,350
04/23/2022,FTW,TX,ASW,CE,Towers with Radar,0,20,63,7,90,0,3,11,1,15,0,23,74,8,105,0,0,0,105
04/24/2022,FTW,TX,ASW,CE,Towers with Radar,0,36,73,4,113,0,5,7,1,13,0,41,80,5,126,16,0,16,142
04/25/2022,FTW,TX,ASW,CE,Towers with Radar,0,35,66,6,107,0,2,81,0,83,0,37,147,6,190,148,0,148,338
04/26/2022,FTW,TX,ASW,CE,Towers with Radar,0,26,78,3,107,0,4,278,3,285,0,30,356,6,392,602,0,602,994
04/27/2022,FTW,TX,ASW,CE,Towers with Radar,2,24,100,3,129,0,9,262,2,273,2,33,362,5,402,484,0,484,886
04/28/2022,FTW,TX,ASW,CE,Towers with Radar,0,33,147,3,183,0,6,108,0,114,0,39,255,3,297,380,0,380,677
04/29/2022,FTW,TX,ASW,CE,Towers with Radar,2,30,96,2,130,0,4,43,0,47,2,34,139,2,177,98,6,104,281
04/30/2022,FTW,TX,ASW,CE,Towers with Radar,0,29,65,1,95,0,3,164,0,167,0,32,229,1,262,306,0,306,568
05/01/2022,FTW,TX,ASW,CE,Towers with Radar,0,26,87,0,113,0,7,69,0,76,0,33,156,0,189,52,0,52,241
05/02/2022,FTW,TX,ASW,CE,Towers with Radar,0,20,80,0,100,0,7,31,0,38,0,27,111,0,138,36,0,36,174
05/03/2022,FTW,TX,ASW,CE,Towers with Radar,0,21,84,4,109,0,2,28,0,30,0,23,112,4,139,218,0,218,357
05/04/2022,FTW,TX,ASW,CE,Towers with Radar,0,22,81,2,105,0,1,33,0,34,0,23,114,2,139,120,0,120,259
05/05/2022,FTW,TX,ASW,CE,Towers with Radar,2,34,107,0,143,0,3,63,0,66,2,37,170,0,209,254,0,254,463
05/06/2022,FTW,TX,ASW,CE,Towers with Radar,0,52,119,3,174,0,7,220,4,231,0,59,339,7,405,312,0,312,717
05/07/2022,FTW,TX,ASW,CE,Towers with Radar,0,23,81,7,111,0,4,72,0,76,0,27,153,7,187,136,2,138,325
05/08/2022,FTW,TX,ASW,CE,Towers with Radar,0,46,94,3,143,0,0,56,0,56,0,46,150,3,199,50,0,50,249
05/09/2022,FTW,TX,ASW,CE,Towers with Radar,0,31,75,2,108,0,2,50,0,52,0,33,125,2,160,188,0,188,348
05/10/2022,FTW,TX,ASW,CE,Towers with Radar,2,23,83,4,112,0,8,119,2,129,2,31,202,6,241,306,0,306,547
05/11/2022,FTW,TX,ASW,CE,Towers with Radar,1,29,110,3,143,0,6,160,1,167,1,35,270,4,310,481,0,481,791
05/12/2022,FTW,TX,ASW,CE,Towers with Radar,0,34,100,0,134,0,3,180,0,183,0,37,280,0,317,338,0,338,655
05/13/2022,FTW,TX,ASW,CE,Towers with Radar,0,39,66,1,106,0,7,173,0,180,0,46,239,1,286,382,0,382,668
05/14/2022,FTW,TX,ASW,CE,Towers with Radar,0,24,49,4,77,0,6,127,0,133,0,30,176,4,210,252,0,252,462
05/15/2022,FTW,TX,ASW,CE,Towers with Radar,0,18,85,4,107,0,5,91,0,96,0,23,176,4,203,38,0,38,241
05/16/2022,FTW,TX,ASW,CE,Towers with Radar,2,27,94,3,126,0,1,153,0,154,2,28,247,3,280,254,0,254,534
05/17/2022,FTW,TX,ASW,CE,Towers with Radar,0,41,135,3,179,0,3,143,1,147,0,44,278,4,326,134,0,134,460
05/18/2022,FTW,TX,ASW,CE,Towers with Radar,0,35,118,2,155,0,2,141,0,143,0,37,259,2,298,204,0,204,502
05/19/2022,FTW,TX,ASW,CE,Towers with Radar,0,34,95,1,130,0,4,103,1,108,0,38,198,2,238,258,0,258,496
05/20/2022,FTW,TX,ASW,CE,Towers with Radar,0,37,87,4,128,0,4,60,0,64,0,41,147,4,192,24,0,24,216
05/21/2022,FTW,TX,ASW,CE,Towers with Radar,0,16,68,8,92,0,0,35,1,36,0,16,103,9,128,84,14,98,226
05/22/2022,FTW,TX,ASW,CE,Towers with Radar,0,34,87,3,124,0,1,75,4,80,0,35,162,7,204,108,0,108,312
05/23/2022,FTW,TX,ASW,CE,Towers with Radar,0,26,85,0,111,0,0,42,1,43,0,26,127,1,154,114,0,114,268
05/24/2022,FTW,TX,ASW,CE,Towers with Radar,0,35,60,0,95,0,1,10,0,11,0,36,70,0,106,114,0,114,220
05/25/2022,FTW,TX,ASW,CE,Towers with Radar,0,42,109,6,157,0,3,70,2,75,0,45,179,8,232,164,0,164,396
05/26/2022,FTW,TX,ASW,CE,Towers with Radar,0,31,119,5,155,0,4,197,1,202,0,35,316,6,357,398,0,398,755
05/27/2022,FTW,TX,ASW,CE,Towers with Radar,0,35,85,2,122,0,7,207,0,214,0,42,292,2,336,306,62,368,704
05/28/2022,FTW,TX,ASW,CE,Towers with Radar,0,22,48,0,70,0,6,112,0,118,0,28,160,0,188,110,0,110,298
05/29/2022,FTW,TX,ASW,CE,Towers with Radar,0,24,42,0,66,0,7,42,0,49,0,31,84,0,115,0,0,0,115
05/30/2022,FTW,TX,ASW,CE,Towers with Radar,0,27,47,0,74,0,1,33,0,34,0,28,80,0,108,14,0,14,122
05/31/2022,FTW,TX,ASW,CE,Towers with Radar,0,16,95,0,111,0,6,109,0,115,0,22,204,0,226,272,0,272,498
06/01/2022,FTW,TX,ASW,CE,Towers with Radar,2,44,61,3,110,0,1,104,4,109,2,45,165,7,219,482,0,482,701
06/02/2022,FTW,TX,ASW,CE,Towers with Radar,0,24,95,2,121,0,5,100,0,105,0,29,195,2,226,544,0,544,770
06/03/2022,FTW,TX,ASW,CE,Towers with Radar,0,13,73,11,97,0,2,77,0,79,0,15,150,11,176,292,0,292,468
06/04/2022,FTW,TX,ASW,CE,Towers with Radar,0,23,79,15,117,0,5,99,2,106,0,28,178,17,223,116,6,122,345
06/05/2022,FTW,TX,ASW,CE,Towers with Radar,0,28,80,8,116,0,2,61,1,64,0,30,141,9,180,28,0,28,208
06/06/2022,FTW,TX,ASW,CE,Towers with Radar,1,33,65,6,105,0,0,137,0,137,1,33,202,6,242,168,0,168,410
06/07/2022,FTW,TX,ASW,CE,Towers with Radar,0,27,77,1,105,0,5,153,1,159,0,32,230,2,264,202,0,202,466
06/08/2022,FTW,TX,ASW,CE,Towers with Radar,0,31,106,0,137,0,3,120,0,123,0,34,226,0,260,234,0,234,494
06/09/2022,FTW,TX,ASW,CE,Towers with Radar,0,31,128,2,161,0,3,131,0,134,0,34,259,2,295,426,0,426,721
06/10/2022,FTW,TX,ASW,CE,Towers with Radar,0,24,85,15,124,0,6,141,3,150,0,30,226,18,274,420,8,428,702
06/11/2022,FTW,TX,ASW,CE,Towers with Radar,0,17,48,12,77,0,1,96,1,98,0,18,144,13,175,188,0,188,363
06/12/2022,FTW,TX,ASW,CE,Towers with Radar,1,30,71,8,110,0,2,63,5,70,1,32,134,13,180,156,0,156,336
06/13/2022,FTW,TX,ASW,CE,Towers with Radar,1,16,63,2,82,0,3,135,2,140,1,19,198,4,222,176,0,176,398
06/14/2022,FTW,TX,ASW,CE,Towers with Radar,0,18,92,3,113,0,6,95,1,102,0,24,187,4,215,200,0,200,415
06/15/2022,FTW,TX,ASW,CE,Towers with Radar,0,29,83,0,112,0,13,151,1,165,0,42,234,1,277,438,0,438,715
06/16/2022,FTW,TX,ASW,CE,Towers with Radar,3,30,90,2,125,0,1,194,2,197,3,31,284,4,322,392,0,392,714
06/17/2022,FTW,TX,ASW,CE,Towers with Radar,0,24,97,2,123,0,5,166,0,171,0,29,263,2,294,324,0,324,618
06/18/2022,FTW,TX,ASW,CE,Towers with Radar,1,18,62,0,81,0,1,98,1,100,1,19,160,1,181,118,0,118,299
06/19/2022,FTW,TX,ASW,CE,Towers with Radar,0,27,66,0,93,0,2,76,0,78,0,29,142,0,171,44,0,44,215
06/20/2022,FTW,TX,ASW,CE,Towers with Radar,0,25,76,2,103,0,4,137,1,142,0,29,213,3,245,392,0,392,637
06/21/2022,FTW,TX,ASW,CE,Towers with Radar,0,19,110,0,129,0,4,172,0,176,0,23,282,0,305,418,0,418,723
06/22/2022,FTW,TX,ASW,CE,Towers with Radar,1,26,78,0,105,0,4,162,2,168,1,30,240,2,273,430,8,438,711
06/23/2022,FTW,TX,ASW,CE,Towers with Radar,0,34,105,0,139,0,0,156,0,156,0,34,261,0,295,487,0,487,782
06/24/2022,FTW,TX,ASW,CE,Towers with Radar,0,27,90,10,127,0,6,169,2,177,0,33,259,12,304,362,14,376,680
06/25/2022,FTW,TX,ASW,CE,Towers with Radar,0,21,60,8,89,0,11,129,1,141,0,32,189,9,230,146,4,150,380
06/26/2022,FTW,TX,ASW,CE,Towers with Radar,0,33,84,10,127,0,1,51,1,53,0,34,135,11,180,32,0,32,212
06/27/2022,FTW,TX,ASW,CE,Towers with Radar,1,35,89,6,131,0,9,140,0,149,1,44,229,6,280,330,0,330,610
06/28/2022,FTW,TX,ASW,CE,Towers with Radar,0,30,87,0,117,0,2,139,0,141,0,32,226,0,258,234,40,274,532
06/29/2022,FTW,TX,ASW,CE,Towers with Radar,0,24,84,4,112,0,3,211,1,215,0,27,295,5,327,518,0,518,845
06/30/2022,FTW,TX,ASW,CE,Towers with Radar,2,34,96,1,133,0,3,206,0,209,2,37,302,1,342,515,0,515,857
07/01/2022,FTW,TX,ASW,CE,Towers with Radar,0,34,92,2,128,0,10,175,1,186,0,44,267,3,314,338,0,338,652
07/02/2022,FTW,TX,ASW,CE,Towers with Radar,0,21,78,1,100,0,2,92,0,94,0,23,170,1,194,96,0,96,290
07/03/2022,FTW,TX,ASW,CE,Towers with Radar,0,9,41,2,52,0,2,46,1,49,0,11,87,3,101,14,0,14,115
07/04/2022,FTW,TX,ASW,CE,Towers with Radar,0,13,32,0,45,0,2,94,0,96,0,15,126,0,141,104,0,104,245
07/05/2022,FTW,TX,ASW,CE,Towers with Radar,0,31,97,2,130,0,9,133,0,142,0,40,230,2,272,358,0,358,630
07/06/2022,FTW,TX,ASW,CE,Towers with Radar,0,23,97,0,120,0,5,147,0,152,0,28,244,0,272,350,0,350,622
07/07/2022,FTW,TX,ASW,CE,Towers with Radar,0,24,89,0,113,0,7,142,0,149,0,31,231,0,262,342,0,342,604
07/08/2022,FTW,TX,ASW,CE,Towers with Radar,0,40,58,8,106,0,4,137,15,156,0,44,195,23,262,257,14,271,533
07/09/2022,FTW,TX,ASW,CE,Towers with Radar,0,31,58,10,99,1,6,118,3,128,1,37,176,13,227,162,0,162,389
07/10/2022,FTW,TX,ASW,CE,Towers with Radar,0,25,75,6,106,0,1,80,7,88,0,26,155,13,194,76,0,76,270
07/11/2022,FTW,TX,ASW,CE,Towers with Radar,0,38,68,4,110,0,0,159,2,161,0,38,227,6,271,332,0,332,603
07/12/2022,FTW,TX,ASW,CE,Towers with Radar,1,38,101,0,140,0,9,179,1,189,1,47,280,1,329,362,0,362,691
07/13/2022,FTW,TX,ASW,CE,Towers with Radar,1,25,93,5,124,0,4,164,0,168,1,29,257,5,292,382,0,382,674
07/14/2022,FTW,TX,ASW,CE,Towers with Radar,0,20,105,0,125,0,4,147,3,154,0,24,252,3,279,262,0,262,541
07/15/2022,FTW,TX,ASW,CE,Towers with Radar,0,28,72,10,110,0,8,179,3,190,0,36,251,13,300,304,20,324,624
07/16/2022,FTW,TX,ASW,CE,Towers with Radar,0,27,70,15,112,0,1,174,3,178,0,28,244,18,290,180,8,188,478
07/17/2022,FTW,TX,ASW,CE,Towers with Radar,0,25,69,3,97,0,3,49,0,52,0,28,118,3,149,54,0,54,203
07/18/2022,FTW,TX,ASW,CE,Towers with Radar,0,23,103,1,127,0,6,119,3,128,0,29,222,4,255,374,8,382,637
07/19/2022,FTW,TX,ASW,CE,Towers with Radar,3,44,96,0,143,0,2,109,3,114,3,46,205,3,257,388,0,388,645
07/20/2022,FTW,TX,ASW,CE,Towers with Radar,0,37,104,1,142,0,4,171,2,177,0,41,275,3,319,448,0,448,767
07/21/2022,FTW,TX,ASW,CE,Towers with Radar,2,36,66,1,105,0,1,139,1,141,2,37,205,2,246,402,0,402,648
07/22/2022,FTW,TX,ASW,CE,Towers with Radar,0,19,78,3,100,0,8,170,0,178,0,27,248,3,278,312,18,330,608
07/23/2022,FTW,TX,ASW,CE,Towers with Radar,0,21,56,3,80,0,12,94,0,106,0,33,150,3,186,202,4,206,392
07/24/2022,FTW,TX,ASW,CE,Towers with Radar,0,36,118,5,159,0,4,102,0,106,0,40,220,5,265,78,0,78,343
07/25/2022,FTW,TX,ASW,CE,Towers with Radar,0,28,72,2,102,0,8,149,0,157,0,36,221,2,259,288,0,288,547
07/26/2022,FTW,TX,ASW,CE,Towers with Radar,0,22,137,6,165,0,6,175,0,181,0,28,312,6,346,398,0,398,744
07/27/2022,FTW,TX,ASW,CE,Towers with Radar,0,34,91,3,128,0,2,177,0,179,0,36,268,3,307,310,0,310,617
07/28/2022,FTW,TX,ASW,CE,Towers with Radar,1,27,82,3,113,0,1,155,3,159,1,28,237,6,272,230,0,230,502
07/29/2022,FTW,TX,ASW,CE,Towers with Radar,0,40,59,3,102,0,6,130,1,137,0,46,189,4,239,220,2,222,461
07/30/2022,FTW,TX,ASW,CE,Towers with Radar,0,22,42,7,71,0,2,103,0,105,0,24,145,7,176,164,8,172,348
07/31/2022,FTW,TX,ASW,CE,Towers with Radar,0,40,104,4,148,0,5,80,0,85,0,45,184,4,233,14,0,14,247
08/01/2022,FTW,TX,ASW,CE,Towers with Radar,1,20,95,1,117,0,2,175,0,177,1,22,270,1,294,450,0,450,744
08/02/2022,FTW,TX,ASW,CE,Towers with Radar,0,35,81,2,118,0,2,186,2,190,0,37,267,4,308,472,0,472,780
08/03/2022,FTW,TX,ASW,CE,Towers with Radar,1,32,109,1,143,0,2,144,2,148,1,34,253,3,291,314,0,314,605
08/04/2022,FTW,TX,ASW,CE,Towers with Radar,0,37,118,8,163,0,6,175,0,181,0,43,293,8,344,378,0,378,722
08/05/2022,FTW,TX,ASW,CE,Towers with Radar,1,33,72,13,119,0,4,142,1,147,1,37,214,14,266,258,0,258,524
08/06/2022,FTW,TX,ASW,CE,Towers with Radar,1,12,62,15,90,0,8,116,1,125,1,20,178,16,215,206,0,206,421
08/07/2022,FTW,TX,ASW,CE,Towers with Radar,0,27,85,18,130,0,5,78,0,83,0,32,163,18,213,36,0,36,249
08/08/2022,FTW,TX,ASW,CE,Towers with Radar,0,32,118,6,156,0,4,154,0,158,0,36,272,6,314,366,0,366,680
08/09/2022,FTW,TX,ASW,CE,Towers with Radar,0,24,90,5,119,0,14,132,0,146,0,38,222,5,265,326,0,326,591
08/10/2022,FTW,TX,ASW,CE,Towers with Radar,0,28,79,5,112,0,2,127,4,133,0,30,206,9,245,326,0,326,571
08/11/2022,FTW,TX,ASW,CE,Towers with Radar,0,35,109,4,148,0,4,171,0,175,0,39,280,4,323,498,0,498,821
08/12/2022,FTW,TX,ASW,CE,Towers with Radar,0,31,114,12,157,0,3,146,5,154,0,34,260,17,311,322,0,322,633
08/13/2022,FTW,TX,ASW,CE,Towers with Radar,0,28,57,0,85,0,3,99,0,102,0,31,156,0,187,152,0,152,339
08/14/2022,FTW,TX,ASW,CE,Towers with Radar,0,32,78,10,120,0,4,125,0,129,0,36,203,10,249,110,0,110,359
08/15/2022,FTW,TX,ASW,CE,Towers with Radar,0,18,95,6,119,0,6,153,2,161,0,24,248,8,280,540,0,540,820
08/16/2022,FTW,TX,ASW,CE,Towers with Radar,0,40,106,0,146,0,4,204,2,210,0,44,310,2,356,440,0,440,796
08/17/2022,FTW,TX,ASW,CE,Towers with Radar,1,31,81,1,114,0,2,120,1,123,1,33,201,2,237,336,0,336,573
08/18/2022,FTW,TX,ASW,CE,Towers with Radar,1,34,65,0,100,0,3,80,0,83,1,37,145,0,183,252,0,252,435
08/19/2022,FTW,TX,ASW,CE,Towers with Radar,0,23,67,16,106,0,1,112,3,116,0,24,179,19,222,458,12,470,692
08/20/2022,FTW,TX,ASW,CE,Towers with Radar,0,23,79,26,128,0,0,68,8,76,0,23,147,34,204,264,8,272,476
08/21/2022,FTW,TX,ASW,CE,Towers with Radar,0,34,81,13,128,0,1,19,1,21,0,35,100,14,149,0,0,0,149
08/22/2022,FTW,TX,ASW,CE,Towers with Radar,0,27,50,0,77,0,0,2,0,2,0,27,52,0,79,6,0,6,85
08/23/2022,FTW,TX,ASW,CE,Towers with Radar,0,38,79,0,117,0,1,17,0,18,0,39,96,0,135,14,0,14,149
08/24/2022,FTW,TX,ASW,CE,Towers with Radar,0,20,99,0,119,0,4,70,2,76,0,24,169,2,195,310,0,310,505
08/25/2022,FTW,TX,ASW,CE,Towers with Radar,0,33,67,0,100,0,10,172,0,182,0,43,239,0,282,352,0,352,634
08/26/2022,FTW,TX,ASW,CE,Towers with Radar,0,23,72,12,107,0,2,160,0,162,0,25,232,12,269,364,10,374,643
08/27/2022,FTW,TX,ASW,CE,Towers with Radar,0,21,49,35,105,0,6,122,2,130,0,27,171,37,235,194,62,256,491
08/28/2022,FTW,TX,ASW,CE,Towers with Radar,0,22,82,7,111,0,2,89,3,94,0,24,171,10,205,142,0,142,347
08/29/2022,FTW,TX,ASW,CE,Towers with Radar,0,12,61,1,74,0,2,147,0,149,0,14,208,1,223,254,0,254,477
08/30/2022,FTW,TX,ASW,CE,Towers with Radar,0,24,60,8,92,0,1,29,1,31,0,25,89,9,123,220,0,220,343
08/31/2022,FTW,TX,ASW,CE,Towers with Radar,0,28,101,0,129,0,0,91,0,91,0,28,192,0,220,374,0,374,594
09/01/2022,FTW,TX,ASW,CE,Towers with Radar,2,23,100,1,126,0,5,70,0,75,2,28,170,1,201,238,0,238,439
09/02/2022,FTW,TX,ASW,CE,Towers with Radar,0,26,89,10,125,0,0,26,2,28,0,26,115,12,153,178,0,178,331
09/03/2022,FTW,TX,ASW,CE,Towers with Radar,0,27,61,0,88,0,3,110,0,113,0,30,171,0,201,296,0,296,497
09/04/2022,FTW,TX,ASW,CE,Towers with Radar,0,15,36,1,52,0,3,86,0,89,0,18,122,1,141,216,0,216,357
09/05/2022,FTW,TX,ASW,CE,Towers with Radar,1,32,88,0,121,0,1,75,0,76,1,33,163,0,197,142,0,142,339
09/06/2022,FTW,TX,ASW,CE,Towers with Radar,0,33,91,3,127,0,3,160,3,166,0,36,251,6,293,510,0,510,803
09/07/2022,FTW,TX,ASW,CE,Towers with Radar,0,31,101,1,133,0,5,177,1,183,0,36,278,2,316,398,0,398,714
09/08/2022,FTW,TX,ASW,CE,Towers with Radar,0,29,110,1,140,0,2,182,0,184,0,31,292,1,324,530,0,530,854
09/09/2022,FTW,TX,ASW,CE,Towers with Radar,0,34,89,0,123,0,3,158,1,162,0,37,247,1,285,264,0,264,549
09/10/2022,FTW,TX,ASW,CE,Towers with Radar,0,26,73,18,117,0,5,190,0,195,0,31,263,18,312,302,0,302,614
09/11/2022,FTW,TX,ASW,CE,Towers with Radar,0,31,138,19,188,0,8,83,1,92,0,39,221,20,280,182,0,182,462
09/12/2022,FTW,TX,ASW,CE,Towers with Radar,0,17,86,5,108,0,13,200,0,213,0,30,286,5,321,486,0,486,807
09/13/2022,FTW,TX,ASW,CE,Towers with Radar,0,33,78,9,120,0,6,198,2,206,0,39,276,11,326,480,2,482,808
09/14/2022,FTW,TX,ASW,CE,Towers with Radar,0,35,83,5,123,0,8,168,3,179,0,43,251,8,302,410,0,410,712
09/15/2022,FTW,TX,ASW,CE,Towers with Radar,0,36,98,0,134,0,13,171,3,187,0,49,269,3,321,406,0,406,727
09/16/2022,FTW,TX,ASW,CE,Towers with Radar,0,37,95,14,146,0,4,177,5,186,0,41,272,19,332,418,30,448,780
09/17/2022,FTW,TX,ASW,CE,Towers with Radar,0,28,82,12,122,0,5,126,0,131,0,33,208,12,253,178,8,186,439
09/18/2022,FTW,TX,ASW,CE,Towers with Radar,2,41,115,12,170,0,2,124,0,126,2,43,239,12,296,46,0,46,342
09/19/2022,FTW,TX,ASW,CE,Towers with Radar,3,34,118,0,155,0,0,208,1,209,3,34,326,1,364,392,0,392,756
09/20/2022,FTW,TX,ASW,CE,Towers with Radar,0,23,80,2,105,0,6,196,2,204,0,29,276,4,309,322,0,322,631
09/21/2022,FTW,TX,ASW,CE,Towers with Radar,0,32,86,2,120,0,6,180,0,186,0,38,266,2,306,392,0,392,698
09/22/2022,FTW,TX,ASW,CE,Towers with Radar,0,33,126,0,159,0,4,169,0,173,0,37,295,0,332,472,0,472,804
09/23/2022,FTW,TX,ASW,CE,Towers with Radar,3,30,94,13,140,0,2,169,4,175,3,32,263,17,315,388,22,410,725
09/24/2022,FTW,TX,ASW,CE,Towers with Radar,1,68,121,6,196,0,6,141,1,148,1,74,262,7,344,220,0,220,564
09/25/2022,FTW,TX,ASW,CE,Towers with Radar,2,53,95,2,152,0,0,63,0,63,2,53,158,2,215,118,0,118,333
09/26/2022,FTW,TX,ASW,CE,Towers with Radar,0,38,102,0,140,0,0,185,0,185,0,38,287,0,325,442,0,442,767
09/27/2022,FTW,TX,ASW,CE,Towers with Radar,0,31,88,2,121,0,5,168,0,173,0,36,256,2,294,318,0,318,612
09/28/2022,FTW,TX,ASW,CE,Towers with Radar,0,35,75,1,111,0,1,194,0,195,0,36,269,1,306,573,0,573,879
09/29/2022,FTW,TX,ASW,CE,Towers with Radar,1,30,79,6,116,0,4,151,0,155,1,34,230,6,271,402,0,402,673
09/30/2022,FTW,TX,ASW,CE,Towers with Radar,0,37,155,10,202,0,4,146,0,150,0,41,301,10,352,400,0,400,752
10/01/2022,FTW,TX,ASW,CE,Towers with Radar,0,27,77,8,112,0,9,128,0,137,0,36,205,8,249,318,0,318,567
10/02/2022,FTW,TX,ASW,CE,Towers with Radar,0,61,117,2,180,0,2,80,1,83,0,63,197,3,263,108,0,108,371
10/03/2022,FTW,TX,ASW,CE,Towers with Radar,0,30,82,2,114,0,5,149,0,154,0,35,231,2,268,355,0,355,623
10/04/2022,FTW,TX,ASW,CE,Towers with Radar,1,40,77,1,119,0,4,187,3,194,1,44,264,4,313,473,0,473,786
10/05/2022,FTW,TX,ASW,CE,Towers with Radar,1,20,109,1,131,0,4,159,0,163,1,24,268,1,294,356,0,356,650
10/06/2022,FTW,TX,ASW,CE,Towers with Radar,1,39,91,0,131,0,5,162,2,169,1,44,253,2,300,464,0,464,764
10/07/2022,FTW,TX,ASW,CE,Towers with Radar,2,36,92,1,131,0,2,127,0,129,2,38,219,1,260,316,0,316,576
10/08/2022,FTW,TX,ASW,CE,Towers with Radar,0,33,63,0,96,0,4,153,0,157,0,37,216,0,253,172,0,172,425
10/09/2022,FTW,TX,ASW,CE,Towers with Radar,2,38,80,0,120,0,1,90,1,92,2,39,170,1,212,102,0,102,314
10/10/2022,FTW,TX,ASW,CE,Towers with Radar,0,35,102,0,137,0,0,129,1,130,0,35,231,1,267,322,0,322,589
10/11/2022,FTW,TX,ASW,CE,Towers with Radar,0,40,109,0,149,0,2,163,0,165,0,42,272,0,314,444,0,444,758
10/12/2022,FTW,TX,ASW,CE,Towers with Radar,1,20,102,2,125,0,7,132,2,141,1,27,234,4,266,312,0,312,578
10/13/2022,FTW,TX,ASW,CE,Towers with Radar,0,33,111,1,145,0,7,144,1,152,0,40,255,2,297,490,0,490,787
10/14/2022,FTW,TX,ASW,CE,Towers with Radar,2,32,101,0,135,0,2,161,1,164,2,34,262,1,299,286,0,286,585
10/15/2022,FTW,TX,ASW,CE,Towers with Radar,2,34,74,1,111,0,2,129,0,131,2,36,203,1,242,68,0,68,310
10/16/2022,FTW,TX,ASW,CE,Towers with Radar,0,24,107,0,131,0,1,13,0,14,0,25,120,0,145,0,0,0,145
10/17/2022,FTW,TX,ASW,CE,Towers with Radar,0,23,76,0,99,0,4,146,0,150,0,27,222,0,249,342,0,342,591
10/18/2022,FTW,TX,ASW,CE,Towers with Radar,0,16,92,2,110,0,5,155,0,160,0,21,247,2,270,292,0,292,562
10/19/2022,FTW,TX,ASW,CE,Towers with Radar,0,29,109,0,138,0,6,160,3,169,0,35,269,3,307,456,0,456,763
10/20/2022,FTW,TX,ASW,CE,Towers with Radar,2,26,113,4,145,0,7,148,1,156,2,33,261,5,301,280,4,284,585
10/21/2022,FTW,TX,ASW,CE,Towers with Radar,2,30,129,33,194,0,1,191,1,193,2,31,320,34,387,296,0,296,683
10/22/2022,FTW,TX,ASW,CE,Towers with Radar,1,27,122,16,166,0,0,67,0,67,1,27,189,16,233,52,0,52,285
10/23/2022,FTW,TX,ASW,CE,Towers with Radar,1,39,198,44,282,0,4,57,4,65,1,43,255,48,347,12,0,12,359
10/24/2022,FTW,TX,ASW,CE,Towers with Radar,0,32,72,5,109,0,1,14,0,15,0,33,86,5,124,34,0,34,158
10/25/2022,FTW,TX,ASW,CE,Towers with Radar,0,27,94,6,127,0,5,85,2,92,0,32,179,8,219,308,0,308,527
10/26/2022,FTW,TX,ASW,CE,Towers with Radar,0,44,123,7,174,0,6,209,2,217,0,50,332,9,391,412,0,412,803
10/27/2022,FTW,TX,ASW,CE,Towers with Radar,0,41,117,0,158,0,0,158,0,158,0,41,275,0,316,516,0,516,832
10/28/2022,FTW,TX,ASW,CE,Towers with Radar,0,17,63,0,80,0,0,7,0,7,0,17,70,0,87,0,0,0,87
10/29/2022,FTW,TX,ASW,CE,Towers with Radar,0,17,69,3,89,0,0,14,0,14,0,17,83,3,103,104,0,104,207
10/30/2022,FTW,TX,ASW,CE,Towers with Radar,0,41,99,6,146,0,0,102,0,102,0,41,201,6,248,76,0,76,324
10/31/2022,FTW,TX,ASW,CE,Towers with Radar,0,25,74,0,99,0,1,138,0,139,0,26,212,0,238,450,0,450,688
11/01/2022,FTW,TX,ASW,CE,Towers with Radar,0,30,102,5,137,0,0,166,2,168,0,30,268,7,305,578,0,578,883
11/02/2022,FTW,TX,ASW,CE,Towers with Radar,0,43,106,6,155,0,1,98,1,100,0,44,204,7,255,350,0,350,605
11/03/2022,FTW,TX,ASW,CE,Towers with Radar,0,46,132,2,180,0,0,35,0,35,0,46,167,2,215,172,0,172,387
11/04/2022,FTW,TX,ASW,CE,Towers with Radar,1,44,80,1,126,0,2,16,0,18,1,46,96,1,144,24,0,24,168
11/05/2022,FTW,TX,ASW,CE,Towers with Radar,0,46,109,8,163,0,0,134,0,134,0,46,243,8,297,174,10,184,481
11/06/2022,FTW,TX,ASW,CE,Towers with Radar,2,55,109,7,173,0,2,98,1,101,2,57,207,8,274,148,0,148,422
11/07/2022,FTW,TX,ASW,CE,Towers with Radar,1,20,92,0,113,0,0,10,2,12,1,20,102,2,125,70,0,70,195
11/08/2022,FTW,TX,ASW,CE,Towers with Radar,0,30,109,0,139,0,0,36,0,36,0,30,145,0,175,274,0,274,449
11/09/2022,FTW,TX,ASW,CE,Towers with Radar,0,23,83,1,107,0,0,138,0,138,0,23,221,1,245,352,0,352,597
11/10/2022,FTW,TX,ASW,CE,Towers with Radar,0,40,107,3,150,0,0,57,0,57,0,40,164,3,207,246,0,246,453
11/11/2022,FTW,TX,ASW,CE,Towers with Radar,0,38,83,2,123,0,1,13,0,14,0,39,96,2,137,26,0,26,163
11/12/2022,FTW,TX,ASW,CE,Towers with Radar,0,22,68,0,90,0,3,146,0,149,0,25,214,0,239,300,0,300,539
11/13/2022,FTW,TX,ASW,CE,Towers with Radar,0,44,87,0,131,0,5,107,0,112,0,49,194,0,243,176,0,176,419
11/14/2022,FTW,TX,ASW,CE,Towers with Radar,0,30,81,0,111,0,0,4,0,4,0,30,85,0,115,32,0,32,147
11/15/2022,FTW,TX,ASW,CE,Towers with Radar,0,29,138,4,171,0,5,139,2,146,0,34,277,6,317,288,0,288,605
11/16/2022,FTW,TX,ASW,CE,Towers with Radar,0,29,117,4,150,0,9,169,0,178,0,38,286,4,328,312,0,312,640
11/17/2022,FTW,TX,ASW,CE,Towers with Radar,0,37,128,1,166,0,7,192,0,199,0,44,320,1,365,560,0,560,925
11/18/2022,FTW,TX,ASW,CE,Towers with Radar,1,24,121,2,148,0,4,131,2,137,1,28,252,4,285,304,0,304,589
11/19/2022,FTW,TX,ASW,CE,Towers with Radar,0,26,74,0,100,0,2,86,3,91,0,28,160,3,191,160,0,160,351
11/20/2022,FTW,TX,ASW,CE,Towers with Radar,2,38,116,4,160,0,0,102,0,102,2,38,218,4,262,74,0,74,336
11/21/2022,FTW,TX,ASW,CE,Towers with Radar,0,30,79,0,109,0,5,92,0,97,0,35,171,0,206,354,0,354,560
11/22/2022,FTW,TX,ASW,CE,Towers with Radar,2,36,130,2,170,0,0,68,3,71,2,36,198,5,241,180,4,184,425
11/23/2022,FTW,TX,ASW,CE,Towers with Radar,0,45,98,0,143,0,0,13,0,13,0,45,111,0,156,70,0,70,226
11/24/2022,FTW,TX,ASW,CE,Towers with Radar,2,4,14,0,20,0,0,0,0,0,2,4,14,0,20,0,0,0,20
11/25/2022,FTW,TX,ASW,CE,Towers with Radar,1,24,49,1,75,0,0,0,0,0,1,24,49,1,75,0,0,0,75
11/26/2022,FTW,TX,ASW,CE,Towers with Radar,4,103,128,0,235,0,1,8,0,9,4,104,136,0,244,0,0,0,244
11/27/2022,FTW,TX,ASW,CE,Towers with Radar,0,33,144,0,177,0,6,130,0,136,0,39,274,0,313,238,0,238,551
11/28/2022,FTW,TX,ASW,CE,Towers with Radar,1,20,71,1,93,0,3,187,4,194,1,23,258,5,287,370,0,370,657
11/29/2022,FTW,TX,ASW,CE,Towers with Radar,2,32,80,11,125,0,4,100,0,104,2,36,180,11,229,330,0,330,559
11/30/2022,FTW,TX,ASW,CE,Towers with Radar,2,28,116,5,151,0,8,193,2,203,2,36,309,7,354,476,0,476,830
12/01/2022,FTW,TX,ASW,CE,Towers with Radar,2,38,125,2,167,0,5,141,0,146,2,43,266,2,313,418,0,418,731
12/02/2022,FTW,TX,ASW,CE,Towers with Radar,0,40,94,4,138,0,2,38,1,41,0,42,132,5,179,80,2,82,261
12/03/2022,FTW,TX,ASW,CE,Towers with Radar,0,21,77,6,104,0,8,162,0,170,0,29,239,6,274,236,0,236,510
12/04/2022,FTW,TX,ASW,CE,Towers with Radar,0,34,122,1,157,0,9,34,1,44,0,43,156,2,201,102,0,102,303
12/05/2022,FTW,TX,ASW,CE,Towers with Radar,1,32,74,2,109,0,2,80,0,82,1,34,154,2,191,194,0,194,385
12/06/2022,FTW,TX,ASW,CE,Towers with Radar,0,55,129,8,192,0,1,163,5,169,0,56,292,13,361,570,4,574,935
12/07/2022,FTW,TX,ASW,CE,Towers with Radar,0,36,104,4,144,0,0,1,0,1,0,36,105,4,145,64,0,64,209
12/08/2022,FTW,TX,ASW,CE,Towers with Radar,1,43,121,4,169,0,0,41,2,43,1,43,162,6,212,324,0,324,536
12/09/2022,FTW,TX,ASW,CE,Towers with Radar,0,38,109,8,155,0,0,9,0,9,0,38,118,8,164,200,0,200,364
12/10/2022,FTW,TX,ASW,CE,Towers with Radar,0,32,37,0,69,0,0,0,0,0,0,32,37,0,69,0,0,0,69
12/11/2022,FTW,TX,ASW,CE,Towers with Radar,0,26,111,0,137,0,0,8,0,8,0,26,119,0,145,0,0,0,145
12/12/2022,FTW,TX,ASW,CE,Towers with Radar,0,19,94,4,117,0,0,2,0,2,0,19,96,4,119,10,0,10,129
12/13/2022,FTW,TX,ASW,CE,Towers with Radar,0,61,180,10,251,0,3,115,4,122,0,64,295,14,373,382,0,382,755
12/14/2022,FTW,TX,ASW,CE,Towers with Radar,1,46,117,4,168,0,24,209,5,238,1,70,326,9,406,348,24,372,778
12/15/2022,FTW,TX,ASW,CE,Towers with Radar,1,37,103,3,144,0,10,181,0,191,1,47,284,3,335,500,0,500,835
12/16/2022,FTW,TX,ASW,CE,Towers with Radar,0,32,88,22,142,0,4,195,1,200,0,36,283,23,342,572,0,572,914
12/17/2022,FTW,TX,ASW,CE,Towers with Radar,0,34,110,4,148,0,3,163,2,168,0,37,273,6,316,248,0,248,564
12/18/2022,FTW,TX,ASW,CE,Towers with Radar,1,28,61,3,93,0,2,83,2,87,1,30,144,5,180,165,0,165,345
12/19/2022,FTW,TX,ASW,CE,Towers with Radar,0,28,65,0,93,0,4,45,0,49,0,32,110,0,142,222,0,222,364
12/20/2022,FTW,TX,ASW,CE,Towers with Radar,0,36,80,1,117,0,1,82,1,84,0,37,162,2,201,412,0,412,613
12/21/2022,FTW,TX,ASW,CE,Towers with Radar,0,17,87,2,106,0,5,139,2,146,0,22,226,4,252,370,0,370,622
12/22/2022,FTW,TX,ASW,CE,Towers with Radar,0,12,43,0,55,0,0,1,0,1,0,12,44,0,56,0,0,0,56
12/23/2022,FTW,TX,ASW,CE,Towers with Radar,1,25,63,0,89,0,6,36,0,42,1,31,99,0,131,2,0,2,133
12/24/2022,FTW,TX,ASW,CE,Towers with Radar,0,11,15,0,26,0,4,45,0,49,0,15,60,0,75,106,0,106,181
12/25/2022,FTW,TX,ASW,CE,Towers with Radar,0,15,9,0,24,0,2,20,0,22,0,17,29,0,46,12,0,12,58
12/26/2022,FTW,TX,ASW,CE,Towers with Radar,0,30,81,0,111,0,3,118,0,121,0,33,199,0,232,86,0,86,318
12/27/2022,FTW,TX,ASW,CE,Towers with Radar,0,36,74,1,111,0,2,180,0,182,0,38,254,1,293,304,0,304,597
12/28/2022,FTW,TX,ASW,CE,Towers with Radar,1,25,54,0,80,0,0,109,0,109,1,25,163,0,189,84,0,84,273
12/29/2022,FTW,TX,ASW,CE,Towers with Radar,4,29,83,5,121,0,3,129,1,133,4,32,212,6,254,322,0,322,576
12/30/2022,FTW,TX,ASW,CE,Towers with Radar,0,25,94,0,119,0,1,131,0,132,0,26,225,0,251,370,0,370,621
12/31/2022,FTW,TX,ASW,CE,Towers with Radar,0,11,52,0,63,0,2,94,0,96,0,13,146,0,159,90,0,90,249
01/01/2023,FTW,TX,ASW,CE,Towers with Radar,3,32,75,0,110,0,1,37,0,38,3,33,112,0,148,48,0,48,196
01/02/2023,FTW,TX,ASW,CE,Towers with Radar,1,28,107,0,136,0,2,18,0,20,1,30,125,0,156,18,0,18,174
01/03/2023,FTW,TX,ASW,CE,Towers with Radar,2,39,83,0,124,0,5,152,2,159,2,44,235,2,283,274,0,274,557
01/04/2023,FTW,TX,ASW,CE,Towers with Radar,2,26,67,0,95,0,7,176,0,183,2,33,243,0,278,352,0,352,630
01/05/2023,FTW,TX,ASW,CE,Towers with Radar,0,18,81,1,100,0,10,143,0,153,0,28,224,1,253,480,0,480,733
01/06/2023,FTW,TX,ASW,CE,Towers with Radar,0,24,91,2,117,0,1,85,2,88,0,25,176,4,205,188,28,216,421
01/07/2023,FTW,TX,ASW,CE,Towers with Radar,5,23,76,4,108,0,3,92,0,95,5,26,168,4,203,44,0,44,247
01/08/2023,FTW,TX,ASW,CE,Towers with Radar,0,33,96,2,131,0,6,90,0,96,0,39,186,2,227,102,0,102,329
01/09/2023,FTW,TX,ASW,CE,Towers with Radar,0,31,81,4,116,0,5,116,0,121,0,36,197,4,237,354,0,354,591
01/10/2023,FTW,TX,ASW,CE,Towers with Radar,4,63,126,7,200,0,1,123,3,127,4,64,249,10,327,224,0,224,551
01/11/2023,FTW,TX,ASW,CE,Towers with Radar,2,38,69,5,114,0,8,88,3,99,2,46,157,8,213,246,0,246,459
01/12/2023,FTW,TX,ASW,CE,Towers with Radar,2,27,82,8,119,0,3,76,3,82,2,30,158,11,201,300,0,300,501
01/13/2023,FTW,TX,ASW,CE,Towers with Radar,1,34,66,6,107,0,3,195,3,201,1,37,261,9,308,404,0,404,712
01/14/2023,FTW,TX,ASW,CE,Towers with Radar,1,31,54,2,88,0,4,151,0,155,1,35,205,2,243,162,0,162,405
01/15/2023,FTW,TX,ASW,CE,Towers with Radar,0,32,50,2,84,0,1,24,0,25,0,33,74,2,109,0,0,0,109
01/16/2023,FTW,TX,ASW,CE,Towers with Radar,0,32,103,3,138,0,2,98,0,100,0,34,201,3,238,334,0,334,572
01/17/2023,FTW,TX,ASW,CE,Towers with Radar,0,28,98,2,128,0,4,169,1,174,0,32,267,3,302,494,0,494,796
01/18/2023,FTW,TX,ASW,CE,Towers with Radar,0,27,74,1,102,0,5,71,0,76,0,32,145,1,178,174,0,174,352
01/19/2023,FTW,TX,ASW,CE,Towers with Radar,0,28,92,2,122,0,16,147,0,163,0,44,239,2,285,530,0,530,815
01/20/2023,FTW,TX,ASW,CE,Towers with Radar,0,24,101,43,168,0,6,169,1,176,0,30,270,44,344,402,20,422,766
01/21/2023,FTW,TX,ASW,CE,Towers with Radar,2,15,58,26,101,0,4,70,3,77,2,19,128,29,178,74,48,122,300
01/22/2023,FTW,TX,ASW,CE,Towers with Radar,0,29,70,30,129,0,3,85,3,91,0,32,155,33,220,34,0,34,254
01/23/2023,FTW,TX,ASW,CE,Towers with Radar,2,15,74,4,95,0,4,166,1,171,2,19,240,5,266,442,0,442,708
01/24/2023,FTW,TX,ASW,CE,Towers with Radar,0,21,33,0,54,0,0,6,0,6,0,21,39,0,60,60,0,60,120
01/25/2023,FTW,TX,ASW,CE,Towers with Radar,1,32,82,0,115,0,8,95,3,106,1,40,177,3,221,275,0,275,496
01/26/2023,FTW,TX,ASW,CE,Towers with Radar,0,26,89,3,118,0,10,186,5,201,0,36,275,8,319,496,0,496,815
01/27/2023,FTW,TX,ASW,CE,Towers with Radar,2,28,92,13,135,0,3,136,1,140,2,31,228,14,275,304,0,304,579
01/28/2023,FTW,TX,ASW,CE,Towers with Radar,3,27,39,4,73,0,5,19,1,25,3,32,58,5,98,52,10,62,160
01/29/2023,FTW,TX,ASW,CE,Towers with Radar,0,18,87,10,115,0,0,2,0,2,0,18,89,10,117,22,0,22,139
01/30/2023,FTW,TX,ASW,CE,Towers with Radar,0,13,48,0,61,0,0,2,0,2,0,13,50,0,63,32,0,32,95
01/31/2023,FTW,TX,ASW,CE,Towers with Radar,0,7,10,0,17,0,0,0,0,0,0,7,10,0,17,0,0,0,17
02/01/2023,FTW,TX,ASW,CE,Towers with Radar,0,1,7,0,8,0,0,0,0,0,0,1,7,0,8,0,0,0,8
02/02/2023,FTW,TX,ASW,CE,Towers with Radar,0,38,35,0,73,0,0,0,0,0,0,38,35,0,73,0,0,0,73
02/03/2023,FTW,TX,ASW,CE,Towers with Radar,2,31,99,6,138,0,2,98,5,105,2,33,197,11,243,260,4,264,507
02/04/2023,FTW,TX,ASW,CE,Towers with Radar,0,21,48,5,74,0,1,89,0,90,0,22,137,5,164,190,4,194,358
02/05/2023,FTW,TX,ASW,CE,Towers with Radar,0,18,60,6,84,0,3,149,0,152,0,21,209,6,236,250,0,250,486
02/06/2023,FTW,TX,ASW,CE,Towers with Radar,0,27,70,1,98,0,4,47,2,53,0,31,117,3,151,278,0,278,429
02/07/2023,FTW,TX,ASW,CE,Towers with Radar,0,35,83,0,118,0,0,8,0,8,0,35,91,0,126,22,0,22,148
02/08/2023,FTW,TX,ASW,CE,Towers with Radar,0,41,84,0,125,0,2,13,0,15,0,43,97,0,140,118,0,118,258
02/09/2023,FTW,TX,ASW,CE,Towers with Radar,0,24,105,3,132,0,7,199,3,209,0,31,304,6,341,702,0,702,1043
02/10/2023,FTW,TX,ASW,CE,Towers with Radar,1,38,104,19,162,0,0,84,1,85,1,38,188,20,247,280,0,280,527
02/11/2023,FTW,TX,ASW,CE,Towers with Radar,0,13,54,27,94,0,3,130,8,141,0,16,184,35,235,266,12,278,513
02/12/2023,FTW,TX,ASW,CE,Towers with Radar,0,28,80,18,126,0,2,76,0,78,0,30,156,18,204,126,0,126,330
02/13/2023,FTW,TX,ASW,CE,Towers with Radar,0,36,92,3,131,0,9,152,2,163,0,45,244,5,294,426,0,426,720
02/14/2023,FTW,TX,ASW,CE,Towers with Radar,0,20,48,1,69,0,6,27,1,34,0,26,75,2,103,98,0,98,201
02/15/2023,FTW,TX,ASW,CE,Towers with Radar,0,30,103,28,161,0,13,113,2,128,0,43,216,30,289,228,22,250,539
02/16/2023,FTW,TX,ASW,CE,Towers with Radar,0,31,91,5,127,0,0,69,3,72,0,31,160,8,199,306,0,306,505
02/17/2023,FTW,TX,ASW,CE,Towers with Radar,4,33,103,0,140,0,4,194,0,198,4,37,297,0,338,452,0,452,790
02/18/2023,FTW,TX,ASW,CE,Towers with Radar,2,14,43,1,60,0,10,113,2,125,2,24,156,3,185,236,0,236,421
02/19/2023,FTW,TX,ASW,CE,Towers with Radar,0,16,65,0,81,0,5,79,1,85,0,21,144,1,166,94,0,94,260
02/20/2023,FTW,TX,ASW,CE,Towers with Radar,1,33,103,3,140,0,4,77,0,81,1,37,180,3,221,58,0,58,279
02/21/2023,FTW,TX,ASW,CE,Towers with Radar,0,27,98,0,125,0,1,138,1,140,0,28,236,1,265,276,0,276,541
02/22/2023,FTW,TX,ASW,CE,Towers with Radar,0,27,75,0,102,0,4,32,2,38,0,31,107,2,140,100,0,100,240
02/23/2023,FTW,TX,ASW,CE,Towers with Radar,0,30,134,1,165,0,4,189,0,193,0,34,323,1,358,594,0,594,952
02/24/2023,FTW,TX,ASW,CE,Towers with Radar,0,33,114,3,150,0,2,39,0,41,0,35,153,3,191,324,0,324,515
02/25/2023,FTW,TX,ASW,CE,Towers with Radar,0,17,58,2,77,0,2,7,0,9,0,19,65,2,86,0,0,0,86
02/26/2023,FTW,TX,ASW,CE,Towers with Radar,0,28,71,5,104,0,1,2,0,3,0,29,73,5,107,0,0,0,107
02/27/2023,FTW,TX,ASW,CE,Towers with Radar,0,23,98,9,130,0,3,132,0,135,0,26,230,9,265,208,0,208,473
02/28/2023,FTW,TX,ASW,CE,Towers with Radar,0,34,86,1,121,0,5,189,1,195,0,39,275,2,316,396,0,396,712
03/01/2023,FTW,TX,ASW,CE,Towers with Radar,0,46,109,0,155,0,4,57,1,62,0,50,166,1,217,310,0,310,527
03/02/2023,FTW,TX,ASW,CE,Towers with Radar,0,37,69,0,106,0,4,44,1,49,0,41,113,1,155,146,0,146,301
03/03/2023,FTW,TX,ASW,CE,Towers with Radar,3,30,99,8,140,0,6,138,0,144,3,36,237,8,284,328,0,328,612
03/04/2023,FTW,TX,ASW,CE,Towers with Radar,2,30,48,18,98,0,2,149,0,151,2,32,197,18,249,198,6,204,453
03/05/2023,FTW,TX,ASW,CE,Towers with Radar,3,25,53,9,90,0,8,94,0,102,3,33,147,9,192,138,5,143,335
03/06/2023,FTW,TX,ASW,CE,Towers with Radar,1,22,81,0,104,0,6,90,2,98,1,28,171,2,202,88,0,88,290
03/07/2023,FTW,TX,ASW,CE,Towers with Radar,1,35,99,0,135,0,4,41,0,45,1,39,140,0,180,184,0,184,364
03/08/2023,FTW,TX,ASW,CE,Towers with Radar,7,27,78,2,114,0,0,11,1,12,7,27,89,3,126,73,0,73,199
03/09/2023,FTW,TX,ASW,CE,Towers with Radar,2,34,85,0,121,0,0,11,0,11,2,34,96,0,132,20,0,20,152
03/10/2023,FTW,TX,ASW,CE,Towers with Radar,1,33,83,1,118,0,4,170,0,174,1,37,253,1,292,511,0,511,803
03/11/2023,FTW,TX,ASW,CE,Towers with Radar,2,36,104,9,151,0,2,44,1,47,2,38,148,10,198,38,10,48,246
03/12/2023,FTW,TX,ASW,CE,Towers with Radar,1,29,95,9,134,0,1,58,0,59,1,30,153,9,193,96,0,96,289
03/13/2023,FTW,TX,ASW,CE,Towers with Radar,1,28,75,0,104,0,8,160,0,168,1,36,235,0,272,394,0,394,666
03/14/2023,FTW,TX,ASW,CE,Towers with Radar,0,24,59,0,83,0,8,136,0,144,0,32,195,0,227,416,0,416,643
03/15/2023,FTW,TX,ASW,CE,Towers with Radar,3,33,94,3,133,0,4,113,3,120,3,37,207,6,253,350,0,350,603
03/16/2023,FTW,TX,ASW,CE,Towers with Radar,0,33,50,8,91,0,1,11,0,12,0,34,61,8,103,56,4,60,163
03/17/2023,FTW,TX,ASW,CE,Towers with Radar,0,29,84,12,125,0,2,101,0,103,0,31,185,12,228,242,2,244,472
03/18/2023,FTW,TX,ASW,CE,Towers with Radar,0,34,86,3,123,0,2,44,0,46,0,36,130,3,169,0,0,0,169
03/19/2023,FTW,TX,ASW,CE,Towers with Radar,1,44,80,5,130,0,2,35,0,37,1,46,115,5,167,0,0,0,167
03/20/2023,FTW,TX,ASW,CE,Towers with Radar,2,38,61,0,101,0,3,134,0,137,2,41,195,0,238,170,0,170,408
03/21/2023,FTW,TX,ASW,CE,Towers with Radar,0,25,70,2,97,0,3,14,0,17,0,28,84,2,114,194,0,194,308
03/22/2023,FTW,TX,ASW,CE,Towers with Radar,0,28,107,2,137,0,5,66,0,71,0,33,173,2,208,228,0,228,436
03/23/2023,FTW,TX,ASW,CE,Towers with Radar,0,40,87,1,128,0,1,65,3,69,0,41,152,4,197,180,0,180,377
03/24/2023,FTW,TX,ASW,CE,Towers with Radar,2,26,112,15,155,0,4,58,1,63,2,30,170,16,218,194,4,198,416
03/25/2023,FTW,TX,ASW,CE,Towers with Radar,0,23,49,2,74,0,1,117,1,119,0,24,166,3,193,164,0,164,357
03/26/2023,FTW,TX,ASW,CE,Towers with Radar,0,48,137,5,190,0,11,109,8,128,0,59,246,13,318,138,0,138,456
03/27/2023,FTW,TX,ASW,CE,Towers with Radar,1,25,65,2,93,0,6,141,1,148,1,31,206,3,241,374,0,374,615
03/28/2023,FTW,TX,ASW,CE,Towers with Radar,0,27,69,7,103,0,5,163,2,170,0,32,232,9,273,326,2,328,601
03/29/2023,FTW,TX,ASW,CE,Towers with Radar,0,34,78,1,113,0,3,146,0,149,0,37,224,1,262,586,0,586,848
03/30/2023,FTW,TX,ASW,CE,Towers with Radar,0,33,90,2,125,0,0,11,0,11,0,33,101,2,136,134,0,134,270
03/31/2023,FTW,TX,ASW,CE,Towers with Radar,0,33,77,6,116,0,1,24,2,27,0,34,101,8,143,32,0,32,175
04/01/2023,FTW,TX,ASW,CE,Towers with Radar,1,35,63,2,101,0,5,189,0,194,1,40,252,2,295,240,0,240,535
04/02/2023,FTW,TX,ASW,CE,Towers with Radar,0,29,88,5,122,0,2,24,0,26,0,31,112,5,148,86,0,86,234
04/03/2023,FTW,TX,ASW,CE,Towers with Radar,0,28,92,1,121,0,19,176,2,197,0,47,268,3,318,426,0,426,744
04/04/2023,FTW,TX,ASW,CE,Towers with Radar,0,21,64,4,89,0,0,42,3,45,0,21,106,7,134,308,0,308,442
04/05/2023,FTW,TX,ASW,CE,Towers with Radar,0,44,92,0,136,0,4,167,3,174,0,48,259,3,310,506,0,506,816
04/06/2023,FTW,TX,ASW,CE,Towers with Radar,1,36,110,5,152,0,10,145,1,156,1,46,255,6,308,420,0,420,728
04/07/2023,FTW,TX,ASW,CE,Towers with Radar,1,17,94,0,112,0,2,57,0,59,1,19,151,0,171,259,0,259,430
04/08/2023,FTW,TX,ASW,CE,Towers with Radar,0,28,43,3,74,0,0,82,0,82,0,28,125,3,156,200,0,200,356
04/09/2023,FTW,TX,ASW,CE,Towers with Radar,0,26,47,0,73,0,3,33,0,36,0,29,80,0,109,76,0,76,185
04/10/2023,FTW,TX,ASW,CE,Towers with Radar,0,50,93,1,144,0,2,107,1,110,0,52,200,2,254,376,6,382,636
04/11/2023,FTW,TX,ASW,CE,Towers with Radar,3,31,62,2,98,0,3,148,0,151,3,34,210,2,249,432,0,432,681
04/12/2023,FTW,TX,ASW,CE,Towers with Radar,0,33,84,3,120,0,4,196,4,204,0,37,280,7,324,398,0,398,722
04/13/2023,FTW,TX,ASW,CE,Towers with Radar,1,34,66,1,102,0,4,192,0,196,1,38,258,1,298,552,0,552,850
04/14/2023,FTW,TX,ASW,CE,Towers with Radar,0,25,89,33,147,0,7,65,4,76,0,32,154,37,223,86,4,90,313
04/15/2023,FTW,TX,ASW,CE,Towers with Radar,1,27,45,4,77,0,4,53,2,59,1,31,98,6,136,12,0,12,148
04/16/2023,FTW,TX,ASW,CE,Towers with Radar,3,30,75,13,121,0,6,109,2,117,3,36,184,15,238,290,0,290,528
04/17/2023,FTW,TX,ASW,CE,Towers with Radar,1,32,105,1,139,0,4,194,4,202,1,36,299,5,341,416,0,416,757
04/18/2023,FTW,TX,ASW,CE,Towers with Radar,0,32,77,2,111,0,5,64,0,69,0,37,141,2,180,269,0,269,449
04/19/2023,FTW,TX,ASW,CE,Towers with Radar,0,37,90,3,130,0,3,46,0,49,0,40,136,3,179,182,0,182,361
04/20/2023,FTW,TX,ASW,CE,Towers with Radar,0,27,85,0,112,0,2,43,0,45,0,29,128,0,157,36,0,36,193
04/21/2023,FTW,TX,ASW,CE,Towers with Radar,0,24,94,8,126,0,3,108,2,113,0,27,202,10,239,158,0,158,397
04/22/2023,FTW,TX,ASW,CE,Towers with Radar,0,19,62,7,88,0,142,324,0,466,0,161,386,7,554,90,0,90,644
04/23/2023,FTW,TX,ASW,CE,Towers with Radar,0,21,76,11,108,0,0,15,0,15,0,21,91,11,123,0,0,0,123
04/24/2023,FTW,TX,ASW,CE,Towers with Radar,0,27,86,7,120,0,3,161,3,167,0,30,247,10,287,276,0,276,563
04/25/2023,FTW,TX,ASW,CE,Towers with Radar,0,17,77,4,98,0,2,35,1,38,0,19,112,5,136,82,0,82,218
04/26/2023,FTW,TX,ASW,CE,Towers with Radar,0,17,64,1,82,0,0,5,0,5,0,17,69,1,87,28,0,28,115
04/27/2023,FTW,TX,ASW,CE,Towers with Radar,0,43,111,3,157,0,4,100,2,106,0,47,211,5,263,274,0,274,537
04/28/2023,FTW,TX,ASW,CE,Towers with Radar,0,42,85,0,127,0,2,66,0,68,0,44,151,0,195,126,0,126,321
04/29/2023,FTW,TX,ASW,CE,Towers with Radar,0,20,48,3,71,0,3,48,0,51,0,23,96,3,122,12,0,12,134
04/30/2023,FTW,TX,ASW,CE,Towers with Radar,0,20,61,1,82,0,4,102,0,106,0,24,163,1,188,94,0,94,282
05/01/2023,FTW,TX,ASW,CE,Towers with Radar,1,25,76,2,104,0,10,170,0,180,1,35,246,2,284,314,0,314,598
05/02/2023,FTW,TX,ASW,CE,Towers with Radar,0,27,79,0,106,0,2,123,0,125,0,29,202,0,231,244,0,244,475
05/03/2023,FTW,TX,ASW,CE,Towers with Radar,0,38,103,0,141,0,5,146,0,151,0,43,249,0,292,228,6,234,526
05/04/2023,FTW,TX,ASW,CE,Towers with Radar,0,36,82,1,119,0,3,110,2,115,0,39,192,3,234,328,0,328,562
05/05/2023,FTW,TX,ASW,CE,Towers with Radar,1,36,97,0,134,0,2,30,0,32,1,38,127,0,166,50,0,50,216
05/06/2023,FTW,TX,ASW,CE,Towers with Radar,1,20,47,0,68,0,0,22,1,23,1,20,69,1,91,0,0,0,91
05/07/2023,FTW,TX,ASW,CE,Towers with Radar,0,39,71,1,111,0,1,13,0,14,0,40,84,1,125,0,0,0,125
05/08/2023,FTW,TX,ASW,CE,Towers with Radar,1,29,77,2,109,0,2,107,0,109,1,31,184,2,218,344,0,344,562
05/09/2023,FTW,TX,ASW,CE,Towers with Radar,0,31,97,2,130,0,1,39,1,41,0,32,136,3,171,262,0,262,433
05/10/2023,FTW,TX,ASW,CE,Towers with Radar,0,34,110,1,145,0,0,21,1,22,0,34,131,2,167,94,0,94,261
05/11/2023,FTW,TX,ASW,CE,Towers with Radar,2,36,85,4,127,0,1,46,0,47,2,37,131,4,174,254,0,254,428
05/12/2023,FTW,TX,ASW,CE,Towers with Radar,0,38,104,0,142,0,3,54,0,57,0,41,158,0,199,348,0,348,547
05/13/2023,FTW,TX,ASW,CE,Towers with Radar,0,27,35,0,62,0,2,46,0,48,0,29,81,0,110,190,0,190,300
05/14/2023,FTW,TX,ASW,CE,Towers with Radar,0,33,53,0,86,0,0,7,0,7,0,33,60,0,93,166,0,166,259
05/15/2023,FTW,TX,ASW,CE,Towers with Radar,0,31,80,2,113,0,3,72,0,75,0,34,152,2,188,416,0,416,604
05/16/2023,FTW,TX,ASW,CE,Towers with Radar,3,31,112,1,147,0,4,181,0,185,3,35,293,1,332,500,0,500,832
05/17/2023,FTW,TX,ASW,CE,Towers with Radar,0,27,98,2,127,0,3,201,0,204,0,30,299,2,331,454,0,454,785
05/18/2023,FTW,TX,ASW,CE,Towers with Radar,0,26,105,0,131,0,2,173,0,175,0,28,278,0,306,574,0,574,880
05/19/2023,FTW,TX,ASW,CE,Towers with Radar,0,36,105,1,142,0,3,128,0,131,0,39,233,1,273,128,0,128,401
05/20/2023,FTW,TX,ASW,CE,Towers with Radar,0,28,56,8,92,0,4,65,4,73,0,32,121,12,165,180,0,180,345
05/21/2023,FTW,TX,ASW,CE,Towers with Radar,1,27,74,7,109,0,4,69,0,73,1,31,143,7,182,78,0,78,260
05/22/2023,FTW,TX,ASW,CE,Towers with Radar,0,34,81,0,115,0,1,108,0,109,0,35,189,0,224,432,0,432,656
05/23/2023,FTW,TX,ASW,CE,Towers with Radar,2,32,96,0,130,0,2,78,0,80,2,34,174,0,210,276,0,276,486
05/24/2023,FTW,TX,ASW,CE,Towers with Radar,1,28,97,2,128,0,1,99,4,104,1,29,196,6,232,380,4,384,616
05/25/2023,FTW,TX,ASW,CE,Towers with Radar,1,36,121,0,158,0,5,175,1,181,1,41,296,1,339,454,0,454,793
05/26/2023,FTW,TX,ASW,CE,Towers with Radar,1,39,69,3,112,0,4,156,1,161,1,43,225,4,273,350,0,350,623
05/27/2023,FTW,TX,ASW,CE,Towers with Radar,1,9,41,0,51,0,4,111,0,115,1,13,152,0,166,236,0,236,402
05/28/2023,FTW,TX,ASW,CE,Towers with Radar,0,20,36,0,56,0,3,48,0,51,0,23,84,0,107,84,0,84,191
05/29/2023,FTW,TX,ASW,CE,Towers with Radar,1,33,56,0,90,0,1,124,0,125,1,34,180,0,215,208,0,208,423
05/30/2023,FTW,TX,ASW,CE,Towers with Radar,0,28,88,0,116,0,6,151,1,158,0,34,239,1,274,360,0,360,634
05/31/2023,FTW,TX,ASW,CE,Towers with Radar,0,18,114,0,132,0,4,162,5,171,0,22,276,5,303,248,0,248,551
06/01/2023,FTW,TX,ASW,CE,Towers with Radar,0,18,99,2,119,0,3,151,0,154,0,21,250,2,273,344,0,344,617
06/02/2023,FTW,TX,ASW,CE,Towers with Radar,0,36,95,9,140,0,2,155,0,157,0,38,250,9,297,246,0,246,543
06/03/2023,FTW,TX,ASW,CE,Towers with Radar,0,25,50,3,78,0,0,68,1,69,0,25,118,4,147,40,0,40,187
06/04/2023,FTW,TX,ASW,CE,Towers with Radar,1,35,81,1,118,0,2,55,0,57,1,37,136,1,175,44,0,44,219
06/05/2023,FTW,TX,ASW,CE,Towers with Radar,1,29,70,3,103,0,2,150,4,156,1,31,220,7,259,450,0,450,709
06/06/2023,FTW,TX,ASW,CE,Towers with Radar,0,28,67,1,96,0,0,122,0,122,0,28,189,1,218,262,0,262,480
06/07/2023,FTW,TX,ASW,CE,Towers with Radar,2,33,79,2,116,0,2,142,0,144,2,35,221,2,260,348,0,348,608
06/08/2023,FTW,TX,ASW,CE,Towers with Radar,0,26,86,0,112,0,1,161,5,167,0,27,247,5,279,304,0,304,583
06/09/2023,FTW,TX,ASW,CE,Towers with Radar,1,26,60,15,102,0,6,174,0,180,1,32,234,15,282,386,0,386,668
06/10/2023,FTW,TX,ASW,CE,Towers with Radar,2,19,29,0,50,0,0,90,0,90,2,19,119,0,140,136,0,136,276
06/11/2023,FTW,TX,ASW,CE,Towers with Radar,3,30,63,3,99,0,4,96,2,102,3,34,159,5,201,84,0,84,285
06/12/2023,FTW,TX,ASW,CE,Towers with Radar,0,33,75,0,108,0,4,91,5,100,0,37,166,5,208,132,0,132,340
06/13/2023,FTW,TX,ASW,CE,Towers with Radar,1,32,92,2,127,0,0,11,2,13,1,32,103,4,140,132,6,138,278
06/14/2023,FTW,TX,ASW,CE,Towers with Radar,0,30,88,0,118,0,5,56,0,61,0,35,144,0,179,260,0,260,439
06/15/2023,FTW,TX,ASW,CE,Towers with Radar,0,29,86,0,115,0,5,84,0,89,0,34,170,0,204,264,0,264,468
06/16/2023,FTW,TX,ASW,CE,Towers with Radar,0,17,94,6,117,0,0,71,1,72,0,17,165,7,189,244,2,246,435
06/17/2023,FTW,TX,ASW,CE,Towers with Radar,0,18,50,1,69,0,4,65,0,69,0,22,115,1,138,260,0,260,398
06/18/2023,FTW,TX,ASW,CE,Towers with Radar,0,20,81,5,106,0,1,84,2,87,0,21,165,7,193,60,0,60,253
06/19/2023,FTW,TX,ASW,CE,Towers with Radar,0,33,91,4,128,0,2,168,0,170,0,35,259,4,298,260,0,260,558
06/20/2023,FTW,TX,ASW,CE,Towers with Radar,0,24,91,7,122,0,1,178,1,180,0,25,269,8,302,296,0,296,598
06/21/2023,FTW,TX,ASW,CE,Towers with Radar,0,20,98,2,120,0,2,102,1,105,0,22,200,3,225,204,0,204,429
06/22/2023,FTW,TX,ASW,CE,Towers with Radar,0,29,108,6,143,0,0,169,0,169,0,29,277,6,312,404,0,404,716
06/23/2023,FTW,TX,ASW,CE,Towers with Radar,0,31,92,5,128,0,2,57,1,60,0,33,149,6,188,134,0,134,322
06/24/2023,FTW,TX,ASW,CE,Towers with Radar,0,18,58,11,87,0,9,129,2,140,0,27,187,13,227,160,0,160,387
06/25/2023,FTW,TX,ASW,CE,Towers with Radar,0,41,92,11,144,0,2,84,2,88,0,43,176,13,232,22,0,22,254
06/26/2023,FTW,TX,ASW,CE,Towers with Radar,0,36,75,3,114,0,4,151,1,156,0,40,226,4,270,227,0,227,497
06/27/2023,FTW,TX,ASW,CE,Towers with Radar,0,41,98,0,139,0,5,135,2,142,0,46,233,2,281,236,0,236,517
06/28/2023,FTW,TX,ASW,CE,Towers with Radar,0,30,86,2,118,0,15,169,0,184,0,45,255,2,302,314,0,314,616
06/29/2023,FTW,TX,ASW,CE,Towers with Radar,0,38,99,1,138,0,1,154,1,156,0,39,253,2,294,322,0,322,616
06/30/2023,FTW,TX,ASW,CE,Towers with Radar,0,20,92,6,118,0,1,135,5,141,0,21,227,11,259,272,0,272,531
07/01/2023,FTW,TX,ASW,CE,Towers with Radar,0,29,51,0,80,0,0,76,0,76,0,29,127,0,156,100,0,100,256
07/02/2023,FTW,TX,ASW,CE,Towers with Radar,0,20,51,1,72,0,6,103,1,110,0,26,154,2,182,173,0,173,355
07/03/2023,FTW,TX,ASW,CE,Towers with Radar,0,5,48,1,54,0,7,137,1,145,0,12,185,2,199,224,0,224,423
07/04/2023,FTW,TX,ASW,CE,Towers with Radar,0,0,35,0,35,0,1,95,0,96,0,1,130,0,131,178,0,178,309
07/05/2023,FTW,TX,ASW,CE,Towers with Radar,0,18,83,2,103,0,2,127,0,129,0,20,210,2,232,180,0,180,412
07/06/2023,FTW,TX,ASW,CE,Towers with Radar,0,28,81,0,109,1,7,142,0,150,1,35,223,0,259,322,0,322,581
07/07/2023,FTW,TX,ASW,CE,Towers with Radar,1,24,75,24,124,0,4,179,4,187,1,28,254,28,311,345,10,355,666
07/08/2023,FTW,TX,ASW,CE,Towers with Radar,0,24,48,20,92,0,0,179,6,185,0,24,227,26,277,202,0,202,479
07/09/2023,FTW,TX,ASW,CE,Towers with Radar,0,29,75,21,125,0,0,76,2,78,0,29,151,23,203,48,0,48,251
07/10/2023,FTW,TX,ASW,CE,Towers with Radar,0,27,69,2,98,0,4,112,5,121,0,31,181,7,219,334,0,334,553
07/11/2023,FTW,TX,ASW,CE,Towers with Radar,1,40,77,2,120,0,3,114,0,117,1,43,191,2,237,372,0,372,609
07/12/2023,FTW,TX,ASW,CE,Towers with Radar,0,25,81,7,113,0,9,189,0,198,0,34,270,7,311,334,0,334,645
07/13/2023,FTW,TX,ASW,CE,Towers with Radar,0,27,84,1,112,0,1,152,1,154,0,28,236,2,266,358,0,358,624
07/14/2023,FTW,TX,ASW,CE,Towers with Radar,0,23,68,20,111,0,4,194,5,203,0,27,262,25,314,334,4,338,652
07/15/2023,FTW,TX,ASW,CE,Towers with Radar,0,18,59,17,94,0,4,88,0,92,0,22,147,17,186,98,1,99,285
07/16/2023,FTW,TX,ASW,CE,Towers with Radar,0,14,69,16,99,0,0,27,0,27,0,14,96,16,126,24,0,24,150
07/17/2023,FTW,TX,ASW,CE,Towers with Radar,0,38,71,1,110,0,0,159,0,159,0,38,230,1,269,220,0,220,489
07/18/2023,FTW,TX,ASW,CE,Towers with Radar,2,26,83,0,111,0,3,176,0,179,2,29,259,0,290,230,0,230,520
07/19/2023,FTW,TX,ASW,CE,Towers with Radar,0,23,126,1,150,0,4,148,2,154,0,27,274,3,304,314,0,314,618
07/20/2023,FTW,TX,ASW,CE,Towers with Radar,2,20,103,6,131,0,4,132,1,137,2,24,235,7,268,272,0,272,540
07/21/2023,FTW,TX,ASW,CE,Towers with Radar,0,27,79,7,113,0,0,145,1,146,0,27,224,8,259,200,0,200,459
07/22/2023,FTW,TX,ASW,CE,Towers with Radar,0,23,53,5,81,0,1,127,0,128,0,24,180,5,209,142,2,144,353
07/23/2023,FTW,TX,ASW,CE,Towers with Radar,1,23,54,4,82,0,3,161,0,164,1,26,215,4,246,342,0,342,588
07/24/2023,FTW,TX,ASW,CE,Towers with Radar,0,23,70,0,93,0,10,138,0,148,0,33,208,0,241,248,0,248,489
07/25/2023,FTW,TX,ASW,CE,Towers with Radar,0,21,75,2,98,0,1,129,2,132,0,22,204,4,230,144,0,144,374
07/26/2023,FTW,TX,ASW,CE,Towers with Radar,2,18,68,0,88,0,0,168,0,168,2,18,236,0,256,340,0,340,596
07/27/2023,FTW,TX,ASW,CE,Towers with Radar,0,28,77,2,107,0,3,195,1,199,0,31,272,3,306,450,10,460,766
07/28/2023,FTW,TX,ASW,CE,Towers with Radar,0,20,63,6,89,0,2,182,2,186,0,22,245,8,275,388,4,392,667
07/29/2023,FTW,TX,ASW,CE,Towers with Radar,0,13,44,0,57,0,0,123,0,123,0,13,167,0,180,284,0,284,464
07/30/2023,FTW,TX,ASW,CE,Towers with Radar,0,19,84,2,105,0,0,89,0,89,0,19,173,2,194,70,0,70,264
07/31/2023,FTW,TX,ASW,CE,Towers with Radar,0,23,76,1,100,0,5,128,1,134,0,28,204,2,234,314,0,314,548
08/01/2023,FTW,TX,ASW,CE,Towers with Radar,0,20,61,0,81,0,0,196,0,196,0,20,257,0,277,182,0,182,459
08/02/2023,FTW,TX,ASW,CE,Towers with Radar,1,30,79,2,112,0,0,183,0,183,1,30,262,2,295,348,0,348,643
08/03/2023,FTW,TX,ASW,CE,Towers with Radar,0,25,101,2,128,0,0,181,0,181,0,25,282,2,309,602,0,602,911
08/04/2023,FTW,TX,ASW,CE,Towers with Radar,1,38,82,5,126,0,1,166,0,167,1,39,248,5,293,400,0,400,693
08/05/2023,FTW,TX,ASW,CE,Towers with Radar,0,14,34,0,48,0,1,113,0,114,0,15,147,0,162,104,0,104,266
08/06/2023,FTW,TX,ASW,CE,Towers with Radar,0,22,71,3,96,0,4,73,1,78,0,26,144,4,174,166,0,166,340
08/07/2023,FTW,TX,ASW,CE,Towers with Radar,0,22,85,1,108,0,6,143,0,149,0,28,228,1,257,320,0,320,577
08/08/2023,FTW,TX,ASW,CE,Towers with Radar,0,24,79,0,103,0,0,145,0,145,0,24,224,0,248,386,0,386,634
08/09/2023,FTW,TX,ASW,CE,Towers with Radar,0,27,86,3,116,0,3,100,1,104,0,30,186,4,220,284,14,298,518
08/10/2023,FTW,TX,ASW,CE,Towers with Radar,0,18,113,0,131,0,2,133,0,135,0,20,246,0,266,108,0,108,374
08/11/2023,FTW,TX,ASW,CE,Towers with Radar,0,36,74,1,111,0,0,113,0,113,0,36,187,1,224,198,0,198,422
08/12/2023,FTW,TX,ASW,CE,Towers with Radar,0,16,58,5,79,0,2,69,0,71,0,18,127,5,150,73,0,73,223
08/13/2023,FTW,TX,ASW,CE,Towers with Radar,0,37,75,6,118,0,0,84,0,84,0,37,159,6,202,102,0,102,304
08/14/2023,FTW,TX,ASW,CE,Towers with Radar,0,28,72,2,102,0,2,149,0,151,0,30,221,2,253,318,0,318,571
08/15/2023,FTW,TX,ASW,CE,Towers with Radar,0,21,79,0,100,0,5,168,3,176,0,26,247,3,276,272,0,272,548
08/16/2023,FTW,TX,ASW,CE,Towers with Radar,0,34,101,0,135,0,3,162,3,168,0,37,263,3,303,452,0,452,755
08/17/2023,FTW,TX,ASW,CE,Towers with Radar,1,27,97,2,127,0,4,138,1,143,1,31,235,3,270,294,0,294,564
08/18/2023,FTW,TX,ASW,CE,Towers with Radar,0,25,67,7,99,0,2,143,0,145,0,27,210,7,244,356,0,356,600
08/19/2023,FTW,TX,ASW,CE,Towers with Radar,1,14,44,5,64,0,10,101,1,112,1,24,145,6,176,120,30,150,326
08/20/2023,FTW,TX,ASW,CE,Towers with Radar,0,29,72,2,103,0,3,91,0,94,0,32,163,2,197,60,0,60,257
08/21/2023,FTW,TX,ASW,CE,Towers with Radar,0,33,78,3,114,0,1,104,0,105,0,34,182,3,219,306,0,306,525
08/22/2023,FTW,TX,ASW,CE,Towers with Radar,0,20,72,0,92,0,5,149,0,154,0,25,221,0,246,316,0,316,562
08/23/2023,FTW,TX,ASW,CE,Towers with Radar,0,30,139,0,169,0,1,164,0,165,0,31,303,0,334,578,0,578,912
08/24/2023,FTW,TX,ASW,CE,Towers with Radar,0,45,91,0,136,0,7,193,2,202,0,52,284,2,338,566,8,574,912
08/25/2023,FTW,TX,ASW,CE,Towers with Radar,0,24,84,41,149,0,4,180,2,186,0,28,264,43,335,410,0,410,745
08/26/2023,FTW,TX,ASW,CE,Towers with Radar,0,9,47,14,70,0,0,109,3,112,0,9,156,17,182,154,6,160,342
08/27/2023,FTW,TX,ASW,CE,Towers with Radar,0,27,64,9,100,0,0,59,2,61,0,27,123,11,161,116,0,116,277
08/28/2023,FTW,TX,ASW,CE,Towers with Radar,0,22,54,0,76,0,2,168,3,173,0,24,222,3,249,250,0,250,499
08/29/2023,FTW,TX,ASW,CE,Towers with Radar,1,14,78,4,97,0,3,152,3,158,1,17,230,7,255,306,6,312,567
08/30/2023,FTW,TX,ASW,CE,Towers with Radar,0,30,82,5,117,0,0,181,1,182,0,30,263,6,299,620,0,620,919
08/31/2023,FTW,TX,ASW,CE,Towers with Radar,0,42,108,0,150,0,3,154,0,157,0,45,262,0,307,512,6,518,825
01/01/2020,FTW,TX,ASW,CE,Towers with Radar,0,15,55,0,70,0,12,50,0,62,0,27,105,0,132,8,0,8,140
01/02/2020,FTW,TX,ASW,CE,Towers with Radar,0,18,89,0,107,0,6,167,0,173,0,24,256,0,280,240,0,240,520
01/03/2020,FTW,TX,ASW,CE,Towers with Radar,0,22,70,0,92,0,2,144,0,146,0,24,214,0,238,234,0,234,472
01/04/2020,FTW,TX,ASW,CE,Towers with Radar,4,32,62,3,101,0,5,200,0,205,4,37,262,3,306,362,6,368,674
01/05/2020,FTW,TX,ASW,CE,Towers with Radar,0,28,58,1,87,0,0,100,0,100,0,28,158,1,187,150,0,150,337
01/06/2020,FTW,TX,ASW,CE,Towers with Radar,0,13,64,2,79,0,5,176,0,181,0,18,240,2,260,318,0,318,578
01/07/2020,FTW,TX,ASW,CE,Towers with Radar,0,13,101,1,115,0,1,178,1,180,0,14,279,2,295,506,0,506,801
01/08/2020,FTW,TX,ASW,CE,Towers with Radar,0,17,100,3,120,0,4,158,1,163,0,21,258,4,283,284,4,288,571
01/09/2020,FTW,TX,ASW,CE,Towers with Radar,0,28,94,5,127,0,3,37,0,40,0,31,131,5,167,148,0,148,315
01/10/2020,FTW,TX,ASW,CE,Towers with Radar,0,19,50,4,73,0,0,10,0,10,0,19,60,4,83,66,0,66,149
01/11/2020,FTW,TX,ASW,CE,Towers with Radar,1,28,55,17,101,0,2,85,0,87,1,30,140,17,188,286,6,292,480
01/12/2020,FTW,TX,ASW,CE,Towers with Radar,0,27,67,8,102,0,2,113,3,118,0,29,180,11,220,104,0,104,324
01/13/2020,FTW,TX,ASW,CE,Towers with Radar,0,19,68,1,88,0,3,9,0,12,0,22,77,1,100,10,0,10,110
01/14/2020,FTW,TX,ASW,CE,Towers with Radar,0,22,90,5,117,0,0,117,0,117,0,22,207,5,234,376,0,376,610
01/15/2020,FTW,TX,ASW,CE,Towers with Radar,0,24,78,4,106,0,0,65,0,65,0,24,143,4,171,272,0,272,443
01/16/2020,FTW,TX,ASW,CE,Towers with Radar,0,23,61,1,85,0,1,3,0,4,0,24,64,1,89,50,0,50,139
01/17/2020,FTW,TX,ASW,CE,Towers with Radar,0,24,67,2,93,0,0,0,0,0,0,24,67,2,93,0,0,0,93
01/18/2020,FTW,TX,ASW,CE,Towers with Radar,0,24,57,1,82,0,4,178,3,185,0,28,235,4,267,292,0,292,559
01/19/2020,FTW,TX,ASW,CE,Towers with Radar,0,15,60,1,76,0,7,153,0,160,0,22,213,1,236,166,0,166,402
01/20/2020,FTW,TX,ASW,CE,Towers with Radar,2,34,111,3,150,0,4,190,1,195,2,38,301,4,345,350,0,350,695
01/21/2020,FTW,TX,ASW,CE,Towers with Radar,2,27,85,4,118,0,7,204,1,212,2,34,289,5,330,287,0,287,617
01/22/2020,FTW,TX,ASW,CE,Towers with Radar,1,15,52,2,70,0,0,1,0,1,1,15,53,2,71,0,0,0,71
01/23/2020,FTW,TX,ASW,CE,Towers with Radar,0,25,96,2,123,0,4,150,0,154,0,29,246,2,277,310,0,310,587
01/24/2020,FTW,TX,ASW,CE,Towers with Radar,1,30,86,4,121,0,7,229,1,237,1,37,315,5,358,278,0,278,636
01/25/2020,FTW,TX,ASW,CE,Towers with Radar,0,19,57,21,97,0,3,176,0,179,0,22,233,21,276,178,12,190,466
01/26/2020,FTW,TX,ASW,CE,Towers with Radar,2,19,117,11,149,0,4,80,0,84,2,23,197,11,233,132,0,132,365
01/27/2020,FTW,TX,ASW,CE,Towers with Radar,0,26,58,5,89,0,0,115,1,116,0,26,173,6,205,258,0,258,463
01/28/2020,FTW,TX,ASW,CE,Towers with Radar,0,17,63,12,92,0,3,10,0,13,0,20,73,12,105,0,0,0,105
01/29/2020,FTW,TX,ASW,CE,Towers with Radar,0,25,88,5,118,0,1,40,0,41,0,26,128,5,159,186,0,186,345
01/30/2020,FTW,TX,ASW,CE,Towers with Radar,0,31,82,13,126,0,0,22,0,22,0,31,104,13,148,252,0,252,400
01/31/2020,FTW,TX,ASW,CE,Towers with Radar,1,19,76,18,114,0,7,193,0,200,1,26,269,18,314,284,2,286,600
02/01/2020,FTW,TX,ASW,CE,Towers with Radar,0,23,45,28,96,0,7,207,7,221,0,30,252,35,317,182,46,228,545
02/02/2020,FTW,TX,ASW,CE,Towers with Radar,0,25,64,13,102,0,2,110,2,114,0,27,174,15,216,66,0,66,282
02/03/2020,FTW,TX,ASW,CE,Towers with Radar,0,10,76,3,89,0,7,70,1,78,0,17,146,4,167,184,0,184,351
02/04/2020,FTW,TX,ASW,CE,Towers with Radar,0,25,72,0,97,0,1,11,0,12,0,26,83,0,109,6,0,6,115
02/05/2020,FTW,TX,ASW,CE,Towers with Radar,1,15,41,0,57,0,0,2,0,2,1,15,43,0,59,54,0,54,113
02/06/2020,FTW,TX,ASW,CE,Towers with Radar,0,27,88,0,115,0,5,151,1,157,0,32,239,1,272,516,0,516,788
02/07/2020,FTW,TX,ASW,CE,Towers with Radar,0,34,106,4,144,0,9,222,0,231,0,43,328,4,375,390,0,390,765
02/08/2020,FTW,TX,ASW,CE,Towers with Radar,1,20,75,16,112,0,9,192,3,204,1,29,267,19,316,266,4,270,586
02/09/2020,FTW,TX,ASW,CE,Towers with Radar,0,18,55,10,83,0,1,22,0,23,0,19,77,10,106,0,0,0,106
02/10/2020,FTW,TX,ASW,CE,Towers with Radar,0,31,61,0,92,0,0,22,0,22,0,31,83,0,114,54,0,54,168
02/11/2020,FTW,TX,ASW,CE,Towers with Radar,1,25,60,0,86,0,0,11,1,12,1,25,71,1,98,2,0,2,100
02/12/2020,FTW,TX,ASW,CE,Towers with Radar,0,34,73,1,108,0,1,21,0,22,0,35,94,1,130,150,0,150,280
02/13/2020,FTW,TX,ASW,CE,Towers with Radar,0,49,88,2,139,0,2,131,0,133,0,51,219,2,272,644,0,644,916
02/14/2020,FTW,TX,ASW,CE,Towers with Radar,0,36,90,4,130,0,3,259,1,263,0,39,349,5,393,326,0,326,719
02/15/2020,FTW,TX,ASW,CE,Towers with Radar,1,29,81,4,115,0,11,186,0,197,1,40,267,4,312,216,0,216,528
02/16/2020,FTW,TX,ASW,CE,Towers with Radar,0,20,70,0,90,0,8,137,0,145,0,28,207,0,235,146,0,146,381
02/17/2020,FTW,TX,ASW,CE,Towers with Radar,0,29,120,2,151,0,4,212,0,216,0,33,332,2,367,476,0,476,843
02/18/2020,FTW,TX,ASW,CE,Towers with Radar,0,23,82,4,109,0,4,65,0,69,0,27,147,4,178,256,0,256,434
02/19/2020,FTW,TX,ASW,CE,Towers with Radar,0,16,82,1,99,0,4,44,2,50,0,20,126,3,149,204,0,204,353
02/20/2020,FTW,TX,ASW,CE,Towers with Radar,0,34,133,0,167,0,3,67,0,70,0,37,200,0,237,170,0,170,407
02/21/2020,FTW,TX,ASW,CE,Towers with Radar,1,30,99,5,135,0,4,287,2,293,1,34,386,7,428,532,0,532,960
02/22/2020,FTW,TX,ASW,CE,Towers with Radar,1,16,58,7,82,0,4,196,1,201,1,20,254,8,283,402,0,402,685
02/23/2020,FTW,TX,ASW,CE,Towers with Radar,0,24,101,2,127,0,1,15,1,17,0,25,116,3,144,20,0,20,164
02/24/2020,FTW,TX,ASW,CE,Towers with Radar,0,24,78,0,102,0,1,90,2,93,0,25,168,2,195,46,0,46,241
02/25/2020,FTW,TX,ASW,CE,Towers with Radar,0,35,80,2,117,0,4,197,0,201,0,39,277,2,318,296,0,296,614
02/26/2020,FTW,TX,ASW,CE,Towers with Radar,0,27,68,13,108,0,3,60,4,67,0,30,128,17,175,114,62,176,351
02/27/2020,FTW,TX,ASW,CE,Towers with Radar,0,35,88,7,130,0,1,244,3,248,0,36,332,10,378,478,0,478,856
02/28/2020,FTW,TX,ASW,CE,Towers with Radar,0,32,84,10,126,0,15,241,0,256,0,47,325,10,382,642,0,642,1024
02/29/2020,FTW,TX,ASW,CE,Towers with Radar,0,13,38,19,70,0,8,168,7,183,0,21,206,26,253,201,4,205,458
03/01/2020,FTW,TX,ASW,CE,Towers with Radar,0,21,52,9,82,0,3,37,3,43,0,24,89,12,125,4,16,20,145
03/02/2020,FTW,TX,ASW,CE,Towers with Radar,0,8,77,5,90,0,3,128,1,132,0,11,205,6,222,638,0,638,860
03/03/2020,FTW,TX,ASW,CE,Towers with Radar,0,20,73,4,97,0,1,152,1,154,0,21,225,5,251,574,12,586,837
03/04/2020,FTW,TX,ASW,CE,Towers with Radar,0,20,59,0,79,0,2,9,0,11,0,22,68,0,90,28,0,28,118
03/05/2020,FTW,TX,ASW,CE,Towers with Radar,0,26,97,5,128,0,5,218,0,223,0,31,315,5,351,872,0,872,1223
03/06/2020,FTW,TX,ASW,CE,Towers with Radar,0,44,118,10,172,0,10,224,0,234,0,54,342,10,406,566,0,566,972
03/07/2020,FTW,TX,ASW,CE,Towers with Radar,0,35,60,26,121,0,3,130,2,135,0,38,190,28,256,274,0,274,530
03/08/2020,FTW,TX,ASW,CE,Towers with Radar,1,23,58,12,94,0,5,29,0,34,1,28,87,12,128,20,0,20,148
03/09/2020,FTW,TX,ASW,CE,Towers with Radar,1,15,70,0,86,0,7,36,0,43,1,22,106,0,129,168,0,168,297
03/10/2020,FTW,TX,ASW,CE,Towers with Radar,1,20,82,8,111,0,12,209,2,223,1,32,291,10,334,632,16,648,982
03/11/2020,FTW,TX,ASW,CE,Towers with Radar,3,32,65,4,104,0,6,146,3,155,3,38,211,7,259,340,0,340,599
03/12/2020,FTW,TX,ASW,CE,Towers with Radar,2,38,96,3,139,0,7,137,1,145,2,45,233,4,284,228,0,228,512
03/13/2020,FTW,TX,ASW,CE,Towers with Radar,6,26,43,3,78,0,0,0,0,0,6,26,43,3,78,0,0,0,78
03/14/2020,FTW,TX,ASW,CE,Towers with Radar,0,40,42,2,84,0,0,0,0,0,0,40,42,2,84,8,0,8,92
03/15/2020,FTW,TX,ASW,CE,Towers with Radar,0,45,66,1,112,0,0,4,0,4,0,45,70,1,116,0,0,0,116
03/16/2020,FTW,TX,ASW,CE,Towers with Radar,0,19,42,0,61,0,1,28,1,30,0,20,70,1,91,46,0,46,137
03/17/2020,FTW,TX,ASW,CE,Towers with Radar,0,16,44,0,60,0,1,2,1,4,0,17,46,1,64,8,0,8,72
03/18/2020,FTW,TX,ASW,CE,Towers with Radar,0,12,44,0,56,0,2,32,1,35,0,14,76,1,91,154,0,154,245
03/19/2020,FTW,TX,ASW,CE,Towers with Radar,0,8,29,1,38,0,4,33,2,39,0,12,62,3,77,64,0,64,141
03/20/2020,FTW,TX,ASW,CE,Towers with Radar,0,17,32,2,51,0,8,25,0,33,0,25,57,2,84,124,0,124,208
03/21/2020,FTW,TX,ASW,CE,Towers with Radar,1,9,23,6,39,0,2,31,0,33,1,11,54,6,72,44,0,44,116
03/22/2020,FTW,TX,ASW,CE,Towers with Radar,0,7,31,2,40,0,0,3,0,3,0,7,34,2,43,0,0,0,43
03/23/2020,FTW,TX,ASW,CE,Towers with Radar,0,8,30,2,40,0,1,3,0,4,0,9,33,2,44,0,0,0,44
03/24/2020,FTW,TX,ASW,CE,Towers with Radar,0,9,17,2,28,0,2,75,3,80,0,11,92,5,108,98,16,114,222
03/25/2020,FTW,TX,ASW,CE,Towers with Radar,1,11,11,0,23,0,15,47,0,62,1,26,58,0,85,98,0,98,183
03/26/2020,FTW,TX,ASW,CE,Towers with Radar,0,6,40,2,48,0,0,72,0,72,0,6,112,2,120,66,0,66,186
03/27/2020,FTW,TX,ASW,CE,Towers with Radar,0,14,28,4,46,0,6,30,7,43,0,20,58,11,89,50,0,50,139
03/28/2020,FTW,TX,ASW,CE,Towers with Radar,0,3,11,2,16,0,0,45,4,49,0,3,56,6,65,42,0,42,107
03/29/2020,FTW,TX,ASW,CE,Towers with Radar,0,5,16,1,22,0,1,55,0,56,0,6,71,1,78,58,0,58,136
03/30/2020,FTW,TX,ASW,CE,Towers with Radar,1,5,23,8,37,0,5,7,0,12,1,10,30,8,49,6,0,6,55
03/31/2020,FTW,TX,ASW,CE,Towers with Radar,0,4,32,4,40,0,3,58,0,61,0,7,90,4,101,210,0,210,311
04/01/2020,FTW,TX,ASW,CE,Towers with Radar,0,9,25,0,34,0,5,80,1,86,0,14,105,1,120,178,0,178,298
04/02/2020,FTW,TX,ASW,CE,Towers with Radar,0,1,14,0,15,0,2,30,0,32,0,3,44,0,47,126,0,126,173
04/03/2020,FTW,TX,ASW,CE,Towers with Radar,0,5,14,0,19,0,0,4,0,4,0,5,18,0,23,0,0,0,23
04/04/2020,FTW,TX,ASW,CE,Towers with Radar,0,3,12,0,15,0,0,8,0,8,0,3,20,0,23,0,0,0,23
04/05/2020,FTW,TX,ASW,CE,Towers with Radar,0,1,20,0,21,0,1,7,0,8,0,2,27,0,29,32,0,32,61
04/06/2020,FTW,TX,ASW,CE,Towers with Radar,0,5,27,0,32,0,0,34,0,34,0,5,61,0,66,162,0,162,228
04/07/2020,FTW,TX,ASW,CE,Towers with Radar,0,1,36,6,43,0,5,122,0,127,0,6,158,6,170,308,0,308,478
04/08/2020,FTW,TX,ASW,CE,Towers with Radar,0,9,28,0,37,0,4,121,0,125,0,13,149,0,162,314,0,314,476
04/09/2020,FTW,TX,ASW,CE,Towers with Radar,0,13,28,0,41,0,0,105,0,105,0,13,133,0,146,414,0,414,560
04/10/2020,FTW,TX,ASW,CE,Towers with Radar,0,10,40,0,50,0,2,130,0,132,0,12,170,0,182,476,0,476,658
04/11/2020,FTW,TX,ASW,CE,Towers with Radar,0,2,15,0,17,0,2,7,0,9,0,4,22,0,26,20,0,20,46
04/12/2020,FTW,TX,ASW,CE,Towers with Radar,0,9,7,0,16,0,5,20,0,25,0,14,27,0,41,26,0,26,67
04/13/2020,FTW,TX,ASW,CE,Towers with Radar,0,3,31,0,34,0,5,107,0,112,0,8,138,0,146,222,0,222,368
04/14/2020,FTW,TX,ASW,CE,Towers with Radar,0,4,26,0,30,0,7,73,0,80,0,11,99,0,110,302,0,302,412
04/15/2020,FTW,TX,ASW,CE,Towers with Radar,0,10,27,4,41,0,0,167,1,168,0,10,194,5,209,374,10,384,593
04/16/2020,FTW,TX,ASW,CE,Towers with Radar,0,2,48,0,50,0,4,138,0,142,0,6,186,0,192,306,0,306,498
04/17/2020,FTW,TX,ASW,CE,Towers with Radar,0,9,32,0,41,0,3,22,0,25,0,12,54,0,66,78,0,78,144
04/18/2020,FTW,TX,ASW,CE,Towers with Radar,0,2,10,0,12,0,5,73,0,78,0,7,83,0,90,264,0,264,354
04/19/2020,FTW,TX,ASW,CE,Towers with Radar,0,8,16,0,24,0,1,32,0,33,0,9,48,0,57,14,0,14,71
04/20/2020,FTW,TX,ASW,CE,Towers with Radar,0,4,42,0,46,0,2,75,0,77,0,6,117,0,123,286,0,286,409
04/21/2020,FTW,TX,ASW,CE,Towers with Radar,0,3,45,0,48,0,0,107,2,109,0,3,152,2,157,298,4,302,459
04/22/2020,FTW,TX,ASW,CE,Towers with Radar,0,4,8,1,13,0,3,5,0,8,0,7,13,1,21,6,0,6,27
04/23/2020,FTW,TX,ASW,CE,Towers with Radar,0,2,40,0,42,0,7,174,0,181,0,9,214,0,223,452,0,452,675
04/24/2020,FTW,TX,ASW,CE,Towers with Radar,0,8,30,2,40,0,3,92,1,96,0,11,122,3,136,96,0,96,232
04/25/2020,FTW,TX,ASW,CE,Towers with Radar,0,10,13,0,23,0,6,79,0,85,0,16,92,0,108,178,0,178,286
04/26/2020,FTW,TX,ASW,CE,Towers with Radar,0,12,22,0,34,0,8,82,0,90,0,20,104,0,124,140,0,140,264
04/27/2020,FTW,TX,ASW,CE,Towers with Radar,0,10,33,1,44,0,13,51,1,65,0,23,84,2,109,42,0,42,151
04/28/2020,FTW,TX,ASW,CE,Towers with Radar,0,0,24,1,25,0,6,45,1,52,0,6,69,2,77,86,0,86,163
04/29/2020,FTW,TX,ASW,CE,Towers with Radar,0,3,40,2,45,0,6,72,2,80,0,9,112,4,125,46,0,46,171
04/30/2020,FTW,TX,ASW,CE,Towers with Radar,0,14,39,0,53,0,1,219,3,223,0,15,258,3,276,332,10,342,618
05/01/2020,FTW,TX,ASW,CE,Towers with Radar,0,14,31,1,46,0,3,69,0,72,0,17,100,1,118,112,0,112,230
05/02/2020,FTW,TX,ASW,CE,Towers with Radar,0,8,21,0,29,0,1,40,0,41,0,9,61,0,70,5,0,5,75
05/03/2020,FTW,TX,ASW,CE,Towers with Radar,0,9,31,0,40,0,0,72,0,72,0,9,103,0,112,26,0,26,138
05/04/2020,FTW,TX,ASW,CE,Towers with Radar,0,5,35,0,40,0,13,80,0,93,0,18,115,0,133,138,0,138,271
05/05/2020,FTW,TX,ASW,CE,Towers with Radar,0,9,42,0,51,0,4,98,0,102,0,13,140,0,153,184,0,184,337
05/06/2020,FTW,TX,ASW,CE,Towers with Radar,0,4,54,3,61,0,15,170,1,186,0,19,224,4,247,530,0,530,777
05/07/2020,FTW,TX,ASW,CE,Towers with Radar,0,11,47,0,58,0,5,77,0,82,0,16,124,0,140,252,0,252,392
05/08/2020,FTW,TX,ASW,CE,Towers with Radar,0,14,39,0,53,0,1,27,0,28,0,15,66,0,81,42,0,42,123
05/09/2020,FTW,TX,ASW,CE,Towers with Radar,0,7,27,0,34,0,7,173,0,180,0,14,200,0,214,298,0,298,512
05/10/2020,FTW,TX,ASW,CE,Towers with Radar,0,10,25,0,35,0,3,113,0,116,0,13,138,0,151,126,0,126,277
05/11/2020,FTW,TX,ASW,CE,Towers with Radar,0,9,41,4,54,0,0,145,0,145,0,9,186,4,199,140,0,140,339
05/12/2020,FTW,TX,ASW,CE,Towers with Radar,0,10,20,0,30,0,2,26,0,28,0,12,46,0,58,76,0,76,134
05/13/2020,FTW,TX,ASW,CE,Towers with Radar,0,12,43,0,55,0,0,48,0,48,0,12,91,0,103,118,0,118,221
05/14/2020,FTW,TX,ASW,CE,Towers with Radar,0,13,73,1,87,0,2,103,0,105,0,15,176,1,192,164,0,164,356
05/15/2020,FTW,TX,ASW,CE,Towers with Radar,0,10,50,1,61,0,5,53,0,58,0,15,103,1,119,152,0,152,271
05/16/2020,FTW,TX,ASW,CE,Towers with Radar,0,10,20,0,30,0,1,1,0,2,0,11,21,0,32,0,0,0,32
05/17/2020,FTW,TX,ASW,CE,Towers with Radar,0,17,36,0,53,0,4,87,0,91,0,21,123,0,144,96,0,96,240
05/18/2020,FTW,TX,ASW,CE,Towers with Radar,0,14,44,0,58,0,8,220,0,228,0,22,264,0,286,344,0,344,630
05/19/2020,FTW,TX,ASW,CE,Towers with Radar,0,10,62,0,72,0,12,186,0,198,0,22,248,0,270,384,0,384,654
05/20/2020,FTW,TX,ASW,CE,Towers with Radar,0,11,69,0,80,0,1,48,0,49,0,12,117,0,129,248,0,248,377
05/21/2020,FTW,TX,ASW,CE,Towers with Radar,0,18,83,0,101,0,1,47,0,48,0,19,130,0,149,102,0,102,251
05/22/2020,FTW,TX,ASW,CE,Towers with Radar,0,15,58,1,74,0,0,64,1,65,0,15,122,2,139,212,0,212,351
05/23/2020,FTW,TX,ASW,CE,Towers with Radar,0,11,31,2,44,0,2,54,2,58,0,13,85,4,102,92,0,92,194
05/24/2020,FTW,TX,ASW,CE,Towers with Radar,0,23,14,3,40,0,2,16,1,19,0,25,30,4,59,48,0,48,107
05/25/2020,FTW,TX,ASW,CE,Towers with Radar,0,14,32,0,46,0,2,13,0,15,0,16,45,0,61,24,0,24,85
05/26/2020,FTW,TX,ASW,CE,Towers with Radar,0,6,67,2,75,0,2,70,0,72,0,8,137,2,147,178,0,178,325
05/27/2020,FTW,TX,ASW,CE,Towers with Radar,0,15,45,0,60,0,0,140,0,140,0,15,185,0,200,394,0,394,594
05/28/2020,FTW,TX,ASW,CE,Towers with Radar,0,28,74,0,102,0,4,181,0,185,0,32,255,0,287,346,0,346,633
05/29/2020,FTW,TX,ASW,CE,Towers with Radar,0,13,99,1,113,0,2,180,1,183,0,15,279,2,296,236,0,236,532
05/30/2020,FTW,TX,ASW,CE,Towers with Radar,0,15,36,3,54,0,1,196,0,197,0,16,232,3,251,298,2,300,551
05/31/2020,FTW,TX,ASW,CE,Towers with Radar,0,6,55,1,62,0,6,97,0,103,0,12,152,1,165,150,0,150,315
06/01/2020,FTW,TX,ASW,CE,Towers with Radar,0,8,62,3,73,0,3,176,1,180,0,11,238,4,253,343,0,343,596
06/02/2020,FTW,TX,ASW,CE,Towers with Radar,0,15,55,3,73,0,1,129,0,130,0,16,184,3,203,340,0,340,543
06/03/2020,FTW,TX,ASW,CE,Towers with Radar,0,7,61,0,68,0,8,152,0,160,0,15,213,0,228,300,0,300,528
06/04/2020,FTW,TX,ASW,CE,Towers with Radar,0,11,67,2,80,0,3,129,0,132,0,14,196,2,212,220,0,220,432
06/05/2020,FTW,TX,ASW,CE,Towers with Radar,0,22,75,0,97,0,8,137,0,145,0,30,212,0,242,328,0,328,570
06/06/2020,FTW,TX,ASW,CE,Towers with Radar,0,16,28,0,44,0,4,90,0,94,0,20,118,0,138,140,0,140,278
06/07/2020,FTW,TX,ASW,CE,Towers with Radar,0,17,40,0,57,0,5,65,0,70,0,22,105,0,127,50,0,50,177
06/08/2020,FTW,TX,ASW,CE,Towers with Radar,0,44,63,2,109,0,0,128,0,128,0,44,191,2,237,300,0,300,537
06/09/2020,FTW,TX,ASW,CE,Towers with Radar,0,18,76,1,95,0,0,61,0,61,0,18,137,1,156,44,0,44,200
06/10/2020,FTW,TX,ASW,CE,Towers with Radar,0,16,89,1,106,0,5,110,0,115,0,21,199,1,221,168,0,168,389
06/11/2020,FTW,TX,ASW,CE,Towers with Radar,0,32,98,0,130,0,2,120,2,124,0,34,218,2,254,198,0,198,452
06/12/2020,FTW,TX,ASW,CE,Towers with Radar,0,40,67,0,107,0,1,147,0,148,0,41,214,0,255,444,0,444,699
06/13/2020,FTW,TX,ASW,CE,Towers with Radar,0,27,54,0,81,0,3,121,0,124,0,30,175,0,205,218,0,218,423
06/14/2020,FTW,TX,ASW,CE,Towers with Radar,0,37,73,0,110,0,2,99,1,102,0,39,172,1,212,76,0,76,288
06/15/2020,FTW,TX,ASW,CE,Towers with Radar,4,32,75,0,111,0,2,186,1,189,4,34,261,1,300,400,0,400,700
06/16/2020,FTW,TX,ASW,CE,Towers with Radar,0,25,58,1,84,0,4,132,0,136,0,29,190,1,220,292,0,292,512
06/17/2020,FTW,TX,ASW,CE,Towers with Radar,0,14,70,0,84,0,3,148,0,151,0,17,218,0,235,232,0,232,467
06/18/2020,FTW,TX,ASW,CE,Towers with Radar,1,33,82,0,116,0,2,153,0,155,1,35,235,0,271,178,0,178,449
06/19/2020,FTW,TX,ASW,CE,Towers with Radar,0,20,67,0,87,0,2,64,0,66,0,22,131,0,153,394,0,394,547
06/20/2020,FTW,TX,ASW,CE,Towers with Radar,0,12,52,0,64,0,3,79,0,82,0,15,131,0,146,212,0,212,358
06/21/2020,FTW,TX,ASW,CE,Towers with Radar,0,14,47,0,61,0,2,30,0,32,0,16,77,0,93,22,0,22,115
06/22/2020,FTW,TX,ASW,CE,Towers with Radar,0,21,61,1,83,0,7,89,1,97,0,28,150,2,180,124,0,124,304
06/23/2020,FTW,TX,ASW,CE,Towers with Radar,0,18,50,0,68,0,0,16,0,16,0,18,66,0,84,54,0,54,138
06/24/2020,FTW,TX,ASW,CE,Towers with Radar,0,26,77,0,103,0,4,151,0,155,0,30,228,0,258,172,0,172,430
06/25/2020,FTW,TX,ASW,CE,Towers with Radar,0,25,63,0,88,0,3,105,0,108,0,28,168,0,196,352,0,352,548
06/26/2020,FTW,TX,ASW,CE,Towers with Radar,0,18,69,0,87,0,0,76,0,76,0,18,145,0,163,158,0,158,321
06/27/2020,FTW,TX,ASW,CE,Towers with Radar,0,29,49,0,78,0,8,54,0,62,0,37,103,0,140,116,0,116,256
06/28/2020,FTW,TX,ASW,CE,Towers with Radar,0,24,67,0,91,0,5,29,1,35,0,29,96,1,126,22,0,22,148
06/29/2020,FTW,TX,ASW,CE,Towers with Radar,0,12,43,0,55,0,1,49,0,50,0,13,92,0,105,52,0,52,157
06/30/2020,FTW,TX,ASW,CE,Towers with Radar,0,20,47,0,67,0,7,60,0,67,0,27,107,0,134,84,0,84,218
07/01/2020,FTW,TX,ASW,CE,Towers with Radar,0,13,77,0,90,0,2,94,0,96,0,15,171,0,186,166,0,166,352
07/02/2020,FTW,TX,ASW,CE,Towers with Radar,0,22,81,0,103,0,1,107,0,108,0,23,188,0,211,328,0,328,539
07/03/2020,FTW,TX,ASW,CE,Towers with Radar,0,11,57,2,70,0,6,88,0,94,0,17,145,2,164,166,0,166,330
07/04/2020,FTW,TX,ASW,CE,Towers with Radar,1,11,6,0,18,0,1,54,1,56,1,12,60,1,74,48,0,48,122
07/05/2020,FTW,TX,ASW,CE,Towers with Radar,3,21,64,0,88,0,4,39,0,43,3,25,103,0,131,18,0,18,149
07/06/2020,FTW,TX,ASW,CE,Towers with Radar,1,17,34,0,52,0,3,45,0,48,1,20,79,0,100,60,0,60,160
07/07/2020,FTW,TX,ASW,CE,Towers with Radar,0,14,50,0,64,0,10,59,0,69,0,24,109,0,133,140,0,140,273
07/08/2020,FTW,TX,ASW,CE,Towers with Radar,0,28,71,0,99,0,4,146,0,150,0,32,217,0,249,332,0,332,581
07/09/2020,FTW,TX,ASW,CE,Towers with Radar,0,10,75,0,85,0,4,112,2,118,0,14,187,2,203,140,0,140,343
07/10/2020,FTW,TX,ASW,CE,Towers with Radar,0,17,45,0,62,0,3,164,2,169,0,20,209,2,231,256,0,256,487
07/11/2020,FTW,TX,ASW,CE,Towers with Radar,0,9,30,0,39,0,0,89,0,89,0,9,119,0,128,70,0,70,198
07/12/2020,FTW,TX,ASW,CE,Towers with Radar,0,10,50,1,61,0,6,58,0,64,0,16,108,1,125,40,0,40,165
07/13/2020,FTW,TX,ASW,CE,Towers with Radar,0,15,49,0,64,0,1,170,0,171,0,16,219,0,235,246,0,246,481
07/14/2020,FTW,TX,ASW,CE,Towers with Radar,0,25,72,2,99,0,3,127,3,133,0,28,199,5,232,360,0,360,592
07/15/2020,FTW,TX,ASW,CE,Towers with Radar,0,24,71,1,96,0,5,106,0,111,0,29,177,1,207,262,0,262,469
07/16/2020,FTW,TX,ASW,CE,Towers with Radar,0,17,66,2,85,0,1,104,4,109,0,18,170,6,194,212,0,212,406
07/17/2020,FTW,TX,ASW,CE,Towers with Radar,0,19,67,0,86,0,3,131,2,136,0,22,198,2,222,248,0,248,470
07/18/2020,FTW,TX,ASW,CE,Towers with Radar,0,19,32,0,51,0,6,97,0,103,0,25,129,0,154,116,0,116,270
07/19/2020,FTW,TX,ASW,CE,Towers with Radar,0,9,41,2,52,0,3,55,0,58,0,12,96,2,110,45,0,45,155
07/20/2020,FTW,TX,ASW,CE,Towers with Radar,0,16,51,0,67,0,3,93,0,96,0,19,144,0,163,248,0,248,411
07/21/2020,FTW,TX,ASW,CE,Towers with Radar,0,10,52,0,62,0,7,41,0,48,0,17,93,0,110,258,0,258,368
07/22/2020,FTW,TX,ASW,CE,Towers with Radar,0,18,68,0,86,0,4,64,0,68,0,22,132,0,154,266,0,266,420
07/23/2020,FTW,TX,ASW,CE,Towers with Radar,0,18,77,4,99,0,2,115,0,117,0,20,192,4,216,264,0,264,480
07/24/2020,FTW,TX,ASW,CE,Towers with Radar,0,24,62,3,89,0,6,99,0,105,0,30,161,3,194,250,0,250,444
07/25/2020,FTW,TX,ASW,CE,Towers with Radar,0,13,47,11,71,0,8,67,1,76,0,21,114,12,147,142,2,144,291
07/26/2020,FTW,TX,ASW,CE,Towers with Radar,0,24,68,4,96,0,3,48,0,51,0,27,116,4,147,74,0,74,221
07/27/2020,FTW,TX,ASW,CE,Towers with Radar,0,11,44,6,61,0,1,88,1,90,0,12,132,7,151,244,10,254,405
07/28/2020,FTW,TX,ASW,CE,Towers with Radar,0,16,49,0,65,0,0,58,0,58,0,16,107,0,123,312,0,312,435
07/29/2020,FTW,TX,ASW,CE,Towers with Radar,0,23,55,0,78,0,2,193,0,195,0,25,248,0,273,184,0,184,457
07/30/2020,FTW,TX,ASW,CE,Towers with Radar,0,22,79,2,103,0,7,136,0,143,0,29,215,2,246,140,0,140,386
07/31/2020,FTW,TX,ASW,CE,Towers with Radar,0,27,81,0,108,0,0,158,0,158,0,27,239,0,266,266,0,266,532
08/01/2020,FTW,TX,ASW,CE,Towers with Radar,0,31,48,0,79,0,1,145,0,146,0,32,193,0,225,150,0,150,375
08/02/2020,FTW,TX,ASW,CE,Towers with Radar,1,21,59,0,81,0,3,62,1,66,1,24,121,1,147,32,0,32,179
08/03/2020,FTW,TX,ASW,CE,Towers with Radar,0,18,60,4,82,0,3,133,1,137,0,21,193,5,219,188,0,188,407
08/04/2020,FTW,TX,ASW,CE,Towers with Radar,0,21,69,2,92,0,2,137,0,139,0,23,206,2,231,228,0,228,459
08/05/2020,FTW,TX,ASW,CE,Towers with Radar,0,19,57,2,78,0,2,126,4,132,0,21,183,6,210,322,0,322,532
08/06/2020,FTW,TX,ASW,CE,Towers with Radar,0,28,92,0,120,0,4,135,1,140,0,32,227,1,260,260,0,260,520
08/07/2020,FTW,TX,ASW,CE,Towers with Radar,0,24,73,2,99,0,5,129,0,134,0,29,202,2,233,160,0,160,393
08/08/2020,FTW,TX,ASW,CE,Towers with Radar,0,22,34,2,58,0,4,104,2,110,0,26,138,4,168,62,0,62,230
08/09/2020,FTW,TX,ASW,CE,Towers with Radar,0,20,63,0,83,0,0,99,0,99,0,20,162,0,182,27,0,27,209
08/10/2020,FTW,TX,ASW,CE,Towers with Radar,0,19,42,0,61,0,6,134,0,140,0,25,176,0,201,176,0,176,377
08/11/2020,FTW,TX,ASW,CE,Towers with Radar,0,22,75,0,97,0,4,120,0,124,0,26,195,0,221,178,0,178,399
08/12/2020,FTW,TX,ASW,CE,Towers with Radar,0,25,91,0,116,0,6,143,0,149,0,31,234,0,265,120,0,120,385
08/13/2020,FTW,TX,ASW,CE,Towers with Radar,0,36,93,0,129,0,6,136,0,142,0,42,229,0,271,224,0,224,495
08/14/2020,FTW,TX,ASW,CE,Towers with Radar,0,14,83,0,97,0,5,124,1,130,0,19,207,1,227,228,0,228,455
08/15/2020,FTW,TX,ASW,CE,Towers with Radar,0,19,45,0,64,0,5,145,0,150,0,24,190,0,214,124,0,124,338
08/16/2020,FTW,TX,ASW,CE,Towers with Radar,0,26,61,2,89,0,3,45,0,48,0,29,106,2,137,40,0,40,177
08/17/2020,FTW,TX,ASW,CE,Towers with Radar,0,22,43,0,65,0,1,115,0,116,0,23,158,0,181,288,0,288,469
08/18/2020,FTW,TX,ASW,CE,Towers with Radar,0,22,90,0,112,0,2,156,0,158,0,24,246,0,270,316,0,316,586
08/19/2020,FTW,TX,ASW,CE,Towers with Radar,0,13,60,0,73,0,7,148,0,155,0,20,208,0,228,166,0,166,394
08/20/2020,FTW,TX,ASW,CE,Towers with Radar,0,25,75,0,100,0,4,144,0,148,0,29,219,0,248,78,0,78,326
08/21/2020,FTW,TX,ASW,CE,Towers with Radar,0,16,66,3,85,0,0,146,0,146,0,16,212,3,231,184,0,184,415
08/22/2020,FTW,TX,ASW,CE,Towers with Radar,0,24,47,4,75,0,5,89,2,96,0,29,136,6,171,112,10,122,293
08/23/2020,FTW,TX,ASW,CE,Towers with Radar,0,17,43,1,61,0,3,55,0,58,0,20,98,1,119,34,0,34,153
08/24/2020,FTW,TX,ASW,CE,Towers with Radar,0,18,54,2,74,0,6,132,0,138,0,24,186,2,212,228,0,228,440
08/25/2020,FTW,TX,ASW,CE,Towers with Radar,0,10,47,0,57,0,5,116,0,121,0,15,163,0,178,222,0,222,400
08/26/2020,FTW,TX,ASW,CE,Towers with Radar,0,14,62,1,77,0,4,98,0,102,0,18,160,1,179,180,0,180,359
08/27/2020,FTW,TX,ASW,CE,Towers with Radar,0,23,62,0,85,0,4,110,0,114,0,27,172,0,199,196,0,196,395
08/28/2020,FTW,TX,ASW,CE,Towers with Radar,0,17,81,6,104,0,0,155,0,155,0,17,236,6,259,202,8,210,469
08/29/2020,FTW,TX,ASW,CE,Towers with Radar,0,20,43,5,68,0,6,88,0,94,0,26,131,5,162,51,0,51,213
08/30/2020,FTW,TX,ASW,CE,Towers with Radar,0,29,52,3,84,0,3,41,0,44,0,32,93,3,128,2,0,2,130
08/31/2020,FTW,TX,ASW,CE,Towers with Radar,0,17,57,0,74,0,4,115,0,119,0,21,172,0,193,228,0,228,421
09/01/2020,FTW,TX,ASW,CE,Towers with Radar,0,8,43,0,51,0,1,20,0,21,0,9,63,0,72,50,0,50,122
09/02/2020,FTW,TX,ASW,CE,Towers with Radar,0,21,48,0,69,0,10,34,0,44,0,31,82,0,113,182,0,182,295
09/03/2020,FTW,TX,ASW,CE,Towers with Radar,0,29,76,0,105,0,2,59,0,61,0,31,135,0,166,208,0,208,374
09/04/2020,FTW,TX,ASW,CE,Towers with Radar,0,30,94,1,125,0,4,53,0,57,0,34,147,1,182,120,0,120,302
09/05/2020,FTW,TX,ASW,CE,Towers with Radar,0,6,37,0,43,0,5,124,0,129,0,11,161,0,172,66,0,66,238
09/06/2020,FTW,TX,ASW,CE,Towers with Radar,0,15,36,0,51,0,8,30,0,38,0,23,66,0,89,8,0,8,97
09/07/2020,FTW,TX,ASW,CE,Towers with Radar,0,19,65,0,84,0,6,93,0,99,0,25,158,0,183,120,0,120,303
09/08/2020,FTW,TX,ASW,CE,Towers with Radar,1,26,56,2,85,0,3,129,2,134,1,29,185,4,219,280,2,282,501
09/09/2020,FTW,TX,ASW,CE,Towers with Radar,0,16,57,1,74,0,1,4,0,5,0,17,61,1,79,74,0,74,153
09/10/2020,FTW,TX,ASW,CE,Towers with Radar,0,17,81,0,98,0,0,13,0,13,0,17,94,0,111,182,0,182,293
09/11/2020,FTW,TX,ASW,CE,Towers with Radar,0,22,127,2,151,0,2,106,0,108,0,24,233,2,259,478,0,478,737
09/12/2020,FTW,TX,ASW,CE,Towers with Radar,0,13,55,7,75,0,1,123,4,128,0,14,178,11,203,220,0,220,423
09/13/2020,FTW,TX,ASW,CE,Towers with Radar,1,17,65,14,97,0,8,74,4,86,1,25,139,18,183,60,0,60,243
09/14/2020,FTW,TX,ASW,CE,Towers with Radar,1,13,80,5,99,0,5,97,0,102,1,18,177,5,201,152,4,156,357
09/15/2020,FTW,TX,ASW,CE,Towers with Radar,0,21,90,1,112,0,1,78,0,79,0,22,168,1,191,192,0,192,383
09/16/2020,FTW,TX,ASW,CE,Towers with Radar,0,15,66,7,88,0,2,79,0,81,0,17,145,7,169,170,0,170,339
09/17/2020,FTW,TX,ASW,CE,Towers with Radar,0,23,85,0,108,0,5,154,0,159,0,28,239,0,267,318,0,318,585
09/18/2020,FTW,TX,ASW,CE,Towers with Radar,1,26,96,2,125,0,5,178,3,186,1,31,274,5,311,232,0,232,543
09/19/2020,FTW,TX,ASW,CE,Towers with Radar,0,11,65,6,82,0,4,158,5,167,0,15,223,11,249,212,28,240,489
09/20/2020,FTW,TX,ASW,CE,Towers with Radar,0,19,75,1,95,0,3,71,3,77,0,22,146,4,172,22,0,22,194
09/21/2020,FTW,TX,ASW,CE,Towers with Radar,0,24,72,0,96,0,0,56,0,56,0,24,128,0,152,102,0,102,254
09/22/2020,FTW,TX,ASW,CE,Towers with Radar,0,11,63,0,74,0,0,1,0,1,0,11,64,0,75,36,0,36,111
09/23/2020,FTW,TX,ASW,CE,Towers with Radar,0,27,85,0,112,0,7,37,0,44,0,34,122,0,156,180,0,180,336
09/24/2020,FTW,TX,ASW,CE,Towers with Radar,0,45,123,0,168,0,2,113,0,115,0,47,236,0,283,264,0,264,547
09/25/2020,FTW,TX,ASW,CE,Towers with Radar,1,34,102,9,146,0,2,145,0,147,1,36,247,9,293,306,0,306,599
09/26/2020,FTW,TX,ASW,CE,Towers with Radar,1,18,79,22,120,0,5,99,2,106,1,23,178,24,226,146,58,204,430
09/27/2020,FTW,TX,ASW,CE,Towers with Radar,0,15,81,6,102,0,11,44,4,59,0,26,125,10,161,32,0,32,193
09/28/2020,FTW,TX,ASW,CE,Towers with Radar,0,21,69,1,91,0,7,101,0,108,0,28,170,1,199,86,0,86,285
09/29/2020,FTW,TX,ASW,CE,Towers with Radar,2,17,92,2,113,0,8,129,2,139,2,25,221,4,252,262,0,262,514
09/30/2020,FTW,TX,ASW,CE,Towers with Radar,0,21,87,0,108,0,5,177,0,182,0,26,264,0,290,362,0,362,652
10/01/2020,FTW,TX,ASW,CE,Towers with Radar,0,26,89,0,115,0,0,108,0,108,0,26,197,0,223,324,0,324,547
10/02/2020,FTW,TX,ASW,CE,Towers with Radar,0,18,73,4,95,0,5,175,1,181,0,23,248,5,276,274,0,274,550
10/03/2020,FTW,TX,ASW,CE,Towers with Radar,0,11,53,6,70,0,5,120,1,126,0,16,173,7,196,86,6,92,288
10/04/2020,FTW,TX,ASW,CE,Towers with Radar,0,14,50,3,67,0,7,65,0,72,0,21,115,3,139,34,0,34,173
10/05/2020,FTW,TX,ASW,CE,Towers with Radar,0,16,75,0,91,0,4,105,0,109,0,20,180,0,200,130,0,130,330
10/06/2020,FTW,TX,ASW,CE,Towers with Radar,0,19,83,0,102,0,6,144,0,150,0,25,227,0,252,292,0,292,544
10/07/2020,FTW,TX,ASW,CE,Towers with Radar,0,20,77,4,101,0,6,154,3,163,0,26,231,7,264,276,0,276,540
10/08/2020,FTW,TX,ASW,CE,Towers with Radar,0,23,88,5,116,0,7,129,0,136,0,30,217,5,252,281,0,281,533
10/09/2020,FTW,TX,ASW,CE,Towers with Radar,2,29,89,2,122,0,5,77,0,82,2,34,166,2,204,282,0,282,486
10/10/2020,FTW,TX,ASW,CE,Towers with Radar,2,23,59,8,92,0,1,82,0,83,2,24,141,8,175,94,0,94,269
10/11/2020,FTW,TX,ASW,CE,Towers with Radar,0,16,73,0,89,0,1,71,0,72,0,17,144,0,161,78,0,78,239
10/12/2020,FTW,TX,ASW,CE,Towers with Radar,0,21,69,0,90,0,6,108,0,114,0,27,177,0,204,160,0,160,364
10/13/2020,FTW,TX,ASW,CE,Towers with Radar,0,19,79,0,98,0,1,171,0,172,0,20,250,0,270,436,0,436,706
10/14/2020,FTW,TX,ASW,CE,Towers with Radar,1,24,77,13,115,0,13,130,1,144,1,37,207,14,259,136,8,144,403
10/15/2020,FTW,TX,ASW,CE,Towers with Radar,0,31,70,1,102,0,4,54,0,58,0,35,124,1,160,142,0,142,302
10/16/2020,FTW,TX,ASW,CE,Towers with Radar,0,21,70,2,93,0,4,154,2,160,0,25,224,4,253,277,0,277,530
10/17/2020,FTW,TX,ASW,CE,Towers with Radar,0,25,47,0,72,0,8,77,2,87,0,33,124,2,159,76,0,76,235
10/18/2020,FTW,TX,ASW,CE,Towers with Radar,0,31,77,5,113,0,7,50,5,62,0,38,127,10,175,26,38,64,239
10/19/2020,FTW,TX,ASW,CE,Towers with Radar,0,21,68,8,97,0,0,37,3,40,0,21,105,11,137,194,0,194,331
10/20/2020,FTW,TX,ASW,CE,Towers with Radar,0,20,67,8,95,0,5,91,0,96,0,25,158,8,191,146,0,146,337
10/21/2020,FTW,TX,ASW,CE,Towers with Radar,0,25,109,0,134,0,2,109,0,111,0,27,218,0,245,366,0,366,611
10/22/2020,FTW,TX,ASW,CE,Towers with Radar,2,35,96,0,133,0,3,89,0,92,2,38,185,0,225,218,0,218,443
10/23/2020,FTW,TX,ASW,CE,Towers with Radar,0,19,80,8,107,0,8,21,0,29,0,27,101,8,136,62,0,62,198
10/24/2020,FTW,TX,ASW,CE,Towers with Radar,0,10,58,29,97,0,6,124,2,132,0,16,182,31,229,232,20,252,481
10/25/2020,FTW,TX,ASW,CE,Towers with Radar,0,26,94,15,135,0,2,6,0,8,0,28,100,15,143,0,0,0,143
10/26/2020,FTW,TX,ASW,CE,Towers with Radar,0,18,36,0,54,0,0,0,0,0,0,18,36,0,54,0,0,0,54
10/27/2020,FTW,TX,ASW,CE,Towers with Radar,0,21,32,0,53,0,0,0,0,0,0,21,32,0,53,0,0,0,53
10/28/2020,FTW,TX,ASW,CE,Towers with Radar,1,9,56,0,66,0,1,16,0,17,1,10,72,0,83,80,0,80,163
10/29/2020,FTW,TX,ASW,CE,Towers with Radar,0,16,81,2,99,0,5,43,0,48,0,21,124,2,147,92,0,92,239
10/30/2020,FTW,TX,ASW,CE,Towers with Radar,0,40,100,0,140,0,10,252,0,262,0,50,352,0,402,278,0,278,680
10/31/2020,FTW,TX,ASW,CE,Towers with Radar,0,9,28,8,45,0,6,144,1,151,0,15,172,9,196,182,0,182,378
11/01/2020,FTW,TX,ASW,CE,Towers with Radar,0,15,47,4,66,0,6,71,2,79,0,21,118,6,145,70,0,70,215
11/02/2020,FTW,TX,ASW,CE,Towers with Radar,0,15,51,1,67,0,2,147,0,149,0,17,198,1,216,342,0,342,558
11/03/2020,FTW,TX,ASW,CE,Towers with Radar,0,7,66,2,75,0,4,195,1,200,0,11,261,3,275,202,36,238,513
11/04/2020,FTW,TX,ASW,CE,Towers with Radar,1,18,73,4,96,0,6,137,0,143,1,24,210,4,239,166,4,170,409
11/05/2020,FTW,TX,ASW,CE,Towers with Radar,0,18,68,0,86,0,5,132,0,137,0,23,200,0,223,332,0,332,555
11/06/2020,FTW,TX,ASW,CE,Towers with Radar,0,26,73,11,110,0,3,95,2,100,0,29,168,13,210,167,20,187,397
11/07/2020,FTW,TX,ASW,CE,Towers with Radar,2,14,60,40,116,0,1,101,5,107,2,15,161,45,223,178,8,186,409
11/08/2020,FTW,TX,ASW,CE,Towers with Radar,0,15,66,9,90,0,1,22,1,24,0,16,88,10,114,30,0,30,144
11/09/2020,FTW,TX,ASW,CE,Towers with Radar,0,17,73,0,90,0,3,71,0,74,0,20,144,0,164,112,0,112,276
11/10/2020,FTW,TX,ASW,CE,Towers with Radar,0,17,72,0,89,0,2,139,0,141,0,19,211,0,230,420,0,420,650
11/11/2020,FTW,TX,ASW,CE,Towers with Radar,0,14,61,1,76,0,4,182,1,187,0,18,243,2,263,296,0,296,559
11/12/2020,FTW,TX,ASW,CE,Towers with Radar,0,36,63,0,99,0,5,128,1,134,0,41,191,1,233,322,38,360,593
11/13/2020,FTW,TX,ASW,CE,Towers with Radar,2,25,66,2,95,0,5,120,0,125,2,30,186,2,220,312,0,312,532
11/14/2020,FTW,TX,ASW,CE,Towers with Radar,2,8,41,15,66,0,4,36,0,40,2,12,77,15,106,20,12,32,138
11/15/2020,FTW,TX,ASW,CE,Towers with Radar,0,20,63,0,83,0,4,66,7,77,0,24,129,7,160,28,0,28,188
11/16/2020,FTW,TX,ASW,CE,Towers with Radar,0,21,65,5,91,0,4,171,2,177,0,25,236,7,268,230,0,230,498
11/17/2020,FTW,TX,ASW,CE,Towers with Radar,0,22,75,0,97,0,2,166,0,168,0,24,241,0,265,292,0,292,557
11/18/2020,FTW,TX,ASW,CE,Towers with Radar,0,19,70,0,89,0,6,151,0,157,0,25,221,0,246,320,0,320,566
11/19/2020,FTW,TX,ASW,CE,Towers with Radar,0,26,94,2,122,0,2,73,0,75,0,28,167,2,197,259,0,259,456
11/20/2020,FTW,TX,ASW,CE,Towers with Radar,0,30,85,4,119,0,4,98,0,102,0,34,183,4,221,260,0,260,481
11/21/2020,FTW,TX,ASW,CE,Towers with Radar,0,24,55,4,83,0,2,84,2,88,0,26,139,6,171,198,2,200,371
11/22/2020,FTW,TX,ASW,CE,Towers with Radar,0,25,54,1,80,0,0,17,0,17,0,25,71,1,97,110,0,110,207
11/23/2020,FTW,TX,ASW,CE,Towers with Radar,0,21,59,0,80,0,0,54,0,54,0,21,113,0,134,366,0,366,500
11/24/2020,FTW,TX,ASW,CE,Towers with Radar,0,22,85,0,107,0,2,12,0,14,0,24,97,0,121,20,0,20,141
11/25/2020,FTW,TX,ASW,CE,Towers with Radar,0,27,62,0,89,0,0,107,0,107,0,27,169,0,196,48,0,48,244
11/26/2020,FTW,TX,ASW,CE,Towers with Radar,0,11,17,0,28,0,9,47,0,56,0,20,64,0,84,4,0,4,88
11/27/2020,FTW,TX,ASW,CE,Towers with Radar,2,17,42,0,61,0,0,41,0,41,2,17,83,0,102,26,0,26,128
11/28/2020,FTW,TX,ASW,CE,Towers with Radar,1,20,35,1,57,0,0,7,0,7,1,20,42,1,64,0,0,0,64
11/29/2020,FTW,TX,ASW,CE,Towers with Radar,3,33,86,2,124,0,0,19,0,19,3,33,105,2,143,0,0,0,143
11/30/2020,FTW,TX,ASW,CE,Towers with Radar,1,11,62,1,75,0,6,137,0,143,1,17,199,1,218,180,0,180,398
12/01/2020,FTW,TX,ASW,CE,Towers with Radar,0,8,53,2,63,0,1,136,0,137,0,9,189,2,200,194,0,194,394
12/02/2020,FTW,TX,ASW,CE,Towers with Radar,0,18,57,0,75,0,2,66,0,68,0,20,123,0,143,82,0,82,225
12/03/2020,FTW,TX,ASW,CE,Towers with Radar,0,23,69,10,102,0,2,27,0,29,0,25,96,10,131,230,0,230,361
12/04/2020,FTW,TX,ASW,CE,Towers with Radar,1,11,95,35,142,0,3,126,1,130,1,14,221,36,272,170,8,178,450
12/05/2020,FTW,TX,ASW,CE,Towers with Radar,0,23,76,21,120,0,4,151,10,165,0,27,227,31,285,252,0,252,537
12/06/2020,FTW,TX,ASW,CE,Towers with Radar,0,13,76,6,95,0,3,91,2,96,0,16,167,8,191,56,0,56,247
12/07/2020,FTW,TX,ASW,CE,Towers with Radar,1,16,83,0,100,0,11,180,1,192,1,27,263,1,292,334,0,334,626
12/08/2020,FTW,TX,ASW,CE,Towers with Radar,1,14,65,0,80,0,11,162,0,173,1,25,227,0,253,364,0,364,617
12/09/2020,FTW,TX,ASW,CE,Towers with Radar,1,29,70,6,106,0,2,193,4,199,1,31,263,10,305,456,4,460,765
12/10/2020,FTW,TX,ASW,CE,Towers with Radar,0,24,94,2,120,0,0,180,1,181,0,24,274,3,301,476,0,476,777
12/11/2020,FTW,TX,ASW,CE,Towers with Radar,0,21,107,3,131,0,3,57,0,60,0,24,164,3,191,172,6,178,369
12/12/2020,FTW,TX,ASW,CE,Towers with Radar,0,19,38,5,62,0,3,143,0,146,0,22,181,5,208,292,0,292,500
12/13/2020,FTW,TX,ASW,CE,Towers with Radar,0,16,64,0,80,0,0,5,0,5,0,16,69,0,85,0,0,0,85
12/14/2020,FTW,TX,ASW,CE,Towers with Radar,0,19,56,0,75,0,4,162,0,166,0,23,218,0,241,218,0,218,459
12/15/2020,FTW,TX,ASW,CE,Towers with Radar,0,21,67,0,88,0,1,3,0,4,0,22,70,0,92,64,0,64,156
12/16/2020,FTW,TX,ASW,CE,Towers with Radar,0,22,63,1,86,0,2,123,1,126,0,24,186,2,212,372,2,374,586
12/17/2020,FTW,TX,ASW,CE,Towers with Radar,0,21,90,1,112,0,5,219,0,224,0,26,309,1,336,266,0,266,602
12/18/2020,FTW,TX,ASW,CE,Towers with Radar,2,22,83,1,108,0,0,140,1,141,2,22,223,2,249,254,0,254,503
12/19/2020,FTW,TX,ASW,CE,Towers with Radar,3,24,35,1,63,0,0,83,1,84,3,24,118,2,147,298,0,298,445
12/20/2020,FTW,TX,ASW,CE,Towers with Radar,0,9,69,0,78,0,1,131,2,134,0,10,200,2,212,194,0,194,406
12/21/2020,FTW,TX,ASW,CE,Towers with Radar,0,18,58,4,80,0,17,230,3,250,0,35,288,7,330,584,0,584,914
12/22/2020,FTW,TX,ASW,CE,Towers with Radar,1,21,63,1,86,0,4,184,0,188,1,25,247,1,274,302,0,302,576
12/23/2020,FTW,TX,ASW,CE,Towers with Radar,0,29,68,0,97,0,4,103,0,107,0,33,171,0,204,124,0,124,328
12/24/2020,FTW,TX,ASW,CE,Towers with Radar,1,12,14,0,27,0,5,80,0,85,1,17,94,0,112,140,0,140,252
12/25/2020,FTW,TX,ASW,CE,Towers with Radar,0,13,9,0,22,0,0,41,0,41,0,13,50,0,63,36,0,36,99
12/26/2020,FTW,TX,ASW,CE,Towers with Radar,1,32,58,0,91,0,1,154,0,155,1,33,212,0,246,236,0,236,482
12/27/2020,FTW,TX,ASW,CE,Towers with Radar,0,28,62,0,90,0,2,91,0,93,0,30,153,0,183,214,0,214,397
12/28/2020,FTW,TX,ASW,CE,Towers with Radar,0,19,59,0,78,0,2,127,0,129,0,21,186,0,207,450,0,450,657
12/29/2020,FTW,TX,ASW,CE,Towers with Radar,0,14,67,1,82,0,3,29,2,34,0,17,96,3,116,94,0,94,210
12/30/2020,FTW,TX,ASW,CE,Towers with Radar,2,15,33,0,50,0,1,0,0,1,2,16,33,0,51,82,0,82,133
12/31/2020,FTW,TX,ASW,CE,Towers with Radar,3,6,21,0,30,0,0,0,0,0,3,6,21,0,30,0,0,0,30
01/01/2021,FTW,TX,ASW,CE,Towers with Radar,0,10,24,0,34,0,1,6,0,7,0,11,30,0,41,10,0,10,51
01/02/2021,FTW,TX,ASW,CE,Towers with Radar,0,18,39,0,57,0,4,143,0,147,0,22,182,0,204,318,0,318,522
01/03/2021,FTW,TX,ASW,CE,Towers with Radar,1,27,59,0,87,0,0,91,0,91,1,27,150,0,178,196,0,196,374
01/04/2021,FTW,TX,ASW,CE,Towers with Radar,2,23,50,0,75,0,3,163,1,167,2,26,213,1,242,464,0,464,706
01/05/2021,FTW,TX,ASW,CE,Towers with Radar,1,10,54,0,65,0,1,190,0,191,1,11,244,0,256,311,0,311,567
01/06/2021,FTW,TX,ASW,CE,Towers with Radar,1,22,66,0,89,0,2,29,0,31,1,24,95,0,120,80,0,80,200
01/07/2021,FTW,TX,ASW,CE,Towers with Radar,0,15,54,2,71,0,1,75,0,76,0,16,129,2,147,490,0,490,637
01/08/2021,FTW,TX,ASW,CE,Towers with Radar,0,14,73,0,87,0,2,93,0,95,0,16,166,0,182,366,0,366,548
01/09/2021,FTW,TX,ASW,CE,Towers with Radar,0,20,46,2,68,0,0,148,1,149,0,20,194,3,217,280,0,280,497
01/10/2021,FTW,TX,ASW,CE,Towers with Radar,0,7,40,0,47,0,2,1,0,3,0,9,41,0,50,0,0,0,50
01/11/2021,FTW,TX,ASW,CE,Towers with Radar,0,9,51,0,60,0,8,130,2,140,0,17,181,2,200,360,0,360,560
01/12/2021,FTW,TX,ASW,CE,Towers with Radar,0,16,75,0,91,0,2,192,1,195,0,18,267,1,286,438,0,438,724
01/13/2021,FTW,TX,ASW,CE,Towers with Radar,0,19,84,2,105,0,6,191,1,198,0,25,275,3,303,352,0,352,655
01/14/2021,FTW,TX,ASW,CE,Towers with Radar,2,26,69,1,98,0,1,52,3,56,2,27,121,4,154,80,24,104,258
01/15/2021,FTW,TX,ASW,CE,Towers with Radar,0,19,55,0,74,0,1,39,2,42,0,20,94,2,116,32,0,32,148
01/16/2021,FTW,TX,ASW,CE,Towers with Radar,1,6,31,1,39,0,0,165,4,169,1,6,196,5,208,336,18,354,562
01/17/2021,FTW,TX,ASW,CE,Towers with Radar,0,17,60,3,80,0,3,112,1,116,0,20,172,4,196,104,0,104,300
01/18/2021,FTW,TX,ASW,CE,Towers with Radar,0,14,83,2,99,0,7,112,0,119,0,21,195,2,218,222,0,222,440
01/19/2021,FTW,TX,ASW,CE,Towers with Radar,0,24,62,2,88,0,0,72,0,72,0,24,134,2,160,282,0,282,442
01/20/2021,FTW,TX,ASW,CE,Towers with Radar,0,18,54,0,72,0,0,6,0,6,0,18,60,0,78,34,0,34,112
01/21/2021,FTW,TX,ASW,CE,Towers with Radar,0,17,85,0,102,0,0,76,0,76,0,17,161,0,178,72,0,72,250
01/22/2021,FTW,TX,ASW,CE,Towers with Radar,0,11,81,4,96,0,0,16,0,16,0,11,97,4,112,110,0,110,222
01/23/2021,FTW,TX,ASW,CE,Towers with Radar,0,17,34,2,53,0,0,0,0,0,0,17,34,2,53,0,0,0,53
01/24/2021,FTW,TX,ASW,CE,Towers with Radar,2,4,46,0,52,0,0,0,0,0,2,4,46,0,52,0,0,0,52
01/25/2021,FTW,TX,ASW,CE,Towers with Radar,0,20,57,4,81,0,4,158,0,162,0,24,215,4,243,174,0,174,417
01/26/2021,FTW,TX,ASW,CE,Towers with Radar,0,23,95,5,123,0,1,217,0,218,0,24,312,5,341,370,0,370,711
01/27/2021,FTW,TX,ASW,CE,Towers with Radar,1,15,57,6,79,0,2,158,2,162,1,17,215,8,241,488,0,488,729
01/28/2021,FTW,TX,ASW,CE,Towers with Radar,1,13,80,4,98,0,4,156,0,160,1,17,236,4,258,172,0,172,430
01/29/2021,FTW,TX,ASW,CE,Towers with Radar,1,18,90,0,109,0,9,158,0,167,1,27,248,0,276,263,0,263,539
01/30/2021,FTW,TX,ASW,CE,Towers with Radar,1,10,27,2,40,0,0,10,0,10,1,10,37,2,50,0,0,0,50
01/31/2021,FTW,TX,ASW,CE,Towers with Radar,1,13,74,0,88,0,6,63,0,69,1,19,137,0,157,58,0,58,215
02/01/2021,FTW,TX,ASW,CE,Towers with Radar,0,24,88,1,113,0,7,171,1,179,0,31,259,2,292,256,0,256,548
02/02/2021,FTW,TX,ASW,CE,Towers with Radar,0,24,74,2,100,0,13,154,1,168,0,37,228,3,268,158,0,158,426
02/03/2021,FTW,TX,ASW,CE,Towers with Radar,1,24,56,1,82,0,4,133,0,137,1,28,189,1,219,200,0,200,419
02/04/2021,FTW,TX,ASW,CE,Towers with Radar,0,27,74,5,106,0,3,82,4,89,0,30,156,9,195,130,28,158,353
02/05/2021,FTW,TX,ASW,CE,Towers with Radar,0,14,46,33,93,0,1,172,3,176,0,15,218,36,269,262,0,262,531
02/06/2021,FTW,TX,ASW,CE,Towers with Radar,0,7,43,40,90,0,7,44,2,53,0,14,87,42,143,182,14,196,339
02/07/2021,FTW,TX,ASW,CE,Towers with Radar,0,11,50,3,64,0,4,75,0,79,0,15,125,3,143,40,4,44,187
02/08/2021,FTW,TX,ASW,CE,Towers with Radar,1,11,58,19,89,0,5,33,0,38,1,16,91,19,127,196,0,196,323
02/09/2021,FTW,TX,ASW,CE,Towers with Radar,0,36,75,3,114,0,3,16,0,19,0,39,91,3,133,108,0,108,241
02/10/2021,FTW,TX,ASW,CE,Towers with Radar,1,17,61,0,79,0,0,0,0,0,1,17,61,0,79,0,0,0,79
02/11/2021,FTW,TX,ASW,CE,Towers with Radar,0,23,54,0,77,0,1,10,0,11,0,24,64,0,88,96,0,96,184
02/12/2021,FTW,TX,ASW,CE,Towers with Radar,0,15,62,0,77,0,0,20,0,20,0,15,82,0,97,84,0,84,181
02/13/2021,FTW,TX,ASW,CE,Towers with Radar,0,18,32,0,50,0,0,5,0,5,0,18,37,0,55,26,0,26,81
02/14/2021,FTW,TX,ASW,CE,Towers with Radar,0,7,8,0,15,0,0,0,0,0,0,7,8,0,15,0,0,0,15
02/15/2021,FTW,TX,ASW,CE,Towers with Radar,0,20,10,0,30,0,1,1,0,2,0,21,11,0,32,0,0,0,32
02/16/2021,FTW,TX,ASW,CE,Towers with Radar,0,12,31,0,43,0,0,2,0,2,0,12,33,0,45,92,0,92,137
02/17/2021,FTW,TX,ASW,CE,Towers with Radar,0,3,11,0,14,0,1,0,0,1,0,4,11,0,15,0,0,0,15
02/18/2021,FTW,TX,ASW,CE,Towers with Radar,0,13,21,1,35,0,0,5,0,5,0,13,26,1,40,16,0,16,56
02/19/2021,FTW,TX,ASW,CE,Towers with Radar,0,28,47,2,77,0,4,62,1,67,0,32,109,3,144,128,0,128,272
02/20/2021,FTW,TX,ASW,CE,Towers with Radar,0,9,37,5,51,0,4,110,0,114,0,13,147,5,165,196,0,196,361
02/21/2021,FTW,TX,ASW,CE,Towers with Radar,0,10,51,1,62,0,5,34,0,39,0,15,85,1,101,20,0,20,121
02/22/2021,FTW,TX,ASW,CE,Towers with Radar,0,17,80,2,99,0,3,149,2,154,0,20,229,4,253,464,0,464,717
02/23/2021,FTW,TX,ASW,CE,Towers with Radar,2,35,83,1,121,0,5,144,2,151,2,40,227,3,272,288,0,288,560
02/24/2021,FTW,TX,ASW,CE,Towers with Radar,0,19,94,10,123,0,6,157,1,164,0,25,251,11,287,280,0,280,567
02/25/2021,FTW,TX,ASW,CE,Towers with Radar,0,29,94,2,125,0,4,53,0,57,0,33,147,2,182,419,0,419,601
02/26/2021,FTW,TX,ASW,CE,Towers with Radar,1,29,90,19,139,0,0,26,0,26,1,29,116,19,165,252,12,264,429
02/27/2021,FTW,TX,ASW,CE,Towers with Radar,0,15,38,9,62,0,0,7,0,7,0,15,45,9,69,6,0,6,75
02/28/2021,FTW,TX,ASW,CE,Towers with Radar,0,39,73,0,112,0,1,14,0,15,0,40,87,0,127,0,0,0,127
03/01/2021,FTW,TX,ASW,CE,Towers with Radar,0,23,71,0,94,0,0,70,2,72,0,23,141,2,166,120,8,128,294
03/02/2021,FTW,TX,ASW,CE,Towers with Radar,0,20,72,4,96,0,4,173,0,177,0,24,245,4,273,236,0,236,509
03/03/2021,FTW,TX,ASW,CE,Towers with Radar,0,23,99,4,126,0,4,195,1,200,0,27,294,5,326,516,0,516,842
03/04/2021,FTW,TX,ASW,CE,Towers with Radar,2,27,93,2,124,0,3,160,0,163,2,30,253,2,287,322,0,322,609
03/05/2021,FTW,TX,ASW,CE,Towers with Radar,0,35,92,9,136,0,2,152,0,154,0,37,244,9,290,316,10,326,616
03/06/2021,FTW,TX,ASW,CE,Towers with Radar,0,20,65,3,88,0,6,143,0,149,0,26,208,3,237,307,0,307,544
03/07/2021,FTW,TX,ASW,CE,Towers with Radar,0,29,58,0,87,0,5,74,0,79,0,34,132,0,166,66,0,66,232
03/08/2021,FTW,TX,ASW,CE,Towers with Radar,0,14,52,4,70,0,5,166,2,173,0,19,218,6,243,324,0,324,567
03/09/2021,FTW,TX,ASW,CE,Towers with Radar,0,21,74,1,96,0,3,32,0,35,0,24,106,1,131,250,0,250,381
03/10/2021,FTW,TX,ASW,CE,Towers with Radar,3,30,96,0,129,0,2,33,0,35,3,32,129,0,164,52,0,52,216
03/11/2021,FTW,TX,ASW,CE,Towers with Radar,0,28,99,9,136,0,5,55,0,60,0,33,154,9,196,128,0,128,324
03/12/2021,FTW,TX,ASW,CE,Towers with Radar,0,36,119,9,164,0,3,44,0,47,0,39,163,9,211,116,8,124,335
03/13/2021,FTW,TX,ASW,CE,Towers with Radar,2,30,65,8,105,0,2,42,4,48,2,32,107,12,153,42,8,50,203
03/14/2021,FTW,TX,ASW,CE,Towers with Radar,0,28,79,9,116,0,9,45,1,55,0,37,124,10,171,60,0,60,231
03/15/2021,FTW,TX,ASW,CE,Towers with Radar,0,22,71,5,98,0,1,134,2,137,0,23,205,7,235,284,0,284,519
03/16/2021,FTW,TX,ASW,CE,Towers with Radar,0,18,82,5,105,0,6,111,2,119,0,24,193,7,224,544,0,544,768
03/17/2021,FTW,TX,ASW,CE,Towers with Radar,0,14,42,0,56,0,1,24,3,28,0,15,66,3,84,104,0,104,188
03/18/2021,FTW,TX,ASW,CE,Towers with Radar,0,33,74,2,109,0,2,46,1,49,0,35,120,3,158,180,0,180,338
03/19/2021,FTW,TX,ASW,CE,Towers with Radar,0,24,99,0,123,0,2,153,0,155,0,26,252,0,278,358,0,358,636
03/20/2021,FTW,TX,ASW,CE,Towers with Radar,0,29,79,24,132,0,6,197,0,203,0,35,276,24,335,336,4,340,675
03/21/2021,FTW,TX,ASW,CE,Towers with Radar,0,31,102,7,140,0,12,46,0,58,0,43,148,7,198,46,0,46,244
03/22/2021,FTW,TX,ASW,CE,Towers with Radar,0,19,82,0,101,0,2,8,0,10,0,21,90,0,111,14,0,14,125
03/23/2021,FTW,TX,ASW,CE,Towers with Radar,0,25,79,0,104,0,4,152,0,156,0,29,231,0,260,282,0,282,542
03/24/2021,FTW,TX,ASW,CE,Towers with Radar,0,24,92,2,118,0,3,111,3,117,0,27,203,5,235,250,0,250,485
03/25/2021,FTW,TX,ASW,CE,Towers with Radar,0,33,85,0,118,0,1,98,0,99,0,34,183,0,217,144,0,144,361
03/26/2021,FTW,TX,ASW,CE,Towers with Radar,0,34,92,2,128,0,6,154,0,160,0,40,246,2,288,392,0,392,680
03/27/2021,FTW,TX,ASW,CE,Towers with Radar,0,26,46,3,75,0,2,51,1,54,0,28,97,4,129,56,0,56,185
03/28/2021,FTW,TX,ASW,CE,Towers with Radar,0,18,56,4,78,0,7,89,1,97,0,25,145,5,175,86,0,86,261
03/29/2021,FTW,TX,ASW,CE,Towers with Radar,0,19,58,10,87,0,8,131,0,139,0,27,189,10,226,352,0,352,578
03/30/2021,FTW,TX,ASW,CE,Towers with Radar,0,23,69,2,94,0,11,72,0,83,0,34,141,2,177,242,0,242,419
03/31/2021,FTW,TX,ASW,CE,Towers with Radar,0,41,73,0,114,0,12,69,1,82,0,53,142,1,196,102,0,102,298
04/01/2021,FTW,TX,ASW,CE,Towers with Radar,0,33,120,0,153,0,10,191,1,202,0,43,311,1,355,364,0,364,719
04/02/2021,FTW,TX,ASW,CE,Towers with Radar,0,26,57,23,106,0,10,138,1,149,0,36,195,24,255,330,28,358,613
04/03/2021,FTW,TX,ASW,CE,Towers with Radar,0,15,48,8,71,0,7,81,1,89,0,22,129,9,160,96,0,96,256
04/04/2021,FTW,TX,ASW,CE,Towers with Radar,0,22,57,2,81,0,9,40,0,49,0,31,97,2,130,28,2,30,160
04/05/2021,FTW,TX,ASW,CE,Towers with Radar,0,31,102,0,133,0,3,122,1,126,0,34,224,1,259,318,0,318,577
04/06/2021,FTW,TX,ASW,CE,Towers with Radar,0,25,83,1,109,0,7,26,0,33,0,32,109,1,142,156,0,156,298
04/07/2021,FTW,TX,ASW,CE,Towers with Radar,0,30,99,0,129,0,5,86,1,92,0,35,185,1,221,164,0,164,385
04/08/2021,FTW,TX,ASW,CE,Towers with Radar,0,26,83,0,109,0,11,171,0,182,0,37,254,0,291,482,0,482,773
04/09/2021,FTW,TX,ASW,CE,Towers with Radar,0,30,94,8,132,0,8,66,1,75,0,38,160,9,207,177,22,199,406
04/10/2021,FTW,TX,ASW,CE,Towers with Radar,0,26,48,32,106,0,6,126,3,135,0,32,174,35,241,158,114,272,513
04/11/2021,FTW,TX,ASW,CE,Towers with Radar,0,21,56,16,93,0,6,116,6,128,0,27,172,22,221,109,8,117,338
04/12/2021,FTW,TX,ASW,CE,Towers with Radar,0,25,80,2,107,0,3,96,0,99,0,28,176,2,206,208,0,208,414
04/13/2021,FTW,TX,ASW,CE,Towers with Radar,0,22,95,2,119,0,4,112,0,116,0,26,207,2,235,244,0,244,479
04/14/2021,FTW,TX,ASW,CE,Towers with Radar,0,25,79,0,104,0,0,41,1,42,0,25,120,1,146,140,0,140,286
04/15/2021,FTW,TX,ASW,CE,Towers with Radar,0,31,83,1,115,0,1,6,0,7,0,32,89,1,122,166,0,166,288
04/16/2021,FTW,TX,ASW,CE,Towers with Radar,0,20,63,1,84,0,0,0,0,0,0,20,63,1,84,28,0,28,112
04/17/2021,FTW,TX,ASW,CE,Towers with Radar,1,15,52,2,70,0,0,65,2,67,1,15,117,4,137,74,0,74,211
04/18/2021,FTW,TX,ASW,CE,Towers with Radar,1,36,75,4,116,0,6,99,2,107,1,42,174,6,223,78,0,78,301
04/19/2021,FTW,TX,ASW,CE,Towers with Radar,0,33,64,3,100,0,12,160,2,174,0,45,224,5,274,374,0,374,648
04/20/2021,FTW,TX,ASW,CE,Towers with Radar,0,21,50,7,78,0,5,106,5,116,0,26,156,12,194,220,0,220,414
04/21/2021,FTW,TX,ASW,CE,Towers with Radar,0,7,79,1,87,0,5,157,0,162,0,12,236,1,249,232,0,232,481
04/22/2021,FTW,TX,ASW,CE,Towers with Radar,0,22,107,0,129,0,2,125,0,127,0,24,232,0,256,326,0,326,582
04/23/2021,FTW,TX,ASW,CE,Towers with Radar,0,21,56,3,80,0,1,6,0,7,0,22,62,3,87,20,0,20,107
04/24/2021,FTW,TX,ASW,CE,Towers with Radar,0,15,55,20,90,0,4,81,4,89,0,19,136,24,179,180,0,180,359
04/25/2021,FTW,TX,ASW,CE,Towers with Radar,1,16,74,7,98,0,6,83,0,89,1,22,157,7,187,142,0,142,329
04/26/2021,FTW,TX,ASW,CE,Towers with Radar,0,20,69,2,91,0,8,91,0,99,0,28,160,2,190,86,0,86,276
04/27/2021,FTW,TX,ASW,CE,Towers with Radar,0,21,78,2,101,0,0,8,0,8,0,21,86,2,109,88,0,88,197
04/28/2021,FTW,TX,ASW,CE,Towers with Radar,0,24,68,0,92,0,1,26,0,27,0,25,94,0,119,106,0,106,225
04/29/2021,FTW,TX,ASW,CE,Towers with Radar,0,33,61,0,94,0,2,1,0,3,0,35,62,0,97,28,0,28,125
04/30/2021,FTW,TX,ASW,CE,Towers with Radar,0,20,66,0,86,0,2,22,0,24,0,22,88,0,110,90,0,90,200
05/01/2021,FTW,TX,ASW,CE,Towers with Radar,1,10,49,4,64,0,0,7,0,7,1,10,56,4,71,0,0,0,71
05/02/2021,FTW,TX,ASW,CE,Towers with Radar,0,24,81,3,108,0,5,67,0,72,0,29,148,3,180,192,0,192,372
05/03/2021,FTW,TX,ASW,CE,Towers with Radar,2,25,77,1,105,0,5,90,0,95,2,30,167,1,200,116,0,116,316
05/04/2021,FTW,TX,ASW,CE,Towers with Radar,0,27,96,2,125,0,2,72,0,74,0,29,168,2,199,156,0,156,355
05/05/2021,FTW,TX,ASW,CE,Towers with Radar,0,24,92,0,116,0,1,185,0,186,0,25,277,0,302,216,0,216,518
05/06/2021,FTW,TX,ASW,CE,Towers with Radar,0,42,129,0,171,0,6,220,0,226,0,48,349,0,397,256,0,256,653
05/07/2021,FTW,TX,ASW,CE,Towers with Radar,0,36,95,6,137,0,3,172,1,176,0,39,267,7,313,186,12,198,511
05/08/2021,FTW,TX,ASW,CE,Towers with Radar,0,34,86,1,121,0,7,45,2,54,0,41,131,3,175,44,0,44,219
05/09/2021,FTW,TX,ASW,CE,Towers with Radar,0,31,83,0,114,0,5,37,0,42,0,36,120,0,156,18,0,18,174
05/10/2021,FTW,TX,ASW,CE,Towers with Radar,0,20,79,0,99,0,2,5,0,7,0,22,84,0,106,44,0,44,150
05/11/2021,FTW,TX,ASW,CE,Towers with Radar,0,24,47,1,72,0,0,0,0,0,0,24,47,1,72,0,0,0,72
05/12/2021,FTW,TX,ASW,CE,Towers with Radar,0,27,101,0,128,0,0,17,0,17,0,27,118,0,145,66,0,66,211
05/13/2021,FTW,TX,ASW,CE,Towers with Radar,0,29,131,2,162,0,6,218,0,224,0,35,349,2,386,346,0,346,732
05/14/2021,FTW,TX,ASW,CE,Towers with Radar,2,22,91,12,127,0,11,216,0,227,2,33,307,12,354,356,10,366,720
05/15/2021,FTW,TX,ASW,CE,Towers with Radar,0,17,65,0,82,0,8,143,1,152,0,25,208,1,234,126,0,126,360
05/16/2021,FTW,TX,ASW,CE,Towers with Radar,0,31,74,0,105,0,3,6,0,9,0,34,80,0,114,10,0,10,124
05/17/2021,FTW,TX,ASW,CE,Towers with Radar,0,24,59,0,83,0,5,53,0,58,0,29,112,0,141,170,0,170,311
05/18/2021,FTW,TX,ASW,CE,Towers with Radar,0,37,59,0,96,0,2,21,0,23,0,39,80,0,119,134,0,134,253
05/19/2021,FTW,TX,ASW,CE,Towers with Radar,0,19,61,0,80,0,9,117,4,130,0,28,178,4,210,264,18,282,492
05/20/2021,FTW,TX,ASW,CE,Towers with Radar,0,26,103,0,129,0,6,62,1,69,0,32,165,1,198,184,0,184,382
05/21/2021,FTW,TX,ASW,CE,Towers with Radar,2,26,97,6,131,0,2,51,0,53,2,28,148,6,184,102,0,102,286
05/22/2021,FTW,TX,ASW,CE,Towers with Radar,0,22,55,4,81,0,0,6,0,6,0,22,61,4,87,0,0,0,87
05/23/2021,FTW,TX,ASW,CE,Towers with Radar,0,26,83,0,109,0,0,15,0,15,0,26,98,0,124,0,0,0,124
05/24/2021,FTW,TX,ASW,CE,Towers with Radar,0,35,84,0,119,0,0,2,0,2,0,35,86,0,121,0,0,0,121
05/25/2021,FTW,TX,ASW,CE,Towers with Radar,0,29,89,2,120,0,3,71,0,74,0,32,160,2,194,256,0,256,450
05/26/2021,FTW,TX,ASW,CE,Towers with Radar,1,30,104,2,137,0,6,153,0,159,1,36,257,2,296,388,0,388,684
05/27/2021,FTW,TX,ASW,CE,Towers with Radar,0,33,118,1,152,0,11,134,0,145,0,44,252,1,297,468,0,468,765
05/28/2021,FTW,TX,ASW,CE,Towers with Radar,0,36,80,1,117,0,5,35,0,40,0,41,115,1,157,306,0,306,463
05/29/2021,FTW,TX,ASW,CE,Towers with Radar,0,26,61,0,87,0,3,45,0,48,0,29,106,0,135,114,0,114,249
05/30/2021,FTW,TX,ASW,CE,Towers with Radar,0,34,37,0,71,0,4,40,0,44,0,38,77,0,115,58,0,58,173
05/31/2021,FTW,TX,ASW,CE,Towers with Radar,0,22,51,0,73,0,1,2,0,3,0,23,53,0,76,76,0,76,152
06/01/2021,FTW,TX,ASW,CE,Towers with Radar,0,21,106,0,127,0,0,40,0,40,0,21,146,0,167,316,0,316,483
06/02/2021,FTW,TX,ASW,CE,Towers with Radar,0,25,78,2,105,0,4,110,3,117,0,29,188,5,222,282,0,282,504
06/03/2021,FTW,TX,ASW,CE,Towers with Radar,0,23,84,1,108,0,1,115,0,116,0,24,199,1,224,442,10,452,676
06/04/2021,FTW,TX,ASW,CE,Towers with Radar,1,27,96,0,124,0,1,110,0,111,1,28,206,0,235,230,0,230,465
06/05/2021,FTW,TX,ASW,CE,Towers with Radar,1,21,63,0,85,0,10,21,0,31,1,31,84,0,116,34,0,34,150
06/06/2021,FTW,TX,ASW,CE,Towers with Radar,0,20,79,0,99,0,0,32,0,32,0,20,111,0,131,74,0,74,205
06/07/2021,FTW,TX,ASW,CE,Towers with Radar,0,28,86,0,114,0,8,62,0,70,0,36,148,0,184,226,0,226,410
06/08/2021,FTW,TX,ASW,CE,Towers with Radar,0,26,86,0,112,0,4,124,0,128,0,30,210,0,240,596,0,596,836
06/09/2021,FTW,TX,ASW,CE,Towers with Radar,0,21,131,1,153,0,0,101,1,102,0,21,232,2,255,404,0,404,659
06/10/2021,FTW,TX,ASW,CE,Towers with Radar,0,32,115,0,147,0,3,126,0,129,0,35,241,0,276,492,0,492,768
06/11/2021,FTW,TX,ASW,CE,Towers with Radar,1,24,71,6,102,0,4,152,0,156,1,28,223,6,258,275,4,279,537
06/12/2021,FTW,TX,ASW,CE,Towers with Radar,1,27,64,19,111,0,12,95,1,108,1,39,159,20,219,180,36,216,435
06/13/2021,FTW,TX,ASW,CE,Towers with Radar,0,30,80,12,122,0,3,76,2,81,0,33,156,14,203,222,0,222,425
06/14/2021,FTW,TX,ASW,CE,Towers with Radar,0,28,68,0,96,0,2,145,0,147,0,30,213,0,243,302,0,302,545
06/15/2021,FTW,TX,ASW,CE,Towers with Radar,0,13,68,0,81,0,5,176,2,183,0,18,244,2,264,324,0,324,588
06/16/2021,FTW,TX,ASW,CE,Towers with Radar,0,27,80,0,107,0,2,172,1,175,0,29,252,1,282,452,0,452,734
06/17/2021,FTW,TX,ASW,CE,Towers with Radar,0,30,81,2,113,0,2,138,0,140,0,32,219,2,253,318,0,318,571
06/18/2021,FTW,TX,ASW,CE,Towers with Radar,0,28,86,23,137,0,15,170,1,186,0,43,256,24,323,184,36,220,543
06/19/2021,FTW,TX,ASW,CE,Towers with Radar,0,21,52,9,82,0,17,125,2,144,0,38,177,11,226,118,0,118,344
06/20/2021,FTW,TX,ASW,CE,Towers with Radar,0,19,59,1,79,0,9,89,0,98,0,28,148,1,177,68,0,68,245
06/21/2021,FTW,TX,ASW,CE,Towers with Radar,1,31,97,1,130,0,8,55,0,63,1,39,152,1,193,194,0,194,387
06/22/2021,FTW,TX,ASW,CE,Towers with Radar,0,18,99,0,117,0,11,124,0,135,0,29,223,0,252,328,0,328,580
06/23/2021,FTW,TX,ASW,CE,Towers with Radar,0,20,100,5,125,0,2,88,0,90,0,22,188,5,215,298,0,298,513
06/24/2021,FTW,TX,ASW,CE,Towers with Radar,0,43,137,0,180,0,0,191,2,193,0,43,328,2,373,410,4,414,787
06/25/2021,FTW,TX,ASW,CE,Towers with Radar,0,72,166,90,328,0,9,154,5,168,0,81,320,95,496,220,42,262,758
06/26/2021,FTW,TX,ASW,CE,Towers with Radar,3,57,109,105,274,0,6,124,6,136,3,63,233,111,410,172,50,222,632
06/27/2021,FTW,TX,ASW,CE,Towers with Radar,0,83,120,53,256,0,0,89,0,89,0,83,209,53,345,152,14,166,511
06/28/2021,FTW,TX,ASW,CE,Towers with Radar,0,25,99,11,135,0,7,38,0,45,0,32,137,11,180,118,0,118,298
06/29/2021,FTW,TX,ASW,CE,Towers with Radar,0,30,82,4,116,0,1,67,0,68,0,31,149,4,184,260,0,260,444
06/30/2021,FTW,TX,ASW,CE,Towers with Radar,0,37,80,6,123,0,4,99,0,103,0,41,179,6,226,470,0,470,696
07/01/2021,FTW,TX,ASW,CE,Towers with Radar,0,41,96,0,137,0,1,166,0,167,0,42,262,0,304,416,0,416,720
07/02/2021,FTW,TX,ASW,CE,Towers with Radar,0,38,78,0,116,0,4,65,0,69,0,42,143,0,185,148,0,148,333
07/03/2021,FTW,TX,ASW,CE,Towers with Radar,1,22,38,0,61,0,1,39,0,40,1,23,77,0,101,82,0,82,183
07/04/2021,FTW,TX,ASW,CE,Towers with Radar,0,26,27,0,53,0,1,48,0,49,0,27,75,0,102,30,0,30,132
07/05/2021,FTW,TX,ASW,CE,Towers with Radar,2,35,66,0,103,0,3,74,0,77,2,38,140,0,180,228,0,228,408
07/06/2021,FTW,TX,ASW,CE,Towers with Radar,0,19,73,0,92,0,2,102,0,104,0,21,175,0,196,153,0,153,349
07/07/2021,FTW,TX,ASW,CE,Towers with Radar,0,32,70,13,115,0,10,155,0,165,0,42,225,13,280,314,0,314,594
07/08/2021,FTW,TX,ASW,CE,Towers with Radar,0,23,102,5,130,0,6,208,3,217,0,29,310,8,347,364,0,364,711
07/09/2021,FTW,TX,ASW,CE,Towers with Radar,0,22,90,34,146,0,2,63,2,67,0,24,153,36,213,310,28,338,551
07/10/2021,FTW,TX,ASW,CE,Towers with Radar,0,15,49,29,93,0,1,59,7,67,0,16,108,36,160,154,26,180,340
07/11/2021,FTW,TX,ASW,CE,Towers with Radar,0,25,68,8,101,0,3,51,2,56,0,28,119,10,157,72,0,72,229
07/12/2021,FTW,TX,ASW,CE,Towers with Radar,2,28,76,2,108,0,2,132,0,134,2,30,208,2,242,276,6,282,524
07/13/2021,FTW,TX,ASW,CE,Towers with Radar,0,28,83,3,114,0,0,161,0,161,0,28,244,3,275,286,0,286,561
07/14/2021,FTW,TX,ASW,CE,Towers with Radar,0,36,89,6,131,0,0,140,4,144,0,36,229,10,275,286,0,286,561
07/15/2021,FTW,TX,ASW,CE,Towers with Radar,0,40,79,2,121,0,3,140,1,144,0,43,219,3,265,332,4,336,601
07/16/2021,FTW,TX,ASW,CE,Towers with Radar,0,29,71,26,126,0,5,174,2,181,0,34,245,28,307,408,8,416,723
07/17/2021,FTW,TX,ASW,CE,Towers with Radar,1,27,49,11,88,0,6,134,12,152,1,33,183,23,240,162,2,164,404
07/18/2021,FTW,TX,ASW,CE,Towers with Radar,1,33,80,5,119,0,0,73,3,76,1,33,153,8,195,48,0,48,243
07/19/2021,FTW,TX,ASW,CE,Towers with Radar,0,27,68,0,95,0,1,47,0,48,0,28,115,0,143,144,0,144,287
07/20/2021,FTW,TX,ASW,CE,Towers with Radar,0,33,78,1,112,0,8,101,2,111,0,41,179,3,223,260,4,264,487
07/21/2021,FTW,TX,ASW,CE,Towers with Radar,0,28,85,7,120,0,1,165,0,166,0,29,250,7,286,268,0,268,554
07/22/2021,FTW,TX,ASW,CE,Towers with Radar,0,29,79,11,119,0,1,130,0,131,0,30,209,11,250,232,6,238,488
07/23/2021,FTW,TX,ASW,CE,Towers with Radar,0,31,83,7,121,0,9,110,0,119,0,40,193,7,240,176,0,176,416
07/24/2021,FTW,TX,ASW,CE,Towers with Radar,2,32,65,16,115,0,4,124,0,128,2,36,189,16,243,130,16,146,389
07/25/2021,FTW,TX,ASW,CE,Towers with Radar,0,21,84,4,109,0,3,96,0,99,0,24,180,4,208,80,0,80,288
07/26/2021,FTW,TX,ASW,CE,Towers with Radar,0,17,64,14,95,0,1,143,1,145,0,18,207,15,240,260,0,260,500
07/27/2021,FTW,TX,ASW,CE,Towers with Radar,0,23,72,6,101,0,6,98,2,106,0,29,170,8,207,240,0,240,447
07/28/2021,FTW,TX,ASW,CE,Towers with Radar,2,29,113,2,146,0,3,111,0,114,2,32,224,2,260,184,0,184,444
07/29/2021,FTW,TX,ASW,CE,Towers with Radar,0,30,79,1,110,0,0,126,6,132,0,30,205,7,242,254,0,254,496
07/30/2021,FTW,TX,ASW,CE,Towers with Radar,0,28,92,11,131,0,19,163,0,182,0,47,255,11,313,82,0,82,395
07/31/2021,FTW,TX,ASW,CE,Towers with Radar,0,27,56,32,115,0,5,107,0,112,0,32,163,32,227,72,14,86,313
08/01/2021,FTW,TX,ASW,CE,Towers with Radar,0,25,60,10,95,0,2,29,0,31,0,27,89,10,126,26,0,26,152
08/02/2021,FTW,TX,ASW,CE,Towers with Radar,0,37,89,7,133,0,5,47,1,53,0,42,136,8,186,210,0,210,396
08/03/2021,FTW,TX,ASW,CE,Towers with Radar,0,41,66,0,107,0,3,117,1,121,0,44,183,1,228,300,0,300,528
08/04/2021,FTW,TX,ASW,CE,Towers with Radar,2,31,70,1,104,0,7,130,1,138,2,38,200,2,242,302,0,302,544
08/05/2021,FTW,TX,ASW,CE,Towers with Radar,0,30,88,1,119,0,0,114,0,114,0,30,202,1,233,351,0,351,584
08/06/2021,FTW,TX,ASW,CE,Towers with Radar,0,46,63,3,112,0,1,148,0,149,0,47,211,3,261,292,0,292,553
08/07/2021,FTW,TX,ASW,CE,Towers with Radar,0,31,61,16,108,0,7,94,2,103,0,38,155,18,211,252,0,252,463
08/08/2021,FTW,TX,ASW,CE,Towers with Radar,0,51,79,9,139,0,10,88,4,102,0,61,167,13,241,42,0,42,283
08/09/2021,FTW,TX,ASW,CE,Towers with Radar,0,36,89,0,125,0,2,103,1,106,0,38,192,1,231,278,0,278,509
08/10/2021,FTW,TX,ASW,CE,Towers with Radar,1,25,67,2,95,0,3,117,1,121,1,28,184,3,216,318,0,318,534
08/11/2021,FTW,TX,ASW,CE,Towers with Radar,0,29,100,2,131,0,5,150,0,155,0,34,250,2,286,378,0,378,664
08/12/2021,FTW,TX,ASW,CE,Towers with Radar,1,42,84,3,130,0,6,177,1,184,1,48,261,4,314,282,0,282,596
08/13/2021,FTW,TX,ASW,CE,Towers with Radar,0,39,81,4,124,0,3,213,2,218,0,42,294,6,342,322,41,363,705
08/14/2021,FTW,TX,ASW,CE,Towers with Radar,0,40,42,5,87,0,4,75,1,80,0,44,117,6,167,124,0,124,291
08/15/2021,FTW,TX,ASW,CE,Towers with Radar,0,45,111,0,156,0,1,51,0,52,0,46,162,0,208,130,0,130,338
08/16/2021,FTW,TX,ASW,CE,Towers with Radar,0,33,68,2,103,0,1,88,0,89,0,34,156,2,192,233,0,233,425
08/17/2021,FTW,TX,ASW,CE,Towers with Radar,0,31,50,1,82,0,6,58,0,64,0,37,108,1,146,144,0,144,290
08/18/2021,FTW,TX,ASW,CE,Towers with Radar,0,27,82,1,110,0,1,11,0,12,0,28,93,1,122,46,0,46,168
08/19/2021,FTW,TX,ASW,CE,Towers with Radar,0,30,83,4,117,0,0,121,2,123,0,30,204,6,240,304,0,304,544
08/20/2021,FTW,TX,ASW,CE,Towers with Radar,2,26,91,12,131,0,2,173,5,180,2,28,264,17,311,150,4,154,465
08/21/2021,FTW,TX,ASW,CE,Towers with Radar,0,17,54,19,90,0,4,107,6,117,0,21,161,25,207,122,12,134,341
08/22/2021,FTW,TX,ASW,CE,Towers with Radar,1,20,91,13,125,0,3,100,0,103,1,23,191,13,228,78,0,78,306
08/23/2021,FTW,TX,ASW,CE,Towers with Radar,0,21,69,1,91,0,5,153,0,158,0,26,222,1,249,210,0,210,459
08/24/2021,FTW,TX,ASW,CE,Towers with Radar,1,12,77,5,95,0,0,150,0,150,1,12,227,5,245,312,0,312,557
08/25/2021,FTW,TX,ASW,CE,Towers with Radar,0,26,85,13,124,0,1,130,0,131,0,27,215,13,255,226,0,226,481
08/26/2021,FTW,TX,ASW,CE,Towers with Radar,2,33,84,5,124,0,5,154,1,160,2,38,238,6,284,236,0,236,520
08/27/2021,FTW,TX,ASW,CE,Towers with Radar,0,35,58,0,93,0,10,158,0,168,0,45,216,0,261,308,0,308,569
08/28/2021,FTW,TX,ASW,CE,Towers with Radar,0,16,44,17,77,0,0,123,1,124,0,16,167,18,201,94,0,94,295
08/29/2021,FTW,TX,ASW,CE,Towers with Radar,0,26,87,9,122,0,1,35,0,36,0,27,122,9,158,70,0,70,228
08/30/2021,FTW,TX,ASW,CE,Towers with Radar,0,17,67,7,91,0,8,109,1,118,0,25,176,8,209,162,2,164,373
08/31/2021,FTW,TX,ASW,CE,Towers with Radar,2,30,71,0,103,0,6,157,0,163,2,36,228,0,266,448,0,448,714
09/01/2021,FTW,TX,ASW,CE,Towers with Radar,0,23,81,0,104,0,6,142,0,148,0,29,223,0,252,372,0,372,624
09/02/2021,FTW,TX,ASW,CE,Towers with Radar,0,32,74,0,106,0,4,138,0,142,0,36,212,0,248,340,0,340,588
09/03/2021,FTW,TX,ASW,CE,Towers with Radar,2,33,96,0,131,0,10,135,0,145,2,43,231,0,276,400,0,400,676
09/04/2021,FTW,TX,ASW,CE,Towers with Radar,1,30,38,1,70,0,3,106,1,110,1,33,144,2,180,130,10,140,320
09/05/2021,FTW,TX,ASW,CE,Towers with Radar,2,26,41,0,69,0,4,43,4,51,2,30,84,4,120,16,0,16,136
09/06/2021,FTW,TX,ASW,CE,Towers with Radar,0,38,74,12,124,0,6,97,3,106,0,44,171,15,230,92,0,92,322
09/07/2021,FTW,TX,ASW,CE,Towers with Radar,1,33,85,4,123,0,0,98,1,99,1,33,183,5,222,304,16,320,542
09/08/2021,FTW,TX,ASW,CE,Towers with Radar,0,30,92,3,125,0,0,118,0,118,0,30,210,3,243,186,0,186,429
09/09/2021,FTW,TX,ASW,CE,Towers with Radar,1,37,88,1,127,0,4,120,0,124,1,41,208,1,251,184,0,184,435
09/10/2021,FTW,TX,ASW,CE,Towers with Radar,0,28,101,9,138,0,1,149,0,150,0,29,250,9,288,236,0,236,524
09/11/2021,FTW,TX,ASW,CE,Towers with Radar,0,24,67,1,92,0,7,117,1,125,0,31,184,2,217,140,0,140,357
09/12/2021,FTW,TX,ASW,CE,Towers with Radar,0,23,97,9,129,0,4,78,1,83,0,27,175,10,212,76,0,76,288
09/13/2021,FTW,TX,ASW,CE,Towers with Radar,2,23,64,5,94,0,3,85,3,91,2,26,149,8,185,126,0,126,311
09/14/2021,FTW,TX,ASW,CE,Towers with Radar,0,22,67,5,94,0,6,68,0,74,0,28,135,5,168,356,0,356,524
09/15/2021,FTW,TX,ASW,CE,Towers with Radar,0,28,79,0,107,0,5,127,1,133,0,33,206,1,240,380,0,380,620
09/16/2021,FTW,TX,ASW,CE,Towers with Radar,0,35,101,0,136,0,2,182,0,184,0,37,283,0,320,294,0,294,614
09/17/2021,FTW,TX,ASW,CE,Towers with Radar,1,23,99,10,133,0,0,158,0,158,1,23,257,10,291,232,6,238,529
09/18/2021,FTW,TX,ASW,CE,Towers with Radar,2,14,52,6,74,0,2,128,3,133,2,16,180,9,207,132,0,132,339
09/19/2021,FTW,TX,ASW,CE,Towers with Radar,1,28,91,3,123,0,4,76,2,82,1,32,167,5,205,72,0,72,277
09/20/2021,FTW,TX,ASW,CE,Towers with Radar,0,19,77,0,96,0,5,119,2,126,0,24,196,2,222,286,0,286,508
09/21/2021,FTW,TX,ASW,CE,Towers with Radar,0,20,66,2,88,0,1,73,0,74,0,21,139,2,162,248,0,248,410
09/22/2021,FTW,TX,ASW,CE,Towers with Radar,0,23,90,0,113,0,4,154,0,158,0,27,244,0,271,278,0,278,549
09/23/2021,FTW,TX,ASW,CE,Towers with Radar,3,44,151,2,200,0,3,180,0,183,3,47,331,2,383,398,0,398,781
09/24/2021,FTW,TX,ASW,CE,Towers with Radar,1,48,137,9,195,0,2,156,0,158,1,50,293,9,353,250,6,256,609
09/25/2021,FTW,TX,ASW,CE,Towers with Radar,1,29,77,0,107,0,4,79,1,84,1,33,156,1,191,44,0,44,235
09/26/2021,FTW,TX,ASW,CE,Towers with Radar,0,59,138,0,197,0,3,103,1,107,0,62,241,1,304,38,0,38,342
09/27/2021,FTW,TX,ASW,CE,Towers with Radar,0,31,97,3,131,0,2,119,2,123,0,33,216,5,254,234,0,234,488
09/28/2021,FTW,TX,ASW,CE,Towers with Radar,0,28,108,0,136,0,7,117,0,124,0,35,225,0,260,322,0,322,582
09/29/2021,FTW,TX,ASW,CE,Towers with Radar,0,17,92,5,114,0,3,89,0,92,0,20,181,5,206,272,0,272,478
09/30/2021,FTW,TX,ASW,CE,Towers with Radar,0,37,105,1,143,0,4,60,2,66,0,41,165,3,209,126,0,126,335
10/01/2021,FTW,TX,ASW,CE,Towers with Radar,2,42,108,1,153,0,4,38,0,42,2,46,146,1,195,38,0,38,233
10/02/2021,FTW,TX,ASW,CE,Towers with Radar,0,34,72,2,108,0,5,52,0,57,0,39,124,2,165,38,0,38,203
10/03/2021,FTW,TX,ASW,CE,Towers with Radar,0,47,89,1,137,0,2,88,1,91,0,49,177,2,228,38,0,38,266
10/04/2021,FTW,TX,ASW,CE,Towers with Radar,0,28,91,0,119,0,7,128,0,135,0,35,219,0,254,364,0,364,618
10/05/2021,FTW,TX,ASW,CE,Towers with Radar,0,25,79,0,104,0,8,168,0,176,0,33,247,0,280,502,0,502,782
10/06/2021,FTW,TX,ASW,CE,Towers with Radar,0,40,90,2,132,0,4,159,0,163,0,44,249,2,295,328,0,328,623
10/07/2021,FTW,TX,ASW,CE,Towers with Radar,0,20,82,0,102,0,6,177,0,183,0,26,259,0,285,302,0,302,587
10/08/2021,FTW,TX,ASW,CE,Towers with Radar,3,20,76,1,100,0,5,149,0,154,3,25,225,1,254,292,0,292,546
10/09/2021,FTW,TX,ASW,CE,Towers with Radar,0,25,49,1,75,0,4,115,1,120,0,29,164,2,195,86,0,86,281
10/10/2021,FTW,TX,ASW,CE,Towers with Radar,0,31,92,4,127,0,8,21,2,31,0,39,113,6,158,6,0,6,164
10/11/2021,FTW,TX,ASW,CE,Towers with Radar,0,32,79,2,113,0,6,149,1,156,0,38,228,3,269,326,0,326,595
10/12/2021,FTW,TX,ASW,CE,Towers with Radar,0,43,85,0,128,0,6,38,0,44,0,49,123,0,172,136,0,136,308
10/13/2021,FTW,TX,ASW,CE,Towers with Radar,0,35,76,0,111,0,0,8,0,8,0,35,84,0,119,82,0,82,201
10/14/2021,FTW,TX,ASW,CE,Towers with Radar,0,37,100,0,137,0,3,20,0,23,0,40,120,0,160,26,0,26,186
10/15/2021,FTW,TX,ASW,CE,Towers with Radar,0,32,103,16,151,0,1,38,3,42,0,33,141,19,193,66,14,80,273
10/16/2021,FTW,TX,ASW,CE,Towers with Radar,2,31,56,21,110,0,4,193,3,200,2,35,249,24,310,162,0,162,472
10/17/2021,FTW,TX,ASW,CE,Towers with Radar,0,41,98,18,157,0,0,112,0,112,0,41,210,18,269,92,0,92,361
10/18/2021,FTW,TX,ASW,CE,Towers with Radar,0,23,68,3,94,0,8,158,2,168,0,31,226,5,262,214,0,214,476
10/19/2021,FTW,TX,ASW,CE,Towers with Radar,0,48,92,5,145,0,10,182,2,194,0,58,274,7,339,178,0,178,517
10/20/2021,FTW,TX,ASW,CE,Towers with Radar,1,39,84,4,128,0,1,117,5,123,1,40,201,9,251,352,0,352,603
10/21/2021,FTW,TX,ASW,CE,Towers with Radar,2,25,120,0,147,0,9,170,2,181,2,34,290,2,328,350,0,350,678
10/22/2021,FTW,TX,ASW,CE,Towers with Radar,1,40,108,0,149,0,2,162,0,164,1,42,270,0,313,218,0,218,531
10/23/2021,FTW,TX,ASW,CE,Towers with Radar,3,22,91,14,130,0,0,76,0,76,3,22,167,14,206,130,4,134,340
10/24/2021,FTW,TX,ASW,CE,Towers with Radar,2,31,114,6,153,0,0,44,1,45,2,31,158,7,198,40,0,40,238
10/25/2021,FTW,TX,ASW,CE,Towers with Radar,0,14,95,0,109,0,5,146,0,151,0,19,241,0,260,296,0,296,556
10/26/2021,FTW,TX,ASW,CE,Towers with Radar,1,21,73,5,100,0,7,26,0,33,1,28,99,5,133,90,0,90,223
10/27/2021,FTW,TX,ASW,CE,Towers with Radar,0,21,87,0,108,0,4,57,0,61,0,25,144,0,169,90,0,90,259
10/28/2021,FTW,TX,ASW,CE,Towers with Radar,0,23,84,0,107,0,0,41,0,41,0,23,125,0,148,54,0,54,202
10/29/2021,FTW,TX,ASW,CE,Towers with Radar,2,18,118,0,138,0,4,43,0,47,2,22,161,0,185,64,0,64,249
10/30/2021,FTW,TX,ASW,CE,Towers with Radar,0,18,50,12,80,0,2,179,2,183,0,20,229,14,263,182,24,206,469
10/31/2021,FTW,TX,ASW,CE,Towers with Radar,0,19,62,5,86,0,5,93,3,101,0,24,155,8,187,22,2,24,211
11/01/2021,FTW,TX,ASW,CE,Towers with Radar,0,23,109,0,132,0,9,127,0,136,0,32,236,0,268,326,0,326,594
11/02/2021,FTW,TX,ASW,CE,Towers with Radar,1,53,99,0,153,0,0,27,0,27,1,53,126,0,180,74,0,74,254
11/03/2021,FTW,TX,ASW,CE,Towers with Radar,0,33,60,0,93,0,3,2,0,5,0,36,62,0,98,72,0,72,170
11/04/2021,FTW,TX,ASW,CE,Towers with Radar,0,35,117,0,152,0,4,97,0,101,0,39,214,0,253,454,0,454,707
11/05/2021,FTW,TX,ASW,CE,Towers with Radar,3,28,111,3,145,0,2,163,0,165,3,30,274,3,310,414,0,414,724
11/06/2021,FTW,TX,ASW,CE,Towers with Radar,2,21,90,7,120,0,3,158,1,162,2,24,248,8,282,234,0,234,516
11/07/2021,FTW,TX,ASW,CE,Towers with Radar,0,45,94,0,139,0,5,108,0,113,0,50,202,0,252,172,0,172,424
11/08/2021,FTW,TX,ASW,CE,Towers with Radar,0,45,104,0,149,0,3,124,0,127,0,48,228,0,276,392,0,392,668
11/09/2021,FTW,TX,ASW,CE,Towers with Radar,0,38,112,0,150,0,9,143,0,152,0,47,255,0,302,296,0,296,598
11/10/2021,FTW,TX,ASW,CE,Towers with Radar,0,29,108,0,137,0,6,37,0,43,0,35,145,0,180,152,0,152,332
11/11/2021,FTW,TX,ASW,CE,Towers with Radar,3,51,79,0,133,0,8,191,0,199,3,59,270,0,332,400,0,400,732
11/12/2021,FTW,TX,ASW,CE,Towers with Radar,0,42,113,4,159,0,6,141,3,150,0,48,254,7,309,230,0,230,539
11/13/2021,FTW,TX,ASW,CE,Towers with Radar,0,38,61,19,118,0,9,163,0,172,0,47,224,19,290,264,0,264,554
11/14/2021,FTW,TX,ASW,CE,Towers with Radar,0,34,77,13,124,0,5,105,0,110,0,39,182,13,234,192,2,194,428
11/15/2021,FTW,TX,ASW,CE,Towers with Radar,0,21,91,0,112,0,11,171,1,183,0,32,262,1,295,312,0,312,607
11/16/2021,FTW,TX,ASW,CE,Towers with Radar,1,24,108,0,133,0,4,73,1,78,1,28,181,1,211,136,0,136,347
11/17/2021,FTW,TX,ASW,CE,Towers with Radar,2,41,98,0,141,0,2,65,1,68,2,43,163,1,209,244,0,244,453
11/18/2021,FTW,TX,ASW,CE,Towers with Radar,2,32,83,3,120,0,6,121,0,127,2,38,204,3,247,214,0,214,461
11/19/2021,FTW,TX,ASW,CE,Towers with Radar,2,49,119,3,173,0,5,179,2,186,2,54,298,5,359,218,0,218,577
11/20/2021,FTW,TX,ASW,CE,Towers with Radar,1,45,81,4,131,0,2,160,0,162,1,47,241,4,293,240,0,240,533
11/21/2021,FTW,TX,ASW,CE,Towers with Radar,0,22,88,4,114,0,2,26,2,30,0,24,114,6,144,96,0,96,240
11/22/2021,FTW,TX,ASW,CE,Towers with Radar,0,25,68,0,93,0,5,203,2,210,0,30,271,2,303,470,0,470,773
11/23/2021,FTW,TX,ASW,CE,Towers with Radar,2,42,77,1,122,0,12,136,0,148,2,54,213,1,270,310,0,310,580
11/24/2021,FTW,TX,ASW,CE,Towers with Radar,0,36,87,0,123,0,4,72,2,78,0,40,159,2,201,130,0,130,331
11/25/2021,FTW,TX,ASW,CE,Towers with Radar,0,16,16,0,32,0,1,17,0,18,0,17,33,0,50,18,0,18,68
11/26/2021,FTW,TX,ASW,CE,Towers with Radar,0,27,52,0,79,0,6,91,0,97,0,33,143,0,176,62,0,62,238
11/27/2021,FTW,TX,ASW,CE,Towers with Radar,0,29,89,0,118,0,5,22,0,27,0,34,111,0,145,18,0,18,163
11/28/2021,FTW,TX,ASW,CE,Towers with Radar,0,64,127,0,191,0,4,113,0,117,0,68,240,0,308,100,0,100,408
11/29/2021,FTW,TX,ASW,CE,Towers with Radar,3,50,78,0,131,0,7,145,0,152,3,57,223,0,283,460,0,460,743
11/30/2021,FTW,TX,ASW,CE,Towers with Radar,0,33,71,2,106,0,5,168,0,173,0,38,239,2,279,432,0,432,711
12/01/2021,FTW,TX,ASW,CE,Towers with Radar,0,22,82,0,104,0,5,171,0,176,0,27,253,0,280,480,0,480,760
12/02/2021,FTW,TX,ASW,CE,Towers with Radar,0,33,102,1,136,0,3,158,0,161,0,36,260,1,297,292,0,292,589
12/03/2021,FTW,TX,ASW,CE,Towers with Radar,0,36,92,8,136,0,3,91,0,94,0,39,183,8,230,240,12,252,482
12/04/2021,FTW,TX,ASW,CE,Towers with Radar,0,31,74,23,128,0,4,53,2,59,0,35,127,25,187,156,8,164,351
12/05/2021,FTW,TX,ASW,CE,Towers with Radar,1,29,89,12,131,0,0,34,2,36,1,29,123,14,167,144,0,144,311
12/06/2021,FTW,TX,ASW,CE,Towers with Radar,2,22,89,1,114,0,13,95,0,108,2,35,184,1,222,368,0,368,590
12/07/2021,FTW,TX,ASW,CE,Towers with Radar,3,29,97,2,131,0,11,150,1,162,3,40,247,3,293,482,0,482,775
12/08/2021,FTW,TX,ASW,CE,Towers with Radar,2,32,121,9,164,0,2,72,1,75,2,34,193,10,239,292,0,292,531
12/09/2021,FTW,TX,ASW,CE,Towers with Radar,0,26,101,3,130,0,7,182,2,191,0,33,283,5,321,502,0,502,823
12/10/2021,FTW,TX,ASW,CE,Towers with Radar,0,37,130,13,180,0,7,94,1,102,0,44,224,14,282,366,0,366,648
12/11/2021,FTW,TX,ASW,CE,Towers with Radar,0,15,70,9,94,0,4,137,4,145,0,19,207,13,239,308,2,310,549
12/12/2021,FTW,TX,ASW,CE,Towers with Radar,0,25,93,2,120,0,5,125,4,134,0,30,218,6,254,266,0,266,520
12/13/2021,FTW,TX,ASW,CE,Towers with Radar,0,26,78,4,108,0,1,180,0,181,0,27,258,4,289,500,0,500,789
12/14/2021,FTW,TX,ASW,CE,Towers with Radar,1,31,92,3,127,0,2,64,0,66,1,33,156,3,193,260,0,260,453
12/15/2021,FTW,TX,ASW,CE,Towers with Radar,1,33,94,1,129,0,8,40,0,48,1,41,134,1,177,164,0,164,341
12/16/2021,FTW,TX,ASW,CE,Towers with Radar,0,32,100,0,132,0,8,129,1,138,0,40,229,1,270,464,0,464,734
12/17/2021,FTW,TX,ASW,CE,Towers with Radar,6,38,115,0,159,0,5,87,0,92,6,43,202,0,251,58,0,58,309
12/18/2021,FTW,TX,ASW,CE,Towers with Radar,5,26,80,1,112,0,4,58,1,63,5,30,138,2,175,8,8,16,191
12/19/2021,FTW,TX,ASW,CE,Towers with Radar,0,45,85,1,131,0,5,119,2,126,0,50,204,3,257,166,2,168,425
12/20/2021,FTW,TX,ASW,CE,Towers with Radar,0,29,61,3,93,0,9,133,5,147,0,38,194,8,240,398,6,404,644
12/21/2021,FTW,TX,ASW,CE,Towers with Radar,2,26,81,0,109,0,5,164,0,169,2,31,245,0,278,466,0,466,744
12/22/2021,FTW,TX,ASW,CE,Towers with Radar,5,41,103,0,149,0,3,104,2,109,5,44,207,2,258,350,0,350,608
12/23/2021,FTW,TX,ASW,CE,Towers with Radar,4,40,60,0,104,0,5,149,0,154,4,45,209,0,258,240,0,240,498
12/24/2021,FTW,TX,ASW,CE,Towers with Radar,0,19,34,0,53,0,10,40,0,50,0,29,74,0,103,30,0,30,133
12/25/2021,FTW,TX,ASW,CE,Towers with Radar,0,15,4,0,19,0,1,48,0,49,0,16,52,0,68,90,0,90,158
12/26/2021,FTW,TX,ASW,CE,Towers with Radar,0,28,102,0,130,0,5,23,0,28,0,33,125,0,158,14,0,14,172
12/27/2021,FTW,TX,ASW,CE,Towers with Radar,0,30,86,0,116,0,1,116,0,117,0,31,202,0,233,364,0,364,597
12/28/2021,FTW,TX,ASW,CE,Towers with Radar,1,17,75,0,93,0,9,104,0,113,1,26,179,0,206,152,0,152,358
12/29/2021,FTW,TX,ASW,CE,Towers with Radar,2,21,74,2,99,0,5,90,0,95,2,26,164,2,194,392,0,392,586
12/30/2021,FTW,TX,ASW,CE,Towers with Radar,0,20,67,0,87,0,3,118,0,121,0,23,185,0,208,372,0,372,580
12/31/2021,FTW,TX,ASW,CE,Towers with Radar,1,33,52,0,86,0,1,27,0,28,1,34,79,0,114,56,0,56,170
01/01/2022,FTW,TX,ASW,CE,Towers with Radar,0,19,39,0,58,0,0,12,0,12,0,19,51,0,70,4,0,4,74
01/02/2022,FTW,TX,ASW,CE,Towers with Radar,0,24,74,0,98,0,4,20,0,24,0,28,94,0,122,0,0,0,122
01/03/2022,FTW,TX,ASW,CE,Towers with Radar,0,26,70,0,96,0,0,86,0,86,0,26,156,0,182,314,0,314,496
01/04/2022,FTW,TX,ASW,CE,Towers with Radar,0,29,73,0,102,0,5,82,0,87,0,34,155,0,189,246,0,246,435
01/05/2022,FTW,TX,ASW,CE,Towers with Radar,1,19,56,6,82,0,5,148,1,154,1,24,204,7,236,474,0,474,710
01/06/2022,FTW,TX,ASW,CE,Towers with Radar,0,18,75,5,98,0,4,80,5,89,0,22,155,10,187,204,6,210,397
01/07/2022,FTW,TX,ASW,CE,Towers with Radar,0,16,91,1,108,0,5,129,0,134,0,21,220,1,242,380,0,380,622
01/08/2022,FTW,TX,ASW,CE,Towers with Radar,0,8,34,3,45,0,0,0,0,0,0,8,34,3,45,0,0,0,45
01/09/2022,FTW,TX,ASW,CE,Towers with Radar,2,30,65,0,97,0,2,27,0,29,2,32,92,0,126,44,0,44,170
01/10/2022,FTW,TX,ASW,CE,Towers with Radar,0,27,90,0,117,0,4,146,0,150,0,31,236,0,267,264,0,264,531
01/11/2022,FTW,TX,ASW,CE,Towers with Radar,0,20,73,0,93,0,6,117,2,125,0,26,190,2,218,322,0,322,540
01/12/2022,FTW,TX,ASW,CE,Towers with Radar,3,36,105,0,144,0,6,192,0,198,3,42,297,0,342,402,0,402,744
01/13/2022,FTW,TX,ASW,CE,Towers with Radar,0,23,96,0,119,0,8,147,0,155,0,31,243,0,274,280,0,280,554
01/14/2022,FTW,TX,ASW,CE,Towers with Radar,0,36,87,0,123,0,5,112,0,117,0,41,199,0,240,204,0,204,444
01/15/2022,FTW,TX,ASW,CE,Towers with Radar,2,10,38,5,55,0,0,19,2,21,2,10,57,7,76,0,2,2,78
01/16/2022,FTW,TX,ASW,CE,Towers with Radar,0,24,84,0,108,0,4,82,0,86,0,28,166,0,194,80,0,80,274
01/17/2022,FTW,TX,ASW,CE,Towers with Radar,0,25,65,5,95,0,6,185,2,193,0,31,250,7,288,386,0,386,674
01/18/2022,FTW,TX,ASW,CE,Towers with Radar,0,11,71,5,87,0,6,105,1,112,0,17,176,6,199,138,0,138,337
01/19/2022,FTW,TX,ASW,CE,Towers with Radar,2,25,71,1,99,0,6,88,0,94,2,31,159,1,193,342,0,342,535
01/20/2022,FTW,TX,ASW,CE,Towers with Radar,0,30,93,2,125,0,12,29,0,41,0,42,122,2,166,78,0,78,244
01/21/2022,FTW,TX,ASW,CE,Towers with Radar,0,29,78,43,150,0,3,164,2,169,0,32,242,45,319,444,2,446,765
01/22/2022,FTW,TX,ASW,CE,Towers with Radar,0,25,48,31,104,0,10,139,4,153,0,35,187,35,257,236,54,290,547
01/23/2022,FTW,TX,ASW,CE,Towers with Radar,1,29,71,12,113,0,3,90,0,93,1,32,161,12,206,110,0,110,316
01/24/2022,FTW,TX,ASW,CE,Towers with Radar,0,27,89,0,116,0,9,51,0,60,0,36,140,0,176,258,0,258,434
01/25/2022,FTW,TX,ASW,CE,Towers with Radar,0,20,78,6,104,0,9,124,0,133,0,29,202,6,237,276,0,276,513
01/26/2022,FTW,TX,ASW,CE,Towers with Radar,2,27,81,1,111,0,2,130,0,132,2,29,211,1,243,394,0,394,637
01/27/2022,FTW,TX,ASW,CE,Towers with Radar,0,32,118,5,155,0,2,125,0,127,0,34,243,5,282,382,0,382,664
01/28/2022,FTW,TX,ASW,CE,Towers with Radar,1,33,103,4,141,0,5,118,0,123,1,38,221,4,264,300,0,300,564
01/29/2022,FTW,TX,ASW,CE,Towers with Radar,1,23,79,21,124,0,0,114,6,120,1,23,193,27,244,226,16,242,486
01/30/2022,FTW,TX,ASW,CE,Towers with Radar,0,25,91,3,119,0,0,130,3,133,0,25,221,6,252,130,0,130,382
01/31/2022,FTW,TX,ASW,CE,Towers with Radar,1,25,65,0,91,0,2,97,1,100,1,27,162,1,191,484,0,484,675
02/01/2022,FTW,TX,ASW,CE,Towers with Radar,0,40,92,0,132,0,4,76,0,80,0,44,168,0,212,436,0,436,648
02/02/2022,FTW,TX,ASW,CE,Towers with Radar,1,29,70,0,100,0,2,11,0,13,1,31,81,0,113,126,0,126,239
02/03/2022,FTW,TX,ASW,CE,Towers with Radar,0,1,12,0,13,0,0,0,0,0,0,1,12,0,13,0,0,0,13
02/04/2022,FTW,TX,ASW,CE,Towers with Radar,2,12,67,4,85,0,7,24,1,32,2,19,91,5,117,0,0,0,117
02/05/2022,FTW,TX,ASW,CE,Towers with Radar,2,13,39,0,54,0,2,80,2,84,2,15,119,2,138,120,0,120,258
02/06/2022,FTW,TX,ASW,CE,Towers with Radar,0,25,78,0,103,0,3,92,3,98,0,28,170,3,201,144,0,144,345
02/07/2022,FTW,TX,ASW,CE,Towers with Radar,0,38,75,3,116,0,7,170,4,181,0,45,245,7,297,672,0,672,969
02/08/2022,FTW,TX,ASW,CE,Towers with Radar,5,36,57,1,99,0,8,161,1,170,5,44,218,2,269,258,0,258,527
02/09/2022,FTW,TX,ASW,CE,Towers with Radar,1,27,115,0,143,0,5,193,1,199,1,32,308,1,342,342,0,342,684
02/10/2022,FTW,TX,ASW,CE,Towers with Radar,0,29,95,5,129,0,5,167,1,173,0,34,262,6,302,438,0,438,740
02/11/2022,FTW,TX,ASW,CE,Towers with Radar,0,27,111,14,152,0,5,160,6,171,0,32,271,20,323,274,18,292,615
02/12/2022,FTW,TX,ASW,CE,Towers with Radar,0,21,42,13,76,0,2,63,3,68,0,23,105,16,144,56,32,88,232
02/13/2022,FTW,TX,ASW,CE,Towers with Radar,0,21,49,10,80,0,2,143,2,147,0,23,192,12,227,234,0,234,461
02/14/2022,FTW,TX,ASW,CE,Towers with Radar,0,21,85,2,108,0,3,133,3,139,0,24,218,5,247,344,0,344,591
02/15/2022,FTW,TX,ASW,CE,Towers with Radar,0,33,84,10,127,0,5,46,0,51,0,38,130,10,178,124,2,126,304
02/16/2022,FTW,TX,ASW,CE,Towers with Radar,0,25,106,3,134,0,4,27,0,31,0,29,133,3,165,70,0,70,235
02/17/2022,FTW,TX,ASW,CE,Towers with Radar,0,34,84,0,118,0,2,17,0,19,0,36,101,0,137,68,0,68,205
02/18/2022,FTW,TX,ASW,CE,Towers with Radar,2,41,111,0,154,0,4,164,0,168,2,45,275,0,322,298,0,298,620
02/19/2022,FTW,TX,ASW,CE,Towers with Radar,0,25,52,0,77,0,3,167,0,170,0,28,219,0,247,316,0,316,563
02/20/2022,FTW,TX,ASW,CE,Towers with Radar,0,30,65,2,97,0,2,91,1,94,0,32,156,3,191,93,8,101,292
02/21/2022,FTW,TX,ASW,CE,Towers with Radar,0,19,98,2,119,0,2,51,0,53,0,21,149,2,172,424,0,424,596
02/22/2022,FTW,TX,ASW,CE,Towers with Radar,2,15,124,1,142,0,1,85,1,87,2,16,209,2,229,120,0,120,349
02/23/2022,FTW,TX,ASW,CE,Towers with Radar,0,12,36,2,50,0,1,0,0,1,0,13,36,2,51,0,0,0,51
02/24/2022,FTW,TX,ASW,CE,Towers with Radar,0,16,45,0,61,0,1,0,0,1,0,17,45,0,62,0,0,0,62
02/25/2022,FTW,TX,ASW,CE,Towers with Radar,0,33,105,5,143,0,3,81,0,84,0,36,186,5,227,308,0,308,535
02/26/2022,FTW,TX,ASW,CE,Towers with Radar,2,17,30,3,52,0,2,11,0,13,2,19,41,3,65,28,0,28,93
02/27/2022,FTW,TX,ASW,CE,Towers with Radar,0,33,88,1,122,0,0,111,2,113,0,33,199,3,235,321,0,321,556
02/28/2022,FTW,TX,ASW,CE,Towers with Radar,0,23,79,2,104,0,2,167,0,169,0,25,246,2,273,502,0,502,775
03/01/2022,FTW,TX,ASW,CE,Towers with Radar,0,35,99,0,134,0,2,199,0,201,0,37,298,0,335,568,0,568,903
03/02/2022,FTW,TX,ASW,CE,Towers with Radar,1,25,136,4,166,0,1,182,0,183,1,26,318,4,349,488,0,488,837
03/03/2022,FTW,TX,ASW,CE,Towers with Radar,0,22,124,0,146,0,4,197,0,201,0,26,321,0,347,594,0,594,941
03/04/2022,FTW,TX,ASW,CE,Towers with Radar,0,45,121,26,192,0,4,53,2,59,0,49,174,28,251,294,42,336,587
03/05/2022,FTW,TX,ASW,CE,Towers with Radar,1,22,58,15,96,0,3,49,8,60,1,25,107,23,156,104,94,198,354
03/06/2022,FTW,TX,ASW,CE,Towers with Radar,2,31,90,10,133,0,2,12,0,14,2,33,102,10,147,0,0,0,147
03/07/2022,FTW,TX,ASW,CE,Towers with Radar,0,22,74,1,97,0,4,144,3,151,0,26,218,4,248,442,0,442,690
03/08/2022,FTW,TX,ASW,CE,Towers with Radar,0,19,70,1,90,0,2,36,0,38,0,21,106,1,128,182,0,182,310
03/09/2022,FTW,TX,ASW,CE,Towers with Radar,2,36,103,12,153,0,5,187,0,192,2,41,290,12,345,434,6,440,785
03/10/2022,FTW,TX,ASW,CE,Towers with Radar,0,28,90,10,128,0,13,166,4,183,0,41,256,14,311,534,0,534,845
03/11/2022,FTW,TX,ASW,CE,Towers with Radar,0,36,68,12,116,0,1,11,0,12,0,37,79,12,128,0,0,0,128
03/12/2022,FTW,TX,ASW,CE,Towers with Radar,4,47,100,11,162,0,1,132,2,135,4,48,232,13,297,512,4,516,813
03/13/2022,FTW,TX,ASW,CE,Towers with Radar,2,36,80,5,123,0,2,92,5,99,2,38,172,10,222,174,0,174,396
03/14/2022,FTW,TX,ASW,CE,Towers with Radar,0,22,99,2,123,0,3,47,1,51,0,25,146,3,174,156,0,156,330
03/15/2022,FTW,TX,ASW,CE,Towers with Radar,11,20,74,2,107,0,9,160,0,169,11,29,234,2,276,570,0,570,846
03/16/2022,FTW,TX,ASW,CE,Towers with Radar,4,27,90,0,121,0,1,168,0,169,4,28,258,0,290,604,0,604,894
03/17/2022,FTW,TX,ASW,CE,Towers with Radar,0,33,71,0,104,0,1,59,0,60,0,34,130,0,164,172,0,172,336
03/18/2022,FTW,TX,ASW,CE,Towers with Radar,6,37,93,17,153,0,1,57,0,58,6,38,150,17,211,110,0,110,321
03/19/2022,FTW,TX,ASW,CE,Towers with Radar,4,48,99,1,152,0,4,201,0,205,4,52,300,1,357,482,0,482,839
03/20/2022,FTW,TX,ASW,CE,Towers with Radar,2,36,85,7,130,0,0,84,2,86,2,36,169,9,216,50,0,50,266
03/21/2022,FTW,TX,ASW,CE,Towers with Radar,2,17,48,1,68,0,1,4,0,5,2,18,52,1,73,46,0,46,119
03/22/2022,FTW,TX,ASW,CE,Towers with Radar,0,34,82,2,118,0,1,37,0,38,0,35,119,2,156,164,0,164,320
03/23/2022,FTW,TX,ASW,CE,Towers with Radar,0,22,93,1,116,0,1,121,0,122,0,23,214,1,238,166,0,166,404
03/24/2022,FTW,TX,ASW,CE,Towers with Radar,0,26,120,17,163,0,3,200,3,206,0,29,320,20,369,466,0,466,835
03/25/2022,FTW,TX,ASW,CE,Towers with Radar,0,17,98,21,136,0,2,204,0,206,0,19,302,21,342,638,14,652,994
03/26/2022,FTW,TX,ASW,CE,Towers with Radar,0,16,51,13,80,0,1,180,6,187,0,17,231,19,267,294,0,294,561
03/27/2022,FTW,TX,ASW,CE,Towers with Radar,0,21,91,3,115,0,3,117,1,121,0,24,208,4,236,250,0,250,486
03/28/2022,FTW,TX,ASW,CE,Towers with Radar,0,22,68,1,91,0,3,129,1,133,0,25,197,2,224,454,0,454,678
03/29/2022,FTW,TX,ASW,CE,Towers with Radar,0,18,76,0,94,0,7,34,0,41,0,25,110,0,135,172,0,172,307
03/30/2022,FTW,TX,ASW,CE,Towers with Radar,0,20,68,4,92,0,0,71,1,72,0,20,139,5,164,156,0,156,320
03/31/2022,FTW,TX,ASW,CE,Towers with Radar,0,20,84,0,104,0,5,193,0,198,0,25,277,0,302,554,0,554,856
04/01/2022,FTW,TX,ASW,CE,Towers with Radar,0,30,90,1,121,0,1,186,0,187,0,31,276,1,308,373,0,373,681
04/02/2022,FTW,TX,ASW,CE,Towers with Radar,3,27,37,2,69,0,3,159,1,163,3,30,196,3,232,304,0,304,536
04/03/2022,FTW,TX,ASW,CE,Towers with Radar,0,41,88,8,137,0,4,110,0,114,0,45,198,8,251,168,4,172,423
04/04/2022,FTW,TX,ASW,CE,Towers with Radar,0,15,79,1,95,0,1,34,1,36,0,16,113,2,131,132,2,134,265
04/05/2022,FTW,TX,ASW,CE,Towers with Radar,0,29,87,3,119,0,6,111,5,122,0,35,198,8,241,428,2,430,671
04/06/2022,FTW,TX,ASW,CE,Towers with Radar,0,28,102,1,131,0,3,112,2,117,0,31,214,3,248,180,0,180,428
04/07/2022,FTW,TX,ASW,CE,Towers with Radar,0,20,85,4,109,0,4,75,0,79,0,24,160,4,188,251,0,251,439
04/08/2022,FTW,TX,ASW,CE,Towers with Radar,0,35,102,10,147,0,2,116,1,119,0,37,218,11,266,328,2,330,596
04/09/2022,FTW,TX,ASW,CE,Towers with Radar,0,38,70,4,112,0,5,155,3,163,0,43,225,7,275,286,0,286,561
04/10/2022,FTW,TX,ASW,CE,Towers with Radar,0,30,73,1,104,0,0,15,0,15,0,30,88,1,119,0,0,0,119
04/11/2022,FTW,TX,ASW,CE,Towers with Radar,0,26,76,0,102,0,4,79,0,83,0,30,155,0,185,236,0,236,421
04/12/2022,FTW,TX,ASW,CE,Towers with Radar,0,19,70,0,89,1,7,17,4,29,1,26,87,4,118,166,0,166,284
04/13/2022,FTW,TX,ASW,CE,Towers with Radar,0,31,98,0,129,0,6,48,0,54,0,37,146,0,183,70,0,70,253
04/14/2022,FTW,TX,ASW,CE,Towers with Radar,0,38,116,0,154,0,0,230,0,230,0,38,346,0,384,442,0,442,826
04/15/2022,FTW,TX,ASW,CE,Towers with Radar,0,29,98,2,129,0,0,95,0,95,0,29,193,2,224,438,0,438,662
04/16/2022,FTW,TX,ASW,CE,Towers with Radar,0,10,57,3,70,0,3,29,0,32,0,13,86,3,102,50,0,50,152
04/17/2022,FTW,TX,ASW,CE,Towers with Radar,2,30,57,3,92,0,1,48,0,49,2,31,105,3,141,28,12,40,181
04/18/2022,FTW,TX,ASW,CE,Towers with Radar,2,36,110,3,151,0,9,147,0,156,2,45,257,3,307,314,0,314,621
04/19/2022,FTW,TX,ASW,CE,Towers with Radar,2,26,99,0,127,0,3,83,2,88,2,29,182,2,215,130,0,130,345
04/20/2022,FTW,TX,ASW,CE,Towers with Radar,0,31,99,7,137,0,1,37,0,38,0,32,136,7,175,62,0,62,237
04/21/2022,FTW,TX,ASW,CE,Towers with Radar,0,32,128,3,163,0,3,79,0,82,0,35,207,3,245,152,0,152,397
04/22/2022,FTW,TX,ASW,CE,Towers with Radar,0,27,88,39,154,0,5,55,2,62,0,32,143,41,216,98,36,134,350
04/23/2022,FTW,TX,ASW,CE,Towers with Radar,0,20,63,7,90,0,3,11,1,15,0,23,74,8,105,0,0,0,105
04/24/2022,FTW,TX,ASW,CE,Towers with Radar,0,36,73,4,113,0,5,7,1,13,0,41,80,5,126,16,0,16,142
04/25/2022,FTW,TX,ASW,CE,Towers with Radar,0,35,66,6,107,0,2,81,0,83,0,37,147,6,190,148,0,148,338
04/26/2022,FTW,TX,ASW,CE,Towers with Radar,0,26,78,3,107,0,4,278,3,285,0,30,356,6,392,602,0,602,994
04/27/2022,FTW,TX,ASW,CE,Towers with Radar,2,24,100,3,129,0,9,262,2,273,2,33,362,5,402,484,0,484,886
04/28/2022,FTW,TX,ASW,CE,Towers with Radar,0,33,147,3,183,0,6,108,0,114,0,39,255,3,297,380,0,380,677
04/29/2022,FTW,TX,ASW,CE,Towers with Radar,2,30,96,2,130,0,4,43,0,47,2,34,139,2,177,98,6,104,281
04/30/2022,FTW,TX,ASW,CE,Towers with Radar,0,29,65,1,95,0,3,164,0,167,0,32,229,1,262,306,0,306,568
05/01/2022,FTW,TX,ASW,CE,Towers with Radar,0,26,87,0,113,0,7,69,0,76,0,33,156,0,189,52,0,52,241
05/02/2022,FTW,TX,ASW,CE,Towers with Radar,0,20,80,0,100,0,7,31,0,38,0,27,111,0,138,36,0,36,174
05/03/2022,FTW,TX,ASW,CE,Towers with Radar,0,21,84,4,109,0,2,28,0,30,0,23,112,4,139,218,0,218,357
05/04/2022,FTW,TX,ASW,CE,Towers with Radar,0,22,81,2,105,0,1,33,0,34,0,23,114,2,139,120,0,120,259
05/05/2022,FTW,TX,ASW,CE,Towers with Radar,2,34,107,0,143,0,3,63,0,66,2,37,170,0,209,254,0,254,463
05/06/2022,FTW,TX,ASW,CE,Towers with Radar,0,52,119,3,174,0,7,220,4,231,0,59,339,7,405,312,0,312,717
05/07/2022,FTW,TX,ASW,CE,Towers with Radar,0,23,81,7,111,0,4,72,0,76,0,27,153,7,187,136,2,138,325
05/08/2022,FTW,TX,ASW,CE,Towers with Radar,0,46,94,3,143,0,0,56,0,56,0,46,150,3,199,50,0,50,249
05/09/2022,FTW,TX,ASW,CE,Towers with Radar,0,31,75,2,108,0,2,50,0,52,0,33,125,2,160,188,0,188,348
05/10/2022,FTW,TX,ASW,CE,Towers with Radar,2,23,83,4,112,0,8,119,2,129,2,31,202,6,241,306,0,306,547
05/11/2022,FTW,TX,ASW,CE,Towers with Radar,1,29,110,3,143,0,6,160,1,167,1,35,270,4,310,481,0,481,791
05/12/2022,FTW,TX,ASW,CE,Towers with Radar,0,34,100,0,134,0,3,180,0,183,0,37,280,0,317,338,0,338,655
05/13/2022,FTW,TX,ASW,CE,Towers with Radar,0,39,66,1,106,0,7,173,0,180,0,46,239,1,286,382,0,382,668
05/14/2022,FTW,TX,ASW,CE,Towers with Radar,0,24,49,4,77,0,6,127,0,133,0,30,176,4,210,252,0,252,462
05/15/2022,FTW,TX,ASW,CE,Towers with Radar,0,18,85,4,107,0,5,91,0,96,0,23,176,4,203,38,0,38,241
05/16/2022,FTW,TX,ASW,CE,Towers with Radar,2,27,94,3,126,0,1,153,0,154,2,28,247,3,280,254,0,254,534
05/17/2022,FTW,TX,ASW,CE,Towers with Radar,0,41,135,3,179,0,3,143,1,147,0,44,278,4,326,134,0,134,460
05/18/2022,FTW,TX,ASW,CE,Towers with Radar,0,35,118,2,155,0,2,141,0,143,0,37,259,2,298,204,0,204,502
05/19/2022,FTW,TX,ASW,CE,Towers with Radar,0,34,95,1,130,0,4,103,1,108,0,38,198,2,238,258,0,258,496
05/20/2022,FTW,TX,ASW,CE,Towers with Radar,0,37,87,4,128,0,4,60,0,64,0,41,147,4,192,24,0,24,216
05/21/2022,FTW,TX,ASW,CE,Towers with Radar,0,16,68,8,92,0,0,35,1,36,0,16,103,9,128,84,14,98,226
05/22/2022,FTW,TX,ASW,CE,Towers with Radar,0,34,87,3,124,0,1,75,4,80,0,35,162,7,204,108,0,108,312
05/23/2022,FTW,TX,ASW,CE,Towers with Radar,0,26,85,0,111,0,0,42,1,43,0,26,127,1,154,114,0,114,268
05/24/2022,FTW,TX,ASW,CE,Towers with Radar,0,35,60,0,95,0,1,10,0,11,0,36,70,0,106,114,0,114,220
05/25/2022,FTW,TX,ASW,CE,Towers with Radar,0,42,109,6,157,0,3,70,2,75,0,45,179,8,232,164,0,164,396
05/26/2022,FTW,TX,ASW,CE,Towers with Radar,0,31,119,5,155,0,4,197,1,202,0,35,316,6,357,398,0,398,755
05/27/2022,FTW,TX,ASW,CE,Towers with Radar,0,35,85,2,122,0,7,207,0,214,0,42,292,2,336,306,62,368,704
05/28/2022,FTW,TX,ASW,CE,Towers with Radar,0,22,48,0,70,0,6,112,0,118,0,28,160,0,188,110,0,110,298
05/29/2022,FTW,TX,ASW,CE,Towers with Radar,0,24,42,0,66,0,7,42,0,49,0,31,84,0,115,0,0,0,115
05/30/2022,FTW,TX,ASW,CE,Towers with Radar,0,27,47,0,74,0,1,33,0,34,0,28,80,0,108,14,0,14,122
05/31/2022,FTW,TX,ASW,CE,Towers with Radar,0,16,95,0,111,0,6,109,0,115,0,22,204,0,226,272,0,272,498
06/01/2022,FTW,TX,ASW,CE,Towers with Radar,2,44,61,3,110,0,1,104,4,109,2,45,165,7,219,482,0,482,701
06/02/2022,FTW,TX,ASW,CE,Towers with Radar,0,24,95,2,121,0,5,100,0,105,0,29,195,2,226,544,0,544,770
06/03/2022,FTW,TX,ASW,CE,Towers with Radar,0,13,73,11,97,0,2,77,0,79,0,15,150,11,176,292,0,292,468
06/04/2022,FTW,TX,ASW,CE,Towers with Radar,0,23,79,15,117,0,5,99,2,106,0,28,178,17,223,116,6,122,345
06/05/2022,FTW,TX,ASW,CE,Towers with Radar,0,28,80,8,116,0,2,61,1,64,0,30,141,9,180,28,0,28,208
06/06/2022,FTW,TX,ASW,CE,Towers with Radar,1,33,65,6,105,0,0,137,0,137,1,33,202,6,242,168,0,168,410
06/07/2022,FTW,TX,ASW,CE,Towers with Radar,0,27,77,1,105,0,5,153,1,159,0,32,230,2,264,202,0,202,466
06/08/2022,FTW,TX,ASW,CE,Towers with Radar,0,31,106,0,137,0,3,120,0,123,0,34,226,0,260,234,0,234,494
06/09/2022,FTW,TX,ASW,CE,Towers with Radar,0,31,128,2,161,0,3,131,0,134,0,34,259,2,295,426,0,426,721
06/10/2022,FTW,TX,ASW,CE,Towers with Radar,0,24,85,15,124,0,6,141,3,150,0,30,226,18,274,420,8,428,702
06/11/2022,FTW,TX,ASW,CE,Towers with Radar,0,17,48,12,77,0,1,96,1,98,0,18,144,13,175,188,0,188,363
06/12/2022,FTW,TX,ASW,CE,Towers with Radar,1,30,71,8,110,0,2,63,5,70,1,32,134,13,180,156,0,156,336
06/13/2022,FTW,TX,ASW,CE,Towers with Radar,1,16,63,2,82,0,3,135,2,140,1,19,198,4,222,176,0,176,398
06/14/2022,FTW,TX,ASW,CE,Towers with Radar,0,18,92,3,113,0,6,95,1,102,0,24,187,4,215,200,0,200,415
06/15/2022,FTW,TX,ASW,CE,Towers with Radar,0,29,83,0,112,0,13,151,1,165,0,42,234,1,277,438,0,438,715
06/16/2022,FTW,TX,ASW,CE,Towers with Radar,3,30,90,2,125,0,1,194,2,197,3,31,284,4,322,392,0,392,714
06/17/2022,FTW,TX,ASW,CE,Towers with Radar,0,24,97,2,123,0,5,166,0,171,0,29,263,2,294,324,0,324,618
06/18/2022,FTW,TX,ASW,CE,Towers with Radar,1,18,62,0,81,0,1,98,1,100,1,19,160,1,181,118,0,118,299
06/19/2022,FTW,TX,ASW,CE,Towers with Radar,0,27,66,0,93,0,2,76,0,78,0,29,142,0,171,44,0,44,215
06/20/2022,FTW,TX,ASW,CE,Towers with Radar,0,25,76,2,103,0,4,137,1,142,0,29,213,3,245,392,0,392,637
06/21/2022,FTW,TX,ASW,CE,Towers with Radar,0,19,110,0,129,0,4,172,0,176,0,23,282,0,305,418,0,418,723
06/22/2022,FTW,TX,ASW,CE,Towers with Radar,1,26,78,0,105,0,4,162,2,168,1,30,240,2,273,430,8,438,711
06/23/2022,FTW,TX,ASW,CE,Towers with Radar,0,34,105,0,139,0,0,156,0,156,0,34,261,0,295,487,0,487,782
06/24/2022,FTW,TX,ASW,CE,Towers with Radar,0,27,90,10,127,0,6,169,2,177,0,33,259,12,304,362,14,376,680
06/25/2022,FTW,TX,ASW,CE,Towers with Radar,0,21,60,8,89,0,11,129,1,141,0,32,189,9,230,146,4,150,380
06/26/2022,FTW,TX,ASW,CE,Towers with Radar,0,33,84,10,127,0,1,51,1,53,0,34,135,11,180,32,0,32,212
06/27/2022,FTW,TX,ASW,CE,Towers with Radar,1,35,89,6,131,0,9,140,0,149,1,44,229,6,280,330,0,330,610
06/28/2022,FTW,TX,ASW,CE,Towers with Radar,0,30,87,0,117,0,2,139,0,141,0,32,226,0,258,234,40,274,532
06/29/2022,FTW,TX,ASW,CE,Towers with Radar,0,24,84,4,112,0,3,211,1,215,0,27,295,5,327,518,0,518,845
06/30/2022,FTW,TX,ASW,CE,Towers with Radar,2,34,96,1,133,0,3,206,0,209,2,37,302,1,342,515,0,515,857
07/01/2022,FTW,TX,ASW,CE,Towers with Radar,0,34,92,2,128,0,10,175,1,186,0,44,267,3,314,338,0,338,652
07/02/2022,FTW,TX,ASW,CE,Towers with Radar,0,21,78,1,100,0,2,92,0,94,0,23,170,1,194,96,0,96,290
07/03/2022,FTW,TX,ASW,CE,Towers with Radar,0,9,41,2,52,0,2,46,1,49,0,11,87,3,101,14,0,14,115
07/04/2022,FTW,TX,ASW,CE,Towers with Radar,0,13,32,0,45,0,2,94,0,96,0,15,126,0,141,104,0,104,245
07/05/2022,FTW,TX,ASW,CE,Towers with Radar,0,31,97,2,130,0,9,133,0,142,0,40,230,2,272,358,0,358,630
07/06/2022,FTW,TX,ASW,CE,Towers with Radar,0,23,97,0,120,0,5,147,0,152,0,28,244,0,272,350,0,350,622
07/07/2022,FTW,TX,ASW,CE,Towers with Radar,0,24,89,0,113,0,7,142,0,149,0,31,231,0,262,342,0,342,604
07/08/2022,FTW,TX,ASW,CE,Towers with Radar,0,40,58,8,106,0,4,137,15,156,0,44,195,23,262,257,14,271,533
07/09/2022,FTW,TX,ASW,CE,Towers with Radar,0,31,58,10,99,1,6,118,3,128,1,37,176,13,227,162,0,162,389
07/10/2022,FTW,TX,ASW,CE,Towers with Radar,0,25,75,6,106,0,1,80,7,88,0,26,155,13,194,76,0,76,270
07/11/2022,FTW,TX,ASW,CE,Towers with Radar,0,38,68,4,110,0,0,159,2,161,0,38,227,6,271,332,0,332,603
07/12/2022,FTW,TX,ASW,CE,Towers with Radar,1,38,101,0,140,0,9,179,1,189,1,47,280,1,329,362,0,362,691
07/13/2022,FTW,TX,ASW,CE,Towers with Radar,1,25,93,5,124,0,4,164,0,168,1,29,257,5,292,382,0,382,674
07/14/2022,FTW,TX,ASW,CE,Towers with Radar,0,20,105,0,125,0,4,147,3,154,0,24,252,3,279,262,0,262,541
07/15/2022,FTW,TX,ASW,CE,Towers with Radar,0,28,72,10,110,0,8,179,3,190,0,36,251,13,300,304,20,324,624
07/16/2022,FTW,TX,ASW,CE,Towers with Radar,0,27,70,15,112,0,1,174,3,178,0,28,244,18,290,180,8,188,478
07/17/2022,FTW,TX,ASW,CE,Towers with Radar,0,25,69,3,97,0,3,49,0,52,0,28,118,3,149,54,0,54,203
07/18/2022,FTW,TX,ASW,CE,Towers with Radar,0,23,103,1,127,0,6,119,3,128,0,29,222,4,255,374,8,382,637
07/19/2022,FTW,TX,ASW,CE,Towers with Radar,3,44,96,0,143,0,2,109,3,114,3,46,205,3,257,388,0,388,645
07/20/2022,FTW,TX,ASW,CE,Towers with Radar,0,37,104,1,142,0,4,171,2,177,0,41,275,3,319,448,0,448,767
07/21/2022,FTW,TX,ASW,CE,Towers with Radar,2,36,66,1,105,0,1,139,1,141,2,37,205,2,246,402,0,402,648
07/22/2022,FTW,TX,ASW,CE,Towers with Radar,0,19,78,3,100,0,8,170,0,178,0,27,248,3,278,312,18,330,608
07/23/2022,FTW,TX,ASW,CE,Towers with Radar,0,21,56,3,80,0,12,94,0,106,0,33,150,3,186,202,4,206,392
07/24/2022,FTW,TX,ASW,CE,Towers with Radar,0,36,118,5,159,0,4,102,0,106,0,40,220,5,265,78,0,78,343
07/25/2022,FTW,TX,ASW,CE,Towers with Radar,0,28,72,2,102,0,8,149,0,157,0,36,221,2,259,288,0,288,547
07/26/2022,FTW,TX,ASW,CE,Towers with Radar,0,22,137,6,165,0,6,175,0,181,0,28,312,6,346,398,0,398,744
07/27/2022,FTW,TX,ASW,CE,Towers with Radar,0,34,91,3,128,0,2,177,0,179,0,36,268,3,307,310,0,310,617
07/28/2022,FTW,TX,ASW,CE,Towers with Radar,1,27,82,3,113,0,1,155,3,159,1,28,237,6,272,230,0,230,502
07/29/2022,FTW,TX,ASW,CE,Towers with Radar,0,40,59,3,102,0,6,130,1,137,0,46,189,4,239,220,2,222,461
07/30/2022,FTW,TX,ASW,CE,Towers with Radar,0,22,42,7,71,0,2,103,0,105,0,24,145,7,176,164,8,172,348
07/31/2022,FTW,TX,ASW,CE,Towers with Radar,0,40,104,4,148,0,5,80,0,85,0,45,184,4,233,14,0,14,247
08/01/2022,FTW,TX,ASW,CE,Towers with Radar,1,20,95,1,117,0,2,175,0,177,1,22,270,1,294,450,0,450,744
08/02/2022,FTW,TX,ASW,CE,Towers with Radar,0,35,81,2,118,0,2,186,2,190,0,37,267,4,308,472,0,472,780
08/03/2022,FTW,TX,ASW,CE,Towers with Radar,1,32,109,1,143,0,2,144,2,148,1,34,253,3,291,314,0,314,605
08/04/2022,FTW,TX,ASW,CE,Towers with Radar,0,37,118,8,163,0,6,175,0,181,0,43,293,8,344,378,0,378,722
08/05/2022,FTW,TX,ASW,CE,Towers with Radar,1,33,72,13,119,0,4,142,1,147,1,37,214,14,266,258,0,258,524
08/06/2022,FTW,TX,ASW,CE,Towers with Radar,1,12,62,15,90,0,8,116,1,125,1,20,178,16,215,206,0,206,421
08/07/2022,FTW,TX,ASW,CE,Towers with Radar,0,27,85,18,130,0,5,78,0,83,0,32,163,18,213,36,0,36,249
08/08/2022,FTW,TX,ASW,CE,Towers with Radar,0,32,118,6,156,0,4,154,0,158,0,36,272,6,314,366,0,366,680
08/09/2022,FTW,TX,ASW,CE,Towers with Radar,0,24,90,5,119,0,14,132,0,146,0,38,222,5,265,326,0,326,591
08/10/2022,FTW,TX,ASW,CE,Towers with Radar,0,28,79,5,112,0,2,127,4,133,0,30,206,9,245,326,0,326,571
08/11/2022,FTW,TX,ASW,CE,Towers with Radar,0,35,109,4,148,0,4,171,0,175,0,39,280,4,323,498,0,498,821
08/12/2022,FTW,TX,ASW,CE,Towers with Radar,0,31,114,12,157,0,3,146,5,154,0,34,260,17,311,322,0,322,633
08/13/2022,FTW,TX,ASW,CE,Towers with Radar,0,28,57,0,85,0,3,99,0,102,0,31,156,0,187,152,0,152,339
08/14/2022,FTW,TX,ASW,CE,Towers with Radar,0,32,78,10,120,0,4,125,0,129,0,36,203,10,249,110,0,110,359
08/15/2022,FTW,TX,ASW,CE,Towers with Radar,0,18,95,6,119,0,6,153,2,161,0,24,248,8,280,540,0,540,820
08/16/2022,FTW,TX,ASW,CE,Towers with Radar,0,40,106,0,146,0,4,204,2,210,0,44,310,2,356,440,0,440,796
08/17/2022,FTW,TX,ASW,CE,Towers with Radar,1,31,81,1,114,0,2,120,1,123,1,33,201,2,237,336,0,336,573
08/18/2022,FTW,TX,ASW,CE,Towers with Radar,1,34,65,0,100,0,3,80,0,83,1,37,145,0,183,252,0,252,435
08/19/2022,FTW,TX,ASW,CE,Towers with Radar,0,23,67,16,106,0,1,112,3,116,0,24,179,19,222,458,12,470,692
08/20/2022,FTW,TX,ASW,CE,Towers with Radar,0,23,79,26,128,0,0,68,8,76,0,23,147,34,204,264,8,272,476
08/21/2022,FTW,TX,ASW,CE,Towers with Radar,0,34,81,13,128,0,1,19,1,21,0,35,100,14,149,0,0,0,149
08/22/2022,FTW,TX,ASW,CE,Towers with Radar,0,27,50,0,77,0,0,2,0,2,0,27,52,0,79,6,0,6,85
08/23/2022,FTW,TX,ASW,CE,Towers with Radar,0,38,79,0,117,0,1,17,0,18,0,39,96,0,135,14,0,14,149
08/24/2022,FTW,TX,ASW,CE,Towers with Radar,0,20,99,0,119,0,4,70,2,76,0,24,169,2,195,310,0,310,505
08/25/2022,FTW,TX,ASW,CE,Towers with Radar,0,33,67,0,100,0,10,172,0,182,0,43,239,0,282,352,0,352,634
08/26/2022,FTW,TX,ASW,CE,Towers with Radar,0,23,72,12,107,0,2,160,0,162,0,25,232,12,269,364,10,374,643
08/27/2022,FTW,TX,ASW,CE,Towers with Radar,0,21,49,35,105,0,6,122,2,130,0,27,171,37,235,194,62,256,491
08/28/2022,FTW,TX,ASW,CE,Towers with Radar,0,22,82,7,111,0,2,89,3,94,0,24,171,10,205,142,0,142,347
08/29/2022,FTW,TX,ASW,CE,Towers with Radar,0,12,61,1,74,0,2,147,0,149,0,14,208,1,223,254,0,254,477
08/30/2022,FTW,TX,ASW,CE,Towers with Radar,0,24,60,8,92,0,1,29,1,31,0,25,89,9,123,220,0,220,343
08/31/2022,FTW,TX,ASW,CE,Towers with Radar,0,28,101,0,129,0,0,91,0,91,0,28,192,0,220,374,0,374,594
09/01/2022,FTW,TX,ASW,CE,Towers with Radar,2,23,100,1,126,0,5,70,0,75,2,28,170,1,201,238,0,238,439
09/02/2022,FTW,TX,ASW,CE,Towers with Radar,0,26,89,10,125,0,0,26,2,28,0,26,115,12,153,178,0,178,331
09/03/2022,FTW,TX,ASW,CE,Towers with Radar,0,27,61,0,88,0,3,110,0,113,0,30,171,0,201,296,0,296,497
09/04/2022,FTW,TX,ASW,CE,Towers with Radar,0,15,36,1,52,0,3,86,0,89,0,18,122,1,141,216,0,216,357
09/05/2022,FTW,TX,ASW,CE,Towers with Radar,1,32,88,0,121,0,1,75,0,76,1,33,163,0,197,142,0,142,339
09/06/2022,FTW,TX,ASW,CE,Towers with Radar,0,33,91,3,127,0,3,160,3,166,0,36,251,6,293,510,0,510,803
09/07/2022,FTW,TX,ASW,CE,Towers with Radar,0,31,101,1,133,0,5,177,1,183,0,36,278,2,316,398,0,398,714
09/08/2022,FTW,TX,ASW,CE,Towers with Radar,0,29,110,1,140,0,2,182,0,184,0,31,292,1,324,530,0,530,854
09/09/2022,FTW,TX,ASW,CE,Towers with Radar,0,34,89,0,123,0,3,158,1,162,0,37,247,1,285,264,0,264,549
09/10/2022,FTW,TX,ASW,CE,Towers with Radar,0,26,73,18,117,0,5,190,0,195,0,31,263,18,312,302,0,302,614
09/11/2022,FTW,TX,ASW,CE,Towers with Radar,0,31,138,19,188,0,8,83,1,92,0,39,221,20,280,182,0,182,462
09/12/2022,FTW,TX,ASW,CE,Towers with Radar,0,17,86,5,108,0,13,200,0,213,0,30,286,5,321,486,0,486,807
09/13/2022,FTW,TX,ASW,CE,Towers with Radar,0,33,78,9,120,0,6,198,2,206,0,39,276,11,326,480,2,482,808
09/14/2022,FTW,TX,ASW,CE,Towers with Radar,0,35,83,5,123,0,8,168,3,179,0,43,251,8,302,410,0,410,712
09/15/2022,FTW,TX,ASW,CE,Towers with Radar,0,36,98,0,134,0,13,171,3,187,0,49,269,3,321,406,0,406,727
09/16/2022,FTW,TX,ASW,CE,Towers with Radar,0,37,95,14,146,0,4,177,5,186,0,41,272,19,332,418,30,448,780
09/17/2022,FTW,TX,ASW,CE,Towers with Radar,0,28,82,12,122,0,5,126,0,131,0,33,208,12,253,178,8,186,439
09/18/2022,FTW,TX,ASW,CE,Towers with Radar,2,41,115,12,170,0,2,124,0,126,2,43,239,12,296,46,0,46,342
09/19/2022,FTW,TX,ASW,CE,Towers with Radar,3,34,118,0,155,0,0,208,1,209,3,34,326,1,364,392,0,392,756
09/20/2022,FTW,TX,ASW,CE,Towers with Radar,0,23,80,2,105,0,6,196,2,204,0,29,276,4,309,322,0,322,631
09/21/2022,FTW,TX,ASW,CE,Towers with Radar,0,32,86,2,120,0,6,180,0,186,0,38,266,2,306,392,0,392,698
09/22/2022,FTW,TX,ASW,CE,Towers with Radar,0,33,126,0,159,0,4,169,0,173,0,37,295,0,332,472,0,472,804
09/23/2022,FTW,TX,ASW,CE,Towers with Radar,3,30,94,13,140,0,2,169,4,175,3,32,263,17,315,388,22,410,725
09/24/2022,FTW,TX,ASW,CE,Towers with Radar,1,68,121,6,196,0,6,141,1,148,1,74,262,7,344,220,0,220,564
09/25/2022,FTW,TX,ASW,CE,Towers with Radar,2,53,95,2,152,0,0,63,0,63,2,53,158,2,215,118,0,118,333
09/26/2022,FTW,TX,ASW,CE,Towers with Radar,0,38,102,0,140,0,0,185,0,185,0,38,287,0,325,442,0,442,767
09/27/2022,FTW,TX,ASW,CE,Towers with Radar,0,31,88,2,121,0,5,168,0,173,0,36,256,2,294,318,0,318,612
09/28/2022,FTW,TX,ASW,CE,Towers with Radar,0,35,75,1,111,0,1,194,0,195,0,36,269,1,306,573,0,573,879
09/29/2022,FTW,TX,ASW,CE,Towers with Radar,1,30,79,6,116,0,4,151,0,155,1,34,230,6,271,402,0,402,673
09/30/2022,FTW,TX,ASW,CE,Towers with Radar,0,37,155,10,202,0,4,146,0,150,0,41,301,10,352,400,0,400,752
10/01/2022,FTW,TX,ASW,CE,Towers with Radar,0,27,77,8,112,0,9,128,0,137,0,36,205,8,249,318,0,318,567
10/02/2022,FTW,TX,ASW,CE,Towers with Radar,0,61,117,2,180,0,2,80,1,83,0,63,197,3,263,108,0,108,371
10/03/2022,FTW,TX,ASW,CE,Towers with Radar,0,30,82,2,114,0,5,149,0,154,0,35,231,2,268,355,0,355,623
10/04/2022,FTW,TX,ASW,CE,Towers with Radar,1,40,77,1,119,0,4,187,3,194,1,44,264,4,313,473,0,473,786
10/05/2022,FTW,TX,ASW,CE,Towers with Radar,1,20,109,1,131,0,4,159,0,163,1,24,268,1,294,356,0,356,650
10/06/2022,FTW,TX,ASW,CE,Towers with Radar,1,39,91,0,131,0,5,162,2,169,1,44,253,2,300,464,0,464,764
10/07/2022,FTW,TX,ASW,CE,Towers with Radar,2,36,92,1,131,0,2,127,0,129,2,38,219,1,260,316,0,316,576
10/08/2022,FTW,TX,ASW,CE,Towers with Radar,0,33,63,0,96,0,4,153,0,157,0,37,216,0,253,172,0,172,425
10/09/2022,FTW,TX,ASW,CE,Towers with Radar,2,38,80,0,120,0,1,90,1,92,2,39,170,1,212,102,0,102,314
10/10/2022,FTW,TX,ASW,CE,Towers with Radar,0,35,102,0,137,0,0,129,1,130,0,35,231,1,267,322,0,322,589
10/11/2022,FTW,TX,ASW,CE,Towers with Radar,0,40,109,0,149,0,2,163,0,165,0,42,272,0,314,444,0,444,758
10/12/2022,FTW,TX,ASW,CE,Towers with Radar,1,20,102,2,125,0,7,132,2,141,1,27,234,4,266,312,0,312,578
10/13/2022,FTW,TX,ASW,CE,Towers with Radar,0,33,111,1,145,0,7,144,1,152,0,40,255,2,297,490,0,490,787
10/14/2022,FTW,TX,ASW,CE,Towers with Radar,2,32,101,0,135,0,2,161,1,164,2,34,262,1,299,286,0,286,585
10/15/2022,FTW,TX,ASW,CE,Towers with Radar,2,34,74,1,111,0,2,129,0,131,2,36,203,1,242,68,0,68,310
10/16/2022,FTW,TX,ASW,CE,Towers with Radar,0,24,107,0,131,0,1,13,0,14,0,25,120,0,145,0,0,0,145
10/17/2022,FTW,TX,ASW,CE,Towers with Radar,0,23,76,0,99,0,4,146,0,150,0,27,222,0,249,342,0,342,591
10/18/2022,FTW,TX,ASW,CE,Towers with Radar,0,16,92,2,110,0,5,155,0,160,0,21,247,2,270,292,0,292,562
10/19/2022,FTW,TX,ASW,CE,Towers with Radar,0,29,109,0,138,0,6,160,3,169,0,35,269,3,307,456,0,456,763
10/20/2022,FTW,TX,ASW,CE,Towers with Radar,2,26,113,4,145,0,7,148,1,156,2,33,261,5,301,280,4,284,585
10/21/2022,FTW,TX,ASW,CE,Towers with Radar,2,30,129,33,194,0,1,191,1,193,2,31,320,34,387,296,0,296,683
10/22/2022,FTW,TX,ASW,CE,Towers with Radar,1,27,122,16,166,0,0,67,0,67,1,27,189,16,233,52,0,52,285
10/23/2022,FTW,TX,ASW,CE,Towers with Radar,1,39,198,44,282,0,4,57,4,65,1,43,255,48,347,12,0,12,359
10/24/2022,FTW,TX,ASW,CE,Towers with Radar,0,32,72,5,109,0,1,14,0,15,0,33,86,5,124,34,0,34,158
10/25/2022,FTW,TX,ASW,CE,Towers with Radar,0,27,94,6,127,0,5,85,2,92,0,32,179,8,219,308,0,308,527
10/26/2022,FTW,TX,ASW,CE,Towers with Radar,0,44,123,7,174,0,6,209,2,217,0,50,332,9,391,412,0,412,803
10/27/2022,FTW,TX,ASW,CE,Towers with Radar,0,41,117,0,158,0,0,158,0,158,0,41,275,0,316,516,0,516,832
10/28/2022,FTW,TX,ASW,CE,Towers with Radar,0,17,63,0,80,0,0,7,0,7,0,17,70,0,87,0,0,0,87
10/29/2022,FTW,TX,ASW,CE,Towers with Radar,0,17,69,3,89,0,0,14,0,14,0,17,83,3,103,104,0,104,207
10/30/2022,FTW,TX,ASW,CE,Towers with Radar,0,41,99,6,146,0,0,102,0,102,0,41,201,6,248,76,0,76,324
10/31/2022,FTW,TX,ASW,CE,Towers with Radar,0,25,74,0,99,0,1,138,0,139,0,26,212,0,238,450,0,450,688
11/01/2022,FTW,TX,ASW,CE,Towers with Radar,0,30,102,5,137,0,0,166,2,168,0,30,268,7,305,578,0,578,883
11/02/2022,FTW,TX,ASW,CE,Towers with Radar,0,43,106,6,155,0,1,98,1,100,0,44,204,7,255,350,0,350,605
11/03/2022,FTW,TX,ASW,CE,Towers with Radar,0,46,132,2,180,0,0,35,0,35,0,46,167,2,215,172,0,172,387
11/04/2022,FTW,TX,ASW,CE,Towers with Radar,1,44,80,1,126,0,2,16,0,18,1,46,96,1,144,24,0,24,168
11/05/2022,FTW,TX,ASW,CE,Towers with Radar,0,46,109,8,163,0,0,134,0,134,0,46,243,8,297,174,10,184,481
11/06/2022,FTW,TX,ASW,CE,Towers with Radar,2,55,109,7,173,0,2,98,1,101,2,57,207,8,274,148,0,148,422
11/07/2022,FTW,TX,ASW,CE,Towers with Radar,1,20,92,0,113,0,0,10,2,12,1,20,102,2,125,70,0,70,195
11/08/2022,FTW,TX,ASW,CE,Towers with Radar,0,30,109,0,139,0,0,36,0,36,0,30,145,0,175,274,0,274,449
11/09/2022,FTW,TX,ASW,CE,Towers with Radar,0,23,83,1,107,0,0,138,0,138,0,23,221,1,245,352,0,352,597
11/10/2022,FTW,TX,ASW,CE,Towers with Radar,0,40,107,3,150,0,0,57,0,57,0,40,164,3,207,246,0,246,453
11/11/2022,FTW,TX,ASW,CE,Towers with Radar,0,38,83,2,123,0,1,13,0,14,0,39,96,2,137,26,0,26,163
11/12/2022,FTW,TX,ASW,CE,Towers with Radar,0,22,68,0,90,0,3,146,0,149,0,25,214,0,239,300,0,300,539
11/13/2022,FTW,TX,ASW,CE,Towers with Radar,0,44,87,0,131,0,5,107,0,112,0,49,194,0,243,176,0,176,419
11/14/2022,FTW,TX,ASW,CE,Towers with Radar,0,30,81,0,111,0,0,4,0,4,0,30,85,0,115,32,0,32,147
11/15/2022,FTW,TX,ASW,CE,Towers with Radar,0,29,138,4,171,0,5,139,2,146,0,34,277,6,317,288,0,288,605
11/16/2022,FTW,TX,ASW,CE,Towers with Radar,0,29,117,4,150,0,9,169,0,178,0,38,286,4,328,312,0,312,640
11/17/2022,FTW,TX,ASW,CE,Towers with Radar,0,37,128,1,166,0,7,192,0,199,0,44,320,1,365,560,0,560,925
11/18/2022,FTW,TX,ASW,CE,Towers with Radar,1,24,121,2,148,0,4,131,2,137,1,28,252,4,285,304,0,304,589
11/19/2022,FTW,TX,ASW,CE,Towers with Radar,0,26,74,0,100,0,2,86,3,91,0,28,160,3,191,160,0,160,351
11/20/2022,FTW,TX,ASW,CE,Towers with Radar,2,38,116,4,160,0,0,102,0,102,2,38,218,4,262,74,0,74,336
11/21/2022,FTW,TX,ASW,CE,Towers with Radar,0,30,79,0,109,0,5,92,0,97,0,35,171,0,206,354,0,354,560
11/22/2022,FTW,TX,ASW,CE,Towers with Radar,2,36,130,2,170,0,0,68,3,71,2,36,198,5,241,180,4,184,425
11/23/2022,FTW,TX,ASW,CE,Towers with Radar,0,45,98,0,143,0,0,13,0,13,0,45,111,0,156,70,0,70,226
11/24/2022,FTW,TX,ASW,CE,Towers with Radar,2,4,14,0,20,0,0,0,0,0,2,4,14,0,20,0,0,0,20
11/25/2022,FTW,TX,ASW,CE,Towers with Radar,1,24,49,1,75,0,0,0,0,0,1,24,49,1,75,0,0,0,75
11/26/2022,FTW,TX,ASW,CE,Towers with Radar,4,103,128,0,235,0,1,8,0,9,4,104,136,0,244,0,0,0,244
11/27/2022,FTW,TX,ASW,CE,Towers with Radar,0,33,144,0,177,0,6,130,0,136,0,39,274,0,313,238,0,238,551
11/28/2022,FTW,TX,ASW,CE,Towers with Radar,1,20,71,1,93,0,3,187,4,194,1,23,258,5,287,370,0,370,657
11/29/2022,FTW,TX,ASW,CE,Towers with Radar,2,32,80,11,125,0,4,100,0,104,2,36,180,11,229,330,0,330,559
11/30/2022,FTW,TX,ASW,CE,Towers with Radar,2,28,116,5,151,0,8,193,2,203,2,36,309,7,354,476,0,476,830
12/01/2022,FTW,TX,ASW,CE,Towers with Radar,2,38,125,2,167,0,5,141,0,146,2,43,266,2,313,418,0,418,731
12/02/2022,FTW,TX,ASW,CE,Towers with Radar,0,40,94,4,138,0,2,38,1,41,0,42,132,5,179,80,2,82,261
12/03/2022,FTW,TX,ASW,CE,Towers with Radar,0,21,77,6,104,0,8,162,0,170,0,29,239,6,274,236,0,236,510
12/04/2022,FTW,TX,ASW,CE,Towers with Radar,0,34,122,1,157,0,9,34,1,44,0,43,156,2,201,102,0,102,303
12/05/2022,FTW,TX,ASW,CE,Towers with Radar,1,32,74,2,109,0,2,80,0,82,1,34,154,2,191,194,0,194,385
12/06/2022,FTW,TX,ASW,CE,Towers with Radar,0,55,129,8,192,0,1,163,5,169,0,56,292,13,361,570,4,574,935
12/07/2022,FTW,TX,ASW,CE,Towers with Radar,0,36,104,4,144,0,0,1,0,1,0,36,105,4,145,64,0,64,209
12/08/2022,FTW,TX,ASW,CE,Towers with Radar,1,43,121,4,169,0,0,41,2,43,1,43,162,6,212,324,0,324,536
12/09/2022,FTW,TX,ASW,CE,Towers with Radar,0,38,109,8,155,0,0,9,0,9,0,38,118,8,164,200,0,200,364
12/10/2022,FTW,TX,ASW,CE,Towers with Radar,0,32,37,0,69,0,0,0,0,0,0,32,37,0,69,0,0,0,69
12/11/2022,FTW,TX,ASW,CE,Towers with Radar,0,26,111,0,137,0,0,8,0,8,0,26,119,0,145,0,0,0,145
12/12/2022,FTW,TX,ASW,CE,Towers with Radar,0,19,94,4,117,0,0,2,0,2,0,19,96,4,119,10,0,10,129
12/13/2022,FTW,TX,ASW,CE,Towers with Radar,0,61,180,10,251,0,3,115,4,122,0,64,295,14,373,382,0,382,755
12/14/2022,FTW,TX,ASW,CE,Towers with Radar,1,46,117,4,168,0,24,209,5,238,1,70,326,9,406,348,24,372,778
12/15/2022,FTW,TX,ASW,CE,Towers with Radar,1,37,103,3,144,0,10,181,0,191,1,47,284,3,335,500,0,500,835
12/16/2022,FTW,TX,ASW,CE,Towers with Radar,0,32,88,22,142,0,4,195,1,200,0,36,283,23,342,572,0,572,914
12/17/2022,FTW,TX,ASW,CE,Towers with Radar,0,34,110,4,148,0,3,163,2,168,0,37,273,6,316,248,0,248,564
12/18/2022,FTW,TX,ASW,CE,Towers with Radar,1,28,61,3,93,0,2,83,2,87,1,30,144,5,180,165,0,165,345
12/19/2022,FTW,TX,ASW,CE,Towers with Radar,0,28,65,0,93,0,4,45,0,49,0,32,110,0,142,222,0,222,364
12/20/2022,FTW,TX,ASW,CE,Towers with Radar,0,36,80,1,117,0,1,82,1,84,0,37,162,2,201,412,0,412,613
12/21/2022,FTW,TX,ASW,CE,Towers with Radar,0,17,87,2,106,0,5,139,2,146,0,22,226,4,252,370,0,370,622
12/22/2022,FTW,TX,ASW,CE,Towers with Radar,0,12,43,0,55,0,0,1,0,1,0,12,44,0,56,0,0,0,56
12/23/2022,FTW,TX,ASW,CE,Towers with Radar,1,25,63,0,89,0,6,36,0,42,1,31,99,0,131,2,0,2,133
12/24/2022,FTW,TX,ASW,CE,Towers with Radar,0,11,15,0,26,0,4,45,0,49,0,15,60,0,75,106,0,106,181
12/25/2022,FTW,TX,ASW,CE,Towers with Radar,0,15,9,0,24,0,2,20,0,22,0,17,29,0,46,12,0,12,58
12/26/2022,FTW,TX,ASW,CE,Towers with Radar,0,30,81,0,111,0,3,118,0,121,0,33,199,0,232,86,0,86,318
12/27/2022,FTW,TX,ASW,CE,Towers with Radar,0,36,74,1,111,0,2,180,0,182,0,38,254,1,293,304,0,304,597
12/28/2022,FTW,TX,ASW,CE,Towers with Radar,1,25,54,0,80,0,0,109,0,109,1,25,163,0,189,84,0,84,273
12/29/2022,FTW,TX,ASW,CE,Towers with Radar,4,29,83,5,121,0,3,129,1,133,4,32,212,6,254,322,0,322,576
12/30/2022,FTW,TX,ASW,CE,Towers with Radar,0,25,94,0,119,0,1,131,0,132,0,26,225,0,251,370,0,370,621
12/31/2022,FTW,TX,ASW,CE,Towers with Radar,0,11,52,0,63,0,2,94,0,96,0,13,146,0,159,90,0,90,249
01/01/2023,FTW,TX,ASW,CE,Towers with Radar,3,32,75,0,110,0,1,37,0,38,3,33,112,0,148,48,0,48,196
01/02/2023,FTW,TX,ASW,CE,Towers with Radar,1,28,107,0,136,0,2,18,0,20,1,30,125,0,156,18,0,18,174
01/03/2023,FTW,TX,ASW,CE,Towers with Radar,2,39,83,0,124,0,5,152,2,159,2,44,235,2,283,274,0,274,557
01/04/2023,FTW,TX,ASW,CE,Towers with Radar,2,26,67,0,95,0,7,176,0,183,2,33,243,0,278,352,0,352,630
01/05/2023,FTW,TX,ASW,CE,Towers with Radar,0,18,81,1,100,0,10,143,0,153,0,28,224,1,253,480,0,480,733
01/06/2023,FTW,TX,ASW,CE,Towers with Radar,0,24,91,2,117,0,1,85,2,88,0,25,176,4,205,188,28,216,421
01/07/2023,FTW,TX,ASW,CE,Towers with Radar,5,23,76,4,108,0,3,92,0,95,5,26,168,4,203,44,0,44,247
01/08/2023,FTW,TX,ASW,CE,Towers with Radar,0,33,96,2,131,0,6,90,0,96,0,39,186,2,227,102,0,102,329
01/09/2023,FTW,TX,ASW,CE,Towers with Radar,0,31,81,4,116,0,5,116,0,121,0,36,197,4,237,354,0,354,591
01/10/2023,FTW,TX,ASW,CE,Towers with Radar,4,63,126,7,200,0,1,123,3,127,4,64,249,10,327,224,0,224,551
01/11/2023,FTW,TX,ASW,CE,Towers with Radar,2,38,69,5,114,0,8,88,3,99,2,46,157,8,213,246,0,246,459
01/12/2023,FTW,TX,ASW,CE,Towers with Radar,2,27,82,8,119,0,3,76,3,82,2,30,158,11,201,300,0,300,501
01/13/2023,FTW,TX,ASW,CE,Towers with Radar,1,34,66,6,107,0,3,195,3,201,1,37,261,9,308,404,0,404,712
01/14/2023,FTW,TX,ASW,CE,Towers with Radar,1,31,54,2,88,0,4,151,0,155,1,35,205,2,243,162,0,162,405
01/15/2023,FTW,TX,ASW,CE,Towers with Radar,0,32,50,2,84,0,1,24,0,25,0,33,74,2,109,0,0,0,109
01/16/2023,FTW,TX,ASW,CE,Towers with Radar,0,32,103,3,138,0,2,98,0,100,0,34,201,3,238,334,0,334,572
01/17/2023,FTW,TX,ASW,CE,Towers with Radar,0,28,98,2,128,0,4,169,1,174,0,32,267,3,302,494,0,494,796
01/18/2023,FTW,TX,ASW,CE,Towers with Radar,0,27,74,1,102,0,5,71,0,76,0,32,145,1,178,174,0,174,352
01/19/2023,FTW,TX,ASW,CE,Towers with Radar,0,28,92,2,122,0,16,147,0,163,0,44,239,2,285,530,0,530,815
01/20/2023,FTW,TX,ASW,CE,Towers with Radar,0,24,101,43,168,0,6,169,1,176,0,30,270,44,344,402,20,422,766
01/21/2023,FTW,TX,ASW,CE,Towers with Radar,2,15,58,26,101,0,4,70,3,77,2,19,128,29,178,74,48,122,300
01/22/2023,FTW,TX,ASW,CE,Towers with Radar,0,29,70,30,129,0,3,85,3,91,0,32,155,33,220,34,0,34,254
01/23/2023,FTW,TX,ASW,CE,Towers with Radar,2,15,74,4,95,0,4,166,1,171,2,19,240,5,266,442,0,442,708
01/24/2023,FTW,TX,ASW,CE,Towers with Radar,0,21,33,0,54,0,0,6,0,6,0,21,39,0,60,60,0,60,120
01/25/2023,FTW,TX,ASW,CE,Towers with Radar,1,32,82,0,115,0,8,95,3,106,1,40,177,3,221,275,0,275,496
01/26/2023,FTW,TX,ASW,CE,Towers with Radar,0,26,89,3,118,0,10,186,5,201,0,36,275,8,319,496,0,496,815
01/27/2023,FTW,TX,ASW,CE,Towers with Radar,2,28,92,13,135,0,3,136,1,140,2,31,228,14,275,304,0,304,579
01/28/2023,FTW,TX,ASW,CE,Towers with Radar,3,27,39,4,73,0,5,19,1,25,3,32,58,5,98,52,10,62,160
01/29/2023,FTW,TX,ASW,CE,Towers with Radar,0,18,87,10,115,0,0,2,0,2,0,18,89,10,117,22,0,22,139
01/30/2023,FTW,TX,ASW,CE,Towers with Radar,0,13,48,0,61,0,0,2,0,2,0,13,50,0,63,32,0,32,95
01/31/2023,FTW,TX,ASW,CE,Towers with Radar,0,7,10,0,17,0,0,0,0,0,0,7,10,0,17,0,0,0,17
02/01/2023,FTW,TX,ASW,CE,Towers with Radar,0,1,7,0,8,0,0,0,0,0,0,1,7,0,8,0,0,0,8
02/02/2023,FTW,TX,ASW,CE,Towers with Radar,0,38,35,0,73,0,0,0,0,0,0,38,35,0,73,0,0,0,73
02/03/2023,FTW,TX,ASW,CE,Towers with Radar,2,31,99,6,138,0,2,98,5,105,2,33,197,11,243,260,4,264,507
02/04/2023,FTW,TX,ASW,CE,Towers with Radar,0,21,48,5,74,0,1,89,0,90,0,22,137,5,164,190,4,194,358
02/05/2023,FTW,TX,ASW,CE,Towers with Radar,0,18,60,6,84,0,3,149,0,152,0,21,209,6,236,250,0,250,486
02/06/2023,FTW,TX,ASW,CE,Towers with Radar,0,27,70,1,98,0,4,47,2,53,0,31,117,3,151,278,0,278,429
02/07/2023,FTW,TX,ASW,CE,Towers with Radar,0,35,83,0,118,0,0,8,0,8,0,35,91,0,126,22,0,22,148
02/08/2023,FTW,TX,ASW,CE,Towers with Radar,0,41,84,0,125,0,2,13,0,15,0,43,97,0,140,118,0,118,258
02/09/2023,FTW,TX,ASW,CE,Towers with Radar,0,24,105,3,132,0,7,199,3,209,0,31,304,6,341,702,0,702,1043
02/10/2023,FTW,TX,ASW,CE,Towers with Radar,1,38,104,19,162,0,0,84,1,85,1,38,188,20,247,280,0,280,527
02/11/2023,FTW,TX,ASW,CE,Towers with Radar,0,13,54,27,94,0,3,130,8,141,0,16,184,35,235,266,12,278,513
02/12/2023,FTW,TX,ASW,CE,Towers with Radar,0,28,80,18,126,0,2,76,0,78,0,30,156,18,204,126,0,126,330
02/13/2023,FTW,TX,ASW,CE,Towers with Radar,0,36,92,3,131,0,9,152,2,163,0,45,244,5,294,426,0,426,720
02/14/2023,FTW,TX,ASW,CE,Towers with Radar,0,20,48,1,69,0,6,27,1,34,0,26,75,2,103,98,0,98,201
02/15/2023,FTW,TX,ASW,CE,Towers with Radar,0,30,103,28,161,0,13,113,2,128,0,43,216,30,289,228,22,250,539
02/16/2023,FTW,TX,ASW,CE,Towers with Radar,0,31,91,5,127,0,0,69,3,72,0,31,160,8,199,306,0,306,505
02/17/2023,FTW,TX,ASW,CE,Towers with Radar,4,33,103,0,140,0,4,194,0,198,4,37,297,0,338,452,0,452,790
02/18/2023,FTW,TX,ASW,CE,Towers with Radar,2,14,43,1,60,0,10,113,2,125,2,24,156,3,185,236,0,236,421
02/19/2023,FTW,TX,ASW,CE,Towers with Radar,0,16,65,0,81,0,5,79,1,85,0,21,144,1,166,94,0,94,260
02/20/2023,FTW,TX,ASW,CE,Towers with Radar,1,33,103,3,140,0,4,77,0,81,1,37,180,3,221,58,0,58,279
02/21/2023,FTW,TX,ASW,CE,Towers with Radar,0,27,98,0,125,0,1,138,1,140,0,28,236,1,265,276,0,276,541
02/22/2023,FTW,TX,ASW,CE,Towers with Radar,0,27,75,0,102,0,4,32,2,38,0,31,107,2,140,100,0,100,240
02/23/2023,FTW,TX,ASW,CE,Towers with Radar,0,30,134,1,165,0,4,189,0,193,0,34,323,1,358,594,0,594,952
02/24/2023,FTW,TX,ASW,CE,Towers with Radar,0,33,114,3,150,0,2,39,0,41,0,35,153,3,191,324,0,324,515
02/25/2023,FTW,TX,ASW,CE,Towers with Radar,0,17,58,2,77,0,2,7,0,9,0,19,65,2,86,0,0,0,86
02/26/2023,FTW,TX,ASW,CE,Towers with Radar,0,28,71,5,104,0,1,2,0,3,0,29,73,5,107,0,0,0,107
02/27/2023,FTW,TX,ASW,CE,Towers with Radar,0,23,98,9,130,0,3,132,0,135,0,26,230,9,265,208,0,208,473
02/28/2023,FTW,TX,ASW,CE,Towers with Radar,0,34,86,1,121,0,5,189,1,195,0,39,275,2,316,396,0,396,712
03/01/2023,FTW,TX,ASW,CE,Towers with Radar,0,46,109,0,155,0,4,57,1,62,0,50,166,1,217,310,0,310,527
03/02/2023,FTW,TX,ASW,CE,Towers with Radar,0,37,69,0,106,0,4,44,1,49,0,41,113,1,155,146,0,146,301
03/03/2023,FTW,TX,ASW,CE,Towers with Radar,3,30,99,8,140,0,6,138,0,144,3,36,237,8,284,328,0,328,612
03/04/2023,FTW,TX,ASW,CE,Towers with Radar,2,30,48,18,98,0,2,149,0,151,2,32,197,18,249,198,6,204,453
03/05/2023,FTW,TX,ASW,CE,Towers with Radar,3,25,53,9,90,0,8,94,0,102,3,33,147,9,192,138,5,143,335
03/06/2023,FTW,TX,ASW,CE,Towers with Radar,1,22,81,0,104,0,6,90,2,98,1,28,171,2,202,88,0,88,290
03/07/2023,FTW,TX,ASW,CE,Towers with Radar,1,35,99,0,135,0,4,41,0,45,1,39,140,0,180,184,0,184,364
03/08/2023,FTW,TX,ASW,CE,Towers with Radar,7,27,78,2,114,0,0,11,1,12,7,27,89,3,126,73,0,73,199
03/09/2023,FTW,TX,ASW,CE,Towers with Radar,2,34,85,0,121,0,0,11,0,11,2,34,96,0,132,20,0,20,152
03/10/2023,FTW,TX,ASW,CE,Towers with Radar,1,33,83,1,118,0,4,170,0,174,1,37,253,1,292,511,0,511,803
03/11/2023,FTW,TX,ASW,CE,Towers with Radar,2,36,104,9,151,0,2,44,1,47,2,38,148,10,198,38,10,48,246
03/12/2023,FTW,TX,ASW,CE,Towers with Radar,1,29,95,9,134,0,1,58,0,59,1,30,153,9,193,96,0,96,289
03/13/2023,FTW,TX,ASW,CE,Towers with Radar,1,28,75,0,104,0,8,160,0,168,1,36,235,0,272,394,0,394,666
03/14/2023,FTW,TX,ASW,CE,Towers with Radar,0,24,59,0,83,0,8,136,0,144,0,32,195,0,227,416,0,416,643
03/15/2023,FTW,TX,ASW,CE,Towers with Radar,3,33,94,3,133,0,4,113,3,120,3,37,207,6,253,350,0,350,603
03/16/2023,FTW,TX,ASW,CE,Towers with Radar,0,33,50,8,91,0,1,11,0,12,0,34,61,8,103,56,4,60,163
03/17/2023,FTW,TX,ASW,CE,Towers with Radar,0,29,84,12,125,0,2,101,0,103,0,31,185,12,228,242,2,244,472
03/18/2023,FTW,TX,ASW,CE,Towers with Radar,0,34,86,3,123,0,2,44,0,46,0,36,130,3,169,0,0,0,169
03/19/2023,FTW,TX,ASW,CE,Towers with Radar,1,44,80,5,130,0,2,35,0,37,1,46,115,5,167,0,0,0,167
03/20/2023,FTW,TX,ASW,CE,Towers with Radar,2,38,61,0,101,0,3,134,0,137,2,41,195,0,238,170,0,170,408
03/21/2023,FTW,TX,ASW,CE,Towers with Radar,0,25,70,2,97,0,3,14,0,17,0,28,84,2,114,194,0,194,308
03/22/2023,FTW,TX,ASW,CE,Towers with Radar,0,28,107,2,137,0,5,66,0,71,0,33,173,2,208,228,0,228,436
03/23/2023,FTW,TX,ASW,CE,Towers with Radar,0,40,87,1,128,0,1,65,3,69,0,41,152,4,197,180,0,180,377
03/24/2023,FTW,TX,ASW,CE,Towers with Radar,2,26,112,15,155,0,4,58,1,63,2,30,170,16,218,194,4,198,416
03/25/2023,FTW,TX,ASW,CE,Towers with Radar,0,23,49,2,74,0,1,117,1,119,0,24,166,3,193,164,0,164,357
03/26/2023,FTW,TX,ASW,CE,Towers with Radar,0,48,137,5,190,0,11,109,8,128,0,59,246,13,318,138,0,138,456
03/27/2023,FTW,TX,ASW,CE,Towers with Radar,1,25,65,2,93,0,6,141,1,148,1,31,206,3,241,374,0,374,615
03/28/2023,FTW,TX,ASW,CE,Towers with Radar,0,27,69,7,103,0,5,163,2,170,0,32,232,9,273,326,2,328,601
03/29/2023,FTW,TX,ASW,CE,Towers with Radar,0,34,78,1,113,0,3,146,0,149,0,37,224,1,262,586,0,586,848
03/30/2023,FTW,TX,ASW,CE,Towers with Radar,0,33,90,2,125,0,0,11,0,11,0,33,101,2,136,134,0,134,270
03/31/2023,FTW,TX,ASW,CE,Towers with Radar,0,33,77,6,116,0,1,24,2,27,0,34,101,8,143,32,0,32,175
04/01/2023,FTW,TX,ASW,CE,Towers with Radar,1,35,63,2,101,0,5,189,0,194,1,40,252,2,295,240,0,240,535
04/02/2023,FTW,TX,ASW,CE,Towers with Radar,0,29,88,5,122,0,2,24,0,26,0,31,112,5,148,86,0,86,234
04/03/2023,FTW,TX,ASW,CE,Towers with Radar,0,28,92,1,121,0,19,176,2,197,0,47,268,3,318,426,0,426,744
04/04/2023,FTW,TX,ASW,CE,Towers with Radar,0,21,64,4,89,0,0,42,3,45,0,21,106,7,134,308,0,308,442
04/05/2023,FTW,TX,ASW,CE,Towers with Radar,0,44,92,0,136,0,4,167,3,174,0,48,259,3,310,506,0,506,816
04/06/2023,FTW,TX,ASW,CE,Towers with Radar,1,36,110,5,152,0,10,145,1,156,1,46,255,6,308,420,0,420,728
04/07/2023,FTW,TX,ASW,CE,Towers with Radar,1,17,94,0,112,0,2,57,0,59,1,19,151,0,171,259,0,259,430
04/08/2023,FTW,TX,ASW,CE,Towers with Radar,0,28,43,3,74,0,0,82,0,82,0,28,125,3,156,200,0,200,356
04/09/2023,FTW,TX,ASW,CE,Towers with Radar,0,26,47,0,73,0,3,33,0,36,0,29,80,0,109,76,0,76,185
04/10/2023,FTW,TX,ASW,CE,Towers with Radar,0,50,93,1,144,0,2,107,1,110,0,52,200,2,254,376,6,382,636
04/11/2023,FTW,TX,ASW,CE,Towers with Radar,3,31,62,2,98,0,3,148,0,151,3,34,210,2,249,432,0,432,681
04/12/2023,FTW,TX,ASW,CE,Towers with Radar,0,33,84,3,120,0,4,196,4,204,0,37,280,7,324,398,0,398,722
04/13/2023,FTW,TX,ASW,CE,Towers with Radar,1,34,66,1,102,0,4,192,0,196,1,38,258,1,298,552,0,552,850
04/14/2023,FTW,TX,ASW,CE,Towers with Radar,0,25,89,33,147,0,7,65,4,76,0,32,154,37,223,86,4,90,313
04/15/2023,FTW,TX,ASW,CE,Towers with Radar,1,27,45,4,77,0,4,53,2,59,1,31,98,6,136,12,0,12,148
04/16/2023,FTW,TX,ASW,CE,Towers with Radar,3,30,75,13,121,0,6,109,2,117,3,36,184,15,238,290,0,290,528
04/17/2023,FTW,TX,ASW,CE,Towers with Radar,1,32,105,1,139,0,4,194,4,202,1,36,299,5,341,416,0,416,757
04/18/2023,FTW,TX,ASW,CE,Towers with Radar,0,32,77,2,111,0,5,64,0,69,0,37,141,2,180,269,0,269,449
04/19/2023,FTW,TX,ASW,CE,Towers with Radar,0,37,90,3,130,0,3,46,0,49,0,40,136,3,179,182,0,182,361
04/20/2023,FTW,TX,ASW,CE,Towers with Radar,0,27,85,0,112,0,2,43,0,45,0,29,128,0,157,36,0,36,193
04/21/2023,FTW,TX,ASW,CE,Towers with Radar,0,24,94,8,126,0,3,108,2,113,0,27,202,10,239,158,0,158,397
04/22/2023,FTW,TX,ASW,CE,Towers with Radar,0,19,62,7,88,0,142,324,0,466,0,161,386,7,554,90,0,90,644
04/23/2023,FTW,TX,ASW,CE,Towers with Radar,0,21,76,11,108,0,0,15,0,15,0,21,91,11,123,0,0,0,123
04/24/2023,FTW,TX,ASW,CE,Towers with Radar,0,27,86,7,120,0,3,161,3,167,0,30,247,10,287,276,0,276,563
04/25/2023,FTW,TX,ASW,CE,Towers with Radar,0,17,77,4,98,0,2,35,1,38,0,19,112,5,136,82,0,82,218
04/26/2023,FTW,TX,ASW,CE,Towers with Radar,0,17,64,1,82,0,0,5,0,5,0,17,69,1,87,28,0,28,115
04/27/2023,FTW,TX,ASW,CE,Towers with Radar,0,43,111,3,157,0,4,100,2,106,0,47,211,5,263,274,0,274,537
04/28/2023,FTW,TX,ASW,CE,Towers with Radar,0,42,85,0,127,0,2,66,0,68,0,44,151,0,195,126,0,126,321
04/29/2023,FTW,TX,ASW,CE,Towers with Radar,0,20,48,3,71,0,3,48,0,51,0,23,96,3,122,12,0,12,134
04/30/2023,FTW,TX,ASW,CE,Towers with Radar,0,20,61,1,82,0,4,102,0,106,0,24,163,1,188,94,0,94,282
05/01/2023,FTW,TX,ASW,CE,Towers with Radar,1,25,76,2,104,0,10,170,0,180,1,35,246,2,284,314,0,314,598
05/02/2023,FTW,TX,ASW,CE,Towers with Radar,0,27,79,0,106,0,2,123,0,125,0,29,202,0,231,244,0,244,475
05/03/2023,FTW,TX,ASW,CE,Towers with Radar,0,38,103,0,141,0,5,146,0,151,0,43,249,0,292,228,6,234,526
05/04/2023,FTW,TX,ASW,CE,Towers with Radar,0,36,82,1,119,0,3,110,2,115,0,39,192,3,234,328,0,328,562
05/05/2023,FTW,TX,ASW,CE,Towers with Radar,1,36,97,0,134,0,2,30,0,32,1,38,127,0,166,50,0,50,216
05/06/2023,FTW,TX,ASW,CE,Towers with Radar,1,20,47,0,68,0,0,22,1,23,1,20,69,1,91,0,0,0,91
05/07/2023,FTW,TX,ASW,CE,Towers with Radar,0,39,71,1,111,0,1,13,0,14,0,40,84,1,125,0,0,0,125
05/08/2023,FTW,TX,ASW,CE,Towers with Radar,1,29,77,2,109,0,2,107,0,109,1,31,184,2,218,344,0,344,562
05/09/2023,FTW,TX,ASW,CE,Towers with Radar,0,31,97,2,130,0,1,39,1,41,0,32,136,3,171,262,0,262,433
05/10/2023,FTW,TX,ASW,CE,Towers with Radar,0,34,110,1,145,0,0,21,1,22,0,34,131,2,167,94,0,94,261
05/11/2023,FTW,TX,ASW,CE,Towers with Radar,2,36,85,4,127,0,1,46,0,47,2,37,131,4,174,254,0,254,428
05/12/2023,FTW,TX,ASW,CE,Towers with Radar,0,38,104,0,142,0,3,54,0,57,0,41,158,0,199,348,0,348,547
05/13/2023,FTW,TX,ASW,CE,Towers with Radar,0,27,35,0,62,0,2,46,0,48,0,29,81,0,110,190,0,190,300
05/14/2023,FTW,TX,ASW,CE,Towers with Radar,0,33,53,0,86,0,0,7,0,7,0,33,60,0,93,166,0,166,259
05/15/2023,FTW,TX,ASW,CE,Towers with Radar,0,31,80,2,113,0,3,72,0,75,0,34,152,2,188,416,0,416,604
05/16/2023,FTW,TX,ASW,CE,Towers with Radar,3,31,112,1,147,0,4,181,0,185,3,35,293,1,332,500,0,500,832
05/17/2023,FTW,TX,ASW,CE,Towers with Radar,0,27,98,2,127,0,3,201,0,204,0,30,299,2,331,454,0,454,785
05/18/2023,FTW,TX,ASW,CE,Towers with Radar,0,26,105,0,131,0,2,173,0,175,0,28,278,0,306,574,0,574,880
05/19/2023,FTW,TX,ASW,CE,Towers with Radar,0,36,105,1,142,0,3,128,0,131,0,39,233,1,273,128,0,128,401
05/20/2023,FTW,TX,ASW,CE,Towers with Radar,0,28,56,8,92,0,4,65,4,73,0,32,121,12,165,180,0,180,345
05/21/2023,FTW,TX,ASW,CE,Towers with Radar,1,27,74,7,109,0,4,69,0,73,1,31,143,7,182,78,0,78,260
05/22/2023,FTW,TX,ASW,CE,Towers with Radar,0,34,81,0,115,0,1,108,0,109,0,35,189,0,224,432,0,432,656
05/23/2023,FTW,TX,ASW,CE,Towers with Radar,2,32,96,0,130,0,2,78,0,80,2,34,174,0,210,276,0,276,486
05/24/2023,FTW,TX,ASW,CE,Towers with Radar,1,28,97,2,128,0,1,99,4,104,1,29,196,6,232,380,4,384,616
05/25/2023,FTW,TX,ASW,CE,Towers with Radar,1,36,121,0,158,0,5,175,1,181,1,41,296,1,339,454,0,454,793
05/26/2023,FTW,TX,ASW,CE,Towers with Radar,1,39,69,3,112,0,4,156,1,161,1,43,225,4,273,350,0,350,623
05/27/2023,FTW,TX,ASW,CE,Towers with Radar,1,9,41,0,51,0,4,111,0,115,1,13,152,0,166,236,0,236,402
05/28/2023,FTW,TX,ASW,CE,Towers with Radar,0,20,36,0,56,0,3,48,0,51,0,23,84,0,107,84,0,84,191
05/29/2023,FTW,TX,ASW,CE,Towers with Radar,1,33,56,0,90,0,1,124,0,125,1,34,180,0,215,208,0,208,423
05/30/2023,FTW,TX,ASW,CE,Towers with Radar,0,28,88,0,116,0,6,151,1,158,0,34,239,1,274,360,0,360,634
05/31/2023,FTW,TX,ASW,CE,Towers with Radar,0,18,114,0,132,0,4,162,5,171,0,22,276,5,303,248,0,248,551
06/01/2023,FTW,TX,ASW,CE,Towers with Radar,0,18,99,2,119,0,3,151,0,154,0,21,250,2,273,344,0,344,617
06/02/2023,FTW,TX,ASW,CE,Towers with Radar,0,36,95,9,140,0,2,155,0,157,0,38,250,9,297,246,0,246,543
06/03/2023,FTW,TX,ASW,CE,Towers with Radar,0,25,50,3,78,0,0,68,1,69,0,25,118,4,147,40,0,40,187
06/04/2023,FTW,TX,ASW,CE,Towers with Radar,1,35,81,1,118,0,2,55,0,57,1,37,136,1,175,44,0,44,219
06/05/2023,FTW,TX,ASW,CE,Towers with Radar,1,29,70,3,103,0,2,150,4,156,1,31,220,7,259,450,0,450,709
06/06/2023,FTW,TX,ASW,CE,Towers with Radar,0,28,67,1,96,0,0,122,0,122,0,28,189,1,218,262,0,262,480
06/07/2023,FTW,TX,ASW,CE,Towers with Radar,2,33,79,2,116,0,2,142,0,144,2,35,221,2,260,348,0,348,608
06/08/2023,FTW,TX,ASW,CE,Towers with Radar,0,26,86,0,112,0,1,161,5,167,0,27,247,5,279,304,0,304,583
06/09/2023,FTW,TX,ASW,CE,Towers with Radar,1,26,60,15,102,0,6,174,0,180,1,32,234,15,282,386,0,386,668
06/10/2023,FTW,TX,ASW,CE,Towers with Radar,2,19,29,0,50,0,0,90,0,90,2,19,119,0,140,136,0,136,276
06/11/2023,FTW,TX,ASW,CE,Towers with Radar,3,30,63,3,99,0,4,96,2,102,3,34,159,5,201,84,0,84,285
06/12/2023,FTW,TX,ASW,CE,Towers with Radar,0,33,75,0,108,0,4,91,5,100,0,37,166,5,208,132,0,132,340
06/13/2023,FTW,TX,ASW,CE,Towers with Radar,1,32,92,2,127,0,0,11,2,13,1,32,103,4,140,132,6,138,278
06/14/2023,FTW,TX,ASW,CE,Towers with Radar,0,30,88,0,118,0,5,56,0,61,0,35,144,0,179,260,0,260,439
06/15/2023,FTW,TX,ASW,CE,Towers with Radar,0,29,86,0,115,0,5,84,0,89,0,34,170,0,204,264,0,264,468
06/16/2023,FTW,TX,ASW,CE,Towers with Radar,0,17,94,6,117,0,0,71,1,72,0,17,165,7,189,244,2,246,435
06/17/2023,FTW,TX,ASW,CE,Towers with Radar,0,18,50,1,69,0,4,65,0,69,0,22,115,1,138,260,0,260,398
06/18/2023,FTW,TX,ASW,CE,Towers with Radar,0,20,81,5,106,0,1,84,2,87,0,21,165,7,193,60,0,60,253
06/19/2023,FTW,TX,ASW,CE,Towers with Radar,0,33,91,4,128,0,2,168,0,170,0,35,259,4,298,260,0,260,558
06/20/2023,FTW,TX,ASW,CE,Towers with Radar,0,24,91,7,122,0,1,178,1,180,0,25,269,8,302,296,0,296,598
06/21/2023,FTW,TX,ASW,CE,Towers with Radar,0,20,98,2,120,0,2,102,1,105,0,22,200,3,225,204,0,204,429
06/22/2023,FTW,TX,ASW,CE,Towers with Radar,0,29,108,6,143,0,0,169,0,169,0,29,277,6,312,404,0,404,716
06/23/2023,FTW,TX,ASW,CE,Towers with Radar,0,31,92,5,128,0,2,57,1,60,0,33,149,6,188,134,0,134,322
06/24/2023,FTW,TX,ASW,CE,Towers with Radar,0,18,58,11,87,0,9,129,2,140,0,27,187,13,227,160,0,160,387
06/25/2023,FTW,TX,ASW,CE,Towers with Radar,0,41,92,11,144,0,2,84,2,88,0,43,176,13,232,22,0,22,254
06/26/2023,FTW,TX,ASW,CE,Towers with Radar,0,36,75,3,114,0,4,151,1,156,0,40,226,4,270,227,0,227,497
06/27/2023,FTW,TX,ASW,CE,Towers with Radar,0,41,98,0,139,0,5,135,2,142,0,46,233,2,281,236,0,236,517
06/28/2023,FTW,TX,ASW,CE,Towers with Radar,0,30,86,2,118,0,15,169,0,184,0,45,255,2,302,314,0,314,616
06/29/2023,FTW,TX,ASW,CE,Towers with Radar,0,38,99,1,138,0,1,154,1,156,0,39,253,2,294,322,0,322,616
06/30/2023,FTW,TX,ASW,CE,Towers with Radar,0,20,92,6,118,0,1,135,5,141,0,21,227,11,259,272,0,272,531
07/01/2023,FTW,TX,ASW,CE,Towers with Radar,0,29,51,0,80,0,0,76,0,76,0,29,127,0,156,100,0,100,256
07/02/2023,FTW,TX,ASW,CE,Towers with Radar,0,20,51,1,72,0,6,103,1,110,0,26,154,2,182,173,0,173,355
07/03/2023,FTW,TX,ASW,CE,Towers with Radar,0,5,48,1,54,0,7,137,1,145,0,12,185,2,199,224,0,224,423
07/04/2023,FTW,TX,ASW,CE,Towers with Radar,0,0,35,0,35,0,1,95,0,96,0,1,130,0,131,178,0,178,309
07/05/2023,FTW,TX,ASW,CE,Towers with Radar,0,18,83,2,103,0,2,127,0,129,0,20,210,2,232,180,0,180,412
07/06/2023,FTW,TX,ASW,CE,Towers with Radar,0,28,81,0,109,1,7,142,0,150,1,35,223,0,259,322,0,322,581
07/07/2023,FTW,TX,ASW,CE,Towers with Radar,1,24,75,24,124,0,4,179,4,187,1,28,254,28,311,345,10,355,666
07/08/2023,FTW,TX,ASW,CE,Towers with Radar,0,24,48,20,92,0,0,179,6,185,0,24,227,26,277,202,0,202,479
07/09/2023,FTW,TX,ASW,CE,Towers with Radar,0,29,75,21,125,0,0,76,2,78,0,29,151,23,203,48,0,48,251
07/10/2023,FTW,TX,ASW,CE,Towers with Radar,0,27,69,2,98,0,4,112,5,121,0,31,181,7,219,334,0,334,553
07/11/2023,FTW,TX,ASW,CE,Towers with Radar,1,40,77,2,120,0,3,114,0,117,1,43,191,2,237,372,0,372,609
07/12/2023,FTW,TX,ASW,CE,Towers with Radar,0,25,81,7,113,0,9,189,0,198,0,34,270,7,311,334,0,334,645
07/13/2023,FTW,TX,ASW,CE,Towers with Radar,0,27,84,1,112,0,1,152,1,154,0,28,236,2,266,358,0,358,624
07/14/2023,FTW,TX,ASW,CE,Towers with Radar,0,23,68,20,111,0,4,194,5,203,0,27,262,25,314,334,4,338,652
07/15/2023,FTW,TX,ASW,CE,Towers with Radar,0,18,59,17,94,0,4,88,0,92,0,22,147,17,186,98,1,99,285
07/16/2023,FTW,TX,ASW,CE,Towers with Radar,0,14,69,16,99,0,0,27,0,27,0,14,96,16,126,24,0,24,150
07/17/2023,FTW,TX,ASW,CE,Towers with Radar,0,38,71,1,110,0,0,159,0,159,0,38,230,1,269,220,0,220,489
07/18/2023,FTW,TX,ASW,CE,Towers with Radar,2,26,83,0,111,0,3,176,0,179,2,29,259,0,290,230,0,230,520
07/19/2023,FTW,TX,ASW,CE,Towers with Radar,0,23,126,1,150,0,4,148,2,154,0,27,274,3,304,314,0,314,618
07/20/2023,FTW,TX,ASW,CE,Towers with Radar,2,20,103,6,131,0,4,132,1,137,2,24,235,7,268,272,0,272,540
07/21/2023,FTW,TX,ASW,CE,Towers with Radar,0,27,79,7,113,0,0,145,1,146,0,27,224,8,259,200,0,200,459
07/22/2023,FTW,TX,ASW,CE,Towers with Radar,0,23,53,5,81,0,1,127,0,128,0,24,180,5,209,142,2,144,353
07/23/2023,FTW,TX,ASW,CE,Towers with Radar,1,23,54,4,82,0,3,161,0,164,1,26,215,4,246,342,0,342,588
07/24/2023,FTW,TX,ASW,CE,Towers with Radar,0,23,70,0,93,0,10,138,0,148,0,33,208,0,241,248,0,248,489
07/25/2023,FTW,TX,ASW,CE,Towers with Radar,0,21,75,2,98,0,1,129,2,132,0,22,204,4,230,144,0,144,374
07/26/2023,FTW,TX,ASW,CE,Towers with Radar,2,18,68,0,88,0,0,168,0,168,2,18,236,0,256,340,0,340,596
07/27/2023,FTW,TX,ASW,CE,Towers with Radar,0,28,77,2,107,0,3,195,1,199,0,31,272,3,306,450,10,460,766
07/28/2023,FTW,TX,ASW,CE,Towers with Radar,0,20,63,6,89,0,2,182,2,186,0,22,245,8,275,388,4,392,667
07/29/2023,FTW,TX,ASW,CE,Towers with Radar,0,13,44,0,57,0,0,123,0,123,0,13,167,0,180,284,0,284,464
07/30/2023,FTW,TX,ASW,CE,Towers with Radar,0,19,84,2,105,0,0,89,0,89,0,19,173,2,194,70,0,70,264
07/31/2023,FTW,TX,ASW,CE,Towers with Radar,0,23,76,1,100,0,5,128,1,134,0,28,204,2,234,314,0,314,548
08/01/2023,FTW,TX,ASW,CE,Towers with Radar,0,20,61,0,81,0,0,196,0,196,0,20,257,0,277,182,0,182,459
08/02/2023,FTW,TX,ASW,CE,Towers with Radar,1,30,79,2,112,0,0,183,0,183,1,30,262,2,295,348,0,348,643
08/03/2023,FTW,TX,ASW,CE,Towers with Radar,0,25,101,2,128,0,0,181,0,181,0,25,282,2,309,602,0,602,911
08/04/2023,FTW,TX,ASW,CE,Towers with Radar,1,38,82,5,126,0,1,166,0,167,1,39,248,5,293,400,0,400,693
08/05/2023,FTW,TX,ASW,CE,Towers with Radar,0,14,34,0,48,0,1,113,0,114,0,15,147,0,162,104,0,104,266
08/06/2023,FTW,TX,ASW,CE,Towers with Radar,0,22,71,3,96,0,4,73,1,78,0,26,144,4,174,166,0,166,340
08/07/2023,FTW,TX,ASW,CE,Towers with Radar,0,22,85,1,108,0,6,143,0,149,0,28,228,1,257,320,0,320,577
08/08/2023,FTW,TX,ASW,CE,Towers with Radar,0,24,79,0,103,0,0,145,0,145,0,24,224,0,248,386,0,386,634
08/09/2023,FTW,TX,ASW,CE,Towers with Radar,0,27,86,3,116,0,3,100,1,104,0,30,186,4,220,284,14,298,518
08/10/2023,FTW,TX,ASW,CE,Towers with Radar,0,18,113,0,131,0,2,133,0,135,0,20,246,0,266,108,0,108,374
08/11/2023,FTW,TX,ASW,CE,Towers with Radar,0,36,74,1,111,0,0,113,0,113,0,36,187,1,224,198,0,198,422
08/12/2023,FTW,TX,ASW,CE,Towers with Radar,0,16,58,5,79,0,2,69,0,71,0,18,127,5,150,73,0,73,223
08/13/2023,FTW,TX,ASW,CE,Towers with Radar,0,37,75,6,118,0,0,84,0,84,0,37,159,6,202,102,0,102,304
08/14/2023,FTW,TX,ASW,CE,Towers with Radar,0,28,72,2,102,0,2,149,0,151,0,30,221,2,253,318,0,318,571
08/15/2023,FTW,TX,ASW,CE,Towers with Radar,0,21,79,0,100,0,5,168,3,176,0,26,247,3,276,272,0,272,548
08/16/2023,FTW,TX,ASW,CE,Towers with Radar,0,34,101,0,135,0,3,162,3,168,0,37,263,3,303,452,0,452,755
08/17/2023,FTW,TX,ASW,CE,Towers with Radar,1,27,97,2,127,0,4,138,1,143,1,31,235,3,270,294,0,294,564
08/18/2023,FTW,TX,ASW,CE,Towers with Radar,0,25,67,7,99,0,2,143,0,145,0,27,210,7,244,356,0,356,600
08/19/2023,FTW,TX,ASW,CE,Towers with Radar,1,14,44,5,64,0,10,101,1,112,1,24,145,6,176,120,30,150,326
08/20/2023,FTW,TX,ASW,CE,Towers with Radar,0,29,72,2,103,0,3,91,0,94,0,32,163,2,197,60,0,60,257
08/21/2023,FTW,TX,ASW,CE,Towers with Radar,0,33,78,3,114,0,1,104,0,105,0,34,182,3,219,306,0,306,525
08/22/2023,FTW,TX,ASW,CE,Towers with Radar,0,20,72,0,92,0,5,149,0,154,0,25,221,0,246,316,0,316,562
08/23/2023,FTW,TX,ASW,CE,Towers with Radar,0,30,139,0,169,0,1,164,0,165,0,31,303,0,334,578,0,578,912
08/24/2023,FTW,TX,ASW,CE,Towers with Radar,0,45,91,0,136,0,7,193,2,202,0,52,284,2,338,566,8,574,912
08/25/2023,FTW,TX,ASW,CE,Towers with Radar,0,24,84,41,149,0,4,180,2,186,0,28,264,43,335,410,0,410,745
08/26/2023,FTW,TX,ASW,CE,Towers with Radar,0,9,47,14,70,0,0,109,3,112,0,9,156,17,182,154,6,160,342
08/27/2023,FTW,TX,ASW,CE,Towers with Radar,0,27,64,9,100,0,0,59,2,61,0,27,123,11,161,116,0,116,277
08/28/2023,FTW,TX,ASW,CE,Towers with Radar,0,22,54,0,76,0,2,168,3,173,0,24,222,3,249,250,0,250,499
08/29/2023,FTW,TX,ASW,CE,Towers with Radar,1,14,78,4,97,0,3,152,3,158,1,17,230,7,255,306,6,312,567
08/30/2023,FTW,TX,ASW,CE,Towers with Radar,0,30,82,5,117,0,0,181,1,182,0,30,263,6,299,620,0,620,919
08/31/2023,FTW,TX,ASW,CE,Towers with Radar,0,42,108,0,150,0,3,154,0,157,0,45,262,0,307,512,6,518,825
