01/01/2020,FWA,IN,AGL,CE,Combined TRACON& Tower with Radar,10,23,2,0,35,0,2,16,1,19,10,25,18,1,54,28,0,28,82
01/02/2020,FWA,IN,AGL,CE,Combined TRACON& Tower with Radar,26,34,5,0,65,0,0,27,7,34,26,34,32,7,99,26,2,28,127
01/03/2020,FWA,IN,AGL,CE,Combined TRACON& Tower with Radar,20,33,20,8,81,0,0,1,0,1,20,33,21,8,82,0,0,0,82
01/04/2020,FWA,IN,AGL,CE,Combined TRACON& Tower with Radar,19,26,6,0,51,0,0,1,0,1,19,26,7,0,52,0,0,0,52
01/05/2020,FWA,IN,AGL,CE,Combined TRACON& Tower with Radar,19,35,16,0,70,0,0,13,2,15,19,35,29,2,85,10,0,10,95
01/06/2020,FWA,IN,AGL,CE,Combined TRACON& Tower with Radar,18,29,19,1,67,0,0,33,1,34,18,29,52,2,101,8,0,8,109
01/07/2020,FWA,IN,AGL,CE,Combined TRACON& Tower with Radar,20,29,15,7,71,0,2,23,6,31,20,31,38,13,102,2,0,2,104
01/08/2020,FWA,IN,AGL,CE,Combined TRACON& Tower with Radar,20,29,10,7,66,0,2,20,5,27,20,31,30,12,93,14,0,14,107
01/09/2020,FWA,IN,AGL,CE,Combined TRACON& Tower with Radar,26,30,19,5,80,0,0,3,9,12,26,30,22,14,92,18,4,22,114
01/10/2020,FWA,IN,AGL,CE,Combined TRACON& Tower with Radar,18,35,20,18,91,0,0,0,0,0,18,35,20,18,91,0,0,0,91
01/11/2020,FWA,IN,AGL,CE,Combined TRACON& Tower with Radar,22,24,0,0,46,0,0,0,0,0,22,24,0,0,46,0,0,0,46
01/12/2020,FWA,IN,AGL,CE,Combined TRACON& Tower with Radar,18,33,13,15,79,0,0,0,3,3,18,33,13,18,82,0,0,0,82
01/13/2020,FWA,IN,AGL,CE,Combined TRACON& Tower with Radar,17,30,13,15,75,0,0,3,2,5,17,30,16,17,80,0,0,0,80
01/14/2020,FWA,IN,AGL,CE,Combined TRACON& Tower with Radar,23,31,24,14,92,0,0,1,1,2,23,31,25,15,94,8,0,8,102
01/15/2020,FWA,IN,AGL,CE,Combined TRACON& Tower with Radar,20,31,18,0,69,0,0,0,0,0,20,31,18,0,69,0,0,0,69
01/16/2020,FWA,IN,AGL,CE,Combined TRACON& Tower with Radar,26,30,20,0,76,0,0,10,0,10,26,30,30,0,86,2,0,2,88
01/17/2020,FWA,IN,AGL,CE,Combined TRACON& Tower with Radar,17,29,12,0,58,0,0,21,0,21,17,29,33,0,79,6,0,6,85
01/18/2020,FWA,IN,AGL,CE,Combined TRACON& Tower with Radar,20,22,5,0,47,0,0,0,0,0,20,22,5,0,47,0,0,0,47
01/19/2020,FWA,IN,AGL,CE,Combined TRACON& Tower with Radar,19,26,9,0,54,0,0,0,0,0,19,26,9,0,54,0,0,0,54
01/20/2020,FWA,IN,AGL,CE,Combined TRACON& Tower with Radar,18,27,23,0,68,0,0,12,0,12,18,27,35,0,80,50,0,50,130
01/21/2020,FWA,IN,AGL,CE,Combined TRACON& Tower with Radar,20,31,37,6,94,0,0,16,8,24,20,31,53,14,118,6,0,6,124
01/22/2020,FWA,IN,AGL,CE,Combined TRACON& Tower with Radar,20,29,10,4,63,0,2,23,8,33,20,31,33,12,96,4,0,4,100
01/23/2020,FWA,IN,AGL,CE,Combined TRACON& Tower with Radar,26,32,21,5,84,0,4,12,4,20,26,36,33,9,104,0,0,0,104
01/24/2020,FWA,IN,AGL,CE,Combined TRACON& Tower with Radar,20,36,26,2,84,0,0,0,0,0,20,36,26,2,84,0,0,0,84
01/25/2020,FWA,IN,AGL,CE,Combined TRACON& Tower with Radar,18,30,2,0,50,0,0,0,0,0,18,30,2,0,50,0,0,0,50
01/26/2020,FWA,IN,AGL,CE,Combined TRACON& Tower with Radar,18,30,9,0,57,0,0,0,0,0,18,30,9,0,57,0,0,0,57
01/27/2020,FWA,IN,AGL,CE,Combined TRACON& Tower with Radar,18,27,10,1,56,0,0,0,0,0,18,27,10,1,56,0,0,0,56
01/28/2020,FWA,IN,AGL,CE,Combined TRACON& Tower with Radar,20,27,17,1,65,0,0,0,0,0,20,27,17,1,65,0,0,0,65
01/29/2020,FWA,IN,AGL,CE,Combined TRACON& Tower with Radar,22,28,22,7,79,0,0,14,1,15,22,28,36,8,94,0,4,4,98
01/30/2020,FWA,IN,AGL,CE,Combined TRACON& Tower with Radar,26,31,27,3,87,0,2,16,1,19,26,33,43,4,106,8,4,12,118
01/31/2020,FWA,IN,AGL,CE,Combined TRACON& Tower with Radar,26,26,24,1,77,0,0,3,0,3,26,26,27,1,80,8,0,8,88
02/01/2020,FWA,IN,AGL,CE,Combined TRACON& Tower with Radar,18,26,8,1,53,0,0,1,0,1,18,26,9,1,54,0,0,0,54
02/02/2020,FWA,IN,AGL,CE,Combined TRACON& Tower with Radar,17,24,5,4,50,0,0,12,1,13,17,24,17,5,63,0,8,8,71
02/03/2020,FWA,IN,AGL,CE,Combined TRACON& Tower with Radar,19,30,35,0,84,0,2,38,0,40,19,32,73,0,124,22,0,22,146
02/04/2020,FWA,IN,AGL,CE,Combined TRACON& Tower with Radar,22,31,18,0,71,0,0,5,0,5,22,31,23,0,76,6,0,6,82
02/05/2020,FWA,IN,AGL,CE,Combined TRACON& Tower with Radar,19,27,15,0,61,0,0,7,0,7,19,27,22,0,68,0,0,0,68
02/06/2020,FWA,IN,AGL,CE,Combined TRACON& Tower with Radar,23,23,18,0,64,0,0,0,0,0,23,23,18,0,64,0,0,0,64
02/07/2020,FWA,IN,AGL,CE,Combined TRACON& Tower with Radar,22,27,22,0,71,0,0,20,0,20,22,27,42,0,91,18,0,18,109
02/08/2020,FWA,IN,AGL,CE,Combined TRACON& Tower with Radar,19,24,4,0,47,0,0,1,1,2,19,24,5,1,49,0,0,0,49
02/09/2020,FWA,IN,AGL,CE,Combined TRACON& Tower with Radar,20,30,12,0,62,0,0,7,0,7,20,30,19,0,69,0,0,0,69
02/10/2020,FWA,IN,AGL,CE,Combined TRACON& Tower with Radar,18,33,14,0,65,0,0,3,0,3,18,33,17,0,68,0,0,0,68
02/11/2020,FWA,IN,AGL,CE,Combined TRACON& Tower with Radar,22,33,30,0,85,0,4,44,1,49,22,37,74,1,134,26,0,26,160
02/12/2020,FWA,IN,AGL,CE,Combined TRACON& Tower with Radar,28,35,24,0,87,0,0,16,0,16,28,35,40,0,103,16,0,16,119
02/13/2020,FWA,IN,AGL,CE,Combined TRACON& Tower with Radar,26,27,16,2,71,0,1,0,1,2,26,28,16,3,73,0,0,0,73
02/14/2020,FWA,IN,AGL,CE,Combined TRACON& Tower with Radar,24,29,20,4,77,0,4,41,0,45,24,33,61,4,122,0,0,0,122
02/15/2020,FWA,IN,AGL,CE,Combined TRACON& Tower with Radar,28,20,1,0,49,0,0,9,0,9,28,20,10,0,58,0,0,0,58
02/16/2020,FWA,IN,AGL,CE,Combined TRACON& Tower with Radar,21,23,8,0,52,0,0,21,0,21,21,23,29,0,73,0,0,0,73
02/17/2020,FWA,IN,AGL,CE,Combined TRACON& Tower with Radar,21,25,17,0,63,0,0,14,0,14,21,25,31,0,77,28,0,28,105
02/18/2020,FWA,IN,AGL,CE,Combined TRACON& Tower with Radar,25,28,27,0,80,0,2,11,1,14,25,30,38,1,94,12,0,12,106
02/19/2020,FWA,IN,AGL,CE,Combined TRACON& Tower with Radar,26,31,25,2,84,0,4,32,0,36,26,35,57,2,120,18,0,18,138
02/20/2020,FWA,IN,AGL,CE,Combined TRACON& Tower with Radar,26,30,27,1,84,0,4,11,3,18,26,34,38,4,102,28,0,28,130
02/21/2020,FWA,IN,AGL,CE,Combined TRACON& Tower with Radar,21,32,26,2,81,0,0,46,2,48,21,32,72,4,129,38,0,38,167
02/22/2020,FWA,IN,AGL,CE,Combined TRACON& Tower with Radar,25,24,15,0,64,0,6,44,0,50,25,30,59,0,114,34,0,34,148
02/23/2020,FWA,IN,AGL,CE,Combined TRACON& Tower with Radar,20,31,5,0,56,0,0,19,1,20,20,31,24,1,76,18,0,18,94
02/24/2020,FWA,IN,AGL,CE,Combined TRACON& Tower with Radar,20,33,20,0,73,0,0,0,0,0,20,33,20,0,73,0,0,0,73
02/25/2020,FWA,IN,AGL,CE,Combined TRACON& Tower with Radar,23,28,15,0,66,0,0,0,0,0,23,28,15,0,66,0,0,0,66
02/26/2020,FWA,IN,AGL,CE,Combined TRACON& Tower with Radar,27,26,9,0,62,0,0,0,0,0,27,26,9,0,62,0,0,0,62
02/27/2020,FWA,IN,AGL,CE,Combined TRACON& Tower with Radar,27,35,19,2,83,0,0,4,0,4,27,35,23,2,87,4,0,4,91
02/28/2020,FWA,IN,AGL,CE,Combined TRACON& Tower with Radar,21,27,16,4,68,0,0,23,0,23,21,27,39,4,91,11,0,11,102
02/29/2020,FWA,IN,AGL,CE,Combined TRACON& Tower with Radar,25,24,9,0,58,0,3,26,1,30,25,27,35,1,88,10,0,10,98
03/01/2020,FWA,IN,AGL,CE,Combined TRACON& Tower with Radar,20,27,9,0,56,0,4,11,0,15,20,31,20,0,71,16,0,16,87
03/02/2020,FWA,IN,AGL,CE,Combined TRACON& Tower with Radar,21,36,19,0,76,0,0,4,0,4,21,36,23,0,80,8,0,8,88
03/03/2020,FWA,IN,AGL,CE,Combined TRACON& Tower with Radar,26,26,29,3,84,0,0,8,5,13,26,26,37,8,97,0,4,4,101
03/04/2020,FWA,IN,AGL,CE,Combined TRACON& Tower with Radar,30,30,17,9,86,0,2,18,5,25,30,32,35,14,111,20,18,38,149
03/05/2020,FWA,IN,AGL,CE,Combined TRACON& Tower with Radar,28,29,29,3,89,0,2,22,9,33,28,31,51,12,122,26,0,26,148
03/06/2020,FWA,IN,AGL,CE,Combined TRACON& Tower with Radar,24,40,20,9,93,0,0,2,7,9,24,40,22,16,102,6,0,6,108
03/07/2020,FWA,IN,AGL,CE,Combined TRACON& Tower with Radar,24,20,9,2,55,0,7,43,15,65,24,27,52,17,120,10,0,10,130
03/08/2020,FWA,IN,AGL,CE,Combined TRACON& Tower with Radar,18,29,17,1,65,0,0,24,16,40,18,29,41,17,105,0,0,0,105
03/09/2020,FWA,IN,AGL,CE,Combined TRACON& Tower with Radar,19,32,11,8,70,0,2,5,8,15,19,34,16,16,85,0,0,0,85
03/10/2020,FWA,IN,AGL,CE,Combined TRACON& Tower with Radar,27,32,22,10,91,0,0,10,0,10,27,32,32,10,101,4,2,6,107
03/11/2020,FWA,IN,AGL,CE,Combined TRACON& Tower with Radar,32,40,21,9,102,0,0,1,1,2,32,40,22,10,104,0,0,0,104
03/12/2020,FWA,IN,AGL,CE,Combined TRACON& Tower with Radar,28,32,18,9,87,0,0,0,4,4,28,32,18,13,91,0,6,6,97
03/13/2020,FWA,IN,AGL,CE,Combined TRACON& Tower with Radar,24,30,14,0,68,0,0,12,0,12,24,30,26,0,80,8,0,8,88
03/14/2020,FWA,IN,AGL,CE,Combined TRACON& Tower with Radar,24,25,7,0,56,0,0,11,2,13,24,25,18,2,69,2,0,2,71
03/15/2020,FWA,IN,AGL,CE,Combined TRACON& Tower with Radar,22,27,11,0,60,0,2,27,0,29,22,29,38,0,89,16,0,16,105
03/16/2020,FWA,IN,AGL,CE,Combined TRACON& Tower with Radar,20,32,12,1,65,0,2,7,0,9,20,34,19,1,74,10,0,10,84
03/17/2020,FWA,IN,AGL,CE,Combined TRACON& Tower with Radar,28,27,9,9,73,0,0,19,4,23,28,27,28,13,96,46,0,46,142
03/18/2020,FWA,IN,AGL,CE,Combined TRACON& Tower with Radar,34,30,9,8,81,0,0,3,7,10,34,30,12,15,91,0,26,26,117
03/19/2020,FWA,IN,AGL,CE,Combined TRACON& Tower with Radar,27,24,5,0,56,0,0,0,0,0,27,24,5,0,56,0,0,0,56
03/20/2020,FWA,IN,AGL,CE,Combined TRACON& Tower with Radar,25,23,13,11,72,0,0,2,0,2,25,23,15,11,74,0,0,0,74
03/21/2020,FWA,IN,AGL,CE,Combined TRACON& Tower with Radar,24,22,7,0,53,0,4,23,0,27,24,26,30,0,80,20,0,20,100
03/22/2020,FWA,IN,AGL,CE,Combined TRACON& Tower with Radar,20,23,5,0,48,0,2,24,0,26,20,25,29,0,74,30,0,30,104
03/23/2020,FWA,IN,AGL,CE,Combined TRACON& Tower with Radar,20,23,7,0,50,0,0,0,1,1,20,23,7,1,51,0,0,0,51
03/24/2020,FWA,IN,AGL,CE,Combined TRACON& Tower with Radar,26,23,10,3,62,0,0,1,1,2,26,23,11,4,64,0,0,0,64
03/25/2020,FWA,IN,AGL,CE,Combined TRACON& Tower with Radar,26,21,1,2,50,0,0,12,0,12,26,21,13,2,62,8,0,8,70
03/26/2020,FWA,IN,AGL,CE,Combined TRACON& Tower with Radar,25,23,10,6,64,0,0,2,4,6,25,23,12,10,70,0,10,10,80
03/27/2020,FWA,IN,AGL,CE,Combined TRACON& Tower with Radar,20,23,9,0,52,0,0,0,0,0,20,23,9,0,52,0,0,0,52
03/28/2020,FWA,IN,AGL,CE,Combined TRACON& Tower with Radar,22,23,0,0,45,0,0,0,0,0,22,23,0,0,45,0,0,0,45
03/29/2020,FWA,IN,AGL,CE,Combined TRACON& Tower with Radar,18,29,1,0,48,0,0,0,0,0,18,29,1,0,48,0,0,0,48
03/30/2020,FWA,IN,AGL,CE,Combined TRACON& Tower with Radar,15,23,9,0,47,0,0,0,0,0,15,23,9,0,47,4,0,4,51
03/31/2020,FWA,IN,AGL,CE,Combined TRACON& Tower with Radar,24,21,6,11,62,0,0,3,2,5,24,21,9,13,67,4,8,12,79
04/01/2020,FWA,IN,AGL,CE,Combined TRACON& Tower with Radar,22,16,6,8,52,0,0,5,0,5,22,16,11,8,57,0,0,0,57
04/02/2020,FWA,IN,AGL,CE,Combined TRACON& Tower with Radar,22,10,2,9,43,0,0,14,2,16,22,10,16,11,59,30,4,34,93
04/03/2020,FWA,IN,AGL,CE,Combined TRACON& Tower with Radar,16,12,11,2,41,0,0,16,5,21,16,12,27,7,62,6,0,6,68
04/04/2020,FWA,IN,AGL,CE,Combined TRACON& Tower with Radar,16,8,2,2,28,0,0,2,0,2,16,8,4,2,30,0,0,0,30
04/05/2020,FWA,IN,AGL,CE,Combined TRACON& Tower with Radar,15,13,5,0,33,0,0,9,0,9,15,13,14,0,42,34,0,34,76
04/06/2020,FWA,IN,AGL,CE,Combined TRACON& Tower with Radar,13,9,5,0,27,0,0,9,0,9,13,9,14,0,36,10,0,10,46
04/07/2020,FWA,IN,AGL,CE,Combined TRACON& Tower with Radar,19,21,7,3,50,0,0,5,5,10,19,21,12,8,60,0,4,4,64
04/08/2020,FWA,IN,AGL,CE,Combined TRACON& Tower with Radar,17,8,7,5,37,0,0,16,5,21,17,8,23,10,58,30,0,30,88
04/09/2020,FWA,IN,AGL,CE,Combined TRACON& Tower with Radar,25,10,4,5,44,0,0,1,4,5,25,10,5,9,49,0,2,2,51
04/10/2020,FWA,IN,AGL,CE,Combined TRACON& Tower with Radar,17,12,0,3,32,0,0,4,4,8,17,12,4,7,40,2,4,6,46
04/11/2020,FWA,IN,AGL,CE,Combined TRACON& Tower with Radar,14,10,14,0,38,0,0,17,0,17,14,10,31,0,55,0,0,0,55
04/12/2020,FWA,IN,AGL,CE,Combined TRACON& Tower with Radar,12,10,1,0,23,0,0,2,0,2,12,10,3,0,25,0,0,0,25
04/13/2020,FWA,IN,AGL,CE,Combined TRACON& Tower with Radar,16,12,10,0,38,0,0,0,0,0,16,12,10,0,38,4,0,4,42
04/14/2020,FWA,IN,AGL,CE,Combined TRACON& Tower with Radar,18,9,4,2,33,0,0,15,2,17,18,9,19,4,50,4,8,12,62
04/15/2020,FWA,IN,AGL,CE,Combined TRACON& Tower with Radar,20,6,2,2,30,0,0,2,0,2,20,6,4,2,32,0,0,0,32
04/16/2020,FWA,IN,AGL,CE,Combined TRACON& Tower with Radar,21,6,4,1,32,0,0,10,7,17,21,6,14,8,49,22,4,26,75
04/17/2020,FWA,IN,AGL,CE,Combined TRACON& Tower with Radar,14,7,4,3,28,0,0,0,0,0,14,7,4,3,28,0,0,0,28
04/18/2020,FWA,IN,AGL,CE,Combined TRACON& Tower with Radar,12,11,4,4,31,0,1,12,3,16,12,12,16,7,47,4,0,4,51
04/19/2020,FWA,IN,AGL,CE,Combined TRACON& Tower with Radar,8,6,4,3,21,0,0,8,5,13,8,6,12,8,34,6,4,10,44
04/20/2020,FWA,IN,AGL,CE,Combined TRACON& Tower with Radar,12,6,17,9,44,0,0,2,1,3,12,6,19,10,47,14,0,14,61
04/21/2020,FWA,IN,AGL,CE,Combined TRACON& Tower with Radar,16,8,11,3,38,0,0,7,5,12,16,8,18,8,50,4,4,8,58
04/22/2020,FWA,IN,AGL,CE,Combined TRACON& Tower with Radar,18,7,3,6,34,0,0,9,5,14,18,7,12,11,48,0,2,2,50
04/23/2020,FWA,IN,AGL,CE,Combined TRACON& Tower with Radar,18,15,1,0,34,0,0,1,4,5,18,15,2,4,39,0,0,0,39
04/24/2020,FWA,IN,AGL,CE,Combined TRACON& Tower with Radar,18,5,12,0,35,0,0,19,0,19,18,5,31,0,54,38,0,38,92
04/25/2020,FWA,IN,AGL,CE,Combined TRACON& Tower with Radar,11,8,7,0,26,0,0,7,0,7,11,8,14,0,33,18,0,18,51
04/26/2020,FWA,IN,AGL,CE,Combined TRACON& Tower with Radar,8,5,4,0,17,0,0,7,0,7,8,5,11,0,24,0,0,0,24
04/27/2020,FWA,IN,AGL,CE,Combined TRACON& Tower with Radar,14,4,15,0,33,0,0,43,0,43,14,4,58,0,76,14,0,14,90
04/28/2020,FWA,IN,AGL,CE,Combined TRACON& Tower with Radar,12,6,8,4,30,0,0,18,4,22,12,6,26,8,52,22,0,22,74
04/29/2020,FWA,IN,AGL,CE,Combined TRACON& Tower with Radar,18,5,7,4,34,0,1,1,5,7,18,6,8,9,41,0,0,0,41
04/30/2020,FWA,IN,AGL,CE,Combined TRACON& Tower with Radar,18,8,8,6,40,0,0,2,0,2,18,8,10,6,42,2,0,2,44
05/01/2020,FWA,IN,AGL,CE,Combined TRACON& Tower with Radar,16,7,26,11,60,0,0,37,2,39,16,7,63,13,99,10,0,10,109
05/02/2020,FWA,IN,AGL,CE,Combined TRACON& Tower with Radar,8,8,0,0,16,0,0,22,5,27,8,8,22,5,43,14,0,14,57
05/03/2020,FWA,IN,AGL,CE,Combined TRACON& Tower with Radar,10,3,3,4,20,0,0,22,4,26,10,3,25,8,46,6,0,6,52
05/04/2020,FWA,IN,AGL,CE,Combined TRACON& Tower with Radar,18,8,19,5,50,0,0,30,3,33,18,8,49,8,83,12,0,12,95
05/05/2020,FWA,IN,AGL,CE,Combined TRACON& Tower with Radar,12,5,8,2,27,0,0,5,2,7,12,5,13,4,34,6,0,6,40
05/06/2020,FWA,IN,AGL,CE,Combined TRACON& Tower with Radar,13,5,4,5,27,0,0,27,3,30,13,5,31,8,57,4,0,4,61
05/07/2020,FWA,IN,AGL,CE,Combined TRACON& Tower with Radar,15,8,6,6,35,0,1,14,2,17,15,9,20,8,52,2,0,2,54
05/08/2020,FWA,IN,AGL,CE,Combined TRACON& Tower with Radar,13,10,9,0,32,0,0,3,0,3,13,10,12,0,35,0,0,0,35
05/09/2020,FWA,IN,AGL,CE,Combined TRACON& Tower with Radar,13,4,7,0,24,0,0,14,0,14,13,4,21,0,38,0,0,0,38
05/10/2020,FWA,IN,AGL,CE,Combined TRACON& Tower with Radar,8,6,3,0,17,0,0,0,0,0,8,6,3,0,17,0,0,0,17
05/11/2020,FWA,IN,AGL,CE,Combined TRACON& Tower with Radar,12,7,4,0,23,0,0,11,0,11,12,7,15,0,34,16,0,16,50
05/12/2020,FWA,IN,AGL,CE,Combined TRACON& Tower with Radar,14,4,21,3,42,0,0,16,5,21,14,4,37,8,63,34,4,38,101
05/13/2020,FWA,IN,AGL,CE,Combined TRACON& Tower with Radar,14,11,9,1,35,0,0,24,9,33,14,11,33,10,68,18,0,18,86
05/14/2020,FWA,IN,AGL,CE,Combined TRACON& Tower with Radar,21,6,2,2,31,0,0,0,2,2,21,6,2,4,33,0,0,0,33
05/15/2020,FWA,IN,AGL,CE,Combined TRACON& Tower with Radar,14,8,4,6,32,0,0,4,1,5,14,8,8,7,37,0,0,0,37
05/16/2020,FWA,IN,AGL,CE,Combined TRACON& Tower with Radar,10,5,17,0,32,0,0,16,0,16,10,5,33,0,48,0,0,0,48
05/17/2020,FWA,IN,AGL,CE,Combined TRACON& Tower with Radar,10,5,4,0,19,0,0,0,0,0,10,5,4,0,19,0,0,0,19
05/18/2020,FWA,IN,AGL,CE,Combined TRACON& Tower with Radar,11,7,4,2,24,0,0,2,0,2,11,7,6,2,26,0,0,0,26
05/19/2020,FWA,IN,AGL,CE,Combined TRACON& Tower with Radar,15,14,17,2,48,0,0,0,0,0,15,14,17,2,48,0,0,0,48
05/20/2020,FWA,IN,AGL,CE,Combined TRACON& Tower with Radar,14,6,27,2,49,0,0,11,5,16,14,6,38,7,65,12,2,14,79
05/21/2020,FWA,IN,AGL,CE,Combined TRACON& Tower with Radar,18,13,21,4,56,0,0,13,7,20,18,13,34,11,76,4,0,4,80
05/22/2020,FWA,IN,AGL,CE,Combined TRACON& Tower with Radar,14,6,44,0,64,0,0,7,0,7,14,6,51,0,71,8,0,8,79
05/23/2020,FWA,IN,AGL,CE,Combined TRACON& Tower with Radar,16,5,15,0,36,0,4,6,0,10,16,9,21,0,46,4,0,4,50
05/24/2020,FWA,IN,AGL,CE,Combined TRACON& Tower with Radar,10,5,0,0,15,0,2,14,0,16,10,7,14,0,31,6,0,6,37
05/25/2020,FWA,IN,AGL,CE,Combined TRACON& Tower with Radar,8,5,8,0,21,0,0,8,0,8,8,5,16,0,29,0,0,0,29
05/26/2020,FWA,IN,AGL,CE,Combined TRACON& Tower with Radar,12,5,13,3,33,0,0,15,6,21,12,5,28,9,54,0,0,0,54
05/27/2020,FWA,IN,AGL,CE,Combined TRACON& Tower with Radar,14,11,8,3,36,0,0,15,5,20,14,11,23,8,56,10,0,10,66
05/28/2020,FWA,IN,AGL,CE,Combined TRACON& Tower with Radar,18,13,27,7,65,0,0,0,1,1,18,13,27,8,66,0,0,0,66
05/29/2020,FWA,IN,AGL,CE,Combined TRACON& Tower with Radar,14,8,22,8,52,0,0,21,3,24,14,8,43,11,76,12,0,12,88
05/30/2020,FWA,IN,AGL,CE,Combined TRACON& Tower with Radar,14,6,11,0,31,0,4,43,0,47,14,10,54,0,78,44,0,44,122
05/31/2020,FWA,IN,AGL,CE,Combined TRACON& Tower with Radar,10,5,12,0,27,0,0,37,0,37,10,5,49,0,64,12,0,12,76
06/01/2020,FWA,IN,AGL,CE,Combined TRACON& Tower with Radar,12,8,11,0,31,0,0,38,0,38,12,8,49,0,69,12,0,12,81
06/02/2020,FWA,IN,AGL,CE,Combined TRACON& Tower with Radar,14,4,11,5,34,0,0,22,9,31,14,4,33,14,65,14,0,14,79
06/03/2020,FWA,IN,AGL,CE,Combined TRACON& Tower with Radar,17,10,7,8,42,0,0,14,2,16,17,10,21,10,58,4,0,4,62
06/04/2020,FWA,IN,AGL,CE,Combined TRACON& Tower with Radar,17,7,4,4,32,0,0,32,11,43,17,7,36,15,75,36,6,42,117
06/05/2020,FWA,IN,AGL,CE,Combined TRACON& Tower with Radar,20,10,15,13,58,0,0,32,7,39,20,10,47,20,97,16,0,16,113
06/06/2020,FWA,IN,AGL,CE,Combined TRACON& Tower with Radar,20,8,14,0,42,0,2,27,0,29,20,10,41,0,71,26,0,26,97
06/07/2020,FWA,IN,AGL,CE,Combined TRACON& Tower with Radar,10,13,10,4,37,0,2,30,2,34,10,15,40,6,71,34,0,34,105
06/08/2020,FWA,IN,AGL,CE,Combined TRACON& Tower with Radar,16,6,11,0,33,0,4,26,0,30,16,10,37,0,63,38,0,38,101
06/09/2020,FWA,IN,AGL,CE,Combined TRACON& Tower with Radar,14,12,17,5,48,0,0,20,7,27,14,12,37,12,75,8,0,8,83
06/10/2020,FWA,IN,AGL,CE,Combined TRACON& Tower with Radar,18,10,8,5,41,0,0,0,2,2,18,10,8,7,43,2,0,2,45
06/11/2020,FWA,IN,AGL,CE,Combined TRACON& Tower with Radar,19,8,20,5,52,0,1,35,7,43,19,9,55,12,95,42,0,42,137
06/12/2020,FWA,IN,AGL,CE,Combined TRACON& Tower with Radar,20,6,23,7,56,0,6,48,7,61,20,12,71,14,117,10,2,12,129
06/13/2020,FWA,IN,AGL,CE,Combined TRACON& Tower with Radar,20,5,13,0,38,0,6,35,0,41,20,11,48,0,79,28,0,28,107
06/14/2020,FWA,IN,AGL,CE,Combined TRACON& Tower with Radar,12,9,18,2,41,0,0,26,16,42,12,9,44,18,83,26,0,26,109
06/15/2020,FWA,IN,AGL,CE,Combined TRACON& Tower with Radar,17,8,16,8,49,0,2,38,8,48,17,10,54,16,97,16,0,16,113
06/16/2020,FWA,IN,AGL,CE,Combined TRACON& Tower with Radar,15,5,8,9,37,0,0,41,11,52,15,5,49,20,89,16,4,20,109
06/17/2020,FWA,IN,AGL,CE,Combined TRACON& Tower with Radar,17,5,18,8,48,0,2,39,8,49,17,7,57,16,97,24,6,30,127
06/18/2020,FWA,IN,AGL,CE,Combined TRACON& Tower with Radar,18,13,17,4,52,0,0,44,12,56,18,13,61,16,108,60,12,72,180
06/19/2020,FWA,IN,AGL,CE,Combined TRACON& Tower with Radar,19,8,18,0,45,0,0,46,0,46,19,8,64,0,91,24,0,24,115
06/20/2020,FWA,IN,AGL,CE,Combined TRACON& Tower with Radar,19,5,11,0,35,0,6,17,0,23,19,11,28,0,58,52,0,52,110
06/21/2020,FWA,IN,AGL,CE,Combined TRACON& Tower with Radar,13,5,8,0,26,0,4,7,0,11,13,9,15,0,37,46,0,46,83
06/22/2020,FWA,IN,AGL,CE,Combined TRACON& Tower with Radar,17,15,17,0,49,0,0,16,0,16,17,15,33,0,65,2,0,2,67
06/23/2020,FWA,IN,AGL,CE,Combined TRACON& Tower with Radar,15,8,6,8,37,0,0,18,3,21,15,8,24,11,58,6,0,6,64
06/24/2020,FWA,IN,AGL,CE,Combined TRACON& Tower with Radar,18,9,19,7,53,0,4,33,12,49,18,13,52,19,102,16,0,16,118
06/25/2020,FWA,IN,AGL,CE,Combined TRACON& Tower with Radar,19,13,19,8,59,0,2,26,7,35,19,15,45,15,94,8,0,8,102
06/26/2020,FWA,IN,AGL,CE,Combined TRACON& Tower with Radar,19,17,15,5,56,2,0,8,10,20,21,17,23,15,76,8,0,8,84
06/27/2020,FWA,IN,AGL,CE,Combined TRACON& Tower with Radar,20,7,6,0,33,0,0,9,2,11,20,7,15,2,44,0,0,0,44
06/28/2020,FWA,IN,AGL,CE,Combined TRACON& Tower with Radar,12,11,15,0,38,0,4,12,0,16,12,15,27,0,54,24,0,24,78
06/29/2020,FWA,IN,AGL,CE,Combined TRACON& Tower with Radar,18,8,9,0,35,0,2,17,0,19,18,10,26,0,54,6,0,6,60
06/30/2020,FWA,IN,AGL,CE,Combined TRACON& Tower with Radar,15,4,12,4,35,0,0,15,2,17,15,4,27,6,52,20,0,20,72
07/01/2020,FWA,IN,AGL,CE,Combined TRACON& Tower with Radar,21,10,13,9,53,0,2,27,6,35,21,12,40,15,88,42,2,44,132
07/02/2020,FWA,IN,AGL,CE,Combined TRACON& Tower with Radar,20,15,7,3,45,0,6,52,6,64,20,21,59,9,109,22,0,22,131
07/03/2020,FWA,IN,AGL,CE,Combined TRACON& Tower with Radar,18,13,17,0,48,0,5,28,0,33,18,18,45,0,81,16,0,16,97
07/04/2020,FWA,IN,AGL,CE,Combined TRACON& Tower with Radar,17,7,1,0,25,0,0,13,3,16,17,7,14,3,41,2,0,2,43
07/05/2020,FWA,IN,AGL,CE,Combined TRACON& Tower with Radar,11,13,8,0,32,0,4,9,2,15,11,17,17,2,47,18,0,18,65
07/06/2020,FWA,IN,AGL,CE,Combined TRACON& Tower with Radar,18,11,11,0,40,0,4,20,1,25,18,15,31,1,65,24,0,24,89
07/07/2020,FWA,IN,AGL,CE,Combined TRACON& Tower with Radar,17,19,6,5,47,0,0,15,8,23,17,19,21,13,70,2,6,8,78
07/08/2020,FWA,IN,AGL,CE,Combined TRACON& Tower with Radar,21,21,12,4,58,0,2,17,6,25,21,23,29,10,83,2,0,2,85
07/09/2020,FWA,IN,AGL,CE,Combined TRACON& Tower with Radar,23,17,16,6,62,0,4,31,8,43,23,21,47,14,105,36,2,38,143
07/10/2020,FWA,IN,AGL,CE,Combined TRACON& Tower with Radar,22,19,5,7,53,0,0,10,8,18,22,19,15,15,71,20,0,20,91
07/11/2020,FWA,IN,AGL,CE,Combined TRACON& Tower with Radar,21,19,7,0,47,0,2,29,0,31,21,21,36,0,78,14,0,14,92
07/12/2020,FWA,IN,AGL,CE,Combined TRACON& Tower with Radar,13,19,3,0,35,0,2,17,0,19,13,21,20,0,54,16,0,16,70
07/13/2020,FWA,IN,AGL,CE,Combined TRACON& Tower with Radar,21,16,19,4,60,0,0,51,9,60,21,16,70,13,120,14,0,14,134
07/14/2020,FWA,IN,AGL,CE,Combined TRACON& Tower with Radar,16,17,25,13,71,0,2,38,11,51,16,19,63,24,122,18,4,22,144
07/15/2020,FWA,IN,AGL,CE,Combined TRACON& Tower with Radar,20,28,16,16,80,0,2,32,8,42,20,30,48,24,122,36,0,36,158
07/16/2020,FWA,IN,AGL,CE,Combined TRACON& Tower with Radar,21,22,21,17,81,0,0,13,1,14,21,22,34,18,95,0,0,0,95
07/17/2020,FWA,IN,AGL,CE,Combined TRACON& Tower with Radar,22,22,16,0,60,0,5,19,0,24,22,27,35,0,84,8,0,8,92
07/18/2020,FWA,IN,AGL,CE,Combined TRACON& Tower with Radar,21,23,10,0,54,0,6,17,0,23,21,29,27,0,77,60,0,60,137
07/19/2020,FWA,IN,AGL,CE,Combined TRACON& Tower with Radar,14,22,11,0,47,0,2,6,0,8,14,24,17,0,55,0,0,0,55
07/20/2020,FWA,IN,AGL,CE,Combined TRACON& Tower with Radar,19,19,7,0,45,0,10,23,1,34,19,29,30,1,79,40,0,40,119
07/21/2020,FWA,IN,AGL,CE,Combined TRACON& Tower with Radar,17,25,10,8,60,0,0,25,8,33,17,25,35,16,93,0,2,2,95
07/22/2020,FWA,IN,AGL,CE,Combined TRACON& Tower with Radar,23,19,9,8,59,0,14,7,0,21,23,33,16,8,80,54,0,54,134
07/23/2020,FWA,IN,AGL,CE,Combined TRACON& Tower with Radar,22,18,33,17,90,0,10,25,9,44,22,28,58,26,134,64,10,74,208
07/24/2020,FWA,IN,AGL,CE,Combined TRACON& Tower with Radar,24,15,18,7,64,0,0,25,5,30,24,15,43,12,94,6,0,6,100
07/25/2020,FWA,IN,AGL,CE,Combined TRACON& Tower with Radar,21,17,16,0,54,0,6,41,0,47,21,23,57,0,101,34,0,34,135
07/26/2020,FWA,IN,AGL,CE,Combined TRACON& Tower with Radar,13,23,11,0,47,0,10,18,0,28,13,33,29,0,75,30,0,30,105
07/27/2020,FWA,IN,AGL,CE,Combined TRACON& Tower with Radar,18,22,10,0,50,0,0,4,0,4,18,22,14,0,54,2,0,2,56
07/28/2020,FWA,IN,AGL,CE,Combined TRACON& Tower with Radar,19,27,24,14,84,0,16,28,6,50,19,43,52,20,134,60,16,76,210
07/29/2020,FWA,IN,AGL,CE,Combined TRACON& Tower with Radar,19,16,10,7,52,0,17,32,7,56,19,33,42,14,108,128,4,132,240
07/30/2020,FWA,IN,AGL,CE,Combined TRACON& Tower with Radar,25,21,13,9,68,0,5,19,7,31,25,26,32,16,99,8,2,10,109
07/31/2020,FWA,IN,AGL,CE,Combined TRACON& Tower with Radar,23,19,12,2,56,0,8,30,12,50,23,27,42,14,106,30,2,32,138
08/01/2020,FWA,IN,AGL,CE,Combined TRACON& Tower with Radar,23,19,10,0,52,0,0,0,0,0,23,19,10,0,52,0,0,0,52
08/02/2020,FWA,IN,AGL,CE,Combined TRACON& Tower with Radar,14,22,17,1,54,0,2,8,1,11,14,24,25,2,65,40,0,40,105
08/03/2020,FWA,IN,AGL,CE,Combined TRACON& Tower with Radar,20,24,12,6,62,0,0,35,6,41,20,24,47,12,103,30,0,30,133
08/04/2020,FWA,IN,AGL,CE,Combined TRACON& Tower with Radar,18,22,26,5,71,0,8,7,5,20,18,30,33,10,91,0,0,0,91
08/05/2020,FWA,IN,AGL,CE,Combined TRACON& Tower with Radar,20,25,14,6,65,0,29,38,3,70,20,54,52,9,135,46,0,46,181
08/06/2020,FWA,IN,AGL,CE,Combined TRACON& Tower with Radar,22,20,21,5,68,0,2,25,7,34,22,22,46,12,102,26,6,32,134
08/07/2020,FWA,IN,AGL,CE,Combined TRACON& Tower with Radar,24,20,8,0,52,0,12,29,0,41,24,32,37,0,93,50,0,50,143
08/08/2020,FWA,IN,AGL,CE,Combined TRACON& Tower with Radar,20,22,9,0,51,0,6,26,0,32,20,28,35,0,83,32,0,32,115
08/09/2020,FWA,IN,AGL,CE,Combined TRACON& Tower with Radar,14,21,9,0,44,0,3,12,0,15,14,24,21,0,59,36,0,36,95
08/10/2020,FWA,IN,AGL,CE,Combined TRACON& Tower with Radar,20,23,13,0,56,0,3,15,2,20,20,26,28,2,76,22,0,22,98
08/11/2020,FWA,IN,AGL,CE,Combined TRACON& Tower with Radar,20,23,23,8,74,0,0,18,3,21,20,23,41,11,95,20,0,20,115
08/12/2020,FWA,IN,AGL,CE,Combined TRACON& Tower with Radar,19,26,34,5,84,0,5,21,6,32,19,31,55,11,116,24,0,24,140
08/13/2020,FWA,IN,AGL,CE,Combined TRACON& Tower with Radar,23,21,38,1,83,0,12,26,3,41,23,33,64,4,124,0,0,0,124
08/14/2020,FWA,IN,AGL,CE,Combined TRACON& Tower with Radar,26,22,17,6,71,0,4,36,8,48,26,26,53,14,119,10,2,12,131
08/15/2020,FWA,IN,AGL,CE,Combined TRACON& Tower with Radar,20,20,24,2,66,0,0,17,2,19,20,20,41,4,85,22,0,22,107
08/16/2020,FWA,IN,AGL,CE,Combined TRACON& Tower with Radar,13,20,8,1,42,0,6,15,4,25,13,26,23,5,67,40,0,40,107
08/17/2020,FWA,IN,AGL,CE,Combined TRACON& Tower with Radar,23,22,4,0,49,0,0,28,0,28,23,22,32,0,77,46,0,46,123
08/18/2020,FWA,IN,AGL,CE,Combined TRACON& Tower with Radar,19,24,29,7,79,0,2,32,5,39,19,26,61,12,118,14,0,14,132
08/19/2020,FWA,IN,AGL,CE,Combined TRACON& Tower with Radar,20,22,15,2,59,0,0,34,11,45,20,22,49,13,104,22,0,22,126
08/20/2020,FWA,IN,AGL,CE,Combined TRACON& Tower with Radar,24,23,15,4,66,0,0,48,10,58,24,23,63,14,124,24,6,30,154
08/21/2020,FWA,IN,AGL,CE,Combined TRACON& Tower with Radar,22,22,22,0,66,0,0,27,12,39,22,22,49,12,105,12,0,12,117
08/22/2020,FWA,IN,AGL,CE,Combined TRACON& Tower with Radar,13,21,13,6,53,0,4,21,0,25,13,25,34,6,78,18,0,18,96
08/23/2020,FWA,IN,AGL,CE,Combined TRACON& Tower with Radar,17,23,26,0,66,0,2,35,0,37,17,25,61,0,103,20,0,20,123
08/24/2020,FWA,IN,AGL,CE,Combined TRACON& Tower with Radar,17,22,18,0,57,0,2,37,0,39,17,24,55,0,96,20,0,20,116
08/25/2020,FWA,IN,AGL,CE,Combined TRACON& Tower with Radar,25,21,17,15,78,0,1,24,8,33,25,22,41,23,111,6,4,10,121
08/26/2020,FWA,IN,AGL,CE,Combined TRACON& Tower with Radar,21,25,22,5,73,0,0,21,8,29,21,25,43,13,102,4,4,8,110
08/27/2020,FWA,IN,AGL,CE,Combined TRACON& Tower with Radar,24,23,15,9,71,0,0,19,3,22,24,23,34,12,93,2,0,2,95
08/28/2020,FWA,IN,AGL,CE,Combined TRACON& Tower with Radar,25,26,19,0,70,0,0,5,4,9,25,26,24,4,79,10,2,12,91
08/29/2020,FWA,IN,AGL,CE,Combined TRACON& Tower with Radar,15,19,18,0,52,0,8,15,0,23,15,27,33,0,75,48,0,48,123
08/30/2020,FWA,IN,AGL,CE,Combined TRACON& Tower with Radar,16,23,33,0,72,0,2,31,0,33,16,25,64,0,105,14,0,14,119
08/31/2020,FWA,IN,AGL,CE,Combined TRACON& Tower with Radar,20,22,19,0,61,0,2,37,0,39,20,24,56,0,100,24,0,24,124
09/01/2020,FWA,IN,AGL,CE,Combined TRACON& Tower with Radar,20,18,17,10,65,0,0,11,4,15,20,18,28,14,80,22,0,22,102
09/02/2020,FWA,IN,AGL,CE,Combined TRACON& Tower with Radar,20,18,19,10,67,0,2,11,3,16,20,20,30,13,83,28,3,31,114
09/03/2020,FWA,IN,AGL,CE,Combined TRACON& Tower with Radar,24,18,19,0,61,0,2,28,1,31,24,20,47,1,92,12,0,12,104
09/04/2020,FWA,IN,AGL,CE,Combined TRACON& Tower with Radar,22,28,29,0,79,0,4,31,0,35,22,32,60,0,114,40,0,40,154
09/05/2020,FWA,IN,AGL,CE,Combined TRACON& Tower with Radar,16,18,9,0,43,0,0,18,0,18,16,18,27,0,61,2,0,2,63
09/06/2020,FWA,IN,AGL,CE,Combined TRACON& Tower with Radar,16,18,4,0,38,0,0,6,0,6,16,18,10,0,44,18,0,18,62
09/07/2020,FWA,IN,AGL,CE,Combined TRACON& Tower with Radar,19,17,12,1,49,0,0,1,0,1,19,17,13,1,50,0,0,0,50
09/08/2020,FWA,IN,AGL,CE,Combined TRACON& Tower with Radar,19,24,10,7,60,0,0,17,1,18,19,24,27,8,78,40,0,40,118
09/09/2020,FWA,IN,AGL,CE,Combined TRACON& Tower with Radar,17,24,15,2,58,0,8,25,1,34,17,32,40,3,92,0,0,0,92
09/10/2020,FWA,IN,AGL,CE,Combined TRACON& Tower with Radar,24,15,35,0,74,0,0,1,0,1,24,15,36,0,75,36,0,36,111
09/11/2020,FWA,IN,AGL,CE,Combined TRACON& Tower with Radar,25,23,29,0,77,0,3,16,1,20,25,26,45,1,97,4,0,4,101
09/12/2020,FWA,IN,AGL,CE,Combined TRACON& Tower with Radar,16,28,25,0,69,0,0,5,4,9,16,28,30,4,78,0,0,0,78
09/13/2020,FWA,IN,AGL,CE,Combined TRACON& Tower with Radar,20,25,12,0,57,0,2,14,8,24,20,27,26,8,81,20,4,24,105
09/14/2020,FWA,IN,AGL,CE,Combined TRACON& Tower with Radar,25,16,10,2,53,0,14,43,2,59,25,30,53,4,112,60,0,60,172
09/15/2020,FWA,IN,AGL,CE,Combined TRACON& Tower with Radar,21,18,25,11,75,0,12,36,1,49,21,30,61,12,124,66,2,68,192
09/16/2020,FWA,IN,AGL,CE,Combined TRACON& Tower with Radar,19,18,20,8,65,0,10,30,8,48,19,28,50,16,113,34,0,34,147
09/17/2020,FWA,IN,AGL,CE,Combined TRACON& Tower with Radar,26,19,20,3,68,0,8,18,1,27,26,27,38,4,95,32,0,32,127
09/18/2020,FWA,IN,AGL,CE,Combined TRACON& Tower with Radar,26,26,17,26,95,0,8,28,8,44,26,34,45,34,139,60,16,76,215
09/19/2020,FWA,IN,AGL,CE,Combined TRACON& Tower with Radar,15,18,10,0,43,0,6,30,1,37,15,24,40,1,80,30,0,30,110
09/20/2020,FWA,IN,AGL,CE,Combined TRACON& Tower with Radar,18,19,11,6,54,0,2,42,0,44,18,21,53,6,98,10,0,10,108
09/21/2020,FWA,IN,AGL,CE,Combined TRACON& Tower with Radar,21,15,11,2,49,0,10,28,0,38,21,25,39,2,87,52,0,52,139
09/22/2020,FWA,IN,AGL,CE,Combined TRACON& Tower with Radar,19,17,14,3,53,0,8,16,9,33,19,25,30,12,86,38,4,42,128
09/23/2020,FWA,IN,AGL,CE,Combined TRACON& Tower with Radar,19,18,10,4,51,0,4,43,5,52,19,22,53,9,103,48,0,48,151
09/24/2020,FWA,IN,AGL,CE,Combined TRACON& Tower with Radar,30,18,27,5,80,0,14,24,6,44,30,32,51,11,124,72,0,72,196
09/25/2020,FWA,IN,AGL,CE,Combined TRACON& Tower with Radar,23,22,12,11,68,0,8,33,8,49,23,30,45,19,117,30,14,44,161
09/26/2020,FWA,IN,AGL,CE,Combined TRACON& Tower with Radar,14,23,36,0,73,0,0,2,0,2,14,23,38,0,75,4,0,4,79
09/27/2020,FWA,IN,AGL,CE,Combined TRACON& Tower with Radar,19,15,15,0,49,0,2,9,0,11,19,17,24,0,60,4,0,4,64
09/28/2020,FWA,IN,AGL,CE,Combined TRACON& Tower with Radar,23,17,32,0,72,0,0,8,0,8,23,17,40,0,80,0,0,0,80
09/29/2020,FWA,IN,AGL,CE,Combined TRACON& Tower with Radar,18,16,25,4,63,0,6,26,14,46,18,22,51,18,109,72,0,72,181
09/30/2020,FWA,IN,AGL,CE,Combined TRACON& Tower with Radar,20,20,14,7,61,0,4,9,2,15,20,24,23,9,76,28,2,30,106
10/01/2020,FWA,IN,AGL,CE,Combined TRACON& Tower with Radar,24,19,10,5,58,0,0,12,2,14,24,19,22,7,72,26,2,28,100
10/02/2020,FWA,IN,AGL,CE,Combined TRACON& Tower with Radar,23,18,14,5,60,0,6,40,5,51,23,24,54,10,111,44,0,44,155
10/03/2020,FWA,IN,AGL,CE,Combined TRACON& Tower with Radar,20,21,8,0,49,0,2,26,0,28,20,23,34,0,77,36,0,36,113
10/04/2020,FWA,IN,AGL,CE,Combined TRACON& Tower with Radar,17,17,7,0,41,0,2,4,0,6,17,19,11,0,47,20,0,20,67
10/05/2020,FWA,IN,AGL,CE,Combined TRACON& Tower with Radar,22,18,15,0,55,0,16,31,0,47,22,34,46,0,102,90,0,90,192
10/06/2020,FWA,IN,AGL,CE,Combined TRACON& Tower with Radar,18,14,16,6,54,0,12,18,2,32,18,26,34,8,86,104,0,104,190
10/07/2020,FWA,IN,AGL,CE,Combined TRACON& Tower with Radar,21,20,19,9,69,0,14,15,4,33,21,34,34,13,102,38,10,48,150
10/08/2020,FWA,IN,AGL,CE,Combined TRACON& Tower with Radar,25,17,32,3,77,0,6,43,6,55,25,23,75,9,132,66,0,66,198
10/09/2020,FWA,IN,AGL,CE,Combined TRACON& Tower with Radar,24,17,12,0,53,0,2,35,0,37,24,19,47,0,90,40,0,40,130
10/10/2020,FWA,IN,AGL,CE,Combined TRACON& Tower with Radar,24,14,15,0,53,0,0,43,0,43,24,14,58,0,96,74,0,74,170
10/11/2020,FWA,IN,AGL,CE,Combined TRACON& Tower with Radar,19,15,19,0,53,0,0,17,0,17,19,15,36,0,70,0,0,0,70
10/12/2020,FWA,IN,AGL,CE,Combined TRACON& Tower with Radar,20,15,9,0,44,0,0,1,0,1,20,15,10,0,45,0,0,0,45
10/13/2020,FWA,IN,AGL,CE,Combined TRACON& Tower with Radar,21,15,22,4,62,0,4,36,4,44,21,19,58,8,106,42,0,42,148
10/14/2020,FWA,IN,AGL,CE,Combined TRACON& Tower with Radar,19,13,19,7,58,0,2,17,13,32,19,15,36,20,90,32,16,48,138
10/15/2020,FWA,IN,AGL,CE,Combined TRACON& Tower with Radar,25,14,23,14,76,0,6,14,8,28,25,20,37,22,104,32,2,34,138
10/16/2020,FWA,IN,AGL,CE,Combined TRACON& Tower with Radar,24,16,23,19,82,0,0,31,13,44,24,16,54,32,126,22,16,38,164
10/17/2020,FWA,IN,AGL,CE,Combined TRACON& Tower with Radar,25,16,7,6,54,0,2,13,3,18,25,18,20,9,72,14,0,14,86
10/18/2020,FWA,IN,AGL,CE,Combined TRACON& Tower with Radar,16,19,7,4,46,0,2,10,9,21,16,21,17,13,67,46,14,60,127
10/19/2020,FWA,IN,AGL,CE,Combined TRACON& Tower with Radar,20,22,21,22,85,0,0,2,0,2,20,22,23,22,87,0,0,0,87
10/20/2020,FWA,IN,AGL,CE,Combined TRACON& Tower with Radar,25,14,28,7,74,0,0,8,0,8,25,14,36,7,82,0,0,0,82
10/21/2020,FWA,IN,AGL,CE,Combined TRACON& Tower with Radar,20,30,24,10,84,0,0,22,4,26,20,30,46,14,110,18,0,18,128
10/22/2020,FWA,IN,AGL,CE,Combined TRACON& Tower with Radar,28,21,30,7,86,0,2,15,1,18,28,23,45,8,104,0,0,0,104
10/23/2020,FWA,IN,AGL,CE,Combined TRACON& Tower with Radar,24,20,21,4,69,0,3,4,1,8,24,23,25,5,77,6,0,6,83
10/24/2020,FWA,IN,AGL,CE,Combined TRACON& Tower with Radar,20,16,15,1,52,0,5,46,7,58,20,21,61,8,110,16,4,20,130
10/25/2020,FWA,IN,AGL,CE,Combined TRACON& Tower with Radar,16,19,17,6,58,0,6,10,3,19,16,25,27,9,77,8,0,8,85
10/26/2020,FWA,IN,AGL,CE,Combined TRACON& Tower with Radar,19,18,20,2,59,0,0,17,0,17,19,18,37,2,76,90,0,90,166
10/27/2020,FWA,IN,AGL,CE,Combined TRACON& Tower with Radar,21,19,18,5,63,0,0,1,7,8,21,19,19,12,71,30,0,30,101
10/28/2020,FWA,IN,AGL,CE,Combined TRACON& Tower with Radar,18,17,16,5,56,0,8,45,13,66,18,25,61,18,122,106,0,106,228
10/29/2020,FWA,IN,AGL,CE,Combined TRACON& Tower with Radar,23,18,19,5,65,0,2,7,4,13,23,20,26,9,78,8,0,8,86
10/30/2020,FWA,IN,AGL,CE,Combined TRACON& Tower with Radar,23,19,23,8,73,0,2,41,4,47,23,21,64,12,120,34,0,34,154
10/31/2020,FWA,IN,AGL,CE,Combined TRACON& Tower with Radar,10,18,18,0,46,0,4,29,0,33,10,22,47,0,79,24,0,24,103
11/01/2020,FWA,IN,AGL,CE,Combined TRACON& Tower with Radar,16,18,14,0,48,0,0,1,0,1,16,18,15,0,49,0,0,0,49
11/02/2020,FWA,IN,AGL,CE,Combined TRACON& Tower with Radar,20,20,23,0,63,0,3,24,1,28,20,23,47,1,91,72,0,72,163
11/03/2020,FWA,IN,AGL,CE,Combined TRACON& Tower with Radar,21,14,12,2,49,0,2,46,8,56,21,16,58,10,105,28,4,32,137
11/04/2020,FWA,IN,AGL,CE,Combined TRACON& Tower with Radar,21,26,12,7,66,0,4,38,4,46,21,30,50,11,112,44,8,52,164
11/05/2020,FWA,IN,AGL,CE,Combined TRACON& Tower with Radar,26,26,27,2,81,0,8,31,12,51,26,34,58,14,132,22,2,24,156
11/06/2020,FWA,IN,AGL,CE,Combined TRACON& Tower with Radar,22,30,26,8,86,0,1,35,5,41,22,31,61,13,127,36,8,44,171
11/07/2020,FWA,IN,AGL,CE,Combined TRACON& Tower with Radar,17,19,4,1,41,0,4,40,7,51,17,23,44,8,92,40,0,40,132
11/08/2020,FWA,IN,AGL,CE,Combined TRACON& Tower with Radar,17,21,17,2,57,0,4,27,8,39,17,25,44,10,96,26,4,30,126
11/09/2020,FWA,IN,AGL,CE,Combined TRACON& Tower with Radar,23,16,22,0,61,0,2,36,0,38,23,18,58,0,99,28,0,28,127
11/10/2020,FWA,IN,AGL,CE,Combined TRACON& Tower with Radar,17,21,24,5,67,0,0,8,4,12,17,21,32,9,79,26,0,26,105
11/11/2020,FWA,IN,AGL,CE,Combined TRACON& Tower with Radar,20,17,37,0,74,0,0,9,0,9,20,17,46,0,83,4,0,4,87
11/12/2020,FWA,IN,AGL,CE,Combined TRACON& Tower with Radar,22,17,20,3,62,0,11,58,7,76,22,28,78,10,138,56,0,56,194
11/13/2020,FWA,IN,AGL,CE,Combined TRACON& Tower with Radar,22,16,23,2,63,0,0,21,2,23,22,16,44,4,86,24,0,24,110
11/14/2020,FWA,IN,AGL,CE,Combined TRACON& Tower with Radar,17,18,5,2,42,0,0,26,3,29,17,18,31,5,71,34,0,34,105
11/15/2020,FWA,IN,AGL,CE,Combined TRACON& Tower with Radar,16,19,7,0,42,0,0,1,0,1,16,19,8,0,43,0,0,0,43
11/16/2020,FWA,IN,AGL,CE,Combined TRACON& Tower with Radar,24,18,13,6,61,0,2,9,2,13,24,20,22,8,74,18,0,18,92
11/17/2020,FWA,IN,AGL,CE,Combined TRACON& Tower with Radar,15,17,12,6,50,0,0,8,5,13,15,17,20,11,63,6,0,6,69
11/18/2020,FWA,IN,AGL,CE,Combined TRACON& Tower with Radar,17,18,11,6,52,0,2,28,3,33,17,20,39,9,85,42,2,44,129
11/19/2020,FWA,IN,AGL,CE,Combined TRACON& Tower with Radar,28,18,21,7,74,0,0,5,6,11,28,18,26,13,85,2,0,2,87
11/20/2020,FWA,IN,AGL,CE,Combined TRACON& Tower with Radar,23,29,16,0,68,0,4,25,0,29,23,33,41,0,97,18,0,18,115
11/21/2020,FWA,IN,AGL,CE,Combined TRACON& Tower with Radar,19,25,8,0,52,0,2,19,0,21,19,27,27,0,73,38,0,38,111
11/22/2020,FWA,IN,AGL,CE,Combined TRACON& Tower with Radar,17,23,10,0,50,0,0,0,0,0,17,23,10,0,50,0,0,0,50
11/23/2020,FWA,IN,AGL,CE,Combined TRACON& Tower with Radar,17,23,13,2,55,0,2,36,0,38,17,25,49,2,93,34,0,34,127
11/24/2020,FWA,IN,AGL,CE,Combined TRACON& Tower with Radar,27,24,15,5,71,0,0,1,3,4,27,24,16,8,75,6,0,6,81
11/25/2020,FWA,IN,AGL,CE,Combined TRACON& Tower with Radar,30,24,26,0,80,0,0,0,0,0,30,24,26,0,80,0,0,0,80
11/26/2020,FWA,IN,AGL,CE,Combined TRACON& Tower with Radar,2,10,9,0,21,0,0,0,0,0,2,10,9,0,21,0,0,0,21
11/27/2020,FWA,IN,AGL,CE,Combined TRACON& Tower with Radar,18,16,18,0,52,0,0,20,0,20,18,16,38,0,72,36,0,36,108
11/28/2020,FWA,IN,AGL,CE,Combined TRACON& Tower with Radar,18,28,16,0,62,0,2,49,1,52,18,30,65,1,114,42,0,42,156
11/29/2020,FWA,IN,AGL,CE,Combined TRACON& Tower with Radar,23,26,20,0,69,0,2,21,0,23,23,28,41,0,92,34,0,34,126
11/30/2020,FWA,IN,AGL,CE,Combined TRACON& Tower with Radar,23,25,12,0,60,0,0,0,0,0,23,25,12,0,60,0,0,0,60
12/01/2020,FWA,IN,AGL,CE,Combined TRACON& Tower with Radar,18,20,13,9,60,0,0,3,6,9,18,20,16,15,69,16,0,16,85
12/02/2020,FWA,IN,AGL,CE,Combined TRACON& Tower with Radar,16,19,15,5,55,0,6,36,5,47,16,25,51,10,102,40,0,40,142
12/03/2020,FWA,IN,AGL,CE,Combined TRACON& Tower with Radar,22,19,21,7,69,0,6,13,7,26,22,25,34,14,95,46,0,46,141
12/04/2020,FWA,IN,AGL,CE,Combined TRACON& Tower with Radar,20,26,16,9,71,0,4,16,4,24,20,30,32,13,95,12,4,16,111
12/05/2020,FWA,IN,AGL,CE,Combined TRACON& Tower with Radar,12,16,12,3,43,0,2,17,4,23,12,18,29,7,66,80,2,82,148
12/06/2020,FWA,IN,AGL,CE,Combined TRACON& Tower with Radar,14,21,21,3,59,0,0,18,5,23,14,21,39,8,82,28,0,28,110
12/07/2020,FWA,IN,AGL,CE,Combined TRACON& Tower with Radar,18,20,19,13,70,0,4,22,0,26,18,24,41,13,96,48,0,48,144
12/08/2020,FWA,IN,AGL,CE,Combined TRACON& Tower with Radar,14,17,16,14,61,0,2,12,0,14,14,19,28,14,75,28,0,28,103
12/09/2020,FWA,IN,AGL,CE,Combined TRACON& Tower with Radar,15,20,16,6,57,0,10,15,1,26,15,30,31,7,83,10,0,10,93
12/10/2020,FWA,IN,AGL,CE,Combined TRACON& Tower with Radar,25,22,23,9,79,0,6,42,0,48,25,28,65,9,127,18,0,18,145
12/11/2020,FWA,IN,AGL,CE,Combined TRACON& Tower with Radar,20,24,18,0,62,0,0,16,0,16,20,24,34,0,78,38,0,38,116
12/12/2020,FWA,IN,AGL,CE,Combined TRACON& Tower with Radar,13,16,9,8,46,0,0,0,2,2,13,16,9,10,48,0,0,0,48
12/13/2020,FWA,IN,AGL,CE,Combined TRACON& Tower with Radar,15,21,8,6,50,0,0,1,2,3,15,21,9,8,53,0,0,0,53
12/14/2020,FWA,IN,AGL,CE,Combined TRACON& Tower with Radar,18,21,26,0,65,0,0,12,0,12,18,21,38,0,77,2,0,2,79
12/15/2020,FWA,IN,AGL,CE,Combined TRACON& Tower with Radar,14,17,20,5,56,0,4,42,7,53,14,21,62,12,109,2,10,12,121
12/16/2020,FWA,IN,AGL,CE,Combined TRACON& Tower with Radar,15,20,16,0,51,0,0,0,0,0,15,20,16,0,51,0,0,0,51
12/17/2020,FWA,IN,AGL,CE,Combined TRACON& Tower with Radar,21,25,16,9,71,0,0,3,3,6,21,25,19,12,77,6,0,6,83
12/18/2020,FWA,IN,AGL,CE,Combined TRACON& Tower with Radar,22,24,20,5,71,0,0,20,7,27,22,24,40,12,98,10,2,12,110
12/19/2020,FWA,IN,AGL,CE,Combined TRACON& Tower with Radar,22,31,5,0,58,0,0,4,0,4,22,31,9,0,62,10,0,10,72
12/20/2020,FWA,IN,AGL,CE,Combined TRACON& Tower with Radar,14,20,12,0,46,0,1,7,0,8,14,21,19,0,54,16,0,16,70
12/21/2020,FWA,IN,AGL,CE,Combined TRACON& Tower with Radar,26,22,15,0,63,0,0,2,0,2,26,22,17,0,65,0,0,0,65
12/22/2020,FWA,IN,AGL,CE,Combined TRACON& Tower with Radar,22,24,14,12,72,0,1,15,0,16,22,25,29,12,88,58,0,58,146
12/23/2020,FWA,IN,AGL,CE,Combined TRACON& Tower with Radar,27,20,17,5,69,0,0,7,1,8,27,20,24,6,77,26,0,26,103
12/24/2020,FWA,IN,AGL,CE,Combined TRACON& Tower with Radar,20,19,11,0,50,0,0,0,0,0,20,19,11,0,50,0,0,0,50
12/25/2020,FWA,IN,AGL,CE,Combined TRACON& Tower with Radar,9,15,5,0,29,0,0,0,0,0,9,15,5,0,29,0,0,0,29
12/26/2020,FWA,IN,AGL,CE,Combined TRACON& Tower with Radar,21,21,25,0,67,0,0,29,2,31,21,21,54,2,98,20,0,20,118
12/27/2020,FWA,IN,AGL,CE,Combined TRACON& Tower with Radar,15,21,15,0,51,0,0,15,0,15,15,21,30,0,66,16,0,16,82
12/28/2020,FWA,IN,AGL,CE,Combined TRACON& Tower with Radar,23,23,20,0,66,0,0,0,1,1,23,23,20,1,67,0,0,0,67
12/29/2020,FWA,IN,AGL,CE,Combined TRACON& Tower with Radar,22,22,18,4,66,0,2,24,4,30,22,24,42,8,96,0,0,0,96
12/30/2020,FWA,IN,AGL,CE,Combined TRACON& Tower with Radar,26,18,1,1,46,0,0,0,1,1,26,18,1,2,47,16,0,16,63
12/31/2020,FWA,IN,AGL,CE,Combined TRACON& Tower with Radar,18,17,15,1,51,0,0,3,1,4,18,17,18,2,55,8,0,8,63
01/01/2021,FWA,IN,AGL,CE,Combined TRACON& Tower with Radar,4,10,10,0,24,0,0,0,0,0,4,10,10,0,24,0,0,0,24
01/02/2021,FWA,IN,AGL,CE,Combined TRACON& Tower with Radar,18,27,13,0,58,0,0,0,0,0,18,27,13,0,58,0,0,0,58
01/03/2021,FWA,IN,AGL,CE,Combined TRACON& Tower with Radar,19,19,18,0,56,0,0,0,0,0,19,19,18,0,56,0,0,0,56
01/04/2021,FWA,IN,AGL,CE,Combined TRACON& Tower with Radar,23,21,12,0,56,0,0,1,0,1,23,21,13,0,57,0,0,0,57
01/05/2021,FWA,IN,AGL,CE,Combined TRACON& Tower with Radar,19,10,7,0,36,0,0,0,0,0,19,10,7,0,36,0,0,0,36
01/06/2021,FWA,IN,AGL,CE,Combined TRACON& Tower with Radar,22,13,10,10,55,0,0,13,9,22,22,13,23,19,77,8,20,28,105
01/07/2021,FWA,IN,AGL,CE,Combined TRACON& Tower with Radar,33,14,14,13,74,0,0,14,5,19,33,14,28,18,93,16,0,16,109
01/08/2021,FWA,IN,AGL,CE,Combined TRACON& Tower with Radar,24,15,8,20,67,0,0,3,3,6,24,15,11,23,73,0,12,12,85
01/09/2021,FWA,IN,AGL,CE,Combined TRACON& Tower with Radar,18,15,12,0,45,0,0,32,0,32,18,15,44,0,77,46,0,46,123
01/10/2021,FWA,IN,AGL,CE,Combined TRACON& Tower with Radar,22,12,7,0,41,0,0,0,1,1,22,12,7,1,42,14,0,14,56
01/11/2021,FWA,IN,AGL,CE,Combined TRACON& Tower with Radar,23,13,7,14,57,0,0,1,0,1,23,13,8,14,58,0,0,0,58
01/12/2021,FWA,IN,AGL,CE,Combined TRACON& Tower with Radar,20,10,19,12,61,0,0,6,0,6,20,10,25,12,67,24,0,24,91
01/13/2021,FWA,IN,AGL,CE,Combined TRACON& Tower with Radar,20,15,19,3,57,0,4,41,8,53,20,19,60,11,110,32,0,32,142
01/14/2021,FWA,IN,AGL,CE,Combined TRACON& Tower with Radar,30,16,18,0,64,0,2,16,0,18,30,18,34,0,82,20,0,20,102
01/15/2021,FWA,IN,AGL,CE,Combined TRACON& Tower with Radar,24,18,14,0,56,0,0,1,0,1,24,18,15,0,57,8,0,8,65
01/16/2021,FWA,IN,AGL,CE,Combined TRACON& Tower with Radar,16,14,7,0,37,0,0,3,0,3,16,14,10,0,40,8,0,8,48
01/17/2021,FWA,IN,AGL,CE,Combined TRACON& Tower with Radar,22,9,8,2,41,0,0,0,0,0,22,9,8,2,41,18,0,18,59
01/18/2021,FWA,IN,AGL,CE,Combined TRACON& Tower with Radar,21,12,20,6,59,0,0,1,0,1,21,12,21,6,60,0,0,0,60
01/19/2021,FWA,IN,AGL,CE,Combined TRACON& Tower with Radar,22,10,15,3,50,0,0,18,0,18,22,10,33,3,68,82,0,82,150
01/20/2021,FWA,IN,AGL,CE,Combined TRACON& Tower with Radar,20,10,9,0,39,0,2,13,1,16,20,12,22,1,55,12,0,12,67
01/21/2021,FWA,IN,AGL,CE,Combined TRACON& Tower with Radar,30,12,10,0,52,0,2,31,0,33,30,14,41,0,85,2,0,2,87
01/22/2021,FWA,IN,AGL,CE,Combined TRACON& Tower with Radar,24,14,14,0,52,0,0,13,0,13,24,14,27,0,65,4,0,4,69
01/23/2021,FWA,IN,AGL,CE,Combined TRACON& Tower with Radar,18,14,2,0,34,0,10,38,1,49,18,24,40,1,83,34,0,34,117
01/24/2021,FWA,IN,AGL,CE,Combined TRACON& Tower with Radar,24,12,7,0,43,0,0,3,0,3,24,12,10,0,46,2,0,2,48
01/25/2021,FWA,IN,AGL,CE,Combined TRACON& Tower with Radar,21,18,10,0,49,0,0,4,0,4,21,18,14,0,53,4,0,4,57
01/26/2021,FWA,IN,AGL,CE,Combined TRACON& Tower with Radar,19,8,8,0,35,0,0,0,0,0,19,8,8,0,35,0,0,0,35
01/27/2021,FWA,IN,AGL,CE,Combined TRACON& Tower with Radar,22,8,30,2,62,0,0,30,0,30,22,8,60,2,92,48,0,48,140
01/28/2021,FWA,IN,AGL,CE,Combined TRACON& Tower with Radar,28,12,15,1,56,0,0,28,0,28,28,12,43,1,84,22,0,22,106
01/29/2021,FWA,IN,AGL,CE,Combined TRACON& Tower with Radar,28,14,26,1,69,0,2,57,0,59,28,16,83,1,128,42,0,42,170
01/30/2021,FWA,IN,AGL,CE,Combined TRACON& Tower with Radar,17,13,18,2,50,0,0,4,0,4,17,13,22,2,54,0,0,0,54
01/31/2021,FWA,IN,AGL,CE,Combined TRACON& Tower with Radar,24,11,1,0,36,0,0,0,0,0,24,11,1,0,36,0,0,0,36
02/01/2021,FWA,IN,AGL,CE,Combined TRACON& Tower with Radar,25,13,13,0,51,0,0,4,0,4,25,13,17,0,55,2,0,2,57
02/02/2021,FWA,IN,AGL,CE,Combined TRACON& Tower with Radar,20,12,19,0,51,0,6,20,0,26,20,18,39,0,77,98,0,98,175
02/03/2021,FWA,IN,AGL,CE,Combined TRACON& Tower with Radar,22,14,21,1,58,0,2,33,3,38,22,16,54,4,96,46,4,50,146
02/04/2021,FWA,IN,AGL,CE,Combined TRACON& Tower with Radar,27,21,20,1,69,0,2,7,3,12,27,23,27,4,81,8,6,14,95
02/05/2021,FWA,IN,AGL,CE,Combined TRACON& Tower with Radar,24,18,9,0,51,0,0,0,0,0,24,18,9,0,51,0,0,0,51
02/06/2021,FWA,IN,AGL,CE,Combined TRACON& Tower with Radar,17,14,5,0,36,0,4,24,0,28,17,18,29,0,64,22,0,22,86
02/07/2021,FWA,IN,AGL,CE,Combined TRACON& Tower with Radar,20,11,7,0,38,0,0,9,0,9,20,11,16,0,47,26,0,26,73
02/08/2021,FWA,IN,AGL,CE,Combined TRACON& Tower with Radar,22,15,9,1,47,0,0,6,0,6,22,15,15,1,53,8,0,8,61
02/09/2021,FWA,IN,AGL,CE,Combined TRACON& Tower with Radar,22,10,17,0,49,0,0,11,0,11,22,10,28,0,60,50,0,50,110
02/10/2021,FWA,IN,AGL,CE,Combined TRACON& Tower with Radar,22,11,9,0,42,0,0,4,0,4,22,11,13,0,46,4,0,4,50
02/11/2021,FWA,IN,AGL,CE,Combined TRACON& Tower with Radar,23,18,20,0,61,0,8,31,2,41,23,26,51,2,102,26,0,26,128
02/12/2021,FWA,IN,AGL,CE,Combined TRACON& Tower with Radar,30,19,19,0,68,0,2,5,3,10,30,21,24,3,78,20,0,20,98
02/13/2021,FWA,IN,AGL,CE,Combined TRACON& Tower with Radar,26,15,3,10,54,0,0,3,0,3,26,15,6,10,57,0,0,0,57
02/14/2021,FWA,IN,AGL,CE,Combined TRACON& Tower with Radar,18,9,7,2,36,0,0,4,1,5,18,9,11,3,41,0,0,0,41
02/15/2021,FWA,IN,AGL,CE,Combined TRACON& Tower with Radar,13,11,5,0,29,0,0,0,0,0,13,11,5,0,29,0,0,0,29
02/16/2021,FWA,IN,AGL,CE,Combined TRACON& Tower with Radar,13,8,3,0,24,0,0,2,0,2,13,8,5,0,26,4,0,4,30
02/17/2021,FWA,IN,AGL,CE,Combined TRACON& Tower with Radar,19,18,20,0,57,0,6,8,0,14,19,24,28,0,71,28,0,28,99
02/18/2021,FWA,IN,AGL,CE,Combined TRACON& Tower with Radar,25,13,22,0,60,0,0,1,2,3,25,13,23,2,63,2,0,2,65
02/19/2021,FWA,IN,AGL,CE,Combined TRACON& Tower with Radar,26,16,11,4,57,0,0,6,4,10,26,16,17,8,67,6,0,6,73
02/20/2021,FWA,IN,AGL,CE,Combined TRACON& Tower with Radar,26,17,6,0,49,0,4,21,0,25,26,21,27,0,74,0,0,0,74
02/21/2021,FWA,IN,AGL,CE,Combined TRACON& Tower with Radar,24,15,10,1,50,0,1,19,0,20,24,16,29,1,70,20,0,20,90
02/22/2021,FWA,IN,AGL,CE,Combined TRACON& Tower with Radar,26,16,7,0,49,0,0,0,0,0,26,16,7,0,49,22,0,22,71
02/23/2021,FWA,IN,AGL,CE,Combined TRACON& Tower with Radar,22,15,12,2,51,0,10,15,11,36,22,25,27,13,87,36,2,38,125
02/24/2021,FWA,IN,AGL,CE,Combined TRACON& Tower with Radar,25,12,10,3,50,0,0,12,10,22,25,12,22,13,72,10,2,12,84
02/25/2021,FWA,IN,AGL,CE,Combined TRACON& Tower with Radar,31,12,27,3,73,0,8,37,9,54,31,20,64,12,127,36,4,40,167
02/26/2021,FWA,IN,AGL,CE,Combined TRACON& Tower with Radar,28,17,18,11,74,0,4,33,6,43,28,21,51,17,117,14,0,14,131
02/27/2021,FWA,IN,AGL,CE,Combined TRACON& Tower with Radar,26,16,14,0,56,0,0,20,0,20,26,16,34,0,76,20,0,20,96
02/28/2021,FWA,IN,AGL,CE,Combined TRACON& Tower with Radar,24,11,29,0,64,0,0,14,0,14,24,11,43,0,78,4,0,4,82
03/01/2021,FWA,IN,AGL,CE,Combined TRACON& Tower with Radar,26,16,25,4,71,0,4,18,0,22,26,20,43,4,93,22,0,22,115
03/02/2021,FWA,IN,AGL,CE,Combined TRACON& Tower with Radar,24,14,21,5,64,0,9,45,10,64,24,23,66,15,128,96,8,104,232
03/03/2021,FWA,IN,AGL,CE,Combined TRACON& Tower with Radar,26,16,16,5,63,0,8,43,8,59,26,24,59,13,122,26,2,28,150
03/04/2021,FWA,IN,AGL,CE,Combined TRACON& Tower with Radar,32,20,26,0,78,0,16,48,12,76,32,36,74,12,154,60,2,62,216
03/05/2021,FWA,IN,AGL,CE,Combined TRACON& Tower with Radar,30,19,17,2,68,0,6,42,13,61,30,25,59,15,129,36,0,36,165
03/06/2021,FWA,IN,AGL,CE,Combined TRACON& Tower with Radar,26,14,8,1,49,0,2,37,3,42,26,16,45,4,91,58,10,68,159
03/07/2021,FWA,IN,AGL,CE,Combined TRACON& Tower with Radar,22,12,8,1,43,0,0,29,2,31,22,12,37,3,74,10,2,12,86
03/08/2021,FWA,IN,AGL,CE,Combined TRACON& Tower with Radar,28,12,12,3,55,0,0,18,7,25,28,12,30,10,80,6,0,6,86
03/09/2021,FWA,IN,AGL,CE,Combined TRACON& Tower with Radar,26,11,13,16,66,0,4,28,6,38,26,15,41,22,104,46,0,46,150
03/10/2021,FWA,IN,AGL,CE,Combined TRACON& Tower with Radar,30,16,15,7,68,0,0,2,2,4,30,16,17,9,72,0,0,0,72
03/11/2021,FWA,IN,AGL,CE,Combined TRACON& Tower with Radar,31,17,13,5,66,0,2,4,4,10,31,19,17,9,76,28,0,28,104
03/12/2021,FWA,IN,AGL,CE,Combined TRACON& Tower with Radar,28,14,11,0,53,0,4,32,0,36,28,18,43,0,89,24,0,24,113
03/13/2021,FWA,IN,AGL,CE,Combined TRACON& Tower with Radar,26,16,8,0,50,0,2,40,0,42,26,18,48,0,92,57,0,57,149
03/14/2021,FWA,IN,AGL,CE,Combined TRACON& Tower with Radar,24,13,6,0,43,0,2,29,0,31,24,15,35,0,74,42,0,42,116
03/15/2021,FWA,IN,AGL,CE,Combined TRACON& Tower with Radar,26,18,6,0,50,0,0,2,0,2,26,18,8,0,52,0,0,0,52
03/16/2021,FWA,IN,AGL,CE,Combined TRACON& Tower with Radar,28,14,16,7,65,0,0,5,0,5,28,14,21,7,70,14,0,14,84
03/17/2021,FWA,IN,AGL,CE,Combined TRACON& Tower with Radar,32,14,17,12,75,0,0,36,7,43,32,14,53,19,118,48,6,54,172
03/18/2021,FWA,IN,AGL,CE,Combined TRACON& Tower with Radar,31,10,5,1,47,0,0,0,0,0,31,10,5,1,47,0,0,0,47
03/19/2021,FWA,IN,AGL,CE,Combined TRACON& Tower with Radar,30,20,18,4,72,0,10,45,8,63,30,30,63,12,135,32,2,34,169
03/20/2021,FWA,IN,AGL,CE,Combined TRACON& Tower with Radar,28,14,12,0,54,0,2,30,1,33,28,16,42,1,87,4,0,4,91
03/21/2021,FWA,IN,AGL,CE,Combined TRACON& Tower with Radar,24,15,26,10,75,0,4,41,3,48,24,19,67,13,123,66,8,74,197
03/22/2021,FWA,IN,AGL,CE,Combined TRACON& Tower with Radar,28,13,31,0,72,0,8,30,0,38,28,21,61,0,110,20,0,20,130
03/23/2021,FWA,IN,AGL,CE,Combined TRACON& Tower with Radar,28,15,14,7,64,0,0,30,13,43,28,15,44,20,107,26,0,26,133
03/24/2021,FWA,IN,AGL,CE,Combined TRACON& Tower with Radar,30,14,12,3,59,0,0,2,9,11,30,14,14,12,70,8,0,8,78
03/25/2021,FWA,IN,AGL,CE,Combined TRACON& Tower with Radar,34,24,29,2,89,0,0,6,10,16,34,24,35,12,105,6,2,8,113
03/26/2021,FWA,IN,AGL,CE,Combined TRACON& Tower with Radar,28,18,23,13,82,0,0,2,2,4,28,18,25,15,86,0,0,0,86
03/27/2021,FWA,IN,AGL,CE,Combined TRACON& Tower with Radar,28,17,18,0,63,0,2,6,0,8,28,19,24,0,71,22,0,22,93
03/28/2021,FWA,IN,AGL,CE,Combined TRACON& Tower with Radar,27,13,15,0,55,0,0,1,0,1,27,13,16,0,56,2,0,2,58
03/29/2021,FWA,IN,AGL,CE,Combined TRACON& Tower with Radar,26,17,23,0,66,0,6,45,0,51,26,23,68,0,117,50,0,50,167
03/30/2021,FWA,IN,AGL,CE,Combined TRACON& Tower with Radar,29,18,15,5,67,0,0,10,9,19,29,18,25,14,86,20,0,20,106
03/31/2021,FWA,IN,AGL,CE,Combined TRACON& Tower with Radar,30,20,11,3,64,0,0,24,7,31,30,20,35,10,95,36,4,40,135
04/01/2021,FWA,IN,AGL,CE,Combined TRACON& Tower with Radar,33,20,22,6,81,0,0,16,8,24,33,20,38,14,105,6,2,8,113
04/02/2021,FWA,IN,AGL,CE,Combined TRACON& Tower with Radar,29,13,31,2,75,0,10,34,6,50,29,23,65,8,125,0,0,0,125
04/03/2021,FWA,IN,AGL,CE,Combined TRACON& Tower with Radar,29,18,10,0,57,0,0,23,0,23,29,18,33,0,80,18,0,18,98
04/04/2021,FWA,IN,AGL,CE,Combined TRACON& Tower with Radar,24,18,10,0,52,0,6,25,2,33,24,24,35,2,85,54,0,54,139
04/05/2021,FWA,IN,AGL,CE,Combined TRACON& Tower with Radar,26,18,11,0,55,0,2,16,0,18,26,20,27,0,73,28,0,28,101
04/06/2021,FWA,IN,AGL,CE,Combined TRACON& Tower with Radar,28,18,14,0,60,0,5,27,8,40,28,23,41,8,100,12,10,22,122
04/07/2021,FWA,IN,AGL,CE,Combined TRACON& Tower with Radar,28,15,14,1,58,0,0,6,5,11,28,15,20,6,69,18,0,18,87
04/08/2021,FWA,IN,AGL,CE,Combined TRACON& Tower with Radar,32,20,10,4,66,0,0,11,6,17,32,20,21,10,83,40,0,40,123
04/09/2021,FWA,IN,AGL,CE,Combined TRACON& Tower with Radar,27,19,13,4,63,0,4,18,5,27,27,23,31,9,90,18,0,18,108
04/10/2021,FWA,IN,AGL,CE,Combined TRACON& Tower with Radar,31,16,14,0,61,0,0,5,0,5,31,16,19,0,66,10,0,10,76
04/11/2021,FWA,IN,AGL,CE,Combined TRACON& Tower with Radar,19,17,10,0,46,0,0,1,0,1,19,17,11,0,47,0,0,0,47
04/12/2021,FWA,IN,AGL,CE,Combined TRACON& Tower with Radar,27,29,19,2,77,0,3,15,0,18,27,32,34,2,95,12,0,12,107
04/13/2021,FWA,IN,AGL,CE,Combined TRACON& Tower with Radar,24,14,15,1,54,0,11,26,7,44,24,25,41,8,98,28,0,28,126
04/14/2021,FWA,IN,AGL,CE,Combined TRACON& Tower with Radar,26,19,11,3,59,0,6,21,8,35,26,25,32,11,94,20,0,20,114
04/15/2021,FWA,IN,AGL,CE,Combined TRACON& Tower with Radar,32,20,19,1,72,0,2,9,6,17,32,22,28,7,89,8,0,8,97
04/16/2021,FWA,IN,AGL,CE,Combined TRACON& Tower with Radar,24,16,11,1,52,0,2,35,5,42,24,18,46,6,94,48,2,50,144
04/17/2021,FWA,IN,AGL,CE,Combined TRACON& Tower with Radar,20,20,13,0,53,0,2,37,0,39,20,22,50,0,92,46,0,46,138
04/18/2021,FWA,IN,AGL,CE,Combined TRACON& Tower with Radar,22,15,14,0,51,0,4,32,0,36,22,19,46,0,87,34,0,34,121
04/19/2021,FWA,IN,AGL,CE,Combined TRACON& Tower with Radar,24,13,23,0,60,0,0,11,0,11,24,13,34,0,71,11,0,11,82
04/20/2021,FWA,IN,AGL,CE,Combined TRACON& Tower with Radar,24,13,13,6,56,0,0,0,1,1,24,13,13,7,57,0,0,0,57
04/21/2021,FWA,IN,AGL,CE,Combined TRACON& Tower with Radar,28,12,9,9,58,0,0,14,4,18,28,12,23,13,76,8,0,8,84
04/22/2021,FWA,IN,AGL,CE,Combined TRACON& Tower with Radar,30,24,21,5,80,0,14,29,8,51,30,38,50,13,131,35,0,35,166
04/23/2021,FWA,IN,AGL,CE,Combined TRACON& Tower with Radar,24,21,29,3,77,0,4,34,12,50,24,25,63,15,127,68,0,68,195
04/24/2021,FWA,IN,AGL,CE,Combined TRACON& Tower with Radar,22,13,9,1,45,0,0,9,7,16,22,13,18,8,61,12,2,14,75
04/25/2021,FWA,IN,AGL,CE,Combined TRACON& Tower with Radar,22,14,18,7,61,0,2,32,7,41,22,16,50,14,102,10,10,20,122
04/26/2021,FWA,IN,AGL,CE,Combined TRACON& Tower with Radar,22,18,10,9,59,0,0,27,5,32,22,18,37,14,91,6,0,6,97
04/27/2021,FWA,IN,AGL,CE,Combined TRACON& Tower with Radar,26,13,17,7,63,0,3,23,7,33,26,16,40,14,96,32,0,32,128
04/28/2021,FWA,IN,AGL,CE,Combined TRACON& Tower with Radar,26,15,17,3,61,0,1,11,5,17,26,16,28,8,78,12,0,12,90
04/29/2021,FWA,IN,AGL,CE,Combined TRACON& Tower with Radar,30,17,32,3,82,0,0,0,1,1,30,17,32,4,83,0,0,0,83
04/30/2021,FWA,IN,AGL,CE,Combined TRACON& Tower with Radar,24,17,16,0,57,0,4,33,0,37,24,21,49,0,94,50,0,50,144
05/01/2021,FWA,IN,AGL,CE,Combined TRACON& Tower with Radar,20,13,16,0,49,0,6,31,0,37,20,19,47,0,86,32,0,32,118
05/02/2021,FWA,IN,AGL,CE,Combined TRACON& Tower with Radar,22,16,8,0,46,0,2,6,0,8,22,18,14,0,54,26,0,26,80
05/03/2021,FWA,IN,AGL,CE,Combined TRACON& Tower with Radar,22,22,13,0,57,0,0,0,0,0,22,22,13,0,57,8,0,8,65
05/04/2021,FWA,IN,AGL,CE,Combined TRACON& Tower with Radar,24,12,18,20,74,0,0,0,3,3,24,12,18,23,77,0,12,12,89
05/05/2021,FWA,IN,AGL,CE,Combined TRACON& Tower with Radar,26,23,22,8,79,0,18,31,13,62,26,41,53,21,141,96,6,102,243
05/06/2021,FWA,IN,AGL,CE,Combined TRACON& Tower with Radar,30,21,43,9,103,0,0,19,7,26,30,21,62,16,129,42,0,42,171
05/07/2021,FWA,IN,AGL,CE,Combined TRACON& Tower with Radar,24,22,18,7,71,0,0,17,7,24,24,22,35,14,95,56,2,58,153
05/08/2021,FWA,IN,AGL,CE,Combined TRACON& Tower with Radar,22,14,12,0,48,0,6,27,0,33,22,20,39,0,81,22,0,22,103
05/09/2021,FWA,IN,AGL,CE,Combined TRACON& Tower with Radar,22,20,4,0,46,0,0,0,0,0,22,20,4,0,46,0,0,0,46
05/10/2021,FWA,IN,AGL,CE,Combined TRACON& Tower with Radar,22,18,17,1,58,0,2,28,0,30,22,20,45,1,88,8,0,8,96
05/11/2021,FWA,IN,AGL,CE,Combined TRACON& Tower with Radar,23,15,17,5,60,0,2,25,4,31,23,17,42,9,91,2,6,8,99
05/12/2021,FWA,IN,AGL,CE,Combined TRACON& Tower with Radar,26,12,19,3,60,0,0,51,9,60,26,12,70,12,120,28,2,30,150
05/13/2021,FWA,IN,AGL,CE,Combined TRACON& Tower with Radar,30,21,15,2,68,0,2,37,12,51,30,23,52,14,119,34,2,36,155
05/14/2021,FWA,IN,AGL,CE,Combined TRACON& Tower with Radar,24,18,20,2,64,0,4,35,7,46,24,22,55,9,110,60,0,60,170
05/15/2021,FWA,IN,AGL,CE,Combined TRACON& Tower with Radar,21,21,10,4,56,0,0,13,12,25,21,21,23,16,81,20,8,28,109
05/16/2021,FWA,IN,AGL,CE,Combined TRACON& Tower with Radar,23,16,13,3,55,0,3,13,1,17,23,19,26,4,72,50,2,52,124
05/17/2021,FWA,IN,AGL,CE,Combined TRACON& Tower with Radar,22,19,16,8,65,0,2,24,4,30,22,21,40,12,95,20,2,22,117
05/18/2021,FWA,IN,AGL,CE,Combined TRACON& Tower with Radar,24,23,22,9,78,0,5,35,6,46,24,28,57,15,124,50,0,50,174
05/19/2021,FWA,IN,AGL,CE,Combined TRACON& Tower with Radar,25,23,11,5,64,0,3,21,3,27,25,26,32,8,91,6,0,6,97
05/20/2021,FWA,IN,AGL,CE,Combined TRACON& Tower with Radar,33,28,21,6,88,0,14,46,5,65,33,42,67,11,153,38,0,38,191
05/21/2021,FWA,IN,AGL,CE,Combined TRACON& Tower with Radar,26,24,14,0,64,0,2,21,0,23,26,26,35,0,87,52,0,52,139
05/22/2021,FWA,IN,AGL,CE,Combined TRACON& Tower with Radar,20,20,16,0,56,0,6,24,0,30,20,26,40,0,86,28,0,28,114
05/23/2021,FWA,IN,AGL,CE,Combined TRACON& Tower with Radar,22,14,11,0,47,0,0,16,0,16,22,14,27,0,63,14,0,14,77
05/24/2021,FWA,IN,AGL,CE,Combined TRACON& Tower with Radar,25,18,12,0,55,0,0,22,6,28,25,18,34,6,83,26,0,26,109
05/25/2021,FWA,IN,AGL,CE,Combined TRACON& Tower with Radar,24,14,30,7,75,0,4,28,8,40,24,18,58,15,115,16,0,16,131
05/26/2021,FWA,IN,AGL,CE,Combined TRACON& Tower with Radar,24,21,17,9,71,0,0,8,5,13,24,21,25,14,84,26,4,30,114
05/27/2021,FWA,IN,AGL,CE,Combined TRACON& Tower with Radar,30,23,28,3,84,0,2,29,8,39,30,25,57,11,123,36,0,36,159
05/28/2021,FWA,IN,AGL,CE,Combined TRACON& Tower with Radar,31,15,23,0,69,0,0,4,0,4,31,15,27,0,73,0,0,0,73
05/29/2021,FWA,IN,AGL,CE,Combined TRACON& Tower with Radar,26,22,18,0,66,0,4,18,6,28,26,26,36,6,94,62,0,62,156
05/30/2021,FWA,IN,AGL,CE,Combined TRACON& Tower with Radar,22,13,4,0,39,0,0,35,2,37,22,13,39,2,76,72,0,72,148
05/31/2021,FWA,IN,AGL,CE,Combined TRACON& Tower with Radar,22,13,20,0,55,0,0,8,0,8,22,13,28,0,63,14,0,14,77
06/01/2021,FWA,IN,AGL,CE,Combined TRACON& Tower with Radar,29,18,10,4,61,0,0,19,16,35,29,18,29,20,96,12,4,16,112
06/02/2021,FWA,IN,AGL,CE,Combined TRACON& Tower with Radar,32,23,27,5,87,0,0,1,0,1,32,23,28,5,88,8,0,8,96
06/03/2021,FWA,IN,AGL,CE,Combined TRACON& Tower with Radar,30,23,41,13,107,0,16,27,4,47,30,39,68,17,154,90,8,98,252
06/04/2021,FWA,IN,AGL,CE,Combined TRACON& Tower with Radar,29,19,22,4,74,0,4,18,3,25,29,23,40,7,99,50,4,54,153
06/05/2021,FWA,IN,AGL,CE,Combined TRACON& Tower with Radar,30,16,14,1,61,0,2,25,7,34,30,18,39,8,95,24,2,26,121
06/06/2021,FWA,IN,AGL,CE,Combined TRACON& Tower with Radar,22,14,11,2,49,0,0,25,10,35,22,14,36,12,84,42,4,46,130
06/07/2021,FWA,IN,AGL,CE,Combined TRACON& Tower with Radar,26,18,16,6,66,0,0,4,6,10,26,18,20,12,76,0,0,0,76
06/08/2021,FWA,IN,AGL,CE,Combined TRACON& Tower with Radar,37,15,19,9,80,0,0,14,4,18,37,15,33,13,98,10,2,12,110
06/09/2021,FWA,IN,AGL,CE,Combined TRACON& Tower with Radar,30,15,17,6,68,0,0,22,4,26,30,15,39,10,94,14,0,14,108
06/10/2021,FWA,IN,AGL,CE,Combined TRACON& Tower with Radar,30,18,33,5,86,0,8,18,2,28,30,26,51,7,114,32,0,32,146
06/11/2021,FWA,IN,AGL,CE,Combined TRACON& Tower with Radar,33,16,24,0,73,0,0,29,0,29,33,16,53,0,102,38,0,38,140
06/12/2021,FWA,IN,AGL,CE,Combined TRACON& Tower with Radar,30,19,11,0,60,0,0,17,4,21,30,19,28,4,81,12,0,12,93
06/13/2021,FWA,IN,AGL,CE,Combined TRACON& Tower with Radar,23,15,14,0,52,0,0,16,0,16,23,15,30,0,68,2,0,2,70
06/14/2021,FWA,IN,AGL,CE,Combined TRACON& Tower with Radar,28,22,16,5,71,0,0,13,0,13,28,22,29,5,84,10,0,10,94
06/15/2021,FWA,IN,AGL,CE,Combined TRACON& Tower with Radar,31,16,18,4,69,0,3,37,8,48,31,19,55,12,117,40,0,40,157
06/16/2021,FWA,IN,AGL,CE,Combined TRACON& Tower with Radar,30,21,22,3,76,0,14,27,10,51,30,35,49,13,127,38,2,40,167
06/17/2021,FWA,IN,AGL,CE,Combined TRACON& Tower with Radar,31,20,23,6,80,0,4,52,9,65,31,24,75,15,145,44,6,50,195
06/18/2021,FWA,IN,AGL,CE,Combined TRACON& Tower with Radar,30,15,18,2,65,0,0,2,2,4,30,15,20,4,69,16,2,18,87
06/19/2021,FWA,IN,AGL,CE,Combined TRACON& Tower with Radar,30,17,15,0,62,0,0,5,0,5,30,17,20,0,67,34,0,34,101
06/20/2021,FWA,IN,AGL,CE,Combined TRACON& Tower with Radar,22,16,18,0,56,0,2,13,0,15,22,18,31,0,71,20,0,20,91
06/21/2021,FWA,IN,AGL,CE,Combined TRACON& Tower with Radar,31,26,27,0,84,0,0,8,0,8,31,26,35,0,92,30,0,30,122
06/22/2021,FWA,IN,AGL,CE,Combined TRACON& Tower with Radar,30,17,26,2,75,0,4,45,0,49,30,21,71,2,124,28,0,28,152
06/23/2021,FWA,IN,AGL,CE,Combined TRACON& Tower with Radar,30,16,20,4,70,0,4,42,10,56,30,20,62,14,126,55,6,61,187
06/24/2021,FWA,IN,AGL,CE,Combined TRACON& Tower with Radar,30,25,27,3,85,0,0,26,9,35,30,25,53,12,120,0,2,2,122
06/25/2021,FWA,IN,AGL,CE,Combined TRACON& Tower with Radar,32,18,9,0,59,0,0,4,0,4,32,18,13,0,63,18,0,18,81
06/26/2021,FWA,IN,AGL,CE,Combined TRACON& Tower with Radar,28,19,11,0,58,0,2,2,0,4,28,21,13,0,62,0,0,0,62
06/27/2021,FWA,IN,AGL,CE,Combined TRACON& Tower with Radar,22,15,8,2,47,0,0,5,0,5,22,15,13,2,52,0,0,0,52
06/28/2021,FWA,IN,AGL,CE,Combined TRACON& Tower with Radar,28,20,25,0,73,0,0,26,0,26,28,20,51,0,99,60,0,60,159
06/29/2021,FWA,IN,AGL,CE,Combined TRACON& Tower with Radar,32,17,27,3,79,0,2,18,11,31,32,19,45,14,110,16,8,24,134
06/30/2021,FWA,IN,AGL,CE,Combined TRACON& Tower with Radar,30,18,28,2,78,0,0,6,2,8,30,18,34,4,86,8,0,8,94
07/01/2021,FWA,IN,AGL,CE,Combined TRACON& Tower with Radar,29,26,29,9,93,0,2,41,10,53,29,28,70,19,146,60,0,60,206
07/02/2021,FWA,IN,AGL,CE,Combined TRACON& Tower with Radar,28,18,19,4,69,0,1,40,11,52,28,19,59,15,121,48,8,56,177
07/03/2021,FWA,IN,AGL,CE,Combined TRACON& Tower with Radar,29,16,5,0,50,0,3,34,0,37,29,19,39,0,87,45,0,45,132
07/04/2021,FWA,IN,AGL,CE,Combined TRACON& Tower with Radar,24,15,3,0,42,0,0,22,2,24,24,15,25,2,66,28,2,30,96
07/05/2021,FWA,IN,AGL,CE,Combined TRACON& Tower with Radar,26,14,12,0,52,0,0,20,0,20,26,14,32,0,72,4,0,4,76
07/06/2021,FWA,IN,AGL,CE,Combined TRACON& Tower with Radar,25,18,11,0,54,0,4,40,0,44,25,22,51,0,98,72,0,72,170
07/07/2021,FWA,IN,AGL,CE,Combined TRACON& Tower with Radar,30,23,19,6,78,0,2,12,9,23,30,25,31,15,101,0,4,4,105
07/08/2021,FWA,IN,AGL,CE,Combined TRACON& Tower with Radar,31,20,11,11,73,0,0,7,5,12,31,20,18,16,85,0,0,0,85
07/09/2021,FWA,IN,AGL,CE,Combined TRACON& Tower with Radar,30,20,40,9,99,0,4,17,2,23,30,24,57,11,122,44,0,44,166
07/10/2021,FWA,IN,AGL,CE,Combined TRACON& Tower with Radar,28,22,17,0,67,0,2,31,0,33,28,24,48,0,100,34,0,34,134
07/11/2021,FWA,IN,AGL,CE,Combined TRACON& Tower with Radar,20,16,29,0,65,0,0,0,0,0,20,16,29,0,65,0,0,0,65
07/12/2021,FWA,IN,AGL,CE,Combined TRACON& Tower with Radar,30,16,21,2,69,0,0,6,0,6,30,16,27,2,75,0,0,0,75
07/13/2021,FWA,IN,AGL,CE,Combined TRACON& Tower with Radar,31,14,26,8,79,0,0,5,3,8,31,14,31,11,87,10,0,10,97
07/14/2021,FWA,IN,AGL,CE,Combined TRACON& Tower with Radar,30,28,16,5,79,0,8,43,18,69,30,36,59,23,148,88,2,90,238
07/15/2021,FWA,IN,AGL,CE,Combined TRACON& Tower with Radar,33,17,27,6,83,0,0,17,10,27,33,17,44,16,110,4,14,18,128
07/16/2021,FWA,IN,AGL,CE,Combined TRACON& Tower with Radar,32,18,17,16,83,0,0,0,1,1,32,18,17,17,84,8,0,8,92
07/17/2021,FWA,IN,AGL,CE,Combined TRACON& Tower with Radar,28,17,14,7,66,0,0,6,2,8,28,17,20,9,74,0,0,0,74
07/18/2021,FWA,IN,AGL,CE,Combined TRACON& Tower with Radar,23,16,18,7,64,0,0,33,9,42,23,16,51,16,106,20,0,20,126
07/19/2021,FWA,IN,AGL,CE,Combined TRACON& Tower with Radar,28,19,24,10,81,0,6,32,5,43,28,25,56,15,124,26,2,28,152
07/20/2021,FWA,IN,AGL,CE,Combined TRACON& Tower with Radar,33,14,19,4,70,0,2,39,20,61,33,16,58,24,131,51,0,51,182
07/21/2021,FWA,IN,AGL,CE,Combined TRACON& Tower with Radar,30,23,25,6,84,0,10,16,9,35,30,33,41,15,119,54,4,58,177
07/22/2021,FWA,IN,AGL,CE,Combined TRACON& Tower with Radar,30,20,31,3,84,0,10,43,4,57,30,30,74,7,141,40,0,40,181
07/23/2021,FWA,IN,AGL,CE,Combined TRACON& Tower with Radar,32,22,18,0,72,0,0,17,0,17,32,22,35,0,89,0,0,0,89
07/24/2021,FWA,IN,AGL,CE,Combined TRACON& Tower with Radar,29,21,13,0,63,0,1,25,1,27,29,22,38,1,90,22,0,22,112
07/25/2021,FWA,IN,AGL,CE,Combined TRACON& Tower with Radar,23,18,15,0,56,0,4,21,1,26,23,22,36,1,82,32,0,32,114
07/26/2021,FWA,IN,AGL,CE,Combined TRACON& Tower with Radar,26,16,9,0,51,0,0,35,0,35,26,16,44,0,86,8,0,8,94
07/27/2021,FWA,IN,AGL,CE,Combined TRACON& Tower with Radar,31,13,22,4,70,0,4,27,6,37,31,17,49,10,107,58,0,58,165
07/28/2021,FWA,IN,AGL,CE,Combined TRACON& Tower with Radar,29,19,40,1,89,0,4,24,11,39,29,23,64,12,128,8,0,8,136
07/29/2021,FWA,IN,AGL,CE,Combined TRACON& Tower with Radar,31,30,29,1,91,0,4,32,5,41,31,34,61,6,132,10,0,10,142
07/30/2021,FWA,IN,AGL,CE,Combined TRACON& Tower with Radar,30,25,25,0,80,0,6,37,4,47,30,31,62,4,127,20,0,20,147
07/31/2021,FWA,IN,AGL,CE,Combined TRACON& Tower with Radar,27,18,6,0,51,0,0,25,0,25,27,18,31,0,76,0,0,0,76
08/01/2021,FWA,IN,AGL,CE,Combined TRACON& Tower with Radar,21,20,31,0,72,0,4,17,0,21,21,24,48,0,93,6,0,6,99
08/02/2021,FWA,IN,AGL,CE,Combined TRACON& Tower with Radar,29,23,12,0,64,0,1,35,0,36,29,24,47,0,100,16,0,16,116
08/03/2021,FWA,IN,AGL,CE,Combined TRACON& Tower with Radar,27,16,16,1,60,0,2,29,4,35,27,18,45,5,95,16,0,16,111
08/04/2021,FWA,IN,AGL,CE,Combined TRACON& Tower with Radar,26,16,23,3,68,0,2,30,9,41,26,18,53,12,109,22,0,22,131
08/05/2021,FWA,IN,AGL,CE,Combined TRACON& Tower with Radar,30,17,25,4,76,0,4,42,8,54,30,21,67,12,130,62,0,62,192
08/06/2021,FWA,IN,AGL,CE,Combined TRACON& Tower with Radar,30,19,15,0,64,0,2,19,12,33,30,21,34,12,97,8,0,8,105
08/07/2021,FWA,IN,AGL,CE,Combined TRACON& Tower with Radar,22,19,9,7,57,0,0,15,9,24,22,19,24,16,81,20,2,22,103
08/08/2021,FWA,IN,AGL,CE,Combined TRACON& Tower with Radar,20,18,18,3,59,0,0,26,13,39,20,18,44,16,98,0,0,0,98
08/09/2021,FWA,IN,AGL,CE,Combined TRACON& Tower with Radar,25,16,25,6,72,0,0,14,7,21,25,16,39,13,93,24,4,28,121
08/10/2021,FWA,IN,AGL,CE,Combined TRACON& Tower with Radar,22,18,33,10,83,0,0,5,3,8,22,18,38,13,91,6,0,6,97
08/11/2021,FWA,IN,AGL,CE,Combined TRACON& Tower with Radar,23,20,18,0,61,0,3,13,0,16,23,23,31,0,77,22,0,22,99
08/12/2021,FWA,IN,AGL,CE,Combined TRACON& Tower with Radar,30,22,17,3,72,0,0,22,2,24,30,22,39,5,96,4,0,4,100
08/13/2021,FWA,IN,AGL,CE,Combined TRACON& Tower with Radar,28,24,20,0,72,0,0,16,1,17,28,24,36,1,89,30,0,30,119
08/14/2021,FWA,IN,AGL,CE,Combined TRACON& Tower with Radar,24,19,16,0,59,0,4,23,2,29,24,23,39,2,88,18,0,18,106
08/15/2021,FWA,IN,AGL,CE,Combined TRACON& Tower with Radar,22,20,15,0,57,0,4,29,2,35,22,24,44,2,92,14,0,14,106
08/16/2021,FWA,IN,AGL,CE,Combined TRACON& Tower with Radar,27,21,23,0,71,0,0,11,4,15,27,21,34,4,86,12,0,12,98
08/17/2021,FWA,IN,AGL,CE,Combined TRACON& Tower with Radar,25,16,16,4,61,0,0,9,0,9,25,16,25,4,70,18,0,18,88
08/18/2021,FWA,IN,AGL,CE,Combined TRACON& Tower with Radar,26,24,11,10,71,0,0,17,3,20,26,24,28,13,91,16,0,16,107
08/19/2021,FWA,IN,AGL,CE,Combined TRACON& Tower with Radar,30,18,25,4,77,0,0,24,3,27,30,18,49,7,104,12,0,12,116
08/20/2021,FWA,IN,AGL,CE,Combined TRACON& Tower with Radar,32,19,21,4,76,0,1,19,4,24,32,20,40,8,100,30,0,30,130
08/21/2021,FWA,IN,AGL,CE,Combined TRACON& Tower with Radar,17,18,13,0,48,0,2,29,0,31,17,20,42,0,79,10,0,10,89
08/22/2021,FWA,IN,AGL,CE,Combined TRACON& Tower with Radar,24,20,14,0,58,0,2,24,0,26,24,22,38,0,84,0,0,0,84
08/23/2021,FWA,IN,AGL,CE,Combined TRACON& Tower with Radar,27,18,21,0,66,0,0,38,0,38,27,18,59,0,104,78,0,78,182
08/24/2021,FWA,IN,AGL,CE,Combined TRACON& Tower with Radar,29,23,19,2,73,0,0,19,5,24,29,23,38,7,97,0,0,0,97
08/25/2021,FWA,IN,AGL,CE,Combined TRACON& Tower with Radar,29,21,23,2,75,0,2,25,10,37,29,23,48,12,112,72,0,72,184
08/26/2021,FWA,IN,AGL,CE,Combined TRACON& Tower with Radar,31,24,21,9,85,0,0,17,13,30,31,24,38,22,115,18,12,30,145
08/27/2021,FWA,IN,AGL,CE,Combined TRACON& Tower with Radar,30,18,19,2,69,0,0,20,21,41,30,18,39,23,110,14,0,14,124
08/28/2021,FWA,IN,AGL,CE,Combined TRACON& Tower with Radar,20,17,11,0,48,0,2,31,0,33,20,19,42,0,81,36,0,36,117
08/29/2021,FWA,IN,AGL,CE,Combined TRACON& Tower with Radar,22,18,16,0,56,0,0,31,0,31,22,18,47,0,87,14,0,14,101
08/30/2021,FWA,IN,AGL,CE,Combined TRACON& Tower with Radar,29,21,32,0,82,0,2,20,0,22,29,23,52,0,104,28,0,28,132
08/31/2021,FWA,IN,AGL,CE,Combined TRACON& Tower with Radar,27,23,23,8,81,0,0,23,5,28,27,23,46,13,109,14,4,18,127
09/01/2021,FWA,IN,AGL,CE,Combined TRACON& Tower with Radar,27,24,37,7,95,0,0,49,10,59,27,24,86,17,154,36,4,40,194
09/02/2021,FWA,IN,AGL,CE,Combined TRACON& Tower with Radar,36,20,24,7,87,0,2,46,1,49,36,22,70,8,136,26,0,26,162
09/03/2021,FWA,IN,AGL,CE,Combined TRACON& Tower with Radar,30,18,23,0,71,0,0,26,0,26,30,18,49,0,97,12,0,12,109
09/04/2021,FWA,IN,AGL,CE,Combined TRACON& Tower with Radar,18,19,16,0,53,0,1,23,0,24,18,20,39,0,77,14,0,14,91
09/05/2021,FWA,IN,AGL,CE,Combined TRACON& Tower with Radar,18,16,11,0,45,0,2,17,0,19,18,18,28,0,64,32,0,32,96
09/06/2021,FWA,IN,AGL,CE,Combined TRACON& Tower with Radar,20,21,18,0,59,0,2,30,17,49,20,23,48,17,108,62,0,62,170
09/07/2021,FWA,IN,AGL,CE,Combined TRACON& Tower with Radar,22,19,22,9,72,0,0,19,19,38,22,19,41,28,110,10,2,12,122
09/08/2021,FWA,IN,AGL,CE,Combined TRACON& Tower with Radar,26,18,26,8,78,0,5,33,24,62,26,23,59,32,140,47,10,57,197
09/09/2021,FWA,IN,AGL,CE,Combined TRACON& Tower with Radar,31,22,24,2,79,0,4,31,21,56,31,26,55,23,135,50,10,60,195
09/10/2021,FWA,IN,AGL,CE,Combined TRACON& Tower with Radar,27,20,35,4,86,0,6,33,29,68,27,26,68,33,154,38,4,42,196
09/11/2021,FWA,IN,AGL,CE,Combined TRACON& Tower with Radar,18,23,26,2,69,0,3,16,11,30,18,26,42,13,99,26,12,38,137
09/12/2021,FWA,IN,AGL,CE,Combined TRACON& Tower with Radar,25,21,23,5,74,0,0,12,7,19,25,21,35,12,93,0,0,0,93
09/13/2021,FWA,IN,AGL,CE,Combined TRACON& Tower with Radar,29,22,24,6,81,0,2,25,10,37,29,24,49,16,118,50,0,50,168
09/14/2021,FWA,IN,AGL,CE,Combined TRACON& Tower with Radar,24,12,24,7,67,0,0,10,5,15,24,12,34,12,82,12,0,12,94
09/15/2021,FWA,IN,AGL,CE,Combined TRACON& Tower with Radar,28,18,33,15,94,0,4,25,2,31,28,22,58,17,125,72,0,72,197
09/16/2021,FWA,IN,AGL,CE,Combined TRACON& Tower with Radar,32,27,12,0,71,0,6,42,4,52,32,33,54,4,123,21,4,25,148
09/17/2021,FWA,IN,AGL,CE,Combined TRACON& Tower with Radar,32,23,18,1,74,0,4,33,1,38,32,27,51,2,112,14,0,14,126
09/18/2021,FWA,IN,AGL,CE,Combined TRACON& Tower with Radar,16,20,10,0,46,0,0,30,0,30,16,20,40,0,76,2,0,2,78
09/19/2021,FWA,IN,AGL,CE,Combined TRACON& Tower with Radar,26,22,10,0,58,0,2,37,3,42,26,24,47,3,100,4,0,4,104
09/20/2021,FWA,IN,AGL,CE,Combined TRACON& Tower with Radar,27,21,22,0,70,0,0,2,0,2,27,21,24,0,72,0,0,0,72
09/21/2021,FWA,IN,AGL,CE,Combined TRACON& Tower with Radar,25,19,14,3,61,0,0,1,0,1,25,19,15,3,62,0,0,0,62
09/22/2021,FWA,IN,AGL,CE,Combined TRACON& Tower with Radar,26,21,19,0,66,0,0,1,0,1,26,21,20,0,67,0,0,0,67
09/23/2021,FWA,IN,AGL,CE,Combined TRACON& Tower with Radar,32,25,26,0,83,0,0,1,0,1,32,25,27,0,84,0,0,0,84
09/24/2021,FWA,IN,AGL,CE,Combined TRACON& Tower with Radar,31,28,31,0,90,0,8,37,14,59,31,36,68,14,149,34,0,34,183
09/25/2021,FWA,IN,AGL,CE,Combined TRACON& Tower with Radar,17,14,15,0,46,0,0,18,0,18,17,14,33,0,64,2,0,2,66
09/26/2021,FWA,IN,AGL,CE,Combined TRACON& Tower with Radar,24,22,17,0,63,0,0,27,0,27,24,22,44,0,90,20,0,20,110
09/27/2021,FWA,IN,AGL,CE,Combined TRACON& Tower with Radar,28,25,15,0,68,0,0,16,0,16,28,25,31,0,84,8,0,8,92
09/28/2021,FWA,IN,AGL,CE,Combined TRACON& Tower with Radar,24,22,18,0,64,0,18,30,0,48,24,40,48,0,112,52,0,52,164
09/29/2021,FWA,IN,AGL,CE,Combined TRACON& Tower with Radar,27,26,18,4,75,0,0,33,0,33,27,26,51,4,108,12,2,14,122
09/30/2021,FWA,IN,AGL,CE,Combined TRACON& Tower with Radar,33,22,17,3,75,0,6,29,5,40,33,28,46,8,115,38,4,42,157
10/01/2021,FWA,IN,AGL,CE,Combined TRACON& Tower with Radar,30,29,23,6,88,0,2,37,6,45,30,31,60,12,133,22,8,30,163
10/02/2021,FWA,IN,AGL,CE,Combined TRACON& Tower with Radar,18,24,10,0,52,0,0,16,0,16,18,24,26,0,68,0,0,0,68
10/03/2021,FWA,IN,AGL,CE,Combined TRACON& Tower with Radar,24,26,22,0,72,0,0,0,0,0,24,26,22,0,72,0,0,0,72
10/04/2021,FWA,IN,AGL,CE,Combined TRACON& Tower with Radar,28,32,15,0,75,0,0,0,0,0,28,32,15,0,75,0,0,0,75
10/05/2021,FWA,IN,AGL,CE,Combined TRACON& Tower with Radar,24,31,35,8,98,0,8,11,1,20,24,39,46,9,118,6,0,6,124
10/06/2021,FWA,IN,AGL,CE,Combined TRACON& Tower with Radar,30,29,38,12,109,0,0,10,2,12,30,29,48,14,121,0,0,0,121
10/07/2021,FWA,IN,AGL,CE,Combined TRACON& Tower with Radar,33,30,12,3,78,0,1,4,1,6,33,31,16,4,84,12,0,12,96
10/08/2021,FWA,IN,AGL,CE,Combined TRACON& Tower with Radar,28,18,27,0,73,0,0,7,0,7,28,18,34,0,80,8,0,8,88
10/09/2021,FWA,IN,AGL,CE,Combined TRACON& Tower with Radar,27,20,18,0,65,0,0,33,0,33,27,20,51,0,98,36,0,36,134
10/10/2021,FWA,IN,AGL,CE,Combined TRACON& Tower with Radar,24,16,17,0,57,0,2,21,0,23,24,18,38,0,80,2,0,2,82
10/11/2021,FWA,IN,AGL,CE,Combined TRACON& Tower with Radar,26,22,14,0,62,0,6,11,0,17,26,28,25,0,79,2,0,2,81
10/12/2021,FWA,IN,AGL,CE,Combined TRACON& Tower with Radar,27,37,25,13,102,0,0,5,2,7,27,37,30,15,109,14,4,18,127
10/13/2021,FWA,IN,AGL,CE,Combined TRACON& Tower with Radar,26,26,15,6,73,0,0,18,6,24,26,26,33,12,97,4,0,4,101
10/14/2021,FWA,IN,AGL,CE,Combined TRACON& Tower with Radar,28,25,26,8,87,0,2,3,8,13,28,27,29,16,100,0,8,8,108
10/15/2021,FWA,IN,AGL,CE,Combined TRACON& Tower with Radar,28,23,24,0,75,0,0,0,0,0,28,23,24,0,75,0,0,0,75
10/16/2021,FWA,IN,AGL,CE,Combined TRACON& Tower with Radar,25,14,10,9,58,0,4,22,4,30,25,18,32,13,88,0,2,2,90
10/17/2021,FWA,IN,AGL,CE,Combined TRACON& Tower with Radar,20,21,12,4,57,0,0,30,12,42,20,21,42,16,99,10,0,10,109
10/18/2021,FWA,IN,AGL,CE,Combined TRACON& Tower with Radar,30,22,25,7,84,0,2,41,3,46,30,24,66,10,130,24,0,24,154
10/19/2021,FWA,IN,AGL,CE,Combined TRACON& Tower with Radar,31,19,16,11,77,0,9,60,15,84,31,28,76,26,161,66,0,66,227
10/20/2021,FWA,IN,AGL,CE,Combined TRACON& Tower with Radar,29,31,24,5,89,0,4,45,3,52,29,35,69,8,141,40,6,46,187
10/21/2021,FWA,IN,AGL,CE,Combined TRACON& Tower with Radar,24,22,23,4,73,0,0,6,7,13,24,22,29,11,86,10,0,10,96
10/22/2021,FWA,IN,AGL,CE,Combined TRACON& Tower with Radar,24,26,18,0,68,0,0,26,0,26,24,26,44,0,94,8,0,8,102
10/23/2021,FWA,IN,AGL,CE,Combined TRACON& Tower with Radar,24,23,7,0,54,0,2,13,0,15,24,25,20,0,69,18,0,18,87
10/24/2021,FWA,IN,AGL,CE,Combined TRACON& Tower with Radar,20,21,21,0,62,0,0,0,0,0,20,21,21,0,62,0,0,0,62
10/25/2021,FWA,IN,AGL,CE,Combined TRACON& Tower with Radar,28,18,16,0,62,0,0,1,0,1,28,18,17,0,63,0,0,0,63
10/26/2021,FWA,IN,AGL,CE,Combined TRACON& Tower with Radar,26,15,31,5,77,0,6,55,5,66,26,21,86,10,143,50,0,50,193
10/27/2021,FWA,IN,AGL,CE,Combined TRACON& Tower with Radar,30,22,21,12,85,0,2,34,5,41,30,24,55,17,126,14,12,26,152
10/28/2021,FWA,IN,AGL,CE,Combined TRACON& Tower with Radar,28,31,26,6,91,0,0,2,2,4,28,31,28,8,95,0,0,0,95
10/29/2021,FWA,IN,AGL,CE,Combined TRACON& Tower with Radar,28,25,26,1,80,0,0,0,0,0,28,25,26,1,80,0,0,0,80
10/30/2021,FWA,IN,AGL,CE,Combined TRACON& Tower with Radar,22,24,23,2,71,0,0,3,0,3,22,24,26,2,74,0,0,0,74
10/31/2021,FWA,IN,AGL,CE,Combined TRACON& Tower with Radar,20,22,9,0,51,0,2,15,0,17,20,24,24,0,68,0,0,0,68
11/01/2021,FWA,IN,AGL,CE,Combined TRACON& Tower with Radar,27,21,23,3,74,0,2,50,0,52,27,23,73,3,126,34,2,36,162
11/02/2021,FWA,IN,AGL,CE,Combined TRACON& Tower with Radar,19,18,10,4,51,0,9,23,8,40,19,27,33,12,91,32,0,32,123
11/03/2021,FWA,IN,AGL,CE,Combined TRACON& Tower with Radar,24,26,35,6,91,0,8,35,7,50,24,34,70,13,141,40,0,40,181
11/04/2021,FWA,IN,AGL,CE,Combined TRACON& Tower with Radar,24,23,22,8,77,0,6,34,7,47,24,29,56,15,124,42,6,48,172
11/05/2021,FWA,IN,AGL,CE,Combined TRACON& Tower with Radar,26,21,24,13,84,0,8,35,3,46,26,29,59,16,130,20,0,20,150
11/06/2021,FWA,IN,AGL,CE,Combined TRACON& Tower with Radar,20,25,9,7,61,0,0,33,10,43,20,25,42,17,104,10,0,10,114
11/07/2021,FWA,IN,AGL,CE,Combined TRACON& Tower with Radar,14,23,19,6,62,0,4,34,5,43,14,27,53,11,105,28,6,34,139
11/08/2021,FWA,IN,AGL,CE,Combined TRACON& Tower with Radar,20,24,19,9,72,0,12,48,15,75,20,36,67,24,147,54,0,54,201
11/09/2021,FWA,IN,AGL,CE,Combined TRACON& Tower with Radar,20,24,17,8,69,0,8,39,4,51,20,32,56,12,120,30,0,30,150
11/10/2021,FWA,IN,AGL,CE,Combined TRACON& Tower with Radar,20,29,27,10,86,0,6,13,2,21,20,35,40,12,107,8,0,8,115
11/11/2021,FWA,IN,AGL,CE,Combined TRACON& Tower with Radar,22,25,18,0,65,0,1,5,0,6,22,26,23,0,71,0,0,0,71
11/12/2021,FWA,IN,AGL,CE,Combined TRACON& Tower with Radar,24,23,18,2,67,0,0,0,0,0,24,23,18,2,67,0,0,0,67
11/13/2021,FWA,IN,AGL,CE,Combined TRACON& Tower with Radar,17,18,9,0,44,0,0,2,0,2,17,18,11,0,46,0,0,0,46
11/14/2021,FWA,IN,AGL,CE,Combined TRACON& Tower with Radar,15,23,9,0,47,0,0,0,0,0,15,23,9,0,47,0,0,0,47
11/15/2021,FWA,IN,AGL,CE,Combined TRACON& Tower with Radar,22,21,17,0,60,0,2,5,0,7,22,23,22,0,67,6,0,6,73
11/16/2021,FWA,IN,AGL,CE,Combined TRACON& Tower with Radar,19,23,32,3,77,0,4,20,3,27,19,27,52,6,104,16,6,22,126
11/17/2021,FWA,IN,AGL,CE,Combined TRACON& Tower with Radar,25,26,24,10,85,0,0,0,1,1,25,26,24,11,86,0,0,0,86
11/18/2021,FWA,IN,AGL,CE,Combined TRACON& Tower with Radar,30,29,24,7,90,0,3,17,7,27,30,32,41,14,117,22,0,22,139
11/19/2021,FWA,IN,AGL,CE,Combined TRACON& Tower with Radar,25,31,30,4,90,0,11,37,3,51,25,42,67,7,141,28,4,32,173
11/20/2021,FWA,IN,AGL,CE,Combined TRACON& Tower with Radar,16,19,25,0,60,0,2,15,0,17,16,21,40,0,77,22,0,22,99
11/21/2021,FWA,IN,AGL,CE,Combined TRACON& Tower with Radar,19,20,32,0,71,0,0,2,0,2,19,20,34,0,73,0,0,0,73
11/22/2021,FWA,IN,AGL,CE,Combined TRACON& Tower with Radar,21,24,12,6,63,0,2,12,4,18,21,26,24,10,81,0,4,4,85
11/23/2021,FWA,IN,AGL,CE,Combined TRACON& Tower with Radar,28,19,28,5,80,0,8,37,6,51,28,27,65,11,131,62,0,62,193
11/24/2021,FWA,IN,AGL,CE,Combined TRACON& Tower with Radar,29,21,20,1,71,0,0,11,8,19,29,21,31,9,90,10,6,16,106
11/25/2021,FWA,IN,AGL,CE,Combined TRACON& Tower with Radar,9,14,5,0,28,0,0,0,0,0,9,14,5,0,28,0,0,0,28
11/26/2021,FWA,IN,AGL,CE,Combined TRACON& Tower with Radar,19,19,7,0,45,0,0,9,0,9,19,19,16,0,54,6,0,6,60
11/27/2021,FWA,IN,AGL,CE,Combined TRACON& Tower with Radar,22,22,17,0,61,0,0,13,0,13,22,22,30,0,74,16,0,16,90
11/28/2021,FWA,IN,AGL,CE,Combined TRACON& Tower with Radar,24,23,27,0,74,0,0,6,0,6,24,23,33,0,80,0,0,0,80
11/29/2021,FWA,IN,AGL,CE,Combined TRACON& Tower with Radar,26,22,10,0,58,0,3,28,0,31,26,25,38,0,89,22,0,22,111
11/30/2021,FWA,IN,AGL,CE,Combined TRACON& Tower with Radar,23,26,33,3,85,0,1,23,7,31,23,27,56,10,116,20,20,40,156
12/01/2021,FWA,IN,AGL,CE,Combined TRACON& Tower with Radar,23,26,21,9,79,0,2,8,5,15,23,28,29,14,94,6,0,6,100
12/02/2021,FWA,IN,AGL,CE,Combined TRACON& Tower with Radar,22,27,32,5,86,0,4,21,7,32,22,31,53,12,118,30,2,32,150
12/03/2021,FWA,IN,AGL,CE,Combined TRACON& Tower with Radar,20,31,20,5,76,0,2,35,8,45,20,33,55,13,121,22,0,22,143
12/04/2021,FWA,IN,AGL,CE,Combined TRACON& Tower with Radar,16,23,14,4,57,0,2,34,3,39,16,25,48,7,96,22,0,22,118
12/05/2021,FWA,IN,AGL,CE,Combined TRACON& Tower with Radar,17,29,12,5,63,0,0,3,8,11,17,29,15,13,74,0,2,2,76
12/06/2021,FWA,IN,AGL,CE,Combined TRACON& Tower with Radar,17,23,17,4,61,0,0,4,7,11,17,23,21,11,72,0,2,2,74
12/07/2021,FWA,IN,AGL,CE,Combined TRACON& Tower with Radar,17,23,26,8,74,0,2,21,5,28,17,25,47,13,102,6,0,6,108
12/08/2021,FWA,IN,AGL,CE,Combined TRACON& Tower with Radar,20,28,31,4,83,0,2,19,5,26,20,30,50,9,109,24,0,24,133
12/09/2021,FWA,IN,AGL,CE,Combined TRACON& Tower with Radar,22,29,36,0,87,0,0,18,4,22,22,29,54,4,109,10,0,10,119
12/10/2021,FWA,IN,AGL,CE,Combined TRACON& Tower with Radar,20,26,17,0,63,0,0,0,0,0,20,26,17,0,63,0,0,0,63
12/11/2021,FWA,IN,AGL,CE,Combined TRACON& Tower with Radar,16,23,3,0,42,0,0,0,0,0,16,23,3,0,42,0,0,0,42
12/12/2021,FWA,IN,AGL,CE,Combined TRACON& Tower with Radar,16,31,22,0,69,0,0,35,0,35,16,31,57,0,104,32,0,32,136
12/13/2021,FWA,IN,AGL,CE,Combined TRACON& Tower with Radar,18,27,30,0,75,0,4,55,0,59,18,31,85,0,134,18,0,18,152
12/14/2021,FWA,IN,AGL,CE,Combined TRACON& Tower with Radar,19,26,41,2,88,0,8,31,4,43,19,34,72,6,131,18,0,18,149
12/15/2021,FWA,IN,AGL,CE,Combined TRACON& Tower with Radar,20,21,28,7,76,0,0,2,1,3,20,21,30,8,79,0,0,0,79
12/16/2021,FWA,IN,AGL,CE,Combined TRACON& Tower with Radar,28,28,13,6,75,0,0,10,2,12,28,28,23,8,87,4,2,6,93
12/17/2021,FWA,IN,AGL,CE,Combined TRACON& Tower with Radar,29,27,22,2,80,0,4,29,10,43,29,31,51,12,123,6,2,8,131
12/18/2021,FWA,IN,AGL,CE,Combined TRACON& Tower with Radar,26,24,7,0,57,0,0,0,0,0,26,24,7,0,57,0,0,0,57
12/19/2021,FWA,IN,AGL,CE,Combined TRACON& Tower with Radar,15,25,13,0,53,0,2,23,0,25,15,27,36,0,78,8,0,8,86
12/20/2021,FWA,IN,AGL,CE,Combined TRACON& Tower with Radar,30,22,17,2,71,0,6,21,2,29,30,28,38,4,100,14,0,14,114
12/21/2021,FWA,IN,AGL,CE,Combined TRACON& Tower with Radar,28,24,17,6,75,0,2,10,4,16,28,26,27,10,91,38,6,44,135
12/22/2021,FWA,IN,AGL,CE,Combined TRACON& Tower with Radar,28,28,15,5,76,0,2,20,3,25,28,30,35,8,101,10,0,10,111
12/23/2021,FWA,IN,AGL,CE,Combined TRACON& Tower with Radar,27,22,20,0,69,0,0,10,0,10,27,22,30,0,79,6,0,6,85
12/24/2021,FWA,IN,AGL,CE,Combined TRACON& Tower with Radar,24,24,4,0,52,0,0,3,0,3,24,24,7,0,55,26,0,26,81
12/25/2021,FWA,IN,AGL,CE,Combined TRACON& Tower with Radar,13,16,3,0,32,0,0,1,0,1,13,16,4,0,33,0,0,0,33
12/26/2021,FWA,IN,AGL,CE,Combined TRACON& Tower with Radar,19,27,21,0,67,0,0,18,0,18,19,27,39,0,85,0,0,0,85
12/27/2021,FWA,IN,AGL,CE,Combined TRACON& Tower with Radar,19,25,25,0,69,0,0,0,0,0,19,25,25,0,69,0,0,0,69
12/28/2021,FWA,IN,AGL,CE,Combined TRACON& Tower with Radar,23,19,22,0,64,0,0,6,4,10,23,19,28,4,74,0,0,0,74
12/29/2021,FWA,IN,AGL,CE,Combined TRACON& Tower with Radar,27,25,10,0,62,0,0,0,0,0,27,25,10,0,62,0,0,0,62
12/30/2021,FWA,IN,AGL,CE,Combined TRACON& Tower with Radar,20,17,11,0,48,0,0,0,0,0,20,17,11,0,48,0,0,0,48
12/31/2021,FWA,IN,AGL,CE,Combined TRACON& Tower with Radar,21,14,28,0,63,0,0,6,0,6,21,14,34,0,69,8,0,8,77
01/01/2022,FWA,IN,AGL,CE,Combined TRACON& Tower with Radar,14,14,1,0,29,0,0,0,0,0,14,14,1,0,29,0,0,0,29
01/02/2022,FWA,IN,AGL,CE,Combined TRACON& Tower with Radar,16,31,14,0,61,0,0,4,0,4,16,31,18,0,65,12,0,12,77
01/03/2022,FWA,IN,AGL,CE,Combined TRACON& Tower with Radar,22,24,43,0,89,0,2,29,0,31,22,26,72,0,120,43,0,43,163
01/04/2022,FWA,IN,AGL,CE,Combined TRACON& Tower with Radar,17,19,34,3,73,0,4,13,3,20,17,23,47,6,93,4,0,4,97
01/05/2022,FWA,IN,AGL,CE,Combined TRACON& Tower with Radar,15,23,8,7,53,0,0,0,1,1,15,23,8,8,54,0,0,0,54
01/06/2022,FWA,IN,AGL,CE,Combined TRACON& Tower with Radar,19,19,6,6,50,0,0,0,2,2,19,19,6,8,52,0,0,0,52
01/07/2022,FWA,IN,AGL,CE,Combined TRACON& Tower with Radar,16,22,20,5,63,0,2,9,5,16,16,24,29,10,79,8,0,8,87
01/08/2022,FWA,IN,AGL,CE,Combined TRACON& Tower with Radar,13,24,9,5,51,0,2,16,11,29,13,26,25,16,80,4,0,4,84
01/09/2022,FWA,IN,AGL,CE,Combined TRACON& Tower with Radar,11,26,6,9,52,0,0,2,4,6,11,26,8,13,58,2,0,2,60
01/10/2022,FWA,IN,AGL,CE,Combined TRACON& Tower with Radar,13,28,17,7,65,0,0,4,4,8,13,28,21,11,73,0,0,0,73
01/11/2022,FWA,IN,AGL,CE,Combined TRACON& Tower with Radar,16,24,20,3,63,0,0,13,8,21,16,24,33,11,84,6,0,6,90
01/12/2022,FWA,IN,AGL,CE,Combined TRACON& Tower with Radar,12,21,22,6,61,0,0,20,2,22,12,21,42,8,83,4,2,6,89
01/13/2022,FWA,IN,AGL,CE,Combined TRACON& Tower with Radar,21,27,13,0,61,0,1,17,0,18,21,28,30,0,79,44,0,44,123
01/14/2022,FWA,IN,AGL,CE,Combined TRACON& Tower with Radar,16,25,20,0,61,0,0,0,0,0,16,25,20,0,61,0,0,0,61
01/15/2022,FWA,IN,AGL,CE,Combined TRACON& Tower with Radar,12,21,3,0,36,0,4,22,1,27,12,25,25,1,63,6,0,6,69
01/16/2022,FWA,IN,AGL,CE,Combined TRACON& Tower with Radar,12,20,18,0,50,0,0,33,0,33,12,20,51,0,83,16,0,16,99
01/17/2022,FWA,IN,AGL,CE,Combined TRACON& Tower with Radar,13,23,12,0,48,0,0,2,0,2,13,23,14,0,50,0,0,0,50
01/18/2022,FWA,IN,AGL,CE,Combined TRACON& Tower with Radar,17,23,18,0,58,0,2,5,0,7,17,25,23,0,65,6,0,6,71
01/19/2022,FWA,IN,AGL,CE,Combined TRACON& Tower with Radar,13,23,6,9,51,0,0,11,4,15,13,23,17,13,66,0,0,0,66
01/20/2022,FWA,IN,AGL,CE,Combined TRACON& Tower with Radar,22,32,28,6,88,0,0,13,3,16,22,32,41,9,104,14,5,19,123
01/21/2022,FWA,IN,AGL,CE,Combined TRACON& Tower with Radar,16,25,12,4,57,0,10,29,0,39,16,35,41,4,96,12,4,16,112
01/22/2022,FWA,IN,AGL,CE,Combined TRACON& Tower with Radar,12,25,8,0,45,0,2,11,0,13,12,27,19,0,58,16,0,16,74
01/23/2022,FWA,IN,AGL,CE,Combined TRACON& Tower with Radar,13,27,11,0,51,0,0,2,0,2,13,27,13,0,53,0,0,0,53
01/24/2022,FWA,IN,AGL,CE,Combined TRACON& Tower with Radar,14,21,15,0,50,0,0,0,0,0,14,21,15,0,50,0,0,0,50
01/25/2022,FWA,IN,AGL,CE,Combined TRACON& Tower with Radar,18,25,14,8,65,0,7,23,5,35,18,32,37,13,100,34,0,34,134
01/26/2022,FWA,IN,AGL,CE,Combined TRACON& Tower with Radar,15,25,22,2,64,0,6,27,0,33,15,31,49,2,97,18,0,18,115
01/27/2022,FWA,IN,AGL,CE,Combined TRACON& Tower with Radar,20,35,17,0,72,0,0,11,0,11,20,35,28,0,83,22,0,22,105
01/28/2022,FWA,IN,AGL,CE,Combined TRACON& Tower with Radar,17,26,19,0,62,0,2,11,0,13,17,28,30,0,75,0,0,0,75
01/29/2022,FWA,IN,AGL,CE,Combined TRACON& Tower with Radar,16,22,5,0,43,0,8,24,0,32,16,30,29,0,75,0,0,0,75
01/30/2022,FWA,IN,AGL,CE,Combined TRACON& Tower with Radar,16,24,14,0,54,0,7,25,1,33,16,31,39,1,87,0,0,0,87
01/31/2022,FWA,IN,AGL,CE,Combined TRACON& Tower with Radar,12,28,22,0,62,0,8,44,0,52,12,36,66,0,114,0,0,0,114
02/01/2022,FWA,IN,AGL,CE,Combined TRACON& Tower with Radar,16,29,17,2,64,0,2,12,2,16,16,31,29,4,80,10,0,10,90
02/02/2022,FWA,IN,AGL,CE,Combined TRACON& Tower with Radar,10,10,4,0,24,0,0,0,0,0,10,10,4,0,24,0,0,0,24
02/03/2022,FWA,IN,AGL,CE,Combined TRACON& Tower with Radar,7,7,4,0,18,0,0,0,0,0,7,7,4,0,18,0,0,0,18
02/04/2022,FWA,IN,AGL,CE,Combined TRACON& Tower with Radar,21,33,9,0,63,0,0,2,0,2,21,33,11,0,65,4,0,4,69
02/05/2022,FWA,IN,AGL,CE,Combined TRACON& Tower with Radar,16,19,9,6,50,0,0,18,0,18,16,19,27,6,68,30,0,30,98
02/06/2022,FWA,IN,AGL,CE,Combined TRACON& Tower with Radar,12,27,25,0,64,0,0,31,2,33,12,27,56,2,97,18,0,18,115
02/07/2022,FWA,IN,AGL,CE,Combined TRACON& Tower with Radar,15,27,13,12,67,0,0,4,0,4,15,27,17,12,71,0,0,0,71
02/08/2022,FWA,IN,AGL,CE,Combined TRACON& Tower with Radar,27,30,20,6,83,0,1,36,3,40,27,31,56,9,123,30,0,30,153
02/09/2022,FWA,IN,AGL,CE,Combined TRACON& Tower with Radar,15,28,27,4,74,0,2,20,2,24,15,30,47,6,98,14,2,16,114
02/10/2022,FWA,IN,AGL,CE,Combined TRACON& Tower with Radar,24,33,22,7,86,0,0,2,1,3,24,33,24,8,89,0,20,20,109
02/11/2022,FWA,IN,AGL,CE,Combined TRACON& Tower with Radar,21,35,9,1,66,0,0,0,0,0,21,35,9,1,66,0,0,0,66
02/12/2022,FWA,IN,AGL,CE,Combined TRACON& Tower with Radar,15,21,21,0,57,0,0,2,0,2,15,21,23,0,59,6,0,6,65
02/13/2022,FWA,IN,AGL,CE,Combined TRACON& Tower with Radar,13,22,18,0,53,0,0,8,0,8,13,22,26,0,61,8,0,8,69
02/14/2022,FWA,IN,AGL,CE,Combined TRACON& Tower with Radar,16,28,12,0,56,0,2,28,0,30,16,30,40,0,86,56,0,56,142
02/15/2022,FWA,IN,AGL,CE,Combined TRACON& Tower with Radar,19,26,31,4,80,0,10,19,6,35,19,36,50,10,115,32,8,40,155
02/16/2022,FWA,IN,AGL,CE,Combined TRACON& Tower with Radar,18,33,17,11,79,0,0,5,1,6,18,33,22,12,85,22,14,36,121
02/17/2022,FWA,IN,AGL,CE,Combined TRACON& Tower with Radar,11,29,23,0,63,0,0,0,0,0,11,29,23,0,63,0,0,0,63
02/18/2022,FWA,IN,AGL,CE,Combined TRACON& Tower with Radar,22,32,28,0,82,0,1,16,0,17,22,33,44,0,99,18,0,18,117
02/19/2022,FWA,IN,AGL,CE,Combined TRACON& Tower with Radar,13,28,12,0,53,0,0,13,0,13,13,28,25,0,66,12,0,12,78
02/20/2022,FWA,IN,AGL,CE,Combined TRACON& Tower with Radar,12,34,13,0,59,0,0,14,0,14,12,34,27,0,73,6,0,6,79
02/21/2022,FWA,IN,AGL,CE,Combined TRACON& Tower with Radar,21,31,31,0,83,0,2,30,0,32,21,33,61,0,115,14,0,14,129
02/22/2022,FWA,IN,AGL,CE,Combined TRACON& Tower with Radar,18,30,26,8,82,0,0,0,0,0,18,30,26,8,82,0,0,0,82
02/23/2022,FWA,IN,AGL,CE,Combined TRACON& Tower with Radar,17,32,23,10,82,0,0,4,3,7,17,32,27,13,89,12,2,14,103
02/24/2022,FWA,IN,AGL,CE,Combined TRACON& Tower with Radar,18,27,13,9,67,0,0,1,2,3,18,27,14,11,70,0,0,0,70
02/25/2022,FWA,IN,AGL,CE,Combined TRACON& Tower with Radar,21,30,16,1,68,0,0,8,0,8,21,30,24,1,76,22,0,22,98
02/26/2022,FWA,IN,AGL,CE,Combined TRACON& Tower with Radar,17,31,8,0,56,0,0,28,0,28,17,31,36,0,84,32,0,32,116
02/27/2022,FWA,IN,AGL,CE,Combined TRACON& Tower with Radar,13,34,14,1,62,0,8,43,0,51,13,42,57,1,113,72,0,72,185
02/28/2022,FWA,IN,AGL,CE,Combined TRACON& Tower with Radar,22,29,26,0,77,0,4,26,0,30,22,33,52,0,107,40,0,40,147
03/01/2022,FWA,IN,AGL,CE,Combined TRACON& Tower with Radar,18,32,28,7,85,0,8,16,8,32,18,40,44,15,117,24,4,28,145
03/02/2022,FWA,IN,AGL,CE,Combined TRACON& Tower with Radar,20,24,15,7,66,0,6,15,5,26,20,30,30,12,92,0,6,6,98
03/03/2022,FWA,IN,AGL,CE,Combined TRACON& Tower with Radar,18,31,17,5,71,0,4,23,5,32,18,35,40,10,103,30,4,34,137
03/04/2022,FWA,IN,AGL,CE,Combined TRACON& Tower with Radar,22,28,24,1,75,0,0,27,7,34,22,28,51,8,109,36,0,36,145
03/05/2022,FWA,IN,AGL,CE,Combined TRACON& Tower with Radar,16,24,14,3,57,0,0,12,9,21,16,24,26,12,78,6,8,14,92
03/06/2022,FWA,IN,AGL,CE,Combined TRACON& Tower with Radar,8,32,18,8,66,0,1,8,6,15,8,33,26,14,81,0,0,0,81
03/07/2022,FWA,IN,AGL,CE,Combined TRACON& Tower with Radar,20,25,10,9,64,0,0,1,2,3,20,25,11,11,67,8,0,8,75
03/08/2022,FWA,IN,AGL,CE,Combined TRACON& Tower with Radar,13,25,33,14,85,0,0,17,3,20,13,25,50,17,105,24,4,28,133
03/09/2022,FWA,IN,AGL,CE,Combined TRACON& Tower with Radar,22,25,24,9,80,0,2,33,7,42,22,27,57,16,122,8,0,8,130
03/10/2022,FWA,IN,AGL,CE,Combined TRACON& Tower with Radar,19,38,22,6,85,0,2,9,7,18,19,40,31,13,103,8,4,12,115
03/11/2022,FWA,IN,AGL,CE,Combined TRACON& Tower with Radar,23,24,26,0,73,0,0,0,0,0,23,24,26,0,73,0,0,0,73
03/12/2022,FWA,IN,AGL,CE,Combined TRACON& Tower with Radar,17,27,14,0,58,0,0,1,0,1,17,27,15,0,59,0,0,0,59
03/13/2022,FWA,IN,AGL,CE,Combined TRACON& Tower with Radar,12,23,11,0,46,0,0,6,0,6,12,23,17,0,52,4,0,4,56
03/14/2022,FWA,IN,AGL,CE,Combined TRACON& Tower with Radar,20,37,26,0,83,0,6,14,0,20,20,43,40,0,103,18,0,18,121
03/15/2022,FWA,IN,AGL,CE,Combined TRACON& Tower with Radar,14,33,29,4,80,0,4,38,8,50,14,37,67,12,130,22,2,24,154
03/16/2022,FWA,IN,AGL,CE,Combined TRACON& Tower with Radar,20,31,26,7,84,0,4,30,6,40,20,35,56,13,124,4,0,4,128
03/17/2022,FWA,IN,AGL,CE,Combined TRACON& Tower with Radar,20,28,17,8,73,0,2,20,6,28,20,30,37,14,101,4,4,8,109
03/18/2022,FWA,IN,AGL,CE,Combined TRACON& Tower with Radar,21,25,13,9,68,0,4,7,5,16,21,29,20,14,84,0,0,0,84
03/19/2022,FWA,IN,AGL,CE,Combined TRACON& Tower with Radar,21,30,8,0,59,0,0,0,0,0,21,30,8,0,59,0,0,0,59
03/20/2022,FWA,IN,AGL,CE,Combined TRACON& Tower with Radar,12,25,18,0,55,0,0,36,0,36,12,25,54,0,91,48,0,48,139
03/21/2022,FWA,IN,AGL,CE,Combined TRACON& Tower with Radar,17,24,22,0,63,0,9,28,0,37,17,33,50,0,100,12,0,12,112
03/22/2022,FWA,IN,AGL,CE,Combined TRACON& Tower with Radar,14,21,19,5,59,0,0,0,3,3,14,21,19,8,62,0,0,0,62
03/23/2022,FWA,IN,AGL,CE,Combined TRACON& Tower with Radar,22,23,21,5,71,0,0,1,4,5,22,23,22,9,76,2,0,2,78
03/24/2022,FWA,IN,AGL,CE,Combined TRACON& Tower with Radar,23,34,40,1,98,0,0,7,2,9,23,34,47,3,107,28,0,28,135
03/25/2022,FWA,IN,AGL,CE,Combined TRACON& Tower with Radar,22,36,14,0,72,0,0,1,0,1,22,36,15,0,73,0,0,0,73
03/26/2022,FWA,IN,AGL,CE,Combined TRACON& Tower with Radar,16,27,9,0,52,0,0,0,0,0,16,27,9,0,52,0,0,0,52
03/27/2022,FWA,IN,AGL,CE,Combined TRACON& Tower with Radar,13,32,9,0,54,0,4,23,0,27,13,36,32,0,81,10,0,10,91
03/28/2022,FWA,IN,AGL,CE,Combined TRACON& Tower with Radar,20,37,29,0,86,0,4,26,0,30,20,41,55,0,116,10,0,10,126
03/29/2022,FWA,IN,AGL,CE,Combined TRACON& Tower with Radar,14,29,22,8,73,0,6,24,8,38,14,35,46,16,111,12,8,20,131
03/30/2022,FWA,IN,AGL,CE,Combined TRACON& Tower with Radar,20,27,31,0,78,0,2,2,12,16,20,29,33,12,94,10,0,10,104
03/31/2022,FWA,IN,AGL,CE,Combined TRACON& Tower with Radar,18,26,34,0,78,0,0,0,0,0,18,26,34,0,78,0,0,0,78
04/01/2022,FWA,IN,AGL,CE,Combined TRACON& Tower with Radar,24,33,19,6,82,0,0,25,3,28,24,33,44,9,110,20,0,20,130
04/02/2022,FWA,IN,AGL,CE,Combined TRACON& Tower with Radar,14,42,15,0,71,0,4,19,0,23,14,46,34,0,94,10,0,10,104
04/03/2022,FWA,IN,AGL,CE,Combined TRACON& Tower with Radar,12,31,18,0,61,0,2,20,0,22,12,33,38,0,83,40,0,40,123
04/04/2022,FWA,IN,AGL,CE,Combined TRACON& Tower with Radar,19,31,14,0,64,0,0,25,0,25,19,31,39,0,89,10,0,10,99
04/05/2022,FWA,IN,AGL,CE,Combined TRACON& Tower with Radar,17,22,20,1,60,0,2,13,1,16,17,24,33,2,76,0,0,0,76
04/06/2022,FWA,IN,AGL,CE,Combined TRACON& Tower with Radar,20,30,25,0,75,0,0,9,0,9,20,30,34,0,84,10,0,10,94
04/07/2022,FWA,IN,AGL,CE,Combined TRACON& Tower with Radar,23,30,21,3,77,0,0,3,4,7,23,30,24,7,84,0,4,4,88
04/08/2022,FWA,IN,AGL,CE,Combined TRACON& Tower with Radar,22,24,17,0,63,0,0,3,1,4,22,24,20,1,67,10,0,10,77
04/09/2022,FWA,IN,AGL,CE,Combined TRACON& Tower with Radar,16,25,17,1,59,0,0,8,0,8,16,25,25,1,67,10,0,10,77
04/10/2022,FWA,IN,AGL,CE,Combined TRACON& Tower with Radar,14,33,14,0,61,0,0,41,0,41,14,33,55,0,102,20,0,20,122
04/11/2022,FWA,IN,AGL,CE,Combined TRACON& Tower with Radar,20,20,24,2,66,0,4,10,0,14,20,24,34,2,80,18,0,18,98
04/12/2022,FWA,IN,AGL,CE,Combined TRACON& Tower with Radar,17,22,20,8,67,0,2,23,4,29,17,24,43,12,96,34,0,34,130
04/13/2022,FWA,IN,AGL,CE,Combined TRACON& Tower with Radar,21,22,11,0,54,0,0,1,0,1,21,22,12,0,55,0,0,0,55
04/14/2022,FWA,IN,AGL,CE,Combined TRACON& Tower with Radar,24,28,32,2,86,0,2,15,8,25,24,30,47,10,111,0,0,0,111
04/15/2022,FWA,IN,AGL,CE,Combined TRACON& Tower with Radar,21,25,7,7,60,0,4,5,15,24,21,29,12,22,84,8,0,8,92
04/16/2022,FWA,IN,AGL,CE,Combined TRACON& Tower with Radar,16,24,10,0,50,0,4,33,0,37,16,28,43,0,87,22,0,22,109
04/17/2022,FWA,IN,AGL,CE,Combined TRACON& Tower with Radar,14,25,9,0,48,0,8,35,0,43,14,33,44,0,91,8,0,8,99
04/18/2022,FWA,IN,AGL,CE,Combined TRACON& Tower with Radar,19,27,10,0,56,0,1,0,0,1,19,28,10,0,57,0,0,0,57
04/19/2022,FWA,IN,AGL,CE,Combined TRACON& Tower with Radar,19,28,22,3,72,0,23,29,5,57,19,51,51,8,129,68,0,68,197
04/20/2022,FWA,IN,AGL,CE,Combined TRACON& Tower with Radar,22,22,31,5,80,0,8,17,3,28,22,30,48,8,108,2,0,2,110
04/21/2022,FWA,IN,AGL,CE,Combined TRACON& Tower with Radar,22,38,27,8,95,0,4,28,4,36,22,42,55,12,131,44,0,44,175
04/22/2022,FWA,IN,AGL,CE,Combined TRACON& Tower with Radar,20,32,15,4,71,0,5,9,5,19,20,37,24,9,90,4,2,6,96
04/23/2022,FWA,IN,AGL,CE,Combined TRACON& Tower with Radar,16,27,13,0,56,0,5,21,3,29,16,32,34,3,85,24,12,36,121
04/24/2022,FWA,IN,AGL,CE,Combined TRACON& Tower with Radar,16,20,11,6,53,0,3,6,9,18,16,23,17,15,71,0,0,0,71
04/25/2022,FWA,IN,AGL,CE,Combined TRACON& Tower with Radar,19,26,19,6,70,0,0,8,5,13,19,26,27,11,83,24,0,24,107
04/26/2022,FWA,IN,AGL,CE,Combined TRACON& Tower with Radar,21,25,22,9,77,0,0,29,1,30,21,25,51,10,107,18,0,18,125
04/27/2022,FWA,IN,AGL,CE,Combined TRACON& Tower with Radar,26,19,22,6,73,0,8,60,5,73,26,27,82,11,146,44,0,44,190
04/28/2022,FWA,IN,AGL,CE,Combined TRACON& Tower with Radar,22,37,18,3,80,0,10,34,3,47,22,47,52,6,127,34,0,34,161
04/29/2022,FWA,IN,AGL,CE,Combined TRACON& Tower with Radar,22,26,20,2,70,0,10,27,0,37,22,36,47,2,107,2,0,2,109
04/30/2022,FWA,IN,AGL,CE,Combined TRACON& Tower with Radar,21,26,14,0,61,0,0,4,0,4,21,26,18,0,65,4,0,4,69
05/01/2022,FWA,IN,AGL,CE,Combined TRACON& Tower with Radar,17,22,23,0,62,0,0,10,0,10,17,22,33,0,72,8,0,8,80
05/02/2022,FWA,IN,AGL,CE,Combined TRACON& Tower with Radar,18,28,23,0,69,0,0,18,0,18,18,28,41,0,87,34,0,34,121
05/03/2022,FWA,IN,AGL,CE,Combined TRACON& Tower with Radar,21,19,12,7,59,0,0,1,0,1,21,19,13,7,60,0,0,0,60
05/04/2022,FWA,IN,AGL,CE,Combined TRACON& Tower with Radar,22,39,46,10,117,0,0,11,1,12,22,39,57,11,129,24,2,26,155
05/05/2022,FWA,IN,AGL,CE,Combined TRACON& Tower with Radar,25,27,26,7,85,0,0,12,3,15,25,27,38,10,100,0,0,0,100
05/06/2022,FWA,IN,AGL,CE,Combined TRACON& Tower with Radar,28,18,20,0,66,0,0,0,0,0,28,18,20,0,66,0,0,0,66
05/07/2022,FWA,IN,AGL,CE,Combined TRACON& Tower with Radar,22,28,22,0,72,0,0,16,0,16,22,28,38,0,88,8,0,8,96
05/08/2022,FWA,IN,AGL,CE,Combined TRACON& Tower with Radar,19,24,10,0,53,0,0,18,0,18,19,24,28,0,71,0,0,0,71
05/09/2022,FWA,IN,AGL,CE,Combined TRACON& Tower with Radar,24,35,23,0,82,0,2,31,0,33,24,37,54,0,115,12,0,12,127
05/10/2022,FWA,IN,AGL,CE,Combined TRACON& Tower with Radar,22,26,14,4,66,0,8,35,2,45,22,34,49,6,111,52,0,52,163
05/11/2022,FWA,IN,AGL,CE,Combined TRACON& Tower with Radar,24,31,29,4,88,0,22,39,4,65,24,53,68,8,153,72,4,76,229
05/12/2022,FWA,IN,AGL,CE,Combined TRACON& Tower with Radar,23,37,34,7,101,0,6,41,6,53,23,43,75,13,154,16,0,16,170
05/13/2022,FWA,IN,AGL,CE,Combined TRACON& Tower with Radar,25,30,14,4,73,0,8,42,9,59,25,38,56,13,132,46,6,52,184
05/14/2022,FWA,IN,AGL,CE,Combined TRACON& Tower with Radar,18,34,17,2,71,0,2,14,6,22,18,36,31,8,93,0,0,0,93
05/15/2022,FWA,IN,AGL,CE,Combined TRACON& Tower with Radar,16,27,16,3,62,0,4,40,9,53,16,31,56,12,115,28,0,28,143
05/16/2022,FWA,IN,AGL,CE,Combined TRACON& Tower with Radar,21,23,22,8,74,0,0,29,6,35,21,23,51,14,109,12,2,14,123
05/17/2022,FWA,IN,AGL,CE,Combined TRACON& Tower with Radar,23,29,25,7,84,0,10,36,4,50,23,39,61,11,134,66,0,66,200
05/18/2022,FWA,IN,AGL,CE,Combined TRACON& Tower with Radar,22,24,24,21,91,0,0,4,0,4,22,24,28,21,95,0,0,0,95
05/19/2022,FWA,IN,AGL,CE,Combined TRACON& Tower with Radar,26,27,27,6,86,0,0,37,4,41,26,27,64,10,127,40,6,46,173
05/20/2022,FWA,IN,AGL,CE,Combined TRACON& Tower with Radar,23,26,26,0,75,0,0,1,0,1,23,26,27,0,76,0,0,0,76
05/21/2022,FWA,IN,AGL,CE,Combined TRACON& Tower with Radar,18,21,7,0,46,0,0,2,0,2,18,21,9,0,48,0,0,0,48
05/22/2022,FWA,IN,AGL,CE,Combined TRACON& Tower with Radar,19,20,21,0,60,0,2,11,0,13,19,22,32,0,73,4,0,4,77
05/23/2022,FWA,IN,AGL,CE,Combined TRACON& Tower with Radar,20,22,23,1,66,0,5,32,0,37,20,27,55,1,103,88,0,88,191
05/24/2022,FWA,IN,AGL,CE,Combined TRACON& Tower with Radar,22,32,34,2,90,0,3,24,6,33,22,35,58,8,123,42,0,42,165
05/25/2022,FWA,IN,AGL,CE,Combined TRACON& Tower with Radar,27,28,24,10,89,0,0,2,0,2,27,28,26,10,91,20,0,20,111
05/26/2022,FWA,IN,AGL,CE,Combined TRACON& Tower with Radar,28,28,26,0,82,0,0,4,2,6,28,28,30,2,88,0,0,0,88
05/27/2022,FWA,IN,AGL,CE,Combined TRACON& Tower with Radar,24,23,21,0,68,0,1,4,0,5,24,24,25,0,73,0,0,0,73
05/28/2022,FWA,IN,AGL,CE,Combined TRACON& Tower with Radar,21,22,14,1,58,0,2,32,0,34,21,24,46,1,92,16,0,16,108
05/29/2022,FWA,IN,AGL,CE,Combined TRACON& Tower with Radar,19,18,6,0,43,0,3,24,0,27,19,21,30,0,70,6,0,6,76
05/30/2022,FWA,IN,AGL,CE,Combined TRACON& Tower with Radar,18,26,9,1,54,0,0,24,0,24,18,26,33,1,78,16,0,16,94
05/31/2022,FWA,IN,AGL,CE,Combined TRACON& Tower with Radar,20,22,25,5,72,0,6,27,3,36,20,28,52,8,108,76,0,76,184
06/01/2022,FWA,IN,AGL,CE,Combined TRACON& Tower with Radar,25,26,23,4,78,0,4,4,3,11,25,30,27,7,89,6,0,6,95
06/02/2022,FWA,IN,AGL,CE,Combined TRACON& Tower with Radar,30,18,15,6,69,0,2,44,14,60,30,20,59,20,129,39,0,39,168
06/03/2022,FWA,IN,AGL,CE,Combined TRACON& Tower with Radar,21,25,19,6,71,0,1,24,43,68,21,26,43,49,139,0,4,4,143
06/04/2022,FWA,IN,AGL,CE,Combined TRACON& Tower with Radar,18,18,12,0,48,0,0,13,33,46,18,18,25,33,94,8,0,8,102
06/05/2022,FWA,IN,AGL,CE,Combined TRACON& Tower with Radar,17,26,11,1,55,0,1,24,31,56,17,27,35,32,111,2,0,2,113
06/06/2022,FWA,IN,AGL,CE,Combined TRACON& Tower with Radar,20,19,15,6,60,0,0,21,7,28,20,19,36,13,88,10,0,10,98
06/07/2022,FWA,IN,AGL,CE,Combined TRACON& Tower with Radar,21,30,22,6,79,0,2,15,3,20,21,32,37,9,99,8,0,8,107
06/08/2022,FWA,IN,AGL,CE,Combined TRACON& Tower with Radar,27,26,18,3,74,0,6,8,9,23,27,32,26,12,97,4,12,16,113
06/09/2022,FWA,IN,AGL,CE,Combined TRACON& Tower with Radar,25,27,27,4,83,0,8,26,2,36,25,35,53,6,119,20,0,20,139
06/10/2022,FWA,IN,AGL,CE,Combined TRACON& Tower with Radar,22,25,19,0,66,0,2,32,0,34,22,27,51,0,100,4,0,4,104
06/11/2022,FWA,IN,AGL,CE,Combined TRACON& Tower with Radar,17,23,12,1,53,0,0,20,0,20,17,23,32,1,73,14,0,14,87
06/12/2022,FWA,IN,AGL,CE,Combined TRACON& Tower with Radar,20,21,22,3,66,0,0,6,0,6,20,21,28,3,72,0,0,0,72
06/13/2022,FWA,IN,AGL,CE,Combined TRACON& Tower with Radar,13,31,27,1,72,0,0,9,0,9,13,31,36,1,81,26,0,26,107
06/14/2022,FWA,IN,AGL,CE,Combined TRACON& Tower with Radar,16,25,24,0,65,0,4,26,0,30,16,29,50,0,95,18,0,18,113
06/15/2022,FWA,IN,AGL,CE,Combined TRACON& Tower with Radar,22,31,22,11,86,0,4,30,6,40,22,35,52,17,126,4,0,4,130
06/16/2022,FWA,IN,AGL,CE,Combined TRACON& Tower with Radar,23,21,10,9,63,0,4,27,5,36,23,25,37,14,99,26,0,26,125
06/17/2022,FWA,IN,AGL,CE,Combined TRACON& Tower with Radar,23,26,15,0,64,0,8,12,0,20,23,34,27,0,84,26,0,26,110
06/18/2022,FWA,IN,AGL,CE,Combined TRACON& Tower with Radar,22,24,14,0,60,0,4,35,0,39,22,28,49,0,99,44,0,44,143
06/19/2022,FWA,IN,AGL,CE,Combined TRACON& Tower with Radar,17,21,7,0,45,0,1,16,0,17,17,22,23,0,62,32,0,32,94
06/20/2022,FWA,IN,AGL,CE,Combined TRACON& Tower with Radar,19,21,25,0,65,0,3,25,0,28,19,24,50,0,93,16,0,16,109
06/21/2022,FWA,IN,AGL,CE,Combined TRACON& Tower with Radar,20,27,23,0,70,0,4,12,0,16,20,31,35,0,86,18,0,18,104
06/22/2022,FWA,IN,AGL,CE,Combined TRACON& Tower with Radar,23,31,26,5,85,0,2,39,11,52,23,33,65,16,137,46,0,46,183
06/23/2022,FWA,IN,AGL,CE,Combined TRACON& Tower with Radar,25,33,34,6,98,0,6,18,11,35,25,39,52,17,133,52,6,58,191
06/24/2022,FWA,IN,AGL,CE,Combined TRACON& Tower with Radar,23,25,15,2,65,0,2,29,11,42,23,27,44,13,107,6,0,6,113
06/25/2022,FWA,IN,AGL,CE,Combined TRACON& Tower with Radar,24,19,16,2,61,0,4,18,2,24,24,23,34,4,85,38,0,38,123
06/26/2022,FWA,IN,AGL,CE,Combined TRACON& Tower with Radar,15,23,10,2,50,0,0,4,0,4,15,23,14,2,54,0,2,2,56
06/27/2022,FWA,IN,AGL,CE,Combined TRACON& Tower with Radar,20,26,36,0,82,0,4,33,0,37,20,30,69,0,119,36,0,36,155
06/28/2022,FWA,IN,AGL,CE,Combined TRACON& Tower with Radar,21,26,28,3,78,0,16,71,9,96,21,42,99,12,174,122,0,122,296
06/29/2022,FWA,IN,AGL,CE,Combined TRACON& Tower with Radar,23,31,27,5,86,0,2,38,7,47,23,33,65,12,133,22,2,24,157
06/30/2022,FWA,IN,AGL,CE,Combined TRACON& Tower with Radar,26,27,27,5,85,0,2,41,7,50,26,29,68,12,135,30,2,32,167
07/01/2022,FWA,IN,AGL,CE,Combined TRACON& Tower with Radar,22,25,13,0,60,0,0,21,1,22,22,25,34,1,82,10,0,10,92
07/02/2022,FWA,IN,AGL,CE,Combined TRACON& Tower with Radar,21,25,7,0,53,0,0,31,4,35,21,25,38,4,88,4,0,4,92
07/03/2022,FWA,IN,AGL,CE,Combined TRACON& Tower with Radar,16,21,10,1,48,0,2,31,10,43,16,23,41,11,91,10,0,10,101
07/04/2022,FWA,IN,AGL,CE,Combined TRACON& Tower with Radar,17,20,12,0,49,0,5,17,9,31,17,25,29,9,80,14,2,16,96
07/05/2022,FWA,IN,AGL,CE,Combined TRACON& Tower with Radar,17,27,18,3,65,0,0,3,2,5,17,27,21,5,70,0,0,0,70
07/06/2022,FWA,IN,AGL,CE,Combined TRACON& Tower with Radar,23,19,10,7,59,0,0,2,5,7,23,19,12,12,66,0,0,0,66
07/07/2022,FWA,IN,AGL,CE,Combined TRACON& Tower with Radar,22,22,23,2,69,0,0,48,1,49,22,22,71,3,118,22,0,22,140
07/08/2022,FWA,IN,AGL,CE,Combined TRACON& Tower with Radar,23,22,24,1,70,0,0,10,0,10,23,22,34,1,80,24,0,24,104
07/09/2022,FWA,IN,AGL,CE,Combined TRACON& Tower with Radar,21,28,13,2,64,0,2,38,0,40,21,30,51,2,104,30,0,30,134
07/10/2022,FWA,IN,AGL,CE,Combined TRACON& Tower with Radar,17,18,13,6,54,0,6,37,6,49,17,24,50,12,103,24,0,24,127
07/11/2022,FWA,IN,AGL,CE,Combined TRACON& Tower with Radar,22,23,14,2,61,0,2,15,0,17,22,25,29,2,78,10,0,10,88
07/12/2022,FWA,IN,AGL,CE,Combined TRACON& Tower with Radar,18,24,20,3,65,0,0,20,6,26,18,24,40,9,91,4,0,4,95
07/13/2022,FWA,IN,AGL,CE,Combined TRACON& Tower with Radar,22,24,17,3,66,0,8,39,9,56,22,32,56,12,122,64,4,68,190
07/14/2022,FWA,IN,AGL,CE,Combined TRACON& Tower with Radar,21,22,19,9,71,0,5,22,2,29,21,27,41,11,100,48,0,48,148
07/15/2022,FWA,IN,AGL,CE,Combined TRACON& Tower with Radar,29,24,19,5,77,0,0,12,6,18,29,24,31,11,95,6,0,6,101
07/16/2022,FWA,IN,AGL,CE,Combined TRACON& Tower with Radar,22,26,21,0,69,0,0,10,0,10,22,26,31,0,79,14,0,14,93
07/17/2022,FWA,IN,AGL,CE,Combined TRACON& Tower with Radar,16,23,11,1,51,0,0,2,0,2,16,23,13,1,53,0,0,0,53
07/18/2022,FWA,IN,AGL,CE,Combined TRACON& Tower with Radar,24,25,26,0,75,0,4,19,0,23,24,29,45,0,98,18,0,18,116
07/19/2022,FWA,IN,AGL,CE,Combined TRACON& Tower with Radar,22,21,25,1,69,0,8,34,9,51,22,29,59,10,120,14,4,18,138
07/20/2022,FWA,IN,AGL,CE,Combined TRACON& Tower with Radar,25,25,26,2,78,0,0,19,6,25,25,25,45,8,103,34,0,34,137
07/21/2022,FWA,IN,AGL,CE,Combined TRACON& Tower with Radar,23,25,22,1,71,0,6,36,8,50,23,31,58,9,121,42,0,42,163
07/22/2022,FWA,IN,AGL,CE,Combined TRACON& Tower with Radar,23,21,25,2,71,0,4,33,5,42,23,25,58,7,113,14,0,14,127
07/23/2022,FWA,IN,AGL,CE,Combined TRACON& Tower with Radar,22,28,4,0,54,0,3,9,0,12,22,31,13,0,66,6,0,6,72
07/24/2022,FWA,IN,AGL,CE,Combined TRACON& Tower with Radar,18,18,12,0,48,0,0,13,0,13,18,18,25,0,61,10,0,10,71
07/25/2022,FWA,IN,AGL,CE,Combined TRACON& Tower with Radar,20,21,16,0,57,0,8,47,0,55,20,29,63,0,112,20,0,20,132
07/26/2022,FWA,IN,AGL,CE,Combined TRACON& Tower with Radar,21,27,33,3,84,0,5,18,4,27,21,32,51,7,111,22,2,24,135
07/27/2022,FWA,IN,AGL,CE,Combined TRACON& Tower with Radar,21,34,27,4,86,0,0,2,0,2,21,34,29,4,88,0,0,0,88
07/28/2022,FWA,IN,AGL,CE,Combined TRACON& Tower with Radar,23,25,19,8,75,0,2,31,7,40,23,27,50,15,115,30,0,30,145
07/29/2022,FWA,IN,AGL,CE,Combined TRACON& Tower with Radar,24,33,27,6,90,0,3,30,4,37,24,36,57,10,127,16,2,18,145
07/30/2022,FWA,IN,AGL,CE,Combined TRACON& Tower with Radar,27,23,16,0,66,0,0,26,0,26,27,23,42,0,92,12,0,12,104
07/31/2022,FWA,IN,AGL,CE,Combined TRACON& Tower with Radar,17,21,16,0,54,0,4,16,0,20,17,25,32,0,74,0,0,0,74
08/01/2022,FWA,IN,AGL,CE,Combined TRACON& Tower with Radar,21,23,16,0,60,0,0,15,0,15,21,23,31,0,75,32,0,32,107
08/02/2022,FWA,IN,AGL,CE,Combined TRACON& Tower with Radar,18,30,24,5,77,0,6,24,5,35,18,36,48,10,112,38,0,38,150
08/03/2022,FWA,IN,AGL,CE,Combined TRACON& Tower with Radar,19,34,23,0,76,0,0,8,9,17,19,34,31,9,93,6,4,10,103
08/04/2022,FWA,IN,AGL,CE,Combined TRACON& Tower with Radar,25,25,20,6,76,0,0,9,6,15,25,25,29,12,91,0,12,12,103
08/05/2022,FWA,IN,AGL,CE,Combined TRACON& Tower with Radar,23,37,15,0,75,0,4,12,5,21,23,41,27,5,96,50,0,50,146
08/06/2022,FWA,IN,AGL,CE,Combined TRACON& Tower with Radar,21,24,25,0,70,0,0,6,0,6,21,24,31,0,76,24,0,24,100
08/07/2022,FWA,IN,AGL,CE,Combined TRACON& Tower with Radar,15,22,14,2,53,0,0,9,0,9,15,22,23,2,62,0,10,10,72
08/08/2022,FWA,IN,AGL,CE,Combined TRACON& Tower with Radar,21,23,19,0,63,0,0,13,0,13,21,23,32,0,76,6,0,6,82
08/09/2022,FWA,IN,AGL,CE,Combined TRACON& Tower with Radar,23,23,25,5,76,0,0,8,2,10,23,23,33,7,86,0,0,0,86
08/10/2022,FWA,IN,AGL,CE,Combined TRACON& Tower with Radar,21,27,25,6,79,0,3,35,6,44,21,30,60,12,123,50,0,50,173
08/11/2022,FWA,IN,AGL,CE,Combined TRACON& Tower with Radar,25,23,34,6,88,0,4,21,6,31,25,27,55,12,119,2,4,6,125
08/12/2022,FWA,IN,AGL,CE,Combined TRACON& Tower with Radar,22,21,16,4,63,0,4,43,5,52,22,25,59,9,115,40,0,40,155
08/13/2022,FWA,IN,AGL,CE,Combined TRACON& Tower with Radar,22,22,13,0,57,0,0,15,0,15,22,22,28,0,72,10,0,10,82
08/14/2022,FWA,IN,AGL,CE,Combined TRACON& Tower with Radar,18,23,15,0,56,0,0,2,2,4,18,23,17,2,60,0,0,0,60
08/15/2022,FWA,IN,AGL,CE,Combined TRACON& Tower with Radar,20,19,26,11,76,0,2,13,0,15,20,21,39,11,91,20,4,24,115
08/16/2022,FWA,IN,AGL,CE,Combined TRACON& Tower with Radar,20,19,23,1,63,0,0,19,10,29,20,19,42,11,92,16,4,20,112
08/17/2022,FWA,IN,AGL,CE,Combined TRACON& Tower with Radar,21,17,29,6,73,0,6,18,7,31,21,23,47,13,104,22,4,26,130
08/18/2022,FWA,IN,AGL,CE,Combined TRACON& Tower with Radar,27,21,19,2,69,0,1,27,8,36,27,22,46,10,105,0,0,0,105
08/19/2022,FWA,IN,AGL,CE,Combined TRACON& Tower with Radar,24,25,22,3,74,0,4,21,9,34,24,29,43,12,108,24,2,26,134
08/20/2022,FWA,IN,AGL,CE,Combined TRACON& Tower with Radar,14,21,15,0,50,0,0,5,0,5,14,21,20,0,55,8,0,8,63
08/21/2022,FWA,IN,AGL,CE,Combined TRACON& Tower with Radar,20,21,17,0,58,0,0,3,0,3,20,21,20,0,61,24,0,24,85
08/22/2022,FWA,IN,AGL,CE,Combined TRACON& Tower with Radar,19,21,35,14,89,0,2,19,0,21,19,23,54,14,110,0,0,0,110
08/23/2022,FWA,IN,AGL,CE,Combined TRACON& Tower with Radar,23,19,13,3,58,0,0,33,7,40,23,19,46,10,98,20,10,30,128
08/24/2022,FWA,IN,AGL,CE,Combined TRACON& Tower with Radar,20,21,22,8,71,0,11,52,2,65,20,32,74,10,136,32,0,32,168
08/25/2022,FWA,IN,AGL,CE,Combined TRACON& Tower with Radar,27,20,30,9,86,0,0,13,7,20,27,20,43,16,106,10,12,22,128
08/26/2022,FWA,IN,AGL,CE,Combined TRACON& Tower with Radar,23,23,25,4,75,0,2,30,5,37,23,25,55,9,112,6,4,10,122
08/27/2022,FWA,IN,AGL,CE,Combined TRACON& Tower with Radar,14,24,8,0,46,0,6,26,0,32,14,30,34,0,78,36,0,36,114
08/28/2022,FWA,IN,AGL,CE,Combined TRACON& Tower with Radar,18,19,18,0,55,0,0,20,0,20,18,19,38,0,75,16,0,16,91
08/29/2022,FWA,IN,AGL,CE,Combined TRACON& Tower with Radar,20,22,17,0,59,0,0,5,0,5,20,22,22,0,64,8,0,8,72
08/30/2022,FWA,IN,AGL,CE,Combined TRACON& Tower with Radar,20,18,34,3,75,0,0,14,3,17,20,18,48,6,92,18,0,18,110
08/31/2022,FWA,IN,AGL,CE,Combined TRACON& Tower with Radar,25,21,28,3,77,0,2,49,11,62,25,23,77,14,139,26,0,26,165
09/01/2022,FWA,IN,AGL,CE,Combined TRACON& Tower with Radar,29,20,27,8,84,0,4,28,3,35,29,24,55,11,119,22,0,22,141
09/02/2022,FWA,IN,AGL,CE,Combined TRACON& Tower with Radar,22,15,18,0,55,0,4,33,0,37,22,19,51,0,92,36,0,36,128
09/03/2022,FWA,IN,AGL,CE,Combined TRACON& Tower with Radar,13,18,14,0,45,0,2,33,2,37,13,20,47,2,82,12,0,12,94
09/04/2022,FWA,IN,AGL,CE,Combined TRACON& Tower with Radar,18,15,19,0,52,0,0,2,0,2,18,15,21,0,54,0,0,0,54
09/05/2022,FWA,IN,AGL,CE,Combined TRACON& Tower with Radar,16,24,24,0,64,0,0,3,0,3,16,24,27,0,67,16,0,16,83
09/06/2022,FWA,IN,AGL,CE,Combined TRACON& Tower with Radar,22,24,21,3,70,0,2,6,1,9,22,26,27,4,79,4,0,4,83
09/07/2022,FWA,IN,AGL,CE,Combined TRACON& Tower with Radar,23,19,13,0,55,0,6,18,5,29,23,25,31,5,84,54,12,66,150
09/08/2022,FWA,IN,AGL,CE,Combined TRACON& Tower with Radar,24,26,35,0,85,0,5,38,4,47,24,31,73,4,132,48,0,48,180
09/09/2022,FWA,IN,AGL,CE,Combined TRACON& Tower with Radar,21,24,27,0,72,0,0,35,8,43,21,24,62,8,115,18,0,18,133
09/10/2022,FWA,IN,AGL,CE,Combined TRACON& Tower with Radar,15,24,13,3,55,0,0,25,13,38,15,24,38,16,93,52,12,64,157
09/11/2022,FWA,IN,AGL,CE,Combined TRACON& Tower with Radar,22,18,21,14,75,0,0,2,0,2,22,18,23,14,77,0,0,0,77
09/12/2022,FWA,IN,AGL,CE,Combined TRACON& Tower with Radar,18,23,22,12,75,0,0,5,4,9,18,23,27,16,84,0,4,4,88
09/13/2022,FWA,IN,AGL,CE,Combined TRACON& Tower with Radar,19,28,28,11,86,0,0,0,2,2,19,28,28,13,88,12,0,12,100
09/14/2022,FWA,IN,AGL,CE,Combined TRACON& Tower with Radar,22,18,30,3,73,0,1,26,12,39,22,19,56,15,112,46,0,46,158
09/15/2022,FWA,IN,AGL,CE,Combined TRACON& Tower with Radar,27,27,25,6,85,0,7,19,4,30,27,34,44,10,115,32,6,38,153
09/16/2022,FWA,IN,AGL,CE,Combined TRACON& Tower with Radar,20,24,19,0,63,0,2,46,0,48,20,26,65,0,111,30,0,30,141
09/17/2022,FWA,IN,AGL,CE,Combined TRACON& Tower with Radar,12,20,15,0,47,0,6,16,0,22,12,26,31,0,69,0,0,0,69
09/18/2022,FWA,IN,AGL,CE,Combined TRACON& Tower with Radar,18,22,15,0,55,0,0,26,0,26,18,22,41,0,81,28,0,28,109
09/19/2022,FWA,IN,AGL,CE,Combined TRACON& Tower with Radar,18,29,22,0,69,0,6,17,0,23,18,35,39,0,92,28,0,28,120
09/20/2022,FWA,IN,AGL,CE,Combined TRACON& Tower with Radar,20,23,23,5,71,0,2,23,6,31,20,25,46,11,102,47,10,57,159
09/21/2022,FWA,IN,AGL,CE,Combined TRACON& Tower with Radar,19,18,21,3,61,0,4,8,7,19,19,22,29,10,80,4,0,4,84
09/22/2022,FWA,IN,AGL,CE,Combined TRACON& Tower with Radar,29,23,18,9,79,0,8,52,5,65,29,31,70,14,144,36,2,38,182
09/23/2022,FWA,IN,AGL,CE,Combined TRACON& Tower with Radar,24,28,19,0,71,0,5,31,0,36,24,33,50,0,107,82,0,82,189
09/24/2022,FWA,IN,AGL,CE,Combined TRACON& Tower with Radar,14,24,13,0,51,0,10,21,0,31,14,34,34,0,82,20,0,20,102
09/25/2022,FWA,IN,AGL,CE,Combined TRACON& Tower with Radar,24,30,18,0,72,0,0,4,0,4,24,30,22,0,76,0,0,0,76
09/26/2022,FWA,IN,AGL,CE,Combined TRACON& Tower with Radar,20,23,28,0,71,0,0,13,0,13,20,23,41,0,84,4,0,4,88
09/27/2022,FWA,IN,AGL,CE,Combined TRACON& Tower with Radar,19,23,22,2,66,0,3,14,4,21,19,26,36,6,87,12,8,20,107
09/28/2022,FWA,IN,AGL,CE,Combined TRACON& Tower with Radar,24,26,21,3,74,0,1,17,0,18,24,27,38,3,92,22,0,22,114
09/29/2022,FWA,IN,AGL,CE,Combined TRACON& Tower with Radar,27,27,19,0,73,0,2,42,0,44,27,29,61,0,117,30,0,30,147
09/30/2022,FWA,IN,AGL,CE,Combined TRACON& Tower with Radar,18,29,18,0,65,0,8,48,0,56,18,37,66,0,121,88,0,88,209
10/01/2022,FWA,IN,AGL,CE,Combined TRACON& Tower with Radar,15,18,10,0,43,0,0,12,0,12,15,18,22,0,55,16,0,16,71
10/02/2022,FWA,IN,AGL,CE,Combined TRACON& Tower with Radar,18,23,19,0,60,0,2,14,0,16,18,25,33,0,76,12,0,12,88
10/03/2022,FWA,IN,AGL,CE,Combined TRACON& Tower with Radar,20,27,20,0,67,0,4,32,0,36,20,31,52,0,103,62,0,62,165
10/04/2022,FWA,IN,AGL,CE,Combined TRACON& Tower with Radar,21,18,25,2,66,0,10,24,18,52,21,28,49,20,118,62,0,62,180
10/05/2022,FWA,IN,AGL,CE,Combined TRACON& Tower with Radar,26,19,20,6,71,0,10,42,4,56,26,29,62,10,127,24,0,24,151
10/06/2022,FWA,IN,AGL,CE,Combined TRACON& Tower with Radar,31,19,20,1,71,0,6,26,6,38,31,25,46,7,109,20,0,20,129
10/07/2022,FWA,IN,AGL,CE,Combined TRACON& Tower with Radar,30,24,24,0,78,0,2,18,0,20,30,26,42,0,98,32,0,32,130
10/08/2022,FWA,IN,AGL,CE,Combined TRACON& Tower with Radar,28,22,23,0,73,0,0,42,0,42,28,22,65,0,115,28,0,28,143
10/09/2022,FWA,IN,AGL,CE,Combined TRACON& Tower with Radar,22,19,9,0,50,0,2,29,0,31,22,21,38,0,81,12,0,12,93
10/10/2022,FWA,IN,AGL,CE,Combined TRACON& Tower with Radar,24,20,17,0,61,0,2,34,0,36,24,22,51,0,97,6,0,6,103
10/11/2022,FWA,IN,AGL,CE,Combined TRACON& Tower with Radar,24,19,20,3,66,0,0,15,4,19,24,19,35,7,85,14,2,16,101
10/12/2022,FWA,IN,AGL,CE,Combined TRACON& Tower with Radar,26,25,18,5,74,0,0,4,7,11,26,25,22,12,85,6,0,6,91
10/13/2022,FWA,IN,AGL,CE,Combined TRACON& Tower with Radar,30,17,27,0,74,0,2,21,8,31,30,19,48,8,105,8,0,8,113
10/14/2022,FWA,IN,AGL,CE,Combined TRACON& Tower with Radar,26,17,17,13,73,0,4,15,10,29,26,21,32,23,102,28,22,50,152
10/15/2022,FWA,IN,AGL,CE,Combined TRACON& Tower with Radar,24,19,29,0,72,0,0,18,4,22,24,19,47,4,94,18,6,24,118
10/16/2022,FWA,IN,AGL,CE,Combined TRACON& Tower with Radar,22,17,14,5,58,0,2,17,6,25,22,19,31,11,83,6,0,6,89
10/17/2022,FWA,IN,AGL,CE,Combined TRACON& Tower with Radar,24,20,28,3,75,0,0,1,6,7,24,20,29,9,82,0,0,0,82
10/18/2022,FWA,IN,AGL,CE,Combined TRACON& Tower with Radar,23,29,23,5,80,0,0,0,0,0,23,29,23,5,80,0,0,0,80
10/19/2022,FWA,IN,AGL,CE,Combined TRACON& Tower with Radar,24,24,20,4,72,0,0,10,5,15,24,24,30,9,87,0,2,2,89
10/20/2022,FWA,IN,AGL,CE,Combined TRACON& Tower with Radar,35,26,23,7,91,0,17,51,6,74,35,43,74,13,165,72,4,76,241
10/21/2022,FWA,IN,AGL,CE,Combined TRACON& Tower with Radar,28,18,16,0,62,0,2,26,0,28,28,20,42,0,90,8,0,8,98
10/22/2022,FWA,IN,AGL,CE,Combined TRACON& Tower with Radar,24,20,11,0,55,0,2,23,0,25,24,22,34,0,80,8,0,8,88
10/23/2022,FWA,IN,AGL,CE,Combined TRACON& Tower with Radar,27,15,24,0,66,0,0,16,0,16,27,15,40,0,82,8,0,8,90
10/24/2022,FWA,IN,AGL,CE,Combined TRACON& Tower with Radar,23,18,24,0,65,0,2,44,6,52,23,20,68,6,117,54,0,54,171
10/25/2022,FWA,IN,AGL,CE,Combined TRACON& Tower with Radar,26,19,21,3,69,0,0,7,8,15,26,19,28,11,84,4,0,4,88
10/26/2022,FWA,IN,AGL,CE,Combined TRACON& Tower with Radar,36,24,20,4,84,0,0,0,4,4,36,24,20,8,88,4,0,4,92
10/27/2022,FWA,IN,AGL,CE,Combined TRACON& Tower with Radar,36,23,10,2,71,0,1,41,7,49,36,24,51,9,120,18,4,22,142
10/28/2022,FWA,IN,AGL,CE,Combined TRACON& Tower with Radar,32,25,17,4,78,0,2,40,4,46,32,27,57,8,124,6,0,6,130
10/29/2022,FWA,IN,AGL,CE,Combined TRACON& Tower with Radar,24,21,15,0,60,0,4,23,0,27,24,25,38,0,87,12,0,12,99
10/30/2022,FWA,IN,AGL,CE,Combined TRACON& Tower with Radar,19,24,13,0,56,0,2,21,0,23,19,26,34,0,79,12,0,12,91
10/31/2022,FWA,IN,AGL,CE,Combined TRACON& Tower with Radar,19,27,41,0,87,0,0,1,0,1,19,27,42,0,88,2,0,2,90
11/01/2022,FWA,IN,AGL,CE,Combined TRACON& Tower with Radar,26,18,31,11,86,0,2,25,5,32,26,20,56,16,118,36,8,44,162
11/02/2022,FWA,IN,AGL,CE,Combined TRACON& Tower with Radar,24,13,16,5,58,0,0,14,8,22,24,13,30,13,80,22,0,22,102
11/03/2022,FWA,IN,AGL,CE,Combined TRACON& Tower with Radar,29,21,38,6,94,0,14,57,2,73,29,35,95,8,167,74,0,74,241
11/04/2022,FWA,IN,AGL,CE,Combined TRACON& Tower with Radar,24,24,36,6,90,0,4,20,8,32,24,28,56,14,122,10,2,12,134
11/05/2022,FWA,IN,AGL,CE,Combined TRACON& Tower with Radar,22,18,7,3,50,0,0,0,4,4,22,18,7,7,54,0,0,0,54
11/06/2022,FWA,IN,AGL,CE,Combined TRACON& Tower with Radar,18,20,16,4,58,0,4,17,2,23,18,24,33,6,81,48,2,50,131
11/07/2022,FWA,IN,AGL,CE,Combined TRACON& Tower with Radar,20,16,26,8,70,0,4,34,4,42,20,20,60,12,112,18,0,18,130
11/08/2022,FWA,IN,AGL,CE,Combined TRACON& Tower with Radar,20,21,31,6,78,0,7,30,4,41,20,28,61,10,119,24,0,24,143
11/09/2022,FWA,IN,AGL,CE,Combined TRACON& Tower with Radar,25,19,18,6,68,0,4,33,6,43,25,23,51,12,111,30,2,32,143
11/10/2022,FWA,IN,AGL,CE,Combined TRACON& Tower with Radar,18,29,28,0,75,0,4,31,0,35,18,33,59,0,110,33,0,33,143
11/11/2022,FWA,IN,AGL,CE,Combined TRACON& Tower with Radar,23,23,23,0,69,0,6,4,0,10,23,29,27,0,79,6,0,6,85
11/12/2022,FWA,IN,AGL,CE,Combined TRACON& Tower with Radar,21,22,5,0,48,0,0,0,0,0,21,22,5,0,48,0,0,0,48
11/13/2022,FWA,IN,AGL,CE,Combined TRACON& Tower with Radar,20,17,9,0,46,0,0,12,0,12,20,17,21,0,58,8,0,8,66
11/14/2022,FWA,IN,AGL,CE,Combined TRACON& Tower with Radar,22,24,31,0,77,0,7,56,0,63,22,31,87,0,140,58,0,58,198
11/15/2022,FWA,IN,AGL,CE,Combined TRACON& Tower with Radar,24,21,17,12,74,0,0,10,9,19,24,21,27,21,93,0,6,6,99
11/16/2022,FWA,IN,AGL,CE,Combined TRACON& Tower with Radar,26,26,41,5,98,0,0,12,6,18,26,26,53,11,116,6,0,6,122
11/17/2022,FWA,IN,AGL,CE,Combined TRACON& Tower with Radar,25,23,19,9,76,0,0,1,2,3,25,23,20,11,79,0,0,0,79
11/18/2022,FWA,IN,AGL,CE,Combined TRACON& Tower with Radar,25,26,16,3,70,0,0,6,7,13,25,26,22,10,83,0,0,0,83
11/19/2022,FWA,IN,AGL,CE,Combined TRACON& Tower with Radar,23,26,9,0,58,0,1,1,0,2,23,27,10,0,60,0,2,2,62
11/20/2022,FWA,IN,AGL,CE,Combined TRACON& Tower with Radar,18,23,16,0,57,0,0,37,0,37,18,23,53,0,94,28,0,28,122
11/21/2022,FWA,IN,AGL,CE,Combined TRACON& Tower with Radar,22,23,15,5,65,0,4,26,1,31,22,27,41,6,96,24,0,24,120
11/22/2022,FWA,IN,AGL,CE,Combined TRACON& Tower with Radar,28,23,38,6,95,0,0,47,6,53,28,23,85,12,148,44,16,60,208
11/23/2022,FWA,IN,AGL,CE,Combined TRACON& Tower with Radar,32,19,23,13,87,0,2,33,1,36,32,21,56,14,123,26,0,26,149
11/24/2022,FWA,IN,AGL,CE,Combined TRACON& Tower with Radar,12,11,2,0,25,0,0,11,0,11,12,11,13,0,36,0,0,0,36
11/25/2022,FWA,IN,AGL,CE,Combined TRACON& Tower with Radar,21,24,11,0,56,0,0,9,0,9,21,24,20,0,65,2,0,2,67
11/26/2022,FWA,IN,AGL,CE,Combined TRACON& Tower with Radar,20,20,8,0,48,0,0,8,0,8,20,20,16,0,56,24,0,24,80
11/27/2022,FWA,IN,AGL,CE,Combined TRACON& Tower with Radar,25,19,6,0,50,0,0,0,0,0,25,19,6,0,50,0,0,0,50
11/28/2022,FWA,IN,AGL,CE,Combined TRACON& Tower with Radar,27,16,16,0,59,0,0,16,0,16,27,16,32,0,75,14,0,14,89
11/29/2022,FWA,IN,AGL,CE,Combined TRACON& Tower with Radar,21,21,26,6,74,0,0,9,5,14,21,21,35,11,88,0,0,0,88
11/30/2022,FWA,IN,AGL,CE,Combined TRACON& Tower with Radar,24,16,28,18,86,0,0,2,3,5,24,16,30,21,91,0,20,20,111
12/01/2022,FWA,IN,AGL,CE,Combined TRACON& Tower with Radar,26,21,35,4,86,0,4,48,5,57,26,25,83,9,143,62,0,62,205
12/02/2022,FWA,IN,AGL,CE,Combined TRACON& Tower with Radar,26,20,17,1,64,0,0,21,12,33,26,20,38,13,97,0,0,0,97
12/03/2022,FWA,IN,AGL,CE,Combined TRACON& Tower with Radar,18,16,15,6,55,0,0,11,9,20,18,16,26,15,75,0,2,2,77
12/04/2022,FWA,IN,AGL,CE,Combined TRACON& Tower with Radar,18,16,13,0,47,0,0,36,12,48,18,16,49,12,95,36,4,40,135
12/05/2022,FWA,IN,AGL,CE,Combined TRACON& Tower with Radar,24,23,22,10,79,0,0,19,4,23,24,23,41,14,102,4,0,4,106
12/06/2022,FWA,IN,AGL,CE,Combined TRACON& Tower with Radar,20,22,26,7,75,0,0,4,0,4,20,22,30,7,79,0,0,0,79
12/07/2022,FWA,IN,AGL,CE,Combined TRACON& Tower with Radar,20,19,35,9,83,0,0,0,0,0,20,19,35,9,83,4,0,4,87
12/08/2022,FWA,IN,AGL,CE,Combined TRACON& Tower with Radar,25,21,40,4,90,0,0,7,6,13,25,21,47,10,103,4,0,4,107
12/09/2022,FWA,IN,AGL,CE,Combined TRACON& Tower with Radar,26,21,17,0,64,0,0,0,0,0,26,21,17,0,64,0,0,0,64
12/10/2022,FWA,IN,AGL,CE,Combined TRACON& Tower with Radar,18,17,13,0,48,0,0,0,0,0,18,17,13,0,48,0,0,0,48
12/11/2022,FWA,IN,AGL,CE,Combined TRACON& Tower with Radar,19,18,12,0,49,0,0,0,0,0,19,18,12,0,49,0,0,0,49
12/12/2022,FWA,IN,AGL,CE,Combined TRACON& Tower with Radar,24,18,15,0,57,0,3,22,0,25,24,21,37,0,82,12,0,12,94
12/13/2022,FWA,IN,AGL,CE,Combined TRACON& Tower with Radar,20,18,20,7,65,0,0,8,2,10,20,18,28,9,75,16,0,16,91
12/14/2022,FWA,IN,AGL,CE,Combined TRACON& Tower with Radar,22,27,15,7,71,0,0,0,0,0,22,27,15,7,71,0,0,0,71
12/15/2022,FWA,IN,AGL,CE,Combined TRACON& Tower with Radar,26,21,24,1,72,0,0,3,3,6,26,21,27,4,78,24,0,24,102
12/16/2022,FWA,IN,AGL,CE,Combined TRACON& Tower with Radar,24,16,21,0,61,0,0,2,9,11,24,16,23,9,72,0,0,0,72
12/17/2022,FWA,IN,AGL,CE,Combined TRACON& Tower with Radar,22,14,8,0,44,0,0,2,0,2,22,14,10,0,46,2,0,2,48
12/18/2022,FWA,IN,AGL,CE,Combined TRACON& Tower with Radar,16,14,4,0,34,0,0,1,0,1,16,14,5,0,35,2,0,2,37
12/19/2022,FWA,IN,AGL,CE,Combined TRACON& Tower with Radar,24,22,18,11,75,0,1,5,0,6,24,23,23,11,81,0,0,0,81
12/20/2022,FWA,IN,AGL,CE,Combined TRACON& Tower with Radar,26,18,23,4,71,0,10,40,7,57,26,28,63,11,128,60,0,60,188
12/21/2022,FWA,IN,AGL,CE,Combined TRACON& Tower with Radar,26,21,18,3,68,0,0,23,2,25,26,21,41,5,93,66,0,66,159
12/22/2022,FWA,IN,AGL,CE,Combined TRACON& Tower with Radar,24,13,12,2,51,0,0,1,6,7,24,13,13,8,58,0,0,0,58
12/23/2022,FWA,IN,AGL,CE,Combined TRACON& Tower with Radar,6,0,6,0,12,0,0,0,0,0,6,0,6,0,12,0,0,0,12
12/24/2022,FWA,IN,AGL,CE,Combined TRACON& Tower with Radar,17,13,6,0,36,0,0,1,0,1,17,13,7,0,37,0,0,0,37
12/25/2022,FWA,IN,AGL,CE,Combined TRACON& Tower with Radar,15,18,3,0,36,0,0,3,0,3,15,18,6,0,39,12,0,12,51
12/26/2022,FWA,IN,AGL,CE,Combined TRACON& Tower with Radar,17,17,28,0,62,0,0,7,0,7,17,17,35,0,69,16,0,16,85
12/27/2022,FWA,IN,AGL,CE,Combined TRACON& Tower with Radar,22,18,25,0,65,0,0,6,0,6,22,18,31,0,71,0,0,0,71
12/28/2022,FWA,IN,AGL,CE,Combined TRACON& Tower with Radar,24,14,10,0,48,0,2,18,4,24,24,16,28,4,72,6,0,6,78
12/29/2022,FWA,IN,AGL,CE,Combined TRACON& Tower with Radar,26,21,8,2,57,0,0,0,2,2,26,21,8,4,59,0,0,0,59
12/30/2022,FWA,IN,AGL,CE,Combined TRACON& Tower with Radar,24,22,20,2,68,0,0,0,1,1,24,22,20,3,69,0,0,0,69
12/31/2022,FWA,IN,AGL,CE,Combined TRACON& Tower with Radar,22,14,25,0,61,0,0,0,0,0,22,14,25,0,61,0,0,0,61
01/01/2023,FWA,IN,AGL,CE,Combined TRACON& Tower with Radar,14,14,7,0,35,0,0,0,0,0,14,14,7,0,35,0,0,0,35
01/02/2023,FWA,IN,AGL,CE,Combined TRACON& Tower with Radar,17,15,18,0,50,0,0,0,0,0,17,15,18,0,50,0,0,0,50
01/03/2023,FWA,IN,AGL,CE,Combined TRACON& Tower with Radar,23,18,25,0,66,0,0,0,0,0,23,18,25,0,66,0,0,0,66
01/04/2023,FWA,IN,AGL,CE,Combined TRACON& Tower with Radar,27,33,51,0,111,0,0,26,0,26,27,33,77,0,137,62,0,62,199
01/05/2023,FWA,IN,AGL,CE,Combined TRACON& Tower with Radar,25,28,14,4,71,0,0,3,4,7,25,28,17,8,78,0,0,0,78
01/06/2023,FWA,IN,AGL,CE,Combined TRACON& Tower with Radar,26,23,19,8,76,0,0,2,0,2,26,23,21,8,78,0,0,0,78
01/07/2023,FWA,IN,AGL,CE,Combined TRACON& Tower with Radar,18,18,10,0,46,0,0,14,0,14,18,18,24,0,60,52,0,52,112
01/08/2023,FWA,IN,AGL,CE,Combined TRACON& Tower with Radar,16,16,20,0,52,0,0,8,0,8,16,16,28,0,60,10,0,10,70
01/09/2023,FWA,IN,AGL,CE,Combined TRACON& Tower with Radar,19,20,18,0,57,0,4,35,0,39,19,24,53,0,96,50,0,50,146
01/10/2023,FWA,IN,AGL,CE,Combined TRACON& Tower with Radar,20,17,19,1,57,0,2,10,8,20,20,19,29,9,77,20,0,20,97
01/11/2023,FWA,IN,AGL,CE,Combined TRACON& Tower with Radar,21,17,15,4,57,0,0,16,4,20,21,17,31,8,77,34,0,34,111
01/12/2023,FWA,IN,AGL,CE,Combined TRACON& Tower with Radar,25,21,7,0,53,0,0,0,0,0,25,21,7,0,53,0,0,0,53
01/13/2023,FWA,IN,AGL,CE,Combined TRACON& Tower with Radar,25,21,28,0,74,0,0,6,0,6,25,21,34,0,80,26,0,26,106
01/14/2023,FWA,IN,AGL,CE,Combined TRACON& Tower with Radar,20,15,11,0,46,0,4,63,0,67,20,19,74,0,113,38,0,38,151
01/15/2023,FWA,IN,AGL,CE,Combined TRACON& Tower with Radar,14,19,15,0,48,0,2,33,0,35,14,21,48,0,83,30,0,30,113
01/16/2023,FWA,IN,AGL,CE,Combined TRACON& Tower with Radar,22,22,11,0,55,0,0,10,0,10,22,22,21,0,65,14,0,14,79
01/17/2023,FWA,IN,AGL,CE,Combined TRACON& Tower with Radar,21,29,16,7,73,0,0,2,7,9,21,29,18,14,82,0,2,2,84
01/18/2023,FWA,IN,AGL,CE,Combined TRACON& Tower with Radar,22,23,18,8,71,0,0,8,6,14,22,23,26,14,85,10,0,10,95
01/19/2023,FWA,IN,AGL,CE,Combined TRACON& Tower with Radar,30,21,14,5,70,0,0,0,2,2,30,21,14,7,72,0,2,2,74
01/20/2023,FWA,IN,AGL,CE,Combined TRACON& Tower with Radar,25,22,16,0,63,0,0,2,0,2,25,22,18,0,65,0,0,0,65
01/21/2023,FWA,IN,AGL,CE,Combined TRACON& Tower with Radar,21,18,9,0,48,0,0,4,0,4,21,18,13,0,52,8,0,8,60
01/22/2023,FWA,IN,AGL,CE,Combined TRACON& Tower with Radar,15,19,10,3,47,0,0,0,0,0,15,19,10,3,47,4,0,4,51
01/23/2023,FWA,IN,AGL,CE,Combined TRACON& Tower with Radar,27,17,20,8,72,0,0,2,0,2,27,17,22,8,74,0,0,0,74
01/24/2023,FWA,IN,AGL,CE,Combined TRACON& Tower with Radar,24,21,32,4,81,0,0,0,0,0,24,21,32,4,81,0,0,0,81
01/25/2023,FWA,IN,AGL,CE,Combined TRACON& Tower with Radar,22,17,7,0,46,0,0,0,0,0,22,17,7,0,46,0,0,0,46
01/26/2023,FWA,IN,AGL,CE,Combined TRACON& Tower with Radar,29,25,22,0,76,0,0,0,0,0,29,25,22,0,76,0,0,0,76
01/27/2023,FWA,IN,AGL,CE,Combined TRACON& Tower with Radar,25,25,12,0,62,0,0,4,0,4,25,25,16,0,66,0,0,0,66
01/28/2023,FWA,IN,AGL,CE,Combined TRACON& Tower with Radar,21,18,11,0,50,0,2,20,0,22,21,20,31,0,72,12,0,12,84
01/29/2023,FWA,IN,AGL,CE,Combined TRACON& Tower with Radar,16,18,11,0,45,0,0,0,0,0,16,18,11,0,45,0,0,0,45
01/30/2023,FWA,IN,AGL,CE,Combined TRACON& Tower with Radar,24,21,15,0,60,0,0,0,0,0,24,21,15,0,60,12,0,12,72
01/31/2023,FWA,IN,AGL,CE,Combined TRACON& Tower with Radar,16,21,29,0,66,0,0,13,5,18,16,21,42,5,84,10,0,10,94
02/01/2023,FWA,IN,AGL,CE,Combined TRACON& Tower with Radar,18,27,27,0,72,0,10,45,0,55,18,37,72,0,127,28,0,28,155
02/02/2023,FWA,IN,AGL,CE,Combined TRACON& Tower with Radar,26,25,16,0,67,0,6,26,2,34,26,31,42,2,101,28,0,28,129
02/03/2023,FWA,IN,AGL,CE,Combined TRACON& Tower with Radar,29,22,23,2,76,0,2,14,0,16,29,24,37,2,92,28,0,28,120
02/04/2023,FWA,IN,AGL,CE,Combined TRACON& Tower with Radar,21,20,18,11,70,0,2,9,1,12,21,22,27,12,82,4,0,4,86
02/05/2023,FWA,IN,AGL,CE,Combined TRACON& Tower with Radar,16,15,5,5,41,0,0,4,0,4,16,15,9,5,45,0,0,0,45
02/06/2023,FWA,IN,AGL,CE,Combined TRACON& Tower with Radar,25,25,17,4,71,0,2,31,1,34,25,27,48,5,105,38,2,40,145
02/07/2023,FWA,IN,AGL,CE,Combined TRACON& Tower with Radar,21,24,19,0,64,0,0,8,4,12,21,24,27,4,76,0,8,8,84
02/08/2023,FWA,IN,AGL,CE,Combined TRACON& Tower with Radar,23,23,21,4,71,0,2,18,5,25,23,25,39,9,96,0,6,6,102
02/09/2023,FWA,IN,AGL,CE,Combined TRACON& Tower with Radar,23,21,12,0,56,0,0,0,0,0,23,21,12,0,56,0,0,0,56
02/10/2023,FWA,IN,AGL,CE,Combined TRACON& Tower with Radar,25,22,19,0,66,0,4,18,0,22,25,26,37,0,88,16,0,16,104
02/11/2023,FWA,IN,AGL,CE,Combined TRACON& Tower with Radar,20,29,14,0,63,0,12,53,0,65,20,41,67,0,128,40,0,40,168
02/12/2023,FWA,IN,AGL,CE,Combined TRACON& Tower with Radar,16,16,4,1,37,0,0,27,2,29,16,16,31,3,66,34,0,34,100
02/13/2023,FWA,IN,AGL,CE,Combined TRACON& Tower with Radar,22,21,24,1,68,0,7,31,0,38,22,28,55,1,106,68,0,68,174
02/14/2023,FWA,IN,AGL,CE,Combined TRACON& Tower with Radar,21,20,12,0,53,0,2,13,4,19,21,22,25,4,72,14,2,16,88
02/15/2023,FWA,IN,AGL,CE,Combined TRACON& Tower with Radar,27,27,9,3,66,0,0,11,7,18,27,27,20,10,84,26,0,26,110
02/16/2023,FWA,IN,AGL,CE,Combined TRACON& Tower with Radar,31,20,19,0,70,0,0,0,0,0,31,20,19,0,70,0,0,0,70
02/17/2023,FWA,IN,AGL,CE,Combined TRACON& Tower with Radar,28,19,13,0,60,0,0,14,0,14,28,19,27,0,74,16,0,16,90
02/18/2023,FWA,IN,AGL,CE,Combined TRACON& Tower with Radar,24,24,9,0,57,0,2,18,0,20,24,26,27,0,77,14,0,14,91
02/19/2023,FWA,IN,AGL,CE,Combined TRACON& Tower with Radar,25,17,17,0,59,0,4,17,0,21,25,21,34,0,80,14,0,14,94
02/20/2023,FWA,IN,AGL,CE,Combined TRACON& Tower with Radar,30,23,27,0,80,0,6,42,0,48,30,29,69,0,128,26,0,26,154
02/21/2023,FWA,IN,AGL,CE,Combined TRACON& Tower with Radar,27,16,23,2,68,0,5,31,6,42,27,21,54,8,110,52,0,52,162
02/22/2023,FWA,IN,AGL,CE,Combined TRACON& Tower with Radar,26,25,21,0,72,0,0,0,0,0,26,25,21,0,72,0,0,0,72
02/23/2023,FWA,IN,AGL,CE,Combined TRACON& Tower with Radar,25,24,19,2,70,0,0,0,2,2,25,24,19,4,72,0,4,4,76
02/24/2023,FWA,IN,AGL,CE,Combined TRACON& Tower with Radar,28,21,17,13,79,0,0,37,7,44,28,21,54,20,123,16,8,24,147
02/25/2023,FWA,IN,AGL,CE,Combined TRACON& Tower with Radar,21,18,15,0,54,0,2,25,0,27,21,20,40,0,81,8,0,8,89
02/26/2023,FWA,IN,AGL,CE,Combined TRACON& Tower with Radar,18,16,11,0,45,0,6,32,0,38,18,22,43,0,83,6,0,6,89
02/27/2023,FWA,IN,AGL,CE,Combined TRACON& Tower with Radar,26,19,15,0,60,0,0,1,0,1,26,19,16,0,61,0,0,0,61
02/28/2023,FWA,IN,AGL,CE,Combined TRACON& Tower with Radar,25,18,19,11,73,0,6,27,1,34,25,24,46,12,107,18,0,18,125
03/01/2023,FWA,IN,AGL,CE,Combined TRACON& Tower with Radar,28,26,17,3,74,0,2,49,5,56,28,28,66,8,130,24,0,24,154
03/02/2023,FWA,IN,AGL,CE,Combined TRACON& Tower with Radar,28,19,26,2,75,0,0,9,6,15,28,19,35,8,90,28,0,28,118
03/03/2023,FWA,IN,AGL,CE,Combined TRACON& Tower with Radar,27,14,6,5,52,0,0,0,0,0,27,14,6,5,52,0,0,0,52
03/04/2023,FWA,IN,AGL,CE,Combined TRACON& Tower with Radar,22,24,7,6,59,0,0,10,2,12,22,24,17,8,71,16,0,16,87
03/05/2023,FWA,IN,AGL,CE,Combined TRACON& Tower with Radar,17,23,19,1,60,0,9,34,7,50,17,32,53,8,110,12,8,20,130
03/06/2023,FWA,IN,AGL,CE,Combined TRACON& Tower with Radar,24,19,26,3,72,0,0,28,3,31,24,19,54,6,103,36,0,36,139
03/07/2023,FWA,IN,AGL,CE,Combined TRACON& Tower with Radar,22,15,19,6,62,1,2,30,3,36,23,17,49,9,98,6,0,6,104
03/08/2023,FWA,IN,AGL,CE,Combined TRACON& Tower with Radar,24,31,16,2,73,0,7,58,5,70,24,38,74,7,143,54,0,54,197
03/09/2023,FWA,IN,AGL,CE,Combined TRACON& Tower with Radar,31,20,22,0,73,0,4,18,1,23,31,24,40,1,96,4,0,4,100
03/10/2023,FWA,IN,AGL,CE,Combined TRACON& Tower with Radar,28,18,7,0,53,0,0,0,0,0,28,18,7,0,53,0,0,0,53
03/11/2023,FWA,IN,AGL,CE,Combined TRACON& Tower with Radar,22,20,15,0,57,0,0,24,0,24,22,20,39,0,81,36,0,36,117
03/12/2023,FWA,IN,AGL,CE,Combined TRACON& Tower with Radar,18,18,3,0,39,0,0,0,0,0,18,18,3,0,39,0,0,0,39
03/13/2023,FWA,IN,AGL,CE,Combined TRACON& Tower with Radar,23,22,13,0,58,0,0,1,0,1,23,22,14,0,59,0,0,0,59
03/14/2023,FWA,IN,AGL,CE,Combined TRACON& Tower with Radar,21,16,16,1,54,0,0,17,2,19,21,16,33,3,73,12,0,12,85
03/15/2023,FWA,IN,AGL,CE,Combined TRACON& Tower with Radar,24,18,32,5,79,0,6,49,7,62,24,24,81,12,141,16,12,28,169
03/16/2023,FWA,IN,AGL,CE,Combined TRACON& Tower with Radar,28,16,18,9,71,0,2,10,3,15,28,18,28,12,86,6,16,22,108
03/17/2023,FWA,IN,AGL,CE,Combined TRACON& Tower with Radar,29,21,12,0,62,0,0,1,0,1,29,21,13,0,63,0,0,0,63
03/18/2023,FWA,IN,AGL,CE,Combined TRACON& Tower with Radar,22,23,2,0,47,0,0,2,0,2,22,23,4,0,49,0,0,0,49
03/19/2023,FWA,IN,AGL,CE,Combined TRACON& Tower with Radar,20,19,17,0,56,0,2,17,0,19,20,21,34,0,75,12,0,12,87
03/20/2023,FWA,IN,AGL,CE,Combined TRACON& Tower with Radar,26,20,15,0,61,0,3,20,0,23,26,23,35,0,84,8,0,8,92
03/21/2023,FWA,IN,AGL,CE,Combined TRACON& Tower with Radar,20,22,20,6,68,0,4,26,6,36,20,26,46,12,104,18,2,20,124
03/22/2023,FWA,IN,AGL,CE,Combined TRACON& Tower with Radar,26,26,18,5,75,0,0,0,0,0,26,26,18,5,75,0,0,0,75
03/23/2023,FWA,IN,AGL,CE,Combined TRACON& Tower with Radar,28,34,22,2,86,0,0,0,0,0,28,34,22,2,86,0,0,0,86
03/24/2023,FWA,IN,AGL,CE,Combined TRACON& Tower with Radar,26,21,22,6,75,0,1,5,9,15,26,22,27,15,90,0,0,0,90
03/25/2023,FWA,IN,AGL,CE,Combined TRACON& Tower with Radar,22,21,6,0,49,0,0,0,0,0,22,21,6,0,49,0,0,0,49
03/26/2023,FWA,IN,AGL,CE,Combined TRACON& Tower with Radar,20,20,25,0,65,0,6,45,0,51,20,26,70,0,116,14,0,14,130
03/27/2023,FWA,IN,AGL,CE,Combined TRACON& Tower with Radar,22,24,16,0,62,0,0,0,0,0,22,24,16,0,62,0,0,0,62
03/28/2023,FWA,IN,AGL,CE,Combined TRACON& Tower with Radar,18,29,19,2,68,0,9,50,4,63,18,38,69,6,131,38,6,44,175
03/29/2023,FWA,IN,AGL,CE,Combined TRACON& Tower with Radar,22,28,16,3,69,0,0,13,2,15,22,28,29,5,84,6,6,12,96
03/30/2023,FWA,IN,AGL,CE,Combined TRACON& Tower with Radar,23,21,26,4,74,0,5,40,4,49,23,26,66,8,123,40,0,40,163
03/31/2023,FWA,IN,AGL,CE,Combined TRACON& Tower with Radar,26,24,16,4,70,0,0,1,1,2,26,24,17,5,72,0,0,0,72
04/01/2023,FWA,IN,AGL,CE,Combined TRACON& Tower with Radar,27,20,6,0,53,0,0,0,2,2,27,20,6,2,55,0,0,0,55
04/02/2023,FWA,IN,AGL,CE,Combined TRACON& Tower with Radar,18,16,15,1,50,0,0,37,0,37,18,16,52,1,87,50,0,50,137
04/03/2023,FWA,IN,AGL,CE,Combined TRACON& Tower with Radar,22,25,14,4,65,0,3,14,0,17,22,28,28,4,82,10,0,10,92
04/04/2023,FWA,IN,AGL,CE,Combined TRACON& Tower with Radar,20,17,10,4,51,0,0,0,0,0,20,17,10,4,51,0,0,0,51
04/05/2023,FWA,IN,AGL,CE,Combined TRACON& Tower with Radar,23,18,10,1,52,0,0,0,0,0,23,18,10,1,52,0,0,0,52
04/06/2023,FWA,IN,AGL,CE,Combined TRACON& Tower with Radar,27,25,18,2,72,0,8,32,0,40,27,33,50,2,112,14,0,14,126
04/07/2023,FWA,IN,AGL,CE,Combined TRACON& Tower with Radar,27,19,19,2,67,0,6,42,4,52,27,25,61,6,119,10,2,12,131
04/08/2023,FWA,IN,AGL,CE,Combined TRACON& Tower with Radar,29,24,17,0,70,0,0,33,0,33,29,24,50,0,103,16,0,16,119
04/09/2023,FWA,IN,AGL,CE,Combined TRACON& Tower with Radar,18,19,0,0,37,0,0,25,0,25,18,19,25,0,62,0,0,0,62
04/10/2023,FWA,IN,AGL,CE,Combined TRACON& Tower with Radar,24,35,16,6,81,0,4,28,0,32,24,39,44,6,113,26,0,26,139
04/11/2023,FWA,IN,AGL,CE,Combined TRACON& Tower with Radar,20,29,23,14,86,0,2,23,4,29,20,31,46,18,115,8,12,20,135
04/12/2023,FWA,IN,AGL,CE,Combined TRACON& Tower with Radar,24,24,21,15,84,0,0,18,13,31,24,24,39,28,115,26,0,26,141
04/13/2023,FWA,IN,AGL,CE,Combined TRACON& Tower with Radar,27,19,28,4,78,0,4,37,4,45,27,23,65,8,123,64,8,72,195
04/14/2023,FWA,IN,AGL,CE,Combined TRACON& Tower with Radar,25,21,11,11,68,0,6,41,7,54,25,27,52,18,122,52,0,52,174
04/15/2023,FWA,IN,AGL,CE,Combined TRACON& Tower with Radar,20,20,11,17,68,0,1,11,8,20,20,21,22,25,88,22,12,34,122
04/16/2023,FWA,IN,AGL,CE,Combined TRACON& Tower with Radar,20,22,18,2,62,0,0,0,1,1,20,22,18,3,63,0,0,0,63
04/17/2023,FWA,IN,AGL,CE,Combined TRACON& Tower with Radar,20,20,12,8,60,0,0,0,0,0,20,20,12,8,60,0,0,0,60
04/18/2023,FWA,IN,AGL,CE,Combined TRACON& Tower with Radar,20,27,23,10,80,0,6,19,4,29,20,33,42,14,109,22,4,26,135
04/19/2023,FWA,IN,AGL,CE,Combined TRACON& Tower with Radar,22,29,20,8,79,0,7,21,3,31,22,36,41,11,110,24,0,24,134
04/20/2023,FWA,IN,AGL,CE,Combined TRACON& Tower with Radar,25,26,14,10,75,0,0,11,1,12,25,26,25,11,87,12,2,14,101
04/21/2023,FWA,IN,AGL,CE,Combined TRACON& Tower with Radar,24,35,15,6,80,0,0,9,0,9,24,35,24,6,89,8,0,8,97
04/22/2023,FWA,IN,AGL,CE,Combined TRACON& Tower with Radar,21,21,12,0,54,0,2,15,0,17,21,23,27,0,71,4,0,4,75
04/23/2023,FWA,IN,AGL,CE,Combined TRACON& Tower with Radar,20,22,9,1,52,0,0,9,0,9,20,22,18,1,61,0,0,0,61
04/24/2023,FWA,IN,AGL,CE,Combined TRACON& Tower with Radar,20,22,22,22,86,0,4,16,0,20,20,26,38,22,106,41,8,49,155
04/25/2023,FWA,IN,AGL,CE,Combined TRACON& Tower with Radar,20,19,26,11,76,0,2,14,1,17,20,21,40,12,93,0,0,0,93
04/26/2023,FWA,IN,AGL,CE,Combined TRACON& Tower with Radar,23,27,28,22,100,0,8,30,0,38,23,35,58,22,138,57,0,57,195
04/27/2023,FWA,IN,AGL,CE,Combined TRACON& Tower with Radar,27,24,25,9,85,0,2,63,3,68,27,26,88,12,153,26,2,28,181
04/28/2023,FWA,IN,AGL,CE,Combined TRACON& Tower with Radar,25,21,24,5,75,0,0,0,0,0,25,21,24,5,75,0,0,0,75
04/29/2023,FWA,IN,AGL,CE,Combined TRACON& Tower with Radar,23,19,21,0,63,0,0,8,0,8,23,19,29,0,71,36,0,36,107
04/30/2023,FWA,IN,AGL,CE,Combined TRACON& Tower with Radar,21,24,12,0,57,0,0,4,0,4,21,24,16,0,61,22,0,22,83
05/01/2023,FWA,IN,AGL,CE,Combined TRACON& Tower with Radar,21,18,27,3,69,0,0,0,0,0,21,18,27,3,69,4,0,4,73
05/02/2023,FWA,IN,AGL,CE,Combined TRACON& Tower with Radar,22,19,29,10,80,0,0,0,4,4,22,19,29,14,84,0,0,0,84
05/03/2023,FWA,IN,AGL,CE,Combined TRACON& Tower with Radar,24,17,18,4,63,0,2,20,6,28,24,19,38,10,91,38,0,38,129
05/04/2023,FWA,IN,AGL,CE,Combined TRACON& Tower with Radar,27,36,22,5,90,0,2,68,0,70,27,38,90,5,160,36,0,36,196
05/05/2023,FWA,IN,AGL,CE,Combined TRACON& Tower with Radar,23,21,32,8,84,0,6,40,0,46,23,27,72,8,130,42,6,48,178
05/06/2023,FWA,IN,AGL,CE,Combined TRACON& Tower with Radar,22,20,14,3,59,0,4,18,4,26,22,24,32,7,85,83,32,115,200
05/07/2023,FWA,IN,AGL,CE,Combined TRACON& Tower with Radar,22,24,12,2,60,0,0,12,2,14,22,24,24,4,74,6,0,6,80
05/08/2023,FWA,IN,AGL,CE,Combined TRACON& Tower with Radar,21,23,34,9,87,0,0,0,1,1,21,23,34,10,88,14,10,24,112
05/09/2023,FWA,IN,AGL,CE,Combined TRACON& Tower with Radar,23,19,23,14,79,0,6,28,2,36,23,25,51,16,115,10,0,10,125
05/10/2023,FWA,IN,AGL,CE,Combined TRACON& Tower with Radar,24,25,22,8,79,0,0,28,1,29,24,25,50,9,108,30,0,30,138
05/11/2023,FWA,IN,AGL,CE,Combined TRACON& Tower with Radar,28,34,26,8,96,0,4,41,8,53,28,38,67,16,149,24,0,24,173
05/12/2023,FWA,IN,AGL,CE,Combined TRACON& Tower with Radar,26,21,11,8,66,0,0,7,0,7,26,21,18,8,73,0,8,8,81
05/13/2023,FWA,IN,AGL,CE,Combined TRACON& Tower with Radar,22,14,13,0,49,0,0,7,0,7,22,14,20,0,56,8,0,8,64
05/14/2023,FWA,IN,AGL,CE,Combined TRACON& Tower with Radar,22,29,10,0,61,0,0,9,0,9,22,29,19,0,70,14,0,14,84
05/15/2023,FWA,IN,AGL,CE,Combined TRACON& Tower with Radar,22,20,14,2,58,0,4,37,0,41,22,24,51,2,99,44,0,44,143
05/16/2023,FWA,IN,AGL,CE,Combined TRACON& Tower with Radar,23,18,27,4,72,0,2,35,6,43,23,20,62,10,115,20,4,24,139
05/17/2023,FWA,IN,AGL,CE,Combined TRACON& Tower with Radar,27,17,35,6,85,0,8,35,5,48,27,25,70,11,133,34,4,38,171
05/18/2023,FWA,IN,AGL,CE,Combined TRACON& Tower with Radar,28,25,30,2,85,0,2,34,4,40,28,27,64,6,125,16,0,16,141
05/19/2023,FWA,IN,AGL,CE,Combined TRACON& Tower with Radar,24,23,17,4,68,0,2,6,0,8,24,25,23,4,76,22,0,22,98
05/20/2023,FWA,IN,AGL,CE,Combined TRACON& Tower with Radar,20,19,10,0,49,0,5,25,2,32,20,24,35,2,81,40,0,40,121
05/21/2023,FWA,IN,AGL,CE,Combined TRACON& Tower with Radar,22,16,7,0,45,0,8,27,0,35,22,24,34,0,80,24,0,24,104
05/22/2023,FWA,IN,AGL,CE,Combined TRACON& Tower with Radar,24,20,20,6,70,0,5,25,0,30,24,25,45,6,100,16,0,16,116
05/23/2023,FWA,IN,AGL,CE,Combined TRACON& Tower with Radar,20,15,22,9,66,0,2,41,6,49,20,17,63,15,115,8,8,16,131
05/24/2023,FWA,IN,AGL,CE,Combined TRACON& Tower with Radar,29,28,28,8,93,0,6,29,5,40,29,34,57,13,133,28,0,28,161
05/25/2023,FWA,IN,AGL,CE,Combined TRACON& Tower with Radar,29,20,38,7,94,0,5,25,7,37,29,25,63,14,131,20,4,24,155
05/26/2023,FWA,IN,AGL,CE,Combined TRACON& Tower with Radar,30,27,15,0,72,0,4,35,2,41,30,31,50,2,113,50,0,50,163
05/27/2023,FWA,IN,AGL,CE,Combined TRACON& Tower with Radar,22,20,12,0,54,0,6,22,0,28,22,26,34,0,82,34,0,34,116
05/28/2023,FWA,IN,AGL,CE,Combined TRACON& Tower with Radar,22,16,8,0,46,0,2,14,0,16,22,18,22,0,62,2,0,2,64
05/29/2023,FWA,IN,AGL,CE,Combined TRACON& Tower with Radar,22,21,3,0,46,0,2,14,0,16,22,23,17,0,62,6,0,6,68
05/30/2023,FWA,IN,AGL,CE,Combined TRACON& Tower with Radar,22,16,16,3,57,0,8,20,2,30,22,24,36,5,87,34,4,38,125
05/31/2023,FWA,IN,AGL,CE,Combined TRACON& Tower with Radar,28,21,19,4,72,0,6,41,4,51,28,27,60,8,123,52,2,54,177
06/01/2023,FWA,IN,AGL,CE,Combined TRACON& Tower with Radar,32,21,20,4,77,0,4,20,3,27,32,25,40,7,104,24,16,40,144
06/02/2023,FWA,IN,AGL,CE,Combined TRACON& Tower with Radar,30,19,12,5,66,0,8,66,4,78,30,27,78,9,144,20,6,26,170
06/03/2023,FWA,IN,AGL,CE,Combined TRACON& Tower with Radar,25,19,14,0,58,0,2,28,9,39,25,21,42,9,97,40,14,54,151
06/04/2023,FWA,IN,AGL,CE,Combined TRACON& Tower with Radar,24,16,17,0,57,0,0,26,0,26,24,16,43,0,83,24,0,24,107
06/05/2023,FWA,IN,AGL,CE,Combined TRACON& Tower with Radar,28,23,22,8,81,0,17,57,2,76,28,40,79,10,157,66,0,66,223
06/06/2023,FWA,IN,AGL,CE,Combined TRACON& Tower with Radar,24,24,24,3,75,0,4,17,4,25,24,28,41,7,100,14,0,14,114
06/07/2023,FWA,IN,AGL,CE,Combined TRACON& Tower with Radar,26,20,20,2,68,0,2,28,3,33,26,22,48,5,101,28,4,32,133
06/08/2023,FWA,IN,AGL,CE,Combined TRACON& Tower with Radar,30,19,24,10,83,0,4,49,8,61,30,23,73,18,144,50,6,56,200
06/09/2023,FWA,IN,AGL,CE,Combined TRACON& Tower with Radar,30,20,27,14,91,0,2,32,0,34,30,22,59,14,125,24,6,30,155
06/10/2023,FWA,IN,AGL,CE,Combined TRACON& Tower with Radar,24,24,12,1,61,0,4,30,0,34,24,28,42,1,95,26,0,26,121
06/11/2023,FWA,IN,AGL,CE,Combined TRACON& Tower with Radar,23,15,7,1,46,0,0,9,0,9,23,15,16,1,55,8,0,8,63
06/12/2023,FWA,IN,AGL,CE,Combined TRACON& Tower with Radar,26,26,42,7,101,0,5,8,0,13,26,31,50,7,114,8,14,22,136
06/13/2023,FWA,IN,AGL,CE,Combined TRACON& Tower with Radar,23,18,25,12,78,0,0,0,4,4,23,18,25,16,82,8,0,8,90
06/14/2023,FWA,IN,AGL,CE,Combined TRACON& Tower with Radar,28,20,28,8,84,0,6,17,0,23,28,26,45,8,107,24,0,24,131
06/15/2023,FWA,IN,AGL,CE,Combined TRACON& Tower with Radar,32,26,23,3,84,0,2,15,1,18,32,28,38,4,102,6,0,6,108
06/16/2023,FWA,IN,AGL,CE,Combined TRACON& Tower with Radar,29,31,24,1,85,0,2,15,0,17,29,33,39,1,102,32,0,32,134
06/17/2023,FWA,IN,AGL,CE,Combined TRACON& Tower with Radar,31,22,10,0,63,0,0,26,0,26,31,22,36,0,89,12,0,12,101
06/18/2023,FWA,IN,AGL,CE,Combined TRACON& Tower with Radar,24,26,17,0,67,0,2,12,0,14,24,28,29,0,81,16,0,16,97
06/19/2023,FWA,IN,AGL,CE,Combined TRACON& Tower with Radar,26,22,13,8,69,0,8,29,2,39,26,30,42,10,108,44,0,44,152
06/20/2023,FWA,IN,AGL,CE,Combined TRACON& Tower with Radar,24,21,18,1,64,0,2,14,0,16,24,23,32,1,80,2,0,2,82
06/21/2023,FWA,IN,AGL,CE,Combined TRACON& Tower with Radar,25,19,22,10,76,0,0,30,5,35,25,19,52,15,111,18,2,20,131
06/22/2023,FWA,IN,AGL,CE,Combined TRACON& Tower with Radar,31,24,27,10,92,0,2,40,4,46,31,26,67,14,138,26,0,26,164
06/23/2023,FWA,IN,AGL,CE,Combined TRACON& Tower with Radar,30,17,19,4,70,0,2,9,0,11,30,19,28,4,81,32,0,32,113
06/24/2023,FWA,IN,AGL,CE,Combined TRACON& Tower with Radar,29,21,9,4,63,0,4,26,0,30,29,25,35,4,93,10,0,10,103
06/25/2023,FWA,IN,AGL,CE,Combined TRACON& Tower with Radar,23,17,16,0,56,0,2,2,0,4,23,19,18,0,60,12,0,12,72
06/26/2023,FWA,IN,AGL,CE,Combined TRACON& Tower with Radar,29,20,14,2,65,0,0,4,0,4,29,20,18,2,69,0,0,0,69
06/27/2023,FWA,IN,AGL,CE,Combined TRACON& Tower with Radar,21,21,37,13,92,0,0,0,0,0,21,21,37,13,92,0,0,0,92
06/28/2023,FWA,IN,AGL,CE,Combined TRACON& Tower with Radar,27,23,43,4,97,0,0,1,0,1,27,23,44,4,98,0,0,0,98
06/29/2023,FWA,IN,AGL,CE,Combined TRACON& Tower with Radar,31,22,46,15,114,0,0,10,1,11,31,22,56,16,125,12,4,16,141
06/30/2023,FWA,IN,AGL,CE,Combined TRACON& Tower with Radar,29,22,49,11,111,0,0,1,0,1,29,22,50,11,112,0,0,0,112
07/01/2023,FWA,IN,AGL,CE,Combined TRACON& Tower with Radar,28,17,14,0,59,0,2,5,0,7,28,19,19,0,66,6,0,6,72
07/02/2023,FWA,IN,AGL,CE,Combined TRACON& Tower with Radar,24,15,10,0,49,0,2,5,0,7,24,17,15,0,56,28,0,28,84
07/03/2023,FWA,IN,AGL,CE,Combined TRACON& Tower with Radar,25,15,19,0,59,0,4,6,0,10,25,19,25,0,69,34,0,34,103
07/04/2023,FWA,IN,AGL,CE,Combined TRACON& Tower with Radar,16,8,7,0,31,0,0,19,2,21,16,8,26,2,52,0,4,4,56
07/05/2023,FWA,IN,AGL,CE,Combined TRACON& Tower with Radar,23,25,18,4,70,0,0,31,0,31,23,25,49,4,101,46,0,46,147
07/06/2023,FWA,IN,AGL,CE,Combined TRACON& Tower with Radar,24,26,37,3,90,0,2,23,1,26,24,28,60,4,116,22,6,28,144
07/07/2023,FWA,IN,AGL,CE,Combined TRACON& Tower with Radar,24,26,31,29,110,0,3,51,1,55,24,29,82,30,165,56,26,82,247
07/08/2023,FWA,IN,AGL,CE,Combined TRACON& Tower with Radar,24,24,15,0,63,0,2,0,6,8,24,26,15,6,71,20,0,20,91
07/09/2023,FWA,IN,AGL,CE,Combined TRACON& Tower with Radar,20,24,17,0,61,0,5,36,0,41,20,29,53,0,102,10,52,62,164
07/10/2023,FWA,IN,AGL,CE,Combined TRACON& Tower with Radar,25,31,16,5,77,0,4,38,1,43,25,35,54,6,120,38,2,40,160
07/11/2023,FWA,IN,AGL,CE,Combined TRACON& Tower with Radar,20,28,18,4,70,0,1,27,0,28,20,29,45,4,98,0,0,0,98
07/12/2023,FWA,IN,AGL,CE,Combined TRACON& Tower with Radar,25,20,23,3,71,0,0,7,0,7,25,20,30,3,78,14,0,14,92
07/13/2023,FWA,IN,AGL,CE,Combined TRACON& Tower with Radar,26,22,23,6,77,0,0,32,10,42,26,22,55,16,119,46,0,46,165
07/14/2023,FWA,IN,AGL,CE,Combined TRACON& Tower with Radar,24,31,24,1,80,0,6,18,2,26,24,37,42,3,106,12,0,12,118
07/15/2023,FWA,IN,AGL,CE,Combined TRACON& Tower with Radar,24,23,13,2,62,0,0,10,0,10,24,23,23,2,72,10,0,10,82
07/16/2023,FWA,IN,AGL,CE,Combined TRACON& Tower with Radar,22,23,19,0,64,0,0,3,0,3,22,23,22,0,67,0,0,0,67
07/17/2023,FWA,IN,AGL,CE,Combined TRACON& Tower with Radar,24,29,8,4,65,0,0,7,0,7,24,29,15,4,72,6,0,6,78
07/18/2023,FWA,IN,AGL,CE,Combined TRACON& Tower with Radar,20,26,19,8,73,0,4,30,0,34,20,30,49,8,107,34,0,34,141
07/19/2023,FWA,IN,AGL,CE,Combined TRACON& Tower with Radar,24,28,12,11,75,0,2,37,0,39,24,30,49,11,114,8,0,8,122
07/20/2023,FWA,IN,AGL,CE,Combined TRACON& Tower with Radar,26,29,21,8,84,0,1,17,0,18,26,30,38,8,102,0,0,0,102
07/21/2023,FWA,IN,AGL,CE,Combined TRACON& Tower with Radar,25,23,31,4,83,0,0,15,0,15,25,23,46,4,98,2,0,2,100
07/22/2023,FWA,IN,AGL,CE,Combined TRACON& Tower with Radar,25,23,20,0,68,0,4,31,2,37,25,27,51,2,105,46,0,46,151
07/23/2023,FWA,IN,AGL,CE,Combined TRACON& Tower with Radar,20,25,5,1,51,0,3,13,2,18,20,28,18,3,69,20,0,20,89
07/24/2023,FWA,IN,AGL,CE,Combined TRACON& Tower with Radar,22,29,17,13,81,0,4,19,0,23,22,33,36,13,104,14,0,14,118
07/25/2023,FWA,IN,AGL,CE,Combined TRACON& Tower with Radar,20,26,28,3,77,0,0,22,0,22,20,26,50,3,99,18,0,18,117
07/26/2023,FWA,IN,AGL,CE,Combined TRACON& Tower with Radar,22,20,26,1,69,0,0,10,2,12,22,20,36,3,81,2,6,8,89
07/27/2023,FWA,IN,AGL,CE,Combined TRACON& Tower with Radar,26,32,31,4,93,0,0,21,2,23,26,32,52,6,116,0,0,0,116
07/28/2023,FWA,IN,AGL,CE,Combined TRACON& Tower with Radar,27,24,28,3,82,0,4,23,0,27,27,28,51,3,109,4,0,4,113
07/29/2023,FWA,IN,AGL,CE,Combined TRACON& Tower with Radar,23,20,11,0,54,0,6,11,2,19,23,26,22,2,73,28,0,28,101
07/30/2023,FWA,IN,AGL,CE,Combined TRACON& Tower with Radar,19,25,17,0,61,0,2,26,0,28,19,27,43,0,89,10,0,10,99
07/31/2023,FWA,IN,AGL,CE,Combined TRACON& Tower with Radar,21,22,25,6,74,0,6,41,0,47,21,28,66,6,121,22,4,26,147
08/01/2023,FWA,IN,AGL,CE,Combined TRACON& Tower with Radar,20,28,15,4,67,0,2,31,0,33,20,30,46,4,100,22,0,22,122
08/02/2023,FWA,IN,AGL,CE,Combined TRACON& Tower with Radar,20,24,21,2,67,0,0,49,2,51,20,24,70,4,118,58,6,64,182
08/03/2023,FWA,IN,AGL,CE,Combined TRACON& Tower with Radar,31,28,24,2,85,0,2,48,0,50,31,30,72,2,135,77,0,77,212
08/04/2023,FWA,IN,AGL,CE,Combined TRACON& Tower with Radar,27,22,18,2,69,0,6,50,0,56,27,28,68,2,125,44,2,46,171
08/05/2023,FWA,IN,AGL,CE,Combined TRACON& Tower with Radar,21,15,6,0,42,0,0,15,0,15,21,15,21,0,57,0,0,0,57
08/06/2023,FWA,IN,AGL,CE,Combined TRACON& Tower with Radar,22,24,22,0,68,0,0,1,0,1,22,24,23,0,69,0,0,0,69
08/07/2023,FWA,IN,AGL,CE,Combined TRACON& Tower with Radar,26,21,26,2,75,0,2,13,0,15,26,23,39,2,90,16,0,16,106
08/08/2023,FWA,IN,AGL,CE,Combined TRACON& Tower with Radar,22,27,26,5,80,0,7,33,0,40,22,34,59,5,120,26,0,26,146
08/09/2023,FWA,IN,AGL,CE,Combined TRACON& Tower with Radar,21,21,11,2,55,0,0,4,2,6,21,21,15,4,61,6,0,6,67
08/10/2023,FWA,IN,AGL,CE,Combined TRACON& Tower with Radar,29,19,33,7,88,0,2,17,0,19,29,21,50,7,107,32,0,32,139
08/11/2023,FWA,IN,AGL,CE,Combined TRACON& Tower with Radar,29,20,23,6,78,0,5,18,0,23,29,25,41,6,101,50,0,50,151
08/12/2023,FWA,IN,AGL,CE,Combined TRACON& Tower with Radar,19,15,8,0,42,0,8,13,0,21,19,23,21,0,63,34,0,34,97
08/13/2023,FWA,IN,AGL,CE,Combined TRACON& Tower with Radar,24,22,21,0,67,0,16,41,0,57,24,38,62,0,124,50,0,50,174
08/14/2023,FWA,IN,AGL,CE,Combined TRACON& Tower with Radar,25,23,16,5,69,0,2,8,0,10,25,25,24,5,79,18,0,18,97
08/15/2023,FWA,IN,AGL,CE,Combined TRACON& Tower with Radar,22,22,28,5,77,0,0,5,0,5,22,22,33,5,82,0,0,0,82
08/16/2023,FWA,IN,AGL,CE,Combined TRACON& Tower with Radar,24,28,33,10,95,0,3,54,5,62,24,31,87,15,157,28,0,28,185
08/17/2023,FWA,IN,AGL,CE,Combined TRACON& Tower with Radar,30,18,25,0,73,0,0,6,0,6,30,18,31,0,79,4,0,4,83
08/18/2023,FWA,IN,AGL,CE,Combined TRACON& Tower with Radar,26,24,28,0,78,0,4,28,0,32,26,28,56,0,110,26,0,26,136
08/19/2023,FWA,IN,AGL,CE,Combined TRACON& Tower with Radar,18,19,4,0,41,0,6,27,0,33,18,25,31,0,74,44,0,44,118
08/20/2023,FWA,IN,AGL,CE,Combined TRACON& Tower with Radar,26,19,20,0,65,0,0,12,0,12,26,19,32,0,77,40,0,40,117
08/21/2023,FWA,IN,AGL,CE,Combined TRACON& Tower with Radar,22,23,29,0,74,0,4,6,0,10,22,27,35,0,84,12,0,12,96
08/22/2023,FWA,IN,AGL,CE,Combined TRACON& Tower with Radar,22,30,27,2,81,0,6,19,0,25,22,36,46,2,106,0,0,0,106
08/23/2023,FWA,IN,AGL,CE,Combined TRACON& Tower with Radar,22,20,28,6,76,0,2,26,0,28,22,22,54,6,104,40,6,46,150
08/24/2023,FWA,IN,AGL,CE,Combined TRACON& Tower with Radar,30,21,29,15,95,0,1,12,0,13,30,22,41,15,108,18,0,18,126
08/25/2023,FWA,IN,AGL,CE,Combined TRACON& Tower with Radar,26,21,43,3,93,0,2,10,0,12,26,23,53,3,105,58,0,58,163
08/26/2023,FWA,IN,AGL,CE,Combined TRACON& Tower with Radar,18,21,8,3,50,0,5,14,0,19,18,26,22,3,69,8,0,8,77
08/27/2023,FWA,IN,AGL,CE,Combined TRACON& Tower with Radar,24,20,19,0,63,0,3,17,0,20,24,23,36,0,83,22,0,22,105
08/28/2023,FWA,IN,AGL,CE,Combined TRACON& Tower with Radar,21,18,24,2,65,0,4,30,8,42,21,22,54,10,107,24,0,24,131
08/29/2023,FWA,IN,AGL,CE,Combined TRACON& Tower with Radar,23,16,20,2,61,0,2,33,0,35,23,18,53,2,96,0,0,0,96
08/30/2023,FWA,IN,AGL,CE,Combined TRACON& Tower with Radar,22,23,26,22,93,0,2,18,0,20,22,25,44,22,113,40,0,40,153
08/31/2023,FWA,IN,AGL,CE,Combined TRACON& Tower with Radar,30,26,50,5,111,0,0,29,0,29,30,26,79,5,140,26,0,26,166
01/01/2020,FWA,IN,AGL,CE,Combined TRACON& Tower with Radar,10,23,2,0,35,0,2,16,1,19,10,25,18,1,54,28,0,28,82
01/02/2020,FWA,IN,AGL,CE,Combined TRACON& Tower with Radar,26,34,5,0,65,0,0,27,7,34,26,34,32,7,99,26,2,28,127
01/03/2020,FWA,IN,AGL,CE,Combined TRACON& Tower with Radar,20,33,20,8,81,0,0,1,0,1,20,33,21,8,82,0,0,0,82
01/04/2020,FWA,IN,AGL,CE,Combined TRACON& Tower with Radar,19,26,6,0,51,0,0,1,0,1,19,26,7,0,52,0,0,0,52
01/05/2020,FWA,IN,AGL,CE,Combined TRACON& Tower with Radar,19,35,16,0,70,0,0,13,2,15,19,35,29,2,85,10,0,10,95
01/06/2020,FWA,IN,AGL,CE,Combined TRACON& Tower with Radar,18,29,19,1,67,0,0,33,1,34,18,29,52,2,101,8,0,8,109
01/07/2020,FWA,IN,AGL,CE,Combined TRACON& Tower with Radar,20,29,15,7,71,0,2,23,6,31,20,31,38,13,102,2,0,2,104
01/08/2020,FWA,IN,AGL,CE,Combined TRACON& Tower with Radar,20,29,10,7,66,0,2,20,5,27,20,31,30,12,93,14,0,14,107
01/09/2020,FWA,IN,AGL,CE,Combined TRACON& Tower with Radar,26,30,19,5,80,0,0,3,9,12,26,30,22,14,92,18,4,22,114
01/10/2020,FWA,IN,AGL,CE,Combined TRACON& Tower with Radar,18,35,20,18,91,0,0,0,0,0,18,35,20,18,91,0,0,0,91
01/11/2020,FWA,IN,AGL,CE,Combined TRACON& Tower with Radar,22,24,0,0,46,0,0,0,0,0,22,24,0,0,46,0,0,0,46
01/12/2020,FWA,IN,AGL,CE,Combined TRACON& Tower with Radar,18,33,13,15,79,0,0,0,3,3,18,33,13,18,82,0,0,0,82
01/13/2020,FWA,IN,AGL,CE,Combined TRACON& Tower with Radar,17,30,13,15,75,0,0,3,2,5,17,30,16,17,80,0,0,0,80
01/14/2020,FWA,IN,AGL,CE,Combined TRACON& Tower with Radar,23,31,24,14,92,0,0,1,1,2,23,31,25,15,94,8,0,8,102
01/15/2020,FWA,IN,AGL,CE,Combined TRACON& Tower with Radar,20,31,18,0,69,0,0,0,0,0,20,31,18,0,69,0,0,0,69
01/16/2020,FWA,IN,AGL,CE,Combined TRACON& Tower with Radar,26,30,20,0,76,0,0,10,0,10,26,30,30,0,86,2,0,2,88
01/17/2020,FWA,IN,AGL,CE,Combined TRACON& Tower with Radar,17,29,12,0,58,0,0,21,0,21,17,29,33,0,79,6,0,6,85
01/18/2020,FWA,IN,AGL,CE,Combined TRACON& Tower with Radar,20,22,5,0,47,0,0,0,0,0,20,22,5,0,47,0,0,0,47
01/19/2020,FWA,IN,AGL,CE,Combined TRACON& Tower with Radar,19,26,9,0,54,0,0,0,0,0,19,26,9,0,54,0,0,0,54
01/20/2020,FWA,IN,AGL,CE,Combined TRACON& Tower with Radar,18,27,23,0,68,0,0,12,0,12,18,27,35,0,80,50,0,50,130
01/21/2020,FWA,IN,AGL,CE,Combined TRACON& Tower with Radar,20,31,37,6,94,0,0,16,8,24,20,31,53,14,118,6,0,6,124
01/22/2020,FWA,IN,AGL,CE,Combined TRACON& Tower with Radar,20,29,10,4,63,0,2,23,8,33,20,31,33,12,96,4,0,4,100
01/23/2020,FWA,IN,AGL,CE,Combined TRACON& Tower with Radar,26,32,21,5,84,0,4,12,4,20,26,36,33,9,104,0,0,0,104
01/24/2020,FWA,IN,AGL,CE,Combined TRACON& Tower with Radar,20,36,26,2,84,0,0,0,0,0,20,36,26,2,84,0,0,0,84
01/25/2020,FWA,IN,AGL,CE,Combined TRACON& Tower with Radar,18,30,2,0,50,0,0,0,0,0,18,30,2,0,50,0,0,0,50
01/26/2020,FWA,IN,AGL,CE,Combined TRACON& Tower with Radar,18,30,9,0,57,0,0,0,0,0,18,30,9,0,57,0,0,0,57
01/27/2020,FWA,IN,AGL,CE,Combined TRACON& Tower with Radar,18,27,10,1,56,0,0,0,0,0,18,27,10,1,56,0,0,0,56
01/28/2020,FWA,IN,AGL,CE,Combined TRACON& Tower with Radar,20,27,17,1,65,0,0,0,0,0,20,27,17,1,65,0,0,0,65
01/29/2020,FWA,IN,AGL,CE,Combined TRACON& Tower with Radar,22,28,22,7,79,0,0,14,1,15,22,28,36,8,94,0,4,4,98
01/30/2020,FWA,IN,AGL,CE,Combined TRACON& Tower with Radar,26,31,27,3,87,0,2,16,1,19,26,33,43,4,106,8,4,12,118
01/31/2020,FWA,IN,AGL,CE,Combined TRACON& Tower with Radar,26,26,24,1,77,0,0,3,0,3,26,26,27,1,80,8,0,8,88
02/01/2020,FWA,IN,AGL,CE,Combined TRACON& Tower with Radar,18,26,8,1,53,0,0,1,0,1,18,26,9,1,54,0,0,0,54
02/02/2020,FWA,IN,AGL,CE,Combined TRACON& Tower with Radar,17,24,5,4,50,0,0,12,1,13,17,24,17,5,63,0,8,8,71
02/03/2020,FWA,IN,AGL,CE,Combined TRACON& Tower with Radar,19,30,35,0,84,0,2,38,0,40,19,32,73,0,124,22,0,22,146
02/04/2020,FWA,IN,AGL,CE,Combined TRACON& Tower with Radar,22,31,18,0,71,0,0,5,0,5,22,31,23,0,76,6,0,6,82
02/05/2020,FWA,IN,AGL,CE,Combined TRACON& Tower with Radar,19,27,15,0,61,0,0,7,0,7,19,27,22,0,68,0,0,0,68
02/06/2020,FWA,IN,AGL,CE,Combined TRACON& Tower with Radar,23,23,18,0,64,0,0,0,0,0,23,23,18,0,64,0,0,0,64
02/07/2020,FWA,IN,AGL,CE,Combined TRACON& Tower with Radar,22,27,22,0,71,0,0,20,0,20,22,27,42,0,91,18,0,18,109
02/08/2020,FWA,IN,AGL,CE,Combined TRACON& Tower with Radar,19,24,4,0,47,0,0,1,1,2,19,24,5,1,49,0,0,0,49
02/09/2020,FWA,IN,AGL,CE,Combined TRACON& Tower with Radar,20,30,12,0,62,0,0,7,0,7,20,30,19,0,69,0,0,0,69
02/10/2020,FWA,IN,AGL,CE,Combined TRACON& Tower with Radar,18,33,14,0,65,0,0,3,0,3,18,33,17,0,68,0,0,0,68
02/11/2020,FWA,IN,AGL,CE,Combined TRACON& Tower with Radar,22,33,30,0,85,0,4,44,1,49,22,37,74,1,134,26,0,26,160
02/12/2020,FWA,IN,AGL,CE,Combined TRACON& Tower with Radar,28,35,24,0,87,0,0,16,0,16,28,35,40,0,103,16,0,16,119
02/13/2020,FWA,IN,AGL,CE,Combined TRACON& Tower with Radar,26,27,16,2,71,0,1,0,1,2,26,28,16,3,73,0,0,0,73
02/14/2020,FWA,IN,AGL,CE,Combined TRACON& Tower with Radar,24,29,20,4,77,0,4,41,0,45,24,33,61,4,122,0,0,0,122
02/15/2020,FWA,IN,AGL,CE,Combined TRACON& Tower with Radar,28,20,1,0,49,0,0,9,0,9,28,20,10,0,58,0,0,0,58
02/16/2020,FWA,IN,AGL,CE,Combined TRACON& Tower with Radar,21,23,8,0,52,0,0,21,0,21,21,23,29,0,73,0,0,0,73
02/17/2020,FWA,IN,AGL,CE,Combined TRACON& Tower with Radar,21,25,17,0,63,0,0,14,0,14,21,25,31,0,77,28,0,28,105
02/18/2020,FWA,IN,AGL,CE,Combined TRACON& Tower with Radar,25,28,27,0,80,0,2,11,1,14,25,30,38,1,94,12,0,12,106
02/19/2020,FWA,IN,AGL,CE,Combined TRACON& Tower with Radar,26,31,25,2,84,0,4,32,0,36,26,35,57,2,120,18,0,18,138
02/20/2020,FWA,IN,AGL,CE,Combined TRACON& Tower with Radar,26,30,27,1,84,0,4,11,3,18,26,34,38,4,102,28,0,28,130
02/21/2020,FWA,IN,AGL,CE,Combined TRACON& Tower with Radar,21,32,26,2,81,0,0,46,2,48,21,32,72,4,129,38,0,38,167
02/22/2020,FWA,IN,AGL,CE,Combined TRACON& Tower with Radar,25,24,15,0,64,0,6,44,0,50,25,30,59,0,114,34,0,34,148
02/23/2020,FWA,IN,AGL,CE,Combined TRACON& Tower with Radar,20,31,5,0,56,0,0,19,1,20,20,31,24,1,76,18,0,18,94
02/24/2020,FWA,IN,AGL,CE,Combined TRACON& Tower with Radar,20,33,20,0,73,0,0,0,0,0,20,33,20,0,73,0,0,0,73
02/25/2020,FWA,IN,AGL,CE,Combined TRACON& Tower with Radar,23,28,15,0,66,0,0,0,0,0,23,28,15,0,66,0,0,0,66
02/26/2020,FWA,IN,AGL,CE,Combined TRACON& Tower with Radar,27,26,9,0,62,0,0,0,0,0,27,26,9,0,62,0,0,0,62
02/27/2020,FWA,IN,AGL,CE,Combined TRACON& Tower with Radar,27,35,19,2,83,0,0,4,0,4,27,35,23,2,87,4,0,4,91
02/28/2020,FWA,IN,AGL,CE,Combined TRACON& Tower with Radar,21,27,16,4,68,0,0,23,0,23,21,27,39,4,91,11,0,11,102
02/29/2020,FWA,IN,AGL,CE,Combined TRACON& Tower with Radar,25,24,9,0,58,0,3,26,1,30,25,27,35,1,88,10,0,10,98
03/01/2020,FWA,IN,AGL,CE,Combined TRACON& Tower with Radar,20,27,9,0,56,0,4,11,0,15,20,31,20,0,71,16,0,16,87
03/02/2020,FWA,IN,AGL,CE,Combined TRACON& Tower with Radar,21,36,19,0,76,0,0,4,0,4,21,36,23,0,80,8,0,8,88
03/03/2020,FWA,IN,AGL,CE,Combined TRACON& Tower with Radar,26,26,29,3,84,0,0,8,5,13,26,26,37,8,97,0,4,4,101
03/04/2020,FWA,IN,AGL,CE,Combined TRACON& Tower with Radar,30,30,17,9,86,0,2,18,5,25,30,32,35,14,111,20,18,38,149
03/05/2020,FWA,IN,AGL,CE,Combined TRACON& Tower with Radar,28,29,29,3,89,0,2,22,9,33,28,31,51,12,122,26,0,26,148
03/06/2020,FWA,IN,AGL,CE,Combined TRACON& Tower with Radar,24,40,20,9,93,0,0,2,7,9,24,40,22,16,102,6,0,6,108
03/07/2020,FWA,IN,AGL,CE,Combined TRACON& Tower with Radar,24,20,9,2,55,0,7,43,15,65,24,27,52,17,120,10,0,10,130
03/08/2020,FWA,IN,AGL,CE,Combined TRACON& Tower with Radar,18,29,17,1,65,0,0,24,16,40,18,29,41,17,105,0,0,0,105
03/09/2020,FWA,IN,AGL,CE,Combined TRACON& Tower with Radar,19,32,11,8,70,0,2,5,8,15,19,34,16,16,85,0,0,0,85
03/10/2020,FWA,IN,AGL,CE,Combined TRACON& Tower with Radar,27,32,22,10,91,0,0,10,0,10,27,32,32,10,101,4,2,6,107
03/11/2020,FWA,IN,AGL,CE,Combined TRACON& Tower with Radar,32,40,21,9,102,0,0,1,1,2,32,40,22,10,104,0,0,0,104
03/12/2020,FWA,IN,AGL,CE,Combined TRACON& Tower with Radar,28,32,18,9,87,0,0,0,4,4,28,32,18,13,91,0,6,6,97
03/13/2020,FWA,IN,AGL,CE,Combined TRACON& Tower with Radar,24,30,14,0,68,0,0,12,0,12,24,30,26,0,80,8,0,8,88
03/14/2020,FWA,IN,AGL,CE,Combined TRACON& Tower with Radar,24,25,7,0,56,0,0,11,2,13,24,25,18,2,69,2,0,2,71
03/15/2020,FWA,IN,AGL,CE,Combined TRACON& Tower with Radar,22,27,11,0,60,0,2,27,0,29,22,29,38,0,89,16,0,16,105
03/16/2020,FWA,IN,AGL,CE,Combined TRACON& Tower with Radar,20,32,12,1,65,0,2,7,0,9,20,34,19,1,74,10,0,10,84
03/17/2020,FWA,IN,AGL,CE,Combined TRACON& Tower with Radar,28,27,9,9,73,0,0,19,4,23,28,27,28,13,96,46,0,46,142
03/18/2020,FWA,IN,AGL,CE,Combined TRACON& Tower with Radar,34,30,9,8,81,0,0,3,7,10,34,30,12,15,91,0,26,26,117
03/19/2020,FWA,IN,AGL,CE,Combined TRACON& Tower with Radar,27,24,5,0,56,0,0,0,0,0,27,24,5,0,56,0,0,0,56
03/20/2020,FWA,IN,AGL,CE,Combined TRACON& Tower with Radar,25,23,13,11,72,0,0,2,0,2,25,23,15,11,74,0,0,0,74
03/21/2020,FWA,IN,AGL,CE,Combined TRACON& Tower with Radar,24,22,7,0,53,0,4,23,0,27,24,26,30,0,80,20,0,20,100
03/22/2020,FWA,IN,AGL,CE,Combined TRACON& Tower with Radar,20,23,5,0,48,0,2,24,0,26,20,25,29,0,74,30,0,30,104
03/23/2020,FWA,IN,AGL,CE,Combined TRACON& Tower with Radar,20,23,7,0,50,0,0,0,1,1,20,23,7,1,51,0,0,0,51
03/24/2020,FWA,IN,AGL,CE,Combined TRACON& Tower with Radar,26,23,10,3,62,0,0,1,1,2,26,23,11,4,64,0,0,0,64
03/25/2020,FWA,IN,AGL,CE,Combined TRACON& Tower with Radar,26,21,1,2,50,0,0,12,0,12,26,21,13,2,62,8,0,8,70
03/26/2020,FWA,IN,AGL,CE,Combined TRACON& Tower with Radar,25,23,10,6,64,0,0,2,4,6,25,23,12,10,70,0,10,10,80
03/27/2020,FWA,IN,AGL,CE,Combined TRACON& Tower with Radar,20,23,9,0,52,0,0,0,0,0,20,23,9,0,52,0,0,0,52
03/28/2020,FWA,IN,AGL,CE,Combined TRACON& Tower with Radar,22,23,0,0,45,0,0,0,0,0,22,23,0,0,45,0,0,0,45
03/29/2020,FWA,IN,AGL,CE,Combined TRACON& Tower with Radar,18,29,1,0,48,0,0,0,0,0,18,29,1,0,48,0,0,0,48
03/30/2020,FWA,IN,AGL,CE,Combined TRACON& Tower with Radar,15,23,9,0,47,0,0,0,0,0,15,23,9,0,47,4,0,4,51
03/31/2020,FWA,IN,AGL,CE,Combined TRACON& Tower with Radar,24,21,6,11,62,0,0,3,2,5,24,21,9,13,67,4,8,12,79
04/01/2020,FWA,IN,AGL,CE,Combined TRACON& Tower with Radar,22,16,6,8,52,0,0,5,0,5,22,16,11,8,57,0,0,0,57
04/02/2020,FWA,IN,AGL,CE,Combined TRACON& Tower with Radar,22,10,2,9,43,0,0,14,2,16,22,10,16,11,59,30,4,34,93
04/03/2020,FWA,IN,AGL,CE,Combined TRACON& Tower with Radar,16,12,11,2,41,0,0,16,5,21,16,12,27,7,62,6,0,6,68
04/04/2020,FWA,IN,AGL,CE,Combined TRACON& Tower with Radar,16,8,2,2,28,0,0,2,0,2,16,8,4,2,30,0,0,0,30
04/05/2020,FWA,IN,AGL,CE,Combined TRACON& Tower with Radar,15,13,5,0,33,0,0,9,0,9,15,13,14,0,42,34,0,34,76
04/06/2020,FWA,IN,AGL,CE,Combined TRACON& Tower with Radar,13,9,5,0,27,0,0,9,0,9,13,9,14,0,36,10,0,10,46
04/07/2020,FWA,IN,AGL,CE,Combined TRACON& Tower with Radar,19,21,7,3,50,0,0,5,5,10,19,21,12,8,60,0,4,4,64
04/08/2020,FWA,IN,AGL,CE,Combined TRACON& Tower with Radar,17,8,7,5,37,0,0,16,5,21,17,8,23,10,58,30,0,30,88
04/09/2020,FWA,IN,AGL,CE,Combined TRACON& Tower with Radar,25,10,4,5,44,0,0,1,4,5,25,10,5,9,49,0,2,2,51
04/10/2020,FWA,IN,AGL,CE,Combined TRACON& Tower with Radar,17,12,0,3,32,0,0,4,4,8,17,12,4,7,40,2,4,6,46
04/11/2020,FWA,IN,AGL,CE,Combined TRACON& Tower with Radar,14,10,14,0,38,0,0,17,0,17,14,10,31,0,55,0,0,0,55
04/12/2020,FWA,IN,AGL,CE,Combined TRACON& Tower with Radar,12,10,1,0,23,0,0,2,0,2,12,10,3,0,25,0,0,0,25
04/13/2020,FWA,IN,AGL,CE,Combined TRACON& Tower with Radar,16,12,10,0,38,0,0,0,0,0,16,12,10,0,38,4,0,4,42
04/14/2020,FWA,IN,AGL,CE,Combined TRACON& Tower with Radar,18,9,4,2,33,0,0,15,2,17,18,9,19,4,50,4,8,12,62
04/15/2020,FWA,IN,AGL,CE,Combined TRACON& Tower with Radar,20,6,2,2,30,0,0,2,0,2,20,6,4,2,32,0,0,0,32
04/16/2020,FWA,IN,AGL,CE,Combined TRACON& Tower with Radar,21,6,4,1,32,0,0,10,7,17,21,6,14,8,49,22,4,26,75
04/17/2020,FWA,IN,AGL,CE,Combined TRACON& Tower with Radar,14,7,4,3,28,0,0,0,0,0,14,7,4,3,28,0,0,0,28
04/18/2020,FWA,IN,AGL,CE,Combined TRACON& Tower with Radar,12,11,4,4,31,0,1,12,3,16,12,12,16,7,47,4,0,4,51
04/19/2020,FWA,IN,AGL,CE,Combined TRACON& Tower with Radar,8,6,4,3,21,0,0,8,5,13,8,6,12,8,34,6,4,10,44
04/20/2020,FWA,IN,AGL,CE,Combined TRACON& Tower with Radar,12,6,17,9,44,0,0,2,1,3,12,6,19,10,47,14,0,14,61
04/21/2020,FWA,IN,AGL,CE,Combined TRACON& Tower with Radar,16,8,11,3,38,0,0,7,5,12,16,8,18,8,50,4,4,8,58
04/22/2020,FWA,IN,AGL,CE,Combined TRACON& Tower with Radar,18,7,3,6,34,0,0,9,5,14,18,7,12,11,48,0,2,2,50
04/23/2020,FWA,IN,AGL,CE,Combined TRACON& Tower with Radar,18,15,1,0,34,0,0,1,4,5,18,15,2,4,39,0,0,0,39
04/24/2020,FWA,IN,AGL,CE,Combined TRACON& Tower with Radar,18,5,12,0,35,0,0,19,0,19,18,5,31,0,54,38,0,38,92
04/25/2020,FWA,IN,AGL,CE,Combined TRACON& Tower with Radar,11,8,7,0,26,0,0,7,0,7,11,8,14,0,33,18,0,18,51
04/26/2020,FWA,IN,AGL,CE,Combined TRACON& Tower with Radar,8,5,4,0,17,0,0,7,0,7,8,5,11,0,24,0,0,0,24
04/27/2020,FWA,IN,AGL,CE,Combined TRACON& Tower with Radar,14,4,15,0,33,0,0,43,0,43,14,4,58,0,76,14,0,14,90
04/28/2020,FWA,IN,AGL,CE,Combined TRACON& Tower with Radar,12,6,8,4,30,0,0,18,4,22,12,6,26,8,52,22,0,22,74
04/29/2020,FWA,IN,AGL,CE,Combined TRACON& Tower with Radar,18,5,7,4,34,0,1,1,5,7,18,6,8,9,41,0,0,0,41
04/30/2020,FWA,IN,AGL,CE,Combined TRACON& Tower with Radar,18,8,8,6,40,0,0,2,0,2,18,8,10,6,42,2,0,2,44
05/01/2020,FWA,IN,AGL,CE,Combined TRACON& Tower with Radar,16,7,26,11,60,0,0,37,2,39,16,7,63,13,99,10,0,10,109
05/02/2020,FWA,IN,AGL,CE,Combined TRACON& Tower with Radar,8,8,0,0,16,0,0,22,5,27,8,8,22,5,43,14,0,14,57
05/03/2020,FWA,IN,AGL,CE,Combined TRACON& Tower with Radar,10,3,3,4,20,0,0,22,4,26,10,3,25,8,46,6,0,6,52
05/04/2020,FWA,IN,AGL,CE,Combined TRACON& Tower with Radar,18,8,19,5,50,0,0,30,3,33,18,8,49,8,83,12,0,12,95
05/05/2020,FWA,IN,AGL,CE,Combined TRACON& Tower with Radar,12,5,8,2,27,0,0,5,2,7,12,5,13,4,34,6,0,6,40
05/06/2020,FWA,IN,AGL,CE,Combined TRACON& Tower with Radar,13,5,4,5,27,0,0,27,3,30,13,5,31,8,57,4,0,4,61
05/07/2020,FWA,IN,AGL,CE,Combined TRACON& Tower with Radar,15,8,6,6,35,0,1,14,2,17,15,9,20,8,52,2,0,2,54
05/08/2020,FWA,IN,AGL,CE,Combined TRACON& Tower with Radar,13,10,9,0,32,0,0,3,0,3,13,10,12,0,35,0,0,0,35
05/09/2020,FWA,IN,AGL,CE,Combined TRACON& Tower with Radar,13,4,7,0,24,0,0,14,0,14,13,4,21,0,38,0,0,0,38
05/10/2020,FWA,IN,AGL,CE,Combined TRACON& Tower with Radar,8,6,3,0,17,0,0,0,0,0,8,6,3,0,17,0,0,0,17
05/11/2020,FWA,IN,AGL,CE,Combined TRACON& Tower with Radar,12,7,4,0,23,0,0,11,0,11,12,7,15,0,34,16,0,16,50
05/12/2020,FWA,IN,AGL,CE,Combined TRACON& Tower with Radar,14,4,21,3,42,0,0,16,5,21,14,4,37,8,63,34,4,38,101
05/13/2020,FWA,IN,AGL,CE,Combined TRACON& Tower with Radar,14,11,9,1,35,0,0,24,9,33,14,11,33,10,68,18,0,18,86
05/14/2020,FWA,IN,AGL,CE,Combined TRACON& Tower with Radar,21,6,2,2,31,0,0,0,2,2,21,6,2,4,33,0,0,0,33
05/15/2020,FWA,IN,AGL,CE,Combined TRACON& Tower with Radar,14,8,4,6,32,0,0,4,1,5,14,8,8,7,37,0,0,0,37
05/16/2020,FWA,IN,AGL,CE,Combined TRACON& Tower with Radar,10,5,17,0,32,0,0,16,0,16,10,5,33,0,48,0,0,0,48
05/17/2020,FWA,IN,AGL,CE,Combined TRACON& Tower with Radar,10,5,4,0,19,0,0,0,0,0,10,5,4,0,19,0,0,0,19
05/18/2020,FWA,IN,AGL,CE,Combined TRACON& Tower with Radar,11,7,4,2,24,0,0,2,0,2,11,7,6,2,26,0,0,0,26
05/19/2020,FWA,IN,AGL,CE,Combined TRACON& Tower with Radar,15,14,17,2,48,0,0,0,0,0,15,14,17,2,48,0,0,0,48
05/20/2020,FWA,IN,AGL,CE,Combined TRACON& Tower with Radar,14,6,27,2,49,0,0,11,5,16,14,6,38,7,65,12,2,14,79
05/21/2020,FWA,IN,AGL,CE,Combined TRACON& Tower with Radar,18,13,21,4,56,0,0,13,7,20,18,13,34,11,76,4,0,4,80
05/22/2020,FWA,IN,AGL,CE,Combined TRACON& Tower with Radar,14,6,44,0,64,0,0,7,0,7,14,6,51,0,71,8,0,8,79
05/23/2020,FWA,IN,AGL,CE,Combined TRACON& Tower with Radar,16,5,15,0,36,0,4,6,0,10,16,9,21,0,46,4,0,4,50
05/24/2020,FWA,IN,AGL,CE,Combined TRACON& Tower with Radar,10,5,0,0,15,0,2,14,0,16,10,7,14,0,31,6,0,6,37
05/25/2020,FWA,IN,AGL,CE,Combined TRACON& Tower with Radar,8,5,8,0,21,0,0,8,0,8,8,5,16,0,29,0,0,0,29
05/26/2020,FWA,IN,AGL,CE,Combined TRACON& Tower with Radar,12,5,13,3,33,0,0,15,6,21,12,5,28,9,54,0,0,0,54
05/27/2020,FWA,IN,AGL,CE,Combined TRACON& Tower with Radar,14,11,8,3,36,0,0,15,5,20,14,11,23,8,56,10,0,10,66
05/28/2020,FWA,IN,AGL,CE,Combined TRACON& Tower with Radar,18,13,27,7,65,0,0,0,1,1,18,13,27,8,66,0,0,0,66
05/29/2020,FWA,IN,AGL,CE,Combined TRACON& Tower with Radar,14,8,22,8,52,0,0,21,3,24,14,8,43,11,76,12,0,12,88
05/30/2020,FWA,IN,AGL,CE,Combined TRACON& Tower with Radar,14,6,11,0,31,0,4,43,0,47,14,10,54,0,78,44,0,44,122
05/31/2020,FWA,IN,AGL,CE,Combined TRACON& Tower with Radar,10,5,12,0,27,0,0,37,0,37,10,5,49,0,64,12,0,12,76
06/01/2020,FWA,IN,AGL,CE,Combined TRACON& Tower with Radar,12,8,11,0,31,0,0,38,0,38,12,8,49,0,69,12,0,12,81
06/02/2020,FWA,IN,AGL,CE,Combined TRACON& Tower with Radar,14,4,11,5,34,0,0,22,9,31,14,4,33,14,65,14,0,14,79
06/03/2020,FWA,IN,AGL,CE,Combined TRACON& Tower with Radar,17,10,7,8,42,0,0,14,2,16,17,10,21,10,58,4,0,4,62
06/04/2020,FWA,IN,AGL,CE,Combined TRACON& Tower with Radar,17,7,4,4,32,0,0,32,11,43,17,7,36,15,75,36,6,42,117
06/05/2020,FWA,IN,AGL,CE,Combined TRACON& Tower with Radar,20,10,15,13,58,0,0,32,7,39,20,10,47,20,97,16,0,16,113
06/06/2020,FWA,IN,AGL,CE,Combined TRACON& Tower with Radar,20,8,14,0,42,0,2,27,0,29,20,10,41,0,71,26,0,26,97
06/07/2020,FWA,IN,AGL,CE,Combined TRACON& Tower with Radar,10,13,10,4,37,0,2,30,2,34,10,15,40,6,71,34,0,34,105
06/08/2020,FWA,IN,AGL,CE,Combined TRACON& Tower with Radar,16,6,11,0,33,0,4,26,0,30,16,10,37,0,63,38,0,38,101
06/09/2020,FWA,IN,AGL,CE,Combined TRACON& Tower with Radar,14,12,17,5,48,0,0,20,7,27,14,12,37,12,75,8,0,8,83
06/10/2020,FWA,IN,AGL,CE,Combined TRACON& Tower with Radar,18,10,8,5,41,0,0,0,2,2,18,10,8,7,43,2,0,2,45
06/11/2020,FWA,IN,AGL,CE,Combined TRACON& Tower with Radar,19,8,20,5,52,0,1,35,7,43,19,9,55,12,95,42,0,42,137
06/12/2020,FWA,IN,AGL,CE,Combined TRACON& Tower with Radar,20,6,23,7,56,0,6,48,7,61,20,12,71,14,117,10,2,12,129
06/13/2020,FWA,IN,AGL,CE,Combined TRACON& Tower with Radar,20,5,13,0,38,0,6,35,0,41,20,11,48,0,79,28,0,28,107
06/14/2020,FWA,IN,AGL,CE,Combined TRACON& Tower with Radar,12,9,18,2,41,0,0,26,16,42,12,9,44,18,83,26,0,26,109
06/15/2020,FWA,IN,AGL,CE,Combined TRACON& Tower with Radar,17,8,16,8,49,0,2,38,8,48,17,10,54,16,97,16,0,16,113
06/16/2020,FWA,IN,AGL,CE,Combined TRACON& Tower with Radar,15,5,8,9,37,0,0,41,11,52,15,5,49,20,89,16,4,20,109
06/17/2020,FWA,IN,AGL,CE,Combined TRACON& Tower with Radar,17,5,18,8,48,0,2,39,8,49,17,7,57,16,97,24,6,30,127
06/18/2020,FWA,IN,AGL,CE,Combined TRACON& Tower with Radar,18,13,17,4,52,0,0,44,12,56,18,13,61,16,108,60,12,72,180
06/19/2020,FWA,IN,AGL,CE,Combined TRACON& Tower with Radar,19,8,18,0,45,0,0,46,0,46,19,8,64,0,91,24,0,24,115
06/20/2020,FWA,IN,AGL,CE,Combined TRACON& Tower with Radar,19,5,11,0,35,0,6,17,0,23,19,11,28,0,58,52,0,52,110
06/21/2020,FWA,IN,AGL,CE,Combined TRACON& Tower with Radar,13,5,8,0,26,0,4,7,0,11,13,9,15,0,37,46,0,46,83
06/22/2020,FWA,IN,AGL,CE,Combined TRACON& Tower with Radar,17,15,17,0,49,0,0,16,0,16,17,15,33,0,65,2,0,2,67
06/23/2020,FWA,IN,AGL,CE,Combined TRACON& Tower with Radar,15,8,6,8,37,0,0,18,3,21,15,8,24,11,58,6,0,6,64
06/24/2020,FWA,IN,AGL,CE,Combined TRACON& Tower with Radar,18,9,19,7,53,0,4,33,12,49,18,13,52,19,102,16,0,16,118
06/25/2020,FWA,IN,AGL,CE,Combined TRACON& Tower with Radar,19,13,19,8,59,0,2,26,7,35,19,15,45,15,94,8,0,8,102
06/26/2020,FWA,IN,AGL,CE,Combined TRACON& Tower with Radar,19,17,15,5,56,2,0,8,10,20,21,17,23,15,76,8,0,8,84
06/27/2020,FWA,IN,AGL,CE,Combined TRACON& Tower with Radar,20,7,6,0,33,0,0,9,2,11,20,7,15,2,44,0,0,0,44
06/28/2020,FWA,IN,AGL,CE,Combined TRACON& Tower with Radar,12,11,15,0,38,0,4,12,0,16,12,15,27,0,54,24,0,24,78
06/29/2020,FWA,IN,AGL,CE,Combined TRACON& Tower with Radar,18,8,9,0,35,0,2,17,0,19,18,10,26,0,54,6,0,6,60
06/30/2020,FWA,IN,AGL,CE,Combined TRACON& Tower with Radar,15,4,12,4,35,0,0,15,2,17,15,4,27,6,52,20,0,20,72
07/01/2020,FWA,IN,AGL,CE,Combined TRACON& Tower with Radar,21,10,13,9,53,0,2,27,6,35,21,12,40,15,88,42,2,44,132
07/02/2020,FWA,IN,AGL,CE,Combined TRACON& Tower with Radar,20,15,7,3,45,0,6,52,6,64,20,21,59,9,109,22,0,22,131
07/03/2020,FWA,IN,AGL,CE,Combined TRACON& Tower with Radar,18,13,17,0,48,0,5,28,0,33,18,18,45,0,81,16,0,16,97
07/04/2020,FWA,IN,AGL,CE,Combined TRACON& Tower with Radar,17,7,1,0,25,0,0,13,3,16,17,7,14,3,41,2,0,2,43
07/05/2020,FWA,IN,AGL,CE,Combined TRACON& Tower with Radar,11,13,8,0,32,0,4,9,2,15,11,17,17,2,47,18,0,18,65
07/06/2020,FWA,IN,AGL,CE,Combined TRACON& Tower with Radar,18,11,11,0,40,0,4,20,1,25,18,15,31,1,65,24,0,24,89
07/07/2020,FWA,IN,AGL,CE,Combined TRACON& Tower with Radar,17,19,6,5,47,0,0,15,8,23,17,19,21,13,70,2,6,8,78
07/08/2020,FWA,IN,AGL,CE,Combined TRACON& Tower with Radar,21,21,12,4,58,0,2,17,6,25,21,23,29,10,83,2,0,2,85
07/09/2020,FWA,IN,AGL,CE,Combined TRACON& Tower with Radar,23,17,16,6,62,0,4,31,8,43,23,21,47,14,105,36,2,38,143
07/10/2020,FWA,IN,AGL,CE,Combined TRACON& Tower with Radar,22,19,5,7,53,0,0,10,8,18,22,19,15,15,71,20,0,20,91
07/11/2020,FWA,IN,AGL,CE,Combined TRACON& Tower with Radar,21,19,7,0,47,0,2,29,0,31,21,21,36,0,78,14,0,14,92
07/12/2020,FWA,IN,AGL,CE,Combined TRACON& Tower with Radar,13,19,3,0,35,0,2,17,0,19,13,21,20,0,54,16,0,16,70
07/13/2020,FWA,IN,AGL,CE,Combined TRACON& Tower with Radar,21,16,19,4,60,0,0,51,9,60,21,16,70,13,120,14,0,14,134
07/14/2020,FWA,IN,AGL,CE,Combined TRACON& Tower with Radar,16,17,25,13,71,0,2,38,11,51,16,19,63,24,122,18,4,22,144
07/15/2020,FWA,IN,AGL,CE,Combined TRACON& Tower with Radar,20,28,16,16,80,0,2,32,8,42,20,30,48,24,122,36,0,36,158
07/16/2020,FWA,IN,AGL,CE,Combined TRACON& Tower with Radar,21,22,21,17,81,0,0,13,1,14,21,22,34,18,95,0,0,0,95
07/17/2020,FWA,IN,AGL,CE,Combined TRACON& Tower with Radar,22,22,16,0,60,0,5,19,0,24,22,27,35,0,84,8,0,8,92
07/18/2020,FWA,IN,AGL,CE,Combined TRACON& Tower with Radar,21,23,10,0,54,0,6,17,0,23,21,29,27,0,77,60,0,60,137
07/19/2020,FWA,IN,AGL,CE,Combined TRACON& Tower with Radar,14,22,11,0,47,0,2,6,0,8,14,24,17,0,55,0,0,0,55
07/20/2020,FWA,IN,AGL,CE,Combined TRACON& Tower with Radar,19,19,7,0,45,0,10,23,1,34,19,29,30,1,79,40,0,40,119
07/21/2020,FWA,IN,AGL,CE,Combined TRACON& Tower with Radar,17,25,10,8,60,0,0,25,8,33,17,25,35,16,93,0,2,2,95
07/22/2020,FWA,IN,AGL,CE,Combined TRACON& Tower with Radar,23,19,9,8,59,0,14,7,0,21,23,33,16,8,80,54,0,54,134
07/23/2020,FWA,IN,AGL,CE,Combined TRACON& Tower with Radar,22,18,33,17,90,0,10,25,9,44,22,28,58,26,134,64,10,74,208
07/24/2020,FWA,IN,AGL,CE,Combined TRACON& Tower with Radar,24,15,18,7,64,0,0,25,5,30,24,15,43,12,94,6,0,6,100
07/25/2020,FWA,IN,AGL,CE,Combined TRACON& Tower with Radar,21,17,16,0,54,0,6,41,0,47,21,23,57,0,101,34,0,34,135
07/26/2020,FWA,IN,AGL,CE,Combined TRACON& Tower with Radar,13,23,11,0,47,0,10,18,0,28,13,33,29,0,75,30,0,30,105
07/27/2020,FWA,IN,AGL,CE,Combined TRACON& Tower with Radar,18,22,10,0,50,0,0,4,0,4,18,22,14,0,54,2,0,2,56
07/28/2020,FWA,IN,AGL,CE,Combined TRACON& Tower with Radar,19,27,24,14,84,0,16,28,6,50,19,43,52,20,134,60,16,76,210
07/29/2020,FWA,IN,AGL,CE,Combined TRACON& Tower with Radar,19,16,10,7,52,0,17,32,7,56,19,33,42,14,108,128,4,132,240
07/30/2020,FWA,IN,AGL,CE,Combined TRACON& Tower with Radar,25,21,13,9,68,0,5,19,7,31,25,26,32,16,99,8,2,10,109
07/31/2020,FWA,IN,AGL,CE,Combined TRACON& Tower with Radar,23,19,12,2,56,0,8,30,12,50,23,27,42,14,106,30,2,32,138
08/01/2020,FWA,IN,AGL,CE,Combined TRACON& Tower with Radar,23,19,10,0,52,0,0,0,0,0,23,19,10,0,52,0,0,0,52
08/02/2020,FWA,IN,AGL,CE,Combined TRACON& Tower with Radar,14,22,17,1,54,0,2,8,1,11,14,24,25,2,65,40,0,40,105
08/03/2020,FWA,IN,AGL,CE,Combined TRACON& Tower with Radar,20,24,12,6,62,0,0,35,6,41,20,24,47,12,103,30,0,30,133
08/04/2020,FWA,IN,AGL,CE,Combined TRACON& Tower with Radar,18,22,26,5,71,0,8,7,5,20,18,30,33,10,91,0,0,0,91
08/05/2020,FWA,IN,AGL,CE,Combined TRACON& Tower with Radar,20,25,14,6,65,0,29,38,3,70,20,54,52,9,135,46,0,46,181
08/06/2020,FWA,IN,AGL,CE,Combined TRACON& Tower with Radar,22,20,21,5,68,0,2,25,7,34,22,22,46,12,102,26,6,32,134
08/07/2020,FWA,IN,AGL,CE,Combined TRACON& Tower with Radar,24,20,8,0,52,0,12,29,0,41,24,32,37,0,93,50,0,50,143
08/08/2020,FWA,IN,AGL,CE,Combined TRACON& Tower with Radar,20,22,9,0,51,0,6,26,0,32,20,28,35,0,83,32,0,32,115
08/09/2020,FWA,IN,AGL,CE,Combined TRACON& Tower with Radar,14,21,9,0,44,0,3,12,0,15,14,24,21,0,59,36,0,36,95
08/10/2020,FWA,IN,AGL,CE,Combined TRACON& Tower with Radar,20,23,13,0,56,0,3,15,2,20,20,26,28,2,76,22,0,22,98
08/11/2020,FWA,IN,AGL,CE,Combined TRACON& Tower with Radar,20,23,23,8,74,0,0,18,3,21,20,23,41,11,95,20,0,20,115
08/12/2020,FWA,IN,AGL,CE,Combined TRACON& Tower with Radar,19,26,34,5,84,0,5,21,6,32,19,31,55,11,116,24,0,24,140
08/13/2020,FWA,IN,AGL,CE,Combined TRACON& Tower with Radar,23,21,38,1,83,0,12,26,3,41,23,33,64,4,124,0,0,0,124
08/14/2020,FWA,IN,AGL,CE,Combined TRACON& Tower with Radar,26,22,17,6,71,0,4,36,8,48,26,26,53,14,119,10,2,12,131
08/15/2020,FWA,IN,AGL,CE,Combined TRACON& Tower with Radar,20,20,24,2,66,0,0,17,2,19,20,20,41,4,85,22,0,22,107
08/16/2020,FWA,IN,AGL,CE,Combined TRACON& Tower with Radar,13,20,8,1,42,0,6,15,4,25,13,26,23,5,67,40,0,40,107
08/17/2020,FWA,IN,AGL,CE,Combined TRACON& Tower with Radar,23,22,4,0,49,0,0,28,0,28,23,22,32,0,77,46,0,46,123
08/18/2020,FWA,IN,AGL,CE,Combined TRACON& Tower with Radar,19,24,29,7,79,0,2,32,5,39,19,26,61,12,118,14,0,14,132
08/19/2020,FWA,IN,AGL,CE,Combined TRACON& Tower with Radar,20,22,15,2,59,0,0,34,11,45,20,22,49,13,104,22,0,22,126
08/20/2020,FWA,IN,AGL,CE,Combined TRACON& Tower with Radar,24,23,15,4,66,0,0,48,10,58,24,23,63,14,124,24,6,30,154
08/21/2020,FWA,IN,AGL,CE,Combined TRACON& Tower with Radar,22,22,22,0,66,0,0,27,12,39,22,22,49,12,105,12,0,12,117
08/22/2020,FWA,IN,AGL,CE,Combined TRACON& Tower with Radar,13,21,13,6,53,0,4,21,0,25,13,25,34,6,78,18,0,18,96
08/23/2020,FWA,IN,AGL,CE,Combined TRACON& Tower with Radar,17,23,26,0,66,0,2,35,0,37,17,25,61,0,103,20,0,20,123
08/24/2020,FWA,IN,AGL,CE,Combined TRACON& Tower with Radar,17,22,18,0,57,0,2,37,0,39,17,24,55,0,96,20,0,20,116
08/25/2020,FWA,IN,AGL,CE,Combined TRACON& Tower with Radar,25,21,17,15,78,0,1,24,8,33,25,22,41,23,111,6,4,10,121
08/26/2020,FWA,IN,AGL,CE,Combined TRACON& Tower with Radar,21,25,22,5,73,0,0,21,8,29,21,25,43,13,102,4,4,8,110
08/27/2020,FWA,IN,AGL,CE,Combined TRACON& Tower with Radar,24,23,15,9,71,0,0,19,3,22,24,23,34,12,93,2,0,2,95
08/28/2020,FWA,IN,AGL,CE,Combined TRACON& Tower with Radar,25,26,19,0,70,0,0,5,4,9,25,26,24,4,79,10,2,12,91
08/29/2020,FWA,IN,AGL,CE,Combined TRACON& Tower with Radar,15,19,18,0,52,0,8,15,0,23,15,27,33,0,75,48,0,48,123
08/30/2020,FWA,IN,AGL,CE,Combined TRACON& Tower with Radar,16,23,33,0,72,0,2,31,0,33,16,25,64,0,105,14,0,14,119
08/31/2020,FWA,IN,AGL,CE,Combined TRACON& Tower with Radar,20,22,19,0,61,0,2,37,0,39,20,24,56,0,100,24,0,24,124
09/01/2020,FWA,IN,AGL,CE,Combined TRACON& Tower with Radar,20,18,17,10,65,0,0,11,4,15,20,18,28,14,80,22,0,22,102
09/02/2020,FWA,IN,AGL,CE,Combined TRACON& Tower with Radar,20,18,19,10,67,0,2,11,3,16,20,20,30,13,83,28,3,31,114
09/03/2020,FWA,IN,AGL,CE,Combined TRACON& Tower with Radar,24,18,19,0,61,0,2,28,1,31,24,20,47,1,92,12,0,12,104
09/04/2020,FWA,IN,AGL,CE,Combined TRACON& Tower with Radar,22,28,29,0,79,0,4,31,0,35,22,32,60,0,114,40,0,40,154
09/05/2020,FWA,IN,AGL,CE,Combined TRACON& Tower with Radar,16,18,9,0,43,0,0,18,0,18,16,18,27,0,61,2,0,2,63
09/06/2020,FWA,IN,AGL,CE,Combined TRACON& Tower with Radar,16,18,4,0,38,0,0,6,0,6,16,18,10,0,44,18,0,18,62
09/07/2020,FWA,IN,AGL,CE,Combined TRACON& Tower with Radar,19,17,12,1,49,0,0,1,0,1,19,17,13,1,50,0,0,0,50
09/08/2020,FWA,IN,AGL,CE,Combined TRACON& Tower with Radar,19,24,10,7,60,0,0,17,1,18,19,24,27,8,78,40,0,40,118
09/09/2020,FWA,IN,AGL,CE,Combined TRACON& Tower with Radar,17,24,15,2,58,0,8,25,1,34,17,32,40,3,92,0,0,0,92
09/10/2020,FWA,IN,AGL,CE,Combined TRACON& Tower with Radar,24,15,35,0,74,0,0,1,0,1,24,15,36,0,75,36,0,36,111
09/11/2020,FWA,IN,AGL,CE,Combined TRACON& Tower with Radar,25,23,29,0,77,0,3,16,1,20,25,26,45,1,97,4,0,4,101
09/12/2020,FWA,IN,AGL,CE,Combined TRACON& Tower with Radar,16,28,25,0,69,0,0,5,4,9,16,28,30,4,78,0,0,0,78
09/13/2020,FWA,IN,AGL,CE,Combined TRACON& Tower with Radar,20,25,12,0,57,0,2,14,8,24,20,27,26,8,81,20,4,24,105
09/14/2020,FWA,IN,AGL,CE,Combined TRACON& Tower with Radar,25,16,10,2,53,0,14,43,2,59,25,30,53,4,112,60,0,60,172
09/15/2020,FWA,IN,AGL,CE,Combined TRACON& Tower with Radar,21,18,25,11,75,0,12,36,1,49,21,30,61,12,124,66,2,68,192
09/16/2020,FWA,IN,AGL,CE,Combined TRACON& Tower with Radar,19,18,20,8,65,0,10,30,8,48,19,28,50,16,113,34,0,34,147
09/17/2020,FWA,IN,AGL,CE,Combined TRACON& Tower with Radar,26,19,20,3,68,0,8,18,1,27,26,27,38,4,95,32,0,32,127
09/18/2020,FWA,IN,AGL,CE,Combined TRACON& Tower with Radar,26,26,17,26,95,0,8,28,8,44,26,34,45,34,139,60,16,76,215
09/19/2020,FWA,IN,AGL,CE,Combined TRACON& Tower with Radar,15,18,10,0,43,0,6,30,1,37,15,24,40,1,80,30,0,30,110
09/20/2020,FWA,IN,AGL,CE,Combined TRACON& Tower with Radar,18,19,11,6,54,0,2,42,0,44,18,21,53,6,98,10,0,10,108
09/21/2020,FWA,IN,AGL,CE,Combined TRACON& Tower with Radar,21,15,11,2,49,0,10,28,0,38,21,25,39,2,87,52,0,52,139
09/22/2020,FWA,IN,AGL,CE,Combined TRACON& Tower with Radar,19,17,14,3,53,0,8,16,9,33,19,25,30,12,86,38,4,42,128
09/23/2020,FWA,IN,AGL,CE,Combined TRACON& Tower with Radar,19,18,10,4,51,0,4,43,5,52,19,22,53,9,103,48,0,48,151
09/24/2020,FWA,IN,AGL,CE,Combined TRACON& Tower with Radar,30,18,27,5,80,0,14,24,6,44,30,32,51,11,124,72,0,72,196
09/25/2020,FWA,IN,AGL,CE,Combined TRACON& Tower with Radar,23,22,12,11,68,0,8,33,8,49,23,30,45,19,117,30,14,44,161
09/26/2020,FWA,IN,AGL,CE,Combined TRACON& Tower with Radar,14,23,36,0,73,0,0,2,0,2,14,23,38,0,75,4,0,4,79
09/27/2020,FWA,IN,AGL,CE,Combined TRACON& Tower with Radar,19,15,15,0,49,0,2,9,0,11,19,17,24,0,60,4,0,4,64
09/28/2020,FWA,IN,AGL,CE,Combined TRACON& Tower with Radar,23,17,32,0,72,0,0,8,0,8,23,17,40,0,80,0,0,0,80
09/29/2020,FWA,IN,AGL,CE,Combined TRACON& Tower with Radar,18,16,25,4,63,0,6,26,14,46,18,22,51,18,109,72,0,72,181
09/30/2020,FWA,IN,AGL,CE,Combined TRACON& Tower with Radar,20,20,14,7,61,0,4,9,2,15,20,24,23,9,76,28,2,30,106
10/01/2020,FWA,IN,AGL,CE,Combined TRACON& Tower with Radar,24,19,10,5,58,0,0,12,2,14,24,19,22,7,72,26,2,28,100
10/02/2020,FWA,IN,AGL,CE,Combined TRACON& Tower with Radar,23,18,14,5,60,0,6,40,5,51,23,24,54,10,111,44,0,44,155
10/03/2020,FWA,IN,AGL,CE,Combined TRACON& Tower with Radar,20,21,8,0,49,0,2,26,0,28,20,23,34,0,77,36,0,36,113
10/04/2020,FWA,IN,AGL,CE,Combined TRACON& Tower with Radar,17,17,7,0,41,0,2,4,0,6,17,19,11,0,47,20,0,20,67
10/05/2020,FWA,IN,AGL,CE,Combined TRACON& Tower with Radar,22,18,15,0,55,0,16,31,0,47,22,34,46,0,102,90,0,90,192
10/06/2020,FWA,IN,AGL,CE,Combined TRACON& Tower with Radar,18,14,16,6,54,0,12,18,2,32,18,26,34,8,86,104,0,104,190
10/07/2020,FWA,IN,AGL,CE,Combined TRACON& Tower with Radar,21,20,19,9,69,0,14,15,4,33,21,34,34,13,102,38,10,48,150
10/08/2020,FWA,IN,AGL,CE,Combined TRACON& Tower with Radar,25,17,32,3,77,0,6,43,6,55,25,23,75,9,132,66,0,66,198
10/09/2020,FWA,IN,AGL,CE,Combined TRACON& Tower with Radar,24,17,12,0,53,0,2,35,0,37,24,19,47,0,90,40,0,40,130
10/10/2020,FWA,IN,AGL,CE,Combined TRACON& Tower with Radar,24,14,15,0,53,0,0,43,0,43,24,14,58,0,96,74,0,74,170
10/11/2020,FWA,IN,AGL,CE,Combined TRACON& Tower with Radar,19,15,19,0,53,0,0,17,0,17,19,15,36,0,70,0,0,0,70
10/12/2020,FWA,IN,AGL,CE,Combined TRACON& Tower with Radar,20,15,9,0,44,0,0,1,0,1,20,15,10,0,45,0,0,0,45
10/13/2020,FWA,IN,AGL,CE,Combined TRACON& Tower with Radar,21,15,22,4,62,0,4,36,4,44,21,19,58,8,106,42,0,42,148
10/14/2020,FWA,IN,AGL,CE,Combined TRACON& Tower with Radar,19,13,19,7,58,0,2,17,13,32,19,15,36,20,90,32,16,48,138
10/15/2020,FWA,IN,AGL,CE,Combined TRACON& Tower with Radar,25,14,23,14,76,0,6,14,8,28,25,20,37,22,104,32,2,34,138
10/16/2020,FWA,IN,AGL,CE,Combined TRACON& Tower with Radar,24,16,23,19,82,0,0,31,13,44,24,16,54,32,126,22,16,38,164
10/17/2020,FWA,IN,AGL,CE,Combined TRACON& Tower with Radar,25,16,7,6,54,0,2,13,3,18,25,18,20,9,72,14,0,14,86
10/18/2020,FWA,IN,AGL,CE,Combined TRACON& Tower with Radar,16,19,7,4,46,0,2,10,9,21,16,21,17,13,67,46,14,60,127
10/19/2020,FWA,IN,AGL,CE,Combined TRACON& Tower with Radar,20,22,21,22,85,0,0,2,0,2,20,22,23,22,87,0,0,0,87
10/20/2020,FWA,IN,AGL,CE,Combined TRACON& Tower with Radar,25,14,28,7,74,0,0,8,0,8,25,14,36,7,82,0,0,0,82
10/21/2020,FWA,IN,AGL,CE,Combined TRACON& Tower with Radar,20,30,24,10,84,0,0,22,4,26,20,30,46,14,110,18,0,18,128
10/22/2020,FWA,IN,AGL,CE,Combined TRACON& Tower with Radar,28,21,30,7,86,0,2,15,1,18,28,23,45,8,104,0,0,0,104
10/23/2020,FWA,IN,AGL,CE,Combined TRACON& Tower with Radar,24,20,21,4,69,0,3,4,1,8,24,23,25,5,77,6,0,6,83
10/24/2020,FWA,IN,AGL,CE,Combined TRACON& Tower with Radar,20,16,15,1,52,0,5,46,7,58,20,21,61,8,110,16,4,20,130
10/25/2020,FWA,IN,AGL,CE,Combined TRACON& Tower with Radar,16,19,17,6,58,0,6,10,3,19,16,25,27,9,77,8,0,8,85
10/26/2020,FWA,IN,AGL,CE,Combined TRACON& Tower with Radar,19,18,20,2,59,0,0,17,0,17,19,18,37,2,76,90,0,90,166
10/27/2020,FWA,IN,AGL,CE,Combined TRACON& Tower with Radar,21,19,18,5,63,0,0,1,7,8,21,19,19,12,71,30,0,30,101
10/28/2020,FWA,IN,AGL,CE,Combined TRACON& Tower with Radar,18,17,16,5,56,0,8,45,13,66,18,25,61,18,122,106,0,106,228
10/29/2020,FWA,IN,AGL,CE,Combined TRACON& Tower with Radar,23,18,19,5,65,0,2,7,4,13,23,20,26,9,78,8,0,8,86
10/30/2020,FWA,IN,AGL,CE,Combined TRACON& Tower with Radar,23,19,23,8,73,0,2,41,4,47,23,21,64,12,120,34,0,34,154
10/31/2020,FWA,IN,AGL,CE,Combined TRACON& Tower with Radar,10,18,18,0,46,0,4,29,0,33,10,22,47,0,79,24,0,24,103
11/01/2020,FWA,IN,AGL,CE,Combined TRACON& Tower with Radar,16,18,14,0,48,0,0,1,0,1,16,18,15,0,49,0,0,0,49
11/02/2020,FWA,IN,AGL,CE,Combined TRACON& Tower with Radar,20,20,23,0,63,0,3,24,1,28,20,23,47,1,91,72,0,72,163
11/03/2020,FWA,IN,AGL,CE,Combined TRACON& Tower with Radar,21,14,12,2,49,0,2,46,8,56,21,16,58,10,105,28,4,32,137
11/04/2020,FWA,IN,AGL,CE,Combined TRACON& Tower with Radar,21,26,12,7,66,0,4,38,4,46,21,30,50,11,112,44,8,52,164
11/05/2020,FWA,IN,AGL,CE,Combined TRACON& Tower with Radar,26,26,27,2,81,0,8,31,12,51,26,34,58,14,132,22,2,24,156
11/06/2020,FWA,IN,AGL,CE,Combined TRACON& Tower with Radar,22,30,26,8,86,0,1,35,5,41,22,31,61,13,127,36,8,44,171
11/07/2020,FWA,IN,AGL,CE,Combined TRACON& Tower with Radar,17,19,4,1,41,0,4,40,7,51,17,23,44,8,92,40,0,40,132
11/08/2020,FWA,IN,AGL,CE,Combined TRACON& Tower with Radar,17,21,17,2,57,0,4,27,8,39,17,25,44,10,96,26,4,30,126
11/09/2020,FWA,IN,AGL,CE,Combined TRACON& Tower with Radar,23,16,22,0,61,0,2,36,0,38,23,18,58,0,99,28,0,28,127
11/10/2020,FWA,IN,AGL,CE,Combined TRACON& Tower with Radar,17,21,24,5,67,0,0,8,4,12,17,21,32,9,79,26,0,26,105
11/11/2020,FWA,IN,AGL,CE,Combined TRACON& Tower with Radar,20,17,37,0,74,0,0,9,0,9,20,17,46,0,83,4,0,4,87
11/12/2020,FWA,IN,AGL,CE,Combined TRACON& Tower with Radar,22,17,20,3,62,0,11,58,7,76,22,28,78,10,138,56,0,56,194
11/13/2020,FWA,IN,AGL,CE,Combined TRACON& Tower with Radar,22,16,23,2,63,0,0,21,2,23,22,16,44,4,86,24,0,24,110
11/14/2020,FWA,IN,AGL,CE,Combined TRACON& Tower with Radar,17,18,5,2,42,0,0,26,3,29,17,18,31,5,71,34,0,34,105
11/15/2020,FWA,IN,AGL,CE,Combined TRACON& Tower with Radar,16,19,7,0,42,0,0,1,0,1,16,19,8,0,43,0,0,0,43
11/16/2020,FWA,IN,AGL,CE,Combined TRACON& Tower with Radar,24,18,13,6,61,0,2,9,2,13,24,20,22,8,74,18,0,18,92
11/17/2020,FWA,IN,AGL,CE,Combined TRACON& Tower with Radar,15,17,12,6,50,0,0,8,5,13,15,17,20,11,63,6,0,6,69
11/18/2020,FWA,IN,AGL,CE,Combined TRACON& Tower with Radar,17,18,11,6,52,0,2,28,3,33,17,20,39,9,85,42,2,44,129
11/19/2020,FWA,IN,AGL,CE,Combined TRACON& Tower with Radar,28,18,21,7,74,0,0,5,6,11,28,18,26,13,85,2,0,2,87
11/20/2020,FWA,IN,AGL,CE,Combined TRACON& Tower with Radar,23,29,16,0,68,0,4,25,0,29,23,33,41,0,97,18,0,18,115
11/21/2020,FWA,IN,AGL,CE,Combined TRACON& Tower with Radar,19,25,8,0,52,0,2,19,0,21,19,27,27,0,73,38,0,38,111
11/22/2020,FWA,IN,AGL,CE,Combined TRACON& Tower with Radar,17,23,10,0,50,0,0,0,0,0,17,23,10,0,50,0,0,0,50
11/23/2020,FWA,IN,AGL,CE,Combined TRACON& Tower with Radar,17,23,13,2,55,0,2,36,0,38,17,25,49,2,93,34,0,34,127
11/24/2020,FWA,IN,AGL,CE,Combined TRACON& Tower with Radar,27,24,15,5,71,0,0,1,3,4,27,24,16,8,75,6,0,6,81
11/25/2020,FWA,IN,AGL,CE,Combined TRACON& Tower with Radar,30,24,26,0,80,0,0,0,0,0,30,24,26,0,80,0,0,0,80
11/26/2020,FWA,IN,AGL,CE,Combined TRACON& Tower with Radar,2,10,9,0,21,0,0,0,0,0,2,10,9,0,21,0,0,0,21
11/27/2020,FWA,IN,AGL,CE,Combined TRACON& Tower with Radar,18,16,18,0,52,0,0,20,0,20,18,16,38,0,72,36,0,36,108
11/28/2020,FWA,IN,AGL,CE,Combined TRACON& Tower with Radar,18,28,16,0,62,0,2,49,1,52,18,30,65,1,114,42,0,42,156
11/29/2020,FWA,IN,AGL,CE,Combined TRACON& Tower with Radar,23,26,20,0,69,0,2,21,0,23,23,28,41,0,92,34,0,34,126
11/30/2020,FWA,IN,AGL,CE,Combined TRACON& Tower with Radar,23,25,12,0,60,0,0,0,0,0,23,25,12,0,60,0,0,0,60
12/01/2020,FWA,IN,AGL,CE,Combined TRACON& Tower with Radar,18,20,13,9,60,0,0,3,6,9,18,20,16,15,69,16,0,16,85
12/02/2020,FWA,IN,AGL,CE,Combined TRACON& Tower with Radar,16,19,15,5,55,0,6,36,5,47,16,25,51,10,102,40,0,40,142
12/03/2020,FWA,IN,AGL,CE,Combined TRACON& Tower with Radar,22,19,21,7,69,0,6,13,7,26,22,25,34,14,95,46,0,46,141
12/04/2020,FWA,IN,AGL,CE,Combined TRACON& Tower with Radar,20,26,16,9,71,0,4,16,4,24,20,30,32,13,95,12,4,16,111
12/05/2020,FWA,IN,AGL,CE,Combined TRACON& Tower with Radar,12,16,12,3,43,0,2,17,4,23,12,18,29,7,66,80,2,82,148
12/06/2020,FWA,IN,AGL,CE,Combined TRACON& Tower with Radar,14,21,21,3,59,0,0,18,5,23,14,21,39,8,82,28,0,28,110
12/07/2020,FWA,IN,AGL,CE,Combined TRACON& Tower with Radar,18,20,19,13,70,0,4,22,0,26,18,24,41,13,96,48,0,48,144
12/08/2020,FWA,IN,AGL,CE,Combined TRACON& Tower with Radar,14,17,16,14,61,0,2,12,0,14,14,19,28,14,75,28,0,28,103
12/09/2020,FWA,IN,AGL,CE,Combined TRACON& Tower with Radar,15,20,16,6,57,0,10,15,1,26,15,30,31,7,83,10,0,10,93
12/10/2020,FWA,IN,AGL,CE,Combined TRACON& Tower with Radar,25,22,23,9,79,0,6,42,0,48,25,28,65,9,127,18,0,18,145
12/11/2020,FWA,IN,AGL,CE,Combined TRACON& Tower with Radar,20,24,18,0,62,0,0,16,0,16,20,24,34,0,78,38,0,38,116
12/12/2020,FWA,IN,AGL,CE,Combined TRACON& Tower with Radar,13,16,9,8,46,0,0,0,2,2,13,16,9,10,48,0,0,0,48
12/13/2020,FWA,IN,AGL,CE,Combined TRACON& Tower with Radar,15,21,8,6,50,0,0,1,2,3,15,21,9,8,53,0,0,0,53
12/14/2020,FWA,IN,AGL,CE,Combined TRACON& Tower with Radar,18,21,26,0,65,0,0,12,0,12,18,21,38,0,77,2,0,2,79
12/15/2020,FWA,IN,AGL,CE,Combined TRACON& Tower with Radar,14,17,20,5,56,0,4,42,7,53,14,21,62,12,109,2,10,12,121
12/16/2020,FWA,IN,AGL,CE,Combined TRACON& Tower with Radar,15,20,16,0,51,0,0,0,0,0,15,20,16,0,51,0,0,0,51
12/17/2020,FWA,IN,AGL,CE,Combined TRACON& Tower with Radar,21,25,16,9,71,0,0,3,3,6,21,25,19,12,77,6,0,6,83
12/18/2020,FWA,IN,AGL,CE,Combined TRACON& Tower with Radar,22,24,20,5,71,0,0,20,7,27,22,24,40,12,98,10,2,12,110
12/19/2020,FWA,IN,AGL,CE,Combined TRACON& Tower with Radar,22,31,5,0,58,0,0,4,0,4,22,31,9,0,62,10,0,10,72
12/20/2020,FWA,IN,AGL,CE,Combined TRACON& Tower with Radar,14,20,12,0,46,0,1,7,0,8,14,21,19,0,54,16,0,16,70
12/21/2020,FWA,IN,AGL,CE,Combined TRACON& Tower with Radar,26,22,15,0,63,0,0,2,0,2,26,22,17,0,65,0,0,0,65
12/22/2020,FWA,IN,AGL,CE,Combined TRACON& Tower with Radar,22,24,14,12,72,0,1,15,0,16,22,25,29,12,88,58,0,58,146
12/23/2020,FWA,IN,AGL,CE,Combined TRACON& Tower with Radar,27,20,17,5,69,0,0,7,1,8,27,20,24,6,77,26,0,26,103
12/24/2020,FWA,IN,AGL,CE,Combined TRACON& Tower with Radar,20,19,11,0,50,0,0,0,0,0,20,19,11,0,50,0,0,0,50
12/25/2020,FWA,IN,AGL,CE,Combined TRACON& Tower with Radar,9,15,5,0,29,0,0,0,0,0,9,15,5,0,29,0,0,0,29
12/26/2020,FWA,IN,AGL,CE,Combined TRACON& Tower with Radar,21,21,25,0,67,0,0,29,2,31,21,21,54,2,98,20,0,20,118
12/27/2020,FWA,IN,AGL,CE,Combined TRACON& Tower with Radar,15,21,15,0,51,0,0,15,0,15,15,21,30,0,66,16,0,16,82
12/28/2020,FWA,IN,AGL,CE,Combined TRACON& Tower with Radar,23,23,20,0,66,0,0,0,1,1,23,23,20,1,67,0,0,0,67
12/29/2020,FWA,IN,AGL,CE,Combined TRACON& Tower with Radar,22,22,18,4,66,0,2,24,4,30,22,24,42,8,96,0,0,0,96
12/30/2020,FWA,IN,AGL,CE,Combined TRACON& Tower with Radar,26,18,1,1,46,0,0,0,1,1,26,18,1,2,47,16,0,16,63
12/31/2020,FWA,IN,AGL,CE,Combined TRACON& Tower with Radar,18,17,15,1,51,0,0,3,1,4,18,17,18,2,55,8,0,8,63
01/01/2021,FWA,IN,AGL,CE,Combined TRACON& Tower with Radar,4,10,10,0,24,0,0,0,0,0,4,10,10,0,24,0,0,0,24
01/02/2021,FWA,IN,AGL,CE,Combined TRACON& Tower with Radar,18,27,13,0,58,0,0,0,0,0,18,27,13,0,58,0,0,0,58
01/03/2021,FWA,IN,AGL,CE,Combined TRACON& Tower with Radar,19,19,18,0,56,0,0,0,0,0,19,19,18,0,56,0,0,0,56
01/04/2021,FWA,IN,AGL,CE,Combined TRACON& Tower with Radar,23,21,12,0,56,0,0,1,0,1,23,21,13,0,57,0,0,0,57
01/05/2021,FWA,IN,AGL,CE,Combined TRACON& Tower with Radar,19,10,7,0,36,0,0,0,0,0,19,10,7,0,36,0,0,0,36
01/06/2021,FWA,IN,AGL,CE,Combined TRACON& Tower with Radar,22,13,10,10,55,0,0,13,9,22,22,13,23,19,77,8,20,28,105
01/07/2021,FWA,IN,AGL,CE,Combined TRACON& Tower with Radar,33,14,14,13,74,0,0,14,5,19,33,14,28,18,93,16,0,16,109
01/08/2021,FWA,IN,AGL,CE,Combined TRACON& Tower with Radar,24,15,8,20,67,0,0,3,3,6,24,15,11,23,73,0,12,12,85
01/09/2021,FWA,IN,AGL,CE,Combined TRACON& Tower with Radar,18,15,12,0,45,0,0,32,0,32,18,15,44,0,77,46,0,46,123
01/10/2021,FWA,IN,AGL,CE,Combined TRACON& Tower with Radar,22,12,7,0,41,0,0,0,1,1,22,12,7,1,42,14,0,14,56
01/11/2021,FWA,IN,AGL,CE,Combined TRACON& Tower with Radar,23,13,7,14,57,0,0,1,0,1,23,13,8,14,58,0,0,0,58
01/12/2021,FWA,IN,AGL,CE,Combined TRACON& Tower with Radar,20,10,19,12,61,0,0,6,0,6,20,10,25,12,67,24,0,24,91
01/13/2021,FWA,IN,AGL,CE,Combined TRACON& Tower with Radar,20,15,19,3,57,0,4,41,8,53,20,19,60,11,110,32,0,32,142
01/14/2021,FWA,IN,AGL,CE,Combined TRACON& Tower with Radar,30,16,18,0,64,0,2,16,0,18,30,18,34,0,82,20,0,20,102
01/15/2021,FWA,IN,AGL,CE,Combined TRACON& Tower with Radar,24,18,14,0,56,0,0,1,0,1,24,18,15,0,57,8,0,8,65
01/16/2021,FWA,IN,AGL,CE,Combined TRACON& Tower with Radar,16,14,7,0,37,0,0,3,0,3,16,14,10,0,40,8,0,8,48
01/17/2021,FWA,IN,AGL,CE,Combined TRACON& Tower with Radar,22,9,8,2,41,0,0,0,0,0,22,9,8,2,41,18,0,18,59
01/18/2021,FWA,IN,AGL,CE,Combined TRACON& Tower with Radar,21,12,20,6,59,0,0,1,0,1,21,12,21,6,60,0,0,0,60
01/19/2021,FWA,IN,AGL,CE,Combined TRACON& Tower with Radar,22,10,15,3,50,0,0,18,0,18,22,10,33,3,68,82,0,82,150
01/20/2021,FWA,IN,AGL,CE,Combined TRACON& Tower with Radar,20,10,9,0,39,0,2,13,1,16,20,12,22,1,55,12,0,12,67
01/21/2021,FWA,IN,AGL,CE,Combined TRACON& Tower with Radar,30,12,10,0,52,0,2,31,0,33,30,14,41,0,85,2,0,2,87
01/22/2021,FWA,IN,AGL,CE,Combined TRACON& Tower with Radar,24,14,14,0,52,0,0,13,0,13,24,14,27,0,65,4,0,4,69
01/23/2021,FWA,IN,AGL,CE,Combined TRACON& Tower with Radar,18,14,2,0,34,0,10,38,1,49,18,24,40,1,83,34,0,34,117
01/24/2021,FWA,IN,AGL,CE,Combined TRACON& Tower with Radar,24,12,7,0,43,0,0,3,0,3,24,12,10,0,46,2,0,2,48
01/25/2021,FWA,IN,AGL,CE,Combined TRACON& Tower with Radar,21,18,10,0,49,0,0,4,0,4,21,18,14,0,53,4,0,4,57
01/26/2021,FWA,IN,AGL,CE,Combined TRACON& Tower with Radar,19,8,8,0,35,0,0,0,0,0,19,8,8,0,35,0,0,0,35
01/27/2021,FWA,IN,AGL,CE,Combined TRACON& Tower with Radar,22,8,30,2,62,0,0,30,0,30,22,8,60,2,92,48,0,48,140
01/28/2021,FWA,IN,AGL,CE,Combined TRACON& Tower with Radar,28,12,15,1,56,0,0,28,0,28,28,12,43,1,84,22,0,22,106
01/29/2021,FWA,IN,AGL,CE,Combined TRACON& Tower with Radar,28,14,26,1,69,0,2,57,0,59,28,16,83,1,128,42,0,42,170
01/30/2021,FWA,IN,AGL,CE,Combined TRACON& Tower with Radar,17,13,18,2,50,0,0,4,0,4,17,13,22,2,54,0,0,0,54
01/31/2021,FWA,IN,AGL,CE,Combined TRACON& Tower with Radar,24,11,1,0,36,0,0,0,0,0,24,11,1,0,36,0,0,0,36
02/01/2021,FWA,IN,AGL,CE,Combined TRACON& Tower with Radar,25,13,13,0,51,0,0,4,0,4,25,13,17,0,55,2,0,2,57
02/02/2021,FWA,IN,AGL,CE,Combined TRACON& Tower with Radar,20,12,19,0,51,0,6,20,0,26,20,18,39,0,77,98,0,98,175
02/03/2021,FWA,IN,AGL,CE,Combined TRACON& Tower with Radar,22,14,21,1,58,0,2,33,3,38,22,16,54,4,96,46,4,50,146
02/04/2021,FWA,IN,AGL,CE,Combined TRACON& Tower with Radar,27,21,20,1,69,0,2,7,3,12,27,23,27,4,81,8,6,14,95
02/05/2021,FWA,IN,AGL,CE,Combined TRACON& Tower with Radar,24,18,9,0,51,0,0,0,0,0,24,18,9,0,51,0,0,0,51
02/06/2021,FWA,IN,AGL,CE,Combined TRACON& Tower with Radar,17,14,5,0,36,0,4,24,0,28,17,18,29,0,64,22,0,22,86
02/07/2021,FWA,IN,AGL,CE,Combined TRACON& Tower with Radar,20,11,7,0,38,0,0,9,0,9,20,11,16,0,47,26,0,26,73
02/08/2021,FWA,IN,AGL,CE,Combined TRACON& Tower with Radar,22,15,9,1,47,0,0,6,0,6,22,15,15,1,53,8,0,8,61
02/09/2021,FWA,IN,AGL,CE,Combined TRACON& Tower with Radar,22,10,17,0,49,0,0,11,0,11,22,10,28,0,60,50,0,50,110
02/10/2021,FWA,IN,AGL,CE,Combined TRACON& Tower with Radar,22,11,9,0,42,0,0,4,0,4,22,11,13,0,46,4,0,4,50
02/11/2021,FWA,IN,AGL,CE,Combined TRACON& Tower with Radar,23,18,20,0,61,0,8,31,2,41,23,26,51,2,102,26,0,26,128
02/12/2021,FWA,IN,AGL,CE,Combined TRACON& Tower with Radar,30,19,19,0,68,0,2,5,3,10,30,21,24,3,78,20,0,20,98
02/13/2021,FWA,IN,AGL,CE,Combined TRACON& Tower with Radar,26,15,3,10,54,0,0,3,0,3,26,15,6,10,57,0,0,0,57
02/14/2021,FWA,IN,AGL,CE,Combined TRACON& Tower with Radar,18,9,7,2,36,0,0,4,1,5,18,9,11,3,41,0,0,0,41
02/15/2021,FWA,IN,AGL,CE,Combined TRACON& Tower with Radar,13,11,5,0,29,0,0,0,0,0,13,11,5,0,29,0,0,0,29
02/16/2021,FWA,IN,AGL,CE,Combined TRACON& Tower with Radar,13,8,3,0,24,0,0,2,0,2,13,8,5,0,26,4,0,4,30
02/17/2021,FWA,IN,AGL,CE,Combined TRACON& Tower with Radar,19,18,20,0,57,0,6,8,0,14,19,24,28,0,71,28,0,28,99
02/18/2021,FWA,IN,AGL,CE,Combined TRACON& Tower with Radar,25,13,22,0,60,0,0,1,2,3,25,13,23,2,63,2,0,2,65
02/19/2021,FWA,IN,AGL,CE,Combined TRACON& Tower with Radar,26,16,11,4,57,0,0,6,4,10,26,16,17,8,67,6,0,6,73
02/20/2021,FWA,IN,AGL,CE,Combined TRACON& Tower with Radar,26,17,6,0,49,0,4,21,0,25,26,21,27,0,74,0,0,0,74
02/21/2021,FWA,IN,AGL,CE,Combined TRACON& Tower with Radar,24,15,10,1,50,0,1,19,0,20,24,16,29,1,70,20,0,20,90
02/22/2021,FWA,IN,AGL,CE,Combined TRACON& Tower with Radar,26,16,7,0,49,0,0,0,0,0,26,16,7,0,49,22,0,22,71
02/23/2021,FWA,IN,AGL,CE,Combined TRACON& Tower with Radar,22,15,12,2,51,0,10,15,11,36,22,25,27,13,87,36,2,38,125
02/24/2021,FWA,IN,AGL,CE,Combined TRACON& Tower with Radar,25,12,10,3,50,0,0,12,10,22,25,12,22,13,72,10,2,12,84
02/25/2021,FWA,IN,AGL,CE,Combined TRACON& Tower with Radar,31,12,27,3,73,0,8,37,9,54,31,20,64,12,127,36,4,40,167
02/26/2021,FWA,IN,AGL,CE,Combined TRACON& Tower with Radar,28,17,18,11,74,0,4,33,6,43,28,21,51,17,117,14,0,14,131
02/27/2021,FWA,IN,AGL,CE,Combined TRACON& Tower with Radar,26,16,14,0,56,0,0,20,0,20,26,16,34,0,76,20,0,20,96
02/28/2021,FWA,IN,AGL,CE,Combined TRACON& Tower with Radar,24,11,29,0,64,0,0,14,0,14,24,11,43,0,78,4,0,4,82
03/01/2021,FWA,IN,AGL,CE,Combined TRACON& Tower with Radar,26,16,25,4,71,0,4,18,0,22,26,20,43,4,93,22,0,22,115
03/02/2021,FWA,IN,AGL,CE,Combined TRACON& Tower with Radar,24,14,21,5,64,0,9,45,10,64,24,23,66,15,128,96,8,104,232
03/03/2021,FWA,IN,AGL,CE,Combined TRACON& Tower with Radar,26,16,16,5,63,0,8,43,8,59,26,24,59,13,122,26,2,28,150
03/04/2021,FWA,IN,AGL,CE,Combined TRACON& Tower with Radar,32,20,26,0,78,0,16,48,12,76,32,36,74,12,154,60,2,62,216
03/05/2021,FWA,IN,AGL,CE,Combined TRACON& Tower with Radar,30,19,17,2,68,0,6,42,13,61,30,25,59,15,129,36,0,36,165
03/06/2021,FWA,IN,AGL,CE,Combined TRACON& Tower with Radar,26,14,8,1,49,0,2,37,3,42,26,16,45,4,91,58,10,68,159
03/07/2021,FWA,IN,AGL,CE,Combined TRACON& Tower with Radar,22,12,8,1,43,0,0,29,2,31,22,12,37,3,74,10,2,12,86
03/08/2021,FWA,IN,AGL,CE,Combined TRACON& Tower with Radar,28,12,12,3,55,0,0,18,7,25,28,12,30,10,80,6,0,6,86
03/09/2021,FWA,IN,AGL,CE,Combined TRACON& Tower with Radar,26,11,13,16,66,0,4,28,6,38,26,15,41,22,104,46,0,46,150
03/10/2021,FWA,IN,AGL,CE,Combined TRACON& Tower with Radar,30,16,15,7,68,0,0,2,2,4,30,16,17,9,72,0,0,0,72
03/11/2021,FWA,IN,AGL,CE,Combined TRACON& Tower with Radar,31,17,13,5,66,0,2,4,4,10,31,19,17,9,76,28,0,28,104
03/12/2021,FWA,IN,AGL,CE,Combined TRACON& Tower with Radar,28,14,11,0,53,0,4,32,0,36,28,18,43,0,89,24,0,24,113
03/13/2021,FWA,IN,AGL,CE,Combined TRACON& Tower with Radar,26,16,8,0,50,0,2,40,0,42,26,18,48,0,92,57,0,57,149
03/14/2021,FWA,IN,AGL,CE,Combined TRACON& Tower with Radar,24,13,6,0,43,0,2,29,0,31,24,15,35,0,74,42,0,42,116
03/15/2021,FWA,IN,AGL,CE,Combined TRACON& Tower with Radar,26,18,6,0,50,0,0,2,0,2,26,18,8,0,52,0,0,0,52
03/16/2021,FWA,IN,AGL,CE,Combined TRACON& Tower with Radar,28,14,16,7,65,0,0,5,0,5,28,14,21,7,70,14,0,14,84
03/17/2021,FWA,IN,AGL,CE,Combined TRACON& Tower with Radar,32,14,17,12,75,0,0,36,7,43,32,14,53,19,118,48,6,54,172
03/18/2021,FWA,IN,AGL,CE,Combined TRACON& Tower with Radar,31,10,5,1,47,0,0,0,0,0,31,10,5,1,47,0,0,0,47
03/19/2021,FWA,IN,AGL,CE,Combined TRACON& Tower with Radar,30,20,18,4,72,0,10,45,8,63,30,30,63,12,135,32,2,34,169
03/20/2021,FWA,IN,AGL,CE,Combined TRACON& Tower with Radar,28,14,12,0,54,0,2,30,1,33,28,16,42,1,87,4,0,4,91
03/21/2021,FWA,IN,AGL,CE,Combined TRACON& Tower with Radar,24,15,26,10,75,0,4,41,3,48,24,19,67,13,123,66,8,74,197
03/22/2021,FWA,IN,AGL,CE,Combined TRACON& Tower with Radar,28,13,31,0,72,0,8,30,0,38,28,21,61,0,110,20,0,20,130
03/23/2021,FWA,IN,AGL,CE,Combined TRACON& Tower with Radar,28,15,14,7,64,0,0,30,13,43,28,15,44,20,107,26,0,26,133
03/24/2021,FWA,IN,AGL,CE,Combined TRACON& Tower with Radar,30,14,12,3,59,0,0,2,9,11,30,14,14,12,70,8,0,8,78
03/25/2021,FWA,IN,AGL,CE,Combined TRACON& Tower with Radar,34,24,29,2,89,0,0,6,10,16,34,24,35,12,105,6,2,8,113
03/26/2021,FWA,IN,AGL,CE,Combined TRACON& Tower with Radar,28,18,23,13,82,0,0,2,2,4,28,18,25,15,86,0,0,0,86
03/27/2021,FWA,IN,AGL,CE,Combined TRACON& Tower with Radar,28,17,18,0,63,0,2,6,0,8,28,19,24,0,71,22,0,22,93
03/28/2021,FWA,IN,AGL,CE,Combined TRACON& Tower with Radar,27,13,15,0,55,0,0,1,0,1,27,13,16,0,56,2,0,2,58
03/29/2021,FWA,IN,AGL,CE,Combined TRACON& Tower with Radar,26,17,23,0,66,0,6,45,0,51,26,23,68,0,117,50,0,50,167
03/30/2021,FWA,IN,AGL,CE,Combined TRACON& Tower with Radar,29,18,15,5,67,0,0,10,9,19,29,18,25,14,86,20,0,20,106
03/31/2021,FWA,IN,AGL,CE,Combined TRACON& Tower with Radar,30,20,11,3,64,0,0,24,7,31,30,20,35,10,95,36,4,40,135
04/01/2021,FWA,IN,AGL,CE,Combined TRACON& Tower with Radar,33,20,22,6,81,0,0,16,8,24,33,20,38,14,105,6,2,8,113
04/02/2021,FWA,IN,AGL,CE,Combined TRACON& Tower with Radar,29,13,31,2,75,0,10,34,6,50,29,23,65,8,125,0,0,0,125
04/03/2021,FWA,IN,AGL,CE,Combined TRACON& Tower with Radar,29,18,10,0,57,0,0,23,0,23,29,18,33,0,80,18,0,18,98
04/04/2021,FWA,IN,AGL,CE,Combined TRACON& Tower with Radar,24,18,10,0,52,0,6,25,2,33,24,24,35,2,85,54,0,54,139
04/05/2021,FWA,IN,AGL,CE,Combined TRACON& Tower with Radar,26,18,11,0,55,0,2,16,0,18,26,20,27,0,73,28,0,28,101
04/06/2021,FWA,IN,AGL,CE,Combined TRACON& Tower with Radar,28,18,14,0,60,0,5,27,8,40,28,23,41,8,100,12,10,22,122
04/07/2021,FWA,IN,AGL,CE,Combined TRACON& Tower with Radar,28,15,14,1,58,0,0,6,5,11,28,15,20,6,69,18,0,18,87
04/08/2021,FWA,IN,AGL,CE,Combined TRACON& Tower with Radar,32,20,10,4,66,0,0,11,6,17,32,20,21,10,83,40,0,40,123
04/09/2021,FWA,IN,AGL,CE,Combined TRACON& Tower with Radar,27,19,13,4,63,0,4,18,5,27,27,23,31,9,90,18,0,18,108
04/10/2021,FWA,IN,AGL,CE,Combined TRACON& Tower with Radar,31,16,14,0,61,0,0,5,0,5,31,16,19,0,66,10,0,10,76
04/11/2021,FWA,IN,AGL,CE,Combined TRACON& Tower with Radar,19,17,10,0,46,0,0,1,0,1,19,17,11,0,47,0,0,0,47
04/12/2021,FWA,IN,AGL,CE,Combined TRACON& Tower with Radar,27,29,19,2,77,0,3,15,0,18,27,32,34,2,95,12,0,12,107
04/13/2021,FWA,IN,AGL,CE,Combined TRACON& Tower with Radar,24,14,15,1,54,0,11,26,7,44,24,25,41,8,98,28,0,28,126
04/14/2021,FWA,IN,AGL,CE,Combined TRACON& Tower with Radar,26,19,11,3,59,0,6,21,8,35,26,25,32,11,94,20,0,20,114
04/15/2021,FWA,IN,AGL,CE,Combined TRACON& Tower with Radar,32,20,19,1,72,0,2,9,6,17,32,22,28,7,89,8,0,8,97
04/16/2021,FWA,IN,AGL,CE,Combined TRACON& Tower with Radar,24,16,11,1,52,0,2,35,5,42,24,18,46,6,94,48,2,50,144
04/17/2021,FWA,IN,AGL,CE,Combined TRACON& Tower with Radar,20,20,13,0,53,0,2,37,0,39,20,22,50,0,92,46,0,46,138
04/18/2021,FWA,IN,AGL,CE,Combined TRACON& Tower with Radar,22,15,14,0,51,0,4,32,0,36,22,19,46,0,87,34,0,34,121
04/19/2021,FWA,IN,AGL,CE,Combined TRACON& Tower with Radar,24,13,23,0,60,0,0,11,0,11,24,13,34,0,71,11,0,11,82
04/20/2021,FWA,IN,AGL,CE,Combined TRACON& Tower with Radar,24,13,13,6,56,0,0,0,1,1,24,13,13,7,57,0,0,0,57
04/21/2021,FWA,IN,AGL,CE,Combined TRACON& Tower with Radar,28,12,9,9,58,0,0,14,4,18,28,12,23,13,76,8,0,8,84
04/22/2021,FWA,IN,AGL,CE,Combined TRACON& Tower with Radar,30,24,21,5,80,0,14,29,8,51,30,38,50,13,131,35,0,35,166
04/23/2021,FWA,IN,AGL,CE,Combined TRACON& Tower with Radar,24,21,29,3,77,0,4,34,12,50,24,25,63,15,127,68,0,68,195
04/24/2021,FWA,IN,AGL,CE,Combined TRACON& Tower with Radar,22,13,9,1,45,0,0,9,7,16,22,13,18,8,61,12,2,14,75
04/25/2021,FWA,IN,AGL,CE,Combined TRACON& Tower with Radar,22,14,18,7,61,0,2,32,7,41,22,16,50,14,102,10,10,20,122
04/26/2021,FWA,IN,AGL,CE,Combined TRACON& Tower with Radar,22,18,10,9,59,0,0,27,5,32,22,18,37,14,91,6,0,6,97
04/27/2021,FWA,IN,AGL,CE,Combined TRACON& Tower with Radar,26,13,17,7,63,0,3,23,7,33,26,16,40,14,96,32,0,32,128
04/28/2021,FWA,IN,AGL,CE,Combined TRACON& Tower with Radar,26,15,17,3,61,0,1,11,5,17,26,16,28,8,78,12,0,12,90
04/29/2021,FWA,IN,AGL,CE,Combined TRACON& Tower with Radar,30,17,32,3,82,0,0,0,1,1,30,17,32,4,83,0,0,0,83
04/30/2021,FWA,IN,AGL,CE,Combined TRACON& Tower with Radar,24,17,16,0,57,0,4,33,0,37,24,21,49,0,94,50,0,50,144
05/01/2021,FWA,IN,AGL,CE,Combined TRACON& Tower with Radar,20,13,16,0,49,0,6,31,0,37,20,19,47,0,86,32,0,32,118
05/02/2021,FWA,IN,AGL,CE,Combined TRACON& Tower with Radar,22,16,8,0,46,0,2,6,0,8,22,18,14,0,54,26,0,26,80
05/03/2021,FWA,IN,AGL,CE,Combined TRACON& Tower with Radar,22,22,13,0,57,0,0,0,0,0,22,22,13,0,57,8,0,8,65
05/04/2021,FWA,IN,AGL,CE,Combined TRACON& Tower with Radar,24,12,18,20,74,0,0,0,3,3,24,12,18,23,77,0,12,12,89
05/05/2021,FWA,IN,AGL,CE,Combined TRACON& Tower with Radar,26,23,22,8,79,0,18,31,13,62,26,41,53,21,141,96,6,102,243
05/06/2021,FWA,IN,AGL,CE,Combined TRACON& Tower with Radar,30,21,43,9,103,0,0,19,7,26,30,21,62,16,129,42,0,42,171
05/07/2021,FWA,IN,AGL,CE,Combined TRACON& Tower with Radar,24,22,18,7,71,0,0,17,7,24,24,22,35,14,95,56,2,58,153
05/08/2021,FWA,IN,AGL,CE,Combined TRACON& Tower with Radar,22,14,12,0,48,0,6,27,0,33,22,20,39,0,81,22,0,22,103
05/09/2021,FWA,IN,AGL,CE,Combined TRACON& Tower with Radar,22,20,4,0,46,0,0,0,0,0,22,20,4,0,46,0,0,0,46
05/10/2021,FWA,IN,AGL,CE,Combined TRACON& Tower with Radar,22,18,17,1,58,0,2,28,0,30,22,20,45,1,88,8,0,8,96
05/11/2021,FWA,IN,AGL,CE,Combined TRACON& Tower with Radar,23,15,17,5,60,0,2,25,4,31,23,17,42,9,91,2,6,8,99
05/12/2021,FWA,IN,AGL,CE,Combined TRACON& Tower with Radar,26,12,19,3,60,0,0,51,9,60,26,12,70,12,120,28,2,30,150
05/13/2021,FWA,IN,AGL,CE,Combined TRACON& Tower with Radar,30,21,15,2,68,0,2,37,12,51,30,23,52,14,119,34,2,36,155
05/14/2021,FWA,IN,AGL,CE,Combined TRACON& Tower with Radar,24,18,20,2,64,0,4,35,7,46,24,22,55,9,110,60,0,60,170
05/15/2021,FWA,IN,AGL,CE,Combined TRACON& Tower with Radar,21,21,10,4,56,0,0,13,12,25,21,21,23,16,81,20,8,28,109
05/16/2021,FWA,IN,AGL,CE,Combined TRACON& Tower with Radar,23,16,13,3,55,0,3,13,1,17,23,19,26,4,72,50,2,52,124
05/17/2021,FWA,IN,AGL,CE,Combined TRACON& Tower with Radar,22,19,16,8,65,0,2,24,4,30,22,21,40,12,95,20,2,22,117
05/18/2021,FWA,IN,AGL,CE,Combined TRACON& Tower with Radar,24,23,22,9,78,0,5,35,6,46,24,28,57,15,124,50,0,50,174
05/19/2021,FWA,IN,AGL,CE,Combined TRACON& Tower with Radar,25,23,11,5,64,0,3,21,3,27,25,26,32,8,91,6,0,6,97
05/20/2021,FWA,IN,AGL,CE,Combined TRACON& Tower with Radar,33,28,21,6,88,0,14,46,5,65,33,42,67,11,153,38,0,38,191
05/21/2021,FWA,IN,AGL,CE,Combined TRACON& Tower with Radar,26,24,14,0,64,0,2,21,0,23,26,26,35,0,87,52,0,52,139
05/22/2021,FWA,IN,AGL,CE,Combined TRACON& Tower with Radar,20,20,16,0,56,0,6,24,0,30,20,26,40,0,86,28,0,28,114
05/23/2021,FWA,IN,AGL,CE,Combined TRACON& Tower with Radar,22,14,11,0,47,0,0,16,0,16,22,14,27,0,63,14,0,14,77
05/24/2021,FWA,IN,AGL,CE,Combined TRACON& Tower with Radar,25,18,12,0,55,0,0,22,6,28,25,18,34,6,83,26,0,26,109
05/25/2021,FWA,IN,AGL,CE,Combined TRACON& Tower with Radar,24,14,30,7,75,0,4,28,8,40,24,18,58,15,115,16,0,16,131
05/26/2021,FWA,IN,AGL,CE,Combined TRACON& Tower with Radar,24,21,17,9,71,0,0,8,5,13,24,21,25,14,84,26,4,30,114
05/27/2021,FWA,IN,AGL,CE,Combined TRACON& Tower with Radar,30,23,28,3,84,0,2,29,8,39,30,25,57,11,123,36,0,36,159
05/28/2021,FWA,IN,AGL,CE,Combined TRACON& Tower with Radar,31,15,23,0,69,0,0,4,0,4,31,15,27,0,73,0,0,0,73
05/29/2021,FWA,IN,AGL,CE,Combined TRACON& Tower with Radar,26,22,18,0,66,0,4,18,6,28,26,26,36,6,94,62,0,62,156
05/30/2021,FWA,IN,AGL,CE,Combined TRACON& Tower with Radar,22,13,4,0,39,0,0,35,2,37,22,13,39,2,76,72,0,72,148
05/31/2021,FWA,IN,AGL,CE,Combined TRACON& Tower with Radar,22,13,20,0,55,0,0,8,0,8,22,13,28,0,63,14,0,14,77
06/01/2021,FWA,IN,AGL,CE,Combined TRACON& Tower with Radar,29,18,10,4,61,0,0,19,16,35,29,18,29,20,96,12,4,16,112
06/02/2021,FWA,IN,AGL,CE,Combined TRACON& Tower with Radar,32,23,27,5,87,0,0,1,0,1,32,23,28,5,88,8,0,8,96
06/03/2021,FWA,IN,AGL,CE,Combined TRACON& Tower with Radar,30,23,41,13,107,0,16,27,4,47,30,39,68,17,154,90,8,98,252
06/04/2021,FWA,IN,AGL,CE,Combined TRACON& Tower with Radar,29,19,22,4,74,0,4,18,3,25,29,23,40,7,99,50,4,54,153
06/05/2021,FWA,IN,AGL,CE,Combined TRACON& Tower with Radar,30,16,14,1,61,0,2,25,7,34,30,18,39,8,95,24,2,26,121
06/06/2021,FWA,IN,AGL,CE,Combined TRACON& Tower with Radar,22,14,11,2,49,0,0,25,10,35,22,14,36,12,84,42,4,46,130
06/07/2021,FWA,IN,AGL,CE,Combined TRACON& Tower with Radar,26,18,16,6,66,0,0,4,6,10,26,18,20,12,76,0,0,0,76
06/08/2021,FWA,IN,AGL,CE,Combined TRACON& Tower with Radar,37,15,19,9,80,0,0,14,4,18,37,15,33,13,98,10,2,12,110
06/09/2021,FWA,IN,AGL,CE,Combined TRACON& Tower with Radar,30,15,17,6,68,0,0,22,4,26,30,15,39,10,94,14,0,14,108
06/10/2021,FWA,IN,AGL,CE,Combined TRACON& Tower with Radar,30,18,33,5,86,0,8,18,2,28,30,26,51,7,114,32,0,32,146
06/11/2021,FWA,IN,AGL,CE,Combined TRACON& Tower with Radar,33,16,24,0,73,0,0,29,0,29,33,16,53,0,102,38,0,38,140
06/12/2021,FWA,IN,AGL,CE,Combined TRACON& Tower with Radar,30,19,11,0,60,0,0,17,4,21,30,19,28,4,81,12,0,12,93
06/13/2021,FWA,IN,AGL,CE,Combined TRACON& Tower with Radar,23,15,14,0,52,0,0,16,0,16,23,15,30,0,68,2,0,2,70
06/14/2021,FWA,IN,AGL,CE,Combined TRACON& Tower with Radar,28,22,16,5,71,0,0,13,0,13,28,22,29,5,84,10,0,10,94
06/15/2021,FWA,IN,AGL,CE,Combined TRACON& Tower with Radar,31,16,18,4,69,0,3,37,8,48,31,19,55,12,117,40,0,40,157
06/16/2021,FWA,IN,AGL,CE,Combined TRACON& Tower with Radar,30,21,22,3,76,0,14,27,10,51,30,35,49,13,127,38,2,40,167
06/17/2021,FWA,IN,AGL,CE,Combined TRACON& Tower with Radar,31,20,23,6,80,0,4,52,9,65,31,24,75,15,145,44,6,50,195
06/18/2021,FWA,IN,AGL,CE,Combined TRACON& Tower with Radar,30,15,18,2,65,0,0,2,2,4,30,15,20,4,69,16,2,18,87
06/19/2021,FWA,IN,AGL,CE,Combined TRACON& Tower with Radar,30,17,15,0,62,0,0,5,0,5,30,17,20,0,67,34,0,34,101
06/20/2021,FWA,IN,AGL,CE,Combined TRACON& Tower with Radar,22,16,18,0,56,0,2,13,0,15,22,18,31,0,71,20,0,20,91
06/21/2021,FWA,IN,AGL,CE,Combined TRACON& Tower with Radar,31,26,27,0,84,0,0,8,0,8,31,26,35,0,92,30,0,30,122
06/22/2021,FWA,IN,AGL,CE,Combined TRACON& Tower with Radar,30,17,26,2,75,0,4,45,0,49,30,21,71,2,124,28,0,28,152
06/23/2021,FWA,IN,AGL,CE,Combined TRACON& Tower with Radar,30,16,20,4,70,0,4,42,10,56,30,20,62,14,126,55,6,61,187
06/24/2021,FWA,IN,AGL,CE,Combined TRACON& Tower with Radar,30,25,27,3,85,0,0,26,9,35,30,25,53,12,120,0,2,2,122
06/25/2021,FWA,IN,AGL,CE,Combined TRACON& Tower with Radar,32,18,9,0,59,0,0,4,0,4,32,18,13,0,63,18,0,18,81
06/26/2021,FWA,IN,AGL,CE,Combined TRACON& Tower with Radar,28,19,11,0,58,0,2,2,0,4,28,21,13,0,62,0,0,0,62
06/27/2021,FWA,IN,AGL,CE,Combined TRACON& Tower with Radar,22,15,8,2,47,0,0,5,0,5,22,15,13,2,52,0,0,0,52
06/28/2021,FWA,IN,AGL,CE,Combined TRACON& Tower with Radar,28,20,25,0,73,0,0,26,0,26,28,20,51,0,99,60,0,60,159
06/29/2021,FWA,IN,AGL,CE,Combined TRACON& Tower with Radar,32,17,27,3,79,0,2,18,11,31,32,19,45,14,110,16,8,24,134
06/30/2021,FWA,IN,AGL,CE,Combined TRACON& Tower with Radar,30,18,28,2,78,0,0,6,2,8,30,18,34,4,86,8,0,8,94
07/01/2021,FWA,IN,AGL,CE,Combined TRACON& Tower with Radar,29,26,29,9,93,0,2,41,10,53,29,28,70,19,146,60,0,60,206
07/02/2021,FWA,IN,AGL,CE,Combined TRACON& Tower with Radar,28,18,19,4,69,0,1,40,11,52,28,19,59,15,121,48,8,56,177
07/03/2021,FWA,IN,AGL,CE,Combined TRACON& Tower with Radar,29,16,5,0,50,0,3,34,0,37,29,19,39,0,87,45,0,45,132
07/04/2021,FWA,IN,AGL,CE,Combined TRACON& Tower with Radar,24,15,3,0,42,0,0,22,2,24,24,15,25,2,66,28,2,30,96
07/05/2021,FWA,IN,AGL,CE,Combined TRACON& Tower with Radar,26,14,12,0,52,0,0,20,0,20,26,14,32,0,72,4,0,4,76
07/06/2021,FWA,IN,AGL,CE,Combined TRACON& Tower with Radar,25,18,11,0,54,0,4,40,0,44,25,22,51,0,98,72,0,72,170
07/07/2021,FWA,IN,AGL,CE,Combined TRACON& Tower with Radar,30,23,19,6,78,0,2,12,9,23,30,25,31,15,101,0,4,4,105
07/08/2021,FWA,IN,AGL,CE,Combined TRACON& Tower with Radar,31,20,11,11,73,0,0,7,5,12,31,20,18,16,85,0,0,0,85
07/09/2021,FWA,IN,AGL,CE,Combined TRACON& Tower with Radar,30,20,40,9,99,0,4,17,2,23,30,24,57,11,122,44,0,44,166
07/10/2021,FWA,IN,AGL,CE,Combined TRACON& Tower with Radar,28,22,17,0,67,0,2,31,0,33,28,24,48,0,100,34,0,34,134
07/11/2021,FWA,IN,AGL,CE,Combined TRACON& Tower with Radar,20,16,29,0,65,0,0,0,0,0,20,16,29,0,65,0,0,0,65
07/12/2021,FWA,IN,AGL,CE,Combined TRACON& Tower with Radar,30,16,21,2,69,0,0,6,0,6,30,16,27,2,75,0,0,0,75
07/13/2021,FWA,IN,AGL,CE,Combined TRACON& Tower with Radar,31,14,26,8,79,0,0,5,3,8,31,14,31,11,87,10,0,10,97
07/14/2021,FWA,IN,AGL,CE,Combined TRACON& Tower with Radar,30,28,16,5,79,0,8,43,18,69,30,36,59,23,148,88,2,90,238
07/15/2021,FWA,IN,AGL,CE,Combined TRACON& Tower with Radar,33,17,27,6,83,0,0,17,10,27,33,17,44,16,110,4,14,18,128
07/16/2021,FWA,IN,AGL,CE,Combined TRACON& Tower with Radar,32,18,17,16,83,0,0,0,1,1,32,18,17,17,84,8,0,8,92
07/17/2021,FWA,IN,AGL,CE,Combined TRACON& Tower with Radar,28,17,14,7,66,0,0,6,2,8,28,17,20,9,74,0,0,0,74
07/18/2021,FWA,IN,AGL,CE,Combined TRACON& Tower with Radar,23,16,18,7,64,0,0,33,9,42,23,16,51,16,106,20,0,20,126
07/19/2021,FWA,IN,AGL,CE,Combined TRACON& Tower with Radar,28,19,24,10,81,0,6,32,5,43,28,25,56,15,124,26,2,28,152
07/20/2021,FWA,IN,AGL,CE,Combined TRACON& Tower with Radar,33,14,19,4,70,0,2,39,20,61,33,16,58,24,131,51,0,51,182
07/21/2021,FWA,IN,AGL,CE,Combined TRACON& Tower with Radar,30,23,25,6,84,0,10,16,9,35,30,33,41,15,119,54,4,58,177
07/22/2021,FWA,IN,AGL,CE,Combined TRACON& Tower with Radar,30,20,31,3,84,0,10,43,4,57,30,30,74,7,141,40,0,40,181
07/23/2021,FWA,IN,AGL,CE,Combined TRACON& Tower with Radar,32,22,18,0,72,0,0,17,0,17,32,22,35,0,89,0,0,0,89
07/24/2021,FWA,IN,AGL,CE,Combined TRACON& Tower with Radar,29,21,13,0,63,0,1,25,1,27,29,22,38,1,90,22,0,22,112
07/25/2021,FWA,IN,AGL,CE,Combined TRACON& Tower with Radar,23,18,15,0,56,0,4,21,1,26,23,22,36,1,82,32,0,32,114
07/26/2021,FWA,IN,AGL,CE,Combined TRACON& Tower with Radar,26,16,9,0,51,0,0,35,0,35,26,16,44,0,86,8,0,8,94
07/27/2021,FWA,IN,AGL,CE,Combined TRACON& Tower with Radar,31,13,22,4,70,0,4,27,6,37,31,17,49,10,107,58,0,58,165
07/28/2021,FWA,IN,AGL,CE,Combined TRACON& Tower with Radar,29,19,40,1,89,0,4,24,11,39,29,23,64,12,128,8,0,8,136
07/29/2021,FWA,IN,AGL,CE,Combined TRACON& Tower with Radar,31,30,29,1,91,0,4,32,5,41,31,34,61,6,132,10,0,10,142
07/30/2021,FWA,IN,AGL,CE,Combined TRACON& Tower with Radar,30,25,25,0,80,0,6,37,4,47,30,31,62,4,127,20,0,20,147
07/31/2021,FWA,IN,AGL,CE,Combined TRACON& Tower with Radar,27,18,6,0,51,0,0,25,0,25,27,18,31,0,76,0,0,0,76
08/01/2021,FWA,IN,AGL,CE,Combined TRACON& Tower with Radar,21,20,31,0,72,0,4,17,0,21,21,24,48,0,93,6,0,6,99
08/02/2021,FWA,IN,AGL,CE,Combined TRACON& Tower with Radar,29,23,12,0,64,0,1,35,0,36,29,24,47,0,100,16,0,16,116
08/03/2021,FWA,IN,AGL,CE,Combined TRACON& Tower with Radar,27,16,16,1,60,0,2,29,4,35,27,18,45,5,95,16,0,16,111
08/04/2021,FWA,IN,AGL,CE,Combined TRACON& Tower with Radar,26,16,23,3,68,0,2,30,9,41,26,18,53,12,109,22,0,22,131
08/05/2021,FWA,IN,AGL,CE,Combined TRACON& Tower with Radar,30,17,25,4,76,0,4,42,8,54,30,21,67,12,130,62,0,62,192
08/06/2021,FWA,IN,AGL,CE,Combined TRACON& Tower with Radar,30,19,15,0,64,0,2,19,12,33,30,21,34,12,97,8,0,8,105
08/07/2021,FWA,IN,AGL,CE,Combined TRACON& Tower with Radar,22,19,9,7,57,0,0,15,9,24,22,19,24,16,81,20,2,22,103
08/08/2021,FWA,IN,AGL,CE,Combined TRACON& Tower with Radar,20,18,18,3,59,0,0,26,13,39,20,18,44,16,98,0,0,0,98
08/09/2021,FWA,IN,AGL,CE,Combined TRACON& Tower with Radar,25,16,25,6,72,0,0,14,7,21,25,16,39,13,93,24,4,28,121
08/10/2021,FWA,IN,AGL,CE,Combined TRACON& Tower with Radar,22,18,33,10,83,0,0,5,3,8,22,18,38,13,91,6,0,6,97
08/11/2021,FWA,IN,AGL,CE,Combined TRACON& Tower with Radar,23,20,18,0,61,0,3,13,0,16,23,23,31,0,77,22,0,22,99
08/12/2021,FWA,IN,AGL,CE,Combined TRACON& Tower with Radar,30,22,17,3,72,0,0,22,2,24,30,22,39,5,96,4,0,4,100
08/13/2021,FWA,IN,AGL,CE,Combined TRACON& Tower with Radar,28,24,20,0,72,0,0,16,1,17,28,24,36,1,89,30,0,30,119
08/14/2021,FWA,IN,AGL,CE,Combined TRACON& Tower with Radar,24,19,16,0,59,0,4,23,2,29,24,23,39,2,88,18,0,18,106
08/15/2021,FWA,IN,AGL,CE,Combined TRACON& Tower with Radar,22,20,15,0,57,0,4,29,2,35,22,24,44,2,92,14,0,14,106
08/16/2021,FWA,IN,AGL,CE,Combined TRACON& Tower with Radar,27,21,23,0,71,0,0,11,4,15,27,21,34,4,86,12,0,12,98
08/17/2021,FWA,IN,AGL,CE,Combined TRACON& Tower with Radar,25,16,16,4,61,0,0,9,0,9,25,16,25,4,70,18,0,18,88
08/18/2021,FWA,IN,AGL,CE,Combined TRACON& Tower with Radar,26,24,11,10,71,0,0,17,3,20,26,24,28,13,91,16,0,16,107
08/19/2021,FWA,IN,AGL,CE,Combined TRACON& Tower with Radar,30,18,25,4,77,0,0,24,3,27,30,18,49,7,104,12,0,12,116
08/20/2021,FWA,IN,AGL,CE,Combined TRACON& Tower with Radar,32,19,21,4,76,0,1,19,4,24,32,20,40,8,100,30,0,30,130
08/21/2021,FWA,IN,AGL,CE,Combined TRACON& Tower with Radar,17,18,13,0,48,0,2,29,0,31,17,20,42,0,79,10,0,10,89
08/22/2021,FWA,IN,AGL,CE,Combined TRACON& Tower with Radar,24,20,14,0,58,0,2,24,0,26,24,22,38,0,84,0,0,0,84
08/23/2021,FWA,IN,AGL,CE,Combined TRACON& Tower with Radar,27,18,21,0,66,0,0,38,0,38,27,18,59,0,104,78,0,78,182
08/24/2021,FWA,IN,AGL,CE,Combined TRACON& Tower with Radar,29,23,19,2,73,0,0,19,5,24,29,23,38,7,97,0,0,0,97
08/25/2021,FWA,IN,AGL,CE,Combined TRACON& Tower with Radar,29,21,23,2,75,0,2,25,10,37,29,23,48,12,112,72,0,72,184
08/26/2021,FWA,IN,AGL,CE,Combined TRACON& Tower with Radar,31,24,21,9,85,0,0,17,13,30,31,24,38,22,115,18,12,30,145
08/27/2021,FWA,IN,AGL,CE,Combined TRACON& Tower with Radar,30,18,19,2,69,0,0,20,21,41,30,18,39,23,110,14,0,14,124
08/28/2021,FWA,IN,AGL,CE,Combined TRACON& Tower with Radar,20,17,11,0,48,0,2,31,0,33,20,19,42,0,81,36,0,36,117
08/29/2021,FWA,IN,AGL,CE,Combined TRACON& Tower with Radar,22,18,16,0,56,0,0,31,0,31,22,18,47,0,87,14,0,14,101
08/30/2021,FWA,IN,AGL,CE,Combined TRACON& Tower with Radar,29,21,32,0,82,0,2,20,0,22,29,23,52,0,104,28,0,28,132
08/31/2021,FWA,IN,AGL,CE,Combined TRACON& Tower with Radar,27,23,23,8,81,0,0,23,5,28,27,23,46,13,109,14,4,18,127
09/01/2021,FWA,IN,AGL,CE,Combined TRACON& Tower with Radar,27,24,37,7,95,0,0,49,10,59,27,24,86,17,154,36,4,40,194
09/02/2021,FWA,IN,AGL,CE,Combined TRACON& Tower with Radar,36,20,24,7,87,0,2,46,1,49,36,22,70,8,136,26,0,26,162
09/03/2021,FWA,IN,AGL,CE,Combined TRACON& Tower with Radar,30,18,23,0,71,0,0,26,0,26,30,18,49,0,97,12,0,12,109
09/04/2021,FWA,IN,AGL,CE,Combined TRACON& Tower with Radar,18,19,16,0,53,0,1,23,0,24,18,20,39,0,77,14,0,14,91
09/05/2021,FWA,IN,AGL,CE,Combined TRACON& Tower with Radar,18,16,11,0,45,0,2,17,0,19,18,18,28,0,64,32,0,32,96
09/06/2021,FWA,IN,AGL,CE,Combined TRACON& Tower with Radar,20,21,18,0,59,0,2,30,17,49,20,23,48,17,108,62,0,62,170
09/07/2021,FWA,IN,AGL,CE,Combined TRACON& Tower with Radar,22,19,22,9,72,0,0,19,19,38,22,19,41,28,110,10,2,12,122
09/08/2021,FWA,IN,AGL,CE,Combined TRACON& Tower with Radar,26,18,26,8,78,0,5,33,24,62,26,23,59,32,140,47,10,57,197
09/09/2021,FWA,IN,AGL,CE,Combined TRACON& Tower with Radar,31,22,24,2,79,0,4,31,21,56,31,26,55,23,135,50,10,60,195
09/10/2021,FWA,IN,AGL,CE,Combined TRACON& Tower with Radar,27,20,35,4,86,0,6,33,29,68,27,26,68,33,154,38,4,42,196
09/11/2021,FWA,IN,AGL,CE,Combined TRACON& Tower with Radar,18,23,26,2,69,0,3,16,11,30,18,26,42,13,99,26,12,38,137
09/12/2021,FWA,IN,AGL,CE,Combined TRACON& Tower with Radar,25,21,23,5,74,0,0,12,7,19,25,21,35,12,93,0,0,0,93
09/13/2021,FWA,IN,AGL,CE,Combined TRACON& Tower with Radar,29,22,24,6,81,0,2,25,10,37,29,24,49,16,118,50,0,50,168
09/14/2021,FWA,IN,AGL,CE,Combined TRACON& Tower with Radar,24,12,24,7,67,0,0,10,5,15,24,12,34,12,82,12,0,12,94
09/15/2021,FWA,IN,AGL,CE,Combined TRACON& Tower with Radar,28,18,33,15,94,0,4,25,2,31,28,22,58,17,125,72,0,72,197
09/16/2021,FWA,IN,AGL,CE,Combined TRACON& Tower with Radar,32,27,12,0,71,0,6,42,4,52,32,33,54,4,123,21,4,25,148
09/17/2021,FWA,IN,AGL,CE,Combined TRACON& Tower with Radar,32,23,18,1,74,0,4,33,1,38,32,27,51,2,112,14,0,14,126
09/18/2021,FWA,IN,AGL,CE,Combined TRACON& Tower with Radar,16,20,10,0,46,0,0,30,0,30,16,20,40,0,76,2,0,2,78
09/19/2021,FWA,IN,AGL,CE,Combined TRACON& Tower with Radar,26,22,10,0,58,0,2,37,3,42,26,24,47,3,100,4,0,4,104
09/20/2021,FWA,IN,AGL,CE,Combined TRACON& Tower with Radar,27,21,22,0,70,0,0,2,0,2,27,21,24,0,72,0,0,0,72
09/21/2021,FWA,IN,AGL,CE,Combined TRACON& Tower with Radar,25,19,14,3,61,0,0,1,0,1,25,19,15,3,62,0,0,0,62
09/22/2021,FWA,IN,AGL,CE,Combined TRACON& Tower with Radar,26,21,19,0,66,0,0,1,0,1,26,21,20,0,67,0,0,0,67
09/23/2021,FWA,IN,AGL,CE,Combined TRACON& Tower with Radar,32,25,26,0,83,0,0,1,0,1,32,25,27,0,84,0,0,0,84
09/24/2021,FWA,IN,AGL,CE,Combined TRACON& Tower with Radar,31,28,31,0,90,0,8,37,14,59,31,36,68,14,149,34,0,34,183
09/25/2021,FWA,IN,AGL,CE,Combined TRACON& Tower with Radar,17,14,15,0,46,0,0,18,0,18,17,14,33,0,64,2,0,2,66
09/26/2021,FWA,IN,AGL,CE,Combined TRACON& Tower with Radar,24,22,17,0,63,0,0,27,0,27,24,22,44,0,90,20,0,20,110
09/27/2021,FWA,IN,AGL,CE,Combined TRACON& Tower with Radar,28,25,15,0,68,0,0,16,0,16,28,25,31,0,84,8,0,8,92
09/28/2021,FWA,IN,AGL,CE,Combined TRACON& Tower with Radar,24,22,18,0,64,0,18,30,0,48,24,40,48,0,112,52,0,52,164
09/29/2021,FWA,IN,AGL,CE,Combined TRACON& Tower with Radar,27,26,18,4,75,0,0,33,0,33,27,26,51,4,108,12,2,14,122
09/30/2021,FWA,IN,AGL,CE,Combined TRACON& Tower with Radar,33,22,17,3,75,0,6,29,5,40,33,28,46,8,115,38,4,42,157
10/01/2021,FWA,IN,AGL,CE,Combined TRACON& Tower with Radar,30,29,23,6,88,0,2,37,6,45,30,31,60,12,133,22,8,30,163
10/02/2021,FWA,IN,AGL,CE,Combined TRACON& Tower with Radar,18,24,10,0,52,0,0,16,0,16,18,24,26,0,68,0,0,0,68
10/03/2021,FWA,IN,AGL,CE,Combined TRACON& Tower with Radar,24,26,22,0,72,0,0,0,0,0,24,26,22,0,72,0,0,0,72
10/04/2021,FWA,IN,AGL,CE,Combined TRACON& Tower with Radar,28,32,15,0,75,0,0,0,0,0,28,32,15,0,75,0,0,0,75
10/05/2021,FWA,IN,AGL,CE,Combined TRACON& Tower with Radar,24,31,35,8,98,0,8,11,1,20,24,39,46,9,118,6,0,6,124
10/06/2021,FWA,IN,AGL,CE,Combined TRACON& Tower with Radar,30,29,38,12,109,0,0,10,2,12,30,29,48,14,121,0,0,0,121
10/07/2021,FWA,IN,AGL,CE,Combined TRACON& Tower with Radar,33,30,12,3,78,0,1,4,1,6,33,31,16,4,84,12,0,12,96
10/08/2021,FWA,IN,AGL,CE,Combined TRACON& Tower with Radar,28,18,27,0,73,0,0,7,0,7,28,18,34,0,80,8,0,8,88
10/09/2021,FWA,IN,AGL,CE,Combined TRACON& Tower with Radar,27,20,18,0,65,0,0,33,0,33,27,20,51,0,98,36,0,36,134
10/10/2021,FWA,IN,AGL,CE,Combined TRACON& Tower with Radar,24,16,17,0,57,0,2,21,0,23,24,18,38,0,80,2,0,2,82
10/11/2021,FWA,IN,AGL,CE,Combined TRACON& Tower with Radar,26,22,14,0,62,0,6,11,0,17,26,28,25,0,79,2,0,2,81
10/12/2021,FWA,IN,AGL,CE,Combined TRACON& Tower with Radar,27,37,25,13,102,0,0,5,2,7,27,37,30,15,109,14,4,18,127
10/13/2021,FWA,IN,AGL,CE,Combined TRACON& Tower with Radar,26,26,15,6,73,0,0,18,6,24,26,26,33,12,97,4,0,4,101
10/14/2021,FWA,IN,AGL,CE,Combined TRACON& Tower with Radar,28,25,26,8,87,0,2,3,8,13,28,27,29,16,100,0,8,8,108
10/15/2021,FWA,IN,AGL,CE,Combined TRACON& Tower with Radar,28,23,24,0,75,0,0,0,0,0,28,23,24,0,75,0,0,0,75
10/16/2021,FWA,IN,AGL,CE,Combined TRACON& Tower with Radar,25,14,10,9,58,0,4,22,4,30,25,18,32,13,88,0,2,2,90
10/17/2021,FWA,IN,AGL,CE,Combined TRACON& Tower with Radar,20,21,12,4,57,0,0,30,12,42,20,21,42,16,99,10,0,10,109
10/18/2021,FWA,IN,AGL,CE,Combined TRACON& Tower with Radar,30,22,25,7,84,0,2,41,3,46,30,24,66,10,130,24,0,24,154
10/19/2021,FWA,IN,AGL,CE,Combined TRACON& Tower with Radar,31,19,16,11,77,0,9,60,15,84,31,28,76,26,161,66,0,66,227
10/20/2021,FWA,IN,AGL,CE,Combined TRACON& Tower with Radar,29,31,24,5,89,0,4,45,3,52,29,35,69,8,141,40,6,46,187
10/21/2021,FWA,IN,AGL,CE,Combined TRACON& Tower with Radar,24,22,23,4,73,0,0,6,7,13,24,22,29,11,86,10,0,10,96
10/22/2021,FWA,IN,AGL,CE,Combined TRACON& Tower with Radar,24,26,18,0,68,0,0,26,0,26,24,26,44,0,94,8,0,8,102
10/23/2021,FWA,IN,AGL,CE,Combined TRACON& Tower with Radar,24,23,7,0,54,0,2,13,0,15,24,25,20,0,69,18,0,18,87
10/24/2021,FWA,IN,AGL,CE,Combined TRACON& Tower with Radar,20,21,21,0,62,0,0,0,0,0,20,21,21,0,62,0,0,0,62
10/25/2021,FWA,IN,AGL,CE,Combined TRACON& Tower with Radar,28,18,16,0,62,0,0,1,0,1,28,18,17,0,63,0,0,0,63
10/26/2021,FWA,IN,AGL,CE,Combined TRACON& Tower with Radar,26,15,31,5,77,0,6,55,5,66,26,21,86,10,143,50,0,50,193
10/27/2021,FWA,IN,AGL,CE,Combined TRACON& Tower with Radar,30,22,21,12,85,0,2,34,5,41,30,24,55,17,126,14,12,26,152
10/28/2021,FWA,IN,AGL,CE,Combined TRACON& Tower with Radar,28,31,26,6,91,0,0,2,2,4,28,31,28,8,95,0,0,0,95
10/29/2021,FWA,IN,AGL,CE,Combined TRACON& Tower with Radar,28,25,26,1,80,0,0,0,0,0,28,25,26,1,80,0,0,0,80
10/30/2021,FWA,IN,AGL,CE,Combined TRACON& Tower with Radar,22,24,23,2,71,0,0,3,0,3,22,24,26,2,74,0,0,0,74
10/31/2021,FWA,IN,AGL,CE,Combined TRACON& Tower with Radar,20,22,9,0,51,0,2,15,0,17,20,24,24,0,68,0,0,0,68
11/01/2021,FWA,IN,AGL,CE,Combined TRACON& Tower with Radar,27,21,23,3,74,0,2,50,0,52,27,23,73,3,126,34,2,36,162
11/02/2021,FWA,IN,AGL,CE,Combined TRACON& Tower with Radar,19,18,10,4,51,0,9,23,8,40,19,27,33,12,91,32,0,32,123
11/03/2021,FWA,IN,AGL,CE,Combined TRACON& Tower with Radar,24,26,35,6,91,0,8,35,7,50,24,34,70,13,141,40,0,40,181
11/04/2021,FWA,IN,AGL,CE,Combined TRACON& Tower with Radar,24,23,22,8,77,0,6,34,7,47,24,29,56,15,124,42,6,48,172
11/05/2021,FWA,IN,AGL,CE,Combined TRACON& Tower with Radar,26,21,24,13,84,0,8,35,3,46,26,29,59,16,130,20,0,20,150
11/06/2021,FWA,IN,AGL,CE,Combined TRACON& Tower with Radar,20,25,9,7,61,0,0,33,10,43,20,25,42,17,104,10,0,10,114
11/07/2021,FWA,IN,AGL,CE,Combined TRACON& Tower with Radar,14,23,19,6,62,0,4,34,5,43,14,27,53,11,105,28,6,34,139
11/08/2021,FWA,IN,AGL,CE,Combined TRACON& Tower with Radar,20,24,19,9,72,0,12,48,15,75,20,36,67,24,147,54,0,54,201
11/09/2021,FWA,IN,AGL,CE,Combined TRACON& Tower with Radar,20,24,17,8,69,0,8,39,4,51,20,32,56,12,120,30,0,30,150
11/10/2021,FWA,IN,AGL,CE,Combined TRACON& Tower with Radar,20,29,27,10,86,0,6,13,2,21,20,35,40,12,107,8,0,8,115
11/11/2021,FWA,IN,AGL,CE,Combined TRACON& Tower with Radar,22,25,18,0,65,0,1,5,0,6,22,26,23,0,71,0,0,0,71
11/12/2021,FWA,IN,AGL,CE,Combined TRACON& Tower with Radar,24,23,18,2,67,0,0,0,0,0,24,23,18,2,67,0,0,0,67
11/13/2021,FWA,IN,AGL,CE,Combined TRACON& Tower with Radar,17,18,9,0,44,0,0,2,0,2,17,18,11,0,46,0,0,0,46
11/14/2021,FWA,IN,AGL,CE,Combined TRACON& Tower with Radar,15,23,9,0,47,0,0,0,0,0,15,23,9,0,47,0,0,0,47
11/15/2021,FWA,IN,AGL,CE,Combined TRACON& Tower with Radar,22,21,17,0,60,0,2,5,0,7,22,23,22,0,67,6,0,6,73
11/16/2021,FWA,IN,AGL,CE,Combined TRACON& Tower with Radar,19,23,32,3,77,0,4,20,3,27,19,27,52,6,104,16,6,22,126
11/17/2021,FWA,IN,AGL,CE,Combined TRACON& Tower with Radar,25,26,24,10,85,0,0,0,1,1,25,26,24,11,86,0,0,0,86
11/18/2021,FWA,IN,AGL,CE,Combined TRACON& Tower with Radar,30,29,24,7,90,0,3,17,7,27,30,32,41,14,117,22,0,22,139
11/19/2021,FWA,IN,AGL,CE,Combined TRACON& Tower with Radar,25,31,30,4,90,0,11,37,3,51,25,42,67,7,141,28,4,32,173
11/20/2021,FWA,IN,AGL,CE,Combined TRACON& Tower with Radar,16,19,25,0,60,0,2,15,0,17,16,21,40,0,77,22,0,22,99
11/21/2021,FWA,IN,AGL,CE,Combined TRACON& Tower with Radar,19,20,32,0,71,0,0,2,0,2,19,20,34,0,73,0,0,0,73
11/22/2021,FWA,IN,AGL,CE,Combined TRACON& Tower with Radar,21,24,12,6,63,0,2,12,4,18,21,26,24,10,81,0,4,4,85
11/23/2021,FWA,IN,AGL,CE,Combined TRACON& Tower with Radar,28,19,28,5,80,0,8,37,6,51,28,27,65,11,131,62,0,62,193
11/24/2021,FWA,IN,AGL,CE,Combined TRACON& Tower with Radar,29,21,20,1,71,0,0,11,8,19,29,21,31,9,90,10,6,16,106
11/25/2021,FWA,IN,AGL,CE,Combined TRACON& Tower with Radar,9,14,5,0,28,0,0,0,0,0,9,14,5,0,28,0,0,0,28
11/26/2021,FWA,IN,AGL,CE,Combined TRACON& Tower with Radar,19,19,7,0,45,0,0,9,0,9,19,19,16,0,54,6,0,6,60
11/27/2021,FWA,IN,AGL,CE,Combined TRACON& Tower with Radar,22,22,17,0,61,0,0,13,0,13,22,22,30,0,74,16,0,16,90
11/28/2021,FWA,IN,AGL,CE,Combined TRACON& Tower with Radar,24,23,27,0,74,0,0,6,0,6,24,23,33,0,80,0,0,0,80
11/29/2021,FWA,IN,AGL,CE,Combined TRACON& Tower with Radar,26,22,10,0,58,0,3,28,0,31,26,25,38,0,89,22,0,22,111
11/30/2021,FWA,IN,AGL,CE,Combined TRACON& Tower with Radar,23,26,33,3,85,0,1,23,7,31,23,27,56,10,116,20,20,40,156
12/01/2021,FWA,IN,AGL,CE,Combined TRACON& Tower with Radar,23,26,21,9,79,0,2,8,5,15,23,28,29,14,94,6,0,6,100
12/02/2021,FWA,IN,AGL,CE,Combined TRACON& Tower with Radar,22,27,32,5,86,0,4,21,7,32,22,31,53,12,118,30,2,32,150
12/03/2021,FWA,IN,AGL,CE,Combined TRACON& Tower with Radar,20,31,20,5,76,0,2,35,8,45,20,33,55,13,121,22,0,22,143
12/04/2021,FWA,IN,AGL,CE,Combined TRACON& Tower with Radar,16,23,14,4,57,0,2,34,3,39,16,25,48,7,96,22,0,22,118
12/05/2021,FWA,IN,AGL,CE,Combined TRACON& Tower with Radar,17,29,12,5,63,0,0,3,8,11,17,29,15,13,74,0,2,2,76
12/06/2021,FWA,IN,AGL,CE,Combined TRACON& Tower with Radar,17,23,17,4,61,0,0,4,7,11,17,23,21,11,72,0,2,2,74
12/07/2021,FWA,IN,AGL,CE,Combined TRACON& Tower with Radar,17,23,26,8,74,0,2,21,5,28,17,25,47,13,102,6,0,6,108
12/08/2021,FWA,IN,AGL,CE,Combined TRACON& Tower with Radar,20,28,31,4,83,0,2,19,5,26,20,30,50,9,109,24,0,24,133
12/09/2021,FWA,IN,AGL,CE,Combined TRACON& Tower with Radar,22,29,36,0,87,0,0,18,4,22,22,29,54,4,109,10,0,10,119
12/10/2021,FWA,IN,AGL,CE,Combined TRACON& Tower with Radar,20,26,17,0,63,0,0,0,0,0,20,26,17,0,63,0,0,0,63
12/11/2021,FWA,IN,AGL,CE,Combined TRACON& Tower with Radar,16,23,3,0,42,0,0,0,0,0,16,23,3,0,42,0,0,0,42
12/12/2021,FWA,IN,AGL,CE,Combined TRACON& Tower with Radar,16,31,22,0,69,0,0,35,0,35,16,31,57,0,104,32,0,32,136
12/13/2021,FWA,IN,AGL,CE,Combined TRACON& Tower with Radar,18,27,30,0,75,0,4,55,0,59,18,31,85,0,134,18,0,18,152
12/14/2021,FWA,IN,AGL,CE,Combined TRACON& Tower with Radar,19,26,41,2,88,0,8,31,4,43,19,34,72,6,131,18,0,18,149
12/15/2021,FWA,IN,AGL,CE,Combined TRACON& Tower with Radar,20,21,28,7,76,0,0,2,1,3,20,21,30,8,79,0,0,0,79
12/16/2021,FWA,IN,AGL,CE,Combined TRACON& Tower with Radar,28,28,13,6,75,0,0,10,2,12,28,28,23,8,87,4,2,6,93
12/17/2021,FWA,IN,AGL,CE,Combined TRACON& Tower with Radar,29,27,22,2,80,0,4,29,10,43,29,31,51,12,123,6,2,8,131
12/18/2021,FWA,IN,AGL,CE,Combined TRACON& Tower with Radar,26,24,7,0,57,0,0,0,0,0,26,24,7,0,57,0,0,0,57
12/19/2021,FWA,IN,AGL,CE,Combined TRACON& Tower with Radar,15,25,13,0,53,0,2,23,0,25,15,27,36,0,78,8,0,8,86
12/20/2021,FWA,IN,AGL,CE,Combined TRACON& Tower with Radar,30,22,17,2,71,0,6,21,2,29,30,28,38,4,100,14,0,14,114
12/21/2021,FWA,IN,AGL,CE,Combined TRACON& Tower with Radar,28,24,17,6,75,0,2,10,4,16,28,26,27,10,91,38,6,44,135
12/22/2021,FWA,IN,AGL,CE,Combined TRACON& Tower with Radar,28,28,15,5,76,0,2,20,3,25,28,30,35,8,101,10,0,10,111
12/23/2021,FWA,IN,AGL,CE,Combined TRACON& Tower with Radar,27,22,20,0,69,0,0,10,0,10,27,22,30,0,79,6,0,6,85
12/24/2021,FWA,IN,AGL,CE,Combined TRACON& Tower with Radar,24,24,4,0,52,0,0,3,0,3,24,24,7,0,55,26,0,26,81
12/25/2021,FWA,IN,AGL,CE,Combined TRACON& Tower with Radar,13,16,3,0,32,0,0,1,0,1,13,16,4,0,33,0,0,0,33
12/26/2021,FWA,IN,AGL,CE,Combined TRACON& Tower with Radar,19,27,21,0,67,0,0,18,0,18,19,27,39,0,85,0,0,0,85
12/27/2021,FWA,IN,AGL,CE,Combined TRACON& Tower with Radar,19,25,25,0,69,0,0,0,0,0,19,25,25,0,69,0,0,0,69
12/28/2021,FWA,IN,AGL,CE,Combined TRACON& Tower with Radar,23,19,22,0,64,0,0,6,4,10,23,19,28,4,74,0,0,0,74
12/29/2021,FWA,IN,AGL,CE,Combined TRACON& Tower with Radar,27,25,10,0,62,0,0,0,0,0,27,25,10,0,62,0,0,0,62
12/30/2021,FWA,IN,AGL,CE,Combined TRACON& Tower with Radar,20,17,11,0,48,0,0,0,0,0,20,17,11,0,48,0,0,0,48
12/31/2021,FWA,IN,AGL,CE,Combined TRACON& Tower with Radar,21,14,28,0,63,0,0,6,0,6,21,14,34,0,69,8,0,8,77
01/01/2022,FWA,IN,AGL,CE,Combined TRACON& Tower with Radar,14,14,1,0,29,0,0,0,0,0,14,14,1,0,29,0,0,0,29
01/02/2022,FWA,IN,AGL,CE,Combined TRACON& Tower with Radar,16,31,14,0,61,0,0,4,0,4,16,31,18,0,65,12,0,12,77
01/03/2022,FWA,IN,AGL,CE,Combined TRACON& Tower with Radar,22,24,43,0,89,0,2,29,0,31,22,26,72,0,120,43,0,43,163
01/04/2022,FWA,IN,AGL,CE,Combined TRACON& Tower with Radar,17,19,34,3,73,0,4,13,3,20,17,23,47,6,93,4,0,4,97
01/05/2022,FWA,IN,AGL,CE,Combined TRACON& Tower with Radar,15,23,8,7,53,0,0,0,1,1,15,23,8,8,54,0,0,0,54
01/06/2022,FWA,IN,AGL,CE,Combined TRACON& Tower with Radar,19,19,6,6,50,0,0,0,2,2,19,19,6,8,52,0,0,0,52
01/07/2022,FWA,IN,AGL,CE,Combined TRACON& Tower with Radar,16,22,20,5,63,0,2,9,5,16,16,24,29,10,79,8,0,8,87
01/08/2022,FWA,IN,AGL,CE,Combined TRACON& Tower with Radar,13,24,9,5,51,0,2,16,11,29,13,26,25,16,80,4,0,4,84
01/09/2022,FWA,IN,AGL,CE,Combined TRACON& Tower with Radar,11,26,6,9,52,0,0,2,4,6,11,26,8,13,58,2,0,2,60
01/10/2022,FWA,IN,AGL,CE,Combined TRACON& Tower with Radar,13,28,17,7,65,0,0,4,4,8,13,28,21,11,73,0,0,0,73
01/11/2022,FWA,IN,AGL,CE,Combined TRACON& Tower with Radar,16,24,20,3,63,0,0,13,8,21,16,24,33,11,84,6,0,6,90
01/12/2022,FWA,IN,AGL,CE,Combined TRACON& Tower with Radar,12,21,22,6,61,0,0,20,2,22,12,21,42,8,83,4,2,6,89
01/13/2022,FWA,IN,AGL,CE,Combined TRACON& Tower with Radar,21,27,13,0,61,0,1,17,0,18,21,28,30,0,79,44,0,44,123
01/14/2022,FWA,IN,AGL,CE,Combined TRACON& Tower with Radar,16,25,20,0,61,0,0,0,0,0,16,25,20,0,61,0,0,0,61
01/15/2022,FWA,IN,AGL,CE,Combined TRACON& Tower with Radar,12,21,3,0,36,0,4,22,1,27,12,25,25,1,63,6,0,6,69
01/16/2022,FWA,IN,AGL,CE,Combined TRACON& Tower with Radar,12,20,18,0,50,0,0,33,0,33,12,20,51,0,83,16,0,16,99
01/17/2022,FWA,IN,AGL,CE,Combined TRACON& Tower with Radar,13,23,12,0,48,0,0,2,0,2,13,23,14,0,50,0,0,0,50
01/18/2022,FWA,IN,AGL,CE,Combined TRACON& Tower with Radar,17,23,18,0,58,0,2,5,0,7,17,25,23,0,65,6,0,6,71
01/19/2022,FWA,IN,AGL,CE,Combined TRACON& Tower with Radar,13,23,6,9,51,0,0,11,4,15,13,23,17,13,66,0,0,0,66
01/20/2022,FWA,IN,AGL,CE,Combined TRACON& Tower with Radar,22,32,28,6,88,0,0,13,3,16,22,32,41,9,104,14,5,19,123
01/21/2022,FWA,IN,AGL,CE,Combined TRACON& Tower with Radar,16,25,12,4,57,0,10,29,0,39,16,35,41,4,96,12,4,16,112
01/22/2022,FWA,IN,AGL,CE,Combined TRACON& Tower with Radar,12,25,8,0,45,0,2,11,0,13,12,27,19,0,58,16,0,16,74
01/23/2022,FWA,IN,AGL,CE,Combined TRACON& Tower with Radar,13,27,11,0,51,0,0,2,0,2,13,27,13,0,53,0,0,0,53
01/24/2022,FWA,IN,AGL,CE,Combined TRACON& Tower with Radar,14,21,15,0,50,0,0,0,0,0,14,21,15,0,50,0,0,0,50
01/25/2022,FWA,IN,AGL,CE,Combined TRACON& Tower with Radar,18,25,14,8,65,0,7,23,5,35,18,32,37,13,100,34,0,34,134
01/26/2022,FWA,IN,AGL,CE,Combined TRACON& Tower with Radar,15,25,22,2,64,0,6,27,0,33,15,31,49,2,97,18,0,18,115
01/27/2022,FWA,IN,AGL,CE,Combined TRACON& Tower with Radar,20,35,17,0,72,0,0,11,0,11,20,35,28,0,83,22,0,22,105
01/28/2022,FWA,IN,AGL,CE,Combined TRACON& Tower with Radar,17,26,19,0,62,0,2,11,0,13,17,28,30,0,75,0,0,0,75
01/29/2022,FWA,IN,AGL,CE,Combined TRACON& Tower with Radar,16,22,5,0,43,0,8,24,0,32,16,30,29,0,75,0,0,0,75
01/30/2022,FWA,IN,AGL,CE,Combined TRACON& Tower with Radar,16,24,14,0,54,0,7,25,1,33,16,31,39,1,87,0,0,0,87
01/31/2022,FWA,IN,AGL,CE,Combined TRACON& Tower with Radar,12,28,22,0,62,0,8,44,0,52,12,36,66,0,114,0,0,0,114
02/01/2022,FWA,IN,AGL,CE,Combined TRACON& Tower with Radar,16,29,17,2,64,0,2,12,2,16,16,31,29,4,80,10,0,10,90
02/02/2022,FWA,IN,AGL,CE,Combined TRACON& Tower with Radar,10,10,4,0,24,0,0,0,0,0,10,10,4,0,24,0,0,0,24
02/03/2022,FWA,IN,AGL,CE,Combined TRACON& Tower with Radar,7,7,4,0,18,0,0,0,0,0,7,7,4,0,18,0,0,0,18
02/04/2022,FWA,IN,AGL,CE,Combined TRACON& Tower with Radar,21,33,9,0,63,0,0,2,0,2,21,33,11,0,65,4,0,4,69
02/05/2022,FWA,IN,AGL,CE,Combined TRACON& Tower with Radar,16,19,9,6,50,0,0,18,0,18,16,19,27,6,68,30,0,30,98
02/06/2022,FWA,IN,AGL,CE,Combined TRACON& Tower with Radar,12,27,25,0,64,0,0,31,2,33,12,27,56,2,97,18,0,18,115
02/07/2022,FWA,IN,AGL,CE,Combined TRACON& Tower with Radar,15,27,13,12,67,0,0,4,0,4,15,27,17,12,71,0,0,0,71
02/08/2022,FWA,IN,AGL,CE,Combined TRACON& Tower with Radar,27,30,20,6,83,0,1,36,3,40,27,31,56,9,123,30,0,30,153
02/09/2022,FWA,IN,AGL,CE,Combined TRACON& Tower with Radar,15,28,27,4,74,0,2,20,2,24,15,30,47,6,98,14,2,16,114
02/10/2022,FWA,IN,AGL,CE,Combined TRACON& Tower with Radar,24,33,22,7,86,0,0,2,1,3,24,33,24,8,89,0,20,20,109
02/11/2022,FWA,IN,AGL,CE,Combined TRACON& Tower with Radar,21,35,9,1,66,0,0,0,0,0,21,35,9,1,66,0,0,0,66
02/12/2022,FWA,IN,AGL,CE,Combined TRACON& Tower with Radar,15,21,21,0,57,0,0,2,0,2,15,21,23,0,59,6,0,6,65
02/13/2022,FWA,IN,AGL,CE,Combined TRACON& Tower with Radar,13,22,18,0,53,0,0,8,0,8,13,22,26,0,61,8,0,8,69
02/14/2022,FWA,IN,AGL,CE,Combined TRACON& Tower with Radar,16,28,12,0,56,0,2,28,0,30,16,30,40,0,86,56,0,56,142
02/15/2022,FWA,IN,AGL,CE,Combined TRACON& Tower with Radar,19,26,31,4,80,0,10,19,6,35,19,36,50,10,115,32,8,40,155
02/16/2022,FWA,IN,AGL,CE,Combined TRACON& Tower with Radar,18,33,17,11,79,0,0,5,1,6,18,33,22,12,85,22,14,36,121
02/17/2022,FWA,IN,AGL,CE,Combined TRACON& Tower with Radar,11,29,23,0,63,0,0,0,0,0,11,29,23,0,63,0,0,0,63
02/18/2022,FWA,IN,AGL,CE,Combined TRACON& Tower with Radar,22,32,28,0,82,0,1,16,0,17,22,33,44,0,99,18,0,18,117
02/19/2022,FWA,IN,AGL,CE,Combined TRACON& Tower with Radar,13,28,12,0,53,0,0,13,0,13,13,28,25,0,66,12,0,12,78
02/20/2022,FWA,IN,AGL,CE,Combined TRACON& Tower with Radar,12,34,13,0,59,0,0,14,0,14,12,34,27,0,73,6,0,6,79
02/21/2022,FWA,IN,AGL,CE,Combined TRACON& Tower with Radar,21,31,31,0,83,0,2,30,0,32,21,33,61,0,115,14,0,14,129
02/22/2022,FWA,IN,AGL,CE,Combined TRACON& Tower with Radar,18,30,26,8,82,0,0,0,0,0,18,30,26,8,82,0,0,0,82
02/23/2022,FWA,IN,AGL,CE,Combined TRACON& Tower with Radar,17,32,23,10,82,0,0,4,3,7,17,32,27,13,89,12,2,14,103
02/24/2022,FWA,IN,AGL,CE,Combined TRACON& Tower with Radar,18,27,13,9,67,0,0,1,2,3,18,27,14,11,70,0,0,0,70
02/25/2022,FWA,IN,AGL,CE,Combined TRACON& Tower with Radar,21,30,16,1,68,0,0,8,0,8,21,30,24,1,76,22,0,22,98
02/26/2022,FWA,IN,AGL,CE,Combined TRACON& Tower with Radar,17,31,8,0,56,0,0,28,0,28,17,31,36,0,84,32,0,32,116
02/27/2022,FWA,IN,AGL,CE,Combined TRACON& Tower with Radar,13,34,14,1,62,0,8,43,0,51,13,42,57,1,113,72,0,72,185
02/28/2022,FWA,IN,AGL,CE,Combined TRACON& Tower with Radar,22,29,26,0,77,0,4,26,0,30,22,33,52,0,107,40,0,40,147
03/01/2022,FWA,IN,AGL,CE,Combined TRACON& Tower with Radar,18,32,28,7,85,0,8,16,8,32,18,40,44,15,117,24,4,28,145
03/02/2022,FWA,IN,AGL,CE,Combined TRACON& Tower with Radar,20,24,15,7,66,0,6,15,5,26,20,30,30,12,92,0,6,6,98
03/03/2022,FWA,IN,AGL,CE,Combined TRACON& Tower with Radar,18,31,17,5,71,0,4,23,5,32,18,35,40,10,103,30,4,34,137
03/04/2022,FWA,IN,AGL,CE,Combined TRACON& Tower with Radar,22,28,24,1,75,0,0,27,7,34,22,28,51,8,109,36,0,36,145
03/05/2022,FWA,IN,AGL,CE,Combined TRACON& Tower with Radar,16,24,14,3,57,0,0,12,9,21,16,24,26,12,78,6,8,14,92
03/06/2022,FWA,IN,AGL,CE,Combined TRACON& Tower with Radar,8,32,18,8,66,0,1,8,6,15,8,33,26,14,81,0,0,0,81
03/07/2022,FWA,IN,AGL,CE,Combined TRACON& Tower with Radar,20,25,10,9,64,0,0,1,2,3,20,25,11,11,67,8,0,8,75
03/08/2022,FWA,IN,AGL,CE,Combined TRACON& Tower with Radar,13,25,33,14,85,0,0,17,3,20,13,25,50,17,105,24,4,28,133
03/09/2022,FWA,IN,AGL,CE,Combined TRACON& Tower with Radar,22,25,24,9,80,0,2,33,7,42,22,27,57,16,122,8,0,8,130
03/10/2022,FWA,IN,AGL,CE,Combined TRACON& Tower with Radar,19,38,22,6,85,0,2,9,7,18,19,40,31,13,103,8,4,12,115
03/11/2022,FWA,IN,AGL,CE,Combined TRACON& Tower with Radar,23,24,26,0,73,0,0,0,0,0,23,24,26,0,73,0,0,0,73
03/12/2022,FWA,IN,AGL,CE,Combined TRACON& Tower with Radar,17,27,14,0,58,0,0,1,0,1,17,27,15,0,59,0,0,0,59
03/13/2022,FWA,IN,AGL,CE,Combined TRACON& Tower with Radar,12,23,11,0,46,0,0,6,0,6,12,23,17,0,52,4,0,4,56
03/14/2022,FWA,IN,AGL,CE,Combined TRACON& Tower with Radar,20,37,26,0,83,0,6,14,0,20,20,43,40,0,103,18,0,18,121
03/15/2022,FWA,IN,AGL,CE,Combined TRACON& Tower with Radar,14,33,29,4,80,0,4,38,8,50,14,37,67,12,130,22,2,24,154
03/16/2022,FWA,IN,AGL,CE,Combined TRACON& Tower with Radar,20,31,26,7,84,0,4,30,6,40,20,35,56,13,124,4,0,4,128
03/17/2022,FWA,IN,AGL,CE,Combined TRACON& Tower with Radar,20,28,17,8,73,0,2,20,6,28,20,30,37,14,101,4,4,8,109
03/18/2022,FWA,IN,AGL,CE,Combined TRACON& Tower with Radar,21,25,13,9,68,0,4,7,5,16,21,29,20,14,84,0,0,0,84
03/19/2022,FWA,IN,AGL,CE,Combined TRACON& Tower with Radar,21,30,8,0,59,0,0,0,0,0,21,30,8,0,59,0,0,0,59
03/20/2022,FWA,IN,AGL,CE,Combined TRACON& Tower with Radar,12,25,18,0,55,0,0,36,0,36,12,25,54,0,91,48,0,48,139
03/21/2022,FWA,IN,AGL,CE,Combined TRACON& Tower with Radar,17,24,22,0,63,0,9,28,0,37,17,33,50,0,100,12,0,12,112
03/22/2022,FWA,IN,AGL,CE,Combined TRACON& Tower with Radar,14,21,19,5,59,0,0,0,3,3,14,21,19,8,62,0,0,0,62
03/23/2022,FWA,IN,AGL,CE,Combined TRACON& Tower with Radar,22,23,21,5,71,0,0,1,4,5,22,23,22,9,76,2,0,2,78
03/24/2022,FWA,IN,AGL,CE,Combined TRACON& Tower with Radar,23,34,40,1,98,0,0,7,2,9,23,34,47,3,107,28,0,28,135
03/25/2022,FWA,IN,AGL,CE,Combined TRACON& Tower with Radar,22,36,14,0,72,0,0,1,0,1,22,36,15,0,73,0,0,0,73
03/26/2022,FWA,IN,AGL,CE,Combined TRACON& Tower with Radar,16,27,9,0,52,0,0,0,0,0,16,27,9,0,52,0,0,0,52
03/27/2022,FWA,IN,AGL,CE,Combined TRACON& Tower with Radar,13,32,9,0,54,0,4,23,0,27,13,36,32,0,81,10,0,10,91
03/28/2022,FWA,IN,AGL,CE,Combined TRACON& Tower with Radar,20,37,29,0,86,0,4,26,0,30,20,41,55,0,116,10,0,10,126
03/29/2022,FWA,IN,AGL,CE,Combined TRACON& Tower with Radar,14,29,22,8,73,0,6,24,8,38,14,35,46,16,111,12,8,20,131
03/30/2022,FWA,IN,AGL,CE,Combined TRACON& Tower with Radar,20,27,31,0,78,0,2,2,12,16,20,29,33,12,94,10,0,10,104
03/31/2022,FWA,IN,AGL,CE,Combined TRACON& Tower with Radar,18,26,34,0,78,0,0,0,0,0,18,26,34,0,78,0,0,0,78
04/01/2022,FWA,IN,AGL,CE,Combined TRACON& Tower with Radar,24,33,19,6,82,0,0,25,3,28,24,33,44,9,110,20,0,20,130
04/02/2022,FWA,IN,AGL,CE,Combined TRACON& Tower with Radar,14,42,15,0,71,0,4,19,0,23,14,46,34,0,94,10,0,10,104
04/03/2022,FWA,IN,AGL,CE,Combined TRACON& Tower with Radar,12,31,18,0,61,0,2,20,0,22,12,33,38,0,83,40,0,40,123
04/04/2022,FWA,IN,AGL,CE,Combined TRACON& Tower with Radar,19,31,14,0,64,0,0,25,0,25,19,31,39,0,89,10,0,10,99
04/05/2022,FWA,IN,AGL,CE,Combined TRACON& Tower with Radar,17,22,20,1,60,0,2,13,1,16,17,24,33,2,76,0,0,0,76
04/06/2022,FWA,IN,AGL,CE,Combined TRACON& Tower with Radar,20,30,25,0,75,0,0,9,0,9,20,30,34,0,84,10,0,10,94
04/07/2022,FWA,IN,AGL,CE,Combined TRACON& Tower with Radar,23,30,21,3,77,0,0,3,4,7,23,30,24,7,84,0,4,4,88
04/08/2022,FWA,IN,AGL,CE,Combined TRACON& Tower with Radar,22,24,17,0,63,0,0,3,1,4,22,24,20,1,67,10,0,10,77
04/09/2022,FWA,IN,AGL,CE,Combined TRACON& Tower with Radar,16,25,17,1,59,0,0,8,0,8,16,25,25,1,67,10,0,10,77
04/10/2022,FWA,IN,AGL,CE,Combined TRACON& Tower with Radar,14,33,14,0,61,0,0,41,0,41,14,33,55,0,102,20,0,20,122
04/11/2022,FWA,IN,AGL,CE,Combined TRACON& Tower with Radar,20,20,24,2,66,0,4,10,0,14,20,24,34,2,80,18,0,18,98
04/12/2022,FWA,IN,AGL,CE,Combined TRACON& Tower with Radar,17,22,20,8,67,0,2,23,4,29,17,24,43,12,96,34,0,34,130
04/13/2022,FWA,IN,AGL,CE,Combined TRACON& Tower with Radar,21,22,11,0,54,0,0,1,0,1,21,22,12,0,55,0,0,0,55
04/14/2022,FWA,IN,AGL,CE,Combined TRACON& Tower with Radar,24,28,32,2,86,0,2,15,8,25,24,30,47,10,111,0,0,0,111
04/15/2022,FWA,IN,AGL,CE,Combined TRACON& Tower with Radar,21,25,7,7,60,0,4,5,15,24,21,29,12,22,84,8,0,8,92
04/16/2022,FWA,IN,AGL,CE,Combined TRACON& Tower with Radar,16,24,10,0,50,0,4,33,0,37,16,28,43,0,87,22,0,22,109
04/17/2022,FWA,IN,AGL,CE,Combined TRACON& Tower with Radar,14,25,9,0,48,0,8,35,0,43,14,33,44,0,91,8,0,8,99
04/18/2022,FWA,IN,AGL,CE,Combined TRACON& Tower with Radar,19,27,10,0,56,0,1,0,0,1,19,28,10,0,57,0,0,0,57
04/19/2022,FWA,IN,AGL,CE,Combined TRACON& Tower with Radar,19,28,22,3,72,0,23,29,5,57,19,51,51,8,129,68,0,68,197
04/20/2022,FWA,IN,AGL,CE,Combined TRACON& Tower with Radar,22,22,31,5,80,0,8,17,3,28,22,30,48,8,108,2,0,2,110
04/21/2022,FWA,IN,AGL,CE,Combined TRACON& Tower with Radar,22,38,27,8,95,0,4,28,4,36,22,42,55,12,131,44,0,44,175
04/22/2022,FWA,IN,AGL,CE,Combined TRACON& Tower with Radar,20,32,15,4,71,0,5,9,5,19,20,37,24,9,90,4,2,6,96
04/23/2022,FWA,IN,AGL,CE,Combined TRACON& Tower with Radar,16,27,13,0,56,0,5,21,3,29,16,32,34,3,85,24,12,36,121
04/24/2022,FWA,IN,AGL,CE,Combined TRACON& Tower with Radar,16,20,11,6,53,0,3,6,9,18,16,23,17,15,71,0,0,0,71
04/25/2022,FWA,IN,AGL,CE,Combined TRACON& Tower with Radar,19,26,19,6,70,0,0,8,5,13,19,26,27,11,83,24,0,24,107
04/26/2022,FWA,IN,AGL,CE,Combined TRACON& Tower with Radar,21,25,22,9,77,0,0,29,1,30,21,25,51,10,107,18,0,18,125
04/27/2022,FWA,IN,AGL,CE,Combined TRACON& Tower with Radar,26,19,22,6,73,0,8,60,5,73,26,27,82,11,146,44,0,44,190
04/28/2022,FWA,IN,AGL,CE,Combined TRACON& Tower with Radar,22,37,18,3,80,0,10,34,3,47,22,47,52,6,127,34,0,34,161
04/29/2022,FWA,IN,AGL,CE,Combined TRACON& Tower with Radar,22,26,20,2,70,0,10,27,0,37,22,36,47,2,107,2,0,2,109
04/30/2022,FWA,IN,AGL,CE,Combined TRACON& Tower with Radar,21,26,14,0,61,0,0,4,0,4,21,26,18,0,65,4,0,4,69
05/01/2022,FWA,IN,AGL,CE,Combined TRACON& Tower with Radar,17,22,23,0,62,0,0,10,0,10,17,22,33,0,72,8,0,8,80
05/02/2022,FWA,IN,AGL,CE,Combined TRACON& Tower with Radar,18,28,23,0,69,0,0,18,0,18,18,28,41,0,87,34,0,34,121
05/03/2022,FWA,IN,AGL,CE,Combined TRACON& Tower with Radar,21,19,12,7,59,0,0,1,0,1,21,19,13,7,60,0,0,0,60
05/04/2022,FWA,IN,AGL,CE,Combined TRACON& Tower with Radar,22,39,46,10,117,0,0,11,1,12,22,39,57,11,129,24,2,26,155
05/05/2022,FWA,IN,AGL,CE,Combined TRACON& Tower with Radar,25,27,26,7,85,0,0,12,3,15,25,27,38,10,100,0,0,0,100
05/06/2022,FWA,IN,AGL,CE,Combined TRACON& Tower with Radar,28,18,20,0,66,0,0,0,0,0,28,18,20,0,66,0,0,0,66
05/07/2022,FWA,IN,AGL,CE,Combined TRACON& Tower with Radar,22,28,22,0,72,0,0,16,0,16,22,28,38,0,88,8,0,8,96
05/08/2022,FWA,IN,AGL,CE,Combined TRACON& Tower with Radar,19,24,10,0,53,0,0,18,0,18,19,24,28,0,71,0,0,0,71
05/09/2022,FWA,IN,AGL,CE,Combined TRACON& Tower with Radar,24,35,23,0,82,0,2,31,0,33,24,37,54,0,115,12,0,12,127
05/10/2022,FWA,IN,AGL,CE,Combined TRACON& Tower with Radar,22,26,14,4,66,0,8,35,2,45,22,34,49,6,111,52,0,52,163
05/11/2022,FWA,IN,AGL,CE,Combined TRACON& Tower with Radar,24,31,29,4,88,0,22,39,4,65,24,53,68,8,153,72,4,76,229
05/12/2022,FWA,IN,AGL,CE,Combined TRACON& Tower with Radar,23,37,34,7,101,0,6,41,6,53,23,43,75,13,154,16,0,16,170
05/13/2022,FWA,IN,AGL,CE,Combined TRACON& Tower with Radar,25,30,14,4,73,0,8,42,9,59,25,38,56,13,132,46,6,52,184
05/14/2022,FWA,IN,AGL,CE,Combined TRACON& Tower with Radar,18,34,17,2,71,0,2,14,6,22,18,36,31,8,93,0,0,0,93
05/15/2022,FWA,IN,AGL,CE,Combined TRACON& Tower with Radar,16,27,16,3,62,0,4,40,9,53,16,31,56,12,115,28,0,28,143
05/16/2022,FWA,IN,AGL,CE,Combined TRACON& Tower with Radar,21,23,22,8,74,0,0,29,6,35,21,23,51,14,109,12,2,14,123
05/17/2022,FWA,IN,AGL,CE,Combined TRACON& Tower with Radar,23,29,25,7,84,0,10,36,4,50,23,39,61,11,134,66,0,66,200
05/18/2022,FWA,IN,AGL,CE,Combined TRACON& Tower with Radar,22,24,24,21,91,0,0,4,0,4,22,24,28,21,95,0,0,0,95
05/19/2022,FWA,IN,AGL,CE,Combined TRACON& Tower with Radar,26,27,27,6,86,0,0,37,4,41,26,27,64,10,127,40,6,46,173
05/20/2022,FWA,IN,AGL,CE,Combined TRACON& Tower with Radar,23,26,26,0,75,0,0,1,0,1,23,26,27,0,76,0,0,0,76
05/21/2022,FWA,IN,AGL,CE,Combined TRACON& Tower with Radar,18,21,7,0,46,0,0,2,0,2,18,21,9,0,48,0,0,0,48
05/22/2022,FWA,IN,AGL,CE,Combined TRACON& Tower with Radar,19,20,21,0,60,0,2,11,0,13,19,22,32,0,73,4,0,4,77
05/23/2022,FWA,IN,AGL,CE,Combined TRACON& Tower with Radar,20,22,23,1,66,0,5,32,0,37,20,27,55,1,103,88,0,88,191
05/24/2022,FWA,IN,AGL,CE,Combined TRACON& Tower with Radar,22,32,34,2,90,0,3,24,6,33,22,35,58,8,123,42,0,42,165
05/25/2022,FWA,IN,AGL,CE,Combined TRACON& Tower with Radar,27,28,24,10,89,0,0,2,0,2,27,28,26,10,91,20,0,20,111
05/26/2022,FWA,IN,AGL,CE,Combined TRACON& Tower with Radar,28,28,26,0,82,0,0,4,2,6,28,28,30,2,88,0,0,0,88
05/27/2022,FWA,IN,AGL,CE,Combined TRACON& Tower with Radar,24,23,21,0,68,0,1,4,0,5,24,24,25,0,73,0,0,0,73
05/28/2022,FWA,IN,AGL,CE,Combined TRACON& Tower with Radar,21,22,14,1,58,0,2,32,0,34,21,24,46,1,92,16,0,16,108
05/29/2022,FWA,IN,AGL,CE,Combined TRACON& Tower with Radar,19,18,6,0,43,0,3,24,0,27,19,21,30,0,70,6,0,6,76
05/30/2022,FWA,IN,AGL,CE,Combined TRACON& Tower with Radar,18,26,9,1,54,0,0,24,0,24,18,26,33,1,78,16,0,16,94
05/31/2022,FWA,IN,AGL,CE,Combined TRACON& Tower with Radar,20,22,25,5,72,0,6,27,3,36,20,28,52,8,108,76,0,76,184
06/01/2022,FWA,IN,AGL,CE,Combined TRACON& Tower with Radar,25,26,23,4,78,0,4,4,3,11,25,30,27,7,89,6,0,6,95
06/02/2022,FWA,IN,AGL,CE,Combined TRACON& Tower with Radar,30,18,15,6,69,0,2,44,14,60,30,20,59,20,129,39,0,39,168
06/03/2022,FWA,IN,AGL,CE,Combined TRACON& Tower with Radar,21,25,19,6,71,0,1,24,43,68,21,26,43,49,139,0,4,4,143
06/04/2022,FWA,IN,AGL,CE,Combined TRACON& Tower with Radar,18,18,12,0,48,0,0,13,33,46,18,18,25,33,94,8,0,8,102
06/05/2022,FWA,IN,AGL,CE,Combined TRACON& Tower with Radar,17,26,11,1,55,0,1,24,31,56,17,27,35,32,111,2,0,2,113
06/06/2022,FWA,IN,AGL,CE,Combined TRACON& Tower with Radar,20,19,15,6,60,0,0,21,7,28,20,19,36,13,88,10,0,10,98
06/07/2022,FWA,IN,AGL,CE,Combined TRACON& Tower with Radar,21,30,22,6,79,0,2,15,3,20,21,32,37,9,99,8,0,8,107
06/08/2022,FWA,IN,AGL,CE,Combined TRACON& Tower with Radar,27,26,18,3,74,0,6,8,9,23,27,32,26,12,97,4,12,16,113
06/09/2022,FWA,IN,AGL,CE,Combined TRACON& Tower with Radar,25,27,27,4,83,0,8,26,2,36,25,35,53,6,119,20,0,20,139
06/10/2022,FWA,IN,AGL,CE,Combined TRACON& Tower with Radar,22,25,19,0,66,0,2,32,0,34,22,27,51,0,100,4,0,4,104
06/11/2022,FWA,IN,AGL,CE,Combined TRACON& Tower with Radar,17,23,12,1,53,0,0,20,0,20,17,23,32,1,73,14,0,14,87
06/12/2022,FWA,IN,AGL,CE,Combined TRACON& Tower with Radar,20,21,22,3,66,0,0,6,0,6,20,21,28,3,72,0,0,0,72
06/13/2022,FWA,IN,AGL,CE,Combined TRACON& Tower with Radar,13,31,27,1,72,0,0,9,0,9,13,31,36,1,81,26,0,26,107
06/14/2022,FWA,IN,AGL,CE,Combined TRACON& Tower with Radar,16,25,24,0,65,0,4,26,0,30,16,29,50,0,95,18,0,18,113
06/15/2022,FWA,IN,AGL,CE,Combined TRACON& Tower with Radar,22,31,22,11,86,0,4,30,6,40,22,35,52,17,126,4,0,4,130
06/16/2022,FWA,IN,AGL,CE,Combined TRACON& Tower with Radar,23,21,10,9,63,0,4,27,5,36,23,25,37,14,99,26,0,26,125
06/17/2022,FWA,IN,AGL,CE,Combined TRACON& Tower with Radar,23,26,15,0,64,0,8,12,0,20,23,34,27,0,84,26,0,26,110
06/18/2022,FWA,IN,AGL,CE,Combined TRACON& Tower with Radar,22,24,14,0,60,0,4,35,0,39,22,28,49,0,99,44,0,44,143
06/19/2022,FWA,IN,AGL,CE,Combined TRACON& Tower with Radar,17,21,7,0,45,0,1,16,0,17,17,22,23,0,62,32,0,32,94
06/20/2022,FWA,IN,AGL,CE,Combined TRACON& Tower with Radar,19,21,25,0,65,0,3,25,0,28,19,24,50,0,93,16,0,16,109
06/21/2022,FWA,IN,AGL,CE,Combined TRACON& Tower with Radar,20,27,23,0,70,0,4,12,0,16,20,31,35,0,86,18,0,18,104
06/22/2022,FWA,IN,AGL,CE,Combined TRACON& Tower with Radar,23,31,26,5,85,0,2,39,11,52,23,33,65,16,137,46,0,46,183
06/23/2022,FWA,IN,AGL,CE,Combined TRACON& Tower with Radar,25,33,34,6,98,0,6,18,11,35,25,39,52,17,133,52,6,58,191
06/24/2022,FWA,IN,AGL,CE,Combined TRACON& Tower with Radar,23,25,15,2,65,0,2,29,11,42,23,27,44,13,107,6,0,6,113
06/25/2022,FWA,IN,AGL,CE,Combined TRACON& Tower with Radar,24,19,16,2,61,0,4,18,2,24,24,23,34,4,85,38,0,38,123
06/26/2022,FWA,IN,AGL,CE,Combined TRACON& Tower with Radar,15,23,10,2,50,0,0,4,0,4,15,23,14,2,54,0,2,2,56
06/27/2022,FWA,IN,AGL,CE,Combined TRACON& Tower with Radar,20,26,36,0,82,0,4,33,0,37,20,30,69,0,119,36,0,36,155
06/28/2022,FWA,IN,AGL,CE,Combined TRACON& Tower with Radar,21,26,28,3,78,0,16,71,9,96,21,42,99,12,174,122,0,122,296
06/29/2022,FWA,IN,AGL,CE,Combined TRACON& Tower with Radar,23,31,27,5,86,0,2,38,7,47,23,33,65,12,133,22,2,24,157
06/30/2022,FWA,IN,AGL,CE,Combined TRACON& Tower with Radar,26,27,27,5,85,0,2,41,7,50,26,29,68,12,135,30,2,32,167
07/01/2022,FWA,IN,AGL,CE,Combined TRACON& Tower with Radar,22,25,13,0,60,0,0,21,1,22,22,25,34,1,82,10,0,10,92
07/02/2022,FWA,IN,AGL,CE,Combined TRACON& Tower with Radar,21,25,7,0,53,0,0,31,4,35,21,25,38,4,88,4,0,4,92
07/03/2022,FWA,IN,AGL,CE,Combined TRACON& Tower with Radar,16,21,10,1,48,0,2,31,10,43,16,23,41,11,91,10,0,10,101
07/04/2022,FWA,IN,AGL,CE,Combined TRACON& Tower with Radar,17,20,12,0,49,0,5,17,9,31,17,25,29,9,80,14,2,16,96
07/05/2022,FWA,IN,AGL,CE,Combined TRACON& Tower with Radar,17,27,18,3,65,0,0,3,2,5,17,27,21,5,70,0,0,0,70
07/06/2022,FWA,IN,AGL,CE,Combined TRACON& Tower with Radar,23,19,10,7,59,0,0,2,5,7,23,19,12,12,66,0,0,0,66
07/07/2022,FWA,IN,AGL,CE,Combined TRACON& Tower with Radar,22,22,23,2,69,0,0,48,1,49,22,22,71,3,118,22,0,22,140
07/08/2022,FWA,IN,AGL,CE,Combined TRACON& Tower with Radar,23,22,24,1,70,0,0,10,0,10,23,22,34,1,80,24,0,24,104
07/09/2022,FWA,IN,AGL,CE,Combined TRACON& Tower with Radar,21,28,13,2,64,0,2,38,0,40,21,30,51,2,104,30,0,30,134
07/10/2022,FWA,IN,AGL,CE,Combined TRACON& Tower with Radar,17,18,13,6,54,0,6,37,6,49,17,24,50,12,103,24,0,24,127
07/11/2022,FWA,IN,AGL,CE,Combined TRACON& Tower with Radar,22,23,14,2,61,0,2,15,0,17,22,25,29,2,78,10,0,10,88
07/12/2022,FWA,IN,AGL,CE,Combined TRACON& Tower with Radar,18,24,20,3,65,0,0,20,6,26,18,24,40,9,91,4,0,4,95
07/13/2022,FWA,IN,AGL,CE,Combined TRACON& Tower with Radar,22,24,17,3,66,0,8,39,9,56,22,32,56,12,122,64,4,68,190
07/14/2022,FWA,IN,AGL,CE,Combined TRACON& Tower with Radar,21,22,19,9,71,0,5,22,2,29,21,27,41,11,100,48,0,48,148
07/15/2022,FWA,IN,AGL,CE,Combined TRACON& Tower with Radar,29,24,19,5,77,0,0,12,6,18,29,24,31,11,95,6,0,6,101
07/16/2022,FWA,IN,AGL,CE,Combined TRACON& Tower with Radar,22,26,21,0,69,0,0,10,0,10,22,26,31,0,79,14,0,14,93
07/17/2022,FWA,IN,AGL,CE,Combined TRACON& Tower with Radar,16,23,11,1,51,0,0,2,0,2,16,23,13,1,53,0,0,0,53
07/18/2022,FWA,IN,AGL,CE,Combined TRACON& Tower with Radar,24,25,26,0,75,0,4,19,0,23,24,29,45,0,98,18,0,18,116
07/19/2022,FWA,IN,AGL,CE,Combined TRACON& Tower with Radar,22,21,25,1,69,0,8,34,9,51,22,29,59,10,120,14,4,18,138
07/20/2022,FWA,IN,AGL,CE,Combined TRACON& Tower with Radar,25,25,26,2,78,0,0,19,6,25,25,25,45,8,103,34,0,34,137
07/21/2022,FWA,IN,AGL,CE,Combined TRACON& Tower with Radar,23,25,22,1,71,0,6,36,8,50,23,31,58,9,121,42,0,42,163
07/22/2022,FWA,IN,AGL,CE,Combined TRACON& Tower with Radar,23,21,25,2,71,0,4,33,5,42,23,25,58,7,113,14,0,14,127
07/23/2022,FWA,IN,AGL,CE,Combined TRACON& Tower with Radar,22,28,4,0,54,0,3,9,0,12,22,31,13,0,66,6,0,6,72
07/24/2022,FWA,IN,AGL,CE,Combined TRACON& Tower with Radar,18,18,12,0,48,0,0,13,0,13,18,18,25,0,61,10,0,10,71
07/25/2022,FWA,IN,AGL,CE,Combined TRACON& Tower with Radar,20,21,16,0,57,0,8,47,0,55,20,29,63,0,112,20,0,20,132
07/26/2022,FWA,IN,AGL,CE,Combined TRACON& Tower with Radar,21,27,33,3,84,0,5,18,4,27,21,32,51,7,111,22,2,24,135
07/27/2022,FWA,IN,AGL,CE,Combined TRACON& Tower with Radar,21,34,27,4,86,0,0,2,0,2,21,34,29,4,88,0,0,0,88
07/28/2022,FWA,IN,AGL,CE,Combined TRACON& Tower with Radar,23,25,19,8,75,0,2,31,7,40,23,27,50,15,115,30,0,30,145
07/29/2022,FWA,IN,AGL,CE,Combined TRACON& Tower with Radar,24,33,27,6,90,0,3,30,4,37,24,36,57,10,127,16,2,18,145
07/30/2022,FWA,IN,AGL,CE,Combined TRACON& Tower with Radar,27,23,16,0,66,0,0,26,0,26,27,23,42,0,92,12,0,12,104
07/31/2022,FWA,IN,AGL,CE,Combined TRACON& Tower with Radar,17,21,16,0,54,0,4,16,0,20,17,25,32,0,74,0,0,0,74
08/01/2022,FWA,IN,AGL,CE,Combined TRACON& Tower with Radar,21,23,16,0,60,0,0,15,0,15,21,23,31,0,75,32,0,32,107
08/02/2022,FWA,IN,AGL,CE,Combined TRACON& Tower with Radar,18,30,24,5,77,0,6,24,5,35,18,36,48,10,112,38,0,38,150
08/03/2022,FWA,IN,AGL,CE,Combined TRACON& Tower with Radar,19,34,23,0,76,0,0,8,9,17,19,34,31,9,93,6,4,10,103
08/04/2022,FWA,IN,AGL,CE,Combined TRACON& Tower with Radar,25,25,20,6,76,0,0,9,6,15,25,25,29,12,91,0,12,12,103
08/05/2022,FWA,IN,AGL,CE,Combined TRACON& Tower with Radar,23,37,15,0,75,0,4,12,5,21,23,41,27,5,96,50,0,50,146
08/06/2022,FWA,IN,AGL,CE,Combined TRACON& Tower with Radar,21,24,25,0,70,0,0,6,0,6,21,24,31,0,76,24,0,24,100
08/07/2022,FWA,IN,AGL,CE,Combined TRACON& Tower with Radar,15,22,14,2,53,0,0,9,0,9,15,22,23,2,62,0,10,10,72
08/08/2022,FWA,IN,AGL,CE,Combined TRACON& Tower with Radar,21,23,19,0,63,0,0,13,0,13,21,23,32,0,76,6,0,6,82
08/09/2022,FWA,IN,AGL,CE,Combined TRACON& Tower with Radar,23,23,25,5,76,0,0,8,2,10,23,23,33,7,86,0,0,0,86
08/10/2022,FWA,IN,AGL,CE,Combined TRACON& Tower with Radar,21,27,25,6,79,0,3,35,6,44,21,30,60,12,123,50,0,50,173
08/11/2022,FWA,IN,AGL,CE,Combined TRACON& Tower with Radar,25,23,34,6,88,0,4,21,6,31,25,27,55,12,119,2,4,6,125
08/12/2022,FWA,IN,AGL,CE,Combined TRACON& Tower with Radar,22,21,16,4,63,0,4,43,5,52,22,25,59,9,115,40,0,40,155
08/13/2022,FWA,IN,AGL,CE,Combined TRACON& Tower with Radar,22,22,13,0,57,0,0,15,0,15,22,22,28,0,72,10,0,10,82
08/14/2022,FWA,IN,AGL,CE,Combined TRACON& Tower with Radar,18,23,15,0,56,0,0,2,2,4,18,23,17,2,60,0,0,0,60
08/15/2022,FWA,IN,AGL,CE,Combined TRACON& Tower with Radar,20,19,26,11,76,0,2,13,0,15,20,21,39,11,91,20,4,24,115
08/16/2022,FWA,IN,AGL,CE,Combined TRACON& Tower with Radar,20,19,23,1,63,0,0,19,10,29,20,19,42,11,92,16,4,20,112
08/17/2022,FWA,IN,AGL,CE,Combined TRACON& Tower with Radar,21,17,29,6,73,0,6,18,7,31,21,23,47,13,104,22,4,26,130
08/18/2022,FWA,IN,AGL,CE,Combined TRACON& Tower with Radar,27,21,19,2,69,0,1,27,8,36,27,22,46,10,105,0,0,0,105
08/19/2022,FWA,IN,AGL,CE,Combined TRACON& Tower with Radar,24,25,22,3,74,0,4,21,9,34,24,29,43,12,108,24,2,26,134
08/20/2022,FWA,IN,AGL,CE,Combined TRACON& Tower with Radar,14,21,15,0,50,0,0,5,0,5,14,21,20,0,55,8,0,8,63
08/21/2022,FWA,IN,AGL,CE,Combined TRACON& Tower with Radar,20,21,17,0,58,0,0,3,0,3,20,21,20,0,61,24,0,24,85
08/22/2022,FWA,IN,AGL,CE,Combined TRACON& Tower with Radar,19,21,35,14,89,0,2,19,0,21,19,23,54,14,110,0,0,0,110
08/23/2022,FWA,IN,AGL,CE,Combined TRACON& Tower with Radar,23,19,13,3,58,0,0,33,7,40,23,19,46,10,98,20,10,30,128
08/24/2022,FWA,IN,AGL,CE,Combined TRACON& Tower with Radar,20,21,22,8,71,0,11,52,2,65,20,32,74,10,136,32,0,32,168
08/25/2022,FWA,IN,AGL,CE,Combined TRACON& Tower with Radar,27,20,30,9,86,0,0,13,7,20,27,20,43,16,106,10,12,22,128
08/26/2022,FWA,IN,AGL,CE,Combined TRACON& Tower with Radar,23,23,25,4,75,0,2,30,5,37,23,25,55,9,112,6,4,10,122
08/27/2022,FWA,IN,AGL,CE,Combined TRACON& Tower with Radar,14,24,8,0,46,0,6,26,0,32,14,30,34,0,78,36,0,36,114
08/28/2022,FWA,IN,AGL,CE,Combined TRACON& Tower with Radar,18,19,18,0,55,0,0,20,0,20,18,19,38,0,75,16,0,16,91
08/29/2022,FWA,IN,AGL,CE,Combined TRACON& Tower with Radar,20,22,17,0,59,0,0,5,0,5,20,22,22,0,64,8,0,8,72
08/30/2022,FWA,IN,AGL,CE,Combined TRACON& Tower with Radar,20,18,34,3,75,0,0,14,3,17,20,18,48,6,92,18,0,18,110
08/31/2022,FWA,IN,AGL,CE,Combined TRACON& Tower with Radar,25,21,28,3,77,0,2,49,11,62,25,23,77,14,139,26,0,26,165
09/01/2022,FWA,IN,AGL,CE,Combined TRACON& Tower with Radar,29,20,27,8,84,0,4,28,3,35,29,24,55,11,119,22,0,22,141
09/02/2022,FWA,IN,AGL,CE,Combined TRACON& Tower with Radar,22,15,18,0,55,0,4,33,0,37,22,19,51,0,92,36,0,36,128
09/03/2022,FWA,IN,AGL,CE,Combined TRACON& Tower with Radar,13,18,14,0,45,0,2,33,2,37,13,20,47,2,82,12,0,12,94
09/04/2022,FWA,IN,AGL,CE,Combined TRACON& Tower with Radar,18,15,19,0,52,0,0,2,0,2,18,15,21,0,54,0,0,0,54
09/05/2022,FWA,IN,AGL,CE,Combined TRACON& Tower with Radar,16,24,24,0,64,0,0,3,0,3,16,24,27,0,67,16,0,16,83
09/06/2022,FWA,IN,AGL,CE,Combined TRACON& Tower with Radar,22,24,21,3,70,0,2,6,1,9,22,26,27,4,79,4,0,4,83
09/07/2022,FWA,IN,AGL,CE,Combined TRACON& Tower with Radar,23,19,13,0,55,0,6,18,5,29,23,25,31,5,84,54,12,66,150
09/08/2022,FWA,IN,AGL,CE,Combined TRACON& Tower with Radar,24,26,35,0,85,0,5,38,4,47,24,31,73,4,132,48,0,48,180
09/09/2022,FWA,IN,AGL,CE,Combined TRACON& Tower with Radar,21,24,27,0,72,0,0,35,8,43,21,24,62,8,115,18,0,18,133
09/10/2022,FWA,IN,AGL,CE,Combined TRACON& Tower with Radar,15,24,13,3,55,0,0,25,13,38,15,24,38,16,93,52,12,64,157
09/11/2022,FWA,IN,AGL,CE,Combined TRACON& Tower with Radar,22,18,21,14,75,0,0,2,0,2,22,18,23,14,77,0,0,0,77
09/12/2022,FWA,IN,AGL,CE,Combined TRACON& Tower with Radar,18,23,22,12,75,0,0,5,4,9,18,23,27,16,84,0,4,4,88
09/13/2022,FWA,IN,AGL,CE,Combined TRACON& Tower with Radar,19,28,28,11,86,0,0,0,2,2,19,28,28,13,88,12,0,12,100
09/14/2022,FWA,IN,AGL,CE,Combined TRACON& Tower with Radar,22,18,30,3,73,0,1,26,12,39,22,19,56,15,112,46,0,46,158
09/15/2022,FWA,IN,AGL,CE,Combined TRACON& Tower with Radar,27,27,25,6,85,0,7,19,4,30,27,34,44,10,115,32,6,38,153
09/16/2022,FWA,IN,AGL,CE,Combined TRACON& Tower with Radar,20,24,19,0,63,0,2,46,0,48,20,26,65,0,111,30,0,30,141
09/17/2022,FWA,IN,AGL,CE,Combined TRACON& Tower with Radar,12,20,15,0,47,0,6,16,0,22,12,26,31,0,69,0,0,0,69
09/18/2022,FWA,IN,AGL,CE,Combined TRACON& Tower with Radar,18,22,15,0,55,0,0,26,0,26,18,22,41,0,81,28,0,28,109
09/19/2022,FWA,IN,AGL,CE,Combined TRACON& Tower with Radar,18,29,22,0,69,0,6,17,0,23,18,35,39,0,92,28,0,28,120
09/20/2022,FWA,IN,AGL,CE,Combined TRACON& Tower with Radar,20,23,23,5,71,0,2,23,6,31,20,25,46,11,102,47,10,57,159
09/21/2022,FWA,IN,AGL,CE,Combined TRACON& Tower with Radar,19,18,21,3,61,0,4,8,7,19,19,22,29,10,80,4,0,4,84
09/22/2022,FWA,IN,AGL,CE,Combined TRACON& Tower with Radar,29,23,18,9,79,0,8,52,5,65,29,31,70,14,144,36,2,38,182
09/23/2022,FWA,IN,AGL,CE,Combined TRACON& Tower with Radar,24,28,19,0,71,0,5,31,0,36,24,33,50,0,107,82,0,82,189
09/24/2022,FWA,IN,AGL,CE,Combined TRACON& Tower with Radar,14,24,13,0,51,0,10,21,0,31,14,34,34,0,82,20,0,20,102
09/25/2022,FWA,IN,AGL,CE,Combined TRACON& Tower with Radar,24,30,18,0,72,0,0,4,0,4,24,30,22,0,76,0,0,0,76
09/26/2022,FWA,IN,AGL,CE,Combined TRACON& Tower with Radar,20,23,28,0,71,0,0,13,0,13,20,23,41,0,84,4,0,4,88
09/27/2022,FWA,IN,AGL,CE,Combined TRACON& Tower with Radar,19,23,22,2,66,0,3,14,4,21,19,26,36,6,87,12,8,20,107
09/28/2022,FWA,IN,AGL,CE,Combined TRACON& Tower with Radar,24,26,21,3,74,0,1,17,0,18,24,27,38,3,92,22,0,22,114
09/29/2022,FWA,IN,AGL,CE,Combined TRACON& Tower with Radar,27,27,19,0,73,0,2,42,0,44,27,29,61,0,117,30,0,30,147
09/30/2022,FWA,IN,AGL,CE,Combined TRACON& Tower with Radar,18,29,18,0,65,0,8,48,0,56,18,37,66,0,121,88,0,88,209
10/01/2022,FWA,IN,AGL,CE,Combined TRACON& Tower with Radar,15,18,10,0,43,0,0,12,0,12,15,18,22,0,55,16,0,16,71
10/02/2022,FWA,IN,AGL,CE,Combined TRACON& Tower with Radar,18,23,19,0,60,0,2,14,0,16,18,25,33,0,76,12,0,12,88
10/03/2022,FWA,IN,AGL,CE,Combined TRACON& Tower with Radar,20,27,20,0,67,0,4,32,0,36,20,31,52,0,103,62,0,62,165
10/04/2022,FWA,IN,AGL,CE,Combined TRACON& Tower with Radar,21,18,25,2,66,0,10,24,18,52,21,28,49,20,118,62,0,62,180
10/05/2022,FWA,IN,AGL,CE,Combined TRACON& Tower with Radar,26,19,20,6,71,0,10,42,4,56,26,29,62,10,127,24,0,24,151
10/06/2022,FWA,IN,AGL,CE,Combined TRACON& Tower with Radar,31,19,20,1,71,0,6,26,6,38,31,25,46,7,109,20,0,20,129
10/07/2022,FWA,IN,AGL,CE,Combined TRACON& Tower with Radar,30,24,24,0,78,0,2,18,0,20,30,26,42,0,98,32,0,32,130
10/08/2022,FWA,IN,AGL,CE,Combined TRACON& Tower with Radar,28,22,23,0,73,0,0,42,0,42,28,22,65,0,115,28,0,28,143
10/09/2022,FWA,IN,AGL,CE,Combined TRACON& Tower with Radar,22,19,9,0,50,0,2,29,0,31,22,21,38,0,81,12,0,12,93
10/10/2022,FWA,IN,AGL,CE,Combined TRACON& Tower with Radar,24,20,17,0,61,0,2,34,0,36,24,22,51,0,97,6,0,6,103
10/11/2022,FWA,IN,AGL,CE,Combined TRACON& Tower with Radar,24,19,20,3,66,0,0,15,4,19,24,19,35,7,85,14,2,16,101
10/12/2022,FWA,IN,AGL,CE,Combined TRACON& Tower with Radar,26,25,18,5,74,0,0,4,7,11,26,25,22,12,85,6,0,6,91
10/13/2022,FWA,IN,AGL,CE,Combined TRACON& Tower with Radar,30,17,27,0,74,0,2,21,8,31,30,19,48,8,105,8,0,8,113
10/14/2022,FWA,IN,AGL,CE,Combined TRACON& Tower with Radar,26,17,17,13,73,0,4,15,10,29,26,21,32,23,102,28,22,50,152
10/15/2022,FWA,IN,AGL,CE,Combined TRACON& Tower with Radar,24,19,29,0,72,0,0,18,4,22,24,19,47,4,94,18,6,24,118
10/16/2022,FWA,IN,AGL,CE,Combined TRACON& Tower with Radar,22,17,14,5,58,0,2,17,6,25,22,19,31,11,83,6,0,6,89
10/17/2022,FWA,IN,AGL,CE,Combined TRACON& Tower with Radar,24,20,28,3,75,0,0,1,6,7,24,20,29,9,82,0,0,0,82
10/18/2022,FWA,IN,AGL,CE,Combined TRACON& Tower with Radar,23,29,23,5,80,0,0,0,0,0,23,29,23,5,80,0,0,0,80
10/19/2022,FWA,IN,AGL,CE,Combined TRACON& Tower with Radar,24,24,20,4,72,0,0,10,5,15,24,24,30,9,87,0,2,2,89
10/20/2022,FWA,IN,AGL,CE,Combined TRACON& Tower with Radar,35,26,23,7,91,0,17,51,6,74,35,43,74,13,165,72,4,76,241
10/21/2022,FWA,IN,AGL,CE,Combined TRACON& Tower with Radar,28,18,16,0,62,0,2,26,0,28,28,20,42,0,90,8,0,8,98
10/22/2022,FWA,IN,AGL,CE,Combined TRACON& Tower with Radar,24,20,11,0,55,0,2,23,0,25,24,22,34,0,80,8,0,8,88
10/23/2022,FWA,IN,AGL,CE,Combined TRACON& Tower with Radar,27,15,24,0,66,0,0,16,0,16,27,15,40,0,82,8,0,8,90
10/24/2022,FWA,IN,AGL,CE,Combined TRACON& Tower with Radar,23,18,24,0,65,0,2,44,6,52,23,20,68,6,117,54,0,54,171
10/25/2022,FWA,IN,AGL,CE,Combined TRACON& Tower with Radar,26,19,21,3,69,0,0,7,8,15,26,19,28,11,84,4,0,4,88
10/26/2022,FWA,IN,AGL,CE,Combined TRACON& Tower with Radar,36,24,20,4,84,0,0,0,4,4,36,24,20,8,88,4,0,4,92
10/27/2022,FWA,IN,AGL,CE,Combined TRACON& Tower with Radar,36,23,10,2,71,0,1,41,7,49,36,24,51,9,120,18,4,22,142
10/28/2022,FWA,IN,AGL,CE,Combined TRACON& Tower with Radar,32,25,17,4,78,0,2,40,4,46,32,27,57,8,124,6,0,6,130
10/29/2022,FWA,IN,AGL,CE,Combined TRACON& Tower with Radar,24,21,15,0,60,0,4,23,0,27,24,25,38,0,87,12,0,12,99
10/30/2022,FWA,IN,AGL,CE,Combined TRACON& Tower with Radar,19,24,13,0,56,0,2,21,0,23,19,26,34,0,79,12,0,12,91
10/31/2022,FWA,IN,AGL,CE,Combined TRACON& Tower with Radar,19,27,41,0,87,0,0,1,0,1,19,27,42,0,88,2,0,2,90
11/01/2022,FWA,IN,AGL,CE,Combined TRACON& Tower with Radar,26,18,31,11,86,0,2,25,5,32,26,20,56,16,118,36,8,44,162
11/02/2022,FWA,IN,AGL,CE,Combined TRACON& Tower with Radar,24,13,16,5,58,0,0,14,8,22,24,13,30,13,80,22,0,22,102
11/03/2022,FWA,IN,AGL,CE,Combined TRACON& Tower with Radar,29,21,38,6,94,0,14,57,2,73,29,35,95,8,167,74,0,74,241
11/04/2022,FWA,IN,AGL,CE,Combined TRACON& Tower with Radar,24,24,36,6,90,0,4,20,8,32,24,28,56,14,122,10,2,12,134
11/05/2022,FWA,IN,AGL,CE,Combined TRACON& Tower with Radar,22,18,7,3,50,0,0,0,4,4,22,18,7,7,54,0,0,0,54
11/06/2022,FWA,IN,AGL,CE,Combined TRACON& Tower with Radar,18,20,16,4,58,0,4,17,2,23,18,24,33,6,81,48,2,50,131
11/07/2022,FWA,IN,AGL,CE,Combined TRACON& Tower with Radar,20,16,26,8,70,0,4,34,4,42,20,20,60,12,112,18,0,18,130
11/08/2022,FWA,IN,AGL,CE,Combined TRACON& Tower with Radar,20,21,31,6,78,0,7,30,4,41,20,28,61,10,119,24,0,24,143
11/09/2022,FWA,IN,AGL,CE,Combined TRACON& Tower with Radar,25,19,18,6,68,0,4,33,6,43,25,23,51,12,111,30,2,32,143
11/10/2022,FWA,IN,AGL,CE,Combined TRACON& Tower with Radar,18,29,28,0,75,0,4,31,0,35,18,33,59,0,110,33,0,33,143
11/11/2022,FWA,IN,AGL,CE,Combined TRACON& Tower with Radar,23,23,23,0,69,0,6,4,0,10,23,29,27,0,79,6,0,6,85
11/12/2022,FWA,IN,AGL,CE,Combined TRACON& Tower with Radar,21,22,5,0,48,0,0,0,0,0,21,22,5,0,48,0,0,0,48
11/13/2022,FWA,IN,AGL,CE,Combined TRACON& Tower with Radar,20,17,9,0,46,0,0,12,0,12,20,17,21,0,58,8,0,8,66
11/14/2022,FWA,IN,AGL,CE,Combined TRACON& Tower with Radar,22,24,31,0,77,0,7,56,0,63,22,31,87,0,140,58,0,58,198
11/15/2022,FWA,IN,AGL,CE,Combined TRACON& Tower with Radar,24,21,17,12,74,0,0,10,9,19,24,21,27,21,93,0,6,6,99
11/16/2022,FWA,IN,AGL,CE,Combined TRACON& Tower with Radar,26,26,41,5,98,0,0,12,6,18,26,26,53,11,116,6,0,6,122
11/17/2022,FWA,IN,AGL,CE,Combined TRACON& Tower with Radar,25,23,19,9,76,0,0,1,2,3,25,23,20,11,79,0,0,0,79
11/18/2022,FWA,IN,AGL,CE,Combined TRACON& Tower with Radar,25,26,16,3,70,0,0,6,7,13,25,26,22,10,83,0,0,0,83
11/19/2022,FWA,IN,AGL,CE,Combined TRACON& Tower with Radar,23,26,9,0,58,0,1,1,0,2,23,27,10,0,60,0,2,2,62
11/20/2022,FWA,IN,AGL,CE,Combined TRACON& Tower with Radar,18,23,16,0,57,0,0,37,0,37,18,23,53,0,94,28,0,28,122
11/21/2022,FWA,IN,AGL,CE,Combined TRACON& Tower with Radar,22,23,15,5,65,0,4,26,1,31,22,27,41,6,96,24,0,24,120
11/22/2022,FWA,IN,AGL,CE,Combined TRACON& Tower with Radar,28,23,38,6,95,0,0,47,6,53,28,23,85,12,148,44,16,60,208
11/23/2022,FWA,IN,AGL,CE,Combined TRACON& Tower with Radar,32,19,23,13,87,0,2,33,1,36,32,21,56,14,123,26,0,26,149
11/24/2022,FWA,IN,AGL,CE,Combined TRACON& Tower with Radar,12,11,2,0,25,0,0,11,0,11,12,11,13,0,36,0,0,0,36
11/25/2022,FWA,IN,AGL,CE,Combined TRACON& Tower with Radar,21,24,11,0,56,0,0,9,0,9,21,24,20,0,65,2,0,2,67
11/26/2022,FWA,IN,AGL,CE,Combined TRACON& Tower with Radar,20,20,8,0,48,0,0,8,0,8,20,20,16,0,56,24,0,24,80
11/27/2022,FWA,IN,AGL,CE,Combined TRACON& Tower with Radar,25,19,6,0,50,0,0,0,0,0,25,19,6,0,50,0,0,0,50
11/28/2022,FWA,IN,AGL,CE,Combined TRACON& Tower with Radar,27,16,16,0,59,0,0,16,0,16,27,16,32,0,75,14,0,14,89
11/29/2022,FWA,IN,AGL,CE,Combined TRACON& Tower with Radar,21,21,26,6,74,0,0,9,5,14,21,21,35,11,88,0,0,0,88
11/30/2022,FWA,IN,AGL,CE,Combined TRACON& Tower with Radar,24,16,28,18,86,0,0,2,3,5,24,16,30,21,91,0,20,20,111
12/01/2022,FWA,IN,AGL,CE,Combined TRACON& Tower with Radar,26,21,35,4,86,0,4,48,5,57,26,25,83,9,143,62,0,62,205
12/02/2022,FWA,IN,AGL,CE,Combined TRACON& Tower with Radar,26,20,17,1,64,0,0,21,12,33,26,20,38,13,97,0,0,0,97
12/03/2022,FWA,IN,AGL,CE,Combined TRACON& Tower with Radar,18,16,15,6,55,0,0,11,9,20,18,16,26,15,75,0,2,2,77
12/04/2022,FWA,IN,AGL,CE,Combined TRACON& Tower with Radar,18,16,13,0,47,0,0,36,12,48,18,16,49,12,95,36,4,40,135
12/05/2022,FWA,IN,AGL,CE,Combined TRACON& Tower with Radar,24,23,22,10,79,0,0,19,4,23,24,23,41,14,102,4,0,4,106
12/06/2022,FWA,IN,AGL,CE,Combined TRACON& Tower with Radar,20,22,26,7,75,0,0,4,0,4,20,22,30,7,79,0,0,0,79
12/07/2022,FWA,IN,AGL,CE,Combined TRACON& Tower with Radar,20,19,35,9,83,0,0,0,0,0,20,19,35,9,83,4,0,4,87
12/08/2022,FWA,IN,AGL,CE,Combined TRACON& Tower with Radar,25,21,40,4,90,0,0,7,6,13,25,21,47,10,103,4,0,4,107
12/09/2022,FWA,IN,AGL,CE,Combined TRACON& Tower with Radar,26,21,17,0,64,0,0,0,0,0,26,21,17,0,64,0,0,0,64
12/10/2022,FWA,IN,AGL,CE,Combined TRACON& Tower with Radar,18,17,13,0,48,0,0,0,0,0,18,17,13,0,48,0,0,0,48
12/11/2022,FWA,IN,AGL,CE,Combined TRACON& Tower with Radar,19,18,12,0,49,0,0,0,0,0,19,18,12,0,49,0,0,0,49
12/12/2022,FWA,IN,AGL,CE,Combined TRACON& Tower with Radar,24,18,15,0,57,0,3,22,0,25,24,21,37,0,82,12,0,12,94
12/13/2022,FWA,IN,AGL,CE,Combined TRACON& Tower with Radar,20,18,20,7,65,0,0,8,2,10,20,18,28,9,75,16,0,16,91
12/14/2022,FWA,IN,AGL,CE,Combined TRACON& Tower with Radar,22,27,15,7,71,0,0,0,0,0,22,27,15,7,71,0,0,0,71
12/15/2022,FWA,IN,AGL,CE,Combined TRACON& Tower with Radar,26,21,24,1,72,0,0,3,3,6,26,21,27,4,78,24,0,24,102
12/16/2022,FWA,IN,AGL,CE,Combined TRACON& Tower with Radar,24,16,21,0,61,0,0,2,9,11,24,16,23,9,72,0,0,0,72
12/17/2022,FWA,IN,AGL,CE,Combined TRACON& Tower with Radar,22,14,8,0,44,0,0,2,0,2,22,14,10,0,46,2,0,2,48
12/18/2022,FWA,IN,AGL,CE,Combined TRACON& Tower with Radar,16,14,4,0,34,0,0,1,0,1,16,14,5,0,35,2,0,2,37
12/19/2022,FWA,IN,AGL,CE,Combined TRACON& Tower with Radar,24,22,18,11,75,0,1,5,0,6,24,23,23,11,81,0,0,0,81
12/20/2022,FWA,IN,AGL,CE,Combined TRACON& Tower with Radar,26,18,23,4,71,0,10,40,7,57,26,28,63,11,128,60,0,60,188
12/21/2022,FWA,IN,AGL,CE,Combined TRACON& Tower with Radar,26,21,18,3,68,0,0,23,2,25,26,21,41,5,93,66,0,66,159
12/22/2022,FWA,IN,AGL,CE,Combined TRACON& Tower with Radar,24,13,12,2,51,0,0,1,6,7,24,13,13,8,58,0,0,0,58
12/23/2022,FWA,IN,AGL,CE,Combined TRACON& Tower with Radar,6,0,6,0,12,0,0,0,0,0,6,0,6,0,12,0,0,0,12
12/24/2022,FWA,IN,AGL,CE,Combined TRACON& Tower with Radar,17,13,6,0,36,0,0,1,0,1,17,13,7,0,37,0,0,0,37
12/25/2022,FWA,IN,AGL,CE,Combined TRACON& Tower with Radar,15,18,3,0,36,0,0,3,0,3,15,18,6,0,39,12,0,12,51
12/26/2022,FWA,IN,AGL,CE,Combined TRACON& Tower with Radar,17,17,28,0,62,0,0,7,0,7,17,17,35,0,69,16,0,16,85
12/27/2022,FWA,IN,AGL,CE,Combined TRACON& Tower with Radar,22,18,25,0,65,0,0,6,0,6,22,18,31,0,71,0,0,0,71
12/28/2022,FWA,IN,AGL,CE,Combined TRACON& Tower with Radar,24,14,10,0,48,0,2,18,4,24,24,16,28,4,72,6,0,6,78
12/29/2022,FWA,IN,AGL,CE,Combined TRACON& Tower with Radar,26,21,8,2,57,0,0,0,2,2,26,21,8,4,59,0,0,0,59
12/30/2022,FWA,IN,AGL,CE,Combined TRACON& Tower with Radar,24,22,20,2,68,0,0,0,1,1,24,22,20,3,69,0,0,0,69
12/31/2022,FWA,IN,AGL,CE,Combined TRACON& Tower with Radar,22,14,25,0,61,0,0,0,0,0,22,14,25,0,61,0,0,0,61
01/01/2023,FWA,IN,AGL,CE,Combined TRACON& Tower with Radar,14,14,7,0,35,0,0,0,0,0,14,14,7,0,35,0,0,0,35
01/02/2023,FWA,IN,AGL,CE,Combined TRACON& Tower with Radar,17,15,18,0,50,0,0,0,0,0,17,15,18,0,50,0,0,0,50
01/03/2023,FWA,IN,AGL,CE,Combined TRACON& Tower with Radar,23,18,25,0,66,0,0,0,0,0,23,18,25,0,66,0,0,0,66
01/04/2023,FWA,IN,AGL,CE,Combined TRACON& Tower with Radar,27,33,51,0,111,0,0,26,0,26,27,33,77,0,137,62,0,62,199
01/05/2023,FWA,IN,AGL,CE,Combined TRACON& Tower with Radar,25,28,14,4,71,0,0,3,4,7,25,28,17,8,78,0,0,0,78
01/06/2023,FWA,IN,AGL,CE,Combined TRACON& Tower with Radar,26,23,19,8,76,0,0,2,0,2,26,23,21,8,78,0,0,0,78
01/07/2023,FWA,IN,AGL,CE,Combined TRACON& Tower with Radar,18,18,10,0,46,0,0,14,0,14,18,18,24,0,60,52,0,52,112
01/08/2023,FWA,IN,AGL,CE,Combined TRACON& Tower with Radar,16,16,20,0,52,0,0,8,0,8,16,16,28,0,60,10,0,10,70
01/09/2023,FWA,IN,AGL,CE,Combined TRACON& Tower with Radar,19,20,18,0,57,0,4,35,0,39,19,24,53,0,96,50,0,50,146
01/10/2023,FWA,IN,AGL,CE,Combined TRACON& Tower with Radar,20,17,19,1,57,0,2,10,8,20,20,19,29,9,77,20,0,20,97
01/11/2023,FWA,IN,AGL,CE,Combined TRACON& Tower with Radar,21,17,15,4,57,0,0,16,4,20,21,17,31,8,77,34,0,34,111
01/12/2023,FWA,IN,AGL,CE,Combined TRACON& Tower with Radar,25,21,7,0,53,0,0,0,0,0,25,21,7,0,53,0,0,0,53
01/13/2023,FWA,IN,AGL,CE,Combined TRACON& Tower with Radar,25,21,28,0,74,0,0,6,0,6,25,21,34,0,80,26,0,26,106
01/14/2023,FWA,IN,AGL,CE,Combined TRACON& Tower with Radar,20,15,11,0,46,0,4,63,0,67,20,19,74,0,113,38,0,38,151
01/15/2023,FWA,IN,AGL,CE,Combined TRACON& Tower with Radar,14,19,15,0,48,0,2,33,0,35,14,21,48,0,83,30,0,30,113
01/16/2023,FWA,IN,AGL,CE,Combined TRACON& Tower with Radar,22,22,11,0,55,0,0,10,0,10,22,22,21,0,65,14,0,14,79
01/17/2023,FWA,IN,AGL,CE,Combined TRACON& Tower with Radar,21,29,16,7,73,0,0,2,7,9,21,29,18,14,82,0,2,2,84
01/18/2023,FWA,IN,AGL,CE,Combined TRACON& Tower with Radar,22,23,18,8,71,0,0,8,6,14,22,23,26,14,85,10,0,10,95
01/19/2023,FWA,IN,AGL,CE,Combined TRACON& Tower with Radar,30,21,14,5,70,0,0,0,2,2,30,21,14,7,72,0,2,2,74
01/20/2023,FWA,IN,AGL,CE,Combined TRACON& Tower with Radar,25,22,16,0,63,0,0,2,0,2,25,22,18,0,65,0,0,0,65
01/21/2023,FWA,IN,AGL,CE,Combined TRACON& Tower with Radar,21,18,9,0,48,0,0,4,0,4,21,18,13,0,52,8,0,8,60
01/22/2023,FWA,IN,AGL,CE,Combined TRACON& Tower with Radar,15,19,10,3,47,0,0,0,0,0,15,19,10,3,47,4,0,4,51
01/23/2023,FWA,IN,AGL,CE,Combined TRACON& Tower with Radar,27,17,20,8,72,0,0,2,0,2,27,17,22,8,74,0,0,0,74
01/24/2023,FWA,IN,AGL,CE,Combined TRACON& Tower with Radar,24,21,32,4,81,0,0,0,0,0,24,21,32,4,81,0,0,0,81
01/25/2023,FWA,IN,AGL,CE,Combined TRACON& Tower with Radar,22,17,7,0,46,0,0,0,0,0,22,17,7,0,46,0,0,0,46
01/26/2023,FWA,IN,AGL,CE,Combined TRACON& Tower with Radar,29,25,22,0,76,0,0,0,0,0,29,25,22,0,76,0,0,0,76
01/27/2023,FWA,IN,AGL,CE,Combined TRACON& Tower with Radar,25,25,12,0,62,0,0,4,0,4,25,25,16,0,66,0,0,0,66
01/28/2023,FWA,IN,AGL,CE,Combined TRACON& Tower with Radar,21,18,11,0,50,0,2,20,0,22,21,20,31,0,72,12,0,12,84
01/29/2023,FWA,IN,AGL,CE,Combined TRACON& Tower with Radar,16,18,11,0,45,0,0,0,0,0,16,18,11,0,45,0,0,0,45
01/30/2023,FWA,IN,AGL,CE,Combined TRACON& Tower with Radar,24,21,15,0,60,0,0,0,0,0,24,21,15,0,60,12,0,12,72
01/31/2023,FWA,IN,AGL,CE,Combined TRACON& Tower with Radar,16,21,29,0,66,0,0,13,5,18,16,21,42,5,84,10,0,10,94
02/01/2023,FWA,IN,AGL,CE,Combined TRACON& Tower with Radar,18,27,27,0,72,0,10,45,0,55,18,37,72,0,127,28,0,28,155
02/02/2023,FWA,IN,AGL,CE,Combined TRACON& Tower with Radar,26,25,16,0,67,0,6,26,2,34,26,31,42,2,101,28,0,28,129
02/03/2023,FWA,IN,AGL,CE,Combined TRACON& Tower with Radar,29,22,23,2,76,0,2,14,0,16,29,24,37,2,92,28,0,28,120
02/04/2023,FWA,IN,AGL,CE,Combined TRACON& Tower with Radar,21,20,18,11,70,0,2,9,1,12,21,22,27,12,82,4,0,4,86
02/05/2023,FWA,IN,AGL,CE,Combined TRACON& Tower with Radar,16,15,5,5,41,0,0,4,0,4,16,15,9,5,45,0,0,0,45
02/06/2023,FWA,IN,AGL,CE,Combined TRACON& Tower with Radar,25,25,17,4,71,0,2,31,1,34,25,27,48,5,105,38,2,40,145
02/07/2023,FWA,IN,AGL,CE,Combined TRACON& Tower with Radar,21,24,19,0,64,0,0,8,4,12,21,24,27,4,76,0,8,8,84
02/08/2023,FWA,IN,AGL,CE,Combined TRACON& Tower with Radar,23,23,21,4,71,0,2,18,5,25,23,25,39,9,96,0,6,6,102
02/09/2023,FWA,IN,AGL,CE,Combined TRACON& Tower with Radar,23,21,12,0,56,0,0,0,0,0,23,21,12,0,56,0,0,0,56
02/10/2023,FWA,IN,AGL,CE,Combined TRACON& Tower with Radar,25,22,19,0,66,0,4,18,0,22,25,26,37,0,88,16,0,16,104
02/11/2023,FWA,IN,AGL,CE,Combined TRACON& Tower with Radar,20,29,14,0,63,0,12,53,0,65,20,41,67,0,128,40,0,40,168
02/12/2023,FWA,IN,AGL,CE,Combined TRACON& Tower with Radar,16,16,4,1,37,0,0,27,2,29,16,16,31,3,66,34,0,34,100
02/13/2023,FWA,IN,AGL,CE,Combined TRACON& Tower with Radar,22,21,24,1,68,0,7,31,0,38,22,28,55,1,106,68,0,68,174
02/14/2023,FWA,IN,AGL,CE,Combined TRACON& Tower with Radar,21,20,12,0,53,0,2,13,4,19,21,22,25,4,72,14,2,16,88
02/15/2023,FWA,IN,AGL,CE,Combined TRACON& Tower with Radar,27,27,9,3,66,0,0,11,7,18,27,27,20,10,84,26,0,26,110
02/16/2023,FWA,IN,AGL,CE,Combined TRACON& Tower with Radar,31,20,19,0,70,0,0,0,0,0,31,20,19,0,70,0,0,0,70
02/17/2023,FWA,IN,AGL,CE,Combined TRACON& Tower with Radar,28,19,13,0,60,0,0,14,0,14,28,19,27,0,74,16,0,16,90
02/18/2023,FWA,IN,AGL,CE,Combined TRACON& Tower with Radar,24,24,9,0,57,0,2,18,0,20,24,26,27,0,77,14,0,14,91
02/19/2023,FWA,IN,AGL,CE,Combined TRACON& Tower with Radar,25,17,17,0,59,0,4,17,0,21,25,21,34,0,80,14,0,14,94
02/20/2023,FWA,IN,AGL,CE,Combined TRACON& Tower with Radar,30,23,27,0,80,0,6,42,0,48,30,29,69,0,128,26,0,26,154
02/21/2023,FWA,IN,AGL,CE,Combined TRACON& Tower with Radar,27,16,23,2,68,0,5,31,6,42,27,21,54,8,110,52,0,52,162
02/22/2023,FWA,IN,AGL,CE,Combined TRACON& Tower with Radar,26,25,21,0,72,0,0,0,0,0,26,25,21,0,72,0,0,0,72
02/23/2023,FWA,IN,AGL,CE,Combined TRACON& Tower with Radar,25,24,19,2,70,0,0,0,2,2,25,24,19,4,72,0,4,4,76
02/24/2023,FWA,IN,AGL,CE,Combined TRACON& Tower with Radar,28,21,17,13,79,0,0,37,7,44,28,21,54,20,123,16,8,24,147
02/25/2023,FWA,IN,AGL,CE,Combined TRACON& Tower with Radar,21,18,15,0,54,0,2,25,0,27,21,20,40,0,81,8,0,8,89
02/26/2023,FWA,IN,AGL,CE,Combined TRACON& Tower with Radar,18,16,11,0,45,0,6,32,0,38,18,22,43,0,83,6,0,6,89
02/27/2023,FWA,IN,AGL,CE,Combined TRACON& Tower with Radar,26,19,15,0,60,0,0,1,0,1,26,19,16,0,61,0,0,0,61
02/28/2023,FWA,IN,AGL,CE,Combined TRACON& Tower with Radar,25,18,19,11,73,0,6,27,1,34,25,24,46,12,107,18,0,18,125
03/01/2023,FWA,IN,AGL,CE,Combined TRACON& Tower with Radar,28,26,17,3,74,0,2,49,5,56,28,28,66,8,130,24,0,24,154
03/02/2023,FWA,IN,AGL,CE,Combined TRACON& Tower with Radar,28,19,26,2,75,0,0,9,6,15,28,19,35,8,90,28,0,28,118
03/03/2023,FWA,IN,AGL,CE,Combined TRACON& Tower with Radar,27,14,6,5,52,0,0,0,0,0,27,14,6,5,52,0,0,0,52
03/04/2023,FWA,IN,AGL,CE,Combined TRACON& Tower with Radar,22,24,7,6,59,0,0,10,2,12,22,24,17,8,71,16,0,16,87
03/05/2023,FWA,IN,AGL,CE,Combined TRACON& Tower with Radar,17,23,19,1,60,0,9,34,7,50,17,32,53,8,110,12,8,20,130
03/06/2023,FWA,IN,AGL,CE,Combined TRACON& Tower with Radar,24,19,26,3,72,0,0,28,3,31,24,19,54,6,103,36,0,36,139
03/07/2023,FWA,IN,AGL,CE,Combined TRACON& Tower with Radar,22,15,19,6,62,1,2,30,3,36,23,17,49,9,98,6,0,6,104
03/08/2023,FWA,IN,AGL,CE,Combined TRACON& Tower with Radar,24,31,16,2,73,0,7,58,5,70,24,38,74,7,143,54,0,54,197
03/09/2023,FWA,IN,AGL,CE,Combined TRACON& Tower with Radar,31,20,22,0,73,0,4,18,1,23,31,24,40,1,96,4,0,4,100
03/10/2023,FWA,IN,AGL,CE,Combined TRACON& Tower with Radar,28,18,7,0,53,0,0,0,0,0,28,18,7,0,53,0,0,0,53
03/11/2023,FWA,IN,AGL,CE,Combined TRACON& Tower with Radar,22,20,15,0,57,0,0,24,0,24,22,20,39,0,81,36,0,36,117
03/12/2023,FWA,IN,AGL,CE,Combined TRACON& Tower with Radar,18,18,3,0,39,0,0,0,0,0,18,18,3,0,39,0,0,0,39
03/13/2023,FWA,IN,AGL,CE,Combined TRACON& Tower with Radar,23,22,13,0,58,0,0,1,0,1,23,22,14,0,59,0,0,0,59
03/14/2023,FWA,IN,AGL,CE,Combined TRACON& Tower with Radar,21,16,16,1,54,0,0,17,2,19,21,16,33,3,73,12,0,12,85
03/15/2023,FWA,IN,AGL,CE,Combined TRACON& Tower with Radar,24,18,32,5,79,0,6,49,7,62,24,24,81,12,141,16,12,28,169
03/16/2023,FWA,IN,AGL,CE,Combined TRACON& Tower with Radar,28,16,18,9,71,0,2,10,3,15,28,18,28,12,86,6,16,22,108
03/17/2023,FWA,IN,AGL,CE,Combined TRACON& Tower with Radar,29,21,12,0,62,0,0,1,0,1,29,21,13,0,63,0,0,0,63
03/18/2023,FWA,IN,AGL,CE,Combined TRACON& Tower with Radar,22,23,2,0,47,0,0,2,0,2,22,23,4,0,49,0,0,0,49
03/19/2023,FWA,IN,AGL,CE,Combined TRACON& Tower with Radar,20,19,17,0,56,0,2,17,0,19,20,21,34,0,75,12,0,12,87
03/20/2023,FWA,IN,AGL,CE,Combined TRACON& Tower with Radar,26,20,15,0,61,0,3,20,0,23,26,23,35,0,84,8,0,8,92
03/21/2023,FWA,IN,AGL,CE,Combined TRACON& Tower with Radar,20,22,20,6,68,0,4,26,6,36,20,26,46,12,104,18,2,20,124
03/22/2023,FWA,IN,AGL,CE,Combined TRACON& Tower with Radar,26,26,18,5,75,0,0,0,0,0,26,26,18,5,75,0,0,0,75
03/23/2023,FWA,IN,AGL,CE,Combined TRACON& Tower with Radar,28,34,22,2,86,0,0,0,0,0,28,34,22,2,86,0,0,0,86
03/24/2023,FWA,IN,AGL,CE,Combined TRACON& Tower with Radar,26,21,22,6,75,0,1,5,9,15,26,22,27,15,90,0,0,0,90
03/25/2023,FWA,IN,AGL,CE,Combined TRACON& Tower with Radar,22,21,6,0,49,0,0,0,0,0,22,21,6,0,49,0,0,0,49
03/26/2023,FWA,IN,AGL,CE,Combined TRACON& Tower with Radar,20,20,25,0,65,0,6,45,0,51,20,26,70,0,116,14,0,14,130
03/27/2023,FWA,IN,AGL,CE,Combined TRACON& Tower with Radar,22,24,16,0,62,0,0,0,0,0,22,24,16,0,62,0,0,0,62
03/28/2023,FWA,IN,AGL,CE,Combined TRACON& Tower with Radar,18,29,19,2,68,0,9,50,4,63,18,38,69,6,131,38,6,44,175
03/29/2023,FWA,IN,AGL,CE,Combined TRACON& Tower with Radar,22,28,16,3,69,0,0,13,2,15,22,28,29,5,84,6,6,12,96
03/30/2023,FWA,IN,AGL,CE,Combined TRACON& Tower with Radar,23,21,26,4,74,0,5,40,4,49,23,26,66,8,123,40,0,40,163
03/31/2023,FWA,IN,AGL,CE,Combined TRACON& Tower with Radar,26,24,16,4,70,0,0,1,1,2,26,24,17,5,72,0,0,0,72
04/01/2023,FWA,IN,AGL,CE,Combined TRACON& Tower with Radar,27,20,6,0,53,0,0,0,2,2,27,20,6,2,55,0,0,0,55
04/02/2023,FWA,IN,AGL,CE,Combined TRACON& Tower with Radar,18,16,15,1,50,0,0,37,0,37,18,16,52,1,87,50,0,50,137
04/03/2023,FWA,IN,AGL,CE,Combined TRACON& Tower with Radar,22,25,14,4,65,0,3,14,0,17,22,28,28,4,82,10,0,10,92
04/04/2023,FWA,IN,AGL,CE,Combined TRACON& Tower with Radar,20,17,10,4,51,0,0,0,0,0,20,17,10,4,51,0,0,0,51
04/05/2023,FWA,IN,AGL,CE,Combined TRACON& Tower with Radar,23,18,10,1,52,0,0,0,0,0,23,18,10,1,52,0,0,0,52
04/06/2023,FWA,IN,AGL,CE,Combined TRACON& Tower with Radar,27,25,18,2,72,0,8,32,0,40,27,33,50,2,112,14,0,14,126
04/07/2023,FWA,IN,AGL,CE,Combined TRACON& Tower with Radar,27,19,19,2,67,0,6,42,4,52,27,25,61,6,119,10,2,12,131
04/08/2023,FWA,IN,AGL,CE,Combined TRACON& Tower with Radar,29,24,17,0,70,0,0,33,0,33,29,24,50,0,103,16,0,16,119
04/09/2023,FWA,IN,AGL,CE,Combined TRACON& Tower with Radar,18,19,0,0,37,0,0,25,0,25,18,19,25,0,62,0,0,0,62
04/10/2023,FWA,IN,AGL,CE,Combined TRACON& Tower with Radar,24,35,16,6,81,0,4,28,0,32,24,39,44,6,113,26,0,26,139
04/11/2023,FWA,IN,AGL,CE,Combined TRACON& Tower with Radar,20,29,23,14,86,0,2,23,4,29,20,31,46,18,115,8,12,20,135
04/12/2023,FWA,IN,AGL,CE,Combined TRACON& Tower with Radar,24,24,21,15,84,0,0,18,13,31,24,24,39,28,115,26,0,26,141
04/13/2023,FWA,IN,AGL,CE,Combined TRACON& Tower with Radar,27,19,28,4,78,0,4,37,4,45,27,23,65,8,123,64,8,72,195
04/14/2023,FWA,IN,AGL,CE,Combined TRACON& Tower with Radar,25,21,11,11,68,0,6,41,7,54,25,27,52,18,122,52,0,52,174
04/15/2023,FWA,IN,AGL,CE,Combined TRACON& Tower with Radar,20,20,11,17,68,0,1,11,8,20,20,21,22,25,88,22,12,34,122
04/16/2023,FWA,IN,AGL,CE,Combined TRACON& Tower with Radar,20,22,18,2,62,0,0,0,1,1,20,22,18,3,63,0,0,0,63
04/17/2023,FWA,IN,AGL,CE,Combined TRACON& Tower with Radar,20,20,12,8,60,0,0,0,0,0,20,20,12,8,60,0,0,0,60
04/18/2023,FWA,IN,AGL,CE,Combined TRACON& Tower with Radar,20,27,23,10,80,0,6,19,4,29,20,33,42,14,109,22,4,26,135
04/19/2023,FWA,IN,AGL,CE,Combined TRACON& Tower with Radar,22,29,20,8,79,0,7,21,3,31,22,36,41,11,110,24,0,24,134
04/20/2023,FWA,IN,AGL,CE,Combined TRACON& Tower with Radar,25,26,14,10,75,0,0,11,1,12,25,26,25,11,87,12,2,14,101
04/21/2023,FWA,IN,AGL,CE,Combined TRACON& Tower with Radar,24,35,15,6,80,0,0,9,0,9,24,35,24,6,89,8,0,8,97
04/22/2023,FWA,IN,AGL,CE,Combined TRACON& Tower with Radar,21,21,12,0,54,0,2,15,0,17,21,23,27,0,71,4,0,4,75
04/23/2023,FWA,IN,AGL,CE,Combined TRACON& Tower with Radar,20,22,9,1,52,0,0,9,0,9,20,22,18,1,61,0,0,0,61
04/24/2023,FWA,IN,AGL,CE,Combined TRACON& Tower with Radar,20,22,22,22,86,0,4,16,0,20,20,26,38,22,106,41,8,49,155
04/25/2023,FWA,IN,AGL,CE,Combined TRACON& Tower with Radar,20,19,26,11,76,0,2,14,1,17,20,21,40,12,93,0,0,0,93
04/26/2023,FWA,IN,AGL,CE,Combined TRACON& Tower with Radar,23,27,28,22,100,0,8,30,0,38,23,35,58,22,138,57,0,57,195
04/27/2023,FWA,IN,AGL,CE,Combined TRACON& Tower with Radar,27,24,25,9,85,0,2,63,3,68,27,26,88,12,153,26,2,28,181
04/28/2023,FWA,IN,AGL,CE,Combined TRACON& Tower with Radar,25,21,24,5,75,0,0,0,0,0,25,21,24,5,75,0,0,0,75
04/29/2023,FWA,IN,AGL,CE,Combined TRACON& Tower with Radar,23,19,21,0,63,0,0,8,0,8,23,19,29,0,71,36,0,36,107
04/30/2023,FWA,IN,AGL,CE,Combined TRACON& Tower with Radar,21,24,12,0,57,0,0,4,0,4,21,24,16,0,61,22,0,22,83
05/01/2023,FWA,IN,AGL,CE,Combined TRACON& Tower with Radar,21,18,27,3,69,0,0,0,0,0,21,18,27,3,69,4,0,4,73
05/02/2023,FWA,IN,AGL,CE,Combined TRACON& Tower with Radar,22,19,29,10,80,0,0,0,4,4,22,19,29,14,84,0,0,0,84
05/03/2023,FWA,IN,AGL,CE,Combined TRACON& Tower with Radar,24,17,18,4,63,0,2,20,6,28,24,19,38,10,91,38,0,38,129
05/04/2023,FWA,IN,AGL,CE,Combined TRACON& Tower with Radar,27,36,22,5,90,0,2,68,0,70,27,38,90,5,160,36,0,36,196
05/05/2023,FWA,IN,AGL,CE,Combined TRACON& Tower with Radar,23,21,32,8,84,0,6,40,0,46,23,27,72,8,130,42,6,48,178
05/06/2023,FWA,IN,AGL,CE,Combined TRACON& Tower with Radar,22,20,14,3,59,0,4,18,4,26,22,24,32,7,85,83,32,115,200
05/07/2023,FWA,IN,AGL,CE,Combined TRACON& Tower with Radar,22,24,12,2,60,0,0,12,2,14,22,24,24,4,74,6,0,6,80
05/08/2023,FWA,IN,AGL,CE,Combined TRACON& Tower with Radar,21,23,34,9,87,0,0,0,1,1,21,23,34,10,88,14,10,24,112
05/09/2023,FWA,IN,AGL,CE,Combined TRACON& Tower with Radar,23,19,23,14,79,0,6,28,2,36,23,25,51,16,115,10,0,10,125
05/10/2023,FWA,IN,AGL,CE,Combined TRACON& Tower with Radar,24,25,22,8,79,0,0,28,1,29,24,25,50,9,108,30,0,30,138
05/11/2023,FWA,IN,AGL,CE,Combined TRACON& Tower with Radar,28,34,26,8,96,0,4,41,8,53,28,38,67,16,149,24,0,24,173
05/12/2023,FWA,IN,AGL,CE,Combined TRACON& Tower with Radar,26,21,11,8,66,0,0,7,0,7,26,21,18,8,73,0,8,8,81
05/13/2023,FWA,IN,AGL,CE,Combined TRACON& Tower with Radar,22,14,13,0,49,0,0,7,0,7,22,14,20,0,56,8,0,8,64
05/14/2023,FWA,IN,AGL,CE,Combined TRACON& Tower with Radar,22,29,10,0,61,0,0,9,0,9,22,29,19,0,70,14,0,14,84
05/15/2023,FWA,IN,AGL,CE,Combined TRACON& Tower with Radar,22,20,14,2,58,0,4,37,0,41,22,24,51,2,99,44,0,44,143
05/16/2023,FWA,IN,AGL,CE,Combined TRACON& Tower with Radar,23,18,27,4,72,0,2,35,6,43,23,20,62,10,115,20,4,24,139
05/17/2023,FWA,IN,AGL,CE,Combined TRACON& Tower with Radar,27,17,35,6,85,0,8,35,5,48,27,25,70,11,133,34,4,38,171
05/18/2023,FWA,IN,AGL,CE,Combined TRACON& Tower with Radar,28,25,30,2,85,0,2,34,4,40,28,27,64,6,125,16,0,16,141
05/19/2023,FWA,IN,AGL,CE,Combined TRACON& Tower with Radar,24,23,17,4,68,0,2,6,0,8,24,25,23,4,76,22,0,22,98
05/20/2023,FWA,IN,AGL,CE,Combined TRACON& Tower with Radar,20,19,10,0,49,0,5,25,2,32,20,24,35,2,81,40,0,40,121
05/21/2023,FWA,IN,AGL,CE,Combined TRACON& Tower with Radar,22,16,7,0,45,0,8,27,0,35,22,24,34,0,80,24,0,24,104
05/22/2023,FWA,IN,AGL,CE,Combined TRACON& Tower with Radar,24,20,20,6,70,0,5,25,0,30,24,25,45,6,100,16,0,16,116
05/23/2023,FWA,IN,AGL,CE,Combined TRACON& Tower with Radar,20,15,22,9,66,0,2,41,6,49,20,17,63,15,115,8,8,16,131
05/24/2023,FWA,IN,AGL,CE,Combined TRACON& Tower with Radar,29,28,28,8,93,0,6,29,5,40,29,34,57,13,133,28,0,28,161
05/25/2023,FWA,IN,AGL,CE,Combined TRACON& Tower with Radar,29,20,38,7,94,0,5,25,7,37,29,25,63,14,131,20,4,24,155
05/26/2023,FWA,IN,AGL,CE,Combined TRACON& Tower with Radar,30,27,15,0,72,0,4,35,2,41,30,31,50,2,113,50,0,50,163
05/27/2023,FWA,IN,AGL,CE,Combined TRACON& Tower with Radar,22,20,12,0,54,0,6,22,0,28,22,26,34,0,82,34,0,34,116
05/28/2023,FWA,IN,AGL,CE,Combined TRACON& Tower with Radar,22,16,8,0,46,0,2,14,0,16,22,18,22,0,62,2,0,2,64
05/29/2023,FWA,IN,AGL,CE,Combined TRACON& Tower with Radar,22,21,3,0,46,0,2,14,0,16,22,23,17,0,62,6,0,6,68
05/30/2023,FWA,IN,AGL,CE,Combined TRACON& Tower with Radar,22,16,16,3,57,0,8,20,2,30,22,24,36,5,87,34,4,38,125
05/31/2023,FWA,IN,AGL,CE,Combined TRACON& Tower with Radar,28,21,19,4,72,0,6,41,4,51,28,27,60,8,123,52,2,54,177
06/01/2023,FWA,IN,AGL,CE,Combined TRACON& Tower with Radar,32,21,20,4,77,0,4,20,3,27,32,25,40,7,104,24,16,40,144
06/02/2023,FWA,IN,AGL,CE,Combined TRACON& Tower with Radar,30,19,12,5,66,0,8,66,4,78,30,27,78,9,144,20,6,26,170
06/03/2023,FWA,IN,AGL,CE,Combined TRACON& Tower with Radar,25,19,14,0,58,0,2,28,9,39,25,21,42,9,97,40,14,54,151
06/04/2023,FWA,IN,AGL,CE,Combined TRACON& Tower with Radar,24,16,17,0,57,0,0,26,0,26,24,16,43,0,83,24,0,24,107
06/05/2023,FWA,IN,AGL,CE,Combined TRACON& Tower with Radar,28,23,22,8,81,0,17,57,2,76,28,40,79,10,157,66,0,66,223
06/06/2023,FWA,IN,AGL,CE,Combined TRACON& Tower with Radar,24,24,24,3,75,0,4,17,4,25,24,28,41,7,100,14,0,14,114
06/07/2023,FWA,IN,AGL,CE,Combined TRACON& Tower with Radar,26,20,20,2,68,0,2,28,3,33,26,22,48,5,101,28,4,32,133
06/08/2023,FWA,IN,AGL,CE,Combined TRACON& Tower with Radar,30,19,24,10,83,0,4,49,8,61,30,23,73,18,144,50,6,56,200
06/09/2023,FWA,IN,AGL,CE,Combined TRACON& Tower with Radar,30,20,27,14,91,0,2,32,0,34,30,22,59,14,125,24,6,30,155
06/10/2023,FWA,IN,AGL,CE,Combined TRACON& Tower with Radar,24,24,12,1,61,0,4,30,0,34,24,28,42,1,95,26,0,26,121
06/11/2023,FWA,IN,AGL,CE,Combined TRACON& Tower with Radar,23,15,7,1,46,0,0,9,0,9,23,15,16,1,55,8,0,8,63
06/12/2023,FWA,IN,AGL,CE,Combined TRACON& Tower with Radar,26,26,42,7,101,0,5,8,0,13,26,31,50,7,114,8,14,22,136
06/13/2023,FWA,IN,AGL,CE,Combined TRACON& Tower with Radar,23,18,25,12,78,0,0,0,4,4,23,18,25,16,82,8,0,8,90
06/14/2023,FWA,IN,AGL,CE,Combined TRACON& Tower with Radar,28,20,28,8,84,0,6,17,0,23,28,26,45,8,107,24,0,24,131
06/15/2023,FWA,IN,AGL,CE,Combined TRACON& Tower with Radar,32,26,23,3,84,0,2,15,1,18,32,28,38,4,102,6,0,6,108
06/16/2023,FWA,IN,AGL,CE,Combined TRACON& Tower with Radar,29,31,24,1,85,0,2,15,0,17,29,33,39,1,102,32,0,32,134
06/17/2023,FWA,IN,AGL,CE,Combined TRACON& Tower with Radar,31,22,10,0,63,0,0,26,0,26,31,22,36,0,89,12,0,12,101
06/18/2023,FWA,IN,AGL,CE,Combined TRACON& Tower with Radar,24,26,17,0,67,0,2,12,0,14,24,28,29,0,81,16,0,16,97
06/19/2023,FWA,IN,AGL,CE,Combined TRACON& Tower with Radar,26,22,13,8,69,0,8,29,2,39,26,30,42,10,108,44,0,44,152
06/20/2023,FWA,IN,AGL,CE,Combined TRACON& Tower with Radar,24,21,18,1,64,0,2,14,0,16,24,23,32,1,80,2,0,2,82
06/21/2023,FWA,IN,AGL,CE,Combined TRACON& Tower with Radar,25,19,22,10,76,0,0,30,5,35,25,19,52,15,111,18,2,20,131
06/22/2023,FWA,IN,AGL,CE,Combined TRACON& Tower with Radar,31,24,27,10,92,0,2,40,4,46,31,26,67,14,138,26,0,26,164
06/23/2023,FWA,IN,AGL,CE,Combined TRACON& Tower with Radar,30,17,19,4,70,0,2,9,0,11,30,19,28,4,81,32,0,32,113
06/24/2023,FWA,IN,AGL,CE,Combined TRACON& Tower with Radar,29,21,9,4,63,0,4,26,0,30,29,25,35,4,93,10,0,10,103
06/25/2023,FWA,IN,AGL,CE,Combined TRACON& Tower with Radar,23,17,16,0,56,0,2,2,0,4,23,19,18,0,60,12,0,12,72
06/26/2023,FWA,IN,AGL,CE,Combined TRACON& Tower with Radar,29,20,14,2,65,0,0,4,0,4,29,20,18,2,69,0,0,0,69
06/27/2023,FWA,IN,AGL,CE,Combined TRACON& Tower with Radar,21,21,37,13,92,0,0,0,0,0,21,21,37,13,92,0,0,0,92
06/28/2023,FWA,IN,AGL,CE,Combined TRACON& Tower with Radar,27,23,43,4,97,0,0,1,0,1,27,23,44,4,98,0,0,0,98
06/29/2023,FWA,IN,AGL,CE,Combined TRACON& Tower with Radar,31,22,46,15,114,0,0,10,1,11,31,22,56,16,125,12,4,16,141
06/30/2023,FWA,IN,AGL,CE,Combined TRACON& Tower with Radar,29,22,49,11,111,0,0,1,0,1,29,22,50,11,112,0,0,0,112
07/01/2023,FWA,IN,AGL,CE,Combined TRACON& Tower with Radar,28,17,14,0,59,0,2,5,0,7,28,19,19,0,66,6,0,6,72
07/02/2023,FWA,IN,AGL,CE,Combined TRACON& Tower with Radar,24,15,10,0,49,0,2,5,0,7,24,17,15,0,56,28,0,28,84
07/03/2023,FWA,IN,AGL,CE,Combined TRACON& Tower with Radar,25,15,19,0,59,0,4,6,0,10,25,19,25,0,69,34,0,34,103
07/04/2023,FWA,IN,AGL,CE,Combined TRACON& Tower with Radar,16,8,7,0,31,0,0,19,2,21,16,8,26,2,52,0,4,4,56
07/05/2023,FWA,IN,AGL,CE,Combined TRACON& Tower with Radar,23,25,18,4,70,0,0,31,0,31,23,25,49,4,101,46,0,46,147
07/06/2023,FWA,IN,AGL,CE,Combined TRACON& Tower with Radar,24,26,37,3,90,0,2,23,1,26,24,28,60,4,116,22,6,28,144
07/07/2023,FWA,IN,AGL,CE,Combined TRACON& Tower with Radar,24,26,31,29,110,0,3,51,1,55,24,29,82,30,165,56,26,82,247
07/08/2023,FWA,IN,AGL,CE,Combined TRACON& Tower with Radar,24,24,15,0,63,0,2,0,6,8,24,26,15,6,71,20,0,20,91
07/09/2023,FWA,IN,AGL,CE,Combined TRACON& Tower with Radar,20,24,17,0,61,0,5,36,0,41,20,29,53,0,102,10,52,62,164
07/10/2023,FWA,IN,AGL,CE,Combined TRACON& Tower with Radar,25,31,16,5,77,0,4,38,1,43,25,35,54,6,120,38,2,40,160
07/11/2023,FWA,IN,AGL,CE,Combined TRACON& Tower with Radar,20,28,18,4,70,0,1,27,0,28,20,29,45,4,98,0,0,0,98
07/12/2023,FWA,IN,AGL,CE,Combined TRACON& Tower with Radar,25,20,23,3,71,0,0,7,0,7,25,20,30,3,78,14,0,14,92
07/13/2023,FWA,IN,AGL,CE,Combined TRACON& Tower with Radar,26,22,23,6,77,0,0,32,10,42,26,22,55,16,119,46,0,46,165
07/14/2023,FWA,IN,AGL,CE,Combined TRACON& Tower with Radar,24,31,24,1,80,0,6,18,2,26,24,37,42,3,106,12,0,12,118
07/15/2023,FWA,IN,AGL,CE,Combined TRACON& Tower with Radar,24,23,13,2,62,0,0,10,0,10,24,23,23,2,72,10,0,10,82
07/16/2023,FWA,IN,AGL,CE,Combined TRACON& Tower with Radar,22,23,19,0,64,0,0,3,0,3,22,23,22,0,67,0,0,0,67
07/17/2023,FWA,IN,AGL,CE,Combined TRACON& Tower with Radar,24,29,8,4,65,0,0,7,0,7,24,29,15,4,72,6,0,6,78
07/18/2023,FWA,IN,AGL,CE,Combined TRACON& Tower with Radar,20,26,19,8,73,0,4,30,0,34,20,30,49,8,107,34,0,34,141
07/19/2023,FWA,IN,AGL,CE,Combined TRACON& Tower with Radar,24,28,12,11,75,0,2,37,0,39,24,30,49,11,114,8,0,8,122
07/20/2023,FWA,IN,AGL,CE,Combined TRACON& Tower with Radar,26,29,21,8,84,0,1,17,0,18,26,30,38,8,102,0,0,0,102
07/21/2023,FWA,IN,AGL,CE,Combined TRACON& Tower with Radar,25,23,31,4,83,0,0,15,0,15,25,23,46,4,98,2,0,2,100
07/22/2023,FWA,IN,AGL,CE,Combined TRACON& Tower with Radar,25,23,20,0,68,0,4,31,2,37,25,27,51,2,105,46,0,46,151
07/23/2023,FWA,IN,AGL,CE,Combined TRACON& Tower with Radar,20,25,5,1,51,0,3,13,2,18,20,28,18,3,69,20,0,20,89
07/24/2023,FWA,IN,AGL,CE,Combined TRACON& Tower with Radar,22,29,17,13,81,0,4,19,0,23,22,33,36,13,104,14,0,14,118
07/25/2023,FWA,IN,AGL,CE,Combined TRACON& Tower with Radar,20,26,28,3,77,0,0,22,0,22,20,26,50,3,99,18,0,18,117
07/26/2023,FWA,IN,AGL,CE,Combined TRACON& Tower with Radar,22,20,26,1,69,0,0,10,2,12,22,20,36,3,81,2,6,8,89
07/27/2023,FWA,IN,AGL,CE,Combined TRACON& Tower with Radar,26,32,31,4,93,0,0,21,2,23,26,32,52,6,116,0,0,0,116
07/28/2023,FWA,IN,AGL,CE,Combined TRACON& Tower with Radar,27,24,28,3,82,0,4,23,0,27,27,28,51,3,109,4,0,4,113
07/29/2023,FWA,IN,AGL,CE,Combined TRACON& Tower with Radar,23,20,11,0,54,0,6,11,2,19,23,26,22,2,73,28,0,28,101
07/30/2023,FWA,IN,AGL,CE,Combined TRACON& Tower with Radar,19,25,17,0,61,0,2,26,0,28,19,27,43,0,89,10,0,10,99
07/31/2023,FWA,IN,AGL,CE,Combined TRACON& Tower with Radar,21,22,25,6,74,0,6,41,0,47,21,28,66,6,121,22,4,26,147
08/01/2023,FWA,IN,AGL,CE,Combined TRACON& Tower with Radar,20,28,15,4,67,0,2,31,0,33,20,30,46,4,100,22,0,22,122
08/02/2023,FWA,IN,AGL,CE,Combined TRACON& Tower with Radar,20,24,21,2,67,0,0,49,2,51,20,24,70,4,118,58,6,64,182
08/03/2023,FWA,IN,AGL,CE,Combined TRACON& Tower with Radar,31,28,24,2,85,0,2,48,0,50,31,30,72,2,135,77,0,77,212
08/04/2023,FWA,IN,AGL,CE,Combined TRACON& Tower with Radar,27,22,18,2,69,0,6,50,0,56,27,28,68,2,125,44,2,46,171
08/05/2023,FWA,IN,AGL,CE,Combined TRACON& Tower with Radar,21,15,6,0,42,0,0,15,0,15,21,15,21,0,57,0,0,0,57
08/06/2023,FWA,IN,AGL,CE,Combined TRACON& Tower with Radar,22,24,22,0,68,0,0,1,0,1,22,24,23,0,69,0,0,0,69
08/07/2023,FWA,IN,AGL,CE,Combined TRACON& Tower with Radar,26,21,26,2,75,0,2,13,0,15,26,23,39,2,90,16,0,16,106
08/08/2023,FWA,IN,AGL,CE,Combined TRACON& Tower with Radar,22,27,26,5,80,0,7,33,0,40,22,34,59,5,120,26,0,26,146
08/09/2023,FWA,IN,AGL,CE,Combined TRACON& Tower with Radar,21,21,11,2,55,0,0,4,2,6,21,21,15,4,61,6,0,6,67
08/10/2023,FWA,IN,AGL,CE,Combined TRACON& Tower with Radar,29,19,33,7,88,0,2,17,0,19,29,21,50,7,107,32,0,32,139
08/11/2023,FWA,IN,AGL,CE,Combined TRACON& Tower with Radar,29,20,23,6,78,0,5,18,0,23,29,25,41,6,101,50,0,50,151
08/12/2023,FWA,IN,AGL,CE,Combined TRACON& Tower with Radar,19,15,8,0,42,0,8,13,0,21,19,23,21,0,63,34,0,34,97
08/13/2023,FWA,IN,AGL,CE,Combined TRACON& Tower with Radar,24,22,21,0,67,0,16,41,0,57,24,38,62,0,124,50,0,50,174
08/14/2023,FWA,IN,AGL,CE,Combined TRACON& Tower with Radar,25,23,16,5,69,0,2,8,0,10,25,25,24,5,79,18,0,18,97
08/15/2023,FWA,IN,AGL,CE,Combined TRACON& Tower with Radar,22,22,28,5,77,0,0,5,0,5,22,22,33,5,82,0,0,0,82
08/16/2023,FWA,IN,AGL,CE,Combined TRACON& Tower with Radar,24,28,33,10,95,0,3,54,5,62,24,31,87,15,157,28,0,28,185
08/17/2023,FWA,IN,AGL,CE,Combined TRACON& Tower with Radar,30,18,25,0,73,0,0,6,0,6,30,18,31,0,79,4,0,4,83
08/18/2023,FWA,IN,AGL,CE,Combined TRACON& Tower with Radar,26,24,28,0,78,0,4,28,0,32,26,28,56,0,110,26,0,26,136
08/19/2023,FWA,IN,AGL,CE,Combined TRACON& Tower with Radar,18,19,4,0,41,0,6,27,0,33,18,25,31,0,74,44,0,44,118
08/20/2023,FWA,IN,AGL,CE,Combined TRACON& Tower with Radar,26,19,20,0,65,0,0,12,0,12,26,19,32,0,77,40,0,40,117
08/21/2023,FWA,IN,AGL,CE,Combined TRACON& Tower with Radar,22,23,29,0,74,0,4,6,0,10,22,27,35,0,84,12,0,12,96
08/22/2023,FWA,IN,AGL,CE,Combined TRACON& Tower with Radar,22,30,27,2,81,0,6,19,0,25,22,36,46,2,106,0,0,0,106
08/23/2023,FWA,IN,AGL,CE,Combined TRACON& Tower with Radar,22,20,28,6,76,0,2,26,0,28,22,22,54,6,104,40,6,46,150
08/24/2023,FWA,IN,AGL,CE,Combined TRACON& Tower with Radar,30,21,29,15,95,0,1,12,0,13,30,22,41,15,108,18,0,18,126
08/25/2023,FWA,IN,AGL,CE,Combined TRACON& Tower with Radar,26,21,43,3,93,0,2,10,0,12,26,23,53,3,105,58,0,58,163
08/26/2023,FWA,IN,AGL,CE,Combined TRACON& Tower with Radar,18,21,8,3,50,0,5,14,0,19,18,26,22,3,69,8,0,8,77
08/27/2023,FWA,IN,AGL,CE,Combined TRACON& Tower with Radar,24,20,19,0,63,0,3,17,0,20,24,23,36,0,83,22,0,22,105
08/28/2023,FWA,IN,AGL,CE,Combined TRACON& Tower with Radar,21,18,24,2,65,0,4,30,8,42,21,22,54,10,107,24,0,24,131
08/29/2023,FWA,IN,AGL,CE,Combined TRACON& Tower with Radar,23,16,20,2,61,0,2,33,0,35,23,18,53,2,96,0,0,0,96
08/30/2023,FWA,IN,AGL,CE,Combined TRACON& Tower with Radar,22,23,26,22,93,0,2,18,0,20,22,25,44,22,113,40,0,40,153
08/31/2023,FWA,IN,AGL,CE,Combined TRACON& Tower with Radar,30,26,50,5,111,0,0,29,0,29,30,26,79,5,140,26,0,26,166
