01/01/2020,FWS,TX,ASW,CE,Federal Contract Tower,0,0,5,0,5,0,2,14,0,16,0,2,19,0,21,18,0,18,39
01/02/2020,FWS,TX,ASW,CE,Federal Contract Tower,0,0,4,0,4,0,0,52,0,52,0,0,56,0,56,126,0,126,182
01/03/2020,FWS,TX,ASW,CE,Federal Contract Tower,0,0,10,0,10,0,5,69,0,74,0,5,79,0,84,102,0,102,186
01/04/2020,FWS,TX,ASW,CE,Federal Contract Tower,0,1,1,0,2,0,4,115,0,119,0,5,116,0,121,170,0,170,291
01/05/2020,FWS,TX,ASW,CE,Federal Contract Tower,0,1,6,0,7,0,0,49,0,49,0,1,55,0,56,12,0,12,68
01/06/2020,FWS,TX,ASW,CE,Federal Contract Tower,0,2,4,0,6,0,0,91,0,91,0,2,95,0,97,118,0,118,215
01/07/2020,FWS,TX,ASW,CE,Federal Contract Tower,0,1,6,0,7,0,0,96,0,96,0,1,102,0,103,92,0,92,195
01/08/2020,FWS,TX,ASW,CE,Federal Contract Tower,0,3,11,0,14,0,0,71,0,71,0,3,82,0,85,84,0,84,169
01/09/2020,FWS,TX,ASW,CE,Federal Contract Tower,0,4,25,0,29,0,1,11,0,12,0,5,36,0,41,26,0,26,67
01/10/2020,FWS,TX,ASW,CE,Federal Contract Tower,0,1,8,0,9,0,2,0,0,2,0,3,8,0,11,0,0,0,11
01/11/2020,FWS,TX,ASW,CE,Federal Contract Tower,0,0,8,0,8,0,0,35,0,35,0,0,43,0,43,40,0,40,83
01/12/2020,FWS,TX,ASW,CE,Federal Contract Tower,0,0,4,0,4,0,2,56,0,58,0,2,60,0,62,46,0,46,108
01/13/2020,FWS,TX,ASW,CE,Federal Contract Tower,0,1,18,0,19,0,0,3,0,3,0,1,21,0,22,0,0,0,22
01/14/2020,FWS,TX,ASW,CE,Federal Contract Tower,0,5,9,0,14,0,0,43,0,43,0,5,52,0,57,94,0,94,151
01/15/2020,FWS,TX,ASW,CE,Federal Contract Tower,0,0,16,0,16,0,0,15,0,15,0,0,31,0,31,58,0,58,89
01/16/2020,FWS,TX,ASW,CE,Federal Contract Tower,0,0,4,0,4,0,0,0,0,0,0,0,4,0,4,0,0,0,4
01/17/2020,FWS,TX,ASW,CE,Federal Contract Tower,0,0,10,0,10,0,0,0,0,0,0,0,10,0,10,0,0,0,10
01/18/2020,FWS,TX,ASW,CE,Federal Contract Tower,0,0,6,0,6,0,0,70,0,70,0,0,76,0,76,74,0,74,150
01/19/2020,FWS,TX,ASW,CE,Federal Contract Tower,0,1,4,0,5,0,0,77,0,77,0,1,81,0,82,142,0,142,224
01/20/2020,FWS,TX,ASW,CE,Federal Contract Tower,0,0,7,0,7,0,1,116,0,117,0,1,123,0,124,164,0,164,288
01/21/2020,FWS,TX,ASW,CE,Federal Contract Tower,0,2,4,0,6,0,1,90,0,91,0,3,94,0,97,102,0,102,199
01/22/2020,FWS,TX,ASW,CE,Federal Contract Tower,0,0,6,0,6,0,0,0,0,0,0,0,6,0,6,0,0,0,6
01/23/2020,FWS,TX,ASW,CE,Federal Contract Tower,0,0,12,0,12,0,9,36,0,45,0,9,48,0,57,98,0,98,155
01/24/2020,FWS,TX,ASW,CE,Federal Contract Tower,0,1,9,0,10,0,0,127,0,127,0,1,136,0,137,158,0,158,295
01/25/2020,FWS,TX,ASW,CE,Federal Contract Tower,0,1,6,0,7,0,1,114,0,115,0,2,120,0,122,148,0,148,270
01/26/2020,FWS,TX,ASW,CE,Federal Contract Tower,0,0,12,0,12,0,0,52,0,52,0,0,64,0,64,40,0,40,104
01/27/2020,FWS,TX,ASW,CE,Federal Contract Tower,0,0,7,0,7,0,0,54,0,54,0,0,61,0,61,132,0,132,193
01/28/2020,FWS,TX,ASW,CE,Federal Contract Tower,0,2,11,0,13,0,0,2,0,2,0,2,13,0,15,0,0,0,15
01/29/2020,FWS,TX,ASW,CE,Federal Contract Tower,0,0,17,0,17,0,2,27,0,29,0,2,44,0,46,36,0,36,82
01/30/2020,FWS,TX,ASW,CE,Federal Contract Tower,0,4,18,0,22,0,0,18,0,18,0,4,36,0,40,62,0,62,102
01/31/2020,FWS,TX,ASW,CE,Federal Contract Tower,0,0,11,0,11,0,11,101,0,112,0,11,112,0,123,210,0,210,333
02/01/2020,FWS,TX,ASW,CE,Federal Contract Tower,0,1,7,0,8,0,0,138,0,138,0,1,145,0,146,120,0,120,266
02/02/2020,FWS,TX,ASW,CE,Federal Contract Tower,0,0,5,0,5,0,0,65,0,65,0,0,70,0,70,114,0,114,184
02/03/2020,FWS,TX,ASW,CE,Federal Contract Tower,0,2,3,0,5,0,8,38,0,46,0,10,41,0,51,90,0,90,141
02/04/2020,FWS,TX,ASW,CE,Federal Contract Tower,0,1,7,0,8,0,0,2,0,2,0,1,9,0,10,0,0,0,10
02/05/2020,FWS,TX,ASW,CE,Federal Contract Tower,0,1,3,0,4,0,0,0,0,0,0,1,3,0,4,0,0,0,4
02/06/2020,FWS,TX,ASW,CE,Federal Contract Tower,0,0,8,0,8,0,0,76,0,76,0,0,84,0,84,74,0,74,158
02/07/2020,FWS,TX,ASW,CE,Federal Contract Tower,0,0,8,0,8,0,2,123,0,125,0,2,131,0,133,246,0,246,379
02/08/2020,FWS,TX,ASW,CE,Federal Contract Tower,0,0,7,0,7,0,2,110,0,112,0,2,117,0,119,182,0,182,301
02/09/2020,FWS,TX,ASW,CE,Federal Contract Tower,0,1,8,0,9,0,0,0,0,0,0,1,8,0,9,0,0,0,9
02/10/2020,FWS,TX,ASW,CE,Federal Contract Tower,0,2,11,0,13,0,2,12,0,14,0,4,23,0,27,26,0,26,53
02/11/2020,FWS,TX,ASW,CE,Federal Contract Tower,0,0,11,0,11,0,0,0,0,0,0,0,11,0,11,0,0,0,11
02/12/2020,FWS,TX,ASW,CE,Federal Contract Tower,0,1,15,0,16,0,3,7,0,10,0,4,22,0,26,22,0,22,48
02/13/2020,FWS,TX,ASW,CE,Federal Contract Tower,0,1,17,0,18,0,9,52,0,61,0,10,69,0,79,106,0,106,185
02/14/2020,FWS,TX,ASW,CE,Federal Contract Tower,0,1,4,0,5,0,6,63,0,69,0,7,67,0,74,46,0,46,120
02/15/2020,FWS,TX,ASW,CE,Federal Contract Tower,0,0,0,0,0,0,0,69,0,69,0,0,69,0,69,158,0,158,227
02/16/2020,FWS,TX,ASW,CE,Federal Contract Tower,0,0,8,0,8,0,2,89,0,91,0,2,97,0,99,88,0,88,187
02/17/2020,FWS,TX,ASW,CE,Federal Contract Tower,0,2,18,0,20,0,0,48,0,48,0,2,66,0,68,80,0,80,148
02/18/2020,FWS,TX,ASW,CE,Federal Contract Tower,0,3,13,0,16,0,0,19,0,19,0,3,32,0,35,78,0,78,113
02/19/2020,FWS,TX,ASW,CE,Federal Contract Tower,0,3,14,0,17,0,7,21,0,28,0,10,35,0,45,92,0,92,137
02/20/2020,FWS,TX,ASW,CE,Federal Contract Tower,0,3,9,0,12,0,4,29,0,33,0,7,38,0,45,78,0,78,123
02/21/2020,FWS,TX,ASW,CE,Federal Contract Tower,0,1,7,0,8,0,8,134,0,142,0,9,141,0,150,162,0,162,312
02/22/2020,FWS,TX,ASW,CE,Federal Contract Tower,0,1,2,0,3,0,2,107,0,109,0,3,109,0,112,188,0,188,300
02/23/2020,FWS,TX,ASW,CE,Federal Contract Tower,0,2,14,0,16,0,1,7,0,8,0,3,21,0,24,2,0,2,26
02/24/2020,FWS,TX,ASW,CE,Federal Contract Tower,0,0,7,0,7,0,0,22,0,22,0,0,29,0,29,12,0,12,41
02/25/2020,FWS,TX,ASW,CE,Federal Contract Tower,0,1,7,0,8,0,0,60,0,60,0,1,67,0,68,110,0,110,178
02/26/2020,FWS,TX,ASW,CE,Federal Contract Tower,0,2,6,0,8,0,0,37,0,37,0,2,43,0,45,64,0,64,109
02/27/2020,FWS,TX,ASW,CE,Federal Contract Tower,0,0,4,0,4,0,3,111,0,114,0,3,115,0,118,188,0,188,306
02/28/2020,FWS,TX,ASW,CE,Federal Contract Tower,0,2,11,0,13,0,0,105,0,105,0,2,116,0,118,174,0,174,292
02/29/2020,FWS,TX,ASW,CE,Federal Contract Tower,0,3,3,0,6,0,1,82,0,83,0,4,85,0,89,164,0,164,253
03/01/2020,FWS,TX,ASW,CE,Federal Contract Tower,0,4,15,0,19,0,0,34,0,34,0,4,49,0,53,52,0,52,105
03/02/2020,FWS,TX,ASW,CE,Federal Contract Tower,0,0,9,0,9,0,0,59,0,59,0,0,68,0,68,132,0,132,200
03/03/2020,FWS,TX,ASW,CE,Federal Contract Tower,0,4,7,0,11,0,1,74,0,75,0,5,81,0,86,122,0,122,208
03/04/2020,FWS,TX,ASW,CE,Federal Contract Tower,0,2,2,0,4,0,0,2,0,2,0,2,4,0,6,0,0,0,6
03/05/2020,FWS,TX,ASW,CE,Federal Contract Tower,0,1,12,0,13,0,3,106,0,109,0,4,118,0,122,116,0,116,238
03/06/2020,FWS,TX,ASW,CE,Federal Contract Tower,0,1,2,0,3,0,2,145,0,147,0,3,147,0,150,272,0,272,422
03/07/2020,FWS,TX,ASW,CE,Federal Contract Tower,0,1,12,0,13,0,0,112,0,112,0,1,124,0,125,118,0,118,243
03/08/2020,FWS,TX,ASW,CE,Federal Contract Tower,0,3,16,0,19,0,2,17,0,19,0,5,33,0,38,8,0,8,46
03/09/2020,FWS,TX,ASW,CE,Federal Contract Tower,0,0,12,0,12,0,0,29,0,29,0,0,41,0,41,70,0,70,111
03/10/2020,FWS,TX,ASW,CE,Federal Contract Tower,0,0,3,0,3,0,0,85,0,85,0,0,88,0,88,126,0,126,214
03/11/2020,FWS,TX,ASW,CE,Federal Contract Tower,0,0,9,0,9,0,1,80,0,81,0,1,89,0,90,148,0,148,238
03/12/2020,FWS,TX,ASW,CE,Federal Contract Tower,0,2,5,0,7,0,2,66,0,68,0,4,71,0,75,108,0,108,183
03/13/2020,FWS,TX,ASW,CE,Federal Contract Tower,0,4,14,0,18,0,0,0,0,0,0,4,14,0,18,0,0,0,18
03/14/2020,FWS,TX,ASW,CE,Federal Contract Tower,0,3,23,0,26,0,0,6,0,6,0,3,29,0,32,0,0,0,32
03/15/2020,FWS,TX,ASW,CE,Federal Contract Tower,0,0,3,0,3,0,0,0,0,0,0,0,3,0,3,0,0,0,3
03/16/2020,FWS,TX,ASW,CE,Federal Contract Tower,0,3,9,0,12,0,1,21,0,22,0,4,30,0,34,72,0,72,106
03/17/2020,FWS,TX,ASW,CE,Federal Contract Tower,0,0,1,0,1,0,0,1,0,1,0,0,2,0,2,0,0,0,2
03/18/2020,FWS,TX,ASW,CE,Federal Contract Tower,0,2,10,0,12,0,0,39,0,39,0,2,49,0,51,124,0,124,175
03/19/2020,FWS,TX,ASW,CE,Federal Contract Tower,0,0,2,0,2,0,0,11,0,11,0,0,13,0,13,2,0,2,15
03/20/2020,FWS,TX,ASW,CE,Federal Contract Tower,0,0,9,0,9,0,0,19,0,19,0,0,28,0,28,62,0,62,90
03/21/2020,FWS,TX,ASW,CE,Federal Contract Tower,0,0,5,0,5,0,1,64,0,65,0,1,69,0,70,140,0,140,210
03/22/2020,FWS,TX,ASW,CE,Federal Contract Tower,0,0,7,0,7,0,0,0,0,0,0,0,7,0,7,0,0,0,7
03/23/2020,FWS,TX,ASW,CE,Federal Contract Tower,0,0,5,0,5,0,0,0,0,0,0,0,5,0,5,0,0,0,5
03/24/2020,FWS,TX,ASW,CE,Federal Contract Tower,0,0,5,0,5,0,0,54,0,54,0,0,59,0,59,64,0,64,123
03/25/2020,FWS,TX,ASW,CE,Federal Contract Tower,0,0,2,0,2,0,0,82,0,82,0,0,84,0,84,84,0,84,168
03/26/2020,FWS,TX,ASW,CE,Federal Contract Tower,0,0,2,0,2,0,0,79,0,79,0,0,81,0,81,146,0,146,227
03/27/2020,FWS,TX,ASW,CE,Federal Contract Tower,0,0,9,0,9,0,0,20,0,20,0,0,29,0,29,12,0,12,41
03/28/2020,FWS,TX,ASW,CE,Federal Contract Tower,0,2,4,0,6,0,0,27,4,31,0,2,31,4,37,28,0,28,65
03/29/2020,FWS,TX,ASW,CE,Federal Contract Tower,0,0,2,0,2,0,0,59,0,59,0,0,61,0,61,76,0,76,137
03/30/2020,FWS,TX,ASW,CE,Federal Contract Tower,0,0,4,0,4,0,0,2,0,2,0,0,6,0,6,12,0,12,18
03/31/2020,FWS,TX,ASW,CE,Federal Contract Tower,0,0,9,0,9,0,8,57,0,65,0,8,66,0,74,88,0,88,162
04/01/2020,FWS,TX,ASW,CE,Federal Contract Tower,0,0,0,0,0,0,4,50,0,54,0,4,50,0,54,32,0,32,86
04/02/2020,FWS,TX,ASW,CE,Federal Contract Tower,0,0,3,0,3,0,0,7,0,7,0,0,10,0,10,36,0,36,46
04/03/2020,FWS,TX,ASW,CE,Federal Contract Tower,0,0,2,0,2,0,0,1,0,1,0,0,3,0,3,0,0,0,3
04/04/2020,FWS,TX,ASW,CE,Federal Contract Tower,0,0,5,0,5,0,0,0,0,0,0,0,5,0,5,0,0,0,5
04/05/2020,FWS,TX,ASW,CE,Federal Contract Tower,0,0,3,0,3,0,0,8,0,8,0,0,11,0,11,24,0,24,35
04/06/2020,FWS,TX,ASW,CE,Federal Contract Tower,0,0,3,0,3,0,0,13,0,13,0,0,16,0,16,0,0,0,16
04/07/2020,FWS,TX,ASW,CE,Federal Contract Tower,0,0,1,0,1,0,0,41,0,41,0,0,42,0,42,14,0,14,56
04/08/2020,FWS,TX,ASW,CE,Federal Contract Tower,0,0,1,0,1,0,0,60,0,60,0,0,61,0,61,34,0,34,95
04/09/2020,FWS,TX,ASW,CE,Federal Contract Tower,0,2,4,0,6,0,0,58,0,58,0,2,62,0,64,76,0,76,140
04/10/2020,FWS,TX,ASW,CE,Federal Contract Tower,0,0,2,0,2,0,6,81,0,87,0,6,83,0,89,90,0,90,179
04/11/2020,FWS,TX,ASW,CE,Federal Contract Tower,0,2,6,0,8,0,0,13,0,13,0,2,19,0,21,36,0,36,57
04/12/2020,FWS,TX,ASW,CE,Federal Contract Tower,0,0,1,0,1,0,0,20,0,20,0,0,21,0,21,12,0,12,33
04/13/2020,FWS,TX,ASW,CE,Federal Contract Tower,0,0,4,0,4,0,8,35,0,43,0,8,39,0,47,12,0,12,59
04/14/2020,FWS,TX,ASW,CE,Federal Contract Tower,0,0,7,0,7,0,9,59,0,68,0,9,66,0,75,120,0,120,195
04/15/2020,FWS,TX,ASW,CE,Federal Contract Tower,0,0,8,0,8,0,10,127,0,137,0,10,135,0,145,158,0,158,303
04/16/2020,FWS,TX,ASW,CE,Federal Contract Tower,0,0,1,0,1,0,4,62,0,66,0,4,63,0,67,86,0,86,153
04/17/2020,FWS,TX,ASW,CE,Federal Contract Tower,0,0,10,0,10,0,3,21,0,24,0,3,31,0,34,92,0,92,126
04/18/2020,FWS,TX,ASW,CE,Federal Contract Tower,0,0,2,0,2,0,0,62,0,62,0,0,64,0,64,78,0,78,142
04/19/2020,FWS,TX,ASW,CE,Federal Contract Tower,0,0,7,0,7,0,0,32,0,32,0,0,39,0,39,20,0,20,59
04/20/2020,FWS,TX,ASW,CE,Federal Contract Tower,0,0,3,0,3,0,2,52,0,54,0,2,55,0,57,58,0,58,115
04/21/2020,FWS,TX,ASW,CE,Federal Contract Tower,0,0,5,0,5,0,0,73,0,73,0,0,78,0,78,152,0,152,230
04/22/2020,FWS,TX,ASW,CE,Federal Contract Tower,0,0,4,0,4,0,0,7,0,7,0,0,11,0,11,6,0,6,17
04/23/2020,FWS,TX,ASW,CE,Federal Contract Tower,0,2,5,0,7,0,0,120,0,120,0,2,125,0,127,114,0,114,241
04/24/2020,FWS,TX,ASW,CE,Federal Contract Tower,0,0,3,0,3,0,0,51,0,51,0,0,54,0,54,80,0,80,134
04/25/2020,FWS,TX,ASW,CE,Federal Contract Tower,0,0,2,0,2,0,0,63,0,63,0,0,65,0,65,50,0,50,115
04/26/2020,FWS,TX,ASW,CE,Federal Contract Tower,0,0,2,0,2,0,0,103,0,103,0,0,105,0,105,58,0,58,163
04/27/2020,FWS,TX,ASW,CE,Federal Contract Tower,0,0,5,0,5,0,0,30,0,30,0,0,35,0,35,14,0,14,49
04/28/2020,FWS,TX,ASW,CE,Federal Contract Tower,0,0,3,0,3,0,5,35,0,40,0,5,38,0,43,60,0,60,103
04/29/2020,FWS,TX,ASW,CE,Federal Contract Tower,0,0,4,0,4,0,0,62,0,62,0,0,66,0,66,36,0,36,102
04/30/2020,FWS,TX,ASW,CE,Federal Contract Tower,0,0,6,0,6,0,0,168,0,168,0,0,174,0,174,192,0,192,366
05/01/2020,FWS,TX,ASW,CE,Federal Contract Tower,0,0,4,0,4,0,0,52,0,52,0,0,56,0,56,36,0,36,92
05/02/2020,FWS,TX,ASW,CE,Federal Contract Tower,0,2,4,0,6,0,0,26,0,26,0,2,30,0,32,32,0,32,64
05/03/2020,FWS,TX,ASW,CE,Federal Contract Tower,0,4,2,0,6,0,0,42,0,42,0,4,44,0,48,40,0,40,88
05/04/2020,FWS,TX,ASW,CE,Federal Contract Tower,0,1,1,0,2,0,0,52,0,52,0,1,53,0,54,82,0,82,136
05/05/2020,FWS,TX,ASW,CE,Federal Contract Tower,0,2,1,0,3,0,0,58,0,58,0,2,59,0,61,72,0,72,133
05/06/2020,FWS,TX,ASW,CE,Federal Contract Tower,0,0,3,0,3,0,0,129,0,129,0,0,132,0,132,254,0,254,386
05/07/2020,FWS,TX,ASW,CE,Federal Contract Tower,0,0,9,0,9,0,0,63,0,63,0,0,72,0,72,62,0,62,134
05/08/2020,FWS,TX,ASW,CE,Federal Contract Tower,0,0,6,0,6,0,0,18,0,18,0,0,24,0,24,16,0,16,40
05/09/2020,FWS,TX,ASW,CE,Federal Contract Tower,0,2,6,0,8,0,5,126,0,131,0,7,132,0,139,196,0,196,335
05/10/2020,FWS,TX,ASW,CE,Federal Contract Tower,0,0,4,0,4,0,0,77,0,77,0,0,81,0,81,128,0,128,209
05/11/2020,FWS,TX,ASW,CE,Federal Contract Tower,0,0,2,0,2,0,0,125,0,125,0,0,127,0,127,194,0,194,321
05/12/2020,FWS,TX,ASW,CE,Federal Contract Tower,0,2,8,0,10,0,3,16,0,19,0,5,24,0,29,54,0,54,83
05/13/2020,FWS,TX,ASW,CE,Federal Contract Tower,0,3,12,0,15,0,0,53,0,53,0,3,65,0,68,98,0,98,166
05/14/2020,FWS,TX,ASW,CE,Federal Contract Tower,0,1,9,0,10,0,0,74,0,74,0,1,83,0,84,106,0,106,190
05/15/2020,FWS,TX,ASW,CE,Federal Contract Tower,0,0,15,0,15,0,0,33,0,33,0,0,48,0,48,120,0,120,168
05/16/2020,FWS,TX,ASW,CE,Federal Contract Tower,0,0,7,0,7,0,0,0,0,0,0,0,7,0,7,0,0,0,7
05/17/2020,FWS,TX,ASW,CE,Federal Contract Tower,0,1,5,0,6,0,0,55,0,55,0,1,60,0,61,68,0,68,129
05/18/2020,FWS,TX,ASW,CE,Federal Contract Tower,0,1,5,0,6,0,0,129,0,129,0,1,134,0,135,184,0,184,319
05/19/2020,FWS,TX,ASW,CE,Federal Contract Tower,0,1,6,0,7,0,0,126,0,126,0,1,132,0,133,104,0,104,237
05/20/2020,FWS,TX,ASW,CE,Federal Contract Tower,0,2,25,0,27,0,1,22,0,23,0,3,47,0,50,148,0,148,198
05/21/2020,FWS,TX,ASW,CE,Federal Contract Tower,0,0,14,0,14,0,0,47,0,47,0,0,61,0,61,80,0,80,141
05/22/2020,FWS,TX,ASW,CE,Federal Contract Tower,0,1,8,0,9,0,2,80,0,82,0,3,88,0,91,160,0,160,251
05/23/2020,FWS,TX,ASW,CE,Federal Contract Tower,0,0,16,0,16,0,0,74,0,74,0,0,90,0,90,166,0,166,256
05/24/2020,FWS,TX,ASW,CE,Federal Contract Tower,0,1,5,0,6,0,0,10,0,10,0,1,15,0,16,10,0,10,26
05/25/2020,FWS,TX,ASW,CE,Federal Contract Tower,0,2,4,0,6,0,0,1,0,1,0,2,5,0,7,0,0,0,7
05/26/2020,FWS,TX,ASW,CE,Federal Contract Tower,0,0,11,0,11,0,4,73,0,77,0,4,84,0,88,150,0,150,238
05/27/2020,FWS,TX,ASW,CE,Federal Contract Tower,0,2,5,0,7,0,0,91,0,91,0,2,96,0,98,306,0,306,404
05/28/2020,FWS,TX,ASW,CE,Federal Contract Tower,0,3,5,0,8,0,0,103,0,103,0,3,108,0,111,190,0,190,301
05/29/2020,FWS,TX,ASW,CE,Federal Contract Tower,0,0,8,0,8,0,2,127,0,129,0,2,135,0,137,186,0,186,323
05/30/2020,FWS,TX,ASW,CE,Federal Contract Tower,0,0,4,0,4,0,0,129,0,129,0,0,133,0,133,254,0,254,387
05/31/2020,FWS,TX,ASW,CE,Federal Contract Tower,0,1,10,0,11,0,2,65,0,67,0,3,75,0,78,104,0,104,182
06/01/2020,FWS,TX,ASW,CE,Federal Contract Tower,0,0,5,0,5,0,2,103,0,105,0,2,108,0,110,176,0,176,286
06/02/2020,FWS,TX,ASW,CE,Federal Contract Tower,0,2,5,0,7,0,0,99,0,99,0,2,104,0,106,254,0,254,360
06/03/2020,FWS,TX,ASW,CE,Federal Contract Tower,0,0,5,0,5,0,0,125,0,125,0,0,130,0,130,220,0,220,350
06/04/2020,FWS,TX,ASW,CE,Federal Contract Tower,0,4,9,0,13,0,0,105,0,105,0,4,114,0,118,218,0,218,336
06/05/2020,FWS,TX,ASW,CE,Federal Contract Tower,0,2,7,0,9,0,0,92,0,92,0,2,99,0,101,70,0,70,171
06/06/2020,FWS,TX,ASW,CE,Federal Contract Tower,0,2,7,0,9,0,0,98,0,98,0,2,105,0,107,184,0,184,291
06/07/2020,FWS,TX,ASW,CE,Federal Contract Tower,0,1,9,0,10,0,0,55,0,55,0,1,64,0,65,64,0,64,129
06/08/2020,FWS,TX,ASW,CE,Federal Contract Tower,0,2,6,0,8,0,0,72,0,72,0,2,78,0,80,124,0,124,204
06/09/2020,FWS,TX,ASW,CE,Federal Contract Tower,0,1,6,0,7,0,2,30,0,32,0,3,36,0,39,26,0,26,65
06/10/2020,FWS,TX,ASW,CE,Federal Contract Tower,0,2,4,0,6,0,0,87,0,87,0,2,91,0,93,194,0,194,287
06/11/2020,FWS,TX,ASW,CE,Federal Contract Tower,0,1,10,0,11,0,0,79,0,79,0,1,89,0,90,138,0,138,228
06/12/2020,FWS,TX,ASW,CE,Federal Contract Tower,0,2,7,0,9,0,2,136,0,138,0,4,143,0,147,272,0,272,419
06/13/2020,FWS,TX,ASW,CE,Federal Contract Tower,0,2,3,0,5,0,0,98,0,98,0,2,101,0,103,298,0,298,401
06/14/2020,FWS,TX,ASW,CE,Federal Contract Tower,0,0,2,0,2,0,4,67,0,71,0,4,69,0,73,142,0,142,215
06/15/2020,FWS,TX,ASW,CE,Federal Contract Tower,0,0,9,0,9,0,0,93,0,93,0,0,102,0,102,230,0,230,332
06/16/2020,FWS,TX,ASW,CE,Federal Contract Tower,0,0,11,0,11,0,0,134,0,134,0,0,145,0,145,332,0,332,477
06/17/2020,FWS,TX,ASW,CE,Federal Contract Tower,0,0,2,0,2,0,2,115,0,117,0,2,117,0,119,250,0,250,369
06/18/2020,FWS,TX,ASW,CE,Federal Contract Tower,0,0,11,0,11,0,6,109,0,115,0,6,120,0,126,268,0,268,394
06/19/2020,FWS,TX,ASW,CE,Federal Contract Tower,0,2,13,0,15,0,4,67,0,71,0,6,80,0,86,222,0,222,308
06/20/2020,FWS,TX,ASW,CE,Federal Contract Tower,0,0,11,0,11,0,4,79,0,83,0,4,90,0,94,238,0,238,332
06/21/2020,FWS,TX,ASW,CE,Federal Contract Tower,0,2,16,0,18,0,4,11,0,15,0,6,27,0,33,2,0,2,35
06/22/2020,FWS,TX,ASW,CE,Federal Contract Tower,0,2,4,0,6,0,2,77,0,79,0,4,81,0,85,146,0,146,231
06/23/2020,FWS,TX,ASW,CE,Federal Contract Tower,0,2,11,0,13,0,0,12,0,12,0,2,23,0,25,54,0,54,79
06/24/2020,FWS,TX,ASW,CE,Federal Contract Tower,0,5,3,0,8,0,0,131,0,131,0,5,134,0,139,234,0,234,373
06/25/2020,FWS,TX,ASW,CE,Federal Contract Tower,0,2,12,0,14,0,2,82,0,84,0,4,94,0,98,190,0,190,288
06/26/2020,FWS,TX,ASW,CE,Federal Contract Tower,0,1,16,0,17,0,2,51,2,55,0,3,67,2,72,78,2,80,152
06/27/2020,FWS,TX,ASW,CE,Federal Contract Tower,0,0,14,0,14,0,0,36,0,36,0,0,50,0,50,174,0,174,224
06/28/2020,FWS,TX,ASW,CE,Federal Contract Tower,0,1,11,0,12,0,1,24,0,25,0,2,35,0,37,44,0,44,81
06/29/2020,FWS,TX,ASW,CE,Federal Contract Tower,0,2,7,0,9,0,1,37,0,38,0,3,44,0,47,58,0,58,105
06/30/2020,FWS,TX,ASW,CE,Federal Contract Tower,0,0,8,0,8,0,0,54,0,54,0,0,62,0,62,158,0,158,220
07/01/2020,FWS,TX,ASW,CE,Federal Contract Tower,0,1,10,0,11,0,0,75,0,75,0,1,85,0,86,178,0,178,264
07/02/2020,FWS,TX,ASW,CE,Federal Contract Tower,0,2,20,0,22,0,2,94,0,96,0,4,114,0,118,280,0,280,398
07/03/2020,FWS,TX,ASW,CE,Federal Contract Tower,0,1,3,0,4,0,2,100,0,102,0,3,103,0,106,112,0,112,218
07/04/2020,FWS,TX,ASW,CE,Federal Contract Tower,0,4,0,0,4,0,0,44,0,44,0,4,44,0,48,40,0,40,88
07/05/2020,FWS,TX,ASW,CE,Federal Contract Tower,0,0,3,0,3,0,1,36,0,37,0,1,39,0,40,20,0,20,60
07/06/2020,FWS,TX,ASW,CE,Federal Contract Tower,0,1,11,0,12,0,1,30,3,34,0,2,41,3,46,78,0,78,124
07/07/2020,FWS,TX,ASW,CE,Federal Contract Tower,0,2,18,0,20,0,1,29,0,30,0,3,47,0,50,18,0,18,68
07/08/2020,FWS,TX,ASW,CE,Federal Contract Tower,0,4,14,0,18,0,2,104,0,106,0,6,118,0,124,202,0,202,326
07/09/2020,FWS,TX,ASW,CE,Federal Contract Tower,0,3,13,1,17,0,2,90,1,93,0,5,103,2,110,170,0,170,280
07/10/2020,FWS,TX,ASW,CE,Federal Contract Tower,0,1,10,0,11,0,2,112,0,114,0,3,122,0,125,188,0,188,313
07/11/2020,FWS,TX,ASW,CE,Federal Contract Tower,0,4,9,0,13,0,0,86,0,86,0,4,95,0,99,158,0,158,257
07/12/2020,FWS,TX,ASW,CE,Federal Contract Tower,0,1,8,0,9,0,1,28,0,29,0,2,36,0,38,40,0,40,78
07/13/2020,FWS,TX,ASW,CE,Federal Contract Tower,0,1,9,0,10,0,4,77,0,81,0,5,86,0,91,132,0,132,223
07/14/2020,FWS,TX,ASW,CE,Federal Contract Tower,0,4,9,0,13,0,0,76,0,76,0,4,85,0,89,134,0,134,223
07/15/2020,FWS,TX,ASW,CE,Federal Contract Tower,0,1,3,0,4,0,0,78,0,78,0,1,81,0,82,116,0,116,198
07/16/2020,FWS,TX,ASW,CE,Federal Contract Tower,0,1,5,0,6,0,2,89,0,91,0,3,94,0,97,264,0,264,361
07/17/2020,FWS,TX,ASW,CE,Federal Contract Tower,0,2,6,0,8,0,0,92,0,92,0,2,98,0,100,226,0,226,326
07/18/2020,FWS,TX,ASW,CE,Federal Contract Tower,0,2,12,0,14,0,0,80,0,80,0,2,92,0,94,124,0,124,218
07/19/2020,FWS,TX,ASW,CE,Federal Contract Tower,0,2,9,0,11,0,0,78,0,78,0,2,87,0,89,136,0,136,225
07/20/2020,FWS,TX,ASW,CE,Federal Contract Tower,0,0,11,0,11,0,0,82,0,82,0,0,93,0,93,132,0,132,225
07/21/2020,FWS,TX,ASW,CE,Federal Contract Tower,0,0,11,0,11,0,0,61,0,61,0,0,72,0,72,82,0,82,154
07/22/2020,FWS,TX,ASW,CE,Federal Contract Tower,0,1,16,0,17,0,0,79,0,79,0,1,95,0,96,96,0,96,192
07/23/2020,FWS,TX,ASW,CE,Federal Contract Tower,0,1,13,0,14,0,1,118,0,119,0,2,131,0,133,152,0,152,285
07/24/2020,FWS,TX,ASW,CE,Federal Contract Tower,0,0,4,0,4,0,7,111,0,118,0,7,115,0,122,186,0,186,308
07/25/2020,FWS,TX,ASW,CE,Federal Contract Tower,0,1,16,0,17,0,4,48,0,52,0,5,64,0,69,40,0,40,109
07/26/2020,FWS,TX,ASW,CE,Federal Contract Tower,0,2,12,0,14,0,2,36,0,38,0,4,48,0,52,62,0,62,114
07/27/2020,FWS,TX,ASW,CE,Federal Contract Tower,0,2,15,0,17,0,2,62,1,65,0,4,77,1,82,128,0,128,210
07/28/2020,FWS,TX,ASW,CE,Federal Contract Tower,0,4,15,0,19,0,0,32,0,32,0,4,47,0,51,106,0,106,157
07/29/2020,FWS,TX,ASW,CE,Federal Contract Tower,0,3,12,0,15,0,12,107,0,119,0,15,119,0,134,220,0,220,354
07/30/2020,FWS,TX,ASW,CE,Federal Contract Tower,0,4,5,0,9,0,9,93,0,102,0,13,98,0,111,86,0,86,197
07/31/2020,FWS,TX,ASW,CE,Federal Contract Tower,0,5,7,0,12,0,2,92,0,94,0,7,99,0,106,164,0,164,270
08/01/2020,FWS,TX,ASW,CE,Federal Contract Tower,0,0,4,0,4,0,3,68,0,71,0,3,72,0,75,108,0,108,183
08/02/2020,FWS,TX,ASW,CE,Federal Contract Tower,0,4,9,0,13,0,2,70,0,72,0,6,79,0,85,66,0,66,151
08/03/2020,FWS,TX,ASW,CE,Federal Contract Tower,0,3,11,0,14,0,3,72,0,75,0,6,83,0,89,114,0,114,203
08/04/2020,FWS,TX,ASW,CE,Federal Contract Tower,0,2,8,0,10,0,0,91,8,99,0,2,99,8,109,84,0,84,193
08/05/2020,FWS,TX,ASW,CE,Federal Contract Tower,0,1,6,0,7,0,1,95,0,96,0,2,101,0,103,200,0,200,303
08/06/2020,FWS,TX,ASW,CE,Federal Contract Tower,0,6,11,0,17,0,5,101,0,106,0,11,112,0,123,158,0,158,281
08/07/2020,FWS,TX,ASW,CE,Federal Contract Tower,0,0,3,0,3,0,3,91,4,98,0,3,94,4,101,140,4,144,245
08/08/2020,FWS,TX,ASW,CE,Federal Contract Tower,0,0,11,0,11,0,0,106,0,106,0,0,117,0,117,174,0,174,291
08/09/2020,FWS,TX,ASW,CE,Federal Contract Tower,0,3,8,0,11,0,0,61,0,61,0,3,69,0,72,70,0,70,142
08/10/2020,FWS,TX,ASW,CE,Federal Contract Tower,0,3,4,0,7,0,6,68,0,74,0,9,72,0,81,180,0,180,261
08/11/2020,FWS,TX,ASW,CE,Federal Contract Tower,0,5,16,0,21,0,1,106,0,107,0,6,122,0,128,94,0,94,222
08/12/2020,FWS,TX,ASW,CE,Federal Contract Tower,0,0,10,0,10,0,2,84,0,86,0,2,94,0,96,218,0,218,314
08/13/2020,FWS,TX,ASW,CE,Federal Contract Tower,0,1,8,0,9,0,2,73,0,75,0,3,81,0,84,56,0,56,140
08/14/2020,FWS,TX,ASW,CE,Federal Contract Tower,0,0,10,0,10,0,2,86,0,88,0,2,96,0,98,88,0,88,186
08/15/2020,FWS,TX,ASW,CE,Federal Contract Tower,0,2,10,0,12,0,0,81,0,81,0,2,91,0,93,174,0,174,267
08/16/2020,FWS,TX,ASW,CE,Federal Contract Tower,0,3,7,0,10,0,1,41,0,42,0,4,48,0,52,70,0,70,122
08/17/2020,FWS,TX,ASW,CE,Federal Contract Tower,0,0,2,0,2,0,0,73,0,73,0,0,75,0,75,142,0,142,217
08/18/2020,FWS,TX,ASW,CE,Federal Contract Tower,0,2,7,0,9,0,1,89,2,92,0,3,96,2,101,140,0,140,241
08/19/2020,FWS,TX,ASW,CE,Federal Contract Tower,0,0,12,0,12,0,2,108,0,110,0,2,120,0,122,168,0,168,290
08/20/2020,FWS,TX,ASW,CE,Federal Contract Tower,0,1,14,0,15,0,4,82,0,86,0,5,96,0,101,128,0,128,229
08/21/2020,FWS,TX,ASW,CE,Federal Contract Tower,0,1,17,0,18,0,1,99,0,100,0,2,116,0,118,298,0,298,416
08/22/2020,FWS,TX,ASW,CE,Federal Contract Tower,0,0,4,0,4,0,0,92,0,92,0,0,96,0,96,186,0,186,282
08/23/2020,FWS,TX,ASW,CE,Federal Contract Tower,0,3,6,0,9,0,0,39,0,39,0,3,45,0,48,94,0,94,142
08/24/2020,FWS,TX,ASW,CE,Federal Contract Tower,0,2,5,0,7,0,0,89,0,89,0,2,94,0,96,130,0,130,226
08/25/2020,FWS,TX,ASW,CE,Federal Contract Tower,0,1,9,0,10,0,1,89,0,90,0,2,98,0,100,230,0,230,330
08/26/2020,FWS,TX,ASW,CE,Federal Contract Tower,0,1,8,0,9,0,0,59,0,59,0,1,67,0,68,138,0,138,206
08/27/2020,FWS,TX,ASW,CE,Federal Contract Tower,0,3,5,0,8,0,10,92,0,102,0,13,97,0,110,220,0,220,330
08/28/2020,FWS,TX,ASW,CE,Federal Contract Tower,0,0,4,0,4,0,9,90,0,99,0,9,94,0,103,116,0,116,219
08/29/2020,FWS,TX,ASW,CE,Federal Contract Tower,0,0,8,0,8,0,0,78,0,78,0,0,86,0,86,106,0,106,192
08/30/2020,FWS,TX,ASW,CE,Federal Contract Tower,0,0,4,0,4,0,0,26,0,26,0,0,30,0,30,22,0,22,52
08/31/2020,FWS,TX,ASW,CE,Federal Contract Tower,0,2,12,0,14,0,9,77,0,86,0,11,89,0,100,160,0,160,260
09/01/2020,FWS,TX,ASW,CE,Federal Contract Tower,0,0,20,0,20,0,0,30,0,30,0,0,50,0,50,50,0,50,100
09/02/2020,FWS,TX,ASW,CE,Federal Contract Tower,0,1,12,0,13,0,0,6,0,6,0,1,18,0,19,2,0,2,21
09/03/2020,FWS,TX,ASW,CE,Federal Contract Tower,0,3,29,0,32,0,1,18,0,19,0,4,47,0,51,46,0,46,97
09/04/2020,FWS,TX,ASW,CE,Federal Contract Tower,0,6,23,0,29,0,17,49,0,66,0,23,72,0,95,180,0,180,275
09/05/2020,FWS,TX,ASW,CE,Federal Contract Tower,0,0,8,0,8,0,2,66,0,68,0,2,74,0,76,172,0,172,248
09/06/2020,FWS,TX,ASW,CE,Federal Contract Tower,0,0,4,0,4,0,0,54,0,54,0,0,58,0,58,94,0,94,152
09/07/2020,FWS,TX,ASW,CE,Federal Contract Tower,0,1,10,0,11,0,5,129,0,134,0,6,139,0,145,102,0,102,247
09/08/2020,FWS,TX,ASW,CE,Federal Contract Tower,0,1,8,0,9,0,0,101,0,101,0,1,109,0,110,114,0,114,224
09/09/2020,FWS,TX,ASW,CE,Federal Contract Tower,0,0,7,0,7,0,0,10,0,10,0,0,17,0,17,10,0,10,27
09/10/2020,FWS,TX,ASW,CE,Federal Contract Tower,0,3,27,0,30,0,0,11,0,11,0,3,38,0,41,38,0,38,79
09/11/2020,FWS,TX,ASW,CE,Federal Contract Tower,0,1,27,0,28,0,8,81,0,89,0,9,108,0,117,222,0,222,339
09/12/2020,FWS,TX,ASW,CE,Federal Contract Tower,0,1,3,0,4,0,0,168,0,168,0,1,171,0,172,194,0,194,366
09/13/2020,FWS,TX,ASW,CE,Federal Contract Tower,0,0,8,0,8,0,1,79,0,80,0,1,87,0,88,180,0,180,268
09/14/2020,FWS,TX,ASW,CE,Federal Contract Tower,0,0,3,0,3,0,2,94,0,96,0,2,97,0,99,156,0,156,255
09/15/2020,FWS,TX,ASW,CE,Federal Contract Tower,0,0,35,0,35,0,2,97,0,99,0,2,132,0,134,300,0,300,434
09/16/2020,FWS,TX,ASW,CE,Federal Contract Tower,0,1,7,0,8,0,9,93,0,102,0,10,100,0,110,188,0,188,298
09/17/2020,FWS,TX,ASW,CE,Federal Contract Tower,0,2,8,0,10,0,5,77,0,82,0,7,85,0,92,124,0,124,216
09/18/2020,FWS,TX,ASW,CE,Federal Contract Tower,0,1,7,0,8,0,13,135,0,148,0,14,142,0,156,214,0,214,370
09/19/2020,FWS,TX,ASW,CE,Federal Contract Tower,0,0,8,0,8,0,1,79,0,80,0,1,87,0,88,230,0,230,318
09/20/2020,FWS,TX,ASW,CE,Federal Contract Tower,0,3,13,0,16,0,0,75,0,75,0,3,88,0,91,176,0,176,267
09/21/2020,FWS,TX,ASW,CE,Federal Contract Tower,0,1,14,0,15,0,2,47,0,49,0,3,61,0,64,68,0,68,132
09/22/2020,FWS,TX,ASW,CE,Federal Contract Tower,0,2,18,0,20,0,0,0,0,0,0,2,18,0,20,0,0,0,20
09/23/2020,FWS,TX,ASW,CE,Federal Contract Tower,0,5,21,0,26,0,0,22,0,22,0,5,43,0,48,82,0,82,130
09/24/2020,FWS,TX,ASW,CE,Federal Contract Tower,0,1,24,0,25,0,2,84,0,86,0,3,108,0,111,304,0,304,415
09/25/2020,FWS,TX,ASW,CE,Federal Contract Tower,0,2,29,0,31,0,1,96,0,97,0,3,125,0,128,200,0,200,328
09/26/2020,FWS,TX,ASW,CE,Federal Contract Tower,0,0,4,0,4,0,1,132,0,133,0,1,136,0,137,124,0,124,261
09/27/2020,FWS,TX,ASW,CE,Federal Contract Tower,0,1,5,0,6,0,2,20,0,22,0,3,25,0,28,20,0,20,48
09/28/2020,FWS,TX,ASW,CE,Federal Contract Tower,0,0,7,0,7,0,0,76,0,76,0,0,83,0,83,108,0,108,191
09/29/2020,FWS,TX,ASW,CE,Federal Contract Tower,0,0,8,0,8,0,3,121,0,124,0,3,129,0,132,190,0,190,322
09/30/2020,FWS,TX,ASW,CE,Federal Contract Tower,0,3,7,0,10,0,0,89,0,89,0,3,96,0,99,124,0,124,223
10/01/2020,FWS,TX,ASW,CE,Federal Contract Tower,0,1,5,0,6,0,6,106,4,116,0,7,111,4,122,184,4,188,310
10/02/2020,FWS,TX,ASW,CE,Federal Contract Tower,0,2,8,0,10,0,2,109,0,111,0,4,117,0,121,240,0,240,361
10/03/2020,FWS,TX,ASW,CE,Federal Contract Tower,0,4,5,0,9,0,3,100,0,103,0,7,105,0,112,136,0,136,248
10/04/2020,FWS,TX,ASW,CE,Federal Contract Tower,0,0,10,0,10,0,2,66,0,68,0,2,76,0,78,50,0,50,128
10/05/2020,FWS,TX,ASW,CE,Federal Contract Tower,0,0,3,0,3,0,1,91,0,92,0,1,94,0,95,182,0,182,277
10/06/2020,FWS,TX,ASW,CE,Federal Contract Tower,0,2,10,0,12,0,4,122,0,126,0,6,132,0,138,190,0,190,328
10/07/2020,FWS,TX,ASW,CE,Federal Contract Tower,0,5,16,0,21,0,5,118,0,123,0,10,134,0,144,208,2,210,354
10/08/2020,FWS,TX,ASW,CE,Federal Contract Tower,0,6,13,0,19,0,0,123,0,123,0,6,136,0,142,134,0,134,276
10/09/2020,FWS,TX,ASW,CE,Federal Contract Tower,0,4,21,0,25,0,0,53,0,53,0,4,74,0,78,178,0,178,256
10/10/2020,FWS,TX,ASW,CE,Federal Contract Tower,0,2,7,0,9,0,0,70,0,70,0,2,77,0,79,130,0,130,209
10/11/2020,FWS,TX,ASW,CE,Federal Contract Tower,0,1,7,0,8,0,0,63,0,63,0,1,70,0,71,122,0,122,193
10/12/2020,FWS,TX,ASW,CE,Federal Contract Tower,0,0,7,0,7,0,0,53,0,53,0,0,60,0,60,44,0,44,104
10/13/2020,FWS,TX,ASW,CE,Federal Contract Tower,0,2,2,0,4,0,4,119,0,123,0,6,121,0,127,224,0,224,351
10/14/2020,FWS,TX,ASW,CE,Federal Contract Tower,0,0,7,0,7,0,5,102,0,107,0,5,109,0,114,134,0,134,248
10/15/2020,FWS,TX,ASW,CE,Federal Contract Tower,0,6,14,0,20,0,2,44,0,46,0,8,58,0,66,86,0,86,152
10/16/2020,FWS,TX,ASW,CE,Federal Contract Tower,0,1,14,0,15,0,0,122,0,122,0,1,136,0,137,156,0,156,293
10/17/2020,FWS,TX,ASW,CE,Federal Contract Tower,0,0,8,0,8,0,3,54,0,57,0,3,62,0,65,130,0,130,195
10/18/2020,FWS,TX,ASW,CE,Federal Contract Tower,0,0,13,0,13,0,0,41,0,41,0,0,54,0,54,26,0,26,80
10/19/2020,FWS,TX,ASW,CE,Federal Contract Tower,0,4,17,0,21,0,0,19,2,21,0,4,36,2,42,76,2,78,120
10/20/2020,FWS,TX,ASW,CE,Federal Contract Tower,0,2,15,0,17,0,13,93,0,106,0,15,108,0,123,182,0,182,305
10/21/2020,FWS,TX,ASW,CE,Federal Contract Tower,0,1,21,0,22,0,16,52,0,68,0,17,73,0,90,164,0,164,254
10/22/2020,FWS,TX,ASW,CE,Federal Contract Tower,0,3,7,0,10,0,0,60,0,60,0,3,67,0,70,30,0,30,100
10/23/2020,FWS,TX,ASW,CE,Federal Contract Tower,0,0,17,0,17,0,0,0,0,0,0,0,17,0,17,0,0,0,17
10/24/2020,FWS,TX,ASW,CE,Federal Contract Tower,0,0,10,0,10,0,1,106,0,107,0,1,116,0,117,166,0,166,283
10/25/2020,FWS,TX,ASW,CE,Federal Contract Tower,0,1,10,0,11,0,0,0,0,0,0,1,10,0,11,0,0,0,11
10/26/2020,FWS,TX,ASW,CE,Federal Contract Tower,0,1,7,0,8,0,0,0,0,0,0,1,7,0,8,0,0,0,8
10/27/2020,FWS,TX,ASW,CE,Federal Contract Tower,0,3,6,0,9,0,0,0,0,0,0,3,6,0,9,0,0,0,9
10/28/2020,FWS,TX,ASW,CE,Federal Contract Tower,0,2,4,0,6,0,0,0,0,0,0,2,4,0,6,0,0,0,6
10/29/2020,FWS,TX,ASW,CE,Federal Contract Tower,0,3,19,0,22,0,6,28,6,40,0,9,47,6,62,38,0,38,100
10/30/2020,FWS,TX,ASW,CE,Federal Contract Tower,0,1,15,0,16,0,2,188,0,190,0,3,203,0,206,268,0,268,474
10/31/2020,FWS,TX,ASW,CE,Federal Contract Tower,0,0,2,0,2,0,12,116,0,128,0,12,118,0,130,208,0,208,338
11/01/2020,FWS,TX,ASW,CE,Federal Contract Tower,0,1,5,0,6,0,0,71,0,71,0,1,76,0,77,76,0,76,153
11/02/2020,FWS,TX,ASW,CE,Federal Contract Tower,0,1,4,0,5,0,3,127,0,130,0,4,131,0,135,204,0,204,339
11/03/2020,FWS,TX,ASW,CE,Federal Contract Tower,0,1,12,0,13,0,5,135,0,140,0,6,147,0,153,254,0,254,407
11/04/2020,FWS,TX,ASW,CE,Federal Contract Tower,0,3,7,0,10,0,1,94,0,95,0,4,101,0,105,156,0,156,261
11/05/2020,FWS,TX,ASW,CE,Federal Contract Tower,0,2,6,0,8,0,2,78,0,80,0,4,84,0,88,134,0,134,222
11/06/2020,FWS,TX,ASW,CE,Federal Contract Tower,0,2,14,0,16,0,0,57,0,57,0,2,71,0,73,160,0,160,233
11/07/2020,FWS,TX,ASW,CE,Federal Contract Tower,0,2,2,0,4,0,0,103,0,103,0,2,105,0,107,238,0,238,345
11/08/2020,FWS,TX,ASW,CE,Federal Contract Tower,0,0,4,0,4,0,0,37,0,37,0,0,41,0,41,58,0,58,99
11/09/2020,FWS,TX,ASW,CE,Federal Contract Tower,0,0,13,0,13,0,2,25,0,27,0,2,38,0,40,18,0,18,58
11/10/2020,FWS,TX,ASW,CE,Federal Contract Tower,0,2,16,0,18,0,0,107,0,107,0,2,123,0,125,286,0,286,411
11/11/2020,FWS,TX,ASW,CE,Federal Contract Tower,0,1,4,0,5,0,0,115,0,115,0,1,119,0,120,266,0,266,386
11/12/2020,FWS,TX,ASW,CE,Federal Contract Tower,0,1,19,0,20,0,2,76,0,78,0,3,95,0,98,118,0,118,216
11/13/2020,FWS,TX,ASW,CE,Federal Contract Tower,0,2,19,0,21,0,11,96,0,107,0,13,115,0,128,250,0,250,378
11/14/2020,FWS,TX,ASW,CE,Federal Contract Tower,0,2,6,0,8,0,0,23,0,23,0,2,29,0,31,46,0,46,77
11/15/2020,FWS,TX,ASW,CE,Federal Contract Tower,0,1,9,0,10,0,0,72,0,72,0,1,81,0,82,160,0,160,242
11/16/2020,FWS,TX,ASW,CE,Federal Contract Tower,0,0,3,0,3,0,3,90,0,93,0,3,93,0,96,154,0,154,250
11/17/2020,FWS,TX,ASW,CE,Federal Contract Tower,0,0,13,0,13,0,2,148,0,150,0,2,161,0,163,204,0,204,367
11/18/2020,FWS,TX,ASW,CE,Federal Contract Tower,0,0,2,0,2,0,0,102,0,102,0,0,104,0,104,102,0,102,206
11/19/2020,FWS,TX,ASW,CE,Federal Contract Tower,0,0,16,0,16,0,1,54,0,55,0,1,70,0,71,124,0,124,195
11/20/2020,FWS,TX,ASW,CE,Federal Contract Tower,0,0,12,0,12,0,2,63,0,65,0,2,75,0,77,156,0,156,233
11/21/2020,FWS,TX,ASW,CE,Federal Contract Tower,0,0,14,0,14,0,0,59,0,59,0,0,73,0,73,94,0,94,167
11/22/2020,FWS,TX,ASW,CE,Federal Contract Tower,0,0,8,0,8,0,0,17,0,17,0,0,25,0,25,54,0,54,79
11/23/2020,FWS,TX,ASW,CE,Federal Contract Tower,0,4,27,0,31,0,0,19,0,19,0,4,46,0,50,46,0,46,96
11/24/2020,FWS,TX,ASW,CE,Federal Contract Tower,0,3,17,0,20,0,2,7,0,9,0,5,24,0,29,0,0,0,29
11/25/2020,FWS,TX,ASW,CE,Federal Contract Tower,0,0,6,0,6,0,0,121,0,121,0,0,127,0,127,126,0,126,253
11/26/2020,FWS,TX,ASW,CE,Federal Contract Tower,0,0,5,0,5,0,0,49,0,49,0,0,54,0,54,20,0,20,74
11/27/2020,FWS,TX,ASW,CE,Federal Contract Tower,0,0,10,0,10,0,0,40,0,40,0,0,50,0,50,84,0,84,134
11/28/2020,FWS,TX,ASW,CE,Federal Contract Tower,0,0,8,0,8,0,0,8,0,8,0,0,16,0,16,50,0,50,66
11/29/2020,FWS,TX,ASW,CE,Federal Contract Tower,0,0,16,0,16,0,0,19,0,19,0,0,35,0,35,36,0,36,71
11/30/2020,FWS,TX,ASW,CE,Federal Contract Tower,0,0,3,0,3,0,0,83,0,83,0,0,86,0,86,160,0,160,246
12/01/2020,FWS,TX,ASW,CE,Federal Contract Tower,0,0,6,0,6,0,2,102,0,104,0,2,108,0,110,138,0,138,248
12/02/2020,FWS,TX,ASW,CE,Federal Contract Tower,0,0,7,0,7,0,0,57,0,57,0,0,64,0,64,98,0,98,162
12/03/2020,FWS,TX,ASW,CE,Federal Contract Tower,0,0,10,0,10,0,6,29,0,35,0,6,39,0,45,46,0,46,91
12/04/2020,FWS,TX,ASW,CE,Federal Contract Tower,0,0,4,0,4,0,1,108,0,109,0,1,112,0,113,124,0,124,237
12/05/2020,FWS,TX,ASW,CE,Federal Contract Tower,0,2,6,0,8,0,0,93,0,93,0,2,99,0,101,138,0,138,239
12/06/2020,FWS,TX,ASW,CE,Federal Contract Tower,0,2,0,0,2,0,3,50,0,53,0,5,50,0,55,72,0,72,127
12/07/2020,FWS,TX,ASW,CE,Federal Contract Tower,0,0,2,0,2,0,0,105,0,105,0,0,107,0,107,228,0,228,335
12/08/2020,FWS,TX,ASW,CE,Federal Contract Tower,0,0,4,0,4,0,1,109,0,110,0,1,113,0,114,228,0,228,342
12/09/2020,FWS,TX,ASW,CE,Federal Contract Tower,0,0,10,0,10,0,0,107,4,111,0,0,117,4,121,262,0,262,383
12/10/2020,FWS,TX,ASW,CE,Federal Contract Tower,0,1,2,0,3,0,0,77,0,77,0,1,79,0,80,144,0,144,224
12/11/2020,FWS,TX,ASW,CE,Federal Contract Tower,0,0,8,0,8,0,0,26,0,26,0,0,34,0,34,52,0,52,86
12/12/2020,FWS,TX,ASW,CE,Federal Contract Tower,0,0,8,0,8,0,1,127,0,128,0,1,135,0,136,328,0,328,464
12/13/2020,FWS,TX,ASW,CE,Federal Contract Tower,0,1,7,0,8,0,0,1,0,1,0,1,8,0,9,0,0,0,9
12/14/2020,FWS,TX,ASW,CE,Federal Contract Tower,0,1,11,0,12,0,6,85,0,91,0,7,96,0,103,202,0,202,305
12/15/2020,FWS,TX,ASW,CE,Federal Contract Tower,0,2,4,0,6,0,0,0,0,0,0,2,4,0,6,0,0,0,6
12/16/2020,FWS,TX,ASW,CE,Federal Contract Tower,0,2,11,0,13,0,9,79,0,88,0,11,90,0,101,176,0,176,277
12/17/2020,FWS,TX,ASW,CE,Federal Contract Tower,0,0,11,0,11,0,2,132,0,134,0,2,143,0,145,318,0,318,463
12/18/2020,FWS,TX,ASW,CE,Federal Contract Tower,0,0,9,0,9,0,2,97,0,99,0,2,106,0,108,108,0,108,216
12/19/2020,FWS,TX,ASW,CE,Federal Contract Tower,0,0,6,0,6,0,0,56,0,56,0,0,62,0,62,30,0,30,92
12/20/2020,FWS,TX,ASW,CE,Federal Contract Tower,0,0,1,0,1,0,0,109,0,109,0,0,110,0,110,140,0,140,250
12/21/2020,FWS,TX,ASW,CE,Federal Contract Tower,0,0,6,0,6,0,0,102,0,102,0,0,108,0,108,190,0,190,298
12/22/2020,FWS,TX,ASW,CE,Federal Contract Tower,0,0,3,0,3,0,0,73,0,73,0,0,76,0,76,56,0,56,132
12/23/2020,FWS,TX,ASW,CE,Federal Contract Tower,0,0,4,0,4,0,0,30,0,30,0,0,34,0,34,2,0,2,36
12/24/2020,FWS,TX,ASW,CE,Federal Contract Tower,0,0,2,0,2,0,2,29,0,31,0,2,31,0,33,12,0,12,45
12/25/2020,FWS,TX,ASW,CE,Federal Contract Tower,0,0,0,0,0,0,2,28,0,30,0,2,28,0,30,44,0,44,74
12/26/2020,FWS,TX,ASW,CE,Federal Contract Tower,0,0,10,0,10,0,2,52,0,54,0,2,62,0,64,42,0,42,106
12/27/2020,FWS,TX,ASW,CE,Federal Contract Tower,0,3,7,0,10,0,2,43,0,45,0,5,50,0,55,62,0,62,117
12/28/2020,FWS,TX,ASW,CE,Federal Contract Tower,0,0,16,0,16,0,0,37,0,37,0,0,53,0,53,106,0,106,159
12/29/2020,FWS,TX,ASW,CE,Federal Contract Tower,0,0,17,0,17,0,0,4,0,4,0,0,21,0,21,0,0,0,21
12/30/2020,FWS,TX,ASW,CE,Federal Contract Tower,0,0,2,0,2,0,0,1,0,1,0,0,3,0,3,0,0,0,3
12/31/2020,FWS,TX,ASW,CE,Federal Contract Tower,0,0,1,0,1,0,0,0,0,0,0,0,1,0,1,0,0,0,1
01/01/2021,FWS,TX,ASW,CE,Federal Contract Tower,0,1,3,0,4,0,0,4,0,4,0,1,7,0,8,0,0,0,8
01/02/2021,FWS,TX,ASW,CE,Federal Contract Tower,0,0,4,0,4,0,4,69,0,73,0,4,73,0,77,78,0,78,155
01/03/2021,FWS,TX,ASW,CE,Federal Contract Tower,0,1,10,0,11,0,0,27,0,27,0,1,37,0,38,26,0,26,64
01/04/2021,FWS,TX,ASW,CE,Federal Contract Tower,0,3,2,0,5,0,0,93,0,93,0,3,95,0,98,164,0,164,262
01/05/2021,FWS,TX,ASW,CE,Federal Contract Tower,0,0,11,0,11,0,0,102,0,102,0,0,113,0,113,162,0,162,275
01/06/2021,FWS,TX,ASW,CE,Federal Contract Tower,0,0,4,0,4,0,0,10,0,10,0,0,14,0,14,20,0,20,34
01/07/2021,FWS,TX,ASW,CE,Federal Contract Tower,0,1,4,0,5,0,2,49,0,51,0,3,53,0,56,144,0,144,200
01/08/2021,FWS,TX,ASW,CE,Federal Contract Tower,0,0,8,0,8,0,2,67,0,69,0,2,75,0,77,278,0,278,355
01/09/2021,FWS,TX,ASW,CE,Federal Contract Tower,0,1,6,0,7,0,0,123,0,123,0,1,129,0,130,196,0,196,326
01/10/2021,FWS,TX,ASW,CE,Federal Contract Tower,0,0,2,0,2,0,0,0,0,0,0,0,2,0,2,0,0,0,2
01/11/2021,FWS,TX,ASW,CE,Federal Contract Tower,0,0,5,0,5,0,0,70,0,70,0,0,75,0,75,150,0,150,225
01/12/2021,FWS,TX,ASW,CE,Federal Contract Tower,0,0,4,0,4,0,0,93,0,93,0,0,97,0,97,134,0,134,231
01/13/2021,FWS,TX,ASW,CE,Federal Contract Tower,0,2,3,0,5,0,1,95,0,96,0,3,98,0,101,190,0,190,291
01/14/2021,FWS,TX,ASW,CE,Federal Contract Tower,0,0,6,0,6,0,4,35,0,39,0,4,41,0,45,56,0,56,101
01/15/2021,FWS,TX,ASW,CE,Federal Contract Tower,0,1,5,0,6,0,1,12,0,13,0,2,17,0,19,4,0,4,23
01/16/2021,FWS,TX,ASW,CE,Federal Contract Tower,0,3,3,0,6,0,0,149,0,149,0,3,152,0,155,312,0,312,467
01/17/2021,FWS,TX,ASW,CE,Federal Contract Tower,0,0,3,0,3,0,0,73,0,73,0,0,76,0,76,90,0,90,166
01/18/2021,FWS,TX,ASW,CE,Federal Contract Tower,0,1,11,0,12,0,4,69,0,73,0,5,80,0,85,184,0,184,269
01/19/2021,FWS,TX,ASW,CE,Federal Contract Tower,0,0,7,0,7,0,0,46,0,46,0,0,53,0,53,158,0,158,211
01/20/2021,FWS,TX,ASW,CE,Federal Contract Tower,0,2,9,0,11,0,0,10,0,10,0,2,19,0,21,38,0,38,59
01/21/2021,FWS,TX,ASW,CE,Federal Contract Tower,0,1,3,0,4,0,0,40,0,40,0,1,43,0,44,142,0,142,186
01/22/2021,FWS,TX,ASW,CE,Federal Contract Tower,0,2,41,0,43,0,0,3,0,3,0,2,44,0,46,0,0,0,46
01/23/2021,FWS,TX,ASW,CE,Federal Contract Tower,0,0,11,0,11,0,0,0,0,0,0,0,11,0,11,0,0,0,11
01/24/2021,FWS,TX,ASW,CE,Federal Contract Tower,0,0,3,0,3,0,0,0,0,0,0,0,3,0,3,0,0,0,3
01/25/2021,FWS,TX,ASW,CE,Federal Contract Tower,0,1,6,0,7,0,17,62,0,79,0,18,68,0,86,146,0,146,232
01/26/2021,FWS,TX,ASW,CE,Federal Contract Tower,0,0,8,0,8,0,1,127,0,128,0,1,135,0,136,302,0,302,438
01/27/2021,FWS,TX,ASW,CE,Federal Contract Tower,0,1,10,0,11,0,0,104,0,104,0,1,114,0,115,128,0,128,243
01/28/2021,FWS,TX,ASW,CE,Federal Contract Tower,0,0,1,0,1,0,1,104,0,105,0,1,105,0,106,218,0,218,324
01/29/2021,FWS,TX,ASW,CE,Federal Contract Tower,0,0,6,0,6,0,0,92,0,92,0,0,98,0,98,158,0,158,256
01/30/2021,FWS,TX,ASW,CE,Federal Contract Tower,0,0,3,0,3,0,0,9,0,9,0,0,12,0,12,22,0,22,34
01/31/2021,FWS,TX,ASW,CE,Federal Contract Tower,0,0,0,0,0,0,0,25,0,25,0,0,25,0,25,16,0,16,41
02/01/2021,FWS,TX,ASW,CE,Federal Contract Tower,0,4,6,0,10,0,4,112,0,116,0,8,118,0,126,234,0,234,360
02/02/2021,FWS,TX,ASW,CE,Federal Contract Tower,0,1,13,0,14,0,2,106,0,108,0,3,119,0,122,120,0,120,242
02/03/2021,FWS,TX,ASW,CE,Federal Contract Tower,0,2,5,0,7,0,0,91,0,91,0,2,96,0,98,164,0,164,262
02/04/2021,FWS,TX,ASW,CE,Federal Contract Tower,0,1,11,0,12,0,10,53,0,63,0,11,64,0,75,122,0,122,197
02/05/2021,FWS,TX,ASW,CE,Federal Contract Tower,0,1,3,0,4,0,1,109,0,110,0,2,112,0,114,256,0,256,370
02/06/2021,FWS,TX,ASW,CE,Federal Contract Tower,0,1,7,0,8,0,0,46,0,46,0,1,53,0,54,68,0,68,122
02/07/2021,FWS,TX,ASW,CE,Federal Contract Tower,0,1,8,0,9,0,0,43,0,43,0,1,51,0,52,66,0,66,118
02/08/2021,FWS,TX,ASW,CE,Federal Contract Tower,0,3,12,0,15,0,0,18,0,18,0,3,30,0,33,60,0,60,93
02/09/2021,FWS,TX,ASW,CE,Federal Contract Tower,0,2,4,0,6,0,5,3,0,8,0,7,7,0,14,8,0,8,22
02/10/2021,FWS,TX,ASW,CE,Federal Contract Tower,0,0,4,0,4,0,0,0,0,0,0,0,4,0,4,0,0,0,4
02/11/2021,FWS,TX,ASW,CE,Federal Contract Tower,0,1,1,0,2,0,0,4,0,4,0,1,5,0,6,0,0,0,6
02/12/2021,FWS,TX,ASW,CE,Federal Contract Tower,0,0,7,0,7,0,0,14,0,14,0,0,21,0,21,24,0,24,45
02/13/2021,FWS,TX,ASW,CE,Federal Contract Tower,0,0,2,0,2,0,0,0,0,0,0,0,2,0,2,0,0,0,2
02/14/2021,FWS,TX,ASW,CE,Federal Contract Tower,0,0,0,0,0,0,0,0,0,0,0,0,0,0,0,0,0,0,0
02/15/2021,FWS,TX,ASW,CE,Federal Contract Tower,0,0,2,0,2,0,0,6,0,6,0,0,8,0,8,0,0,0,8
02/16/2021,FWS,TX,ASW,CE,Federal Contract Tower,0,0,6,0,6,0,2,6,0,8,0,2,12,0,14,0,0,0,14
02/18/2021,FWS,TX,ASW,CE,Federal Contract Tower,0,0,3,0,3,0,2,4,0,6,0,2,7,0,9,0,0,0,9
02/19/2021,FWS,TX,ASW,CE,Federal Contract Tower,0,0,6,0,6,0,0,33,0,33,0,0,39,0,39,60,0,60,99
02/20/2021,FWS,TX,ASW,CE,Federal Contract Tower,0,1,3,0,4,0,1,70,0,71,0,2,73,0,75,118,0,118,193
02/21/2021,FWS,TX,ASW,CE,Federal Contract Tower,0,0,9,0,9,0,0,17,0,17,0,0,26,0,26,0,0,0,26
02/22/2021,FWS,TX,ASW,CE,Federal Contract Tower,0,0,1,0,1,0,9,120,0,129,0,9,121,0,130,178,0,178,308
02/23/2021,FWS,TX,ASW,CE,Federal Contract Tower,0,1,7,0,8,0,1,95,0,96,0,2,102,0,104,146,0,146,250
02/24/2021,FWS,TX,ASW,CE,Federal Contract Tower,0,1,5,0,6,0,5,124,0,129,0,6,129,0,135,202,0,202,337
02/25/2021,FWS,TX,ASW,CE,Federal Contract Tower,0,1,13,0,14,0,9,62,0,71,0,10,75,0,85,158,0,158,243
02/26/2021,FWS,TX,ASW,CE,Federal Contract Tower,0,6,28,0,34,0,4,19,0,23,0,10,47,0,57,52,0,52,109
02/27/2021,FWS,TX,ASW,CE,Federal Contract Tower,0,1,9,0,10,0,0,1,0,1,0,1,10,0,11,0,0,0,11
02/28/2021,FWS,TX,ASW,CE,Federal Contract Tower,0,4,15,0,19,0,3,4,0,7,0,7,19,0,26,0,0,0,26
03/01/2021,FWS,TX,ASW,CE,Federal Contract Tower,0,0,5,0,5,0,6,67,0,73,0,6,72,0,78,84,0,84,162
03/02/2021,FWS,TX,ASW,CE,Federal Contract Tower,0,0,3,0,3,0,0,145,0,145,0,0,148,0,148,184,0,184,332
03/03/2021,FWS,TX,ASW,CE,Federal Contract Tower,0,2,8,0,10,0,1,126,4,131,0,3,134,4,141,150,0,150,291
03/04/2021,FWS,TX,ASW,CE,Federal Contract Tower,0,1,4,0,5,0,1,86,0,87,0,2,90,0,92,102,0,102,194
03/05/2021,FWS,TX,ASW,CE,Federal Contract Tower,0,2,6,0,8,0,0,78,0,78,0,2,84,0,86,196,0,196,282
03/06/2021,FWS,TX,ASW,CE,Federal Contract Tower,0,0,6,0,6,0,0,105,0,105,0,0,111,0,111,128,0,128,239
03/07/2021,FWS,TX,ASW,CE,Federal Contract Tower,0,0,4,0,4,0,2,93,0,95,0,2,97,0,99,174,0,174,273
03/08/2021,FWS,TX,ASW,CE,Federal Contract Tower,0,1,5,0,6,0,2,91,0,93,0,3,96,0,99,220,0,220,319
03/09/2021,FWS,TX,ASW,CE,Federal Contract Tower,0,0,26,0,26,0,0,33,0,33,0,0,59,0,59,82,0,82,141
03/10/2021,FWS,TX,ASW,CE,Federal Contract Tower,0,1,14,0,15,0,0,31,0,31,0,1,45,0,46,50,0,50,96
03/11/2021,FWS,TX,ASW,CE,Federal Contract Tower,0,3,19,0,22,0,4,33,0,37,0,7,52,0,59,74,0,74,133
03/12/2021,FWS,TX,ASW,CE,Federal Contract Tower,0,1,9,0,10,0,0,43,0,43,0,1,52,0,53,64,0,64,117
03/13/2021,FWS,TX,ASW,CE,Federal Contract Tower,0,0,18,0,18,0,0,16,0,16,0,0,34,0,34,16,0,16,50
03/14/2021,FWS,TX,ASW,CE,Federal Contract Tower,0,4,5,0,9,0,0,34,0,34,0,4,39,0,43,38,0,38,81
03/15/2021,FWS,TX,ASW,CE,Federal Contract Tower,0,0,2,0,2,0,0,56,0,56,0,0,58,0,58,16,0,16,74
03/16/2021,FWS,TX,ASW,CE,Federal Contract Tower,0,1,27,0,28,0,0,79,0,79,0,1,106,0,107,194,0,194,301
03/17/2021,FWS,TX,ASW,CE,Federal Contract Tower,0,1,2,0,3,0,2,7,0,9,0,3,9,0,12,0,0,0,12
03/18/2021,FWS,TX,ASW,CE,Federal Contract Tower,0,3,9,0,12,0,2,65,0,67,0,5,74,0,79,94,0,94,173
03/19/2021,FWS,TX,ASW,CE,Federal Contract Tower,0,5,11,0,16,0,0,131,0,131,0,5,142,0,147,226,0,226,373
03/20/2021,FWS,TX,ASW,CE,Federal Contract Tower,0,0,13,0,13,0,0,100,0,100,0,0,113,0,113,114,0,114,227
03/21/2021,FWS,TX,ASW,CE,Federal Contract Tower,0,0,11,0,11,0,0,51,0,51,0,0,62,0,62,112,0,112,174
03/22/2021,FWS,TX,ASW,CE,Federal Contract Tower,0,2,6,0,8,0,3,5,0,8,0,5,11,0,16,10,0,10,26
03/23/2021,FWS,TX,ASW,CE,Federal Contract Tower,0,0,14,0,14,0,0,113,0,113,0,0,127,0,127,202,0,202,329
03/24/2021,FWS,TX,ASW,CE,Federal Contract Tower,0,4,6,0,10,0,5,62,0,67,0,9,68,0,77,54,0,54,131
03/25/2021,FWS,TX,ASW,CE,Federal Contract Tower,0,0,16,0,16,0,0,33,0,33,0,0,49,0,49,68,0,68,117
03/26/2021,FWS,TX,ASW,CE,Federal Contract Tower,0,2,17,0,19,0,1,126,0,127,0,3,143,0,146,236,0,236,382
03/27/2021,FWS,TX,ASW,CE,Federal Contract Tower,0,0,9,0,9,0,0,45,0,45,0,0,54,0,54,180,0,180,234
03/28/2021,FWS,TX,ASW,CE,Federal Contract Tower,0,0,10,0,10,0,0,47,0,47,0,0,57,0,57,100,0,100,157
03/29/2021,FWS,TX,ASW,CE,Federal Contract Tower,0,0,4,0,4,0,0,70,0,70,0,0,74,0,74,126,0,126,200
03/30/2021,FWS,TX,ASW,CE,Federal Contract Tower,0,0,10,0,10,0,0,40,0,40,0,0,50,0,50,94,0,94,144
03/31/2021,FWS,TX,ASW,CE,Federal Contract Tower,0,0,3,0,3,0,0,36,0,36,0,0,39,0,39,72,0,72,111
04/01/2021,FWS,TX,ASW,CE,Federal Contract Tower,0,0,4,0,4,0,1,83,2,86,0,1,87,2,90,120,0,120,210
04/02/2021,FWS,TX,ASW,CE,Federal Contract Tower,0,0,0,0,0,0,3,85,0,88,0,3,85,0,88,98,0,98,186
04/03/2021,FWS,TX,ASW,CE,Federal Contract Tower,0,0,0,0,0,0,0,69,0,69,0,0,69,0,69,182,0,182,251
04/04/2021,FWS,TX,ASW,CE,Federal Contract Tower,0,0,0,0,0,0,0,26,0,26,0,0,26,0,26,38,0,38,64
04/05/2021,FWS,TX,ASW,CE,Federal Contract Tower,0,0,0,0,0,0,2,42,0,44,0,2,42,0,44,90,0,90,134
04/06/2021,FWS,TX,ASW,CE,Federal Contract Tower,0,0,0,0,0,0,5,28,0,33,0,5,28,0,33,40,0,40,73
04/07/2021,FWS,TX,ASW,CE,Federal Contract Tower,0,0,0,0,0,0,0,48,0,48,0,0,48,0,48,68,0,68,116
04/08/2021,FWS,TX,ASW,CE,Federal Contract Tower,0,0,0,0,0,0,0,99,0,99,0,0,99,0,99,276,0,276,375
04/09/2021,FWS,TX,ASW,CE,Federal Contract Tower,0,0,1,0,1,0,0,42,0,42,0,0,43,0,43,170,0,170,213
04/10/2021,FWS,TX,ASW,CE,Federal Contract Tower,0,0,0,0,0,0,0,86,0,86,0,0,86,0,86,150,0,150,236
04/11/2021,FWS,TX,ASW,CE,Federal Contract Tower,0,0,0,0,0,0,1,54,0,55,0,1,54,0,55,70,0,70,125
04/12/2021,FWS,TX,ASW,CE,Federal Contract Tower,0,0,0,0,0,0,3,66,0,69,0,3,66,0,69,84,0,84,153
04/13/2021,FWS,TX,ASW,CE,Federal Contract Tower,0,0,0,0,0,0,1,87,0,88,0,1,87,0,88,168,0,168,256
04/14/2021,FWS,TX,ASW,CE,Federal Contract Tower,0,0,0,0,0,0,8,43,0,51,0,8,43,0,51,104,0,104,155
04/15/2021,FWS,TX,ASW,CE,Federal Contract Tower,0,0,0,0,0,0,1,12,0,13,0,1,12,0,13,28,0,28,41
04/16/2021,FWS,TX,ASW,CE,Federal Contract Tower,0,0,0,0,0,0,0,0,0,0,0,0,0,0,0,0,0,0,0
04/17/2021,FWS,TX,ASW,CE,Federal Contract Tower,0,0,0,0,0,0,0,47,0,47,0,0,47,0,47,70,0,70,117
04/18/2021,FWS,TX,ASW,CE,Federal Contract Tower,0,0,0,0,0,0,0,61,0,61,0,0,61,0,61,94,0,94,155
04/19/2021,FWS,TX,ASW,CE,Federal Contract Tower,0,0,0,0,0,0,1,89,0,90,0,1,89,0,90,196,0,196,286
04/20/2021,FWS,TX,ASW,CE,Federal Contract Tower,0,0,0,0,0,0,4,59,0,63,0,4,59,0,63,100,0,100,163
04/21/2021,FWS,TX,ASW,CE,Federal Contract Tower,0,0,0,0,0,0,3,79,0,82,0,3,79,0,82,182,0,182,264
04/22/2021,FWS,TX,ASW,CE,Federal Contract Tower,0,0,0,0,0,0,0,83,0,83,0,0,83,0,83,216,0,216,299
04/23/2021,FWS,TX,ASW,CE,Federal Contract Tower,0,0,0,0,0,0,0,0,0,0,0,0,0,0,0,0,0,0,0
04/24/2021,FWS,TX,ASW,CE,Federal Contract Tower,0,0,0,0,0,0,1,60,0,61,0,1,60,0,61,152,0,152,213
04/25/2021,FWS,TX,ASW,CE,Federal Contract Tower,0,0,0,0,0,0,3,49,0,52,0,3,49,0,52,86,0,86,138
04/26/2021,FWS,TX,ASW,CE,Federal Contract Tower,0,0,0,0,0,0,2,41,0,43,0,2,41,0,43,104,0,104,147
04/27/2021,FWS,TX,ASW,CE,Federal Contract Tower,0,0,0,0,0,0,0,2,0,2,0,0,2,0,2,5,0,5,7
04/28/2021,FWS,TX,ASW,CE,Federal Contract Tower,0,0,0,0,0,0,0,21,0,21,0,0,21,0,21,30,0,30,51
04/29/2021,FWS,TX,ASW,CE,Federal Contract Tower,0,0,0,0,0,0,0,3,0,3,0,0,3,0,3,0,0,0,3
04/30/2021,FWS,TX,ASW,CE,Federal Contract Tower,0,0,0,0,0,0,0,13,0,13,0,0,13,0,13,20,0,20,33
05/01/2021,FWS,TX,ASW,CE,Federal Contract Tower,0,0,0,0,0,0,0,2,0,2,0,0,2,0,2,0,0,0,2
05/02/2021,FWS,TX,ASW,CE,Federal Contract Tower,0,0,0,0,0,0,0,39,0,39,0,0,39,0,39,112,0,112,151
05/03/2021,FWS,TX,ASW,CE,Federal Contract Tower,0,0,0,0,0,0,0,40,0,40,0,0,40,0,40,96,0,96,136
05/04/2021,FWS,TX,ASW,CE,Federal Contract Tower,0,0,0,0,0,0,1,83,0,84,0,1,83,0,84,182,0,182,266
05/05/2021,FWS,TX,ASW,CE,Federal Contract Tower,0,0,0,0,0,0,0,118,0,118,0,0,118,0,118,210,0,210,328
05/06/2021,FWS,TX,ASW,CE,Federal Contract Tower,0,0,0,0,0,0,0,114,0,114,0,0,114,0,114,220,0,220,334
05/07/2021,FWS,TX,ASW,CE,Federal Contract Tower,0,0,0,0,0,0,3,119,0,122,0,3,119,0,122,274,0,274,396
05/08/2021,FWS,TX,ASW,CE,Federal Contract Tower,0,0,0,0,0,0,0,26,0,26,0,0,26,0,26,28,0,28,54
05/09/2021,FWS,TX,ASW,CE,Federal Contract Tower,0,0,0,0,0,0,0,29,0,29,0,0,29,0,29,22,0,22,51
05/10/2021,FWS,TX,ASW,CE,Federal Contract Tower,0,0,0,0,0,0,0,3,0,3,0,0,3,0,3,0,0,0,3
05/11/2021,FWS,TX,ASW,CE,Federal Contract Tower,0,0,0,0,0,0,1,0,0,1,0,1,0,0,1,0,0,0,1
05/12/2021,FWS,TX,ASW,CE,Federal Contract Tower,0,0,0,0,0,0,1,11,0,12,0,1,11,0,12,6,0,6,18
05/13/2021,FWS,TX,ASW,CE,Federal Contract Tower,0,0,0,0,0,0,6,113,0,119,0,6,113,0,119,214,0,214,333
05/14/2021,FWS,TX,ASW,CE,Federal Contract Tower,0,0,0,0,0,0,0,104,0,104,0,0,104,0,104,248,0,248,352
05/15/2021,FWS,TX,ASW,CE,Federal Contract Tower,0,0,0,0,0,0,0,68,0,68,0,0,68,0,68,64,0,64,132
05/17/2021,FWS,TX,ASW,CE,Federal Contract Tower,0,0,0,0,0,0,0,30,0,30,0,0,30,0,30,62,0,62,92
05/18/2021,FWS,TX,ASW,CE,Federal Contract Tower,0,2,6,0,8,0,0,7,0,7,0,2,13,0,15,14,0,14,29
05/19/2021,FWS,TX,ASW,CE,Federal Contract Tower,0,1,3,0,4,0,0,40,0,40,0,1,43,0,44,122,0,122,166
05/20/2021,FWS,TX,ASW,CE,Federal Contract Tower,0,0,17,0,17,0,2,54,0,56,0,2,71,0,73,302,0,302,375
05/21/2021,FWS,TX,ASW,CE,Federal Contract Tower,0,0,19,0,19,0,5,38,0,43,0,5,57,0,62,92,0,92,154
05/22/2021,FWS,TX,ASW,CE,Federal Contract Tower,0,2,12,0,14,0,0,0,0,0,0,2,12,0,14,0,0,0,14
05/23/2021,FWS,TX,ASW,CE,Federal Contract Tower,0,0,12,0,12,0,0,14,0,14,0,0,26,0,26,82,0,82,108
05/24/2021,FWS,TX,ASW,CE,Federal Contract Tower,0,2,3,0,5,0,0,5,0,5,0,2,8,0,10,14,0,14,24
05/25/2021,FWS,TX,ASW,CE,Federal Contract Tower,0,0,6,0,6,0,0,56,0,56,0,0,62,0,62,196,0,196,258
05/26/2021,FWS,TX,ASW,CE,Federal Contract Tower,0,3,12,0,15,0,0,109,4,113,0,3,121,4,128,150,8,158,286
05/27/2021,FWS,TX,ASW,CE,Federal Contract Tower,0,3,12,0,15,0,5,100,0,105,0,8,112,0,120,390,0,390,510
05/28/2021,FWS,TX,ASW,CE,Federal Contract Tower,0,3,9,0,12,0,0,19,0,19,0,3,28,0,31,62,0,62,93
05/29/2021,FWS,TX,ASW,CE,Federal Contract Tower,0,0,9,0,9,0,0,66,0,66,0,0,75,0,75,58,0,58,133
05/30/2021,FWS,TX,ASW,CE,Federal Contract Tower,0,0,13,0,13,0,0,13,0,13,0,0,26,0,26,0,0,0,26
05/31/2021,FWS,TX,ASW,CE,Federal Contract Tower,0,1,3,0,4,0,0,7,0,7,0,1,10,0,11,0,0,0,11
06/01/2021,FWS,TX,ASW,CE,Federal Contract Tower,0,1,18,0,19,0,0,68,0,68,0,1,86,0,87,354,0,354,441
06/02/2021,FWS,TX,ASW,CE,Federal Contract Tower,0,2,5,0,7,0,0,78,0,78,0,2,83,0,85,226,0,226,311
06/03/2021,FWS,TX,ASW,CE,Federal Contract Tower,0,6,3,0,9,0,0,97,0,97,0,6,100,0,106,240,0,240,346
06/04/2021,FWS,TX,ASW,CE,Federal Contract Tower,0,3,6,0,9,0,0,54,0,54,0,3,60,0,63,236,0,236,299
06/05/2021,FWS,TX,ASW,CE,Federal Contract Tower,0,0,12,0,12,0,0,35,0,35,0,0,47,0,47,68,0,68,115
06/06/2021,FWS,TX,ASW,CE,Federal Contract Tower,1,0,3,0,4,0,0,27,0,27,1,0,30,0,31,92,0,92,123
06/07/2021,FWS,TX,ASW,CE,Federal Contract Tower,0,0,0,0,0,0,2,23,0,25,0,2,23,0,25,46,0,46,71
06/08/2021,FWS,TX,ASW,CE,Federal Contract Tower,0,0,0,0,0,0,0,66,0,66,0,0,66,0,66,234,0,234,300
06/09/2021,FWS,TX,ASW,CE,Federal Contract Tower,0,0,0,0,0,0,0,68,0,68,0,0,68,0,68,184,0,184,252
06/10/2021,FWS,TX,ASW,CE,Federal Contract Tower,0,0,0,0,0,0,1,84,0,85,0,1,84,0,85,244,0,244,329
06/11/2021,FWS,TX,ASW,CE,Federal Contract Tower,0,0,0,0,0,0,1,93,0,94,0,1,93,0,94,162,0,162,256
06/12/2021,FWS,TX,ASW,CE,Federal Contract Tower,0,0,0,0,0,0,7,75,0,82,0,7,75,0,82,84,0,84,166
06/13/2021,FWS,TX,ASW,CE,Federal Contract Tower,0,0,0,0,0,0,1,64,0,65,0,1,64,0,65,42,0,42,107
06/14/2021,FWS,TX,ASW,CE,Federal Contract Tower,0,0,1,0,1,0,1,55,0,56,0,1,56,0,57,88,0,88,145
06/15/2021,FWS,TX,ASW,CE,Federal Contract Tower,0,1,8,0,9,0,0,102,0,102,0,1,110,0,111,242,0,242,353
06/16/2021,FWS,TX,ASW,CE,Federal Contract Tower,0,1,1,0,2,0,2,106,0,108,0,3,107,0,110,206,0,206,316
06/17/2021,FWS,TX,ASW,CE,Federal Contract Tower,0,0,3,0,3,0,2,108,0,110,0,2,111,0,113,296,0,296,409
06/18/2021,FWS,TX,ASW,CE,Federal Contract Tower,0,3,7,0,10,0,0,126,0,126,0,3,133,0,136,160,0,160,296
06/19/2021,FWS,TX,ASW,CE,Federal Contract Tower,0,0,8,0,8,0,0,114,0,114,0,0,122,0,122,140,0,140,262
06/20/2021,FWS,TX,ASW,CE,Federal Contract Tower,0,0,10,0,10,0,3,42,0,45,0,3,52,0,55,72,0,72,127
06/21/2021,FWS,TX,ASW,CE,Federal Contract Tower,0,3,1,0,4,0,0,32,0,32,0,3,33,0,36,134,0,134,170
06/22/2021,FWS,TX,ASW,CE,Federal Contract Tower,0,3,13,0,16,0,2,108,2,112,0,5,121,2,128,254,0,254,382
06/23/2021,FWS,TX,ASW,CE,Federal Contract Tower,0,1,15,0,16,0,0,48,5,53,0,1,63,5,69,126,0,126,195
06/24/2021,FWS,TX,ASW,CE,Federal Contract Tower,0,1,6,0,7,0,0,110,0,110,0,1,116,0,117,150,0,150,267
06/25/2021,FWS,TX,ASW,CE,Federal Contract Tower,0,2,10,0,12,0,1,82,0,83,0,3,92,0,95,178,0,178,273
06/26/2021,FWS,TX,ASW,CE,Federal Contract Tower,0,0,16,0,16,0,2,60,0,62,0,2,76,0,78,122,0,122,200
06/27/2021,FWS,TX,ASW,CE,Federal Contract Tower,0,0,5,0,5,0,1,33,0,34,0,1,38,0,39,82,0,82,121
06/28/2021,FWS,TX,ASW,CE,Federal Contract Tower,0,1,19,0,20,0,2,30,0,32,0,3,49,0,52,56,0,56,108
06/29/2021,FWS,TX,ASW,CE,Federal Contract Tower,0,5,13,0,18,0,2,44,2,48,0,7,57,2,66,134,2,136,202
06/30/2021,FWS,TX,ASW,CE,Federal Contract Tower,0,7,14,0,21,0,2,77,0,79,0,9,91,0,100,256,0,256,356
07/01/2021,FWS,TX,ASW,CE,Federal Contract Tower,0,2,9,0,11,0,0,133,0,133,0,2,142,0,144,114,0,114,258
07/02/2021,FWS,TX,ASW,CE,Federal Contract Tower,0,0,10,0,10,0,1,25,0,26,0,1,35,0,36,80,0,80,116
07/03/2021,FWS,TX,ASW,CE,Federal Contract Tower,0,0,7,0,7,0,0,4,0,4,0,0,11,0,11,6,0,6,17
07/04/2021,FWS,TX,ASW,CE,Federal Contract Tower,0,1,7,0,8,0,0,25,0,25,0,1,32,0,33,38,0,38,71
07/05/2021,FWS,TX,ASW,CE,Federal Contract Tower,0,1,5,0,6,0,0,52,0,52,0,1,57,0,58,56,0,56,114
07/06/2021,FWS,TX,ASW,CE,Federal Contract Tower,0,0,10,0,10,0,0,46,0,46,0,0,56,0,56,124,0,124,180
07/07/2021,FWS,TX,ASW,CE,Federal Contract Tower,0,0,10,0,10,0,3,85,0,88,0,3,95,0,98,160,0,160,258
07/08/2021,FWS,TX,ASW,CE,Federal Contract Tower,0,1,6,0,7,0,2,98,0,100,0,3,104,0,107,140,0,140,247
07/09/2021,FWS,TX,ASW,CE,Federal Contract Tower,0,0,20,0,20,0,0,22,0,22,0,0,42,0,42,102,0,102,144
07/10/2021,FWS,TX,ASW,CE,Federal Contract Tower,0,3,18,0,21,0,0,60,0,60,0,3,78,0,81,80,0,80,161
07/11/2021,FWS,TX,ASW,CE,Federal Contract Tower,0,0,7,0,7,0,0,39,0,39,0,0,46,0,46,42,0,42,88
07/12/2021,FWS,TX,ASW,CE,Federal Contract Tower,0,0,5,0,5,0,2,59,0,61,0,2,64,0,66,80,0,80,146
07/13/2021,FWS,TX,ASW,CE,Federal Contract Tower,0,2,12,0,14,0,0,94,0,94,0,2,106,0,108,152,0,152,260
07/14/2021,FWS,TX,ASW,CE,Federal Contract Tower,0,2,3,0,5,0,2,100,0,102,0,4,103,0,107,160,0,160,267
07/15/2021,FWS,TX,ASW,CE,Federal Contract Tower,0,1,5,0,6,0,0,41,0,41,0,1,46,0,47,78,0,78,125
07/16/2021,FWS,TX,ASW,CE,Federal Contract Tower,0,4,10,0,14,0,1,82,0,83,0,5,92,0,97,178,0,178,275
07/17/2021,FWS,TX,ASW,CE,Federal Contract Tower,0,4,11,0,15,0,0,61,0,61,0,4,72,0,76,88,0,88,164
07/18/2021,FWS,TX,ASW,CE,Federal Contract Tower,0,0,10,0,10,0,0,38,0,38,0,0,48,0,48,82,0,82,130
07/19/2021,FWS,TX,ASW,CE,Federal Contract Tower,0,1,8,0,9,0,6,28,0,34,0,7,36,0,43,76,0,76,119
07/20/2021,FWS,TX,ASW,CE,Federal Contract Tower,0,1,13,0,14,0,1,69,0,70,0,2,82,0,84,150,0,150,234
07/21/2021,FWS,TX,ASW,CE,Federal Contract Tower,0,1,8,0,9,0,0,116,0,116,0,1,124,0,125,268,0,268,393
07/22/2021,FWS,TX,ASW,CE,Federal Contract Tower,0,0,9,0,9,0,2,91,0,93,0,2,100,0,102,182,0,182,284
07/23/2021,FWS,TX,ASW,CE,Federal Contract Tower,0,0,11,0,11,0,7,73,0,80,0,7,84,0,91,182,0,182,273
07/24/2021,FWS,TX,ASW,CE,Federal Contract Tower,0,3,11,0,14,0,1,78,0,79,0,4,89,0,93,212,0,212,305
07/25/2021,FWS,TX,ASW,CE,Federal Contract Tower,0,2,3,0,5,0,0,66,0,66,0,2,69,0,71,104,0,104,175
07/26/2021,FWS,TX,ASW,CE,Federal Contract Tower,0,0,3,0,3,0,0,68,0,68,0,0,71,0,71,168,0,168,239
07/27/2021,FWS,TX,ASW,CE,Federal Contract Tower,0,2,4,0,6,0,0,76,0,76,0,2,80,0,82,102,0,102,184
07/28/2021,FWS,TX,ASW,CE,Federal Contract Tower,0,1,8,0,9,0,5,79,0,84,0,6,87,0,93,172,0,172,265
07/29/2021,FWS,TX,ASW,CE,Federal Contract Tower,0,2,5,0,7,0,0,98,0,98,0,2,103,0,105,160,0,160,265
07/30/2021,FWS,TX,ASW,CE,Federal Contract Tower,0,0,5,0,5,0,7,88,0,95,0,7,93,0,100,152,0,152,252
07/31/2021,FWS,TX,ASW,CE,Federal Contract Tower,0,0,9,0,9,0,4,85,0,89,0,4,94,0,98,104,0,104,202
08/01/2021,FWS,TX,ASW,CE,Federal Contract Tower,0,3,3,0,6,0,1,44,0,45,0,4,47,0,51,84,0,84,135
08/02/2021,FWS,TX,ASW,CE,Federal Contract Tower,0,0,8,0,8,0,0,18,0,18,0,0,26,0,26,72,0,72,98
08/03/2021,FWS,TX,ASW,CE,Federal Contract Tower,0,1,10,1,12,0,5,102,0,107,0,6,112,1,119,190,0,190,309
08/04/2021,FWS,TX,ASW,CE,Federal Contract Tower,0,3,8,0,11,0,2,93,0,95,0,5,101,0,106,196,0,196,302
08/05/2021,FWS,TX,ASW,CE,Federal Contract Tower,0,0,4,0,4,0,1,80,0,81,0,1,84,0,85,190,0,190,275
08/06/2021,FWS,TX,ASW,CE,Federal Contract Tower,0,2,24,0,26,0,2,88,0,90,0,4,112,0,116,228,0,228,344
08/07/2021,FWS,TX,ASW,CE,Federal Contract Tower,0,0,3,0,3,0,0,53,0,53,0,0,56,0,56,88,0,88,144
08/08/2021,FWS,TX,ASW,CE,Federal Contract Tower,0,2,7,0,9,0,0,20,0,20,0,2,27,0,29,6,0,6,35
08/09/2021,FWS,TX,ASW,CE,Federal Contract Tower,0,4,4,0,8,0,0,49,0,49,0,4,53,0,57,108,0,108,165
08/10/2021,FWS,TX,ASW,CE,Federal Contract Tower,0,3,4,0,7,0,0,50,0,50,0,3,54,0,57,98,0,98,155
08/11/2021,FWS,TX,ASW,CE,Federal Contract Tower,0,2,12,0,14,0,2,81,0,83,0,4,93,0,97,202,0,202,299
08/12/2021,FWS,TX,ASW,CE,Federal Contract Tower,0,0,7,0,7,0,0,85,0,85,0,0,92,0,92,228,0,228,320
08/13/2021,FWS,TX,ASW,CE,Federal Contract Tower,0,0,11,0,11,0,3,83,0,86,0,3,94,0,97,172,0,172,269
08/14/2021,FWS,TX,ASW,CE,Federal Contract Tower,0,1,6,0,7,0,0,58,0,58,0,1,64,0,65,110,0,110,175
08/15/2021,FWS,TX,ASW,CE,Federal Contract Tower,0,4,3,0,7,0,0,27,0,27,0,4,30,0,34,56,0,56,90
08/16/2021,FWS,TX,ASW,CE,Federal Contract Tower,0,0,9,0,9,0,2,79,2,83,0,2,88,2,92,138,0,138,230
08/17/2021,FWS,TX,ASW,CE,Federal Contract Tower,0,3,13,0,16,0,2,41,0,43,0,5,54,0,59,118,0,118,177
08/18/2021,FWS,TX,ASW,CE,Federal Contract Tower,0,1,12,0,13,0,0,0,0,0,0,1,12,0,13,0,0,0,13
08/19/2021,FWS,TX,ASW,CE,Federal Contract Tower,0,1,8,0,9,0,12,57,0,69,0,13,65,0,78,128,0,128,206
08/20/2021,FWS,TX,ASW,CE,Federal Contract Tower,0,3,8,0,11,0,3,116,0,119,0,6,124,0,130,150,0,150,280
08/21/2021,FWS,TX,ASW,CE,Federal Contract Tower,0,0,4,0,4,0,0,61,0,61,0,0,65,0,65,100,0,100,165
08/22/2021,FWS,TX,ASW,CE,Federal Contract Tower,0,3,18,0,21,0,1,65,0,66,0,4,83,0,87,56,0,56,143
08/23/2021,FWS,TX,ASW,CE,Federal Contract Tower,0,1,7,0,8,0,0,86,0,86,0,1,93,0,94,166,0,166,260
08/24/2021,FWS,TX,ASW,CE,Federal Contract Tower,0,1,11,0,12,0,0,84,0,84,0,1,95,0,96,218,0,218,314
08/25/2021,FWS,TX,ASW,CE,Federal Contract Tower,0,0,4,0,4,0,2,66,0,68,0,2,70,0,72,154,0,154,226
08/26/2021,FWS,TX,ASW,CE,Federal Contract Tower,0,0,12,0,12,0,1,75,0,76,0,1,87,0,88,60,0,60,148
08/27/2021,FWS,TX,ASW,CE,Federal Contract Tower,0,3,9,0,12,0,0,68,0,68,0,3,77,0,80,142,0,142,222
08/28/2021,FWS,TX,ASW,CE,Federal Contract Tower,0,2,3,0,5,0,0,84,0,84,0,2,87,0,89,112,0,112,201
08/29/2021,FWS,TX,ASW,CE,Federal Contract Tower,0,2,11,0,13,0,0,16,0,16,0,2,27,0,29,14,0,14,43
08/30/2021,FWS,TX,ASW,CE,Federal Contract Tower,0,2,13,0,15,0,2,51,0,53,0,4,64,0,68,120,0,120,188
08/31/2021,FWS,TX,ASW,CE,Federal Contract Tower,0,2,4,0,6,0,0,83,0,83,0,2,87,0,89,230,0,230,319
09/01/2021,FWS,TX,ASW,CE,Federal Contract Tower,0,0,2,0,2,0,5,65,0,70,0,5,67,0,72,92,0,92,164
09/02/2021,FWS,TX,ASW,CE,Federal Contract Tower,0,3,16,0,19,0,2,66,0,68,0,5,82,0,87,142,0,142,229
09/03/2021,FWS,TX,ASW,CE,Federal Contract Tower,0,0,6,0,6,0,0,83,0,83,0,0,89,0,89,164,0,164,253
09/04/2021,FWS,TX,ASW,CE,Federal Contract Tower,0,0,9,0,9,0,0,58,0,58,0,0,67,0,67,84,0,84,151
09/05/2021,FWS,TX,ASW,CE,Federal Contract Tower,0,0,5,0,5,0,0,23,0,23,0,0,28,0,28,54,0,54,82
09/06/2021,FWS,TX,ASW,CE,Federal Contract Tower,0,1,9,0,10,0,0,70,0,70,0,1,79,0,80,88,0,88,168
09/07/2021,FWS,TX,ASW,CE,Federal Contract Tower,0,2,6,0,8,0,4,54,0,58,0,6,60,0,66,84,0,84,150
09/08/2021,FWS,TX,ASW,CE,Federal Contract Tower,0,1,14,0,15,0,7,55,0,62,0,8,69,0,77,130,0,130,207
09/09/2021,FWS,TX,ASW,CE,Federal Contract Tower,0,4,6,0,10,0,6,60,0,66,0,10,66,0,76,124,0,124,200
09/10/2021,FWS,TX,ASW,CE,Federal Contract Tower,0,1,7,0,8,0,0,80,0,80,0,1,87,0,88,150,0,150,238
09/11/2021,FWS,TX,ASW,CE,Federal Contract Tower,0,0,6,0,6,0,0,89,0,89,0,0,95,0,95,88,0,88,183
09/12/2021,FWS,TX,ASW,CE,Federal Contract Tower,0,0,8,0,8,0,0,71,0,71,0,0,79,0,79,46,0,46,125
09/13/2021,FWS,TX,ASW,CE,Federal Contract Tower,0,0,8,0,8,0,0,51,0,51,0,0,59,0,59,116,0,116,175
09/14/2021,FWS,TX,ASW,CE,Federal Contract Tower,0,2,9,0,11,0,0,43,0,43,0,2,52,0,54,88,0,88,142
09/15/2021,FWS,TX,ASW,CE,Federal Contract Tower,0,1,10,0,11,0,2,78,0,80,0,3,88,0,91,122,0,122,213
09/16/2021,FWS,TX,ASW,CE,Federal Contract Tower,0,2,14,0,16,0,1,76,0,77,0,3,90,0,93,134,0,134,227
09/17/2021,FWS,TX,ASW,CE,Federal Contract Tower,0,0,16,0,16,0,1,86,0,87,0,1,102,0,103,92,0,92,195
09/18/2021,FWS,TX,ASW,CE,Federal Contract Tower,0,0,5,0,5,0,0,89,0,89,0,0,94,0,94,130,0,130,224
09/19/2021,FWS,TX,ASW,CE,Federal Contract Tower,0,3,8,0,11,0,1,53,0,54,0,4,61,0,65,130,0,130,195
09/20/2021,FWS,TX,ASW,CE,Federal Contract Tower,0,2,5,0,7,0,0,93,0,93,0,2,98,0,100,178,0,178,278
09/21/2021,FWS,TX,ASW,CE,Federal Contract Tower,0,0,10,0,10,0,0,39,0,39,0,0,49,0,49,70,0,70,119
09/22/2021,FWS,TX,ASW,CE,Federal Contract Tower,0,0,14,0,14,0,2,101,0,103,0,2,115,0,117,158,0,158,275
09/23/2021,FWS,TX,ASW,CE,Federal Contract Tower,0,1,10,0,11,0,1,100,0,101,0,2,110,0,112,166,0,166,278
09/24/2021,FWS,TX,ASW,CE,Federal Contract Tower,0,1,9,0,10,0,0,113,0,113,0,1,122,0,123,132,0,132,255
09/25/2021,FWS,TX,ASW,CE,Federal Contract Tower,0,0,3,0,3,0,1,99,0,100,0,1,102,0,103,190,0,190,293
09/26/2021,FWS,TX,ASW,CE,Federal Contract Tower,0,3,10,0,13,0,0,73,0,73,0,3,83,0,86,78,0,78,164
09/27/2021,FWS,TX,ASW,CE,Federal Contract Tower,0,0,10,0,10,0,1,75,0,76,0,1,85,0,86,92,0,92,178
09/28/2021,FWS,TX,ASW,CE,Federal Contract Tower,0,1,3,0,4,0,0,74,0,74,0,1,77,0,78,96,0,96,174
09/29/2021,FWS,TX,ASW,CE,Federal Contract Tower,0,0,7,0,7,0,0,55,0,55,0,0,62,0,62,142,0,142,204
09/30/2021,FWS,TX,ASW,CE,Federal Contract Tower,0,0,16,0,16,0,0,41,0,41,0,0,57,0,57,130,0,130,187
10/01/2021,FWS,TX,ASW,CE,Federal Contract Tower,0,1,16,0,17,0,0,21,0,21,0,1,37,0,38,0,0,0,38
10/02/2021,FWS,TX,ASW,CE,Federal Contract Tower,0,1,14,0,15,0,0,24,0,24,0,1,38,0,39,106,0,106,145
10/03/2021,FWS,TX,ASW,CE,Federal Contract Tower,0,0,9,0,9,0,0,73,0,73,0,0,82,0,82,122,0,122,204
10/04/2021,FWS,TX,ASW,CE,Federal Contract Tower,0,4,2,0,6,0,0,81,0,81,0,4,83,0,87,190,0,190,277
10/05/2021,FWS,TX,ASW,CE,Federal Contract Tower,0,1,2,0,3,0,0,89,0,89,0,1,91,0,92,176,0,176,268
10/06/2021,FWS,TX,ASW,CE,Federal Contract Tower,0,3,3,0,6,0,6,103,0,109,0,9,106,0,115,166,0,166,281
10/07/2021,FWS,TX,ASW,CE,Federal Contract Tower,0,2,4,0,6,0,4,81,0,85,0,6,85,0,91,140,0,140,231
10/08/2021,FWS,TX,ASW,CE,Federal Contract Tower,0,1,4,0,5,0,0,82,0,82,0,1,86,0,87,110,0,110,197
10/09/2021,FWS,TX,ASW,CE,Federal Contract Tower,0,1,6,0,7,0,0,63,0,63,0,1,69,0,70,70,0,70,140
10/10/2021,FWS,TX,ASW,CE,Federal Contract Tower,0,1,12,0,13,0,0,12,0,12,0,1,24,0,25,4,0,4,29
10/11/2021,FWS,TX,ASW,CE,Federal Contract Tower,0,1,4,0,5,0,2,93,0,95,0,3,97,0,100,214,0,214,314
10/12/2021,FWS,TX,ASW,CE,Federal Contract Tower,0,1,20,0,21,0,0,7,0,7,0,1,27,0,28,20,0,20,48
10/13/2021,FWS,TX,ASW,CE,Federal Contract Tower,0,0,17,0,17,0,0,19,0,19,0,0,36,0,36,20,0,20,56
10/14/2021,FWS,TX,ASW,CE,Federal Contract Tower,0,2,28,0,30,0,0,29,0,29,0,2,57,0,59,92,0,92,151
10/15/2021,FWS,TX,ASW,CE,Federal Contract Tower,0,3,39,0,42,0,0,22,0,22,0,3,61,0,64,40,0,40,104
10/16/2021,FWS,TX,ASW,CE,Federal Contract Tower,0,0,4,0,4,0,0,110,0,110,0,0,114,0,114,176,0,176,290
10/17/2021,FWS,TX,ASW,CE,Federal Contract Tower,0,1,8,0,9,0,4,98,0,102,0,5,106,0,111,160,0,160,271
10/18/2021,FWS,TX,ASW,CE,Federal Contract Tower,0,0,7,0,7,0,0,105,0,105,0,0,112,0,112,172,0,172,284
10/19/2021,FWS,TX,ASW,CE,Federal Contract Tower,0,2,7,0,9,0,0,90,0,90,0,2,97,0,99,160,0,160,259
10/20/2021,FWS,TX,ASW,CE,Federal Contract Tower,0,2,8,0,10,0,2,84,0,86,0,4,92,0,96,172,0,172,268
10/21/2021,FWS,TX,ASW,CE,Federal Contract Tower,0,2,9,0,11,0,1,101,0,102,0,3,110,0,113,166,0,166,279
10/22/2021,FWS,TX,ASW,CE,Federal Contract Tower,0,2,9,0,11,0,1,92,0,93,0,3,101,0,104,152,0,152,256
10/23/2021,FWS,TX,ASW,CE,Federal Contract Tower,0,2,12,0,14,0,7,51,0,58,0,9,63,0,72,52,0,52,124
10/24/2021,FWS,TX,ASW,CE,Federal Contract Tower,0,3,17,0,20,0,4,19,0,23,0,7,36,0,43,20,0,20,63
10/26/2021,FWS,TX,ASW,CE,Federal Contract Tower,0,1,14,0,15,0,3,26,0,29,0,4,40,0,44,50,0,50,94
10/27/2021,FWS,TX,ASW,CE,Federal Contract Tower,0,2,3,0,5,0,5,17,0,22,0,7,20,0,27,10,0,10,37
10/28/2021,FWS,TX,ASW,CE,Federal Contract Tower,0,0,3,0,3,0,4,11,0,15,0,4,14,0,18,0,0,0,18
10/29/2021,FWS,TX,ASW,CE,Federal Contract Tower,0,4,7,0,11,0,5,36,0,41,0,9,43,0,52,12,0,12,64
10/30/2021,FWS,TX,ASW,CE,Federal Contract Tower,0,0,5,0,5,0,2,120,0,122,0,2,125,0,127,126,0,126,253
10/31/2021,FWS,TX,ASW,CE,Federal Contract Tower,0,0,4,0,4,0,0,67,0,67,0,0,71,0,71,38,0,38,109
11/01/2021,FWS,TX,ASW,CE,Federal Contract Tower,0,3,10,0,13,0,0,74,0,74,0,3,84,0,87,174,0,174,261
11/02/2021,FWS,TX,ASW,CE,Federal Contract Tower,0,3,22,0,25,0,2,30,0,32,0,5,52,0,57,26,0,26,83
11/03/2021,FWS,TX,ASW,CE,Federal Contract Tower,0,1,15,0,16,0,0,0,0,0,0,1,15,0,16,0,0,0,16
11/04/2021,FWS,TX,ASW,CE,Federal Contract Tower,0,1,16,0,17,0,10,86,0,96,0,11,102,0,113,162,0,162,275
11/05/2021,FWS,TX,ASW,CE,Federal Contract Tower,0,3,5,0,8,0,7,107,0,114,0,10,112,0,122,70,0,70,192
11/06/2021,FWS,TX,ASW,CE,Federal Contract Tower,0,2,5,0,7,0,11,103,0,114,0,13,108,0,121,112,0,112,233
11/07/2021,FWS,TX,ASW,CE,Federal Contract Tower,0,0,10,0,10,0,0,92,0,92,0,0,102,0,102,195,0,195,297
11/08/2021,FWS,TX,ASW,CE,Federal Contract Tower,0,3,10,0,13,0,2,65,0,67,0,5,75,0,80,84,0,84,164
11/09/2021,FWS,TX,ASW,CE,Federal Contract Tower,0,1,8,0,9,0,5,73,0,78,0,6,81,0,87,98,0,98,185
11/10/2021,FWS,TX,ASW,CE,Federal Contract Tower,0,1,11,0,12,0,4,22,0,26,0,5,33,0,38,8,0,8,46
11/11/2021,FWS,TX,ASW,CE,Federal Contract Tower,0,3,16,0,19,0,0,94,0,94,0,3,110,0,113,160,0,160,273
11/12/2021,FWS,TX,ASW,CE,Federal Contract Tower,0,2,22,0,24,0,4,105,0,109,0,6,127,0,133,104,0,104,237
11/13/2021,FWS,TX,ASW,CE,Federal Contract Tower,0,7,4,0,11,0,0,112,0,112,0,7,116,0,123,152,0,152,275
11/14/2021,FWS,TX,ASW,CE,Federal Contract Tower,0,4,10,0,14,0,1,65,0,66,0,5,75,0,80,116,0,116,196
11/15/2021,FWS,TX,ASW,CE,Federal Contract Tower,0,2,6,0,8,0,3,95,0,98,0,5,101,0,106,210,0,210,316
11/16/2021,FWS,TX,ASW,CE,Federal Contract Tower,0,3,6,0,9,0,3,53,0,56,0,6,59,0,65,58,0,58,123
11/17/2021,FWS,TX,ASW,CE,Federal Contract Tower,0,4,10,0,14,0,3,118,2,123,0,7,128,2,137,154,2,156,293
11/18/2021,FWS,TX,ASW,CE,Federal Contract Tower,0,0,15,0,15,0,0,73,0,73,0,0,88,0,88,114,0,114,202
11/19/2021,FWS,TX,ASW,CE,Federal Contract Tower,0,0,16,0,16,0,2,97,0,99,0,2,113,0,115,132,0,132,247
11/20/2021,FWS,TX,ASW,CE,Federal Contract Tower,0,0,8,0,8,0,1,70,0,71,0,1,78,0,79,90,0,90,169
11/21/2021,FWS,TX,ASW,CE,Federal Contract Tower,0,1,21,0,22,0,0,15,0,15,0,1,36,0,37,30,0,30,67
11/22/2021,FWS,TX,ASW,CE,Federal Contract Tower,0,1,4,0,5,0,3,91,0,94,0,4,95,0,99,114,0,114,213
11/23/2021,FWS,TX,ASW,CE,Federal Contract Tower,0,0,9,0,9,0,3,88,0,91,0,3,97,0,100,102,0,102,202
11/24/2021,FWS,TX,ASW,CE,Federal Contract Tower,0,0,12,0,12,0,1,28,0,29,0,1,40,0,41,30,0,30,71
11/25/2021,FWS,TX,ASW,CE,Federal Contract Tower,0,0,3,0,3,0,0,8,0,8,0,0,11,0,11,6,0,6,17
11/26/2021,FWS,TX,ASW,CE,Federal Contract Tower,0,0,6,0,6,0,0,55,0,55,0,0,61,0,61,116,0,116,177
11/27/2021,FWS,TX,ASW,CE,Federal Contract Tower,0,1,16,0,17,0,0,15,0,15,0,1,31,0,32,8,0,8,40
11/28/2021,FWS,TX,ASW,CE,Federal Contract Tower,0,0,9,0,9,0,0,59,0,59,0,0,68,0,68,130,0,130,198
11/29/2021,FWS,TX,ASW,CE,Federal Contract Tower,0,1,10,0,11,0,1,68,0,69,0,2,78,0,80,248,0,248,328
11/30/2021,FWS,TX,ASW,CE,Federal Contract Tower,0,1,8,0,9,0,0,72,0,72,0,1,80,0,81,152,0,152,233
12/01/2021,FWS,TX,ASW,CE,Federal Contract Tower,0,3,2,0,5,0,0,86,0,86,0,3,88,0,91,112,0,112,203
12/02/2021,FWS,TX,ASW,CE,Federal Contract Tower,0,4,5,0,9,0,2,68,0,70,0,6,73,0,79,132,0,132,211
12/03/2021,FWS,TX,ASW,CE,Federal Contract Tower,0,1,20,0,21,0,0,41,0,41,0,1,61,0,62,92,0,92,154
12/04/2021,FWS,TX,ASW,CE,Federal Contract Tower,0,0,16,0,16,0,0,25,0,25,0,0,41,0,41,30,0,30,71
12/05/2021,FWS,TX,ASW,CE,Federal Contract Tower,0,0,13,0,13,0,0,23,0,23,0,0,36,0,36,12,0,12,48
12/06/2021,FWS,TX,ASW,CE,Federal Contract Tower,0,0,2,0,2,0,11,16,0,27,0,11,18,0,29,10,0,10,39
12/07/2021,FWS,TX,ASW,CE,Federal Contract Tower,0,3,10,0,13,0,0,88,0,88,0,3,98,0,101,128,0,128,229
12/08/2021,FWS,TX,ASW,CE,Federal Contract Tower,0,0,10,0,10,0,2,31,0,33,0,2,41,0,43,40,0,40,83
12/09/2021,FWS,TX,ASW,CE,Federal Contract Tower,0,2,8,0,10,0,3,68,0,71,0,5,76,0,81,86,0,86,167
12/10/2021,FWS,TX,ASW,CE,Federal Contract Tower,0,1,11,0,12,0,3,59,0,62,0,4,70,0,74,112,0,112,186
12/11/2021,FWS,TX,ASW,CE,Federal Contract Tower,0,0,11,0,11,0,0,77,0,77,0,0,88,0,88,174,0,174,262
12/12/2021,FWS,TX,ASW,CE,Federal Contract Tower,0,2,9,0,11,0,0,57,0,57,0,2,66,0,68,88,0,88,156
12/13/2021,FWS,TX,ASW,CE,Federal Contract Tower,0,0,10,0,10,0,0,98,0,98,0,0,108,0,108,190,0,190,298
12/14/2021,FWS,TX,ASW,CE,Federal Contract Tower,0,0,11,0,11,0,0,38,0,38,0,0,49,0,49,74,0,74,123
12/15/2021,FWS,TX,ASW,CE,Federal Contract Tower,0,2,13,0,15,0,0,10,0,10,0,2,23,0,25,0,0,0,25
12/16/2021,FWS,TX,ASW,CE,Federal Contract Tower,0,0,13,0,13,0,4,51,0,55,0,4,64,0,68,126,0,126,194
12/17/2021,FWS,TX,ASW,CE,Federal Contract Tower,0,1,16,0,17,0,0,45,0,45,0,1,61,0,62,90,0,90,152
12/18/2021,FWS,TX,ASW,CE,Federal Contract Tower,0,2,7,0,9,0,0,30,0,30,0,2,37,0,39,6,0,6,45
12/19/2021,FWS,TX,ASW,CE,Federal Contract Tower,0,1,8,0,9,0,0,79,0,79,0,1,87,0,88,82,0,82,170
12/20/2021,FWS,TX,ASW,CE,Federal Contract Tower,0,3,10,0,13,0,11,98,0,109,0,14,108,0,122,132,0,132,254
12/21/2021,FWS,TX,ASW,CE,Federal Contract Tower,0,0,13,0,13,0,0,102,0,102,0,0,115,0,115,126,0,126,241
12/22/2021,FWS,TX,ASW,CE,Federal Contract Tower,0,2,17,0,19,0,0,55,0,55,0,2,72,0,74,124,0,124,198
12/23/2021,FWS,TX,ASW,CE,Federal Contract Tower,0,3,9,0,12,0,2,64,0,66,0,5,73,0,78,118,0,118,196
12/24/2021,FWS,TX,ASW,CE,Federal Contract Tower,0,0,3,0,3,0,0,20,0,20,0,0,23,0,23,32,0,32,55
12/25/2021,FWS,TX,ASW,CE,Federal Contract Tower,0,0,2,0,2,0,0,15,0,15,0,0,17,0,17,8,0,8,25
12/26/2021,FWS,TX,ASW,CE,Federal Contract Tower,0,0,17,0,17,0,0,14,0,14,0,0,31,0,31,18,0,18,49
12/27/2021,FWS,TX,ASW,CE,Federal Contract Tower,0,1,17,0,18,0,0,82,0,82,0,1,99,0,100,178,0,178,278
12/28/2021,FWS,TX,ASW,CE,Federal Contract Tower,0,0,13,0,13,0,0,78,0,78,0,0,91,0,91,154,0,154,245
12/29/2021,FWS,TX,ASW,CE,Federal Contract Tower,0,2,8,0,10,0,0,44,0,44,0,2,52,0,54,42,0,42,96
12/30/2021,FWS,TX,ASW,CE,Federal Contract Tower,0,1,5,0,6,0,0,101,0,101,0,1,106,0,107,166,0,166,273
12/31/2021,FWS,TX,ASW,CE,Federal Contract Tower,0,0,9,0,9,0,0,11,0,11,0,0,20,0,20,34,0,34,54
01/01/2022,FWS,TX,ASW,CE,Federal Contract Tower,0,3,5,0,8,0,0,18,0,18,0,3,23,0,26,12,0,12,38
01/02/2022,FWS,TX,ASW,CE,Federal Contract Tower,0,0,3,0,3,0,0,15,0,15,0,0,18,0,18,0,0,0,18
01/03/2022,FWS,TX,ASW,CE,Federal Contract Tower,0,1,3,0,4,0,1,74,0,75,0,2,77,0,79,126,0,126,205
01/04/2022,FWS,TX,ASW,CE,Federal Contract Tower,0,1,5,0,6,0,0,37,0,37,0,1,42,0,43,68,0,68,111
01/05/2022,FWS,TX,ASW,CE,Federal Contract Tower,0,1,7,0,8,0,2,76,2,80,0,3,83,2,88,96,0,96,184
01/06/2022,FWS,TX,ASW,CE,Federal Contract Tower,0,0,5,0,5,0,2,30,0,32,0,2,35,0,37,72,0,72,109
01/07/2022,FWS,TX,ASW,CE,Federal Contract Tower,0,1,18,0,19,0,2,90,0,92,0,3,108,0,111,192,0,192,303
01/08/2022,FWS,TX,ASW,CE,Federal Contract Tower,0,0,6,0,6,0,0,0,0,0,0,0,6,0,6,0,0,0,6
01/09/2022,FWS,TX,ASW,CE,Federal Contract Tower,0,0,6,0,6,0,0,2,0,2,0,0,8,0,8,0,0,0,8
01/10/2022,FWS,TX,ASW,CE,Federal Contract Tower,0,1,9,0,10,0,0,104,2,106,0,1,113,2,116,198,0,198,314
01/11/2022,FWS,TX,ASW,CE,Federal Contract Tower,0,1,5,0,6,0,1,72,0,73,0,2,77,0,79,134,0,134,213
01/12/2022,FWS,TX,ASW,CE,Federal Contract Tower,0,0,7,0,7,0,0,91,0,91,0,0,98,0,98,198,0,198,296
01/13/2022,FWS,TX,ASW,CE,Federal Contract Tower,0,0,2,0,2,0,0,65,2,67,0,0,67,2,69,96,4,100,169
01/14/2022,FWS,TX,ASW,CE,Federal Contract Tower,0,0,7,0,7,0,1,75,0,76,0,1,82,0,83,88,0,88,171
01/15/2022,FWS,TX,ASW,CE,Federal Contract Tower,0,2,0,0,2,0,0,1,0,1,0,2,1,0,3,0,0,0,3
01/16/2022,FWS,TX,ASW,CE,Federal Contract Tower,0,0,4,0,4,0,1,61,0,62,0,1,65,0,66,26,0,26,92
01/17/2022,FWS,TX,ASW,CE,Federal Contract Tower,0,1,15,0,16,0,2,118,0,120,0,3,133,0,136,184,0,184,320
01/18/2022,FWS,TX,ASW,CE,Federal Contract Tower,0,2,10,0,12,0,3,60,0,63,0,5,70,0,75,110,0,110,185
01/19/2022,FWS,TX,ASW,CE,Federal Contract Tower,0,0,7,0,7,0,0,45,0,45,0,0,52,0,52,106,0,106,158
01/20/2022,FWS,TX,ASW,CE,Federal Contract Tower,0,2,2,0,4,0,0,36,0,36,0,2,38,0,40,28,0,28,68
01/21/2022,FWS,TX,ASW,CE,Federal Contract Tower,0,0,7,0,7,0,1,91,0,92,0,1,98,0,99,122,0,122,221
01/22/2022,FWS,TX,ASW,CE,Federal Contract Tower,0,0,11,0,11,0,0,95,0,95,0,0,106,0,106,86,0,86,192
01/23/2022,FWS,TX,ASW,CE,Federal Contract Tower,0,0,4,0,4,0,3,64,0,67,0,3,68,0,71,66,0,66,137
01/24/2022,FWS,TX,ASW,CE,Federal Contract Tower,0,2,10,0,12,0,0,31,0,31,0,2,41,0,43,36,0,36,79
01/25/2022,FWS,TX,ASW,CE,Federal Contract Tower,0,3,6,0,9,0,3,80,0,83,0,6,86,0,92,152,0,152,244
01/26/2022,FWS,TX,ASW,CE,Federal Contract Tower,0,1,7,0,8,0,2,70,0,72,0,3,77,0,80,68,0,68,148
01/27/2022,FWS,TX,ASW,CE,Federal Contract Tower,0,3,14,0,17,0,0,57,0,57,0,3,71,0,74,108,0,108,182
01/28/2022,FWS,TX,ASW,CE,Federal Contract Tower,0,2,11,0,13,0,0,81,0,81,0,2,92,0,94,106,0,106,200
01/29/2022,FWS,TX,ASW,CE,Federal Contract Tower,0,0,3,0,3,0,0,85,0,85,0,0,88,0,88,146,0,146,234
01/30/2022,FWS,TX,ASW,CE,Federal Contract Tower,0,1,15,0,16,0,1,57,0,58,0,2,72,0,74,36,0,36,110
01/31/2022,FWS,TX,ASW,CE,Federal Contract Tower,0,0,8,0,8,0,2,55,0,57,0,2,63,0,65,120,0,120,185
02/01/2022,FWS,TX,ASW,CE,Federal Contract Tower,0,2,11,0,13,0,11,73,0,84,0,13,84,0,97,202,0,202,299
02/02/2022,FWS,TX,ASW,CE,Federal Contract Tower,0,2,6,0,8,0,0,8,0,8,0,2,14,0,16,12,0,12,28
02/03/2022,FWS,TX,ASW,CE,Federal Contract Tower,0,0,0,0,0,0,0,0,0,0,0,0,0,0,0,0,0,0,0
02/04/2022,FWS,TX,ASW,CE,Federal Contract Tower,0,0,0,0,0,0,0,3,0,3,0,0,3,0,3,0,0,0,3
02/05/2022,FWS,TX,ASW,CE,Federal Contract Tower,0,0,8,0,8,0,0,38,0,38,0,0,46,0,46,68,0,68,114
02/06/2022,FWS,TX,ASW,CE,Federal Contract Tower,0,0,6,0,6,0,1,47,0,48,0,1,53,0,54,104,0,104,158
02/07/2022,FWS,TX,ASW,CE,Federal Contract Tower,0,2,5,0,7,0,0,58,0,58,0,2,63,0,65,76,0,76,141
02/08/2022,FWS,TX,ASW,CE,Federal Contract Tower,0,1,2,0,3,0,6,57,0,63,0,7,59,0,66,104,0,104,170
02/09/2022,FWS,TX,ASW,CE,Federal Contract Tower,0,1,3,0,4,0,0,91,0,91,0,1,94,0,95,130,0,130,225
02/10/2022,FWS,TX,ASW,CE,Federal Contract Tower,0,0,10,0,10,0,3,73,0,76,0,3,83,0,86,162,0,162,248
02/11/2022,FWS,TX,ASW,CE,Federal Contract Tower,0,3,13,0,16,0,4,77,0,81,0,7,90,0,97,82,0,82,179
02/12/2022,FWS,TX,ASW,CE,Federal Contract Tower,0,0,6,0,6,0,0,12,0,12,0,0,18,0,18,10,0,10,28
02/13/2022,FWS,TX,ASW,CE,Federal Contract Tower,0,0,3,0,3,0,1,79,0,80,0,1,82,0,83,120,0,120,203
02/14/2022,FWS,TX,ASW,CE,Federal Contract Tower,0,1,3,0,4,0,0,61,0,61,0,1,64,0,65,98,0,98,163
02/15/2022,FWS,TX,ASW,CE,Federal Contract Tower,0,2,11,0,13,0,0,40,0,40,0,2,51,0,53,38,0,38,91
02/16/2022,FWS,TX,ASW,CE,Federal Contract Tower,0,4,5,0,9,0,0,15,0,15,0,4,20,0,24,14,0,14,38
02/17/2022,FWS,TX,ASW,CE,Federal Contract Tower,0,1,11,0,12,0,6,1,0,7,0,7,12,0,19,0,0,0,19
02/18/2022,FWS,TX,ASW,CE,Federal Contract Tower,0,2,8,0,10,0,2,84,2,88,0,4,92,2,98,264,0,264,362
02/19/2022,FWS,TX,ASW,CE,Federal Contract Tower,0,5,7,0,12,0,0,88,0,88,0,5,95,0,100,160,0,160,260
02/20/2022,FWS,TX,ASW,CE,Federal Contract Tower,0,1,3,0,4,0,0,37,0,37,0,1,40,0,41,140,0,140,181
02/21/2022,FWS,TX,ASW,CE,Federal Contract Tower,0,0,7,0,7,0,0,27,0,27,0,0,34,0,34,44,0,44,78
02/22/2022,FWS,TX,ASW,CE,Federal Contract Tower,0,2,7,0,9,0,1,46,0,47,0,3,53,0,56,68,0,68,124
02/23/2022,FWS,TX,ASW,CE,Federal Contract Tower,0,1,2,0,3,0,0,0,0,0,0,1,2,0,3,0,0,0,3
02/24/2022,FWS,TX,ASW,CE,Federal Contract Tower,0,0,0,0,0,0,0,1,0,1,0,0,1,0,1,0,0,0,1
02/25/2022,FWS,TX,ASW,CE,Federal Contract Tower,0,1,6,0,7,0,4,42,0,46,0,5,48,0,53,110,0,110,163
02/26/2022,FWS,TX,ASW,CE,Federal Contract Tower,0,0,2,0,2,0,0,2,0,2,0,0,4,0,4,2,0,2,6
02/27/2022,FWS,TX,ASW,CE,Federal Contract Tower,0,1,10,0,11,0,0,63,0,63,0,1,73,0,74,118,0,118,192
02/28/2022,FWS,TX,ASW,CE,Federal Contract Tower,0,2,9,0,11,0,0,63,0,63,0,2,72,0,74,140,0,140,214
03/01/2022,FWS,TX,ASW,CE,Federal Contract Tower,0,2,2,0,4,0,2,122,0,124,0,4,124,0,128,202,0,202,330
03/02/2022,FWS,TX,ASW,CE,Federal Contract Tower,0,1,4,0,5,0,4,92,0,96,0,5,96,0,101,192,0,192,293
03/03/2022,FWS,TX,ASW,CE,Federal Contract Tower,0,3,9,0,12,0,0,77,0,77,0,3,86,0,89,134,0,134,223
03/04/2022,FWS,TX,ASW,CE,Federal Contract Tower,0,0,13,0,13,0,2,40,0,42,0,2,53,0,55,140,0,140,195
03/05/2022,FWS,TX,ASW,CE,Federal Contract Tower,0,0,11,0,11,0,0,38,0,38,0,0,49,0,49,94,0,94,143
03/06/2022,FWS,TX,ASW,CE,Federal Contract Tower,0,0,5,0,5,0,0,10,0,10,0,0,15,0,15,12,0,12,27
03/07/2022,FWS,TX,ASW,CE,Federal Contract Tower,0,5,5,2,12,0,5,43,0,48,0,10,48,2,60,102,0,102,162
03/08/2022,FWS,TX,ASW,CE,Federal Contract Tower,0,3,5,0,8,0,2,19,0,21,0,5,24,0,29,36,0,36,65
03/09/2022,FWS,TX,ASW,CE,Federal Contract Tower,0,2,4,0,6,0,5,96,0,101,0,7,100,0,107,206,0,206,313
03/10/2022,FWS,TX,ASW,CE,Federal Contract Tower,0,0,7,0,7,0,4,69,0,73,0,4,76,0,80,138,0,138,218
03/11/2022,FWS,TX,ASW,CE,Federal Contract Tower,0,1,1,0,2,0,1,6,0,7,0,2,7,0,9,2,0,2,11
03/12/2022,FWS,TX,ASW,CE,Federal Contract Tower,0,1,8,0,9,0,0,114,0,114,0,1,122,0,123,194,0,194,317
03/13/2022,FWS,TX,ASW,CE,Federal Contract Tower,0,0,4,0,4,0,0,58,0,58,0,0,62,0,62,84,0,84,146
03/14/2022,FWS,TX,ASW,CE,Federal Contract Tower,0,1,13,0,14,0,2,2,0,4,0,3,15,0,18,2,0,2,20
03/15/2022,FWS,TX,ASW,CE,Federal Contract Tower,0,6,8,0,14,0,1,77,0,78,0,7,85,0,92,94,0,94,186
03/16/2022,FWS,TX,ASW,CE,Federal Contract Tower,0,1,7,0,8,0,11,96,0,107,0,12,103,0,115,190,0,190,305
03/17/2022,FWS,TX,ASW,CE,Federal Contract Tower,0,2,19,0,21,0,0,10,0,10,0,2,29,0,31,2,0,2,33
03/18/2022,FWS,TX,ASW,CE,Federal Contract Tower,0,3,4,0,7,0,6,21,0,27,0,9,25,0,34,14,0,14,48
03/19/2022,FWS,TX,ASW,CE,Federal Contract Tower,0,0,8,0,8,0,3,133,0,136,0,3,141,0,144,282,0,282,426
03/20/2022,FWS,TX,ASW,CE,Federal Contract Tower,0,0,3,0,3,0,0,48,0,48,0,0,51,0,51,82,0,82,133
03/21/2022,FWS,TX,ASW,CE,Federal Contract Tower,0,2,6,0,8,0,0,0,0,0,0,2,6,0,8,0,0,0,8
03/22/2022,FWS,TX,ASW,CE,Federal Contract Tower,0,0,9,0,9,0,0,3,0,3,0,0,12,0,12,0,0,0,12
03/23/2022,FWS,TX,ASW,CE,Federal Contract Tower,0,4,16,0,20,0,1,42,0,43,0,5,58,0,63,34,0,34,97
03/24/2022,FWS,TX,ASW,CE,Federal Contract Tower,0,3,6,0,9,0,6,56,1,63,0,9,62,1,72,164,0,164,236
03/25/2022,FWS,TX,ASW,CE,Federal Contract Tower,0,3,0,0,3,0,8,121,1,130,0,11,121,1,133,248,0,248,381
03/26/2022,FWS,TX,ASW,CE,Federal Contract Tower,0,2,9,0,11,0,2,122,0,124,0,4,131,0,135,280,0,280,415
03/27/2022,FWS,TX,ASW,CE,Federal Contract Tower,0,0,6,0,6,0,2,63,0,65,0,2,69,0,71,116,0,116,187
03/28/2022,FWS,TX,ASW,CE,Federal Contract Tower,0,3,6,0,9,0,0,55,0,55,0,3,61,0,64,64,0,64,128
03/29/2022,FWS,TX,ASW,CE,Federal Contract Tower,0,4,5,0,9,0,2,25,0,27,0,6,30,0,36,52,0,52,88
03/30/2022,FWS,TX,ASW,CE,Federal Contract Tower,0,5,1,0,6,0,0,11,0,11,0,5,12,0,17,10,0,10,27
03/31/2022,FWS,TX,ASW,CE,Federal Contract Tower,0,0,3,0,3,0,0,66,0,66,0,0,69,0,69,128,0,128,197
04/01/2022,FWS,TX,ASW,CE,Federal Contract Tower,0,0,4,0,4,0,0,80,0,80,0,0,84,0,84,202,0,202,286
04/02/2022,FWS,TX,ASW,CE,Federal Contract Tower,0,0,11,0,11,0,2,76,0,78,0,2,87,0,89,186,0,186,275
04/03/2022,FWS,TX,ASW,CE,Federal Contract Tower,0,0,5,0,5,0,0,60,0,60,0,0,65,0,65,86,0,86,151
04/04/2022,FWS,TX,ASW,CE,Federal Contract Tower,0,3,10,0,13,0,0,27,0,27,0,3,37,0,40,182,0,182,222
04/05/2022,FWS,TX,ASW,CE,Federal Contract Tower,0,1,5,0,6,0,1,61,0,62,0,2,66,0,68,168,0,168,236
04/06/2022,FWS,TX,ASW,CE,Federal Contract Tower,0,0,5,0,5,0,6,45,0,51,0,6,50,0,56,58,0,58,114
04/07/2022,FWS,TX,ASW,CE,Federal Contract Tower,0,1,10,0,11,0,0,39,0,39,0,1,49,0,50,50,0,50,100
04/08/2022,FWS,TX,ASW,CE,Federal Contract Tower,0,0,9,0,9,0,2,53,0,55,0,2,62,0,64,100,0,100,164
04/09/2022,FWS,TX,ASW,CE,Federal Contract Tower,0,2,8,0,10,0,0,103,0,103,0,2,111,0,113,188,0,188,301
04/10/2022,FWS,TX,ASW,CE,Federal Contract Tower,0,0,10,0,10,0,0,9,0,9,0,0,19,0,19,0,0,0,19
04/11/2022,FWS,TX,ASW,CE,Federal Contract Tower,0,1,6,0,7,0,6,25,0,31,0,7,31,0,38,20,0,20,58
04/12/2022,FWS,TX,ASW,CE,Federal Contract Tower,0,0,5,0,5,0,0,26,0,26,0,0,31,0,31,124,0,124,155
04/13/2022,FWS,TX,ASW,CE,Federal Contract Tower,0,2,9,0,11,0,1,13,0,14,0,3,22,0,25,8,0,8,33
04/14/2022,FWS,TX,ASW,CE,Federal Contract Tower,0,3,19,0,22,0,2,146,0,148,0,5,165,0,170,182,0,182,352
04/15/2022,FWS,TX,ASW,CE,Federal Contract Tower,0,4,17,0,21,0,1,58,0,59,0,5,75,0,80,162,0,162,242
04/16/2022,FWS,TX,ASW,CE,Federal Contract Tower,0,0,2,0,2,0,0,30,0,30,0,0,32,0,32,58,0,58,90
04/17/2022,FWS,TX,ASW,CE,Federal Contract Tower,0,0,9,0,9,0,0,22,0,22,0,0,31,0,31,6,0,6,37
04/18/2022,FWS,TX,ASW,CE,Federal Contract Tower,0,2,11,0,13,0,0,55,0,55,0,2,66,0,68,162,0,162,230
04/19/2022,FWS,TX,ASW,CE,Federal Contract Tower,0,1,10,0,11,0,0,42,0,42,0,1,52,0,53,48,0,48,101
04/20/2022,FWS,TX,ASW,CE,Federal Contract Tower,0,2,21,0,23,0,0,19,0,19,0,2,40,0,42,40,0,40,82
04/21/2022,FWS,TX,ASW,CE,Federal Contract Tower,0,4,29,0,33,0,0,43,0,43,0,4,72,0,76,96,0,96,172
04/22/2022,FWS,TX,ASW,CE,Federal Contract Tower,0,1,15,0,16,0,1,19,0,20,0,2,34,0,36,30,0,30,66
04/23/2022,FWS,TX,ASW,CE,Federal Contract Tower,0,1,9,0,10,0,0,12,0,12,0,1,21,0,22,18,0,18,40
04/24/2022,FWS,TX,ASW,CE,Federal Contract Tower,0,1,15,0,16,0,0,10,0,10,0,1,25,0,26,68,0,68,94
04/25/2022,FWS,TX,ASW,CE,Federal Contract Tower,0,2,7,0,9,0,0,35,0,35,0,2,42,0,44,154,0,154,198
04/26/2022,FWS,TX,ASW,CE,Federal Contract Tower,0,1,13,0,14,0,0,90,0,90,0,1,103,0,104,122,0,122,226
04/27/2022,FWS,TX,ASW,CE,Federal Contract Tower,0,2,12,0,14,0,0,76,0,76,0,2,88,0,90,112,0,112,202
04/28/2022,FWS,TX,ASW,CE,Federal Contract Tower,0,3,17,0,20,0,1,36,0,37,0,4,53,0,57,72,0,72,129
04/29/2022,FWS,TX,ASW,CE,Federal Contract Tower,0,0,11,0,11,0,1,32,0,33,0,1,43,0,44,82,0,82,126
04/30/2022,FWS,TX,ASW,CE,Federal Contract Tower,0,0,15,0,15,0,0,56,0,56,0,0,71,0,71,122,0,122,193
05/01/2022,FWS,TX,ASW,CE,Federal Contract Tower,0,7,4,0,11,0,0,47,0,47,0,7,51,0,58,50,0,50,108
05/02/2022,FWS,TX,ASW,CE,Federal Contract Tower,0,0,9,0,9,0,0,31,0,31,0,0,40,0,40,84,0,84,124
05/03/2022,FWS,TX,ASW,CE,Federal Contract Tower,0,1,31,0,32,0,0,13,0,13,0,1,44,0,45,66,0,66,111
05/04/2022,FWS,TX,ASW,CE,Federal Contract Tower,0,2,15,0,17,0,2,16,0,18,0,4,31,0,35,26,0,26,61
05/05/2022,FWS,TX,ASW,CE,Federal Contract Tower,0,1,6,0,7,0,0,43,0,43,0,1,49,0,50,48,0,48,98
05/06/2022,FWS,TX,ASW,CE,Federal Contract Tower,0,2,5,0,7,0,0,134,0,134,0,2,139,0,141,231,0,231,372
05/07/2022,FWS,TX,ASW,CE,Federal Contract Tower,0,0,11,0,11,0,1,16,0,17,0,1,27,0,28,32,0,32,60
05/08/2022,FWS,TX,ASW,CE,Federal Contract Tower,0,0,5,0,5,0,0,40,0,40,0,0,45,0,45,48,0,48,93
05/09/2022,FWS,TX,ASW,CE,Federal Contract Tower,0,5,12,0,17,0,2,26,0,28,0,7,38,0,45,98,0,98,143
05/10/2022,FWS,TX,ASW,CE,Federal Contract Tower,0,4,8,0,12,0,0,44,0,44,0,4,52,0,56,54,0,54,110
05/11/2022,FWS,TX,ASW,CE,Federal Contract Tower,0,2,2,0,4,0,4,60,0,64,0,6,62,0,68,140,0,140,208
05/12/2022,FWS,TX,ASW,CE,Federal Contract Tower,0,2,11,0,13,0,0,70,0,70,0,2,81,0,83,142,0,142,225
05/13/2022,FWS,TX,ASW,CE,Federal Contract Tower,0,3,11,0,14,0,0,90,0,90,0,3,101,0,104,88,0,88,192
05/14/2022,FWS,TX,ASW,CE,Federal Contract Tower,0,1,4,0,5,0,1,96,0,97,0,2,100,0,102,152,0,152,254
05/15/2022,FWS,TX,ASW,CE,Federal Contract Tower,0,2,3,0,5,0,1,45,0,46,0,3,48,0,51,84,0,84,135
05/16/2022,FWS,TX,ASW,CE,Federal Contract Tower,0,3,4,2,9,0,0,82,0,82,0,3,86,2,91,70,0,70,161
05/17/2022,FWS,TX,ASW,CE,Federal Contract Tower,0,3,4,0,7,0,0,44,0,44,0,3,48,0,51,20,0,20,71
05/18/2022,FWS,TX,ASW,CE,Federal Contract Tower,0,4,1,0,5,0,0,51,0,51,0,4,52,0,56,112,0,112,168
05/19/2022,FWS,TX,ASW,CE,Federal Contract Tower,0,6,8,0,14,0,1,42,0,43,0,7,50,0,57,16,0,16,73
05/20/2022,FWS,TX,ASW,CE,Federal Contract Tower,0,0,7,0,7,0,3,31,0,34,0,3,38,0,41,74,0,74,115
05/21/2022,FWS,TX,ASW,CE,Federal Contract Tower,0,0,3,0,3,0,0,32,0,32,0,0,35,0,35,90,0,90,125
05/22/2022,FWS,TX,ASW,CE,Federal Contract Tower,0,1,9,0,10,0,0,37,0,37,0,1,46,0,47,108,0,108,155
05/23/2022,FWS,TX,ASW,CE,Federal Contract Tower,0,1,15,0,16,0,0,15,0,15,0,1,30,0,31,22,0,22,53
05/24/2022,FWS,TX,ASW,CE,Federal Contract Tower,0,0,5,0,5,0,0,5,0,5,0,0,10,0,10,22,0,22,32
05/25/2022,FWS,TX,ASW,CE,Federal Contract Tower,0,1,12,0,13,0,0,21,0,21,0,1,33,0,34,52,0,52,86
05/26/2022,FWS,TX,ASW,CE,Federal Contract Tower,0,1,5,0,6,0,2,84,0,86,0,3,89,0,92,74,0,74,166
05/27/2022,FWS,TX,ASW,CE,Federal Contract Tower,0,3,6,0,9,0,1,122,0,123,0,4,128,0,132,316,0,316,448
05/28/2022,FWS,TX,ASW,CE,Federal Contract Tower,0,0,9,0,9,0,0,65,0,65,0,0,74,0,74,78,0,78,152
05/29/2022,FWS,TX,ASW,CE,Federal Contract Tower,0,0,10,0,10,0,0,25,0,25,0,0,35,0,35,62,0,62,97
05/30/2022,FWS,TX,ASW,CE,Federal Contract Tower,0,2,10,0,12,0,0,13,0,13,0,2,23,0,25,8,0,8,33
05/31/2022,FWS,TX,ASW,CE,Federal Contract Tower,0,0,7,0,7,0,0,35,0,35,0,0,42,0,42,22,0,22,64
06/01/2022,FWS,TX,ASW,CE,Federal Contract Tower,0,1,13,0,14,0,2,56,0,58,0,3,69,0,72,194,0,194,266
06/02/2022,FWS,TX,ASW,CE,Federal Contract Tower,0,1,3,0,4,0,4,52,0,56,0,5,55,0,60,114,0,114,174
06/03/2022,FWS,TX,ASW,CE,Federal Contract Tower,0,2,9,0,11,0,0,54,0,54,0,2,63,0,65,196,0,196,261
06/04/2022,FWS,TX,ASW,CE,Federal Contract Tower,0,0,11,0,11,0,0,71,0,71,0,0,82,0,82,78,0,78,160
06/05/2022,FWS,TX,ASW,CE,Federal Contract Tower,0,2,4,0,6,0,0,51,0,51,0,2,55,0,57,40,0,40,97
06/06/2022,FWS,TX,ASW,CE,Federal Contract Tower,0,1,13,0,14,0,0,69,0,69,0,1,82,0,83,118,0,118,201
06/07/2022,FWS,TX,ASW,CE,Federal Contract Tower,0,0,13,0,13,0,0,57,0,57,0,0,70,0,70,38,0,38,108
06/08/2022,FWS,TX,ASW,CE,Federal Contract Tower,0,1,4,0,5,0,0,60,0,60,0,1,64,0,65,136,0,136,201
06/09/2022,FWS,TX,ASW,CE,Federal Contract Tower,0,7,22,0,29,0,0,48,0,48,0,7,70,0,77,82,0,82,159
06/10/2022,FWS,TX,ASW,CE,Federal Contract Tower,0,2,1,0,3,0,0,71,0,71,0,2,72,0,74,106,0,106,180
06/11/2022,FWS,TX,ASW,CE,Federal Contract Tower,0,0,1,0,1,0,7,54,0,61,0,7,55,0,62,84,0,84,146
06/12/2022,FWS,TX,ASW,CE,Federal Contract Tower,0,0,2,0,2,0,0,37,0,37,0,0,39,0,39,62,0,62,101
06/13/2022,FWS,TX,ASW,CE,Federal Contract Tower,0,2,7,0,9,0,4,70,0,74,0,6,77,0,83,80,0,80,163
06/14/2022,FWS,TX,ASW,CE,Federal Contract Tower,0,1,5,0,6,0,0,45,0,45,0,1,50,0,51,86,0,86,137
06/15/2022,FWS,TX,ASW,CE,Federal Contract Tower,0,4,4,0,8,0,0,69,0,69,0,4,73,0,77,36,0,36,113
06/16/2022,FWS,TX,ASW,CE,Federal Contract Tower,0,4,4,0,8,0,1,91,0,92,0,5,95,0,100,126,0,126,226
06/17/2022,FWS,TX,ASW,CE,Federal Contract Tower,0,3,5,0,8,0,0,77,0,77,0,3,82,0,85,216,0,216,301
06/18/2022,FWS,TX,ASW,CE,Federal Contract Tower,0,1,1,0,2,0,1,70,0,71,0,2,71,0,73,92,0,92,165
06/19/2022,FWS,TX,ASW,CE,Federal Contract Tower,0,0,0,0,0,0,0,55,0,55,0,0,55,0,55,56,0,56,111
06/20/2022,FWS,TX,ASW,CE,Federal Contract Tower,0,0,0,0,0,0,0,74,0,74,0,0,74,0,74,184,0,184,258
06/21/2022,FWS,TX,ASW,CE,Federal Contract Tower,0,0,4,0,4,0,0,96,0,96,0,0,100,0,100,124,0,124,224
06/22/2022,FWS,TX,ASW,CE,Federal Contract Tower,0,2,6,0,8,0,0,103,0,103,0,2,109,0,111,212,0,212,323
06/23/2022,FWS,TX,ASW,CE,Federal Contract Tower,0,1,2,0,3,0,1,80,0,81,0,2,82,0,84,132,0,132,216
06/24/2022,FWS,TX,ASW,CE,Federal Contract Tower,0,3,10,0,13,0,1,80,0,81,0,4,90,0,94,92,0,92,186
06/25/2022,FWS,TX,ASW,CE,Federal Contract Tower,0,3,2,0,5,0,0,78,0,78,0,3,80,0,83,50,0,50,133
06/26/2022,FWS,TX,ASW,CE,Federal Contract Tower,0,1,5,0,6,0,0,62,0,62,0,1,67,0,68,78,0,78,146
06/27/2022,FWS,TX,ASW,CE,Federal Contract Tower,0,1,8,0,9,0,5,61,0,66,0,6,69,0,75,106,0,106,181
06/28/2022,FWS,TX,ASW,CE,Federal Contract Tower,0,0,4,0,4,0,6,74,0,80,0,6,78,0,84,142,0,142,226
06/29/2022,FWS,TX,ASW,CE,Federal Contract Tower,0,1,9,0,10,0,0,97,0,97,0,1,106,0,107,64,0,64,171
06/30/2022,FWS,TX,ASW,CE,Federal Contract Tower,0,4,4,0,8,0,1,96,0,97,0,5,100,0,105,142,0,142,247
07/01/2022,FWS,TX,ASW,CE,Federal Contract Tower,0,1,12,0,13,0,4,53,0,57,0,5,65,0,70,80,0,80,150
07/02/2022,FWS,TX,ASW,CE,Federal Contract Tower,0,4,8,0,12,0,0,53,0,53,0,4,61,0,65,92,0,92,157
07/03/2022,FWS,TX,ASW,CE,Federal Contract Tower,0,2,2,0,4,0,0,39,0,39,0,2,41,0,43,70,0,70,113
07/04/2022,FWS,TX,ASW,CE,Federal Contract Tower,0,0,1,0,1,0,0,35,0,35,0,0,36,0,36,50,0,50,86
07/05/2022,FWS,TX,ASW,CE,Federal Contract Tower,0,0,2,0,2,0,0,49,0,49,0,0,51,0,51,34,0,34,85
07/06/2022,FWS,TX,ASW,CE,Federal Contract Tower,0,1,3,0,4,0,0,47,0,47,0,1,50,0,51,78,0,78,129
07/07/2022,FWS,TX,ASW,CE,Federal Contract Tower,0,4,3,0,7,0,1,82,0,83,0,5,85,0,90,148,0,148,238
07/08/2022,FWS,TX,ASW,CE,Federal Contract Tower,0,4,4,0,8,0,3,61,0,64,0,7,65,0,72,156,0,156,228
07/09/2022,FWS,TX,ASW,CE,Federal Contract Tower,0,0,3,0,3,0,2,49,0,51,0,2,52,0,54,18,0,18,72
07/10/2022,FWS,TX,ASW,CE,Federal Contract Tower,0,2,3,0,5,0,0,46,0,46,0,2,49,0,51,64,0,64,115
07/11/2022,FWS,TX,ASW,CE,Federal Contract Tower,0,2,0,0,2,0,4,60,0,64,0,6,60,0,66,98,0,98,164
07/12/2022,FWS,TX,ASW,CE,Federal Contract Tower,0,3,4,0,7,0,3,65,0,68,0,6,69,0,75,84,0,84,159
07/13/2022,FWS,TX,ASW,CE,Federal Contract Tower,0,3,6,0,9,0,4,61,0,65,0,7,67,0,74,94,0,94,168
07/14/2022,FWS,TX,ASW,CE,Federal Contract Tower,0,4,8,0,12,0,5,55,0,60,0,9,63,0,72,124,0,124,196
07/15/2022,FWS,TX,ASW,CE,Federal Contract Tower,0,1,10,0,11,0,4,82,0,86,0,5,92,0,97,130,0,130,227
07/16/2022,FWS,TX,ASW,CE,Federal Contract Tower,0,1,5,0,6,0,0,74,0,74,0,1,79,0,80,128,0,128,208
07/17/2022,FWS,TX,ASW,CE,Federal Contract Tower,0,1,15,0,16,0,1,51,0,52,0,2,66,0,68,76,0,76,144
07/18/2022,FWS,TX,ASW,CE,Federal Contract Tower,0,2,3,0,5,0,1,48,0,49,0,3,51,0,54,56,0,56,110
07/19/2022,FWS,TX,ASW,CE,Federal Contract Tower,0,2,6,0,8,0,9,53,0,62,0,11,59,0,70,108,0,108,178
07/20/2022,FWS,TX,ASW,CE,Federal Contract Tower,0,5,7,0,12,0,1,51,0,52,0,6,58,0,64,88,0,88,152
07/21/2022,FWS,TX,ASW,CE,Federal Contract Tower,0,1,2,0,3,0,0,83,0,83,0,1,85,0,86,196,0,196,282
07/22/2022,FWS,TX,ASW,CE,Federal Contract Tower,0,0,7,0,7,0,2,55,0,57,0,2,62,0,64,110,0,110,174
07/23/2022,FWS,TX,ASW,CE,Federal Contract Tower,0,0,1,0,1,0,0,112,0,112,0,0,113,0,113,130,0,130,243
07/24/2022,FWS,TX,ASW,CE,Federal Contract Tower,0,1,4,0,5,0,2,41,0,43,0,3,45,0,48,48,0,48,96
07/25/2022,FWS,TX,ASW,CE,Federal Contract Tower,0,0,2,0,2,0,1,49,0,50,0,1,51,0,52,86,0,86,138
07/26/2022,FWS,TX,ASW,CE,Federal Contract Tower,0,2,4,0,6,0,4,71,0,75,0,6,75,0,81,232,0,232,313
07/27/2022,FWS,TX,ASW,CE,Federal Contract Tower,0,1,5,0,6,0,0,42,0,42,0,1,47,0,48,56,0,56,104
07/28/2022,FWS,TX,ASW,CE,Federal Contract Tower,0,1,9,0,10,0,0,63,0,63,0,1,72,0,73,102,0,102,175
07/29/2022,FWS,TX,ASW,CE,Federal Contract Tower,0,5,10,0,15,0,0,74,0,74,0,5,84,0,89,114,0,114,203
07/30/2022,FWS,TX,ASW,CE,Federal Contract Tower,0,2,9,0,11,0,2,48,0,50,0,4,57,0,61,114,0,114,175
07/31/2022,FWS,TX,ASW,CE,Federal Contract Tower,0,2,5,0,7,0,0,46,0,46,0,2,51,0,53,74,0,74,127
08/01/2022,FWS,TX,ASW,CE,Federal Contract Tower,0,1,4,0,5,0,2,50,0,52,0,3,54,0,57,62,0,62,119
08/02/2022,FWS,TX,ASW,CE,Federal Contract Tower,0,2,5,0,7,0,1,47,0,48,0,3,52,0,55,82,0,82,137
08/03/2022,FWS,TX,ASW,CE,Federal Contract Tower,0,0,14,0,14,0,1,65,0,66,0,1,79,0,80,8,0,8,88
08/04/2022,FWS,TX,ASW,CE,Federal Contract Tower,0,1,10,0,11,0,1,73,0,74,0,2,83,0,85,126,0,126,211
08/05/2022,FWS,TX,ASW,CE,Federal Contract Tower,0,4,2,0,6,0,0,72,0,72,0,4,74,0,78,88,0,88,166
08/06/2022,FWS,TX,ASW,CE,Federal Contract Tower,0,0,7,0,7,0,1,83,0,84,0,1,90,0,91,84,0,84,175
08/07/2022,FWS,TX,ASW,CE,Federal Contract Tower,0,0,7,0,7,0,0,68,0,68,0,0,75,0,75,66,0,66,141
08/08/2022,FWS,TX,ASW,CE,Federal Contract Tower,0,2,7,0,9,0,3,46,0,49,0,5,53,0,58,100,0,100,158
08/09/2022,FWS,TX,ASW,CE,Federal Contract Tower,0,1,6,0,7,0,7,56,0,63,0,8,62,0,70,64,0,64,134
08/10/2022,FWS,TX,ASW,CE,Federal Contract Tower,0,0,6,0,6,0,7,40,0,47,0,7,46,0,53,70,0,70,123
08/11/2022,FWS,TX,ASW,CE,Federal Contract Tower,0,0,0,0,0,0,2,61,0,63,0,2,61,0,63,62,0,62,125
08/12/2022,FWS,TX,ASW,CE,Federal Contract Tower,0,1,12,0,13,0,4,78,0,82,0,5,90,0,95,108,0,108,203
08/13/2022,FWS,TX,ASW,CE,Federal Contract Tower,0,1,3,0,4,0,2,61,0,63,0,3,64,0,67,140,0,140,207
08/14/2022,FWS,TX,ASW,CE,Federal Contract Tower,0,3,5,0,8,0,2,66,0,68,0,5,71,0,76,136,0,136,212
08/15/2022,FWS,TX,ASW,CE,Federal Contract Tower,0,0,3,0,3,0,0,58,0,58,0,0,61,0,61,66,0,66,127
08/16/2022,FWS,TX,ASW,CE,Federal Contract Tower,0,1,3,0,4,0,2,84,0,86,0,3,87,0,90,118,0,118,208
08/17/2022,FWS,TX,ASW,CE,Federal Contract Tower,0,5,8,0,13,0,0,44,0,44,0,5,52,0,57,88,0,88,145
08/18/2022,FWS,TX,ASW,CE,Federal Contract Tower,0,4,8,0,12,0,8,35,1,44,0,12,43,1,56,56,0,56,112
08/19/2022,FWS,TX,ASW,CE,Federal Contract Tower,0,0,10,1,11,0,2,39,0,41,0,2,49,1,52,106,0,106,158
08/20/2022,FWS,TX,ASW,CE,Federal Contract Tower,0,1,8,0,9,0,2,34,0,36,0,3,42,0,45,74,0,74,119
08/21/2022,FWS,TX,ASW,CE,Federal Contract Tower,0,1,4,0,5,0,1,9,0,10,0,2,13,0,15,10,0,10,25
08/22/2022,FWS,TX,ASW,CE,Federal Contract Tower,0,0,3,0,3,0,0,0,0,0,0,0,3,0,3,0,0,0,3
08/23/2022,FWS,TX,ASW,CE,Federal Contract Tower,0,1,24,0,25,0,0,2,0,2,0,1,26,0,27,0,0,0,27
08/24/2022,FWS,TX,ASW,CE,Federal Contract Tower,0,2,30,0,32,0,0,21,0,21,0,2,51,0,53,72,0,72,125
08/25/2022,FWS,TX,ASW,CE,Federal Contract Tower,0,1,13,0,14,0,2,80,0,82,0,3,93,0,96,128,0,128,224
08/26/2022,FWS,TX,ASW,CE,Federal Contract Tower,0,0,14,0,14,0,0,84,0,84,0,0,98,0,98,80,0,80,178
08/27/2022,FWS,TX,ASW,CE,Federal Contract Tower,0,1,3,0,4,0,5,65,0,70,0,6,68,0,74,86,0,86,160
08/28/2022,FWS,TX,ASW,CE,Federal Contract Tower,0,1,6,0,7,0,2,52,0,54,0,3,58,0,61,81,0,81,142
08/29/2022,FWS,TX,ASW,CE,Federal Contract Tower,0,0,7,0,7,0,4,46,0,50,0,4,53,0,57,96,0,96,153
08/30/2022,FWS,TX,ASW,CE,Federal Contract Tower,0,1,4,0,5,0,0,21,0,21,0,1,25,0,26,70,0,70,96
08/31/2022,FWS,TX,ASW,CE,Federal Contract Tower,0,0,13,0,13,0,0,22,0,22,0,0,35,0,35,30,0,30,65
09/01/2022,FWS,TX,ASW,CE,Federal Contract Tower,0,0,9,0,9,0,0,22,0,22,0,0,31,0,31,80,0,80,111
09/02/2022,FWS,TX,ASW,CE,Federal Contract Tower,0,1,12,0,13,0,0,19,0,19,0,1,31,0,32,24,0,24,56
09/03/2022,FWS,TX,ASW,CE,Federal Contract Tower,0,1,10,0,11,0,5,53,0,58,0,6,63,0,69,136,0,136,205
09/04/2022,FWS,TX,ASW,CE,Federal Contract Tower,0,0,5,0,5,0,17,33,0,50,0,17,38,0,55,80,0,80,135
09/05/2022,FWS,TX,ASW,CE,Federal Contract Tower,0,3,7,0,10,0,2,51,0,53,0,5,58,0,63,166,0,166,229
09/06/2022,FWS,TX,ASW,CE,Federal Contract Tower,0,1,0,0,1,0,0,57,0,57,0,1,57,0,58,88,0,88,146
09/07/2022,FWS,TX,ASW,CE,Federal Contract Tower,0,2,8,0,10,0,1,61,0,62,0,3,69,0,72,112,0,112,184
09/08/2022,FWS,TX,ASW,CE,Federal Contract Tower,0,2,20,0,22,0,6,76,0,82,0,8,96,0,104,158,0,158,262
09/09/2022,FWS,TX,ASW,CE,Federal Contract Tower,0,1,17,0,18,0,3,91,0,94,0,4,108,0,112,186,0,186,298
09/10/2022,FWS,TX,ASW,CE,Federal Contract Tower,0,1,8,0,9,0,0,93,0,93,0,1,101,0,102,222,0,222,324
09/11/2022,FWS,TX,ASW,CE,Federal Contract Tower,0,2,18,0,20,0,4,56,0,60,0,6,74,0,80,96,0,96,176
09/12/2022,FWS,TX,ASW,CE,Federal Contract Tower,0,0,10,0,10,0,2,106,0,108,0,2,116,0,118,172,0,172,290
09/13/2022,FWS,TX,ASW,CE,Federal Contract Tower,0,2,3,0,5,0,0,86,0,86,0,2,89,0,91,206,0,206,297
09/14/2022,FWS,TX,ASW,CE,Federal Contract Tower,0,0,4,0,4,0,7,93,0,100,0,7,97,0,104,172,0,172,276
09/15/2022,FWS,TX,ASW,CE,Federal Contract Tower,0,0,7,0,7,0,0,91,0,91,0,0,98,0,98,198,0,198,296
09/16/2022,FWS,TX,ASW,CE,Federal Contract Tower,0,4,8,0,12,0,0,78,0,78,0,4,86,0,90,112,0,112,202
09/17/2022,FWS,TX,ASW,CE,Federal Contract Tower,0,1,7,0,8,0,1,97,0,98,0,2,104,0,106,140,0,140,246
09/18/2022,FWS,TX,ASW,CE,Federal Contract Tower,0,0,8,0,8,0,1,61,0,62,0,1,69,0,70,118,0,118,188
09/19/2022,FWS,TX,ASW,CE,Federal Contract Tower,0,2,5,0,7,0,3,78,0,81,0,5,83,0,88,74,0,74,162
09/20/2022,FWS,TX,ASW,CE,Federal Contract Tower,0,2,9,0,11,0,2,105,0,107,0,4,114,0,118,126,0,126,244
09/21/2022,FWS,TX,ASW,CE,Federal Contract Tower,0,0,4,0,4,0,3,107,0,110,0,3,111,0,114,190,0,190,304
09/22/2022,FWS,TX,ASW,CE,Federal Contract Tower,0,0,3,0,3,0,9,91,0,100,0,9,94,0,103,174,0,174,277
09/23/2022,FWS,TX,ASW,CE,Federal Contract Tower,0,0,8,0,8,0,9,105,0,114,0,9,113,0,122,142,0,142,264
09/24/2022,FWS,TX,ASW,CE,Federal Contract Tower,0,0,15,0,15,0,0,75,0,75,0,0,90,0,90,122,0,122,212
09/25/2022,FWS,TX,ASW,CE,Federal Contract Tower,0,0,12,0,12,0,3,48,0,51,0,3,60,0,63,140,0,140,203
09/26/2022,FWS,TX,ASW,CE,Federal Contract Tower,0,2,3,0,5,0,2,70,0,72,0,4,73,0,77,140,0,140,217
09/27/2022,FWS,TX,ASW,CE,Federal Contract Tower,0,4,2,0,6,0,0,109,0,109,0,4,111,0,115,266,0,266,381
09/28/2022,FWS,TX,ASW,CE,Federal Contract Tower,0,2,7,0,9,0,5,67,0,72,0,7,74,0,81,110,0,110,191
09/29/2022,FWS,TX,ASW,CE,Federal Contract Tower,0,3,9,0,12,0,0,88,0,88,0,3,97,0,100,126,0,126,226
09/30/2022,FWS,TX,ASW,CE,Federal Contract Tower,0,3,15,0,18,0,4,104,0,108,0,7,119,0,126,172,0,172,298
10/01/2022,FWS,TX,ASW,CE,Federal Contract Tower,0,0,5,0,5,0,0,101,0,101,0,0,106,0,106,174,0,174,280
10/02/2022,FWS,TX,ASW,CE,Federal Contract Tower,0,0,15,0,15,0,0,53,0,53,0,0,68,0,68,72,0,72,140
10/03/2022,FWS,TX,ASW,CE,Federal Contract Tower,0,2,4,0,6,0,0,79,0,79,0,2,83,0,85,116,0,116,201
10/04/2022,FWS,TX,ASW,CE,Federal Contract Tower,0,2,6,0,8,0,0,79,0,79,0,2,85,0,87,76,0,76,163
10/05/2022,FWS,TX,ASW,CE,Federal Contract Tower,0,1,14,0,15,0,0,91,0,91,0,1,105,0,106,150,0,150,256
10/06/2022,FWS,TX,ASW,CE,Federal Contract Tower,0,2,6,0,8,0,4,117,0,121,0,6,123,0,129,272,0,272,401
10/07/2022,FWS,TX,ASW,CE,Federal Contract Tower,0,4,9,0,13,0,3,88,0,91,0,7,97,0,104,148,0,148,252
10/08/2022,FWS,TX,ASW,CE,Federal Contract Tower,0,8,13,0,21,0,0,74,0,74,0,8,87,0,95,88,0,88,183
10/09/2022,FWS,TX,ASW,CE,Federal Contract Tower,0,0,8,0,8,0,0,61,0,61,0,0,69,0,69,130,0,130,199
10/10/2022,FWS,TX,ASW,CE,Federal Contract Tower,0,3,5,0,8,0,2,70,0,72,0,5,75,0,80,114,0,114,194
10/11/2022,FWS,TX,ASW,CE,Federal Contract Tower,0,1,14,8,23,0,2,52,0,54,0,3,66,8,77,72,0,72,149
10/12/2022,FWS,TX,ASW,CE,Federal Contract Tower,0,3,11,0,14,0,0,52,0,52,0,3,63,0,66,198,0,198,264
10/13/2022,FWS,TX,ASW,CE,Federal Contract Tower,0,1,11,0,12,0,0,95,0,95,0,1,106,0,107,146,0,146,253
10/14/2022,FWS,TX,ASW,CE,Federal Contract Tower,0,1,4,0,5,0,0,80,0,80,0,1,84,0,85,156,0,156,241
10/15/2022,FWS,TX,ASW,CE,Federal Contract Tower,0,2,12,0,14,0,0,82,0,82,0,2,94,0,96,80,0,80,176
10/16/2022,FWS,TX,ASW,CE,Federal Contract Tower,0,3,5,0,8,0,0,4,0,4,0,3,9,0,12,28,0,28,40
10/17/2022,FWS,TX,ASW,CE,Federal Contract Tower,0,0,3,0,3,0,0,74,0,74,0,0,77,0,77,138,0,138,215
10/18/2022,FWS,TX,ASW,CE,Federal Contract Tower,0,3,10,0,13,0,4,73,0,77,0,7,83,0,90,126,0,126,216
10/19/2022,FWS,TX,ASW,CE,Federal Contract Tower,0,1,10,0,11,0,0,106,0,106,0,1,116,0,117,240,0,240,357
10/20/2022,FWS,TX,ASW,CE,Federal Contract Tower,0,3,5,0,8,0,0,63,0,63,0,3,68,0,71,120,0,120,191
10/21/2022,FWS,TX,ASW,CE,Federal Contract Tower,0,2,9,0,11,0,0,115,0,115,0,2,124,0,126,216,0,216,342
10/22/2022,FWS,TX,ASW,CE,Federal Contract Tower,0,1,7,0,8,0,0,42,0,42,0,1,49,0,50,80,0,80,130
10/23/2022,FWS,TX,ASW,CE,Federal Contract Tower,0,1,15,0,16,0,0,22,0,22,0,1,37,0,38,30,0,30,68
10/24/2022,FWS,TX,ASW,CE,Federal Contract Tower,0,2,8,0,10,0,0,1,0,1,0,2,9,0,11,0,0,0,11
10/25/2022,FWS,TX,ASW,CE,Federal Contract Tower,0,4,10,0,14,0,0,0,0,0,0,4,10,0,14,44,0,44,58
10/26/2022,FWS,TX,ASW,CE,Federal Contract Tower,0,1,7,0,8,0,8,122,0,130,0,9,129,0,138,272,0,272,410
10/27/2022,FWS,TX,ASW,CE,Federal Contract Tower,0,3,12,0,15,0,6,93,0,99,0,9,105,0,114,234,0,234,348
10/28/2022,FWS,TX,ASW,CE,Federal Contract Tower,0,1,11,0,12,0,0,0,0,0,0,1,11,0,12,0,0,0,12
10/29/2022,FWS,TX,ASW,CE,Federal Contract Tower,0,0,15,0,15,0,0,4,0,4,0,0,19,0,19,12,0,12,31
10/30/2022,FWS,TX,ASW,CE,Federal Contract Tower,0,2,15,0,17,0,0,89,0,89,0,2,104,0,106,166,0,166,272
10/31/2022,FWS,TX,ASW,CE,Federal Contract Tower,0,0,7,0,7,0,5,80,0,85,0,5,87,0,92,196,0,196,288
11/01/2022,FWS,TX,ASW,CE,Federal Contract Tower,0,0,11,0,11,0,0,67,0,67,0,0,78,0,78,140,0,140,218
11/02/2022,FWS,TX,ASW,CE,Federal Contract Tower,0,1,22,0,23,0,3,23,0,26,0,4,45,0,49,128,0,128,177
11/03/2022,FWS,TX,ASW,CE,Federal Contract Tower,0,3,27,0,30,0,0,21,0,21,0,3,48,0,51,62,0,62,113
11/04/2022,FWS,TX,ASW,CE,Federal Contract Tower,0,1,11,0,12,0,0,1,0,1,0,1,12,0,13,0,0,0,13
11/05/2022,FWS,TX,ASW,CE,Federal Contract Tower,0,1,15,0,16,0,0,78,0,78,0,1,93,0,94,238,0,238,332
11/06/2022,FWS,TX,ASW,CE,Federal Contract Tower,0,2,7,0,9,0,0,48,0,48,0,2,55,0,57,172,0,172,229
11/07/2022,FWS,TX,ASW,CE,Federal Contract Tower,0,0,9,0,9,0,0,7,0,7,0,0,16,0,16,0,0,0,16
11/08/2022,FWS,TX,ASW,CE,Federal Contract Tower,0,1,24,0,25,0,0,21,0,21,0,1,45,0,46,30,0,30,76
11/09/2022,FWS,TX,ASW,CE,Federal Contract Tower,0,2,18,0,20,0,0,70,0,70,0,2,88,0,90,58,0,58,148
11/10/2022,FWS,TX,ASW,CE,Federal Contract Tower,0,1,30,0,31,0,0,11,0,11,0,1,41,0,42,78,0,78,120
11/11/2022,FWS,TX,ASW,CE,Federal Contract Tower,0,1,9,0,10,0,1,5,0,6,0,2,14,0,16,0,0,0,16
11/12/2022,FWS,TX,ASW,CE,Federal Contract Tower,0,0,2,0,2,0,0,82,0,82,0,0,84,0,84,180,0,180,264
11/13/2022,FWS,TX,ASW,CE,Federal Contract Tower,0,0,12,0,12,0,0,72,0,72,0,0,84,0,84,172,0,172,256
11/14/2022,FWS,TX,ASW,CE,Federal Contract Tower,0,1,1,0,2,0,0,6,0,6,0,1,7,0,8,12,0,12,20
11/15/2022,FWS,TX,ASW,CE,Federal Contract Tower,0,3,4,0,7,0,2,69,1,72,0,5,73,1,79,102,0,102,181
11/16/2022,FWS,TX,ASW,CE,Federal Contract Tower,0,1,7,0,8,0,3,93,1,97,0,4,100,1,105,192,0,192,297
11/17/2022,FWS,TX,ASW,CE,Federal Contract Tower,0,0,10,0,10,0,0,123,0,123,0,0,133,0,133,224,0,224,357
11/18/2022,FWS,TX,ASW,CE,Federal Contract Tower,0,3,6,0,9,0,3,107,0,110,0,6,113,0,119,180,0,180,299
11/19/2022,FWS,TX,ASW,CE,Federal Contract Tower,0,2,7,0,9,0,3,57,0,60,0,5,64,0,69,126,0,126,195
11/20/2022,FWS,TX,ASW,CE,Federal Contract Tower,0,0,4,0,4,0,0,44,0,44,0,0,48,0,48,130,0,130,178
11/21/2022,FWS,TX,ASW,CE,Federal Contract Tower,0,1,5,0,6,0,0,64,0,64,0,1,69,0,70,252,0,252,322
11/22/2022,FWS,TX,ASW,CE,Federal Contract Tower,0,0,9,0,9,0,2,42,0,44,0,2,51,0,53,202,0,202,255
11/23/2022,FWS,TX,ASW,CE,Federal Contract Tower,0,0,15,0,15,0,0,11,0,11,0,0,26,0,26,20,0,20,46
11/24/2022,FWS,TX,ASW,CE,Federal Contract Tower,0,0,1,0,1,0,0,0,0,0,0,0,1,0,1,0,0,0,1
11/25/2022,FWS,TX,ASW,CE,Federal Contract Tower,0,0,10,0,10,0,0,2,0,2,0,0,12,0,12,0,0,0,12
11/26/2022,FWS,TX,ASW,CE,Federal Contract Tower,0,0,4,0,4,0,0,0,0,0,0,0,4,0,4,0,0,0,4
11/27/2022,FWS,TX,ASW,CE,Federal Contract Tower,0,3,13,0,16,0,0,79,0,79,0,3,92,0,95,76,0,76,171
11/28/2022,FWS,TX,ASW,CE,Federal Contract Tower,0,0,1,0,1,0,0,86,0,86,0,0,87,0,87,148,0,148,235
11/29/2022,FWS,TX,ASW,CE,Federal Contract Tower,0,2,8,0,10,0,0,50,0,50,0,2,58,0,60,112,0,112,172
11/30/2022,FWS,TX,ASW,CE,Federal Contract Tower,0,3,11,0,14,0,0,82,0,82,0,3,93,0,96,304,0,304,400
12/01/2022,FWS,TX,ASW,CE,Federal Contract Tower,0,1,3,0,4,0,2,93,0,95,0,3,96,0,99,146,0,146,245
12/02/2022,FWS,TX,ASW,CE,Federal Contract Tower,0,0,15,0,15,0,0,8,0,8,0,0,23,0,23,22,0,22,45
12/03/2022,FWS,TX,ASW,CE,Federal Contract Tower,0,1,9,0,10,0,0,68,0,68,0,1,77,0,78,206,0,206,284
12/04/2022,FWS,TX,ASW,CE,Federal Contract Tower,0,3,12,0,15,0,0,37,0,37,0,3,49,0,52,108,0,108,160
12/05/2022,FWS,TX,ASW,CE,Federal Contract Tower,0,0,12,0,12,0,12,63,0,75,0,12,75,0,87,104,0,104,191
12/06/2022,FWS,TX,ASW,CE,Federal Contract Tower,0,2,14,0,16,0,5,65,0,70,0,7,79,0,86,218,0,218,304
12/07/2022,FWS,TX,ASW,CE,Federal Contract Tower,0,0,6,0,6,0,2,15,0,17,0,2,21,0,23,34,0,34,57
12/08/2022,FWS,TX,ASW,CE,Federal Contract Tower,0,2,23,0,25,0,0,34,0,34,0,2,57,0,59,82,0,82,141
12/09/2022,FWS,TX,ASW,CE,Federal Contract Tower,0,3,21,0,24,0,0,0,0,0,0,3,21,0,24,0,0,0,24
12/10/2022,FWS,TX,ASW,CE,Federal Contract Tower,0,1,2,0,3,0,0,9,0,9,0,1,11,0,12,0,0,0,12
12/11/2022,FWS,TX,ASW,CE,Federal Contract Tower,0,1,17,0,18,0,0,1,0,1,0,1,18,0,19,10,0,10,29
12/12/2022,FWS,TX,ASW,CE,Federal Contract Tower,0,2,7,0,9,0,0,0,0,0,0,2,7,0,9,0,0,0,9
12/13/2022,FWS,TX,ASW,CE,Federal Contract Tower,0,1,4,0,5,0,0,59,0,59,0,1,63,0,64,104,0,104,168
12/14/2022,FWS,TX,ASW,CE,Federal Contract Tower,0,2,12,0,14,0,0,93,0,93,0,2,105,0,107,190,0,190,297
12/15/2022,FWS,TX,ASW,CE,Federal Contract Tower,0,3,10,0,13,0,0,139,0,139,0,3,149,0,152,262,0,262,414
12/16/2022,FWS,TX,ASW,CE,Federal Contract Tower,0,1,8,0,9,0,3,129,0,132,0,4,137,0,141,250,0,250,391
12/17/2022,FWS,TX,ASW,CE,Federal Contract Tower,0,0,9,0,9,0,0,91,0,91,0,0,100,0,100,202,0,202,302
12/18/2022,FWS,TX,ASW,CE,Federal Contract Tower,0,1,4,0,5,0,0,76,0,76,0,1,80,0,81,162,0,162,243
12/19/2022,FWS,TX,ASW,CE,Federal Contract Tower,0,2,7,0,9,0,1,10,0,11,0,3,17,0,20,22,0,22,42
12/20/2022,FWS,TX,ASW,CE,Federal Contract Tower,0,1,12,0,13,0,10,87,0,97,0,11,99,0,110,284,0,284,394
12/21/2022,FWS,TX,ASW,CE,Federal Contract Tower,0,1,6,0,7,0,0,85,0,85,0,1,91,0,92,320,0,320,412
12/22/2022,FWS,TX,ASW,CE,Federal Contract Tower,0,0,2,0,2,0,0,2,0,2,0,0,4,0,4,0,0,0,4
12/23/2022,FWS,TX,ASW,CE,Federal Contract Tower,0,0,5,0,5,0,0,20,0,20,0,0,25,0,25,14,0,14,39
12/24/2022,FWS,TX,ASW,CE,Federal Contract Tower,0,0,2,0,2,0,0,19,0,19,0,0,21,0,21,6,0,6,27
12/25/2022,FWS,TX,ASW,CE,Federal Contract Tower,0,0,1,0,1,0,0,14,0,14,0,0,15,0,15,2,0,2,17
12/26/2022,FWS,TX,ASW,CE,Federal Contract Tower,0,4,10,0,14,0,0,37,0,37,0,4,47,0,51,0,0,0,51
12/27/2022,FWS,TX,ASW,CE,Federal Contract Tower,0,0,2,0,2,0,7,78,0,85,0,7,80,0,87,36,0,36,123
12/28/2022,FWS,TX,ASW,CE,Federal Contract Tower,0,0,4,0,4,0,0,33,0,33,0,0,37,0,37,50,0,50,87
12/29/2022,FWS,TX,ASW,CE,Federal Contract Tower,0,1,7,0,8,0,0,56,0,56,0,1,63,0,64,162,0,162,226
12/30/2022,FWS,TX,ASW,CE,Federal Contract Tower,0,0,11,0,11,0,0,76,0,76,0,0,87,0,87,128,0,128,215
12/31/2022,FWS,TX,ASW,CE,Federal Contract Tower,0,0,8,0,8,0,0,71,0,71,0,0,79,0,79,22,0,22,101
01/01/2023,FWS,TX,ASW,CE,Federal Contract Tower,0,0,2,0,2,0,0,34,0,34,0,0,36,0,36,40,0,40,76
01/02/2023,FWS,TX,ASW,CE,Federal Contract Tower,0,0,7,0,7,0,0,6,0,6,0,0,13,0,13,56,0,56,69
01/03/2023,FWS,TX,ASW,CE,Federal Contract Tower,0,0,7,0,7,0,0,61,0,61,0,0,68,0,68,102,0,102,170
01/04/2023,FWS,TX,ASW,CE,Federal Contract Tower,0,0,4,0,4,0,0,112,0,112,0,0,116,0,116,276,0,276,392
01/05/2023,FWS,TX,ASW,CE,Federal Contract Tower,0,0,2,0,2,0,2,129,0,131,0,2,131,0,133,294,0,294,427
01/06/2023,FWS,TX,ASW,CE,Federal Contract Tower,0,6,10,0,16,0,2,42,0,44,0,8,52,0,60,118,0,118,178
01/07/2023,FWS,TX,ASW,CE,Federal Contract Tower,0,1,3,0,4,0,0,118,0,118,0,1,121,0,122,198,0,198,320
01/08/2023,FWS,TX,ASW,CE,Federal Contract Tower,0,0,5,0,5,0,2,86,0,88,0,2,91,0,93,184,0,184,277
01/09/2023,FWS,TX,ASW,CE,Federal Contract Tower,0,0,10,0,10,0,0,67,0,67,0,0,77,0,77,212,0,212,289
01/10/2023,FWS,TX,ASW,CE,Federal Contract Tower,0,4,3,0,7,0,1,119,0,120,0,5,122,0,127,118,0,118,245
01/11/2023,FWS,TX,ASW,CE,Federal Contract Tower,0,3,12,0,15,0,5,66,0,71,0,8,78,0,86,150,0,150,236
01/12/2023,FWS,TX,ASW,CE,Federal Contract Tower,0,1,12,0,13,0,2,45,0,47,0,3,57,0,60,39,0,39,99
01/13/2023,FWS,TX,ASW,CE,Federal Contract Tower,0,0,12,0,12,0,0,139,0,139,0,0,151,0,151,248,0,248,399
01/14/2023,FWS,TX,ASW,CE,Federal Contract Tower,0,5,7,0,12,0,0,85,0,85,0,5,92,0,97,206,0,206,303
01/15/2023,FWS,TX,ASW,CE,Federal Contract Tower,0,2,8,0,10,0,0,30,0,30,0,2,38,0,40,14,0,14,54
01/16/2023,FWS,TX,ASW,CE,Federal Contract Tower,0,1,5,0,6,0,5,76,0,81,0,6,81,0,87,108,0,108,195
01/17/2023,FWS,TX,ASW,CE,Federal Contract Tower,0,2,6,0,8,0,2,103,0,105,0,4,109,0,113,306,0,306,419
01/18/2023,FWS,TX,ASW,CE,Federal Contract Tower,0,0,10,0,10,0,0,57,0,57,0,0,67,0,67,36,0,36,103
01/19/2023,FWS,TX,ASW,CE,Federal Contract Tower,0,1,19,0,20,0,1,111,0,112,0,2,130,0,132,210,0,210,342
01/20/2023,FWS,TX,ASW,CE,Federal Contract Tower,0,0,9,0,9,0,0,117,0,117,0,0,126,0,126,260,0,260,386
01/21/2023,FWS,TX,ASW,CE,Federal Contract Tower,0,3,8,0,11,0,0,71,0,71,0,3,79,0,82,384,0,384,466
01/22/2023,FWS,TX,ASW,CE,Federal Contract Tower,0,0,6,0,6,0,0,73,0,73,0,0,79,0,79,124,0,124,203
01/23/2023,FWS,TX,ASW,CE,Federal Contract Tower,0,2,8,0,10,0,0,78,0,78,0,2,86,0,88,118,0,118,206
01/24/2023,FWS,TX,ASW,CE,Federal Contract Tower,0,0,1,0,1,0,0,0,0,0,0,0,1,0,1,0,0,0,1
01/25/2023,FWS,TX,ASW,CE,Federal Contract Tower,0,0,5,0,5,0,0,51,0,51,0,0,56,0,56,84,0,84,140
01/26/2023,FWS,TX,ASW,CE,Federal Contract Tower,0,2,13,0,15,0,0,92,0,92,0,2,105,0,107,142,0,142,249
01/27/2023,FWS,TX,ASW,CE,Federal Contract Tower,0,0,11,0,11,0,0,105,0,105,0,0,116,0,116,200,0,200,316
01/28/2023,FWS,TX,ASW,CE,Federal Contract Tower,0,0,11,0,11,0,0,17,0,17,0,0,28,0,28,6,0,6,34
01/29/2023,FWS,TX,ASW,CE,Federal Contract Tower,0,0,6,0,6,0,0,2,0,2,0,0,8,0,8,12,0,12,20
01/30/2023,FWS,TX,ASW,CE,Federal Contract Tower,0,6,2,0,8,0,0,1,0,1,0,6,3,0,9,0,0,0,9
01/31/2023,FWS,TX,ASW,CE,Federal Contract Tower,0,0,0,0,0,0,0,0,0,0,0,0,0,0,0,0,0,0,0
02/01/2023,FWS,TX,ASW,CE,Federal Contract Tower,0,1,1,0,2,0,0,0,0,0,0,1,1,0,2,0,0,0,2
02/02/2023,FWS,TX,ASW,CE,Federal Contract Tower,0,3,2,0,5,0,0,0,0,0,0,3,2,0,5,0,0,0,5
02/03/2023,FWS,TX,ASW,CE,Federal Contract Tower,0,0,7,0,7,0,5,75,0,80,0,5,82,0,87,130,0,130,217
02/04/2023,FWS,TX,ASW,CE,Federal Contract Tower,0,0,7,0,7,0,0,28,0,28,0,0,35,0,35,100,0,100,135
02/05/2023,FWS,TX,ASW,CE,Federal Contract Tower,0,1,6,0,7,0,0,74,0,74,0,1,80,0,81,176,0,176,257
02/06/2023,FWS,TX,ASW,CE,Federal Contract Tower,0,0,5,0,5,0,7,15,0,22,0,7,20,0,27,26,0,26,53
02/07/2023,FWS,TX,ASW,CE,Federal Contract Tower,0,0,14,0,14,0,0,5,0,5,0,0,19,0,19,2,0,2,21
02/08/2023,FWS,TX,ASW,CE,Federal Contract Tower,0,1,5,0,6,0,0,7,0,7,0,1,12,0,13,4,0,4,17
02/09/2023,FWS,TX,ASW,CE,Federal Contract Tower,0,0,8,0,8,0,3,115,0,118,0,3,123,0,126,236,0,236,362
02/10/2023,FWS,TX,ASW,CE,Federal Contract Tower,0,1,12,0,13,0,3,70,0,73,0,4,82,0,86,136,0,136,222
02/11/2023,FWS,TX,ASW,CE,Federal Contract Tower,0,0,6,0,6,0,2,137,0,139,0,2,143,0,145,252,0,252,397
02/12/2023,FWS,TX,ASW,CE,Federal Contract Tower,0,0,10,0,10,0,0,69,0,69,0,0,79,0,79,176,0,176,255
02/13/2023,FWS,TX,ASW,CE,Federal Contract Tower,0,1,5,0,6,0,2,63,1,66,0,3,68,1,72,130,0,130,202
02/14/2023,FWS,TX,ASW,CE,Federal Contract Tower,0,0,1,0,1,0,4,20,0,24,0,4,21,0,25,12,0,12,37
02/15/2023,FWS,TX,ASW,CE,Federal Contract Tower,0,1,7,5,13,0,15,44,0,59,0,16,51,5,72,104,0,104,176
02/16/2023,FWS,TX,ASW,CE,Federal Contract Tower,0,1,3,5,9,0,0,24,0,24,0,1,27,5,33,16,0,16,49
02/17/2023,FWS,TX,ASW,CE,Federal Contract Tower,0,3,15,0,18,0,2,114,0,116,0,5,129,0,134,260,0,260,394
02/18/2023,FWS,TX,ASW,CE,Federal Contract Tower,0,0,5,0,5,0,2,98,0,100,0,2,103,0,105,280,0,280,385
02/19/2023,FWS,TX,ASW,CE,Federal Contract Tower,0,3,5,0,8,0,0,54,0,54,0,3,59,0,62,78,0,78,140
02/20/2023,FWS,TX,ASW,CE,Federal Contract Tower,0,1,12,0,13,0,0,58,0,58,0,1,70,0,71,56,0,56,127
02/21/2023,FWS,TX,ASW,CE,Federal Contract Tower,0,2,9,0,11,0,1,86,0,87,0,3,95,0,98,140,0,140,238
02/22/2023,FWS,TX,ASW,CE,Federal Contract Tower,0,0,3,0,3,0,2,15,0,17,0,2,18,0,20,68,0,68,88
02/23/2023,FWS,TX,ASW,CE,Federal Contract Tower,0,3,1,0,4,0,4,107,0,111,0,7,108,0,115,148,0,148,263
02/24/2023,FWS,TX,ASW,CE,Federal Contract Tower,0,3,29,0,32,0,11,22,0,33,0,14,51,0,65,100,0,100,165
02/25/2023,FWS,TX,ASW,CE,Federal Contract Tower,0,0,10,0,10,0,0,3,0,3,0,0,13,0,13,0,0,0,13
02/26/2023,FWS,TX,ASW,CE,Federal Contract Tower,0,0,4,0,4,0,0,7,0,7,0,0,11,0,11,0,0,0,11
02/27/2023,FWS,TX,ASW,CE,Federal Contract Tower,0,2,7,2,11,0,1,78,0,79,0,3,85,2,90,28,0,28,118
02/28/2023,FWS,TX,ASW,CE,Federal Contract Tower,0,2,4,0,6,0,5,134,0,139,0,7,138,0,145,150,0,150,295
03/01/2023,FWS,TX,ASW,CE,Federal Contract Tower,0,1,9,0,10,0,0,37,0,37,0,1,46,0,47,148,0,148,195
03/02/2023,FWS,TX,ASW,CE,Federal Contract Tower,0,2,1,0,3,0,4,13,0,17,0,6,14,0,20,12,0,12,32
03/03/2023,FWS,TX,ASW,CE,Federal Contract Tower,0,4,3,0,7,0,0,83,0,83,0,4,86,0,90,144,0,144,234
03/04/2023,FWS,TX,ASW,CE,Federal Contract Tower,0,0,6,0,6,0,0,88,0,88,0,0,94,0,94,222,0,222,316
03/05/2023,FWS,TX,ASW,CE,Federal Contract Tower,0,4,8,0,12,0,0,88,0,88,0,4,96,0,100,86,0,86,186
03/06/2023,FWS,TX,ASW,CE,Federal Contract Tower,0,3,8,0,11,0,1,87,0,88,0,4,95,0,99,172,0,172,271
03/07/2023,FWS,TX,ASW,CE,Federal Contract Tower,0,0,20,0,20,0,0,23,0,23,0,0,43,0,43,88,0,88,131
03/08/2023,FWS,TX,ASW,CE,Federal Contract Tower,0,1,7,0,8,0,0,10,0,10,0,1,17,0,18,30,0,30,48
03/09/2023,FWS,TX,ASW,CE,Federal Contract Tower,0,3,20,0,23,0,0,2,0,2,0,3,22,0,25,12,0,12,37
03/10/2023,FWS,TX,ASW,CE,Federal Contract Tower,0,1,16,0,17,0,2,155,0,157,0,3,171,0,174,266,0,266,440
03/11/2023,FWS,TX,ASW,CE,Federal Contract Tower,0,0,9,0,9,0,0,34,0,34,0,0,43,0,43,42,0,42,85
03/12/2023,FWS,TX,ASW,CE,Federal Contract Tower,0,1,9,0,10,0,1,48,0,49,0,2,57,0,59,58,0,58,117
03/13/2023,FWS,TX,ASW,CE,Federal Contract Tower,0,1,5,0,6,0,3,102,0,105,0,4,107,0,111,162,0,162,273
03/14/2023,FWS,TX,ASW,CE,Federal Contract Tower,0,0,3,0,3,0,4,78,0,82,0,4,81,0,85,298,0,298,383
03/15/2023,FWS,TX,ASW,CE,Federal Contract Tower,0,4,13,0,17,0,0,84,0,84,0,4,97,0,101,162,0,162,263
03/16/2023,FWS,TX,ASW,CE,Federal Contract Tower,0,2,4,0,6,0,0,1,0,1,0,2,5,0,7,0,0,0,7
03/17/2023,FWS,TX,ASW,CE,Federal Contract Tower,0,0,8,0,8,0,0,106,0,106,0,0,114,0,114,84,0,84,198
03/18/2023,FWS,TX,ASW,CE,Federal Contract Tower,0,0,6,0,6,0,1,94,0,95,0,1,100,0,101,228,0,228,329
03/19/2023,FWS,TX,ASW,CE,Federal Contract Tower,0,0,8,0,8,0,0,84,0,84,0,0,92,0,92,138,0,138,230
03/20/2023,FWS,TX,ASW,CE,Federal Contract Tower,0,1,6,0,7,0,0,44,0,44,0,1,50,0,51,96,0,96,147
03/21/2023,FWS,TX,ASW,CE,Federal Contract Tower,0,4,11,0,15,0,0,6,0,6,0,4,17,0,21,48,0,48,69
03/22/2023,FWS,TX,ASW,CE,Federal Contract Tower,0,0,10,0,10,0,0,44,0,44,0,0,54,0,54,124,0,124,178
03/23/2023,FWS,TX,ASW,CE,Federal Contract Tower,0,2,16,0,18,0,0,50,0,50,0,2,66,0,68,214,0,214,282
03/24/2023,FWS,TX,ASW,CE,Federal Contract Tower,0,1,10,0,11,0,2,23,0,25,0,3,33,0,36,36,0,36,72
03/25/2023,FWS,TX,ASW,CE,Federal Contract Tower,0,0,8,0,8,0,2,85,0,87,0,2,93,0,95,136,0,136,231
03/26/2023,FWS,TX,ASW,CE,Federal Contract Tower,0,2,9,0,11,0,2,148,0,150,0,4,157,0,161,174,0,174,335
03/27/2023,FWS,TX,ASW,CE,Federal Contract Tower,0,0,7,0,7,0,1,64,0,65,0,1,71,0,72,196,0,196,268
03/28/2023,FWS,TX,ASW,CE,Federal Contract Tower,0,2,7,0,9,0,1,83,0,84,0,3,90,0,93,190,0,190,283
03/29/2023,FWS,TX,ASW,CE,Federal Contract Tower,0,3,6,0,9,0,0,129,0,129,0,3,135,0,138,222,0,222,360
03/30/2023,FWS,TX,ASW,CE,Federal Contract Tower,0,1,7,0,8,0,0,6,0,6,0,1,13,0,14,4,0,4,18
03/31/2023,FWS,TX,ASW,CE,Federal Contract Tower,0,1,6,0,7,0,2,8,0,10,0,3,14,0,17,0,0,0,17
04/01/2023,FWS,TX,ASW,CE,Federal Contract Tower,0,2,7,0,9,0,12,117,0,129,0,14,124,0,138,136,0,136,274
04/02/2023,FWS,TX,ASW,CE,Federal Contract Tower,0,0,8,0,8,0,2,27,0,29,0,2,35,0,37,82,0,82,119
04/03/2023,FWS,TX,ASW,CE,Federal Contract Tower,0,0,10,0,10,0,0,74,0,74,0,0,84,0,84,194,0,194,278
04/04/2023,FWS,TX,ASW,CE,Federal Contract Tower,0,1,13,0,14,0,0,43,0,43,0,1,56,0,57,240,0,240,297
04/05/2023,FWS,TX,ASW,CE,Federal Contract Tower,0,0,9,0,9,0,2,113,0,115,0,2,122,0,124,246,0,246,370
04/06/2023,FWS,TX,ASW,CE,Federal Contract Tower,0,0,14,0,14,0,0,123,0,123,0,0,137,0,137,272,0,272,409
04/07/2023,FWS,TX,ASW,CE,Federal Contract Tower,0,2,9,0,11,0,2,49,0,51,0,4,58,0,62,128,0,128,190
04/08/2023,FWS,TX,ASW,CE,Federal Contract Tower,0,0,14,0,14,0,1,51,0,52,0,1,65,0,66,72,0,72,138
04/09/2023,FWS,TX,ASW,CE,Federal Contract Tower,0,0,6,0,6,0,5,28,0,33,0,5,34,0,39,64,0,64,103
04/10/2023,FWS,TX,ASW,CE,Federal Contract Tower,0,1,12,0,13,0,3,74,0,77,0,4,86,0,90,168,0,168,258
04/11/2023,FWS,TX,ASW,CE,Federal Contract Tower,0,2,4,0,6,0,2,121,0,123,0,4,125,0,129,306,0,306,435
04/12/2023,FWS,TX,ASW,CE,Federal Contract Tower,0,0,7,0,7,0,4,94,0,98,0,4,101,0,105,108,0,108,213
04/13/2023,FWS,TX,ASW,CE,Federal Contract Tower,0,0,12,0,12,0,2,135,0,137,0,2,147,0,149,204,0,204,353
04/14/2023,FWS,TX,ASW,CE,Federal Contract Tower,0,2,22,0,24,0,1,37,0,38,0,3,59,0,62,102,0,102,164
04/15/2023,FWS,TX,ASW,CE,Federal Contract Tower,0,0,11,0,11,0,0,46,0,46,0,0,57,0,57,42,0,42,99
04/16/2023,FWS,TX,ASW,CE,Federal Contract Tower,0,0,6,0,6,0,3,81,0,84,0,3,87,0,90,158,0,158,248
04/17/2023,FWS,TX,ASW,CE,Federal Contract Tower,0,0,9,0,9,0,4,98,0,102,0,4,107,0,111,114,0,114,225
04/18/2023,FWS,TX,ASW,CE,Federal Contract Tower,0,1,14,0,15,0,1,28,0,29,0,2,42,0,44,82,0,82,126
04/19/2023,FWS,TX,ASW,CE,Federal Contract Tower,0,3,20,0,23,0,1,12,0,13,0,4,32,0,36,28,0,28,64
04/20/2023,FWS,TX,ASW,CE,Federal Contract Tower,0,3,11,0,14,0,0,24,0,24,0,3,35,0,38,40,0,40,78
04/21/2023,FWS,TX,ASW,CE,Federal Contract Tower,0,2,13,0,15,0,14,129,0,143,0,16,142,0,158,170,0,170,328
04/22/2023,FWS,TX,ASW,CE,Federal Contract Tower,0,7,12,0,19,0,4,89,0,93,0,11,101,0,112,166,0,166,278
04/23/2023,FWS,TX,ASW,CE,Federal Contract Tower,0,0,5,0,5,0,3,0,0,3,0,3,5,0,8,26,0,26,34
04/24/2023,FWS,TX,ASW,CE,Federal Contract Tower,0,4,18,0,22,0,11,84,0,95,0,15,102,0,117,158,0,158,275
04/25/2023,FWS,TX,ASW,CE,Federal Contract Tower,0,1,11,0,12,0,2,33,0,35,0,3,44,0,47,128,0,128,175
04/26/2023,FWS,TX,ASW,CE,Federal Contract Tower,0,5,6,0,11,0,0,0,0,0,0,5,6,0,11,0,0,0,11
04/27/2023,FWS,TX,ASW,CE,Federal Contract Tower,0,6,26,0,32,0,5,53,0,58,0,11,79,0,90,84,0,84,174
04/28/2023,FWS,TX,ASW,CE,Federal Contract Tower,0,0,16,0,16,0,0,61,0,61,0,0,77,0,77,198,0,198,275
04/29/2023,FWS,TX,ASW,CE,Federal Contract Tower,0,5,7,0,12,0,0,21,0,21,0,5,28,0,33,4,0,4,37
04/30/2023,FWS,TX,ASW,CE,Federal Contract Tower,0,2,8,0,10,0,6,109,0,115,0,8,117,0,125,188,0,188,313
05/01/2023,FWS,TX,ASW,CE,Federal Contract Tower,0,3,9,0,12,0,10,91,0,101,0,13,100,0,113,188,0,188,301
05/02/2023,FWS,TX,ASW,CE,Federal Contract Tower,0,2,13,0,15,0,10,108,0,118,0,12,121,0,133,344,0,344,477
05/03/2023,FWS,TX,ASW,CE,Federal Contract Tower,0,0,11,0,11,0,9,102,2,113,0,9,113,2,124,274,0,274,398
05/04/2023,FWS,TX,ASW,CE,Federal Contract Tower,0,6,3,0,9,0,2,81,0,83,0,8,84,0,92,314,0,314,406
05/05/2023,FWS,TX,ASW,CE,Federal Contract Tower,0,3,13,0,16,0,3,59,0,62,0,6,72,0,78,106,0,106,184
05/06/2023,FWS,TX,ASW,CE,Federal Contract Tower,0,3,11,0,14,0,0,43,0,43,0,3,54,0,57,36,0,36,93
05/07/2023,FWS,TX,ASW,CE,Federal Contract Tower,0,4,9,0,13,0,1,13,0,14,0,5,22,0,27,0,0,0,27
05/08/2023,FWS,TX,ASW,CE,Federal Contract Tower,0,4,10,0,14,0,4,69,0,73,0,8,79,0,87,206,0,206,293
05/09/2023,FWS,TX,ASW,CE,Federal Contract Tower,0,1,19,0,20,0,0,23,0,23,0,1,42,0,43,132,0,132,175
05/10/2023,FWS,TX,ASW,CE,Federal Contract Tower,0,0,8,0,8,0,0,3,0,3,0,0,11,0,11,8,0,8,19
05/11/2023,FWS,TX,ASW,CE,Federal Contract Tower,0,3,16,0,19,0,0,38,0,38,0,3,54,0,57,74,0,74,131
05/12/2023,FWS,TX,ASW,CE,Federal Contract Tower,0,4,19,0,23,0,0,24,0,24,0,4,43,0,47,88,0,88,135
05/13/2023,FWS,TX,ASW,CE,Federal Contract Tower,0,0,7,0,7,0,4,54,0,58,0,4,61,0,65,134,0,134,199
05/14/2023,FWS,TX,ASW,CE,Federal Contract Tower,0,3,11,0,14,0,0,4,0,4,0,3,15,0,18,12,0,12,30
05/15/2023,FWS,TX,ASW,CE,Federal Contract Tower,0,2,5,0,7,0,8,33,0,41,0,10,38,0,48,126,0,126,174
05/16/2023,FWS,TX,ASW,CE,Federal Contract Tower,0,0,7,0,7,0,16,95,0,111,0,16,102,0,118,236,0,236,354
05/17/2023,FWS,TX,ASW,CE,Federal Contract Tower,0,1,8,0,9,0,29,108,0,137,0,30,116,0,146,200,0,200,346
05/18/2023,FWS,TX,ASW,CE,Federal Contract Tower,0,2,21,0,23,0,30,117,0,147,0,32,138,0,170,234,0,234,404
05/19/2023,FWS,TX,ASW,CE,Federal Contract Tower,0,1,4,0,5,0,12,92,0,104,0,13,96,0,109,202,0,202,311
05/20/2023,FWS,TX,ASW,CE,Federal Contract Tower,0,0,15,0,15,0,10,60,0,70,0,10,75,0,85,112,0,112,197
05/21/2023,FWS,TX,ASW,CE,Federal Contract Tower,0,1,11,0,12,0,0,70,0,70,0,1,81,0,82,120,0,120,202
05/22/2023,FWS,TX,ASW,CE,Federal Contract Tower,0,2,10,0,12,0,2,62,0,64,0,4,72,0,76,222,0,222,298
05/23/2023,FWS,TX,ASW,CE,Federal Contract Tower,0,5,5,0,10,0,4,100,6,110,0,9,105,6,120,146,0,146,266
05/24/2023,FWS,TX,ASW,CE,Federal Contract Tower,0,2,7,0,9,0,5,61,0,66,0,7,68,0,75,222,0,222,297
05/25/2023,FWS,TX,ASW,CE,Federal Contract Tower,0,2,12,0,14,0,24,112,0,136,0,26,124,0,150,302,0,302,452
05/26/2023,FWS,TX,ASW,CE,Federal Contract Tower,0,2,8,0,10,0,3,149,0,152,0,5,157,0,162,364,0,364,526
05/27/2023,FWS,TX,ASW,CE,Federal Contract Tower,0,0,12,0,12,0,2,105,0,107,0,2,117,0,119,316,0,316,435
05/28/2023,FWS,TX,ASW,CE,Federal Contract Tower,0,0,5,0,5,0,0,54,0,54,0,0,59,0,59,132,0,132,191
05/29/2023,FWS,TX,ASW,CE,Federal Contract Tower,0,0,10,0,10,0,8,61,0,69,0,8,71,0,79,130,0,130,209
05/30/2023,FWS,TX,ASW,CE,Federal Contract Tower,0,1,10,0,11,0,2,62,0,64,0,3,72,0,75,188,0,188,263
05/31/2023,FWS,TX,ASW,CE,Federal Contract Tower,0,1,8,0,9,0,11,99,0,110,0,12,107,0,119,244,0,244,363
06/01/2023,FWS,TX,ASW,CE,Federal Contract Tower,0,0,15,0,15,0,10,117,0,127,0,10,132,0,142,340,0,340,482
06/02/2023,FWS,TX,ASW,CE,Federal Contract Tower,0,2,9,0,11,0,12,124,0,136,0,14,133,0,147,158,0,158,305
06/03/2023,FWS,TX,ASW,CE,Federal Contract Tower,0,1,1,0,2,0,6,103,0,109,0,7,104,0,111,274,0,274,385
06/04/2023,FWS,TX,ASW,CE,Federal Contract Tower,0,1,1,0,2,0,9,38,0,47,0,10,39,0,49,92,0,92,141
06/05/2023,FWS,TX,ASW,CE,Federal Contract Tower,0,1,5,0,6,0,1,95,0,96,0,2,100,0,102,178,0,178,280
06/06/2023,FWS,TX,ASW,CE,Federal Contract Tower,0,1,2,2,5,0,8,51,0,59,0,9,53,2,64,150,0,150,214
06/07/2023,FWS,TX,ASW,CE,Federal Contract Tower,0,1,3,0,4,0,0,95,0,95,0,1,98,0,99,102,0,102,201
06/08/2023,FWS,TX,ASW,CE,Federal Contract Tower,0,2,10,0,12,0,24,107,0,131,0,26,117,0,143,316,0,316,459
06/09/2023,FWS,TX,ASW,CE,Federal Contract Tower,0,1,5,0,6,0,34,118,0,152,0,35,123,0,158,284,0,284,442
06/10/2023,FWS,TX,ASW,CE,Federal Contract Tower,0,0,5,0,5,0,26,82,0,108,0,26,87,0,113,192,0,192,305
06/11/2023,FWS,TX,ASW,CE,Federal Contract Tower,0,0,6,0,6,0,0,58,0,58,0,0,64,0,64,122,0,122,186
06/12/2023,FWS,TX,ASW,CE,Federal Contract Tower,0,0,13,0,13,0,0,57,0,57,0,0,70,0,70,206,0,206,276
06/13/2023,FWS,TX,ASW,CE,Federal Contract Tower,0,1,21,0,22,0,4,11,0,15,0,5,32,0,37,4,0,4,41
06/14/2023,FWS,TX,ASW,CE,Federal Contract Tower,0,3,8,0,11,0,3,43,0,46,0,6,51,0,57,108,0,108,165
06/15/2023,FWS,TX,ASW,CE,Federal Contract Tower,0,3,26,0,29,0,2,38,0,40,0,5,64,0,69,78,0,78,147
06/16/2023,FWS,TX,ASW,CE,Federal Contract Tower,0,3,20,0,23,0,0,64,0,64,0,3,84,0,87,186,0,186,273
06/17/2023,FWS,TX,ASW,CE,Federal Contract Tower,0,2,9,0,11,0,1,63,0,64,0,3,72,0,75,164,0,164,239
06/18/2023,FWS,TX,ASW,CE,Federal Contract Tower,0,3,10,0,13,0,0,68,0,68,0,3,78,0,81,98,0,98,179
06/19/2023,FWS,TX,ASW,CE,Federal Contract Tower,0,4,15,0,19,0,3,72,0,75,0,7,87,0,94,140,0,140,234
06/20/2023,FWS,TX,ASW,CE,Federal Contract Tower,0,4,17,0,21,0,2,59,0,61,0,6,76,0,82,164,0,164,246
06/21/2023,FWS,TX,ASW,CE,Federal Contract Tower,0,6,15,0,21,0,3,67,1,71,0,9,82,1,92,140,0,140,232
06/22/2023,FWS,TX,ASW,CE,Federal Contract Tower,0,0,5,0,5,0,3,69,0,72,0,3,74,0,77,190,0,190,267
06/23/2023,FWS,TX,ASW,CE,Federal Contract Tower,0,4,14,0,18,0,2,67,0,69,0,6,81,0,87,94,0,94,181
06/24/2023,FWS,TX,ASW,CE,Federal Contract Tower,0,0,5,0,5,0,0,88,0,88,0,0,93,0,93,152,0,152,245
06/25/2023,FWS,TX,ASW,CE,Federal Contract Tower,0,2,6,0,8,0,3,72,0,75,0,5,78,0,83,190,0,190,273
06/26/2023,FWS,TX,ASW,CE,Federal Contract Tower,0,1,7,0,8,0,5,96,0,101,0,6,103,0,109,230,0,230,339
06/27/2023,FWS,TX,ASW,CE,Federal Contract Tower,0,0,2,0,2,0,2,88,0,90,0,2,90,0,92,236,0,236,328
06/28/2023,FWS,TX,ASW,CE,Federal Contract Tower,0,1,3,0,4,0,8,66,0,74,0,9,69,0,78,172,0,172,250
06/29/2023,FWS,TX,ASW,CE,Federal Contract Tower,0,1,8,0,9,0,14,129,0,143,0,15,137,0,152,296,0,296,448
06/30/2023,FWS,TX,ASW,CE,Federal Contract Tower,0,3,1,0,4,0,5,91,0,96,0,8,92,0,100,202,0,202,302
07/01/2023,FWS,TX,ASW,CE,Federal Contract Tower,0,2,3,0,5,0,2,54,0,56,0,4,57,0,61,100,0,100,161
07/02/2023,FWS,TX,ASW,CE,Federal Contract Tower,0,2,0,0,2,0,2,24,0,26,0,4,24,0,28,36,0,36,64
07/03/2023,FWS,TX,ASW,CE,Federal Contract Tower,0,0,1,0,1,0,2,95,0,97,0,2,96,0,98,162,0,162,260
07/04/2023,FWS,TX,ASW,CE,Federal Contract Tower,0,0,2,0,2,0,0,88,0,88,0,0,90,0,90,220,0,220,310
07/05/2023,FWS,TX,ASW,CE,Federal Contract Tower,0,0,5,0,5,0,2,75,0,77,0,2,80,0,82,188,0,188,270
07/06/2023,FWS,TX,ASW,CE,Federal Contract Tower,0,0,5,0,5,0,2,118,0,120,0,2,123,0,125,320,0,320,445
07/07/2023,FWS,TX,ASW,CE,Federal Contract Tower,0,1,8,0,9,0,4,110,0,114,0,5,118,0,123,402,0,402,525
07/08/2023,FWS,TX,ASW,CE,Federal Contract Tower,0,2,3,0,5,0,4,102,0,106,0,6,105,0,111,290,0,290,401
07/09/2023,FWS,TX,ASW,CE,Federal Contract Tower,0,3,5,0,8,0,7,36,0,43,0,10,41,0,51,100,0,100,151
07/10/2023,FWS,TX,ASW,CE,Federal Contract Tower,0,0,12,0,12,0,1,65,0,66,0,1,77,0,78,170,0,170,248
07/11/2023,FWS,TX,ASW,CE,Federal Contract Tower,0,4,4,2,10,0,0,102,0,102,0,4,106,2,112,268,0,268,380
07/12/2023,FWS,TX,ASW,CE,Federal Contract Tower,0,1,8,0,9,0,7,98,0,105,0,8,106,0,114,168,0,168,282
07/13/2023,FWS,TX,ASW,CE,Federal Contract Tower,0,1,4,0,5,0,4,74,0,78,0,5,78,0,83,98,0,98,181
07/14/2023,FWS,TX,ASW,CE,Federal Contract Tower,0,2,8,0,10,0,4,105,0,109,0,6,113,0,119,228,0,228,347
07/15/2023,FWS,TX,ASW,CE,Federal Contract Tower,0,1,13,0,14,0,4,89,0,93,0,5,102,0,107,176,0,176,283
07/16/2023,FWS,TX,ASW,CE,Federal Contract Tower,0,0,14,0,14,0,3,53,0,56,0,3,67,0,70,132,0,132,202
07/17/2023,FWS,TX,ASW,CE,Federal Contract Tower,0,0,3,0,3,0,0,74,0,74,0,0,77,0,77,170,0,170,247
07/18/2023,FWS,TX,ASW,CE,Federal Contract Tower,0,0,0,0,0,0,7,79,0,86,0,7,79,0,86,188,0,188,274
07/19/2023,FWS,TX,ASW,CE,Federal Contract Tower,0,3,1,0,4,0,8,80,1,89,0,11,81,1,93,246,0,246,339
07/20/2023,FWS,TX,ASW,CE,Federal Contract Tower,0,4,2,0,6,0,6,109,1,116,0,10,111,1,122,302,0,302,424
07/21/2023,FWS,TX,ASW,CE,Federal Contract Tower,0,5,4,0,9,0,6,96,0,102,0,11,100,0,111,280,0,280,391
07/22/2023,FWS,TX,ASW,CE,Federal Contract Tower,0,1,3,0,4,0,0,150,0,150,0,1,153,0,154,168,0,168,322
07/23/2023,FWS,TX,ASW,CE,Federal Contract Tower,0,1,4,0,5,0,3,77,0,80,0,4,81,0,85,200,0,200,285
07/24/2023,FWS,TX,ASW,CE,Federal Contract Tower,0,1,14,0,15,0,5,100,2,107,0,6,114,2,122,280,0,280,402
07/25/2023,FWS,TX,ASW,CE,Federal Contract Tower,0,1,6,0,7,0,5,95,0,100,0,6,101,0,107,304,0,304,411
07/26/2023,FWS,TX,ASW,CE,Federal Contract Tower,0,2,3,0,5,0,16,88,0,104,0,18,91,0,109,258,0,258,367
07/27/2023,FWS,TX,ASW,CE,Federal Contract Tower,0,2,6,0,8,0,4,90,0,94,0,6,96,0,102,254,0,254,356
07/28/2023,FWS,TX,ASW,CE,Federal Contract Tower,0,0,8,0,8,0,5,103,0,108,0,5,111,0,116,224,0,224,340
07/29/2023,FWS,TX,ASW,CE,Federal Contract Tower,0,1,4,0,5,0,0,92,0,92,0,1,96,0,97,236,0,236,333
07/30/2023,FWS,TX,ASW,CE,Federal Contract Tower,0,6,4,0,10,0,1,70,0,71,0,7,74,0,81,92,0,92,173
07/31/2023,FWS,TX,ASW,CE,Federal Contract Tower,0,4,4,0,8,0,4,81,0,85,0,8,85,0,93,188,0,188,281
08/01/2023,FWS,TX,ASW,CE,Federal Contract Tower,0,1,7,0,8,0,3,87,0,90,0,4,94,0,98,212,0,212,310
08/02/2023,FWS,TX,ASW,CE,Federal Contract Tower,0,3,7,0,10,0,11,80,0,91,0,14,87,0,101,162,0,162,263
08/03/2023,FWS,TX,ASW,CE,Federal Contract Tower,0,0,15,0,15,0,5,77,0,82,0,5,92,0,97,166,0,166,263
08/04/2023,FWS,TX,ASW,CE,Federal Contract Tower,0,2,15,0,17,0,3,88,0,91,0,5,103,0,108,164,0,164,272
08/05/2023,FWS,TX,ASW,CE,Federal Contract Tower,0,4,6,0,10,0,0,87,0,87,0,4,93,0,97,114,0,114,211
08/06/2023,FWS,TX,ASW,CE,Federal Contract Tower,0,1,6,0,7,0,6,59,0,65,0,7,65,0,72,80,0,80,152
08/07/2023,FWS,TX,ASW,CE,Federal Contract Tower,0,0,3,0,3,0,0,72,0,72,0,0,75,0,75,150,0,150,225
08/08/2023,FWS,TX,ASW,CE,Federal Contract Tower,0,0,0,0,0,0,4,89,0,93,0,4,89,0,93,140,0,140,233
08/09/2023,FWS,TX,ASW,CE,Federal Contract Tower,0,0,6,0,6,0,17,62,0,79,0,17,68,0,85,136,0,136,221
08/10/2023,FWS,TX,ASW,CE,Federal Contract Tower,0,2,2,0,4,0,10,134,0,144,0,12,136,0,148,270,0,270,418
08/11/2023,FWS,TX,ASW,CE,Federal Contract Tower,0,2,9,0,11,0,3,107,0,110,0,5,116,0,121,104,0,104,225
08/12/2023,FWS,TX,ASW,CE,Federal Contract Tower,0,1,4,0,5,0,2,73,0,75,0,3,77,0,80,200,0,200,280
08/13/2023,FWS,TX,ASW,CE,Federal Contract Tower,0,5,3,0,8,0,0,69,0,69,0,5,72,0,77,116,0,116,193
08/14/2023,FWS,TX,ASW,CE,Federal Contract Tower,0,2,5,0,7,0,6,85,0,91,0,8,90,0,98,188,0,188,286
08/15/2023,FWS,TX,ASW,CE,Federal Contract Tower,0,2,9,0,11,0,4,105,0,109,0,6,114,0,120,252,0,252,372
08/16/2023,FWS,TX,ASW,CE,Federal Contract Tower,0,0,4,0,4,0,3,95,0,98,0,3,99,0,102,222,0,222,324
08/17/2023,FWS,TX,ASW,CE,Federal Contract Tower,0,1,1,0,2,0,3,80,0,83,0,4,81,0,85,126,0,126,211
08/18/2023,FWS,TX,ASW,CE,Federal Contract Tower,0,2,11,0,13,0,2,52,0,54,0,4,63,0,67,82,0,82,149
08/19/2023,FWS,TX,ASW,CE,Federal Contract Tower,0,0,6,0,6,0,0,70,0,70,0,0,76,0,76,144,0,144,220
08/20/2023,FWS,TX,ASW,CE,Federal Contract Tower,0,0,4,0,4,0,4,42,0,46,0,4,46,0,50,40,0,40,90
08/21/2023,FWS,TX,ASW,CE,Federal Contract Tower,0,0,3,0,3,0,3,86,0,89,0,3,89,0,92,126,0,126,218
08/22/2023,FWS,TX,ASW,CE,Federal Contract Tower,0,2,4,0,6,0,19,71,0,90,0,21,75,0,96,312,0,312,408
08/23/2023,FWS,TX,ASW,CE,Federal Contract Tower,0,5,8,0,13,0,5,73,0,78,0,10,81,0,91,168,0,168,259
08/24/2023,FWS,TX,ASW,CE,Federal Contract Tower,0,1,4,0,5,0,6,50,7,63,0,7,54,7,68,94,0,94,162
08/25/2023,FWS,TX,ASW,CE,Federal Contract Tower,0,1,2,0,3,0,2,84,0,86,0,3,86,0,89,246,0,246,335
08/26/2023,FWS,TX,ASW,CE,Federal Contract Tower,0,0,12,0,12,0,2,55,0,57,0,2,67,0,69,110,0,110,179
08/27/2023,FWS,TX,ASW,CE,Federal Contract Tower,0,2,12,0,14,0,1,55,0,56,0,3,67,0,70,58,0,58,128
08/28/2023,FWS,TX,ASW,CE,Federal Contract Tower,0,0,3,0,3,0,2,118,0,120,0,2,121,0,123,182,0,182,305
08/29/2023,FWS,TX,ASW,CE,Federal Contract Tower,0,0,6,0,6,0,3,124,0,127,0,3,130,0,133,250,0,250,383
08/30/2023,FWS,TX,ASW,CE,Federal Contract Tower,0,0,3,0,3,0,2,107,0,109,0,2,110,0,112,226,0,226,338
08/31/2023,FWS,TX,ASW,CE,Federal Contract Tower,0,0,3,0,3,0,2,101,0,103,0,2,104,0,106,234,0,234,340
01/01/2020,FWS,TX,ASW,CE,Federal Contract Tower,0,0,5,0,5,0,2,14,0,16,0,2,19,0,21,18,0,18,39
01/02/2020,FWS,TX,ASW,CE,Federal Contract Tower,0,0,4,0,4,0,0,52,0,52,0,0,56,0,56,126,0,126,182
01/03/2020,FWS,TX,ASW,CE,Federal Contract Tower,0,0,10,0,10,0,5,69,0,74,0,5,79,0,84,102,0,102,186
01/04/2020,FWS,TX,ASW,CE,Federal Contract Tower,0,1,1,0,2,0,4,115,0,119,0,5,116,0,121,170,0,170,291
01/05/2020,FWS,TX,ASW,CE,Federal Contract Tower,0,1,6,0,7,0,0,49,0,49,0,1,55,0,56,12,0,12,68
01/06/2020,FWS,TX,ASW,CE,Federal Contract Tower,0,2,4,0,6,0,0,91,0,91,0,2,95,0,97,118,0,118,215
01/07/2020,FWS,TX,ASW,CE,Federal Contract Tower,0,1,6,0,7,0,0,96,0,96,0,1,102,0,103,92,0,92,195
01/08/2020,FWS,TX,ASW,CE,Federal Contract Tower,0,3,11,0,14,0,0,71,0,71,0,3,82,0,85,84,0,84,169
01/09/2020,FWS,TX,ASW,CE,Federal Contract Tower,0,4,25,0,29,0,1,11,0,12,0,5,36,0,41,26,0,26,67
01/10/2020,FWS,TX,ASW,CE,Federal Contract Tower,0,1,8,0,9,0,2,0,0,2,0,3,8,0,11,0,0,0,11
01/11/2020,FWS,TX,ASW,CE,Federal Contract Tower,0,0,8,0,8,0,0,35,0,35,0,0,43,0,43,40,0,40,83
01/12/2020,FWS,TX,ASW,CE,Federal Contract Tower,0,0,4,0,4,0,2,56,0,58,0,2,60,0,62,46,0,46,108
01/13/2020,FWS,TX,ASW,CE,Federal Contract Tower,0,1,18,0,19,0,0,3,0,3,0,1,21,0,22,0,0,0,22
01/14/2020,FWS,TX,ASW,CE,Federal Contract Tower,0,5,9,0,14,0,0,43,0,43,0,5,52,0,57,94,0,94,151
01/15/2020,FWS,TX,ASW,CE,Federal Contract Tower,0,0,16,0,16,0,0,15,0,15,0,0,31,0,31,58,0,58,89
01/16/2020,FWS,TX,ASW,CE,Federal Contract Tower,0,0,4,0,4,0,0,0,0,0,0,0,4,0,4,0,0,0,4
01/17/2020,FWS,TX,ASW,CE,Federal Contract Tower,0,0,10,0,10,0,0,0,0,0,0,0,10,0,10,0,0,0,10
01/18/2020,FWS,TX,ASW,CE,Federal Contract Tower,0,0,6,0,6,0,0,70,0,70,0,0,76,0,76,74,0,74,150
01/19/2020,FWS,TX,ASW,CE,Federal Contract Tower,0,1,4,0,5,0,0,77,0,77,0,1,81,0,82,142,0,142,224
01/20/2020,FWS,TX,ASW,CE,Federal Contract Tower,0,0,7,0,7,0,1,116,0,117,0,1,123,0,124,164,0,164,288
01/21/2020,FWS,TX,ASW,CE,Federal Contract Tower,0,2,4,0,6,0,1,90,0,91,0,3,94,0,97,102,0,102,199
01/22/2020,FWS,TX,ASW,CE,Federal Contract Tower,0,0,6,0,6,0,0,0,0,0,0,0,6,0,6,0,0,0,6
01/23/2020,FWS,TX,ASW,CE,Federal Contract Tower,0,0,12,0,12,0,9,36,0,45,0,9,48,0,57,98,0,98,155
01/24/2020,FWS,TX,ASW,CE,Federal Contract Tower,0,1,9,0,10,0,0,127,0,127,0,1,136,0,137,158,0,158,295
01/25/2020,FWS,TX,ASW,CE,Federal Contract Tower,0,1,6,0,7,0,1,114,0,115,0,2,120,0,122,148,0,148,270
01/26/2020,FWS,TX,ASW,CE,Federal Contract Tower,0,0,12,0,12,0,0,52,0,52,0,0,64,0,64,40,0,40,104
01/27/2020,FWS,TX,ASW,CE,Federal Contract Tower,0,0,7,0,7,0,0,54,0,54,0,0,61,0,61,132,0,132,193
01/28/2020,FWS,TX,ASW,CE,Federal Contract Tower,0,2,11,0,13,0,0,2,0,2,0,2,13,0,15,0,0,0,15
01/29/2020,FWS,TX,ASW,CE,Federal Contract Tower,0,0,17,0,17,0,2,27,0,29,0,2,44,0,46,36,0,36,82
01/30/2020,FWS,TX,ASW,CE,Federal Contract Tower,0,4,18,0,22,0,0,18,0,18,0,4,36,0,40,62,0,62,102
01/31/2020,FWS,TX,ASW,CE,Federal Contract Tower,0,0,11,0,11,0,11,101,0,112,0,11,112,0,123,210,0,210,333
02/01/2020,FWS,TX,ASW,CE,Federal Contract Tower,0,1,7,0,8,0,0,138,0,138,0,1,145,0,146,120,0,120,266
02/02/2020,FWS,TX,ASW,CE,Federal Contract Tower,0,0,5,0,5,0,0,65,0,65,0,0,70,0,70,114,0,114,184
02/03/2020,FWS,TX,ASW,CE,Federal Contract Tower,0,2,3,0,5,0,8,38,0,46,0,10,41,0,51,90,0,90,141
02/04/2020,FWS,TX,ASW,CE,Federal Contract Tower,0,1,7,0,8,0,0,2,0,2,0,1,9,0,10,0,0,0,10
02/05/2020,FWS,TX,ASW,CE,Federal Contract Tower,0,1,3,0,4,0,0,0,0,0,0,1,3,0,4,0,0,0,4
02/06/2020,FWS,TX,ASW,CE,Federal Contract Tower,0,0,8,0,8,0,0,76,0,76,0,0,84,0,84,74,0,74,158
02/07/2020,FWS,TX,ASW,CE,Federal Contract Tower,0,0,8,0,8,0,2,123,0,125,0,2,131,0,133,246,0,246,379
02/08/2020,FWS,TX,ASW,CE,Federal Contract Tower,0,0,7,0,7,0,2,110,0,112,0,2,117,0,119,182,0,182,301
02/09/2020,FWS,TX,ASW,CE,Federal Contract Tower,0,1,8,0,9,0,0,0,0,0,0,1,8,0,9,0,0,0,9
02/10/2020,FWS,TX,ASW,CE,Federal Contract Tower,0,2,11,0,13,0,2,12,0,14,0,4,23,0,27,26,0,26,53
02/11/2020,FWS,TX,ASW,CE,Federal Contract Tower,0,0,11,0,11,0,0,0,0,0,0,0,11,0,11,0,0,0,11
02/12/2020,FWS,TX,ASW,CE,Federal Contract Tower,0,1,15,0,16,0,3,7,0,10,0,4,22,0,26,22,0,22,48
02/13/2020,FWS,TX,ASW,CE,Federal Contract Tower,0,1,17,0,18,0,9,52,0,61,0,10,69,0,79,106,0,106,185
02/14/2020,FWS,TX,ASW,CE,Federal Contract Tower,0,1,4,0,5,0,6,63,0,69,0,7,67,0,74,46,0,46,120
02/15/2020,FWS,TX,ASW,CE,Federal Contract Tower,0,0,0,0,0,0,0,69,0,69,0,0,69,0,69,158,0,158,227
02/16/2020,FWS,TX,ASW,CE,Federal Contract Tower,0,0,8,0,8,0,2,89,0,91,0,2,97,0,99,88,0,88,187
02/17/2020,FWS,TX,ASW,CE,Federal Contract Tower,0,2,18,0,20,0,0,48,0,48,0,2,66,0,68,80,0,80,148
02/18/2020,FWS,TX,ASW,CE,Federal Contract Tower,0,3,13,0,16,0,0,19,0,19,0,3,32,0,35,78,0,78,113
02/19/2020,FWS,TX,ASW,CE,Federal Contract Tower,0,3,14,0,17,0,7,21,0,28,0,10,35,0,45,92,0,92,137
02/20/2020,FWS,TX,ASW,CE,Federal Contract Tower,0,3,9,0,12,0,4,29,0,33,0,7,38,0,45,78,0,78,123
02/21/2020,FWS,TX,ASW,CE,Federal Contract Tower,0,1,7,0,8,0,8,134,0,142,0,9,141,0,150,162,0,162,312
02/22/2020,FWS,TX,ASW,CE,Federal Contract Tower,0,1,2,0,3,0,2,107,0,109,0,3,109,0,112,188,0,188,300
02/23/2020,FWS,TX,ASW,CE,Federal Contract Tower,0,2,14,0,16,0,1,7,0,8,0,3,21,0,24,2,0,2,26
02/24/2020,FWS,TX,ASW,CE,Federal Contract Tower,0,0,7,0,7,0,0,22,0,22,0,0,29,0,29,12,0,12,41
02/25/2020,FWS,TX,ASW,CE,Federal Contract Tower,0,1,7,0,8,0,0,60,0,60,0,1,67,0,68,110,0,110,178
02/26/2020,FWS,TX,ASW,CE,Federal Contract Tower,0,2,6,0,8,0,0,37,0,37,0,2,43,0,45,64,0,64,109
02/27/2020,FWS,TX,ASW,CE,Federal Contract Tower,0,0,4,0,4,0,3,111,0,114,0,3,115,0,118,188,0,188,306
02/28/2020,FWS,TX,ASW,CE,Federal Contract Tower,0,2,11,0,13,0,0,105,0,105,0,2,116,0,118,174,0,174,292
02/29/2020,FWS,TX,ASW,CE,Federal Contract Tower,0,3,3,0,6,0,1,82,0,83,0,4,85,0,89,164,0,164,253
03/01/2020,FWS,TX,ASW,CE,Federal Contract Tower,0,4,15,0,19,0,0,34,0,34,0,4,49,0,53,52,0,52,105
03/02/2020,FWS,TX,ASW,CE,Federal Contract Tower,0,0,9,0,9,0,0,59,0,59,0,0,68,0,68,132,0,132,200
03/03/2020,FWS,TX,ASW,CE,Federal Contract Tower,0,4,7,0,11,0,1,74,0,75,0,5,81,0,86,122,0,122,208
03/04/2020,FWS,TX,ASW,CE,Federal Contract Tower,0,2,2,0,4,0,0,2,0,2,0,2,4,0,6,0,0,0,6
03/05/2020,FWS,TX,ASW,CE,Federal Contract Tower,0,1,12,0,13,0,3,106,0,109,0,4,118,0,122,116,0,116,238
03/06/2020,FWS,TX,ASW,CE,Federal Contract Tower,0,1,2,0,3,0,2,145,0,147,0,3,147,0,150,272,0,272,422
03/07/2020,FWS,TX,ASW,CE,Federal Contract Tower,0,1,12,0,13,0,0,112,0,112,0,1,124,0,125,118,0,118,243
03/08/2020,FWS,TX,ASW,CE,Federal Contract Tower,0,3,16,0,19,0,2,17,0,19,0,5,33,0,38,8,0,8,46
03/09/2020,FWS,TX,ASW,CE,Federal Contract Tower,0,0,12,0,12,0,0,29,0,29,0,0,41,0,41,70,0,70,111
03/10/2020,FWS,TX,ASW,CE,Federal Contract Tower,0,0,3,0,3,0,0,85,0,85,0,0,88,0,88,126,0,126,214
03/11/2020,FWS,TX,ASW,CE,Federal Contract Tower,0,0,9,0,9,0,1,80,0,81,0,1,89,0,90,148,0,148,238
03/12/2020,FWS,TX,ASW,CE,Federal Contract Tower,0,2,5,0,7,0,2,66,0,68,0,4,71,0,75,108,0,108,183
03/13/2020,FWS,TX,ASW,CE,Federal Contract Tower,0,4,14,0,18,0,0,0,0,0,0,4,14,0,18,0,0,0,18
03/14/2020,FWS,TX,ASW,CE,Federal Contract Tower,0,3,23,0,26,0,0,6,0,6,0,3,29,0,32,0,0,0,32
03/15/2020,FWS,TX,ASW,CE,Federal Contract Tower,0,0,3,0,3,0,0,0,0,0,0,0,3,0,3,0,0,0,3
03/16/2020,FWS,TX,ASW,CE,Federal Contract Tower,0,3,9,0,12,0,1,21,0,22,0,4,30,0,34,72,0,72,106
03/17/2020,FWS,TX,ASW,CE,Federal Contract Tower,0,0,1,0,1,0,0,1,0,1,0,0,2,0,2,0,0,0,2
03/18/2020,FWS,TX,ASW,CE,Federal Contract Tower,0,2,10,0,12,0,0,39,0,39,0,2,49,0,51,124,0,124,175
03/19/2020,FWS,TX,ASW,CE,Federal Contract Tower,0,0,2,0,2,0,0,11,0,11,0,0,13,0,13,2,0,2,15
03/20/2020,FWS,TX,ASW,CE,Federal Contract Tower,0,0,9,0,9,0,0,19,0,19,0,0,28,0,28,62,0,62,90
03/21/2020,FWS,TX,ASW,CE,Federal Contract Tower,0,0,5,0,5,0,1,64,0,65,0,1,69,0,70,140,0,140,210
03/22/2020,FWS,TX,ASW,CE,Federal Contract Tower,0,0,7,0,7,0,0,0,0,0,0,0,7,0,7,0,0,0,7
03/23/2020,FWS,TX,ASW,CE,Federal Contract Tower,0,0,5,0,5,0,0,0,0,0,0,0,5,0,5,0,0,0,5
03/24/2020,FWS,TX,ASW,CE,Federal Contract Tower,0,0,5,0,5,0,0,54,0,54,0,0,59,0,59,64,0,64,123
03/25/2020,FWS,TX,ASW,CE,Federal Contract Tower,0,0,2,0,2,0,0,82,0,82,0,0,84,0,84,84,0,84,168
03/26/2020,FWS,TX,ASW,CE,Federal Contract Tower,0,0,2,0,2,0,0,79,0,79,0,0,81,0,81,146,0,146,227
03/27/2020,FWS,TX,ASW,CE,Federal Contract Tower,0,0,9,0,9,0,0,20,0,20,0,0,29,0,29,12,0,12,41
03/28/2020,FWS,TX,ASW,CE,Federal Contract Tower,0,2,4,0,6,0,0,27,4,31,0,2,31,4,37,28,0,28,65
03/29/2020,FWS,TX,ASW,CE,Federal Contract Tower,0,0,2,0,2,0,0,59,0,59,0,0,61,0,61,76,0,76,137
03/30/2020,FWS,TX,ASW,CE,Federal Contract Tower,0,0,4,0,4,0,0,2,0,2,0,0,6,0,6,12,0,12,18
03/31/2020,FWS,TX,ASW,CE,Federal Contract Tower,0,0,9,0,9,0,8,57,0,65,0,8,66,0,74,88,0,88,162
04/01/2020,FWS,TX,ASW,CE,Federal Contract Tower,0,0,0,0,0,0,4,50,0,54,0,4,50,0,54,32,0,32,86
04/02/2020,FWS,TX,ASW,CE,Federal Contract Tower,0,0,3,0,3,0,0,7,0,7,0,0,10,0,10,36,0,36,46
04/03/2020,FWS,TX,ASW,CE,Federal Contract Tower,0,0,2,0,2,0,0,1,0,1,0,0,3,0,3,0,0,0,3
04/04/2020,FWS,TX,ASW,CE,Federal Contract Tower,0,0,5,0,5,0,0,0,0,0,0,0,5,0,5,0,0,0,5
04/05/2020,FWS,TX,ASW,CE,Federal Contract Tower,0,0,3,0,3,0,0,8,0,8,0,0,11,0,11,24,0,24,35
04/06/2020,FWS,TX,ASW,CE,Federal Contract Tower,0,0,3,0,3,0,0,13,0,13,0,0,16,0,16,0,0,0,16
04/07/2020,FWS,TX,ASW,CE,Federal Contract Tower,0,0,1,0,1,0,0,41,0,41,0,0,42,0,42,14,0,14,56
04/08/2020,FWS,TX,ASW,CE,Federal Contract Tower,0,0,1,0,1,0,0,60,0,60,0,0,61,0,61,34,0,34,95
04/09/2020,FWS,TX,ASW,CE,Federal Contract Tower,0,2,4,0,6,0,0,58,0,58,0,2,62,0,64,76,0,76,140
04/10/2020,FWS,TX,ASW,CE,Federal Contract Tower,0,0,2,0,2,0,6,81,0,87,0,6,83,0,89,90,0,90,179
04/11/2020,FWS,TX,ASW,CE,Federal Contract Tower,0,2,6,0,8,0,0,13,0,13,0,2,19,0,21,36,0,36,57
04/12/2020,FWS,TX,ASW,CE,Federal Contract Tower,0,0,1,0,1,0,0,20,0,20,0,0,21,0,21,12,0,12,33
04/13/2020,FWS,TX,ASW,CE,Federal Contract Tower,0,0,4,0,4,0,8,35,0,43,0,8,39,0,47,12,0,12,59
04/14/2020,FWS,TX,ASW,CE,Federal Contract Tower,0,0,7,0,7,0,9,59,0,68,0,9,66,0,75,120,0,120,195
04/15/2020,FWS,TX,ASW,CE,Federal Contract Tower,0,0,8,0,8,0,10,127,0,137,0,10,135,0,145,158,0,158,303
04/16/2020,FWS,TX,ASW,CE,Federal Contract Tower,0,0,1,0,1,0,4,62,0,66,0,4,63,0,67,86,0,86,153
04/17/2020,FWS,TX,ASW,CE,Federal Contract Tower,0,0,10,0,10,0,3,21,0,24,0,3,31,0,34,92,0,92,126
04/18/2020,FWS,TX,ASW,CE,Federal Contract Tower,0,0,2,0,2,0,0,62,0,62,0,0,64,0,64,78,0,78,142
04/19/2020,FWS,TX,ASW,CE,Federal Contract Tower,0,0,7,0,7,0,0,32,0,32,0,0,39,0,39,20,0,20,59
04/20/2020,FWS,TX,ASW,CE,Federal Contract Tower,0,0,3,0,3,0,2,52,0,54,0,2,55,0,57,58,0,58,115
04/21/2020,FWS,TX,ASW,CE,Federal Contract Tower,0,0,5,0,5,0,0,73,0,73,0,0,78,0,78,152,0,152,230
04/22/2020,FWS,TX,ASW,CE,Federal Contract Tower,0,0,4,0,4,0,0,7,0,7,0,0,11,0,11,6,0,6,17
04/23/2020,FWS,TX,ASW,CE,Federal Contract Tower,0,2,5,0,7,0,0,120,0,120,0,2,125,0,127,114,0,114,241
04/24/2020,FWS,TX,ASW,CE,Federal Contract Tower,0,0,3,0,3,0,0,51,0,51,0,0,54,0,54,80,0,80,134
04/25/2020,FWS,TX,ASW,CE,Federal Contract Tower,0,0,2,0,2,0,0,63,0,63,0,0,65,0,65,50,0,50,115
04/26/2020,FWS,TX,ASW,CE,Federal Contract Tower,0,0,2,0,2,0,0,103,0,103,0,0,105,0,105,58,0,58,163
04/27/2020,FWS,TX,ASW,CE,Federal Contract Tower,0,0,5,0,5,0,0,30,0,30,0,0,35,0,35,14,0,14,49
04/28/2020,FWS,TX,ASW,CE,Federal Contract Tower,0,0,3,0,3,0,5,35,0,40,0,5,38,0,43,60,0,60,103
04/29/2020,FWS,TX,ASW,CE,Federal Contract Tower,0,0,4,0,4,0,0,62,0,62,0,0,66,0,66,36,0,36,102
04/30/2020,FWS,TX,ASW,CE,Federal Contract Tower,0,0,6,0,6,0,0,168,0,168,0,0,174,0,174,192,0,192,366
05/01/2020,FWS,TX,ASW,CE,Federal Contract Tower,0,0,4,0,4,0,0,52,0,52,0,0,56,0,56,36,0,36,92
05/02/2020,FWS,TX,ASW,CE,Federal Contract Tower,0,2,4,0,6,0,0,26,0,26,0,2,30,0,32,32,0,32,64
05/03/2020,FWS,TX,ASW,CE,Federal Contract Tower,0,4,2,0,6,0,0,42,0,42,0,4,44,0,48,40,0,40,88
05/04/2020,FWS,TX,ASW,CE,Federal Contract Tower,0,1,1,0,2,0,0,52,0,52,0,1,53,0,54,82,0,82,136
05/05/2020,FWS,TX,ASW,CE,Federal Contract Tower,0,2,1,0,3,0,0,58,0,58,0,2,59,0,61,72,0,72,133
05/06/2020,FWS,TX,ASW,CE,Federal Contract Tower,0,0,3,0,3,0,0,129,0,129,0,0,132,0,132,254,0,254,386
05/07/2020,FWS,TX,ASW,CE,Federal Contract Tower,0,0,9,0,9,0,0,63,0,63,0,0,72,0,72,62,0,62,134
05/08/2020,FWS,TX,ASW,CE,Federal Contract Tower,0,0,6,0,6,0,0,18,0,18,0,0,24,0,24,16,0,16,40
05/09/2020,FWS,TX,ASW,CE,Federal Contract Tower,0,2,6,0,8,0,5,126,0,131,0,7,132,0,139,196,0,196,335
05/10/2020,FWS,TX,ASW,CE,Federal Contract Tower,0,0,4,0,4,0,0,77,0,77,0,0,81,0,81,128,0,128,209
05/11/2020,FWS,TX,ASW,CE,Federal Contract Tower,0,0,2,0,2,0,0,125,0,125,0,0,127,0,127,194,0,194,321
05/12/2020,FWS,TX,ASW,CE,Federal Contract Tower,0,2,8,0,10,0,3,16,0,19,0,5,24,0,29,54,0,54,83
05/13/2020,FWS,TX,ASW,CE,Federal Contract Tower,0,3,12,0,15,0,0,53,0,53,0,3,65,0,68,98,0,98,166
05/14/2020,FWS,TX,ASW,CE,Federal Contract Tower,0,1,9,0,10,0,0,74,0,74,0,1,83,0,84,106,0,106,190
05/15/2020,FWS,TX,ASW,CE,Federal Contract Tower,0,0,15,0,15,0,0,33,0,33,0,0,48,0,48,120,0,120,168
05/16/2020,FWS,TX,ASW,CE,Federal Contract Tower,0,0,7,0,7,0,0,0,0,0,0,0,7,0,7,0,0,0,7
05/17/2020,FWS,TX,ASW,CE,Federal Contract Tower,0,1,5,0,6,0,0,55,0,55,0,1,60,0,61,68,0,68,129
05/18/2020,FWS,TX,ASW,CE,Federal Contract Tower,0,1,5,0,6,0,0,129,0,129,0,1,134,0,135,184,0,184,319
05/19/2020,FWS,TX,ASW,CE,Federal Contract Tower,0,1,6,0,7,0,0,126,0,126,0,1,132,0,133,104,0,104,237
05/20/2020,FWS,TX,ASW,CE,Federal Contract Tower,0,2,25,0,27,0,1,22,0,23,0,3,47,0,50,148,0,148,198
05/21/2020,FWS,TX,ASW,CE,Federal Contract Tower,0,0,14,0,14,0,0,47,0,47,0,0,61,0,61,80,0,80,141
05/22/2020,FWS,TX,ASW,CE,Federal Contract Tower,0,1,8,0,9,0,2,80,0,82,0,3,88,0,91,160,0,160,251
05/23/2020,FWS,TX,ASW,CE,Federal Contract Tower,0,0,16,0,16,0,0,74,0,74,0,0,90,0,90,166,0,166,256
05/24/2020,FWS,TX,ASW,CE,Federal Contract Tower,0,1,5,0,6,0,0,10,0,10,0,1,15,0,16,10,0,10,26
05/25/2020,FWS,TX,ASW,CE,Federal Contract Tower,0,2,4,0,6,0,0,1,0,1,0,2,5,0,7,0,0,0,7
05/26/2020,FWS,TX,ASW,CE,Federal Contract Tower,0,0,11,0,11,0,4,73,0,77,0,4,84,0,88,150,0,150,238
05/27/2020,FWS,TX,ASW,CE,Federal Contract Tower,0,2,5,0,7,0,0,91,0,91,0,2,96,0,98,306,0,306,404
05/28/2020,FWS,TX,ASW,CE,Federal Contract Tower,0,3,5,0,8,0,0,103,0,103,0,3,108,0,111,190,0,190,301
05/29/2020,FWS,TX,ASW,CE,Federal Contract Tower,0,0,8,0,8,0,2,127,0,129,0,2,135,0,137,186,0,186,323
05/30/2020,FWS,TX,ASW,CE,Federal Contract Tower,0,0,4,0,4,0,0,129,0,129,0,0,133,0,133,254,0,254,387
05/31/2020,FWS,TX,ASW,CE,Federal Contract Tower,0,1,10,0,11,0,2,65,0,67,0,3,75,0,78,104,0,104,182
06/01/2020,FWS,TX,ASW,CE,Federal Contract Tower,0,0,5,0,5,0,2,103,0,105,0,2,108,0,110,176,0,176,286
06/02/2020,FWS,TX,ASW,CE,Federal Contract Tower,0,2,5,0,7,0,0,99,0,99,0,2,104,0,106,254,0,254,360
06/03/2020,FWS,TX,ASW,CE,Federal Contract Tower,0,0,5,0,5,0,0,125,0,125,0,0,130,0,130,220,0,220,350
06/04/2020,FWS,TX,ASW,CE,Federal Contract Tower,0,4,9,0,13,0,0,105,0,105,0,4,114,0,118,218,0,218,336
06/05/2020,FWS,TX,ASW,CE,Federal Contract Tower,0,2,7,0,9,0,0,92,0,92,0,2,99,0,101,70,0,70,171
06/06/2020,FWS,TX,ASW,CE,Federal Contract Tower,0,2,7,0,9,0,0,98,0,98,0,2,105,0,107,184,0,184,291
06/07/2020,FWS,TX,ASW,CE,Federal Contract Tower,0,1,9,0,10,0,0,55,0,55,0,1,64,0,65,64,0,64,129
06/08/2020,FWS,TX,ASW,CE,Federal Contract Tower,0,2,6,0,8,0,0,72,0,72,0,2,78,0,80,124,0,124,204
06/09/2020,FWS,TX,ASW,CE,Federal Contract Tower,0,1,6,0,7,0,2,30,0,32,0,3,36,0,39,26,0,26,65
06/10/2020,FWS,TX,ASW,CE,Federal Contract Tower,0,2,4,0,6,0,0,87,0,87,0,2,91,0,93,194,0,194,287
06/11/2020,FWS,TX,ASW,CE,Federal Contract Tower,0,1,10,0,11,0,0,79,0,79,0,1,89,0,90,138,0,138,228
06/12/2020,FWS,TX,ASW,CE,Federal Contract Tower,0,2,7,0,9,0,2,136,0,138,0,4,143,0,147,272,0,272,419
06/13/2020,FWS,TX,ASW,CE,Federal Contract Tower,0,2,3,0,5,0,0,98,0,98,0,2,101,0,103,298,0,298,401
06/14/2020,FWS,TX,ASW,CE,Federal Contract Tower,0,0,2,0,2,0,4,67,0,71,0,4,69,0,73,142,0,142,215
06/15/2020,FWS,TX,ASW,CE,Federal Contract Tower,0,0,9,0,9,0,0,93,0,93,0,0,102,0,102,230,0,230,332
06/16/2020,FWS,TX,ASW,CE,Federal Contract Tower,0,0,11,0,11,0,0,134,0,134,0,0,145,0,145,332,0,332,477
06/17/2020,FWS,TX,ASW,CE,Federal Contract Tower,0,0,2,0,2,0,2,115,0,117,0,2,117,0,119,250,0,250,369
06/18/2020,FWS,TX,ASW,CE,Federal Contract Tower,0,0,11,0,11,0,6,109,0,115,0,6,120,0,126,268,0,268,394
06/19/2020,FWS,TX,ASW,CE,Federal Contract Tower,0,2,13,0,15,0,4,67,0,71,0,6,80,0,86,222,0,222,308
06/20/2020,FWS,TX,ASW,CE,Federal Contract Tower,0,0,11,0,11,0,4,79,0,83,0,4,90,0,94,238,0,238,332
06/21/2020,FWS,TX,ASW,CE,Federal Contract Tower,0,2,16,0,18,0,4,11,0,15,0,6,27,0,33,2,0,2,35
06/22/2020,FWS,TX,ASW,CE,Federal Contract Tower,0,2,4,0,6,0,2,77,0,79,0,4,81,0,85,146,0,146,231
06/23/2020,FWS,TX,ASW,CE,Federal Contract Tower,0,2,11,0,13,0,0,12,0,12,0,2,23,0,25,54,0,54,79
06/24/2020,FWS,TX,ASW,CE,Federal Contract Tower,0,5,3,0,8,0,0,131,0,131,0,5,134,0,139,234,0,234,373
06/25/2020,FWS,TX,ASW,CE,Federal Contract Tower,0,2,12,0,14,0,2,82,0,84,0,4,94,0,98,190,0,190,288
06/26/2020,FWS,TX,ASW,CE,Federal Contract Tower,0,1,16,0,17,0,2,51,2,55,0,3,67,2,72,78,2,80,152
06/27/2020,FWS,TX,ASW,CE,Federal Contract Tower,0,0,14,0,14,0,0,36,0,36,0,0,50,0,50,174,0,174,224
06/28/2020,FWS,TX,ASW,CE,Federal Contract Tower,0,1,11,0,12,0,1,24,0,25,0,2,35,0,37,44,0,44,81
06/29/2020,FWS,TX,ASW,CE,Federal Contract Tower,0,2,7,0,9,0,1,37,0,38,0,3,44,0,47,58,0,58,105
06/30/2020,FWS,TX,ASW,CE,Federal Contract Tower,0,0,8,0,8,0,0,54,0,54,0,0,62,0,62,158,0,158,220
07/01/2020,FWS,TX,ASW,CE,Federal Contract Tower,0,1,10,0,11,0,0,75,0,75,0,1,85,0,86,178,0,178,264
07/02/2020,FWS,TX,ASW,CE,Federal Contract Tower,0,2,20,0,22,0,2,94,0,96,0,4,114,0,118,280,0,280,398
07/03/2020,FWS,TX,ASW,CE,Federal Contract Tower,0,1,3,0,4,0,2,100,0,102,0,3,103,0,106,112,0,112,218
07/04/2020,FWS,TX,ASW,CE,Federal Contract Tower,0,4,0,0,4,0,0,44,0,44,0,4,44,0,48,40,0,40,88
07/05/2020,FWS,TX,ASW,CE,Federal Contract Tower,0,0,3,0,3,0,1,36,0,37,0,1,39,0,40,20,0,20,60
07/06/2020,FWS,TX,ASW,CE,Federal Contract Tower,0,1,11,0,12,0,1,30,3,34,0,2,41,3,46,78,0,78,124
07/07/2020,FWS,TX,ASW,CE,Federal Contract Tower,0,2,18,0,20,0,1,29,0,30,0,3,47,0,50,18,0,18,68
07/08/2020,FWS,TX,ASW,CE,Federal Contract Tower,0,4,14,0,18,0,2,104,0,106,0,6,118,0,124,202,0,202,326
07/09/2020,FWS,TX,ASW,CE,Federal Contract Tower,0,3,13,1,17,0,2,90,1,93,0,5,103,2,110,170,0,170,280
07/10/2020,FWS,TX,ASW,CE,Federal Contract Tower,0,1,10,0,11,0,2,112,0,114,0,3,122,0,125,188,0,188,313
07/11/2020,FWS,TX,ASW,CE,Federal Contract Tower,0,4,9,0,13,0,0,86,0,86,0,4,95,0,99,158,0,158,257
07/12/2020,FWS,TX,ASW,CE,Federal Contract Tower,0,1,8,0,9,0,1,28,0,29,0,2,36,0,38,40,0,40,78
07/13/2020,FWS,TX,ASW,CE,Federal Contract Tower,0,1,9,0,10,0,4,77,0,81,0,5,86,0,91,132,0,132,223
07/14/2020,FWS,TX,ASW,CE,Federal Contract Tower,0,4,9,0,13,0,0,76,0,76,0,4,85,0,89,134,0,134,223
07/15/2020,FWS,TX,ASW,CE,Federal Contract Tower,0,1,3,0,4,0,0,78,0,78,0,1,81,0,82,116,0,116,198
07/16/2020,FWS,TX,ASW,CE,Federal Contract Tower,0,1,5,0,6,0,2,89,0,91,0,3,94,0,97,264,0,264,361
07/17/2020,FWS,TX,ASW,CE,Federal Contract Tower,0,2,6,0,8,0,0,92,0,92,0,2,98,0,100,226,0,226,326
07/18/2020,FWS,TX,ASW,CE,Federal Contract Tower,0,2,12,0,14,0,0,80,0,80,0,2,92,0,94,124,0,124,218
07/19/2020,FWS,TX,ASW,CE,Federal Contract Tower,0,2,9,0,11,0,0,78,0,78,0,2,87,0,89,136,0,136,225
07/20/2020,FWS,TX,ASW,CE,Federal Contract Tower,0,0,11,0,11,0,0,82,0,82,0,0,93,0,93,132,0,132,225
07/21/2020,FWS,TX,ASW,CE,Federal Contract Tower,0,0,11,0,11,0,0,61,0,61,0,0,72,0,72,82,0,82,154
07/22/2020,FWS,TX,ASW,CE,Federal Contract Tower,0,1,16,0,17,0,0,79,0,79,0,1,95,0,96,96,0,96,192
07/23/2020,FWS,TX,ASW,CE,Federal Contract Tower,0,1,13,0,14,0,1,118,0,119,0,2,131,0,133,152,0,152,285
07/24/2020,FWS,TX,ASW,CE,Federal Contract Tower,0,0,4,0,4,0,7,111,0,118,0,7,115,0,122,186,0,186,308
07/25/2020,FWS,TX,ASW,CE,Federal Contract Tower,0,1,16,0,17,0,4,48,0,52,0,5,64,0,69,40,0,40,109
07/26/2020,FWS,TX,ASW,CE,Federal Contract Tower,0,2,12,0,14,0,2,36,0,38,0,4,48,0,52,62,0,62,114
07/27/2020,FWS,TX,ASW,CE,Federal Contract Tower,0,2,15,0,17,0,2,62,1,65,0,4,77,1,82,128,0,128,210
07/28/2020,FWS,TX,ASW,CE,Federal Contract Tower,0,4,15,0,19,0,0,32,0,32,0,4,47,0,51,106,0,106,157
07/29/2020,FWS,TX,ASW,CE,Federal Contract Tower,0,3,12,0,15,0,12,107,0,119,0,15,119,0,134,220,0,220,354
07/30/2020,FWS,TX,ASW,CE,Federal Contract Tower,0,4,5,0,9,0,9,93,0,102,0,13,98,0,111,86,0,86,197
07/31/2020,FWS,TX,ASW,CE,Federal Contract Tower,0,5,7,0,12,0,2,92,0,94,0,7,99,0,106,164,0,164,270
08/01/2020,FWS,TX,ASW,CE,Federal Contract Tower,0,0,4,0,4,0,3,68,0,71,0,3,72,0,75,108,0,108,183
08/02/2020,FWS,TX,ASW,CE,Federal Contract Tower,0,4,9,0,13,0,2,70,0,72,0,6,79,0,85,66,0,66,151
08/03/2020,FWS,TX,ASW,CE,Federal Contract Tower,0,3,11,0,14,0,3,72,0,75,0,6,83,0,89,114,0,114,203
08/04/2020,FWS,TX,ASW,CE,Federal Contract Tower,0,2,8,0,10,0,0,91,8,99,0,2,99,8,109,84,0,84,193
08/05/2020,FWS,TX,ASW,CE,Federal Contract Tower,0,1,6,0,7,0,1,95,0,96,0,2,101,0,103,200,0,200,303
08/06/2020,FWS,TX,ASW,CE,Federal Contract Tower,0,6,11,0,17,0,5,101,0,106,0,11,112,0,123,158,0,158,281
08/07/2020,FWS,TX,ASW,CE,Federal Contract Tower,0,0,3,0,3,0,3,91,4,98,0,3,94,4,101,140,4,144,245
08/08/2020,FWS,TX,ASW,CE,Federal Contract Tower,0,0,11,0,11,0,0,106,0,106,0,0,117,0,117,174,0,174,291
08/09/2020,FWS,TX,ASW,CE,Federal Contract Tower,0,3,8,0,11,0,0,61,0,61,0,3,69,0,72,70,0,70,142
08/10/2020,FWS,TX,ASW,CE,Federal Contract Tower,0,3,4,0,7,0,6,68,0,74,0,9,72,0,81,180,0,180,261
08/11/2020,FWS,TX,ASW,CE,Federal Contract Tower,0,5,16,0,21,0,1,106,0,107,0,6,122,0,128,94,0,94,222
08/12/2020,FWS,TX,ASW,CE,Federal Contract Tower,0,0,10,0,10,0,2,84,0,86,0,2,94,0,96,218,0,218,314
08/13/2020,FWS,TX,ASW,CE,Federal Contract Tower,0,1,8,0,9,0,2,73,0,75,0,3,81,0,84,56,0,56,140
08/14/2020,FWS,TX,ASW,CE,Federal Contract Tower,0,0,10,0,10,0,2,86,0,88,0,2,96,0,98,88,0,88,186
08/15/2020,FWS,TX,ASW,CE,Federal Contract Tower,0,2,10,0,12,0,0,81,0,81,0,2,91,0,93,174,0,174,267
08/16/2020,FWS,TX,ASW,CE,Federal Contract Tower,0,3,7,0,10,0,1,41,0,42,0,4,48,0,52,70,0,70,122
08/17/2020,FWS,TX,ASW,CE,Federal Contract Tower,0,0,2,0,2,0,0,73,0,73,0,0,75,0,75,142,0,142,217
08/18/2020,FWS,TX,ASW,CE,Federal Contract Tower,0,2,7,0,9,0,1,89,2,92,0,3,96,2,101,140,0,140,241
08/19/2020,FWS,TX,ASW,CE,Federal Contract Tower,0,0,12,0,12,0,2,108,0,110,0,2,120,0,122,168,0,168,290
08/20/2020,FWS,TX,ASW,CE,Federal Contract Tower,0,1,14,0,15,0,4,82,0,86,0,5,96,0,101,128,0,128,229
08/21/2020,FWS,TX,ASW,CE,Federal Contract Tower,0,1,17,0,18,0,1,99,0,100,0,2,116,0,118,298,0,298,416
08/22/2020,FWS,TX,ASW,CE,Federal Contract Tower,0,0,4,0,4,0,0,92,0,92,0,0,96,0,96,186,0,186,282
08/23/2020,FWS,TX,ASW,CE,Federal Contract Tower,0,3,6,0,9,0,0,39,0,39,0,3,45,0,48,94,0,94,142
08/24/2020,FWS,TX,ASW,CE,Federal Contract Tower,0,2,5,0,7,0,0,89,0,89,0,2,94,0,96,130,0,130,226
08/25/2020,FWS,TX,ASW,CE,Federal Contract Tower,0,1,9,0,10,0,1,89,0,90,0,2,98,0,100,230,0,230,330
08/26/2020,FWS,TX,ASW,CE,Federal Contract Tower,0,1,8,0,9,0,0,59,0,59,0,1,67,0,68,138,0,138,206
08/27/2020,FWS,TX,ASW,CE,Federal Contract Tower,0,3,5,0,8,0,10,92,0,102,0,13,97,0,110,220,0,220,330
08/28/2020,FWS,TX,ASW,CE,Federal Contract Tower,0,0,4,0,4,0,9,90,0,99,0,9,94,0,103,116,0,116,219
08/29/2020,FWS,TX,ASW,CE,Federal Contract Tower,0,0,8,0,8,0,0,78,0,78,0,0,86,0,86,106,0,106,192
08/30/2020,FWS,TX,ASW,CE,Federal Contract Tower,0,0,4,0,4,0,0,26,0,26,0,0,30,0,30,22,0,22,52
08/31/2020,FWS,TX,ASW,CE,Federal Contract Tower,0,2,12,0,14,0,9,77,0,86,0,11,89,0,100,160,0,160,260
09/01/2020,FWS,TX,ASW,CE,Federal Contract Tower,0,0,20,0,20,0,0,30,0,30,0,0,50,0,50,50,0,50,100
09/02/2020,FWS,TX,ASW,CE,Federal Contract Tower,0,1,12,0,13,0,0,6,0,6,0,1,18,0,19,2,0,2,21
09/03/2020,FWS,TX,ASW,CE,Federal Contract Tower,0,3,29,0,32,0,1,18,0,19,0,4,47,0,51,46,0,46,97
09/04/2020,FWS,TX,ASW,CE,Federal Contract Tower,0,6,23,0,29,0,17,49,0,66,0,23,72,0,95,180,0,180,275
09/05/2020,FWS,TX,ASW,CE,Federal Contract Tower,0,0,8,0,8,0,2,66,0,68,0,2,74,0,76,172,0,172,248
09/06/2020,FWS,TX,ASW,CE,Federal Contract Tower,0,0,4,0,4,0,0,54,0,54,0,0,58,0,58,94,0,94,152
09/07/2020,FWS,TX,ASW,CE,Federal Contract Tower,0,1,10,0,11,0,5,129,0,134,0,6,139,0,145,102,0,102,247
09/08/2020,FWS,TX,ASW,CE,Federal Contract Tower,0,1,8,0,9,0,0,101,0,101,0,1,109,0,110,114,0,114,224
09/09/2020,FWS,TX,ASW,CE,Federal Contract Tower,0,0,7,0,7,0,0,10,0,10,0,0,17,0,17,10,0,10,27
09/10/2020,FWS,TX,ASW,CE,Federal Contract Tower,0,3,27,0,30,0,0,11,0,11,0,3,38,0,41,38,0,38,79
09/11/2020,FWS,TX,ASW,CE,Federal Contract Tower,0,1,27,0,28,0,8,81,0,89,0,9,108,0,117,222,0,222,339
09/12/2020,FWS,TX,ASW,CE,Federal Contract Tower,0,1,3,0,4,0,0,168,0,168,0,1,171,0,172,194,0,194,366
09/13/2020,FWS,TX,ASW,CE,Federal Contract Tower,0,0,8,0,8,0,1,79,0,80,0,1,87,0,88,180,0,180,268
09/14/2020,FWS,TX,ASW,CE,Federal Contract Tower,0,0,3,0,3,0,2,94,0,96,0,2,97,0,99,156,0,156,255
09/15/2020,FWS,TX,ASW,CE,Federal Contract Tower,0,0,35,0,35,0,2,97,0,99,0,2,132,0,134,300,0,300,434
09/16/2020,FWS,TX,ASW,CE,Federal Contract Tower,0,1,7,0,8,0,9,93,0,102,0,10,100,0,110,188,0,188,298
09/17/2020,FWS,TX,ASW,CE,Federal Contract Tower,0,2,8,0,10,0,5,77,0,82,0,7,85,0,92,124,0,124,216
09/18/2020,FWS,TX,ASW,CE,Federal Contract Tower,0,1,7,0,8,0,13,135,0,148,0,14,142,0,156,214,0,214,370
09/19/2020,FWS,TX,ASW,CE,Federal Contract Tower,0,0,8,0,8,0,1,79,0,80,0,1,87,0,88,230,0,230,318
09/20/2020,FWS,TX,ASW,CE,Federal Contract Tower,0,3,13,0,16,0,0,75,0,75,0,3,88,0,91,176,0,176,267
09/21/2020,FWS,TX,ASW,CE,Federal Contract Tower,0,1,14,0,15,0,2,47,0,49,0,3,61,0,64,68,0,68,132
09/22/2020,FWS,TX,ASW,CE,Federal Contract Tower,0,2,18,0,20,0,0,0,0,0,0,2,18,0,20,0,0,0,20
09/23/2020,FWS,TX,ASW,CE,Federal Contract Tower,0,5,21,0,26,0,0,22,0,22,0,5,43,0,48,82,0,82,130
09/24/2020,FWS,TX,ASW,CE,Federal Contract Tower,0,1,24,0,25,0,2,84,0,86,0,3,108,0,111,304,0,304,415
09/25/2020,FWS,TX,ASW,CE,Federal Contract Tower,0,2,29,0,31,0,1,96,0,97,0,3,125,0,128,200,0,200,328
09/26/2020,FWS,TX,ASW,CE,Federal Contract Tower,0,0,4,0,4,0,1,132,0,133,0,1,136,0,137,124,0,124,261
09/27/2020,FWS,TX,ASW,CE,Federal Contract Tower,0,1,5,0,6,0,2,20,0,22,0,3,25,0,28,20,0,20,48
09/28/2020,FWS,TX,ASW,CE,Federal Contract Tower,0,0,7,0,7,0,0,76,0,76,0,0,83,0,83,108,0,108,191
09/29/2020,FWS,TX,ASW,CE,Federal Contract Tower,0,0,8,0,8,0,3,121,0,124,0,3,129,0,132,190,0,190,322
09/30/2020,FWS,TX,ASW,CE,Federal Contract Tower,0,3,7,0,10,0,0,89,0,89,0,3,96,0,99,124,0,124,223
10/01/2020,FWS,TX,ASW,CE,Federal Contract Tower,0,1,5,0,6,0,6,106,4,116,0,7,111,4,122,184,4,188,310
10/02/2020,FWS,TX,ASW,CE,Federal Contract Tower,0,2,8,0,10,0,2,109,0,111,0,4,117,0,121,240,0,240,361
10/03/2020,FWS,TX,ASW,CE,Federal Contract Tower,0,4,5,0,9,0,3,100,0,103,0,7,105,0,112,136,0,136,248
10/04/2020,FWS,TX,ASW,CE,Federal Contract Tower,0,0,10,0,10,0,2,66,0,68,0,2,76,0,78,50,0,50,128
10/05/2020,FWS,TX,ASW,CE,Federal Contract Tower,0,0,3,0,3,0,1,91,0,92,0,1,94,0,95,182,0,182,277
10/06/2020,FWS,TX,ASW,CE,Federal Contract Tower,0,2,10,0,12,0,4,122,0,126,0,6,132,0,138,190,0,190,328
10/07/2020,FWS,TX,ASW,CE,Federal Contract Tower,0,5,16,0,21,0,5,118,0,123,0,10,134,0,144,208,2,210,354
10/08/2020,FWS,TX,ASW,CE,Federal Contract Tower,0,6,13,0,19,0,0,123,0,123,0,6,136,0,142,134,0,134,276
10/09/2020,FWS,TX,ASW,CE,Federal Contract Tower,0,4,21,0,25,0,0,53,0,53,0,4,74,0,78,178,0,178,256
10/10/2020,FWS,TX,ASW,CE,Federal Contract Tower,0,2,7,0,9,0,0,70,0,70,0,2,77,0,79,130,0,130,209
10/11/2020,FWS,TX,ASW,CE,Federal Contract Tower,0,1,7,0,8,0,0,63,0,63,0,1,70,0,71,122,0,122,193
10/12/2020,FWS,TX,ASW,CE,Federal Contract Tower,0,0,7,0,7,0,0,53,0,53,0,0,60,0,60,44,0,44,104
10/13/2020,FWS,TX,ASW,CE,Federal Contract Tower,0,2,2,0,4,0,4,119,0,123,0,6,121,0,127,224,0,224,351
10/14/2020,FWS,TX,ASW,CE,Federal Contract Tower,0,0,7,0,7,0,5,102,0,107,0,5,109,0,114,134,0,134,248
10/15/2020,FWS,TX,ASW,CE,Federal Contract Tower,0,6,14,0,20,0,2,44,0,46,0,8,58,0,66,86,0,86,152
10/16/2020,FWS,TX,ASW,CE,Federal Contract Tower,0,1,14,0,15,0,0,122,0,122,0,1,136,0,137,156,0,156,293
10/17/2020,FWS,TX,ASW,CE,Federal Contract Tower,0,0,8,0,8,0,3,54,0,57,0,3,62,0,65,130,0,130,195
10/18/2020,FWS,TX,ASW,CE,Federal Contract Tower,0,0,13,0,13,0,0,41,0,41,0,0,54,0,54,26,0,26,80
10/19/2020,FWS,TX,ASW,CE,Federal Contract Tower,0,4,17,0,21,0,0,19,2,21,0,4,36,2,42,76,2,78,120
10/20/2020,FWS,TX,ASW,CE,Federal Contract Tower,0,2,15,0,17,0,13,93,0,106,0,15,108,0,123,182,0,182,305
10/21/2020,FWS,TX,ASW,CE,Federal Contract Tower,0,1,21,0,22,0,16,52,0,68,0,17,73,0,90,164,0,164,254
10/22/2020,FWS,TX,ASW,CE,Federal Contract Tower,0,3,7,0,10,0,0,60,0,60,0,3,67,0,70,30,0,30,100
10/23/2020,FWS,TX,ASW,CE,Federal Contract Tower,0,0,17,0,17,0,0,0,0,0,0,0,17,0,17,0,0,0,17
10/24/2020,FWS,TX,ASW,CE,Federal Contract Tower,0,0,10,0,10,0,1,106,0,107,0,1,116,0,117,166,0,166,283
10/25/2020,FWS,TX,ASW,CE,Federal Contract Tower,0,1,10,0,11,0,0,0,0,0,0,1,10,0,11,0,0,0,11
10/26/2020,FWS,TX,ASW,CE,Federal Contract Tower,0,1,7,0,8,0,0,0,0,0,0,1,7,0,8,0,0,0,8
10/27/2020,FWS,TX,ASW,CE,Federal Contract Tower,0,3,6,0,9,0,0,0,0,0,0,3,6,0,9,0,0,0,9
10/28/2020,FWS,TX,ASW,CE,Federal Contract Tower,0,2,4,0,6,0,0,0,0,0,0,2,4,0,6,0,0,0,6
10/29/2020,FWS,TX,ASW,CE,Federal Contract Tower,0,3,19,0,22,0,6,28,6,40,0,9,47,6,62,38,0,38,100
10/30/2020,FWS,TX,ASW,CE,Federal Contract Tower,0,1,15,0,16,0,2,188,0,190,0,3,203,0,206,268,0,268,474
10/31/2020,FWS,TX,ASW,CE,Federal Contract Tower,0,0,2,0,2,0,12,116,0,128,0,12,118,0,130,208,0,208,338
11/01/2020,FWS,TX,ASW,CE,Federal Contract Tower,0,1,5,0,6,0,0,71,0,71,0,1,76,0,77,76,0,76,153
11/02/2020,FWS,TX,ASW,CE,Federal Contract Tower,0,1,4,0,5,0,3,127,0,130,0,4,131,0,135,204,0,204,339
11/03/2020,FWS,TX,ASW,CE,Federal Contract Tower,0,1,12,0,13,0,5,135,0,140,0,6,147,0,153,254,0,254,407
11/04/2020,FWS,TX,ASW,CE,Federal Contract Tower,0,3,7,0,10,0,1,94,0,95,0,4,101,0,105,156,0,156,261
11/05/2020,FWS,TX,ASW,CE,Federal Contract Tower,0,2,6,0,8,0,2,78,0,80,0,4,84,0,88,134,0,134,222
11/06/2020,FWS,TX,ASW,CE,Federal Contract Tower,0,2,14,0,16,0,0,57,0,57,0,2,71,0,73,160,0,160,233
11/07/2020,FWS,TX,ASW,CE,Federal Contract Tower,0,2,2,0,4,0,0,103,0,103,0,2,105,0,107,238,0,238,345
11/08/2020,FWS,TX,ASW,CE,Federal Contract Tower,0,0,4,0,4,0,0,37,0,37,0,0,41,0,41,58,0,58,99
11/09/2020,FWS,TX,ASW,CE,Federal Contract Tower,0,0,13,0,13,0,2,25,0,27,0,2,38,0,40,18,0,18,58
11/10/2020,FWS,TX,ASW,CE,Federal Contract Tower,0,2,16,0,18,0,0,107,0,107,0,2,123,0,125,286,0,286,411
11/11/2020,FWS,TX,ASW,CE,Federal Contract Tower,0,1,4,0,5,0,0,115,0,115,0,1,119,0,120,266,0,266,386
11/12/2020,FWS,TX,ASW,CE,Federal Contract Tower,0,1,19,0,20,0,2,76,0,78,0,3,95,0,98,118,0,118,216
11/13/2020,FWS,TX,ASW,CE,Federal Contract Tower,0,2,19,0,21,0,11,96,0,107,0,13,115,0,128,250,0,250,378
11/14/2020,FWS,TX,ASW,CE,Federal Contract Tower,0,2,6,0,8,0,0,23,0,23,0,2,29,0,31,46,0,46,77
11/15/2020,FWS,TX,ASW,CE,Federal Contract Tower,0,1,9,0,10,0,0,72,0,72,0,1,81,0,82,160,0,160,242
11/16/2020,FWS,TX,ASW,CE,Federal Contract Tower,0,0,3,0,3,0,3,90,0,93,0,3,93,0,96,154,0,154,250
11/17/2020,FWS,TX,ASW,CE,Federal Contract Tower,0,0,13,0,13,0,2,148,0,150,0,2,161,0,163,204,0,204,367
11/18/2020,FWS,TX,ASW,CE,Federal Contract Tower,0,0,2,0,2,0,0,102,0,102,0,0,104,0,104,102,0,102,206
11/19/2020,FWS,TX,ASW,CE,Federal Contract Tower,0,0,16,0,16,0,1,54,0,55,0,1,70,0,71,124,0,124,195
11/20/2020,FWS,TX,ASW,CE,Federal Contract Tower,0,0,12,0,12,0,2,63,0,65,0,2,75,0,77,156,0,156,233
11/21/2020,FWS,TX,ASW,CE,Federal Contract Tower,0,0,14,0,14,0,0,59,0,59,0,0,73,0,73,94,0,94,167
11/22/2020,FWS,TX,ASW,CE,Federal Contract Tower,0,0,8,0,8,0,0,17,0,17,0,0,25,0,25,54,0,54,79
11/23/2020,FWS,TX,ASW,CE,Federal Contract Tower,0,4,27,0,31,0,0,19,0,19,0,4,46,0,50,46,0,46,96
11/24/2020,FWS,TX,ASW,CE,Federal Contract Tower,0,3,17,0,20,0,2,7,0,9,0,5,24,0,29,0,0,0,29
11/25/2020,FWS,TX,ASW,CE,Federal Contract Tower,0,0,6,0,6,0,0,121,0,121,0,0,127,0,127,126,0,126,253
11/26/2020,FWS,TX,ASW,CE,Federal Contract Tower,0,0,5,0,5,0,0,49,0,49,0,0,54,0,54,20,0,20,74
11/27/2020,FWS,TX,ASW,CE,Federal Contract Tower,0,0,10,0,10,0,0,40,0,40,0,0,50,0,50,84,0,84,134
11/28/2020,FWS,TX,ASW,CE,Federal Contract Tower,0,0,8,0,8,0,0,8,0,8,0,0,16,0,16,50,0,50,66
11/29/2020,FWS,TX,ASW,CE,Federal Contract Tower,0,0,16,0,16,0,0,19,0,19,0,0,35,0,35,36,0,36,71
11/30/2020,FWS,TX,ASW,CE,Federal Contract Tower,0,0,3,0,3,0,0,83,0,83,0,0,86,0,86,160,0,160,246
12/01/2020,FWS,TX,ASW,CE,Federal Contract Tower,0,0,6,0,6,0,2,102,0,104,0,2,108,0,110,138,0,138,248
12/02/2020,FWS,TX,ASW,CE,Federal Contract Tower,0,0,7,0,7,0,0,57,0,57,0,0,64,0,64,98,0,98,162
12/03/2020,FWS,TX,ASW,CE,Federal Contract Tower,0,0,10,0,10,0,6,29,0,35,0,6,39,0,45,46,0,46,91
12/04/2020,FWS,TX,ASW,CE,Federal Contract Tower,0,0,4,0,4,0,1,108,0,109,0,1,112,0,113,124,0,124,237
12/05/2020,FWS,TX,ASW,CE,Federal Contract Tower,0,2,6,0,8,0,0,93,0,93,0,2,99,0,101,138,0,138,239
12/06/2020,FWS,TX,ASW,CE,Federal Contract Tower,0,2,0,0,2,0,3,50,0,53,0,5,50,0,55,72,0,72,127
12/07/2020,FWS,TX,ASW,CE,Federal Contract Tower,0,0,2,0,2,0,0,105,0,105,0,0,107,0,107,228,0,228,335
12/08/2020,FWS,TX,ASW,CE,Federal Contract Tower,0,0,4,0,4,0,1,109,0,110,0,1,113,0,114,228,0,228,342
12/09/2020,FWS,TX,ASW,CE,Federal Contract Tower,0,0,10,0,10,0,0,107,4,111,0,0,117,4,121,262,0,262,383
12/10/2020,FWS,TX,ASW,CE,Federal Contract Tower,0,1,2,0,3,0,0,77,0,77,0,1,79,0,80,144,0,144,224
12/11/2020,FWS,TX,ASW,CE,Federal Contract Tower,0,0,8,0,8,0,0,26,0,26,0,0,34,0,34,52,0,52,86
12/12/2020,FWS,TX,ASW,CE,Federal Contract Tower,0,0,8,0,8,0,1,127,0,128,0,1,135,0,136,328,0,328,464
12/13/2020,FWS,TX,ASW,CE,Federal Contract Tower,0,1,7,0,8,0,0,1,0,1,0,1,8,0,9,0,0,0,9
12/14/2020,FWS,TX,ASW,CE,Federal Contract Tower,0,1,11,0,12,0,6,85,0,91,0,7,96,0,103,202,0,202,305
12/15/2020,FWS,TX,ASW,CE,Federal Contract Tower,0,2,4,0,6,0,0,0,0,0,0,2,4,0,6,0,0,0,6
12/16/2020,FWS,TX,ASW,CE,Federal Contract Tower,0,2,11,0,13,0,9,79,0,88,0,11,90,0,101,176,0,176,277
12/17/2020,FWS,TX,ASW,CE,Federal Contract Tower,0,0,11,0,11,0,2,132,0,134,0,2,143,0,145,318,0,318,463
12/18/2020,FWS,TX,ASW,CE,Federal Contract Tower,0,0,9,0,9,0,2,97,0,99,0,2,106,0,108,108,0,108,216
12/19/2020,FWS,TX,ASW,CE,Federal Contract Tower,0,0,6,0,6,0,0,56,0,56,0,0,62,0,62,30,0,30,92
12/20/2020,FWS,TX,ASW,CE,Federal Contract Tower,0,0,1,0,1,0,0,109,0,109,0,0,110,0,110,140,0,140,250
12/21/2020,FWS,TX,ASW,CE,Federal Contract Tower,0,0,6,0,6,0,0,102,0,102,0,0,108,0,108,190,0,190,298
12/22/2020,FWS,TX,ASW,CE,Federal Contract Tower,0,0,3,0,3,0,0,73,0,73,0,0,76,0,76,56,0,56,132
12/23/2020,FWS,TX,ASW,CE,Federal Contract Tower,0,0,4,0,4,0,0,30,0,30,0,0,34,0,34,2,0,2,36
12/24/2020,FWS,TX,ASW,CE,Federal Contract Tower,0,0,2,0,2,0,2,29,0,31,0,2,31,0,33,12,0,12,45
12/25/2020,FWS,TX,ASW,CE,Federal Contract Tower,0,0,0,0,0,0,2,28,0,30,0,2,28,0,30,44,0,44,74
12/26/2020,FWS,TX,ASW,CE,Federal Contract Tower,0,0,10,0,10,0,2,52,0,54,0,2,62,0,64,42,0,42,106
12/27/2020,FWS,TX,ASW,CE,Federal Contract Tower,0,3,7,0,10,0,2,43,0,45,0,5,50,0,55,62,0,62,117
12/28/2020,FWS,TX,ASW,CE,Federal Contract Tower,0,0,16,0,16,0,0,37,0,37,0,0,53,0,53,106,0,106,159
12/29/2020,FWS,TX,ASW,CE,Federal Contract Tower,0,0,17,0,17,0,0,4,0,4,0,0,21,0,21,0,0,0,21
12/30/2020,FWS,TX,ASW,CE,Federal Contract Tower,0,0,2,0,2,0,0,1,0,1,0,0,3,0,3,0,0,0,3
12/31/2020,FWS,TX,ASW,CE,Federal Contract Tower,0,0,1,0,1,0,0,0,0,0,0,0,1,0,1,0,0,0,1
01/01/2021,FWS,TX,ASW,CE,Federal Contract Tower,0,1,3,0,4,0,0,4,0,4,0,1,7,0,8,0,0,0,8
01/02/2021,FWS,TX,ASW,CE,Federal Contract Tower,0,0,4,0,4,0,4,69,0,73,0,4,73,0,77,78,0,78,155
01/03/2021,FWS,TX,ASW,CE,Federal Contract Tower,0,1,10,0,11,0,0,27,0,27,0,1,37,0,38,26,0,26,64
01/04/2021,FWS,TX,ASW,CE,Federal Contract Tower,0,3,2,0,5,0,0,93,0,93,0,3,95,0,98,164,0,164,262
01/05/2021,FWS,TX,ASW,CE,Federal Contract Tower,0,0,11,0,11,0,0,102,0,102,0,0,113,0,113,162,0,162,275
01/06/2021,FWS,TX,ASW,CE,Federal Contract Tower,0,0,4,0,4,0,0,10,0,10,0,0,14,0,14,20,0,20,34
01/07/2021,FWS,TX,ASW,CE,Federal Contract Tower,0,1,4,0,5,0,2,49,0,51,0,3,53,0,56,144,0,144,200
01/08/2021,FWS,TX,ASW,CE,Federal Contract Tower,0,0,8,0,8,0,2,67,0,69,0,2,75,0,77,278,0,278,355
01/09/2021,FWS,TX,ASW,CE,Federal Contract Tower,0,1,6,0,7,0,0,123,0,123,0,1,129,0,130,196,0,196,326
01/10/2021,FWS,TX,ASW,CE,Federal Contract Tower,0,0,2,0,2,0,0,0,0,0,0,0,2,0,2,0,0,0,2
01/11/2021,FWS,TX,ASW,CE,Federal Contract Tower,0,0,5,0,5,0,0,70,0,70,0,0,75,0,75,150,0,150,225
01/12/2021,FWS,TX,ASW,CE,Federal Contract Tower,0,0,4,0,4,0,0,93,0,93,0,0,97,0,97,134,0,134,231
01/13/2021,FWS,TX,ASW,CE,Federal Contract Tower,0,2,3,0,5,0,1,95,0,96,0,3,98,0,101,190,0,190,291
01/14/2021,FWS,TX,ASW,CE,Federal Contract Tower,0,0,6,0,6,0,4,35,0,39,0,4,41,0,45,56,0,56,101
01/15/2021,FWS,TX,ASW,CE,Federal Contract Tower,0,1,5,0,6,0,1,12,0,13,0,2,17,0,19,4,0,4,23
01/16/2021,FWS,TX,ASW,CE,Federal Contract Tower,0,3,3,0,6,0,0,149,0,149,0,3,152,0,155,312,0,312,467
01/17/2021,FWS,TX,ASW,CE,Federal Contract Tower,0,0,3,0,3,0,0,73,0,73,0,0,76,0,76,90,0,90,166
01/18/2021,FWS,TX,ASW,CE,Federal Contract Tower,0,1,11,0,12,0,4,69,0,73,0,5,80,0,85,184,0,184,269
01/19/2021,FWS,TX,ASW,CE,Federal Contract Tower,0,0,7,0,7,0,0,46,0,46,0,0,53,0,53,158,0,158,211
01/20/2021,FWS,TX,ASW,CE,Federal Contract Tower,0,2,9,0,11,0,0,10,0,10,0,2,19,0,21,38,0,38,59
01/21/2021,FWS,TX,ASW,CE,Federal Contract Tower,0,1,3,0,4,0,0,40,0,40,0,1,43,0,44,142,0,142,186
01/22/2021,FWS,TX,ASW,CE,Federal Contract Tower,0,2,41,0,43,0,0,3,0,3,0,2,44,0,46,0,0,0,46
01/23/2021,FWS,TX,ASW,CE,Federal Contract Tower,0,0,11,0,11,0,0,0,0,0,0,0,11,0,11,0,0,0,11
01/24/2021,FWS,TX,ASW,CE,Federal Contract Tower,0,0,3,0,3,0,0,0,0,0,0,0,3,0,3,0,0,0,3
01/25/2021,FWS,TX,ASW,CE,Federal Contract Tower,0,1,6,0,7,0,17,62,0,79,0,18,68,0,86,146,0,146,232
01/26/2021,FWS,TX,ASW,CE,Federal Contract Tower,0,0,8,0,8,0,1,127,0,128,0,1,135,0,136,302,0,302,438
01/27/2021,FWS,TX,ASW,CE,Federal Contract Tower,0,1,10,0,11,0,0,104,0,104,0,1,114,0,115,128,0,128,243
01/28/2021,FWS,TX,ASW,CE,Federal Contract Tower,0,0,1,0,1,0,1,104,0,105,0,1,105,0,106,218,0,218,324
01/29/2021,FWS,TX,ASW,CE,Federal Contract Tower,0,0,6,0,6,0,0,92,0,92,0,0,98,0,98,158,0,158,256
01/30/2021,FWS,TX,ASW,CE,Federal Contract Tower,0,0,3,0,3,0,0,9,0,9,0,0,12,0,12,22,0,22,34
01/31/2021,FWS,TX,ASW,CE,Federal Contract Tower,0,0,0,0,0,0,0,25,0,25,0,0,25,0,25,16,0,16,41
02/01/2021,FWS,TX,ASW,CE,Federal Contract Tower,0,4,6,0,10,0,4,112,0,116,0,8,118,0,126,234,0,234,360
02/02/2021,FWS,TX,ASW,CE,Federal Contract Tower,0,1,13,0,14,0,2,106,0,108,0,3,119,0,122,120,0,120,242
02/03/2021,FWS,TX,ASW,CE,Federal Contract Tower,0,2,5,0,7,0,0,91,0,91,0,2,96,0,98,164,0,164,262
02/04/2021,FWS,TX,ASW,CE,Federal Contract Tower,0,1,11,0,12,0,10,53,0,63,0,11,64,0,75,122,0,122,197
02/05/2021,FWS,TX,ASW,CE,Federal Contract Tower,0,1,3,0,4,0,1,109,0,110,0,2,112,0,114,256,0,256,370
02/06/2021,FWS,TX,ASW,CE,Federal Contract Tower,0,1,7,0,8,0,0,46,0,46,0,1,53,0,54,68,0,68,122
02/07/2021,FWS,TX,ASW,CE,Federal Contract Tower,0,1,8,0,9,0,0,43,0,43,0,1,51,0,52,66,0,66,118
02/08/2021,FWS,TX,ASW,CE,Federal Contract Tower,0,3,12,0,15,0,0,18,0,18,0,3,30,0,33,60,0,60,93
02/09/2021,FWS,TX,ASW,CE,Federal Contract Tower,0,2,4,0,6,0,5,3,0,8,0,7,7,0,14,8,0,8,22
02/10/2021,FWS,TX,ASW,CE,Federal Contract Tower,0,0,4,0,4,0,0,0,0,0,0,0,4,0,4,0,0,0,4
02/11/2021,FWS,TX,ASW,CE,Federal Contract Tower,0,1,1,0,2,0,0,4,0,4,0,1,5,0,6,0,0,0,6
02/12/2021,FWS,TX,ASW,CE,Federal Contract Tower,0,0,7,0,7,0,0,14,0,14,0,0,21,0,21,24,0,24,45
02/13/2021,FWS,TX,ASW,CE,Federal Contract Tower,0,0,2,0,2,0,0,0,0,0,0,0,2,0,2,0,0,0,2
02/14/2021,FWS,TX,ASW,CE,Federal Contract Tower,0,0,0,0,0,0,0,0,0,0,0,0,0,0,0,0,0,0,0
02/15/2021,FWS,TX,ASW,CE,Federal Contract Tower,0,0,2,0,2,0,0,6,0,6,0,0,8,0,8,0,0,0,8
02/16/2021,FWS,TX,ASW,CE,Federal Contract Tower,0,0,6,0,6,0,2,6,0,8,0,2,12,0,14,0,0,0,14
02/18/2021,FWS,TX,ASW,CE,Federal Contract Tower,0,0,3,0,3,0,2,4,0,6,0,2,7,0,9,0,0,0,9
02/19/2021,FWS,TX,ASW,CE,Federal Contract Tower,0,0,6,0,6,0,0,33,0,33,0,0,39,0,39,60,0,60,99
02/20/2021,FWS,TX,ASW,CE,Federal Contract Tower,0,1,3,0,4,0,1,70,0,71,0,2,73,0,75,118,0,118,193
02/21/2021,FWS,TX,ASW,CE,Federal Contract Tower,0,0,9,0,9,0,0,17,0,17,0,0,26,0,26,0,0,0,26
02/22/2021,FWS,TX,ASW,CE,Federal Contract Tower,0,0,1,0,1,0,9,120,0,129,0,9,121,0,130,178,0,178,308
02/23/2021,FWS,TX,ASW,CE,Federal Contract Tower,0,1,7,0,8,0,1,95,0,96,0,2,102,0,104,146,0,146,250
02/24/2021,FWS,TX,ASW,CE,Federal Contract Tower,0,1,5,0,6,0,5,124,0,129,0,6,129,0,135,202,0,202,337
02/25/2021,FWS,TX,ASW,CE,Federal Contract Tower,0,1,13,0,14,0,9,62,0,71,0,10,75,0,85,158,0,158,243
02/26/2021,FWS,TX,ASW,CE,Federal Contract Tower,0,6,28,0,34,0,4,19,0,23,0,10,47,0,57,52,0,52,109
02/27/2021,FWS,TX,ASW,CE,Federal Contract Tower,0,1,9,0,10,0,0,1,0,1,0,1,10,0,11,0,0,0,11
02/28/2021,FWS,TX,ASW,CE,Federal Contract Tower,0,4,15,0,19,0,3,4,0,7,0,7,19,0,26,0,0,0,26
03/01/2021,FWS,TX,ASW,CE,Federal Contract Tower,0,0,5,0,5,0,6,67,0,73,0,6,72,0,78,84,0,84,162
03/02/2021,FWS,TX,ASW,CE,Federal Contract Tower,0,0,3,0,3,0,0,145,0,145,0,0,148,0,148,184,0,184,332
03/03/2021,FWS,TX,ASW,CE,Federal Contract Tower,0,2,8,0,10,0,1,126,4,131,0,3,134,4,141,150,0,150,291
03/04/2021,FWS,TX,ASW,CE,Federal Contract Tower,0,1,4,0,5,0,1,86,0,87,0,2,90,0,92,102,0,102,194
03/05/2021,FWS,TX,ASW,CE,Federal Contract Tower,0,2,6,0,8,0,0,78,0,78,0,2,84,0,86,196,0,196,282
03/06/2021,FWS,TX,ASW,CE,Federal Contract Tower,0,0,6,0,6,0,0,105,0,105,0,0,111,0,111,128,0,128,239
03/07/2021,FWS,TX,ASW,CE,Federal Contract Tower,0,0,4,0,4,0,2,93,0,95,0,2,97,0,99,174,0,174,273
03/08/2021,FWS,TX,ASW,CE,Federal Contract Tower,0,1,5,0,6,0,2,91,0,93,0,3,96,0,99,220,0,220,319
03/09/2021,FWS,TX,ASW,CE,Federal Contract Tower,0,0,26,0,26,0,0,33,0,33,0,0,59,0,59,82,0,82,141
03/10/2021,FWS,TX,ASW,CE,Federal Contract Tower,0,1,14,0,15,0,0,31,0,31,0,1,45,0,46,50,0,50,96
03/11/2021,FWS,TX,ASW,CE,Federal Contract Tower,0,3,19,0,22,0,4,33,0,37,0,7,52,0,59,74,0,74,133
03/12/2021,FWS,TX,ASW,CE,Federal Contract Tower,0,1,9,0,10,0,0,43,0,43,0,1,52,0,53,64,0,64,117
03/13/2021,FWS,TX,ASW,CE,Federal Contract Tower,0,0,18,0,18,0,0,16,0,16,0,0,34,0,34,16,0,16,50
03/14/2021,FWS,TX,ASW,CE,Federal Contract Tower,0,4,5,0,9,0,0,34,0,34,0,4,39,0,43,38,0,38,81
03/15/2021,FWS,TX,ASW,CE,Federal Contract Tower,0,0,2,0,2,0,0,56,0,56,0,0,58,0,58,16,0,16,74
03/16/2021,FWS,TX,ASW,CE,Federal Contract Tower,0,1,27,0,28,0,0,79,0,79,0,1,106,0,107,194,0,194,301
03/17/2021,FWS,TX,ASW,CE,Federal Contract Tower,0,1,2,0,3,0,2,7,0,9,0,3,9,0,12,0,0,0,12
03/18/2021,FWS,TX,ASW,CE,Federal Contract Tower,0,3,9,0,12,0,2,65,0,67,0,5,74,0,79,94,0,94,173
03/19/2021,FWS,TX,ASW,CE,Federal Contract Tower,0,5,11,0,16,0,0,131,0,131,0,5,142,0,147,226,0,226,373
03/20/2021,FWS,TX,ASW,CE,Federal Contract Tower,0,0,13,0,13,0,0,100,0,100,0,0,113,0,113,114,0,114,227
03/21/2021,FWS,TX,ASW,CE,Federal Contract Tower,0,0,11,0,11,0,0,51,0,51,0,0,62,0,62,112,0,112,174
03/22/2021,FWS,TX,ASW,CE,Federal Contract Tower,0,2,6,0,8,0,3,5,0,8,0,5,11,0,16,10,0,10,26
03/23/2021,FWS,TX,ASW,CE,Federal Contract Tower,0,0,14,0,14,0,0,113,0,113,0,0,127,0,127,202,0,202,329
03/24/2021,FWS,TX,ASW,CE,Federal Contract Tower,0,4,6,0,10,0,5,62,0,67,0,9,68,0,77,54,0,54,131
03/25/2021,FWS,TX,ASW,CE,Federal Contract Tower,0,0,16,0,16,0,0,33,0,33,0,0,49,0,49,68,0,68,117
03/26/2021,FWS,TX,ASW,CE,Federal Contract Tower,0,2,17,0,19,0,1,126,0,127,0,3,143,0,146,236,0,236,382
03/27/2021,FWS,TX,ASW,CE,Federal Contract Tower,0,0,9,0,9,0,0,45,0,45,0,0,54,0,54,180,0,180,234
03/28/2021,FWS,TX,ASW,CE,Federal Contract Tower,0,0,10,0,10,0,0,47,0,47,0,0,57,0,57,100,0,100,157
03/29/2021,FWS,TX,ASW,CE,Federal Contract Tower,0,0,4,0,4,0,0,70,0,70,0,0,74,0,74,126,0,126,200
03/30/2021,FWS,TX,ASW,CE,Federal Contract Tower,0,0,10,0,10,0,0,40,0,40,0,0,50,0,50,94,0,94,144
03/31/2021,FWS,TX,ASW,CE,Federal Contract Tower,0,0,3,0,3,0,0,36,0,36,0,0,39,0,39,72,0,72,111
04/01/2021,FWS,TX,ASW,CE,Federal Contract Tower,0,0,4,0,4,0,1,83,2,86,0,1,87,2,90,120,0,120,210
04/02/2021,FWS,TX,ASW,CE,Federal Contract Tower,0,0,0,0,0,0,3,85,0,88,0,3,85,0,88,98,0,98,186
04/03/2021,FWS,TX,ASW,CE,Federal Contract Tower,0,0,0,0,0,0,0,69,0,69,0,0,69,0,69,182,0,182,251
04/04/2021,FWS,TX,ASW,CE,Federal Contract Tower,0,0,0,0,0,0,0,26,0,26,0,0,26,0,26,38,0,38,64
04/05/2021,FWS,TX,ASW,CE,Federal Contract Tower,0,0,0,0,0,0,2,42,0,44,0,2,42,0,44,90,0,90,134
04/06/2021,FWS,TX,ASW,CE,Federal Contract Tower,0,0,0,0,0,0,5,28,0,33,0,5,28,0,33,40,0,40,73
04/07/2021,FWS,TX,ASW,CE,Federal Contract Tower,0,0,0,0,0,0,0,48,0,48,0,0,48,0,48,68,0,68,116
04/08/2021,FWS,TX,ASW,CE,Federal Contract Tower,0,0,0,0,0,0,0,99,0,99,0,0,99,0,99,276,0,276,375
04/09/2021,FWS,TX,ASW,CE,Federal Contract Tower,0,0,1,0,1,0,0,42,0,42,0,0,43,0,43,170,0,170,213
04/10/2021,FWS,TX,ASW,CE,Federal Contract Tower,0,0,0,0,0,0,0,86,0,86,0,0,86,0,86,150,0,150,236
04/11/2021,FWS,TX,ASW,CE,Federal Contract Tower,0,0,0,0,0,0,1,54,0,55,0,1,54,0,55,70,0,70,125
04/12/2021,FWS,TX,ASW,CE,Federal Contract Tower,0,0,0,0,0,0,3,66,0,69,0,3,66,0,69,84,0,84,153
04/13/2021,FWS,TX,ASW,CE,Federal Contract Tower,0,0,0,0,0,0,1,87,0,88,0,1,87,0,88,168,0,168,256
04/14/2021,FWS,TX,ASW,CE,Federal Contract Tower,0,0,0,0,0,0,8,43,0,51,0,8,43,0,51,104,0,104,155
04/15/2021,FWS,TX,ASW,CE,Federal Contract Tower,0,0,0,0,0,0,1,12,0,13,0,1,12,0,13,28,0,28,41
04/16/2021,FWS,TX,ASW,CE,Federal Contract Tower,0,0,0,0,0,0,0,0,0,0,0,0,0,0,0,0,0,0,0
04/17/2021,FWS,TX,ASW,CE,Federal Contract Tower,0,0,0,0,0,0,0,47,0,47,0,0,47,0,47,70,0,70,117
04/18/2021,FWS,TX,ASW,CE,Federal Contract Tower,0,0,0,0,0,0,0,61,0,61,0,0,61,0,61,94,0,94,155
04/19/2021,FWS,TX,ASW,CE,Federal Contract Tower,0,0,0,0,0,0,1,89,0,90,0,1,89,0,90,196,0,196,286
04/20/2021,FWS,TX,ASW,CE,Federal Contract Tower,0,0,0,0,0,0,4,59,0,63,0,4,59,0,63,100,0,100,163
04/21/2021,FWS,TX,ASW,CE,Federal Contract Tower,0,0,0,0,0,0,3,79,0,82,0,3,79,0,82,182,0,182,264
04/22/2021,FWS,TX,ASW,CE,Federal Contract Tower,0,0,0,0,0,0,0,83,0,83,0,0,83,0,83,216,0,216,299
04/23/2021,FWS,TX,ASW,CE,Federal Contract Tower,0,0,0,0,0,0,0,0,0,0,0,0,0,0,0,0,0,0,0
04/24/2021,FWS,TX,ASW,CE,Federal Contract Tower,0,0,0,0,0,0,1,60,0,61,0,1,60,0,61,152,0,152,213
04/25/2021,FWS,TX,ASW,CE,Federal Contract Tower,0,0,0,0,0,0,3,49,0,52,0,3,49,0,52,86,0,86,138
04/26/2021,FWS,TX,ASW,CE,Federal Contract Tower,0,0,0,0,0,0,2,41,0,43,0,2,41,0,43,104,0,104,147
04/27/2021,FWS,TX,ASW,CE,Federal Contract Tower,0,0,0,0,0,0,0,2,0,2,0,0,2,0,2,5,0,5,7
04/28/2021,FWS,TX,ASW,CE,Federal Contract Tower,0,0,0,0,0,0,0,21,0,21,0,0,21,0,21,30,0,30,51
04/29/2021,FWS,TX,ASW,CE,Federal Contract Tower,0,0,0,0,0,0,0,3,0,3,0,0,3,0,3,0,0,0,3
04/30/2021,FWS,TX,ASW,CE,Federal Contract Tower,0,0,0,0,0,0,0,13,0,13,0,0,13,0,13,20,0,20,33
05/01/2021,FWS,TX,ASW,CE,Federal Contract Tower,0,0,0,0,0,0,0,2,0,2,0,0,2,0,2,0,0,0,2
05/02/2021,FWS,TX,ASW,CE,Federal Contract Tower,0,0,0,0,0,0,0,39,0,39,0,0,39,0,39,112,0,112,151
05/03/2021,FWS,TX,ASW,CE,Federal Contract Tower,0,0,0,0,0,0,0,40,0,40,0,0,40,0,40,96,0,96,136
05/04/2021,FWS,TX,ASW,CE,Federal Contract Tower,0,0,0,0,0,0,1,83,0,84,0,1,83,0,84,182,0,182,266
05/05/2021,FWS,TX,ASW,CE,Federal Contract Tower,0,0,0,0,0,0,0,118,0,118,0,0,118,0,118,210,0,210,328
05/06/2021,FWS,TX,ASW,CE,Federal Contract Tower,0,0,0,0,0,0,0,114,0,114,0,0,114,0,114,220,0,220,334
05/07/2021,FWS,TX,ASW,CE,Federal Contract Tower,0,0,0,0,0,0,3,119,0,122,0,3,119,0,122,274,0,274,396
05/08/2021,FWS,TX,ASW,CE,Federal Contract Tower,0,0,0,0,0,0,0,26,0,26,0,0,26,0,26,28,0,28,54
05/09/2021,FWS,TX,ASW,CE,Federal Contract Tower,0,0,0,0,0,0,0,29,0,29,0,0,29,0,29,22,0,22,51
05/10/2021,FWS,TX,ASW,CE,Federal Contract Tower,0,0,0,0,0,0,0,3,0,3,0,0,3,0,3,0,0,0,3
05/11/2021,FWS,TX,ASW,CE,Federal Contract Tower,0,0,0,0,0,0,1,0,0,1,0,1,0,0,1,0,0,0,1
05/12/2021,FWS,TX,ASW,CE,Federal Contract Tower,0,0,0,0,0,0,1,11,0,12,0,1,11,0,12,6,0,6,18
05/13/2021,FWS,TX,ASW,CE,Federal Contract Tower,0,0,0,0,0,0,6,113,0,119,0,6,113,0,119,214,0,214,333
05/14/2021,FWS,TX,ASW,CE,Federal Contract Tower,0,0,0,0,0,0,0,104,0,104,0,0,104,0,104,248,0,248,352
05/15/2021,FWS,TX,ASW,CE,Federal Contract Tower,0,0,0,0,0,0,0,68,0,68,0,0,68,0,68,64,0,64,132
05/17/2021,FWS,TX,ASW,CE,Federal Contract Tower,0,0,0,0,0,0,0,30,0,30,0,0,30,0,30,62,0,62,92
05/18/2021,FWS,TX,ASW,CE,Federal Contract Tower,0,2,6,0,8,0,0,7,0,7,0,2,13,0,15,14,0,14,29
05/19/2021,FWS,TX,ASW,CE,Federal Contract Tower,0,1,3,0,4,0,0,40,0,40,0,1,43,0,44,122,0,122,166
05/20/2021,FWS,TX,ASW,CE,Federal Contract Tower,0,0,17,0,17,0,2,54,0,56,0,2,71,0,73,302,0,302,375
05/21/2021,FWS,TX,ASW,CE,Federal Contract Tower,0,0,19,0,19,0,5,38,0,43,0,5,57,0,62,92,0,92,154
05/22/2021,FWS,TX,ASW,CE,Federal Contract Tower,0,2,12,0,14,0,0,0,0,0,0,2,12,0,14,0,0,0,14
05/23/2021,FWS,TX,ASW,CE,Federal Contract Tower,0,0,12,0,12,0,0,14,0,14,0,0,26,0,26,82,0,82,108
05/24/2021,FWS,TX,ASW,CE,Federal Contract Tower,0,2,3,0,5,0,0,5,0,5,0,2,8,0,10,14,0,14,24
05/25/2021,FWS,TX,ASW,CE,Federal Contract Tower,0,0,6,0,6,0,0,56,0,56,0,0,62,0,62,196,0,196,258
05/26/2021,FWS,TX,ASW,CE,Federal Contract Tower,0,3,12,0,15,0,0,109,4,113,0,3,121,4,128,150,8,158,286
05/27/2021,FWS,TX,ASW,CE,Federal Contract Tower,0,3,12,0,15,0,5,100,0,105,0,8,112,0,120,390,0,390,510
05/28/2021,FWS,TX,ASW,CE,Federal Contract Tower,0,3,9,0,12,0,0,19,0,19,0,3,28,0,31,62,0,62,93
05/29/2021,FWS,TX,ASW,CE,Federal Contract Tower,0,0,9,0,9,0,0,66,0,66,0,0,75,0,75,58,0,58,133
05/30/2021,FWS,TX,ASW,CE,Federal Contract Tower,0,0,13,0,13,0,0,13,0,13,0,0,26,0,26,0,0,0,26
05/31/2021,FWS,TX,ASW,CE,Federal Contract Tower,0,1,3,0,4,0,0,7,0,7,0,1,10,0,11,0,0,0,11
06/01/2021,FWS,TX,ASW,CE,Federal Contract Tower,0,1,18,0,19,0,0,68,0,68,0,1,86,0,87,354,0,354,441
06/02/2021,FWS,TX,ASW,CE,Federal Contract Tower,0,2,5,0,7,0,0,78,0,78,0,2,83,0,85,226,0,226,311
06/03/2021,FWS,TX,ASW,CE,Federal Contract Tower,0,6,3,0,9,0,0,97,0,97,0,6,100,0,106,240,0,240,346
06/04/2021,FWS,TX,ASW,CE,Federal Contract Tower,0,3,6,0,9,0,0,54,0,54,0,3,60,0,63,236,0,236,299
06/05/2021,FWS,TX,ASW,CE,Federal Contract Tower,0,0,12,0,12,0,0,35,0,35,0,0,47,0,47,68,0,68,115
06/06/2021,FWS,TX,ASW,CE,Federal Contract Tower,1,0,3,0,4,0,0,27,0,27,1,0,30,0,31,92,0,92,123
06/07/2021,FWS,TX,ASW,CE,Federal Contract Tower,0,0,0,0,0,0,2,23,0,25,0,2,23,0,25,46,0,46,71
06/08/2021,FWS,TX,ASW,CE,Federal Contract Tower,0,0,0,0,0,0,0,66,0,66,0,0,66,0,66,234,0,234,300
06/09/2021,FWS,TX,ASW,CE,Federal Contract Tower,0,0,0,0,0,0,0,68,0,68,0,0,68,0,68,184,0,184,252
06/10/2021,FWS,TX,ASW,CE,Federal Contract Tower,0,0,0,0,0,0,1,84,0,85,0,1,84,0,85,244,0,244,329
06/11/2021,FWS,TX,ASW,CE,Federal Contract Tower,0,0,0,0,0,0,1,93,0,94,0,1,93,0,94,162,0,162,256
06/12/2021,FWS,TX,ASW,CE,Federal Contract Tower,0,0,0,0,0,0,7,75,0,82,0,7,75,0,82,84,0,84,166
06/13/2021,FWS,TX,ASW,CE,Federal Contract Tower,0,0,0,0,0,0,1,64,0,65,0,1,64,0,65,42,0,42,107
06/14/2021,FWS,TX,ASW,CE,Federal Contract Tower,0,0,1,0,1,0,1,55,0,56,0,1,56,0,57,88,0,88,145
06/15/2021,FWS,TX,ASW,CE,Federal Contract Tower,0,1,8,0,9,0,0,102,0,102,0,1,110,0,111,242,0,242,353
06/16/2021,FWS,TX,ASW,CE,Federal Contract Tower,0,1,1,0,2,0,2,106,0,108,0,3,107,0,110,206,0,206,316
06/17/2021,FWS,TX,ASW,CE,Federal Contract Tower,0,0,3,0,3,0,2,108,0,110,0,2,111,0,113,296,0,296,409
06/18/2021,FWS,TX,ASW,CE,Federal Contract Tower,0,3,7,0,10,0,0,126,0,126,0,3,133,0,136,160,0,160,296
06/19/2021,FWS,TX,ASW,CE,Federal Contract Tower,0,0,8,0,8,0,0,114,0,114,0,0,122,0,122,140,0,140,262
06/20/2021,FWS,TX,ASW,CE,Federal Contract Tower,0,0,10,0,10,0,3,42,0,45,0,3,52,0,55,72,0,72,127
06/21/2021,FWS,TX,ASW,CE,Federal Contract Tower,0,3,1,0,4,0,0,32,0,32,0,3,33,0,36,134,0,134,170
06/22/2021,FWS,TX,ASW,CE,Federal Contract Tower,0,3,13,0,16,0,2,108,2,112,0,5,121,2,128,254,0,254,382
06/23/2021,FWS,TX,ASW,CE,Federal Contract Tower,0,1,15,0,16,0,0,48,5,53,0,1,63,5,69,126,0,126,195
06/24/2021,FWS,TX,ASW,CE,Federal Contract Tower,0,1,6,0,7,0,0,110,0,110,0,1,116,0,117,150,0,150,267
06/25/2021,FWS,TX,ASW,CE,Federal Contract Tower,0,2,10,0,12,0,1,82,0,83,0,3,92,0,95,178,0,178,273
06/26/2021,FWS,TX,ASW,CE,Federal Contract Tower,0,0,16,0,16,0,2,60,0,62,0,2,76,0,78,122,0,122,200
06/27/2021,FWS,TX,ASW,CE,Federal Contract Tower,0,0,5,0,5,0,1,33,0,34,0,1,38,0,39,82,0,82,121
06/28/2021,FWS,TX,ASW,CE,Federal Contract Tower,0,1,19,0,20,0,2,30,0,32,0,3,49,0,52,56,0,56,108
06/29/2021,FWS,TX,ASW,CE,Federal Contract Tower,0,5,13,0,18,0,2,44,2,48,0,7,57,2,66,134,2,136,202
06/30/2021,FWS,TX,ASW,CE,Federal Contract Tower,0,7,14,0,21,0,2,77,0,79,0,9,91,0,100,256,0,256,356
07/01/2021,FWS,TX,ASW,CE,Federal Contract Tower,0,2,9,0,11,0,0,133,0,133,0,2,142,0,144,114,0,114,258
07/02/2021,FWS,TX,ASW,CE,Federal Contract Tower,0,0,10,0,10,0,1,25,0,26,0,1,35,0,36,80,0,80,116
07/03/2021,FWS,TX,ASW,CE,Federal Contract Tower,0,0,7,0,7,0,0,4,0,4,0,0,11,0,11,6,0,6,17
07/04/2021,FWS,TX,ASW,CE,Federal Contract Tower,0,1,7,0,8,0,0,25,0,25,0,1,32,0,33,38,0,38,71
07/05/2021,FWS,TX,ASW,CE,Federal Contract Tower,0,1,5,0,6,0,0,52,0,52,0,1,57,0,58,56,0,56,114
07/06/2021,FWS,TX,ASW,CE,Federal Contract Tower,0,0,10,0,10,0,0,46,0,46,0,0,56,0,56,124,0,124,180
07/07/2021,FWS,TX,ASW,CE,Federal Contract Tower,0,0,10,0,10,0,3,85,0,88,0,3,95,0,98,160,0,160,258
07/08/2021,FWS,TX,ASW,CE,Federal Contract Tower,0,1,6,0,7,0,2,98,0,100,0,3,104,0,107,140,0,140,247
07/09/2021,FWS,TX,ASW,CE,Federal Contract Tower,0,0,20,0,20,0,0,22,0,22,0,0,42,0,42,102,0,102,144
07/10/2021,FWS,TX,ASW,CE,Federal Contract Tower,0,3,18,0,21,0,0,60,0,60,0,3,78,0,81,80,0,80,161
07/11/2021,FWS,TX,ASW,CE,Federal Contract Tower,0,0,7,0,7,0,0,39,0,39,0,0,46,0,46,42,0,42,88
07/12/2021,FWS,TX,ASW,CE,Federal Contract Tower,0,0,5,0,5,0,2,59,0,61,0,2,64,0,66,80,0,80,146
07/13/2021,FWS,TX,ASW,CE,Federal Contract Tower,0,2,12,0,14,0,0,94,0,94,0,2,106,0,108,152,0,152,260
07/14/2021,FWS,TX,ASW,CE,Federal Contract Tower,0,2,3,0,5,0,2,100,0,102,0,4,103,0,107,160,0,160,267
07/15/2021,FWS,TX,ASW,CE,Federal Contract Tower,0,1,5,0,6,0,0,41,0,41,0,1,46,0,47,78,0,78,125
07/16/2021,FWS,TX,ASW,CE,Federal Contract Tower,0,4,10,0,14,0,1,82,0,83,0,5,92,0,97,178,0,178,275
07/17/2021,FWS,TX,ASW,CE,Federal Contract Tower,0,4,11,0,15,0,0,61,0,61,0,4,72,0,76,88,0,88,164
07/18/2021,FWS,TX,ASW,CE,Federal Contract Tower,0,0,10,0,10,0,0,38,0,38,0,0,48,0,48,82,0,82,130
07/19/2021,FWS,TX,ASW,CE,Federal Contract Tower,0,1,8,0,9,0,6,28,0,34,0,7,36,0,43,76,0,76,119
07/20/2021,FWS,TX,ASW,CE,Federal Contract Tower,0,1,13,0,14,0,1,69,0,70,0,2,82,0,84,150,0,150,234
07/21/2021,FWS,TX,ASW,CE,Federal Contract Tower,0,1,8,0,9,0,0,116,0,116,0,1,124,0,125,268,0,268,393
07/22/2021,FWS,TX,ASW,CE,Federal Contract Tower,0,0,9,0,9,0,2,91,0,93,0,2,100,0,102,182,0,182,284
07/23/2021,FWS,TX,ASW,CE,Federal Contract Tower,0,0,11,0,11,0,7,73,0,80,0,7,84,0,91,182,0,182,273
07/24/2021,FWS,TX,ASW,CE,Federal Contract Tower,0,3,11,0,14,0,1,78,0,79,0,4,89,0,93,212,0,212,305
07/25/2021,FWS,TX,ASW,CE,Federal Contract Tower,0,2,3,0,5,0,0,66,0,66,0,2,69,0,71,104,0,104,175
07/26/2021,FWS,TX,ASW,CE,Federal Contract Tower,0,0,3,0,3,0,0,68,0,68,0,0,71,0,71,168,0,168,239
07/27/2021,FWS,TX,ASW,CE,Federal Contract Tower,0,2,4,0,6,0,0,76,0,76,0,2,80,0,82,102,0,102,184
07/28/2021,FWS,TX,ASW,CE,Federal Contract Tower,0,1,8,0,9,0,5,79,0,84,0,6,87,0,93,172,0,172,265
07/29/2021,FWS,TX,ASW,CE,Federal Contract Tower,0,2,5,0,7,0,0,98,0,98,0,2,103,0,105,160,0,160,265
07/30/2021,FWS,TX,ASW,CE,Federal Contract Tower,0,0,5,0,5,0,7,88,0,95,0,7,93,0,100,152,0,152,252
07/31/2021,FWS,TX,ASW,CE,Federal Contract Tower,0,0,9,0,9,0,4,85,0,89,0,4,94,0,98,104,0,104,202
08/01/2021,FWS,TX,ASW,CE,Federal Contract Tower,0,3,3,0,6,0,1,44,0,45,0,4,47,0,51,84,0,84,135
08/02/2021,FWS,TX,ASW,CE,Federal Contract Tower,0,0,8,0,8,0,0,18,0,18,0,0,26,0,26,72,0,72,98
08/03/2021,FWS,TX,ASW,CE,Federal Contract Tower,0,1,10,1,12,0,5,102,0,107,0,6,112,1,119,190,0,190,309
08/04/2021,FWS,TX,ASW,CE,Federal Contract Tower,0,3,8,0,11,0,2,93,0,95,0,5,101,0,106,196,0,196,302
08/05/2021,FWS,TX,ASW,CE,Federal Contract Tower,0,0,4,0,4,0,1,80,0,81,0,1,84,0,85,190,0,190,275
08/06/2021,FWS,TX,ASW,CE,Federal Contract Tower,0,2,24,0,26,0,2,88,0,90,0,4,112,0,116,228,0,228,344
08/07/2021,FWS,TX,ASW,CE,Federal Contract Tower,0,0,3,0,3,0,0,53,0,53,0,0,56,0,56,88,0,88,144
08/08/2021,FWS,TX,ASW,CE,Federal Contract Tower,0,2,7,0,9,0,0,20,0,20,0,2,27,0,29,6,0,6,35
08/09/2021,FWS,TX,ASW,CE,Federal Contract Tower,0,4,4,0,8,0,0,49,0,49,0,4,53,0,57,108,0,108,165
08/10/2021,FWS,TX,ASW,CE,Federal Contract Tower,0,3,4,0,7,0,0,50,0,50,0,3,54,0,57,98,0,98,155
08/11/2021,FWS,TX,ASW,CE,Federal Contract Tower,0,2,12,0,14,0,2,81,0,83,0,4,93,0,97,202,0,202,299
08/12/2021,FWS,TX,ASW,CE,Federal Contract Tower,0,0,7,0,7,0,0,85,0,85,0,0,92,0,92,228,0,228,320
08/13/2021,FWS,TX,ASW,CE,Federal Contract Tower,0,0,11,0,11,0,3,83,0,86,0,3,94,0,97,172,0,172,269
08/14/2021,FWS,TX,ASW,CE,Federal Contract Tower,0,1,6,0,7,0,0,58,0,58,0,1,64,0,65,110,0,110,175
08/15/2021,FWS,TX,ASW,CE,Federal Contract Tower,0,4,3,0,7,0,0,27,0,27,0,4,30,0,34,56,0,56,90
08/16/2021,FWS,TX,ASW,CE,Federal Contract Tower,0,0,9,0,9,0,2,79,2,83,0,2,88,2,92,138,0,138,230
08/17/2021,FWS,TX,ASW,CE,Federal Contract Tower,0,3,13,0,16,0,2,41,0,43,0,5,54,0,59,118,0,118,177
08/18/2021,FWS,TX,ASW,CE,Federal Contract Tower,0,1,12,0,13,0,0,0,0,0,0,1,12,0,13,0,0,0,13
08/19/2021,FWS,TX,ASW,CE,Federal Contract Tower,0,1,8,0,9,0,12,57,0,69,0,13,65,0,78,128,0,128,206
08/20/2021,FWS,TX,ASW,CE,Federal Contract Tower,0,3,8,0,11,0,3,116,0,119,0,6,124,0,130,150,0,150,280
08/21/2021,FWS,TX,ASW,CE,Federal Contract Tower,0,0,4,0,4,0,0,61,0,61,0,0,65,0,65,100,0,100,165
08/22/2021,FWS,TX,ASW,CE,Federal Contract Tower,0,3,18,0,21,0,1,65,0,66,0,4,83,0,87,56,0,56,143
08/23/2021,FWS,TX,ASW,CE,Federal Contract Tower,0,1,7,0,8,0,0,86,0,86,0,1,93,0,94,166,0,166,260
08/24/2021,FWS,TX,ASW,CE,Federal Contract Tower,0,1,11,0,12,0,0,84,0,84,0,1,95,0,96,218,0,218,314
08/25/2021,FWS,TX,ASW,CE,Federal Contract Tower,0,0,4,0,4,0,2,66,0,68,0,2,70,0,72,154,0,154,226
08/26/2021,FWS,TX,ASW,CE,Federal Contract Tower,0,0,12,0,12,0,1,75,0,76,0,1,87,0,88,60,0,60,148
08/27/2021,FWS,TX,ASW,CE,Federal Contract Tower,0,3,9,0,12,0,0,68,0,68,0,3,77,0,80,142,0,142,222
08/28/2021,FWS,TX,ASW,CE,Federal Contract Tower,0,2,3,0,5,0,0,84,0,84,0,2,87,0,89,112,0,112,201
08/29/2021,FWS,TX,ASW,CE,Federal Contract Tower,0,2,11,0,13,0,0,16,0,16,0,2,27,0,29,14,0,14,43
08/30/2021,FWS,TX,ASW,CE,Federal Contract Tower,0,2,13,0,15,0,2,51,0,53,0,4,64,0,68,120,0,120,188
08/31/2021,FWS,TX,ASW,CE,Federal Contract Tower,0,2,4,0,6,0,0,83,0,83,0,2,87,0,89,230,0,230,319
09/01/2021,FWS,TX,ASW,CE,Federal Contract Tower,0,0,2,0,2,0,5,65,0,70,0,5,67,0,72,92,0,92,164
09/02/2021,FWS,TX,ASW,CE,Federal Contract Tower,0,3,16,0,19,0,2,66,0,68,0,5,82,0,87,142,0,142,229
09/03/2021,FWS,TX,ASW,CE,Federal Contract Tower,0,0,6,0,6,0,0,83,0,83,0,0,89,0,89,164,0,164,253
09/04/2021,FWS,TX,ASW,CE,Federal Contract Tower,0,0,9,0,9,0,0,58,0,58,0,0,67,0,67,84,0,84,151
09/05/2021,FWS,TX,ASW,CE,Federal Contract Tower,0,0,5,0,5,0,0,23,0,23,0,0,28,0,28,54,0,54,82
09/06/2021,FWS,TX,ASW,CE,Federal Contract Tower,0,1,9,0,10,0,0,70,0,70,0,1,79,0,80,88,0,88,168
09/07/2021,FWS,TX,ASW,CE,Federal Contract Tower,0,2,6,0,8,0,4,54,0,58,0,6,60,0,66,84,0,84,150
09/08/2021,FWS,TX,ASW,CE,Federal Contract Tower,0,1,14,0,15,0,7,55,0,62,0,8,69,0,77,130,0,130,207
09/09/2021,FWS,TX,ASW,CE,Federal Contract Tower,0,4,6,0,10,0,6,60,0,66,0,10,66,0,76,124,0,124,200
09/10/2021,FWS,TX,ASW,CE,Federal Contract Tower,0,1,7,0,8,0,0,80,0,80,0,1,87,0,88,150,0,150,238
09/11/2021,FWS,TX,ASW,CE,Federal Contract Tower,0,0,6,0,6,0,0,89,0,89,0,0,95,0,95,88,0,88,183
09/12/2021,FWS,TX,ASW,CE,Federal Contract Tower,0,0,8,0,8,0,0,71,0,71,0,0,79,0,79,46,0,46,125
09/13/2021,FWS,TX,ASW,CE,Federal Contract Tower,0,0,8,0,8,0,0,51,0,51,0,0,59,0,59,116,0,116,175
09/14/2021,FWS,TX,ASW,CE,Federal Contract Tower,0,2,9,0,11,0,0,43,0,43,0,2,52,0,54,88,0,88,142
09/15/2021,FWS,TX,ASW,CE,Federal Contract Tower,0,1,10,0,11,0,2,78,0,80,0,3,88,0,91,122,0,122,213
09/16/2021,FWS,TX,ASW,CE,Federal Contract Tower,0,2,14,0,16,0,1,76,0,77,0,3,90,0,93,134,0,134,227
09/17/2021,FWS,TX,ASW,CE,Federal Contract Tower,0,0,16,0,16,0,1,86,0,87,0,1,102,0,103,92,0,92,195
09/18/2021,FWS,TX,ASW,CE,Federal Contract Tower,0,0,5,0,5,0,0,89,0,89,0,0,94,0,94,130,0,130,224
09/19/2021,FWS,TX,ASW,CE,Federal Contract Tower,0,3,8,0,11,0,1,53,0,54,0,4,61,0,65,130,0,130,195
09/20/2021,FWS,TX,ASW,CE,Federal Contract Tower,0,2,5,0,7,0,0,93,0,93,0,2,98,0,100,178,0,178,278
09/21/2021,FWS,TX,ASW,CE,Federal Contract Tower,0,0,10,0,10,0,0,39,0,39,0,0,49,0,49,70,0,70,119
09/22/2021,FWS,TX,ASW,CE,Federal Contract Tower,0,0,14,0,14,0,2,101,0,103,0,2,115,0,117,158,0,158,275
09/23/2021,FWS,TX,ASW,CE,Federal Contract Tower,0,1,10,0,11,0,1,100,0,101,0,2,110,0,112,166,0,166,278
09/24/2021,FWS,TX,ASW,CE,Federal Contract Tower,0,1,9,0,10,0,0,113,0,113,0,1,122,0,123,132,0,132,255
09/25/2021,FWS,TX,ASW,CE,Federal Contract Tower,0,0,3,0,3,0,1,99,0,100,0,1,102,0,103,190,0,190,293
09/26/2021,FWS,TX,ASW,CE,Federal Contract Tower,0,3,10,0,13,0,0,73,0,73,0,3,83,0,86,78,0,78,164
09/27/2021,FWS,TX,ASW,CE,Federal Contract Tower,0,0,10,0,10,0,1,75,0,76,0,1,85,0,86,92,0,92,178
09/28/2021,FWS,TX,ASW,CE,Federal Contract Tower,0,1,3,0,4,0,0,74,0,74,0,1,77,0,78,96,0,96,174
09/29/2021,FWS,TX,ASW,CE,Federal Contract Tower,0,0,7,0,7,0,0,55,0,55,0,0,62,0,62,142,0,142,204
09/30/2021,FWS,TX,ASW,CE,Federal Contract Tower,0,0,16,0,16,0,0,41,0,41,0,0,57,0,57,130,0,130,187
10/01/2021,FWS,TX,ASW,CE,Federal Contract Tower,0,1,16,0,17,0,0,21,0,21,0,1,37,0,38,0,0,0,38
10/02/2021,FWS,TX,ASW,CE,Federal Contract Tower,0,1,14,0,15,0,0,24,0,24,0,1,38,0,39,106,0,106,145
10/03/2021,FWS,TX,ASW,CE,Federal Contract Tower,0,0,9,0,9,0,0,73,0,73,0,0,82,0,82,122,0,122,204
10/04/2021,FWS,TX,ASW,CE,Federal Contract Tower,0,4,2,0,6,0,0,81,0,81,0,4,83,0,87,190,0,190,277
10/05/2021,FWS,TX,ASW,CE,Federal Contract Tower,0,1,2,0,3,0,0,89,0,89,0,1,91,0,92,176,0,176,268
10/06/2021,FWS,TX,ASW,CE,Federal Contract Tower,0,3,3,0,6,0,6,103,0,109,0,9,106,0,115,166,0,166,281
10/07/2021,FWS,TX,ASW,CE,Federal Contract Tower,0,2,4,0,6,0,4,81,0,85,0,6,85,0,91,140,0,140,231
10/08/2021,FWS,TX,ASW,CE,Federal Contract Tower,0,1,4,0,5,0,0,82,0,82,0,1,86,0,87,110,0,110,197
10/09/2021,FWS,TX,ASW,CE,Federal Contract Tower,0,1,6,0,7,0,0,63,0,63,0,1,69,0,70,70,0,70,140
10/10/2021,FWS,TX,ASW,CE,Federal Contract Tower,0,1,12,0,13,0,0,12,0,12,0,1,24,0,25,4,0,4,29
10/11/2021,FWS,TX,ASW,CE,Federal Contract Tower,0,1,4,0,5,0,2,93,0,95,0,3,97,0,100,214,0,214,314
10/12/2021,FWS,TX,ASW,CE,Federal Contract Tower,0,1,20,0,21,0,0,7,0,7,0,1,27,0,28,20,0,20,48
10/13/2021,FWS,TX,ASW,CE,Federal Contract Tower,0,0,17,0,17,0,0,19,0,19,0,0,36,0,36,20,0,20,56
10/14/2021,FWS,TX,ASW,CE,Federal Contract Tower,0,2,28,0,30,0,0,29,0,29,0,2,57,0,59,92,0,92,151
10/15/2021,FWS,TX,ASW,CE,Federal Contract Tower,0,3,39,0,42,0,0,22,0,22,0,3,61,0,64,40,0,40,104
10/16/2021,FWS,TX,ASW,CE,Federal Contract Tower,0,0,4,0,4,0,0,110,0,110,0,0,114,0,114,176,0,176,290
10/17/2021,FWS,TX,ASW,CE,Federal Contract Tower,0,1,8,0,9,0,4,98,0,102,0,5,106,0,111,160,0,160,271
10/18/2021,FWS,TX,ASW,CE,Federal Contract Tower,0,0,7,0,7,0,0,105,0,105,0,0,112,0,112,172,0,172,284
10/19/2021,FWS,TX,ASW,CE,Federal Contract Tower,0,2,7,0,9,0,0,90,0,90,0,2,97,0,99,160,0,160,259
10/20/2021,FWS,TX,ASW,CE,Federal Contract Tower,0,2,8,0,10,0,2,84,0,86,0,4,92,0,96,172,0,172,268
10/21/2021,FWS,TX,ASW,CE,Federal Contract Tower,0,2,9,0,11,0,1,101,0,102,0,3,110,0,113,166,0,166,279
10/22/2021,FWS,TX,ASW,CE,Federal Contract Tower,0,2,9,0,11,0,1,92,0,93,0,3,101,0,104,152,0,152,256
10/23/2021,FWS,TX,ASW,CE,Federal Contract Tower,0,2,12,0,14,0,7,51,0,58,0,9,63,0,72,52,0,52,124
10/24/2021,FWS,TX,ASW,CE,Federal Contract Tower,0,3,17,0,20,0,4,19,0,23,0,7,36,0,43,20,0,20,63
10/26/2021,FWS,TX,ASW,CE,Federal Contract Tower,0,1,14,0,15,0,3,26,0,29,0,4,40,0,44,50,0,50,94
10/27/2021,FWS,TX,ASW,CE,Federal Contract Tower,0,2,3,0,5,0,5,17,0,22,0,7,20,0,27,10,0,10,37
10/28/2021,FWS,TX,ASW,CE,Federal Contract Tower,0,0,3,0,3,0,4,11,0,15,0,4,14,0,18,0,0,0,18
10/29/2021,FWS,TX,ASW,CE,Federal Contract Tower,0,4,7,0,11,0,5,36,0,41,0,9,43,0,52,12,0,12,64
10/30/2021,FWS,TX,ASW,CE,Federal Contract Tower,0,0,5,0,5,0,2,120,0,122,0,2,125,0,127,126,0,126,253
10/31/2021,FWS,TX,ASW,CE,Federal Contract Tower,0,0,4,0,4,0,0,67,0,67,0,0,71,0,71,38,0,38,109
11/01/2021,FWS,TX,ASW,CE,Federal Contract Tower,0,3,10,0,13,0,0,74,0,74,0,3,84,0,87,174,0,174,261
11/02/2021,FWS,TX,ASW,CE,Federal Contract Tower,0,3,22,0,25,0,2,30,0,32,0,5,52,0,57,26,0,26,83
11/03/2021,FWS,TX,ASW,CE,Federal Contract Tower,0,1,15,0,16,0,0,0,0,0,0,1,15,0,16,0,0,0,16
11/04/2021,FWS,TX,ASW,CE,Federal Contract Tower,0,1,16,0,17,0,10,86,0,96,0,11,102,0,113,162,0,162,275
11/05/2021,FWS,TX,ASW,CE,Federal Contract Tower,0,3,5,0,8,0,7,107,0,114,0,10,112,0,122,70,0,70,192
11/06/2021,FWS,TX,ASW,CE,Federal Contract Tower,0,2,5,0,7,0,11,103,0,114,0,13,108,0,121,112,0,112,233
11/07/2021,FWS,TX,ASW,CE,Federal Contract Tower,0,0,10,0,10,0,0,92,0,92,0,0,102,0,102,195,0,195,297
11/08/2021,FWS,TX,ASW,CE,Federal Contract Tower,0,3,10,0,13,0,2,65,0,67,0,5,75,0,80,84,0,84,164
11/09/2021,FWS,TX,ASW,CE,Federal Contract Tower,0,1,8,0,9,0,5,73,0,78,0,6,81,0,87,98,0,98,185
11/10/2021,FWS,TX,ASW,CE,Federal Contract Tower,0,1,11,0,12,0,4,22,0,26,0,5,33,0,38,8,0,8,46
11/11/2021,FWS,TX,ASW,CE,Federal Contract Tower,0,3,16,0,19,0,0,94,0,94,0,3,110,0,113,160,0,160,273
11/12/2021,FWS,TX,ASW,CE,Federal Contract Tower,0,2,22,0,24,0,4,105,0,109,0,6,127,0,133,104,0,104,237
11/13/2021,FWS,TX,ASW,CE,Federal Contract Tower,0,7,4,0,11,0,0,112,0,112,0,7,116,0,123,152,0,152,275
11/14/2021,FWS,TX,ASW,CE,Federal Contract Tower,0,4,10,0,14,0,1,65,0,66,0,5,75,0,80,116,0,116,196
11/15/2021,FWS,TX,ASW,CE,Federal Contract Tower,0,2,6,0,8,0,3,95,0,98,0,5,101,0,106,210,0,210,316
11/16/2021,FWS,TX,ASW,CE,Federal Contract Tower,0,3,6,0,9,0,3,53,0,56,0,6,59,0,65,58,0,58,123
11/17/2021,FWS,TX,ASW,CE,Federal Contract Tower,0,4,10,0,14,0,3,118,2,123,0,7,128,2,137,154,2,156,293
11/18/2021,FWS,TX,ASW,CE,Federal Contract Tower,0,0,15,0,15,0,0,73,0,73,0,0,88,0,88,114,0,114,202
11/19/2021,FWS,TX,ASW,CE,Federal Contract Tower,0,0,16,0,16,0,2,97,0,99,0,2,113,0,115,132,0,132,247
11/20/2021,FWS,TX,ASW,CE,Federal Contract Tower,0,0,8,0,8,0,1,70,0,71,0,1,78,0,79,90,0,90,169
11/21/2021,FWS,TX,ASW,CE,Federal Contract Tower,0,1,21,0,22,0,0,15,0,15,0,1,36,0,37,30,0,30,67
11/22/2021,FWS,TX,ASW,CE,Federal Contract Tower,0,1,4,0,5,0,3,91,0,94,0,4,95,0,99,114,0,114,213
11/23/2021,FWS,TX,ASW,CE,Federal Contract Tower,0,0,9,0,9,0,3,88,0,91,0,3,97,0,100,102,0,102,202
11/24/2021,FWS,TX,ASW,CE,Federal Contract Tower,0,0,12,0,12,0,1,28,0,29,0,1,40,0,41,30,0,30,71
11/25/2021,FWS,TX,ASW,CE,Federal Contract Tower,0,0,3,0,3,0,0,8,0,8,0,0,11,0,11,6,0,6,17
11/26/2021,FWS,TX,ASW,CE,Federal Contract Tower,0,0,6,0,6,0,0,55,0,55,0,0,61,0,61,116,0,116,177
11/27/2021,FWS,TX,ASW,CE,Federal Contract Tower,0,1,16,0,17,0,0,15,0,15,0,1,31,0,32,8,0,8,40
11/28/2021,FWS,TX,ASW,CE,Federal Contract Tower,0,0,9,0,9,0,0,59,0,59,0,0,68,0,68,130,0,130,198
11/29/2021,FWS,TX,ASW,CE,Federal Contract Tower,0,1,10,0,11,0,1,68,0,69,0,2,78,0,80,248,0,248,328
11/30/2021,FWS,TX,ASW,CE,Federal Contract Tower,0,1,8,0,9,0,0,72,0,72,0,1,80,0,81,152,0,152,233
12/01/2021,FWS,TX,ASW,CE,Federal Contract Tower,0,3,2,0,5,0,0,86,0,86,0,3,88,0,91,112,0,112,203
12/02/2021,FWS,TX,ASW,CE,Federal Contract Tower,0,4,5,0,9,0,2,68,0,70,0,6,73,0,79,132,0,132,211
12/03/2021,FWS,TX,ASW,CE,Federal Contract Tower,0,1,20,0,21,0,0,41,0,41,0,1,61,0,62,92,0,92,154
12/04/2021,FWS,TX,ASW,CE,Federal Contract Tower,0,0,16,0,16,0,0,25,0,25,0,0,41,0,41,30,0,30,71
12/05/2021,FWS,TX,ASW,CE,Federal Contract Tower,0,0,13,0,13,0,0,23,0,23,0,0,36,0,36,12,0,12,48
12/06/2021,FWS,TX,ASW,CE,Federal Contract Tower,0,0,2,0,2,0,11,16,0,27,0,11,18,0,29,10,0,10,39
12/07/2021,FWS,TX,ASW,CE,Federal Contract Tower,0,3,10,0,13,0,0,88,0,88,0,3,98,0,101,128,0,128,229
12/08/2021,FWS,TX,ASW,CE,Federal Contract Tower,0,0,10,0,10,0,2,31,0,33,0,2,41,0,43,40,0,40,83
12/09/2021,FWS,TX,ASW,CE,Federal Contract Tower,0,2,8,0,10,0,3,68,0,71,0,5,76,0,81,86,0,86,167
12/10/2021,FWS,TX,ASW,CE,Federal Contract Tower,0,1,11,0,12,0,3,59,0,62,0,4,70,0,74,112,0,112,186
12/11/2021,FWS,TX,ASW,CE,Federal Contract Tower,0,0,11,0,11,0,0,77,0,77,0,0,88,0,88,174,0,174,262
12/12/2021,FWS,TX,ASW,CE,Federal Contract Tower,0,2,9,0,11,0,0,57,0,57,0,2,66,0,68,88,0,88,156
12/13/2021,FWS,TX,ASW,CE,Federal Contract Tower,0,0,10,0,10,0,0,98,0,98,0,0,108,0,108,190,0,190,298
12/14/2021,FWS,TX,ASW,CE,Federal Contract Tower,0,0,11,0,11,0,0,38,0,38,0,0,49,0,49,74,0,74,123
12/15/2021,FWS,TX,ASW,CE,Federal Contract Tower,0,2,13,0,15,0,0,10,0,10,0,2,23,0,25,0,0,0,25
12/16/2021,FWS,TX,ASW,CE,Federal Contract Tower,0,0,13,0,13,0,4,51,0,55,0,4,64,0,68,126,0,126,194
12/17/2021,FWS,TX,ASW,CE,Federal Contract Tower,0,1,16,0,17,0,0,45,0,45,0,1,61,0,62,90,0,90,152
12/18/2021,FWS,TX,ASW,CE,Federal Contract Tower,0,2,7,0,9,0,0,30,0,30,0,2,37,0,39,6,0,6,45
12/19/2021,FWS,TX,ASW,CE,Federal Contract Tower,0,1,8,0,9,0,0,79,0,79,0,1,87,0,88,82,0,82,170
12/20/2021,FWS,TX,ASW,CE,Federal Contract Tower,0,3,10,0,13,0,11,98,0,109,0,14,108,0,122,132,0,132,254
12/21/2021,FWS,TX,ASW,CE,Federal Contract Tower,0,0,13,0,13,0,0,102,0,102,0,0,115,0,115,126,0,126,241
12/22/2021,FWS,TX,ASW,CE,Federal Contract Tower,0,2,17,0,19,0,0,55,0,55,0,2,72,0,74,124,0,124,198
12/23/2021,FWS,TX,ASW,CE,Federal Contract Tower,0,3,9,0,12,0,2,64,0,66,0,5,73,0,78,118,0,118,196
12/24/2021,FWS,TX,ASW,CE,Federal Contract Tower,0,0,3,0,3,0,0,20,0,20,0,0,23,0,23,32,0,32,55
12/25/2021,FWS,TX,ASW,CE,Federal Contract Tower,0,0,2,0,2,0,0,15,0,15,0,0,17,0,17,8,0,8,25
12/26/2021,FWS,TX,ASW,CE,Federal Contract Tower,0,0,17,0,17,0,0,14,0,14,0,0,31,0,31,18,0,18,49
12/27/2021,FWS,TX,ASW,CE,Federal Contract Tower,0,1,17,0,18,0,0,82,0,82,0,1,99,0,100,178,0,178,278
12/28/2021,FWS,TX,ASW,CE,Federal Contract Tower,0,0,13,0,13,0,0,78,0,78,0,0,91,0,91,154,0,154,245
12/29/2021,FWS,TX,ASW,CE,Federal Contract Tower,0,2,8,0,10,0,0,44,0,44,0,2,52,0,54,42,0,42,96
12/30/2021,FWS,TX,ASW,CE,Federal Contract Tower,0,1,5,0,6,0,0,101,0,101,0,1,106,0,107,166,0,166,273
12/31/2021,FWS,TX,ASW,CE,Federal Contract Tower,0,0,9,0,9,0,0,11,0,11,0,0,20,0,20,34,0,34,54
01/01/2022,FWS,TX,ASW,CE,Federal Contract Tower,0,3,5,0,8,0,0,18,0,18,0,3,23,0,26,12,0,12,38
01/02/2022,FWS,TX,ASW,CE,Federal Contract Tower,0,0,3,0,3,0,0,15,0,15,0,0,18,0,18,0,0,0,18
01/03/2022,FWS,TX,ASW,CE,Federal Contract Tower,0,1,3,0,4,0,1,74,0,75,0,2,77,0,79,126,0,126,205
01/04/2022,FWS,TX,ASW,CE,Federal Contract Tower,0,1,5,0,6,0,0,37,0,37,0,1,42,0,43,68,0,68,111
01/05/2022,FWS,TX,ASW,CE,Federal Contract Tower,0,1,7,0,8,0,2,76,2,80,0,3,83,2,88,96,0,96,184
01/06/2022,FWS,TX,ASW,CE,Federal Contract Tower,0,0,5,0,5,0,2,30,0,32,0,2,35,0,37,72,0,72,109
01/07/2022,FWS,TX,ASW,CE,Federal Contract Tower,0,1,18,0,19,0,2,90,0,92,0,3,108,0,111,192,0,192,303
01/08/2022,FWS,TX,ASW,CE,Federal Contract Tower,0,0,6,0,6,0,0,0,0,0,0,0,6,0,6,0,0,0,6
01/09/2022,FWS,TX,ASW,CE,Federal Contract Tower,0,0,6,0,6,0,0,2,0,2,0,0,8,0,8,0,0,0,8
01/10/2022,FWS,TX,ASW,CE,Federal Contract Tower,0,1,9,0,10,0,0,104,2,106,0,1,113,2,116,198,0,198,314
01/11/2022,FWS,TX,ASW,CE,Federal Contract Tower,0,1,5,0,6,0,1,72,0,73,0,2,77,0,79,134,0,134,213
01/12/2022,FWS,TX,ASW,CE,Federal Contract Tower,0,0,7,0,7,0,0,91,0,91,0,0,98,0,98,198,0,198,296
01/13/2022,FWS,TX,ASW,CE,Federal Contract Tower,0,0,2,0,2,0,0,65,2,67,0,0,67,2,69,96,4,100,169
01/14/2022,FWS,TX,ASW,CE,Federal Contract Tower,0,0,7,0,7,0,1,75,0,76,0,1,82,0,83,88,0,88,171
01/15/2022,FWS,TX,ASW,CE,Federal Contract Tower,0,2,0,0,2,0,0,1,0,1,0,2,1,0,3,0,0,0,3
01/16/2022,FWS,TX,ASW,CE,Federal Contract Tower,0,0,4,0,4,0,1,61,0,62,0,1,65,0,66,26,0,26,92
01/17/2022,FWS,TX,ASW,CE,Federal Contract Tower,0,1,15,0,16,0,2,118,0,120,0,3,133,0,136,184,0,184,320
01/18/2022,FWS,TX,ASW,CE,Federal Contract Tower,0,2,10,0,12,0,3,60,0,63,0,5,70,0,75,110,0,110,185
01/19/2022,FWS,TX,ASW,CE,Federal Contract Tower,0,0,7,0,7,0,0,45,0,45,0,0,52,0,52,106,0,106,158
01/20/2022,FWS,TX,ASW,CE,Federal Contract Tower,0,2,2,0,4,0,0,36,0,36,0,2,38,0,40,28,0,28,68
01/21/2022,FWS,TX,ASW,CE,Federal Contract Tower,0,0,7,0,7,0,1,91,0,92,0,1,98,0,99,122,0,122,221
01/22/2022,FWS,TX,ASW,CE,Federal Contract Tower,0,0,11,0,11,0,0,95,0,95,0,0,106,0,106,86,0,86,192
01/23/2022,FWS,TX,ASW,CE,Federal Contract Tower,0,0,4,0,4,0,3,64,0,67,0,3,68,0,71,66,0,66,137
01/24/2022,FWS,TX,ASW,CE,Federal Contract Tower,0,2,10,0,12,0,0,31,0,31,0,2,41,0,43,36,0,36,79
01/25/2022,FWS,TX,ASW,CE,Federal Contract Tower,0,3,6,0,9,0,3,80,0,83,0,6,86,0,92,152,0,152,244
01/26/2022,FWS,TX,ASW,CE,Federal Contract Tower,0,1,7,0,8,0,2,70,0,72,0,3,77,0,80,68,0,68,148
01/27/2022,FWS,TX,ASW,CE,Federal Contract Tower,0,3,14,0,17,0,0,57,0,57,0,3,71,0,74,108,0,108,182
01/28/2022,FWS,TX,ASW,CE,Federal Contract Tower,0,2,11,0,13,0,0,81,0,81,0,2,92,0,94,106,0,106,200
01/29/2022,FWS,TX,ASW,CE,Federal Contract Tower,0,0,3,0,3,0,0,85,0,85,0,0,88,0,88,146,0,146,234
01/30/2022,FWS,TX,ASW,CE,Federal Contract Tower,0,1,15,0,16,0,1,57,0,58,0,2,72,0,74,36,0,36,110
01/31/2022,FWS,TX,ASW,CE,Federal Contract Tower,0,0,8,0,8,0,2,55,0,57,0,2,63,0,65,120,0,120,185
02/01/2022,FWS,TX,ASW,CE,Federal Contract Tower,0,2,11,0,13,0,11,73,0,84,0,13,84,0,97,202,0,202,299
02/02/2022,FWS,TX,ASW,CE,Federal Contract Tower,0,2,6,0,8,0,0,8,0,8,0,2,14,0,16,12,0,12,28
02/03/2022,FWS,TX,ASW,CE,Federal Contract Tower,0,0,0,0,0,0,0,0,0,0,0,0,0,0,0,0,0,0,0
02/04/2022,FWS,TX,ASW,CE,Federal Contract Tower,0,0,0,0,0,0,0,3,0,3,0,0,3,0,3,0,0,0,3
02/05/2022,FWS,TX,ASW,CE,Federal Contract Tower,0,0,8,0,8,0,0,38,0,38,0,0,46,0,46,68,0,68,114
02/06/2022,FWS,TX,ASW,CE,Federal Contract Tower,0,0,6,0,6,0,1,47,0,48,0,1,53,0,54,104,0,104,158
02/07/2022,FWS,TX,ASW,CE,Federal Contract Tower,0,2,5,0,7,0,0,58,0,58,0,2,63,0,65,76,0,76,141
02/08/2022,FWS,TX,ASW,CE,Federal Contract Tower,0,1,2,0,3,0,6,57,0,63,0,7,59,0,66,104,0,104,170
02/09/2022,FWS,TX,ASW,CE,Federal Contract Tower,0,1,3,0,4,0,0,91,0,91,0,1,94,0,95,130,0,130,225
02/10/2022,FWS,TX,ASW,CE,Federal Contract Tower,0,0,10,0,10,0,3,73,0,76,0,3,83,0,86,162,0,162,248
02/11/2022,FWS,TX,ASW,CE,Federal Contract Tower,0,3,13,0,16,0,4,77,0,81,0,7,90,0,97,82,0,82,179
02/12/2022,FWS,TX,ASW,CE,Federal Contract Tower,0,0,6,0,6,0,0,12,0,12,0,0,18,0,18,10,0,10,28
02/13/2022,FWS,TX,ASW,CE,Federal Contract Tower,0,0,3,0,3,0,1,79,0,80,0,1,82,0,83,120,0,120,203
02/14/2022,FWS,TX,ASW,CE,Federal Contract Tower,0,1,3,0,4,0,0,61,0,61,0,1,64,0,65,98,0,98,163
02/15/2022,FWS,TX,ASW,CE,Federal Contract Tower,0,2,11,0,13,0,0,40,0,40,0,2,51,0,53,38,0,38,91
02/16/2022,FWS,TX,ASW,CE,Federal Contract Tower,0,4,5,0,9,0,0,15,0,15,0,4,20,0,24,14,0,14,38
02/17/2022,FWS,TX,ASW,CE,Federal Contract Tower,0,1,11,0,12,0,6,1,0,7,0,7,12,0,19,0,0,0,19
02/18/2022,FWS,TX,ASW,CE,Federal Contract Tower,0,2,8,0,10,0,2,84,2,88,0,4,92,2,98,264,0,264,362
02/19/2022,FWS,TX,ASW,CE,Federal Contract Tower,0,5,7,0,12,0,0,88,0,88,0,5,95,0,100,160,0,160,260
02/20/2022,FWS,TX,ASW,CE,Federal Contract Tower,0,1,3,0,4,0,0,37,0,37,0,1,40,0,41,140,0,140,181
02/21/2022,FWS,TX,ASW,CE,Federal Contract Tower,0,0,7,0,7,0,0,27,0,27,0,0,34,0,34,44,0,44,78
02/22/2022,FWS,TX,ASW,CE,Federal Contract Tower,0,2,7,0,9,0,1,46,0,47,0,3,53,0,56,68,0,68,124
02/23/2022,FWS,TX,ASW,CE,Federal Contract Tower,0,1,2,0,3,0,0,0,0,0,0,1,2,0,3,0,0,0,3
02/24/2022,FWS,TX,ASW,CE,Federal Contract Tower,0,0,0,0,0,0,0,1,0,1,0,0,1,0,1,0,0,0,1
02/25/2022,FWS,TX,ASW,CE,Federal Contract Tower,0,1,6,0,7,0,4,42,0,46,0,5,48,0,53,110,0,110,163
02/26/2022,FWS,TX,ASW,CE,Federal Contract Tower,0,0,2,0,2,0,0,2,0,2,0,0,4,0,4,2,0,2,6
02/27/2022,FWS,TX,ASW,CE,Federal Contract Tower,0,1,10,0,11,0,0,63,0,63,0,1,73,0,74,118,0,118,192
02/28/2022,FWS,TX,ASW,CE,Federal Contract Tower,0,2,9,0,11,0,0,63,0,63,0,2,72,0,74,140,0,140,214
03/01/2022,FWS,TX,ASW,CE,Federal Contract Tower,0,2,2,0,4,0,2,122,0,124,0,4,124,0,128,202,0,202,330
03/02/2022,FWS,TX,ASW,CE,Federal Contract Tower,0,1,4,0,5,0,4,92,0,96,0,5,96,0,101,192,0,192,293
03/03/2022,FWS,TX,ASW,CE,Federal Contract Tower,0,3,9,0,12,0,0,77,0,77,0,3,86,0,89,134,0,134,223
03/04/2022,FWS,TX,ASW,CE,Federal Contract Tower,0,0,13,0,13,0,2,40,0,42,0,2,53,0,55,140,0,140,195
03/05/2022,FWS,TX,ASW,CE,Federal Contract Tower,0,0,11,0,11,0,0,38,0,38,0,0,49,0,49,94,0,94,143
03/06/2022,FWS,TX,ASW,CE,Federal Contract Tower,0,0,5,0,5,0,0,10,0,10,0,0,15,0,15,12,0,12,27
03/07/2022,FWS,TX,ASW,CE,Federal Contract Tower,0,5,5,2,12,0,5,43,0,48,0,10,48,2,60,102,0,102,162
03/08/2022,FWS,TX,ASW,CE,Federal Contract Tower,0,3,5,0,8,0,2,19,0,21,0,5,24,0,29,36,0,36,65
03/09/2022,FWS,TX,ASW,CE,Federal Contract Tower,0,2,4,0,6,0,5,96,0,101,0,7,100,0,107,206,0,206,313
03/10/2022,FWS,TX,ASW,CE,Federal Contract Tower,0,0,7,0,7,0,4,69,0,73,0,4,76,0,80,138,0,138,218
03/11/2022,FWS,TX,ASW,CE,Federal Contract Tower,0,1,1,0,2,0,1,6,0,7,0,2,7,0,9,2,0,2,11
03/12/2022,FWS,TX,ASW,CE,Federal Contract Tower,0,1,8,0,9,0,0,114,0,114,0,1,122,0,123,194,0,194,317
03/13/2022,FWS,TX,ASW,CE,Federal Contract Tower,0,0,4,0,4,0,0,58,0,58,0,0,62,0,62,84,0,84,146
03/14/2022,FWS,TX,ASW,CE,Federal Contract Tower,0,1,13,0,14,0,2,2,0,4,0,3,15,0,18,2,0,2,20
03/15/2022,FWS,TX,ASW,CE,Federal Contract Tower,0,6,8,0,14,0,1,77,0,78,0,7,85,0,92,94,0,94,186
03/16/2022,FWS,TX,ASW,CE,Federal Contract Tower,0,1,7,0,8,0,11,96,0,107,0,12,103,0,115,190,0,190,305
03/17/2022,FWS,TX,ASW,CE,Federal Contract Tower,0,2,19,0,21,0,0,10,0,10,0,2,29,0,31,2,0,2,33
03/18/2022,FWS,TX,ASW,CE,Federal Contract Tower,0,3,4,0,7,0,6,21,0,27,0,9,25,0,34,14,0,14,48
03/19/2022,FWS,TX,ASW,CE,Federal Contract Tower,0,0,8,0,8,0,3,133,0,136,0,3,141,0,144,282,0,282,426
03/20/2022,FWS,TX,ASW,CE,Federal Contract Tower,0,0,3,0,3,0,0,48,0,48,0,0,51,0,51,82,0,82,133
03/21/2022,FWS,TX,ASW,CE,Federal Contract Tower,0,2,6,0,8,0,0,0,0,0,0,2,6,0,8,0,0,0,8
03/22/2022,FWS,TX,ASW,CE,Federal Contract Tower,0,0,9,0,9,0,0,3,0,3,0,0,12,0,12,0,0,0,12
03/23/2022,FWS,TX,ASW,CE,Federal Contract Tower,0,4,16,0,20,0,1,42,0,43,0,5,58,0,63,34,0,34,97
03/24/2022,FWS,TX,ASW,CE,Federal Contract Tower,0,3,6,0,9,0,6,56,1,63,0,9,62,1,72,164,0,164,236
03/25/2022,FWS,TX,ASW,CE,Federal Contract Tower,0,3,0,0,3,0,8,121,1,130,0,11,121,1,133,248,0,248,381
03/26/2022,FWS,TX,ASW,CE,Federal Contract Tower,0,2,9,0,11,0,2,122,0,124,0,4,131,0,135,280,0,280,415
03/27/2022,FWS,TX,ASW,CE,Federal Contract Tower,0,0,6,0,6,0,2,63,0,65,0,2,69,0,71,116,0,116,187
03/28/2022,FWS,TX,ASW,CE,Federal Contract Tower,0,3,6,0,9,0,0,55,0,55,0,3,61,0,64,64,0,64,128
03/29/2022,FWS,TX,ASW,CE,Federal Contract Tower,0,4,5,0,9,0,2,25,0,27,0,6,30,0,36,52,0,52,88
03/30/2022,FWS,TX,ASW,CE,Federal Contract Tower,0,5,1,0,6,0,0,11,0,11,0,5,12,0,17,10,0,10,27
03/31/2022,FWS,TX,ASW,CE,Federal Contract Tower,0,0,3,0,3,0,0,66,0,66,0,0,69,0,69,128,0,128,197
04/01/2022,FWS,TX,ASW,CE,Federal Contract Tower,0,0,4,0,4,0,0,80,0,80,0,0,84,0,84,202,0,202,286
04/02/2022,FWS,TX,ASW,CE,Federal Contract Tower,0,0,11,0,11,0,2,76,0,78,0,2,87,0,89,186,0,186,275
04/03/2022,FWS,TX,ASW,CE,Federal Contract Tower,0,0,5,0,5,0,0,60,0,60,0,0,65,0,65,86,0,86,151
04/04/2022,FWS,TX,ASW,CE,Federal Contract Tower,0,3,10,0,13,0,0,27,0,27,0,3,37,0,40,182,0,182,222
04/05/2022,FWS,TX,ASW,CE,Federal Contract Tower,0,1,5,0,6,0,1,61,0,62,0,2,66,0,68,168,0,168,236
04/06/2022,FWS,TX,ASW,CE,Federal Contract Tower,0,0,5,0,5,0,6,45,0,51,0,6,50,0,56,58,0,58,114
04/07/2022,FWS,TX,ASW,CE,Federal Contract Tower,0,1,10,0,11,0,0,39,0,39,0,1,49,0,50,50,0,50,100
04/08/2022,FWS,TX,ASW,CE,Federal Contract Tower,0,0,9,0,9,0,2,53,0,55,0,2,62,0,64,100,0,100,164
04/09/2022,FWS,TX,ASW,CE,Federal Contract Tower,0,2,8,0,10,0,0,103,0,103,0,2,111,0,113,188,0,188,301
04/10/2022,FWS,TX,ASW,CE,Federal Contract Tower,0,0,10,0,10,0,0,9,0,9,0,0,19,0,19,0,0,0,19
04/11/2022,FWS,TX,ASW,CE,Federal Contract Tower,0,1,6,0,7,0,6,25,0,31,0,7,31,0,38,20,0,20,58
04/12/2022,FWS,TX,ASW,CE,Federal Contract Tower,0,0,5,0,5,0,0,26,0,26,0,0,31,0,31,124,0,124,155
04/13/2022,FWS,TX,ASW,CE,Federal Contract Tower,0,2,9,0,11,0,1,13,0,14,0,3,22,0,25,8,0,8,33
04/14/2022,FWS,TX,ASW,CE,Federal Contract Tower,0,3,19,0,22,0,2,146,0,148,0,5,165,0,170,182,0,182,352
04/15/2022,FWS,TX,ASW,CE,Federal Contract Tower,0,4,17,0,21,0,1,58,0,59,0,5,75,0,80,162,0,162,242
04/16/2022,FWS,TX,ASW,CE,Federal Contract Tower,0,0,2,0,2,0,0,30,0,30,0,0,32,0,32,58,0,58,90
04/17/2022,FWS,TX,ASW,CE,Federal Contract Tower,0,0,9,0,9,0,0,22,0,22,0,0,31,0,31,6,0,6,37
04/18/2022,FWS,TX,ASW,CE,Federal Contract Tower,0,2,11,0,13,0,0,55,0,55,0,2,66,0,68,162,0,162,230
04/19/2022,FWS,TX,ASW,CE,Federal Contract Tower,0,1,10,0,11,0,0,42,0,42,0,1,52,0,53,48,0,48,101
04/20/2022,FWS,TX,ASW,CE,Federal Contract Tower,0,2,21,0,23,0,0,19,0,19,0,2,40,0,42,40,0,40,82
04/21/2022,FWS,TX,ASW,CE,Federal Contract Tower,0,4,29,0,33,0,0,43,0,43,0,4,72,0,76,96,0,96,172
04/22/2022,FWS,TX,ASW,CE,Federal Contract Tower,0,1,15,0,16,0,1,19,0,20,0,2,34,0,36,30,0,30,66
04/23/2022,FWS,TX,ASW,CE,Federal Contract Tower,0,1,9,0,10,0,0,12,0,12,0,1,21,0,22,18,0,18,40
04/24/2022,FWS,TX,ASW,CE,Federal Contract Tower,0,1,15,0,16,0,0,10,0,10,0,1,25,0,26,68,0,68,94
04/25/2022,FWS,TX,ASW,CE,Federal Contract Tower,0,2,7,0,9,0,0,35,0,35,0,2,42,0,44,154,0,154,198
04/26/2022,FWS,TX,ASW,CE,Federal Contract Tower,0,1,13,0,14,0,0,90,0,90,0,1,103,0,104,122,0,122,226
04/27/2022,FWS,TX,ASW,CE,Federal Contract Tower,0,2,12,0,14,0,0,76,0,76,0,2,88,0,90,112,0,112,202
04/28/2022,FWS,TX,ASW,CE,Federal Contract Tower,0,3,17,0,20,0,1,36,0,37,0,4,53,0,57,72,0,72,129
04/29/2022,FWS,TX,ASW,CE,Federal Contract Tower,0,0,11,0,11,0,1,32,0,33,0,1,43,0,44,82,0,82,126
04/30/2022,FWS,TX,ASW,CE,Federal Contract Tower,0,0,15,0,15,0,0,56,0,56,0,0,71,0,71,122,0,122,193
05/01/2022,FWS,TX,ASW,CE,Federal Contract Tower,0,7,4,0,11,0,0,47,0,47,0,7,51,0,58,50,0,50,108
05/02/2022,FWS,TX,ASW,CE,Federal Contract Tower,0,0,9,0,9,0,0,31,0,31,0,0,40,0,40,84,0,84,124
05/03/2022,FWS,TX,ASW,CE,Federal Contract Tower,0,1,31,0,32,0,0,13,0,13,0,1,44,0,45,66,0,66,111
05/04/2022,FWS,TX,ASW,CE,Federal Contract Tower,0,2,15,0,17,0,2,16,0,18,0,4,31,0,35,26,0,26,61
05/05/2022,FWS,TX,ASW,CE,Federal Contract Tower,0,1,6,0,7,0,0,43,0,43,0,1,49,0,50,48,0,48,98
05/06/2022,FWS,TX,ASW,CE,Federal Contract Tower,0,2,5,0,7,0,0,134,0,134,0,2,139,0,141,231,0,231,372
05/07/2022,FWS,TX,ASW,CE,Federal Contract Tower,0,0,11,0,11,0,1,16,0,17,0,1,27,0,28,32,0,32,60
05/08/2022,FWS,TX,ASW,CE,Federal Contract Tower,0,0,5,0,5,0,0,40,0,40,0,0,45,0,45,48,0,48,93
05/09/2022,FWS,TX,ASW,CE,Federal Contract Tower,0,5,12,0,17,0,2,26,0,28,0,7,38,0,45,98,0,98,143
05/10/2022,FWS,TX,ASW,CE,Federal Contract Tower,0,4,8,0,12,0,0,44,0,44,0,4,52,0,56,54,0,54,110
05/11/2022,FWS,TX,ASW,CE,Federal Contract Tower,0,2,2,0,4,0,4,60,0,64,0,6,62,0,68,140,0,140,208
05/12/2022,FWS,TX,ASW,CE,Federal Contract Tower,0,2,11,0,13,0,0,70,0,70,0,2,81,0,83,142,0,142,225
05/13/2022,FWS,TX,ASW,CE,Federal Contract Tower,0,3,11,0,14,0,0,90,0,90,0,3,101,0,104,88,0,88,192
05/14/2022,FWS,TX,ASW,CE,Federal Contract Tower,0,1,4,0,5,0,1,96,0,97,0,2,100,0,102,152,0,152,254
05/15/2022,FWS,TX,ASW,CE,Federal Contract Tower,0,2,3,0,5,0,1,45,0,46,0,3,48,0,51,84,0,84,135
05/16/2022,FWS,TX,ASW,CE,Federal Contract Tower,0,3,4,2,9,0,0,82,0,82,0,3,86,2,91,70,0,70,161
05/17/2022,FWS,TX,ASW,CE,Federal Contract Tower,0,3,4,0,7,0,0,44,0,44,0,3,48,0,51,20,0,20,71
05/18/2022,FWS,TX,ASW,CE,Federal Contract Tower,0,4,1,0,5,0,0,51,0,51,0,4,52,0,56,112,0,112,168
05/19/2022,FWS,TX,ASW,CE,Federal Contract Tower,0,6,8,0,14,0,1,42,0,43,0,7,50,0,57,16,0,16,73
05/20/2022,FWS,TX,ASW,CE,Federal Contract Tower,0,0,7,0,7,0,3,31,0,34,0,3,38,0,41,74,0,74,115
05/21/2022,FWS,TX,ASW,CE,Federal Contract Tower,0,0,3,0,3,0,0,32,0,32,0,0,35,0,35,90,0,90,125
05/22/2022,FWS,TX,ASW,CE,Federal Contract Tower,0,1,9,0,10,0,0,37,0,37,0,1,46,0,47,108,0,108,155
05/23/2022,FWS,TX,ASW,CE,Federal Contract Tower,0,1,15,0,16,0,0,15,0,15,0,1,30,0,31,22,0,22,53
05/24/2022,FWS,TX,ASW,CE,Federal Contract Tower,0,0,5,0,5,0,0,5,0,5,0,0,10,0,10,22,0,22,32
05/25/2022,FWS,TX,ASW,CE,Federal Contract Tower,0,1,12,0,13,0,0,21,0,21,0,1,33,0,34,52,0,52,86
05/26/2022,FWS,TX,ASW,CE,Federal Contract Tower,0,1,5,0,6,0,2,84,0,86,0,3,89,0,92,74,0,74,166
05/27/2022,FWS,TX,ASW,CE,Federal Contract Tower,0,3,6,0,9,0,1,122,0,123,0,4,128,0,132,316,0,316,448
05/28/2022,FWS,TX,ASW,CE,Federal Contract Tower,0,0,9,0,9,0,0,65,0,65,0,0,74,0,74,78,0,78,152
05/29/2022,FWS,TX,ASW,CE,Federal Contract Tower,0,0,10,0,10,0,0,25,0,25,0,0,35,0,35,62,0,62,97
05/30/2022,FWS,TX,ASW,CE,Federal Contract Tower,0,2,10,0,12,0,0,13,0,13,0,2,23,0,25,8,0,8,33
05/31/2022,FWS,TX,ASW,CE,Federal Contract Tower,0,0,7,0,7,0,0,35,0,35,0,0,42,0,42,22,0,22,64
06/01/2022,FWS,TX,ASW,CE,Federal Contract Tower,0,1,13,0,14,0,2,56,0,58,0,3,69,0,72,194,0,194,266
06/02/2022,FWS,TX,ASW,CE,Federal Contract Tower,0,1,3,0,4,0,4,52,0,56,0,5,55,0,60,114,0,114,174
06/03/2022,FWS,TX,ASW,CE,Federal Contract Tower,0,2,9,0,11,0,0,54,0,54,0,2,63,0,65,196,0,196,261
06/04/2022,FWS,TX,ASW,CE,Federal Contract Tower,0,0,11,0,11,0,0,71,0,71,0,0,82,0,82,78,0,78,160
06/05/2022,FWS,TX,ASW,CE,Federal Contract Tower,0,2,4,0,6,0,0,51,0,51,0,2,55,0,57,40,0,40,97
06/06/2022,FWS,TX,ASW,CE,Federal Contract Tower,0,1,13,0,14,0,0,69,0,69,0,1,82,0,83,118,0,118,201
06/07/2022,FWS,TX,ASW,CE,Federal Contract Tower,0,0,13,0,13,0,0,57,0,57,0,0,70,0,70,38,0,38,108
06/08/2022,FWS,TX,ASW,CE,Federal Contract Tower,0,1,4,0,5,0,0,60,0,60,0,1,64,0,65,136,0,136,201
06/09/2022,FWS,TX,ASW,CE,Federal Contract Tower,0,7,22,0,29,0,0,48,0,48,0,7,70,0,77,82,0,82,159
06/10/2022,FWS,TX,ASW,CE,Federal Contract Tower,0,2,1,0,3,0,0,71,0,71,0,2,72,0,74,106,0,106,180
06/11/2022,FWS,TX,ASW,CE,Federal Contract Tower,0,0,1,0,1,0,7,54,0,61,0,7,55,0,62,84,0,84,146
06/12/2022,FWS,TX,ASW,CE,Federal Contract Tower,0,0,2,0,2,0,0,37,0,37,0,0,39,0,39,62,0,62,101
06/13/2022,FWS,TX,ASW,CE,Federal Contract Tower,0,2,7,0,9,0,4,70,0,74,0,6,77,0,83,80,0,80,163
06/14/2022,FWS,TX,ASW,CE,Federal Contract Tower,0,1,5,0,6,0,0,45,0,45,0,1,50,0,51,86,0,86,137
06/15/2022,FWS,TX,ASW,CE,Federal Contract Tower,0,4,4,0,8,0,0,69,0,69,0,4,73,0,77,36,0,36,113
06/16/2022,FWS,TX,ASW,CE,Federal Contract Tower,0,4,4,0,8,0,1,91,0,92,0,5,95,0,100,126,0,126,226
06/17/2022,FWS,TX,ASW,CE,Federal Contract Tower,0,3,5,0,8,0,0,77,0,77,0,3,82,0,85,216,0,216,301
06/18/2022,FWS,TX,ASW,CE,Federal Contract Tower,0,1,1,0,2,0,1,70,0,71,0,2,71,0,73,92,0,92,165
06/19/2022,FWS,TX,ASW,CE,Federal Contract Tower,0,0,0,0,0,0,0,55,0,55,0,0,55,0,55,56,0,56,111
06/20/2022,FWS,TX,ASW,CE,Federal Contract Tower,0,0,0,0,0,0,0,74,0,74,0,0,74,0,74,184,0,184,258
06/21/2022,FWS,TX,ASW,CE,Federal Contract Tower,0,0,4,0,4,0,0,96,0,96,0,0,100,0,100,124,0,124,224
06/22/2022,FWS,TX,ASW,CE,Federal Contract Tower,0,2,6,0,8,0,0,103,0,103,0,2,109,0,111,212,0,212,323
06/23/2022,FWS,TX,ASW,CE,Federal Contract Tower,0,1,2,0,3,0,1,80,0,81,0,2,82,0,84,132,0,132,216
06/24/2022,FWS,TX,ASW,CE,Federal Contract Tower,0,3,10,0,13,0,1,80,0,81,0,4,90,0,94,92,0,92,186
06/25/2022,FWS,TX,ASW,CE,Federal Contract Tower,0,3,2,0,5,0,0,78,0,78,0,3,80,0,83,50,0,50,133
06/26/2022,FWS,TX,ASW,CE,Federal Contract Tower,0,1,5,0,6,0,0,62,0,62,0,1,67,0,68,78,0,78,146
06/27/2022,FWS,TX,ASW,CE,Federal Contract Tower,0,1,8,0,9,0,5,61,0,66,0,6,69,0,75,106,0,106,181
06/28/2022,FWS,TX,ASW,CE,Federal Contract Tower,0,0,4,0,4,0,6,74,0,80,0,6,78,0,84,142,0,142,226
06/29/2022,FWS,TX,ASW,CE,Federal Contract Tower,0,1,9,0,10,0,0,97,0,97,0,1,106,0,107,64,0,64,171
06/30/2022,FWS,TX,ASW,CE,Federal Contract Tower,0,4,4,0,8,0,1,96,0,97,0,5,100,0,105,142,0,142,247
07/01/2022,FWS,TX,ASW,CE,Federal Contract Tower,0,1,12,0,13,0,4,53,0,57,0,5,65,0,70,80,0,80,150
07/02/2022,FWS,TX,ASW,CE,Federal Contract Tower,0,4,8,0,12,0,0,53,0,53,0,4,61,0,65,92,0,92,157
07/03/2022,FWS,TX,ASW,CE,Federal Contract Tower,0,2,2,0,4,0,0,39,0,39,0,2,41,0,43,70,0,70,113
07/04/2022,FWS,TX,ASW,CE,Federal Contract Tower,0,0,1,0,1,0,0,35,0,35,0,0,36,0,36,50,0,50,86
07/05/2022,FWS,TX,ASW,CE,Federal Contract Tower,0,0,2,0,2,0,0,49,0,49,0,0,51,0,51,34,0,34,85
07/06/2022,FWS,TX,ASW,CE,Federal Contract Tower,0,1,3,0,4,0,0,47,0,47,0,1,50,0,51,78,0,78,129
07/07/2022,FWS,TX,ASW,CE,Federal Contract Tower,0,4,3,0,7,0,1,82,0,83,0,5,85,0,90,148,0,148,238
07/08/2022,FWS,TX,ASW,CE,Federal Contract Tower,0,4,4,0,8,0,3,61,0,64,0,7,65,0,72,156,0,156,228
07/09/2022,FWS,TX,ASW,CE,Federal Contract Tower,0,0,3,0,3,0,2,49,0,51,0,2,52,0,54,18,0,18,72
07/10/2022,FWS,TX,ASW,CE,Federal Contract Tower,0,2,3,0,5,0,0,46,0,46,0,2,49,0,51,64,0,64,115
07/11/2022,FWS,TX,ASW,CE,Federal Contract Tower,0,2,0,0,2,0,4,60,0,64,0,6,60,0,66,98,0,98,164
07/12/2022,FWS,TX,ASW,CE,Federal Contract Tower,0,3,4,0,7,0,3,65,0,68,0,6,69,0,75,84,0,84,159
07/13/2022,FWS,TX,ASW,CE,Federal Contract Tower,0,3,6,0,9,0,4,61,0,65,0,7,67,0,74,94,0,94,168
07/14/2022,FWS,TX,ASW,CE,Federal Contract Tower,0,4,8,0,12,0,5,55,0,60,0,9,63,0,72,124,0,124,196
07/15/2022,FWS,TX,ASW,CE,Federal Contract Tower,0,1,10,0,11,0,4,82,0,86,0,5,92,0,97,130,0,130,227
07/16/2022,FWS,TX,ASW,CE,Federal Contract Tower,0,1,5,0,6,0,0,74,0,74,0,1,79,0,80,128,0,128,208
07/17/2022,FWS,TX,ASW,CE,Federal Contract Tower,0,1,15,0,16,0,1,51,0,52,0,2,66,0,68,76,0,76,144
07/18/2022,FWS,TX,ASW,CE,Federal Contract Tower,0,2,3,0,5,0,1,48,0,49,0,3,51,0,54,56,0,56,110
07/19/2022,FWS,TX,ASW,CE,Federal Contract Tower,0,2,6,0,8,0,9,53,0,62,0,11,59,0,70,108,0,108,178
07/20/2022,FWS,TX,ASW,CE,Federal Contract Tower,0,5,7,0,12,0,1,51,0,52,0,6,58,0,64,88,0,88,152
07/21/2022,FWS,TX,ASW,CE,Federal Contract Tower,0,1,2,0,3,0,0,83,0,83,0,1,85,0,86,196,0,196,282
07/22/2022,FWS,TX,ASW,CE,Federal Contract Tower,0,0,7,0,7,0,2,55,0,57,0,2,62,0,64,110,0,110,174
07/23/2022,FWS,TX,ASW,CE,Federal Contract Tower,0,0,1,0,1,0,0,112,0,112,0,0,113,0,113,130,0,130,243
07/24/2022,FWS,TX,ASW,CE,Federal Contract Tower,0,1,4,0,5,0,2,41,0,43,0,3,45,0,48,48,0,48,96
07/25/2022,FWS,TX,ASW,CE,Federal Contract Tower,0,0,2,0,2,0,1,49,0,50,0,1,51,0,52,86,0,86,138
07/26/2022,FWS,TX,ASW,CE,Federal Contract Tower,0,2,4,0,6,0,4,71,0,75,0,6,75,0,81,232,0,232,313
07/27/2022,FWS,TX,ASW,CE,Federal Contract Tower,0,1,5,0,6,0,0,42,0,42,0,1,47,0,48,56,0,56,104
07/28/2022,FWS,TX,ASW,CE,Federal Contract Tower,0,1,9,0,10,0,0,63,0,63,0,1,72,0,73,102,0,102,175
07/29/2022,FWS,TX,ASW,CE,Federal Contract Tower,0,5,10,0,15,0,0,74,0,74,0,5,84,0,89,114,0,114,203
07/30/2022,FWS,TX,ASW,CE,Federal Contract Tower,0,2,9,0,11,0,2,48,0,50,0,4,57,0,61,114,0,114,175
07/31/2022,FWS,TX,ASW,CE,Federal Contract Tower,0,2,5,0,7,0,0,46,0,46,0,2,51,0,53,74,0,74,127
08/01/2022,FWS,TX,ASW,CE,Federal Contract Tower,0,1,4,0,5,0,2,50,0,52,0,3,54,0,57,62,0,62,119
08/02/2022,FWS,TX,ASW,CE,Federal Contract Tower,0,2,5,0,7,0,1,47,0,48,0,3,52,0,55,82,0,82,137
08/03/2022,FWS,TX,ASW,CE,Federal Contract Tower,0,0,14,0,14,0,1,65,0,66,0,1,79,0,80,8,0,8,88
08/04/2022,FWS,TX,ASW,CE,Federal Contract Tower,0,1,10,0,11,0,1,73,0,74,0,2,83,0,85,126,0,126,211
08/05/2022,FWS,TX,ASW,CE,Federal Contract Tower,0,4,2,0,6,0,0,72,0,72,0,4,74,0,78,88,0,88,166
08/06/2022,FWS,TX,ASW,CE,Federal Contract Tower,0,0,7,0,7,0,1,83,0,84,0,1,90,0,91,84,0,84,175
08/07/2022,FWS,TX,ASW,CE,Federal Contract Tower,0,0,7,0,7,0,0,68,0,68,0,0,75,0,75,66,0,66,141
08/08/2022,FWS,TX,ASW,CE,Federal Contract Tower,0,2,7,0,9,0,3,46,0,49,0,5,53,0,58,100,0,100,158
08/09/2022,FWS,TX,ASW,CE,Federal Contract Tower,0,1,6,0,7,0,7,56,0,63,0,8,62,0,70,64,0,64,134
08/10/2022,FWS,TX,ASW,CE,Federal Contract Tower,0,0,6,0,6,0,7,40,0,47,0,7,46,0,53,70,0,70,123
08/11/2022,FWS,TX,ASW,CE,Federal Contract Tower,0,0,0,0,0,0,2,61,0,63,0,2,61,0,63,62,0,62,125
08/12/2022,FWS,TX,ASW,CE,Federal Contract Tower,0,1,12,0,13,0,4,78,0,82,0,5,90,0,95,108,0,108,203
08/13/2022,FWS,TX,ASW,CE,Federal Contract Tower,0,1,3,0,4,0,2,61,0,63,0,3,64,0,67,140,0,140,207
08/14/2022,FWS,TX,ASW,CE,Federal Contract Tower,0,3,5,0,8,0,2,66,0,68,0,5,71,0,76,136,0,136,212
08/15/2022,FWS,TX,ASW,CE,Federal Contract Tower,0,0,3,0,3,0,0,58,0,58,0,0,61,0,61,66,0,66,127
08/16/2022,FWS,TX,ASW,CE,Federal Contract Tower,0,1,3,0,4,0,2,84,0,86,0,3,87,0,90,118,0,118,208
08/17/2022,FWS,TX,ASW,CE,Federal Contract Tower,0,5,8,0,13,0,0,44,0,44,0,5,52,0,57,88,0,88,145
08/18/2022,FWS,TX,ASW,CE,Federal Contract Tower,0,4,8,0,12,0,8,35,1,44,0,12,43,1,56,56,0,56,112
08/19/2022,FWS,TX,ASW,CE,Federal Contract Tower,0,0,10,1,11,0,2,39,0,41,0,2,49,1,52,106,0,106,158
08/20/2022,FWS,TX,ASW,CE,Federal Contract Tower,0,1,8,0,9,0,2,34,0,36,0,3,42,0,45,74,0,74,119
08/21/2022,FWS,TX,ASW,CE,Federal Contract Tower,0,1,4,0,5,0,1,9,0,10,0,2,13,0,15,10,0,10,25
08/22/2022,FWS,TX,ASW,CE,Federal Contract Tower,0,0,3,0,3,0,0,0,0,0,0,0,3,0,3,0,0,0,3
08/23/2022,FWS,TX,ASW,CE,Federal Contract Tower,0,1,24,0,25,0,0,2,0,2,0,1,26,0,27,0,0,0,27
08/24/2022,FWS,TX,ASW,CE,Federal Contract Tower,0,2,30,0,32,0,0,21,0,21,0,2,51,0,53,72,0,72,125
08/25/2022,FWS,TX,ASW,CE,Federal Contract Tower,0,1,13,0,14,0,2,80,0,82,0,3,93,0,96,128,0,128,224
08/26/2022,FWS,TX,ASW,CE,Federal Contract Tower,0,0,14,0,14,0,0,84,0,84,0,0,98,0,98,80,0,80,178
08/27/2022,FWS,TX,ASW,CE,Federal Contract Tower,0,1,3,0,4,0,5,65,0,70,0,6,68,0,74,86,0,86,160
08/28/2022,FWS,TX,ASW,CE,Federal Contract Tower,0,1,6,0,7,0,2,52,0,54,0,3,58,0,61,81,0,81,142
08/29/2022,FWS,TX,ASW,CE,Federal Contract Tower,0,0,7,0,7,0,4,46,0,50,0,4,53,0,57,96,0,96,153
08/30/2022,FWS,TX,ASW,CE,Federal Contract Tower,0,1,4,0,5,0,0,21,0,21,0,1,25,0,26,70,0,70,96
08/31/2022,FWS,TX,ASW,CE,Federal Contract Tower,0,0,13,0,13,0,0,22,0,22,0,0,35,0,35,30,0,30,65
09/01/2022,FWS,TX,ASW,CE,Federal Contract Tower,0,0,9,0,9,0,0,22,0,22,0,0,31,0,31,80,0,80,111
09/02/2022,FWS,TX,ASW,CE,Federal Contract Tower,0,1,12,0,13,0,0,19,0,19,0,1,31,0,32,24,0,24,56
09/03/2022,FWS,TX,ASW,CE,Federal Contract Tower,0,1,10,0,11,0,5,53,0,58,0,6,63,0,69,136,0,136,205
09/04/2022,FWS,TX,ASW,CE,Federal Contract Tower,0,0,5,0,5,0,17,33,0,50,0,17,38,0,55,80,0,80,135
09/05/2022,FWS,TX,ASW,CE,Federal Contract Tower,0,3,7,0,10,0,2,51,0,53,0,5,58,0,63,166,0,166,229
09/06/2022,FWS,TX,ASW,CE,Federal Contract Tower,0,1,0,0,1,0,0,57,0,57,0,1,57,0,58,88,0,88,146
09/07/2022,FWS,TX,ASW,CE,Federal Contract Tower,0,2,8,0,10,0,1,61,0,62,0,3,69,0,72,112,0,112,184
09/08/2022,FWS,TX,ASW,CE,Federal Contract Tower,0,2,20,0,22,0,6,76,0,82,0,8,96,0,104,158,0,158,262
09/09/2022,FWS,TX,ASW,CE,Federal Contract Tower,0,1,17,0,18,0,3,91,0,94,0,4,108,0,112,186,0,186,298
09/10/2022,FWS,TX,ASW,CE,Federal Contract Tower,0,1,8,0,9,0,0,93,0,93,0,1,101,0,102,222,0,222,324
09/11/2022,FWS,TX,ASW,CE,Federal Contract Tower,0,2,18,0,20,0,4,56,0,60,0,6,74,0,80,96,0,96,176
09/12/2022,FWS,TX,ASW,CE,Federal Contract Tower,0,0,10,0,10,0,2,106,0,108,0,2,116,0,118,172,0,172,290
09/13/2022,FWS,TX,ASW,CE,Federal Contract Tower,0,2,3,0,5,0,0,86,0,86,0,2,89,0,91,206,0,206,297
09/14/2022,FWS,TX,ASW,CE,Federal Contract Tower,0,0,4,0,4,0,7,93,0,100,0,7,97,0,104,172,0,172,276
09/15/2022,FWS,TX,ASW,CE,Federal Contract Tower,0,0,7,0,7,0,0,91,0,91,0,0,98,0,98,198,0,198,296
09/16/2022,FWS,TX,ASW,CE,Federal Contract Tower,0,4,8,0,12,0,0,78,0,78,0,4,86,0,90,112,0,112,202
09/17/2022,FWS,TX,ASW,CE,Federal Contract Tower,0,1,7,0,8,0,1,97,0,98,0,2,104,0,106,140,0,140,246
09/18/2022,FWS,TX,ASW,CE,Federal Contract Tower,0,0,8,0,8,0,1,61,0,62,0,1,69,0,70,118,0,118,188
09/19/2022,FWS,TX,ASW,CE,Federal Contract Tower,0,2,5,0,7,0,3,78,0,81,0,5,83,0,88,74,0,74,162
09/20/2022,FWS,TX,ASW,CE,Federal Contract Tower,0,2,9,0,11,0,2,105,0,107,0,4,114,0,118,126,0,126,244
09/21/2022,FWS,TX,ASW,CE,Federal Contract Tower,0,0,4,0,4,0,3,107,0,110,0,3,111,0,114,190,0,190,304
09/22/2022,FWS,TX,ASW,CE,Federal Contract Tower,0,0,3,0,3,0,9,91,0,100,0,9,94,0,103,174,0,174,277
09/23/2022,FWS,TX,ASW,CE,Federal Contract Tower,0,0,8,0,8,0,9,105,0,114,0,9,113,0,122,142,0,142,264
09/24/2022,FWS,TX,ASW,CE,Federal Contract Tower,0,0,15,0,15,0,0,75,0,75,0,0,90,0,90,122,0,122,212
09/25/2022,FWS,TX,ASW,CE,Federal Contract Tower,0,0,12,0,12,0,3,48,0,51,0,3,60,0,63,140,0,140,203
09/26/2022,FWS,TX,ASW,CE,Federal Contract Tower,0,2,3,0,5,0,2,70,0,72,0,4,73,0,77,140,0,140,217
09/27/2022,FWS,TX,ASW,CE,Federal Contract Tower,0,4,2,0,6,0,0,109,0,109,0,4,111,0,115,266,0,266,381
09/28/2022,FWS,TX,ASW,CE,Federal Contract Tower,0,2,7,0,9,0,5,67,0,72,0,7,74,0,81,110,0,110,191
09/29/2022,FWS,TX,ASW,CE,Federal Contract Tower,0,3,9,0,12,0,0,88,0,88,0,3,97,0,100,126,0,126,226
09/30/2022,FWS,TX,ASW,CE,Federal Contract Tower,0,3,15,0,18,0,4,104,0,108,0,7,119,0,126,172,0,172,298
10/01/2022,FWS,TX,ASW,CE,Federal Contract Tower,0,0,5,0,5,0,0,101,0,101,0,0,106,0,106,174,0,174,280
10/02/2022,FWS,TX,ASW,CE,Federal Contract Tower,0,0,15,0,15,0,0,53,0,53,0,0,68,0,68,72,0,72,140
10/03/2022,FWS,TX,ASW,CE,Federal Contract Tower,0,2,4,0,6,0,0,79,0,79,0,2,83,0,85,116,0,116,201
10/04/2022,FWS,TX,ASW,CE,Federal Contract Tower,0,2,6,0,8,0,0,79,0,79,0,2,85,0,87,76,0,76,163
10/05/2022,FWS,TX,ASW,CE,Federal Contract Tower,0,1,14,0,15,0,0,91,0,91,0,1,105,0,106,150,0,150,256
10/06/2022,FWS,TX,ASW,CE,Federal Contract Tower,0,2,6,0,8,0,4,117,0,121,0,6,123,0,129,272,0,272,401
10/07/2022,FWS,TX,ASW,CE,Federal Contract Tower,0,4,9,0,13,0,3,88,0,91,0,7,97,0,104,148,0,148,252
10/08/2022,FWS,TX,ASW,CE,Federal Contract Tower,0,8,13,0,21,0,0,74,0,74,0,8,87,0,95,88,0,88,183
10/09/2022,FWS,TX,ASW,CE,Federal Contract Tower,0,0,8,0,8,0,0,61,0,61,0,0,69,0,69,130,0,130,199
10/10/2022,FWS,TX,ASW,CE,Federal Contract Tower,0,3,5,0,8,0,2,70,0,72,0,5,75,0,80,114,0,114,194
10/11/2022,FWS,TX,ASW,CE,Federal Contract Tower,0,1,14,8,23,0,2,52,0,54,0,3,66,8,77,72,0,72,149
10/12/2022,FWS,TX,ASW,CE,Federal Contract Tower,0,3,11,0,14,0,0,52,0,52,0,3,63,0,66,198,0,198,264
10/13/2022,FWS,TX,ASW,CE,Federal Contract Tower,0,1,11,0,12,0,0,95,0,95,0,1,106,0,107,146,0,146,253
10/14/2022,FWS,TX,ASW,CE,Federal Contract Tower,0,1,4,0,5,0,0,80,0,80,0,1,84,0,85,156,0,156,241
10/15/2022,FWS,TX,ASW,CE,Federal Contract Tower,0,2,12,0,14,0,0,82,0,82,0,2,94,0,96,80,0,80,176
10/16/2022,FWS,TX,ASW,CE,Federal Contract Tower,0,3,5,0,8,0,0,4,0,4,0,3,9,0,12,28,0,28,40
10/17/2022,FWS,TX,ASW,CE,Federal Contract Tower,0,0,3,0,3,0,0,74,0,74,0,0,77,0,77,138,0,138,215
10/18/2022,FWS,TX,ASW,CE,Federal Contract Tower,0,3,10,0,13,0,4,73,0,77,0,7,83,0,90,126,0,126,216
10/19/2022,FWS,TX,ASW,CE,Federal Contract Tower,0,1,10,0,11,0,0,106,0,106,0,1,116,0,117,240,0,240,357
10/20/2022,FWS,TX,ASW,CE,Federal Contract Tower,0,3,5,0,8,0,0,63,0,63,0,3,68,0,71,120,0,120,191
10/21/2022,FWS,TX,ASW,CE,Federal Contract Tower,0,2,9,0,11,0,0,115,0,115,0,2,124,0,126,216,0,216,342
10/22/2022,FWS,TX,ASW,CE,Federal Contract Tower,0,1,7,0,8,0,0,42,0,42,0,1,49,0,50,80,0,80,130
10/23/2022,FWS,TX,ASW,CE,Federal Contract Tower,0,1,15,0,16,0,0,22,0,22,0,1,37,0,38,30,0,30,68
10/24/2022,FWS,TX,ASW,CE,Federal Contract Tower,0,2,8,0,10,0,0,1,0,1,0,2,9,0,11,0,0,0,11
10/25/2022,FWS,TX,ASW,CE,Federal Contract Tower,0,4,10,0,14,0,0,0,0,0,0,4,10,0,14,44,0,44,58
10/26/2022,FWS,TX,ASW,CE,Federal Contract Tower,0,1,7,0,8,0,8,122,0,130,0,9,129,0,138,272,0,272,410
10/27/2022,FWS,TX,ASW,CE,Federal Contract Tower,0,3,12,0,15,0,6,93,0,99,0,9,105,0,114,234,0,234,348
10/28/2022,FWS,TX,ASW,CE,Federal Contract Tower,0,1,11,0,12,0,0,0,0,0,0,1,11,0,12,0,0,0,12
10/29/2022,FWS,TX,ASW,CE,Federal Contract Tower,0,0,15,0,15,0,0,4,0,4,0,0,19,0,19,12,0,12,31
10/30/2022,FWS,TX,ASW,CE,Federal Contract Tower,0,2,15,0,17,0,0,89,0,89,0,2,104,0,106,166,0,166,272
10/31/2022,FWS,TX,ASW,CE,Federal Contract Tower,0,0,7,0,7,0,5,80,0,85,0,5,87,0,92,196,0,196,288
11/01/2022,FWS,TX,ASW,CE,Federal Contract Tower,0,0,11,0,11,0,0,67,0,67,0,0,78,0,78,140,0,140,218
11/02/2022,FWS,TX,ASW,CE,Federal Contract Tower,0,1,22,0,23,0,3,23,0,26,0,4,45,0,49,128,0,128,177
11/03/2022,FWS,TX,ASW,CE,Federal Contract Tower,0,3,27,0,30,0,0,21,0,21,0,3,48,0,51,62,0,62,113
11/04/2022,FWS,TX,ASW,CE,Federal Contract Tower,0,1,11,0,12,0,0,1,0,1,0,1,12,0,13,0,0,0,13
11/05/2022,FWS,TX,ASW,CE,Federal Contract Tower,0,1,15,0,16,0,0,78,0,78,0,1,93,0,94,238,0,238,332
11/06/2022,FWS,TX,ASW,CE,Federal Contract Tower,0,2,7,0,9,0,0,48,0,48,0,2,55,0,57,172,0,172,229
11/07/2022,FWS,TX,ASW,CE,Federal Contract Tower,0,0,9,0,9,0,0,7,0,7,0,0,16,0,16,0,0,0,16
11/08/2022,FWS,TX,ASW,CE,Federal Contract Tower,0,1,24,0,25,0,0,21,0,21,0,1,45,0,46,30,0,30,76
11/09/2022,FWS,TX,ASW,CE,Federal Contract Tower,0,2,18,0,20,0,0,70,0,70,0,2,88,0,90,58,0,58,148
11/10/2022,FWS,TX,ASW,CE,Federal Contract Tower,0,1,30,0,31,0,0,11,0,11,0,1,41,0,42,78,0,78,120
11/11/2022,FWS,TX,ASW,CE,Federal Contract Tower,0,1,9,0,10,0,1,5,0,6,0,2,14,0,16,0,0,0,16
11/12/2022,FWS,TX,ASW,CE,Federal Contract Tower,0,0,2,0,2,0,0,82,0,82,0,0,84,0,84,180,0,180,264
11/13/2022,FWS,TX,ASW,CE,Federal Contract Tower,0,0,12,0,12,0,0,72,0,72,0,0,84,0,84,172,0,172,256
11/14/2022,FWS,TX,ASW,CE,Federal Contract Tower,0,1,1,0,2,0,0,6,0,6,0,1,7,0,8,12,0,12,20
11/15/2022,FWS,TX,ASW,CE,Federal Contract Tower,0,3,4,0,7,0,2,69,1,72,0,5,73,1,79,102,0,102,181
11/16/2022,FWS,TX,ASW,CE,Federal Contract Tower,0,1,7,0,8,0,3,93,1,97,0,4,100,1,105,192,0,192,297
11/17/2022,FWS,TX,ASW,CE,Federal Contract Tower,0,0,10,0,10,0,0,123,0,123,0,0,133,0,133,224,0,224,357
11/18/2022,FWS,TX,ASW,CE,Federal Contract Tower,0,3,6,0,9,0,3,107,0,110,0,6,113,0,119,180,0,180,299
11/19/2022,FWS,TX,ASW,CE,Federal Contract Tower,0,2,7,0,9,0,3,57,0,60,0,5,64,0,69,126,0,126,195
11/20/2022,FWS,TX,ASW,CE,Federal Contract Tower,0,0,4,0,4,0,0,44,0,44,0,0,48,0,48,130,0,130,178
11/21/2022,FWS,TX,ASW,CE,Federal Contract Tower,0,1,5,0,6,0,0,64,0,64,0,1,69,0,70,252,0,252,322
11/22/2022,FWS,TX,ASW,CE,Federal Contract Tower,0,0,9,0,9,0,2,42,0,44,0,2,51,0,53,202,0,202,255
11/23/2022,FWS,TX,ASW,CE,Federal Contract Tower,0,0,15,0,15,0,0,11,0,11,0,0,26,0,26,20,0,20,46
11/24/2022,FWS,TX,ASW,CE,Federal Contract Tower,0,0,1,0,1,0,0,0,0,0,0,0,1,0,1,0,0,0,1
11/25/2022,FWS,TX,ASW,CE,Federal Contract Tower,0,0,10,0,10,0,0,2,0,2,0,0,12,0,12,0,0,0,12
11/26/2022,FWS,TX,ASW,CE,Federal Contract Tower,0,0,4,0,4,0,0,0,0,0,0,0,4,0,4,0,0,0,4
11/27/2022,FWS,TX,ASW,CE,Federal Contract Tower,0,3,13,0,16,0,0,79,0,79,0,3,92,0,95,76,0,76,171
11/28/2022,FWS,TX,ASW,CE,Federal Contract Tower,0,0,1,0,1,0,0,86,0,86,0,0,87,0,87,148,0,148,235
11/29/2022,FWS,TX,ASW,CE,Federal Contract Tower,0,2,8,0,10,0,0,50,0,50,0,2,58,0,60,112,0,112,172
11/30/2022,FWS,TX,ASW,CE,Federal Contract Tower,0,3,11,0,14,0,0,82,0,82,0,3,93,0,96,304,0,304,400
12/01/2022,FWS,TX,ASW,CE,Federal Contract Tower,0,1,3,0,4,0,2,93,0,95,0,3,96,0,99,146,0,146,245
12/02/2022,FWS,TX,ASW,CE,Federal Contract Tower,0,0,15,0,15,0,0,8,0,8,0,0,23,0,23,22,0,22,45
12/03/2022,FWS,TX,ASW,CE,Federal Contract Tower,0,1,9,0,10,0,0,68,0,68,0,1,77,0,78,206,0,206,284
12/04/2022,FWS,TX,ASW,CE,Federal Contract Tower,0,3,12,0,15,0,0,37,0,37,0,3,49,0,52,108,0,108,160
12/05/2022,FWS,TX,ASW,CE,Federal Contract Tower,0,0,12,0,12,0,12,63,0,75,0,12,75,0,87,104,0,104,191
12/06/2022,FWS,TX,ASW,CE,Federal Contract Tower,0,2,14,0,16,0,5,65,0,70,0,7,79,0,86,218,0,218,304
12/07/2022,FWS,TX,ASW,CE,Federal Contract Tower,0,0,6,0,6,0,2,15,0,17,0,2,21,0,23,34,0,34,57
12/08/2022,FWS,TX,ASW,CE,Federal Contract Tower,0,2,23,0,25,0,0,34,0,34,0,2,57,0,59,82,0,82,141
12/09/2022,FWS,TX,ASW,CE,Federal Contract Tower,0,3,21,0,24,0,0,0,0,0,0,3,21,0,24,0,0,0,24
12/10/2022,FWS,TX,ASW,CE,Federal Contract Tower,0,1,2,0,3,0,0,9,0,9,0,1,11,0,12,0,0,0,12
12/11/2022,FWS,TX,ASW,CE,Federal Contract Tower,0,1,17,0,18,0,0,1,0,1,0,1,18,0,19,10,0,10,29
12/12/2022,FWS,TX,ASW,CE,Federal Contract Tower,0,2,7,0,9,0,0,0,0,0,0,2,7,0,9,0,0,0,9
12/13/2022,FWS,TX,ASW,CE,Federal Contract Tower,0,1,4,0,5,0,0,59,0,59,0,1,63,0,64,104,0,104,168
12/14/2022,FWS,TX,ASW,CE,Federal Contract Tower,0,2,12,0,14,0,0,93,0,93,0,2,105,0,107,190,0,190,297
12/15/2022,FWS,TX,ASW,CE,Federal Contract Tower,0,3,10,0,13,0,0,139,0,139,0,3,149,0,152,262,0,262,414
12/16/2022,FWS,TX,ASW,CE,Federal Contract Tower,0,1,8,0,9,0,3,129,0,132,0,4,137,0,141,250,0,250,391
12/17/2022,FWS,TX,ASW,CE,Federal Contract Tower,0,0,9,0,9,0,0,91,0,91,0,0,100,0,100,202,0,202,302
12/18/2022,FWS,TX,ASW,CE,Federal Contract Tower,0,1,4,0,5,0,0,76,0,76,0,1,80,0,81,162,0,162,243
12/19/2022,FWS,TX,ASW,CE,Federal Contract Tower,0,2,7,0,9,0,1,10,0,11,0,3,17,0,20,22,0,22,42
12/20/2022,FWS,TX,ASW,CE,Federal Contract Tower,0,1,12,0,13,0,10,87,0,97,0,11,99,0,110,284,0,284,394
12/21/2022,FWS,TX,ASW,CE,Federal Contract Tower,0,1,6,0,7,0,0,85,0,85,0,1,91,0,92,320,0,320,412
12/22/2022,FWS,TX,ASW,CE,Federal Contract Tower,0,0,2,0,2,0,0,2,0,2,0,0,4,0,4,0,0,0,4
12/23/2022,FWS,TX,ASW,CE,Federal Contract Tower,0,0,5,0,5,0,0,20,0,20,0,0,25,0,25,14,0,14,39
12/24/2022,FWS,TX,ASW,CE,Federal Contract Tower,0,0,2,0,2,0,0,19,0,19,0,0,21,0,21,6,0,6,27
12/25/2022,FWS,TX,ASW,CE,Federal Contract Tower,0,0,1,0,1,0,0,14,0,14,0,0,15,0,15,2,0,2,17
12/26/2022,FWS,TX,ASW,CE,Federal Contract Tower,0,4,10,0,14,0,0,37,0,37,0,4,47,0,51,0,0,0,51
12/27/2022,FWS,TX,ASW,CE,Federal Contract Tower,0,0,2,0,2,0,7,78,0,85,0,7,80,0,87,36,0,36,123
12/28/2022,FWS,TX,ASW,CE,Federal Contract Tower,0,0,4,0,4,0,0,33,0,33,0,0,37,0,37,50,0,50,87
12/29/2022,FWS,TX,ASW,CE,Federal Contract Tower,0,1,7,0,8,0,0,56,0,56,0,1,63,0,64,162,0,162,226
12/30/2022,FWS,TX,ASW,CE,Federal Contract Tower,0,0,11,0,11,0,0,76,0,76,0,0,87,0,87,128,0,128,215
12/31/2022,FWS,TX,ASW,CE,Federal Contract Tower,0,0,8,0,8,0,0,71,0,71,0,0,79,0,79,22,0,22,101
01/01/2023,FWS,TX,ASW,CE,Federal Contract Tower,0,0,2,0,2,0,0,34,0,34,0,0,36,0,36,40,0,40,76
01/02/2023,FWS,TX,ASW,CE,Federal Contract Tower,0,0,7,0,7,0,0,6,0,6,0,0,13,0,13,56,0,56,69
01/03/2023,FWS,TX,ASW,CE,Federal Contract Tower,0,0,7,0,7,0,0,61,0,61,0,0,68,0,68,102,0,102,170
01/04/2023,FWS,TX,ASW,CE,Federal Contract Tower,0,0,4,0,4,0,0,112,0,112,0,0,116,0,116,276,0,276,392
01/05/2023,FWS,TX,ASW,CE,Federal Contract Tower,0,0,2,0,2,0,2,129,0,131,0,2,131,0,133,294,0,294,427
01/06/2023,FWS,TX,ASW,CE,Federal Contract Tower,0,6,10,0,16,0,2,42,0,44,0,8,52,0,60,118,0,118,178
01/07/2023,FWS,TX,ASW,CE,Federal Contract Tower,0,1,3,0,4,0,0,118,0,118,0,1,121,0,122,198,0,198,320
01/08/2023,FWS,TX,ASW,CE,Federal Contract Tower,0,0,5,0,5,0,2,86,0,88,0,2,91,0,93,184,0,184,277
01/09/2023,FWS,TX,ASW,CE,Federal Contract Tower,0,0,10,0,10,0,0,67,0,67,0,0,77,0,77,212,0,212,289
01/10/2023,FWS,TX,ASW,CE,Federal Contract Tower,0,4,3,0,7,0,1,119,0,120,0,5,122,0,127,118,0,118,245
01/11/2023,FWS,TX,ASW,CE,Federal Contract Tower,0,3,12,0,15,0,5,66,0,71,0,8,78,0,86,150,0,150,236
01/12/2023,FWS,TX,ASW,CE,Federal Contract Tower,0,1,12,0,13,0,2,45,0,47,0,3,57,0,60,39,0,39,99
01/13/2023,FWS,TX,ASW,CE,Federal Contract Tower,0,0,12,0,12,0,0,139,0,139,0,0,151,0,151,248,0,248,399
01/14/2023,FWS,TX,ASW,CE,Federal Contract Tower,0,5,7,0,12,0,0,85,0,85,0,5,92,0,97,206,0,206,303
01/15/2023,FWS,TX,ASW,CE,Federal Contract Tower,0,2,8,0,10,0,0,30,0,30,0,2,38,0,40,14,0,14,54
01/16/2023,FWS,TX,ASW,CE,Federal Contract Tower,0,1,5,0,6,0,5,76,0,81,0,6,81,0,87,108,0,108,195
01/17/2023,FWS,TX,ASW,CE,Federal Contract Tower,0,2,6,0,8,0,2,103,0,105,0,4,109,0,113,306,0,306,419
01/18/2023,FWS,TX,ASW,CE,Federal Contract Tower,0,0,10,0,10,0,0,57,0,57,0,0,67,0,67,36,0,36,103
01/19/2023,FWS,TX,ASW,CE,Federal Contract Tower,0,1,19,0,20,0,1,111,0,112,0,2,130,0,132,210,0,210,342
01/20/2023,FWS,TX,ASW,CE,Federal Contract Tower,0,0,9,0,9,0,0,117,0,117,0,0,126,0,126,260,0,260,386
01/21/2023,FWS,TX,ASW,CE,Federal Contract Tower,0,3,8,0,11,0,0,71,0,71,0,3,79,0,82,384,0,384,466
01/22/2023,FWS,TX,ASW,CE,Federal Contract Tower,0,0,6,0,6,0,0,73,0,73,0,0,79,0,79,124,0,124,203
01/23/2023,FWS,TX,ASW,CE,Federal Contract Tower,0,2,8,0,10,0,0,78,0,78,0,2,86,0,88,118,0,118,206
01/24/2023,FWS,TX,ASW,CE,Federal Contract Tower,0,0,1,0,1,0,0,0,0,0,0,0,1,0,1,0,0,0,1
01/25/2023,FWS,TX,ASW,CE,Federal Contract Tower,0,0,5,0,5,0,0,51,0,51,0,0,56,0,56,84,0,84,140
01/26/2023,FWS,TX,ASW,CE,Federal Contract Tower,0,2,13,0,15,0,0,92,0,92,0,2,105,0,107,142,0,142,249
01/27/2023,FWS,TX,ASW,CE,Federal Contract Tower,0,0,11,0,11,0,0,105,0,105,0,0,116,0,116,200,0,200,316
01/28/2023,FWS,TX,ASW,CE,Federal Contract Tower,0,0,11,0,11,0,0,17,0,17,0,0,28,0,28,6,0,6,34
01/29/2023,FWS,TX,ASW,CE,Federal Contract Tower,0,0,6,0,6,0,0,2,0,2,0,0,8,0,8,12,0,12,20
01/30/2023,FWS,TX,ASW,CE,Federal Contract Tower,0,6,2,0,8,0,0,1,0,1,0,6,3,0,9,0,0,0,9
01/31/2023,FWS,TX,ASW,CE,Federal Contract Tower,0,0,0,0,0,0,0,0,0,0,0,0,0,0,0,0,0,0,0
02/01/2023,FWS,TX,ASW,CE,Federal Contract Tower,0,1,1,0,2,0,0,0,0,0,0,1,1,0,2,0,0,0,2
02/02/2023,FWS,TX,ASW,CE,Federal Contract Tower,0,3,2,0,5,0,0,0,0,0,0,3,2,0,5,0,0,0,5
02/03/2023,FWS,TX,ASW,CE,Federal Contract Tower,0,0,7,0,7,0,5,75,0,80,0,5,82,0,87,130,0,130,217
02/04/2023,FWS,TX,ASW,CE,Federal Contract Tower,0,0,7,0,7,0,0,28,0,28,0,0,35,0,35,100,0,100,135
02/05/2023,FWS,TX,ASW,CE,Federal Contract Tower,0,1,6,0,7,0,0,74,0,74,0,1,80,0,81,176,0,176,257
02/06/2023,FWS,TX,ASW,CE,Federal Contract Tower,0,0,5,0,5,0,7,15,0,22,0,7,20,0,27,26,0,26,53
02/07/2023,FWS,TX,ASW,CE,Federal Contract Tower,0,0,14,0,14,0,0,5,0,5,0,0,19,0,19,2,0,2,21
02/08/2023,FWS,TX,ASW,CE,Federal Contract Tower,0,1,5,0,6,0,0,7,0,7,0,1,12,0,13,4,0,4,17
02/09/2023,FWS,TX,ASW,CE,Federal Contract Tower,0,0,8,0,8,0,3,115,0,118,0,3,123,0,126,236,0,236,362
02/10/2023,FWS,TX,ASW,CE,Federal Contract Tower,0,1,12,0,13,0,3,70,0,73,0,4,82,0,86,136,0,136,222
02/11/2023,FWS,TX,ASW,CE,Federal Contract Tower,0,0,6,0,6,0,2,137,0,139,0,2,143,0,145,252,0,252,397
02/12/2023,FWS,TX,ASW,CE,Federal Contract Tower,0,0,10,0,10,0,0,69,0,69,0,0,79,0,79,176,0,176,255
02/13/2023,FWS,TX,ASW,CE,Federal Contract Tower,0,1,5,0,6,0,2,63,1,66,0,3,68,1,72,130,0,130,202
02/14/2023,FWS,TX,ASW,CE,Federal Contract Tower,0,0,1,0,1,0,4,20,0,24,0,4,21,0,25,12,0,12,37
02/15/2023,FWS,TX,ASW,CE,Federal Contract Tower,0,1,7,5,13,0,15,44,0,59,0,16,51,5,72,104,0,104,176
02/16/2023,FWS,TX,ASW,CE,Federal Contract Tower,0,1,3,5,9,0,0,24,0,24,0,1,27,5,33,16,0,16,49
02/17/2023,FWS,TX,ASW,CE,Federal Contract Tower,0,3,15,0,18,0,2,114,0,116,0,5,129,0,134,260,0,260,394
02/18/2023,FWS,TX,ASW,CE,Federal Contract Tower,0,0,5,0,5,0,2,98,0,100,0,2,103,0,105,280,0,280,385
02/19/2023,FWS,TX,ASW,CE,Federal Contract Tower,0,3,5,0,8,0,0,54,0,54,0,3,59,0,62,78,0,78,140
02/20/2023,FWS,TX,ASW,CE,Federal Contract Tower,0,1,12,0,13,0,0,58,0,58,0,1,70,0,71,56,0,56,127
02/21/2023,FWS,TX,ASW,CE,Federal Contract Tower,0,2,9,0,11,0,1,86,0,87,0,3,95,0,98,140,0,140,238
02/22/2023,FWS,TX,ASW,CE,Federal Contract Tower,0,0,3,0,3,0,2,15,0,17,0,2,18,0,20,68,0,68,88
02/23/2023,FWS,TX,ASW,CE,Federal Contract Tower,0,3,1,0,4,0,4,107,0,111,0,7,108,0,115,148,0,148,263
02/24/2023,FWS,TX,ASW,CE,Federal Contract Tower,0,3,29,0,32,0,11,22,0,33,0,14,51,0,65,100,0,100,165
02/25/2023,FWS,TX,ASW,CE,Federal Contract Tower,0,0,10,0,10,0,0,3,0,3,0,0,13,0,13,0,0,0,13
02/26/2023,FWS,TX,ASW,CE,Federal Contract Tower,0,0,4,0,4,0,0,7,0,7,0,0,11,0,11,0,0,0,11
02/27/2023,FWS,TX,ASW,CE,Federal Contract Tower,0,2,7,2,11,0,1,78,0,79,0,3,85,2,90,28,0,28,118
02/28/2023,FWS,TX,ASW,CE,Federal Contract Tower,0,2,4,0,6,0,5,134,0,139,0,7,138,0,145,150,0,150,295
03/01/2023,FWS,TX,ASW,CE,Federal Contract Tower,0,1,9,0,10,0,0,37,0,37,0,1,46,0,47,148,0,148,195
03/02/2023,FWS,TX,ASW,CE,Federal Contract Tower,0,2,1,0,3,0,4,13,0,17,0,6,14,0,20,12,0,12,32
03/03/2023,FWS,TX,ASW,CE,Federal Contract Tower,0,4,3,0,7,0,0,83,0,83,0,4,86,0,90,144,0,144,234
03/04/2023,FWS,TX,ASW,CE,Federal Contract Tower,0,0,6,0,6,0,0,88,0,88,0,0,94,0,94,222,0,222,316
03/05/2023,FWS,TX,ASW,CE,Federal Contract Tower,0,4,8,0,12,0,0,88,0,88,0,4,96,0,100,86,0,86,186
03/06/2023,FWS,TX,ASW,CE,Federal Contract Tower,0,3,8,0,11,0,1,87,0,88,0,4,95,0,99,172,0,172,271
03/07/2023,FWS,TX,ASW,CE,Federal Contract Tower,0,0,20,0,20,0,0,23,0,23,0,0,43,0,43,88,0,88,131
03/08/2023,FWS,TX,ASW,CE,Federal Contract Tower,0,1,7,0,8,0,0,10,0,10,0,1,17,0,18,30,0,30,48
03/09/2023,FWS,TX,ASW,CE,Federal Contract Tower,0,3,20,0,23,0,0,2,0,2,0,3,22,0,25,12,0,12,37
03/10/2023,FWS,TX,ASW,CE,Federal Contract Tower,0,1,16,0,17,0,2,155,0,157,0,3,171,0,174,266,0,266,440
03/11/2023,FWS,TX,ASW,CE,Federal Contract Tower,0,0,9,0,9,0,0,34,0,34,0,0,43,0,43,42,0,42,85
03/12/2023,FWS,TX,ASW,CE,Federal Contract Tower,0,1,9,0,10,0,1,48,0,49,0,2,57,0,59,58,0,58,117
03/13/2023,FWS,TX,ASW,CE,Federal Contract Tower,0,1,5,0,6,0,3,102,0,105,0,4,107,0,111,162,0,162,273
03/14/2023,FWS,TX,ASW,CE,Federal Contract Tower,0,0,3,0,3,0,4,78,0,82,0,4,81,0,85,298,0,298,383
03/15/2023,FWS,TX,ASW,CE,Federal Contract Tower,0,4,13,0,17,0,0,84,0,84,0,4,97,0,101,162,0,162,263
03/16/2023,FWS,TX,ASW,CE,Federal Contract Tower,0,2,4,0,6,0,0,1,0,1,0,2,5,0,7,0,0,0,7
03/17/2023,FWS,TX,ASW,CE,Federal Contract Tower,0,0,8,0,8,0,0,106,0,106,0,0,114,0,114,84,0,84,198
03/18/2023,FWS,TX,ASW,CE,Federal Contract Tower,0,0,6,0,6,0,1,94,0,95,0,1,100,0,101,228,0,228,329
03/19/2023,FWS,TX,ASW,CE,Federal Contract Tower,0,0,8,0,8,0,0,84,0,84,0,0,92,0,92,138,0,138,230
03/20/2023,FWS,TX,ASW,CE,Federal Contract Tower,0,1,6,0,7,0,0,44,0,44,0,1,50,0,51,96,0,96,147
03/21/2023,FWS,TX,ASW,CE,Federal Contract Tower,0,4,11,0,15,0,0,6,0,6,0,4,17,0,21,48,0,48,69
03/22/2023,FWS,TX,ASW,CE,Federal Contract Tower,0,0,10,0,10,0,0,44,0,44,0,0,54,0,54,124,0,124,178
03/23/2023,FWS,TX,ASW,CE,Federal Contract Tower,0,2,16,0,18,0,0,50,0,50,0,2,66,0,68,214,0,214,282
03/24/2023,FWS,TX,ASW,CE,Federal Contract Tower,0,1,10,0,11,0,2,23,0,25,0,3,33,0,36,36,0,36,72
03/25/2023,FWS,TX,ASW,CE,Federal Contract Tower,0,0,8,0,8,0,2,85,0,87,0,2,93,0,95,136,0,136,231
03/26/2023,FWS,TX,ASW,CE,Federal Contract Tower,0,2,9,0,11,0,2,148,0,150,0,4,157,0,161,174,0,174,335
03/27/2023,FWS,TX,ASW,CE,Federal Contract Tower,0,0,7,0,7,0,1,64,0,65,0,1,71,0,72,196,0,196,268
03/28/2023,FWS,TX,ASW,CE,Federal Contract Tower,0,2,7,0,9,0,1,83,0,84,0,3,90,0,93,190,0,190,283
03/29/2023,FWS,TX,ASW,CE,Federal Contract Tower,0,3,6,0,9,0,0,129,0,129,0,3,135,0,138,222,0,222,360
03/30/2023,FWS,TX,ASW,CE,Federal Contract Tower,0,1,7,0,8,0,0,6,0,6,0,1,13,0,14,4,0,4,18
03/31/2023,FWS,TX,ASW,CE,Federal Contract Tower,0,1,6,0,7,0,2,8,0,10,0,3,14,0,17,0,0,0,17
04/01/2023,FWS,TX,ASW,CE,Federal Contract Tower,0,2,7,0,9,0,12,117,0,129,0,14,124,0,138,136,0,136,274
04/02/2023,FWS,TX,ASW,CE,Federal Contract Tower,0,0,8,0,8,0,2,27,0,29,0,2,35,0,37,82,0,82,119
04/03/2023,FWS,TX,ASW,CE,Federal Contract Tower,0,0,10,0,10,0,0,74,0,74,0,0,84,0,84,194,0,194,278
04/04/2023,FWS,TX,ASW,CE,Federal Contract Tower,0,1,13,0,14,0,0,43,0,43,0,1,56,0,57,240,0,240,297
04/05/2023,FWS,TX,ASW,CE,Federal Contract Tower,0,0,9,0,9,0,2,113,0,115,0,2,122,0,124,246,0,246,370
04/06/2023,FWS,TX,ASW,CE,Federal Contract Tower,0,0,14,0,14,0,0,123,0,123,0,0,137,0,137,272,0,272,409
04/07/2023,FWS,TX,ASW,CE,Federal Contract Tower,0,2,9,0,11,0,2,49,0,51,0,4,58,0,62,128,0,128,190
04/08/2023,FWS,TX,ASW,CE,Federal Contract Tower,0,0,14,0,14,0,1,51,0,52,0,1,65,0,66,72,0,72,138
04/09/2023,FWS,TX,ASW,CE,Federal Contract Tower,0,0,6,0,6,0,5,28,0,33,0,5,34,0,39,64,0,64,103
04/10/2023,FWS,TX,ASW,CE,Federal Contract Tower,0,1,12,0,13,0,3,74,0,77,0,4,86,0,90,168,0,168,258
04/11/2023,FWS,TX,ASW,CE,Federal Contract Tower,0,2,4,0,6,0,2,121,0,123,0,4,125,0,129,306,0,306,435
04/12/2023,FWS,TX,ASW,CE,Federal Contract Tower,0,0,7,0,7,0,4,94,0,98,0,4,101,0,105,108,0,108,213
04/13/2023,FWS,TX,ASW,CE,Federal Contract Tower,0,0,12,0,12,0,2,135,0,137,0,2,147,0,149,204,0,204,353
04/14/2023,FWS,TX,ASW,CE,Federal Contract Tower,0,2,22,0,24,0,1,37,0,38,0,3,59,0,62,102,0,102,164
04/15/2023,FWS,TX,ASW,CE,Federal Contract Tower,0,0,11,0,11,0,0,46,0,46,0,0,57,0,57,42,0,42,99
04/16/2023,FWS,TX,ASW,CE,Federal Contract Tower,0,0,6,0,6,0,3,81,0,84,0,3,87,0,90,158,0,158,248
04/17/2023,FWS,TX,ASW,CE,Federal Contract Tower,0,0,9,0,9,0,4,98,0,102,0,4,107,0,111,114,0,114,225
04/18/2023,FWS,TX,ASW,CE,Federal Contract Tower,0,1,14,0,15,0,1,28,0,29,0,2,42,0,44,82,0,82,126
04/19/2023,FWS,TX,ASW,CE,Federal Contract Tower,0,3,20,0,23,0,1,12,0,13,0,4,32,0,36,28,0,28,64
04/20/2023,FWS,TX,ASW,CE,Federal Contract Tower,0,3,11,0,14,0,0,24,0,24,0,3,35,0,38,40,0,40,78
04/21/2023,FWS,TX,ASW,CE,Federal Contract Tower,0,2,13,0,15,0,14,129,0,143,0,16,142,0,158,170,0,170,328
04/22/2023,FWS,TX,ASW,CE,Federal Contract Tower,0,7,12,0,19,0,4,89,0,93,0,11,101,0,112,166,0,166,278
04/23/2023,FWS,TX,ASW,CE,Federal Contract Tower,0,0,5,0,5,0,3,0,0,3,0,3,5,0,8,26,0,26,34
04/24/2023,FWS,TX,ASW,CE,Federal Contract Tower,0,4,18,0,22,0,11,84,0,95,0,15,102,0,117,158,0,158,275
04/25/2023,FWS,TX,ASW,CE,Federal Contract Tower,0,1,11,0,12,0,2,33,0,35,0,3,44,0,47,128,0,128,175
04/26/2023,FWS,TX,ASW,CE,Federal Contract Tower,0,5,6,0,11,0,0,0,0,0,0,5,6,0,11,0,0,0,11
04/27/2023,FWS,TX,ASW,CE,Federal Contract Tower,0,6,26,0,32,0,5,53,0,58,0,11,79,0,90,84,0,84,174
04/28/2023,FWS,TX,ASW,CE,Federal Contract Tower,0,0,16,0,16,0,0,61,0,61,0,0,77,0,77,198,0,198,275
04/29/2023,FWS,TX,ASW,CE,Federal Contract Tower,0,5,7,0,12,0,0,21,0,21,0,5,28,0,33,4,0,4,37
04/30/2023,FWS,TX,ASW,CE,Federal Contract Tower,0,2,8,0,10,0,6,109,0,115,0,8,117,0,125,188,0,188,313
05/01/2023,FWS,TX,ASW,CE,Federal Contract Tower,0,3,9,0,12,0,10,91,0,101,0,13,100,0,113,188,0,188,301
05/02/2023,FWS,TX,ASW,CE,Federal Contract Tower,0,2,13,0,15,0,10,108,0,118,0,12,121,0,133,344,0,344,477
05/03/2023,FWS,TX,ASW,CE,Federal Contract Tower,0,0,11,0,11,0,9,102,2,113,0,9,113,2,124,274,0,274,398
05/04/2023,FWS,TX,ASW,CE,Federal Contract Tower,0,6,3,0,9,0,2,81,0,83,0,8,84,0,92,314,0,314,406
05/05/2023,FWS,TX,ASW,CE,Federal Contract Tower,0,3,13,0,16,0,3,59,0,62,0,6,72,0,78,106,0,106,184
05/06/2023,FWS,TX,ASW,CE,Federal Contract Tower,0,3,11,0,14,0,0,43,0,43,0,3,54,0,57,36,0,36,93
05/07/2023,FWS,TX,ASW,CE,Federal Contract Tower,0,4,9,0,13,0,1,13,0,14,0,5,22,0,27,0,0,0,27
05/08/2023,FWS,TX,ASW,CE,Federal Contract Tower,0,4,10,0,14,0,4,69,0,73,0,8,79,0,87,206,0,206,293
05/09/2023,FWS,TX,ASW,CE,Federal Contract Tower,0,1,19,0,20,0,0,23,0,23,0,1,42,0,43,132,0,132,175
05/10/2023,FWS,TX,ASW,CE,Federal Contract Tower,0,0,8,0,8,0,0,3,0,3,0,0,11,0,11,8,0,8,19
05/11/2023,FWS,TX,ASW,CE,Federal Contract Tower,0,3,16,0,19,0,0,38,0,38,0,3,54,0,57,74,0,74,131
05/12/2023,FWS,TX,ASW,CE,Federal Contract Tower,0,4,19,0,23,0,0,24,0,24,0,4,43,0,47,88,0,88,135
05/13/2023,FWS,TX,ASW,CE,Federal Contract Tower,0,0,7,0,7,0,4,54,0,58,0,4,61,0,65,134,0,134,199
05/14/2023,FWS,TX,ASW,CE,Federal Contract Tower,0,3,11,0,14,0,0,4,0,4,0,3,15,0,18,12,0,12,30
05/15/2023,FWS,TX,ASW,CE,Federal Contract Tower,0,2,5,0,7,0,8,33,0,41,0,10,38,0,48,126,0,126,174
05/16/2023,FWS,TX,ASW,CE,Federal Contract Tower,0,0,7,0,7,0,16,95,0,111,0,16,102,0,118,236,0,236,354
05/17/2023,FWS,TX,ASW,CE,Federal Contract Tower,0,1,8,0,9,0,29,108,0,137,0,30,116,0,146,200,0,200,346
05/18/2023,FWS,TX,ASW,CE,Federal Contract Tower,0,2,21,0,23,0,30,117,0,147,0,32,138,0,170,234,0,234,404
05/19/2023,FWS,TX,ASW,CE,Federal Contract Tower,0,1,4,0,5,0,12,92,0,104,0,13,96,0,109,202,0,202,311
05/20/2023,FWS,TX,ASW,CE,Federal Contract Tower,0,0,15,0,15,0,10,60,0,70,0,10,75,0,85,112,0,112,197
05/21/2023,FWS,TX,ASW,CE,Federal Contract Tower,0,1,11,0,12,0,0,70,0,70,0,1,81,0,82,120,0,120,202
05/22/2023,FWS,TX,ASW,CE,Federal Contract Tower,0,2,10,0,12,0,2,62,0,64,0,4,72,0,76,222,0,222,298
05/23/2023,FWS,TX,ASW,CE,Federal Contract Tower,0,5,5,0,10,0,4,100,6,110,0,9,105,6,120,146,0,146,266
05/24/2023,FWS,TX,ASW,CE,Federal Contract Tower,0,2,7,0,9,0,5,61,0,66,0,7,68,0,75,222,0,222,297
05/25/2023,FWS,TX,ASW,CE,Federal Contract Tower,0,2,12,0,14,0,24,112,0,136,0,26,124,0,150,302,0,302,452
05/26/2023,FWS,TX,ASW,CE,Federal Contract Tower,0,2,8,0,10,0,3,149,0,152,0,5,157,0,162,364,0,364,526
05/27/2023,FWS,TX,ASW,CE,Federal Contract Tower,0,0,12,0,12,0,2,105,0,107,0,2,117,0,119,316,0,316,435
05/28/2023,FWS,TX,ASW,CE,Federal Contract Tower,0,0,5,0,5,0,0,54,0,54,0,0,59,0,59,132,0,132,191
05/29/2023,FWS,TX,ASW,CE,Federal Contract Tower,0,0,10,0,10,0,8,61,0,69,0,8,71,0,79,130,0,130,209
05/30/2023,FWS,TX,ASW,CE,Federal Contract Tower,0,1,10,0,11,0,2,62,0,64,0,3,72,0,75,188,0,188,263
05/31/2023,FWS,TX,ASW,CE,Federal Contract Tower,0,1,8,0,9,0,11,99,0,110,0,12,107,0,119,244,0,244,363
06/01/2023,FWS,TX,ASW,CE,Federal Contract Tower,0,0,15,0,15,0,10,117,0,127,0,10,132,0,142,340,0,340,482
06/02/2023,FWS,TX,ASW,CE,Federal Contract Tower,0,2,9,0,11,0,12,124,0,136,0,14,133,0,147,158,0,158,305
06/03/2023,FWS,TX,ASW,CE,Federal Contract Tower,0,1,1,0,2,0,6,103,0,109,0,7,104,0,111,274,0,274,385
06/04/2023,FWS,TX,ASW,CE,Federal Contract Tower,0,1,1,0,2,0,9,38,0,47,0,10,39,0,49,92,0,92,141
06/05/2023,FWS,TX,ASW,CE,Federal Contract Tower,0,1,5,0,6,0,1,95,0,96,0,2,100,0,102,178,0,178,280
06/06/2023,FWS,TX,ASW,CE,Federal Contract Tower,0,1,2,2,5,0,8,51,0,59,0,9,53,2,64,150,0,150,214
06/07/2023,FWS,TX,ASW,CE,Federal Contract Tower,0,1,3,0,4,0,0,95,0,95,0,1,98,0,99,102,0,102,201
06/08/2023,FWS,TX,ASW,CE,Federal Contract Tower,0,2,10,0,12,0,24,107,0,131,0,26,117,0,143,316,0,316,459
06/09/2023,FWS,TX,ASW,CE,Federal Contract Tower,0,1,5,0,6,0,34,118,0,152,0,35,123,0,158,284,0,284,442
06/10/2023,FWS,TX,ASW,CE,Federal Contract Tower,0,0,5,0,5,0,26,82,0,108,0,26,87,0,113,192,0,192,305
06/11/2023,FWS,TX,ASW,CE,Federal Contract Tower,0,0,6,0,6,0,0,58,0,58,0,0,64,0,64,122,0,122,186
06/12/2023,FWS,TX,ASW,CE,Federal Contract Tower,0,0,13,0,13,0,0,57,0,57,0,0,70,0,70,206,0,206,276
06/13/2023,FWS,TX,ASW,CE,Federal Contract Tower,0,1,21,0,22,0,4,11,0,15,0,5,32,0,37,4,0,4,41
06/14/2023,FWS,TX,ASW,CE,Federal Contract Tower,0,3,8,0,11,0,3,43,0,46,0,6,51,0,57,108,0,108,165
06/15/2023,FWS,TX,ASW,CE,Federal Contract Tower,0,3,26,0,29,0,2,38,0,40,0,5,64,0,69,78,0,78,147
06/16/2023,FWS,TX,ASW,CE,Federal Contract Tower,0,3,20,0,23,0,0,64,0,64,0,3,84,0,87,186,0,186,273
06/17/2023,FWS,TX,ASW,CE,Federal Contract Tower,0,2,9,0,11,0,1,63,0,64,0,3,72,0,75,164,0,164,239
06/18/2023,FWS,TX,ASW,CE,Federal Contract Tower,0,3,10,0,13,0,0,68,0,68,0,3,78,0,81,98,0,98,179
06/19/2023,FWS,TX,ASW,CE,Federal Contract Tower,0,4,15,0,19,0,3,72,0,75,0,7,87,0,94,140,0,140,234
06/20/2023,FWS,TX,ASW,CE,Federal Contract Tower,0,4,17,0,21,0,2,59,0,61,0,6,76,0,82,164,0,164,246
06/21/2023,FWS,TX,ASW,CE,Federal Contract Tower,0,6,15,0,21,0,3,67,1,71,0,9,82,1,92,140,0,140,232
06/22/2023,FWS,TX,ASW,CE,Federal Contract Tower,0,0,5,0,5,0,3,69,0,72,0,3,74,0,77,190,0,190,267
06/23/2023,FWS,TX,ASW,CE,Federal Contract Tower,0,4,14,0,18,0,2,67,0,69,0,6,81,0,87,94,0,94,181
06/24/2023,FWS,TX,ASW,CE,Federal Contract Tower,0,0,5,0,5,0,0,88,0,88,0,0,93,0,93,152,0,152,245
06/25/2023,FWS,TX,ASW,CE,Federal Contract Tower,0,2,6,0,8,0,3,72,0,75,0,5,78,0,83,190,0,190,273
06/26/2023,FWS,TX,ASW,CE,Federal Contract Tower,0,1,7,0,8,0,5,96,0,101,0,6,103,0,109,230,0,230,339
06/27/2023,FWS,TX,ASW,CE,Federal Contract Tower,0,0,2,0,2,0,2,88,0,90,0,2,90,0,92,236,0,236,328
06/28/2023,FWS,TX,ASW,CE,Federal Contract Tower,0,1,3,0,4,0,8,66,0,74,0,9,69,0,78,172,0,172,250
06/29/2023,FWS,TX,ASW,CE,Federal Contract Tower,0,1,8,0,9,0,14,129,0,143,0,15,137,0,152,296,0,296,448
06/30/2023,FWS,TX,ASW,CE,Federal Contract Tower,0,3,1,0,4,0,5,91,0,96,0,8,92,0,100,202,0,202,302
07/01/2023,FWS,TX,ASW,CE,Federal Contract Tower,0,2,3,0,5,0,2,54,0,56,0,4,57,0,61,100,0,100,161
07/02/2023,FWS,TX,ASW,CE,Federal Contract Tower,0,2,0,0,2,0,2,24,0,26,0,4,24,0,28,36,0,36,64
07/03/2023,FWS,TX,ASW,CE,Federal Contract Tower,0,0,1,0,1,0,2,95,0,97,0,2,96,0,98,162,0,162,260
07/04/2023,FWS,TX,ASW,CE,Federal Contract Tower,0,0,2,0,2,0,0,88,0,88,0,0,90,0,90,220,0,220,310
07/05/2023,FWS,TX,ASW,CE,Federal Contract Tower,0,0,5,0,5,0,2,75,0,77,0,2,80,0,82,188,0,188,270
07/06/2023,FWS,TX,ASW,CE,Federal Contract Tower,0,0,5,0,5,0,2,118,0,120,0,2,123,0,125,320,0,320,445
07/07/2023,FWS,TX,ASW,CE,Federal Contract Tower,0,1,8,0,9,0,4,110,0,114,0,5,118,0,123,402,0,402,525
07/08/2023,FWS,TX,ASW,CE,Federal Contract Tower,0,2,3,0,5,0,4,102,0,106,0,6,105,0,111,290,0,290,401
07/09/2023,FWS,TX,ASW,CE,Federal Contract Tower,0,3,5,0,8,0,7,36,0,43,0,10,41,0,51,100,0,100,151
07/10/2023,FWS,TX,ASW,CE,Federal Contract Tower,0,0,12,0,12,0,1,65,0,66,0,1,77,0,78,170,0,170,248
07/11/2023,FWS,TX,ASW,CE,Federal Contract Tower,0,4,4,2,10,0,0,102,0,102,0,4,106,2,112,268,0,268,380
07/12/2023,FWS,TX,ASW,CE,Federal Contract Tower,0,1,8,0,9,0,7,98,0,105,0,8,106,0,114,168,0,168,282
07/13/2023,FWS,TX,ASW,CE,Federal Contract Tower,0,1,4,0,5,0,4,74,0,78,0,5,78,0,83,98,0,98,181
07/14/2023,FWS,TX,ASW,CE,Federal Contract Tower,0,2,8,0,10,0,4,105,0,109,0,6,113,0,119,228,0,228,347
07/15/2023,FWS,TX,ASW,CE,Federal Contract Tower,0,1,13,0,14,0,4,89,0,93,0,5,102,0,107,176,0,176,283
07/16/2023,FWS,TX,ASW,CE,Federal Contract Tower,0,0,14,0,14,0,3,53,0,56,0,3,67,0,70,132,0,132,202
07/17/2023,FWS,TX,ASW,CE,Federal Contract Tower,0,0,3,0,3,0,0,74,0,74,0,0,77,0,77,170,0,170,247
07/18/2023,FWS,TX,ASW,CE,Federal Contract Tower,0,0,0,0,0,0,7,79,0,86,0,7,79,0,86,188,0,188,274
07/19/2023,FWS,TX,ASW,CE,Federal Contract Tower,0,3,1,0,4,0,8,80,1,89,0,11,81,1,93,246,0,246,339
07/20/2023,FWS,TX,ASW,CE,Federal Contract Tower,0,4,2,0,6,0,6,109,1,116,0,10,111,1,122,302,0,302,424
07/21/2023,FWS,TX,ASW,CE,Federal Contract Tower,0,5,4,0,9,0,6,96,0,102,0,11,100,0,111,280,0,280,391
07/22/2023,FWS,TX,ASW,CE,Federal Contract Tower,0,1,3,0,4,0,0,150,0,150,0,1,153,0,154,168,0,168,322
07/23/2023,FWS,TX,ASW,CE,Federal Contract Tower,0,1,4,0,5,0,3,77,0,80,0,4,81,0,85,200,0,200,285
07/24/2023,FWS,TX,ASW,CE,Federal Contract Tower,0,1,14,0,15,0,5,100,2,107,0,6,114,2,122,280,0,280,402
07/25/2023,FWS,TX,ASW,CE,Federal Contract Tower,0,1,6,0,7,0,5,95,0,100,0,6,101,0,107,304,0,304,411
07/26/2023,FWS,TX,ASW,CE,Federal Contract Tower,0,2,3,0,5,0,16,88,0,104,0,18,91,0,109,258,0,258,367
07/27/2023,FWS,TX,ASW,CE,Federal Contract Tower,0,2,6,0,8,0,4,90,0,94,0,6,96,0,102,254,0,254,356
07/28/2023,FWS,TX,ASW,CE,Federal Contract Tower,0,0,8,0,8,0,5,103,0,108,0,5,111,0,116,224,0,224,340
07/29/2023,FWS,TX,ASW,CE,Federal Contract Tower,0,1,4,0,5,0,0,92,0,92,0,1,96,0,97,236,0,236,333
07/30/2023,FWS,TX,ASW,CE,Federal Contract Tower,0,6,4,0,10,0,1,70,0,71,0,7,74,0,81,92,0,92,173
07/31/2023,FWS,TX,ASW,CE,Federal Contract Tower,0,4,4,0,8,0,4,81,0,85,0,8,85,0,93,188,0,188,281
08/01/2023,FWS,TX,ASW,CE,Federal Contract Tower,0,1,7,0,8,0,3,87,0,90,0,4,94,0,98,212,0,212,310
08/02/2023,FWS,TX,ASW,CE,Federal Contract Tower,0,3,7,0,10,0,11,80,0,91,0,14,87,0,101,162,0,162,263
08/03/2023,FWS,TX,ASW,CE,Federal Contract Tower,0,0,15,0,15,0,5,77,0,82,0,5,92,0,97,166,0,166,263
08/04/2023,FWS,TX,ASW,CE,Federal Contract Tower,0,2,15,0,17,0,3,88,0,91,0,5,103,0,108,164,0,164,272
08/05/2023,FWS,TX,ASW,CE,Federal Contract Tower,0,4,6,0,10,0,0,87,0,87,0,4,93,0,97,114,0,114,211
08/06/2023,FWS,TX,ASW,CE,Federal Contract Tower,0,1,6,0,7,0,6,59,0,65,0,7,65,0,72,80,0,80,152
08/07/2023,FWS,TX,ASW,CE,Federal Contract Tower,0,0,3,0,3,0,0,72,0,72,0,0,75,0,75,150,0,150,225
08/08/2023,FWS,TX,ASW,CE,Federal Contract Tower,0,0,0,0,0,0,4,89,0,93,0,4,89,0,93,140,0,140,233
08/09/2023,FWS,TX,ASW,CE,Federal Contract Tower,0,0,6,0,6,0,17,62,0,79,0,17,68,0,85,136,0,136,221
08/10/2023,FWS,TX,ASW,CE,Federal Contract Tower,0,2,2,0,4,0,10,134,0,144,0,12,136,0,148,270,0,270,418
08/11/2023,FWS,TX,ASW,CE,Federal Contract Tower,0,2,9,0,11,0,3,107,0,110,0,5,116,0,121,104,0,104,225
08/12/2023,FWS,TX,ASW,CE,Federal Contract Tower,0,1,4,0,5,0,2,73,0,75,0,3,77,0,80,200,0,200,280
08/13/2023,FWS,TX,ASW,CE,Federal Contract Tower,0,5,3,0,8,0,0,69,0,69,0,5,72,0,77,116,0,116,193
08/14/2023,FWS,TX,ASW,CE,Federal Contract Tower,0,2,5,0,7,0,6,85,0,91,0,8,90,0,98,188,0,188,286
08/15/2023,FWS,TX,ASW,CE,Federal Contract Tower,0,2,9,0,11,0,4,105,0,109,0,6,114,0,120,252,0,252,372
08/16/2023,FWS,TX,ASW,CE,Federal Contract Tower,0,0,4,0,4,0,3,95,0,98,0,3,99,0,102,222,0,222,324
08/17/2023,FWS,TX,ASW,CE,Federal Contract Tower,0,1,1,0,2,0,3,80,0,83,0,4,81,0,85,126,0,126,211
08/18/2023,FWS,TX,ASW,CE,Federal Contract Tower,0,2,11,0,13,0,2,52,0,54,0,4,63,0,67,82,0,82,149
08/19/2023,FWS,TX,ASW,CE,Federal Contract Tower,0,0,6,0,6,0,0,70,0,70,0,0,76,0,76,144,0,144,220
08/20/2023,FWS,TX,ASW,CE,Federal Contract Tower,0,0,4,0,4,0,4,42,0,46,0,4,46,0,50,40,0,40,90
08/21/2023,FWS,TX,ASW,CE,Federal Contract Tower,0,0,3,0,3,0,3,86,0,89,0,3,89,0,92,126,0,126,218
08/22/2023,FWS,TX,ASW,CE,Federal Contract Tower,0,2,4,0,6,0,19,71,0,90,0,21,75,0,96,312,0,312,408
08/23/2023,FWS,TX,ASW,CE,Federal Contract Tower,0,5,8,0,13,0,5,73,0,78,0,10,81,0,91,168,0,168,259
08/24/2023,FWS,TX,ASW,CE,Federal Contract Tower,0,1,4,0,5,0,6,50,7,63,0,7,54,7,68,94,0,94,162
08/25/2023,FWS,TX,ASW,CE,Federal Contract Tower,0,1,2,0,3,0,2,84,0,86,0,3,86,0,89,246,0,246,335
08/26/2023,FWS,TX,ASW,CE,Federal Contract Tower,0,0,12,0,12,0,2,55,0,57,0,2,67,0,69,110,0,110,179
08/27/2023,FWS,TX,ASW,CE,Federal Contract Tower,0,2,12,0,14,0,1,55,0,56,0,3,67,0,70,58,0,58,128
08/28/2023,FWS,TX,ASW,CE,Federal Contract Tower,0,0,3,0,3,0,2,118,0,120,0,2,121,0,123,182,0,182,305
08/29/2023,FWS,TX,ASW,CE,Federal Contract Tower,0,0,6,0,6,0,3,124,0,127,0,3,130,0,133,250,0,250,383
08/30/2023,FWS,TX,ASW,CE,Federal Contract Tower,0,0,3,0,3,0,2,107,0,109,0,2,110,0,112,226,0,226,338
08/31/2023,FWS,TX,ASW,CE,Federal Contract Tower,0,0,3,0,3,0,2,101,0,103,0,2,104,0,106,234,0,234,340
