01/01/2020,FXE,FL,ASO,ES,Towers with Radar,0,55,87,0,142,0,2,159,0,161,0,57,246,0,303,82,0,82,385
01/02/2020,FXE,FL,ASO,ES,Towers with Radar,0,42,112,0,154,0,13,217,0,230,0,55,329,0,384,234,0,234,618
01/03/2020,FXE,FL,ASO,ES,Towers with Radar,0,51,140,0,191,0,17,217,1,235,0,68,357,1,426,189,0,189,615
01/04/2020,FXE,FL,ASO,ES,Towers with Radar,0,55,148,0,203,0,17,145,0,162,0,72,293,0,365,70,0,70,435
01/05/2020,FXE,FL,ASO,ES,Towers with Radar,1,49,152,0,202,0,10,177,0,187,1,59,329,0,389,112,0,112,501
01/06/2020,FXE,FL,ASO,ES,Towers with Radar,0,34,124,0,158,0,10,179,0,189,0,44,303,0,347,210,0,210,557
01/07/2020,FXE,FL,ASO,ES,Towers with Radar,0,30,114,0,144,0,11,194,0,205,0,41,308,0,349,239,0,239,588
01/08/2020,FXE,FL,ASO,ES,Towers with Radar,0,37,114,1,152,0,11,224,1,236,0,48,338,2,388,212,0,212,600
01/09/2020,FXE,FL,ASO,ES,Towers with Radar,0,37,98,0,135,0,10,145,0,155,0,47,243,0,290,86,0,86,376
01/10/2020,FXE,FL,ASO,ES,Towers with Radar,0,33,112,0,145,0,7,86,0,93,0,40,198,0,238,126,0,126,364
01/11/2020,FXE,FL,ASO,ES,Towers with Radar,0,31,69,0,100,0,4,89,0,93,0,35,158,0,193,138,0,138,331
01/12/2020,FXE,FL,ASO,ES,Towers with Radar,0,36,101,0,137,0,0,88,0,88,0,36,189,0,225,157,0,157,382
01/13/2020,FXE,FL,ASO,ES,Towers with Radar,0,28,90,0,118,0,14,178,0,192,0,42,268,0,310,196,0,196,506
01/14/2020,FXE,FL,ASO,ES,Towers with Radar,0,30,106,0,136,0,10,203,0,213,0,40,309,0,349,264,0,264,613
01/15/2020,FXE,FL,ASO,ES,Towers with Radar,0,33,101,0,134,0,18,207,2,227,0,51,308,2,361,328,0,328,689
01/16/2020,FXE,FL,ASO,ES,Towers with Radar,0,44,112,0,156,0,9,202,1,212,0,53,314,1,368,278,0,278,646
01/17/2020,FXE,FL,ASO,ES,Towers with Radar,0,48,139,0,187,0,10,155,0,165,0,58,294,0,352,190,0,190,542
01/18/2020,FXE,FL,ASO,ES,Towers with Radar,0,30,65,0,95,0,3,174,0,177,0,33,239,0,272,210,0,210,482
01/19/2020,FXE,FL,ASO,ES,Towers with Radar,1,23,98,0,122,0,8,176,0,184,1,31,274,0,306,216,0,216,522
01/20/2020,FXE,FL,ASO,ES,Towers with Radar,0,36,107,0,143,0,7,164,0,171,0,43,271,0,314,261,0,261,575
01/21/2020,FXE,FL,ASO,ES,Towers with Radar,0,30,102,0,132,0,7,196,0,203,0,37,298,0,335,162,0,162,497
01/22/2020,FXE,FL,ASO,ES,Towers with Radar,0,40,110,0,150,0,7,123,0,130,0,47,233,0,280,149,0,149,429
01/23/2020,FXE,FL,ASO,ES,Towers with Radar,0,44,126,0,170,0,7,95,0,102,0,51,221,0,272,65,0,65,337
01/24/2020,FXE,FL,ASO,ES,Towers with Radar,0,42,116,1,159,0,16,226,1,243,0,58,342,2,402,306,3,309,711
01/25/2020,FXE,FL,ASO,ES,Towers with Radar,0,28,74,0,102,0,5,373,2,380,0,33,447,2,482,87,0,87,569
01/26/2020,FXE,FL,ASO,ES,Towers with Radar,0,44,113,0,157,0,11,202,0,213,0,55,315,0,370,255,0,255,625
01/27/2020,FXE,FL,ASO,ES,Towers with Radar,0,51,120,0,171,0,6,192,0,198,0,57,312,0,369,195,0,195,564
01/28/2020,FXE,FL,ASO,ES,Towers with Radar,0,27,111,0,138,0,10,174,0,184,0,37,285,0,322,125,0,125,447
01/29/2020,FXE,FL,ASO,ES,Towers with Radar,0,43,54,0,97,0,6,92,1,99,0,49,146,1,196,87,0,87,283
01/30/2020,FXE,FL,ASO,ES,Towers with Radar,0,57,67,0,124,0,6,65,0,71,0,63,132,0,195,50,0,50,245
01/31/2020,FXE,FL,ASO,ES,Towers with Radar,0,76,85,0,161,0,2,68,0,70,0,78,153,0,231,44,0,44,275
02/01/2020,FXE,FL,ASO,ES,Towers with Radar,0,51,51,0,102,0,1,26,0,27,0,52,77,0,129,85,0,85,214
02/02/2020,FXE,FL,ASO,ES,Towers with Radar,0,88,77,0,165,0,3,31,0,34,0,91,108,0,199,2,0,2,201
02/03/2020,FXE,FL,ASO,ES,Towers with Radar,0,125,105,0,230,0,4,80,0,84,0,129,185,0,314,31,0,31,345
02/04/2020,FXE,FL,ASO,ES,Towers with Radar,2,49,98,0,149,0,22,232,0,254,2,71,330,0,403,156,0,156,559
02/05/2020,FXE,FL,ASO,ES,Towers with Radar,0,44,129,0,173,0,8,253,0,261,0,52,382,0,434,194,0,194,628
02/06/2020,FXE,FL,ASO,ES,Towers with Radar,1,41,102,0,144,0,7,173,0,180,1,48,275,0,324,119,0,119,443
02/07/2020,FXE,FL,ASO,ES,Towers with Radar,0,46,109,0,155,0,5,116,0,121,0,51,225,0,276,126,0,126,402
02/08/2020,FXE,FL,ASO,ES,Towers with Radar,0,49,100,0,149,0,6,233,0,239,0,55,333,0,388,127,0,127,515
02/09/2020,FXE,FL,ASO,ES,Towers with Radar,0,33,107,0,140,0,5,150,0,155,0,38,257,0,295,151,0,151,446
02/10/2020,FXE,FL,ASO,ES,Towers with Radar,0,25,109,0,134,0,6,185,0,191,0,31,294,0,325,120,0,120,445
02/11/2020,FXE,FL,ASO,ES,Towers with Radar,0,31,91,0,122,0,4,224,0,228,0,35,315,0,350,297,0,297,647
02/12/2020,FXE,FL,ASO,ES,Towers with Radar,0,41,119,0,160,0,10,214,0,224,0,51,333,0,384,207,0,207,591
02/13/2020,FXE,FL,ASO,ES,Towers with Radar,0,54,164,0,218,0,12,198,0,210,0,66,362,0,428,229,0,229,657
02/14/2020,FXE,FL,ASO,ES,Towers with Radar,0,59,176,0,235,0,17,165,0,182,0,76,341,0,417,144,0,144,561
02/15/2020,FXE,FL,ASO,ES,Towers with Radar,0,44,100,0,144,0,1,37,0,38,0,45,137,0,182,4,0,4,186
02/16/2020,FXE,FL,ASO,ES,Towers with Radar,0,35,91,0,126,0,5,96,0,101,0,40,187,0,227,58,0,58,285
02/17/2020,FXE,FL,ASO,ES,Towers with Radar,0,56,154,0,210,0,8,332,0,340,0,64,486,0,550,196,0,196,746
02/18/2020,FXE,FL,ASO,ES,Towers with Radar,0,35,118,0,153,0,8,232,0,240,0,43,350,0,393,231,0,231,624
02/19/2020,FXE,FL,ASO,ES,Towers with Radar,0,42,146,0,188,0,7,236,1,244,0,49,382,1,432,203,0,203,635
02/20/2020,FXE,FL,ASO,ES,Towers with Radar,0,42,144,0,186,0,10,276,1,287,0,52,420,1,473,191,0,191,664
02/21/2020,FXE,FL,ASO,ES,Towers with Radar,0,49,115,0,164,0,5,58,0,63,0,54,173,0,227,37,0,37,264
02/22/2020,FXE,FL,ASO,ES,Towers with Radar,0,24,90,0,114,0,4,116,0,120,0,28,206,0,234,77,0,77,311
02/23/2020,FXE,FL,ASO,ES,Towers with Radar,0,31,92,0,123,0,6,200,0,206,0,37,292,0,329,126,0,126,455
02/24/2020,FXE,FL,ASO,ES,Towers with Radar,0,32,96,0,128,0,17,195,0,212,0,49,291,0,340,249,0,249,589
02/25/2020,FXE,FL,ASO,ES,Towers with Radar,0,49,118,0,167,0,6,211,0,217,0,55,329,0,384,175,0,175,559
02/26/2020,FXE,FL,ASO,ES,Towers with Radar,0,47,104,0,151,0,7,149,0,156,0,54,253,0,307,186,0,186,493
02/27/2020,FXE,FL,ASO,ES,Towers with Radar,1,57,113,0,171,0,15,226,1,242,1,72,339,1,413,189,0,189,602
02/28/2020,FXE,FL,ASO,ES,Towers with Radar,0,27,125,0,152,0,17,254,0,271,0,44,379,0,423,129,0,129,552
02/29/2020,FXE,FL,ASO,ES,Towers with Radar,1,50,71,0,122,1,7,240,0,248,2,57,311,0,370,158,0,158,528
03/01/2020,FXE,FL,ASO,ES,Towers with Radar,0,39,127,0,166,0,7,218,0,225,0,46,345,0,391,98,0,98,489
03/02/2020,FXE,FL,ASO,ES,Towers with Radar,0,40,110,0,150,0,18,200,0,218,0,58,310,0,368,194,0,194,562
03/03/2020,FXE,FL,ASO,ES,Towers with Radar,0,32,93,0,125,0,9,244,0,253,0,41,337,0,378,205,0,205,583
03/04/2020,FXE,FL,ASO,ES,Towers with Radar,0,35,107,0,142,0,15,253,0,268,0,50,360,0,410,262,0,262,672
03/05/2020,FXE,FL,ASO,ES,Towers with Radar,0,50,133,0,183,0,16,253,0,269,0,66,386,0,452,219,0,219,671
03/06/2020,FXE,FL,ASO,ES,Towers with Radar,0,49,131,0,180,0,11,222,0,233,0,60,353,0,413,135,0,135,548
03/07/2020,FXE,FL,ASO,ES,Towers with Radar,0,45,96,0,141,0,10,134,0,144,0,55,230,0,285,151,0,151,436
03/08/2020,FXE,FL,ASO,ES,Towers with Radar,0,57,105,0,162,0,2,154,0,156,0,59,259,0,318,89,0,89,407
03/09/2020,FXE,FL,ASO,ES,Towers with Radar,0,34,99,0,133,0,9,188,0,197,0,43,287,0,330,126,0,126,456
03/10/2020,FXE,FL,ASO,ES,Towers with Radar,0,40,107,0,147,1,7,232,0,240,1,47,339,0,387,268,0,268,655
03/11/2020,FXE,FL,ASO,ES,Towers with Radar,0,38,127,0,165,0,11,314,0,325,0,49,441,0,490,213,0,213,703
03/12/2020,FXE,FL,ASO,ES,Towers with Radar,0,48,143,0,191,0,8,326,0,334,0,56,469,0,525,229,0,229,754
03/13/2020,FXE,FL,ASO,ES,Towers with Radar,0,53,124,0,177,0,21,339,0,360,0,74,463,0,537,180,0,180,717
03/14/2020,FXE,FL,ASO,ES,Towers with Radar,0,37,112,0,149,0,18,194,0,212,0,55,306,0,361,215,0,215,576
03/15/2020,FXE,FL,ASO,ES,Towers with Radar,0,56,121,0,177,0,7,152,0,159,0,63,273,0,336,226,0,226,562
03/16/2020,FXE,FL,ASO,ES,Towers with Radar,0,50,117,0,167,0,8,228,0,236,0,58,345,0,403,238,0,238,641
03/17/2020,FXE,FL,ASO,ES,Towers with Radar,0,52,114,0,166,0,5,269,0,274,0,57,383,0,440,192,0,192,632
03/18/2020,FXE,FL,ASO,ES,Towers with Radar,0,51,120,0,171,0,11,253,0,264,0,62,373,0,435,198,0,198,633
03/19/2020,FXE,FL,ASO,ES,Towers with Radar,0,37,103,0,140,0,7,210,0,217,0,44,313,0,357,121,0,121,478
03/20/2020,FXE,FL,ASO,ES,Towers with Radar,0,53,122,0,175,0,14,271,0,285,0,67,393,0,460,216,0,216,676
03/21/2020,FXE,FL,ASO,ES,Towers with Radar,0,33,93,0,126,0,8,179,0,187,0,41,272,0,313,195,0,195,508
03/22/2020,FXE,FL,ASO,ES,Towers with Radar,0,21,66,0,87,0,4,174,0,178,0,25,240,0,265,146,0,146,411
03/23/2020,FXE,FL,ASO,ES,Towers with Radar,0,23,40,0,63,0,8,165,0,173,0,31,205,0,236,235,0,235,471
03/24/2020,FXE,FL,ASO,ES,Towers with Radar,0,25,58,0,83,0,1,147,0,148,0,26,205,0,231,187,0,187,418
03/25/2020,FXE,FL,ASO,ES,Towers with Radar,0,25,73,0,98,0,8,119,0,127,0,33,192,0,225,206,0,206,431
03/26/2020,FXE,FL,ASO,ES,Towers with Radar,0,23,51,0,74,0,3,118,0,121,0,26,169,0,195,251,0,251,446
03/27/2020,FXE,FL,ASO,ES,Towers with Radar,0,21,53,0,74,0,14,132,0,146,0,35,185,0,220,283,0,283,503
03/28/2020,FXE,FL,ASO,ES,Towers with Radar,0,11,41,0,52,0,0,105,0,105,0,11,146,0,157,225,0,225,382
03/29/2020,FXE,FL,ASO,ES,Towers with Radar,0,12,34,0,46,0,0,106,0,106,0,12,140,0,152,168,0,168,320
03/30/2020,FXE,FL,ASO,ES,Towers with Radar,0,19,44,0,63,0,2,122,0,124,0,21,166,0,187,170,0,170,357
03/31/2020,FXE,FL,ASO,ES,Towers with Radar,0,13,38,1,52,0,5,122,1,128,0,18,160,2,180,215,0,215,395
04/01/2020,FXE,FL,ASO,ES,Towers with Radar,0,14,44,0,58,0,8,123,0,131,0,22,167,0,189,223,0,223,412
04/02/2020,FXE,FL,ASO,ES,Towers with Radar,0,12,52,0,64,0,8,129,0,137,0,20,181,0,201,206,0,206,407
04/03/2020,FXE,FL,ASO,ES,Towers with Radar,0,14,59,0,73,0,11,127,0,138,0,25,186,0,211,248,0,248,459
04/04/2020,FXE,FL,ASO,ES,Towers with Radar,0,14,38,0,52,0,1,103,0,104,0,15,141,0,156,172,0,172,328
04/05/2020,FXE,FL,ASO,ES,Towers with Radar,0,5,27,0,32,0,0,52,0,52,0,5,79,0,84,118,0,118,202
04/06/2020,FXE,FL,ASO,ES,Towers with Radar,0,20,44,0,64,0,5,70,0,75,0,25,114,0,139,219,0,219,358
04/07/2020,FXE,FL,ASO,ES,Towers with Radar,0,15,54,0,69,0,7,127,0,134,0,22,181,0,203,209,0,209,412
04/08/2020,FXE,FL,ASO,ES,Towers with Radar,0,23,34,0,57,0,6,107,0,113,0,29,141,0,170,123,0,123,293
04/09/2020,FXE,FL,ASO,ES,Towers with Radar,0,13,41,0,54,0,4,98,0,102,0,17,139,0,156,116,0,116,272
04/10/2020,FXE,FL,ASO,ES,Towers with Radar,0,14,47,0,61,0,2,86,0,88,0,16,133,0,149,62,0,62,211
04/11/2020,FXE,FL,ASO,ES,Towers with Radar,0,3,47,0,50,0,0,94,0,94,0,3,141,0,144,120,0,120,264
04/12/2020,FXE,FL,ASO,ES,Towers with Radar,0,6,18,0,24,0,0,43,0,43,0,6,61,0,67,59,0,59,126
04/13/2020,FXE,FL,ASO,ES,Towers with Radar,0,10,53,0,63,0,0,91,0,91,0,10,144,0,154,80,0,80,234
04/14/2020,FXE,FL,ASO,ES,Towers with Radar,0,4,49,0,53,0,2,134,0,136,0,6,183,0,189,232,0,232,421
04/15/2020,FXE,FL,ASO,ES,Towers with Radar,0,11,53,0,64,0,11,142,0,153,0,22,195,0,217,158,0,158,375
04/16/2020,FXE,FL,ASO,ES,Towers with Radar,0,14,42,0,56,0,6,91,0,97,0,20,133,0,153,208,0,208,361
04/17/2020,FXE,FL,ASO,ES,Towers with Radar,0,8,39,0,47,0,8,94,0,102,0,16,133,0,149,184,0,184,333
04/18/2020,FXE,FL,ASO,ES,Towers with Radar,0,10,39,0,49,0,0,106,0,106,0,10,145,0,155,201,0,201,356
04/19/2020,FXE,FL,ASO,ES,Towers with Radar,0,7,38,2,47,0,0,132,1,133,0,7,170,3,180,174,0,174,354
04/20/2020,FXE,FL,ASO,ES,Towers with Radar,0,13,34,3,50,0,4,90,3,97,0,17,124,6,147,84,0,84,231
04/21/2020,FXE,FL,ASO,ES,Towers with Radar,0,5,45,2,52,0,0,139,0,139,0,5,184,2,191,239,0,239,430
04/22/2020,FXE,FL,ASO,ES,Towers with Radar,0,19,64,5,88,0,6,201,0,207,0,25,265,5,295,212,0,212,507
04/23/2020,FXE,FL,ASO,ES,Towers with Radar,0,16,55,1,72,0,2,159,0,161,0,18,214,1,233,204,0,204,437
04/24/2020,FXE,FL,ASO,ES,Towers with Radar,0,15,28,0,43,0,6,122,0,128,0,21,150,0,171,109,0,109,280
04/25/2020,FXE,FL,ASO,ES,Towers with Radar,0,13,34,4,51,0,0,83,0,83,0,13,117,4,134,62,0,62,196
04/26/2020,FXE,FL,ASO,ES,Towers with Radar,0,8,38,0,46,0,0,50,0,50,0,8,88,0,96,74,0,74,170
04/27/2020,FXE,FL,ASO,ES,Towers with Radar,0,6,66,0,72,0,4,218,0,222,0,10,284,0,294,137,0,137,431
04/28/2020,FXE,FL,ASO,ES,Towers with Radar,0,9,75,0,84,0,1,182,0,183,0,10,257,0,267,364,0,364,631
04/29/2020,FXE,FL,ASO,ES,Towers with Radar,0,19,70,1,90,0,3,189,0,192,0,22,259,1,282,172,0,172,454
04/30/2020,FXE,FL,ASO,ES,Towers with Radar,0,6,42,0,48,0,2,62,0,64,0,8,104,0,112,150,0,150,262
05/01/2020,FXE,FL,ASO,ES,Towers with Radar,1,30,66,0,97,0,12,237,0,249,1,42,303,0,346,169,0,169,515
05/02/2020,FXE,FL,ASO,ES,Towers with Radar,0,15,57,0,72,0,0,182,0,182,0,15,239,0,254,172,36,208,462
05/03/2020,FXE,FL,ASO,ES,Towers with Radar,0,13,41,3,57,0,0,145,0,145,0,13,186,3,202,213,0,213,415
05/04/2020,FXE,FL,ASO,ES,Towers with Radar,0,18,70,0,88,0,8,144,0,152,0,26,214,0,240,132,0,132,372
05/05/2020,FXE,FL,ASO,ES,Towers with Radar,0,17,74,0,91,0,0,211,0,211,0,17,285,0,302,238,0,238,540
05/06/2020,FXE,FL,ASO,ES,Towers with Radar,0,9,63,3,75,0,8,153,0,161,0,17,216,3,236,258,0,258,494
05/07/2020,FXE,FL,ASO,ES,Towers with Radar,0,15,104,0,119,0,7,180,0,187,0,22,284,0,306,175,0,175,481
05/08/2020,FXE,FL,ASO,ES,Towers with Radar,0,19,78,0,97,0,14,177,0,191,0,33,255,0,288,151,0,151,439
05/09/2020,FXE,FL,ASO,ES,Towers with Radar,0,12,79,0,91,0,2,153,0,155,0,14,232,0,246,150,0,150,396
05/10/2020,FXE,FL,ASO,ES,Towers with Radar,0,6,52,0,58,0,0,28,0,28,0,6,80,0,86,66,0,66,152
05/11/2020,FXE,FL,ASO,ES,Towers with Radar,0,9,68,0,77,0,3,128,0,131,0,12,196,0,208,185,0,185,393
05/12/2020,FXE,FL,ASO,ES,Towers with Radar,0,15,81,1,97,0,2,155,0,157,0,17,236,1,254,74,0,74,328
05/13/2020,FXE,FL,ASO,ES,Towers with Radar,0,22,87,0,109,0,7,173,0,180,0,29,260,0,289,135,0,135,424
05/14/2020,FXE,FL,ASO,ES,Towers with Radar,0,24,71,0,95,0,5,51,0,56,0,29,122,0,151,113,0,113,264
05/15/2020,FXE,FL,ASO,ES,Towers with Radar,0,30,47,0,77,0,0,10,0,10,0,30,57,0,87,16,0,16,103
05/16/2020,FXE,FL,ASO,ES,Towers with Radar,0,19,57,0,76,0,2,126,0,128,0,21,183,0,204,89,0,89,293
05/17/2020,FXE,FL,ASO,ES,Towers with Radar,0,15,69,0,84,0,0,117,0,117,0,15,186,0,201,209,0,209,410
05/18/2020,FXE,FL,ASO,ES,Towers with Radar,0,14,39,0,53,0,9,107,0,116,0,23,146,0,169,200,0,200,369
05/19/2020,FXE,FL,ASO,ES,Towers with Radar,0,19,63,0,82,0,3,156,0,159,0,22,219,0,241,226,0,226,467
05/20/2020,FXE,FL,ASO,ES,Towers with Radar,0,29,94,0,123,0,8,124,0,132,0,37,218,0,255,230,0,230,485
05/21/2020,FXE,FL,ASO,ES,Towers with Radar,0,27,73,0,100,0,2,151,0,153,0,29,224,0,253,137,0,137,390
05/22/2020,FXE,FL,ASO,ES,Towers with Radar,0,26,95,3,124,0,10,277,0,287,0,36,372,3,411,150,0,150,561
05/23/2020,FXE,FL,ASO,ES,Towers with Radar,0,14,73,0,87,0,0,148,0,148,0,14,221,0,235,250,0,250,485
05/24/2020,FXE,FL,ASO,ES,Towers with Radar,0,21,62,0,83,0,0,8,0,8,0,21,70,0,91,15,0,15,106
05/25/2020,FXE,FL,ASO,ES,Towers with Radar,0,26,53,0,79,0,1,10,0,11,0,27,63,0,90,3,0,3,93
05/26/2020,FXE,FL,ASO,ES,Towers with Radar,0,17,67,0,84,0,2,114,0,116,0,19,181,0,200,56,0,56,256
05/27/2020,FXE,FL,ASO,ES,Towers with Radar,0,21,81,0,102,0,9,195,0,204,0,30,276,0,306,268,0,268,574
05/28/2020,FXE,FL,ASO,ES,Towers with Radar,0,25,102,0,127,0,10,221,0,231,0,35,323,0,358,196,0,196,554
05/29/2020,FXE,FL,ASO,ES,Towers with Radar,0,35,95,3,133,0,27,265,0,292,0,62,360,3,425,212,0,212,637
05/30/2020,FXE,FL,ASO,ES,Towers with Radar,0,24,95,0,119,0,0,212,0,212,0,24,307,0,331,167,0,167,498
05/31/2020,FXE,FL,ASO,ES,Towers with Radar,0,24,70,0,94,0,0,159,1,160,0,24,229,1,254,301,0,301,555
06/01/2020,FXE,FL,ASO,ES,Towers with Radar,0,25,77,0,102,0,0,228,0,228,0,25,305,0,330,316,0,316,646
06/02/2020,FXE,FL,ASO,ES,Towers with Radar,0,27,94,0,121,0,6,169,0,175,0,33,263,0,296,222,0,222,518
06/03/2020,FXE,FL,ASO,ES,Towers with Radar,0,38,85,0,123,0,6,81,0,87,0,44,166,0,210,159,0,159,369
06/04/2020,FXE,FL,ASO,ES,Towers with Radar,0,39,85,0,124,0,6,97,0,103,0,45,182,0,227,122,0,122,349
06/05/2020,FXE,FL,ASO,ES,Towers with Radar,0,27,89,0,116,0,8,160,0,168,0,35,249,0,284,334,0,334,618
06/06/2020,FXE,FL,ASO,ES,Towers with Radar,0,23,69,0,92,0,1,154,0,155,0,24,223,0,247,290,0,290,537
06/07/2020,FXE,FL,ASO,ES,Towers with Radar,0,18,69,0,87,0,0,147,2,149,0,18,216,2,236,162,0,162,398
06/08/2020,FXE,FL,ASO,ES,Towers with Radar,0,21,72,0,93,0,6,213,0,219,0,27,285,0,312,408,0,408,720
06/09/2020,FXE,FL,ASO,ES,Towers with Radar,0,22,98,0,120,0,7,326,0,333,0,29,424,0,453,285,0,285,738
06/10/2020,FXE,FL,ASO,ES,Towers with Radar,0,18,124,1,143,0,11,332,0,343,0,29,456,1,486,245,12,257,743
06/11/2020,FXE,FL,ASO,ES,Towers with Radar,0,24,120,0,144,0,6,229,0,235,0,30,349,0,379,263,0,263,642
06/12/2020,FXE,FL,ASO,ES,Towers with Radar,0,33,116,1,150,0,11,279,0,290,0,44,395,1,440,254,0,254,694
06/13/2020,FXE,FL,ASO,ES,Towers with Radar,0,20,73,0,93,0,1,225,0,226,0,21,298,0,319,211,0,211,530
06/14/2020,FXE,FL,ASO,ES,Towers with Radar,0,19,84,0,103,0,0,84,0,84,0,19,168,0,187,101,0,101,288
06/15/2020,FXE,FL,ASO,ES,Towers with Radar,0,32,71,0,103,0,7,219,0,226,0,39,290,0,329,269,0,269,598
06/16/2020,FXE,FL,ASO,ES,Towers with Radar,0,23,119,0,142,0,5,295,0,300,0,28,414,0,442,189,0,189,631
06/17/2020,FXE,FL,ASO,ES,Towers with Radar,0,22,90,1,113,0,14,303,1,318,0,36,393,2,431,322,0,322,753
06/18/2020,FXE,FL,ASO,ES,Towers with Radar,0,28,103,0,131,0,7,101,0,108,0,35,204,0,239,137,0,137,376
06/19/2020,FXE,FL,ASO,ES,Towers with Radar,0,34,127,0,161,0,9,192,0,201,0,43,319,0,362,162,0,162,524
06/20/2020,FXE,FL,ASO,ES,Towers with Radar,0,29,89,0,118,0,19,197,0,216,0,48,286,0,334,239,0,239,573
06/21/2020,FXE,FL,ASO,ES,Towers with Radar,0,31,74,0,105,0,2,144,0,146,0,33,218,0,251,174,0,174,425
06/22/2020,FXE,FL,ASO,ES,Towers with Radar,1,29,122,0,152,0,4,229,0,233,1,33,351,0,385,177,0,177,562
06/23/2020,FXE,FL,ASO,ES,Towers with Radar,0,22,86,0,108,0,14,280,0,294,0,36,366,0,402,213,0,213,615
06/24/2020,FXE,FL,ASO,ES,Towers with Radar,0,31,95,0,126,0,13,254,2,269,0,44,349,2,395,199,0,199,594
06/25/2020,FXE,FL,ASO,ES,Towers with Radar,0,28,115,0,143,0,7,280,0,287,0,35,395,0,430,154,0,154,584
06/26/2020,FXE,FL,ASO,ES,Towers with Radar,0,14,112,0,126,0,17,266,0,283,0,31,378,0,409,230,0,230,639
06/27/2020,FXE,FL,ASO,ES,Towers with Radar,0,31,97,0,128,0,2,189,0,191,0,33,286,0,319,162,0,162,481
06/28/2020,FXE,FL,ASO,ES,Towers with Radar,0,16,76,0,92,0,2,184,0,186,0,18,260,0,278,182,0,182,460
06/29/2020,FXE,FL,ASO,ES,Towers with Radar,0,24,91,0,115,0,6,200,1,207,0,30,291,1,322,279,0,279,601
06/30/2020,FXE,FL,ASO,ES,Towers with Radar,0,32,118,0,150,0,13,302,0,315,0,45,420,0,465,224,0,224,689
07/01/2020,FXE,FL,ASO,ES,Towers with Radar,0,44,127,0,171,0,27,276,0,303,0,71,403,0,474,114,0,114,588
07/02/2020,FXE,FL,ASO,ES,Towers with Radar,0,45,122,0,167,0,24,260,1,285,0,69,382,1,452,188,0,188,640
07/03/2020,FXE,FL,ASO,ES,Towers with Radar,0,33,98,0,131,0,22,264,0,286,0,55,362,0,417,214,0,214,631
07/04/2020,FXE,FL,ASO,ES,Towers with Radar,0,20,52,0,72,0,7,139,0,146,0,27,191,0,218,127,0,127,345
07/05/2020,FXE,FL,ASO,ES,Towers with Radar,0,30,66,0,96,0,6,88,0,94,0,36,154,0,190,96,0,96,286
07/06/2020,FXE,FL,ASO,ES,Towers with Radar,0,24,83,0,107,0,8,166,1,175,0,32,249,1,282,225,0,225,507
07/07/2020,FXE,FL,ASO,ES,Towers with Radar,0,30,76,0,106,0,5,183,0,188,0,35,259,0,294,293,0,293,587
07/08/2020,FXE,FL,ASO,ES,Towers with Radar,0,33,92,0,125,0,14,234,0,248,0,47,326,0,373,354,0,354,727
07/09/2020,FXE,FL,ASO,ES,Towers with Radar,0,38,102,0,140,0,12,245,1,258,0,50,347,1,398,225,0,225,623
07/10/2020,FXE,FL,ASO,ES,Towers with Radar,0,25,77,0,102,0,9,107,0,116,0,34,184,0,218,80,0,80,298
07/11/2020,FXE,FL,ASO,ES,Towers with Radar,0,29,78,0,107,0,4,126,0,130,0,33,204,0,237,193,0,193,430
07/12/2020,FXE,FL,ASO,ES,Towers with Radar,0,33,63,0,96,0,1,133,0,134,0,34,196,0,230,174,0,174,404
07/13/2020,FXE,FL,ASO,ES,Towers with Radar,0,26,80,0,106,0,3,208,0,211,0,29,288,0,317,238,0,238,555
07/14/2020,FXE,FL,ASO,ES,Towers with Radar,0,24,83,0,107,0,13,203,0,216,0,37,286,0,323,161,0,161,484
07/15/2020,FXE,FL,ASO,ES,Towers with Radar,0,22,92,0,114,0,17,232,0,249,0,39,324,0,363,162,0,162,525
07/16/2020,FXE,FL,ASO,ES,Towers with Radar,0,24,108,0,132,0,11,204,0,215,0,35,312,0,347,132,0,132,479
07/17/2020,FXE,FL,ASO,ES,Towers with Radar,0,31,96,0,127,0,13,138,0,151,0,44,234,0,278,171,0,171,449
07/18/2020,FXE,FL,ASO,ES,Towers with Radar,0,30,62,0,92,0,1,58,0,59,0,31,120,0,151,70,0,70,221
07/19/2020,FXE,FL,ASO,ES,Towers with Radar,0,20,87,0,107,0,1,145,0,146,0,21,232,0,253,174,0,174,427
07/20/2020,FXE,FL,ASO,ES,Towers with Radar,0,21,98,0,119,0,10,221,1,232,0,31,319,1,351,241,0,241,592
07/21/2020,FXE,FL,ASO,ES,Towers with Radar,0,32,85,0,117,0,5,151,0,156,0,37,236,0,273,295,0,295,568
07/22/2020,FXE,FL,ASO,ES,Towers with Radar,0,33,68,0,101,0,13,81,0,94,0,46,149,0,195,162,0,162,357
07/23/2020,FXE,FL,ASO,ES,Towers with Radar,0,29,105,0,134,0,5,120,0,125,0,34,225,0,259,262,0,262,521
07/24/2020,FXE,FL,ASO,ES,Towers with Radar,0,22,103,0,125,0,17,246,0,263,0,39,349,0,388,222,0,222,610
07/25/2020,FXE,FL,ASO,ES,Towers with Radar,0,30,77,0,107,0,13,182,0,195,0,43,259,0,302,159,0,159,461
07/26/2020,FXE,FL,ASO,ES,Towers with Radar,0,37,61,0,98,0,5,167,0,172,0,42,228,0,270,187,0,187,457
07/27/2020,FXE,FL,ASO,ES,Towers with Radar,0,25,99,0,124,0,15,221,0,236,0,40,320,0,360,260,0,260,620
07/28/2020,FXE,FL,ASO,ES,Towers with Radar,0,20,112,0,132,0,8,247,0,255,0,28,359,0,387,179,0,179,566
07/29/2020,FXE,FL,ASO,ES,Towers with Radar,0,18,90,0,108,0,15,249,3,267,0,33,339,3,375,218,0,218,593
07/30/2020,FXE,FL,ASO,ES,Towers with Radar,0,41,113,0,154,0,14,273,0,287,0,55,386,0,441,193,0,193,634
07/31/2020,FXE,FL,ASO,ES,Towers with Radar,0,34,132,0,166,0,19,251,1,271,0,53,383,1,437,170,0,170,607
08/01/2020,FXE,FL,ASO,ES,Towers with Radar,0,7,21,0,28,0,0,23,0,23,0,7,44,0,51,24,0,24,75
08/02/2020,FXE,FL,ASO,ES,Towers with Radar,0,20,28,1,49,0,0,11,0,11,0,20,39,1,60,0,0,0,60
08/03/2020,FXE,FL,ASO,ES,Towers with Radar,0,35,82,0,117,0,9,125,0,134,0,44,207,0,251,168,0,168,419
08/04/2020,FXE,FL,ASO,ES,Towers with Radar,0,30,79,0,109,0,13,204,1,218,0,43,283,1,327,217,0,217,544
08/05/2020,FXE,FL,ASO,ES,Towers with Radar,0,25,101,2,128,0,19,190,0,209,0,44,291,2,337,186,0,186,523
08/06/2020,FXE,FL,ASO,ES,Towers with Radar,0,22,81,0,103,0,11,239,0,250,0,33,320,0,353,247,0,247,600
08/07/2020,FXE,FL,ASO,ES,Towers with Radar,0,39,109,0,148,0,18,203,0,221,0,57,312,0,369,189,0,189,558
08/08/2020,FXE,FL,ASO,ES,Towers with Radar,0,31,87,0,118,0,9,191,0,200,0,40,278,0,318,200,0,200,518
08/09/2020,FXE,FL,ASO,ES,Towers with Radar,0,30,63,0,93,0,3,136,0,139,0,33,199,0,232,114,0,114,346
08/10/2020,FXE,FL,ASO,ES,Towers with Radar,0,25,93,0,118,0,13,236,0,249,0,38,329,0,367,216,0,216,583
08/11/2020,FXE,FL,ASO,ES,Towers with Radar,0,28,93,0,121,0,3,187,0,190,0,31,280,0,311,240,0,240,551
08/12/2020,FXE,FL,ASO,ES,Towers with Radar,0,25,90,0,115,0,12,194,1,207,0,37,284,1,322,198,0,198,520
08/13/2020,FXE,FL,ASO,ES,Towers with Radar,0,22,95,0,117,0,11,241,0,252,0,33,336,0,369,189,0,189,558
08/14/2020,FXE,FL,ASO,ES,Towers with Radar,0,36,102,0,138,0,17,252,1,270,0,53,354,1,408,219,0,219,627
08/15/2020,FXE,FL,ASO,ES,Towers with Radar,0,35,68,0,103,0,5,177,0,182,0,40,245,0,285,159,0,159,444
08/16/2020,FXE,FL,ASO,ES,Towers with Radar,0,26,83,0,109,0,5,155,0,160,0,31,238,0,269,134,0,134,403
08/17/2020,FXE,FL,ASO,ES,Towers with Radar,0,34,94,0,128,0,10,232,0,242,0,44,326,0,370,210,0,210,580
08/18/2020,FXE,FL,ASO,ES,Towers with Radar,0,35,101,0,136,0,5,234,0,239,0,40,335,0,375,182,0,182,557
08/19/2020,FXE,FL,ASO,ES,Towers with Radar,0,33,90,0,123,0,13,154,0,167,0,46,244,0,290,116,0,116,406
08/20/2020,FXE,FL,ASO,ES,Towers with Radar,0,30,72,0,102,0,3,125,0,128,0,33,197,0,230,133,0,133,363
08/21/2020,FXE,FL,ASO,ES,Towers with Radar,0,36,98,0,134,0,12,230,1,243,0,48,328,1,377,201,0,201,578
08/22/2020,FXE,FL,ASO,ES,Towers with Radar,0,36,95,0,131,0,5,169,0,174,0,41,264,0,305,203,0,203,508
08/23/2020,FXE,FL,ASO,ES,Towers with Radar,0,25,68,0,93,0,5,123,0,128,0,30,191,0,221,91,0,91,312
08/24/2020,FXE,FL,ASO,ES,Towers with Radar,0,9,50,0,59,0,7,72,0,79,0,16,122,0,138,81,0,81,219
08/25/2020,FXE,FL,ASO,ES,Towers with Radar,0,23,83,0,106,0,9,229,0,238,0,32,312,0,344,258,0,258,602
08/26/2020,FXE,FL,ASO,ES,Towers with Radar,0,30,92,1,123,0,14,243,0,257,0,44,335,1,380,199,0,199,579
08/27/2020,FXE,FL,ASO,ES,Towers with Radar,0,19,95,0,114,0,6,214,0,220,0,25,309,0,334,224,0,224,558
08/28/2020,FXE,FL,ASO,ES,Towers with Radar,0,31,84,0,115,0,12,208,0,220,0,43,292,0,335,283,0,283,618
08/29/2020,FXE,FL,ASO,ES,Towers with Radar,0,21,56,0,77,0,5,201,0,206,0,26,257,0,283,150,0,150,433
08/30/2020,FXE,FL,ASO,ES,Towers with Radar,0,31,65,0,96,0,7,129,0,136,0,38,194,0,232,169,0,169,401
08/31/2020,FXE,FL,ASO,ES,Towers with Radar,0,24,83,2,109,0,6,161,0,167,0,30,244,2,276,173,0,173,449
09/01/2020,FXE,FL,ASO,ES,Towers with Radar,0,26,77,0,103,0,5,245,1,251,0,31,322,1,354,253,0,253,607
09/02/2020,FXE,FL,ASO,ES,Towers with Radar,0,22,94,0,116,0,15,223,0,238,0,37,317,0,354,213,0,213,567
09/03/2020,FXE,FL,ASO,ES,Towers with Radar,0,24,111,0,135,0,7,234,0,241,0,31,345,0,376,136,0,136,512
09/04/2020,FXE,FL,ASO,ES,Towers with Radar,0,41,105,0,146,0,11,203,0,214,0,52,308,0,360,179,0,179,539
09/05/2020,FXE,FL,ASO,ES,Towers with Radar,0,19,53,0,72,0,20,118,1,139,0,39,171,1,211,168,0,168,379
09/06/2020,FXE,FL,ASO,ES,Towers with Radar,0,15,53,0,68,0,5,92,0,97,0,20,145,0,165,103,0,103,268
09/07/2020,FXE,FL,ASO,ES,Towers with Radar,0,22,97,0,119,0,7,165,0,172,0,29,262,0,291,160,0,160,451
09/08/2020,FXE,FL,ASO,ES,Towers with Radar,0,28,78,0,106,0,9,168,0,177,0,37,246,0,283,100,0,100,383
09/09/2020,FXE,FL,ASO,ES,Towers with Radar,0,37,98,0,135,0,13,169,0,182,0,50,267,0,317,153,0,153,470
09/10/2020,FXE,FL,ASO,ES,Towers with Radar,0,17,95,0,112,0,9,174,0,183,0,26,269,0,295,193,0,193,488
09/11/2020,FXE,FL,ASO,ES,Towers with Radar,0,21,105,0,126,0,14,207,0,221,0,35,312,0,347,178,0,178,525
09/12/2020,FXE,FL,ASO,ES,Towers with Radar,0,32,52,0,84,0,1,13,0,14,0,33,65,0,98,21,0,21,119
09/13/2020,FXE,FL,ASO,ES,Towers with Radar,0,28,54,0,82,0,4,105,0,109,0,32,159,0,191,153,0,153,344
09/14/2020,FXE,FL,ASO,ES,Towers with Radar,0,23,103,0,126,0,16,217,0,233,0,39,320,0,359,232,0,232,591
09/15/2020,FXE,FL,ASO,ES,Towers with Radar,0,24,87,0,111,0,14,283,0,297,0,38,370,0,408,233,0,233,641
09/16/2020,FXE,FL,ASO,ES,Towers with Radar,0,22,107,0,129,0,11,237,0,248,0,33,344,0,377,242,0,242,619
09/17/2020,FXE,FL,ASO,ES,Towers with Radar,0,23,81,0,104,0,12,187,0,199,0,35,268,0,303,172,0,172,475
09/18/2020,FXE,FL,ASO,ES,Towers with Radar,0,32,63,1,96,0,12,185,1,198,0,44,248,2,294,152,0,152,446
09/19/2020,FXE,FL,ASO,ES,Towers with Radar,0,23,76,0,99,0,5,200,0,205,0,28,276,0,304,129,0,129,433
09/20/2020,FXE,FL,ASO,ES,Towers with Radar,0,24,68,0,92,0,8,122,0,130,0,32,190,0,222,70,0,70,292
09/21/2020,FXE,FL,ASO,ES,Towers with Radar,0,21,69,0,90,0,5,23,0,28,0,26,92,0,118,4,0,4,122
09/22/2020,FXE,FL,ASO,ES,Towers with Radar,0,24,100,0,124,0,11,195,0,206,0,35,295,0,330,99,0,99,429
09/23/2020,FXE,FL,ASO,ES,Towers with Radar,0,20,113,0,133,0,6,269,0,275,0,26,382,0,408,215,0,215,623
09/24/2020,FXE,FL,ASO,ES,Towers with Radar,0,22,116,1,139,0,10,186,1,197,0,32,302,2,336,173,0,173,509
09/25/2020,FXE,FL,ASO,ES,Towers with Radar,0,28,100,0,128,0,14,119,0,133,0,42,219,0,261,79,0,79,340
09/26/2020,FXE,FL,ASO,ES,Towers with Radar,0,28,56,0,84,0,10,173,0,183,0,38,229,0,267,139,0,139,406
09/27/2020,FXE,FL,ASO,ES,Towers with Radar,0,19,89,0,108,0,12,141,0,153,0,31,230,0,261,110,0,110,371
09/28/2020,FXE,FL,ASO,ES,Towers with Radar,0,33,102,0,135,0,9,197,0,206,0,42,299,0,341,172,0,172,513
09/29/2020,FXE,FL,ASO,ES,Towers with Radar,0,32,98,0,130,0,12,220,0,232,0,44,318,0,362,121,0,121,483
09/30/2020,FXE,FL,ASO,ES,Towers with Radar,0,36,111,2,149,0,10,234,0,244,0,46,345,2,393,159,0,159,552
10/01/2020,FXE,FL,ASO,ES,Towers with Radar,0,33,114,0,147,0,10,176,0,186,0,43,290,0,333,150,0,150,483
10/02/2020,FXE,FL,ASO,ES,Towers with Radar,0,35,106,2,143,0,11,124,0,135,0,46,230,2,278,130,0,130,408
10/03/2020,FXE,FL,ASO,ES,Towers with Radar,0,24,84,0,108,0,3,73,0,76,0,27,157,0,184,78,0,78,262
10/04/2020,FXE,FL,ASO,ES,Towers with Radar,0,37,101,0,138,0,11,153,0,164,0,48,254,0,302,161,0,161,463
10/05/2020,FXE,FL,ASO,ES,Towers with Radar,0,21,132,0,153,0,17,179,0,196,0,38,311,0,349,140,0,140,489
10/06/2020,FXE,FL,ASO,ES,Towers with Radar,0,34,97,0,131,0,13,186,0,199,0,47,283,0,330,132,0,132,462
10/07/2020,FXE,FL,ASO,ES,Towers with Radar,0,22,132,0,154,0,15,234,0,249,0,37,366,0,403,200,0,200,603
10/08/2020,FXE,FL,ASO,ES,Towers with Radar,0,32,122,2,156,0,11,279,1,291,0,43,401,3,447,108,0,108,555
10/09/2020,FXE,FL,ASO,ES,Towers with Radar,0,25,109,0,134,0,17,261,0,278,0,42,370,0,412,148,0,148,560
10/10/2020,FXE,FL,ASO,ES,Towers with Radar,0,31,75,0,106,0,3,132,0,135,0,34,207,0,241,201,0,201,442
10/11/2020,FXE,FL,ASO,ES,Towers with Radar,0,30,93,0,123,0,0,119,0,119,0,30,212,0,242,89,0,89,331
10/12/2020,FXE,FL,ASO,ES,Towers with Radar,0,37,98,0,135,0,6,182,0,188,0,43,280,0,323,96,0,96,419
10/13/2020,FXE,FL,ASO,ES,Towers with Radar,0,38,110,1,149,0,10,251,1,262,0,48,361,2,411,152,0,152,563
10/14/2020,FXE,FL,ASO,ES,Towers with Radar,0,33,121,0,154,0,14,266,0,280,0,47,387,0,434,168,0,168,602
10/15/2020,FXE,FL,ASO,ES,Towers with Radar,0,34,130,0,164,0,13,211,0,224,0,47,341,0,388,96,0,96,484
10/16/2020,FXE,FL,ASO,ES,Towers with Radar,0,57,117,0,174,0,5,77,0,82,0,62,194,0,256,13,0,13,269
10/17/2020,FXE,FL,ASO,ES,Towers with Radar,0,35,80,1,116,0,12,225,0,237,0,47,305,1,353,143,0,143,496
10/18/2020,FXE,FL,ASO,ES,Towers with Radar,0,23,108,0,131,0,3,134,0,137,0,26,242,0,268,118,0,118,386
10/19/2020,FXE,FL,ASO,ES,Towers with Radar,0,38,96,0,134,0,8,98,0,106,0,46,194,0,240,114,0,114,354
10/20/2020,FXE,FL,ASO,ES,Towers with Radar,0,31,96,0,127,0,3,82,0,85,0,34,178,0,212,175,0,175,387
10/21/2020,FXE,FL,ASO,ES,Towers with Radar,0,42,89,1,132,0,3,37,0,40,0,45,126,1,172,80,0,80,252
10/22/2020,FXE,FL,ASO,ES,Towers with Radar,0,36,123,0,159,0,6,170,0,176,0,42,293,0,335,263,0,263,598
10/23/2020,FXE,FL,ASO,ES,Towers with Radar,0,41,96,0,137,0,12,284,0,296,0,53,380,0,433,169,0,169,602
10/24/2020,FXE,FL,ASO,ES,Towers with Radar,0,38,68,1,107,0,8,133,0,141,0,46,201,1,248,194,0,194,442
10/25/2020,FXE,FL,ASO,ES,Towers with Radar,0,32,91,1,124,0,0,66,0,66,0,32,157,1,190,66,0,66,256
10/26/2020,FXE,FL,ASO,ES,Towers with Radar,0,28,108,0,136,0,15,234,0,249,0,43,342,0,385,201,0,201,586
10/27/2020,FXE,FL,ASO,ES,Towers with Radar,0,44,115,0,159,0,13,255,0,268,0,57,370,0,427,157,0,157,584
10/28/2020,FXE,FL,ASO,ES,Towers with Radar,0,39,147,2,188,0,15,264,0,279,0,54,411,2,467,204,0,204,671
10/29/2020,FXE,FL,ASO,ES,Towers with Radar,0,43,152,0,195,0,13,201,0,214,0,56,353,0,409,178,0,178,587
10/30/2020,FXE,FL,ASO,ES,Towers with Radar,0,60,153,0,213,0,20,278,0,298,0,80,431,0,511,166,0,166,677
10/31/2020,FXE,FL,ASO,ES,Towers with Radar,1,38,103,0,142,0,12,49,0,61,1,50,152,0,203,108,0,108,311
11/01/2020,FXE,FL,ASO,ES,Towers with Radar,0,54,110,0,164,0,4,149,0,153,0,58,259,0,317,88,0,88,405
11/02/2020,FXE,FL,ASO,ES,Towers with Radar,0,43,99,0,142,0,6,55,1,62,0,49,154,1,204,29,0,29,233
11/03/2020,FXE,FL,ASO,ES,Towers with Radar,0,37,74,0,111,0,4,162,0,166,0,41,236,0,277,115,0,115,392
11/04/2020,FXE,FL,ASO,ES,Towers with Radar,0,28,85,0,113,0,21,121,0,142,0,49,206,0,255,91,0,91,346
11/05/2020,FXE,FL,ASO,ES,Towers with Radar,0,36,88,0,124,0,7,88,0,95,0,43,176,0,219,28,0,28,247
11/06/2020,FXE,FL,ASO,ES,Towers with Radar,0,41,107,0,148,0,18,170,1,189,0,59,277,1,337,126,0,126,463
11/07/2020,FXE,FL,ASO,ES,Towers with Radar,0,41,73,0,114,0,7,45,0,52,0,48,118,0,166,36,0,36,202
11/08/2020,FXE,FL,ASO,ES,Towers with Radar,0,14,35,0,49,0,0,0,0,0,0,14,35,0,49,0,0,0,49
11/09/2020,FXE,FL,ASO,ES,Towers with Radar,0,22,43,0,65,0,2,24,0,26,0,24,67,0,91,0,0,0,91
11/10/2020,FXE,FL,ASO,ES,Towers with Radar,4,32,89,1,126,0,8,166,0,174,4,40,255,1,300,92,0,92,392
11/11/2020,FXE,FL,ASO,ES,Towers with Radar,0,38,78,0,116,0,11,115,0,126,0,49,193,0,242,68,0,68,310
11/12/2020,FXE,FL,ASO,ES,Towers with Radar,0,39,75,0,114,0,7,159,0,166,0,46,234,0,280,95,0,95,375
11/13/2020,FXE,FL,ASO,ES,Towers with Radar,0,39,120,0,159,0,20,228,1,249,0,59,348,1,408,70,0,70,478
11/14/2020,FXE,FL,ASO,ES,Towers with Radar,0,30,95,0,125,0,14,231,0,245,0,44,326,0,370,214,0,214,584
11/15/2020,FXE,FL,ASO,ES,Towers with Radar,1,38,82,0,121,0,14,198,1,213,1,52,280,1,334,193,0,193,527
11/16/2020,FXE,FL,ASO,ES,Towers with Radar,0,35,122,0,157,0,15,348,0,363,0,50,470,0,520,154,0,154,674
11/17/2020,FXE,FL,ASO,ES,Towers with Radar,0,29,121,0,150,0,10,182,0,192,0,39,303,0,342,115,0,115,457
11/18/2020,FXE,FL,ASO,ES,Towers with Radar,0,36,103,0,139,0,15,185,0,200,0,51,288,0,339,112,0,112,451
11/19/2020,FXE,FL,ASO,ES,Towers with Radar,0,40,111,0,151,0,9,164,3,176,0,49,275,3,327,78,0,78,405
11/20/2020,FXE,FL,ASO,ES,Towers with Radar,0,56,121,0,177,0,12,143,0,155,0,68,264,0,332,71,0,71,403
11/21/2020,FXE,FL,ASO,ES,Towers with Radar,0,55,86,0,141,0,13,165,0,178,0,68,251,0,319,162,0,162,481
11/22/2020,FXE,FL,ASO,ES,Towers with Radar,0,41,101,0,142,0,10,124,5,139,0,51,225,5,281,156,0,156,437
11/23/2020,FXE,FL,ASO,ES,Towers with Radar,0,38,112,1,151,0,11,251,0,262,0,49,363,1,413,87,0,87,500
11/24/2020,FXE,FL,ASO,ES,Towers with Radar,0,41,155,0,196,0,18,275,0,293,0,59,430,0,489,237,0,237,726
11/25/2020,FXE,FL,ASO,ES,Towers with Radar,0,44,139,0,183,0,16,252,0,268,0,60,391,0,451,224,0,224,675
11/26/2020,FXE,FL,ASO,ES,Towers with Radar,0,12,37,0,49,0,7,131,0,138,0,19,168,0,187,165,0,165,352
11/27/2020,FXE,FL,ASO,ES,Towers with Radar,0,32,80,0,112,0,19,215,0,234,0,51,295,0,346,202,0,202,548
11/28/2020,FXE,FL,ASO,ES,Towers with Radar,0,43,93,0,136,0,10,177,0,187,0,53,270,0,323,198,0,198,521
11/29/2020,FXE,FL,ASO,ES,Towers with Radar,0,46,128,0,174,0,9,159,0,168,0,55,287,0,342,217,0,217,559
11/30/2020,FXE,FL,ASO,ES,Towers with Radar,0,61,114,0,175,0,16,207,1,224,0,77,321,1,399,161,0,161,560
12/01/2020,FXE,FL,ASO,ES,Towers with Radar,0,42,112,0,154,0,6,239,1,246,0,48,351,1,400,147,0,147,547
12/02/2020,FXE,FL,ASO,ES,Towers with Radar,0,44,104,0,148,0,18,303,0,321,0,62,407,0,469,143,0,143,612
12/03/2020,FXE,FL,ASO,ES,Towers with Radar,0,42,123,2,167,0,17,276,0,293,0,59,399,2,460,260,0,260,720
12/04/2020,FXE,FL,ASO,ES,Towers with Radar,0,40,103,0,143,0,21,239,0,260,0,61,342,0,403,246,0,246,649
12/05/2020,FXE,FL,ASO,ES,Towers with Radar,0,26,103,0,129,0,9,194,0,203,0,35,297,0,332,235,0,235,567
12/06/2020,FXE,FL,ASO,ES,Towers with Radar,0,37,96,3,136,0,2,177,0,179,0,39,273,3,315,188,0,188,503
12/07/2020,FXE,FL,ASO,ES,Towers with Radar,1,40,100,0,141,0,14,124,0,138,1,54,224,0,279,115,0,115,394
12/08/2020,FXE,FL,ASO,ES,Towers with Radar,0,27,110,0,137,0,18,240,0,258,0,45,350,0,395,121,0,121,516
12/09/2020,FXE,FL,ASO,ES,Towers with Radar,0,46,122,0,168,0,15,256,0,271,0,61,378,0,439,205,0,205,644
12/10/2020,FXE,FL,ASO,ES,Towers with Radar,0,36,107,0,143,0,21,265,0,286,0,57,372,0,429,173,0,173,602
12/11/2020,FXE,FL,ASO,ES,Towers with Radar,0,46,123,2,171,0,21,222,0,243,0,67,345,2,414,196,0,196,610
12/12/2020,FXE,FL,ASO,ES,Towers with Radar,0,39,107,0,146,0,8,206,0,214,0,47,313,0,360,199,0,199,559
12/13/2020,FXE,FL,ASO,ES,Towers with Radar,0,31,94,0,125,0,5,212,0,217,0,36,306,0,342,163,0,163,505
12/14/2020,FXE,FL,ASO,ES,Towers with Radar,0,24,89,0,113,0,22,276,0,298,0,46,365,0,411,227,0,227,638
12/15/2020,FXE,FL,ASO,ES,Towers with Radar,0,37,156,0,193,0,17,235,0,252,0,54,391,0,445,156,0,156,601
12/16/2020,FXE,FL,ASO,ES,Towers with Radar,0,38,130,0,168,0,10,223,0,233,0,48,353,0,401,163,0,163,564
12/17/2020,FXE,FL,ASO,ES,Towers with Radar,0,26,87,0,113,0,10,166,0,176,0,36,253,0,289,146,0,146,435
12/18/2020,FXE,FL,ASO,ES,Towers with Radar,0,49,120,0,169,0,21,252,0,273,0,70,372,0,442,143,0,143,585
12/19/2020,FXE,FL,ASO,ES,Towers with Radar,0,57,120,0,177,0,15,208,0,223,0,72,328,0,400,98,0,98,498
12/20/2020,FXE,FL,ASO,ES,Towers with Radar,0,50,100,0,150,0,6,176,0,182,0,56,276,0,332,130,0,130,462
12/21/2020,FXE,FL,ASO,ES,Towers with Radar,0,33,93,0,126,0,18,167,1,186,0,51,260,1,312,172,0,172,484
12/22/2020,FXE,FL,ASO,ES,Towers with Radar,0,40,100,0,140,0,13,298,0,311,0,53,398,0,451,130,0,130,581
12/23/2020,FXE,FL,ASO,ES,Towers with Radar,0,48,126,0,174,0,18,255,0,273,0,66,381,0,447,151,0,151,598
12/24/2020,FXE,FL,ASO,ES,Towers with Radar,0,33,60,0,93,0,19,134,0,153,0,52,194,0,246,86,0,86,332
12/25/2020,FXE,FL,ASO,ES,Towers with Radar,0,26,27,0,53,0,0,39,0,39,0,26,66,0,92,5,0,5,97
12/26/2020,FXE,FL,ASO,ES,Towers with Radar,0,79,149,0,228,0,19,172,0,191,0,98,321,0,419,62,0,62,481
12/27/2020,FXE,FL,ASO,ES,Towers with Radar,0,89,159,0,248,0,17,184,0,201,0,106,343,0,449,42,0,42,491
12/28/2020,FXE,FL,ASO,ES,Towers with Radar,0,74,124,1,199,0,14,169,0,183,0,88,293,1,382,2,0,2,384
12/29/2020,FXE,FL,ASO,ES,Towers with Radar,0,61,120,0,181,0,11,215,0,226,0,72,335,0,407,17,0,17,424
12/30/2020,FXE,FL,ASO,ES,Towers with Radar,0,78,145,0,223,0,12,147,0,159,0,90,292,0,382,28,0,28,410
12/31/2020,FXE,FL,ASO,ES,Towers with Radar,0,38,78,0,116,0,14,127,0,141,0,52,205,0,257,25,0,25,282
01/01/2021,FXE,FL,ASO,ES,Towers with Radar,0,34,46,0,80,0,7,90,0,97,0,41,136,0,177,50,0,50,227
01/02/2021,FXE,FL,ASO,ES,Towers with Radar,0,62,162,0,224,0,7,172,0,179,0,69,334,0,403,79,0,79,482
01/03/2021,FXE,FL,ASO,ES,Towers with Radar,0,63,146,0,209,0,14,143,0,157,0,77,289,0,366,57,0,57,423
01/04/2021,FXE,FL,ASO,ES,Towers with Radar,0,54,121,0,175,0,21,177,0,198,0,75,298,0,373,98,0,98,471
01/05/2021,FXE,FL,ASO,ES,Towers with Radar,0,42,112,0,154,0,14,277,0,291,0,56,389,0,445,119,0,119,564
01/06/2021,FXE,FL,ASO,ES,Towers with Radar,0,42,100,0,142,0,15,256,0,271,0,57,356,0,413,157,0,157,570
01/07/2021,FXE,FL,ASO,ES,Towers with Radar,0,26,107,0,133,0,11,224,0,235,0,37,331,0,368,130,0,130,498
01/08/2021,FXE,FL,ASO,ES,Towers with Radar,0,35,112,1,148,0,12,197,0,209,0,47,309,1,357,107,0,107,464
01/09/2021,FXE,FL,ASO,ES,Towers with Radar,0,42,84,0,126,0,15,216,0,231,0,57,300,0,357,50,0,50,407
01/10/2021,FXE,FL,ASO,ES,Towers with Radar,0,52,130,0,182,0,14,200,0,214,0,66,330,0,396,85,0,85,481
01/11/2021,FXE,FL,ASO,ES,Towers with Radar,0,33,106,0,139,0,8,218,0,226,0,41,324,0,365,76,0,76,441
01/12/2021,FXE,FL,ASO,ES,Towers with Radar,0,43,102,0,145,0,12,211,0,223,0,55,313,0,368,72,0,72,440
01/13/2021,FXE,FL,ASO,ES,Towers with Radar,2,46,93,0,141,0,9,213,0,222,2,55,306,0,363,110,0,110,473
01/14/2021,FXE,FL,ASO,ES,Towers with Radar,0,38,137,0,175,0,9,161,0,170,0,47,298,0,345,124,0,124,469
01/15/2021,FXE,FL,ASO,ES,Towers with Radar,1,41,96,0,138,0,19,234,0,253,1,60,330,0,391,177,0,177,568
01/16/2021,FXE,FL,ASO,ES,Towers with Radar,1,26,79,0,106,0,5,221,0,226,1,31,300,0,332,83,0,83,415
01/17/2021,FXE,FL,ASO,ES,Towers with Radar,0,39,86,0,125,0,6,198,0,204,0,45,284,0,329,149,0,149,478
01/18/2021,FXE,FL,ASO,ES,Towers with Radar,0,43,110,1,154,0,13,229,0,242,0,56,339,1,396,170,0,170,566
01/19/2021,FXE,FL,ASO,ES,Towers with Radar,0,38,127,0,165,0,9,262,0,271,0,47,389,0,436,18,0,18,454
01/20/2021,FXE,FL,ASO,ES,Towers with Radar,0,34,118,0,152,0,15,273,0,288,0,49,391,0,440,166,0,166,606
01/21/2021,FXE,FL,ASO,ES,Towers with Radar,0,31,128,0,159,0,9,227,0,236,0,40,355,0,395,172,0,172,567
01/22/2021,FXE,FL,ASO,ES,Towers with Radar,0,34,102,0,136,0,18,292,0,310,0,52,394,0,446,76,0,76,522
01/23/2021,FXE,FL,ASO,ES,Towers with Radar,0,37,74,0,111,0,13,164,0,177,0,50,238,0,288,117,0,117,405
01/24/2021,FXE,FL,ASO,ES,Towers with Radar,0,35,94,0,129,0,6,161,0,167,0,41,255,0,296,96,0,96,392
01/25/2021,FXE,FL,ASO,ES,Towers with Radar,0,31,122,0,153,0,6,228,0,234,0,37,350,0,387,148,0,148,535
01/26/2021,FXE,FL,ASO,ES,Towers with Radar,0,35,110,1,146,0,12,251,1,264,0,47,361,2,410,133,0,133,543
01/27/2021,FXE,FL,ASO,ES,Towers with Radar,0,38,102,0,140,0,9,235,0,244,0,47,337,0,384,121,0,121,505
01/28/2021,FXE,FL,ASO,ES,Towers with Radar,0,37,91,0,128,0,13,148,0,161,0,50,239,0,289,68,0,68,357
01/29/2021,FXE,FL,ASO,ES,Towers with Radar,0,41,109,0,150,0,9,277,0,286,0,50,386,0,436,129,0,129,565
01/30/2021,FXE,FL,ASO,ES,Towers with Radar,0,48,64,0,112,0,7,264,0,271,0,55,328,0,383,196,0,196,579
01/31/2021,FXE,FL,ASO,ES,Towers with Radar,0,30,124,0,154,0,4,184,1,189,0,34,308,1,343,110,0,110,453
02/01/2021,FXE,FL,ASO,ES,Towers with Radar,0,33,78,1,112,0,7,122,0,129,0,40,200,1,241,110,0,110,351
02/02/2021,FXE,FL,ASO,ES,Towers with Radar,0,27,99,0,126,0,6,163,0,169,0,33,262,0,295,52,0,52,347
02/03/2021,FXE,FL,ASO,ES,Towers with Radar,0,37,100,0,137,0,12,240,0,252,0,49,340,0,389,159,0,159,548
02/04/2021,FXE,FL,ASO,ES,Towers with Radar,0,45,142,0,187,0,8,231,0,239,0,53,373,0,426,173,0,173,599
02/05/2021,FXE,FL,ASO,ES,Towers with Radar,0,36,149,0,185,0,11,286,0,297,0,47,435,0,482,238,0,238,720
02/06/2021,FXE,FL,ASO,ES,Towers with Radar,0,50,103,0,153,0,4,112,0,116,0,54,215,0,269,136,0,136,405
02/07/2021,FXE,FL,ASO,ES,Towers with Radar,0,34,83,0,117,0,0,72,0,72,0,34,155,0,189,124,0,124,313
02/08/2021,FXE,FL,ASO,ES,Towers with Radar,0,54,125,0,179,0,7,152,0,159,0,61,277,0,338,171,0,171,509
02/09/2021,FXE,FL,ASO,ES,Towers with Radar,0,44,108,0,152,0,10,292,0,302,0,54,400,0,454,141,0,141,595
02/10/2021,FXE,FL,ASO,ES,Towers with Radar,0,54,126,0,180,0,21,262,0,283,0,75,388,0,463,141,0,141,604
02/11/2021,FXE,FL,ASO,ES,Towers with Radar,0,43,135,0,178,0,20,228,0,248,0,63,363,0,426,226,0,226,652
02/12/2021,FXE,FL,ASO,ES,Towers with Radar,0,54,160,0,214,0,14,265,0,279,0,68,425,0,493,194,0,194,687
02/13/2021,FXE,FL,ASO,ES,Towers with Radar,0,54,106,0,160,0,2,197,0,199,0,56,303,0,359,131,0,131,490
02/14/2021,FXE,FL,ASO,ES,Towers with Radar,0,32,104,0,136,0,9,176,0,185,0,41,280,0,321,146,0,146,467
02/15/2021,FXE,FL,ASO,ES,Towers with Radar,0,35,129,0,164,0,5,245,0,250,0,40,374,0,414,177,0,177,591
02/16/2021,FXE,FL,ASO,ES,Towers with Radar,1,37,97,0,135,0,9,93,0,102,1,46,190,0,237,90,0,90,327
02/17/2021,FXE,FL,ASO,ES,Towers with Radar,0,75,136,0,211,0,8,198,0,206,0,83,334,0,417,211,0,211,628
02/18/2021,FXE,FL,ASO,ES,Towers with Radar,0,40,137,0,177,0,16,237,0,253,0,56,374,0,430,161,0,161,591
02/19/2021,FXE,FL,ASO,ES,Towers with Radar,0,50,107,0,157,0,16,189,0,205,0,66,296,0,362,133,0,133,495
02/20/2021,FXE,FL,ASO,ES,Towers with Radar,0,54,92,0,146,0,8,197,0,205,0,62,289,0,351,85,0,85,436
02/21/2021,FXE,FL,ASO,ES,Towers with Radar,3,57,141,0,201,0,6,106,0,112,3,63,247,0,313,46,0,46,359
02/22/2021,FXE,FL,ASO,ES,Towers with Radar,0,36,119,0,155,0,16,198,0,214,0,52,317,0,369,194,0,194,563
02/23/2021,FXE,FL,ASO,ES,Towers with Radar,0,38,139,1,178,0,10,208,0,218,0,48,347,1,396,159,0,159,555
02/24/2021,FXE,FL,ASO,ES,Towers with Radar,0,45,126,0,171,0,10,198,0,208,0,55,324,0,379,114,0,114,493
02/25/2021,FXE,FL,ASO,ES,Towers with Radar,0,36,121,0,157,0,11,226,0,237,0,47,347,0,394,163,0,163,557
02/26/2021,FXE,FL,ASO,ES,Towers with Radar,0,42,137,0,179,0,10,256,0,266,0,52,393,0,445,114,0,114,559
02/27/2021,FXE,FL,ASO,ES,Towers with Radar,0,57,97,0,154,0,7,226,0,233,0,64,323,0,387,217,0,217,604
02/28/2021,FXE,FL,ASO,ES,Towers with Radar,0,50,127,0,177,0,6,206,0,212,0,56,333,0,389,105,0,105,494
03/01/2021,FXE,FL,ASO,ES,Towers with Radar,0,48,121,0,169,0,15,253,0,268,0,63,374,0,437,6,0,6,443
03/02/2021,FXE,FL,ASO,ES,Towers with Radar,0,41,116,0,157,0,5,213,0,218,0,46,329,0,375,147,0,147,522
03/03/2021,FXE,FL,ASO,ES,Towers with Radar,0,37,117,0,154,0,13,200,0,213,0,50,317,0,367,106,0,106,473
03/04/2021,FXE,FL,ASO,ES,Towers with Radar,0,37,115,0,152,0,6,251,0,257,0,43,366,0,409,140,0,140,549
03/05/2021,FXE,FL,ASO,ES,Towers with Radar,0,34,127,0,161,0,12,266,0,278,0,46,393,0,439,130,0,130,569
03/06/2021,FXE,FL,ASO,ES,Towers with Radar,0,53,85,0,138,0,4,153,1,158,0,57,238,1,296,116,0,116,412
03/07/2021,FXE,FL,ASO,ES,Towers with Radar,0,35,125,0,160,0,8,153,0,161,0,43,278,0,321,39,0,39,360
03/08/2021,FXE,FL,ASO,ES,Towers with Radar,0,35,101,1,137,0,13,179,0,192,0,48,280,1,329,168,0,168,497
03/09/2021,FXE,FL,ASO,ES,Towers with Radar,0,36,92,0,128,0,9,236,0,245,0,45,328,0,373,100,0,100,473
03/10/2021,FXE,FL,ASO,ES,Towers with Radar,0,58,121,0,179,0,7,219,0,226,0,65,340,0,405,75,0,75,480
03/11/2021,FXE,FL,ASO,ES,Towers with Radar,0,58,127,3,188,0,8,213,0,221,0,66,340,3,409,54,0,54,463
03/12/2021,FXE,FL,ASO,ES,Towers with Radar,1,60,142,0,203,0,14,276,0,290,1,74,418,0,493,105,0,105,598
03/13/2021,FXE,FL,ASO,ES,Towers with Radar,0,58,113,0,171,0,15,300,0,315,0,73,413,0,486,83,0,83,569
03/14/2021,FXE,FL,ASO,ES,Towers with Radar,0,58,117,2,177,0,8,231,2,241,0,66,348,4,418,180,0,180,598
03/15/2021,FXE,FL,ASO,ES,Towers with Radar,1,58,125,3,187,0,13,234,2,249,1,71,359,5,436,219,0,219,655
03/16/2021,FXE,FL,ASO,ES,Towers with Radar,0,30,118,2,150,0,11,264,0,275,0,41,382,2,425,65,0,65,490
03/17/2021,FXE,FL,ASO,ES,Towers with Radar,0,40,121,0,161,0,15,224,0,239,0,55,345,0,400,169,0,169,569
03/18/2021,FXE,FL,ASO,ES,Towers with Radar,0,42,141,0,183,0,14,212,0,226,0,56,353,0,409,91,0,91,500
03/19/2021,FXE,FL,ASO,ES,Towers with Radar,0,63,124,5,192,0,11,215,0,226,0,74,339,5,418,161,0,161,579
03/20/2021,FXE,FL,ASO,ES,Towers with Radar,0,54,134,0,188,0,15,240,0,255,0,69,374,0,443,114,0,114,557
03/21/2021,FXE,FL,ASO,ES,Towers with Radar,0,66,107,0,173,0,9,163,0,172,0,75,270,0,345,108,0,108,453
03/22/2021,FXE,FL,ASO,ES,Towers with Radar,0,48,148,0,196,0,12,212,1,225,0,60,360,1,421,122,0,122,543
03/23/2021,FXE,FL,ASO,ES,Towers with Radar,0,46,134,0,180,0,11,274,0,285,0,57,408,0,465,114,0,114,579
03/24/2021,FXE,FL,ASO,ES,Towers with Radar,0,33,124,0,157,0,17,243,0,260,0,50,367,0,417,196,0,196,613
03/25/2021,FXE,FL,ASO,ES,Towers with Radar,0,51,148,0,199,0,10,181,0,191,0,61,329,0,390,154,0,154,544
03/26/2021,FXE,FL,ASO,ES,Towers with Radar,0,69,155,0,224,0,13,261,0,274,0,82,416,0,498,167,0,167,665
03/27/2021,FXE,FL,ASO,ES,Towers with Radar,1,74,127,0,202,0,11,242,0,253,1,85,369,0,455,25,0,25,480
03/28/2021,FXE,FL,ASO,ES,Towers with Radar,0,58,138,0,196,0,7,178,0,185,0,65,316,0,381,121,0,121,502
03/29/2021,FXE,FL,ASO,ES,Towers with Radar,0,47,139,3,189,0,13,257,0,270,0,60,396,3,459,6,0,6,465
03/30/2021,FXE,FL,ASO,ES,Towers with Radar,0,53,127,0,180,0,6,269,0,275,0,59,396,0,455,138,0,138,593
03/31/2021,FXE,FL,ASO,ES,Towers with Radar,0,51,131,0,182,0,7,279,1,287,0,58,410,1,469,200,0,200,669
04/01/2021,FXE,FL,ASO,ES,Towers with Radar,0,67,131,0,198,0,11,217,0,228,0,78,348,0,426,117,0,117,543
04/02/2021,FXE,FL,ASO,ES,Towers with Radar,0,53,105,1,159,0,10,177,0,187,0,63,282,1,346,87,0,87,433
04/03/2021,FXE,FL,ASO,ES,Towers with Radar,0,55,134,0,189,0,8,196,0,204,0,63,330,0,393,81,0,81,474
04/04/2021,FXE,FL,ASO,ES,Towers with Radar,0,51,125,0,176,0,6,162,0,168,0,57,287,0,344,114,0,114,458
04/05/2021,FXE,FL,ASO,ES,Towers with Radar,0,48,164,0,212,0,15,219,0,234,0,63,383,0,446,93,0,93,539
04/06/2021,FXE,FL,ASO,ES,Towers with Radar,0,51,129,0,180,0,9,302,0,311,0,60,431,0,491,100,0,100,591
04/07/2021,FXE,FL,ASO,ES,Towers with Radar,0,62,123,0,185,0,14,319,0,333,0,76,442,0,518,128,0,128,646
04/08/2021,FXE,FL,ASO,ES,Towers with Radar,0,58,131,0,189,0,16,254,0,270,0,74,385,0,459,116,0,116,575
04/09/2021,FXE,FL,ASO,ES,Towers with Radar,0,48,144,0,192,0,20,233,0,253,0,68,377,0,445,76,0,76,521
04/10/2021,FXE,FL,ASO,ES,Towers with Radar,0,51,122,0,173,0,11,248,0,259,0,62,370,0,432,68,0,68,500
04/11/2021,FXE,FL,ASO,ES,Towers with Radar,0,46,101,0,147,0,10,106,0,116,0,56,207,0,263,94,0,94,357
04/12/2021,FXE,FL,ASO,ES,Towers with Radar,0,51,181,0,232,0,14,222,1,237,0,65,403,1,469,105,0,105,574
04/13/2021,FXE,FL,ASO,ES,Towers with Radar,0,45,118,0,163,0,12,296,0,308,0,57,414,0,471,94,0,94,565
04/14/2021,FXE,FL,ASO,ES,Towers with Radar,0,46,124,0,170,0,14,273,0,287,0,60,397,0,457,118,0,118,575
04/15/2021,FXE,FL,ASO,ES,Towers with Radar,0,61,128,3,192,0,10,254,0,264,0,71,382,3,456,161,0,161,617
04/16/2021,FXE,FL,ASO,ES,Towers with Radar,3,48,155,2,208,0,11,215,0,226,3,59,370,2,434,71,0,71,505
04/17/2021,FXE,FL,ASO,ES,Towers with Radar,0,47,92,0,139,0,9,215,0,224,0,56,307,0,363,112,0,112,475
04/18/2021,FXE,FL,ASO,ES,Towers with Radar,0,69,126,1,196,0,2,200,1,203,0,71,326,2,399,106,0,106,505
04/19/2021,FXE,FL,ASO,ES,Towers with Radar,2,40,85,0,127,0,8,147,0,155,2,48,232,0,282,169,0,169,451
04/20/2021,FXE,FL,ASO,ES,Towers with Radar,0,43,106,0,149,0,7,141,0,148,0,50,247,0,297,108,0,108,405
04/21/2021,FXE,FL,ASO,ES,Towers with Radar,0,50,88,0,138,0,17,182,0,199,0,67,270,0,337,124,0,124,461
04/22/2021,FXE,FL,ASO,ES,Towers with Radar,0,49,152,1,202,0,9,265,0,274,0,58,417,1,476,132,0,132,608
04/23/2021,FXE,FL,ASO,ES,Towers with Radar,0,64,144,0,208,0,16,262,0,278,0,80,406,0,486,145,0,145,631
04/24/2021,FXE,FL,ASO,ES,Towers with Radar,0,53,111,0,164,0,4,196,1,201,0,57,307,1,365,148,0,148,513
04/25/2021,FXE,FL,ASO,ES,Towers with Radar,0,53,120,0,173,0,5,185,0,190,0,58,305,0,363,88,0,88,451
04/26/2021,FXE,FL,ASO,ES,Towers with Radar,0,37,131,0,168,0,13,256,0,269,0,50,387,0,437,139,0,139,576
04/27/2021,FXE,FL,ASO,ES,Towers with Radar,0,48,131,3,182,0,5,251,1,257,0,53,382,4,439,85,0,85,524
04/28/2021,FXE,FL,ASO,ES,Towers with Radar,0,47,133,3,183,0,23,255,0,278,0,70,388,3,461,75,0,75,536
04/29/2021,FXE,FL,ASO,ES,Towers with Radar,0,43,166,4,213,0,20,224,1,245,0,63,390,5,458,106,0,106,564
04/30/2021,FXE,FL,ASO,ES,Towers with Radar,0,49,139,0,188,0,13,218,0,231,0,62,357,0,419,93,0,93,512
05/01/2021,FXE,FL,ASO,ES,Towers with Radar,0,43,84,0,127,0,10,199,0,209,0,53,283,0,336,108,0,108,444
05/02/2021,FXE,FL,ASO,ES,Towers with Radar,1,59,139,0,199,0,15,180,0,195,1,74,319,0,394,80,0,80,474
05/03/2021,FXE,FL,ASO,ES,Towers with Radar,0,50,131,0,181,0,16,243,0,259,0,66,374,0,440,128,0,128,568
05/04/2021,FXE,FL,ASO,ES,Towers with Radar,0,35,116,0,151,0,8,295,1,304,0,43,411,1,455,49,0,49,504
05/05/2021,FXE,FL,ASO,ES,Towers with Radar,0,38,122,0,160,0,17,248,3,268,0,55,370,3,428,130,0,130,558
05/06/2021,FXE,FL,ASO,ES,Towers with Radar,1,38,113,0,152,0,11,171,1,183,1,49,284,1,335,58,0,58,393
05/07/2021,FXE,FL,ASO,ES,Towers with Radar,0,49,95,0,144,0,13,195,5,213,0,62,290,5,357,123,0,123,480
05/08/2021,FXE,FL,ASO,ES,Towers with Radar,0,41,106,0,147,0,5,159,1,165,0,46,265,1,312,61,0,61,373
05/09/2021,FXE,FL,ASO,ES,Towers with Radar,0,44,87,0,131,0,10,140,1,151,0,54,227,1,282,106,0,106,388
05/10/2021,FXE,FL,ASO,ES,Towers with Radar,0,48,128,0,176,0,6,201,0,207,0,54,329,0,383,166,0,166,549
05/11/2021,FXE,FL,ASO,ES,Towers with Radar,0,41,125,0,166,0,10,303,0,313,0,51,428,0,479,112,0,112,591
05/12/2021,FXE,FL,ASO,ES,Towers with Radar,0,48,109,0,157,0,18,202,0,220,0,66,311,0,377,117,0,117,494
05/13/2021,FXE,FL,ASO,ES,Towers with Radar,0,40,145,0,185,0,10,198,0,208,0,50,343,0,393,147,0,147,540
05/14/2021,FXE,FL,ASO,ES,Towers with Radar,0,50,125,0,175,0,9,227,0,236,0,59,352,0,411,115,0,115,526
05/15/2021,FXE,FL,ASO,ES,Towers with Radar,0,45,99,0,144,0,6,228,0,234,0,51,327,0,378,104,0,104,482
05/16/2021,FXE,FL,ASO,ES,Towers with Radar,0,55,117,0,172,0,10,173,0,183,0,65,290,0,355,90,0,90,445
05/17/2021,FXE,FL,ASO,ES,Towers with Radar,0,55,136,0,191,0,11,281,0,292,0,66,417,0,483,157,0,157,640
05/18/2021,FXE,FL,ASO,ES,Towers with Radar,0,53,131,0,184,0,8,231,1,240,0,61,362,1,424,66,0,66,490
05/19/2021,FXE,FL,ASO,ES,Towers with Radar,0,40,126,0,166,0,14,181,0,195,0,54,307,0,361,50,0,50,411
05/20/2021,FXE,FL,ASO,ES,Towers with Radar,0,60,143,0,203,0,10,153,0,163,0,70,296,0,366,81,0,81,447
05/21/2021,FXE,FL,ASO,ES,Towers with Radar,0,42,126,0,168,0,19,201,0,220,0,61,327,0,388,80,0,80,468
05/22/2021,FXE,FL,ASO,ES,Towers with Radar,0,44,80,0,124,0,21,213,0,234,0,65,293,0,358,108,0,108,466
05/23/2021,FXE,FL,ASO,ES,Towers with Radar,0,51,135,0,186,0,7,243,0,250,0,58,378,0,436,115,0,115,551
05/24/2021,FXE,FL,ASO,ES,Towers with Radar,0,40,133,2,175,0,14,284,0,298,0,54,417,2,473,182,0,182,655
05/25/2021,FXE,FL,ASO,ES,Towers with Radar,0,46,100,0,146,0,16,254,0,270,0,62,354,0,416,221,0,221,637
05/26/2021,FXE,FL,ASO,ES,Towers with Radar,0,50,133,0,183,0,19,287,0,306,0,69,420,0,489,171,0,171,660
05/27/2021,FXE,FL,ASO,ES,Towers with Radar,0,53,138,0,191,0,14,302,1,317,0,67,440,1,508,196,0,196,704
05/28/2021,FXE,FL,ASO,ES,Towers with Radar,0,44,160,0,204,0,21,291,1,313,0,65,451,1,517,81,0,81,598
05/29/2021,FXE,FL,ASO,ES,Towers with Radar,0,37,107,0,144,0,14,271,0,285,0,51,378,0,429,49,0,49,478
05/30/2021,FXE,FL,ASO,ES,Towers with Radar,0,26,81,0,107,0,3,166,4,173,0,29,247,4,280,128,0,128,408
05/31/2021,FXE,FL,ASO,ES,Towers with Radar,0,48,149,0,197,0,14,214,1,229,0,62,363,1,426,50,0,50,476
06/01/2021,FXE,FL,ASO,ES,Towers with Radar,0,61,119,0,180,0,15,103,0,118,0,76,222,0,298,126,0,126,424
06/02/2021,FXE,FL,ASO,ES,Towers with Radar,0,45,140,1,186,0,18,191,0,209,0,63,331,1,395,236,0,236,631
06/03/2021,FXE,FL,ASO,ES,Towers with Radar,1,42,106,0,149,0,12,152,0,164,1,54,258,0,313,144,0,144,457
06/04/2021,FXE,FL,ASO,ES,Towers with Radar,0,54,137,0,191,0,12,213,0,225,0,66,350,0,416,141,0,141,557
06/05/2021,FXE,FL,ASO,ES,Towers with Radar,0,39,96,0,135,0,11,232,0,243,0,50,328,0,378,66,0,66,444
06/06/2021,FXE,FL,ASO,ES,Towers with Radar,0,55,117,0,172,0,6,208,0,214,0,61,325,0,386,117,0,117,503
06/07/2021,FXE,FL,ASO,ES,Towers with Radar,0,41,123,0,164,0,12,229,0,241,0,53,352,0,405,142,0,142,547
06/08/2021,FXE,FL,ASO,ES,Towers with Radar,0,47,119,0,166,0,22,261,0,283,0,69,380,0,449,182,0,182,631
06/09/2021,FXE,FL,ASO,ES,Towers with Radar,0,50,123,0,173,0,15,271,0,286,0,65,394,0,459,149,0,149,608
06/10/2021,FXE,FL,ASO,ES,Towers with Radar,0,41,157,0,198,0,17,261,0,278,0,58,418,0,476,152,0,152,628
06/11/2021,FXE,FL,ASO,ES,Towers with Radar,0,47,127,2,176,0,12,254,0,266,0,59,381,2,442,178,0,178,620
06/12/2021,FXE,FL,ASO,ES,Towers with Radar,0,44,88,0,132,0,7,229,0,236,0,51,317,0,368,97,0,97,465
06/13/2021,FXE,FL,ASO,ES,Towers with Radar,0,56,101,0,157,0,7,193,0,200,0,63,294,0,357,96,0,96,453
06/14/2021,FXE,FL,ASO,ES,Towers with Radar,0,47,86,0,133,0,11,83,0,94,0,58,169,0,227,110,0,110,337
06/15/2021,FXE,FL,ASO,ES,Towers with Radar,0,46,98,0,144,0,7,134,0,141,0,53,232,0,285,69,0,69,354
06/16/2021,FXE,FL,ASO,ES,Towers with Radar,0,53,97,0,150,0,13,144,0,157,0,66,241,0,307,104,0,104,411
06/17/2021,FXE,FL,ASO,ES,Towers with Radar,0,52,113,0,165,0,9,204,0,213,0,61,317,0,378,214,0,214,592
06/18/2021,FXE,FL,ASO,ES,Towers with Radar,0,57,133,0,190,0,13,271,0,284,0,70,404,0,474,139,0,139,613
06/19/2021,FXE,FL,ASO,ES,Towers with Radar,1,32,111,0,144,0,9,274,0,283,1,41,385,0,427,133,0,133,560
06/20/2021,FXE,FL,ASO,ES,Towers with Radar,0,42,101,0,143,0,8,151,0,159,0,50,252,0,302,113,0,113,415
06/21/2021,FXE,FL,ASO,ES,Towers with Radar,0,41,132,0,173,0,17,231,0,248,0,58,363,0,421,180,0,180,601
06/22/2021,FXE,FL,ASO,ES,Towers with Radar,0,39,92,0,131,0,5,225,0,230,0,44,317,0,361,202,0,202,563
06/23/2021,FXE,FL,ASO,ES,Towers with Radar,0,34,92,1,127,0,16,196,0,212,0,50,288,1,339,254,0,254,593
06/24/2021,FXE,FL,ASO,ES,Towers with Radar,0,58,103,0,161,0,10,123,0,133,0,68,226,0,294,147,0,147,441
06/25/2021,FXE,FL,ASO,ES,Towers with Radar,0,48,86,0,134,0,21,163,0,184,0,69,249,0,318,178,0,178,496
06/26/2021,FXE,FL,ASO,ES,Towers with Radar,0,39,110,0,149,0,16,200,0,216,0,55,310,0,365,135,0,135,500
06/27/2021,FXE,FL,ASO,ES,Towers with Radar,5,42,97,0,144,0,12,194,1,207,5,54,291,1,351,130,0,130,481
06/28/2021,FXE,FL,ASO,ES,Towers with Radar,0,48,100,0,148,0,17,186,0,203,0,65,286,0,351,159,0,159,510
06/29/2021,FXE,FL,ASO,ES,Towers with Radar,0,32,105,0,137,0,10,179,0,189,0,42,284,0,326,250,0,250,576
06/30/2021,FXE,FL,ASO,ES,Towers with Radar,0,40,123,0,163,0,12,144,0,156,0,52,267,0,319,136,0,136,455
07/01/2021,FXE,FL,ASO,ES,Towers with Radar,0,46,169,0,215,0,17,140,0,157,0,63,309,0,372,39,0,39,411
07/02/2021,FXE,FL,ASO,ES,Towers with Radar,0,50,115,0,165,0,13,235,0,248,0,63,350,0,413,86,0,86,499
07/03/2021,FXE,FL,ASO,ES,Towers with Radar,0,46,97,0,143,0,16,208,1,225,0,62,305,1,368,112,0,112,480
07/04/2021,FXE,FL,ASO,ES,Towers with Radar,0,25,66,0,91,0,1,151,0,152,0,26,217,0,243,66,0,66,309
07/05/2021,FXE,FL,ASO,ES,Towers with Radar,0,47,94,0,141,0,10,120,0,130,0,57,214,0,271,67,0,67,338
07/06/2021,FXE,FL,ASO,ES,Towers with Radar,0,38,84,0,122,0,6,113,0,119,0,44,197,0,241,110,0,110,351
07/07/2021,FXE,FL,ASO,ES,Towers with Radar,0,39,125,0,164,0,20,267,0,287,0,59,392,0,451,156,0,156,607
07/08/2021,FXE,FL,ASO,ES,Towers with Radar,0,63,121,2,186,0,16,147,0,163,0,79,268,2,349,90,0,90,439
07/09/2021,FXE,FL,ASO,ES,Towers with Radar,0,52,139,0,191,0,18,227,0,245,0,70,366,0,436,165,0,165,601
07/10/2021,FXE,FL,ASO,ES,Towers with Radar,0,40,108,0,148,0,15,234,0,249,0,55,342,0,397,122,0,122,519
07/11/2021,FXE,FL,ASO,ES,Towers with Radar,0,46,125,0,171,0,11,202,0,213,0,57,327,0,384,86,0,86,470
07/12/2021,FXE,FL,ASO,ES,Towers with Radar,1,39,120,0,160,0,5,120,0,125,1,44,240,0,285,119,0,119,404
07/13/2021,FXE,FL,ASO,ES,Towers with Radar,0,54,114,0,168,0,10,202,0,212,0,64,316,0,380,121,0,121,501
07/14/2021,FXE,FL,ASO,ES,Towers with Radar,0,45,109,0,154,0,16,297,0,313,0,61,406,0,467,141,0,141,608
07/15/2021,FXE,FL,ASO,ES,Towers with Radar,0,43,131,0,174,0,11,243,0,254,0,54,374,0,428,93,0,93,521
07/16/2021,FXE,FL,ASO,ES,Towers with Radar,0,43,123,0,166,0,15,276,0,291,0,58,399,0,457,111,0,111,568
07/17/2021,FXE,FL,ASO,ES,Towers with Radar,2,29,109,0,140,0,14,196,0,210,2,43,305,0,350,162,0,162,512
07/18/2021,FXE,FL,ASO,ES,Towers with Radar,0,29,107,0,136,0,8,137,0,145,0,37,244,0,281,122,0,122,403
07/19/2021,FXE,FL,ASO,ES,Towers with Radar,0,44,118,0,162,0,18,216,0,234,0,62,334,0,396,90,0,90,486
07/20/2021,FXE,FL,ASO,ES,Towers with Radar,0,33,105,1,139,0,11,162,0,173,0,44,267,1,312,139,0,139,451
07/21/2021,FXE,FL,ASO,ES,Towers with Radar,0,42,148,0,190,0,16,266,0,282,0,58,414,0,472,138,0,138,610
07/22/2021,FXE,FL,ASO,ES,Towers with Radar,0,48,115,0,163,0,10,234,0,244,0,58,349,0,407,58,0,58,465
07/23/2021,FXE,FL,ASO,ES,Towers with Radar,0,40,115,0,155,0,14,199,0,213,0,54,314,0,368,120,0,120,488
07/24/2021,FXE,FL,ASO,ES,Towers with Radar,0,51,82,0,133,0,10,161,0,171,0,61,243,0,304,111,0,111,415
07/25/2021,FXE,FL,ASO,ES,Towers with Radar,0,47,102,0,149,0,7,178,0,185,0,54,280,0,334,150,0,150,484
07/26/2021,FXE,FL,ASO,ES,Towers with Radar,0,39,108,0,147,0,15,190,0,205,0,54,298,0,352,191,0,191,543
07/27/2021,FXE,FL,ASO,ES,Towers with Radar,0,32,99,0,131,0,11,216,0,227,0,43,315,0,358,163,0,163,521
07/28/2021,FXE,FL,ASO,ES,Towers with Radar,0,46,116,0,162,0,17,199,2,218,0,63,315,2,380,133,0,133,513
07/29/2021,FXE,FL,ASO,ES,Towers with Radar,0,41,107,2,150,0,12,205,1,218,0,53,312,3,368,136,0,136,504
07/30/2021,FXE,FL,ASO,ES,Towers with Radar,0,35,114,0,149,0,15,268,0,283,0,50,382,0,432,95,0,95,527
07/31/2021,FXE,FL,ASO,ES,Towers with Radar,0,46,114,0,160,0,11,215,0,226,0,57,329,0,386,134,0,134,520
08/01/2021,FXE,FL,ASO,ES,Towers with Radar,0,50,91,0,141,0,12,168,0,180,0,62,259,0,321,68,0,68,389
08/02/2021,FXE,FL,ASO,ES,Towers with Radar,0,34,105,0,139,0,10,172,0,182,0,44,277,0,321,137,0,137,458
08/03/2021,FXE,FL,ASO,ES,Towers with Radar,0,33,93,0,126,0,9,109,0,118,0,42,202,0,244,91,0,91,335
08/04/2021,FXE,FL,ASO,ES,Towers with Radar,0,46,119,0,165,0,20,169,0,189,0,66,288,0,354,99,0,99,453
08/05/2021,FXE,FL,ASO,ES,Towers with Radar,0,41,106,0,147,0,12,263,0,275,0,53,369,0,422,127,0,127,549
08/06/2021,FXE,FL,ASO,ES,Towers with Radar,0,46,102,0,148,0,20,261,0,281,0,66,363,0,429,127,0,127,556
08/07/2021,FXE,FL,ASO,ES,Towers with Radar,0,36,70,0,106,0,20,202,0,222,0,56,272,0,328,169,0,169,497
08/08/2021,FXE,FL,ASO,ES,Towers with Radar,0,57,103,0,160,0,10,192,0,202,0,67,295,0,362,108,0,108,470
08/09/2021,FXE,FL,ASO,ES,Towers with Radar,0,46,99,0,145,0,15,232,0,247,0,61,331,0,392,96,0,96,488
08/10/2021,FXE,FL,ASO,ES,Towers with Radar,0,34,82,0,116,0,11,273,0,284,0,45,355,0,400,42,0,42,442
08/11/2021,FXE,FL,ASO,ES,Towers with Radar,0,46,101,0,147,0,15,227,0,242,0,61,328,0,389,109,0,109,498
08/12/2021,FXE,FL,ASO,ES,Towers with Radar,0,29,109,0,138,0,15,258,0,273,0,44,367,0,411,118,0,118,529
08/13/2021,FXE,FL,ASO,ES,Towers with Radar,0,44,104,0,148,0,20,177,0,197,0,64,281,0,345,183,0,183,528
08/14/2021,FXE,FL,ASO,ES,Towers with Radar,0,34,60,0,94,0,8,91,0,99,0,42,151,0,193,89,0,89,282
08/15/2021,FXE,FL,ASO,ES,Towers with Radar,0,39,99,0,138,0,11,116,0,127,0,50,215,0,265,132,0,132,397
08/16/2021,FXE,FL,ASO,ES,Towers with Radar,0,39,82,0,121,0,13,238,0,251,0,52,320,0,372,190,0,190,562
08/17/2021,FXE,FL,ASO,ES,Towers with Radar,0,50,80,1,131,0,9,267,0,276,0,59,347,1,407,220,0,220,627
08/18/2021,FXE,FL,ASO,ES,Towers with Radar,0,41,108,0,149,0,18,244,0,262,0,59,352,0,411,36,0,36,447
08/19/2021,FXE,FL,ASO,ES,Towers with Radar,0,44,121,2,167,0,15,190,2,207,0,59,311,4,374,242,0,242,616
08/20/2021,FXE,FL,ASO,ES,Towers with Radar,0,32,126,3,161,0,13,230,0,243,0,45,356,3,404,171,0,171,575
08/21/2021,FXE,FL,ASO,ES,Towers with Radar,0,37,80,0,117,0,11,214,0,225,0,48,294,0,342,69,0,69,411
08/22/2021,FXE,FL,ASO,ES,Towers with Radar,0,27,101,0,128,0,4,153,0,157,0,31,254,0,285,174,0,174,459
08/23/2021,FXE,FL,ASO,ES,Towers with Radar,0,28,112,0,140,0,18,200,0,218,0,46,312,0,358,224,0,224,582
08/24/2021,FXE,FL,ASO,ES,Towers with Radar,0,36,109,2,147,0,12,254,1,267,0,48,363,3,414,156,0,156,570
08/25/2021,FXE,FL,ASO,ES,Towers with Radar,1,38,116,1,156,0,14,155,0,169,1,52,271,1,325,119,0,119,444
08/26/2021,FXE,FL,ASO,ES,Towers with Radar,0,38,125,1,164,0,9,181,0,190,0,47,306,1,354,175,0,175,529
08/27/2021,FXE,FL,ASO,ES,Towers with Radar,0,30,111,0,141,0,13,210,1,224,0,43,321,1,365,179,0,179,544
08/28/2021,FXE,FL,ASO,ES,Towers with Radar,0,37,97,0,134,0,7,192,0,199,0,44,289,0,333,170,0,170,503
08/29/2021,FXE,FL,ASO,ES,Towers with Radar,0,32,95,0,127,0,3,207,1,211,0,35,302,1,338,182,0,182,520
08/30/2021,FXE,FL,ASO,ES,Towers with Radar,0,39,92,0,131,0,18,189,1,208,0,57,281,1,339,111,0,111,450
08/31/2021,FXE,FL,ASO,ES,Towers with Radar,0,39,92,0,131,0,13,215,0,228,0,52,307,0,359,230,0,230,589
09/01/2021,FXE,FL,ASO,ES,Towers with Radar,0,47,93,0,140,0,13,214,0,227,0,60,307,0,367,147,0,147,514
09/02/2021,FXE,FL,ASO,ES,Towers with Radar,0,55,118,2,175,0,5,134,0,139,0,60,252,2,314,193,0,193,507
09/03/2021,FXE,FL,ASO,ES,Towers with Radar,0,52,98,0,150,0,18,195,0,213,0,70,293,0,363,137,0,137,500
09/04/2021,FXE,FL,ASO,ES,Towers with Radar,0,26,63,0,89,0,10,155,0,165,0,36,218,0,254,189,0,189,443
09/05/2021,FXE,FL,ASO,ES,Towers with Radar,0,19,56,0,75,0,6,129,0,135,0,25,185,0,210,168,0,168,378
09/06/2021,FXE,FL,ASO,ES,Towers with Radar,0,34,101,0,135,0,13,203,0,216,0,47,304,0,351,160,0,160,511
09/07/2021,FXE,FL,ASO,ES,Towers with Radar,0,30,111,0,141,0,14,233,0,247,0,44,344,0,388,151,0,151,539
09/08/2021,FXE,FL,ASO,ES,Towers with Radar,0,39,101,0,140,0,8,222,0,230,0,47,323,0,370,187,0,187,557
09/09/2021,FXE,FL,ASO,ES,Towers with Radar,0,50,113,0,163,0,5,170,0,175,0,55,283,0,338,132,0,132,470
09/10/2021,FXE,FL,ASO,ES,Towers with Radar,0,43,112,0,155,0,14,232,0,246,0,57,344,0,401,176,0,176,577
09/11/2021,FXE,FL,ASO,ES,Towers with Radar,0,29,80,0,109,0,13,229,0,242,0,42,309,0,351,130,0,130,481
09/12/2021,FXE,FL,ASO,ES,Towers with Radar,0,31,75,0,106,0,6,158,0,164,0,37,233,0,270,96,0,96,366
09/13/2021,FXE,FL,ASO,ES,Towers with Radar,0,24,91,0,115,0,16,95,0,111,0,40,186,0,226,203,0,203,429
09/14/2021,FXE,FL,ASO,ES,Towers with Radar,0,35,112,0,147,0,13,306,0,319,0,48,418,0,466,207,0,207,673
09/15/2021,FXE,FL,ASO,ES,Towers with Radar,0,36,82,0,118,0,22,264,0,286,0,58,346,0,404,214,0,214,618
09/16/2021,FXE,FL,ASO,ES,Towers with Radar,0,36,86,1,123,0,9,195,1,205,0,45,281,2,328,179,0,179,507
09/17/2021,FXE,FL,ASO,ES,Towers with Radar,0,40,103,2,145,0,16,197,0,213,0,56,300,2,358,153,0,153,511
09/18/2021,FXE,FL,ASO,ES,Towers with Radar,1,33,88,0,122,0,7,181,1,189,1,40,269,1,311,169,0,169,480
09/19/2021,FXE,FL,ASO,ES,Towers with Radar,0,32,107,0,139,0,2,169,0,171,0,34,276,0,310,198,0,198,508
09/20/2021,FXE,FL,ASO,ES,Towers with Radar,0,41,96,2,139,0,11,159,0,170,0,52,255,2,309,334,0,334,643
09/21/2021,FXE,FL,ASO,ES,Towers with Radar,0,33,81,1,115,0,5,126,0,131,0,38,207,1,246,121,0,121,367
09/22/2021,FXE,FL,ASO,ES,Towers with Radar,0,45,73,2,120,0,14,125,0,139,0,59,198,2,259,128,0,128,387
09/23/2021,FXE,FL,ASO,ES,Towers with Radar,0,33,106,0,139,0,3,220,0,223,0,36,326,0,362,159,0,159,521
09/24/2021,FXE,FL,ASO,ES,Towers with Radar,0,47,110,0,157,0,13,210,0,223,0,60,320,0,380,173,0,173,553
09/25/2021,FXE,FL,ASO,ES,Towers with Radar,0,31,68,1,100,0,9,199,0,208,0,40,267,1,308,171,0,171,479
09/26/2021,FXE,FL,ASO,ES,Towers with Radar,0,24,50,0,74,0,9,135,0,144,0,33,185,0,218,132,0,132,350
09/27/2021,FXE,FL,ASO,ES,Towers with Radar,0,38,110,0,148,0,12,233,0,245,0,50,343,0,393,284,0,284,677
09/28/2021,FXE,FL,ASO,ES,Towers with Radar,0,23,91,0,114,0,6,239,0,245,0,29,330,0,359,179,0,179,538
09/29/2021,FXE,FL,ASO,ES,Towers with Radar,0,31,104,0,135,0,12,272,0,284,0,43,376,0,419,232,0,232,651
09/30/2021,FXE,FL,ASO,ES,Towers with Radar,0,49,137,0,186,0,7,245,0,252,0,56,382,0,438,138,0,138,576
10/01/2021,FXE,FL,ASO,ES,Towers with Radar,0,47,106,0,153,0,13,133,0,146,0,60,239,0,299,225,0,225,524
10/02/2021,FXE,FL,ASO,ES,Towers with Radar,0,30,72,1,103,0,9,153,0,162,0,39,225,1,265,200,0,200,465
10/03/2021,FXE,FL,ASO,ES,Towers with Radar,0,39,121,0,160,0,10,164,0,174,0,49,285,0,334,161,0,161,495
10/04/2021,FXE,FL,ASO,ES,Towers with Radar,0,41,118,5,164,0,13,213,0,226,0,54,331,5,390,198,0,198,588
10/05/2021,FXE,FL,ASO,ES,Towers with Radar,0,28,105,0,133,0,11,234,0,245,0,39,339,0,378,204,0,204,582
10/06/2021,FXE,FL,ASO,ES,Towers with Radar,0,45,124,0,169,0,14,226,0,240,0,59,350,0,409,215,0,215,624
10/07/2021,FXE,FL,ASO,ES,Towers with Radar,0,39,147,0,186,0,8,235,0,243,0,47,382,0,429,216,0,216,645
10/08/2021,FXE,FL,ASO,ES,Towers with Radar,0,49,131,5,185,0,15,261,0,276,0,64,392,5,461,91,0,91,552
10/09/2021,FXE,FL,ASO,ES,Towers with Radar,0,46,82,0,128,0,5,144,0,149,0,51,226,0,277,85,0,85,362
10/10/2021,FXE,FL,ASO,ES,Towers with Radar,0,30,128,0,158,0,4,153,0,157,0,34,281,0,315,167,0,167,482
10/11/2021,FXE,FL,ASO,ES,Towers with Radar,0,48,119,0,167,0,12,200,0,212,0,60,319,0,379,152,0,152,531
10/12/2021,FXE,FL,ASO,ES,Towers with Radar,0,39,131,3,173,0,9,269,0,278,0,48,400,3,451,192,0,192,643
10/13/2021,FXE,FL,ASO,ES,Towers with Radar,0,47,129,0,176,24,9,226,0,259,24,56,355,0,435,215,0,215,650
10/14/2021,FXE,FL,ASO,ES,Towers with Radar,0,41,136,0,177,0,13,212,0,225,0,54,348,0,402,198,0,198,600
10/15/2021,FXE,FL,ASO,ES,Towers with Radar,0,58,126,0,184,0,14,209,0,223,0,72,335,0,407,189,0,189,596
10/16/2021,FXE,FL,ASO,ES,Towers with Radar,0,34,84,0,118,0,12,169,0,181,0,46,253,0,299,145,0,145,444
10/17/2021,FXE,FL,ASO,ES,Towers with Radar,0,38,110,1,149,0,10,208,0,218,0,48,318,1,367,142,0,142,509
10/18/2021,FXE,FL,ASO,ES,Towers with Radar,0,28,123,4,155,0,21,250,0,271,0,49,373,4,426,142,0,142,568
10/19/2021,FXE,FL,ASO,ES,Towers with Radar,0,34,110,0,144,0,10,272,0,282,0,44,382,0,426,211,0,211,637
10/20/2021,FXE,FL,ASO,ES,Towers with Radar,0,44,131,0,175,0,11,221,0,232,0,55,352,0,407,276,0,276,683
10/21/2021,FXE,FL,ASO,ES,Towers with Radar,0,52,144,0,196,0,13,224,0,237,0,65,368,0,433,177,0,177,610
10/22/2021,FXE,FL,ASO,ES,Towers with Radar,0,45,132,1,178,0,8,117,1,126,0,53,249,2,304,132,0,132,436
10/23/2021,FXE,FL,ASO,ES,Towers with Radar,0,38,103,0,141,0,9,121,0,130,0,47,224,0,271,133,0,133,404
10/24/2021,FXE,FL,ASO,ES,Towers with Radar,0,42,123,0,165,0,11,143,0,154,0,53,266,0,319,218,0,218,537
10/25/2021,FXE,FL,ASO,ES,Towers with Radar,0,58,102,0,160,0,13,147,0,160,0,71,249,0,320,125,0,125,445
10/26/2021,FXE,FL,ASO,ES,Towers with Radar,1,45,147,0,193,0,16,172,0,188,1,61,319,0,381,161,0,161,542
10/27/2021,FXE,FL,ASO,ES,Towers with Radar,0,65,150,2,217,0,9,226,0,235,0,74,376,2,452,165,0,165,617
10/28/2021,FXE,FL,ASO,ES,Towers with Radar,0,63,153,0,216,0,15,145,0,160,0,78,298,0,376,122,0,122,498
10/29/2021,FXE,FL,ASO,ES,Towers with Radar,0,68,162,0,230,0,13,186,0,199,0,81,348,0,429,137,0,137,566
10/30/2021,FXE,FL,ASO,ES,Towers with Radar,0,37,133,1,171,0,5,174,0,179,0,42,307,1,350,107,0,107,457
10/31/2021,FXE,FL,ASO,ES,Towers with Radar,2,55,151,1,209,0,10,206,0,216,2,65,357,1,425,102,0,102,527
11/01/2021,FXE,FL,ASO,ES,Towers with Radar,0,66,141,0,207,0,12,222,0,234,0,78,363,0,441,145,0,145,586
11/02/2021,FXE,FL,ASO,ES,Towers with Radar,0,39,141,0,180,0,10,157,0,167,0,49,298,0,347,101,0,101,448
11/03/2021,FXE,FL,ASO,ES,Towers with Radar,0,57,135,1,193,0,21,261,0,282,0,78,396,1,475,108,0,108,583
11/04/2021,FXE,FL,ASO,ES,Towers with Radar,0,56,154,0,210,0,17,246,0,263,0,73,400,0,473,205,0,205,678
11/05/2021,FXE,FL,ASO,ES,Towers with Radar,0,58,110,4,172,0,4,19,0,23,0,62,129,4,195,18,0,18,213
11/06/2021,FXE,FL,ASO,ES,Towers with Radar,0,52,117,0,169,0,11,139,0,150,0,63,256,0,319,46,0,46,365
11/07/2021,FXE,FL,ASO,ES,Towers with Radar,0,54,146,0,200,0,8,197,0,205,0,62,343,0,405,75,0,75,480
11/08/2021,FXE,FL,ASO,ES,Towers with Radar,0,57,142,0,199,0,15,237,0,252,0,72,379,0,451,121,0,121,572
11/09/2021,FXE,FL,ASO,ES,Towers with Radar,0,59,107,0,166,0,11,291,0,302,0,70,398,0,468,202,0,202,670
11/10/2021,FXE,FL,ASO,ES,Towers with Radar,0,41,145,0,186,0,16,227,0,243,0,57,372,0,429,170,0,170,599
11/11/2021,FXE,FL,ASO,ES,Towers with Radar,1,58,149,0,208,0,10,227,1,238,1,68,376,1,446,107,0,107,553
11/12/2021,FXE,FL,ASO,ES,Towers with Radar,0,51,162,0,213,0,15,145,0,160,0,66,307,0,373,233,0,233,606
11/13/2021,FXE,FL,ASO,ES,Towers with Radar,0,43,89,0,132,0,11,217,0,228,0,54,306,0,360,193,0,193,553
11/14/2021,FXE,FL,ASO,ES,Towers with Radar,0,50,142,0,192,0,8,235,0,243,0,58,377,0,435,128,0,128,563
11/15/2021,FXE,FL,ASO,ES,Towers with Radar,0,58,161,0,219,0,21,224,0,245,0,79,385,0,464,184,0,184,648
11/16/2021,FXE,FL,ASO,ES,Towers with Radar,0,46,139,0,185,0,11,308,0,319,0,57,447,0,504,213,0,213,717
11/17/2021,FXE,FL,ASO,ES,Towers with Radar,0,59,125,0,184,0,13,279,0,292,0,72,404,0,476,140,0,140,616
11/18/2021,FXE,FL,ASO,ES,Towers with Radar,0,53,147,0,200,0,11,130,0,141,0,64,277,0,341,153,0,153,494
11/19/2021,FXE,FL,ASO,ES,Towers with Radar,0,76,172,0,248,0,13,87,0,100,0,89,259,0,348,50,0,50,398
11/20/2021,FXE,FL,ASO,ES,Towers with Radar,0,60,125,0,185,0,13,131,0,144,0,73,256,0,329,133,0,133,462
11/21/2021,FXE,FL,ASO,ES,Towers with Radar,0,56,118,0,174,0,8,102,0,110,0,64,220,0,284,103,0,103,387
11/22/2021,FXE,FL,ASO,ES,Towers with Radar,0,48,129,0,177,0,15,183,0,198,0,63,312,0,375,178,0,178,553
11/23/2021,FXE,FL,ASO,ES,Towers with Radar,0,61,158,0,219,0,16,236,0,252,0,77,394,0,471,161,0,161,632
11/24/2021,FXE,FL,ASO,ES,Towers with Radar,0,60,145,0,205,0,15,206,0,221,0,75,351,0,426,80,0,80,506
11/25/2021,FXE,FL,ASO,ES,Towers with Radar,0,19,56,0,75,0,2,118,0,120,0,21,174,0,195,67,0,67,262
11/26/2021,FXE,FL,ASO,ES,Towers with Radar,0,47,98,0,145,0,19,150,0,169,0,66,248,0,314,113,0,113,427
11/27/2021,FXE,FL,ASO,ES,Towers with Radar,0,63,123,0,186,0,15,177,0,192,0,78,300,0,378,135,0,135,513
11/28/2021,FXE,FL,ASO,ES,Towers with Radar,0,64,169,0,233,0,13,187,0,200,0,77,356,0,433,135,0,135,568
11/29/2021,FXE,FL,ASO,ES,Towers with Radar,0,57,117,0,174,0,20,241,0,261,0,77,358,0,435,116,0,116,551
11/30/2021,FXE,FL,ASO,ES,Towers with Radar,1,60,119,0,180,0,12,271,0,283,1,72,390,0,463,109,0,109,572
12/01/2021,FXE,FL,ASO,ES,Towers with Radar,0,55,139,0,194,0,12,254,0,266,0,67,393,0,460,180,0,180,640
12/02/2021,FXE,FL,ASO,ES,Towers with Radar,0,46,135,0,181,0,18,225,0,243,0,64,360,0,424,188,0,188,612
12/03/2021,FXE,FL,ASO,ES,Towers with Radar,0,42,145,0,187,0,25,242,0,267,0,67,387,0,454,195,0,195,649
12/04/2021,FXE,FL,ASO,ES,Towers with Radar,0,38,131,0,169,0,11,188,0,199,0,49,319,0,368,269,0,269,637
12/05/2021,FXE,FL,ASO,ES,Towers with Radar,0,43,128,0,171,0,15,164,0,179,0,58,292,0,350,152,0,152,502
12/06/2021,FXE,FL,ASO,ES,Towers with Radar,0,50,131,0,181,0,13,100,0,113,0,63,231,0,294,184,0,184,478
12/07/2021,FXE,FL,ASO,ES,Towers with Radar,0,53,143,0,196,0,17,258,0,275,0,70,401,0,471,214,0,214,685
12/08/2021,FXE,FL,ASO,ES,Towers with Radar,0,78,157,0,235,0,15,267,0,282,0,93,424,0,517,133,0,133,650
12/09/2021,FXE,FL,ASO,ES,Towers with Radar,0,59,134,0,193,0,13,224,0,237,0,72,358,0,430,146,0,146,576
12/10/2021,FXE,FL,ASO,ES,Towers with Radar,0,47,166,0,213,0,9,230,0,239,0,56,396,0,452,268,0,268,720
12/11/2021,FXE,FL,ASO,ES,Towers with Radar,0,41,126,0,167,0,12,229,0,241,0,53,355,0,408,112,0,112,520
12/12/2021,FXE,FL,ASO,ES,Towers with Radar,0,35,147,2,184,0,13,188,0,201,0,48,335,2,385,152,0,152,537
12/13/2021,FXE,FL,ASO,ES,Towers with Radar,0,41,130,0,171,0,12,221,0,233,0,53,351,0,404,125,0,125,529
12/14/2021,FXE,FL,ASO,ES,Towers with Radar,0,51,124,0,175,0,13,212,0,225,0,64,336,0,400,208,0,208,608
12/15/2021,FXE,FL,ASO,ES,Towers with Radar,0,68,122,0,190,0,11,197,0,208,0,79,319,0,398,165,0,165,563
12/16/2021,FXE,FL,ASO,ES,Towers with Radar,0,52,160,0,212,0,16,227,0,243,0,68,387,0,455,134,0,134,589
12/17/2021,FXE,FL,ASO,ES,Towers with Radar,0,49,166,0,215,0,13,255,1,269,0,62,421,1,484,168,0,168,652
12/18/2021,FXE,FL,ASO,ES,Towers with Radar,0,73,142,0,215,0,16,166,0,182,0,89,308,0,397,141,0,141,538
12/19/2021,FXE,FL,ASO,ES,Towers with Radar,0,51,115,0,166,0,9,139,0,148,0,60,254,0,314,138,0,138,452
12/20/2021,FXE,FL,ASO,ES,Towers with Radar,0,64,127,0,191,0,17,136,0,153,0,81,263,0,344,88,0,88,432
12/21/2021,FXE,FL,ASO,ES,Towers with Radar,0,57,85,0,142,0,15,94,0,109,0,72,179,0,251,97,0,97,348
12/22/2021,FXE,FL,ASO,ES,Towers with Radar,0,60,114,0,174,0,20,119,0,139,0,80,233,0,313,69,0,69,382
12/23/2021,FXE,FL,ASO,ES,Towers with Radar,0,68,115,0,183,0,17,209,0,226,0,85,324,0,409,57,0,57,466
12/24/2021,FXE,FL,ASO,ES,Towers with Radar,0,51,70,0,121,0,14,146,0,160,0,65,216,0,281,42,0,42,323
12/25/2021,FXE,FL,ASO,ES,Towers with Radar,0,21,39,0,60,0,1,47,0,48,0,22,86,0,108,47,0,47,155
12/26/2021,FXE,FL,ASO,ES,Towers with Radar,0,58,140,0,198,0,12,174,0,186,0,70,314,0,384,115,0,115,499
12/27/2021,FXE,FL,ASO,ES,Towers with Radar,0,72,175,0,247,0,3,231,0,234,0,75,406,0,481,54,0,54,535
12/28/2021,FXE,FL,ASO,ES,Towers with Radar,0,80,149,0,229,0,11,205,1,217,0,91,354,1,446,81,0,81,527
12/29/2021,FXE,FL,ASO,ES,Towers with Radar,0,70,117,0,187,0,19,197,0,216,0,89,314,0,403,22,0,22,425
12/30/2021,FXE,FL,ASO,ES,Towers with Radar,0,52,160,0,212,0,10,183,0,193,0,62,343,0,405,18,0,18,423
12/31/2021,FXE,FL,ASO,ES,Towers with Radar,0,48,83,0,131,0,8,138,0,146,0,56,221,0,277,7,0,7,284
01/01/2022,FXE,FL,ASO,ES,Towers with Radar,0,60,89,0,149,0,1,85,0,86,0,61,174,0,235,27,0,27,262
01/02/2022,FXE,FL,ASO,ES,Towers with Radar,1,66,184,0,251,0,17,156,0,173,1,83,340,0,424,22,0,22,446
01/03/2022,FXE,FL,ASO,ES,Towers with Radar,0,72,169,1,242,0,16,156,0,172,0,88,325,1,414,71,0,71,485
01/04/2022,FXE,FL,ASO,ES,Towers with Radar,0,67,143,0,210,0,13,232,0,245,0,80,375,0,455,150,0,150,605
01/05/2022,FXE,FL,ASO,ES,Towers with Radar,0,45,144,2,191,0,11,167,0,178,0,56,311,2,369,106,0,106,475
01/06/2022,FXE,FL,ASO,ES,Towers with Radar,0,48,114,0,162,0,12,176,0,188,0,60,290,0,350,130,0,130,480
01/07/2022,FXE,FL,ASO,ES,Towers with Radar,0,54,108,0,162,0,19,192,0,211,0,73,300,0,373,66,0,66,439
01/08/2022,FXE,FL,ASO,ES,Towers with Radar,0,68,114,0,182,0,10,150,0,160,0,78,264,0,342,120,0,120,462
01/09/2022,FXE,FL,ASO,ES,Towers with Radar,0,74,145,0,219,0,2,105,0,107,0,76,250,0,326,41,0,41,367
01/10/2022,FXE,FL,ASO,ES,Towers with Radar,0,49,134,0,183,0,5,181,0,186,0,54,315,0,369,159,0,159,528
01/11/2022,FXE,FL,ASO,ES,Towers with Radar,0,35,101,0,136,0,7,121,0,128,0,42,222,0,264,116,0,116,380
01/12/2022,FXE,FL,ASO,ES,Towers with Radar,0,43,148,0,191,0,12,228,0,240,0,55,376,0,431,149,0,149,580
01/13/2022,FXE,FL,ASO,ES,Towers with Radar,0,57,131,0,188,0,10,191,0,201,0,67,322,0,389,200,0,200,589
01/14/2022,FXE,FL,ASO,ES,Towers with Radar,0,45,137,0,182,0,12,235,0,247,0,57,372,0,429,129,0,129,558
01/15/2022,FXE,FL,ASO,ES,Towers with Radar,0,71,125,0,196,0,9,264,0,273,0,80,389,0,469,142,0,142,611
01/16/2022,FXE,FL,ASO,ES,Towers with Radar,0,35,75,1,111,0,2,47,0,49,0,37,122,1,160,30,0,30,190
01/17/2022,FXE,FL,ASO,ES,Towers with Radar,0,55,120,2,177,0,12,231,0,243,0,67,351,2,420,150,0,150,570
01/18/2022,FXE,FL,ASO,ES,Towers with Radar,0,48,159,0,207,0,12,308,0,320,0,60,467,0,527,140,0,140,667
01/19/2022,FXE,FL,ASO,ES,Towers with Radar,0,52,139,1,192,0,12,243,0,255,0,64,382,1,447,179,0,179,626
01/20/2022,FXE,FL,ASO,ES,Towers with Radar,0,59,142,1,202,0,12,191,1,204,0,71,333,2,406,96,0,96,502
01/21/2022,FXE,FL,ASO,ES,Towers with Radar,0,42,145,1,188,0,18,154,0,172,0,60,299,1,360,243,0,243,603
01/22/2022,FXE,FL,ASO,ES,Towers with Radar,0,48,95,2,145,0,6,65,0,71,0,54,160,2,216,68,0,68,284
01/23/2022,FXE,FL,ASO,ES,Towers with Radar,0,56,150,1,207,0,4,66,0,70,0,60,216,1,277,21,0,21,298
01/24/2022,FXE,FL,ASO,ES,Towers with Radar,0,41,125,0,166,0,12,244,0,256,0,53,369,0,422,142,0,142,564
01/25/2022,FXE,FL,ASO,ES,Towers with Radar,0,36,133,1,170,0,12,233,0,245,0,48,366,1,415,292,0,292,707
01/26/2022,FXE,FL,ASO,ES,Towers with Radar,0,47,115,0,162,0,4,125,0,129,0,51,240,0,291,113,0,113,404
01/27/2022,FXE,FL,ASO,ES,Towers with Radar,0,54,137,0,191,0,11,163,0,174,0,65,300,0,365,107,0,107,472
01/28/2022,FXE,FL,ASO,ES,Towers with Radar,0,62,139,0,201,0,11,89,0,100,0,73,228,0,301,69,0,69,370
01/29/2022,FXE,FL,ASO,ES,Towers with Radar,0,40,74,1,115,0,9,108,0,117,0,49,182,1,232,56,0,56,288
01/30/2022,FXE,FL,ASO,ES,Towers with Radar,0,52,127,0,179,0,8,229,0,237,0,60,356,0,416,143,0,143,559
01/31/2022,FXE,FL,ASO,ES,Towers with Radar,0,45,133,0,178,0,14,272,0,286,0,59,405,0,464,159,0,159,623
02/01/2022,FXE,FL,ASO,ES,Towers with Radar,0,38,128,0,166,0,13,265,0,278,0,51,393,0,444,192,0,192,636
02/02/2022,FXE,FL,ASO,ES,Towers with Radar,0,52,138,0,190,0,14,174,0,188,0,66,312,0,378,84,0,84,462
02/03/2022,FXE,FL,ASO,ES,Towers with Radar,0,62,131,0,193,0,17,226,1,244,0,79,357,1,437,67,0,67,504
02/04/2022,FXE,FL,ASO,ES,Towers with Radar,0,46,154,0,200,0,14,225,0,239,0,60,379,0,439,122,0,122,561
02/05/2022,FXE,FL,ASO,ES,Towers with Radar,0,51,96,0,147,0,10,216,0,226,0,61,312,0,373,191,0,191,564
02/06/2022,FXE,FL,ASO,ES,Towers with Radar,0,53,136,0,189,0,6,164,0,170,0,59,300,0,359,115,0,115,474
02/07/2022,FXE,FL,ASO,ES,Towers with Radar,1,51,133,3,188,0,16,192,0,208,1,67,325,3,396,186,0,186,582
02/08/2022,FXE,FL,ASO,ES,Towers with Radar,0,40,134,1,175,0,7,154,0,161,0,47,288,1,336,124,0,124,460
02/09/2022,FXE,FL,ASO,ES,Towers with Radar,0,77,127,0,204,0,3,42,0,45,0,80,169,0,249,13,0,13,262
02/10/2022,FXE,FL,ASO,ES,Towers with Radar,1,68,149,2,220,0,14,272,0,286,1,82,421,2,506,111,0,111,617
02/11/2022,FXE,FL,ASO,ES,Towers with Radar,0,59,151,0,210,0,18,240,0,258,0,77,391,0,468,209,0,209,677
02/12/2022,FXE,FL,ASO,ES,Towers with Radar,0,71,114,1,186,0,15,300,0,315,0,86,414,1,501,206,0,206,707
02/13/2022,FXE,FL,ASO,ES,Towers with Radar,0,53,75,0,128,0,3,82,0,85,0,56,157,0,213,70,0,70,283
02/14/2022,FXE,FL,ASO,ES,Towers with Radar,0,49,132,0,181,0,17,276,0,293,0,66,408,0,474,139,0,139,613
02/15/2022,FXE,FL,ASO,ES,Towers with Radar,0,46,121,1,168,0,16,218,0,234,0,62,339,1,402,100,0,100,502
02/16/2022,FXE,FL,ASO,ES,Towers with Radar,0,66,143,3,212,0,11,163,0,174,0,77,306,3,386,72,0,72,458
02/17/2022,FXE,FL,ASO,ES,Towers with Radar,0,81,152,0,233,0,15,228,0,243,0,96,380,0,476,151,0,151,627
02/18/2022,FXE,FL,ASO,ES,Towers with Radar,0,75,163,0,238,0,14,272,1,287,0,89,435,1,525,168,0,168,693
02/19/2022,FXE,FL,ASO,ES,Towers with Radar,0,59,156,0,215,0,10,154,0,164,0,69,310,0,379,55,0,55,434
02/20/2022,FXE,FL,ASO,ES,Towers with Radar,0,64,160,0,224,0,5,235,0,240,0,69,395,0,464,183,0,183,647
02/21/2022,FXE,FL,ASO,ES,Towers with Radar,0,64,185,1,250,0,23,310,0,333,0,87,495,1,583,200,0,200,783
02/22/2022,FXE,FL,ASO,ES,Towers with Radar,0,59,159,0,218,0,16,299,0,315,0,75,458,0,533,145,0,145,678
02/23/2022,FXE,FL,ASO,ES,Towers with Radar,1,61,139,1,202,0,11,240,1,252,1,72,379,2,454,163,0,163,617
02/24/2022,FXE,FL,ASO,ES,Towers with Radar,0,59,167,0,226,0,18,225,0,243,0,77,392,0,469,138,0,138,607
02/25/2022,FXE,FL,ASO,ES,Towers with Radar,0,72,121,0,193,0,19,245,0,264,0,91,366,0,457,175,0,175,632
02/26/2022,FXE,FL,ASO,ES,Towers with Radar,0,56,141,0,197,0,8,240,0,248,0,64,381,0,445,123,0,123,568
02/27/2022,FXE,FL,ASO,ES,Towers with Radar,18,49,135,0,202,0,10,187,0,197,18,59,322,0,399,121,0,121,520
02/28/2022,FXE,FL,ASO,ES,Towers with Radar,0,55,113,0,168,0,7,269,0,276,0,62,382,0,444,68,0,68,512
03/01/2022,FXE,FL,ASO,ES,Towers with Radar,0,63,132,0,195,0,10,144,0,154,0,73,276,0,349,76,0,76,425
03/02/2022,FXE,FL,ASO,ES,Towers with Radar,0,64,128,0,192,0,15,236,0,251,0,79,364,0,443,196,0,196,639
03/03/2022,FXE,FL,ASO,ES,Towers with Radar,0,55,154,0,209,0,12,241,0,253,0,67,395,0,462,125,0,125,587
03/04/2022,FXE,FL,ASO,ES,Towers with Radar,0,65,126,0,191,0,18,253,1,272,0,83,379,1,463,100,0,100,563
03/05/2022,FXE,FL,ASO,ES,Towers with Radar,0,58,107,0,165,0,7,135,0,142,0,65,242,0,307,73,0,73,380
03/06/2022,FXE,FL,ASO,ES,Towers with Radar,0,78,151,0,229,0,4,192,0,196,0,82,343,0,425,108,0,108,533
03/07/2022,FXE,FL,ASO,ES,Towers with Radar,0,51,143,2,196,0,8,165,0,173,0,59,308,2,369,138,0,138,507
03/08/2022,FXE,FL,ASO,ES,Towers with Radar,0,57,142,0,199,0,10,240,0,250,0,67,382,0,449,211,0,211,660
03/09/2022,FXE,FL,ASO,ES,Towers with Radar,0,58,126,0,184,0,15,247,0,262,0,73,373,0,446,205,0,205,651
03/10/2022,FXE,FL,ASO,ES,Towers with Radar,0,70,119,0,189,0,13,161,0,174,0,83,280,0,363,227,0,227,590
03/11/2022,FXE,FL,ASO,ES,Towers with Radar,0,68,141,0,209,0,15,254,0,269,0,83,395,0,478,239,0,239,717
03/12/2022,FXE,FL,ASO,ES,Towers with Radar,0,69,114,0,183,0,19,129,0,148,0,88,243,0,331,64,0,64,395
03/13/2022,FXE,FL,ASO,ES,Towers with Radar,0,61,157,0,218,0,16,250,0,266,0,77,407,0,484,68,0,68,552
03/14/2022,FXE,FL,ASO,ES,Towers with Radar,0,64,149,2,215,0,16,233,2,251,0,80,382,4,466,120,0,120,586
03/15/2022,FXE,FL,ASO,ES,Towers with Radar,0,62,129,0,191,0,7,85,2,94,0,69,214,2,285,23,0,23,308
03/16/2022,FXE,FL,ASO,ES,Towers with Radar,0,61,115,0,176,0,17,209,0,226,0,78,324,0,402,199,0,199,601
03/17/2022,FXE,FL,ASO,ES,Towers with Radar,0,61,150,2,213,0,13,188,0,201,0,74,338,2,414,160,0,160,574
03/18/2022,FXE,FL,ASO,ES,Towers with Radar,0,62,164,0,226,0,23,298,0,321,0,85,462,0,547,120,0,120,667
03/19/2022,FXE,FL,ASO,ES,Towers with Radar,0,81,141,2,224,0,17,234,1,252,0,98,375,3,476,126,0,126,602
03/20/2022,FXE,FL,ASO,ES,Towers with Radar,0,92,158,4,254,0,12,228,0,240,0,104,386,4,494,113,0,113,607
03/21/2022,FXE,FL,ASO,ES,Towers with Radar,0,49,142,0,191,0,10,292,0,302,0,59,434,0,493,135,0,135,628
03/22/2022,FXE,FL,ASO,ES,Towers with Radar,0,60,131,0,191,0,9,252,0,261,0,69,383,0,452,174,0,174,626
03/23/2022,FXE,FL,ASO,ES,Towers with Radar,0,57,104,2,163,0,15,228,1,244,0,72,332,3,407,162,8,170,577
03/24/2022,FXE,FL,ASO,ES,Towers with Radar,0,59,119,0,178,0,14,171,1,186,0,73,290,1,364,64,0,64,428
03/25/2022,FXE,FL,ASO,ES,Towers with Radar,0,66,158,0,224,0,20,207,0,227,0,86,365,0,451,129,0,129,580
03/26/2022,FXE,FL,ASO,ES,Towers with Radar,0,60,128,0,188,0,21,255,0,276,0,81,383,0,464,76,0,76,540
03/27/2022,FXE,FL,ASO,ES,Towers with Radar,0,71,142,0,213,0,10,240,0,250,0,81,382,0,463,165,0,165,628
03/28/2022,FXE,FL,ASO,ES,Towers with Radar,0,50,112,0,162,0,18,266,0,284,0,68,378,0,446,154,0,154,600
03/29/2022,FXE,FL,ASO,ES,Towers with Radar,0,52,109,0,161,0,10,284,1,295,0,62,393,1,456,310,0,310,766
03/30/2022,FXE,FL,ASO,ES,Towers with Radar,0,54,120,0,174,0,16,232,0,248,0,70,352,0,422,91,0,91,513
03/31/2022,FXE,FL,ASO,ES,Towers with Radar,0,67,116,0,183,0,15,196,0,211,0,82,312,0,394,50,0,50,444
04/01/2022,FXE,FL,ASO,ES,Towers with Radar,0,68,140,6,214,0,20,218,0,238,0,88,358,6,452,169,0,169,621
04/02/2022,FXE,FL,ASO,ES,Towers with Radar,0,60,114,0,174,0,11,195,0,206,0,71,309,0,380,38,0,38,418
04/03/2022,FXE,FL,ASO,ES,Towers with Radar,0,66,158,0,224,0,11,166,0,177,0,77,324,0,401,121,0,121,522
04/04/2022,FXE,FL,ASO,ES,Towers with Radar,0,80,103,2,185,0,15,144,0,159,0,95,247,2,344,7,0,7,351
04/05/2022,FXE,FL,ASO,ES,Towers with Radar,0,53,139,0,192,0,12,291,0,303,0,65,430,0,495,8,0,8,503
04/06/2022,FXE,FL,ASO,ES,Towers with Radar,0,48,116,1,165,0,20,248,0,268,0,68,364,1,433,14,0,14,447
04/07/2022,FXE,FL,ASO,ES,Towers with Radar,0,57,133,0,190,0,15,190,0,205,0,72,323,0,395,11,0,11,406
04/08/2022,FXE,FL,ASO,ES,Towers with Radar,0,68,174,0,242,0,16,234,0,250,0,84,408,0,492,9,0,9,501
04/09/2022,FXE,FL,ASO,ES,Towers with Radar,0,65,132,0,197,0,9,214,0,223,0,74,346,0,420,10,0,10,430
04/10/2022,FXE,FL,ASO,ES,Towers with Radar,0,74,141,0,215,0,12,248,0,260,0,86,389,0,475,2,0,2,477
04/11/2022,FXE,FL,ASO,ES,Towers with Radar,0,55,129,3,187,0,17,256,0,273,0,72,385,3,460,166,0,166,626
04/12/2022,FXE,FL,ASO,ES,Towers with Radar,0,47,108,1,156,0,14,286,0,300,0,61,394,1,456,120,0,120,576
04/13/2022,FXE,FL,ASO,ES,Towers with Radar,0,62,158,0,220,0,15,275,0,290,0,77,433,0,510,135,0,135,645
04/14/2022,FXE,FL,ASO,ES,Towers with Radar,0,94,147,2,243,0,18,255,0,273,0,112,402,2,516,143,0,143,659
04/15/2022,FXE,FL,ASO,ES,Towers with Radar,0,72,105,1,178,0,12,146,0,158,0,84,251,1,336,69,0,69,405
04/16/2022,FXE,FL,ASO,ES,Towers with Radar,0,67,111,0,178,0,8,241,0,249,0,75,352,0,427,172,0,172,599
04/17/2022,FXE,FL,ASO,ES,Towers with Radar,0,48,95,1,144,0,4,239,0,243,0,52,334,1,387,138,0,138,525
04/18/2022,FXE,FL,ASO,ES,Towers with Radar,0,68,145,0,213,0,21,213,0,234,0,89,358,0,447,109,0,109,556
04/19/2022,FXE,FL,ASO,ES,Towers with Radar,0,60,125,0,185,0,19,242,0,261,0,79,367,0,446,94,0,94,540
04/20/2022,FXE,FL,ASO,ES,Towers with Radar,0,73,141,1,215,0,17,244,0,261,0,90,385,1,476,187,0,187,663
04/21/2022,FXE,FL,ASO,ES,Towers with Radar,0,71,130,2,203,0,15,235,0,250,0,86,365,2,453,72,0,72,525
04/22/2022,FXE,FL,ASO,ES,Towers with Radar,0,70,112,3,185,0,14,195,0,209,0,84,307,3,394,117,0,117,511
04/23/2022,FXE,FL,ASO,ES,Towers with Radar,0,50,72,0,122,0,155,234,0,389,0,205,306,0,511,46,0,46,557
04/24/2022,FXE,FL,ASO,ES,Towers with Radar,0,84,110,0,194,0,14,207,0,221,0,98,317,0,415,99,0,99,514
04/25/2022,FXE,FL,ASO,ES,Towers with Radar,0,63,131,1,195,0,14,255,1,270,0,77,386,2,465,176,0,176,641
04/26/2022,FXE,FL,ASO,ES,Towers with Radar,0,51,100,0,151,0,11,248,0,259,0,62,348,0,410,154,0,154,564
04/27/2022,FXE,FL,ASO,ES,Towers with Radar,2,48,118,0,168,0,20,267,0,287,2,68,385,0,455,198,0,198,653
04/28/2022,FXE,FL,ASO,ES,Towers with Radar,0,74,117,0,191,0,11,171,0,182,0,85,288,0,373,150,0,150,523
04/29/2022,FXE,FL,ASO,ES,Towers with Radar,0,50,92,0,142,0,16,135,3,154,0,66,227,3,296,158,0,158,454
04/30/2022,FXE,FL,ASO,ES,Towers with Radar,0,57,78,0,135,0,10,99,7,116,0,67,177,7,251,100,0,100,351
05/01/2022,FXE,FL,ASO,ES,Towers with Radar,0,54,113,0,167,0,5,169,0,174,0,59,282,0,341,93,0,93,434
05/02/2022,FXE,FL,ASO,ES,Towers with Radar,1,49,131,1,182,0,16,288,2,306,1,65,419,3,488,154,0,154,642
05/03/2022,FXE,FL,ASO,ES,Towers with Radar,0,61,104,0,165,0,15,202,0,217,0,76,306,0,382,206,0,206,588
05/04/2022,FXE,FL,ASO,ES,Towers with Radar,0,54,139,2,195,0,13,226,2,241,0,67,365,4,436,147,0,147,583
05/05/2022,FXE,FL,ASO,ES,Towers with Radar,0,63,170,0,233,0,17,233,0,250,0,80,403,0,483,106,0,106,589
05/06/2022,FXE,FL,ASO,ES,Towers with Radar,0,88,131,0,219,0,17,240,0,257,0,105,371,0,476,80,0,80,556
05/07/2022,FXE,FL,ASO,ES,Towers with Radar,0,53,92,0,145,0,9,138,0,147,0,62,230,0,292,134,0,134,426
05/08/2022,FXE,FL,ASO,ES,Towers with Radar,0,71,130,0,201,0,2,170,0,172,0,73,300,0,373,174,0,174,547
05/09/2022,FXE,FL,ASO,ES,Towers with Radar,0,67,130,0,197,0,12,230,0,242,0,79,360,0,439,92,0,92,531
05/10/2022,FXE,FL,ASO,ES,Towers with Radar,0,51,117,0,168,0,9,250,0,259,0,60,367,0,427,154,0,154,581
05/11/2022,FXE,FL,ASO,ES,Towers with Radar,0,38,88,0,126,0,18,252,0,270,0,56,340,0,396,192,0,192,588
05/12/2022,FXE,FL,ASO,ES,Towers with Radar,0,66,126,0,192,0,17,192,0,209,0,83,318,0,401,141,0,141,542
05/13/2022,FXE,FL,ASO,ES,Towers with Radar,0,56,132,0,188,0,14,225,0,239,0,70,357,0,427,206,0,206,633
05/14/2022,FXE,FL,ASO,ES,Towers with Radar,1,54,81,0,136,0,8,237,0,245,1,62,318,0,381,101,0,101,482
05/15/2022,FXE,FL,ASO,ES,Towers with Radar,0,63,98,0,161,0,9,171,0,180,0,72,269,0,341,130,0,130,471
05/16/2022,FXE,FL,ASO,ES,Towers with Radar,0,52,121,0,173,0,4,208,0,212,0,56,329,0,385,201,0,201,586
05/17/2022,FXE,FL,ASO,ES,Towers with Radar,0,43,93,0,136,0,9,220,0,229,0,52,313,0,365,116,0,116,481
05/18/2022,FXE,FL,ASO,ES,Towers with Radar,0,57,117,0,174,0,14,248,0,262,0,71,365,0,436,136,0,136,572
05/19/2022,FXE,FL,ASO,ES,Towers with Radar,0,54,114,0,168,0,10,214,0,224,0,64,328,0,392,174,0,174,566
05/20/2022,FXE,FL,ASO,ES,Towers with Radar,0,43,82,0,125,0,13,90,0,103,0,56,172,0,228,86,0,86,314
05/21/2022,FXE,FL,ASO,ES,Towers with Radar,0,54,80,0,134,0,11,190,0,201,0,65,270,0,335,132,0,132,467
05/22/2022,FXE,FL,ASO,ES,Towers with Radar,0,52,94,0,146,0,2,164,0,166,0,54,258,0,312,173,0,173,485
05/23/2022,FXE,FL,ASO,ES,Towers with Radar,0,46,113,0,159,0,17,158,0,175,0,63,271,0,334,92,0,92,426
05/24/2022,FXE,FL,ASO,ES,Towers with Radar,1,43,101,0,145,0,13,59,3,75,1,56,160,3,220,0,0,0,220
05/25/2022,FXE,FL,ASO,ES,Towers with Radar,0,52,106,1,159,0,17,63,1,81,0,69,169,2,240,0,0,0,240
05/26/2022,FXE,FL,ASO,ES,Towers with Radar,0,69,140,0,209,0,23,161,0,184,0,92,301,0,393,16,0,16,409
05/27/2022,FXE,FL,ASO,ES,Towers with Radar,0,61,128,0,189,0,29,241,0,270,0,90,369,0,459,45,0,45,504
05/28/2022,FXE,FL,ASO,ES,Towers with Radar,0,39,85,0,124,0,16,190,1,207,0,55,275,1,331,45,0,45,376
05/29/2022,FXE,FL,ASO,ES,Towers with Radar,0,46,66,0,112,0,8,119,1,128,0,54,185,1,240,28,0,28,268
05/30/2022,FXE,FL,ASO,ES,Towers with Radar,0,58,92,2,152,0,15,184,0,199,0,73,276,2,351,62,0,62,413
05/31/2022,FXE,FL,ASO,ES,Towers with Radar,0,41,134,0,175,0,11,225,1,237,0,52,359,1,412,116,0,116,528
06/01/2022,FXE,FL,ASO,ES,Towers with Radar,0,48,93,0,141,0,14,179,0,193,0,62,272,0,334,117,0,117,451
06/02/2022,FXE,FL,ASO,ES,Towers with Radar,0,50,112,0,162,0,13,153,0,166,0,63,265,0,328,43,0,43,371
06/03/2022,FXE,FL,ASO,ES,Towers with Radar,0,47,78,0,125,0,1,23,0,24,0,48,101,0,149,18,0,18,167
06/04/2022,FXE,FL,ASO,ES,Towers with Radar,0,22,20,0,42,0,1,14,0,15,0,23,34,0,57,13,0,13,70
06/05/2022,FXE,FL,ASO,ES,Towers with Radar,0,55,82,0,137,0,9,214,0,223,0,64,296,0,360,131,0,131,491
06/06/2022,FXE,FL,ASO,ES,Towers with Radar,0,50,99,0,149,0,11,175,0,186,0,61,274,0,335,115,0,115,450
06/07/2022,FXE,FL,ASO,ES,Towers with Radar,0,34,99,0,133,0,15,147,3,165,0,49,246,3,298,262,0,262,560
06/08/2022,FXE,FL,ASO,ES,Towers with Radar,0,55,69,0,124,0,14,215,1,230,0,69,284,1,354,134,0,134,488
06/09/2022,FXE,FL,ASO,ES,Towers with Radar,0,65,114,1,180,0,10,137,0,147,0,75,251,1,327,132,0,132,459
06/10/2022,FXE,FL,ASO,ES,Towers with Radar,0,53,92,1,146,0,11,149,0,160,0,64,241,1,306,119,0,119,425
06/11/2022,FXE,FL,ASO,ES,Towers with Radar,0,54,78,0,132,0,12,140,0,152,0,66,218,0,284,128,0,128,412
06/12/2022,FXE,FL,ASO,ES,Towers with Radar,0,45,69,1,115,0,7,205,0,212,0,52,274,1,327,108,0,108,435
06/13/2022,FXE,FL,ASO,ES,Towers with Radar,0,51,102,0,153,0,13,204,0,217,0,64,306,0,370,145,0,145,515
06/14/2022,FXE,FL,ASO,ES,Towers with Radar,0,37,105,2,144,0,15,234,0,249,0,52,339,2,393,159,0,159,552
06/15/2022,FXE,FL,ASO,ES,Towers with Radar,0,55,101,0,156,0,12,220,0,232,0,67,321,0,388,199,0,199,587
06/16/2022,FXE,FL,ASO,ES,Towers with Radar,0,58,92,0,150,0,12,238,0,250,0,70,330,0,400,104,0,104,504
06/17/2022,FXE,FL,ASO,ES,Towers with Radar,0,47,107,3,157,0,24,231,0,255,0,71,338,3,412,115,0,115,527
06/18/2022,FXE,FL,ASO,ES,Towers with Radar,0,42,90,0,132,0,12,206,0,218,0,54,296,0,350,187,0,187,537
06/19/2022,FXE,FL,ASO,ES,Towers with Radar,0,47,102,0,149,0,9,176,0,185,0,56,278,0,334,122,0,122,456
06/20/2022,FXE,FL,ASO,ES,Towers with Radar,0,49,94,0,143,0,22,150,0,172,0,71,244,0,315,71,0,71,386
06/21/2022,FXE,FL,ASO,ES,Towers with Radar,0,48,91,1,140,0,20,216,0,236,0,68,307,1,376,122,0,122,498
06/22/2022,FXE,FL,ASO,ES,Towers with Radar,0,44,108,2,154,0,14,197,0,211,0,58,305,2,365,139,0,139,504
06/23/2022,FXE,FL,ASO,ES,Towers with Radar,0,57,131,2,190,0,15,230,0,245,0,72,361,2,435,136,0,136,571
06/24/2022,FXE,FL,ASO,ES,Towers with Radar,1,50,98,0,149,0,21,232,0,253,1,71,330,0,402,132,0,132,534
06/25/2022,FXE,FL,ASO,ES,Towers with Radar,0,54,88,0,142,0,11,145,1,157,0,65,233,1,299,107,0,107,406
06/26/2022,FXE,FL,ASO,ES,Towers with Radar,1,47,91,0,139,0,12,193,0,205,1,59,284,0,344,125,0,125,469
06/27/2022,FXE,FL,ASO,ES,Towers with Radar,0,46,116,0,162,0,15,221,0,236,0,61,337,0,398,149,0,149,547
06/28/2022,FXE,FL,ASO,ES,Towers with Radar,0,49,132,0,181,0,19,241,0,260,0,68,373,0,441,99,0,99,540
06/29/2022,FXE,FL,ASO,ES,Towers with Radar,0,43,87,0,130,0,15,191,0,206,0,58,278,0,336,148,0,148,484
06/30/2022,FXE,FL,ASO,ES,Towers with Radar,0,51,108,0,159,0,20,129,0,149,0,71,237,0,308,206,0,206,514
07/01/2022,FXE,FL,ASO,ES,Towers with Radar,0,58,139,0,197,0,22,227,0,249,0,80,366,0,446,92,0,92,538
07/02/2022,FXE,FL,ASO,ES,Towers with Radar,0,37,80,0,117,0,16,192,0,208,0,53,272,0,325,143,0,143,468
07/03/2022,FXE,FL,ASO,ES,Towers with Radar,0,35,74,0,109,0,11,160,0,171,0,46,234,0,280,129,0,129,409
07/04/2022,FXE,FL,ASO,ES,Towers with Radar,0,22,48,0,70,0,6,141,0,147,0,28,189,0,217,154,0,154,371
07/05/2022,FXE,FL,ASO,ES,Towers with Radar,0,44,120,0,164,0,14,237,0,251,0,58,357,0,415,118,0,118,533
07/06/2022,FXE,FL,ASO,ES,Towers with Radar,0,46,102,0,148,0,18,193,0,211,0,64,295,0,359,176,0,176,535
07/07/2022,FXE,FL,ASO,ES,Towers with Radar,0,43,113,2,158,0,19,198,0,217,0,62,311,2,375,98,0,98,473
07/08/2022,FXE,FL,ASO,ES,Towers with Radar,0,45,123,0,168,0,18,221,0,239,0,63,344,0,407,144,0,144,551
07/09/2022,FXE,FL,ASO,ES,Towers with Radar,0,50,85,2,137,0,10,212,0,222,0,60,297,2,359,64,0,64,423
07/10/2022,FXE,FL,ASO,ES,Towers with Radar,0,39,93,0,132,0,11,152,0,163,0,50,245,0,295,119,0,119,414
07/11/2022,FXE,FL,ASO,ES,Towers with Radar,0,53,77,0,130,0,8,163,0,171,0,61,240,0,301,156,0,156,457
07/12/2022,FXE,FL,ASO,ES,Towers with Radar,0,44,96,0,140,0,14,215,0,229,0,58,311,0,369,173,0,173,542
07/13/2022,FXE,FL,ASO,ES,Towers with Radar,0,54,77,2,133,0,18,179,0,197,0,72,256,2,330,205,0,205,535
07/14/2022,FXE,FL,ASO,ES,Towers with Radar,0,56,137,0,193,0,20,201,0,221,0,76,338,0,414,136,0,136,550
07/15/2022,FXE,FL,ASO,ES,Towers with Radar,0,54,90,0,144,0,21,210,0,231,0,75,300,0,375,173,0,173,548
07/16/2022,FXE,FL,ASO,ES,Towers with Radar,0,53,67,0,120,0,13,196,1,210,0,66,263,1,330,195,0,195,525
07/17/2022,FXE,FL,ASO,ES,Towers with Radar,0,53,93,0,146,0,6,135,0,141,0,59,228,0,287,126,0,126,413
07/18/2022,FXE,FL,ASO,ES,Towers with Radar,0,38,63,1,102,0,19,194,0,213,0,57,257,1,315,139,0,139,454
07/19/2022,FXE,FL,ASO,ES,Towers with Radar,0,27,113,0,140,0,10,204,0,214,0,37,317,0,354,185,0,185,539
07/20/2022,FXE,FL,ASO,ES,Towers with Radar,0,46,115,0,161,0,19,240,0,259,0,65,355,0,420,161,0,161,581
07/21/2022,FXE,FL,ASO,ES,Towers with Radar,0,52,97,3,152,0,22,205,1,228,0,74,302,4,380,173,0,173,553
07/22/2022,FXE,FL,ASO,ES,Towers with Radar,0,52,115,0,167,0,20,178,1,199,0,72,293,1,366,116,0,116,482
07/23/2022,FXE,FL,ASO,ES,Towers with Radar,0,32,64,0,96,0,18,212,1,231,0,50,276,1,327,139,0,139,466
07/24/2022,FXE,FL,ASO,ES,Towers with Radar,0,46,81,0,127,0,9,177,0,186,0,55,258,0,313,91,0,91,404
07/25/2022,FXE,FL,ASO,ES,Towers with Radar,0,43,108,0,151,0,13,200,0,213,0,56,308,0,364,87,0,87,451
07/26/2022,FXE,FL,ASO,ES,Towers with Radar,0,45,68,0,113,0,14,79,4,97,0,59,147,4,210,6,0,6,216
07/27/2022,FXE,FL,ASO,ES,Towers with Radar,0,53,99,3,155,0,22,229,0,251,0,75,328,3,406,60,0,60,466
07/28/2022,FXE,FL,ASO,ES,Towers with Radar,0,51,111,0,162,0,19,218,1,238,0,70,329,1,400,25,0,25,425
07/29/2022,FXE,FL,ASO,ES,Towers with Radar,0,51,96,0,147,0,21,184,2,207,0,72,280,2,354,7,0,7,361
07/30/2022,FXE,FL,ASO,ES,Towers with Radar,0,40,84,0,124,0,15,187,0,202,0,55,271,0,326,61,0,61,387
07/31/2022,FXE,FL,ASO,ES,Towers with Radar,0,42,104,0,146,0,7,202,0,209,0,49,306,0,355,83,0,83,438
08/01/2022,FXE,FL,ASO,ES,Towers with Radar,0,51,86,0,137,0,10,221,0,231,0,61,307,0,368,155,0,155,523
08/02/2022,FXE,FL,ASO,ES,Towers with Radar,0,35,89,3,127,0,12,209,3,224,0,47,298,6,351,84,0,84,435
08/03/2022,FXE,FL,ASO,ES,Towers with Radar,0,43,98,0,141,0,17,258,0,275,0,60,356,0,416,16,0,16,432
08/04/2022,FXE,FL,ASO,ES,Towers with Radar,0,42,91,0,133,0,20,229,0,249,0,62,320,0,382,81,0,81,463
08/05/2022,FXE,FL,ASO,ES,Towers with Radar,0,51,101,0,152,0,19,215,0,234,0,70,316,0,386,106,0,106,492
08/06/2022,FXE,FL,ASO,ES,Towers with Radar,0,41,71,0,112,0,9,186,0,195,0,50,257,0,307,84,0,84,391
08/07/2022,FXE,FL,ASO,ES,Towers with Radar,0,46,97,0,143,0,3,138,0,141,0,49,235,0,284,93,0,93,377
08/08/2022,FXE,FL,ASO,ES,Towers with Radar,0,48,99,0,147,0,17,209,0,226,0,65,308,0,373,139,0,139,512
08/09/2022,FXE,FL,ASO,ES,Towers with Radar,0,42,96,0,138,0,8,210,0,218,0,50,306,0,356,123,0,123,479
08/10/2022,FXE,FL,ASO,ES,Towers with Radar,0,38,99,0,137,0,17,216,2,235,0,55,315,2,372,137,0,137,509
08/11/2022,FXE,FL,ASO,ES,Towers with Radar,0,56,98,0,154,0,19,209,0,228,0,75,307,0,382,153,0,153,535
08/12/2022,FXE,FL,ASO,ES,Towers with Radar,0,38,93,0,131,0,17,190,0,207,0,55,283,0,338,186,0,186,524
08/13/2022,FXE,FL,ASO,ES,Towers with Radar,0,37,54,0,91,0,8,164,0,172,0,45,218,0,263,113,0,113,376
08/14/2022,FXE,FL,ASO,ES,Towers with Radar,0,39,80,0,119,0,6,132,0,138,0,45,212,0,257,107,0,107,364
08/15/2022,FXE,FL,ASO,ES,Towers with Radar,0,47,87,0,134,0,17,200,0,217,0,64,287,0,351,96,0,96,447
08/16/2022,FXE,FL,ASO,ES,Towers with Radar,0,39,87,1,127,0,14,170,0,184,0,53,257,1,311,191,0,191,502
08/17/2022,FXE,FL,ASO,ES,Towers with Radar,0,45,92,1,138,0,17,219,0,236,0,62,311,1,374,199,0,199,573
08/18/2022,FXE,FL,ASO,ES,Towers with Radar,0,50,105,3,158,0,20,211,0,231,0,70,316,3,389,164,0,164,553
08/19/2022,FXE,FL,ASO,ES,Towers with Radar,0,38,109,0,147,0,14,249,0,263,0,52,358,0,410,139,0,139,549
08/20/2022,FXE,FL,ASO,ES,Towers with Radar,0,27,85,0,112,0,6,238,0,244,0,33,323,0,356,181,0,181,537
08/21/2022,FXE,FL,ASO,ES,Towers with Radar,0,47,97,0,144,0,5,184,0,189,0,52,281,0,333,137,0,137,470
08/22/2022,FXE,FL,ASO,ES,Towers with Radar,0,25,93,0,118,0,16,200,0,216,0,41,293,0,334,200,0,200,534
08/23/2022,FXE,FL,ASO,ES,Towers with Radar,0,35,83,0,118,0,9,213,0,222,0,44,296,0,340,157,0,157,497
08/24/2022,FXE,FL,ASO,ES,Towers with Radar,0,36,89,0,125,0,13,269,0,282,0,49,358,0,407,112,0,112,519
08/25/2022,FXE,FL,ASO,ES,Towers with Radar,4,39,107,0,150,0,20,187,0,207,4,59,294,0,357,160,0,160,517
08/26/2022,FXE,FL,ASO,ES,Towers with Radar,0,53,96,0,149,0,15,169,0,184,0,68,265,0,333,196,0,196,529
08/27/2022,FXE,FL,ASO,ES,Towers with Radar,0,31,69,0,100,0,9,184,0,193,0,40,253,0,293,133,0,133,426
08/28/2022,FXE,FL,ASO,ES,Towers with Radar,0,29,85,0,114,0,5,158,0,163,0,34,243,0,277,111,0,111,388
08/29/2022,FXE,FL,ASO,ES,Towers with Radar,0,29,98,0,127,0,15,153,0,168,0,44,251,0,295,141,0,141,436
08/30/2022,FXE,FL,ASO,ES,Towers with Radar,0,32,97,0,129,0,17,200,0,217,0,49,297,0,346,180,0,180,526
08/31/2022,FXE,FL,ASO,ES,Towers with Radar,0,35,88,0,123,0,17,166,0,183,0,52,254,0,306,153,0,153,459
09/01/2022,FXE,FL,ASO,ES,Towers with Radar,0,38,104,0,142,0,21,185,0,206,0,59,289,0,348,198,0,198,546
09/02/2022,FXE,FL,ASO,ES,Towers with Radar,0,55,124,0,179,0,26,216,0,242,0,81,340,0,421,119,0,119,540
09/03/2022,FXE,FL,ASO,ES,Towers with Radar,0,26,69,0,95,0,7,172,0,179,0,33,241,0,274,117,0,117,391
09/04/2022,FXE,FL,ASO,ES,Towers with Radar,0,27,55,0,82,0,6,149,0,155,0,33,204,0,237,141,0,141,378
09/05/2022,FXE,FL,ASO,ES,Towers with Radar,0,48,109,0,157,0,21,180,0,201,0,69,289,0,358,176,0,176,534
09/06/2022,FXE,FL,ASO,ES,Towers with Radar,0,25,97,0,122,0,9,194,0,203,0,34,291,0,325,190,0,190,515
09/07/2022,FXE,FL,ASO,ES,Towers with Radar,0,38,92,1,131,0,13,271,0,284,0,51,363,1,415,182,0,182,597
09/08/2022,FXE,FL,ASO,ES,Towers with Radar,0,57,78,0,135,0,20,174,0,194,0,77,252,0,329,156,0,156,485
09/09/2022,FXE,FL,ASO,ES,Towers with Radar,0,43,91,0,134,0,12,118,0,130,0,55,209,0,264,90,0,90,354
09/10/2022,FXE,FL,ASO,ES,Towers with Radar,0,30,69,0,99,0,5,193,0,198,0,35,262,0,297,142,0,142,439
09/11/2022,FXE,FL,ASO,ES,Towers with Radar,0,35,78,0,113,0,7,145,0,152,0,42,223,0,265,105,0,105,370
09/12/2022,FXE,FL,ASO,ES,Towers with Radar,0,36,114,0,150,0,16,200,1,217,0,52,314,1,367,117,0,117,484
09/13/2022,FXE,FL,ASO,ES,Towers with Radar,0,48,101,2,151,0,11,196,0,207,0,59,297,2,358,82,0,82,440
09/14/2022,FXE,FL,ASO,ES,Towers with Radar,0,40,95,0,135,0,14,149,1,164,0,54,244,1,299,209,0,209,508
09/15/2022,FXE,FL,ASO,ES,Towers with Radar,0,44,95,0,139,0,14,147,0,161,0,58,242,0,300,125,0,125,425
09/16/2022,FXE,FL,ASO,ES,Towers with Radar,0,51,97,0,148,0,12,188,0,200,0,63,285,0,348,186,0,186,534
09/17/2022,FXE,FL,ASO,ES,Towers with Radar,0,36,53,0,89,0,6,146,0,152,0,42,199,0,241,182,0,182,423
09/18/2022,FXE,FL,ASO,ES,Towers with Radar,0,48,95,0,143,0,3,97,0,100,0,51,192,0,243,96,0,96,339
09/19/2022,FXE,FL,ASO,ES,Towers with Radar,0,35,102,0,137,0,14,198,0,212,0,49,300,0,349,145,0,145,494
09/20/2022,FXE,FL,ASO,ES,Towers with Radar,0,30,94,0,124,0,16,226,1,243,0,46,320,1,367,208,0,208,575
09/21/2022,FXE,FL,ASO,ES,Towers with Radar,0,32,91,0,123,0,21,198,0,219,0,53,289,0,342,222,0,222,564
09/22/2022,FXE,FL,ASO,ES,Towers with Radar,0,58,77,0,135,0,11,169,0,180,0,69,246,0,315,97,0,97,412
09/23/2022,FXE,FL,ASO,ES,Towers with Radar,0,44,94,0,138,0,24,310,0,334,0,68,404,0,472,75,0,75,547
09/24/2022,FXE,FL,ASO,ES,Towers with Radar,0,35,64,0,99,0,6,137,0,143,0,41,201,0,242,73,0,73,315
09/25/2022,FXE,FL,ASO,ES,Towers with Radar,0,37,85,0,122,0,7,152,0,159,0,44,237,0,281,124,0,124,405
09/26/2022,FXE,FL,ASO,ES,Towers with Radar,0,48,83,1,132,0,15,123,2,140,0,63,206,3,272,94,0,94,366
09/27/2022,FXE,FL,ASO,ES,Towers with Radar,0,35,39,0,74,0,1,11,0,12,0,36,50,0,86,6,0,6,92
09/28/2022,FXE,FL,ASO,ES,Towers with Radar,0,5,7,0,12,0,2,5,0,7,0,7,12,0,19,0,0,0,19
09/29/2022,FXE,FL,ASO,ES,Towers with Radar,0,32,45,0,77,0,9,96,0,105,0,41,141,0,182,38,0,38,220
09/30/2022,FXE,FL,ASO,ES,Towers with Radar,0,42,94,0,136,0,16,179,0,195,0,58,273,0,331,180,0,180,511
10/01/2022,FXE,FL,ASO,ES,Towers with Radar,0,32,78,0,110,0,11,161,0,172,0,43,239,0,282,114,0,114,396
10/02/2022,FXE,FL,ASO,ES,Towers with Radar,0,39,74,0,113,0,6,165,0,171,0,45,239,0,284,145,0,145,429
10/03/2022,FXE,FL,ASO,ES,Towers with Radar,0,45,72,1,118,0,19,189,2,210,0,64,261,3,328,179,0,179,507
10/04/2022,FXE,FL,ASO,ES,Towers with Radar,0,38,115,0,153,0,16,176,0,192,0,54,291,0,345,184,0,184,529
10/05/2022,FXE,FL,ASO,ES,Towers with Radar,0,42,85,0,127,0,18,199,2,219,0,60,284,2,346,201,0,201,547
10/06/2022,FXE,FL,ASO,ES,Towers with Radar,0,58,106,0,164,0,18,244,2,264,0,76,350,2,428,146,0,146,574
10/07/2022,FXE,FL,ASO,ES,Towers with Radar,0,53,115,1,169,0,16,213,3,232,0,69,328,4,401,175,0,175,576
10/08/2022,FXE,FL,ASO,ES,Towers with Radar,0,39,78,0,117,0,11,172,2,185,0,50,250,2,302,66,0,66,368
10/09/2022,FXE,FL,ASO,ES,Towers with Radar,0,41,87,0,128,0,8,79,0,87,0,49,166,0,215,128,0,128,343
10/10/2022,FXE,FL,ASO,ES,Towers with Radar,0,44,105,0,149,0,12,275,2,289,0,56,380,2,438,279,0,279,717
10/11/2022,FXE,FL,ASO,ES,Towers with Radar,0,40,90,0,130,0,15,262,1,278,0,55,352,1,408,242,0,242,650
10/12/2022,FXE,FL,ASO,ES,Towers with Radar,0,38,101,0,139,0,22,232,0,254,0,60,333,0,393,265,0,265,658
10/13/2022,FXE,FL,ASO,ES,Towers with Radar,0,53,75,0,128,0,15,116,0,131,0,68,191,0,259,125,0,125,384
10/14/2022,FXE,FL,ASO,ES,Towers with Radar,0,40,105,0,145,0,18,235,1,254,0,58,340,1,399,171,0,171,570
10/15/2022,FXE,FL,ASO,ES,Towers with Radar,0,53,79,0,132,0,12,166,0,178,0,65,245,0,310,159,0,159,469
10/16/2022,FXE,FL,ASO,ES,Towers with Radar,0,54,109,0,163,0,7,229,0,236,0,61,338,0,399,156,0,156,555
10/17/2022,FXE,FL,ASO,ES,Towers with Radar,0,34,101,0,135,0,17,181,0,198,0,51,282,0,333,192,0,192,525
10/18/2022,FXE,FL,ASO,ES,Towers with Radar,0,34,76,0,110,0,11,231,0,242,0,45,307,0,352,124,0,124,476
10/19/2022,FXE,FL,ASO,ES,Towers with Radar,0,47,106,0,153,0,14,97,0,111,0,61,203,0,264,95,0,95,359
10/20/2022,FXE,FL,ASO,ES,Towers with Radar,0,52,123,0,175,0,19,192,0,211,0,71,315,0,386,138,0,138,524
10/21/2022,FXE,FL,ASO,ES,Towers with Radar,0,55,94,0,149,0,15,227,0,242,0,70,321,0,391,114,0,114,505
10/22/2022,FXE,FL,ASO,ES,Towers with Radar,0,49,92,0,141,0,8,189,0,197,0,57,281,0,338,135,0,135,473
10/23/2022,FXE,FL,ASO,ES,Towers with Radar,0,50,105,0,155,0,12,236,0,248,0,62,341,0,403,188,0,188,591
10/24/2022,FXE,FL,ASO,ES,Towers with Radar,0,33,109,0,142,0,19,208,0,227,0,52,317,0,369,205,0,205,574
10/25/2022,FXE,FL,ASO,ES,Towers with Radar,0,47,100,0,147,0,15,249,0,264,0,62,349,0,411,210,0,210,621
10/26/2022,FXE,FL,ASO,ES,Towers with Radar,0,54,134,0,188,0,20,228,0,248,0,74,362,0,436,198,0,198,634
10/27/2022,FXE,FL,ASO,ES,Towers with Radar,0,44,172,0,216,0,17,242,2,261,0,61,414,2,477,126,0,126,603
10/28/2022,FXE,FL,ASO,ES,Towers with Radar,0,44,147,0,191,0,18,242,0,260,0,62,389,0,451,52,0,52,503
10/29/2022,FXE,FL,ASO,ES,Towers with Radar,0,36,98,0,134,0,9,238,0,247,0,45,336,0,381,167,0,167,548
10/30/2022,FXE,FL,ASO,ES,Towers with Radar,0,53,116,0,169,0,4,195,0,199,0,57,311,0,368,150,0,150,518
10/31/2022,FXE,FL,ASO,ES,Towers with Radar,0,31,114,0,145,0,20,221,0,241,0,51,335,0,386,176,0,176,562
11/01/2022,FXE,FL,ASO,ES,Towers with Radar,1,51,105,0,157,0,15,146,0,161,1,66,251,0,318,73,0,73,391
11/02/2022,FXE,FL,ASO,ES,Towers with Radar,0,36,95,0,131,0,24,193,2,219,0,60,288,2,350,221,0,221,571
11/03/2022,FXE,FL,ASO,ES,Towers with Radar,0,64,129,0,193,0,16,207,0,223,0,80,336,0,416,116,0,116,532
11/04/2022,FXE,FL,ASO,ES,Towers with Radar,0,44,108,0,152,0,25,271,1,297,0,69,379,1,449,220,0,220,669
11/05/2022,FXE,FL,ASO,ES,Towers with Radar,2,39,72,0,113,0,7,199,3,209,2,46,271,3,322,167,0,167,489
11/06/2022,FXE,FL,ASO,ES,Towers with Radar,0,53,101,1,155,0,9,155,0,164,0,62,256,1,319,163,0,163,482
11/07/2022,FXE,FL,ASO,ES,Towers with Radar,0,44,88,0,132,0,13,184,1,198,0,57,272,1,330,87,0,87,417
11/08/2022,FXE,FL,ASO,ES,Towers with Radar,1,50,118,0,169,0,12,112,0,124,1,62,230,0,293,68,0,68,361
11/09/2022,FXE,FL,ASO,ES,Towers with Radar,0,26,33,0,59,0,0,4,0,4,0,26,37,0,63,0,0,0,63
11/10/2022,FXE,FL,ASO,ES,Towers with Radar,0,37,52,0,89,0,11,65,1,77,0,48,117,1,166,74,0,74,240
11/11/2022,FXE,FL,ASO,ES,Towers with Radar,0,59,100,0,159,0,20,212,3,235,0,79,312,3,394,180,0,180,574
11/12/2022,FXE,FL,ASO,ES,Towers with Radar,0,52,96,0,148,0,10,215,0,225,0,62,311,0,373,158,0,158,531
11/13/2022,FXE,FL,ASO,ES,Towers with Radar,0,49,116,0,165,0,9,212,0,221,0,58,328,0,386,258,0,258,644
11/14/2022,FXE,FL,ASO,ES,Towers with Radar,0,49,96,0,145,0,19,236,3,258,0,68,332,3,403,284,0,284,687
11/15/2022,FXE,FL,ASO,ES,Towers with Radar,0,45,128,1,174,0,19,255,2,276,0,64,383,3,450,230,0,230,680
11/16/2022,FXE,FL,ASO,ES,Towers with Radar,0,63,136,0,199,0,24,252,1,277,0,87,388,1,476,198,0,198,674
11/17/2022,FXE,FL,ASO,ES,Towers with Radar,0,69,131,0,200,0,14,153,2,169,0,83,284,2,369,83,0,83,452
11/18/2022,FXE,FL,ASO,ES,Towers with Radar,0,69,124,0,193,0,20,261,0,281,0,89,385,0,474,247,0,247,721
11/19/2022,FXE,FL,ASO,ES,Towers with Radar,0,58,121,0,179,0,14,252,1,267,0,72,373,1,446,152,0,152,598
11/20/2022,FXE,FL,ASO,ES,Towers with Radar,0,63,112,0,175,0,0,16,0,16,0,63,128,0,191,3,0,3,194
11/21/2022,FXE,FL,ASO,ES,Towers with Radar,0,55,110,0,165,0,18,109,1,128,0,73,219,1,293,93,0,93,386
11/22/2022,FXE,FL,ASO,ES,Towers with Radar,0,77,109,2,188,0,16,178,0,194,0,93,287,2,382,222,0,222,604
11/23/2022,FXE,FL,ASO,ES,Towers with Radar,0,65,119,0,184,0,29,156,2,187,0,94,275,2,371,26,0,26,397
11/24/2022,FXE,FL,ASO,ES,Towers with Radar,0,27,48,0,75,0,2,95,0,97,0,29,143,0,172,3,0,3,175
11/25/2022,FXE,FL,ASO,ES,Towers with Radar,0,52,96,0,148,0,19,188,0,207,0,71,284,0,355,105,0,105,460
11/26/2022,FXE,FL,ASO,ES,Towers with Radar,0,62,106,0,168,0,14,188,0,202,0,76,294,0,370,120,0,120,490
11/27/2022,FXE,FL,ASO,ES,Towers with Radar,1,71,125,0,197,0,13,201,0,214,1,84,326,0,411,153,0,153,564
11/28/2022,FXE,FL,ASO,ES,Towers with Radar,0,64,110,0,174,0,24,181,3,208,0,88,291,3,382,190,0,190,572
11/29/2022,FXE,FL,ASO,ES,Towers with Radar,0,58,111,0,169,0,15,190,5,210,0,73,301,5,379,152,0,152,531
11/30/2022,FXE,FL,ASO,ES,Towers with Radar,0,52,108,0,160,0,16,189,2,207,0,68,297,2,367,222,0,222,589
12/01/2022,FXE,FL,ASO,ES,Towers with Radar,0,54,136,0,190,0,15,177,1,193,0,69,313,1,383,58,0,58,441
12/02/2022,FXE,FL,ASO,ES,Towers with Radar,0,55,110,0,165,0,16,222,1,239,0,71,332,1,404,160,0,160,564
12/03/2022,FXE,FL,ASO,ES,Towers with Radar,0,43,103,0,146,0,12,187,1,200,0,55,290,1,346,200,0,200,546
12/04/2022,FXE,FL,ASO,ES,Towers with Radar,0,56,103,0,159,0,6,195,0,201,0,62,298,0,360,159,0,159,519
12/05/2022,FXE,FL,ASO,ES,Towers with Radar,0,50,125,1,176,0,21,204,2,227,0,71,329,3,403,152,0,152,555
12/06/2022,FXE,FL,ASO,ES,Towers with Radar,0,60,109,0,169,0,14,233,0,247,0,74,342,0,416,126,0,126,542
12/07/2022,FXE,FL,ASO,ES,Towers with Radar,0,45,117,0,162,0,24,206,1,231,0,69,323,1,393,94,0,94,487
12/08/2022,FXE,FL,ASO,ES,Towers with Radar,0,41,160,2,203,0,20,221,0,241,0,61,381,2,444,114,0,114,558
12/09/2022,FXE,FL,ASO,ES,Towers with Radar,0,54,93,1,148,0,21,181,3,205,0,75,274,4,353,129,0,129,482
12/10/2022,FXE,FL,ASO,ES,Towers with Radar,0,52,105,0,157,0,9,186,0,195,0,61,291,0,352,140,0,140,492
12/11/2022,FXE,FL,ASO,ES,Towers with Radar,0,43,113,0,156,0,7,172,0,179,0,50,285,0,335,133,0,133,468
12/12/2022,FXE,FL,ASO,ES,Towers with Radar,0,40,126,0,166,0,25,187,4,216,0,65,313,4,382,144,0,144,526
12/13/2022,FXE,FL,ASO,ES,Towers with Radar,0,36,106,0,142,0,17,169,0,186,0,53,275,0,328,139,0,139,467
12/14/2022,FXE,FL,ASO,ES,Towers with Radar,0,51,123,2,176,0,28,176,1,205,0,79,299,3,381,176,0,176,557
12/15/2022,FXE,FL,ASO,ES,Towers with Radar,0,49,129,0,178,0,25,209,0,234,0,74,338,0,412,200,0,200,612
12/16/2022,FXE,FL,ASO,ES,Towers with Radar,0,63,166,0,229,0,12,130,1,143,0,75,296,1,372,54,0,54,426
12/17/2022,FXE,FL,ASO,ES,Towers with Radar,0,46,127,0,173,0,8,115,0,123,0,54,242,0,296,100,0,100,396
12/18/2022,FXE,FL,ASO,ES,Towers with Radar,0,46,108,0,154,0,9,191,1,201,0,55,299,1,355,69,0,69,424
12/19/2022,FXE,FL,ASO,ES,Towers with Radar,4,39,116,0,159,0,24,195,0,219,4,63,311,0,378,9,0,9,387
12/20/2022,FXE,FL,ASO,ES,Towers with Radar,0,47,108,0,155,0,27,165,1,193,0,74,273,1,348,53,0,53,401
12/21/2022,FXE,FL,ASO,ES,Towers with Radar,0,55,128,0,183,0,25,176,0,201,0,80,304,0,384,94,0,94,478
12/22/2022,FXE,FL,ASO,ES,Towers with Radar,0,74,122,0,196,0,29,219,0,248,0,103,341,0,444,121,0,121,565
12/23/2022,FXE,FL,ASO,ES,Towers with Radar,0,73,93,0,166,0,13,169,2,184,0,86,262,2,350,2,0,2,352
12/24/2022,FXE,FL,ASO,ES,Towers with Radar,0,44,56,0,100,0,10,105,0,115,0,54,161,0,215,79,0,79,294
12/25/2022,FXE,FL,ASO,ES,Towers with Radar,4,18,59,0,81,0,0,34,0,34,4,18,93,0,115,2,0,2,117
12/26/2022,FXE,FL,ASO,ES,Towers with Radar,0,80,156,0,236,0,17,102,0,119,0,97,258,0,355,30,0,30,385
12/27/2022,FXE,FL,ASO,ES,Towers with Radar,0,101,160,0,261,0,12,88,0,100,0,113,248,0,361,57,0,57,418
12/28/2022,FXE,FL,ASO,ES,Towers with Radar,0,87,117,0,204,0,26,218,1,245,0,113,335,1,449,33,0,33,482
12/29/2022,FXE,FL,ASO,ES,Towers with Radar,0,79,125,0,204,0,19,211,2,232,0,98,336,2,436,75,0,75,511
12/30/2022,FXE,FL,ASO,ES,Towers with Radar,0,68,123,0,191,0,15,214,1,230,0,83,337,1,421,190,0,190,611
12/31/2022,FXE,FL,ASO,ES,Towers with Radar,0,42,91,0,133,0,21,176,0,197,0,63,267,0,330,59,0,59,389
01/01/2023,FXE,FL,ASO,ES,Towers with Radar,0,53,82,0,135,0,10,108,0,118,0,63,190,0,253,41,0,41,294
01/02/2023,FXE,FL,ASO,ES,Towers with Radar,0,68,185,0,253,0,15,227,2,244,0,83,412,2,497,63,0,63,560
01/03/2023,FXE,FL,ASO,ES,Towers with Radar,0,84,156,0,240,0,10,198,2,210,0,94,354,2,450,126,0,126,576
01/04/2023,FXE,FL,ASO,ES,Towers with Radar,0,70,95,0,165,0,20,194,0,214,0,90,289,0,379,86,0,86,465
01/05/2023,FXE,FL,ASO,ES,Towers with Radar,0,75,107,2,184,0,26,200,2,228,0,101,307,4,412,164,0,164,576
01/06/2023,FXE,FL,ASO,ES,Towers with Radar,0,49,115,0,164,0,23,234,0,257,0,72,349,0,421,88,0,88,509
01/07/2023,FXE,FL,ASO,ES,Towers with Radar,0,66,108,0,174,0,11,229,0,240,0,77,337,0,414,44,0,44,458
01/08/2023,FXE,FL,ASO,ES,Towers with Radar,0,63,140,0,203,0,9,183,0,192,0,72,323,0,395,10,0,10,405
01/09/2023,FXE,FL,ASO,ES,Towers with Radar,0,36,87,0,123,0,20,198,2,220,0,56,285,2,343,108,0,108,451
01/10/2023,FXE,FL,ASO,ES,Towers with Radar,0,41,100,0,141,0,18,244,0,262,0,59,344,0,403,197,0,197,600
01/11/2023,FXE,FL,ASO,ES,Towers with Radar,0,46,96,0,142,0,21,203,2,226,0,67,299,2,368,165,0,165,533
01/12/2023,FXE,FL,ASO,ES,Towers with Radar,1,66,147,0,214,0,23,235,1,259,1,89,382,1,473,211,0,211,684
01/13/2023,FXE,FL,ASO,ES,Towers with Radar,0,64,101,0,165,0,21,174,2,197,0,85,275,2,362,99,0,99,461
01/14/2023,FXE,FL,ASO,ES,Towers with Radar,0,45,79,0,124,0,9,154,2,165,0,54,233,2,289,22,0,22,311
01/15/2023,FXE,FL,ASO,ES,Towers with Radar,0,47,104,0,151,0,9,208,2,219,0,56,312,2,370,151,0,151,521
01/16/2023,FXE,FL,ASO,ES,Towers with Radar,0,62,145,0,207,0,26,219,11,256,0,88,364,11,463,156,0,156,619
01/17/2023,FXE,FL,ASO,ES,Towers with Radar,0,43,136,0,179,0,19,228,13,260,0,62,364,13,439,205,0,205,644
01/18/2023,FXE,FL,ASO,ES,Towers with Radar,0,50,122,0,172,0,20,219,11,250,0,70,341,11,422,160,0,160,582
01/19/2023,FXE,FL,ASO,ES,Towers with Radar,0,68,110,0,178,0,19,290,4,313,0,87,400,4,491,149,0,149,640
01/20/2023,FXE,FL,ASO,ES,Towers with Radar,0,72,133,0,205,0,14,219,4,237,0,86,352,4,442,211,0,211,653
01/21/2023,FXE,FL,ASO,ES,Towers with Radar,0,46,101,0,147,0,13,214,1,228,0,59,315,1,375,255,0,255,630
01/22/2023,FXE,FL,ASO,ES,Towers with Radar,0,54,100,0,154,0,7,175,1,183,0,61,275,1,337,120,0,120,457
01/23/2023,FXE,FL,ASO,ES,Towers with Radar,0,37,96,0,133,0,16,170,0,186,0,53,266,0,319,188,0,188,507
01/24/2023,FXE,FL,ASO,ES,Towers with Radar,0,44,112,0,156,0,19,231,0,250,0,63,343,0,406,193,0,193,599
01/25/2023,FXE,FL,ASO,ES,Towers with Radar,0,55,94,1,150,0,15,263,2,280,0,70,357,3,430,259,0,259,689
01/26/2023,FXE,FL,ASO,ES,Towers with Radar,0,51,128,0,179,0,11,188,1,200,0,62,316,1,379,150,0,150,529
01/27/2023,FXE,FL,ASO,ES,Towers with Radar,0,61,109,1,171,0,8,210,1,219,0,69,319,2,390,174,0,174,564
01/28/2023,FXE,FL,ASO,ES,Towers with Radar,0,61,102,0,163,0,7,339,0,346,0,68,441,0,509,20,0,20,529
01/29/2023,FXE,FL,ASO,ES,Towers with Radar,0,43,138,1,182,0,6,177,0,183,0,49,315,1,365,119,0,119,484
01/30/2023,FXE,FL,ASO,ES,Towers with Radar,0,48,127,0,175,0,18,177,0,195,0,66,304,0,370,228,0,228,598
01/31/2023,FXE,FL,ASO,ES,Towers with Radar,0,32,97,2,131,0,18,255,2,275,0,50,352,4,406,276,0,276,682
02/01/2023,FXE,FL,ASO,ES,Towers with Radar,0,43,132,0,175,0,22,213,1,236,0,65,345,1,411,175,0,175,586
02/02/2023,FXE,FL,ASO,ES,Towers with Radar,1,50,117,1,169,0,15,276,1,292,1,65,393,2,461,206,0,206,667
02/03/2023,FXE,FL,ASO,ES,Towers with Radar,0,59,127,0,186,0,17,216,2,235,0,76,343,2,421,224,0,224,645
02/04/2023,FXE,FL,ASO,ES,Towers with Radar,0,51,71,0,122,0,6,39,0,45,0,57,110,0,167,66,0,66,233
02/05/2023,FXE,FL,ASO,ES,Towers with Radar,0,44,101,2,147,0,3,53,0,56,0,47,154,2,203,39,0,39,242
02/06/2023,FXE,FL,ASO,ES,Towers with Radar,0,47,120,0,167,0,20,253,2,275,0,67,373,2,442,200,0,200,642
02/07/2023,FXE,FL,ASO,ES,Towers with Radar,0,34,87,0,121,0,21,247,0,268,0,55,334,0,389,292,0,292,681
02/08/2023,FXE,FL,ASO,ES,Towers with Radar,0,60,113,0,173,0,19,211,1,231,0,79,324,1,404,230,0,230,634
02/09/2023,FXE,FL,ASO,ES,Towers with Radar,0,51,134,0,185,0,12,210,0,222,0,63,344,0,407,277,0,277,684
02/10/2023,FXE,FL,ASO,ES,Towers with Radar,0,74,135,0,209,0,20,224,1,245,0,94,359,1,454,103,0,103,557
02/11/2023,FXE,FL,ASO,ES,Towers with Radar,0,48,92,0,140,0,3,203,0,206,0,51,295,0,346,157,0,157,503
02/12/2023,FXE,FL,ASO,ES,Towers with Radar,0,44,81,0,125,0,8,125,1,134,0,52,206,1,259,96,0,96,355
02/13/2023,FXE,FL,ASO,ES,Towers with Radar,0,57,116,1,174,0,20,243,0,263,0,77,359,1,437,180,0,180,617
02/14/2023,FXE,FL,ASO,ES,Towers with Radar,0,41,94,0,135,0,15,275,0,290,0,56,369,0,425,226,0,226,651
02/15/2023,FXE,FL,ASO,ES,Towers with Radar,0,47,151,2,200,0,26,215,0,241,0,73,366,2,441,238,0,238,679
02/16/2023,FXE,FL,ASO,ES,Towers with Radar,0,70,145,0,215,0,18,252,0,270,0,88,397,0,485,167,0,167,652
02/17/2023,FXE,FL,ASO,ES,Towers with Radar,0,68,176,0,244,0,15,211,1,227,0,83,387,1,471,269,0,269,740
02/18/2023,FXE,FL,ASO,ES,Towers with Radar,0,62,100,0,162,0,4,180,0,184,0,66,280,0,346,109,0,109,455
02/19/2023,FXE,FL,ASO,ES,Towers with Radar,4,43,111,0,158,0,7,208,0,215,4,50,319,0,373,156,0,156,529
02/20/2023,FXE,FL,ASO,ES,Towers with Radar,0,61,141,0,202,0,18,208,1,227,0,79,349,1,429,182,0,182,611
02/21/2023,FXE,FL,ASO,ES,Towers with Radar,0,56,110,0,166,0,14,219,2,235,0,70,329,2,401,208,0,208,609
02/22/2023,FXE,FL,ASO,ES,Towers with Radar,0,67,111,0,178,0,30,232,0,262,0,97,343,0,440,222,0,222,662
02/23/2023,FXE,FL,ASO,ES,Towers with Radar,0,57,122,0,179,0,14,244,0,258,0,71,366,0,437,228,0,228,665
02/24/2023,FXE,FL,ASO,ES,Towers with Radar,2,59,156,0,217,0,17,261,1,279,2,76,417,1,496,138,0,138,634
02/25/2023,FXE,FL,ASO,ES,Towers with Radar,0,52,109,1,162,0,14,204,0,218,0,66,313,1,380,154,0,154,534
02/26/2023,FXE,FL,ASO,ES,Towers with Radar,0,71,135,1,207,0,11,217,0,228,0,82,352,1,435,129,0,129,564
02/27/2023,FXE,FL,ASO,ES,Towers with Radar,0,51,117,1,169,0,20,167,0,187,0,71,284,1,356,171,0,171,527
02/28/2023,FXE,FL,ASO,ES,Towers with Radar,0,46,106,4,156,0,16,170,0,186,0,62,276,4,342,140,0,140,482
03/01/2023,FXE,FL,ASO,ES,Towers with Radar,0,75,112,0,187,0,20,229,1,250,0,95,341,1,437,220,0,220,657
03/02/2023,FXE,FL,ASO,ES,Towers with Radar,0,57,119,0,176,0,30,227,0,257,0,87,346,0,433,166,0,166,599
03/03/2023,FXE,FL,ASO,ES,Towers with Radar,0,56,95,1,152,0,30,182,0,212,0,86,277,1,364,112,0,112,476
03/04/2023,FXE,FL,ASO,ES,Towers with Radar,0,69,114,0,183,0,22,196,0,218,0,91,310,0,401,147,0,147,548
03/05/2023,FXE,FL,ASO,ES,Towers with Radar,0,73,117,0,190,0,13,235,0,248,0,86,352,0,438,134,0,134,572
03/06/2023,FXE,FL,ASO,ES,Towers with Radar,0,62,111,2,175,0,33,255,2,290,0,95,366,4,465,194,0,194,659
03/07/2023,FXE,FL,ASO,ES,Towers with Radar,0,58,110,0,168,0,18,273,0,291,0,76,383,0,459,138,0,138,597
03/08/2023,FXE,FL,ASO,ES,Towers with Radar,0,67,146,0,213,0,18,285,0,303,0,85,431,0,516,150,0,150,666
03/09/2023,FXE,FL,ASO,ES,Towers with Radar,0,64,137,0,201,0,27,260,0,287,0,91,397,0,488,142,0,142,630
03/10/2023,FXE,FL,ASO,ES,Towers with Radar,0,68,108,0,176,0,31,213,0,244,0,99,321,0,420,203,0,203,623
03/11/2023,FXE,FL,ASO,ES,Towers with Radar,0,68,142,0,210,0,21,260,0,281,0,89,402,0,491,135,0,135,626
03/12/2023,FXE,FL,ASO,ES,Towers with Radar,0,72,111,0,183,0,32,206,0,238,0,104,317,0,421,121,0,121,542
03/13/2023,FXE,FL,ASO,ES,Towers with Radar,0,50,102,0,152,0,21,214,0,235,0,71,316,0,387,124,0,124,511
03/14/2023,FXE,FL,ASO,ES,Towers with Radar,0,51,101,0,152,0,20,200,1,221,0,71,301,1,373,243,0,243,616
03/15/2023,FXE,FL,ASO,ES,Towers with Radar,0,62,111,0,173,0,16,186,0,202,0,78,297,0,375,162,0,162,537
03/16/2023,FXE,FL,ASO,ES,Towers with Radar,0,58,125,0,183,0,33,267,1,301,0,91,392,1,484,145,0,145,629
03/17/2023,FXE,FL,ASO,ES,Towers with Radar,0,69,141,0,210,0,33,261,0,294,0,102,402,0,504,125,0,125,629
03/18/2023,FXE,FL,ASO,ES,Towers with Radar,0,82,128,0,210,0,15,207,0,222,0,97,335,0,432,69,0,69,501
03/19/2023,FXE,FL,ASO,ES,Towers with Radar,0,88,108,0,196,0,35,114,1,150,0,123,222,1,346,17,0,17,363
03/20/2023,FXE,FL,ASO,ES,Towers with Radar,0,68,130,0,198,0,16,234,1,251,0,84,364,1,449,153,0,153,602
03/21/2023,FXE,FL,ASO,ES,Towers with Radar,0,44,108,0,152,0,29,250,0,279,0,73,358,0,431,152,0,152,583
03/22/2023,FXE,FL,ASO,ES,Towers with Radar,0,61,133,1,195,0,19,306,1,326,0,80,439,2,521,171,0,171,692
03/23/2023,FXE,FL,ASO,ES,Towers with Radar,0,73,110,0,183,0,27,253,0,280,0,100,363,0,463,170,0,170,633
03/24/2023,FXE,FL,ASO,ES,Towers with Radar,0,70,125,1,196,0,31,231,0,262,0,101,356,1,458,159,0,159,617
03/25/2023,FXE,FL,ASO,ES,Towers with Radar,0,80,112,0,192,0,14,228,0,242,0,94,340,0,434,211,0,211,645
03/26/2023,FXE,FL,ASO,ES,Towers with Radar,0,81,110,0,191,0,15,224,2,241,0,96,334,2,432,114,0,114,546
03/27/2023,FXE,FL,ASO,ES,Towers with Radar,0,52,103,0,155,0,16,200,1,217,0,68,303,1,372,143,0,143,515
03/28/2023,FXE,FL,ASO,ES,Towers with Radar,0,66,105,0,171,0,20,194,0,214,0,86,299,0,385,168,0,168,553
03/29/2023,FXE,FL,ASO,ES,Towers with Radar,0,57,115,0,172,0,19,200,1,220,0,76,315,1,392,137,0,137,529
03/30/2023,FXE,FL,ASO,ES,Towers with Radar,0,59,124,0,183,0,18,239,0,257,0,77,363,0,440,182,0,182,622
03/31/2023,FXE,FL,ASO,ES,Towers with Radar,0,94,140,0,234,0,14,314,1,329,0,108,454,1,563,93,0,93,656
04/01/2023,FXE,FL,ASO,ES,Towers with Radar,0,58,120,0,178,0,17,198,0,215,0,75,318,0,393,38,0,38,431
04/02/2023,FXE,FL,ASO,ES,Towers with Radar,0,60,122,0,182,0,10,202,0,212,0,70,324,0,394,114,0,114,508
04/03/2023,FXE,FL,ASO,ES,Towers with Radar,0,64,121,0,185,0,17,210,0,227,0,81,331,0,412,149,0,149,561
04/04/2023,FXE,FL,ASO,ES,Towers with Radar,0,57,123,0,180,0,11,204,0,215,0,68,327,0,395,306,0,306,701
04/05/2023,FXE,FL,ASO,ES,Towers with Radar,0,52,119,2,173,0,23,260,0,283,0,75,379,2,456,289,0,289,745
04/06/2023,FXE,FL,ASO,ES,Towers with Radar,0,69,124,0,193,0,26,264,0,290,0,95,388,0,483,202,0,202,685
04/07/2023,FXE,FL,ASO,ES,Towers with Radar,0,67,142,0,209,0,23,250,2,275,0,90,392,2,484,119,0,119,603
04/08/2023,FXE,FL,ASO,ES,Towers with Radar,0,62,112,0,174,0,18,228,0,246,0,80,340,0,420,107,0,107,527
04/09/2023,FXE,FL,ASO,ES,Towers with Radar,0,55,87,0,142,0,5,118,2,125,0,60,205,2,267,98,0,98,365
04/10/2023,FXE,FL,ASO,ES,Towers with Radar,0,98,109,2,209,0,9,29,0,38,0,107,138,2,247,5,0,5,252
04/11/2023,FXE,FL,ASO,ES,Towers with Radar,1,46,94,0,141,0,15,100,0,115,1,61,194,0,256,57,0,57,313
04/12/2023,FXE,FL,ASO,ES,Towers with Radar,0,83,87,4,174,0,1,12,0,13,0,84,99,4,187,0,0,0,187
04/13/2023,FXE,FL,ASO,ES,Towers with Radar,1,108,173,0,282,0,13,132,1,146,1,121,305,1,428,44,0,44,472
04/14/2023,FXE,FL,ASO,ES,Towers with Radar,0,87,188,0,275,0,21,252,1,274,0,108,440,1,549,81,0,81,630
04/15/2023,FXE,FL,ASO,ES,Towers with Radar,0,79,128,0,207,0,33,243,2,278,0,112,371,2,485,60,0,60,545
04/16/2023,FXE,FL,ASO,ES,Towers with Radar,0,75,124,0,199,0,15,141,0,156,0,90,265,0,355,160,0,160,515
04/17/2023,FXE,FL,ASO,ES,Towers with Radar,1,60,118,0,179,0,15,114,0,129,1,75,232,0,308,123,0,123,431
04/18/2023,FXE,FL,ASO,ES,Towers with Radar,0,61,122,0,183,0,21,280,0,301,0,82,402,0,484,95,0,95,579
04/19/2023,FXE,FL,ASO,ES,Towers with Radar,0,66,120,0,186,0,22,273,0,295,0,88,393,0,481,186,0,186,667
04/20/2023,FXE,FL,ASO,ES,Towers with Radar,0,76,132,0,208,0,17,246,0,263,0,93,378,0,471,177,0,177,648
04/21/2023,FXE,FL,ASO,ES,Towers with Radar,0,77,114,0,191,0,24,249,2,275,0,101,363,2,466,207,0,207,673
04/22/2023,FXE,FL,ASO,ES,Towers with Radar,0,52,94,0,146,0,14,218,2,234,0,66,312,2,380,181,0,181,561
04/23/2023,FXE,FL,ASO,ES,Towers with Radar,0,76,113,0,189,0,17,206,0,223,0,93,319,0,412,140,0,140,552
04/24/2023,FXE,FL,ASO,ES,Towers with Radar,0,46,90,0,136,0,23,137,0,160,0,69,227,0,296,157,0,157,453
04/25/2023,FXE,FL,ASO,ES,Towers with Radar,0,55,93,0,148,0,16,242,2,260,0,71,335,2,408,116,0,116,524
04/26/2023,FXE,FL,ASO,ES,Towers with Radar,0,76,112,0,188,0,25,199,1,225,0,101,311,1,413,209,0,209,622
04/27/2023,FXE,FL,ASO,ES,Towers with Radar,0,70,102,0,172,0,17,185,6,208,0,87,287,6,380,110,0,110,490
04/28/2023,FXE,FL,ASO,ES,Towers with Radar,0,66,93,0,159,0,17,191,4,212,0,83,284,4,371,100,0,100,471
04/29/2023,FXE,FL,ASO,ES,Towers with Radar,0,49,57,0,106,0,16,109,1,126,0,65,166,1,232,128,0,128,360
04/30/2023,FXE,FL,ASO,ES,Towers with Radar,0,46,82,0,128,0,6,74,2,82,0,52,156,2,210,41,0,41,251
05/01/2023,FXE,FL,ASO,ES,Towers with Radar,0,61,134,3,198,0,30,250,1,281,0,91,384,4,479,182,0,182,661
05/02/2023,FXE,FL,ASO,ES,Towers with Radar,0,53,97,1,151,0,25,236,1,262,0,78,333,2,413,142,0,142,555
05/03/2023,FXE,FL,ASO,ES,Towers with Radar,1,70,99,0,170,0,27,273,0,300,1,97,372,0,470,112,0,112,582
05/04/2023,FXE,FL,ASO,ES,Towers with Radar,0,71,130,0,201,0,24,248,0,272,0,95,378,0,473,189,0,189,662
05/05/2023,FXE,FL,ASO,ES,Towers with Radar,0,87,119,1,207,0,22,248,0,270,0,109,367,1,477,231,0,231,708
05/06/2023,FXE,FL,ASO,ES,Towers with Radar,4,51,94,0,149,0,14,240,0,254,4,65,334,0,403,174,0,174,577
05/07/2023,FXE,FL,ASO,ES,Towers with Radar,0,94,106,0,200,0,13,162,0,175,0,107,268,0,375,167,0,167,542
05/08/2023,FXE,FL,ASO,ES,Towers with Radar,0,64,148,1,213,0,22,212,1,235,0,86,360,2,448,194,0,194,642
05/09/2023,FXE,FL,ASO,ES,Towers with Radar,0,49,105,0,154,0,20,240,0,260,0,69,345,0,414,189,0,189,603
05/10/2023,FXE,FL,ASO,ES,Towers with Radar,0,59,135,0,194,0,20,232,0,252,0,79,367,0,446,226,0,226,672
05/11/2023,FXE,FL,ASO,ES,Towers with Radar,0,74,118,0,192,0,21,247,2,270,0,95,365,2,462,163,0,163,625
05/12/2023,FXE,FL,ASO,ES,Towers with Radar,0,55,116,0,171,0,19,289,2,310,0,74,405,2,481,172,0,172,653
05/13/2023,FXE,FL,ASO,ES,Towers with Radar,0,49,85,1,135,0,10,189,2,201,0,59,274,3,336,138,0,138,474
05/14/2023,FXE,FL,ASO,ES,Towers with Radar,0,45,83,0,128,0,8,186,2,196,0,53,269,2,324,179,0,179,503
05/15/2023,FXE,FL,ASO,ES,Towers with Radar,0,62,110,1,173,0,12,238,0,250,0,74,348,1,423,180,0,180,603
05/16/2023,FXE,FL,ASO,ES,Towers with Radar,0,57,111,0,168,0,18,278,0,296,0,75,389,0,464,148,0,148,612
05/17/2023,FXE,FL,ASO,ES,Towers with Radar,0,61,98,0,159,0,28,212,0,240,0,89,310,0,399,182,0,182,581
05/18/2023,FXE,FL,ASO,ES,Towers with Radar,0,75,103,0,178,0,20,237,0,257,0,95,340,0,435,217,0,217,652
05/19/2023,FXE,FL,ASO,ES,Towers with Radar,0,63,119,0,182,0,24,216,0,240,0,87,335,0,422,215,0,215,637
05/20/2023,FXE,FL,ASO,ES,Towers with Radar,0,45,73,0,118,0,10,249,1,260,0,55,322,1,378,205,0,205,583
05/21/2023,FXE,FL,ASO,ES,Towers with Radar,0,64,115,0,179,0,24,185,0,209,0,88,300,0,388,99,0,99,487
05/22/2023,FXE,FL,ASO,ES,Towers with Radar,0,54,88,0,142,0,23,236,0,259,0,77,324,0,401,244,0,244,645
05/23/2023,FXE,FL,ASO,ES,Towers with Radar,0,56,122,0,178,0,17,160,0,177,0,73,282,0,355,162,0,162,517
05/24/2023,FXE,FL,ASO,ES,Towers with Radar,0,81,89,0,170,0,25,169,0,194,0,106,258,0,364,116,0,116,480
05/25/2023,FXE,FL,ASO,ES,Towers with Radar,0,73,119,0,192,0,20,183,0,203,0,93,302,0,395,110,0,110,505
05/26/2023,FXE,FL,ASO,ES,Towers with Radar,0,83,119,0,202,0,26,206,0,232,0,109,325,0,434,231,0,231,665
05/27/2023,FXE,FL,ASO,ES,Towers with Radar,0,57,83,0,140,0,4,248,1,253,0,61,331,1,393,183,0,183,576
05/28/2023,FXE,FL,ASO,ES,Towers with Radar,0,51,74,0,125,0,8,186,1,195,0,59,260,1,320,86,0,86,406
05/29/2023,FXE,FL,ASO,ES,Towers with Radar,0,66,117,0,183,0,26,211,2,239,0,92,328,2,422,25,0,25,447
05/30/2023,FXE,FL,ASO,ES,Towers with Radar,0,55,120,1,176,0,23,225,2,250,0,78,345,3,426,155,0,155,581
05/31/2023,FXE,FL,ASO,ES,Towers with Radar,0,63,89,0,152,0,17,200,1,218,0,80,289,1,370,180,0,180,550
06/01/2023,FXE,FL,ASO,ES,Towers with Radar,0,57,97,0,154,0,15,223,1,239,0,72,320,1,393,214,0,214,607
06/02/2023,FXE,FL,ASO,ES,Towers with Radar,0,64,101,0,165,0,15,210,2,227,0,79,311,2,392,76,0,76,468
06/03/2023,FXE,FL,ASO,ES,Towers with Radar,0,59,79,0,138,0,9,184,2,195,0,68,263,2,333,126,0,126,459
06/04/2023,FXE,FL,ASO,ES,Towers with Radar,0,55,68,0,123,0,8,133,4,145,0,63,201,4,268,137,0,137,405
06/05/2023,FXE,FL,ASO,ES,Towers with Radar,0,59,89,0,148,0,19,254,3,276,0,78,343,3,424,209,0,209,633
06/06/2023,FXE,FL,ASO,ES,Towers with Radar,0,55,88,0,143,0,17,220,4,241,0,72,308,4,384,245,0,245,629
06/07/2023,FXE,FL,ASO,ES,Towers with Radar,0,63,92,0,155,0,17,230,3,250,0,80,322,3,405,222,0,222,627
06/08/2023,FXE,FL,ASO,ES,Towers with Radar,0,54,78,0,132,0,10,222,2,234,0,64,300,2,366,165,0,165,531
06/09/2023,FXE,FL,ASO,ES,Towers with Radar,0,63,93,0,156,0,16,206,2,224,0,79,299,2,380,121,0,121,501
06/10/2023,FXE,FL,ASO,ES,Towers with Radar,1,56,71,0,128,0,16,248,0,264,1,72,319,0,392,145,0,145,537
06/11/2023,FXE,FL,ASO,ES,Towers with Radar,0,49,94,0,143,0,11,161,0,172,0,60,255,0,315,154,0,154,469
06/12/2023,FXE,FL,ASO,ES,Towers with Radar,0,56,89,0,145,0,22,203,0,225,0,78,292,0,370,210,0,210,580
06/13/2023,FXE,FL,ASO,ES,Towers with Radar,0,49,92,1,142,0,18,162,0,180,0,67,254,1,322,158,0,158,480
06/14/2023,FXE,FL,ASO,ES,Towers with Radar,0,46,100,1,147,0,24,240,1,265,0,70,340,2,412,190,0,190,602
06/15/2023,FXE,FL,ASO,ES,Towers with Radar,0,67,117,2,186,0,21,363,0,384,0,88,480,2,570,291,0,291,861
06/16/2023,FXE,FL,ASO,ES,Towers with Radar,0,56,98,0,154,0,19,265,0,284,0,75,363,0,438,155,0,155,593
06/17/2023,FXE,FL,ASO,ES,Towers with Radar,0,41,74,0,115,0,21,177,0,198,0,62,251,0,313,128,0,128,441
06/18/2023,FXE,FL,ASO,ES,Towers with Radar,0,43,81,0,124,0,7,122,0,129,0,50,203,0,253,90,0,90,343
06/19/2023,FXE,FL,ASO,ES,Towers with Radar,0,39,81,0,120,0,21,199,2,222,0,60,280,2,342,119,0,119,461
06/20/2023,FXE,FL,ASO,ES,Towers with Radar,0,53,94,0,147,0,16,198,0,214,0,69,292,0,361,64,0,64,425
06/21/2023,FXE,FL,ASO,ES,Towers with Radar,0,56,105,3,164,0,25,267,0,292,0,81,372,3,456,242,0,242,698
06/22/2023,FXE,FL,ASO,ES,Towers with Radar,0,63,83,0,146,0,12,214,0,226,0,75,297,0,372,175,0,175,547
06/23/2023,FXE,FL,ASO,ES,Towers with Radar,0,58,89,0,147,0,15,216,0,231,0,73,305,0,378,180,0,180,558
06/24/2023,FXE,FL,ASO,ES,Towers with Radar,0,71,80,0,151,0,10,200,0,210,0,81,280,0,361,173,0,173,534
06/25/2023,FXE,FL,ASO,ES,Towers with Radar,0,48,82,0,130,0,10,146,0,156,0,58,228,0,286,171,0,171,457
06/26/2023,FXE,FL,ASO,ES,Towers with Radar,0,51,89,1,141,0,23,226,1,250,0,74,315,2,391,240,0,240,631
06/27/2023,FXE,FL,ASO,ES,Towers with Radar,0,61,89,2,152,0,22,257,0,279,0,83,346,2,431,250,0,250,681
06/28/2023,FXE,FL,ASO,ES,Towers with Radar,0,48,100,1,149,0,21,221,0,242,0,69,321,1,391,251,0,251,642
06/29/2023,FXE,FL,ASO,ES,Towers with Radar,1,72,119,0,192,0,27,254,0,281,1,99,373,0,473,194,0,194,667
06/30/2023,FXE,FL,ASO,ES,Towers with Radar,0,87,134,0,221,0,24,254,0,278,0,111,388,0,499,225,0,225,724
07/01/2023,FXE,FL,ASO,ES,Towers with Radar,0,70,72,0,142,0,14,198,0,212,0,84,270,0,354,140,0,140,494
07/02/2023,FXE,FL,ASO,ES,Towers with Radar,1,59,75,0,135,0,8,162,0,170,1,67,237,0,305,187,0,187,492
07/03/2023,FXE,FL,ASO,ES,Towers with Radar,0,46,84,0,130,0,21,201,0,222,0,67,285,0,352,198,0,198,550
07/04/2023,FXE,FL,ASO,ES,Towers with Radar,0,37,68,0,105,0,8,162,2,172,0,45,230,2,277,117,10,127,404
07/05/2023,FXE,FL,ASO,ES,Towers with Radar,0,46,94,0,140,0,24,215,1,240,0,70,309,1,380,324,0,324,704
07/06/2023,FXE,FL,ASO,ES,Towers with Radar,0,50,103,0,153,0,20,252,2,274,0,70,355,2,427,232,0,232,659
07/07/2023,FXE,FL,ASO,ES,Towers with Radar,1,44,89,0,134,0,21,189,0,210,1,65,278,0,344,130,0,130,474
07/08/2023,FXE,FL,ASO,ES,Towers with Radar,0,44,67,0,111,0,9,203,2,214,0,53,270,2,325,182,0,182,507
07/09/2023,FXE,FL,ASO,ES,Towers with Radar,0,55,94,0,149,0,21,184,1,206,0,76,278,1,355,171,0,171,526
07/10/2023,FXE,FL,ASO,ES,Towers with Radar,0,52,85,1,138,0,8,219,2,229,0,60,304,3,367,202,0,202,569
07/11/2023,FXE,FL,ASO,ES,Towers with Radar,0,52,109,0,161,0,15,259,3,277,0,67,368,3,438,119,0,119,557
07/12/2023,FXE,FL,ASO,ES,Towers with Radar,0,48,111,0,159,0,18,286,0,304,0,66,397,0,463,216,0,216,679
07/13/2023,FXE,FL,ASO,ES,Towers with Radar,0,66,91,0,157,0,21,207,0,228,0,87,298,0,385,219,0,219,604
07/14/2023,FXE,FL,ASO,ES,Towers with Radar,0,49,111,1,161,0,22,229,1,252,0,71,340,2,413,115,0,115,528
07/15/2023,FXE,FL,ASO,ES,Towers with Radar,0,55,73,0,128,0,13,183,0,196,0,68,256,0,324,103,0,103,427
07/16/2023,FXE,FL,ASO,ES,Towers with Radar,0,51,80,0,131,0,13,182,0,195,0,64,262,0,326,129,0,129,455
07/17/2023,FXE,FL,ASO,ES,Towers with Radar,0,52,83,0,135,0,8,135,0,143,0,60,218,0,278,80,0,80,358
07/18/2023,FXE,FL,ASO,ES,Towers with Radar,0,51,91,0,142,0,17,229,0,246,0,68,320,0,388,131,0,131,519
07/19/2023,FXE,FL,ASO,ES,Towers with Radar,2,49,88,0,139,0,31,315,1,347,2,80,403,1,486,137,0,137,623
07/20/2023,FXE,FL,ASO,ES,Towers with Radar,0,57,101,2,160,0,23,269,0,292,0,80,370,2,452,208,0,208,660
07/21/2023,FXE,FL,ASO,ES,Towers with Radar,0,55,89,4,148,0,28,247,9,284,0,83,336,13,432,126,0,126,558
07/22/2023,FXE,FL,ASO,ES,Towers with Radar,0,42,73,0,115,0,19,222,1,242,0,61,295,1,357,171,0,171,528
07/23/2023,FXE,FL,ASO,ES,Towers with Radar,0,53,71,0,124,0,9,227,0,236,0,62,298,0,360,228,0,228,588
07/24/2023,FXE,FL,ASO,ES,Towers with Radar,0,52,58,0,110,0,26,211,1,238,0,78,269,1,348,252,0,252,600
07/25/2023,FXE,FL,ASO,ES,Towers with Radar,0,48,97,0,145,0,22,230,1,253,0,70,327,1,398,255,0,255,653
07/26/2023,FXE,FL,ASO,ES,Towers with Radar,0,53,88,2,143,0,19,199,1,219,0,72,287,3,362,245,0,245,607
07/27/2023,FXE,FL,ASO,ES,Towers with Radar,0,53,88,0,141,0,17,141,1,159,0,70,229,1,300,123,0,123,423
07/28/2023,FXE,FL,ASO,ES,Towers with Radar,0,69,105,0,174,0,27,240,2,269,0,96,345,2,443,249,0,249,692
07/29/2023,FXE,FL,ASO,ES,Towers with Radar,0,59,103,0,162,0,15,235,3,253,0,74,338,3,415,165,0,165,580
07/30/2023,FXE,FL,ASO,ES,Towers with Radar,0,70,93,0,163,0,11,159,2,172,0,81,252,2,335,146,0,146,481
07/31/2023,FXE,FL,ASO,ES,Towers with Radar,0,55,95,0,150,0,24,201,1,226,0,79,296,1,376,133,0,133,509
08/01/2023,FXE,FL,ASO,ES,Towers with Radar,0,36,65,0,101,0,19,158,1,178,0,55,223,1,279,166,0,166,445
08/02/2023,FXE,FL,ASO,ES,Towers with Radar,0,54,97,0,151,0,28,232,0,260,0,82,329,0,411,158,0,158,569
08/03/2023,FXE,FL,ASO,ES,Towers with Radar,0,43,94,0,137,0,20,209,0,229,0,63,303,0,366,123,0,123,489
08/04/2023,FXE,FL,ASO,ES,Towers with Radar,0,49,80,0,129,0,24,237,2,263,0,73,317,2,392,145,0,145,537
08/05/2023,FXE,FL,ASO,ES,Towers with Radar,0,44,77,0,121,0,11,214,0,225,0,55,291,0,346,216,0,216,562
08/06/2023,FXE,FL,ASO,ES,Towers with Radar,0,46,80,0,126,0,12,196,0,208,0,58,276,0,334,128,0,128,462
08/07/2023,FXE,FL,ASO,ES,Towers with Radar,0,51,107,0,158,0,19,202,1,222,0,70,309,1,380,185,0,185,565
08/08/2023,FXE,FL,ASO,ES,Towers with Radar,0,52,85,0,137,0,20,186,0,206,0,72,271,0,343,133,0,133,476
08/09/2023,FXE,FL,ASO,ES,Towers with Radar,0,54,114,0,168,0,25,239,2,266,0,79,353,2,434,67,0,67,501
08/10/2023,FXE,FL,ASO,ES,Towers with Radar,0,43,103,0,146,0,24,212,0,236,0,67,315,0,382,208,0,208,590
08/11/2023,FXE,FL,ASO,ES,Towers with Radar,0,50,98,0,148,0,20,240,0,260,0,70,338,0,408,165,0,165,573
08/12/2023,FXE,FL,ASO,ES,Towers with Radar,0,46,87,0,133,0,12,175,0,187,0,58,262,0,320,180,0,180,500
08/13/2023,FXE,FL,ASO,ES,Towers with Radar,0,34,97,0,131,0,14,140,0,154,0,48,237,0,285,98,0,98,383
08/14/2023,FXE,FL,ASO,ES,Towers with Radar,0,43,91,0,134,0,19,218,1,238,0,62,309,1,372,193,0,193,565
08/15/2023,FXE,FL,ASO,ES,Towers with Radar,0,52,83,0,135,0,17,167,0,184,0,69,250,0,319,206,0,206,525
08/16/2023,FXE,FL,ASO,ES,Towers with Radar,0,52,113,0,165,0,28,212,0,240,0,80,325,0,405,96,0,96,501
08/17/2023,FXE,FL,ASO,ES,Towers with Radar,0,42,96,0,138,0,12,187,0,199,0,54,283,0,337,93,0,93,430
08/18/2023,FXE,FL,ASO,ES,Towers with Radar,0,52,85,0,137,0,25,190,1,216,0,77,275,1,353,262,0,262,615
08/19/2023,FXE,FL,ASO,ES,Towers with Radar,0,39,69,0,108,0,7,148,0,155,0,46,217,0,263,113,0,113,376
08/20/2023,FXE,FL,ASO,ES,Towers with Radar,0,63,70,0,133,0,18,113,1,132,0,81,183,1,265,142,0,142,407
08/21/2023,FXE,FL,ASO,ES,Towers with Radar,0,45,83,0,128,0,18,163,3,184,0,63,246,3,312,162,4,166,478
08/22/2023,FXE,FL,ASO,ES,Towers with Radar,0,40,84,0,124,0,22,210,2,234,0,62,294,2,358,167,0,167,525
08/23/2023,FXE,FL,ASO,ES,Towers with Radar,1,52,112,0,165,0,28,242,1,271,1,80,354,1,436,150,0,150,586
08/24/2023,FXE,FL,ASO,ES,Towers with Radar,0,53,86,0,139,0,18,199,1,218,0,71,285,1,357,157,0,157,514
08/25/2023,FXE,FL,ASO,ES,Towers with Radar,0,55,109,1,165,0,18,249,2,269,0,73,358,3,434,106,0,106,540
08/26/2023,FXE,FL,ASO,ES,Towers with Radar,0,41,64,0,105,0,10,215,0,225,0,51,279,0,330,170,0,170,500
08/27/2023,FXE,FL,ASO,ES,Towers with Radar,0,50,78,0,128,0,10,179,0,189,0,60,257,0,317,60,0,60,377
08/28/2023,FXE,FL,ASO,ES,Towers with Radar,0,39,77,0,116,0,24,188,0,212,0,63,265,0,328,121,0,121,449
08/29/2023,FXE,FL,ASO,ES,Towers with Radar,0,30,62,0,92,0,13,117,0,130,0,43,179,0,222,153,0,153,375
08/30/2023,FXE,FL,ASO,ES,Towers with Radar,0,25,45,0,70,0,14,81,0,95,0,39,126,0,165,73,0,73,238
08/31/2023,FXE,FL,ASO,ES,Towers with Radar,0,62,96,0,158,0,18,172,0,190,0,80,268,0,348,152,0,152,500
01/01/2020,FXE,FL,ASO,ES,Towers with Radar,0,55,87,0,142,0,2,159,0,161,0,57,246,0,303,82,0,82,385
01/02/2020,FXE,FL,ASO,ES,Towers with Radar,0,42,112,0,154,0,13,217,0,230,0,55,329,0,384,234,0,234,618
01/03/2020,FXE,FL,ASO,ES,Towers with Radar,0,51,140,0,191,0,17,217,1,235,0,68,357,1,426,189,0,189,615
01/04/2020,FXE,FL,ASO,ES,Towers with Radar,0,55,148,0,203,0,17,145,0,162,0,72,293,0,365,70,0,70,435
01/05/2020,FXE,FL,ASO,ES,Towers with Radar,1,49,152,0,202,0,10,177,0,187,1,59,329,0,389,112,0,112,501
01/06/2020,FXE,FL,ASO,ES,Towers with Radar,0,34,124,0,158,0,10,179,0,189,0,44,303,0,347,210,0,210,557
01/07/2020,FXE,FL,ASO,ES,Towers with Radar,0,30,114,0,144,0,11,194,0,205,0,41,308,0,349,239,0,239,588
01/08/2020,FXE,FL,ASO,ES,Towers with Radar,0,37,114,1,152,0,11,224,1,236,0,48,338,2,388,212,0,212,600
01/09/2020,FXE,FL,ASO,ES,Towers with Radar,0,37,98,0,135,0,10,145,0,155,0,47,243,0,290,86,0,86,376
01/10/2020,FXE,FL,ASO,ES,Towers with Radar,0,33,112,0,145,0,7,86,0,93,0,40,198,0,238,126,0,126,364
01/11/2020,FXE,FL,ASO,ES,Towers with Radar,0,31,69,0,100,0,4,89,0,93,0,35,158,0,193,138,0,138,331
01/12/2020,FXE,FL,ASO,ES,Towers with Radar,0,36,101,0,137,0,0,88,0,88,0,36,189,0,225,157,0,157,382
01/13/2020,FXE,FL,ASO,ES,Towers with Radar,0,28,90,0,118,0,14,178,0,192,0,42,268,0,310,196,0,196,506
01/14/2020,FXE,FL,ASO,ES,Towers with Radar,0,30,106,0,136,0,10,203,0,213,0,40,309,0,349,264,0,264,613
01/15/2020,FXE,FL,ASO,ES,Towers with Radar,0,33,101,0,134,0,18,207,2,227,0,51,308,2,361,328,0,328,689
01/16/2020,FXE,FL,ASO,ES,Towers with Radar,0,44,112,0,156,0,9,202,1,212,0,53,314,1,368,278,0,278,646
01/17/2020,FXE,FL,ASO,ES,Towers with Radar,0,48,139,0,187,0,10,155,0,165,0,58,294,0,352,190,0,190,542
01/18/2020,FXE,FL,ASO,ES,Towers with Radar,0,30,65,0,95,0,3,174,0,177,0,33,239,0,272,210,0,210,482
01/19/2020,FXE,FL,ASO,ES,Towers with Radar,1,23,98,0,122,0,8,176,0,184,1,31,274,0,306,216,0,216,522
01/20/2020,FXE,FL,ASO,ES,Towers with Radar,0,36,107,0,143,0,7,164,0,171,0,43,271,0,314,261,0,261,575
01/21/2020,FXE,FL,ASO,ES,Towers with Radar,0,30,102,0,132,0,7,196,0,203,0,37,298,0,335,162,0,162,497
01/22/2020,FXE,FL,ASO,ES,Towers with Radar,0,40,110,0,150,0,7,123,0,130,0,47,233,0,280,149,0,149,429
01/23/2020,FXE,FL,ASO,ES,Towers with Radar,0,44,126,0,170,0,7,95,0,102,0,51,221,0,272,65,0,65,337
01/24/2020,FXE,FL,ASO,ES,Towers with Radar,0,42,116,1,159,0,16,226,1,243,0,58,342,2,402,306,3,309,711
01/25/2020,FXE,FL,ASO,ES,Towers with Radar,0,28,74,0,102,0,5,373,2,380,0,33,447,2,482,87,0,87,569
01/26/2020,FXE,FL,ASO,ES,Towers with Radar,0,44,113,0,157,0,11,202,0,213,0,55,315,0,370,255,0,255,625
01/27/2020,FXE,FL,ASO,ES,Towers with Radar,0,51,120,0,171,0,6,192,0,198,0,57,312,0,369,195,0,195,564
01/28/2020,FXE,FL,ASO,ES,Towers with Radar,0,27,111,0,138,0,10,174,0,184,0,37,285,0,322,125,0,125,447
01/29/2020,FXE,FL,ASO,ES,Towers with Radar,0,43,54,0,97,0,6,92,1,99,0,49,146,1,196,87,0,87,283
01/30/2020,FXE,FL,ASO,ES,Towers with Radar,0,57,67,0,124,0,6,65,0,71,0,63,132,0,195,50,0,50,245
01/31/2020,FXE,FL,ASO,ES,Towers with Radar,0,76,85,0,161,0,2,68,0,70,0,78,153,0,231,44,0,44,275
02/01/2020,FXE,FL,ASO,ES,Towers with Radar,0,51,51,0,102,0,1,26,0,27,0,52,77,0,129,85,0,85,214
02/02/2020,FXE,FL,ASO,ES,Towers with Radar,0,88,77,0,165,0,3,31,0,34,0,91,108,0,199,2,0,2,201
02/03/2020,FXE,FL,ASO,ES,Towers with Radar,0,125,105,0,230,0,4,80,0,84,0,129,185,0,314,31,0,31,345
02/04/2020,FXE,FL,ASO,ES,Towers with Radar,2,49,98,0,149,0,22,232,0,254,2,71,330,0,403,156,0,156,559
02/05/2020,FXE,FL,ASO,ES,Towers with Radar,0,44,129,0,173,0,8,253,0,261,0,52,382,0,434,194,0,194,628
02/06/2020,FXE,FL,ASO,ES,Towers with Radar,1,41,102,0,144,0,7,173,0,180,1,48,275,0,324,119,0,119,443
02/07/2020,FXE,FL,ASO,ES,Towers with Radar,0,46,109,0,155,0,5,116,0,121,0,51,225,0,276,126,0,126,402
02/08/2020,FXE,FL,ASO,ES,Towers with Radar,0,49,100,0,149,0,6,233,0,239,0,55,333,0,388,127,0,127,515
02/09/2020,FXE,FL,ASO,ES,Towers with Radar,0,33,107,0,140,0,5,150,0,155,0,38,257,0,295,151,0,151,446
02/10/2020,FXE,FL,ASO,ES,Towers with Radar,0,25,109,0,134,0,6,185,0,191,0,31,294,0,325,120,0,120,445
02/11/2020,FXE,FL,ASO,ES,Towers with Radar,0,31,91,0,122,0,4,224,0,228,0,35,315,0,350,297,0,297,647
02/12/2020,FXE,FL,ASO,ES,Towers with Radar,0,41,119,0,160,0,10,214,0,224,0,51,333,0,384,207,0,207,591
02/13/2020,FXE,FL,ASO,ES,Towers with Radar,0,54,164,0,218,0,12,198,0,210,0,66,362,0,428,229,0,229,657
02/14/2020,FXE,FL,ASO,ES,Towers with Radar,0,59,176,0,235,0,17,165,0,182,0,76,341,0,417,144,0,144,561
02/15/2020,FXE,FL,ASO,ES,Towers with Radar,0,44,100,0,144,0,1,37,0,38,0,45,137,0,182,4,0,4,186
02/16/2020,FXE,FL,ASO,ES,Towers with Radar,0,35,91,0,126,0,5,96,0,101,0,40,187,0,227,58,0,58,285
02/17/2020,FXE,FL,ASO,ES,Towers with Radar,0,56,154,0,210,0,8,332,0,340,0,64,486,0,550,196,0,196,746
02/18/2020,FXE,FL,ASO,ES,Towers with Radar,0,35,118,0,153,0,8,232,0,240,0,43,350,0,393,231,0,231,624
02/19/2020,FXE,FL,ASO,ES,Towers with Radar,0,42,146,0,188,0,7,236,1,244,0,49,382,1,432,203,0,203,635
02/20/2020,FXE,FL,ASO,ES,Towers with Radar,0,42,144,0,186,0,10,276,1,287,0,52,420,1,473,191,0,191,664
02/21/2020,FXE,FL,ASO,ES,Towers with Radar,0,49,115,0,164,0,5,58,0,63,0,54,173,0,227,37,0,37,264
02/22/2020,FXE,FL,ASO,ES,Towers with Radar,0,24,90,0,114,0,4,116,0,120,0,28,206,0,234,77,0,77,311
02/23/2020,FXE,FL,ASO,ES,Towers with Radar,0,31,92,0,123,0,6,200,0,206,0,37,292,0,329,126,0,126,455
02/24/2020,FXE,FL,ASO,ES,Towers with Radar,0,32,96,0,128,0,17,195,0,212,0,49,291,0,340,249,0,249,589
02/25/2020,FXE,FL,ASO,ES,Towers with Radar,0,49,118,0,167,0,6,211,0,217,0,55,329,0,384,175,0,175,559
02/26/2020,FXE,FL,ASO,ES,Towers with Radar,0,47,104,0,151,0,7,149,0,156,0,54,253,0,307,186,0,186,493
02/27/2020,FXE,FL,ASO,ES,Towers with Radar,1,57,113,0,171,0,15,226,1,242,1,72,339,1,413,189,0,189,602
02/28/2020,FXE,FL,ASO,ES,Towers with Radar,0,27,125,0,152,0,17,254,0,271,0,44,379,0,423,129,0,129,552
02/29/2020,FXE,FL,ASO,ES,Towers with Radar,1,50,71,0,122,1,7,240,0,248,2,57,311,0,370,158,0,158,528
03/01/2020,FXE,FL,ASO,ES,Towers with Radar,0,39,127,0,166,0,7,218,0,225,0,46,345,0,391,98,0,98,489
03/02/2020,FXE,FL,ASO,ES,Towers with Radar,0,40,110,0,150,0,18,200,0,218,0,58,310,0,368,194,0,194,562
03/03/2020,FXE,FL,ASO,ES,Towers with Radar,0,32,93,0,125,0,9,244,0,253,0,41,337,0,378,205,0,205,583
03/04/2020,FXE,FL,ASO,ES,Towers with Radar,0,35,107,0,142,0,15,253,0,268,0,50,360,0,410,262,0,262,672
03/05/2020,FXE,FL,ASO,ES,Towers with Radar,0,50,133,0,183,0,16,253,0,269,0,66,386,0,452,219,0,219,671
03/06/2020,FXE,FL,ASO,ES,Towers with Radar,0,49,131,0,180,0,11,222,0,233,0,60,353,0,413,135,0,135,548
03/07/2020,FXE,FL,ASO,ES,Towers with Radar,0,45,96,0,141,0,10,134,0,144,0,55,230,0,285,151,0,151,436
03/08/2020,FXE,FL,ASO,ES,Towers with Radar,0,57,105,0,162,0,2,154,0,156,0,59,259,0,318,89,0,89,407
03/09/2020,FXE,FL,ASO,ES,Towers with Radar,0,34,99,0,133,0,9,188,0,197,0,43,287,0,330,126,0,126,456
03/10/2020,FXE,FL,ASO,ES,Towers with Radar,0,40,107,0,147,1,7,232,0,240,1,47,339,0,387,268,0,268,655
03/11/2020,FXE,FL,ASO,ES,Towers with Radar,0,38,127,0,165,0,11,314,0,325,0,49,441,0,490,213,0,213,703
03/12/2020,FXE,FL,ASO,ES,Towers with Radar,0,48,143,0,191,0,8,326,0,334,0,56,469,0,525,229,0,229,754
03/13/2020,FXE,FL,ASO,ES,Towers with Radar,0,53,124,0,177,0,21,339,0,360,0,74,463,0,537,180,0,180,717
03/14/2020,FXE,FL,ASO,ES,Towers with Radar,0,37,112,0,149,0,18,194,0,212,0,55,306,0,361,215,0,215,576
03/15/2020,FXE,FL,ASO,ES,Towers with Radar,0,56,121,0,177,0,7,152,0,159,0,63,273,0,336,226,0,226,562
03/16/2020,FXE,FL,ASO,ES,Towers with Radar,0,50,117,0,167,0,8,228,0,236,0,58,345,0,403,238,0,238,641
03/17/2020,FXE,FL,ASO,ES,Towers with Radar,0,52,114,0,166,0,5,269,0,274,0,57,383,0,440,192,0,192,632
03/18/2020,FXE,FL,ASO,ES,Towers with Radar,0,51,120,0,171,0,11,253,0,264,0,62,373,0,435,198,0,198,633
03/19/2020,FXE,FL,ASO,ES,Towers with Radar,0,37,103,0,140,0,7,210,0,217,0,44,313,0,357,121,0,121,478
03/20/2020,FXE,FL,ASO,ES,Towers with Radar,0,53,122,0,175,0,14,271,0,285,0,67,393,0,460,216,0,216,676
03/21/2020,FXE,FL,ASO,ES,Towers with Radar,0,33,93,0,126,0,8,179,0,187,0,41,272,0,313,195,0,195,508
03/22/2020,FXE,FL,ASO,ES,Towers with Radar,0,21,66,0,87,0,4,174,0,178,0,25,240,0,265,146,0,146,411
03/23/2020,FXE,FL,ASO,ES,Towers with Radar,0,23,40,0,63,0,8,165,0,173,0,31,205,0,236,235,0,235,471
03/24/2020,FXE,FL,ASO,ES,Towers with Radar,0,25,58,0,83,0,1,147,0,148,0,26,205,0,231,187,0,187,418
03/25/2020,FXE,FL,ASO,ES,Towers with Radar,0,25,73,0,98,0,8,119,0,127,0,33,192,0,225,206,0,206,431
03/26/2020,FXE,FL,ASO,ES,Towers with Radar,0,23,51,0,74,0,3,118,0,121,0,26,169,0,195,251,0,251,446
03/27/2020,FXE,FL,ASO,ES,Towers with Radar,0,21,53,0,74,0,14,132,0,146,0,35,185,0,220,283,0,283,503
03/28/2020,FXE,FL,ASO,ES,Towers with Radar,0,11,41,0,52,0,0,105,0,105,0,11,146,0,157,225,0,225,382
03/29/2020,FXE,FL,ASO,ES,Towers with Radar,0,12,34,0,46,0,0,106,0,106,0,12,140,0,152,168,0,168,320
03/30/2020,FXE,FL,ASO,ES,Towers with Radar,0,19,44,0,63,0,2,122,0,124,0,21,166,0,187,170,0,170,357
03/31/2020,FXE,FL,ASO,ES,Towers with Radar,0,13,38,1,52,0,5,122,1,128,0,18,160,2,180,215,0,215,395
04/01/2020,FXE,FL,ASO,ES,Towers with Radar,0,14,44,0,58,0,8,123,0,131,0,22,167,0,189,223,0,223,412
04/02/2020,FXE,FL,ASO,ES,Towers with Radar,0,12,52,0,64,0,8,129,0,137,0,20,181,0,201,206,0,206,407
04/03/2020,FXE,FL,ASO,ES,Towers with Radar,0,14,59,0,73,0,11,127,0,138,0,25,186,0,211,248,0,248,459
04/04/2020,FXE,FL,ASO,ES,Towers with Radar,0,14,38,0,52,0,1,103,0,104,0,15,141,0,156,172,0,172,328
04/05/2020,FXE,FL,ASO,ES,Towers with Radar,0,5,27,0,32,0,0,52,0,52,0,5,79,0,84,118,0,118,202
04/06/2020,FXE,FL,ASO,ES,Towers with Radar,0,20,44,0,64,0,5,70,0,75,0,25,114,0,139,219,0,219,358
04/07/2020,FXE,FL,ASO,ES,Towers with Radar,0,15,54,0,69,0,7,127,0,134,0,22,181,0,203,209,0,209,412
04/08/2020,FXE,FL,ASO,ES,Towers with Radar,0,23,34,0,57,0,6,107,0,113,0,29,141,0,170,123,0,123,293
04/09/2020,FXE,FL,ASO,ES,Towers with Radar,0,13,41,0,54,0,4,98,0,102,0,17,139,0,156,116,0,116,272
04/10/2020,FXE,FL,ASO,ES,Towers with Radar,0,14,47,0,61,0,2,86,0,88,0,16,133,0,149,62,0,62,211
04/11/2020,FXE,FL,ASO,ES,Towers with Radar,0,3,47,0,50,0,0,94,0,94,0,3,141,0,144,120,0,120,264
04/12/2020,FXE,FL,ASO,ES,Towers with Radar,0,6,18,0,24,0,0,43,0,43,0,6,61,0,67,59,0,59,126
04/13/2020,FXE,FL,ASO,ES,Towers with Radar,0,10,53,0,63,0,0,91,0,91,0,10,144,0,154,80,0,80,234
04/14/2020,FXE,FL,ASO,ES,Towers with Radar,0,4,49,0,53,0,2,134,0,136,0,6,183,0,189,232,0,232,421
04/15/2020,FXE,FL,ASO,ES,Towers with Radar,0,11,53,0,64,0,11,142,0,153,0,22,195,0,217,158,0,158,375
04/16/2020,FXE,FL,ASO,ES,Towers with Radar,0,14,42,0,56,0,6,91,0,97,0,20,133,0,153,208,0,208,361
04/17/2020,FXE,FL,ASO,ES,Towers with Radar,0,8,39,0,47,0,8,94,0,102,0,16,133,0,149,184,0,184,333
04/18/2020,FXE,FL,ASO,ES,Towers with Radar,0,10,39,0,49,0,0,106,0,106,0,10,145,0,155,201,0,201,356
04/19/2020,FXE,FL,ASO,ES,Towers with Radar,0,7,38,2,47,0,0,132,1,133,0,7,170,3,180,174,0,174,354
04/20/2020,FXE,FL,ASO,ES,Towers with Radar,0,13,34,3,50,0,4,90,3,97,0,17,124,6,147,84,0,84,231
04/21/2020,FXE,FL,ASO,ES,Towers with Radar,0,5,45,2,52,0,0,139,0,139,0,5,184,2,191,239,0,239,430
04/22/2020,FXE,FL,ASO,ES,Towers with Radar,0,19,64,5,88,0,6,201,0,207,0,25,265,5,295,212,0,212,507
04/23/2020,FXE,FL,ASO,ES,Towers with Radar,0,16,55,1,72,0,2,159,0,161,0,18,214,1,233,204,0,204,437
04/24/2020,FXE,FL,ASO,ES,Towers with Radar,0,15,28,0,43,0,6,122,0,128,0,21,150,0,171,109,0,109,280
04/25/2020,FXE,FL,ASO,ES,Towers with Radar,0,13,34,4,51,0,0,83,0,83,0,13,117,4,134,62,0,62,196
04/26/2020,FXE,FL,ASO,ES,Towers with Radar,0,8,38,0,46,0,0,50,0,50,0,8,88,0,96,74,0,74,170
04/27/2020,FXE,FL,ASO,ES,Towers with Radar,0,6,66,0,72,0,4,218,0,222,0,10,284,0,294,137,0,137,431
04/28/2020,FXE,FL,ASO,ES,Towers with Radar,0,9,75,0,84,0,1,182,0,183,0,10,257,0,267,364,0,364,631
04/29/2020,FXE,FL,ASO,ES,Towers with Radar,0,19,70,1,90,0,3,189,0,192,0,22,259,1,282,172,0,172,454
04/30/2020,FXE,FL,ASO,ES,Towers with Radar,0,6,42,0,48,0,2,62,0,64,0,8,104,0,112,150,0,150,262
05/01/2020,FXE,FL,ASO,ES,Towers with Radar,1,30,66,0,97,0,12,237,0,249,1,42,303,0,346,169,0,169,515
05/02/2020,FXE,FL,ASO,ES,Towers with Radar,0,15,57,0,72,0,0,182,0,182,0,15,239,0,254,172,36,208,462
05/03/2020,FXE,FL,ASO,ES,Towers with Radar,0,13,41,3,57,0,0,145,0,145,0,13,186,3,202,213,0,213,415
05/04/2020,FXE,FL,ASO,ES,Towers with Radar,0,18,70,0,88,0,8,144,0,152,0,26,214,0,240,132,0,132,372
05/05/2020,FXE,FL,ASO,ES,Towers with Radar,0,17,74,0,91,0,0,211,0,211,0,17,285,0,302,238,0,238,540
05/06/2020,FXE,FL,ASO,ES,Towers with Radar,0,9,63,3,75,0,8,153,0,161,0,17,216,3,236,258,0,258,494
05/07/2020,FXE,FL,ASO,ES,Towers with Radar,0,15,104,0,119,0,7,180,0,187,0,22,284,0,306,175,0,175,481
05/08/2020,FXE,FL,ASO,ES,Towers with Radar,0,19,78,0,97,0,14,177,0,191,0,33,255,0,288,151,0,151,439
05/09/2020,FXE,FL,ASO,ES,Towers with Radar,0,12,79,0,91,0,2,153,0,155,0,14,232,0,246,150,0,150,396
05/10/2020,FXE,FL,ASO,ES,Towers with Radar,0,6,52,0,58,0,0,28,0,28,0,6,80,0,86,66,0,66,152
05/11/2020,FXE,FL,ASO,ES,Towers with Radar,0,9,68,0,77,0,3,128,0,131,0,12,196,0,208,185,0,185,393
05/12/2020,FXE,FL,ASO,ES,Towers with Radar,0,15,81,1,97,0,2,155,0,157,0,17,236,1,254,74,0,74,328
05/13/2020,FXE,FL,ASO,ES,Towers with Radar,0,22,87,0,109,0,7,173,0,180,0,29,260,0,289,135,0,135,424
05/14/2020,FXE,FL,ASO,ES,Towers with Radar,0,24,71,0,95,0,5,51,0,56,0,29,122,0,151,113,0,113,264
05/15/2020,FXE,FL,ASO,ES,Towers with Radar,0,30,47,0,77,0,0,10,0,10,0,30,57,0,87,16,0,16,103
05/16/2020,FXE,FL,ASO,ES,Towers with Radar,0,19,57,0,76,0,2,126,0,128,0,21,183,0,204,89,0,89,293
05/17/2020,FXE,FL,ASO,ES,Towers with Radar,0,15,69,0,84,0,0,117,0,117,0,15,186,0,201,209,0,209,410
05/18/2020,FXE,FL,ASO,ES,Towers with Radar,0,14,39,0,53,0,9,107,0,116,0,23,146,0,169,200,0,200,369
05/19/2020,FXE,FL,ASO,ES,Towers with Radar,0,19,63,0,82,0,3,156,0,159,0,22,219,0,241,226,0,226,467
05/20/2020,FXE,FL,ASO,ES,Towers with Radar,0,29,94,0,123,0,8,124,0,132,0,37,218,0,255,230,0,230,485
05/21/2020,FXE,FL,ASO,ES,Towers with Radar,0,27,73,0,100,0,2,151,0,153,0,29,224,0,253,137,0,137,390
05/22/2020,FXE,FL,ASO,ES,Towers with Radar,0,26,95,3,124,0,10,277,0,287,0,36,372,3,411,150,0,150,561
05/23/2020,FXE,FL,ASO,ES,Towers with Radar,0,14,73,0,87,0,0,148,0,148,0,14,221,0,235,250,0,250,485
05/24/2020,FXE,FL,ASO,ES,Towers with Radar,0,21,62,0,83,0,0,8,0,8,0,21,70,0,91,15,0,15,106
05/25/2020,FXE,FL,ASO,ES,Towers with Radar,0,26,53,0,79,0,1,10,0,11,0,27,63,0,90,3,0,3,93
05/26/2020,FXE,FL,ASO,ES,Towers with Radar,0,17,67,0,84,0,2,114,0,116,0,19,181,0,200,56,0,56,256
05/27/2020,FXE,FL,ASO,ES,Towers with Radar,0,21,81,0,102,0,9,195,0,204,0,30,276,0,306,268,0,268,574
05/28/2020,FXE,FL,ASO,ES,Towers with Radar,0,25,102,0,127,0,10,221,0,231,0,35,323,0,358,196,0,196,554
05/29/2020,FXE,FL,ASO,ES,Towers with Radar,0,35,95,3,133,0,27,265,0,292,0,62,360,3,425,212,0,212,637
05/30/2020,FXE,FL,ASO,ES,Towers with Radar,0,24,95,0,119,0,0,212,0,212,0,24,307,0,331,167,0,167,498
05/31/2020,FXE,FL,ASO,ES,Towers with Radar,0,24,70,0,94,0,0,159,1,160,0,24,229,1,254,301,0,301,555
06/01/2020,FXE,FL,ASO,ES,Towers with Radar,0,25,77,0,102,0,0,228,0,228,0,25,305,0,330,316,0,316,646
06/02/2020,FXE,FL,ASO,ES,Towers with Radar,0,27,94,0,121,0,6,169,0,175,0,33,263,0,296,222,0,222,518
06/03/2020,FXE,FL,ASO,ES,Towers with Radar,0,38,85,0,123,0,6,81,0,87,0,44,166,0,210,159,0,159,369
06/04/2020,FXE,FL,ASO,ES,Towers with Radar,0,39,85,0,124,0,6,97,0,103,0,45,182,0,227,122,0,122,349
06/05/2020,FXE,FL,ASO,ES,Towers with Radar,0,27,89,0,116,0,8,160,0,168,0,35,249,0,284,334,0,334,618
06/06/2020,FXE,FL,ASO,ES,Towers with Radar,0,23,69,0,92,0,1,154,0,155,0,24,223,0,247,290,0,290,537
06/07/2020,FXE,FL,ASO,ES,Towers with Radar,0,18,69,0,87,0,0,147,2,149,0,18,216,2,236,162,0,162,398
06/08/2020,FXE,FL,ASO,ES,Towers with Radar,0,21,72,0,93,0,6,213,0,219,0,27,285,0,312,408,0,408,720
06/09/2020,FXE,FL,ASO,ES,Towers with Radar,0,22,98,0,120,0,7,326,0,333,0,29,424,0,453,285,0,285,738
06/10/2020,FXE,FL,ASO,ES,Towers with Radar,0,18,124,1,143,0,11,332,0,343,0,29,456,1,486,245,12,257,743
06/11/2020,FXE,FL,ASO,ES,Towers with Radar,0,24,120,0,144,0,6,229,0,235,0,30,349,0,379,263,0,263,642
06/12/2020,FXE,FL,ASO,ES,Towers with Radar,0,33,116,1,150,0,11,279,0,290,0,44,395,1,440,254,0,254,694
06/13/2020,FXE,FL,ASO,ES,Towers with Radar,0,20,73,0,93,0,1,225,0,226,0,21,298,0,319,211,0,211,530
06/14/2020,FXE,FL,ASO,ES,Towers with Radar,0,19,84,0,103,0,0,84,0,84,0,19,168,0,187,101,0,101,288
06/15/2020,FXE,FL,ASO,ES,Towers with Radar,0,32,71,0,103,0,7,219,0,226,0,39,290,0,329,269,0,269,598
06/16/2020,FXE,FL,ASO,ES,Towers with Radar,0,23,119,0,142,0,5,295,0,300,0,28,414,0,442,189,0,189,631
06/17/2020,FXE,FL,ASO,ES,Towers with Radar,0,22,90,1,113,0,14,303,1,318,0,36,393,2,431,322,0,322,753
06/18/2020,FXE,FL,ASO,ES,Towers with Radar,0,28,103,0,131,0,7,101,0,108,0,35,204,0,239,137,0,137,376
06/19/2020,FXE,FL,ASO,ES,Towers with Radar,0,34,127,0,161,0,9,192,0,201,0,43,319,0,362,162,0,162,524
06/20/2020,FXE,FL,ASO,ES,Towers with Radar,0,29,89,0,118,0,19,197,0,216,0,48,286,0,334,239,0,239,573
06/21/2020,FXE,FL,ASO,ES,Towers with Radar,0,31,74,0,105,0,2,144,0,146,0,33,218,0,251,174,0,174,425
06/22/2020,FXE,FL,ASO,ES,Towers with Radar,1,29,122,0,152,0,4,229,0,233,1,33,351,0,385,177,0,177,562
06/23/2020,FXE,FL,ASO,ES,Towers with Radar,0,22,86,0,108,0,14,280,0,294,0,36,366,0,402,213,0,213,615
06/24/2020,FXE,FL,ASO,ES,Towers with Radar,0,31,95,0,126,0,13,254,2,269,0,44,349,2,395,199,0,199,594
06/25/2020,FXE,FL,ASO,ES,Towers with Radar,0,28,115,0,143,0,7,280,0,287,0,35,395,0,430,154,0,154,584
06/26/2020,FXE,FL,ASO,ES,Towers with Radar,0,14,112,0,126,0,17,266,0,283,0,31,378,0,409,230,0,230,639
06/27/2020,FXE,FL,ASO,ES,Towers with Radar,0,31,97,0,128,0,2,189,0,191,0,33,286,0,319,162,0,162,481
06/28/2020,FXE,FL,ASO,ES,Towers with Radar,0,16,76,0,92,0,2,184,0,186,0,18,260,0,278,182,0,182,460
06/29/2020,FXE,FL,ASO,ES,Towers with Radar,0,24,91,0,115,0,6,200,1,207,0,30,291,1,322,279,0,279,601
06/30/2020,FXE,FL,ASO,ES,Towers with Radar,0,32,118,0,150,0,13,302,0,315,0,45,420,0,465,224,0,224,689
07/01/2020,FXE,FL,ASO,ES,Towers with Radar,0,44,127,0,171,0,27,276,0,303,0,71,403,0,474,114,0,114,588
07/02/2020,FXE,FL,ASO,ES,Towers with Radar,0,45,122,0,167,0,24,260,1,285,0,69,382,1,452,188,0,188,640
07/03/2020,FXE,FL,ASO,ES,Towers with Radar,0,33,98,0,131,0,22,264,0,286,0,55,362,0,417,214,0,214,631
07/04/2020,FXE,FL,ASO,ES,Towers with Radar,0,20,52,0,72,0,7,139,0,146,0,27,191,0,218,127,0,127,345
07/05/2020,FXE,FL,ASO,ES,Towers with Radar,0,30,66,0,96,0,6,88,0,94,0,36,154,0,190,96,0,96,286
07/06/2020,FXE,FL,ASO,ES,Towers with Radar,0,24,83,0,107,0,8,166,1,175,0,32,249,1,282,225,0,225,507
07/07/2020,FXE,FL,ASO,ES,Towers with Radar,0,30,76,0,106,0,5,183,0,188,0,35,259,0,294,293,0,293,587
07/08/2020,FXE,FL,ASO,ES,Towers with Radar,0,33,92,0,125,0,14,234,0,248,0,47,326,0,373,354,0,354,727
07/09/2020,FXE,FL,ASO,ES,Towers with Radar,0,38,102,0,140,0,12,245,1,258,0,50,347,1,398,225,0,225,623
07/10/2020,FXE,FL,ASO,ES,Towers with Radar,0,25,77,0,102,0,9,107,0,116,0,34,184,0,218,80,0,80,298
07/11/2020,FXE,FL,ASO,ES,Towers with Radar,0,29,78,0,107,0,4,126,0,130,0,33,204,0,237,193,0,193,430
07/12/2020,FXE,FL,ASO,ES,Towers with Radar,0,33,63,0,96,0,1,133,0,134,0,34,196,0,230,174,0,174,404
07/13/2020,FXE,FL,ASO,ES,Towers with Radar,0,26,80,0,106,0,3,208,0,211,0,29,288,0,317,238,0,238,555
07/14/2020,FXE,FL,ASO,ES,Towers with Radar,0,24,83,0,107,0,13,203,0,216,0,37,286,0,323,161,0,161,484
07/15/2020,FXE,FL,ASO,ES,Towers with Radar,0,22,92,0,114,0,17,232,0,249,0,39,324,0,363,162,0,162,525
07/16/2020,FXE,FL,ASO,ES,Towers with Radar,0,24,108,0,132,0,11,204,0,215,0,35,312,0,347,132,0,132,479
07/17/2020,FXE,FL,ASO,ES,Towers with Radar,0,31,96,0,127,0,13,138,0,151,0,44,234,0,278,171,0,171,449
07/18/2020,FXE,FL,ASO,ES,Towers with Radar,0,30,62,0,92,0,1,58,0,59,0,31,120,0,151,70,0,70,221
07/19/2020,FXE,FL,ASO,ES,Towers with Radar,0,20,87,0,107,0,1,145,0,146,0,21,232,0,253,174,0,174,427
07/20/2020,FXE,FL,ASO,ES,Towers with Radar,0,21,98,0,119,0,10,221,1,232,0,31,319,1,351,241,0,241,592
07/21/2020,FXE,FL,ASO,ES,Towers with Radar,0,32,85,0,117,0,5,151,0,156,0,37,236,0,273,295,0,295,568
07/22/2020,FXE,FL,ASO,ES,Towers with Radar,0,33,68,0,101,0,13,81,0,94,0,46,149,0,195,162,0,162,357
07/23/2020,FXE,FL,ASO,ES,Towers with Radar,0,29,105,0,134,0,5,120,0,125,0,34,225,0,259,262,0,262,521
07/24/2020,FXE,FL,ASO,ES,Towers with Radar,0,22,103,0,125,0,17,246,0,263,0,39,349,0,388,222,0,222,610
07/25/2020,FXE,FL,ASO,ES,Towers with Radar,0,30,77,0,107,0,13,182,0,195,0,43,259,0,302,159,0,159,461
07/26/2020,FXE,FL,ASO,ES,Towers with Radar,0,37,61,0,98,0,5,167,0,172,0,42,228,0,270,187,0,187,457
07/27/2020,FXE,FL,ASO,ES,Towers with Radar,0,25,99,0,124,0,15,221,0,236,0,40,320,0,360,260,0,260,620
07/28/2020,FXE,FL,ASO,ES,Towers with Radar,0,20,112,0,132,0,8,247,0,255,0,28,359,0,387,179,0,179,566
07/29/2020,FXE,FL,ASO,ES,Towers with Radar,0,18,90,0,108,0,15,249,3,267,0,33,339,3,375,218,0,218,593
07/30/2020,FXE,FL,ASO,ES,Towers with Radar,0,41,113,0,154,0,14,273,0,287,0,55,386,0,441,193,0,193,634
07/31/2020,FXE,FL,ASO,ES,Towers with Radar,0,34,132,0,166,0,19,251,1,271,0,53,383,1,437,170,0,170,607
08/01/2020,FXE,FL,ASO,ES,Towers with Radar,0,7,21,0,28,0,0,23,0,23,0,7,44,0,51,24,0,24,75
08/02/2020,FXE,FL,ASO,ES,Towers with Radar,0,20,28,1,49,0,0,11,0,11,0,20,39,1,60,0,0,0,60
08/03/2020,FXE,FL,ASO,ES,Towers with Radar,0,35,82,0,117,0,9,125,0,134,0,44,207,0,251,168,0,168,419
08/04/2020,FXE,FL,ASO,ES,Towers with Radar,0,30,79,0,109,0,13,204,1,218,0,43,283,1,327,217,0,217,544
08/05/2020,FXE,FL,ASO,ES,Towers with Radar,0,25,101,2,128,0,19,190,0,209,0,44,291,2,337,186,0,186,523
08/06/2020,FXE,FL,ASO,ES,Towers with Radar,0,22,81,0,103,0,11,239,0,250,0,33,320,0,353,247,0,247,600
08/07/2020,FXE,FL,ASO,ES,Towers with Radar,0,39,109,0,148,0,18,203,0,221,0,57,312,0,369,189,0,189,558
08/08/2020,FXE,FL,ASO,ES,Towers with Radar,0,31,87,0,118,0,9,191,0,200,0,40,278,0,318,200,0,200,518
08/09/2020,FXE,FL,ASO,ES,Towers with Radar,0,30,63,0,93,0,3,136,0,139,0,33,199,0,232,114,0,114,346
08/10/2020,FXE,FL,ASO,ES,Towers with Radar,0,25,93,0,118,0,13,236,0,249,0,38,329,0,367,216,0,216,583
08/11/2020,FXE,FL,ASO,ES,Towers with Radar,0,28,93,0,121,0,3,187,0,190,0,31,280,0,311,240,0,240,551
08/12/2020,FXE,FL,ASO,ES,Towers with Radar,0,25,90,0,115,0,12,194,1,207,0,37,284,1,322,198,0,198,520
08/13/2020,FXE,FL,ASO,ES,Towers with Radar,0,22,95,0,117,0,11,241,0,252,0,33,336,0,369,189,0,189,558
08/14/2020,FXE,FL,ASO,ES,Towers with Radar,0,36,102,0,138,0,17,252,1,270,0,53,354,1,408,219,0,219,627
08/15/2020,FXE,FL,ASO,ES,Towers with Radar,0,35,68,0,103,0,5,177,0,182,0,40,245,0,285,159,0,159,444
08/16/2020,FXE,FL,ASO,ES,Towers with Radar,0,26,83,0,109,0,5,155,0,160,0,31,238,0,269,134,0,134,403
08/17/2020,FXE,FL,ASO,ES,Towers with Radar,0,34,94,0,128,0,10,232,0,242,0,44,326,0,370,210,0,210,580
08/18/2020,FXE,FL,ASO,ES,Towers with Radar,0,35,101,0,136,0,5,234,0,239,0,40,335,0,375,182,0,182,557
08/19/2020,FXE,FL,ASO,ES,Towers with Radar,0,33,90,0,123,0,13,154,0,167,0,46,244,0,290,116,0,116,406
08/20/2020,FXE,FL,ASO,ES,Towers with Radar,0,30,72,0,102,0,3,125,0,128,0,33,197,0,230,133,0,133,363
08/21/2020,FXE,FL,ASO,ES,Towers with Radar,0,36,98,0,134,0,12,230,1,243,0,48,328,1,377,201,0,201,578
08/22/2020,FXE,FL,ASO,ES,Towers with Radar,0,36,95,0,131,0,5,169,0,174,0,41,264,0,305,203,0,203,508
08/23/2020,FXE,FL,ASO,ES,Towers with Radar,0,25,68,0,93,0,5,123,0,128,0,30,191,0,221,91,0,91,312
08/24/2020,FXE,FL,ASO,ES,Towers with Radar,0,9,50,0,59,0,7,72,0,79,0,16,122,0,138,81,0,81,219
08/25/2020,FXE,FL,ASO,ES,Towers with Radar,0,23,83,0,106,0,9,229,0,238,0,32,312,0,344,258,0,258,602
08/26/2020,FXE,FL,ASO,ES,Towers with Radar,0,30,92,1,123,0,14,243,0,257,0,44,335,1,380,199,0,199,579
08/27/2020,FXE,FL,ASO,ES,Towers with Radar,0,19,95,0,114,0,6,214,0,220,0,25,309,0,334,224,0,224,558
08/28/2020,FXE,FL,ASO,ES,Towers with Radar,0,31,84,0,115,0,12,208,0,220,0,43,292,0,335,283,0,283,618
08/29/2020,FXE,FL,ASO,ES,Towers with Radar,0,21,56,0,77,0,5,201,0,206,0,26,257,0,283,150,0,150,433
08/30/2020,FXE,FL,ASO,ES,Towers with Radar,0,31,65,0,96,0,7,129,0,136,0,38,194,0,232,169,0,169,401
08/31/2020,FXE,FL,ASO,ES,Towers with Radar,0,24,83,2,109,0,6,161,0,167,0,30,244,2,276,173,0,173,449
09/01/2020,FXE,FL,ASO,ES,Towers with Radar,0,26,77,0,103,0,5,245,1,251,0,31,322,1,354,253,0,253,607
09/02/2020,FXE,FL,ASO,ES,Towers with Radar,0,22,94,0,116,0,15,223,0,238,0,37,317,0,354,213,0,213,567
09/03/2020,FXE,FL,ASO,ES,Towers with Radar,0,24,111,0,135,0,7,234,0,241,0,31,345,0,376,136,0,136,512
09/04/2020,FXE,FL,ASO,ES,Towers with Radar,0,41,105,0,146,0,11,203,0,214,0,52,308,0,360,179,0,179,539
09/05/2020,FXE,FL,ASO,ES,Towers with Radar,0,19,53,0,72,0,20,118,1,139,0,39,171,1,211,168,0,168,379
09/06/2020,FXE,FL,ASO,ES,Towers with Radar,0,15,53,0,68,0,5,92,0,97,0,20,145,0,165,103,0,103,268
09/07/2020,FXE,FL,ASO,ES,Towers with Radar,0,22,97,0,119,0,7,165,0,172,0,29,262,0,291,160,0,160,451
09/08/2020,FXE,FL,ASO,ES,Towers with Radar,0,28,78,0,106,0,9,168,0,177,0,37,246,0,283,100,0,100,383
09/09/2020,FXE,FL,ASO,ES,Towers with Radar,0,37,98,0,135,0,13,169,0,182,0,50,267,0,317,153,0,153,470
09/10/2020,FXE,FL,ASO,ES,Towers with Radar,0,17,95,0,112,0,9,174,0,183,0,26,269,0,295,193,0,193,488
09/11/2020,FXE,FL,ASO,ES,Towers with Radar,0,21,105,0,126,0,14,207,0,221,0,35,312,0,347,178,0,178,525
09/12/2020,FXE,FL,ASO,ES,Towers with Radar,0,32,52,0,84,0,1,13,0,14,0,33,65,0,98,21,0,21,119
09/13/2020,FXE,FL,ASO,ES,Towers with Radar,0,28,54,0,82,0,4,105,0,109,0,32,159,0,191,153,0,153,344
09/14/2020,FXE,FL,ASO,ES,Towers with Radar,0,23,103,0,126,0,16,217,0,233,0,39,320,0,359,232,0,232,591
09/15/2020,FXE,FL,ASO,ES,Towers with Radar,0,24,87,0,111,0,14,283,0,297,0,38,370,0,408,233,0,233,641
09/16/2020,FXE,FL,ASO,ES,Towers with Radar,0,22,107,0,129,0,11,237,0,248,0,33,344,0,377,242,0,242,619
09/17/2020,FXE,FL,ASO,ES,Towers with Radar,0,23,81,0,104,0,12,187,0,199,0,35,268,0,303,172,0,172,475
09/18/2020,FXE,FL,ASO,ES,Towers with Radar,0,32,63,1,96,0,12,185,1,198,0,44,248,2,294,152,0,152,446
09/19/2020,FXE,FL,ASO,ES,Towers with Radar,0,23,76,0,99,0,5,200,0,205,0,28,276,0,304,129,0,129,433
09/20/2020,FXE,FL,ASO,ES,Towers with Radar,0,24,68,0,92,0,8,122,0,130,0,32,190,0,222,70,0,70,292
09/21/2020,FXE,FL,ASO,ES,Towers with Radar,0,21,69,0,90,0,5,23,0,28,0,26,92,0,118,4,0,4,122
09/22/2020,FXE,FL,ASO,ES,Towers with Radar,0,24,100,0,124,0,11,195,0,206,0,35,295,0,330,99,0,99,429
09/23/2020,FXE,FL,ASO,ES,Towers with Radar,0,20,113,0,133,0,6,269,0,275,0,26,382,0,408,215,0,215,623
09/24/2020,FXE,FL,ASO,ES,Towers with Radar,0,22,116,1,139,0,10,186,1,197,0,32,302,2,336,173,0,173,509
09/25/2020,FXE,FL,ASO,ES,Towers with Radar,0,28,100,0,128,0,14,119,0,133,0,42,219,0,261,79,0,79,340
09/26/2020,FXE,FL,ASO,ES,Towers with Radar,0,28,56,0,84,0,10,173,0,183,0,38,229,0,267,139,0,139,406
09/27/2020,FXE,FL,ASO,ES,Towers with Radar,0,19,89,0,108,0,12,141,0,153,0,31,230,0,261,110,0,110,371
09/28/2020,FXE,FL,ASO,ES,Towers with Radar,0,33,102,0,135,0,9,197,0,206,0,42,299,0,341,172,0,172,513
09/29/2020,FXE,FL,ASO,ES,Towers with Radar,0,32,98,0,130,0,12,220,0,232,0,44,318,0,362,121,0,121,483
09/30/2020,FXE,FL,ASO,ES,Towers with Radar,0,36,111,2,149,0,10,234,0,244,0,46,345,2,393,159,0,159,552
10/01/2020,FXE,FL,ASO,ES,Towers with Radar,0,33,114,0,147,0,10,176,0,186,0,43,290,0,333,150,0,150,483
10/02/2020,FXE,FL,ASO,ES,Towers with Radar,0,35,106,2,143,0,11,124,0,135,0,46,230,2,278,130,0,130,408
10/03/2020,FXE,FL,ASO,ES,Towers with Radar,0,24,84,0,108,0,3,73,0,76,0,27,157,0,184,78,0,78,262
10/04/2020,FXE,FL,ASO,ES,Towers with Radar,0,37,101,0,138,0,11,153,0,164,0,48,254,0,302,161,0,161,463
10/05/2020,FXE,FL,ASO,ES,Towers with Radar,0,21,132,0,153,0,17,179,0,196,0,38,311,0,349,140,0,140,489
10/06/2020,FXE,FL,ASO,ES,Towers with Radar,0,34,97,0,131,0,13,186,0,199,0,47,283,0,330,132,0,132,462
10/07/2020,FXE,FL,ASO,ES,Towers with Radar,0,22,132,0,154,0,15,234,0,249,0,37,366,0,403,200,0,200,603
10/08/2020,FXE,FL,ASO,ES,Towers with Radar,0,32,122,2,156,0,11,279,1,291,0,43,401,3,447,108,0,108,555
10/09/2020,FXE,FL,ASO,ES,Towers with Radar,0,25,109,0,134,0,17,261,0,278,0,42,370,0,412,148,0,148,560
10/10/2020,FXE,FL,ASO,ES,Towers with Radar,0,31,75,0,106,0,3,132,0,135,0,34,207,0,241,201,0,201,442
10/11/2020,FXE,FL,ASO,ES,Towers with Radar,0,30,93,0,123,0,0,119,0,119,0,30,212,0,242,89,0,89,331
10/12/2020,FXE,FL,ASO,ES,Towers with Radar,0,37,98,0,135,0,6,182,0,188,0,43,280,0,323,96,0,96,419
10/13/2020,FXE,FL,ASO,ES,Towers with Radar,0,38,110,1,149,0,10,251,1,262,0,48,361,2,411,152,0,152,563
10/14/2020,FXE,FL,ASO,ES,Towers with Radar,0,33,121,0,154,0,14,266,0,280,0,47,387,0,434,168,0,168,602
10/15/2020,FXE,FL,ASO,ES,Towers with Radar,0,34,130,0,164,0,13,211,0,224,0,47,341,0,388,96,0,96,484
10/16/2020,FXE,FL,ASO,ES,Towers with Radar,0,57,117,0,174,0,5,77,0,82,0,62,194,0,256,13,0,13,269
10/17/2020,FXE,FL,ASO,ES,Towers with Radar,0,35,80,1,116,0,12,225,0,237,0,47,305,1,353,143,0,143,496
10/18/2020,FXE,FL,ASO,ES,Towers with Radar,0,23,108,0,131,0,3,134,0,137,0,26,242,0,268,118,0,118,386
10/19/2020,FXE,FL,ASO,ES,Towers with Radar,0,38,96,0,134,0,8,98,0,106,0,46,194,0,240,114,0,114,354
10/20/2020,FXE,FL,ASO,ES,Towers with Radar,0,31,96,0,127,0,3,82,0,85,0,34,178,0,212,175,0,175,387
10/21/2020,FXE,FL,ASO,ES,Towers with Radar,0,42,89,1,132,0,3,37,0,40,0,45,126,1,172,80,0,80,252
10/22/2020,FXE,FL,ASO,ES,Towers with Radar,0,36,123,0,159,0,6,170,0,176,0,42,293,0,335,263,0,263,598
10/23/2020,FXE,FL,ASO,ES,Towers with Radar,0,41,96,0,137,0,12,284,0,296,0,53,380,0,433,169,0,169,602
10/24/2020,FXE,FL,ASO,ES,Towers with Radar,0,38,68,1,107,0,8,133,0,141,0,46,201,1,248,194,0,194,442
10/25/2020,FXE,FL,ASO,ES,Towers with Radar,0,32,91,1,124,0,0,66,0,66,0,32,157,1,190,66,0,66,256
10/26/2020,FXE,FL,ASO,ES,Towers with Radar,0,28,108,0,136,0,15,234,0,249,0,43,342,0,385,201,0,201,586
10/27/2020,FXE,FL,ASO,ES,Towers with Radar,0,44,115,0,159,0,13,255,0,268,0,57,370,0,427,157,0,157,584
10/28/2020,FXE,FL,ASO,ES,Towers with Radar,0,39,147,2,188,0,15,264,0,279,0,54,411,2,467,204,0,204,671
10/29/2020,FXE,FL,ASO,ES,Towers with Radar,0,43,152,0,195,0,13,201,0,214,0,56,353,0,409,178,0,178,587
10/30/2020,FXE,FL,ASO,ES,Towers with Radar,0,60,153,0,213,0,20,278,0,298,0,80,431,0,511,166,0,166,677
10/31/2020,FXE,FL,ASO,ES,Towers with Radar,1,38,103,0,142,0,12,49,0,61,1,50,152,0,203,108,0,108,311
11/01/2020,FXE,FL,ASO,ES,Towers with Radar,0,54,110,0,164,0,4,149,0,153,0,58,259,0,317,88,0,88,405
11/02/2020,FXE,FL,ASO,ES,Towers with Radar,0,43,99,0,142,0,6,55,1,62,0,49,154,1,204,29,0,29,233
11/03/2020,FXE,FL,ASO,ES,Towers with Radar,0,37,74,0,111,0,4,162,0,166,0,41,236,0,277,115,0,115,392
11/04/2020,FXE,FL,ASO,ES,Towers with Radar,0,28,85,0,113,0,21,121,0,142,0,49,206,0,255,91,0,91,346
11/05/2020,FXE,FL,ASO,ES,Towers with Radar,0,36,88,0,124,0,7,88,0,95,0,43,176,0,219,28,0,28,247
11/06/2020,FXE,FL,ASO,ES,Towers with Radar,0,41,107,0,148,0,18,170,1,189,0,59,277,1,337,126,0,126,463
11/07/2020,FXE,FL,ASO,ES,Towers with Radar,0,41,73,0,114,0,7,45,0,52,0,48,118,0,166,36,0,36,202
11/08/2020,FXE,FL,ASO,ES,Towers with Radar,0,14,35,0,49,0,0,0,0,0,0,14,35,0,49,0,0,0,49
11/09/2020,FXE,FL,ASO,ES,Towers with Radar,0,22,43,0,65,0,2,24,0,26,0,24,67,0,91,0,0,0,91
11/10/2020,FXE,FL,ASO,ES,Towers with Radar,4,32,89,1,126,0,8,166,0,174,4,40,255,1,300,92,0,92,392
11/11/2020,FXE,FL,ASO,ES,Towers with Radar,0,38,78,0,116,0,11,115,0,126,0,49,193,0,242,68,0,68,310
11/12/2020,FXE,FL,ASO,ES,Towers with Radar,0,39,75,0,114,0,7,159,0,166,0,46,234,0,280,95,0,95,375
11/13/2020,FXE,FL,ASO,ES,Towers with Radar,0,39,120,0,159,0,20,228,1,249,0,59,348,1,408,70,0,70,478
11/14/2020,FXE,FL,ASO,ES,Towers with Radar,0,30,95,0,125,0,14,231,0,245,0,44,326,0,370,214,0,214,584
11/15/2020,FXE,FL,ASO,ES,Towers with Radar,1,38,82,0,121,0,14,198,1,213,1,52,280,1,334,193,0,193,527
11/16/2020,FXE,FL,ASO,ES,Towers with Radar,0,35,122,0,157,0,15,348,0,363,0,50,470,0,520,154,0,154,674
11/17/2020,FXE,FL,ASO,ES,Towers with Radar,0,29,121,0,150,0,10,182,0,192,0,39,303,0,342,115,0,115,457
11/18/2020,FXE,FL,ASO,ES,Towers with Radar,0,36,103,0,139,0,15,185,0,200,0,51,288,0,339,112,0,112,451
11/19/2020,FXE,FL,ASO,ES,Towers with Radar,0,40,111,0,151,0,9,164,3,176,0,49,275,3,327,78,0,78,405
11/20/2020,FXE,FL,ASO,ES,Towers with Radar,0,56,121,0,177,0,12,143,0,155,0,68,264,0,332,71,0,71,403
11/21/2020,FXE,FL,ASO,ES,Towers with Radar,0,55,86,0,141,0,13,165,0,178,0,68,251,0,319,162,0,162,481
11/22/2020,FXE,FL,ASO,ES,Towers with Radar,0,41,101,0,142,0,10,124,5,139,0,51,225,5,281,156,0,156,437
11/23/2020,FXE,FL,ASO,ES,Towers with Radar,0,38,112,1,151,0,11,251,0,262,0,49,363,1,413,87,0,87,500
11/24/2020,FXE,FL,ASO,ES,Towers with Radar,0,41,155,0,196,0,18,275,0,293,0,59,430,0,489,237,0,237,726
11/25/2020,FXE,FL,ASO,ES,Towers with Radar,0,44,139,0,183,0,16,252,0,268,0,60,391,0,451,224,0,224,675
11/26/2020,FXE,FL,ASO,ES,Towers with Radar,0,12,37,0,49,0,7,131,0,138,0,19,168,0,187,165,0,165,352
11/27/2020,FXE,FL,ASO,ES,Towers with Radar,0,32,80,0,112,0,19,215,0,234,0,51,295,0,346,202,0,202,548
11/28/2020,FXE,FL,ASO,ES,Towers with Radar,0,43,93,0,136,0,10,177,0,187,0,53,270,0,323,198,0,198,521
11/29/2020,FXE,FL,ASO,ES,Towers with Radar,0,46,128,0,174,0,9,159,0,168,0,55,287,0,342,217,0,217,559
11/30/2020,FXE,FL,ASO,ES,Towers with Radar,0,61,114,0,175,0,16,207,1,224,0,77,321,1,399,161,0,161,560
12/01/2020,FXE,FL,ASO,ES,Towers with Radar,0,42,112,0,154,0,6,239,1,246,0,48,351,1,400,147,0,147,547
12/02/2020,FXE,FL,ASO,ES,Towers with Radar,0,44,104,0,148,0,18,303,0,321,0,62,407,0,469,143,0,143,612
12/03/2020,FXE,FL,ASO,ES,Towers with Radar,0,42,123,2,167,0,17,276,0,293,0,59,399,2,460,260,0,260,720
12/04/2020,FXE,FL,ASO,ES,Towers with Radar,0,40,103,0,143,0,21,239,0,260,0,61,342,0,403,246,0,246,649
12/05/2020,FXE,FL,ASO,ES,Towers with Radar,0,26,103,0,129,0,9,194,0,203,0,35,297,0,332,235,0,235,567
12/06/2020,FXE,FL,ASO,ES,Towers with Radar,0,37,96,3,136,0,2,177,0,179,0,39,273,3,315,188,0,188,503
12/07/2020,FXE,FL,ASO,ES,Towers with Radar,1,40,100,0,141,0,14,124,0,138,1,54,224,0,279,115,0,115,394
12/08/2020,FXE,FL,ASO,ES,Towers with Radar,0,27,110,0,137,0,18,240,0,258,0,45,350,0,395,121,0,121,516
12/09/2020,FXE,FL,ASO,ES,Towers with Radar,0,46,122,0,168,0,15,256,0,271,0,61,378,0,439,205,0,205,644
12/10/2020,FXE,FL,ASO,ES,Towers with Radar,0,36,107,0,143,0,21,265,0,286,0,57,372,0,429,173,0,173,602
12/11/2020,FXE,FL,ASO,ES,Towers with Radar,0,46,123,2,171,0,21,222,0,243,0,67,345,2,414,196,0,196,610
12/12/2020,FXE,FL,ASO,ES,Towers with Radar,0,39,107,0,146,0,8,206,0,214,0,47,313,0,360,199,0,199,559
12/13/2020,FXE,FL,ASO,ES,Towers with Radar,0,31,94,0,125,0,5,212,0,217,0,36,306,0,342,163,0,163,505
12/14/2020,FXE,FL,ASO,ES,Towers with Radar,0,24,89,0,113,0,22,276,0,298,0,46,365,0,411,227,0,227,638
12/15/2020,FXE,FL,ASO,ES,Towers with Radar,0,37,156,0,193,0,17,235,0,252,0,54,391,0,445,156,0,156,601
12/16/2020,FXE,FL,ASO,ES,Towers with Radar,0,38,130,0,168,0,10,223,0,233,0,48,353,0,401,163,0,163,564
12/17/2020,FXE,FL,ASO,ES,Towers with Radar,0,26,87,0,113,0,10,166,0,176,0,36,253,0,289,146,0,146,435
12/18/2020,FXE,FL,ASO,ES,Towers with Radar,0,49,120,0,169,0,21,252,0,273,0,70,372,0,442,143,0,143,585
12/19/2020,FXE,FL,ASO,ES,Towers with Radar,0,57,120,0,177,0,15,208,0,223,0,72,328,0,400,98,0,98,498
12/20/2020,FXE,FL,ASO,ES,Towers with Radar,0,50,100,0,150,0,6,176,0,182,0,56,276,0,332,130,0,130,462
12/21/2020,FXE,FL,ASO,ES,Towers with Radar,0,33,93,0,126,0,18,167,1,186,0,51,260,1,312,172,0,172,484
12/22/2020,FXE,FL,ASO,ES,Towers with Radar,0,40,100,0,140,0,13,298,0,311,0,53,398,0,451,130,0,130,581
12/23/2020,FXE,FL,ASO,ES,Towers with Radar,0,48,126,0,174,0,18,255,0,273,0,66,381,0,447,151,0,151,598
12/24/2020,FXE,FL,ASO,ES,Towers with Radar,0,33,60,0,93,0,19,134,0,153,0,52,194,0,246,86,0,86,332
12/25/2020,FXE,FL,ASO,ES,Towers with Radar,0,26,27,0,53,0,0,39,0,39,0,26,66,0,92,5,0,5,97
12/26/2020,FXE,FL,ASO,ES,Towers with Radar,0,79,149,0,228,0,19,172,0,191,0,98,321,0,419,62,0,62,481
12/27/2020,FXE,FL,ASO,ES,Towers with Radar,0,89,159,0,248,0,17,184,0,201,0,106,343,0,449,42,0,42,491
12/28/2020,FXE,FL,ASO,ES,Towers with Radar,0,74,124,1,199,0,14,169,0,183,0,88,293,1,382,2,0,2,384
12/29/2020,FXE,FL,ASO,ES,Towers with Radar,0,61,120,0,181,0,11,215,0,226,0,72,335,0,407,17,0,17,424
12/30/2020,FXE,FL,ASO,ES,Towers with Radar,0,78,145,0,223,0,12,147,0,159,0,90,292,0,382,28,0,28,410
12/31/2020,FXE,FL,ASO,ES,Towers with Radar,0,38,78,0,116,0,14,127,0,141,0,52,205,0,257,25,0,25,282
01/01/2021,FXE,FL,ASO,ES,Towers with Radar,0,34,46,0,80,0,7,90,0,97,0,41,136,0,177,50,0,50,227
01/02/2021,FXE,FL,ASO,ES,Towers with Radar,0,62,162,0,224,0,7,172,0,179,0,69,334,0,403,79,0,79,482
01/03/2021,FXE,FL,ASO,ES,Towers with Radar,0,63,146,0,209,0,14,143,0,157,0,77,289,0,366,57,0,57,423
01/04/2021,FXE,FL,ASO,ES,Towers with Radar,0,54,121,0,175,0,21,177,0,198,0,75,298,0,373,98,0,98,471
01/05/2021,FXE,FL,ASO,ES,Towers with Radar,0,42,112,0,154,0,14,277,0,291,0,56,389,0,445,119,0,119,564
01/06/2021,FXE,FL,ASO,ES,Towers with Radar,0,42,100,0,142,0,15,256,0,271,0,57,356,0,413,157,0,157,570
01/07/2021,FXE,FL,ASO,ES,Towers with Radar,0,26,107,0,133,0,11,224,0,235,0,37,331,0,368,130,0,130,498
01/08/2021,FXE,FL,ASO,ES,Towers with Radar,0,35,112,1,148,0,12,197,0,209,0,47,309,1,357,107,0,107,464
01/09/2021,FXE,FL,ASO,ES,Towers with Radar,0,42,84,0,126,0,15,216,0,231,0,57,300,0,357,50,0,50,407
01/10/2021,FXE,FL,ASO,ES,Towers with Radar,0,52,130,0,182,0,14,200,0,214,0,66,330,0,396,85,0,85,481
01/11/2021,FXE,FL,ASO,ES,Towers with Radar,0,33,106,0,139,0,8,218,0,226,0,41,324,0,365,76,0,76,441
01/12/2021,FXE,FL,ASO,ES,Towers with Radar,0,43,102,0,145,0,12,211,0,223,0,55,313,0,368,72,0,72,440
01/13/2021,FXE,FL,ASO,ES,Towers with Radar,2,46,93,0,141,0,9,213,0,222,2,55,306,0,363,110,0,110,473
01/14/2021,FXE,FL,ASO,ES,Towers with Radar,0,38,137,0,175,0,9,161,0,170,0,47,298,0,345,124,0,124,469
01/15/2021,FXE,FL,ASO,ES,Towers with Radar,1,41,96,0,138,0,19,234,0,253,1,60,330,0,391,177,0,177,568
01/16/2021,FXE,FL,ASO,ES,Towers with Radar,1,26,79,0,106,0,5,221,0,226,1,31,300,0,332,83,0,83,415
01/17/2021,FXE,FL,ASO,ES,Towers with Radar,0,39,86,0,125,0,6,198,0,204,0,45,284,0,329,149,0,149,478
01/18/2021,FXE,FL,ASO,ES,Towers with Radar,0,43,110,1,154,0,13,229,0,242,0,56,339,1,396,170,0,170,566
01/19/2021,FXE,FL,ASO,ES,Towers with Radar,0,38,127,0,165,0,9,262,0,271,0,47,389,0,436,18,0,18,454
01/20/2021,FXE,FL,ASO,ES,Towers with Radar,0,34,118,0,152,0,15,273,0,288,0,49,391,0,440,166,0,166,606
01/21/2021,FXE,FL,ASO,ES,Towers with Radar,0,31,128,0,159,0,9,227,0,236,0,40,355,0,395,172,0,172,567
01/22/2021,FXE,FL,ASO,ES,Towers with Radar,0,34,102,0,136,0,18,292,0,310,0,52,394,0,446,76,0,76,522
01/23/2021,FXE,FL,ASO,ES,Towers with Radar,0,37,74,0,111,0,13,164,0,177,0,50,238,0,288,117,0,117,405
01/24/2021,FXE,FL,ASO,ES,Towers with Radar,0,35,94,0,129,0,6,161,0,167,0,41,255,0,296,96,0,96,392
01/25/2021,FXE,FL,ASO,ES,Towers with Radar,0,31,122,0,153,0,6,228,0,234,0,37,350,0,387,148,0,148,535
01/26/2021,FXE,FL,ASO,ES,Towers with Radar,0,35,110,1,146,0,12,251,1,264,0,47,361,2,410,133,0,133,543
01/27/2021,FXE,FL,ASO,ES,Towers with Radar,0,38,102,0,140,0,9,235,0,244,0,47,337,0,384,121,0,121,505
01/28/2021,FXE,FL,ASO,ES,Towers with Radar,0,37,91,0,128,0,13,148,0,161,0,50,239,0,289,68,0,68,357
01/29/2021,FXE,FL,ASO,ES,Towers with Radar,0,41,109,0,150,0,9,277,0,286,0,50,386,0,436,129,0,129,565
01/30/2021,FXE,FL,ASO,ES,Towers with Radar,0,48,64,0,112,0,7,264,0,271,0,55,328,0,383,196,0,196,579
01/31/2021,FXE,FL,ASO,ES,Towers with Radar,0,30,124,0,154,0,4,184,1,189,0,34,308,1,343,110,0,110,453
02/01/2021,FXE,FL,ASO,ES,Towers with Radar,0,33,78,1,112,0,7,122,0,129,0,40,200,1,241,110,0,110,351
02/02/2021,FXE,FL,ASO,ES,Towers with Radar,0,27,99,0,126,0,6,163,0,169,0,33,262,0,295,52,0,52,347
02/03/2021,FXE,FL,ASO,ES,Towers with Radar,0,37,100,0,137,0,12,240,0,252,0,49,340,0,389,159,0,159,548
02/04/2021,FXE,FL,ASO,ES,Towers with Radar,0,45,142,0,187,0,8,231,0,239,0,53,373,0,426,173,0,173,599
02/05/2021,FXE,FL,ASO,ES,Towers with Radar,0,36,149,0,185,0,11,286,0,297,0,47,435,0,482,238,0,238,720
02/06/2021,FXE,FL,ASO,ES,Towers with Radar,0,50,103,0,153,0,4,112,0,116,0,54,215,0,269,136,0,136,405
02/07/2021,FXE,FL,ASO,ES,Towers with Radar,0,34,83,0,117,0,0,72,0,72,0,34,155,0,189,124,0,124,313
02/08/2021,FXE,FL,ASO,ES,Towers with Radar,0,54,125,0,179,0,7,152,0,159,0,61,277,0,338,171,0,171,509
02/09/2021,FXE,FL,ASO,ES,Towers with Radar,0,44,108,0,152,0,10,292,0,302,0,54,400,0,454,141,0,141,595
02/10/2021,FXE,FL,ASO,ES,Towers with Radar,0,54,126,0,180,0,21,262,0,283,0,75,388,0,463,141,0,141,604
02/11/2021,FXE,FL,ASO,ES,Towers with Radar,0,43,135,0,178,0,20,228,0,248,0,63,363,0,426,226,0,226,652
02/12/2021,FXE,FL,ASO,ES,Towers with Radar,0,54,160,0,214,0,14,265,0,279,0,68,425,0,493,194,0,194,687
02/13/2021,FXE,FL,ASO,ES,Towers with Radar,0,54,106,0,160,0,2,197,0,199,0,56,303,0,359,131,0,131,490
02/14/2021,FXE,FL,ASO,ES,Towers with Radar,0,32,104,0,136,0,9,176,0,185,0,41,280,0,321,146,0,146,467
02/15/2021,FXE,FL,ASO,ES,Towers with Radar,0,35,129,0,164,0,5,245,0,250,0,40,374,0,414,177,0,177,591
02/16/2021,FXE,FL,ASO,ES,Towers with Radar,1,37,97,0,135,0,9,93,0,102,1,46,190,0,237,90,0,90,327
02/17/2021,FXE,FL,ASO,ES,Towers with Radar,0,75,136,0,211,0,8,198,0,206,0,83,334,0,417,211,0,211,628
02/18/2021,FXE,FL,ASO,ES,Towers with Radar,0,40,137,0,177,0,16,237,0,253,0,56,374,0,430,161,0,161,591
02/19/2021,FXE,FL,ASO,ES,Towers with Radar,0,50,107,0,157,0,16,189,0,205,0,66,296,0,362,133,0,133,495
02/20/2021,FXE,FL,ASO,ES,Towers with Radar,0,54,92,0,146,0,8,197,0,205,0,62,289,0,351,85,0,85,436
02/21/2021,FXE,FL,ASO,ES,Towers with Radar,3,57,141,0,201,0,6,106,0,112,3,63,247,0,313,46,0,46,359
02/22/2021,FXE,FL,ASO,ES,Towers with Radar,0,36,119,0,155,0,16,198,0,214,0,52,317,0,369,194,0,194,563
02/23/2021,FXE,FL,ASO,ES,Towers with Radar,0,38,139,1,178,0,10,208,0,218,0,48,347,1,396,159,0,159,555
02/24/2021,FXE,FL,ASO,ES,Towers with Radar,0,45,126,0,171,0,10,198,0,208,0,55,324,0,379,114,0,114,493
02/25/2021,FXE,FL,ASO,ES,Towers with Radar,0,36,121,0,157,0,11,226,0,237,0,47,347,0,394,163,0,163,557
02/26/2021,FXE,FL,ASO,ES,Towers with Radar,0,42,137,0,179,0,10,256,0,266,0,52,393,0,445,114,0,114,559
02/27/2021,FXE,FL,ASO,ES,Towers with Radar,0,57,97,0,154,0,7,226,0,233,0,64,323,0,387,217,0,217,604
02/28/2021,FXE,FL,ASO,ES,Towers with Radar,0,50,127,0,177,0,6,206,0,212,0,56,333,0,389,105,0,105,494
03/01/2021,FXE,FL,ASO,ES,Towers with Radar,0,48,121,0,169,0,15,253,0,268,0,63,374,0,437,6,0,6,443
03/02/2021,FXE,FL,ASO,ES,Towers with Radar,0,41,116,0,157,0,5,213,0,218,0,46,329,0,375,147,0,147,522
03/03/2021,FXE,FL,ASO,ES,Towers with Radar,0,37,117,0,154,0,13,200,0,213,0,50,317,0,367,106,0,106,473
03/04/2021,FXE,FL,ASO,ES,Towers with Radar,0,37,115,0,152,0,6,251,0,257,0,43,366,0,409,140,0,140,549
03/05/2021,FXE,FL,ASO,ES,Towers with Radar,0,34,127,0,161,0,12,266,0,278,0,46,393,0,439,130,0,130,569
03/06/2021,FXE,FL,ASO,ES,Towers with Radar,0,53,85,0,138,0,4,153,1,158,0,57,238,1,296,116,0,116,412
03/07/2021,FXE,FL,ASO,ES,Towers with Radar,0,35,125,0,160,0,8,153,0,161,0,43,278,0,321,39,0,39,360
03/08/2021,FXE,FL,ASO,ES,Towers with Radar,0,35,101,1,137,0,13,179,0,192,0,48,280,1,329,168,0,168,497
03/09/2021,FXE,FL,ASO,ES,Towers with Radar,0,36,92,0,128,0,9,236,0,245,0,45,328,0,373,100,0,100,473
03/10/2021,FXE,FL,ASO,ES,Towers with Radar,0,58,121,0,179,0,7,219,0,226,0,65,340,0,405,75,0,75,480
03/11/2021,FXE,FL,ASO,ES,Towers with Radar,0,58,127,3,188,0,8,213,0,221,0,66,340,3,409,54,0,54,463
03/12/2021,FXE,FL,ASO,ES,Towers with Radar,1,60,142,0,203,0,14,276,0,290,1,74,418,0,493,105,0,105,598
03/13/2021,FXE,FL,ASO,ES,Towers with Radar,0,58,113,0,171,0,15,300,0,315,0,73,413,0,486,83,0,83,569
03/14/2021,FXE,FL,ASO,ES,Towers with Radar,0,58,117,2,177,0,8,231,2,241,0,66,348,4,418,180,0,180,598
03/15/2021,FXE,FL,ASO,ES,Towers with Radar,1,58,125,3,187,0,13,234,2,249,1,71,359,5,436,219,0,219,655
03/16/2021,FXE,FL,ASO,ES,Towers with Radar,0,30,118,2,150,0,11,264,0,275,0,41,382,2,425,65,0,65,490
03/17/2021,FXE,FL,ASO,ES,Towers with Radar,0,40,121,0,161,0,15,224,0,239,0,55,345,0,400,169,0,169,569
03/18/2021,FXE,FL,ASO,ES,Towers with Radar,0,42,141,0,183,0,14,212,0,226,0,56,353,0,409,91,0,91,500
03/19/2021,FXE,FL,ASO,ES,Towers with Radar,0,63,124,5,192,0,11,215,0,226,0,74,339,5,418,161,0,161,579
03/20/2021,FXE,FL,ASO,ES,Towers with Radar,0,54,134,0,188,0,15,240,0,255,0,69,374,0,443,114,0,114,557
03/21/2021,FXE,FL,ASO,ES,Towers with Radar,0,66,107,0,173,0,9,163,0,172,0,75,270,0,345,108,0,108,453
03/22/2021,FXE,FL,ASO,ES,Towers with Radar,0,48,148,0,196,0,12,212,1,225,0,60,360,1,421,122,0,122,543
03/23/2021,FXE,FL,ASO,ES,Towers with Radar,0,46,134,0,180,0,11,274,0,285,0,57,408,0,465,114,0,114,579
03/24/2021,FXE,FL,ASO,ES,Towers with Radar,0,33,124,0,157,0,17,243,0,260,0,50,367,0,417,196,0,196,613
03/25/2021,FXE,FL,ASO,ES,Towers with Radar,0,51,148,0,199,0,10,181,0,191,0,61,329,0,390,154,0,154,544
03/26/2021,FXE,FL,ASO,ES,Towers with Radar,0,69,155,0,224,0,13,261,0,274,0,82,416,0,498,167,0,167,665
03/27/2021,FXE,FL,ASO,ES,Towers with Radar,1,74,127,0,202,0,11,242,0,253,1,85,369,0,455,25,0,25,480
03/28/2021,FXE,FL,ASO,ES,Towers with Radar,0,58,138,0,196,0,7,178,0,185,0,65,316,0,381,121,0,121,502
03/29/2021,FXE,FL,ASO,ES,Towers with Radar,0,47,139,3,189,0,13,257,0,270,0,60,396,3,459,6,0,6,465
03/30/2021,FXE,FL,ASO,ES,Towers with Radar,0,53,127,0,180,0,6,269,0,275,0,59,396,0,455,138,0,138,593
03/31/2021,FXE,FL,ASO,ES,Towers with Radar,0,51,131,0,182,0,7,279,1,287,0,58,410,1,469,200,0,200,669
04/01/2021,FXE,FL,ASO,ES,Towers with Radar,0,67,131,0,198,0,11,217,0,228,0,78,348,0,426,117,0,117,543
04/02/2021,FXE,FL,ASO,ES,Towers with Radar,0,53,105,1,159,0,10,177,0,187,0,63,282,1,346,87,0,87,433
04/03/2021,FXE,FL,ASO,ES,Towers with Radar,0,55,134,0,189,0,8,196,0,204,0,63,330,0,393,81,0,81,474
04/04/2021,FXE,FL,ASO,ES,Towers with Radar,0,51,125,0,176,0,6,162,0,168,0,57,287,0,344,114,0,114,458
04/05/2021,FXE,FL,ASO,ES,Towers with Radar,0,48,164,0,212,0,15,219,0,234,0,63,383,0,446,93,0,93,539
04/06/2021,FXE,FL,ASO,ES,Towers with Radar,0,51,129,0,180,0,9,302,0,311,0,60,431,0,491,100,0,100,591
04/07/2021,FXE,FL,ASO,ES,Towers with Radar,0,62,123,0,185,0,14,319,0,333,0,76,442,0,518,128,0,128,646
04/08/2021,FXE,FL,ASO,ES,Towers with Radar,0,58,131,0,189,0,16,254,0,270,0,74,385,0,459,116,0,116,575
04/09/2021,FXE,FL,ASO,ES,Towers with Radar,0,48,144,0,192,0,20,233,0,253,0,68,377,0,445,76,0,76,521
04/10/2021,FXE,FL,ASO,ES,Towers with Radar,0,51,122,0,173,0,11,248,0,259,0,62,370,0,432,68,0,68,500
04/11/2021,FXE,FL,ASO,ES,Towers with Radar,0,46,101,0,147,0,10,106,0,116,0,56,207,0,263,94,0,94,357
04/12/2021,FXE,FL,ASO,ES,Towers with Radar,0,51,181,0,232,0,14,222,1,237,0,65,403,1,469,105,0,105,574
04/13/2021,FXE,FL,ASO,ES,Towers with Radar,0,45,118,0,163,0,12,296,0,308,0,57,414,0,471,94,0,94,565
04/14/2021,FXE,FL,ASO,ES,Towers with Radar,0,46,124,0,170,0,14,273,0,287,0,60,397,0,457,118,0,118,575
04/15/2021,FXE,FL,ASO,ES,Towers with Radar,0,61,128,3,192,0,10,254,0,264,0,71,382,3,456,161,0,161,617
04/16/2021,FXE,FL,ASO,ES,Towers with Radar,3,48,155,2,208,0,11,215,0,226,3,59,370,2,434,71,0,71,505
04/17/2021,FXE,FL,ASO,ES,Towers with Radar,0,47,92,0,139,0,9,215,0,224,0,56,307,0,363,112,0,112,475
04/18/2021,FXE,FL,ASO,ES,Towers with Radar,0,69,126,1,196,0,2,200,1,203,0,71,326,2,399,106,0,106,505
04/19/2021,FXE,FL,ASO,ES,Towers with Radar,2,40,85,0,127,0,8,147,0,155,2,48,232,0,282,169,0,169,451
04/20/2021,FXE,FL,ASO,ES,Towers with Radar,0,43,106,0,149,0,7,141,0,148,0,50,247,0,297,108,0,108,405
04/21/2021,FXE,FL,ASO,ES,Towers with Radar,0,50,88,0,138,0,17,182,0,199,0,67,270,0,337,124,0,124,461
04/22/2021,FXE,FL,ASO,ES,Towers with Radar,0,49,152,1,202,0,9,265,0,274,0,58,417,1,476,132,0,132,608
04/23/2021,FXE,FL,ASO,ES,Towers with Radar,0,64,144,0,208,0,16,262,0,278,0,80,406,0,486,145,0,145,631
04/24/2021,FXE,FL,ASO,ES,Towers with Radar,0,53,111,0,164,0,4,196,1,201,0,57,307,1,365,148,0,148,513
04/25/2021,FXE,FL,ASO,ES,Towers with Radar,0,53,120,0,173,0,5,185,0,190,0,58,305,0,363,88,0,88,451
04/26/2021,FXE,FL,ASO,ES,Towers with Radar,0,37,131,0,168,0,13,256,0,269,0,50,387,0,437,139,0,139,576
04/27/2021,FXE,FL,ASO,ES,Towers with Radar,0,48,131,3,182,0,5,251,1,257,0,53,382,4,439,85,0,85,524
04/28/2021,FXE,FL,ASO,ES,Towers with Radar,0,47,133,3,183,0,23,255,0,278,0,70,388,3,461,75,0,75,536
04/29/2021,FXE,FL,ASO,ES,Towers with Radar,0,43,166,4,213,0,20,224,1,245,0,63,390,5,458,106,0,106,564
04/30/2021,FXE,FL,ASO,ES,Towers with Radar,0,49,139,0,188,0,13,218,0,231,0,62,357,0,419,93,0,93,512
05/01/2021,FXE,FL,ASO,ES,Towers with Radar,0,43,84,0,127,0,10,199,0,209,0,53,283,0,336,108,0,108,444
05/02/2021,FXE,FL,ASO,ES,Towers with Radar,1,59,139,0,199,0,15,180,0,195,1,74,319,0,394,80,0,80,474
05/03/2021,FXE,FL,ASO,ES,Towers with Radar,0,50,131,0,181,0,16,243,0,259,0,66,374,0,440,128,0,128,568
05/04/2021,FXE,FL,ASO,ES,Towers with Radar,0,35,116,0,151,0,8,295,1,304,0,43,411,1,455,49,0,49,504
05/05/2021,FXE,FL,ASO,ES,Towers with Radar,0,38,122,0,160,0,17,248,3,268,0,55,370,3,428,130,0,130,558
05/06/2021,FXE,FL,ASO,ES,Towers with Radar,1,38,113,0,152,0,11,171,1,183,1,49,284,1,335,58,0,58,393
05/07/2021,FXE,FL,ASO,ES,Towers with Radar,0,49,95,0,144,0,13,195,5,213,0,62,290,5,357,123,0,123,480
05/08/2021,FXE,FL,ASO,ES,Towers with Radar,0,41,106,0,147,0,5,159,1,165,0,46,265,1,312,61,0,61,373
05/09/2021,FXE,FL,ASO,ES,Towers with Radar,0,44,87,0,131,0,10,140,1,151,0,54,227,1,282,106,0,106,388
05/10/2021,FXE,FL,ASO,ES,Towers with Radar,0,48,128,0,176,0,6,201,0,207,0,54,329,0,383,166,0,166,549
05/11/2021,FXE,FL,ASO,ES,Towers with Radar,0,41,125,0,166,0,10,303,0,313,0,51,428,0,479,112,0,112,591
05/12/2021,FXE,FL,ASO,ES,Towers with Radar,0,48,109,0,157,0,18,202,0,220,0,66,311,0,377,117,0,117,494
05/13/2021,FXE,FL,ASO,ES,Towers with Radar,0,40,145,0,185,0,10,198,0,208,0,50,343,0,393,147,0,147,540
05/14/2021,FXE,FL,ASO,ES,Towers with Radar,0,50,125,0,175,0,9,227,0,236,0,59,352,0,411,115,0,115,526
05/15/2021,FXE,FL,ASO,ES,Towers with Radar,0,45,99,0,144,0,6,228,0,234,0,51,327,0,378,104,0,104,482
05/16/2021,FXE,FL,ASO,ES,Towers with Radar,0,55,117,0,172,0,10,173,0,183,0,65,290,0,355,90,0,90,445
05/17/2021,FXE,FL,ASO,ES,Towers with Radar,0,55,136,0,191,0,11,281,0,292,0,66,417,0,483,157,0,157,640
05/18/2021,FXE,FL,ASO,ES,Towers with Radar,0,53,131,0,184,0,8,231,1,240,0,61,362,1,424,66,0,66,490
05/19/2021,FXE,FL,ASO,ES,Towers with Radar,0,40,126,0,166,0,14,181,0,195,0,54,307,0,361,50,0,50,411
05/20/2021,FXE,FL,ASO,ES,Towers with Radar,0,60,143,0,203,0,10,153,0,163,0,70,296,0,366,81,0,81,447
05/21/2021,FXE,FL,ASO,ES,Towers with Radar,0,42,126,0,168,0,19,201,0,220,0,61,327,0,388,80,0,80,468
05/22/2021,FXE,FL,ASO,ES,Towers with Radar,0,44,80,0,124,0,21,213,0,234,0,65,293,0,358,108,0,108,466
05/23/2021,FXE,FL,ASO,ES,Towers with Radar,0,51,135,0,186,0,7,243,0,250,0,58,378,0,436,115,0,115,551
05/24/2021,FXE,FL,ASO,ES,Towers with Radar,0,40,133,2,175,0,14,284,0,298,0,54,417,2,473,182,0,182,655
05/25/2021,FXE,FL,ASO,ES,Towers with Radar,0,46,100,0,146,0,16,254,0,270,0,62,354,0,416,221,0,221,637
05/26/2021,FXE,FL,ASO,ES,Towers with Radar,0,50,133,0,183,0,19,287,0,306,0,69,420,0,489,171,0,171,660
05/27/2021,FXE,FL,ASO,ES,Towers with Radar,0,53,138,0,191,0,14,302,1,317,0,67,440,1,508,196,0,196,704
05/28/2021,FXE,FL,ASO,ES,Towers with Radar,0,44,160,0,204,0,21,291,1,313,0,65,451,1,517,81,0,81,598
05/29/2021,FXE,FL,ASO,ES,Towers with Radar,0,37,107,0,144,0,14,271,0,285,0,51,378,0,429,49,0,49,478
05/30/2021,FXE,FL,ASO,ES,Towers with Radar,0,26,81,0,107,0,3,166,4,173,0,29,247,4,280,128,0,128,408
05/31/2021,FXE,FL,ASO,ES,Towers with Radar,0,48,149,0,197,0,14,214,1,229,0,62,363,1,426,50,0,50,476
06/01/2021,FXE,FL,ASO,ES,Towers with Radar,0,61,119,0,180,0,15,103,0,118,0,76,222,0,298,126,0,126,424
06/02/2021,FXE,FL,ASO,ES,Towers with Radar,0,45,140,1,186,0,18,191,0,209,0,63,331,1,395,236,0,236,631
06/03/2021,FXE,FL,ASO,ES,Towers with Radar,1,42,106,0,149,0,12,152,0,164,1,54,258,0,313,144,0,144,457
06/04/2021,FXE,FL,ASO,ES,Towers with Radar,0,54,137,0,191,0,12,213,0,225,0,66,350,0,416,141,0,141,557
06/05/2021,FXE,FL,ASO,ES,Towers with Radar,0,39,96,0,135,0,11,232,0,243,0,50,328,0,378,66,0,66,444
06/06/2021,FXE,FL,ASO,ES,Towers with Radar,0,55,117,0,172,0,6,208,0,214,0,61,325,0,386,117,0,117,503
06/07/2021,FXE,FL,ASO,ES,Towers with Radar,0,41,123,0,164,0,12,229,0,241,0,53,352,0,405,142,0,142,547
06/08/2021,FXE,FL,ASO,ES,Towers with Radar,0,47,119,0,166,0,22,261,0,283,0,69,380,0,449,182,0,182,631
06/09/2021,FXE,FL,ASO,ES,Towers with Radar,0,50,123,0,173,0,15,271,0,286,0,65,394,0,459,149,0,149,608
06/10/2021,FXE,FL,ASO,ES,Towers with Radar,0,41,157,0,198,0,17,261,0,278,0,58,418,0,476,152,0,152,628
06/11/2021,FXE,FL,ASO,ES,Towers with Radar,0,47,127,2,176,0,12,254,0,266,0,59,381,2,442,178,0,178,620
06/12/2021,FXE,FL,ASO,ES,Towers with Radar,0,44,88,0,132,0,7,229,0,236,0,51,317,0,368,97,0,97,465
06/13/2021,FXE,FL,ASO,ES,Towers with Radar,0,56,101,0,157,0,7,193,0,200,0,63,294,0,357,96,0,96,453
06/14/2021,FXE,FL,ASO,ES,Towers with Radar,0,47,86,0,133,0,11,83,0,94,0,58,169,0,227,110,0,110,337
06/15/2021,FXE,FL,ASO,ES,Towers with Radar,0,46,98,0,144,0,7,134,0,141,0,53,232,0,285,69,0,69,354
06/16/2021,FXE,FL,ASO,ES,Towers with Radar,0,53,97,0,150,0,13,144,0,157,0,66,241,0,307,104,0,104,411
06/17/2021,FXE,FL,ASO,ES,Towers with Radar,0,52,113,0,165,0,9,204,0,213,0,61,317,0,378,214,0,214,592
06/18/2021,FXE,FL,ASO,ES,Towers with Radar,0,57,133,0,190,0,13,271,0,284,0,70,404,0,474,139,0,139,613
06/19/2021,FXE,FL,ASO,ES,Towers with Radar,1,32,111,0,144,0,9,274,0,283,1,41,385,0,427,133,0,133,560
06/20/2021,FXE,FL,ASO,ES,Towers with Radar,0,42,101,0,143,0,8,151,0,159,0,50,252,0,302,113,0,113,415
06/21/2021,FXE,FL,ASO,ES,Towers with Radar,0,41,132,0,173,0,17,231,0,248,0,58,363,0,421,180,0,180,601
06/22/2021,FXE,FL,ASO,ES,Towers with Radar,0,39,92,0,131,0,5,225,0,230,0,44,317,0,361,202,0,202,563
06/23/2021,FXE,FL,ASO,ES,Towers with Radar,0,34,92,1,127,0,16,196,0,212,0,50,288,1,339,254,0,254,593
06/24/2021,FXE,FL,ASO,ES,Towers with Radar,0,58,103,0,161,0,10,123,0,133,0,68,226,0,294,147,0,147,441
06/25/2021,FXE,FL,ASO,ES,Towers with Radar,0,48,86,0,134,0,21,163,0,184,0,69,249,0,318,178,0,178,496
06/26/2021,FXE,FL,ASO,ES,Towers with Radar,0,39,110,0,149,0,16,200,0,216,0,55,310,0,365,135,0,135,500
06/27/2021,FXE,FL,ASO,ES,Towers with Radar,5,42,97,0,144,0,12,194,1,207,5,54,291,1,351,130,0,130,481
06/28/2021,FXE,FL,ASO,ES,Towers with Radar,0,48,100,0,148,0,17,186,0,203,0,65,286,0,351,159,0,159,510
06/29/2021,FXE,FL,ASO,ES,Towers with Radar,0,32,105,0,137,0,10,179,0,189,0,42,284,0,326,250,0,250,576
06/30/2021,FXE,FL,ASO,ES,Towers with Radar,0,40,123,0,163,0,12,144,0,156,0,52,267,0,319,136,0,136,455
07/01/2021,FXE,FL,ASO,ES,Towers with Radar,0,46,169,0,215,0,17,140,0,157,0,63,309,0,372,39,0,39,411
07/02/2021,FXE,FL,ASO,ES,Towers with Radar,0,50,115,0,165,0,13,235,0,248,0,63,350,0,413,86,0,86,499
07/03/2021,FXE,FL,ASO,ES,Towers with Radar,0,46,97,0,143,0,16,208,1,225,0,62,305,1,368,112,0,112,480
07/04/2021,FXE,FL,ASO,ES,Towers with Radar,0,25,66,0,91,0,1,151,0,152,0,26,217,0,243,66,0,66,309
07/05/2021,FXE,FL,ASO,ES,Towers with Radar,0,47,94,0,141,0,10,120,0,130,0,57,214,0,271,67,0,67,338
07/06/2021,FXE,FL,ASO,ES,Towers with Radar,0,38,84,0,122,0,6,113,0,119,0,44,197,0,241,110,0,110,351
07/07/2021,FXE,FL,ASO,ES,Towers with Radar,0,39,125,0,164,0,20,267,0,287,0,59,392,0,451,156,0,156,607
07/08/2021,FXE,FL,ASO,ES,Towers with Radar,0,63,121,2,186,0,16,147,0,163,0,79,268,2,349,90,0,90,439
07/09/2021,FXE,FL,ASO,ES,Towers with Radar,0,52,139,0,191,0,18,227,0,245,0,70,366,0,436,165,0,165,601
07/10/2021,FXE,FL,ASO,ES,Towers with Radar,0,40,108,0,148,0,15,234,0,249,0,55,342,0,397,122,0,122,519
07/11/2021,FXE,FL,ASO,ES,Towers with Radar,0,46,125,0,171,0,11,202,0,213,0,57,327,0,384,86,0,86,470
07/12/2021,FXE,FL,ASO,ES,Towers with Radar,1,39,120,0,160,0,5,120,0,125,1,44,240,0,285,119,0,119,404
07/13/2021,FXE,FL,ASO,ES,Towers with Radar,0,54,114,0,168,0,10,202,0,212,0,64,316,0,380,121,0,121,501
07/14/2021,FXE,FL,ASO,ES,Towers with Radar,0,45,109,0,154,0,16,297,0,313,0,61,406,0,467,141,0,141,608
07/15/2021,FXE,FL,ASO,ES,Towers with Radar,0,43,131,0,174,0,11,243,0,254,0,54,374,0,428,93,0,93,521
07/16/2021,FXE,FL,ASO,ES,Towers with Radar,0,43,123,0,166,0,15,276,0,291,0,58,399,0,457,111,0,111,568
07/17/2021,FXE,FL,ASO,ES,Towers with Radar,2,29,109,0,140,0,14,196,0,210,2,43,305,0,350,162,0,162,512
07/18/2021,FXE,FL,ASO,ES,Towers with Radar,0,29,107,0,136,0,8,137,0,145,0,37,244,0,281,122,0,122,403
07/19/2021,FXE,FL,ASO,ES,Towers with Radar,0,44,118,0,162,0,18,216,0,234,0,62,334,0,396,90,0,90,486
07/20/2021,FXE,FL,ASO,ES,Towers with Radar,0,33,105,1,139,0,11,162,0,173,0,44,267,1,312,139,0,139,451
07/21/2021,FXE,FL,ASO,ES,Towers with Radar,0,42,148,0,190,0,16,266,0,282,0,58,414,0,472,138,0,138,610
07/22/2021,FXE,FL,ASO,ES,Towers with Radar,0,48,115,0,163,0,10,234,0,244,0,58,349,0,407,58,0,58,465
07/23/2021,FXE,FL,ASO,ES,Towers with Radar,0,40,115,0,155,0,14,199,0,213,0,54,314,0,368,120,0,120,488
07/24/2021,FXE,FL,ASO,ES,Towers with Radar,0,51,82,0,133,0,10,161,0,171,0,61,243,0,304,111,0,111,415
07/25/2021,FXE,FL,ASO,ES,Towers with Radar,0,47,102,0,149,0,7,178,0,185,0,54,280,0,334,150,0,150,484
07/26/2021,FXE,FL,ASO,ES,Towers with Radar,0,39,108,0,147,0,15,190,0,205,0,54,298,0,352,191,0,191,543
07/27/2021,FXE,FL,ASO,ES,Towers with Radar,0,32,99,0,131,0,11,216,0,227,0,43,315,0,358,163,0,163,521
07/28/2021,FXE,FL,ASO,ES,Towers with Radar,0,46,116,0,162,0,17,199,2,218,0,63,315,2,380,133,0,133,513
07/29/2021,FXE,FL,ASO,ES,Towers with Radar,0,41,107,2,150,0,12,205,1,218,0,53,312,3,368,136,0,136,504
07/30/2021,FXE,FL,ASO,ES,Towers with Radar,0,35,114,0,149,0,15,268,0,283,0,50,382,0,432,95,0,95,527
07/31/2021,FXE,FL,ASO,ES,Towers with Radar,0,46,114,0,160,0,11,215,0,226,0,57,329,0,386,134,0,134,520
08/01/2021,FXE,FL,ASO,ES,Towers with Radar,0,50,91,0,141,0,12,168,0,180,0,62,259,0,321,68,0,68,389
08/02/2021,FXE,FL,ASO,ES,Towers with Radar,0,34,105,0,139,0,10,172,0,182,0,44,277,0,321,137,0,137,458
08/03/2021,FXE,FL,ASO,ES,Towers with Radar,0,33,93,0,126,0,9,109,0,118,0,42,202,0,244,91,0,91,335
08/04/2021,FXE,FL,ASO,ES,Towers with Radar,0,46,119,0,165,0,20,169,0,189,0,66,288,0,354,99,0,99,453
08/05/2021,FXE,FL,ASO,ES,Towers with Radar,0,41,106,0,147,0,12,263,0,275,0,53,369,0,422,127,0,127,549
08/06/2021,FXE,FL,ASO,ES,Towers with Radar,0,46,102,0,148,0,20,261,0,281,0,66,363,0,429,127,0,127,556
08/07/2021,FXE,FL,ASO,ES,Towers with Radar,0,36,70,0,106,0,20,202,0,222,0,56,272,0,328,169,0,169,497
08/08/2021,FXE,FL,ASO,ES,Towers with Radar,0,57,103,0,160,0,10,192,0,202,0,67,295,0,362,108,0,108,470
08/09/2021,FXE,FL,ASO,ES,Towers with Radar,0,46,99,0,145,0,15,232,0,247,0,61,331,0,392,96,0,96,488
08/10/2021,FXE,FL,ASO,ES,Towers with Radar,0,34,82,0,116,0,11,273,0,284,0,45,355,0,400,42,0,42,442
08/11/2021,FXE,FL,ASO,ES,Towers with Radar,0,46,101,0,147,0,15,227,0,242,0,61,328,0,389,109,0,109,498
08/12/2021,FXE,FL,ASO,ES,Towers with Radar,0,29,109,0,138,0,15,258,0,273,0,44,367,0,411,118,0,118,529
08/13/2021,FXE,FL,ASO,ES,Towers with Radar,0,44,104,0,148,0,20,177,0,197,0,64,281,0,345,183,0,183,528
08/14/2021,FXE,FL,ASO,ES,Towers with Radar,0,34,60,0,94,0,8,91,0,99,0,42,151,0,193,89,0,89,282
08/15/2021,FXE,FL,ASO,ES,Towers with Radar,0,39,99,0,138,0,11,116,0,127,0,50,215,0,265,132,0,132,397
08/16/2021,FXE,FL,ASO,ES,Towers with Radar,0,39,82,0,121,0,13,238,0,251,0,52,320,0,372,190,0,190,562
08/17/2021,FXE,FL,ASO,ES,Towers with Radar,0,50,80,1,131,0,9,267,0,276,0,59,347,1,407,220,0,220,627
08/18/2021,FXE,FL,ASO,ES,Towers with Radar,0,41,108,0,149,0,18,244,0,262,0,59,352,0,411,36,0,36,447
08/19/2021,FXE,FL,ASO,ES,Towers with Radar,0,44,121,2,167,0,15,190,2,207,0,59,311,4,374,242,0,242,616
08/20/2021,FXE,FL,ASO,ES,Towers with Radar,0,32,126,3,161,0,13,230,0,243,0,45,356,3,404,171,0,171,575
08/21/2021,FXE,FL,ASO,ES,Towers with Radar,0,37,80,0,117,0,11,214,0,225,0,48,294,0,342,69,0,69,411
08/22/2021,FXE,FL,ASO,ES,Towers with Radar,0,27,101,0,128,0,4,153,0,157,0,31,254,0,285,174,0,174,459
08/23/2021,FXE,FL,ASO,ES,Towers with Radar,0,28,112,0,140,0,18,200,0,218,0,46,312,0,358,224,0,224,582
08/24/2021,FXE,FL,ASO,ES,Towers with Radar,0,36,109,2,147,0,12,254,1,267,0,48,363,3,414,156,0,156,570
08/25/2021,FXE,FL,ASO,ES,Towers with Radar,1,38,116,1,156,0,14,155,0,169,1,52,271,1,325,119,0,119,444
08/26/2021,FXE,FL,ASO,ES,Towers with Radar,0,38,125,1,164,0,9,181,0,190,0,47,306,1,354,175,0,175,529
08/27/2021,FXE,FL,ASO,ES,Towers with Radar,0,30,111,0,141,0,13,210,1,224,0,43,321,1,365,179,0,179,544
08/28/2021,FXE,FL,ASO,ES,Towers with Radar,0,37,97,0,134,0,7,192,0,199,0,44,289,0,333,170,0,170,503
08/29/2021,FXE,FL,ASO,ES,Towers with Radar,0,32,95,0,127,0,3,207,1,211,0,35,302,1,338,182,0,182,520
08/30/2021,FXE,FL,ASO,ES,Towers with Radar,0,39,92,0,131,0,18,189,1,208,0,57,281,1,339,111,0,111,450
08/31/2021,FXE,FL,ASO,ES,Towers with Radar,0,39,92,0,131,0,13,215,0,228,0,52,307,0,359,230,0,230,589
09/01/2021,FXE,FL,ASO,ES,Towers with Radar,0,47,93,0,140,0,13,214,0,227,0,60,307,0,367,147,0,147,514
09/02/2021,FXE,FL,ASO,ES,Towers with Radar,0,55,118,2,175,0,5,134,0,139,0,60,252,2,314,193,0,193,507
09/03/2021,FXE,FL,ASO,ES,Towers with Radar,0,52,98,0,150,0,18,195,0,213,0,70,293,0,363,137,0,137,500
09/04/2021,FXE,FL,ASO,ES,Towers with Radar,0,26,63,0,89,0,10,155,0,165,0,36,218,0,254,189,0,189,443
09/05/2021,FXE,FL,ASO,ES,Towers with Radar,0,19,56,0,75,0,6,129,0,135,0,25,185,0,210,168,0,168,378
09/06/2021,FXE,FL,ASO,ES,Towers with Radar,0,34,101,0,135,0,13,203,0,216,0,47,304,0,351,160,0,160,511
09/07/2021,FXE,FL,ASO,ES,Towers with Radar,0,30,111,0,141,0,14,233,0,247,0,44,344,0,388,151,0,151,539
09/08/2021,FXE,FL,ASO,ES,Towers with Radar,0,39,101,0,140,0,8,222,0,230,0,47,323,0,370,187,0,187,557
09/09/2021,FXE,FL,ASO,ES,Towers with Radar,0,50,113,0,163,0,5,170,0,175,0,55,283,0,338,132,0,132,470
09/10/2021,FXE,FL,ASO,ES,Towers with Radar,0,43,112,0,155,0,14,232,0,246,0,57,344,0,401,176,0,176,577
09/11/2021,FXE,FL,ASO,ES,Towers with Radar,0,29,80,0,109,0,13,229,0,242,0,42,309,0,351,130,0,130,481
09/12/2021,FXE,FL,ASO,ES,Towers with Radar,0,31,75,0,106,0,6,158,0,164,0,37,233,0,270,96,0,96,366
09/13/2021,FXE,FL,ASO,ES,Towers with Radar,0,24,91,0,115,0,16,95,0,111,0,40,186,0,226,203,0,203,429
09/14/2021,FXE,FL,ASO,ES,Towers with Radar,0,35,112,0,147,0,13,306,0,319,0,48,418,0,466,207,0,207,673
09/15/2021,FXE,FL,ASO,ES,Towers with Radar,0,36,82,0,118,0,22,264,0,286,0,58,346,0,404,214,0,214,618
09/16/2021,FXE,FL,ASO,ES,Towers with Radar,0,36,86,1,123,0,9,195,1,205,0,45,281,2,328,179,0,179,507
09/17/2021,FXE,FL,ASO,ES,Towers with Radar,0,40,103,2,145,0,16,197,0,213,0,56,300,2,358,153,0,153,511
09/18/2021,FXE,FL,ASO,ES,Towers with Radar,1,33,88,0,122,0,7,181,1,189,1,40,269,1,311,169,0,169,480
09/19/2021,FXE,FL,ASO,ES,Towers with Radar,0,32,107,0,139,0,2,169,0,171,0,34,276,0,310,198,0,198,508
09/20/2021,FXE,FL,ASO,ES,Towers with Radar,0,41,96,2,139,0,11,159,0,170,0,52,255,2,309,334,0,334,643
09/21/2021,FXE,FL,ASO,ES,Towers with Radar,0,33,81,1,115,0,5,126,0,131,0,38,207,1,246,121,0,121,367
09/22/2021,FXE,FL,ASO,ES,Towers with Radar,0,45,73,2,120,0,14,125,0,139,0,59,198,2,259,128,0,128,387
09/23/2021,FXE,FL,ASO,ES,Towers with Radar,0,33,106,0,139,0,3,220,0,223,0,36,326,0,362,159,0,159,521
09/24/2021,FXE,FL,ASO,ES,Towers with Radar,0,47,110,0,157,0,13,210,0,223,0,60,320,0,380,173,0,173,553
09/25/2021,FXE,FL,ASO,ES,Towers with Radar,0,31,68,1,100,0,9,199,0,208,0,40,267,1,308,171,0,171,479
09/26/2021,FXE,FL,ASO,ES,Towers with Radar,0,24,50,0,74,0,9,135,0,144,0,33,185,0,218,132,0,132,350
09/27/2021,FXE,FL,ASO,ES,Towers with Radar,0,38,110,0,148,0,12,233,0,245,0,50,343,0,393,284,0,284,677
09/28/2021,FXE,FL,ASO,ES,Towers with Radar,0,23,91,0,114,0,6,239,0,245,0,29,330,0,359,179,0,179,538
09/29/2021,FXE,FL,ASO,ES,Towers with Radar,0,31,104,0,135,0,12,272,0,284,0,43,376,0,419,232,0,232,651
09/30/2021,FXE,FL,ASO,ES,Towers with Radar,0,49,137,0,186,0,7,245,0,252,0,56,382,0,438,138,0,138,576
10/01/2021,FXE,FL,ASO,ES,Towers with Radar,0,47,106,0,153,0,13,133,0,146,0,60,239,0,299,225,0,225,524
10/02/2021,FXE,FL,ASO,ES,Towers with Radar,0,30,72,1,103,0,9,153,0,162,0,39,225,1,265,200,0,200,465
10/03/2021,FXE,FL,ASO,ES,Towers with Radar,0,39,121,0,160,0,10,164,0,174,0,49,285,0,334,161,0,161,495
10/04/2021,FXE,FL,ASO,ES,Towers with Radar,0,41,118,5,164,0,13,213,0,226,0,54,331,5,390,198,0,198,588
10/05/2021,FXE,FL,ASO,ES,Towers with Radar,0,28,105,0,133,0,11,234,0,245,0,39,339,0,378,204,0,204,582
10/06/2021,FXE,FL,ASO,ES,Towers with Radar,0,45,124,0,169,0,14,226,0,240,0,59,350,0,409,215,0,215,624
10/07/2021,FXE,FL,ASO,ES,Towers with Radar,0,39,147,0,186,0,8,235,0,243,0,47,382,0,429,216,0,216,645
10/08/2021,FXE,FL,ASO,ES,Towers with Radar,0,49,131,5,185,0,15,261,0,276,0,64,392,5,461,91,0,91,552
10/09/2021,FXE,FL,ASO,ES,Towers with Radar,0,46,82,0,128,0,5,144,0,149,0,51,226,0,277,85,0,85,362
10/10/2021,FXE,FL,ASO,ES,Towers with Radar,0,30,128,0,158,0,4,153,0,157,0,34,281,0,315,167,0,167,482
10/11/2021,FXE,FL,ASO,ES,Towers with Radar,0,48,119,0,167,0,12,200,0,212,0,60,319,0,379,152,0,152,531
10/12/2021,FXE,FL,ASO,ES,Towers with Radar,0,39,131,3,173,0,9,269,0,278,0,48,400,3,451,192,0,192,643
10/13/2021,FXE,FL,ASO,ES,Towers with Radar,0,47,129,0,176,24,9,226,0,259,24,56,355,0,435,215,0,215,650
10/14/2021,FXE,FL,ASO,ES,Towers with Radar,0,41,136,0,177,0,13,212,0,225,0,54,348,0,402,198,0,198,600
10/15/2021,FXE,FL,ASO,ES,Towers with Radar,0,58,126,0,184,0,14,209,0,223,0,72,335,0,407,189,0,189,596
10/16/2021,FXE,FL,ASO,ES,Towers with Radar,0,34,84,0,118,0,12,169,0,181,0,46,253,0,299,145,0,145,444
10/17/2021,FXE,FL,ASO,ES,Towers with Radar,0,38,110,1,149,0,10,208,0,218,0,48,318,1,367,142,0,142,509
10/18/2021,FXE,FL,ASO,ES,Towers with Radar,0,28,123,4,155,0,21,250,0,271,0,49,373,4,426,142,0,142,568
10/19/2021,FXE,FL,ASO,ES,Towers with Radar,0,34,110,0,144,0,10,272,0,282,0,44,382,0,426,211,0,211,637
10/20/2021,FXE,FL,ASO,ES,Towers with Radar,0,44,131,0,175,0,11,221,0,232,0,55,352,0,407,276,0,276,683
10/21/2021,FXE,FL,ASO,ES,Towers with Radar,0,52,144,0,196,0,13,224,0,237,0,65,368,0,433,177,0,177,610
10/22/2021,FXE,FL,ASO,ES,Towers with Radar,0,45,132,1,178,0,8,117,1,126,0,53,249,2,304,132,0,132,436
10/23/2021,FXE,FL,ASO,ES,Towers with Radar,0,38,103,0,141,0,9,121,0,130,0,47,224,0,271,133,0,133,404
10/24/2021,FXE,FL,ASO,ES,Towers with Radar,0,42,123,0,165,0,11,143,0,154,0,53,266,0,319,218,0,218,537
10/25/2021,FXE,FL,ASO,ES,Towers with Radar,0,58,102,0,160,0,13,147,0,160,0,71,249,0,320,125,0,125,445
10/26/2021,FXE,FL,ASO,ES,Towers with Radar,1,45,147,0,193,0,16,172,0,188,1,61,319,0,381,161,0,161,542
10/27/2021,FXE,FL,ASO,ES,Towers with Radar,0,65,150,2,217,0,9,226,0,235,0,74,376,2,452,165,0,165,617
10/28/2021,FXE,FL,ASO,ES,Towers with Radar,0,63,153,0,216,0,15,145,0,160,0,78,298,0,376,122,0,122,498
10/29/2021,FXE,FL,ASO,ES,Towers with Radar,0,68,162,0,230,0,13,186,0,199,0,81,348,0,429,137,0,137,566
10/30/2021,FXE,FL,ASO,ES,Towers with Radar,0,37,133,1,171,0,5,174,0,179,0,42,307,1,350,107,0,107,457
10/31/2021,FXE,FL,ASO,ES,Towers with Radar,2,55,151,1,209,0,10,206,0,216,2,65,357,1,425,102,0,102,527
11/01/2021,FXE,FL,ASO,ES,Towers with Radar,0,66,141,0,207,0,12,222,0,234,0,78,363,0,441,145,0,145,586
11/02/2021,FXE,FL,ASO,ES,Towers with Radar,0,39,141,0,180,0,10,157,0,167,0,49,298,0,347,101,0,101,448
11/03/2021,FXE,FL,ASO,ES,Towers with Radar,0,57,135,1,193,0,21,261,0,282,0,78,396,1,475,108,0,108,583
11/04/2021,FXE,FL,ASO,ES,Towers with Radar,0,56,154,0,210,0,17,246,0,263,0,73,400,0,473,205,0,205,678
11/05/2021,FXE,FL,ASO,ES,Towers with Radar,0,58,110,4,172,0,4,19,0,23,0,62,129,4,195,18,0,18,213
11/06/2021,FXE,FL,ASO,ES,Towers with Radar,0,52,117,0,169,0,11,139,0,150,0,63,256,0,319,46,0,46,365
11/07/2021,FXE,FL,ASO,ES,Towers with Radar,0,54,146,0,200,0,8,197,0,205,0,62,343,0,405,75,0,75,480
11/08/2021,FXE,FL,ASO,ES,Towers with Radar,0,57,142,0,199,0,15,237,0,252,0,72,379,0,451,121,0,121,572
11/09/2021,FXE,FL,ASO,ES,Towers with Radar,0,59,107,0,166,0,11,291,0,302,0,70,398,0,468,202,0,202,670
11/10/2021,FXE,FL,ASO,ES,Towers with Radar,0,41,145,0,186,0,16,227,0,243,0,57,372,0,429,170,0,170,599
11/11/2021,FXE,FL,ASO,ES,Towers with Radar,1,58,149,0,208,0,10,227,1,238,1,68,376,1,446,107,0,107,553
11/12/2021,FXE,FL,ASO,ES,Towers with Radar,0,51,162,0,213,0,15,145,0,160,0,66,307,0,373,233,0,233,606
11/13/2021,FXE,FL,ASO,ES,Towers with Radar,0,43,89,0,132,0,11,217,0,228,0,54,306,0,360,193,0,193,553
11/14/2021,FXE,FL,ASO,ES,Towers with Radar,0,50,142,0,192,0,8,235,0,243,0,58,377,0,435,128,0,128,563
11/15/2021,FXE,FL,ASO,ES,Towers with Radar,0,58,161,0,219,0,21,224,0,245,0,79,385,0,464,184,0,184,648
11/16/2021,FXE,FL,ASO,ES,Towers with Radar,0,46,139,0,185,0,11,308,0,319,0,57,447,0,504,213,0,213,717
11/17/2021,FXE,FL,ASO,ES,Towers with Radar,0,59,125,0,184,0,13,279,0,292,0,72,404,0,476,140,0,140,616
11/18/2021,FXE,FL,ASO,ES,Towers with Radar,0,53,147,0,200,0,11,130,0,141,0,64,277,0,341,153,0,153,494
11/19/2021,FXE,FL,ASO,ES,Towers with Radar,0,76,172,0,248,0,13,87,0,100,0,89,259,0,348,50,0,50,398
11/20/2021,FXE,FL,ASO,ES,Towers with Radar,0,60,125,0,185,0,13,131,0,144,0,73,256,0,329,133,0,133,462
11/21/2021,FXE,FL,ASO,ES,Towers with Radar,0,56,118,0,174,0,8,102,0,110,0,64,220,0,284,103,0,103,387
11/22/2021,FXE,FL,ASO,ES,Towers with Radar,0,48,129,0,177,0,15,183,0,198,0,63,312,0,375,178,0,178,553
11/23/2021,FXE,FL,ASO,ES,Towers with Radar,0,61,158,0,219,0,16,236,0,252,0,77,394,0,471,161,0,161,632
11/24/2021,FXE,FL,ASO,ES,Towers with Radar,0,60,145,0,205,0,15,206,0,221,0,75,351,0,426,80,0,80,506
11/25/2021,FXE,FL,ASO,ES,Towers with Radar,0,19,56,0,75,0,2,118,0,120,0,21,174,0,195,67,0,67,262
11/26/2021,FXE,FL,ASO,ES,Towers with Radar,0,47,98,0,145,0,19,150,0,169,0,66,248,0,314,113,0,113,427
11/27/2021,FXE,FL,ASO,ES,Towers with Radar,0,63,123,0,186,0,15,177,0,192,0,78,300,0,378,135,0,135,513
11/28/2021,FXE,FL,ASO,ES,Towers with Radar,0,64,169,0,233,0,13,187,0,200,0,77,356,0,433,135,0,135,568
11/29/2021,FXE,FL,ASO,ES,Towers with Radar,0,57,117,0,174,0,20,241,0,261,0,77,358,0,435,116,0,116,551
11/30/2021,FXE,FL,ASO,ES,Towers with Radar,1,60,119,0,180,0,12,271,0,283,1,72,390,0,463,109,0,109,572
12/01/2021,FXE,FL,ASO,ES,Towers with Radar,0,55,139,0,194,0,12,254,0,266,0,67,393,0,460,180,0,180,640
12/02/2021,FXE,FL,ASO,ES,Towers with Radar,0,46,135,0,181,0,18,225,0,243,0,64,360,0,424,188,0,188,612
12/03/2021,FXE,FL,ASO,ES,Towers with Radar,0,42,145,0,187,0,25,242,0,267,0,67,387,0,454,195,0,195,649
12/04/2021,FXE,FL,ASO,ES,Towers with Radar,0,38,131,0,169,0,11,188,0,199,0,49,319,0,368,269,0,269,637
12/05/2021,FXE,FL,ASO,ES,Towers with Radar,0,43,128,0,171,0,15,164,0,179,0,58,292,0,350,152,0,152,502
12/06/2021,FXE,FL,ASO,ES,Towers with Radar,0,50,131,0,181,0,13,100,0,113,0,63,231,0,294,184,0,184,478
12/07/2021,FXE,FL,ASO,ES,Towers with Radar,0,53,143,0,196,0,17,258,0,275,0,70,401,0,471,214,0,214,685
12/08/2021,FXE,FL,ASO,ES,Towers with Radar,0,78,157,0,235,0,15,267,0,282,0,93,424,0,517,133,0,133,650
12/09/2021,FXE,FL,ASO,ES,Towers with Radar,0,59,134,0,193,0,13,224,0,237,0,72,358,0,430,146,0,146,576
12/10/2021,FXE,FL,ASO,ES,Towers with Radar,0,47,166,0,213,0,9,230,0,239,0,56,396,0,452,268,0,268,720
12/11/2021,FXE,FL,ASO,ES,Towers with Radar,0,41,126,0,167,0,12,229,0,241,0,53,355,0,408,112,0,112,520
12/12/2021,FXE,FL,ASO,ES,Towers with Radar,0,35,147,2,184,0,13,188,0,201,0,48,335,2,385,152,0,152,537
12/13/2021,FXE,FL,ASO,ES,Towers with Radar,0,41,130,0,171,0,12,221,0,233,0,53,351,0,404,125,0,125,529
12/14/2021,FXE,FL,ASO,ES,Towers with Radar,0,51,124,0,175,0,13,212,0,225,0,64,336,0,400,208,0,208,608
12/15/2021,FXE,FL,ASO,ES,Towers with Radar,0,68,122,0,190,0,11,197,0,208,0,79,319,0,398,165,0,165,563
12/16/2021,FXE,FL,ASO,ES,Towers with Radar,0,52,160,0,212,0,16,227,0,243,0,68,387,0,455,134,0,134,589
12/17/2021,FXE,FL,ASO,ES,Towers with Radar,0,49,166,0,215,0,13,255,1,269,0,62,421,1,484,168,0,168,652
12/18/2021,FXE,FL,ASO,ES,Towers with Radar,0,73,142,0,215,0,16,166,0,182,0,89,308,0,397,141,0,141,538
12/19/2021,FXE,FL,ASO,ES,Towers with Radar,0,51,115,0,166,0,9,139,0,148,0,60,254,0,314,138,0,138,452
12/20/2021,FXE,FL,ASO,ES,Towers with Radar,0,64,127,0,191,0,17,136,0,153,0,81,263,0,344,88,0,88,432
12/21/2021,FXE,FL,ASO,ES,Towers with Radar,0,57,85,0,142,0,15,94,0,109,0,72,179,0,251,97,0,97,348
12/22/2021,FXE,FL,ASO,ES,Towers with Radar,0,60,114,0,174,0,20,119,0,139,0,80,233,0,313,69,0,69,382
12/23/2021,FXE,FL,ASO,ES,Towers with Radar,0,68,115,0,183,0,17,209,0,226,0,85,324,0,409,57,0,57,466
12/24/2021,FXE,FL,ASO,ES,Towers with Radar,0,51,70,0,121,0,14,146,0,160,0,65,216,0,281,42,0,42,323
12/25/2021,FXE,FL,ASO,ES,Towers with Radar,0,21,39,0,60,0,1,47,0,48,0,22,86,0,108,47,0,47,155
12/26/2021,FXE,FL,ASO,ES,Towers with Radar,0,58,140,0,198,0,12,174,0,186,0,70,314,0,384,115,0,115,499
12/27/2021,FXE,FL,ASO,ES,Towers with Radar,0,72,175,0,247,0,3,231,0,234,0,75,406,0,481,54,0,54,535
12/28/2021,FXE,FL,ASO,ES,Towers with Radar,0,80,149,0,229,0,11,205,1,217,0,91,354,1,446,81,0,81,527
12/29/2021,FXE,FL,ASO,ES,Towers with Radar,0,70,117,0,187,0,19,197,0,216,0,89,314,0,403,22,0,22,425
12/30/2021,FXE,FL,ASO,ES,Towers with Radar,0,52,160,0,212,0,10,183,0,193,0,62,343,0,405,18,0,18,423
12/31/2021,FXE,FL,ASO,ES,Towers with Radar,0,48,83,0,131,0,8,138,0,146,0,56,221,0,277,7,0,7,284
01/01/2022,FXE,FL,ASO,ES,Towers with Radar,0,60,89,0,149,0,1,85,0,86,0,61,174,0,235,27,0,27,262
01/02/2022,FXE,FL,ASO,ES,Towers with Radar,1,66,184,0,251,0,17,156,0,173,1,83,340,0,424,22,0,22,446
01/03/2022,FXE,FL,ASO,ES,Towers with Radar,0,72,169,1,242,0,16,156,0,172,0,88,325,1,414,71,0,71,485
01/04/2022,FXE,FL,ASO,ES,Towers with Radar,0,67,143,0,210,0,13,232,0,245,0,80,375,0,455,150,0,150,605
01/05/2022,FXE,FL,ASO,ES,Towers with Radar,0,45,144,2,191,0,11,167,0,178,0,56,311,2,369,106,0,106,475
01/06/2022,FXE,FL,ASO,ES,Towers with Radar,0,48,114,0,162,0,12,176,0,188,0,60,290,0,350,130,0,130,480
01/07/2022,FXE,FL,ASO,ES,Towers with Radar,0,54,108,0,162,0,19,192,0,211,0,73,300,0,373,66,0,66,439
01/08/2022,FXE,FL,ASO,ES,Towers with Radar,0,68,114,0,182,0,10,150,0,160,0,78,264,0,342,120,0,120,462
01/09/2022,FXE,FL,ASO,ES,Towers with Radar,0,74,145,0,219,0,2,105,0,107,0,76,250,0,326,41,0,41,367
01/10/2022,FXE,FL,ASO,ES,Towers with Radar,0,49,134,0,183,0,5,181,0,186,0,54,315,0,369,159,0,159,528
01/11/2022,FXE,FL,ASO,ES,Towers with Radar,0,35,101,0,136,0,7,121,0,128,0,42,222,0,264,116,0,116,380
01/12/2022,FXE,FL,ASO,ES,Towers with Radar,0,43,148,0,191,0,12,228,0,240,0,55,376,0,431,149,0,149,580
01/13/2022,FXE,FL,ASO,ES,Towers with Radar,0,57,131,0,188,0,10,191,0,201,0,67,322,0,389,200,0,200,589
01/14/2022,FXE,FL,ASO,ES,Towers with Radar,0,45,137,0,182,0,12,235,0,247,0,57,372,0,429,129,0,129,558
01/15/2022,FXE,FL,ASO,ES,Towers with Radar,0,71,125,0,196,0,9,264,0,273,0,80,389,0,469,142,0,142,611
01/16/2022,FXE,FL,ASO,ES,Towers with Radar,0,35,75,1,111,0,2,47,0,49,0,37,122,1,160,30,0,30,190
01/17/2022,FXE,FL,ASO,ES,Towers with Radar,0,55,120,2,177,0,12,231,0,243,0,67,351,2,420,150,0,150,570
01/18/2022,FXE,FL,ASO,ES,Towers with Radar,0,48,159,0,207,0,12,308,0,320,0,60,467,0,527,140,0,140,667
01/19/2022,FXE,FL,ASO,ES,Towers with Radar,0,52,139,1,192,0,12,243,0,255,0,64,382,1,447,179,0,179,626
01/20/2022,FXE,FL,ASO,ES,Towers with Radar,0,59,142,1,202,0,12,191,1,204,0,71,333,2,406,96,0,96,502
01/21/2022,FXE,FL,ASO,ES,Towers with Radar,0,42,145,1,188,0,18,154,0,172,0,60,299,1,360,243,0,243,603
01/22/2022,FXE,FL,ASO,ES,Towers with Radar,0,48,95,2,145,0,6,65,0,71,0,54,160,2,216,68,0,68,284
01/23/2022,FXE,FL,ASO,ES,Towers with Radar,0,56,150,1,207,0,4,66,0,70,0,60,216,1,277,21,0,21,298
01/24/2022,FXE,FL,ASO,ES,Towers with Radar,0,41,125,0,166,0,12,244,0,256,0,53,369,0,422,142,0,142,564
01/25/2022,FXE,FL,ASO,ES,Towers with Radar,0,36,133,1,170,0,12,233,0,245,0,48,366,1,415,292,0,292,707
01/26/2022,FXE,FL,ASO,ES,Towers with Radar,0,47,115,0,162,0,4,125,0,129,0,51,240,0,291,113,0,113,404
01/27/2022,FXE,FL,ASO,ES,Towers with Radar,0,54,137,0,191,0,11,163,0,174,0,65,300,0,365,107,0,107,472
01/28/2022,FXE,FL,ASO,ES,Towers with Radar,0,62,139,0,201,0,11,89,0,100,0,73,228,0,301,69,0,69,370
01/29/2022,FXE,FL,ASO,ES,Towers with Radar,0,40,74,1,115,0,9,108,0,117,0,49,182,1,232,56,0,56,288
01/30/2022,FXE,FL,ASO,ES,Towers with Radar,0,52,127,0,179,0,8,229,0,237,0,60,356,0,416,143,0,143,559
01/31/2022,FXE,FL,ASO,ES,Towers with Radar,0,45,133,0,178,0,14,272,0,286,0,59,405,0,464,159,0,159,623
02/01/2022,FXE,FL,ASO,ES,Towers with Radar,0,38,128,0,166,0,13,265,0,278,0,51,393,0,444,192,0,192,636
02/02/2022,FXE,FL,ASO,ES,Towers with Radar,0,52,138,0,190,0,14,174,0,188,0,66,312,0,378,84,0,84,462
02/03/2022,FXE,FL,ASO,ES,Towers with Radar,0,62,131,0,193,0,17,226,1,244,0,79,357,1,437,67,0,67,504
02/04/2022,FXE,FL,ASO,ES,Towers with Radar,0,46,154,0,200,0,14,225,0,239,0,60,379,0,439,122,0,122,561
02/05/2022,FXE,FL,ASO,ES,Towers with Radar,0,51,96,0,147,0,10,216,0,226,0,61,312,0,373,191,0,191,564
02/06/2022,FXE,FL,ASO,ES,Towers with Radar,0,53,136,0,189,0,6,164,0,170,0,59,300,0,359,115,0,115,474
02/07/2022,FXE,FL,ASO,ES,Towers with Radar,1,51,133,3,188,0,16,192,0,208,1,67,325,3,396,186,0,186,582
02/08/2022,FXE,FL,ASO,ES,Towers with Radar,0,40,134,1,175,0,7,154,0,161,0,47,288,1,336,124,0,124,460
02/09/2022,FXE,FL,ASO,ES,Towers with Radar,0,77,127,0,204,0,3,42,0,45,0,80,169,0,249,13,0,13,262
02/10/2022,FXE,FL,ASO,ES,Towers with Radar,1,68,149,2,220,0,14,272,0,286,1,82,421,2,506,111,0,111,617
02/11/2022,FXE,FL,ASO,ES,Towers with Radar,0,59,151,0,210,0,18,240,0,258,0,77,391,0,468,209,0,209,677
02/12/2022,FXE,FL,ASO,ES,Towers with Radar,0,71,114,1,186,0,15,300,0,315,0,86,414,1,501,206,0,206,707
02/13/2022,FXE,FL,ASO,ES,Towers with Radar,0,53,75,0,128,0,3,82,0,85,0,56,157,0,213,70,0,70,283
02/14/2022,FXE,FL,ASO,ES,Towers with Radar,0,49,132,0,181,0,17,276,0,293,0,66,408,0,474,139,0,139,613
02/15/2022,FXE,FL,ASO,ES,Towers with Radar,0,46,121,1,168,0,16,218,0,234,0,62,339,1,402,100,0,100,502
02/16/2022,FXE,FL,ASO,ES,Towers with Radar,0,66,143,3,212,0,11,163,0,174,0,77,306,3,386,72,0,72,458
02/17/2022,FXE,FL,ASO,ES,Towers with Radar,0,81,152,0,233,0,15,228,0,243,0,96,380,0,476,151,0,151,627
02/18/2022,FXE,FL,ASO,ES,Towers with Radar,0,75,163,0,238,0,14,272,1,287,0,89,435,1,525,168,0,168,693
02/19/2022,FXE,FL,ASO,ES,Towers with Radar,0,59,156,0,215,0,10,154,0,164,0,69,310,0,379,55,0,55,434
02/20/2022,FXE,FL,ASO,ES,Towers with Radar,0,64,160,0,224,0,5,235,0,240,0,69,395,0,464,183,0,183,647
02/21/2022,FXE,FL,ASO,ES,Towers with Radar,0,64,185,1,250,0,23,310,0,333,0,87,495,1,583,200,0,200,783
02/22/2022,FXE,FL,ASO,ES,Towers with Radar,0,59,159,0,218,0,16,299,0,315,0,75,458,0,533,145,0,145,678
02/23/2022,FXE,FL,ASO,ES,Towers with Radar,1,61,139,1,202,0,11,240,1,252,1,72,379,2,454,163,0,163,617
02/24/2022,FXE,FL,ASO,ES,Towers with Radar,0,59,167,0,226,0,18,225,0,243,0,77,392,0,469,138,0,138,607
02/25/2022,FXE,FL,ASO,ES,Towers with Radar,0,72,121,0,193,0,19,245,0,264,0,91,366,0,457,175,0,175,632
02/26/2022,FXE,FL,ASO,ES,Towers with Radar,0,56,141,0,197,0,8,240,0,248,0,64,381,0,445,123,0,123,568
02/27/2022,FXE,FL,ASO,ES,Towers with Radar,18,49,135,0,202,0,10,187,0,197,18,59,322,0,399,121,0,121,520
02/28/2022,FXE,FL,ASO,ES,Towers with Radar,0,55,113,0,168,0,7,269,0,276,0,62,382,0,444,68,0,68,512
03/01/2022,FXE,FL,ASO,ES,Towers with Radar,0,63,132,0,195,0,10,144,0,154,0,73,276,0,349,76,0,76,425
03/02/2022,FXE,FL,ASO,ES,Towers with Radar,0,64,128,0,192,0,15,236,0,251,0,79,364,0,443,196,0,196,639
03/03/2022,FXE,FL,ASO,ES,Towers with Radar,0,55,154,0,209,0,12,241,0,253,0,67,395,0,462,125,0,125,587
03/04/2022,FXE,FL,ASO,ES,Towers with Radar,0,65,126,0,191,0,18,253,1,272,0,83,379,1,463,100,0,100,563
03/05/2022,FXE,FL,ASO,ES,Towers with Radar,0,58,107,0,165,0,7,135,0,142,0,65,242,0,307,73,0,73,380
03/06/2022,FXE,FL,ASO,ES,Towers with Radar,0,78,151,0,229,0,4,192,0,196,0,82,343,0,425,108,0,108,533
03/07/2022,FXE,FL,ASO,ES,Towers with Radar,0,51,143,2,196,0,8,165,0,173,0,59,308,2,369,138,0,138,507
03/08/2022,FXE,FL,ASO,ES,Towers with Radar,0,57,142,0,199,0,10,240,0,250,0,67,382,0,449,211,0,211,660
03/09/2022,FXE,FL,ASO,ES,Towers with Radar,0,58,126,0,184,0,15,247,0,262,0,73,373,0,446,205,0,205,651
03/10/2022,FXE,FL,ASO,ES,Towers with Radar,0,70,119,0,189,0,13,161,0,174,0,83,280,0,363,227,0,227,590
03/11/2022,FXE,FL,ASO,ES,Towers with Radar,0,68,141,0,209,0,15,254,0,269,0,83,395,0,478,239,0,239,717
03/12/2022,FXE,FL,ASO,ES,Towers with Radar,0,69,114,0,183,0,19,129,0,148,0,88,243,0,331,64,0,64,395
03/13/2022,FXE,FL,ASO,ES,Towers with Radar,0,61,157,0,218,0,16,250,0,266,0,77,407,0,484,68,0,68,552
03/14/2022,FXE,FL,ASO,ES,Towers with Radar,0,64,149,2,215,0,16,233,2,251,0,80,382,4,466,120,0,120,586
03/15/2022,FXE,FL,ASO,ES,Towers with Radar,0,62,129,0,191,0,7,85,2,94,0,69,214,2,285,23,0,23,308
03/16/2022,FXE,FL,ASO,ES,Towers with Radar,0,61,115,0,176,0,17,209,0,226,0,78,324,0,402,199,0,199,601
03/17/2022,FXE,FL,ASO,ES,Towers with Radar,0,61,150,2,213,0,13,188,0,201,0,74,338,2,414,160,0,160,574
03/18/2022,FXE,FL,ASO,ES,Towers with Radar,0,62,164,0,226,0,23,298,0,321,0,85,462,0,547,120,0,120,667
03/19/2022,FXE,FL,ASO,ES,Towers with Radar,0,81,141,2,224,0,17,234,1,252,0,98,375,3,476,126,0,126,602
03/20/2022,FXE,FL,ASO,ES,Towers with Radar,0,92,158,4,254,0,12,228,0,240,0,104,386,4,494,113,0,113,607
03/21/2022,FXE,FL,ASO,ES,Towers with Radar,0,49,142,0,191,0,10,292,0,302,0,59,434,0,493,135,0,135,628
03/22/2022,FXE,FL,ASO,ES,Towers with Radar,0,60,131,0,191,0,9,252,0,261,0,69,383,0,452,174,0,174,626
03/23/2022,FXE,FL,ASO,ES,Towers with Radar,0,57,104,2,163,0,15,228,1,244,0,72,332,3,407,162,8,170,577
03/24/2022,FXE,FL,ASO,ES,Towers with Radar,0,59,119,0,178,0,14,171,1,186,0,73,290,1,364,64,0,64,428
03/25/2022,FXE,FL,ASO,ES,Towers with Radar,0,66,158,0,224,0,20,207,0,227,0,86,365,0,451,129,0,129,580
03/26/2022,FXE,FL,ASO,ES,Towers with Radar,0,60,128,0,188,0,21,255,0,276,0,81,383,0,464,76,0,76,540
03/27/2022,FXE,FL,ASO,ES,Towers with Radar,0,71,142,0,213,0,10,240,0,250,0,81,382,0,463,165,0,165,628
03/28/2022,FXE,FL,ASO,ES,Towers with Radar,0,50,112,0,162,0,18,266,0,284,0,68,378,0,446,154,0,154,600
03/29/2022,FXE,FL,ASO,ES,Towers with Radar,0,52,109,0,161,0,10,284,1,295,0,62,393,1,456,310,0,310,766
03/30/2022,FXE,FL,ASO,ES,Towers with Radar,0,54,120,0,174,0,16,232,0,248,0,70,352,0,422,91,0,91,513
03/31/2022,FXE,FL,ASO,ES,Towers with Radar,0,67,116,0,183,0,15,196,0,211,0,82,312,0,394,50,0,50,444
04/01/2022,FXE,FL,ASO,ES,Towers with Radar,0,68,140,6,214,0,20,218,0,238,0,88,358,6,452,169,0,169,621
04/02/2022,FXE,FL,ASO,ES,Towers with Radar,0,60,114,0,174,0,11,195,0,206,0,71,309,0,380,38,0,38,418
04/03/2022,FXE,FL,ASO,ES,Towers with Radar,0,66,158,0,224,0,11,166,0,177,0,77,324,0,401,121,0,121,522
04/04/2022,FXE,FL,ASO,ES,Towers with Radar,0,80,103,2,185,0,15,144,0,159,0,95,247,2,344,7,0,7,351
04/05/2022,FXE,FL,ASO,ES,Towers with Radar,0,53,139,0,192,0,12,291,0,303,0,65,430,0,495,8,0,8,503
04/06/2022,FXE,FL,ASO,ES,Towers with Radar,0,48,116,1,165,0,20,248,0,268,0,68,364,1,433,14,0,14,447
04/07/2022,FXE,FL,ASO,ES,Towers with Radar,0,57,133,0,190,0,15,190,0,205,0,72,323,0,395,11,0,11,406
04/08/2022,FXE,FL,ASO,ES,Towers with Radar,0,68,174,0,242,0,16,234,0,250,0,84,408,0,492,9,0,9,501
04/09/2022,FXE,FL,ASO,ES,Towers with Radar,0,65,132,0,197,0,9,214,0,223,0,74,346,0,420,10,0,10,430
04/10/2022,FXE,FL,ASO,ES,Towers with Radar,0,74,141,0,215,0,12,248,0,260,0,86,389,0,475,2,0,2,477
04/11/2022,FXE,FL,ASO,ES,Towers with Radar,0,55,129,3,187,0,17,256,0,273,0,72,385,3,460,166,0,166,626
04/12/2022,FXE,FL,ASO,ES,Towers with Radar,0,47,108,1,156,0,14,286,0,300,0,61,394,1,456,120,0,120,576
04/13/2022,FXE,FL,ASO,ES,Towers with Radar,0,62,158,0,220,0,15,275,0,290,0,77,433,0,510,135,0,135,645
04/14/2022,FXE,FL,ASO,ES,Towers with Radar,0,94,147,2,243,0,18,255,0,273,0,112,402,2,516,143,0,143,659
04/15/2022,FXE,FL,ASO,ES,Towers with Radar,0,72,105,1,178,0,12,146,0,158,0,84,251,1,336,69,0,69,405
04/16/2022,FXE,FL,ASO,ES,Towers with Radar,0,67,111,0,178,0,8,241,0,249,0,75,352,0,427,172,0,172,599
04/17/2022,FXE,FL,ASO,ES,Towers with Radar,0,48,95,1,144,0,4,239,0,243,0,52,334,1,387,138,0,138,525
04/18/2022,FXE,FL,ASO,ES,Towers with Radar,0,68,145,0,213,0,21,213,0,234,0,89,358,0,447,109,0,109,556
04/19/2022,FXE,FL,ASO,ES,Towers with Radar,0,60,125,0,185,0,19,242,0,261,0,79,367,0,446,94,0,94,540
04/20/2022,FXE,FL,ASO,ES,Towers with Radar,0,73,141,1,215,0,17,244,0,261,0,90,385,1,476,187,0,187,663
04/21/2022,FXE,FL,ASO,ES,Towers with Radar,0,71,130,2,203,0,15,235,0,250,0,86,365,2,453,72,0,72,525
04/22/2022,FXE,FL,ASO,ES,Towers with Radar,0,70,112,3,185,0,14,195,0,209,0,84,307,3,394,117,0,117,511
04/23/2022,FXE,FL,ASO,ES,Towers with Radar,0,50,72,0,122,0,155,234,0,389,0,205,306,0,511,46,0,46,557
04/24/2022,FXE,FL,ASO,ES,Towers with Radar,0,84,110,0,194,0,14,207,0,221,0,98,317,0,415,99,0,99,514
04/25/2022,FXE,FL,ASO,ES,Towers with Radar,0,63,131,1,195,0,14,255,1,270,0,77,386,2,465,176,0,176,641
04/26/2022,FXE,FL,ASO,ES,Towers with Radar,0,51,100,0,151,0,11,248,0,259,0,62,348,0,410,154,0,154,564
04/27/2022,FXE,FL,ASO,ES,Towers with Radar,2,48,118,0,168,0,20,267,0,287,2,68,385,0,455,198,0,198,653
04/28/2022,FXE,FL,ASO,ES,Towers with Radar,0,74,117,0,191,0,11,171,0,182,0,85,288,0,373,150,0,150,523
04/29/2022,FXE,FL,ASO,ES,Towers with Radar,0,50,92,0,142,0,16,135,3,154,0,66,227,3,296,158,0,158,454
04/30/2022,FXE,FL,ASO,ES,Towers with Radar,0,57,78,0,135,0,10,99,7,116,0,67,177,7,251,100,0,100,351
05/01/2022,FXE,FL,ASO,ES,Towers with Radar,0,54,113,0,167,0,5,169,0,174,0,59,282,0,341,93,0,93,434
05/02/2022,FXE,FL,ASO,ES,Towers with Radar,1,49,131,1,182,0,16,288,2,306,1,65,419,3,488,154,0,154,642
05/03/2022,FXE,FL,ASO,ES,Towers with Radar,0,61,104,0,165,0,15,202,0,217,0,76,306,0,382,206,0,206,588
05/04/2022,FXE,FL,ASO,ES,Towers with Radar,0,54,139,2,195,0,13,226,2,241,0,67,365,4,436,147,0,147,583
05/05/2022,FXE,FL,ASO,ES,Towers with Radar,0,63,170,0,233,0,17,233,0,250,0,80,403,0,483,106,0,106,589
05/06/2022,FXE,FL,ASO,ES,Towers with Radar,0,88,131,0,219,0,17,240,0,257,0,105,371,0,476,80,0,80,556
05/07/2022,FXE,FL,ASO,ES,Towers with Radar,0,53,92,0,145,0,9,138,0,147,0,62,230,0,292,134,0,134,426
05/08/2022,FXE,FL,ASO,ES,Towers with Radar,0,71,130,0,201,0,2,170,0,172,0,73,300,0,373,174,0,174,547
05/09/2022,FXE,FL,ASO,ES,Towers with Radar,0,67,130,0,197,0,12,230,0,242,0,79,360,0,439,92,0,92,531
05/10/2022,FXE,FL,ASO,ES,Towers with Radar,0,51,117,0,168,0,9,250,0,259,0,60,367,0,427,154,0,154,581
05/11/2022,FXE,FL,ASO,ES,Towers with Radar,0,38,88,0,126,0,18,252,0,270,0,56,340,0,396,192,0,192,588
05/12/2022,FXE,FL,ASO,ES,Towers with Radar,0,66,126,0,192,0,17,192,0,209,0,83,318,0,401,141,0,141,542
05/13/2022,FXE,FL,ASO,ES,Towers with Radar,0,56,132,0,188,0,14,225,0,239,0,70,357,0,427,206,0,206,633
05/14/2022,FXE,FL,ASO,ES,Towers with Radar,1,54,81,0,136,0,8,237,0,245,1,62,318,0,381,101,0,101,482
05/15/2022,FXE,FL,ASO,ES,Towers with Radar,0,63,98,0,161,0,9,171,0,180,0,72,269,0,341,130,0,130,471
05/16/2022,FXE,FL,ASO,ES,Towers with Radar,0,52,121,0,173,0,4,208,0,212,0,56,329,0,385,201,0,201,586
05/17/2022,FXE,FL,ASO,ES,Towers with Radar,0,43,93,0,136,0,9,220,0,229,0,52,313,0,365,116,0,116,481
05/18/2022,FXE,FL,ASO,ES,Towers with Radar,0,57,117,0,174,0,14,248,0,262,0,71,365,0,436,136,0,136,572
05/19/2022,FXE,FL,ASO,ES,Towers with Radar,0,54,114,0,168,0,10,214,0,224,0,64,328,0,392,174,0,174,566
05/20/2022,FXE,FL,ASO,ES,Towers with Radar,0,43,82,0,125,0,13,90,0,103,0,56,172,0,228,86,0,86,314
05/21/2022,FXE,FL,ASO,ES,Towers with Radar,0,54,80,0,134,0,11,190,0,201,0,65,270,0,335,132,0,132,467
05/22/2022,FXE,FL,ASO,ES,Towers with Radar,0,52,94,0,146,0,2,164,0,166,0,54,258,0,312,173,0,173,485
05/23/2022,FXE,FL,ASO,ES,Towers with Radar,0,46,113,0,159,0,17,158,0,175,0,63,271,0,334,92,0,92,426
05/24/2022,FXE,FL,ASO,ES,Towers with Radar,1,43,101,0,145,0,13,59,3,75,1,56,160,3,220,0,0,0,220
05/25/2022,FXE,FL,ASO,ES,Towers with Radar,0,52,106,1,159,0,17,63,1,81,0,69,169,2,240,0,0,0,240
05/26/2022,FXE,FL,ASO,ES,Towers with Radar,0,69,140,0,209,0,23,161,0,184,0,92,301,0,393,16,0,16,409
05/27/2022,FXE,FL,ASO,ES,Towers with Radar,0,61,128,0,189,0,29,241,0,270,0,90,369,0,459,45,0,45,504
05/28/2022,FXE,FL,ASO,ES,Towers with Radar,0,39,85,0,124,0,16,190,1,207,0,55,275,1,331,45,0,45,376
05/29/2022,FXE,FL,ASO,ES,Towers with Radar,0,46,66,0,112,0,8,119,1,128,0,54,185,1,240,28,0,28,268
05/30/2022,FXE,FL,ASO,ES,Towers with Radar,0,58,92,2,152,0,15,184,0,199,0,73,276,2,351,62,0,62,413
05/31/2022,FXE,FL,ASO,ES,Towers with Radar,0,41,134,0,175,0,11,225,1,237,0,52,359,1,412,116,0,116,528
06/01/2022,FXE,FL,ASO,ES,Towers with Radar,0,48,93,0,141,0,14,179,0,193,0,62,272,0,334,117,0,117,451
06/02/2022,FXE,FL,ASO,ES,Towers with Radar,0,50,112,0,162,0,13,153,0,166,0,63,265,0,328,43,0,43,371
06/03/2022,FXE,FL,ASO,ES,Towers with Radar,0,47,78,0,125,0,1,23,0,24,0,48,101,0,149,18,0,18,167
06/04/2022,FXE,FL,ASO,ES,Towers with Radar,0,22,20,0,42,0,1,14,0,15,0,23,34,0,57,13,0,13,70
06/05/2022,FXE,FL,ASO,ES,Towers with Radar,0,55,82,0,137,0,9,214,0,223,0,64,296,0,360,131,0,131,491
06/06/2022,FXE,FL,ASO,ES,Towers with Radar,0,50,99,0,149,0,11,175,0,186,0,61,274,0,335,115,0,115,450
06/07/2022,FXE,FL,ASO,ES,Towers with Radar,0,34,99,0,133,0,15,147,3,165,0,49,246,3,298,262,0,262,560
06/08/2022,FXE,FL,ASO,ES,Towers with Radar,0,55,69,0,124,0,14,215,1,230,0,69,284,1,354,134,0,134,488
06/09/2022,FXE,FL,ASO,ES,Towers with Radar,0,65,114,1,180,0,10,137,0,147,0,75,251,1,327,132,0,132,459
06/10/2022,FXE,FL,ASO,ES,Towers with Radar,0,53,92,1,146,0,11,149,0,160,0,64,241,1,306,119,0,119,425
06/11/2022,FXE,FL,ASO,ES,Towers with Radar,0,54,78,0,132,0,12,140,0,152,0,66,218,0,284,128,0,128,412
06/12/2022,FXE,FL,ASO,ES,Towers with Radar,0,45,69,1,115,0,7,205,0,212,0,52,274,1,327,108,0,108,435
06/13/2022,FXE,FL,ASO,ES,Towers with Radar,0,51,102,0,153,0,13,204,0,217,0,64,306,0,370,145,0,145,515
06/14/2022,FXE,FL,ASO,ES,Towers with Radar,0,37,105,2,144,0,15,234,0,249,0,52,339,2,393,159,0,159,552
06/15/2022,FXE,FL,ASO,ES,Towers with Radar,0,55,101,0,156,0,12,220,0,232,0,67,321,0,388,199,0,199,587
06/16/2022,FXE,FL,ASO,ES,Towers with Radar,0,58,92,0,150,0,12,238,0,250,0,70,330,0,400,104,0,104,504
06/17/2022,FXE,FL,ASO,ES,Towers with Radar,0,47,107,3,157,0,24,231,0,255,0,71,338,3,412,115,0,115,527
06/18/2022,FXE,FL,ASO,ES,Towers with Radar,0,42,90,0,132,0,12,206,0,218,0,54,296,0,350,187,0,187,537
06/19/2022,FXE,FL,ASO,ES,Towers with Radar,0,47,102,0,149,0,9,176,0,185,0,56,278,0,334,122,0,122,456
06/20/2022,FXE,FL,ASO,ES,Towers with Radar,0,49,94,0,143,0,22,150,0,172,0,71,244,0,315,71,0,71,386
06/21/2022,FXE,FL,ASO,ES,Towers with Radar,0,48,91,1,140,0,20,216,0,236,0,68,307,1,376,122,0,122,498
06/22/2022,FXE,FL,ASO,ES,Towers with Radar,0,44,108,2,154,0,14,197,0,211,0,58,305,2,365,139,0,139,504
06/23/2022,FXE,FL,ASO,ES,Towers with Radar,0,57,131,2,190,0,15,230,0,245,0,72,361,2,435,136,0,136,571
06/24/2022,FXE,FL,ASO,ES,Towers with Radar,1,50,98,0,149,0,21,232,0,253,1,71,330,0,402,132,0,132,534
06/25/2022,FXE,FL,ASO,ES,Towers with Radar,0,54,88,0,142,0,11,145,1,157,0,65,233,1,299,107,0,107,406
06/26/2022,FXE,FL,ASO,ES,Towers with Radar,1,47,91,0,139,0,12,193,0,205,1,59,284,0,344,125,0,125,469
06/27/2022,FXE,FL,ASO,ES,Towers with Radar,0,46,116,0,162,0,15,221,0,236,0,61,337,0,398,149,0,149,547
06/28/2022,FXE,FL,ASO,ES,Towers with Radar,0,49,132,0,181,0,19,241,0,260,0,68,373,0,441,99,0,99,540
06/29/2022,FXE,FL,ASO,ES,Towers with Radar,0,43,87,0,130,0,15,191,0,206,0,58,278,0,336,148,0,148,484
06/30/2022,FXE,FL,ASO,ES,Towers with Radar,0,51,108,0,159,0,20,129,0,149,0,71,237,0,308,206,0,206,514
07/01/2022,FXE,FL,ASO,ES,Towers with Radar,0,58,139,0,197,0,22,227,0,249,0,80,366,0,446,92,0,92,538
07/02/2022,FXE,FL,ASO,ES,Towers with Radar,0,37,80,0,117,0,16,192,0,208,0,53,272,0,325,143,0,143,468
07/03/2022,FXE,FL,ASO,ES,Towers with Radar,0,35,74,0,109,0,11,160,0,171,0,46,234,0,280,129,0,129,409
07/04/2022,FXE,FL,ASO,ES,Towers with Radar,0,22,48,0,70,0,6,141,0,147,0,28,189,0,217,154,0,154,371
07/05/2022,FXE,FL,ASO,ES,Towers with Radar,0,44,120,0,164,0,14,237,0,251,0,58,357,0,415,118,0,118,533
07/06/2022,FXE,FL,ASO,ES,Towers with Radar,0,46,102,0,148,0,18,193,0,211,0,64,295,0,359,176,0,176,535
07/07/2022,FXE,FL,ASO,ES,Towers with Radar,0,43,113,2,158,0,19,198,0,217,0,62,311,2,375,98,0,98,473
07/08/2022,FXE,FL,ASO,ES,Towers with Radar,0,45,123,0,168,0,18,221,0,239,0,63,344,0,407,144,0,144,551
07/09/2022,FXE,FL,ASO,ES,Towers with Radar,0,50,85,2,137,0,10,212,0,222,0,60,297,2,359,64,0,64,423
07/10/2022,FXE,FL,ASO,ES,Towers with Radar,0,39,93,0,132,0,11,152,0,163,0,50,245,0,295,119,0,119,414
07/11/2022,FXE,FL,ASO,ES,Towers with Radar,0,53,77,0,130,0,8,163,0,171,0,61,240,0,301,156,0,156,457
07/12/2022,FXE,FL,ASO,ES,Towers with Radar,0,44,96,0,140,0,14,215,0,229,0,58,311,0,369,173,0,173,542
07/13/2022,FXE,FL,ASO,ES,Towers with Radar,0,54,77,2,133,0,18,179,0,197,0,72,256,2,330,205,0,205,535
07/14/2022,FXE,FL,ASO,ES,Towers with Radar,0,56,137,0,193,0,20,201,0,221,0,76,338,0,414,136,0,136,550
07/15/2022,FXE,FL,ASO,ES,Towers with Radar,0,54,90,0,144,0,21,210,0,231,0,75,300,0,375,173,0,173,548
07/16/2022,FXE,FL,ASO,ES,Towers with Radar,0,53,67,0,120,0,13,196,1,210,0,66,263,1,330,195,0,195,525
07/17/2022,FXE,FL,ASO,ES,Towers with Radar,0,53,93,0,146,0,6,135,0,141,0,59,228,0,287,126,0,126,413
07/18/2022,FXE,FL,ASO,ES,Towers with Radar,0,38,63,1,102,0,19,194,0,213,0,57,257,1,315,139,0,139,454
07/19/2022,FXE,FL,ASO,ES,Towers with Radar,0,27,113,0,140,0,10,204,0,214,0,37,317,0,354,185,0,185,539
07/20/2022,FXE,FL,ASO,ES,Towers with Radar,0,46,115,0,161,0,19,240,0,259,0,65,355,0,420,161,0,161,581
07/21/2022,FXE,FL,ASO,ES,Towers with Radar,0,52,97,3,152,0,22,205,1,228,0,74,302,4,380,173,0,173,553
07/22/2022,FXE,FL,ASO,ES,Towers with Radar,0,52,115,0,167,0,20,178,1,199,0,72,293,1,366,116,0,116,482
07/23/2022,FXE,FL,ASO,ES,Towers with Radar,0,32,64,0,96,0,18,212,1,231,0,50,276,1,327,139,0,139,466
07/24/2022,FXE,FL,ASO,ES,Towers with Radar,0,46,81,0,127,0,9,177,0,186,0,55,258,0,313,91,0,91,404
07/25/2022,FXE,FL,ASO,ES,Towers with Radar,0,43,108,0,151,0,13,200,0,213,0,56,308,0,364,87,0,87,451
07/26/2022,FXE,FL,ASO,ES,Towers with Radar,0,45,68,0,113,0,14,79,4,97,0,59,147,4,210,6,0,6,216
07/27/2022,FXE,FL,ASO,ES,Towers with Radar,0,53,99,3,155,0,22,229,0,251,0,75,328,3,406,60,0,60,466
07/28/2022,FXE,FL,ASO,ES,Towers with Radar,0,51,111,0,162,0,19,218,1,238,0,70,329,1,400,25,0,25,425
07/29/2022,FXE,FL,ASO,ES,Towers with Radar,0,51,96,0,147,0,21,184,2,207,0,72,280,2,354,7,0,7,361
07/30/2022,FXE,FL,ASO,ES,Towers with Radar,0,40,84,0,124,0,15,187,0,202,0,55,271,0,326,61,0,61,387
07/31/2022,FXE,FL,ASO,ES,Towers with Radar,0,42,104,0,146,0,7,202,0,209,0,49,306,0,355,83,0,83,438
08/01/2022,FXE,FL,ASO,ES,Towers with Radar,0,51,86,0,137,0,10,221,0,231,0,61,307,0,368,155,0,155,523
08/02/2022,FXE,FL,ASO,ES,Towers with Radar,0,35,89,3,127,0,12,209,3,224,0,47,298,6,351,84,0,84,435
08/03/2022,FXE,FL,ASO,ES,Towers with Radar,0,43,98,0,141,0,17,258,0,275,0,60,356,0,416,16,0,16,432
08/04/2022,FXE,FL,ASO,ES,Towers with Radar,0,42,91,0,133,0,20,229,0,249,0,62,320,0,382,81,0,81,463
08/05/2022,FXE,FL,ASO,ES,Towers with Radar,0,51,101,0,152,0,19,215,0,234,0,70,316,0,386,106,0,106,492
08/06/2022,FXE,FL,ASO,ES,Towers with Radar,0,41,71,0,112,0,9,186,0,195,0,50,257,0,307,84,0,84,391
08/07/2022,FXE,FL,ASO,ES,Towers with Radar,0,46,97,0,143,0,3,138,0,141,0,49,235,0,284,93,0,93,377
08/08/2022,FXE,FL,ASO,ES,Towers with Radar,0,48,99,0,147,0,17,209,0,226,0,65,308,0,373,139,0,139,512
08/09/2022,FXE,FL,ASO,ES,Towers with Radar,0,42,96,0,138,0,8,210,0,218,0,50,306,0,356,123,0,123,479
08/10/2022,FXE,FL,ASO,ES,Towers with Radar,0,38,99,0,137,0,17,216,2,235,0,55,315,2,372,137,0,137,509
08/11/2022,FXE,FL,ASO,ES,Towers with Radar,0,56,98,0,154,0,19,209,0,228,0,75,307,0,382,153,0,153,535
08/12/2022,FXE,FL,ASO,ES,Towers with Radar,0,38,93,0,131,0,17,190,0,207,0,55,283,0,338,186,0,186,524
08/13/2022,FXE,FL,ASO,ES,Towers with Radar,0,37,54,0,91,0,8,164,0,172,0,45,218,0,263,113,0,113,376
08/14/2022,FXE,FL,ASO,ES,Towers with Radar,0,39,80,0,119,0,6,132,0,138,0,45,212,0,257,107,0,107,364
08/15/2022,FXE,FL,ASO,ES,Towers with Radar,0,47,87,0,134,0,17,200,0,217,0,64,287,0,351,96,0,96,447
08/16/2022,FXE,FL,ASO,ES,Towers with Radar,0,39,87,1,127,0,14,170,0,184,0,53,257,1,311,191,0,191,502
08/17/2022,FXE,FL,ASO,ES,Towers with Radar,0,45,92,1,138,0,17,219,0,236,0,62,311,1,374,199,0,199,573
08/18/2022,FXE,FL,ASO,ES,Towers with Radar,0,50,105,3,158,0,20,211,0,231,0,70,316,3,389,164,0,164,553
08/19/2022,FXE,FL,ASO,ES,Towers with Radar,0,38,109,0,147,0,14,249,0,263,0,52,358,0,410,139,0,139,549
08/20/2022,FXE,FL,ASO,ES,Towers with Radar,0,27,85,0,112,0,6,238,0,244,0,33,323,0,356,181,0,181,537
08/21/2022,FXE,FL,ASO,ES,Towers with Radar,0,47,97,0,144,0,5,184,0,189,0,52,281,0,333,137,0,137,470
08/22/2022,FXE,FL,ASO,ES,Towers with Radar,0,25,93,0,118,0,16,200,0,216,0,41,293,0,334,200,0,200,534
08/23/2022,FXE,FL,ASO,ES,Towers with Radar,0,35,83,0,118,0,9,213,0,222,0,44,296,0,340,157,0,157,497
08/24/2022,FXE,FL,ASO,ES,Towers with Radar,0,36,89,0,125,0,13,269,0,282,0,49,358,0,407,112,0,112,519
08/25/2022,FXE,FL,ASO,ES,Towers with Radar,4,39,107,0,150,0,20,187,0,207,4,59,294,0,357,160,0,160,517
08/26/2022,FXE,FL,ASO,ES,Towers with Radar,0,53,96,0,149,0,15,169,0,184,0,68,265,0,333,196,0,196,529
08/27/2022,FXE,FL,ASO,ES,Towers with Radar,0,31,69,0,100,0,9,184,0,193,0,40,253,0,293,133,0,133,426
08/28/2022,FXE,FL,ASO,ES,Towers with Radar,0,29,85,0,114,0,5,158,0,163,0,34,243,0,277,111,0,111,388
08/29/2022,FXE,FL,ASO,ES,Towers with Radar,0,29,98,0,127,0,15,153,0,168,0,44,251,0,295,141,0,141,436
08/30/2022,FXE,FL,ASO,ES,Towers with Radar,0,32,97,0,129,0,17,200,0,217,0,49,297,0,346,180,0,180,526
08/31/2022,FXE,FL,ASO,ES,Towers with Radar,0,35,88,0,123,0,17,166,0,183,0,52,254,0,306,153,0,153,459
09/01/2022,FXE,FL,ASO,ES,Towers with Radar,0,38,104,0,142,0,21,185,0,206,0,59,289,0,348,198,0,198,546
09/02/2022,FXE,FL,ASO,ES,Towers with Radar,0,55,124,0,179,0,26,216,0,242,0,81,340,0,421,119,0,119,540
09/03/2022,FXE,FL,ASO,ES,Towers with Radar,0,26,69,0,95,0,7,172,0,179,0,33,241,0,274,117,0,117,391
09/04/2022,FXE,FL,ASO,ES,Towers with Radar,0,27,55,0,82,0,6,149,0,155,0,33,204,0,237,141,0,141,378
09/05/2022,FXE,FL,ASO,ES,Towers with Radar,0,48,109,0,157,0,21,180,0,201,0,69,289,0,358,176,0,176,534
09/06/2022,FXE,FL,ASO,ES,Towers with Radar,0,25,97,0,122,0,9,194,0,203,0,34,291,0,325,190,0,190,515
09/07/2022,FXE,FL,ASO,ES,Towers with Radar,0,38,92,1,131,0,13,271,0,284,0,51,363,1,415,182,0,182,597
09/08/2022,FXE,FL,ASO,ES,Towers with Radar,0,57,78,0,135,0,20,174,0,194,0,77,252,0,329,156,0,156,485
09/09/2022,FXE,FL,ASO,ES,Towers with Radar,0,43,91,0,134,0,12,118,0,130,0,55,209,0,264,90,0,90,354
09/10/2022,FXE,FL,ASO,ES,Towers with Radar,0,30,69,0,99,0,5,193,0,198,0,35,262,0,297,142,0,142,439
09/11/2022,FXE,FL,ASO,ES,Towers with Radar,0,35,78,0,113,0,7,145,0,152,0,42,223,0,265,105,0,105,370
09/12/2022,FXE,FL,ASO,ES,Towers with Radar,0,36,114,0,150,0,16,200,1,217,0,52,314,1,367,117,0,117,484
09/13/2022,FXE,FL,ASO,ES,Towers with Radar,0,48,101,2,151,0,11,196,0,207,0,59,297,2,358,82,0,82,440
09/14/2022,FXE,FL,ASO,ES,Towers with Radar,0,40,95,0,135,0,14,149,1,164,0,54,244,1,299,209,0,209,508
09/15/2022,FXE,FL,ASO,ES,Towers with Radar,0,44,95,0,139,0,14,147,0,161,0,58,242,0,300,125,0,125,425
09/16/2022,FXE,FL,ASO,ES,Towers with Radar,0,51,97,0,148,0,12,188,0,200,0,63,285,0,348,186,0,186,534
09/17/2022,FXE,FL,ASO,ES,Towers with Radar,0,36,53,0,89,0,6,146,0,152,0,42,199,0,241,182,0,182,423
09/18/2022,FXE,FL,ASO,ES,Towers with Radar,0,48,95,0,143,0,3,97,0,100,0,51,192,0,243,96,0,96,339
09/19/2022,FXE,FL,ASO,ES,Towers with Radar,0,35,102,0,137,0,14,198,0,212,0,49,300,0,349,145,0,145,494
09/20/2022,FXE,FL,ASO,ES,Towers with Radar,0,30,94,0,124,0,16,226,1,243,0,46,320,1,367,208,0,208,575
09/21/2022,FXE,FL,ASO,ES,Towers with Radar,0,32,91,0,123,0,21,198,0,219,0,53,289,0,342,222,0,222,564
09/22/2022,FXE,FL,ASO,ES,Towers with Radar,0,58,77,0,135,0,11,169,0,180,0,69,246,0,315,97,0,97,412
09/23/2022,FXE,FL,ASO,ES,Towers with Radar,0,44,94,0,138,0,24,310,0,334,0,68,404,0,472,75,0,75,547
09/24/2022,FXE,FL,ASO,ES,Towers with Radar,0,35,64,0,99,0,6,137,0,143,0,41,201,0,242,73,0,73,315
09/25/2022,FXE,FL,ASO,ES,Towers with Radar,0,37,85,0,122,0,7,152,0,159,0,44,237,0,281,124,0,124,405
09/26/2022,FXE,FL,ASO,ES,Towers with Radar,0,48,83,1,132,0,15,123,2,140,0,63,206,3,272,94,0,94,366
09/27/2022,FXE,FL,ASO,ES,Towers with Radar,0,35,39,0,74,0,1,11,0,12,0,36,50,0,86,6,0,6,92
09/28/2022,FXE,FL,ASO,ES,Towers with Radar,0,5,7,0,12,0,2,5,0,7,0,7,12,0,19,0,0,0,19
09/29/2022,FXE,FL,ASO,ES,Towers with Radar,0,32,45,0,77,0,9,96,0,105,0,41,141,0,182,38,0,38,220
09/30/2022,FXE,FL,ASO,ES,Towers with Radar,0,42,94,0,136,0,16,179,0,195,0,58,273,0,331,180,0,180,511
10/01/2022,FXE,FL,ASO,ES,Towers with Radar,0,32,78,0,110,0,11,161,0,172,0,43,239,0,282,114,0,114,396
10/02/2022,FXE,FL,ASO,ES,Towers with Radar,0,39,74,0,113,0,6,165,0,171,0,45,239,0,284,145,0,145,429
10/03/2022,FXE,FL,ASO,ES,Towers with Radar,0,45,72,1,118,0,19,189,2,210,0,64,261,3,328,179,0,179,507
10/04/2022,FXE,FL,ASO,ES,Towers with Radar,0,38,115,0,153,0,16,176,0,192,0,54,291,0,345,184,0,184,529
10/05/2022,FXE,FL,ASO,ES,Towers with Radar,0,42,85,0,127,0,18,199,2,219,0,60,284,2,346,201,0,201,547
10/06/2022,FXE,FL,ASO,ES,Towers with Radar,0,58,106,0,164,0,18,244,2,264,0,76,350,2,428,146,0,146,574
10/07/2022,FXE,FL,ASO,ES,Towers with Radar,0,53,115,1,169,0,16,213,3,232,0,69,328,4,401,175,0,175,576
10/08/2022,FXE,FL,ASO,ES,Towers with Radar,0,39,78,0,117,0,11,172,2,185,0,50,250,2,302,66,0,66,368
10/09/2022,FXE,FL,ASO,ES,Towers with Radar,0,41,87,0,128,0,8,79,0,87,0,49,166,0,215,128,0,128,343
10/10/2022,FXE,FL,ASO,ES,Towers with Radar,0,44,105,0,149,0,12,275,2,289,0,56,380,2,438,279,0,279,717
10/11/2022,FXE,FL,ASO,ES,Towers with Radar,0,40,90,0,130,0,15,262,1,278,0,55,352,1,408,242,0,242,650
10/12/2022,FXE,FL,ASO,ES,Towers with Radar,0,38,101,0,139,0,22,232,0,254,0,60,333,0,393,265,0,265,658
10/13/2022,FXE,FL,ASO,ES,Towers with Radar,0,53,75,0,128,0,15,116,0,131,0,68,191,0,259,125,0,125,384
10/14/2022,FXE,FL,ASO,ES,Towers with Radar,0,40,105,0,145,0,18,235,1,254,0,58,340,1,399,171,0,171,570
10/15/2022,FXE,FL,ASO,ES,Towers with Radar,0,53,79,0,132,0,12,166,0,178,0,65,245,0,310,159,0,159,469
10/16/2022,FXE,FL,ASO,ES,Towers with Radar,0,54,109,0,163,0,7,229,0,236,0,61,338,0,399,156,0,156,555
10/17/2022,FXE,FL,ASO,ES,Towers with Radar,0,34,101,0,135,0,17,181,0,198,0,51,282,0,333,192,0,192,525
10/18/2022,FXE,FL,ASO,ES,Towers with Radar,0,34,76,0,110,0,11,231,0,242,0,45,307,0,352,124,0,124,476
10/19/2022,FXE,FL,ASO,ES,Towers with Radar,0,47,106,0,153,0,14,97,0,111,0,61,203,0,264,95,0,95,359
10/20/2022,FXE,FL,ASO,ES,Towers with Radar,0,52,123,0,175,0,19,192,0,211,0,71,315,0,386,138,0,138,524
10/21/2022,FXE,FL,ASO,ES,Towers with Radar,0,55,94,0,149,0,15,227,0,242,0,70,321,0,391,114,0,114,505
10/22/2022,FXE,FL,ASO,ES,Towers with Radar,0,49,92,0,141,0,8,189,0,197,0,57,281,0,338,135,0,135,473
10/23/2022,FXE,FL,ASO,ES,Towers with Radar,0,50,105,0,155,0,12,236,0,248,0,62,341,0,403,188,0,188,591
10/24/2022,FXE,FL,ASO,ES,Towers with Radar,0,33,109,0,142,0,19,208,0,227,0,52,317,0,369,205,0,205,574
10/25/2022,FXE,FL,ASO,ES,Towers with Radar,0,47,100,0,147,0,15,249,0,264,0,62,349,0,411,210,0,210,621
10/26/2022,FXE,FL,ASO,ES,Towers with Radar,0,54,134,0,188,0,20,228,0,248,0,74,362,0,436,198,0,198,634
10/27/2022,FXE,FL,ASO,ES,Towers with Radar,0,44,172,0,216,0,17,242,2,261,0,61,414,2,477,126,0,126,603
10/28/2022,FXE,FL,ASO,ES,Towers with Radar,0,44,147,0,191,0,18,242,0,260,0,62,389,0,451,52,0,52,503
10/29/2022,FXE,FL,ASO,ES,Towers with Radar,0,36,98,0,134,0,9,238,0,247,0,45,336,0,381,167,0,167,548
10/30/2022,FXE,FL,ASO,ES,Towers with Radar,0,53,116,0,169,0,4,195,0,199,0,57,311,0,368,150,0,150,518
10/31/2022,FXE,FL,ASO,ES,Towers with Radar,0,31,114,0,145,0,20,221,0,241,0,51,335,0,386,176,0,176,562
11/01/2022,FXE,FL,ASO,ES,Towers with Radar,1,51,105,0,157,0,15,146,0,161,1,66,251,0,318,73,0,73,391
11/02/2022,FXE,FL,ASO,ES,Towers with Radar,0,36,95,0,131,0,24,193,2,219,0,60,288,2,350,221,0,221,571
11/03/2022,FXE,FL,ASO,ES,Towers with Radar,0,64,129,0,193,0,16,207,0,223,0,80,336,0,416,116,0,116,532
11/04/2022,FXE,FL,ASO,ES,Towers with Radar,0,44,108,0,152,0,25,271,1,297,0,69,379,1,449,220,0,220,669
11/05/2022,FXE,FL,ASO,ES,Towers with Radar,2,39,72,0,113,0,7,199,3,209,2,46,271,3,322,167,0,167,489
11/06/2022,FXE,FL,ASO,ES,Towers with Radar,0,53,101,1,155,0,9,155,0,164,0,62,256,1,319,163,0,163,482
11/07/2022,FXE,FL,ASO,ES,Towers with Radar,0,44,88,0,132,0,13,184,1,198,0,57,272,1,330,87,0,87,417
11/08/2022,FXE,FL,ASO,ES,Towers with Radar,1,50,118,0,169,0,12,112,0,124,1,62,230,0,293,68,0,68,361
11/09/2022,FXE,FL,ASO,ES,Towers with Radar,0,26,33,0,59,0,0,4,0,4,0,26,37,0,63,0,0,0,63
11/10/2022,FXE,FL,ASO,ES,Towers with Radar,0,37,52,0,89,0,11,65,1,77,0,48,117,1,166,74,0,74,240
11/11/2022,FXE,FL,ASO,ES,Towers with Radar,0,59,100,0,159,0,20,212,3,235,0,79,312,3,394,180,0,180,574
11/12/2022,FXE,FL,ASO,ES,Towers with Radar,0,52,96,0,148,0,10,215,0,225,0,62,311,0,373,158,0,158,531
11/13/2022,FXE,FL,ASO,ES,Towers with Radar,0,49,116,0,165,0,9,212,0,221,0,58,328,0,386,258,0,258,644
11/14/2022,FXE,FL,ASO,ES,Towers with Radar,0,49,96,0,145,0,19,236,3,258,0,68,332,3,403,284,0,284,687
11/15/2022,FXE,FL,ASO,ES,Towers with Radar,0,45,128,1,174,0,19,255,2,276,0,64,383,3,450,230,0,230,680
11/16/2022,FXE,FL,ASO,ES,Towers with Radar,0,63,136,0,199,0,24,252,1,277,0,87,388,1,476,198,0,198,674
11/17/2022,FXE,FL,ASO,ES,Towers with Radar,0,69,131,0,200,0,14,153,2,169,0,83,284,2,369,83,0,83,452
11/18/2022,FXE,FL,ASO,ES,Towers with Radar,0,69,124,0,193,0,20,261,0,281,0,89,385,0,474,247,0,247,721
11/19/2022,FXE,FL,ASO,ES,Towers with Radar,0,58,121,0,179,0,14,252,1,267,0,72,373,1,446,152,0,152,598
11/20/2022,FXE,FL,ASO,ES,Towers with Radar,0,63,112,0,175,0,0,16,0,16,0,63,128,0,191,3,0,3,194
11/21/2022,FXE,FL,ASO,ES,Towers with Radar,0,55,110,0,165,0,18,109,1,128,0,73,219,1,293,93,0,93,386
11/22/2022,FXE,FL,ASO,ES,Towers with Radar,0,77,109,2,188,0,16,178,0,194,0,93,287,2,382,222,0,222,604
11/23/2022,FXE,FL,ASO,ES,Towers with Radar,0,65,119,0,184,0,29,156,2,187,0,94,275,2,371,26,0,26,397
11/24/2022,FXE,FL,ASO,ES,Towers with Radar,0,27,48,0,75,0,2,95,0,97,0,29,143,0,172,3,0,3,175
11/25/2022,FXE,FL,ASO,ES,Towers with Radar,0,52,96,0,148,0,19,188,0,207,0,71,284,0,355,105,0,105,460
11/26/2022,FXE,FL,ASO,ES,Towers with Radar,0,62,106,0,168,0,14,188,0,202,0,76,294,0,370,120,0,120,490
11/27/2022,FXE,FL,ASO,ES,Towers with Radar,1,71,125,0,197,0,13,201,0,214,1,84,326,0,411,153,0,153,564
11/28/2022,FXE,FL,ASO,ES,Towers with Radar,0,64,110,0,174,0,24,181,3,208,0,88,291,3,382,190,0,190,572
11/29/2022,FXE,FL,ASO,ES,Towers with Radar,0,58,111,0,169,0,15,190,5,210,0,73,301,5,379,152,0,152,531
11/30/2022,FXE,FL,ASO,ES,Towers with Radar,0,52,108,0,160,0,16,189,2,207,0,68,297,2,367,222,0,222,589
12/01/2022,FXE,FL,ASO,ES,Towers with Radar,0,54,136,0,190,0,15,177,1,193,0,69,313,1,383,58,0,58,441
12/02/2022,FXE,FL,ASO,ES,Towers with Radar,0,55,110,0,165,0,16,222,1,239,0,71,332,1,404,160,0,160,564
12/03/2022,FXE,FL,ASO,ES,Towers with Radar,0,43,103,0,146,0,12,187,1,200,0,55,290,1,346,200,0,200,546
12/04/2022,FXE,FL,ASO,ES,Towers with Radar,0,56,103,0,159,0,6,195,0,201,0,62,298,0,360,159,0,159,519
12/05/2022,FXE,FL,ASO,ES,Towers with Radar,0,50,125,1,176,0,21,204,2,227,0,71,329,3,403,152,0,152,555
12/06/2022,FXE,FL,ASO,ES,Towers with Radar,0,60,109,0,169,0,14,233,0,247,0,74,342,0,416,126,0,126,542
12/07/2022,FXE,FL,ASO,ES,Towers with Radar,0,45,117,0,162,0,24,206,1,231,0,69,323,1,393,94,0,94,487
12/08/2022,FXE,FL,ASO,ES,Towers with Radar,0,41,160,2,203,0,20,221,0,241,0,61,381,2,444,114,0,114,558
12/09/2022,FXE,FL,ASO,ES,Towers with Radar,0,54,93,1,148,0,21,181,3,205,0,75,274,4,353,129,0,129,482
12/10/2022,FXE,FL,ASO,ES,Towers with Radar,0,52,105,0,157,0,9,186,0,195,0,61,291,0,352,140,0,140,492
12/11/2022,FXE,FL,ASO,ES,Towers with Radar,0,43,113,0,156,0,7,172,0,179,0,50,285,0,335,133,0,133,468
12/12/2022,FXE,FL,ASO,ES,Towers with Radar,0,40,126,0,166,0,25,187,4,216,0,65,313,4,382,144,0,144,526
12/13/2022,FXE,FL,ASO,ES,Towers with Radar,0,36,106,0,142,0,17,169,0,186,0,53,275,0,328,139,0,139,467
12/14/2022,FXE,FL,ASO,ES,Towers with Radar,0,51,123,2,176,0,28,176,1,205,0,79,299,3,381,176,0,176,557
12/15/2022,FXE,FL,ASO,ES,Towers with Radar,0,49,129,0,178,0,25,209,0,234,0,74,338,0,412,200,0,200,612
12/16/2022,FXE,FL,ASO,ES,Towers with Radar,0,63,166,0,229,0,12,130,1,143,0,75,296,1,372,54,0,54,426
12/17/2022,FXE,FL,ASO,ES,Towers with Radar,0,46,127,0,173,0,8,115,0,123,0,54,242,0,296,100,0,100,396
12/18/2022,FXE,FL,ASO,ES,Towers with Radar,0,46,108,0,154,0,9,191,1,201,0,55,299,1,355,69,0,69,424
12/19/2022,FXE,FL,ASO,ES,Towers with Radar,4,39,116,0,159,0,24,195,0,219,4,63,311,0,378,9,0,9,387
12/20/2022,FXE,FL,ASO,ES,Towers with Radar,0,47,108,0,155,0,27,165,1,193,0,74,273,1,348,53,0,53,401
12/21/2022,FXE,FL,ASO,ES,Towers with Radar,0,55,128,0,183,0,25,176,0,201,0,80,304,0,384,94,0,94,478
12/22/2022,FXE,FL,ASO,ES,Towers with Radar,0,74,122,0,196,0,29,219,0,248,0,103,341,0,444,121,0,121,565
12/23/2022,FXE,FL,ASO,ES,Towers with Radar,0,73,93,0,166,0,13,169,2,184,0,86,262,2,350,2,0,2,352
12/24/2022,FXE,FL,ASO,ES,Towers with Radar,0,44,56,0,100,0,10,105,0,115,0,54,161,0,215,79,0,79,294
12/25/2022,FXE,FL,ASO,ES,Towers with Radar,4,18,59,0,81,0,0,34,0,34,4,18,93,0,115,2,0,2,117
12/26/2022,FXE,FL,ASO,ES,Towers with Radar,0,80,156,0,236,0,17,102,0,119,0,97,258,0,355,30,0,30,385
12/27/2022,FXE,FL,ASO,ES,Towers with Radar,0,101,160,0,261,0,12,88,0,100,0,113,248,0,361,57,0,57,418
12/28/2022,FXE,FL,ASO,ES,Towers with Radar,0,87,117,0,204,0,26,218,1,245,0,113,335,1,449,33,0,33,482
12/29/2022,FXE,FL,ASO,ES,Towers with Radar,0,79,125,0,204,0,19,211,2,232,0,98,336,2,436,75,0,75,511
12/30/2022,FXE,FL,ASO,ES,Towers with Radar,0,68,123,0,191,0,15,214,1,230,0,83,337,1,421,190,0,190,611
12/31/2022,FXE,FL,ASO,ES,Towers with Radar,0,42,91,0,133,0,21,176,0,197,0,63,267,0,330,59,0,59,389
01/01/2023,FXE,FL,ASO,ES,Towers with Radar,0,53,82,0,135,0,10,108,0,118,0,63,190,0,253,41,0,41,294
01/02/2023,FXE,FL,ASO,ES,Towers with Radar,0,68,185,0,253,0,15,227,2,244,0,83,412,2,497,63,0,63,560
01/03/2023,FXE,FL,ASO,ES,Towers with Radar,0,84,156,0,240,0,10,198,2,210,0,94,354,2,450,126,0,126,576
01/04/2023,FXE,FL,ASO,ES,Towers with Radar,0,70,95,0,165,0,20,194,0,214,0,90,289,0,379,86,0,86,465
01/05/2023,FXE,FL,ASO,ES,Towers with Radar,0,75,107,2,184,0,26,200,2,228,0,101,307,4,412,164,0,164,576
01/06/2023,FXE,FL,ASO,ES,Towers with Radar,0,49,115,0,164,0,23,234,0,257,0,72,349,0,421,88,0,88,509
01/07/2023,FXE,FL,ASO,ES,Towers with Radar,0,66,108,0,174,0,11,229,0,240,0,77,337,0,414,44,0,44,458
01/08/2023,FXE,FL,ASO,ES,Towers with Radar,0,63,140,0,203,0,9,183,0,192,0,72,323,0,395,10,0,10,405
01/09/2023,FXE,FL,ASO,ES,Towers with Radar,0,36,87,0,123,0,20,198,2,220,0,56,285,2,343,108,0,108,451
01/10/2023,FXE,FL,ASO,ES,Towers with Radar,0,41,100,0,141,0,18,244,0,262,0,59,344,0,403,197,0,197,600
01/11/2023,FXE,FL,ASO,ES,Towers with Radar,0,46,96,0,142,0,21,203,2,226,0,67,299,2,368,165,0,165,533
01/12/2023,FXE,FL,ASO,ES,Towers with Radar,1,66,147,0,214,0,23,235,1,259,1,89,382,1,473,211,0,211,684
01/13/2023,FXE,FL,ASO,ES,Towers with Radar,0,64,101,0,165,0,21,174,2,197,0,85,275,2,362,99,0,99,461
01/14/2023,FXE,FL,ASO,ES,Towers with Radar,0,45,79,0,124,0,9,154,2,165,0,54,233,2,289,22,0,22,311
01/15/2023,FXE,FL,ASO,ES,Towers with Radar,0,47,104,0,151,0,9,208,2,219,0,56,312,2,370,151,0,151,521
01/16/2023,FXE,FL,ASO,ES,Towers with Radar,0,62,145,0,207,0,26,219,11,256,0,88,364,11,463,156,0,156,619
01/17/2023,FXE,FL,ASO,ES,Towers with Radar,0,43,136,0,179,0,19,228,13,260,0,62,364,13,439,205,0,205,644
01/18/2023,FXE,FL,ASO,ES,Towers with Radar,0,50,122,0,172,0,20,219,11,250,0,70,341,11,422,160,0,160,582
01/19/2023,FXE,FL,ASO,ES,Towers with Radar,0,68,110,0,178,0,19,290,4,313,0,87,400,4,491,149,0,149,640
01/20/2023,FXE,FL,ASO,ES,Towers with Radar,0,72,133,0,205,0,14,219,4,237,0,86,352,4,442,211,0,211,653
01/21/2023,FXE,FL,ASO,ES,Towers with Radar,0,46,101,0,147,0,13,214,1,228,0,59,315,1,375,255,0,255,630
01/22/2023,FXE,FL,ASO,ES,Towers with Radar,0,54,100,0,154,0,7,175,1,183,0,61,275,1,337,120,0,120,457
01/23/2023,FXE,FL,ASO,ES,Towers with Radar,0,37,96,0,133,0,16,170,0,186,0,53,266,0,319,188,0,188,507
01/24/2023,FXE,FL,ASO,ES,Towers with Radar,0,44,112,0,156,0,19,231,0,250,0,63,343,0,406,193,0,193,599
01/25/2023,FXE,FL,ASO,ES,Towers with Radar,0,55,94,1,150,0,15,263,2,280,0,70,357,3,430,259,0,259,689
01/26/2023,FXE,FL,ASO,ES,Towers with Radar,0,51,128,0,179,0,11,188,1,200,0,62,316,1,379,150,0,150,529
01/27/2023,FXE,FL,ASO,ES,Towers with Radar,0,61,109,1,171,0,8,210,1,219,0,69,319,2,390,174,0,174,564
01/28/2023,FXE,FL,ASO,ES,Towers with Radar,0,61,102,0,163,0,7,339,0,346,0,68,441,0,509,20,0,20,529
01/29/2023,FXE,FL,ASO,ES,Towers with Radar,0,43,138,1,182,0,6,177,0,183,0,49,315,1,365,119,0,119,484
01/30/2023,FXE,FL,ASO,ES,Towers with Radar,0,48,127,0,175,0,18,177,0,195,0,66,304,0,370,228,0,228,598
01/31/2023,FXE,FL,ASO,ES,Towers with Radar,0,32,97,2,131,0,18,255,2,275,0,50,352,4,406,276,0,276,682
02/01/2023,FXE,FL,ASO,ES,Towers with Radar,0,43,132,0,175,0,22,213,1,236,0,65,345,1,411,175,0,175,586
02/02/2023,FXE,FL,ASO,ES,Towers with Radar,1,50,117,1,169,0,15,276,1,292,1,65,393,2,461,206,0,206,667
02/03/2023,FXE,FL,ASO,ES,Towers with Radar,0,59,127,0,186,0,17,216,2,235,0,76,343,2,421,224,0,224,645
02/04/2023,FXE,FL,ASO,ES,Towers with Radar,0,51,71,0,122,0,6,39,0,45,0,57,110,0,167,66,0,66,233
02/05/2023,FXE,FL,ASO,ES,Towers with Radar,0,44,101,2,147,0,3,53,0,56,0,47,154,2,203,39,0,39,242
02/06/2023,FXE,FL,ASO,ES,Towers with Radar,0,47,120,0,167,0,20,253,2,275,0,67,373,2,442,200,0,200,642
02/07/2023,FXE,FL,ASO,ES,Towers with Radar,0,34,87,0,121,0,21,247,0,268,0,55,334,0,389,292,0,292,681
02/08/2023,FXE,FL,ASO,ES,Towers with Radar,0,60,113,0,173,0,19,211,1,231,0,79,324,1,404,230,0,230,634
02/09/2023,FXE,FL,ASO,ES,Towers with Radar,0,51,134,0,185,0,12,210,0,222,0,63,344,0,407,277,0,277,684
02/10/2023,FXE,FL,ASO,ES,Towers with Radar,0,74,135,0,209,0,20,224,1,245,0,94,359,1,454,103,0,103,557
02/11/2023,FXE,FL,ASO,ES,Towers with Radar,0,48,92,0,140,0,3,203,0,206,0,51,295,0,346,157,0,157,503
02/12/2023,FXE,FL,ASO,ES,Towers with Radar,0,44,81,0,125,0,8,125,1,134,0,52,206,1,259,96,0,96,355
02/13/2023,FXE,FL,ASO,ES,Towers with Radar,0,57,116,1,174,0,20,243,0,263,0,77,359,1,437,180,0,180,617
02/14/2023,FXE,FL,ASO,ES,Towers with Radar,0,41,94,0,135,0,15,275,0,290,0,56,369,0,425,226,0,226,651
02/15/2023,FXE,FL,ASO,ES,Towers with Radar,0,47,151,2,200,0,26,215,0,241,0,73,366,2,441,238,0,238,679
02/16/2023,FXE,FL,ASO,ES,Towers with Radar,0,70,145,0,215,0,18,252,0,270,0,88,397,0,485,167,0,167,652
02/17/2023,FXE,FL,ASO,ES,Towers with Radar,0,68,176,0,244,0,15,211,1,227,0,83,387,1,471,269,0,269,740
02/18/2023,FXE,FL,ASO,ES,Towers with Radar,0,62,100,0,162,0,4,180,0,184,0,66,280,0,346,109,0,109,455
02/19/2023,FXE,FL,ASO,ES,Towers with Radar,4,43,111,0,158,0,7,208,0,215,4,50,319,0,373,156,0,156,529
02/20/2023,FXE,FL,ASO,ES,Towers with Radar,0,61,141,0,202,0,18,208,1,227,0,79,349,1,429,182,0,182,611
02/21/2023,FXE,FL,ASO,ES,Towers with Radar,0,56,110,0,166,0,14,219,2,235,0,70,329,2,401,208,0,208,609
02/22/2023,FXE,FL,ASO,ES,Towers with Radar,0,67,111,0,178,0,30,232,0,262,0,97,343,0,440,222,0,222,662
02/23/2023,FXE,FL,ASO,ES,Towers with Radar,0,57,122,0,179,0,14,244,0,258,0,71,366,0,437,228,0,228,665
02/24/2023,FXE,FL,ASO,ES,Towers with Radar,2,59,156,0,217,0,17,261,1,279,2,76,417,1,496,138,0,138,634
02/25/2023,FXE,FL,ASO,ES,Towers with Radar,0,52,109,1,162,0,14,204,0,218,0,66,313,1,380,154,0,154,534
02/26/2023,FXE,FL,ASO,ES,Towers with Radar,0,71,135,1,207,0,11,217,0,228,0,82,352,1,435,129,0,129,564
02/27/2023,FXE,FL,ASO,ES,Towers with Radar,0,51,117,1,169,0,20,167,0,187,0,71,284,1,356,171,0,171,527
02/28/2023,FXE,FL,ASO,ES,Towers with Radar,0,46,106,4,156,0,16,170,0,186,0,62,276,4,342,140,0,140,482
03/01/2023,FXE,FL,ASO,ES,Towers with Radar,0,75,112,0,187,0,20,229,1,250,0,95,341,1,437,220,0,220,657
03/02/2023,FXE,FL,ASO,ES,Towers with Radar,0,57,119,0,176,0,30,227,0,257,0,87,346,0,433,166,0,166,599
03/03/2023,FXE,FL,ASO,ES,Towers with Radar,0,56,95,1,152,0,30,182,0,212,0,86,277,1,364,112,0,112,476
03/04/2023,FXE,FL,ASO,ES,Towers with Radar,0,69,114,0,183,0,22,196,0,218,0,91,310,0,401,147,0,147,548
03/05/2023,FXE,FL,ASO,ES,Towers with Radar,0,73,117,0,190,0,13,235,0,248,0,86,352,0,438,134,0,134,572
03/06/2023,FXE,FL,ASO,ES,Towers with Radar,0,62,111,2,175,0,33,255,2,290,0,95,366,4,465,194,0,194,659
03/07/2023,FXE,FL,ASO,ES,Towers with Radar,0,58,110,0,168,0,18,273,0,291,0,76,383,0,459,138,0,138,597
03/08/2023,FXE,FL,ASO,ES,Towers with Radar,0,67,146,0,213,0,18,285,0,303,0,85,431,0,516,150,0,150,666
03/09/2023,FXE,FL,ASO,ES,Towers with Radar,0,64,137,0,201,0,27,260,0,287,0,91,397,0,488,142,0,142,630
03/10/2023,FXE,FL,ASO,ES,Towers with Radar,0,68,108,0,176,0,31,213,0,244,0,99,321,0,420,203,0,203,623
03/11/2023,FXE,FL,ASO,ES,Towers with Radar,0,68,142,0,210,0,21,260,0,281,0,89,402,0,491,135,0,135,626
03/12/2023,FXE,FL,ASO,ES,Towers with Radar,0,72,111,0,183,0,32,206,0,238,0,104,317,0,421,121,0,121,542
03/13/2023,FXE,FL,ASO,ES,Towers with Radar,0,50,102,0,152,0,21,214,0,235,0,71,316,0,387,124,0,124,511
03/14/2023,FXE,FL,ASO,ES,Towers with Radar,0,51,101,0,152,0,20,200,1,221,0,71,301,1,373,243,0,243,616
03/15/2023,FXE,FL,ASO,ES,Towers with Radar,0,62,111,0,173,0,16,186,0,202,0,78,297,0,375,162,0,162,537
03/16/2023,FXE,FL,ASO,ES,Towers with Radar,0,58,125,0,183,0,33,267,1,301,0,91,392,1,484,145,0,145,629
03/17/2023,FXE,FL,ASO,ES,Towers with Radar,0,69,141,0,210,0,33,261,0,294,0,102,402,0,504,125,0,125,629
03/18/2023,FXE,FL,ASO,ES,Towers with Radar,0,82,128,0,210,0,15,207,0,222,0,97,335,0,432,69,0,69,501
03/19/2023,FXE,FL,ASO,ES,Towers with Radar,0,88,108,0,196,0,35,114,1,150,0,123,222,1,346,17,0,17,363
03/20/2023,FXE,FL,ASO,ES,Towers with Radar,0,68,130,0,198,0,16,234,1,251,0,84,364,1,449,153,0,153,602
03/21/2023,FXE,FL,ASO,ES,Towers with Radar,0,44,108,0,152,0,29,250,0,279,0,73,358,0,431,152,0,152,583
03/22/2023,FXE,FL,ASO,ES,Towers with Radar,0,61,133,1,195,0,19,306,1,326,0,80,439,2,521,171,0,171,692
03/23/2023,FXE,FL,ASO,ES,Towers with Radar,0,73,110,0,183,0,27,253,0,280,0,100,363,0,463,170,0,170,633
03/24/2023,FXE,FL,ASO,ES,Towers with Radar,0,70,125,1,196,0,31,231,0,262,0,101,356,1,458,159,0,159,617
03/25/2023,FXE,FL,ASO,ES,Towers with Radar,0,80,112,0,192,0,14,228,0,242,0,94,340,0,434,211,0,211,645
03/26/2023,FXE,FL,ASO,ES,Towers with Radar,0,81,110,0,191,0,15,224,2,241,0,96,334,2,432,114,0,114,546
03/27/2023,FXE,FL,ASO,ES,Towers with Radar,0,52,103,0,155,0,16,200,1,217,0,68,303,1,372,143,0,143,515
03/28/2023,FXE,FL,ASO,ES,Towers with Radar,0,66,105,0,171,0,20,194,0,214,0,86,299,0,385,168,0,168,553
03/29/2023,FXE,FL,ASO,ES,Towers with Radar,0,57,115,0,172,0,19,200,1,220,0,76,315,1,392,137,0,137,529
03/30/2023,FXE,FL,ASO,ES,Towers with Radar,0,59,124,0,183,0,18,239,0,257,0,77,363,0,440,182,0,182,622
03/31/2023,FXE,FL,ASO,ES,Towers with Radar,0,94,140,0,234,0,14,314,1,329,0,108,454,1,563,93,0,93,656
04/01/2023,FXE,FL,ASO,ES,Towers with Radar,0,58,120,0,178,0,17,198,0,215,0,75,318,0,393,38,0,38,431
04/02/2023,FXE,FL,ASO,ES,Towers with Radar,0,60,122,0,182,0,10,202,0,212,0,70,324,0,394,114,0,114,508
04/03/2023,FXE,FL,ASO,ES,Towers with Radar,0,64,121,0,185,0,17,210,0,227,0,81,331,0,412,149,0,149,561
04/04/2023,FXE,FL,ASO,ES,Towers with Radar,0,57,123,0,180,0,11,204,0,215,0,68,327,0,395,306,0,306,701
04/05/2023,FXE,FL,ASO,ES,Towers with Radar,0,52,119,2,173,0,23,260,0,283,0,75,379,2,456,289,0,289,745
04/06/2023,FXE,FL,ASO,ES,Towers with Radar,0,69,124,0,193,0,26,264,0,290,0,95,388,0,483,202,0,202,685
04/07/2023,FXE,FL,ASO,ES,Towers with Radar,0,67,142,0,209,0,23,250,2,275,0,90,392,2,484,119,0,119,603
04/08/2023,FXE,FL,ASO,ES,Towers with Radar,0,62,112,0,174,0,18,228,0,246,0,80,340,0,420,107,0,107,527
04/09/2023,FXE,FL,ASO,ES,Towers with Radar,0,55,87,0,142,0,5,118,2,125,0,60,205,2,267,98,0,98,365
04/10/2023,FXE,FL,ASO,ES,Towers with Radar,0,98,109,2,209,0,9,29,0,38,0,107,138,2,247,5,0,5,252
04/11/2023,FXE,FL,ASO,ES,Towers with Radar,1,46,94,0,141,0,15,100,0,115,1,61,194,0,256,57,0,57,313
04/12/2023,FXE,FL,ASO,ES,Towers with Radar,0,83,87,4,174,0,1,12,0,13,0,84,99,4,187,0,0,0,187
04/13/2023,FXE,FL,ASO,ES,Towers with Radar,1,108,173,0,282,0,13,132,1,146,1,121,305,1,428,44,0,44,472
04/14/2023,FXE,FL,ASO,ES,Towers with Radar,0,87,188,0,275,0,21,252,1,274,0,108,440,1,549,81,0,81,630
04/15/2023,FXE,FL,ASO,ES,Towers with Radar,0,79,128,0,207,0,33,243,2,278,0,112,371,2,485,60,0,60,545
04/16/2023,FXE,FL,ASO,ES,Towers with Radar,0,75,124,0,199,0,15,141,0,156,0,90,265,0,355,160,0,160,515
04/17/2023,FXE,FL,ASO,ES,Towers with Radar,1,60,118,0,179,0,15,114,0,129,1,75,232,0,308,123,0,123,431
04/18/2023,FXE,FL,ASO,ES,Towers with Radar,0,61,122,0,183,0,21,280,0,301,0,82,402,0,484,95,0,95,579
04/19/2023,FXE,FL,ASO,ES,Towers with Radar,0,66,120,0,186,0,22,273,0,295,0,88,393,0,481,186,0,186,667
04/20/2023,FXE,FL,ASO,ES,Towers with Radar,0,76,132,0,208,0,17,246,0,263,0,93,378,0,471,177,0,177,648
04/21/2023,FXE,FL,ASO,ES,Towers with Radar,0,77,114,0,191,0,24,249,2,275,0,101,363,2,466,207,0,207,673
04/22/2023,FXE,FL,ASO,ES,Towers with Radar,0,52,94,0,146,0,14,218,2,234,0,66,312,2,380,181,0,181,561
04/23/2023,FXE,FL,ASO,ES,Towers with Radar,0,76,113,0,189,0,17,206,0,223,0,93,319,0,412,140,0,140,552
04/24/2023,FXE,FL,ASO,ES,Towers with Radar,0,46,90,0,136,0,23,137,0,160,0,69,227,0,296,157,0,157,453
04/25/2023,FXE,FL,ASO,ES,Towers with Radar,0,55,93,0,148,0,16,242,2,260,0,71,335,2,408,116,0,116,524
04/26/2023,FXE,FL,ASO,ES,Towers with Radar,0,76,112,0,188,0,25,199,1,225,0,101,311,1,413,209,0,209,622
04/27/2023,FXE,FL,ASO,ES,Towers with Radar,0,70,102,0,172,0,17,185,6,208,0,87,287,6,380,110,0,110,490
04/28/2023,FXE,FL,ASO,ES,Towers with Radar,0,66,93,0,159,0,17,191,4,212,0,83,284,4,371,100,0,100,471
04/29/2023,FXE,FL,ASO,ES,Towers with Radar,0,49,57,0,106,0,16,109,1,126,0,65,166,1,232,128,0,128,360
04/30/2023,FXE,FL,ASO,ES,Towers with Radar,0,46,82,0,128,0,6,74,2,82,0,52,156,2,210,41,0,41,251
05/01/2023,FXE,FL,ASO,ES,Towers with Radar,0,61,134,3,198,0,30,250,1,281,0,91,384,4,479,182,0,182,661
05/02/2023,FXE,FL,ASO,ES,Towers with Radar,0,53,97,1,151,0,25,236,1,262,0,78,333,2,413,142,0,142,555
05/03/2023,FXE,FL,ASO,ES,Towers with Radar,1,70,99,0,170,0,27,273,0,300,1,97,372,0,470,112,0,112,582
05/04/2023,FXE,FL,ASO,ES,Towers with Radar,0,71,130,0,201,0,24,248,0,272,0,95,378,0,473,189,0,189,662
05/05/2023,FXE,FL,ASO,ES,Towers with Radar,0,87,119,1,207,0,22,248,0,270,0,109,367,1,477,231,0,231,708
05/06/2023,FXE,FL,ASO,ES,Towers with Radar,4,51,94,0,149,0,14,240,0,254,4,65,334,0,403,174,0,174,577
05/07/2023,FXE,FL,ASO,ES,Towers with Radar,0,94,106,0,200,0,13,162,0,175,0,107,268,0,375,167,0,167,542
05/08/2023,FXE,FL,ASO,ES,Towers with Radar,0,64,148,1,213,0,22,212,1,235,0,86,360,2,448,194,0,194,642
05/09/2023,FXE,FL,ASO,ES,Towers with Radar,0,49,105,0,154,0,20,240,0,260,0,69,345,0,414,189,0,189,603
05/10/2023,FXE,FL,ASO,ES,Towers with Radar,0,59,135,0,194,0,20,232,0,252,0,79,367,0,446,226,0,226,672
05/11/2023,FXE,FL,ASO,ES,Towers with Radar,0,74,118,0,192,0,21,247,2,270,0,95,365,2,462,163,0,163,625
05/12/2023,FXE,FL,ASO,ES,Towers with Radar,0,55,116,0,171,0,19,289,2,310,0,74,405,2,481,172,0,172,653
05/13/2023,FXE,FL,ASO,ES,Towers with Radar,0,49,85,1,135,0,10,189,2,201,0,59,274,3,336,138,0,138,474
05/14/2023,FXE,FL,ASO,ES,Towers with Radar,0,45,83,0,128,0,8,186,2,196,0,53,269,2,324,179,0,179,503
05/15/2023,FXE,FL,ASO,ES,Towers with Radar,0,62,110,1,173,0,12,238,0,250,0,74,348,1,423,180,0,180,603
05/16/2023,FXE,FL,ASO,ES,Towers with Radar,0,57,111,0,168,0,18,278,0,296,0,75,389,0,464,148,0,148,612
05/17/2023,FXE,FL,ASO,ES,Towers with Radar,0,61,98,0,159,0,28,212,0,240,0,89,310,0,399,182,0,182,581
05/18/2023,FXE,FL,ASO,ES,Towers with Radar,0,75,103,0,178,0,20,237,0,257,0,95,340,0,435,217,0,217,652
05/19/2023,FXE,FL,ASO,ES,Towers with Radar,0,63,119,0,182,0,24,216,0,240,0,87,335,0,422,215,0,215,637
05/20/2023,FXE,FL,ASO,ES,Towers with Radar,0,45,73,0,118,0,10,249,1,260,0,55,322,1,378,205,0,205,583
05/21/2023,FXE,FL,ASO,ES,Towers with Radar,0,64,115,0,179,0,24,185,0,209,0,88,300,0,388,99,0,99,487
05/22/2023,FXE,FL,ASO,ES,Towers with Radar,0,54,88,0,142,0,23,236,0,259,0,77,324,0,401,244,0,244,645
05/23/2023,FXE,FL,ASO,ES,Towers with Radar,0,56,122,0,178,0,17,160,0,177,0,73,282,0,355,162,0,162,517
05/24/2023,FXE,FL,ASO,ES,Towers with Radar,0,81,89,0,170,0,25,169,0,194,0,106,258,0,364,116,0,116,480
05/25/2023,FXE,FL,ASO,ES,Towers with Radar,0,73,119,0,192,0,20,183,0,203,0,93,302,0,395,110,0,110,505
05/26/2023,FXE,FL,ASO,ES,Towers with Radar,0,83,119,0,202,0,26,206,0,232,0,109,325,0,434,231,0,231,665
05/27/2023,FXE,FL,ASO,ES,Towers with Radar,0,57,83,0,140,0,4,248,1,253,0,61,331,1,393,183,0,183,576
05/28/2023,FXE,FL,ASO,ES,Towers with Radar,0,51,74,0,125,0,8,186,1,195,0,59,260,1,320,86,0,86,406
05/29/2023,FXE,FL,ASO,ES,Towers with Radar,0,66,117,0,183,0,26,211,2,239,0,92,328,2,422,25,0,25,447
05/30/2023,FXE,FL,ASO,ES,Towers with Radar,0,55,120,1,176,0,23,225,2,250,0,78,345,3,426,155,0,155,581
05/31/2023,FXE,FL,ASO,ES,Towers with Radar,0,63,89,0,152,0,17,200,1,218,0,80,289,1,370,180,0,180,550
06/01/2023,FXE,FL,ASO,ES,Towers with Radar,0,57,97,0,154,0,15,223,1,239,0,72,320,1,393,214,0,214,607
06/02/2023,FXE,FL,ASO,ES,Towers with Radar,0,64,101,0,165,0,15,210,2,227,0,79,311,2,392,76,0,76,468
06/03/2023,FXE,FL,ASO,ES,Towers with Radar,0,59,79,0,138,0,9,184,2,195,0,68,263,2,333,126,0,126,459
06/04/2023,FXE,FL,ASO,ES,Towers with Radar,0,55,68,0,123,0,8,133,4,145,0,63,201,4,268,137,0,137,405
06/05/2023,FXE,FL,ASO,ES,Towers with Radar,0,59,89,0,148,0,19,254,3,276,0,78,343,3,424,209,0,209,633
06/06/2023,FXE,FL,ASO,ES,Towers with Radar,0,55,88,0,143,0,17,220,4,241,0,72,308,4,384,245,0,245,629
06/07/2023,FXE,FL,ASO,ES,Towers with Radar,0,63,92,0,155,0,17,230,3,250,0,80,322,3,405,222,0,222,627
06/08/2023,FXE,FL,ASO,ES,Towers with Radar,0,54,78,0,132,0,10,222,2,234,0,64,300,2,366,165,0,165,531
06/09/2023,FXE,FL,ASO,ES,Towers with Radar,0,63,93,0,156,0,16,206,2,224,0,79,299,2,380,121,0,121,501
06/10/2023,FXE,FL,ASO,ES,Towers with Radar,1,56,71,0,128,0,16,248,0,264,1,72,319,0,392,145,0,145,537
06/11/2023,FXE,FL,ASO,ES,Towers with Radar,0,49,94,0,143,0,11,161,0,172,0,60,255,0,315,154,0,154,469
06/12/2023,FXE,FL,ASO,ES,Towers with Radar,0,56,89,0,145,0,22,203,0,225,0,78,292,0,370,210,0,210,580
06/13/2023,FXE,FL,ASO,ES,Towers with Radar,0,49,92,1,142,0,18,162,0,180,0,67,254,1,322,158,0,158,480
06/14/2023,FXE,FL,ASO,ES,Towers with Radar,0,46,100,1,147,0,24,240,1,265,0,70,340,2,412,190,0,190,602
06/15/2023,FXE,FL,ASO,ES,Towers with Radar,0,67,117,2,186,0,21,363,0,384,0,88,480,2,570,291,0,291,861
06/16/2023,FXE,FL,ASO,ES,Towers with Radar,0,56,98,0,154,0,19,265,0,284,0,75,363,0,438,155,0,155,593
06/17/2023,FXE,FL,ASO,ES,Towers with Radar,0,41,74,0,115,0,21,177,0,198,0,62,251,0,313,128,0,128,441
06/18/2023,FXE,FL,ASO,ES,Towers with Radar,0,43,81,0,124,0,7,122,0,129,0,50,203,0,253,90,0,90,343
06/19/2023,FXE,FL,ASO,ES,Towers with Radar,0,39,81,0,120,0,21,199,2,222,0,60,280,2,342,119,0,119,461
06/20/2023,FXE,FL,ASO,ES,Towers with Radar,0,53,94,0,147,0,16,198,0,214,0,69,292,0,361,64,0,64,425
06/21/2023,FXE,FL,ASO,ES,Towers with Radar,0,56,105,3,164,0,25,267,0,292,0,81,372,3,456,242,0,242,698
06/22/2023,FXE,FL,ASO,ES,Towers with Radar,0,63,83,0,146,0,12,214,0,226,0,75,297,0,372,175,0,175,547
06/23/2023,FXE,FL,ASO,ES,Towers with Radar,0,58,89,0,147,0,15,216,0,231,0,73,305,0,378,180,0,180,558
06/24/2023,FXE,FL,ASO,ES,Towers with Radar,0,71,80,0,151,0,10,200,0,210,0,81,280,0,361,173,0,173,534
06/25/2023,FXE,FL,ASO,ES,Towers with Radar,0,48,82,0,130,0,10,146,0,156,0,58,228,0,286,171,0,171,457
06/26/2023,FXE,FL,ASO,ES,Towers with Radar,0,51,89,1,141,0,23,226,1,250,0,74,315,2,391,240,0,240,631
06/27/2023,FXE,FL,ASO,ES,Towers with Radar,0,61,89,2,152,0,22,257,0,279,0,83,346,2,431,250,0,250,681
06/28/2023,FXE,FL,ASO,ES,Towers with Radar,0,48,100,1,149,0,21,221,0,242,0,69,321,1,391,251,0,251,642
06/29/2023,FXE,FL,ASO,ES,Towers with Radar,1,72,119,0,192,0,27,254,0,281,1,99,373,0,473,194,0,194,667
06/30/2023,FXE,FL,ASO,ES,Towers with Radar,0,87,134,0,221,0,24,254,0,278,0,111,388,0,499,225,0,225,724
07/01/2023,FXE,FL,ASO,ES,Towers with Radar,0,70,72,0,142,0,14,198,0,212,0,84,270,0,354,140,0,140,494
07/02/2023,FXE,FL,ASO,ES,Towers with Radar,1,59,75,0,135,0,8,162,0,170,1,67,237,0,305,187,0,187,492
07/03/2023,FXE,FL,ASO,ES,Towers with Radar,0,46,84,0,130,0,21,201,0,222,0,67,285,0,352,198,0,198,550
07/04/2023,FXE,FL,ASO,ES,Towers with Radar,0,37,68,0,105,0,8,162,2,172,0,45,230,2,277,117,10,127,404
07/05/2023,FXE,FL,ASO,ES,Towers with Radar,0,46,94,0,140,0,24,215,1,240,0,70,309,1,380,324,0,324,704
07/06/2023,FXE,FL,ASO,ES,Towers with Radar,0,50,103,0,153,0,20,252,2,274,0,70,355,2,427,232,0,232,659
07/07/2023,FXE,FL,ASO,ES,Towers with Radar,1,44,89,0,134,0,21,189,0,210,1,65,278,0,344,130,0,130,474
07/08/2023,FXE,FL,ASO,ES,Towers with Radar,0,44,67,0,111,0,9,203,2,214,0,53,270,2,325,182,0,182,507
07/09/2023,FXE,FL,ASO,ES,Towers with Radar,0,55,94,0,149,0,21,184,1,206,0,76,278,1,355,171,0,171,526
07/10/2023,FXE,FL,ASO,ES,Towers with Radar,0,52,85,1,138,0,8,219,2,229,0,60,304,3,367,202,0,202,569
07/11/2023,FXE,FL,ASO,ES,Towers with Radar,0,52,109,0,161,0,15,259,3,277,0,67,368,3,438,119,0,119,557
07/12/2023,FXE,FL,ASO,ES,Towers with Radar,0,48,111,0,159,0,18,286,0,304,0,66,397,0,463,216,0,216,679
07/13/2023,FXE,FL,ASO,ES,Towers with Radar,0,66,91,0,157,0,21,207,0,228,0,87,298,0,385,219,0,219,604
07/14/2023,FXE,FL,ASO,ES,Towers with Radar,0,49,111,1,161,0,22,229,1,252,0,71,340,2,413,115,0,115,528
07/15/2023,FXE,FL,ASO,ES,Towers with Radar,0,55,73,0,128,0,13,183,0,196,0,68,256,0,324,103,0,103,427
07/16/2023,FXE,FL,ASO,ES,Towers with Radar,0,51,80,0,131,0,13,182,0,195,0,64,262,0,326,129,0,129,455
07/17/2023,FXE,FL,ASO,ES,Towers with Radar,0,52,83,0,135,0,8,135,0,143,0,60,218,0,278,80,0,80,358
07/18/2023,FXE,FL,ASO,ES,Towers with Radar,0,51,91,0,142,0,17,229,0,246,0,68,320,0,388,131,0,131,519
07/19/2023,FXE,FL,ASO,ES,Towers with Radar,2,49,88,0,139,0,31,315,1,347,2,80,403,1,486,137,0,137,623
07/20/2023,FXE,FL,ASO,ES,Towers with Radar,0,57,101,2,160,0,23,269,0,292,0,80,370,2,452,208,0,208,660
07/21/2023,FXE,FL,ASO,ES,Towers with Radar,0,55,89,4,148,0,28,247,9,284,0,83,336,13,432,126,0,126,558
07/22/2023,FXE,FL,ASO,ES,Towers with Radar,0,42,73,0,115,0,19,222,1,242,0,61,295,1,357,171,0,171,528
07/23/2023,FXE,FL,ASO,ES,Towers with Radar,0,53,71,0,124,0,9,227,0,236,0,62,298,0,360,228,0,228,588
07/24/2023,FXE,FL,ASO,ES,Towers with Radar,0,52,58,0,110,0,26,211,1,238,0,78,269,1,348,252,0,252,600
07/25/2023,FXE,FL,ASO,ES,Towers with Radar,0,48,97,0,145,0,22,230,1,253,0,70,327,1,398,255,0,255,653
07/26/2023,FXE,FL,ASO,ES,Towers with Radar,0,53,88,2,143,0,19,199,1,219,0,72,287,3,362,245,0,245,607
07/27/2023,FXE,FL,ASO,ES,Towers with Radar,0,53,88,0,141,0,17,141,1,159,0,70,229,1,300,123,0,123,423
07/28/2023,FXE,FL,ASO,ES,Towers with Radar,0,69,105,0,174,0,27,240,2,269,0,96,345,2,443,249,0,249,692
07/29/2023,FXE,FL,ASO,ES,Towers with Radar,0,59,103,0,162,0,15,235,3,253,0,74,338,3,415,165,0,165,580
07/30/2023,FXE,FL,ASO,ES,Towers with Radar,0,70,93,0,163,0,11,159,2,172,0,81,252,2,335,146,0,146,481
07/31/2023,FXE,FL,ASO,ES,Towers with Radar,0,55,95,0,150,0,24,201,1,226,0,79,296,1,376,133,0,133,509
08/01/2023,FXE,FL,ASO,ES,Towers with Radar,0,36,65,0,101,0,19,158,1,178,0,55,223,1,279,166,0,166,445
08/02/2023,FXE,FL,ASO,ES,Towers with Radar,0,54,97,0,151,0,28,232,0,260,0,82,329,0,411,158,0,158,569
08/03/2023,FXE,FL,ASO,ES,Towers with Radar,0,43,94,0,137,0,20,209,0,229,0,63,303,0,366,123,0,123,489
08/04/2023,FXE,FL,ASO,ES,Towers with Radar,0,49,80,0,129,0,24,237,2,263,0,73,317,2,392,145,0,145,537
08/05/2023,FXE,FL,ASO,ES,Towers with Radar,0,44,77,0,121,0,11,214,0,225,0,55,291,0,346,216,0,216,562
08/06/2023,FXE,FL,ASO,ES,Towers with Radar,0,46,80,0,126,0,12,196,0,208,0,58,276,0,334,128,0,128,462
08/07/2023,FXE,FL,ASO,ES,Towers with Radar,0,51,107,0,158,0,19,202,1,222,0,70,309,1,380,185,0,185,565
08/08/2023,FXE,FL,ASO,ES,Towers with Radar,0,52,85,0,137,0,20,186,0,206,0,72,271,0,343,133,0,133,476
08/09/2023,FXE,FL,ASO,ES,Towers with Radar,0,54,114,0,168,0,25,239,2,266,0,79,353,2,434,67,0,67,501
08/10/2023,FXE,FL,ASO,ES,Towers with Radar,0,43,103,0,146,0,24,212,0,236,0,67,315,0,382,208,0,208,590
08/11/2023,FXE,FL,ASO,ES,Towers with Radar,0,50,98,0,148,0,20,240,0,260,0,70,338,0,408,165,0,165,573
08/12/2023,FXE,FL,ASO,ES,Towers with Radar,0,46,87,0,133,0,12,175,0,187,0,58,262,0,320,180,0,180,500
08/13/2023,FXE,FL,ASO,ES,Towers with Radar,0,34,97,0,131,0,14,140,0,154,0,48,237,0,285,98,0,98,383
08/14/2023,FXE,FL,ASO,ES,Towers with Radar,0,43,91,0,134,0,19,218,1,238,0,62,309,1,372,193,0,193,565
08/15/2023,FXE,FL,ASO,ES,Towers with Radar,0,52,83,0,135,0,17,167,0,184,0,69,250,0,319,206,0,206,525
08/16/2023,FXE,FL,ASO,ES,Towers with Radar,0,52,113,0,165,0,28,212,0,240,0,80,325,0,405,96,0,96,501
08/17/2023,FXE,FL,ASO,ES,Towers with Radar,0,42,96,0,138,0,12,187,0,199,0,54,283,0,337,93,0,93,430
08/18/2023,FXE,FL,ASO,ES,Towers with Radar,0,52,85,0,137,0,25,190,1,216,0,77,275,1,353,262,0,262,615
08/19/2023,FXE,FL,ASO,ES,Towers with Radar,0,39,69,0,108,0,7,148,0,155,0,46,217,0,263,113,0,113,376
08/20/2023,FXE,FL,ASO,ES,Towers with Radar,0,63,70,0,133,0,18,113,1,132,0,81,183,1,265,142,0,142,407
08/21/2023,FXE,FL,ASO,ES,Towers with Radar,0,45,83,0,128,0,18,163,3,184,0,63,246,3,312,162,4,166,478
08/22/2023,FXE,FL,ASO,ES,Towers with Radar,0,40,84,0,124,0,22,210,2,234,0,62,294,2,358,167,0,167,525
08/23/2023,FXE,FL,ASO,ES,Towers with Radar,1,52,112,0,165,0,28,242,1,271,1,80,354,1,436,150,0,150,586
08/24/2023,FXE,FL,ASO,ES,Towers with Radar,0,53,86,0,139,0,18,199,1,218,0,71,285,1,357,157,0,157,514
08/25/2023,FXE,FL,ASO,ES,Towers with Radar,0,55,109,1,165,0,18,249,2,269,0,73,358,3,434,106,0,106,540
08/26/2023,FXE,FL,ASO,ES,Towers with Radar,0,41,64,0,105,0,10,215,0,225,0,51,279,0,330,170,0,170,500
08/27/2023,FXE,FL,ASO,ES,Towers with Radar,0,50,78,0,128,0,10,179,0,189,0,60,257,0,317,60,0,60,377
08/28/2023,FXE,FL,ASO,ES,Towers with Radar,0,39,77,0,116,0,24,188,0,212,0,63,265,0,328,121,0,121,449
08/29/2023,FXE,FL,ASO,ES,Towers with Radar,0,30,62,0,92,0,13,117,0,130,0,43,179,0,222,153,0,153,375
08/30/2023,FXE,FL,ASO,ES,Towers with Radar,0,25,45,0,70,0,14,81,0,95,0,39,126,0,165,73,0,73,238
08/31/2023,FXE,FL,ASO,ES,Towers with Radar,0,62,96,0,158,0,18,172,0,190,0,80,268,0,348,152,0,152,500
