01/01/2020,FYV,AR,ASW,CE,Federal Contract Tower,0,2,6,0,8,0,0,7,0,7,0,2,13,0,15,0,0,0,15
01/02/2020,FYV,AR,ASW,CE,Federal Contract Tower,0,2,3,0,5,0,0,15,0,15,0,2,18,0,20,2,0,2,22
01/03/2020,FYV,AR,ASW,CE,Federal Contract Tower,1,1,15,0,17,0,0,8,0,8,1,1,23,0,25,0,0,0,25
01/04/2020,FYV,AR,ASW,CE,Federal Contract Tower,0,8,20,0,28,0,7,56,0,63,0,15,76,0,91,34,0,34,125
01/05/2020,FYV,AR,ASW,CE,Federal Contract Tower,0,4,8,0,12,0,4,32,0,36,0,8,40,0,48,4,0,4,52
01/06/2020,FYV,AR,ASW,CE,Federal Contract Tower,0,4,2,3,9,0,0,38,1,39,0,4,40,4,48,20,14,34,82
01/07/2020,FYV,AR,ASW,CE,Federal Contract Tower,1,5,6,0,12,0,0,37,8,45,1,5,43,8,57,24,0,24,81
01/08/2020,FYV,AR,ASW,CE,Federal Contract Tower,0,7,2,2,11,0,0,26,0,26,0,7,28,2,37,10,10,20,57
01/09/2020,FYV,AR,ASW,CE,Federal Contract Tower,0,7,5,0,12,0,0,3,0,3,0,7,8,0,15,0,0,0,15
01/10/2020,FYV,AR,ASW,CE,Federal Contract Tower,0,0,7,0,7,0,0,0,0,0,0,0,7,0,7,0,0,0,7
01/11/2020,FYV,AR,ASW,CE,Federal Contract Tower,0,3,2,0,5,0,0,0,0,0,0,3,2,0,5,0,0,0,5
01/12/2020,FYV,AR,ASW,CE,Federal Contract Tower,0,4,14,0,18,0,6,23,0,29,0,10,37,0,47,14,0,14,61
01/13/2020,FYV,AR,ASW,CE,Federal Contract Tower,0,0,14,0,14,0,1,25,0,26,0,1,39,0,40,20,0,20,60
01/14/2020,FYV,AR,ASW,CE,Federal Contract Tower,2,5,16,0,23,0,0,28,0,28,2,5,44,0,51,26,0,26,77
01/15/2020,FYV,AR,ASW,CE,Federal Contract Tower,0,9,13,0,22,0,0,6,4,10,0,9,19,4,32,14,0,14,46
01/16/2020,FYV,AR,ASW,CE,Federal Contract Tower,0,5,21,6,32,0,0,18,4,22,0,5,39,10,54,0,16,16,70
01/17/2020,FYV,AR,ASW,CE,Federal Contract Tower,0,5,16,0,21,0,0,0,0,0,0,5,16,0,21,0,0,0,21
01/18/2020,FYV,AR,ASW,CE,Federal Contract Tower,0,10,35,0,45,0,0,18,0,18,0,10,53,0,63,0,0,0,63
01/19/2020,FYV,AR,ASW,CE,Federal Contract Tower,0,13,18,0,31,0,18,59,0,77,0,31,77,0,108,6,0,6,114
01/20/2020,FYV,AR,ASW,CE,Federal Contract Tower,1,2,14,0,17,0,0,30,0,30,1,2,44,0,47,10,0,10,57
01/21/2020,FYV,AR,ASW,CE,Federal Contract Tower,1,3,15,0,19,0,2,29,0,31,1,5,44,0,50,14,0,14,64
01/22/2020,FYV,AR,ASW,CE,Federal Contract Tower,0,1,3,0,4,0,0,0,0,0,0,1,3,0,4,0,0,0,4
01/23/2020,FYV,AR,ASW,CE,Federal Contract Tower,0,7,8,0,15,0,0,0,0,0,0,7,8,0,15,0,0,0,15
01/24/2020,FYV,AR,ASW,CE,Federal Contract Tower,0,5,14,0,19,0,0,0,0,0,0,5,14,0,19,0,0,0,19
01/25/2020,FYV,AR,ASW,CE,Federal Contract Tower,0,5,17,0,22,0,9,38,0,47,0,14,55,0,69,18,0,18,87
01/26/2020,FYV,AR,ASW,CE,Federal Contract Tower,0,2,11,0,13,0,2,23,0,25,0,4,34,0,38,70,0,70,108
01/27/2020,FYV,AR,ASW,CE,Federal Contract Tower,0,2,13,2,17,0,0,39,2,41,0,2,52,4,58,16,0,16,74
01/28/2020,FYV,AR,ASW,CE,Federal Contract Tower,1,4,13,0,18,0,0,6,0,6,1,4,19,0,24,28,0,28,52
01/29/2020,FYV,AR,ASW,CE,Federal Contract Tower,0,5,13,0,18,0,0,0,0,0,0,5,13,0,18,0,0,0,18
01/30/2020,FYV,AR,ASW,CE,Federal Contract Tower,0,4,12,0,16,0,0,4,0,4,0,4,16,0,20,0,0,0,20
01/31/2020,FYV,AR,ASW,CE,Federal Contract Tower,1,5,14,4,24,0,0,6,0,6,1,5,20,4,30,0,0,0,30
02/01/2020,FYV,AR,ASW,ES,Federal Contract Tower,0,3,9,0,12,0,14,41,0,55,0,17,50,0,67,28,0,28,95
02/02/2020,FYV,AR,ASW,ES,Federal Contract Tower,0,9,8,0,17,0,14,53,0,67,0,23,61,0,84,30,0,30,114
02/03/2020,FYV,AR,ASW,ES,Federal Contract Tower,0,1,16,0,17,0,0,17,0,17,0,1,33,0,34,38,0,38,72
02/04/2020,FYV,AR,ASW,ES,Federal Contract Tower,0,8,10,0,18,0,0,0,0,0,0,8,10,0,18,0,0,0,18
02/05/2020,FYV,AR,ASW,ES,Federal Contract Tower,0,2,1,0,3,0,0,0,0,0,0,2,1,0,3,0,0,0,3
02/06/2020,FYV,AR,ASW,ES,Federal Contract Tower,0,3,8,4,15,0,0,9,0,9,0,3,17,4,24,24,0,24,48
02/07/2020,FYV,AR,ASW,ES,Federal Contract Tower,0,2,14,0,16,0,2,34,0,36,0,4,48,0,52,24,0,24,76
02/08/2020,FYV,AR,ASW,ES,Federal Contract Tower,0,4,8,0,12,0,9,62,0,71,0,13,70,0,83,38,0,38,121
02/09/2020,FYV,AR,ASW,ES,Federal Contract Tower,1,0,12,0,13,0,0,1,0,1,1,0,13,0,14,20,0,20,34
02/10/2020,FYV,AR,ASW,ES,Federal Contract Tower,1,1,7,0,9,0,0,0,0,0,1,1,7,0,9,0,0,0,9
02/11/2020,FYV,AR,ASW,ES,Federal Contract Tower,0,3,10,0,13,0,0,10,0,10,0,3,20,0,23,4,0,4,27
02/12/2020,FYV,AR,ASW,ES,Federal Contract Tower,2,4,3,0,9,0,0,0,0,0,2,4,3,0,9,0,0,0,9
02/13/2020,FYV,AR,ASW,ES,Federal Contract Tower,0,5,10,0,15,0,0,21,2,23,0,5,31,2,38,44,0,44,82
02/14/2020,FYV,AR,ASW,ES,Federal Contract Tower,0,6,10,2,18,0,0,25,0,25,0,6,35,2,43,10,22,32,75
02/15/2020,FYV,AR,ASW,ES,Federal Contract Tower,0,8,9,0,17,0,0,12,0,12,0,8,21,0,29,32,2,34,63
02/16/2020,FYV,AR,ASW,ES,Federal Contract Tower,0,3,16,0,19,0,0,13,0,13,0,3,29,0,32,0,0,0,32
02/17/2020,FYV,AR,ASW,ES,Federal Contract Tower,1,2,14,1,18,0,0,2,0,2,1,2,16,1,20,0,0,0,20
02/18/2020,FYV,AR,ASW,ES,Federal Contract Tower,0,0,2,1,3,0,0,14,2,16,0,0,16,3,19,16,0,16,35
02/19/2020,FYV,AR,ASW,ES,Federal Contract Tower,0,4,13,0,17,0,4,41,8,53,0,8,54,8,70,88,0,88,158
02/20/2020,FYV,AR,ASW,ES,Federal Contract Tower,0,4,16,0,20,0,0,19,0,19,0,4,35,0,39,6,0,6,45
02/21/2020,FYV,AR,ASW,ES,Federal Contract Tower,4,2,17,6,29,0,0,44,0,44,4,2,61,6,73,20,16,36,109
02/22/2020,FYV,AR,ASW,ES,Federal Contract Tower,4,1,22,0,27,0,13,45,0,58,4,14,67,0,85,14,0,14,99
02/23/2020,FYV,AR,ASW,ES,Federal Contract Tower,0,2,10,0,12,0,0,1,0,1,0,2,11,0,13,0,0,0,13
02/24/2020,FYV,AR,ASW,ES,Federal Contract Tower,0,3,3,10,16,0,0,1,0,1,0,3,4,10,17,0,0,0,17
02/25/2020,FYV,AR,ASW,ES,Federal Contract Tower,0,2,8,1,11,0,0,4,0,4,0,2,12,1,15,0,0,0,15
02/26/2020,FYV,AR,ASW,ES,Federal Contract Tower,2,5,18,0,25,0,0,15,0,15,2,5,33,0,40,66,0,66,106
02/27/2020,FYV,AR,ASW,ES,Federal Contract Tower,4,6,9,0,19,0,4,44,2,50,4,10,53,2,69,18,0,18,87
02/28/2020,FYV,AR,ASW,ES,Federal Contract Tower,1,3,20,0,24,0,4,40,0,44,1,7,60,0,68,4,0,4,72
02/29/2020,FYV,AR,ASW,ES,Federal Contract Tower,3,1,14,0,18,0,12,74,0,86,3,13,88,0,104,18,0,18,122
03/01/2020,FYV,AR,ASW,ES,Federal Contract Tower,2,4,13,0,19,0,0,4,0,4,2,4,17,0,23,0,0,0,23
03/02/2020,FYV,AR,ASW,ES,Federal Contract Tower,2,2,9,0,13,0,2,12,0,14,2,4,21,0,27,12,0,12,39
03/03/2020,FYV,AR,ASW,ES,Federal Contract Tower,2,3,6,0,11,0,1,34,0,35,2,4,40,0,46,54,0,54,100
03/04/2020,FYV,AR,ASW,ES,Federal Contract Tower,0,12,24,9,45,0,0,41,0,41,0,12,65,9,86,36,0,36,122
03/05/2020,FYV,AR,ASW,ES,Federal Contract Tower,0,3,18,0,21,0,0,46,2,48,0,3,64,2,69,28,0,28,97
03/06/2020,FYV,AR,ASW,ES,Federal Contract Tower,1,1,22,0,24,0,0,32,0,32,1,1,54,0,56,8,0,8,64
03/07/2020,FYV,AR,ASW,ES,Federal Contract Tower,0,5,7,0,12,0,14,62,0,76,0,19,69,0,88,44,0,44,132
03/08/2020,FYV,AR,ASW,ES,Federal Contract Tower,0,2,22,2,26,0,2,26,2,30,0,4,48,4,56,38,0,38,94
03/09/2020,FYV,AR,ASW,ES,Federal Contract Tower,0,3,7,0,10,0,0,0,0,0,0,3,7,0,10,0,0,0,10
03/10/2020,FYV,AR,ASW,ES,Federal Contract Tower,1,7,10,9,27,0,2,32,7,41,1,9,42,16,68,82,72,154,222
03/11/2020,FYV,AR,ASW,ES,Federal Contract Tower,2,3,8,0,13,0,0,24,4,28,2,3,32,4,41,66,0,66,107
03/12/2020,FYV,AR,ASW,ES,Federal Contract Tower,5,2,7,1,15,0,0,4,1,5,5,2,11,2,20,0,0,0,20
03/13/2020,FYV,AR,ASW,ES,Federal Contract Tower,0,4,9,0,13,0,0,9,0,9,0,4,18,0,22,0,0,0,22
03/14/2020,FYV,AR,ASW,ES,Federal Contract Tower,0,0,2,0,2,0,0,0,0,0,0,0,2,0,2,0,0,0,2
03/15/2020,FYV,AR,ASW,ES,Federal Contract Tower,0,5,8,0,13,0,0,2,0,2,0,5,10,0,15,14,0,14,29
03/16/2020,FYV,AR,ASW,ES,Federal Contract Tower,0,1,2,0,3,0,0,0,0,0,0,1,2,0,3,0,0,0,3
03/17/2020,FYV,AR,ASW,ES,Federal Contract Tower,0,2,7,0,9,0,0,2,0,2,0,2,9,0,11,6,0,6,17
03/18/2020,FYV,AR,ASW,ES,Federal Contract Tower,0,0,3,0,3,0,0,6,0,6,0,0,9,0,9,12,0,12,21
03/19/2020,FYV,AR,ASW,ES,Federal Contract Tower,0,0,0,0,0,0,0,2,0,2,0,0,2,0,2,0,0,0,2
03/20/2020,FYV,AR,ASW,ES,Federal Contract Tower,0,0,6,0,6,0,0,3,0,3,0,0,9,0,9,0,0,0,9
03/21/2020,FYV,AR,ASW,ES,Federal Contract Tower,0,0,3,0,3,0,10,40,0,50,0,10,43,0,53,82,0,82,135
03/22/2020,FYV,AR,ASW,ES,Federal Contract Tower,0,0,5,0,5,0,0,2,0,2,0,0,7,0,7,4,0,4,11
03/23/2020,FYV,AR,ASW,ES,Federal Contract Tower,0,0,7,0,7,0,0,6,0,6,0,0,13,0,13,10,0,10,23
03/24/2020,FYV,AR,ASW,ES,Federal Contract Tower,0,0,1,0,1,0,0,29,0,29,0,0,30,0,30,32,0,32,62
03/25/2020,FYV,AR,ASW,ES,Federal Contract Tower,0,0,11,4,15,0,0,26,0,26,0,0,37,4,41,38,0,38,79
03/26/2020,FYV,AR,ASW,ES,Federal Contract Tower,0,0,2,0,2,0,0,28,0,28,0,0,30,0,30,30,0,30,60
03/27/2020,FYV,AR,ASW,ES,Federal Contract Tower,0,0,5,0,5,0,0,9,0,9,0,0,14,0,14,0,0,0,14
03/28/2020,FYV,AR,ASW,ES,Federal Contract Tower,0,3,0,0,3,0,0,0,0,0,0,3,0,0,3,0,0,0,3
03/29/2020,FYV,AR,ASW,ES,Federal Contract Tower,0,3,2,0,5,0,0,33,0,33,0,3,35,0,38,58,0,58,96
03/30/2020,FYV,AR,ASW,ES,Federal Contract Tower,0,0,3,0,3,0,0,4,0,4,0,0,7,0,7,6,0,6,13
03/31/2020,FYV,AR,ASW,ES,Federal Contract Tower,0,0,2,0,2,0,0,14,0,14,0,0,16,0,16,0,0,0,16
04/01/2020,FYV,AR,ASW,ES,Federal Contract Tower,0,0,7,2,9,0,1,30,0,31,0,1,37,2,40,56,4,60,100
04/02/2020,FYV,AR,ASW,ES,Federal Contract Tower,0,0,0,10,10,0,0,17,0,17,0,0,17,10,27,18,24,42,69
04/03/2020,FYV,AR,ASW,ES,Federal Contract Tower,0,4,3,4,11,0,0,0,0,0,0,4,3,4,11,0,0,0,11
04/04/2020,FYV,AR,ASW,ES,Federal Contract Tower,0,0,2,0,2,0,0,0,0,0,0,0,2,0,2,0,0,0,2
04/05/2020,FYV,AR,ASW,ES,Federal Contract Tower,0,0,0,0,0,0,0,2,0,2,0,0,2,0,2,6,0,6,8
04/06/2020,FYV,AR,ASW,ES,Federal Contract Tower,0,0,4,4,8,0,0,6,2,8,0,0,10,6,16,14,0,14,30
04/07/2020,FYV,AR,ASW,ES,Federal Contract Tower,0,2,3,8,13,0,0,16,0,16,0,2,19,8,29,4,0,4,33
04/08/2020,FYV,AR,ASW,ES,Federal Contract Tower,0,0,5,4,9,0,0,27,0,27,0,0,32,4,36,12,58,70,106
04/09/2020,FYV,AR,ASW,ES,Federal Contract Tower,0,0,6,0,6,0,2,20,0,22,0,2,26,0,28,20,0,20,48
04/10/2020,FYV,AR,ASW,ES,Federal Contract Tower,0,0,3,0,3,0,4,17,0,21,0,4,20,0,24,16,0,16,40
04/11/2020,FYV,AR,ASW,ES,Federal Contract Tower,0,0,2,0,2,0,0,7,0,7,0,0,9,0,9,0,0,0,9
04/12/2020,FYV,AR,ASW,ES,Federal Contract Tower,0,0,2,0,2,0,0,0,0,0,0,0,2,0,2,0,0,0,2
04/13/2020,FYV,AR,ASW,ES,Federal Contract Tower,0,0,0,2,2,0,0,7,0,7,0,0,7,2,9,0,10,10,19
04/14/2020,FYV,AR,ASW,ES,Federal Contract Tower,0,0,6,0,6,0,0,10,0,10,0,0,16,0,16,6,0,6,22
04/15/2020,FYV,AR,ASW,ES,Federal Contract Tower,0,0,6,1,7,0,0,15,1,16,0,0,21,2,23,14,20,34,57
04/16/2020,FYV,AR,ASW,ES,Federal Contract Tower,0,1,6,0,7,0,0,29,0,29,0,1,35,0,36,14,0,14,50
04/17/2020,FYV,AR,ASW,ES,Federal Contract Tower,0,1,9,0,10,0,0,0,0,0,0,1,9,0,10,0,0,0,10
04/18/2020,FYV,AR,ASW,ES,Federal Contract Tower,0,1,1,0,2,0,0,30,0,30,0,1,31,0,32,34,0,34,66
04/19/2020,FYV,AR,ASW,ES,Federal Contract Tower,0,0,1,0,1,0,0,6,0,6,0,0,7,0,7,8,0,8,15
04/20/2020,FYV,AR,ASW,ES,Federal Contract Tower,0,0,2,0,2,0,0,10,0,10,0,0,12,0,12,6,0,6,18
04/21/2020,FYV,AR,ASW,ES,Federal Contract Tower,0,5,5,0,10,0,2,47,0,49,0,7,52,0,59,40,0,40,99
04/22/2020,FYV,AR,ASW,ES,Federal Contract Tower,0,0,2,0,2,0,0,0,0,0,0,0,2,0,2,0,0,0,2
04/23/2020,FYV,AR,ASW,ES,Federal Contract Tower,0,0,12,0,12,0,0,6,0,6,0,0,18,0,18,2,0,2,20
04/24/2020,FYV,AR,ASW,ES,Federal Contract Tower,0,0,3,4,7,0,0,15,0,15,0,0,18,4,22,12,8,20,42
04/25/2020,FYV,AR,ASW,ES,Federal Contract Tower,0,0,2,0,2,0,0,5,0,5,0,0,7,0,7,0,0,0,7
04/26/2020,FYV,AR,ASW,ES,Federal Contract Tower,0,2,4,0,6,0,0,35,0,35,0,2,39,0,41,30,0,30,71
04/27/2020,FYV,AR,ASW,ES,Federal Contract Tower,0,0,8,0,8,0,0,10,0,10,0,0,18,0,18,8,0,8,26
04/28/2020,FYV,AR,ASW,ES,Federal Contract Tower,0,0,7,0,7,0,0,2,0,2,0,0,9,0,9,0,0,0,9
04/29/2020,FYV,AR,ASW,ES,Federal Contract Tower,0,6,11,0,17,0,0,9,0,9,0,6,20,0,26,6,0,6,32
04/30/2020,FYV,AR,ASW,ES,Federal Contract Tower,0,2,7,0,9,0,0,36,0,36,0,2,43,0,45,24,0,24,69
05/01/2020,FYV,AR,ASW,ES,Federal Contract Tower,0,6,6,0,12,0,0,28,0,28,0,6,34,0,40,8,0,8,48
05/02/2020,FYV,AR,ASW,ES,Federal Contract Tower,0,0,1,4,5,0,0,22,0,22,0,0,23,4,27,18,0,18,45
05/04/2020,FYV,AR,ASW,ES,Federal Contract Tower,0,2,4,0,6,0,0,6,0,6,0,2,10,0,12,36,0,36,48
05/05/2020,FYV,AR,ASW,ES,Federal Contract Tower,0,0,6,2,8,0,0,26,2,28,0,0,32,4,36,42,6,48,84
05/06/2020,FYV,AR,ASW,ES,Federal Contract Tower,0,0,3,0,3,0,0,31,0,31,0,0,34,0,34,54,0,54,88
05/07/2020,FYV,AR,ASW,ES,Federal Contract Tower,0,0,6,4,10,0,0,27,0,27,0,0,33,4,37,34,22,56,93
05/08/2020,FYV,AR,ASW,ES,Federal Contract Tower,0,2,5,2,9,0,0,15,0,15,0,2,20,2,24,8,0,8,32
05/09/2020,FYV,AR,ASW,ES,Federal Contract Tower,0,1,4,0,5,0,0,26,0,26,0,1,30,0,31,22,0,22,53
05/10/2020,FYV,AR,ASW,ES,Federal Contract Tower,0,0,2,0,2,0,0,19,0,19,0,0,21,0,21,18,0,18,39
05/11/2020,FYV,AR,ASW,ES,Federal Contract Tower,0,0,4,2,6,0,0,24,0,24,0,0,28,2,30,24,12,36,66
05/12/2020,FYV,AR,ASW,ES,Federal Contract Tower,0,6,7,2,15,0,0,0,0,0,0,6,7,2,15,0,0,0,15
05/13/2020,FYV,AR,ASW,ES,Federal Contract Tower,0,1,4,0,5,0,0,8,0,8,0,1,12,0,13,16,0,16,29
05/14/2020,FYV,AR,ASW,ES,Federal Contract Tower,0,7,4,0,11,0,0,8,0,8,0,7,12,0,19,12,0,12,31
05/15/2020,FYV,AR,ASW,ES,Federal Contract Tower,0,2,0,0,2,0,0,0,0,0,0,2,0,0,2,0,0,0,2
05/16/2020,FYV,AR,ASW,ES,Federal Contract Tower,0,0,0,4,4,0,0,15,0,15,0,0,15,4,19,24,0,24,43
05/17/2020,FYV,AR,ASW,ES,Federal Contract Tower,0,1,3,0,4,0,0,7,0,7,0,1,10,0,11,10,0,10,21
05/18/2020,FYV,AR,ASW,ES,Federal Contract Tower,0,0,8,0,8,0,2,29,6,37,0,2,37,6,45,38,0,38,83
05/19/2020,FYV,AR,ASW,ES,Federal Contract Tower,0,0,10,12,22,0,1,46,12,59,0,1,56,24,81,46,40,86,167
05/20/2020,FYV,AR,ASW,ES,Federal Contract Tower,0,4,16,9,29,0,0,31,4,35,0,4,47,13,64,44,72,116,180
05/21/2020,FYV,AR,ASW,ES,Federal Contract Tower,0,0,12,5,17,0,0,25,7,32,0,0,37,12,49,44,30,74,123
05/22/2020,FYV,AR,ASW,ES,Federal Contract Tower,0,4,4,0,8,0,0,18,0,18,0,4,22,0,26,4,0,4,30
05/23/2020,FYV,AR,ASW,ES,Federal Contract Tower,0,2,4,0,6,0,6,30,0,36,0,8,34,0,42,34,0,34,76
05/24/2020,FYV,AR,ASW,ES,Federal Contract Tower,0,1,1,0,2,0,2,14,0,16,0,3,15,0,18,4,0,4,22
05/25/2020,FYV,AR,ASW,ES,Federal Contract Tower,0,1,5,0,6,0,0,5,0,5,0,1,10,0,11,0,0,0,11
05/26/2020,FYV,AR,ASW,ES,Federal Contract Tower,0,2,4,0,6,0,0,9,0,9,0,2,13,0,15,24,0,24,39
05/27/2020,FYV,AR,ASW,ES,Federal Contract Tower,0,8,5,0,13,0,0,7,0,7,0,8,12,0,20,28,0,28,48
05/28/2020,FYV,AR,ASW,ES,Federal Contract Tower,0,6,5,8,19,0,0,12,0,12,0,6,17,8,31,36,14,50,81
05/29/2020,FYV,AR,ASW,ES,Federal Contract Tower,0,2,14,0,16,0,4,38,0,42,0,6,52,0,58,16,0,16,74
05/30/2020,FYV,AR,ASW,ES,Federal Contract Tower,0,2,5,0,7,0,18,78,0,96,0,20,83,0,103,100,0,100,203
05/31/2020,FYV,AR,ASW,ES,Federal Contract Tower,0,8,9,0,17,0,25,55,0,80,0,33,64,0,97,72,0,72,169
06/01/2020,FYV,AR,ASW,ES,Federal Contract Tower,0,2,1,4,7,0,0,26,0,26,0,2,27,4,33,16,0,16,49
06/02/2020,FYV,AR,ASW,ES,Federal Contract Tower,0,9,7,0,16,0,2,26,2,30,0,11,33,2,46,36,0,36,82
06/03/2020,FYV,AR,ASW,ES,Federal Contract Tower,0,5,3,0,8,0,2,20,0,22,0,7,23,0,30,50,0,50,80
06/04/2020,FYV,AR,ASW,ES,Federal Contract Tower,0,2,7,0,9,0,6,15,0,21,0,8,22,0,30,10,0,10,40
06/05/2020,FYV,AR,ASW,ES,Federal Contract Tower,0,1,2,2,5,0,3,33,0,36,0,4,35,2,41,14,8,22,63
06/06/2020,FYV,AR,ASW,ES,Federal Contract Tower,0,1,1,0,2,0,20,60,0,80,0,21,61,0,82,62,0,62,144
06/07/2020,FYV,AR,ASW,ES,Federal Contract Tower,0,2,5,0,7,0,14,28,0,42,0,16,33,0,49,20,0,20,69
06/08/2020,FYV,AR,ASW,ES,Federal Contract Tower,0,6,1,0,7,0,6,14,0,20,0,12,15,0,27,38,0,38,65
06/09/2020,FYV,AR,ASW,ES,Federal Contract Tower,0,1,13,0,14,0,12,17,0,29,0,13,30,0,43,14,0,14,57
06/10/2020,FYV,AR,ASW,ES,Federal Contract Tower,0,1,11,0,12,0,1,16,0,17,0,2,27,0,29,2,0,2,31
06/11/2020,FYV,AR,ASW,ES,Federal Contract Tower,0,2,11,3,16,0,4,40,2,46,0,6,51,5,62,28,22,50,112
06/12/2020,FYV,AR,ASW,ES,Federal Contract Tower,0,2,11,0,13,0,4,50,0,54,0,6,61,0,67,36,18,54,121
06/13/2020,FYV,AR,ASW,ES,Federal Contract Tower,0,4,3,0,7,0,19,64,0,83,0,23,67,0,90,28,0,28,118
06/14/2020,FYV,AR,ASW,ES,Federal Contract Tower,0,2,3,0,5,0,26,61,0,87,0,28,64,0,92,4,0,4,96
06/15/2020,FYV,AR,ASW,ES,Federal Contract Tower,0,0,7,10,17,0,0,43,2,45,0,0,50,12,62,12,0,12,74
06/16/2020,FYV,AR,ASW,ES,Federal Contract Tower,0,4,5,10,19,0,2,39,6,47,0,6,44,16,66,36,104,140,206
06/17/2020,FYV,AR,ASW,ES,Federal Contract Tower,0,0,6,5,11,0,2,44,4,50,0,2,50,9,61,82,28,110,171
06/18/2020,FYV,AR,ASW,ES,Federal Contract Tower,0,2,6,10,18,0,0,41,1,42,0,2,47,11,60,32,76,108,168
06/19/2020,FYV,AR,ASW,ES,Federal Contract Tower,0,1,4,0,5,0,0,27,0,27,0,1,31,0,32,12,0,12,44
06/20/2020,FYV,AR,ASW,ES,Federal Contract Tower,0,2,8,0,10,0,13,35,0,48,0,15,43,0,58,42,0,42,100
06/21/2020,FYV,AR,ASW,ES,Federal Contract Tower,0,2,3,0,5,0,11,24,0,35,0,13,27,0,40,14,0,14,54
06/22/2020,FYV,AR,ASW,ES,Federal Contract Tower,0,2,9,0,11,0,0,30,0,30,0,2,39,0,41,24,0,24,65
06/23/2020,FYV,AR,ASW,ES,Federal Contract Tower,0,4,3,0,7,0,0,18,0,18,0,4,21,0,25,46,0,46,71
06/24/2020,FYV,AR,ASW,ES,Federal Contract Tower,0,1,3,0,4,0,0,34,0,34,0,1,37,0,38,24,0,24,62
06/25/2020,FYV,AR,ASW,ES,Federal Contract Tower,0,4,9,1,14,0,0,34,0,34,0,4,43,1,48,50,0,50,98
06/26/2020,FYV,AR,ASW,ES,Federal Contract Tower,0,2,4,0,6,0,1,17,0,18,0,3,21,0,24,38,0,38,62
06/27/2020,FYV,AR,ASW,ES,Federal Contract Tower,0,4,18,0,22,0,0,3,0,3,0,4,21,0,25,2,0,2,27
06/28/2020,FYV,AR,ASW,ES,Federal Contract Tower,0,3,5,0,8,0,2,10,0,12,0,5,15,0,20,2,0,2,22
06/29/2020,FYV,AR,ASW,ES,Federal Contract Tower,0,3,8,0,11,0,0,22,0,22,0,3,30,0,33,6,0,6,39
06/30/2020,FYV,AR,ASW,ES,Federal Contract Tower,0,4,13,0,17,0,5,17,2,24,0,9,30,2,41,8,0,8,49
07/01/2020,FYV,AR,ASW,ES,Federal Contract Tower,0,3,12,0,15,0,3,33,0,36,0,6,45,0,51,12,0,12,63
07/02/2020,FYV,AR,ASW,ES,Federal Contract Tower,0,4,11,0,15,0,0,23,0,23,0,4,34,0,38,64,0,64,102
07/03/2020,FYV,AR,ASW,ES,Federal Contract Tower,0,0,9,0,9,0,0,36,0,36,0,0,45,0,45,32,0,32,77
07/04/2020,FYV,AR,ASW,ES,Federal Contract Tower,0,0,7,0,7,0,2,4,0,6,0,2,11,0,13,4,0,4,17
07/05/2020,FYV,AR,ASW,ES,Federal Contract Tower,0,2,5,0,7,0,19,36,0,55,0,21,41,0,62,30,0,30,92
07/06/2020,FYV,AR,ASW,ES,Federal Contract Tower,0,2,9,0,11,0,2,23,0,25,0,4,32,0,36,2,0,2,38
07/07/2020,FYV,AR,ASW,ES,Federal Contract Tower,0,3,1,2,6,0,4,44,0,48,0,7,45,2,54,40,6,46,100
07/08/2020,FYV,AR,ASW,ES,Federal Contract Tower,0,7,12,0,19,0,2,42,0,44,0,9,54,0,63,18,0,18,81
07/09/2020,FYV,AR,ASW,ES,Federal Contract Tower,0,2,6,0,8,0,2,5,0,7,0,4,11,0,15,14,0,14,29
07/10/2020,FYV,AR,ASW,ES,Federal Contract Tower,0,3,9,0,12,0,2,57,0,59,0,5,66,0,71,98,0,98,169
07/11/2020,FYV,AR,ASW,ES,Federal Contract Tower,0,0,5,0,5,0,16,33,0,49,0,16,38,0,54,46,0,46,100
07/12/2020,FYV,AR,ASW,ES,Federal Contract Tower,0,1,5,0,6,0,23,41,0,64,0,24,46,0,70,16,0,16,86
07/13/2020,FYV,AR,ASW,ES,Federal Contract Tower,0,4,6,0,10,0,2,25,0,27,0,6,31,0,37,6,0,6,43
07/14/2020,FYV,AR,ASW,ES,Federal Contract Tower,0,0,12,0,12,0,2,26,0,28,0,2,38,0,40,26,0,26,66
07/15/2020,FYV,AR,ASW,ES,Federal Contract Tower,0,0,9,0,9,0,4,18,0,22,0,4,27,0,31,10,0,10,41
07/17/2020,FYV,AR,ASW,ES,Federal Contract Tower,0,3,6,0,9,0,3,21,0,24,0,6,27,0,33,12,0,12,45
07/18/2020,FYV,AR,ASW,ES,Federal Contract Tower,0,3,4,0,7,0,21,32,0,53,0,24,36,0,60,26,0,26,86
07/19/2020,FYV,AR,ASW,ES,Federal Contract Tower,0,5,11,0,16,0,21,33,0,54,0,26,44,0,70,64,0,64,134
07/20/2020,FYV,AR,ASW,ES,Federal Contract Tower,0,4,5,2,11,0,2,32,0,34,0,6,37,2,45,60,8,68,113
07/21/2020,FYV,AR,ASW,ES,Federal Contract Tower,0,0,3,0,3,0,0,23,0,23,0,0,26,0,26,16,0,16,42
07/22/2020,FYV,AR,ASW,ES,Federal Contract Tower,0,4,5,0,9,0,0,0,0,0,0,4,5,0,9,24,0,24,33
07/23/2020,FYV,AR,ASW,ES,Federal Contract Tower,0,7,12,0,19,0,1,15,0,16,0,8,27,0,35,44,0,44,79
07/24/2020,FYV,AR,ASW,ES,Federal Contract Tower,0,2,7,2,11,0,4,35,2,41,0,6,42,4,52,72,52,124,176
07/25/2020,FYV,AR,ASW,ES,Federal Contract Tower,0,3,6,0,9,0,20,54,0,74,0,23,60,0,83,38,0,38,121
07/26/2020,FYV,AR,ASW,ES,Federal Contract Tower,0,3,5,0,8,0,18,49,0,67,0,21,54,0,75,22,0,22,97
07/27/2020,FYV,AR,ASW,ES,Federal Contract Tower,0,2,9,0,11,0,1,21,0,22,0,3,30,0,33,0,0,0,33
07/28/2020,FYV,AR,ASW,ES,Federal Contract Tower,0,18,5,0,23,0,2,29,0,31,0,20,34,0,54,24,0,24,78
07/29/2020,FYV,AR,ASW,ES,Federal Contract Tower,0,3,10,0,13,0,0,4,0,4,0,3,14,0,17,34,0,34,51
07/30/2020,FYV,AR,ASW,ES,Federal Contract Tower,0,1,5,0,6,0,0,34,0,34,0,1,39,0,40,64,0,64,104
07/31/2020,FYV,AR,ASW,ES,Federal Contract Tower,0,6,10,0,16,0,0,3,0,3,0,6,13,0,19,0,0,0,19
08/01/2020,FYV,AR,ASW,ES,Federal Contract Tower,0,4,16,0,20,0,18,70,0,88,0,22,86,0,108,74,0,74,182
08/02/2020,FYV,AR,ASW,ES,Federal Contract Tower,0,0,8,0,8,0,19,48,0,67,0,19,56,0,75,28,0,28,103
08/03/2020,FYV,AR,ASW,ES,Federal Contract Tower,0,9,7,0,16,0,3,32,0,35,0,12,39,0,51,18,0,18,69
08/04/2020,FYV,AR,ASW,ES,Federal Contract Tower,0,3,6,8,17,0,0,35,0,35,0,3,41,8,52,64,0,64,116
08/05/2020,FYV,AR,ASW,ES,Federal Contract Tower,0,9,16,0,25,0,0,42,0,42,0,9,58,0,67,42,0,42,109
08/06/2020,FYV,AR,ASW,ES,Federal Contract Tower,0,2,15,0,17,0,0,31,0,31,0,2,46,0,48,70,0,70,118
08/07/2020,FYV,AR,ASW,ES,Federal Contract Tower,0,3,9,0,12,0,3,24,0,27,0,6,33,0,39,50,0,50,89
08/08/2020,FYV,AR,ASW,ES,Federal Contract Tower,0,4,8,0,12,0,22,23,0,45,0,26,31,0,57,60,0,60,117
08/09/2020,FYV,AR,ASW,ES,Federal Contract Tower,0,1,2,0,3,0,18,43,0,61,0,19,45,0,64,20,0,20,84
08/10/2020,FYV,AR,ASW,ES,Federal Contract Tower,0,0,10,0,10,0,4,40,12,56,0,4,50,12,66,8,0,8,74
08/11/2020,FYV,AR,ASW,ES,Federal Contract Tower,0,5,5,0,10,0,0,11,0,11,0,5,16,0,21,6,0,6,27
08/12/2020,FYV,AR,ASW,ES,Federal Contract Tower,0,3,12,4,19,0,7,46,0,53,0,10,58,4,72,66,0,66,138
08/13/2020,FYV,AR,ASW,ES,Federal Contract Tower,0,2,15,2,19,0,1,29,0,30,0,3,44,2,49,40,0,40,89
08/14/2020,FYV,AR,ASW,ES,Federal Contract Tower,0,4,9,0,13,0,4,32,0,36,0,8,41,0,49,14,0,14,63
08/15/2020,FYV,AR,ASW,ES,Federal Contract Tower,0,5,11,0,16,0,24,65,0,89,0,29,76,0,105,24,0,24,129
08/16/2020,FYV,AR,ASW,ES,Federal Contract Tower,0,3,12,0,15,0,14,48,0,62,0,17,60,0,77,10,0,10,87
08/17/2020,FYV,AR,ASW,ES,Federal Contract Tower,0,1,2,2,5,0,5,15,5,25,0,6,17,7,30,68,0,68,98
08/18/2020,FYV,AR,ASW,ES,Federal Contract Tower,0,7,7,0,14,0,4,43,0,47,0,11,50,0,61,72,0,72,133
08/19/2020,FYV,AR,ASW,ES,Federal Contract Tower,0,2,7,0,9,0,7,37,0,44,0,9,44,0,53,64,0,64,117
08/20/2020,FYV,AR,ASW,ES,Federal Contract Tower,0,4,9,2,15,0,2,35,0,37,0,6,44,2,52,0,0,0,52
08/21/2020,FYV,AR,ASW,ES,Federal Contract Tower,0,3,14,0,17,0,2,40,0,42,0,5,54,0,59,10,0,10,69
08/22/2020,FYV,AR,ASW,ES,Federal Contract Tower,0,3,15,0,18,0,20,68,0,88,0,23,83,0,106,42,0,42,148
08/23/2020,FYV,AR,ASW,ES,Federal Contract Tower,0,2,18,0,20,0,26,55,0,81,0,28,73,0,101,34,0,34,135
08/24/2020,FYV,AR,ASW,ES,Federal Contract Tower,0,2,12,0,14,0,2,21,0,23,0,4,33,0,37,0,0,0,37
08/25/2020,FYV,AR,ASW,ES,Federal Contract Tower,0,3,11,4,18,0,5,26,5,36,0,8,37,9,54,10,50,60,114
08/26/2020,FYV,AR,ASW,ES,Federal Contract Tower,0,1,8,0,9,0,0,6,0,6,0,1,14,0,15,20,0,20,35
08/27/2020,FYV,AR,ASW,ES,Federal Contract Tower,0,2,5,0,7,0,2,6,0,8,0,4,11,0,15,6,0,6,21
08/28/2020,FYV,AR,ASW,ES,Federal Contract Tower,0,2,3,0,5,0,2,21,0,23,0,4,24,0,28,2,0,2,30
08/29/2020,FYV,AR,ASW,ES,Federal Contract Tower,0,2,6,6,14,0,8,35,0,43,0,10,41,6,57,26,0,26,83
08/31/2020,FYV,AR,ASW,ES,Federal Contract Tower,0,0,5,0,5,0,0,6,1,7,0,0,11,1,12,6,0,6,18
09/01/2020,FYV,AR,ASW,ES,Federal Contract Tower,0,4,4,0,8,0,0,4,0,4,0,4,8,0,12,8,0,8,20
09/02/2020,FYV,AR,ASW,ES,Federal Contract Tower,0,2,11,0,13,0,0,4,5,9,0,2,15,5,22,28,0,28,50
09/03/2020,FYV,AR,ASW,ES,Federal Contract Tower,0,0,13,5,18,0,0,5,0,5,0,0,18,5,23,26,0,26,49
09/04/2020,FYV,AR,ASW,ES,Federal Contract Tower,0,3,20,0,23,0,2,25,0,27,0,5,45,0,50,40,0,40,90
09/05/2020,FYV,AR,ASW,ES,Federal Contract Tower,0,0,14,0,14,0,19,130,0,149,0,19,144,0,163,80,0,80,243
09/06/2020,FYV,AR,ASW,ES,Federal Contract Tower,0,2,4,0,6,0,14,121,0,135,0,16,125,0,141,126,0,126,267
09/07/2020,FYV,AR,ASW,ES,Federal Contract Tower,0,3,7,0,10,0,1,65,0,66,0,4,72,0,76,76,0,76,152
09/08/2020,FYV,AR,ASW,ES,Federal Contract Tower,0,5,6,0,11,0,6,31,0,37,0,11,37,0,48,38,0,38,86
09/09/2020,FYV,AR,ASW,ES,Federal Contract Tower,0,5,5,1,11,0,2,41,0,43,0,7,46,1,54,34,0,34,88
09/10/2020,FYV,AR,ASW,ES,Federal Contract Tower,0,1,14,0,15,0,0,1,0,1,0,1,15,0,16,0,0,0,16
09/11/2020,FYV,AR,ASW,ES,Federal Contract Tower,0,9,15,0,24,0,0,6,0,6,0,9,21,0,30,14,0,14,44
09/12/2020,FYV,AR,ASW,ES,Federal Contract Tower,0,2,9,0,11,0,20,41,1,62,0,22,50,1,73,40,0,40,113
09/13/2020,FYV,AR,ASW,ES,Federal Contract Tower,0,4,4,0,8,0,24,68,0,92,0,28,72,0,100,20,0,20,120
09/14/2020,FYV,AR,ASW,ES,Federal Contract Tower,0,0,8,0,8,0,0,38,0,38,0,0,46,0,46,58,0,58,104
09/15/2020,FYV,AR,ASW,ES,Federal Contract Tower,0,6,12,0,18,0,2,32,0,34,0,8,44,0,52,14,0,14,66
09/16/2020,FYV,AR,ASW,ES,Federal Contract Tower,0,2,8,0,10,0,2,29,0,31,0,4,37,0,41,56,0,56,97
09/17/2020,FYV,AR,ASW,ES,Federal Contract Tower,0,3,9,0,12,0,0,31,0,31,0,3,40,0,43,18,0,18,61
09/18/2020,FYV,AR,ASW,ES,Federal Contract Tower,0,3,25,0,28,0,2,47,0,49,0,5,72,0,77,38,0,38,115
09/19/2020,FYV,AR,ASW,ES,Federal Contract Tower,0,2,5,0,7,0,22,54,0,76,0,24,59,0,83,44,0,44,127
09/20/2020,FYV,AR,ASW,ES,Federal Contract Tower,0,4,6,0,10,0,14,56,0,70,0,18,62,0,80,6,0,6,86
09/21/2020,FYV,AR,ASW,ES,Federal Contract Tower,0,5,7,0,12,0,0,32,0,32,0,5,39,0,44,64,0,64,108
09/22/2020,FYV,AR,ASW,ES,Federal Contract Tower,0,4,15,0,19,0,0,1,0,1,0,4,16,0,20,0,0,0,20
09/23/2020,FYV,AR,ASW,ES,Federal Contract Tower,0,5,21,0,26,0,0,12,0,12,0,5,33,0,38,72,0,72,110
09/24/2020,FYV,AR,ASW,ES,Federal Contract Tower,0,7,12,1,20,0,0,39,1,40,0,7,51,2,60,42,0,42,102
09/25/2020,FYV,AR,ASW,ES,Federal Contract Tower,0,3,30,0,33,0,1,34,0,35,0,4,64,0,68,2,0,2,70
09/26/2020,FYV,AR,ASW,ES,Federal Contract Tower,0,10,42,0,52,0,0,46,0,46,0,10,88,0,98,24,0,24,122
09/27/2020,FYV,AR,ASW,ES,Federal Contract Tower,0,3,22,0,25,0,0,32,0,32,0,3,54,0,57,12,0,12,69
09/28/2020,FYV,AR,ASW,ES,Federal Contract Tower,0,4,10,0,14,0,0,31,0,31,0,4,41,0,45,20,0,20,65
09/29/2020,FYV,AR,ASW,ES,Federal Contract Tower,0,6,3,2,11,0,0,49,0,49,0,6,52,2,60,24,14,38,98
09/30/2020,FYV,AR,ASW,ES,Federal Contract Tower,0,4,8,0,12,0,0,32,0,32,0,4,40,0,44,24,0,24,68
10/01/2020,FYV,AR,ASW,ES,Federal Contract Tower,0,4,10,0,14,0,0,25,1,26,0,4,35,1,40,22,0,22,62
10/02/2020,FYV,AR,ASW,ES,Federal Contract Tower,0,2,25,0,27,0,0,51,0,51,0,2,76,0,78,50,0,50,128
10/03/2020,FYV,AR,ASW,ES,Federal Contract Tower,0,1,7,0,8,0,11,34,0,45,0,12,41,0,53,12,0,12,65
10/04/2020,FYV,AR,ASW,ES,Federal Contract Tower,0,4,20,0,24,0,16,44,2,62,0,20,64,2,86,10,0,10,96
10/05/2020,FYV,AR,ASW,ES,Federal Contract Tower,0,2,8,0,10,0,4,50,3,57,0,6,58,3,67,50,0,50,117
10/06/2020,FYV,AR,ASW,ES,Federal Contract Tower,0,1,12,0,13,0,3,30,0,33,0,4,42,0,46,32,0,32,78
10/07/2020,FYV,AR,ASW,ES,Federal Contract Tower,0,3,10,0,13,0,0,35,0,35,0,3,45,0,48,32,0,32,80
10/08/2020,FYV,AR,ASW,ES,Federal Contract Tower,0,5,8,0,13,0,4,25,4,33,0,9,33,4,46,36,0,36,82
10/09/2020,FYV,AR,ASW,ES,Federal Contract Tower,0,3,16,0,19,0,2,35,0,37,0,5,51,0,56,38,0,38,94
10/10/2020,FYV,AR,ASW,ES,Federal Contract Tower,0,3,5,0,8,0,20,54,0,74,0,23,59,0,82,10,0,10,92
10/11/2020,FYV,AR,ASW,ES,Federal Contract Tower,0,4,12,0,16,0,17,44,0,61,0,21,56,0,77,58,0,58,135
10/12/2020,FYV,AR,ASW,ES,Federal Contract Tower,0,6,10,0,16,0,1,24,0,25,0,7,34,0,41,0,0,0,41
10/13/2020,FYV,AR,ASW,ES,Federal Contract Tower,0,3,7,0,10,0,2,33,2,37,0,5,40,2,47,20,0,20,67
10/14/2020,FYV,AR,ASW,ES,Federal Contract Tower,0,4,14,4,22,0,0,14,4,18,0,4,28,8,40,4,0,4,44
10/15/2020,FYV,AR,ASW,ES,Federal Contract Tower,0,4,14,0,18,0,0,13,2,15,0,4,27,2,33,0,0,0,33
10/16/2020,FYV,AR,ASW,ES,Federal Contract Tower,0,5,16,0,21,0,1,53,2,56,0,6,69,2,77,84,0,84,161
10/17/2020,FYV,AR,ASW,ES,Federal Contract Tower,0,3,37,0,40,0,0,21,0,21,0,3,58,0,61,20,0,20,81
10/18/2020,FYV,AR,ASW,ES,Federal Contract Tower,0,6,33,0,39,0,0,11,0,11,0,6,44,0,50,8,0,8,58
10/19/2020,FYV,AR,ASW,ES,Federal Contract Tower,0,1,8,0,9,0,0,0,0,0,0,1,8,0,9,0,0,0,9
10/20/2020,FYV,AR,ASW,ES,Federal Contract Tower,0,2,4,0,6,0,0,7,0,7,0,2,11,0,13,26,0,26,39
10/21/2020,FYV,AR,ASW,ES,Federal Contract Tower,0,1,9,3,13,0,2,27,5,34,0,3,36,8,47,22,4,26,73
10/22/2020,FYV,AR,ASW,ES,Federal Contract Tower,0,1,11,1,13,0,0,28,1,29,0,1,39,2,42,38,0,38,80
10/23/2020,FYV,AR,ASW,ES,Federal Contract Tower,0,4,15,0,19,0,0,0,0,0,0,4,15,0,19,0,0,0,19
10/24/2020,FYV,AR,ASW,ES,Federal Contract Tower,0,0,12,0,12,0,0,11,0,11,0,0,23,0,23,18,0,18,41
10/25/2020,FYV,AR,ASW,ES,Federal Contract Tower,0,4,12,0,16,0,0,9,0,9,0,4,21,0,25,32,0,32,57
10/26/2020,FYV,AR,ASW,ES,Federal Contract Tower,0,2,6,0,8,0,0,0,0,0,0,2,6,0,8,0,0,0,8
10/27/2020,FYV,AR,ASW,ES,Federal Contract Tower,0,2,15,0,17,0,0,0,0,0,0,2,15,0,17,0,0,0,17
10/28/2020,FYV,AR,ASW,ES,Federal Contract Tower,0,9,0,0,9,0,0,0,0,0,0,9,0,0,9,0,0,0,9
10/29/2020,FYV,AR,ASW,ES,Federal Contract Tower,0,3,9,0,12,0,0,4,0,4,0,3,13,0,16,0,0,0,16
10/30/2020,FYV,AR,ASW,ES,Federal Contract Tower,2,6,10,2,20,0,1,85,4,90,2,7,95,6,110,66,0,66,176
10/31/2020,FYV,AR,ASW,ES,Federal Contract Tower,0,0,16,0,16,0,2,51,0,53,0,2,67,0,69,116,0,116,185
11/01/2020,FYV,AR,ASW,ES,Federal Contract Tower,0,4,15,0,19,0,13,57,0,70,0,17,72,0,89,36,0,36,125
11/02/2020,FYV,AR,ASW,ES,Federal Contract Tower,0,1,5,0,6,0,4,44,0,48,0,5,49,0,54,32,0,32,86
11/03/2020,FYV,AR,ASW,ES,Federal Contract Tower,0,6,6,0,12,0,3,39,0,42,0,9,45,0,54,92,0,92,146
11/04/2020,FYV,AR,ASW,ES,Federal Contract Tower,0,3,13,0,16,0,2,15,4,21,0,5,28,4,37,6,0,6,43
11/05/2020,FYV,AR,ASW,ES,Federal Contract Tower,0,7,15,0,22,0,3,46,4,53,0,10,61,4,75,36,0,36,111
11/06/2020,FYV,AR,ASW,ES,Federal Contract Tower,0,5,18,0,23,0,0,66,2,68,0,5,84,2,91,16,0,16,107
11/07/2020,FYV,AR,ASW,ES,Federal Contract Tower,0,3,32,0,35,0,0,52,0,52,0,3,84,0,87,64,0,64,151
11/08/2020,FYV,AR,ASW,ES,Federal Contract Tower,0,7,58,0,65,0,0,22,0,22,0,7,80,0,87,14,0,14,101
11/09/2020,FYV,AR,ASW,ES,Federal Contract Tower,0,2,11,0,13,0,0,9,0,9,0,2,20,0,22,16,0,16,38
11/10/2020,FYV,AR,ASW,ES,Federal Contract Tower,0,1,13,0,14,0,0,6,0,6,0,1,19,0,20,0,0,0,20
11/11/2020,FYV,AR,ASW,ES,Federal Contract Tower,0,2,11,0,13,0,2,44,0,46,0,4,55,0,59,32,0,32,91
11/12/2020,FYV,AR,ASW,ES,Federal Contract Tower,0,2,11,0,13,0,0,29,0,29,0,2,40,0,42,50,0,50,92
11/13/2020,FYV,AR,ASW,ES,Federal Contract Tower,0,4,16,0,20,0,0,36,0,36,0,4,52,0,56,34,0,34,90
11/14/2020,FYV,AR,ASW,ES,Federal Contract Tower,0,2,7,0,9,0,0,3,0,3,0,2,10,0,12,0,0,0,12
11/15/2020,FYV,AR,ASW,ES,Federal Contract Tower,0,2,11,0,13,0,16,33,0,49,0,18,44,0,62,10,0,10,72
11/16/2020,FYV,AR,ASW,ES,Federal Contract Tower,0,0,9,0,9,0,2,39,0,41,0,2,48,0,50,24,0,24,74
11/17/2020,FYV,AR,ASW,ES,Federal Contract Tower,0,3,23,0,26,0,2,74,0,76,0,5,97,0,102,106,0,106,208
11/18/2020,FYV,AR,ASW,ES,Federal Contract Tower,0,1,13,6,20,0,0,28,0,28,0,1,41,6,48,20,6,26,74
11/19/2020,FYV,AR,ASW,ES,Federal Contract Tower,0,5,12,4,21,0,2,9,0,11,0,7,21,4,32,6,0,6,38
11/20/2020,FYV,AR,ASW,ES,Federal Contract Tower,0,0,25,0,25,0,0,24,0,24,0,0,49,0,49,44,0,44,93
11/21/2020,FYV,AR,ASW,ES,Federal Contract Tower,0,9,34,0,43,0,0,1,0,1,0,9,35,0,44,0,0,0,44
11/22/2020,FYV,AR,ASW,ES,Federal Contract Tower,2,3,31,0,36,0,0,4,0,4,2,3,35,0,40,0,0,0,40
11/23/2020,FYV,AR,ASW,ES,Federal Contract Tower,0,2,6,3,11,0,0,39,3,42,0,2,45,6,53,82,14,96,149
11/24/2020,FYV,AR,ASW,ES,Federal Contract Tower,0,2,5,0,7,0,0,3,0,3,0,2,8,0,10,10,0,10,20
11/25/2020,FYV,AR,ASW,ES,Federal Contract Tower,0,9,14,0,23,0,0,3,0,3,0,9,17,0,26,0,0,0,26
11/26/2020,FYV,AR,ASW,ES,Federal Contract Tower,0,0,1,0,1,0,0,16,0,16,0,0,17,0,17,12,0,12,29
11/27/2020,FYV,AR,ASW,ES,Federal Contract Tower,0,2,6,0,8,0,0,46,0,46,0,2,52,0,54,36,0,36,90
11/28/2020,FYV,AR,ASW,ES,Federal Contract Tower,0,2,9,0,11,0,0,41,0,41,0,2,50,0,52,40,0,40,92
11/29/2020,FYV,AR,ASW,ES,Federal Contract Tower,0,3,10,0,13,0,0,7,0,7,0,3,17,0,20,28,0,28,48
11/30/2020,FYV,AR,ASW,ES,Federal Contract Tower,0,6,9,0,15,0,0,30,0,30,0,6,39,0,45,22,0,22,67
12/01/2020,FYV,AR,ASW,ES,Federal Contract Tower,0,1,9,0,10,0,2,52,0,54,0,3,61,0,64,60,0,60,124
12/02/2020,FYV,AR,ASW,ES,Federal Contract Tower,0,5,10,0,15,0,0,10,0,10,0,5,20,0,25,24,0,24,49
12/03/2020,FYV,AR,ASW,ES,Federal Contract Tower,0,5,6,0,11,0,0,0,0,0,0,5,6,0,11,0,0,0,11
12/04/2020,FYV,AR,ASW,ES,Federal Contract Tower,0,0,8,1,9,0,0,31,0,31,0,0,39,1,40,4,44,48,88
12/05/2020,FYV,AR,ASW,ES,Federal Contract Tower,0,2,8,0,10,0,0,60,6,66,0,2,68,6,76,60,0,60,136
12/06/2020,FYV,AR,ASW,ES,Federal Contract Tower,0,2,3,0,5,0,0,31,0,31,0,2,34,0,36,78,0,78,114
12/07/2020,FYV,AR,ASW,ES,Federal Contract Tower,0,4,3,0,7,0,0,37,2,39,0,4,40,2,46,46,0,46,92
12/08/2020,FYV,AR,ASW,ES,Federal Contract Tower,0,5,10,0,15,0,0,49,2,51,0,5,59,2,66,66,6,72,138
12/09/2020,FYV,AR,ASW,ES,Federal Contract Tower,0,2,13,0,15,0,0,64,0,64,0,2,77,0,79,96,0,96,175
12/10/2020,FYV,AR,ASW,ES,Federal Contract Tower,0,1,11,0,12,0,1,30,0,31,0,2,41,0,43,26,0,26,69
12/11/2020,FYV,AR,ASW,ES,Federal Contract Tower,0,1,14,0,15,0,0,0,0,0,0,1,14,0,15,0,0,0,15
12/12/2020,FYV,AR,ASW,ES,Federal Contract Tower,0,6,37,0,43,0,0,1,0,1,0,6,38,0,44,0,0,0,44
12/13/2020,FYV,AR,ASW,ES,Federal Contract Tower,0,0,4,0,4,0,0,0,0,0,0,0,4,0,4,0,0,0,4
12/14/2020,FYV,AR,ASW,ES,Federal Contract Tower,0,0,8,0,8,0,0,30,2,32,0,0,38,2,40,26,0,26,66
12/15/2020,FYV,AR,ASW,ES,Federal Contract Tower,0,3,3,0,6,0,0,17,0,17,0,3,20,0,23,90,0,90,113
12/16/2020,FYV,AR,ASW,ES,Federal Contract Tower,0,6,12,0,18,0,0,8,0,8,0,6,20,0,26,0,0,0,26
12/17/2020,FYV,AR,ASW,ES,Federal Contract Tower,0,9,19,0,28,0,0,34,0,34,0,9,53,0,62,32,0,32,94
12/18/2020,FYV,AR,ASW,ES,Federal Contract Tower,0,3,16,0,19,0,0,26,0,26,0,3,42,0,45,16,0,16,61
12/19/2020,FYV,AR,ASW,ES,Federal Contract Tower,0,3,2,0,5,0,0,20,0,20,0,3,22,0,25,54,0,54,79
12/20/2020,FYV,AR,ASW,ES,Federal Contract Tower,0,1,3,0,4,0,0,21,0,21,0,1,24,0,25,40,0,40,65
12/21/2020,FYV,AR,ASW,ES,Federal Contract Tower,0,6,5,0,11,0,0,29,0,29,0,6,34,0,40,30,0,30,70
12/22/2020,FYV,AR,ASW,ES,Federal Contract Tower,0,9,25,0,34,0,0,35,0,35,0,9,60,0,69,18,0,18,87
12/23/2020,FYV,AR,ASW,ES,Federal Contract Tower,0,3,8,0,11,0,0,5,0,5,0,3,13,0,16,0,0,0,16
12/24/2020,FYV,AR,ASW,ES,Federal Contract Tower,0,0,3,0,3,0,0,1,0,1,0,0,4,0,4,0,0,0,4
12/25/2020,FYV,AR,ASW,ES,Federal Contract Tower,0,0,1,0,1,0,0,10,0,10,0,0,11,0,11,20,0,20,31
12/26/2020,FYV,AR,ASW,ES,Federal Contract Tower,0,2,9,0,11,0,0,26,0,26,0,2,35,0,37,10,0,10,47
12/27/2020,FYV,AR,ASW,ES,Federal Contract Tower,0,0,3,0,3,0,0,9,0,9,0,0,12,0,12,0,0,0,12
12/28/2020,FYV,AR,ASW,ES,Federal Contract Tower,0,2,8,0,10,0,0,43,0,43,0,2,51,0,53,82,0,82,135
12/29/2020,FYV,AR,ASW,ES,Federal Contract Tower,0,1,7,0,8,0,0,7,0,7,0,1,14,0,15,6,0,6,21
12/30/2020,FYV,AR,ASW,ES,Federal Contract Tower,0,3,7,0,10,0,0,0,0,0,0,3,7,0,10,0,0,0,10
12/31/2020,FYV,AR,ASW,ES,Federal Contract Tower,0,4,6,0,10,0,0,7,0,7,0,4,13,0,17,28,0,28,45
01/01/2021,FYV,AR,ASW,ES,Federal Contract Tower,0,2,4,0,6,0,0,0,0,0,0,2,4,0,6,0,0,0,6
01/02/2021,FYV,AR,ASW,ES,Federal Contract Tower,0,6,5,0,11,0,0,4,0,4,0,6,9,0,15,10,0,10,25
01/03/2021,FYV,AR,ASW,ES,Federal Contract Tower,2,4,9,0,15,0,0,45,0,45,2,4,54,0,60,114,0,114,174
01/04/2021,FYV,AR,ASW,ES,Federal Contract Tower,0,2,6,2,10,0,1,38,0,39,0,3,44,2,49,64,0,64,113
01/05/2021,FYV,AR,ASW,ES,Federal Contract Tower,2,1,5,0,8,0,0,68,0,68,2,1,73,0,76,50,0,50,126
01/06/2021,FYV,AR,ASW,ES,Federal Contract Tower,0,0,5,0,5,0,0,4,0,4,0,0,9,0,9,0,0,0,9
01/07/2021,FYV,AR,ASW,ES,Federal Contract Tower,1,0,2,0,3,0,0,0,0,0,1,0,2,0,3,0,0,0,3
01/08/2021,FYV,AR,ASW,ES,Federal Contract Tower,0,0,12,0,12,0,0,24,0,24,0,0,36,0,36,18,0,18,54
01/09/2021,FYV,AR,ASW,ES,Federal Contract Tower,0,4,9,0,13,0,13,53,2,68,0,17,62,2,81,34,0,34,115
01/10/2021,FYV,AR,ASW,ES,Federal Contract Tower,0,0,6,0,6,0,6,14,0,20,0,6,20,0,26,23,0,23,49
01/11/2021,FYV,AR,ASW,ES,Federal Contract Tower,1,1,8,0,10,0,2,13,0,15,1,3,21,0,25,14,0,14,39
01/12/2021,FYV,AR,ASW,ES,Federal Contract Tower,2,6,11,0,19,0,1,50,1,52,2,7,61,1,71,52,14,66,137
01/13/2021,FYV,AR,ASW,ES,Federal Contract Tower,0,3,6,0,9,0,0,42,0,42,0,3,48,0,51,20,0,20,71
01/14/2021,FYV,AR,ASW,ES,Federal Contract Tower,0,6,16,0,22,0,2,13,0,15,0,8,29,0,37,8,0,8,45
01/15/2021,FYV,AR,ASW,ES,Federal Contract Tower,1,3,10,0,14,0,0,5,0,5,1,3,15,0,19,0,0,0,19
01/16/2021,FYV,AR,ASW,ES,Federal Contract Tower,2,4,8,0,14,0,11,32,0,43,2,15,40,0,57,41,0,41,98
01/17/2021,FYV,AR,ASW,ES,Federal Contract Tower,1,2,8,0,11,0,7,33,6,46,1,9,41,6,57,6,0,6,63
01/18/2021,FYV,AR,ASW,ES,Federal Contract Tower,0,3,10,0,13,0,0,31,0,31,0,3,41,0,44,22,0,22,66
01/19/2021,FYV,AR,ASW,ES,Federal Contract Tower,0,4,13,0,17,0,0,41,0,41,0,4,54,0,58,112,0,112,170
01/20/2021,FYV,AR,ASW,ES,Federal Contract Tower,0,3,10,0,13,0,0,19,0,19,0,3,29,0,32,44,0,44,76
01/21/2021,FYV,AR,ASW,ES,Federal Contract Tower,0,4,17,0,21,0,0,11,0,11,0,4,28,0,32,20,0,20,52
01/22/2021,FYV,AR,ASW,ES,Federal Contract Tower,2,0,18,0,20,0,0,41,0,41,2,0,59,0,61,18,0,18,79
01/23/2021,FYV,AR,ASW,ES,Federal Contract Tower,2,2,13,0,17,0,0,44,0,44,2,2,57,0,61,88,0,88,149
01/24/2021,FYV,AR,ASW,ES,Federal Contract Tower,0,3,6,0,9,0,0,0,0,0,0,3,6,0,9,0,0,0,9
01/25/2021,FYV,AR,ASW,ES,Federal Contract Tower,0,5,7,0,12,0,0,6,0,6,0,5,13,0,18,8,0,8,26
01/26/2021,FYV,AR,ASW,ES,Federal Contract Tower,1,2,8,0,11,0,0,4,0,4,1,2,12,0,15,0,0,0,15
01/27/2021,FYV,AR,ASW,ES,Federal Contract Tower,1,5,11,0,17,0,0,1,0,1,1,5,12,0,18,0,0,0,18
01/28/2021,FYV,AR,ASW,ES,Federal Contract Tower,0,4,13,0,17,0,0,55,0,55,0,4,68,0,72,82,24,106,178
01/29/2021,FYV,AR,ASW,ES,Federal Contract Tower,0,9,21,0,30,0,0,47,0,47,0,9,68,0,77,12,0,12,89
01/30/2021,FYV,AR,ASW,ES,Federal Contract Tower,0,5,5,0,10,0,0,6,0,6,0,5,11,0,16,0,0,0,16
01/31/2021,FYV,AR,ASW,ES,Federal Contract Tower,1,3,12,0,16,0,0,1,0,1,1,3,13,0,17,0,0,0,17
02/01/2021,FYV,AR,ASW,ES,Federal Contract Tower,1,3,7,0,11,0,0,22,0,22,1,3,29,0,33,26,0,26,59
02/02/2021,FYV,AR,ASW,ES,Federal Contract Tower,2,3,9,2,16,0,1,60,0,61,2,4,69,2,77,80,0,80,157
02/03/2021,FYV,AR,ASW,ES,Federal Contract Tower,0,6,14,2,22,0,2,57,0,59,0,8,71,2,81,46,12,58,139
02/04/2021,FYV,AR,ASW,ES,Federal Contract Tower,2,4,13,2,21,0,0,10,0,10,2,4,23,2,31,0,6,6,37
02/05/2021,FYV,AR,ASW,ES,Federal Contract Tower,0,3,13,0,16,0,2,44,0,46,0,5,57,0,62,74,0,74,136
02/06/2021,FYV,AR,ASW,ES,Federal Contract Tower,1,4,8,0,13,0,0,22,0,22,1,4,30,0,35,26,0,26,61
02/07/2021,FYV,AR,ASW,ES,Federal Contract Tower,1,7,5,0,13,0,0,0,0,0,1,7,5,0,13,0,0,0,13
02/08/2021,FYV,AR,ASW,ES,Federal Contract Tower,4,0,11,0,15,0,0,0,0,0,4,0,11,0,15,0,0,0,15
02/09/2021,FYV,AR,ASW,ES,Federal Contract Tower,0,4,7,0,11,0,0,0,0,0,0,4,7,0,11,0,0,0,11
02/10/2021,FYV,AR,ASW,ES,Federal Contract Tower,0,4,4,0,8,0,0,0,0,0,0,4,4,0,8,0,0,0,8
02/11/2021,FYV,AR,ASW,ES,Federal Contract Tower,0,6,1,0,7,0,0,0,0,0,0,6,1,0,7,0,0,0,7
02/12/2021,FYV,AR,ASW,ES,Federal Contract Tower,0,4,9,0,13,0,0,1,0,1,0,4,10,0,14,0,0,0,14
02/13/2021,FYV,AR,ASW,ES,Federal Contract Tower,0,3,7,0,10,0,0,0,0,0,0,3,7,0,10,0,0,0,10
02/14/2021,FYV,AR,ASW,ES,Federal Contract Tower,0,2,2,0,4,0,0,0,0,0,0,2,2,0,4,0,0,0,4
02/15/2021,FYV,AR,ASW,ES,Federal Contract Tower,0,0,1,0,1,0,0,0,0,0,0,0,1,0,1,0,0,0,1
02/16/2021,FYV,AR,ASW,ES,Federal Contract Tower,0,2,5,0,7,0,0,0,0,0,0,2,5,0,7,0,0,0,7
02/17/2021,FYV,AR,ASW,ES,Federal Contract Tower,0,1,0,0,1,0,0,0,0,0,0,1,0,0,1,0,0,0,1
02/18/2021,FYV,AR,ASW,ES,Federal Contract Tower,0,1,9,0,10,0,0,8,0,8,0,1,17,0,18,14,0,14,32
02/19/2021,FYV,AR,ASW,ES,Federal Contract Tower,0,5,16,0,21,0,1,12,0,13,0,6,28,0,34,18,0,18,52
02/20/2021,FYV,AR,ASW,ES,Federal Contract Tower,1,4,8,0,13,0,11,41,0,52,1,15,49,0,65,70,0,70,135
02/21/2021,FYV,AR,ASW,ES,Federal Contract Tower,1,2,8,0,11,0,0,0,0,0,1,2,8,0,11,0,0,0,11
02/22/2021,FYV,AR,ASW,ES,Federal Contract Tower,0,1,8,0,9,0,5,39,0,44,0,6,47,0,53,46,0,46,99
02/24/2021,FYV,AR,ASW,ES,Federal Contract Tower,1,2,22,7,32,0,0,38,3,41,1,2,60,10,73,54,0,54,127
02/25/2021,FYV,AR,ASW,ES,Federal Contract Tower,0,7,14,3,24,0,1,30,6,37,0,8,44,9,61,58,48,106,167
02/26/2021,FYV,AR,ASW,ES,Federal Contract Tower,1,8,27,0,36,0,0,2,0,2,1,8,29,0,38,0,0,0,38
02/27/2021,FYV,AR,ASW,ES,Federal Contract Tower,1,4,7,0,12,0,2,19,0,21,1,6,26,0,33,44,0,44,77
02/28/2021,FYV,AR,ASW,ES,Federal Contract Tower,1,4,16,0,21,0,0,6,0,6,1,4,22,0,27,4,0,4,31
03/01/2021,FYV,AR,ASW,ES,Federal Contract Tower,2,3,15,0,20,0,4,38,0,42,2,7,53,0,62,66,0,66,128
03/02/2021,FYV,AR,ASW,ES,Federal Contract Tower,0,2,11,8,21,0,0,26,0,26,0,2,37,8,47,44,0,44,91
03/03/2021,FYV,AR,ASW,ES,Federal Contract Tower,0,4,9,2,15,0,3,45,0,48,0,7,54,2,63,6,0,6,69
03/04/2021,FYV,AR,ASW,ES,Federal Contract Tower,0,4,28,0,32,0,8,65,5,78,0,12,93,5,110,110,6,116,226
03/05/2021,FYV,AR,ASW,ES,Federal Contract Tower,4,2,17,0,23,0,0,3,0,3,4,2,20,0,26,0,0,0,26
03/06/2021,FYV,AR,ASW,ES,Federal Contract Tower,2,3,15,0,20,0,18,90,0,108,2,21,105,0,128,48,0,48,176
03/07/2021,FYV,AR,ASW,ES,Federal Contract Tower,0,5,15,0,20,0,19,76,0,95,0,24,91,0,115,66,0,66,181
03/08/2021,FYV,AR,ASW,ES,Federal Contract Tower,0,7,13,0,20,0,2,32,0,34,0,9,45,0,54,32,0,32,86
03/09/2021,FYV,AR,ASW,ES,Federal Contract Tower,1,0,20,0,21,0,0,15,0,15,1,0,35,0,36,0,0,0,36
03/10/2021,FYV,AR,ASW,ES,Federal Contract Tower,0,12,20,1,33,0,1,3,1,5,0,13,23,2,38,2,0,2,40
03/11/2021,FYV,AR,ASW,ES,Federal Contract Tower,0,6,24,0,30,0,0,1,0,1,0,6,25,0,31,0,0,0,31
03/12/2021,FYV,AR,ASW,ES,Federal Contract Tower,0,7,16,0,23,0,0,10,0,10,0,7,26,0,33,38,0,38,71
03/13/2021,FYV,AR,ASW,ES,Federal Contract Tower,2,6,18,0,26,0,0,11,0,11,2,6,29,0,37,30,0,30,67
03/14/2021,FYV,AR,ASW,ES,Federal Contract Tower,0,5,11,0,16,0,0,0,0,0,0,5,11,0,16,0,0,0,16
03/15/2021,FYV,AR,ASW,ES,Federal Contract Tower,2,2,17,0,21,0,2,30,0,32,2,4,47,0,53,30,0,30,83
03/16/2021,FYV,AR,ASW,ES,Federal Contract Tower,0,1,20,1,22,0,3,56,3,62,0,4,76,4,84,118,0,118,202
03/17/2021,FYV,AR,ASW,ES,Federal Contract Tower,0,1,11,0,12,0,0,0,0,0,0,1,11,0,12,0,0,0,12
03/18/2021,FYV,AR,ASW,ES,Federal Contract Tower,0,7,13,0,20,0,0,0,0,0,0,7,13,0,20,0,0,0,20
03/19/2021,FYV,AR,ASW,ES,Federal Contract Tower,0,5,26,2,33,0,0,33,2,35,0,5,59,4,68,20,0,20,88
03/20/2021,FYV,AR,ASW,ES,Federal Contract Tower,0,8,15,6,29,0,33,80,2,115,0,41,95,8,144,38,0,38,182
03/21/2021,FYV,AR,ASW,ES,Federal Contract Tower,0,3,14,0,17,0,2,21,0,23,0,5,35,0,40,26,0,26,66
03/22/2021,FYV,AR,ASW,ES,Federal Contract Tower,0,3,8,0,11,0,0,3,5,8,0,3,11,5,19,8,0,8,27
03/23/2021,FYV,AR,ASW,ES,Federal Contract Tower,0,4,7,0,11,0,0,1,3,4,0,4,8,3,15,0,0,0,15
03/24/2021,FYV,AR,ASW,ES,Federal Contract Tower,1,3,25,5,34,0,4,51,6,61,1,7,76,11,95,76,6,82,177
03/25/2021,FYV,AR,ASW,ES,Federal Contract Tower,1,1,18,0,20,0,0,0,0,0,1,1,18,0,20,0,0,0,20
03/26/2021,FYV,AR,ASW,ES,Federal Contract Tower,2,5,15,2,24,0,1,51,0,52,2,6,66,2,76,30,4,34,110
03/27/2021,FYV,AR,ASW,ES,Federal Contract Tower,0,1,10,0,11,0,13,33,0,46,0,14,43,0,57,20,0,20,77
03/28/2021,FYV,AR,ASW,ES,Federal Contract Tower,2,2,17,0,21,0,16,63,0,79,2,18,80,0,100,18,0,18,118
03/29/2021,FYV,AR,ASW,ES,Federal Contract Tower,0,8,13,0,21,0,0,36,0,36,0,8,49,0,57,32,0,32,89
03/30/2021,FYV,AR,ASW,ES,Federal Contract Tower,2,2,10,0,14,0,0,7,0,7,2,2,17,0,21,0,0,0,21
03/31/2021,FYV,AR,ASW,ES,Federal Contract Tower,0,2,16,0,18,0,0,26,0,26,0,2,42,0,44,28,0,28,72
04/01/2021,FYV,AR,ASW,ES,Federal Contract Tower,1,4,22,4,31,0,4,51,10,65,1,8,73,14,96,48,0,48,144
04/02/2021,FYV,AR,ASW,ES,Federal Contract Tower,0,4,9,0,13,0,1,57,0,58,0,5,66,0,71,52,0,52,123
04/03/2021,FYV,AR,ASW,ES,Federal Contract Tower,2,4,14,0,20,0,20,76,0,96,2,24,90,0,116,60,0,60,176
04/04/2021,FYV,AR,ASW,ES,Federal Contract Tower,0,6,17,0,23,0,20,57,0,77,0,26,74,0,100,10,0,10,110
04/05/2021,FYV,AR,ASW,ES,Federal Contract Tower,0,11,11,0,22,0,2,19,5,26,0,13,30,5,48,0,0,0,48
04/06/2021,FYV,AR,ASW,ES,Federal Contract Tower,0,5,12,0,17,0,0,21,5,26,0,5,33,5,43,20,0,20,63
04/07/2021,FYV,AR,ASW,ES,Federal Contract Tower,0,3,12,0,15,0,0,2,1,3,0,3,14,1,18,0,0,0,18
04/08/2021,FYV,AR,ASW,ES,Federal Contract Tower,0,5,14,0,19,0,0,27,2,29,0,5,41,2,48,14,0,14,62
04/09/2021,FYV,AR,ASW,ES,Federal Contract Tower,0,1,9,0,10,0,0,20,1,21,0,1,29,1,31,0,4,4,35
04/10/2021,FYV,AR,ASW,ES,Federal Contract Tower,0,7,18,2,27,0,0,7,0,7,0,7,25,2,34,0,0,0,34
04/11/2021,FYV,AR,ASW,ES,Federal Contract Tower,0,6,11,0,17,0,24,67,0,91,0,30,78,0,108,38,0,38,146
04/12/2021,FYV,AR,ASW,ES,Federal Contract Tower,0,3,11,0,14,0,2,23,0,25,0,5,34,0,39,14,0,14,53
04/13/2021,FYV,AR,ASW,ES,Federal Contract Tower,0,3,19,0,22,0,0,19,8,27,0,3,38,8,49,36,20,56,105
04/14/2021,FYV,AR,ASW,ES,Federal Contract Tower,0,13,13,1,27,0,1,10,0,11,0,14,23,1,38,2,0,2,40
04/15/2021,FYV,AR,ASW,ES,Federal Contract Tower,4,7,16,5,32,0,0,37,4,41,4,7,53,9,73,28,2,30,103
04/16/2021,FYV,AR,ASW,ES,Federal Contract Tower,1,2,15,0,18,0,0,3,0,3,1,2,18,0,21,0,0,0,21
04/17/2021,FYV,AR,ASW,ES,Federal Contract Tower,2,3,12,0,17,0,0,21,2,23,2,3,33,2,40,44,0,44,84
04/18/2021,FYV,AR,ASW,ES,Federal Contract Tower,4,7,35,1,47,0,0,58,6,64,4,7,93,7,111,46,6,52,163
04/19/2021,FYV,AR,ASW,ES,Federal Contract Tower,0,8,13,0,21,0,2,47,0,49,0,10,60,0,70,26,0,26,96
04/20/2021,FYV,AR,ASW,ES,Federal Contract Tower,0,4,7,0,11,0,0,2,0,2,0,4,9,0,13,0,0,0,13
04/21/2021,FYV,AR,ASW,ES,Federal Contract Tower,2,7,19,2,30,0,6,34,2,42,2,13,53,4,72,32,8,40,112
04/22/2021,FYV,AR,ASW,ES,Federal Contract Tower,0,9,17,0,26,0,2,32,0,34,0,11,49,0,60,2,0,2,62
04/23/2021,FYV,AR,ASW,ES,Federal Contract Tower,0,6,19,0,25,0,0,19,0,19,0,6,38,0,44,26,0,26,70
04/24/2021,FYV,AR,ASW,ES,Federal Contract Tower,0,3,8,0,11,0,0,2,0,2,0,3,10,0,13,0,0,0,13
04/25/2021,FYV,AR,ASW,ES,Federal Contract Tower,0,7,13,0,20,0,28,72,0,100,0,35,85,0,120,12,0,12,132
04/26/2021,FYV,AR,ASW,ES,Federal Contract Tower,0,4,15,0,19,0,0,20,0,20,0,4,35,0,39,4,0,4,43
04/27/2021,FYV,AR,ASW,ES,Federal Contract Tower,0,5,12,1,18,0,1,16,3,20,0,6,28,4,38,30,0,30,68
04/28/2021,FYV,AR,ASW,ES,Federal Contract Tower,0,4,4,0,8,0,0,0,0,0,0,4,4,0,8,0,0,0,8
04/29/2021,FYV,AR,ASW,ES,Federal Contract Tower,6,7,16,0,29,0,0,21,0,21,6,7,37,0,50,16,0,16,66
04/30/2021,FYV,AR,ASW,ES,Federal Contract Tower,4,1,19,0,24,0,2,59,0,61,4,3,78,0,85,18,0,18,103
05/01/2021,FYV,AR,ASW,ES,Federal Contract Tower,3,4,8,0,15,0,18,68,0,86,3,22,76,0,101,62,0,62,163
05/02/2021,FYV,AR,ASW,ES,Federal Contract Tower,0,5,9,0,14,0,0,13,0,13,0,5,22,0,27,22,0,22,49
05/03/2021,FYV,AR,ASW,ES,Federal Contract Tower,0,2,12,0,14,0,2,20,0,22,0,4,32,0,36,14,0,14,50
05/04/2021,FYV,AR,ASW,ES,Federal Contract Tower,0,0,9,0,9,0,0,2,0,2,0,0,11,0,11,0,0,0,11
05/05/2021,FYV,AR,ASW,ES,Federal Contract Tower,0,8,16,4,28,0,0,49,0,49,0,8,65,4,77,40,24,64,141
05/06/2021,FYV,AR,ASW,ES,Federal Contract Tower,0,10,23,0,33,0,0,30,4,34,0,10,53,4,67,14,0,14,81
05/07/2021,FYV,AR,ASW,ES,Federal Contract Tower,0,4,25,0,29,0,0,34,0,34,0,4,59,0,63,16,0,16,79
05/08/2021,FYV,AR,ASW,ES,Federal Contract Tower,0,6,13,0,19,0,0,31,0,31,0,6,44,0,50,42,0,42,92
05/09/2021,FYV,AR,ASW,ES,Federal Contract Tower,0,1,16,0,17,0,0,1,2,3,0,1,17,2,20,0,0,0,20
05/10/2021,FYV,AR,ASW,ES,Federal Contract Tower,0,6,21,0,27,0,1,19,0,20,0,7,40,0,47,14,0,14,61
05/11/2021,FYV,AR,ASW,ES,Federal Contract Tower,1,6,13,0,20,0,0,6,0,6,1,6,19,0,26,14,0,14,40
05/12/2021,FYV,AR,ASW,ES,Federal Contract Tower,3,3,15,0,21,0,1,24,0,25,3,4,39,0,46,30,0,30,76
05/13/2021,FYV,AR,ASW,ES,Federal Contract Tower,2,7,17,3,29,0,2,56,1,59,2,9,73,4,88,120,12,132,220
05/14/2021,FYV,AR,ASW,ES,Federal Contract Tower,0,9,12,7,28,0,2,43,1,46,0,11,55,8,74,70,20,90,164
05/15/2021,FYV,AR,ASW,ES,Federal Contract Tower,0,5,9,10,24,0,0,16,0,16,0,5,25,10,40,38,0,38,78
05/16/2021,FYV,AR,ASW,ES,Federal Contract Tower,2,4,9,0,15,0,0,22,0,22,2,4,31,0,37,22,0,22,59
05/17/2021,FYV,AR,ASW,ES,Federal Contract Tower,0,3,17,0,20,0,0,4,0,4,0,3,21,0,24,0,0,0,24
05/18/2021,FYV,AR,ASW,ES,Federal Contract Tower,0,7,14,0,21,0,0,4,0,4,0,7,18,0,25,6,0,6,31
05/19/2021,FYV,AR,ASW,ES,Federal Contract Tower,0,8,12,0,20,0,0,2,0,2,0,8,14,0,22,20,0,20,42
05/20/2021,FYV,AR,ASW,ES,Federal Contract Tower,0,7,27,0,34,0,0,1,0,1,0,7,28,0,35,0,0,0,35
05/21/2021,FYV,AR,ASW,ES,Federal Contract Tower,0,8,28,1,37,0,0,2,0,2,0,8,30,1,39,2,0,2,41
05/22/2021,FYV,AR,ASW,ES,Federal Contract Tower,0,2,6,7,15,0,16,44,0,60,0,18,50,7,75,74,0,74,149
05/23/2021,FYV,AR,ASW,ES,Federal Contract Tower,0,3,13,4,20,0,30,66,0,96,0,33,79,4,116,88,0,88,204
05/24/2021,FYV,AR,ASW,ES,Federal Contract Tower,2,2,10,0,14,0,4,46,0,50,2,6,56,0,64,66,0,66,130
05/25/2021,FYV,AR,ASW,ES,Federal Contract Tower,2,2,13,0,17,0,0,7,0,7,2,2,20,0,24,0,0,0,24
05/26/2021,FYV,AR,ASW,ES,Federal Contract Tower,0,4,18,4,26,0,0,18,0,18,0,4,36,4,44,24,6,30,74
05/27/2021,FYV,AR,ASW,ES,Federal Contract Tower,0,8,26,0,34,0,0,6,0,6,0,8,32,0,40,0,0,0,40
05/28/2021,FYV,AR,ASW,ES,Federal Contract Tower,0,3,15,0,18,0,2,18,0,20,0,5,33,0,38,12,0,12,50
05/29/2021,FYV,AR,ASW,ES,Federal Contract Tower,0,4,3,0,7,0,18,38,0,56,0,22,41,0,63,46,0,46,109
05/30/2021,FYV,AR,ASW,ES,Federal Contract Tower,2,4,9,0,15,0,28,54,0,82,2,32,63,0,97,20,0,20,117
05/31/2021,FYV,AR,ASW,ES,Federal Contract Tower,0,10,14,0,24,0,0,18,0,18,0,10,32,0,42,10,0,10,52
06/01/2021,FYV,AR,ASW,ES,Federal Contract Tower,0,7,9,0,16,0,0,0,0,0,0,7,9,0,16,0,0,0,16
06/02/2021,FYV,AR,ASW,ES,Federal Contract Tower,0,5,14,8,27,0,0,5,0,5,0,5,19,8,32,0,0,0,32
06/03/2021,FYV,AR,ASW,ES,Federal Contract Tower,0,10,20,0,30,0,0,45,0,45,0,10,65,0,75,24,0,24,99
06/04/2021,FYV,AR,ASW,ES,Federal Contract Tower,0,5,23,2,30,0,1,59,2,62,0,6,82,4,92,70,0,70,162
06/05/2021,FYV,AR,ASW,ES,Federal Contract Tower,0,7,15,0,22,0,16,83,0,99,0,23,98,0,121,38,0,38,159
06/06/2021,FYV,AR,ASW,ES,Federal Contract Tower,0,6,12,0,18,0,0,14,0,14,0,6,26,0,32,38,0,38,70
06/07/2021,FYV,AR,ASW,ES,Federal Contract Tower,0,5,21,0,26,0,2,14,0,16,0,7,35,0,42,22,0,22,64
06/08/2021,FYV,AR,ASW,ES,Federal Contract Tower,0,6,16,0,22,0,0,14,0,14,0,6,30,0,36,10,0,10,46
06/09/2021,FYV,AR,ASW,ES,Federal Contract Tower,0,7,11,0,18,0,0,23,2,25,0,7,34,2,43,12,0,12,55
06/10/2021,FYV,AR,ASW,ES,Federal Contract Tower,0,6,16,0,22,0,2,22,2,26,0,8,38,2,48,10,0,10,58
06/11/2021,FYV,AR,ASW,ES,Federal Contract Tower,0,3,35,5,43,0,37,0,0,37,0,40,35,5,80,36,0,36,116
06/12/2021,FYV,AR,ASW,ES,Federal Contract Tower,0,6,16,0,22,0,19,49,2,70,0,25,65,2,92,26,0,26,118
06/13/2021,FYV,AR,ASW,ES,Federal Contract Tower,0,3,28,0,31,0,26,95,0,121,0,29,123,0,152,36,0,36,188
06/14/2021,FYV,AR,ASW,ES,Federal Contract Tower,0,0,23,0,23,0,2,32,0,34,0,2,55,0,57,60,0,60,117
06/15/2021,FYV,AR,ASW,ES,Federal Contract Tower,0,7,22,1,30,0,4,39,5,48,0,11,61,6,78,44,0,44,122
06/16/2021,FYV,AR,ASW,ES,Federal Contract Tower,0,1,30,0,31,0,4,47,0,51,0,5,77,0,82,32,0,32,114
06/17/2021,FYV,AR,ASW,ES,Federal Contract Tower,0,12,17,0,29,0,2,61,2,65,0,14,78,2,94,36,0,36,130
06/18/2021,FYV,AR,ASW,ES,Federal Contract Tower,0,6,19,0,25,0,2,58,0,60,0,8,77,0,85,52,0,52,137
06/19/2021,FYV,AR,ASW,ES,Federal Contract Tower,0,5,7,0,12,0,23,51,0,74,0,28,58,0,86,40,0,40,126
06/20/2021,FYV,AR,ASW,ES,Federal Contract Tower,0,6,11,0,17,0,6,24,0,30,0,12,35,0,47,36,0,36,83
06/21/2021,FYV,AR,ASW,ES,Federal Contract Tower,0,6,7,0,13,0,0,8,0,8,0,6,15,0,21,8,0,8,29
06/22/2021,FYV,AR,ASW,ES,Federal Contract Tower,0,10,17,12,39,0,8,66,0,74,0,18,83,12,113,40,0,40,153
06/23/2021,FYV,AR,ASW,ES,Federal Contract Tower,0,6,15,10,31,0,3,49,0,52,0,9,64,10,83,8,0,8,91
06/24/2021,FYV,AR,ASW,ES,Federal Contract Tower,0,4,30,2,36,0,4,22,0,26,0,8,52,2,62,12,0,12,74
06/25/2021,FYV,AR,ASW,ES,Federal Contract Tower,0,5,12,6,23,0,0,20,0,20,0,5,32,6,43,6,0,6,49
06/26/2021,FYV,AR,ASW,ES,Federal Contract Tower,0,1,4,0,5,0,8,21,0,29,0,9,25,0,34,26,0,26,60
06/27/2021,FYV,AR,ASW,ES,Federal Contract Tower,0,5,10,0,15,0,4,10,0,14,0,9,20,0,29,14,0,14,43
06/28/2021,FYV,AR,ASW,ES,Federal Contract Tower,0,5,7,14,26,0,2,7,0,9,0,7,14,14,35,0,0,0,35
06/29/2021,FYV,AR,ASW,ES,Federal Contract Tower,0,2,13,2,17,0,4,42,0,46,0,6,55,2,63,16,0,16,79
06/30/2021,FYV,AR,ASW,ES,Federal Contract Tower,0,5,9,2,16,0,2,13,0,15,0,7,22,2,31,10,0,10,41
07/01/2021,FYV,AR,ASW,ES,Federal Contract Tower,0,4,19,0,23,0,0,1,0,1,0,4,20,0,24,0,0,0,24
07/02/2021,FYV,AR,ASW,ES,Federal Contract Tower,0,8,25,0,33,0,1,32,0,33,0,9,57,0,66,18,0,18,84
07/03/2021,FYV,AR,ASW,ES,Federal Contract Tower,0,5,5,0,10,0,18,56,0,74,0,23,61,0,84,26,0,26,110
07/04/2021,FYV,AR,ASW,ES,Federal Contract Tower,0,1,1,0,2,0,18,27,0,45,0,19,28,0,47,6,0,6,53
07/05/2021,FYV,AR,ASW,ES,Federal Contract Tower,0,0,18,0,18,0,0,51,0,51,0,0,69,0,69,30,0,30,99
07/06/2021,FYV,AR,ASW,ES,Federal Contract Tower,0,2,8,0,10,0,4,38,0,42,0,6,46,0,52,38,0,38,90
07/07/2021,FYV,AR,ASW,ES,Federal Contract Tower,0,6,6,3,15,0,2,21,0,23,0,8,27,3,38,10,0,10,48
07/08/2021,FYV,AR,ASW,ES,Federal Contract Tower,0,5,16,0,21,0,4,36,0,40,0,9,52,0,61,76,0,76,137
07/09/2021,FYV,AR,ASW,ES,Federal Contract Tower,0,2,13,0,15,0,2,35,0,37,0,4,48,0,52,38,0,38,90
07/10/2021,FYV,AR,ASW,ES,Federal Contract Tower,0,6,9,0,15,0,0,15,0,15,0,6,24,0,30,42,0,42,72
07/11/2021,FYV,AR,ASW,ES,Federal Contract Tower,0,3,13,2,18,0,4,19,0,23,0,7,32,2,41,26,0,26,67
07/12/2021,FYV,AR,ASW,ES,Federal Contract Tower,0,8,6,2,16,0,0,25,0,25,0,8,31,2,41,36,0,36,77
07/13/2021,FYV,AR,ASW,ES,Federal Contract Tower,0,12,10,6,28,0,4,60,0,64,0,16,70,6,92,48,0,48,140
07/14/2021,FYV,AR,ASW,ES,Federal Contract Tower,0,5,16,0,21,0,4,52,0,56,0,9,68,0,77,32,4,36,113
07/15/2021,FYV,AR,ASW,ES,Federal Contract Tower,0,1,12,0,13,0,5,24,0,29,0,6,36,0,42,22,6,28,70
07/16/2021,FYV,AR,ASW,ES,Federal Contract Tower,0,3,8,0,11,0,0,13,0,13,0,3,21,0,24,8,0,8,32
07/17/2021,FYV,AR,ASW,ES,Federal Contract Tower,0,7,13,0,20,0,5,17,0,22,0,12,30,0,42,10,0,10,52
07/18/2021,FYV,AR,ASW,ES,Federal Contract Tower,0,4,10,0,14,0,8,17,0,25,0,12,27,0,39,32,0,32,71
07/19/2021,FYV,AR,ASW,ES,Federal Contract Tower,0,3,9,6,18,0,1,35,0,36,0,4,44,6,54,32,0,32,86
07/20/2021,FYV,AR,ASW,ES,Federal Contract Tower,0,2,28,0,30,0,4,63,0,67,0,6,91,0,97,32,8,40,137
07/21/2021,FYV,AR,ASW,ES,Federal Contract Tower,0,4,10,0,14,0,0,41,0,41,0,4,51,0,55,28,0,28,83
07/22/2021,FYV,AR,ASW,ES,Federal Contract Tower,0,9,21,0,30,0,8,25,0,33,0,17,46,0,63,8,0,8,71
07/23/2021,FYV,AR,ASW,ES,Federal Contract Tower,0,1,19,17,37,0,2,41,1,44,0,3,60,18,81,52,6,58,139
07/24/2021,FYV,AR,ASW,ES,Federal Contract Tower,0,1,6,2,9,0,24,44,0,68,0,25,50,2,77,16,0,16,93
07/25/2021,FYV,AR,ASW,ES,Federal Contract Tower,0,4,10,2,16,0,20,47,0,67,0,24,57,2,83,8,0,8,91
07/26/2021,FYV,AR,ASW,ES,Federal Contract Tower,0,9,8,4,21,0,2,24,2,28,0,11,32,6,49,4,8,12,61
07/27/2021,FYV,AR,ASW,ES,Federal Contract Tower,0,12,7,0,19,0,6,26,2,34,0,18,33,2,53,28,20,48,101
07/28/2021,FYV,AR,ASW,ES,Federal Contract Tower,0,5,13,6,24,0,2,49,0,51,0,7,62,6,75,42,6,48,123
07/29/2021,FYV,AR,ASW,ES,Federal Contract Tower,0,2,19,8,29,0,2,37,0,39,0,4,56,8,68,24,20,44,112
07/30/2021,FYV,AR,ASW,ES,Federal Contract Tower,0,3,12,0,15,0,0,42,0,42,0,3,54,0,57,46,0,46,103
07/31/2021,FYV,AR,ASW,ES,Federal Contract Tower,0,2,9,0,11,0,24,66,0,90,0,26,75,0,101,42,0,42,143
08/01/2021,FYV,AR,ASW,ES,Federal Contract Tower,0,2,9,0,11,0,16,37,0,53,0,18,46,0,64,36,0,36,100
08/02/2021,FYV,AR,ASW,ES,Federal Contract Tower,0,4,21,6,31,0,3,43,0,46,0,7,64,6,77,14,0,14,91
08/03/2021,FYV,AR,ASW,ES,Federal Contract Tower,0,4,6,0,10,0,4,22,0,26,0,8,28,0,36,0,0,0,36
08/04/2021,FYV,AR,ASW,ES,Federal Contract Tower,0,6,11,0,17,0,4,33,2,39,0,10,44,2,56,4,0,4,60
08/05/2021,FYV,AR,ASW,ES,Federal Contract Tower,0,2,13,0,15,0,2,48,0,50,0,4,61,0,65,0,0,0,65
08/06/2021,FYV,AR,ASW,ES,Federal Contract Tower,0,5,18,4,27,0,1,42,0,43,0,6,60,4,70,20,0,20,90
08/07/2021,FYV,AR,ASW,ES,Federal Contract Tower,0,4,21,0,25,0,22,48,0,70,0,26,69,0,95,26,0,26,121
08/08/2021,FYV,AR,ASW,ES,Federal Contract Tower,0,3,16,0,19,0,16,24,0,40,0,19,40,0,59,2,0,2,61
08/09/2021,FYV,AR,ASW,ES,Federal Contract Tower,0,3,14,0,17,0,0,27,0,27,0,3,41,0,44,20,0,20,64
08/10/2021,FYV,AR,ASW,ES,Federal Contract Tower,0,6,16,0,22,0,0,26,0,26,0,6,42,0,48,12,0,12,60
08/11/2021,FYV,AR,ASW,ES,Federal Contract Tower,0,2,6,2,10,0,2,27,0,29,0,4,33,2,39,10,0,10,49
08/12/2021,FYV,AR,ASW,ES,Federal Contract Tower,0,13,19,0,32,0,2,38,0,40,0,15,57,0,72,14,0,14,86
08/13/2021,FYV,AR,ASW,ES,Federal Contract Tower,0,12,18,1,31,0,0,27,0,27,0,12,45,1,58,8,0,8,66
08/14/2021,FYV,AR,ASW,ES,Federal Contract Tower,0,1,8,0,9,0,26,40,0,66,0,27,48,0,75,52,0,52,127
08/15/2021,FYV,AR,ASW,ES,Federal Contract Tower,0,3,10,11,24,0,15,57,0,72,0,18,67,11,96,28,0,28,124
08/16/2021,FYV,AR,ASW,ES,Federal Contract Tower,0,6,13,6,25,0,2,51,0,53,0,8,64,6,78,92,18,110,188
08/17/2021,FYV,AR,ASW,ES,Federal Contract Tower,0,4,6,6,16,0,4,30,0,34,0,8,36,6,50,48,0,48,98
08/18/2021,FYV,AR,ASW,ES,Federal Contract Tower,0,6,15,0,21,0,0,22,0,22,0,6,37,0,43,56,0,56,99
08/19/2021,FYV,AR,ASW,ES,Federal Contract Tower,0,5,17,0,22,0,4,22,0,26,0,9,39,0,48,92,0,92,140
08/20/2021,FYV,AR,ASW,ES,Federal Contract Tower,0,3,17,3,23,0,0,24,2,26,0,3,41,5,49,34,0,34,83
08/21/2021,FYV,AR,ASW,ES,Federal Contract Tower,0,2,9,0,11,0,20,41,0,61,0,22,50,0,72,38,0,38,110
08/22/2021,FYV,AR,ASW,ES,Federal Contract Tower,0,2,17,0,19,0,22,53,0,75,0,24,70,0,94,22,0,22,116
08/23/2021,FYV,AR,ASW,ES,Federal Contract Tower,0,1,19,0,20,0,2,42,10,54,0,3,61,10,74,64,0,64,138
08/24/2021,FYV,AR,ASW,ES,Federal Contract Tower,0,5,14,8,27,0,0,39,0,39,0,5,53,8,66,18,52,70,136
08/25/2021,FYV,AR,ASW,ES,Federal Contract Tower,0,5,13,0,18,0,0,28,0,28,0,5,41,0,46,46,0,46,92
08/26/2021,FYV,AR,ASW,ES,Federal Contract Tower,0,6,18,4,28,0,3,40,0,43,0,9,58,4,71,8,0,8,79
08/27/2021,FYV,AR,ASW,ES,Federal Contract Tower,0,4,19,0,23,0,0,39,6,45,0,4,58,6,68,14,0,14,82
08/28/2021,FYV,AR,ASW,ES,Federal Contract Tower,0,3,9,0,12,0,15,524,0,539,0,18,533,0,551,50,0,50,601
08/29/2021,FYV,AR,ASW,ES,Federal Contract Tower,0,3,21,1,25,0,20,46,2,68,0,23,67,3,93,32,0,32,125
08/30/2021,FYV,AR,ASW,ES,Federal Contract Tower,0,4,17,0,21,0,2,29,0,31,0,6,46,0,52,10,0,10,62
08/31/2021,FYV,AR,ASW,ES,Federal Contract Tower,0,3,5,2,10,0,6,47,0,53,0,9,52,2,63,54,4,58,121
09/01/2021,FYV,AR,ASW,ES,Federal Contract Tower,0,2,17,2,21,0,4,59,4,67,0,6,76,6,88,48,12,60,148
09/02/2021,FYV,AR,ASW,ES,Federal Contract Tower,0,7,24,2,33,0,4,59,0,63,0,11,83,2,96,30,0,30,126
09/03/2021,FYV,AR,ASW,ES,Federal Contract Tower,0,5,39,0,44,0,3,42,0,45,0,8,81,0,89,16,0,16,105
09/04/2021,FYV,AR,ASW,ES,Federal Contract Tower,0,2,39,0,41,0,0,24,0,24,0,2,63,0,65,14,0,14,79
09/05/2021,FYV,AR,ASW,ES,Federal Contract Tower,0,3,18,0,21,0,0,23,2,25,0,3,41,2,46,20,0,20,66
09/06/2021,FYV,AR,ASW,ES,Federal Contract Tower,0,6,15,0,21,0,2,54,0,56,0,8,69,0,77,10,0,10,87
09/07/2021,FYV,AR,ASW,ES,Federal Contract Tower,0,4,14,0,18,0,6,53,0,59,0,10,67,0,77,66,0,66,143
09/08/2021,FYV,AR,ASW,ES,Federal Contract Tower,0,11,10,0,21,0,3,52,4,59,0,14,62,4,80,24,0,24,104
09/09/2021,FYV,AR,ASW,ES,Federal Contract Tower,0,4,29,0,33,0,4,52,2,58,0,8,81,2,91,44,0,44,135
09/10/2021,FYV,AR,ASW,ES,Federal Contract Tower,0,13,63,7,83,0,0,71,0,71,0,13,134,7,154,72,10,82,236
09/11/2021,FYV,AR,ASW,ES,Federal Contract Tower,0,38,121,0,159,0,0,37,0,37,0,38,158,0,196,12,0,12,208
09/12/2021,FYV,AR,ASW,ES,Federal Contract Tower,0,12,75,0,87,0,3,51,0,54,0,15,126,0,141,0,0,0,141
09/13/2021,FYV,AR,ASW,ES,Federal Contract Tower,0,0,11,0,11,0,4,36,0,40,0,4,47,0,51,38,0,38,89
09/14/2021,FYV,AR,ASW,ES,Federal Contract Tower,0,10,14,0,24,0,3,19,2,24,0,13,33,2,48,24,0,24,72
09/15/2021,FYV,AR,ASW,ES,Federal Contract Tower,0,3,11,0,14,0,38,0,0,38,0,41,11,0,52,60,12,72,124
09/16/2021,FYV,AR,ASW,ES,Federal Contract Tower,0,3,23,2,28,0,2,44,2,48,0,5,67,4,76,86,34,120,196
09/17/2021,FYV,AR,ASW,ES,Federal Contract Tower,0,7,36,6,49,0,0,51,0,51,0,7,87,6,100,14,36,50,150
09/18/2021,FYV,AR,ASW,ES,Federal Contract Tower,0,14,39,0,53,0,0,66,0,66,0,14,105,0,119,20,0,20,139
09/19/2021,FYV,AR,ASW,ES,Federal Contract Tower,0,7,46,0,53,0,2,24,0,26,0,9,70,0,79,28,0,28,107
09/20/2021,FYV,AR,ASW,ES,Federal Contract Tower,0,9,19,0,28,0,4,28,0,32,0,13,47,0,60,28,0,28,88
09/21/2021,FYV,AR,ASW,ES,Federal Contract Tower,1,4,11,0,16,0,0,21,0,21,1,4,32,0,37,0,0,0,37
09/22/2021,FYV,AR,ASW,ES,Federal Contract Tower,1,4,14,0,19,0,2,36,0,38,1,6,50,0,57,72,0,72,129
09/23/2021,FYV,AR,ASW,ES,Federal Contract Tower,0,8,19,2,29,0,0,66,2,68,0,8,85,4,97,130,0,130,227
09/24/2021,FYV,AR,ASW,ES,Federal Contract Tower,0,6,26,0,32,0,2,56,1,59,0,8,82,1,91,106,6,112,203
09/25/2021,FYV,AR,ASW,ES,Federal Contract Tower,0,14,15,1,30,0,0,48,0,48,0,14,63,1,78,50,0,50,128
09/26/2021,FYV,AR,ASW,ES,Federal Contract Tower,0,9,24,0,33,0,0,12,0,12,0,9,36,0,45,14,0,14,59
09/27/2021,FYV,AR,ASW,ES,Federal Contract Tower,0,2,15,0,17,0,2,42,0,44,0,4,57,0,61,54,0,54,115
09/28/2021,FYV,AR,ASW,ES,Federal Contract Tower,0,4,22,0,26,0,0,65,0,65,0,4,87,0,91,74,0,74,165
09/29/2021,FYV,AR,ASW,ES,Federal Contract Tower,0,9,12,4,25,0,0,40,0,40,0,9,52,4,65,94,14,108,173
09/30/2021,FYV,AR,ASW,ES,Federal Contract Tower,0,7,17,0,24,0,0,17,0,17,0,7,34,0,41,26,0,26,67
10/01/2021,FYV,AR,ASW,ES,Federal Contract Tower,0,10,32,0,42,0,0,9,0,9,0,10,41,0,51,6,0,6,57
10/02/2021,FYV,AR,ASW,ES,Federal Contract Tower,0,4,5,0,9,0,4,11,0,15,0,8,16,0,24,10,0,10,34
10/03/2021,FYV,AR,ASW,ES,Federal Contract Tower,0,6,21,0,27,0,16,39,1,56,0,22,60,1,83,18,0,18,101
10/04/2021,FYV,AR,ASW,ES,Federal Contract Tower,0,7,14,0,21,0,4,47,0,51,0,11,61,0,72,88,0,88,160
10/05/2021,FYV,AR,ASW,ES,Federal Contract Tower,0,8,11,0,19,0,2,63,0,65,0,10,74,0,84,44,0,44,128
10/06/2021,FYV,AR,ASW,ES,Federal Contract Tower,0,11,26,2,39,0,0,48,0,48,0,11,74,2,87,106,0,106,193
10/07/2021,FYV,AR,ASW,ES,Federal Contract Tower,0,7,19,4,30,0,2,42,2,46,0,9,61,6,76,38,6,44,120
10/08/2021,FYV,AR,ASW,ES,Federal Contract Tower,0,9,20,0,29,0,0,36,0,36,0,9,56,0,65,6,0,6,71
10/09/2021,FYV,AR,ASW,ES,Federal Contract Tower,0,7,22,0,29,0,10,37,0,47,0,17,59,0,76,26,0,26,102
10/10/2021,FYV,AR,ASW,ES,Federal Contract Tower,0,10,16,0,26,0,4,14,0,18,0,14,30,0,44,6,0,6,50
10/11/2021,FYV,AR,ASW,ES,Federal Contract Tower,0,4,17,0,21,0,6,21,1,28,0,10,38,1,49,30,0,30,79
10/12/2021,FYV,AR,ASW,ES,Federal Contract Tower,0,6,12,0,18,0,2,44,4,50,0,8,56,4,68,54,0,54,122
10/13/2021,FYV,AR,ASW,ES,Federal Contract Tower,0,7,13,0,20,0,0,1,0,1,0,7,14,0,21,0,0,0,21
10/14/2021,FYV,AR,ASW,ES,Federal Contract Tower,0,10,38,0,48,0,0,4,0,4,0,10,42,0,52,0,0,0,52
10/15/2021,FYV,AR,ASW,ES,Federal Contract Tower,0,16,34,0,50,0,0,5,0,5,0,16,39,0,55,0,0,0,55
10/16/2021,FYV,AR,ASW,ES,Federal Contract Tower,0,10,64,0,74,0,0,61,4,65,0,10,125,4,139,0,0,0,139
10/17/2021,FYV,AR,ASW,ES,Federal Contract Tower,0,9,45,2,56,0,0,44,0,44,0,9,89,2,100,8,0,8,108
10/18/2021,FYV,AR,ASW,ES,Federal Contract Tower,0,11,14,6,31,0,2,73,0,75,0,13,87,6,106,48,0,48,154
10/19/2021,FYV,AR,ASW,ES,Federal Contract Tower,0,2,8,0,10,0,6,40,0,46,0,8,48,0,56,26,0,26,82
10/20/2021,FYV,AR,ASW,ES,Federal Contract Tower,0,3,18,0,21,0,2,24,0,26,0,5,42,0,47,22,0,22,69
10/21/2021,FYV,AR,ASW,ES,Federal Contract Tower,0,8,21,0,29,0,3,62,2,67,0,11,83,2,96,110,10,120,216
10/22/2021,FYV,AR,ASW,ES,Federal Contract Tower,0,7,26,0,33,0,0,59,8,67,0,7,85,8,100,58,0,58,158
10/23/2021,FYV,AR,ASW,ES,Federal Contract Tower,0,2,13,1,16,0,10,33,2,45,0,12,46,3,61,14,2,16,77
10/24/2021,FYV,AR,ASW,ES,Federal Contract Tower,0,13,9,2,24,0,1,3,0,4,0,14,12,2,28,0,0,0,28
10/25/2021,FYV,AR,ASW,ES,Federal Contract Tower,0,7,16,0,23,0,5,35,0,40,0,12,51,0,63,52,0,52,115
10/26/2021,FYV,AR,ASW,ES,Federal Contract Tower,0,10,37,2,49,0,0,27,2,29,0,10,64,4,78,20,6,26,104
10/27/2021,FYV,AR,ASW,ES,Federal Contract Tower,0,8,7,0,15,0,0,1,0,1,0,8,8,0,16,0,0,0,16
10/28/2021,FYV,AR,ASW,ES,Federal Contract Tower,0,3,7,0,10,0,0,0,0,0,0,3,7,0,10,0,0,0,10
10/29/2021,FYV,AR,ASW,ES,Federal Contract Tower,0,0,21,0,21,0,0,4,0,4,0,0,25,0,25,0,0,0,25
10/30/2021,FYV,AR,ASW,ES,Federal Contract Tower,0,5,12,0,17,0,20,66,0,86,0,25,78,0,103,48,0,48,151
10/31/2021,FYV,AR,ASW,ES,Federal Contract Tower,0,5,14,0,19,0,22,54,0,76,0,27,68,0,95,30,0,30,125
11/01/2021,FYV,AR,ASW,ES,Federal Contract Tower,0,4,14,6,24,0,0,34,1,35,0,4,48,7,59,46,0,46,105
11/02/2021,FYV,AR,ASW,ES,Federal Contract Tower,0,8,10,0,18,0,0,2,0,2,0,8,12,0,20,8,0,8,28
11/03/2021,FYV,AR,ASW,ES,Federal Contract Tower,0,5,21,0,26,0,0,14,0,14,0,5,35,0,40,32,0,32,72
11/04/2021,FYV,AR,ASW,ES,Federal Contract Tower,0,8,26,0,34,0,0,49,2,51,0,8,75,2,85,26,0,26,111
11/05/2021,FYV,AR,ASW,ES,Federal Contract Tower,0,15,41,0,56,0,2,86,9,97,0,17,127,9,153,36,6,42,195
11/06/2021,FYV,AR,ASW,ES,Federal Contract Tower,0,23,60,0,83,0,2,49,12,63,0,25,109,12,146,10,0,10,156
11/07/2021,FYV,AR,ASW,ES,Federal Contract Tower,2,9,36,0,47,0,1,76,0,77,2,10,112,0,124,8,0,8,132
11/08/2021,FYV,AR,ASW,ES,Federal Contract Tower,0,1,15,0,16,0,6,48,2,56,0,7,63,2,72,4,0,4,76
11/09/2021,FYV,AR,ASW,ES,Federal Contract Tower,0,6,30,0,36,0,0,38,3,41,0,6,68,3,77,36,0,36,113
11/10/2021,FYV,AR,ASW,ES,Federal Contract Tower,0,2,27,0,29,0,0,17,0,17,0,2,44,0,46,18,0,18,64
11/11/2021,FYV,AR,ASW,ES,Federal Contract Tower,0,5,19,0,24,0,2,30,0,32,0,7,49,0,56,12,0,12,68
11/12/2021,FYV,AR,ASW,ES,Federal Contract Tower,0,8,34,0,42,0,2,13,0,15,0,10,47,0,57,0,0,0,57
11/13/2021,FYV,AR,ASW,ES,Federal Contract Tower,0,6,15,0,21,0,17,61,0,78,0,23,76,0,99,36,0,36,135
11/14/2021,FYV,AR,ASW,ES,Federal Contract Tower,0,6,21,0,27,0,20,47,0,67,0,26,68,0,94,10,0,10,104
11/15/2021,FYV,AR,ASW,ES,Federal Contract Tower,1,6,23,0,30,0,1,20,0,21,1,7,43,0,51,44,0,44,95
11/16/2021,FYV,AR,ASW,ES,Federal Contract Tower,4,6,11,0,21,0,0,18,0,18,4,6,29,0,39,14,0,14,53
11/17/2021,FYV,AR,ASW,ES,Federal Contract Tower,1,8,20,0,29,0,0,9,0,9,1,8,29,0,38,8,0,8,46
11/18/2021,FYV,AR,ASW,ES,Federal Contract Tower,0,8,14,1,23,0,0,29,0,29,0,8,43,1,52,52,6,58,110
11/19/2021,FYV,AR,ASW,ES,Federal Contract Tower,0,12,16,0,28,0,10,77,0,87,0,22,93,0,115,48,0,48,163
11/20/2021,FYV,AR,ASW,ES,Federal Contract Tower,1,4,8,0,13,0,0,0,0,0,1,4,8,0,13,40,0,40,53
11/21/2021,FYV,AR,ASW,ES,Federal Contract Tower,3,10,13,0,26,0,9,42,0,51,3,19,55,0,77,30,0,30,107
11/22/2021,FYV,AR,ASW,ES,Federal Contract Tower,0,5,20,0,25,0,0,41,0,41,0,5,61,0,66,44,0,44,110
11/23/2021,FYV,AR,ASW,ES,Federal Contract Tower,0,2,21,2,25,0,0,43,0,43,0,2,64,2,68,48,0,48,116
11/24/2021,FYV,AR,ASW,ES,Federal Contract Tower,0,9,23,0,32,0,0,6,0,6,0,9,29,0,38,0,0,0,38
11/25/2021,FYV,AR,ASW,ES,Federal Contract Tower,0,5,0,0,5,0,0,4,0,4,0,5,4,0,9,0,0,0,9
11/26/2021,FYV,AR,ASW,ES,Federal Contract Tower,0,15,57,0,72,0,4,33,0,37,0,19,90,0,109,22,0,22,131
11/27/2021,FYV,AR,ASW,ES,Federal Contract Tower,2,9,6,0,17,0,0,28,0,28,2,9,34,0,45,38,0,38,83
11/28/2021,FYV,AR,ASW,ES,Federal Contract Tower,0,4,23,0,27,0,0,27,0,27,0,4,50,0,54,46,0,46,100
11/29/2021,FYV,AR,ASW,ES,Federal Contract Tower,0,4,18,0,22,0,0,26,0,26,0,4,44,0,48,22,0,22,70
11/30/2021,FYV,AR,ASW,ES,Federal Contract Tower,0,2,13,0,15,0,0,51,0,51,0,2,64,0,66,70,0,70,136
12/01/2021,FYV,AR,ASW,ES,Federal Contract Tower,0,5,19,0,24,0,0,42,0,42,0,5,61,0,66,10,0,10,76
12/02/2021,FYV,AR,ASW,ES,Federal Contract Tower,0,3,17,0,20,0,0,56,0,56,0,3,73,0,76,64,0,64,140
12/03/2021,FYV,AR,ASW,ES,Federal Contract Tower,0,14,13,0,27,0,0,49,0,49,0,14,62,0,76,68,0,68,144
12/04/2021,FYV,AR,ASW,ES,Federal Contract Tower,0,4,13,8,25,0,2,35,0,37,0,6,48,8,62,70,0,70,132
12/05/2021,FYV,AR,ASW,ES,Federal Contract Tower,0,3,8,0,11,0,2,14,0,16,0,5,22,0,27,4,0,4,31
12/06/2021,FYV,AR,ASW,ES,Federal Contract Tower,0,2,8,0,10,0,0,28,0,28,0,2,36,0,38,8,0,8,46
12/07/2021,FYV,AR,ASW,ES,Federal Contract Tower,0,5,17,0,22,0,0,36,0,36,0,5,53,0,58,24,0,24,82
12/08/2021,FYV,AR,ASW,ES,Federal Contract Tower,0,3,17,0,20,0,0,51,2,53,0,3,68,2,73,38,0,38,111
12/09/2021,FYV,AR,ASW,ES,Federal Contract Tower,0,7,24,0,31,0,0,23,0,23,0,7,47,0,54,18,0,18,72
12/10/2021,FYV,AR,ASW,ES,Federal Contract Tower,0,12,17,0,29,0,0,10,0,10,0,12,27,0,39,0,0,0,39
12/11/2021,FYV,AR,ASW,ES,Federal Contract Tower,0,3,7,0,10,0,4,26,0,30,0,7,33,0,40,30,0,30,70
12/12/2021,FYV,AR,ASW,ES,Federal Contract Tower,0,0,6,0,6,0,10,43,0,53,0,10,49,0,59,18,0,18,77
12/13/2021,FYV,AR,ASW,ES,Federal Contract Tower,0,4,15,2,21,0,0,26,0,26,0,4,41,2,47,2,0,2,49
12/14/2021,FYV,AR,ASW,ES,Federal Contract Tower,0,3,15,0,18,0,0,2,0,2,0,3,17,0,20,0,0,0,20
12/15/2021,FYV,AR,ASW,ES,Federal Contract Tower,0,12,17,0,29,0,0,2,0,2,0,12,19,0,31,0,0,0,31
12/16/2021,FYV,AR,ASW,ES,Federal Contract Tower,0,4,8,0,12,0,0,24,0,24,0,4,32,0,36,36,0,36,72
12/17/2021,FYV,AR,ASW,ES,Federal Contract Tower,0,2,12,0,14,0,0,0,0,0,0,2,12,0,14,0,0,0,14
12/18/2021,FYV,AR,ASW,ES,Federal Contract Tower,0,11,5,0,16,0,6,25,0,31,0,17,30,0,47,20,0,20,67
12/19/2021,FYV,AR,ASW,ES,Federal Contract Tower,2,1,7,2,12,0,12,42,0,54,2,13,49,2,66,6,0,6,72
12/20/2021,FYV,AR,ASW,ES,Federal Contract Tower,0,7,13,0,20,0,0,18,0,18,0,7,31,0,38,20,0,20,58
12/21/2021,FYV,AR,ASW,ES,Federal Contract Tower,0,6,11,2,19,0,0,58,0,58,0,6,69,2,77,30,0,30,107
12/22/2021,FYV,AR,ASW,ES,Federal Contract Tower,0,4,18,0,22,0,0,47,0,47,0,4,65,0,69,38,0,38,107
12/23/2021,FYV,AR,ASW,ES,Federal Contract Tower,0,8,17,0,25,0,0,14,0,14,0,8,31,0,39,2,0,2,41
12/24/2021,FYV,AR,ASW,ES,Federal Contract Tower,0,4,4,0,8,0,0,11,0,11,0,4,15,0,19,0,0,0,19
12/25/2021,FYV,AR,ASW,ES,Federal Contract Tower,0,1,2,0,3,0,0,15,0,15,0,1,17,0,18,0,0,0,18
12/26/2021,FYV,AR,ASW,ES,Federal Contract Tower,0,3,12,0,15,0,0,10,0,10,0,3,22,0,25,0,0,0,25
12/27/2021,FYV,AR,ASW,ES,Federal Contract Tower,0,1,14,0,15,0,0,28,0,28,0,1,42,0,43,64,0,64,107
12/28/2021,FYV,AR,ASW,ES,Federal Contract Tower,2,5,12,0,19,0,0,10,0,10,2,5,22,0,29,2,0,2,31
12/29/2021,FYV,AR,ASW,ES,Federal Contract Tower,0,2,12,0,14,0,0,8,0,8,0,2,20,0,22,0,0,0,22
12/30/2021,FYV,AR,ASW,ES,Federal Contract Tower,0,7,13,0,20,0,0,30,0,30,0,7,43,0,50,48,0,48,98
12/31/2021,FYV,AR,ASW,ES,Federal Contract Tower,0,7,19,0,26,0,0,19,0,19,0,7,38,0,45,24,0,24,69
01/01/2022,FYV,AR,ASW,ES,Federal Contract Tower,0,1,2,0,3,0,0,0,0,0,0,1,2,0,3,0,0,0,3
01/02/2022,FYV,AR,ASW,ES,Federal Contract Tower,0,5,7,0,12,0,0,5,0,5,0,5,12,0,17,0,0,0,17
01/03/2022,FYV,AR,ASW,ES,Federal Contract Tower,0,7,13,0,20,0,0,30,0,30,0,7,43,0,50,28,0,28,78
01/04/2022,FYV,AR,ASW,ES,Federal Contract Tower,0,8,8,0,16,0,0,14,2,16,0,8,22,2,32,6,0,6,38
01/05/2022,FYV,AR,ASW,ES,Federal Contract Tower,0,1,10,0,11,0,0,38,0,38,0,1,48,0,49,50,0,50,99
01/06/2022,FYV,AR,ASW,ES,Federal Contract Tower,0,2,7,2,11,0,0,7,0,7,0,2,14,2,18,0,0,0,18
01/07/2022,FYV,AR,ASW,ES,Federal Contract Tower,0,4,6,0,10,0,0,27,0,27,0,4,33,0,37,52,0,52,89
01/08/2022,FYV,AR,ASW,ES,Federal Contract Tower,2,3,5,0,10,0,0,0,0,0,2,3,5,0,10,0,0,0,10
01/09/2022,FYV,AR,ASW,ES,Federal Contract Tower,2,5,5,0,12,0,0,9,0,9,2,5,14,0,21,0,0,0,21
01/10/2022,FYV,AR,ASW,ES,Federal Contract Tower,0,2,9,2,13,0,1,22,0,23,0,3,31,2,36,62,0,62,98
01/11/2022,FYV,AR,ASW,ES,Federal Contract Tower,2,2,8,0,12,0,0,31,2,33,2,2,39,2,45,22,0,22,67
01/12/2022,FYV,AR,ASW,ES,Federal Contract Tower,0,2,10,0,12,0,0,20,0,20,0,2,30,0,32,26,0,26,58
01/13/2022,FYV,AR,ASW,ES,Federal Contract Tower,0,5,17,2,24,0,0,43,0,43,0,5,60,2,67,16,6,22,89
01/14/2022,FYV,AR,ASW,ES,Federal Contract Tower,2,7,19,0,28,0,2,33,0,35,2,9,52,0,63,12,0,12,75
01/15/2022,FYV,AR,ASW,ES,Federal Contract Tower,0,0,1,0,1,0,0,0,0,0,0,0,1,0,1,0,0,0,1
01/16/2022,FYV,AR,ASW,ES,Federal Contract Tower,0,3,4,0,7,0,0,0,0,0,0,3,4,0,7,0,0,0,7
01/17/2022,FYV,AR,ASW,ES,Federal Contract Tower,0,6,15,0,21,0,6,29,0,35,0,12,44,0,56,22,0,22,78
01/18/2022,FYV,AR,ASW,ES,Federal Contract Tower,0,5,27,8,40,0,0,20,2,22,0,5,47,10,62,0,0,0,62
01/19/2022,FYV,AR,ASW,ES,Federal Contract Tower,0,6,13,0,19,0,0,1,0,1,0,6,14,0,20,0,0,0,20
01/20/2022,FYV,AR,ASW,ES,Federal Contract Tower,0,0,3,0,3,0,1,3,0,4,0,1,6,0,7,2,0,2,9
01/21/2022,FYV,AR,ASW,ES,Federal Contract Tower,0,3,15,0,18,0,0,48,0,48,0,3,63,0,66,56,0,56,122
01/22/2022,FYV,AR,ASW,ES,Federal Contract Tower,0,3,11,0,14,0,0,32,0,32,0,3,43,0,46,0,0,0,46
01/23/2022,FYV,AR,ASW,ES,Federal Contract Tower,2,8,11,0,21,0,0,50,0,50,2,8,61,0,71,4,0,4,75
01/24/2022,FYV,AR,ASW,ES,Federal Contract Tower,0,8,13,0,21,0,1,23,0,24,0,9,36,0,45,42,0,42,87
01/25/2022,FYV,AR,ASW,ES,Federal Contract Tower,1,3,7,4,15,0,2,30,0,32,1,5,37,4,47,42,0,42,89
01/26/2022,FYV,AR,ASW,ES,Federal Contract Tower,0,6,12,3,21,0,0,30,1,31,0,6,42,4,52,36,2,38,90
01/27/2022,FYV,AR,ASW,ES,Federal Contract Tower,3,4,12,0,19,0,0,30,0,30,3,4,42,0,49,42,0,42,91
01/28/2022,FYV,AR,ASW,ES,Federal Contract Tower,0,7,26,4,37,0,0,34,3,37,0,7,60,7,74,44,0,44,118
01/29/2022,FYV,AR,ASW,ES,Federal Contract Tower,0,3,26,0,29,0,0,34,0,34,0,3,60,0,63,2,0,2,65
01/30/2022,FYV,AR,ASW,ES,Federal Contract Tower,2,9,18,0,29,0,0,43,0,43,2,9,61,0,72,34,0,34,106
01/31/2022,FYV,AR,ASW,ES,Federal Contract Tower,0,5,27,0,32,0,1,31,0,32,0,6,58,0,64,22,0,22,86
02/01/2022,FYV,AR,ASW,ES,Federal Contract Tower,3,7,18,0,28,0,0,18,0,18,3,7,36,0,46,26,0,26,72
02/02/2022,FYV,AR,ASW,ES,Federal Contract Tower,0,6,6,0,12,0,0,1,0,1,0,6,7,0,13,0,0,0,13
02/03/2022,FYV,AR,ASW,ES,Federal Contract Tower,0,0,0,0,0,0,0,0,0,0,0,0,0,0,0,0,0,0,0
02/04/2022,FYV,AR,ASW,ES,Federal Contract Tower,0,0,2,0,2,0,2,3,0,5,0,2,5,0,7,0,0,0,7
02/05/2022,FYV,AR,ASW,ES,Federal Contract Tower,0,2,9,1,12,0,0,12,0,12,0,2,21,1,24,16,0,16,40
02/06/2022,FYV,AR,ASW,ES,Federal Contract Tower,0,2,5,1,8,0,0,25,0,25,0,2,30,1,33,42,0,42,75
02/07/2022,FYV,AR,ASW,ES,Federal Contract Tower,2,4,12,0,18,0,3,38,0,41,2,7,50,0,59,50,0,50,109
02/08/2022,FYV,AR,ASW,ES,Federal Contract Tower,2,15,63,1,81,0,0,70,3,73,2,15,133,4,154,50,2,52,206
02/09/2022,FYV,AR,ASW,ES,Federal Contract Tower,0,4,11,0,15,0,0,44,2,46,0,4,55,2,61,12,0,12,73
02/10/2022,FYV,AR,ASW,ES,Federal Contract Tower,0,6,22,4,32,0,0,52,6,58,0,6,74,10,90,18,56,74,164
02/11/2022,FYV,AR,ASW,ES,Federal Contract Tower,1,3,25,0,29,0,0,30,0,30,1,3,55,0,59,4,0,4,63
02/12/2022,FYV,AR,ASW,ES,Federal Contract Tower,6,6,3,3,18,0,2,31,4,37,6,8,34,7,55,24,10,34,89
02/13/2022,FYV,AR,ASW,ES,Federal Contract Tower,4,1,8,0,13,0,0,26,0,26,4,1,34,0,39,22,0,22,61
02/14/2022,FYV,AR,ASW,ES,Federal Contract Tower,2,2,16,2,22,0,0,37,0,37,2,2,53,2,59,60,16,76,135
02/15/2022,FYV,AR,ASW,ES,Federal Contract Tower,0,7,9,0,16,0,0,20,6,26,0,7,29,6,42,0,0,0,42
02/16/2022,FYV,AR,ASW,ES,Federal Contract Tower,2,7,15,2,26,0,2,0,0,2,2,9,15,2,28,0,2,2,30
02/17/2022,FYV,AR,ASW,ES,Federal Contract Tower,0,8,8,0,16,0,0,4,0,4,0,8,12,0,20,0,0,0,20
02/18/2022,FYV,AR,ASW,ES,Federal Contract Tower,0,5,38,1,44,0,0,67,0,67,0,5,105,1,111,52,20,72,183
02/19/2022,FYV,AR,ASW,ES,Federal Contract Tower,0,2,18,0,20,0,12,79,0,91,0,14,97,0,111,56,0,56,167
02/20/2022,FYV,AR,ASW,ES,Federal Contract Tower,0,2,23,0,25,0,0,16,0,16,0,2,39,0,41,0,0,0,41
02/21/2022,FYV,AR,ASW,ES,Federal Contract Tower,4,3,19,0,26,0,0,4,0,4,4,3,23,0,30,6,0,6,36
02/22/2022,FYV,AR,ASW,ES,Federal Contract Tower,2,3,22,0,27,0,0,0,0,0,2,3,22,0,27,0,0,0,27
02/23/2022,FYV,AR,ASW,ES,Federal Contract Tower,0,2,1,0,3,0,0,0,0,0,0,2,1,0,3,0,0,0,3
02/24/2022,FYV,AR,ASW,ES,Federal Contract Tower,0,0,0,0,0,0,0,0,0,0,0,0,0,0,0,0,0,0,0
02/25/2022,FYV,AR,ASW,ES,Federal Contract Tower,0,4,10,0,14,0,0,7,0,7,0,4,17,0,21,2,0,2,23
02/26/2022,FYV,AR,ASW,ES,Federal Contract Tower,2,9,32,0,43,0,12,42,6,60,2,21,74,6,103,30,0,30,133
02/27/2022,FYV,AR,ASW,ES,Federal Contract Tower,2,5,16,4,27,0,14,57,10,81,2,19,73,14,108,20,0,20,128
02/28/2022,FYV,AR,ASW,ES,Federal Contract Tower,0,3,24,2,29,0,0,34,2,36,0,3,58,4,65,36,0,36,101
03/01/2022,FYV,AR,ASW,ES,Federal Contract Tower,4,2,15,8,29,0,0,39,0,39,4,2,54,8,68,28,2,30,98
03/02/2022,FYV,AR,ASW,ES,Federal Contract Tower,0,7,33,0,40,0,0,91,2,93,0,7,124,2,133,86,0,86,219
03/03/2022,FYV,AR,ASW,ES,Federal Contract Tower,1,11,26,8,46,0,0,69,2,71,1,11,95,10,117,74,4,78,195
03/04/2022,FYV,AR,ASW,ES,Federal Contract Tower,1,6,18,0,25,0,0,35,0,35,1,6,53,0,60,10,0,10,70
03/05/2022,FYV,AR,ASW,ES,Federal Contract Tower,2,3,11,0,16,0,0,4,2,6,2,3,15,2,22,0,0,0,22
03/06/2022,FYV,AR,ASW,ES,Federal Contract Tower,2,3,15,0,20,0,0,9,2,11,2,3,24,2,31,0,0,0,31
03/07/2022,FYV,AR,ASW,ES,Federal Contract Tower,0,2,11,0,13,0,0,13,0,13,0,2,24,0,26,30,0,30,56
03/08/2022,FYV,AR,ASW,ES,Federal Contract Tower,1,15,9,0,25,0,0,29,0,29,1,15,38,0,54,66,0,66,120
03/09/2022,FYV,AR,ASW,ES,Federal Contract Tower,4,12,20,6,42,0,0,60,0,60,4,12,80,6,102,58,0,58,160
03/10/2022,FYV,AR,ASW,ES,Federal Contract Tower,0,11,30,2,43,0,0,53,13,66,0,11,83,15,109,54,10,64,173
03/11/2022,FYV,AR,ASW,ES,Federal Contract Tower,0,0,0,0,0,0,0,0,0,0,0,0,0,0,0,0,0,0,0
03/12/2022,FYV,AR,ASW,ES,Federal Contract Tower,1,2,7,0,10,0,0,56,0,56,1,2,63,0,66,60,0,60,126
03/13/2022,FYV,AR,ASW,ES,Federal Contract Tower,1,3,20,0,24,0,0,21,0,21,1,3,41,0,45,0,0,0,45
03/14/2022,FYV,AR,ASW,ES,Federal Contract Tower,0,0,16,2,18,0,0,7,0,7,0,0,23,2,25,24,4,28,53
03/15/2022,FYV,AR,ASW,ES,Federal Contract Tower,0,5,24,0,29,0,0,17,16,33,0,5,41,16,62,32,0,32,94
03/16/2022,FYV,AR,ASW,ES,Federal Contract Tower,0,5,26,2,33,0,0,75,0,75,0,5,101,2,108,30,0,30,138
03/17/2022,FYV,AR,ASW,ES,Federal Contract Tower,0,10,23,3,36,0,0,40,0,40,0,10,63,3,76,28,0,28,104
03/18/2022,FYV,AR,ASW,ES,Federal Contract Tower,0,7,19,0,26,0,0,0,0,0,0,7,19,0,26,0,0,0,26
03/19/2022,FYV,AR,ASW,ES,Federal Contract Tower,0,9,12,0,21,0,0,53,0,53,0,9,65,0,74,20,0,20,94
03/20/2022,FYV,AR,ASW,ES,Federal Contract Tower,2,2,9,0,13,0,1,57,3,61,2,3,66,3,74,34,0,34,108
03/21/2022,FYV,AR,ASW,ES,Federal Contract Tower,1,2,10,0,13,0,0,5,0,5,1,2,15,0,18,0,0,0,18
03/22/2022,FYV,AR,ASW,ES,Federal Contract Tower,0,3,8,0,11,0,0,0,0,0,0,3,8,0,11,4,0,4,15
03/23/2022,FYV,AR,ASW,ES,Federal Contract Tower,2,9,17,0,28,0,0,1,0,1,2,9,18,0,29,0,0,0,29
03/24/2022,FYV,AR,ASW,ES,Federal Contract Tower,0,0,8,0,8,0,0,21,0,21,0,0,29,0,29,18,0,18,47
03/25/2022,FYV,AR,ASW,ES,Federal Contract Tower,0,4,14,2,20,0,1,49,0,50,0,5,63,2,70,26,0,26,96
03/26/2022,FYV,AR,ASW,ES,Federal Contract Tower,2,5,11,0,18,0,0,58,0,58,2,5,69,0,76,16,0,16,92
03/27/2022,FYV,AR,ASW,ES,Federal Contract Tower,0,2,15,0,17,0,0,52,0,52,0,2,67,0,69,16,0,16,85
03/28/2022,FYV,AR,ASW,ES,Federal Contract Tower,1,10,27,0,38,0,0,26,0,26,1,10,53,0,64,28,0,28,92
03/29/2022,FYV,AR,ASW,ES,Federal Contract Tower,0,3,19,0,22,0,0,11,0,11,0,3,30,0,33,10,0,10,43
03/30/2022,FYV,AR,ASW,ES,Federal Contract Tower,2,2,6,0,10,0,0,2,0,2,2,2,8,0,12,0,0,0,12
03/31/2022,FYV,AR,ASW,ES,Federal Contract Tower,0,9,29,5,43,0,0,20,1,21,0,9,49,6,64,44,0,44,108
04/01/2022,FYV,AR,ASW,ES,Federal Contract Tower,0,8,23,2,33,0,0,57,0,57,0,8,80,2,90,44,0,44,134
04/02/2022,FYV,AR,ASW,ES,Federal Contract Tower,0,2,20,0,22,0,0,52,0,52,0,2,72,0,74,8,0,8,82
04/03/2022,FYV,AR,ASW,ES,Federal Contract Tower,2,5,15,0,22,0,0,43,0,43,2,5,58,0,65,6,0,6,71
04/04/2022,FYV,AR,ASW,ES,Federal Contract Tower,0,6,9,0,15,0,0,4,0,4,0,6,13,0,19,8,0,8,27
04/05/2022,FYV,AR,ASW,ES,Federal Contract Tower,1,3,19,0,23,0,0,37,2,39,1,3,56,2,62,76,0,76,138
04/06/2022,FYV,AR,ASW,ES,Federal Contract Tower,1,4,21,0,26,0,0,19,4,23,1,4,40,4,49,26,0,26,75
04/07/2022,FYV,AR,ASW,ES,Federal Contract Tower,0,6,16,0,22,0,1,11,0,12,0,7,27,0,34,12,0,12,46
04/08/2022,FYV,AR,ASW,ES,Federal Contract Tower,0,9,8,0,17,0,0,18,0,18,0,9,26,0,35,2,0,2,37
04/09/2022,FYV,AR,ASW,ES,Federal Contract Tower,0,6,5,0,11,0,0,80,2,82,0,6,85,2,93,48,14,62,155
04/10/2022,FYV,AR,ASW,ES,Federal Contract Tower,0,1,8,0,9,0,0,4,0,4,0,1,12,0,13,0,0,0,13
04/11/2022,FYV,AR,ASW,ES,Federal Contract Tower,0,4,10,0,14,0,0,0,0,0,0,4,10,0,14,0,0,0,14
04/12/2022,FYV,AR,ASW,ES,Federal Contract Tower,0,5,19,0,24,0,0,2,0,2,0,5,21,0,26,0,0,0,26
04/13/2022,FYV,AR,ASW,ES,Federal Contract Tower,0,3,10,0,13,0,0,1,0,1,0,3,11,0,14,0,0,0,14
04/14/2022,FYV,AR,ASW,ES,Federal Contract Tower,0,3,33,0,36,0,0,44,0,44,0,3,77,0,80,50,0,50,130
04/15/2022,FYV,AR,ASW,ES,Federal Contract Tower,0,2,27,0,29,0,0,20,0,20,0,2,47,0,49,0,0,0,49
04/16/2022,FYV,AR,ASW,ES,Federal Contract Tower,0,5,5,0,10,0,0,2,0,2,0,5,7,0,12,4,0,4,16
04/17/2022,FYV,AR,ASW,ES,Federal Contract Tower,0,1,10,0,11,0,0,2,0,2,0,1,12,0,13,12,0,12,25
04/18/2022,FYV,AR,ASW,ES,Federal Contract Tower,0,9,32,0,41,0,0,49,0,49,0,9,81,0,90,92,0,92,182
04/19/2022,FYV,AR,ASW,ES,Federal Contract Tower,0,7,5,1,13,0,0,50,9,59,0,7,55,10,72,60,6,66,138
04/20/2022,FYV,AR,ASW,ES,Federal Contract Tower,0,3,12,0,15,0,0,0,0,0,0,3,12,0,15,0,0,0,15
04/21/2022,FYV,AR,ASW,ES,Federal Contract Tower,2,8,21,0,31,0,0,11,0,11,2,8,32,0,42,20,0,20,62
04/22/2022,FYV,AR,ASW,ES,Federal Contract Tower,0,12,42,0,54,0,0,11,0,11,0,12,53,0,65,10,0,10,75
04/23/2022,FYV,AR,ASW,ES,Federal Contract Tower,0,9,31,0,40,0,0,3,0,3,0,9,34,0,43,0,0,0,43
04/24/2022,FYV,AR,ASW,ES,Federal Contract Tower,0,9,33,0,42,0,0,1,0,1,0,9,34,0,43,0,0,0,43
04/25/2022,FYV,AR,ASW,ES,Federal Contract Tower,0,5,20,0,25,0,0,27,0,27,0,5,47,0,52,28,0,28,80
04/26/2022,FYV,AR,ASW,ES,Federal Contract Tower,0,1,25,0,26,0,0,60,0,60,0,1,85,0,86,22,0,22,108
04/27/2022,FYV,AR,ASW,ES,Federal Contract Tower,0,4,30,0,34,0,0,43,0,43,0,4,73,0,77,44,0,44,121
04/28/2022,FYV,AR,ASW,ES,Federal Contract Tower,0,6,18,0,24,0,0,8,0,8,0,6,26,0,32,40,0,40,72
04/29/2022,FYV,AR,ASW,ES,Federal Contract Tower,0,5,27,0,32,0,0,12,0,12,0,5,39,0,44,8,0,8,52
04/30/2022,FYV,AR,ASW,ES,Federal Contract Tower,0,6,18,0,24,0,0,23,0,23,0,6,41,0,47,0,0,0,47
05/01/2022,FYV,AR,ASW,ES,Federal Contract Tower,0,4,25,0,29,0,0,71,0,71,0,4,96,0,100,28,10,38,138
05/02/2022,FYV,AR,ASW,ES,Federal Contract Tower,0,4,5,0,9,0,0,0,0,0,0,4,5,0,9,0,0,0,9
05/03/2022,FYV,AR,ASW,ES,Federal Contract Tower,0,9,10,0,19,0,0,18,0,18,0,9,28,0,37,6,0,6,43
05/04/2022,FYV,AR,ASW,ES,Federal Contract Tower,0,4,20,0,24,0,0,1,0,1,0,4,21,0,25,2,0,2,27
05/05/2022,FYV,AR,ASW,ES,Federal Contract Tower,0,3,5,0,8,0,0,0,0,0,0,3,5,0,8,0,0,0,8
05/06/2022,FYV,AR,ASW,ES,Federal Contract Tower,0,13,23,0,36,0,0,9,0,9,0,13,32,0,45,0,0,0,45
05/07/2022,FYV,AR,ASW,ES,Federal Contract Tower,0,2,12,0,14,0,0,65,0,65,0,2,77,0,79,50,0,50,129
05/08/2022,FYV,AR,ASW,ES,Federal Contract Tower,3,3,14,0,20,0,0,14,0,14,3,3,28,0,34,0,0,0,34
05/09/2022,FYV,AR,ASW,ES,Federal Contract Tower,0,8,17,0,25,0,0,13,0,13,0,8,30,0,38,0,0,0,38
05/10/2022,FYV,AR,ASW,ES,Federal Contract Tower,2,5,21,0,28,0,0,29,4,33,2,5,50,4,61,14,0,14,75
05/11/2022,FYV,AR,ASW,ES,Federal Contract Tower,0,2,15,8,25,0,1,45,0,46,0,3,60,8,71,20,0,20,91
05/12/2022,FYV,AR,ASW,ES,Federal Contract Tower,0,6,20,2,28,0,0,58,0,58,0,6,78,2,86,128,0,128,214
05/13/2022,FYV,AR,ASW,ES,Federal Contract Tower,0,6,25,0,31,0,0,45,0,45,0,6,70,0,76,4,0,4,80
05/14/2022,FYV,AR,ASW,ES,Federal Contract Tower,0,6,27,0,33,0,0,52,0,52,0,6,79,0,85,48,0,48,133
05/15/2022,FYV,AR,ASW,ES,Federal Contract Tower,0,12,21,2,35,0,0,29,0,29,0,12,50,2,64,0,0,0,64
05/16/2022,FYV,AR,ASW,ES,Federal Contract Tower,0,4,11,0,15,0,0,27,10,37,0,4,38,10,52,72,0,72,124
05/17/2022,FYV,AR,ASW,ES,Federal Contract Tower,0,0,22,0,22,0,0,17,2,19,0,0,39,2,41,14,6,20,61
05/18/2022,FYV,AR,ASW,ES,Federal Contract Tower,0,4,20,0,24,0,1,40,0,41,0,5,60,0,65,26,0,26,91
05/19/2022,FYV,AR,ASW,ES,Federal Contract Tower,0,5,17,0,22,0,0,20,2,22,0,5,37,2,44,6,0,6,50
05/20/2022,FYV,AR,ASW,ES,Federal Contract Tower,0,7,12,0,19,0,0,13,0,13,0,7,25,0,32,2,0,2,34
05/21/2022,FYV,AR,ASW,ES,Federal Contract Tower,0,0,7,0,7,0,0,0,0,0,0,0,7,0,7,0,0,0,7
05/22/2022,FYV,AR,ASW,ES,Federal Contract Tower,0,4,23,0,27,0,0,10,0,10,0,4,33,0,37,10,0,10,47
05/23/2022,FYV,AR,ASW,ES,Federal Contract Tower,0,11,16,0,27,0,0,3,0,3,0,11,19,0,30,14,0,14,44
05/24/2022,FYV,AR,ASW,ES,Federal Contract Tower,0,4,9,0,13,0,0,0,0,0,0,4,9,0,13,0,0,0,13
05/25/2022,FYV,AR,ASW,ES,Federal Contract Tower,0,5,16,0,21,0,0,3,0,3,0,5,19,0,24,0,0,0,24
05/26/2022,FYV,AR,ASW,ES,Federal Contract Tower,0,4,21,0,25,0,0,1,0,1,0,4,22,0,26,4,0,4,30
05/27/2022,FYV,AR,ASW,ES,Federal Contract Tower,0,5,20,1,26,0,0,51,0,51,0,5,71,1,77,32,4,36,113
05/28/2022,FYV,AR,ASW,ES,Federal Contract Tower,1,4,5,0,10,0,0,40,0,40,1,4,45,0,50,6,0,6,56
05/29/2022,FYV,AR,ASW,ES,Federal Contract Tower,0,5,7,0,12,0,0,5,0,5,0,5,12,0,17,0,0,0,17
05/30/2022,FYV,AR,ASW,ES,Federal Contract Tower,0,3,14,1,18,0,0,15,0,15,0,3,29,1,33,0,0,0,33
05/31/2022,FYV,AR,ASW,ES,Federal Contract Tower,0,4,11,0,15,0,0,15,0,15,0,4,26,0,30,6,0,6,36
06/01/2022,FYV,AR,ASW,ES,Federal Contract Tower,0,3,12,0,15,0,0,4,0,4,0,3,16,0,19,12,0,12,31
06/02/2022,FYV,AR,ASW,ES,Federal Contract Tower,0,3,19,0,22,0,0,21,0,21,0,3,40,0,43,16,0,16,59
06/03/2022,FYV,AR,ASW,ES,Federal Contract Tower,0,6,16,0,22,0,0,66,0,66,0,6,82,0,88,34,0,34,122
06/04/2022,FYV,AR,ASW,ES,Federal Contract Tower,0,6,5,0,11,0,0,86,0,86,0,6,91,0,97,38,0,38,135
06/05/2022,FYV,AR,ASW,ES,Federal Contract Tower,0,4,19,0,23,0,0,27,0,27,0,4,46,0,50,14,0,14,64
06/06/2022,FYV,AR,ASW,ES,Federal Contract Tower,0,3,16,0,19,0,0,37,0,37,0,3,53,0,56,32,0,32,88
06/07/2022,FYV,AR,ASW,ES,Federal Contract Tower,0,1,12,0,13,0,0,21,0,21,0,1,33,0,34,14,0,14,48
06/08/2022,FYV,AR,ASW,ES,Federal Contract Tower,0,1,12,0,13,0,0,2,0,2,0,1,14,0,15,0,0,0,15
06/09/2022,FYV,AR,ASW,ES,Federal Contract Tower,0,4,11,0,15,0,0,48,0,48,0,4,59,0,63,26,0,26,89
06/10/2022,FYV,AR,ASW,ES,Federal Contract Tower,0,7,8,2,17,0,0,29,0,29,0,7,37,2,46,8,8,16,62
06/11/2022,FYV,AR,ASW,ES,Federal Contract Tower,0,6,5,0,11,0,1,61,2,64,0,7,66,2,75,58,0,58,133
06/12/2022,FYV,AR,ASW,ES,Federal Contract Tower,0,4,5,0,9,0,0,51,0,51,0,4,56,0,60,4,0,4,64
06/13/2022,FYV,AR,ASW,ES,Federal Contract Tower,0,3,13,0,16,0,1,21,0,22,0,4,34,0,38,8,0,8,46
06/14/2022,FYV,AR,ASW,ES,Federal Contract Tower,0,3,15,0,18,0,0,37,0,37,0,3,52,0,55,0,0,0,55
06/15/2022,FYV,AR,ASW,ES,Federal Contract Tower,0,7,17,5,29,0,0,19,1,20,0,7,36,6,49,20,8,28,77
06/16/2022,FYV,AR,ASW,ES,Federal Contract Tower,0,5,6,0,11,0,2,44,0,46,0,7,50,0,57,50,0,50,107
06/17/2022,FYV,AR,ASW,ES,Federal Contract Tower,0,5,21,1,27,0,0,76,1,77,0,5,97,2,104,110,14,124,228
06/18/2022,FYV,AR,ASW,ES,Federal Contract Tower,0,6,21,0,27,0,0,58,0,58,0,6,79,0,85,30,0,30,115
06/19/2022,FYV,AR,ASW,ES,Federal Contract Tower,0,4,11,0,15,0,0,50,0,50,0,4,61,0,65,4,0,4,69
06/20/2022,FYV,AR,ASW,ES,Federal Contract Tower,0,3,18,0,21,0,0,48,0,48,0,3,66,0,69,62,0,62,131
06/21/2022,FYV,AR,ASW,ES,Federal Contract Tower,0,4,13,0,17,0,2,40,0,42,0,6,53,0,59,34,0,34,93
06/22/2022,FYV,AR,ASW,ES,Federal Contract Tower,0,2,18,0,20,0,1,80,0,81,0,3,98,0,101,28,0,28,129
06/23/2022,FYV,AR,ASW,ES,Federal Contract Tower,0,2,21,0,23,0,1,36,0,37,0,3,57,0,60,22,0,22,82
06/24/2022,FYV,AR,ASW,ES,Federal Contract Tower,0,2,16,2,20,0,0,40,2,42,0,2,56,4,62,22,4,26,88
06/25/2022,FYV,AR,ASW,ES,Federal Contract Tower,0,3,7,0,10,0,0,63,0,63,0,3,70,0,73,8,0,8,81
06/26/2022,FYV,AR,ASW,ES,Federal Contract Tower,0,1,10,0,11,0,0,30,0,30,0,1,40,0,41,0,0,0,41
06/27/2022,FYV,AR,ASW,ES,Federal Contract Tower,0,6,9,0,15,0,0,18,0,18,0,6,27,0,33,8,0,8,41
06/28/2022,FYV,AR,ASW,ES,Federal Contract Tower,0,6,13,0,19,0,0,40,0,40,0,6,53,0,59,30,0,30,89
06/29/2022,FYV,AR,ASW,ES,Federal Contract Tower,0,6,6,0,12,0,0,32,0,32,0,6,38,0,44,2,6,8,52
06/30/2022,FYV,AR,ASW,ES,Federal Contract Tower,0,5,13,0,18,0,0,46,2,48,0,5,59,2,66,36,0,36,102
07/01/2022,FYV,AR,ASW,ES,Federal Contract Tower,0,6,13,0,19,0,0,46,0,46,0,6,59,0,65,20,0,20,85
07/02/2022,FYV,AR,ASW,ES,Federal Contract Tower,0,1,7,0,8,0,0,55,0,55,0,1,62,0,63,12,0,12,75
07/03/2022,FYV,AR,ASW,ES,Federal Contract Tower,0,2,9,0,11,0,0,26,0,26,0,2,35,0,37,0,0,0,37
07/04/2022,FYV,AR,ASW,ES,Federal Contract Tower,0,2,5,0,7,0,0,14,0,14,0,2,19,0,21,6,0,6,27
07/05/2022,FYV,AR,ASW,ES,Federal Contract Tower,0,0,5,6,11,0,0,18,4,22,0,0,23,10,33,2,12,14,47
07/06/2022,FYV,AR,ASW,ES,Federal Contract Tower,0,1,10,0,11,0,0,12,0,12,0,1,22,0,23,38,0,38,61
07/07/2022,FYV,AR,ASW,ES,Federal Contract Tower,0,5,9,0,14,0,0,32,0,32,0,5,41,0,46,16,14,30,76
07/08/2022,FYV,AR,ASW,ES,Federal Contract Tower,0,3,11,0,14,0,1,37,0,38,0,4,48,0,52,16,0,16,68
07/09/2022,FYV,AR,ASW,ES,Federal Contract Tower,0,1,9,0,10,0,0,44,0,44,0,1,53,0,54,42,0,42,96
07/10/2022,FYV,AR,ASW,ES,Federal Contract Tower,0,1,18,0,19,0,0,39,0,39,0,1,57,0,58,6,0,6,64
07/11/2022,FYV,AR,ASW,ES,Federal Contract Tower,0,5,9,2,16,0,0,32,0,32,0,5,41,2,48,24,0,24,72
07/12/2022,FYV,AR,ASW,ES,Federal Contract Tower,0,2,17,1,20,0,0,30,5,35,0,2,47,6,55,10,0,10,65
07/13/2022,FYV,AR,ASW,ES,Federal Contract Tower,0,5,20,0,25,0,0,36,0,36,0,5,56,0,61,28,0,28,89
07/14/2022,FYV,AR,ASW,ES,Federal Contract Tower,0,2,17,0,19,0,0,46,2,48,0,2,63,2,67,32,0,32,99
07/15/2022,FYV,AR,ASW,ES,Federal Contract Tower,0,9,7,0,16,0,0,57,0,57,0,9,64,0,73,34,0,34,107
07/16/2022,FYV,AR,ASW,ES,Federal Contract Tower,0,3,10,0,13,0,0,60,0,60,0,3,70,0,73,28,0,28,101
07/17/2022,FYV,AR,ASW,ES,Federal Contract Tower,0,0,6,0,6,0,0,35,0,35,0,0,41,0,41,18,0,18,59
07/18/2022,FYV,AR,ASW,ES,Federal Contract Tower,0,6,17,0,23,0,0,32,0,32,0,6,49,0,55,38,0,38,93
07/19/2022,FYV,AR,ASW,ES,Federal Contract Tower,0,0,8,0,8,0,0,36,2,38,0,0,44,2,46,16,0,16,62
07/20/2022,FYV,AR,ASW,ES,Federal Contract Tower,0,8,12,0,20,0,0,11,2,13,0,8,23,2,33,0,0,0,33
07/21/2022,FYV,AR,ASW,ES,Federal Contract Tower,0,7,7,0,14,0,0,30,0,30,0,7,37,0,44,32,2,34,78
07/22/2022,FYV,AR,ASW,ES,Federal Contract Tower,0,2,5,2,9,0,0,38,0,38,0,2,43,2,47,58,0,58,105
07/23/2022,FYV,AR,ASW,ES,Federal Contract Tower,0,0,0,0,0,0,0,0,0,0,0,0,0,0,0,0,0,0,0
07/24/2022,FYV,AR,ASW,ES,Federal Contract Tower,0,0,0,0,0,0,0,0,0,0,0,0,0,0,0,0,0,0,0
07/25/2022,FYV,AR,ASW,ES,Federal Contract Tower,0,0,0,0,0,0,0,0,0,0,0,0,0,0,0,0,0,0,0
07/26/2022,FYV,AR,ASW,ES,Federal Contract Tower,0,0,0,0,0,0,0,0,0,0,0,0,0,0,0,0,0,0,0
07/27/2022,FYV,AR,ASW,ES,Federal Contract Tower,0,0,0,0,0,0,0,0,0,0,0,0,0,0,0,0,0,0,0
07/28/2022,FYV,AR,ASW,ES,Federal Contract Tower,0,0,0,0,0,0,0,0,0,0,0,0,0,0,0,0,0,0,0
07/29/2022,FYV,AR,ASW,ES,Federal Contract Tower,0,0,0,0,0,0,0,0,0,0,0,0,0,0,0,0,0,0,0
07/30/2022,FYV,AR,ASW,ES,Federal Contract Tower,0,0,0,0,0,0,0,0,0,0,0,0,0,0,0,0,0,0,0
07/31/2022,FYV,AR,ASW,ES,Federal Contract Tower,0,0,0,0,0,0,0,0,0,0,0,0,0,0,0,0,0,0,0
08/01/2022,FYV,AR,ASW,ES,Federal Contract Tower,0,0,0,0,0,0,0,0,0,0,0,0,0,0,0,0,0,0,0
08/02/2022,FYV,AR,ASW,ES,Federal Contract Tower,0,0,0,0,0,0,0,0,0,0,0,0,0,0,0,0,0,0,0
08/03/2022,FYV,AR,ASW,ES,Federal Contract Tower,0,0,0,0,0,0,0,0,0,0,0,0,0,0,0,0,0,0,0
08/04/2022,FYV,AR,ASW,ES,Federal Contract Tower,0,0,0,0,0,0,0,0,0,0,0,0,0,0,0,0,0,0,0
08/05/2022,FYV,AR,ASW,ES,Federal Contract Tower,0,0,0,0,0,0,0,0,0,0,0,0,0,0,0,0,0,0,0
08/06/2022,FYV,AR,ASW,ES,Federal Contract Tower,0,0,0,0,0,0,0,0,0,0,0,0,0,0,0,0,0,0,0
08/07/2022,FYV,AR,ASW,ES,Federal Contract Tower,0,0,0,0,0,0,0,0,0,0,0,0,0,0,0,0,0,0,0
08/08/2022,FYV,AR,ASW,ES,Federal Contract Tower,0,0,0,0,0,0,0,0,0,0,0,0,0,0,0,0,0,0,0
08/09/2022,FYV,AR,ASW,ES,Federal Contract Tower,0,1,9,0,10,0,0,21,0,21,0,1,30,0,31,8,0,8,39
08/10/2022,FYV,AR,ASW,ES,Federal Contract Tower,0,2,16,0,18,0,0,42,2,44,0,2,58,2,62,42,0,42,104
08/11/2022,FYV,AR,ASW,ES,Federal Contract Tower,0,0,14,5,19,0,1,46,9,56,0,1,60,14,75,14,42,56,131
08/12/2022,FYV,AR,ASW,ES,Federal Contract Tower,0,0,12,0,12,0,0,38,0,38,0,0,50,0,50,8,0,8,58
08/14/2022,FYV,AR,ASW,ES,Federal Contract Tower,6,0,7,0,13,0,0,43,0,43,6,0,50,0,56,10,0,10,66
08/15/2022,FYV,AR,ASW,ES,Federal Contract Tower,0,3,10,2,15,0,0,25,0,25,0,3,35,2,40,10,2,12,52
08/16/2022,FYV,AR,ASW,ES,Federal Contract Tower,0,7,7,0,14,20,0,0,0,20,20,7,7,0,34,0,0,0,34
08/17/2022,FYV,AR,ASW,ES,Federal Contract Tower,0,1,10,0,11,0,0,0,2,2,0,1,10,2,13,0,0,0,13
08/18/2022,FYV,AR,ASW,ES,Federal Contract Tower,0,6,14,0,20,0,0,43,2,45,0,6,57,2,65,28,0,28,93
08/19/2022,FYV,AR,ASW,ES,Federal Contract Tower,0,5,15,0,20,0,0,32,0,32,0,5,47,0,52,28,0,28,80
08/20/2022,FYV,AR,ASW,ES,Federal Contract Tower,0,3,12,0,15,0,0,78,2,80,0,3,90,2,95,8,0,8,103
08/21/2022,FYV,AR,ASW,ES,Federal Contract Tower,0,3,13,0,16,0,0,28,0,28,0,3,41,0,44,0,0,0,44
08/22/2022,FYV,AR,ASW,ES,Federal Contract Tower,0,3,14,0,17,0,0,11,0,11,0,3,25,0,28,0,0,0,28
08/23/2022,FYV,AR,ASW,ES,Federal Contract Tower,0,3,18,0,21,0,0,34,0,34,0,3,52,0,55,26,0,26,81
08/24/2022,FYV,AR,ASW,ES,Federal Contract Tower,0,3,14,1,18,0,0,27,3,30,0,3,41,4,48,42,0,42,90
08/25/2022,FYV,AR,ASW,ES,Federal Contract Tower,0,6,15,0,21,0,0,32,0,32,0,6,47,0,53,42,0,42,95
08/26/2022,FYV,AR,ASW,ES,Federal Contract Tower,0,3,12,0,15,0,0,39,0,39,0,3,51,0,54,254,0,254,308
08/27/2022,FYV,AR,ASW,ES,Federal Contract Tower,0,2,9,0,11,0,0,49,2,51,0,2,58,2,62,280,0,280,342
08/28/2022,FYV,AR,ASW,ES,Federal Contract Tower,0,6,11,1,18,0,0,25,1,26,0,6,36,2,44,12,0,12,56
08/29/2022,FYV,AR,ASW,ES,Federal Contract Tower,0,4,13,0,17,0,0,16,0,16,0,4,29,0,33,0,0,0,33
08/30/2022,FYV,AR,ASW,ES,Federal Contract Tower,2,0,17,0,19,0,0,29,2,31,2,0,46,2,50,20,16,36,86
08/31/2022,FYV,AR,ASW,ES,Federal Contract Tower,0,5,16,0,21,0,0,58,0,58,0,5,74,0,79,70,2,72,151
09/01/2022,FYV,AR,ASW,ES,Federal Contract Tower,0,7,22,2,31,0,0,32,0,32,0,7,54,2,63,46,0,46,109
09/02/2022,FYV,AR,ASW,ES,Federal Contract Tower,0,0,38,0,38,0,0,1,0,1,0,0,39,0,39,0,0,0,39
09/03/2022,FYV,AR,ASW,ES,Federal Contract Tower,0,14,77,0,91,0,0,11,0,11,0,14,88,0,102,0,0,0,102
09/04/2022,FYV,AR,ASW,ES,Federal Contract Tower,0,5,27,0,32,0,0,22,0,22,0,5,49,0,54,26,0,26,80
09/05/2022,FYV,AR,ASW,ES,Federal Contract Tower,0,2,17,0,19,0,0,27,0,27,0,2,44,0,46,32,0,32,78
09/06/2022,FYV,AR,ASW,ES,Federal Contract Tower,0,3,11,0,14,0,0,17,0,17,0,3,28,0,31,16,0,16,47
09/07/2022,FYV,AR,ASW,ES,Federal Contract Tower,0,6,13,1,20,0,0,19,1,20,0,6,32,2,40,16,10,26,66
09/08/2022,FYV,AR,ASW,ES,Federal Contract Tower,0,6,19,0,25,0,0,48,0,48,0,6,67,0,73,38,0,38,111
09/09/2022,FYV,AR,ASW,ES,Federal Contract Tower,0,2,43,2,47,0,0,45,0,45,0,2,88,2,92,48,12,60,152
09/10/2022,FYV,AR,ASW,ES,Federal Contract Tower,0,14,67,0,81,0,0,41,0,41,0,14,108,0,122,0,0,0,122
09/11/2022,FYV,AR,ASW,ES,Federal Contract Tower,0,10,47,1,58,0,0,10,2,12,0,10,57,3,70,4,0,4,74
09/12/2022,FYV,AR,ASW,ES,Federal Contract Tower,0,6,13,0,19,0,0,37,0,37,0,6,50,0,56,14,0,14,70
09/14/2022,FYV,AR,ASW,ES,Federal Contract Tower,0,5,19,8,32,0,0,36,1,37,0,5,55,9,69,34,0,34,103
09/15/2022,FYV,AR,ASW,ES,Federal Contract Tower,0,3,16,0,19,0,0,33,1,34,0,3,49,1,53,36,0,36,89
09/16/2022,FYV,AR,ASW,ES,Federal Contract Tower,0,8,29,0,37,0,0,51,0,51,0,8,80,0,88,30,0,30,118
09/17/2022,FYV,AR,ASW,ES,Federal Contract Tower,0,4,28,0,32,0,0,28,0,28,0,4,56,0,60,24,0,24,84
09/18/2022,FYV,AR,ASW,ES,Federal Contract Tower,0,7,37,0,44,0,0,40,0,40,0,7,77,0,84,6,0,6,90
09/19/2022,FYV,AR,ASW,ES,Federal Contract Tower,0,5,12,0,17,0,0,30,0,30,0,5,42,0,47,6,0,6,53
09/20/2022,FYV,AR,ASW,ES,Federal Contract Tower,0,8,5,0,13,0,1,30,0,31,0,9,35,0,44,20,0,20,64
09/21/2022,FYV,AR,ASW,ES,Federal Contract Tower,0,4,12,4,20,0,1,24,0,25,0,5,36,4,45,6,0,6,51
09/22/2022,FYV,AR,ASW,ES,Federal Contract Tower,0,4,14,6,24,0,0,21,0,21,0,4,35,6,45,32,8,40,85
09/23/2022,FYV,AR,ASW,ES,Federal Contract Tower,0,8,38,0,46,0,0,42,0,42,0,8,80,0,88,10,0,10,98
09/24/2022,FYV,AR,ASW,ES,Federal Contract Tower,0,2,19,0,21,0,1,36,0,37,0,3,55,0,58,0,0,0,58
09/25/2022,FYV,AR,ASW,ES,Federal Contract Tower,0,5,29,0,34,0,0,29,0,29,0,5,58,0,63,0,0,0,63
09/26/2022,FYV,AR,ASW,ES,Federal Contract Tower,0,7,17,0,24,0,0,51,0,51,0,7,68,0,75,10,0,10,85
09/27/2022,FYV,AR,ASW,ES,Federal Contract Tower,4,4,11,0,19,0,0,25,4,29,4,4,36,4,48,28,22,50,98
09/28/2022,FYV,AR,ASW,ES,Federal Contract Tower,0,2,19,0,21,0,0,37,0,37,0,2,56,0,58,22,0,22,80
09/29/2022,FYV,AR,ASW,ES,Federal Contract Tower,0,14,20,21,55,0,0,38,1,39,0,14,58,22,94,80,10,90,184
09/30/2022,FYV,AR,ASW,ES,Federal Contract Tower,0,12,61,0,73,0,0,67,4,71,0,12,128,4,144,24,0,24,168
10/01/2022,FYV,AR,ASW,ES,Federal Contract Tower,0,11,89,0,100,0,0,59,8,67,0,11,148,8,167,4,0,4,171
10/02/2022,FYV,AR,ASW,ES,Federal Contract Tower,0,15,68,0,83,0,0,64,4,68,0,15,132,4,151,6,0,6,157
10/03/2022,FYV,AR,ASW,ES,Federal Contract Tower,0,2,8,0,10,0,0,26,0,26,0,2,34,0,36,26,0,26,62
10/04/2022,FYV,AR,ASW,ES,Federal Contract Tower,0,3,22,0,25,0,0,30,0,30,0,3,52,0,55,40,0,40,95
10/05/2022,FYV,AR,ASW,ES,Federal Contract Tower,0,9,30,0,39,0,0,37,0,37,0,9,67,0,76,62,0,62,138
10/06/2022,FYV,AR,ASW,ES,Federal Contract Tower,0,10,23,7,40,0,0,29,0,29,0,10,52,7,69,4,0,4,73
10/07/2022,FYV,AR,ASW,ES,Federal Contract Tower,0,6,15,4,25,0,0,28,0,28,0,6,43,4,53,30,0,30,83
10/08/2022,FYV,AR,ASW,ES,Federal Contract Tower,0,5,21,0,26,0,0,77,0,77,0,5,98,0,103,10,0,10,113
10/09/2022,FYV,AR,ASW,ES,Federal Contract Tower,0,9,34,0,43,0,1,54,0,55,0,10,88,0,98,6,0,6,104
10/10/2022,FYV,AR,ASW,ES,Federal Contract Tower,0,2,18,0,20,0,0,20,0,20,0,2,38,0,40,18,0,18,58
10/11/2022,FYV,AR,ASW,ES,Federal Contract Tower,0,0,1,2,3,0,0,8,2,10,0,0,9,4,13,0,0,0,13
10/12/2022,FYV,AR,ASW,ES,Federal Contract Tower,0,4,11,0,15,0,2,18,2,22,0,6,29,2,37,2,4,6,43
10/13/2022,FYV,AR,ASW,ES,Federal Contract Tower,0,3,24,0,27,0,2,25,0,27,0,5,49,0,54,26,0,26,80
10/14/2022,FYV,AR,ASW,ES,Federal Contract Tower,0,8,23,0,31,0,1,25,0,26,0,9,48,0,57,48,0,48,105
10/15/2022,FYV,AR,ASW,ES,Federal Contract Tower,0,5,14,0,19,0,1,51,0,52,0,6,65,0,71,30,0,30,101
10/16/2022,FYV,AR,ASW,ES,Federal Contract Tower,0,3,18,0,21,0,0,23,2,25,0,3,41,2,46,24,0,24,70
10/17/2022,FYV,AR,ASW,ES,Federal Contract Tower,0,2,16,0,18,0,0,21,0,21,0,2,37,0,39,0,0,0,39
10/18/2022,FYV,AR,ASW,ES,Federal Contract Tower,0,2,26,0,28,0,0,27,0,27,0,2,53,0,55,20,0,20,75
10/19/2022,FYV,AR,ASW,ES,Federal Contract Tower,0,6,16,0,22,0,0,32,2,34,0,6,48,2,56,0,0,0,56
10/20/2022,FYV,AR,ASW,ES,Federal Contract Tower,0,7,20,0,27,0,0,31,0,31,0,7,51,0,58,76,0,76,134
10/21/2022,FYV,AR,ASW,ES,Federal Contract Tower,0,7,18,0,25,0,1,46,0,47,0,8,64,0,72,10,4,14,86
10/22/2022,FYV,AR,ASW,ES,Federal Contract Tower,0,2,8,2,12,0,0,16,0,16,0,2,24,2,28,0,0,0,28
10/23/2022,FYV,AR,ASW,ES,Federal Contract Tower,0,8,16,0,24,0,0,11,0,11,0,8,27,0,35,0,0,0,35
10/24/2022,FYV,AR,ASW,ES,Federal Contract Tower,0,5,18,0,23,0,0,0,0,0,0,5,18,0,23,0,0,0,23
10/25/2022,FYV,AR,ASW,ES,Federal Contract Tower,0,2,20,4,26,0,0,5,0,5,0,2,25,4,31,0,0,0,31
10/26/2022,FYV,AR,ASW,ES,Federal Contract Tower,0,4,13,4,21,0,1,52,2,55,0,5,65,6,76,46,0,46,122
10/27/2022,FYV,AR,ASW,ES,Federal Contract Tower,0,7,11,0,18,0,0,30,0,30,0,7,41,0,48,26,0,26,74
10/28/2022,FYV,AR,ASW,ES,Federal Contract Tower,0,8,19,0,27,0,0,28,0,28,0,8,47,0,55,30,0,30,85
10/29/2022,FYV,AR,ASW,ES,Federal Contract Tower,0,2,15,0,17,0,0,1,0,1,0,2,16,0,18,12,0,12,30
10/30/2022,FYV,AR,ASW,ES,Federal Contract Tower,0,5,23,0,28,0,0,1,0,1,0,5,24,0,29,0,0,0,29
10/31/2022,FYV,AR,ASW,ES,Federal Contract Tower,0,2,19,0,21,0,0,22,0,22,0,2,41,0,43,22,0,22,65
11/01/2022,FYV,AR,ASW,ES,Federal Contract Tower,0,1,11,0,12,0,0,35,0,35,0,1,46,0,47,40,0,40,87
11/02/2022,FYV,AR,ASW,ES,Federal Contract Tower,0,11,10,0,21,0,0,24,3,27,0,11,34,3,48,24,0,24,72
11/03/2022,FYV,AR,ASW,ES,Federal Contract Tower,0,9,31,2,42,0,0,29,0,29,0,9,60,2,71,6,0,6,77
11/04/2022,FYV,AR,ASW,ES,Federal Contract Tower,0,5,19,0,24,0,0,1,0,1,0,5,20,0,25,0,0,0,25
11/05/2022,FYV,AR,ASW,ES,Federal Contract Tower,0,8,36,0,44,0,0,18,0,18,0,8,54,0,62,20,0,20,82
11/06/2022,FYV,AR,ASW,ES,Federal Contract Tower,0,6,34,0,40,0,1,26,0,27,0,7,60,0,67,2,0,2,69
11/07/2022,FYV,AR,ASW,ES,Federal Contract Tower,0,2,12,0,14,0,1,19,0,20,0,3,31,0,34,20,0,20,54
11/08/2022,FYV,AR,ASW,ES,Federal Contract Tower,0,2,15,0,17,0,0,19,4,23,0,2,34,4,40,32,0,32,72
11/09/2022,FYV,AR,ASW,ES,Federal Contract Tower,0,3,15,0,18,0,0,26,4,30,0,3,41,4,48,18,0,18,66
11/10/2022,FYV,AR,ASW,ES,Federal Contract Tower,0,0,36,0,36,0,0,34,6,40,0,0,70,6,76,18,4,22,98
11/11/2022,FYV,AR,ASW,ES,Federal Contract Tower,0,10,61,1,72,0,0,14,0,14,0,10,75,1,86,0,14,14,100
11/12/2022,FYV,AR,ASW,ES,Federal Contract Tower,0,12,51,0,63,0,0,46,0,46,0,12,97,0,109,14,0,14,123
11/13/2022,FYV,AR,ASW,ES,Federal Contract Tower,0,11,53,1,65,0,0,41,0,41,0,11,94,1,106,87,0,87,193
11/14/2022,FYV,AR,ASW,ES,Federal Contract Tower,0,1,11,0,12,0,0,20,0,20,0,1,31,0,32,40,0,40,72
11/15/2022,FYV,AR,ASW,ES,Federal Contract Tower,0,8,20,0,28,0,0,2,0,2,0,8,22,0,30,0,0,0,30
11/16/2022,FYV,AR,ASW,ES,Federal Contract Tower,0,7,22,4,33,0,0,28,4,32,0,7,50,8,65,30,6,36,101
11/17/2022,FYV,AR,ASW,ES,Federal Contract Tower,0,6,16,0,22,0,0,28,0,28,0,6,44,0,50,4,0,4,54
11/18/2022,FYV,AR,ASW,ES,Federal Contract Tower,0,4,39,0,43,0,0,24,0,24,0,4,63,0,67,52,0,52,119
11/19/2022,FYV,AR,ASW,ES,Federal Contract Tower,0,14,33,0,47,0,0,23,0,23,0,14,56,0,70,36,0,36,106
11/20/2022,FYV,AR,ASW,ES,Federal Contract Tower,2,8,42,0,52,0,0,48,0,48,2,8,90,0,100,34,0,34,134
11/21/2022,FYV,AR,ASW,ES,Federal Contract Tower,0,3,17,0,20,0,0,12,0,12,0,3,29,0,32,14,0,14,46
11/22/2022,FYV,AR,ASW,ES,Federal Contract Tower,0,6,17,1,24,0,0,46,1,47,0,6,63,2,71,38,0,38,109
11/23/2022,FYV,AR,ASW,ES,Federal Contract Tower,0,2,16,0,18,0,0,24,0,24,0,2,40,0,42,30,0,30,72
11/24/2022,FYV,AR,ASW,ES,Federal Contract Tower,0,0,5,0,5,0,0,0,0,0,0,0,5,0,5,0,0,0,5
11/25/2022,FYV,AR,ASW,ES,Federal Contract Tower,0,2,30,0,32,0,0,5,0,5,0,2,35,0,37,10,0,10,47
11/26/2022,FYV,AR,ASW,ES,Federal Contract Tower,0,6,3,0,9,0,0,0,0,0,0,6,3,0,9,0,0,0,9
11/27/2022,FYV,AR,ASW,ES,Federal Contract Tower,0,3,18,0,21,0,1,11,0,12,0,4,29,0,33,6,0,6,39
11/28/2022,FYV,AR,ASW,ES,Federal Contract Tower,0,3,18,0,21,0,0,34,0,34,0,3,52,0,55,8,0,8,63
11/29/2022,FYV,AR,ASW,ES,Federal Contract Tower,0,3,8,6,17,0,0,5,0,5,0,3,13,6,22,0,0,0,22
11/30/2022,FYV,AR,ASW,ES,Federal Contract Tower,0,7,11,4,22,0,0,40,0,40,0,7,51,4,62,34,8,42,104
12/01/2022,FYV,AR,ASW,ES,Federal Contract Tower,0,0,19,0,19,0,0,21,0,21,0,0,40,0,40,28,0,28,68
12/02/2022,FYV,AR,ASW,ES,Federal Contract Tower,0,1,14,0,15,0,0,0,0,0,0,1,14,0,15,0,0,0,15
12/03/2022,FYV,AR,ASW,ES,Federal Contract Tower,0,4,16,0,20,0,0,55,0,55,0,4,71,0,75,88,0,88,163
12/04/2022,FYV,AR,ASW,ES,Federal Contract Tower,0,2,7,0,9,0,0,2,0,2,0,2,9,0,11,16,0,16,27
12/05/2022,FYV,AR,ASW,ES,Federal Contract Tower,0,0,13,0,13,0,0,0,0,0,0,0,13,0,13,0,0,0,13
12/06/2022,FYV,AR,ASW,ES,Federal Contract Tower,0,2,14,0,16,0,0,3,0,3,0,2,17,0,19,0,0,0,19
12/07/2022,FYV,AR,ASW,ES,Federal Contract Tower,0,5,10,0,15,0,0,0,0,0,0,5,10,0,15,0,0,0,15
12/08/2022,FYV,AR,ASW,ES,Federal Contract Tower,0,3,17,0,20,0,0,1,0,1,0,3,18,0,21,18,0,18,39
12/09/2022,FYV,AR,ASW,ES,Federal Contract Tower,0,0,18,1,19,0,0,49,1,50,0,0,67,2,69,64,0,64,133
12/10/2022,FYV,AR,ASW,ES,Federal Contract Tower,0,2,2,0,4,0,0,0,0,0,0,2,2,0,4,0,0,0,4
12/11/2022,FYV,AR,ASW,ES,Federal Contract Tower,0,3,6,0,9,0,0,2,0,2,0,3,8,0,11,6,0,6,17
12/12/2022,FYV,AR,ASW,ES,Federal Contract Tower,0,5,9,0,14,0,0,2,0,2,0,5,11,0,16,2,0,2,18
12/13/2022,FYV,AR,ASW,ES,Federal Contract Tower,0,2,9,0,11,0,0,4,0,4,0,2,13,0,15,6,0,6,21
12/14/2022,FYV,AR,ASW,ES,Federal Contract Tower,0,2,19,5,26,0,0,23,2,25,0,2,42,7,51,48,8,56,107
12/15/2022,FYV,AR,ASW,ES,Federal Contract Tower,0,4,22,1,27,0,0,22,8,30,0,4,44,9,57,0,0,0,57
12/16/2022,FYV,AR,ASW,ES,Federal Contract Tower,0,3,18,0,21,0,1,15,0,16,0,4,33,0,37,0,0,0,37
12/17/2022,FYV,AR,ASW,ES,Federal Contract Tower,0,2,13,0,15,0,0,33,0,33,0,2,46,0,48,22,0,22,70
12/18/2022,FYV,AR,ASW,ES,Federal Contract Tower,0,2,6,0,8,0,0,53,0,53,0,2,59,0,61,46,0,46,107
12/19/2022,FYV,AR,ASW,ES,Federal Contract Tower,0,6,7,0,13,0,0,13,0,13,0,6,20,0,26,38,0,38,64
12/20/2022,FYV,AR,ASW,ES,Federal Contract Tower,0,1,21,1,23,0,0,38,7,45,0,1,59,8,68,58,0,58,126
12/21/2022,FYV,AR,ASW,ES,Federal Contract Tower,0,10,18,0,28,0,0,23,0,23,0,10,41,0,51,42,0,42,93
12/22/2022,FYV,AR,ASW,ES,Federal Contract Tower,0,0,2,0,2,0,0,0,0,0,0,0,2,0,2,0,0,0,2
12/23/2022,FYV,AR,ASW,ES,Federal Contract Tower,0,3,5,0,8,0,0,14,0,14,0,3,19,0,22,0,0,0,22
12/24/2022,FYV,AR,ASW,ES,Federal Contract Tower,0,0,2,0,2,0,0,3,0,3,0,0,5,0,5,8,0,8,13
12/25/2022,FYV,AR,ASW,ES,Federal Contract Tower,0,0,0,0,0,0,0,5,0,5,0,0,5,0,5,4,0,4,9
12/26/2022,FYV,AR,ASW,ES,Federal Contract Tower,0,1,11,0,12,0,0,6,0,6,0,1,17,0,18,0,0,0,18
12/27/2022,FYV,AR,ASW,ES,Federal Contract Tower,2,0,7,1,10,0,0,6,0,6,2,0,13,1,16,2,12,14,30
12/28/2022,FYV,AR,ASW,ES,Federal Contract Tower,0,6,4,0,10,0,0,4,0,4,0,6,8,0,14,8,0,8,22
12/29/2022,FYV,AR,ASW,ES,Federal Contract Tower,0,5,9,0,14,0,0,7,0,7,0,5,16,0,21,0,0,0,21
12/30/2022,FYV,AR,ASW,ES,Federal Contract Tower,0,3,13,0,16,0,0,32,0,32,0,3,45,0,48,56,0,56,104
12/31/2022,FYV,AR,ASW,ES,Federal Contract Tower,0,7,2,0,9,0,0,34,0,34,0,7,36,0,43,22,0,22,65
01/01/2023,FYV,AR,ASW,ES,Federal Contract Tower,2,0,10,0,12,0,0,16,0,16,2,0,26,0,28,20,0,20,48
01/02/2023,FYV,AR,ASW,ES,Federal Contract Tower,0,3,8,0,11,0,0,3,0,3,0,3,11,0,14,20,0,20,34
01/03/2023,FYV,AR,ASW,ES,Federal Contract Tower,0,4,8,0,12,0,0,14,0,14,0,4,22,0,26,32,0,32,58
01/04/2023,FYV,AR,ASW,ES,Federal Contract Tower,0,7,20,0,27,0,0,23,10,33,0,7,43,10,60,22,4,26,86
01/05/2023,FYV,AR,ASW,ES,Federal Contract Tower,0,2,11,0,13,0,1,24,0,25,0,3,35,0,38,14,0,14,52
01/06/2023,FYV,AR,ASW,ES,Federal Contract Tower,0,6,11,0,17,0,0,28,0,28,0,6,39,0,45,40,0,40,85
01/07/2023,FYV,AR,ASW,ES,Federal Contract Tower,0,2,13,0,15,0,0,7,0,7,0,2,20,0,22,16,0,16,38
01/08/2023,FYV,AR,ASW,ES,Federal Contract Tower,1,2,13,0,16,0,0,60,0,60,1,2,73,0,76,34,0,34,110
01/09/2023,FYV,AR,ASW,ES,Federal Contract Tower,0,3,8,0,11,0,0,18,0,18,0,3,26,0,29,36,0,36,65
01/10/2023,FYV,AR,ASW,ES,Federal Contract Tower,0,5,14,0,19,0,0,40,0,40,0,5,54,0,59,20,0,20,79
01/11/2023,FYV,AR,ASW,ES,Federal Contract Tower,0,11,53,0,64,0,0,31,0,31,0,11,84,0,95,32,28,60,155
01/12/2023,FYV,AR,ASW,ES,Federal Contract Tower,0,6,7,0,13,0,0,0,0,0,0,6,7,0,13,0,0,0,13
01/13/2023,FYV,AR,ASW,ES,Federal Contract Tower,0,5,20,0,25,0,0,23,8,31,0,5,43,8,56,22,0,22,78
01/14/2023,FYV,AR,ASW,ES,Federal Contract Tower,0,7,17,2,26,0,0,42,0,42,0,7,59,2,68,40,0,40,108
01/15/2023,FYV,AR,ASW,ES,Federal Contract Tower,0,2,5,0,7,0,0,8,0,8,0,2,13,0,15,18,0,18,33
01/16/2023,FYV,AR,ASW,ES,Federal Contract Tower,0,3,11,0,14,0,0,7,0,7,0,3,18,0,21,4,0,4,25
01/17/2023,FYV,AR,ASW,ES,Federal Contract Tower,0,6,19,7,32,0,0,44,0,44,0,6,63,7,76,32,0,32,108
01/18/2023,FYV,AR,ASW,ES,Federal Contract Tower,0,3,12,0,15,0,0,5,0,5,0,3,17,0,20,0,0,0,20
01/19/2023,FYV,AR,ASW,ES,Federal Contract Tower,0,3,15,0,18,0,0,10,1,11,0,3,25,1,29,6,0,6,35
01/20/2023,FYV,AR,ASW,ES,Federal Contract Tower,0,8,18,4,30,0,2,45,1,48,0,10,63,5,78,94,0,94,172
01/21/2023,FYV,AR,ASW,ES,Federal Contract Tower,0,3,21,0,24,0,0,24,0,24,0,3,45,0,48,24,0,24,72
01/22/2023,FYV,AR,ASW,ES,Federal Contract Tower,0,2,18,0,20,0,0,0,0,0,0,2,18,0,20,2,0,2,22
01/23/2023,FYV,AR,ASW,ES,Federal Contract Tower,0,4,15,0,19,0,0,42,0,42,0,4,57,0,61,64,0,64,125
01/24/2023,FYV,AR,ASW,ES,Federal Contract Tower,0,4,2,0,6,0,0,3,0,3,0,4,5,0,9,0,0,0,9
01/25/2023,FYV,AR,ASW,ES,Federal Contract Tower,0,0,0,0,0,0,0,0,0,0,0,0,0,0,0,0,0,0,0
01/26/2023,FYV,AR,ASW,ES,Federal Contract Tower,0,4,8,0,12,0,0,18,4,22,0,4,26,4,34,32,0,32,66
01/27/2023,FYV,AR,ASW,ES,Federal Contract Tower,0,10,11,0,21,0,0,21,0,21,0,10,32,0,42,4,0,4,46
01/28/2023,FYV,AR,ASW,ES,Federal Contract Tower,0,7,4,0,11,0,0,1,0,1,0,7,5,0,12,0,0,0,12
01/29/2023,FYV,AR,ASW,ES,Federal Contract Tower,0,5,3,0,8,0,0,0,0,0,0,5,3,0,8,0,0,0,8
01/30/2023,FYV,AR,ASW,ES,Federal Contract Tower,0,0,0,0,0,0,0,0,0,0,0,0,0,0,0,0,0,0,0
01/31/2023,FYV,AR,ASW,ES,Federal Contract Tower,0,0,0,0,0,0,0,0,0,0,0,0,0,0,0,0,0,0,0
02/01/2023,FYV,AR,ASW,ES,Federal Contract Tower,0,0,0,0,0,0,0,1,0,1,0,0,1,0,1,0,0,0,1
02/02/2023,FYV,AR,ASW,ES,Federal Contract Tower,0,0,1,0,1,0,0,1,0,1,0,0,2,0,2,0,0,0,2
02/03/2023,FYV,AR,ASW,ES,Federal Contract Tower,0,2,6,0,8,0,0,24,0,24,0,2,30,0,32,60,0,60,92
02/04/2023,FYV,AR,ASW,ES,Federal Contract Tower,0,2,9,0,11,0,0,24,0,24,0,2,33,0,35,8,0,8,43
02/05/2023,FYV,AR,ASW,ES,Federal Contract Tower,0,3,9,0,12,0,0,81,0,81,0,3,90,0,93,40,0,40,133
02/06/2023,FYV,AR,ASW,ES,Federal Contract Tower,1,7,11,0,19,0,0,12,0,12,1,7,23,0,31,0,0,0,31
02/07/2023,FYV,AR,ASW,ES,Federal Contract Tower,0,7,12,0,19,0,0,2,0,2,0,7,14,0,21,2,0,2,23
02/08/2023,FYV,AR,ASW,ES,Federal Contract Tower,0,2,2,0,4,0,0,0,0,0,0,2,2,0,4,0,0,0,4
02/09/2023,FYV,AR,ASW,ES,Federal Contract Tower,0,4,25,0,29,0,0,40,12,52,0,4,65,12,81,38,48,86,167
02/10/2023,FYV,AR,ASW,ES,Federal Contract Tower,0,8,9,0,17,0,0,3,0,3,0,8,12,0,20,0,0,0,20
02/11/2023,FYV,AR,ASW,ES,Federal Contract Tower,0,8,29,0,37,0,0,77,0,77,0,8,106,0,114,60,0,60,174
02/12/2023,FYV,AR,ASW,ES,Federal Contract Tower,2,5,7,0,14,0,0,0,0,0,2,5,7,0,14,24,0,24,38
02/13/2023,FYV,AR,ASW,ES,Federal Contract Tower,0,4,16,0,20,0,0,52,0,52,0,4,68,0,72,58,0,58,130
02/14/2023,FYV,AR,ASW,ES,Federal Contract Tower,2,4,3,0,9,0,0,2,2,4,2,4,5,2,13,0,4,4,17
02/15/2023,FYV,AR,ASW,ES,Federal Contract Tower,0,5,13,0,18,0,0,18,0,18,0,5,31,0,36,26,0,26,62
02/16/2023,FYV,AR,ASW,ES,Federal Contract Tower,0,2,21,0,23,0,0,3,0,3,0,2,24,0,26,0,0,0,26
02/17/2023,FYV,AR,ASW,ES,Federal Contract Tower,0,1,22,0,23,0,0,46,0,46,0,1,68,0,69,32,0,32,101
02/18/2023,FYV,AR,ASW,ES,Federal Contract Tower,0,2,16,0,18,0,0,33,0,33,0,2,49,0,51,22,0,22,73
02/19/2023,FYV,AR,ASW,ES,Federal Contract Tower,2,2,13,0,17,0,0,12,0,12,2,2,25,0,29,0,0,0,29
02/20/2023,FYV,AR,ASW,ES,Federal Contract Tower,0,2,15,0,17,0,0,24,0,24,0,2,39,0,41,2,0,2,43
02/21/2023,FYV,AR,ASW,ES,Federal Contract Tower,0,9,24,2,35,0,0,28,1,29,0,9,52,3,64,24,4,28,92
02/22/2023,FYV,AR,ASW,ES,Federal Contract Tower,0,6,9,0,15,0,0,3,1,4,0,6,12,1,19,2,0,2,21
02/23/2023,FYV,AR,ASW,ES,Federal Contract Tower,0,3,12,0,15,0,0,27,0,27,0,3,39,0,42,12,0,12,54
02/24/2023,FYV,AR,ASW,ES,Federal Contract Tower,0,4,19,0,23,0,0,16,0,16,0,4,35,0,39,18,0,18,57
02/25/2023,FYV,AR,ASW,ES,Federal Contract Tower,0,6,7,0,13,0,0,13,0,13,0,6,20,0,26,32,0,32,58
02/26/2023,FYV,AR,ASW,ES,Federal Contract Tower,1,2,6,0,9,0,0,0,0,0,1,2,6,0,9,0,0,0,9
02/27/2023,FYV,AR,ASW,ES,Federal Contract Tower,2,7,12,0,21,0,0,15,0,15,2,7,27,0,36,0,0,0,36
02/28/2023,FYV,AR,ASW,ES,Federal Contract Tower,0,0,19,6,25,0,0,32,0,32,0,0,51,6,57,0,0,0,57
03/01/2023,FYV,AR,ASW,ES,Federal Contract Tower,0,6,18,0,24,0,0,38,0,38,0,6,56,0,62,36,0,36,98
03/02/2023,FYV,AR,ASW,ES,Federal Contract Tower,0,4,11,0,15,0,0,2,0,2,0,4,13,0,17,0,0,0,17
03/03/2023,FYV,AR,ASW,ES,Federal Contract Tower,3,4,15,0,22,0,0,0,0,0,3,4,15,0,22,0,0,0,22
03/04/2023,FYV,AR,ASW,ES,Federal Contract Tower,1,8,46,0,55,0,0,54,0,54,1,8,100,0,109,26,0,26,135
03/05/2023,FYV,AR,ASW,ES,Federal Contract Tower,0,6,26,0,32,0,0,19,0,19,0,6,45,0,51,6,0,6,57
03/06/2023,FYV,AR,ASW,ES,Federal Contract Tower,0,2,10,0,12,0,0,24,0,24,0,2,34,0,36,20,0,20,56
03/07/2023,FYV,AR,ASW,ES,Federal Contract Tower,2,1,16,2,21,0,0,29,0,29,2,1,45,2,50,6,0,6,56
03/08/2023,FYV,AR,ASW,ES,Federal Contract Tower,0,1,24,0,25,0,0,4,0,4,0,1,28,0,29,0,0,0,29
03/09/2023,FYV,AR,ASW,ES,Federal Contract Tower,0,1,5,0,6,0,0,0,0,0,0,1,5,0,6,0,0,0,6
03/10/2023,FYV,AR,ASW,ES,Federal Contract Tower,0,6,20,0,26,0,0,34,0,34,0,6,54,0,60,60,0,60,120
03/11/2023,FYV,AR,ASW,ES,Federal Contract Tower,1,2,13,0,16,0,0,2,0,2,1,2,15,0,18,0,0,0,18
03/12/2023,FYV,AR,ASW,ES,Federal Contract Tower,0,2,22,0,24,0,0,18,0,18,0,2,40,0,42,8,0,8,50
03/13/2023,FYV,AR,ASW,ES,Federal Contract Tower,0,4,16,0,20,0,0,31,0,31,0,4,47,0,51,64,0,64,115
03/14/2023,FYV,AR,ASW,ES,Federal Contract Tower,0,4,6,0,10,0,0,38,8,46,0,4,44,8,56,40,0,40,96
03/15/2023,FYV,AR,ASW,ES,Federal Contract Tower,0,6,15,1,22,0,0,43,6,49,0,6,58,7,71,30,10,40,111
03/17/2023,FYV,AR,ASW,ES,Federal Contract Tower,0,6,7,0,13,0,0,0,0,0,0,6,7,0,13,0,0,0,13
03/18/2023,FYV,AR,ASW,ES,Federal Contract Tower,0,2,18,0,20,0,0,25,0,25,0,2,43,0,45,12,0,12,57
03/19/2023,FYV,AR,ASW,ES,Federal Contract Tower,0,5,11,0,16,0,0,43,0,43,0,5,54,0,59,2,0,2,61
03/20/2023,FYV,AR,ASW,ES,Federal Contract Tower,0,1,9,2,12,0,0,15,0,15,0,1,24,2,27,2,0,2,29
03/22/2023,FYV,AR,ASW,ES,Federal Contract Tower,0,0,16,2,18,0,0,0,1,1,0,0,16,3,19,0,0,0,19
03/23/2023,FYV,AR,ASW,ES,Federal Contract Tower,2,9,4,0,15,0,0,0,0,0,2,9,4,0,15,0,0,0,15
03/25/2023,FYV,AR,ASW,ES,Federal Contract Tower,0,5,21,2,28,0,0,43,0,43,0,5,64,2,71,42,0,42,113
03/26/2023,FYV,AR,ASW,ES,Federal Contract Tower,0,5,18,0,23,0,0,56,0,56,0,5,74,0,79,8,0,8,87
03/27/2023,FYV,AR,ASW,ES,Federal Contract Tower,0,3,14,6,23,0,0,26,0,26,0,3,40,6,49,54,0,54,103
03/28/2023,FYV,AR,ASW,ES,Federal Contract Tower,0,1,13,0,14,0,0,4,0,4,0,1,17,0,18,14,0,14,32
03/29/2023,FYV,AR,ASW,ES,Federal Contract Tower,0,3,13,0,16,0,0,37,4,41,0,3,50,4,57,20,0,20,77
03/30/2023,FYV,AR,ASW,ES,Federal Contract Tower,2,4,26,0,32,0,0,9,0,9,2,4,35,0,41,10,0,10,51
03/31/2023,FYV,AR,ASW,ES,Federal Contract Tower,0,4,12,0,16,0,0,0,0,0,0,4,12,0,16,0,0,0,16
04/01/2023,FYV,AR,ASW,ES,Federal Contract Tower,1,0,23,0,24,0,0,48,0,48,1,0,71,0,72,26,0,26,98
04/02/2023,FYV,AR,ASW,ES,Federal Contract Tower,2,4,21,0,27,0,0,21,0,21,2,4,42,0,48,6,0,6,54
04/03/2023,FYV,AR,ASW,ES,Federal Contract Tower,0,3,17,0,20,0,0,9,0,9,0,3,26,0,29,0,0,0,29
04/05/2023,FYV,AR,ASW,ES,Federal Contract Tower,0,0,13,0,13,0,0,10,0,10,0,0,23,0,23,26,0,26,49
04/06/2023,FYV,AR,ASW,ES,Federal Contract Tower,0,4,17,0,21,0,0,27,2,29,0,4,44,2,50,16,2,18,68
04/07/2023,FYV,AR,ASW,ES,Federal Contract Tower,0,3,21,0,24,0,0,24,0,24,0,3,45,0,48,32,0,32,80
04/08/2023,FYV,AR,ASW,ES,Federal Contract Tower,0,0,7,0,7,0,0,62,0,62,0,0,69,0,69,44,0,44,113
04/09/2023,FYV,AR,ASW,ES,Federal Contract Tower,0,4,18,0,22,0,0,47,0,47,0,4,65,0,69,22,0,22,91
04/10/2023,FYV,AR,ASW,ES,Federal Contract Tower,0,1,15,2,18,0,0,33,0,33,0,1,48,2,51,86,4,90,141
04/11/2023,FYV,AR,ASW,ES,Federal Contract Tower,0,6,14,1,21,0,0,56,1,57,0,6,70,2,78,48,0,48,126
04/12/2023,FYV,AR,ASW,ES,Federal Contract Tower,0,6,11,0,17,0,0,33,7,40,0,6,44,7,57,80,0,80,137
04/13/2023,FYV,AR,ASW,ES,Federal Contract Tower,2,3,22,0,27,0,0,51,0,51,2,3,73,0,78,56,0,56,134
04/14/2023,FYV,AR,ASW,ES,Federal Contract Tower,0,6,23,0,29,0,0,34,0,34,0,6,57,0,63,14,0,14,77
04/15/2023,FYV,AR,ASW,ES,Federal Contract Tower,0,1,20,0,21,0,0,15,0,15,0,1,35,0,36,40,0,40,76
04/16/2023,FYV,AR,ASW,ES,Federal Contract Tower,2,4,20,0,26,0,0,12,0,12,2,4,32,0,38,0,0,0,38
04/18/2023,FYV,AR,ASW,ES,Federal Contract Tower,0,4,9,2,15,0,0,19,2,21,0,4,28,4,36,18,0,18,54
04/19/2023,FYV,AR,ASW,ES,Federal Contract Tower,1,4,18,0,23,0,1,0,2,3,1,5,18,2,26,0,0,0,26
04/20/2023,FYV,AR,ASW,ES,Federal Contract Tower,1,1,17,0,19,0,0,2,0,2,1,1,19,0,21,0,0,0,21
04/21/2023,FYV,AR,ASW,ES,Federal Contract Tower,0,5,24,0,29,0,1,33,0,34,0,6,57,0,63,52,0,52,115
04/22/2023,FYV,AR,ASW,ES,Federal Contract Tower,2,4,13,0,19,0,0,44,0,44,2,4,57,0,63,26,0,26,89
04/23/2023,FYV,AR,ASW,ES,Federal Contract Tower,0,5,33,0,38,0,0,57,0,57,0,5,90,0,95,20,0,20,115
04/24/2023,FYV,AR,ASW,ES,Federal Contract Tower,0,10,6,0,16,0,0,36,0,36,0,10,42,0,52,24,0,24,76
04/25/2023,FYV,AR,ASW,ES,Federal Contract Tower,0,2,5,0,7,0,0,4,0,4,0,2,9,0,11,6,0,6,17
04/26/2023,FYV,AR,ASW,ES,Federal Contract Tower,0,2,10,0,12,0,0,16,0,16,0,2,26,0,28,8,0,8,36
04/27/2023,FYV,AR,ASW,ES,Federal Contract Tower,2,8,24,0,34,0,0,1,0,1,2,8,25,0,35,8,0,8,43
04/28/2023,FYV,AR,ASW,ES,Federal Contract Tower,0,2,24,0,26,0,0,5,0,5,0,2,29,0,31,12,0,12,43
04/29/2023,FYV,AR,ASW,ES,Federal Contract Tower,2,2,10,8,22,0,0,45,0,45,2,2,55,8,67,34,4,38,105
04/30/2023,FYV,AR,ASW,ES,Federal Contract Tower,0,3,15,1,19,0,0,41,2,43,0,3,56,3,62,20,0,20,82
05/01/2023,FYV,AR,ASW,ES,Federal Contract Tower,0,3,6,0,9,0,0,28,0,28,0,3,34,0,37,8,0,8,45
05/03/2023,FYV,AR,ASW,ES,Federal Contract Tower,1,3,15,0,19,0,0,64,0,64,1,3,79,0,83,56,0,56,139
05/04/2023,FYV,AR,ASW,ES,Federal Contract Tower,3,6,5,0,14,0,0,7,0,7,3,6,12,0,21,0,0,0,21
05/05/2023,FYV,AR,ASW,ES,Federal Contract Tower,0,3,14,0,17,0,0,13,0,13,0,3,27,0,30,36,0,36,66
05/06/2023,FYV,AR,ASW,ES,Federal Contract Tower,0,1,17,0,18,0,0,24,0,24,0,1,41,0,42,4,0,4,46
05/07/2023,FYV,AR,ASW,ES,Federal Contract Tower,1,3,16,0,20,0,0,27,0,27,1,3,43,0,47,6,0,6,53
05/08/2023,FYV,AR,ASW,ES,Federal Contract Tower,0,5,15,0,20,0,0,28,0,28,0,5,43,0,48,16,0,16,64
05/09/2023,FYV,AR,ASW,ES,Federal Contract Tower,3,2,22,0,27,0,0,19,0,19,3,2,41,0,46,36,0,36,82
05/10/2023,FYV,AR,ASW,ES,Federal Contract Tower,0,2,11,0,13,0,0,13,0,13,0,2,24,0,26,34,0,34,60
05/11/2023,FYV,AR,ASW,ES,Federal Contract Tower,0,4,19,0,23,0,0,7,0,7,0,4,26,0,30,20,0,20,50
05/13/2023,FYV,AR,ASW,ES,Federal Contract Tower,0,4,29,0,33,0,0,39,0,39,0,4,68,0,72,20,0,20,92
05/14/2023,FYV,AR,ASW,ES,Federal Contract Tower,0,4,6,0,10,0,0,35,0,35,0,4,41,0,45,28,0,28,73
05/15/2023,FYV,AR,ASW,ES,Federal Contract Tower,0,0,18,0,18,0,0,6,0,6,0,0,24,0,24,6,0,6,30
05/16/2023,FYV,AR,ASW,ES,Federal Contract Tower,0,3,18,0,21,0,0,0,0,0,0,3,18,0,21,0,0,0,21
05/17/2023,FYV,AR,ASW,ES,Federal Contract Tower,2,2,29,0,33,0,0,13,2,15,2,2,42,2,48,12,0,12,60
05/18/2023,FYV,AR,ASW,ES,Federal Contract Tower,0,6,23,0,29,0,0,54,0,54,0,6,77,0,83,80,0,80,163
05/19/2023,FYV,AR,ASW,ES,Federal Contract Tower,0,4,7,0,11,0,0,4,0,4,0,4,11,0,15,0,0,0,15
05/20/2023,FYV,AR,ASW,ES,Federal Contract Tower,0,5,20,0,25,0,0,61,0,61,0,5,81,0,86,50,0,50,136
05/21/2023,FYV,AR,ASW,ES,Federal Contract Tower,0,2,8,0,10,0,0,62,0,62,0,2,70,0,72,132,0,132,204
05/22/2023,FYV,AR,ASW,ES,Federal Contract Tower,2,3,14,0,19,0,1,35,0,36,2,4,49,0,55,22,0,22,77
05/23/2023,FYV,AR,ASW,ES,Federal Contract Tower,0,2,16,0,18,0,0,53,0,53,0,2,69,0,71,54,0,54,125
05/24/2023,FYV,AR,ASW,ES,Federal Contract Tower,0,9,7,1,17,0,0,27,1,28,0,9,34,2,45,54,8,62,107
05/25/2023,FYV,AR,ASW,ES,Federal Contract Tower,1,5,21,0,27,0,0,21,0,21,1,5,42,0,48,20,0,20,68
05/26/2023,FYV,AR,ASW,ES,Federal Contract Tower,0,2,24,0,26,0,0,29,0,29,0,2,53,0,55,42,0,42,97
05/27/2023,FYV,AR,ASW,ES,Federal Contract Tower,2,2,6,0,10,0,0,49,0,49,2,2,55,0,59,6,0,6,65
05/28/2023,FYV,AR,ASW,ES,Federal Contract Tower,2,3,7,0,12,0,0,47,0,47,2,3,54,0,59,8,0,8,67
05/29/2023,FYV,AR,ASW,ES,Federal Contract Tower,0,2,6,0,8,0,0,27,0,27,0,2,33,0,35,6,0,6,41
05/30/2023,FYV,AR,ASW,ES,Federal Contract Tower,0,5,11,0,16,0,0,30,0,30,0,5,41,0,46,14,0,14,60
05/31/2023,FYV,AR,ASW,ES,Federal Contract Tower,0,4,13,0,17,0,0,39,0,39,0,4,52,0,56,100,0,100,156
06/01/2023,FYV,AR,ASW,ES,Federal Contract Tower,0,7,18,2,27,0,0,52,0,52,0,7,70,2,79,68,0,68,147
06/02/2023,FYV,AR,ASW,ES,Federal Contract Tower,0,9,37,4,50,0,0,21,0,21,0,9,58,4,71,10,8,18,89
06/03/2023,FYV,AR,ASW,ES,Federal Contract Tower,0,5,13,0,18,0,0,23,0,23,0,5,36,0,41,28,0,28,69
06/04/2023,FYV,AR,ASW,ES,Federal Contract Tower,0,5,25,0,30,0,0,37,0,37,0,5,62,0,67,4,0,4,71
06/05/2023,FYV,AR,ASW,ES,Federal Contract Tower,0,4,18,0,22,0,0,19,4,23,0,4,37,4,45,44,0,44,89
06/06/2023,FYV,AR,ASW,ES,Federal Contract Tower,0,1,10,0,11,0,0,36,0,36,0,1,46,0,47,18,0,18,65
06/07/2023,FYV,AR,ASW,ES,Federal Contract Tower,0,2,10,0,12,0,0,26,0,26,0,2,36,0,38,20,0,20,58
06/08/2023,FYV,AR,ASW,ES,Federal Contract Tower,0,3,18,0,21,0,0,51,0,51,0,3,69,0,72,34,0,34,106
06/09/2023,FYV,AR,ASW,ES,Federal Contract Tower,0,2,12,0,14,0,0,19,0,19,0,2,31,0,33,64,0,64,97
06/10/2023,FYV,AR,ASW,ES,Federal Contract Tower,0,3,3,0,6,0,0,24,0,24,0,3,27,0,30,10,0,10,40
06/11/2023,FYV,AR,ASW,ES,Federal Contract Tower,0,8,5,0,13,0,0,32,0,32,0,8,37,0,45,12,0,12,57
06/12/2023,FYV,AR,ASW,ES,Federal Contract Tower,0,4,10,0,14,0,0,27,0,27,0,4,37,0,41,70,0,70,111
06/13/2023,FYV,AR,ASW,ES,Federal Contract Tower,0,3,16,0,19,0,0,13,0,13,0,3,29,0,32,40,0,40,72
06/14/2023,FYV,AR,ASW,ES,Federal Contract Tower,0,5,9,0,14,0,0,31,0,31,0,5,40,0,45,16,0,16,61
06/15/2023,FYV,AR,ASW,ES,Federal Contract Tower,0,5,14,4,23,0,1,37,1,39,0,6,51,5,62,42,0,42,104
06/16/2023,FYV,AR,ASW,ES,Federal Contract Tower,0,5,10,0,15,0,0,20,0,20,0,5,30,0,35,36,0,36,71
06/17/2023,FYV,AR,ASW,ES,Federal Contract Tower,0,1,12,0,13,0,0,69,4,73,0,1,81,4,86,14,0,14,100
06/18/2023,FYV,AR,ASW,ES,Federal Contract Tower,0,3,11,0,14,0,0,6,0,6,0,3,17,0,20,0,0,0,20
06/19/2023,FYV,AR,ASW,ES,Federal Contract Tower,0,3,11,0,14,0,0,26,0,26,0,3,37,0,40,42,0,42,82
06/20/2023,FYV,AR,ASW,ES,Federal Contract Tower,0,4,25,0,29,0,0,47,0,47,0,4,72,0,76,72,0,72,148
06/21/2023,FYV,AR,ASW,ES,Federal Contract Tower,0,1,4,0,5,0,0,43,0,43,0,1,47,0,48,40,0,40,88
06/22/2023,FYV,AR,ASW,ES,Federal Contract Tower,0,2,17,0,19,0,0,42,0,42,0,2,59,0,61,22,0,22,83
06/23/2023,FYV,AR,ASW,ES,Federal Contract Tower,0,1,10,0,11,0,0,33,0,33,0,1,43,0,44,46,0,46,90
06/24/2023,FYV,AR,ASW,ES,Federal Contract Tower,0,1,7,0,8,0,0,48,0,48,0,1,55,0,56,0,0,0,56
06/25/2023,FYV,AR,ASW,ES,Federal Contract Tower,0,1,19,0,20,0,0,32,0,32,0,1,51,0,52,2,0,2,54
06/26/2023,FYV,AR,ASW,ES,Federal Contract Tower,0,3,10,0,13,0,0,28,0,28,0,3,38,0,41,16,0,16,57
06/27/2023,FYV,AR,ASW,ES,Federal Contract Tower,0,9,7,0,16,0,0,19,10,29,0,9,26,10,45,14,2,16,61
06/28/2023,FYV,AR,ASW,ES,Federal Contract Tower,0,4,8,0,12,0,0,26,0,26,0,4,34,0,38,22,0,22,60
06/29/2023,FYV,AR,ASW,ES,Federal Contract Tower,0,2,15,0,17,0,0,23,4,27,0,2,38,4,44,18,0,18,62
06/30/2023,FYV,AR,ASW,ES,Federal Contract Tower,0,2,22,0,24,0,0,28,0,28,0,2,50,0,52,28,0,28,80
07/01/2023,FYV,AR,ASW,ES,Federal Contract Tower,0,2,9,0,11,0,0,31,0,31,0,2,40,0,42,0,0,0,42
07/02/2023,FYV,AR,ASW,ES,Federal Contract Tower,0,2,8,0,10,0,0,26,0,26,0,2,34,0,36,18,0,18,54
07/03/2023,FYV,AR,ASW,ES,Federal Contract Tower,0,3,5,0,8,0,0,28,0,28,0,3,33,0,36,28,0,28,64
07/04/2023,FYV,AR,ASW,ES,Federal Contract Tower,0,0,3,0,3,0,0,14,0,14,0,0,17,0,17,24,0,24,41
07/05/2023,FYV,AR,ASW,ES,Federal Contract Tower,0,5,17,0,22,0,0,16,0,16,0,5,33,0,38,24,0,24,62
07/06/2023,FYV,AR,ASW,ES,Federal Contract Tower,0,2,6,0,8,0,0,14,0,14,0,2,20,0,22,26,0,26,48
07/07/2023,FYV,AR,ASW,ES,Federal Contract Tower,0,5,19,2,26,0,0,18,0,18,0,5,37,2,44,44,12,56,100
07/08/2023,FYV,AR,ASW,ES,Federal Contract Tower,0,6,5,0,11,0,0,31,0,31,0,6,36,0,42,14,0,14,56
07/09/2023,FYV,AR,ASW,ES,Federal Contract Tower,0,3,20,0,23,0,0,19,0,19,0,3,39,0,42,14,0,14,56
07/10/2023,FYV,AR,ASW,ES,Federal Contract Tower,0,4,9,0,13,0,0,49,1,50,0,4,58,1,63,48,0,48,111
07/11/2023,FYV,AR,ASW,ES,Federal Contract Tower,0,2,16,0,18,0,0,32,4,36,0,2,48,4,54,24,0,24,78
07/12/2023,FYV,AR,ASW,ES,Federal Contract Tower,0,6,10,4,20,0,0,37,11,48,0,6,47,15,68,14,0,14,82
07/13/2023,FYV,AR,ASW,ES,Federal Contract Tower,0,1,10,0,11,0,0,26,0,26,0,1,36,0,37,34,0,34,71
07/14/2023,FYV,AR,ASW,ES,Federal Contract Tower,0,2,8,0,10,0,1,22,0,23,0,3,30,0,33,12,0,12,45
07/15/2023,FYV,AR,ASW,ES,Federal Contract Tower,0,1,8,0,9,0,0,42,0,42,0,1,50,0,51,22,0,22,73
07/16/2023,FYV,AR,ASW,ES,Federal Contract Tower,0,2,9,0,11,0,0,46,0,46,0,2,55,0,57,6,0,6,63
07/17/2023,FYV,AR,ASW,ES,Federal Contract Tower,0,2,13,0,15,0,0,27,0,27,0,2,40,0,42,56,0,56,98
07/18/2023,FYV,AR,ASW,ES,Federal Contract Tower,0,2,19,0,21,0,0,18,0,18,0,2,37,0,39,16,0,16,55
07/19/2023,FYV,AR,ASW,ES,Federal Contract Tower,0,8,11,0,19,0,0,22,0,22,0,8,33,0,41,34,0,34,75
07/20/2023,FYV,AR,ASW,ES,Federal Contract Tower,0,8,11,2,21,0,0,48,0,48,0,8,59,2,69,48,0,48,117
07/21/2023,FYV,AR,ASW,ES,Federal Contract Tower,0,8,15,0,23,0,0,23,0,23,0,8,38,0,46,14,0,14,60
07/22/2023,FYV,AR,ASW,ES,Federal Contract Tower,0,4,5,0,9,0,0,59,0,59,0,4,64,0,68,12,0,12,80
07/23/2023,FYV,AR,ASW,ES,Federal Contract Tower,0,3,10,0,13,0,0,40,0,40,0,3,50,0,53,4,0,4,57
07/24/2023,FYV,AR,ASW,ES,Federal Contract Tower,0,2,22,0,24,0,0,24,10,34,0,2,46,10,58,12,0,12,70
07/25/2023,FYV,AR,ASW,ES,Federal Contract Tower,0,4,11,0,15,0,0,18,0,18,0,4,29,0,33,4,0,4,37
07/26/2023,FYV,AR,ASW,ES,Federal Contract Tower,0,2,5,0,7,0,0,12,0,12,0,2,17,0,19,0,0,0,19
07/27/2023,FYV,AR,ASW,ES,Federal Contract Tower,0,2,17,0,19,0,0,34,2,36,0,2,51,2,55,16,0,16,71
07/28/2023,FYV,AR,ASW,ES,Federal Contract Tower,0,1,14,0,15,0,2,14,0,16,0,3,28,0,31,20,0,20,51
07/29/2023,FYV,AR,ASW,ES,Federal Contract Tower,0,3,1,0,4,0,0,48,0,48,0,3,49,0,52,16,0,16,68
07/30/2023,FYV,AR,ASW,ES,Federal Contract Tower,0,4,6,0,10,0,0,36,0,36,0,4,42,0,46,10,0,10,56
07/31/2023,FYV,AR,ASW,ES,Federal Contract Tower,0,2,13,0,15,0,0,26,0,26,0,2,39,0,41,2,0,2,43
08/01/2023,FYV,AR,ASW,ES,Federal Contract Tower,0,2,9,0,11,0,0,27,4,31,0,2,36,4,42,24,8,32,74
08/02/2023,FYV,AR,ASW,ES,Federal Contract Tower,0,3,9,0,12,0,0,18,0,18,0,3,27,0,30,2,0,2,32
08/03/2023,FYV,AR,ASW,ES,Federal Contract Tower,0,5,9,0,14,0,0,16,10,26,0,5,25,10,40,14,0,14,54
08/04/2023,FYV,AR,ASW,ES,Federal Contract Tower,0,2,12,0,14,0,0,17,0,17,0,2,29,0,31,2,0,2,33
08/05/2023,FYV,AR,ASW,ES,Federal Contract Tower,0,3,6,0,9,0,0,21,0,21,0,3,27,0,30,10,0,10,40
08/06/2023,FYV,AR,ASW,ES,Federal Contract Tower,0,4,4,0,8,0,0,22,0,22,0,4,26,0,30,18,0,18,48
08/07/2023,FYV,AR,ASW,ES,Federal Contract Tower,0,3,12,0,15,0,0,26,0,26,0,3,38,0,41,2,0,2,43
08/08/2023,FYV,AR,ASW,ES,Federal Contract Tower,0,4,9,2,15,0,0,32,1,33,0,4,41,3,48,54,12,66,114
08/09/2023,FYV,AR,ASW,ES,Federal Contract Tower,0,6,13,0,19,0,0,4,0,4,0,6,17,0,23,20,0,20,43
08/10/2023,FYV,AR,ASW,ES,Federal Contract Tower,0,7,19,0,26,0,0,41,0,41,0,7,60,0,67,62,0,62,129
08/11/2023,FYV,AR,ASW,ES,Federal Contract Tower,0,0,16,0,16,0,0,34,0,34,0,0,50,0,50,8,0,8,58
08/12/2023,FYV,AR,ASW,ES,Federal Contract Tower,0,5,11,0,16,0,0,37,0,37,0,5,48,0,53,22,0,22,75
08/13/2023,FYV,AR,ASW,ES,Federal Contract Tower,0,11,13,0,24,0,0,25,0,25,0,11,38,0,49,14,0,14,63
08/14/2023,FYV,AR,ASW,ES,Federal Contract Tower,0,2,11,0,13,0,0,40,0,40,0,2,51,0,53,14,0,14,67
08/15/2023,FYV,AR,ASW,ES,Federal Contract Tower,0,2,14,0,16,0,0,40,0,40,0,2,54,0,56,34,0,34,90
08/16/2023,FYV,AR,ASW,ES,Federal Contract Tower,0,4,22,1,27,0,0,33,4,37,0,4,55,5,64,36,26,62,126
08/17/2023,FYV,AR,ASW,ES,Federal Contract Tower,0,7,18,0,25,0,0,43,0,43,0,7,61,0,68,26,0,26,94
08/18/2023,FYV,AR,ASW,ES,Federal Contract Tower,0,2,20,0,22,0,0,38,0,38,0,2,58,0,60,0,0,0,60
08/19/2023,FYV,AR,ASW,ES,Federal Contract Tower,0,0,17,0,17,0,0,64,0,64,0,0,81,0,81,16,0,16,97
08/20/2023,FYV,AR,ASW,ES,Federal Contract Tower,0,4,22,0,26,0,0,49,0,49,0,4,71,0,75,8,0,8,83
08/21/2023,FYV,AR,ASW,ES,Federal Contract Tower,0,2,4,0,6,0,0,30,2,32,0,2,34,2,38,24,8,32,70
08/22/2023,FYV,AR,ASW,ES,Federal Contract Tower,0,5,17,0,22,0,0,28,0,28,0,5,45,0,50,34,0,34,84
08/23/2023,FYV,AR,ASW,ES,Federal Contract Tower,0,7,6,0,13,0,0,19,0,19,0,7,25,0,32,22,2,24,56
08/24/2023,FYV,AR,ASW,ES,Federal Contract Tower,0,10,8,0,18,0,0,33,2,35,0,10,41,2,53,20,0,20,73
08/25/2023,FYV,AR,ASW,ES,Federal Contract Tower,0,8,15,0,23,0,0,39,2,41,0,8,54,2,64,16,28,44,108
08/26/2023,FYV,AR,ASW,ES,Federal Contract Tower,0,0,7,0,7,0,0,54,0,54,0,0,61,0,61,56,0,56,117
08/27/2023,FYV,AR,ASW,ES,Federal Contract Tower,0,4,12,0,16,0,1,21,0,22,0,5,33,0,38,14,0,14,52
08/28/2023,FYV,AR,ASW,ES,Federal Contract Tower,0,7,16,0,23,0,0,45,0,45,0,7,61,0,68,62,0,62,130
08/29/2023,FYV,AR,ASW,ES,Federal Contract Tower,0,2,13,0,15,0,0,23,0,23,0,2,36,0,38,86,0,86,124
08/30/2023,FYV,AR,ASW,ES,Federal Contract Tower,0,8,18,0,26,0,0,37,0,37,0,8,55,0,63,60,0,60,123
08/31/2023,FYV,AR,ASW,ES,Federal Contract Tower,0,8,22,0,30,0,0,29,0,29,0,8,51,0,59,28,0,28,87
01/01/2020,FYV,AR,ASW,CE,Federal Contract Tower,0,2,6,0,8,0,0,7,0,7,0,2,13,0,15,0,0,0,15
01/02/2020,FYV,AR,ASW,CE,Federal Contract Tower,0,2,3,0,5,0,0,15,0,15,0,2,18,0,20,2,0,2,22
01/03/2020,FYV,AR,ASW,CE,Federal Contract Tower,1,1,15,0,17,0,0,8,0,8,1,1,23,0,25,0,0,0,25
01/04/2020,FYV,AR,ASW,CE,Federal Contract Tower,0,8,20,0,28,0,7,56,0,63,0,15,76,0,91,34,0,34,125
01/05/2020,FYV,AR,ASW,CE,Federal Contract Tower,0,4,8,0,12,0,4,32,0,36,0,8,40,0,48,4,0,4,52
01/06/2020,FYV,AR,ASW,CE,Federal Contract Tower,0,4,2,3,9,0,0,38,1,39,0,4,40,4,48,20,14,34,82
01/07/2020,FYV,AR,ASW,CE,Federal Contract Tower,1,5,6,0,12,0,0,37,8,45,1,5,43,8,57,24,0,24,81
01/08/2020,FYV,AR,ASW,CE,Federal Contract Tower,0,7,2,2,11,0,0,26,0,26,0,7,28,2,37,10,10,20,57
01/09/2020,FYV,AR,ASW,CE,Federal Contract Tower,0,7,5,0,12,0,0,3,0,3,0,7,8,0,15,0,0,0,15
01/10/2020,FYV,AR,ASW,CE,Federal Contract Tower,0,0,7,0,7,0,0,0,0,0,0,0,7,0,7,0,0,0,7
01/11/2020,FYV,AR,ASW,CE,Federal Contract Tower,0,3,2,0,5,0,0,0,0,0,0,3,2,0,5,0,0,0,5
01/12/2020,FYV,AR,ASW,CE,Federal Contract Tower,0,4,14,0,18,0,6,23,0,29,0,10,37,0,47,14,0,14,61
01/13/2020,FYV,AR,ASW,CE,Federal Contract Tower,0,0,14,0,14,0,1,25,0,26,0,1,39,0,40,20,0,20,60
01/14/2020,FYV,AR,ASW,CE,Federal Contract Tower,2,5,16,0,23,0,0,28,0,28,2,5,44,0,51,26,0,26,77
01/15/2020,FYV,AR,ASW,CE,Federal Contract Tower,0,9,13,0,22,0,0,6,4,10,0,9,19,4,32,14,0,14,46
01/16/2020,FYV,AR,ASW,CE,Federal Contract Tower,0,5,21,6,32,0,0,18,4,22,0,5,39,10,54,0,16,16,70
01/17/2020,FYV,AR,ASW,CE,Federal Contract Tower,0,5,16,0,21,0,0,0,0,0,0,5,16,0,21,0,0,0,21
01/18/2020,FYV,AR,ASW,CE,Federal Contract Tower,0,10,35,0,45,0,0,18,0,18,0,10,53,0,63,0,0,0,63
01/19/2020,FYV,AR,ASW,CE,Federal Contract Tower,0,13,18,0,31,0,18,59,0,77,0,31,77,0,108,6,0,6,114
01/20/2020,FYV,AR,ASW,CE,Federal Contract Tower,1,2,14,0,17,0,0,30,0,30,1,2,44,0,47,10,0,10,57
01/21/2020,FYV,AR,ASW,CE,Federal Contract Tower,1,3,15,0,19,0,2,29,0,31,1,5,44,0,50,14,0,14,64
01/22/2020,FYV,AR,ASW,CE,Federal Contract Tower,0,1,3,0,4,0,0,0,0,0,0,1,3,0,4,0,0,0,4
01/23/2020,FYV,AR,ASW,CE,Federal Contract Tower,0,7,8,0,15,0,0,0,0,0,0,7,8,0,15,0,0,0,15
01/24/2020,FYV,AR,ASW,CE,Federal Contract Tower,0,5,14,0,19,0,0,0,0,0,0,5,14,0,19,0,0,0,19
01/25/2020,FYV,AR,ASW,CE,Federal Contract Tower,0,5,17,0,22,0,9,38,0,47,0,14,55,0,69,18,0,18,87
01/26/2020,FYV,AR,ASW,CE,Federal Contract Tower,0,2,11,0,13,0,2,23,0,25,0,4,34,0,38,70,0,70,108
01/27/2020,FYV,AR,ASW,CE,Federal Contract Tower,0,2,13,2,17,0,0,39,2,41,0,2,52,4,58,16,0,16,74
01/28/2020,FYV,AR,ASW,CE,Federal Contract Tower,1,4,13,0,18,0,0,6,0,6,1,4,19,0,24,28,0,28,52
01/29/2020,FYV,AR,ASW,CE,Federal Contract Tower,0,5,13,0,18,0,0,0,0,0,0,5,13,0,18,0,0,0,18
01/30/2020,FYV,AR,ASW,CE,Federal Contract Tower,0,4,12,0,16,0,0,4,0,4,0,4,16,0,20,0,0,0,20
01/31/2020,FYV,AR,ASW,CE,Federal Contract Tower,1,5,14,4,24,0,0,6,0,6,1,5,20,4,30,0,0,0,30
02/01/2020,FYV,AR,ASW,ES,Federal Contract Tower,0,3,9,0,12,0,14,41,0,55,0,17,50,0,67,28,0,28,95
02/02/2020,FYV,AR,ASW,ES,Federal Contract Tower,0,9,8,0,17,0,14,53,0,67,0,23,61,0,84,30,0,30,114
02/03/2020,FYV,AR,ASW,ES,Federal Contract Tower,0,1,16,0,17,0,0,17,0,17,0,1,33,0,34,38,0,38,72
02/04/2020,FYV,AR,ASW,ES,Federal Contract Tower,0,8,10,0,18,0,0,0,0,0,0,8,10,0,18,0,0,0,18
02/05/2020,FYV,AR,ASW,ES,Federal Contract Tower,0,2,1,0,3,0,0,0,0,0,0,2,1,0,3,0,0,0,3
02/06/2020,FYV,AR,ASW,ES,Federal Contract Tower,0,3,8,4,15,0,0,9,0,9,0,3,17,4,24,24,0,24,48
02/07/2020,FYV,AR,ASW,ES,Federal Contract Tower,0,2,14,0,16,0,2,34,0,36,0,4,48,0,52,24,0,24,76
02/08/2020,FYV,AR,ASW,ES,Federal Contract Tower,0,4,8,0,12,0,9,62,0,71,0,13,70,0,83,38,0,38,121
02/09/2020,FYV,AR,ASW,ES,Federal Contract Tower,1,0,12,0,13,0,0,1,0,1,1,0,13,0,14,20,0,20,34
02/10/2020,FYV,AR,ASW,ES,Federal Contract Tower,1,1,7,0,9,0,0,0,0,0,1,1,7,0,9,0,0,0,9
02/11/2020,FYV,AR,ASW,ES,Federal Contract Tower,0,3,10,0,13,0,0,10,0,10,0,3,20,0,23,4,0,4,27
02/12/2020,FYV,AR,ASW,ES,Federal Contract Tower,2,4,3,0,9,0,0,0,0,0,2,4,3,0,9,0,0,0,9
02/13/2020,FYV,AR,ASW,ES,Federal Contract Tower,0,5,10,0,15,0,0,21,2,23,0,5,31,2,38,44,0,44,82
02/14/2020,FYV,AR,ASW,ES,Federal Contract Tower,0,6,10,2,18,0,0,25,0,25,0,6,35,2,43,10,22,32,75
02/15/2020,FYV,AR,ASW,ES,Federal Contract Tower,0,8,9,0,17,0,0,12,0,12,0,8,21,0,29,32,2,34,63
02/16/2020,FYV,AR,ASW,ES,Federal Contract Tower,0,3,16,0,19,0,0,13,0,13,0,3,29,0,32,0,0,0,32
02/17/2020,FYV,AR,ASW,ES,Federal Contract Tower,1,2,14,1,18,0,0,2,0,2,1,2,16,1,20,0,0,0,20
02/18/2020,FYV,AR,ASW,ES,Federal Contract Tower,0,0,2,1,3,0,0,14,2,16,0,0,16,3,19,16,0,16,35
02/19/2020,FYV,AR,ASW,ES,Federal Contract Tower,0,4,13,0,17,0,4,41,8,53,0,8,54,8,70,88,0,88,158
02/20/2020,FYV,AR,ASW,ES,Federal Contract Tower,0,4,16,0,20,0,0,19,0,19,0,4,35,0,39,6,0,6,45
02/21/2020,FYV,AR,ASW,ES,Federal Contract Tower,4,2,17,6,29,0,0,44,0,44,4,2,61,6,73,20,16,36,109
02/22/2020,FYV,AR,ASW,ES,Federal Contract Tower,4,1,22,0,27,0,13,45,0,58,4,14,67,0,85,14,0,14,99
02/23/2020,FYV,AR,ASW,ES,Federal Contract Tower,0,2,10,0,12,0,0,1,0,1,0,2,11,0,13,0,0,0,13
02/24/2020,FYV,AR,ASW,ES,Federal Contract Tower,0,3,3,10,16,0,0,1,0,1,0,3,4,10,17,0,0,0,17
02/25/2020,FYV,AR,ASW,ES,Federal Contract Tower,0,2,8,1,11,0,0,4,0,4,0,2,12,1,15,0,0,0,15
02/26/2020,FYV,AR,ASW,ES,Federal Contract Tower,2,5,18,0,25,0,0,15,0,15,2,5,33,0,40,66,0,66,106
02/27/2020,FYV,AR,ASW,ES,Federal Contract Tower,4,6,9,0,19,0,4,44,2,50,4,10,53,2,69,18,0,18,87
02/28/2020,FYV,AR,ASW,ES,Federal Contract Tower,1,3,20,0,24,0,4,40,0,44,1,7,60,0,68,4,0,4,72
02/29/2020,FYV,AR,ASW,ES,Federal Contract Tower,3,1,14,0,18,0,12,74,0,86,3,13,88,0,104,18,0,18,122
03/01/2020,FYV,AR,ASW,ES,Federal Contract Tower,2,4,13,0,19,0,0,4,0,4,2,4,17,0,23,0,0,0,23
03/02/2020,FYV,AR,ASW,ES,Federal Contract Tower,2,2,9,0,13,0,2,12,0,14,2,4,21,0,27,12,0,12,39
03/03/2020,FYV,AR,ASW,ES,Federal Contract Tower,2,3,6,0,11,0,1,34,0,35,2,4,40,0,46,54,0,54,100
03/04/2020,FYV,AR,ASW,ES,Federal Contract Tower,0,12,24,9,45,0,0,41,0,41,0,12,65,9,86,36,0,36,122
03/05/2020,FYV,AR,ASW,ES,Federal Contract Tower,0,3,18,0,21,0,0,46,2,48,0,3,64,2,69,28,0,28,97
03/06/2020,FYV,AR,ASW,ES,Federal Contract Tower,1,1,22,0,24,0,0,32,0,32,1,1,54,0,56,8,0,8,64
03/07/2020,FYV,AR,ASW,ES,Federal Contract Tower,0,5,7,0,12,0,14,62,0,76,0,19,69,0,88,44,0,44,132
03/08/2020,FYV,AR,ASW,ES,Federal Contract Tower,0,2,22,2,26,0,2,26,2,30,0,4,48,4,56,38,0,38,94
03/09/2020,FYV,AR,ASW,ES,Federal Contract Tower,0,3,7,0,10,0,0,0,0,0,0,3,7,0,10,0,0,0,10
03/10/2020,FYV,AR,ASW,ES,Federal Contract Tower,1,7,10,9,27,0,2,32,7,41,1,9,42,16,68,82,72,154,222
03/11/2020,FYV,AR,ASW,ES,Federal Contract Tower,2,3,8,0,13,0,0,24,4,28,2,3,32,4,41,66,0,66,107
03/12/2020,FYV,AR,ASW,ES,Federal Contract Tower,5,2,7,1,15,0,0,4,1,5,5,2,11,2,20,0,0,0,20
03/13/2020,FYV,AR,ASW,ES,Federal Contract Tower,0,4,9,0,13,0,0,9,0,9,0,4,18,0,22,0,0,0,22
03/14/2020,FYV,AR,ASW,ES,Federal Contract Tower,0,0,2,0,2,0,0,0,0,0,0,0,2,0,2,0,0,0,2
03/15/2020,FYV,AR,ASW,ES,Federal Contract Tower,0,5,8,0,13,0,0,2,0,2,0,5,10,0,15,14,0,14,29
03/16/2020,FYV,AR,ASW,ES,Federal Contract Tower,0,1,2,0,3,0,0,0,0,0,0,1,2,0,3,0,0,0,3
03/17/2020,FYV,AR,ASW,ES,Federal Contract Tower,0,2,7,0,9,0,0,2,0,2,0,2,9,0,11,6,0,6,17
03/18/2020,FYV,AR,ASW,ES,Federal Contract Tower,0,0,3,0,3,0,0,6,0,6,0,0,9,0,9,12,0,12,21
03/19/2020,FYV,AR,ASW,ES,Federal Contract Tower,0,0,0,0,0,0,0,2,0,2,0,0,2,0,2,0,0,0,2
03/20/2020,FYV,AR,ASW,ES,Federal Contract Tower,0,0,6,0,6,0,0,3,0,3,0,0,9,0,9,0,0,0,9
03/21/2020,FYV,AR,ASW,ES,Federal Contract Tower,0,0,3,0,3,0,10,40,0,50,0,10,43,0,53,82,0,82,135
03/22/2020,FYV,AR,ASW,ES,Federal Contract Tower,0,0,5,0,5,0,0,2,0,2,0,0,7,0,7,4,0,4,11
03/23/2020,FYV,AR,ASW,ES,Federal Contract Tower,0,0,7,0,7,0,0,6,0,6,0,0,13,0,13,10,0,10,23
03/24/2020,FYV,AR,ASW,ES,Federal Contract Tower,0,0,1,0,1,0,0,29,0,29,0,0,30,0,30,32,0,32,62
03/25/2020,FYV,AR,ASW,ES,Federal Contract Tower,0,0,11,4,15,0,0,26,0,26,0,0,37,4,41,38,0,38,79
03/26/2020,FYV,AR,ASW,ES,Federal Contract Tower,0,0,2,0,2,0,0,28,0,28,0,0,30,0,30,30,0,30,60
03/27/2020,FYV,AR,ASW,ES,Federal Contract Tower,0,0,5,0,5,0,0,9,0,9,0,0,14,0,14,0,0,0,14
03/28/2020,FYV,AR,ASW,ES,Federal Contract Tower,0,3,0,0,3,0,0,0,0,0,0,3,0,0,3,0,0,0,3
03/29/2020,FYV,AR,ASW,ES,Federal Contract Tower,0,3,2,0,5,0,0,33,0,33,0,3,35,0,38,58,0,58,96
03/30/2020,FYV,AR,ASW,ES,Federal Contract Tower,0,0,3,0,3,0,0,4,0,4,0,0,7,0,7,6,0,6,13
03/31/2020,FYV,AR,ASW,ES,Federal Contract Tower,0,0,2,0,2,0,0,14,0,14,0,0,16,0,16,0,0,0,16
04/01/2020,FYV,AR,ASW,ES,Federal Contract Tower,0,0,7,2,9,0,1,30,0,31,0,1,37,2,40,56,4,60,100
04/02/2020,FYV,AR,ASW,ES,Federal Contract Tower,0,0,0,10,10,0,0,17,0,17,0,0,17,10,27,18,24,42,69
04/03/2020,FYV,AR,ASW,ES,Federal Contract Tower,0,4,3,4,11,0,0,0,0,0,0,4,3,4,11,0,0,0,11
04/04/2020,FYV,AR,ASW,ES,Federal Contract Tower,0,0,2,0,2,0,0,0,0,0,0,0,2,0,2,0,0,0,2
04/05/2020,FYV,AR,ASW,ES,Federal Contract Tower,0,0,0,0,0,0,0,2,0,2,0,0,2,0,2,6,0,6,8
04/06/2020,FYV,AR,ASW,ES,Federal Contract Tower,0,0,4,4,8,0,0,6,2,8,0,0,10,6,16,14,0,14,30
04/07/2020,FYV,AR,ASW,ES,Federal Contract Tower,0,2,3,8,13,0,0,16,0,16,0,2,19,8,29,4,0,4,33
04/08/2020,FYV,AR,ASW,ES,Federal Contract Tower,0,0,5,4,9,0,0,27,0,27,0,0,32,4,36,12,58,70,106
04/09/2020,FYV,AR,ASW,ES,Federal Contract Tower,0,0,6,0,6,0,2,20,0,22,0,2,26,0,28,20,0,20,48
04/10/2020,FYV,AR,ASW,ES,Federal Contract Tower,0,0,3,0,3,0,4,17,0,21,0,4,20,0,24,16,0,16,40
04/11/2020,FYV,AR,ASW,ES,Federal Contract Tower,0,0,2,0,2,0,0,7,0,7,0,0,9,0,9,0,0,0,9
04/12/2020,FYV,AR,ASW,ES,Federal Contract Tower,0,0,2,0,2,0,0,0,0,0,0,0,2,0,2,0,0,0,2
04/13/2020,FYV,AR,ASW,ES,Federal Contract Tower,0,0,0,2,2,0,0,7,0,7,0,0,7,2,9,0,10,10,19
04/14/2020,FYV,AR,ASW,ES,Federal Contract Tower,0,0,6,0,6,0,0,10,0,10,0,0,16,0,16,6,0,6,22
04/15/2020,FYV,AR,ASW,ES,Federal Contract Tower,0,0,6,1,7,0,0,15,1,16,0,0,21,2,23,14,20,34,57
04/16/2020,FYV,AR,ASW,ES,Federal Contract Tower,0,1,6,0,7,0,0,29,0,29,0,1,35,0,36,14,0,14,50
04/17/2020,FYV,AR,ASW,ES,Federal Contract Tower,0,1,9,0,10,0,0,0,0,0,0,1,9,0,10,0,0,0,10
04/18/2020,FYV,AR,ASW,ES,Federal Contract Tower,0,1,1,0,2,0,0,30,0,30,0,1,31,0,32,34,0,34,66
04/19/2020,FYV,AR,ASW,ES,Federal Contract Tower,0,0,1,0,1,0,0,6,0,6,0,0,7,0,7,8,0,8,15
04/20/2020,FYV,AR,ASW,ES,Federal Contract Tower,0,0,2,0,2,0,0,10,0,10,0,0,12,0,12,6,0,6,18
04/21/2020,FYV,AR,ASW,ES,Federal Contract Tower,0,5,5,0,10,0,2,47,0,49,0,7,52,0,59,40,0,40,99
04/22/2020,FYV,AR,ASW,ES,Federal Contract Tower,0,0,2,0,2,0,0,0,0,0,0,0,2,0,2,0,0,0,2
04/23/2020,FYV,AR,ASW,ES,Federal Contract Tower,0,0,12,0,12,0,0,6,0,6,0,0,18,0,18,2,0,2,20
04/24/2020,FYV,AR,ASW,ES,Federal Contract Tower,0,0,3,4,7,0,0,15,0,15,0,0,18,4,22,12,8,20,42
04/25/2020,FYV,AR,ASW,ES,Federal Contract Tower,0,0,2,0,2,0,0,5,0,5,0,0,7,0,7,0,0,0,7
04/26/2020,FYV,AR,ASW,ES,Federal Contract Tower,0,2,4,0,6,0,0,35,0,35,0,2,39,0,41,30,0,30,71
04/27/2020,FYV,AR,ASW,ES,Federal Contract Tower,0,0,8,0,8,0,0,10,0,10,0,0,18,0,18,8,0,8,26
04/28/2020,FYV,AR,ASW,ES,Federal Contract Tower,0,0,7,0,7,0,0,2,0,2,0,0,9,0,9,0,0,0,9
04/29/2020,FYV,AR,ASW,ES,Federal Contract Tower,0,6,11,0,17,0,0,9,0,9,0,6,20,0,26,6,0,6,32
04/30/2020,FYV,AR,ASW,ES,Federal Contract Tower,0,2,7,0,9,0,0,36,0,36,0,2,43,0,45,24,0,24,69
05/01/2020,FYV,AR,ASW,ES,Federal Contract Tower,0,6,6,0,12,0,0,28,0,28,0,6,34,0,40,8,0,8,48
05/02/2020,FYV,AR,ASW,ES,Federal Contract Tower,0,0,1,4,5,0,0,22,0,22,0,0,23,4,27,18,0,18,45
05/04/2020,FYV,AR,ASW,ES,Federal Contract Tower,0,2,4,0,6,0,0,6,0,6,0,2,10,0,12,36,0,36,48
05/05/2020,FYV,AR,ASW,ES,Federal Contract Tower,0,0,6,2,8,0,0,26,2,28,0,0,32,4,36,42,6,48,84
05/06/2020,FYV,AR,ASW,ES,Federal Contract Tower,0,0,3,0,3,0,0,31,0,31,0,0,34,0,34,54,0,54,88
05/07/2020,FYV,AR,ASW,ES,Federal Contract Tower,0,0,6,4,10,0,0,27,0,27,0,0,33,4,37,34,22,56,93
05/08/2020,FYV,AR,ASW,ES,Federal Contract Tower,0,2,5,2,9,0,0,15,0,15,0,2,20,2,24,8,0,8,32
05/09/2020,FYV,AR,ASW,ES,Federal Contract Tower,0,1,4,0,5,0,0,26,0,26,0,1,30,0,31,22,0,22,53
05/10/2020,FYV,AR,ASW,ES,Federal Contract Tower,0,0,2,0,2,0,0,19,0,19,0,0,21,0,21,18,0,18,39
05/11/2020,FYV,AR,ASW,ES,Federal Contract Tower,0,0,4,2,6,0,0,24,0,24,0,0,28,2,30,24,12,36,66
05/12/2020,FYV,AR,ASW,ES,Federal Contract Tower,0,6,7,2,15,0,0,0,0,0,0,6,7,2,15,0,0,0,15
05/13/2020,FYV,AR,ASW,ES,Federal Contract Tower,0,1,4,0,5,0,0,8,0,8,0,1,12,0,13,16,0,16,29
05/14/2020,FYV,AR,ASW,ES,Federal Contract Tower,0,7,4,0,11,0,0,8,0,8,0,7,12,0,19,12,0,12,31
05/15/2020,FYV,AR,ASW,ES,Federal Contract Tower,0,2,0,0,2,0,0,0,0,0,0,2,0,0,2,0,0,0,2
05/16/2020,FYV,AR,ASW,ES,Federal Contract Tower,0,0,0,4,4,0,0,15,0,15,0,0,15,4,19,24,0,24,43
05/17/2020,FYV,AR,ASW,ES,Federal Contract Tower,0,1,3,0,4,0,0,7,0,7,0,1,10,0,11,10,0,10,21
05/18/2020,FYV,AR,ASW,ES,Federal Contract Tower,0,0,8,0,8,0,2,29,6,37,0,2,37,6,45,38,0,38,83
05/19/2020,FYV,AR,ASW,ES,Federal Contract Tower,0,0,10,12,22,0,1,46,12,59,0,1,56,24,81,46,40,86,167
05/20/2020,FYV,AR,ASW,ES,Federal Contract Tower,0,4,16,9,29,0,0,31,4,35,0,4,47,13,64,44,72,116,180
05/21/2020,FYV,AR,ASW,ES,Federal Contract Tower,0,0,12,5,17,0,0,25,7,32,0,0,37,12,49,44,30,74,123
05/22/2020,FYV,AR,ASW,ES,Federal Contract Tower,0,4,4,0,8,0,0,18,0,18,0,4,22,0,26,4,0,4,30
05/23/2020,FYV,AR,ASW,ES,Federal Contract Tower,0,2,4,0,6,0,6,30,0,36,0,8,34,0,42,34,0,34,76
05/24/2020,FYV,AR,ASW,ES,Federal Contract Tower,0,1,1,0,2,0,2,14,0,16,0,3,15,0,18,4,0,4,22
05/25/2020,FYV,AR,ASW,ES,Federal Contract Tower,0,1,5,0,6,0,0,5,0,5,0,1,10,0,11,0,0,0,11
05/26/2020,FYV,AR,ASW,ES,Federal Contract Tower,0,2,4,0,6,0,0,9,0,9,0,2,13,0,15,24,0,24,39
05/27/2020,FYV,AR,ASW,ES,Federal Contract Tower,0,8,5,0,13,0,0,7,0,7,0,8,12,0,20,28,0,28,48
05/28/2020,FYV,AR,ASW,ES,Federal Contract Tower,0,6,5,8,19,0,0,12,0,12,0,6,17,8,31,36,14,50,81
05/29/2020,FYV,AR,ASW,ES,Federal Contract Tower,0,2,14,0,16,0,4,38,0,42,0,6,52,0,58,16,0,16,74
05/30/2020,FYV,AR,ASW,ES,Federal Contract Tower,0,2,5,0,7,0,18,78,0,96,0,20,83,0,103,100,0,100,203
05/31/2020,FYV,AR,ASW,ES,Federal Contract Tower,0,8,9,0,17,0,25,55,0,80,0,33,64,0,97,72,0,72,169
06/01/2020,FYV,AR,ASW,ES,Federal Contract Tower,0,2,1,4,7,0,0,26,0,26,0,2,27,4,33,16,0,16,49
06/02/2020,FYV,AR,ASW,ES,Federal Contract Tower,0,9,7,0,16,0,2,26,2,30,0,11,33,2,46,36,0,36,82
06/03/2020,FYV,AR,ASW,ES,Federal Contract Tower,0,5,3,0,8,0,2,20,0,22,0,7,23,0,30,50,0,50,80
06/04/2020,FYV,AR,ASW,ES,Federal Contract Tower,0,2,7,0,9,0,6,15,0,21,0,8,22,0,30,10,0,10,40
06/05/2020,FYV,AR,ASW,ES,Federal Contract Tower,0,1,2,2,5,0,3,33,0,36,0,4,35,2,41,14,8,22,63
06/06/2020,FYV,AR,ASW,ES,Federal Contract Tower,0,1,1,0,2,0,20,60,0,80,0,21,61,0,82,62,0,62,144
06/07/2020,FYV,AR,ASW,ES,Federal Contract Tower,0,2,5,0,7,0,14,28,0,42,0,16,33,0,49,20,0,20,69
06/08/2020,FYV,AR,ASW,ES,Federal Contract Tower,0,6,1,0,7,0,6,14,0,20,0,12,15,0,27,38,0,38,65
06/09/2020,FYV,AR,ASW,ES,Federal Contract Tower,0,1,13,0,14,0,12,17,0,29,0,13,30,0,43,14,0,14,57
06/10/2020,FYV,AR,ASW,ES,Federal Contract Tower,0,1,11,0,12,0,1,16,0,17,0,2,27,0,29,2,0,2,31
06/11/2020,FYV,AR,ASW,ES,Federal Contract Tower,0,2,11,3,16,0,4,40,2,46,0,6,51,5,62,28,22,50,112
06/12/2020,FYV,AR,ASW,ES,Federal Contract Tower,0,2,11,0,13,0,4,50,0,54,0,6,61,0,67,36,18,54,121
06/13/2020,FYV,AR,ASW,ES,Federal Contract Tower,0,4,3,0,7,0,19,64,0,83,0,23,67,0,90,28,0,28,118
06/14/2020,FYV,AR,ASW,ES,Federal Contract Tower,0,2,3,0,5,0,26,61,0,87,0,28,64,0,92,4,0,4,96
06/15/2020,FYV,AR,ASW,ES,Federal Contract Tower,0,0,7,10,17,0,0,43,2,45,0,0,50,12,62,12,0,12,74
06/16/2020,FYV,AR,ASW,ES,Federal Contract Tower,0,4,5,10,19,0,2,39,6,47,0,6,44,16,66,36,104,140,206
06/17/2020,FYV,AR,ASW,ES,Federal Contract Tower,0,0,6,5,11,0,2,44,4,50,0,2,50,9,61,82,28,110,171
06/18/2020,FYV,AR,ASW,ES,Federal Contract Tower,0,2,6,10,18,0,0,41,1,42,0,2,47,11,60,32,76,108,168
06/19/2020,FYV,AR,ASW,ES,Federal Contract Tower,0,1,4,0,5,0,0,27,0,27,0,1,31,0,32,12,0,12,44
06/20/2020,FYV,AR,ASW,ES,Federal Contract Tower,0,2,8,0,10,0,13,35,0,48,0,15,43,0,58,42,0,42,100
06/21/2020,FYV,AR,ASW,ES,Federal Contract Tower,0,2,3,0,5,0,11,24,0,35,0,13,27,0,40,14,0,14,54
06/22/2020,FYV,AR,ASW,ES,Federal Contract Tower,0,2,9,0,11,0,0,30,0,30,0,2,39,0,41,24,0,24,65
06/23/2020,FYV,AR,ASW,ES,Federal Contract Tower,0,4,3,0,7,0,0,18,0,18,0,4,21,0,25,46,0,46,71
06/24/2020,FYV,AR,ASW,ES,Federal Contract Tower,0,1,3,0,4,0,0,34,0,34,0,1,37,0,38,24,0,24,62
06/25/2020,FYV,AR,ASW,ES,Federal Contract Tower,0,4,9,1,14,0,0,34,0,34,0,4,43,1,48,50,0,50,98
06/26/2020,FYV,AR,ASW,ES,Federal Contract Tower,0,2,4,0,6,0,1,17,0,18,0,3,21,0,24,38,0,38,62
06/27/2020,FYV,AR,ASW,ES,Federal Contract Tower,0,4,18,0,22,0,0,3,0,3,0,4,21,0,25,2,0,2,27
06/28/2020,FYV,AR,ASW,ES,Federal Contract Tower,0,3,5,0,8,0,2,10,0,12,0,5,15,0,20,2,0,2,22
06/29/2020,FYV,AR,ASW,ES,Federal Contract Tower,0,3,8,0,11,0,0,22,0,22,0,3,30,0,33,6,0,6,39
06/30/2020,FYV,AR,ASW,ES,Federal Contract Tower,0,4,13,0,17,0,5,17,2,24,0,9,30,2,41,8,0,8,49
07/01/2020,FYV,AR,ASW,ES,Federal Contract Tower,0,3,12,0,15,0,3,33,0,36,0,6,45,0,51,12,0,12,63
07/02/2020,FYV,AR,ASW,ES,Federal Contract Tower,0,4,11,0,15,0,0,23,0,23,0,4,34,0,38,64,0,64,102
07/03/2020,FYV,AR,ASW,ES,Federal Contract Tower,0,0,9,0,9,0,0,36,0,36,0,0,45,0,45,32,0,32,77
07/04/2020,FYV,AR,ASW,ES,Federal Contract Tower,0,0,7,0,7,0,2,4,0,6,0,2,11,0,13,4,0,4,17
07/05/2020,FYV,AR,ASW,ES,Federal Contract Tower,0,2,5,0,7,0,19,36,0,55,0,21,41,0,62,30,0,30,92
07/06/2020,FYV,AR,ASW,ES,Federal Contract Tower,0,2,9,0,11,0,2,23,0,25,0,4,32,0,36,2,0,2,38
07/07/2020,FYV,AR,ASW,ES,Federal Contract Tower,0,3,1,2,6,0,4,44,0,48,0,7,45,2,54,40,6,46,100
07/08/2020,FYV,AR,ASW,ES,Federal Contract Tower,0,7,12,0,19,0,2,42,0,44,0,9,54,0,63,18,0,18,81
07/09/2020,FYV,AR,ASW,ES,Federal Contract Tower,0,2,6,0,8,0,2,5,0,7,0,4,11,0,15,14,0,14,29
07/10/2020,FYV,AR,ASW,ES,Federal Contract Tower,0,3,9,0,12,0,2,57,0,59,0,5,66,0,71,98,0,98,169
07/11/2020,FYV,AR,ASW,ES,Federal Contract Tower,0,0,5,0,5,0,16,33,0,49,0,16,38,0,54,46,0,46,100
07/12/2020,FYV,AR,ASW,ES,Federal Contract Tower,0,1,5,0,6,0,23,41,0,64,0,24,46,0,70,16,0,16,86
07/13/2020,FYV,AR,ASW,ES,Federal Contract Tower,0,4,6,0,10,0,2,25,0,27,0,6,31,0,37,6,0,6,43
07/14/2020,FYV,AR,ASW,ES,Federal Contract Tower,0,0,12,0,12,0,2,26,0,28,0,2,38,0,40,26,0,26,66
07/15/2020,FYV,AR,ASW,ES,Federal Contract Tower,0,0,9,0,9,0,4,18,0,22,0,4,27,0,31,10,0,10,41
07/17/2020,FYV,AR,ASW,ES,Federal Contract Tower,0,3,6,0,9,0,3,21,0,24,0,6,27,0,33,12,0,12,45
07/18/2020,FYV,AR,ASW,ES,Federal Contract Tower,0,3,4,0,7,0,21,32,0,53,0,24,36,0,60,26,0,26,86
07/19/2020,FYV,AR,ASW,ES,Federal Contract Tower,0,5,11,0,16,0,21,33,0,54,0,26,44,0,70,64,0,64,134
07/20/2020,FYV,AR,ASW,ES,Federal Contract Tower,0,4,5,2,11,0,2,32,0,34,0,6,37,2,45,60,8,68,113
07/21/2020,FYV,AR,ASW,ES,Federal Contract Tower,0,0,3,0,3,0,0,23,0,23,0,0,26,0,26,16,0,16,42
07/22/2020,FYV,AR,ASW,ES,Federal Contract Tower,0,4,5,0,9,0,0,0,0,0,0,4,5,0,9,24,0,24,33
07/23/2020,FYV,AR,ASW,ES,Federal Contract Tower,0,7,12,0,19,0,1,15,0,16,0,8,27,0,35,44,0,44,79
07/24/2020,FYV,AR,ASW,ES,Federal Contract Tower,0,2,7,2,11,0,4,35,2,41,0,6,42,4,52,72,52,124,176
07/25/2020,FYV,AR,ASW,ES,Federal Contract Tower,0,3,6,0,9,0,20,54,0,74,0,23,60,0,83,38,0,38,121
07/26/2020,FYV,AR,ASW,ES,Federal Contract Tower,0,3,5,0,8,0,18,49,0,67,0,21,54,0,75,22,0,22,97
07/27/2020,FYV,AR,ASW,ES,Federal Contract Tower,0,2,9,0,11,0,1,21,0,22,0,3,30,0,33,0,0,0,33
07/28/2020,FYV,AR,ASW,ES,Federal Contract Tower,0,18,5,0,23,0,2,29,0,31,0,20,34,0,54,24,0,24,78
07/29/2020,FYV,AR,ASW,ES,Federal Contract Tower,0,3,10,0,13,0,0,4,0,4,0,3,14,0,17,34,0,34,51
07/30/2020,FYV,AR,ASW,ES,Federal Contract Tower,0,1,5,0,6,0,0,34,0,34,0,1,39,0,40,64,0,64,104
07/31/2020,FYV,AR,ASW,ES,Federal Contract Tower,0,6,10,0,16,0,0,3,0,3,0,6,13,0,19,0,0,0,19
08/01/2020,FYV,AR,ASW,ES,Federal Contract Tower,0,4,16,0,20,0,18,70,0,88,0,22,86,0,108,74,0,74,182
08/02/2020,FYV,AR,ASW,ES,Federal Contract Tower,0,0,8,0,8,0,19,48,0,67,0,19,56,0,75,28,0,28,103
08/03/2020,FYV,AR,ASW,ES,Federal Contract Tower,0,9,7,0,16,0,3,32,0,35,0,12,39,0,51,18,0,18,69
08/04/2020,FYV,AR,ASW,ES,Federal Contract Tower,0,3,6,8,17,0,0,35,0,35,0,3,41,8,52,64,0,64,116
08/05/2020,FYV,AR,ASW,ES,Federal Contract Tower,0,9,16,0,25,0,0,42,0,42,0,9,58,0,67,42,0,42,109
08/06/2020,FYV,AR,ASW,ES,Federal Contract Tower,0,2,15,0,17,0,0,31,0,31,0,2,46,0,48,70,0,70,118
08/07/2020,FYV,AR,ASW,ES,Federal Contract Tower,0,3,9,0,12,0,3,24,0,27,0,6,33,0,39,50,0,50,89
08/08/2020,FYV,AR,ASW,ES,Federal Contract Tower,0,4,8,0,12,0,22,23,0,45,0,26,31,0,57,60,0,60,117
08/09/2020,FYV,AR,ASW,ES,Federal Contract Tower,0,1,2,0,3,0,18,43,0,61,0,19,45,0,64,20,0,20,84
08/10/2020,FYV,AR,ASW,ES,Federal Contract Tower,0,0,10,0,10,0,4,40,12,56,0,4,50,12,66,8,0,8,74
08/11/2020,FYV,AR,ASW,ES,Federal Contract Tower,0,5,5,0,10,0,0,11,0,11,0,5,16,0,21,6,0,6,27
08/12/2020,FYV,AR,ASW,ES,Federal Contract Tower,0,3,12,4,19,0,7,46,0,53,0,10,58,4,72,66,0,66,138
08/13/2020,FYV,AR,ASW,ES,Federal Contract Tower,0,2,15,2,19,0,1,29,0,30,0,3,44,2,49,40,0,40,89
08/14/2020,FYV,AR,ASW,ES,Federal Contract Tower,0,4,9,0,13,0,4,32,0,36,0,8,41,0,49,14,0,14,63
08/15/2020,FYV,AR,ASW,ES,Federal Contract Tower,0,5,11,0,16,0,24,65,0,89,0,29,76,0,105,24,0,24,129
08/16/2020,FYV,AR,ASW,ES,Federal Contract Tower,0,3,12,0,15,0,14,48,0,62,0,17,60,0,77,10,0,10,87
08/17/2020,FYV,AR,ASW,ES,Federal Contract Tower,0,1,2,2,5,0,5,15,5,25,0,6,17,7,30,68,0,68,98
08/18/2020,FYV,AR,ASW,ES,Federal Contract Tower,0,7,7,0,14,0,4,43,0,47,0,11,50,0,61,72,0,72,133
08/19/2020,FYV,AR,ASW,ES,Federal Contract Tower,0,2,7,0,9,0,7,37,0,44,0,9,44,0,53,64,0,64,117
08/20/2020,FYV,AR,ASW,ES,Federal Contract Tower,0,4,9,2,15,0,2,35,0,37,0,6,44,2,52,0,0,0,52
08/21/2020,FYV,AR,ASW,ES,Federal Contract Tower,0,3,14,0,17,0,2,40,0,42,0,5,54,0,59,10,0,10,69
08/22/2020,FYV,AR,ASW,ES,Federal Contract Tower,0,3,15,0,18,0,20,68,0,88,0,23,83,0,106,42,0,42,148
08/23/2020,FYV,AR,ASW,ES,Federal Contract Tower,0,2,18,0,20,0,26,55,0,81,0,28,73,0,101,34,0,34,135
08/24/2020,FYV,AR,ASW,ES,Federal Contract Tower,0,2,12,0,14,0,2,21,0,23,0,4,33,0,37,0,0,0,37
08/25/2020,FYV,AR,ASW,ES,Federal Contract Tower,0,3,11,4,18,0,5,26,5,36,0,8,37,9,54,10,50,60,114
08/26/2020,FYV,AR,ASW,ES,Federal Contract Tower,0,1,8,0,9,0,0,6,0,6,0,1,14,0,15,20,0,20,35
08/27/2020,FYV,AR,ASW,ES,Federal Contract Tower,0,2,5,0,7,0,2,6,0,8,0,4,11,0,15,6,0,6,21
08/28/2020,FYV,AR,ASW,ES,Federal Contract Tower,0,2,3,0,5,0,2,21,0,23,0,4,24,0,28,2,0,2,30
08/29/2020,FYV,AR,ASW,ES,Federal Contract Tower,0,2,6,6,14,0,8,35,0,43,0,10,41,6,57,26,0,26,83
08/31/2020,FYV,AR,ASW,ES,Federal Contract Tower,0,0,5,0,5,0,0,6,1,7,0,0,11,1,12,6,0,6,18
09/01/2020,FYV,AR,ASW,ES,Federal Contract Tower,0,4,4,0,8,0,0,4,0,4,0,4,8,0,12,8,0,8,20
09/02/2020,FYV,AR,ASW,ES,Federal Contract Tower,0,2,11,0,13,0,0,4,5,9,0,2,15,5,22,28,0,28,50
09/03/2020,FYV,AR,ASW,ES,Federal Contract Tower,0,0,13,5,18,0,0,5,0,5,0,0,18,5,23,26,0,26,49
09/04/2020,FYV,AR,ASW,ES,Federal Contract Tower,0,3,20,0,23,0,2,25,0,27,0,5,45,0,50,40,0,40,90
09/05/2020,FYV,AR,ASW,ES,Federal Contract Tower,0,0,14,0,14,0,19,130,0,149,0,19,144,0,163,80,0,80,243
09/06/2020,FYV,AR,ASW,ES,Federal Contract Tower,0,2,4,0,6,0,14,121,0,135,0,16,125,0,141,126,0,126,267
09/07/2020,FYV,AR,ASW,ES,Federal Contract Tower,0,3,7,0,10,0,1,65,0,66,0,4,72,0,76,76,0,76,152
09/08/2020,FYV,AR,ASW,ES,Federal Contract Tower,0,5,6,0,11,0,6,31,0,37,0,11,37,0,48,38,0,38,86
09/09/2020,FYV,AR,ASW,ES,Federal Contract Tower,0,5,5,1,11,0,2,41,0,43,0,7,46,1,54,34,0,34,88
09/10/2020,FYV,AR,ASW,ES,Federal Contract Tower,0,1,14,0,15,0,0,1,0,1,0,1,15,0,16,0,0,0,16
09/11/2020,FYV,AR,ASW,ES,Federal Contract Tower,0,9,15,0,24,0,0,6,0,6,0,9,21,0,30,14,0,14,44
09/12/2020,FYV,AR,ASW,ES,Federal Contract Tower,0,2,9,0,11,0,20,41,1,62,0,22,50,1,73,40,0,40,113
09/13/2020,FYV,AR,ASW,ES,Federal Contract Tower,0,4,4,0,8,0,24,68,0,92,0,28,72,0,100,20,0,20,120
09/14/2020,FYV,AR,ASW,ES,Federal Contract Tower,0,0,8,0,8,0,0,38,0,38,0,0,46,0,46,58,0,58,104
09/15/2020,FYV,AR,ASW,ES,Federal Contract Tower,0,6,12,0,18,0,2,32,0,34,0,8,44,0,52,14,0,14,66
09/16/2020,FYV,AR,ASW,ES,Federal Contract Tower,0,2,8,0,10,0,2,29,0,31,0,4,37,0,41,56,0,56,97
09/17/2020,FYV,AR,ASW,ES,Federal Contract Tower,0,3,9,0,12,0,0,31,0,31,0,3,40,0,43,18,0,18,61
09/18/2020,FYV,AR,ASW,ES,Federal Contract Tower,0,3,25,0,28,0,2,47,0,49,0,5,72,0,77,38,0,38,115
09/19/2020,FYV,AR,ASW,ES,Federal Contract Tower,0,2,5,0,7,0,22,54,0,76,0,24,59,0,83,44,0,44,127
09/20/2020,FYV,AR,ASW,ES,Federal Contract Tower,0,4,6,0,10,0,14,56,0,70,0,18,62,0,80,6,0,6,86
09/21/2020,FYV,AR,ASW,ES,Federal Contract Tower,0,5,7,0,12,0,0,32,0,32,0,5,39,0,44,64,0,64,108
09/22/2020,FYV,AR,ASW,ES,Federal Contract Tower,0,4,15,0,19,0,0,1,0,1,0,4,16,0,20,0,0,0,20
09/23/2020,FYV,AR,ASW,ES,Federal Contract Tower,0,5,21,0,26,0,0,12,0,12,0,5,33,0,38,72,0,72,110
09/24/2020,FYV,AR,ASW,ES,Federal Contract Tower,0,7,12,1,20,0,0,39,1,40,0,7,51,2,60,42,0,42,102
09/25/2020,FYV,AR,ASW,ES,Federal Contract Tower,0,3,30,0,33,0,1,34,0,35,0,4,64,0,68,2,0,2,70
09/26/2020,FYV,AR,ASW,ES,Federal Contract Tower,0,10,42,0,52,0,0,46,0,46,0,10,88,0,98,24,0,24,122
09/27/2020,FYV,AR,ASW,ES,Federal Contract Tower,0,3,22,0,25,0,0,32,0,32,0,3,54,0,57,12,0,12,69
09/28/2020,FYV,AR,ASW,ES,Federal Contract Tower,0,4,10,0,14,0,0,31,0,31,0,4,41,0,45,20,0,20,65
09/29/2020,FYV,AR,ASW,ES,Federal Contract Tower,0,6,3,2,11,0,0,49,0,49,0,6,52,2,60,24,14,38,98
09/30/2020,FYV,AR,ASW,ES,Federal Contract Tower,0,4,8,0,12,0,0,32,0,32,0,4,40,0,44,24,0,24,68
10/01/2020,FYV,AR,ASW,ES,Federal Contract Tower,0,4,10,0,14,0,0,25,1,26,0,4,35,1,40,22,0,22,62
10/02/2020,FYV,AR,ASW,ES,Federal Contract Tower,0,2,25,0,27,0,0,51,0,51,0,2,76,0,78,50,0,50,128
10/03/2020,FYV,AR,ASW,ES,Federal Contract Tower,0,1,7,0,8,0,11,34,0,45,0,12,41,0,53,12,0,12,65
10/04/2020,FYV,AR,ASW,ES,Federal Contract Tower,0,4,20,0,24,0,16,44,2,62,0,20,64,2,86,10,0,10,96
10/05/2020,FYV,AR,ASW,ES,Federal Contract Tower,0,2,8,0,10,0,4,50,3,57,0,6,58,3,67,50,0,50,117
10/06/2020,FYV,AR,ASW,ES,Federal Contract Tower,0,1,12,0,13,0,3,30,0,33,0,4,42,0,46,32,0,32,78
10/07/2020,FYV,AR,ASW,ES,Federal Contract Tower,0,3,10,0,13,0,0,35,0,35,0,3,45,0,48,32,0,32,80
10/08/2020,FYV,AR,ASW,ES,Federal Contract Tower,0,5,8,0,13,0,4,25,4,33,0,9,33,4,46,36,0,36,82
10/09/2020,FYV,AR,ASW,ES,Federal Contract Tower,0,3,16,0,19,0,2,35,0,37,0,5,51,0,56,38,0,38,94
10/10/2020,FYV,AR,ASW,ES,Federal Contract Tower,0,3,5,0,8,0,20,54,0,74,0,23,59,0,82,10,0,10,92
10/11/2020,FYV,AR,ASW,ES,Federal Contract Tower,0,4,12,0,16,0,17,44,0,61,0,21,56,0,77,58,0,58,135
10/12/2020,FYV,AR,ASW,ES,Federal Contract Tower,0,6,10,0,16,0,1,24,0,25,0,7,34,0,41,0,0,0,41
10/13/2020,FYV,AR,ASW,ES,Federal Contract Tower,0,3,7,0,10,0,2,33,2,37,0,5,40,2,47,20,0,20,67
10/14/2020,FYV,AR,ASW,ES,Federal Contract Tower,0,4,14,4,22,0,0,14,4,18,0,4,28,8,40,4,0,4,44
10/15/2020,FYV,AR,ASW,ES,Federal Contract Tower,0,4,14,0,18,0,0,13,2,15,0,4,27,2,33,0,0,0,33
10/16/2020,FYV,AR,ASW,ES,Federal Contract Tower,0,5,16,0,21,0,1,53,2,56,0,6,69,2,77,84,0,84,161
10/17/2020,FYV,AR,ASW,ES,Federal Contract Tower,0,3,37,0,40,0,0,21,0,21,0,3,58,0,61,20,0,20,81
10/18/2020,FYV,AR,ASW,ES,Federal Contract Tower,0,6,33,0,39,0,0,11,0,11,0,6,44,0,50,8,0,8,58
10/19/2020,FYV,AR,ASW,ES,Federal Contract Tower,0,1,8,0,9,0,0,0,0,0,0,1,8,0,9,0,0,0,9
10/20/2020,FYV,AR,ASW,ES,Federal Contract Tower,0,2,4,0,6,0,0,7,0,7,0,2,11,0,13,26,0,26,39
10/21/2020,FYV,AR,ASW,ES,Federal Contract Tower,0,1,9,3,13,0,2,27,5,34,0,3,36,8,47,22,4,26,73
10/22/2020,FYV,AR,ASW,ES,Federal Contract Tower,0,1,11,1,13,0,0,28,1,29,0,1,39,2,42,38,0,38,80
10/23/2020,FYV,AR,ASW,ES,Federal Contract Tower,0,4,15,0,19,0,0,0,0,0,0,4,15,0,19,0,0,0,19
10/24/2020,FYV,AR,ASW,ES,Federal Contract Tower,0,0,12,0,12,0,0,11,0,11,0,0,23,0,23,18,0,18,41
10/25/2020,FYV,AR,ASW,ES,Federal Contract Tower,0,4,12,0,16,0,0,9,0,9,0,4,21,0,25,32,0,32,57
10/26/2020,FYV,AR,ASW,ES,Federal Contract Tower,0,2,6,0,8,0,0,0,0,0,0,2,6,0,8,0,0,0,8
10/27/2020,FYV,AR,ASW,ES,Federal Contract Tower,0,2,15,0,17,0,0,0,0,0,0,2,15,0,17,0,0,0,17
10/28/2020,FYV,AR,ASW,ES,Federal Contract Tower,0,9,0,0,9,0,0,0,0,0,0,9,0,0,9,0,0,0,9
10/29/2020,FYV,AR,ASW,ES,Federal Contract Tower,0,3,9,0,12,0,0,4,0,4,0,3,13,0,16,0,0,0,16
10/30/2020,FYV,AR,ASW,ES,Federal Contract Tower,2,6,10,2,20,0,1,85,4,90,2,7,95,6,110,66,0,66,176
10/31/2020,FYV,AR,ASW,ES,Federal Contract Tower,0,0,16,0,16,0,2,51,0,53,0,2,67,0,69,116,0,116,185
11/01/2020,FYV,AR,ASW,ES,Federal Contract Tower,0,4,15,0,19,0,13,57,0,70,0,17,72,0,89,36,0,36,125
11/02/2020,FYV,AR,ASW,ES,Federal Contract Tower,0,1,5,0,6,0,4,44,0,48,0,5,49,0,54,32,0,32,86
11/03/2020,FYV,AR,ASW,ES,Federal Contract Tower,0,6,6,0,12,0,3,39,0,42,0,9,45,0,54,92,0,92,146
11/04/2020,FYV,AR,ASW,ES,Federal Contract Tower,0,3,13,0,16,0,2,15,4,21,0,5,28,4,37,6,0,6,43
11/05/2020,FYV,AR,ASW,ES,Federal Contract Tower,0,7,15,0,22,0,3,46,4,53,0,10,61,4,75,36,0,36,111
11/06/2020,FYV,AR,ASW,ES,Federal Contract Tower,0,5,18,0,23,0,0,66,2,68,0,5,84,2,91,16,0,16,107
11/07/2020,FYV,AR,ASW,ES,Federal Contract Tower,0,3,32,0,35,0,0,52,0,52,0,3,84,0,87,64,0,64,151
11/08/2020,FYV,AR,ASW,ES,Federal Contract Tower,0,7,58,0,65,0,0,22,0,22,0,7,80,0,87,14,0,14,101
11/09/2020,FYV,AR,ASW,ES,Federal Contract Tower,0,2,11,0,13,0,0,9,0,9,0,2,20,0,22,16,0,16,38
11/10/2020,FYV,AR,ASW,ES,Federal Contract Tower,0,1,13,0,14,0,0,6,0,6,0,1,19,0,20,0,0,0,20
11/11/2020,FYV,AR,ASW,ES,Federal Contract Tower,0,2,11,0,13,0,2,44,0,46,0,4,55,0,59,32,0,32,91
11/12/2020,FYV,AR,ASW,ES,Federal Contract Tower,0,2,11,0,13,0,0,29,0,29,0,2,40,0,42,50,0,50,92
11/13/2020,FYV,AR,ASW,ES,Federal Contract Tower,0,4,16,0,20,0,0,36,0,36,0,4,52,0,56,34,0,34,90
11/14/2020,FYV,AR,ASW,ES,Federal Contract Tower,0,2,7,0,9,0,0,3,0,3,0,2,10,0,12,0,0,0,12
11/15/2020,FYV,AR,ASW,ES,Federal Contract Tower,0,2,11,0,13,0,16,33,0,49,0,18,44,0,62,10,0,10,72
11/16/2020,FYV,AR,ASW,ES,Federal Contract Tower,0,0,9,0,9,0,2,39,0,41,0,2,48,0,50,24,0,24,74
11/17/2020,FYV,AR,ASW,ES,Federal Contract Tower,0,3,23,0,26,0,2,74,0,76,0,5,97,0,102,106,0,106,208
11/18/2020,FYV,AR,ASW,ES,Federal Contract Tower,0,1,13,6,20,0,0,28,0,28,0,1,41,6,48,20,6,26,74
11/19/2020,FYV,AR,ASW,ES,Federal Contract Tower,0,5,12,4,21,0,2,9,0,11,0,7,21,4,32,6,0,6,38
11/20/2020,FYV,AR,ASW,ES,Federal Contract Tower,0,0,25,0,25,0,0,24,0,24,0,0,49,0,49,44,0,44,93
11/21/2020,FYV,AR,ASW,ES,Federal Contract Tower,0,9,34,0,43,0,0,1,0,1,0,9,35,0,44,0,0,0,44
11/22/2020,FYV,AR,ASW,ES,Federal Contract Tower,2,3,31,0,36,0,0,4,0,4,2,3,35,0,40,0,0,0,40
11/23/2020,FYV,AR,ASW,ES,Federal Contract Tower,0,2,6,3,11,0,0,39,3,42,0,2,45,6,53,82,14,96,149
11/24/2020,FYV,AR,ASW,ES,Federal Contract Tower,0,2,5,0,7,0,0,3,0,3,0,2,8,0,10,10,0,10,20
11/25/2020,FYV,AR,ASW,ES,Federal Contract Tower,0,9,14,0,23,0,0,3,0,3,0,9,17,0,26,0,0,0,26
11/26/2020,FYV,AR,ASW,ES,Federal Contract Tower,0,0,1,0,1,0,0,16,0,16,0,0,17,0,17,12,0,12,29
11/27/2020,FYV,AR,ASW,ES,Federal Contract Tower,0,2,6,0,8,0,0,46,0,46,0,2,52,0,54,36,0,36,90
11/28/2020,FYV,AR,ASW,ES,Federal Contract Tower,0,2,9,0,11,0,0,41,0,41,0,2,50,0,52,40,0,40,92
11/29/2020,FYV,AR,ASW,ES,Federal Contract Tower,0,3,10,0,13,0,0,7,0,7,0,3,17,0,20,28,0,28,48
11/30/2020,FYV,AR,ASW,ES,Federal Contract Tower,0,6,9,0,15,0,0,30,0,30,0,6,39,0,45,22,0,22,67
12/01/2020,FYV,AR,ASW,ES,Federal Contract Tower,0,1,9,0,10,0,2,52,0,54,0,3,61,0,64,60,0,60,124
12/02/2020,FYV,AR,ASW,ES,Federal Contract Tower,0,5,10,0,15,0,0,10,0,10,0,5,20,0,25,24,0,24,49
12/03/2020,FYV,AR,ASW,ES,Federal Contract Tower,0,5,6,0,11,0,0,0,0,0,0,5,6,0,11,0,0,0,11
12/04/2020,FYV,AR,ASW,ES,Federal Contract Tower,0,0,8,1,9,0,0,31,0,31,0,0,39,1,40,4,44,48,88
12/05/2020,FYV,AR,ASW,ES,Federal Contract Tower,0,2,8,0,10,0,0,60,6,66,0,2,68,6,76,60,0,60,136
12/06/2020,FYV,AR,ASW,ES,Federal Contract Tower,0,2,3,0,5,0,0,31,0,31,0,2,34,0,36,78,0,78,114
12/07/2020,FYV,AR,ASW,ES,Federal Contract Tower,0,4,3,0,7,0,0,37,2,39,0,4,40,2,46,46,0,46,92
12/08/2020,FYV,AR,ASW,ES,Federal Contract Tower,0,5,10,0,15,0,0,49,2,51,0,5,59,2,66,66,6,72,138
12/09/2020,FYV,AR,ASW,ES,Federal Contract Tower,0,2,13,0,15,0,0,64,0,64,0,2,77,0,79,96,0,96,175
12/10/2020,FYV,AR,ASW,ES,Federal Contract Tower,0,1,11,0,12,0,1,30,0,31,0,2,41,0,43,26,0,26,69
12/11/2020,FYV,AR,ASW,ES,Federal Contract Tower,0,1,14,0,15,0,0,0,0,0,0,1,14,0,15,0,0,0,15
12/12/2020,FYV,AR,ASW,ES,Federal Contract Tower,0,6,37,0,43,0,0,1,0,1,0,6,38,0,44,0,0,0,44
12/13/2020,FYV,AR,ASW,ES,Federal Contract Tower,0,0,4,0,4,0,0,0,0,0,0,0,4,0,4,0,0,0,4
12/14/2020,FYV,AR,ASW,ES,Federal Contract Tower,0,0,8,0,8,0,0,30,2,32,0,0,38,2,40,26,0,26,66
12/15/2020,FYV,AR,ASW,ES,Federal Contract Tower,0,3,3,0,6,0,0,17,0,17,0,3,20,0,23,90,0,90,113
12/16/2020,FYV,AR,ASW,ES,Federal Contract Tower,0,6,12,0,18,0,0,8,0,8,0,6,20,0,26,0,0,0,26
12/17/2020,FYV,AR,ASW,ES,Federal Contract Tower,0,9,19,0,28,0,0,34,0,34,0,9,53,0,62,32,0,32,94
12/18/2020,FYV,AR,ASW,ES,Federal Contract Tower,0,3,16,0,19,0,0,26,0,26,0,3,42,0,45,16,0,16,61
12/19/2020,FYV,AR,ASW,ES,Federal Contract Tower,0,3,2,0,5,0,0,20,0,20,0,3,22,0,25,54,0,54,79
12/20/2020,FYV,AR,ASW,ES,Federal Contract Tower,0,1,3,0,4,0,0,21,0,21,0,1,24,0,25,40,0,40,65
12/21/2020,FYV,AR,ASW,ES,Federal Contract Tower,0,6,5,0,11,0,0,29,0,29,0,6,34,0,40,30,0,30,70
12/22/2020,FYV,AR,ASW,ES,Federal Contract Tower,0,9,25,0,34,0,0,35,0,35,0,9,60,0,69,18,0,18,87
12/23/2020,FYV,AR,ASW,ES,Federal Contract Tower,0,3,8,0,11,0,0,5,0,5,0,3,13,0,16,0,0,0,16
12/24/2020,FYV,AR,ASW,ES,Federal Contract Tower,0,0,3,0,3,0,0,1,0,1,0,0,4,0,4,0,0,0,4
12/25/2020,FYV,AR,ASW,ES,Federal Contract Tower,0,0,1,0,1,0,0,10,0,10,0,0,11,0,11,20,0,20,31
12/26/2020,FYV,AR,ASW,ES,Federal Contract Tower,0,2,9,0,11,0,0,26,0,26,0,2,35,0,37,10,0,10,47
12/27/2020,FYV,AR,ASW,ES,Federal Contract Tower,0,0,3,0,3,0,0,9,0,9,0,0,12,0,12,0,0,0,12
12/28/2020,FYV,AR,ASW,ES,Federal Contract Tower,0,2,8,0,10,0,0,43,0,43,0,2,51,0,53,82,0,82,135
12/29/2020,FYV,AR,ASW,ES,Federal Contract Tower,0,1,7,0,8,0,0,7,0,7,0,1,14,0,15,6,0,6,21
12/30/2020,FYV,AR,ASW,ES,Federal Contract Tower,0,3,7,0,10,0,0,0,0,0,0,3,7,0,10,0,0,0,10
12/31/2020,FYV,AR,ASW,ES,Federal Contract Tower,0,4,6,0,10,0,0,7,0,7,0,4,13,0,17,28,0,28,45
01/01/2021,FYV,AR,ASW,ES,Federal Contract Tower,0,2,4,0,6,0,0,0,0,0,0,2,4,0,6,0,0,0,6
01/02/2021,FYV,AR,ASW,ES,Federal Contract Tower,0,6,5,0,11,0,0,4,0,4,0,6,9,0,15,10,0,10,25
01/03/2021,FYV,AR,ASW,ES,Federal Contract Tower,2,4,9,0,15,0,0,45,0,45,2,4,54,0,60,114,0,114,174
01/04/2021,FYV,AR,ASW,ES,Federal Contract Tower,0,2,6,2,10,0,1,38,0,39,0,3,44,2,49,64,0,64,113
01/05/2021,FYV,AR,ASW,ES,Federal Contract Tower,2,1,5,0,8,0,0,68,0,68,2,1,73,0,76,50,0,50,126
01/06/2021,FYV,AR,ASW,ES,Federal Contract Tower,0,0,5,0,5,0,0,4,0,4,0,0,9,0,9,0,0,0,9
01/07/2021,FYV,AR,ASW,ES,Federal Contract Tower,1,0,2,0,3,0,0,0,0,0,1,0,2,0,3,0,0,0,3
01/08/2021,FYV,AR,ASW,ES,Federal Contract Tower,0,0,12,0,12,0,0,24,0,24,0,0,36,0,36,18,0,18,54
01/09/2021,FYV,AR,ASW,ES,Federal Contract Tower,0,4,9,0,13,0,13,53,2,68,0,17,62,2,81,34,0,34,115
01/10/2021,FYV,AR,ASW,ES,Federal Contract Tower,0,0,6,0,6,0,6,14,0,20,0,6,20,0,26,23,0,23,49
01/11/2021,FYV,AR,ASW,ES,Federal Contract Tower,1,1,8,0,10,0,2,13,0,15,1,3,21,0,25,14,0,14,39
01/12/2021,FYV,AR,ASW,ES,Federal Contract Tower,2,6,11,0,19,0,1,50,1,52,2,7,61,1,71,52,14,66,137
01/13/2021,FYV,AR,ASW,ES,Federal Contract Tower,0,3,6,0,9,0,0,42,0,42,0,3,48,0,51,20,0,20,71
01/14/2021,FYV,AR,ASW,ES,Federal Contract Tower,0,6,16,0,22,0,2,13,0,15,0,8,29,0,37,8,0,8,45
01/15/2021,FYV,AR,ASW,ES,Federal Contract Tower,1,3,10,0,14,0,0,5,0,5,1,3,15,0,19,0,0,0,19
01/16/2021,FYV,AR,ASW,ES,Federal Contract Tower,2,4,8,0,14,0,11,32,0,43,2,15,40,0,57,41,0,41,98
01/17/2021,FYV,AR,ASW,ES,Federal Contract Tower,1,2,8,0,11,0,7,33,6,46,1,9,41,6,57,6,0,6,63
01/18/2021,FYV,AR,ASW,ES,Federal Contract Tower,0,3,10,0,13,0,0,31,0,31,0,3,41,0,44,22,0,22,66
01/19/2021,FYV,AR,ASW,ES,Federal Contract Tower,0,4,13,0,17,0,0,41,0,41,0,4,54,0,58,112,0,112,170
01/20/2021,FYV,AR,ASW,ES,Federal Contract Tower,0,3,10,0,13,0,0,19,0,19,0,3,29,0,32,44,0,44,76
01/21/2021,FYV,AR,ASW,ES,Federal Contract Tower,0,4,17,0,21,0,0,11,0,11,0,4,28,0,32,20,0,20,52
01/22/2021,FYV,AR,ASW,ES,Federal Contract Tower,2,0,18,0,20,0,0,41,0,41,2,0,59,0,61,18,0,18,79
01/23/2021,FYV,AR,ASW,ES,Federal Contract Tower,2,2,13,0,17,0,0,44,0,44,2,2,57,0,61,88,0,88,149
01/24/2021,FYV,AR,ASW,ES,Federal Contract Tower,0,3,6,0,9,0,0,0,0,0,0,3,6,0,9,0,0,0,9
01/25/2021,FYV,AR,ASW,ES,Federal Contract Tower,0,5,7,0,12,0,0,6,0,6,0,5,13,0,18,8,0,8,26
01/26/2021,FYV,AR,ASW,ES,Federal Contract Tower,1,2,8,0,11,0,0,4,0,4,1,2,12,0,15,0,0,0,15
01/27/2021,FYV,AR,ASW,ES,Federal Contract Tower,1,5,11,0,17,0,0,1,0,1,1,5,12,0,18,0,0,0,18
01/28/2021,FYV,AR,ASW,ES,Federal Contract Tower,0,4,13,0,17,0,0,55,0,55,0,4,68,0,72,82,24,106,178
01/29/2021,FYV,AR,ASW,ES,Federal Contract Tower,0,9,21,0,30,0,0,47,0,47,0,9,68,0,77,12,0,12,89
01/30/2021,FYV,AR,ASW,ES,Federal Contract Tower,0,5,5,0,10,0,0,6,0,6,0,5,11,0,16,0,0,0,16
01/31/2021,FYV,AR,ASW,ES,Federal Contract Tower,1,3,12,0,16,0,0,1,0,1,1,3,13,0,17,0,0,0,17
02/01/2021,FYV,AR,ASW,ES,Federal Contract Tower,1,3,7,0,11,0,0,22,0,22,1,3,29,0,33,26,0,26,59
02/02/2021,FYV,AR,ASW,ES,Federal Contract Tower,2,3,9,2,16,0,1,60,0,61,2,4,69,2,77,80,0,80,157
02/03/2021,FYV,AR,ASW,ES,Federal Contract Tower,0,6,14,2,22,0,2,57,0,59,0,8,71,2,81,46,12,58,139
02/04/2021,FYV,AR,ASW,ES,Federal Contract Tower,2,4,13,2,21,0,0,10,0,10,2,4,23,2,31,0,6,6,37
02/05/2021,FYV,AR,ASW,ES,Federal Contract Tower,0,3,13,0,16,0,2,44,0,46,0,5,57,0,62,74,0,74,136
02/06/2021,FYV,AR,ASW,ES,Federal Contract Tower,1,4,8,0,13,0,0,22,0,22,1,4,30,0,35,26,0,26,61
02/07/2021,FYV,AR,ASW,ES,Federal Contract Tower,1,7,5,0,13,0,0,0,0,0,1,7,5,0,13,0,0,0,13
02/08/2021,FYV,AR,ASW,ES,Federal Contract Tower,4,0,11,0,15,0,0,0,0,0,4,0,11,0,15,0,0,0,15
02/09/2021,FYV,AR,ASW,ES,Federal Contract Tower,0,4,7,0,11,0,0,0,0,0,0,4,7,0,11,0,0,0,11
02/10/2021,FYV,AR,ASW,ES,Federal Contract Tower,0,4,4,0,8,0,0,0,0,0,0,4,4,0,8,0,0,0,8
02/11/2021,FYV,AR,ASW,ES,Federal Contract Tower,0,6,1,0,7,0,0,0,0,0,0,6,1,0,7,0,0,0,7
02/12/2021,FYV,AR,ASW,ES,Federal Contract Tower,0,4,9,0,13,0,0,1,0,1,0,4,10,0,14,0,0,0,14
02/13/2021,FYV,AR,ASW,ES,Federal Contract Tower,0,3,7,0,10,0,0,0,0,0,0,3,7,0,10,0,0,0,10
02/14/2021,FYV,AR,ASW,ES,Federal Contract Tower,0,2,2,0,4,0,0,0,0,0,0,2,2,0,4,0,0,0,4
02/15/2021,FYV,AR,ASW,ES,Federal Contract Tower,0,0,1,0,1,0,0,0,0,0,0,0,1,0,1,0,0,0,1
02/16/2021,FYV,AR,ASW,ES,Federal Contract Tower,0,2,5,0,7,0,0,0,0,0,0,2,5,0,7,0,0,0,7
02/17/2021,FYV,AR,ASW,ES,Federal Contract Tower,0,1,0,0,1,0,0,0,0,0,0,1,0,0,1,0,0,0,1
02/18/2021,FYV,AR,ASW,ES,Federal Contract Tower,0,1,9,0,10,0,0,8,0,8,0,1,17,0,18,14,0,14,32
02/19/2021,FYV,AR,ASW,ES,Federal Contract Tower,0,5,16,0,21,0,1,12,0,13,0,6,28,0,34,18,0,18,52
02/20/2021,FYV,AR,ASW,ES,Federal Contract Tower,1,4,8,0,13,0,11,41,0,52,1,15,49,0,65,70,0,70,135
02/21/2021,FYV,AR,ASW,ES,Federal Contract Tower,1,2,8,0,11,0,0,0,0,0,1,2,8,0,11,0,0,0,11
02/22/2021,FYV,AR,ASW,ES,Federal Contract Tower,0,1,8,0,9,0,5,39,0,44,0,6,47,0,53,46,0,46,99
02/24/2021,FYV,AR,ASW,ES,Federal Contract Tower,1,2,22,7,32,0,0,38,3,41,1,2,60,10,73,54,0,54,127
02/25/2021,FYV,AR,ASW,ES,Federal Contract Tower,0,7,14,3,24,0,1,30,6,37,0,8,44,9,61,58,48,106,167
02/26/2021,FYV,AR,ASW,ES,Federal Contract Tower,1,8,27,0,36,0,0,2,0,2,1,8,29,0,38,0,0,0,38
02/27/2021,FYV,AR,ASW,ES,Federal Contract Tower,1,4,7,0,12,0,2,19,0,21,1,6,26,0,33,44,0,44,77
02/28/2021,FYV,AR,ASW,ES,Federal Contract Tower,1,4,16,0,21,0,0,6,0,6,1,4,22,0,27,4,0,4,31
03/01/2021,FYV,AR,ASW,ES,Federal Contract Tower,2,3,15,0,20,0,4,38,0,42,2,7,53,0,62,66,0,66,128
03/02/2021,FYV,AR,ASW,ES,Federal Contract Tower,0,2,11,8,21,0,0,26,0,26,0,2,37,8,47,44,0,44,91
03/03/2021,FYV,AR,ASW,ES,Federal Contract Tower,0,4,9,2,15,0,3,45,0,48,0,7,54,2,63,6,0,6,69
03/04/2021,FYV,AR,ASW,ES,Federal Contract Tower,0,4,28,0,32,0,8,65,5,78,0,12,93,5,110,110,6,116,226
03/05/2021,FYV,AR,ASW,ES,Federal Contract Tower,4,2,17,0,23,0,0,3,0,3,4,2,20,0,26,0,0,0,26
03/06/2021,FYV,AR,ASW,ES,Federal Contract Tower,2,3,15,0,20,0,18,90,0,108,2,21,105,0,128,48,0,48,176
03/07/2021,FYV,AR,ASW,ES,Federal Contract Tower,0,5,15,0,20,0,19,76,0,95,0,24,91,0,115,66,0,66,181
03/08/2021,FYV,AR,ASW,ES,Federal Contract Tower,0,7,13,0,20,0,2,32,0,34,0,9,45,0,54,32,0,32,86
03/09/2021,FYV,AR,ASW,ES,Federal Contract Tower,1,0,20,0,21,0,0,15,0,15,1,0,35,0,36,0,0,0,36
03/10/2021,FYV,AR,ASW,ES,Federal Contract Tower,0,12,20,1,33,0,1,3,1,5,0,13,23,2,38,2,0,2,40
03/11/2021,FYV,AR,ASW,ES,Federal Contract Tower,0,6,24,0,30,0,0,1,0,1,0,6,25,0,31,0,0,0,31
03/12/2021,FYV,AR,ASW,ES,Federal Contract Tower,0,7,16,0,23,0,0,10,0,10,0,7,26,0,33,38,0,38,71
03/13/2021,FYV,AR,ASW,ES,Federal Contract Tower,2,6,18,0,26,0,0,11,0,11,2,6,29,0,37,30,0,30,67
03/14/2021,FYV,AR,ASW,ES,Federal Contract Tower,0,5,11,0,16,0,0,0,0,0,0,5,11,0,16,0,0,0,16
03/15/2021,FYV,AR,ASW,ES,Federal Contract Tower,2,2,17,0,21,0,2,30,0,32,2,4,47,0,53,30,0,30,83
03/16/2021,FYV,AR,ASW,ES,Federal Contract Tower,0,1,20,1,22,0,3,56,3,62,0,4,76,4,84,118,0,118,202
03/17/2021,FYV,AR,ASW,ES,Federal Contract Tower,0,1,11,0,12,0,0,0,0,0,0,1,11,0,12,0,0,0,12
03/18/2021,FYV,AR,ASW,ES,Federal Contract Tower,0,7,13,0,20,0,0,0,0,0,0,7,13,0,20,0,0,0,20
03/19/2021,FYV,AR,ASW,ES,Federal Contract Tower,0,5,26,2,33,0,0,33,2,35,0,5,59,4,68,20,0,20,88
03/20/2021,FYV,AR,ASW,ES,Federal Contract Tower,0,8,15,6,29,0,33,80,2,115,0,41,95,8,144,38,0,38,182
03/21/2021,FYV,AR,ASW,ES,Federal Contract Tower,0,3,14,0,17,0,2,21,0,23,0,5,35,0,40,26,0,26,66
03/22/2021,FYV,AR,ASW,ES,Federal Contract Tower,0,3,8,0,11,0,0,3,5,8,0,3,11,5,19,8,0,8,27
03/23/2021,FYV,AR,ASW,ES,Federal Contract Tower,0,4,7,0,11,0,0,1,3,4,0,4,8,3,15,0,0,0,15
03/24/2021,FYV,AR,ASW,ES,Federal Contract Tower,1,3,25,5,34,0,4,51,6,61,1,7,76,11,95,76,6,82,177
03/25/2021,FYV,AR,ASW,ES,Federal Contract Tower,1,1,18,0,20,0,0,0,0,0,1,1,18,0,20,0,0,0,20
03/26/2021,FYV,AR,ASW,ES,Federal Contract Tower,2,5,15,2,24,0,1,51,0,52,2,6,66,2,76,30,4,34,110
03/27/2021,FYV,AR,ASW,ES,Federal Contract Tower,0,1,10,0,11,0,13,33,0,46,0,14,43,0,57,20,0,20,77
03/28/2021,FYV,AR,ASW,ES,Federal Contract Tower,2,2,17,0,21,0,16,63,0,79,2,18,80,0,100,18,0,18,118
03/29/2021,FYV,AR,ASW,ES,Federal Contract Tower,0,8,13,0,21,0,0,36,0,36,0,8,49,0,57,32,0,32,89
03/30/2021,FYV,AR,ASW,ES,Federal Contract Tower,2,2,10,0,14,0,0,7,0,7,2,2,17,0,21,0,0,0,21
03/31/2021,FYV,AR,ASW,ES,Federal Contract Tower,0,2,16,0,18,0,0,26,0,26,0,2,42,0,44,28,0,28,72
04/01/2021,FYV,AR,ASW,ES,Federal Contract Tower,1,4,22,4,31,0,4,51,10,65,1,8,73,14,96,48,0,48,144
04/02/2021,FYV,AR,ASW,ES,Federal Contract Tower,0,4,9,0,13,0,1,57,0,58,0,5,66,0,71,52,0,52,123
04/03/2021,FYV,AR,ASW,ES,Federal Contract Tower,2,4,14,0,20,0,20,76,0,96,2,24,90,0,116,60,0,60,176
04/04/2021,FYV,AR,ASW,ES,Federal Contract Tower,0,6,17,0,23,0,20,57,0,77,0,26,74,0,100,10,0,10,110
04/05/2021,FYV,AR,ASW,ES,Federal Contract Tower,0,11,11,0,22,0,2,19,5,26,0,13,30,5,48,0,0,0,48
04/06/2021,FYV,AR,ASW,ES,Federal Contract Tower,0,5,12,0,17,0,0,21,5,26,0,5,33,5,43,20,0,20,63
04/07/2021,FYV,AR,ASW,ES,Federal Contract Tower,0,3,12,0,15,0,0,2,1,3,0,3,14,1,18,0,0,0,18
04/08/2021,FYV,AR,ASW,ES,Federal Contract Tower,0,5,14,0,19,0,0,27,2,29,0,5,41,2,48,14,0,14,62
04/09/2021,FYV,AR,ASW,ES,Federal Contract Tower,0,1,9,0,10,0,0,20,1,21,0,1,29,1,31,0,4,4,35
04/10/2021,FYV,AR,ASW,ES,Federal Contract Tower,0,7,18,2,27,0,0,7,0,7,0,7,25,2,34,0,0,0,34
04/11/2021,FYV,AR,ASW,ES,Federal Contract Tower,0,6,11,0,17,0,24,67,0,91,0,30,78,0,108,38,0,38,146
04/12/2021,FYV,AR,ASW,ES,Federal Contract Tower,0,3,11,0,14,0,2,23,0,25,0,5,34,0,39,14,0,14,53
04/13/2021,FYV,AR,ASW,ES,Federal Contract Tower,0,3,19,0,22,0,0,19,8,27,0,3,38,8,49,36,20,56,105
04/14/2021,FYV,AR,ASW,ES,Federal Contract Tower,0,13,13,1,27,0,1,10,0,11,0,14,23,1,38,2,0,2,40
04/15/2021,FYV,AR,ASW,ES,Federal Contract Tower,4,7,16,5,32,0,0,37,4,41,4,7,53,9,73,28,2,30,103
04/16/2021,FYV,AR,ASW,ES,Federal Contract Tower,1,2,15,0,18,0,0,3,0,3,1,2,18,0,21,0,0,0,21
04/17/2021,FYV,AR,ASW,ES,Federal Contract Tower,2,3,12,0,17,0,0,21,2,23,2,3,33,2,40,44,0,44,84
04/18/2021,FYV,AR,ASW,ES,Federal Contract Tower,4,7,35,1,47,0,0,58,6,64,4,7,93,7,111,46,6,52,163
04/19/2021,FYV,AR,ASW,ES,Federal Contract Tower,0,8,13,0,21,0,2,47,0,49,0,10,60,0,70,26,0,26,96
04/20/2021,FYV,AR,ASW,ES,Federal Contract Tower,0,4,7,0,11,0,0,2,0,2,0,4,9,0,13,0,0,0,13
04/21/2021,FYV,AR,ASW,ES,Federal Contract Tower,2,7,19,2,30,0,6,34,2,42,2,13,53,4,72,32,8,40,112
04/22/2021,FYV,AR,ASW,ES,Federal Contract Tower,0,9,17,0,26,0,2,32,0,34,0,11,49,0,60,2,0,2,62
04/23/2021,FYV,AR,ASW,ES,Federal Contract Tower,0,6,19,0,25,0,0,19,0,19,0,6,38,0,44,26,0,26,70
04/24/2021,FYV,AR,ASW,ES,Federal Contract Tower,0,3,8,0,11,0,0,2,0,2,0,3,10,0,13,0,0,0,13
04/25/2021,FYV,AR,ASW,ES,Federal Contract Tower,0,7,13,0,20,0,28,72,0,100,0,35,85,0,120,12,0,12,132
04/26/2021,FYV,AR,ASW,ES,Federal Contract Tower,0,4,15,0,19,0,0,20,0,20,0,4,35,0,39,4,0,4,43
04/27/2021,FYV,AR,ASW,ES,Federal Contract Tower,0,5,12,1,18,0,1,16,3,20,0,6,28,4,38,30,0,30,68
04/28/2021,FYV,AR,ASW,ES,Federal Contract Tower,0,4,4,0,8,0,0,0,0,0,0,4,4,0,8,0,0,0,8
04/29/2021,FYV,AR,ASW,ES,Federal Contract Tower,6,7,16,0,29,0,0,21,0,21,6,7,37,0,50,16,0,16,66
04/30/2021,FYV,AR,ASW,ES,Federal Contract Tower,4,1,19,0,24,0,2,59,0,61,4,3,78,0,85,18,0,18,103
05/01/2021,FYV,AR,ASW,ES,Federal Contract Tower,3,4,8,0,15,0,18,68,0,86,3,22,76,0,101,62,0,62,163
05/02/2021,FYV,AR,ASW,ES,Federal Contract Tower,0,5,9,0,14,0,0,13,0,13,0,5,22,0,27,22,0,22,49
05/03/2021,FYV,AR,ASW,ES,Federal Contract Tower,0,2,12,0,14,0,2,20,0,22,0,4,32,0,36,14,0,14,50
05/04/2021,FYV,AR,ASW,ES,Federal Contract Tower,0,0,9,0,9,0,0,2,0,2,0,0,11,0,11,0,0,0,11
05/05/2021,FYV,AR,ASW,ES,Federal Contract Tower,0,8,16,4,28,0,0,49,0,49,0,8,65,4,77,40,24,64,141
05/06/2021,FYV,AR,ASW,ES,Federal Contract Tower,0,10,23,0,33,0,0,30,4,34,0,10,53,4,67,14,0,14,81
05/07/2021,FYV,AR,ASW,ES,Federal Contract Tower,0,4,25,0,29,0,0,34,0,34,0,4,59,0,63,16,0,16,79
05/08/2021,FYV,AR,ASW,ES,Federal Contract Tower,0,6,13,0,19,0,0,31,0,31,0,6,44,0,50,42,0,42,92
05/09/2021,FYV,AR,ASW,ES,Federal Contract Tower,0,1,16,0,17,0,0,1,2,3,0,1,17,2,20,0,0,0,20
05/10/2021,FYV,AR,ASW,ES,Federal Contract Tower,0,6,21,0,27,0,1,19,0,20,0,7,40,0,47,14,0,14,61
05/11/2021,FYV,AR,ASW,ES,Federal Contract Tower,1,6,13,0,20,0,0,6,0,6,1,6,19,0,26,14,0,14,40
05/12/2021,FYV,AR,ASW,ES,Federal Contract Tower,3,3,15,0,21,0,1,24,0,25,3,4,39,0,46,30,0,30,76
05/13/2021,FYV,AR,ASW,ES,Federal Contract Tower,2,7,17,3,29,0,2,56,1,59,2,9,73,4,88,120,12,132,220
05/14/2021,FYV,AR,ASW,ES,Federal Contract Tower,0,9,12,7,28,0,2,43,1,46,0,11,55,8,74,70,20,90,164
05/15/2021,FYV,AR,ASW,ES,Federal Contract Tower,0,5,9,10,24,0,0,16,0,16,0,5,25,10,40,38,0,38,78
05/16/2021,FYV,AR,ASW,ES,Federal Contract Tower,2,4,9,0,15,0,0,22,0,22,2,4,31,0,37,22,0,22,59
05/17/2021,FYV,AR,ASW,ES,Federal Contract Tower,0,3,17,0,20,0,0,4,0,4,0,3,21,0,24,0,0,0,24
05/18/2021,FYV,AR,ASW,ES,Federal Contract Tower,0,7,14,0,21,0,0,4,0,4,0,7,18,0,25,6,0,6,31
05/19/2021,FYV,AR,ASW,ES,Federal Contract Tower,0,8,12,0,20,0,0,2,0,2,0,8,14,0,22,20,0,20,42
05/20/2021,FYV,AR,ASW,ES,Federal Contract Tower,0,7,27,0,34,0,0,1,0,1,0,7,28,0,35,0,0,0,35
05/21/2021,FYV,AR,ASW,ES,Federal Contract Tower,0,8,28,1,37,0,0,2,0,2,0,8,30,1,39,2,0,2,41
05/22/2021,FYV,AR,ASW,ES,Federal Contract Tower,0,2,6,7,15,0,16,44,0,60,0,18,50,7,75,74,0,74,149
05/23/2021,FYV,AR,ASW,ES,Federal Contract Tower,0,3,13,4,20,0,30,66,0,96,0,33,79,4,116,88,0,88,204
05/24/2021,FYV,AR,ASW,ES,Federal Contract Tower,2,2,10,0,14,0,4,46,0,50,2,6,56,0,64,66,0,66,130
05/25/2021,FYV,AR,ASW,ES,Federal Contract Tower,2,2,13,0,17,0,0,7,0,7,2,2,20,0,24,0,0,0,24
05/26/2021,FYV,AR,ASW,ES,Federal Contract Tower,0,4,18,4,26,0,0,18,0,18,0,4,36,4,44,24,6,30,74
05/27/2021,FYV,AR,ASW,ES,Federal Contract Tower,0,8,26,0,34,0,0,6,0,6,0,8,32,0,40,0,0,0,40
05/28/2021,FYV,AR,ASW,ES,Federal Contract Tower,0,3,15,0,18,0,2,18,0,20,0,5,33,0,38,12,0,12,50
05/29/2021,FYV,AR,ASW,ES,Federal Contract Tower,0,4,3,0,7,0,18,38,0,56,0,22,41,0,63,46,0,46,109
05/30/2021,FYV,AR,ASW,ES,Federal Contract Tower,2,4,9,0,15,0,28,54,0,82,2,32,63,0,97,20,0,20,117
05/31/2021,FYV,AR,ASW,ES,Federal Contract Tower,0,10,14,0,24,0,0,18,0,18,0,10,32,0,42,10,0,10,52
06/01/2021,FYV,AR,ASW,ES,Federal Contract Tower,0,7,9,0,16,0,0,0,0,0,0,7,9,0,16,0,0,0,16
06/02/2021,FYV,AR,ASW,ES,Federal Contract Tower,0,5,14,8,27,0,0,5,0,5,0,5,19,8,32,0,0,0,32
06/03/2021,FYV,AR,ASW,ES,Federal Contract Tower,0,10,20,0,30,0,0,45,0,45,0,10,65,0,75,24,0,24,99
06/04/2021,FYV,AR,ASW,ES,Federal Contract Tower,0,5,23,2,30,0,1,59,2,62,0,6,82,4,92,70,0,70,162
06/05/2021,FYV,AR,ASW,ES,Federal Contract Tower,0,7,15,0,22,0,16,83,0,99,0,23,98,0,121,38,0,38,159
06/06/2021,FYV,AR,ASW,ES,Federal Contract Tower,0,6,12,0,18,0,0,14,0,14,0,6,26,0,32,38,0,38,70
06/07/2021,FYV,AR,ASW,ES,Federal Contract Tower,0,5,21,0,26,0,2,14,0,16,0,7,35,0,42,22,0,22,64
06/08/2021,FYV,AR,ASW,ES,Federal Contract Tower,0,6,16,0,22,0,0,14,0,14,0,6,30,0,36,10,0,10,46
06/09/2021,FYV,AR,ASW,ES,Federal Contract Tower,0,7,11,0,18,0,0,23,2,25,0,7,34,2,43,12,0,12,55
06/10/2021,FYV,AR,ASW,ES,Federal Contract Tower,0,6,16,0,22,0,2,22,2,26,0,8,38,2,48,10,0,10,58
06/11/2021,FYV,AR,ASW,ES,Federal Contract Tower,0,3,35,5,43,0,37,0,0,37,0,40,35,5,80,36,0,36,116
06/12/2021,FYV,AR,ASW,ES,Federal Contract Tower,0,6,16,0,22,0,19,49,2,70,0,25,65,2,92,26,0,26,118
06/13/2021,FYV,AR,ASW,ES,Federal Contract Tower,0,3,28,0,31,0,26,95,0,121,0,29,123,0,152,36,0,36,188
06/14/2021,FYV,AR,ASW,ES,Federal Contract Tower,0,0,23,0,23,0,2,32,0,34,0,2,55,0,57,60,0,60,117
06/15/2021,FYV,AR,ASW,ES,Federal Contract Tower,0,7,22,1,30,0,4,39,5,48,0,11,61,6,78,44,0,44,122
06/16/2021,FYV,AR,ASW,ES,Federal Contract Tower,0,1,30,0,31,0,4,47,0,51,0,5,77,0,82,32,0,32,114
06/17/2021,FYV,AR,ASW,ES,Federal Contract Tower,0,12,17,0,29,0,2,61,2,65,0,14,78,2,94,36,0,36,130
06/18/2021,FYV,AR,ASW,ES,Federal Contract Tower,0,6,19,0,25,0,2,58,0,60,0,8,77,0,85,52,0,52,137
06/19/2021,FYV,AR,ASW,ES,Federal Contract Tower,0,5,7,0,12,0,23,51,0,74,0,28,58,0,86,40,0,40,126
06/20/2021,FYV,AR,ASW,ES,Federal Contract Tower,0,6,11,0,17,0,6,24,0,30,0,12,35,0,47,36,0,36,83
06/21/2021,FYV,AR,ASW,ES,Federal Contract Tower,0,6,7,0,13,0,0,8,0,8,0,6,15,0,21,8,0,8,29
06/22/2021,FYV,AR,ASW,ES,Federal Contract Tower,0,10,17,12,39,0,8,66,0,74,0,18,83,12,113,40,0,40,153
06/23/2021,FYV,AR,ASW,ES,Federal Contract Tower,0,6,15,10,31,0,3,49,0,52,0,9,64,10,83,8,0,8,91
06/24/2021,FYV,AR,ASW,ES,Federal Contract Tower,0,4,30,2,36,0,4,22,0,26,0,8,52,2,62,12,0,12,74
06/25/2021,FYV,AR,ASW,ES,Federal Contract Tower,0,5,12,6,23,0,0,20,0,20,0,5,32,6,43,6,0,6,49
06/26/2021,FYV,AR,ASW,ES,Federal Contract Tower,0,1,4,0,5,0,8,21,0,29,0,9,25,0,34,26,0,26,60
06/27/2021,FYV,AR,ASW,ES,Federal Contract Tower,0,5,10,0,15,0,4,10,0,14,0,9,20,0,29,14,0,14,43
06/28/2021,FYV,AR,ASW,ES,Federal Contract Tower,0,5,7,14,26,0,2,7,0,9,0,7,14,14,35,0,0,0,35
06/29/2021,FYV,AR,ASW,ES,Federal Contract Tower,0,2,13,2,17,0,4,42,0,46,0,6,55,2,63,16,0,16,79
06/30/2021,FYV,AR,ASW,ES,Federal Contract Tower,0,5,9,2,16,0,2,13,0,15,0,7,22,2,31,10,0,10,41
07/01/2021,FYV,AR,ASW,ES,Federal Contract Tower,0,4,19,0,23,0,0,1,0,1,0,4,20,0,24,0,0,0,24
07/02/2021,FYV,AR,ASW,ES,Federal Contract Tower,0,8,25,0,33,0,1,32,0,33,0,9,57,0,66,18,0,18,84
07/03/2021,FYV,AR,ASW,ES,Federal Contract Tower,0,5,5,0,10,0,18,56,0,74,0,23,61,0,84,26,0,26,110
07/04/2021,FYV,AR,ASW,ES,Federal Contract Tower,0,1,1,0,2,0,18,27,0,45,0,19,28,0,47,6,0,6,53
07/05/2021,FYV,AR,ASW,ES,Federal Contract Tower,0,0,18,0,18,0,0,51,0,51,0,0,69,0,69,30,0,30,99
07/06/2021,FYV,AR,ASW,ES,Federal Contract Tower,0,2,8,0,10,0,4,38,0,42,0,6,46,0,52,38,0,38,90
07/07/2021,FYV,AR,ASW,ES,Federal Contract Tower,0,6,6,3,15,0,2,21,0,23,0,8,27,3,38,10,0,10,48
07/08/2021,FYV,AR,ASW,ES,Federal Contract Tower,0,5,16,0,21,0,4,36,0,40,0,9,52,0,61,76,0,76,137
07/09/2021,FYV,AR,ASW,ES,Federal Contract Tower,0,2,13,0,15,0,2,35,0,37,0,4,48,0,52,38,0,38,90
07/10/2021,FYV,AR,ASW,ES,Federal Contract Tower,0,6,9,0,15,0,0,15,0,15,0,6,24,0,30,42,0,42,72
07/11/2021,FYV,AR,ASW,ES,Federal Contract Tower,0,3,13,2,18,0,4,19,0,23,0,7,32,2,41,26,0,26,67
07/12/2021,FYV,AR,ASW,ES,Federal Contract Tower,0,8,6,2,16,0,0,25,0,25,0,8,31,2,41,36,0,36,77
07/13/2021,FYV,AR,ASW,ES,Federal Contract Tower,0,12,10,6,28,0,4,60,0,64,0,16,70,6,92,48,0,48,140
07/14/2021,FYV,AR,ASW,ES,Federal Contract Tower,0,5,16,0,21,0,4,52,0,56,0,9,68,0,77,32,4,36,113
07/15/2021,FYV,AR,ASW,ES,Federal Contract Tower,0,1,12,0,13,0,5,24,0,29,0,6,36,0,42,22,6,28,70
07/16/2021,FYV,AR,ASW,ES,Federal Contract Tower,0,3,8,0,11,0,0,13,0,13,0,3,21,0,24,8,0,8,32
07/17/2021,FYV,AR,ASW,ES,Federal Contract Tower,0,7,13,0,20,0,5,17,0,22,0,12,30,0,42,10,0,10,52
07/18/2021,FYV,AR,ASW,ES,Federal Contract Tower,0,4,10,0,14,0,8,17,0,25,0,12,27,0,39,32,0,32,71
07/19/2021,FYV,AR,ASW,ES,Federal Contract Tower,0,3,9,6,18,0,1,35,0,36,0,4,44,6,54,32,0,32,86
07/20/2021,FYV,AR,ASW,ES,Federal Contract Tower,0,2,28,0,30,0,4,63,0,67,0,6,91,0,97,32,8,40,137
07/21/2021,FYV,AR,ASW,ES,Federal Contract Tower,0,4,10,0,14,0,0,41,0,41,0,4,51,0,55,28,0,28,83
07/22/2021,FYV,AR,ASW,ES,Federal Contract Tower,0,9,21,0,30,0,8,25,0,33,0,17,46,0,63,8,0,8,71
07/23/2021,FYV,AR,ASW,ES,Federal Contract Tower,0,1,19,17,37,0,2,41,1,44,0,3,60,18,81,52,6,58,139
07/24/2021,FYV,AR,ASW,ES,Federal Contract Tower,0,1,6,2,9,0,24,44,0,68,0,25,50,2,77,16,0,16,93
07/25/2021,FYV,AR,ASW,ES,Federal Contract Tower,0,4,10,2,16,0,20,47,0,67,0,24,57,2,83,8,0,8,91
07/26/2021,FYV,AR,ASW,ES,Federal Contract Tower,0,9,8,4,21,0,2,24,2,28,0,11,32,6,49,4,8,12,61
07/27/2021,FYV,AR,ASW,ES,Federal Contract Tower,0,12,7,0,19,0,6,26,2,34,0,18,33,2,53,28,20,48,101
07/28/2021,FYV,AR,ASW,ES,Federal Contract Tower,0,5,13,6,24,0,2,49,0,51,0,7,62,6,75,42,6,48,123
07/29/2021,FYV,AR,ASW,ES,Federal Contract Tower,0,2,19,8,29,0,2,37,0,39,0,4,56,8,68,24,20,44,112
07/30/2021,FYV,AR,ASW,ES,Federal Contract Tower,0,3,12,0,15,0,0,42,0,42,0,3,54,0,57,46,0,46,103
07/31/2021,FYV,AR,ASW,ES,Federal Contract Tower,0,2,9,0,11,0,24,66,0,90,0,26,75,0,101,42,0,42,143
08/01/2021,FYV,AR,ASW,ES,Federal Contract Tower,0,2,9,0,11,0,16,37,0,53,0,18,46,0,64,36,0,36,100
08/02/2021,FYV,AR,ASW,ES,Federal Contract Tower,0,4,21,6,31,0,3,43,0,46,0,7,64,6,77,14,0,14,91
08/03/2021,FYV,AR,ASW,ES,Federal Contract Tower,0,4,6,0,10,0,4,22,0,26,0,8,28,0,36,0,0,0,36
08/04/2021,FYV,AR,ASW,ES,Federal Contract Tower,0,6,11,0,17,0,4,33,2,39,0,10,44,2,56,4,0,4,60
08/05/2021,FYV,AR,ASW,ES,Federal Contract Tower,0,2,13,0,15,0,2,48,0,50,0,4,61,0,65,0,0,0,65
08/06/2021,FYV,AR,ASW,ES,Federal Contract Tower,0,5,18,4,27,0,1,42,0,43,0,6,60,4,70,20,0,20,90
08/07/2021,FYV,AR,ASW,ES,Federal Contract Tower,0,4,21,0,25,0,22,48,0,70,0,26,69,0,95,26,0,26,121
08/08/2021,FYV,AR,ASW,ES,Federal Contract Tower,0,3,16,0,19,0,16,24,0,40,0,19,40,0,59,2,0,2,61
08/09/2021,FYV,AR,ASW,ES,Federal Contract Tower,0,3,14,0,17,0,0,27,0,27,0,3,41,0,44,20,0,20,64
08/10/2021,FYV,AR,ASW,ES,Federal Contract Tower,0,6,16,0,22,0,0,26,0,26,0,6,42,0,48,12,0,12,60
08/11/2021,FYV,AR,ASW,ES,Federal Contract Tower,0,2,6,2,10,0,2,27,0,29,0,4,33,2,39,10,0,10,49
08/12/2021,FYV,AR,ASW,ES,Federal Contract Tower,0,13,19,0,32,0,2,38,0,40,0,15,57,0,72,14,0,14,86
08/13/2021,FYV,AR,ASW,ES,Federal Contract Tower,0,12,18,1,31,0,0,27,0,27,0,12,45,1,58,8,0,8,66
08/14/2021,FYV,AR,ASW,ES,Federal Contract Tower,0,1,8,0,9,0,26,40,0,66,0,27,48,0,75,52,0,52,127
08/15/2021,FYV,AR,ASW,ES,Federal Contract Tower,0,3,10,11,24,0,15,57,0,72,0,18,67,11,96,28,0,28,124
08/16/2021,FYV,AR,ASW,ES,Federal Contract Tower,0,6,13,6,25,0,2,51,0,53,0,8,64,6,78,92,18,110,188
08/17/2021,FYV,AR,ASW,ES,Federal Contract Tower,0,4,6,6,16,0,4,30,0,34,0,8,36,6,50,48,0,48,98
08/18/2021,FYV,AR,ASW,ES,Federal Contract Tower,0,6,15,0,21,0,0,22,0,22,0,6,37,0,43,56,0,56,99
08/19/2021,FYV,AR,ASW,ES,Federal Contract Tower,0,5,17,0,22,0,4,22,0,26,0,9,39,0,48,92,0,92,140
08/20/2021,FYV,AR,ASW,ES,Federal Contract Tower,0,3,17,3,23,0,0,24,2,26,0,3,41,5,49,34,0,34,83
08/21/2021,FYV,AR,ASW,ES,Federal Contract Tower,0,2,9,0,11,0,20,41,0,61,0,22,50,0,72,38,0,38,110
08/22/2021,FYV,AR,ASW,ES,Federal Contract Tower,0,2,17,0,19,0,22,53,0,75,0,24,70,0,94,22,0,22,116
08/23/2021,FYV,AR,ASW,ES,Federal Contract Tower,0,1,19,0,20,0,2,42,10,54,0,3,61,10,74,64,0,64,138
08/24/2021,FYV,AR,ASW,ES,Federal Contract Tower,0,5,14,8,27,0,0,39,0,39,0,5,53,8,66,18,52,70,136
08/25/2021,FYV,AR,ASW,ES,Federal Contract Tower,0,5,13,0,18,0,0,28,0,28,0,5,41,0,46,46,0,46,92
08/26/2021,FYV,AR,ASW,ES,Federal Contract Tower,0,6,18,4,28,0,3,40,0,43,0,9,58,4,71,8,0,8,79
08/27/2021,FYV,AR,ASW,ES,Federal Contract Tower,0,4,19,0,23,0,0,39,6,45,0,4,58,6,68,14,0,14,82
08/28/2021,FYV,AR,ASW,ES,Federal Contract Tower,0,3,9,0,12,0,15,524,0,539,0,18,533,0,551,50,0,50,601
08/29/2021,FYV,AR,ASW,ES,Federal Contract Tower,0,3,21,1,25,0,20,46,2,68,0,23,67,3,93,32,0,32,125
08/30/2021,FYV,AR,ASW,ES,Federal Contract Tower,0,4,17,0,21,0,2,29,0,31,0,6,46,0,52,10,0,10,62
08/31/2021,FYV,AR,ASW,ES,Federal Contract Tower,0,3,5,2,10,0,6,47,0,53,0,9,52,2,63,54,4,58,121
09/01/2021,FYV,AR,ASW,ES,Federal Contract Tower,0,2,17,2,21,0,4,59,4,67,0,6,76,6,88,48,12,60,148
09/02/2021,FYV,AR,ASW,ES,Federal Contract Tower,0,7,24,2,33,0,4,59,0,63,0,11,83,2,96,30,0,30,126
09/03/2021,FYV,AR,ASW,ES,Federal Contract Tower,0,5,39,0,44,0,3,42,0,45,0,8,81,0,89,16,0,16,105
09/04/2021,FYV,AR,ASW,ES,Federal Contract Tower,0,2,39,0,41,0,0,24,0,24,0,2,63,0,65,14,0,14,79
09/05/2021,FYV,AR,ASW,ES,Federal Contract Tower,0,3,18,0,21,0,0,23,2,25,0,3,41,2,46,20,0,20,66
09/06/2021,FYV,AR,ASW,ES,Federal Contract Tower,0,6,15,0,21,0,2,54,0,56,0,8,69,0,77,10,0,10,87
09/07/2021,FYV,AR,ASW,ES,Federal Contract Tower,0,4,14,0,18,0,6,53,0,59,0,10,67,0,77,66,0,66,143
09/08/2021,FYV,AR,ASW,ES,Federal Contract Tower,0,11,10,0,21,0,3,52,4,59,0,14,62,4,80,24,0,24,104
09/09/2021,FYV,AR,ASW,ES,Federal Contract Tower,0,4,29,0,33,0,4,52,2,58,0,8,81,2,91,44,0,44,135
09/10/2021,FYV,AR,ASW,ES,Federal Contract Tower,0,13,63,7,83,0,0,71,0,71,0,13,134,7,154,72,10,82,236
09/11/2021,FYV,AR,ASW,ES,Federal Contract Tower,0,38,121,0,159,0,0,37,0,37,0,38,158,0,196,12,0,12,208
09/12/2021,FYV,AR,ASW,ES,Federal Contract Tower,0,12,75,0,87,0,3,51,0,54,0,15,126,0,141,0,0,0,141
09/13/2021,FYV,AR,ASW,ES,Federal Contract Tower,0,0,11,0,11,0,4,36,0,40,0,4,47,0,51,38,0,38,89
09/14/2021,FYV,AR,ASW,ES,Federal Contract Tower,0,10,14,0,24,0,3,19,2,24,0,13,33,2,48,24,0,24,72
09/15/2021,FYV,AR,ASW,ES,Federal Contract Tower,0,3,11,0,14,0,38,0,0,38,0,41,11,0,52,60,12,72,124
09/16/2021,FYV,AR,ASW,ES,Federal Contract Tower,0,3,23,2,28,0,2,44,2,48,0,5,67,4,76,86,34,120,196
09/17/2021,FYV,AR,ASW,ES,Federal Contract Tower,0,7,36,6,49,0,0,51,0,51,0,7,87,6,100,14,36,50,150
09/18/2021,FYV,AR,ASW,ES,Federal Contract Tower,0,14,39,0,53,0,0,66,0,66,0,14,105,0,119,20,0,20,139
09/19/2021,FYV,AR,ASW,ES,Federal Contract Tower,0,7,46,0,53,0,2,24,0,26,0,9,70,0,79,28,0,28,107
09/20/2021,FYV,AR,ASW,ES,Federal Contract Tower,0,9,19,0,28,0,4,28,0,32,0,13,47,0,60,28,0,28,88
09/21/2021,FYV,AR,ASW,ES,Federal Contract Tower,1,4,11,0,16,0,0,21,0,21,1,4,32,0,37,0,0,0,37
09/22/2021,FYV,AR,ASW,ES,Federal Contract Tower,1,4,14,0,19,0,2,36,0,38,1,6,50,0,57,72,0,72,129
09/23/2021,FYV,AR,ASW,ES,Federal Contract Tower,0,8,19,2,29,0,0,66,2,68,0,8,85,4,97,130,0,130,227
09/24/2021,FYV,AR,ASW,ES,Federal Contract Tower,0,6,26,0,32,0,2,56,1,59,0,8,82,1,91,106,6,112,203
09/25/2021,FYV,AR,ASW,ES,Federal Contract Tower,0,14,15,1,30,0,0,48,0,48,0,14,63,1,78,50,0,50,128
09/26/2021,FYV,AR,ASW,ES,Federal Contract Tower,0,9,24,0,33,0,0,12,0,12,0,9,36,0,45,14,0,14,59
09/27/2021,FYV,AR,ASW,ES,Federal Contract Tower,0,2,15,0,17,0,2,42,0,44,0,4,57,0,61,54,0,54,115
09/28/2021,FYV,AR,ASW,ES,Federal Contract Tower,0,4,22,0,26,0,0,65,0,65,0,4,87,0,91,74,0,74,165
09/29/2021,FYV,AR,ASW,ES,Federal Contract Tower,0,9,12,4,25,0,0,40,0,40,0,9,52,4,65,94,14,108,173
09/30/2021,FYV,AR,ASW,ES,Federal Contract Tower,0,7,17,0,24,0,0,17,0,17,0,7,34,0,41,26,0,26,67
10/01/2021,FYV,AR,ASW,ES,Federal Contract Tower,0,10,32,0,42,0,0,9,0,9,0,10,41,0,51,6,0,6,57
10/02/2021,FYV,AR,ASW,ES,Federal Contract Tower,0,4,5,0,9,0,4,11,0,15,0,8,16,0,24,10,0,10,34
10/03/2021,FYV,AR,ASW,ES,Federal Contract Tower,0,6,21,0,27,0,16,39,1,56,0,22,60,1,83,18,0,18,101
10/04/2021,FYV,AR,ASW,ES,Federal Contract Tower,0,7,14,0,21,0,4,47,0,51,0,11,61,0,72,88,0,88,160
10/05/2021,FYV,AR,ASW,ES,Federal Contract Tower,0,8,11,0,19,0,2,63,0,65,0,10,74,0,84,44,0,44,128
10/06/2021,FYV,AR,ASW,ES,Federal Contract Tower,0,11,26,2,39,0,0,48,0,48,0,11,74,2,87,106,0,106,193
10/07/2021,FYV,AR,ASW,ES,Federal Contract Tower,0,7,19,4,30,0,2,42,2,46,0,9,61,6,76,38,6,44,120
10/08/2021,FYV,AR,ASW,ES,Federal Contract Tower,0,9,20,0,29,0,0,36,0,36,0,9,56,0,65,6,0,6,71
10/09/2021,FYV,AR,ASW,ES,Federal Contract Tower,0,7,22,0,29,0,10,37,0,47,0,17,59,0,76,26,0,26,102
10/10/2021,FYV,AR,ASW,ES,Federal Contract Tower,0,10,16,0,26,0,4,14,0,18,0,14,30,0,44,6,0,6,50
10/11/2021,FYV,AR,ASW,ES,Federal Contract Tower,0,4,17,0,21,0,6,21,1,28,0,10,38,1,49,30,0,30,79
10/12/2021,FYV,AR,ASW,ES,Federal Contract Tower,0,6,12,0,18,0,2,44,4,50,0,8,56,4,68,54,0,54,122
10/13/2021,FYV,AR,ASW,ES,Federal Contract Tower,0,7,13,0,20,0,0,1,0,1,0,7,14,0,21,0,0,0,21
10/14/2021,FYV,AR,ASW,ES,Federal Contract Tower,0,10,38,0,48,0,0,4,0,4,0,10,42,0,52,0,0,0,52
10/15/2021,FYV,AR,ASW,ES,Federal Contract Tower,0,16,34,0,50,0,0,5,0,5,0,16,39,0,55,0,0,0,55
10/16/2021,FYV,AR,ASW,ES,Federal Contract Tower,0,10,64,0,74,0,0,61,4,65,0,10,125,4,139,0,0,0,139
10/17/2021,FYV,AR,ASW,ES,Federal Contract Tower,0,9,45,2,56,0,0,44,0,44,0,9,89,2,100,8,0,8,108
10/18/2021,FYV,AR,ASW,ES,Federal Contract Tower,0,11,14,6,31,0,2,73,0,75,0,13,87,6,106,48,0,48,154
10/19/2021,FYV,AR,ASW,ES,Federal Contract Tower,0,2,8,0,10,0,6,40,0,46,0,8,48,0,56,26,0,26,82
10/20/2021,FYV,AR,ASW,ES,Federal Contract Tower,0,3,18,0,21,0,2,24,0,26,0,5,42,0,47,22,0,22,69
10/21/2021,FYV,AR,ASW,ES,Federal Contract Tower,0,8,21,0,29,0,3,62,2,67,0,11,83,2,96,110,10,120,216
10/22/2021,FYV,AR,ASW,ES,Federal Contract Tower,0,7,26,0,33,0,0,59,8,67,0,7,85,8,100,58,0,58,158
10/23/2021,FYV,AR,ASW,ES,Federal Contract Tower,0,2,13,1,16,0,10,33,2,45,0,12,46,3,61,14,2,16,77
10/24/2021,FYV,AR,ASW,ES,Federal Contract Tower,0,13,9,2,24,0,1,3,0,4,0,14,12,2,28,0,0,0,28
10/25/2021,FYV,AR,ASW,ES,Federal Contract Tower,0,7,16,0,23,0,5,35,0,40,0,12,51,0,63,52,0,52,115
10/26/2021,FYV,AR,ASW,ES,Federal Contract Tower,0,10,37,2,49,0,0,27,2,29,0,10,64,4,78,20,6,26,104
10/27/2021,FYV,AR,ASW,ES,Federal Contract Tower,0,8,7,0,15,0,0,1,0,1,0,8,8,0,16,0,0,0,16
10/28/2021,FYV,AR,ASW,ES,Federal Contract Tower,0,3,7,0,10,0,0,0,0,0,0,3,7,0,10,0,0,0,10
10/29/2021,FYV,AR,ASW,ES,Federal Contract Tower,0,0,21,0,21,0,0,4,0,4,0,0,25,0,25,0,0,0,25
10/30/2021,FYV,AR,ASW,ES,Federal Contract Tower,0,5,12,0,17,0,20,66,0,86,0,25,78,0,103,48,0,48,151
10/31/2021,FYV,AR,ASW,ES,Federal Contract Tower,0,5,14,0,19,0,22,54,0,76,0,27,68,0,95,30,0,30,125
11/01/2021,FYV,AR,ASW,ES,Federal Contract Tower,0,4,14,6,24,0,0,34,1,35,0,4,48,7,59,46,0,46,105
11/02/2021,FYV,AR,ASW,ES,Federal Contract Tower,0,8,10,0,18,0,0,2,0,2,0,8,12,0,20,8,0,8,28
11/03/2021,FYV,AR,ASW,ES,Federal Contract Tower,0,5,21,0,26,0,0,14,0,14,0,5,35,0,40,32,0,32,72
11/04/2021,FYV,AR,ASW,ES,Federal Contract Tower,0,8,26,0,34,0,0,49,2,51,0,8,75,2,85,26,0,26,111
11/05/2021,FYV,AR,ASW,ES,Federal Contract Tower,0,15,41,0,56,0,2,86,9,97,0,17,127,9,153,36,6,42,195
11/06/2021,FYV,AR,ASW,ES,Federal Contract Tower,0,23,60,0,83,0,2,49,12,63,0,25,109,12,146,10,0,10,156
11/07/2021,FYV,AR,ASW,ES,Federal Contract Tower,2,9,36,0,47,0,1,76,0,77,2,10,112,0,124,8,0,8,132
11/08/2021,FYV,AR,ASW,ES,Federal Contract Tower,0,1,15,0,16,0,6,48,2,56,0,7,63,2,72,4,0,4,76
11/09/2021,FYV,AR,ASW,ES,Federal Contract Tower,0,6,30,0,36,0,0,38,3,41,0,6,68,3,77,36,0,36,113
11/10/2021,FYV,AR,ASW,ES,Federal Contract Tower,0,2,27,0,29,0,0,17,0,17,0,2,44,0,46,18,0,18,64
11/11/2021,FYV,AR,ASW,ES,Federal Contract Tower,0,5,19,0,24,0,2,30,0,32,0,7,49,0,56,12,0,12,68
11/12/2021,FYV,AR,ASW,ES,Federal Contract Tower,0,8,34,0,42,0,2,13,0,15,0,10,47,0,57,0,0,0,57
11/13/2021,FYV,AR,ASW,ES,Federal Contract Tower,0,6,15,0,21,0,17,61,0,78,0,23,76,0,99,36,0,36,135
11/14/2021,FYV,AR,ASW,ES,Federal Contract Tower,0,6,21,0,27,0,20,47,0,67,0,26,68,0,94,10,0,10,104
11/15/2021,FYV,AR,ASW,ES,Federal Contract Tower,1,6,23,0,30,0,1,20,0,21,1,7,43,0,51,44,0,44,95
11/16/2021,FYV,AR,ASW,ES,Federal Contract Tower,4,6,11,0,21,0,0,18,0,18,4,6,29,0,39,14,0,14,53
11/17/2021,FYV,AR,ASW,ES,Federal Contract Tower,1,8,20,0,29,0,0,9,0,9,1,8,29,0,38,8,0,8,46
11/18/2021,FYV,AR,ASW,ES,Federal Contract Tower,0,8,14,1,23,0,0,29,0,29,0,8,43,1,52,52,6,58,110
11/19/2021,FYV,AR,ASW,ES,Federal Contract Tower,0,12,16,0,28,0,10,77,0,87,0,22,93,0,115,48,0,48,163
11/20/2021,FYV,AR,ASW,ES,Federal Contract Tower,1,4,8,0,13,0,0,0,0,0,1,4,8,0,13,40,0,40,53
11/21/2021,FYV,AR,ASW,ES,Federal Contract Tower,3,10,13,0,26,0,9,42,0,51,3,19,55,0,77,30,0,30,107
11/22/2021,FYV,AR,ASW,ES,Federal Contract Tower,0,5,20,0,25,0,0,41,0,41,0,5,61,0,66,44,0,44,110
11/23/2021,FYV,AR,ASW,ES,Federal Contract Tower,0,2,21,2,25,0,0,43,0,43,0,2,64,2,68,48,0,48,116
11/24/2021,FYV,AR,ASW,ES,Federal Contract Tower,0,9,23,0,32,0,0,6,0,6,0,9,29,0,38,0,0,0,38
11/25/2021,FYV,AR,ASW,ES,Federal Contract Tower,0,5,0,0,5,0,0,4,0,4,0,5,4,0,9,0,0,0,9
11/26/2021,FYV,AR,ASW,ES,Federal Contract Tower,0,15,57,0,72,0,4,33,0,37,0,19,90,0,109,22,0,22,131
11/27/2021,FYV,AR,ASW,ES,Federal Contract Tower,2,9,6,0,17,0,0,28,0,28,2,9,34,0,45,38,0,38,83
11/28/2021,FYV,AR,ASW,ES,Federal Contract Tower,0,4,23,0,27,0,0,27,0,27,0,4,50,0,54,46,0,46,100
11/29/2021,FYV,AR,ASW,ES,Federal Contract Tower,0,4,18,0,22,0,0,26,0,26,0,4,44,0,48,22,0,22,70
11/30/2021,FYV,AR,ASW,ES,Federal Contract Tower,0,2,13,0,15,0,0,51,0,51,0,2,64,0,66,70,0,70,136
12/01/2021,FYV,AR,ASW,ES,Federal Contract Tower,0,5,19,0,24,0,0,42,0,42,0,5,61,0,66,10,0,10,76
12/02/2021,FYV,AR,ASW,ES,Federal Contract Tower,0,3,17,0,20,0,0,56,0,56,0,3,73,0,76,64,0,64,140
12/03/2021,FYV,AR,ASW,ES,Federal Contract Tower,0,14,13,0,27,0,0,49,0,49,0,14,62,0,76,68,0,68,144
12/04/2021,FYV,AR,ASW,ES,Federal Contract Tower,0,4,13,8,25,0,2,35,0,37,0,6,48,8,62,70,0,70,132
12/05/2021,FYV,AR,ASW,ES,Federal Contract Tower,0,3,8,0,11,0,2,14,0,16,0,5,22,0,27,4,0,4,31
12/06/2021,FYV,AR,ASW,ES,Federal Contract Tower,0,2,8,0,10,0,0,28,0,28,0,2,36,0,38,8,0,8,46
12/07/2021,FYV,AR,ASW,ES,Federal Contract Tower,0,5,17,0,22,0,0,36,0,36,0,5,53,0,58,24,0,24,82
12/08/2021,FYV,AR,ASW,ES,Federal Contract Tower,0,3,17,0,20,0,0,51,2,53,0,3,68,2,73,38,0,38,111
12/09/2021,FYV,AR,ASW,ES,Federal Contract Tower,0,7,24,0,31,0,0,23,0,23,0,7,47,0,54,18,0,18,72
12/10/2021,FYV,AR,ASW,ES,Federal Contract Tower,0,12,17,0,29,0,0,10,0,10,0,12,27,0,39,0,0,0,39
12/11/2021,FYV,AR,ASW,ES,Federal Contract Tower,0,3,7,0,10,0,4,26,0,30,0,7,33,0,40,30,0,30,70
12/12/2021,FYV,AR,ASW,ES,Federal Contract Tower,0,0,6,0,6,0,10,43,0,53,0,10,49,0,59,18,0,18,77
12/13/2021,FYV,AR,ASW,ES,Federal Contract Tower,0,4,15,2,21,0,0,26,0,26,0,4,41,2,47,2,0,2,49
12/14/2021,FYV,AR,ASW,ES,Federal Contract Tower,0,3,15,0,18,0,0,2,0,2,0,3,17,0,20,0,0,0,20
12/15/2021,FYV,AR,ASW,ES,Federal Contract Tower,0,12,17,0,29,0,0,2,0,2,0,12,19,0,31,0,0,0,31
12/16/2021,FYV,AR,ASW,ES,Federal Contract Tower,0,4,8,0,12,0,0,24,0,24,0,4,32,0,36,36,0,36,72
12/17/2021,FYV,AR,ASW,ES,Federal Contract Tower,0,2,12,0,14,0,0,0,0,0,0,2,12,0,14,0,0,0,14
12/18/2021,FYV,AR,ASW,ES,Federal Contract Tower,0,11,5,0,16,0,6,25,0,31,0,17,30,0,47,20,0,20,67
12/19/2021,FYV,AR,ASW,ES,Federal Contract Tower,2,1,7,2,12,0,12,42,0,54,2,13,49,2,66,6,0,6,72
12/20/2021,FYV,AR,ASW,ES,Federal Contract Tower,0,7,13,0,20,0,0,18,0,18,0,7,31,0,38,20,0,20,58
12/21/2021,FYV,AR,ASW,ES,Federal Contract Tower,0,6,11,2,19,0,0,58,0,58,0,6,69,2,77,30,0,30,107
12/22/2021,FYV,AR,ASW,ES,Federal Contract Tower,0,4,18,0,22,0,0,47,0,47,0,4,65,0,69,38,0,38,107
12/23/2021,FYV,AR,ASW,ES,Federal Contract Tower,0,8,17,0,25,0,0,14,0,14,0,8,31,0,39,2,0,2,41
12/24/2021,FYV,AR,ASW,ES,Federal Contract Tower,0,4,4,0,8,0,0,11,0,11,0,4,15,0,19,0,0,0,19
12/25/2021,FYV,AR,ASW,ES,Federal Contract Tower,0,1,2,0,3,0,0,15,0,15,0,1,17,0,18,0,0,0,18
12/26/2021,FYV,AR,ASW,ES,Federal Contract Tower,0,3,12,0,15,0,0,10,0,10,0,3,22,0,25,0,0,0,25
12/27/2021,FYV,AR,ASW,ES,Federal Contract Tower,0,1,14,0,15,0,0,28,0,28,0,1,42,0,43,64,0,64,107
12/28/2021,FYV,AR,ASW,ES,Federal Contract Tower,2,5,12,0,19,0,0,10,0,10,2,5,22,0,29,2,0,2,31
12/29/2021,FYV,AR,ASW,ES,Federal Contract Tower,0,2,12,0,14,0,0,8,0,8,0,2,20,0,22,0,0,0,22
12/30/2021,FYV,AR,ASW,ES,Federal Contract Tower,0,7,13,0,20,0,0,30,0,30,0,7,43,0,50,48,0,48,98
12/31/2021,FYV,AR,ASW,ES,Federal Contract Tower,0,7,19,0,26,0,0,19,0,19,0,7,38,0,45,24,0,24,69
01/01/2022,FYV,AR,ASW,ES,Federal Contract Tower,0,1,2,0,3,0,0,0,0,0,0,1,2,0,3,0,0,0,3
01/02/2022,FYV,AR,ASW,ES,Federal Contract Tower,0,5,7,0,12,0,0,5,0,5,0,5,12,0,17,0,0,0,17
01/03/2022,FYV,AR,ASW,ES,Federal Contract Tower,0,7,13,0,20,0,0,30,0,30,0,7,43,0,50,28,0,28,78
01/04/2022,FYV,AR,ASW,ES,Federal Contract Tower,0,8,8,0,16,0,0,14,2,16,0,8,22,2,32,6,0,6,38
01/05/2022,FYV,AR,ASW,ES,Federal Contract Tower,0,1,10,0,11,0,0,38,0,38,0,1,48,0,49,50,0,50,99
01/06/2022,FYV,AR,ASW,ES,Federal Contract Tower,0,2,7,2,11,0,0,7,0,7,0,2,14,2,18,0,0,0,18
01/07/2022,FYV,AR,ASW,ES,Federal Contract Tower,0,4,6,0,10,0,0,27,0,27,0,4,33,0,37,52,0,52,89
01/08/2022,FYV,AR,ASW,ES,Federal Contract Tower,2,3,5,0,10,0,0,0,0,0,2,3,5,0,10,0,0,0,10
01/09/2022,FYV,AR,ASW,ES,Federal Contract Tower,2,5,5,0,12,0,0,9,0,9,2,5,14,0,21,0,0,0,21
01/10/2022,FYV,AR,ASW,ES,Federal Contract Tower,0,2,9,2,13,0,1,22,0,23,0,3,31,2,36,62,0,62,98
01/11/2022,FYV,AR,ASW,ES,Federal Contract Tower,2,2,8,0,12,0,0,31,2,33,2,2,39,2,45,22,0,22,67
01/12/2022,FYV,AR,ASW,ES,Federal Contract Tower,0,2,10,0,12,0,0,20,0,20,0,2,30,0,32,26,0,26,58
01/13/2022,FYV,AR,ASW,ES,Federal Contract Tower,0,5,17,2,24,0,0,43,0,43,0,5,60,2,67,16,6,22,89
01/14/2022,FYV,AR,ASW,ES,Federal Contract Tower,2,7,19,0,28,0,2,33,0,35,2,9,52,0,63,12,0,12,75
01/15/2022,FYV,AR,ASW,ES,Federal Contract Tower,0,0,1,0,1,0,0,0,0,0,0,0,1,0,1,0,0,0,1
01/16/2022,FYV,AR,ASW,ES,Federal Contract Tower,0,3,4,0,7,0,0,0,0,0,0,3,4,0,7,0,0,0,7
01/17/2022,FYV,AR,ASW,ES,Federal Contract Tower,0,6,15,0,21,0,6,29,0,35,0,12,44,0,56,22,0,22,78
01/18/2022,FYV,AR,ASW,ES,Federal Contract Tower,0,5,27,8,40,0,0,20,2,22,0,5,47,10,62,0,0,0,62
01/19/2022,FYV,AR,ASW,ES,Federal Contract Tower,0,6,13,0,19,0,0,1,0,1,0,6,14,0,20,0,0,0,20
01/20/2022,FYV,AR,ASW,ES,Federal Contract Tower,0,0,3,0,3,0,1,3,0,4,0,1,6,0,7,2,0,2,9
01/21/2022,FYV,AR,ASW,ES,Federal Contract Tower,0,3,15,0,18,0,0,48,0,48,0,3,63,0,66,56,0,56,122
01/22/2022,FYV,AR,ASW,ES,Federal Contract Tower,0,3,11,0,14,0,0,32,0,32,0,3,43,0,46,0,0,0,46
01/23/2022,FYV,AR,ASW,ES,Federal Contract Tower,2,8,11,0,21,0,0,50,0,50,2,8,61,0,71,4,0,4,75
01/24/2022,FYV,AR,ASW,ES,Federal Contract Tower,0,8,13,0,21,0,1,23,0,24,0,9,36,0,45,42,0,42,87
01/25/2022,FYV,AR,ASW,ES,Federal Contract Tower,1,3,7,4,15,0,2,30,0,32,1,5,37,4,47,42,0,42,89
01/26/2022,FYV,AR,ASW,ES,Federal Contract Tower,0,6,12,3,21,0,0,30,1,31,0,6,42,4,52,36,2,38,90
01/27/2022,FYV,AR,ASW,ES,Federal Contract Tower,3,4,12,0,19,0,0,30,0,30,3,4,42,0,49,42,0,42,91
01/28/2022,FYV,AR,ASW,ES,Federal Contract Tower,0,7,26,4,37,0,0,34,3,37,0,7,60,7,74,44,0,44,118
01/29/2022,FYV,AR,ASW,ES,Federal Contract Tower,0,3,26,0,29,0,0,34,0,34,0,3,60,0,63,2,0,2,65
01/30/2022,FYV,AR,ASW,ES,Federal Contract Tower,2,9,18,0,29,0,0,43,0,43,2,9,61,0,72,34,0,34,106
01/31/2022,FYV,AR,ASW,ES,Federal Contract Tower,0,5,27,0,32,0,1,31,0,32,0,6,58,0,64,22,0,22,86
02/01/2022,FYV,AR,ASW,ES,Federal Contract Tower,3,7,18,0,28,0,0,18,0,18,3,7,36,0,46,26,0,26,72
02/02/2022,FYV,AR,ASW,ES,Federal Contract Tower,0,6,6,0,12,0,0,1,0,1,0,6,7,0,13,0,0,0,13
02/03/2022,FYV,AR,ASW,ES,Federal Contract Tower,0,0,0,0,0,0,0,0,0,0,0,0,0,0,0,0,0,0,0
02/04/2022,FYV,AR,ASW,ES,Federal Contract Tower,0,0,2,0,2,0,2,3,0,5,0,2,5,0,7,0,0,0,7
02/05/2022,FYV,AR,ASW,ES,Federal Contract Tower,0,2,9,1,12,0,0,12,0,12,0,2,21,1,24,16,0,16,40
02/06/2022,FYV,AR,ASW,ES,Federal Contract Tower,0,2,5,1,8,0,0,25,0,25,0,2,30,1,33,42,0,42,75
02/07/2022,FYV,AR,ASW,ES,Federal Contract Tower,2,4,12,0,18,0,3,38,0,41,2,7,50,0,59,50,0,50,109
02/08/2022,FYV,AR,ASW,ES,Federal Contract Tower,2,15,63,1,81,0,0,70,3,73,2,15,133,4,154,50,2,52,206
02/09/2022,FYV,AR,ASW,ES,Federal Contract Tower,0,4,11,0,15,0,0,44,2,46,0,4,55,2,61,12,0,12,73
02/10/2022,FYV,AR,ASW,ES,Federal Contract Tower,0,6,22,4,32,0,0,52,6,58,0,6,74,10,90,18,56,74,164
02/11/2022,FYV,AR,ASW,ES,Federal Contract Tower,1,3,25,0,29,0,0,30,0,30,1,3,55,0,59,4,0,4,63
02/12/2022,FYV,AR,ASW,ES,Federal Contract Tower,6,6,3,3,18,0,2,31,4,37,6,8,34,7,55,24,10,34,89
02/13/2022,FYV,AR,ASW,ES,Federal Contract Tower,4,1,8,0,13,0,0,26,0,26,4,1,34,0,39,22,0,22,61
02/14/2022,FYV,AR,ASW,ES,Federal Contract Tower,2,2,16,2,22,0,0,37,0,37,2,2,53,2,59,60,16,76,135
02/15/2022,FYV,AR,ASW,ES,Federal Contract Tower,0,7,9,0,16,0,0,20,6,26,0,7,29,6,42,0,0,0,42
02/16/2022,FYV,AR,ASW,ES,Federal Contract Tower,2,7,15,2,26,0,2,0,0,2,2,9,15,2,28,0,2,2,30
02/17/2022,FYV,AR,ASW,ES,Federal Contract Tower,0,8,8,0,16,0,0,4,0,4,0,8,12,0,20,0,0,0,20
02/18/2022,FYV,AR,ASW,ES,Federal Contract Tower,0,5,38,1,44,0,0,67,0,67,0,5,105,1,111,52,20,72,183
02/19/2022,FYV,AR,ASW,ES,Federal Contract Tower,0,2,18,0,20,0,12,79,0,91,0,14,97,0,111,56,0,56,167
02/20/2022,FYV,AR,ASW,ES,Federal Contract Tower,0,2,23,0,25,0,0,16,0,16,0,2,39,0,41,0,0,0,41
02/21/2022,FYV,AR,ASW,ES,Federal Contract Tower,4,3,19,0,26,0,0,4,0,4,4,3,23,0,30,6,0,6,36
02/22/2022,FYV,AR,ASW,ES,Federal Contract Tower,2,3,22,0,27,0,0,0,0,0,2,3,22,0,27,0,0,0,27
02/23/2022,FYV,AR,ASW,ES,Federal Contract Tower,0,2,1,0,3,0,0,0,0,0,0,2,1,0,3,0,0,0,3
02/24/2022,FYV,AR,ASW,ES,Federal Contract Tower,0,0,0,0,0,0,0,0,0,0,0,0,0,0,0,0,0,0,0
02/25/2022,FYV,AR,ASW,ES,Federal Contract Tower,0,4,10,0,14,0,0,7,0,7,0,4,17,0,21,2,0,2,23
02/26/2022,FYV,AR,ASW,ES,Federal Contract Tower,2,9,32,0,43,0,12,42,6,60,2,21,74,6,103,30,0,30,133
02/27/2022,FYV,AR,ASW,ES,Federal Contract Tower,2,5,16,4,27,0,14,57,10,81,2,19,73,14,108,20,0,20,128
02/28/2022,FYV,AR,ASW,ES,Federal Contract Tower,0,3,24,2,29,0,0,34,2,36,0,3,58,4,65,36,0,36,101
03/01/2022,FYV,AR,ASW,ES,Federal Contract Tower,4,2,15,8,29,0,0,39,0,39,4,2,54,8,68,28,2,30,98
03/02/2022,FYV,AR,ASW,ES,Federal Contract Tower,0,7,33,0,40,0,0,91,2,93,0,7,124,2,133,86,0,86,219
03/03/2022,FYV,AR,ASW,ES,Federal Contract Tower,1,11,26,8,46,0,0,69,2,71,1,11,95,10,117,74,4,78,195
03/04/2022,FYV,AR,ASW,ES,Federal Contract Tower,1,6,18,0,25,0,0,35,0,35,1,6,53,0,60,10,0,10,70
03/05/2022,FYV,AR,ASW,ES,Federal Contract Tower,2,3,11,0,16,0,0,4,2,6,2,3,15,2,22,0,0,0,22
03/06/2022,FYV,AR,ASW,ES,Federal Contract Tower,2,3,15,0,20,0,0,9,2,11,2,3,24,2,31,0,0,0,31
03/07/2022,FYV,AR,ASW,ES,Federal Contract Tower,0,2,11,0,13,0,0,13,0,13,0,2,24,0,26,30,0,30,56
03/08/2022,FYV,AR,ASW,ES,Federal Contract Tower,1,15,9,0,25,0,0,29,0,29,1,15,38,0,54,66,0,66,120
03/09/2022,FYV,AR,ASW,ES,Federal Contract Tower,4,12,20,6,42,0,0,60,0,60,4,12,80,6,102,58,0,58,160
03/10/2022,FYV,AR,ASW,ES,Federal Contract Tower,0,11,30,2,43,0,0,53,13,66,0,11,83,15,109,54,10,64,173
03/11/2022,FYV,AR,ASW,ES,Federal Contract Tower,0,0,0,0,0,0,0,0,0,0,0,0,0,0,0,0,0,0,0
03/12/2022,FYV,AR,ASW,ES,Federal Contract Tower,1,2,7,0,10,0,0,56,0,56,1,2,63,0,66,60,0,60,126
03/13/2022,FYV,AR,ASW,ES,Federal Contract Tower,1,3,20,0,24,0,0,21,0,21,1,3,41,0,45,0,0,0,45
03/14/2022,FYV,AR,ASW,ES,Federal Contract Tower,0,0,16,2,18,0,0,7,0,7,0,0,23,2,25,24,4,28,53
03/15/2022,FYV,AR,ASW,ES,Federal Contract Tower,0,5,24,0,29,0,0,17,16,33,0,5,41,16,62,32,0,32,94
03/16/2022,FYV,AR,ASW,ES,Federal Contract Tower,0,5,26,2,33,0,0,75,0,75,0,5,101,2,108,30,0,30,138
03/17/2022,FYV,AR,ASW,ES,Federal Contract Tower,0,10,23,3,36,0,0,40,0,40,0,10,63,3,76,28,0,28,104
03/18/2022,FYV,AR,ASW,ES,Federal Contract Tower,0,7,19,0,26,0,0,0,0,0,0,7,19,0,26,0,0,0,26
03/19/2022,FYV,AR,ASW,ES,Federal Contract Tower,0,9,12,0,21,0,0,53,0,53,0,9,65,0,74,20,0,20,94
03/20/2022,FYV,AR,ASW,ES,Federal Contract Tower,2,2,9,0,13,0,1,57,3,61,2,3,66,3,74,34,0,34,108
03/21/2022,FYV,AR,ASW,ES,Federal Contract Tower,1,2,10,0,13,0,0,5,0,5,1,2,15,0,18,0,0,0,18
03/22/2022,FYV,AR,ASW,ES,Federal Contract Tower,0,3,8,0,11,0,0,0,0,0,0,3,8,0,11,4,0,4,15
03/23/2022,FYV,AR,ASW,ES,Federal Contract Tower,2,9,17,0,28,0,0,1,0,1,2,9,18,0,29,0,0,0,29
03/24/2022,FYV,AR,ASW,ES,Federal Contract Tower,0,0,8,0,8,0,0,21,0,21,0,0,29,0,29,18,0,18,47
03/25/2022,FYV,AR,ASW,ES,Federal Contract Tower,0,4,14,2,20,0,1,49,0,50,0,5,63,2,70,26,0,26,96
03/26/2022,FYV,AR,ASW,ES,Federal Contract Tower,2,5,11,0,18,0,0,58,0,58,2,5,69,0,76,16,0,16,92
03/27/2022,FYV,AR,ASW,ES,Federal Contract Tower,0,2,15,0,17,0,0,52,0,52,0,2,67,0,69,16,0,16,85
03/28/2022,FYV,AR,ASW,ES,Federal Contract Tower,1,10,27,0,38,0,0,26,0,26,1,10,53,0,64,28,0,28,92
03/29/2022,FYV,AR,ASW,ES,Federal Contract Tower,0,3,19,0,22,0,0,11,0,11,0,3,30,0,33,10,0,10,43
03/30/2022,FYV,AR,ASW,ES,Federal Contract Tower,2,2,6,0,10,0,0,2,0,2,2,2,8,0,12,0,0,0,12
03/31/2022,FYV,AR,ASW,ES,Federal Contract Tower,0,9,29,5,43,0,0,20,1,21,0,9,49,6,64,44,0,44,108
04/01/2022,FYV,AR,ASW,ES,Federal Contract Tower,0,8,23,2,33,0,0,57,0,57,0,8,80,2,90,44,0,44,134
04/02/2022,FYV,AR,ASW,ES,Federal Contract Tower,0,2,20,0,22,0,0,52,0,52,0,2,72,0,74,8,0,8,82
04/03/2022,FYV,AR,ASW,ES,Federal Contract Tower,2,5,15,0,22,0,0,43,0,43,2,5,58,0,65,6,0,6,71
04/04/2022,FYV,AR,ASW,ES,Federal Contract Tower,0,6,9,0,15,0,0,4,0,4,0,6,13,0,19,8,0,8,27
04/05/2022,FYV,AR,ASW,ES,Federal Contract Tower,1,3,19,0,23,0,0,37,2,39,1,3,56,2,62,76,0,76,138
04/06/2022,FYV,AR,ASW,ES,Federal Contract Tower,1,4,21,0,26,0,0,19,4,23,1,4,40,4,49,26,0,26,75
04/07/2022,FYV,AR,ASW,ES,Federal Contract Tower,0,6,16,0,22,0,1,11,0,12,0,7,27,0,34,12,0,12,46
04/08/2022,FYV,AR,ASW,ES,Federal Contract Tower,0,9,8,0,17,0,0,18,0,18,0,9,26,0,35,2,0,2,37
04/09/2022,FYV,AR,ASW,ES,Federal Contract Tower,0,6,5,0,11,0,0,80,2,82,0,6,85,2,93,48,14,62,155
04/10/2022,FYV,AR,ASW,ES,Federal Contract Tower,0,1,8,0,9,0,0,4,0,4,0,1,12,0,13,0,0,0,13
04/11/2022,FYV,AR,ASW,ES,Federal Contract Tower,0,4,10,0,14,0,0,0,0,0,0,4,10,0,14,0,0,0,14
04/12/2022,FYV,AR,ASW,ES,Federal Contract Tower,0,5,19,0,24,0,0,2,0,2,0,5,21,0,26,0,0,0,26
04/13/2022,FYV,AR,ASW,ES,Federal Contract Tower,0,3,10,0,13,0,0,1,0,1,0,3,11,0,14,0,0,0,14
04/14/2022,FYV,AR,ASW,ES,Federal Contract Tower,0,3,33,0,36,0,0,44,0,44,0,3,77,0,80,50,0,50,130
04/15/2022,FYV,AR,ASW,ES,Federal Contract Tower,0,2,27,0,29,0,0,20,0,20,0,2,47,0,49,0,0,0,49
04/16/2022,FYV,AR,ASW,ES,Federal Contract Tower,0,5,5,0,10,0,0,2,0,2,0,5,7,0,12,4,0,4,16
04/17/2022,FYV,AR,ASW,ES,Federal Contract Tower,0,1,10,0,11,0,0,2,0,2,0,1,12,0,13,12,0,12,25
04/18/2022,FYV,AR,ASW,ES,Federal Contract Tower,0,9,32,0,41,0,0,49,0,49,0,9,81,0,90,92,0,92,182
04/19/2022,FYV,AR,ASW,ES,Federal Contract Tower,0,7,5,1,13,0,0,50,9,59,0,7,55,10,72,60,6,66,138
04/20/2022,FYV,AR,ASW,ES,Federal Contract Tower,0,3,12,0,15,0,0,0,0,0,0,3,12,0,15,0,0,0,15
04/21/2022,FYV,AR,ASW,ES,Federal Contract Tower,2,8,21,0,31,0,0,11,0,11,2,8,32,0,42,20,0,20,62
04/22/2022,FYV,AR,ASW,ES,Federal Contract Tower,0,12,42,0,54,0,0,11,0,11,0,12,53,0,65,10,0,10,75
04/23/2022,FYV,AR,ASW,ES,Federal Contract Tower,0,9,31,0,40,0,0,3,0,3,0,9,34,0,43,0,0,0,43
04/24/2022,FYV,AR,ASW,ES,Federal Contract Tower,0,9,33,0,42,0,0,1,0,1,0,9,34,0,43,0,0,0,43
04/25/2022,FYV,AR,ASW,ES,Federal Contract Tower,0,5,20,0,25,0,0,27,0,27,0,5,47,0,52,28,0,28,80
04/26/2022,FYV,AR,ASW,ES,Federal Contract Tower,0,1,25,0,26,0,0,60,0,60,0,1,85,0,86,22,0,22,108
04/27/2022,FYV,AR,ASW,ES,Federal Contract Tower,0,4,30,0,34,0,0,43,0,43,0,4,73,0,77,44,0,44,121
04/28/2022,FYV,AR,ASW,ES,Federal Contract Tower,0,6,18,0,24,0,0,8,0,8,0,6,26,0,32,40,0,40,72
04/29/2022,FYV,AR,ASW,ES,Federal Contract Tower,0,5,27,0,32,0,0,12,0,12,0,5,39,0,44,8,0,8,52
04/30/2022,FYV,AR,ASW,ES,Federal Contract Tower,0,6,18,0,24,0,0,23,0,23,0,6,41,0,47,0,0,0,47
05/01/2022,FYV,AR,ASW,ES,Federal Contract Tower,0,4,25,0,29,0,0,71,0,71,0,4,96,0,100,28,10,38,138
05/02/2022,FYV,AR,ASW,ES,Federal Contract Tower,0,4,5,0,9,0,0,0,0,0,0,4,5,0,9,0,0,0,9
05/03/2022,FYV,AR,ASW,ES,Federal Contract Tower,0,9,10,0,19,0,0,18,0,18,0,9,28,0,37,6,0,6,43
05/04/2022,FYV,AR,ASW,ES,Federal Contract Tower,0,4,20,0,24,0,0,1,0,1,0,4,21,0,25,2,0,2,27
05/05/2022,FYV,AR,ASW,ES,Federal Contract Tower,0,3,5,0,8,0,0,0,0,0,0,3,5,0,8,0,0,0,8
05/06/2022,FYV,AR,ASW,ES,Federal Contract Tower,0,13,23,0,36,0,0,9,0,9,0,13,32,0,45,0,0,0,45
05/07/2022,FYV,AR,ASW,ES,Federal Contract Tower,0,2,12,0,14,0,0,65,0,65,0,2,77,0,79,50,0,50,129
05/08/2022,FYV,AR,ASW,ES,Federal Contract Tower,3,3,14,0,20,0,0,14,0,14,3,3,28,0,34,0,0,0,34
05/09/2022,FYV,AR,ASW,ES,Federal Contract Tower,0,8,17,0,25,0,0,13,0,13,0,8,30,0,38,0,0,0,38
05/10/2022,FYV,AR,ASW,ES,Federal Contract Tower,2,5,21,0,28,0,0,29,4,33,2,5,50,4,61,14,0,14,75
05/11/2022,FYV,AR,ASW,ES,Federal Contract Tower,0,2,15,8,25,0,1,45,0,46,0,3,60,8,71,20,0,20,91
05/12/2022,FYV,AR,ASW,ES,Federal Contract Tower,0,6,20,2,28,0,0,58,0,58,0,6,78,2,86,128,0,128,214
05/13/2022,FYV,AR,ASW,ES,Federal Contract Tower,0,6,25,0,31,0,0,45,0,45,0,6,70,0,76,4,0,4,80
05/14/2022,FYV,AR,ASW,ES,Federal Contract Tower,0,6,27,0,33,0,0,52,0,52,0,6,79,0,85,48,0,48,133
05/15/2022,FYV,AR,ASW,ES,Federal Contract Tower,0,12,21,2,35,0,0,29,0,29,0,12,50,2,64,0,0,0,64
05/16/2022,FYV,AR,ASW,ES,Federal Contract Tower,0,4,11,0,15,0,0,27,10,37,0,4,38,10,52,72,0,72,124
05/17/2022,FYV,AR,ASW,ES,Federal Contract Tower,0,0,22,0,22,0,0,17,2,19,0,0,39,2,41,14,6,20,61
05/18/2022,FYV,AR,ASW,ES,Federal Contract Tower,0,4,20,0,24,0,1,40,0,41,0,5,60,0,65,26,0,26,91
05/19/2022,FYV,AR,ASW,ES,Federal Contract Tower,0,5,17,0,22,0,0,20,2,22,0,5,37,2,44,6,0,6,50
05/20/2022,FYV,AR,ASW,ES,Federal Contract Tower,0,7,12,0,19,0,0,13,0,13,0,7,25,0,32,2,0,2,34
05/21/2022,FYV,AR,ASW,ES,Federal Contract Tower,0,0,7,0,7,0,0,0,0,0,0,0,7,0,7,0,0,0,7
05/22/2022,FYV,AR,ASW,ES,Federal Contract Tower,0,4,23,0,27,0,0,10,0,10,0,4,33,0,37,10,0,10,47
05/23/2022,FYV,AR,ASW,ES,Federal Contract Tower,0,11,16,0,27,0,0,3,0,3,0,11,19,0,30,14,0,14,44
05/24/2022,FYV,AR,ASW,ES,Federal Contract Tower,0,4,9,0,13,0,0,0,0,0,0,4,9,0,13,0,0,0,13
05/25/2022,FYV,AR,ASW,ES,Federal Contract Tower,0,5,16,0,21,0,0,3,0,3,0,5,19,0,24,0,0,0,24
05/26/2022,FYV,AR,ASW,ES,Federal Contract Tower,0,4,21,0,25,0,0,1,0,1,0,4,22,0,26,4,0,4,30
05/27/2022,FYV,AR,ASW,ES,Federal Contract Tower,0,5,20,1,26,0,0,51,0,51,0,5,71,1,77,32,4,36,113
05/28/2022,FYV,AR,ASW,ES,Federal Contract Tower,1,4,5,0,10,0,0,40,0,40,1,4,45,0,50,6,0,6,56
05/29/2022,FYV,AR,ASW,ES,Federal Contract Tower,0,5,7,0,12,0,0,5,0,5,0,5,12,0,17,0,0,0,17
05/30/2022,FYV,AR,ASW,ES,Federal Contract Tower,0,3,14,1,18,0,0,15,0,15,0,3,29,1,33,0,0,0,33
05/31/2022,FYV,AR,ASW,ES,Federal Contract Tower,0,4,11,0,15,0,0,15,0,15,0,4,26,0,30,6,0,6,36
06/01/2022,FYV,AR,ASW,ES,Federal Contract Tower,0,3,12,0,15,0,0,4,0,4,0,3,16,0,19,12,0,12,31
06/02/2022,FYV,AR,ASW,ES,Federal Contract Tower,0,3,19,0,22,0,0,21,0,21,0,3,40,0,43,16,0,16,59
06/03/2022,FYV,AR,ASW,ES,Federal Contract Tower,0,6,16,0,22,0,0,66,0,66,0,6,82,0,88,34,0,34,122
06/04/2022,FYV,AR,ASW,ES,Federal Contract Tower,0,6,5,0,11,0,0,86,0,86,0,6,91,0,97,38,0,38,135
06/05/2022,FYV,AR,ASW,ES,Federal Contract Tower,0,4,19,0,23,0,0,27,0,27,0,4,46,0,50,14,0,14,64
06/06/2022,FYV,AR,ASW,ES,Federal Contract Tower,0,3,16,0,19,0,0,37,0,37,0,3,53,0,56,32,0,32,88
06/07/2022,FYV,AR,ASW,ES,Federal Contract Tower,0,1,12,0,13,0,0,21,0,21,0,1,33,0,34,14,0,14,48
06/08/2022,FYV,AR,ASW,ES,Federal Contract Tower,0,1,12,0,13,0,0,2,0,2,0,1,14,0,15,0,0,0,15
06/09/2022,FYV,AR,ASW,ES,Federal Contract Tower,0,4,11,0,15,0,0,48,0,48,0,4,59,0,63,26,0,26,89
06/10/2022,FYV,AR,ASW,ES,Federal Contract Tower,0,7,8,2,17,0,0,29,0,29,0,7,37,2,46,8,8,16,62
06/11/2022,FYV,AR,ASW,ES,Federal Contract Tower,0,6,5,0,11,0,1,61,2,64,0,7,66,2,75,58,0,58,133
06/12/2022,FYV,AR,ASW,ES,Federal Contract Tower,0,4,5,0,9,0,0,51,0,51,0,4,56,0,60,4,0,4,64
06/13/2022,FYV,AR,ASW,ES,Federal Contract Tower,0,3,13,0,16,0,1,21,0,22,0,4,34,0,38,8,0,8,46
06/14/2022,FYV,AR,ASW,ES,Federal Contract Tower,0,3,15,0,18,0,0,37,0,37,0,3,52,0,55,0,0,0,55
06/15/2022,FYV,AR,ASW,ES,Federal Contract Tower,0,7,17,5,29,0,0,19,1,20,0,7,36,6,49,20,8,28,77
06/16/2022,FYV,AR,ASW,ES,Federal Contract Tower,0,5,6,0,11,0,2,44,0,46,0,7,50,0,57,50,0,50,107
06/17/2022,FYV,AR,ASW,ES,Federal Contract Tower,0,5,21,1,27,0,0,76,1,77,0,5,97,2,104,110,14,124,228
06/18/2022,FYV,AR,ASW,ES,Federal Contract Tower,0,6,21,0,27,0,0,58,0,58,0,6,79,0,85,30,0,30,115
06/19/2022,FYV,AR,ASW,ES,Federal Contract Tower,0,4,11,0,15,0,0,50,0,50,0,4,61,0,65,4,0,4,69
06/20/2022,FYV,AR,ASW,ES,Federal Contract Tower,0,3,18,0,21,0,0,48,0,48,0,3,66,0,69,62,0,62,131
06/21/2022,FYV,AR,ASW,ES,Federal Contract Tower,0,4,13,0,17,0,2,40,0,42,0,6,53,0,59,34,0,34,93
06/22/2022,FYV,AR,ASW,ES,Federal Contract Tower,0,2,18,0,20,0,1,80,0,81,0,3,98,0,101,28,0,28,129
06/23/2022,FYV,AR,ASW,ES,Federal Contract Tower,0,2,21,0,23,0,1,36,0,37,0,3,57,0,60,22,0,22,82
06/24/2022,FYV,AR,ASW,ES,Federal Contract Tower,0,2,16,2,20,0,0,40,2,42,0,2,56,4,62,22,4,26,88
06/25/2022,FYV,AR,ASW,ES,Federal Contract Tower,0,3,7,0,10,0,0,63,0,63,0,3,70,0,73,8,0,8,81
06/26/2022,FYV,AR,ASW,ES,Federal Contract Tower,0,1,10,0,11,0,0,30,0,30,0,1,40,0,41,0,0,0,41
06/27/2022,FYV,AR,ASW,ES,Federal Contract Tower,0,6,9,0,15,0,0,18,0,18,0,6,27,0,33,8,0,8,41
06/28/2022,FYV,AR,ASW,ES,Federal Contract Tower,0,6,13,0,19,0,0,40,0,40,0,6,53,0,59,30,0,30,89
06/29/2022,FYV,AR,ASW,ES,Federal Contract Tower,0,6,6,0,12,0,0,32,0,32,0,6,38,0,44,2,6,8,52
06/30/2022,FYV,AR,ASW,ES,Federal Contract Tower,0,5,13,0,18,0,0,46,2,48,0,5,59,2,66,36,0,36,102
07/01/2022,FYV,AR,ASW,ES,Federal Contract Tower,0,6,13,0,19,0,0,46,0,46,0,6,59,0,65,20,0,20,85
07/02/2022,FYV,AR,ASW,ES,Federal Contract Tower,0,1,7,0,8,0,0,55,0,55,0,1,62,0,63,12,0,12,75
07/03/2022,FYV,AR,ASW,ES,Federal Contract Tower,0,2,9,0,11,0,0,26,0,26,0,2,35,0,37,0,0,0,37
07/04/2022,FYV,AR,ASW,ES,Federal Contract Tower,0,2,5,0,7,0,0,14,0,14,0,2,19,0,21,6,0,6,27
07/05/2022,FYV,AR,ASW,ES,Federal Contract Tower,0,0,5,6,11,0,0,18,4,22,0,0,23,10,33,2,12,14,47
07/06/2022,FYV,AR,ASW,ES,Federal Contract Tower,0,1,10,0,11,0,0,12,0,12,0,1,22,0,23,38,0,38,61
07/07/2022,FYV,AR,ASW,ES,Federal Contract Tower,0,5,9,0,14,0,0,32,0,32,0,5,41,0,46,16,14,30,76
07/08/2022,FYV,AR,ASW,ES,Federal Contract Tower,0,3,11,0,14,0,1,37,0,38,0,4,48,0,52,16,0,16,68
07/09/2022,FYV,AR,ASW,ES,Federal Contract Tower,0,1,9,0,10,0,0,44,0,44,0,1,53,0,54,42,0,42,96
07/10/2022,FYV,AR,ASW,ES,Federal Contract Tower,0,1,18,0,19,0,0,39,0,39,0,1,57,0,58,6,0,6,64
07/11/2022,FYV,AR,ASW,ES,Federal Contract Tower,0,5,9,2,16,0,0,32,0,32,0,5,41,2,48,24,0,24,72
07/12/2022,FYV,AR,ASW,ES,Federal Contract Tower,0,2,17,1,20,0,0,30,5,35,0,2,47,6,55,10,0,10,65
07/13/2022,FYV,AR,ASW,ES,Federal Contract Tower,0,5,20,0,25,0,0,36,0,36,0,5,56,0,61,28,0,28,89
07/14/2022,FYV,AR,ASW,ES,Federal Contract Tower,0,2,17,0,19,0,0,46,2,48,0,2,63,2,67,32,0,32,99
07/15/2022,FYV,AR,ASW,ES,Federal Contract Tower,0,9,7,0,16,0,0,57,0,57,0,9,64,0,73,34,0,34,107
07/16/2022,FYV,AR,ASW,ES,Federal Contract Tower,0,3,10,0,13,0,0,60,0,60,0,3,70,0,73,28,0,28,101
07/17/2022,FYV,AR,ASW,ES,Federal Contract Tower,0,0,6,0,6,0,0,35,0,35,0,0,41,0,41,18,0,18,59
07/18/2022,FYV,AR,ASW,ES,Federal Contract Tower,0,6,17,0,23,0,0,32,0,32,0,6,49,0,55,38,0,38,93
07/19/2022,FYV,AR,ASW,ES,Federal Contract Tower,0,0,8,0,8,0,0,36,2,38,0,0,44,2,46,16,0,16,62
07/20/2022,FYV,AR,ASW,ES,Federal Contract Tower,0,8,12,0,20,0,0,11,2,13,0,8,23,2,33,0,0,0,33
07/21/2022,FYV,AR,ASW,ES,Federal Contract Tower,0,7,7,0,14,0,0,30,0,30,0,7,37,0,44,32,2,34,78
07/22/2022,FYV,AR,ASW,ES,Federal Contract Tower,0,2,5,2,9,0,0,38,0,38,0,2,43,2,47,58,0,58,105
07/23/2022,FYV,AR,ASW,ES,Federal Contract Tower,0,0,0,0,0,0,0,0,0,0,0,0,0,0,0,0,0,0,0
07/24/2022,FYV,AR,ASW,ES,Federal Contract Tower,0,0,0,0,0,0,0,0,0,0,0,0,0,0,0,0,0,0,0
07/25/2022,FYV,AR,ASW,ES,Federal Contract Tower,0,0,0,0,0,0,0,0,0,0,0,0,0,0,0,0,0,0,0
07/26/2022,FYV,AR,ASW,ES,Federal Contract Tower,0,0,0,0,0,0,0,0,0,0,0,0,0,0,0,0,0,0,0
07/27/2022,FYV,AR,ASW,ES,Federal Contract Tower,0,0,0,0,0,0,0,0,0,0,0,0,0,0,0,0,0,0,0
07/28/2022,FYV,AR,ASW,ES,Federal Contract Tower,0,0,0,0,0,0,0,0,0,0,0,0,0,0,0,0,0,0,0
07/29/2022,FYV,AR,ASW,ES,Federal Contract Tower,0,0,0,0,0,0,0,0,0,0,0,0,0,0,0,0,0,0,0
07/30/2022,FYV,AR,ASW,ES,Federal Contract Tower,0,0,0,0,0,0,0,0,0,0,0,0,0,0,0,0,0,0,0
07/31/2022,FYV,AR,ASW,ES,Federal Contract Tower,0,0,0,0,0,0,0,0,0,0,0,0,0,0,0,0,0,0,0
08/01/2022,FYV,AR,ASW,ES,Federal Contract Tower,0,0,0,0,0,0,0,0,0,0,0,0,0,0,0,0,0,0,0
08/02/2022,FYV,AR,ASW,ES,Federal Contract Tower,0,0,0,0,0,0,0,0,0,0,0,0,0,0,0,0,0,0,0
08/03/2022,FYV,AR,ASW,ES,Federal Contract Tower,0,0,0,0,0,0,0,0,0,0,0,0,0,0,0,0,0,0,0
08/04/2022,FYV,AR,ASW,ES,Federal Contract Tower,0,0,0,0,0,0,0,0,0,0,0,0,0,0,0,0,0,0,0
08/05/2022,FYV,AR,ASW,ES,Federal Contract Tower,0,0,0,0,0,0,0,0,0,0,0,0,0,0,0,0,0,0,0
08/06/2022,FYV,AR,ASW,ES,Federal Contract Tower,0,0,0,0,0,0,0,0,0,0,0,0,0,0,0,0,0,0,0
08/07/2022,FYV,AR,ASW,ES,Federal Contract Tower,0,0,0,0,0,0,0,0,0,0,0,0,0,0,0,0,0,0,0
08/08/2022,FYV,AR,ASW,ES,Federal Contract Tower,0,0,0,0,0,0,0,0,0,0,0,0,0,0,0,0,0,0,0
08/09/2022,FYV,AR,ASW,ES,Federal Contract Tower,0,1,9,0,10,0,0,21,0,21,0,1,30,0,31,8,0,8,39
08/10/2022,FYV,AR,ASW,ES,Federal Contract Tower,0,2,16,0,18,0,0,42,2,44,0,2,58,2,62,42,0,42,104
08/11/2022,FYV,AR,ASW,ES,Federal Contract Tower,0,0,14,5,19,0,1,46,9,56,0,1,60,14,75,14,42,56,131
08/12/2022,FYV,AR,ASW,ES,Federal Contract Tower,0,0,12,0,12,0,0,38,0,38,0,0,50,0,50,8,0,8,58
08/14/2022,FYV,AR,ASW,ES,Federal Contract Tower,6,0,7,0,13,0,0,43,0,43,6,0,50,0,56,10,0,10,66
08/15/2022,FYV,AR,ASW,ES,Federal Contract Tower,0,3,10,2,15,0,0,25,0,25,0,3,35,2,40,10,2,12,52
08/16/2022,FYV,AR,ASW,ES,Federal Contract Tower,0,7,7,0,14,20,0,0,0,20,20,7,7,0,34,0,0,0,34
08/17/2022,FYV,AR,ASW,ES,Federal Contract Tower,0,1,10,0,11,0,0,0,2,2,0,1,10,2,13,0,0,0,13
08/18/2022,FYV,AR,ASW,ES,Federal Contract Tower,0,6,14,0,20,0,0,43,2,45,0,6,57,2,65,28,0,28,93
08/19/2022,FYV,AR,ASW,ES,Federal Contract Tower,0,5,15,0,20,0,0,32,0,32,0,5,47,0,52,28,0,28,80
08/20/2022,FYV,AR,ASW,ES,Federal Contract Tower,0,3,12,0,15,0,0,78,2,80,0,3,90,2,95,8,0,8,103
08/21/2022,FYV,AR,ASW,ES,Federal Contract Tower,0,3,13,0,16,0,0,28,0,28,0,3,41,0,44,0,0,0,44
08/22/2022,FYV,AR,ASW,ES,Federal Contract Tower,0,3,14,0,17,0,0,11,0,11,0,3,25,0,28,0,0,0,28
08/23/2022,FYV,AR,ASW,ES,Federal Contract Tower,0,3,18,0,21,0,0,34,0,34,0,3,52,0,55,26,0,26,81
08/24/2022,FYV,AR,ASW,ES,Federal Contract Tower,0,3,14,1,18,0,0,27,3,30,0,3,41,4,48,42,0,42,90
08/25/2022,FYV,AR,ASW,ES,Federal Contract Tower,0,6,15,0,21,0,0,32,0,32,0,6,47,0,53,42,0,42,95
08/26/2022,FYV,AR,ASW,ES,Federal Contract Tower,0,3,12,0,15,0,0,39,0,39,0,3,51,0,54,254,0,254,308
08/27/2022,FYV,AR,ASW,ES,Federal Contract Tower,0,2,9,0,11,0,0,49,2,51,0,2,58,2,62,280,0,280,342
08/28/2022,FYV,AR,ASW,ES,Federal Contract Tower,0,6,11,1,18,0,0,25,1,26,0,6,36,2,44,12,0,12,56
08/29/2022,FYV,AR,ASW,ES,Federal Contract Tower,0,4,13,0,17,0,0,16,0,16,0,4,29,0,33,0,0,0,33
08/30/2022,FYV,AR,ASW,ES,Federal Contract Tower,2,0,17,0,19,0,0,29,2,31,2,0,46,2,50,20,16,36,86
08/31/2022,FYV,AR,ASW,ES,Federal Contract Tower,0,5,16,0,21,0,0,58,0,58,0,5,74,0,79,70,2,72,151
09/01/2022,FYV,AR,ASW,ES,Federal Contract Tower,0,7,22,2,31,0,0,32,0,32,0,7,54,2,63,46,0,46,109
09/02/2022,FYV,AR,ASW,ES,Federal Contract Tower,0,0,38,0,38,0,0,1,0,1,0,0,39,0,39,0,0,0,39
09/03/2022,FYV,AR,ASW,ES,Federal Contract Tower,0,14,77,0,91,0,0,11,0,11,0,14,88,0,102,0,0,0,102
09/04/2022,FYV,AR,ASW,ES,Federal Contract Tower,0,5,27,0,32,0,0,22,0,22,0,5,49,0,54,26,0,26,80
09/05/2022,FYV,AR,ASW,ES,Federal Contract Tower,0,2,17,0,19,0,0,27,0,27,0,2,44,0,46,32,0,32,78
09/06/2022,FYV,AR,ASW,ES,Federal Contract Tower,0,3,11,0,14,0,0,17,0,17,0,3,28,0,31,16,0,16,47
09/07/2022,FYV,AR,ASW,ES,Federal Contract Tower,0,6,13,1,20,0,0,19,1,20,0,6,32,2,40,16,10,26,66
09/08/2022,FYV,AR,ASW,ES,Federal Contract Tower,0,6,19,0,25,0,0,48,0,48,0,6,67,0,73,38,0,38,111
09/09/2022,FYV,AR,ASW,ES,Federal Contract Tower,0,2,43,2,47,0,0,45,0,45,0,2,88,2,92,48,12,60,152
09/10/2022,FYV,AR,ASW,ES,Federal Contract Tower,0,14,67,0,81,0,0,41,0,41,0,14,108,0,122,0,0,0,122
09/11/2022,FYV,AR,ASW,ES,Federal Contract Tower,0,10,47,1,58,0,0,10,2,12,0,10,57,3,70,4,0,4,74
09/12/2022,FYV,AR,ASW,ES,Federal Contract Tower,0,6,13,0,19,0,0,37,0,37,0,6,50,0,56,14,0,14,70
09/14/2022,FYV,AR,ASW,ES,Federal Contract Tower,0,5,19,8,32,0,0,36,1,37,0,5,55,9,69,34,0,34,103
09/15/2022,FYV,AR,ASW,ES,Federal Contract Tower,0,3,16,0,19,0,0,33,1,34,0,3,49,1,53,36,0,36,89
09/16/2022,FYV,AR,ASW,ES,Federal Contract Tower,0,8,29,0,37,0,0,51,0,51,0,8,80,0,88,30,0,30,118
09/17/2022,FYV,AR,ASW,ES,Federal Contract Tower,0,4,28,0,32,0,0,28,0,28,0,4,56,0,60,24,0,24,84
09/18/2022,FYV,AR,ASW,ES,Federal Contract Tower,0,7,37,0,44,0,0,40,0,40,0,7,77,0,84,6,0,6,90
09/19/2022,FYV,AR,ASW,ES,Federal Contract Tower,0,5,12,0,17,0,0,30,0,30,0,5,42,0,47,6,0,6,53
09/20/2022,FYV,AR,ASW,ES,Federal Contract Tower,0,8,5,0,13,0,1,30,0,31,0,9,35,0,44,20,0,20,64
09/21/2022,FYV,AR,ASW,ES,Federal Contract Tower,0,4,12,4,20,0,1,24,0,25,0,5,36,4,45,6,0,6,51
09/22/2022,FYV,AR,ASW,ES,Federal Contract Tower,0,4,14,6,24,0,0,21,0,21,0,4,35,6,45,32,8,40,85
09/23/2022,FYV,AR,ASW,ES,Federal Contract Tower,0,8,38,0,46,0,0,42,0,42,0,8,80,0,88,10,0,10,98
09/24/2022,FYV,AR,ASW,ES,Federal Contract Tower,0,2,19,0,21,0,1,36,0,37,0,3,55,0,58,0,0,0,58
09/25/2022,FYV,AR,ASW,ES,Federal Contract Tower,0,5,29,0,34,0,0,29,0,29,0,5,58,0,63,0,0,0,63
09/26/2022,FYV,AR,ASW,ES,Federal Contract Tower,0,7,17,0,24,0,0,51,0,51,0,7,68,0,75,10,0,10,85
09/27/2022,FYV,AR,ASW,ES,Federal Contract Tower,4,4,11,0,19,0,0,25,4,29,4,4,36,4,48,28,22,50,98
09/28/2022,FYV,AR,ASW,ES,Federal Contract Tower,0,2,19,0,21,0,0,37,0,37,0,2,56,0,58,22,0,22,80
09/29/2022,FYV,AR,ASW,ES,Federal Contract Tower,0,14,20,21,55,0,0,38,1,39,0,14,58,22,94,80,10,90,184
09/30/2022,FYV,AR,ASW,ES,Federal Contract Tower,0,12,61,0,73,0,0,67,4,71,0,12,128,4,144,24,0,24,168
10/01/2022,FYV,AR,ASW,ES,Federal Contract Tower,0,11,89,0,100,0,0,59,8,67,0,11,148,8,167,4,0,4,171
10/02/2022,FYV,AR,ASW,ES,Federal Contract Tower,0,15,68,0,83,0,0,64,4,68,0,15,132,4,151,6,0,6,157
10/03/2022,FYV,AR,ASW,ES,Federal Contract Tower,0,2,8,0,10,0,0,26,0,26,0,2,34,0,36,26,0,26,62
10/04/2022,FYV,AR,ASW,ES,Federal Contract Tower,0,3,22,0,25,0,0,30,0,30,0,3,52,0,55,40,0,40,95
10/05/2022,FYV,AR,ASW,ES,Federal Contract Tower,0,9,30,0,39,0,0,37,0,37,0,9,67,0,76,62,0,62,138
10/06/2022,FYV,AR,ASW,ES,Federal Contract Tower,0,10,23,7,40,0,0,29,0,29,0,10,52,7,69,4,0,4,73
10/07/2022,FYV,AR,ASW,ES,Federal Contract Tower,0,6,15,4,25,0,0,28,0,28,0,6,43,4,53,30,0,30,83
10/08/2022,FYV,AR,ASW,ES,Federal Contract Tower,0,5,21,0,26,0,0,77,0,77,0,5,98,0,103,10,0,10,113
10/09/2022,FYV,AR,ASW,ES,Federal Contract Tower,0,9,34,0,43,0,1,54,0,55,0,10,88,0,98,6,0,6,104
10/10/2022,FYV,AR,ASW,ES,Federal Contract Tower,0,2,18,0,20,0,0,20,0,20,0,2,38,0,40,18,0,18,58
10/11/2022,FYV,AR,ASW,ES,Federal Contract Tower,0,0,1,2,3,0,0,8,2,10,0,0,9,4,13,0,0,0,13
10/12/2022,FYV,AR,ASW,ES,Federal Contract Tower,0,4,11,0,15,0,2,18,2,22,0,6,29,2,37,2,4,6,43
10/13/2022,FYV,AR,ASW,ES,Federal Contract Tower,0,3,24,0,27,0,2,25,0,27,0,5,49,0,54,26,0,26,80
10/14/2022,FYV,AR,ASW,ES,Federal Contract Tower,0,8,23,0,31,0,1,25,0,26,0,9,48,0,57,48,0,48,105
10/15/2022,FYV,AR,ASW,ES,Federal Contract Tower,0,5,14,0,19,0,1,51,0,52,0,6,65,0,71,30,0,30,101
10/16/2022,FYV,AR,ASW,ES,Federal Contract Tower,0,3,18,0,21,0,0,23,2,25,0,3,41,2,46,24,0,24,70
10/17/2022,FYV,AR,ASW,ES,Federal Contract Tower,0,2,16,0,18,0,0,21,0,21,0,2,37,0,39,0,0,0,39
10/18/2022,FYV,AR,ASW,ES,Federal Contract Tower,0,2,26,0,28,0,0,27,0,27,0,2,53,0,55,20,0,20,75
10/19/2022,FYV,AR,ASW,ES,Federal Contract Tower,0,6,16,0,22,0,0,32,2,34,0,6,48,2,56,0,0,0,56
10/20/2022,FYV,AR,ASW,ES,Federal Contract Tower,0,7,20,0,27,0,0,31,0,31,0,7,51,0,58,76,0,76,134
10/21/2022,FYV,AR,ASW,ES,Federal Contract Tower,0,7,18,0,25,0,1,46,0,47,0,8,64,0,72,10,4,14,86
10/22/2022,FYV,AR,ASW,ES,Federal Contract Tower,0,2,8,2,12,0,0,16,0,16,0,2,24,2,28,0,0,0,28
10/23/2022,FYV,AR,ASW,ES,Federal Contract Tower,0,8,16,0,24,0,0,11,0,11,0,8,27,0,35,0,0,0,35
10/24/2022,FYV,AR,ASW,ES,Federal Contract Tower,0,5,18,0,23,0,0,0,0,0,0,5,18,0,23,0,0,0,23
10/25/2022,FYV,AR,ASW,ES,Federal Contract Tower,0,2,20,4,26,0,0,5,0,5,0,2,25,4,31,0,0,0,31
10/26/2022,FYV,AR,ASW,ES,Federal Contract Tower,0,4,13,4,21,0,1,52,2,55,0,5,65,6,76,46,0,46,122
10/27/2022,FYV,AR,ASW,ES,Federal Contract Tower,0,7,11,0,18,0,0,30,0,30,0,7,41,0,48,26,0,26,74
10/28/2022,FYV,AR,ASW,ES,Federal Contract Tower,0,8,19,0,27,0,0,28,0,28,0,8,47,0,55,30,0,30,85
10/29/2022,FYV,AR,ASW,ES,Federal Contract Tower,0,2,15,0,17,0,0,1,0,1,0,2,16,0,18,12,0,12,30
10/30/2022,FYV,AR,ASW,ES,Federal Contract Tower,0,5,23,0,28,0,0,1,0,1,0,5,24,0,29,0,0,0,29
10/31/2022,FYV,AR,ASW,ES,Federal Contract Tower,0,2,19,0,21,0,0,22,0,22,0,2,41,0,43,22,0,22,65
11/01/2022,FYV,AR,ASW,ES,Federal Contract Tower,0,1,11,0,12,0,0,35,0,35,0,1,46,0,47,40,0,40,87
11/02/2022,FYV,AR,ASW,ES,Federal Contract Tower,0,11,10,0,21,0,0,24,3,27,0,11,34,3,48,24,0,24,72
11/03/2022,FYV,AR,ASW,ES,Federal Contract Tower,0,9,31,2,42,0,0,29,0,29,0,9,60,2,71,6,0,6,77
11/04/2022,FYV,AR,ASW,ES,Federal Contract Tower,0,5,19,0,24,0,0,1,0,1,0,5,20,0,25,0,0,0,25
11/05/2022,FYV,AR,ASW,ES,Federal Contract Tower,0,8,36,0,44,0,0,18,0,18,0,8,54,0,62,20,0,20,82
11/06/2022,FYV,AR,ASW,ES,Federal Contract Tower,0,6,34,0,40,0,1,26,0,27,0,7,60,0,67,2,0,2,69
11/07/2022,FYV,AR,ASW,ES,Federal Contract Tower,0,2,12,0,14,0,1,19,0,20,0,3,31,0,34,20,0,20,54
11/08/2022,FYV,AR,ASW,ES,Federal Contract Tower,0,2,15,0,17,0,0,19,4,23,0,2,34,4,40,32,0,32,72
11/09/2022,FYV,AR,ASW,ES,Federal Contract Tower,0,3,15,0,18,0,0,26,4,30,0,3,41,4,48,18,0,18,66
11/10/2022,FYV,AR,ASW,ES,Federal Contract Tower,0,0,36,0,36,0,0,34,6,40,0,0,70,6,76,18,4,22,98
11/11/2022,FYV,AR,ASW,ES,Federal Contract Tower,0,10,61,1,72,0,0,14,0,14,0,10,75,1,86,0,14,14,100
11/12/2022,FYV,AR,ASW,ES,Federal Contract Tower,0,12,51,0,63,0,0,46,0,46,0,12,97,0,109,14,0,14,123
11/13/2022,FYV,AR,ASW,ES,Federal Contract Tower,0,11,53,1,65,0,0,41,0,41,0,11,94,1,106,87,0,87,193
11/14/2022,FYV,AR,ASW,ES,Federal Contract Tower,0,1,11,0,12,0,0,20,0,20,0,1,31,0,32,40,0,40,72
11/15/2022,FYV,AR,ASW,ES,Federal Contract Tower,0,8,20,0,28,0,0,2,0,2,0,8,22,0,30,0,0,0,30
11/16/2022,FYV,AR,ASW,ES,Federal Contract Tower,0,7,22,4,33,0,0,28,4,32,0,7,50,8,65,30,6,36,101
11/17/2022,FYV,AR,ASW,ES,Federal Contract Tower,0,6,16,0,22,0,0,28,0,28,0,6,44,0,50,4,0,4,54
11/18/2022,FYV,AR,ASW,ES,Federal Contract Tower,0,4,39,0,43,0,0,24,0,24,0,4,63,0,67,52,0,52,119
11/19/2022,FYV,AR,ASW,ES,Federal Contract Tower,0,14,33,0,47,0,0,23,0,23,0,14,56,0,70,36,0,36,106
11/20/2022,FYV,AR,ASW,ES,Federal Contract Tower,2,8,42,0,52,0,0,48,0,48,2,8,90,0,100,34,0,34,134
11/21/2022,FYV,AR,ASW,ES,Federal Contract Tower,0,3,17,0,20,0,0,12,0,12,0,3,29,0,32,14,0,14,46
11/22/2022,FYV,AR,ASW,ES,Federal Contract Tower,0,6,17,1,24,0,0,46,1,47,0,6,63,2,71,38,0,38,109
11/23/2022,FYV,AR,ASW,ES,Federal Contract Tower,0,2,16,0,18,0,0,24,0,24,0,2,40,0,42,30,0,30,72
11/24/2022,FYV,AR,ASW,ES,Federal Contract Tower,0,0,5,0,5,0,0,0,0,0,0,0,5,0,5,0,0,0,5
11/25/2022,FYV,AR,ASW,ES,Federal Contract Tower,0,2,30,0,32,0,0,5,0,5,0,2,35,0,37,10,0,10,47
11/26/2022,FYV,AR,ASW,ES,Federal Contract Tower,0,6,3,0,9,0,0,0,0,0,0,6,3,0,9,0,0,0,9
11/27/2022,FYV,AR,ASW,ES,Federal Contract Tower,0,3,18,0,21,0,1,11,0,12,0,4,29,0,33,6,0,6,39
11/28/2022,FYV,AR,ASW,ES,Federal Contract Tower,0,3,18,0,21,0,0,34,0,34,0,3,52,0,55,8,0,8,63
11/29/2022,FYV,AR,ASW,ES,Federal Contract Tower,0,3,8,6,17,0,0,5,0,5,0,3,13,6,22,0,0,0,22
11/30/2022,FYV,AR,ASW,ES,Federal Contract Tower,0,7,11,4,22,0,0,40,0,40,0,7,51,4,62,34,8,42,104
12/01/2022,FYV,AR,ASW,ES,Federal Contract Tower,0,0,19,0,19,0,0,21,0,21,0,0,40,0,40,28,0,28,68
12/02/2022,FYV,AR,ASW,ES,Federal Contract Tower,0,1,14,0,15,0,0,0,0,0,0,1,14,0,15,0,0,0,15
12/03/2022,FYV,AR,ASW,ES,Federal Contract Tower,0,4,16,0,20,0,0,55,0,55,0,4,71,0,75,88,0,88,163
12/04/2022,FYV,AR,ASW,ES,Federal Contract Tower,0,2,7,0,9,0,0,2,0,2,0,2,9,0,11,16,0,16,27
12/05/2022,FYV,AR,ASW,ES,Federal Contract Tower,0,0,13,0,13,0,0,0,0,0,0,0,13,0,13,0,0,0,13
12/06/2022,FYV,AR,ASW,ES,Federal Contract Tower,0,2,14,0,16,0,0,3,0,3,0,2,17,0,19,0,0,0,19
12/07/2022,FYV,AR,ASW,ES,Federal Contract Tower,0,5,10,0,15,0,0,0,0,0,0,5,10,0,15,0,0,0,15
12/08/2022,FYV,AR,ASW,ES,Federal Contract Tower,0,3,17,0,20,0,0,1,0,1,0,3,18,0,21,18,0,18,39
12/09/2022,FYV,AR,ASW,ES,Federal Contract Tower,0,0,18,1,19,0,0,49,1,50,0,0,67,2,69,64,0,64,133
12/10/2022,FYV,AR,ASW,ES,Federal Contract Tower,0,2,2,0,4,0,0,0,0,0,0,2,2,0,4,0,0,0,4
12/11/2022,FYV,AR,ASW,ES,Federal Contract Tower,0,3,6,0,9,0,0,2,0,2,0,3,8,0,11,6,0,6,17
12/12/2022,FYV,AR,ASW,ES,Federal Contract Tower,0,5,9,0,14,0,0,2,0,2,0,5,11,0,16,2,0,2,18
12/13/2022,FYV,AR,ASW,ES,Federal Contract Tower,0,2,9,0,11,0,0,4,0,4,0,2,13,0,15,6,0,6,21
12/14/2022,FYV,AR,ASW,ES,Federal Contract Tower,0,2,19,5,26,0,0,23,2,25,0,2,42,7,51,48,8,56,107
12/15/2022,FYV,AR,ASW,ES,Federal Contract Tower,0,4,22,1,27,0,0,22,8,30,0,4,44,9,57,0,0,0,57
12/16/2022,FYV,AR,ASW,ES,Federal Contract Tower,0,3,18,0,21,0,1,15,0,16,0,4,33,0,37,0,0,0,37
12/17/2022,FYV,AR,ASW,ES,Federal Contract Tower,0,2,13,0,15,0,0,33,0,33,0,2,46,0,48,22,0,22,70
12/18/2022,FYV,AR,ASW,ES,Federal Contract Tower,0,2,6,0,8,0,0,53,0,53,0,2,59,0,61,46,0,46,107
12/19/2022,FYV,AR,ASW,ES,Federal Contract Tower,0,6,7,0,13,0,0,13,0,13,0,6,20,0,26,38,0,38,64
12/20/2022,FYV,AR,ASW,ES,Federal Contract Tower,0,1,21,1,23,0,0,38,7,45,0,1,59,8,68,58,0,58,126
12/21/2022,FYV,AR,ASW,ES,Federal Contract Tower,0,10,18,0,28,0,0,23,0,23,0,10,41,0,51,42,0,42,93
12/22/2022,FYV,AR,ASW,ES,Federal Contract Tower,0,0,2,0,2,0,0,0,0,0,0,0,2,0,2,0,0,0,2
12/23/2022,FYV,AR,ASW,ES,Federal Contract Tower,0,3,5,0,8,0,0,14,0,14,0,3,19,0,22,0,0,0,22
12/24/2022,FYV,AR,ASW,ES,Federal Contract Tower,0,0,2,0,2,0,0,3,0,3,0,0,5,0,5,8,0,8,13
12/25/2022,FYV,AR,ASW,ES,Federal Contract Tower,0,0,0,0,0,0,0,5,0,5,0,0,5,0,5,4,0,4,9
12/26/2022,FYV,AR,ASW,ES,Federal Contract Tower,0,1,11,0,12,0,0,6,0,6,0,1,17,0,18,0,0,0,18
12/27/2022,FYV,AR,ASW,ES,Federal Contract Tower,2,0,7,1,10,0,0,6,0,6,2,0,13,1,16,2,12,14,30
12/28/2022,FYV,AR,ASW,ES,Federal Contract Tower,0,6,4,0,10,0,0,4,0,4,0,6,8,0,14,8,0,8,22
12/29/2022,FYV,AR,ASW,ES,Federal Contract Tower,0,5,9,0,14,0,0,7,0,7,0,5,16,0,21,0,0,0,21
12/30/2022,FYV,AR,ASW,ES,Federal Contract Tower,0,3,13,0,16,0,0,32,0,32,0,3,45,0,48,56,0,56,104
12/31/2022,FYV,AR,ASW,ES,Federal Contract Tower,0,7,2,0,9,0,0,34,0,34,0,7,36,0,43,22,0,22,65
01/01/2023,FYV,AR,ASW,ES,Federal Contract Tower,2,0,10,0,12,0,0,16,0,16,2,0,26,0,28,20,0,20,48
01/02/2023,FYV,AR,ASW,ES,Federal Contract Tower,0,3,8,0,11,0,0,3,0,3,0,3,11,0,14,20,0,20,34
01/03/2023,FYV,AR,ASW,ES,Federal Contract Tower,0,4,8,0,12,0,0,14,0,14,0,4,22,0,26,32,0,32,58
01/04/2023,FYV,AR,ASW,ES,Federal Contract Tower,0,7,20,0,27,0,0,23,10,33,0,7,43,10,60,22,4,26,86
01/05/2023,FYV,AR,ASW,ES,Federal Contract Tower,0,2,11,0,13,0,1,24,0,25,0,3,35,0,38,14,0,14,52
01/06/2023,FYV,AR,ASW,ES,Federal Contract Tower,0,6,11,0,17,0,0,28,0,28,0,6,39,0,45,40,0,40,85
01/07/2023,FYV,AR,ASW,ES,Federal Contract Tower,0,2,13,0,15,0,0,7,0,7,0,2,20,0,22,16,0,16,38
01/08/2023,FYV,AR,ASW,ES,Federal Contract Tower,1,2,13,0,16,0,0,60,0,60,1,2,73,0,76,34,0,34,110
01/09/2023,FYV,AR,ASW,ES,Federal Contract Tower,0,3,8,0,11,0,0,18,0,18,0,3,26,0,29,36,0,36,65
01/10/2023,FYV,AR,ASW,ES,Federal Contract Tower,0,5,14,0,19,0,0,40,0,40,0,5,54,0,59,20,0,20,79
01/11/2023,FYV,AR,ASW,ES,Federal Contract Tower,0,11,53,0,64,0,0,31,0,31,0,11,84,0,95,32,28,60,155
01/12/2023,FYV,AR,ASW,ES,Federal Contract Tower,0,6,7,0,13,0,0,0,0,0,0,6,7,0,13,0,0,0,13
01/13/2023,FYV,AR,ASW,ES,Federal Contract Tower,0,5,20,0,25,0,0,23,8,31,0,5,43,8,56,22,0,22,78
01/14/2023,FYV,AR,ASW,ES,Federal Contract Tower,0,7,17,2,26,0,0,42,0,42,0,7,59,2,68,40,0,40,108
01/15/2023,FYV,AR,ASW,ES,Federal Contract Tower,0,2,5,0,7,0,0,8,0,8,0,2,13,0,15,18,0,18,33
01/16/2023,FYV,AR,ASW,ES,Federal Contract Tower,0,3,11,0,14,0,0,7,0,7,0,3,18,0,21,4,0,4,25
01/17/2023,FYV,AR,ASW,ES,Federal Contract Tower,0,6,19,7,32,0,0,44,0,44,0,6,63,7,76,32,0,32,108
01/18/2023,FYV,AR,ASW,ES,Federal Contract Tower,0,3,12,0,15,0,0,5,0,5,0,3,17,0,20,0,0,0,20
01/19/2023,FYV,AR,ASW,ES,Federal Contract Tower,0,3,15,0,18,0,0,10,1,11,0,3,25,1,29,6,0,6,35
01/20/2023,FYV,AR,ASW,ES,Federal Contract Tower,0,8,18,4,30,0,2,45,1,48,0,10,63,5,78,94,0,94,172
01/21/2023,FYV,AR,ASW,ES,Federal Contract Tower,0,3,21,0,24,0,0,24,0,24,0,3,45,0,48,24,0,24,72
01/22/2023,FYV,AR,ASW,ES,Federal Contract Tower,0,2,18,0,20,0,0,0,0,0,0,2,18,0,20,2,0,2,22
01/23/2023,FYV,AR,ASW,ES,Federal Contract Tower,0,4,15,0,19,0,0,42,0,42,0,4,57,0,61,64,0,64,125
01/24/2023,FYV,AR,ASW,ES,Federal Contract Tower,0,4,2,0,6,0,0,3,0,3,0,4,5,0,9,0,0,0,9
01/25/2023,FYV,AR,ASW,ES,Federal Contract Tower,0,0,0,0,0,0,0,0,0,0,0,0,0,0,0,0,0,0,0
01/26/2023,FYV,AR,ASW,ES,Federal Contract Tower,0,4,8,0,12,0,0,18,4,22,0,4,26,4,34,32,0,32,66
01/27/2023,FYV,AR,ASW,ES,Federal Contract Tower,0,10,11,0,21,0,0,21,0,21,0,10,32,0,42,4,0,4,46
01/28/2023,FYV,AR,ASW,ES,Federal Contract Tower,0,7,4,0,11,0,0,1,0,1,0,7,5,0,12,0,0,0,12
01/29/2023,FYV,AR,ASW,ES,Federal Contract Tower,0,5,3,0,8,0,0,0,0,0,0,5,3,0,8,0,0,0,8
01/30/2023,FYV,AR,ASW,ES,Federal Contract Tower,0,0,0,0,0,0,0,0,0,0,0,0,0,0,0,0,0,0,0
01/31/2023,FYV,AR,ASW,ES,Federal Contract Tower,0,0,0,0,0,0,0,0,0,0,0,0,0,0,0,0,0,0,0
02/01/2023,FYV,AR,ASW,ES,Federal Contract Tower,0,0,0,0,0,0,0,1,0,1,0,0,1,0,1,0,0,0,1
02/02/2023,FYV,AR,ASW,ES,Federal Contract Tower,0,0,1,0,1,0,0,1,0,1,0,0,2,0,2,0,0,0,2
02/03/2023,FYV,AR,ASW,ES,Federal Contract Tower,0,2,6,0,8,0,0,24,0,24,0,2,30,0,32,60,0,60,92
02/04/2023,FYV,AR,ASW,ES,Federal Contract Tower,0,2,9,0,11,0,0,24,0,24,0,2,33,0,35,8,0,8,43
02/05/2023,FYV,AR,ASW,ES,Federal Contract Tower,0,3,9,0,12,0,0,81,0,81,0,3,90,0,93,40,0,40,133
02/06/2023,FYV,AR,ASW,ES,Federal Contract Tower,1,7,11,0,19,0,0,12,0,12,1,7,23,0,31,0,0,0,31
02/07/2023,FYV,AR,ASW,ES,Federal Contract Tower,0,7,12,0,19,0,0,2,0,2,0,7,14,0,21,2,0,2,23
02/08/2023,FYV,AR,ASW,ES,Federal Contract Tower,0,2,2,0,4,0,0,0,0,0,0,2,2,0,4,0,0,0,4
02/09/2023,FYV,AR,ASW,ES,Federal Contract Tower,0,4,25,0,29,0,0,40,12,52,0,4,65,12,81,38,48,86,167
02/10/2023,FYV,AR,ASW,ES,Federal Contract Tower,0,8,9,0,17,0,0,3,0,3,0,8,12,0,20,0,0,0,20
02/11/2023,FYV,AR,ASW,ES,Federal Contract Tower,0,8,29,0,37,0,0,77,0,77,0,8,106,0,114,60,0,60,174
02/12/2023,FYV,AR,ASW,ES,Federal Contract Tower,2,5,7,0,14,0,0,0,0,0,2,5,7,0,14,24,0,24,38
02/13/2023,FYV,AR,ASW,ES,Federal Contract Tower,0,4,16,0,20,0,0,52,0,52,0,4,68,0,72,58,0,58,130
02/14/2023,FYV,AR,ASW,ES,Federal Contract Tower,2,4,3,0,9,0,0,2,2,4,2,4,5,2,13,0,4,4,17
02/15/2023,FYV,AR,ASW,ES,Federal Contract Tower,0,5,13,0,18,0,0,18,0,18,0,5,31,0,36,26,0,26,62
02/16/2023,FYV,AR,ASW,ES,Federal Contract Tower,0,2,21,0,23,0,0,3,0,3,0,2,24,0,26,0,0,0,26
02/17/2023,FYV,AR,ASW,ES,Federal Contract Tower,0,1,22,0,23,0,0,46,0,46,0,1,68,0,69,32,0,32,101
02/18/2023,FYV,AR,ASW,ES,Federal Contract Tower,0,2,16,0,18,0,0,33,0,33,0,2,49,0,51,22,0,22,73
02/19/2023,FYV,AR,ASW,ES,Federal Contract Tower,2,2,13,0,17,0,0,12,0,12,2,2,25,0,29,0,0,0,29
02/20/2023,FYV,AR,ASW,ES,Federal Contract Tower,0,2,15,0,17,0,0,24,0,24,0,2,39,0,41,2,0,2,43
02/21/2023,FYV,AR,ASW,ES,Federal Contract Tower,0,9,24,2,35,0,0,28,1,29,0,9,52,3,64,24,4,28,92
02/22/2023,FYV,AR,ASW,ES,Federal Contract Tower,0,6,9,0,15,0,0,3,1,4,0,6,12,1,19,2,0,2,21
02/23/2023,FYV,AR,ASW,ES,Federal Contract Tower,0,3,12,0,15,0,0,27,0,27,0,3,39,0,42,12,0,12,54
02/24/2023,FYV,AR,ASW,ES,Federal Contract Tower,0,4,19,0,23,0,0,16,0,16,0,4,35,0,39,18,0,18,57
02/25/2023,FYV,AR,ASW,ES,Federal Contract Tower,0,6,7,0,13,0,0,13,0,13,0,6,20,0,26,32,0,32,58
02/26/2023,FYV,AR,ASW,ES,Federal Contract Tower,1,2,6,0,9,0,0,0,0,0,1,2,6,0,9,0,0,0,9
02/27/2023,FYV,AR,ASW,ES,Federal Contract Tower,2,7,12,0,21,0,0,15,0,15,2,7,27,0,36,0,0,0,36
02/28/2023,FYV,AR,ASW,ES,Federal Contract Tower,0,0,19,6,25,0,0,32,0,32,0,0,51,6,57,0,0,0,57
03/01/2023,FYV,AR,ASW,ES,Federal Contract Tower,0,6,18,0,24,0,0,38,0,38,0,6,56,0,62,36,0,36,98
03/02/2023,FYV,AR,ASW,ES,Federal Contract Tower,0,4,11,0,15,0,0,2,0,2,0,4,13,0,17,0,0,0,17
03/03/2023,FYV,AR,ASW,ES,Federal Contract Tower,3,4,15,0,22,0,0,0,0,0,3,4,15,0,22,0,0,0,22
03/04/2023,FYV,AR,ASW,ES,Federal Contract Tower,1,8,46,0,55,0,0,54,0,54,1,8,100,0,109,26,0,26,135
03/05/2023,FYV,AR,ASW,ES,Federal Contract Tower,0,6,26,0,32,0,0,19,0,19,0,6,45,0,51,6,0,6,57
03/06/2023,FYV,AR,ASW,ES,Federal Contract Tower,0,2,10,0,12,0,0,24,0,24,0,2,34,0,36,20,0,20,56
03/07/2023,FYV,AR,ASW,ES,Federal Contract Tower,2,1,16,2,21,0,0,29,0,29,2,1,45,2,50,6,0,6,56
03/08/2023,FYV,AR,ASW,ES,Federal Contract Tower,0,1,24,0,25,0,0,4,0,4,0,1,28,0,29,0,0,0,29
03/09/2023,FYV,AR,ASW,ES,Federal Contract Tower,0,1,5,0,6,0,0,0,0,0,0,1,5,0,6,0,0,0,6
03/10/2023,FYV,AR,ASW,ES,Federal Contract Tower,0,6,20,0,26,0,0,34,0,34,0,6,54,0,60,60,0,60,120
03/11/2023,FYV,AR,ASW,ES,Federal Contract Tower,1,2,13,0,16,0,0,2,0,2,1,2,15,0,18,0,0,0,18
03/12/2023,FYV,AR,ASW,ES,Federal Contract Tower,0,2,22,0,24,0,0,18,0,18,0,2,40,0,42,8,0,8,50
03/13/2023,FYV,AR,ASW,ES,Federal Contract Tower,0,4,16,0,20,0,0,31,0,31,0,4,47,0,51,64,0,64,115
03/14/2023,FYV,AR,ASW,ES,Federal Contract Tower,0,4,6,0,10,0,0,38,8,46,0,4,44,8,56,40,0,40,96
03/15/2023,FYV,AR,ASW,ES,Federal Contract Tower,0,6,15,1,22,0,0,43,6,49,0,6,58,7,71,30,10,40,111
03/17/2023,FYV,AR,ASW,ES,Federal Contract Tower,0,6,7,0,13,0,0,0,0,0,0,6,7,0,13,0,0,0,13
03/18/2023,FYV,AR,ASW,ES,Federal Contract Tower,0,2,18,0,20,0,0,25,0,25,0,2,43,0,45,12,0,12,57
03/19/2023,FYV,AR,ASW,ES,Federal Contract Tower,0,5,11,0,16,0,0,43,0,43,0,5,54,0,59,2,0,2,61
03/20/2023,FYV,AR,ASW,ES,Federal Contract Tower,0,1,9,2,12,0,0,15,0,15,0,1,24,2,27,2,0,2,29
03/22/2023,FYV,AR,ASW,ES,Federal Contract Tower,0,0,16,2,18,0,0,0,1,1,0,0,16,3,19,0,0,0,19
03/23/2023,FYV,AR,ASW,ES,Federal Contract Tower,2,9,4,0,15,0,0,0,0,0,2,9,4,0,15,0,0,0,15
03/25/2023,FYV,AR,ASW,ES,Federal Contract Tower,0,5,21,2,28,0,0,43,0,43,0,5,64,2,71,42,0,42,113
03/26/2023,FYV,AR,ASW,ES,Federal Contract Tower,0,5,18,0,23,0,0,56,0,56,0,5,74,0,79,8,0,8,87
03/27/2023,FYV,AR,ASW,ES,Federal Contract Tower,0,3,14,6,23,0,0,26,0,26,0,3,40,6,49,54,0,54,103
03/28/2023,FYV,AR,ASW,ES,Federal Contract Tower,0,1,13,0,14,0,0,4,0,4,0,1,17,0,18,14,0,14,32
03/29/2023,FYV,AR,ASW,ES,Federal Contract Tower,0,3,13,0,16,0,0,37,4,41,0,3,50,4,57,20,0,20,77
03/30/2023,FYV,AR,ASW,ES,Federal Contract Tower,2,4,26,0,32,0,0,9,0,9,2,4,35,0,41,10,0,10,51
03/31/2023,FYV,AR,ASW,ES,Federal Contract Tower,0,4,12,0,16,0,0,0,0,0,0,4,12,0,16,0,0,0,16
04/01/2023,FYV,AR,ASW,ES,Federal Contract Tower,1,0,23,0,24,0,0,48,0,48,1,0,71,0,72,26,0,26,98
04/02/2023,FYV,AR,ASW,ES,Federal Contract Tower,2,4,21,0,27,0,0,21,0,21,2,4,42,0,48,6,0,6,54
04/03/2023,FYV,AR,ASW,ES,Federal Contract Tower,0,3,17,0,20,0,0,9,0,9,0,3,26,0,29,0,0,0,29
04/05/2023,FYV,AR,ASW,ES,Federal Contract Tower,0,0,13,0,13,0,0,10,0,10,0,0,23,0,23,26,0,26,49
04/06/2023,FYV,AR,ASW,ES,Federal Contract Tower,0,4,17,0,21,0,0,27,2,29,0,4,44,2,50,16,2,18,68
04/07/2023,FYV,AR,ASW,ES,Federal Contract Tower,0,3,21,0,24,0,0,24,0,24,0,3,45,0,48,32,0,32,80
04/08/2023,FYV,AR,ASW,ES,Federal Contract Tower,0,0,7,0,7,0,0,62,0,62,0,0,69,0,69,44,0,44,113
04/09/2023,FYV,AR,ASW,ES,Federal Contract Tower,0,4,18,0,22,0,0,47,0,47,0,4,65,0,69,22,0,22,91
04/10/2023,FYV,AR,ASW,ES,Federal Contract Tower,0,1,15,2,18,0,0,33,0,33,0,1,48,2,51,86,4,90,141
04/11/2023,FYV,AR,ASW,ES,Federal Contract Tower,0,6,14,1,21,0,0,56,1,57,0,6,70,2,78,48,0,48,126
04/12/2023,FYV,AR,ASW,ES,Federal Contract Tower,0,6,11,0,17,0,0,33,7,40,0,6,44,7,57,80,0,80,137
04/13/2023,FYV,AR,ASW,ES,Federal Contract Tower,2,3,22,0,27,0,0,51,0,51,2,3,73,0,78,56,0,56,134
04/14/2023,FYV,AR,ASW,ES,Federal Contract Tower,0,6,23,0,29,0,0,34,0,34,0,6,57,0,63,14,0,14,77
04/15/2023,FYV,AR,ASW,ES,Federal Contract Tower,0,1,20,0,21,0,0,15,0,15,0,1,35,0,36,40,0,40,76
04/16/2023,FYV,AR,ASW,ES,Federal Contract Tower,2,4,20,0,26,0,0,12,0,12,2,4,32,0,38,0,0,0,38
04/18/2023,FYV,AR,ASW,ES,Federal Contract Tower,0,4,9,2,15,0,0,19,2,21,0,4,28,4,36,18,0,18,54
04/19/2023,FYV,AR,ASW,ES,Federal Contract Tower,1,4,18,0,23,0,1,0,2,3,1,5,18,2,26,0,0,0,26
04/20/2023,FYV,AR,ASW,ES,Federal Contract Tower,1,1,17,0,19,0,0,2,0,2,1,1,19,0,21,0,0,0,21
04/21/2023,FYV,AR,ASW,ES,Federal Contract Tower,0,5,24,0,29,0,1,33,0,34,0,6,57,0,63,52,0,52,115
04/22/2023,FYV,AR,ASW,ES,Federal Contract Tower,2,4,13,0,19,0,0,44,0,44,2,4,57,0,63,26,0,26,89
04/23/2023,FYV,AR,ASW,ES,Federal Contract Tower,0,5,33,0,38,0,0,57,0,57,0,5,90,0,95,20,0,20,115
04/24/2023,FYV,AR,ASW,ES,Federal Contract Tower,0,10,6,0,16,0,0,36,0,36,0,10,42,0,52,24,0,24,76
04/25/2023,FYV,AR,ASW,ES,Federal Contract Tower,0,2,5,0,7,0,0,4,0,4,0,2,9,0,11,6,0,6,17
04/26/2023,FYV,AR,ASW,ES,Federal Contract Tower,0,2,10,0,12,0,0,16,0,16,0,2,26,0,28,8,0,8,36
04/27/2023,FYV,AR,ASW,ES,Federal Contract Tower,2,8,24,0,34,0,0,1,0,1,2,8,25,0,35,8,0,8,43
04/28/2023,FYV,AR,ASW,ES,Federal Contract Tower,0,2,24,0,26,0,0,5,0,5,0,2,29,0,31,12,0,12,43
04/29/2023,FYV,AR,ASW,ES,Federal Contract Tower,2,2,10,8,22,0,0,45,0,45,2,2,55,8,67,34,4,38,105
04/30/2023,FYV,AR,ASW,ES,Federal Contract Tower,0,3,15,1,19,0,0,41,2,43,0,3,56,3,62,20,0,20,82
05/01/2023,FYV,AR,ASW,ES,Federal Contract Tower,0,3,6,0,9,0,0,28,0,28,0,3,34,0,37,8,0,8,45
05/03/2023,FYV,AR,ASW,ES,Federal Contract Tower,1,3,15,0,19,0,0,64,0,64,1,3,79,0,83,56,0,56,139
05/04/2023,FYV,AR,ASW,ES,Federal Contract Tower,3,6,5,0,14,0,0,7,0,7,3,6,12,0,21,0,0,0,21
05/05/2023,FYV,AR,ASW,ES,Federal Contract Tower,0,3,14,0,17,0,0,13,0,13,0,3,27,0,30,36,0,36,66
05/06/2023,FYV,AR,ASW,ES,Federal Contract Tower,0,1,17,0,18,0,0,24,0,24,0,1,41,0,42,4,0,4,46
05/07/2023,FYV,AR,ASW,ES,Federal Contract Tower,1,3,16,0,20,0,0,27,0,27,1,3,43,0,47,6,0,6,53
05/08/2023,FYV,AR,ASW,ES,Federal Contract Tower,0,5,15,0,20,0,0,28,0,28,0,5,43,0,48,16,0,16,64
05/09/2023,FYV,AR,ASW,ES,Federal Contract Tower,3,2,22,0,27,0,0,19,0,19,3,2,41,0,46,36,0,36,82
05/10/2023,FYV,AR,ASW,ES,Federal Contract Tower,0,2,11,0,13,0,0,13,0,13,0,2,24,0,26,34,0,34,60
05/11/2023,FYV,AR,ASW,ES,Federal Contract Tower,0,4,19,0,23,0,0,7,0,7,0,4,26,0,30,20,0,20,50
05/13/2023,FYV,AR,ASW,ES,Federal Contract Tower,0,4,29,0,33,0,0,39,0,39,0,4,68,0,72,20,0,20,92
05/14/2023,FYV,AR,ASW,ES,Federal Contract Tower,0,4,6,0,10,0,0,35,0,35,0,4,41,0,45,28,0,28,73
05/15/2023,FYV,AR,ASW,ES,Federal Contract Tower,0,0,18,0,18,0,0,6,0,6,0,0,24,0,24,6,0,6,30
05/16/2023,FYV,AR,ASW,ES,Federal Contract Tower,0,3,18,0,21,0,0,0,0,0,0,3,18,0,21,0,0,0,21
05/17/2023,FYV,AR,ASW,ES,Federal Contract Tower,2,2,29,0,33,0,0,13,2,15,2,2,42,2,48,12,0,12,60
05/18/2023,FYV,AR,ASW,ES,Federal Contract Tower,0,6,23,0,29,0,0,54,0,54,0,6,77,0,83,80,0,80,163
05/19/2023,FYV,AR,ASW,ES,Federal Contract Tower,0,4,7,0,11,0,0,4,0,4,0,4,11,0,15,0,0,0,15
05/20/2023,FYV,AR,ASW,ES,Federal Contract Tower,0,5,20,0,25,0,0,61,0,61,0,5,81,0,86,50,0,50,136
05/21/2023,FYV,AR,ASW,ES,Federal Contract Tower,0,2,8,0,10,0,0,62,0,62,0,2,70,0,72,132,0,132,204
05/22/2023,FYV,AR,ASW,ES,Federal Contract Tower,2,3,14,0,19,0,1,35,0,36,2,4,49,0,55,22,0,22,77
05/23/2023,FYV,AR,ASW,ES,Federal Contract Tower,0,2,16,0,18,0,0,53,0,53,0,2,69,0,71,54,0,54,125
05/24/2023,FYV,AR,ASW,ES,Federal Contract Tower,0,9,7,1,17,0,0,27,1,28,0,9,34,2,45,54,8,62,107
05/25/2023,FYV,AR,ASW,ES,Federal Contract Tower,1,5,21,0,27,0,0,21,0,21,1,5,42,0,48,20,0,20,68
05/26/2023,FYV,AR,ASW,ES,Federal Contract Tower,0,2,24,0,26,0,0,29,0,29,0,2,53,0,55,42,0,42,97
05/27/2023,FYV,AR,ASW,ES,Federal Contract Tower,2,2,6,0,10,0,0,49,0,49,2,2,55,0,59,6,0,6,65
05/28/2023,FYV,AR,ASW,ES,Federal Contract Tower,2,3,7,0,12,0,0,47,0,47,2,3,54,0,59,8,0,8,67
05/29/2023,FYV,AR,ASW,ES,Federal Contract Tower,0,2,6,0,8,0,0,27,0,27,0,2,33,0,35,6,0,6,41
05/30/2023,FYV,AR,ASW,ES,Federal Contract Tower,0,5,11,0,16,0,0,30,0,30,0,5,41,0,46,14,0,14,60
05/31/2023,FYV,AR,ASW,ES,Federal Contract Tower,0,4,13,0,17,0,0,39,0,39,0,4,52,0,56,100,0,100,156
06/01/2023,FYV,AR,ASW,ES,Federal Contract Tower,0,7,18,2,27,0,0,52,0,52,0,7,70,2,79,68,0,68,147
06/02/2023,FYV,AR,ASW,ES,Federal Contract Tower,0,9,37,4,50,0,0,21,0,21,0,9,58,4,71,10,8,18,89
06/03/2023,FYV,AR,ASW,ES,Federal Contract Tower,0,5,13,0,18,0,0,23,0,23,0,5,36,0,41,28,0,28,69
06/04/2023,FYV,AR,ASW,ES,Federal Contract Tower,0,5,25,0,30,0,0,37,0,37,0,5,62,0,67,4,0,4,71
06/05/2023,FYV,AR,ASW,ES,Federal Contract Tower,0,4,18,0,22,0,0,19,4,23,0,4,37,4,45,44,0,44,89
06/06/2023,FYV,AR,ASW,ES,Federal Contract Tower,0,1,10,0,11,0,0,36,0,36,0,1,46,0,47,18,0,18,65
06/07/2023,FYV,AR,ASW,ES,Federal Contract Tower,0,2,10,0,12,0,0,26,0,26,0,2,36,0,38,20,0,20,58
06/08/2023,FYV,AR,ASW,ES,Federal Contract Tower,0,3,18,0,21,0,0,51,0,51,0,3,69,0,72,34,0,34,106
06/09/2023,FYV,AR,ASW,ES,Federal Contract Tower,0,2,12,0,14,0,0,19,0,19,0,2,31,0,33,64,0,64,97
06/10/2023,FYV,AR,ASW,ES,Federal Contract Tower,0,3,3,0,6,0,0,24,0,24,0,3,27,0,30,10,0,10,40
06/11/2023,FYV,AR,ASW,ES,Federal Contract Tower,0,8,5,0,13,0,0,32,0,32,0,8,37,0,45,12,0,12,57
06/12/2023,FYV,AR,ASW,ES,Federal Contract Tower,0,4,10,0,14,0,0,27,0,27,0,4,37,0,41,70,0,70,111
06/13/2023,FYV,AR,ASW,ES,Federal Contract Tower,0,3,16,0,19,0,0,13,0,13,0,3,29,0,32,40,0,40,72
06/14/2023,FYV,AR,ASW,ES,Federal Contract Tower,0,5,9,0,14,0,0,31,0,31,0,5,40,0,45,16,0,16,61
06/15/2023,FYV,AR,ASW,ES,Federal Contract Tower,0,5,14,4,23,0,1,37,1,39,0,6,51,5,62,42,0,42,104
06/16/2023,FYV,AR,ASW,ES,Federal Contract Tower,0,5,10,0,15,0,0,20,0,20,0,5,30,0,35,36,0,36,71
06/17/2023,FYV,AR,ASW,ES,Federal Contract Tower,0,1,12,0,13,0,0,69,4,73,0,1,81,4,86,14,0,14,100
06/18/2023,FYV,AR,ASW,ES,Federal Contract Tower,0,3,11,0,14,0,0,6,0,6,0,3,17,0,20,0,0,0,20
06/19/2023,FYV,AR,ASW,ES,Federal Contract Tower,0,3,11,0,14,0,0,26,0,26,0,3,37,0,40,42,0,42,82
06/20/2023,FYV,AR,ASW,ES,Federal Contract Tower,0,4,25,0,29,0,0,47,0,47,0,4,72,0,76,72,0,72,148
06/21/2023,FYV,AR,ASW,ES,Federal Contract Tower,0,1,4,0,5,0,0,43,0,43,0,1,47,0,48,40,0,40,88
06/22/2023,FYV,AR,ASW,ES,Federal Contract Tower,0,2,17,0,19,0,0,42,0,42,0,2,59,0,61,22,0,22,83
06/23/2023,FYV,AR,ASW,ES,Federal Contract Tower,0,1,10,0,11,0,0,33,0,33,0,1,43,0,44,46,0,46,90
06/24/2023,FYV,AR,ASW,ES,Federal Contract Tower,0,1,7,0,8,0,0,48,0,48,0,1,55,0,56,0,0,0,56
06/25/2023,FYV,AR,ASW,ES,Federal Contract Tower,0,1,19,0,20,0,0,32,0,32,0,1,51,0,52,2,0,2,54
06/26/2023,FYV,AR,ASW,ES,Federal Contract Tower,0,3,10,0,13,0,0,28,0,28,0,3,38,0,41,16,0,16,57
06/27/2023,FYV,AR,ASW,ES,Federal Contract Tower,0,9,7,0,16,0,0,19,10,29,0,9,26,10,45,14,2,16,61
06/28/2023,FYV,AR,ASW,ES,Federal Contract Tower,0,4,8,0,12,0,0,26,0,26,0,4,34,0,38,22,0,22,60
06/29/2023,FYV,AR,ASW,ES,Federal Contract Tower,0,2,15,0,17,0,0,23,4,27,0,2,38,4,44,18,0,18,62
06/30/2023,FYV,AR,ASW,ES,Federal Contract Tower,0,2,22,0,24,0,0,28,0,28,0,2,50,0,52,28,0,28,80
07/01/2023,FYV,AR,ASW,ES,Federal Contract Tower,0,2,9,0,11,0,0,31,0,31,0,2,40,0,42,0,0,0,42
07/02/2023,FYV,AR,ASW,ES,Federal Contract Tower,0,2,8,0,10,0,0,26,0,26,0,2,34,0,36,18,0,18,54
07/03/2023,FYV,AR,ASW,ES,Federal Contract Tower,0,3,5,0,8,0,0,28,0,28,0,3,33,0,36,28,0,28,64
07/04/2023,FYV,AR,ASW,ES,Federal Contract Tower,0,0,3,0,3,0,0,14,0,14,0,0,17,0,17,24,0,24,41
07/05/2023,FYV,AR,ASW,ES,Federal Contract Tower,0,5,17,0,22,0,0,16,0,16,0,5,33,0,38,24,0,24,62
07/06/2023,FYV,AR,ASW,ES,Federal Contract Tower,0,2,6,0,8,0,0,14,0,14,0,2,20,0,22,26,0,26,48
07/07/2023,FYV,AR,ASW,ES,Federal Contract Tower,0,5,19,2,26,0,0,18,0,18,0,5,37,2,44,44,12,56,100
07/08/2023,FYV,AR,ASW,ES,Federal Contract Tower,0,6,5,0,11,0,0,31,0,31,0,6,36,0,42,14,0,14,56
07/09/2023,FYV,AR,ASW,ES,Federal Contract Tower,0,3,20,0,23,0,0,19,0,19,0,3,39,0,42,14,0,14,56
07/10/2023,FYV,AR,ASW,ES,Federal Contract Tower,0,4,9,0,13,0,0,49,1,50,0,4,58,1,63,48,0,48,111
07/11/2023,FYV,AR,ASW,ES,Federal Contract Tower,0,2,16,0,18,0,0,32,4,36,0,2,48,4,54,24,0,24,78
07/12/2023,FYV,AR,ASW,ES,Federal Contract Tower,0,6,10,4,20,0,0,37,11,48,0,6,47,15,68,14,0,14,82
07/13/2023,FYV,AR,ASW,ES,Federal Contract Tower,0,1,10,0,11,0,0,26,0,26,0,1,36,0,37,34,0,34,71
07/14/2023,FYV,AR,ASW,ES,Federal Contract Tower,0,2,8,0,10,0,1,22,0,23,0,3,30,0,33,12,0,12,45
07/15/2023,FYV,AR,ASW,ES,Federal Contract Tower,0,1,8,0,9,0,0,42,0,42,0,1,50,0,51,22,0,22,73
07/16/2023,FYV,AR,ASW,ES,Federal Contract Tower,0,2,9,0,11,0,0,46,0,46,0,2,55,0,57,6,0,6,63
07/17/2023,FYV,AR,ASW,ES,Federal Contract Tower,0,2,13,0,15,0,0,27,0,27,0,2,40,0,42,56,0,56,98
07/18/2023,FYV,AR,ASW,ES,Federal Contract Tower,0,2,19,0,21,0,0,18,0,18,0,2,37,0,39,16,0,16,55
07/19/2023,FYV,AR,ASW,ES,Federal Contract Tower,0,8,11,0,19,0,0,22,0,22,0,8,33,0,41,34,0,34,75
07/20/2023,FYV,AR,ASW,ES,Federal Contract Tower,0,8,11,2,21,0,0,48,0,48,0,8,59,2,69,48,0,48,117
07/21/2023,FYV,AR,ASW,ES,Federal Contract Tower,0,8,15,0,23,0,0,23,0,23,0,8,38,0,46,14,0,14,60
07/22/2023,FYV,AR,ASW,ES,Federal Contract Tower,0,4,5,0,9,0,0,59,0,59,0,4,64,0,68,12,0,12,80
07/23/2023,FYV,AR,ASW,ES,Federal Contract Tower,0,3,10,0,13,0,0,40,0,40,0,3,50,0,53,4,0,4,57
07/24/2023,FYV,AR,ASW,ES,Federal Contract Tower,0,2,22,0,24,0,0,24,10,34,0,2,46,10,58,12,0,12,70
07/25/2023,FYV,AR,ASW,ES,Federal Contract Tower,0,4,11,0,15,0,0,18,0,18,0,4,29,0,33,4,0,4,37
07/26/2023,FYV,AR,ASW,ES,Federal Contract Tower,0,2,5,0,7,0,0,12,0,12,0,2,17,0,19,0,0,0,19
07/27/2023,FYV,AR,ASW,ES,Federal Contract Tower,0,2,17,0,19,0,0,34,2,36,0,2,51,2,55,16,0,16,71
07/28/2023,FYV,AR,ASW,ES,Federal Contract Tower,0,1,14,0,15,0,2,14,0,16,0,3,28,0,31,20,0,20,51
07/29/2023,FYV,AR,ASW,ES,Federal Contract Tower,0,3,1,0,4,0,0,48,0,48,0,3,49,0,52,16,0,16,68
07/30/2023,FYV,AR,ASW,ES,Federal Contract Tower,0,4,6,0,10,0,0,36,0,36,0,4,42,0,46,10,0,10,56
07/31/2023,FYV,AR,ASW,ES,Federal Contract Tower,0,2,13,0,15,0,0,26,0,26,0,2,39,0,41,2,0,2,43
08/01/2023,FYV,AR,ASW,ES,Federal Contract Tower,0,2,9,0,11,0,0,27,4,31,0,2,36,4,42,24,8,32,74
08/02/2023,FYV,AR,ASW,ES,Federal Contract Tower,0,3,9,0,12,0,0,18,0,18,0,3,27,0,30,2,0,2,32
08/03/2023,FYV,AR,ASW,ES,Federal Contract Tower,0,5,9,0,14,0,0,16,10,26,0,5,25,10,40,14,0,14,54
08/04/2023,FYV,AR,ASW,ES,Federal Contract Tower,0,2,12,0,14,0,0,17,0,17,0,2,29,0,31,2,0,2,33
08/05/2023,FYV,AR,ASW,ES,Federal Contract Tower,0,3,6,0,9,0,0,21,0,21,0,3,27,0,30,10,0,10,40
08/06/2023,FYV,AR,ASW,ES,Federal Contract Tower,0,4,4,0,8,0,0,22,0,22,0,4,26,0,30,18,0,18,48
08/07/2023,FYV,AR,ASW,ES,Federal Contract Tower,0,3,12,0,15,0,0,26,0,26,0,3,38,0,41,2,0,2,43
08/08/2023,FYV,AR,ASW,ES,Federal Contract Tower,0,4,9,2,15,0,0,32,1,33,0,4,41,3,48,54,12,66,114
08/09/2023,FYV,AR,ASW,ES,Federal Contract Tower,0,6,13,0,19,0,0,4,0,4,0,6,17,0,23,20,0,20,43
08/10/2023,FYV,AR,ASW,ES,Federal Contract Tower,0,7,19,0,26,0,0,41,0,41,0,7,60,0,67,62,0,62,129
08/11/2023,FYV,AR,ASW,ES,Federal Contract Tower,0,0,16,0,16,0,0,34,0,34,0,0,50,0,50,8,0,8,58
08/12/2023,FYV,AR,ASW,ES,Federal Contract Tower,0,5,11,0,16,0,0,37,0,37,0,5,48,0,53,22,0,22,75
08/13/2023,FYV,AR,ASW,ES,Federal Contract Tower,0,11,13,0,24,0,0,25,0,25,0,11,38,0,49,14,0,14,63
08/14/2023,FYV,AR,ASW,ES,Federal Contract Tower,0,2,11,0,13,0,0,40,0,40,0,2,51,0,53,14,0,14,67
08/15/2023,FYV,AR,ASW,ES,Federal Contract Tower,0,2,14,0,16,0,0,40,0,40,0,2,54,0,56,34,0,34,90
08/16/2023,FYV,AR,ASW,ES,Federal Contract Tower,0,4,22,1,27,0,0,33,4,37,0,4,55,5,64,36,26,62,126
08/17/2023,FYV,AR,ASW,ES,Federal Contract Tower,0,7,18,0,25,0,0,43,0,43,0,7,61,0,68,26,0,26,94
08/18/2023,FYV,AR,ASW,ES,Federal Contract Tower,0,2,20,0,22,0,0,38,0,38,0,2,58,0,60,0,0,0,60
08/19/2023,FYV,AR,ASW,ES,Federal Contract Tower,0,0,17,0,17,0,0,64,0,64,0,0,81,0,81,16,0,16,97
08/20/2023,FYV,AR,ASW,ES,Federal Contract Tower,0,4,22,0,26,0,0,49,0,49,0,4,71,0,75,8,0,8,83
08/21/2023,FYV,AR,ASW,ES,Federal Contract Tower,0,2,4,0,6,0,0,30,2,32,0,2,34,2,38,24,8,32,70
08/22/2023,FYV,AR,ASW,ES,Federal Contract Tower,0,5,17,0,22,0,0,28,0,28,0,5,45,0,50,34,0,34,84
08/23/2023,FYV,AR,ASW,ES,Federal Contract Tower,0,7,6,0,13,0,0,19,0,19,0,7,25,0,32,22,2,24,56
08/24/2023,FYV,AR,ASW,ES,Federal Contract Tower,0,10,8,0,18,0,0,33,2,35,0,10,41,2,53,20,0,20,73
08/25/2023,FYV,AR,ASW,ES,Federal Contract Tower,0,8,15,0,23,0,0,39,2,41,0,8,54,2,64,16,28,44,108
08/26/2023,FYV,AR,ASW,ES,Federal Contract Tower,0,0,7,0,7,0,0,54,0,54,0,0,61,0,61,56,0,56,117
08/27/2023,FYV,AR,ASW,ES,Federal Contract Tower,0,4,12,0,16,0,1,21,0,22,0,5,33,0,38,14,0,14,52
08/28/2023,FYV,AR,ASW,ES,Federal Contract Tower,0,7,16,0,23,0,0,45,0,45,0,7,61,0,68,62,0,62,130
08/29/2023,FYV,AR,ASW,ES,Federal Contract Tower,0,2,13,0,15,0,0,23,0,23,0,2,36,0,38,86,0,86,124
08/30/2023,FYV,AR,ASW,ES,Federal Contract Tower,0,8,18,0,26,0,0,37,0,37,0,8,55,0,63,60,0,60,123
08/31/2023,FYV,AR,ASW,ES,Federal Contract Tower,0,8,22,0,30,0,0,29,0,29,0,8,51,0,59,28,0,28,87
