01/01/2020,GCK,KS,ACE,CE,Federal Contract Tower,0,2,1,0,3,0,1,6,0,7,0,3,7,0,10,4,0,4,14
01/02/2020,GCK,KS,ACE,CE,Federal Contract Tower,0,9,9,0,18,0,1,9,0,10,0,10,18,0,28,12,0,12,40
01/03/2020,GCK,KS,ACE,CE,Federal Contract Tower,0,11,15,0,26,0,4,19,0,23,0,15,34,0,49,22,0,22,71
01/04/2020,GCK,KS,ACE,CE,Federal Contract Tower,0,4,7,0,11,0,1,16,0,17,0,5,23,0,28,2,0,2,30
01/05/2020,GCK,KS,ACE,CE,Federal Contract Tower,0,6,11,0,17,0,2,8,0,10,0,8,19,0,27,6,0,6,33
01/06/2020,GCK,KS,ACE,CE,Federal Contract Tower,0,9,10,0,19,0,3,3,0,6,0,12,13,0,25,2,0,2,27
01/07/2020,GCK,KS,ACE,CE,Federal Contract Tower,0,11,6,0,17,0,1,7,8,16,0,12,13,8,33,22,0,22,55
01/08/2020,GCK,KS,ACE,CE,Federal Contract Tower,0,9,12,0,21,0,0,6,0,6,0,9,18,0,27,0,0,0,27
01/09/2020,GCK,KS,ACE,CE,Federal Contract Tower,0,7,17,3,27,0,2,14,0,16,0,9,31,3,43,14,4,18,61
01/10/2020,GCK,KS,ACE,CE,Federal Contract Tower,0,4,9,0,13,0,1,1,0,2,0,5,10,0,15,0,0,0,15
01/11/2020,GCK,KS,ACE,CE,Federal Contract Tower,0,5,8,0,13,0,4,7,4,15,0,9,15,4,28,10,0,10,38
01/12/2020,GCK,KS,ACE,CE,Federal Contract Tower,0,4,10,2,16,0,0,13,2,15,0,4,23,4,31,6,4,10,41
01/13/2020,GCK,KS,ACE,CE,Federal Contract Tower,0,5,5,3,13,0,0,9,0,9,0,5,14,3,22,10,4,14,36
01/14/2020,GCK,KS,ACE,CE,Federal Contract Tower,0,8,11,0,19,0,3,14,0,17,0,11,25,0,36,0,0,0,36
01/15/2020,GCK,KS,ACE,CE,Federal Contract Tower,0,13,18,9,40,0,2,8,3,13,0,15,26,12,53,6,66,72,125
01/16/2020,GCK,KS,ACE,CE,Federal Contract Tower,0,11,8,12,31,0,2,4,0,6,0,13,12,12,37,0,0,0,37
01/17/2020,GCK,KS,ACE,CE,Federal Contract Tower,0,7,7,0,14,0,0,3,0,3,0,7,10,0,17,0,0,0,17
01/18/2020,GCK,KS,ACE,CE,Federal Contract Tower,0,10,11,0,21,0,2,11,0,13,0,12,22,0,34,2,0,2,36
01/19/2020,GCK,KS,ACE,CE,Federal Contract Tower,0,2,5,1,8,0,2,7,1,10,0,4,12,2,18,12,0,12,30
01/20/2020,GCK,KS,ACE,CE,Federal Contract Tower,0,5,10,9,24,0,0,18,0,18,0,5,28,9,42,4,20,24,66
01/21/2020,GCK,KS,ACE,CE,Federal Contract Tower,0,6,11,0,17,0,2,2,0,4,0,8,13,0,21,0,0,0,21
01/22/2020,GCK,KS,ACE,CE,Federal Contract Tower,0,5,6,7,18,0,1,9,2,12,0,6,15,9,30,2,16,18,48
01/23/2020,GCK,KS,ACE,CE,Federal Contract Tower,0,8,7,0,15,0,1,5,4,10,0,9,12,4,25,0,30,30,55
01/24/2020,GCK,KS,ACE,CE,Federal Contract Tower,0,9,4,17,30,0,2,5,2,9,0,11,9,19,39,0,54,54,93
01/25/2020,GCK,KS,ACE,CE,Federal Contract Tower,0,5,2,0,7,0,0,6,0,6,0,5,8,0,13,0,0,0,13
01/26/2020,GCK,KS,ACE,CE,Federal Contract Tower,0,2,3,6,11,0,0,6,0,6,0,2,9,6,17,4,2,6,23
01/27/2020,GCK,KS,ACE,CE,Federal Contract Tower,0,4,8,0,12,0,0,3,0,3,0,4,11,0,15,0,0,0,15
01/28/2020,GCK,KS,ACE,CE,Federal Contract Tower,0,7,8,0,15,0,0,1,0,1,0,7,9,0,16,0,0,0,16
01/29/2020,GCK,KS,ACE,CE,Federal Contract Tower,0,7,11,4,22,0,1,0,0,1,0,8,11,4,23,0,52,52,75
01/30/2020,GCK,KS,ACE,CE,Federal Contract Tower,0,14,11,10,35,0,0,4,0,4,0,14,15,10,39,4,140,144,183
01/31/2020,GCK,KS,ACE,CE,Federal Contract Tower,0,10,18,1,29,0,3,16,1,20,0,13,34,2,49,16,0,16,65
02/01/2020,GCK,KS,ACE,CE,Federal Contract Tower,0,3,5,0,8,0,1,12,0,13,0,4,17,0,21,0,0,0,21
02/02/2020,GCK,KS,ACE,CE,Federal Contract Tower,0,6,7,0,13,0,2,5,0,7,0,8,12,0,20,4,0,4,24
02/03/2020,GCK,KS,ACE,CE,Federal Contract Tower,0,6,11,0,17,0,0,1,0,1,0,6,12,0,18,0,0,0,18
02/04/2020,GCK,KS,ACE,CE,Federal Contract Tower,0,13,7,4,24,0,0,1,0,1,0,13,8,4,25,6,18,24,49
02/05/2020,GCK,KS,ACE,CE,Federal Contract Tower,0,8,12,0,20,0,0,12,0,12,0,8,24,0,32,26,0,26,58
02/06/2020,GCK,KS,ACE,CE,Federal Contract Tower,0,10,7,0,17,0,1,13,0,14,0,11,20,0,31,4,0,4,35
02/07/2020,GCK,KS,ACE,CE,Federal Contract Tower,0,11,5,0,16,0,0,10,2,12,0,11,15,2,28,8,0,8,36
02/08/2020,GCK,KS,ACE,CE,Federal Contract Tower,0,5,7,0,12,0,0,11,2,13,0,5,18,2,25,2,0,2,27
02/09/2020,GCK,KS,ACE,CE,Federal Contract Tower,0,3,5,0,8,0,0,7,0,7,0,3,12,0,15,0,0,0,15
02/10/2020,GCK,KS,ACE,CE,Federal Contract Tower,0,7,15,0,22,0,0,14,0,14,0,7,29,0,36,20,0,20,56
02/11/2020,GCK,KS,ACE,CE,Federal Contract Tower,0,12,7,3,22,0,0,12,0,12,0,12,19,3,34,6,16,22,56
02/12/2020,GCK,KS,ACE,CE,Federal Contract Tower,0,8,13,0,21,0,0,4,0,4,0,8,17,0,25,0,0,0,25
02/13/2020,GCK,KS,ACE,CE,Federal Contract Tower,0,7,14,0,21,0,0,4,0,4,0,7,18,0,25,12,0,12,37
02/14/2020,GCK,KS,ACE,CE,Federal Contract Tower,0,9,12,0,21,0,0,0,4,4,0,9,12,4,25,0,0,0,25
02/15/2020,GCK,KS,ACE,CE,Federal Contract Tower,0,4,4,0,8,0,0,12,0,12,0,4,16,0,20,12,0,12,32
02/16/2020,GCK,KS,ACE,CE,Federal Contract Tower,0,7,7,0,14,0,2,9,0,11,0,9,16,0,25,6,0,6,31
02/17/2020,GCK,KS,ACE,CE,Federal Contract Tower,0,8,10,0,18,0,0,10,0,10,0,8,20,0,28,0,0,0,28
02/18/2020,GCK,KS,ACE,CE,Federal Contract Tower,0,13,5,0,18,0,0,7,0,7,0,13,12,0,25,6,0,6,31
02/19/2020,GCK,KS,ACE,CE,Federal Contract Tower,0,7,15,0,22,0,2,2,0,4,0,9,17,0,26,6,0,6,32
02/20/2020,GCK,KS,ACE,CE,Federal Contract Tower,0,11,14,0,25,0,0,2,0,2,0,11,16,0,27,0,0,0,27
02/21/2020,GCK,KS,ACE,CE,Federal Contract Tower,0,8,4,2,14,0,1,13,7,21,0,9,17,9,35,14,0,14,49
02/22/2020,GCK,KS,ACE,CE,Federal Contract Tower,0,7,10,0,17,0,0,15,0,15,0,7,25,0,32,22,0,22,54
02/23/2020,GCK,KS,ACE,CE,Federal Contract Tower,0,3,7,0,10,0,0,1,0,1,0,3,8,0,11,0,0,0,11
02/24/2020,GCK,KS,ACE,CE,Federal Contract Tower,0,7,12,4,23,0,0,8,4,12,0,7,20,8,35,0,0,0,35
02/25/2020,GCK,KS,ACE,CE,Federal Contract Tower,0,9,6,0,15,0,0,1,0,1,0,9,7,0,16,0,0,0,16
02/26/2020,GCK,KS,ACE,CE,Federal Contract Tower,0,13,9,0,22,0,2,15,0,17,0,15,24,0,39,38,0,38,77
02/27/2020,GCK,KS,ACE,CE,Federal Contract Tower,0,8,10,0,18,0,0,9,0,9,0,8,19,0,27,0,0,0,27
02/28/2020,GCK,KS,ACE,CE,Federal Contract Tower,0,9,6,0,15,0,0,7,0,7,0,9,13,0,22,0,0,0,22
02/29/2020,GCK,KS,ACE,CE,Federal Contract Tower,0,5,5,3,13,0,1,7,4,12,0,6,12,7,25,0,28,28,53
03/02/2020,GCK,KS,ACE,CE,Federal Contract Tower,0,5,7,0,12,0,0,12,0,12,0,5,19,0,24,32,0,32,56
03/03/2020,GCK,KS,ACE,CE,Federal Contract Tower,0,10,11,0,21,0,2,38,0,40,0,12,49,0,61,6,0,6,67
03/04/2020,GCK,KS,ACE,CE,Federal Contract Tower,0,11,11,5,27,0,0,29,0,29,0,11,40,5,56,8,2,10,66
03/05/2020,GCK,KS,ACE,CE,Federal Contract Tower,0,8,11,0,19,0,0,21,0,21,0,8,32,0,40,0,0,0,40
03/06/2020,GCK,KS,ACE,CE,Federal Contract Tower,0,12,7,0,19,0,1,7,0,8,0,13,14,0,27,6,0,6,33
03/07/2020,GCK,KS,ACE,CE,Federal Contract Tower,0,6,7,0,13,0,4,4,2,10,0,10,11,2,23,0,0,0,23
03/08/2020,GCK,KS,ACE,CE,Federal Contract Tower,0,4,10,0,14,0,3,4,0,7,0,7,14,0,21,0,0,0,21
03/09/2020,GCK,KS,ACE,CE,Federal Contract Tower,0,8,20,0,28,0,1,8,0,9,0,9,28,0,37,0,0,0,37
03/10/2020,GCK,KS,ACE,CE,Federal Contract Tower,0,12,10,2,24,0,0,16,0,16,0,12,26,2,40,2,0,2,42
03/11/2020,GCK,KS,ACE,CE,Federal Contract Tower,0,10,10,3,23,0,1,19,0,20,0,11,29,3,43,32,0,32,75
03/12/2020,GCK,KS,ACE,CE,Federal Contract Tower,0,7,12,3,22,0,0,24,0,24,0,7,36,3,46,2,0,2,48
03/13/2020,GCK,KS,ACE,CE,Federal Contract Tower,0,8,10,1,19,0,0,0,0,0,0,8,10,1,19,0,0,0,19
03/14/2020,GCK,KS,ACE,CE,Federal Contract Tower,0,5,4,1,10,0,0,0,2,2,0,5,4,3,12,0,0,0,12
03/15/2020,GCK,KS,ACE,CE,Federal Contract Tower,0,5,3,0,8,0,0,0,0,0,0,5,3,0,8,0,0,0,8
03/16/2020,GCK,KS,ACE,CE,Federal Contract Tower,0,8,8,0,16,0,0,0,0,0,0,8,8,0,16,0,0,0,16
03/17/2020,GCK,KS,ACE,CE,Federal Contract Tower,0,10,2,0,12,0,0,0,0,0,0,10,2,0,12,0,0,0,12
03/18/2020,GCK,KS,ACE,CE,Federal Contract Tower,0,10,15,1,26,0,0,15,0,15,0,10,30,1,41,8,2,10,51
03/19/2020,GCK,KS,ACE,CE,Federal Contract Tower,0,6,6,0,12,0,0,9,0,9,0,6,15,0,21,2,0,2,23
03/20/2020,GCK,KS,ACE,CE,Federal Contract Tower,0,7,6,2,15,0,0,3,0,3,0,7,9,2,18,0,26,26,44
03/21/2020,GCK,KS,ACE,CE,Federal Contract Tower,0,5,4,0,9,0,1,1,0,2,0,6,5,0,11,0,0,0,11
03/22/2020,GCK,KS,ACE,CE,Federal Contract Tower,0,2,1,0,3,0,0,6,0,6,0,2,7,0,9,0,0,0,9
03/23/2020,GCK,KS,ACE,CE,Federal Contract Tower,0,6,7,0,13,0,0,3,0,3,0,6,10,0,16,6,0,6,22
03/24/2020,GCK,KS,ACE,CE,Federal Contract Tower,0,9,5,2,16,0,0,9,0,9,0,9,14,2,25,8,0,8,33
03/25/2020,GCK,KS,ACE,CE,Federal Contract Tower,0,7,5,0,12,0,0,11,0,11,0,7,16,0,23,10,0,10,33
03/26/2020,GCK,KS,ACE,CE,Federal Contract Tower,0,7,14,0,21,0,1,20,0,21,0,8,34,0,42,0,0,0,42
03/27/2020,GCK,KS,ACE,CE,Federal Contract Tower,0,6,4,0,10,0,0,0,0,0,0,6,4,0,10,0,0,0,10
03/28/2020,GCK,KS,ACE,CE,Federal Contract Tower,0,6,1,0,7,0,0,0,0,0,0,6,1,0,7,0,0,0,7
03/29/2020,GCK,KS,ACE,CE,Federal Contract Tower,0,4,10,0,14,0,0,20,0,20,0,4,30,0,34,10,0,10,44
03/30/2020,GCK,KS,ACE,CE,Federal Contract Tower,0,6,2,0,8,0,0,2,0,2,0,6,4,0,10,0,0,0,10
03/31/2020,GCK,KS,ACE,CE,Federal Contract Tower,0,7,1,2,10,0,0,6,0,6,0,7,7,2,16,10,44,54,70
04/01/2020,GCK,KS,ACE,CE,Federal Contract Tower,0,8,11,0,19,0,0,14,0,14,0,8,25,0,33,2,0,2,35
04/02/2020,GCK,KS,ACE,CE,Federal Contract Tower,0,11,6,0,17,0,0,0,0,0,0,11,6,0,17,0,0,0,17
04/03/2020,GCK,KS,ACE,CE,Federal Contract Tower,0,7,3,0,10,0,0,16,0,16,0,7,19,0,26,0,0,0,26
04/04/2020,GCK,KS,ACE,CE,Federal Contract Tower,0,6,6,0,12,0,0,8,0,8,0,6,14,0,20,4,0,4,24
04/05/2020,GCK,KS,ACE,CE,Federal Contract Tower,0,0,2,0,2,0,0,6,0,6,0,0,8,0,8,0,0,0,8
04/06/2020,GCK,KS,ACE,CE,Federal Contract Tower,0,7,5,6,18,0,0,23,0,23,0,7,28,6,41,2,48,50,91
04/07/2020,GCK,KS,ACE,CE,Federal Contract Tower,0,8,6,1,15,0,0,15,0,15,0,8,21,1,30,0,42,42,72
04/08/2020,GCK,KS,ACE,CE,Federal Contract Tower,0,7,5,0,12,0,2,14,0,16,0,9,19,0,28,4,0,4,32
04/09/2020,GCK,KS,ACE,CE,Federal Contract Tower,0,5,4,0,9,0,0,14,0,14,0,5,18,0,23,0,0,0,23
04/10/2020,GCK,KS,ACE,CE,Federal Contract Tower,0,6,7,0,13,0,0,7,0,7,0,6,14,0,20,2,0,2,22
04/11/2020,GCK,KS,ACE,CE,Federal Contract Tower,0,5,2,2,9,0,1,26,0,27,0,6,28,2,36,4,22,26,62
04/12/2020,GCK,KS,ACE,CE,Federal Contract Tower,0,3,1,0,4,0,0,0,0,0,0,3,1,0,4,0,0,0,4
04/13/2020,GCK,KS,ACE,CE,Federal Contract Tower,0,5,5,0,10,0,0,9,0,9,0,5,14,0,19,8,0,8,27
04/14/2020,GCK,KS,ACE,CE,Federal Contract Tower,0,8,1,2,11,0,0,3,0,3,0,8,4,2,14,0,40,40,54
04/15/2020,GCK,KS,ACE,CE,Federal Contract Tower,0,4,11,0,15,0,0,15,0,15,0,4,26,0,30,6,0,6,36
04/16/2020,GCK,KS,ACE,CE,Federal Contract Tower,0,10,4,0,14,0,0,6,0,6,0,10,10,0,20,0,0,0,20
04/17/2020,GCK,KS,ACE,CE,Federal Contract Tower,0,7,5,9,21,0,0,9,1,10,0,7,14,10,31,2,108,110,141
04/18/2020,GCK,KS,ACE,CE,Federal Contract Tower,0,4,1,5,10,0,2,3,1,6,0,6,4,6,16,0,78,78,94
04/19/2020,GCK,KS,ACE,CE,Federal Contract Tower,0,4,5,0,9,0,0,30,2,32,0,4,35,2,41,28,0,28,69
04/20/2020,GCK,KS,ACE,CE,Federal Contract Tower,0,5,10,6,21,0,0,27,0,27,0,5,37,6,48,10,12,22,70
04/21/2020,GCK,KS,ACE,CE,Federal Contract Tower,0,7,5,0,12,0,0,8,0,8,0,7,13,0,20,0,0,0,20
04/22/2020,GCK,KS,ACE,CE,Federal Contract Tower,0,9,2,0,11,0,3,2,0,5,0,12,4,0,16,0,0,0,16
04/23/2020,GCK,KS,ACE,CE,Federal Contract Tower,0,6,10,0,16,0,0,32,0,32,0,6,42,0,48,6,0,6,54
04/24/2020,GCK,KS,ACE,CE,Federal Contract Tower,0,6,5,0,11,0,0,4,0,4,0,6,9,0,15,0,0,0,15
04/25/2020,GCK,KS,ACE,CE,Federal Contract Tower,0,2,4,8,14,0,2,11,0,13,0,4,15,8,27,0,104,104,131
04/26/2020,GCK,KS,ACE,CE,Federal Contract Tower,0,2,4,0,6,0,0,16,0,16,0,2,20,0,22,6,0,6,28
04/27/2020,GCK,KS,ACE,CE,Federal Contract Tower,0,8,7,5,20,0,0,20,0,20,0,8,27,5,40,4,104,108,148
04/28/2020,GCK,KS,ACE,CE,Federal Contract Tower,0,5,1,0,6,0,0,9,0,9,0,5,10,0,15,0,0,0,15
04/29/2020,GCK,KS,ACE,CE,Federal Contract Tower,0,8,12,0,20,0,1,15,0,16,0,9,27,0,36,0,0,0,36
04/30/2020,GCK,KS,ACE,CE,Federal Contract Tower,0,6,7,4,17,0,0,33,0,33,0,6,40,4,50,0,2,2,52
05/01/2020,GCK,KS,ACE,CE,Federal Contract Tower,0,7,4,0,11,0,0,34,0,34,0,7,38,0,45,14,0,14,59
05/02/2020,GCK,KS,ACE,CE,Federal Contract Tower,0,5,2,0,7,0,4,7,2,13,0,9,9,2,20,0,0,0,20
05/03/2020,GCK,KS,ACE,CE,Federal Contract Tower,0,5,4,2,11,0,0,34,0,34,0,5,38,2,45,10,4,14,59
05/04/2020,GCK,KS,ACE,CE,Federal Contract Tower,0,4,10,3,17,0,1,1,1,3,0,5,11,4,20,0,2,2,22
05/05/2020,GCK,KS,ACE,CE,Federal Contract Tower,0,7,15,0,22,0,0,27,0,27,0,7,42,0,49,12,0,12,61
05/06/2020,GCK,KS,ACE,CE,Federal Contract Tower,0,6,8,0,14,0,0,38,2,40,0,6,46,2,54,22,0,22,76
05/07/2020,GCK,KS,ACE,CE,Federal Contract Tower,0,11,8,0,19,0,0,13,0,13,0,11,21,0,32,0,0,0,32
05/08/2020,GCK,KS,ACE,CE,Federal Contract Tower,0,8,8,2,18,0,1,20,0,21,0,9,28,2,39,10,30,40,79
05/09/2020,GCK,KS,ACE,CE,Federal Contract Tower,0,6,4,0,10,0,1,19,0,20,0,7,23,0,30,0,0,0,30
05/10/2020,GCK,KS,ACE,CE,Federal Contract Tower,0,2,2,0,4,0,0,16,0,16,0,2,18,0,20,0,0,0,20
05/11/2020,GCK,KS,ACE,CE,Federal Contract Tower,0,10,10,0,20,0,0,7,0,7,0,10,17,0,27,0,0,0,27
05/12/2020,GCK,KS,ACE,CE,Federal Contract Tower,0,9,7,0,16,0,0,0,0,0,0,9,7,0,16,0,0,0,16
05/13/2020,GCK,KS,ACE,CE,Federal Contract Tower,0,8,1,0,9,0,0,4,0,4,0,8,5,0,13,0,0,0,13
05/14/2020,GCK,KS,ACE,CE,Federal Contract Tower,0,5,13,0,18,0,1,27,0,28,0,6,40,0,46,0,0,0,46
05/15/2020,GCK,KS,ACE,CE,Federal Contract Tower,0,8,8,0,16,0,0,24,0,24,0,8,32,0,40,10,0,10,50
05/16/2020,GCK,KS,ACE,CE,Federal Contract Tower,0,8,6,0,14,0,1,25,0,26,0,9,31,0,40,20,0,20,60
05/17/2020,GCK,KS,ACE,CE,Federal Contract Tower,0,2,5,0,7,0,0,21,0,21,0,2,26,0,28,16,0,16,44
05/18/2020,GCK,KS,ACE,CE,Federal Contract Tower,0,7,8,2,17,0,1,26,20,47,0,8,34,22,64,6,34,40,104
05/19/2020,GCK,KS,ACE,CE,Federal Contract Tower,0,8,2,0,10,0,1,17,8,26,0,9,19,8,36,0,0,0,36
05/20/2020,GCK,KS,ACE,CE,Federal Contract Tower,0,8,10,4,22,0,0,3,14,17,0,8,13,18,39,0,0,0,39
05/21/2020,GCK,KS,ACE,CE,Federal Contract Tower,0,6,9,3,18,0,0,16,9,25,0,6,25,12,43,0,0,0,43
05/22/2020,GCK,KS,ACE,CE,Federal Contract Tower,0,6,12,0,18,0,1,41,20,62,0,7,53,20,80,8,0,8,88
05/23/2020,GCK,KS,ACE,CE,Federal Contract Tower,0,6,9,0,15,0,1,17,0,18,0,7,26,0,33,0,0,0,33
05/24/2020,GCK,KS,ACE,CE,Federal Contract Tower,0,2,4,0,6,0,0,7,0,7,0,2,11,0,13,0,0,0,13
05/25/2020,GCK,KS,ACE,CE,Federal Contract Tower,0,2,4,0,6,0,0,4,0,4,0,2,8,0,10,0,0,0,10
05/26/2020,GCK,KS,ACE,CE,Federal Contract Tower,0,7,10,0,17,0,0,0,0,0,0,7,10,0,17,4,0,4,21
05/27/2020,GCK,KS,ACE,CE,Federal Contract Tower,0,8,5,5,18,0,0,24,2,26,0,8,29,7,44,0,18,18,62
05/28/2020,GCK,KS,ACE,CE,Federal Contract Tower,0,8,13,0,21,0,2,33,0,35,0,10,46,0,56,2,0,2,58
05/29/2020,GCK,KS,ACE,CE,Federal Contract Tower,0,8,7,0,15,0,0,26,2,28,0,8,33,2,43,4,0,4,47
05/30/2020,GCK,KS,ACE,CE,Federal Contract Tower,0,7,6,0,13,0,0,9,0,9,0,7,15,0,22,0,0,0,22
05/31/2020,GCK,KS,ACE,CE,Federal Contract Tower,0,7,7,0,14,0,3,11,0,14,0,10,18,0,28,0,0,0,28
06/01/2020,GCK,KS,ACE,CE,Federal Contract Tower,0,5,5,0,10,0,2,17,0,19,0,7,22,0,29,0,0,0,29
06/02/2020,GCK,KS,ACE,CE,Federal Contract Tower,0,9,7,0,16,0,2,18,14,34,0,11,25,14,50,0,0,0,50
06/03/2020,GCK,KS,ACE,CE,Federal Contract Tower,0,7,13,0,20,0,1,23,0,24,0,8,36,0,44,8,0,8,52
06/04/2020,GCK,KS,ACE,CE,Federal Contract Tower,0,8,14,0,22,0,2,33,0,35,0,10,47,0,57,0,0,0,57
06/05/2020,GCK,KS,ACE,CE,Federal Contract Tower,0,6,14,0,20,0,1,39,4,44,0,7,53,4,64,2,0,2,66
06/06/2020,GCK,KS,ACE,CE,Federal Contract Tower,2,4,11,0,17,0,0,16,0,16,2,4,27,0,33,0,0,0,33
06/07/2020,GCK,KS,ACE,CE,Federal Contract Tower,0,2,8,0,10,0,0,6,0,6,0,2,14,0,16,2,0,2,18
06/08/2020,GCK,KS,ACE,CE,Federal Contract Tower,0,7,10,0,17,0,0,5,0,5,0,7,15,0,22,0,0,0,22
06/09/2020,GCK,KS,ACE,CE,Federal Contract Tower,0,7,6,0,13,0,0,1,0,1,0,7,7,0,14,0,0,0,14
06/10/2020,GCK,KS,ACE,CE,Federal Contract Tower,2,7,13,0,22,0,0,60,0,60,2,7,73,0,82,4,0,4,86
06/11/2020,GCK,KS,ACE,CE,Federal Contract Tower,0,7,8,0,15,0,2,36,0,38,0,9,44,0,53,2,0,2,55
06/12/2020,GCK,KS,ACE,CE,Federal Contract Tower,0,6,14,0,20,0,2,21,0,23,0,8,35,0,43,0,0,0,43
06/13/2020,GCK,KS,ACE,CE,Federal Contract Tower,0,5,7,0,12,0,1,19,0,20,0,6,26,0,32,0,0,0,32
06/14/2020,GCK,KS,ACE,CE,Federal Contract Tower,0,7,6,0,13,0,1,6,0,7,0,8,12,0,20,0,0,0,20
06/15/2020,GCK,KS,ACE,CE,Federal Contract Tower,0,5,8,0,13,0,0,16,6,22,0,5,24,6,35,0,0,0,35
06/16/2020,GCK,KS,ACE,CE,Federal Contract Tower,0,9,5,0,14,0,0,7,2,9,0,9,12,2,23,0,0,0,23
06/17/2020,GCK,KS,ACE,CE,Federal Contract Tower,0,9,5,0,14,0,2,12,0,14,0,11,17,0,28,10,0,10,38
06/18/2020,GCK,KS,ACE,CE,Federal Contract Tower,0,6,13,0,19,0,2,29,0,31,0,8,42,0,50,0,0,0,50
06/19/2020,GCK,KS,ACE,CE,Federal Contract Tower,0,8,5,0,13,0,1,8,0,9,0,9,13,0,22,2,0,2,24
06/20/2020,GCK,KS,ACE,CE,Federal Contract Tower,0,5,3,0,8,0,0,43,0,43,0,5,46,0,51,0,0,0,51
06/21/2020,GCK,KS,ACE,CE,Federal Contract Tower,0,2,5,0,7,0,1,15,0,16,0,3,20,0,23,0,0,0,23
06/22/2020,GCK,KS,ACE,CE,Federal Contract Tower,0,5,11,0,16,0,3,28,0,31,0,8,39,0,47,16,0,16,63
06/23/2020,GCK,KS,ACE,CE,Federal Contract Tower,0,8,10,0,18,0,1,21,0,22,0,9,31,0,40,0,0,0,40
06/24/2020,GCK,KS,ACE,CE,Federal Contract Tower,0,10,13,0,23,0,4,21,0,25,0,14,34,0,48,10,0,10,58
06/25/2020,GCK,KS,ACE,CE,Federal Contract Tower,0,7,12,0,19,0,0,32,0,32,0,7,44,0,51,4,0,4,55
06/26/2020,GCK,KS,ACE,CE,Federal Contract Tower,0,12,9,0,21,0,0,42,0,42,0,12,51,0,63,8,0,8,71
06/27/2020,GCK,KS,ACE,CE,Federal Contract Tower,0,5,6,0,11,0,6,31,0,37,0,11,37,0,48,8,0,8,56
06/28/2020,GCK,KS,ACE,CE,Federal Contract Tower,0,2,8,0,10,0,3,9,0,12,0,5,17,0,22,0,0,0,22
06/29/2020,GCK,KS,ACE,CE,Federal Contract Tower,0,5,16,0,21,0,0,9,0,9,0,5,25,0,30,0,0,0,30
06/30/2020,GCK,KS,ACE,CE,Federal Contract Tower,0,7,5,0,12,0,0,22,0,22,0,7,27,0,34,0,0,0,34
07/01/2020,GCK,KS,ACE,CE,Federal Contract Tower,0,8,13,0,21,0,0,17,0,17,0,8,30,0,38,4,0,4,42
07/02/2020,GCK,KS,ACE,CE,Federal Contract Tower,0,12,18,0,30,0,0,36,0,36,0,12,54,0,66,0,0,0,66
07/03/2020,GCK,KS,ACE,CE,Federal Contract Tower,0,9,8,0,17,0,0,31,0,31,0,9,39,0,48,28,0,28,76
07/04/2020,GCK,KS,ACE,CE,Federal Contract Tower,0,6,1,0,7,0,2,28,0,30,0,8,29,0,37,0,0,0,37
07/05/2020,GCK,KS,ACE,CE,Federal Contract Tower,0,3,3,0,6,0,8,2,0,10,0,11,5,0,16,0,0,0,16
07/06/2020,GCK,KS,ACE,CE,Federal Contract Tower,0,9,15,0,24,0,0,46,0,46,0,9,61,0,70,4,0,4,74
07/07/2020,GCK,KS,ACE,CE,Federal Contract Tower,0,11,7,0,18,0,4,47,0,51,0,15,54,0,69,0,0,0,69
07/08/2020,GCK,KS,ACE,CE,Federal Contract Tower,0,13,11,0,24,0,0,27,2,29,0,13,38,2,53,0,0,0,53
07/09/2020,GCK,KS,ACE,CE,Federal Contract Tower,0,7,8,0,15,0,0,35,0,35,0,7,43,0,50,0,0,0,50
07/10/2020,GCK,KS,ACE,CE,Federal Contract Tower,0,9,13,2,24,0,3,50,0,53,0,12,63,2,77,0,0,0,77
07/11/2020,GCK,KS,ACE,CE,Federal Contract Tower,0,8,4,0,12,0,1,58,2,61,0,9,62,2,73,0,0,0,73
07/12/2020,GCK,KS,ACE,CE,Federal Contract Tower,0,4,8,0,12,0,0,45,0,45,0,4,53,0,57,16,0,16,73
07/13/2020,GCK,KS,ACE,CE,Federal Contract Tower,0,7,6,0,13,0,0,39,0,39,0,7,45,0,52,0,0,0,52
07/14/2020,GCK,KS,ACE,CE,Federal Contract Tower,0,9,12,0,21,0,1,82,8,91,0,10,94,8,112,10,0,10,122
07/15/2020,GCK,KS,ACE,CE,Federal Contract Tower,2,8,12,0,22,0,0,67,0,67,2,8,79,0,89,18,0,18,107
07/16/2020,GCK,KS,ACE,CE,Federal Contract Tower,0,8,9,3,20,0,0,98,1,99,0,8,107,4,119,0,0,0,119
07/18/2020,GCK,KS,ACE,CE,Federal Contract Tower,0,4,5,0,9,0,1,69,0,70,0,5,74,0,79,8,0,8,87
07/19/2020,GCK,KS,ACE,CE,Federal Contract Tower,2,3,7,0,12,0,1,105,0,106,2,4,112,0,118,0,0,0,118
07/20/2020,GCK,KS,ACE,CE,Federal Contract Tower,0,4,9,0,13,0,0,66,0,66,0,4,75,0,79,0,0,0,79
07/21/2020,GCK,KS,ACE,CE,Federal Contract Tower,0,9,9,2,20,0,0,95,3,98,0,9,104,5,118,0,12,12,130
07/22/2020,GCK,KS,ACE,CE,Federal Contract Tower,0,14,11,5,30,0,0,58,4,62,0,14,69,9,92,0,4,4,96
07/23/2020,GCK,KS,ACE,CE,Federal Contract Tower,0,6,9,2,17,0,0,67,2,69,0,6,76,4,86,16,0,16,102
07/24/2020,GCK,KS,ACE,CE,Federal Contract Tower,0,7,16,19,42,0,0,34,1,35,0,7,50,20,77,0,44,44,121
07/25/2020,GCK,KS,ACE,CE,Federal Contract Tower,0,5,3,5,13,0,0,25,13,38,0,5,28,18,51,0,8,8,59
07/26/2020,GCK,KS,ACE,CE,Federal Contract Tower,0,2,3,2,7,0,1,31,0,32,0,3,34,2,39,0,4,4,43
07/27/2020,GCK,KS,ACE,CE,Federal Contract Tower,0,14,11,2,27,0,2,31,1,34,0,16,42,3,61,0,20,20,81
07/28/2020,GCK,KS,ACE,CE,Federal Contract Tower,0,9,15,0,24,0,2,28,0,30,0,11,43,0,54,0,0,0,54
07/29/2020,GCK,KS,ACE,CE,Federal Contract Tower,0,9,4,3,16,0,1,43,3,47,0,10,47,6,63,14,12,26,89
07/30/2020,GCK,KS,ACE,CE,Federal Contract Tower,0,8,8,5,21,0,0,47,0,47,0,8,55,5,68,28,20,48,116
07/31/2020,GCK,KS,ACE,CE,Federal Contract Tower,0,6,13,11,30,0,0,75,2,77,0,6,88,13,107,20,14,34,141
08/01/2020,GCK,KS,ACE,CE,Federal Contract Tower,0,6,7,3,16,0,0,46,1,47,0,6,53,4,63,6,0,6,69
08/02/2020,GCK,KS,ACE,CE,Federal Contract Tower,0,2,3,2,7,0,0,16,1,17,0,2,19,3,24,6,4,10,34
08/03/2020,GCK,KS,ACE,CE,Federal Contract Tower,0,7,9,2,18,0,0,27,9,36,0,7,36,11,54,0,8,8,62
08/04/2020,GCK,KS,ACE,CE,Federal Contract Tower,0,10,8,4,22,0,0,11,0,11,0,10,19,4,33,0,4,4,37
08/05/2020,GCK,KS,ACE,CE,Federal Contract Tower,0,10,16,2,28,0,0,47,2,49,0,10,63,4,77,0,0,0,77
08/06/2020,GCK,KS,ACE,CE,Federal Contract Tower,0,8,13,0,21,0,0,15,0,15,0,8,28,0,36,0,0,0,36
08/07/2020,GCK,KS,ACE,CE,Federal Contract Tower,0,6,4,3,13,0,1,58,0,59,0,7,62,3,72,0,8,8,80
08/08/2020,GCK,KS,ACE,CE,Federal Contract Tower,0,6,7,0,13,0,1,30,0,31,0,7,37,0,44,12,0,12,56
08/09/2020,GCK,KS,ACE,CE,Federal Contract Tower,0,2,11,2,15,0,0,28,0,28,0,2,39,2,43,18,4,22,65
08/10/2020,GCK,KS,ACE,CE,Federal Contract Tower,0,5,7,0,12,0,0,35,0,35,0,5,42,0,47,24,0,24,71
08/11/2020,GCK,KS,ACE,CE,Federal Contract Tower,0,9,13,0,22,0,0,36,0,36,0,9,49,0,58,0,0,0,58
08/12/2020,GCK,KS,ACE,CE,Federal Contract Tower,0,9,8,1,18,0,0,33,0,33,0,9,41,1,51,0,2,2,53
08/13/2020,GCK,KS,ACE,CE,Federal Contract Tower,0,8,13,0,21,0,0,23,0,23,0,8,36,0,44,0,0,0,44
08/14/2020,GCK,KS,ACE,CE,Federal Contract Tower,0,8,8,0,16,0,0,18,0,18,0,8,26,0,34,0,0,0,34
08/15/2020,GCK,KS,ACE,CE,Federal Contract Tower,0,5,8,0,13,0,0,42,4,46,0,5,50,4,59,6,0,6,65
08/16/2020,GCK,KS,ACE,CE,Federal Contract Tower,0,4,8,0,12,0,0,5,2,7,0,4,13,2,19,0,0,0,19
08/17/2020,GCK,KS,ACE,CE,Federal Contract Tower,0,7,3,3,13,0,0,39,1,40,0,7,42,4,53,24,40,64,117
08/18/2020,GCK,KS,ACE,CE,Federal Contract Tower,0,9,5,1,15,0,0,41,6,47,0,9,46,7,62,2,8,10,72
08/19/2020,GCK,KS,ACE,CE,Federal Contract Tower,0,12,16,2,30,0,0,33,0,33,0,12,49,2,63,0,0,0,63
08/20/2020,GCK,KS,ACE,CE,Federal Contract Tower,0,6,11,2,19,0,0,39,0,39,0,6,50,2,58,0,2,2,60
08/21/2020,GCK,KS,ACE,CE,Federal Contract Tower,0,7,10,17,34,0,2,70,7,79,0,9,80,24,113,2,56,58,171
08/22/2020,GCK,KS,ACE,CE,Federal Contract Tower,0,7,7,2,16,0,1,17,3,21,0,8,24,5,37,6,4,10,47
08/23/2020,GCK,KS,ACE,CE,Federal Contract Tower,0,3,6,2,11,0,0,15,1,16,0,3,21,3,27,4,0,4,31
08/24/2020,GCK,KS,ACE,CE,Federal Contract Tower,0,7,12,0,19,0,2,16,4,22,0,9,28,4,41,12,4,16,57
08/25/2020,GCK,KS,ACE,CE,Federal Contract Tower,0,9,12,0,21,0,1,9,2,12,0,10,21,2,33,0,0,0,33
08/26/2020,GCK,KS,ACE,CE,Federal Contract Tower,0,10,2,0,12,0,0,29,0,29,0,10,31,0,41,0,0,0,41
08/27/2020,GCK,KS,ACE,CE,Federal Contract Tower,0,9,8,0,17,0,0,40,4,44,0,9,48,4,61,0,0,0,61
08/28/2020,GCK,KS,ACE,CE,Federal Contract Tower,0,6,15,16,37,0,1,47,5,53,0,7,62,21,90,0,46,46,136
08/29/2020,GCK,KS,ACE,CE,Federal Contract Tower,0,7,17,0,24,0,3,4,0,7,0,10,21,0,31,2,0,2,33
08/30/2020,GCK,KS,ACE,CE,Federal Contract Tower,0,2,5,0,7,0,0,18,0,18,0,2,23,0,25,0,0,0,25
08/31/2020,GCK,KS,ACE,CE,Federal Contract Tower,0,8,11,1,20,0,2,11,0,13,0,10,22,1,33,0,2,2,35
09/01/2020,GCK,KS,ACE,CE,Federal Contract Tower,0,9,8,2,19,0,0,9,6,15,0,9,17,8,34,8,0,8,42
09/02/2020,GCK,KS,ACE,CE,Federal Contract Tower,0,11,17,7,35,0,0,35,15,50,0,11,52,22,85,4,10,14,99
09/03/2020,GCK,KS,ACE,CE,Federal Contract Tower,0,9,9,0,18,0,0,22,0,22,0,9,31,0,40,0,0,0,40
09/04/2020,GCK,KS,ACE,CE,Federal Contract Tower,0,14,13,1,28,0,0,34,1,35,0,14,47,2,63,16,0,16,79
09/05/2020,GCK,KS,ACE,CE,Federal Contract Tower,0,9,5,0,14,0,0,13,0,13,0,9,18,0,27,4,0,4,31
09/06/2020,GCK,KS,ACE,CE,Federal Contract Tower,0,4,2,0,6,0,0,7,0,7,0,4,9,0,13,0,0,0,13
09/07/2020,GCK,KS,ACE,CE,Federal Contract Tower,0,4,3,0,7,0,1,12,0,13,0,5,15,0,20,0,0,0,20
09/08/2020,GCK,KS,ACE,CE,Federal Contract Tower,0,8,11,0,19,0,0,0,0,0,0,8,11,0,19,0,0,0,19
09/09/2020,GCK,KS,ACE,CE,Federal Contract Tower,0,9,10,0,19,0,0,0,0,0,0,9,10,0,19,0,0,0,19
09/10/2020,GCK,KS,ACE,CE,Federal Contract Tower,0,13,16,3,32,0,0,9,3,12,0,13,25,6,44,0,0,0,44
09/11/2020,GCK,KS,ACE,CE,Federal Contract Tower,0,13,9,7,29,0,0,13,3,16,0,13,22,10,45,0,20,20,65
09/12/2020,GCK,KS,ACE,CE,Federal Contract Tower,0,7,13,0,20,0,1,20,0,21,0,8,33,0,41,6,0,6,47
09/13/2020,GCK,KS,ACE,CE,Federal Contract Tower,0,2,4,0,6,0,2,7,0,9,0,4,11,0,15,0,0,0,15
09/14/2020,GCK,KS,ACE,CE,Federal Contract Tower,0,5,5,2,12,0,0,10,12,22,0,5,15,14,34,0,4,4,38
09/15/2020,GCK,KS,ACE,CE,Federal Contract Tower,0,9,3,3,15,0,4,2,1,7,0,13,5,4,22,0,4,4,26
09/16/2020,GCK,KS,ACE,CE,Federal Contract Tower,0,7,17,2,26,0,0,18,0,18,0,7,35,2,44,4,4,8,52
09/17/2020,GCK,KS,ACE,CE,Federal Contract Tower,0,9,9,3,21,0,3,27,0,30,0,12,36,3,51,6,2,8,59
09/18/2020,GCK,KS,ACE,CE,Federal Contract Tower,0,11,12,6,29,0,0,17,3,20,0,11,29,9,49,6,10,16,65
09/19/2020,GCK,KS,ACE,CE,Federal Contract Tower,0,6,4,0,10,0,2,8,0,10,0,8,12,0,20,4,0,4,24
09/20/2020,GCK,KS,ACE,CE,Federal Contract Tower,0,4,6,0,10,0,2,13,0,15,0,6,19,0,25,0,0,0,25
09/21/2020,GCK,KS,ACE,CE,Federal Contract Tower,0,13,9,2,24,0,0,8,4,12,0,13,17,6,36,2,0,2,38
09/22/2020,GCK,KS,ACE,CE,Federal Contract Tower,0,14,11,1,26,0,0,14,1,15,0,14,25,2,41,4,4,8,49
09/23/2020,GCK,KS,ACE,CE,Federal Contract Tower,0,9,9,0,18,0,1,14,2,17,0,10,23,2,35,2,0,2,37
09/24/2020,GCK,KS,ACE,CE,Federal Contract Tower,0,11,10,0,21,0,0,24,0,24,0,11,34,0,45,6,0,6,51
09/25/2020,GCK,KS,ACE,CE,Federal Contract Tower,0,9,10,0,19,0,0,17,0,17,0,9,27,0,36,12,0,12,48
09/26/2020,GCK,KS,ACE,CE,Federal Contract Tower,0,7,7,0,14,0,0,11,0,11,0,7,18,0,25,0,0,0,25
09/27/2020,GCK,KS,ACE,CE,Federal Contract Tower,0,4,6,0,10,0,0,8,0,8,0,4,14,0,18,0,0,0,18
09/28/2020,GCK,KS,ACE,CE,Federal Contract Tower,0,5,6,0,11,0,4,8,0,12,0,9,14,0,23,10,0,10,33
09/29/2020,GCK,KS,ACE,CE,Federal Contract Tower,0,17,10,0,27,0,2,7,0,9,0,19,17,0,36,0,0,0,36
09/30/2020,GCK,KS,ACE,CE,Federal Contract Tower,0,7,9,0,16,0,2,12,16,30,0,9,21,16,46,0,0,0,46
10/01/2020,GCK,KS,ACE,CE,Federal Contract Tower,0,13,15,2,30,0,1,12,0,13,0,14,27,2,43,8,0,8,51
10/02/2020,GCK,KS,ACE,CE,Federal Contract Tower,0,12,7,12,31,0,0,7,0,7,0,12,14,12,38,0,32,32,70
10/03/2020,GCK,KS,ACE,CE,Federal Contract Tower,0,7,3,2,12,0,0,19,0,19,0,7,22,2,31,0,6,6,37
10/04/2020,GCK,KS,ACE,CE,Federal Contract Tower,0,4,8,3,15,0,0,14,1,15,0,4,22,4,30,16,10,26,56
10/05/2020,GCK,KS,ACE,CE,Federal Contract Tower,0,6,3,0,9,0,2,5,0,7,0,8,8,0,16,4,0,4,20
10/06/2020,GCK,KS,ACE,CE,Federal Contract Tower,0,9,14,0,23,0,1,40,0,41,0,10,54,0,64,16,0,16,80
10/07/2020,GCK,KS,ACE,CE,Federal Contract Tower,0,8,10,2,20,0,3,22,0,25,0,11,32,2,45,10,20,30,75
10/08/2020,GCK,KS,ACE,CE,Federal Contract Tower,0,12,19,0,31,0,4,17,0,21,0,16,36,0,52,14,0,14,66
10/09/2020,GCK,KS,ACE,CE,Federal Contract Tower,0,12,13,4,29,0,4,16,0,20,0,16,29,4,49,0,6,6,55
10/10/2020,GCK,KS,ACE,CE,Federal Contract Tower,0,5,10,1,16,0,0,13,1,14,0,5,23,2,30,0,8,8,38
10/11/2020,GCK,KS,ACE,CE,Federal Contract Tower,0,2,14,0,16,0,0,1,0,1,0,2,15,0,17,0,0,0,17
10/12/2020,GCK,KS,ACE,CE,Federal Contract Tower,0,7,23,8,38,0,0,14,0,14,0,7,37,8,52,6,8,14,66
10/13/2020,GCK,KS,ACE,CE,Federal Contract Tower,0,6,6,2,14,0,3,13,1,17,0,9,19,3,31,10,8,18,49
10/14/2020,GCK,KS,ACE,CE,Federal Contract Tower,0,9,5,0,14,0,0,13,0,13,0,9,18,0,27,20,0,20,47
10/15/2020,GCK,KS,ACE,CE,Federal Contract Tower,0,9,12,0,21,0,0,10,0,10,0,9,22,0,31,14,0,14,45
10/16/2020,GCK,KS,ACE,CE,Federal Contract Tower,0,9,5,11,25,0,1,7,0,8,0,10,12,11,33,6,14,20,53
10/17/2020,GCK,KS,ACE,CE,Federal Contract Tower,0,9,11,5,25,0,3,7,3,13,0,12,18,8,38,4,22,26,64
10/18/2020,GCK,KS,ACE,CE,Federal Contract Tower,0,5,10,2,17,0,2,1,0,3,0,7,11,2,20,0,0,0,20
10/19/2020,GCK,KS,ACE,CE,Federal Contract Tower,0,4,13,11,28,0,0,8,1,9,0,4,21,12,37,2,46,48,85
10/20/2020,GCK,KS,ACE,CE,Federal Contract Tower,0,9,11,8,28,0,3,3,0,6,0,12,14,8,34,8,4,12,46
10/21/2020,GCK,KS,ACE,CE,Federal Contract Tower,2,6,9,4,21,0,0,6,0,6,2,6,15,4,27,0,0,0,27
10/22/2020,GCK,KS,ACE,CE,Federal Contract Tower,0,8,23,0,31,0,0,12,0,12,0,8,35,0,43,10,0,10,53
10/23/2020,GCK,KS,ACE,CE,Federal Contract Tower,0,10,7,0,17,0,2,8,0,10,0,12,15,0,27,0,0,0,27
10/24/2020,GCK,KS,ACE,CE,Federal Contract Tower,0,7,3,9,19,0,2,5,4,11,0,9,8,13,30,12,14,26,56
10/25/2020,GCK,KS,ACE,CE,Federal Contract Tower,0,2,3,1,6,0,0,0,0,0,0,2,3,1,6,0,0,0,6
10/26/2020,GCK,KS,ACE,CE,Federal Contract Tower,0,13,7,0,20,0,0,0,0,0,0,13,7,0,20,0,0,0,20
10/27/2020,GCK,KS,ACE,CE,Federal Contract Tower,0,6,2,0,8,0,0,3,0,3,0,6,5,0,11,0,0,0,11
10/28/2020,GCK,KS,ACE,CE,Federal Contract Tower,0,8,2,2,12,0,0,2,0,2,0,8,4,2,14,10,0,10,24
10/29/2020,GCK,KS,ACE,CE,Federal Contract Tower,0,6,11,9,26,0,3,14,0,17,0,9,25,9,43,6,64,70,113
10/30/2020,GCK,KS,ACE,CE,Federal Contract Tower,0,9,7,2,18,0,0,17,0,17,0,9,24,2,35,8,28,36,71
10/31/2020,GCK,KS,ACE,CE,Federal Contract Tower,0,8,3,0,11,0,1,11,0,12,0,9,14,0,23,4,0,4,27
11/01/2020,GCK,KS,ACE,CE,Federal Contract Tower,0,4,9,0,13,0,2,7,0,9,0,6,16,0,22,0,0,0,22
11/02/2020,GCK,KS,ACE,CE,Federal Contract Tower,0,5,3,0,8,0,1,16,2,19,0,6,19,2,27,16,0,16,43
11/03/2020,GCK,KS,ACE,CE,Federal Contract Tower,0,12,6,4,22,0,1,16,4,21,0,13,22,8,43,12,52,64,107
11/04/2020,GCK,KS,ACE,CE,Federal Contract Tower,0,12,10,0,22,0,2,22,6,30,0,14,32,6,52,6,0,6,58
11/05/2020,GCK,KS,ACE,CE,Federal Contract Tower,0,13,11,0,24,0,2,8,6,16,0,15,19,6,40,0,0,0,40
11/06/2020,GCK,KS,ACE,CE,Federal Contract Tower,0,11,8,4,23,0,4,10,0,14,0,15,18,4,37,0,0,0,37
11/07/2020,GCK,KS,ACE,CE,Federal Contract Tower,0,5,4,0,9,0,0,6,0,6,0,5,10,0,15,0,0,0,15
11/08/2020,GCK,KS,ACE,CE,Federal Contract Tower,0,2,4,4,10,0,0,1,0,1,0,2,5,4,11,0,0,0,11
11/09/2020,GCK,KS,ACE,CE,Federal Contract Tower,0,7,6,6,19,0,0,0,0,0,0,7,6,6,19,6,86,92,111
11/10/2020,GCK,KS,ACE,CE,Federal Contract Tower,0,11,4,0,15,0,2,6,0,8,0,13,10,0,23,0,0,0,23
11/11/2020,GCK,KS,ACE,CE,Federal Contract Tower,0,10,9,0,19,0,2,19,0,21,0,12,28,0,40,6,0,6,46
11/12/2020,GCK,KS,ACE,CE,Federal Contract Tower,2,12,6,3,23,0,0,8,1,9,2,12,14,4,32,0,4,4,36
11/13/2020,GCK,KS,ACE,CE,Federal Contract Tower,0,15,8,4,27,0,3,14,3,20,0,18,22,7,47,2,24,26,73
11/14/2020,GCK,KS,ACE,CE,Federal Contract Tower,0,4,5,0,9,0,0,3,0,3,0,4,8,0,12,4,0,4,16
11/15/2020,GCK,KS,ACE,CE,Federal Contract Tower,0,6,8,2,16,0,0,8,0,8,0,6,16,2,24,0,0,0,24
11/16/2020,GCK,KS,ACE,CE,Federal Contract Tower,0,9,8,3,20,0,0,16,0,16,0,9,24,3,36,6,12,18,54
11/17/2020,GCK,KS,ACE,CE,Federal Contract Tower,0,10,1,0,11,0,0,11,0,11,0,10,12,0,22,0,0,0,22
11/18/2020,GCK,KS,ACE,CE,Federal Contract Tower,0,16,16,2,34,0,4,10,0,14,0,20,26,2,48,4,0,4,52
11/19/2020,GCK,KS,ACE,CE,Federal Contract Tower,0,12,21,2,35,0,3,16,0,19,0,15,37,2,54,0,0,0,54
11/20/2020,GCK,KS,ACE,CE,Federal Contract Tower,0,11,8,0,19,0,2,9,0,11,0,13,17,0,30,6,0,6,36
11/21/2020,GCK,KS,ACE,CE,Federal Contract Tower,0,6,5,0,11,0,0,0,0,0,0,6,5,0,11,0,0,0,11
11/22/2020,GCK,KS,ACE,CE,Federal Contract Tower,0,4,10,0,14,0,0,13,0,13,0,4,23,0,27,6,0,6,33
11/23/2020,GCK,KS,ACE,CE,Federal Contract Tower,0,6,12,5,23,0,2,2,0,4,0,8,14,5,27,4,4,8,35
11/24/2020,GCK,KS,ACE,CE,Federal Contract Tower,0,11,6,0,17,0,1,0,0,1,0,12,6,0,18,0,0,0,18
11/25/2020,GCK,KS,ACE,CE,Federal Contract Tower,0,15,17,0,32,0,2,6,0,8,0,17,23,0,40,0,0,0,40
11/26/2020,GCK,KS,ACE,CE,Federal Contract Tower,2,3,2,0,7,0,1,5,0,6,2,4,7,0,13,6,0,6,19
11/27/2020,GCK,KS,ACE,CE,Federal Contract Tower,0,13,6,0,19,0,2,4,0,6,0,15,10,0,25,4,0,4,29
11/28/2020,GCK,KS,ACE,CE,Federal Contract Tower,0,6,8,0,14,0,0,4,0,4,0,6,12,0,18,0,0,0,18
11/29/2020,GCK,KS,ACE,CE,Federal Contract Tower,0,8,5,0,13,0,1,6,0,7,0,9,11,0,20,0,0,0,20
11/30/2020,GCK,KS,ACE,CE,Federal Contract Tower,2,6,9,5,22,0,2,12,1,15,2,8,21,6,37,6,14,20,57
12/01/2020,GCK,KS,ACE,CE,Federal Contract Tower,0,9,5,0,14,0,2,9,0,11,0,11,14,0,25,0,0,0,25
12/02/2020,GCK,KS,ACE,CE,Federal Contract Tower,0,12,1,0,13,0,1,0,0,1,0,13,1,0,14,0,0,0,14
12/03/2020,GCK,KS,ACE,CE,Federal Contract Tower,0,9,9,0,18,0,0,15,0,15,0,9,24,0,33,16,0,16,49
12/04/2020,GCK,KS,ACE,CE,Federal Contract Tower,0,12,6,5,23,0,0,13,1,14,0,12,19,6,37,0,2,2,39
12/05/2020,GCK,KS,ACE,CE,Federal Contract Tower,0,7,6,0,13,0,0,14,0,14,0,7,20,0,27,0,0,0,27
12/06/2020,GCK,KS,ACE,CE,Federal Contract Tower,0,2,2,1,5,0,0,6,2,8,0,2,8,3,13,6,22,28,41
12/07/2020,GCK,KS,ACE,CE,Federal Contract Tower,0,6,9,0,15,0,1,9,0,10,0,7,18,0,25,0,0,0,25
12/08/2020,GCK,KS,ACE,CE,Federal Contract Tower,0,8,8,2,18,0,0,12,0,12,0,8,20,2,30,8,0,8,38
12/09/2020,GCK,KS,ACE,CE,Federal Contract Tower,0,9,10,0,19,0,1,14,0,15,0,10,24,0,34,10,0,10,44
12/10/2020,GCK,KS,ACE,CE,Federal Contract Tower,0,10,11,1,22,0,1,8,1,10,0,11,19,2,32,2,36,38,70
12/11/2020,GCK,KS,ACE,CE,Federal Contract Tower,0,12,3,0,15,0,0,1,0,1,0,12,4,0,16,0,0,0,16
12/12/2020,GCK,KS,ACE,CE,Federal Contract Tower,0,9,10,0,19,0,0,3,0,3,0,9,13,0,22,0,0,0,22
12/13/2020,GCK,KS,ACE,CE,Federal Contract Tower,0,2,1,0,3,0,0,6,0,6,0,2,7,0,9,0,0,0,9
12/14/2020,GCK,KS,ACE,CE,Federal Contract Tower,0,5,6,0,11,0,0,6,0,6,0,5,12,0,17,0,0,0,17
12/15/2020,GCK,KS,ACE,CE,Federal Contract Tower,0,10,3,0,13,0,0,1,0,1,0,10,4,0,14,0,0,0,14
12/16/2020,GCK,KS,ACE,CE,Federal Contract Tower,0,11,12,0,23,0,0,8,0,8,0,11,20,0,31,10,0,10,41
12/17/2020,GCK,KS,ACE,CE,Federal Contract Tower,0,9,19,0,28,0,0,15,0,15,0,9,34,0,43,6,0,6,49
12/18/2020,GCK,KS,ACE,CE,Federal Contract Tower,0,11,5,4,20,0,0,9,0,9,0,11,14,4,29,6,10,16,45
12/19/2020,GCK,KS,ACE,CE,Federal Contract Tower,0,7,9,0,16,0,0,17,0,17,0,7,26,0,33,0,0,0,33
12/20/2020,GCK,KS,ACE,CE,Federal Contract Tower,0,2,9,2,13,0,0,11,0,11,0,2,20,2,24,8,4,12,36
12/21/2020,GCK,KS,ACE,CE,Federal Contract Tower,0,5,6,0,11,0,0,16,0,16,0,5,22,0,27,4,0,4,31
12/22/2020,GCK,KS,ACE,CE,Federal Contract Tower,0,10,5,0,15,0,2,3,0,5,0,12,8,0,20,4,0,4,24
12/23/2020,GCK,KS,ACE,CE,Federal Contract Tower,0,10,1,0,11,0,0,1,0,1,0,10,2,0,12,0,0,0,12
12/24/2020,GCK,KS,ACE,CE,Federal Contract Tower,0,10,2,0,12,0,1,4,0,5,0,11,6,0,17,0,0,0,17
12/25/2020,GCK,KS,ACE,CE,Federal Contract Tower,0,0,0,0,0,0,4,5,0,9,0,4,5,0,9,0,0,0,9
12/26/2020,GCK,KS,ACE,CE,Federal Contract Tower,0,4,8,0,12,0,0,10,0,10,0,4,18,0,22,0,0,0,22
12/27/2020,GCK,KS,ACE,CE,Federal Contract Tower,0,6,7,0,13,0,0,3,0,3,0,6,10,0,16,4,0,4,20
12/28/2020,GCK,KS,ACE,CE,Federal Contract Tower,0,5,6,0,11,0,1,4,0,5,0,6,10,0,16,0,0,0,16
12/29/2020,GCK,KS,ACE,CE,Federal Contract Tower,0,17,5,0,22,0,3,0,0,3,0,20,5,0,25,8,0,8,33
12/30/2020,GCK,KS,ACE,CE,Federal Contract Tower,0,9,1,0,10,0,0,19,0,19,0,9,20,0,29,8,0,8,37
12/31/2020,GCK,KS,ACE,CE,Federal Contract Tower,0,15,6,0,21,0,1,4,0,5,0,16,10,0,26,0,0,0,26
01/01/2021,GCK,KS,ACE,CE,Federal Contract Tower,0,5,0,0,5,0,0,2,0,2,0,5,2,0,7,0,0,0,7
01/02/2021,GCK,KS,ACE,CE,Federal Contract Tower,0,5,13,0,18,0,3,28,0,31,0,8,41,0,49,8,0,8,57
01/03/2021,GCK,KS,ACE,CE,Federal Contract Tower,0,7,3,0,10,0,2,12,0,14,0,9,15,0,24,0,0,0,24
01/04/2021,GCK,KS,ACE,CE,Federal Contract Tower,0,4,7,0,11,0,0,8,0,8,0,4,15,0,19,0,0,0,19
01/05/2021,GCK,KS,ACE,CE,Federal Contract Tower,0,16,14,0,30,0,8,6,0,14,0,24,20,0,44,4,0,4,48
01/06/2021,GCK,KS,ACE,CE,Federal Contract Tower,0,16,4,5,25,0,5,5,0,10,0,21,9,5,35,0,6,6,41
01/07/2021,GCK,KS,ACE,CE,Federal Contract Tower,2,11,10,0,23,0,0,5,0,5,2,11,15,0,28,6,0,6,34
01/08/2021,GCK,KS,ACE,CE,Federal Contract Tower,0,13,12,0,25,0,1,3,0,4,0,14,15,0,29,0,0,0,29
01/09/2021,GCK,KS,ACE,CE,Federal Contract Tower,0,5,1,0,6,0,0,0,0,0,0,5,1,0,6,0,0,0,6
01/10/2021,GCK,KS,ACE,CE,Federal Contract Tower,0,7,15,0,22,0,2,6,0,8,0,9,21,0,30,0,0,0,30
01/11/2021,GCK,KS,ACE,CE,Federal Contract Tower,2,9,9,0,20,0,0,8,0,8,2,9,17,0,28,0,0,0,28
01/12/2021,GCK,KS,ACE,CE,Federal Contract Tower,0,9,12,0,21,0,0,9,0,9,0,9,21,0,30,2,0,2,32
01/13/2021,GCK,KS,ACE,CE,Federal Contract Tower,0,10,5,0,15,0,2,12,0,14,0,12,17,0,29,20,0,20,49
01/14/2021,GCK,KS,ACE,CE,Federal Contract Tower,0,11,9,0,20,0,0,1,0,1,0,11,10,0,21,0,0,0,21
01/15/2021,GCK,KS,ACE,CE,Federal Contract Tower,0,10,5,0,15,0,0,1,0,1,0,10,6,0,16,0,0,0,16
01/16/2021,GCK,KS,ACE,CE,Federal Contract Tower,0,13,4,2,19,0,0,8,0,8,0,13,12,2,27,0,0,0,27
01/17/2021,GCK,KS,ACE,CE,Federal Contract Tower,0,3,3,18,24,0,1,7,0,8,0,4,10,18,32,24,30,54,86
01/18/2021,GCK,KS,ACE,CE,Federal Contract Tower,0,5,5,0,10,0,3,4,0,7,0,8,9,0,17,2,6,8,25
01/19/2021,GCK,KS,ACE,CE,Federal Contract Tower,0,9,6,0,15,0,2,9,0,11,0,11,15,0,26,4,0,4,30
01/20/2021,GCK,KS,ACE,CE,Federal Contract Tower,0,13,12,0,25,0,0,15,0,15,0,13,27,0,40,12,0,12,52
01/21/2021,GCK,KS,ACE,CE,Federal Contract Tower,0,11,10,0,21,0,2,15,0,17,0,13,25,0,38,18,0,18,56
01/22/2021,GCK,KS,ACE,CE,Federal Contract Tower,0,7,14,28,49,0,2,28,7,37,0,9,42,35,86,26,58,84,170
01/23/2021,GCK,KS,ACE,CE,Federal Contract Tower,0,4,4,0,8,0,1,0,0,1,0,5,4,0,9,0,0,0,9
01/24/2021,GCK,KS,ACE,CE,Federal Contract Tower,0,2,5,0,7,0,0,0,0,0,0,2,5,0,7,0,0,0,7
01/25/2021,GCK,KS,ACE,CE,Federal Contract Tower,0,9,4,0,13,0,0,1,0,1,0,9,5,0,14,0,0,0,14
01/26/2021,GCK,KS,ACE,CE,Federal Contract Tower,0,11,7,2,20,0,0,0,0,0,0,11,7,2,20,0,0,0,20
01/27/2021,GCK,KS,ACE,CE,Federal Contract Tower,0,10,5,2,17,0,4,10,2,16,0,14,15,4,33,24,6,30,63
01/28/2021,GCK,KS,ACE,CE,Federal Contract Tower,0,9,5,0,14,0,3,11,0,14,0,12,16,0,28,6,0,6,34
01/29/2021,GCK,KS,ACE,CE,Federal Contract Tower,0,11,4,0,15,0,0,16,2,18,0,11,20,2,33,28,8,36,69
01/30/2021,GCK,KS,ACE,CE,Federal Contract Tower,0,4,6,0,10,0,0,2,0,2,0,4,8,0,12,0,0,0,12
01/31/2021,GCK,KS,ACE,CE,Federal Contract Tower,0,4,0,2,6,0,8,2,0,10,0,12,2,2,16,10,20,30,46
02/01/2021,GCK,KS,ACE,CE,Federal Contract Tower,0,8,11,0,19,0,2,8,0,10,0,10,19,0,29,14,0,14,43
02/02/2021,GCK,KS,ACE,CE,Federal Contract Tower,0,13,9,0,22,0,1,10,4,15,0,14,19,4,37,24,0,24,61
02/03/2021,GCK,KS,ACE,CE,Federal Contract Tower,0,13,7,0,20,0,0,18,8,26,0,13,25,8,46,8,0,8,54
02/04/2021,GCK,KS,ACE,CE,Federal Contract Tower,0,7,6,2,15,0,0,7,6,13,0,7,13,8,28,0,4,4,32
02/05/2021,GCK,KS,ACE,CE,Federal Contract Tower,0,13,11,0,24,0,0,15,0,15,0,13,26,0,39,20,0,20,59
02/06/2021,GCK,KS,ACE,CE,Federal Contract Tower,0,10,6,0,16,0,2,1,2,5,0,12,7,2,21,0,0,0,21
02/07/2021,GCK,KS,ACE,CE,Federal Contract Tower,0,0,0,0,0,0,0,0,0,0,0,0,0,0,0,0,0,0,0
02/08/2021,GCK,KS,ACE,CE,Federal Contract Tower,0,11,3,0,14,0,0,0,0,0,0,11,3,0,14,0,0,0,14
02/09/2021,GCK,KS,ACE,CE,Federal Contract Tower,0,5,11,0,16,0,0,0,0,0,0,5,11,0,16,0,0,0,16
02/10/2021,GCK,KS,ACE,CE,Federal Contract Tower,0,11,12,0,23,0,0,0,0,0,0,11,12,0,23,0,0,0,23
02/11/2021,GCK,KS,ACE,CE,Federal Contract Tower,0,14,10,0,24,0,0,5,0,5,0,14,15,0,29,6,0,6,35
02/12/2021,GCK,KS,ACE,CE,Federal Contract Tower,0,8,6,0,14,0,0,0,0,0,0,8,6,0,14,0,0,0,14
02/13/2021,GCK,KS,ACE,CE,Federal Contract Tower,0,6,10,0,16,0,2,1,0,3,0,8,11,0,19,0,0,0,19
02/14/2021,GCK,KS,ACE,CE,Federal Contract Tower,0,8,0,0,8,0,0,0,0,0,0,8,0,0,8,0,0,0,8
02/15/2021,GCK,KS,ACE,CE,Federal Contract Tower,0,3,14,0,17,0,0,2,0,2,0,3,16,0,19,2,0,2,21
02/16/2021,GCK,KS,ACE,CE,Federal Contract Tower,0,6,7,0,13,0,0,1,0,1,0,6,8,0,14,0,0,0,14
02/17/2021,GCK,KS,ACE,CE,Federal Contract Tower,0,6,12,0,18,0,1,3,0,4,0,7,15,0,22,6,0,6,28
02/18/2021,GCK,KS,ACE,CE,Federal Contract Tower,0,6,7,0,13,0,0,3,0,3,0,6,10,0,16,0,0,0,16
02/19/2021,GCK,KS,ACE,CE,Federal Contract Tower,0,6,9,0,15,0,5,12,0,17,0,11,21,0,32,4,0,4,36
02/20/2021,GCK,KS,ACE,CE,Federal Contract Tower,0,11,4,0,15,0,0,10,2,12,0,11,14,2,27,4,0,4,31
02/21/2021,GCK,KS,ACE,CE,Federal Contract Tower,0,4,7,0,11,0,4,4,0,8,0,8,11,0,19,16,0,16,35
02/22/2021,GCK,KS,ACE,CE,Federal Contract Tower,2,5,10,0,17,0,2,19,0,21,2,7,29,0,38,14,0,14,52
02/23/2021,GCK,KS,ACE,CE,Federal Contract Tower,0,10,12,0,22,0,1,15,0,16,0,11,27,0,38,6,0,6,44
02/24/2021,GCK,KS,ACE,CE,Federal Contract Tower,0,11,13,0,24,0,0,25,4,29,0,11,38,4,53,12,0,12,65
02/25/2021,GCK,KS,ACE,CE,Federal Contract Tower,0,10,6,0,16,0,0,14,0,14,0,10,20,0,30,24,0,24,54
02/26/2021,GCK,KS,ACE,CE,Federal Contract Tower,0,10,19,5,34,0,0,14,1,15,0,10,33,6,49,20,28,48,97
02/27/2021,GCK,KS,ACE,CE,Federal Contract Tower,0,7,12,0,19,0,0,12,0,12,0,7,24,0,31,18,0,18,49
02/28/2021,GCK,KS,ACE,CE,Federal Contract Tower,0,2,17,0,19,0,0,14,0,14,0,2,31,0,33,0,0,0,33
03/01/2021,GCK,KS,ACE,CE,Federal Contract Tower,0,9,11,1,21,0,0,11,9,20,0,9,22,10,41,24,0,24,65
03/02/2021,GCK,KS,ACE,CE,Federal Contract Tower,0,10,7,0,17,0,0,14,0,14,0,10,21,0,31,20,0,20,51
03/03/2021,GCK,KS,ACE,CE,Federal Contract Tower,0,9,16,0,25,0,0,11,0,11,0,9,27,0,36,12,0,12,48
03/04/2021,GCK,KS,ACE,CE,Federal Contract Tower,0,12,4,0,16,0,0,8,0,8,0,12,12,0,24,10,0,10,34
03/05/2021,GCK,KS,ACE,CE,Federal Contract Tower,0,12,11,2,25,0,12,10,0,22,0,24,21,2,47,32,0,32,79
03/06/2021,GCK,KS,ACE,CE,Federal Contract Tower,0,6,9,0,15,0,0,7,0,7,0,6,16,0,22,8,0,8,30
03/07/2021,GCK,KS,ACE,CE,Federal Contract Tower,0,3,6,0,9,0,0,1,0,1,0,3,7,0,10,0,0,0,10
03/08/2021,GCK,KS,ACE,CE,Federal Contract Tower,0,6,5,1,12,0,0,6,0,6,0,6,11,1,18,0,16,16,34
03/09/2021,GCK,KS,ACE,CE,Federal Contract Tower,0,12,5,0,17,0,0,8,0,8,0,12,13,0,25,6,0,6,31
03/10/2021,GCK,KS,ACE,CE,Federal Contract Tower,0,8,12,0,20,0,0,4,0,4,0,8,16,0,24,2,0,2,26
03/11/2021,GCK,KS,ACE,CE,Federal Contract Tower,0,9,13,0,22,0,1,12,0,13,0,10,25,0,35,8,0,8,43
03/12/2021,GCK,KS,ACE,CE,Federal Contract Tower,0,9,8,0,17,0,0,0,0,0,0,9,8,0,17,0,0,0,17
03/13/2021,GCK,KS,ACE,CE,Federal Contract Tower,0,2,1,0,3,0,0,0,0,0,0,2,1,0,3,0,0,0,3
03/14/2021,GCK,KS,ACE,CE,Federal Contract Tower,0,6,3,0,9,0,0,0,0,0,0,6,3,0,9,0,0,0,9
03/15/2021,GCK,KS,ACE,CE,Federal Contract Tower,0,6,2,0,8,0,0,0,0,0,0,6,2,0,8,0,0,0,8
03/16/2021,GCK,KS,ACE,CE,Federal Contract Tower,0,9,5,0,14,0,0,0,0,0,0,9,5,0,14,0,0,0,14
03/17/2021,GCK,KS,ACE,CE,Federal Contract Tower,0,4,3,0,7,0,1,0,0,1,0,5,3,0,8,0,0,0,8
03/18/2021,GCK,KS,ACE,CE,Federal Contract Tower,0,9,11,0,20,0,0,14,6,20,0,9,25,6,40,6,0,6,46
03/19/2021,GCK,KS,ACE,CE,Federal Contract Tower,2,12,10,1,25,0,4,18,2,24,2,16,28,3,49,0,4,4,53
03/20/2021,GCK,KS,ACE,CE,Federal Contract Tower,0,3,3,0,6,0,2,2,0,4,0,5,5,0,10,0,0,0,10
03/21/2021,GCK,KS,ACE,CE,Federal Contract Tower,0,5,16,4,25,0,0,16,0,16,0,5,32,4,41,12,0,12,53
03/22/2021,GCK,KS,ACE,CE,Federal Contract Tower,0,9,8,0,17,0,0,0,0,0,0,9,8,0,17,0,0,0,17
03/23/2021,GCK,KS,ACE,CE,Federal Contract Tower,2,7,13,7,29,0,2,0,0,2,2,9,13,7,31,0,10,10,41
03/24/2021,GCK,KS,ACE,CE,Federal Contract Tower,0,8,11,0,19,0,1,6,0,7,0,9,17,0,26,8,0,8,34
03/25/2021,GCK,KS,ACE,CE,Federal Contract Tower,0,7,13,2,22,0,2,16,0,18,0,9,29,2,40,0,0,0,40
03/26/2021,GCK,KS,ACE,CE,Federal Contract Tower,0,11,15,5,31,0,7,13,2,22,0,18,28,7,53,10,16,26,79
03/27/2021,GCK,KS,ACE,CE,Federal Contract Tower,0,10,13,6,29,0,3,12,4,19,0,13,25,10,48,2,44,46,94
03/28/2021,GCK,KS,ACE,CE,Federal Contract Tower,0,3,4,0,7,0,1,15,0,16,0,4,19,0,23,6,0,6,29
03/29/2021,GCK,KS,ACE,CE,Federal Contract Tower,0,3,6,0,9,0,0,13,0,13,0,3,19,0,22,0,0,0,22
03/30/2021,GCK,KS,ACE,CE,Federal Contract Tower,0,10,7,0,17,0,2,9,0,11,0,12,16,0,28,0,0,0,28
03/31/2021,GCK,KS,ACE,CE,Federal Contract Tower,0,9,13,0,22,0,3,38,0,41,0,12,51,0,63,0,0,0,63
04/01/2021,GCK,KS,ACE,CE,Federal Contract Tower,0,11,11,0,22,0,0,17,0,17,0,11,28,0,39,0,0,0,39
04/02/2021,GCK,KS,ACE,CE,Federal Contract Tower,0,14,6,1,21,0,3,5,3,11,0,17,11,4,32,2,0,2,34
04/03/2021,GCK,KS,ACE,CE,Federal Contract Tower,0,11,6,0,17,0,2,31,0,33,0,13,37,0,50,0,0,0,50
04/04/2021,GCK,KS,ACE,CE,Federal Contract Tower,0,6,7,0,13,0,1,9,0,10,0,7,16,0,23,0,0,0,23
04/05/2021,GCK,KS,ACE,CE,Federal Contract Tower,0,6,11,2,19,0,3,12,0,15,0,9,23,2,34,6,0,6,40
04/06/2021,GCK,KS,ACE,CE,Federal Contract Tower,0,8,4,0,12,0,2,14,6,22,0,10,18,6,34,0,0,0,34
04/07/2021,GCK,KS,ACE,CE,Federal Contract Tower,0,4,16,0,20,0,0,1,0,1,0,4,17,0,21,0,0,0,21
04/08/2021,GCK,KS,ACE,CE,Federal Contract Tower,0,5,20,0,25,0,2,20,0,22,0,7,40,0,47,14,0,14,61
04/09/2021,GCK,KS,ACE,CE,Federal Contract Tower,0,4,9,0,13,0,0,2,0,2,0,4,11,0,15,0,0,0,15
04/10/2021,GCK,KS,ACE,CE,Federal Contract Tower,0,7,5,0,12,0,0,48,0,48,0,7,53,0,60,0,0,0,60
04/11/2021,GCK,KS,ACE,CE,Federal Contract Tower,0,4,7,0,11,0,0,9,0,9,0,4,16,0,20,2,0,2,22
04/12/2021,GCK,KS,ACE,CE,Federal Contract Tower,0,6,10,0,16,0,0,34,4,38,0,6,44,4,54,4,0,4,58
04/13/2021,GCK,KS,ACE,CE,Federal Contract Tower,0,9,7,2,18,0,0,30,0,30,0,9,37,2,48,0,22,22,70
04/14/2021,GCK,KS,ACE,CE,Federal Contract Tower,0,9,14,0,23,0,5,20,3,28,0,14,34,3,51,0,0,0,51
04/15/2021,GCK,KS,ACE,CE,Federal Contract Tower,0,5,8,0,13,0,2,4,0,6,0,7,12,0,19,0,0,0,19
04/16/2021,GCK,KS,ACE,CE,Federal Contract Tower,0,8,8,0,16,0,3,1,0,4,0,11,9,0,20,0,0,0,20
04/17/2021,GCK,KS,ACE,CE,Federal Contract Tower,0,6,7,0,13,0,1,2,6,9,0,7,9,6,22,0,0,0,22
04/18/2021,GCK,KS,ACE,CE,Federal Contract Tower,0,4,9,0,13,0,2,17,0,19,0,6,26,0,32,0,0,0,32
04/19/2021,GCK,KS,ACE,CE,Federal Contract Tower,0,10,11,0,21,0,2,3,2,7,0,12,14,2,28,0,0,0,28
04/20/2021,GCK,KS,ACE,CE,Federal Contract Tower,0,10,10,0,20,0,1,2,0,3,0,11,12,0,23,0,0,0,23
04/21/2021,GCK,KS,ACE,CE,Federal Contract Tower,0,7,13,2,22,0,4,16,3,23,0,11,29,5,45,42,18,60,105
04/22/2021,GCK,KS,ACE,CE,Federal Contract Tower,0,8,10,0,18,0,0,3,4,7,0,8,13,4,25,0,0,0,25
04/23/2021,GCK,KS,ACE,CE,Federal Contract Tower,0,4,13,0,17,0,0,28,0,28,0,4,41,0,45,8,0,8,53
04/24/2021,GCK,KS,ACE,CE,Federal Contract Tower,0,4,5,0,9,0,0,22,0,22,0,4,27,0,31,0,0,0,31
04/25/2021,GCK,KS,ACE,CE,Federal Contract Tower,0,3,10,0,13,0,1,23,0,24,0,4,33,0,37,0,0,0,37
04/26/2021,GCK,KS,ACE,CE,Federal Contract Tower,0,6,3,0,9,0,1,18,2,21,0,7,21,2,30,0,0,0,30
04/27/2021,GCK,KS,ACE,CE,Federal Contract Tower,0,7,14,0,21,0,2,16,0,18,0,9,30,0,39,8,0,8,47
04/28/2021,GCK,KS,ACE,CE,Federal Contract Tower,0,12,14,0,26,0,0,5,0,5,0,12,19,0,31,24,0,24,55
04/29/2021,GCK,KS,ACE,CE,Federal Contract Tower,0,5,7,4,16,0,3,28,0,31,0,8,35,4,47,0,32,32,79
04/30/2021,GCK,KS,ACE,CE,Federal Contract Tower,0,9,7,3,19,0,4,46,1,51,0,13,53,4,70,12,50,62,132
05/01/2021,GCK,KS,ACE,CE,Federal Contract Tower,0,6,12,0,18,0,1,14,2,17,0,7,26,2,35,2,0,2,37
05/02/2021,GCK,KS,ACE,CE,Federal Contract Tower,0,2,6,0,8,0,2,6,0,8,0,4,12,0,16,0,0,0,16
05/03/2021,GCK,KS,ACE,CE,Federal Contract Tower,0,3,7,0,10,0,1,2,0,3,0,4,9,0,13,0,0,0,13
05/04/2021,GCK,KS,ACE,CE,Federal Contract Tower,0,8,10,0,18,0,1,70,0,71,0,9,80,0,89,46,0,46,135
05/05/2021,GCK,KS,ACE,CE,Federal Contract Tower,0,9,13,0,22,0,2,24,0,26,0,11,37,0,48,4,0,4,52
05/06/2021,GCK,KS,ACE,CE,Federal Contract Tower,0,6,12,0,18,0,0,82,0,82,0,6,94,0,100,0,0,0,100
05/07/2021,GCK,KS,ACE,CE,Federal Contract Tower,0,13,11,0,24,0,0,37,0,37,0,13,48,0,61,0,0,0,61
05/08/2021,GCK,KS,ACE,CE,Federal Contract Tower,0,9,9,0,18,0,4,51,0,55,0,13,60,0,73,6,0,6,79
05/09/2021,GCK,KS,ACE,CE,Federal Contract Tower,0,12,5,0,17,0,0,36,4,40,0,12,41,4,57,0,0,0,57
05/10/2021,GCK,KS,ACE,CE,Federal Contract Tower,0,10,6,0,16,0,2,12,0,14,0,12,18,0,30,0,0,0,30
05/11/2021,GCK,KS,ACE,CE,Federal Contract Tower,0,7,15,0,22,0,3,8,0,11,0,10,23,0,33,0,0,0,33
05/12/2021,GCK,KS,ACE,CE,Federal Contract Tower,0,10,16,0,26,0,0,48,0,48,0,10,64,0,74,0,0,0,74
05/13/2021,GCK,KS,ACE,CE,Federal Contract Tower,2,8,14,2,26,0,1,21,6,28,2,9,35,8,54,0,32,32,86
05/14/2021,GCK,KS,ACE,CE,Federal Contract Tower,0,8,21,7,36,0,2,84,4,90,0,10,105,11,126,0,34,34,160
05/15/2021,GCK,KS,ACE,CE,Federal Contract Tower,0,8,12,0,20,0,2,69,0,71,0,10,81,0,91,0,10,10,101
05/16/2021,GCK,KS,ACE,CE,Federal Contract Tower,0,9,9,0,18,0,3,90,0,93,0,12,99,0,111,0,0,0,111
05/17/2021,GCK,KS,ACE,CE,Federal Contract Tower,2,3,7,0,12,0,2,56,0,58,2,5,63,0,70,0,0,0,70
05/18/2021,GCK,KS,ACE,CE,Federal Contract Tower,0,5,14,0,19,0,0,76,0,76,0,5,90,0,95,0,0,0,95
05/19/2021,GCK,KS,ACE,CE,Federal Contract Tower,1,7,15,0,23,0,1,48,0,49,1,8,63,0,72,0,0,0,72
05/20/2021,GCK,KS,ACE,CE,Federal Contract Tower,1,6,17,4,28,0,1,39,0,40,1,7,56,4,68,0,14,14,82
05/21/2021,GCK,KS,ACE,CE,Federal Contract Tower,0,8,11,0,19,0,2,3,0,5,0,10,14,0,24,0,0,0,24
05/22/2021,GCK,KS,ACE,CE,Federal Contract Tower,0,4,12,0,16,0,2,12,1,15,0,6,24,1,31,10,0,10,41
05/23/2021,GCK,KS,ACE,CE,Federal Contract Tower,0,6,9,1,16,0,0,3,0,3,0,6,12,1,19,0,0,0,19
05/24/2021,GCK,KS,ACE,CE,Federal Contract Tower,0,3,7,0,10,0,2,5,0,7,0,5,12,0,17,0,0,0,17
05/25/2021,GCK,KS,ACE,CE,Federal Contract Tower,0,4,7,9,20,0,1,71,0,72,0,5,78,9,92,2,28,30,122
05/26/2021,GCK,KS,ACE,CE,Federal Contract Tower,0,10,19,4,33,0,4,28,0,32,0,14,47,4,65,0,6,6,71
05/27/2021,GCK,KS,ACE,CE,Federal Contract Tower,0,5,10,0,15,0,0,22,0,22,0,5,32,0,37,0,0,0,37
05/28/2021,GCK,KS,ACE,CE,Federal Contract Tower,0,6,15,0,21,0,1,39,0,40,0,7,54,0,61,0,0,0,61
05/29/2021,GCK,KS,ACE,CE,Federal Contract Tower,0,7,3,1,11,0,2,2,2,6,0,9,5,3,17,0,0,0,17
05/30/2021,GCK,KS,ACE,CE,Federal Contract Tower,0,2,3,0,5,0,0,0,0,0,0,2,3,0,5,0,0,0,5
05/31/2021,GCK,KS,ACE,CE,Federal Contract Tower,0,6,10,0,16,0,0,0,0,0,0,6,10,0,16,0,0,0,16
06/01/2021,GCK,KS,ACE,CE,Federal Contract Tower,0,7,7,0,14,0,2,23,0,25,0,9,30,0,39,0,0,0,39
06/02/2021,GCK,KS,ACE,CE,Federal Contract Tower,0,8,13,0,21,0,3,43,0,46,0,11,56,0,67,0,0,0,67
06/03/2021,GCK,KS,ACE,CE,Federal Contract Tower,0,5,16,2,23,0,0,35,0,35,0,5,51,2,58,16,16,32,90
06/04/2021,GCK,KS,ACE,CE,Federal Contract Tower,0,5,9,0,14,0,2,20,0,22,0,7,29,0,36,0,0,0,36
06/05/2021,GCK,KS,ACE,CE,Federal Contract Tower,0,6,4,0,10,0,3,9,0,12,0,9,13,0,22,0,0,0,22
06/06/2021,GCK,KS,ACE,CE,Federal Contract Tower,0,4,4,0,8,0,5,6,0,11,0,9,10,0,19,0,0,0,19
06/07/2021,GCK,KS,ACE,CE,Federal Contract Tower,0,1,9,0,10,0,6,11,0,17,0,7,20,0,27,0,0,0,27
06/08/2021,GCK,KS,ACE,CE,Federal Contract Tower,0,6,16,0,22,0,1,22,8,31,0,7,38,8,53,8,0,8,61
06/09/2021,GCK,KS,ACE,CE,Federal Contract Tower,0,10,15,0,25,0,3,25,0,28,0,13,40,0,53,0,0,0,53
06/10/2021,GCK,KS,ACE,CE,Federal Contract Tower,0,7,16,5,28,0,2,6,2,10,0,9,22,7,38,0,6,6,44
06/11/2021,GCK,KS,ACE,CE,Federal Contract Tower,0,5,13,0,18,0,0,15,0,15,0,5,28,0,33,0,0,0,33
06/12/2021,GCK,KS,ACE,CE,Federal Contract Tower,2,5,7,0,14,0,2,30,0,32,2,7,37,0,46,0,0,0,46
06/13/2021,GCK,KS,ACE,CE,Federal Contract Tower,0,2,3,2,7,0,0,7,0,7,0,2,10,2,14,0,0,0,14
06/14/2021,GCK,KS,ACE,CE,Federal Contract Tower,0,5,9,0,14,0,19,1,0,20,0,24,10,0,34,0,0,0,34
06/15/2021,GCK,KS,ACE,CE,Federal Contract Tower,2,6,12,0,20,0,0,28,1,29,2,6,40,1,49,0,0,0,49
06/16/2021,GCK,KS,ACE,CE,Federal Contract Tower,0,7,24,0,31,0,4,12,0,16,0,11,36,0,47,0,0,0,47
06/17/2021,GCK,KS,ACE,CE,Federal Contract Tower,0,5,18,0,23,0,0,21,4,25,0,5,39,4,48,8,0,8,56
06/18/2021,GCK,KS,ACE,CE,Federal Contract Tower,0,6,24,0,30,0,5,28,0,33,0,11,52,0,63,0,0,0,63
06/19/2021,GCK,KS,ACE,CE,Federal Contract Tower,2,7,8,0,17,0,0,13,0,13,2,7,21,0,30,2,0,2,32
06/20/2021,GCK,KS,ACE,CE,Federal Contract Tower,0,2,11,0,13,0,2,12,0,14,0,4,23,0,27,0,0,0,27
06/21/2021,GCK,KS,ACE,CE,Federal Contract Tower,0,6,10,0,16,0,3,23,0,26,0,9,33,0,42,0,0,0,42
06/22/2021,GCK,KS,ACE,CE,Federal Contract Tower,0,13,10,0,23,0,1,10,0,11,0,14,20,0,34,0,0,0,34
06/23/2021,GCK,KS,ACE,CE,Federal Contract Tower,0,7,13,0,20,0,0,34,0,34,0,7,47,0,54,0,0,0,54
06/24/2021,GCK,KS,ACE,CE,Federal Contract Tower,0,5,9,0,14,0,4,36,0,40,0,9,45,0,54,0,0,0,54
06/25/2021,GCK,KS,ACE,CE,Federal Contract Tower,0,5,8,0,13,0,5,20,0,25,0,10,28,0,38,0,0,0,38
06/26/2021,GCK,KS,ACE,CE,Federal Contract Tower,0,4,5,2,11,0,2,14,0,16,0,6,19,2,27,0,20,20,47
06/27/2021,GCK,KS,ACE,CE,Federal Contract Tower,0,2,10,2,14,0,0,7,1,8,0,2,17,3,22,0,0,0,22
06/28/2021,GCK,KS,ACE,CE,Federal Contract Tower,0,4,9,2,15,0,4,41,0,45,0,8,50,2,60,0,0,0,60
06/29/2021,GCK,KS,ACE,CE,Federal Contract Tower,0,5,5,2,12,0,0,20,0,20,0,5,25,2,32,0,8,8,40
06/30/2021,GCK,KS,ACE,CE,Federal Contract Tower,0,4,18,0,22,0,0,20,0,20,0,4,38,0,42,6,0,6,48
07/01/2021,GCK,KS,ACE,CE,Federal Contract Tower,0,6,18,4,28,0,1,13,0,14,0,7,31,4,42,0,0,0,42
07/02/2021,GCK,KS,ACE,CE,Federal Contract Tower,0,7,13,0,20,0,2,44,0,46,0,9,57,0,66,0,0,0,66
07/03/2021,GCK,KS,ACE,CE,Federal Contract Tower,0,5,14,0,19,0,0,20,0,20,0,5,34,0,39,0,0,0,39
07/04/2021,GCK,KS,ACE,CE,Federal Contract Tower,0,6,1,0,7,0,2,2,0,4,0,8,3,0,11,0,0,0,11
07/05/2021,GCK,KS,ACE,CE,Federal Contract Tower,0,4,13,0,17,0,0,31,0,31,0,4,44,0,48,0,0,0,48
07/06/2021,GCK,KS,ACE,CE,Federal Contract Tower,0,4,15,0,19,0,1,33,0,34,0,5,48,0,53,0,0,0,53
07/07/2021,GCK,KS,ACE,CE,Federal Contract Tower,0,5,17,0,22,0,2,56,0,58,0,7,73,0,80,14,0,14,94
07/08/2021,GCK,KS,ACE,CE,Federal Contract Tower,1,7,26,4,38,0,0,44,0,44,1,7,70,4,82,8,18,26,108
07/09/2021,GCK,KS,ACE,CE,Federal Contract Tower,0,7,17,1,25,0,0,43,1,44,0,7,60,2,69,0,0,0,69
07/10/2021,GCK,KS,ACE,CE,Federal Contract Tower,0,4,4,0,8,0,1,17,0,18,0,5,21,0,26,0,0,0,26
07/11/2021,GCK,KS,ACE,CE,Federal Contract Tower,0,2,4,0,6,0,6,63,0,69,0,8,67,0,75,0,0,0,75
07/12/2021,GCK,KS,ACE,CE,Federal Contract Tower,2,3,10,0,15,0,2,84,0,86,2,5,94,0,101,0,0,0,101
07/13/2021,GCK,KS,ACE,CE,Federal Contract Tower,0,12,15,2,29,0,3,61,0,64,0,15,76,2,93,2,0,2,95
07/14/2021,GCK,KS,ACE,CE,Federal Contract Tower,0,7,13,0,20,0,2,7,0,9,0,9,20,0,29,0,0,0,29
07/15/2021,GCK,KS,ACE,CE,Federal Contract Tower,0,7,21,2,30,0,0,71,0,71,0,7,92,2,101,0,8,8,109
07/16/2021,GCK,KS,ACE,CE,Federal Contract Tower,0,10,14,0,24,0,0,75,0,75,0,10,89,0,99,0,0,0,99
07/17/2021,GCK,KS,ACE,CE,Federal Contract Tower,0,7,8,0,15,0,1,72,0,73,0,8,80,0,88,2,0,2,90
07/18/2021,GCK,KS,ACE,CE,Federal Contract Tower,0,6,9,0,15,0,1,43,0,44,0,7,52,0,59,2,0,2,61
07/19/2021,GCK,KS,ACE,CE,Federal Contract Tower,0,2,13,1,16,0,4,75,0,79,0,6,88,1,95,18,2,20,115
07/20/2021,GCK,KS,ACE,CE,Federal Contract Tower,0,6,10,0,16,0,2,113,0,115,0,8,123,0,131,12,0,12,143
07/21/2021,GCK,KS,ACE,CE,Federal Contract Tower,0,9,20,0,29,0,0,51,0,51,0,9,71,0,80,0,0,0,80
07/22/2021,GCK,KS,ACE,CE,Federal Contract Tower,0,11,6,5,22,0,0,24,1,25,0,11,30,6,47,0,6,6,53
07/23/2021,GCK,KS,ACE,CE,Federal Contract Tower,0,4,11,5,20,0,0,35,0,35,0,4,46,5,55,8,12,20,75
07/24/2021,GCK,KS,ACE,CE,Federal Contract Tower,0,4,12,0,16,0,2,43,0,45,0,6,55,0,61,0,0,0,61
07/25/2021,GCK,KS,ACE,CE,Federal Contract Tower,0,2,7,2,11,0,1,16,0,17,0,3,23,2,28,0,0,0,28
07/26/2021,GCK,KS,ACE,CE,Federal Contract Tower,0,4,8,4,16,0,5,63,4,72,0,9,71,8,88,14,0,14,102
07/27/2021,GCK,KS,ACE,CE,Federal Contract Tower,0,7,10,1,18,0,3,86,3,92,0,10,96,4,110,12,0,12,122
07/28/2021,GCK,KS,ACE,CE,Federal Contract Tower,0,5,15,0,20,0,0,45,0,45,0,5,60,0,65,8,0,8,73
07/29/2021,GCK,KS,ACE,CE,Federal Contract Tower,0,8,18,0,26,0,1,42,0,43,0,9,60,0,69,0,0,0,69
07/30/2021,GCK,KS,ACE,CE,Federal Contract Tower,0,8,12,0,20,0,1,55,0,56,0,9,67,0,76,0,0,0,76
07/31/2021,GCK,KS,ACE,CE,Federal Contract Tower,0,6,8,0,14,0,5,29,0,34,0,11,37,0,48,0,0,0,48
08/01/2021,GCK,KS,ACE,CE,Federal Contract Tower,0,2,11,0,13,0,2,29,0,31,0,4,40,0,44,0,0,0,44
08/02/2021,GCK,KS,ACE,CE,Federal Contract Tower,0,13,7,1,21,0,5,43,2,50,0,18,50,3,71,6,2,8,79
08/03/2021,GCK,KS,ACE,CE,Federal Contract Tower,0,9,11,1,21,0,1,26,0,27,0,10,37,1,48,4,0,4,52
08/04/2021,GCK,KS,ACE,CE,Federal Contract Tower,0,6,18,0,24,0,0,41,0,41,0,6,59,0,65,4,0,4,69
08/05/2021,GCK,KS,ACE,CE,Federal Contract Tower,0,8,12,0,20,0,0,45,1,46,0,8,57,1,66,0,0,0,66
08/06/2021,GCK,KS,ACE,CE,Federal Contract Tower,0,9,11,0,20,0,0,26,1,27,0,9,37,1,47,8,0,8,55
08/07/2021,GCK,KS,ACE,CE,Federal Contract Tower,0,8,8,0,16,0,2,6,0,8,0,10,14,0,24,0,0,0,24
08/08/2021,GCK,KS,ACE,CE,Federal Contract Tower,0,6,13,2,21,0,0,6,0,6,0,6,19,2,27,0,0,0,27
08/09/2021,GCK,KS,ACE,CE,Federal Contract Tower,0,8,7,0,15,0,4,31,0,35,0,12,38,0,50,0,0,0,50
08/10/2021,GCK,KS,ACE,CE,Federal Contract Tower,0,7,13,0,20,0,0,26,0,26,0,7,39,0,46,0,0,0,46
08/11/2021,GCK,KS,ACE,CE,Federal Contract Tower,0,6,17,0,23,0,2,34,0,36,0,8,51,0,59,4,0,4,63
08/12/2021,GCK,KS,ACE,CE,Federal Contract Tower,0,6,13,0,19,0,1,30,0,31,0,7,43,0,50,2,0,2,52
08/13/2021,GCK,KS,ACE,CE,Federal Contract Tower,0,8,19,0,27,0,4,40,0,44,0,12,59,0,71,0,0,0,71
08/14/2021,GCK,KS,ACE,CE,Federal Contract Tower,0,6,6,0,12,0,2,20,2,24,0,8,26,2,36,0,0,0,36
08/15/2021,GCK,KS,ACE,CE,Federal Contract Tower,0,6,7,0,13,0,3,4,0,7,0,9,11,0,20,4,0,4,24
08/16/2021,GCK,KS,ACE,CE,Federal Contract Tower,0,9,11,0,20,0,2,13,0,15,0,11,24,0,35,0,0,0,35
08/17/2021,GCK,KS,ACE,CE,Federal Contract Tower,0,7,8,0,15,0,6,24,0,30,0,13,32,0,45,12,0,12,57
08/18/2021,GCK,KS,ACE,CE,Federal Contract Tower,0,6,17,0,23,0,4,4,0,8,0,10,21,0,31,10,0,10,41
08/19/2021,GCK,KS,ACE,CE,Federal Contract Tower,0,6,24,8,38,0,3,22,0,25,0,9,46,8,63,0,44,44,107
08/20/2021,GCK,KS,ACE,CE,Federal Contract Tower,0,5,24,0,29,0,0,40,0,40,0,5,64,0,69,0,0,0,69
08/21/2021,GCK,KS,ACE,CE,Federal Contract Tower,0,4,7,0,11,0,2,18,0,20,0,6,25,0,31,14,0,14,45
08/22/2021,GCK,KS,ACE,CE,Federal Contract Tower,0,4,12,1,17,0,3,8,2,13,0,7,20,3,30,6,0,6,36
08/23/2021,GCK,KS,ACE,CE,Federal Contract Tower,0,3,12,0,15,0,1,9,0,10,0,4,21,0,25,0,0,0,25
08/24/2021,GCK,KS,ACE,CE,Federal Contract Tower,0,7,17,0,24,0,0,26,0,26,0,7,43,0,50,2,0,2,52
08/25/2021,GCK,KS,ACE,CE,Federal Contract Tower,0,7,11,0,18,0,1,33,0,34,0,8,44,0,52,0,0,0,52
08/26/2021,GCK,KS,ACE,CE,Federal Contract Tower,0,4,10,0,14,0,2,13,0,15,0,6,23,0,29,0,0,0,29
08/27/2021,GCK,KS,ACE,CE,Federal Contract Tower,3,7,17,2,29,0,0,11,0,11,3,7,28,2,40,0,0,0,40
08/28/2021,GCK,KS,ACE,CE,Federal Contract Tower,0,8,9,0,17,0,0,5,0,5,0,8,14,0,22,6,0,6,28
08/29/2021,GCK,KS,ACE,CE,Federal Contract Tower,0,2,4,0,6,0,3,7,0,10,0,5,11,0,16,0,0,0,16
08/30/2021,GCK,KS,ACE,CE,Federal Contract Tower,0,4,12,0,16,0,0,24,0,24,0,4,36,0,40,6,0,6,46
08/31/2021,GCK,KS,ACE,CE,Federal Contract Tower,2,10,13,3,28,0,1,10,0,11,2,11,23,3,39,0,12,12,51
09/01/2021,GCK,KS,ACE,CE,Federal Contract Tower,0,7,11,0,18,0,2,26,0,28,0,9,37,0,46,16,0,16,62
09/02/2021,GCK,KS,ACE,CE,Federal Contract Tower,0,4,8,0,12,0,0,1,0,1,0,4,9,0,13,0,0,0,13
09/03/2021,GCK,KS,ACE,CE,Federal Contract Tower,0,7,23,0,30,0,0,17,0,17,0,7,40,0,47,0,0,0,47
09/04/2021,GCK,KS,ACE,CE,Federal Contract Tower,0,3,8,0,11,0,1,13,0,14,0,4,21,0,25,0,0,0,25
09/05/2021,GCK,KS,ACE,CE,Federal Contract Tower,0,4,2,0,6,0,0,2,0,2,0,4,4,0,8,0,0,0,8
09/06/2021,GCK,KS,ACE,CE,Federal Contract Tower,0,8,22,0,30,0,0,13,0,13,0,8,35,0,43,6,0,6,49
09/07/2021,GCK,KS,ACE,CE,Federal Contract Tower,0,5,17,2,24,0,1,8,0,9,0,6,25,2,33,0,0,0,33
09/08/2021,GCK,KS,ACE,CE,Federal Contract Tower,0,5,12,1,18,0,4,18,8,30,0,9,30,9,48,0,8,8,56
09/09/2021,GCK,KS,ACE,CE,Federal Contract Tower,0,9,8,0,17,0,2,15,5,22,0,11,23,5,39,0,8,8,47
09/10/2021,GCK,KS,ACE,CE,Federal Contract Tower,0,9,13,0,22,0,2,22,2,26,0,11,35,2,48,0,0,0,48
09/11/2021,GCK,KS,ACE,CE,Federal Contract Tower,0,8,8,0,16,0,2,13,0,15,0,10,21,0,31,0,0,0,31
09/12/2021,GCK,KS,ACE,CE,Federal Contract Tower,0,9,11,2,22,0,1,10,0,11,0,10,21,2,33,2,2,4,37
09/13/2021,GCK,KS,ACE,CE,Federal Contract Tower,0,3,9,0,12,0,3,3,0,6,0,6,12,0,18,0,0,0,18
09/14/2021,GCK,KS,ACE,CE,Federal Contract Tower,0,8,7,0,15,0,1,25,0,26,0,9,32,0,41,10,0,10,51
09/15/2021,GCK,KS,ACE,CE,Federal Contract Tower,0,8,11,0,19,0,0,20,0,20,0,8,31,0,39,0,0,0,39
09/16/2021,GCK,KS,ACE,CE,Federal Contract Tower,0,5,11,0,16,0,0,26,0,26,0,5,37,0,42,16,0,16,58
09/17/2021,GCK,KS,ACE,CE,Federal Contract Tower,0,8,19,0,27,0,1,9,0,10,0,9,28,0,37,0,0,0,37
09/18/2021,GCK,KS,ACE,CE,Federal Contract Tower,0,5,6,0,11,0,3,11,0,14,0,8,17,0,25,6,0,6,31
09/19/2021,GCK,KS,ACE,CE,Federal Contract Tower,0,5,4,3,12,0,1,11,0,12,0,6,15,3,24,0,6,6,30
09/20/2021,GCK,KS,ACE,CE,Federal Contract Tower,0,9,3,0,12,0,0,5,8,13,0,9,8,8,25,0,0,0,25
09/21/2021,GCK,KS,ACE,CE,Federal Contract Tower,0,11,14,0,25,0,2,21,0,23,0,13,35,0,48,6,0,6,54
09/22/2021,GCK,KS,ACE,CE,Federal Contract Tower,0,8,10,0,18,0,2,12,0,14,0,10,22,0,32,2,0,2,34
09/23/2021,GCK,KS,ACE,CE,Federal Contract Tower,0,7,17,0,24,0,1,17,0,18,0,8,34,0,42,4,0,4,46
09/24/2021,GCK,KS,ACE,CE,Federal Contract Tower,0,4,15,0,19,0,0,16,0,16,0,4,31,0,35,0,0,0,35
09/25/2021,GCK,KS,ACE,CE,Federal Contract Tower,0,4,8,0,12,0,0,17,0,17,0,4,25,0,29,18,0,18,47
09/26/2021,GCK,KS,ACE,CE,Federal Contract Tower,0,3,6,0,9,0,3,7,0,10,0,6,13,0,19,0,0,0,19
09/27/2021,GCK,KS,ACE,CE,Federal Contract Tower,0,3,11,0,14,0,2,11,0,13,0,5,22,0,27,4,0,4,31
09/28/2021,GCK,KS,ACE,CE,Federal Contract Tower,0,7,11,0,18,0,2,25,2,29,0,9,36,2,47,0,0,0,47
09/29/2021,GCK,KS,ACE,CE,Federal Contract Tower,0,6,21,1,28,0,1,9,1,11,0,7,30,2,39,0,0,0,39
09/30/2021,GCK,KS,ACE,CE,Federal Contract Tower,0,10,14,0,24,0,1,2,1,4,0,11,16,1,28,2,0,2,30
10/01/2021,GCK,KS,ACE,CE,Federal Contract Tower,0,5,5,11,21,0,0,6,1,7,0,5,11,12,28,0,16,16,44
10/02/2021,GCK,KS,ACE,CE,Federal Contract Tower,0,10,11,0,21,0,0,5,0,5,0,10,16,0,26,0,0,0,26
10/03/2021,GCK,KS,ACE,CE,Federal Contract Tower,0,3,9,0,12,0,5,6,2,13,0,8,15,2,25,0,0,0,25
10/04/2021,GCK,KS,ACE,CE,Federal Contract Tower,0,8,11,0,19,0,2,8,0,10,0,10,19,0,29,4,0,4,33
10/05/2021,GCK,KS,ACE,CE,Federal Contract Tower,0,12,10,2,24,0,0,8,1,9,0,12,18,3,33,0,0,0,33
10/06/2021,GCK,KS,ACE,CE,Federal Contract Tower,0,13,14,0,27,3,1,9,0,13,3,14,23,0,40,0,0,0,40
10/07/2021,GCK,KS,ACE,CE,Federal Contract Tower,0,6,8,0,14,0,1,14,0,15,0,7,22,0,29,0,0,0,29
10/08/2021,GCK,KS,ACE,CE,Federal Contract Tower,0,18,8,0,26,0,8,19,0,27,0,26,27,0,53,0,0,0,53
10/09/2021,GCK,KS,ACE,CE,Federal Contract Tower,0,5,11,0,16,0,1,7,0,8,0,6,18,0,24,8,0,8,32
10/10/2021,GCK,KS,ACE,CE,Federal Contract Tower,0,4,6,0,10,0,0,2,0,2,0,4,8,0,12,0,23,23,35
10/11/2021,GCK,KS,ACE,CE,Federal Contract Tower,0,5,9,0,14,0,3,20,5,28,0,8,29,5,42,10,0,10,52
10/12/2021,GCK,KS,ACE,CE,Federal Contract Tower,0,8,16,0,24,0,1,9,0,10,0,9,25,0,34,4,0,4,38
10/13/2021,GCK,KS,ACE,CE,Federal Contract Tower,0,5,19,0,24,0,2,26,0,28,0,7,45,0,52,8,0,8,60
10/14/2021,GCK,KS,ACE,CE,Federal Contract Tower,0,7,19,2,28,0,0,5,0,5,0,7,24,2,33,0,18,18,51
10/15/2021,GCK,KS,ACE,CE,Federal Contract Tower,0,6,13,2,21,0,0,8,0,8,0,6,21,2,29,8,36,44,73
10/16/2021,GCK,KS,ACE,CE,Federal Contract Tower,0,4,7,0,11,0,3,22,0,25,0,7,29,0,36,4,0,4,40
10/17/2021,GCK,KS,ACE,CE,Federal Contract Tower,0,5,8,8,21,0,3,9,0,12,0,8,17,8,33,8,10,18,51
10/18/2021,GCK,KS,ACE,CE,Federal Contract Tower,0,6,9,1,16,0,1,8,1,10,0,7,17,2,26,6,12,18,44
10/19/2021,GCK,KS,ACE,CE,Federal Contract Tower,0,10,8,0,18,0,2,11,0,13,0,12,19,0,31,0,0,0,31
10/20/2021,GCK,KS,ACE,CE,Federal Contract Tower,0,8,18,0,26,0,3,26,2,31,0,11,44,2,57,0,0,0,57
10/21/2021,GCK,KS,ACE,CE,Federal Contract Tower,0,8,19,0,27,0,0,16,0,16,0,8,35,0,43,2,0,2,45
10/22/2021,GCK,KS,ACE,CE,Federal Contract Tower,2,7,19,0,28,0,1,22,0,23,2,8,41,0,51,0,0,0,51
10/23/2021,GCK,KS,ACE,CE,Federal Contract Tower,0,3,12,0,15,0,4,16,0,20,0,7,28,0,35,8,0,8,43
10/24/2021,GCK,KS,ACE,CE,Federal Contract Tower,0,4,7,4,15,0,1,2,0,3,0,5,9,4,18,6,8,14,32
10/25/2021,GCK,KS,ACE,CE,Federal Contract Tower,0,4,9,0,13,0,1,6,0,7,0,5,15,0,20,0,0,0,20
10/26/2021,GCK,KS,ACE,CE,Federal Contract Tower,2,9,8,0,19,0,0,7,0,7,2,9,15,0,26,0,0,0,26
10/27/2021,GCK,KS,ACE,CE,Federal Contract Tower,0,9,12,2,23,0,0,1,0,1,0,9,13,2,24,0,4,4,28
10/28/2021,GCK,KS,ACE,CE,Federal Contract Tower,0,6,3,0,9,0,0,3,0,3,0,6,6,0,12,0,0,0,12
10/29/2021,GCK,KS,ACE,CE,Federal Contract Tower,0,6,20,3,29,0,3,14,0,17,0,9,34,3,46,8,6,14,60
10/30/2021,GCK,KS,ACE,CE,Federal Contract Tower,0,6,6,0,12,0,2,10,0,12,0,8,16,0,24,2,0,2,26
10/31/2021,GCK,KS,ACE,CE,Federal Contract Tower,0,3,6,0,9,0,3,7,0,10,0,6,13,0,19,0,0,0,19
11/01/2021,GCK,KS,ACE,CE,Federal Contract Tower,0,10,10,1,21,0,2,2,0,4,0,12,12,1,25,22,8,30,55
11/02/2021,GCK,KS,ACE,CE,Federal Contract Tower,0,9,3,0,12,0,0,0,0,0,0,9,3,0,12,0,0,0,12
11/03/2021,GCK,KS,ACE,CE,Federal Contract Tower,0,7,12,0,19,0,2,0,0,2,0,9,12,0,21,0,0,0,21
11/04/2021,GCK,KS,ACE,CE,Federal Contract Tower,0,9,27,0,36,0,3,6,0,9,0,12,33,0,45,2,0,2,47
11/05/2021,GCK,KS,ACE,CE,Federal Contract Tower,0,7,7,0,14,0,2,23,6,31,0,9,30,6,45,0,0,0,45
11/06/2021,GCK,KS,ACE,CE,Federal Contract Tower,0,5,11,0,16,0,2,19,0,21,0,7,30,0,37,26,0,26,63
11/07/2021,GCK,KS,ACE,CE,Federal Contract Tower,0,7,11,0,18,0,9,16,0,25,0,16,27,0,43,6,0,6,49
11/08/2021,GCK,KS,ACE,CE,Federal Contract Tower,0,4,8,0,12,0,0,13,0,13,0,4,21,0,25,0,0,0,25
11/09/2021,GCK,KS,ACE,CE,Federal Contract Tower,0,7,20,0,27,0,2,7,0,9,0,9,27,0,36,0,0,0,36
11/10/2021,GCK,KS,ACE,CE,Federal Contract Tower,0,10,26,0,36,0,3,5,0,8,0,13,31,0,44,14,0,14,58
11/11/2021,GCK,KS,ACE,CE,Federal Contract Tower,2,7,12,0,21,0,3,10,0,13,2,10,22,0,34,10,0,10,44
11/12/2021,GCK,KS,ACE,CE,Federal Contract Tower,0,12,0,5,17,0,5,5,2,12,0,17,5,7,29,0,12,12,41
11/13/2021,GCK,KS,ACE,CE,Federal Contract Tower,0,5,8,0,13,0,0,11,0,11,0,5,19,0,24,2,0,2,26
11/14/2021,GCK,KS,ACE,CE,Federal Contract Tower,0,7,10,0,17,0,0,13,0,13,0,7,23,0,30,6,0,6,36
11/15/2021,GCK,KS,ACE,CE,Federal Contract Tower,2,4,15,7,28,0,2,12,1,15,2,6,27,8,43,8,12,20,63
11/16/2021,GCK,KS,ACE,CE,Federal Contract Tower,0,9,15,0,24,0,3,9,0,12,0,12,24,0,36,6,0,6,42
11/17/2021,GCK,KS,ACE,CE,Federal Contract Tower,0,8,8,0,16,0,1,3,0,4,0,9,11,0,20,0,0,0,20
11/18/2021,GCK,KS,ACE,CE,Federal Contract Tower,0,14,17,0,31,0,7,13,0,20,0,21,30,0,51,8,0,8,59
11/19/2021,GCK,KS,ACE,CE,Federal Contract Tower,0,9,14,0,23,0,2,15,0,17,0,11,29,0,40,0,0,0,40
11/20/2021,GCK,KS,ACE,CE,Federal Contract Tower,0,11,6,0,17,0,5,5,0,10,0,16,11,0,27,6,0,6,33
11/21/2021,GCK,KS,ACE,CE,Federal Contract Tower,0,7,11,0,18,0,8,16,0,24,0,15,27,0,42,16,0,16,58
11/22/2021,GCK,KS,ACE,CE,Federal Contract Tower,0,7,5,0,12,0,3,9,0,12,0,10,14,0,24,0,0,0,24
11/23/2021,GCK,KS,ACE,CE,Federal Contract Tower,0,11,7,2,20,0,2,18,0,20,0,13,25,2,40,6,42,48,88
11/24/2021,GCK,KS,ACE,CE,Federal Contract Tower,0,9,10,1,20,0,3,7,0,10,0,12,17,1,30,2,0,2,32
11/25/2021,GCK,KS,ACE,CE,Federal Contract Tower,0,6,2,0,8,0,0,7,0,7,0,6,9,0,15,16,0,16,31
11/26/2021,GCK,KS,ACE,CE,Federal Contract Tower,0,9,5,0,14,0,0,11,0,11,0,9,16,0,25,12,0,12,37
11/27/2021,GCK,KS,ACE,CE,Federal Contract Tower,0,5,12,0,17,0,0,8,0,8,0,5,20,0,25,0,0,0,25
11/28/2021,GCK,KS,ACE,CE,Federal Contract Tower,0,6,10,0,16,0,0,13,0,13,0,6,23,0,29,20,0,20,49
11/29/2021,GCK,KS,ACE,CE,Federal Contract Tower,0,7,12,0,19,0,2,21,0,23,0,9,33,0,42,16,0,16,58
11/30/2021,GCK,KS,ACE,CE,Federal Contract Tower,0,13,11,0,24,0,1,10,0,11,0,14,21,0,35,0,0,0,35
12/01/2021,GCK,KS,ACE,CE,Federal Contract Tower,0,10,15,0,25,0,0,10,0,10,0,10,25,0,35,4,0,4,39
12/02/2021,GCK,KS,ACE,CE,Federal Contract Tower,0,8,9,0,17,0,5,8,0,13,0,13,17,0,30,36,0,36,66
12/03/2021,GCK,KS,ACE,CE,Federal Contract Tower,0,11,8,5,24,0,0,9,5,14,0,11,17,10,38,0,20,20,58
12/04/2021,GCK,KS,ACE,CE,Federal Contract Tower,0,6,11,0,17,0,0,22,0,22,0,6,33,0,39,0,0,0,39
12/05/2021,GCK,KS,ACE,CE,Federal Contract Tower,0,6,5,3,14,0,2,10,0,12,0,8,15,3,26,0,2,2,28
12/06/2021,GCK,KS,ACE,CE,Federal Contract Tower,0,11,6,0,17,0,4,7,0,11,0,15,13,0,28,16,0,16,44
12/07/2021,GCK,KS,ACE,CE,Federal Contract Tower,0,15,9,0,24,0,2,8,0,10,0,17,17,0,34,18,0,18,52
12/08/2021,GCK,KS,ACE,CE,Federal Contract Tower,0,7,13,0,20,0,0,18,2,20,0,7,31,2,40,18,4,22,62
12/09/2021,GCK,KS,ACE,CE,Federal Contract Tower,0,13,14,0,27,0,2,16,0,18,0,15,30,0,45,2,0,2,47
12/10/2021,GCK,KS,ACE,CE,Federal Contract Tower,0,10,5,0,15,0,1,1,0,2,0,11,6,0,17,0,0,0,17
12/11/2021,GCK,KS,ACE,CE,Federal Contract Tower,0,5,5,0,10,0,0,4,0,4,0,5,9,0,14,0,0,0,14
12/12/2021,GCK,KS,ACE,CE,Federal Contract Tower,0,2,5,2,9,0,1,9,0,10,0,3,14,2,19,0,0,0,19
12/13/2021,GCK,KS,ACE,CE,Federal Contract Tower,0,6,9,0,15,0,4,18,2,24,0,10,27,2,39,34,6,40,79
12/14/2021,GCK,KS,ACE,CE,Federal Contract Tower,0,9,11,0,20,0,2,5,2,9,0,11,16,2,29,0,6,6,35
12/15/2021,GCK,KS,ACE,CE,Federal Contract Tower,0,3,6,0,9,0,0,0,0,0,0,3,6,0,9,0,0,0,9
12/16/2021,GCK,KS,ACE,CE,Federal Contract Tower,0,11,13,6,30,0,3,6,2,11,0,14,19,8,41,0,20,20,61
12/17/2021,GCK,KS,ACE,CE,Federal Contract Tower,2,12,8,0,22,0,4,11,0,15,2,16,19,0,37,6,0,6,43
12/18/2021,GCK,KS,ACE,CE,Federal Contract Tower,0,8,13,0,21,0,0,12,0,12,0,8,25,0,33,0,0,0,33
12/19/2021,GCK,KS,ACE,CE,Federal Contract Tower,0,6,4,0,10,0,0,18,0,18,0,6,22,0,28,2,0,2,30
12/20/2021,GCK,KS,ACE,CE,Federal Contract Tower,0,7,10,0,17,0,1,9,0,10,0,8,19,0,27,2,0,2,29
12/21/2021,GCK,KS,ACE,CE,Federal Contract Tower,0,10,14,0,24,0,1,10,0,11,0,11,24,0,35,0,0,0,35
12/22/2021,GCK,KS,ACE,CE,Federal Contract Tower,0,12,17,0,29,0,0,21,0,21,0,12,38,0,50,4,0,4,54
12/23/2021,GCK,KS,ACE,CE,Federal Contract Tower,0,11,7,0,18,0,1,13,0,14,0,12,20,0,32,0,0,0,32
12/24/2021,GCK,KS,ACE,CE,Federal Contract Tower,0,9,8,0,17,0,1,2,0,3,0,10,10,0,20,0,0,0,20
12/25/2021,GCK,KS,ACE,CE,Federal Contract Tower,0,4,1,0,5,0,1,1,0,2,0,5,2,0,7,0,0,0,7
12/26/2021,GCK,KS,ACE,CE,Federal Contract Tower,0,2,4,0,6,0,0,1,0,1,0,2,5,0,7,0,0,0,7
12/27/2021,GCK,KS,ACE,CE,Federal Contract Tower,0,9,9,2,20,0,1,7,0,8,0,10,16,2,28,10,0,10,38
12/28/2021,GCK,KS,ACE,CE,Federal Contract Tower,0,9,14,0,23,0,7,12,0,19,0,16,26,0,42,10,0,10,52
12/29/2021,GCK,KS,ACE,CE,Federal Contract Tower,0,12,10,0,22,0,4,11,0,15,0,16,21,0,37,12,0,12,49
12/30/2021,GCK,KS,ACE,CE,Federal Contract Tower,0,19,8,0,27,0,2,12,0,14,0,21,20,0,41,0,0,0,41
12/31/2021,GCK,KS,ACE,CE,Federal Contract Tower,0,7,5,0,12,0,0,4,0,4,0,7,9,0,16,0,0,0,16
01/01/2022,GCK,KS,ACE,CE,Federal Contract Tower,0,4,3,0,7,0,0,0,0,0,0,4,3,0,7,0,0,0,7
01/02/2022,GCK,KS,ACE,CE,Federal Contract Tower,0,5,5,0,10,0,0,5,0,5,0,5,10,0,15,0,0,0,15
01/03/2022,GCK,KS,ACE,CE,Federal Contract Tower,0,5,7,0,12,0,2,14,0,16,0,7,21,0,28,24,0,24,52
01/04/2022,GCK,KS,ACE,CE,Federal Contract Tower,0,10,5,0,15,0,3,10,0,13,0,13,15,0,28,0,0,0,28
01/05/2022,GCK,KS,ACE,CE,Federal Contract Tower,1,9,9,2,21,0,6,14,0,20,1,15,23,2,41,10,30,40,81
01/06/2022,GCK,KS,ACE,CE,Federal Contract Tower,0,12,10,0,22,0,3,3,0,6,0,15,13,0,28,0,0,0,28
01/07/2022,GCK,KS,ACE,CE,Federal Contract Tower,0,13,10,0,23,0,0,11,0,11,0,13,21,0,34,0,0,0,34
01/08/2022,GCK,KS,ACE,CE,Federal Contract Tower,0,4,6,4,14,0,0,2,4,6,0,4,8,8,20,0,50,50,70
01/09/2022,GCK,KS,ACE,CE,Federal Contract Tower,2,9,7,0,18,0,2,14,0,16,2,11,21,0,34,0,0,0,34
01/10/2022,GCK,KS,ACE,CE,Federal Contract Tower,0,11,7,0,18,0,3,6,1,10,0,14,13,1,28,4,4,8,36
01/11/2022,GCK,KS,ACE,CE,Federal Contract Tower,0,8,9,2,19,0,1,11,0,12,0,9,20,2,31,14,18,32,63
01/12/2022,GCK,KS,ACE,CE,Federal Contract Tower,0,8,11,0,19,0,0,20,0,20,0,8,31,0,39,6,0,6,45
01/13/2022,GCK,KS,ACE,CE,Federal Contract Tower,0,7,18,0,25,0,1,16,0,17,0,8,34,0,42,20,0,20,62
01/14/2022,GCK,KS,ACE,CE,Federal Contract Tower,0,7,5,0,12,0,1,1,8,10,0,8,6,8,22,0,0,0,22
01/15/2022,GCK,KS,ACE,CE,Federal Contract Tower,0,8,6,0,14,0,3,4,0,7,0,11,10,0,21,0,0,0,21
01/16/2022,GCK,KS,ACE,CE,Federal Contract Tower,0,2,9,0,11,0,4,11,0,15,0,6,20,0,26,12,0,12,38
01/17/2022,GCK,KS,ACE,CE,Federal Contract Tower,0,8,3,0,11,0,5,10,0,15,0,13,13,0,26,0,0,0,26
01/18/2022,GCK,KS,ACE,CE,Federal Contract Tower,0,7,13,0,20,0,2,11,8,21,0,9,24,8,41,4,0,4,45
01/19/2022,GCK,KS,ACE,CE,Federal Contract Tower,0,9,8,0,17,0,0,3,0,3,0,9,11,0,20,2,0,2,22
01/20/2022,GCK,KS,ACE,CE,Federal Contract Tower,0,14,7,0,21,0,4,5,0,9,0,18,12,0,30,0,0,0,30
01/21/2022,GCK,KS,ACE,CE,Federal Contract Tower,0,13,7,0,20,0,2,4,0,6,0,15,11,0,26,6,0,6,32
01/22/2022,GCK,KS,ACE,CE,Federal Contract Tower,0,5,7,0,12,0,0,6,0,6,0,5,13,0,18,0,0,0,18
01/23/2022,GCK,KS,ACE,CE,Federal Contract Tower,0,2,12,0,14,0,5,17,10,32,0,7,29,10,46,6,36,42,88
01/24/2022,GCK,KS,ACE,CE,Federal Contract Tower,0,4,11,2,17,0,2,8,0,10,0,6,19,2,27,8,28,36,63
01/25/2022,GCK,KS,ACE,CE,Federal Contract Tower,0,2,6,0,8,0,0,0,0,0,0,2,6,0,8,0,0,0,8
01/26/2022,GCK,KS,ACE,CE,Federal Contract Tower,0,10,21,0,31,0,2,7,0,9,0,12,28,0,40,32,0,32,72
01/27/2022,GCK,KS,ACE,CE,Federal Contract Tower,0,8,16,2,26,0,2,5,0,7,0,10,21,2,33,0,0,0,33
01/28/2022,GCK,KS,ACE,CE,Federal Contract Tower,0,6,15,0,21,0,1,18,0,19,0,7,33,0,40,0,0,0,40
01/29/2022,GCK,KS,ACE,CE,Federal Contract Tower,0,5,9,0,14,0,4,17,0,21,0,9,26,0,35,10,0,10,45
01/30/2022,GCK,KS,ACE,CE,Federal Contract Tower,0,2,6,0,8,0,3,16,0,19,0,5,22,0,27,4,0,4,31
01/31/2022,GCK,KS,ACE,CE,Federal Contract Tower,0,5,4,0,9,0,0,18,0,18,0,5,22,0,27,26,0,26,53
02/01/2022,GCK,KS,ACE,CE,Federal Contract Tower,0,7,6,2,15,0,1,2,2,5,0,8,8,4,20,0,4,4,24
02/02/2022,GCK,KS,ACE,CE,Federal Contract Tower,0,3,2,0,5,0,0,0,0,0,0,3,2,0,5,0,0,0,5
02/03/2022,GCK,KS,ACE,CE,Federal Contract Tower,0,6,9,0,15,0,0,16,2,18,0,6,25,2,33,14,0,14,47
02/04/2022,GCK,KS,ACE,CE,Federal Contract Tower,0,5,10,0,15,0,0,10,0,10,0,5,20,0,25,10,0,10,35
02/05/2022,GCK,KS,ACE,CE,Federal Contract Tower,0,7,10,0,17,0,2,20,2,24,0,9,30,2,41,12,0,12,53
02/06/2022,GCK,KS,ACE,CE,Federal Contract Tower,0,4,6,0,10,0,5,2,0,7,0,9,8,0,17,0,0,0,17
02/07/2022,GCK,KS,ACE,CE,Federal Contract Tower,0,7,7,3,17,0,0,15,0,15,0,7,22,3,32,14,8,22,54
02/08/2022,GCK,KS,ACE,CE,Federal Contract Tower,0,12,16,1,29,0,0,7,0,7,0,12,23,1,36,0,2,2,38
02/09/2022,GCK,KS,ACE,CE,Federal Contract Tower,0,7,16,0,23,0,1,17,0,18,0,8,33,0,41,8,0,8,49
02/10/2022,GCK,KS,ACE,CE,Federal Contract Tower,0,5,13,0,18,0,3,13,0,16,0,8,26,0,34,22,0,22,56
02/11/2022,GCK,KS,ACE,CE,Federal Contract Tower,0,13,16,2,31,0,2,19,0,21,0,15,35,2,52,6,4,10,62
02/12/2022,GCK,KS,ACE,CE,Federal Contract Tower,0,5,14,0,19,0,1,9,0,10,0,6,23,0,29,14,0,14,43
02/13/2022,GCK,KS,ACE,CE,Federal Contract Tower,0,2,8,0,10,0,2,10,0,12,0,4,18,0,22,12,0,12,34
02/14/2022,GCK,KS,ACE,CE,Federal Contract Tower,0,3,16,4,23,0,2,9,1,12,0,5,25,5,35,6,14,20,55
02/15/2022,GCK,KS,ACE,CE,Federal Contract Tower,0,4,5,0,9,0,0,12,0,12,0,4,17,0,21,14,0,14,35
02/16/2022,GCK,KS,ACE,CE,Federal Contract Tower,0,9,14,5,28,0,0,16,0,16,0,9,30,5,44,14,2,16,60
02/17/2022,GCK,KS,ACE,CE,Federal Contract Tower,0,7,20,0,27,0,1,4,0,5,0,8,24,0,32,2,0,2,34
02/18/2022,GCK,KS,ACE,CE,Federal Contract Tower,2,8,5,0,15,0,2,14,0,16,2,10,19,0,31,30,0,30,61
02/19/2022,GCK,KS,ACE,CE,Federal Contract Tower,0,5,6,0,11,0,2,6,0,8,0,7,12,0,19,0,0,0,19
02/20/2022,GCK,KS,ACE,CE,Federal Contract Tower,0,7,10,0,17,0,1,16,0,17,0,8,26,0,34,16,0,16,50
02/21/2022,GCK,KS,ACE,CE,Federal Contract Tower,2,6,8,0,16,0,1,18,0,19,2,7,26,0,35,0,0,0,35
02/22/2022,GCK,KS,ACE,CE,Federal Contract Tower,0,12,22,1,35,0,0,7,0,7,0,12,29,1,42,0,6,6,48
02/23/2022,GCK,KS,ACE,CE,Federal Contract Tower,0,4,12,3,19,0,0,6,0,6,0,4,18,3,25,6,4,10,35
02/24/2022,GCK,KS,ACE,CE,Federal Contract Tower,0,5,18,1,24,0,1,5,0,6,0,6,23,1,30,0,2,2,32
02/25/2022,GCK,KS,ACE,CE,Federal Contract Tower,0,6,22,7,35,0,0,12,2,14,0,6,34,9,49,0,36,36,85
02/26/2022,GCK,KS,ACE,CE,Federal Contract Tower,0,8,8,0,16,0,0,14,0,14,0,8,22,0,30,4,0,4,34
02/27/2022,GCK,KS,ACE,CE,Federal Contract Tower,0,2,8,5,15,0,2,14,2,18,0,4,22,7,33,6,8,14,47
02/28/2022,GCK,KS,ACE,CE,Federal Contract Tower,0,7,9,0,16,0,2,16,2,20,0,9,25,2,36,36,0,36,72
03/01/2022,GCK,KS,ACE,CE,Federal Contract Tower,0,8,10,1,19,0,0,17,0,17,0,8,27,1,36,6,2,8,44
03/02/2022,GCK,KS,ACE,CE,Federal Contract Tower,0,15,10,3,28,0,3,15,1,19,0,18,25,4,47,20,6,26,73
03/03/2022,GCK,KS,ACE,CE,Federal Contract Tower,0,11,13,0,24,0,1,17,2,20,0,12,30,2,44,14,0,14,58
03/04/2022,GCK,KS,ACE,CE,Federal Contract Tower,0,4,6,0,10,0,0,4,0,4,0,4,10,0,14,4,0,4,18
03/05/2022,GCK,KS,ACE,CE,Federal Contract Tower,0,4,9,0,13,0,0,1,0,1,0,4,10,0,14,0,0,0,14
03/06/2022,GCK,KS,ACE,CE,Federal Contract Tower,0,3,21,0,24,0,1,3,0,4,0,4,24,0,28,0,0,0,28
03/07/2022,GCK,KS,ACE,CE,Federal Contract Tower,0,10,10,0,20,0,0,16,0,16,0,10,26,0,36,2,0,2,38
03/08/2022,GCK,KS,ACE,CE,Federal Contract Tower,0,6,6,0,12,0,0,12,6,18,0,6,18,6,30,0,0,0,30
03/09/2022,GCK,KS,ACE,CE,Federal Contract Tower,0,8,10,0,18,0,2,7,0,9,0,10,17,0,27,4,0,4,31
03/10/2022,GCK,KS,ACE,CE,Federal Contract Tower,0,9,7,0,16,0,0,1,0,1,0,9,8,0,17,0,0,0,17
03/11/2022,GCK,KS,ACE,CE,Federal Contract Tower,0,4,16,5,25,0,4,20,0,24,0,8,36,5,49,10,84,94,143
03/12/2022,GCK,KS,ACE,CE,Federal Contract Tower,0,5,12,0,17,0,5,7,0,12,0,10,19,0,29,8,0,8,37
03/13/2022,GCK,KS,ACE,CE,Federal Contract Tower,0,2,10,0,12,0,4,12,0,16,0,6,22,0,28,0,0,0,28
03/14/2022,GCK,KS,ACE,CE,Federal Contract Tower,0,5,7,0,12,0,1,5,0,6,0,6,12,0,18,0,0,0,18
03/15/2022,GCK,KS,ACE,CE,Federal Contract Tower,0,6,20,5,31,0,2,11,0,13,0,8,31,5,44,30,0,30,74
03/16/2022,GCK,KS,ACE,CE,Federal Contract Tower,0,4,18,1,23,0,0,12,1,13,0,4,30,2,36,0,0,0,36
03/17/2022,GCK,KS,ACE,CE,Federal Contract Tower,0,3,9,0,12,0,1,1,0,2,0,4,10,0,14,0,0,0,14
03/18/2022,GCK,KS,ACE,CE,Federal Contract Tower,2,7,29,0,38,0,1,16,0,17,2,8,45,0,55,6,0,6,61
03/19/2022,GCK,KS,ACE,CE,Federal Contract Tower,0,5,16,0,21,0,0,17,0,17,0,5,33,0,38,4,0,4,42
03/20/2022,GCK,KS,ACE,CE,Federal Contract Tower,0,2,17,0,19,0,0,5,0,5,0,2,22,0,24,0,0,0,24
03/21/2022,GCK,KS,ACE,CE,Federal Contract Tower,0,1,11,0,12,0,0,4,0,4,0,1,15,0,16,2,0,2,18
03/22/2022,GCK,KS,ACE,CE,Federal Contract Tower,2,8,7,2,19,0,1,2,0,3,2,9,9,2,22,0,4,4,26
03/23/2022,GCK,KS,ACE,CE,Federal Contract Tower,0,9,8,0,17,0,0,5,0,5,0,9,13,0,22,0,0,0,22
03/24/2022,GCK,KS,ACE,CE,Federal Contract Tower,0,9,14,2,25,0,1,12,0,13,0,10,26,2,38,10,8,18,56
03/25/2022,GCK,KS,ACE,CE,Federal Contract Tower,0,10,13,0,23,0,2,16,0,18,0,12,29,0,41,0,0,0,41
03/26/2022,GCK,KS,ACE,CE,Federal Contract Tower,0,3,4,2,9,0,7,10,0,17,0,10,14,2,26,0,0,0,26
03/27/2022,GCK,KS,ACE,CE,Federal Contract Tower,0,4,6,0,10,0,3,10,0,13,0,7,16,0,23,6,0,6,29
03/28/2022,GCK,KS,ACE,CE,Federal Contract Tower,0,7,12,0,19,0,1,19,0,20,0,8,31,0,39,8,0,8,47
03/29/2022,GCK,KS,ACE,CE,Federal Contract Tower,0,4,4,0,8,0,1,2,0,3,0,5,6,0,11,0,0,0,11
03/30/2022,GCK,KS,ACE,CE,Federal Contract Tower,0,7,10,0,17,0,0,0,0,0,0,7,10,0,17,0,0,0,17
03/31/2022,GCK,KS,ACE,CE,Federal Contract Tower,0,6,15,0,21,0,0,14,0,14,0,6,29,0,35,2,0,2,37
04/01/2022,GCK,KS,ACE,CE,Federal Contract Tower,0,7,12,2,21,0,2,7,0,9,0,9,19,2,30,32,0,32,62
04/02/2022,GCK,KS,ACE,CE,Federal Contract Tower,0,3,9,0,12,0,2,8,0,10,0,5,17,0,22,6,0,6,28
04/03/2022,GCK,KS,ACE,CE,Federal Contract Tower,0,6,3,0,9,0,1,7,0,8,0,7,10,0,17,2,0,2,19
04/04/2022,GCK,KS,ACE,CE,Federal Contract Tower,0,9,9,2,20,0,1,24,0,25,0,10,33,2,45,2,6,8,53
04/05/2022,GCK,KS,ACE,CE,Federal Contract Tower,0,7,18,0,25,0,0,8,0,8,0,7,26,0,33,0,0,0,33
04/06/2022,GCK,KS,ACE,CE,Federal Contract Tower,0,5,11,0,16,0,0,2,0,2,0,5,13,0,18,0,0,0,18
04/07/2022,GCK,KS,ACE,CE,Federal Contract Tower,2,6,10,0,18,0,1,0,0,1,2,7,10,0,19,0,0,0,19
04/08/2022,GCK,KS,ACE,CE,Federal Contract Tower,0,7,13,0,20,3,8,0,0,11,3,15,13,0,31,0,0,0,31
04/09/2022,GCK,KS,ACE,CE,Federal Contract Tower,0,3,4,0,7,0,5,15,0,20,0,8,19,0,27,2,0,2,29
04/10/2022,GCK,KS,ACE,CE,Federal Contract Tower,0,5,6,0,11,0,4,6,1,11,0,9,12,1,22,0,0,0,22
04/11/2022,GCK,KS,ACE,CE,Federal Contract Tower,2,8,12,0,22,0,4,17,0,21,2,12,29,0,43,10,0,10,53
04/12/2022,GCK,KS,ACE,CE,Federal Contract Tower,0,7,8,0,15,0,1,2,0,3,0,8,10,0,18,0,0,0,18
04/13/2022,GCK,KS,ACE,CE,Federal Contract Tower,0,15,7,3,25,0,3,8,0,11,0,18,15,3,36,14,20,34,70
04/14/2022,GCK,KS,ACE,CE,Federal Contract Tower,0,8,4,0,12,0,4,10,0,14,0,12,14,0,26,0,0,0,26
04/15/2022,GCK,KS,ACE,CE,Federal Contract Tower,0,9,14,4,27,0,2,29,3,34,0,11,43,7,61,0,14,14,75
04/16/2022,GCK,KS,ACE,CE,Federal Contract Tower,0,4,2,12,18,0,2,2,5,9,0,6,4,17,27,0,2,2,29
04/17/2022,GCK,KS,ACE,CE,Federal Contract Tower,0,7,6,0,13,0,0,8,0,8,0,7,14,0,21,0,0,0,21
04/18/2022,GCK,KS,ACE,CE,Federal Contract Tower,0,4,16,1,21,0,3,17,0,20,0,7,33,1,41,4,0,4,45
04/19/2022,GCK,KS,ACE,CE,Federal Contract Tower,0,11,16,0,27,0,3,5,0,8,0,14,21,0,35,0,0,0,35
04/20/2022,GCK,KS,ACE,CE,Federal Contract Tower,0,10,12,0,22,0,2,19,0,21,0,12,31,0,43,4,0,4,47
04/21/2022,GCK,KS,ACE,CE,Federal Contract Tower,0,6,21,4,31,0,2,41,0,43,0,8,62,4,74,0,0,0,74
04/22/2022,GCK,KS,ACE,CE,Federal Contract Tower,0,3,9,4,16,0,0,2,4,6,0,3,11,8,22,0,10,10,32
04/23/2022,GCK,KS,ACE,CE,Federal Contract Tower,0,7,3,0,10,0,1,3,2,6,0,8,6,2,16,8,0,8,24
04/24/2022,GCK,KS,ACE,CE,Federal Contract Tower,0,2,11,0,13,0,1,4,0,5,0,3,15,0,18,6,0,6,24
04/25/2022,GCK,KS,ACE,CE,Federal Contract Tower,0,7,6,5,18,0,0,45,1,46,0,7,51,6,64,0,42,42,106
04/26/2022,GCK,KS,ACE,CE,Federal Contract Tower,0,10,9,0,19,0,0,7,0,7,0,10,16,0,26,0,0,0,26
04/27/2022,GCK,KS,ACE,CE,Federal Contract Tower,0,9,10,2,21,0,0,15,0,15,0,9,25,2,36,4,44,48,84
04/28/2022,GCK,KS,ACE,CE,Federal Contract Tower,0,7,8,0,15,0,1,51,0,52,0,8,59,0,67,0,0,0,67
04/29/2022,GCK,KS,ACE,CE,Federal Contract Tower,0,4,8,3,15,0,0,11,0,11,0,4,19,3,26,2,4,6,32
04/30/2022,GCK,KS,ACE,CE,Federal Contract Tower,0,5,10,0,15,0,1,4,0,5,0,6,14,0,20,0,0,0,20
05/01/2022,GCK,KS,ACE,CE,Federal Contract Tower,0,5,5,2,12,0,7,15,1,23,0,12,20,3,35,4,5,9,44
05/02/2022,GCK,KS,ACE,CE,Federal Contract Tower,0,9,7,0,16,0,0,0,0,0,0,9,7,0,16,0,0,0,16
05/03/2022,GCK,KS,ACE,CE,Federal Contract Tower,0,6,21,0,27,0,0,22,3,25,0,6,43,3,52,0,6,6,58
05/04/2022,GCK,KS,ACE,CE,Federal Contract Tower,0,10,7,0,17,0,0,0,0,0,0,10,7,0,17,0,0,0,17
05/05/2022,GCK,KS,ACE,CE,Federal Contract Tower,0,12,18,0,30,0,0,3,0,3,0,12,21,0,33,12,0,12,45
05/06/2022,GCK,KS,ACE,CE,Federal Contract Tower,0,14,13,10,37,0,8,30,7,45,0,22,43,17,82,16,0,16,98
05/07/2022,GCK,KS,ACE,CE,Federal Contract Tower,0,4,5,0,9,0,0,8,4,12,0,4,13,4,21,0,0,0,21
05/08/2022,GCK,KS,ACE,CE,Federal Contract Tower,0,6,4,0,10,0,0,17,3,20,0,6,21,3,30,2,0,2,32
05/09/2022,GCK,KS,ACE,CE,Federal Contract Tower,0,4,8,0,12,0,1,4,0,5,0,5,12,0,17,0,0,0,17
05/10/2022,GCK,KS,ACE,CE,Federal Contract Tower,0,8,14,2,24,0,1,46,0,47,0,9,60,2,71,1,0,1,72
05/11/2022,GCK,KS,ACE,CE,Federal Contract Tower,0,8,12,0,20,0,6,11,2,19,0,14,23,2,39,0,0,0,39
05/12/2022,GCK,KS,ACE,CE,Federal Contract Tower,0,8,12,0,20,0,0,2,0,2,0,8,14,0,22,0,0,0,22
05/13/2022,GCK,KS,ACE,CE,Federal Contract Tower,0,6,18,0,24,0,2,47,0,49,0,8,65,0,73,4,0,4,77
05/14/2022,GCK,KS,ACE,CE,Federal Contract Tower,0,7,11,0,18,0,2,19,2,23,0,9,30,2,41,22,0,22,63
05/15/2022,GCK,KS,ACE,CE,Federal Contract Tower,0,4,13,6,23,0,1,10,0,11,0,5,23,6,34,8,12,20,54
05/16/2022,GCK,KS,ACE,CE,Federal Contract Tower,0,11,12,0,23,0,1,14,0,15,0,12,26,0,38,0,0,0,38
05/17/2022,GCK,KS,ACE,CE,Federal Contract Tower,0,12,11,0,23,0,4,36,0,40,0,16,47,0,63,8,0,8,71
05/18/2022,GCK,KS,ACE,CE,Federal Contract Tower,0,5,13,0,18,0,4,29,0,33,0,9,42,0,51,0,0,0,51
05/19/2022,GCK,KS,ACE,CE,Federal Contract Tower,1,11,12,0,24,29,2,8,0,39,30,13,20,0,63,0,0,0,63
05/20/2022,GCK,KS,ACE,CE,Federal Contract Tower,0,5,17,0,22,0,0,12,0,12,0,5,29,0,34,0,0,0,34
05/21/2022,GCK,KS,ACE,CE,Federal Contract Tower,0,5,8,4,17,0,1,6,0,7,0,6,14,4,24,2,6,8,32
05/22/2022,GCK,KS,ACE,CE,Federal Contract Tower,0,7,1,0,8,0,6,9,0,15,0,13,10,0,23,0,0,0,23
05/23/2022,GCK,KS,ACE,CE,Federal Contract Tower,2,3,6,0,11,0,0,1,0,1,2,3,7,0,12,0,0,0,12
05/24/2022,GCK,KS,ACE,CE,Federal Contract Tower,0,9,5,0,14,0,0,0,0,0,0,9,5,0,14,0,0,0,14
05/25/2022,GCK,KS,ACE,CE,Federal Contract Tower,0,6,11,7,24,0,0,4,0,4,0,6,15,7,28,10,20,30,58
05/26/2022,GCK,KS,ACE,CE,Federal Contract Tower,0,10,15,0,25,0,1,21,0,22,0,11,36,0,47,6,0,6,53
05/27/2022,GCK,KS,ACE,CE,Federal Contract Tower,0,6,14,0,20,0,4,24,2,30,0,10,38,2,50,12,0,12,62
05/28/2022,GCK,KS,ACE,CE,Federal Contract Tower,0,0,0,0,0,0,2,10,0,12,0,2,10,0,12,0,0,0,12
05/29/2022,GCK,KS,ACE,CE,Federal Contract Tower,0,5,8,2,15,0,3,5,0,8,0,8,13,2,23,0,2,2,25
05/30/2022,GCK,KS,ACE,CE,Federal Contract Tower,0,1,5,0,6,0,1,8,0,9,0,2,13,0,15,0,0,0,15
05/31/2022,GCK,KS,ACE,CE,Federal Contract Tower,0,2,16,0,18,0,1,9,0,10,0,3,25,0,28,4,0,4,32
06/01/2022,GCK,KS,ACE,CE,Federal Contract Tower,0,6,15,0,21,0,0,8,0,8,0,6,23,0,29,0,0,0,29
06/02/2022,GCK,KS,ACE,CE,Federal Contract Tower,0,7,14,2,23,0,4,21,0,25,0,11,35,2,48,2,0,2,50
06/03/2022,GCK,KS,ACE,CE,Federal Contract Tower,0,5,14,4,23,0,0,7,0,7,0,5,21,4,30,0,0,0,30
06/04/2022,GCK,KS,ACE,CE,Federal Contract Tower,0,5,6,0,11,0,2,6,0,8,0,7,12,0,19,0,0,0,19
06/05/2022,GCK,KS,ACE,CE,Federal Contract Tower,0,4,20,0,24,0,1,13,0,14,0,5,33,0,38,0,0,0,38
06/06/2022,GCK,KS,ACE,CE,Federal Contract Tower,0,7,7,0,14,0,1,14,0,15,0,8,21,0,29,0,0,0,29
06/07/2022,GCK,KS,ACE,CE,Federal Contract Tower,0,8,11,4,23,0,3,13,0,16,0,11,24,4,39,14,6,20,59
06/08/2022,GCK,KS,ACE,CE,Federal Contract Tower,0,9,20,4,33,0,4,13,0,17,0,13,33,4,50,16,3,19,69
06/09/2022,GCK,KS,ACE,CE,Federal Contract Tower,0,10,11,2,23,0,8,12,0,20,0,18,23,2,43,22,0,22,65
06/10/2022,GCK,KS,ACE,CE,Federal Contract Tower,0,6,17,1,24,0,1,37,0,38,0,7,54,1,62,2,0,2,64
06/11/2022,GCK,KS,ACE,CE,Federal Contract Tower,0,7,6,0,13,0,2,14,0,16,0,9,20,0,29,0,0,0,29
06/12/2022,GCK,KS,ACE,CE,Federal Contract Tower,0,2,7,1,10,0,2,10,1,13,0,4,17,2,23,2,12,14,37
06/13/2022,GCK,KS,ACE,CE,Federal Contract Tower,0,5,9,1,15,0,0,14,1,15,0,5,23,2,30,4,0,4,34
06/14/2022,GCK,KS,ACE,CE,Federal Contract Tower,0,6,10,0,16,0,1,29,0,30,0,7,39,0,46,0,0,0,46
06/15/2022,GCK,KS,ACE,CE,Federal Contract Tower,0,5,11,2,18,0,0,16,10,26,0,5,27,12,44,0,12,12,56
06/16/2022,GCK,KS,ACE,CE,Federal Contract Tower,0,7,9,0,16,0,2,24,0,26,0,9,33,0,42,0,0,0,42
06/17/2022,GCK,KS,ACE,CE,Federal Contract Tower,0,6,10,0,16,0,7,23,0,30,0,13,33,0,46,0,0,0,46
06/18/2022,GCK,KS,ACE,CE,Federal Contract Tower,0,3,6,0,9,0,8,19,0,27,0,11,25,0,36,10,0,10,46
06/19/2022,GCK,KS,ACE,CE,Federal Contract Tower,0,7,3,0,10,0,2,8,0,10,0,9,11,0,20,0,0,0,20
06/20/2022,GCK,KS,ACE,CE,Federal Contract Tower,0,3,11,0,14,0,1,7,1,9,0,4,18,1,23,0,0,0,23
06/21/2022,GCK,KS,ACE,CE,Federal Contract Tower,0,4,10,0,14,0,1,24,0,25,0,5,34,0,39,2,0,2,41
06/22/2022,GCK,KS,ACE,CE,Federal Contract Tower,0,5,4,0,9,0,0,25,2,27,0,5,29,2,36,0,0,0,36
06/23/2022,GCK,KS,ACE,CE,Federal Contract Tower,0,8,12,0,20,0,2,12,0,14,0,10,24,0,34,0,0,0,34
06/24/2022,GCK,KS,ACE,CE,Federal Contract Tower,0,9,8,3,20,0,3,24,0,27,0,12,32,3,47,0,2,2,49
06/25/2022,GCK,KS,ACE,CE,Federal Contract Tower,0,4,2,0,6,0,2,11,0,13,0,6,13,0,19,2,0,2,21
06/26/2022,GCK,KS,ACE,CE,Federal Contract Tower,0,4,7,0,11,0,2,4,0,6,0,6,11,0,17,4,0,4,21
06/27/2022,GCK,KS,ACE,CE,Federal Contract Tower,0,3,5,0,8,0,2,18,0,20,0,5,23,0,28,8,0,8,36
06/28/2022,GCK,KS,ACE,CE,Federal Contract Tower,0,6,9,0,15,0,1,22,1,24,0,7,31,1,39,14,2,16,55
06/29/2022,GCK,KS,ACE,CE,Federal Contract Tower,0,4,14,0,18,0,4,26,0,30,0,8,40,0,48,0,0,0,48
06/30/2022,GCK,KS,ACE,CE,Federal Contract Tower,0,9,13,0,22,0,2,25,0,27,0,11,38,0,49,0,0,0,49
07/01/2022,GCK,KS,ACE,CE,Federal Contract Tower,0,6,11,0,17,0,1,48,0,49,0,7,59,0,66,18,0,18,84
07/02/2022,GCK,KS,ACE,CE,Federal Contract Tower,0,5,13,0,18,0,0,14,0,14,0,5,27,0,32,20,0,20,52
07/03/2022,GCK,KS,ACE,CE,Federal Contract Tower,0,5,5,0,10,0,0,9,0,9,0,5,14,0,19,8,0,8,27
07/04/2022,GCK,KS,ACE,CE,Federal Contract Tower,0,2,1,0,3,0,4,19,0,23,0,6,20,0,26,18,0,18,44
07/05/2022,GCK,KS,ACE,CE,Federal Contract Tower,0,7,9,0,16,0,3,30,0,33,0,10,39,0,49,0,0,0,49
07/06/2022,GCK,KS,ACE,CE,Federal Contract Tower,0,7,16,0,23,0,3,42,0,45,0,10,58,0,68,0,0,0,68
07/07/2022,GCK,KS,ACE,CE,Federal Contract Tower,0,7,9,2,18,0,3,49,0,52,0,10,58,2,70,22,0,22,92
07/08/2022,GCK,KS,ACE,CE,Federal Contract Tower,0,10,7,1,18,0,1,37,0,38,0,11,44,1,56,0,2,2,58
07/09/2022,GCK,KS,ACE,CE,Federal Contract Tower,0,5,7,0,12,0,4,38,0,42,0,9,45,0,54,0,0,0,54
07/10/2022,GCK,KS,ACE,CE,Federal Contract Tower,0,6,5,0,11,0,4,26,0,30,0,10,31,0,41,10,0,10,51
07/11/2022,GCK,KS,ACE,CE,Federal Contract Tower,0,4,13,0,17,0,0,32,0,32,0,4,45,0,49,0,0,0,49
07/12/2022,GCK,KS,ACE,CE,Federal Contract Tower,0,4,8,0,12,0,1,91,0,92,0,5,99,0,104,0,0,0,104
07/13/2022,GCK,KS,ACE,CE,Federal Contract Tower,0,5,6,0,11,0,2,52,0,54,0,7,58,0,65,10,0,10,75
07/14/2022,GCK,KS,ACE,CE,Federal Contract Tower,0,4,9,0,13,0,2,46,0,48,0,6,55,0,61,12,0,12,73
07/15/2022,GCK,KS,ACE,CE,Federal Contract Tower,2,8,10,3,23,1,5,66,0,72,3,13,76,3,95,8,8,16,111
07/16/2022,GCK,KS,ACE,CE,Federal Contract Tower,1,6,9,4,20,1,0,65,0,66,2,6,74,4,86,0,4,4,90
07/17/2022,GCK,KS,ACE,CE,Federal Contract Tower,0,4,11,3,18,0,6,115,1,122,0,10,126,4,140,0,4,4,144
07/18/2022,GCK,KS,ACE,CE,Federal Contract Tower,0,10,10,0,20,5,5,62,0,72,5,15,72,0,92,8,0,8,100
07/19/2022,GCK,KS,ACE,CE,Federal Contract Tower,0,5,12,0,17,0,0,61,2,63,0,5,73,2,80,8,6,14,94
07/20/2022,GCK,KS,ACE,CE,Federal Contract Tower,2,4,12,0,18,0,0,81,0,81,2,4,93,0,99,18,0,18,117
07/21/2022,GCK,KS,ACE,CE,Federal Contract Tower,1,6,14,0,21,1,4,68,0,73,2,10,82,0,94,0,0,0,94
07/22/2022,GCK,KS,ACE,CE,Federal Contract Tower,0,5,16,0,21,0,0,36,0,36,0,5,52,0,57,0,0,0,57
07/23/2022,GCK,KS,ACE,CE,Federal Contract Tower,0,7,12,0,19,0,0,21,0,21,0,7,33,0,40,0,0,0,40
07/24/2022,GCK,KS,ACE,CE,Federal Contract Tower,0,6,5,0,11,0,3,25,0,28,0,9,30,0,39,0,0,0,39
07/25/2022,GCK,KS,ACE,CE,Federal Contract Tower,0,11,13,0,24,0,2,65,0,67,0,13,78,0,91,6,0,6,97
07/26/2022,GCK,KS,ACE,CE,Federal Contract Tower,0,4,12,0,16,0,0,29,0,29,0,4,41,0,45,1,0,1,46
07/27/2022,GCK,KS,ACE,CE,Federal Contract Tower,0,10,10,0,20,0,0,32,0,32,0,10,42,0,52,2,0,2,54
07/28/2022,GCK,KS,ACE,CE,Federal Contract Tower,0,9,10,0,19,0,0,23,0,23,0,9,33,0,42,0,0,0,42
07/29/2022,GCK,KS,ACE,CE,Federal Contract Tower,0,5,12,0,17,0,0,0,0,0,0,5,12,0,17,0,0,0,17
07/30/2022,GCK,KS,ACE,CE,Federal Contract Tower,0,8,7,0,15,0,0,8,0,8,0,8,15,0,23,0,0,0,23
07/31/2022,GCK,KS,ACE,CE,Federal Contract Tower,0,7,11,1,19,0,5,17,1,23,0,12,28,2,42,0,0,0,42
08/01/2022,GCK,KS,ACE,CE,Federal Contract Tower,0,7,15,2,24,0,3,37,0,40,0,10,52,2,64,0,2,2,66
08/02/2022,GCK,KS,ACE,CE,Federal Contract Tower,0,7,12,0,19,0,4,21,0,25,0,11,33,0,44,8,4,12,56
08/03/2022,GCK,KS,ACE,CE,Federal Contract Tower,0,6,17,2,25,0,8,45,0,53,0,14,62,2,78,0,0,0,78
08/04/2022,GCK,KS,ACE,CE,Federal Contract Tower,0,5,13,0,18,1,2,19,0,22,1,7,32,0,40,10,0,10,50
08/05/2022,GCK,KS,ACE,CE,Federal Contract Tower,0,5,15,8,28,0,3,21,0,24,0,8,36,8,52,14,14,28,80
08/06/2022,GCK,KS,ACE,CE,Federal Contract Tower,0,5,4,0,9,0,6,25,0,31,0,11,29,0,40,4,0,4,44
08/07/2022,GCK,KS,ACE,CE,Federal Contract Tower,0,2,6,0,8,0,2,29,0,31,0,4,35,0,39,4,0,4,43
08/08/2022,GCK,KS,ACE,CE,Federal Contract Tower,0,5,17,2,24,0,4,22,0,26,0,9,39,2,50,10,0,10,60
08/09/2022,GCK,KS,ACE,CE,Federal Contract Tower,0,7,11,0,18,0,4,22,0,26,0,11,33,0,44,4,0,4,48
08/10/2022,GCK,KS,ACE,CE,Federal Contract Tower,0,7,5,0,12,0,2,39,10,51,0,9,44,10,63,4,0,4,67
08/11/2022,GCK,KS,ACE,CE,Federal Contract Tower,0,7,13,0,20,0,1,26,0,27,0,8,39,0,47,2,0,2,49
08/12/2022,GCK,KS,ACE,CE,Federal Contract Tower,0,7,5,10,22,0,2,37,0,39,0,9,42,10,61,6,24,30,91
08/13/2022,GCK,KS,ACE,CE,Federal Contract Tower,0,3,8,2,13,0,2,13,2,17,0,5,21,4,30,0,0,0,30
08/14/2022,GCK,KS,ACE,CE,Federal Contract Tower,0,5,8,8,21,0,1,3,3,7,0,6,11,11,28,0,24,24,52
08/15/2022,GCK,KS,ACE,CE,Federal Contract Tower,0,7,9,0,16,0,0,28,0,28,0,7,37,0,44,10,6,16,60
08/16/2022,GCK,KS,ACE,CE,Federal Contract Tower,0,8,11,4,23,0,3,18,1,22,0,11,29,5,45,12,2,14,59
08/17/2022,GCK,KS,ACE,CE,Federal Contract Tower,1,8,17,0,26,0,1,15,2,18,1,9,32,2,44,0,0,0,44
08/18/2022,GCK,KS,ACE,CE,Federal Contract Tower,0,7,10,4,21,0,1,31,0,32,0,8,41,4,53,4,22,26,79
08/19/2022,GCK,KS,ACE,CE,Federal Contract Tower,0,12,14,0,26,0,3,7,0,10,0,15,21,0,36,4,0,4,40
08/20/2022,GCK,KS,ACE,CE,Federal Contract Tower,0,5,5,4,14,0,1,11,5,17,0,6,16,9,31,8,2,10,41
08/21/2022,GCK,KS,ACE,CE,Federal Contract Tower,2,7,5,1,15,0,0,9,5,14,2,7,14,6,29,0,0,0,29
08/22/2022,GCK,KS,ACE,CE,Federal Contract Tower,0,11,11,0,22,0,1,18,0,19,0,12,29,0,41,0,0,0,41
08/23/2022,GCK,KS,ACE,CE,Federal Contract Tower,0,11,7,0,18,0,0,18,0,18,0,11,25,0,36,28,0,28,64
08/24/2022,GCK,KS,ACE,CE,Federal Contract Tower,0,10,15,1,26,0,0,37,0,37,0,10,52,1,63,4,0,4,67
08/25/2022,GCK,KS,ACE,CE,Federal Contract Tower,0,9,11,1,21,0,0,15,0,15,0,9,26,1,36,0,0,0,36
08/26/2022,GCK,KS,ACE,CE,Federal Contract Tower,0,7,13,0,20,0,12,4,0,16,0,19,17,0,36,0,0,0,36
08/27/2022,GCK,KS,ACE,CE,Federal Contract Tower,0,3,7,0,10,0,4,4,4,12,0,7,11,4,22,8,0,8,30
08/28/2022,GCK,KS,ACE,CE,Federal Contract Tower,0,6,7,1,14,0,2,18,0,20,0,8,25,1,34,0,2,2,36
08/29/2022,GCK,KS,ACE,CE,Federal Contract Tower,0,5,12,10,27,0,0,27,20,47,0,5,39,30,74,6,10,16,90
08/30/2022,GCK,KS,ACE,CE,Federal Contract Tower,0,11,7,2,20,0,2,21,0,23,0,13,28,2,43,6,8,14,57
08/31/2022,GCK,KS,ACE,CE,Federal Contract Tower,0,8,10,0,18,0,2,36,0,38,0,10,46,0,56,6,0,6,62
09/01/2022,GCK,KS,ACE,CE,Federal Contract Tower,0,5,18,0,23,0,0,11,0,11,0,5,29,0,34,4,0,4,38
09/02/2022,GCK,KS,ACE,CE,Federal Contract Tower,0,7,12,0,19,0,3,16,0,19,0,10,28,0,38,4,0,4,42
09/03/2022,GCK,KS,ACE,CE,Federal Contract Tower,0,3,7,0,10,0,3,12,0,15,0,6,19,0,25,2,0,2,27
09/04/2022,GCK,KS,ACE,CE,Federal Contract Tower,0,6,2,0,8,0,5,1,0,6,0,11,3,0,14,0,0,0,14
09/05/2022,GCK,KS,ACE,CE,Federal Contract Tower,0,3,9,0,12,0,2,17,0,19,0,5,26,0,31,2,0,2,33
09/06/2022,GCK,KS,ACE,CE,Federal Contract Tower,0,4,6,0,10,0,4,12,0,16,0,8,18,0,26,0,0,0,26
09/07/2022,GCK,KS,ACE,CE,Federal Contract Tower,0,14,7,0,21,0,2,4,0,6,0,16,11,0,27,0,0,0,27
09/08/2022,GCK,KS,ACE,CE,Federal Contract Tower,0,7,6,0,13,0,0,7,0,7,0,7,13,0,20,0,0,0,20
09/09/2022,GCK,KS,ACE,CE,Federal Contract Tower,0,8,11,0,19,0,1,9,0,10,0,9,20,0,29,0,0,0,29
09/10/2022,GCK,KS,ACE,CE,Federal Contract Tower,0,7,11,0,18,0,0,0,0,0,0,7,11,0,18,0,0,0,18
09/11/2022,GCK,KS,ACE,CE,Federal Contract Tower,0,6,3,3,12,0,2,15,0,17,0,8,18,3,29,4,6,10,39
09/12/2022,GCK,KS,ACE,CE,Federal Contract Tower,0,5,7,0,12,0,0,10,0,10,0,5,17,0,22,0,0,0,22
09/13/2022,GCK,KS,ACE,CE,Federal Contract Tower,0,10,4,0,14,0,0,11,0,11,0,10,15,0,25,4,0,4,29
09/14/2022,GCK,KS,ACE,CE,Federal Contract Tower,0,9,6,0,15,0,0,17,0,17,0,9,23,0,32,12,0,12,44
09/15/2022,GCK,KS,ACE,CE,Federal Contract Tower,0,14,7,0,21,0,1,3,0,4,0,15,10,0,25,2,0,2,27
09/16/2022,GCK,KS,ACE,CE,Federal Contract Tower,0,10,14,0,24,0,4,20,0,24,0,14,34,0,48,12,0,12,60
09/17/2022,GCK,KS,ACE,CE,Federal Contract Tower,0,6,6,0,12,0,1,4,0,5,0,7,10,0,17,0,0,0,17
09/18/2022,GCK,KS,ACE,CE,Federal Contract Tower,0,3,7,1,11,0,4,4,1,9,0,7,11,2,20,6,0,6,26
09/19/2022,GCK,KS,ACE,CE,Federal Contract Tower,0,12,3,0,15,0,2,8,0,10,0,14,11,0,25,0,0,0,25
09/20/2022,GCK,KS,ACE,CE,Federal Contract Tower,0,7,8,0,15,0,1,12,0,13,0,8,20,0,28,0,0,0,28
09/21/2022,GCK,KS,ACE,CE,Federal Contract Tower,0,10,16,0,26,0,1,9,6,16,0,11,25,6,42,18,0,18,60
09/22/2022,GCK,KS,ACE,CE,Federal Contract Tower,0,7,12,0,19,0,0,0,0,0,0,7,12,0,19,0,0,0,19
09/23/2022,GCK,KS,ACE,CE,Federal Contract Tower,0,5,16,0,21,0,3,28,0,31,0,8,44,0,52,34,0,34,86
09/24/2022,GCK,KS,ACE,CE,Federal Contract Tower,0,5,4,0,9,0,0,6,2,8,0,5,10,2,17,0,0,0,17
09/25/2022,GCK,KS,ACE,CE,Federal Contract Tower,0,4,2,0,6,0,2,6,0,8,0,6,8,0,14,0,0,0,14
09/26/2022,GCK,KS,ACE,CE,Federal Contract Tower,0,7,10,0,17,0,2,15,0,17,0,9,25,0,34,0,0,0,34
09/27/2022,GCK,KS,ACE,CE,Federal Contract Tower,0,9,8,0,17,0,1,14,0,15,0,10,22,0,32,2,0,2,34
09/28/2022,GCK,KS,ACE,CE,Federal Contract Tower,0,7,5,0,12,0,4,20,0,24,0,11,25,0,36,2,0,2,38
09/29/2022,GCK,KS,ACE,CE,Federal Contract Tower,0,7,4,0,11,0,3,12,0,15,0,10,16,0,26,24,0,24,50
09/30/2022,GCK,KS,ACE,CE,Federal Contract Tower,0,10,13,1,24,0,0,13,1,14,0,10,26,2,38,8,0,8,46
10/01/2022,GCK,KS,ACE,CE,Federal Contract Tower,0,9,11,2,22,0,2,12,2,16,0,11,23,4,38,2,4,6,44
10/02/2022,GCK,KS,ACE,CE,Federal Contract Tower,0,2,12,0,14,0,0,5,0,5,0,2,17,0,19,0,0,0,19
10/03/2022,GCK,KS,ACE,CE,Federal Contract Tower,0,5,7,0,12,0,1,5,4,10,0,6,12,4,22,0,0,0,22
10/04/2022,GCK,KS,ACE,CE,Federal Contract Tower,0,8,6,2,16,0,5,7,0,12,0,13,13,2,28,4,4,8,36
10/05/2022,GCK,KS,ACE,CE,Federal Contract Tower,0,7,4,0,11,0,2,6,0,8,0,9,10,0,19,8,0,8,27
10/06/2022,GCK,KS,ACE,CE,Federal Contract Tower,0,6,10,3,19,0,3,12,0,15,0,9,22,3,34,10,6,16,50
10/07/2022,GCK,KS,ACE,CE,Federal Contract Tower,0,11,9,2,22,0,3,6,0,9,0,14,15,2,31,0,0,0,31
10/08/2022,GCK,KS,ACE,CE,Federal Contract Tower,0,4,10,0,14,0,0,3,0,3,0,4,13,0,17,0,0,0,17
10/09/2022,GCK,KS,ACE,CE,Federal Contract Tower,0,4,15,0,19,0,2,20,0,22,0,6,35,0,41,6,0,6,47
10/10/2022,GCK,KS,ACE,CE,Federal Contract Tower,0,5,13,0,18,0,1,16,0,17,0,6,29,0,35,14,0,14,49
10/11/2022,GCK,KS,ACE,CE,Federal Contract Tower,0,7,8,0,15,0,0,11,2,13,0,7,19,2,28,10,0,10,38
10/12/2022,GCK,KS,ACE,CE,Federal Contract Tower,0,8,12,0,20,0,0,14,0,14,0,8,26,0,34,4,0,4,38
10/13/2022,GCK,KS,ACE,CE,Federal Contract Tower,0,10,13,2,25,0,4,7,0,11,0,14,20,2,36,10,0,10,46
10/14/2022,GCK,KS,ACE,CE,Federal Contract Tower,0,8,7,0,15,0,2,30,3,35,0,10,37,3,50,0,0,0,50
10/15/2022,GCK,KS,ACE,CE,Federal Contract Tower,0,5,4,0,9,0,4,14,2,20,0,9,18,2,29,6,0,6,35
10/16/2022,GCK,KS,ACE,CE,Federal Contract Tower,0,3,8,7,18,0,2,9,0,11,0,5,17,7,29,4,12,16,45
10/17/2022,GCK,KS,ACE,CE,Federal Contract Tower,0,7,3,0,10,0,3,11,0,14,0,10,14,0,24,12,0,12,36
10/18/2022,GCK,KS,ACE,CE,Federal Contract Tower,0,10,6,1,17,0,2,16,2,20,0,12,22,3,37,4,2,6,43
10/19/2022,GCK,KS,ACE,CE,Federal Contract Tower,0,7,14,0,21,0,0,18,0,18,0,7,32,0,39,20,0,20,59
10/20/2022,GCK,KS,ACE,CE,Federal Contract Tower,0,9,11,0,20,0,2,17,0,19,0,11,28,0,39,6,0,6,45
10/21/2022,GCK,KS,ACE,CE,Federal Contract Tower,0,8,9,1,18,0,3,10,0,13,0,11,19,1,31,4,4,8,39
10/22/2022,GCK,KS,ACE,CE,Federal Contract Tower,0,5,6,0,11,0,2,6,0,8,0,7,12,0,19,0,0,0,19
10/23/2022,GCK,KS,ACE,CE,Federal Contract Tower,0,1,3,0,4,0,1,0,0,1,0,2,3,0,5,0,0,0,5
10/24/2022,GCK,KS,ACE,CE,Federal Contract Tower,0,5,11,2,18,0,1,9,0,10,0,6,20,2,28,0,0,0,28
10/25/2022,GCK,KS,ACE,CE,Federal Contract Tower,0,10,9,0,19,0,2,13,0,15,0,12,22,0,34,0,0,0,34
10/26/2022,GCK,KS,ACE,CE,Federal Contract Tower,2,10,10,4,26,0,1,14,2,17,2,11,24,6,43,8,20,28,71
10/27/2022,GCK,KS,ACE,CE,Federal Contract Tower,0,11,17,0,28,0,2,11,0,13,0,13,28,0,41,12,0,12,53
10/28/2022,GCK,KS,ACE,CE,Federal Contract Tower,0,9,10,9,28,0,3,9,0,12,0,12,19,9,40,2,12,14,54
10/29/2022,GCK,KS,ACE,CE,Federal Contract Tower,0,6,12,1,19,0,11,1,0,12,0,17,13,1,31,6,2,8,39
10/30/2022,GCK,KS,ACE,CE,Federal Contract Tower,2,4,7,3,16,0,3,10,2,15,2,7,17,5,31,6,4,10,41
10/31/2022,GCK,KS,ACE,CE,Federal Contract Tower,0,3,5,0,8,0,4,17,0,21,0,7,22,0,29,0,0,0,29
11/01/2022,GCK,KS,ACE,CE,Federal Contract Tower,0,7,11,0,18,0,2,14,0,16,0,9,25,0,34,6,0,6,40
11/02/2022,GCK,KS,ACE,CE,Federal Contract Tower,0,7,14,0,21,0,0,5,0,5,0,7,19,0,26,0,0,0,26
11/03/2022,GCK,KS,ACE,CE,Federal Contract Tower,0,8,7,3,18,0,3,0,4,7,0,11,7,7,25,18,0,18,43
11/04/2022,GCK,KS,ACE,CE,Federal Contract Tower,0,9,7,0,16,0,3,1,0,4,0,12,8,0,20,0,0,0,20
11/05/2022,GCK,KS,ACE,CE,Federal Contract Tower,0,4,4,0,8,0,7,6,0,13,0,11,10,0,21,0,0,0,21
11/06/2022,GCK,KS,ACE,CE,Federal Contract Tower,0,4,6,2,12,0,2,5,0,7,0,6,11,2,19,0,0,0,19
11/07/2022,GCK,KS,ACE,CE,Federal Contract Tower,0,9,6,0,15,0,4,5,0,9,0,13,11,0,24,0,0,0,24
11/08/2022,GCK,KS,ACE,CE,Federal Contract Tower,0,6,9,0,15,0,0,1,0,1,0,6,10,0,16,0,0,0,16
11/09/2022,GCK,KS,ACE,CE,Federal Contract Tower,0,11,16,0,27,0,0,2,0,2,0,11,18,0,29,0,0,0,29
11/10/2022,GCK,KS,ACE,CE,Federal Contract Tower,0,8,8,0,16,0,2,3,0,5,0,10,11,0,21,0,0,0,21
11/11/2022,GCK,KS,ACE,CE,Federal Contract Tower,0,7,12,0,19,0,2,20,0,22,0,9,32,0,41,6,0,6,47
11/12/2022,GCK,KS,ACE,CE,Federal Contract Tower,0,4,5,0,9,0,0,12,0,12,0,4,17,0,21,0,0,0,21
11/13/2022,GCK,KS,ACE,CE,Federal Contract Tower,0,6,10,0,16,0,1,7,0,8,0,7,17,0,24,0,0,0,24
11/14/2022,GCK,KS,ACE,CE,Federal Contract Tower,0,4,6,0,10,0,0,0,0,0,0,4,6,0,10,0,0,0,10
11/15/2022,GCK,KS,ACE,CE,Federal Contract Tower,0,8,10,1,19,0,2,12,1,15,0,10,22,2,34,12,0,12,46
11/16/2022,GCK,KS,ACE,CE,Federal Contract Tower,0,9,15,0,24,0,10,14,1,25,0,19,29,1,49,12,0,12,61
11/17/2022,GCK,KS,ACE,CE,Federal Contract Tower,0,9,5,1,15,0,0,4,2,6,0,9,9,3,21,0,10,10,31
11/18/2022,GCK,KS,ACE,CE,Federal Contract Tower,0,11,9,12,32,0,4,7,6,17,0,15,16,18,49,22,30,52,101
11/19/2022,GCK,KS,ACE,CE,Federal Contract Tower,0,7,8,0,15,0,4,9,0,13,0,11,17,0,28,0,0,0,28
11/20/2022,GCK,KS,ACE,CE,Federal Contract Tower,0,2,6,0,8,0,7,8,0,15,0,9,14,0,23,2,0,2,25
11/21/2022,GCK,KS,ACE,CE,Federal Contract Tower,0,10,9,0,19,0,3,10,0,13,0,13,19,0,32,22,0,22,54
11/22/2022,GCK,KS,ACE,CE,Federal Contract Tower,0,6,23,0,29,0,2,8,3,13,0,8,31,3,42,0,0,0,42
11/23/2022,GCK,KS,ACE,CE,Federal Contract Tower,0,7,6,0,13,0,1,11,3,15,0,8,17,3,28,2,0,2,30
11/24/2022,GCK,KS,ACE,CE,Federal Contract Tower,0,2,2,0,4,0,0,1,0,1,0,2,3,0,5,0,0,0,5
11/25/2022,GCK,KS,ACE,CE,Federal Contract Tower,0,4,6,0,10,0,2,19,0,21,0,6,25,0,31,0,0,0,31
11/26/2022,GCK,KS,ACE,CE,Federal Contract Tower,0,4,6,0,10,0,2,4,0,6,0,6,10,0,16,0,0,0,16
11/27/2022,GCK,KS,ACE,CE,Federal Contract Tower,0,7,13,0,20,0,1,12,0,13,0,8,25,0,33,0,0,0,33
11/28/2022,GCK,KS,ACE,CE,Federal Contract Tower,0,6,12,2,20,0,4,8,1,13,0,10,20,3,33,4,8,12,45
11/29/2022,GCK,KS,ACE,CE,Federal Contract Tower,0,7,17,0,24,0,1,6,0,7,0,8,23,0,31,0,0,0,31
11/30/2022,GCK,KS,ACE,CE,Federal Contract Tower,2,9,17,0,28,0,0,13,0,13,2,9,30,0,41,2,0,2,43
12/01/2022,GCK,KS,ACE,CE,Federal Contract Tower,2,6,16,0,24,0,4,3,0,7,2,10,19,0,31,16,0,16,47
12/02/2022,GCK,KS,ACE,CE,Federal Contract Tower,2,7,9,0,18,0,0,4,0,4,2,7,13,0,22,0,0,0,22
12/03/2022,GCK,KS,ACE,CE,Federal Contract Tower,3,2,6,2,13,0,1,5,0,6,3,3,11,2,19,2,16,18,37
12/04/2022,GCK,KS,ACE,CE,Federal Contract Tower,2,3,5,0,10,0,4,6,0,10,2,7,11,0,20,0,0,0,20
12/05/2022,GCK,KS,ACE,CE,Federal Contract Tower,2,3,7,2,14,0,0,7,2,9,2,3,14,4,23,0,0,0,23
12/06/2022,GCK,KS,ACE,CE,Federal Contract Tower,2,2,11,4,19,0,6,8,0,14,2,8,19,4,33,0,0,0,33
12/07/2022,GCK,KS,ACE,CE,Federal Contract Tower,2,10,19,10,41,0,0,11,0,11,2,10,30,10,52,10,42,52,104
12/08/2022,GCK,KS,ACE,CE,Federal Contract Tower,2,5,6,0,13,0,1,3,1,5,2,6,9,1,18,2,0,2,20
12/09/2022,GCK,KS,ACE,CE,Federal Contract Tower,2,4,10,9,25,0,0,9,5,14,2,4,19,14,39,4,10,14,53
12/10/2022,GCK,KS,ACE,CE,Federal Contract Tower,2,2,13,2,19,0,2,13,0,15,2,4,26,2,34,8,6,14,48
12/11/2022,GCK,KS,ACE,CE,Federal Contract Tower,2,2,9,2,15,0,0,11,0,11,2,2,20,2,26,2,0,2,28
12/12/2022,GCK,KS,ACE,CE,Federal Contract Tower,2,1,11,2,16,0,0,0,0,0,2,1,11,2,16,0,4,4,20
12/13/2022,GCK,KS,ACE,CE,Federal Contract Tower,2,6,6,0,14,0,2,1,0,3,2,8,7,0,17,0,0,0,17
12/14/2022,GCK,KS,ACE,CE,Federal Contract Tower,2,2,10,0,14,0,0,0,2,2,2,2,10,2,16,2,0,2,18
12/15/2022,GCK,KS,ACE,CE,Federal Contract Tower,2,7,11,0,20,0,1,4,0,5,2,8,15,0,25,0,0,0,25
12/16/2022,GCK,KS,ACE,CE,Federal Contract Tower,2,2,9,1,14,0,2,5,0,7,2,4,14,1,21,0,2,2,23
12/17/2022,GCK,KS,ACE,CE,Federal Contract Tower,2,1,4,1,8,0,4,17,1,22,2,5,21,2,30,4,6,10,40
12/18/2022,GCK,KS,ACE,CE,Federal Contract Tower,2,1,5,0,8,0,6,8,0,14,2,7,13,0,22,8,0,8,30
12/19/2022,GCK,KS,ACE,CE,Federal Contract Tower,2,4,7,0,13,0,3,10,0,13,2,7,17,0,26,0,0,0,26
12/20/2022,GCK,KS,ACE,CE,Federal Contract Tower,2,2,13,2,19,0,3,12,6,21,2,5,25,8,40,4,38,42,82
12/21/2022,GCK,KS,ACE,CE,Federal Contract Tower,2,4,13,0,19,0,0,0,0,0,2,4,13,0,19,0,0,0,19
12/22/2022,GCK,KS,ACE,CE,Federal Contract Tower,2,2,6,0,10,0,1,1,0,2,2,3,7,0,12,0,0,0,12
12/23/2022,GCK,KS,ACE,CE,Federal Contract Tower,2,4,5,0,11,0,2,3,0,5,2,6,8,0,16,0,0,0,16
12/24/2022,GCK,KS,ACE,CE,Federal Contract Tower,2,1,4,0,7,0,0,2,0,2,2,1,6,0,9,0,0,0,9
12/25/2022,GCK,KS,ACE,CE,Federal Contract Tower,4,2,1,0,7,0,2,2,0,4,4,4,3,0,11,0,0,0,11
12/26/2022,GCK,KS,ACE,CE,Federal Contract Tower,2,8,9,0,19,0,2,5,0,7,2,10,14,0,26,2,0,2,28
12/27/2022,GCK,KS,ACE,CE,Federal Contract Tower,2,1,17,2,22,0,4,9,0,13,2,5,26,2,35,0,0,0,35
12/28/2022,GCK,KS,ACE,CE,Federal Contract Tower,2,6,8,0,16,0,2,11,0,13,2,8,19,0,29,12,0,12,41
12/29/2022,GCK,KS,ACE,CE,Federal Contract Tower,2,12,11,0,25,0,0,4,0,4,2,12,15,0,29,0,0,0,29
12/30/2022,GCK,KS,ACE,CE,Federal Contract Tower,2,2,8,0,12,0,3,11,0,14,2,5,19,0,26,0,0,0,26
12/31/2022,GCK,KS,ACE,CE,Federal Contract Tower,2,1,5,0,8,0,3,8,0,11,2,4,13,0,19,0,0,0,19
01/01/2023,GCK,KS,ACE,CE,Federal Contract Tower,3,2,2,0,7,0,2,8,0,10,3,4,10,0,17,4,0,4,21
01/02/2023,GCK,KS,ACE,CE,Federal Contract Tower,2,0,1,0,3,0,0,0,0,0,2,0,1,0,3,0,0,0,3
01/03/2023,GCK,KS,ACE,CE,Federal Contract Tower,2,4,18,0,24,0,1,2,0,3,2,5,20,0,27,0,0,0,27
01/04/2023,GCK,KS,ACE,CE,Federal Contract Tower,2,8,20,2,32,0,5,3,0,8,2,13,23,2,40,6,0,6,46
01/05/2023,GCK,KS,ACE,CE,Federal Contract Tower,2,4,17,0,23,0,1,14,8,23,2,5,31,8,46,0,0,0,46
01/06/2023,GCK,KS,ACE,CE,Federal Contract Tower,2,2,12,0,16,0,3,12,0,15,2,5,24,0,31,4,0,4,35
01/07/2023,GCK,KS,ACE,CE,Federal Contract Tower,2,2,8,1,13,0,1,11,1,13,2,3,19,2,26,0,6,6,32
01/08/2023,GCK,KS,ACE,CE,Federal Contract Tower,2,0,0,0,2,0,2,10,0,12,2,2,10,0,14,0,0,0,14
01/09/2023,GCK,KS,ACE,CE,Federal Contract Tower,2,4,20,2,28,0,2,12,2,16,2,6,32,4,44,16,0,16,60
01/10/2023,GCK,KS,ACE,CE,Federal Contract Tower,2,6,12,1,21,0,26,15,3,44,2,32,27,4,65,22,4,26,91
01/11/2023,GCK,KS,ACE,CE,Federal Contract Tower,2,7,12,0,21,0,1,5,0,6,2,8,17,0,27,0,0,0,27
01/12/2023,GCK,KS,ACE,CE,Federal Contract Tower,2,5,15,4,26,0,2,13,1,16,2,7,28,5,42,16,16,32,74
01/13/2023,GCK,KS,ACE,CE,Federal Contract Tower,2,5,15,4,26,0,7,16,2,25,2,12,31,6,51,12,12,24,75
01/14/2023,GCK,KS,ACE,CE,Federal Contract Tower,1,3,11,0,15,0,2,8,0,10,1,5,19,0,25,10,0,10,35
01/15/2023,GCK,KS,ACE,CE,Federal Contract Tower,1,0,8,0,9,0,0,9,0,9,1,0,17,0,18,2,0,2,20
01/16/2023,GCK,KS,ACE,CE,Federal Contract Tower,2,5,3,0,10,0,2,14,0,16,2,7,17,0,26,16,0,16,42
01/17/2023,GCK,KS,ACE,CE,Federal Contract Tower,2,9,14,0,25,0,3,5,0,8,2,12,19,0,33,6,0,6,39
01/18/2023,GCK,KS,ACE,CE,Federal Contract Tower,2,10,1,0,13,0,0,0,0,0,2,10,1,0,13,0,0,0,13
01/19/2023,GCK,KS,ACE,CE,Federal Contract Tower,2,6,6,2,16,0,2,20,1,23,2,8,26,3,39,18,6,24,63
01/20/2023,GCK,KS,ACE,CE,Federal Contract Tower,2,7,5,2,16,0,7,6,12,25,2,14,11,14,41,10,0,10,51
01/21/2023,GCK,KS,ACE,CE,Federal Contract Tower,3,1,2,0,6,0,0,0,0,0,3,1,2,0,6,0,0,0,6
01/22/2023,GCK,KS,ACE,CE,Federal Contract Tower,2,2,5,2,11,0,5,1,0,6,2,7,6,2,17,0,0,0,17
01/23/2023,GCK,KS,ACE,CE,Federal Contract Tower,2,8,7,0,17,0,1,7,0,8,2,9,14,0,25,2,0,2,27
01/24/2023,GCK,KS,ACE,CE,Federal Contract Tower,2,8,11,1,22,0,0,5,1,6,2,8,16,2,28,2,0,2,30
01/25/2023,GCK,KS,ACE,CE,Federal Contract Tower,2,9,5,5,21,0,1,12,2,15,2,10,17,7,36,8,30,38,74
01/26/2023,GCK,KS,ACE,CE,Federal Contract Tower,2,5,12,0,19,0,2,5,0,7,2,7,17,0,26,6,0,6,32
01/27/2023,GCK,KS,ACE,CE,Federal Contract Tower,2,4,11,1,18,0,7,22,2,31,2,11,33,3,49,4,14,18,67
01/28/2023,GCK,KS,ACE,CE,Federal Contract Tower,2,2,5,0,9,0,2,9,4,15,2,4,14,4,24,10,0,10,34
01/29/2023,GCK,KS,ACE,CE,Federal Contract Tower,2,4,11,0,17,0,0,1,2,3,2,4,12,2,20,0,0,0,20
01/30/2023,GCK,KS,ACE,CE,Federal Contract Tower,1,3,4,0,8,0,0,0,2,2,1,3,4,2,10,0,0,0,10
01/31/2023,GCK,KS,ACE,CE,Federal Contract Tower,1,5,14,0,20,0,4,10,1,15,1,9,24,1,35,12,0,12,47
02/01/2023,GCK,KS,ACE,CE,Federal Contract Tower,0,3,8,0,11,0,5,19,31,55,0,8,27,31,66,28,0,28,94
02/02/2023,GCK,KS,ACE,CE,Federal Contract Tower,3,6,6,6,21,0,4,9,4,17,3,10,15,10,38,24,2,26,64
02/03/2023,GCK,KS,ACE,CE,Federal Contract Tower,2,5,18,0,25,0,5,9,0,14,2,10,27,0,39,8,0,8,47
02/04/2023,GCK,KS,ACE,CE,Federal Contract Tower,2,2,6,0,10,0,2,6,21,29,2,4,12,21,39,0,0,0,39
02/05/2023,GCK,KS,ACE,CE,Federal Contract Tower,2,2,8,0,12,0,0,7,2,9,2,2,15,2,21,6,0,6,27
02/06/2023,GCK,KS,ACE,CE,Federal Contract Tower,2,7,14,1,24,0,1,6,1,8,2,8,20,2,32,10,14,24,56
02/07/2023,GCK,KS,ACE,CE,Federal Contract Tower,2,6,10,0,18,0,4,4,0,8,2,10,14,0,26,0,0,0,26
02/08/2023,GCK,KS,ACE,CE,Federal Contract Tower,2,9,10,0,21,0,2,15,0,17,2,11,25,0,38,22,0,22,60
02/09/2023,GCK,KS,ACE,CE,Federal Contract Tower,2,4,8,0,14,0,0,0,0,0,2,4,8,0,14,0,0,0,14
02/10/2023,GCK,KS,ACE,CE,Federal Contract Tower,2,6,16,7,31,0,4,9,1,14,2,10,25,8,45,2,14,16,61
02/11/2023,GCK,KS,ACE,CE,Federal Contract Tower,4,3,11,0,18,0,4,14,6,24,4,7,25,6,42,30,0,30,72
02/12/2023,GCK,KS,ACE,CE,Federal Contract Tower,2,0,5,1,8,0,4,3,0,7,2,4,8,1,15,10,2,12,27
02/13/2023,GCK,KS,ACE,CE,Federal Contract Tower,2,6,14,0,22,0,2,6,0,8,2,8,20,0,30,4,0,4,34
02/14/2023,GCK,KS,ACE,CE,Federal Contract Tower,2,5,7,0,14,0,1,8,0,9,2,6,15,0,23,10,0,10,33
02/15/2023,GCK,KS,ACE,CE,Federal Contract Tower,4,4,2,0,10,0,0,1,0,1,4,4,3,0,11,0,0,0,11
02/16/2023,GCK,KS,ACE,CE,Federal Contract Tower,2,7,11,0,20,0,1,6,0,7,2,8,17,0,27,8,0,8,35
02/17/2023,GCK,KS,ACE,CE,Federal Contract Tower,3,6,13,5,27,0,1,8,0,9,3,7,21,5,36,6,2,8,44
02/18/2023,GCK,KS,ACE,CE,Federal Contract Tower,2,1,9,0,12,0,0,3,3,6,2,1,12,3,18,2,0,2,20
02/19/2023,GCK,KS,ACE,CE,Federal Contract Tower,2,1,7,0,10,0,2,16,1,19,2,3,23,1,29,14,0,14,43
02/20/2023,GCK,KS,ACE,CE,Federal Contract Tower,2,4,11,0,17,0,3,17,0,20,2,7,28,0,37,10,0,10,47
02/21/2023,GCK,KS,ACE,CE,Federal Contract Tower,3,5,9,4,21,0,0,23,4,27,3,5,32,8,48,6,0,6,54
02/22/2023,GCK,KS,ACE,CE,Federal Contract Tower,2,4,2,0,8,0,0,1,0,1,2,4,3,0,9,0,0,0,9
02/23/2023,GCK,KS,ACE,CE,Federal Contract Tower,4,6,11,0,21,0,3,8,0,11,4,9,19,0,32,0,0,0,32
02/24/2023,GCK,KS,ACE,CE,Federal Contract Tower,3,5,12,2,22,0,1,8,0,9,3,6,20,2,31,2,4,6,37
02/25/2023,GCK,KS,ACE,CE,Federal Contract Tower,2,4,10,1,17,0,4,21,0,25,2,8,31,1,42,38,0,38,80
02/26/2023,GCK,KS,ACE,CE,Federal Contract Tower,2,0,3,0,5,0,3,10,8,21,2,3,13,8,26,10,0,10,36
02/27/2023,GCK,KS,ACE,CE,Federal Contract Tower,2,6,10,0,18,0,1,26,0,27,2,7,36,0,45,18,0,18,63
02/28/2023,GCK,KS,ACE,CE,Federal Contract Tower,2,4,8,0,14,0,2,1,0,3,2,6,9,0,17,8,0,8,25
03/01/2023,GCK,KS,ACE,CE,Federal Contract Tower,2,6,9,0,17,0,2,23,0,25,2,8,32,0,42,4,0,4,46
03/02/2023,GCK,KS,ACE,CE,Federal Contract Tower,3,4,8,0,15,0,0,6,0,6,3,4,14,0,21,4,0,4,25
03/03/2023,GCK,KS,ACE,CE,Federal Contract Tower,2,5,6,0,13,0,2,15,0,17,2,7,21,0,30,2,0,2,32
03/04/2023,GCK,KS,ACE,CE,Federal Contract Tower,2,1,10,0,13,0,0,20,6,26,2,1,30,6,39,0,0,0,39
03/05/2023,GCK,KS,ACE,CE,Federal Contract Tower,2,3,5,0,10,0,1,11,0,12,2,4,16,0,22,0,0,0,22
03/06/2023,GCK,KS,ACE,CE,Federal Contract Tower,2,4,9,0,15,0,5,15,0,20,2,9,24,0,35,4,0,4,39
03/07/2023,GCK,KS,ACE,CE,Federal Contract Tower,2,5,8,0,15,0,0,0,0,0,2,5,8,0,15,0,0,0,15
03/08/2023,GCK,KS,ACE,CE,Federal Contract Tower,2,6,11,0,19,0,0,2,0,2,2,6,13,0,21,0,0,0,21
03/09/2023,GCK,KS,ACE,CE,Federal Contract Tower,2,7,6,0,15,0,1,2,0,3,2,8,8,0,18,0,0,0,18
03/10/2023,GCK,KS,ACE,CE,Federal Contract Tower,2,6,5,0,13,0,0,11,2,13,2,6,16,2,26,12,0,12,38
03/11/2023,GCK,KS,ACE,CE,Federal Contract Tower,2,2,17,0,21,0,0,1,0,1,2,2,18,0,22,2,0,2,24
03/12/2023,GCK,KS,ACE,CE,Federal Contract Tower,2,3,3,0,8,0,5,10,0,15,2,8,13,0,23,2,0,2,25
03/13/2023,GCK,KS,ACE,CE,Federal Contract Tower,2,3,11,0,16,0,3,14,0,17,2,6,25,0,33,8,0,8,41
03/14/2023,GCK,KS,ACE,CE,Federal Contract Tower,2,7,9,0,18,0,2,8,0,10,2,9,17,0,28,0,0,0,28
03/15/2023,GCK,KS,ACE,CE,Federal Contract Tower,2,6,4,0,12,0,2,7,0,9,2,8,11,0,21,0,0,0,21
03/16/2023,GCK,KS,ACE,CE,Federal Contract Tower,3,4,4,0,11,0,0,1,0,1,3,4,5,0,12,0,0,0,12
03/17/2023,GCK,KS,ACE,CE,Federal Contract Tower,4,3,6,1,14,0,5,12,1,18,4,8,18,2,32,2,24,26,58
03/18/2023,GCK,KS,ACE,CE,Federal Contract Tower,2,1,6,0,9,0,2,14,0,16,2,3,20,0,25,0,0,0,25
03/19/2023,GCK,KS,ACE,CE,Federal Contract Tower,2,0,7,0,9,0,3,4,0,7,2,3,11,0,16,4,0,4,20
03/20/2023,GCK,KS,ACE,CE,Federal Contract Tower,2,5,4,0,11,0,1,6,8,15,2,6,10,8,26,0,0,0,26
03/21/2023,GCK,KS,ACE,CE,Federal Contract Tower,4,9,19,4,36,0,3,19,2,24,4,12,38,6,60,36,18,54,114
03/22/2023,GCK,KS,ACE,CE,Federal Contract Tower,2,4,7,0,13,0,0,2,0,2,2,4,9,0,15,0,0,0,15
03/23/2023,GCK,KS,ACE,CE,Federal Contract Tower,2,5,15,3,25,0,0,11,0,11,2,5,26,3,36,0,6,6,42
03/24/2023,GCK,KS,ACE,CE,Federal Contract Tower,3,4,13,1,21,0,0,0,2,2,3,4,13,3,23,0,2,2,25
03/25/2023,GCK,KS,ACE,CE,Federal Contract Tower,3,3,5,0,11,0,2,5,0,7,3,5,10,0,18,2,0,2,20
03/26/2023,GCK,KS,ACE,CE,Federal Contract Tower,4,5,11,0,20,0,6,5,0,11,4,11,16,0,31,6,0,6,37
03/27/2023,GCK,KS,ACE,CE,Federal Contract Tower,5,9,5,0,19,0,0,4,0,4,5,9,9,0,23,0,0,0,23
03/28/2023,GCK,KS,ACE,CE,Federal Contract Tower,2,9,13,6,30,0,2,15,1,18,2,11,28,7,48,10,20,30,78
03/29/2023,GCK,KS,ACE,CE,Federal Contract Tower,2,8,7,0,17,0,0,0,0,0,2,8,7,0,17,2,4,6,23
03/30/2023,GCK,KS,ACE,CE,Federal Contract Tower,2,4,5,0,11,0,0,2,0,2,2,4,7,0,13,0,0,0,13
03/31/2023,GCK,KS,ACE,CE,Federal Contract Tower,2,4,12,0,18,0,0,2,0,2,2,4,14,0,20,0,0,0,20
04/01/2023,GCK,KS,ACE,CE,Federal Contract Tower,2,3,3,1,9,0,1,27,0,28,2,4,30,1,37,10,8,18,55
04/02/2023,GCK,KS,ACE,CE,Federal Contract Tower,2,2,8,3,15,0,0,9,1,10,2,2,17,4,25,6,4,10,35
04/03/2023,GCK,KS,ACE,CE,Federal Contract Tower,2,5,10,0,17,0,1,9,0,10,2,6,19,0,27,10,0,10,37
04/04/2023,GCK,KS,ACE,CE,Federal Contract Tower,3,4,11,0,18,0,1,3,0,4,3,5,14,0,22,0,0,0,22
04/05/2023,GCK,KS,ACE,CE,Federal Contract Tower,2,6,7,0,15,0,1,11,4,16,2,7,18,4,31,0,2,2,33
04/06/2023,GCK,KS,ACE,CE,Federal Contract Tower,2,6,13,0,21,0,6,17,0,23,2,12,30,0,44,6,0,6,50
04/07/2023,GCK,KS,ACE,CE,Federal Contract Tower,2,4,10,0,16,0,2,5,0,7,2,6,15,0,23,4,0,4,27
04/08/2023,GCK,KS,ACE,CE,Federal Contract Tower,4,3,5,0,12,0,0,9,0,9,4,3,14,0,21,0,0,0,21
04/09/2023,GCK,KS,ACE,CE,Federal Contract Tower,1,2,2,0,5,0,0,2,0,2,1,2,4,0,7,0,0,0,7
04/10/2023,GCK,KS,ACE,CE,Federal Contract Tower,2,5,9,0,16,0,3,18,0,21,2,8,27,0,37,12,0,12,49
04/11/2023,GCK,KS,ACE,CE,Federal Contract Tower,2,10,9,2,23,0,1,18,0,19,2,11,27,2,42,2,0,2,44
04/13/2023,GCK,KS,ACE,CE,Federal Contract Tower,2,4,12,0,18,0,1,4,2,7,2,5,16,2,25,2,0,2,27
04/14/2023,GCK,KS,ACE,CE,Federal Contract Tower,2,4,8,0,14,0,2,17,0,19,2,6,25,0,33,28,0,28,61
04/15/2023,GCK,KS,ACE,CE,Federal Contract Tower,2,3,5,0,10,0,0,1,0,1,2,3,6,0,11,0,0,0,11
04/16/2023,GCK,KS,ACE,CE,Federal Contract Tower,2,0,6,4,12,0,1,5,0,6,2,1,11,4,18,8,0,8,26
04/17/2023,GCK,KS,ACE,CE,Federal Contract Tower,2,5,10,1,18,0,0,35,2,37,2,5,45,3,55,0,18,18,73
04/18/2023,GCK,KS,ACE,CE,Federal Contract Tower,2,6,8,1,17,0,0,13,0,13,2,6,21,1,30,32,0,32,62
04/19/2023,GCK,KS,ACE,CE,Federal Contract Tower,2,8,10,5,25,0,3,8,0,11,2,11,18,5,36,6,18,24,60
04/20/2023,GCK,KS,ACE,CE,Federal Contract Tower,2,9,10,0,21,0,1,6,0,7,2,10,16,0,28,0,0,0,28
04/21/2023,GCK,KS,ACE,CE,Federal Contract Tower,2,4,13,1,20,0,4,21,1,26,2,8,34,2,46,0,16,16,62
04/22/2023,GCK,KS,ACE,CE,Federal Contract Tower,2,4,3,0,9,0,6,10,0,16,2,10,13,0,25,4,0,4,29
04/23/2023,GCK,KS,ACE,CE,Federal Contract Tower,2,6,8,0,16,0,6,14,0,20,2,12,22,0,36,10,0,10,46
04/24/2023,GCK,KS,ACE,CE,Federal Contract Tower,2,3,4,2,11,0,3,4,0,7,2,6,8,2,18,0,0,0,18
04/25/2023,GCK,KS,ACE,CE,Federal Contract Tower,2,8,4,0,14,0,0,0,0,0,2,8,4,0,14,0,0,0,14
04/26/2023,GCK,KS,ACE,CE,Federal Contract Tower,3,8,3,0,14,0,0,0,0,0,3,8,3,0,14,0,0,0,14
04/27/2023,GCK,KS,ACE,CE,Federal Contract Tower,2,5,5,4,16,0,2,12,0,14,2,7,17,4,30,0,26,26,56
04/28/2023,GCK,KS,ACE,CE,Federal Contract Tower,3,6,11,6,26,0,0,2,0,2,3,6,13,6,28,22,16,38,66
04/29/2023,GCK,KS,ACE,CE,Federal Contract Tower,2,3,5,0,10,0,7,15,0,22,2,10,20,0,32,18,0,18,50
04/30/2023,GCK,KS,ACE,CE,Federal Contract Tower,2,2,4,0,8,0,5,15,0,20,2,7,19,0,28,6,0,6,34
05/01/2023,GCK,KS,ACE,CE,Federal Contract Tower,2,8,5,0,15,0,3,12,0,15,2,11,17,0,30,0,0,0,30
05/02/2023,GCK,KS,ACE,CE,Federal Contract Tower,2,7,14,4,27,0,1,8,0,9,2,8,22,4,36,18,2,20,56
05/03/2023,GCK,KS,ACE,CE,Federal Contract Tower,2,6,8,0,16,0,1,0,0,1,2,7,8,0,17,6,0,6,23
05/04/2023,GCK,KS,ACE,CE,Federal Contract Tower,4,6,3,1,14,0,3,16,0,19,4,9,19,1,33,0,12,12,45
05/05/2023,GCK,KS,ACE,CE,Federal Contract Tower,2,4,6,5,17,0,1,27,3,31,2,5,33,8,48,0,2,2,50
05/06/2023,GCK,KS,ACE,CE,Federal Contract Tower,2,0,8,0,10,0,0,17,0,17,2,0,25,0,27,2,0,2,29
05/07/2023,GCK,KS,ACE,CE,Federal Contract Tower,2,1,7,0,10,0,2,19,0,21,2,3,26,0,31,0,0,0,31
05/08/2023,GCK,KS,ACE,CE,Federal Contract Tower,4,5,6,1,16,0,4,44,0,48,4,9,50,1,64,6,32,38,102
05/09/2023,GCK,KS,ACE,CE,Federal Contract Tower,3,4,4,0,11,0,2,32,0,34,3,6,36,0,45,2,0,2,47
05/10/2023,GCK,KS,ACE,CE,Federal Contract Tower,2,9,7,0,18,0,1,3,0,4,2,10,10,0,22,2,0,2,24
05/11/2023,GCK,KS,ACE,CE,Federal Contract Tower,2,4,5,0,11,0,0,2,0,2,2,4,7,0,13,0,0,0,13
05/12/2023,GCK,KS,ACE,CE,Federal Contract Tower,2,11,13,2,28,0,5,38,6,49,2,16,51,8,77,0,4,4,81
05/13/2023,GCK,KS,ACE,CE,Federal Contract Tower,2,1,7,1,11,0,0,35,3,38,2,1,42,4,49,0,24,24,73
05/14/2023,GCK,KS,ACE,CE,Federal Contract Tower,2,0,4,0,6,0,0,0,0,0,2,0,4,0,6,0,0,0,6
05/15/2023,GCK,KS,ACE,CE,Federal Contract Tower,2,7,13,2,24,0,1,13,0,14,2,8,26,2,38,0,0,0,38
05/16/2023,GCK,KS,ACE,CE,Federal Contract Tower,2,3,5,0,10,0,3,28,0,31,2,6,33,0,41,12,0,12,53
05/17/2023,GCK,KS,ACE,CE,Federal Contract Tower,2,6,12,0,20,0,3,21,0,24,2,9,33,0,44,0,0,0,44
05/18/2023,GCK,KS,ACE,CE,Federal Contract Tower,2,4,6,0,12,0,4,34,0,38,2,8,40,0,50,6,0,6,56
05/19/2023,GCK,KS,ACE,CE,Federal Contract Tower,2,7,10,10,29,0,1,17,0,18,2,8,27,10,47,0,0,0,47
05/20/2023,GCK,KS,ACE,CE,Federal Contract Tower,2,1,7,2,12,0,3,46,1,50,2,4,53,3,62,2,0,2,64
05/21/2023,GCK,KS,ACE,CE,Federal Contract Tower,2,0,3,0,5,0,7,13,0,20,2,7,16,0,25,0,0,0,25
05/22/2023,GCK,KS,ACE,CE,Federal Contract Tower,2,5,5,0,12,0,1,13,0,14,2,6,18,0,26,2,0,2,28
05/23/2023,GCK,KS,ACE,CE,Federal Contract Tower,2,6,10,1,19,0,1,24,1,26,2,7,34,2,45,2,0,2,47
05/24/2023,GCK,KS,ACE,CE,Federal Contract Tower,2,10,6,0,18,0,0,16,0,16,2,10,22,0,34,0,0,0,34
05/25/2023,GCK,KS,ACE,CE,Federal Contract Tower,2,5,8,0,15,0,0,10,0,10,2,5,18,0,25,0,0,0,25
05/26/2023,GCK,KS,ACE,CE,Federal Contract Tower,2,6,12,0,20,0,0,9,0,9,2,6,21,0,29,0,0,0,29
05/27/2023,GCK,KS,ACE,CE,Federal Contract Tower,2,1,4,0,7,0,0,9,2,11,2,1,13,2,18,0,0,0,18
05/28/2023,GCK,KS,ACE,CE,Federal Contract Tower,3,4,2,0,9,0,0,11,0,11,3,4,13,0,20,0,0,0,20
05/29/2023,GCK,KS,ACE,CE,Federal Contract Tower,2,2,9,0,13,0,0,24,0,24,2,2,33,0,37,8,0,8,45
05/30/2023,GCK,KS,ACE,CE,Federal Contract Tower,2,5,8,0,15,0,1,18,0,19,2,6,26,0,34,4,0,4,38
05/31/2023,GCK,KS,ACE,CE,Federal Contract Tower,2,6,2,0,10,0,2,22,0,24,2,8,24,0,34,0,0,0,34
06/01/2023,GCK,KS,ACE,CE,Federal Contract Tower,2,6,11,0,19,0,0,21,0,21,2,6,32,0,40,0,0,0,40
06/02/2023,GCK,KS,ACE,CE,Federal Contract Tower,2,6,7,0,15,0,0,11,0,11,2,6,18,0,26,0,0,0,26
06/03/2023,GCK,KS,ACE,CE,Federal Contract Tower,2,2,9,0,13,0,0,6,0,6,2,2,15,0,19,0,0,0,19
06/04/2023,GCK,KS,ACE,CE,Federal Contract Tower,2,4,5,0,11,0,0,1,0,1,2,4,6,0,12,0,0,0,12
06/05/2023,GCK,KS,ACE,CE,Federal Contract Tower,3,3,8,2,16,0,2,19,0,21,3,5,27,2,37,2,0,2,39
06/06/2023,GCK,KS,ACE,CE,Federal Contract Tower,2,8,6,0,16,0,2,24,0,26,2,10,30,0,42,0,0,0,42
06/07/2023,GCK,KS,ACE,CE,Federal Contract Tower,2,7,7,2,18,0,4,10,2,16,2,11,17,4,34,4,0,4,38
06/08/2023,GCK,KS,ACE,CE,Federal Contract Tower,2,7,4,0,13,0,1,35,0,36,2,8,39,0,49,6,0,6,55
06/09/2023,GCK,KS,ACE,CE,Federal Contract Tower,4,4,5,0,13,0,4,35,0,39,4,8,40,0,52,2,0,2,54
06/10/2023,GCK,KS,ACE,CE,Federal Contract Tower,2,12,3,0,17,0,4,27,12,43,2,16,30,12,60,6,0,6,66
06/11/2023,GCK,KS,ACE,CE,Federal Contract Tower,2,8,9,0,19,0,0,7,0,7,2,8,16,0,26,8,0,8,34
06/12/2023,GCK,KS,ACE,CE,Federal Contract Tower,2,8,11,0,21,0,0,18,0,18,2,8,29,0,39,0,0,0,39
06/13/2023,GCK,KS,ACE,CE,Federal Contract Tower,3,9,7,2,21,0,3,33,2,38,3,12,40,4,59,8,6,14,73
06/14/2023,GCK,KS,ACE,CE,Federal Contract Tower,2,12,16,0,30,0,3,52,0,55,2,15,68,0,85,4,0,4,89
06/15/2023,GCK,KS,ACE,CE,Federal Contract Tower,2,8,11,0,21,0,0,23,0,23,2,8,34,0,44,2,0,2,46
06/16/2023,GCK,KS,ACE,CE,Federal Contract Tower,3,3,12,1,19,0,1,51,1,53,3,4,63,2,72,6,0,6,78
06/17/2023,GCK,KS,ACE,CE,Federal Contract Tower,1,4,5,0,10,0,0,19,0,19,1,4,24,0,29,2,0,2,31
06/18/2023,GCK,KS,ACE,CE,Federal Contract Tower,2,4,10,0,16,0,2,24,1,27,2,6,34,1,43,0,0,0,43
06/19/2023,GCK,KS,ACE,CE,Federal Contract Tower,2,9,11,0,22,0,3,13,0,16,2,12,24,0,38,6,0,6,44
06/20/2023,GCK,KS,ACE,CE,Federal Contract Tower,2,10,5,0,17,0,3,25,2,30,2,13,30,2,47,0,0,0,47
06/21/2023,GCK,KS,ACE,CE,Federal Contract Tower,2,5,11,0,18,0,0,11,0,11,2,5,22,0,29,4,0,4,33
06/22/2023,GCK,KS,ACE,CE,Federal Contract Tower,2,4,6,0,12,0,0,34,0,34,2,4,40,0,46,0,0,0,46
06/23/2023,GCK,KS,ACE,CE,Federal Contract Tower,2,12,6,0,20,0,1,26,2,29,2,13,32,2,49,6,0,6,55
06/24/2023,GCK,KS,ACE,CE,Federal Contract Tower,2,7,8,0,17,0,0,78,0,78,2,7,86,0,95,0,0,0,95
06/25/2023,GCK,KS,ACE,CE,Federal Contract Tower,2,2,3,4,11,0,5,41,0,46,2,7,44,4,57,6,10,16,73
06/26/2023,GCK,KS,ACE,CE,Federal Contract Tower,2,6,7,0,15,0,3,31,0,34,2,9,38,0,49,0,0,0,49
06/27/2023,GCK,KS,ACE,CE,Federal Contract Tower,2,7,11,0,20,0,0,15,0,15,2,7,26,0,35,0,0,0,35
06/28/2023,GCK,KS,ACE,CE,Federal Contract Tower,2,5,4,1,12,0,0,61,0,61,2,5,65,1,73,0,0,0,73
06/29/2023,GCK,KS,ACE,CE,Federal Contract Tower,2,5,12,0,19,0,1,39,0,40,2,6,51,0,59,4,0,4,63
06/30/2023,GCK,KS,ACE,CE,Federal Contract Tower,2,4,13,0,19,0,3,54,0,57,2,7,67,0,76,0,0,0,76
07/01/2023,GCK,KS,ACE,CE,Federal Contract Tower,2,1,15,0,18,0,1,27,0,28,2,2,42,0,46,0,0,0,46
07/02/2023,GCK,KS,ACE,CE,Federal Contract Tower,2,4,1,0,7,0,5,16,0,21,2,9,17,0,28,2,0,2,30
07/03/2023,GCK,KS,ACE,CE,Federal Contract Tower,2,5,8,0,15,0,4,38,0,42,2,9,46,0,57,0,0,0,57
07/04/2023,GCK,KS,ACE,CE,Federal Contract Tower,2,0,2,0,4,0,2,16,0,18,2,2,18,0,22,0,0,0,22
07/05/2023,GCK,KS,ACE,CE,Federal Contract Tower,2,11,9,0,22,0,0,13,8,21,2,11,22,8,43,0,0,0,43
07/06/2023,GCK,KS,ACE,CE,Federal Contract Tower,2,10,8,0,20,0,0,32,0,32,2,10,40,0,52,0,0,0,52
07/07/2023,GCK,KS,ACE,CE,Federal Contract Tower,2,5,10,3,20,0,0,65,0,65,2,5,75,3,85,0,16,16,101
07/08/2023,GCK,KS,ACE,CE,Federal Contract Tower,2,2,10,0,14,0,1,28,2,31,2,3,38,2,45,0,0,0,45
07/09/2023,GCK,KS,ACE,CE,Federal Contract Tower,2,4,9,0,15,0,0,39,2,41,2,4,48,2,56,0,0,0,56
07/10/2023,GCK,KS,ACE,CE,Federal Contract Tower,2,6,7,2,17,0,1,39,0,40,2,7,46,2,57,0,6,6,63
07/11/2023,GCK,KS,ACE,CE,Federal Contract Tower,2,4,9,0,15,0,1,57,1,59,2,5,66,1,74,0,0,0,74
07/12/2023,GCK,KS,ACE,CE,Federal Contract Tower,2,3,15,0,20,0,5,65,0,70,2,8,80,0,90,0,0,0,90
07/13/2023,GCK,KS,ACE,CE,Federal Contract Tower,2,8,11,0,21,0,0,21,0,21,2,8,32,0,42,0,0,0,42
07/14/2023,GCK,KS,ACE,CE,Federal Contract Tower,2,8,11,2,23,0,1,39,3,43,2,9,50,5,66,0,6,6,72
07/15/2023,GCK,KS,ACE,CE,Federal Contract Tower,2,2,10,0,14,0,4,94,2,100,2,6,104,2,114,0,0,0,114
07/16/2023,GCK,KS,ACE,CE,Federal Contract Tower,2,11,8,6,27,0,3,29,2,34,2,14,37,8,61,0,0,0,61
07/17/2023,GCK,KS,ACE,CE,Federal Contract Tower,2,5,18,2,27,0,1,53,2,56,2,6,71,4,83,0,4,4,87
07/18/2023,GCK,KS,ACE,CE,Federal Contract Tower,2,5,13,0,20,0,0,84,3,87,2,5,97,3,107,4,4,8,115
07/19/2023,GCK,KS,ACE,CE,Federal Contract Tower,2,5,8,0,15,0,1,68,0,69,2,6,76,0,84,2,0,2,86
07/20/2023,GCK,KS,ACE,CE,Federal Contract Tower,2,4,9,0,15,0,2,66,0,68,2,6,75,0,83,2,0,2,85
07/21/2023,GCK,KS,ACE,CE,Federal Contract Tower,2,9,11,0,22,0,2,57,0,59,2,11,68,0,81,4,0,4,85
07/22/2023,GCK,KS,ACE,CE,Federal Contract Tower,2,8,4,0,14,0,0,95,0,95,2,8,99,0,109,10,0,10,119
07/23/2023,GCK,KS,ACE,CE,Federal Contract Tower,2,1,9,9,21,0,4,29,0,33,2,5,38,9,54,0,6,6,60
07/24/2023,GCK,KS,ACE,CE,Federal Contract Tower,2,8,10,2,22,0,2,73,10,85,2,10,83,12,107,4,10,14,121
07/25/2023,GCK,KS,ACE,CE,Federal Contract Tower,2,9,5,0,16,0,3,50,0,53,2,12,55,0,69,0,0,0,69
07/26/2023,GCK,KS,ACE,CE,Federal Contract Tower,2,4,12,0,18,0,0,50,2,52,2,4,62,2,70,4,6,10,80
07/27/2023,GCK,KS,ACE,CE,Federal Contract Tower,2,5,3,0,10,0,5,42,0,47,2,10,45,0,57,2,6,8,65
07/28/2023,GCK,KS,ACE,CE,Federal Contract Tower,2,10,13,0,25,0,4,54,2,60,2,14,67,2,85,6,0,6,91
07/29/2023,GCK,KS,ACE,CE,Federal Contract Tower,2,5,4,0,11,0,6,22,2,30,2,11,26,2,41,0,0,0,41
07/30/2023,GCK,KS,ACE,CE,Federal Contract Tower,2,8,3,0,13,0,3,34,4,41,2,11,37,4,54,8,0,8,62
07/31/2023,GCK,KS,ACE,CE,Federal Contract Tower,2,4,16,2,24,0,3,60,0,63,2,7,76,2,87,8,0,8,95
08/01/2023,GCK,KS,ACE,CE,Federal Contract Tower,2,7,9,2,20,0,0,47,0,47,2,7,56,2,67,0,12,12,79
08/02/2023,GCK,KS,ACE,CE,Federal Contract Tower,2,9,8,0,19,0,6,67,0,73,2,15,75,0,92,26,0,26,118
08/03/2023,GCK,KS,ACE,CE,Federal Contract Tower,3,5,21,0,29,0,6,32,0,38,3,11,53,0,67,6,0,6,73
08/04/2023,GCK,KS,ACE,CE,Federal Contract Tower,2,6,8,0,16,0,5,32,0,37,2,11,40,0,53,8,0,8,61
08/05/2023,GCK,KS,ACE,CE,Federal Contract Tower,2,6,6,2,16,0,1,31,0,32,2,7,37,2,48,0,0,0,48
08/06/2023,GCK,KS,ACE,CE,Federal Contract Tower,2,4,10,0,16,0,1,13,6,20,2,5,23,6,36,2,0,2,38
08/07/2023,GCK,KS,ACE,CE,Federal Contract Tower,2,6,11,0,19,0,2,42,0,44,2,8,53,0,63,8,0,8,71
08/08/2023,GCK,KS,ACE,CE,Federal Contract Tower,2,3,8,2,15,0,3,32,2,37,2,6,40,4,52,0,0,0,52
08/09/2023,GCK,KS,ACE,CE,Federal Contract Tower,2,5,11,0,18,0,2,43,0,45,2,7,54,0,63,8,0,8,71
08/10/2023,GCK,KS,ACE,CE,Federal Contract Tower,2,3,17,0,22,0,3,34,1,38,2,6,51,1,60,18,10,28,88
08/11/2023,GCK,KS,ACE,CE,Federal Contract Tower,2,3,4,2,11,0,14,16,4,34,2,17,20,6,45,14,0,14,59
08/12/2023,GCK,KS,ACE,CE,Federal Contract Tower,2,2,6,0,10,0,1,13,2,16,2,3,19,2,26,0,0,0,26
08/13/2023,GCK,KS,ACE,CE,Federal Contract Tower,2,2,12,0,16,0,0,6,14,20,2,2,18,14,36,0,0,0,36
08/14/2023,GCK,KS,ACE,CE,Federal Contract Tower,2,5,5,0,12,0,2,30,10,42,2,7,35,10,54,0,0,0,54
08/15/2023,GCK,KS,ACE,CE,Federal Contract Tower,2,6,8,0,16,0,4,30,8,42,2,10,38,8,58,22,0,22,80
08/16/2023,GCK,KS,ACE,CE,Federal Contract Tower,2,4,8,2,16,0,3,23,0,26,2,7,31,2,42,0,0,0,42
08/17/2023,GCK,KS,ACE,CE,Federal Contract Tower,2,9,9,0,20,0,6,26,5,37,2,15,35,5,57,0,0,0,57
08/18/2023,GCK,KS,ACE,CE,Federal Contract Tower,2,11,7,2,22,0,3,15,1,19,2,14,22,3,41,20,4,24,65
08/19/2023,GCK,KS,ACE,CE,Federal Contract Tower,2,5,7,0,14,0,6,21,10,37,2,11,28,10,51,0,0,0,51
08/20/2023,GCK,KS,ACE,CE,Federal Contract Tower,4,1,10,13,28,0,8,18,0,26,4,9,28,13,54,0,32,32,86
08/21/2023,GCK,KS,ACE,CE,Federal Contract Tower,2,4,13,2,21,0,1,14,4,19,2,5,27,6,40,6,0,6,46
08/22/2023,GCK,KS,ACE,CE,Federal Contract Tower,6,3,12,1,22,0,3,26,2,31,6,6,38,3,53,18,12,30,83
08/23/2023,GCK,KS,ACE,CE,Federal Contract Tower,2,5,12,0,19,0,3,30,0,33,2,8,42,0,52,2,0,2,54
08/24/2023,GCK,KS,ACE,CE,Federal Contract Tower,2,5,13,0,20,0,5,26,6,37,2,10,39,6,57,4,0,4,61
08/25/2023,GCK,KS,ACE,CE,Federal Contract Tower,2,3,13,2,20,0,4,28,0,32,2,7,41,2,52,2,0,2,54
08/26/2023,GCK,KS,ACE,CE,Federal Contract Tower,2,12,8,0,22,0,2,25,2,29,2,14,33,2,51,6,0,6,57
08/27/2023,GCK,KS,ACE,CE,Federal Contract Tower,2,0,3,0,5,0,3,15,2,20,2,3,18,2,25,2,0,2,27
08/28/2023,GCK,KS,ACE,CE,Federal Contract Tower,2,5,5,2,14,1,2,19,7,29,3,7,24,9,43,10,0,10,53
08/29/2023,GCK,KS,ACE,CE,Federal Contract Tower,2,7,12,0,21,0,2,31,0,33,2,9,43,0,54,26,0,26,80
08/30/2023,GCK,KS,ACE,CE,Federal Contract Tower,2,3,14,0,19,0,5,28,0,33,2,8,42,0,52,0,0,0,52
08/31/2023,GCK,KS,ACE,CE,Federal Contract Tower,2,6,2,0,10,0,6,16,0,22,2,12,18,0,32,2,0,2,34
01/01/2020,GCK,KS,ACE,CE,Federal Contract Tower,0,2,1,0,3,0,1,6,0,7,0,3,7,0,10,4,0,4,14
01/02/2020,GCK,KS,ACE,CE,Federal Contract Tower,0,9,9,0,18,0,1,9,0,10,0,10,18,0,28,12,0,12,40
01/03/2020,GCK,KS,ACE,CE,Federal Contract Tower,0,11,15,0,26,0,4,19,0,23,0,15,34,0,49,22,0,22,71
01/04/2020,GCK,KS,ACE,CE,Federal Contract Tower,0,4,7,0,11,0,1,16,0,17,0,5,23,0,28,2,0,2,30
01/05/2020,GCK,KS,ACE,CE,Federal Contract Tower,0,6,11,0,17,0,2,8,0,10,0,8,19,0,27,6,0,6,33
01/06/2020,GCK,KS,ACE,CE,Federal Contract Tower,0,9,10,0,19,0,3,3,0,6,0,12,13,0,25,2,0,2,27
01/07/2020,GCK,KS,ACE,CE,Federal Contract Tower,0,11,6,0,17,0,1,7,8,16,0,12,13,8,33,22,0,22,55
01/08/2020,GCK,KS,ACE,CE,Federal Contract Tower,0,9,12,0,21,0,0,6,0,6,0,9,18,0,27,0,0,0,27
01/09/2020,GCK,KS,ACE,CE,Federal Contract Tower,0,7,17,3,27,0,2,14,0,16,0,9,31,3,43,14,4,18,61
01/10/2020,GCK,KS,ACE,CE,Federal Contract Tower,0,4,9,0,13,0,1,1,0,2,0,5,10,0,15,0,0,0,15
01/11/2020,GCK,KS,ACE,CE,Federal Contract Tower,0,5,8,0,13,0,4,7,4,15,0,9,15,4,28,10,0,10,38
01/12/2020,GCK,KS,ACE,CE,Federal Contract Tower,0,4,10,2,16,0,0,13,2,15,0,4,23,4,31,6,4,10,41
01/13/2020,GCK,KS,ACE,CE,Federal Contract Tower,0,5,5,3,13,0,0,9,0,9,0,5,14,3,22,10,4,14,36
01/14/2020,GCK,KS,ACE,CE,Federal Contract Tower,0,8,11,0,19,0,3,14,0,17,0,11,25,0,36,0,0,0,36
01/15/2020,GCK,KS,ACE,CE,Federal Contract Tower,0,13,18,9,40,0,2,8,3,13,0,15,26,12,53,6,66,72,125
01/16/2020,GCK,KS,ACE,CE,Federal Contract Tower,0,11,8,12,31,0,2,4,0,6,0,13,12,12,37,0,0,0,37
01/17/2020,GCK,KS,ACE,CE,Federal Contract Tower,0,7,7,0,14,0,0,3,0,3,0,7,10,0,17,0,0,0,17
01/18/2020,GCK,KS,ACE,CE,Federal Contract Tower,0,10,11,0,21,0,2,11,0,13,0,12,22,0,34,2,0,2,36
01/19/2020,GCK,KS,ACE,CE,Federal Contract Tower,0,2,5,1,8,0,2,7,1,10,0,4,12,2,18,12,0,12,30
01/20/2020,GCK,KS,ACE,CE,Federal Contract Tower,0,5,10,9,24,0,0,18,0,18,0,5,28,9,42,4,20,24,66
01/21/2020,GCK,KS,ACE,CE,Federal Contract Tower,0,6,11,0,17,0,2,2,0,4,0,8,13,0,21,0,0,0,21
01/22/2020,GCK,KS,ACE,CE,Federal Contract Tower,0,5,6,7,18,0,1,9,2,12,0,6,15,9,30,2,16,18,48
01/23/2020,GCK,KS,ACE,CE,Federal Contract Tower,0,8,7,0,15,0,1,5,4,10,0,9,12,4,25,0,30,30,55
01/24/2020,GCK,KS,ACE,CE,Federal Contract Tower,0,9,4,17,30,0,2,5,2,9,0,11,9,19,39,0,54,54,93
01/25/2020,GCK,KS,ACE,CE,Federal Contract Tower,0,5,2,0,7,0,0,6,0,6,0,5,8,0,13,0,0,0,13
01/26/2020,GCK,KS,ACE,CE,Federal Contract Tower,0,2,3,6,11,0,0,6,0,6,0,2,9,6,17,4,2,6,23
01/27/2020,GCK,KS,ACE,CE,Federal Contract Tower,0,4,8,0,12,0,0,3,0,3,0,4,11,0,15,0,0,0,15
01/28/2020,GCK,KS,ACE,CE,Federal Contract Tower,0,7,8,0,15,0,0,1,0,1,0,7,9,0,16,0,0,0,16
01/29/2020,GCK,KS,ACE,CE,Federal Contract Tower,0,7,11,4,22,0,1,0,0,1,0,8,11,4,23,0,52,52,75
01/30/2020,GCK,KS,ACE,CE,Federal Contract Tower,0,14,11,10,35,0,0,4,0,4,0,14,15,10,39,4,140,144,183
01/31/2020,GCK,KS,ACE,CE,Federal Contract Tower,0,10,18,1,29,0,3,16,1,20,0,13,34,2,49,16,0,16,65
02/01/2020,GCK,KS,ACE,CE,Federal Contract Tower,0,3,5,0,8,0,1,12,0,13,0,4,17,0,21,0,0,0,21
02/02/2020,GCK,KS,ACE,CE,Federal Contract Tower,0,6,7,0,13,0,2,5,0,7,0,8,12,0,20,4,0,4,24
02/03/2020,GCK,KS,ACE,CE,Federal Contract Tower,0,6,11,0,17,0,0,1,0,1,0,6,12,0,18,0,0,0,18
02/04/2020,GCK,KS,ACE,CE,Federal Contract Tower,0,13,7,4,24,0,0,1,0,1,0,13,8,4,25,6,18,24,49
02/05/2020,GCK,KS,ACE,CE,Federal Contract Tower,0,8,12,0,20,0,0,12,0,12,0,8,24,0,32,26,0,26,58
02/06/2020,GCK,KS,ACE,CE,Federal Contract Tower,0,10,7,0,17,0,1,13,0,14,0,11,20,0,31,4,0,4,35
02/07/2020,GCK,KS,ACE,CE,Federal Contract Tower,0,11,5,0,16,0,0,10,2,12,0,11,15,2,28,8,0,8,36
02/08/2020,GCK,KS,ACE,CE,Federal Contract Tower,0,5,7,0,12,0,0,11,2,13,0,5,18,2,25,2,0,2,27
02/09/2020,GCK,KS,ACE,CE,Federal Contract Tower,0,3,5,0,8,0,0,7,0,7,0,3,12,0,15,0,0,0,15
02/10/2020,GCK,KS,ACE,CE,Federal Contract Tower,0,7,15,0,22,0,0,14,0,14,0,7,29,0,36,20,0,20,56
02/11/2020,GCK,KS,ACE,CE,Federal Contract Tower,0,12,7,3,22,0,0,12,0,12,0,12,19,3,34,6,16,22,56
02/12/2020,GCK,KS,ACE,CE,Federal Contract Tower,0,8,13,0,21,0,0,4,0,4,0,8,17,0,25,0,0,0,25
02/13/2020,GCK,KS,ACE,CE,Federal Contract Tower,0,7,14,0,21,0,0,4,0,4,0,7,18,0,25,12,0,12,37
02/14/2020,GCK,KS,ACE,CE,Federal Contract Tower,0,9,12,0,21,0,0,0,4,4,0,9,12,4,25,0,0,0,25
02/15/2020,GCK,KS,ACE,CE,Federal Contract Tower,0,4,4,0,8,0,0,12,0,12,0,4,16,0,20,12,0,12,32
02/16/2020,GCK,KS,ACE,CE,Federal Contract Tower,0,7,7,0,14,0,2,9,0,11,0,9,16,0,25,6,0,6,31
02/17/2020,GCK,KS,ACE,CE,Federal Contract Tower,0,8,10,0,18,0,0,10,0,10,0,8,20,0,28,0,0,0,28
02/18/2020,GCK,KS,ACE,CE,Federal Contract Tower,0,13,5,0,18,0,0,7,0,7,0,13,12,0,25,6,0,6,31
02/19/2020,GCK,KS,ACE,CE,Federal Contract Tower,0,7,15,0,22,0,2,2,0,4,0,9,17,0,26,6,0,6,32
02/20/2020,GCK,KS,ACE,CE,Federal Contract Tower,0,11,14,0,25,0,0,2,0,2,0,11,16,0,27,0,0,0,27
02/21/2020,GCK,KS,ACE,CE,Federal Contract Tower,0,8,4,2,14,0,1,13,7,21,0,9,17,9,35,14,0,14,49
02/22/2020,GCK,KS,ACE,CE,Federal Contract Tower,0,7,10,0,17,0,0,15,0,15,0,7,25,0,32,22,0,22,54
02/23/2020,GCK,KS,ACE,CE,Federal Contract Tower,0,3,7,0,10,0,0,1,0,1,0,3,8,0,11,0,0,0,11
02/24/2020,GCK,KS,ACE,CE,Federal Contract Tower,0,7,12,4,23,0,0,8,4,12,0,7,20,8,35,0,0,0,35
02/25/2020,GCK,KS,ACE,CE,Federal Contract Tower,0,9,6,0,15,0,0,1,0,1,0,9,7,0,16,0,0,0,16
02/26/2020,GCK,KS,ACE,CE,Federal Contract Tower,0,13,9,0,22,0,2,15,0,17,0,15,24,0,39,38,0,38,77
02/27/2020,GCK,KS,ACE,CE,Federal Contract Tower,0,8,10,0,18,0,0,9,0,9,0,8,19,0,27,0,0,0,27
02/28/2020,GCK,KS,ACE,CE,Federal Contract Tower,0,9,6,0,15,0,0,7,0,7,0,9,13,0,22,0,0,0,22
02/29/2020,GCK,KS,ACE,CE,Federal Contract Tower,0,5,5,3,13,0,1,7,4,12,0,6,12,7,25,0,28,28,53
03/02/2020,GCK,KS,ACE,CE,Federal Contract Tower,0,5,7,0,12,0,0,12,0,12,0,5,19,0,24,32,0,32,56
03/03/2020,GCK,KS,ACE,CE,Federal Contract Tower,0,10,11,0,21,0,2,38,0,40,0,12,49,0,61,6,0,6,67
03/04/2020,GCK,KS,ACE,CE,Federal Contract Tower,0,11,11,5,27,0,0,29,0,29,0,11,40,5,56,8,2,10,66
03/05/2020,GCK,KS,ACE,CE,Federal Contract Tower,0,8,11,0,19,0,0,21,0,21,0,8,32,0,40,0,0,0,40
03/06/2020,GCK,KS,ACE,CE,Federal Contract Tower,0,12,7,0,19,0,1,7,0,8,0,13,14,0,27,6,0,6,33
03/07/2020,GCK,KS,ACE,CE,Federal Contract Tower,0,6,7,0,13,0,4,4,2,10,0,10,11,2,23,0,0,0,23
03/08/2020,GCK,KS,ACE,CE,Federal Contract Tower,0,4,10,0,14,0,3,4,0,7,0,7,14,0,21,0,0,0,21
03/09/2020,GCK,KS,ACE,CE,Federal Contract Tower,0,8,20,0,28,0,1,8,0,9,0,9,28,0,37,0,0,0,37
03/10/2020,GCK,KS,ACE,CE,Federal Contract Tower,0,12,10,2,24,0,0,16,0,16,0,12,26,2,40,2,0,2,42
03/11/2020,GCK,KS,ACE,CE,Federal Contract Tower,0,10,10,3,23,0,1,19,0,20,0,11,29,3,43,32,0,32,75
03/12/2020,GCK,KS,ACE,CE,Federal Contract Tower,0,7,12,3,22,0,0,24,0,24,0,7,36,3,46,2,0,2,48
03/13/2020,GCK,KS,ACE,CE,Federal Contract Tower,0,8,10,1,19,0,0,0,0,0,0,8,10,1,19,0,0,0,19
03/14/2020,GCK,KS,ACE,CE,Federal Contract Tower,0,5,4,1,10,0,0,0,2,2,0,5,4,3,12,0,0,0,12
03/15/2020,GCK,KS,ACE,CE,Federal Contract Tower,0,5,3,0,8,0,0,0,0,0,0,5,3,0,8,0,0,0,8
03/16/2020,GCK,KS,ACE,CE,Federal Contract Tower,0,8,8,0,16,0,0,0,0,0,0,8,8,0,16,0,0,0,16
03/17/2020,GCK,KS,ACE,CE,Federal Contract Tower,0,10,2,0,12,0,0,0,0,0,0,10,2,0,12,0,0,0,12
03/18/2020,GCK,KS,ACE,CE,Federal Contract Tower,0,10,15,1,26,0,0,15,0,15,0,10,30,1,41,8,2,10,51
03/19/2020,GCK,KS,ACE,CE,Federal Contract Tower,0,6,6,0,12,0,0,9,0,9,0,6,15,0,21,2,0,2,23
03/20/2020,GCK,KS,ACE,CE,Federal Contract Tower,0,7,6,2,15,0,0,3,0,3,0,7,9,2,18,0,26,26,44
03/21/2020,GCK,KS,ACE,CE,Federal Contract Tower,0,5,4,0,9,0,1,1,0,2,0,6,5,0,11,0,0,0,11
03/22/2020,GCK,KS,ACE,CE,Federal Contract Tower,0,2,1,0,3,0,0,6,0,6,0,2,7,0,9,0,0,0,9
03/23/2020,GCK,KS,ACE,CE,Federal Contract Tower,0,6,7,0,13,0,0,3,0,3,0,6,10,0,16,6,0,6,22
03/24/2020,GCK,KS,ACE,CE,Federal Contract Tower,0,9,5,2,16,0,0,9,0,9,0,9,14,2,25,8,0,8,33
03/25/2020,GCK,KS,ACE,CE,Federal Contract Tower,0,7,5,0,12,0,0,11,0,11,0,7,16,0,23,10,0,10,33
03/26/2020,GCK,KS,ACE,CE,Federal Contract Tower,0,7,14,0,21,0,1,20,0,21,0,8,34,0,42,0,0,0,42
03/27/2020,GCK,KS,ACE,CE,Federal Contract Tower,0,6,4,0,10,0,0,0,0,0,0,6,4,0,10,0,0,0,10
03/28/2020,GCK,KS,ACE,CE,Federal Contract Tower,0,6,1,0,7,0,0,0,0,0,0,6,1,0,7,0,0,0,7
03/29/2020,GCK,KS,ACE,CE,Federal Contract Tower,0,4,10,0,14,0,0,20,0,20,0,4,30,0,34,10,0,10,44
03/30/2020,GCK,KS,ACE,CE,Federal Contract Tower,0,6,2,0,8,0,0,2,0,2,0,6,4,0,10,0,0,0,10
03/31/2020,GCK,KS,ACE,CE,Federal Contract Tower,0,7,1,2,10,0,0,6,0,6,0,7,7,2,16,10,44,54,70
04/01/2020,GCK,KS,ACE,CE,Federal Contract Tower,0,8,11,0,19,0,0,14,0,14,0,8,25,0,33,2,0,2,35
04/02/2020,GCK,KS,ACE,CE,Federal Contract Tower,0,11,6,0,17,0,0,0,0,0,0,11,6,0,17,0,0,0,17
04/03/2020,GCK,KS,ACE,CE,Federal Contract Tower,0,7,3,0,10,0,0,16,0,16,0,7,19,0,26,0,0,0,26
04/04/2020,GCK,KS,ACE,CE,Federal Contract Tower,0,6,6,0,12,0,0,8,0,8,0,6,14,0,20,4,0,4,24
04/05/2020,GCK,KS,ACE,CE,Federal Contract Tower,0,0,2,0,2,0,0,6,0,6,0,0,8,0,8,0,0,0,8
04/06/2020,GCK,KS,ACE,CE,Federal Contract Tower,0,7,5,6,18,0,0,23,0,23,0,7,28,6,41,2,48,50,91
04/07/2020,GCK,KS,ACE,CE,Federal Contract Tower,0,8,6,1,15,0,0,15,0,15,0,8,21,1,30,0,42,42,72
04/08/2020,GCK,KS,ACE,CE,Federal Contract Tower,0,7,5,0,12,0,2,14,0,16,0,9,19,0,28,4,0,4,32
04/09/2020,GCK,KS,ACE,CE,Federal Contract Tower,0,5,4,0,9,0,0,14,0,14,0,5,18,0,23,0,0,0,23
04/10/2020,GCK,KS,ACE,CE,Federal Contract Tower,0,6,7,0,13,0,0,7,0,7,0,6,14,0,20,2,0,2,22
04/11/2020,GCK,KS,ACE,CE,Federal Contract Tower,0,5,2,2,9,0,1,26,0,27,0,6,28,2,36,4,22,26,62
04/12/2020,GCK,KS,ACE,CE,Federal Contract Tower,0,3,1,0,4,0,0,0,0,0,0,3,1,0,4,0,0,0,4
04/13/2020,GCK,KS,ACE,CE,Federal Contract Tower,0,5,5,0,10,0,0,9,0,9,0,5,14,0,19,8,0,8,27
04/14/2020,GCK,KS,ACE,CE,Federal Contract Tower,0,8,1,2,11,0,0,3,0,3,0,8,4,2,14,0,40,40,54
04/15/2020,GCK,KS,ACE,CE,Federal Contract Tower,0,4,11,0,15,0,0,15,0,15,0,4,26,0,30,6,0,6,36
04/16/2020,GCK,KS,ACE,CE,Federal Contract Tower,0,10,4,0,14,0,0,6,0,6,0,10,10,0,20,0,0,0,20
04/17/2020,GCK,KS,ACE,CE,Federal Contract Tower,0,7,5,9,21,0,0,9,1,10,0,7,14,10,31,2,108,110,141
04/18/2020,GCK,KS,ACE,CE,Federal Contract Tower,0,4,1,5,10,0,2,3,1,6,0,6,4,6,16,0,78,78,94
04/19/2020,GCK,KS,ACE,CE,Federal Contract Tower,0,4,5,0,9,0,0,30,2,32,0,4,35,2,41,28,0,28,69
04/20/2020,GCK,KS,ACE,CE,Federal Contract Tower,0,5,10,6,21,0,0,27,0,27,0,5,37,6,48,10,12,22,70
04/21/2020,GCK,KS,ACE,CE,Federal Contract Tower,0,7,5,0,12,0,0,8,0,8,0,7,13,0,20,0,0,0,20
04/22/2020,GCK,KS,ACE,CE,Federal Contract Tower,0,9,2,0,11,0,3,2,0,5,0,12,4,0,16,0,0,0,16
04/23/2020,GCK,KS,ACE,CE,Federal Contract Tower,0,6,10,0,16,0,0,32,0,32,0,6,42,0,48,6,0,6,54
04/24/2020,GCK,KS,ACE,CE,Federal Contract Tower,0,6,5,0,11,0,0,4,0,4,0,6,9,0,15,0,0,0,15
04/25/2020,GCK,KS,ACE,CE,Federal Contract Tower,0,2,4,8,14,0,2,11,0,13,0,4,15,8,27,0,104,104,131
04/26/2020,GCK,KS,ACE,CE,Federal Contract Tower,0,2,4,0,6,0,0,16,0,16,0,2,20,0,22,6,0,6,28
04/27/2020,GCK,KS,ACE,CE,Federal Contract Tower,0,8,7,5,20,0,0,20,0,20,0,8,27,5,40,4,104,108,148
04/28/2020,GCK,KS,ACE,CE,Federal Contract Tower,0,5,1,0,6,0,0,9,0,9,0,5,10,0,15,0,0,0,15
04/29/2020,GCK,KS,ACE,CE,Federal Contract Tower,0,8,12,0,20,0,1,15,0,16,0,9,27,0,36,0,0,0,36
04/30/2020,GCK,KS,ACE,CE,Federal Contract Tower,0,6,7,4,17,0,0,33,0,33,0,6,40,4,50,0,2,2,52
05/01/2020,GCK,KS,ACE,CE,Federal Contract Tower,0,7,4,0,11,0,0,34,0,34,0,7,38,0,45,14,0,14,59
05/02/2020,GCK,KS,ACE,CE,Federal Contract Tower,0,5,2,0,7,0,4,7,2,13,0,9,9,2,20,0,0,0,20
05/03/2020,GCK,KS,ACE,CE,Federal Contract Tower,0,5,4,2,11,0,0,34,0,34,0,5,38,2,45,10,4,14,59
05/04/2020,GCK,KS,ACE,CE,Federal Contract Tower,0,4,10,3,17,0,1,1,1,3,0,5,11,4,20,0,2,2,22
05/05/2020,GCK,KS,ACE,CE,Federal Contract Tower,0,7,15,0,22,0,0,27,0,27,0,7,42,0,49,12,0,12,61
05/06/2020,GCK,KS,ACE,CE,Federal Contract Tower,0,6,8,0,14,0,0,38,2,40,0,6,46,2,54,22,0,22,76
05/07/2020,GCK,KS,ACE,CE,Federal Contract Tower,0,11,8,0,19,0,0,13,0,13,0,11,21,0,32,0,0,0,32
05/08/2020,GCK,KS,ACE,CE,Federal Contract Tower,0,8,8,2,18,0,1,20,0,21,0,9,28,2,39,10,30,40,79
05/09/2020,GCK,KS,ACE,CE,Federal Contract Tower,0,6,4,0,10,0,1,19,0,20,0,7,23,0,30,0,0,0,30
05/10/2020,GCK,KS,ACE,CE,Federal Contract Tower,0,2,2,0,4,0,0,16,0,16,0,2,18,0,20,0,0,0,20
05/11/2020,GCK,KS,ACE,CE,Federal Contract Tower,0,10,10,0,20,0,0,7,0,7,0,10,17,0,27,0,0,0,27
05/12/2020,GCK,KS,ACE,CE,Federal Contract Tower,0,9,7,0,16,0,0,0,0,0,0,9,7,0,16,0,0,0,16
05/13/2020,GCK,KS,ACE,CE,Federal Contract Tower,0,8,1,0,9,0,0,4,0,4,0,8,5,0,13,0,0,0,13
05/14/2020,GCK,KS,ACE,CE,Federal Contract Tower,0,5,13,0,18,0,1,27,0,28,0,6,40,0,46,0,0,0,46
05/15/2020,GCK,KS,ACE,CE,Federal Contract Tower,0,8,8,0,16,0,0,24,0,24,0,8,32,0,40,10,0,10,50
05/16/2020,GCK,KS,ACE,CE,Federal Contract Tower,0,8,6,0,14,0,1,25,0,26,0,9,31,0,40,20,0,20,60
05/17/2020,GCK,KS,ACE,CE,Federal Contract Tower,0,2,5,0,7,0,0,21,0,21,0,2,26,0,28,16,0,16,44
05/18/2020,GCK,KS,ACE,CE,Federal Contract Tower,0,7,8,2,17,0,1,26,20,47,0,8,34,22,64,6,34,40,104
05/19/2020,GCK,KS,ACE,CE,Federal Contract Tower,0,8,2,0,10,0,1,17,8,26,0,9,19,8,36,0,0,0,36
05/20/2020,GCK,KS,ACE,CE,Federal Contract Tower,0,8,10,4,22,0,0,3,14,17,0,8,13,18,39,0,0,0,39
05/21/2020,GCK,KS,ACE,CE,Federal Contract Tower,0,6,9,3,18,0,0,16,9,25,0,6,25,12,43,0,0,0,43
05/22/2020,GCK,KS,ACE,CE,Federal Contract Tower,0,6,12,0,18,0,1,41,20,62,0,7,53,20,80,8,0,8,88
05/23/2020,GCK,KS,ACE,CE,Federal Contract Tower,0,6,9,0,15,0,1,17,0,18,0,7,26,0,33,0,0,0,33
05/24/2020,GCK,KS,ACE,CE,Federal Contract Tower,0,2,4,0,6,0,0,7,0,7,0,2,11,0,13,0,0,0,13
05/25/2020,GCK,KS,ACE,CE,Federal Contract Tower,0,2,4,0,6,0,0,4,0,4,0,2,8,0,10,0,0,0,10
05/26/2020,GCK,KS,ACE,CE,Federal Contract Tower,0,7,10,0,17,0,0,0,0,0,0,7,10,0,17,4,0,4,21
05/27/2020,GCK,KS,ACE,CE,Federal Contract Tower,0,8,5,5,18,0,0,24,2,26,0,8,29,7,44,0,18,18,62
05/28/2020,GCK,KS,ACE,CE,Federal Contract Tower,0,8,13,0,21,0,2,33,0,35,0,10,46,0,56,2,0,2,58
05/29/2020,GCK,KS,ACE,CE,Federal Contract Tower,0,8,7,0,15,0,0,26,2,28,0,8,33,2,43,4,0,4,47
05/30/2020,GCK,KS,ACE,CE,Federal Contract Tower,0,7,6,0,13,0,0,9,0,9,0,7,15,0,22,0,0,0,22
05/31/2020,GCK,KS,ACE,CE,Federal Contract Tower,0,7,7,0,14,0,3,11,0,14,0,10,18,0,28,0,0,0,28
06/01/2020,GCK,KS,ACE,CE,Federal Contract Tower,0,5,5,0,10,0,2,17,0,19,0,7,22,0,29,0,0,0,29
06/02/2020,GCK,KS,ACE,CE,Federal Contract Tower,0,9,7,0,16,0,2,18,14,34,0,11,25,14,50,0,0,0,50
06/03/2020,GCK,KS,ACE,CE,Federal Contract Tower,0,7,13,0,20,0,1,23,0,24,0,8,36,0,44,8,0,8,52
06/04/2020,GCK,KS,ACE,CE,Federal Contract Tower,0,8,14,0,22,0,2,33,0,35,0,10,47,0,57,0,0,0,57
06/05/2020,GCK,KS,ACE,CE,Federal Contract Tower,0,6,14,0,20,0,1,39,4,44,0,7,53,4,64,2,0,2,66
06/06/2020,GCK,KS,ACE,CE,Federal Contract Tower,2,4,11,0,17,0,0,16,0,16,2,4,27,0,33,0,0,0,33
06/07/2020,GCK,KS,ACE,CE,Federal Contract Tower,0,2,8,0,10,0,0,6,0,6,0,2,14,0,16,2,0,2,18
06/08/2020,GCK,KS,ACE,CE,Federal Contract Tower,0,7,10,0,17,0,0,5,0,5,0,7,15,0,22,0,0,0,22
06/09/2020,GCK,KS,ACE,CE,Federal Contract Tower,0,7,6,0,13,0,0,1,0,1,0,7,7,0,14,0,0,0,14
06/10/2020,GCK,KS,ACE,CE,Federal Contract Tower,2,7,13,0,22,0,0,60,0,60,2,7,73,0,82,4,0,4,86
06/11/2020,GCK,KS,ACE,CE,Federal Contract Tower,0,7,8,0,15,0,2,36,0,38,0,9,44,0,53,2,0,2,55
06/12/2020,GCK,KS,ACE,CE,Federal Contract Tower,0,6,14,0,20,0,2,21,0,23,0,8,35,0,43,0,0,0,43
06/13/2020,GCK,KS,ACE,CE,Federal Contract Tower,0,5,7,0,12,0,1,19,0,20,0,6,26,0,32,0,0,0,32
06/14/2020,GCK,KS,ACE,CE,Federal Contract Tower,0,7,6,0,13,0,1,6,0,7,0,8,12,0,20,0,0,0,20
06/15/2020,GCK,KS,ACE,CE,Federal Contract Tower,0,5,8,0,13,0,0,16,6,22,0,5,24,6,35,0,0,0,35
06/16/2020,GCK,KS,ACE,CE,Federal Contract Tower,0,9,5,0,14,0,0,7,2,9,0,9,12,2,23,0,0,0,23
06/17/2020,GCK,KS,ACE,CE,Federal Contract Tower,0,9,5,0,14,0,2,12,0,14,0,11,17,0,28,10,0,10,38
06/18/2020,GCK,KS,ACE,CE,Federal Contract Tower,0,6,13,0,19,0,2,29,0,31,0,8,42,0,50,0,0,0,50
06/19/2020,GCK,KS,ACE,CE,Federal Contract Tower,0,8,5,0,13,0,1,8,0,9,0,9,13,0,22,2,0,2,24
06/20/2020,GCK,KS,ACE,CE,Federal Contract Tower,0,5,3,0,8,0,0,43,0,43,0,5,46,0,51,0,0,0,51
06/21/2020,GCK,KS,ACE,CE,Federal Contract Tower,0,2,5,0,7,0,1,15,0,16,0,3,20,0,23,0,0,0,23
06/22/2020,GCK,KS,ACE,CE,Federal Contract Tower,0,5,11,0,16,0,3,28,0,31,0,8,39,0,47,16,0,16,63
06/23/2020,GCK,KS,ACE,CE,Federal Contract Tower,0,8,10,0,18,0,1,21,0,22,0,9,31,0,40,0,0,0,40
06/24/2020,GCK,KS,ACE,CE,Federal Contract Tower,0,10,13,0,23,0,4,21,0,25,0,14,34,0,48,10,0,10,58
06/25/2020,GCK,KS,ACE,CE,Federal Contract Tower,0,7,12,0,19,0,0,32,0,32,0,7,44,0,51,4,0,4,55
06/26/2020,GCK,KS,ACE,CE,Federal Contract Tower,0,12,9,0,21,0,0,42,0,42,0,12,51,0,63,8,0,8,71
06/27/2020,GCK,KS,ACE,CE,Federal Contract Tower,0,5,6,0,11,0,6,31,0,37,0,11,37,0,48,8,0,8,56
06/28/2020,GCK,KS,ACE,CE,Federal Contract Tower,0,2,8,0,10,0,3,9,0,12,0,5,17,0,22,0,0,0,22
06/29/2020,GCK,KS,ACE,CE,Federal Contract Tower,0,5,16,0,21,0,0,9,0,9,0,5,25,0,30,0,0,0,30
06/30/2020,GCK,KS,ACE,CE,Federal Contract Tower,0,7,5,0,12,0,0,22,0,22,0,7,27,0,34,0,0,0,34
07/01/2020,GCK,KS,ACE,CE,Federal Contract Tower,0,8,13,0,21,0,0,17,0,17,0,8,30,0,38,4,0,4,42
07/02/2020,GCK,KS,ACE,CE,Federal Contract Tower,0,12,18,0,30,0,0,36,0,36,0,12,54,0,66,0,0,0,66
07/03/2020,GCK,KS,ACE,CE,Federal Contract Tower,0,9,8,0,17,0,0,31,0,31,0,9,39,0,48,28,0,28,76
07/04/2020,GCK,KS,ACE,CE,Federal Contract Tower,0,6,1,0,7,0,2,28,0,30,0,8,29,0,37,0,0,0,37
07/05/2020,GCK,KS,ACE,CE,Federal Contract Tower,0,3,3,0,6,0,8,2,0,10,0,11,5,0,16,0,0,0,16
07/06/2020,GCK,KS,ACE,CE,Federal Contract Tower,0,9,15,0,24,0,0,46,0,46,0,9,61,0,70,4,0,4,74
07/07/2020,GCK,KS,ACE,CE,Federal Contract Tower,0,11,7,0,18,0,4,47,0,51,0,15,54,0,69,0,0,0,69
07/08/2020,GCK,KS,ACE,CE,Federal Contract Tower,0,13,11,0,24,0,0,27,2,29,0,13,38,2,53,0,0,0,53
07/09/2020,GCK,KS,ACE,CE,Federal Contract Tower,0,7,8,0,15,0,0,35,0,35,0,7,43,0,50,0,0,0,50
07/10/2020,GCK,KS,ACE,CE,Federal Contract Tower,0,9,13,2,24,0,3,50,0,53,0,12,63,2,77,0,0,0,77
07/11/2020,GCK,KS,ACE,CE,Federal Contract Tower,0,8,4,0,12,0,1,58,2,61,0,9,62,2,73,0,0,0,73
07/12/2020,GCK,KS,ACE,CE,Federal Contract Tower,0,4,8,0,12,0,0,45,0,45,0,4,53,0,57,16,0,16,73
07/13/2020,GCK,KS,ACE,CE,Federal Contract Tower,0,7,6,0,13,0,0,39,0,39,0,7,45,0,52,0,0,0,52
07/14/2020,GCK,KS,ACE,CE,Federal Contract Tower,0,9,12,0,21,0,1,82,8,91,0,10,94,8,112,10,0,10,122
07/15/2020,GCK,KS,ACE,CE,Federal Contract Tower,2,8,12,0,22,0,0,67,0,67,2,8,79,0,89,18,0,18,107
07/16/2020,GCK,KS,ACE,CE,Federal Contract Tower,0,8,9,3,20,0,0,98,1,99,0,8,107,4,119,0,0,0,119
07/18/2020,GCK,KS,ACE,CE,Federal Contract Tower,0,4,5,0,9,0,1,69,0,70,0,5,74,0,79,8,0,8,87
07/19/2020,GCK,KS,ACE,CE,Federal Contract Tower,2,3,7,0,12,0,1,105,0,106,2,4,112,0,118,0,0,0,118
07/20/2020,GCK,KS,ACE,CE,Federal Contract Tower,0,4,9,0,13,0,0,66,0,66,0,4,75,0,79,0,0,0,79
07/21/2020,GCK,KS,ACE,CE,Federal Contract Tower,0,9,9,2,20,0,0,95,3,98,0,9,104,5,118,0,12,12,130
07/22/2020,GCK,KS,ACE,CE,Federal Contract Tower,0,14,11,5,30,0,0,58,4,62,0,14,69,9,92,0,4,4,96
07/23/2020,GCK,KS,ACE,CE,Federal Contract Tower,0,6,9,2,17,0,0,67,2,69,0,6,76,4,86,16,0,16,102
07/24/2020,GCK,KS,ACE,CE,Federal Contract Tower,0,7,16,19,42,0,0,34,1,35,0,7,50,20,77,0,44,44,121
07/25/2020,GCK,KS,ACE,CE,Federal Contract Tower,0,5,3,5,13,0,0,25,13,38,0,5,28,18,51,0,8,8,59
07/26/2020,GCK,KS,ACE,CE,Federal Contract Tower,0,2,3,2,7,0,1,31,0,32,0,3,34,2,39,0,4,4,43
07/27/2020,GCK,KS,ACE,CE,Federal Contract Tower,0,14,11,2,27,0,2,31,1,34,0,16,42,3,61,0,20,20,81
07/28/2020,GCK,KS,ACE,CE,Federal Contract Tower,0,9,15,0,24,0,2,28,0,30,0,11,43,0,54,0,0,0,54
07/29/2020,GCK,KS,ACE,CE,Federal Contract Tower,0,9,4,3,16,0,1,43,3,47,0,10,47,6,63,14,12,26,89
07/30/2020,GCK,KS,ACE,CE,Federal Contract Tower,0,8,8,5,21,0,0,47,0,47,0,8,55,5,68,28,20,48,116
07/31/2020,GCK,KS,ACE,CE,Federal Contract Tower,0,6,13,11,30,0,0,75,2,77,0,6,88,13,107,20,14,34,141
08/01/2020,GCK,KS,ACE,CE,Federal Contract Tower,0,6,7,3,16,0,0,46,1,47,0,6,53,4,63,6,0,6,69
08/02/2020,GCK,KS,ACE,CE,Federal Contract Tower,0,2,3,2,7,0,0,16,1,17,0,2,19,3,24,6,4,10,34
08/03/2020,GCK,KS,ACE,CE,Federal Contract Tower,0,7,9,2,18,0,0,27,9,36,0,7,36,11,54,0,8,8,62
08/04/2020,GCK,KS,ACE,CE,Federal Contract Tower,0,10,8,4,22,0,0,11,0,11,0,10,19,4,33,0,4,4,37
08/05/2020,GCK,KS,ACE,CE,Federal Contract Tower,0,10,16,2,28,0,0,47,2,49,0,10,63,4,77,0,0,0,77
08/06/2020,GCK,KS,ACE,CE,Federal Contract Tower,0,8,13,0,21,0,0,15,0,15,0,8,28,0,36,0,0,0,36
08/07/2020,GCK,KS,ACE,CE,Federal Contract Tower,0,6,4,3,13,0,1,58,0,59,0,7,62,3,72,0,8,8,80
08/08/2020,GCK,KS,ACE,CE,Federal Contract Tower,0,6,7,0,13,0,1,30,0,31,0,7,37,0,44,12,0,12,56
08/09/2020,GCK,KS,ACE,CE,Federal Contract Tower,0,2,11,2,15,0,0,28,0,28,0,2,39,2,43,18,4,22,65
08/10/2020,GCK,KS,ACE,CE,Federal Contract Tower,0,5,7,0,12,0,0,35,0,35,0,5,42,0,47,24,0,24,71
08/11/2020,GCK,KS,ACE,CE,Federal Contract Tower,0,9,13,0,22,0,0,36,0,36,0,9,49,0,58,0,0,0,58
08/12/2020,GCK,KS,ACE,CE,Federal Contract Tower,0,9,8,1,18,0,0,33,0,33,0,9,41,1,51,0,2,2,53
08/13/2020,GCK,KS,ACE,CE,Federal Contract Tower,0,8,13,0,21,0,0,23,0,23,0,8,36,0,44,0,0,0,44
08/14/2020,GCK,KS,ACE,CE,Federal Contract Tower,0,8,8,0,16,0,0,18,0,18,0,8,26,0,34,0,0,0,34
08/15/2020,GCK,KS,ACE,CE,Federal Contract Tower,0,5,8,0,13,0,0,42,4,46,0,5,50,4,59,6,0,6,65
08/16/2020,GCK,KS,ACE,CE,Federal Contract Tower,0,4,8,0,12,0,0,5,2,7,0,4,13,2,19,0,0,0,19
08/17/2020,GCK,KS,ACE,CE,Federal Contract Tower,0,7,3,3,13,0,0,39,1,40,0,7,42,4,53,24,40,64,117
08/18/2020,GCK,KS,ACE,CE,Federal Contract Tower,0,9,5,1,15,0,0,41,6,47,0,9,46,7,62,2,8,10,72
08/19/2020,GCK,KS,ACE,CE,Federal Contract Tower,0,12,16,2,30,0,0,33,0,33,0,12,49,2,63,0,0,0,63
08/20/2020,GCK,KS,ACE,CE,Federal Contract Tower,0,6,11,2,19,0,0,39,0,39,0,6,50,2,58,0,2,2,60
08/21/2020,GCK,KS,ACE,CE,Federal Contract Tower,0,7,10,17,34,0,2,70,7,79,0,9,80,24,113,2,56,58,171
08/22/2020,GCK,KS,ACE,CE,Federal Contract Tower,0,7,7,2,16,0,1,17,3,21,0,8,24,5,37,6,4,10,47
08/23/2020,GCK,KS,ACE,CE,Federal Contract Tower,0,3,6,2,11,0,0,15,1,16,0,3,21,3,27,4,0,4,31
08/24/2020,GCK,KS,ACE,CE,Federal Contract Tower,0,7,12,0,19,0,2,16,4,22,0,9,28,4,41,12,4,16,57
08/25/2020,GCK,KS,ACE,CE,Federal Contract Tower,0,9,12,0,21,0,1,9,2,12,0,10,21,2,33,0,0,0,33
08/26/2020,GCK,KS,ACE,CE,Federal Contract Tower,0,10,2,0,12,0,0,29,0,29,0,10,31,0,41,0,0,0,41
08/27/2020,GCK,KS,ACE,CE,Federal Contract Tower,0,9,8,0,17,0,0,40,4,44,0,9,48,4,61,0,0,0,61
08/28/2020,GCK,KS,ACE,CE,Federal Contract Tower,0,6,15,16,37,0,1,47,5,53,0,7,62,21,90,0,46,46,136
08/29/2020,GCK,KS,ACE,CE,Federal Contract Tower,0,7,17,0,24,0,3,4,0,7,0,10,21,0,31,2,0,2,33
08/30/2020,GCK,KS,ACE,CE,Federal Contract Tower,0,2,5,0,7,0,0,18,0,18,0,2,23,0,25,0,0,0,25
08/31/2020,GCK,KS,ACE,CE,Federal Contract Tower,0,8,11,1,20,0,2,11,0,13,0,10,22,1,33,0,2,2,35
09/01/2020,GCK,KS,ACE,CE,Federal Contract Tower,0,9,8,2,19,0,0,9,6,15,0,9,17,8,34,8,0,8,42
09/02/2020,GCK,KS,ACE,CE,Federal Contract Tower,0,11,17,7,35,0,0,35,15,50,0,11,52,22,85,4,10,14,99
09/03/2020,GCK,KS,ACE,CE,Federal Contract Tower,0,9,9,0,18,0,0,22,0,22,0,9,31,0,40,0,0,0,40
09/04/2020,GCK,KS,ACE,CE,Federal Contract Tower,0,14,13,1,28,0,0,34,1,35,0,14,47,2,63,16,0,16,79
09/05/2020,GCK,KS,ACE,CE,Federal Contract Tower,0,9,5,0,14,0,0,13,0,13,0,9,18,0,27,4,0,4,31
09/06/2020,GCK,KS,ACE,CE,Federal Contract Tower,0,4,2,0,6,0,0,7,0,7,0,4,9,0,13,0,0,0,13
09/07/2020,GCK,KS,ACE,CE,Federal Contract Tower,0,4,3,0,7,0,1,12,0,13,0,5,15,0,20,0,0,0,20
09/08/2020,GCK,KS,ACE,CE,Federal Contract Tower,0,8,11,0,19,0,0,0,0,0,0,8,11,0,19,0,0,0,19
09/09/2020,GCK,KS,ACE,CE,Federal Contract Tower,0,9,10,0,19,0,0,0,0,0,0,9,10,0,19,0,0,0,19
09/10/2020,GCK,KS,ACE,CE,Federal Contract Tower,0,13,16,3,32,0,0,9,3,12,0,13,25,6,44,0,0,0,44
09/11/2020,GCK,KS,ACE,CE,Federal Contract Tower,0,13,9,7,29,0,0,13,3,16,0,13,22,10,45,0,20,20,65
09/12/2020,GCK,KS,ACE,CE,Federal Contract Tower,0,7,13,0,20,0,1,20,0,21,0,8,33,0,41,6,0,6,47
09/13/2020,GCK,KS,ACE,CE,Federal Contract Tower,0,2,4,0,6,0,2,7,0,9,0,4,11,0,15,0,0,0,15
09/14/2020,GCK,KS,ACE,CE,Federal Contract Tower,0,5,5,2,12,0,0,10,12,22,0,5,15,14,34,0,4,4,38
09/15/2020,GCK,KS,ACE,CE,Federal Contract Tower,0,9,3,3,15,0,4,2,1,7,0,13,5,4,22,0,4,4,26
09/16/2020,GCK,KS,ACE,CE,Federal Contract Tower,0,7,17,2,26,0,0,18,0,18,0,7,35,2,44,4,4,8,52
09/17/2020,GCK,KS,ACE,CE,Federal Contract Tower,0,9,9,3,21,0,3,27,0,30,0,12,36,3,51,6,2,8,59
09/18/2020,GCK,KS,ACE,CE,Federal Contract Tower,0,11,12,6,29,0,0,17,3,20,0,11,29,9,49,6,10,16,65
09/19/2020,GCK,KS,ACE,CE,Federal Contract Tower,0,6,4,0,10,0,2,8,0,10,0,8,12,0,20,4,0,4,24
09/20/2020,GCK,KS,ACE,CE,Federal Contract Tower,0,4,6,0,10,0,2,13,0,15,0,6,19,0,25,0,0,0,25
09/21/2020,GCK,KS,ACE,CE,Federal Contract Tower,0,13,9,2,24,0,0,8,4,12,0,13,17,6,36,2,0,2,38
09/22/2020,GCK,KS,ACE,CE,Federal Contract Tower,0,14,11,1,26,0,0,14,1,15,0,14,25,2,41,4,4,8,49
09/23/2020,GCK,KS,ACE,CE,Federal Contract Tower,0,9,9,0,18,0,1,14,2,17,0,10,23,2,35,2,0,2,37
09/24/2020,GCK,KS,ACE,CE,Federal Contract Tower,0,11,10,0,21,0,0,24,0,24,0,11,34,0,45,6,0,6,51
09/25/2020,GCK,KS,ACE,CE,Federal Contract Tower,0,9,10,0,19,0,0,17,0,17,0,9,27,0,36,12,0,12,48
09/26/2020,GCK,KS,ACE,CE,Federal Contract Tower,0,7,7,0,14,0,0,11,0,11,0,7,18,0,25,0,0,0,25
09/27/2020,GCK,KS,ACE,CE,Federal Contract Tower,0,4,6,0,10,0,0,8,0,8,0,4,14,0,18,0,0,0,18
09/28/2020,GCK,KS,ACE,CE,Federal Contract Tower,0,5,6,0,11,0,4,8,0,12,0,9,14,0,23,10,0,10,33
09/29/2020,GCK,KS,ACE,CE,Federal Contract Tower,0,17,10,0,27,0,2,7,0,9,0,19,17,0,36,0,0,0,36
09/30/2020,GCK,KS,ACE,CE,Federal Contract Tower,0,7,9,0,16,0,2,12,16,30,0,9,21,16,46,0,0,0,46
10/01/2020,GCK,KS,ACE,CE,Federal Contract Tower,0,13,15,2,30,0,1,12,0,13,0,14,27,2,43,8,0,8,51
10/02/2020,GCK,KS,ACE,CE,Federal Contract Tower,0,12,7,12,31,0,0,7,0,7,0,12,14,12,38,0,32,32,70
10/03/2020,GCK,KS,ACE,CE,Federal Contract Tower,0,7,3,2,12,0,0,19,0,19,0,7,22,2,31,0,6,6,37
10/04/2020,GCK,KS,ACE,CE,Federal Contract Tower,0,4,8,3,15,0,0,14,1,15,0,4,22,4,30,16,10,26,56
10/05/2020,GCK,KS,ACE,CE,Federal Contract Tower,0,6,3,0,9,0,2,5,0,7,0,8,8,0,16,4,0,4,20
10/06/2020,GCK,KS,ACE,CE,Federal Contract Tower,0,9,14,0,23,0,1,40,0,41,0,10,54,0,64,16,0,16,80
10/07/2020,GCK,KS,ACE,CE,Federal Contract Tower,0,8,10,2,20,0,3,22,0,25,0,11,32,2,45,10,20,30,75
10/08/2020,GCK,KS,ACE,CE,Federal Contract Tower,0,12,19,0,31,0,4,17,0,21,0,16,36,0,52,14,0,14,66
10/09/2020,GCK,KS,ACE,CE,Federal Contract Tower,0,12,13,4,29,0,4,16,0,20,0,16,29,4,49,0,6,6,55
10/10/2020,GCK,KS,ACE,CE,Federal Contract Tower,0,5,10,1,16,0,0,13,1,14,0,5,23,2,30,0,8,8,38
10/11/2020,GCK,KS,ACE,CE,Federal Contract Tower,0,2,14,0,16,0,0,1,0,1,0,2,15,0,17,0,0,0,17
10/12/2020,GCK,KS,ACE,CE,Federal Contract Tower,0,7,23,8,38,0,0,14,0,14,0,7,37,8,52,6,8,14,66
10/13/2020,GCK,KS,ACE,CE,Federal Contract Tower,0,6,6,2,14,0,3,13,1,17,0,9,19,3,31,10,8,18,49
10/14/2020,GCK,KS,ACE,CE,Federal Contract Tower,0,9,5,0,14,0,0,13,0,13,0,9,18,0,27,20,0,20,47
10/15/2020,GCK,KS,ACE,CE,Federal Contract Tower,0,9,12,0,21,0,0,10,0,10,0,9,22,0,31,14,0,14,45
10/16/2020,GCK,KS,ACE,CE,Federal Contract Tower,0,9,5,11,25,0,1,7,0,8,0,10,12,11,33,6,14,20,53
10/17/2020,GCK,KS,ACE,CE,Federal Contract Tower,0,9,11,5,25,0,3,7,3,13,0,12,18,8,38,4,22,26,64
10/18/2020,GCK,KS,ACE,CE,Federal Contract Tower,0,5,10,2,17,0,2,1,0,3,0,7,11,2,20,0,0,0,20
10/19/2020,GCK,KS,ACE,CE,Federal Contract Tower,0,4,13,11,28,0,0,8,1,9,0,4,21,12,37,2,46,48,85
10/20/2020,GCK,KS,ACE,CE,Federal Contract Tower,0,9,11,8,28,0,3,3,0,6,0,12,14,8,34,8,4,12,46
10/21/2020,GCK,KS,ACE,CE,Federal Contract Tower,2,6,9,4,21,0,0,6,0,6,2,6,15,4,27,0,0,0,27
10/22/2020,GCK,KS,ACE,CE,Federal Contract Tower,0,8,23,0,31,0,0,12,0,12,0,8,35,0,43,10,0,10,53
10/23/2020,GCK,KS,ACE,CE,Federal Contract Tower,0,10,7,0,17,0,2,8,0,10,0,12,15,0,27,0,0,0,27
10/24/2020,GCK,KS,ACE,CE,Federal Contract Tower,0,7,3,9,19,0,2,5,4,11,0,9,8,13,30,12,14,26,56
10/25/2020,GCK,KS,ACE,CE,Federal Contract Tower,0,2,3,1,6,0,0,0,0,0,0,2,3,1,6,0,0,0,6
10/26/2020,GCK,KS,ACE,CE,Federal Contract Tower,0,13,7,0,20,0,0,0,0,0,0,13,7,0,20,0,0,0,20
10/27/2020,GCK,KS,ACE,CE,Federal Contract Tower,0,6,2,0,8,0,0,3,0,3,0,6,5,0,11,0,0,0,11
10/28/2020,GCK,KS,ACE,CE,Federal Contract Tower,0,8,2,2,12,0,0,2,0,2,0,8,4,2,14,10,0,10,24
10/29/2020,GCK,KS,ACE,CE,Federal Contract Tower,0,6,11,9,26,0,3,14,0,17,0,9,25,9,43,6,64,70,113
10/30/2020,GCK,KS,ACE,CE,Federal Contract Tower,0,9,7,2,18,0,0,17,0,17,0,9,24,2,35,8,28,36,71
10/31/2020,GCK,KS,ACE,CE,Federal Contract Tower,0,8,3,0,11,0,1,11,0,12,0,9,14,0,23,4,0,4,27
11/01/2020,GCK,KS,ACE,CE,Federal Contract Tower,0,4,9,0,13,0,2,7,0,9,0,6,16,0,22,0,0,0,22
11/02/2020,GCK,KS,ACE,CE,Federal Contract Tower,0,5,3,0,8,0,1,16,2,19,0,6,19,2,27,16,0,16,43
11/03/2020,GCK,KS,ACE,CE,Federal Contract Tower,0,12,6,4,22,0,1,16,4,21,0,13,22,8,43,12,52,64,107
11/04/2020,GCK,KS,ACE,CE,Federal Contract Tower,0,12,10,0,22,0,2,22,6,30,0,14,32,6,52,6,0,6,58
11/05/2020,GCK,KS,ACE,CE,Federal Contract Tower,0,13,11,0,24,0,2,8,6,16,0,15,19,6,40,0,0,0,40
11/06/2020,GCK,KS,ACE,CE,Federal Contract Tower,0,11,8,4,23,0,4,10,0,14,0,15,18,4,37,0,0,0,37
11/07/2020,GCK,KS,ACE,CE,Federal Contract Tower,0,5,4,0,9,0,0,6,0,6,0,5,10,0,15,0,0,0,15
11/08/2020,GCK,KS,ACE,CE,Federal Contract Tower,0,2,4,4,10,0,0,1,0,1,0,2,5,4,11,0,0,0,11
11/09/2020,GCK,KS,ACE,CE,Federal Contract Tower,0,7,6,6,19,0,0,0,0,0,0,7,6,6,19,6,86,92,111
11/10/2020,GCK,KS,ACE,CE,Federal Contract Tower,0,11,4,0,15,0,2,6,0,8,0,13,10,0,23,0,0,0,23
11/11/2020,GCK,KS,ACE,CE,Federal Contract Tower,0,10,9,0,19,0,2,19,0,21,0,12,28,0,40,6,0,6,46
11/12/2020,GCK,KS,ACE,CE,Federal Contract Tower,2,12,6,3,23,0,0,8,1,9,2,12,14,4,32,0,4,4,36
11/13/2020,GCK,KS,ACE,CE,Federal Contract Tower,0,15,8,4,27,0,3,14,3,20,0,18,22,7,47,2,24,26,73
11/14/2020,GCK,KS,ACE,CE,Federal Contract Tower,0,4,5,0,9,0,0,3,0,3,0,4,8,0,12,4,0,4,16
11/15/2020,GCK,KS,ACE,CE,Federal Contract Tower,0,6,8,2,16,0,0,8,0,8,0,6,16,2,24,0,0,0,24
11/16/2020,GCK,KS,ACE,CE,Federal Contract Tower,0,9,8,3,20,0,0,16,0,16,0,9,24,3,36,6,12,18,54
11/17/2020,GCK,KS,ACE,CE,Federal Contract Tower,0,10,1,0,11,0,0,11,0,11,0,10,12,0,22,0,0,0,22
11/18/2020,GCK,KS,ACE,CE,Federal Contract Tower,0,16,16,2,34,0,4,10,0,14,0,20,26,2,48,4,0,4,52
11/19/2020,GCK,KS,ACE,CE,Federal Contract Tower,0,12,21,2,35,0,3,16,0,19,0,15,37,2,54,0,0,0,54
11/20/2020,GCK,KS,ACE,CE,Federal Contract Tower,0,11,8,0,19,0,2,9,0,11,0,13,17,0,30,6,0,6,36
11/21/2020,GCK,KS,ACE,CE,Federal Contract Tower,0,6,5,0,11,0,0,0,0,0,0,6,5,0,11,0,0,0,11
11/22/2020,GCK,KS,ACE,CE,Federal Contract Tower,0,4,10,0,14,0,0,13,0,13,0,4,23,0,27,6,0,6,33
11/23/2020,GCK,KS,ACE,CE,Federal Contract Tower,0,6,12,5,23,0,2,2,0,4,0,8,14,5,27,4,4,8,35
11/24/2020,GCK,KS,ACE,CE,Federal Contract Tower,0,11,6,0,17,0,1,0,0,1,0,12,6,0,18,0,0,0,18
11/25/2020,GCK,KS,ACE,CE,Federal Contract Tower,0,15,17,0,32,0,2,6,0,8,0,17,23,0,40,0,0,0,40
11/26/2020,GCK,KS,ACE,CE,Federal Contract Tower,2,3,2,0,7,0,1,5,0,6,2,4,7,0,13,6,0,6,19
11/27/2020,GCK,KS,ACE,CE,Federal Contract Tower,0,13,6,0,19,0,2,4,0,6,0,15,10,0,25,4,0,4,29
11/28/2020,GCK,KS,ACE,CE,Federal Contract Tower,0,6,8,0,14,0,0,4,0,4,0,6,12,0,18,0,0,0,18
11/29/2020,GCK,KS,ACE,CE,Federal Contract Tower,0,8,5,0,13,0,1,6,0,7,0,9,11,0,20,0,0,0,20
11/30/2020,GCK,KS,ACE,CE,Federal Contract Tower,2,6,9,5,22,0,2,12,1,15,2,8,21,6,37,6,14,20,57
12/01/2020,GCK,KS,ACE,CE,Federal Contract Tower,0,9,5,0,14,0,2,9,0,11,0,11,14,0,25,0,0,0,25
12/02/2020,GCK,KS,ACE,CE,Federal Contract Tower,0,12,1,0,13,0,1,0,0,1,0,13,1,0,14,0,0,0,14
12/03/2020,GCK,KS,ACE,CE,Federal Contract Tower,0,9,9,0,18,0,0,15,0,15,0,9,24,0,33,16,0,16,49
12/04/2020,GCK,KS,ACE,CE,Federal Contract Tower,0,12,6,5,23,0,0,13,1,14,0,12,19,6,37,0,2,2,39
12/05/2020,GCK,KS,ACE,CE,Federal Contract Tower,0,7,6,0,13,0,0,14,0,14,0,7,20,0,27,0,0,0,27
12/06/2020,GCK,KS,ACE,CE,Federal Contract Tower,0,2,2,1,5,0,0,6,2,8,0,2,8,3,13,6,22,28,41
12/07/2020,GCK,KS,ACE,CE,Federal Contract Tower,0,6,9,0,15,0,1,9,0,10,0,7,18,0,25,0,0,0,25
12/08/2020,GCK,KS,ACE,CE,Federal Contract Tower,0,8,8,2,18,0,0,12,0,12,0,8,20,2,30,8,0,8,38
12/09/2020,GCK,KS,ACE,CE,Federal Contract Tower,0,9,10,0,19,0,1,14,0,15,0,10,24,0,34,10,0,10,44
12/10/2020,GCK,KS,ACE,CE,Federal Contract Tower,0,10,11,1,22,0,1,8,1,10,0,11,19,2,32,2,36,38,70
12/11/2020,GCK,KS,ACE,CE,Federal Contract Tower,0,12,3,0,15,0,0,1,0,1,0,12,4,0,16,0,0,0,16
12/12/2020,GCK,KS,ACE,CE,Federal Contract Tower,0,9,10,0,19,0,0,3,0,3,0,9,13,0,22,0,0,0,22
12/13/2020,GCK,KS,ACE,CE,Federal Contract Tower,0,2,1,0,3,0,0,6,0,6,0,2,7,0,9,0,0,0,9
12/14/2020,GCK,KS,ACE,CE,Federal Contract Tower,0,5,6,0,11,0,0,6,0,6,0,5,12,0,17,0,0,0,17
12/15/2020,GCK,KS,ACE,CE,Federal Contract Tower,0,10,3,0,13,0,0,1,0,1,0,10,4,0,14,0,0,0,14
12/16/2020,GCK,KS,ACE,CE,Federal Contract Tower,0,11,12,0,23,0,0,8,0,8,0,11,20,0,31,10,0,10,41
12/17/2020,GCK,KS,ACE,CE,Federal Contract Tower,0,9,19,0,28,0,0,15,0,15,0,9,34,0,43,6,0,6,49
12/18/2020,GCK,KS,ACE,CE,Federal Contract Tower,0,11,5,4,20,0,0,9,0,9,0,11,14,4,29,6,10,16,45
12/19/2020,GCK,KS,ACE,CE,Federal Contract Tower,0,7,9,0,16,0,0,17,0,17,0,7,26,0,33,0,0,0,33
12/20/2020,GCK,KS,ACE,CE,Federal Contract Tower,0,2,9,2,13,0,0,11,0,11,0,2,20,2,24,8,4,12,36
12/21/2020,GCK,KS,ACE,CE,Federal Contract Tower,0,5,6,0,11,0,0,16,0,16,0,5,22,0,27,4,0,4,31
12/22/2020,GCK,KS,ACE,CE,Federal Contract Tower,0,10,5,0,15,0,2,3,0,5,0,12,8,0,20,4,0,4,24
12/23/2020,GCK,KS,ACE,CE,Federal Contract Tower,0,10,1,0,11,0,0,1,0,1,0,10,2,0,12,0,0,0,12
12/24/2020,GCK,KS,ACE,CE,Federal Contract Tower,0,10,2,0,12,0,1,4,0,5,0,11,6,0,17,0,0,0,17
12/25/2020,GCK,KS,ACE,CE,Federal Contract Tower,0,0,0,0,0,0,4,5,0,9,0,4,5,0,9,0,0,0,9
12/26/2020,GCK,KS,ACE,CE,Federal Contract Tower,0,4,8,0,12,0,0,10,0,10,0,4,18,0,22,0,0,0,22
12/27/2020,GCK,KS,ACE,CE,Federal Contract Tower,0,6,7,0,13,0,0,3,0,3,0,6,10,0,16,4,0,4,20
12/28/2020,GCK,KS,ACE,CE,Federal Contract Tower,0,5,6,0,11,0,1,4,0,5,0,6,10,0,16,0,0,0,16
12/29/2020,GCK,KS,ACE,CE,Federal Contract Tower,0,17,5,0,22,0,3,0,0,3,0,20,5,0,25,8,0,8,33
12/30/2020,GCK,KS,ACE,CE,Federal Contract Tower,0,9,1,0,10,0,0,19,0,19,0,9,20,0,29,8,0,8,37
12/31/2020,GCK,KS,ACE,CE,Federal Contract Tower,0,15,6,0,21,0,1,4,0,5,0,16,10,0,26,0,0,0,26
01/01/2021,GCK,KS,ACE,CE,Federal Contract Tower,0,5,0,0,5,0,0,2,0,2,0,5,2,0,7,0,0,0,7
01/02/2021,GCK,KS,ACE,CE,Federal Contract Tower,0,5,13,0,18,0,3,28,0,31,0,8,41,0,49,8,0,8,57
01/03/2021,GCK,KS,ACE,CE,Federal Contract Tower,0,7,3,0,10,0,2,12,0,14,0,9,15,0,24,0,0,0,24
01/04/2021,GCK,KS,ACE,CE,Federal Contract Tower,0,4,7,0,11,0,0,8,0,8,0,4,15,0,19,0,0,0,19
01/05/2021,GCK,KS,ACE,CE,Federal Contract Tower,0,16,14,0,30,0,8,6,0,14,0,24,20,0,44,4,0,4,48
01/06/2021,GCK,KS,ACE,CE,Federal Contract Tower,0,16,4,5,25,0,5,5,0,10,0,21,9,5,35,0,6,6,41
01/07/2021,GCK,KS,ACE,CE,Federal Contract Tower,2,11,10,0,23,0,0,5,0,5,2,11,15,0,28,6,0,6,34
01/08/2021,GCK,KS,ACE,CE,Federal Contract Tower,0,13,12,0,25,0,1,3,0,4,0,14,15,0,29,0,0,0,29
01/09/2021,GCK,KS,ACE,CE,Federal Contract Tower,0,5,1,0,6,0,0,0,0,0,0,5,1,0,6,0,0,0,6
01/10/2021,GCK,KS,ACE,CE,Federal Contract Tower,0,7,15,0,22,0,2,6,0,8,0,9,21,0,30,0,0,0,30
01/11/2021,GCK,KS,ACE,CE,Federal Contract Tower,2,9,9,0,20,0,0,8,0,8,2,9,17,0,28,0,0,0,28
01/12/2021,GCK,KS,ACE,CE,Federal Contract Tower,0,9,12,0,21,0,0,9,0,9,0,9,21,0,30,2,0,2,32
01/13/2021,GCK,KS,ACE,CE,Federal Contract Tower,0,10,5,0,15,0,2,12,0,14,0,12,17,0,29,20,0,20,49
01/14/2021,GCK,KS,ACE,CE,Federal Contract Tower,0,11,9,0,20,0,0,1,0,1,0,11,10,0,21,0,0,0,21
01/15/2021,GCK,KS,ACE,CE,Federal Contract Tower,0,10,5,0,15,0,0,1,0,1,0,10,6,0,16,0,0,0,16
01/16/2021,GCK,KS,ACE,CE,Federal Contract Tower,0,13,4,2,19,0,0,8,0,8,0,13,12,2,27,0,0,0,27
01/17/2021,GCK,KS,ACE,CE,Federal Contract Tower,0,3,3,18,24,0,1,7,0,8,0,4,10,18,32,24,30,54,86
01/18/2021,GCK,KS,ACE,CE,Federal Contract Tower,0,5,5,0,10,0,3,4,0,7,0,8,9,0,17,2,6,8,25
01/19/2021,GCK,KS,ACE,CE,Federal Contract Tower,0,9,6,0,15,0,2,9,0,11,0,11,15,0,26,4,0,4,30
01/20/2021,GCK,KS,ACE,CE,Federal Contract Tower,0,13,12,0,25,0,0,15,0,15,0,13,27,0,40,12,0,12,52
01/21/2021,GCK,KS,ACE,CE,Federal Contract Tower,0,11,10,0,21,0,2,15,0,17,0,13,25,0,38,18,0,18,56
01/22/2021,GCK,KS,ACE,CE,Federal Contract Tower,0,7,14,28,49,0,2,28,7,37,0,9,42,35,86,26,58,84,170
01/23/2021,GCK,KS,ACE,CE,Federal Contract Tower,0,4,4,0,8,0,1,0,0,1,0,5,4,0,9,0,0,0,9
01/24/2021,GCK,KS,ACE,CE,Federal Contract Tower,0,2,5,0,7,0,0,0,0,0,0,2,5,0,7,0,0,0,7
01/25/2021,GCK,KS,ACE,CE,Federal Contract Tower,0,9,4,0,13,0,0,1,0,1,0,9,5,0,14,0,0,0,14
01/26/2021,GCK,KS,ACE,CE,Federal Contract Tower,0,11,7,2,20,0,0,0,0,0,0,11,7,2,20,0,0,0,20
01/27/2021,GCK,KS,ACE,CE,Federal Contract Tower,0,10,5,2,17,0,4,10,2,16,0,14,15,4,33,24,6,30,63
01/28/2021,GCK,KS,ACE,CE,Federal Contract Tower,0,9,5,0,14,0,3,11,0,14,0,12,16,0,28,6,0,6,34
01/29/2021,GCK,KS,ACE,CE,Federal Contract Tower,0,11,4,0,15,0,0,16,2,18,0,11,20,2,33,28,8,36,69
01/30/2021,GCK,KS,ACE,CE,Federal Contract Tower,0,4,6,0,10,0,0,2,0,2,0,4,8,0,12,0,0,0,12
01/31/2021,GCK,KS,ACE,CE,Federal Contract Tower,0,4,0,2,6,0,8,2,0,10,0,12,2,2,16,10,20,30,46
02/01/2021,GCK,KS,ACE,CE,Federal Contract Tower,0,8,11,0,19,0,2,8,0,10,0,10,19,0,29,14,0,14,43
02/02/2021,GCK,KS,ACE,CE,Federal Contract Tower,0,13,9,0,22,0,1,10,4,15,0,14,19,4,37,24,0,24,61
02/03/2021,GCK,KS,ACE,CE,Federal Contract Tower,0,13,7,0,20,0,0,18,8,26,0,13,25,8,46,8,0,8,54
02/04/2021,GCK,KS,ACE,CE,Federal Contract Tower,0,7,6,2,15,0,0,7,6,13,0,7,13,8,28,0,4,4,32
02/05/2021,GCK,KS,ACE,CE,Federal Contract Tower,0,13,11,0,24,0,0,15,0,15,0,13,26,0,39,20,0,20,59
02/06/2021,GCK,KS,ACE,CE,Federal Contract Tower,0,10,6,0,16,0,2,1,2,5,0,12,7,2,21,0,0,0,21
02/07/2021,GCK,KS,ACE,CE,Federal Contract Tower,0,0,0,0,0,0,0,0,0,0,0,0,0,0,0,0,0,0,0
02/08/2021,GCK,KS,ACE,CE,Federal Contract Tower,0,11,3,0,14,0,0,0,0,0,0,11,3,0,14,0,0,0,14
02/09/2021,GCK,KS,ACE,CE,Federal Contract Tower,0,5,11,0,16,0,0,0,0,0,0,5,11,0,16,0,0,0,16
02/10/2021,GCK,KS,ACE,CE,Federal Contract Tower,0,11,12,0,23,0,0,0,0,0,0,11,12,0,23,0,0,0,23
02/11/2021,GCK,KS,ACE,CE,Federal Contract Tower,0,14,10,0,24,0,0,5,0,5,0,14,15,0,29,6,0,6,35
02/12/2021,GCK,KS,ACE,CE,Federal Contract Tower,0,8,6,0,14,0,0,0,0,0,0,8,6,0,14,0,0,0,14
02/13/2021,GCK,KS,ACE,CE,Federal Contract Tower,0,6,10,0,16,0,2,1,0,3,0,8,11,0,19,0,0,0,19
02/14/2021,GCK,KS,ACE,CE,Federal Contract Tower,0,8,0,0,8,0,0,0,0,0,0,8,0,0,8,0,0,0,8
02/15/2021,GCK,KS,ACE,CE,Federal Contract Tower,0,3,14,0,17,0,0,2,0,2,0,3,16,0,19,2,0,2,21
02/16/2021,GCK,KS,ACE,CE,Federal Contract Tower,0,6,7,0,13,0,0,1,0,1,0,6,8,0,14,0,0,0,14
02/17/2021,GCK,KS,ACE,CE,Federal Contract Tower,0,6,12,0,18,0,1,3,0,4,0,7,15,0,22,6,0,6,28
02/18/2021,GCK,KS,ACE,CE,Federal Contract Tower,0,6,7,0,13,0,0,3,0,3,0,6,10,0,16,0,0,0,16
02/19/2021,GCK,KS,ACE,CE,Federal Contract Tower,0,6,9,0,15,0,5,12,0,17,0,11,21,0,32,4,0,4,36
02/20/2021,GCK,KS,ACE,CE,Federal Contract Tower,0,11,4,0,15,0,0,10,2,12,0,11,14,2,27,4,0,4,31
02/21/2021,GCK,KS,ACE,CE,Federal Contract Tower,0,4,7,0,11,0,4,4,0,8,0,8,11,0,19,16,0,16,35
02/22/2021,GCK,KS,ACE,CE,Federal Contract Tower,2,5,10,0,17,0,2,19,0,21,2,7,29,0,38,14,0,14,52
02/23/2021,GCK,KS,ACE,CE,Federal Contract Tower,0,10,12,0,22,0,1,15,0,16,0,11,27,0,38,6,0,6,44
02/24/2021,GCK,KS,ACE,CE,Federal Contract Tower,0,11,13,0,24,0,0,25,4,29,0,11,38,4,53,12,0,12,65
02/25/2021,GCK,KS,ACE,CE,Federal Contract Tower,0,10,6,0,16,0,0,14,0,14,0,10,20,0,30,24,0,24,54
02/26/2021,GCK,KS,ACE,CE,Federal Contract Tower,0,10,19,5,34,0,0,14,1,15,0,10,33,6,49,20,28,48,97
02/27/2021,GCK,KS,ACE,CE,Federal Contract Tower,0,7,12,0,19,0,0,12,0,12,0,7,24,0,31,18,0,18,49
02/28/2021,GCK,KS,ACE,CE,Federal Contract Tower,0,2,17,0,19,0,0,14,0,14,0,2,31,0,33,0,0,0,33
03/01/2021,GCK,KS,ACE,CE,Federal Contract Tower,0,9,11,1,21,0,0,11,9,20,0,9,22,10,41,24,0,24,65
03/02/2021,GCK,KS,ACE,CE,Federal Contract Tower,0,10,7,0,17,0,0,14,0,14,0,10,21,0,31,20,0,20,51
03/03/2021,GCK,KS,ACE,CE,Federal Contract Tower,0,9,16,0,25,0,0,11,0,11,0,9,27,0,36,12,0,12,48
03/04/2021,GCK,KS,ACE,CE,Federal Contract Tower,0,12,4,0,16,0,0,8,0,8,0,12,12,0,24,10,0,10,34
03/05/2021,GCK,KS,ACE,CE,Federal Contract Tower,0,12,11,2,25,0,12,10,0,22,0,24,21,2,47,32,0,32,79
03/06/2021,GCK,KS,ACE,CE,Federal Contract Tower,0,6,9,0,15,0,0,7,0,7,0,6,16,0,22,8,0,8,30
03/07/2021,GCK,KS,ACE,CE,Federal Contract Tower,0,3,6,0,9,0,0,1,0,1,0,3,7,0,10,0,0,0,10
03/08/2021,GCK,KS,ACE,CE,Federal Contract Tower,0,6,5,1,12,0,0,6,0,6,0,6,11,1,18,0,16,16,34
03/09/2021,GCK,KS,ACE,CE,Federal Contract Tower,0,12,5,0,17,0,0,8,0,8,0,12,13,0,25,6,0,6,31
03/10/2021,GCK,KS,ACE,CE,Federal Contract Tower,0,8,12,0,20,0,0,4,0,4,0,8,16,0,24,2,0,2,26
03/11/2021,GCK,KS,ACE,CE,Federal Contract Tower,0,9,13,0,22,0,1,12,0,13,0,10,25,0,35,8,0,8,43
03/12/2021,GCK,KS,ACE,CE,Federal Contract Tower,0,9,8,0,17,0,0,0,0,0,0,9,8,0,17,0,0,0,17
03/13/2021,GCK,KS,ACE,CE,Federal Contract Tower,0,2,1,0,3,0,0,0,0,0,0,2,1,0,3,0,0,0,3
03/14/2021,GCK,KS,ACE,CE,Federal Contract Tower,0,6,3,0,9,0,0,0,0,0,0,6,3,0,9,0,0,0,9
03/15/2021,GCK,KS,ACE,CE,Federal Contract Tower,0,6,2,0,8,0,0,0,0,0,0,6,2,0,8,0,0,0,8
03/16/2021,GCK,KS,ACE,CE,Federal Contract Tower,0,9,5,0,14,0,0,0,0,0,0,9,5,0,14,0,0,0,14
03/17/2021,GCK,KS,ACE,CE,Federal Contract Tower,0,4,3,0,7,0,1,0,0,1,0,5,3,0,8,0,0,0,8
03/18/2021,GCK,KS,ACE,CE,Federal Contract Tower,0,9,11,0,20,0,0,14,6,20,0,9,25,6,40,6,0,6,46
03/19/2021,GCK,KS,ACE,CE,Federal Contract Tower,2,12,10,1,25,0,4,18,2,24,2,16,28,3,49,0,4,4,53
03/20/2021,GCK,KS,ACE,CE,Federal Contract Tower,0,3,3,0,6,0,2,2,0,4,0,5,5,0,10,0,0,0,10
03/21/2021,GCK,KS,ACE,CE,Federal Contract Tower,0,5,16,4,25,0,0,16,0,16,0,5,32,4,41,12,0,12,53
03/22/2021,GCK,KS,ACE,CE,Federal Contract Tower,0,9,8,0,17,0,0,0,0,0,0,9,8,0,17,0,0,0,17
03/23/2021,GCK,KS,ACE,CE,Federal Contract Tower,2,7,13,7,29,0,2,0,0,2,2,9,13,7,31,0,10,10,41
03/24/2021,GCK,KS,ACE,CE,Federal Contract Tower,0,8,11,0,19,0,1,6,0,7,0,9,17,0,26,8,0,8,34
03/25/2021,GCK,KS,ACE,CE,Federal Contract Tower,0,7,13,2,22,0,2,16,0,18,0,9,29,2,40,0,0,0,40
03/26/2021,GCK,KS,ACE,CE,Federal Contract Tower,0,11,15,5,31,0,7,13,2,22,0,18,28,7,53,10,16,26,79
03/27/2021,GCK,KS,ACE,CE,Federal Contract Tower,0,10,13,6,29,0,3,12,4,19,0,13,25,10,48,2,44,46,94
03/28/2021,GCK,KS,ACE,CE,Federal Contract Tower,0,3,4,0,7,0,1,15,0,16,0,4,19,0,23,6,0,6,29
03/29/2021,GCK,KS,ACE,CE,Federal Contract Tower,0,3,6,0,9,0,0,13,0,13,0,3,19,0,22,0,0,0,22
03/30/2021,GCK,KS,ACE,CE,Federal Contract Tower,0,10,7,0,17,0,2,9,0,11,0,12,16,0,28,0,0,0,28
03/31/2021,GCK,KS,ACE,CE,Federal Contract Tower,0,9,13,0,22,0,3,38,0,41,0,12,51,0,63,0,0,0,63
04/01/2021,GCK,KS,ACE,CE,Federal Contract Tower,0,11,11,0,22,0,0,17,0,17,0,11,28,0,39,0,0,0,39
04/02/2021,GCK,KS,ACE,CE,Federal Contract Tower,0,14,6,1,21,0,3,5,3,11,0,17,11,4,32,2,0,2,34
04/03/2021,GCK,KS,ACE,CE,Federal Contract Tower,0,11,6,0,17,0,2,31,0,33,0,13,37,0,50,0,0,0,50
04/04/2021,GCK,KS,ACE,CE,Federal Contract Tower,0,6,7,0,13,0,1,9,0,10,0,7,16,0,23,0,0,0,23
04/05/2021,GCK,KS,ACE,CE,Federal Contract Tower,0,6,11,2,19,0,3,12,0,15,0,9,23,2,34,6,0,6,40
04/06/2021,GCK,KS,ACE,CE,Federal Contract Tower,0,8,4,0,12,0,2,14,6,22,0,10,18,6,34,0,0,0,34
04/07/2021,GCK,KS,ACE,CE,Federal Contract Tower,0,4,16,0,20,0,0,1,0,1,0,4,17,0,21,0,0,0,21
04/08/2021,GCK,KS,ACE,CE,Federal Contract Tower,0,5,20,0,25,0,2,20,0,22,0,7,40,0,47,14,0,14,61
04/09/2021,GCK,KS,ACE,CE,Federal Contract Tower,0,4,9,0,13,0,0,2,0,2,0,4,11,0,15,0,0,0,15
04/10/2021,GCK,KS,ACE,CE,Federal Contract Tower,0,7,5,0,12,0,0,48,0,48,0,7,53,0,60,0,0,0,60
04/11/2021,GCK,KS,ACE,CE,Federal Contract Tower,0,4,7,0,11,0,0,9,0,9,0,4,16,0,20,2,0,2,22
04/12/2021,GCK,KS,ACE,CE,Federal Contract Tower,0,6,10,0,16,0,0,34,4,38,0,6,44,4,54,4,0,4,58
04/13/2021,GCK,KS,ACE,CE,Federal Contract Tower,0,9,7,2,18,0,0,30,0,30,0,9,37,2,48,0,22,22,70
04/14/2021,GCK,KS,ACE,CE,Federal Contract Tower,0,9,14,0,23,0,5,20,3,28,0,14,34,3,51,0,0,0,51
04/15/2021,GCK,KS,ACE,CE,Federal Contract Tower,0,5,8,0,13,0,2,4,0,6,0,7,12,0,19,0,0,0,19
04/16/2021,GCK,KS,ACE,CE,Federal Contract Tower,0,8,8,0,16,0,3,1,0,4,0,11,9,0,20,0,0,0,20
04/17/2021,GCK,KS,ACE,CE,Federal Contract Tower,0,6,7,0,13,0,1,2,6,9,0,7,9,6,22,0,0,0,22
04/18/2021,GCK,KS,ACE,CE,Federal Contract Tower,0,4,9,0,13,0,2,17,0,19,0,6,26,0,32,0,0,0,32
04/19/2021,GCK,KS,ACE,CE,Federal Contract Tower,0,10,11,0,21,0,2,3,2,7,0,12,14,2,28,0,0,0,28
04/20/2021,GCK,KS,ACE,CE,Federal Contract Tower,0,10,10,0,20,0,1,2,0,3,0,11,12,0,23,0,0,0,23
04/21/2021,GCK,KS,ACE,CE,Federal Contract Tower,0,7,13,2,22,0,4,16,3,23,0,11,29,5,45,42,18,60,105
04/22/2021,GCK,KS,ACE,CE,Federal Contract Tower,0,8,10,0,18,0,0,3,4,7,0,8,13,4,25,0,0,0,25
04/23/2021,GCK,KS,ACE,CE,Federal Contract Tower,0,4,13,0,17,0,0,28,0,28,0,4,41,0,45,8,0,8,53
04/24/2021,GCK,KS,ACE,CE,Federal Contract Tower,0,4,5,0,9,0,0,22,0,22,0,4,27,0,31,0,0,0,31
04/25/2021,GCK,KS,ACE,CE,Federal Contract Tower,0,3,10,0,13,0,1,23,0,24,0,4,33,0,37,0,0,0,37
04/26/2021,GCK,KS,ACE,CE,Federal Contract Tower,0,6,3,0,9,0,1,18,2,21,0,7,21,2,30,0,0,0,30
04/27/2021,GCK,KS,ACE,CE,Federal Contract Tower,0,7,14,0,21,0,2,16,0,18,0,9,30,0,39,8,0,8,47
04/28/2021,GCK,KS,ACE,CE,Federal Contract Tower,0,12,14,0,26,0,0,5,0,5,0,12,19,0,31,24,0,24,55
04/29/2021,GCK,KS,ACE,CE,Federal Contract Tower,0,5,7,4,16,0,3,28,0,31,0,8,35,4,47,0,32,32,79
04/30/2021,GCK,KS,ACE,CE,Federal Contract Tower,0,9,7,3,19,0,4,46,1,51,0,13,53,4,70,12,50,62,132
05/01/2021,GCK,KS,ACE,CE,Federal Contract Tower,0,6,12,0,18,0,1,14,2,17,0,7,26,2,35,2,0,2,37
05/02/2021,GCK,KS,ACE,CE,Federal Contract Tower,0,2,6,0,8,0,2,6,0,8,0,4,12,0,16,0,0,0,16
05/03/2021,GCK,KS,ACE,CE,Federal Contract Tower,0,3,7,0,10,0,1,2,0,3,0,4,9,0,13,0,0,0,13
05/04/2021,GCK,KS,ACE,CE,Federal Contract Tower,0,8,10,0,18,0,1,70,0,71,0,9,80,0,89,46,0,46,135
05/05/2021,GCK,KS,ACE,CE,Federal Contract Tower,0,9,13,0,22,0,2,24,0,26,0,11,37,0,48,4,0,4,52
05/06/2021,GCK,KS,ACE,CE,Federal Contract Tower,0,6,12,0,18,0,0,82,0,82,0,6,94,0,100,0,0,0,100
05/07/2021,GCK,KS,ACE,CE,Federal Contract Tower,0,13,11,0,24,0,0,37,0,37,0,13,48,0,61,0,0,0,61
05/08/2021,GCK,KS,ACE,CE,Federal Contract Tower,0,9,9,0,18,0,4,51,0,55,0,13,60,0,73,6,0,6,79
05/09/2021,GCK,KS,ACE,CE,Federal Contract Tower,0,12,5,0,17,0,0,36,4,40,0,12,41,4,57,0,0,0,57
05/10/2021,GCK,KS,ACE,CE,Federal Contract Tower,0,10,6,0,16,0,2,12,0,14,0,12,18,0,30,0,0,0,30
05/11/2021,GCK,KS,ACE,CE,Federal Contract Tower,0,7,15,0,22,0,3,8,0,11,0,10,23,0,33,0,0,0,33
05/12/2021,GCK,KS,ACE,CE,Federal Contract Tower,0,10,16,0,26,0,0,48,0,48,0,10,64,0,74,0,0,0,74
05/13/2021,GCK,KS,ACE,CE,Federal Contract Tower,2,8,14,2,26,0,1,21,6,28,2,9,35,8,54,0,32,32,86
05/14/2021,GCK,KS,ACE,CE,Federal Contract Tower,0,8,21,7,36,0,2,84,4,90,0,10,105,11,126,0,34,34,160
05/15/2021,GCK,KS,ACE,CE,Federal Contract Tower,0,8,12,0,20,0,2,69,0,71,0,10,81,0,91,0,10,10,101
05/16/2021,GCK,KS,ACE,CE,Federal Contract Tower,0,9,9,0,18,0,3,90,0,93,0,12,99,0,111,0,0,0,111
05/17/2021,GCK,KS,ACE,CE,Federal Contract Tower,2,3,7,0,12,0,2,56,0,58,2,5,63,0,70,0,0,0,70
05/18/2021,GCK,KS,ACE,CE,Federal Contract Tower,0,5,14,0,19,0,0,76,0,76,0,5,90,0,95,0,0,0,95
05/19/2021,GCK,KS,ACE,CE,Federal Contract Tower,1,7,15,0,23,0,1,48,0,49,1,8,63,0,72,0,0,0,72
05/20/2021,GCK,KS,ACE,CE,Federal Contract Tower,1,6,17,4,28,0,1,39,0,40,1,7,56,4,68,0,14,14,82
05/21/2021,GCK,KS,ACE,CE,Federal Contract Tower,0,8,11,0,19,0,2,3,0,5,0,10,14,0,24,0,0,0,24
05/22/2021,GCK,KS,ACE,CE,Federal Contract Tower,0,4,12,0,16,0,2,12,1,15,0,6,24,1,31,10,0,10,41
05/23/2021,GCK,KS,ACE,CE,Federal Contract Tower,0,6,9,1,16,0,0,3,0,3,0,6,12,1,19,0,0,0,19
05/24/2021,GCK,KS,ACE,CE,Federal Contract Tower,0,3,7,0,10,0,2,5,0,7,0,5,12,0,17,0,0,0,17
05/25/2021,GCK,KS,ACE,CE,Federal Contract Tower,0,4,7,9,20,0,1,71,0,72,0,5,78,9,92,2,28,30,122
05/26/2021,GCK,KS,ACE,CE,Federal Contract Tower,0,10,19,4,33,0,4,28,0,32,0,14,47,4,65,0,6,6,71
05/27/2021,GCK,KS,ACE,CE,Federal Contract Tower,0,5,10,0,15,0,0,22,0,22,0,5,32,0,37,0,0,0,37
05/28/2021,GCK,KS,ACE,CE,Federal Contract Tower,0,6,15,0,21,0,1,39,0,40,0,7,54,0,61,0,0,0,61
05/29/2021,GCK,KS,ACE,CE,Federal Contract Tower,0,7,3,1,11,0,2,2,2,6,0,9,5,3,17,0,0,0,17
05/30/2021,GCK,KS,ACE,CE,Federal Contract Tower,0,2,3,0,5,0,0,0,0,0,0,2,3,0,5,0,0,0,5
05/31/2021,GCK,KS,ACE,CE,Federal Contract Tower,0,6,10,0,16,0,0,0,0,0,0,6,10,0,16,0,0,0,16
06/01/2021,GCK,KS,ACE,CE,Federal Contract Tower,0,7,7,0,14,0,2,23,0,25,0,9,30,0,39,0,0,0,39
06/02/2021,GCK,KS,ACE,CE,Federal Contract Tower,0,8,13,0,21,0,3,43,0,46,0,11,56,0,67,0,0,0,67
06/03/2021,GCK,KS,ACE,CE,Federal Contract Tower,0,5,16,2,23,0,0,35,0,35,0,5,51,2,58,16,16,32,90
06/04/2021,GCK,KS,ACE,CE,Federal Contract Tower,0,5,9,0,14,0,2,20,0,22,0,7,29,0,36,0,0,0,36
06/05/2021,GCK,KS,ACE,CE,Federal Contract Tower,0,6,4,0,10,0,3,9,0,12,0,9,13,0,22,0,0,0,22
06/06/2021,GCK,KS,ACE,CE,Federal Contract Tower,0,4,4,0,8,0,5,6,0,11,0,9,10,0,19,0,0,0,19
06/07/2021,GCK,KS,ACE,CE,Federal Contract Tower,0,1,9,0,10,0,6,11,0,17,0,7,20,0,27,0,0,0,27
06/08/2021,GCK,KS,ACE,CE,Federal Contract Tower,0,6,16,0,22,0,1,22,8,31,0,7,38,8,53,8,0,8,61
06/09/2021,GCK,KS,ACE,CE,Federal Contract Tower,0,10,15,0,25,0,3,25,0,28,0,13,40,0,53,0,0,0,53
06/10/2021,GCK,KS,ACE,CE,Federal Contract Tower,0,7,16,5,28,0,2,6,2,10,0,9,22,7,38,0,6,6,44
06/11/2021,GCK,KS,ACE,CE,Federal Contract Tower,0,5,13,0,18,0,0,15,0,15,0,5,28,0,33,0,0,0,33
06/12/2021,GCK,KS,ACE,CE,Federal Contract Tower,2,5,7,0,14,0,2,30,0,32,2,7,37,0,46,0,0,0,46
06/13/2021,GCK,KS,ACE,CE,Federal Contract Tower,0,2,3,2,7,0,0,7,0,7,0,2,10,2,14,0,0,0,14
06/14/2021,GCK,KS,ACE,CE,Federal Contract Tower,0,5,9,0,14,0,19,1,0,20,0,24,10,0,34,0,0,0,34
06/15/2021,GCK,KS,ACE,CE,Federal Contract Tower,2,6,12,0,20,0,0,28,1,29,2,6,40,1,49,0,0,0,49
06/16/2021,GCK,KS,ACE,CE,Federal Contract Tower,0,7,24,0,31,0,4,12,0,16,0,11,36,0,47,0,0,0,47
06/17/2021,GCK,KS,ACE,CE,Federal Contract Tower,0,5,18,0,23,0,0,21,4,25,0,5,39,4,48,8,0,8,56
06/18/2021,GCK,KS,ACE,CE,Federal Contract Tower,0,6,24,0,30,0,5,28,0,33,0,11,52,0,63,0,0,0,63
06/19/2021,GCK,KS,ACE,CE,Federal Contract Tower,2,7,8,0,17,0,0,13,0,13,2,7,21,0,30,2,0,2,32
06/20/2021,GCK,KS,ACE,CE,Federal Contract Tower,0,2,11,0,13,0,2,12,0,14,0,4,23,0,27,0,0,0,27
06/21/2021,GCK,KS,ACE,CE,Federal Contract Tower,0,6,10,0,16,0,3,23,0,26,0,9,33,0,42,0,0,0,42
06/22/2021,GCK,KS,ACE,CE,Federal Contract Tower,0,13,10,0,23,0,1,10,0,11,0,14,20,0,34,0,0,0,34
06/23/2021,GCK,KS,ACE,CE,Federal Contract Tower,0,7,13,0,20,0,0,34,0,34,0,7,47,0,54,0,0,0,54
06/24/2021,GCK,KS,ACE,CE,Federal Contract Tower,0,5,9,0,14,0,4,36,0,40,0,9,45,0,54,0,0,0,54
06/25/2021,GCK,KS,ACE,CE,Federal Contract Tower,0,5,8,0,13,0,5,20,0,25,0,10,28,0,38,0,0,0,38
06/26/2021,GCK,KS,ACE,CE,Federal Contract Tower,0,4,5,2,11,0,2,14,0,16,0,6,19,2,27,0,20,20,47
06/27/2021,GCK,KS,ACE,CE,Federal Contract Tower,0,2,10,2,14,0,0,7,1,8,0,2,17,3,22,0,0,0,22
06/28/2021,GCK,KS,ACE,CE,Federal Contract Tower,0,4,9,2,15,0,4,41,0,45,0,8,50,2,60,0,0,0,60
06/29/2021,GCK,KS,ACE,CE,Federal Contract Tower,0,5,5,2,12,0,0,20,0,20,0,5,25,2,32,0,8,8,40
06/30/2021,GCK,KS,ACE,CE,Federal Contract Tower,0,4,18,0,22,0,0,20,0,20,0,4,38,0,42,6,0,6,48
07/01/2021,GCK,KS,ACE,CE,Federal Contract Tower,0,6,18,4,28,0,1,13,0,14,0,7,31,4,42,0,0,0,42
07/02/2021,GCK,KS,ACE,CE,Federal Contract Tower,0,7,13,0,20,0,2,44,0,46,0,9,57,0,66,0,0,0,66
07/03/2021,GCK,KS,ACE,CE,Federal Contract Tower,0,5,14,0,19,0,0,20,0,20,0,5,34,0,39,0,0,0,39
07/04/2021,GCK,KS,ACE,CE,Federal Contract Tower,0,6,1,0,7,0,2,2,0,4,0,8,3,0,11,0,0,0,11
07/05/2021,GCK,KS,ACE,CE,Federal Contract Tower,0,4,13,0,17,0,0,31,0,31,0,4,44,0,48,0,0,0,48
07/06/2021,GCK,KS,ACE,CE,Federal Contract Tower,0,4,15,0,19,0,1,33,0,34,0,5,48,0,53,0,0,0,53
07/07/2021,GCK,KS,ACE,CE,Federal Contract Tower,0,5,17,0,22,0,2,56,0,58,0,7,73,0,80,14,0,14,94
07/08/2021,GCK,KS,ACE,CE,Federal Contract Tower,1,7,26,4,38,0,0,44,0,44,1,7,70,4,82,8,18,26,108
07/09/2021,GCK,KS,ACE,CE,Federal Contract Tower,0,7,17,1,25,0,0,43,1,44,0,7,60,2,69,0,0,0,69
07/10/2021,GCK,KS,ACE,CE,Federal Contract Tower,0,4,4,0,8,0,1,17,0,18,0,5,21,0,26,0,0,0,26
07/11/2021,GCK,KS,ACE,CE,Federal Contract Tower,0,2,4,0,6,0,6,63,0,69,0,8,67,0,75,0,0,0,75
07/12/2021,GCK,KS,ACE,CE,Federal Contract Tower,2,3,10,0,15,0,2,84,0,86,2,5,94,0,101,0,0,0,101
07/13/2021,GCK,KS,ACE,CE,Federal Contract Tower,0,12,15,2,29,0,3,61,0,64,0,15,76,2,93,2,0,2,95
07/14/2021,GCK,KS,ACE,CE,Federal Contract Tower,0,7,13,0,20,0,2,7,0,9,0,9,20,0,29,0,0,0,29
07/15/2021,GCK,KS,ACE,CE,Federal Contract Tower,0,7,21,2,30,0,0,71,0,71,0,7,92,2,101,0,8,8,109
07/16/2021,GCK,KS,ACE,CE,Federal Contract Tower,0,10,14,0,24,0,0,75,0,75,0,10,89,0,99,0,0,0,99
07/17/2021,GCK,KS,ACE,CE,Federal Contract Tower,0,7,8,0,15,0,1,72,0,73,0,8,80,0,88,2,0,2,90
07/18/2021,GCK,KS,ACE,CE,Federal Contract Tower,0,6,9,0,15,0,1,43,0,44,0,7,52,0,59,2,0,2,61
07/19/2021,GCK,KS,ACE,CE,Federal Contract Tower,0,2,13,1,16,0,4,75,0,79,0,6,88,1,95,18,2,20,115
07/20/2021,GCK,KS,ACE,CE,Federal Contract Tower,0,6,10,0,16,0,2,113,0,115,0,8,123,0,131,12,0,12,143
07/21/2021,GCK,KS,ACE,CE,Federal Contract Tower,0,9,20,0,29,0,0,51,0,51,0,9,71,0,80,0,0,0,80
07/22/2021,GCK,KS,ACE,CE,Federal Contract Tower,0,11,6,5,22,0,0,24,1,25,0,11,30,6,47,0,6,6,53
07/23/2021,GCK,KS,ACE,CE,Federal Contract Tower,0,4,11,5,20,0,0,35,0,35,0,4,46,5,55,8,12,20,75
07/24/2021,GCK,KS,ACE,CE,Federal Contract Tower,0,4,12,0,16,0,2,43,0,45,0,6,55,0,61,0,0,0,61
07/25/2021,GCK,KS,ACE,CE,Federal Contract Tower,0,2,7,2,11,0,1,16,0,17,0,3,23,2,28,0,0,0,28
07/26/2021,GCK,KS,ACE,CE,Federal Contract Tower,0,4,8,4,16,0,5,63,4,72,0,9,71,8,88,14,0,14,102
07/27/2021,GCK,KS,ACE,CE,Federal Contract Tower,0,7,10,1,18,0,3,86,3,92,0,10,96,4,110,12,0,12,122
07/28/2021,GCK,KS,ACE,CE,Federal Contract Tower,0,5,15,0,20,0,0,45,0,45,0,5,60,0,65,8,0,8,73
07/29/2021,GCK,KS,ACE,CE,Federal Contract Tower,0,8,18,0,26,0,1,42,0,43,0,9,60,0,69,0,0,0,69
07/30/2021,GCK,KS,ACE,CE,Federal Contract Tower,0,8,12,0,20,0,1,55,0,56,0,9,67,0,76,0,0,0,76
07/31/2021,GCK,KS,ACE,CE,Federal Contract Tower,0,6,8,0,14,0,5,29,0,34,0,11,37,0,48,0,0,0,48
08/01/2021,GCK,KS,ACE,CE,Federal Contract Tower,0,2,11,0,13,0,2,29,0,31,0,4,40,0,44,0,0,0,44
08/02/2021,GCK,KS,ACE,CE,Federal Contract Tower,0,13,7,1,21,0,5,43,2,50,0,18,50,3,71,6,2,8,79
08/03/2021,GCK,KS,ACE,CE,Federal Contract Tower,0,9,11,1,21,0,1,26,0,27,0,10,37,1,48,4,0,4,52
08/04/2021,GCK,KS,ACE,CE,Federal Contract Tower,0,6,18,0,24,0,0,41,0,41,0,6,59,0,65,4,0,4,69
08/05/2021,GCK,KS,ACE,CE,Federal Contract Tower,0,8,12,0,20,0,0,45,1,46,0,8,57,1,66,0,0,0,66
08/06/2021,GCK,KS,ACE,CE,Federal Contract Tower,0,9,11,0,20,0,0,26,1,27,0,9,37,1,47,8,0,8,55
08/07/2021,GCK,KS,ACE,CE,Federal Contract Tower,0,8,8,0,16,0,2,6,0,8,0,10,14,0,24,0,0,0,24
08/08/2021,GCK,KS,ACE,CE,Federal Contract Tower,0,6,13,2,21,0,0,6,0,6,0,6,19,2,27,0,0,0,27
08/09/2021,GCK,KS,ACE,CE,Federal Contract Tower,0,8,7,0,15,0,4,31,0,35,0,12,38,0,50,0,0,0,50
08/10/2021,GCK,KS,ACE,CE,Federal Contract Tower,0,7,13,0,20,0,0,26,0,26,0,7,39,0,46,0,0,0,46
08/11/2021,GCK,KS,ACE,CE,Federal Contract Tower,0,6,17,0,23,0,2,34,0,36,0,8,51,0,59,4,0,4,63
08/12/2021,GCK,KS,ACE,CE,Federal Contract Tower,0,6,13,0,19,0,1,30,0,31,0,7,43,0,50,2,0,2,52
08/13/2021,GCK,KS,ACE,CE,Federal Contract Tower,0,8,19,0,27,0,4,40,0,44,0,12,59,0,71,0,0,0,71
08/14/2021,GCK,KS,ACE,CE,Federal Contract Tower,0,6,6,0,12,0,2,20,2,24,0,8,26,2,36,0,0,0,36
08/15/2021,GCK,KS,ACE,CE,Federal Contract Tower,0,6,7,0,13,0,3,4,0,7,0,9,11,0,20,4,0,4,24
08/16/2021,GCK,KS,ACE,CE,Federal Contract Tower,0,9,11,0,20,0,2,13,0,15,0,11,24,0,35,0,0,0,35
08/17/2021,GCK,KS,ACE,CE,Federal Contract Tower,0,7,8,0,15,0,6,24,0,30,0,13,32,0,45,12,0,12,57
08/18/2021,GCK,KS,ACE,CE,Federal Contract Tower,0,6,17,0,23,0,4,4,0,8,0,10,21,0,31,10,0,10,41
08/19/2021,GCK,KS,ACE,CE,Federal Contract Tower,0,6,24,8,38,0,3,22,0,25,0,9,46,8,63,0,44,44,107
08/20/2021,GCK,KS,ACE,CE,Federal Contract Tower,0,5,24,0,29,0,0,40,0,40,0,5,64,0,69,0,0,0,69
08/21/2021,GCK,KS,ACE,CE,Federal Contract Tower,0,4,7,0,11,0,2,18,0,20,0,6,25,0,31,14,0,14,45
08/22/2021,GCK,KS,ACE,CE,Federal Contract Tower,0,4,12,1,17,0,3,8,2,13,0,7,20,3,30,6,0,6,36
08/23/2021,GCK,KS,ACE,CE,Federal Contract Tower,0,3,12,0,15,0,1,9,0,10,0,4,21,0,25,0,0,0,25
08/24/2021,GCK,KS,ACE,CE,Federal Contract Tower,0,7,17,0,24,0,0,26,0,26,0,7,43,0,50,2,0,2,52
08/25/2021,GCK,KS,ACE,CE,Federal Contract Tower,0,7,11,0,18,0,1,33,0,34,0,8,44,0,52,0,0,0,52
08/26/2021,GCK,KS,ACE,CE,Federal Contract Tower,0,4,10,0,14,0,2,13,0,15,0,6,23,0,29,0,0,0,29
08/27/2021,GCK,KS,ACE,CE,Federal Contract Tower,3,7,17,2,29,0,0,11,0,11,3,7,28,2,40,0,0,0,40
08/28/2021,GCK,KS,ACE,CE,Federal Contract Tower,0,8,9,0,17,0,0,5,0,5,0,8,14,0,22,6,0,6,28
08/29/2021,GCK,KS,ACE,CE,Federal Contract Tower,0,2,4,0,6,0,3,7,0,10,0,5,11,0,16,0,0,0,16
08/30/2021,GCK,KS,ACE,CE,Federal Contract Tower,0,4,12,0,16,0,0,24,0,24,0,4,36,0,40,6,0,6,46
08/31/2021,GCK,KS,ACE,CE,Federal Contract Tower,2,10,13,3,28,0,1,10,0,11,2,11,23,3,39,0,12,12,51
09/01/2021,GCK,KS,ACE,CE,Federal Contract Tower,0,7,11,0,18,0,2,26,0,28,0,9,37,0,46,16,0,16,62
09/02/2021,GCK,KS,ACE,CE,Federal Contract Tower,0,4,8,0,12,0,0,1,0,1,0,4,9,0,13,0,0,0,13
09/03/2021,GCK,KS,ACE,CE,Federal Contract Tower,0,7,23,0,30,0,0,17,0,17,0,7,40,0,47,0,0,0,47
09/04/2021,GCK,KS,ACE,CE,Federal Contract Tower,0,3,8,0,11,0,1,13,0,14,0,4,21,0,25,0,0,0,25
09/05/2021,GCK,KS,ACE,CE,Federal Contract Tower,0,4,2,0,6,0,0,2,0,2,0,4,4,0,8,0,0,0,8
09/06/2021,GCK,KS,ACE,CE,Federal Contract Tower,0,8,22,0,30,0,0,13,0,13,0,8,35,0,43,6,0,6,49
09/07/2021,GCK,KS,ACE,CE,Federal Contract Tower,0,5,17,2,24,0,1,8,0,9,0,6,25,2,33,0,0,0,33
09/08/2021,GCK,KS,ACE,CE,Federal Contract Tower,0,5,12,1,18,0,4,18,8,30,0,9,30,9,48,0,8,8,56
09/09/2021,GCK,KS,ACE,CE,Federal Contract Tower,0,9,8,0,17,0,2,15,5,22,0,11,23,5,39,0,8,8,47
09/10/2021,GCK,KS,ACE,CE,Federal Contract Tower,0,9,13,0,22,0,2,22,2,26,0,11,35,2,48,0,0,0,48
09/11/2021,GCK,KS,ACE,CE,Federal Contract Tower,0,8,8,0,16,0,2,13,0,15,0,10,21,0,31,0,0,0,31
09/12/2021,GCK,KS,ACE,CE,Federal Contract Tower,0,9,11,2,22,0,1,10,0,11,0,10,21,2,33,2,2,4,37
09/13/2021,GCK,KS,ACE,CE,Federal Contract Tower,0,3,9,0,12,0,3,3,0,6,0,6,12,0,18,0,0,0,18
09/14/2021,GCK,KS,ACE,CE,Federal Contract Tower,0,8,7,0,15,0,1,25,0,26,0,9,32,0,41,10,0,10,51
09/15/2021,GCK,KS,ACE,CE,Federal Contract Tower,0,8,11,0,19,0,0,20,0,20,0,8,31,0,39,0,0,0,39
09/16/2021,GCK,KS,ACE,CE,Federal Contract Tower,0,5,11,0,16,0,0,26,0,26,0,5,37,0,42,16,0,16,58
09/17/2021,GCK,KS,ACE,CE,Federal Contract Tower,0,8,19,0,27,0,1,9,0,10,0,9,28,0,37,0,0,0,37
09/18/2021,GCK,KS,ACE,CE,Federal Contract Tower,0,5,6,0,11,0,3,11,0,14,0,8,17,0,25,6,0,6,31
09/19/2021,GCK,KS,ACE,CE,Federal Contract Tower,0,5,4,3,12,0,1,11,0,12,0,6,15,3,24,0,6,6,30
09/20/2021,GCK,KS,ACE,CE,Federal Contract Tower,0,9,3,0,12,0,0,5,8,13,0,9,8,8,25,0,0,0,25
09/21/2021,GCK,KS,ACE,CE,Federal Contract Tower,0,11,14,0,25,0,2,21,0,23,0,13,35,0,48,6,0,6,54
09/22/2021,GCK,KS,ACE,CE,Federal Contract Tower,0,8,10,0,18,0,2,12,0,14,0,10,22,0,32,2,0,2,34
09/23/2021,GCK,KS,ACE,CE,Federal Contract Tower,0,7,17,0,24,0,1,17,0,18,0,8,34,0,42,4,0,4,46
09/24/2021,GCK,KS,ACE,CE,Federal Contract Tower,0,4,15,0,19,0,0,16,0,16,0,4,31,0,35,0,0,0,35
09/25/2021,GCK,KS,ACE,CE,Federal Contract Tower,0,4,8,0,12,0,0,17,0,17,0,4,25,0,29,18,0,18,47
09/26/2021,GCK,KS,ACE,CE,Federal Contract Tower,0,3,6,0,9,0,3,7,0,10,0,6,13,0,19,0,0,0,19
09/27/2021,GCK,KS,ACE,CE,Federal Contract Tower,0,3,11,0,14,0,2,11,0,13,0,5,22,0,27,4,0,4,31
09/28/2021,GCK,KS,ACE,CE,Federal Contract Tower,0,7,11,0,18,0,2,25,2,29,0,9,36,2,47,0,0,0,47
09/29/2021,GCK,KS,ACE,CE,Federal Contract Tower,0,6,21,1,28,0,1,9,1,11,0,7,30,2,39,0,0,0,39
09/30/2021,GCK,KS,ACE,CE,Federal Contract Tower,0,10,14,0,24,0,1,2,1,4,0,11,16,1,28,2,0,2,30
10/01/2021,GCK,KS,ACE,CE,Federal Contract Tower,0,5,5,11,21,0,0,6,1,7,0,5,11,12,28,0,16,16,44
10/02/2021,GCK,KS,ACE,CE,Federal Contract Tower,0,10,11,0,21,0,0,5,0,5,0,10,16,0,26,0,0,0,26
10/03/2021,GCK,KS,ACE,CE,Federal Contract Tower,0,3,9,0,12,0,5,6,2,13,0,8,15,2,25,0,0,0,25
10/04/2021,GCK,KS,ACE,CE,Federal Contract Tower,0,8,11,0,19,0,2,8,0,10,0,10,19,0,29,4,0,4,33
10/05/2021,GCK,KS,ACE,CE,Federal Contract Tower,0,12,10,2,24,0,0,8,1,9,0,12,18,3,33,0,0,0,33
10/06/2021,GCK,KS,ACE,CE,Federal Contract Tower,0,13,14,0,27,3,1,9,0,13,3,14,23,0,40,0,0,0,40
10/07/2021,GCK,KS,ACE,CE,Federal Contract Tower,0,6,8,0,14,0,1,14,0,15,0,7,22,0,29,0,0,0,29
10/08/2021,GCK,KS,ACE,CE,Federal Contract Tower,0,18,8,0,26,0,8,19,0,27,0,26,27,0,53,0,0,0,53
10/09/2021,GCK,KS,ACE,CE,Federal Contract Tower,0,5,11,0,16,0,1,7,0,8,0,6,18,0,24,8,0,8,32
10/10/2021,GCK,KS,ACE,CE,Federal Contract Tower,0,4,6,0,10,0,0,2,0,2,0,4,8,0,12,0,23,23,35
10/11/2021,GCK,KS,ACE,CE,Federal Contract Tower,0,5,9,0,14,0,3,20,5,28,0,8,29,5,42,10,0,10,52
10/12/2021,GCK,KS,ACE,CE,Federal Contract Tower,0,8,16,0,24,0,1,9,0,10,0,9,25,0,34,4,0,4,38
10/13/2021,GCK,KS,ACE,CE,Federal Contract Tower,0,5,19,0,24,0,2,26,0,28,0,7,45,0,52,8,0,8,60
10/14/2021,GCK,KS,ACE,CE,Federal Contract Tower,0,7,19,2,28,0,0,5,0,5,0,7,24,2,33,0,18,18,51
10/15/2021,GCK,KS,ACE,CE,Federal Contract Tower,0,6,13,2,21,0,0,8,0,8,0,6,21,2,29,8,36,44,73
10/16/2021,GCK,KS,ACE,CE,Federal Contract Tower,0,4,7,0,11,0,3,22,0,25,0,7,29,0,36,4,0,4,40
10/17/2021,GCK,KS,ACE,CE,Federal Contract Tower,0,5,8,8,21,0,3,9,0,12,0,8,17,8,33,8,10,18,51
10/18/2021,GCK,KS,ACE,CE,Federal Contract Tower,0,6,9,1,16,0,1,8,1,10,0,7,17,2,26,6,12,18,44
10/19/2021,GCK,KS,ACE,CE,Federal Contract Tower,0,10,8,0,18,0,2,11,0,13,0,12,19,0,31,0,0,0,31
10/20/2021,GCK,KS,ACE,CE,Federal Contract Tower,0,8,18,0,26,0,3,26,2,31,0,11,44,2,57,0,0,0,57
10/21/2021,GCK,KS,ACE,CE,Federal Contract Tower,0,8,19,0,27,0,0,16,0,16,0,8,35,0,43,2,0,2,45
10/22/2021,GCK,KS,ACE,CE,Federal Contract Tower,2,7,19,0,28,0,1,22,0,23,2,8,41,0,51,0,0,0,51
10/23/2021,GCK,KS,ACE,CE,Federal Contract Tower,0,3,12,0,15,0,4,16,0,20,0,7,28,0,35,8,0,8,43
10/24/2021,GCK,KS,ACE,CE,Federal Contract Tower,0,4,7,4,15,0,1,2,0,3,0,5,9,4,18,6,8,14,32
10/25/2021,GCK,KS,ACE,CE,Federal Contract Tower,0,4,9,0,13,0,1,6,0,7,0,5,15,0,20,0,0,0,20
10/26/2021,GCK,KS,ACE,CE,Federal Contract Tower,2,9,8,0,19,0,0,7,0,7,2,9,15,0,26,0,0,0,26
10/27/2021,GCK,KS,ACE,CE,Federal Contract Tower,0,9,12,2,23,0,0,1,0,1,0,9,13,2,24,0,4,4,28
10/28/2021,GCK,KS,ACE,CE,Federal Contract Tower,0,6,3,0,9,0,0,3,0,3,0,6,6,0,12,0,0,0,12
10/29/2021,GCK,KS,ACE,CE,Federal Contract Tower,0,6,20,3,29,0,3,14,0,17,0,9,34,3,46,8,6,14,60
10/30/2021,GCK,KS,ACE,CE,Federal Contract Tower,0,6,6,0,12,0,2,10,0,12,0,8,16,0,24,2,0,2,26
10/31/2021,GCK,KS,ACE,CE,Federal Contract Tower,0,3,6,0,9,0,3,7,0,10,0,6,13,0,19,0,0,0,19
11/01/2021,GCK,KS,ACE,CE,Federal Contract Tower,0,10,10,1,21,0,2,2,0,4,0,12,12,1,25,22,8,30,55
11/02/2021,GCK,KS,ACE,CE,Federal Contract Tower,0,9,3,0,12,0,0,0,0,0,0,9,3,0,12,0,0,0,12
11/03/2021,GCK,KS,ACE,CE,Federal Contract Tower,0,7,12,0,19,0,2,0,0,2,0,9,12,0,21,0,0,0,21
11/04/2021,GCK,KS,ACE,CE,Federal Contract Tower,0,9,27,0,36,0,3,6,0,9,0,12,33,0,45,2,0,2,47
11/05/2021,GCK,KS,ACE,CE,Federal Contract Tower,0,7,7,0,14,0,2,23,6,31,0,9,30,6,45,0,0,0,45
11/06/2021,GCK,KS,ACE,CE,Federal Contract Tower,0,5,11,0,16,0,2,19,0,21,0,7,30,0,37,26,0,26,63
11/07/2021,GCK,KS,ACE,CE,Federal Contract Tower,0,7,11,0,18,0,9,16,0,25,0,16,27,0,43,6,0,6,49
11/08/2021,GCK,KS,ACE,CE,Federal Contract Tower,0,4,8,0,12,0,0,13,0,13,0,4,21,0,25,0,0,0,25
11/09/2021,GCK,KS,ACE,CE,Federal Contract Tower,0,7,20,0,27,0,2,7,0,9,0,9,27,0,36,0,0,0,36
11/10/2021,GCK,KS,ACE,CE,Federal Contract Tower,0,10,26,0,36,0,3,5,0,8,0,13,31,0,44,14,0,14,58
11/11/2021,GCK,KS,ACE,CE,Federal Contract Tower,2,7,12,0,21,0,3,10,0,13,2,10,22,0,34,10,0,10,44
11/12/2021,GCK,KS,ACE,CE,Federal Contract Tower,0,12,0,5,17,0,5,5,2,12,0,17,5,7,29,0,12,12,41
11/13/2021,GCK,KS,ACE,CE,Federal Contract Tower,0,5,8,0,13,0,0,11,0,11,0,5,19,0,24,2,0,2,26
11/14/2021,GCK,KS,ACE,CE,Federal Contract Tower,0,7,10,0,17,0,0,13,0,13,0,7,23,0,30,6,0,6,36
11/15/2021,GCK,KS,ACE,CE,Federal Contract Tower,2,4,15,7,28,0,2,12,1,15,2,6,27,8,43,8,12,20,63
11/16/2021,GCK,KS,ACE,CE,Federal Contract Tower,0,9,15,0,24,0,3,9,0,12,0,12,24,0,36,6,0,6,42
11/17/2021,GCK,KS,ACE,CE,Federal Contract Tower,0,8,8,0,16,0,1,3,0,4,0,9,11,0,20,0,0,0,20
11/18/2021,GCK,KS,ACE,CE,Federal Contract Tower,0,14,17,0,31,0,7,13,0,20,0,21,30,0,51,8,0,8,59
11/19/2021,GCK,KS,ACE,CE,Federal Contract Tower,0,9,14,0,23,0,2,15,0,17,0,11,29,0,40,0,0,0,40
11/20/2021,GCK,KS,ACE,CE,Federal Contract Tower,0,11,6,0,17,0,5,5,0,10,0,16,11,0,27,6,0,6,33
11/21/2021,GCK,KS,ACE,CE,Federal Contract Tower,0,7,11,0,18,0,8,16,0,24,0,15,27,0,42,16,0,16,58
11/22/2021,GCK,KS,ACE,CE,Federal Contract Tower,0,7,5,0,12,0,3,9,0,12,0,10,14,0,24,0,0,0,24
11/23/2021,GCK,KS,ACE,CE,Federal Contract Tower,0,11,7,2,20,0,2,18,0,20,0,13,25,2,40,6,42,48,88
11/24/2021,GCK,KS,ACE,CE,Federal Contract Tower,0,9,10,1,20,0,3,7,0,10,0,12,17,1,30,2,0,2,32
11/25/2021,GCK,KS,ACE,CE,Federal Contract Tower,0,6,2,0,8,0,0,7,0,7,0,6,9,0,15,16,0,16,31
11/26/2021,GCK,KS,ACE,CE,Federal Contract Tower,0,9,5,0,14,0,0,11,0,11,0,9,16,0,25,12,0,12,37
11/27/2021,GCK,KS,ACE,CE,Federal Contract Tower,0,5,12,0,17,0,0,8,0,8,0,5,20,0,25,0,0,0,25
11/28/2021,GCK,KS,ACE,CE,Federal Contract Tower,0,6,10,0,16,0,0,13,0,13,0,6,23,0,29,20,0,20,49
11/29/2021,GCK,KS,ACE,CE,Federal Contract Tower,0,7,12,0,19,0,2,21,0,23,0,9,33,0,42,16,0,16,58
11/30/2021,GCK,KS,ACE,CE,Federal Contract Tower,0,13,11,0,24,0,1,10,0,11,0,14,21,0,35,0,0,0,35
12/01/2021,GCK,KS,ACE,CE,Federal Contract Tower,0,10,15,0,25,0,0,10,0,10,0,10,25,0,35,4,0,4,39
12/02/2021,GCK,KS,ACE,CE,Federal Contract Tower,0,8,9,0,17,0,5,8,0,13,0,13,17,0,30,36,0,36,66
12/03/2021,GCK,KS,ACE,CE,Federal Contract Tower,0,11,8,5,24,0,0,9,5,14,0,11,17,10,38,0,20,20,58
12/04/2021,GCK,KS,ACE,CE,Federal Contract Tower,0,6,11,0,17,0,0,22,0,22,0,6,33,0,39,0,0,0,39
12/05/2021,GCK,KS,ACE,CE,Federal Contract Tower,0,6,5,3,14,0,2,10,0,12,0,8,15,3,26,0,2,2,28
12/06/2021,GCK,KS,ACE,CE,Federal Contract Tower,0,11,6,0,17,0,4,7,0,11,0,15,13,0,28,16,0,16,44
12/07/2021,GCK,KS,ACE,CE,Federal Contract Tower,0,15,9,0,24,0,2,8,0,10,0,17,17,0,34,18,0,18,52
12/08/2021,GCK,KS,ACE,CE,Federal Contract Tower,0,7,13,0,20,0,0,18,2,20,0,7,31,2,40,18,4,22,62
12/09/2021,GCK,KS,ACE,CE,Federal Contract Tower,0,13,14,0,27,0,2,16,0,18,0,15,30,0,45,2,0,2,47
12/10/2021,GCK,KS,ACE,CE,Federal Contract Tower,0,10,5,0,15,0,1,1,0,2,0,11,6,0,17,0,0,0,17
12/11/2021,GCK,KS,ACE,CE,Federal Contract Tower,0,5,5,0,10,0,0,4,0,4,0,5,9,0,14,0,0,0,14
12/12/2021,GCK,KS,ACE,CE,Federal Contract Tower,0,2,5,2,9,0,1,9,0,10,0,3,14,2,19,0,0,0,19
12/13/2021,GCK,KS,ACE,CE,Federal Contract Tower,0,6,9,0,15,0,4,18,2,24,0,10,27,2,39,34,6,40,79
12/14/2021,GCK,KS,ACE,CE,Federal Contract Tower,0,9,11,0,20,0,2,5,2,9,0,11,16,2,29,0,6,6,35
12/15/2021,GCK,KS,ACE,CE,Federal Contract Tower,0,3,6,0,9,0,0,0,0,0,0,3,6,0,9,0,0,0,9
12/16/2021,GCK,KS,ACE,CE,Federal Contract Tower,0,11,13,6,30,0,3,6,2,11,0,14,19,8,41,0,20,20,61
12/17/2021,GCK,KS,ACE,CE,Federal Contract Tower,2,12,8,0,22,0,4,11,0,15,2,16,19,0,37,6,0,6,43
12/18/2021,GCK,KS,ACE,CE,Federal Contract Tower,0,8,13,0,21,0,0,12,0,12,0,8,25,0,33,0,0,0,33
12/19/2021,GCK,KS,ACE,CE,Federal Contract Tower,0,6,4,0,10,0,0,18,0,18,0,6,22,0,28,2,0,2,30
12/20/2021,GCK,KS,ACE,CE,Federal Contract Tower,0,7,10,0,17,0,1,9,0,10,0,8,19,0,27,2,0,2,29
12/21/2021,GCK,KS,ACE,CE,Federal Contract Tower,0,10,14,0,24,0,1,10,0,11,0,11,24,0,35,0,0,0,35
12/22/2021,GCK,KS,ACE,CE,Federal Contract Tower,0,12,17,0,29,0,0,21,0,21,0,12,38,0,50,4,0,4,54
12/23/2021,GCK,KS,ACE,CE,Federal Contract Tower,0,11,7,0,18,0,1,13,0,14,0,12,20,0,32,0,0,0,32
12/24/2021,GCK,KS,ACE,CE,Federal Contract Tower,0,9,8,0,17,0,1,2,0,3,0,10,10,0,20,0,0,0,20
12/25/2021,GCK,KS,ACE,CE,Federal Contract Tower,0,4,1,0,5,0,1,1,0,2,0,5,2,0,7,0,0,0,7
12/26/2021,GCK,KS,ACE,CE,Federal Contract Tower,0,2,4,0,6,0,0,1,0,1,0,2,5,0,7,0,0,0,7
12/27/2021,GCK,KS,ACE,CE,Federal Contract Tower,0,9,9,2,20,0,1,7,0,8,0,10,16,2,28,10,0,10,38
12/28/2021,GCK,KS,ACE,CE,Federal Contract Tower,0,9,14,0,23,0,7,12,0,19,0,16,26,0,42,10,0,10,52
12/29/2021,GCK,KS,ACE,CE,Federal Contract Tower,0,12,10,0,22,0,4,11,0,15,0,16,21,0,37,12,0,12,49
12/30/2021,GCK,KS,ACE,CE,Federal Contract Tower,0,19,8,0,27,0,2,12,0,14,0,21,20,0,41,0,0,0,41
12/31/2021,GCK,KS,ACE,CE,Federal Contract Tower,0,7,5,0,12,0,0,4,0,4,0,7,9,0,16,0,0,0,16
01/01/2022,GCK,KS,ACE,CE,Federal Contract Tower,0,4,3,0,7,0,0,0,0,0,0,4,3,0,7,0,0,0,7
01/02/2022,GCK,KS,ACE,CE,Federal Contract Tower,0,5,5,0,10,0,0,5,0,5,0,5,10,0,15,0,0,0,15
01/03/2022,GCK,KS,ACE,CE,Federal Contract Tower,0,5,7,0,12,0,2,14,0,16,0,7,21,0,28,24,0,24,52
01/04/2022,GCK,KS,ACE,CE,Federal Contract Tower,0,10,5,0,15,0,3,10,0,13,0,13,15,0,28,0,0,0,28
01/05/2022,GCK,KS,ACE,CE,Federal Contract Tower,1,9,9,2,21,0,6,14,0,20,1,15,23,2,41,10,30,40,81
01/06/2022,GCK,KS,ACE,CE,Federal Contract Tower,0,12,10,0,22,0,3,3,0,6,0,15,13,0,28,0,0,0,28
01/07/2022,GCK,KS,ACE,CE,Federal Contract Tower,0,13,10,0,23,0,0,11,0,11,0,13,21,0,34,0,0,0,34
01/08/2022,GCK,KS,ACE,CE,Federal Contract Tower,0,4,6,4,14,0,0,2,4,6,0,4,8,8,20,0,50,50,70
01/09/2022,GCK,KS,ACE,CE,Federal Contract Tower,2,9,7,0,18,0,2,14,0,16,2,11,21,0,34,0,0,0,34
01/10/2022,GCK,KS,ACE,CE,Federal Contract Tower,0,11,7,0,18,0,3,6,1,10,0,14,13,1,28,4,4,8,36
01/11/2022,GCK,KS,ACE,CE,Federal Contract Tower,0,8,9,2,19,0,1,11,0,12,0,9,20,2,31,14,18,32,63
01/12/2022,GCK,KS,ACE,CE,Federal Contract Tower,0,8,11,0,19,0,0,20,0,20,0,8,31,0,39,6,0,6,45
01/13/2022,GCK,KS,ACE,CE,Federal Contract Tower,0,7,18,0,25,0,1,16,0,17,0,8,34,0,42,20,0,20,62
01/14/2022,GCK,KS,ACE,CE,Federal Contract Tower,0,7,5,0,12,0,1,1,8,10,0,8,6,8,22,0,0,0,22
01/15/2022,GCK,KS,ACE,CE,Federal Contract Tower,0,8,6,0,14,0,3,4,0,7,0,11,10,0,21,0,0,0,21
01/16/2022,GCK,KS,ACE,CE,Federal Contract Tower,0,2,9,0,11,0,4,11,0,15,0,6,20,0,26,12,0,12,38
01/17/2022,GCK,KS,ACE,CE,Federal Contract Tower,0,8,3,0,11,0,5,10,0,15,0,13,13,0,26,0,0,0,26
01/18/2022,GCK,KS,ACE,CE,Federal Contract Tower,0,7,13,0,20,0,2,11,8,21,0,9,24,8,41,4,0,4,45
01/19/2022,GCK,KS,ACE,CE,Federal Contract Tower,0,9,8,0,17,0,0,3,0,3,0,9,11,0,20,2,0,2,22
01/20/2022,GCK,KS,ACE,CE,Federal Contract Tower,0,14,7,0,21,0,4,5,0,9,0,18,12,0,30,0,0,0,30
01/21/2022,GCK,KS,ACE,CE,Federal Contract Tower,0,13,7,0,20,0,2,4,0,6,0,15,11,0,26,6,0,6,32
01/22/2022,GCK,KS,ACE,CE,Federal Contract Tower,0,5,7,0,12,0,0,6,0,6,0,5,13,0,18,0,0,0,18
01/23/2022,GCK,KS,ACE,CE,Federal Contract Tower,0,2,12,0,14,0,5,17,10,32,0,7,29,10,46,6,36,42,88
01/24/2022,GCK,KS,ACE,CE,Federal Contract Tower,0,4,11,2,17,0,2,8,0,10,0,6,19,2,27,8,28,36,63
01/25/2022,GCK,KS,ACE,CE,Federal Contract Tower,0,2,6,0,8,0,0,0,0,0,0,2,6,0,8,0,0,0,8
01/26/2022,GCK,KS,ACE,CE,Federal Contract Tower,0,10,21,0,31,0,2,7,0,9,0,12,28,0,40,32,0,32,72
01/27/2022,GCK,KS,ACE,CE,Federal Contract Tower,0,8,16,2,26,0,2,5,0,7,0,10,21,2,33,0,0,0,33
01/28/2022,GCK,KS,ACE,CE,Federal Contract Tower,0,6,15,0,21,0,1,18,0,19,0,7,33,0,40,0,0,0,40
01/29/2022,GCK,KS,ACE,CE,Federal Contract Tower,0,5,9,0,14,0,4,17,0,21,0,9,26,0,35,10,0,10,45
01/30/2022,GCK,KS,ACE,CE,Federal Contract Tower,0,2,6,0,8,0,3,16,0,19,0,5,22,0,27,4,0,4,31
01/31/2022,GCK,KS,ACE,CE,Federal Contract Tower,0,5,4,0,9,0,0,18,0,18,0,5,22,0,27,26,0,26,53
02/01/2022,GCK,KS,ACE,CE,Federal Contract Tower,0,7,6,2,15,0,1,2,2,5,0,8,8,4,20,0,4,4,24
02/02/2022,GCK,KS,ACE,CE,Federal Contract Tower,0,3,2,0,5,0,0,0,0,0,0,3,2,0,5,0,0,0,5
02/03/2022,GCK,KS,ACE,CE,Federal Contract Tower,0,6,9,0,15,0,0,16,2,18,0,6,25,2,33,14,0,14,47
02/04/2022,GCK,KS,ACE,CE,Federal Contract Tower,0,5,10,0,15,0,0,10,0,10,0,5,20,0,25,10,0,10,35
02/05/2022,GCK,KS,ACE,CE,Federal Contract Tower,0,7,10,0,17,0,2,20,2,24,0,9,30,2,41,12,0,12,53
02/06/2022,GCK,KS,ACE,CE,Federal Contract Tower,0,4,6,0,10,0,5,2,0,7,0,9,8,0,17,0,0,0,17
02/07/2022,GCK,KS,ACE,CE,Federal Contract Tower,0,7,7,3,17,0,0,15,0,15,0,7,22,3,32,14,8,22,54
02/08/2022,GCK,KS,ACE,CE,Federal Contract Tower,0,12,16,1,29,0,0,7,0,7,0,12,23,1,36,0,2,2,38
02/09/2022,GCK,KS,ACE,CE,Federal Contract Tower,0,7,16,0,23,0,1,17,0,18,0,8,33,0,41,8,0,8,49
02/10/2022,GCK,KS,ACE,CE,Federal Contract Tower,0,5,13,0,18,0,3,13,0,16,0,8,26,0,34,22,0,22,56
02/11/2022,GCK,KS,ACE,CE,Federal Contract Tower,0,13,16,2,31,0,2,19,0,21,0,15,35,2,52,6,4,10,62
02/12/2022,GCK,KS,ACE,CE,Federal Contract Tower,0,5,14,0,19,0,1,9,0,10,0,6,23,0,29,14,0,14,43
02/13/2022,GCK,KS,ACE,CE,Federal Contract Tower,0,2,8,0,10,0,2,10,0,12,0,4,18,0,22,12,0,12,34
02/14/2022,GCK,KS,ACE,CE,Federal Contract Tower,0,3,16,4,23,0,2,9,1,12,0,5,25,5,35,6,14,20,55
02/15/2022,GCK,KS,ACE,CE,Federal Contract Tower,0,4,5,0,9,0,0,12,0,12,0,4,17,0,21,14,0,14,35
02/16/2022,GCK,KS,ACE,CE,Federal Contract Tower,0,9,14,5,28,0,0,16,0,16,0,9,30,5,44,14,2,16,60
02/17/2022,GCK,KS,ACE,CE,Federal Contract Tower,0,7,20,0,27,0,1,4,0,5,0,8,24,0,32,2,0,2,34
02/18/2022,GCK,KS,ACE,CE,Federal Contract Tower,2,8,5,0,15,0,2,14,0,16,2,10,19,0,31,30,0,30,61
02/19/2022,GCK,KS,ACE,CE,Federal Contract Tower,0,5,6,0,11,0,2,6,0,8,0,7,12,0,19,0,0,0,19
02/20/2022,GCK,KS,ACE,CE,Federal Contract Tower,0,7,10,0,17,0,1,16,0,17,0,8,26,0,34,16,0,16,50
02/21/2022,GCK,KS,ACE,CE,Federal Contract Tower,2,6,8,0,16,0,1,18,0,19,2,7,26,0,35,0,0,0,35
02/22/2022,GCK,KS,ACE,CE,Federal Contract Tower,0,12,22,1,35,0,0,7,0,7,0,12,29,1,42,0,6,6,48
02/23/2022,GCK,KS,ACE,CE,Federal Contract Tower,0,4,12,3,19,0,0,6,0,6,0,4,18,3,25,6,4,10,35
02/24/2022,GCK,KS,ACE,CE,Federal Contract Tower,0,5,18,1,24,0,1,5,0,6,0,6,23,1,30,0,2,2,32
02/25/2022,GCK,KS,ACE,CE,Federal Contract Tower,0,6,22,7,35,0,0,12,2,14,0,6,34,9,49,0,36,36,85
02/26/2022,GCK,KS,ACE,CE,Federal Contract Tower,0,8,8,0,16,0,0,14,0,14,0,8,22,0,30,4,0,4,34
02/27/2022,GCK,KS,ACE,CE,Federal Contract Tower,0,2,8,5,15,0,2,14,2,18,0,4,22,7,33,6,8,14,47
02/28/2022,GCK,KS,ACE,CE,Federal Contract Tower,0,7,9,0,16,0,2,16,2,20,0,9,25,2,36,36,0,36,72
03/01/2022,GCK,KS,ACE,CE,Federal Contract Tower,0,8,10,1,19,0,0,17,0,17,0,8,27,1,36,6,2,8,44
03/02/2022,GCK,KS,ACE,CE,Federal Contract Tower,0,15,10,3,28,0,3,15,1,19,0,18,25,4,47,20,6,26,73
03/03/2022,GCK,KS,ACE,CE,Federal Contract Tower,0,11,13,0,24,0,1,17,2,20,0,12,30,2,44,14,0,14,58
03/04/2022,GCK,KS,ACE,CE,Federal Contract Tower,0,4,6,0,10,0,0,4,0,4,0,4,10,0,14,4,0,4,18
03/05/2022,GCK,KS,ACE,CE,Federal Contract Tower,0,4,9,0,13,0,0,1,0,1,0,4,10,0,14,0,0,0,14
03/06/2022,GCK,KS,ACE,CE,Federal Contract Tower,0,3,21,0,24,0,1,3,0,4,0,4,24,0,28,0,0,0,28
03/07/2022,GCK,KS,ACE,CE,Federal Contract Tower,0,10,10,0,20,0,0,16,0,16,0,10,26,0,36,2,0,2,38
03/08/2022,GCK,KS,ACE,CE,Federal Contract Tower,0,6,6,0,12,0,0,12,6,18,0,6,18,6,30,0,0,0,30
03/09/2022,GCK,KS,ACE,CE,Federal Contract Tower,0,8,10,0,18,0,2,7,0,9,0,10,17,0,27,4,0,4,31
03/10/2022,GCK,KS,ACE,CE,Federal Contract Tower,0,9,7,0,16,0,0,1,0,1,0,9,8,0,17,0,0,0,17
03/11/2022,GCK,KS,ACE,CE,Federal Contract Tower,0,4,16,5,25,0,4,20,0,24,0,8,36,5,49,10,84,94,143
03/12/2022,GCK,KS,ACE,CE,Federal Contract Tower,0,5,12,0,17,0,5,7,0,12,0,10,19,0,29,8,0,8,37
03/13/2022,GCK,KS,ACE,CE,Federal Contract Tower,0,2,10,0,12,0,4,12,0,16,0,6,22,0,28,0,0,0,28
03/14/2022,GCK,KS,ACE,CE,Federal Contract Tower,0,5,7,0,12,0,1,5,0,6,0,6,12,0,18,0,0,0,18
03/15/2022,GCK,KS,ACE,CE,Federal Contract Tower,0,6,20,5,31,0,2,11,0,13,0,8,31,5,44,30,0,30,74
03/16/2022,GCK,KS,ACE,CE,Federal Contract Tower,0,4,18,1,23,0,0,12,1,13,0,4,30,2,36,0,0,0,36
03/17/2022,GCK,KS,ACE,CE,Federal Contract Tower,0,3,9,0,12,0,1,1,0,2,0,4,10,0,14,0,0,0,14
03/18/2022,GCK,KS,ACE,CE,Federal Contract Tower,2,7,29,0,38,0,1,16,0,17,2,8,45,0,55,6,0,6,61
03/19/2022,GCK,KS,ACE,CE,Federal Contract Tower,0,5,16,0,21,0,0,17,0,17,0,5,33,0,38,4,0,4,42
03/20/2022,GCK,KS,ACE,CE,Federal Contract Tower,0,2,17,0,19,0,0,5,0,5,0,2,22,0,24,0,0,0,24
03/21/2022,GCK,KS,ACE,CE,Federal Contract Tower,0,1,11,0,12,0,0,4,0,4,0,1,15,0,16,2,0,2,18
03/22/2022,GCK,KS,ACE,CE,Federal Contract Tower,2,8,7,2,19,0,1,2,0,3,2,9,9,2,22,0,4,4,26
03/23/2022,GCK,KS,ACE,CE,Federal Contract Tower,0,9,8,0,17,0,0,5,0,5,0,9,13,0,22,0,0,0,22
03/24/2022,GCK,KS,ACE,CE,Federal Contract Tower,0,9,14,2,25,0,1,12,0,13,0,10,26,2,38,10,8,18,56
03/25/2022,GCK,KS,ACE,CE,Federal Contract Tower,0,10,13,0,23,0,2,16,0,18,0,12,29,0,41,0,0,0,41
03/26/2022,GCK,KS,ACE,CE,Federal Contract Tower,0,3,4,2,9,0,7,10,0,17,0,10,14,2,26,0,0,0,26
03/27/2022,GCK,KS,ACE,CE,Federal Contract Tower,0,4,6,0,10,0,3,10,0,13,0,7,16,0,23,6,0,6,29
03/28/2022,GCK,KS,ACE,CE,Federal Contract Tower,0,7,12,0,19,0,1,19,0,20,0,8,31,0,39,8,0,8,47
03/29/2022,GCK,KS,ACE,CE,Federal Contract Tower,0,4,4,0,8,0,1,2,0,3,0,5,6,0,11,0,0,0,11
03/30/2022,GCK,KS,ACE,CE,Federal Contract Tower,0,7,10,0,17,0,0,0,0,0,0,7,10,0,17,0,0,0,17
03/31/2022,GCK,KS,ACE,CE,Federal Contract Tower,0,6,15,0,21,0,0,14,0,14,0,6,29,0,35,2,0,2,37
04/01/2022,GCK,KS,ACE,CE,Federal Contract Tower,0,7,12,2,21,0,2,7,0,9,0,9,19,2,30,32,0,32,62
04/02/2022,GCK,KS,ACE,CE,Federal Contract Tower,0,3,9,0,12,0,2,8,0,10,0,5,17,0,22,6,0,6,28
04/03/2022,GCK,KS,ACE,CE,Federal Contract Tower,0,6,3,0,9,0,1,7,0,8,0,7,10,0,17,2,0,2,19
04/04/2022,GCK,KS,ACE,CE,Federal Contract Tower,0,9,9,2,20,0,1,24,0,25,0,10,33,2,45,2,6,8,53
04/05/2022,GCK,KS,ACE,CE,Federal Contract Tower,0,7,18,0,25,0,0,8,0,8,0,7,26,0,33,0,0,0,33
04/06/2022,GCK,KS,ACE,CE,Federal Contract Tower,0,5,11,0,16,0,0,2,0,2,0,5,13,0,18,0,0,0,18
04/07/2022,GCK,KS,ACE,CE,Federal Contract Tower,2,6,10,0,18,0,1,0,0,1,2,7,10,0,19,0,0,0,19
04/08/2022,GCK,KS,ACE,CE,Federal Contract Tower,0,7,13,0,20,3,8,0,0,11,3,15,13,0,31,0,0,0,31
04/09/2022,GCK,KS,ACE,CE,Federal Contract Tower,0,3,4,0,7,0,5,15,0,20,0,8,19,0,27,2,0,2,29
04/10/2022,GCK,KS,ACE,CE,Federal Contract Tower,0,5,6,0,11,0,4,6,1,11,0,9,12,1,22,0,0,0,22
04/11/2022,GCK,KS,ACE,CE,Federal Contract Tower,2,8,12,0,22,0,4,17,0,21,2,12,29,0,43,10,0,10,53
04/12/2022,GCK,KS,ACE,CE,Federal Contract Tower,0,7,8,0,15,0,1,2,0,3,0,8,10,0,18,0,0,0,18
04/13/2022,GCK,KS,ACE,CE,Federal Contract Tower,0,15,7,3,25,0,3,8,0,11,0,18,15,3,36,14,20,34,70
04/14/2022,GCK,KS,ACE,CE,Federal Contract Tower,0,8,4,0,12,0,4,10,0,14,0,12,14,0,26,0,0,0,26
04/15/2022,GCK,KS,ACE,CE,Federal Contract Tower,0,9,14,4,27,0,2,29,3,34,0,11,43,7,61,0,14,14,75
04/16/2022,GCK,KS,ACE,CE,Federal Contract Tower,0,4,2,12,18,0,2,2,5,9,0,6,4,17,27,0,2,2,29
04/17/2022,GCK,KS,ACE,CE,Federal Contract Tower,0,7,6,0,13,0,0,8,0,8,0,7,14,0,21,0,0,0,21
04/18/2022,GCK,KS,ACE,CE,Federal Contract Tower,0,4,16,1,21,0,3,17,0,20,0,7,33,1,41,4,0,4,45
04/19/2022,GCK,KS,ACE,CE,Federal Contract Tower,0,11,16,0,27,0,3,5,0,8,0,14,21,0,35,0,0,0,35
04/20/2022,GCK,KS,ACE,CE,Federal Contract Tower,0,10,12,0,22,0,2,19,0,21,0,12,31,0,43,4,0,4,47
04/21/2022,GCK,KS,ACE,CE,Federal Contract Tower,0,6,21,4,31,0,2,41,0,43,0,8,62,4,74,0,0,0,74
04/22/2022,GCK,KS,ACE,CE,Federal Contract Tower,0,3,9,4,16,0,0,2,4,6,0,3,11,8,22,0,10,10,32
04/23/2022,GCK,KS,ACE,CE,Federal Contract Tower,0,7,3,0,10,0,1,3,2,6,0,8,6,2,16,8,0,8,24
04/24/2022,GCK,KS,ACE,CE,Federal Contract Tower,0,2,11,0,13,0,1,4,0,5,0,3,15,0,18,6,0,6,24
04/25/2022,GCK,KS,ACE,CE,Federal Contract Tower,0,7,6,5,18,0,0,45,1,46,0,7,51,6,64,0,42,42,106
04/26/2022,GCK,KS,ACE,CE,Federal Contract Tower,0,10,9,0,19,0,0,7,0,7,0,10,16,0,26,0,0,0,26
04/27/2022,GCK,KS,ACE,CE,Federal Contract Tower,0,9,10,2,21,0,0,15,0,15,0,9,25,2,36,4,44,48,84
04/28/2022,GCK,KS,ACE,CE,Federal Contract Tower,0,7,8,0,15,0,1,51,0,52,0,8,59,0,67,0,0,0,67
04/29/2022,GCK,KS,ACE,CE,Federal Contract Tower,0,4,8,3,15,0,0,11,0,11,0,4,19,3,26,2,4,6,32
04/30/2022,GCK,KS,ACE,CE,Federal Contract Tower,0,5,10,0,15,0,1,4,0,5,0,6,14,0,20,0,0,0,20
05/01/2022,GCK,KS,ACE,CE,Federal Contract Tower,0,5,5,2,12,0,7,15,1,23,0,12,20,3,35,4,5,9,44
05/02/2022,GCK,KS,ACE,CE,Federal Contract Tower,0,9,7,0,16,0,0,0,0,0,0,9,7,0,16,0,0,0,16
05/03/2022,GCK,KS,ACE,CE,Federal Contract Tower,0,6,21,0,27,0,0,22,3,25,0,6,43,3,52,0,6,6,58
05/04/2022,GCK,KS,ACE,CE,Federal Contract Tower,0,10,7,0,17,0,0,0,0,0,0,10,7,0,17,0,0,0,17
05/05/2022,GCK,KS,ACE,CE,Federal Contract Tower,0,12,18,0,30,0,0,3,0,3,0,12,21,0,33,12,0,12,45
05/06/2022,GCK,KS,ACE,CE,Federal Contract Tower,0,14,13,10,37,0,8,30,7,45,0,22,43,17,82,16,0,16,98
05/07/2022,GCK,KS,ACE,CE,Federal Contract Tower,0,4,5,0,9,0,0,8,4,12,0,4,13,4,21,0,0,0,21
05/08/2022,GCK,KS,ACE,CE,Federal Contract Tower,0,6,4,0,10,0,0,17,3,20,0,6,21,3,30,2,0,2,32
05/09/2022,GCK,KS,ACE,CE,Federal Contract Tower,0,4,8,0,12,0,1,4,0,5,0,5,12,0,17,0,0,0,17
05/10/2022,GCK,KS,ACE,CE,Federal Contract Tower,0,8,14,2,24,0,1,46,0,47,0,9,60,2,71,1,0,1,72
05/11/2022,GCK,KS,ACE,CE,Federal Contract Tower,0,8,12,0,20,0,6,11,2,19,0,14,23,2,39,0,0,0,39
05/12/2022,GCK,KS,ACE,CE,Federal Contract Tower,0,8,12,0,20,0,0,2,0,2,0,8,14,0,22,0,0,0,22
05/13/2022,GCK,KS,ACE,CE,Federal Contract Tower,0,6,18,0,24,0,2,47,0,49,0,8,65,0,73,4,0,4,77
05/14/2022,GCK,KS,ACE,CE,Federal Contract Tower,0,7,11,0,18,0,2,19,2,23,0,9,30,2,41,22,0,22,63
05/15/2022,GCK,KS,ACE,CE,Federal Contract Tower,0,4,13,6,23,0,1,10,0,11,0,5,23,6,34,8,12,20,54
05/16/2022,GCK,KS,ACE,CE,Federal Contract Tower,0,11,12,0,23,0,1,14,0,15,0,12,26,0,38,0,0,0,38
05/17/2022,GCK,KS,ACE,CE,Federal Contract Tower,0,12,11,0,23,0,4,36,0,40,0,16,47,0,63,8,0,8,71
05/18/2022,GCK,KS,ACE,CE,Federal Contract Tower,0,5,13,0,18,0,4,29,0,33,0,9,42,0,51,0,0,0,51
05/19/2022,GCK,KS,ACE,CE,Federal Contract Tower,1,11,12,0,24,29,2,8,0,39,30,13,20,0,63,0,0,0,63
05/20/2022,GCK,KS,ACE,CE,Federal Contract Tower,0,5,17,0,22,0,0,12,0,12,0,5,29,0,34,0,0,0,34
05/21/2022,GCK,KS,ACE,CE,Federal Contract Tower,0,5,8,4,17,0,1,6,0,7,0,6,14,4,24,2,6,8,32
05/22/2022,GCK,KS,ACE,CE,Federal Contract Tower,0,7,1,0,8,0,6,9,0,15,0,13,10,0,23,0,0,0,23
05/23/2022,GCK,KS,ACE,CE,Federal Contract Tower,2,3,6,0,11,0,0,1,0,1,2,3,7,0,12,0,0,0,12
05/24/2022,GCK,KS,ACE,CE,Federal Contract Tower,0,9,5,0,14,0,0,0,0,0,0,9,5,0,14,0,0,0,14
05/25/2022,GCK,KS,ACE,CE,Federal Contract Tower,0,6,11,7,24,0,0,4,0,4,0,6,15,7,28,10,20,30,58
05/26/2022,GCK,KS,ACE,CE,Federal Contract Tower,0,10,15,0,25,0,1,21,0,22,0,11,36,0,47,6,0,6,53
05/27/2022,GCK,KS,ACE,CE,Federal Contract Tower,0,6,14,0,20,0,4,24,2,30,0,10,38,2,50,12,0,12,62
05/28/2022,GCK,KS,ACE,CE,Federal Contract Tower,0,0,0,0,0,0,2,10,0,12,0,2,10,0,12,0,0,0,12
05/29/2022,GCK,KS,ACE,CE,Federal Contract Tower,0,5,8,2,15,0,3,5,0,8,0,8,13,2,23,0,2,2,25
05/30/2022,GCK,KS,ACE,CE,Federal Contract Tower,0,1,5,0,6,0,1,8,0,9,0,2,13,0,15,0,0,0,15
05/31/2022,GCK,KS,ACE,CE,Federal Contract Tower,0,2,16,0,18,0,1,9,0,10,0,3,25,0,28,4,0,4,32
06/01/2022,GCK,KS,ACE,CE,Federal Contract Tower,0,6,15,0,21,0,0,8,0,8,0,6,23,0,29,0,0,0,29
06/02/2022,GCK,KS,ACE,CE,Federal Contract Tower,0,7,14,2,23,0,4,21,0,25,0,11,35,2,48,2,0,2,50
06/03/2022,GCK,KS,ACE,CE,Federal Contract Tower,0,5,14,4,23,0,0,7,0,7,0,5,21,4,30,0,0,0,30
06/04/2022,GCK,KS,ACE,CE,Federal Contract Tower,0,5,6,0,11,0,2,6,0,8,0,7,12,0,19,0,0,0,19
06/05/2022,GCK,KS,ACE,CE,Federal Contract Tower,0,4,20,0,24,0,1,13,0,14,0,5,33,0,38,0,0,0,38
06/06/2022,GCK,KS,ACE,CE,Federal Contract Tower,0,7,7,0,14,0,1,14,0,15,0,8,21,0,29,0,0,0,29
06/07/2022,GCK,KS,ACE,CE,Federal Contract Tower,0,8,11,4,23,0,3,13,0,16,0,11,24,4,39,14,6,20,59
06/08/2022,GCK,KS,ACE,CE,Federal Contract Tower,0,9,20,4,33,0,4,13,0,17,0,13,33,4,50,16,3,19,69
06/09/2022,GCK,KS,ACE,CE,Federal Contract Tower,0,10,11,2,23,0,8,12,0,20,0,18,23,2,43,22,0,22,65
06/10/2022,GCK,KS,ACE,CE,Federal Contract Tower,0,6,17,1,24,0,1,37,0,38,0,7,54,1,62,2,0,2,64
06/11/2022,GCK,KS,ACE,CE,Federal Contract Tower,0,7,6,0,13,0,2,14,0,16,0,9,20,0,29,0,0,0,29
06/12/2022,GCK,KS,ACE,CE,Federal Contract Tower,0,2,7,1,10,0,2,10,1,13,0,4,17,2,23,2,12,14,37
06/13/2022,GCK,KS,ACE,CE,Federal Contract Tower,0,5,9,1,15,0,0,14,1,15,0,5,23,2,30,4,0,4,34
06/14/2022,GCK,KS,ACE,CE,Federal Contract Tower,0,6,10,0,16,0,1,29,0,30,0,7,39,0,46,0,0,0,46
06/15/2022,GCK,KS,ACE,CE,Federal Contract Tower,0,5,11,2,18,0,0,16,10,26,0,5,27,12,44,0,12,12,56
06/16/2022,GCK,KS,ACE,CE,Federal Contract Tower,0,7,9,0,16,0,2,24,0,26,0,9,33,0,42,0,0,0,42
06/17/2022,GCK,KS,ACE,CE,Federal Contract Tower,0,6,10,0,16,0,7,23,0,30,0,13,33,0,46,0,0,0,46
06/18/2022,GCK,KS,ACE,CE,Federal Contract Tower,0,3,6,0,9,0,8,19,0,27,0,11,25,0,36,10,0,10,46
06/19/2022,GCK,KS,ACE,CE,Federal Contract Tower,0,7,3,0,10,0,2,8,0,10,0,9,11,0,20,0,0,0,20
06/20/2022,GCK,KS,ACE,CE,Federal Contract Tower,0,3,11,0,14,0,1,7,1,9,0,4,18,1,23,0,0,0,23
06/21/2022,GCK,KS,ACE,CE,Federal Contract Tower,0,4,10,0,14,0,1,24,0,25,0,5,34,0,39,2,0,2,41
06/22/2022,GCK,KS,ACE,CE,Federal Contract Tower,0,5,4,0,9,0,0,25,2,27,0,5,29,2,36,0,0,0,36
06/23/2022,GCK,KS,ACE,CE,Federal Contract Tower,0,8,12,0,20,0,2,12,0,14,0,10,24,0,34,0,0,0,34
06/24/2022,GCK,KS,ACE,CE,Federal Contract Tower,0,9,8,3,20,0,3,24,0,27,0,12,32,3,47,0,2,2,49
06/25/2022,GCK,KS,ACE,CE,Federal Contract Tower,0,4,2,0,6,0,2,11,0,13,0,6,13,0,19,2,0,2,21
06/26/2022,GCK,KS,ACE,CE,Federal Contract Tower,0,4,7,0,11,0,2,4,0,6,0,6,11,0,17,4,0,4,21
06/27/2022,GCK,KS,ACE,CE,Federal Contract Tower,0,3,5,0,8,0,2,18,0,20,0,5,23,0,28,8,0,8,36
06/28/2022,GCK,KS,ACE,CE,Federal Contract Tower,0,6,9,0,15,0,1,22,1,24,0,7,31,1,39,14,2,16,55
06/29/2022,GCK,KS,ACE,CE,Federal Contract Tower,0,4,14,0,18,0,4,26,0,30,0,8,40,0,48,0,0,0,48
06/30/2022,GCK,KS,ACE,CE,Federal Contract Tower,0,9,13,0,22,0,2,25,0,27,0,11,38,0,49,0,0,0,49
07/01/2022,GCK,KS,ACE,CE,Federal Contract Tower,0,6,11,0,17,0,1,48,0,49,0,7,59,0,66,18,0,18,84
07/02/2022,GCK,KS,ACE,CE,Federal Contract Tower,0,5,13,0,18,0,0,14,0,14,0,5,27,0,32,20,0,20,52
07/03/2022,GCK,KS,ACE,CE,Federal Contract Tower,0,5,5,0,10,0,0,9,0,9,0,5,14,0,19,8,0,8,27
07/04/2022,GCK,KS,ACE,CE,Federal Contract Tower,0,2,1,0,3,0,4,19,0,23,0,6,20,0,26,18,0,18,44
07/05/2022,GCK,KS,ACE,CE,Federal Contract Tower,0,7,9,0,16,0,3,30,0,33,0,10,39,0,49,0,0,0,49
07/06/2022,GCK,KS,ACE,CE,Federal Contract Tower,0,7,16,0,23,0,3,42,0,45,0,10,58,0,68,0,0,0,68
07/07/2022,GCK,KS,ACE,CE,Federal Contract Tower,0,7,9,2,18,0,3,49,0,52,0,10,58,2,70,22,0,22,92
07/08/2022,GCK,KS,ACE,CE,Federal Contract Tower,0,10,7,1,18,0,1,37,0,38,0,11,44,1,56,0,2,2,58
07/09/2022,GCK,KS,ACE,CE,Federal Contract Tower,0,5,7,0,12,0,4,38,0,42,0,9,45,0,54,0,0,0,54
07/10/2022,GCK,KS,ACE,CE,Federal Contract Tower,0,6,5,0,11,0,4,26,0,30,0,10,31,0,41,10,0,10,51
07/11/2022,GCK,KS,ACE,CE,Federal Contract Tower,0,4,13,0,17,0,0,32,0,32,0,4,45,0,49,0,0,0,49
07/12/2022,GCK,KS,ACE,CE,Federal Contract Tower,0,4,8,0,12,0,1,91,0,92,0,5,99,0,104,0,0,0,104
07/13/2022,GCK,KS,ACE,CE,Federal Contract Tower,0,5,6,0,11,0,2,52,0,54,0,7,58,0,65,10,0,10,75
07/14/2022,GCK,KS,ACE,CE,Federal Contract Tower,0,4,9,0,13,0,2,46,0,48,0,6,55,0,61,12,0,12,73
07/15/2022,GCK,KS,ACE,CE,Federal Contract Tower,2,8,10,3,23,1,5,66,0,72,3,13,76,3,95,8,8,16,111
07/16/2022,GCK,KS,ACE,CE,Federal Contract Tower,1,6,9,4,20,1,0,65,0,66,2,6,74,4,86,0,4,4,90
07/17/2022,GCK,KS,ACE,CE,Federal Contract Tower,0,4,11,3,18,0,6,115,1,122,0,10,126,4,140,0,4,4,144
07/18/2022,GCK,KS,ACE,CE,Federal Contract Tower,0,10,10,0,20,5,5,62,0,72,5,15,72,0,92,8,0,8,100
07/19/2022,GCK,KS,ACE,CE,Federal Contract Tower,0,5,12,0,17,0,0,61,2,63,0,5,73,2,80,8,6,14,94
07/20/2022,GCK,KS,ACE,CE,Federal Contract Tower,2,4,12,0,18,0,0,81,0,81,2,4,93,0,99,18,0,18,117
07/21/2022,GCK,KS,ACE,CE,Federal Contract Tower,1,6,14,0,21,1,4,68,0,73,2,10,82,0,94,0,0,0,94
07/22/2022,GCK,KS,ACE,CE,Federal Contract Tower,0,5,16,0,21,0,0,36,0,36,0,5,52,0,57,0,0,0,57
07/23/2022,GCK,KS,ACE,CE,Federal Contract Tower,0,7,12,0,19,0,0,21,0,21,0,7,33,0,40,0,0,0,40
07/24/2022,GCK,KS,ACE,CE,Federal Contract Tower,0,6,5,0,11,0,3,25,0,28,0,9,30,0,39,0,0,0,39
07/25/2022,GCK,KS,ACE,CE,Federal Contract Tower,0,11,13,0,24,0,2,65,0,67,0,13,78,0,91,6,0,6,97
07/26/2022,GCK,KS,ACE,CE,Federal Contract Tower,0,4,12,0,16,0,0,29,0,29,0,4,41,0,45,1,0,1,46
07/27/2022,GCK,KS,ACE,CE,Federal Contract Tower,0,10,10,0,20,0,0,32,0,32,0,10,42,0,52,2,0,2,54
07/28/2022,GCK,KS,ACE,CE,Federal Contract Tower,0,9,10,0,19,0,0,23,0,23,0,9,33,0,42,0,0,0,42
07/29/2022,GCK,KS,ACE,CE,Federal Contract Tower,0,5,12,0,17,0,0,0,0,0,0,5,12,0,17,0,0,0,17
07/30/2022,GCK,KS,ACE,CE,Federal Contract Tower,0,8,7,0,15,0,0,8,0,8,0,8,15,0,23,0,0,0,23
07/31/2022,GCK,KS,ACE,CE,Federal Contract Tower,0,7,11,1,19,0,5,17,1,23,0,12,28,2,42,0,0,0,42
08/01/2022,GCK,KS,ACE,CE,Federal Contract Tower,0,7,15,2,24,0,3,37,0,40,0,10,52,2,64,0,2,2,66
08/02/2022,GCK,KS,ACE,CE,Federal Contract Tower,0,7,12,0,19,0,4,21,0,25,0,11,33,0,44,8,4,12,56
08/03/2022,GCK,KS,ACE,CE,Federal Contract Tower,0,6,17,2,25,0,8,45,0,53,0,14,62,2,78,0,0,0,78
08/04/2022,GCK,KS,ACE,CE,Federal Contract Tower,0,5,13,0,18,1,2,19,0,22,1,7,32,0,40,10,0,10,50
08/05/2022,GCK,KS,ACE,CE,Federal Contract Tower,0,5,15,8,28,0,3,21,0,24,0,8,36,8,52,14,14,28,80
08/06/2022,GCK,KS,ACE,CE,Federal Contract Tower,0,5,4,0,9,0,6,25,0,31,0,11,29,0,40,4,0,4,44
08/07/2022,GCK,KS,ACE,CE,Federal Contract Tower,0,2,6,0,8,0,2,29,0,31,0,4,35,0,39,4,0,4,43
08/08/2022,GCK,KS,ACE,CE,Federal Contract Tower,0,5,17,2,24,0,4,22,0,26,0,9,39,2,50,10,0,10,60
08/09/2022,GCK,KS,ACE,CE,Federal Contract Tower,0,7,11,0,18,0,4,22,0,26,0,11,33,0,44,4,0,4,48
08/10/2022,GCK,KS,ACE,CE,Federal Contract Tower,0,7,5,0,12,0,2,39,10,51,0,9,44,10,63,4,0,4,67
08/11/2022,GCK,KS,ACE,CE,Federal Contract Tower,0,7,13,0,20,0,1,26,0,27,0,8,39,0,47,2,0,2,49
08/12/2022,GCK,KS,ACE,CE,Federal Contract Tower,0,7,5,10,22,0,2,37,0,39,0,9,42,10,61,6,24,30,91
08/13/2022,GCK,KS,ACE,CE,Federal Contract Tower,0,3,8,2,13,0,2,13,2,17,0,5,21,4,30,0,0,0,30
08/14/2022,GCK,KS,ACE,CE,Federal Contract Tower,0,5,8,8,21,0,1,3,3,7,0,6,11,11,28,0,24,24,52
08/15/2022,GCK,KS,ACE,CE,Federal Contract Tower,0,7,9,0,16,0,0,28,0,28,0,7,37,0,44,10,6,16,60
08/16/2022,GCK,KS,ACE,CE,Federal Contract Tower,0,8,11,4,23,0,3,18,1,22,0,11,29,5,45,12,2,14,59
08/17/2022,GCK,KS,ACE,CE,Federal Contract Tower,1,8,17,0,26,0,1,15,2,18,1,9,32,2,44,0,0,0,44
08/18/2022,GCK,KS,ACE,CE,Federal Contract Tower,0,7,10,4,21,0,1,31,0,32,0,8,41,4,53,4,22,26,79
08/19/2022,GCK,KS,ACE,CE,Federal Contract Tower,0,12,14,0,26,0,3,7,0,10,0,15,21,0,36,4,0,4,40
08/20/2022,GCK,KS,ACE,CE,Federal Contract Tower,0,5,5,4,14,0,1,11,5,17,0,6,16,9,31,8,2,10,41
08/21/2022,GCK,KS,ACE,CE,Federal Contract Tower,2,7,5,1,15,0,0,9,5,14,2,7,14,6,29,0,0,0,29
08/22/2022,GCK,KS,ACE,CE,Federal Contract Tower,0,11,11,0,22,0,1,18,0,19,0,12,29,0,41,0,0,0,41
08/23/2022,GCK,KS,ACE,CE,Federal Contract Tower,0,11,7,0,18,0,0,18,0,18,0,11,25,0,36,28,0,28,64
08/24/2022,GCK,KS,ACE,CE,Federal Contract Tower,0,10,15,1,26,0,0,37,0,37,0,10,52,1,63,4,0,4,67
08/25/2022,GCK,KS,ACE,CE,Federal Contract Tower,0,9,11,1,21,0,0,15,0,15,0,9,26,1,36,0,0,0,36
08/26/2022,GCK,KS,ACE,CE,Federal Contract Tower,0,7,13,0,20,0,12,4,0,16,0,19,17,0,36,0,0,0,36
08/27/2022,GCK,KS,ACE,CE,Federal Contract Tower,0,3,7,0,10,0,4,4,4,12,0,7,11,4,22,8,0,8,30
08/28/2022,GCK,KS,ACE,CE,Federal Contract Tower,0,6,7,1,14,0,2,18,0,20,0,8,25,1,34,0,2,2,36
08/29/2022,GCK,KS,ACE,CE,Federal Contract Tower,0,5,12,10,27,0,0,27,20,47,0,5,39,30,74,6,10,16,90
08/30/2022,GCK,KS,ACE,CE,Federal Contract Tower,0,11,7,2,20,0,2,21,0,23,0,13,28,2,43,6,8,14,57
08/31/2022,GCK,KS,ACE,CE,Federal Contract Tower,0,8,10,0,18,0,2,36,0,38,0,10,46,0,56,6,0,6,62
09/01/2022,GCK,KS,ACE,CE,Federal Contract Tower,0,5,18,0,23,0,0,11,0,11,0,5,29,0,34,4,0,4,38
09/02/2022,GCK,KS,ACE,CE,Federal Contract Tower,0,7,12,0,19,0,3,16,0,19,0,10,28,0,38,4,0,4,42
09/03/2022,GCK,KS,ACE,CE,Federal Contract Tower,0,3,7,0,10,0,3,12,0,15,0,6,19,0,25,2,0,2,27
09/04/2022,GCK,KS,ACE,CE,Federal Contract Tower,0,6,2,0,8,0,5,1,0,6,0,11,3,0,14,0,0,0,14
09/05/2022,GCK,KS,ACE,CE,Federal Contract Tower,0,3,9,0,12,0,2,17,0,19,0,5,26,0,31,2,0,2,33
09/06/2022,GCK,KS,ACE,CE,Federal Contract Tower,0,4,6,0,10,0,4,12,0,16,0,8,18,0,26,0,0,0,26
09/07/2022,GCK,KS,ACE,CE,Federal Contract Tower,0,14,7,0,21,0,2,4,0,6,0,16,11,0,27,0,0,0,27
09/08/2022,GCK,KS,ACE,CE,Federal Contract Tower,0,7,6,0,13,0,0,7,0,7,0,7,13,0,20,0,0,0,20
09/09/2022,GCK,KS,ACE,CE,Federal Contract Tower,0,8,11,0,19,0,1,9,0,10,0,9,20,0,29,0,0,0,29
09/10/2022,GCK,KS,ACE,CE,Federal Contract Tower,0,7,11,0,18,0,0,0,0,0,0,7,11,0,18,0,0,0,18
09/11/2022,GCK,KS,ACE,CE,Federal Contract Tower,0,6,3,3,12,0,2,15,0,17,0,8,18,3,29,4,6,10,39
09/12/2022,GCK,KS,ACE,CE,Federal Contract Tower,0,5,7,0,12,0,0,10,0,10,0,5,17,0,22,0,0,0,22
09/13/2022,GCK,KS,ACE,CE,Federal Contract Tower,0,10,4,0,14,0,0,11,0,11,0,10,15,0,25,4,0,4,29
09/14/2022,GCK,KS,ACE,CE,Federal Contract Tower,0,9,6,0,15,0,0,17,0,17,0,9,23,0,32,12,0,12,44
09/15/2022,GCK,KS,ACE,CE,Federal Contract Tower,0,14,7,0,21,0,1,3,0,4,0,15,10,0,25,2,0,2,27
09/16/2022,GCK,KS,ACE,CE,Federal Contract Tower,0,10,14,0,24,0,4,20,0,24,0,14,34,0,48,12,0,12,60
09/17/2022,GCK,KS,ACE,CE,Federal Contract Tower,0,6,6,0,12,0,1,4,0,5,0,7,10,0,17,0,0,0,17
09/18/2022,GCK,KS,ACE,CE,Federal Contract Tower,0,3,7,1,11,0,4,4,1,9,0,7,11,2,20,6,0,6,26
09/19/2022,GCK,KS,ACE,CE,Federal Contract Tower,0,12,3,0,15,0,2,8,0,10,0,14,11,0,25,0,0,0,25
09/20/2022,GCK,KS,ACE,CE,Federal Contract Tower,0,7,8,0,15,0,1,12,0,13,0,8,20,0,28,0,0,0,28
09/21/2022,GCK,KS,ACE,CE,Federal Contract Tower,0,10,16,0,26,0,1,9,6,16,0,11,25,6,42,18,0,18,60
09/22/2022,GCK,KS,ACE,CE,Federal Contract Tower,0,7,12,0,19,0,0,0,0,0,0,7,12,0,19,0,0,0,19
09/23/2022,GCK,KS,ACE,CE,Federal Contract Tower,0,5,16,0,21,0,3,28,0,31,0,8,44,0,52,34,0,34,86
09/24/2022,GCK,KS,ACE,CE,Federal Contract Tower,0,5,4,0,9,0,0,6,2,8,0,5,10,2,17,0,0,0,17
09/25/2022,GCK,KS,ACE,CE,Federal Contract Tower,0,4,2,0,6,0,2,6,0,8,0,6,8,0,14,0,0,0,14
09/26/2022,GCK,KS,ACE,CE,Federal Contract Tower,0,7,10,0,17,0,2,15,0,17,0,9,25,0,34,0,0,0,34
09/27/2022,GCK,KS,ACE,CE,Federal Contract Tower,0,9,8,0,17,0,1,14,0,15,0,10,22,0,32,2,0,2,34
09/28/2022,GCK,KS,ACE,CE,Federal Contract Tower,0,7,5,0,12,0,4,20,0,24,0,11,25,0,36,2,0,2,38
09/29/2022,GCK,KS,ACE,CE,Federal Contract Tower,0,7,4,0,11,0,3,12,0,15,0,10,16,0,26,24,0,24,50
09/30/2022,GCK,KS,ACE,CE,Federal Contract Tower,0,10,13,1,24,0,0,13,1,14,0,10,26,2,38,8,0,8,46
10/01/2022,GCK,KS,ACE,CE,Federal Contract Tower,0,9,11,2,22,0,2,12,2,16,0,11,23,4,38,2,4,6,44
10/02/2022,GCK,KS,ACE,CE,Federal Contract Tower,0,2,12,0,14,0,0,5,0,5,0,2,17,0,19,0,0,0,19
10/03/2022,GCK,KS,ACE,CE,Federal Contract Tower,0,5,7,0,12,0,1,5,4,10,0,6,12,4,22,0,0,0,22
10/04/2022,GCK,KS,ACE,CE,Federal Contract Tower,0,8,6,2,16,0,5,7,0,12,0,13,13,2,28,4,4,8,36
10/05/2022,GCK,KS,ACE,CE,Federal Contract Tower,0,7,4,0,11,0,2,6,0,8,0,9,10,0,19,8,0,8,27
10/06/2022,GCK,KS,ACE,CE,Federal Contract Tower,0,6,10,3,19,0,3,12,0,15,0,9,22,3,34,10,6,16,50
10/07/2022,GCK,KS,ACE,CE,Federal Contract Tower,0,11,9,2,22,0,3,6,0,9,0,14,15,2,31,0,0,0,31
10/08/2022,GCK,KS,ACE,CE,Federal Contract Tower,0,4,10,0,14,0,0,3,0,3,0,4,13,0,17,0,0,0,17
10/09/2022,GCK,KS,ACE,CE,Federal Contract Tower,0,4,15,0,19,0,2,20,0,22,0,6,35,0,41,6,0,6,47
10/10/2022,GCK,KS,ACE,CE,Federal Contract Tower,0,5,13,0,18,0,1,16,0,17,0,6,29,0,35,14,0,14,49
10/11/2022,GCK,KS,ACE,CE,Federal Contract Tower,0,7,8,0,15,0,0,11,2,13,0,7,19,2,28,10,0,10,38
10/12/2022,GCK,KS,ACE,CE,Federal Contract Tower,0,8,12,0,20,0,0,14,0,14,0,8,26,0,34,4,0,4,38
10/13/2022,GCK,KS,ACE,CE,Federal Contract Tower,0,10,13,2,25,0,4,7,0,11,0,14,20,2,36,10,0,10,46
10/14/2022,GCK,KS,ACE,CE,Federal Contract Tower,0,8,7,0,15,0,2,30,3,35,0,10,37,3,50,0,0,0,50
10/15/2022,GCK,KS,ACE,CE,Federal Contract Tower,0,5,4,0,9,0,4,14,2,20,0,9,18,2,29,6,0,6,35
10/16/2022,GCK,KS,ACE,CE,Federal Contract Tower,0,3,8,7,18,0,2,9,0,11,0,5,17,7,29,4,12,16,45
10/17/2022,GCK,KS,ACE,CE,Federal Contract Tower,0,7,3,0,10,0,3,11,0,14,0,10,14,0,24,12,0,12,36
10/18/2022,GCK,KS,ACE,CE,Federal Contract Tower,0,10,6,1,17,0,2,16,2,20,0,12,22,3,37,4,2,6,43
10/19/2022,GCK,KS,ACE,CE,Federal Contract Tower,0,7,14,0,21,0,0,18,0,18,0,7,32,0,39,20,0,20,59
10/20/2022,GCK,KS,ACE,CE,Federal Contract Tower,0,9,11,0,20,0,2,17,0,19,0,11,28,0,39,6,0,6,45
10/21/2022,GCK,KS,ACE,CE,Federal Contract Tower,0,8,9,1,18,0,3,10,0,13,0,11,19,1,31,4,4,8,39
10/22/2022,GCK,KS,ACE,CE,Federal Contract Tower,0,5,6,0,11,0,2,6,0,8,0,7,12,0,19,0,0,0,19
10/23/2022,GCK,KS,ACE,CE,Federal Contract Tower,0,1,3,0,4,0,1,0,0,1,0,2,3,0,5,0,0,0,5
10/24/2022,GCK,KS,ACE,CE,Federal Contract Tower,0,5,11,2,18,0,1,9,0,10,0,6,20,2,28,0,0,0,28
10/25/2022,GCK,KS,ACE,CE,Federal Contract Tower,0,10,9,0,19,0,2,13,0,15,0,12,22,0,34,0,0,0,34
10/26/2022,GCK,KS,ACE,CE,Federal Contract Tower,2,10,10,4,26,0,1,14,2,17,2,11,24,6,43,8,20,28,71
10/27/2022,GCK,KS,ACE,CE,Federal Contract Tower,0,11,17,0,28,0,2,11,0,13,0,13,28,0,41,12,0,12,53
10/28/2022,GCK,KS,ACE,CE,Federal Contract Tower,0,9,10,9,28,0,3,9,0,12,0,12,19,9,40,2,12,14,54
10/29/2022,GCK,KS,ACE,CE,Federal Contract Tower,0,6,12,1,19,0,11,1,0,12,0,17,13,1,31,6,2,8,39
10/30/2022,GCK,KS,ACE,CE,Federal Contract Tower,2,4,7,3,16,0,3,10,2,15,2,7,17,5,31,6,4,10,41
10/31/2022,GCK,KS,ACE,CE,Federal Contract Tower,0,3,5,0,8,0,4,17,0,21,0,7,22,0,29,0,0,0,29
11/01/2022,GCK,KS,ACE,CE,Federal Contract Tower,0,7,11,0,18,0,2,14,0,16,0,9,25,0,34,6,0,6,40
11/02/2022,GCK,KS,ACE,CE,Federal Contract Tower,0,7,14,0,21,0,0,5,0,5,0,7,19,0,26,0,0,0,26
11/03/2022,GCK,KS,ACE,CE,Federal Contract Tower,0,8,7,3,18,0,3,0,4,7,0,11,7,7,25,18,0,18,43
11/04/2022,GCK,KS,ACE,CE,Federal Contract Tower,0,9,7,0,16,0,3,1,0,4,0,12,8,0,20,0,0,0,20
11/05/2022,GCK,KS,ACE,CE,Federal Contract Tower,0,4,4,0,8,0,7,6,0,13,0,11,10,0,21,0,0,0,21
11/06/2022,GCK,KS,ACE,CE,Federal Contract Tower,0,4,6,2,12,0,2,5,0,7,0,6,11,2,19,0,0,0,19
11/07/2022,GCK,KS,ACE,CE,Federal Contract Tower,0,9,6,0,15,0,4,5,0,9,0,13,11,0,24,0,0,0,24
11/08/2022,GCK,KS,ACE,CE,Federal Contract Tower,0,6,9,0,15,0,0,1,0,1,0,6,10,0,16,0,0,0,16
11/09/2022,GCK,KS,ACE,CE,Federal Contract Tower,0,11,16,0,27,0,0,2,0,2,0,11,18,0,29,0,0,0,29
11/10/2022,GCK,KS,ACE,CE,Federal Contract Tower,0,8,8,0,16,0,2,3,0,5,0,10,11,0,21,0,0,0,21
11/11/2022,GCK,KS,ACE,CE,Federal Contract Tower,0,7,12,0,19,0,2,20,0,22,0,9,32,0,41,6,0,6,47
11/12/2022,GCK,KS,ACE,CE,Federal Contract Tower,0,4,5,0,9,0,0,12,0,12,0,4,17,0,21,0,0,0,21
11/13/2022,GCK,KS,ACE,CE,Federal Contract Tower,0,6,10,0,16,0,1,7,0,8,0,7,17,0,24,0,0,0,24
11/14/2022,GCK,KS,ACE,CE,Federal Contract Tower,0,4,6,0,10,0,0,0,0,0,0,4,6,0,10,0,0,0,10
11/15/2022,GCK,KS,ACE,CE,Federal Contract Tower,0,8,10,1,19,0,2,12,1,15,0,10,22,2,34,12,0,12,46
11/16/2022,GCK,KS,ACE,CE,Federal Contract Tower,0,9,15,0,24,0,10,14,1,25,0,19,29,1,49,12,0,12,61
11/17/2022,GCK,KS,ACE,CE,Federal Contract Tower,0,9,5,1,15,0,0,4,2,6,0,9,9,3,21,0,10,10,31
11/18/2022,GCK,KS,ACE,CE,Federal Contract Tower,0,11,9,12,32,0,4,7,6,17,0,15,16,18,49,22,30,52,101
11/19/2022,GCK,KS,ACE,CE,Federal Contract Tower,0,7,8,0,15,0,4,9,0,13,0,11,17,0,28,0,0,0,28
11/20/2022,GCK,KS,ACE,CE,Federal Contract Tower,0,2,6,0,8,0,7,8,0,15,0,9,14,0,23,2,0,2,25
11/21/2022,GCK,KS,ACE,CE,Federal Contract Tower,0,10,9,0,19,0,3,10,0,13,0,13,19,0,32,22,0,22,54
11/22/2022,GCK,KS,ACE,CE,Federal Contract Tower,0,6,23,0,29,0,2,8,3,13,0,8,31,3,42,0,0,0,42
11/23/2022,GCK,KS,ACE,CE,Federal Contract Tower,0,7,6,0,13,0,1,11,3,15,0,8,17,3,28,2,0,2,30
11/24/2022,GCK,KS,ACE,CE,Federal Contract Tower,0,2,2,0,4,0,0,1,0,1,0,2,3,0,5,0,0,0,5
11/25/2022,GCK,KS,ACE,CE,Federal Contract Tower,0,4,6,0,10,0,2,19,0,21,0,6,25,0,31,0,0,0,31
11/26/2022,GCK,KS,ACE,CE,Federal Contract Tower,0,4,6,0,10,0,2,4,0,6,0,6,10,0,16,0,0,0,16
11/27/2022,GCK,KS,ACE,CE,Federal Contract Tower,0,7,13,0,20,0,1,12,0,13,0,8,25,0,33,0,0,0,33
11/28/2022,GCK,KS,ACE,CE,Federal Contract Tower,0,6,12,2,20,0,4,8,1,13,0,10,20,3,33,4,8,12,45
11/29/2022,GCK,KS,ACE,CE,Federal Contract Tower,0,7,17,0,24,0,1,6,0,7,0,8,23,0,31,0,0,0,31
11/30/2022,GCK,KS,ACE,CE,Federal Contract Tower,2,9,17,0,28,0,0,13,0,13,2,9,30,0,41,2,0,2,43
12/01/2022,GCK,KS,ACE,CE,Federal Contract Tower,2,6,16,0,24,0,4,3,0,7,2,10,19,0,31,16,0,16,47
12/02/2022,GCK,KS,ACE,CE,Federal Contract Tower,2,7,9,0,18,0,0,4,0,4,2,7,13,0,22,0,0,0,22
12/03/2022,GCK,KS,ACE,CE,Federal Contract Tower,3,2,6,2,13,0,1,5,0,6,3,3,11,2,19,2,16,18,37
12/04/2022,GCK,KS,ACE,CE,Federal Contract Tower,2,3,5,0,10,0,4,6,0,10,2,7,11,0,20,0,0,0,20
12/05/2022,GCK,KS,ACE,CE,Federal Contract Tower,2,3,7,2,14,0,0,7,2,9,2,3,14,4,23,0,0,0,23
12/06/2022,GCK,KS,ACE,CE,Federal Contract Tower,2,2,11,4,19,0,6,8,0,14,2,8,19,4,33,0,0,0,33
12/07/2022,GCK,KS,ACE,CE,Federal Contract Tower,2,10,19,10,41,0,0,11,0,11,2,10,30,10,52,10,42,52,104
12/08/2022,GCK,KS,ACE,CE,Federal Contract Tower,2,5,6,0,13,0,1,3,1,5,2,6,9,1,18,2,0,2,20
12/09/2022,GCK,KS,ACE,CE,Federal Contract Tower,2,4,10,9,25,0,0,9,5,14,2,4,19,14,39,4,10,14,53
12/10/2022,GCK,KS,ACE,CE,Federal Contract Tower,2,2,13,2,19,0,2,13,0,15,2,4,26,2,34,8,6,14,48
12/11/2022,GCK,KS,ACE,CE,Federal Contract Tower,2,2,9,2,15,0,0,11,0,11,2,2,20,2,26,2,0,2,28
12/12/2022,GCK,KS,ACE,CE,Federal Contract Tower,2,1,11,2,16,0,0,0,0,0,2,1,11,2,16,0,4,4,20
12/13/2022,GCK,KS,ACE,CE,Federal Contract Tower,2,6,6,0,14,0,2,1,0,3,2,8,7,0,17,0,0,0,17
12/14/2022,GCK,KS,ACE,CE,Federal Contract Tower,2,2,10,0,14,0,0,0,2,2,2,2,10,2,16,2,0,2,18
12/15/2022,GCK,KS,ACE,CE,Federal Contract Tower,2,7,11,0,20,0,1,4,0,5,2,8,15,0,25,0,0,0,25
12/16/2022,GCK,KS,ACE,CE,Federal Contract Tower,2,2,9,1,14,0,2,5,0,7,2,4,14,1,21,0,2,2,23
12/17/2022,GCK,KS,ACE,CE,Federal Contract Tower,2,1,4,1,8,0,4,17,1,22,2,5,21,2,30,4,6,10,40
12/18/2022,GCK,KS,ACE,CE,Federal Contract Tower,2,1,5,0,8,0,6,8,0,14,2,7,13,0,22,8,0,8,30
12/19/2022,GCK,KS,ACE,CE,Federal Contract Tower,2,4,7,0,13,0,3,10,0,13,2,7,17,0,26,0,0,0,26
12/20/2022,GCK,KS,ACE,CE,Federal Contract Tower,2,2,13,2,19,0,3,12,6,21,2,5,25,8,40,4,38,42,82
12/21/2022,GCK,KS,ACE,CE,Federal Contract Tower,2,4,13,0,19,0,0,0,0,0,2,4,13,0,19,0,0,0,19
12/22/2022,GCK,KS,ACE,CE,Federal Contract Tower,2,2,6,0,10,0,1,1,0,2,2,3,7,0,12,0,0,0,12
12/23/2022,GCK,KS,ACE,CE,Federal Contract Tower,2,4,5,0,11,0,2,3,0,5,2,6,8,0,16,0,0,0,16
12/24/2022,GCK,KS,ACE,CE,Federal Contract Tower,2,1,4,0,7,0,0,2,0,2,2,1,6,0,9,0,0,0,9
12/25/2022,GCK,KS,ACE,CE,Federal Contract Tower,4,2,1,0,7,0,2,2,0,4,4,4,3,0,11,0,0,0,11
12/26/2022,GCK,KS,ACE,CE,Federal Contract Tower,2,8,9,0,19,0,2,5,0,7,2,10,14,0,26,2,0,2,28
12/27/2022,GCK,KS,ACE,CE,Federal Contract Tower,2,1,17,2,22,0,4,9,0,13,2,5,26,2,35,0,0,0,35
12/28/2022,GCK,KS,ACE,CE,Federal Contract Tower,2,6,8,0,16,0,2,11,0,13,2,8,19,0,29,12,0,12,41
12/29/2022,GCK,KS,ACE,CE,Federal Contract Tower,2,12,11,0,25,0,0,4,0,4,2,12,15,0,29,0,0,0,29
12/30/2022,GCK,KS,ACE,CE,Federal Contract Tower,2,2,8,0,12,0,3,11,0,14,2,5,19,0,26,0,0,0,26
12/31/2022,GCK,KS,ACE,CE,Federal Contract Tower,2,1,5,0,8,0,3,8,0,11,2,4,13,0,19,0,0,0,19
01/01/2023,GCK,KS,ACE,CE,Federal Contract Tower,3,2,2,0,7,0,2,8,0,10,3,4,10,0,17,4,0,4,21
01/02/2023,GCK,KS,ACE,CE,Federal Contract Tower,2,0,1,0,3,0,0,0,0,0,2,0,1,0,3,0,0,0,3
01/03/2023,GCK,KS,ACE,CE,Federal Contract Tower,2,4,18,0,24,0,1,2,0,3,2,5,20,0,27,0,0,0,27
01/04/2023,GCK,KS,ACE,CE,Federal Contract Tower,2,8,20,2,32,0,5,3,0,8,2,13,23,2,40,6,0,6,46
01/05/2023,GCK,KS,ACE,CE,Federal Contract Tower,2,4,17,0,23,0,1,14,8,23,2,5,31,8,46,0,0,0,46
01/06/2023,GCK,KS,ACE,CE,Federal Contract Tower,2,2,12,0,16,0,3,12,0,15,2,5,24,0,31,4,0,4,35
01/07/2023,GCK,KS,ACE,CE,Federal Contract Tower,2,2,8,1,13,0,1,11,1,13,2,3,19,2,26,0,6,6,32
01/08/2023,GCK,KS,ACE,CE,Federal Contract Tower,2,0,0,0,2,0,2,10,0,12,2,2,10,0,14,0,0,0,14
01/09/2023,GCK,KS,ACE,CE,Federal Contract Tower,2,4,20,2,28,0,2,12,2,16,2,6,32,4,44,16,0,16,60
01/10/2023,GCK,KS,ACE,CE,Federal Contract Tower,2,6,12,1,21,0,26,15,3,44,2,32,27,4,65,22,4,26,91
01/11/2023,GCK,KS,ACE,CE,Federal Contract Tower,2,7,12,0,21,0,1,5,0,6,2,8,17,0,27,0,0,0,27
01/12/2023,GCK,KS,ACE,CE,Federal Contract Tower,2,5,15,4,26,0,2,13,1,16,2,7,28,5,42,16,16,32,74
01/13/2023,GCK,KS,ACE,CE,Federal Contract Tower,2,5,15,4,26,0,7,16,2,25,2,12,31,6,51,12,12,24,75
01/14/2023,GCK,KS,ACE,CE,Federal Contract Tower,1,3,11,0,15,0,2,8,0,10,1,5,19,0,25,10,0,10,35
01/15/2023,GCK,KS,ACE,CE,Federal Contract Tower,1,0,8,0,9,0,0,9,0,9,1,0,17,0,18,2,0,2,20
01/16/2023,GCK,KS,ACE,CE,Federal Contract Tower,2,5,3,0,10,0,2,14,0,16,2,7,17,0,26,16,0,16,42
01/17/2023,GCK,KS,ACE,CE,Federal Contract Tower,2,9,14,0,25,0,3,5,0,8,2,12,19,0,33,6,0,6,39
01/18/2023,GCK,KS,ACE,CE,Federal Contract Tower,2,10,1,0,13,0,0,0,0,0,2,10,1,0,13,0,0,0,13
01/19/2023,GCK,KS,ACE,CE,Federal Contract Tower,2,6,6,2,16,0,2,20,1,23,2,8,26,3,39,18,6,24,63
01/20/2023,GCK,KS,ACE,CE,Federal Contract Tower,2,7,5,2,16,0,7,6,12,25,2,14,11,14,41,10,0,10,51
01/21/2023,GCK,KS,ACE,CE,Federal Contract Tower,3,1,2,0,6,0,0,0,0,0,3,1,2,0,6,0,0,0,6
01/22/2023,GCK,KS,ACE,CE,Federal Contract Tower,2,2,5,2,11,0,5,1,0,6,2,7,6,2,17,0,0,0,17
01/23/2023,GCK,KS,ACE,CE,Federal Contract Tower,2,8,7,0,17,0,1,7,0,8,2,9,14,0,25,2,0,2,27
01/24/2023,GCK,KS,ACE,CE,Federal Contract Tower,2,8,11,1,22,0,0,5,1,6,2,8,16,2,28,2,0,2,30
01/25/2023,GCK,KS,ACE,CE,Federal Contract Tower,2,9,5,5,21,0,1,12,2,15,2,10,17,7,36,8,30,38,74
01/26/2023,GCK,KS,ACE,CE,Federal Contract Tower,2,5,12,0,19,0,2,5,0,7,2,7,17,0,26,6,0,6,32
01/27/2023,GCK,KS,ACE,CE,Federal Contract Tower,2,4,11,1,18,0,7,22,2,31,2,11,33,3,49,4,14,18,67
01/28/2023,GCK,KS,ACE,CE,Federal Contract Tower,2,2,5,0,9,0,2,9,4,15,2,4,14,4,24,10,0,10,34
01/29/2023,GCK,KS,ACE,CE,Federal Contract Tower,2,4,11,0,17,0,0,1,2,3,2,4,12,2,20,0,0,0,20
01/30/2023,GCK,KS,ACE,CE,Federal Contract Tower,1,3,4,0,8,0,0,0,2,2,1,3,4,2,10,0,0,0,10
01/31/2023,GCK,KS,ACE,CE,Federal Contract Tower,1,5,14,0,20,0,4,10,1,15,1,9,24,1,35,12,0,12,47
02/01/2023,GCK,KS,ACE,CE,Federal Contract Tower,0,3,8,0,11,0,5,19,31,55,0,8,27,31,66,28,0,28,94
02/02/2023,GCK,KS,ACE,CE,Federal Contract Tower,3,6,6,6,21,0,4,9,4,17,3,10,15,10,38,24,2,26,64
02/03/2023,GCK,KS,ACE,CE,Federal Contract Tower,2,5,18,0,25,0,5,9,0,14,2,10,27,0,39,8,0,8,47
02/04/2023,GCK,KS,ACE,CE,Federal Contract Tower,2,2,6,0,10,0,2,6,21,29,2,4,12,21,39,0,0,0,39
02/05/2023,GCK,KS,ACE,CE,Federal Contract Tower,2,2,8,0,12,0,0,7,2,9,2,2,15,2,21,6,0,6,27
02/06/2023,GCK,KS,ACE,CE,Federal Contract Tower,2,7,14,1,24,0,1,6,1,8,2,8,20,2,32,10,14,24,56
02/07/2023,GCK,KS,ACE,CE,Federal Contract Tower,2,6,10,0,18,0,4,4,0,8,2,10,14,0,26,0,0,0,26
02/08/2023,GCK,KS,ACE,CE,Federal Contract Tower,2,9,10,0,21,0,2,15,0,17,2,11,25,0,38,22,0,22,60
02/09/2023,GCK,KS,ACE,CE,Federal Contract Tower,2,4,8,0,14,0,0,0,0,0,2,4,8,0,14,0,0,0,14
02/10/2023,GCK,KS,ACE,CE,Federal Contract Tower,2,6,16,7,31,0,4,9,1,14,2,10,25,8,45,2,14,16,61
02/11/2023,GCK,KS,ACE,CE,Federal Contract Tower,4,3,11,0,18,0,4,14,6,24,4,7,25,6,42,30,0,30,72
02/12/2023,GCK,KS,ACE,CE,Federal Contract Tower,2,0,5,1,8,0,4,3,0,7,2,4,8,1,15,10,2,12,27
02/13/2023,GCK,KS,ACE,CE,Federal Contract Tower,2,6,14,0,22,0,2,6,0,8,2,8,20,0,30,4,0,4,34
02/14/2023,GCK,KS,ACE,CE,Federal Contract Tower,2,5,7,0,14,0,1,8,0,9,2,6,15,0,23,10,0,10,33
02/15/2023,GCK,KS,ACE,CE,Federal Contract Tower,4,4,2,0,10,0,0,1,0,1,4,4,3,0,11,0,0,0,11
02/16/2023,GCK,KS,ACE,CE,Federal Contract Tower,2,7,11,0,20,0,1,6,0,7,2,8,17,0,27,8,0,8,35
02/17/2023,GCK,KS,ACE,CE,Federal Contract Tower,3,6,13,5,27,0,1,8,0,9,3,7,21,5,36,6,2,8,44
02/18/2023,GCK,KS,ACE,CE,Federal Contract Tower,2,1,9,0,12,0,0,3,3,6,2,1,12,3,18,2,0,2,20
02/19/2023,GCK,KS,ACE,CE,Federal Contract Tower,2,1,7,0,10,0,2,16,1,19,2,3,23,1,29,14,0,14,43
02/20/2023,GCK,KS,ACE,CE,Federal Contract Tower,2,4,11,0,17,0,3,17,0,20,2,7,28,0,37,10,0,10,47
02/21/2023,GCK,KS,ACE,CE,Federal Contract Tower,3,5,9,4,21,0,0,23,4,27,3,5,32,8,48,6,0,6,54
02/22/2023,GCK,KS,ACE,CE,Federal Contract Tower,2,4,2,0,8,0,0,1,0,1,2,4,3,0,9,0,0,0,9
02/23/2023,GCK,KS,ACE,CE,Federal Contract Tower,4,6,11,0,21,0,3,8,0,11,4,9,19,0,32,0,0,0,32
02/24/2023,GCK,KS,ACE,CE,Federal Contract Tower,3,5,12,2,22,0,1,8,0,9,3,6,20,2,31,2,4,6,37
02/25/2023,GCK,KS,ACE,CE,Federal Contract Tower,2,4,10,1,17,0,4,21,0,25,2,8,31,1,42,38,0,38,80
02/26/2023,GCK,KS,ACE,CE,Federal Contract Tower,2,0,3,0,5,0,3,10,8,21,2,3,13,8,26,10,0,10,36
02/27/2023,GCK,KS,ACE,CE,Federal Contract Tower,2,6,10,0,18,0,1,26,0,27,2,7,36,0,45,18,0,18,63
02/28/2023,GCK,KS,ACE,CE,Federal Contract Tower,2,4,8,0,14,0,2,1,0,3,2,6,9,0,17,8,0,8,25
03/01/2023,GCK,KS,ACE,CE,Federal Contract Tower,2,6,9,0,17,0,2,23,0,25,2,8,32,0,42,4,0,4,46
03/02/2023,GCK,KS,ACE,CE,Federal Contract Tower,3,4,8,0,15,0,0,6,0,6,3,4,14,0,21,4,0,4,25
03/03/2023,GCK,KS,ACE,CE,Federal Contract Tower,2,5,6,0,13,0,2,15,0,17,2,7,21,0,30,2,0,2,32
03/04/2023,GCK,KS,ACE,CE,Federal Contract Tower,2,1,10,0,13,0,0,20,6,26,2,1,30,6,39,0,0,0,39
03/05/2023,GCK,KS,ACE,CE,Federal Contract Tower,2,3,5,0,10,0,1,11,0,12,2,4,16,0,22,0,0,0,22
03/06/2023,GCK,KS,ACE,CE,Federal Contract Tower,2,4,9,0,15,0,5,15,0,20,2,9,24,0,35,4,0,4,39
03/07/2023,GCK,KS,ACE,CE,Federal Contract Tower,2,5,8,0,15,0,0,0,0,0,2,5,8,0,15,0,0,0,15
03/08/2023,GCK,KS,ACE,CE,Federal Contract Tower,2,6,11,0,19,0,0,2,0,2,2,6,13,0,21,0,0,0,21
03/09/2023,GCK,KS,ACE,CE,Federal Contract Tower,2,7,6,0,15,0,1,2,0,3,2,8,8,0,18,0,0,0,18
03/10/2023,GCK,KS,ACE,CE,Federal Contract Tower,2,6,5,0,13,0,0,11,2,13,2,6,16,2,26,12,0,12,38
03/11/2023,GCK,KS,ACE,CE,Federal Contract Tower,2,2,17,0,21,0,0,1,0,1,2,2,18,0,22,2,0,2,24
03/12/2023,GCK,KS,ACE,CE,Federal Contract Tower,2,3,3,0,8,0,5,10,0,15,2,8,13,0,23,2,0,2,25
03/13/2023,GCK,KS,ACE,CE,Federal Contract Tower,2,3,11,0,16,0,3,14,0,17,2,6,25,0,33,8,0,8,41
03/14/2023,GCK,KS,ACE,CE,Federal Contract Tower,2,7,9,0,18,0,2,8,0,10,2,9,17,0,28,0,0,0,28
03/15/2023,GCK,KS,ACE,CE,Federal Contract Tower,2,6,4,0,12,0,2,7,0,9,2,8,11,0,21,0,0,0,21
03/16/2023,GCK,KS,ACE,CE,Federal Contract Tower,3,4,4,0,11,0,0,1,0,1,3,4,5,0,12,0,0,0,12
03/17/2023,GCK,KS,ACE,CE,Federal Contract Tower,4,3,6,1,14,0,5,12,1,18,4,8,18,2,32,2,24,26,58
03/18/2023,GCK,KS,ACE,CE,Federal Contract Tower,2,1,6,0,9,0,2,14,0,16,2,3,20,0,25,0,0,0,25
03/19/2023,GCK,KS,ACE,CE,Federal Contract Tower,2,0,7,0,9,0,3,4,0,7,2,3,11,0,16,4,0,4,20
03/20/2023,GCK,KS,ACE,CE,Federal Contract Tower,2,5,4,0,11,0,1,6,8,15,2,6,10,8,26,0,0,0,26
03/21/2023,GCK,KS,ACE,CE,Federal Contract Tower,4,9,19,4,36,0,3,19,2,24,4,12,38,6,60,36,18,54,114
03/22/2023,GCK,KS,ACE,CE,Federal Contract Tower,2,4,7,0,13,0,0,2,0,2,2,4,9,0,15,0,0,0,15
03/23/2023,GCK,KS,ACE,CE,Federal Contract Tower,2,5,15,3,25,0,0,11,0,11,2,5,26,3,36,0,6,6,42
03/24/2023,GCK,KS,ACE,CE,Federal Contract Tower,3,4,13,1,21,0,0,0,2,2,3,4,13,3,23,0,2,2,25
03/25/2023,GCK,KS,ACE,CE,Federal Contract Tower,3,3,5,0,11,0,2,5,0,7,3,5,10,0,18,2,0,2,20
03/26/2023,GCK,KS,ACE,CE,Federal Contract Tower,4,5,11,0,20,0,6,5,0,11,4,11,16,0,31,6,0,6,37
03/27/2023,GCK,KS,ACE,CE,Federal Contract Tower,5,9,5,0,19,0,0,4,0,4,5,9,9,0,23,0,0,0,23
03/28/2023,GCK,KS,ACE,CE,Federal Contract Tower,2,9,13,6,30,0,2,15,1,18,2,11,28,7,48,10,20,30,78
03/29/2023,GCK,KS,ACE,CE,Federal Contract Tower,2,8,7,0,17,0,0,0,0,0,2,8,7,0,17,2,4,6,23
03/30/2023,GCK,KS,ACE,CE,Federal Contract Tower,2,4,5,0,11,0,0,2,0,2,2,4,7,0,13,0,0,0,13
03/31/2023,GCK,KS,ACE,CE,Federal Contract Tower,2,4,12,0,18,0,0,2,0,2,2,4,14,0,20,0,0,0,20
04/01/2023,GCK,KS,ACE,CE,Federal Contract Tower,2,3,3,1,9,0,1,27,0,28,2,4,30,1,37,10,8,18,55
04/02/2023,GCK,KS,ACE,CE,Federal Contract Tower,2,2,8,3,15,0,0,9,1,10,2,2,17,4,25,6,4,10,35
04/03/2023,GCK,KS,ACE,CE,Federal Contract Tower,2,5,10,0,17,0,1,9,0,10,2,6,19,0,27,10,0,10,37
04/04/2023,GCK,KS,ACE,CE,Federal Contract Tower,3,4,11,0,18,0,1,3,0,4,3,5,14,0,22,0,0,0,22
04/05/2023,GCK,KS,ACE,CE,Federal Contract Tower,2,6,7,0,15,0,1,11,4,16,2,7,18,4,31,0,2,2,33
04/06/2023,GCK,KS,ACE,CE,Federal Contract Tower,2,6,13,0,21,0,6,17,0,23,2,12,30,0,44,6,0,6,50
04/07/2023,GCK,KS,ACE,CE,Federal Contract Tower,2,4,10,0,16,0,2,5,0,7,2,6,15,0,23,4,0,4,27
04/08/2023,GCK,KS,ACE,CE,Federal Contract Tower,4,3,5,0,12,0,0,9,0,9,4,3,14,0,21,0,0,0,21
04/09/2023,GCK,KS,ACE,CE,Federal Contract Tower,1,2,2,0,5,0,0,2,0,2,1,2,4,0,7,0,0,0,7
04/10/2023,GCK,KS,ACE,CE,Federal Contract Tower,2,5,9,0,16,0,3,18,0,21,2,8,27,0,37,12,0,12,49
04/11/2023,GCK,KS,ACE,CE,Federal Contract Tower,2,10,9,2,23,0,1,18,0,19,2,11,27,2,42,2,0,2,44
04/13/2023,GCK,KS,ACE,CE,Federal Contract Tower,2,4,12,0,18,0,1,4,2,7,2,5,16,2,25,2,0,2,27
04/14/2023,GCK,KS,ACE,CE,Federal Contract Tower,2,4,8,0,14,0,2,17,0,19,2,6,25,0,33,28,0,28,61
04/15/2023,GCK,KS,ACE,CE,Federal Contract Tower,2,3,5,0,10,0,0,1,0,1,2,3,6,0,11,0,0,0,11
04/16/2023,GCK,KS,ACE,CE,Federal Contract Tower,2,0,6,4,12,0,1,5,0,6,2,1,11,4,18,8,0,8,26
04/17/2023,GCK,KS,ACE,CE,Federal Contract Tower,2,5,10,1,18,0,0,35,2,37,2,5,45,3,55,0,18,18,73
04/18/2023,GCK,KS,ACE,CE,Federal Contract Tower,2,6,8,1,17,0,0,13,0,13,2,6,21,1,30,32,0,32,62
04/19/2023,GCK,KS,ACE,CE,Federal Contract Tower,2,8,10,5,25,0,3,8,0,11,2,11,18,5,36,6,18,24,60
04/20/2023,GCK,KS,ACE,CE,Federal Contract Tower,2,9,10,0,21,0,1,6,0,7,2,10,16,0,28,0,0,0,28
04/21/2023,GCK,KS,ACE,CE,Federal Contract Tower,2,4,13,1,20,0,4,21,1,26,2,8,34,2,46,0,16,16,62
04/22/2023,GCK,KS,ACE,CE,Federal Contract Tower,2,4,3,0,9,0,6,10,0,16,2,10,13,0,25,4,0,4,29
04/23/2023,GCK,KS,ACE,CE,Federal Contract Tower,2,6,8,0,16,0,6,14,0,20,2,12,22,0,36,10,0,10,46
04/24/2023,GCK,KS,ACE,CE,Federal Contract Tower,2,3,4,2,11,0,3,4,0,7,2,6,8,2,18,0,0,0,18
04/25/2023,GCK,KS,ACE,CE,Federal Contract Tower,2,8,4,0,14,0,0,0,0,0,2,8,4,0,14,0,0,0,14
04/26/2023,GCK,KS,ACE,CE,Federal Contract Tower,3,8,3,0,14,0,0,0,0,0,3,8,3,0,14,0,0,0,14
04/27/2023,GCK,KS,ACE,CE,Federal Contract Tower,2,5,5,4,16,0,2,12,0,14,2,7,17,4,30,0,26,26,56
04/28/2023,GCK,KS,ACE,CE,Federal Contract Tower,3,6,11,6,26,0,0,2,0,2,3,6,13,6,28,22,16,38,66
04/29/2023,GCK,KS,ACE,CE,Federal Contract Tower,2,3,5,0,10,0,7,15,0,22,2,10,20,0,32,18,0,18,50
04/30/2023,GCK,KS,ACE,CE,Federal Contract Tower,2,2,4,0,8,0,5,15,0,20,2,7,19,0,28,6,0,6,34
05/01/2023,GCK,KS,ACE,CE,Federal Contract Tower,2,8,5,0,15,0,3,12,0,15,2,11,17,0,30,0,0,0,30
05/02/2023,GCK,KS,ACE,CE,Federal Contract Tower,2,7,14,4,27,0,1,8,0,9,2,8,22,4,36,18,2,20,56
05/03/2023,GCK,KS,ACE,CE,Federal Contract Tower,2,6,8,0,16,0,1,0,0,1,2,7,8,0,17,6,0,6,23
05/04/2023,GCK,KS,ACE,CE,Federal Contract Tower,4,6,3,1,14,0,3,16,0,19,4,9,19,1,33,0,12,12,45
05/05/2023,GCK,KS,ACE,CE,Federal Contract Tower,2,4,6,5,17,0,1,27,3,31,2,5,33,8,48,0,2,2,50
05/06/2023,GCK,KS,ACE,CE,Federal Contract Tower,2,0,8,0,10,0,0,17,0,17,2,0,25,0,27,2,0,2,29
05/07/2023,GCK,KS,ACE,CE,Federal Contract Tower,2,1,7,0,10,0,2,19,0,21,2,3,26,0,31,0,0,0,31
05/08/2023,GCK,KS,ACE,CE,Federal Contract Tower,4,5,6,1,16,0,4,44,0,48,4,9,50,1,64,6,32,38,102
05/09/2023,GCK,KS,ACE,CE,Federal Contract Tower,3,4,4,0,11,0,2,32,0,34,3,6,36,0,45,2,0,2,47
05/10/2023,GCK,KS,ACE,CE,Federal Contract Tower,2,9,7,0,18,0,1,3,0,4,2,10,10,0,22,2,0,2,24
05/11/2023,GCK,KS,ACE,CE,Federal Contract Tower,2,4,5,0,11,0,0,2,0,2,2,4,7,0,13,0,0,0,13
05/12/2023,GCK,KS,ACE,CE,Federal Contract Tower,2,11,13,2,28,0,5,38,6,49,2,16,51,8,77,0,4,4,81
05/13/2023,GCK,KS,ACE,CE,Federal Contract Tower,2,1,7,1,11,0,0,35,3,38,2,1,42,4,49,0,24,24,73
05/14/2023,GCK,KS,ACE,CE,Federal Contract Tower,2,0,4,0,6,0,0,0,0,0,2,0,4,0,6,0,0,0,6
05/15/2023,GCK,KS,ACE,CE,Federal Contract Tower,2,7,13,2,24,0,1,13,0,14,2,8,26,2,38,0,0,0,38
05/16/2023,GCK,KS,ACE,CE,Federal Contract Tower,2,3,5,0,10,0,3,28,0,31,2,6,33,0,41,12,0,12,53
05/17/2023,GCK,KS,ACE,CE,Federal Contract Tower,2,6,12,0,20,0,3,21,0,24,2,9,33,0,44,0,0,0,44
05/18/2023,GCK,KS,ACE,CE,Federal Contract Tower,2,4,6,0,12,0,4,34,0,38,2,8,40,0,50,6,0,6,56
05/19/2023,GCK,KS,ACE,CE,Federal Contract Tower,2,7,10,10,29,0,1,17,0,18,2,8,27,10,47,0,0,0,47
05/20/2023,GCK,KS,ACE,CE,Federal Contract Tower,2,1,7,2,12,0,3,46,1,50,2,4,53,3,62,2,0,2,64
05/21/2023,GCK,KS,ACE,CE,Federal Contract Tower,2,0,3,0,5,0,7,13,0,20,2,7,16,0,25,0,0,0,25
05/22/2023,GCK,KS,ACE,CE,Federal Contract Tower,2,5,5,0,12,0,1,13,0,14,2,6,18,0,26,2,0,2,28
05/23/2023,GCK,KS,ACE,CE,Federal Contract Tower,2,6,10,1,19,0,1,24,1,26,2,7,34,2,45,2,0,2,47
05/24/2023,GCK,KS,ACE,CE,Federal Contract Tower,2,10,6,0,18,0,0,16,0,16,2,10,22,0,34,0,0,0,34
05/25/2023,GCK,KS,ACE,CE,Federal Contract Tower,2,5,8,0,15,0,0,10,0,10,2,5,18,0,25,0,0,0,25
05/26/2023,GCK,KS,ACE,CE,Federal Contract Tower,2,6,12,0,20,0,0,9,0,9,2,6,21,0,29,0,0,0,29
05/27/2023,GCK,KS,ACE,CE,Federal Contract Tower,2,1,4,0,7,0,0,9,2,11,2,1,13,2,18,0,0,0,18
05/28/2023,GCK,KS,ACE,CE,Federal Contract Tower,3,4,2,0,9,0,0,11,0,11,3,4,13,0,20,0,0,0,20
05/29/2023,GCK,KS,ACE,CE,Federal Contract Tower,2,2,9,0,13,0,0,24,0,24,2,2,33,0,37,8,0,8,45
05/30/2023,GCK,KS,ACE,CE,Federal Contract Tower,2,5,8,0,15,0,1,18,0,19,2,6,26,0,34,4,0,4,38
05/31/2023,GCK,KS,ACE,CE,Federal Contract Tower,2,6,2,0,10,0,2,22,0,24,2,8,24,0,34,0,0,0,34
06/01/2023,GCK,KS,ACE,CE,Federal Contract Tower,2,6,11,0,19,0,0,21,0,21,2,6,32,0,40,0,0,0,40
06/02/2023,GCK,KS,ACE,CE,Federal Contract Tower,2,6,7,0,15,0,0,11,0,11,2,6,18,0,26,0,0,0,26
06/03/2023,GCK,KS,ACE,CE,Federal Contract Tower,2,2,9,0,13,0,0,6,0,6,2,2,15,0,19,0,0,0,19
06/04/2023,GCK,KS,ACE,CE,Federal Contract Tower,2,4,5,0,11,0,0,1,0,1,2,4,6,0,12,0,0,0,12
06/05/2023,GCK,KS,ACE,CE,Federal Contract Tower,3,3,8,2,16,0,2,19,0,21,3,5,27,2,37,2,0,2,39
06/06/2023,GCK,KS,ACE,CE,Federal Contract Tower,2,8,6,0,16,0,2,24,0,26,2,10,30,0,42,0,0,0,42
06/07/2023,GCK,KS,ACE,CE,Federal Contract Tower,2,7,7,2,18,0,4,10,2,16,2,11,17,4,34,4,0,4,38
06/08/2023,GCK,KS,ACE,CE,Federal Contract Tower,2,7,4,0,13,0,1,35,0,36,2,8,39,0,49,6,0,6,55
06/09/2023,GCK,KS,ACE,CE,Federal Contract Tower,4,4,5,0,13,0,4,35,0,39,4,8,40,0,52,2,0,2,54
06/10/2023,GCK,KS,ACE,CE,Federal Contract Tower,2,12,3,0,17,0,4,27,12,43,2,16,30,12,60,6,0,6,66
06/11/2023,GCK,KS,ACE,CE,Federal Contract Tower,2,8,9,0,19,0,0,7,0,7,2,8,16,0,26,8,0,8,34
06/12/2023,GCK,KS,ACE,CE,Federal Contract Tower,2,8,11,0,21,0,0,18,0,18,2,8,29,0,39,0,0,0,39
06/13/2023,GCK,KS,ACE,CE,Federal Contract Tower,3,9,7,2,21,0,3,33,2,38,3,12,40,4,59,8,6,14,73
06/14/2023,GCK,KS,ACE,CE,Federal Contract Tower,2,12,16,0,30,0,3,52,0,55,2,15,68,0,85,4,0,4,89
06/15/2023,GCK,KS,ACE,CE,Federal Contract Tower,2,8,11,0,21,0,0,23,0,23,2,8,34,0,44,2,0,2,46
06/16/2023,GCK,KS,ACE,CE,Federal Contract Tower,3,3,12,1,19,0,1,51,1,53,3,4,63,2,72,6,0,6,78
06/17/2023,GCK,KS,ACE,CE,Federal Contract Tower,1,4,5,0,10,0,0,19,0,19,1,4,24,0,29,2,0,2,31
06/18/2023,GCK,KS,ACE,CE,Federal Contract Tower,2,4,10,0,16,0,2,24,1,27,2,6,34,1,43,0,0,0,43
06/19/2023,GCK,KS,ACE,CE,Federal Contract Tower,2,9,11,0,22,0,3,13,0,16,2,12,24,0,38,6,0,6,44
06/20/2023,GCK,KS,ACE,CE,Federal Contract Tower,2,10,5,0,17,0,3,25,2,30,2,13,30,2,47,0,0,0,47
06/21/2023,GCK,KS,ACE,CE,Federal Contract Tower,2,5,11,0,18,0,0,11,0,11,2,5,22,0,29,4,0,4,33
06/22/2023,GCK,KS,ACE,CE,Federal Contract Tower,2,4,6,0,12,0,0,34,0,34,2,4,40,0,46,0,0,0,46
06/23/2023,GCK,KS,ACE,CE,Federal Contract Tower,2,12,6,0,20,0,1,26,2,29,2,13,32,2,49,6,0,6,55
06/24/2023,GCK,KS,ACE,CE,Federal Contract Tower,2,7,8,0,17,0,0,78,0,78,2,7,86,0,95,0,0,0,95
06/25/2023,GCK,KS,ACE,CE,Federal Contract Tower,2,2,3,4,11,0,5,41,0,46,2,7,44,4,57,6,10,16,73
06/26/2023,GCK,KS,ACE,CE,Federal Contract Tower,2,6,7,0,15,0,3,31,0,34,2,9,38,0,49,0,0,0,49
06/27/2023,GCK,KS,ACE,CE,Federal Contract Tower,2,7,11,0,20,0,0,15,0,15,2,7,26,0,35,0,0,0,35
06/28/2023,GCK,KS,ACE,CE,Federal Contract Tower,2,5,4,1,12,0,0,61,0,61,2,5,65,1,73,0,0,0,73
06/29/2023,GCK,KS,ACE,CE,Federal Contract Tower,2,5,12,0,19,0,1,39,0,40,2,6,51,0,59,4,0,4,63
06/30/2023,GCK,KS,ACE,CE,Federal Contract Tower,2,4,13,0,19,0,3,54,0,57,2,7,67,0,76,0,0,0,76
07/01/2023,GCK,KS,ACE,CE,Federal Contract Tower,2,1,15,0,18,0,1,27,0,28,2,2,42,0,46,0,0,0,46
07/02/2023,GCK,KS,ACE,CE,Federal Contract Tower,2,4,1,0,7,0,5,16,0,21,2,9,17,0,28,2,0,2,30
07/03/2023,GCK,KS,ACE,CE,Federal Contract Tower,2,5,8,0,15,0,4,38,0,42,2,9,46,0,57,0,0,0,57
07/04/2023,GCK,KS,ACE,CE,Federal Contract Tower,2,0,2,0,4,0,2,16,0,18,2,2,18,0,22,0,0,0,22
07/05/2023,GCK,KS,ACE,CE,Federal Contract Tower,2,11,9,0,22,0,0,13,8,21,2,11,22,8,43,0,0,0,43
07/06/2023,GCK,KS,ACE,CE,Federal Contract Tower,2,10,8,0,20,0,0,32,0,32,2,10,40,0,52,0,0,0,52
07/07/2023,GCK,KS,ACE,CE,Federal Contract Tower,2,5,10,3,20,0,0,65,0,65,2,5,75,3,85,0,16,16,101
07/08/2023,GCK,KS,ACE,CE,Federal Contract Tower,2,2,10,0,14,0,1,28,2,31,2,3,38,2,45,0,0,0,45
07/09/2023,GCK,KS,ACE,CE,Federal Contract Tower,2,4,9,0,15,0,0,39,2,41,2,4,48,2,56,0,0,0,56
07/10/2023,GCK,KS,ACE,CE,Federal Contract Tower,2,6,7,2,17,0,1,39,0,40,2,7,46,2,57,0,6,6,63
07/11/2023,GCK,KS,ACE,CE,Federal Contract Tower,2,4,9,0,15,0,1,57,1,59,2,5,66,1,74,0,0,0,74
07/12/2023,GCK,KS,ACE,CE,Federal Contract Tower,2,3,15,0,20,0,5,65,0,70,2,8,80,0,90,0,0,0,90
07/13/2023,GCK,KS,ACE,CE,Federal Contract Tower,2,8,11,0,21,0,0,21,0,21,2,8,32,0,42,0,0,0,42
07/14/2023,GCK,KS,ACE,CE,Federal Contract Tower,2,8,11,2,23,0,1,39,3,43,2,9,50,5,66,0,6,6,72
07/15/2023,GCK,KS,ACE,CE,Federal Contract Tower,2,2,10,0,14,0,4,94,2,100,2,6,104,2,114,0,0,0,114
07/16/2023,GCK,KS,ACE,CE,Federal Contract Tower,2,11,8,6,27,0,3,29,2,34,2,14,37,8,61,0,0,0,61
07/17/2023,GCK,KS,ACE,CE,Federal Contract Tower,2,5,18,2,27,0,1,53,2,56,2,6,71,4,83,0,4,4,87
07/18/2023,GCK,KS,ACE,CE,Federal Contract Tower,2,5,13,0,20,0,0,84,3,87,2,5,97,3,107,4,4,8,115
07/19/2023,GCK,KS,ACE,CE,Federal Contract Tower,2,5,8,0,15,0,1,68,0,69,2,6,76,0,84,2,0,2,86
07/20/2023,GCK,KS,ACE,CE,Federal Contract Tower,2,4,9,0,15,0,2,66,0,68,2,6,75,0,83,2,0,2,85
07/21/2023,GCK,KS,ACE,CE,Federal Contract Tower,2,9,11,0,22,0,2,57,0,59,2,11,68,0,81,4,0,4,85
07/22/2023,GCK,KS,ACE,CE,Federal Contract Tower,2,8,4,0,14,0,0,95,0,95,2,8,99,0,109,10,0,10,119
07/23/2023,GCK,KS,ACE,CE,Federal Contract Tower,2,1,9,9,21,0,4,29,0,33,2,5,38,9,54,0,6,6,60
07/24/2023,GCK,KS,ACE,CE,Federal Contract Tower,2,8,10,2,22,0,2,73,10,85,2,10,83,12,107,4,10,14,121
07/25/2023,GCK,KS,ACE,CE,Federal Contract Tower,2,9,5,0,16,0,3,50,0,53,2,12,55,0,69,0,0,0,69
07/26/2023,GCK,KS,ACE,CE,Federal Contract Tower,2,4,12,0,18,0,0,50,2,52,2,4,62,2,70,4,6,10,80
07/27/2023,GCK,KS,ACE,CE,Federal Contract Tower,2,5,3,0,10,0,5,42,0,47,2,10,45,0,57,2,6,8,65
07/28/2023,GCK,KS,ACE,CE,Federal Contract Tower,2,10,13,0,25,0,4,54,2,60,2,14,67,2,85,6,0,6,91
07/29/2023,GCK,KS,ACE,CE,Federal Contract Tower,2,5,4,0,11,0,6,22,2,30,2,11,26,2,41,0,0,0,41
07/30/2023,GCK,KS,ACE,CE,Federal Contract Tower,2,8,3,0,13,0,3,34,4,41,2,11,37,4,54,8,0,8,62
07/31/2023,GCK,KS,ACE,CE,Federal Contract Tower,2,4,16,2,24,0,3,60,0,63,2,7,76,2,87,8,0,8,95
08/01/2023,GCK,KS,ACE,CE,Federal Contract Tower,2,7,9,2,20,0,0,47,0,47,2,7,56,2,67,0,12,12,79
08/02/2023,GCK,KS,ACE,CE,Federal Contract Tower,2,9,8,0,19,0,6,67,0,73,2,15,75,0,92,26,0,26,118
08/03/2023,GCK,KS,ACE,CE,Federal Contract Tower,3,5,21,0,29,0,6,32,0,38,3,11,53,0,67,6,0,6,73
08/04/2023,GCK,KS,ACE,CE,Federal Contract Tower,2,6,8,0,16,0,5,32,0,37,2,11,40,0,53,8,0,8,61
08/05/2023,GCK,KS,ACE,CE,Federal Contract Tower,2,6,6,2,16,0,1,31,0,32,2,7,37,2,48,0,0,0,48
08/06/2023,GCK,KS,ACE,CE,Federal Contract Tower,2,4,10,0,16,0,1,13,6,20,2,5,23,6,36,2,0,2,38
08/07/2023,GCK,KS,ACE,CE,Federal Contract Tower,2,6,11,0,19,0,2,42,0,44,2,8,53,0,63,8,0,8,71
08/08/2023,GCK,KS,ACE,CE,Federal Contract Tower,2,3,8,2,15,0,3,32,2,37,2,6,40,4,52,0,0,0,52
08/09/2023,GCK,KS,ACE,CE,Federal Contract Tower,2,5,11,0,18,0,2,43,0,45,2,7,54,0,63,8,0,8,71
08/10/2023,GCK,KS,ACE,CE,Federal Contract Tower,2,3,17,0,22,0,3,34,1,38,2,6,51,1,60,18,10,28,88
08/11/2023,GCK,KS,ACE,CE,Federal Contract Tower,2,3,4,2,11,0,14,16,4,34,2,17,20,6,45,14,0,14,59
08/12/2023,GCK,KS,ACE,CE,Federal Contract Tower,2,2,6,0,10,0,1,13,2,16,2,3,19,2,26,0,0,0,26
08/13/2023,GCK,KS,ACE,CE,Federal Contract Tower,2,2,12,0,16,0,0,6,14,20,2,2,18,14,36,0,0,0,36
08/14/2023,GCK,KS,ACE,CE,Federal Contract Tower,2,5,5,0,12,0,2,30,10,42,2,7,35,10,54,0,0,0,54
08/15/2023,GCK,KS,ACE,CE,Federal Contract Tower,2,6,8,0,16,0,4,30,8,42,2,10,38,8,58,22,0,22,80
08/16/2023,GCK,KS,ACE,CE,Federal Contract Tower,2,4,8,2,16,0,3,23,0,26,2,7,31,2,42,0,0,0,42
08/17/2023,GCK,KS,ACE,CE,Federal Contract Tower,2,9,9,0,20,0,6,26,5,37,2,15,35,5,57,0,0,0,57
08/18/2023,GCK,KS,ACE,CE,Federal Contract Tower,2,11,7,2,22,0,3,15,1,19,2,14,22,3,41,20,4,24,65
08/19/2023,GCK,KS,ACE,CE,Federal Contract Tower,2,5,7,0,14,0,6,21,10,37,2,11,28,10,51,0,0,0,51
08/20/2023,GCK,KS,ACE,CE,Federal Contract Tower,4,1,10,13,28,0,8,18,0,26,4,9,28,13,54,0,32,32,86
08/21/2023,GCK,KS,ACE,CE,Federal Contract Tower,2,4,13,2,21,0,1,14,4,19,2,5,27,6,40,6,0,6,46
08/22/2023,GCK,KS,ACE,CE,Federal Contract Tower,6,3,12,1,22,0,3,26,2,31,6,6,38,3,53,18,12,30,83
08/23/2023,GCK,KS,ACE,CE,Federal Contract Tower,2,5,12,0,19,0,3,30,0,33,2,8,42,0,52,2,0,2,54
08/24/2023,GCK,KS,ACE,CE,Federal Contract Tower,2,5,13,0,20,0,5,26,6,37,2,10,39,6,57,4,0,4,61
08/25/2023,GCK,KS,ACE,CE,Federal Contract Tower,2,3,13,2,20,0,4,28,0,32,2,7,41,2,52,2,0,2,54
08/26/2023,GCK,KS,ACE,CE,Federal Contract Tower,2,12,8,0,22,0,2,25,2,29,2,14,33,2,51,6,0,6,57
08/27/2023,GCK,KS,ACE,CE,Federal Contract Tower,2,0,3,0,5,0,3,15,2,20,2,3,18,2,25,2,0,2,27
08/28/2023,GCK,KS,ACE,CE,Federal Contract Tower,2,5,5,2,14,1,2,19,7,29,3,7,24,9,43,10,0,10,53
08/29/2023,GCK,KS,ACE,CE,Federal Contract Tower,2,7,12,0,21,0,2,31,0,33,2,9,43,0,54,26,0,26,80
08/30/2023,GCK,KS,ACE,CE,Federal Contract Tower,2,3,14,0,19,0,5,28,0,33,2,8,42,0,52,0,0,0,52
08/31/2023,GCK,KS,ACE,CE,Federal Contract Tower,2,6,2,0,10,0,6,16,0,22,2,12,18,0,32,2,0,2,34
