01/01/2020,GCN,AZ,AWP,WE,Towers with Radar,0,4,4,0,8,0,154,12,0,166,0,158,16,0,174,0,0,0,174
01/02/2020,GCN,AZ,AWP,WE,Towers with Radar,0,4,4,0,8,0,186,3,0,189,0,190,7,0,197,0,0,0,197
01/03/2020,GCN,AZ,AWP,WE,Towers with Radar,0,4,2,0,6,0,140,12,0,152,0,144,14,0,158,0,0,0,158
01/04/2020,GCN,AZ,AWP,WE,Towers with Radar,0,0,3,0,3,0,104,7,0,111,0,104,10,0,114,4,0,4,118
01/05/2020,GCN,AZ,AWP,WE,Towers with Radar,0,0,4,0,4,0,113,7,0,120,0,113,11,0,124,0,0,0,124
01/06/2020,GCN,AZ,AWP,WE,Towers with Radar,0,3,0,1,4,0,74,4,0,78,0,77,4,1,82,0,2,2,84
01/07/2020,GCN,AZ,AWP,WE,Towers with Radar,0,0,0,0,0,0,57,6,0,63,0,57,6,0,63,0,0,0,63
01/08/2020,GCN,AZ,AWP,WE,Towers with Radar,0,1,2,0,3,0,78,4,0,82,0,79,6,0,85,0,0,0,85
01/09/2020,GCN,AZ,AWP,WE,Towers with Radar,0,9,3,0,12,0,85,0,0,85,0,94,3,0,97,14,0,14,111
01/10/2020,GCN,AZ,AWP,WE,Towers with Radar,0,0,2,4,6,0,67,6,0,73,0,67,8,4,79,0,0,0,79
01/11/2020,GCN,AZ,AWP,WE,Towers with Radar,0,0,0,0,0,0,78,4,0,82,0,78,4,0,82,0,0,0,82
01/12/2020,GCN,AZ,AWP,WE,Towers with Radar,0,0,1,0,1,0,70,4,0,74,0,70,5,0,75,0,0,0,75
01/13/2020,GCN,AZ,AWP,WE,Towers with Radar,0,0,0,2,2,0,70,7,2,79,0,70,7,4,81,0,0,0,81
01/14/2020,GCN,AZ,AWP,WE,Towers with Radar,0,0,0,0,0,0,56,6,0,62,0,56,6,0,62,13,0,13,75
01/15/2020,GCN,AZ,AWP,WE,Towers with Radar,0,0,0,0,0,0,65,8,0,73,0,65,8,0,73,6,0,6,79
01/16/2020,GCN,AZ,AWP,WE,Towers with Radar,0,0,1,0,1,0,88,3,0,91,0,88,4,0,92,8,0,8,100
01/17/2020,GCN,AZ,AWP,WE,Towers with Radar,0,2,4,0,6,0,56,1,0,57,0,58,5,0,63,0,0,0,63
01/18/2020,GCN,AZ,AWP,WE,Towers with Radar,0,0,0,2,2,0,97,8,0,105,0,97,8,2,107,12,4,16,123
01/19/2020,GCN,AZ,AWP,WE,Towers with Radar,0,0,2,0,2,0,80,13,0,93,0,80,15,0,95,22,0,22,117
01/20/2020,GCN,AZ,AWP,WE,Towers with Radar,0,4,2,0,6,0,89,12,0,101,0,93,14,0,107,0,0,0,107
01/21/2020,GCN,AZ,AWP,WE,Towers with Radar,0,2,1,0,3,0,0,0,0,0,0,2,1,0,3,0,0,0,3
01/22/2020,GCN,AZ,AWP,WE,Towers with Radar,0,12,3,0,15,0,75,1,0,76,0,87,4,0,91,0,0,0,91
01/23/2020,GCN,AZ,AWP,WE,Towers with Radar,0,3,7,0,10,0,148,6,0,154,0,151,13,0,164,4,0,4,168
01/24/2020,GCN,AZ,AWP,WE,Towers with Radar,0,2,5,0,7,0,109,10,0,119,0,111,15,0,126,0,0,0,126
01/25/2020,GCN,AZ,AWP,WE,Towers with Radar,0,3,1,0,4,0,106,14,2,122,0,109,15,2,126,16,0,16,142
01/26/2020,GCN,AZ,AWP,WE,Towers with Radar,0,0,0,2,2,0,154,7,4,165,0,154,7,6,167,2,0,2,169
01/27/2020,GCN,AZ,AWP,WE,Towers with Radar,0,0,0,6,6,0,117,4,0,121,0,117,4,6,127,0,0,0,127
01/28/2020,GCN,AZ,AWP,WE,Towers with Radar,0,4,4,9,17,0,96,6,2,104,0,100,10,11,121,13,4,17,138
01/29/2020,GCN,AZ,AWP,WE,Towers with Radar,0,1,0,0,1,0,134,0,0,134,0,135,0,0,135,9,0,9,144
01/30/2020,GCN,AZ,AWP,WE,Towers with Radar,0,3,3,0,6,0,103,1,2,106,0,106,4,2,112,0,4,4,116
01/31/2020,GCN,AZ,AWP,WE,Towers with Radar,0,2,1,0,3,0,94,4,0,98,0,96,5,0,101,0,0,0,101
02/01/2020,GCN,AZ,AWP,WE,Towers with Radar,0,2,11,0,13,0,73,22,0,95,0,75,33,0,108,6,0,6,114
02/02/2020,GCN,AZ,AWP,WE,Towers with Radar,0,2,0,0,2,0,101,4,0,105,0,103,4,0,107,40,0,40,147
02/03/2020,GCN,AZ,AWP,WE,Towers with Radar,0,0,0,2,2,0,8,0,0,8,0,8,0,2,10,0,0,0,10
02/04/2020,GCN,AZ,AWP,WE,Towers with Radar,0,0,2,2,4,0,94,2,0,96,0,94,4,2,100,0,6,6,106
02/05/2020,GCN,AZ,AWP,WE,Towers with Radar,0,0,6,0,6,0,103,43,2,148,0,103,49,2,154,39,0,39,193
02/06/2020,GCN,AZ,AWP,WE,Towers with Radar,0,3,7,0,10,0,99,9,0,108,0,102,16,0,118,22,0,22,140
02/07/2020,GCN,AZ,AWP,WE,Towers with Radar,0,3,6,0,9,0,94,7,0,101,0,97,13,0,110,56,0,56,166
02/08/2020,GCN,AZ,AWP,WE,Towers with Radar,0,1,1,0,2,0,67,11,0,78,0,68,12,0,80,52,0,52,132
02/09/2020,GCN,AZ,AWP,WE,Towers with Radar,0,3,0,0,3,0,82,3,0,85,0,85,3,0,88,0,0,0,88
02/10/2020,GCN,AZ,AWP,WE,Towers with Radar,0,2,0,4,6,0,66,1,0,67,0,68,1,4,73,104,0,104,177
02/11/2020,GCN,AZ,AWP,WE,Towers with Radar,0,0,1,0,1,0,73,11,0,84,0,73,12,0,85,2,0,2,87
02/12/2020,GCN,AZ,AWP,WE,Towers with Radar,0,1,0,0,1,0,100,8,0,108,0,101,8,0,109,86,10,96,205
02/13/2020,GCN,AZ,AWP,WE,Towers with Radar,0,2,1,1,4,0,121,7,0,128,0,123,8,1,132,88,16,104,236
02/14/2020,GCN,AZ,AWP,WE,Towers with Radar,0,4,2,0,6,0,94,11,0,105,0,98,13,0,111,20,0,20,131
02/15/2020,GCN,AZ,AWP,WE,Towers with Radar,0,0,3,2,5,0,100,24,1,125,0,100,27,3,130,76,0,76,206
02/16/2020,GCN,AZ,AWP,WE,Towers with Radar,0,4,1,0,5,0,130,12,0,142,0,134,13,0,147,0,2,2,149
02/17/2020,GCN,AZ,AWP,WE,Towers with Radar,0,0,4,2,6,0,115,7,0,122,0,115,11,2,128,2,2,4,132
02/18/2020,GCN,AZ,AWP,WE,Towers with Radar,0,0,2,4,6,0,108,4,0,112,0,108,6,4,118,50,6,56,174
02/19/2020,GCN,AZ,AWP,WE,Towers with Radar,0,1,3,0,4,0,126,13,1,140,0,127,16,1,144,1,10,11,155
02/20/2020,GCN,AZ,AWP,WE,Towers with Radar,0,2,0,0,2,0,111,8,0,119,0,113,8,0,121,18,0,18,139
02/21/2020,GCN,AZ,AWP,WE,Towers with Radar,0,4,0,0,4,0,118,11,0,129,0,122,11,0,133,25,0,25,158
02/22/2020,GCN,AZ,AWP,WE,Towers with Radar,0,13,2,0,15,0,23,0,0,23,0,36,2,0,38,0,0,0,38
02/23/2020,GCN,AZ,AWP,WE,Towers with Radar,0,3,0,0,3,0,37,3,0,40,0,40,3,0,43,2,0,2,45
02/24/2020,GCN,AZ,AWP,WE,Towers with Radar,0,11,1,0,12,0,67,8,0,75,0,78,9,0,87,2,0,2,89
02/25/2020,GCN,AZ,AWP,WE,Towers with Radar,0,0,2,4,6,0,88,9,0,97,0,88,11,4,103,0,11,11,114
02/26/2020,GCN,AZ,AWP,WE,Towers with Radar,0,0,6,2,8,0,99,8,0,107,0,99,14,2,115,0,0,0,115
02/27/2020,GCN,AZ,AWP,WE,Towers with Radar,0,0,4,0,4,0,106,9,0,115,0,106,13,0,119,10,0,10,129
02/28/2020,GCN,AZ,AWP,WE,Towers with Radar,0,2,5,0,7,0,104,9,0,113,0,106,14,0,120,19,0,19,139
02/29/2020,GCN,AZ,AWP,WE,Towers with Radar,0,4,2,1,7,1,103,26,0,130,1,107,28,1,137,12,0,12,149
03/01/2020,GCN,AZ,AWP,WE,Towers with Radar,0,1,7,0,8,0,70,6,0,76,0,71,13,0,84,5,0,5,89
03/02/2020,GCN,AZ,AWP,WE,Towers with Radar,0,2,0,0,2,0,83,4,0,87,0,85,4,0,89,0,0,0,89
03/03/2020,GCN,AZ,AWP,WE,Towers with Radar,0,0,6,1,7,0,95,10,0,105,0,95,16,1,112,4,0,4,116
03/04/2020,GCN,AZ,AWP,WE,Towers with Radar,0,6,3,0,9,0,101,19,5,125,0,107,22,5,134,28,0,28,162
03/05/2020,GCN,AZ,AWP,WE,Towers with Radar,0,5,1,0,6,0,106,16,2,124,0,111,17,2,130,12,14,26,156
03/06/2020,GCN,AZ,AWP,WE,Towers with Radar,0,0,17,0,17,0,76,8,0,84,0,76,25,0,101,24,0,24,125
03/07/2020,GCN,AZ,AWP,WE,Towers with Radar,0,0,8,0,8,0,91,3,0,94,0,91,11,0,102,0,0,0,102
03/08/2020,GCN,AZ,AWP,WE,Towers with Radar,0,2,0,0,2,0,88,6,0,94,0,90,6,0,96,34,0,34,130
03/09/2020,GCN,AZ,AWP,WE,Towers with Radar,0,0,4,0,4,0,163,9,0,172,0,163,13,0,176,2,0,2,178
03/10/2020,GCN,AZ,AWP,WE,Towers with Radar,0,22,0,0,22,0,1,0,0,1,0,23,0,0,23,0,0,0,23
03/11/2020,GCN,AZ,AWP,WE,Towers with Radar,0,1,4,0,5,0,20,1,0,21,0,21,5,0,26,62,0,62,88
03/12/2020,GCN,AZ,AWP,WE,Towers with Radar,0,1,2,0,3,0,104,13,0,117,0,105,15,0,120,0,0,0,120
03/13/2020,GCN,AZ,AWP,WE,Towers with Radar,0,0,1,0,1,0,7,0,0,7,0,7,1,0,8,0,0,0,8
03/14/2020,GCN,AZ,AWP,WE,Towers with Radar,0,0,5,0,5,0,56,0,0,56,0,56,5,0,61,0,0,0,61
03/15/2020,GCN,AZ,AWP,WE,Towers with Radar,0,1,1,0,2,0,143,5,0,148,0,144,6,0,150,0,0,0,150
03/16/2020,GCN,AZ,AWP,WE,Towers with Radar,0,0,3,0,3,0,144,7,0,151,0,144,10,0,154,5,0,5,159
03/17/2020,GCN,AZ,AWP,WE,Towers with Radar,0,0,3,0,3,0,74,4,2,80,0,74,7,2,83,4,2,6,89
03/18/2020,GCN,AZ,AWP,WE,Towers with Radar,0,0,0,0,0,0,18,0,0,18,0,18,0,0,18,2,0,2,20
03/19/2020,GCN,AZ,AWP,WE,Towers with Radar,0,0,0,0,0,0,4,0,0,4,0,4,0,0,4,26,0,26,30
03/20/2020,GCN,AZ,AWP,WE,Towers with Radar,0,3,1,0,4,0,31,0,0,31,0,34,1,0,35,0,0,0,35
03/21/2020,GCN,AZ,AWP,WE,Towers with Radar,0,0,2,0,2,0,14,5,0,19,0,14,7,0,21,0,0,0,21
03/22/2020,GCN,AZ,AWP,WE,Towers with Radar,0,0,4,0,4,0,12,4,0,16,0,12,8,0,20,10,0,10,30
03/23/2020,GCN,AZ,AWP,WE,Towers with Radar,0,0,2,2,4,0,4,3,0,7,0,4,5,2,11,14,0,14,25
03/24/2020,GCN,AZ,AWP,WE,Towers with Radar,0,2,3,0,5,0,59,3,0,62,0,61,6,0,67,64,0,64,131
03/25/2020,GCN,AZ,AWP,WE,Towers with Radar,0,0,0,0,0,0,11,2,0,13,0,11,2,0,13,38,0,38,51
03/26/2020,GCN,AZ,AWP,WE,Towers with Radar,0,0,0,1,1,0,19,7,1,27,0,19,7,2,28,20,0,20,48
03/27/2020,GCN,AZ,AWP,WE,Towers with Radar,0,0,0,0,0,0,0,0,0,0,0,0,0,0,0,0,0,0,0
03/28/2020,GCN,AZ,AWP,WE,Towers with Radar,0,0,12,0,12,0,7,12,0,19,0,7,24,0,31,42,0,42,73
03/29/2020,GCN,AZ,AWP,WE,Towers with Radar,0,0,0,0,0,0,5,0,0,5,0,5,0,0,5,10,0,10,15
03/30/2020,GCN,AZ,AWP,WE,Towers with Radar,0,0,2,2,4,0,8,7,0,15,0,8,9,2,19,24,0,24,43
03/31/2020,GCN,AZ,AWP,WE,Towers with Radar,0,4,5,0,9,0,8,2,2,12,0,12,7,2,21,0,0,0,21
04/01/2020,GCN,AZ,AWP,WE,Towers with Radar,0,0,0,0,0,0,1,6,0,7,0,1,6,0,7,16,0,16,23
04/02/2020,GCN,AZ,AWP,WE,Towers with Radar,0,0,2,0,2,0,3,2,2,7,0,3,4,2,9,0,0,0,9
04/03/2020,GCN,AZ,AWP,WE,Towers with Radar,0,7,7,0,14,0,1,3,0,4,0,8,10,0,18,49,0,49,67
04/04/2020,GCN,AZ,AWP,WE,Towers with Radar,0,0,0,0,0,0,2,4,0,6,0,2,4,0,6,0,0,0,6
04/05/2020,GCN,AZ,AWP,WE,Towers with Radar,0,0,0,0,0,0,0,2,0,2,0,0,2,0,2,0,0,0,2
04/06/2020,GCN,AZ,AWP,WE,Towers with Radar,0,0,0,4,4,0,3,1,1,5,0,3,1,5,9,11,0,11,20
04/07/2020,GCN,AZ,AWP,WE,Towers with Radar,0,0,3,0,3,0,13,0,0,13,0,13,3,0,16,29,0,29,45
04/08/2020,GCN,AZ,AWP,WE,Towers with Radar,0,0,0,3,3,0,6,0,0,6,0,6,0,3,9,8,2,10,19
04/09/2020,GCN,AZ,AWP,WE,Towers with Radar,0,0,0,4,4,0,7,0,0,7,0,7,0,4,11,85,18,103,114
04/10/2020,GCN,AZ,AWP,WE,Towers with Radar,0,0,2,2,4,0,8,5,4,17,0,8,7,6,21,27,7,34,55
04/11/2020,GCN,AZ,AWP,WE,Towers with Radar,0,0,0,0,0,0,0,2,0,2,0,0,2,0,2,0,0,0,2
04/12/2020,GCN,AZ,AWP,WE,Towers with Radar,0,0,0,0,0,0,0,0,0,0,0,0,0,0,0,0,0,0,0
04/13/2020,GCN,AZ,AWP,WE,Towers with Radar,0,0,2,2,4,0,0,0,0,0,0,0,2,2,4,0,0,0,4
04/14/2020,GCN,AZ,AWP,WE,Towers with Radar,0,0,1,5,6,0,7,3,0,10,0,7,4,5,16,10,0,10,26
04/15/2020,GCN,AZ,AWP,WE,Towers with Radar,0,0,0,4,4,0,4,2,0,6,0,4,2,4,10,0,0,0,10
04/16/2020,GCN,AZ,AWP,WE,Towers with Radar,0,0,6,0,6,0,3,0,0,3,0,3,6,0,9,12,0,12,21
04/17/2020,GCN,AZ,AWP,WE,Towers with Radar,0,0,0,4,4,0,11,7,1,19,0,11,7,5,23,0,18,18,41
04/18/2020,GCN,AZ,AWP,WE,Towers with Radar,0,0,1,2,3,0,4,5,0,9,0,4,6,2,12,6,0,6,18
04/19/2020,GCN,AZ,AWP,WE,Towers with Radar,0,0,2,0,2,0,20,16,0,36,0,20,18,0,38,27,0,27,65
04/20/2020,GCN,AZ,AWP,WE,Towers with Radar,0,1,0,0,1,0,5,4,4,13,0,6,4,4,14,12,0,12,26
04/21/2020,GCN,AZ,AWP,WE,Towers with Radar,0,0,0,0,0,0,4,0,0,4,0,4,0,0,4,0,0,0,4
04/22/2020,GCN,AZ,AWP,WE,Towers with Radar,0,1,0,0,1,0,1,2,0,3,0,2,2,0,4,0,0,0,4
04/23/2020,GCN,AZ,AWP,WE,Towers with Radar,0,7,1,0,8,0,8,2,0,10,0,15,3,0,18,2,0,2,20
04/24/2020,GCN,AZ,AWP,WE,Towers with Radar,0,0,6,4,10,0,10,3,0,13,0,10,9,4,23,88,0,88,111
04/25/2020,GCN,AZ,AWP,WE,Towers with Radar,0,0,2,0,2,0,2,5,0,7,0,2,7,0,9,0,0,0,9
04/26/2020,GCN,AZ,AWP,WE,Towers with Radar,0,0,0,0,0,0,2,1,1,4,0,2,1,1,4,0,0,0,4
04/27/2020,GCN,AZ,AWP,WE,Towers with Radar,0,2,1,0,3,0,22,13,1,36,0,24,14,1,39,44,2,46,85
04/28/2020,GCN,AZ,AWP,WE,Towers with Radar,0,0,0,2,2,0,4,3,0,7,0,4,3,2,9,2,0,2,11
04/29/2020,GCN,AZ,AWP,WE,Towers with Radar,0,0,0,0,0,0,6,9,0,15,0,6,9,0,15,0,0,0,15
04/30/2020,GCN,AZ,AWP,WE,Towers with Radar,0,0,0,0,0,0,6,5,0,11,0,6,5,0,11,0,0,0,11
05/01/2020,GCN,AZ,AWP,WE,Towers with Radar,0,0,0,0,0,0,2,0,2,4,0,2,0,2,4,0,0,0,4
05/02/2020,GCN,AZ,AWP,WE,Towers with Radar,0,0,0,0,0,0,6,0,0,6,0,6,0,0,6,0,0,0,6
05/03/2020,GCN,AZ,AWP,WE,Towers with Radar,0,0,1,0,1,0,0,5,0,5,0,0,6,0,6,0,0,0,6
05/04/2020,GCN,AZ,AWP,WE,Towers with Radar,0,0,2,0,2,0,0,2,2,4,0,0,4,2,6,2,0,2,8
05/05/2020,GCN,AZ,AWP,WE,Towers with Radar,0,0,0,0,0,0,4,6,0,10,0,4,6,0,10,0,0,0,10
05/06/2020,GCN,AZ,AWP,WE,Towers with Radar,0,0,0,0,0,0,1,0,0,1,0,1,0,0,1,0,0,0,1
05/07/2020,GCN,AZ,AWP,WE,Towers with Radar,0,0,2,2,4,0,8,0,0,8,0,8,2,2,12,0,0,0,12
05/08/2020,GCN,AZ,AWP,WE,Towers with Radar,0,0,0,0,0,0,3,3,0,6,0,3,3,0,6,0,0,0,6
05/09/2020,GCN,AZ,AWP,WE,Towers with Radar,0,0,0,0,0,0,0,4,0,4,0,0,4,0,4,4,0,4,8
05/10/2020,GCN,AZ,AWP,WE,Towers with Radar,0,0,2,0,2,0,0,3,0,3,0,0,5,0,5,0,0,0,5
05/11/2020,GCN,AZ,AWP,WE,Towers with Radar,0,0,0,0,0,0,3,0,8,11,0,3,0,8,11,0,4,4,15
05/12/2020,GCN,AZ,AWP,WE,Towers with Radar,0,0,2,0,2,0,2,3,2,7,0,2,5,2,9,0,0,0,9
05/13/2020,GCN,AZ,AWP,WE,Towers with Radar,0,0,0,0,0,0,4,0,2,6,0,4,0,2,6,0,0,0,6
05/14/2020,GCN,AZ,AWP,WE,Towers with Radar,0,0,0,0,0,0,2,0,1,3,0,2,0,1,3,0,4,4,7
05/15/2020,GCN,AZ,AWP,WE,Towers with Radar,0,0,0,0,0,0,9,0,2,11,0,9,0,2,11,0,0,0,11
05/16/2020,GCN,AZ,AWP,WE,Towers with Radar,0,0,0,0,0,0,14,1,0,15,0,14,1,0,15,0,0,0,15
05/17/2020,GCN,AZ,AWP,WE,Towers with Radar,0,0,0,0,0,0,9,2,0,11,0,9,2,0,11,0,0,0,11
05/18/2020,GCN,AZ,AWP,WE,Towers with Radar,0,0,0,0,0,0,12,5,0,17,0,12,5,0,17,0,0,0,17
05/19/2020,GCN,AZ,AWP,WE,Towers with Radar,0,0,0,0,0,0,2,0,0,2,0,2,0,0,2,0,0,0,2
05/20/2020,GCN,AZ,AWP,WE,Towers with Radar,0,0,0,0,0,0,5,4,2,11,0,5,4,2,11,0,0,0,11
05/21/2020,GCN,AZ,AWP,WE,Towers with Radar,0,2,3,0,5,0,8,11,0,19,0,10,14,0,24,0,0,0,24
05/22/2020,GCN,AZ,AWP,WE,Towers with Radar,0,0,0,0,0,7,15,6,0,28,7,15,6,0,28,50,0,50,78
05/23/2020,GCN,AZ,AWP,WE,Towers with Radar,0,0,0,0,0,0,41,7,0,48,0,41,7,0,48,0,0,0,48
05/24/2020,GCN,AZ,AWP,WE,Towers with Radar,0,0,2,0,2,0,52,6,0,58,0,52,8,0,60,2,0,2,62
05/25/2020,GCN,AZ,AWP,WE,Towers with Radar,0,0,7,0,7,0,55,5,0,60,0,55,12,0,67,0,0,0,67
05/26/2020,GCN,AZ,AWP,WE,Towers with Radar,0,0,4,0,4,0,25,7,0,32,0,25,11,0,36,2,0,2,38
05/27/2020,GCN,AZ,AWP,WE,Towers with Radar,0,0,0,0,0,0,22,1,0,23,0,22,1,0,23,0,12,12,35
05/28/2020,GCN,AZ,AWP,WE,Towers with Radar,0,2,4,0,6,0,18,5,0,23,0,20,9,0,29,0,0,0,29
05/29/2020,GCN,AZ,AWP,WE,Towers with Radar,0,0,3,0,3,0,20,10,0,30,0,20,13,0,33,24,0,24,57
05/30/2020,GCN,AZ,AWP,WE,Towers with Radar,0,0,0,0,0,0,22,2,0,24,0,22,2,0,24,0,0,0,24
05/31/2020,GCN,AZ,AWP,WE,Towers with Radar,0,0,0,1,1,0,36,3,2,41,0,36,3,3,42,14,4,18,60
06/01/2020,GCN,AZ,AWP,WE,Towers with Radar,0,0,6,0,6,0,27,3,0,30,0,27,9,0,36,6,0,6,42
06/02/2020,GCN,AZ,AWP,WE,Towers with Radar,0,0,6,0,6,0,31,5,0,36,0,31,11,0,42,12,0,12,54
06/03/2020,GCN,AZ,AWP,WE,Towers with Radar,0,0,2,0,2,0,26,1,2,29,0,26,3,2,31,0,0,0,31
06/04/2020,GCN,AZ,AWP,WE,Towers with Radar,0,0,0,0,0,0,27,4,0,31,0,27,4,0,31,0,0,0,31
06/05/2020,GCN,AZ,AWP,WE,Towers with Radar,0,0,3,0,3,0,16,6,0,22,0,16,9,0,25,10,0,10,35
06/06/2020,GCN,AZ,AWP,WE,Towers with Radar,0,0,2,0,2,0,30,8,0,38,0,30,10,0,40,0,0,0,40
06/07/2020,GCN,AZ,AWP,WE,Towers with Radar,0,0,0,0,0,0,24,3,0,27,0,24,3,0,27,0,0,0,27
06/08/2020,GCN,AZ,AWP,WE,Towers with Radar,0,1,4,0,5,0,12,4,2,18,0,13,8,2,23,0,22,22,45
06/09/2020,GCN,AZ,AWP,WE,Towers with Radar,0,2,0,0,2,0,32,11,0,43,0,34,11,0,45,26,0,26,71
06/10/2020,GCN,AZ,AWP,WE,Towers with Radar,0,3,8,4,15,0,25,14,0,39,0,28,22,4,54,22,2,24,78
06/11/2020,GCN,AZ,AWP,WE,Towers with Radar,0,0,0,0,0,0,31,5,0,36,0,31,5,0,36,30,0,30,66
06/12/2020,GCN,AZ,AWP,WE,Towers with Radar,0,0,1,0,1,0,49,5,0,54,0,49,6,0,55,0,0,0,55
06/13/2020,GCN,AZ,AWP,WE,Towers with Radar,0,1,1,0,2,0,29,1,0,30,0,30,2,0,32,0,0,0,32
06/14/2020,GCN,AZ,AWP,WE,Towers with Radar,0,0,0,0,0,0,62,8,0,70,0,62,8,0,70,0,0,0,70
06/15/2020,GCN,AZ,AWP,WE,Towers with Radar,0,0,1,2,3,0,54,3,0,57,0,54,4,2,60,6,4,10,70
06/16/2020,GCN,AZ,AWP,WE,Towers with Radar,0,0,1,2,3,0,32,3,0,35,0,32,4,2,38,0,10,10,48
06/17/2020,GCN,AZ,AWP,WE,Towers with Radar,0,0,5,0,5,0,42,7,0,49,0,42,12,0,54,2,0,2,56
06/18/2020,GCN,AZ,AWP,WE,Towers with Radar,0,0,0,0,0,0,40,8,0,48,0,40,8,0,48,10,0,10,58
06/19/2020,GCN,AZ,AWP,WE,Towers with Radar,0,0,2,0,2,0,46,6,0,52,0,46,8,0,54,0,0,0,54
06/20/2020,GCN,AZ,AWP,WE,Towers with Radar,0,0,0,0,0,0,53,2,0,55,0,53,2,0,55,0,0,0,55
06/21/2020,GCN,AZ,AWP,WE,Towers with Radar,0,0,4,0,4,0,48,1,0,49,0,48,5,0,53,0,0,0,53
06/22/2020,GCN,AZ,AWP,WE,Towers with Radar,0,0,0,1,1,0,52,3,1,56,0,52,3,2,57,0,6,6,63
06/23/2020,GCN,AZ,AWP,WE,Towers with Radar,0,0,5,0,5,0,58,9,0,67,0,58,14,0,72,20,0,20,92
06/24/2020,GCN,AZ,AWP,WE,Towers with Radar,0,0,1,3,4,0,53,4,5,62,0,53,5,8,66,0,2,2,68
06/25/2020,GCN,AZ,AWP,WE,Towers with Radar,0,1,5,4,10,0,62,15,0,77,0,63,20,4,87,0,0,0,87
06/26/2020,GCN,AZ,AWP,WE,Towers with Radar,0,0,0,0,0,0,62,7,0,69,0,62,7,0,69,6,0,6,75
06/27/2020,GCN,AZ,AWP,WE,Towers with Radar,0,2,2,0,4,0,70,7,0,77,0,72,9,0,81,2,0,2,83
06/28/2020,GCN,AZ,AWP,WE,Towers with Radar,0,1,0,0,1,0,30,0,0,30,0,31,0,0,31,0,0,0,31
06/29/2020,GCN,AZ,AWP,WE,Towers with Radar,0,0,2,0,2,0,13,1,0,14,0,13,3,0,16,0,0,0,16
06/30/2020,GCN,AZ,AWP,WE,Towers with Radar,0,1,0,3,4,0,61,5,2,68,0,62,5,5,72,1,0,1,73
07/01/2020,GCN,AZ,AWP,WE,Towers with Radar,0,0,3,0,3,0,60,6,0,66,0,60,9,0,69,19,0,19,88
07/02/2020,GCN,AZ,AWP,WE,Towers with Radar,0,0,0,3,3,0,57,0,1,58,0,57,0,4,61,22,0,22,83
07/03/2020,GCN,AZ,AWP,WE,Towers with Radar,0,1,0,0,1,0,49,4,0,53,0,50,4,0,54,2,0,2,56
07/04/2020,GCN,AZ,AWP,WE,Towers with Radar,0,0,0,0,0,0,71,6,0,77,0,71,6,0,77,0,0,0,77
07/05/2020,GCN,AZ,AWP,WE,Towers with Radar,0,0,0,0,0,0,56,4,0,60,0,56,4,0,60,0,0,0,60
07/06/2020,GCN,AZ,AWP,WE,Towers with Radar,0,0,4,0,4,0,41,0,0,41,0,41,4,0,45,0,0,0,45
07/07/2020,GCN,AZ,AWP,WE,Towers with Radar,0,0,1,0,1,0,45,6,0,51,0,45,7,0,52,0,0,0,52
07/08/2020,GCN,AZ,AWP,WE,Towers with Radar,0,0,3,0,3,0,34,2,0,36,0,34,5,0,39,0,0,0,39
07/09/2020,GCN,AZ,AWP,WE,Towers with Radar,0,0,0,0,0,0,38,3,3,44,0,38,3,3,44,2,0,2,46
07/10/2020,GCN,AZ,AWP,WE,Towers with Radar,0,1,10,0,11,0,49,7,0,56,0,50,17,0,67,0,0,0,67
07/11/2020,GCN,AZ,AWP,WE,Towers with Radar,0,0,0,0,0,0,43,12,0,55,0,43,12,0,55,0,0,0,55
07/12/2020,GCN,AZ,AWP,WE,Towers with Radar,0,0,0,0,0,0,50,0,0,50,0,50,0,0,50,0,0,0,50
07/13/2020,GCN,AZ,AWP,WE,Towers with Radar,0,0,0,0,0,0,51,2,0,53,0,51,2,0,53,0,0,0,53
07/14/2020,GCN,AZ,AWP,WE,Towers with Radar,0,0,2,0,2,0,45,4,0,49,0,45,6,0,51,10,0,10,61
07/15/2020,GCN,AZ,AWP,WE,Towers with Radar,0,0,1,0,1,0,68,6,0,74,0,68,7,0,75,0,0,0,75
07/16/2020,GCN,AZ,AWP,WE,Towers with Radar,0,0,1,4,5,0,49,8,0,57,0,49,9,4,62,2,0,2,64
07/17/2020,GCN,AZ,AWP,WE,Towers with Radar,0,0,4,0,4,0,35,8,0,43,0,35,12,0,47,6,0,6,53
07/18/2020,GCN,AZ,AWP,WE,Towers with Radar,0,0,3,0,3,0,60,4,0,64,0,60,7,0,67,0,0,0,67
07/19/2020,GCN,AZ,AWP,WE,Towers with Radar,0,0,3,0,3,0,61,13,0,74,0,61,16,0,77,0,0,0,77
07/20/2020,GCN,AZ,AWP,WE,Towers with Radar,0,0,1,1,2,0,38,8,0,46,0,38,9,1,48,10,4,14,62
07/21/2020,GCN,AZ,AWP,WE,Towers with Radar,0,0,0,0,0,0,35,5,0,40,0,35,5,0,40,12,0,12,52
07/22/2020,GCN,AZ,AWP,WE,Towers with Radar,0,0,1,0,1,0,64,11,0,75,0,64,12,0,76,11,0,11,87
07/23/2020,GCN,AZ,AWP,WE,Towers with Radar,0,0,2,0,2,0,38,10,0,48,0,38,12,0,50,0,0,0,50
07/24/2020,GCN,AZ,AWP,WE,Towers with Radar,0,0,0,2,2,0,38,5,1,44,0,38,5,3,46,12,0,12,58
07/25/2020,GCN,AZ,AWP,WE,Towers with Radar,0,0,0,0,0,0,55,4,2,61,0,55,4,2,61,2,4,6,67
07/26/2020,GCN,AZ,AWP,WE,Towers with Radar,0,0,0,0,0,0,45,6,0,51,0,45,6,0,51,0,0,0,51
07/27/2020,GCN,AZ,AWP,WE,Towers with Radar,0,0,4,0,4,0,52,3,0,55,0,52,7,0,59,0,0,0,59
07/28/2020,GCN,AZ,AWP,WE,Towers with Radar,0,1,0,0,1,0,44,2,2,48,0,45,2,2,49,12,4,16,65
07/29/2020,GCN,AZ,AWP,WE,Towers with Radar,0,2,0,0,2,0,51,6,0,57,0,53,6,0,59,10,0,10,69
07/30/2020,GCN,AZ,AWP,WE,Towers with Radar,0,2,1,1,4,0,53,4,1,58,0,55,5,2,62,13,0,13,75
07/31/2020,GCN,AZ,AWP,WE,Towers with Radar,0,0,3,0,3,0,60,1,0,61,0,60,4,0,64,0,0,0,64
08/01/2020,GCN,AZ,AWP,WE,Towers with Radar,0,0,2,2,4,0,49,2,0,51,0,49,4,2,55,0,0,0,55
08/02/2020,GCN,AZ,AWP,WE,Towers with Radar,0,0,4,2,6,0,44,2,0,46,0,44,6,2,52,0,0,0,52
08/03/2020,GCN,AZ,AWP,WE,Towers with Radar,0,0,1,0,1,0,46,47,2,95,0,46,48,2,96,0,0,0,96
08/04/2020,GCN,AZ,AWP,WE,Towers with Radar,0,0,0,0,0,0,45,1,2,48,0,45,1,2,48,0,0,0,48
08/05/2020,GCN,AZ,AWP,WE,Towers with Radar,0,0,0,0,0,0,37,8,0,45,0,37,8,0,45,0,0,0,45
08/06/2020,GCN,AZ,AWP,WE,Towers with Radar,0,0,1,0,1,0,42,3,0,45,0,42,4,0,46,0,0,0,46
08/07/2020,GCN,AZ,AWP,WE,Towers with Radar,0,0,2,0,2,0,48,8,0,56,0,48,10,0,58,0,0,0,58
08/08/2020,GCN,AZ,AWP,WE,Towers with Radar,0,0,2,0,2,0,58,5,1,64,0,58,7,1,66,0,0,0,66
08/09/2020,GCN,AZ,AWP,WE,Towers with Radar,0,1,0,0,1,0,51,6,1,58,0,52,6,1,59,0,0,0,59
08/10/2020,GCN,AZ,AWP,WE,Towers with Radar,0,1,0,0,1,0,42,2,0,44,0,43,2,0,45,0,0,0,45
08/11/2020,GCN,AZ,AWP,WE,Towers with Radar,0,0,0,3,3,0,42,1,1,44,0,42,1,4,47,0,21,21,68
08/12/2020,GCN,AZ,AWP,WE,Towers with Radar,0,2,0,0,2,0,39,5,0,44,0,41,5,0,46,18,0,18,64
08/13/2020,GCN,AZ,AWP,WE,Towers with Radar,0,0,1,0,1,0,40,6,2,48,0,40,7,2,49,11,2,13,62
08/14/2020,GCN,AZ,AWP,WE,Towers with Radar,0,2,0,0,2,0,47,6,0,53,0,49,6,0,55,14,0,14,69
08/15/2020,GCN,AZ,AWP,WE,Towers with Radar,0,0,0,0,0,10,62,7,0,79,10,62,7,0,79,0,0,0,79
08/16/2020,GCN,AZ,AWP,WE,Towers with Radar,0,0,1,0,1,0,55,1,0,56,0,55,2,0,57,6,0,6,63
08/17/2020,GCN,AZ,AWP,WE,Towers with Radar,0,0,0,0,0,0,38,5,0,43,0,38,5,0,43,0,0,0,43
08/18/2020,GCN,AZ,AWP,WE,Towers with Radar,0,0,0,2,2,0,55,5,0,60,0,55,5,2,62,0,6,6,68
08/19/2020,GCN,AZ,AWP,WE,Towers with Radar,0,0,0,0,0,0,42,6,0,48,0,42,6,0,48,10,0,10,58
08/20/2020,GCN,AZ,AWP,WE,Towers with Radar,0,0,0,0,0,0,25,4,0,29,0,25,4,0,29,2,0,2,31
08/21/2020,GCN,AZ,AWP,WE,Towers with Radar,0,0,2,0,2,0,59,7,0,66,0,59,9,0,68,14,0,14,82
08/22/2020,GCN,AZ,AWP,WE,Towers with Radar,0,5,3,0,8,0,40,14,0,54,0,45,17,0,62,0,0,0,62
08/23/2020,GCN,AZ,AWP,WE,Towers with Radar,0,2,5,0,7,0,35,6,0,41,0,37,11,0,48,0,0,0,48
08/24/2020,GCN,AZ,AWP,WE,Towers with Radar,0,0,3,0,3,0,39,5,0,44,0,39,8,0,47,12,0,12,59
08/25/2020,GCN,AZ,AWP,WE,Towers with Radar,0,0,0,0,0,0,33,4,0,37,0,33,4,0,37,0,0,0,37
08/26/2020,GCN,AZ,AWP,WE,Towers with Radar,0,0,0,0,0,0,39,4,0,43,0,39,4,0,43,11,0,11,54
08/27/2020,GCN,AZ,AWP,WE,Towers with Radar,0,0,0,2,2,0,30,6,2,38,0,30,6,4,40,0,18,18,58
08/28/2020,GCN,AZ,AWP,WE,Towers with Radar,0,0,8,0,8,0,45,6,0,51,0,45,14,0,59,0,0,0,59
08/29/2020,GCN,AZ,AWP,WE,Towers with Radar,0,0,1,0,1,0,56,7,0,63,0,56,8,0,64,0,0,0,64
08/30/2020,GCN,AZ,AWP,WE,Towers with Radar,0,0,0,0,0,0,34,4,4,42,0,34,4,4,42,0,0,0,42
08/31/2020,GCN,AZ,AWP,WE,Towers with Radar,0,0,5,0,5,0,34,3,4,41,0,34,8,4,46,0,0,0,46
09/01/2020,GCN,AZ,AWP,WE,Towers with Radar,0,0,2,0,2,0,23,2,0,25,0,23,4,0,27,6,0,6,33
09/02/2020,GCN,AZ,AWP,WE,Towers with Radar,0,0,1,0,1,0,36,3,4,43,0,36,4,4,44,0,8,8,52
09/03/2020,GCN,AZ,AWP,WE,Towers with Radar,0,0,2,0,2,0,48,1,0,49,0,48,3,0,51,0,0,0,51
09/04/2020,GCN,AZ,AWP,WE,Towers with Radar,0,0,2,0,2,0,53,9,0,62,0,53,11,0,64,9,2,11,75
09/05/2020,GCN,AZ,AWP,WE,Towers with Radar,0,0,5,0,5,0,109,10,0,119,0,109,15,0,124,0,0,0,124
09/06/2020,GCN,AZ,AWP,WE,Towers with Radar,0,0,2,0,2,0,97,5,0,102,0,97,7,0,104,0,0,0,104
09/07/2020,GCN,AZ,AWP,WE,Towers with Radar,0,0,0,0,0,0,42,4,0,46,0,42,4,0,46,0,0,0,46
09/08/2020,GCN,AZ,AWP,WE,Towers with Radar,0,0,0,1,1,0,21,1,1,23,0,21,1,2,24,0,0,0,24
09/09/2020,GCN,AZ,AWP,WE,Towers with Radar,0,0,0,0,0,0,49,2,0,51,0,49,2,0,51,0,0,0,51
09/10/2020,GCN,AZ,AWP,WE,Towers with Radar,0,0,7,0,7,0,49,7,0,56,0,49,14,0,63,0,0,0,63
09/11/2020,GCN,AZ,AWP,WE,Towers with Radar,0,0,3,1,4,0,54,10,2,66,0,54,13,3,70,10,0,10,80
09/12/2020,GCN,AZ,AWP,WE,Towers with Radar,0,0,1,0,1,0,75,14,0,89,0,75,15,0,90,0,0,0,90
09/13/2020,GCN,AZ,AWP,WE,Towers with Radar,0,0,2,0,2,0,56,15,0,71,0,56,17,0,73,0,0,0,73
09/14/2020,GCN,AZ,AWP,WE,Towers with Radar,0,0,0,0,0,0,45,15,0,60,0,45,15,0,60,0,0,0,60
09/15/2020,GCN,AZ,AWP,WE,Towers with Radar,0,2,3,0,5,0,69,5,2,76,0,71,8,2,81,0,2,2,83
09/16/2020,GCN,AZ,AWP,WE,Towers with Radar,0,5,2,1,8,0,66,5,0,71,0,71,7,1,79,14,2,16,95
09/17/2020,GCN,AZ,AWP,WE,Towers with Radar,0,3,2,0,5,0,61,15,2,78,0,64,17,2,83,10,0,10,93
09/18/2020,GCN,AZ,AWP,WE,Towers with Radar,0,0,1,0,1,0,54,8,0,62,0,54,9,0,63,0,0,0,63
09/19/2020,GCN,AZ,AWP,WE,Towers with Radar,0,2,5,0,7,0,49,5,0,54,0,51,10,0,61,2,0,2,63
09/20/2020,GCN,AZ,AWP,WE,Towers with Radar,0,0,0,0,0,0,60,6,0,66,0,60,6,0,66,0,0,0,66
09/21/2020,GCN,AZ,AWP,WE,Towers with Radar,0,0,0,2,2,0,43,4,7,54,0,43,4,9,56,5,2,7,63
09/22/2020,GCN,AZ,AWP,WE,Towers with Radar,0,0,0,2,2,0,47,1,2,50,0,47,1,4,52,0,0,0,52
09/23/2020,GCN,AZ,AWP,WE,Towers with Radar,0,0,4,0,4,0,47,11,2,60,0,47,15,2,64,31,0,31,95
09/24/2020,GCN,AZ,AWP,WE,Towers with Radar,0,0,2,0,2,0,57,6,0,63,0,57,8,0,65,0,0,0,65
09/25/2020,GCN,AZ,AWP,WE,Towers with Radar,0,2,0,0,2,0,59,5,0,64,0,61,5,0,66,0,0,0,66
09/26/2020,GCN,AZ,AWP,WE,Towers with Radar,0,2,0,0,2,0,76,7,3,86,0,78,7,3,88,0,9,9,97
09/27/2020,GCN,AZ,AWP,WE,Towers with Radar,0,0,0,0,0,0,52,10,0,62,0,52,10,0,62,2,0,2,64
09/28/2020,GCN,AZ,AWP,WE,Towers with Radar,0,2,1,3,6,0,34,6,0,40,0,36,7,3,46,0,24,24,70
09/29/2020,GCN,AZ,AWP,WE,Towers with Radar,0,0,1,2,3,0,59,5,1,65,0,59,6,3,68,0,0,0,68
09/30/2020,GCN,AZ,AWP,WE,Towers with Radar,0,2,2,6,10,0,42,8,3,53,0,44,10,9,63,4,0,4,67
10/01/2020,GCN,AZ,AWP,WE,Towers with Radar,0,0,1,0,1,0,46,8,3,57,0,46,9,3,58,0,0,0,58
10/02/2020,GCN,AZ,AWP,WE,Towers with Radar,0,0,3,1,4,0,86,11,0,97,0,86,14,1,101,0,0,0,101
10/03/2020,GCN,AZ,AWP,WE,Towers with Radar,0,2,4,0,6,0,71,22,0,93,0,73,26,0,99,16,0,16,115
10/04/2020,GCN,AZ,AWP,WE,Towers with Radar,0,0,10,0,10,0,61,6,0,67,0,61,16,0,77,0,0,0,77
10/05/2020,GCN,AZ,AWP,WE,Towers with Radar,0,0,0,3,3,0,71,8,0,79,0,71,8,3,82,12,5,17,99
10/06/2020,GCN,AZ,AWP,WE,Towers with Radar,0,1,2,0,3,0,83,9,0,92,0,84,11,0,95,7,0,7,102
10/07/2020,GCN,AZ,AWP,WE,Towers with Radar,0,2,2,0,4,0,59,7,0,66,0,61,9,0,70,12,0,12,82
10/08/2020,GCN,AZ,AWP,WE,Towers with Radar,0,1,1,0,2,0,76,16,0,92,0,77,17,0,94,18,0,18,112
10/09/2020,GCN,AZ,AWP,WE,Towers with Radar,0,2,4,0,6,0,72,11,0,83,0,74,15,0,89,22,0,22,111
10/10/2020,GCN,AZ,AWP,WE,Towers with Radar,0,0,4,1,5,0,94,11,1,106,0,94,15,2,111,0,5,5,116
10/11/2020,GCN,AZ,AWP,WE,Towers with Radar,0,0,0,0,0,0,87,8,0,95,0,87,8,0,95,0,0,0,95
10/12/2020,GCN,AZ,AWP,WE,Towers with Radar,0,0,2,0,2,0,85,13,0,98,0,85,15,0,100,0,0,0,100
10/13/2020,GCN,AZ,AWP,WE,Towers with Radar,0,0,3,1,4,0,73,10,2,85,0,73,13,3,89,2,25,27,116
10/14/2020,GCN,AZ,AWP,WE,Towers with Radar,0,0,4,0,4,0,92,10,0,102,0,92,14,0,106,2,0,2,108
10/15/2020,GCN,AZ,AWP,WE,Towers with Radar,0,2,8,2,12,0,77,10,3,90,0,79,18,5,102,0,0,0,102
10/16/2020,GCN,AZ,AWP,WE,Towers with Radar,0,3,2,0,5,0,112,10,0,122,0,115,12,0,127,0,0,0,127
10/17/2020,GCN,AZ,AWP,WE,Towers with Radar,0,11,2,0,13,0,107,16,0,123,0,118,18,0,136,12,0,12,148
10/18/2020,GCN,AZ,AWP,WE,Towers with Radar,0,2,6,0,8,0,95,8,0,103,0,97,14,0,111,1,0,1,112
10/19/2020,GCN,AZ,AWP,WE,Towers with Radar,0,0,3,2,5,0,75,8,0,83,0,75,11,2,88,0,0,0,88
10/20/2020,GCN,AZ,AWP,WE,Towers with Radar,0,4,4,1,9,0,80,8,0,88,0,84,12,1,97,0,12,12,109
10/21/2020,GCN,AZ,AWP,WE,Towers with Radar,0,1,3,4,8,0,74,5,2,81,0,75,8,6,89,16,4,20,109
10/22/2020,GCN,AZ,AWP,WE,Towers with Radar,0,0,0,3,3,0,50,3,5,58,0,50,3,8,61,14,0,14,75
10/23/2020,GCN,AZ,AWP,WE,Towers with Radar,0,2,8,1,11,0,84,27,4,115,0,86,35,5,126,0,0,0,126
10/24/2020,GCN,AZ,AWP,WE,Towers with Radar,0,0,3,0,3,0,115,10,0,125,0,115,13,0,128,0,0,0,128
10/25/2020,GCN,AZ,AWP,WE,Towers with Radar,0,0,3,2,5,0,31,4,0,35,0,31,7,2,40,0,0,0,40
10/26/2020,GCN,AZ,AWP,WE,Towers with Radar,0,0,11,2,13,0,50,3,0,53,0,50,14,2,66,0,0,0,66
10/27/2020,GCN,AZ,AWP,WE,Towers with Radar,0,0,6,0,6,0,43,14,0,57,0,43,20,0,63,3,0,3,66
10/28/2020,GCN,AZ,AWP,WE,Towers with Radar,0,0,1,0,1,0,68,3,0,71,0,68,4,0,72,5,0,5,77
10/29/2020,GCN,AZ,AWP,WE,Towers with Radar,0,0,1,0,1,0,63,7,0,70,0,63,8,0,71,54,0,54,125
10/30/2020,GCN,AZ,AWP,WE,Towers with Radar,0,0,1,2,3,0,58,23,0,81,0,58,24,2,84,73,0,73,157
10/31/2020,GCN,AZ,AWP,WE,Towers with Radar,0,0,9,0,9,0,69,25,1,95,0,69,34,1,104,68,0,68,172
11/01/2020,GCN,AZ,AWP,WE,Towers with Radar,0,7,0,0,7,0,48,13,0,61,0,55,13,0,68,0,0,0,68
11/02/2020,GCN,AZ,AWP,WE,Towers with Radar,0,0,0,0,0,0,44,2,2,48,0,44,2,2,48,0,0,0,48
11/03/2020,GCN,AZ,AWP,WE,Towers with Radar,0,2,4,1,7,0,42,11,0,53,0,44,15,1,60,0,0,0,60
11/04/2020,GCN,AZ,AWP,WE,Towers with Radar,0,0,0,0,0,0,43,16,0,59,0,43,16,0,59,34,0,34,93
11/05/2020,GCN,AZ,AWP,WE,Towers with Radar,0,0,9,1,10,0,53,18,4,75,0,53,27,5,85,6,0,6,91
11/06/2020,GCN,AZ,AWP,WE,Towers with Radar,0,0,3,1,4,0,60,7,0,67,0,60,10,1,71,0,0,0,71
11/07/2020,GCN,AZ,AWP,WE,Towers with Radar,0,0,1,0,1,0,9,1,0,10,0,9,2,0,11,0,0,0,11
11/08/2020,GCN,AZ,AWP,WE,Towers with Radar,0,0,0,4,4,0,17,0,0,17,0,17,0,4,21,0,4,4,25
11/09/2020,GCN,AZ,AWP,WE,Towers with Radar,0,0,0,0,0,0,2,0,0,2,0,2,0,0,2,0,0,0,2
11/10/2020,GCN,AZ,AWP,WE,Towers with Radar,0,1,0,0,1,0,60,7,0,67,0,61,7,0,68,13,0,13,81
11/11/2020,GCN,AZ,AWP,WE,Towers with Radar,0,0,8,0,8,0,50,6,0,56,0,50,14,0,64,15,0,15,79
11/12/2020,GCN,AZ,AWP,WE,Towers with Radar,0,0,1,0,1,0,60,3,0,63,0,60,4,0,64,0,0,0,64
11/13/2020,GCN,AZ,AWP,WE,Towers with Radar,0,0,1,0,1,0,48,8,3,59,0,48,9,3,60,5,14,19,79
11/14/2020,GCN,AZ,AWP,WE,Towers with Radar,0,0,2,0,2,0,58,13,0,71,0,58,15,0,73,0,0,0,73
11/15/2020,GCN,AZ,AWP,WE,Towers with Radar,0,0,1,4,5,0,61,8,0,69,0,61,9,4,74,13,0,13,87
11/16/2020,GCN,AZ,AWP,WE,Towers with Radar,0,1,3,4,8,0,46,13,0,59,0,47,16,4,67,4,6,10,77
11/17/2020,GCN,AZ,AWP,WE,Towers with Radar,0,0,3,0,3,0,49,8,0,57,0,49,11,0,60,12,0,12,72
11/18/2020,GCN,AZ,AWP,WE,Towers with Radar,0,0,2,0,2,0,39,2,0,41,0,39,4,0,43,24,0,24,67
11/19/2020,GCN,AZ,AWP,WE,Towers with Radar,0,0,3,0,3,0,46,9,0,55,0,46,12,0,58,9,0,9,67
11/20/2020,GCN,AZ,AWP,WE,Towers with Radar,0,0,2,3,5,0,66,9,5,80,0,66,11,8,85,29,0,29,114
11/21/2020,GCN,AZ,AWP,WE,Towers with Radar,0,1,4,0,5,0,63,10,1,74,0,64,14,1,79,12,17,29,108
11/22/2020,GCN,AZ,AWP,WE,Towers with Radar,0,5,6,0,11,0,78,10,0,88,0,83,16,0,99,0,0,0,99
11/23/2020,GCN,AZ,AWP,WE,Towers with Radar,0,1,6,0,7,0,102,8,0,110,0,103,14,0,117,0,0,0,117
11/24/2020,GCN,AZ,AWP,WE,Towers with Radar,0,1,4,0,5,0,81,19,1,101,0,82,23,1,106,21,0,21,127
11/25/2020,GCN,AZ,AWP,WE,Towers with Radar,0,0,6,0,6,0,102,14,0,116,0,102,20,0,122,18,0,18,140
11/26/2020,GCN,AZ,AWP,WE,Towers with Radar,0,0,0,0,0,0,66,4,0,70,0,66,4,0,70,0,0,0,70
11/27/2020,GCN,AZ,AWP,WE,Towers with Radar,0,0,2,0,2,0,77,7,0,84,0,77,9,0,86,0,0,0,86
11/28/2020,GCN,AZ,AWP,WE,Towers with Radar,0,2,3,0,5,0,98,22,0,120,0,100,25,0,125,0,0,0,125
11/29/2020,GCN,AZ,AWP,WE,Towers with Radar,0,2,3,0,5,0,49,17,0,66,0,51,20,0,71,6,0,6,77
11/30/2020,GCN,AZ,AWP,WE,Towers with Radar,0,1,1,1,3,0,31,9,0,40,0,32,10,1,43,14,0,14,57
12/01/2020,GCN,AZ,AWP,WE,Towers with Radar,0,2,1,0,3,0,40,5,0,45,0,42,6,0,48,0,0,0,48
12/02/2020,GCN,AZ,AWP,WE,Towers with Radar,0,0,1,2,3,0,40,15,0,55,0,40,16,2,58,6,0,6,64
12/03/2020,GCN,AZ,AWP,WE,Towers with Radar,0,0,3,6,9,0,27,9,0,36,0,27,12,6,45,0,0,0,45
12/04/2020,GCN,AZ,AWP,WE,Towers with Radar,0,0,2,0,2,0,38,13,2,53,0,38,15,2,55,10,0,10,65
12/05/2020,GCN,AZ,AWP,WE,Towers with Radar,0,0,5,0,5,0,56,8,0,64,0,56,13,0,69,4,0,4,73
12/06/2020,GCN,AZ,AWP,WE,Towers with Radar,0,2,2,0,4,0,48,2,0,50,0,50,4,0,54,0,0,0,54
12/07/2020,GCN,AZ,AWP,WE,Towers with Radar,0,0,4,0,4,0,32,10,0,42,0,32,14,0,46,0,0,0,46
12/08/2020,GCN,AZ,AWP,WE,Towers with Radar,0,0,0,0,0,0,34,7,0,41,0,34,7,0,41,2,0,2,43
12/09/2020,GCN,AZ,AWP,WE,Towers with Radar,0,0,2,1,3,0,42,19,2,63,0,42,21,3,66,12,14,26,92
12/10/2020,GCN,AZ,AWP,WE,Towers with Radar,0,0,2,1,3,0,7,2,1,10,0,7,4,2,13,0,0,0,13
12/11/2020,GCN,AZ,AWP,WE,Towers with Radar,0,1,4,0,5,0,36,4,0,40,0,37,8,0,45,0,0,0,45
12/12/2020,GCN,AZ,AWP,WE,Towers with Radar,0,2,6,0,8,0,1,0,0,1,0,3,6,0,9,0,0,0,9
12/13/2020,GCN,AZ,AWP,WE,Towers with Radar,0,0,6,0,6,0,27,9,0,36,0,27,15,0,42,8,0,8,50
12/14/2020,GCN,AZ,AWP,WE,Towers with Radar,0,0,2,0,2,0,15,9,0,24,0,15,11,0,26,17,0,17,43
12/15/2020,GCN,AZ,AWP,WE,Towers with Radar,0,0,10,0,10,0,41,8,0,49,0,41,18,0,59,8,0,8,67
12/16/2020,GCN,AZ,AWP,WE,Towers with Radar,0,0,1,4,5,0,35,6,0,41,0,35,7,4,46,38,0,38,84
12/17/2020,GCN,AZ,AWP,WE,Towers with Radar,0,1,0,2,3,0,25,10,0,35,0,26,10,2,38,2,0,2,40
12/18/2020,GCN,AZ,AWP,WE,Towers with Radar,0,4,2,2,8,0,40,10,0,50,0,44,12,2,58,14,20,34,92
12/19/2020,GCN,AZ,AWP,WE,Towers with Radar,0,2,3,0,5,0,60,14,0,74,0,62,17,0,79,25,0,25,104
12/20/2020,GCN,AZ,AWP,WE,Towers with Radar,0,0,1,0,1,0,37,12,3,52,0,37,13,3,53,0,1,1,54
12/21/2020,GCN,AZ,AWP,WE,Towers with Radar,0,2,11,0,13,0,68,19,0,87,0,70,30,0,100,0,0,0,100
12/22/2020,GCN,AZ,AWP,WE,Towers with Radar,0,0,0,0,0,0,56,2,2,60,0,56,2,2,60,4,2,6,66
12/23/2020,GCN,AZ,AWP,WE,Towers with Radar,0,2,9,0,11,0,51,6,0,57,0,53,15,0,68,0,0,0,68
12/24/2020,GCN,AZ,AWP,WE,Towers with Radar,0,0,0,0,0,0,65,5,0,70,0,65,5,0,70,1,0,1,71
12/25/2020,GCN,AZ,AWP,WE,Towers with Radar,0,0,0,0,0,0,0,0,0,0,0,0,0,0,0,0,0,0,0
12/26/2020,GCN,AZ,AWP,WE,Towers with Radar,0,0,0,0,0,0,82,5,0,87,0,82,5,0,87,4,0,4,91
12/27/2020,GCN,AZ,AWP,WE,Towers with Radar,0,0,0,0,0,0,26,7,0,33,0,26,7,0,33,0,0,0,33
12/28/2020,GCN,AZ,AWP,WE,Towers with Radar,0,0,2,0,2,0,41,0,0,41,0,41,2,0,43,0,0,0,43
12/29/2020,GCN,AZ,AWP,WE,Towers with Radar,0,0,2,0,2,0,2,0,0,2,0,2,2,0,4,0,0,0,4
12/30/2020,GCN,AZ,AWP,WE,Towers with Radar,0,0,1,0,1,0,143,11,0,154,0,143,12,0,155,0,0,0,155
12/31/2020,GCN,AZ,AWP,WE,Towers with Radar,0,2,2,0,4,0,33,2,0,35,0,35,4,0,39,0,0,0,39
01/01/2021,GCN,AZ,AWP,WE,Towers with Radar,0,0,0,0,0,0,97,6,0,103,0,97,6,0,103,2,0,2,105
01/02/2021,GCN,AZ,AWP,WE,Towers with Radar,0,0,2,0,2,0,76,10,0,86,0,76,12,0,88,2,0,2,90
01/03/2021,GCN,AZ,AWP,WE,Towers with Radar,0,2,1,0,3,0,48,4,0,52,0,50,5,0,55,0,0,0,55
01/04/2021,GCN,AZ,AWP,WE,Towers with Radar,0,0,2,2,4,0,42,2,0,44,0,42,4,2,48,4,0,4,52
01/05/2021,GCN,AZ,AWP,WE,Towers with Radar,0,0,4,2,6,0,28,8,0,36,0,28,12,2,42,4,0,4,46
01/06/2021,GCN,AZ,AWP,WE,Towers with Radar,0,0,10,0,10,0,25,6,0,31,0,25,16,0,41,2,0,2,43
01/07/2021,GCN,AZ,AWP,WE,Towers with Radar,0,0,3,0,3,0,26,10,0,36,0,26,13,0,39,6,0,6,45
01/08/2021,GCN,AZ,AWP,WE,Towers with Radar,0,2,0,3,5,0,26,8,2,36,0,28,8,5,41,8,12,20,61
01/09/2021,GCN,AZ,AWP,WE,Towers with Radar,0,3,4,8,15,0,35,7,0,42,0,38,11,8,57,14,2,16,73
01/10/2021,GCN,AZ,AWP,WE,Towers with Radar,0,1,0,0,1,0,38,5,0,43,0,39,5,0,44,0,0,0,44
01/11/2021,GCN,AZ,AWP,WE,Towers with Radar,0,2,0,0,2,0,17,0,0,17,0,19,0,0,19,0,0,0,19
01/12/2021,GCN,AZ,AWP,WE,Towers with Radar,0,0,5,0,5,0,40,5,2,47,0,40,10,2,52,0,0,0,52
01/13/2021,GCN,AZ,AWP,WE,Towers with Radar,0,0,4,0,4,0,27,9,0,36,0,27,13,0,40,23,0,23,63
01/14/2021,GCN,AZ,AWP,WE,Towers with Radar,0,2,5,0,7,0,23,6,0,29,0,25,11,0,36,16,0,16,52
01/15/2021,GCN,AZ,AWP,WE,Towers with Radar,0,3,3,1,7,0,26,13,0,39,0,29,16,1,46,23,10,33,79
01/16/2021,GCN,AZ,AWP,WE,Towers with Radar,0,0,4,0,4,0,48,17,2,67,0,48,21,2,71,20,6,26,97
01/17/2021,GCN,AZ,AWP,WE,Towers with Radar,0,0,1,3,4,0,52,12,1,65,0,52,13,4,69,20,16,36,105
01/18/2021,GCN,AZ,AWP,WE,Towers with Radar,0,1,8,0,9,0,29,11,0,40,0,30,19,0,49,29,0,29,78
01/19/2021,GCN,AZ,AWP,WE,Towers with Radar,0,0,4,0,4,0,2,0,0,2,0,2,4,0,6,0,0,0,6
01/20/2021,GCN,AZ,AWP,WE,Towers with Radar,0,0,0,0,0,0,34,6,0,40,0,34,6,0,40,16,0,16,56
01/21/2021,GCN,AZ,AWP,WE,Towers with Radar,0,0,0,0,0,0,21,2,2,25,0,21,2,2,25,0,0,0,25
01/22/2021,GCN,AZ,AWP,WE,Towers with Radar,0,0,0,2,2,0,2,2,0,4,0,2,2,2,6,0,0,0,6
01/23/2021,GCN,AZ,AWP,WE,Towers with Radar,0,1,0,0,1,0,6,1,0,7,0,7,1,0,8,29,0,29,37
01/24/2021,GCN,AZ,AWP,WE,Towers with Radar,0,0,1,0,1,0,0,0,0,0,0,0,1,0,1,0,0,0,1
01/25/2021,GCN,AZ,AWP,WE,Towers with Radar,0,0,0,0,0,0,0,0,0,0,0,0,0,0,0,0,0,0,0
01/26/2021,GCN,AZ,AWP,WE,Towers with Radar,0,0,1,0,1,0,0,0,0,0,0,0,1,0,1,0,0,0,1
01/27/2021,GCN,AZ,AWP,WE,Towers with Radar,0,0,1,2,3,0,31,6,2,39,0,31,7,4,42,2,20,22,64
01/28/2021,GCN,AZ,AWP,WE,Towers with Radar,0,0,0,0,0,0,39,2,0,41,0,39,2,0,41,0,0,0,41
01/29/2021,GCN,AZ,AWP,WE,Towers with Radar,0,0,6,0,6,0,0,0,0,0,0,0,6,0,6,0,0,0,6
01/30/2021,GCN,AZ,AWP,WE,Towers with Radar,0,0,0,0,0,0,23,11,0,34,0,23,11,0,34,40,0,40,74
01/31/2021,GCN,AZ,AWP,WE,Towers with Radar,0,3,2,0,5,0,45,6,0,51,0,48,8,0,56,27,0,27,83
02/01/2021,GCN,AZ,AWP,WE,Towers with Radar,0,0,0,8,8,0,29,4,0,33,0,29,4,8,41,21,6,27,68
02/02/2021,GCN,AZ,AWP,WE,Towers with Radar,0,0,3,0,3,0,24,14,0,38,0,24,17,0,41,40,0,40,81
02/03/2021,GCN,AZ,AWP,WE,Towers with Radar,0,0,0,14,14,0,9,8,2,19,0,9,8,16,33,0,20,20,53
02/04/2021,GCN,AZ,AWP,WE,Towers with Radar,0,2,3,4,9,0,28,6,0,34,0,30,9,4,43,0,10,10,53
02/05/2021,GCN,AZ,AWP,WE,Towers with Radar,0,0,5,6,11,0,30,15,0,45,0,30,20,6,56,24,13,37,93
02/06/2021,GCN,AZ,AWP,WE,Towers with Radar,0,0,2,0,2,0,30,29,0,59,0,30,31,0,61,17,0,17,78
02/07/2021,GCN,AZ,AWP,WE,Towers with Radar,0,0,5,0,5,0,26,17,0,43,0,26,22,0,48,26,0,26,74
02/08/2021,GCN,AZ,AWP,WE,Towers with Radar,0,0,0,0,0,0,19,7,0,26,0,19,7,0,26,1,0,1,27
02/09/2021,GCN,AZ,AWP,WE,Towers with Radar,0,0,4,4,8,0,33,5,0,38,0,33,9,4,46,0,0,0,46
02/10/2021,GCN,AZ,AWP,WE,Towers with Radar,0,0,0,0,0,0,28,4,0,32,0,28,4,0,32,4,0,4,36
02/11/2021,GCN,AZ,AWP,WE,Towers with Radar,0,3,7,2,12,0,32,10,0,42,0,35,17,2,54,6,0,6,60
02/12/2021,GCN,AZ,AWP,WE,Towers with Radar,0,0,0,1,1,0,28,0,3,31,0,28,0,4,32,0,22,22,54
02/13/2021,GCN,AZ,AWP,WE,Towers with Radar,0,0,0,0,0,0,25,2,2,29,0,25,2,2,29,0,2,2,31
02/14/2021,GCN,AZ,AWP,WE,Towers with Radar,0,0,1,0,1,0,84,12,0,96,0,84,13,0,97,12,0,12,109
02/15/2021,GCN,AZ,AWP,WE,Towers with Radar,0,1,0,0,1,0,50,7,0,57,0,51,7,0,58,24,0,24,82
02/16/2021,GCN,AZ,AWP,WE,Towers with Radar,0,0,0,0,0,0,24,1,0,25,0,24,1,0,25,4,0,4,29
02/17/2021,GCN,AZ,AWP,WE,Towers with Radar,0,0,2,10,12,0,42,6,2,50,0,42,8,12,62,0,20,20,82
02/18/2021,GCN,AZ,AWP,WE,Towers with Radar,0,0,2,0,2,0,56,10,0,66,0,56,12,0,68,42,0,42,110
02/19/2021,GCN,AZ,AWP,WE,Towers with Radar,0,6,6,0,12,0,47,18,0,65,0,53,24,0,77,21,0,21,98
02/20/2021,GCN,AZ,AWP,WE,Towers with Radar,0,0,3,0,3,0,17,5,2,24,0,17,8,2,27,2,6,8,35
02/21/2021,GCN,AZ,AWP,WE,Towers with Radar,0,0,3,0,3,0,37,9,0,46,0,37,12,0,49,23,0,23,72
02/22/2021,GCN,AZ,AWP,WE,Towers with Radar,0,1,0,0,1,0,22,3,0,25,0,23,3,0,26,2,0,2,28
02/23/2021,GCN,AZ,AWP,WE,Towers with Radar,0,2,2,2,6,0,41,9,0,50,0,43,11,2,56,20,14,34,90
02/24/2021,GCN,AZ,AWP,WE,Towers with Radar,0,0,0,0,0,0,31,6,2,39,0,31,6,2,39,0,0,0,39
02/25/2021,GCN,AZ,AWP,WE,Towers with Radar,0,0,4,0,4,0,35,8,2,45,0,35,12,2,49,6,0,6,55
02/26/2021,GCN,AZ,AWP,WE,Towers with Radar,0,5,3,0,8,0,34,7,0,41,0,39,10,0,49,0,0,0,49
02/27/2021,GCN,AZ,AWP,WE,Towers with Radar,0,0,5,0,5,0,55,15,0,70,0,55,20,0,75,2,0,2,77
02/28/2021,GCN,AZ,AWP,WE,Towers with Radar,0,1,2,0,3,0,39,9,0,48,0,40,11,0,51,21,0,21,72
03/01/2021,GCN,AZ,AWP,WE,Towers with Radar,0,0,4,2,6,0,38,2,0,40,0,38,6,2,46,0,0,0,46
03/02/2021,GCN,AZ,AWP,WE,Towers with Radar,0,0,5,0,5,0,42,3,0,45,0,42,8,0,50,0,0,0,50
03/03/2021,GCN,AZ,AWP,WE,Towers with Radar,0,0,2,0,2,0,38,0,0,38,0,38,2,0,40,0,0,0,40
03/04/2021,GCN,AZ,AWP,WE,Towers with Radar,0,0,0,0,0,0,37,3,0,40,0,37,3,0,40,0,0,0,40
03/05/2021,GCN,AZ,AWP,WE,Towers with Radar,0,2,5,2,9,0,58,10,0,68,0,60,15,2,77,2,0,2,79
03/06/2021,GCN,AZ,AWP,WE,Towers with Radar,0,1,3,0,4,0,63,30,0,93,0,64,33,0,97,6,10,16,113
03/07/2021,GCN,AZ,AWP,WE,Towers with Radar,0,2,3,2,7,0,70,16,1,87,0,72,19,3,94,0,6,6,100
03/08/2021,GCN,AZ,AWP,WE,Towers with Radar,0,0,0,0,0,0,67,4,0,71,0,67,4,0,71,0,0,0,71
03/09/2021,GCN,AZ,AWP,WE,Towers with Radar,0,0,1,0,1,0,26,6,0,32,0,26,7,0,33,0,0,0,33
03/10/2021,GCN,AZ,AWP,WE,Towers with Radar,0,0,2,0,2,0,69,4,0,73,0,69,6,0,75,2,0,2,77
03/11/2021,GCN,AZ,AWP,WE,Towers with Radar,0,0,4,0,4,0,22,0,0,22,0,22,4,0,26,0,0,0,26
03/12/2021,GCN,AZ,AWP,WE,Towers with Radar,0,0,0,0,0,0,1,0,0,1,0,1,0,0,1,0,0,0,1
03/13/2021,GCN,AZ,AWP,WE,Towers with Radar,0,0,0,0,0,0,0,0,0,0,0,0,0,0,0,0,0,0,0
03/14/2021,GCN,AZ,AWP,WE,Towers with Radar,0,0,3,0,3,0,108,4,2,114,0,108,7,2,117,20,0,20,137
03/15/2021,GCN,AZ,AWP,WE,Towers with Radar,0,0,4,0,4,0,124,11,0,135,0,124,15,0,139,9,0,9,148
03/16/2021,GCN,AZ,AWP,WE,Towers with Radar,0,5,2,0,7,0,5,0,0,5,0,10,2,0,12,0,0,0,12
03/17/2021,GCN,AZ,AWP,WE,Towers with Radar,0,1,12,0,13,0,158,17,0,175,0,159,29,0,188,0,0,0,188
03/18/2021,GCN,AZ,AWP,WE,Towers with Radar,0,0,2,2,4,0,153,9,1,163,0,153,11,3,167,2,10,12,179
03/19/2021,GCN,AZ,AWP,WE,Towers with Radar,0,3,4,0,7,0,149,13,0,162,0,152,17,0,169,2,0,2,171
03/20/2021,GCN,AZ,AWP,WE,Towers with Radar,0,2,1,0,3,0,82,7,0,89,0,84,8,0,92,0,0,0,92
03/21/2021,GCN,AZ,AWP,WE,Towers with Radar,0,0,0,0,0,0,140,9,0,149,0,140,9,0,149,0,0,0,149
03/22/2021,GCN,AZ,AWP,WE,Towers with Radar,0,0,4,0,4,0,151,7,0,158,0,151,11,0,162,0,0,0,162
03/23/2021,GCN,AZ,AWP,WE,Towers with Radar,0,0,0,0,0,0,0,0,0,0,0,0,0,0,0,0,0,0,0
03/24/2021,GCN,AZ,AWP,WE,Towers with Radar,0,0,3,0,3,0,133,2,4,139,0,133,5,4,142,2,24,26,168
03/25/2021,GCN,AZ,AWP,WE,Towers with Radar,0,0,3,0,3,0,61,1,0,62,0,61,4,0,65,0,0,0,65
03/26/2021,GCN,AZ,AWP,WE,Towers with Radar,0,3,0,0,3,0,171,26,0,197,0,174,26,0,200,2,8,10,210
03/27/2021,GCN,AZ,AWP,WE,Towers with Radar,0,0,0,0,0,0,0,0,0,0,0,0,0,0,0,0,0,0,0
03/28/2021,GCN,AZ,AWP,WE,Towers with Radar,0,1,3,0,4,0,138,10,0,148,0,139,13,0,152,0,0,0,152
03/29/2021,GCN,AZ,AWP,WE,Towers with Radar,0,3,13,0,16,0,157,9,0,166,0,160,22,0,182,0,0,0,182
03/30/2021,GCN,AZ,AWP,WE,Towers with Radar,0,0,21,0,21,0,162,11,0,173,0,162,32,0,194,0,0,0,194
03/31/2021,GCN,AZ,AWP,WE,Towers with Radar,0,0,5,8,13,0,183,5,0,188,0,183,10,8,201,0,8,8,209
04/01/2021,GCN,AZ,AWP,WE,Towers with Radar,0,0,2,0,2,0,193,12,0,205,0,193,14,0,207,0,0,0,207
04/02/2021,GCN,AZ,AWP,WE,Towers with Radar,0,0,6,0,6,0,169,14,0,183,0,169,20,0,189,8,0,8,197
04/03/2021,GCN,AZ,AWP,WE,Towers with Radar,0,0,9,0,9,0,169,14,2,185,0,169,23,2,194,0,0,0,194
04/04/2021,GCN,AZ,AWP,WE,Towers with Radar,0,0,0,0,0,0,153,8,0,161,0,153,8,0,161,0,0,0,161
04/05/2021,GCN,AZ,AWP,WE,Towers with Radar,0,0,2,2,4,0,112,12,0,124,0,112,14,2,128,0,2,2,130
04/06/2021,GCN,AZ,AWP,WE,Towers with Radar,0,2,1,0,3,0,159,2,1,162,0,161,3,1,165,38,1,39,204
04/07/2021,GCN,AZ,AWP,WE,Towers with Radar,0,0,8,2,10,0,149,11,2,162,0,149,19,4,172,0,12,12,184
04/08/2021,GCN,AZ,AWP,WE,Towers with Radar,0,1,6,0,7,0,132,8,6,146,0,133,14,6,153,2,2,4,157
04/09/2021,GCN,AZ,AWP,WE,Towers with Radar,0,0,2,0,2,0,128,9,0,137,0,128,11,0,139,44,0,44,183
04/10/2021,GCN,AZ,AWP,WE,Towers with Radar,0,0,4,0,4,0,140,16,0,156,0,140,20,0,160,2,0,2,162
04/11/2021,GCN,AZ,AWP,WE,Towers with Radar,0,4,8,0,12,0,112,12,0,124,0,116,20,0,136,0,0,0,136
04/12/2021,GCN,AZ,AWP,WE,Towers with Radar,0,2,21,1,24,0,130,9,1,140,0,132,30,2,164,0,0,0,164
04/13/2021,GCN,AZ,AWP,WE,Towers with Radar,0,0,0,0,0,0,91,7,0,98,0,91,7,0,98,0,0,0,98
04/14/2021,GCN,AZ,AWP,WE,Towers with Radar,0,0,3,2,5,0,27,0,2,29,0,27,3,4,34,0,2,2,36
04/15/2021,GCN,AZ,AWP,WE,Towers with Radar,0,2,3,0,5,0,107,14,0,121,0,109,17,0,126,0,0,0,126
04/16/2021,GCN,AZ,AWP,WE,Towers with Radar,0,1,7,0,8,0,108,16,5,129,0,109,23,5,137,0,3,3,140
04/17/2021,GCN,AZ,AWP,WE,Towers with Radar,0,0,10,0,10,0,87,14,0,101,0,87,24,0,111,0,0,0,111
04/18/2021,GCN,AZ,AWP,WE,Towers with Radar,0,4,0,0,4,0,87,10,0,97,0,91,10,0,101,0,0,0,101
04/19/2021,GCN,AZ,AWP,WE,Towers with Radar,0,0,2,1,3,0,116,14,2,132,0,116,16,3,135,0,4,4,139
04/20/2021,GCN,AZ,AWP,WE,Towers with Radar,0,0,4,3,7,0,112,8,1,121,0,112,12,4,128,0,0,0,128
04/21/2021,GCN,AZ,AWP,WE,Towers with Radar,0,0,1,0,1,0,44,1,0,45,0,44,2,0,46,0,0,0,46
04/22/2021,GCN,AZ,AWP,WE,Towers with Radar,0,0,4,0,4,0,78,3,0,81,0,78,7,0,85,0,0,0,85
04/23/2021,GCN,AZ,AWP,WE,Towers with Radar,0,1,7,1,9,0,122,13,3,138,0,123,20,4,147,0,2,2,149
04/24/2021,GCN,AZ,AWP,WE,Towers with Radar,0,0,0,10,10,0,66,7,0,73,0,66,7,10,83,24,0,24,107
04/25/2021,GCN,AZ,AWP,WE,Towers with Radar,0,2,0,0,2,0,24,1,0,25,0,26,1,0,27,8,0,8,35
04/26/2021,GCN,AZ,AWP,WE,Towers with Radar,0,1,0,2,3,0,46,2,4,52,0,47,2,6,55,0,0,0,55
04/27/2021,GCN,AZ,AWP,WE,Towers with Radar,0,3,2,0,5,0,6,0,0,6,0,9,2,0,11,0,0,0,11
04/28/2021,GCN,AZ,AWP,WE,Towers with Radar,0,2,0,0,2,0,140,10,0,150,0,142,10,0,152,0,0,0,152
04/29/2021,GCN,AZ,AWP,WE,Towers with Radar,0,4,3,2,9,0,120,13,0,133,0,124,16,2,142,10,0,10,152
04/30/2021,GCN,AZ,AWP,WE,Towers with Radar,0,0,3,0,3,0,110,7,0,117,0,110,10,0,120,0,0,0,120
05/01/2021,GCN,AZ,AWP,WE,Towers with Radar,0,2,4,0,6,0,117,11,4,132,0,119,15,4,138,0,0,0,138
05/02/2021,GCN,AZ,AWP,WE,Towers with Radar,0,4,1,0,5,0,113,12,8,133,0,117,13,8,138,0,0,0,138
05/03/2021,GCN,AZ,AWP,WE,Towers with Radar,0,4,0,0,4,0,103,21,0,124,0,107,21,0,128,2,0,2,130
05/04/2021,GCN,AZ,AWP,WE,Towers with Radar,0,2,1,1,4,0,104,10,0,114,0,106,11,1,118,0,0,0,118
05/05/2021,GCN,AZ,AWP,WE,Towers with Radar,0,0,3,0,3,0,150,27,0,177,0,150,30,0,180,8,0,8,188
05/06/2021,GCN,AZ,AWP,WE,Towers with Radar,0,0,9,0,9,0,122,17,0,139,0,122,26,0,148,30,0,30,178
05/07/2021,GCN,AZ,AWP,WE,Towers with Radar,0,0,2,0,2,0,69,8,0,77,0,69,10,0,79,16,0,16,95
05/08/2021,GCN,AZ,AWP,WE,Towers with Radar,0,0,0,0,0,0,145,15,0,160,0,145,15,0,160,0,0,0,160
05/09/2021,GCN,AZ,AWP,WE,Towers with Radar,0,0,3,0,3,0,86,9,0,95,0,86,12,0,98,8,0,8,106
05/10/2021,GCN,AZ,AWP,WE,Towers with Radar,0,0,4,0,4,0,99,7,0,106,0,99,11,0,110,0,0,0,110
05/11/2021,GCN,AZ,AWP,WE,Towers with Radar,0,6,2,8,16,0,131,9,0,140,0,137,11,8,156,9,16,25,181
05/12/2021,GCN,AZ,AWP,WE,Towers with Radar,0,0,20,0,20,0,149,7,0,156,0,149,27,0,176,2,0,2,178
05/13/2021,GCN,AZ,AWP,WE,Towers with Radar,0,1,4,0,5,0,130,8,0,138,0,131,12,0,143,0,0,0,143
05/14/2021,GCN,AZ,AWP,WE,Towers with Radar,0,5,0,2,7,0,159,7,0,166,0,164,7,2,173,30,0,30,203
05/15/2021,GCN,AZ,AWP,WE,Towers with Radar,0,3,1,0,4,0,122,7,0,129,0,125,8,0,133,0,0,0,133
05/16/2021,GCN,AZ,AWP,WE,Towers with Radar,0,0,1,0,1,0,98,11,0,109,0,98,12,0,110,0,0,0,110
05/17/2021,GCN,AZ,AWP,WE,Towers with Radar,0,2,2,0,4,0,136,8,0,144,0,138,10,0,148,0,0,0,148
05/18/2021,GCN,AZ,AWP,WE,Towers with Radar,0,0,7,0,7,0,143,13,0,156,0,143,20,0,163,2,0,2,165
05/19/2021,GCN,AZ,AWP,WE,Towers with Radar,0,0,1,0,1,0,154,13,9,176,0,154,14,9,177,0,6,6,183
05/20/2021,GCN,AZ,AWP,WE,Towers with Radar,0,0,2,2,4,0,38,4,0,42,0,38,6,2,46,0,4,4,50
05/21/2021,GCN,AZ,AWP,WE,Towers with Radar,0,0,0,0,0,0,2,2,0,4,0,2,2,0,4,2,0,2,6
05/22/2021,GCN,AZ,AWP,WE,Towers with Radar,0,2,0,2,4,0,115,4,2,121,0,117,4,4,125,0,0,0,125
05/23/2021,GCN,AZ,AWP,WE,Towers with Radar,0,2,5,0,7,0,145,14,0,159,0,147,19,0,166,89,0,89,255
05/24/2021,GCN,AZ,AWP,WE,Towers with Radar,0,0,0,1,1,0,141,9,0,150,0,141,9,1,151,15,7,22,173
05/25/2021,GCN,AZ,AWP,WE,Towers with Radar,0,1,4,1,6,0,164,19,1,184,0,165,23,2,190,137,0,137,327
05/26/2021,GCN,AZ,AWP,WE,Towers with Radar,0,0,6,1,7,0,151,17,1,169,0,151,23,2,176,38,6,44,220
05/27/2021,GCN,AZ,AWP,WE,Towers with Radar,0,0,7,0,7,0,153,8,0,161,0,153,15,0,168,0,0,0,168
05/28/2021,GCN,AZ,AWP,WE,Towers with Radar,0,0,4,0,4,0,155,8,0,163,0,155,12,0,167,0,0,0,167
05/29/2021,GCN,AZ,AWP,WE,Towers with Radar,0,2,7,0,9,0,183,15,2,200,0,185,22,2,209,0,0,0,209
05/30/2021,GCN,AZ,AWP,WE,Towers with Radar,0,4,3,0,7,0,165,20,0,185,0,169,23,0,192,0,0,0,192
05/31/2021,GCN,AZ,AWP,WE,Towers with Radar,0,0,3,0,3,0,154,10,0,164,0,154,13,0,167,0,0,0,167
06/01/2021,GCN,AZ,AWP,WE,Towers with Radar,0,2,3,1,6,0,171,24,0,195,0,173,27,1,201,15,6,21,222
06/02/2021,GCN,AZ,AWP,WE,Towers with Radar,0,0,7,2,9,0,184,18,0,202,0,184,25,2,211,2,12,14,225
06/03/2021,GCN,AZ,AWP,WE,Towers with Radar,0,2,2,0,4,0,210,10,0,220,0,212,12,0,224,9,0,9,233
06/04/2021,GCN,AZ,AWP,WE,Towers with Radar,0,3,2,0,5,0,162,15,0,177,0,165,17,0,182,10,0,10,192
06/05/2021,GCN,AZ,AWP,WE,Towers with Radar,0,1,14,0,15,0,156,14,0,170,0,157,28,0,185,0,0,0,185
06/06/2021,GCN,AZ,AWP,WE,Towers with Radar,0,2,1,0,3,0,165,12,0,177,0,167,13,0,180,0,0,0,180
06/07/2021,GCN,AZ,AWP,WE,Towers with Radar,0,0,0,3,3,0,175,8,0,183,0,175,8,3,186,1,6,7,193
06/08/2021,GCN,AZ,AWP,WE,Towers with Radar,0,0,3,1,4,0,181,5,0,186,0,181,8,1,190,0,0,0,190
06/09/2021,GCN,AZ,AWP,WE,Towers with Radar,0,0,2,1,3,0,211,8,0,219,0,211,10,1,222,4,14,18,240
06/10/2021,GCN,AZ,AWP,WE,Towers with Radar,0,2,7,0,9,0,163,3,0,166,0,165,10,0,175,0,0,0,175
06/11/2021,GCN,AZ,AWP,WE,Towers with Radar,0,2,2,0,4,0,204,17,2,223,0,206,19,2,227,0,0,0,227
06/12/2021,GCN,AZ,AWP,WE,Towers with Radar,0,2,2,2,6,0,174,13,0,187,0,176,15,2,193,8,0,8,201
06/13/2021,GCN,AZ,AWP,WE,Towers with Radar,0,0,1,0,1,0,152,7,0,159,0,152,8,0,160,0,0,0,160
06/14/2021,GCN,AZ,AWP,WE,Towers with Radar,0,0,0,0,0,0,185,7,0,192,0,185,7,0,192,0,0,0,192
06/15/2021,GCN,AZ,AWP,WE,Towers with Radar,0,0,4,0,4,0,183,10,0,193,0,183,14,0,197,0,0,0,197
06/16/2021,GCN,AZ,AWP,WE,Towers with Radar,0,0,1,0,1,0,188,3,0,191,0,188,4,0,192,18,0,18,210
06/17/2021,GCN,AZ,AWP,WE,Towers with Radar,0,0,5,0,5,0,186,10,0,196,0,186,15,0,201,21,0,21,222
06/18/2021,GCN,AZ,AWP,WE,Towers with Radar,0,0,2,0,2,0,152,6,0,158,0,152,8,0,160,0,0,0,160
06/19/2021,GCN,AZ,AWP,WE,Towers with Radar,0,0,1,0,1,0,162,11,0,173,0,162,12,0,174,0,0,0,174
06/20/2021,GCN,AZ,AWP,WE,Towers with Radar,0,2,2,0,4,0,193,14,0,207,0,195,16,0,211,0,0,0,211
06/21/2021,GCN,AZ,AWP,WE,Towers with Radar,0,0,2,3,5,0,187,12,1,200,0,187,14,4,205,2,2,4,209
06/22/2021,GCN,AZ,AWP,WE,Towers with Radar,0,0,2,0,2,0,168,15,0,183,0,168,17,0,185,26,0,26,211
06/23/2021,GCN,AZ,AWP,WE,Towers with Radar,0,0,2,6,8,0,158,9,0,167,0,158,11,6,175,0,6,6,181
06/24/2021,GCN,AZ,AWP,WE,Towers with Radar,0,0,1,0,1,0,174,0,0,174,0,174,1,0,175,0,0,0,175
06/25/2021,GCN,AZ,AWP,WE,Towers with Radar,0,0,0,0,0,0,124,7,0,131,0,124,7,0,131,2,0,2,133
06/26/2021,GCN,AZ,AWP,WE,Towers with Radar,0,0,5,0,5,0,186,6,0,192,0,186,11,0,197,0,0,0,197
06/27/2021,GCN,AZ,AWP,WE,Towers with Radar,0,1,1,0,2,0,108,1,0,109,0,109,2,0,111,0,0,0,111
06/28/2021,GCN,AZ,AWP,WE,Towers with Radar,0,0,2,0,2,0,146,16,0,162,0,146,18,0,164,53,0,53,217
06/29/2021,GCN,AZ,AWP,WE,Towers with Radar,0,0,2,0,2,0,145,5,2,152,0,145,7,2,154,0,0,0,154
06/30/2021,GCN,AZ,AWP,WE,Towers with Radar,0,0,4,0,4,0,124,6,0,130,0,124,10,0,134,2,0,2,136
07/01/2021,GCN,AZ,AWP,WE,Towers with Radar,0,0,4,0,4,0,121,9,1,131,0,121,13,1,135,14,8,22,157
07/02/2021,GCN,AZ,AWP,WE,Towers with Radar,0,0,4,0,4,0,141,9,0,150,0,141,13,0,154,2,0,2,156
07/03/2021,GCN,AZ,AWP,WE,Towers with Radar,0,1,1,0,2,0,156,15,0,171,0,157,16,0,173,0,0,0,173
07/04/2021,GCN,AZ,AWP,WE,Towers with Radar,0,0,0,0,0,0,195,6,0,201,0,195,6,0,201,0,0,0,201
07/05/2021,GCN,AZ,AWP,WE,Towers with Radar,0,0,1,0,1,0,168,6,0,174,0,168,7,0,175,2,0,2,177
07/06/2021,GCN,AZ,AWP,WE,Towers with Radar,0,2,4,0,6,0,176,6,0,182,0,178,10,0,188,0,0,0,188
07/07/2021,GCN,AZ,AWP,WE,Towers with Radar,0,0,5,0,5,0,176,5,2,183,0,176,10,2,188,0,0,0,188
07/08/2021,GCN,AZ,AWP,WE,Towers with Radar,0,0,5,0,5,0,138,6,0,144,0,138,11,0,149,0,0,0,149
07/09/2021,GCN,AZ,AWP,WE,Towers with Radar,0,2,1,2,5,0,127,9,0,136,0,129,10,2,141,0,0,0,141
07/10/2021,GCN,AZ,AWP,WE,Towers with Radar,0,1,1,2,4,0,92,3,0,95,0,93,4,2,99,0,0,0,99
07/11/2021,GCN,AZ,AWP,WE,Towers with Radar,0,0,2,0,2,0,124,2,0,126,0,124,4,0,128,4,0,4,132
07/12/2021,GCN,AZ,AWP,WE,Towers with Radar,0,0,2,1,3,0,162,4,0,166,0,162,6,1,169,0,5,5,174
07/13/2021,GCN,AZ,AWP,WE,Towers with Radar,0,0,0,5,5,0,127,4,4,135,0,127,4,9,140,0,2,2,142
07/14/2021,GCN,AZ,AWP,WE,Towers with Radar,0,0,0,0,0,0,148,10,0,158,0,148,10,0,158,2,0,2,160
07/15/2021,GCN,AZ,AWP,WE,Towers with Radar,0,0,5,0,5,0,135,2,0,137,0,135,7,0,142,0,0,0,142
07/16/2021,GCN,AZ,AWP,WE,Towers with Radar,0,0,0,1,1,0,124,9,4,137,0,124,9,5,138,22,0,22,160
07/17/2021,GCN,AZ,AWP,WE,Towers with Radar,0,0,1,0,1,0,134,12,0,146,0,134,13,0,147,0,0,0,147
07/18/2021,GCN,AZ,AWP,WE,Towers with Radar,0,0,1,2,3,0,109,7,0,116,0,109,8,2,119,0,0,0,119
07/19/2021,GCN,AZ,AWP,WE,Towers with Radar,0,0,0,0,0,0,124,5,2,131,0,124,5,2,131,0,0,0,131
07/20/2021,GCN,AZ,AWP,WE,Towers with Radar,0,0,0,0,0,0,105,5,0,110,0,105,5,0,110,0,0,0,110
07/21/2021,GCN,AZ,AWP,WE,Towers with Radar,0,0,1,2,3,0,128,11,0,139,0,128,12,2,142,3,0,3,145
07/22/2021,GCN,AZ,AWP,WE,Towers with Radar,0,0,1,0,1,0,165,11,0,176,0,165,12,0,177,12,0,12,189
07/23/2021,GCN,AZ,AWP,WE,Towers with Radar,0,1,2,0,3,0,115,4,0,119,0,116,6,0,122,0,0,0,122
07/24/2021,GCN,AZ,AWP,WE,Towers with Radar,0,0,0,0,0,0,126,2,0,128,0,126,2,0,128,0,0,0,128
07/25/2021,GCN,AZ,AWP,WE,Towers with Radar,0,0,2,0,2,0,104,3,0,107,0,104,5,0,109,0,0,0,109
07/26/2021,GCN,AZ,AWP,WE,Towers with Radar,0,1,3,0,4,0,142,2,0,144,0,143,5,0,148,4,0,4,152
07/27/2021,GCN,AZ,AWP,WE,Towers with Radar,0,0,2,0,2,0,137,5,0,142,0,137,7,0,144,0,0,0,144
07/28/2021,GCN,AZ,AWP,WE,Towers with Radar,0,6,0,1,7,0,123,8,1,132,0,129,8,2,139,12,0,12,151
07/29/2021,GCN,AZ,AWP,WE,Towers with Radar,0,8,0,6,14,0,102,7,4,113,0,110,7,10,127,0,0,0,127
07/30/2021,GCN,AZ,AWP,WE,Towers with Radar,0,17,0,0,17,0,96,12,0,108,0,113,12,0,125,0,0,0,125
07/31/2021,GCN,AZ,AWP,WE,Towers with Radar,0,0,1,0,1,0,85,13,0,98,0,85,14,0,99,24,0,24,123
08/01/2021,GCN,AZ,AWP,WE,Towers with Radar,0,0,0,0,0,0,122,3,0,125,0,122,3,0,125,21,0,21,146
08/02/2021,GCN,AZ,AWP,WE,Towers with Radar,0,4,0,2,6,0,136,10,0,146,0,140,10,2,152,4,0,4,156
08/03/2021,GCN,AZ,AWP,WE,Towers with Radar,0,0,1,10,11,0,130,16,0,146,0,130,17,10,157,6,0,6,163
08/04/2021,GCN,AZ,AWP,WE,Towers with Radar,0,0,3,0,3,0,156,8,1,165,0,156,11,1,168,89,2,91,259
08/05/2021,GCN,AZ,AWP,WE,Towers with Radar,0,2,2,1,5,0,147,6,0,153,0,149,8,1,158,17,2,19,177
08/06/2021,GCN,AZ,AWP,WE,Towers with Radar,0,0,0,0,0,0,88,3,0,91,0,88,3,0,91,0,0,0,91
08/07/2021,GCN,AZ,AWP,WE,Towers with Radar,0,0,0,0,0,0,134,12,4,150,0,134,12,4,150,6,2,8,158
08/08/2021,GCN,AZ,AWP,WE,Towers with Radar,0,0,2,0,2,0,123,11,0,134,0,123,13,0,136,0,0,0,136
08/09/2021,GCN,AZ,AWP,WE,Towers with Radar,0,0,1,0,1,0,117,9,0,126,0,117,10,0,127,0,0,0,127
08/10/2021,GCN,AZ,AWP,WE,Towers with Radar,0,0,3,0,3,0,136,5,0,141,0,136,8,0,144,0,0,0,144
08/11/2021,GCN,AZ,AWP,WE,Towers with Radar,0,0,1,0,1,0,129,12,0,141,0,129,13,0,142,22,0,22,164
08/12/2021,GCN,AZ,AWP,WE,Towers with Radar,0,0,0,2,2,0,101,3,0,104,0,101,3,2,106,6,2,8,114
08/13/2021,GCN,AZ,AWP,WE,Towers with Radar,0,0,2,4,6,0,120,7,3,130,0,120,9,7,136,0,6,6,142
08/14/2021,GCN,AZ,AWP,WE,Towers with Radar,0,0,5,0,5,0,104,6,0,110,0,104,11,0,115,0,0,0,115
08/15/2021,GCN,AZ,AWP,WE,Towers with Radar,0,0,1,0,1,0,114,7,0,121,0,114,8,0,122,0,0,0,122
08/16/2021,GCN,AZ,AWP,WE,Towers with Radar,0,0,0,0,0,0,91,12,0,103,0,91,12,0,103,0,0,0,103
08/17/2021,GCN,AZ,AWP,WE,Towers with Radar,0,0,2,0,2,0,89,9,0,98,0,89,11,0,100,0,2,2,102
08/18/2021,GCN,AZ,AWP,WE,Towers with Radar,0,0,3,0,3,0,48,4,0,52,0,48,7,0,55,0,0,0,55
08/19/2021,GCN,AZ,AWP,WE,Towers with Radar,0,1,7,0,8,0,81,6,2,89,0,82,13,2,97,0,18,18,115
08/20/2021,GCN,AZ,AWP,WE,Towers with Radar,0,5,4,0,9,0,103,5,0,108,0,108,9,0,117,0,0,0,117
08/21/2021,GCN,AZ,AWP,WE,Towers with Radar,0,0,5,0,5,0,115,5,0,120,0,115,10,0,125,0,0,0,125
08/22/2021,GCN,AZ,AWP,WE,Towers with Radar,0,0,4,0,4,0,90,7,0,97,0,90,11,0,101,9,0,9,110
08/23/2021,GCN,AZ,AWP,WE,Towers with Radar,0,4,6,2,12,0,81,8,0,89,0,85,14,2,101,1,6,7,108
08/24/2021,GCN,AZ,AWP,WE,Towers with Radar,0,11,4,2,17,0,76,8,0,84,0,87,12,2,101,17,0,17,118
08/25/2021,GCN,AZ,AWP,WE,Towers with Radar,0,12,1,0,13,0,88,14,0,102,0,100,15,0,115,3,0,3,118
08/26/2021,GCN,AZ,AWP,WE,Towers with Radar,0,14,0,0,14,0,86,2,0,88,0,100,2,0,102,1,0,1,103
08/27/2021,GCN,AZ,AWP,WE,Towers with Radar,0,0,11,4,15,0,93,12,0,105,0,93,23,4,120,0,0,0,120
08/28/2021,GCN,AZ,AWP,WE,Towers with Radar,0,0,1,0,1,0,77,6,0,83,0,77,7,0,84,0,0,0,84
08/29/2021,GCN,AZ,AWP,WE,Towers with Radar,0,0,5,0,5,0,95,8,0,103,0,95,13,0,108,3,0,3,111
08/30/2021,GCN,AZ,AWP,WE,Towers with Radar,0,2,0,0,2,0,95,6,0,101,0,97,6,0,103,0,0,0,103
08/31/2021,GCN,AZ,AWP,WE,Towers with Radar,0,2,1,0,3,0,64,0,0,64,0,66,1,0,67,0,0,0,67
09/01/2021,GCN,AZ,AWP,WE,Towers with Radar,0,0,6,0,6,0,21,0,0,21,0,21,6,0,27,0,0,0,27
09/02/2021,GCN,AZ,AWP,WE,Towers with Radar,0,2,7,1,10,0,76,3,1,80,0,78,10,2,90,0,10,10,100
09/03/2021,GCN,AZ,AWP,WE,Towers with Radar,0,0,3,0,3,0,113,9,1,123,0,113,12,1,126,0,0,0,126
09/04/2021,GCN,AZ,AWP,WE,Towers with Radar,0,0,4,0,4,0,159,12,0,171,0,159,16,0,175,0,0,0,175
09/05/2021,GCN,AZ,AWP,WE,Towers with Radar,0,0,1,0,1,0,165,11,0,176,0,165,12,0,177,12,0,12,189
09/06/2021,GCN,AZ,AWP,WE,Towers with Radar,0,0,6,0,6,0,123,12,0,135,0,123,18,0,141,0,0,0,141
09/07/2021,GCN,AZ,AWP,WE,Towers with Radar,0,0,2,9,11,0,87,5,0,92,0,87,7,9,103,4,0,4,107
09/08/2021,GCN,AZ,AWP,WE,Towers with Radar,0,0,4,0,4,0,117,3,0,120,0,117,7,0,124,0,0,0,124
09/09/2021,GCN,AZ,AWP,WE,Towers with Radar,0,0,7,0,7,0,120,1,0,121,0,120,8,0,128,0,0,0,128
09/10/2021,GCN,AZ,AWP,WE,Towers with Radar,0,1,3,0,4,0,114,16,0,130,0,115,19,0,134,0,0,0,134
09/11/2021,GCN,AZ,AWP,WE,Towers with Radar,0,0,2,0,2,0,114,3,0,117,0,114,5,0,119,0,0,0,119
09/12/2021,GCN,AZ,AWP,WE,Towers with Radar,0,1,4,0,5,0,102,14,0,116,0,103,18,0,121,0,0,0,121
09/13/2021,GCN,AZ,AWP,WE,Towers with Radar,0,0,2,0,2,0,133,17,4,154,0,133,19,4,156,23,2,25,181
09/14/2021,GCN,AZ,AWP,WE,Towers with Radar,0,0,2,0,2,0,125,9,0,134,0,125,11,0,136,32,0,32,168
09/15/2021,GCN,AZ,AWP,WE,Towers with Radar,0,0,6,0,6,0,103,9,0,112,0,103,15,0,118,35,0,35,153
09/16/2021,GCN,AZ,AWP,WE,Towers with Radar,0,0,1,0,1,0,152,13,2,167,0,152,14,2,168,3,0,3,171
09/17/2021,GCN,AZ,AWP,WE,Towers with Radar,0,0,1,2,3,0,110,6,2,118,0,110,7,4,121,24,15,39,160
09/18/2021,GCN,AZ,AWP,WE,Towers with Radar,0,0,0,0,0,0,79,8,0,87,0,79,8,0,87,6,0,6,93
09/19/2021,GCN,AZ,AWP,WE,Towers with Radar,0,0,4,1,5,0,133,8,0,141,0,133,12,1,146,16,0,16,162
09/20/2021,GCN,AZ,AWP,WE,Towers with Radar,0,0,5,2,7,0,141,12,1,154,0,141,17,3,161,8,0,8,169
09/21/2021,GCN,AZ,AWP,WE,Towers with Radar,0,0,6,1,7,0,123,18,1,142,0,123,24,2,149,16,2,18,167
09/22/2021,GCN,AZ,AWP,WE,Towers with Radar,0,2,0,0,2,0,130,4,0,134,0,132,4,0,136,0,0,0,136
09/23/2021,GCN,AZ,AWP,WE,Towers with Radar,0,7,3,2,12,0,145,7,0,152,0,152,10,2,164,0,0,0,164
09/24/2021,GCN,AZ,AWP,WE,Towers with Radar,0,1,0,1,2,0,98,4,1,103,0,99,4,2,105,0,6,6,111
09/25/2021,GCN,AZ,AWP,WE,Towers with Radar,0,1,3,0,4,0,108,14,0,122,0,109,17,0,126,0,0,0,126
09/26/2021,GCN,AZ,AWP,WE,Towers with Radar,0,3,0,0,3,0,79,4,0,83,0,82,4,0,86,22,0,22,108
09/27/2021,GCN,AZ,AWP,WE,Towers with Radar,0,0,3,0,3,0,128,16,2,146,0,128,19,2,149,2,0,2,151
09/28/2021,GCN,AZ,AWP,WE,Towers with Radar,0,0,12,1,13,0,67,5,0,72,0,67,17,1,85,0,0,0,85
09/29/2021,GCN,AZ,AWP,WE,Towers with Radar,0,0,4,0,4,0,89,5,0,94,0,89,9,0,98,0,0,0,98
09/30/2021,GCN,AZ,AWP,WE,Towers with Radar,0,0,4,0,4,0,125,6,0,131,0,125,10,0,135,0,0,0,135
10/01/2021,GCN,AZ,AWP,WE,Towers with Radar,0,0,1,0,1,0,120,7,0,127,0,120,8,0,128,0,0,0,128
10/02/2021,GCN,AZ,AWP,WE,Towers with Radar,0,2,1,0,3,0,101,15,0,116,0,103,16,0,119,0,0,0,119
10/03/2021,GCN,AZ,AWP,WE,Towers with Radar,0,0,2,0,2,0,92,13,0,105,0,92,15,0,107,17,0,17,124
10/04/2021,GCN,AZ,AWP,WE,Towers with Radar,0,0,0,0,0,0,145,8,0,153,0,145,8,0,153,0,0,0,153
10/05/2021,GCN,AZ,AWP,WE,Towers with Radar,0,0,0,0,0,0,18,2,0,20,0,18,2,0,20,0,0,0,20
10/06/2021,GCN,AZ,AWP,WE,Towers with Radar,0,1,0,0,1,0,143,3,0,146,0,144,3,0,147,0,0,0,147
10/07/2021,GCN,AZ,AWP,WE,Towers with Radar,0,0,1,0,1,0,125,1,2,128,0,125,2,2,129,0,0,0,129
10/08/2021,GCN,AZ,AWP,WE,Towers with Radar,0,1,2,0,3,0,92,0,0,92,0,93,2,0,95,0,0,0,95
10/09/2021,GCN,AZ,AWP,WE,Towers with Radar,0,0,8,0,8,0,164,14,0,178,0,164,22,0,186,3,0,3,189
10/10/2021,GCN,AZ,AWP,WE,Towers with Radar,0,0,1,0,1,0,138,18,0,156,0,138,19,0,157,5,0,5,162
10/11/2021,GCN,AZ,AWP,WE,Towers with Radar,0,0,0,0,0,0,70,4,0,74,0,70,4,0,74,0,0,0,74
10/12/2021,GCN,AZ,AWP,WE,Towers with Radar,0,0,0,0,0,0,1,0,0,1,0,1,0,0,1,0,0,0,1
10/13/2021,GCN,AZ,AWP,WE,Towers with Radar,0,0,0,0,0,0,141,15,2,158,0,141,15,2,158,23,0,23,181
10/14/2021,GCN,AZ,AWP,WE,Towers with Radar,0,1,6,2,9,0,119,15,0,134,0,120,21,2,143,0,0,0,143
10/15/2021,GCN,AZ,AWP,WE,Towers with Radar,0,4,3,0,7,0,123,4,0,127,0,127,7,0,134,0,0,0,134
10/16/2021,GCN,AZ,AWP,WE,Towers with Radar,0,6,2,0,8,0,127,12,0,139,0,133,14,0,147,0,0,0,147
10/17/2021,GCN,AZ,AWP,WE,Towers with Radar,0,1,2,2,5,0,99,21,1,121,0,100,23,3,126,4,4,8,134
10/18/2021,GCN,AZ,AWP,WE,Towers with Radar,0,1,2,0,3,0,58,6,1,65,0,59,8,1,68,0,0,0,68
10/19/2021,GCN,AZ,AWP,WE,Towers with Radar,0,2,0,0,2,0,131,6,0,137,0,133,6,0,139,0,0,0,139
10/20/2021,GCN,AZ,AWP,WE,Towers with Radar,0,2,4,0,6,0,106,3,0,109,0,108,7,0,115,0,0,0,115
10/21/2021,GCN,AZ,AWP,WE,Towers with Radar,0,4,5,0,9,0,97,13,0,110,0,101,18,0,119,2,0,2,121
10/22/2021,GCN,AZ,AWP,WE,Towers with Radar,0,1,2,0,3,0,137,13,0,150,0,138,15,0,153,10,0,10,163
10/23/2021,GCN,AZ,AWP,WE,Towers with Radar,0,0,3,0,3,0,82,2,2,86,0,82,5,2,89,0,10,10,99
10/24/2021,GCN,AZ,AWP,WE,Towers with Radar,0,0,3,0,3,0,90,4,0,94,0,90,7,0,97,0,0,0,97
10/25/2021,GCN,AZ,AWP,WE,Towers with Radar,0,0,0,0,0,0,62,4,2,68,0,62,4,2,68,0,2,2,70
10/26/2021,GCN,AZ,AWP,WE,Towers with Radar,0,0,0,0,0,0,81,5,0,86,0,81,5,0,86,0,0,0,86
10/27/2021,GCN,AZ,AWP,WE,Towers with Radar,0,1,7,2,10,0,78,14,0,92,0,79,21,2,102,0,0,0,102
10/28/2021,GCN,AZ,AWP,WE,Towers with Radar,0,0,0,0,0,0,86,2,0,88,0,86,2,0,88,0,0,0,88
10/29/2021,GCN,AZ,AWP,WE,Towers with Radar,0,3,0,0,3,0,90,4,2,96,0,93,4,2,99,13,4,17,116
10/30/2021,GCN,AZ,AWP,WE,Towers with Radar,0,2,6,0,8,0,114,15,0,129,0,116,21,0,137,0,0,0,137
10/31/2021,GCN,AZ,AWP,WE,Towers with Radar,0,0,2,0,2,0,70,5,0,75,0,70,7,0,77,0,0,0,77
11/01/2021,GCN,AZ,AWP,WE,Towers with Radar,0,0,0,0,0,0,66,0,4,70,0,66,0,4,70,0,0,0,70
11/02/2021,GCN,AZ,AWP,WE,Towers with Radar,0,0,2,0,2,0,77,5,0,82,0,77,7,0,84,0,0,0,84
11/03/2021,GCN,AZ,AWP,WE,Towers with Radar,0,0,0,0,0,0,86,4,0,90,0,86,4,0,90,0,0,0,90
11/04/2021,GCN,AZ,AWP,WE,Towers with Radar,0,0,4,0,4,0,92,5,0,97,0,92,9,0,101,0,0,0,101
11/05/2021,GCN,AZ,AWP,WE,Towers with Radar,0,4,10,0,14,0,99,6,0,105,0,103,16,0,119,0,0,0,119
11/06/2021,GCN,AZ,AWP,WE,Towers with Radar,0,4,4,0,8,0,119,12,0,131,0,123,16,0,139,0,0,0,139
11/07/2021,GCN,AZ,AWP,WE,Towers with Radar,0,0,10,0,10,0,99,8,0,107,0,99,18,0,117,10,0,10,127
11/08/2021,GCN,AZ,AWP,WE,Towers with Radar,0,2,0,0,2,0,89,10,0,99,0,91,10,0,101,0,0,0,101
11/09/2021,GCN,AZ,AWP,WE,Towers with Radar,0,0,0,0,0,0,67,5,1,73,0,67,5,1,73,22,0,22,95
11/10/2021,GCN,AZ,AWP,WE,Towers with Radar,0,0,2,1,3,0,90,10,8,108,0,90,12,9,111,12,0,12,123
11/11/2021,GCN,AZ,AWP,WE,Towers with Radar,0,1,5,0,6,0,99,7,0,106,0,100,12,0,112,0,0,0,112
11/12/2021,GCN,AZ,AWP,WE,Towers with Radar,0,0,6,0,6,0,91,12,0,103,0,91,18,0,109,0,0,0,109
11/13/2021,GCN,AZ,AWP,WE,Towers with Radar,0,1,2,0,3,0,104,6,0,110,0,105,8,0,113,0,0,0,113
11/14/2021,GCN,AZ,AWP,WE,Towers with Radar,0,0,2,1,3,0,107,15,1,123,0,107,17,2,126,0,0,0,126
11/15/2021,GCN,AZ,AWP,WE,Towers with Radar,0,1,7,0,8,0,79,3,0,82,0,80,10,0,90,2,0,2,92
11/16/2021,GCN,AZ,AWP,WE,Towers with Radar,0,0,1,0,1,0,62,3,10,75,0,62,4,10,76,0,0,0,76
11/17/2021,GCN,AZ,AWP,WE,Towers with Radar,0,1,6,0,7,0,65,10,0,75,0,66,16,0,82,0,0,0,82
11/18/2021,GCN,AZ,AWP,WE,Towers with Radar,0,0,2,0,2,0,59,5,0,64,0,59,7,0,66,11,0,11,77
11/19/2021,GCN,AZ,AWP,WE,Towers with Radar,0,2,0,0,2,0,87,2,0,89,0,89,2,0,91,1,0,1,92
11/20/2021,GCN,AZ,AWP,WE,Towers with Radar,0,2,1,0,3,0,106,10,0,116,0,108,11,0,119,6,0,6,125
11/21/2021,GCN,AZ,AWP,WE,Towers with Radar,0,0,0,0,0,0,106,11,0,117,0,106,11,0,117,0,0,0,117
11/22/2021,GCN,AZ,AWP,WE,Towers with Radar,0,0,6,4,10,0,143,13,0,156,0,143,19,4,166,2,0,2,168
11/23/2021,GCN,AZ,AWP,WE,Towers with Radar,0,0,9,0,9,0,127,10,0,137,0,127,19,0,146,0,0,0,146
11/24/2021,GCN,AZ,AWP,WE,Towers with Radar,0,0,7,0,7,0,155,10,0,165,0,155,17,0,172,6,0,6,178
11/25/2021,GCN,AZ,AWP,WE,Towers with Radar,0,2,0,0,2,0,109,10,0,119,0,111,10,0,121,6,0,6,127
11/26/2021,GCN,AZ,AWP,WE,Towers with Radar,0,0,2,0,2,0,146,8,0,154,0,146,10,0,156,1,0,1,157
11/27/2021,GCN,AZ,AWP,WE,Towers with Radar,0,2,2,0,4,0,102,16,0,118,0,104,18,0,122,6,0,6,128
11/28/2021,GCN,AZ,AWP,WE,Towers with Radar,0,1,2,0,3,0,73,11,0,84,0,74,13,0,87,0,0,0,87
11/29/2021,GCN,AZ,AWP,WE,Towers with Radar,0,0,0,0,0,0,47,0,0,47,0,47,0,0,47,0,0,0,47
11/30/2021,GCN,AZ,AWP,WE,Towers with Radar,0,0,0,0,0,0,44,2,0,46,0,44,2,0,46,0,0,0,46
12/01/2021,GCN,AZ,AWP,WE,Towers with Radar,0,0,0,0,0,0,27,0,0,27,0,27,0,0,27,0,0,0,27
12/02/2021,GCN,AZ,AWP,WE,Towers with Radar,0,0,0,0,0,0,33,0,0,33,0,33,0,0,33,0,0,0,33
12/03/2021,GCN,AZ,AWP,WE,Towers with Radar,0,0,0,0,0,0,53,0,0,53,0,53,0,0,53,0,0,0,53
12/04/2021,GCN,AZ,AWP,WE,Towers with Radar,0,0,3,0,3,0,45,9,0,54,0,45,12,0,57,0,0,0,57
12/05/2021,GCN,AZ,AWP,WE,Towers with Radar,0,0,4,0,4,0,60,12,2,74,0,60,16,2,78,0,0,0,78
12/06/2021,GCN,AZ,AWP,WE,Towers with Radar,0,0,0,0,0,0,46,3,0,49,0,46,3,0,49,0,0,0,49
12/07/2021,GCN,AZ,AWP,WE,Towers with Radar,0,0,0,0,0,0,0,0,0,0,0,0,0,0,0,0,0,0,0
12/08/2021,GCN,AZ,AWP,WE,Towers with Radar,0,0,0,0,0,0,61,0,0,61,0,61,0,0,61,0,0,0,61
12/09/2021,GCN,AZ,AWP,WE,Towers with Radar,0,0,0,0,0,0,11,0,0,11,0,11,0,0,11,5,0,5,16
12/10/2021,GCN,AZ,AWP,WE,Towers with Radar,0,0,0,0,0,0,36,1,0,37,0,36,1,0,37,0,0,0,37
12/11/2021,GCN,AZ,AWP,WE,Towers with Radar,0,0,4,0,4,0,43,5,0,48,0,43,9,0,52,0,0,0,52
12/12/2021,GCN,AZ,AWP,WE,Towers with Radar,0,0,0,0,0,0,35,6,0,41,0,35,6,0,41,0,0,0,41
12/13/2021,GCN,AZ,AWP,WE,Towers with Radar,0,0,0,0,0,0,53,2,0,55,0,53,2,0,55,0,0,0,55
12/14/2021,GCN,AZ,AWP,WE,Towers with Radar,0,0,0,0,0,0,22,0,0,22,0,22,0,0,22,0,0,0,22
12/15/2021,GCN,AZ,AWP,WE,Towers with Radar,0,6,0,0,6,0,28,0,2,30,0,34,0,2,36,0,0,0,36
12/16/2021,GCN,AZ,AWP,WE,Towers with Radar,0,0,0,0,0,0,76,0,0,76,0,76,0,0,76,0,0,0,76
12/17/2021,GCN,AZ,AWP,WE,Towers with Radar,0,0,2,0,2,0,59,0,0,59,0,59,2,0,61,0,0,0,61
12/18/2021,GCN,AZ,AWP,WE,Towers with Radar,0,0,0,0,0,0,66,3,0,69,0,66,3,0,69,4,0,4,73
12/19/2021,GCN,AZ,AWP,WE,Towers with Radar,0,2,1,0,3,0,59,10,0,69,0,61,11,0,72,6,0,6,78
12/20/2021,GCN,AZ,AWP,WE,Towers with Radar,0,0,2,0,2,0,96,6,0,102,0,96,8,0,104,0,0,0,104
12/21/2021,GCN,AZ,AWP,WE,Towers with Radar,0,0,2,4,6,0,103,7,0,110,0,103,9,4,116,4,0,4,120
12/22/2021,GCN,AZ,AWP,WE,Towers with Radar,0,6,1,0,7,0,130,6,0,136,0,136,7,0,143,2,0,2,145
12/23/2021,GCN,AZ,AWP,WE,Towers with Radar,0,0,1,0,1,0,69,3,0,72,0,69,4,0,73,0,0,0,73
12/24/2021,GCN,AZ,AWP,WE,Towers with Radar,0,0,0,0,0,0,0,0,0,0,0,0,0,0,0,0,0,0,0
12/25/2021,GCN,AZ,AWP,WE,Towers with Radar,0,0,0,0,0,0,16,0,0,16,0,16,0,0,16,0,0,0,16
12/26/2021,GCN,AZ,AWP,WE,Towers with Radar,0,0,0,0,0,0,7,0,0,7,0,7,0,0,7,0,0,0,7
12/27/2021,GCN,AZ,AWP,WE,Towers with Radar,0,0,0,0,0,0,49,2,0,51,0,49,2,0,51,0,0,0,51
12/28/2021,GCN,AZ,AWP,WE,Towers with Radar,0,0,0,0,0,0,0,0,0,0,0,0,0,0,0,0,0,0,0
12/29/2021,GCN,AZ,AWP,WE,Towers with Radar,0,0,0,0,0,0,0,0,0,0,0,0,0,0,0,0,0,0,0
12/30/2021,GCN,AZ,AWP,WE,Towers with Radar,0,0,0,0,0,0,0,0,0,0,0,0,0,0,0,0,0,0,0
12/31/2021,GCN,AZ,AWP,WE,Towers with Radar,0,0,0,0,0,0,0,0,0,0,0,0,0,0,0,0,0,0,0
01/01/2022,GCN,AZ,AWP,WE,Towers with Radar,0,0,0,0,0,0,91,2,0,93,0,91,2,0,93,0,0,0,93
01/02/2022,GCN,AZ,AWP,WE,Towers with Radar,0,0,1,0,1,0,77,0,0,77,0,77,1,0,78,2,0,2,80
01/03/2022,GCN,AZ,AWP,WE,Towers with Radar,0,0,0,0,0,0,68,1,0,69,0,68,1,0,69,0,0,0,69
01/04/2022,GCN,AZ,AWP,WE,Towers with Radar,0,0,6,0,6,0,43,6,2,51,0,43,12,2,57,0,0,0,57
01/05/2022,GCN,AZ,AWP,WE,Towers with Radar,0,0,0,1,1,0,52,10,1,63,0,52,10,2,64,0,0,0,64
01/06/2022,GCN,AZ,AWP,WE,Towers with Radar,0,1,4,3,8,0,63,9,2,74,0,64,13,5,82,9,10,19,101
01/07/2022,GCN,AZ,AWP,WE,Towers with Radar,0,1,0,0,1,0,32,7,0,39,0,33,7,0,40,0,0,0,40
01/08/2022,GCN,AZ,AWP,WE,Towers with Radar,0,0,0,0,0,0,41,6,0,47,0,41,6,0,47,0,0,0,47
01/09/2022,GCN,AZ,AWP,WE,Towers with Radar,0,0,1,0,1,0,47,4,0,51,0,47,5,0,52,0,0,0,52
01/10/2022,GCN,AZ,AWP,WE,Towers with Radar,0,0,0,0,0,0,35,3,0,38,0,35,3,0,38,0,0,0,38
01/11/2022,GCN,AZ,AWP,WE,Towers with Radar,0,0,2,0,2,0,44,1,2,47,0,44,3,2,49,0,0,0,49
01/12/2022,GCN,AZ,AWP,WE,Towers with Radar,0,2,6,2,10,0,50,6,0,56,0,52,12,2,66,0,0,0,66
01/13/2022,GCN,AZ,AWP,WE,Towers with Radar,0,0,1,4,5,0,27,10,3,40,0,27,11,7,45,8,0,8,53
01/14/2022,GCN,AZ,AWP,WE,Towers with Radar,0,0,5,4,9,0,30,4,0,34,0,30,9,4,43,0,0,0,43
01/15/2022,GCN,AZ,AWP,WE,Towers with Radar,0,0,1,0,1,0,40,3,0,43,0,40,4,0,44,0,0,0,44
01/16/2022,GCN,AZ,AWP,WE,Towers with Radar,0,0,5,0,5,0,58,9,0,67,0,58,14,0,72,15,0,15,87
01/17/2022,GCN,AZ,AWP,WE,Towers with Radar,0,7,1,0,8,0,57,13,0,70,0,64,14,0,78,0,0,0,78
01/18/2022,GCN,AZ,AWP,WE,Towers with Radar,0,0,2,0,2,0,0,0,0,0,0,0,2,0,2,0,0,0,2
01/19/2022,GCN,AZ,AWP,WE,Towers with Radar,0,2,5,0,7,1,40,3,0,44,1,42,8,0,51,6,0,6,57
01/20/2022,GCN,AZ,AWP,WE,Towers with Radar,0,0,2,2,4,0,75,5,0,80,0,75,7,2,84,0,0,0,84
01/21/2022,GCN,AZ,AWP,WE,Towers with Radar,0,0,0,2,2,0,30,0,0,30,0,30,0,2,32,0,0,0,32
01/22/2022,GCN,AZ,AWP,WE,Towers with Radar,0,0,0,0,0,0,18,2,0,20,0,18,2,0,20,0,0,0,20
01/23/2022,GCN,AZ,AWP,WE,Towers with Radar,0,2,6,0,8,0,49,2,0,51,0,51,8,0,59,0,0,0,59
01/24/2022,GCN,AZ,AWP,WE,Towers with Radar,0,0,1,2,3,0,34,3,0,37,0,34,4,2,40,0,0,0,40
01/25/2022,GCN,AZ,AWP,WE,Towers with Radar,0,0,2,0,2,0,39,2,3,44,0,39,4,3,46,0,0,0,46
01/26/2022,GCN,AZ,AWP,WE,Towers with Radar,0,0,4,0,4,0,42,7,2,51,0,42,11,2,55,10,2,12,67
01/27/2022,GCN,AZ,AWP,WE,Towers with Radar,0,1,1,2,4,0,45,4,2,51,0,46,5,4,55,0,0,0,55
01/28/2022,GCN,AZ,AWP,WE,Towers with Radar,0,0,1,1,2,0,34,6,5,45,0,34,7,6,47,0,0,0,47
01/29/2022,GCN,AZ,AWP,WE,Towers with Radar,0,0,13,0,13,0,62,8,0,70,0,62,21,0,83,0,0,0,83
01/30/2022,GCN,AZ,AWP,WE,Towers with Radar,0,0,2,0,2,0,53,20,2,75,0,53,22,2,77,17,0,17,94
01/31/2022,GCN,AZ,AWP,WE,Towers with Radar,0,6,0,2,8,0,39,4,0,43,0,45,4,2,51,22,0,22,73
02/01/2022,GCN,AZ,AWP,WE,Towers with Radar,0,0,2,0,2,0,35,5,2,42,0,35,7,2,44,0,0,0,44
02/02/2022,GCN,AZ,AWP,WE,Towers with Radar,0,0,0,6,6,0,33,2,2,37,0,33,2,8,43,10,0,10,53
02/03/2022,GCN,AZ,AWP,WE,Towers with Radar,0,0,4,0,4,0,42,11,0,53,0,42,15,0,57,6,0,6,63
02/04/2022,GCN,AZ,AWP,WE,Towers with Radar,0,0,3,2,5,0,42,6,1,49,0,42,9,3,54,0,4,4,58
02/05/2022,GCN,AZ,AWP,WE,Towers with Radar,0,0,0,0,0,0,59,19,0,78,0,59,19,0,78,5,0,5,83
02/06/2022,GCN,AZ,AWP,WE,Towers with Radar,0,0,2,1,3,0,39,4,3,46,0,39,6,4,49,0,0,0,49
02/07/2022,GCN,AZ,AWP,WE,Towers with Radar,0,0,6,0,6,0,55,8,0,63,0,55,14,0,69,39,0,39,108
02/08/2022,GCN,AZ,AWP,WE,Towers with Radar,0,2,8,4,14,0,37,10,0,47,0,39,18,4,61,20,0,20,81
02/09/2022,GCN,AZ,AWP,WE,Towers with Radar,0,0,2,2,4,0,50,6,2,58,0,50,8,4,62,0,0,0,62
02/10/2022,GCN,AZ,AWP,WE,Towers with Radar,0,1,1,0,2,0,60,10,0,70,0,61,11,0,72,44,0,44,116
02/11/2022,GCN,AZ,AWP,WE,Towers with Radar,0,0,3,7,10,0,60,6,1,67,0,60,9,8,77,0,20,20,97
02/12/2022,GCN,AZ,AWP,WE,Towers with Radar,0,4,5,0,9,0,58,13,0,71,0,62,18,0,80,9,0,9,89
02/13/2022,GCN,AZ,AWP,WE,Towers with Radar,0,0,4,0,4,0,60,11,0,71,0,60,15,0,75,2,0,2,77
02/14/2022,GCN,AZ,AWP,WE,Towers with Radar,0,25,1,0,26,0,77,14,0,91,0,102,15,0,117,46,0,46,163
02/15/2022,GCN,AZ,AWP,WE,Towers with Radar,0,22,0,0,22,0,42,8,2,52,0,64,8,2,74,5,0,5,79
02/16/2022,GCN,AZ,AWP,WE,Towers with Radar,0,13,0,0,13,0,31,1,0,32,0,44,1,0,45,0,0,0,45
02/17/2022,GCN,AZ,AWP,WE,Towers with Radar,0,23,3,0,26,0,98,10,3,111,0,121,13,3,137,15,1,16,153
02/18/2022,GCN,AZ,AWP,WE,Towers with Radar,0,24,6,0,30,0,90,23,0,113,0,114,29,0,143,31,0,31,174
02/19/2022,GCN,AZ,AWP,WE,Towers with Radar,0,0,8,0,8,0,93,16,0,109,0,93,24,0,117,15,0,15,132
02/20/2022,GCN,AZ,AWP,WE,Towers with Radar,0,0,0,2,2,0,112,15,0,127,0,112,15,2,129,4,0,4,133
02/21/2022,GCN,AZ,AWP,WE,Towers with Radar,0,3,4,0,7,0,40,6,0,46,0,43,10,0,53,20,0,20,73
02/22/2022,GCN,AZ,AWP,WE,Towers with Radar,0,0,4,0,4,0,13,0,0,13,0,13,4,0,17,0,0,0,17
02/23/2022,GCN,AZ,AWP,WE,Towers with Radar,0,0,1,0,1,0,0,0,0,0,0,0,1,0,1,0,0,0,1
02/24/2022,GCN,AZ,AWP,WE,Towers with Radar,0,0,2,0,2,0,95,5,0,100,0,95,7,0,102,0,0,0,102
02/25/2022,GCN,AZ,AWP,WE,Towers with Radar,0,27,1,6,34,0,126,6,0,132,0,153,7,6,166,22,0,22,188
02/26/2022,GCN,AZ,AWP,WE,Towers with Radar,0,0,3,1,4,0,80,11,1,92,0,80,14,2,96,13,6,19,115
02/27/2022,GCN,AZ,AWP,WE,Towers with Radar,0,0,2,2,4,0,72,14,4,90,0,72,16,6,94,0,0,0,94
02/28/2022,GCN,AZ,AWP,WE,Towers with Radar,0,0,0,0,0,0,82,4,0,86,0,82,4,0,86,59,0,59,145
03/01/2022,GCN,AZ,AWP,WE,Towers with Radar,0,6,8,4,18,0,68,10,4,82,0,74,18,8,100,20,2,22,122
03/02/2022,GCN,AZ,AWP,WE,Towers with Radar,0,0,1,1,2,0,66,4,2,72,0,66,5,3,74,6,0,6,80
03/03/2022,GCN,AZ,AWP,WE,Towers with Radar,0,1,0,0,1,0,107,4,0,111,0,108,4,0,112,6,0,6,118
03/04/2022,GCN,AZ,AWP,WE,Towers with Radar,0,0,0,0,0,0,37,0,4,41,0,37,0,4,41,0,0,0,41
03/05/2022,GCN,AZ,AWP,WE,Towers with Radar,0,0,0,0,0,0,0,0,0,0,0,0,0,0,0,0,0,0,0
03/06/2022,GCN,AZ,AWP,WE,Towers with Radar,0,0,4,0,4,0,55,3,0,58,0,55,7,0,62,4,0,4,66
03/07/2022,GCN,AZ,AWP,WE,Towers with Radar,0,1,0,2,3,0,14,2,0,16,0,15,2,2,19,0,0,0,19
03/08/2022,GCN,AZ,AWP,WE,Towers with Radar,0,1,0,2,3,0,139,4,0,143,0,140,4,2,146,4,0,4,150
03/09/2022,GCN,AZ,AWP,WE,Towers with Radar,0,6,4,0,10,0,139,3,2,144,0,145,7,2,154,2,0,2,156
03/10/2022,GCN,AZ,AWP,WE,Towers with Radar,0,0,2,0,2,0,0,0,0,0,0,0,2,0,2,0,0,0,2
03/11/2022,GCN,AZ,AWP,WE,Towers with Radar,0,6,3,0,9,0,147,9,0,156,0,153,12,0,165,0,0,0,165
03/12/2022,GCN,AZ,AWP,WE,Towers with Radar,0,0,9,0,9,0,132,9,0,141,0,132,18,0,150,0,0,0,150
03/13/2022,GCN,AZ,AWP,WE,Towers with Radar,0,6,1,0,7,0,149,10,0,159,0,155,11,0,166,0,0,0,166
03/14/2022,GCN,AZ,AWP,WE,Towers with Radar,0,4,6,2,12,0,176,10,0,186,0,180,16,2,198,0,22,22,220
03/15/2022,GCN,AZ,AWP,WE,Towers with Radar,0,0,6,2,8,0,215,22,0,237,0,215,28,2,245,6,0,6,251
03/16/2022,GCN,AZ,AWP,WE,Towers with Radar,0,4,3,4,11,0,179,4,0,183,0,183,7,4,194,0,0,0,194
03/17/2022,GCN,AZ,AWP,WE,Towers with Radar,0,2,4,2,8,0,179,13,1,193,0,181,17,3,201,0,21,21,222
03/18/2022,GCN,AZ,AWP,WE,Towers with Radar,0,0,3,0,3,0,195,11,2,208,0,195,14,2,211,0,0,0,211
03/19/2022,GCN,AZ,AWP,WE,Towers with Radar,0,0,7,0,7,0,155,10,0,165,0,155,17,0,172,33,0,33,205
03/20/2022,GCN,AZ,AWP,WE,Towers with Radar,0,2,0,0,2,0,80,0,0,80,0,82,0,0,82,20,0,20,102
03/21/2022,GCN,AZ,AWP,WE,Towers with Radar,0,0,1,2,3,0,168,9,0,177,0,168,10,2,180,0,0,0,180
03/22/2022,GCN,AZ,AWP,WE,Towers with Radar,0,0,3,0,3,0,153,7,0,160,0,153,10,0,163,1,0,1,164
03/23/2022,GCN,AZ,AWP,WE,Towers with Radar,0,2,1,0,3,0,153,4,0,157,0,155,5,0,160,0,0,0,160
03/24/2022,GCN,AZ,AWP,WE,Towers with Radar,0,0,2,0,2,0,151,4,0,155,0,151,6,0,157,2,0,2,159
03/25/2022,GCN,AZ,AWP,WE,Towers with Radar,0,5,2,0,7,0,183,2,0,185,0,188,4,0,192,82,0,82,274
03/26/2022,GCN,AZ,AWP,WE,Towers with Radar,0,0,3,0,3,0,147,18,0,165,0,147,21,0,168,12,0,12,180
03/27/2022,GCN,AZ,AWP,WE,Towers with Radar,0,0,4,0,4,0,146,4,6,156,0,146,8,6,160,0,0,0,160
03/28/2022,GCN,AZ,AWP,WE,Towers with Radar,0,0,2,0,2,0,64,0,0,64,0,64,2,0,66,0,0,0,66
03/29/2022,GCN,AZ,AWP,WE,Towers with Radar,0,0,0,0,0,0,0,1,0,1,0,0,1,0,1,0,0,0,1
03/30/2022,GCN,AZ,AWP,WE,Towers with Radar,0,0,5,0,5,0,182,10,0,192,0,182,15,0,197,0,8,8,205
03/31/2022,GCN,AZ,AWP,WE,Towers with Radar,0,5,2,1,8,0,187,5,1,193,0,192,7,2,201,16,0,16,217
04/01/2022,GCN,AZ,AWP,WE,Towers with Radar,0,8,3,1,12,0,165,11,1,177,0,173,14,2,189,0,4,4,193
04/02/2022,GCN,AZ,AWP,WE,Towers with Radar,0,0,13,0,13,0,197,17,0,214,0,197,30,0,227,0,0,0,227
04/03/2022,GCN,AZ,AWP,WE,Towers with Radar,0,2,0,0,2,0,143,6,0,149,0,145,6,0,151,0,0,0,151
04/04/2022,GCN,AZ,AWP,WE,Towers with Radar,0,10,0,3,13,0,167,3,0,170,0,177,3,3,183,2,29,31,214
04/05/2022,GCN,AZ,AWP,WE,Towers with Radar,0,0,0,0,0,0,37,5,6,48,0,37,5,6,48,0,6,6,54
04/06/2022,GCN,AZ,AWP,WE,Towers with Radar,0,17,6,0,23,0,208,16,0,224,0,225,22,0,247,0,0,0,247
04/07/2022,GCN,AZ,AWP,WE,Towers with Radar,0,19,6,8,33,0,186,7,0,193,0,205,13,8,226,4,0,4,230
04/08/2022,GCN,AZ,AWP,WE,Towers with Radar,0,22,12,0,34,0,183,10,0,193,0,205,22,0,227,64,0,64,291
04/09/2022,GCN,AZ,AWP,WE,Towers with Radar,0,0,0,0,0,0,108,14,0,122,0,108,14,0,122,0,0,0,122
04/10/2022,GCN,AZ,AWP,WE,Towers with Radar,0,2,4,0,6,0,198,17,0,215,0,200,21,0,221,2,0,2,223
04/11/2022,GCN,AZ,AWP,WE,Towers with Radar,0,1,2,2,5,0,102,2,1,105,0,103,4,3,110,0,0,0,110
04/12/2022,GCN,AZ,AWP,WE,Towers with Radar,0,0,1,0,1,0,165,4,0,169,0,165,5,0,170,2,0,2,172
04/13/2022,GCN,AZ,AWP,WE,Towers with Radar,0,0,5,0,5,0,225,6,2,233,0,225,11,2,238,0,4,4,242
04/14/2022,GCN,AZ,AWP,WE,Towers with Radar,0,7,5,0,12,0,250,11,0,261,0,257,16,0,273,0,0,0,273
04/15/2022,GCN,AZ,AWP,WE,Towers with Radar,0,10,10,0,20,0,289,4,0,293,0,299,14,0,313,0,0,0,313
04/16/2022,GCN,AZ,AWP,WE,Towers with Radar,0,2,0,0,2,0,111,0,0,111,0,113,0,0,113,0,0,0,113
04/17/2022,GCN,AZ,AWP,WE,Towers with Radar,0,2,3,0,5,0,225,12,0,237,0,227,15,0,242,0,0,0,242
04/18/2022,GCN,AZ,AWP,WE,Towers with Radar,0,9,5,0,14,0,233,12,0,245,0,242,17,0,259,7,0,7,266
04/19/2022,GCN,AZ,AWP,WE,Towers with Radar,0,10,6,0,16,0,130,0,0,130,0,140,6,0,146,47,0,47,193
04/20/2022,GCN,AZ,AWP,WE,Towers with Radar,0,10,5,0,15,0,244,11,0,255,0,254,16,0,270,4,0,4,274
04/21/2022,GCN,AZ,AWP,WE,Towers with Radar,0,2,0,0,2,0,110,2,0,112,0,112,2,0,114,0,0,0,114
04/22/2022,GCN,AZ,AWP,WE,Towers with Radar,0,0,1,0,1,0,30,1,0,31,0,30,2,0,32,0,0,0,32
04/23/2022,GCN,AZ,AWP,WE,Towers with Radar,0,4,8,0,12,0,195,14,0,209,0,199,22,0,221,2,0,2,223
04/24/2022,GCN,AZ,AWP,WE,Towers with Radar,0,0,17,0,17,0,145,16,0,161,0,145,33,0,178,2,0,2,180
04/25/2022,GCN,AZ,AWP,WE,Towers with Radar,0,8,3,1,12,0,136,2,8,146,0,144,5,9,158,6,6,12,170
04/26/2022,GCN,AZ,AWP,WE,Towers with Radar,0,2,7,0,9,0,170,12,2,184,0,172,19,2,193,34,0,34,227
04/27/2022,GCN,AZ,AWP,WE,Towers with Radar,0,12,0,0,12,0,170,6,0,176,0,182,6,0,188,19,0,19,207
04/28/2022,GCN,AZ,AWP,WE,Towers with Radar,0,1,5,0,6,0,170,6,0,176,0,171,11,0,182,2,0,2,184
04/29/2022,GCN,AZ,AWP,WE,Towers with Radar,0,0,4,0,4,0,173,5,0,178,0,173,9,0,182,12,0,12,194
04/30/2022,GCN,AZ,AWP,WE,Towers with Radar,0,0,3,0,3,0,174,8,0,182,0,174,11,0,185,0,0,0,185
05/01/2022,GCN,AZ,AWP,WE,Towers with Radar,0,0,1,0,1,0,46,1,0,47,0,46,2,0,48,0,0,0,48
05/02/2022,GCN,AZ,AWP,WE,Towers with Radar,0,0,7,0,7,0,215,12,0,227,0,215,19,0,234,2,0,2,236
05/03/2022,GCN,AZ,AWP,WE,Towers with Radar,0,0,2,0,2,0,91,0,2,93,0,91,2,2,95,0,0,0,95
05/04/2022,GCN,AZ,AWP,WE,Towers with Radar,0,0,1,0,1,0,185,8,0,193,0,185,9,0,194,36,0,36,230
05/05/2022,GCN,AZ,AWP,WE,Towers with Radar,0,2,2,1,5,0,191,8,1,200,0,193,10,2,205,4,0,4,209
05/06/2022,GCN,AZ,AWP,WE,Towers with Radar,0,0,3,0,3,0,211,10,0,221,0,211,13,0,224,53,0,53,277
05/07/2022,GCN,AZ,AWP,WE,Towers with Radar,0,0,3,0,3,0,61,5,0,66,0,61,8,0,69,0,0,0,69
05/08/2022,GCN,AZ,AWP,WE,Towers with Radar,0,0,0,0,0,0,50,2,0,52,0,50,2,0,52,0,0,0,52
05/09/2022,GCN,AZ,AWP,WE,Towers with Radar,0,0,2,0,2,0,116,2,0,118,0,116,4,0,120,0,0,0,120
05/10/2022,GCN,AZ,AWP,WE,Towers with Radar,0,8,0,0,8,0,123,3,4,130,0,131,3,4,138,18,0,18,156
05/11/2022,GCN,AZ,AWP,WE,Towers with Radar,0,0,2,0,2,0,73,4,0,77,0,73,6,0,79,0,0,0,79
05/12/2022,GCN,AZ,AWP,WE,Towers with Radar,0,1,0,2,3,0,211,6,0,217,0,212,6,2,220,2,0,2,222
05/13/2022,GCN,AZ,AWP,WE,Towers with Radar,0,2,3,0,5,0,216,11,0,227,0,218,14,0,232,0,0,0,232
05/14/2022,GCN,AZ,AWP,WE,Towers with Radar,0,0,0,2,2,0,172,8,0,180,0,172,8,2,182,0,0,0,182
05/15/2022,GCN,AZ,AWP,WE,Towers with Radar,0,2,6,6,14,0,214,3,0,217,0,216,9,6,231,0,2,2,233
05/16/2022,GCN,AZ,AWP,WE,Towers with Radar,0,0,3,0,3,0,241,9,0,250,0,241,12,0,253,0,0,0,253
05/17/2022,GCN,AZ,AWP,WE,Towers with Radar,0,32,4,0,36,0,234,7,0,241,0,266,11,0,277,29,0,29,306
05/18/2022,GCN,AZ,AWP,WE,Towers with Radar,0,24,0,0,24,0,218,9,0,227,0,242,9,0,251,0,0,0,251
05/19/2022,GCN,AZ,AWP,WE,Towers with Radar,0,2,3,2,7,0,175,3,0,178,0,177,6,2,185,0,0,0,185
05/20/2022,GCN,AZ,AWP,WE,Towers with Radar,0,19,1,0,20,0,118,0,0,118,0,137,1,0,138,6,0,6,144
05/21/2022,GCN,AZ,AWP,WE,Towers with Radar,0,7,6,0,13,0,192,9,0,201,0,199,15,0,214,4,0,4,218
05/22/2022,GCN,AZ,AWP,WE,Towers with Radar,0,0,8,0,8,0,173,4,0,177,0,173,12,0,185,0,0,0,185
05/23/2022,GCN,AZ,AWP,WE,Towers with Radar,0,0,6,0,6,0,189,4,0,193,0,189,10,0,199,0,0,0,199
05/24/2022,GCN,AZ,AWP,WE,Towers with Radar,0,0,1,0,1,0,210,1,0,211,0,210,2,0,212,0,0,0,212
05/25/2022,GCN,AZ,AWP,WE,Towers with Radar,0,0,6,0,6,0,209,0,0,209,0,209,6,0,215,6,0,6,221
05/26/2022,GCN,AZ,AWP,WE,Towers with Radar,0,16,2,1,19,0,238,2,1,241,0,254,4,2,260,0,4,4,264
05/27/2022,GCN,AZ,AWP,WE,Towers with Radar,0,1,1,0,2,0,231,5,0,236,0,232,6,0,238,2,0,2,240
05/28/2022,GCN,AZ,AWP,WE,Towers with Radar,0,2,0,0,2,0,89,7,0,96,0,91,7,0,98,0,0,0,98
05/29/2022,GCN,AZ,AWP,WE,Towers with Radar,0,0,0,0,0,0,136,3,0,139,0,136,3,0,139,0,0,0,139
05/30/2022,GCN,AZ,AWP,WE,Towers with Radar,0,0,0,0,0,0,250,7,0,257,0,250,7,0,257,12,0,12,269
05/31/2022,GCN,AZ,AWP,WE,Towers with Radar,0,7,3,2,12,0,239,9,2,250,0,246,12,4,262,2,0,2,264
06/01/2022,GCN,AZ,AWP,WE,Towers with Radar,0,0,0,0,0,0,181,11,0,192,0,181,11,0,192,1,0,1,193
06/02/2022,GCN,AZ,AWP,WE,Towers with Radar,0,0,0,0,0,0,207,2,2,211,0,207,2,2,211,0,0,0,211
06/03/2022,GCN,AZ,AWP,WE,Towers with Radar,0,0,2,1,3,0,224,11,1,236,0,224,13,2,239,14,0,14,253
06/04/2022,GCN,AZ,AWP,WE,Towers with Radar,0,0,2,2,4,0,207,9,10,226,0,207,11,12,230,0,2,2,232
06/05/2022,GCN,AZ,AWP,WE,Towers with Radar,0,0,0,0,0,0,181,12,0,193,0,181,12,0,193,2,0,2,195
06/06/2022,GCN,AZ,AWP,WE,Towers with Radar,0,0,7,1,8,0,210,10,0,220,0,210,17,1,228,0,0,0,228
06/07/2022,GCN,AZ,AWP,WE,Towers with Radar,0,2,6,0,8,0,196,8,0,204,0,198,14,0,212,0,0,0,212
06/08/2022,GCN,AZ,AWP,WE,Towers with Radar,0,1,0,0,1,0,253,4,0,257,0,254,4,0,258,2,0,2,260
06/09/2022,GCN,AZ,AWP,WE,Towers with Radar,0,15,1,0,16,0,239,7,0,246,0,254,8,0,262,2,0,2,264
06/10/2022,GCN,AZ,AWP,WE,Towers with Radar,0,9,2,0,11,0,242,2,0,244,0,251,4,0,255,2,0,2,257
06/11/2022,GCN,AZ,AWP,WE,Towers with Radar,0,0,5,0,5,0,240,2,0,242,0,240,7,0,247,0,0,0,247
06/12/2022,GCN,AZ,AWP,WE,Towers with Radar,0,0,4,0,4,0,93,4,0,97,0,93,8,0,101,0,0,0,101
06/13/2022,GCN,AZ,AWP,WE,Towers with Radar,0,2,2,0,4,0,65,6,0,71,0,67,8,0,75,0,0,0,75
06/14/2022,GCN,AZ,AWP,WE,Towers with Radar,0,0,7,0,7,0,252,8,0,260,0,252,15,0,267,11,0,11,278
06/15/2022,GCN,AZ,AWP,WE,Towers with Radar,0,0,2,0,2,0,170,6,2,178,0,170,8,2,180,2,0,2,182
06/16/2022,GCN,AZ,AWP,WE,Towers with Radar,0,2,2,0,4,0,204,8,2,214,0,206,10,2,218,2,0,2,220
06/17/2022,GCN,AZ,AWP,WE,Towers with Radar,0,2,3,0,5,0,97,5,2,104,0,99,8,2,109,0,0,0,109
06/18/2022,GCN,AZ,AWP,WE,Towers with Radar,0,0,5,0,5,0,73,3,0,76,0,73,8,0,81,0,0,0,81
06/19/2022,GCN,AZ,AWP,WE,Towers with Radar,0,1,1,0,2,0,105,3,0,108,0,106,4,0,110,0,0,0,110
06/20/2022,GCN,AZ,AWP,WE,Towers with Radar,0,1,3,0,4,0,236,8,0,244,0,237,11,0,248,0,0,0,248
06/21/2022,GCN,AZ,AWP,WE,Towers with Radar,0,0,0,0,0,0,251,7,0,258,0,251,7,0,258,0,0,0,258
06/22/2022,GCN,AZ,AWP,WE,Towers with Radar,0,0,2,0,2,0,199,7,0,206,0,199,9,0,208,10,0,10,218
06/23/2022,GCN,AZ,AWP,WE,Towers with Radar,0,1,1,0,2,0,201,6,0,207,0,202,7,0,209,4,0,4,213
06/24/2022,GCN,AZ,AWP,WE,Towers with Radar,0,0,3,0,3,0,138,6,0,144,0,138,9,0,147,0,0,0,147
06/25/2022,GCN,AZ,AWP,WE,Towers with Radar,0,2,0,0,2,0,197,6,0,203,0,199,6,0,205,0,0,0,205
06/26/2022,GCN,AZ,AWP,WE,Towers with Radar,0,0,1,0,1,0,121,6,0,127,0,121,7,0,128,0,0,0,128
06/27/2022,GCN,AZ,AWP,WE,Towers with Radar,0,0,0,0,0,0,157,11,2,170,0,157,11,2,170,0,0,0,170
06/28/2022,GCN,AZ,AWP,WE,Towers with Radar,0,0,6,0,6,0,173,9,0,182,0,173,15,0,188,4,0,4,192
06/29/2022,GCN,AZ,AWP,WE,Towers with Radar,0,8,2,0,10,0,141,10,0,151,0,149,12,0,161,9,0,9,170
06/30/2022,GCN,AZ,AWP,WE,Towers with Radar,0,0,2,0,2,0,197,5,0,202,0,197,7,0,204,0,0,0,204
07/01/2022,GCN,AZ,AWP,WE,Towers with Radar,0,0,2,0,2,0,184,8,0,192,0,184,10,0,194,0,0,0,194
07/02/2022,GCN,AZ,AWP,WE,Towers with Radar,0,0,0,0,0,0,174,2,0,176,0,174,2,0,176,0,0,0,176
07/03/2022,GCN,AZ,AWP,WE,Towers with Radar,0,0,0,0,0,0,193,10,0,203,0,193,10,0,203,4,0,4,207
07/04/2022,GCN,AZ,AWP,WE,Towers with Radar,0,1,2,0,3,0,185,0,0,185,0,186,2,0,188,0,0,0,188
07/05/2022,GCN,AZ,AWP,WE,Towers with Radar,0,2,1,0,3,0,187,5,0,192,0,189,6,0,195,0,0,0,195
07/06/2022,GCN,AZ,AWP,WE,Towers with Radar,0,1,1,0,2,0,210,6,0,216,0,211,7,0,218,0,0,0,218
07/07/2022,GCN,AZ,AWP,WE,Towers with Radar,0,0,0,4,4,0,218,8,0,226,0,218,8,4,230,0,0,0,230
07/08/2022,GCN,AZ,AWP,WE,Towers with Radar,0,0,0,0,0,0,181,17,4,202,0,181,17,4,202,5,3,8,210
07/09/2022,GCN,AZ,AWP,WE,Towers with Radar,0,3,0,0,3,0,219,3,0,222,0,222,3,0,225,0,0,0,225
07/10/2022,GCN,AZ,AWP,WE,Towers with Radar,0,2,6,0,8,0,222,5,0,227,0,224,11,0,235,2,0,2,237
07/11/2022,GCN,AZ,AWP,WE,Towers with Radar,0,1,3,0,4,0,196,12,0,208,0,197,15,0,212,14,0,14,226
07/12/2022,GCN,AZ,AWP,WE,Towers with Radar,0,0,0,0,0,0,191,5,0,196,0,191,5,0,196,2,0,2,198
07/13/2022,GCN,AZ,AWP,WE,Towers with Radar,0,2,0,1,3,0,241,3,2,246,0,243,3,3,249,0,2,2,251
07/14/2022,GCN,AZ,AWP,WE,Towers with Radar,0,2,1,0,3,0,271,5,0,276,0,273,6,0,279,0,0,0,279
07/15/2022,GCN,AZ,AWP,WE,Towers with Radar,0,0,0,0,0,0,211,9,0,220,0,211,9,0,220,0,0,0,220
07/16/2022,GCN,AZ,AWP,WE,Towers with Radar,0,0,2,0,2,0,275,9,0,284,0,275,11,0,286,4,0,4,290
07/17/2022,GCN,AZ,AWP,WE,Towers with Radar,0,0,0,0,0,0,205,5,0,210,0,205,5,0,210,0,0,0,210
07/18/2022,GCN,AZ,AWP,WE,Towers with Radar,0,0,0,0,0,0,248,3,0,251,0,248,3,0,251,0,0,0,251
07/19/2022,GCN,AZ,AWP,WE,Towers with Radar,0,0,0,4,4,0,295,9,0,304,0,295,9,4,308,0,0,0,308
07/20/2022,GCN,AZ,AWP,WE,Towers with Radar,0,0,2,0,2,0,238,10,0,248,0,238,12,0,250,0,0,0,250
07/21/2022,GCN,AZ,AWP,WE,Towers with Radar,0,2,2,0,4,0,296,5,0,301,0,298,7,0,305,4,0,4,309
07/22/2022,GCN,AZ,AWP,WE,Towers with Radar,0,1,0,0,1,0,332,13,2,347,0,333,13,2,348,0,0,0,348
07/23/2022,GCN,AZ,AWP,WE,Towers with Radar,0,0,1,0,1,0,261,11,0,272,0,261,12,0,273,0,0,0,273
07/24/2022,GCN,AZ,AWP,WE,Towers with Radar,0,0,0,0,0,0,282,5,0,287,0,282,5,0,287,0,0,0,287
07/25/2022,GCN,AZ,AWP,WE,Towers with Radar,0,1,3,0,4,0,277,7,0,284,0,278,10,0,288,0,0,0,288
07/26/2022,GCN,AZ,AWP,WE,Towers with Radar,0,1,1,0,2,0,247,3,0,250,0,248,4,0,252,0,0,0,252
07/27/2022,GCN,AZ,AWP,WE,Towers with Radar,0,9,0,0,9,0,197,0,0,197,0,206,0,0,206,2,0,2,208
07/28/2022,GCN,AZ,AWP,WE,Towers with Radar,0,1,3,0,4,0,250,2,0,252,0,251,5,0,256,0,0,0,256
07/29/2022,GCN,AZ,AWP,WE,Towers with Radar,0,0,0,0,0,0,225,2,1,228,0,225,2,1,228,6,0,6,234
07/30/2022,GCN,AZ,AWP,WE,Towers with Radar,0,0,1,0,1,0,114,4,0,118,0,114,5,0,119,0,0,0,119
07/31/2022,GCN,AZ,AWP,WE,Towers with Radar,0,0,0,0,0,0,201,8,0,209,0,201,8,0,209,0,0,0,209
08/01/2022,GCN,AZ,AWP,WE,Towers with Radar,0,0,1,0,1,0,312,3,0,315,0,312,4,0,316,0,0,0,316
08/02/2022,GCN,AZ,AWP,WE,Towers with Radar,0,1,2,0,3,0,298,3,0,301,0,299,5,0,304,7,0,7,311
08/03/2022,GCN,AZ,AWP,WE,Towers with Radar,0,2,1,0,3,0,301,2,2,305,0,303,3,2,308,0,0,0,308
08/04/2022,GCN,AZ,AWP,WE,Towers with Radar,0,0,1,0,1,0,362,5,0,367,0,362,6,0,368,7,0,7,375
08/05/2022,GCN,AZ,AWP,WE,Towers with Radar,0,1,0,0,1,0,310,6,0,316,0,311,6,0,317,0,0,0,317
08/06/2022,GCN,AZ,AWP,WE,Towers with Radar,0,0,1,0,1,0,308,10,0,318,0,308,11,0,319,0,0,0,319
08/07/2022,GCN,AZ,AWP,WE,Towers with Radar,0,0,2,0,2,0,274,2,0,276,0,274,4,0,278,0,0,0,278
08/08/2022,GCN,AZ,AWP,WE,Towers with Radar,0,1,1,0,2,0,287,6,0,293,0,288,7,0,295,0,0,0,295
08/09/2022,GCN,AZ,AWP,WE,Towers with Radar,0,0,0,2,2,0,297,2,0,299,0,297,2,2,301,2,0,2,303
08/10/2022,GCN,AZ,AWP,WE,Towers with Radar,0,1,2,0,3,0,290,10,0,300,0,291,12,0,303,2,0,2,305
08/11/2022,GCN,AZ,AWP,WE,Towers with Radar,0,0,0,0,0,0,329,3,0,332,0,329,3,0,332,2,0,2,334
08/12/2022,GCN,AZ,AWP,WE,Towers with Radar,0,1,2,0,3,0,255,5,0,260,0,256,7,0,263,0,0,0,263
08/13/2022,GCN,AZ,AWP,WE,Towers with Radar,0,0,2,0,2,0,282,6,0,288,0,282,8,0,290,6,0,6,296
08/14/2022,GCN,AZ,AWP,WE,Towers with Radar,0,0,0,0,0,0,210,12,0,222,0,210,12,0,222,0,0,0,222
08/15/2022,GCN,AZ,AWP,WE,Towers with Radar,0,0,1,0,1,0,289,5,0,294,0,289,6,0,295,0,0,0,295
08/16/2022,GCN,AZ,AWP,WE,Towers with Radar,0,17,6,0,23,0,252,11,2,265,0,269,17,2,288,4,0,4,292
08/17/2022,GCN,AZ,AWP,WE,Towers with Radar,0,0,0,0,0,0,302,4,0,306,0,302,4,0,306,2,0,2,308
08/18/2022,GCN,AZ,AWP,WE,Towers with Radar,0,1,1,0,2,0,191,2,2,195,0,192,3,2,197,4,2,6,203
08/19/2022,GCN,AZ,AWP,WE,Towers with Radar,0,0,0,0,0,0,230,8,4,242,0,230,8,4,242,0,0,0,242
08/20/2022,GCN,AZ,AWP,WE,Towers with Radar,0,0,6,0,6,0,309,7,0,316,0,309,13,0,322,0,0,0,322
08/21/2022,GCN,AZ,AWP,WE,Towers with Radar,0,0,2,0,2,0,283,0,0,283,0,283,2,0,285,0,0,0,285
08/22/2022,GCN,AZ,AWP,WE,Towers with Radar,0,15,0,0,15,0,274,4,1,279,0,289,4,1,294,0,4,4,298
08/23/2022,GCN,AZ,AWP,WE,Towers with Radar,0,0,0,1,1,0,231,12,5,248,0,231,12,6,249,0,0,0,249
08/24/2022,GCN,AZ,AWP,WE,Towers with Radar,0,0,0,0,0,0,194,5,0,199,0,194,5,0,199,33,0,33,232
08/25/2022,GCN,AZ,AWP,WE,Towers with Radar,0,12,1,0,13,0,178,4,1,183,0,190,5,1,196,0,33,33,229
08/26/2022,GCN,AZ,AWP,WE,Towers with Radar,0,0,1,0,1,0,193,9,2,204,0,193,10,2,205,6,2,8,213
08/27/2022,GCN,AZ,AWP,WE,Towers with Radar,0,0,0,0,0,0,206,6,2,214,0,206,6,2,214,0,0,0,214
08/28/2022,GCN,AZ,AWP,WE,Towers with Radar,0,0,0,0,0,0,144,5,0,149,0,144,5,0,149,0,0,0,149
08/29/2022,GCN,AZ,AWP,WE,Towers with Radar,0,0,2,0,2,0,168,6,0,174,0,168,8,0,176,0,0,0,176
08/30/2022,GCN,AZ,AWP,WE,Towers with Radar,0,0,4,0,4,0,183,14,0,197,0,183,18,0,201,11,0,11,212
08/31/2022,GCN,AZ,AWP,WE,Towers with Radar,0,0,2,0,2,0,168,6,2,176,0,168,8,2,178,5,0,5,183
09/01/2022,GCN,AZ,AWP,WE,Towers with Radar,0,0,3,0,3,0,138,6,0,144,0,138,9,0,147,0,0,0,147
09/02/2022,GCN,AZ,AWP,WE,Towers with Radar,0,0,0,0,0,0,168,6,0,174,0,168,6,0,174,0,0,0,174
09/03/2022,GCN,AZ,AWP,WE,Towers with Radar,0,1,4,0,5,0,189,9,0,198,0,190,13,0,203,6,0,6,209
09/04/2022,GCN,AZ,AWP,WE,Towers with Radar,0,0,1,0,1,0,228,5,0,233,0,228,6,0,234,0,0,0,234
09/05/2022,GCN,AZ,AWP,WE,Towers with Radar,0,0,1,0,1,0,211,5,0,216,0,211,6,0,217,0,0,0,217
09/06/2022,GCN,AZ,AWP,WE,Towers with Radar,0,0,2,0,2,0,191,5,0,196,0,191,7,0,198,0,0,0,198
09/07/2022,GCN,AZ,AWP,WE,Towers with Radar,0,3,0,0,3,0,211,7,0,218,0,214,7,0,221,0,0,0,221
09/08/2022,GCN,AZ,AWP,WE,Towers with Radar,0,1,0,0,1,0,250,4,0,254,0,251,4,0,255,0,0,0,255
09/09/2022,GCN,AZ,AWP,WE,Towers with Radar,0,0,1,0,1,0,240,11,0,251,0,240,12,0,252,16,4,20,272
09/10/2022,GCN,AZ,AWP,WE,Towers with Radar,0,4,0,0,4,0,76,2,0,78,0,80,2,0,82,0,0,0,82
09/11/2022,GCN,AZ,AWP,WE,Towers with Radar,0,4,1,0,5,0,270,10,0,280,0,274,11,0,285,4,0,4,289
09/12/2022,GCN,AZ,AWP,WE,Towers with Radar,0,0,0,0,0,0,214,4,0,218,0,214,4,0,218,2,0,2,220
09/13/2022,GCN,AZ,AWP,WE,Towers with Radar,0,2,0,0,2,0,65,6,0,71,0,67,6,0,73,0,0,0,73
09/14/2022,GCN,AZ,AWP,WE,Towers with Radar,0,2,0,0,2,0,17,0,0,17,0,19,0,0,19,0,0,0,19
09/15/2022,GCN,AZ,AWP,WE,Towers with Radar,0,0,0,0,0,0,258,1,2,261,0,258,1,2,261,0,0,0,261
09/16/2022,GCN,AZ,AWP,WE,Towers with Radar,0,0,0,0,0,0,281,0,0,281,0,281,0,0,281,0,0,0,281
09/17/2022,GCN,AZ,AWP,WE,Towers with Radar,0,1,2,0,3,0,299,8,0,307,0,300,10,0,310,0,0,0,310
09/18/2022,GCN,AZ,AWP,WE,Towers with Radar,0,0,4,0,4,0,260,6,0,266,0,260,10,0,270,0,0,0,270
09/19/2022,GCN,AZ,AWP,WE,Towers with Radar,0,0,4,0,4,0,236,6,0,242,0,236,10,0,246,0,0,0,246
09/20/2022,GCN,AZ,AWP,WE,Towers with Radar,0,0,0,0,0,0,238,8,2,248,0,238,8,2,248,0,0,0,248
09/21/2022,GCN,AZ,AWP,WE,Towers with Radar,0,1,2,0,3,0,20,0,0,20,0,21,2,0,23,0,0,0,23
09/22/2022,GCN,AZ,AWP,WE,Towers with Radar,0,4,6,0,10,0,228,1,0,229,0,232,7,0,239,0,0,0,239
09/23/2022,GCN,AZ,AWP,WE,Towers with Radar,0,1,1,0,2,0,271,10,0,281,0,272,11,0,283,4,0,4,287
09/24/2022,GCN,AZ,AWP,WE,Towers with Radar,0,0,5,0,5,0,225,21,0,246,0,225,26,0,251,8,0,8,259
09/25/2022,GCN,AZ,AWP,WE,Towers with Radar,0,0,2,1,3,0,218,6,1,225,0,218,8,2,228,0,0,0,228
09/26/2022,GCN,AZ,AWP,WE,Towers with Radar,0,2,2,0,4,0,206,5,0,211,0,208,7,0,215,4,0,4,219
09/27/2022,GCN,AZ,AWP,WE,Towers with Radar,0,9,0,0,9,0,212,15,2,229,0,221,15,2,238,48,0,48,286
09/28/2022,GCN,AZ,AWP,WE,Towers with Radar,0,7,1,0,8,0,215,5,0,220,0,222,6,0,228,6,0,6,234
09/29/2022,GCN,AZ,AWP,WE,Towers with Radar,0,0,3,0,3,0,224,1,4,229,0,224,4,4,232,0,0,0,232
09/30/2022,GCN,AZ,AWP,WE,Towers with Radar,0,0,0,2,2,0,222,6,3,231,0,222,6,5,233,0,0,0,233
10/01/2022,GCN,AZ,AWP,WE,Towers with Radar,0,0,5,0,5,0,147,4,0,151,0,147,9,0,156,0,0,0,156
10/02/2022,GCN,AZ,AWP,WE,Towers with Radar,0,0,3,0,3,0,156,3,2,161,0,156,6,2,164,0,0,0,164
10/03/2022,GCN,AZ,AWP,WE,Towers with Radar,0,4,2,0,6,0,37,4,0,41,0,41,6,0,47,2,0,2,49
10/04/2022,GCN,AZ,AWP,WE,Towers with Radar,0,0,2,0,2,0,195,1,0,196,0,195,3,0,198,0,0,0,198
10/05/2022,GCN,AZ,AWP,WE,Towers with Radar,0,0,0,0,0,0,192,6,0,198,0,192,6,0,198,0,0,0,198
10/06/2022,GCN,AZ,AWP,WE,Towers with Radar,0,0,0,0,0,0,218,4,0,222,0,218,4,0,222,2,0,2,224
10/07/2022,GCN,AZ,AWP,WE,Towers with Radar,0,0,4,1,5,0,231,8,10,249,0,231,12,11,254,54,0,54,308
10/08/2022,GCN,AZ,AWP,WE,Towers with Radar,0,0,2,0,2,0,204,3,0,207,0,204,5,0,209,0,0,0,209
10/09/2022,GCN,AZ,AWP,WE,Towers with Radar,0,0,4,0,4,0,205,7,0,212,0,205,11,0,216,0,0,0,216
10/10/2022,GCN,AZ,AWP,WE,Towers with Radar,0,0,1,0,1,0,174,4,0,178,0,174,5,0,179,68,0,68,247
10/11/2022,GCN,AZ,AWP,WE,Towers with Radar,0,1,3,7,11,0,207,4,1,212,0,208,7,8,223,0,10,10,233
10/12/2022,GCN,AZ,AWP,WE,Towers with Radar,0,9,2,0,11,0,184,4,0,188,0,193,6,0,199,14,0,14,213
10/13/2022,GCN,AZ,AWP,WE,Towers with Radar,0,3,6,0,9,0,155,11,0,166,0,158,17,0,175,14,0,14,189
10/14/2022,GCN,AZ,AWP,WE,Towers with Radar,0,0,1,0,1,0,163,7,0,170,0,163,8,0,171,5,0,5,176
10/15/2022,GCN,AZ,AWP,WE,Towers with Radar,0,0,3,0,3,0,171,2,0,173,0,171,5,0,176,0,0,0,176
10/16/2022,GCN,AZ,AWP,WE,Towers with Radar,0,8,2,0,10,0,66,3,0,69,0,74,5,0,79,0,0,0,79
10/17/2022,GCN,AZ,AWP,WE,Towers with Radar,0,0,1,0,1,0,170,5,0,175,0,170,6,0,176,4,0,4,180
10/18/2022,GCN,AZ,AWP,WE,Towers with Radar,0,0,5,0,5,0,152,5,0,157,0,152,10,0,162,0,0,0,162
10/19/2022,GCN,AZ,AWP,WE,Towers with Radar,0,5,2,0,7,0,148,3,0,151,0,153,5,0,158,2,0,2,160
10/20/2022,GCN,AZ,AWP,WE,Towers with Radar,0,2,5,0,7,0,188,8,0,196,0,190,13,0,203,27,0,27,230
10/21/2022,GCN,AZ,AWP,WE,Towers with Radar,0,1,1,0,2,0,163,9,0,172,0,164,10,0,174,2,16,18,192
10/22/2022,GCN,AZ,AWP,WE,Towers with Radar,0,1,0,0,1,0,71,3,0,74,0,72,3,0,75,0,0,0,75
10/23/2022,GCN,AZ,AWP,WE,Towers with Radar,0,0,1,0,1,0,82,1,0,83,0,82,2,0,84,2,0,2,86
10/24/2022,GCN,AZ,AWP,WE,Towers with Radar,0,0,6,1,7,0,166,7,1,174,0,166,13,2,181,0,10,10,191
10/25/2022,GCN,AZ,AWP,WE,Towers with Radar,0,0,1,1,2,0,149,5,1,155,0,149,6,2,157,0,0,0,157
10/26/2022,GCN,AZ,AWP,WE,Towers with Radar,0,1,1,2,4,0,170,8,0,178,0,171,9,2,182,0,0,0,182
10/27/2022,GCN,AZ,AWP,WE,Towers with Radar,0,0,2,0,2,0,136,5,0,141,0,136,7,0,143,0,0,0,143
10/28/2022,GCN,AZ,AWP,WE,Towers with Radar,0,10,2,0,12,0,126,4,0,130,0,136,6,0,142,0,0,0,142
10/29/2022,GCN,AZ,AWP,WE,Towers with Radar,0,1,2,0,3,0,133,25,2,160,0,134,27,2,163,0,0,0,163
10/30/2022,GCN,AZ,AWP,WE,Towers with Radar,0,0,3,0,3,0,107,10,0,117,0,107,13,0,120,0,0,0,120
10/31/2022,GCN,AZ,AWP,WE,Towers with Radar,0,3,1,0,4,0,132,6,0,138,0,135,7,0,142,0,0,0,142
11/01/2022,GCN,AZ,AWP,WE,Towers with Radar,0,2,0,0,2,0,123,3,0,126,0,125,3,0,128,0,0,0,128
11/02/2022,GCN,AZ,AWP,WE,Towers with Radar,0,0,0,0,0,0,37,3,0,40,0,37,3,0,40,0,0,0,40
11/03/2022,GCN,AZ,AWP,WE,Towers with Radar,0,0,2,0,2,0,0,0,0,0,0,0,2,0,2,0,0,0,2
11/04/2022,GCN,AZ,AWP,WE,Towers with Radar,0,0,1,0,1,0,135,6,0,141,0,135,7,0,142,10,4,14,156
11/05/2022,GCN,AZ,AWP,WE,Towers with Radar,0,7,0,0,7,0,100,8,0,108,0,107,8,0,115,11,8,19,134
11/06/2022,GCN,AZ,AWP,WE,Towers with Radar,0,0,3,0,3,0,99,9,1,109,0,99,12,1,112,0,13,13,125
11/07/2022,GCN,AZ,AWP,WE,Towers with Radar,0,0,0,1,1,0,64,3,1,68,0,64,3,2,69,14,0,14,83
11/08/2022,GCN,AZ,AWP,WE,Towers with Radar,0,0,0,0,0,0,51,4,0,55,0,51,4,0,55,0,0,0,55
11/09/2022,GCN,AZ,AWP,WE,Towers with Radar,0,0,0,0,0,0,0,0,0,0,0,0,0,0,0,0,0,0,0
11/10/2022,GCN,AZ,AWP,WE,Towers with Radar,0,1,2,0,3,0,114,14,0,128,0,115,16,0,131,0,0,0,131
11/11/2022,GCN,AZ,AWP,WE,Towers with Radar,0,0,5,0,5,0,101,12,3,116,0,101,17,3,121,39,0,39,160
11/12/2022,GCN,AZ,AWP,WE,Towers with Radar,0,0,8,0,8,0,122,11,2,135,0,122,19,2,143,0,0,0,143
11/13/2022,GCN,AZ,AWP,WE,Towers with Radar,0,0,1,0,1,0,70,9,0,79,0,70,10,0,80,0,0,0,80
11/14/2022,GCN,AZ,AWP,WE,Towers with Radar,0,0,1,0,1,0,93,7,4,104,0,93,8,4,105,0,0,0,105
11/15/2022,GCN,AZ,AWP,WE,Towers with Radar,0,0,3,0,3,0,73,4,1,78,0,73,7,1,81,0,0,0,81
11/16/2022,GCN,AZ,AWP,WE,Towers with Radar,0,1,0,0,1,0,96,2,0,98,0,97,2,0,99,0,0,0,99
11/17/2022,GCN,AZ,AWP,WE,Towers with Radar,0,2,8,0,10,0,84,6,0,90,0,86,14,0,100,6,0,6,106
11/18/2022,GCN,AZ,AWP,WE,Towers with Radar,0,1,4,0,5,0,69,3,0,72,0,70,7,0,77,0,0,0,77
11/19/2022,GCN,AZ,AWP,WE,Towers with Radar,0,2,2,0,4,0,85,5,1,91,0,87,7,1,95,0,0,0,95
11/20/2022,GCN,AZ,AWP,WE,Towers with Radar,0,0,2,0,2,0,141,13,0,154,0,141,15,0,156,17,0,17,173
11/21/2022,GCN,AZ,AWP,WE,Towers with Radar,0,2,2,2,6,0,157,13,3,173,0,159,15,5,179,0,19,19,198
11/22/2022,GCN,AZ,AWP,WE,Towers with Radar,0,0,2,3,5,0,137,8,3,148,0,137,10,6,153,0,6,6,159
11/23/2022,GCN,AZ,AWP,WE,Towers with Radar,0,0,2,0,2,0,120,6,2,128,0,120,8,2,130,4,0,4,134
11/24/2022,GCN,AZ,AWP,WE,Towers with Radar,0,0,2,0,2,0,54,0,0,54,0,54,2,0,56,0,0,0,56
11/25/2022,GCN,AZ,AWP,WE,Towers with Radar,0,0,3,0,3,0,135,6,0,141,0,135,9,0,144,0,0,0,144
11/26/2022,GCN,AZ,AWP,WE,Towers with Radar,0,0,0,0,0,0,108,15,0,123,0,108,15,0,123,30,0,30,153
11/27/2022,GCN,AZ,AWP,WE,Towers with Radar,0,0,2,0,2,0,63,3,0,66,0,63,5,0,68,0,0,0,68
11/28/2022,GCN,AZ,AWP,WE,Towers with Radar,0,0,0,0,0,0,33,0,0,33,0,33,0,0,33,2,0,2,35
11/29/2022,GCN,AZ,AWP,WE,Towers with Radar,0,1,0,2,3,0,58,0,0,58,0,59,0,2,61,0,0,0,61
11/30/2022,GCN,AZ,AWP,WE,Towers with Radar,0,0,4,3,7,0,61,4,3,68,0,61,8,6,75,0,16,16,91
12/01/2022,GCN,AZ,AWP,WE,Towers with Radar,0,0,4,1,5,0,30,2,7,39,0,30,6,8,44,0,0,0,44
12/02/2022,GCN,AZ,AWP,WE,Towers with Radar,0,0,2,1,3,0,44,2,0,46,0,44,4,1,49,15,3,18,67
12/03/2022,GCN,AZ,AWP,WE,Towers with Radar,0,1,10,3,14,0,67,17,2,86,0,68,27,5,100,14,1,15,115
12/04/2022,GCN,AZ,AWP,WE,Towers with Radar,0,1,1,0,2,0,37,3,0,40,0,38,4,0,42,0,0,0,42
12/05/2022,GCN,AZ,AWP,WE,Towers with Radar,0,0,0,0,0,0,14,0,0,14,0,14,0,0,14,2,0,2,16
12/06/2022,GCN,AZ,AWP,WE,Towers with Radar,0,0,0,2,2,0,17,1,1,19,0,17,1,3,21,0,0,0,21
12/07/2022,GCN,AZ,AWP,WE,Towers with Radar,0,0,0,0,0,0,0,0,0,0,0,0,0,0,0,0,0,0,0
12/08/2022,GCN,AZ,AWP,WE,Towers with Radar,0,0,2,2,4,0,65,7,0,72,0,65,9,2,76,22,0,22,98
12/09/2022,GCN,AZ,AWP,WE,Towers with Radar,0,0,2,0,2,0,40,7,0,47,0,40,9,0,49,8,0,8,57
12/10/2022,GCN,AZ,AWP,WE,Towers with Radar,0,0,5,0,5,0,72,8,0,80,0,72,13,0,85,1,0,1,86
12/11/2022,GCN,AZ,AWP,WE,Towers with Radar,0,0,0,0,0,0,41,0,0,41,0,41,0,0,41,0,0,0,41
12/12/2022,GCN,AZ,AWP,WE,Towers with Radar,0,3,0,0,3,0,6,0,0,6,0,9,0,0,9,0,0,0,9
12/13/2022,GCN,AZ,AWP,WE,Towers with Radar,0,1,0,0,1,0,7,0,2,9,0,8,0,2,10,0,4,4,14
12/14/2022,GCN,AZ,AWP,WE,Towers with Radar,0,2,0,0,2,0,72,4,2,78,0,74,4,2,80,0,0,0,80
12/15/2022,GCN,AZ,AWP,WE,Towers with Radar,0,0,3,0,3,0,70,7,0,77,0,70,10,0,80,12,0,12,92
12/16/2022,GCN,AZ,AWP,WE,Towers with Radar,0,0,3,1,4,0,41,6,0,47,0,41,9,1,51,0,7,7,58
12/17/2022,GCN,AZ,AWP,WE,Towers with Radar,0,4,1,0,5,0,49,16,0,65,0,53,17,0,70,42,0,42,112
12/18/2022,GCN,AZ,AWP,WE,Towers with Radar,0,1,2,0,3,0,53,6,0,59,0,54,8,0,62,122,0,122,184
12/19/2022,GCN,AZ,AWP,WE,Towers with Radar,0,0,4,0,4,0,104,4,0,108,0,104,8,0,112,15,0,15,127
12/20/2022,GCN,AZ,AWP,WE,Towers with Radar,0,0,0,0,0,0,78,6,0,84,0,78,6,0,84,0,0,0,84
12/21/2022,GCN,AZ,AWP,WE,Towers with Radar,0,0,0,0,0,0,97,7,0,104,0,97,7,0,104,20,0,20,124
12/22/2022,GCN,AZ,AWP,WE,Towers with Radar,0,0,1,0,1,0,97,7,0,104,0,97,8,0,105,97,0,97,202
12/23/2022,GCN,AZ,AWP,WE,Towers with Radar,0,0,0,0,0,0,79,8,0,87,0,79,8,0,87,38,0,38,125
12/24/2022,GCN,AZ,AWP,WE,Towers with Radar,0,0,0,0,0,0,78,5,0,83,0,78,5,0,83,40,0,40,123
12/25/2022,GCN,AZ,AWP,WE,Towers with Radar,0,0,0,0,0,0,22,0,0,22,0,22,0,0,22,0,0,0,22
12/26/2022,GCN,AZ,AWP,WE,Towers with Radar,0,0,1,0,1,0,126,7,0,133,0,126,8,0,134,7,0,7,141
12/27/2022,GCN,AZ,AWP,WE,Towers with Radar,0,0,0,0,0,0,136,0,0,136,0,136,0,0,136,0,0,0,136
12/28/2022,GCN,AZ,AWP,WE,Towers with Radar,0,0,0,0,0,0,0,0,0,0,0,0,0,0,0,0,0,0,0
12/29/2022,GCN,AZ,AWP,WE,Towers with Radar,0,0,0,0,0,0,0,0,0,0,0,0,0,0,0,0,0,0,0
12/30/2022,GCN,AZ,AWP,WE,Towers with Radar,0,8,0,0,8,0,0,0,0,0,0,8,0,0,8,0,0,0,8
12/31/2022,GCN,AZ,AWP,WE,Towers with Radar,0,0,3,0,3,0,0,0,0,0,0,0,3,0,3,4,0,4,7
01/01/2023,GCN,AZ,AWP,WE,Towers with Radar,0,0,0,0,0,0,6,0,0,6,0,6,0,0,6,10,0,10,16
01/02/2023,GCN,AZ,AWP,WE,Towers with Radar,0,0,0,0,0,0,0,0,0,0,0,0,0,0,0,0,0,0,0
01/03/2023,GCN,AZ,AWP,WE,Towers with Radar,0,0,0,0,0,0,0,0,0,0,0,0,0,0,0,0,0,0,0
01/04/2023,GCN,AZ,AWP,WE,Towers with Radar,0,0,0,0,0,0,0,0,0,0,0,0,0,0,0,0,0,0,0
01/05/2023,GCN,AZ,AWP,WE,Towers with Radar,0,0,3,0,3,0,76,5,0,81,0,76,8,0,84,15,0,15,99
01/06/2023,GCN,AZ,AWP,WE,Towers with Radar,0,0,0,0,0,0,29,1,0,30,0,29,1,0,30,0,0,0,30
01/07/2023,GCN,AZ,AWP,WE,Towers with Radar,0,2,7,0,9,0,68,5,0,73,0,70,12,0,82,2,0,2,84
01/08/2023,GCN,AZ,AWP,WE,Towers with Radar,0,1,1,0,2,0,68,10,0,78,0,69,11,0,80,0,0,0,80
01/09/2023,GCN,AZ,AWP,WE,Towers with Radar,0,1,0,0,1,0,43,4,0,47,0,44,4,0,48,0,0,0,48
01/10/2023,GCN,AZ,AWP,WE,Towers with Radar,0,1,0,2,3,0,36,1,0,37,0,37,1,2,40,0,0,0,40
01/11/2023,GCN,AZ,AWP,WE,Towers with Radar,0,2,2,3,7,0,64,1,1,66,0,66,3,4,73,4,0,4,77
01/12/2023,GCN,AZ,AWP,WE,Towers with Radar,0,2,2,4,8,0,55,14,0,69,0,57,16,4,77,28,12,40,117
01/13/2023,GCN,AZ,AWP,WE,Towers with Radar,0,0,3,0,3,0,76,9,0,85,0,76,12,0,88,67,0,67,155
01/14/2023,GCN,AZ,AWP,WE,Towers with Radar,0,0,3,0,3,0,39,3,0,42,0,39,6,0,45,0,0,0,45
01/15/2023,GCN,AZ,AWP,WE,Towers with Radar,0,0,0,0,0,0,0,0,0,0,0,0,0,0,0,0,0,0,0
01/16/2023,GCN,AZ,AWP,WE,Towers with Radar,0,0,0,0,0,0,0,0,0,0,0,0,0,0,0,0,0,0,0
01/17/2023,GCN,AZ,AWP,WE,Towers with Radar,0,0,0,0,0,0,0,0,0,0,0,0,0,0,0,0,0,0,0
01/18/2023,GCN,AZ,AWP,WE,Towers with Radar,0,0,0,2,2,0,54,0,0,54,0,54,0,2,56,0,0,0,56
01/19/2023,GCN,AZ,AWP,WE,Towers with Radar,0,0,0,3,3,0,41,0,0,41,0,41,0,3,44,0,0,0,44
01/20/2023,GCN,AZ,AWP,WE,Towers with Radar,0,0,0,0,0,0,4,0,0,4,0,4,0,0,4,0,0,0,4
01/21/2023,GCN,AZ,AWP,WE,Towers with Radar,0,0,0,0,0,0,52,0,0,52,0,52,0,0,52,0,0,0,52
01/22/2023,GCN,AZ,AWP,WE,Towers with Radar,0,0,0,0,0,0,50,0,0,50,0,50,0,0,50,0,0,0,50
01/23/2023,GCN,AZ,AWP,WE,Towers with Radar,0,0,0,0,0,0,0,0,0,0,0,0,0,0,0,0,0,0,0
01/24/2023,GCN,AZ,AWP,WE,Towers with Radar,0,0,0,0,0,0,68,0,0,68,0,68,0,0,68,0,0,0,68
01/25/2023,GCN,AZ,AWP,WE,Towers with Radar,0,0,1,3,4,0,83,9,0,92,0,83,10,3,96,46,4,50,146
01/26/2023,GCN,AZ,AWP,WE,Towers with Radar,0,0,8,0,8,0,70,4,0,74,0,70,12,0,82,6,0,6,88
01/27/2023,GCN,AZ,AWP,WE,Towers with Radar,0,3,2,2,7,0,66,5,0,71,0,69,7,2,78,22,0,22,100
01/28/2023,GCN,AZ,AWP,WE,Towers with Radar,0,0,1,0,1,0,74,3,0,77,0,74,4,0,78,0,0,0,78
01/29/2023,GCN,AZ,AWP,WE,Towers with Radar,0,2,2,0,4,0,67,1,0,68,0,69,3,0,72,0,0,0,72
01/30/2023,GCN,AZ,AWP,WE,Towers with Radar,0,0,0,0,0,0,1,0,0,1,0,1,0,0,1,0,0,0,1
01/31/2023,GCN,AZ,AWP,WE,Towers with Radar,0,7,2,0,9,0,40,0,0,40,0,47,2,0,49,1,0,1,50
02/01/2023,GCN,AZ,AWP,WE,Towers with Radar,0,8,10,0,18,0,41,6,2,49,0,49,16,2,67,26,2,28,95
02/02/2023,GCN,AZ,AWP,WE,Towers with Radar,0,1,1,0,2,0,65,9,0,74,0,66,10,0,76,102,0,102,178
02/03/2023,GCN,AZ,AWP,WE,Towers with Radar,0,16,1,0,17,0,46,7,2,55,0,62,8,2,72,41,10,51,123
02/04/2023,GCN,AZ,AWP,WE,Towers with Radar,0,0,5,1,6,0,59,14,1,74,0,59,19,2,80,1,9,10,90
02/05/2023,GCN,AZ,AWP,WE,Towers with Radar,0,0,2,0,2,0,57,5,1,63,0,57,7,1,65,0,0,0,65
02/06/2023,GCN,AZ,AWP,WE,Towers with Radar,0,1,5,0,6,0,38,1,0,39,0,39,6,0,45,0,0,0,45
02/07/2023,GCN,AZ,AWP,WE,Towers with Radar,0,2,5,0,7,0,49,0,0,49,0,51,5,0,56,0,0,0,56
02/08/2023,GCN,AZ,AWP,WE,Towers with Radar,0,0,1,4,5,0,68,11,0,79,0,68,12,4,84,0,0,0,84
02/09/2023,GCN,AZ,AWP,WE,Towers with Radar,0,0,0,2,2,0,72,3,0,75,0,72,3,2,77,7,0,7,84
02/10/2023,GCN,AZ,AWP,WE,Towers with Radar,0,0,0,0,0,0,84,1,0,85,0,84,1,0,85,0,0,0,85
02/11/2023,GCN,AZ,AWP,WE,Towers with Radar,0,0,3,0,3,0,74,9,4,87,0,74,12,4,90,0,0,0,90
02/12/2023,GCN,AZ,AWP,WE,Towers with Radar,0,1,2,0,3,0,73,6,0,79,0,74,8,0,82,5,0,5,87
02/13/2023,GCN,AZ,AWP,WE,Towers with Radar,0,0,0,0,0,0,14,0,0,14,0,14,0,0,14,0,0,0,14
02/14/2023,GCN,AZ,AWP,WE,Towers with Radar,0,0,0,0,0,0,0,0,0,0,0,0,0,0,0,0,0,0,0
02/15/2023,GCN,AZ,AWP,WE,Towers with Radar,0,0,0,0,0,0,4,0,0,4,0,4,0,0,4,0,0,0,4
02/16/2023,GCN,AZ,AWP,WE,Towers with Radar,0,0,5,1,6,0,103,12,2,117,0,103,17,3,123,31,0,31,154
02/17/2023,GCN,AZ,AWP,WE,Towers with Radar,0,0,0,0,0,0,69,6,0,75,0,69,6,0,75,0,0,0,75
02/18/2023,GCN,AZ,AWP,WE,Towers with Radar,0,0,2,0,2,0,91,11,2,104,0,91,13,2,106,8,14,22,128
02/19/2023,GCN,AZ,AWP,WE,Towers with Radar,0,0,8,0,8,0,122,7,0,129,0,122,15,0,137,0,0,0,137
02/20/2023,GCN,AZ,AWP,WE,Towers with Radar,0,0,2,0,2,0,148,5,2,155,0,148,7,2,157,20,8,28,185
02/21/2023,GCN,AZ,AWP,WE,Towers with Radar,0,0,3,0,3,0,96,5,2,103,0,96,8,2,106,0,2,2,108
02/22/2023,GCN,AZ,AWP,WE,Towers with Radar,0,0,0,0,0,0,0,0,0,0,0,0,0,0,0,0,0,0,0
02/23/2023,GCN,AZ,AWP,WE,Towers with Radar,0,0,0,0,0,0,0,0,0,0,0,0,0,0,0,0,0,0,0
02/24/2023,GCN,AZ,AWP,WE,Towers with Radar,0,0,0,0,0,0,35,1,0,36,0,35,1,0,36,0,0,0,36
02/25/2023,GCN,AZ,AWP,WE,Towers with Radar,0,0,2,0,2,0,65,0,0,65,0,65,2,0,67,0,0,0,67
02/26/2023,GCN,AZ,AWP,WE,Towers with Radar,0,0,0,0,0,0,0,0,0,0,0,0,0,0,0,0,0,0,0
02/27/2023,GCN,AZ,AWP,WE,Towers with Radar,0,0,0,0,0,0,87,1,0,88,0,87,1,0,88,0,0,0,88
02/28/2023,GCN,AZ,AWP,WE,Towers with Radar,0,0,1,0,1,0,8,0,0,8,0,8,1,0,9,0,0,0,9
03/01/2023,GCN,AZ,AWP,WE,Towers with Radar,0,0,0,0,0,0,0,0,0,0,0,0,0,0,0,0,0,0,0
03/02/2023,GCN,AZ,AWP,WE,Towers with Radar,0,0,0,0,0,0,16,0,0,16,0,16,0,0,16,0,0,0,16
03/03/2023,GCN,AZ,AWP,WE,Towers with Radar,0,0,3,0,3,0,90,1,2,93,0,90,4,2,96,2,0,2,98
03/04/2023,GCN,AZ,AWP,WE,Towers with Radar,0,0,5,0,5,0,48,1,2,51,0,48,6,2,56,0,0,0,56
03/05/2023,GCN,AZ,AWP,WE,Towers with Radar,0,0,0,0,0,0,76,2,2,80,0,76,2,2,80,1,0,1,81
03/06/2023,GCN,AZ,AWP,WE,Towers with Radar,0,0,2,0,2,0,73,4,0,77,0,73,6,0,79,6,0,6,85
03/07/2023,GCN,AZ,AWP,WE,Towers with Radar,0,0,7,2,9,0,125,8,0,133,0,125,15,2,142,0,0,0,142
03/08/2023,GCN,AZ,AWP,WE,Towers with Radar,0,0,4,0,4,0,85,8,2,95,0,85,12,2,99,16,0,16,115
03/09/2023,GCN,AZ,AWP,WE,Towers with Radar,0,0,6,0,6,0,124,9,0,133,0,124,15,0,139,11,0,11,150
03/10/2023,GCN,AZ,AWP,WE,Towers with Radar,0,0,0,0,0,0,31,3,0,34,0,31,3,0,34,4,0,4,38
03/11/2023,GCN,AZ,AWP,WE,Towers with Radar,0,0,0,0,0,0,27,1,0,28,0,27,1,0,28,56,0,56,84
03/12/2023,GCN,AZ,AWP,WE,Towers with Radar,0,0,0,0,0,0,135,6,0,141,0,135,6,0,141,2,0,2,143
03/13/2023,GCN,AZ,AWP,WE,Towers with Radar,0,1,3,0,4,0,186,9,0,195,0,187,12,0,199,14,0,14,213
03/14/2023,GCN,AZ,AWP,WE,Towers with Radar,0,0,0,0,0,0,156,4,0,160,0,156,4,0,160,0,0,0,160
03/15/2023,GCN,AZ,AWP,WE,Towers with Radar,0,0,0,0,0,0,0,0,0,0,0,0,0,0,0,0,0,0,0
03/16/2023,GCN,AZ,AWP,WE,Towers with Radar,0,0,0,0,0,0,80,4,0,84,0,80,4,0,84,73,0,73,157
03/17/2023,GCN,AZ,AWP,WE,Towers with Radar,0,11,11,0,22,0,205,14,0,219,0,216,25,0,241,0,0,0,241
03/18/2023,GCN,AZ,AWP,WE,Towers with Radar,0,1,9,0,10,0,123,8,0,131,0,124,17,0,141,0,0,0,141
03/19/2023,GCN,AZ,AWP,WE,Towers with Radar,0,0,0,0,0,0,126,2,0,128,0,126,2,0,128,8,0,8,136
03/20/2023,GCN,AZ,AWP,WE,Towers with Radar,0,1,0,0,1,0,19,2,0,21,0,20,2,0,22,0,0,0,22
03/21/2023,GCN,AZ,AWP,WE,Towers with Radar,0,0,0,0,0,0,0,0,0,0,0,0,0,0,0,0,0,0,0
03/22/2023,GCN,AZ,AWP,WE,Towers with Radar,0,0,1,0,1,0,4,3,0,7,0,4,4,0,8,9,0,9,17
03/23/2023,GCN,AZ,AWP,WE,Towers with Radar,0,0,2,0,2,0,128,7,0,135,0,128,9,0,137,0,0,0,137
03/24/2023,GCN,AZ,AWP,WE,Towers with Radar,0,2,4,0,6,0,14,0,2,16,0,16,4,2,22,0,0,0,22
03/25/2023,GCN,AZ,AWP,WE,Towers with Radar,0,0,0,0,0,0,144,5,0,149,0,144,5,0,149,0,0,0,149
03/26/2023,GCN,AZ,AWP,WE,Towers with Radar,0,0,3,0,3,0,118,13,0,131,0,118,16,0,134,34,0,34,168
03/27/2023,GCN,AZ,AWP,WE,Towers with Radar,0,15,6,0,21,0,147,8,0,155,0,162,14,0,176,3,0,3,179
03/28/2023,GCN,AZ,AWP,WE,Towers with Radar,0,0,1,0,1,0,169,8,0,177,0,169,9,0,178,0,0,0,178
03/29/2023,GCN,AZ,AWP,WE,Towers with Radar,0,0,1,0,1,0,127,3,0,130,0,127,4,0,131,0,0,0,131
03/30/2023,GCN,AZ,AWP,WE,Towers with Radar,0,0,1,0,1,0,24,1,0,25,0,24,2,0,26,0,0,0,26
03/31/2023,GCN,AZ,AWP,WE,Towers with Radar,0,0,5,0,5,0,170,8,4,182,0,170,13,4,187,0,2,2,189
04/01/2023,GCN,AZ,AWP,WE,Towers with Radar,0,11,2,0,13,0,206,8,0,214,0,217,10,0,227,4,0,4,231
04/02/2023,GCN,AZ,AWP,WE,Towers with Radar,0,1,2,0,3,0,150,4,0,154,0,151,6,0,157,3,0,3,160
04/03/2023,GCN,AZ,AWP,WE,Towers with Radar,0,1,1,0,2,0,12,2,0,14,0,13,3,0,16,0,0,0,16
04/04/2023,GCN,AZ,AWP,WE,Towers with Radar,0,0,0,0,0,0,17,3,0,20,0,17,3,0,20,0,0,0,20
04/05/2023,GCN,AZ,AWP,WE,Towers with Radar,0,0,1,2,3,0,251,9,0,260,0,251,10,2,263,0,0,0,263
04/06/2023,GCN,AZ,AWP,WE,Towers with Radar,0,11,2,2,15,0,260,9,0,269,0,271,11,2,284,0,0,0,284
04/07/2023,GCN,AZ,AWP,WE,Towers with Radar,0,0,2,0,2,0,204,7,0,211,0,204,9,0,213,0,0,0,213
04/08/2023,GCN,AZ,AWP,WE,Towers with Radar,0,3,4,0,7,0,213,13,3,229,0,216,17,3,236,0,0,0,236
04/09/2023,GCN,AZ,AWP,WE,Towers with Radar,0,1,4,0,5,0,212,8,0,220,0,213,12,0,225,0,0,0,225
04/10/2023,GCN,AZ,AWP,WE,Towers with Radar,0,0,4,1,5,0,231,3,0,234,0,231,7,1,239,7,19,26,265
04/11/2023,GCN,AZ,AWP,WE,Towers with Radar,0,0,4,0,4,0,212,11,0,223,0,212,15,0,227,0,0,0,227
04/12/2023,GCN,AZ,AWP,WE,Towers with Radar,0,0,2,0,2,0,128,8,0,136,0,128,10,0,138,4,8,12,150
04/13/2023,GCN,AZ,AWP,WE,Towers with Radar,0,2,1,0,3,0,187,6,0,193,0,189,7,0,196,0,0,0,196
04/14/2023,GCN,AZ,AWP,WE,Towers with Radar,0,1,5,0,6,0,187,11,0,198,0,188,16,0,204,9,0,9,213
04/15/2023,GCN,AZ,AWP,WE,Towers with Radar,0,0,4,0,4,0,199,13,0,212,0,199,17,0,216,0,0,0,216
04/16/2023,GCN,AZ,AWP,WE,Towers with Radar,0,0,1,0,1,0,160,3,0,163,0,160,4,0,164,2,0,2,166
04/17/2023,GCN,AZ,AWP,WE,Towers with Radar,0,18,2,0,20,0,201,6,0,207,0,219,8,0,227,0,6,6,233
04/18/2023,GCN,AZ,AWP,WE,Towers with Radar,0,5,4,0,9,0,60,2,0,62,0,65,6,0,71,0,0,0,71
04/19/2023,GCN,AZ,AWP,WE,Towers with Radar,0,5,4,0,9,0,198,3,0,201,0,203,7,0,210,0,0,0,210
04/20/2023,GCN,AZ,AWP,WE,Towers with Radar,0,0,1,1,2,0,252,6,2,260,0,252,7,3,262,0,0,0,262
04/21/2023,GCN,AZ,AWP,WE,Towers with Radar,0,16,6,0,22,0,205,8,0,213,0,221,14,0,235,27,0,27,262
04/22/2023,GCN,AZ,AWP,WE,Towers with Radar,0,1,5,0,6,0,183,9,0,192,0,184,14,0,198,0,0,0,198
04/23/2023,GCN,AZ,AWP,WE,Towers with Radar,0,1,1,0,2,0,174,3,8,185,0,175,4,8,187,15,0,15,202
04/24/2023,GCN,AZ,AWP,WE,Towers with Radar,0,12,1,0,13,0,167,7,0,174,0,179,8,0,187,0,0,0,187
04/25/2023,GCN,AZ,AWP,WE,Towers with Radar,0,2,6,0,8,0,149,25,2,176,0,151,31,2,184,0,0,0,184
04/26/2023,GCN,AZ,AWP,WE,Towers with Radar,0,9,4,0,13,0,223,3,1,227,0,232,7,1,240,4,9,13,253
04/27/2023,GCN,AZ,AWP,WE,Towers with Radar,0,0,1,0,1,0,201,14,0,215,0,201,15,0,216,0,0,0,216
04/28/2023,GCN,AZ,AWP,WE,Towers with Radar,0,10,0,0,10,0,195,10,0,205,0,205,10,0,215,4,0,4,219
04/29/2023,GCN,AZ,AWP,WE,Towers with Radar,0,1,6,0,7,0,191,14,0,205,0,192,20,0,212,51,0,51,263
04/30/2023,GCN,AZ,AWP,WE,Towers with Radar,0,1,2,1,4,0,173,5,4,182,0,174,7,5,186,0,0,0,186
05/01/2023,GCN,AZ,AWP,WE,Towers with Radar,0,7,3,0,10,0,180,4,0,184,0,187,7,0,194,0,0,0,194
05/02/2023,GCN,AZ,AWP,WE,Towers with Radar,0,0,5,1,6,0,197,8,1,206,0,197,13,2,212,0,0,0,212
05/03/2023,GCN,AZ,AWP,WE,Towers with Radar,0,0,1,1,2,0,217,1,1,219,0,217,2,2,221,0,0,0,221
05/04/2023,GCN,AZ,AWP,WE,Towers with Radar,0,8,2,0,10,0,129,0,0,129,0,137,2,0,139,0,0,0,139
05/05/2023,GCN,AZ,AWP,WE,Towers with Radar,0,1,1,0,2,0,227,11,0,238,0,228,12,0,240,0,0,0,240
05/06/2023,GCN,AZ,AWP,WE,Towers with Radar,0,0,2,0,2,0,193,6,0,199,0,193,8,0,201,20,0,20,221
05/07/2023,GCN,AZ,AWP,WE,Towers with Radar,0,1,4,0,5,0,188,7,0,195,0,189,11,0,200,0,0,0,200
05/08/2023,GCN,AZ,AWP,WE,Towers with Radar,0,0,1,0,1,0,203,10,0,213,0,203,11,0,214,0,0,0,214
05/09/2023,GCN,AZ,AWP,WE,Towers with Radar,0,0,2,0,2,0,249,2,0,251,0,249,4,0,253,36,0,36,289
05/10/2023,GCN,AZ,AWP,WE,Towers with Radar,0,0,0,0,0,0,214,12,0,226,0,214,12,0,226,4,0,4,230
05/11/2023,GCN,AZ,AWP,WE,Towers with Radar,0,0,3,0,3,0,302,12,2,316,0,302,15,2,319,0,0,0,319
05/12/2023,GCN,AZ,AWP,WE,Towers with Radar,0,0,3,1,4,0,242,18,0,260,0,242,21,1,264,16,7,23,287
05/13/2023,GCN,AZ,AWP,WE,Towers with Radar,0,0,0,0,0,0,204,5,0,209,0,204,5,0,209,0,0,0,209
05/14/2023,GCN,AZ,AWP,WE,Towers with Radar,0,0,2,0,2,0,182,7,0,189,0,182,9,0,191,2,0,2,193
05/15/2023,GCN,AZ,AWP,WE,Towers with Radar,0,0,1,6,7,0,206,8,2,216,0,206,9,8,223,17,15,32,255
05/16/2023,GCN,AZ,AWP,WE,Towers with Radar,0,0,3,0,3,0,128,15,0,143,0,128,18,0,146,0,0,0,146
05/17/2023,GCN,AZ,AWP,WE,Towers with Radar,0,0,1,0,1,0,214,16,0,230,0,214,17,0,231,2,0,2,233
05/18/2023,GCN,AZ,AWP,WE,Towers with Radar,0,0,1,3,4,0,231,2,3,236,0,231,3,6,240,0,0,0,240
05/19/2023,GCN,AZ,AWP,WE,Towers with Radar,0,1,0,0,1,0,216,5,0,221,0,217,5,0,222,2,0,2,224
05/20/2023,GCN,AZ,AWP,WE,Towers with Radar,0,0,3,0,3,0,180,5,0,185,0,180,8,0,188,10,0,10,198
05/21/2023,GCN,AZ,AWP,WE,Towers with Radar,0,3,1,0,4,0,219,3,0,222,0,222,4,0,226,0,0,0,226
05/22/2023,GCN,AZ,AWP,WE,Towers with Radar,0,0,0,1,1,0,222,6,6,234,0,222,6,7,235,0,4,4,239
05/23/2023,GCN,AZ,AWP,WE,Towers with Radar,0,0,1,0,1,0,205,12,2,219,0,205,13,2,220,0,0,0,220
05/24/2023,GCN,AZ,AWP,WE,Towers with Radar,0,2,2,1,5,0,256,10,1,267,0,258,12,2,272,0,10,10,282
05/25/2023,GCN,AZ,AWP,WE,Towers with Radar,0,0,1,0,1,0,217,6,0,223,0,217,7,0,224,0,0,0,224
05/26/2023,GCN,AZ,AWP,WE,Towers with Radar,0,4,1,0,5,0,224,5,0,229,0,228,6,0,234,0,0,0,234
05/27/2023,GCN,AZ,AWP,WE,Towers with Radar,0,3,5,0,8,0,266,12,0,278,0,269,17,0,286,10,0,10,296
05/28/2023,GCN,AZ,AWP,WE,Towers with Radar,0,0,0,0,0,0,243,12,0,255,0,243,12,0,255,7,0,7,262
05/29/2023,GCN,AZ,AWP,WE,Towers with Radar,0,1,3,0,4,0,230,11,0,241,0,231,14,0,245,5,0,5,250
05/30/2023,GCN,AZ,AWP,WE,Towers with Radar,0,0,1,0,1,0,211,14,0,225,0,211,15,0,226,42,0,42,268
05/31/2023,GCN,AZ,AWP,WE,Towers with Radar,0,0,0,0,0,0,185,8,0,193,0,185,8,0,193,0,0,0,193
06/01/2023,GCN,AZ,AWP,WE,Towers with Radar,0,0,1,2,3,0,183,13,0,196,0,183,14,2,199,0,0,0,199
06/02/2023,GCN,AZ,AWP,WE,Towers with Radar,0,0,2,0,2,0,171,11,4,186,0,171,13,4,188,19,0,19,207
06/03/2023,GCN,AZ,AWP,WE,Towers with Radar,0,0,0,2,2,0,188,22,1,211,0,188,22,3,213,0,0,0,213
06/04/2023,GCN,AZ,AWP,WE,Towers with Radar,0,2,4,0,6,0,192,12,0,204,0,194,16,0,210,11,0,11,221
06/05/2023,GCN,AZ,AWP,WE,Towers with Radar,0,1,1,2,4,0,208,10,1,219,0,209,11,3,223,0,5,5,228
06/06/2023,GCN,AZ,AWP,WE,Towers with Radar,0,0,2,2,4,0,204,6,6,216,0,204,8,8,220,50,8,58,278
06/07/2023,GCN,AZ,AWP,WE,Towers with Radar,0,1,2,0,3,0,235,17,0,252,0,236,19,0,255,31,0,31,286
06/08/2023,GCN,AZ,AWP,WE,Towers with Radar,0,2,8,0,10,0,233,12,2,247,0,235,20,2,257,33,0,33,290
06/09/2023,GCN,AZ,AWP,WE,Towers with Radar,0,23,3,0,26,0,211,21,2,234,0,234,24,2,260,14,0,14,274
06/10/2023,GCN,AZ,AWP,WE,Towers with Radar,0,0,7,0,7,0,224,27,0,251,0,224,34,0,258,86,0,86,344
06/11/2023,GCN,AZ,AWP,WE,Towers with Radar,0,0,0,0,0,0,194,7,0,201,0,194,7,0,201,6,0,6,207
06/12/2023,GCN,AZ,AWP,WE,Towers with Radar,0,1,1,0,2,0,153,11,0,164,0,154,12,0,166,0,0,0,166
06/13/2023,GCN,AZ,AWP,WE,Towers with Radar,0,0,6,0,6,0,204,10,0,214,0,204,16,0,220,0,0,0,220
06/14/2023,GCN,AZ,AWP,WE,Towers with Radar,0,0,4,0,4,0,206,13,2,221,0,206,17,2,225,6,0,6,231
06/15/2023,GCN,AZ,AWP,WE,Towers with Radar,0,5,0,0,5,0,204,8,0,212,0,209,8,0,217,8,0,8,225
06/16/2023,GCN,AZ,AWP,WE,Towers with Radar,0,7,3,0,10,0,161,3,0,164,0,168,6,0,174,0,0,0,174
06/17/2023,GCN,AZ,AWP,WE,Towers with Radar,0,1,1,0,2,0,213,18,0,231,0,214,19,0,233,17,0,17,250
06/18/2023,GCN,AZ,AWP,WE,Towers with Radar,0,0,3,0,3,0,81,9,0,90,0,81,12,0,93,0,0,0,93
06/19/2023,GCN,AZ,AWP,WE,Towers with Radar,0,0,0,0,0,0,60,0,0,60,0,60,0,0,60,0,0,0,60
06/20/2023,GCN,AZ,AWP,WE,Towers with Radar,0,0,5,2,7,0,200,3,2,205,0,200,8,4,212,0,0,0,212
06/21/2023,GCN,AZ,AWP,WE,Towers with Radar,0,0,0,0,0,0,190,2,2,194,0,190,2,2,194,0,0,0,194
06/22/2023,GCN,AZ,AWP,WE,Towers with Radar,0,0,3,0,3,0,210,13,0,223,0,210,16,0,226,0,0,0,226
06/23/2023,GCN,AZ,AWP,WE,Towers with Radar,0,0,3,7,10,0,170,7,0,177,0,170,10,7,187,0,3,3,190
06/24/2023,GCN,AZ,AWP,WE,Towers with Radar,0,0,2,0,2,0,211,12,4,227,0,211,14,4,229,6,0,6,235
06/25/2023,GCN,AZ,AWP,WE,Towers with Radar,0,0,3,0,3,0,155,5,0,160,0,155,8,0,163,0,0,0,163
06/26/2023,GCN,AZ,AWP,WE,Towers with Radar,0,5,0,0,5,0,126,3,0,129,0,131,3,0,134,1,0,1,135
06/27/2023,GCN,AZ,AWP,WE,Towers with Radar,0,8,3,0,11,0,141,10,0,151,0,149,13,0,162,5,0,5,167
06/28/2023,GCN,AZ,AWP,WE,Towers with Radar,0,6,0,0,6,0,181,34,0,215,0,187,34,0,221,10,0,10,231
06/29/2023,GCN,AZ,AWP,WE,Towers with Radar,0,0,5,0,5,0,208,12,0,220,0,208,17,0,225,13,0,13,238
06/30/2023,GCN,AZ,AWP,WE,Towers with Radar,0,0,2,0,2,0,163,17,0,180,0,163,19,0,182,0,0,0,182
07/01/2023,GCN,AZ,AWP,WE,Towers with Radar,0,0,2,0,2,0,170,10,0,180,0,170,12,0,182,3,0,3,185
07/02/2023,GCN,AZ,AWP,WE,Towers with Radar,0,1,1,0,2,0,213,2,0,215,0,214,3,0,217,36,0,36,253
07/03/2023,GCN,AZ,AWP,WE,Towers with Radar,0,9,3,0,12,0,171,15,0,186,0,180,18,0,198,0,0,0,198
07/04/2023,GCN,AZ,AWP,WE,Towers with Radar,0,0,0,0,0,0,218,11,0,229,0,218,11,0,229,2,0,2,231
07/05/2023,GCN,AZ,AWP,WE,Towers with Radar,0,0,4,0,4,0,215,12,0,227,0,215,16,0,231,2,0,2,233
07/06/2023,GCN,AZ,AWP,WE,Towers with Radar,0,0,0,0,0,0,164,8,0,172,0,164,8,0,172,13,0,13,185
07/07/2023,GCN,AZ,AWP,WE,Towers with Radar,0,0,1,0,1,0,141,12,0,153,0,141,13,0,154,0,0,0,154
07/08/2023,GCN,AZ,AWP,WE,Towers with Radar,0,0,0,0,0,0,226,9,0,235,0,226,9,0,235,2,0,2,237
07/09/2023,GCN,AZ,AWP,WE,Towers with Radar,0,1,0,0,1,0,172,8,0,180,0,173,8,0,181,1,0,1,182
07/10/2023,GCN,AZ,AWP,WE,Towers with Radar,0,8,3,0,11,0,211,3,0,214,0,219,6,0,225,4,0,4,229
07/11/2023,GCN,AZ,AWP,WE,Towers with Radar,0,7,5,2,14,0,172,8,0,180,0,179,13,2,194,21,0,21,215
07/12/2023,GCN,AZ,AWP,WE,Towers with Radar,0,0,0,0,0,0,256,6,0,262,0,256,6,0,262,8,0,8,270
07/13/2023,GCN,AZ,AWP,WE,Towers with Radar,0,7,3,0,10,0,261,10,0,271,0,268,13,0,281,0,0,0,281
07/14/2023,GCN,AZ,AWP,WE,Towers with Radar,0,8,0,0,8,0,265,5,0,270,0,273,5,0,278,5,0,5,283
07/15/2023,GCN,AZ,AWP,WE,Towers with Radar,0,1,0,0,1,0,221,8,0,229,0,222,8,0,230,10,0,10,240
07/16/2023,GCN,AZ,AWP,WE,Towers with Radar,0,0,1,0,1,0,137,9,0,146,0,137,10,0,147,0,0,0,147
07/17/2023,GCN,AZ,AWP,WE,Towers with Radar,0,5,0,0,5,0,215,14,0,229,0,220,14,0,234,0,0,0,234
07/18/2023,GCN,AZ,AWP,WE,Towers with Radar,0,0,2,0,2,0,300,8,0,308,0,300,10,0,310,17,0,17,327
07/19/2023,GCN,AZ,AWP,WE,Towers with Radar,0,6,0,0,6,0,292,10,0,302,0,298,10,0,308,0,0,0,308
07/20/2023,GCN,AZ,AWP,WE,Towers with Radar,0,0,2,7,9,0,320,12,2,334,0,320,14,9,343,0,6,6,349
07/21/2023,GCN,AZ,AWP,WE,Towers with Radar,0,0,3,0,3,0,293,8,0,301,0,293,11,0,304,0,0,0,304
07/22/2023,GCN,AZ,AWP,WE,Towers with Radar,0,0,0,0,0,0,255,4,0,259,0,255,4,0,259,18,0,18,277
07/23/2023,GCN,AZ,AWP,WE,Towers with Radar,0,0,2,0,2,0,230,8,0,238,0,230,10,0,240,6,0,6,246
07/24/2023,GCN,AZ,AWP,WE,Towers with Radar,0,0,3,2,5,0,184,10,0,194,0,184,13,2,199,2,0,2,201
07/25/2023,GCN,AZ,AWP,WE,Towers with Radar,0,0,0,0,0,0,292,9,0,301,0,292,9,0,301,0,0,0,301
07/26/2023,GCN,AZ,AWP,WE,Towers with Radar,0,1,3,0,4,0,228,20,0,248,0,229,23,0,252,0,0,0,252
07/27/2023,GCN,AZ,AWP,WE,Towers with Radar,0,0,2,0,2,0,274,18,0,292,0,274,20,0,294,0,0,0,294
07/28/2023,GCN,AZ,AWP,WE,Towers with Radar,0,0,1,0,1,0,212,7,0,219,0,212,8,0,220,2,0,2,222
07/29/2023,GCN,AZ,AWP,WE,Towers with Radar,0,0,3,0,3,0,239,2,0,241,0,239,5,0,244,0,0,0,244
07/30/2023,GCN,AZ,AWP,WE,Towers with Radar,0,0,0,1,1,0,226,7,0,233,0,226,7,1,234,0,0,0,234
07/31/2023,GCN,AZ,AWP,WE,Towers with Radar,0,8,0,0,8,0,299,14,3,316,0,307,14,3,324,0,0,0,324
08/01/2023,GCN,AZ,AWP,WE,Towers with Radar,0,3,1,0,4,0,292,8,2,302,0,295,9,2,306,0,0,0,306
08/02/2023,GCN,AZ,AWP,WE,Towers with Radar,0,3,1,0,4,0,175,10,2,187,0,178,11,2,191,0,14,14,205
08/03/2023,GCN,AZ,AWP,WE,Towers with Radar,0,5,11,0,16,0,357,13,0,370,0,362,24,0,386,0,0,0,386
08/04/2023,GCN,AZ,AWP,WE,Towers with Radar,0,0,0,0,0,0,324,15,2,341,0,324,15,2,341,0,0,0,341
08/05/2023,GCN,AZ,AWP,WE,Towers with Radar,0,0,0,0,0,0,304,6,0,310,0,304,6,0,310,4,0,4,314
08/06/2023,GCN,AZ,AWP,WE,Towers with Radar,0,0,2,4,6,0,283,8,0,291,0,283,10,4,297,7,0,7,304
08/07/2023,GCN,AZ,AWP,WE,Towers with Radar,0,0,3,1,4,0,213,7,1,221,0,213,10,2,225,13,0,13,238
08/08/2023,GCN,AZ,AWP,WE,Towers with Radar,0,4,4,5,13,0,63,9,1,73,0,67,13,6,86,0,0,0,86
08/09/2023,GCN,AZ,AWP,WE,Towers with Radar,0,0,2,0,2,0,305,4,0,309,0,305,6,0,311,0,0,0,311
08/10/2023,GCN,AZ,AWP,WE,Towers with Radar,0,0,3,0,3,0,357,6,0,363,0,357,9,0,366,0,0,0,366
08/11/2023,GCN,AZ,AWP,WE,Towers with Radar,0,0,2,0,2,0,370,8,0,378,0,370,10,0,380,0,0,0,380
08/12/2023,GCN,AZ,AWP,WE,Towers with Radar,0,0,2,0,2,0,252,9,0,261,0,252,11,0,263,0,0,0,263
08/13/2023,GCN,AZ,AWP,WE,Towers with Radar,0,0,2,0,2,0,282,17,0,299,0,282,19,0,301,13,0,13,314
08/14/2023,GCN,AZ,AWP,WE,Towers with Radar,0,0,0,0,0,0,283,7,0,290,0,283,7,0,290,0,0,0,290
08/15/2023,GCN,AZ,AWP,WE,Towers with Radar,0,0,0,0,0,0,248,16,0,264,0,248,16,0,264,0,0,0,264
08/16/2023,GCN,AZ,AWP,WE,Towers with Radar,0,1,1,0,2,0,326,9,0,335,0,327,10,0,337,0,0,0,337
08/17/2023,GCN,AZ,AWP,WE,Towers with Radar,0,5,1,0,6,0,318,5,0,323,0,323,6,0,329,0,0,0,329
08/18/2023,GCN,AZ,AWP,WE,Towers with Radar,0,0,0,0,0,0,297,1,2,300,0,297,1,2,300,0,0,0,300
08/19/2023,GCN,AZ,AWP,WE,Towers with Radar,0,0,0,2,2,0,233,0,0,233,0,233,0,2,235,0,0,0,235
08/20/2023,GCN,AZ,AWP,WE,Towers with Radar,0,0,1,0,1,0,264,1,0,265,0,264,2,0,266,0,0,0,266
08/21/2023,GCN,AZ,AWP,WE,Towers with Radar,0,0,4,0,4,0,17,1,0,18,0,17,5,0,22,0,0,0,22
08/22/2023,GCN,AZ,AWP,WE,Towers with Radar,0,0,0,0,0,0,173,1,0,174,0,173,1,0,174,0,0,0,174
08/23/2023,GCN,AZ,AWP,WE,Towers with Radar,0,0,3,0,3,0,205,7,0,212,0,205,10,0,215,8,0,8,223
08/24/2023,GCN,AZ,AWP,WE,Towers with Radar,0,0,2,0,2,0,75,0,0,75,0,75,2,0,77,0,0,0,77
08/25/2023,GCN,AZ,AWP,WE,Towers with Radar,0,3,4,1,8,0,252,4,0,256,0,255,8,1,264,10,3,13,277
08/26/2023,GCN,AZ,AWP,WE,Towers with Radar,0,2,1,2,5,0,197,9,0,206,0,199,10,2,211,0,0,0,211
08/27/2023,GCN,AZ,AWP,WE,Towers with Radar,0,0,4,0,4,0,203,4,0,207,0,203,8,0,211,7,0,7,218
08/28/2023,GCN,AZ,AWP,WE,Towers with Radar,0,0,2,5,7,0,187,11,3,201,0,187,13,8,208,0,0,0,208
08/29/2023,GCN,AZ,AWP,WE,Towers with Radar,0,2,0,0,2,0,201,6,0,207,0,203,6,0,209,3,0,3,212
08/30/2023,GCN,AZ,AWP,WE,Towers with Radar,0,1,0,2,3,0,159,7,0,166,0,160,7,2,169,0,0,0,169
08/31/2023,GCN,AZ,AWP,WE,Towers with Radar,0,1,2,0,3,0,185,7,5,197,0,186,9,5,200,0,0,0,200
01/01/2020,GCN,AZ,AWP,WE,Towers with Radar,0,4,4,0,8,0,154,12,0,166,0,158,16,0,174,0,0,0,174
01/02/2020,GCN,AZ,AWP,WE,Towers with Radar,0,4,4,0,8,0,186,3,0,189,0,190,7,0,197,0,0,0,197
01/03/2020,GCN,AZ,AWP,WE,Towers with Radar,0,4,2,0,6,0,140,12,0,152,0,144,14,0,158,0,0,0,158
01/04/2020,GCN,AZ,AWP,WE,Towers with Radar,0,0,3,0,3,0,104,7,0,111,0,104,10,0,114,4,0,4,118
01/05/2020,GCN,AZ,AWP,WE,Towers with Radar,0,0,4,0,4,0,113,7,0,120,0,113,11,0,124,0,0,0,124
01/06/2020,GCN,AZ,AWP,WE,Towers with Radar,0,3,0,1,4,0,74,4,0,78,0,77,4,1,82,0,2,2,84
01/07/2020,GCN,AZ,AWP,WE,Towers with Radar,0,0,0,0,0,0,57,6,0,63,0,57,6,0,63,0,0,0,63
01/08/2020,GCN,AZ,AWP,WE,Towers with Radar,0,1,2,0,3,0,78,4,0,82,0,79,6,0,85,0,0,0,85
01/09/2020,GCN,AZ,AWP,WE,Towers with Radar,0,9,3,0,12,0,85,0,0,85,0,94,3,0,97,14,0,14,111
01/10/2020,GCN,AZ,AWP,WE,Towers with Radar,0,0,2,4,6,0,67,6,0,73,0,67,8,4,79,0,0,0,79
01/11/2020,GCN,AZ,AWP,WE,Towers with Radar,0,0,0,0,0,0,78,4,0,82,0,78,4,0,82,0,0,0,82
01/12/2020,GCN,AZ,AWP,WE,Towers with Radar,0,0,1,0,1,0,70,4,0,74,0,70,5,0,75,0,0,0,75
01/13/2020,GCN,AZ,AWP,WE,Towers with Radar,0,0,0,2,2,0,70,7,2,79,0,70,7,4,81,0,0,0,81
01/14/2020,GCN,AZ,AWP,WE,Towers with Radar,0,0,0,0,0,0,56,6,0,62,0,56,6,0,62,13,0,13,75
01/15/2020,GCN,AZ,AWP,WE,Towers with Radar,0,0,0,0,0,0,65,8,0,73,0,65,8,0,73,6,0,6,79
01/16/2020,GCN,AZ,AWP,WE,Towers with Radar,0,0,1,0,1,0,88,3,0,91,0,88,4,0,92,8,0,8,100
01/17/2020,GCN,AZ,AWP,WE,Towers with Radar,0,2,4,0,6,0,56,1,0,57,0,58,5,0,63,0,0,0,63
01/18/2020,GCN,AZ,AWP,WE,Towers with Radar,0,0,0,2,2,0,97,8,0,105,0,97,8,2,107,12,4,16,123
01/19/2020,GCN,AZ,AWP,WE,Towers with Radar,0,0,2,0,2,0,80,13,0,93,0,80,15,0,95,22,0,22,117
01/20/2020,GCN,AZ,AWP,WE,Towers with Radar,0,4,2,0,6,0,89,12,0,101,0,93,14,0,107,0,0,0,107
01/21/2020,GCN,AZ,AWP,WE,Towers with Radar,0,2,1,0,3,0,0,0,0,0,0,2,1,0,3,0,0,0,3
01/22/2020,GCN,AZ,AWP,WE,Towers with Radar,0,12,3,0,15,0,75,1,0,76,0,87,4,0,91,0,0,0,91
01/23/2020,GCN,AZ,AWP,WE,Towers with Radar,0,3,7,0,10,0,148,6,0,154,0,151,13,0,164,4,0,4,168
01/24/2020,GCN,AZ,AWP,WE,Towers with Radar,0,2,5,0,7,0,109,10,0,119,0,111,15,0,126,0,0,0,126
01/25/2020,GCN,AZ,AWP,WE,Towers with Radar,0,3,1,0,4,0,106,14,2,122,0,109,15,2,126,16,0,16,142
01/26/2020,GCN,AZ,AWP,WE,Towers with Radar,0,0,0,2,2,0,154,7,4,165,0,154,7,6,167,2,0,2,169
01/27/2020,GCN,AZ,AWP,WE,Towers with Radar,0,0,0,6,6,0,117,4,0,121,0,117,4,6,127,0,0,0,127
01/28/2020,GCN,AZ,AWP,WE,Towers with Radar,0,4,4,9,17,0,96,6,2,104,0,100,10,11,121,13,4,17,138
01/29/2020,GCN,AZ,AWP,WE,Towers with Radar,0,1,0,0,1,0,134,0,0,134,0,135,0,0,135,9,0,9,144
01/30/2020,GCN,AZ,AWP,WE,Towers with Radar,0,3,3,0,6,0,103,1,2,106,0,106,4,2,112,0,4,4,116
01/31/2020,GCN,AZ,AWP,WE,Towers with Radar,0,2,1,0,3,0,94,4,0,98,0,96,5,0,101,0,0,0,101
02/01/2020,GCN,AZ,AWP,WE,Towers with Radar,0,2,11,0,13,0,73,22,0,95,0,75,33,0,108,6,0,6,114
02/02/2020,GCN,AZ,AWP,WE,Towers with Radar,0,2,0,0,2,0,101,4,0,105,0,103,4,0,107,40,0,40,147
02/03/2020,GCN,AZ,AWP,WE,Towers with Radar,0,0,0,2,2,0,8,0,0,8,0,8,0,2,10,0,0,0,10
02/04/2020,GCN,AZ,AWP,WE,Towers with Radar,0,0,2,2,4,0,94,2,0,96,0,94,4,2,100,0,6,6,106
02/05/2020,GCN,AZ,AWP,WE,Towers with Radar,0,0,6,0,6,0,103,43,2,148,0,103,49,2,154,39,0,39,193
02/06/2020,GCN,AZ,AWP,WE,Towers with Radar,0,3,7,0,10,0,99,9,0,108,0,102,16,0,118,22,0,22,140
02/07/2020,GCN,AZ,AWP,WE,Towers with Radar,0,3,6,0,9,0,94,7,0,101,0,97,13,0,110,56,0,56,166
02/08/2020,GCN,AZ,AWP,WE,Towers with Radar,0,1,1,0,2,0,67,11,0,78,0,68,12,0,80,52,0,52,132
02/09/2020,GCN,AZ,AWP,WE,Towers with Radar,0,3,0,0,3,0,82,3,0,85,0,85,3,0,88,0,0,0,88
02/10/2020,GCN,AZ,AWP,WE,Towers with Radar,0,2,0,4,6,0,66,1,0,67,0,68,1,4,73,104,0,104,177
02/11/2020,GCN,AZ,AWP,WE,Towers with Radar,0,0,1,0,1,0,73,11,0,84,0,73,12,0,85,2,0,2,87
02/12/2020,GCN,AZ,AWP,WE,Towers with Radar,0,1,0,0,1,0,100,8,0,108,0,101,8,0,109,86,10,96,205
02/13/2020,GCN,AZ,AWP,WE,Towers with Radar,0,2,1,1,4,0,121,7,0,128,0,123,8,1,132,88,16,104,236
02/14/2020,GCN,AZ,AWP,WE,Towers with Radar,0,4,2,0,6,0,94,11,0,105,0,98,13,0,111,20,0,20,131
02/15/2020,GCN,AZ,AWP,WE,Towers with Radar,0,0,3,2,5,0,100,24,1,125,0,100,27,3,130,76,0,76,206
02/16/2020,GCN,AZ,AWP,WE,Towers with Radar,0,4,1,0,5,0,130,12,0,142,0,134,13,0,147,0,2,2,149
02/17/2020,GCN,AZ,AWP,WE,Towers with Radar,0,0,4,2,6,0,115,7,0,122,0,115,11,2,128,2,2,4,132
02/18/2020,GCN,AZ,AWP,WE,Towers with Radar,0,0,2,4,6,0,108,4,0,112,0,108,6,4,118,50,6,56,174
02/19/2020,GCN,AZ,AWP,WE,Towers with Radar,0,1,3,0,4,0,126,13,1,140,0,127,16,1,144,1,10,11,155
02/20/2020,GCN,AZ,AWP,WE,Towers with Radar,0,2,0,0,2,0,111,8,0,119,0,113,8,0,121,18,0,18,139
02/21/2020,GCN,AZ,AWP,WE,Towers with Radar,0,4,0,0,4,0,118,11,0,129,0,122,11,0,133,25,0,25,158
02/22/2020,GCN,AZ,AWP,WE,Towers with Radar,0,13,2,0,15,0,23,0,0,23,0,36,2,0,38,0,0,0,38
02/23/2020,GCN,AZ,AWP,WE,Towers with Radar,0,3,0,0,3,0,37,3,0,40,0,40,3,0,43,2,0,2,45
02/24/2020,GCN,AZ,AWP,WE,Towers with Radar,0,11,1,0,12,0,67,8,0,75,0,78,9,0,87,2,0,2,89
02/25/2020,GCN,AZ,AWP,WE,Towers with Radar,0,0,2,4,6,0,88,9,0,97,0,88,11,4,103,0,11,11,114
02/26/2020,GCN,AZ,AWP,WE,Towers with Radar,0,0,6,2,8,0,99,8,0,107,0,99,14,2,115,0,0,0,115
02/27/2020,GCN,AZ,AWP,WE,Towers with Radar,0,0,4,0,4,0,106,9,0,115,0,106,13,0,119,10,0,10,129
02/28/2020,GCN,AZ,AWP,WE,Towers with Radar,0,2,5,0,7,0,104,9,0,113,0,106,14,0,120,19,0,19,139
02/29/2020,GCN,AZ,AWP,WE,Towers with Radar,0,4,2,1,7,1,103,26,0,130,1,107,28,1,137,12,0,12,149
03/01/2020,GCN,AZ,AWP,WE,Towers with Radar,0,1,7,0,8,0,70,6,0,76,0,71,13,0,84,5,0,5,89
03/02/2020,GCN,AZ,AWP,WE,Towers with Radar,0,2,0,0,2,0,83,4,0,87,0,85,4,0,89,0,0,0,89
03/03/2020,GCN,AZ,AWP,WE,Towers with Radar,0,0,6,1,7,0,95,10,0,105,0,95,16,1,112,4,0,4,116
03/04/2020,GCN,AZ,AWP,WE,Towers with Radar,0,6,3,0,9,0,101,19,5,125,0,107,22,5,134,28,0,28,162
03/05/2020,GCN,AZ,AWP,WE,Towers with Radar,0,5,1,0,6,0,106,16,2,124,0,111,17,2,130,12,14,26,156
03/06/2020,GCN,AZ,AWP,WE,Towers with Radar,0,0,17,0,17,0,76,8,0,84,0,76,25,0,101,24,0,24,125
03/07/2020,GCN,AZ,AWP,WE,Towers with Radar,0,0,8,0,8,0,91,3,0,94,0,91,11,0,102,0,0,0,102
03/08/2020,GCN,AZ,AWP,WE,Towers with Radar,0,2,0,0,2,0,88,6,0,94,0,90,6,0,96,34,0,34,130
03/09/2020,GCN,AZ,AWP,WE,Towers with Radar,0,0,4,0,4,0,163,9,0,172,0,163,13,0,176,2,0,2,178
03/10/2020,GCN,AZ,AWP,WE,Towers with Radar,0,22,0,0,22,0,1,0,0,1,0,23,0,0,23,0,0,0,23
03/11/2020,GCN,AZ,AWP,WE,Towers with Radar,0,1,4,0,5,0,20,1,0,21,0,21,5,0,26,62,0,62,88
03/12/2020,GCN,AZ,AWP,WE,Towers with Radar,0,1,2,0,3,0,104,13,0,117,0,105,15,0,120,0,0,0,120
03/13/2020,GCN,AZ,AWP,WE,Towers with Radar,0,0,1,0,1,0,7,0,0,7,0,7,1,0,8,0,0,0,8
03/14/2020,GCN,AZ,AWP,WE,Towers with Radar,0,0,5,0,5,0,56,0,0,56,0,56,5,0,61,0,0,0,61
03/15/2020,GCN,AZ,AWP,WE,Towers with Radar,0,1,1,0,2,0,143,5,0,148,0,144,6,0,150,0,0,0,150
03/16/2020,GCN,AZ,AWP,WE,Towers with Radar,0,0,3,0,3,0,144,7,0,151,0,144,10,0,154,5,0,5,159
03/17/2020,GCN,AZ,AWP,WE,Towers with Radar,0,0,3,0,3,0,74,4,2,80,0,74,7,2,83,4,2,6,89
03/18/2020,GCN,AZ,AWP,WE,Towers with Radar,0,0,0,0,0,0,18,0,0,18,0,18,0,0,18,2,0,2,20
03/19/2020,GCN,AZ,AWP,WE,Towers with Radar,0,0,0,0,0,0,4,0,0,4,0,4,0,0,4,26,0,26,30
03/20/2020,GCN,AZ,AWP,WE,Towers with Radar,0,3,1,0,4,0,31,0,0,31,0,34,1,0,35,0,0,0,35
03/21/2020,GCN,AZ,AWP,WE,Towers with Radar,0,0,2,0,2,0,14,5,0,19,0,14,7,0,21,0,0,0,21
03/22/2020,GCN,AZ,AWP,WE,Towers with Radar,0,0,4,0,4,0,12,4,0,16,0,12,8,0,20,10,0,10,30
03/23/2020,GCN,AZ,AWP,WE,Towers with Radar,0,0,2,2,4,0,4,3,0,7,0,4,5,2,11,14,0,14,25
03/24/2020,GCN,AZ,AWP,WE,Towers with Radar,0,2,3,0,5,0,59,3,0,62,0,61,6,0,67,64,0,64,131
03/25/2020,GCN,AZ,AWP,WE,Towers with Radar,0,0,0,0,0,0,11,2,0,13,0,11,2,0,13,38,0,38,51
03/26/2020,GCN,AZ,AWP,WE,Towers with Radar,0,0,0,1,1,0,19,7,1,27,0,19,7,2,28,20,0,20,48
03/27/2020,GCN,AZ,AWP,WE,Towers with Radar,0,0,0,0,0,0,0,0,0,0,0,0,0,0,0,0,0,0,0
03/28/2020,GCN,AZ,AWP,WE,Towers with Radar,0,0,12,0,12,0,7,12,0,19,0,7,24,0,31,42,0,42,73
03/29/2020,GCN,AZ,AWP,WE,Towers with Radar,0,0,0,0,0,0,5,0,0,5,0,5,0,0,5,10,0,10,15
03/30/2020,GCN,AZ,AWP,WE,Towers with Radar,0,0,2,2,4,0,8,7,0,15,0,8,9,2,19,24,0,24,43
03/31/2020,GCN,AZ,AWP,WE,Towers with Radar,0,4,5,0,9,0,8,2,2,12,0,12,7,2,21,0,0,0,21
04/01/2020,GCN,AZ,AWP,WE,Towers with Radar,0,0,0,0,0,0,1,6,0,7,0,1,6,0,7,16,0,16,23
04/02/2020,GCN,AZ,AWP,WE,Towers with Radar,0,0,2,0,2,0,3,2,2,7,0,3,4,2,9,0,0,0,9
04/03/2020,GCN,AZ,AWP,WE,Towers with Radar,0,7,7,0,14,0,1,3,0,4,0,8,10,0,18,49,0,49,67
04/04/2020,GCN,AZ,AWP,WE,Towers with Radar,0,0,0,0,0,0,2,4,0,6,0,2,4,0,6,0,0,0,6
04/05/2020,GCN,AZ,AWP,WE,Towers with Radar,0,0,0,0,0,0,0,2,0,2,0,0,2,0,2,0,0,0,2
04/06/2020,GCN,AZ,AWP,WE,Towers with Radar,0,0,0,4,4,0,3,1,1,5,0,3,1,5,9,11,0,11,20
04/07/2020,GCN,AZ,AWP,WE,Towers with Radar,0,0,3,0,3,0,13,0,0,13,0,13,3,0,16,29,0,29,45
04/08/2020,GCN,AZ,AWP,WE,Towers with Radar,0,0,0,3,3,0,6,0,0,6,0,6,0,3,9,8,2,10,19
04/09/2020,GCN,AZ,AWP,WE,Towers with Radar,0,0,0,4,4,0,7,0,0,7,0,7,0,4,11,85,18,103,114
04/10/2020,GCN,AZ,AWP,WE,Towers with Radar,0,0,2,2,4,0,8,5,4,17,0,8,7,6,21,27,7,34,55
04/11/2020,GCN,AZ,AWP,WE,Towers with Radar,0,0,0,0,0,0,0,2,0,2,0,0,2,0,2,0,0,0,2
04/12/2020,GCN,AZ,AWP,WE,Towers with Radar,0,0,0,0,0,0,0,0,0,0,0,0,0,0,0,0,0,0,0
04/13/2020,GCN,AZ,AWP,WE,Towers with Radar,0,0,2,2,4,0,0,0,0,0,0,0,2,2,4,0,0,0,4
04/14/2020,GCN,AZ,AWP,WE,Towers with Radar,0,0,1,5,6,0,7,3,0,10,0,7,4,5,16,10,0,10,26
04/15/2020,GCN,AZ,AWP,WE,Towers with Radar,0,0,0,4,4,0,4,2,0,6,0,4,2,4,10,0,0,0,10
04/16/2020,GCN,AZ,AWP,WE,Towers with Radar,0,0,6,0,6,0,3,0,0,3,0,3,6,0,9,12,0,12,21
04/17/2020,GCN,AZ,AWP,WE,Towers with Radar,0,0,0,4,4,0,11,7,1,19,0,11,7,5,23,0,18,18,41
04/18/2020,GCN,AZ,AWP,WE,Towers with Radar,0,0,1,2,3,0,4,5,0,9,0,4,6,2,12,6,0,6,18
04/19/2020,GCN,AZ,AWP,WE,Towers with Radar,0,0,2,0,2,0,20,16,0,36,0,20,18,0,38,27,0,27,65
04/20/2020,GCN,AZ,AWP,WE,Towers with Radar,0,1,0,0,1,0,5,4,4,13,0,6,4,4,14,12,0,12,26
04/21/2020,GCN,AZ,AWP,WE,Towers with Radar,0,0,0,0,0,0,4,0,0,4,0,4,0,0,4,0,0,0,4
04/22/2020,GCN,AZ,AWP,WE,Towers with Radar,0,1,0,0,1,0,1,2,0,3,0,2,2,0,4,0,0,0,4
04/23/2020,GCN,AZ,AWP,WE,Towers with Radar,0,7,1,0,8,0,8,2,0,10,0,15,3,0,18,2,0,2,20
04/24/2020,GCN,AZ,AWP,WE,Towers with Radar,0,0,6,4,10,0,10,3,0,13,0,10,9,4,23,88,0,88,111
04/25/2020,GCN,AZ,AWP,WE,Towers with Radar,0,0,2,0,2,0,2,5,0,7,0,2,7,0,9,0,0,0,9
04/26/2020,GCN,AZ,AWP,WE,Towers with Radar,0,0,0,0,0,0,2,1,1,4,0,2,1,1,4,0,0,0,4
04/27/2020,GCN,AZ,AWP,WE,Towers with Radar,0,2,1,0,3,0,22,13,1,36,0,24,14,1,39,44,2,46,85
04/28/2020,GCN,AZ,AWP,WE,Towers with Radar,0,0,0,2,2,0,4,3,0,7,0,4,3,2,9,2,0,2,11
04/29/2020,GCN,AZ,AWP,WE,Towers with Radar,0,0,0,0,0,0,6,9,0,15,0,6,9,0,15,0,0,0,15
04/30/2020,GCN,AZ,AWP,WE,Towers with Radar,0,0,0,0,0,0,6,5,0,11,0,6,5,0,11,0,0,0,11
05/01/2020,GCN,AZ,AWP,WE,Towers with Radar,0,0,0,0,0,0,2,0,2,4,0,2,0,2,4,0,0,0,4
05/02/2020,GCN,AZ,AWP,WE,Towers with Radar,0,0,0,0,0,0,6,0,0,6,0,6,0,0,6,0,0,0,6
05/03/2020,GCN,AZ,AWP,WE,Towers with Radar,0,0,1,0,1,0,0,5,0,5,0,0,6,0,6,0,0,0,6
05/04/2020,GCN,AZ,AWP,WE,Towers with Radar,0,0,2,0,2,0,0,2,2,4,0,0,4,2,6,2,0,2,8
05/05/2020,GCN,AZ,AWP,WE,Towers with Radar,0,0,0,0,0,0,4,6,0,10,0,4,6,0,10,0,0,0,10
05/06/2020,GCN,AZ,AWP,WE,Towers with Radar,0,0,0,0,0,0,1,0,0,1,0,1,0,0,1,0,0,0,1
05/07/2020,GCN,AZ,AWP,WE,Towers with Radar,0,0,2,2,4,0,8,0,0,8,0,8,2,2,12,0,0,0,12
05/08/2020,GCN,AZ,AWP,WE,Towers with Radar,0,0,0,0,0,0,3,3,0,6,0,3,3,0,6,0,0,0,6
05/09/2020,GCN,AZ,AWP,WE,Towers with Radar,0,0,0,0,0,0,0,4,0,4,0,0,4,0,4,4,0,4,8
05/10/2020,GCN,AZ,AWP,WE,Towers with Radar,0,0,2,0,2,0,0,3,0,3,0,0,5,0,5,0,0,0,5
05/11/2020,GCN,AZ,AWP,WE,Towers with Radar,0,0,0,0,0,0,3,0,8,11,0,3,0,8,11,0,4,4,15
05/12/2020,GCN,AZ,AWP,WE,Towers with Radar,0,0,2,0,2,0,2,3,2,7,0,2,5,2,9,0,0,0,9
05/13/2020,GCN,AZ,AWP,WE,Towers with Radar,0,0,0,0,0,0,4,0,2,6,0,4,0,2,6,0,0,0,6
05/14/2020,GCN,AZ,AWP,WE,Towers with Radar,0,0,0,0,0,0,2,0,1,3,0,2,0,1,3,0,4,4,7
05/15/2020,GCN,AZ,AWP,WE,Towers with Radar,0,0,0,0,0,0,9,0,2,11,0,9,0,2,11,0,0,0,11
05/16/2020,GCN,AZ,AWP,WE,Towers with Radar,0,0,0,0,0,0,14,1,0,15,0,14,1,0,15,0,0,0,15
05/17/2020,GCN,AZ,AWP,WE,Towers with Radar,0,0,0,0,0,0,9,2,0,11,0,9,2,0,11,0,0,0,11
05/18/2020,GCN,AZ,AWP,WE,Towers with Radar,0,0,0,0,0,0,12,5,0,17,0,12,5,0,17,0,0,0,17
05/19/2020,GCN,AZ,AWP,WE,Towers with Radar,0,0,0,0,0,0,2,0,0,2,0,2,0,0,2,0,0,0,2
05/20/2020,GCN,AZ,AWP,WE,Towers with Radar,0,0,0,0,0,0,5,4,2,11,0,5,4,2,11,0,0,0,11
05/21/2020,GCN,AZ,AWP,WE,Towers with Radar,0,2,3,0,5,0,8,11,0,19,0,10,14,0,24,0,0,0,24
05/22/2020,GCN,AZ,AWP,WE,Towers with Radar,0,0,0,0,0,7,15,6,0,28,7,15,6,0,28,50,0,50,78
05/23/2020,GCN,AZ,AWP,WE,Towers with Radar,0,0,0,0,0,0,41,7,0,48,0,41,7,0,48,0,0,0,48
05/24/2020,GCN,AZ,AWP,WE,Towers with Radar,0,0,2,0,2,0,52,6,0,58,0,52,8,0,60,2,0,2,62
05/25/2020,GCN,AZ,AWP,WE,Towers with Radar,0,0,7,0,7,0,55,5,0,60,0,55,12,0,67,0,0,0,67
05/26/2020,GCN,AZ,AWP,WE,Towers with Radar,0,0,4,0,4,0,25,7,0,32,0,25,11,0,36,2,0,2,38
05/27/2020,GCN,AZ,AWP,WE,Towers with Radar,0,0,0,0,0,0,22,1,0,23,0,22,1,0,23,0,12,12,35
05/28/2020,GCN,AZ,AWP,WE,Towers with Radar,0,2,4,0,6,0,18,5,0,23,0,20,9,0,29,0,0,0,29
05/29/2020,GCN,AZ,AWP,WE,Towers with Radar,0,0,3,0,3,0,20,10,0,30,0,20,13,0,33,24,0,24,57
05/30/2020,GCN,AZ,AWP,WE,Towers with Radar,0,0,0,0,0,0,22,2,0,24,0,22,2,0,24,0,0,0,24
05/31/2020,GCN,AZ,AWP,WE,Towers with Radar,0,0,0,1,1,0,36,3,2,41,0,36,3,3,42,14,4,18,60
06/01/2020,GCN,AZ,AWP,WE,Towers with Radar,0,0,6,0,6,0,27,3,0,30,0,27,9,0,36,6,0,6,42
06/02/2020,GCN,AZ,AWP,WE,Towers with Radar,0,0,6,0,6,0,31,5,0,36,0,31,11,0,42,12,0,12,54
06/03/2020,GCN,AZ,AWP,WE,Towers with Radar,0,0,2,0,2,0,26,1,2,29,0,26,3,2,31,0,0,0,31
06/04/2020,GCN,AZ,AWP,WE,Towers with Radar,0,0,0,0,0,0,27,4,0,31,0,27,4,0,31,0,0,0,31
06/05/2020,GCN,AZ,AWP,WE,Towers with Radar,0,0,3,0,3,0,16,6,0,22,0,16,9,0,25,10,0,10,35
06/06/2020,GCN,AZ,AWP,WE,Towers with Radar,0,0,2,0,2,0,30,8,0,38,0,30,10,0,40,0,0,0,40
06/07/2020,GCN,AZ,AWP,WE,Towers with Radar,0,0,0,0,0,0,24,3,0,27,0,24,3,0,27,0,0,0,27
06/08/2020,GCN,AZ,AWP,WE,Towers with Radar,0,1,4,0,5,0,12,4,2,18,0,13,8,2,23,0,22,22,45
06/09/2020,GCN,AZ,AWP,WE,Towers with Radar,0,2,0,0,2,0,32,11,0,43,0,34,11,0,45,26,0,26,71
06/10/2020,GCN,AZ,AWP,WE,Towers with Radar,0,3,8,4,15,0,25,14,0,39,0,28,22,4,54,22,2,24,78
06/11/2020,GCN,AZ,AWP,WE,Towers with Radar,0,0,0,0,0,0,31,5,0,36,0,31,5,0,36,30,0,30,66
06/12/2020,GCN,AZ,AWP,WE,Towers with Radar,0,0,1,0,1,0,49,5,0,54,0,49,6,0,55,0,0,0,55
06/13/2020,GCN,AZ,AWP,WE,Towers with Radar,0,1,1,0,2,0,29,1,0,30,0,30,2,0,32,0,0,0,32
06/14/2020,GCN,AZ,AWP,WE,Towers with Radar,0,0,0,0,0,0,62,8,0,70,0,62,8,0,70,0,0,0,70
06/15/2020,GCN,AZ,AWP,WE,Towers with Radar,0,0,1,2,3,0,54,3,0,57,0,54,4,2,60,6,4,10,70
06/16/2020,GCN,AZ,AWP,WE,Towers with Radar,0,0,1,2,3,0,32,3,0,35,0,32,4,2,38,0,10,10,48
06/17/2020,GCN,AZ,AWP,WE,Towers with Radar,0,0,5,0,5,0,42,7,0,49,0,42,12,0,54,2,0,2,56
06/18/2020,GCN,AZ,AWP,WE,Towers with Radar,0,0,0,0,0,0,40,8,0,48,0,40,8,0,48,10,0,10,58
06/19/2020,GCN,AZ,AWP,WE,Towers with Radar,0,0,2,0,2,0,46,6,0,52,0,46,8,0,54,0,0,0,54
06/20/2020,GCN,AZ,AWP,WE,Towers with Radar,0,0,0,0,0,0,53,2,0,55,0,53,2,0,55,0,0,0,55
06/21/2020,GCN,AZ,AWP,WE,Towers with Radar,0,0,4,0,4,0,48,1,0,49,0,48,5,0,53,0,0,0,53
06/22/2020,GCN,AZ,AWP,WE,Towers with Radar,0,0,0,1,1,0,52,3,1,56,0,52,3,2,57,0,6,6,63
06/23/2020,GCN,AZ,AWP,WE,Towers with Radar,0,0,5,0,5,0,58,9,0,67,0,58,14,0,72,20,0,20,92
06/24/2020,GCN,AZ,AWP,WE,Towers with Radar,0,0,1,3,4,0,53,4,5,62,0,53,5,8,66,0,2,2,68
06/25/2020,GCN,AZ,AWP,WE,Towers with Radar,0,1,5,4,10,0,62,15,0,77,0,63,20,4,87,0,0,0,87
06/26/2020,GCN,AZ,AWP,WE,Towers with Radar,0,0,0,0,0,0,62,7,0,69,0,62,7,0,69,6,0,6,75
06/27/2020,GCN,AZ,AWP,WE,Towers with Radar,0,2,2,0,4,0,70,7,0,77,0,72,9,0,81,2,0,2,83
06/28/2020,GCN,AZ,AWP,WE,Towers with Radar,0,1,0,0,1,0,30,0,0,30,0,31,0,0,31,0,0,0,31
06/29/2020,GCN,AZ,AWP,WE,Towers with Radar,0,0,2,0,2,0,13,1,0,14,0,13,3,0,16,0,0,0,16
06/30/2020,GCN,AZ,AWP,WE,Towers with Radar,0,1,0,3,4,0,61,5,2,68,0,62,5,5,72,1,0,1,73
07/01/2020,GCN,AZ,AWP,WE,Towers with Radar,0,0,3,0,3,0,60,6,0,66,0,60,9,0,69,19,0,19,88
07/02/2020,GCN,AZ,AWP,WE,Towers with Radar,0,0,0,3,3,0,57,0,1,58,0,57,0,4,61,22,0,22,83
07/03/2020,GCN,AZ,AWP,WE,Towers with Radar,0,1,0,0,1,0,49,4,0,53,0,50,4,0,54,2,0,2,56
07/04/2020,GCN,AZ,AWP,WE,Towers with Radar,0,0,0,0,0,0,71,6,0,77,0,71,6,0,77,0,0,0,77
07/05/2020,GCN,AZ,AWP,WE,Towers with Radar,0,0,0,0,0,0,56,4,0,60,0,56,4,0,60,0,0,0,60
07/06/2020,GCN,AZ,AWP,WE,Towers with Radar,0,0,4,0,4,0,41,0,0,41,0,41,4,0,45,0,0,0,45
07/07/2020,GCN,AZ,AWP,WE,Towers with Radar,0,0,1,0,1,0,45,6,0,51,0,45,7,0,52,0,0,0,52
07/08/2020,GCN,AZ,AWP,WE,Towers with Radar,0,0,3,0,3,0,34,2,0,36,0,34,5,0,39,0,0,0,39
07/09/2020,GCN,AZ,AWP,WE,Towers with Radar,0,0,0,0,0,0,38,3,3,44,0,38,3,3,44,2,0,2,46
07/10/2020,GCN,AZ,AWP,WE,Towers with Radar,0,1,10,0,11,0,49,7,0,56,0,50,17,0,67,0,0,0,67
07/11/2020,GCN,AZ,AWP,WE,Towers with Radar,0,0,0,0,0,0,43,12,0,55,0,43,12,0,55,0,0,0,55
07/12/2020,GCN,AZ,AWP,WE,Towers with Radar,0,0,0,0,0,0,50,0,0,50,0,50,0,0,50,0,0,0,50
07/13/2020,GCN,AZ,AWP,WE,Towers with Radar,0,0,0,0,0,0,51,2,0,53,0,51,2,0,53,0,0,0,53
07/14/2020,GCN,AZ,AWP,WE,Towers with Radar,0,0,2,0,2,0,45,4,0,49,0,45,6,0,51,10,0,10,61
07/15/2020,GCN,AZ,AWP,WE,Towers with Radar,0,0,1,0,1,0,68,6,0,74,0,68,7,0,75,0,0,0,75
07/16/2020,GCN,AZ,AWP,WE,Towers with Radar,0,0,1,4,5,0,49,8,0,57,0,49,9,4,62,2,0,2,64
07/17/2020,GCN,AZ,AWP,WE,Towers with Radar,0,0,4,0,4,0,35,8,0,43,0,35,12,0,47,6,0,6,53
07/18/2020,GCN,AZ,AWP,WE,Towers with Radar,0,0,3,0,3,0,60,4,0,64,0,60,7,0,67,0,0,0,67
07/19/2020,GCN,AZ,AWP,WE,Towers with Radar,0,0,3,0,3,0,61,13,0,74,0,61,16,0,77,0,0,0,77
07/20/2020,GCN,AZ,AWP,WE,Towers with Radar,0,0,1,1,2,0,38,8,0,46,0,38,9,1,48,10,4,14,62
07/21/2020,GCN,AZ,AWP,WE,Towers with Radar,0,0,0,0,0,0,35,5,0,40,0,35,5,0,40,12,0,12,52
07/22/2020,GCN,AZ,AWP,WE,Towers with Radar,0,0,1,0,1,0,64,11,0,75,0,64,12,0,76,11,0,11,87
07/23/2020,GCN,AZ,AWP,WE,Towers with Radar,0,0,2,0,2,0,38,10,0,48,0,38,12,0,50,0,0,0,50
07/24/2020,GCN,AZ,AWP,WE,Towers with Radar,0,0,0,2,2,0,38,5,1,44,0,38,5,3,46,12,0,12,58
07/25/2020,GCN,AZ,AWP,WE,Towers with Radar,0,0,0,0,0,0,55,4,2,61,0,55,4,2,61,2,4,6,67
07/26/2020,GCN,AZ,AWP,WE,Towers with Radar,0,0,0,0,0,0,45,6,0,51,0,45,6,0,51,0,0,0,51
07/27/2020,GCN,AZ,AWP,WE,Towers with Radar,0,0,4,0,4,0,52,3,0,55,0,52,7,0,59,0,0,0,59
07/28/2020,GCN,AZ,AWP,WE,Towers with Radar,0,1,0,0,1,0,44,2,2,48,0,45,2,2,49,12,4,16,65
07/29/2020,GCN,AZ,AWP,WE,Towers with Radar,0,2,0,0,2,0,51,6,0,57,0,53,6,0,59,10,0,10,69
07/30/2020,GCN,AZ,AWP,WE,Towers with Radar,0,2,1,1,4,0,53,4,1,58,0,55,5,2,62,13,0,13,75
07/31/2020,GCN,AZ,AWP,WE,Towers with Radar,0,0,3,0,3,0,60,1,0,61,0,60,4,0,64,0,0,0,64
08/01/2020,GCN,AZ,AWP,WE,Towers with Radar,0,0,2,2,4,0,49,2,0,51,0,49,4,2,55,0,0,0,55
08/02/2020,GCN,AZ,AWP,WE,Towers with Radar,0,0,4,2,6,0,44,2,0,46,0,44,6,2,52,0,0,0,52
08/03/2020,GCN,AZ,AWP,WE,Towers with Radar,0,0,1,0,1,0,46,47,2,95,0,46,48,2,96,0,0,0,96
08/04/2020,GCN,AZ,AWP,WE,Towers with Radar,0,0,0,0,0,0,45,1,2,48,0,45,1,2,48,0,0,0,48
08/05/2020,GCN,AZ,AWP,WE,Towers with Radar,0,0,0,0,0,0,37,8,0,45,0,37,8,0,45,0,0,0,45
08/06/2020,GCN,AZ,AWP,WE,Towers with Radar,0,0,1,0,1,0,42,3,0,45,0,42,4,0,46,0,0,0,46
08/07/2020,GCN,AZ,AWP,WE,Towers with Radar,0,0,2,0,2,0,48,8,0,56,0,48,10,0,58,0,0,0,58
08/08/2020,GCN,AZ,AWP,WE,Towers with Radar,0,0,2,0,2,0,58,5,1,64,0,58,7,1,66,0,0,0,66
08/09/2020,GCN,AZ,AWP,WE,Towers with Radar,0,1,0,0,1,0,51,6,1,58,0,52,6,1,59,0,0,0,59
08/10/2020,GCN,AZ,AWP,WE,Towers with Radar,0,1,0,0,1,0,42,2,0,44,0,43,2,0,45,0,0,0,45
08/11/2020,GCN,AZ,AWP,WE,Towers with Radar,0,0,0,3,3,0,42,1,1,44,0,42,1,4,47,0,21,21,68
08/12/2020,GCN,AZ,AWP,WE,Towers with Radar,0,2,0,0,2,0,39,5,0,44,0,41,5,0,46,18,0,18,64
08/13/2020,GCN,AZ,AWP,WE,Towers with Radar,0,0,1,0,1,0,40,6,2,48,0,40,7,2,49,11,2,13,62
08/14/2020,GCN,AZ,AWP,WE,Towers with Radar,0,2,0,0,2,0,47,6,0,53,0,49,6,0,55,14,0,14,69
08/15/2020,GCN,AZ,AWP,WE,Towers with Radar,0,0,0,0,0,10,62,7,0,79,10,62,7,0,79,0,0,0,79
08/16/2020,GCN,AZ,AWP,WE,Towers with Radar,0,0,1,0,1,0,55,1,0,56,0,55,2,0,57,6,0,6,63
08/17/2020,GCN,AZ,AWP,WE,Towers with Radar,0,0,0,0,0,0,38,5,0,43,0,38,5,0,43,0,0,0,43
08/18/2020,GCN,AZ,AWP,WE,Towers with Radar,0,0,0,2,2,0,55,5,0,60,0,55,5,2,62,0,6,6,68
08/19/2020,GCN,AZ,AWP,WE,Towers with Radar,0,0,0,0,0,0,42,6,0,48,0,42,6,0,48,10,0,10,58
08/20/2020,GCN,AZ,AWP,WE,Towers with Radar,0,0,0,0,0,0,25,4,0,29,0,25,4,0,29,2,0,2,31
08/21/2020,GCN,AZ,AWP,WE,Towers with Radar,0,0,2,0,2,0,59,7,0,66,0,59,9,0,68,14,0,14,82
08/22/2020,GCN,AZ,AWP,WE,Towers with Radar,0,5,3,0,8,0,40,14,0,54,0,45,17,0,62,0,0,0,62
08/23/2020,GCN,AZ,AWP,WE,Towers with Radar,0,2,5,0,7,0,35,6,0,41,0,37,11,0,48,0,0,0,48
08/24/2020,GCN,AZ,AWP,WE,Towers with Radar,0,0,3,0,3,0,39,5,0,44,0,39,8,0,47,12,0,12,59
08/25/2020,GCN,AZ,AWP,WE,Towers with Radar,0,0,0,0,0,0,33,4,0,37,0,33,4,0,37,0,0,0,37
08/26/2020,GCN,AZ,AWP,WE,Towers with Radar,0,0,0,0,0,0,39,4,0,43,0,39,4,0,43,11,0,11,54
08/27/2020,GCN,AZ,AWP,WE,Towers with Radar,0,0,0,2,2,0,30,6,2,38,0,30,6,4,40,0,18,18,58
08/28/2020,GCN,AZ,AWP,WE,Towers with Radar,0,0,8,0,8,0,45,6,0,51,0,45,14,0,59,0,0,0,59
08/29/2020,GCN,AZ,AWP,WE,Towers with Radar,0,0,1,0,1,0,56,7,0,63,0,56,8,0,64,0,0,0,64
08/30/2020,GCN,AZ,AWP,WE,Towers with Radar,0,0,0,0,0,0,34,4,4,42,0,34,4,4,42,0,0,0,42
08/31/2020,GCN,AZ,AWP,WE,Towers with Radar,0,0,5,0,5,0,34,3,4,41,0,34,8,4,46,0,0,0,46
09/01/2020,GCN,AZ,AWP,WE,Towers with Radar,0,0,2,0,2,0,23,2,0,25,0,23,4,0,27,6,0,6,33
09/02/2020,GCN,AZ,AWP,WE,Towers with Radar,0,0,1,0,1,0,36,3,4,43,0,36,4,4,44,0,8,8,52
09/03/2020,GCN,AZ,AWP,WE,Towers with Radar,0,0,2,0,2,0,48,1,0,49,0,48,3,0,51,0,0,0,51
09/04/2020,GCN,AZ,AWP,WE,Towers with Radar,0,0,2,0,2,0,53,9,0,62,0,53,11,0,64,9,2,11,75
09/05/2020,GCN,AZ,AWP,WE,Towers with Radar,0,0,5,0,5,0,109,10,0,119,0,109,15,0,124,0,0,0,124
09/06/2020,GCN,AZ,AWP,WE,Towers with Radar,0,0,2,0,2,0,97,5,0,102,0,97,7,0,104,0,0,0,104
09/07/2020,GCN,AZ,AWP,WE,Towers with Radar,0,0,0,0,0,0,42,4,0,46,0,42,4,0,46,0,0,0,46
09/08/2020,GCN,AZ,AWP,WE,Towers with Radar,0,0,0,1,1,0,21,1,1,23,0,21,1,2,24,0,0,0,24
09/09/2020,GCN,AZ,AWP,WE,Towers with Radar,0,0,0,0,0,0,49,2,0,51,0,49,2,0,51,0,0,0,51
09/10/2020,GCN,AZ,AWP,WE,Towers with Radar,0,0,7,0,7,0,49,7,0,56,0,49,14,0,63,0,0,0,63
09/11/2020,GCN,AZ,AWP,WE,Towers with Radar,0,0,3,1,4,0,54,10,2,66,0,54,13,3,70,10,0,10,80
09/12/2020,GCN,AZ,AWP,WE,Towers with Radar,0,0,1,0,1,0,75,14,0,89,0,75,15,0,90,0,0,0,90
09/13/2020,GCN,AZ,AWP,WE,Towers with Radar,0,0,2,0,2,0,56,15,0,71,0,56,17,0,73,0,0,0,73
09/14/2020,GCN,AZ,AWP,WE,Towers with Radar,0,0,0,0,0,0,45,15,0,60,0,45,15,0,60,0,0,0,60
09/15/2020,GCN,AZ,AWP,WE,Towers with Radar,0,2,3,0,5,0,69,5,2,76,0,71,8,2,81,0,2,2,83
09/16/2020,GCN,AZ,AWP,WE,Towers with Radar,0,5,2,1,8,0,66,5,0,71,0,71,7,1,79,14,2,16,95
09/17/2020,GCN,AZ,AWP,WE,Towers with Radar,0,3,2,0,5,0,61,15,2,78,0,64,17,2,83,10,0,10,93
09/18/2020,GCN,AZ,AWP,WE,Towers with Radar,0,0,1,0,1,0,54,8,0,62,0,54,9,0,63,0,0,0,63
09/19/2020,GCN,AZ,AWP,WE,Towers with Radar,0,2,5,0,7,0,49,5,0,54,0,51,10,0,61,2,0,2,63
09/20/2020,GCN,AZ,AWP,WE,Towers with Radar,0,0,0,0,0,0,60,6,0,66,0,60,6,0,66,0,0,0,66
09/21/2020,GCN,AZ,AWP,WE,Towers with Radar,0,0,0,2,2,0,43,4,7,54,0,43,4,9,56,5,2,7,63
09/22/2020,GCN,AZ,AWP,WE,Towers with Radar,0,0,0,2,2,0,47,1,2,50,0,47,1,4,52,0,0,0,52
09/23/2020,GCN,AZ,AWP,WE,Towers with Radar,0,0,4,0,4,0,47,11,2,60,0,47,15,2,64,31,0,31,95
09/24/2020,GCN,AZ,AWP,WE,Towers with Radar,0,0,2,0,2,0,57,6,0,63,0,57,8,0,65,0,0,0,65
09/25/2020,GCN,AZ,AWP,WE,Towers with Radar,0,2,0,0,2,0,59,5,0,64,0,61,5,0,66,0,0,0,66
09/26/2020,GCN,AZ,AWP,WE,Towers with Radar,0,2,0,0,2,0,76,7,3,86,0,78,7,3,88,0,9,9,97
09/27/2020,GCN,AZ,AWP,WE,Towers with Radar,0,0,0,0,0,0,52,10,0,62,0,52,10,0,62,2,0,2,64
09/28/2020,GCN,AZ,AWP,WE,Towers with Radar,0,2,1,3,6,0,34,6,0,40,0,36,7,3,46,0,24,24,70
09/29/2020,GCN,AZ,AWP,WE,Towers with Radar,0,0,1,2,3,0,59,5,1,65,0,59,6,3,68,0,0,0,68
09/30/2020,GCN,AZ,AWP,WE,Towers with Radar,0,2,2,6,10,0,42,8,3,53,0,44,10,9,63,4,0,4,67
10/01/2020,GCN,AZ,AWP,WE,Towers with Radar,0,0,1,0,1,0,46,8,3,57,0,46,9,3,58,0,0,0,58
10/02/2020,GCN,AZ,AWP,WE,Towers with Radar,0,0,3,1,4,0,86,11,0,97,0,86,14,1,101,0,0,0,101
10/03/2020,GCN,AZ,AWP,WE,Towers with Radar,0,2,4,0,6,0,71,22,0,93,0,73,26,0,99,16,0,16,115
10/04/2020,GCN,AZ,AWP,WE,Towers with Radar,0,0,10,0,10,0,61,6,0,67,0,61,16,0,77,0,0,0,77
10/05/2020,GCN,AZ,AWP,WE,Towers with Radar,0,0,0,3,3,0,71,8,0,79,0,71,8,3,82,12,5,17,99
10/06/2020,GCN,AZ,AWP,WE,Towers with Radar,0,1,2,0,3,0,83,9,0,92,0,84,11,0,95,7,0,7,102
10/07/2020,GCN,AZ,AWP,WE,Towers with Radar,0,2,2,0,4,0,59,7,0,66,0,61,9,0,70,12,0,12,82
10/08/2020,GCN,AZ,AWP,WE,Towers with Radar,0,1,1,0,2,0,76,16,0,92,0,77,17,0,94,18,0,18,112
10/09/2020,GCN,AZ,AWP,WE,Towers with Radar,0,2,4,0,6,0,72,11,0,83,0,74,15,0,89,22,0,22,111
10/10/2020,GCN,AZ,AWP,WE,Towers with Radar,0,0,4,1,5,0,94,11,1,106,0,94,15,2,111,0,5,5,116
10/11/2020,GCN,AZ,AWP,WE,Towers with Radar,0,0,0,0,0,0,87,8,0,95,0,87,8,0,95,0,0,0,95
10/12/2020,GCN,AZ,AWP,WE,Towers with Radar,0,0,2,0,2,0,85,13,0,98,0,85,15,0,100,0,0,0,100
10/13/2020,GCN,AZ,AWP,WE,Towers with Radar,0,0,3,1,4,0,73,10,2,85,0,73,13,3,89,2,25,27,116
10/14/2020,GCN,AZ,AWP,WE,Towers with Radar,0,0,4,0,4,0,92,10,0,102,0,92,14,0,106,2,0,2,108
10/15/2020,GCN,AZ,AWP,WE,Towers with Radar,0,2,8,2,12,0,77,10,3,90,0,79,18,5,102,0,0,0,102
10/16/2020,GCN,AZ,AWP,WE,Towers with Radar,0,3,2,0,5,0,112,10,0,122,0,115,12,0,127,0,0,0,127
10/17/2020,GCN,AZ,AWP,WE,Towers with Radar,0,11,2,0,13,0,107,16,0,123,0,118,18,0,136,12,0,12,148
10/18/2020,GCN,AZ,AWP,WE,Towers with Radar,0,2,6,0,8,0,95,8,0,103,0,97,14,0,111,1,0,1,112
10/19/2020,GCN,AZ,AWP,WE,Towers with Radar,0,0,3,2,5,0,75,8,0,83,0,75,11,2,88,0,0,0,88
10/20/2020,GCN,AZ,AWP,WE,Towers with Radar,0,4,4,1,9,0,80,8,0,88,0,84,12,1,97,0,12,12,109
10/21/2020,GCN,AZ,AWP,WE,Towers with Radar,0,1,3,4,8,0,74,5,2,81,0,75,8,6,89,16,4,20,109
10/22/2020,GCN,AZ,AWP,WE,Towers with Radar,0,0,0,3,3,0,50,3,5,58,0,50,3,8,61,14,0,14,75
10/23/2020,GCN,AZ,AWP,WE,Towers with Radar,0,2,8,1,11,0,84,27,4,115,0,86,35,5,126,0,0,0,126
10/24/2020,GCN,AZ,AWP,WE,Towers with Radar,0,0,3,0,3,0,115,10,0,125,0,115,13,0,128,0,0,0,128
10/25/2020,GCN,AZ,AWP,WE,Towers with Radar,0,0,3,2,5,0,31,4,0,35,0,31,7,2,40,0,0,0,40
10/26/2020,GCN,AZ,AWP,WE,Towers with Radar,0,0,11,2,13,0,50,3,0,53,0,50,14,2,66,0,0,0,66
10/27/2020,GCN,AZ,AWP,WE,Towers with Radar,0,0,6,0,6,0,43,14,0,57,0,43,20,0,63,3,0,3,66
10/28/2020,GCN,AZ,AWP,WE,Towers with Radar,0,0,1,0,1,0,68,3,0,71,0,68,4,0,72,5,0,5,77
10/29/2020,GCN,AZ,AWP,WE,Towers with Radar,0,0,1,0,1,0,63,7,0,70,0,63,8,0,71,54,0,54,125
10/30/2020,GCN,AZ,AWP,WE,Towers with Radar,0,0,1,2,3,0,58,23,0,81,0,58,24,2,84,73,0,73,157
10/31/2020,GCN,AZ,AWP,WE,Towers with Radar,0,0,9,0,9,0,69,25,1,95,0,69,34,1,104,68,0,68,172
11/01/2020,GCN,AZ,AWP,WE,Towers with Radar,0,7,0,0,7,0,48,13,0,61,0,55,13,0,68,0,0,0,68
11/02/2020,GCN,AZ,AWP,WE,Towers with Radar,0,0,0,0,0,0,44,2,2,48,0,44,2,2,48,0,0,0,48
11/03/2020,GCN,AZ,AWP,WE,Towers with Radar,0,2,4,1,7,0,42,11,0,53,0,44,15,1,60,0,0,0,60
11/04/2020,GCN,AZ,AWP,WE,Towers with Radar,0,0,0,0,0,0,43,16,0,59,0,43,16,0,59,34,0,34,93
11/05/2020,GCN,AZ,AWP,WE,Towers with Radar,0,0,9,1,10,0,53,18,4,75,0,53,27,5,85,6,0,6,91
11/06/2020,GCN,AZ,AWP,WE,Towers with Radar,0,0,3,1,4,0,60,7,0,67,0,60,10,1,71,0,0,0,71
11/07/2020,GCN,AZ,AWP,WE,Towers with Radar,0,0,1,0,1,0,9,1,0,10,0,9,2,0,11,0,0,0,11
11/08/2020,GCN,AZ,AWP,WE,Towers with Radar,0,0,0,4,4,0,17,0,0,17,0,17,0,4,21,0,4,4,25
11/09/2020,GCN,AZ,AWP,WE,Towers with Radar,0,0,0,0,0,0,2,0,0,2,0,2,0,0,2,0,0,0,2
11/10/2020,GCN,AZ,AWP,WE,Towers with Radar,0,1,0,0,1,0,60,7,0,67,0,61,7,0,68,13,0,13,81
11/11/2020,GCN,AZ,AWP,WE,Towers with Radar,0,0,8,0,8,0,50,6,0,56,0,50,14,0,64,15,0,15,79
11/12/2020,GCN,AZ,AWP,WE,Towers with Radar,0,0,1,0,1,0,60,3,0,63,0,60,4,0,64,0,0,0,64
11/13/2020,GCN,AZ,AWP,WE,Towers with Radar,0,0,1,0,1,0,48,8,3,59,0,48,9,3,60,5,14,19,79
11/14/2020,GCN,AZ,AWP,WE,Towers with Radar,0,0,2,0,2,0,58,13,0,71,0,58,15,0,73,0,0,0,73
11/15/2020,GCN,AZ,AWP,WE,Towers with Radar,0,0,1,4,5,0,61,8,0,69,0,61,9,4,74,13,0,13,87
11/16/2020,GCN,AZ,AWP,WE,Towers with Radar,0,1,3,4,8,0,46,13,0,59,0,47,16,4,67,4,6,10,77
11/17/2020,GCN,AZ,AWP,WE,Towers with Radar,0,0,3,0,3,0,49,8,0,57,0,49,11,0,60,12,0,12,72
11/18/2020,GCN,AZ,AWP,WE,Towers with Radar,0,0,2,0,2,0,39,2,0,41,0,39,4,0,43,24,0,24,67
11/19/2020,GCN,AZ,AWP,WE,Towers with Radar,0,0,3,0,3,0,46,9,0,55,0,46,12,0,58,9,0,9,67
11/20/2020,GCN,AZ,AWP,WE,Towers with Radar,0,0,2,3,5,0,66,9,5,80,0,66,11,8,85,29,0,29,114
11/21/2020,GCN,AZ,AWP,WE,Towers with Radar,0,1,4,0,5,0,63,10,1,74,0,64,14,1,79,12,17,29,108
11/22/2020,GCN,AZ,AWP,WE,Towers with Radar,0,5,6,0,11,0,78,10,0,88,0,83,16,0,99,0,0,0,99
11/23/2020,GCN,AZ,AWP,WE,Towers with Radar,0,1,6,0,7,0,102,8,0,110,0,103,14,0,117,0,0,0,117
11/24/2020,GCN,AZ,AWP,WE,Towers with Radar,0,1,4,0,5,0,81,19,1,101,0,82,23,1,106,21,0,21,127
11/25/2020,GCN,AZ,AWP,WE,Towers with Radar,0,0,6,0,6,0,102,14,0,116,0,102,20,0,122,18,0,18,140
11/26/2020,GCN,AZ,AWP,WE,Towers with Radar,0,0,0,0,0,0,66,4,0,70,0,66,4,0,70,0,0,0,70
11/27/2020,GCN,AZ,AWP,WE,Towers with Radar,0,0,2,0,2,0,77,7,0,84,0,77,9,0,86,0,0,0,86
11/28/2020,GCN,AZ,AWP,WE,Towers with Radar,0,2,3,0,5,0,98,22,0,120,0,100,25,0,125,0,0,0,125
11/29/2020,GCN,AZ,AWP,WE,Towers with Radar,0,2,3,0,5,0,49,17,0,66,0,51,20,0,71,6,0,6,77
11/30/2020,GCN,AZ,AWP,WE,Towers with Radar,0,1,1,1,3,0,31,9,0,40,0,32,10,1,43,14,0,14,57
12/01/2020,GCN,AZ,AWP,WE,Towers with Radar,0,2,1,0,3,0,40,5,0,45,0,42,6,0,48,0,0,0,48
12/02/2020,GCN,AZ,AWP,WE,Towers with Radar,0,0,1,2,3,0,40,15,0,55,0,40,16,2,58,6,0,6,64
12/03/2020,GCN,AZ,AWP,WE,Towers with Radar,0,0,3,6,9,0,27,9,0,36,0,27,12,6,45,0,0,0,45
12/04/2020,GCN,AZ,AWP,WE,Towers with Radar,0,0,2,0,2,0,38,13,2,53,0,38,15,2,55,10,0,10,65
12/05/2020,GCN,AZ,AWP,WE,Towers with Radar,0,0,5,0,5,0,56,8,0,64,0,56,13,0,69,4,0,4,73
12/06/2020,GCN,AZ,AWP,WE,Towers with Radar,0,2,2,0,4,0,48,2,0,50,0,50,4,0,54,0,0,0,54
12/07/2020,GCN,AZ,AWP,WE,Towers with Radar,0,0,4,0,4,0,32,10,0,42,0,32,14,0,46,0,0,0,46
12/08/2020,GCN,AZ,AWP,WE,Towers with Radar,0,0,0,0,0,0,34,7,0,41,0,34,7,0,41,2,0,2,43
12/09/2020,GCN,AZ,AWP,WE,Towers with Radar,0,0,2,1,3,0,42,19,2,63,0,42,21,3,66,12,14,26,92
12/10/2020,GCN,AZ,AWP,WE,Towers with Radar,0,0,2,1,3,0,7,2,1,10,0,7,4,2,13,0,0,0,13
12/11/2020,GCN,AZ,AWP,WE,Towers with Radar,0,1,4,0,5,0,36,4,0,40,0,37,8,0,45,0,0,0,45
12/12/2020,GCN,AZ,AWP,WE,Towers with Radar,0,2,6,0,8,0,1,0,0,1,0,3,6,0,9,0,0,0,9
12/13/2020,GCN,AZ,AWP,WE,Towers with Radar,0,0,6,0,6,0,27,9,0,36,0,27,15,0,42,8,0,8,50
12/14/2020,GCN,AZ,AWP,WE,Towers with Radar,0,0,2,0,2,0,15,9,0,24,0,15,11,0,26,17,0,17,43
12/15/2020,GCN,AZ,AWP,WE,Towers with Radar,0,0,10,0,10,0,41,8,0,49,0,41,18,0,59,8,0,8,67
12/16/2020,GCN,AZ,AWP,WE,Towers with Radar,0,0,1,4,5,0,35,6,0,41,0,35,7,4,46,38,0,38,84
12/17/2020,GCN,AZ,AWP,WE,Towers with Radar,0,1,0,2,3,0,25,10,0,35,0,26,10,2,38,2,0,2,40
12/18/2020,GCN,AZ,AWP,WE,Towers with Radar,0,4,2,2,8,0,40,10,0,50,0,44,12,2,58,14,20,34,92
12/19/2020,GCN,AZ,AWP,WE,Towers with Radar,0,2,3,0,5,0,60,14,0,74,0,62,17,0,79,25,0,25,104
12/20/2020,GCN,AZ,AWP,WE,Towers with Radar,0,0,1,0,1,0,37,12,3,52,0,37,13,3,53,0,1,1,54
12/21/2020,GCN,AZ,AWP,WE,Towers with Radar,0,2,11,0,13,0,68,19,0,87,0,70,30,0,100,0,0,0,100
12/22/2020,GCN,AZ,AWP,WE,Towers with Radar,0,0,0,0,0,0,56,2,2,60,0,56,2,2,60,4,2,6,66
12/23/2020,GCN,AZ,AWP,WE,Towers with Radar,0,2,9,0,11,0,51,6,0,57,0,53,15,0,68,0,0,0,68
12/24/2020,GCN,AZ,AWP,WE,Towers with Radar,0,0,0,0,0,0,65,5,0,70,0,65,5,0,70,1,0,1,71
12/25/2020,GCN,AZ,AWP,WE,Towers with Radar,0,0,0,0,0,0,0,0,0,0,0,0,0,0,0,0,0,0,0
12/26/2020,GCN,AZ,AWP,WE,Towers with Radar,0,0,0,0,0,0,82,5,0,87,0,82,5,0,87,4,0,4,91
12/27/2020,GCN,AZ,AWP,WE,Towers with Radar,0,0,0,0,0,0,26,7,0,33,0,26,7,0,33,0,0,0,33
12/28/2020,GCN,AZ,AWP,WE,Towers with Radar,0,0,2,0,2,0,41,0,0,41,0,41,2,0,43,0,0,0,43
12/29/2020,GCN,AZ,AWP,WE,Towers with Radar,0,0,2,0,2,0,2,0,0,2,0,2,2,0,4,0,0,0,4
12/30/2020,GCN,AZ,AWP,WE,Towers with Radar,0,0,1,0,1,0,143,11,0,154,0,143,12,0,155,0,0,0,155
12/31/2020,GCN,AZ,AWP,WE,Towers with Radar,0,2,2,0,4,0,33,2,0,35,0,35,4,0,39,0,0,0,39
01/01/2021,GCN,AZ,AWP,WE,Towers with Radar,0,0,0,0,0,0,97,6,0,103,0,97,6,0,103,2,0,2,105
01/02/2021,GCN,AZ,AWP,WE,Towers with Radar,0,0,2,0,2,0,76,10,0,86,0,76,12,0,88,2,0,2,90
01/03/2021,GCN,AZ,AWP,WE,Towers with Radar,0,2,1,0,3,0,48,4,0,52,0,50,5,0,55,0,0,0,55
01/04/2021,GCN,AZ,AWP,WE,Towers with Radar,0,0,2,2,4,0,42,2,0,44,0,42,4,2,48,4,0,4,52
01/05/2021,GCN,AZ,AWP,WE,Towers with Radar,0,0,4,2,6,0,28,8,0,36,0,28,12,2,42,4,0,4,46
01/06/2021,GCN,AZ,AWP,WE,Towers with Radar,0,0,10,0,10,0,25,6,0,31,0,25,16,0,41,2,0,2,43
01/07/2021,GCN,AZ,AWP,WE,Towers with Radar,0,0,3,0,3,0,26,10,0,36,0,26,13,0,39,6,0,6,45
01/08/2021,GCN,AZ,AWP,WE,Towers with Radar,0,2,0,3,5,0,26,8,2,36,0,28,8,5,41,8,12,20,61
01/09/2021,GCN,AZ,AWP,WE,Towers with Radar,0,3,4,8,15,0,35,7,0,42,0,38,11,8,57,14,2,16,73
01/10/2021,GCN,AZ,AWP,WE,Towers with Radar,0,1,0,0,1,0,38,5,0,43,0,39,5,0,44,0,0,0,44
01/11/2021,GCN,AZ,AWP,WE,Towers with Radar,0,2,0,0,2,0,17,0,0,17,0,19,0,0,19,0,0,0,19
01/12/2021,GCN,AZ,AWP,WE,Towers with Radar,0,0,5,0,5,0,40,5,2,47,0,40,10,2,52,0,0,0,52
01/13/2021,GCN,AZ,AWP,WE,Towers with Radar,0,0,4,0,4,0,27,9,0,36,0,27,13,0,40,23,0,23,63
01/14/2021,GCN,AZ,AWP,WE,Towers with Radar,0,2,5,0,7,0,23,6,0,29,0,25,11,0,36,16,0,16,52
01/15/2021,GCN,AZ,AWP,WE,Towers with Radar,0,3,3,1,7,0,26,13,0,39,0,29,16,1,46,23,10,33,79
01/16/2021,GCN,AZ,AWP,WE,Towers with Radar,0,0,4,0,4,0,48,17,2,67,0,48,21,2,71,20,6,26,97
01/17/2021,GCN,AZ,AWP,WE,Towers with Radar,0,0,1,3,4,0,52,12,1,65,0,52,13,4,69,20,16,36,105
01/18/2021,GCN,AZ,AWP,WE,Towers with Radar,0,1,8,0,9,0,29,11,0,40,0,30,19,0,49,29,0,29,78
01/19/2021,GCN,AZ,AWP,WE,Towers with Radar,0,0,4,0,4,0,2,0,0,2,0,2,4,0,6,0,0,0,6
01/20/2021,GCN,AZ,AWP,WE,Towers with Radar,0,0,0,0,0,0,34,6,0,40,0,34,6,0,40,16,0,16,56
01/21/2021,GCN,AZ,AWP,WE,Towers with Radar,0,0,0,0,0,0,21,2,2,25,0,21,2,2,25,0,0,0,25
01/22/2021,GCN,AZ,AWP,WE,Towers with Radar,0,0,0,2,2,0,2,2,0,4,0,2,2,2,6,0,0,0,6
01/23/2021,GCN,AZ,AWP,WE,Towers with Radar,0,1,0,0,1,0,6,1,0,7,0,7,1,0,8,29,0,29,37
01/24/2021,GCN,AZ,AWP,WE,Towers with Radar,0,0,1,0,1,0,0,0,0,0,0,0,1,0,1,0,0,0,1
01/25/2021,GCN,AZ,AWP,WE,Towers with Radar,0,0,0,0,0,0,0,0,0,0,0,0,0,0,0,0,0,0,0
01/26/2021,GCN,AZ,AWP,WE,Towers with Radar,0,0,1,0,1,0,0,0,0,0,0,0,1,0,1,0,0,0,1
01/27/2021,GCN,AZ,AWP,WE,Towers with Radar,0,0,1,2,3,0,31,6,2,39,0,31,7,4,42,2,20,22,64
01/28/2021,GCN,AZ,AWP,WE,Towers with Radar,0,0,0,0,0,0,39,2,0,41,0,39,2,0,41,0,0,0,41
01/29/2021,GCN,AZ,AWP,WE,Towers with Radar,0,0,6,0,6,0,0,0,0,0,0,0,6,0,6,0,0,0,6
01/30/2021,GCN,AZ,AWP,WE,Towers with Radar,0,0,0,0,0,0,23,11,0,34,0,23,11,0,34,40,0,40,74
01/31/2021,GCN,AZ,AWP,WE,Towers with Radar,0,3,2,0,5,0,45,6,0,51,0,48,8,0,56,27,0,27,83
02/01/2021,GCN,AZ,AWP,WE,Towers with Radar,0,0,0,8,8,0,29,4,0,33,0,29,4,8,41,21,6,27,68
02/02/2021,GCN,AZ,AWP,WE,Towers with Radar,0,0,3,0,3,0,24,14,0,38,0,24,17,0,41,40,0,40,81
02/03/2021,GCN,AZ,AWP,WE,Towers with Radar,0,0,0,14,14,0,9,8,2,19,0,9,8,16,33,0,20,20,53
02/04/2021,GCN,AZ,AWP,WE,Towers with Radar,0,2,3,4,9,0,28,6,0,34,0,30,9,4,43,0,10,10,53
02/05/2021,GCN,AZ,AWP,WE,Towers with Radar,0,0,5,6,11,0,30,15,0,45,0,30,20,6,56,24,13,37,93
02/06/2021,GCN,AZ,AWP,WE,Towers with Radar,0,0,2,0,2,0,30,29,0,59,0,30,31,0,61,17,0,17,78
02/07/2021,GCN,AZ,AWP,WE,Towers with Radar,0,0,5,0,5,0,26,17,0,43,0,26,22,0,48,26,0,26,74
02/08/2021,GCN,AZ,AWP,WE,Towers with Radar,0,0,0,0,0,0,19,7,0,26,0,19,7,0,26,1,0,1,27
02/09/2021,GCN,AZ,AWP,WE,Towers with Radar,0,0,4,4,8,0,33,5,0,38,0,33,9,4,46,0,0,0,46
02/10/2021,GCN,AZ,AWP,WE,Towers with Radar,0,0,0,0,0,0,28,4,0,32,0,28,4,0,32,4,0,4,36
02/11/2021,GCN,AZ,AWP,WE,Towers with Radar,0,3,7,2,12,0,32,10,0,42,0,35,17,2,54,6,0,6,60
02/12/2021,GCN,AZ,AWP,WE,Towers with Radar,0,0,0,1,1,0,28,0,3,31,0,28,0,4,32,0,22,22,54
02/13/2021,GCN,AZ,AWP,WE,Towers with Radar,0,0,0,0,0,0,25,2,2,29,0,25,2,2,29,0,2,2,31
02/14/2021,GCN,AZ,AWP,WE,Towers with Radar,0,0,1,0,1,0,84,12,0,96,0,84,13,0,97,12,0,12,109
02/15/2021,GCN,AZ,AWP,WE,Towers with Radar,0,1,0,0,1,0,50,7,0,57,0,51,7,0,58,24,0,24,82
02/16/2021,GCN,AZ,AWP,WE,Towers with Radar,0,0,0,0,0,0,24,1,0,25,0,24,1,0,25,4,0,4,29
02/17/2021,GCN,AZ,AWP,WE,Towers with Radar,0,0,2,10,12,0,42,6,2,50,0,42,8,12,62,0,20,20,82
02/18/2021,GCN,AZ,AWP,WE,Towers with Radar,0,0,2,0,2,0,56,10,0,66,0,56,12,0,68,42,0,42,110
02/19/2021,GCN,AZ,AWP,WE,Towers with Radar,0,6,6,0,12,0,47,18,0,65,0,53,24,0,77,21,0,21,98
02/20/2021,GCN,AZ,AWP,WE,Towers with Radar,0,0,3,0,3,0,17,5,2,24,0,17,8,2,27,2,6,8,35
02/21/2021,GCN,AZ,AWP,WE,Towers with Radar,0,0,3,0,3,0,37,9,0,46,0,37,12,0,49,23,0,23,72
02/22/2021,GCN,AZ,AWP,WE,Towers with Radar,0,1,0,0,1,0,22,3,0,25,0,23,3,0,26,2,0,2,28
02/23/2021,GCN,AZ,AWP,WE,Towers with Radar,0,2,2,2,6,0,41,9,0,50,0,43,11,2,56,20,14,34,90
02/24/2021,GCN,AZ,AWP,WE,Towers with Radar,0,0,0,0,0,0,31,6,2,39,0,31,6,2,39,0,0,0,39
02/25/2021,GCN,AZ,AWP,WE,Towers with Radar,0,0,4,0,4,0,35,8,2,45,0,35,12,2,49,6,0,6,55
02/26/2021,GCN,AZ,AWP,WE,Towers with Radar,0,5,3,0,8,0,34,7,0,41,0,39,10,0,49,0,0,0,49
02/27/2021,GCN,AZ,AWP,WE,Towers with Radar,0,0,5,0,5,0,55,15,0,70,0,55,20,0,75,2,0,2,77
02/28/2021,GCN,AZ,AWP,WE,Towers with Radar,0,1,2,0,3,0,39,9,0,48,0,40,11,0,51,21,0,21,72
03/01/2021,GCN,AZ,AWP,WE,Towers with Radar,0,0,4,2,6,0,38,2,0,40,0,38,6,2,46,0,0,0,46
03/02/2021,GCN,AZ,AWP,WE,Towers with Radar,0,0,5,0,5,0,42,3,0,45,0,42,8,0,50,0,0,0,50
03/03/2021,GCN,AZ,AWP,WE,Towers with Radar,0,0,2,0,2,0,38,0,0,38,0,38,2,0,40,0,0,0,40
03/04/2021,GCN,AZ,AWP,WE,Towers with Radar,0,0,0,0,0,0,37,3,0,40,0,37,3,0,40,0,0,0,40
03/05/2021,GCN,AZ,AWP,WE,Towers with Radar,0,2,5,2,9,0,58,10,0,68,0,60,15,2,77,2,0,2,79
03/06/2021,GCN,AZ,AWP,WE,Towers with Radar,0,1,3,0,4,0,63,30,0,93,0,64,33,0,97,6,10,16,113
03/07/2021,GCN,AZ,AWP,WE,Towers with Radar,0,2,3,2,7,0,70,16,1,87,0,72,19,3,94,0,6,6,100
03/08/2021,GCN,AZ,AWP,WE,Towers with Radar,0,0,0,0,0,0,67,4,0,71,0,67,4,0,71,0,0,0,71
03/09/2021,GCN,AZ,AWP,WE,Towers with Radar,0,0,1,0,1,0,26,6,0,32,0,26,7,0,33,0,0,0,33
03/10/2021,GCN,AZ,AWP,WE,Towers with Radar,0,0,2,0,2,0,69,4,0,73,0,69,6,0,75,2,0,2,77
03/11/2021,GCN,AZ,AWP,WE,Towers with Radar,0,0,4,0,4,0,22,0,0,22,0,22,4,0,26,0,0,0,26
03/12/2021,GCN,AZ,AWP,WE,Towers with Radar,0,0,0,0,0,0,1,0,0,1,0,1,0,0,1,0,0,0,1
03/13/2021,GCN,AZ,AWP,WE,Towers with Radar,0,0,0,0,0,0,0,0,0,0,0,0,0,0,0,0,0,0,0
03/14/2021,GCN,AZ,AWP,WE,Towers with Radar,0,0,3,0,3,0,108,4,2,114,0,108,7,2,117,20,0,20,137
03/15/2021,GCN,AZ,AWP,WE,Towers with Radar,0,0,4,0,4,0,124,11,0,135,0,124,15,0,139,9,0,9,148
03/16/2021,GCN,AZ,AWP,WE,Towers with Radar,0,5,2,0,7,0,5,0,0,5,0,10,2,0,12,0,0,0,12
03/17/2021,GCN,AZ,AWP,WE,Towers with Radar,0,1,12,0,13,0,158,17,0,175,0,159,29,0,188,0,0,0,188
03/18/2021,GCN,AZ,AWP,WE,Towers with Radar,0,0,2,2,4,0,153,9,1,163,0,153,11,3,167,2,10,12,179
03/19/2021,GCN,AZ,AWP,WE,Towers with Radar,0,3,4,0,7,0,149,13,0,162,0,152,17,0,169,2,0,2,171
03/20/2021,GCN,AZ,AWP,WE,Towers with Radar,0,2,1,0,3,0,82,7,0,89,0,84,8,0,92,0,0,0,92
03/21/2021,GCN,AZ,AWP,WE,Towers with Radar,0,0,0,0,0,0,140,9,0,149,0,140,9,0,149,0,0,0,149
03/22/2021,GCN,AZ,AWP,WE,Towers with Radar,0,0,4,0,4,0,151,7,0,158,0,151,11,0,162,0,0,0,162
03/23/2021,GCN,AZ,AWP,WE,Towers with Radar,0,0,0,0,0,0,0,0,0,0,0,0,0,0,0,0,0,0,0
03/24/2021,GCN,AZ,AWP,WE,Towers with Radar,0,0,3,0,3,0,133,2,4,139,0,133,5,4,142,2,24,26,168
03/25/2021,GCN,AZ,AWP,WE,Towers with Radar,0,0,3,0,3,0,61,1,0,62,0,61,4,0,65,0,0,0,65
03/26/2021,GCN,AZ,AWP,WE,Towers with Radar,0,3,0,0,3,0,171,26,0,197,0,174,26,0,200,2,8,10,210
03/27/2021,GCN,AZ,AWP,WE,Towers with Radar,0,0,0,0,0,0,0,0,0,0,0,0,0,0,0,0,0,0,0
03/28/2021,GCN,AZ,AWP,WE,Towers with Radar,0,1,3,0,4,0,138,10,0,148,0,139,13,0,152,0,0,0,152
03/29/2021,GCN,AZ,AWP,WE,Towers with Radar,0,3,13,0,16,0,157,9,0,166,0,160,22,0,182,0,0,0,182
03/30/2021,GCN,AZ,AWP,WE,Towers with Radar,0,0,21,0,21,0,162,11,0,173,0,162,32,0,194,0,0,0,194
03/31/2021,GCN,AZ,AWP,WE,Towers with Radar,0,0,5,8,13,0,183,5,0,188,0,183,10,8,201,0,8,8,209
04/01/2021,GCN,AZ,AWP,WE,Towers with Radar,0,0,2,0,2,0,193,12,0,205,0,193,14,0,207,0,0,0,207
04/02/2021,GCN,AZ,AWP,WE,Towers with Radar,0,0,6,0,6,0,169,14,0,183,0,169,20,0,189,8,0,8,197
04/03/2021,GCN,AZ,AWP,WE,Towers with Radar,0,0,9,0,9,0,169,14,2,185,0,169,23,2,194,0,0,0,194
04/04/2021,GCN,AZ,AWP,WE,Towers with Radar,0,0,0,0,0,0,153,8,0,161,0,153,8,0,161,0,0,0,161
04/05/2021,GCN,AZ,AWP,WE,Towers with Radar,0,0,2,2,4,0,112,12,0,124,0,112,14,2,128,0,2,2,130
04/06/2021,GCN,AZ,AWP,WE,Towers with Radar,0,2,1,0,3,0,159,2,1,162,0,161,3,1,165,38,1,39,204
04/07/2021,GCN,AZ,AWP,WE,Towers with Radar,0,0,8,2,10,0,149,11,2,162,0,149,19,4,172,0,12,12,184
04/08/2021,GCN,AZ,AWP,WE,Towers with Radar,0,1,6,0,7,0,132,8,6,146,0,133,14,6,153,2,2,4,157
04/09/2021,GCN,AZ,AWP,WE,Towers with Radar,0,0,2,0,2,0,128,9,0,137,0,128,11,0,139,44,0,44,183
04/10/2021,GCN,AZ,AWP,WE,Towers with Radar,0,0,4,0,4,0,140,16,0,156,0,140,20,0,160,2,0,2,162
04/11/2021,GCN,AZ,AWP,WE,Towers with Radar,0,4,8,0,12,0,112,12,0,124,0,116,20,0,136,0,0,0,136
04/12/2021,GCN,AZ,AWP,WE,Towers with Radar,0,2,21,1,24,0,130,9,1,140,0,132,30,2,164,0,0,0,164
04/13/2021,GCN,AZ,AWP,WE,Towers with Radar,0,0,0,0,0,0,91,7,0,98,0,91,7,0,98,0,0,0,98
04/14/2021,GCN,AZ,AWP,WE,Towers with Radar,0,0,3,2,5,0,27,0,2,29,0,27,3,4,34,0,2,2,36
04/15/2021,GCN,AZ,AWP,WE,Towers with Radar,0,2,3,0,5,0,107,14,0,121,0,109,17,0,126,0,0,0,126
04/16/2021,GCN,AZ,AWP,WE,Towers with Radar,0,1,7,0,8,0,108,16,5,129,0,109,23,5,137,0,3,3,140
04/17/2021,GCN,AZ,AWP,WE,Towers with Radar,0,0,10,0,10,0,87,14,0,101,0,87,24,0,111,0,0,0,111
04/18/2021,GCN,AZ,AWP,WE,Towers with Radar,0,4,0,0,4,0,87,10,0,97,0,91,10,0,101,0,0,0,101
04/19/2021,GCN,AZ,AWP,WE,Towers with Radar,0,0,2,1,3,0,116,14,2,132,0,116,16,3,135,0,4,4,139
04/20/2021,GCN,AZ,AWP,WE,Towers with Radar,0,0,4,3,7,0,112,8,1,121,0,112,12,4,128,0,0,0,128
04/21/2021,GCN,AZ,AWP,WE,Towers with Radar,0,0,1,0,1,0,44,1,0,45,0,44,2,0,46,0,0,0,46
04/22/2021,GCN,AZ,AWP,WE,Towers with Radar,0,0,4,0,4,0,78,3,0,81,0,78,7,0,85,0,0,0,85
04/23/2021,GCN,AZ,AWP,WE,Towers with Radar,0,1,7,1,9,0,122,13,3,138,0,123,20,4,147,0,2,2,149
04/24/2021,GCN,AZ,AWP,WE,Towers with Radar,0,0,0,10,10,0,66,7,0,73,0,66,7,10,83,24,0,24,107
04/25/2021,GCN,AZ,AWP,WE,Towers with Radar,0,2,0,0,2,0,24,1,0,25,0,26,1,0,27,8,0,8,35
04/26/2021,GCN,AZ,AWP,WE,Towers with Radar,0,1,0,2,3,0,46,2,4,52,0,47,2,6,55,0,0,0,55
04/27/2021,GCN,AZ,AWP,WE,Towers with Radar,0,3,2,0,5,0,6,0,0,6,0,9,2,0,11,0,0,0,11
04/28/2021,GCN,AZ,AWP,WE,Towers with Radar,0,2,0,0,2,0,140,10,0,150,0,142,10,0,152,0,0,0,152
04/29/2021,GCN,AZ,AWP,WE,Towers with Radar,0,4,3,2,9,0,120,13,0,133,0,124,16,2,142,10,0,10,152
04/30/2021,GCN,AZ,AWP,WE,Towers with Radar,0,0,3,0,3,0,110,7,0,117,0,110,10,0,120,0,0,0,120
05/01/2021,GCN,AZ,AWP,WE,Towers with Radar,0,2,4,0,6,0,117,11,4,132,0,119,15,4,138,0,0,0,138
05/02/2021,GCN,AZ,AWP,WE,Towers with Radar,0,4,1,0,5,0,113,12,8,133,0,117,13,8,138,0,0,0,138
05/03/2021,GCN,AZ,AWP,WE,Towers with Radar,0,4,0,0,4,0,103,21,0,124,0,107,21,0,128,2,0,2,130
05/04/2021,GCN,AZ,AWP,WE,Towers with Radar,0,2,1,1,4,0,104,10,0,114,0,106,11,1,118,0,0,0,118
05/05/2021,GCN,AZ,AWP,WE,Towers with Radar,0,0,3,0,3,0,150,27,0,177,0,150,30,0,180,8,0,8,188
05/06/2021,GCN,AZ,AWP,WE,Towers with Radar,0,0,9,0,9,0,122,17,0,139,0,122,26,0,148,30,0,30,178
05/07/2021,GCN,AZ,AWP,WE,Towers with Radar,0,0,2,0,2,0,69,8,0,77,0,69,10,0,79,16,0,16,95
05/08/2021,GCN,AZ,AWP,WE,Towers with Radar,0,0,0,0,0,0,145,15,0,160,0,145,15,0,160,0,0,0,160
05/09/2021,GCN,AZ,AWP,WE,Towers with Radar,0,0,3,0,3,0,86,9,0,95,0,86,12,0,98,8,0,8,106
05/10/2021,GCN,AZ,AWP,WE,Towers with Radar,0,0,4,0,4,0,99,7,0,106,0,99,11,0,110,0,0,0,110
05/11/2021,GCN,AZ,AWP,WE,Towers with Radar,0,6,2,8,16,0,131,9,0,140,0,137,11,8,156,9,16,25,181
05/12/2021,GCN,AZ,AWP,WE,Towers with Radar,0,0,20,0,20,0,149,7,0,156,0,149,27,0,176,2,0,2,178
05/13/2021,GCN,AZ,AWP,WE,Towers with Radar,0,1,4,0,5,0,130,8,0,138,0,131,12,0,143,0,0,0,143
05/14/2021,GCN,AZ,AWP,WE,Towers with Radar,0,5,0,2,7,0,159,7,0,166,0,164,7,2,173,30,0,30,203
05/15/2021,GCN,AZ,AWP,WE,Towers with Radar,0,3,1,0,4,0,122,7,0,129,0,125,8,0,133,0,0,0,133
05/16/2021,GCN,AZ,AWP,WE,Towers with Radar,0,0,1,0,1,0,98,11,0,109,0,98,12,0,110,0,0,0,110
05/17/2021,GCN,AZ,AWP,WE,Towers with Radar,0,2,2,0,4,0,136,8,0,144,0,138,10,0,148,0,0,0,148
05/18/2021,GCN,AZ,AWP,WE,Towers with Radar,0,0,7,0,7,0,143,13,0,156,0,143,20,0,163,2,0,2,165
05/19/2021,GCN,AZ,AWP,WE,Towers with Radar,0,0,1,0,1,0,154,13,9,176,0,154,14,9,177,0,6,6,183
05/20/2021,GCN,AZ,AWP,WE,Towers with Radar,0,0,2,2,4,0,38,4,0,42,0,38,6,2,46,0,4,4,50
05/21/2021,GCN,AZ,AWP,WE,Towers with Radar,0,0,0,0,0,0,2,2,0,4,0,2,2,0,4,2,0,2,6
05/22/2021,GCN,AZ,AWP,WE,Towers with Radar,0,2,0,2,4,0,115,4,2,121,0,117,4,4,125,0,0,0,125
05/23/2021,GCN,AZ,AWP,WE,Towers with Radar,0,2,5,0,7,0,145,14,0,159,0,147,19,0,166,89,0,89,255
05/24/2021,GCN,AZ,AWP,WE,Towers with Radar,0,0,0,1,1,0,141,9,0,150,0,141,9,1,151,15,7,22,173
05/25/2021,GCN,AZ,AWP,WE,Towers with Radar,0,1,4,1,6,0,164,19,1,184,0,165,23,2,190,137,0,137,327
05/26/2021,GCN,AZ,AWP,WE,Towers with Radar,0,0,6,1,7,0,151,17,1,169,0,151,23,2,176,38,6,44,220
05/27/2021,GCN,AZ,AWP,WE,Towers with Radar,0,0,7,0,7,0,153,8,0,161,0,153,15,0,168,0,0,0,168
05/28/2021,GCN,AZ,AWP,WE,Towers with Radar,0,0,4,0,4,0,155,8,0,163,0,155,12,0,167,0,0,0,167
05/29/2021,GCN,AZ,AWP,WE,Towers with Radar,0,2,7,0,9,0,183,15,2,200,0,185,22,2,209,0,0,0,209
05/30/2021,GCN,AZ,AWP,WE,Towers with Radar,0,4,3,0,7,0,165,20,0,185,0,169,23,0,192,0,0,0,192
05/31/2021,GCN,AZ,AWP,WE,Towers with Radar,0,0,3,0,3,0,154,10,0,164,0,154,13,0,167,0,0,0,167
06/01/2021,GCN,AZ,AWP,WE,Towers with Radar,0,2,3,1,6,0,171,24,0,195,0,173,27,1,201,15,6,21,222
06/02/2021,GCN,AZ,AWP,WE,Towers with Radar,0,0,7,2,9,0,184,18,0,202,0,184,25,2,211,2,12,14,225
06/03/2021,GCN,AZ,AWP,WE,Towers with Radar,0,2,2,0,4,0,210,10,0,220,0,212,12,0,224,9,0,9,233
06/04/2021,GCN,AZ,AWP,WE,Towers with Radar,0,3,2,0,5,0,162,15,0,177,0,165,17,0,182,10,0,10,192
06/05/2021,GCN,AZ,AWP,WE,Towers with Radar,0,1,14,0,15,0,156,14,0,170,0,157,28,0,185,0,0,0,185
06/06/2021,GCN,AZ,AWP,WE,Towers with Radar,0,2,1,0,3,0,165,12,0,177,0,167,13,0,180,0,0,0,180
06/07/2021,GCN,AZ,AWP,WE,Towers with Radar,0,0,0,3,3,0,175,8,0,183,0,175,8,3,186,1,6,7,193
06/08/2021,GCN,AZ,AWP,WE,Towers with Radar,0,0,3,1,4,0,181,5,0,186,0,181,8,1,190,0,0,0,190
06/09/2021,GCN,AZ,AWP,WE,Towers with Radar,0,0,2,1,3,0,211,8,0,219,0,211,10,1,222,4,14,18,240
06/10/2021,GCN,AZ,AWP,WE,Towers with Radar,0,2,7,0,9,0,163,3,0,166,0,165,10,0,175,0,0,0,175
06/11/2021,GCN,AZ,AWP,WE,Towers with Radar,0,2,2,0,4,0,204,17,2,223,0,206,19,2,227,0,0,0,227
06/12/2021,GCN,AZ,AWP,WE,Towers with Radar,0,2,2,2,6,0,174,13,0,187,0,176,15,2,193,8,0,8,201
06/13/2021,GCN,AZ,AWP,WE,Towers with Radar,0,0,1,0,1,0,152,7,0,159,0,152,8,0,160,0,0,0,160
06/14/2021,GCN,AZ,AWP,WE,Towers with Radar,0,0,0,0,0,0,185,7,0,192,0,185,7,0,192,0,0,0,192
06/15/2021,GCN,AZ,AWP,WE,Towers with Radar,0,0,4,0,4,0,183,10,0,193,0,183,14,0,197,0,0,0,197
06/16/2021,GCN,AZ,AWP,WE,Towers with Radar,0,0,1,0,1,0,188,3,0,191,0,188,4,0,192,18,0,18,210
06/17/2021,GCN,AZ,AWP,WE,Towers with Radar,0,0,5,0,5,0,186,10,0,196,0,186,15,0,201,21,0,21,222
06/18/2021,GCN,AZ,AWP,WE,Towers with Radar,0,0,2,0,2,0,152,6,0,158,0,152,8,0,160,0,0,0,160
06/19/2021,GCN,AZ,AWP,WE,Towers with Radar,0,0,1,0,1,0,162,11,0,173,0,162,12,0,174,0,0,0,174
06/20/2021,GCN,AZ,AWP,WE,Towers with Radar,0,2,2,0,4,0,193,14,0,207,0,195,16,0,211,0,0,0,211
06/21/2021,GCN,AZ,AWP,WE,Towers with Radar,0,0,2,3,5,0,187,12,1,200,0,187,14,4,205,2,2,4,209
06/22/2021,GCN,AZ,AWP,WE,Towers with Radar,0,0,2,0,2,0,168,15,0,183,0,168,17,0,185,26,0,26,211
06/23/2021,GCN,AZ,AWP,WE,Towers with Radar,0,0,2,6,8,0,158,9,0,167,0,158,11,6,175,0,6,6,181
06/24/2021,GCN,AZ,AWP,WE,Towers with Radar,0,0,1,0,1,0,174,0,0,174,0,174,1,0,175,0,0,0,175
06/25/2021,GCN,AZ,AWP,WE,Towers with Radar,0,0,0,0,0,0,124,7,0,131,0,124,7,0,131,2,0,2,133
06/26/2021,GCN,AZ,AWP,WE,Towers with Radar,0,0,5,0,5,0,186,6,0,192,0,186,11,0,197,0,0,0,197
06/27/2021,GCN,AZ,AWP,WE,Towers with Radar,0,1,1,0,2,0,108,1,0,109,0,109,2,0,111,0,0,0,111
06/28/2021,GCN,AZ,AWP,WE,Towers with Radar,0,0,2,0,2,0,146,16,0,162,0,146,18,0,164,53,0,53,217
06/29/2021,GCN,AZ,AWP,WE,Towers with Radar,0,0,2,0,2,0,145,5,2,152,0,145,7,2,154,0,0,0,154
06/30/2021,GCN,AZ,AWP,WE,Towers with Radar,0,0,4,0,4,0,124,6,0,130,0,124,10,0,134,2,0,2,136
07/01/2021,GCN,AZ,AWP,WE,Towers with Radar,0,0,4,0,4,0,121,9,1,131,0,121,13,1,135,14,8,22,157
07/02/2021,GCN,AZ,AWP,WE,Towers with Radar,0,0,4,0,4,0,141,9,0,150,0,141,13,0,154,2,0,2,156
07/03/2021,GCN,AZ,AWP,WE,Towers with Radar,0,1,1,0,2,0,156,15,0,171,0,157,16,0,173,0,0,0,173
07/04/2021,GCN,AZ,AWP,WE,Towers with Radar,0,0,0,0,0,0,195,6,0,201,0,195,6,0,201,0,0,0,201
07/05/2021,GCN,AZ,AWP,WE,Towers with Radar,0,0,1,0,1,0,168,6,0,174,0,168,7,0,175,2,0,2,177
07/06/2021,GCN,AZ,AWP,WE,Towers with Radar,0,2,4,0,6,0,176,6,0,182,0,178,10,0,188,0,0,0,188
07/07/2021,GCN,AZ,AWP,WE,Towers with Radar,0,0,5,0,5,0,176,5,2,183,0,176,10,2,188,0,0,0,188
07/08/2021,GCN,AZ,AWP,WE,Towers with Radar,0,0,5,0,5,0,138,6,0,144,0,138,11,0,149,0,0,0,149
07/09/2021,GCN,AZ,AWP,WE,Towers with Radar,0,2,1,2,5,0,127,9,0,136,0,129,10,2,141,0,0,0,141
07/10/2021,GCN,AZ,AWP,WE,Towers with Radar,0,1,1,2,4,0,92,3,0,95,0,93,4,2,99,0,0,0,99
07/11/2021,GCN,AZ,AWP,WE,Towers with Radar,0,0,2,0,2,0,124,2,0,126,0,124,4,0,128,4,0,4,132
07/12/2021,GCN,AZ,AWP,WE,Towers with Radar,0,0,2,1,3,0,162,4,0,166,0,162,6,1,169,0,5,5,174
07/13/2021,GCN,AZ,AWP,WE,Towers with Radar,0,0,0,5,5,0,127,4,4,135,0,127,4,9,140,0,2,2,142
07/14/2021,GCN,AZ,AWP,WE,Towers with Radar,0,0,0,0,0,0,148,10,0,158,0,148,10,0,158,2,0,2,160
07/15/2021,GCN,AZ,AWP,WE,Towers with Radar,0,0,5,0,5,0,135,2,0,137,0,135,7,0,142,0,0,0,142
07/16/2021,GCN,AZ,AWP,WE,Towers with Radar,0,0,0,1,1,0,124,9,4,137,0,124,9,5,138,22,0,22,160
07/17/2021,GCN,AZ,AWP,WE,Towers with Radar,0,0,1,0,1,0,134,12,0,146,0,134,13,0,147,0,0,0,147
07/18/2021,GCN,AZ,AWP,WE,Towers with Radar,0,0,1,2,3,0,109,7,0,116,0,109,8,2,119,0,0,0,119
07/19/2021,GCN,AZ,AWP,WE,Towers with Radar,0,0,0,0,0,0,124,5,2,131,0,124,5,2,131,0,0,0,131
07/20/2021,GCN,AZ,AWP,WE,Towers with Radar,0,0,0,0,0,0,105,5,0,110,0,105,5,0,110,0,0,0,110
07/21/2021,GCN,AZ,AWP,WE,Towers with Radar,0,0,1,2,3,0,128,11,0,139,0,128,12,2,142,3,0,3,145
07/22/2021,GCN,AZ,AWP,WE,Towers with Radar,0,0,1,0,1,0,165,11,0,176,0,165,12,0,177,12,0,12,189
07/23/2021,GCN,AZ,AWP,WE,Towers with Radar,0,1,2,0,3,0,115,4,0,119,0,116,6,0,122,0,0,0,122
07/24/2021,GCN,AZ,AWP,WE,Towers with Radar,0,0,0,0,0,0,126,2,0,128,0,126,2,0,128,0,0,0,128
07/25/2021,GCN,AZ,AWP,WE,Towers with Radar,0,0,2,0,2,0,104,3,0,107,0,104,5,0,109,0,0,0,109
07/26/2021,GCN,AZ,AWP,WE,Towers with Radar,0,1,3,0,4,0,142,2,0,144,0,143,5,0,148,4,0,4,152
07/27/2021,GCN,AZ,AWP,WE,Towers with Radar,0,0,2,0,2,0,137,5,0,142,0,137,7,0,144,0,0,0,144
07/28/2021,GCN,AZ,AWP,WE,Towers with Radar,0,6,0,1,7,0,123,8,1,132,0,129,8,2,139,12,0,12,151
07/29/2021,GCN,AZ,AWP,WE,Towers with Radar,0,8,0,6,14,0,102,7,4,113,0,110,7,10,127,0,0,0,127
07/30/2021,GCN,AZ,AWP,WE,Towers with Radar,0,17,0,0,17,0,96,12,0,108,0,113,12,0,125,0,0,0,125
07/31/2021,GCN,AZ,AWP,WE,Towers with Radar,0,0,1,0,1,0,85,13,0,98,0,85,14,0,99,24,0,24,123
08/01/2021,GCN,AZ,AWP,WE,Towers with Radar,0,0,0,0,0,0,122,3,0,125,0,122,3,0,125,21,0,21,146
08/02/2021,GCN,AZ,AWP,WE,Towers with Radar,0,4,0,2,6,0,136,10,0,146,0,140,10,2,152,4,0,4,156
08/03/2021,GCN,AZ,AWP,WE,Towers with Radar,0,0,1,10,11,0,130,16,0,146,0,130,17,10,157,6,0,6,163
08/04/2021,GCN,AZ,AWP,WE,Towers with Radar,0,0,3,0,3,0,156,8,1,165,0,156,11,1,168,89,2,91,259
08/05/2021,GCN,AZ,AWP,WE,Towers with Radar,0,2,2,1,5,0,147,6,0,153,0,149,8,1,158,17,2,19,177
08/06/2021,GCN,AZ,AWP,WE,Towers with Radar,0,0,0,0,0,0,88,3,0,91,0,88,3,0,91,0,0,0,91
08/07/2021,GCN,AZ,AWP,WE,Towers with Radar,0,0,0,0,0,0,134,12,4,150,0,134,12,4,150,6,2,8,158
08/08/2021,GCN,AZ,AWP,WE,Towers with Radar,0,0,2,0,2,0,123,11,0,134,0,123,13,0,136,0,0,0,136
08/09/2021,GCN,AZ,AWP,WE,Towers with Radar,0,0,1,0,1,0,117,9,0,126,0,117,10,0,127,0,0,0,127
08/10/2021,GCN,AZ,AWP,WE,Towers with Radar,0,0,3,0,3,0,136,5,0,141,0,136,8,0,144,0,0,0,144
08/11/2021,GCN,AZ,AWP,WE,Towers with Radar,0,0,1,0,1,0,129,12,0,141,0,129,13,0,142,22,0,22,164
08/12/2021,GCN,AZ,AWP,WE,Towers with Radar,0,0,0,2,2,0,101,3,0,104,0,101,3,2,106,6,2,8,114
08/13/2021,GCN,AZ,AWP,WE,Towers with Radar,0,0,2,4,6,0,120,7,3,130,0,120,9,7,136,0,6,6,142
08/14/2021,GCN,AZ,AWP,WE,Towers with Radar,0,0,5,0,5,0,104,6,0,110,0,104,11,0,115,0,0,0,115
08/15/2021,GCN,AZ,AWP,WE,Towers with Radar,0,0,1,0,1,0,114,7,0,121,0,114,8,0,122,0,0,0,122
08/16/2021,GCN,AZ,AWP,WE,Towers with Radar,0,0,0,0,0,0,91,12,0,103,0,91,12,0,103,0,0,0,103
08/17/2021,GCN,AZ,AWP,WE,Towers with Radar,0,0,2,0,2,0,89,9,0,98,0,89,11,0,100,0,2,2,102
08/18/2021,GCN,AZ,AWP,WE,Towers with Radar,0,0,3,0,3,0,48,4,0,52,0,48,7,0,55,0,0,0,55
08/19/2021,GCN,AZ,AWP,WE,Towers with Radar,0,1,7,0,8,0,81,6,2,89,0,82,13,2,97,0,18,18,115
08/20/2021,GCN,AZ,AWP,WE,Towers with Radar,0,5,4,0,9,0,103,5,0,108,0,108,9,0,117,0,0,0,117
08/21/2021,GCN,AZ,AWP,WE,Towers with Radar,0,0,5,0,5,0,115,5,0,120,0,115,10,0,125,0,0,0,125
08/22/2021,GCN,AZ,AWP,WE,Towers with Radar,0,0,4,0,4,0,90,7,0,97,0,90,11,0,101,9,0,9,110
08/23/2021,GCN,AZ,AWP,WE,Towers with Radar,0,4,6,2,12,0,81,8,0,89,0,85,14,2,101,1,6,7,108
08/24/2021,GCN,AZ,AWP,WE,Towers with Radar,0,11,4,2,17,0,76,8,0,84,0,87,12,2,101,17,0,17,118
08/25/2021,GCN,AZ,AWP,WE,Towers with Radar,0,12,1,0,13,0,88,14,0,102,0,100,15,0,115,3,0,3,118
08/26/2021,GCN,AZ,AWP,WE,Towers with Radar,0,14,0,0,14,0,86,2,0,88,0,100,2,0,102,1,0,1,103
08/27/2021,GCN,AZ,AWP,WE,Towers with Radar,0,0,11,4,15,0,93,12,0,105,0,93,23,4,120,0,0,0,120
08/28/2021,GCN,AZ,AWP,WE,Towers with Radar,0,0,1,0,1,0,77,6,0,83,0,77,7,0,84,0,0,0,84
08/29/2021,GCN,AZ,AWP,WE,Towers with Radar,0,0,5,0,5,0,95,8,0,103,0,95,13,0,108,3,0,3,111
08/30/2021,GCN,AZ,AWP,WE,Towers with Radar,0,2,0,0,2,0,95,6,0,101,0,97,6,0,103,0,0,0,103
08/31/2021,GCN,AZ,AWP,WE,Towers with Radar,0,2,1,0,3,0,64,0,0,64,0,66,1,0,67,0,0,0,67
09/01/2021,GCN,AZ,AWP,WE,Towers with Radar,0,0,6,0,6,0,21,0,0,21,0,21,6,0,27,0,0,0,27
09/02/2021,GCN,AZ,AWP,WE,Towers with Radar,0,2,7,1,10,0,76,3,1,80,0,78,10,2,90,0,10,10,100
09/03/2021,GCN,AZ,AWP,WE,Towers with Radar,0,0,3,0,3,0,113,9,1,123,0,113,12,1,126,0,0,0,126
09/04/2021,GCN,AZ,AWP,WE,Towers with Radar,0,0,4,0,4,0,159,12,0,171,0,159,16,0,175,0,0,0,175
09/05/2021,GCN,AZ,AWP,WE,Towers with Radar,0,0,1,0,1,0,165,11,0,176,0,165,12,0,177,12,0,12,189
09/06/2021,GCN,AZ,AWP,WE,Towers with Radar,0,0,6,0,6,0,123,12,0,135,0,123,18,0,141,0,0,0,141
09/07/2021,GCN,AZ,AWP,WE,Towers with Radar,0,0,2,9,11,0,87,5,0,92,0,87,7,9,103,4,0,4,107
09/08/2021,GCN,AZ,AWP,WE,Towers with Radar,0,0,4,0,4,0,117,3,0,120,0,117,7,0,124,0,0,0,124
09/09/2021,GCN,AZ,AWP,WE,Towers with Radar,0,0,7,0,7,0,120,1,0,121,0,120,8,0,128,0,0,0,128
09/10/2021,GCN,AZ,AWP,WE,Towers with Radar,0,1,3,0,4,0,114,16,0,130,0,115,19,0,134,0,0,0,134
09/11/2021,GCN,AZ,AWP,WE,Towers with Radar,0,0,2,0,2,0,114,3,0,117,0,114,5,0,119,0,0,0,119
09/12/2021,GCN,AZ,AWP,WE,Towers with Radar,0,1,4,0,5,0,102,14,0,116,0,103,18,0,121,0,0,0,121
09/13/2021,GCN,AZ,AWP,WE,Towers with Radar,0,0,2,0,2,0,133,17,4,154,0,133,19,4,156,23,2,25,181
09/14/2021,GCN,AZ,AWP,WE,Towers with Radar,0,0,2,0,2,0,125,9,0,134,0,125,11,0,136,32,0,32,168
09/15/2021,GCN,AZ,AWP,WE,Towers with Radar,0,0,6,0,6,0,103,9,0,112,0,103,15,0,118,35,0,35,153
09/16/2021,GCN,AZ,AWP,WE,Towers with Radar,0,0,1,0,1,0,152,13,2,167,0,152,14,2,168,3,0,3,171
09/17/2021,GCN,AZ,AWP,WE,Towers with Radar,0,0,1,2,3,0,110,6,2,118,0,110,7,4,121,24,15,39,160
09/18/2021,GCN,AZ,AWP,WE,Towers with Radar,0,0,0,0,0,0,79,8,0,87,0,79,8,0,87,6,0,6,93
09/19/2021,GCN,AZ,AWP,WE,Towers with Radar,0,0,4,1,5,0,133,8,0,141,0,133,12,1,146,16,0,16,162
09/20/2021,GCN,AZ,AWP,WE,Towers with Radar,0,0,5,2,7,0,141,12,1,154,0,141,17,3,161,8,0,8,169
09/21/2021,GCN,AZ,AWP,WE,Towers with Radar,0,0,6,1,7,0,123,18,1,142,0,123,24,2,149,16,2,18,167
09/22/2021,GCN,AZ,AWP,WE,Towers with Radar,0,2,0,0,2,0,130,4,0,134,0,132,4,0,136,0,0,0,136
09/23/2021,GCN,AZ,AWP,WE,Towers with Radar,0,7,3,2,12,0,145,7,0,152,0,152,10,2,164,0,0,0,164
09/24/2021,GCN,AZ,AWP,WE,Towers with Radar,0,1,0,1,2,0,98,4,1,103,0,99,4,2,105,0,6,6,111
09/25/2021,GCN,AZ,AWP,WE,Towers with Radar,0,1,3,0,4,0,108,14,0,122,0,109,17,0,126,0,0,0,126
09/26/2021,GCN,AZ,AWP,WE,Towers with Radar,0,3,0,0,3,0,79,4,0,83,0,82,4,0,86,22,0,22,108
09/27/2021,GCN,AZ,AWP,WE,Towers with Radar,0,0,3,0,3,0,128,16,2,146,0,128,19,2,149,2,0,2,151
09/28/2021,GCN,AZ,AWP,WE,Towers with Radar,0,0,12,1,13,0,67,5,0,72,0,67,17,1,85,0,0,0,85
09/29/2021,GCN,AZ,AWP,WE,Towers with Radar,0,0,4,0,4,0,89,5,0,94,0,89,9,0,98,0,0,0,98
09/30/2021,GCN,AZ,AWP,WE,Towers with Radar,0,0,4,0,4,0,125,6,0,131,0,125,10,0,135,0,0,0,135
10/01/2021,GCN,AZ,AWP,WE,Towers with Radar,0,0,1,0,1,0,120,7,0,127,0,120,8,0,128,0,0,0,128
10/02/2021,GCN,AZ,AWP,WE,Towers with Radar,0,2,1,0,3,0,101,15,0,116,0,103,16,0,119,0,0,0,119
10/03/2021,GCN,AZ,AWP,WE,Towers with Radar,0,0,2,0,2,0,92,13,0,105,0,92,15,0,107,17,0,17,124
10/04/2021,GCN,AZ,AWP,WE,Towers with Radar,0,0,0,0,0,0,145,8,0,153,0,145,8,0,153,0,0,0,153
10/05/2021,GCN,AZ,AWP,WE,Towers with Radar,0,0,0,0,0,0,18,2,0,20,0,18,2,0,20,0,0,0,20
10/06/2021,GCN,AZ,AWP,WE,Towers with Radar,0,1,0,0,1,0,143,3,0,146,0,144,3,0,147,0,0,0,147
10/07/2021,GCN,AZ,AWP,WE,Towers with Radar,0,0,1,0,1,0,125,1,2,128,0,125,2,2,129,0,0,0,129
10/08/2021,GCN,AZ,AWP,WE,Towers with Radar,0,1,2,0,3,0,92,0,0,92,0,93,2,0,95,0,0,0,95
10/09/2021,GCN,AZ,AWP,WE,Towers with Radar,0,0,8,0,8,0,164,14,0,178,0,164,22,0,186,3,0,3,189
10/10/2021,GCN,AZ,AWP,WE,Towers with Radar,0,0,1,0,1,0,138,18,0,156,0,138,19,0,157,5,0,5,162
10/11/2021,GCN,AZ,AWP,WE,Towers with Radar,0,0,0,0,0,0,70,4,0,74,0,70,4,0,74,0,0,0,74
10/12/2021,GCN,AZ,AWP,WE,Towers with Radar,0,0,0,0,0,0,1,0,0,1,0,1,0,0,1,0,0,0,1
10/13/2021,GCN,AZ,AWP,WE,Towers with Radar,0,0,0,0,0,0,141,15,2,158,0,141,15,2,158,23,0,23,181
10/14/2021,GCN,AZ,AWP,WE,Towers with Radar,0,1,6,2,9,0,119,15,0,134,0,120,21,2,143,0,0,0,143
10/15/2021,GCN,AZ,AWP,WE,Towers with Radar,0,4,3,0,7,0,123,4,0,127,0,127,7,0,134,0,0,0,134
10/16/2021,GCN,AZ,AWP,WE,Towers with Radar,0,6,2,0,8,0,127,12,0,139,0,133,14,0,147,0,0,0,147
10/17/2021,GCN,AZ,AWP,WE,Towers with Radar,0,1,2,2,5,0,99,21,1,121,0,100,23,3,126,4,4,8,134
10/18/2021,GCN,AZ,AWP,WE,Towers with Radar,0,1,2,0,3,0,58,6,1,65,0,59,8,1,68,0,0,0,68
10/19/2021,GCN,AZ,AWP,WE,Towers with Radar,0,2,0,0,2,0,131,6,0,137,0,133,6,0,139,0,0,0,139
10/20/2021,GCN,AZ,AWP,WE,Towers with Radar,0,2,4,0,6,0,106,3,0,109,0,108,7,0,115,0,0,0,115
10/21/2021,GCN,AZ,AWP,WE,Towers with Radar,0,4,5,0,9,0,97,13,0,110,0,101,18,0,119,2,0,2,121
10/22/2021,GCN,AZ,AWP,WE,Towers with Radar,0,1,2,0,3,0,137,13,0,150,0,138,15,0,153,10,0,10,163
10/23/2021,GCN,AZ,AWP,WE,Towers with Radar,0,0,3,0,3,0,82,2,2,86,0,82,5,2,89,0,10,10,99
10/24/2021,GCN,AZ,AWP,WE,Towers with Radar,0,0,3,0,3,0,90,4,0,94,0,90,7,0,97,0,0,0,97
10/25/2021,GCN,AZ,AWP,WE,Towers with Radar,0,0,0,0,0,0,62,4,2,68,0,62,4,2,68,0,2,2,70
10/26/2021,GCN,AZ,AWP,WE,Towers with Radar,0,0,0,0,0,0,81,5,0,86,0,81,5,0,86,0,0,0,86
10/27/2021,GCN,AZ,AWP,WE,Towers with Radar,0,1,7,2,10,0,78,14,0,92,0,79,21,2,102,0,0,0,102
10/28/2021,GCN,AZ,AWP,WE,Towers with Radar,0,0,0,0,0,0,86,2,0,88,0,86,2,0,88,0,0,0,88
10/29/2021,GCN,AZ,AWP,WE,Towers with Radar,0,3,0,0,3,0,90,4,2,96,0,93,4,2,99,13,4,17,116
10/30/2021,GCN,AZ,AWP,WE,Towers with Radar,0,2,6,0,8,0,114,15,0,129,0,116,21,0,137,0,0,0,137
10/31/2021,GCN,AZ,AWP,WE,Towers with Radar,0,0,2,0,2,0,70,5,0,75,0,70,7,0,77,0,0,0,77
11/01/2021,GCN,AZ,AWP,WE,Towers with Radar,0,0,0,0,0,0,66,0,4,70,0,66,0,4,70,0,0,0,70
11/02/2021,GCN,AZ,AWP,WE,Towers with Radar,0,0,2,0,2,0,77,5,0,82,0,77,7,0,84,0,0,0,84
11/03/2021,GCN,AZ,AWP,WE,Towers with Radar,0,0,0,0,0,0,86,4,0,90,0,86,4,0,90,0,0,0,90
11/04/2021,GCN,AZ,AWP,WE,Towers with Radar,0,0,4,0,4,0,92,5,0,97,0,92,9,0,101,0,0,0,101
11/05/2021,GCN,AZ,AWP,WE,Towers with Radar,0,4,10,0,14,0,99,6,0,105,0,103,16,0,119,0,0,0,119
11/06/2021,GCN,AZ,AWP,WE,Towers with Radar,0,4,4,0,8,0,119,12,0,131,0,123,16,0,139,0,0,0,139
11/07/2021,GCN,AZ,AWP,WE,Towers with Radar,0,0,10,0,10,0,99,8,0,107,0,99,18,0,117,10,0,10,127
11/08/2021,GCN,AZ,AWP,WE,Towers with Radar,0,2,0,0,2,0,89,10,0,99,0,91,10,0,101,0,0,0,101
11/09/2021,GCN,AZ,AWP,WE,Towers with Radar,0,0,0,0,0,0,67,5,1,73,0,67,5,1,73,22,0,22,95
11/10/2021,GCN,AZ,AWP,WE,Towers with Radar,0,0,2,1,3,0,90,10,8,108,0,90,12,9,111,12,0,12,123
11/11/2021,GCN,AZ,AWP,WE,Towers with Radar,0,1,5,0,6,0,99,7,0,106,0,100,12,0,112,0,0,0,112
11/12/2021,GCN,AZ,AWP,WE,Towers with Radar,0,0,6,0,6,0,91,12,0,103,0,91,18,0,109,0,0,0,109
11/13/2021,GCN,AZ,AWP,WE,Towers with Radar,0,1,2,0,3,0,104,6,0,110,0,105,8,0,113,0,0,0,113
11/14/2021,GCN,AZ,AWP,WE,Towers with Radar,0,0,2,1,3,0,107,15,1,123,0,107,17,2,126,0,0,0,126
11/15/2021,GCN,AZ,AWP,WE,Towers with Radar,0,1,7,0,8,0,79,3,0,82,0,80,10,0,90,2,0,2,92
11/16/2021,GCN,AZ,AWP,WE,Towers with Radar,0,0,1,0,1,0,62,3,10,75,0,62,4,10,76,0,0,0,76
11/17/2021,GCN,AZ,AWP,WE,Towers with Radar,0,1,6,0,7,0,65,10,0,75,0,66,16,0,82,0,0,0,82
11/18/2021,GCN,AZ,AWP,WE,Towers with Radar,0,0,2,0,2,0,59,5,0,64,0,59,7,0,66,11,0,11,77
11/19/2021,GCN,AZ,AWP,WE,Towers with Radar,0,2,0,0,2,0,87,2,0,89,0,89,2,0,91,1,0,1,92
11/20/2021,GCN,AZ,AWP,WE,Towers with Radar,0,2,1,0,3,0,106,10,0,116,0,108,11,0,119,6,0,6,125
11/21/2021,GCN,AZ,AWP,WE,Towers with Radar,0,0,0,0,0,0,106,11,0,117,0,106,11,0,117,0,0,0,117
11/22/2021,GCN,AZ,AWP,WE,Towers with Radar,0,0,6,4,10,0,143,13,0,156,0,143,19,4,166,2,0,2,168
11/23/2021,GCN,AZ,AWP,WE,Towers with Radar,0,0,9,0,9,0,127,10,0,137,0,127,19,0,146,0,0,0,146
11/24/2021,GCN,AZ,AWP,WE,Towers with Radar,0,0,7,0,7,0,155,10,0,165,0,155,17,0,172,6,0,6,178
11/25/2021,GCN,AZ,AWP,WE,Towers with Radar,0,2,0,0,2,0,109,10,0,119,0,111,10,0,121,6,0,6,127
11/26/2021,GCN,AZ,AWP,WE,Towers with Radar,0,0,2,0,2,0,146,8,0,154,0,146,10,0,156,1,0,1,157
11/27/2021,GCN,AZ,AWP,WE,Towers with Radar,0,2,2,0,4,0,102,16,0,118,0,104,18,0,122,6,0,6,128
11/28/2021,GCN,AZ,AWP,WE,Towers with Radar,0,1,2,0,3,0,73,11,0,84,0,74,13,0,87,0,0,0,87
11/29/2021,GCN,AZ,AWP,WE,Towers with Radar,0,0,0,0,0,0,47,0,0,47,0,47,0,0,47,0,0,0,47
11/30/2021,GCN,AZ,AWP,WE,Towers with Radar,0,0,0,0,0,0,44,2,0,46,0,44,2,0,46,0,0,0,46
12/01/2021,GCN,AZ,AWP,WE,Towers with Radar,0,0,0,0,0,0,27,0,0,27,0,27,0,0,27,0,0,0,27
12/02/2021,GCN,AZ,AWP,WE,Towers with Radar,0,0,0,0,0,0,33,0,0,33,0,33,0,0,33,0,0,0,33
12/03/2021,GCN,AZ,AWP,WE,Towers with Radar,0,0,0,0,0,0,53,0,0,53,0,53,0,0,53,0,0,0,53
12/04/2021,GCN,AZ,AWP,WE,Towers with Radar,0,0,3,0,3,0,45,9,0,54,0,45,12,0,57,0,0,0,57
12/05/2021,GCN,AZ,AWP,WE,Towers with Radar,0,0,4,0,4,0,60,12,2,74,0,60,16,2,78,0,0,0,78
12/06/2021,GCN,AZ,AWP,WE,Towers with Radar,0,0,0,0,0,0,46,3,0,49,0,46,3,0,49,0,0,0,49
12/07/2021,GCN,AZ,AWP,WE,Towers with Radar,0,0,0,0,0,0,0,0,0,0,0,0,0,0,0,0,0,0,0
12/08/2021,GCN,AZ,AWP,WE,Towers with Radar,0,0,0,0,0,0,61,0,0,61,0,61,0,0,61,0,0,0,61
12/09/2021,GCN,AZ,AWP,WE,Towers with Radar,0,0,0,0,0,0,11,0,0,11,0,11,0,0,11,5,0,5,16
12/10/2021,GCN,AZ,AWP,WE,Towers with Radar,0,0,0,0,0,0,36,1,0,37,0,36,1,0,37,0,0,0,37
12/11/2021,GCN,AZ,AWP,WE,Towers with Radar,0,0,4,0,4,0,43,5,0,48,0,43,9,0,52,0,0,0,52
12/12/2021,GCN,AZ,AWP,WE,Towers with Radar,0,0,0,0,0,0,35,6,0,41,0,35,6,0,41,0,0,0,41
12/13/2021,GCN,AZ,AWP,WE,Towers with Radar,0,0,0,0,0,0,53,2,0,55,0,53,2,0,55,0,0,0,55
12/14/2021,GCN,AZ,AWP,WE,Towers with Radar,0,0,0,0,0,0,22,0,0,22,0,22,0,0,22,0,0,0,22
12/15/2021,GCN,AZ,AWP,WE,Towers with Radar,0,6,0,0,6,0,28,0,2,30,0,34,0,2,36,0,0,0,36
12/16/2021,GCN,AZ,AWP,WE,Towers with Radar,0,0,0,0,0,0,76,0,0,76,0,76,0,0,76,0,0,0,76
12/17/2021,GCN,AZ,AWP,WE,Towers with Radar,0,0,2,0,2,0,59,0,0,59,0,59,2,0,61,0,0,0,61
12/18/2021,GCN,AZ,AWP,WE,Towers with Radar,0,0,0,0,0,0,66,3,0,69,0,66,3,0,69,4,0,4,73
12/19/2021,GCN,AZ,AWP,WE,Towers with Radar,0,2,1,0,3,0,59,10,0,69,0,61,11,0,72,6,0,6,78
12/20/2021,GCN,AZ,AWP,WE,Towers with Radar,0,0,2,0,2,0,96,6,0,102,0,96,8,0,104,0,0,0,104
12/21/2021,GCN,AZ,AWP,WE,Towers with Radar,0,0,2,4,6,0,103,7,0,110,0,103,9,4,116,4,0,4,120
12/22/2021,GCN,AZ,AWP,WE,Towers with Radar,0,6,1,0,7,0,130,6,0,136,0,136,7,0,143,2,0,2,145
12/23/2021,GCN,AZ,AWP,WE,Towers with Radar,0,0,1,0,1,0,69,3,0,72,0,69,4,0,73,0,0,0,73
12/24/2021,GCN,AZ,AWP,WE,Towers with Radar,0,0,0,0,0,0,0,0,0,0,0,0,0,0,0,0,0,0,0
12/25/2021,GCN,AZ,AWP,WE,Towers with Radar,0,0,0,0,0,0,16,0,0,16,0,16,0,0,16,0,0,0,16
12/26/2021,GCN,AZ,AWP,WE,Towers with Radar,0,0,0,0,0,0,7,0,0,7,0,7,0,0,7,0,0,0,7
12/27/2021,GCN,AZ,AWP,WE,Towers with Radar,0,0,0,0,0,0,49,2,0,51,0,49,2,0,51,0,0,0,51
12/28/2021,GCN,AZ,AWP,WE,Towers with Radar,0,0,0,0,0,0,0,0,0,0,0,0,0,0,0,0,0,0,0
12/29/2021,GCN,AZ,AWP,WE,Towers with Radar,0,0,0,0,0,0,0,0,0,0,0,0,0,0,0,0,0,0,0
12/30/2021,GCN,AZ,AWP,WE,Towers with Radar,0,0,0,0,0,0,0,0,0,0,0,0,0,0,0,0,0,0,0
12/31/2021,GCN,AZ,AWP,WE,Towers with Radar,0,0,0,0,0,0,0,0,0,0,0,0,0,0,0,0,0,0,0
01/01/2022,GCN,AZ,AWP,WE,Towers with Radar,0,0,0,0,0,0,91,2,0,93,0,91,2,0,93,0,0,0,93
01/02/2022,GCN,AZ,AWP,WE,Towers with Radar,0,0,1,0,1,0,77,0,0,77,0,77,1,0,78,2,0,2,80
01/03/2022,GCN,AZ,AWP,WE,Towers with Radar,0,0,0,0,0,0,68,1,0,69,0,68,1,0,69,0,0,0,69
01/04/2022,GCN,AZ,AWP,WE,Towers with Radar,0,0,6,0,6,0,43,6,2,51,0,43,12,2,57,0,0,0,57
01/05/2022,GCN,AZ,AWP,WE,Towers with Radar,0,0,0,1,1,0,52,10,1,63,0,52,10,2,64,0,0,0,64
01/06/2022,GCN,AZ,AWP,WE,Towers with Radar,0,1,4,3,8,0,63,9,2,74,0,64,13,5,82,9,10,19,101
01/07/2022,GCN,AZ,AWP,WE,Towers with Radar,0,1,0,0,1,0,32,7,0,39,0,33,7,0,40,0,0,0,40
01/08/2022,GCN,AZ,AWP,WE,Towers with Radar,0,0,0,0,0,0,41,6,0,47,0,41,6,0,47,0,0,0,47
01/09/2022,GCN,AZ,AWP,WE,Towers with Radar,0,0,1,0,1,0,47,4,0,51,0,47,5,0,52,0,0,0,52
01/10/2022,GCN,AZ,AWP,WE,Towers with Radar,0,0,0,0,0,0,35,3,0,38,0,35,3,0,38,0,0,0,38
01/11/2022,GCN,AZ,AWP,WE,Towers with Radar,0,0,2,0,2,0,44,1,2,47,0,44,3,2,49,0,0,0,49
01/12/2022,GCN,AZ,AWP,WE,Towers with Radar,0,2,6,2,10,0,50,6,0,56,0,52,12,2,66,0,0,0,66
01/13/2022,GCN,AZ,AWP,WE,Towers with Radar,0,0,1,4,5,0,27,10,3,40,0,27,11,7,45,8,0,8,53
01/14/2022,GCN,AZ,AWP,WE,Towers with Radar,0,0,5,4,9,0,30,4,0,34,0,30,9,4,43,0,0,0,43
01/15/2022,GCN,AZ,AWP,WE,Towers with Radar,0,0,1,0,1,0,40,3,0,43,0,40,4,0,44,0,0,0,44
01/16/2022,GCN,AZ,AWP,WE,Towers with Radar,0,0,5,0,5,0,58,9,0,67,0,58,14,0,72,15,0,15,87
01/17/2022,GCN,AZ,AWP,WE,Towers with Radar,0,7,1,0,8,0,57,13,0,70,0,64,14,0,78,0,0,0,78
01/18/2022,GCN,AZ,AWP,WE,Towers with Radar,0,0,2,0,2,0,0,0,0,0,0,0,2,0,2,0,0,0,2
01/19/2022,GCN,AZ,AWP,WE,Towers with Radar,0,2,5,0,7,1,40,3,0,44,1,42,8,0,51,6,0,6,57
01/20/2022,GCN,AZ,AWP,WE,Towers with Radar,0,0,2,2,4,0,75,5,0,80,0,75,7,2,84,0,0,0,84
01/21/2022,GCN,AZ,AWP,WE,Towers with Radar,0,0,0,2,2,0,30,0,0,30,0,30,0,2,32,0,0,0,32
01/22/2022,GCN,AZ,AWP,WE,Towers with Radar,0,0,0,0,0,0,18,2,0,20,0,18,2,0,20,0,0,0,20
01/23/2022,GCN,AZ,AWP,WE,Towers with Radar,0,2,6,0,8,0,49,2,0,51,0,51,8,0,59,0,0,0,59
01/24/2022,GCN,AZ,AWP,WE,Towers with Radar,0,0,1,2,3,0,34,3,0,37,0,34,4,2,40,0,0,0,40
01/25/2022,GCN,AZ,AWP,WE,Towers with Radar,0,0,2,0,2,0,39,2,3,44,0,39,4,3,46,0,0,0,46
01/26/2022,GCN,AZ,AWP,WE,Towers with Radar,0,0,4,0,4,0,42,7,2,51,0,42,11,2,55,10,2,12,67
01/27/2022,GCN,AZ,AWP,WE,Towers with Radar,0,1,1,2,4,0,45,4,2,51,0,46,5,4,55,0,0,0,55
01/28/2022,GCN,AZ,AWP,WE,Towers with Radar,0,0,1,1,2,0,34,6,5,45,0,34,7,6,47,0,0,0,47
01/29/2022,GCN,AZ,AWP,WE,Towers with Radar,0,0,13,0,13,0,62,8,0,70,0,62,21,0,83,0,0,0,83
01/30/2022,GCN,AZ,AWP,WE,Towers with Radar,0,0,2,0,2,0,53,20,2,75,0,53,22,2,77,17,0,17,94
01/31/2022,GCN,AZ,AWP,WE,Towers with Radar,0,6,0,2,8,0,39,4,0,43,0,45,4,2,51,22,0,22,73
02/01/2022,GCN,AZ,AWP,WE,Towers with Radar,0,0,2,0,2,0,35,5,2,42,0,35,7,2,44,0,0,0,44
02/02/2022,GCN,AZ,AWP,WE,Towers with Radar,0,0,0,6,6,0,33,2,2,37,0,33,2,8,43,10,0,10,53
02/03/2022,GCN,AZ,AWP,WE,Towers with Radar,0,0,4,0,4,0,42,11,0,53,0,42,15,0,57,6,0,6,63
02/04/2022,GCN,AZ,AWP,WE,Towers with Radar,0,0,3,2,5,0,42,6,1,49,0,42,9,3,54,0,4,4,58
02/05/2022,GCN,AZ,AWP,WE,Towers with Radar,0,0,0,0,0,0,59,19,0,78,0,59,19,0,78,5,0,5,83
02/06/2022,GCN,AZ,AWP,WE,Towers with Radar,0,0,2,1,3,0,39,4,3,46,0,39,6,4,49,0,0,0,49
02/07/2022,GCN,AZ,AWP,WE,Towers with Radar,0,0,6,0,6,0,55,8,0,63,0,55,14,0,69,39,0,39,108
02/08/2022,GCN,AZ,AWP,WE,Towers with Radar,0,2,8,4,14,0,37,10,0,47,0,39,18,4,61,20,0,20,81
02/09/2022,GCN,AZ,AWP,WE,Towers with Radar,0,0,2,2,4,0,50,6,2,58,0,50,8,4,62,0,0,0,62
02/10/2022,GCN,AZ,AWP,WE,Towers with Radar,0,1,1,0,2,0,60,10,0,70,0,61,11,0,72,44,0,44,116
02/11/2022,GCN,AZ,AWP,WE,Towers with Radar,0,0,3,7,10,0,60,6,1,67,0,60,9,8,77,0,20,20,97
02/12/2022,GCN,AZ,AWP,WE,Towers with Radar,0,4,5,0,9,0,58,13,0,71,0,62,18,0,80,9,0,9,89
02/13/2022,GCN,AZ,AWP,WE,Towers with Radar,0,0,4,0,4,0,60,11,0,71,0,60,15,0,75,2,0,2,77
02/14/2022,GCN,AZ,AWP,WE,Towers with Radar,0,25,1,0,26,0,77,14,0,91,0,102,15,0,117,46,0,46,163
02/15/2022,GCN,AZ,AWP,WE,Towers with Radar,0,22,0,0,22,0,42,8,2,52,0,64,8,2,74,5,0,5,79
02/16/2022,GCN,AZ,AWP,WE,Towers with Radar,0,13,0,0,13,0,31,1,0,32,0,44,1,0,45,0,0,0,45
02/17/2022,GCN,AZ,AWP,WE,Towers with Radar,0,23,3,0,26,0,98,10,3,111,0,121,13,3,137,15,1,16,153
02/18/2022,GCN,AZ,AWP,WE,Towers with Radar,0,24,6,0,30,0,90,23,0,113,0,114,29,0,143,31,0,31,174
02/19/2022,GCN,AZ,AWP,WE,Towers with Radar,0,0,8,0,8,0,93,16,0,109,0,93,24,0,117,15,0,15,132
02/20/2022,GCN,AZ,AWP,WE,Towers with Radar,0,0,0,2,2,0,112,15,0,127,0,112,15,2,129,4,0,4,133
02/21/2022,GCN,AZ,AWP,WE,Towers with Radar,0,3,4,0,7,0,40,6,0,46,0,43,10,0,53,20,0,20,73
02/22/2022,GCN,AZ,AWP,WE,Towers with Radar,0,0,4,0,4,0,13,0,0,13,0,13,4,0,17,0,0,0,17
02/23/2022,GCN,AZ,AWP,WE,Towers with Radar,0,0,1,0,1,0,0,0,0,0,0,0,1,0,1,0,0,0,1
02/24/2022,GCN,AZ,AWP,WE,Towers with Radar,0,0,2,0,2,0,95,5,0,100,0,95,7,0,102,0,0,0,102
02/25/2022,GCN,AZ,AWP,WE,Towers with Radar,0,27,1,6,34,0,126,6,0,132,0,153,7,6,166,22,0,22,188
02/26/2022,GCN,AZ,AWP,WE,Towers with Radar,0,0,3,1,4,0,80,11,1,92,0,80,14,2,96,13,6,19,115
02/27/2022,GCN,AZ,AWP,WE,Towers with Radar,0,0,2,2,4,0,72,14,4,90,0,72,16,6,94,0,0,0,94
02/28/2022,GCN,AZ,AWP,WE,Towers with Radar,0,0,0,0,0,0,82,4,0,86,0,82,4,0,86,59,0,59,145
03/01/2022,GCN,AZ,AWP,WE,Towers with Radar,0,6,8,4,18,0,68,10,4,82,0,74,18,8,100,20,2,22,122
03/02/2022,GCN,AZ,AWP,WE,Towers with Radar,0,0,1,1,2,0,66,4,2,72,0,66,5,3,74,6,0,6,80
03/03/2022,GCN,AZ,AWP,WE,Towers with Radar,0,1,0,0,1,0,107,4,0,111,0,108,4,0,112,6,0,6,118
03/04/2022,GCN,AZ,AWP,WE,Towers with Radar,0,0,0,0,0,0,37,0,4,41,0,37,0,4,41,0,0,0,41
03/05/2022,GCN,AZ,AWP,WE,Towers with Radar,0,0,0,0,0,0,0,0,0,0,0,0,0,0,0,0,0,0,0
03/06/2022,GCN,AZ,AWP,WE,Towers with Radar,0,0,4,0,4,0,55,3,0,58,0,55,7,0,62,4,0,4,66
03/07/2022,GCN,AZ,AWP,WE,Towers with Radar,0,1,0,2,3,0,14,2,0,16,0,15,2,2,19,0,0,0,19
03/08/2022,GCN,AZ,AWP,WE,Towers with Radar,0,1,0,2,3,0,139,4,0,143,0,140,4,2,146,4,0,4,150
03/09/2022,GCN,AZ,AWP,WE,Towers with Radar,0,6,4,0,10,0,139,3,2,144,0,145,7,2,154,2,0,2,156
03/10/2022,GCN,AZ,AWP,WE,Towers with Radar,0,0,2,0,2,0,0,0,0,0,0,0,2,0,2,0,0,0,2
03/11/2022,GCN,AZ,AWP,WE,Towers with Radar,0,6,3,0,9,0,147,9,0,156,0,153,12,0,165,0,0,0,165
03/12/2022,GCN,AZ,AWP,WE,Towers with Radar,0,0,9,0,9,0,132,9,0,141,0,132,18,0,150,0,0,0,150
03/13/2022,GCN,AZ,AWP,WE,Towers with Radar,0,6,1,0,7,0,149,10,0,159,0,155,11,0,166,0,0,0,166
03/14/2022,GCN,AZ,AWP,WE,Towers with Radar,0,4,6,2,12,0,176,10,0,186,0,180,16,2,198,0,22,22,220
03/15/2022,GCN,AZ,AWP,WE,Towers with Radar,0,0,6,2,8,0,215,22,0,237,0,215,28,2,245,6,0,6,251
03/16/2022,GCN,AZ,AWP,WE,Towers with Radar,0,4,3,4,11,0,179,4,0,183,0,183,7,4,194,0,0,0,194
03/17/2022,GCN,AZ,AWP,WE,Towers with Radar,0,2,4,2,8,0,179,13,1,193,0,181,17,3,201,0,21,21,222
03/18/2022,GCN,AZ,AWP,WE,Towers with Radar,0,0,3,0,3,0,195,11,2,208,0,195,14,2,211,0,0,0,211
03/19/2022,GCN,AZ,AWP,WE,Towers with Radar,0,0,7,0,7,0,155,10,0,165,0,155,17,0,172,33,0,33,205
03/20/2022,GCN,AZ,AWP,WE,Towers with Radar,0,2,0,0,2,0,80,0,0,80,0,82,0,0,82,20,0,20,102
03/21/2022,GCN,AZ,AWP,WE,Towers with Radar,0,0,1,2,3,0,168,9,0,177,0,168,10,2,180,0,0,0,180
03/22/2022,GCN,AZ,AWP,WE,Towers with Radar,0,0,3,0,3,0,153,7,0,160,0,153,10,0,163,1,0,1,164
03/23/2022,GCN,AZ,AWP,WE,Towers with Radar,0,2,1,0,3,0,153,4,0,157,0,155,5,0,160,0,0,0,160
03/24/2022,GCN,AZ,AWP,WE,Towers with Radar,0,0,2,0,2,0,151,4,0,155,0,151,6,0,157,2,0,2,159
03/25/2022,GCN,AZ,AWP,WE,Towers with Radar,0,5,2,0,7,0,183,2,0,185,0,188,4,0,192,82,0,82,274
03/26/2022,GCN,AZ,AWP,WE,Towers with Radar,0,0,3,0,3,0,147,18,0,165,0,147,21,0,168,12,0,12,180
03/27/2022,GCN,AZ,AWP,WE,Towers with Radar,0,0,4,0,4,0,146,4,6,156,0,146,8,6,160,0,0,0,160
03/28/2022,GCN,AZ,AWP,WE,Towers with Radar,0,0,2,0,2,0,64,0,0,64,0,64,2,0,66,0,0,0,66
03/29/2022,GCN,AZ,AWP,WE,Towers with Radar,0,0,0,0,0,0,0,1,0,1,0,0,1,0,1,0,0,0,1
03/30/2022,GCN,AZ,AWP,WE,Towers with Radar,0,0,5,0,5,0,182,10,0,192,0,182,15,0,197,0,8,8,205
03/31/2022,GCN,AZ,AWP,WE,Towers with Radar,0,5,2,1,8,0,187,5,1,193,0,192,7,2,201,16,0,16,217
04/01/2022,GCN,AZ,AWP,WE,Towers with Radar,0,8,3,1,12,0,165,11,1,177,0,173,14,2,189,0,4,4,193
04/02/2022,GCN,AZ,AWP,WE,Towers with Radar,0,0,13,0,13,0,197,17,0,214,0,197,30,0,227,0,0,0,227
04/03/2022,GCN,AZ,AWP,WE,Towers with Radar,0,2,0,0,2,0,143,6,0,149,0,145,6,0,151,0,0,0,151
04/04/2022,GCN,AZ,AWP,WE,Towers with Radar,0,10,0,3,13,0,167,3,0,170,0,177,3,3,183,2,29,31,214
04/05/2022,GCN,AZ,AWP,WE,Towers with Radar,0,0,0,0,0,0,37,5,6,48,0,37,5,6,48,0,6,6,54
04/06/2022,GCN,AZ,AWP,WE,Towers with Radar,0,17,6,0,23,0,208,16,0,224,0,225,22,0,247,0,0,0,247
04/07/2022,GCN,AZ,AWP,WE,Towers with Radar,0,19,6,8,33,0,186,7,0,193,0,205,13,8,226,4,0,4,230
04/08/2022,GCN,AZ,AWP,WE,Towers with Radar,0,22,12,0,34,0,183,10,0,193,0,205,22,0,227,64,0,64,291
04/09/2022,GCN,AZ,AWP,WE,Towers with Radar,0,0,0,0,0,0,108,14,0,122,0,108,14,0,122,0,0,0,122
04/10/2022,GCN,AZ,AWP,WE,Towers with Radar,0,2,4,0,6,0,198,17,0,215,0,200,21,0,221,2,0,2,223
04/11/2022,GCN,AZ,AWP,WE,Towers with Radar,0,1,2,2,5,0,102,2,1,105,0,103,4,3,110,0,0,0,110
04/12/2022,GCN,AZ,AWP,WE,Towers with Radar,0,0,1,0,1,0,165,4,0,169,0,165,5,0,170,2,0,2,172
04/13/2022,GCN,AZ,AWP,WE,Towers with Radar,0,0,5,0,5,0,225,6,2,233,0,225,11,2,238,0,4,4,242
04/14/2022,GCN,AZ,AWP,WE,Towers with Radar,0,7,5,0,12,0,250,11,0,261,0,257,16,0,273,0,0,0,273
04/15/2022,GCN,AZ,AWP,WE,Towers with Radar,0,10,10,0,20,0,289,4,0,293,0,299,14,0,313,0,0,0,313
04/16/2022,GCN,AZ,AWP,WE,Towers with Radar,0,2,0,0,2,0,111,0,0,111,0,113,0,0,113,0,0,0,113
04/17/2022,GCN,AZ,AWP,WE,Towers with Radar,0,2,3,0,5,0,225,12,0,237,0,227,15,0,242,0,0,0,242
04/18/2022,GCN,AZ,AWP,WE,Towers with Radar,0,9,5,0,14,0,233,12,0,245,0,242,17,0,259,7,0,7,266
04/19/2022,GCN,AZ,AWP,WE,Towers with Radar,0,10,6,0,16,0,130,0,0,130,0,140,6,0,146,47,0,47,193
04/20/2022,GCN,AZ,AWP,WE,Towers with Radar,0,10,5,0,15,0,244,11,0,255,0,254,16,0,270,4,0,4,274
04/21/2022,GCN,AZ,AWP,WE,Towers with Radar,0,2,0,0,2,0,110,2,0,112,0,112,2,0,114,0,0,0,114
04/22/2022,GCN,AZ,AWP,WE,Towers with Radar,0,0,1,0,1,0,30,1,0,31,0,30,2,0,32,0,0,0,32
04/23/2022,GCN,AZ,AWP,WE,Towers with Radar,0,4,8,0,12,0,195,14,0,209,0,199,22,0,221,2,0,2,223
04/24/2022,GCN,AZ,AWP,WE,Towers with Radar,0,0,17,0,17,0,145,16,0,161,0,145,33,0,178,2,0,2,180
04/25/2022,GCN,AZ,AWP,WE,Towers with Radar,0,8,3,1,12,0,136,2,8,146,0,144,5,9,158,6,6,12,170
04/26/2022,GCN,AZ,AWP,WE,Towers with Radar,0,2,7,0,9,0,170,12,2,184,0,172,19,2,193,34,0,34,227
04/27/2022,GCN,AZ,AWP,WE,Towers with Radar,0,12,0,0,12,0,170,6,0,176,0,182,6,0,188,19,0,19,207
04/28/2022,GCN,AZ,AWP,WE,Towers with Radar,0,1,5,0,6,0,170,6,0,176,0,171,11,0,182,2,0,2,184
04/29/2022,GCN,AZ,AWP,WE,Towers with Radar,0,0,4,0,4,0,173,5,0,178,0,173,9,0,182,12,0,12,194
04/30/2022,GCN,AZ,AWP,WE,Towers with Radar,0,0,3,0,3,0,174,8,0,182,0,174,11,0,185,0,0,0,185
05/01/2022,GCN,AZ,AWP,WE,Towers with Radar,0,0,1,0,1,0,46,1,0,47,0,46,2,0,48,0,0,0,48
05/02/2022,GCN,AZ,AWP,WE,Towers with Radar,0,0,7,0,7,0,215,12,0,227,0,215,19,0,234,2,0,2,236
05/03/2022,GCN,AZ,AWP,WE,Towers with Radar,0,0,2,0,2,0,91,0,2,93,0,91,2,2,95,0,0,0,95
05/04/2022,GCN,AZ,AWP,WE,Towers with Radar,0,0,1,0,1,0,185,8,0,193,0,185,9,0,194,36,0,36,230
05/05/2022,GCN,AZ,AWP,WE,Towers with Radar,0,2,2,1,5,0,191,8,1,200,0,193,10,2,205,4,0,4,209
05/06/2022,GCN,AZ,AWP,WE,Towers with Radar,0,0,3,0,3,0,211,10,0,221,0,211,13,0,224,53,0,53,277
05/07/2022,GCN,AZ,AWP,WE,Towers with Radar,0,0,3,0,3,0,61,5,0,66,0,61,8,0,69,0,0,0,69
05/08/2022,GCN,AZ,AWP,WE,Towers with Radar,0,0,0,0,0,0,50,2,0,52,0,50,2,0,52,0,0,0,52
05/09/2022,GCN,AZ,AWP,WE,Towers with Radar,0,0,2,0,2,0,116,2,0,118,0,116,4,0,120,0,0,0,120
05/10/2022,GCN,AZ,AWP,WE,Towers with Radar,0,8,0,0,8,0,123,3,4,130,0,131,3,4,138,18,0,18,156
05/11/2022,GCN,AZ,AWP,WE,Towers with Radar,0,0,2,0,2,0,73,4,0,77,0,73,6,0,79,0,0,0,79
05/12/2022,GCN,AZ,AWP,WE,Towers with Radar,0,1,0,2,3,0,211,6,0,217,0,212,6,2,220,2,0,2,222
05/13/2022,GCN,AZ,AWP,WE,Towers with Radar,0,2,3,0,5,0,216,11,0,227,0,218,14,0,232,0,0,0,232
05/14/2022,GCN,AZ,AWP,WE,Towers with Radar,0,0,0,2,2,0,172,8,0,180,0,172,8,2,182,0,0,0,182
05/15/2022,GCN,AZ,AWP,WE,Towers with Radar,0,2,6,6,14,0,214,3,0,217,0,216,9,6,231,0,2,2,233
05/16/2022,GCN,AZ,AWP,WE,Towers with Radar,0,0,3,0,3,0,241,9,0,250,0,241,12,0,253,0,0,0,253
05/17/2022,GCN,AZ,AWP,WE,Towers with Radar,0,32,4,0,36,0,234,7,0,241,0,266,11,0,277,29,0,29,306
05/18/2022,GCN,AZ,AWP,WE,Towers with Radar,0,24,0,0,24,0,218,9,0,227,0,242,9,0,251,0,0,0,251
05/19/2022,GCN,AZ,AWP,WE,Towers with Radar,0,2,3,2,7,0,175,3,0,178,0,177,6,2,185,0,0,0,185
05/20/2022,GCN,AZ,AWP,WE,Towers with Radar,0,19,1,0,20,0,118,0,0,118,0,137,1,0,138,6,0,6,144
05/21/2022,GCN,AZ,AWP,WE,Towers with Radar,0,7,6,0,13,0,192,9,0,201,0,199,15,0,214,4,0,4,218
05/22/2022,GCN,AZ,AWP,WE,Towers with Radar,0,0,8,0,8,0,173,4,0,177,0,173,12,0,185,0,0,0,185
05/23/2022,GCN,AZ,AWP,WE,Towers with Radar,0,0,6,0,6,0,189,4,0,193,0,189,10,0,199,0,0,0,199
05/24/2022,GCN,AZ,AWP,WE,Towers with Radar,0,0,1,0,1,0,210,1,0,211,0,210,2,0,212,0,0,0,212
05/25/2022,GCN,AZ,AWP,WE,Towers with Radar,0,0,6,0,6,0,209,0,0,209,0,209,6,0,215,6,0,6,221
05/26/2022,GCN,AZ,AWP,WE,Towers with Radar,0,16,2,1,19,0,238,2,1,241,0,254,4,2,260,0,4,4,264
05/27/2022,GCN,AZ,AWP,WE,Towers with Radar,0,1,1,0,2,0,231,5,0,236,0,232,6,0,238,2,0,2,240
05/28/2022,GCN,AZ,AWP,WE,Towers with Radar,0,2,0,0,2,0,89,7,0,96,0,91,7,0,98,0,0,0,98
05/29/2022,GCN,AZ,AWP,WE,Towers with Radar,0,0,0,0,0,0,136,3,0,139,0,136,3,0,139,0,0,0,139
05/30/2022,GCN,AZ,AWP,WE,Towers with Radar,0,0,0,0,0,0,250,7,0,257,0,250,7,0,257,12,0,12,269
05/31/2022,GCN,AZ,AWP,WE,Towers with Radar,0,7,3,2,12,0,239,9,2,250,0,246,12,4,262,2,0,2,264
06/01/2022,GCN,AZ,AWP,WE,Towers with Radar,0,0,0,0,0,0,181,11,0,192,0,181,11,0,192,1,0,1,193
06/02/2022,GCN,AZ,AWP,WE,Towers with Radar,0,0,0,0,0,0,207,2,2,211,0,207,2,2,211,0,0,0,211
06/03/2022,GCN,AZ,AWP,WE,Towers with Radar,0,0,2,1,3,0,224,11,1,236,0,224,13,2,239,14,0,14,253
06/04/2022,GCN,AZ,AWP,WE,Towers with Radar,0,0,2,2,4,0,207,9,10,226,0,207,11,12,230,0,2,2,232
06/05/2022,GCN,AZ,AWP,WE,Towers with Radar,0,0,0,0,0,0,181,12,0,193,0,181,12,0,193,2,0,2,195
06/06/2022,GCN,AZ,AWP,WE,Towers with Radar,0,0,7,1,8,0,210,10,0,220,0,210,17,1,228,0,0,0,228
06/07/2022,GCN,AZ,AWP,WE,Towers with Radar,0,2,6,0,8,0,196,8,0,204,0,198,14,0,212,0,0,0,212
06/08/2022,GCN,AZ,AWP,WE,Towers with Radar,0,1,0,0,1,0,253,4,0,257,0,254,4,0,258,2,0,2,260
06/09/2022,GCN,AZ,AWP,WE,Towers with Radar,0,15,1,0,16,0,239,7,0,246,0,254,8,0,262,2,0,2,264
06/10/2022,GCN,AZ,AWP,WE,Towers with Radar,0,9,2,0,11,0,242,2,0,244,0,251,4,0,255,2,0,2,257
06/11/2022,GCN,AZ,AWP,WE,Towers with Radar,0,0,5,0,5,0,240,2,0,242,0,240,7,0,247,0,0,0,247
06/12/2022,GCN,AZ,AWP,WE,Towers with Radar,0,0,4,0,4,0,93,4,0,97,0,93,8,0,101,0,0,0,101
06/13/2022,GCN,AZ,AWP,WE,Towers with Radar,0,2,2,0,4,0,65,6,0,71,0,67,8,0,75,0,0,0,75
06/14/2022,GCN,AZ,AWP,WE,Towers with Radar,0,0,7,0,7,0,252,8,0,260,0,252,15,0,267,11,0,11,278
06/15/2022,GCN,AZ,AWP,WE,Towers with Radar,0,0,2,0,2,0,170,6,2,178,0,170,8,2,180,2,0,2,182
06/16/2022,GCN,AZ,AWP,WE,Towers with Radar,0,2,2,0,4,0,204,8,2,214,0,206,10,2,218,2,0,2,220
06/17/2022,GCN,AZ,AWP,WE,Towers with Radar,0,2,3,0,5,0,97,5,2,104,0,99,8,2,109,0,0,0,109
06/18/2022,GCN,AZ,AWP,WE,Towers with Radar,0,0,5,0,5,0,73,3,0,76,0,73,8,0,81,0,0,0,81
06/19/2022,GCN,AZ,AWP,WE,Towers with Radar,0,1,1,0,2,0,105,3,0,108,0,106,4,0,110,0,0,0,110
06/20/2022,GCN,AZ,AWP,WE,Towers with Radar,0,1,3,0,4,0,236,8,0,244,0,237,11,0,248,0,0,0,248
06/21/2022,GCN,AZ,AWP,WE,Towers with Radar,0,0,0,0,0,0,251,7,0,258,0,251,7,0,258,0,0,0,258
06/22/2022,GCN,AZ,AWP,WE,Towers with Radar,0,0,2,0,2,0,199,7,0,206,0,199,9,0,208,10,0,10,218
06/23/2022,GCN,AZ,AWP,WE,Towers with Radar,0,1,1,0,2,0,201,6,0,207,0,202,7,0,209,4,0,4,213
06/24/2022,GCN,AZ,AWP,WE,Towers with Radar,0,0,3,0,3,0,138,6,0,144,0,138,9,0,147,0,0,0,147
06/25/2022,GCN,AZ,AWP,WE,Towers with Radar,0,2,0,0,2,0,197,6,0,203,0,199,6,0,205,0,0,0,205
06/26/2022,GCN,AZ,AWP,WE,Towers with Radar,0,0,1,0,1,0,121,6,0,127,0,121,7,0,128,0,0,0,128
06/27/2022,GCN,AZ,AWP,WE,Towers with Radar,0,0,0,0,0,0,157,11,2,170,0,157,11,2,170,0,0,0,170
06/28/2022,GCN,AZ,AWP,WE,Towers with Radar,0,0,6,0,6,0,173,9,0,182,0,173,15,0,188,4,0,4,192
06/29/2022,GCN,AZ,AWP,WE,Towers with Radar,0,8,2,0,10,0,141,10,0,151,0,149,12,0,161,9,0,9,170
06/30/2022,GCN,AZ,AWP,WE,Towers with Radar,0,0,2,0,2,0,197,5,0,202,0,197,7,0,204,0,0,0,204
07/01/2022,GCN,AZ,AWP,WE,Towers with Radar,0,0,2,0,2,0,184,8,0,192,0,184,10,0,194,0,0,0,194
07/02/2022,GCN,AZ,AWP,WE,Towers with Radar,0,0,0,0,0,0,174,2,0,176,0,174,2,0,176,0,0,0,176
07/03/2022,GCN,AZ,AWP,WE,Towers with Radar,0,0,0,0,0,0,193,10,0,203,0,193,10,0,203,4,0,4,207
07/04/2022,GCN,AZ,AWP,WE,Towers with Radar,0,1,2,0,3,0,185,0,0,185,0,186,2,0,188,0,0,0,188
07/05/2022,GCN,AZ,AWP,WE,Towers with Radar,0,2,1,0,3,0,187,5,0,192,0,189,6,0,195,0,0,0,195
07/06/2022,GCN,AZ,AWP,WE,Towers with Radar,0,1,1,0,2,0,210,6,0,216,0,211,7,0,218,0,0,0,218
07/07/2022,GCN,AZ,AWP,WE,Towers with Radar,0,0,0,4,4,0,218,8,0,226,0,218,8,4,230,0,0,0,230
07/08/2022,GCN,AZ,AWP,WE,Towers with Radar,0,0,0,0,0,0,181,17,4,202,0,181,17,4,202,5,3,8,210
07/09/2022,GCN,AZ,AWP,WE,Towers with Radar,0,3,0,0,3,0,219,3,0,222,0,222,3,0,225,0,0,0,225
07/10/2022,GCN,AZ,AWP,WE,Towers with Radar,0,2,6,0,8,0,222,5,0,227,0,224,11,0,235,2,0,2,237
07/11/2022,GCN,AZ,AWP,WE,Towers with Radar,0,1,3,0,4,0,196,12,0,208,0,197,15,0,212,14,0,14,226
07/12/2022,GCN,AZ,AWP,WE,Towers with Radar,0,0,0,0,0,0,191,5,0,196,0,191,5,0,196,2,0,2,198
07/13/2022,GCN,AZ,AWP,WE,Towers with Radar,0,2,0,1,3,0,241,3,2,246,0,243,3,3,249,0,2,2,251
07/14/2022,GCN,AZ,AWP,WE,Towers with Radar,0,2,1,0,3,0,271,5,0,276,0,273,6,0,279,0,0,0,279
07/15/2022,GCN,AZ,AWP,WE,Towers with Radar,0,0,0,0,0,0,211,9,0,220,0,211,9,0,220,0,0,0,220
07/16/2022,GCN,AZ,AWP,WE,Towers with Radar,0,0,2,0,2,0,275,9,0,284,0,275,11,0,286,4,0,4,290
07/17/2022,GCN,AZ,AWP,WE,Towers with Radar,0,0,0,0,0,0,205,5,0,210,0,205,5,0,210,0,0,0,210
07/18/2022,GCN,AZ,AWP,WE,Towers with Radar,0,0,0,0,0,0,248,3,0,251,0,248,3,0,251,0,0,0,251
07/19/2022,GCN,AZ,AWP,WE,Towers with Radar,0,0,0,4,4,0,295,9,0,304,0,295,9,4,308,0,0,0,308
07/20/2022,GCN,AZ,AWP,WE,Towers with Radar,0,0,2,0,2,0,238,10,0,248,0,238,12,0,250,0,0,0,250
07/21/2022,GCN,AZ,AWP,WE,Towers with Radar,0,2,2,0,4,0,296,5,0,301,0,298,7,0,305,4,0,4,309
07/22/2022,GCN,AZ,AWP,WE,Towers with Radar,0,1,0,0,1,0,332,13,2,347,0,333,13,2,348,0,0,0,348
07/23/2022,GCN,AZ,AWP,WE,Towers with Radar,0,0,1,0,1,0,261,11,0,272,0,261,12,0,273,0,0,0,273
07/24/2022,GCN,AZ,AWP,WE,Towers with Radar,0,0,0,0,0,0,282,5,0,287,0,282,5,0,287,0,0,0,287
07/25/2022,GCN,AZ,AWP,WE,Towers with Radar,0,1,3,0,4,0,277,7,0,284,0,278,10,0,288,0,0,0,288
07/26/2022,GCN,AZ,AWP,WE,Towers with Radar,0,1,1,0,2,0,247,3,0,250,0,248,4,0,252,0,0,0,252
07/27/2022,GCN,AZ,AWP,WE,Towers with Radar,0,9,0,0,9,0,197,0,0,197,0,206,0,0,206,2,0,2,208
07/28/2022,GCN,AZ,AWP,WE,Towers with Radar,0,1,3,0,4,0,250,2,0,252,0,251,5,0,256,0,0,0,256
07/29/2022,GCN,AZ,AWP,WE,Towers with Radar,0,0,0,0,0,0,225,2,1,228,0,225,2,1,228,6,0,6,234
07/30/2022,GCN,AZ,AWP,WE,Towers with Radar,0,0,1,0,1,0,114,4,0,118,0,114,5,0,119,0,0,0,119
07/31/2022,GCN,AZ,AWP,WE,Towers with Radar,0,0,0,0,0,0,201,8,0,209,0,201,8,0,209,0,0,0,209
08/01/2022,GCN,AZ,AWP,WE,Towers with Radar,0,0,1,0,1,0,312,3,0,315,0,312,4,0,316,0,0,0,316
08/02/2022,GCN,AZ,AWP,WE,Towers with Radar,0,1,2,0,3,0,298,3,0,301,0,299,5,0,304,7,0,7,311
08/03/2022,GCN,AZ,AWP,WE,Towers with Radar,0,2,1,0,3,0,301,2,2,305,0,303,3,2,308,0,0,0,308
08/04/2022,GCN,AZ,AWP,WE,Towers with Radar,0,0,1,0,1,0,362,5,0,367,0,362,6,0,368,7,0,7,375
08/05/2022,GCN,AZ,AWP,WE,Towers with Radar,0,1,0,0,1,0,310,6,0,316,0,311,6,0,317,0,0,0,317
08/06/2022,GCN,AZ,AWP,WE,Towers with Radar,0,0,1,0,1,0,308,10,0,318,0,308,11,0,319,0,0,0,319
08/07/2022,GCN,AZ,AWP,WE,Towers with Radar,0,0,2,0,2,0,274,2,0,276,0,274,4,0,278,0,0,0,278
08/08/2022,GCN,AZ,AWP,WE,Towers with Radar,0,1,1,0,2,0,287,6,0,293,0,288,7,0,295,0,0,0,295
08/09/2022,GCN,AZ,AWP,WE,Towers with Radar,0,0,0,2,2,0,297,2,0,299,0,297,2,2,301,2,0,2,303
08/10/2022,GCN,AZ,AWP,WE,Towers with Radar,0,1,2,0,3,0,290,10,0,300,0,291,12,0,303,2,0,2,305
08/11/2022,GCN,AZ,AWP,WE,Towers with Radar,0,0,0,0,0,0,329,3,0,332,0,329,3,0,332,2,0,2,334
08/12/2022,GCN,AZ,AWP,WE,Towers with Radar,0,1,2,0,3,0,255,5,0,260,0,256,7,0,263,0,0,0,263
08/13/2022,GCN,AZ,AWP,WE,Towers with Radar,0,0,2,0,2,0,282,6,0,288,0,282,8,0,290,6,0,6,296
08/14/2022,GCN,AZ,AWP,WE,Towers with Radar,0,0,0,0,0,0,210,12,0,222,0,210,12,0,222,0,0,0,222
08/15/2022,GCN,AZ,AWP,WE,Towers with Radar,0,0,1,0,1,0,289,5,0,294,0,289,6,0,295,0,0,0,295
08/16/2022,GCN,AZ,AWP,WE,Towers with Radar,0,17,6,0,23,0,252,11,2,265,0,269,17,2,288,4,0,4,292
08/17/2022,GCN,AZ,AWP,WE,Towers with Radar,0,0,0,0,0,0,302,4,0,306,0,302,4,0,306,2,0,2,308
08/18/2022,GCN,AZ,AWP,WE,Towers with Radar,0,1,1,0,2,0,191,2,2,195,0,192,3,2,197,4,2,6,203
08/19/2022,GCN,AZ,AWP,WE,Towers with Radar,0,0,0,0,0,0,230,8,4,242,0,230,8,4,242,0,0,0,242
08/20/2022,GCN,AZ,AWP,WE,Towers with Radar,0,0,6,0,6,0,309,7,0,316,0,309,13,0,322,0,0,0,322
08/21/2022,GCN,AZ,AWP,WE,Towers with Radar,0,0,2,0,2,0,283,0,0,283,0,283,2,0,285,0,0,0,285
08/22/2022,GCN,AZ,AWP,WE,Towers with Radar,0,15,0,0,15,0,274,4,1,279,0,289,4,1,294,0,4,4,298
08/23/2022,GCN,AZ,AWP,WE,Towers with Radar,0,0,0,1,1,0,231,12,5,248,0,231,12,6,249,0,0,0,249
08/24/2022,GCN,AZ,AWP,WE,Towers with Radar,0,0,0,0,0,0,194,5,0,199,0,194,5,0,199,33,0,33,232
08/25/2022,GCN,AZ,AWP,WE,Towers with Radar,0,12,1,0,13,0,178,4,1,183,0,190,5,1,196,0,33,33,229
08/26/2022,GCN,AZ,AWP,WE,Towers with Radar,0,0,1,0,1,0,193,9,2,204,0,193,10,2,205,6,2,8,213
08/27/2022,GCN,AZ,AWP,WE,Towers with Radar,0,0,0,0,0,0,206,6,2,214,0,206,6,2,214,0,0,0,214
08/28/2022,GCN,AZ,AWP,WE,Towers with Radar,0,0,0,0,0,0,144,5,0,149,0,144,5,0,149,0,0,0,149
08/29/2022,GCN,AZ,AWP,WE,Towers with Radar,0,0,2,0,2,0,168,6,0,174,0,168,8,0,176,0,0,0,176
08/30/2022,GCN,AZ,AWP,WE,Towers with Radar,0,0,4,0,4,0,183,14,0,197,0,183,18,0,201,11,0,11,212
08/31/2022,GCN,AZ,AWP,WE,Towers with Radar,0,0,2,0,2,0,168,6,2,176,0,168,8,2,178,5,0,5,183
09/01/2022,GCN,AZ,AWP,WE,Towers with Radar,0,0,3,0,3,0,138,6,0,144,0,138,9,0,147,0,0,0,147
09/02/2022,GCN,AZ,AWP,WE,Towers with Radar,0,0,0,0,0,0,168,6,0,174,0,168,6,0,174,0,0,0,174
09/03/2022,GCN,AZ,AWP,WE,Towers with Radar,0,1,4,0,5,0,189,9,0,198,0,190,13,0,203,6,0,6,209
09/04/2022,GCN,AZ,AWP,WE,Towers with Radar,0,0,1,0,1,0,228,5,0,233,0,228,6,0,234,0,0,0,234
09/05/2022,GCN,AZ,AWP,WE,Towers with Radar,0,0,1,0,1,0,211,5,0,216,0,211,6,0,217,0,0,0,217
09/06/2022,GCN,AZ,AWP,WE,Towers with Radar,0,0,2,0,2,0,191,5,0,196,0,191,7,0,198,0,0,0,198
09/07/2022,GCN,AZ,AWP,WE,Towers with Radar,0,3,0,0,3,0,211,7,0,218,0,214,7,0,221,0,0,0,221
09/08/2022,GCN,AZ,AWP,WE,Towers with Radar,0,1,0,0,1,0,250,4,0,254,0,251,4,0,255,0,0,0,255
09/09/2022,GCN,AZ,AWP,WE,Towers with Radar,0,0,1,0,1,0,240,11,0,251,0,240,12,0,252,16,4,20,272
09/10/2022,GCN,AZ,AWP,WE,Towers with Radar,0,4,0,0,4,0,76,2,0,78,0,80,2,0,82,0,0,0,82
09/11/2022,GCN,AZ,AWP,WE,Towers with Radar,0,4,1,0,5,0,270,10,0,280,0,274,11,0,285,4,0,4,289
09/12/2022,GCN,AZ,AWP,WE,Towers with Radar,0,0,0,0,0,0,214,4,0,218,0,214,4,0,218,2,0,2,220
09/13/2022,GCN,AZ,AWP,WE,Towers with Radar,0,2,0,0,2,0,65,6,0,71,0,67,6,0,73,0,0,0,73
09/14/2022,GCN,AZ,AWP,WE,Towers with Radar,0,2,0,0,2,0,17,0,0,17,0,19,0,0,19,0,0,0,19
09/15/2022,GCN,AZ,AWP,WE,Towers with Radar,0,0,0,0,0,0,258,1,2,261,0,258,1,2,261,0,0,0,261
09/16/2022,GCN,AZ,AWP,WE,Towers with Radar,0,0,0,0,0,0,281,0,0,281,0,281,0,0,281,0,0,0,281
09/17/2022,GCN,AZ,AWP,WE,Towers with Radar,0,1,2,0,3,0,299,8,0,307,0,300,10,0,310,0,0,0,310
09/18/2022,GCN,AZ,AWP,WE,Towers with Radar,0,0,4,0,4,0,260,6,0,266,0,260,10,0,270,0,0,0,270
09/19/2022,GCN,AZ,AWP,WE,Towers with Radar,0,0,4,0,4,0,236,6,0,242,0,236,10,0,246,0,0,0,246
09/20/2022,GCN,AZ,AWP,WE,Towers with Radar,0,0,0,0,0,0,238,8,2,248,0,238,8,2,248,0,0,0,248
09/21/2022,GCN,AZ,AWP,WE,Towers with Radar,0,1,2,0,3,0,20,0,0,20,0,21,2,0,23,0,0,0,23
09/22/2022,GCN,AZ,AWP,WE,Towers with Radar,0,4,6,0,10,0,228,1,0,229,0,232,7,0,239,0,0,0,239
09/23/2022,GCN,AZ,AWP,WE,Towers with Radar,0,1,1,0,2,0,271,10,0,281,0,272,11,0,283,4,0,4,287
09/24/2022,GCN,AZ,AWP,WE,Towers with Radar,0,0,5,0,5,0,225,21,0,246,0,225,26,0,251,8,0,8,259
09/25/2022,GCN,AZ,AWP,WE,Towers with Radar,0,0,2,1,3,0,218,6,1,225,0,218,8,2,228,0,0,0,228
09/26/2022,GCN,AZ,AWP,WE,Towers with Radar,0,2,2,0,4,0,206,5,0,211,0,208,7,0,215,4,0,4,219
09/27/2022,GCN,AZ,AWP,WE,Towers with Radar,0,9,0,0,9,0,212,15,2,229,0,221,15,2,238,48,0,48,286
09/28/2022,GCN,AZ,AWP,WE,Towers with Radar,0,7,1,0,8,0,215,5,0,220,0,222,6,0,228,6,0,6,234
09/29/2022,GCN,AZ,AWP,WE,Towers with Radar,0,0,3,0,3,0,224,1,4,229,0,224,4,4,232,0,0,0,232
09/30/2022,GCN,AZ,AWP,WE,Towers with Radar,0,0,0,2,2,0,222,6,3,231,0,222,6,5,233,0,0,0,233
10/01/2022,GCN,AZ,AWP,WE,Towers with Radar,0,0,5,0,5,0,147,4,0,151,0,147,9,0,156,0,0,0,156
10/02/2022,GCN,AZ,AWP,WE,Towers with Radar,0,0,3,0,3,0,156,3,2,161,0,156,6,2,164,0,0,0,164
10/03/2022,GCN,AZ,AWP,WE,Towers with Radar,0,4,2,0,6,0,37,4,0,41,0,41,6,0,47,2,0,2,49
10/04/2022,GCN,AZ,AWP,WE,Towers with Radar,0,0,2,0,2,0,195,1,0,196,0,195,3,0,198,0,0,0,198
10/05/2022,GCN,AZ,AWP,WE,Towers with Radar,0,0,0,0,0,0,192,6,0,198,0,192,6,0,198,0,0,0,198
10/06/2022,GCN,AZ,AWP,WE,Towers with Radar,0,0,0,0,0,0,218,4,0,222,0,218,4,0,222,2,0,2,224
10/07/2022,GCN,AZ,AWP,WE,Towers with Radar,0,0,4,1,5,0,231,8,10,249,0,231,12,11,254,54,0,54,308
10/08/2022,GCN,AZ,AWP,WE,Towers with Radar,0,0,2,0,2,0,204,3,0,207,0,204,5,0,209,0,0,0,209
10/09/2022,GCN,AZ,AWP,WE,Towers with Radar,0,0,4,0,4,0,205,7,0,212,0,205,11,0,216,0,0,0,216
10/10/2022,GCN,AZ,AWP,WE,Towers with Radar,0,0,1,0,1,0,174,4,0,178,0,174,5,0,179,68,0,68,247
10/11/2022,GCN,AZ,AWP,WE,Towers with Radar,0,1,3,7,11,0,207,4,1,212,0,208,7,8,223,0,10,10,233
10/12/2022,GCN,AZ,AWP,WE,Towers with Radar,0,9,2,0,11,0,184,4,0,188,0,193,6,0,199,14,0,14,213
10/13/2022,GCN,AZ,AWP,WE,Towers with Radar,0,3,6,0,9,0,155,11,0,166,0,158,17,0,175,14,0,14,189
10/14/2022,GCN,AZ,AWP,WE,Towers with Radar,0,0,1,0,1,0,163,7,0,170,0,163,8,0,171,5,0,5,176
10/15/2022,GCN,AZ,AWP,WE,Towers with Radar,0,0,3,0,3,0,171,2,0,173,0,171,5,0,176,0,0,0,176
10/16/2022,GCN,AZ,AWP,WE,Towers with Radar,0,8,2,0,10,0,66,3,0,69,0,74,5,0,79,0,0,0,79
10/17/2022,GCN,AZ,AWP,WE,Towers with Radar,0,0,1,0,1,0,170,5,0,175,0,170,6,0,176,4,0,4,180
10/18/2022,GCN,AZ,AWP,WE,Towers with Radar,0,0,5,0,5,0,152,5,0,157,0,152,10,0,162,0,0,0,162
10/19/2022,GCN,AZ,AWP,WE,Towers with Radar,0,5,2,0,7,0,148,3,0,151,0,153,5,0,158,2,0,2,160
10/20/2022,GCN,AZ,AWP,WE,Towers with Radar,0,2,5,0,7,0,188,8,0,196,0,190,13,0,203,27,0,27,230
10/21/2022,GCN,AZ,AWP,WE,Towers with Radar,0,1,1,0,2,0,163,9,0,172,0,164,10,0,174,2,16,18,192
10/22/2022,GCN,AZ,AWP,WE,Towers with Radar,0,1,0,0,1,0,71,3,0,74,0,72,3,0,75,0,0,0,75
10/23/2022,GCN,AZ,AWP,WE,Towers with Radar,0,0,1,0,1,0,82,1,0,83,0,82,2,0,84,2,0,2,86
10/24/2022,GCN,AZ,AWP,WE,Towers with Radar,0,0,6,1,7,0,166,7,1,174,0,166,13,2,181,0,10,10,191
10/25/2022,GCN,AZ,AWP,WE,Towers with Radar,0,0,1,1,2,0,149,5,1,155,0,149,6,2,157,0,0,0,157
10/26/2022,GCN,AZ,AWP,WE,Towers with Radar,0,1,1,2,4,0,170,8,0,178,0,171,9,2,182,0,0,0,182
10/27/2022,GCN,AZ,AWP,WE,Towers with Radar,0,0,2,0,2,0,136,5,0,141,0,136,7,0,143,0,0,0,143
10/28/2022,GCN,AZ,AWP,WE,Towers with Radar,0,10,2,0,12,0,126,4,0,130,0,136,6,0,142,0,0,0,142
10/29/2022,GCN,AZ,AWP,WE,Towers with Radar,0,1,2,0,3,0,133,25,2,160,0,134,27,2,163,0,0,0,163
10/30/2022,GCN,AZ,AWP,WE,Towers with Radar,0,0,3,0,3,0,107,10,0,117,0,107,13,0,120,0,0,0,120
10/31/2022,GCN,AZ,AWP,WE,Towers with Radar,0,3,1,0,4,0,132,6,0,138,0,135,7,0,142,0,0,0,142
11/01/2022,GCN,AZ,AWP,WE,Towers with Radar,0,2,0,0,2,0,123,3,0,126,0,125,3,0,128,0,0,0,128
11/02/2022,GCN,AZ,AWP,WE,Towers with Radar,0,0,0,0,0,0,37,3,0,40,0,37,3,0,40,0,0,0,40
11/03/2022,GCN,AZ,AWP,WE,Towers with Radar,0,0,2,0,2,0,0,0,0,0,0,0,2,0,2,0,0,0,2
11/04/2022,GCN,AZ,AWP,WE,Towers with Radar,0,0,1,0,1,0,135,6,0,141,0,135,7,0,142,10,4,14,156
11/05/2022,GCN,AZ,AWP,WE,Towers with Radar,0,7,0,0,7,0,100,8,0,108,0,107,8,0,115,11,8,19,134
11/06/2022,GCN,AZ,AWP,WE,Towers with Radar,0,0,3,0,3,0,99,9,1,109,0,99,12,1,112,0,13,13,125
11/07/2022,GCN,AZ,AWP,WE,Towers with Radar,0,0,0,1,1,0,64,3,1,68,0,64,3,2,69,14,0,14,83
11/08/2022,GCN,AZ,AWP,WE,Towers with Radar,0,0,0,0,0,0,51,4,0,55,0,51,4,0,55,0,0,0,55
11/09/2022,GCN,AZ,AWP,WE,Towers with Radar,0,0,0,0,0,0,0,0,0,0,0,0,0,0,0,0,0,0,0
11/10/2022,GCN,AZ,AWP,WE,Towers with Radar,0,1,2,0,3,0,114,14,0,128,0,115,16,0,131,0,0,0,131
11/11/2022,GCN,AZ,AWP,WE,Towers with Radar,0,0,5,0,5,0,101,12,3,116,0,101,17,3,121,39,0,39,160
11/12/2022,GCN,AZ,AWP,WE,Towers with Radar,0,0,8,0,8,0,122,11,2,135,0,122,19,2,143,0,0,0,143
11/13/2022,GCN,AZ,AWP,WE,Towers with Radar,0,0,1,0,1,0,70,9,0,79,0,70,10,0,80,0,0,0,80
11/14/2022,GCN,AZ,AWP,WE,Towers with Radar,0,0,1,0,1,0,93,7,4,104,0,93,8,4,105,0,0,0,105
11/15/2022,GCN,AZ,AWP,WE,Towers with Radar,0,0,3,0,3,0,73,4,1,78,0,73,7,1,81,0,0,0,81
11/16/2022,GCN,AZ,AWP,WE,Towers with Radar,0,1,0,0,1,0,96,2,0,98,0,97,2,0,99,0,0,0,99
11/17/2022,GCN,AZ,AWP,WE,Towers with Radar,0,2,8,0,10,0,84,6,0,90,0,86,14,0,100,6,0,6,106
11/18/2022,GCN,AZ,AWP,WE,Towers with Radar,0,1,4,0,5,0,69,3,0,72,0,70,7,0,77,0,0,0,77
11/19/2022,GCN,AZ,AWP,WE,Towers with Radar,0,2,2,0,4,0,85,5,1,91,0,87,7,1,95,0,0,0,95
11/20/2022,GCN,AZ,AWP,WE,Towers with Radar,0,0,2,0,2,0,141,13,0,154,0,141,15,0,156,17,0,17,173
11/21/2022,GCN,AZ,AWP,WE,Towers with Radar,0,2,2,2,6,0,157,13,3,173,0,159,15,5,179,0,19,19,198
11/22/2022,GCN,AZ,AWP,WE,Towers with Radar,0,0,2,3,5,0,137,8,3,148,0,137,10,6,153,0,6,6,159
11/23/2022,GCN,AZ,AWP,WE,Towers with Radar,0,0,2,0,2,0,120,6,2,128,0,120,8,2,130,4,0,4,134
11/24/2022,GCN,AZ,AWP,WE,Towers with Radar,0,0,2,0,2,0,54,0,0,54,0,54,2,0,56,0,0,0,56
11/25/2022,GCN,AZ,AWP,WE,Towers with Radar,0,0,3,0,3,0,135,6,0,141,0,135,9,0,144,0,0,0,144
11/26/2022,GCN,AZ,AWP,WE,Towers with Radar,0,0,0,0,0,0,108,15,0,123,0,108,15,0,123,30,0,30,153
11/27/2022,GCN,AZ,AWP,WE,Towers with Radar,0,0,2,0,2,0,63,3,0,66,0,63,5,0,68,0,0,0,68
11/28/2022,GCN,AZ,AWP,WE,Towers with Radar,0,0,0,0,0,0,33,0,0,33,0,33,0,0,33,2,0,2,35
11/29/2022,GCN,AZ,AWP,WE,Towers with Radar,0,1,0,2,3,0,58,0,0,58,0,59,0,2,61,0,0,0,61
11/30/2022,GCN,AZ,AWP,WE,Towers with Radar,0,0,4,3,7,0,61,4,3,68,0,61,8,6,75,0,16,16,91
12/01/2022,GCN,AZ,AWP,WE,Towers with Radar,0,0,4,1,5,0,30,2,7,39,0,30,6,8,44,0,0,0,44
12/02/2022,GCN,AZ,AWP,WE,Towers with Radar,0,0,2,1,3,0,44,2,0,46,0,44,4,1,49,15,3,18,67
12/03/2022,GCN,AZ,AWP,WE,Towers with Radar,0,1,10,3,14,0,67,17,2,86,0,68,27,5,100,14,1,15,115
12/04/2022,GCN,AZ,AWP,WE,Towers with Radar,0,1,1,0,2,0,37,3,0,40,0,38,4,0,42,0,0,0,42
12/05/2022,GCN,AZ,AWP,WE,Towers with Radar,0,0,0,0,0,0,14,0,0,14,0,14,0,0,14,2,0,2,16
12/06/2022,GCN,AZ,AWP,WE,Towers with Radar,0,0,0,2,2,0,17,1,1,19,0,17,1,3,21,0,0,0,21
12/07/2022,GCN,AZ,AWP,WE,Towers with Radar,0,0,0,0,0,0,0,0,0,0,0,0,0,0,0,0,0,0,0
12/08/2022,GCN,AZ,AWP,WE,Towers with Radar,0,0,2,2,4,0,65,7,0,72,0,65,9,2,76,22,0,22,98
12/09/2022,GCN,AZ,AWP,WE,Towers with Radar,0,0,2,0,2,0,40,7,0,47,0,40,9,0,49,8,0,8,57
12/10/2022,GCN,AZ,AWP,WE,Towers with Radar,0,0,5,0,5,0,72,8,0,80,0,72,13,0,85,1,0,1,86
12/11/2022,GCN,AZ,AWP,WE,Towers with Radar,0,0,0,0,0,0,41,0,0,41,0,41,0,0,41,0,0,0,41
12/12/2022,GCN,AZ,AWP,WE,Towers with Radar,0,3,0,0,3,0,6,0,0,6,0,9,0,0,9,0,0,0,9
12/13/2022,GCN,AZ,AWP,WE,Towers with Radar,0,1,0,0,1,0,7,0,2,9,0,8,0,2,10,0,4,4,14
12/14/2022,GCN,AZ,AWP,WE,Towers with Radar,0,2,0,0,2,0,72,4,2,78,0,74,4,2,80,0,0,0,80
12/15/2022,GCN,AZ,AWP,WE,Towers with Radar,0,0,3,0,3,0,70,7,0,77,0,70,10,0,80,12,0,12,92
12/16/2022,GCN,AZ,AWP,WE,Towers with Radar,0,0,3,1,4,0,41,6,0,47,0,41,9,1,51,0,7,7,58
12/17/2022,GCN,AZ,AWP,WE,Towers with Radar,0,4,1,0,5,0,49,16,0,65,0,53,17,0,70,42,0,42,112
12/18/2022,GCN,AZ,AWP,WE,Towers with Radar,0,1,2,0,3,0,53,6,0,59,0,54,8,0,62,122,0,122,184
12/19/2022,GCN,AZ,AWP,WE,Towers with Radar,0,0,4,0,4,0,104,4,0,108,0,104,8,0,112,15,0,15,127
12/20/2022,GCN,AZ,AWP,WE,Towers with Radar,0,0,0,0,0,0,78,6,0,84,0,78,6,0,84,0,0,0,84
12/21/2022,GCN,AZ,AWP,WE,Towers with Radar,0,0,0,0,0,0,97,7,0,104,0,97,7,0,104,20,0,20,124
12/22/2022,GCN,AZ,AWP,WE,Towers with Radar,0,0,1,0,1,0,97,7,0,104,0,97,8,0,105,97,0,97,202
12/23/2022,GCN,AZ,AWP,WE,Towers with Radar,0,0,0,0,0,0,79,8,0,87,0,79,8,0,87,38,0,38,125
12/24/2022,GCN,AZ,AWP,WE,Towers with Radar,0,0,0,0,0,0,78,5,0,83,0,78,5,0,83,40,0,40,123
12/25/2022,GCN,AZ,AWP,WE,Towers with Radar,0,0,0,0,0,0,22,0,0,22,0,22,0,0,22,0,0,0,22
12/26/2022,GCN,AZ,AWP,WE,Towers with Radar,0,0,1,0,1,0,126,7,0,133,0,126,8,0,134,7,0,7,141
12/27/2022,GCN,AZ,AWP,WE,Towers with Radar,0,0,0,0,0,0,136,0,0,136,0,136,0,0,136,0,0,0,136
12/28/2022,GCN,AZ,AWP,WE,Towers with Radar,0,0,0,0,0,0,0,0,0,0,0,0,0,0,0,0,0,0,0
12/29/2022,GCN,AZ,AWP,WE,Towers with Radar,0,0,0,0,0,0,0,0,0,0,0,0,0,0,0,0,0,0,0
12/30/2022,GCN,AZ,AWP,WE,Towers with Radar,0,8,0,0,8,0,0,0,0,0,0,8,0,0,8,0,0,0,8
12/31/2022,GCN,AZ,AWP,WE,Towers with Radar,0,0,3,0,3,0,0,0,0,0,0,0,3,0,3,4,0,4,7
01/01/2023,GCN,AZ,AWP,WE,Towers with Radar,0,0,0,0,0,0,6,0,0,6,0,6,0,0,6,10,0,10,16
01/02/2023,GCN,AZ,AWP,WE,Towers with Radar,0,0,0,0,0,0,0,0,0,0,0,0,0,0,0,0,0,0,0
01/03/2023,GCN,AZ,AWP,WE,Towers with Radar,0,0,0,0,0,0,0,0,0,0,0,0,0,0,0,0,0,0,0
01/04/2023,GCN,AZ,AWP,WE,Towers with Radar,0,0,0,0,0,0,0,0,0,0,0,0,0,0,0,0,0,0,0
01/05/2023,GCN,AZ,AWP,WE,Towers with Radar,0,0,3,0,3,0,76,5,0,81,0,76,8,0,84,15,0,15,99
01/06/2023,GCN,AZ,AWP,WE,Towers with Radar,0,0,0,0,0,0,29,1,0,30,0,29,1,0,30,0,0,0,30
01/07/2023,GCN,AZ,AWP,WE,Towers with Radar,0,2,7,0,9,0,68,5,0,73,0,70,12,0,82,2,0,2,84
01/08/2023,GCN,AZ,AWP,WE,Towers with Radar,0,1,1,0,2,0,68,10,0,78,0,69,11,0,80,0,0,0,80
01/09/2023,GCN,AZ,AWP,WE,Towers with Radar,0,1,0,0,1,0,43,4,0,47,0,44,4,0,48,0,0,0,48
01/10/2023,GCN,AZ,AWP,WE,Towers with Radar,0,1,0,2,3,0,36,1,0,37,0,37,1,2,40,0,0,0,40
01/11/2023,GCN,AZ,AWP,WE,Towers with Radar,0,2,2,3,7,0,64,1,1,66,0,66,3,4,73,4,0,4,77
01/12/2023,GCN,AZ,AWP,WE,Towers with Radar,0,2,2,4,8,0,55,14,0,69,0,57,16,4,77,28,12,40,117
01/13/2023,GCN,AZ,AWP,WE,Towers with Radar,0,0,3,0,3,0,76,9,0,85,0,76,12,0,88,67,0,67,155
01/14/2023,GCN,AZ,AWP,WE,Towers with Radar,0,0,3,0,3,0,39,3,0,42,0,39,6,0,45,0,0,0,45
01/15/2023,GCN,AZ,AWP,WE,Towers with Radar,0,0,0,0,0,0,0,0,0,0,0,0,0,0,0,0,0,0,0
01/16/2023,GCN,AZ,AWP,WE,Towers with Radar,0,0,0,0,0,0,0,0,0,0,0,0,0,0,0,0,0,0,0
01/17/2023,GCN,AZ,AWP,WE,Towers with Radar,0,0,0,0,0,0,0,0,0,0,0,0,0,0,0,0,0,0,0
01/18/2023,GCN,AZ,AWP,WE,Towers with Radar,0,0,0,2,2,0,54,0,0,54,0,54,0,2,56,0,0,0,56
01/19/2023,GCN,AZ,AWP,WE,Towers with Radar,0,0,0,3,3,0,41,0,0,41,0,41,0,3,44,0,0,0,44
01/20/2023,GCN,AZ,AWP,WE,Towers with Radar,0,0,0,0,0,0,4,0,0,4,0,4,0,0,4,0,0,0,4
01/21/2023,GCN,AZ,AWP,WE,Towers with Radar,0,0,0,0,0,0,52,0,0,52,0,52,0,0,52,0,0,0,52
01/22/2023,GCN,AZ,AWP,WE,Towers with Radar,0,0,0,0,0,0,50,0,0,50,0,50,0,0,50,0,0,0,50
01/23/2023,GCN,AZ,AWP,WE,Towers with Radar,0,0,0,0,0,0,0,0,0,0,0,0,0,0,0,0,0,0,0
01/24/2023,GCN,AZ,AWP,WE,Towers with Radar,0,0,0,0,0,0,68,0,0,68,0,68,0,0,68,0,0,0,68
01/25/2023,GCN,AZ,AWP,WE,Towers with Radar,0,0,1,3,4,0,83,9,0,92,0,83,10,3,96,46,4,50,146
01/26/2023,GCN,AZ,AWP,WE,Towers with Radar,0,0,8,0,8,0,70,4,0,74,0,70,12,0,82,6,0,6,88
01/27/2023,GCN,AZ,AWP,WE,Towers with Radar,0,3,2,2,7,0,66,5,0,71,0,69,7,2,78,22,0,22,100
01/28/2023,GCN,AZ,AWP,WE,Towers with Radar,0,0,1,0,1,0,74,3,0,77,0,74,4,0,78,0,0,0,78
01/29/2023,GCN,AZ,AWP,WE,Towers with Radar,0,2,2,0,4,0,67,1,0,68,0,69,3,0,72,0,0,0,72
01/30/2023,GCN,AZ,AWP,WE,Towers with Radar,0,0,0,0,0,0,1,0,0,1,0,1,0,0,1,0,0,0,1
01/31/2023,GCN,AZ,AWP,WE,Towers with Radar,0,7,2,0,9,0,40,0,0,40,0,47,2,0,49,1,0,1,50
02/01/2023,GCN,AZ,AWP,WE,Towers with Radar,0,8,10,0,18,0,41,6,2,49,0,49,16,2,67,26,2,28,95
02/02/2023,GCN,AZ,AWP,WE,Towers with Radar,0,1,1,0,2,0,65,9,0,74,0,66,10,0,76,102,0,102,178
02/03/2023,GCN,AZ,AWP,WE,Towers with Radar,0,16,1,0,17,0,46,7,2,55,0,62,8,2,72,41,10,51,123
02/04/2023,GCN,AZ,AWP,WE,Towers with Radar,0,0,5,1,6,0,59,14,1,74,0,59,19,2,80,1,9,10,90
02/05/2023,GCN,AZ,AWP,WE,Towers with Radar,0,0,2,0,2,0,57,5,1,63,0,57,7,1,65,0,0,0,65
02/06/2023,GCN,AZ,AWP,WE,Towers with Radar,0,1,5,0,6,0,38,1,0,39,0,39,6,0,45,0,0,0,45
02/07/2023,GCN,AZ,AWP,WE,Towers with Radar,0,2,5,0,7,0,49,0,0,49,0,51,5,0,56,0,0,0,56
02/08/2023,GCN,AZ,AWP,WE,Towers with Radar,0,0,1,4,5,0,68,11,0,79,0,68,12,4,84,0,0,0,84
02/09/2023,GCN,AZ,AWP,WE,Towers with Radar,0,0,0,2,2,0,72,3,0,75,0,72,3,2,77,7,0,7,84
02/10/2023,GCN,AZ,AWP,WE,Towers with Radar,0,0,0,0,0,0,84,1,0,85,0,84,1,0,85,0,0,0,85
02/11/2023,GCN,AZ,AWP,WE,Towers with Radar,0,0,3,0,3,0,74,9,4,87,0,74,12,4,90,0,0,0,90
02/12/2023,GCN,AZ,AWP,WE,Towers with Radar,0,1,2,0,3,0,73,6,0,79,0,74,8,0,82,5,0,5,87
02/13/2023,GCN,AZ,AWP,WE,Towers with Radar,0,0,0,0,0,0,14,0,0,14,0,14,0,0,14,0,0,0,14
02/14/2023,GCN,AZ,AWP,WE,Towers with Radar,0,0,0,0,0,0,0,0,0,0,0,0,0,0,0,0,0,0,0
02/15/2023,GCN,AZ,AWP,WE,Towers with Radar,0,0,0,0,0,0,4,0,0,4,0,4,0,0,4,0,0,0,4
02/16/2023,GCN,AZ,AWP,WE,Towers with Radar,0,0,5,1,6,0,103,12,2,117,0,103,17,3,123,31,0,31,154
02/17/2023,GCN,AZ,AWP,WE,Towers with Radar,0,0,0,0,0,0,69,6,0,75,0,69,6,0,75,0,0,0,75
02/18/2023,GCN,AZ,AWP,WE,Towers with Radar,0,0,2,0,2,0,91,11,2,104,0,91,13,2,106,8,14,22,128
02/19/2023,GCN,AZ,AWP,WE,Towers with Radar,0,0,8,0,8,0,122,7,0,129,0,122,15,0,137,0,0,0,137
02/20/2023,GCN,AZ,AWP,WE,Towers with Radar,0,0,2,0,2,0,148,5,2,155,0,148,7,2,157,20,8,28,185
02/21/2023,GCN,AZ,AWP,WE,Towers with Radar,0,0,3,0,3,0,96,5,2,103,0,96,8,2,106,0,2,2,108
02/22/2023,GCN,AZ,AWP,WE,Towers with Radar,0,0,0,0,0,0,0,0,0,0,0,0,0,0,0,0,0,0,0
02/23/2023,GCN,AZ,AWP,WE,Towers with Radar,0,0,0,0,0,0,0,0,0,0,0,0,0,0,0,0,0,0,0
02/24/2023,GCN,AZ,AWP,WE,Towers with Radar,0,0,0,0,0,0,35,1,0,36,0,35,1,0,36,0,0,0,36
02/25/2023,GCN,AZ,AWP,WE,Towers with Radar,0,0,2,0,2,0,65,0,0,65,0,65,2,0,67,0,0,0,67
02/26/2023,GCN,AZ,AWP,WE,Towers with Radar,0,0,0,0,0,0,0,0,0,0,0,0,0,0,0,0,0,0,0
02/27/2023,GCN,AZ,AWP,WE,Towers with Radar,0,0,0,0,0,0,87,1,0,88,0,87,1,0,88,0,0,0,88
02/28/2023,GCN,AZ,AWP,WE,Towers with Radar,0,0,1,0,1,0,8,0,0,8,0,8,1,0,9,0,0,0,9
03/01/2023,GCN,AZ,AWP,WE,Towers with Radar,0,0,0,0,0,0,0,0,0,0,0,0,0,0,0,0,0,0,0
03/02/2023,GCN,AZ,AWP,WE,Towers with Radar,0,0,0,0,0,0,16,0,0,16,0,16,0,0,16,0,0,0,16
03/03/2023,GCN,AZ,AWP,WE,Towers with Radar,0,0,3,0,3,0,90,1,2,93,0,90,4,2,96,2,0,2,98
03/04/2023,GCN,AZ,AWP,WE,Towers with Radar,0,0,5,0,5,0,48,1,2,51,0,48,6,2,56,0,0,0,56
03/05/2023,GCN,AZ,AWP,WE,Towers with Radar,0,0,0,0,0,0,76,2,2,80,0,76,2,2,80,1,0,1,81
03/06/2023,GCN,AZ,AWP,WE,Towers with Radar,0,0,2,0,2,0,73,4,0,77,0,73,6,0,79,6,0,6,85
03/07/2023,GCN,AZ,AWP,WE,Towers with Radar,0,0,7,2,9,0,125,8,0,133,0,125,15,2,142,0,0,0,142
03/08/2023,GCN,AZ,AWP,WE,Towers with Radar,0,0,4,0,4,0,85,8,2,95,0,85,12,2,99,16,0,16,115
03/09/2023,GCN,AZ,AWP,WE,Towers with Radar,0,0,6,0,6,0,124,9,0,133,0,124,15,0,139,11,0,11,150
03/10/2023,GCN,AZ,AWP,WE,Towers with Radar,0,0,0,0,0,0,31,3,0,34,0,31,3,0,34,4,0,4,38
03/11/2023,GCN,AZ,AWP,WE,Towers with Radar,0,0,0,0,0,0,27,1,0,28,0,27,1,0,28,56,0,56,84
03/12/2023,GCN,AZ,AWP,WE,Towers with Radar,0,0,0,0,0,0,135,6,0,141,0,135,6,0,141,2,0,2,143
03/13/2023,GCN,AZ,AWP,WE,Towers with Radar,0,1,3,0,4,0,186,9,0,195,0,187,12,0,199,14,0,14,213
03/14/2023,GCN,AZ,AWP,WE,Towers with Radar,0,0,0,0,0,0,156,4,0,160,0,156,4,0,160,0,0,0,160
03/15/2023,GCN,AZ,AWP,WE,Towers with Radar,0,0,0,0,0,0,0,0,0,0,0,0,0,0,0,0,0,0,0
03/16/2023,GCN,AZ,AWP,WE,Towers with Radar,0,0,0,0,0,0,80,4,0,84,0,80,4,0,84,73,0,73,157
03/17/2023,GCN,AZ,AWP,WE,Towers with Radar,0,11,11,0,22,0,205,14,0,219,0,216,25,0,241,0,0,0,241
03/18/2023,GCN,AZ,AWP,WE,Towers with Radar,0,1,9,0,10,0,123,8,0,131,0,124,17,0,141,0,0,0,141
03/19/2023,GCN,AZ,AWP,WE,Towers with Radar,0,0,0,0,0,0,126,2,0,128,0,126,2,0,128,8,0,8,136
03/20/2023,GCN,AZ,AWP,WE,Towers with Radar,0,1,0,0,1,0,19,2,0,21,0,20,2,0,22,0,0,0,22
03/21/2023,GCN,AZ,AWP,WE,Towers with Radar,0,0,0,0,0,0,0,0,0,0,0,0,0,0,0,0,0,0,0
03/22/2023,GCN,AZ,AWP,WE,Towers with Radar,0,0,1,0,1,0,4,3,0,7,0,4,4,0,8,9,0,9,17
03/23/2023,GCN,AZ,AWP,WE,Towers with Radar,0,0,2,0,2,0,128,7,0,135,0,128,9,0,137,0,0,0,137
03/24/2023,GCN,AZ,AWP,WE,Towers with Radar,0,2,4,0,6,0,14,0,2,16,0,16,4,2,22,0,0,0,22
03/25/2023,GCN,AZ,AWP,WE,Towers with Radar,0,0,0,0,0,0,144,5,0,149,0,144,5,0,149,0,0,0,149
03/26/2023,GCN,AZ,AWP,WE,Towers with Radar,0,0,3,0,3,0,118,13,0,131,0,118,16,0,134,34,0,34,168
03/27/2023,GCN,AZ,AWP,WE,Towers with Radar,0,15,6,0,21,0,147,8,0,155,0,162,14,0,176,3,0,3,179
03/28/2023,GCN,AZ,AWP,WE,Towers with Radar,0,0,1,0,1,0,169,8,0,177,0,169,9,0,178,0,0,0,178
03/29/2023,GCN,AZ,AWP,WE,Towers with Radar,0,0,1,0,1,0,127,3,0,130,0,127,4,0,131,0,0,0,131
03/30/2023,GCN,AZ,AWP,WE,Towers with Radar,0,0,1,0,1,0,24,1,0,25,0,24,2,0,26,0,0,0,26
03/31/2023,GCN,AZ,AWP,WE,Towers with Radar,0,0,5,0,5,0,170,8,4,182,0,170,13,4,187,0,2,2,189
04/01/2023,GCN,AZ,AWP,WE,Towers with Radar,0,11,2,0,13,0,206,8,0,214,0,217,10,0,227,4,0,4,231
04/02/2023,GCN,AZ,AWP,WE,Towers with Radar,0,1,2,0,3,0,150,4,0,154,0,151,6,0,157,3,0,3,160
04/03/2023,GCN,AZ,AWP,WE,Towers with Radar,0,1,1,0,2,0,12,2,0,14,0,13,3,0,16,0,0,0,16
04/04/2023,GCN,AZ,AWP,WE,Towers with Radar,0,0,0,0,0,0,17,3,0,20,0,17,3,0,20,0,0,0,20
04/05/2023,GCN,AZ,AWP,WE,Towers with Radar,0,0,1,2,3,0,251,9,0,260,0,251,10,2,263,0,0,0,263
04/06/2023,GCN,AZ,AWP,WE,Towers with Radar,0,11,2,2,15,0,260,9,0,269,0,271,11,2,284,0,0,0,284
04/07/2023,GCN,AZ,AWP,WE,Towers with Radar,0,0,2,0,2,0,204,7,0,211,0,204,9,0,213,0,0,0,213
04/08/2023,GCN,AZ,AWP,WE,Towers with Radar,0,3,4,0,7,0,213,13,3,229,0,216,17,3,236,0,0,0,236
04/09/2023,GCN,AZ,AWP,WE,Towers with Radar,0,1,4,0,5,0,212,8,0,220,0,213,12,0,225,0,0,0,225
04/10/2023,GCN,AZ,AWP,WE,Towers with Radar,0,0,4,1,5,0,231,3,0,234,0,231,7,1,239,7,19,26,265
04/11/2023,GCN,AZ,AWP,WE,Towers with Radar,0,0,4,0,4,0,212,11,0,223,0,212,15,0,227,0,0,0,227
04/12/2023,GCN,AZ,AWP,WE,Towers with Radar,0,0,2,0,2,0,128,8,0,136,0,128,10,0,138,4,8,12,150
04/13/2023,GCN,AZ,AWP,WE,Towers with Radar,0,2,1,0,3,0,187,6,0,193,0,189,7,0,196,0,0,0,196
04/14/2023,GCN,AZ,AWP,WE,Towers with Radar,0,1,5,0,6,0,187,11,0,198,0,188,16,0,204,9,0,9,213
04/15/2023,GCN,AZ,AWP,WE,Towers with Radar,0,0,4,0,4,0,199,13,0,212,0,199,17,0,216,0,0,0,216
04/16/2023,GCN,AZ,AWP,WE,Towers with Radar,0,0,1,0,1,0,160,3,0,163,0,160,4,0,164,2,0,2,166
04/17/2023,GCN,AZ,AWP,WE,Towers with Radar,0,18,2,0,20,0,201,6,0,207,0,219,8,0,227,0,6,6,233
04/18/2023,GCN,AZ,AWP,WE,Towers with Radar,0,5,4,0,9,0,60,2,0,62,0,65,6,0,71,0,0,0,71
04/19/2023,GCN,AZ,AWP,WE,Towers with Radar,0,5,4,0,9,0,198,3,0,201,0,203,7,0,210,0,0,0,210
04/20/2023,GCN,AZ,AWP,WE,Towers with Radar,0,0,1,1,2,0,252,6,2,260,0,252,7,3,262,0,0,0,262
04/21/2023,GCN,AZ,AWP,WE,Towers with Radar,0,16,6,0,22,0,205,8,0,213,0,221,14,0,235,27,0,27,262
04/22/2023,GCN,AZ,AWP,WE,Towers with Radar,0,1,5,0,6,0,183,9,0,192,0,184,14,0,198,0,0,0,198
04/23/2023,GCN,AZ,AWP,WE,Towers with Radar,0,1,1,0,2,0,174,3,8,185,0,175,4,8,187,15,0,15,202
04/24/2023,GCN,AZ,AWP,WE,Towers with Radar,0,12,1,0,13,0,167,7,0,174,0,179,8,0,187,0,0,0,187
04/25/2023,GCN,AZ,AWP,WE,Towers with Radar,0,2,6,0,8,0,149,25,2,176,0,151,31,2,184,0,0,0,184
04/26/2023,GCN,AZ,AWP,WE,Towers with Radar,0,9,4,0,13,0,223,3,1,227,0,232,7,1,240,4,9,13,253
04/27/2023,GCN,AZ,AWP,WE,Towers with Radar,0,0,1,0,1,0,201,14,0,215,0,201,15,0,216,0,0,0,216
04/28/2023,GCN,AZ,AWP,WE,Towers with Radar,0,10,0,0,10,0,195,10,0,205,0,205,10,0,215,4,0,4,219
04/29/2023,GCN,AZ,AWP,WE,Towers with Radar,0,1,6,0,7,0,191,14,0,205,0,192,20,0,212,51,0,51,263
04/30/2023,GCN,AZ,AWP,WE,Towers with Radar,0,1,2,1,4,0,173,5,4,182,0,174,7,5,186,0,0,0,186
05/01/2023,GCN,AZ,AWP,WE,Towers with Radar,0,7,3,0,10,0,180,4,0,184,0,187,7,0,194,0,0,0,194
05/02/2023,GCN,AZ,AWP,WE,Towers with Radar,0,0,5,1,6,0,197,8,1,206,0,197,13,2,212,0,0,0,212
05/03/2023,GCN,AZ,AWP,WE,Towers with Radar,0,0,1,1,2,0,217,1,1,219,0,217,2,2,221,0,0,0,221
05/04/2023,GCN,AZ,AWP,WE,Towers with Radar,0,8,2,0,10,0,129,0,0,129,0,137,2,0,139,0,0,0,139
05/05/2023,GCN,AZ,AWP,WE,Towers with Radar,0,1,1,0,2,0,227,11,0,238,0,228,12,0,240,0,0,0,240
05/06/2023,GCN,AZ,AWP,WE,Towers with Radar,0,0,2,0,2,0,193,6,0,199,0,193,8,0,201,20,0,20,221
05/07/2023,GCN,AZ,AWP,WE,Towers with Radar,0,1,4,0,5,0,188,7,0,195,0,189,11,0,200,0,0,0,200
05/08/2023,GCN,AZ,AWP,WE,Towers with Radar,0,0,1,0,1,0,203,10,0,213,0,203,11,0,214,0,0,0,214
05/09/2023,GCN,AZ,AWP,WE,Towers with Radar,0,0,2,0,2,0,249,2,0,251,0,249,4,0,253,36,0,36,289
05/10/2023,GCN,AZ,AWP,WE,Towers with Radar,0,0,0,0,0,0,214,12,0,226,0,214,12,0,226,4,0,4,230
05/11/2023,GCN,AZ,AWP,WE,Towers with Radar,0,0,3,0,3,0,302,12,2,316,0,302,15,2,319,0,0,0,319
05/12/2023,GCN,AZ,AWP,WE,Towers with Radar,0,0,3,1,4,0,242,18,0,260,0,242,21,1,264,16,7,23,287
05/13/2023,GCN,AZ,AWP,WE,Towers with Radar,0,0,0,0,0,0,204,5,0,209,0,204,5,0,209,0,0,0,209
05/14/2023,GCN,AZ,AWP,WE,Towers with Radar,0,0,2,0,2,0,182,7,0,189,0,182,9,0,191,2,0,2,193
05/15/2023,GCN,AZ,AWP,WE,Towers with Radar,0,0,1,6,7,0,206,8,2,216,0,206,9,8,223,17,15,32,255
05/16/2023,GCN,AZ,AWP,WE,Towers with Radar,0,0,3,0,3,0,128,15,0,143,0,128,18,0,146,0,0,0,146
05/17/2023,GCN,AZ,AWP,WE,Towers with Radar,0,0,1,0,1,0,214,16,0,230,0,214,17,0,231,2,0,2,233
05/18/2023,GCN,AZ,AWP,WE,Towers with Radar,0,0,1,3,4,0,231,2,3,236,0,231,3,6,240,0,0,0,240
05/19/2023,GCN,AZ,AWP,WE,Towers with Radar,0,1,0,0,1,0,216,5,0,221,0,217,5,0,222,2,0,2,224
05/20/2023,GCN,AZ,AWP,WE,Towers with Radar,0,0,3,0,3,0,180,5,0,185,0,180,8,0,188,10,0,10,198
05/21/2023,GCN,AZ,AWP,WE,Towers with Radar,0,3,1,0,4,0,219,3,0,222,0,222,4,0,226,0,0,0,226
05/22/2023,GCN,AZ,AWP,WE,Towers with Radar,0,0,0,1,1,0,222,6,6,234,0,222,6,7,235,0,4,4,239
05/23/2023,GCN,AZ,AWP,WE,Towers with Radar,0,0,1,0,1,0,205,12,2,219,0,205,13,2,220,0,0,0,220
05/24/2023,GCN,AZ,AWP,WE,Towers with Radar,0,2,2,1,5,0,256,10,1,267,0,258,12,2,272,0,10,10,282
05/25/2023,GCN,AZ,AWP,WE,Towers with Radar,0,0,1,0,1,0,217,6,0,223,0,217,7,0,224,0,0,0,224
05/26/2023,GCN,AZ,AWP,WE,Towers with Radar,0,4,1,0,5,0,224,5,0,229,0,228,6,0,234,0,0,0,234
05/27/2023,GCN,AZ,AWP,WE,Towers with Radar,0,3,5,0,8,0,266,12,0,278,0,269,17,0,286,10,0,10,296
05/28/2023,GCN,AZ,AWP,WE,Towers with Radar,0,0,0,0,0,0,243,12,0,255,0,243,12,0,255,7,0,7,262
05/29/2023,GCN,AZ,AWP,WE,Towers with Radar,0,1,3,0,4,0,230,11,0,241,0,231,14,0,245,5,0,5,250
05/30/2023,GCN,AZ,AWP,WE,Towers with Radar,0,0,1,0,1,0,211,14,0,225,0,211,15,0,226,42,0,42,268
05/31/2023,GCN,AZ,AWP,WE,Towers with Radar,0,0,0,0,0,0,185,8,0,193,0,185,8,0,193,0,0,0,193
06/01/2023,GCN,AZ,AWP,WE,Towers with Radar,0,0,1,2,3,0,183,13,0,196,0,183,14,2,199,0,0,0,199
06/02/2023,GCN,AZ,AWP,WE,Towers with Radar,0,0,2,0,2,0,171,11,4,186,0,171,13,4,188,19,0,19,207
06/03/2023,GCN,AZ,AWP,WE,Towers with Radar,0,0,0,2,2,0,188,22,1,211,0,188,22,3,213,0,0,0,213
06/04/2023,GCN,AZ,AWP,WE,Towers with Radar,0,2,4,0,6,0,192,12,0,204,0,194,16,0,210,11,0,11,221
06/05/2023,GCN,AZ,AWP,WE,Towers with Radar,0,1,1,2,4,0,208,10,1,219,0,209,11,3,223,0,5,5,228
06/06/2023,GCN,AZ,AWP,WE,Towers with Radar,0,0,2,2,4,0,204,6,6,216,0,204,8,8,220,50,8,58,278
06/07/2023,GCN,AZ,AWP,WE,Towers with Radar,0,1,2,0,3,0,235,17,0,252,0,236,19,0,255,31,0,31,286
06/08/2023,GCN,AZ,AWP,WE,Towers with Radar,0,2,8,0,10,0,233,12,2,247,0,235,20,2,257,33,0,33,290
06/09/2023,GCN,AZ,AWP,WE,Towers with Radar,0,23,3,0,26,0,211,21,2,234,0,234,24,2,260,14,0,14,274
06/10/2023,GCN,AZ,AWP,WE,Towers with Radar,0,0,7,0,7,0,224,27,0,251,0,224,34,0,258,86,0,86,344
06/11/2023,GCN,AZ,AWP,WE,Towers with Radar,0,0,0,0,0,0,194,7,0,201,0,194,7,0,201,6,0,6,207
06/12/2023,GCN,AZ,AWP,WE,Towers with Radar,0,1,1,0,2,0,153,11,0,164,0,154,12,0,166,0,0,0,166
06/13/2023,GCN,AZ,AWP,WE,Towers with Radar,0,0,6,0,6,0,204,10,0,214,0,204,16,0,220,0,0,0,220
06/14/2023,GCN,AZ,AWP,WE,Towers with Radar,0,0,4,0,4,0,206,13,2,221,0,206,17,2,225,6,0,6,231
06/15/2023,GCN,AZ,AWP,WE,Towers with Radar,0,5,0,0,5,0,204,8,0,212,0,209,8,0,217,8,0,8,225
06/16/2023,GCN,AZ,AWP,WE,Towers with Radar,0,7,3,0,10,0,161,3,0,164,0,168,6,0,174,0,0,0,174
06/17/2023,GCN,AZ,AWP,WE,Towers with Radar,0,1,1,0,2,0,213,18,0,231,0,214,19,0,233,17,0,17,250
06/18/2023,GCN,AZ,AWP,WE,Towers with Radar,0,0,3,0,3,0,81,9,0,90,0,81,12,0,93,0,0,0,93
06/19/2023,GCN,AZ,AWP,WE,Towers with Radar,0,0,0,0,0,0,60,0,0,60,0,60,0,0,60,0,0,0,60
06/20/2023,GCN,AZ,AWP,WE,Towers with Radar,0,0,5,2,7,0,200,3,2,205,0,200,8,4,212,0,0,0,212
06/21/2023,GCN,AZ,AWP,WE,Towers with Radar,0,0,0,0,0,0,190,2,2,194,0,190,2,2,194,0,0,0,194
06/22/2023,GCN,AZ,AWP,WE,Towers with Radar,0,0,3,0,3,0,210,13,0,223,0,210,16,0,226,0,0,0,226
06/23/2023,GCN,AZ,AWP,WE,Towers with Radar,0,0,3,7,10,0,170,7,0,177,0,170,10,7,187,0,3,3,190
06/24/2023,GCN,AZ,AWP,WE,Towers with Radar,0,0,2,0,2,0,211,12,4,227,0,211,14,4,229,6,0,6,235
06/25/2023,GCN,AZ,AWP,WE,Towers with Radar,0,0,3,0,3,0,155,5,0,160,0,155,8,0,163,0,0,0,163
06/26/2023,GCN,AZ,AWP,WE,Towers with Radar,0,5,0,0,5,0,126,3,0,129,0,131,3,0,134,1,0,1,135
06/27/2023,GCN,AZ,AWP,WE,Towers with Radar,0,8,3,0,11,0,141,10,0,151,0,149,13,0,162,5,0,5,167
06/28/2023,GCN,AZ,AWP,WE,Towers with Radar,0,6,0,0,6,0,181,34,0,215,0,187,34,0,221,10,0,10,231
06/29/2023,GCN,AZ,AWP,WE,Towers with Radar,0,0,5,0,5,0,208,12,0,220,0,208,17,0,225,13,0,13,238
06/30/2023,GCN,AZ,AWP,WE,Towers with Radar,0,0,2,0,2,0,163,17,0,180,0,163,19,0,182,0,0,0,182
07/01/2023,GCN,AZ,AWP,WE,Towers with Radar,0,0,2,0,2,0,170,10,0,180,0,170,12,0,182,3,0,3,185
07/02/2023,GCN,AZ,AWP,WE,Towers with Radar,0,1,1,0,2,0,213,2,0,215,0,214,3,0,217,36,0,36,253
07/03/2023,GCN,AZ,AWP,WE,Towers with Radar,0,9,3,0,12,0,171,15,0,186,0,180,18,0,198,0,0,0,198
07/04/2023,GCN,AZ,AWP,WE,Towers with Radar,0,0,0,0,0,0,218,11,0,229,0,218,11,0,229,2,0,2,231
07/05/2023,GCN,AZ,AWP,WE,Towers with Radar,0,0,4,0,4,0,215,12,0,227,0,215,16,0,231,2,0,2,233
07/06/2023,GCN,AZ,AWP,WE,Towers with Radar,0,0,0,0,0,0,164,8,0,172,0,164,8,0,172,13,0,13,185
07/07/2023,GCN,AZ,AWP,WE,Towers with Radar,0,0,1,0,1,0,141,12,0,153,0,141,13,0,154,0,0,0,154
07/08/2023,GCN,AZ,AWP,WE,Towers with Radar,0,0,0,0,0,0,226,9,0,235,0,226,9,0,235,2,0,2,237
07/09/2023,GCN,AZ,AWP,WE,Towers with Radar,0,1,0,0,1,0,172,8,0,180,0,173,8,0,181,1,0,1,182
07/10/2023,GCN,AZ,AWP,WE,Towers with Radar,0,8,3,0,11,0,211,3,0,214,0,219,6,0,225,4,0,4,229
07/11/2023,GCN,AZ,AWP,WE,Towers with Radar,0,7,5,2,14,0,172,8,0,180,0,179,13,2,194,21,0,21,215
07/12/2023,GCN,AZ,AWP,WE,Towers with Radar,0,0,0,0,0,0,256,6,0,262,0,256,6,0,262,8,0,8,270
07/13/2023,GCN,AZ,AWP,WE,Towers with Radar,0,7,3,0,10,0,261,10,0,271,0,268,13,0,281,0,0,0,281
07/14/2023,GCN,AZ,AWP,WE,Towers with Radar,0,8,0,0,8,0,265,5,0,270,0,273,5,0,278,5,0,5,283
07/15/2023,GCN,AZ,AWP,WE,Towers with Radar,0,1,0,0,1,0,221,8,0,229,0,222,8,0,230,10,0,10,240
07/16/2023,GCN,AZ,AWP,WE,Towers with Radar,0,0,1,0,1,0,137,9,0,146,0,137,10,0,147,0,0,0,147
07/17/2023,GCN,AZ,AWP,WE,Towers with Radar,0,5,0,0,5,0,215,14,0,229,0,220,14,0,234,0,0,0,234
07/18/2023,GCN,AZ,AWP,WE,Towers with Radar,0,0,2,0,2,0,300,8,0,308,0,300,10,0,310,17,0,17,327
07/19/2023,GCN,AZ,AWP,WE,Towers with Radar,0,6,0,0,6,0,292,10,0,302,0,298,10,0,308,0,0,0,308
07/20/2023,GCN,AZ,AWP,WE,Towers with Radar,0,0,2,7,9,0,320,12,2,334,0,320,14,9,343,0,6,6,349
07/21/2023,GCN,AZ,AWP,WE,Towers with Radar,0,0,3,0,3,0,293,8,0,301,0,293,11,0,304,0,0,0,304
07/22/2023,GCN,AZ,AWP,WE,Towers with Radar,0,0,0,0,0,0,255,4,0,259,0,255,4,0,259,18,0,18,277
07/23/2023,GCN,AZ,AWP,WE,Towers with Radar,0,0,2,0,2,0,230,8,0,238,0,230,10,0,240,6,0,6,246
07/24/2023,GCN,AZ,AWP,WE,Towers with Radar,0,0,3,2,5,0,184,10,0,194,0,184,13,2,199,2,0,2,201
07/25/2023,GCN,AZ,AWP,WE,Towers with Radar,0,0,0,0,0,0,292,9,0,301,0,292,9,0,301,0,0,0,301
07/26/2023,GCN,AZ,AWP,WE,Towers with Radar,0,1,3,0,4,0,228,20,0,248,0,229,23,0,252,0,0,0,252
07/27/2023,GCN,AZ,AWP,WE,Towers with Radar,0,0,2,0,2,0,274,18,0,292,0,274,20,0,294,0,0,0,294
07/28/2023,GCN,AZ,AWP,WE,Towers with Radar,0,0,1,0,1,0,212,7,0,219,0,212,8,0,220,2,0,2,222
07/29/2023,GCN,AZ,AWP,WE,Towers with Radar,0,0,3,0,3,0,239,2,0,241,0,239,5,0,244,0,0,0,244
07/30/2023,GCN,AZ,AWP,WE,Towers with Radar,0,0,0,1,1,0,226,7,0,233,0,226,7,1,234,0,0,0,234
07/31/2023,GCN,AZ,AWP,WE,Towers with Radar,0,8,0,0,8,0,299,14,3,316,0,307,14,3,324,0,0,0,324
08/01/2023,GCN,AZ,AWP,WE,Towers with Radar,0,3,1,0,4,0,292,8,2,302,0,295,9,2,306,0,0,0,306
08/02/2023,GCN,AZ,AWP,WE,Towers with Radar,0,3,1,0,4,0,175,10,2,187,0,178,11,2,191,0,14,14,205
08/03/2023,GCN,AZ,AWP,WE,Towers with Radar,0,5,11,0,16,0,357,13,0,370,0,362,24,0,386,0,0,0,386
08/04/2023,GCN,AZ,AWP,WE,Towers with Radar,0,0,0,0,0,0,324,15,2,341,0,324,15,2,341,0,0,0,341
08/05/2023,GCN,AZ,AWP,WE,Towers with Radar,0,0,0,0,0,0,304,6,0,310,0,304,6,0,310,4,0,4,314
08/06/2023,GCN,AZ,AWP,WE,Towers with Radar,0,0,2,4,6,0,283,8,0,291,0,283,10,4,297,7,0,7,304
08/07/2023,GCN,AZ,AWP,WE,Towers with Radar,0,0,3,1,4,0,213,7,1,221,0,213,10,2,225,13,0,13,238
08/08/2023,GCN,AZ,AWP,WE,Towers with Radar,0,4,4,5,13,0,63,9,1,73,0,67,13,6,86,0,0,0,86
08/09/2023,GCN,AZ,AWP,WE,Towers with Radar,0,0,2,0,2,0,305,4,0,309,0,305,6,0,311,0,0,0,311
08/10/2023,GCN,AZ,AWP,WE,Towers with Radar,0,0,3,0,3,0,357,6,0,363,0,357,9,0,366,0,0,0,366
08/11/2023,GCN,AZ,AWP,WE,Towers with Radar,0,0,2,0,2,0,370,8,0,378,0,370,10,0,380,0,0,0,380
08/12/2023,GCN,AZ,AWP,WE,Towers with Radar,0,0,2,0,2,0,252,9,0,261,0,252,11,0,263,0,0,0,263
08/13/2023,GCN,AZ,AWP,WE,Towers with Radar,0,0,2,0,2,0,282,17,0,299,0,282,19,0,301,13,0,13,314
08/14/2023,GCN,AZ,AWP,WE,Towers with Radar,0,0,0,0,0,0,283,7,0,290,0,283,7,0,290,0,0,0,290
08/15/2023,GCN,AZ,AWP,WE,Towers with Radar,0,0,0,0,0,0,248,16,0,264,0,248,16,0,264,0,0,0,264
08/16/2023,GCN,AZ,AWP,WE,Towers with Radar,0,1,1,0,2,0,326,9,0,335,0,327,10,0,337,0,0,0,337
08/17/2023,GCN,AZ,AWP,WE,Towers with Radar,0,5,1,0,6,0,318,5,0,323,0,323,6,0,329,0,0,0,329
08/18/2023,GCN,AZ,AWP,WE,Towers with Radar,0,0,0,0,0,0,297,1,2,300,0,297,1,2,300,0,0,0,300
08/19/2023,GCN,AZ,AWP,WE,Towers with Radar,0,0,0,2,2,0,233,0,0,233,0,233,0,2,235,0,0,0,235
08/20/2023,GCN,AZ,AWP,WE,Towers with Radar,0,0,1,0,1,0,264,1,0,265,0,264,2,0,266,0,0,0,266
08/21/2023,GCN,AZ,AWP,WE,Towers with Radar,0,0,4,0,4,0,17,1,0,18,0,17,5,0,22,0,0,0,22
08/22/2023,GCN,AZ,AWP,WE,Towers with Radar,0,0,0,0,0,0,173,1,0,174,0,173,1,0,174,0,0,0,174
08/23/2023,GCN,AZ,AWP,WE,Towers with Radar,0,0,3,0,3,0,205,7,0,212,0,205,10,0,215,8,0,8,223
08/24/2023,GCN,AZ,AWP,WE,Towers with Radar,0,0,2,0,2,0,75,0,0,75,0,75,2,0,77,0,0,0,77
08/25/2023,GCN,AZ,AWP,WE,Towers with Radar,0,3,4,1,8,0,252,4,0,256,0,255,8,1,264,10,3,13,277
08/26/2023,GCN,AZ,AWP,WE,Towers with Radar,0,2,1,2,5,0,197,9,0,206,0,199,10,2,211,0,0,0,211
08/27/2023,GCN,AZ,AWP,WE,Towers with Radar,0,0,4,0,4,0,203,4,0,207,0,203,8,0,211,7,0,7,218
08/28/2023,GCN,AZ,AWP,WE,Towers with Radar,0,0,2,5,7,0,187,11,3,201,0,187,13,8,208,0,0,0,208
08/29/2023,GCN,AZ,AWP,WE,Towers with Radar,0,2,0,0,2,0,201,6,0,207,0,203,6,0,209,3,0,3,212
08/30/2023,GCN,AZ,AWP,WE,Towers with Radar,0,1,0,2,3,0,159,7,0,166,0,160,7,2,169,0,0,0,169
08/31/2023,GCN,AZ,AWP,WE,Towers with Radar,0,1,2,0,3,0,185,7,5,197,0,186,9,5,200,0,0,0,200
