01/01/2020,GFK,ND,AGL,CE,Towers with Radar,1,11,6,0,18,0,0,5,0,5,1,11,11,0,23,8,0,8,31
01/02/2020,GFK,ND,AGL,CE,Towers with Radar,2,14,7,0,23,0,0,1,0,1,2,14,8,0,24,0,0,0,24
01/03/2020,GFK,ND,AGL,CE,Towers with Radar,0,17,11,0,28,0,1,2,0,3,0,18,13,0,31,85,0,85,116
01/04/2020,GFK,ND,AGL,CE,Towers with Radar,2,53,6,0,61,0,71,9,0,80,2,124,15,0,141,240,0,240,381
01/05/2020,GFK,ND,AGL,CE,Towers with Radar,2,18,11,0,31,0,9,1,0,10,2,27,12,0,41,10,0,10,51
01/06/2020,GFK,ND,AGL,CE,Towers with Radar,2,68,14,0,84,0,81,12,0,93,2,149,26,0,177,287,0,287,464
01/07/2020,GFK,ND,AGL,CE,Towers with Radar,1,89,10,0,100,0,105,17,0,122,1,194,27,0,222,265,0,265,487
01/08/2020,GFK,ND,AGL,CE,Towers with Radar,5,74,14,0,93,0,91,16,0,107,5,165,30,0,200,222,0,222,422
01/09/2020,GFK,ND,AGL,CE,Towers with Radar,4,12,10,0,26,0,0,10,0,10,4,12,20,0,36,198,0,198,234
01/10/2020,GFK,ND,AGL,CE,Towers with Radar,1,139,11,4,155,0,201,19,0,220,1,340,30,4,375,287,0,287,662
01/11/2020,GFK,ND,AGL,CE,Towers with Radar,6,111,4,0,121,0,163,14,0,177,6,274,18,0,298,289,0,289,587
01/12/2020,GFK,ND,AGL,CE,Towers with Radar,1,59,4,0,64,0,90,9,0,99,1,149,13,0,163,207,0,207,370
01/13/2020,GFK,ND,AGL,CE,Towers with Radar,3,13,7,0,23,0,0,0,0,0,3,13,7,0,23,0,0,0,23
01/14/2020,GFK,ND,AGL,CE,Towers with Radar,2,120,10,0,132,0,204,14,0,218,2,324,24,0,350,472,0,472,822
01/15/2020,GFK,ND,AGL,CE,Towers with Radar,5,55,11,0,71,0,39,2,0,41,5,94,13,0,112,118,0,118,230
01/16/2020,GFK,ND,AGL,CE,Towers with Radar,5,145,13,0,163,0,380,2,0,382,5,525,15,0,545,568,0,568,1113
01/17/2020,GFK,ND,AGL,CE,Towers with Radar,1,5,5,0,11,0,10,0,0,10,1,15,5,0,21,0,0,0,21
01/18/2020,GFK,ND,AGL,CE,Towers with Radar,1,0,0,0,1,0,0,0,0,0,1,0,0,0,1,0,0,0,1
01/19/2020,GFK,ND,AGL,CE,Towers with Radar,4,5,4,0,13,0,1,1,0,2,4,6,5,0,15,0,0,0,15
01/20/2020,GFK,ND,AGL,CE,Towers with Radar,1,151,20,0,172,0,506,20,0,526,1,657,40,0,698,658,0,658,1356
01/21/2020,GFK,ND,AGL,CE,Towers with Radar,2,98,15,2,117,0,291,9,0,300,2,389,24,2,417,441,0,441,858
01/22/2020,GFK,ND,AGL,CE,Towers with Radar,2,62,12,0,76,0,351,15,0,366,2,413,27,0,442,428,0,428,870
01/23/2020,GFK,ND,AGL,CE,Towers with Radar,3,10,11,0,24,0,0,0,0,0,3,10,11,0,24,57,0,57,81
01/24/2020,GFK,ND,AGL,CE,Towers with Radar,1,12,12,0,25,0,6,6,0,12,1,18,18,0,37,795,0,795,832
01/25/2020,GFK,ND,AGL,CE,Towers with Radar,4,7,10,0,21,0,1,12,0,13,4,8,22,0,34,584,0,584,618
01/26/2020,GFK,ND,AGL,CE,Towers with Radar,3,12,7,0,22,0,0,0,0,0,3,12,7,0,22,0,0,0,22
01/27/2020,GFK,ND,AGL,CE,Towers with Radar,0,12,9,0,21,0,0,0,0,0,0,12,9,0,21,68,0,68,89
01/28/2020,GFK,ND,AGL,CE,Towers with Radar,1,11,12,0,24,0,0,0,0,0,1,11,12,0,24,28,0,28,52
01/29/2020,GFK,ND,AGL,CE,Towers with Radar,3,10,10,0,23,0,0,0,0,0,3,10,10,0,23,0,0,0,23
01/30/2020,GFK,ND,AGL,CE,Towers with Radar,6,13,20,0,39,0,0,0,0,0,6,13,20,0,39,0,0,0,39
01/31/2020,GFK,ND,AGL,CE,Towers with Radar,1,32,11,0,44,0,13,0,0,13,1,45,11,0,57,105,0,105,162
02/01/2020,GFK,ND,AGL,CE,Towers with Radar,4,147,18,0,169,0,497,47,0,544,4,644,65,0,713,659,0,659,1372
02/02/2020,GFK,ND,AGL,CE,Towers with Radar,3,25,5,0,33,0,19,5,0,24,3,44,10,0,57,397,0,397,454
02/03/2020,GFK,ND,AGL,CE,Towers with Radar,2,200,21,0,223,0,588,32,0,620,2,788,53,0,843,848,0,848,1691
02/04/2020,GFK,ND,AGL,CE,Towers with Radar,2,235,6,0,243,0,513,42,0,555,2,748,48,0,798,875,0,875,1673
02/05/2020,GFK,ND,AGL,CE,Towers with Radar,4,190,17,0,211,0,523,41,0,564,4,713,58,0,775,754,0,754,1529
02/06/2020,GFK,ND,AGL,CE,Towers with Radar,4,15,12,0,31,0,1,2,0,3,4,16,14,0,34,12,0,12,46
02/07/2020,GFK,ND,AGL,CE,Towers with Radar,2,180,8,0,190,0,545,41,0,586,2,725,49,0,776,783,0,783,1559
02/08/2020,GFK,ND,AGL,CE,Towers with Radar,4,8,4,0,16,0,1,14,0,15,4,9,18,0,31,844,0,844,875
02/09/2020,GFK,ND,AGL,CE,Towers with Radar,3,48,18,0,69,0,148,21,0,169,3,196,39,0,238,447,0,447,685
02/10/2020,GFK,ND,AGL,CE,Towers with Radar,1,47,7,0,55,0,146,16,0,162,1,193,23,0,217,764,0,764,981
02/11/2020,GFK,ND,AGL,CE,Towers with Radar,1,228,9,0,238,0,552,35,0,587,1,780,44,0,825,1020,0,1020,1845
02/12/2020,GFK,ND,AGL,CE,Towers with Radar,2,9,1,0,12,0,0,0,0,0,2,9,1,0,12,0,0,0,12
02/13/2020,GFK,ND,AGL,CE,Towers with Radar,5,212,11,2,230,0,437,25,0,462,5,649,36,2,692,738,0,738,1430
02/14/2020,GFK,ND,AGL,CE,Towers with Radar,2,78,12,0,92,0,122,5,0,127,2,200,17,0,219,210,0,210,429
02/15/2020,GFK,ND,AGL,CE,Towers with Radar,6,141,9,0,156,0,331,25,0,356,6,472,34,0,512,780,0,780,1292
02/16/2020,GFK,ND,AGL,CE,Towers with Radar,5,54,9,0,68,0,160,17,0,177,5,214,26,0,245,406,0,406,651
02/17/2020,GFK,ND,AGL,CE,Towers with Radar,1,19,11,0,31,0,45,24,0,69,1,64,35,0,100,778,0,778,878
02/18/2020,GFK,ND,AGL,CE,Towers with Radar,4,187,15,0,206,0,248,22,1,271,4,435,37,1,477,738,0,738,1215
02/19/2020,GFK,ND,AGL,CE,Towers with Radar,4,245,20,0,269,0,552,41,0,593,4,797,61,0,862,798,0,798,1660
02/20/2020,GFK,ND,AGL,CE,Towers with Radar,6,213,21,0,240,0,479,26,0,505,6,692,47,0,745,791,0,791,1536
02/21/2020,GFK,ND,AGL,CE,Towers with Radar,2,223,13,3,241,0,512,32,3,547,2,735,45,6,788,845,0,845,1633
02/22/2020,GFK,ND,AGL,CE,Towers with Radar,7,184,6,0,197,0,430,33,0,463,7,614,39,0,660,919,0,919,1579
02/23/2020,GFK,ND,AGL,CE,Towers with Radar,5,64,11,0,80,0,86,17,0,103,5,150,28,0,183,22,0,22,205
02/24/2020,GFK,ND,AGL,CE,Towers with Radar,2,253,8,0,263,0,412,39,0,451,2,665,47,0,714,692,0,692,1406
02/25/2020,GFK,ND,AGL,CE,Towers with Radar,5,187,18,0,210,0,336,14,0,350,5,523,32,0,560,666,0,666,1226
02/26/2020,GFK,ND,AGL,CE,Towers with Radar,4,177,14,1,196,0,232,15,0,247,4,409,29,1,443,526,0,526,969
02/27/2020,GFK,ND,AGL,CE,Towers with Radar,8,102,23,1,134,0,123,14,0,137,8,225,37,1,271,532,0,532,803
02/28/2020,GFK,ND,AGL,CE,Towers with Radar,5,63,22,0,90,0,185,13,0,198,5,248,35,0,288,760,0,760,1048
02/29/2020,GFK,ND,AGL,CE,Towers with Radar,7,90,10,0,107,0,79,11,0,90,7,169,21,0,197,226,0,226,423
03/01/2020,GFK,ND,AGL,CE,Towers with Radar,7,22,13,0,42,0,21,5,1,27,7,43,18,1,69,92,0,92,161
03/02/2020,GFK,ND,AGL,CE,Towers with Radar,1,135,13,0,149,0,332,11,0,343,1,467,24,0,492,467,0,467,959
03/03/2020,GFK,ND,AGL,CE,Towers with Radar,6,21,11,1,39,0,69,14,0,83,6,90,25,1,122,388,0,388,510
03/04/2020,GFK,ND,AGL,CE,Towers with Radar,3,26,12,0,41,0,66,9,0,75,3,92,21,0,116,606,0,606,722
03/05/2020,GFK,ND,AGL,CE,Towers with Radar,7,201,22,0,230,0,231,14,0,245,7,432,36,0,475,372,0,372,847
03/06/2020,GFK,ND,AGL,CE,Towers with Radar,2,182,14,0,198,0,352,17,0,369,2,534,31,0,567,446,0,446,1013
03/07/2020,GFK,ND,AGL,CE,Towers with Radar,6,223,10,0,239,0,582,34,0,616,6,805,44,0,855,1051,0,1051,1906
03/08/2020,GFK,ND,AGL,CE,Towers with Radar,6,34,9,0,49,0,71,10,1,82,6,105,19,1,131,139,0,139,270
03/09/2020,GFK,ND,AGL,CE,Towers with Radar,2,238,14,0,254,0,345,25,1,371,2,583,39,1,625,851,0,851,1476
03/10/2020,GFK,ND,AGL,CE,Towers with Radar,3,228,9,0,240,0,473,33,0,506,3,701,42,0,746,942,0,942,1688
03/11/2020,GFK,ND,AGL,CE,Towers with Radar,3,229,29,4,265,0,483,35,0,518,3,712,64,4,783,841,0,841,1624
03/12/2020,GFK,ND,AGL,CE,Towers with Radar,5,90,12,0,107,0,119,4,0,123,5,209,16,0,230,219,0,219,449
03/13/2020,GFK,ND,AGL,CE,Towers with Radar,2,38,12,0,52,0,89,8,0,97,2,127,20,0,149,367,0,367,516
03/14/2020,GFK,ND,AGL,CE,Towers with Radar,5,131,14,0,150,0,379,29,0,408,5,510,43,0,558,1056,0,1056,1614
03/15/2020,GFK,ND,AGL,CE,Towers with Radar,5,24,2,0,31,0,31,6,0,37,5,55,8,0,68,350,0,350,418
03/16/2020,GFK,ND,AGL,CE,Towers with Radar,1,9,6,0,16,0,1,6,0,7,1,10,12,0,23,8,0,8,31
03/17/2020,GFK,ND,AGL,CE,Towers with Radar,4,13,19,0,36,0,1,24,0,25,4,14,43,0,61,6,0,6,67
03/18/2020,GFK,ND,AGL,CE,Towers with Radar,3,9,2,0,14,0,0,0,0,0,3,9,2,0,14,0,0,0,14
03/19/2020,GFK,ND,AGL,CE,Towers with Radar,3,9,3,0,15,0,0,0,0,0,3,9,3,0,15,0,0,0,15
03/20/2020,GFK,ND,AGL,CE,Towers with Radar,1,8,9,0,18,0,0,4,0,4,1,8,13,0,22,10,0,10,32
03/21/2020,GFK,ND,AGL,CE,Towers with Radar,5,6,6,0,17,0,0,6,0,6,5,6,12,0,23,14,0,14,37
03/22/2020,GFK,ND,AGL,CE,Towers with Radar,3,8,4,0,15,0,0,0,0,0,3,8,4,0,15,0,0,0,15
03/23/2020,GFK,ND,AGL,CE,Towers with Radar,1,9,7,0,17,0,0,13,0,13,1,9,20,0,30,16,0,16,46
03/24/2020,GFK,ND,AGL,CE,Towers with Radar,3,13,5,0,21,0,0,0,0,0,3,13,5,0,21,0,0,0,21
03/25/2020,GFK,ND,AGL,CE,Towers with Radar,1,4,12,0,17,0,0,0,0,0,1,4,12,0,17,8,0,8,25
03/26/2020,GFK,ND,AGL,CE,Towers with Radar,3,4,16,0,23,0,0,2,0,2,3,4,18,0,25,2,0,2,27
03/27/2020,GFK,ND,AGL,CE,Towers with Radar,0,8,17,0,25,0,0,6,0,6,0,8,23,0,31,0,0,0,31
03/28/2020,GFK,ND,AGL,CE,Towers with Radar,2,6,5,0,13,0,0,12,0,12,2,6,17,0,25,50,0,50,75
03/29/2020,GFK,ND,AGL,CE,Towers with Radar,0,6,9,0,15,0,0,15,0,15,0,6,24,0,30,26,0,26,56
03/30/2020,GFK,ND,AGL,CE,Towers with Radar,0,4,9,0,13,0,4,9,0,13,0,8,18,0,26,46,0,46,72
03/31/2020,GFK,ND,AGL,CE,Towers with Radar,0,4,12,0,16,0,5,18,0,23,0,9,30,0,39,6,0,6,45
04/01/2020,GFK,ND,AGL,CE,Towers with Radar,0,7,14,0,21,0,2,4,0,6,0,9,18,0,27,10,0,10,37
04/02/2020,GFK,ND,AGL,CE,Towers with Radar,0,2,0,0,2,0,0,0,0,0,0,2,0,0,2,0,0,0,2
04/03/2020,GFK,ND,AGL,CE,Towers with Radar,0,4,12,0,16,0,2,5,0,7,0,6,17,0,23,0,0,0,23
04/04/2020,GFK,ND,AGL,CE,Towers with Radar,1,4,8,0,13,0,0,18,0,18,1,4,26,0,31,14,0,14,45
04/05/2020,GFK,ND,AGL,CE,Towers with Radar,1,6,8,0,15,0,0,7,0,7,1,6,15,0,22,40,0,40,62
04/06/2020,GFK,ND,AGL,CE,Towers with Radar,0,4,1,0,5,0,0,4,0,4,0,4,5,0,9,0,0,0,9
04/07/2020,GFK,ND,AGL,CE,Towers with Radar,0,6,6,0,12,0,0,10,0,10,0,6,16,0,22,2,0,2,24
04/08/2020,GFK,ND,AGL,CE,Towers with Radar,0,6,2,0,8,0,2,3,2,7,0,8,5,2,15,0,0,0,15
04/09/2020,GFK,ND,AGL,CE,Towers with Radar,2,13,5,0,20,0,1,6,0,7,2,14,11,0,27,0,0,0,27
04/10/2020,GFK,ND,AGL,CE,Towers with Radar,0,12,7,0,19,0,0,18,0,18,0,12,25,0,37,21,0,21,58
04/11/2020,GFK,ND,AGL,CE,Towers with Radar,1,7,4,0,12,0,0,8,0,8,1,7,12,0,20,0,0,0,20
04/12/2020,GFK,ND,AGL,CE,Towers with Radar,0,2,0,0,2,0,0,4,0,4,0,2,4,0,6,4,0,4,10
04/13/2020,GFK,ND,AGL,CE,Towers with Radar,0,6,7,0,13,0,0,0,0,0,0,6,7,0,13,3,0,3,16
04/14/2020,GFK,ND,AGL,CE,Towers with Radar,0,2,4,1,7,0,1,6,1,8,0,3,10,2,15,0,0,0,15
04/15/2020,GFK,ND,AGL,CE,Towers with Radar,0,2,19,2,23,0,0,10,0,10,0,2,29,2,33,12,0,12,45
04/16/2020,GFK,ND,AGL,CE,Towers with Radar,0,3,7,0,10,0,0,21,0,21,0,3,28,0,31,36,0,36,67
04/17/2020,GFK,ND,AGL,CE,Towers with Radar,0,2,7,0,9,0,0,6,0,6,0,2,13,0,15,6,0,6,21
04/18/2020,GFK,ND,AGL,CE,Towers with Radar,0,3,7,0,10,0,0,8,0,8,0,3,15,0,18,10,0,10,28
04/19/2020,GFK,ND,AGL,CE,Towers with Radar,0,2,4,0,6,0,0,7,0,7,0,2,11,0,13,26,0,26,39
04/20/2020,GFK,ND,AGL,CE,Towers with Radar,0,4,4,0,8,0,0,2,0,2,0,4,6,0,10,6,0,6,16
04/21/2020,GFK,ND,AGL,CE,Towers with Radar,0,2,2,0,4,0,0,2,0,2,0,2,4,0,6,6,0,6,12
04/22/2020,GFK,ND,AGL,CE,Towers with Radar,0,7,8,1,16,0,9,14,3,26,0,16,22,4,42,12,0,12,54
04/23/2020,GFK,ND,AGL,CE,Towers with Radar,0,10,17,3,30,0,0,7,2,9,0,10,24,5,39,0,0,0,39
04/24/2020,GFK,ND,AGL,CE,Towers with Radar,0,5,27,0,32,0,0,14,0,14,0,5,41,0,46,8,0,8,54
04/25/2020,GFK,ND,AGL,CE,Towers with Radar,0,5,13,0,18,0,0,7,0,7,0,5,20,0,25,8,0,8,33
04/26/2020,GFK,ND,AGL,CE,Towers with Radar,0,2,3,0,5,0,0,10,0,10,0,2,13,0,15,2,0,2,17
04/27/2020,GFK,ND,AGL,CE,Towers with Radar,0,6,4,0,10,0,0,17,1,18,0,6,21,1,28,18,0,18,46
04/28/2020,GFK,ND,AGL,CE,Towers with Radar,0,5,7,0,12,0,0,4,0,4,0,5,11,0,16,8,0,8,24
04/29/2020,GFK,ND,AGL,CE,Towers with Radar,0,4,12,2,18,0,0,18,0,18,0,4,30,2,36,8,0,8,44
04/30/2020,GFK,ND,AGL,CE,Towers with Radar,0,5,9,0,14,0,1,26,0,27,0,6,35,0,41,25,0,25,66
05/01/2020,GFK,ND,AGL,CE,Towers with Radar,1,5,1,0,7,0,0,12,0,12,1,5,13,0,19,16,0,16,35
05/02/2020,GFK,ND,AGL,CE,Towers with Radar,2,0,3,0,5,0,0,2,0,2,2,0,5,0,7,0,0,0,7
05/03/2020,GFK,ND,AGL,CE,Towers with Radar,2,0,0,0,2,0,0,8,0,8,2,0,8,0,10,8,0,8,18
05/04/2020,GFK,ND,AGL,CE,Towers with Radar,2,0,2,0,4,0,0,5,0,5,2,0,7,0,9,4,0,4,13
05/05/2020,GFK,ND,AGL,CE,Towers with Radar,2,0,4,0,6,0,0,1,0,1,2,0,5,0,7,0,0,0,7
05/06/2020,GFK,ND,AGL,CE,Towers with Radar,2,0,9,2,13,0,0,10,0,10,2,0,19,2,23,6,0,6,29
05/07/2020,GFK,ND,AGL,CE,Towers with Radar,2,0,9,0,11,0,0,19,0,19,2,0,28,0,30,8,0,8,38
05/08/2020,GFK,ND,AGL,CE,Towers with Radar,2,0,12,0,14,0,0,14,0,14,2,0,26,0,28,8,0,8,36
05/09/2020,GFK,ND,AGL,CE,Towers with Radar,2,3,0,0,5,0,0,0,0,0,2,3,0,0,5,0,0,0,5
05/10/2020,GFK,ND,AGL,CE,Towers with Radar,2,1,1,0,4,0,0,1,0,1,2,1,2,0,5,0,0,0,5
05/11/2020,GFK,ND,AGL,CE,Towers with Radar,2,0,1,0,3,0,0,11,0,11,2,0,12,0,14,4,0,4,18
05/12/2020,GFK,ND,AGL,CE,Towers with Radar,0,0,7,0,7,0,0,12,0,12,0,0,19,0,19,42,0,42,61
05/13/2020,GFK,ND,AGL,CE,Towers with Radar,2,2,3,0,7,0,0,0,0,0,2,2,3,0,7,0,0,0,7
05/14/2020,GFK,ND,AGL,CE,Towers with Radar,4,0,10,0,14,0,0,0,0,0,4,0,10,0,14,0,0,0,14
05/15/2020,GFK,ND,AGL,CE,Towers with Radar,2,0,9,0,11,0,0,20,0,20,2,0,29,0,31,4,0,4,35
05/16/2020,GFK,ND,AGL,CE,Towers with Radar,0,0,4,0,4,0,0,12,2,14,0,0,16,2,18,8,0,8,26
05/17/2020,GFK,ND,AGL,CE,Towers with Radar,4,0,0,0,4,0,0,10,0,10,4,0,10,0,14,7,0,7,21
05/18/2020,GFK,ND,AGL,CE,Towers with Radar,2,1,4,0,7,0,0,9,2,11,2,1,13,2,18,0,0,0,18
05/19/2020,GFK,ND,AGL,CE,Towers with Radar,0,4,9,1,14,0,0,20,0,20,0,4,29,1,34,22,0,22,56
05/20/2020,GFK,ND,AGL,CE,Towers with Radar,2,2,10,0,14,0,0,5,0,5,2,2,15,0,19,2,0,2,21
05/21/2020,GFK,ND,AGL,CE,Towers with Radar,4,1,10,1,16,0,0,0,0,0,4,1,10,1,16,0,0,0,16
05/22/2020,GFK,ND,AGL,CE,Towers with Radar,2,0,6,0,8,0,0,10,0,10,2,0,16,0,18,22,0,22,40
05/23/2020,GFK,ND,AGL,CE,Towers with Radar,0,0,1,0,1,0,0,4,0,4,0,0,5,0,5,23,0,23,28
05/24/2020,GFK,ND,AGL,CE,Towers with Radar,4,0,10,0,14,0,0,11,0,11,4,0,21,0,25,4,0,4,29
05/25/2020,GFK,ND,AGL,CE,Towers with Radar,2,0,0,0,2,0,0,8,0,8,2,0,8,0,10,4,0,4,14
05/26/2020,GFK,ND,AGL,CE,Towers with Radar,2,0,10,0,12,0,7,10,0,17,2,7,20,0,29,86,0,86,115
05/27/2020,GFK,ND,AGL,CE,Towers with Radar,0,1,4,0,5,0,23,15,0,38,0,24,19,0,43,76,0,76,119
05/28/2020,GFK,ND,AGL,CE,Towers with Radar,4,2,11,0,17,0,3,7,1,11,4,5,18,1,28,18,0,18,46
05/29/2020,GFK,ND,AGL,CE,Towers with Radar,2,3,5,0,10,0,32,8,0,40,2,35,13,0,50,189,0,189,239
05/30/2020,GFK,ND,AGL,CE,Towers with Radar,2,1,3,0,6,0,6,17,0,23,2,7,20,0,29,44,0,44,73
05/31/2020,GFK,ND,AGL,CE,Towers with Radar,4,2,2,0,8,0,6,15,0,21,4,8,17,0,29,8,0,8,37
06/01/2020,GFK,ND,AGL,CE,Towers with Radar,3,4,5,0,12,0,47,20,0,67,3,51,25,0,79,183,0,183,262
06/02/2020,GFK,ND,AGL,CE,Towers with Radar,1,6,9,2,18,0,47,14,3,64,1,53,23,5,82,129,0,129,211
06/03/2020,GFK,ND,AGL,CE,Towers with Radar,1,14,11,0,26,0,69,26,0,95,1,83,37,0,121,216,0,216,337
06/04/2020,GFK,ND,AGL,CE,Towers with Radar,3,12,15,0,30,0,70,21,0,91,3,82,36,0,121,386,0,386,507
06/05/2020,GFK,ND,AGL,CE,Towers with Radar,1,14,23,0,38,0,62,28,0,90,1,76,51,0,128,230,0,230,358
06/06/2020,GFK,ND,AGL,CE,Towers with Radar,1,8,1,0,10,0,34,16,0,50,1,42,17,0,60,104,0,104,164
06/07/2020,GFK,ND,AGL,CE,Towers with Radar,3,2,4,0,9,0,4,2,0,6,3,6,6,0,15,0,0,0,15
06/08/2020,GFK,ND,AGL,CE,Towers with Radar,1,25,6,0,32,0,72,35,0,107,1,97,41,0,139,270,0,270,409
06/09/2020,GFK,ND,AGL,CE,Towers with Radar,1,52,10,0,63,0,30,1,0,31,1,82,11,0,94,562,0,562,656
06/10/2020,GFK,ND,AGL,CE,Towers with Radar,1,51,22,0,74,0,154,34,0,188,1,205,56,0,262,445,0,445,707
06/11/2020,GFK,ND,AGL,CE,Towers with Radar,3,50,15,0,68,0,188,21,0,209,3,238,36,0,277,676,0,676,953
06/12/2020,GFK,ND,AGL,CE,Towers with Radar,1,57,18,0,76,0,227,30,0,257,1,284,48,0,333,432,0,432,765
06/13/2020,GFK,ND,AGL,CE,Towers with Radar,1,37,7,0,45,0,130,3,0,133,1,167,10,0,178,196,0,196,374
06/14/2020,GFK,ND,AGL,CE,Towers with Radar,4,0,2,0,6,0,0,4,0,4,4,0,6,0,10,0,0,0,10
06/15/2020,GFK,ND,AGL,CE,Towers with Radar,1,49,10,0,60,0,117,17,0,134,1,166,27,0,194,340,0,340,534
06/16/2020,GFK,ND,AGL,CE,Towers with Radar,1,15,5,0,21,0,124,14,0,138,1,139,19,0,159,200,0,200,359
06/17/2020,GFK,ND,AGL,CE,Towers with Radar,1,3,11,0,15,0,29,5,0,34,1,32,16,0,49,20,0,20,69
06/18/2020,GFK,ND,AGL,CE,Towers with Radar,3,111,6,1,121,0,230,22,0,252,3,341,28,1,373,913,0,913,1286
06/19/2020,GFK,ND,AGL,CE,Towers with Radar,1,92,5,0,98,0,257,31,0,288,1,349,36,0,386,684,0,684,1070
06/20/2020,GFK,ND,AGL,CE,Towers with Radar,2,2,1,0,5,0,0,4,0,4,2,2,5,0,9,0,0,0,9
06/21/2020,GFK,ND,AGL,CE,Towers with Radar,3,29,4,1,37,0,76,11,0,87,3,105,15,1,124,305,0,305,429
06/22/2020,GFK,ND,AGL,CE,Towers with Radar,1,101,17,0,119,0,270,31,0,301,1,371,48,0,420,852,0,852,1272
06/23/2020,GFK,ND,AGL,CE,Towers with Radar,1,90,10,0,101,0,315,32,0,347,1,405,42,0,448,700,0,700,1148
06/24/2020,GFK,ND,AGL,CE,Towers with Radar,1,86,23,0,110,0,298,33,0,331,1,384,56,0,441,682,0,682,1123
06/25/2020,GFK,ND,AGL,CE,Towers with Radar,3,14,4,0,21,0,90,10,0,100,3,104,14,0,121,344,0,344,465
06/26/2020,GFK,ND,AGL,CE,Towers with Radar,1,102,10,0,113,0,293,33,0,326,1,395,43,0,439,533,0,533,972
06/27/2020,GFK,ND,AGL,CE,Towers with Radar,1,79,8,0,88,0,156,32,0,188,1,235,40,0,276,401,0,401,677
06/28/2020,GFK,ND,AGL,CE,Towers with Radar,3,11,8,0,22,0,19,3,0,22,3,30,11,0,44,69,0,69,113
06/29/2020,GFK,ND,AGL,CE,Towers with Radar,1,131,16,0,148,0,271,31,0,302,1,402,47,0,450,962,0,962,1412
06/30/2020,GFK,ND,AGL,CE,Towers with Radar,1,81,12,0,94,0,51,7,0,58,1,132,19,0,152,714,0,714,866
07/01/2020,GFK,ND,AGL,CE,Towers with Radar,2,108,30,0,140,0,188,14,0,202,2,296,44,0,342,774,0,774,1116
07/02/2020,GFK,ND,AGL,CE,Towers with Radar,3,99,20,0,122,0,288,19,0,307,3,387,39,0,429,541,0,541,970
07/03/2020,GFK,ND,AGL,CE,Towers with Radar,1,1,8,0,10,0,0,19,0,19,1,1,27,0,29,54,0,54,83
07/04/2020,GFK,ND,AGL,CE,Towers with Radar,2,0,0,0,2,0,0,4,0,4,2,0,4,0,6,0,0,0,6
07/05/2020,GFK,ND,AGL,CE,Towers with Radar,3,1,2,0,6,0,1,16,0,17,3,2,18,0,23,13,0,13,36
07/06/2020,GFK,ND,AGL,CE,Towers with Radar,1,73,9,0,83,0,212,19,0,231,1,285,28,0,314,693,0,693,1007
07/07/2020,GFK,ND,AGL,CE,Towers with Radar,1,110,9,0,120,0,317,27,0,344,1,427,36,0,464,927,0,927,1391
07/08/2020,GFK,ND,AGL,CE,Towers with Radar,1,131,17,0,149,0,309,21,0,330,1,440,38,0,479,997,0,997,1476
07/09/2020,GFK,ND,AGL,CE,Towers with Radar,3,89,12,0,104,0,180,21,0,201,3,269,33,0,305,584,0,584,889
07/10/2020,GFK,ND,AGL,CE,Towers with Radar,5,125,20,0,150,0,291,29,0,320,5,416,49,0,470,953,0,953,1423
07/11/2020,GFK,ND,AGL,CE,Towers with Radar,5,84,9,0,98,0,136,9,0,145,5,220,18,0,243,661,0,661,904
07/12/2020,GFK,ND,AGL,CE,Towers with Radar,7,24,10,0,41,0,71,17,0,88,7,95,27,0,129,374,0,374,503
07/13/2020,GFK,ND,AGL,CE,Towers with Radar,5,65,8,0,78,0,114,5,0,119,5,179,13,0,197,358,0,358,555
07/14/2020,GFK,ND,AGL,CE,Towers with Radar,5,149,15,0,169,0,354,29,0,383,5,503,44,0,552,542,0,542,1094
07/15/2020,GFK,ND,AGL,CE,Towers with Radar,5,128,23,2,158,0,307,26,0,333,5,435,49,2,491,758,0,758,1249
07/16/2020,GFK,ND,AGL,CE,Towers with Radar,7,148,22,0,177,0,308,36,0,344,7,456,58,0,521,610,0,610,1131
07/17/2020,GFK,ND,AGL,CE,Towers with Radar,5,78,19,0,102,0,195,22,1,218,5,273,41,1,320,579,0,579,899
07/18/2020,GFK,ND,AGL,CE,Towers with Radar,5,105,2,0,112,0,170,18,0,188,5,275,20,0,300,708,0,708,1008
07/19/2020,GFK,ND,AGL,CE,Towers with Radar,6,20,13,0,39,0,42,15,0,57,6,62,28,0,96,58,0,58,154
07/20/2020,GFK,ND,AGL,CE,Towers with Radar,5,109,36,0,150,0,218,31,0,249,5,327,67,0,399,737,0,737,1136
07/21/2020,GFK,ND,AGL,CE,Towers with Radar,4,162,20,0,186,1,96,15,0,112,5,258,35,0,298,383,0,383,681
07/22/2020,GFK,ND,AGL,CE,Towers with Radar,5,154,11,0,170,0,445,32,0,477,5,599,43,0,647,947,0,947,1594
07/23/2020,GFK,ND,AGL,CE,Towers with Radar,7,110,20,0,137,0,291,16,0,307,7,401,36,0,444,456,0,456,900
07/24/2020,GFK,ND,AGL,CE,Towers with Radar,5,116,9,0,130,0,190,11,0,201,5,306,20,0,331,464,0,464,795
07/25/2020,GFK,ND,AGL,CE,Towers with Radar,3,82,9,0,94,0,125,8,0,133,3,207,17,0,227,421,0,421,648
07/26/2020,GFK,ND,AGL,CE,Towers with Radar,6,20,7,0,33,0,74,25,0,99,6,94,32,0,132,201,0,201,333
07/27/2020,GFK,ND,AGL,CE,Towers with Radar,5,155,15,0,175,0,315,30,0,345,5,470,45,0,520,735,0,735,1255
07/28/2020,GFK,ND,AGL,CE,Towers with Radar,5,179,19,0,203,0,323,25,0,348,5,502,44,0,551,767,0,767,1318
07/29/2020,GFK,ND,AGL,CE,Towers with Radar,5,171,21,0,197,0,359,31,0,390,5,530,52,0,587,1032,0,1032,1619
07/30/2020,GFK,ND,AGL,CE,Towers with Radar,7,166,20,0,193,0,306,33,0,339,7,472,53,0,532,940,0,940,1472
07/31/2020,GFK,ND,AGL,CE,Towers with Radar,5,58,11,0,74,0,151,15,0,166,5,209,26,0,240,532,0,532,772
08/01/2020,GFK,ND,AGL,CE,Towers with Radar,5,113,13,0,131,0,157,18,0,175,5,270,31,0,306,372,0,372,678
08/02/2020,GFK,ND,AGL,CE,Towers with Radar,7,35,4,0,46,0,68,24,0,92,7,103,28,0,138,251,0,251,389
08/03/2020,GFK,ND,AGL,CE,Towers with Radar,6,169,15,0,190,0,352,27,0,379,6,521,42,0,569,971,0,971,1540
08/04/2020,GFK,ND,AGL,CE,Towers with Radar,5,188,13,0,206,0,324,50,0,374,5,512,63,0,580,995,0,995,1575
08/05/2020,GFK,ND,AGL,CE,Towers with Radar,5,141,16,0,162,0,273,43,2,318,5,414,59,2,480,818,0,818,1298
08/06/2020,GFK,ND,AGL,CE,Towers with Radar,7,174,12,0,193,0,309,34,0,343,7,483,46,0,536,852,0,852,1388
08/07/2020,GFK,ND,AGL,CE,Towers with Radar,4,81,7,2,94,0,24,5,0,29,4,105,12,2,123,174,0,174,297
08/08/2020,GFK,ND,AGL,CE,Towers with Radar,7,89,7,0,103,0,226,31,0,257,7,315,38,0,360,868,0,868,1228
08/09/2020,GFK,ND,AGL,CE,Towers with Radar,7,1,8,0,16,0,0,1,0,1,7,1,9,0,17,0,0,0,17
08/10/2020,GFK,ND,AGL,CE,Towers with Radar,5,147,8,0,160,0,277,27,0,304,5,424,35,0,464,684,0,684,1148
08/11/2020,GFK,ND,AGL,CE,Towers with Radar,5,159,17,0,181,0,341,26,0,367,5,500,43,0,548,934,0,934,1482
08/12/2020,GFK,ND,AGL,CE,Towers with Radar,5,144,13,1,163,0,304,30,0,334,5,448,43,1,497,685,0,685,1182
08/13/2020,GFK,ND,AGL,CE,Towers with Radar,7,106,16,0,129,0,53,7,0,60,7,159,23,0,189,506,0,506,695
08/14/2020,GFK,ND,AGL,CE,Towers with Radar,5,10,0,0,15,0,4,2,0,6,5,14,2,0,21,4,0,4,25
08/15/2020,GFK,ND,AGL,CE,Towers with Radar,5,115,6,1,127,0,287,21,1,309,5,402,27,2,436,685,0,685,1121
08/16/2020,GFK,ND,AGL,CE,Towers with Radar,6,41,12,0,59,0,102,13,0,115,6,143,25,0,174,437,0,437,611
08/17/2020,GFK,ND,AGL,CE,Towers with Radar,5,166,18,0,189,0,353,38,0,391,5,519,56,0,580,1076,0,1076,1656
08/18/2020,GFK,ND,AGL,CE,Towers with Radar,5,129,16,0,150,0,321,30,0,351,5,450,46,0,501,920,0,920,1421
08/19/2020,GFK,ND,AGL,CE,Towers with Radar,5,120,12,0,137,0,266,31,0,297,5,386,43,0,434,757,0,757,1191
08/20/2020,GFK,ND,AGL,CE,Towers with Radar,7,80,21,0,108,0,196,19,0,215,7,276,40,0,323,641,0,641,964
08/21/2020,GFK,ND,AGL,CE,Towers with Radar,5,69,22,2,98,0,86,13,0,99,5,155,35,2,197,412,0,412,609
08/22/2020,GFK,ND,AGL,CE,Towers with Radar,5,120,10,0,135,0,223,30,0,253,5,343,40,0,388,597,0,597,985
08/23/2020,GFK,ND,AGL,CE,Towers with Radar,7,19,1,0,27,0,38,19,0,57,7,57,20,0,84,172,0,172,256
08/24/2020,GFK,ND,AGL,CE,Towers with Radar,5,114,17,0,136,0,248,41,0,289,5,362,58,0,425,570,0,570,995
08/25/2020,GFK,ND,AGL,CE,Towers with Radar,5,99,20,0,124,0,211,21,0,232,5,310,41,0,356,621,0,621,977
08/26/2020,GFK,ND,AGL,CE,Towers with Radar,5,99,36,0,140,0,157,15,0,172,5,256,51,0,312,831,0,831,1143
08/27/2020,GFK,ND,AGL,CE,Towers with Radar,5,80,28,0,113,0,194,17,0,211,5,274,45,0,324,720,0,720,1044
08/28/2020,GFK,ND,AGL,CE,Towers with Radar,5,89,19,0,113,0,125,16,0,141,5,214,35,0,254,416,0,416,670
08/29/2020,GFK,ND,AGL,CE,Towers with Radar,4,83,22,0,109,0,288,29,0,317,4,371,51,0,426,669,0,669,1095
08/30/2020,GFK,ND,AGL,CE,Towers with Radar,6,2,3,0,11,0,10,3,0,13,6,12,6,0,24,24,0,24,48
08/31/2020,GFK,ND,AGL,CE,Towers with Radar,6,85,11,0,102,0,292,25,0,317,6,377,36,0,419,513,0,513,932
09/01/2020,GFK,ND,AGL,CE,Towers with Radar,6,20,23,0,49,0,122,13,0,135,6,142,36,0,184,332,0,332,516
09/02/2020,GFK,ND,AGL,CE,Towers with Radar,6,99,16,0,121,0,354,44,0,398,6,453,60,0,519,734,0,734,1253
09/03/2020,GFK,ND,AGL,CE,Towers with Radar,8,61,14,0,83,0,96,10,0,106,8,157,24,0,189,184,0,184,373
09/04/2020,GFK,ND,AGL,CE,Towers with Radar,6,100,17,2,125,0,425,24,0,449,6,525,41,2,574,918,0,918,1492
09/05/2020,GFK,ND,AGL,CE,Towers with Radar,6,92,7,0,105,0,282,32,0,314,6,374,39,0,419,616,0,616,1035
09/06/2020,GFK,ND,AGL,CE,Towers with Radar,7,1,0,0,8,0,10,2,0,12,7,11,2,0,20,14,0,14,34
09/07/2020,GFK,ND,AGL,CE,Towers with Radar,6,91,11,0,108,0,234,24,0,258,6,325,35,0,366,871,0,871,1237
09/08/2020,GFK,ND,AGL,CE,Towers with Radar,6,71,17,1,95,0,217,34,0,251,6,288,51,1,346,1183,0,1183,1529
09/09/2020,GFK,ND,AGL,CE,Towers with Radar,6,128,20,0,154,0,401,37,0,438,6,529,57,0,592,910,0,910,1502
09/10/2020,GFK,ND,AGL,CE,Towers with Radar,8,117,19,0,144,0,397,57,0,454,8,514,76,0,598,812,0,812,1410
09/11/2020,GFK,ND,AGL,CE,Towers with Radar,6,120,11,0,137,0,408,31,0,439,6,528,42,0,576,852,0,852,1428
09/12/2020,GFK,ND,AGL,CE,Towers with Radar,6,117,5,0,128,0,181,28,0,209,6,298,33,0,337,672,0,672,1009
09/13/2020,GFK,ND,AGL,CE,Towers with Radar,8,30,18,2,58,0,77,13,0,90,8,107,31,2,148,336,0,336,484
09/14/2020,GFK,ND,AGL,CE,Towers with Radar,6,90,15,0,111,0,421,37,0,458,6,511,52,0,569,1021,0,1021,1590
09/15/2020,GFK,ND,AGL,CE,Towers with Radar,6,160,17,0,183,0,414,34,0,448,6,574,51,0,631,975,0,975,1606
09/16/2020,GFK,ND,AGL,CE,Towers with Radar,6,167,21,0,194,0,298,26,0,324,6,465,47,0,518,985,0,985,1503
09/17/2020,GFK,ND,AGL,CE,Towers with Radar,8,158,14,0,180,0,486,42,0,528,8,644,56,0,708,1052,0,1052,1760
09/18/2020,GFK,ND,AGL,CE,Towers with Radar,6,149,13,0,168,0,430,35,0,465,6,579,48,0,633,1051,0,1051,1684
09/19/2020,GFK,ND,AGL,CE,Towers with Radar,6,108,4,0,118,0,353,28,0,381,6,461,32,0,499,881,0,881,1380
09/20/2020,GFK,ND,AGL,CE,Towers with Radar,8,29,6,0,43,0,22,6,0,28,8,51,12,0,71,64,0,64,135
09/21/2020,GFK,ND,AGL,CE,Towers with Radar,6,72,16,0,94,0,175,11,0,186,6,247,27,0,280,411,0,411,691
09/22/2020,GFK,ND,AGL,CE,Towers with Radar,6,182,23,0,211,0,434,53,0,487,6,616,76,0,698,984,0,984,1682
09/23/2020,GFK,ND,AGL,CE,Towers with Radar,6,175,16,2,199,0,434,42,2,478,6,609,58,4,677,1065,0,1065,1742
09/24/2020,GFK,ND,AGL,CE,Towers with Radar,6,142,18,0,166,0,138,20,2,160,6,280,38,2,326,344,0,344,670
09/25/2020,GFK,ND,AGL,CE,Towers with Radar,6,126,14,0,146,0,427,39,0,466,6,553,53,0,612,1173,0,1173,1785
09/26/2020,GFK,ND,AGL,CE,Towers with Radar,6,95,11,0,112,0,246,22,0,268,6,341,33,0,380,780,0,780,1160
09/27/2020,GFK,ND,AGL,CE,Towers with Radar,6,22,16,0,44,0,23,6,0,29,6,45,22,0,73,87,0,87,160
09/28/2020,GFK,ND,AGL,CE,Towers with Radar,6,132,15,0,153,0,88,16,0,104,6,220,31,0,257,520,0,520,777
09/29/2020,GFK,ND,AGL,CE,Towers with Radar,6,158,19,0,183,0,400,29,0,429,6,558,48,0,612,998,0,998,1610
09/30/2020,GFK,ND,AGL,CE,Towers with Radar,6,152,15,0,173,0,254,7,0,261,6,406,22,0,434,561,0,561,995
10/01/2020,GFK,ND,AGL,CE,Towers with Radar,6,121,33,0,160,0,198,32,0,230,6,319,65,0,390,1234,0,1234,1624
10/02/2020,GFK,ND,AGL,CE,Towers with Radar,6,154,22,0,182,0,470,30,0,500,6,624,52,0,682,1075,0,1075,1757
10/03/2020,GFK,ND,AGL,CE,Towers with Radar,6,109,11,1,127,0,379,35,0,414,6,488,46,1,541,827,0,827,1368
10/04/2020,GFK,ND,AGL,CE,Towers with Radar,6,32,5,0,43,0,100,27,0,127,6,132,32,0,170,292,0,292,462
10/05/2020,GFK,ND,AGL,CE,Towers with Radar,6,147,18,0,171,0,357,22,0,379,6,504,40,0,550,770,0,770,1320
10/06/2020,GFK,ND,AGL,CE,Towers with Radar,5,132,25,0,162,0,239,24,0,263,5,371,49,0,425,433,0,433,858
10/07/2020,GFK,ND,AGL,CE,Towers with Radar,8,178,24,0,210,0,342,29,0,371,8,520,53,0,581,696,0,696,1277
10/08/2020,GFK,ND,AGL,CE,Towers with Radar,9,163,18,0,190,0,439,47,0,486,9,602,65,0,676,1068,0,1068,1744
10/09/2020,GFK,ND,AGL,CE,Towers with Radar,6,140,20,0,166,0,410,39,0,449,6,550,59,0,615,1156,0,1156,1771
10/10/2020,GFK,ND,AGL,CE,Towers with Radar,9,118,21,0,148,0,206,41,0,247,9,324,62,0,395,720,0,720,1115
10/11/2020,GFK,ND,AGL,CE,Towers with Radar,8,0,3,0,11,0,0,0,0,0,8,0,3,0,11,0,0,0,11
10/12/2020,GFK,ND,AGL,CE,Towers with Radar,7,144,18,2,171,0,353,47,0,400,7,497,65,2,571,1053,0,1053,1624
10/13/2020,GFK,ND,AGL,CE,Towers with Radar,6,64,23,4,97,0,142,15,0,157,6,206,38,4,254,530,0,530,784
10/14/2020,GFK,ND,AGL,CE,Towers with Radar,8,61,14,0,83,0,73,4,0,77,8,134,18,0,160,391,0,391,551
10/15/2020,GFK,ND,AGL,CE,Towers with Radar,8,136,21,0,165,0,314,27,0,341,8,450,48,0,506,952,0,952,1458
10/16/2020,GFK,ND,AGL,CE,Towers with Radar,7,144,8,0,159,0,443,28,0,471,7,587,36,0,630,1075,0,1075,1705
10/17/2020,GFK,ND,AGL,CE,Towers with Radar,9,98,9,0,116,0,181,12,0,193,9,279,21,0,309,519,0,519,828
10/18/2020,GFK,ND,AGL,CE,Towers with Radar,7,18,8,0,33,0,60,13,0,73,7,78,21,0,106,351,0,351,457
10/19/2020,GFK,ND,AGL,CE,Towers with Radar,6,153,19,0,178,0,417,38,0,455,6,570,57,0,633,1134,0,1134,1767
10/20/2020,GFK,ND,AGL,CE,Towers with Radar,8,6,3,0,17,0,0,2,0,2,8,6,5,0,19,114,0,114,133
10/21/2020,GFK,ND,AGL,CE,Towers with Radar,8,50,9,0,67,0,101,18,0,119,8,151,27,0,186,994,0,994,1180
10/22/2020,GFK,ND,AGL,CE,Towers with Radar,8,12,5,0,25,0,18,0,0,18,8,30,5,0,43,300,0,300,343
10/23/2020,GFK,ND,AGL,CE,Towers with Radar,6,132,11,0,149,0,408,26,0,434,6,540,37,0,583,858,0,858,1441
10/24/2020,GFK,ND,AGL,CE,Towers with Radar,8,100,14,0,122,0,288,34,0,322,8,388,48,0,444,985,0,985,1429
10/25/2020,GFK,ND,AGL,CE,Towers with Radar,8,13,14,0,35,0,78,9,0,87,8,91,23,0,122,289,0,289,411
10/26/2020,GFK,ND,AGL,CE,Towers with Radar,6,160,16,0,182,0,435,46,0,481,6,595,62,0,663,867,0,867,1530
10/27/2020,GFK,ND,AGL,CE,Towers with Radar,6,21,12,0,39,0,104,9,0,113,6,125,21,0,152,252,0,252,404
10/28/2020,GFK,ND,AGL,CE,Towers with Radar,8,25,20,0,53,0,62,14,0,76,8,87,34,0,129,486,0,486,615
10/29/2020,GFK,ND,AGL,CE,Towers with Radar,8,32,11,0,51,0,139,16,0,155,8,171,27,0,206,708,0,708,914
10/30/2020,GFK,ND,AGL,CE,Towers with Radar,7,34,11,0,52,0,46,8,0,54,7,80,19,0,106,129,0,129,235
10/31/2020,GFK,ND,AGL,CE,Towers with Radar,8,7,0,0,15,0,16,0,0,16,8,23,0,0,31,61,0,61,92
11/01/2020,GFK,ND,AGL,CE,Towers with Radar,10,40,9,0,59,0,145,33,0,178,10,185,42,0,237,452,0,452,689
11/02/2020,GFK,ND,AGL,CE,Towers with Radar,6,212,11,0,229,0,468,55,2,525,6,680,66,2,754,884,0,884,1638
11/03/2020,GFK,ND,AGL,CE,Towers with Radar,6,154,11,0,171,0,462,52,0,514,6,616,63,0,685,1067,0,1067,1752
11/04/2020,GFK,ND,AGL,CE,Towers with Radar,8,161,8,1,178,0,372,41,2,415,8,533,49,3,593,1122,0,1122,1715
11/05/2020,GFK,ND,AGL,CE,Towers with Radar,8,172,9,0,189,0,384,37,0,421,8,556,46,0,610,941,0,941,1551
11/06/2020,GFK,ND,AGL,CE,Towers with Radar,6,154,8,0,168,0,354,51,0,405,6,508,59,0,573,1022,0,1022,1595
11/07/2020,GFK,ND,AGL,CE,Towers with Radar,8,11,19,0,38,0,3,5,0,8,8,14,24,0,46,48,0,48,94
11/08/2020,GFK,ND,AGL,CE,Towers with Radar,6,3,3,0,12,0,0,1,0,1,6,3,4,0,13,0,0,0,13
11/09/2020,GFK,ND,AGL,CE,Towers with Radar,7,141,7,0,155,0,330,19,0,349,7,471,26,0,504,947,0,947,1451
11/10/2020,GFK,ND,AGL,CE,Towers with Radar,5,136,11,0,152,0,424,31,0,455,5,560,42,0,607,1008,0,1008,1615
11/11/2020,GFK,ND,AGL,CE,Towers with Radar,8,52,16,0,76,0,185,16,0,201,8,237,32,0,277,406,0,406,683
11/12/2020,GFK,ND,AGL,CE,Towers with Radar,5,16,15,0,36,0,28,7,0,35,5,44,22,0,71,543,0,543,614
11/13/2020,GFK,ND,AGL,CE,Towers with Radar,6,176,14,0,196,0,417,44,0,461,6,593,58,0,657,997,0,997,1654
11/14/2020,GFK,ND,AGL,CE,Towers with Radar,8,111,12,0,131,0,343,41,0,384,8,454,53,0,515,855,0,855,1370
11/15/2020,GFK,ND,AGL,CE,Towers with Radar,6,1,6,0,13,0,2,10,0,12,6,3,16,0,25,67,0,67,92
11/16/2020,GFK,ND,AGL,CE,Towers with Radar,8,130,17,0,155,0,276,33,0,309,8,406,50,0,464,846,0,846,1310
11/17/2020,GFK,ND,AGL,CE,Towers with Radar,6,129,13,0,148,0,253,28,0,281,6,382,41,0,429,1234,0,1234,1663
11/18/2020,GFK,ND,AGL,CE,Towers with Radar,6,157,14,0,177,0,367,30,0,397,6,524,44,0,574,986,0,986,1560
11/19/2020,GFK,ND,AGL,CE,Towers with Radar,9,2,10,0,21,0,0,6,0,6,9,2,16,0,27,151,0,151,178
11/20/2020,GFK,ND,AGL,CE,Towers with Radar,8,18,9,0,35,0,41,12,0,53,8,59,21,0,88,747,0,747,835
11/21/2020,GFK,ND,AGL,CE,Towers with Radar,10,126,3,0,139,0,384,19,0,403,10,510,22,0,542,835,0,835,1377
11/22/2020,GFK,ND,AGL,CE,Towers with Radar,8,10,3,0,21,0,47,7,0,54,8,57,10,0,75,224,0,224,299
11/23/2020,GFK,ND,AGL,CE,Towers with Radar,8,151,17,0,176,0,391,22,0,413,8,542,39,0,589,870,0,870,1459
11/24/2020,GFK,ND,AGL,CE,Towers with Radar,11,6,9,0,26,0,0,0,0,0,11,6,9,0,26,0,0,0,26
11/25/2020,GFK,ND,AGL,CE,Towers with Radar,9,11,14,0,34,0,5,4,0,9,9,16,18,0,43,3,0,3,46
11/26/2020,GFK,ND,AGL,CE,Towers with Radar,4,3,1,0,8,0,0,1,0,1,4,3,2,0,9,0,0,0,9
11/27/2020,GFK,ND,AGL,CE,Towers with Radar,6,58,15,0,79,0,120,18,0,138,6,178,33,0,217,359,0,359,576
11/28/2020,GFK,ND,AGL,CE,Towers with Radar,12,68,11,0,91,0,197,16,0,213,12,265,27,0,304,592,0,592,896
11/29/2020,GFK,ND,AGL,CE,Towers with Radar,8,14,6,0,28,0,28,5,0,33,8,42,11,0,61,335,0,335,396
11/30/2020,GFK,ND,AGL,CE,Towers with Radar,8,191,8,2,209,0,366,37,0,403,8,557,45,2,612,952,0,952,1564
12/01/2020,GFK,ND,AGL,CE,Towers with Radar,7,170,23,0,200,0,403,43,0,446,7,573,66,0,646,1092,0,1092,1738
12/02/2020,GFK,ND,AGL,CE,Towers with Radar,6,3,10,0,19,0,1,17,0,18,6,4,27,0,37,82,0,82,119
12/03/2020,GFK,ND,AGL,CE,Towers with Radar,5,201,14,0,220,0,438,34,0,472,5,639,48,0,692,1032,0,1032,1724
12/04/2020,GFK,ND,AGL,CE,Towers with Radar,6,152,9,0,167,0,421,31,0,452,6,573,40,0,619,980,0,980,1599
12/05/2020,GFK,ND,AGL,CE,Towers with Radar,8,91,8,0,107,0,307,24,0,331,8,398,32,0,438,819,0,819,1257
12/06/2020,GFK,ND,AGL,CE,Towers with Radar,6,37,7,0,50,0,197,14,0,211,6,234,21,0,261,455,0,455,716
12/07/2020,GFK,ND,AGL,CE,Towers with Radar,6,158,16,0,180,0,356,26,0,382,6,514,42,0,562,1071,0,1071,1633
12/08/2020,GFK,ND,AGL,CE,Towers with Radar,8,150,23,0,181,0,368,29,0,397,8,518,52,0,578,872,0,872,1450
12/09/2020,GFK,ND,AGL,CE,Towers with Radar,5,150,26,0,181,0,364,26,0,390,5,514,52,0,571,914,0,914,1485
12/10/2020,GFK,ND,AGL,CE,Towers with Radar,7,1,12,2,22,0,2,13,0,15,7,3,25,2,37,282,0,282,319
12/11/2020,GFK,ND,AGL,CE,Towers with Radar,6,5,9,0,20,0,0,0,0,0,6,5,9,0,20,0,0,0,20
12/12/2020,GFK,ND,AGL,CE,Towers with Radar,8,2,3,0,13,0,0,0,0,0,8,2,3,0,13,0,0,0,13
12/13/2020,GFK,ND,AGL,CE,Towers with Radar,6,1,7,0,14,0,0,2,0,2,6,1,9,0,16,6,0,6,22
12/14/2020,GFK,ND,AGL,CE,Towers with Radar,6,183,12,0,201,0,444,35,0,479,6,627,47,0,680,948,0,948,1628
12/15/2020,GFK,ND,AGL,CE,Towers with Radar,6,56,20,0,82,0,253,19,0,272,6,309,39,0,354,1051,0,1051,1405
12/16/2020,GFK,ND,AGL,CE,Towers with Radar,6,24,16,0,46,0,73,8,0,81,6,97,24,0,127,387,0,387,514
12/17/2020,GFK,ND,AGL,CE,Towers with Radar,6,4,18,0,28,0,0,7,0,7,6,4,25,0,35,14,0,14,49
12/18/2020,GFK,ND,AGL,CE,Towers with Radar,4,27,28,0,59,0,36,9,0,45,4,63,37,0,104,497,0,497,601
12/19/2020,GFK,ND,AGL,CE,Towers with Radar,9,68,22,0,99,0,151,18,0,169,9,219,40,0,268,376,0,376,644
12/20/2020,GFK,ND,AGL,CE,Towers with Radar,4,29,6,0,39,0,104,11,0,115,4,133,17,0,154,393,0,393,547
12/21/2020,GFK,ND,AGL,CE,Towers with Radar,4,8,17,0,29,0,30,14,0,44,4,38,31,0,73,248,0,248,321
12/22/2020,GFK,ND,AGL,CE,Towers with Radar,3,52,25,0,80,0,67,13,0,80,3,119,38,0,160,217,0,217,377
12/23/2020,GFK,ND,AGL,CE,Towers with Radar,8,3,1,0,12,0,0,0,0,0,8,3,1,0,12,0,0,0,12
12/24/2020,GFK,ND,AGL,CE,Towers with Radar,1,3,2,0,6,0,0,2,0,2,1,3,4,0,8,8,0,8,16
12/25/2020,GFK,ND,AGL,CE,Towers with Radar,2,2,1,0,5,0,0,6,0,6,2,2,7,0,11,6,0,6,17
12/26/2020,GFK,ND,AGL,CE,Towers with Radar,7,3,1,0,11,0,0,2,0,2,7,3,3,0,13,0,0,0,13
12/27/2020,GFK,ND,AGL,CE,Towers with Radar,4,4,4,0,12,0,0,0,0,0,4,4,4,0,12,0,0,0,12
12/28/2020,GFK,ND,AGL,CE,Towers with Radar,4,5,15,0,24,0,5,4,2,11,4,10,19,2,35,91,0,91,126
12/29/2020,GFK,ND,AGL,CE,Towers with Radar,5,16,6,0,27,0,11,6,0,17,5,27,12,0,44,50,0,50,94
12/30/2020,GFK,ND,AGL,CE,Towers with Radar,8,18,17,0,43,0,18,4,0,22,8,36,21,0,65,158,0,158,223
12/31/2020,GFK,ND,AGL,CE,Towers with Radar,3,42,19,0,64,0,58,12,0,70,3,100,31,0,134,171,0,171,305
01/01/2021,GFK,ND,AGL,CE,Towers with Radar,4,4,5,0,13,0,0,0,0,0,4,4,5,0,13,0,0,0,13
01/02/2021,GFK,ND,AGL,CE,Towers with Radar,11,2,3,0,16,0,0,2,0,2,11,2,5,0,18,0,0,0,18
01/03/2021,GFK,ND,AGL,CE,Towers with Radar,4,2,5,0,11,0,0,5,0,5,4,2,10,0,16,0,0,0,16
01/04/2021,GFK,ND,AGL,CE,Towers with Radar,4,44,5,0,53,0,77,22,0,99,4,121,27,0,152,202,0,202,354
01/05/2021,GFK,ND,AGL,CE,Towers with Radar,4,11,11,0,26,0,28,4,0,32,4,39,15,0,58,96,0,96,154
01/06/2021,GFK,ND,AGL,CE,Towers with Radar,8,60,6,1,75,0,116,20,0,136,8,176,26,1,211,534,0,534,745
01/07/2021,GFK,ND,AGL,CE,Towers with Radar,5,2,2,1,10,0,0,0,0,0,5,2,2,1,10,5,0,5,15
01/08/2021,GFK,ND,AGL,CE,Towers with Radar,6,2,1,0,9,0,0,0,0,0,6,2,1,0,9,0,0,0,9
01/09/2021,GFK,ND,AGL,CE,Towers with Radar,5,3,2,0,10,0,0,0,0,0,5,3,2,0,10,0,0,0,10
01/10/2021,GFK,ND,AGL,CE,Towers with Radar,6,13,5,0,24,0,41,16,0,57,6,54,21,0,81,262,0,262,343
01/11/2021,GFK,ND,AGL,CE,Towers with Radar,4,7,9,0,20,0,20,1,0,21,4,27,10,0,41,149,0,149,190
01/12/2021,GFK,ND,AGL,CE,Towers with Radar,5,163,11,0,179,0,289,50,0,339,5,452,61,0,518,1026,0,1026,1544
01/13/2021,GFK,ND,AGL,CE,Towers with Radar,7,133,23,1,164,0,377,31,1,409,7,510,54,2,573,777,0,777,1350
01/14/2021,GFK,ND,AGL,CE,Towers with Radar,4,6,6,0,16,0,0,2,0,2,4,6,8,0,18,58,0,58,76
01/15/2021,GFK,ND,AGL,CE,Towers with Radar,5,5,10,0,20,0,0,1,0,1,5,5,11,0,21,0,0,0,21
01/16/2021,GFK,ND,AGL,CE,Towers with Radar,5,75,12,0,92,0,189,34,0,223,5,264,46,0,315,892,0,892,1207
01/17/2021,GFK,ND,AGL,CE,Towers with Radar,4,6,7,0,17,0,0,0,0,0,4,6,7,0,17,52,0,52,69
01/18/2021,GFK,ND,AGL,CE,Towers with Radar,4,74,14,0,92,0,34,19,0,53,4,108,33,0,145,160,0,160,305
01/19/2021,GFK,ND,AGL,CE,Towers with Radar,5,133,13,0,151,0,152,10,0,162,5,285,23,0,313,416,0,416,729
01/20/2021,GFK,ND,AGL,CE,Towers with Radar,6,18,4,0,28,0,40,6,0,46,6,58,10,0,74,74,0,74,148
01/21/2021,GFK,ND,AGL,CE,Towers with Radar,7,145,10,0,162,0,141,16,0,157,7,286,26,0,319,631,0,631,950
01/22/2021,GFK,ND,AGL,CE,Towers with Radar,4,19,10,0,33,0,19,14,0,33,4,38,24,0,66,525,0,525,591
01/23/2021,GFK,ND,AGL,CE,Towers with Radar,6,50,3,0,59,0,294,27,0,321,6,344,30,0,380,626,0,626,1006
01/24/2021,GFK,ND,AGL,CE,Towers with Radar,6,68,15,0,89,0,263,18,0,281,6,331,33,0,370,539,0,539,909
01/25/2021,GFK,ND,AGL,CE,Towers with Radar,4,86,2,0,92,0,171,13,0,184,4,257,15,0,276,584,0,584,860
01/26/2021,GFK,ND,AGL,CE,Towers with Radar,4,176,16,0,196,0,251,15,0,266,4,427,31,0,462,432,0,432,894
01/27/2021,GFK,ND,AGL,CE,Towers with Radar,7,207,14,0,228,0,535,27,0,562,7,742,41,0,790,624,0,624,1414
01/28/2021,GFK,ND,AGL,CE,Towers with Radar,7,29,10,0,46,0,208,30,0,238,7,237,40,0,284,1084,0,1084,1368
01/29/2021,GFK,ND,AGL,CE,Towers with Radar,4,14,14,2,34,0,1,5,0,6,4,15,19,2,40,267,0,267,307
01/30/2021,GFK,ND,AGL,CE,Towers with Radar,6,2,0,0,8,0,0,0,0,0,6,2,0,0,8,0,0,0,8
01/31/2021,GFK,ND,AGL,CE,Towers with Radar,6,3,4,0,13,0,3,1,0,4,6,6,5,0,17,137,0,137,154
02/01/2021,GFK,ND,AGL,CE,Towers with Radar,4,4,6,0,14,0,0,7,0,7,4,4,13,0,21,28,0,28,49
02/02/2021,GFK,ND,AGL,CE,Towers with Radar,4,8,12,0,24,0,0,0,0,0,4,8,12,0,24,0,0,0,24
02/03/2021,GFK,ND,AGL,CE,Towers with Radar,8,2,6,1,17,0,0,0,0,0,8,2,6,1,17,0,0,0,17
02/04/2021,GFK,ND,AGL,CE,Towers with Radar,7,10,6,0,23,0,23,2,0,25,7,33,8,0,48,205,0,205,253
02/05/2021,GFK,ND,AGL,CE,Towers with Radar,3,32,13,0,48,0,144,14,0,158,3,176,27,0,206,420,0,420,626
02/06/2021,GFK,ND,AGL,CE,Towers with Radar,5,115,2,0,122,0,148,0,0,148,5,263,2,0,270,506,0,506,776
02/07/2021,GFK,ND,AGL,CE,Towers with Radar,4,81,8,0,93,0,229,14,0,243,4,310,22,0,336,602,0,602,938
02/08/2021,GFK,ND,AGL,CE,Towers with Radar,5,177,4,0,186,0,574,22,0,596,5,751,26,0,782,743,0,743,1525
02/09/2021,GFK,ND,AGL,CE,Towers with Radar,5,53,12,0,70,0,183,22,0,205,5,236,34,0,275,674,0,674,949
02/10/2021,GFK,ND,AGL,CE,Towers with Radar,4,137,6,0,147,0,464,35,0,499,4,601,41,0,646,1049,0,1049,1695
02/11/2021,GFK,ND,AGL,CE,Towers with Radar,8,136,14,0,158,0,464,24,0,488,8,600,38,0,646,842,0,842,1488
02/12/2021,GFK,ND,AGL,CE,Towers with Radar,4,113,22,0,139,0,408,20,0,428,4,521,42,0,567,925,0,925,1492
02/13/2021,GFK,ND,AGL,CE,Towers with Radar,6,13,2,0,21,0,30,0,0,30,6,43,2,0,51,62,0,62,113
02/14/2021,GFK,ND,AGL,CE,Towers with Radar,6,43,6,0,55,0,193,28,0,221,6,236,34,0,276,362,0,362,638
02/15/2021,GFK,ND,AGL,CE,Towers with Radar,4,261,14,0,279,0,481,29,0,510,4,742,43,0,789,799,0,799,1588
02/16/2021,GFK,ND,AGL,CE,Towers with Radar,6,238,9,0,253,0,473,22,0,495,6,711,31,0,748,948,0,948,1696
02/17/2021,GFK,ND,AGL,CE,Towers with Radar,4,72,8,0,84,0,333,30,0,363,4,405,38,0,447,800,0,800,1247
02/18/2021,GFK,ND,AGL,CE,Towers with Radar,8,150,19,0,177,0,242,25,0,267,8,392,44,0,444,1046,0,1046,1490
02/19/2021,GFK,ND,AGL,CE,Towers with Radar,5,203,19,0,227,0,580,41,0,621,5,783,60,0,848,922,0,922,1770
02/20/2021,GFK,ND,AGL,CE,Towers with Radar,7,166,14,0,187,0,395,33,0,428,7,561,47,0,615,767,0,767,1382
02/21/2021,GFK,ND,AGL,CE,Towers with Radar,8,56,9,0,73,0,159,30,0,189,8,215,39,0,262,398,0,398,660
02/22/2021,GFK,ND,AGL,CE,Towers with Radar,4,73,11,0,88,0,226,12,0,238,4,299,23,0,326,522,0,522,848
02/23/2021,GFK,ND,AGL,CE,Towers with Radar,7,43,9,0,59,0,179,18,0,197,7,222,27,0,256,641,0,641,897
02/24/2021,GFK,ND,AGL,CE,Towers with Radar,6,15,20,0,41,0,84,13,0,97,6,99,33,0,138,602,0,602,740
02/25/2021,GFK,ND,AGL,CE,Towers with Radar,6,205,21,4,236,0,427,42,0,469,6,632,63,4,705,288,0,288,993
02/26/2021,GFK,ND,AGL,CE,Towers with Radar,3,159,19,0,181,0,502,41,0,543,3,661,60,0,724,802,0,802,1526
02/27/2021,GFK,ND,AGL,CE,Towers with Radar,7,2,4,0,13,0,0,2,0,2,7,2,6,0,15,649,0,649,664
02/28/2021,GFK,ND,AGL,CE,Towers with Radar,6,48,17,0,71,0,200,23,0,223,6,248,40,0,294,465,0,465,759
03/01/2021,GFK,ND,AGL,CE,Towers with Radar,4,197,10,0,211,0,458,26,0,484,4,655,36,0,695,1160,0,1160,1855
03/02/2021,GFK,ND,AGL,CE,Towers with Radar,8,222,15,0,245,0,476,35,0,511,8,698,50,0,756,944,0,944,1700
03/03/2021,GFK,ND,AGL,CE,Towers with Radar,6,219,23,0,248,0,517,31,0,548,6,736,54,0,796,1141,0,1141,1937
03/04/2021,GFK,ND,AGL,CE,Towers with Radar,11,181,18,1,211,0,511,36,0,547,11,692,54,1,758,1149,0,1149,1907
03/05/2021,GFK,ND,AGL,CE,Towers with Radar,5,179,31,0,215,0,513,37,0,550,5,692,68,0,765,1089,0,1089,1854
03/06/2021,GFK,ND,AGL,CE,Towers with Radar,7,157,24,0,188,0,289,9,0,298,7,446,33,0,486,617,0,617,1103
03/07/2021,GFK,ND,AGL,CE,Towers with Radar,9,27,8,0,44,0,88,8,0,96,9,115,16,0,140,216,0,216,356
03/08/2021,GFK,ND,AGL,CE,Towers with Radar,6,196,20,0,222,0,479,26,0,505,6,675,46,0,727,1327,0,1327,2054
03/09/2021,GFK,ND,AGL,CE,Towers with Radar,7,100,12,0,119,0,236,7,0,243,7,336,19,0,362,486,0,486,848
03/10/2021,GFK,ND,AGL,CE,Towers with Radar,10,75,15,0,100,0,56,7,0,63,10,131,22,0,163,362,0,362,525
03/11/2021,GFK,ND,AGL,CE,Towers with Radar,9,69,8,0,86,0,145,19,0,164,9,214,27,0,250,752,0,752,1002
03/12/2021,GFK,ND,AGL,CE,Towers with Radar,7,151,19,0,177,0,470,50,0,520,7,621,69,0,697,841,0,841,1538
03/13/2021,GFK,ND,AGL,CE,Towers with Radar,10,119,7,0,136,0,329,30,0,359,10,448,37,0,495,1022,0,1022,1517
03/14/2021,GFK,ND,AGL,CE,Towers with Radar,8,39,4,0,51,0,76,21,0,97,8,115,25,0,148,302,0,302,450
03/15/2021,GFK,ND,AGL,CE,Towers with Radar,4,40,5,0,49,0,141,12,0,153,4,181,17,0,202,664,0,664,866
03/16/2021,GFK,ND,AGL,CE,Towers with Radar,7,9,14,0,30,0,13,15,0,28,7,22,29,0,58,765,0,765,823
03/17/2021,GFK,ND,AGL,CE,Towers with Radar,8,100,17,0,125,0,274,22,0,296,8,374,39,0,421,815,0,815,1236
03/18/2021,GFK,ND,AGL,CE,Towers with Radar,9,150,18,0,177,0,436,20,0,456,9,586,38,0,633,807,0,807,1440
03/19/2021,GFK,ND,AGL,CE,Towers with Radar,5,51,9,0,65,0,174,6,0,180,5,225,15,0,245,416,0,416,661
03/20/2021,GFK,ND,AGL,CE,Towers with Radar,7,20,1,0,28,0,68,7,0,75,7,88,8,0,103,117,0,117,220
03/21/2021,GFK,ND,AGL,CE,Towers with Radar,9,18,8,0,35,0,27,7,0,34,9,45,15,0,69,299,0,299,368
03/22/2021,GFK,ND,AGL,CE,Towers with Radar,5,160,15,0,180,0,587,36,0,623,5,747,51,0,803,1209,0,1209,2012
03/23/2021,GFK,ND,AGL,CE,Towers with Radar,7,157,11,0,175,0,487,31,0,518,7,644,42,0,693,911,0,911,1604
03/24/2021,GFK,ND,AGL,CE,Towers with Radar,8,144,15,0,167,0,382,14,0,396,8,526,29,0,563,909,0,909,1472
03/25/2021,GFK,ND,AGL,CE,Towers with Radar,10,139,16,0,165,0,492,18,0,510,10,631,34,0,675,1230,0,1230,1905
03/26/2021,GFK,ND,AGL,CE,Towers with Radar,5,4,5,2,16,0,5,6,0,11,5,9,11,2,27,745,0,745,772
03/27/2021,GFK,ND,AGL,CE,Towers with Radar,7,96,9,0,112,0,261,18,0,279,7,357,27,0,391,850,0,850,1241
03/28/2021,GFK,ND,AGL,CE,Towers with Radar,9,43,8,0,60,0,177,24,0,201,9,220,32,0,261,464,0,464,725
03/29/2021,GFK,ND,AGL,CE,Towers with Radar,5,19,2,0,26,0,33,3,0,36,5,52,5,0,62,95,0,95,157
03/30/2021,GFK,ND,AGL,CE,Towers with Radar,6,1,9,0,16,0,0,1,0,1,6,1,10,0,17,10,0,10,27
03/31/2021,GFK,ND,AGL,CE,Towers with Radar,5,183,29,0,217,0,552,44,0,596,5,735,73,0,813,1047,0,1047,1860
04/01/2021,GFK,ND,AGL,CE,Towers with Radar,9,53,16,0,78,0,213,17,0,230,9,266,33,0,308,552,0,552,860
04/02/2021,GFK,ND,AGL,CE,Towers with Radar,5,79,20,0,104,0,139,14,0,153,5,218,34,0,257,257,0,257,514
04/03/2021,GFK,ND,AGL,CE,Towers with Radar,7,87,12,0,106,0,304,41,0,345,7,391,53,0,451,686,0,686,1137
04/04/2021,GFK,ND,AGL,CE,Towers with Radar,10,0,10,0,20,0,0,15,0,15,10,0,25,0,35,26,0,26,61
04/05/2021,GFK,ND,AGL,CE,Towers with Radar,5,125,20,0,150,0,399,30,0,429,5,524,50,0,579,979,0,979,1558
04/06/2021,GFK,ND,AGL,CE,Towers with Radar,4,170,20,0,194,0,502,34,0,536,4,672,54,0,730,1005,0,1005,1735
04/07/2021,GFK,ND,AGL,CE,Towers with Radar,5,132,36,0,173,0,398,24,0,422,5,530,60,0,595,828,0,828,1423
04/08/2021,GFK,ND,AGL,CE,Towers with Radar,9,52,18,0,79,0,4,1,0,5,9,56,19,0,84,86,0,86,170
04/09/2021,GFK,ND,AGL,CE,Towers with Radar,5,24,10,0,39,0,33,6,0,39,5,57,16,0,78,171,0,171,249
04/10/2021,GFK,ND,AGL,CE,Towers with Radar,9,159,16,1,185,0,519,42,2,563,9,678,58,3,748,1021,0,1021,1769
04/11/2021,GFK,ND,AGL,CE,Towers with Radar,10,66,6,0,82,0,176,18,0,194,10,242,24,0,276,500,0,500,776
04/12/2021,GFK,ND,AGL,CE,Towers with Radar,4,1,4,0,9,0,0,0,0,0,4,1,4,0,9,0,0,0,9
04/13/2021,GFK,ND,AGL,CE,Towers with Radar,4,8,1,0,13,0,0,0,0,0,4,8,1,0,13,0,0,0,13
04/14/2021,GFK,ND,AGL,CE,Towers with Radar,5,5,7,1,18,0,0,2,0,2,5,5,9,1,20,94,0,94,114
04/15/2021,GFK,ND,AGL,CE,Towers with Radar,8,16,19,0,43,0,48,15,0,63,8,64,34,0,106,917,0,917,1023
04/16/2021,GFK,ND,AGL,CE,Towers with Radar,4,99,11,0,114,0,318,25,0,343,4,417,36,0,457,1196,0,1196,1653
04/17/2021,GFK,ND,AGL,CE,Towers with Radar,4,165,15,0,184,0,519,32,0,551,4,684,47,0,735,1032,0,1032,1767
04/18/2021,GFK,ND,AGL,CE,Towers with Radar,7,2,9,0,18,0,0,3,0,3,7,2,12,0,21,2,0,2,23
04/19/2021,GFK,ND,AGL,CE,Towers with Radar,4,138,13,0,155,0,365,20,0,385,4,503,33,0,540,706,0,706,1246
04/20/2021,GFK,ND,AGL,CE,Towers with Radar,7,114,9,0,130,0,327,28,0,355,7,441,37,0,485,1084,0,1084,1569
04/21/2021,GFK,ND,AGL,CE,Towers with Radar,6,144,24,0,174,0,431,30,0,461,6,575,54,0,635,854,0,854,1489
04/22/2021,GFK,ND,AGL,CE,Towers with Radar,10,177,23,0,210,0,454,30,0,484,10,631,53,0,694,1044,0,1044,1738
04/23/2021,GFK,ND,AGL,CE,Towers with Radar,5,29,13,0,47,0,23,9,0,32,5,52,22,0,79,508,0,508,587
04/24/2021,GFK,ND,AGL,CE,Towers with Radar,6,139,32,0,177,0,567,46,0,613,6,706,78,0,790,1129,0,1129,1919
04/25/2021,GFK,ND,AGL,CE,Towers with Radar,8,16,13,0,37,0,75,10,0,85,8,91,23,0,122,269,0,269,391
04/26/2021,GFK,ND,AGL,CE,Towers with Radar,4,75,13,0,92,0,230,14,0,244,4,305,27,0,336,1254,0,1254,1590
04/27/2021,GFK,ND,AGL,CE,Towers with Radar,4,219,24,0,247,0,593,35,0,628,4,812,59,0,875,1344,0,1344,2219
04/28/2021,GFK,ND,AGL,CE,Towers with Radar,4,146,29,0,179,0,423,48,0,471,4,569,77,0,650,1076,0,1076,1726
04/29/2021,GFK,ND,AGL,CE,Towers with Radar,8,77,25,0,110,0,327,11,0,338,8,404,36,0,448,847,0,847,1295
04/30/2021,GFK,ND,AGL,CE,Towers with Radar,6,147,19,0,172,0,425,11,0,436,6,572,30,0,608,941,0,941,1549
05/01/2021,GFK,ND,AGL,CE,Towers with Radar,4,96,10,0,110,0,394,32,0,426,4,490,42,0,536,950,0,950,1486
05/02/2021,GFK,ND,AGL,CE,Towers with Radar,8,54,2,0,64,0,89,29,0,118,8,143,31,0,182,239,0,239,421
05/03/2021,GFK,ND,AGL,CE,Towers with Radar,5,36,17,0,58,0,76,8,0,84,5,112,25,0,142,483,0,483,625
05/04/2021,GFK,ND,AGL,CE,Towers with Radar,4,165,14,1,184,0,549,42,0,591,4,714,56,1,775,1070,0,1070,1845
05/05/2021,GFK,ND,AGL,CE,Towers with Radar,4,134,31,0,169,0,438,24,0,462,4,572,55,0,631,1311,0,1311,1942
05/06/2021,GFK,ND,AGL,CE,Towers with Radar,6,85,18,0,109,0,304,12,1,317,6,389,30,1,426,656,0,656,1082
05/07/2021,GFK,ND,AGL,CE,Towers with Radar,4,123,16,0,143,0,498,44,0,542,4,621,60,0,685,1056,0,1056,1741
05/08/2021,GFK,ND,AGL,CE,Towers with Radar,2,95,5,0,102,0,366,23,0,389,2,461,28,0,491,923,0,923,1414
05/09/2021,GFK,ND,AGL,CE,Towers with Radar,6,27,9,0,42,0,63,12,0,75,6,90,21,0,117,226,0,226,343
05/10/2021,GFK,ND,AGL,CE,Towers with Radar,4,139,4,0,147,0,434,17,0,451,4,573,21,0,598,1101,0,1101,1699
05/11/2021,GFK,ND,AGL,CE,Towers with Radar,4,113,10,0,127,0,453,31,0,484,4,566,41,0,611,968,0,968,1579
05/12/2021,GFK,ND,AGL,CE,Towers with Radar,4,136,17,0,157,0,409,21,0,430,4,545,38,0,587,968,0,968,1555
05/13/2021,GFK,ND,AGL,CE,Towers with Radar,6,45,18,0,69,0,199,18,0,217,6,244,36,0,286,525,0,525,811
05/14/2021,GFK,ND,AGL,CE,Towers with Radar,4,70,11,0,85,0,259,20,0,279,4,329,31,0,364,1053,0,1053,1417
05/15/2021,GFK,ND,AGL,CE,Towers with Radar,2,77,7,0,86,0,195,22,0,217,2,272,29,0,303,654,0,654,957
05/16/2021,GFK,ND,AGL,CE,Towers with Radar,7,11,6,0,24,0,27,14,0,41,7,38,20,0,65,133,0,133,198
05/17/2021,GFK,ND,AGL,CE,Towers with Radar,4,133,6,0,143,0,400,26,0,426,4,533,32,0,569,987,0,987,1556
05/18/2021,GFK,ND,AGL,CE,Towers with Radar,4,74,9,0,87,0,173,11,0,184,4,247,20,0,271,388,0,388,659
05/19/2021,GFK,ND,AGL,CE,Towers with Radar,4,70,33,0,107,0,144,9,0,153,4,214,42,0,260,659,0,659,919
05/20/2021,GFK,ND,AGL,CE,Towers with Radar,6,106,16,0,128,0,0,0,0,0,6,106,16,0,128,0,0,0,128
05/21/2021,GFK,ND,AGL,CE,Towers with Radar,4,116,11,1,132,0,64,12,0,76,4,180,23,1,208,446,0,446,654
05/22/2021,GFK,ND,AGL,CE,Towers with Radar,4,90,6,0,100,0,0,4,0,4,4,90,10,0,104,0,0,0,104
05/23/2021,GFK,ND,AGL,CE,Towers with Radar,6,21,8,0,35,0,1,0,0,1,6,22,8,0,36,20,0,20,56
05/24/2021,GFK,ND,AGL,CE,Towers with Radar,5,112,12,0,129,0,359,21,0,380,5,471,33,0,509,952,0,952,1461
05/25/2021,GFK,ND,AGL,CE,Towers with Radar,4,23,13,0,40,0,105,8,0,113,4,128,21,0,153,287,0,287,440
05/26/2021,GFK,ND,AGL,CE,Towers with Radar,4,122,41,0,167,0,511,25,0,536,4,633,66,0,703,1363,0,1363,2066
05/27/2021,GFK,ND,AGL,CE,Towers with Radar,8,155,24,0,187,0,582,21,0,603,8,737,45,0,790,1276,0,1276,2066
05/28/2021,GFK,ND,AGL,CE,Towers with Radar,4,133,15,0,152,0,495,26,0,521,4,628,41,0,673,969,0,969,1642
05/29/2021,GFK,ND,AGL,CE,Towers with Radar,2,69,7,0,78,0,122,10,0,132,2,191,17,0,210,511,0,511,721
05/30/2021,GFK,ND,AGL,CE,Towers with Radar,4,15,12,0,31,0,72,19,0,91,4,87,31,0,122,325,0,325,447
05/31/2021,GFK,ND,AGL,CE,Towers with Radar,6,130,10,0,146,0,509,40,0,549,6,639,50,0,695,1116,0,1116,1811
06/01/2021,GFK,ND,AGL,CE,Towers with Radar,4,130,15,0,149,0,481,27,0,508,4,611,42,0,657,1246,0,1246,1903
06/02/2021,GFK,ND,AGL,CE,Towers with Radar,4,125,17,0,146,0,451,18,0,469,4,576,35,0,615,1073,0,1073,1688
06/03/2021,GFK,ND,AGL,CE,Towers with Radar,6,136,18,0,160,0,420,20,0,440,6,556,38,0,600,942,0,942,1542
06/04/2021,GFK,ND,AGL,CE,Towers with Radar,3,54,17,0,74,0,125,19,0,144,3,179,36,0,218,404,0,404,622
06/05/2021,GFK,ND,AGL,CE,Towers with Radar,4,91,7,0,102,0,263,5,4,272,4,354,12,4,374,868,0,868,1242
06/06/2021,GFK,ND,AGL,CE,Towers with Radar,6,26,5,0,37,0,54,11,0,65,6,80,16,0,102,193,0,193,295
06/07/2021,GFK,ND,AGL,CE,Towers with Radar,2,85,19,2,108,0,358,15,0,373,2,443,34,2,481,735,0,735,1216
06/08/2021,GFK,ND,AGL,CE,Towers with Radar,2,127,31,0,160,0,378,15,0,393,2,505,46,0,553,946,0,946,1499
06/09/2021,GFK,ND,AGL,CE,Towers with Radar,4,131,27,4,166,0,369,21,0,390,4,500,48,4,556,884,0,884,1440
06/10/2021,GFK,ND,AGL,CE,Towers with Radar,4,173,32,0,209,0,354,21,0,375,4,527,53,0,584,914,0,914,1498
06/11/2021,GFK,ND,AGL,CE,Towers with Radar,5,31,15,0,51,0,63,3,0,66,5,94,18,0,117,141,0,141,258
06/12/2021,GFK,ND,AGL,CE,Towers with Radar,4,132,1,0,137,0,394,24,0,418,4,526,25,0,555,996,0,996,1551
06/13/2021,GFK,ND,AGL,CE,Towers with Radar,4,29,6,0,39,0,88,16,0,104,4,117,22,0,143,144,0,144,287
06/14/2021,GFK,ND,AGL,CE,Towers with Radar,2,171,26,0,199,0,573,39,0,612,2,744,65,0,811,967,0,967,1778
06/15/2021,GFK,ND,AGL,CE,Towers with Radar,2,164,22,0,188,0,546,24,0,570,2,710,46,0,758,1173,0,1173,1931
06/16/2021,GFK,ND,AGL,CE,Towers with Radar,3,83,16,0,102,0,253,11,0,264,3,336,27,0,366,747,0,747,1113
06/17/2021,GFK,ND,AGL,CE,Towers with Radar,5,118,25,0,148,0,437,30,0,467,5,555,55,0,615,1002,0,1002,1617
06/18/2021,GFK,ND,AGL,CE,Towers with Radar,2,121,14,0,137,0,327,27,0,354,2,448,41,0,491,890,0,890,1381
06/19/2021,GFK,ND,AGL,CE,Towers with Radar,2,116,11,0,129,0,408,18,0,426,2,524,29,0,555,1062,0,1062,1617
06/20/2021,GFK,ND,AGL,CE,Towers with Radar,6,32,2,0,40,0,1,1,0,2,6,33,3,0,42,65,0,65,107
06/21/2021,GFK,ND,AGL,CE,Towers with Radar,4,155,27,0,186,0,452,24,0,476,4,607,51,0,662,968,0,968,1630
06/22/2021,GFK,ND,AGL,CE,Towers with Radar,2,152,22,0,176,0,524,36,1,561,2,676,58,1,737,1174,0,1174,1911
06/23/2021,GFK,ND,AGL,CE,Towers with Radar,3,61,21,0,85,0,220,10,0,230,3,281,31,0,315,325,0,325,640
06/24/2021,GFK,ND,AGL,CE,Towers with Radar,5,181,21,0,207,0,530,27,0,557,5,711,48,0,764,1229,0,1229,1993
06/25/2021,GFK,ND,AGL,CE,Towers with Radar,2,145,25,2,174,0,297,16,0,313,2,442,41,2,487,971,0,971,1458
06/26/2021,GFK,ND,AGL,CE,Towers with Radar,3,105,3,0,111,0,154,26,0,180,3,259,29,0,291,818,0,818,1109
06/27/2021,GFK,ND,AGL,CE,Towers with Radar,5,23,5,0,33,0,45,24,0,69,5,68,29,0,102,153,0,153,255
06/28/2021,GFK,ND,AGL,CE,Towers with Radar,2,179,43,0,224,0,353,24,0,377,2,532,67,0,601,1248,0,1248,1849
06/29/2021,GFK,ND,AGL,CE,Towers with Radar,4,144,17,0,165,0,543,23,0,566,4,687,40,0,731,1133,0,1133,1864
06/30/2021,GFK,ND,AGL,CE,Towers with Radar,3,141,29,2,175,0,503,39,0,542,3,644,68,2,717,1093,0,1093,1810
07/01/2021,GFK,ND,AGL,CE,Towers with Radar,5,112,22,0,139,0,378,44,0,422,5,490,66,0,561,1042,0,1042,1603
07/02/2021,GFK,ND,AGL,CE,Towers with Radar,3,48,11,0,62,0,88,18,0,106,3,136,29,0,168,439,0,439,607
07/03/2021,GFK,ND,AGL,CE,Towers with Radar,4,4,2,0,10,0,0,19,0,19,4,4,21,0,29,6,0,6,35
07/04/2021,GFK,ND,AGL,CE,Towers with Radar,4,4,1,0,9,0,0,23,0,23,4,4,24,0,32,15,0,15,47
07/05/2021,GFK,ND,AGL,CE,Towers with Radar,3,7,3,0,13,0,0,30,0,30,3,7,33,0,43,12,0,12,55
07/06/2021,GFK,ND,AGL,CE,Towers with Radar,2,139,13,0,154,0,38,1,0,39,2,177,14,0,193,304,0,304,497
07/07/2021,GFK,ND,AGL,CE,Towers with Radar,5,168,26,0,199,0,408,39,2,449,5,576,65,2,648,950,0,950,1598
07/08/2021,GFK,ND,AGL,CE,Towers with Radar,5,140,26,0,171,0,479,25,0,504,5,619,51,0,675,1326,0,1326,2001
07/09/2021,GFK,ND,AGL,CE,Towers with Radar,2,145,9,2,158,0,431,38,0,469,2,576,47,2,627,940,0,940,1567
07/10/2021,GFK,ND,AGL,CE,Towers with Radar,4,111,10,0,125,0,328,37,0,365,4,439,47,0,490,776,0,776,1266
07/11/2021,GFK,ND,AGL,CE,Towers with Radar,6,2,11,0,19,0,1,22,0,23,6,3,33,0,42,17,0,17,59
07/12/2021,GFK,ND,AGL,CE,Towers with Radar,2,118,12,0,132,0,282,21,0,303,2,400,33,0,435,711,0,711,1146
07/13/2021,GFK,ND,AGL,CE,Towers with Radar,3,143,21,0,167,0,389,20,0,409,3,532,41,0,576,1208,0,1208,1784
07/14/2021,GFK,ND,AGL,CE,Towers with Radar,5,99,35,1,140,0,149,16,0,165,5,248,51,1,305,648,0,648,953
07/15/2021,GFK,ND,AGL,CE,Towers with Radar,5,93,12,1,111,0,178,13,0,191,5,271,25,1,302,468,0,468,770
07/16/2021,GFK,ND,AGL,CE,Towers with Radar,3,112,12,0,127,0,362,23,0,385,3,474,35,0,512,765,0,765,1277
07/17/2021,GFK,ND,AGL,CE,Towers with Radar,2,121,14,0,137,0,276,28,0,304,2,397,42,0,441,882,0,882,1323
07/18/2021,GFK,ND,AGL,CE,Towers with Radar,4,8,9,0,21,0,0,21,0,21,4,8,30,0,42,8,0,8,50
07/19/2021,GFK,ND,AGL,CE,Towers with Radar,3,21,9,0,33,0,95,11,0,106,3,116,20,0,139,479,0,479,618
07/20/2021,GFK,ND,AGL,CE,Towers with Radar,2,122,25,0,149,0,19,6,0,25,2,141,31,0,174,160,0,160,334
07/21/2021,GFK,ND,AGL,CE,Towers with Radar,3,112,11,0,126,0,174,11,0,185,3,286,22,0,311,440,0,440,751
07/22/2021,GFK,ND,AGL,CE,Towers with Radar,2,147,33,0,182,0,524,40,0,564,2,671,73,0,746,1282,0,1282,2028
07/23/2021,GFK,ND,AGL,CE,Towers with Radar,5,101,10,0,116,0,299,28,0,327,5,400,38,0,443,881,0,881,1324
07/24/2021,GFK,ND,AGL,CE,Towers with Radar,5,84,10,0,99,0,190,30,0,220,5,274,40,0,319,645,0,645,964
07/25/2021,GFK,ND,AGL,CE,Towers with Radar,6,2,6,0,14,0,1,21,0,22,6,3,27,0,36,10,0,10,46
07/26/2021,GFK,ND,AGL,CE,Towers with Radar,2,140,15,0,157,0,406,31,0,437,2,546,46,0,594,1009,0,1009,1603
07/27/2021,GFK,ND,AGL,CE,Towers with Radar,2,132,32,0,166,0,414,26,0,440,2,546,58,0,606,915,0,915,1521
07/28/2021,GFK,ND,AGL,CE,Towers with Radar,4,153,23,0,180,0,177,7,0,184,4,330,30,0,364,899,0,899,1263
07/29/2021,GFK,ND,AGL,CE,Towers with Radar,6,121,20,0,147,0,177,13,0,190,6,298,33,0,337,831,0,831,1168
07/30/2021,GFK,ND,AGL,CE,Towers with Radar,2,104,14,1,121,0,77,5,0,82,2,181,19,1,203,276,0,276,479
07/31/2021,GFK,ND,AGL,CE,Towers with Radar,4,77,12,0,93,0,81,13,0,94,4,158,25,0,187,302,0,302,489
08/01/2021,GFK,ND,AGL,CE,Towers with Radar,8,1,9,0,18,0,2,22,1,25,8,3,31,1,43,10,0,10,53
08/02/2021,GFK,ND,AGL,CE,Towers with Radar,3,109,17,0,129,0,243,11,2,256,3,352,28,2,385,580,0,580,965
08/03/2021,GFK,ND,AGL,CE,Towers with Radar,1,127,24,1,153,0,244,9,0,253,1,371,33,1,406,826,0,826,1232
08/04/2021,GFK,ND,AGL,CE,Towers with Radar,2,118,28,0,148,0,335,24,0,359,2,453,52,0,507,852,0,852,1359
08/05/2021,GFK,ND,AGL,CE,Towers with Radar,4,134,34,3,175,0,4,3,2,9,4,138,37,5,184,14,0,14,198
08/06/2021,GFK,ND,AGL,CE,Towers with Radar,3,83,17,0,103,0,141,24,0,165,3,224,41,0,268,678,0,678,946
08/07/2021,GFK,ND,AGL,CE,Towers with Radar,2,71,19,0,92,0,181,17,0,198,2,252,36,0,290,466,0,466,756
08/08/2021,GFK,ND,AGL,CE,Towers with Radar,5,6,14,0,25,0,0,18,0,18,5,6,32,0,43,8,0,8,51
08/09/2021,GFK,ND,AGL,CE,Towers with Radar,2,105,11,0,118,0,205,23,0,228,2,310,34,0,346,793,0,793,1139
08/10/2021,GFK,ND,AGL,CE,Towers with Radar,2,125,21,0,148,0,325,30,0,355,2,450,51,0,503,763,0,763,1266
08/11/2021,GFK,ND,AGL,CE,Towers with Radar,2,94,21,0,117,0,215,23,0,238,2,309,44,0,355,594,0,594,949
08/12/2021,GFK,ND,AGL,CE,Towers with Radar,4,73,10,0,87,0,143,19,0,162,4,216,29,0,249,451,0,451,700
08/13/2021,GFK,ND,AGL,CE,Towers with Radar,3,151,13,0,167,0,368,23,0,391,3,519,36,0,558,895,0,895,1453
08/14/2021,GFK,ND,AGL,CE,Towers with Radar,3,81,8,0,92,0,223,18,0,241,3,304,26,0,333,702,0,702,1035
08/15/2021,GFK,ND,AGL,CE,Towers with Radar,5,5,10,0,20,0,0,10,0,10,5,5,20,0,30,8,0,8,38
08/16/2021,GFK,ND,AGL,CE,Towers with Radar,4,65,2,0,71,0,158,17,2,177,4,223,19,2,248,683,0,683,931
08/17/2021,GFK,ND,AGL,CE,Towers with Radar,2,104,11,0,117,0,356,27,0,383,2,460,38,0,500,1013,0,1013,1513
08/18/2021,GFK,ND,AGL,CE,Towers with Radar,2,94,18,0,114,0,196,23,0,219,2,290,41,0,333,769,0,769,1102
08/19/2021,GFK,ND,AGL,CE,Towers with Radar,4,65,8,0,77,0,120,15,0,135,4,185,23,0,212,554,0,554,766
08/20/2021,GFK,ND,AGL,CE,Towers with Radar,2,4,4,0,10,0,0,2,0,2,2,4,6,0,12,10,0,10,22
08/21/2021,GFK,ND,AGL,CE,Towers with Radar,2,59,14,0,75,0,92,18,0,110,2,151,32,0,185,508,0,508,693
08/22/2021,GFK,ND,AGL,CE,Towers with Radar,4,11,1,0,16,0,8,6,0,14,4,19,7,0,30,21,0,21,51
08/23/2021,GFK,ND,AGL,CE,Towers with Radar,2,109,16,0,127,0,279,46,0,325,2,388,62,0,452,1091,0,1091,1543
08/24/2021,GFK,ND,AGL,CE,Towers with Radar,2,76,23,0,101,0,217,29,0,246,2,293,52,0,347,795,0,795,1142
08/25/2021,GFK,ND,AGL,CE,Towers with Radar,3,105,29,0,137,0,329,42,0,371,3,434,71,0,508,1068,0,1068,1576
08/26/2021,GFK,ND,AGL,CE,Towers with Radar,5,120,17,0,142,0,310,16,0,326,5,430,33,0,468,748,0,748,1216
08/27/2021,GFK,ND,AGL,CE,Towers with Radar,1,73,7,1,82,0,0,0,0,0,1,73,7,1,82,12,0,12,94
08/28/2021,GFK,ND,AGL,CE,Towers with Radar,2,54,11,1,68,0,42,7,0,49,2,96,18,1,117,432,0,432,549
08/29/2021,GFK,ND,AGL,CE,Towers with Radar,4,62,13,0,79,0,170,24,0,194,4,232,37,0,273,283,0,283,556
08/30/2021,GFK,ND,AGL,CE,Towers with Radar,2,160,19,0,181,0,622,39,0,661,2,782,58,0,842,985,0,985,1827
08/31/2021,GFK,ND,AGL,CE,Towers with Radar,2,157,20,0,179,0,571,43,0,614,2,728,63,0,793,882,0,882,1675
09/01/2021,GFK,ND,AGL,CE,Towers with Radar,2,135,10,0,147,0,495,29,0,524,2,630,39,0,671,710,0,710,1381
09/02/2021,GFK,ND,AGL,CE,Towers with Radar,6,133,16,0,155,0,0,0,0,0,6,133,16,0,155,14,0,14,169
09/03/2021,GFK,ND,AGL,CE,Towers with Radar,4,169,11,0,184,0,267,27,0,294,4,436,38,0,478,686,0,686,1164
09/04/2021,GFK,ND,AGL,CE,Towers with Radar,5,99,10,0,114,0,422,44,0,466,5,521,54,0,580,772,0,772,1352
09/05/2021,GFK,ND,AGL,CE,Towers with Radar,6,47,10,0,63,0,152,23,0,175,6,199,33,0,238,404,0,404,642
09/06/2021,GFK,ND,AGL,CE,Towers with Radar,2,141,4,0,147,0,423,26,0,449,2,564,30,0,596,757,0,757,1353
09/07/2021,GFK,ND,AGL,CE,Towers with Radar,2,121,8,0,131,0,396,21,0,417,2,517,29,0,548,745,0,745,1293
09/08/2021,GFK,ND,AGL,CE,Towers with Radar,4,178,24,0,206,0,536,42,0,578,4,714,66,0,784,1097,0,1097,1881
09/09/2021,GFK,ND,AGL,CE,Towers with Radar,6,140,11,0,157,0,562,66,0,628,6,702,77,0,785,632,0,632,1417
09/10/2021,GFK,ND,AGL,CE,Towers with Radar,3,169,14,0,186,0,512,49,0,561,3,681,63,0,747,973,0,973,1720
09/11/2021,GFK,ND,AGL,CE,Towers with Radar,4,136,14,1,155,0,394,39,0,433,4,530,53,1,588,977,0,977,1565
09/12/2021,GFK,ND,AGL,CE,Towers with Radar,6,27,7,0,40,0,123,26,0,149,6,150,33,0,189,303,0,303,492
09/13/2021,GFK,ND,AGL,CE,Towers with Radar,2,133,11,0,146,0,234,9,0,243,2,367,20,0,389,825,0,825,1214
09/14/2021,GFK,ND,AGL,CE,Towers with Radar,2,184,17,0,203,0,485,62,0,547,2,669,79,0,750,1002,0,1002,1752
09/15/2021,GFK,ND,AGL,CE,Towers with Radar,2,137,11,0,150,0,353,31,0,384,2,490,42,0,534,615,0,615,1149
09/16/2021,GFK,ND,AGL,CE,Towers with Radar,4,215,21,0,240,0,419,44,0,463,4,634,65,0,703,1035,0,1035,1738
09/17/2021,GFK,ND,AGL,CE,Towers with Radar,3,177,13,0,193,0,381,38,0,419,3,558,51,0,612,711,0,711,1323
09/18/2021,GFK,ND,AGL,CE,Towers with Radar,0,89,5,0,94,0,190,12,0,202,0,279,17,0,296,316,0,316,612
09/19/2021,GFK,ND,AGL,CE,Towers with Radar,4,48,8,0,60,0,81,10,0,91,4,129,18,0,151,262,0,262,413
09/20/2021,GFK,ND,AGL,CE,Towers with Radar,2,192,16,0,210,0,151,26,0,177,2,343,42,0,387,682,0,682,1069
09/21/2021,GFK,ND,AGL,CE,Towers with Radar,2,172,10,0,184,0,476,48,0,524,2,648,58,0,708,964,0,964,1672
09/22/2021,GFK,ND,AGL,CE,Towers with Radar,2,189,16,0,207,0,460,33,0,493,2,649,49,0,700,888,0,888,1588
09/23/2021,GFK,ND,AGL,CE,Towers with Radar,4,170,14,0,188,0,442,31,0,473,4,612,45,0,661,859,0,859,1520
09/24/2021,GFK,ND,AGL,CE,Towers with Radar,3,185,8,0,196,0,359,22,0,381,3,544,30,0,577,669,0,669,1246
09/25/2021,GFK,ND,AGL,CE,Towers with Radar,2,143,9,0,154,0,388,29,0,417,2,531,38,0,571,970,0,970,1541
09/26/2021,GFK,ND,AGL,CE,Towers with Radar,4,40,10,0,54,0,141,30,0,171,4,181,40,0,225,336,0,336,561
09/27/2021,GFK,ND,AGL,CE,Towers with Radar,2,203,8,0,213,0,446,22,0,468,2,649,30,0,681,920,0,920,1601
09/28/2021,GFK,ND,AGL,CE,Towers with Radar,2,176,13,0,191,0,416,20,0,436,2,592,33,0,627,869,0,869,1496
09/29/2021,GFK,ND,AGL,CE,Towers with Radar,3,180,16,0,199,0,461,34,2,497,3,641,50,2,696,1016,0,1016,1712
09/30/2021,GFK,ND,AGL,CE,Towers with Radar,4,193,31,0,228,0,440,37,0,477,4,633,68,0,705,849,0,849,1554
10/01/2021,GFK,ND,AGL,CE,Towers with Radar,3,140,20,0,163,0,373,33,0,406,3,513,53,0,569,878,0,878,1447
10/02/2021,GFK,ND,AGL,CE,Towers with Radar,3,113,19,0,135,0,316,14,0,330,3,429,33,0,465,912,0,912,1377
10/03/2021,GFK,ND,AGL,CE,Towers with Radar,5,46,3,0,54,0,94,25,0,119,5,140,28,0,173,288,0,288,461
10/04/2021,GFK,ND,AGL,CE,Towers with Radar,3,169,18,0,190,0,441,25,0,466,3,610,43,0,656,1048,0,1048,1704
10/05/2021,GFK,ND,AGL,CE,Towers with Radar,3,143,10,0,156,0,416,26,0,442,3,559,36,0,598,990,0,990,1588
10/06/2021,GFK,ND,AGL,CE,Towers with Radar,5,183,14,0,202,0,327,25,0,352,5,510,39,0,554,825,0,825,1379
10/07/2021,GFK,ND,AGL,CE,Towers with Radar,4,158,14,0,176,0,372,13,0,385,4,530,27,0,561,1046,0,1046,1607
10/08/2021,GFK,ND,AGL,CE,Towers with Radar,2,77,20,0,99,0,28,7,0,35,2,105,27,0,134,370,0,370,504
10/09/2021,GFK,ND,AGL,CE,Towers with Radar,4,28,6,0,38,0,0,0,0,0,4,28,6,0,38,0,0,0,38
10/10/2021,GFK,ND,AGL,CE,Towers with Radar,4,51,10,0,65,0,0,0,0,0,4,51,10,0,65,0,0,0,65
10/11/2021,GFK,ND,AGL,CE,Towers with Radar,3,200,7,0,210,0,505,49,0,554,3,705,56,0,764,1092,0,1092,1856
10/12/2021,GFK,ND,AGL,CE,Towers with Radar,4,158,19,0,181,0,502,58,0,560,4,660,77,0,741,995,0,995,1736
10/13/2021,GFK,ND,AGL,CE,Towers with Radar,5,63,6,0,74,0,9,2,0,11,5,72,8,0,85,125,0,125,210
10/14/2021,GFK,ND,AGL,CE,Towers with Radar,6,98,11,0,115,0,2,6,0,8,6,100,17,0,123,404,0,404,527
10/15/2021,GFK,ND,AGL,CE,Towers with Radar,4,84,14,0,102,0,120,25,0,145,4,204,39,0,247,1166,0,1166,1413
10/16/2021,GFK,ND,AGL,CE,Towers with Radar,7,116,7,0,130,0,440,50,0,490,7,556,57,0,620,840,0,840,1460
10/17/2021,GFK,ND,AGL,CE,Towers with Radar,5,52,13,0,70,0,141,38,0,179,5,193,51,0,249,198,0,198,447
10/18/2021,GFK,ND,AGL,CE,Towers with Radar,5,173,10,2,190,0,472,42,0,514,5,645,52,2,704,826,0,826,1530
10/19/2021,GFK,ND,AGL,CE,Towers with Radar,3,10,19,0,32,0,0,4,0,4,3,10,23,0,36,14,0,14,50
10/20/2021,GFK,ND,AGL,CE,Towers with Radar,7,5,9,0,21,0,0,12,0,12,7,5,21,0,33,27,0,27,60
10/21/2021,GFK,ND,AGL,CE,Towers with Radar,4,115,21,2,142,0,336,60,0,396,4,451,81,2,538,951,0,951,1489
10/22/2021,GFK,ND,AGL,CE,Towers with Radar,3,119,15,0,137,0,352,36,0,388,3,471,51,0,525,797,0,797,1322
10/23/2021,GFK,ND,AGL,CE,Towers with Radar,9,54,6,0,69,0,169,29,0,198,9,223,35,0,267,693,0,693,960
10/24/2021,GFK,ND,AGL,CE,Towers with Radar,7,29,9,0,45,0,92,21,0,113,7,121,30,0,158,304,0,304,462
10/25/2021,GFK,ND,AGL,CE,Towers with Radar,4,200,5,2,211,0,405,27,0,432,4,605,32,2,643,940,0,940,1583
10/26/2021,GFK,ND,AGL,CE,Towers with Radar,4,25,8,0,37,0,13,2,0,15,4,38,10,0,52,63,0,63,115
10/27/2021,GFK,ND,AGL,CE,Towers with Radar,13,51,18,0,82,0,0,0,0,0,13,51,18,0,82,0,0,0,82
10/28/2021,GFK,ND,AGL,CE,Towers with Radar,18,189,18,0,225,0,330,32,0,362,18,519,50,0,587,1113,0,1113,1700
10/29/2021,GFK,ND,AGL,CE,Towers with Radar,7,173,13,0,193,0,474,45,0,519,7,647,58,0,712,980,0,980,1692
10/30/2021,GFK,ND,AGL,CE,Towers with Radar,7,32,3,0,42,0,38,12,0,50,7,70,15,0,92,292,0,292,384
10/31/2021,GFK,ND,AGL,CE,Towers with Radar,22,35,7,0,64,0,110,8,0,118,22,145,15,0,182,248,0,248,430
11/01/2021,GFK,ND,AGL,CE,Towers with Radar,6,65,22,0,93,0,331,31,0,362,6,396,53,0,455,961,0,961,1416
11/02/2021,GFK,ND,AGL,CE,Towers with Radar,3,184,35,0,222,0,461,47,0,508,3,645,82,0,730,1009,0,1009,1739
11/03/2021,GFK,ND,AGL,CE,Towers with Radar,5,192,18,0,215,0,475,39,0,514,5,667,57,0,729,1038,0,1038,1767
11/04/2021,GFK,ND,AGL,CE,Towers with Radar,2,184,15,0,201,0,445,45,0,490,2,629,60,0,691,785,0,785,1476
11/05/2021,GFK,ND,AGL,CE,Towers with Radar,1,128,21,0,150,0,37,3,0,40,1,165,24,0,190,338,0,338,528
11/06/2021,GFK,ND,AGL,CE,Towers with Radar,6,117,17,0,140,0,389,31,0,420,6,506,48,0,560,742,0,742,1302
11/07/2021,GFK,ND,AGL,CE,Towers with Radar,4,52,13,0,69,0,129,20,0,149,4,181,33,0,218,322,0,322,540
11/08/2021,GFK,ND,AGL,CE,Towers with Radar,2,177,10,0,189,0,391,38,0,429,2,568,48,0,618,882,0,882,1500
11/09/2021,GFK,ND,AGL,CE,Towers with Radar,2,197,6,0,205,0,430,43,0,473,2,627,49,0,678,1000,0,1000,1678
11/10/2021,GFK,ND,AGL,CE,Towers with Radar,4,11,9,0,24,0,1,0,0,1,4,12,9,0,25,123,0,123,148
11/11/2021,GFK,ND,AGL,CE,Towers with Radar,5,7,7,0,19,0,0,0,0,0,5,7,7,0,19,0,0,0,19
11/12/2021,GFK,ND,AGL,CE,Towers with Radar,4,6,8,0,18,0,0,0,0,0,4,6,8,0,18,0,0,0,18
11/13/2021,GFK,ND,AGL,CE,Towers with Radar,6,2,4,0,12,0,0,0,0,0,6,2,4,0,12,0,0,0,12
11/14/2021,GFK,ND,AGL,CE,Towers with Radar,2,6,14,0,22,0,0,0,0,0,2,6,14,0,22,0,0,0,22
11/15/2021,GFK,ND,AGL,CE,Towers with Radar,6,6,9,0,21,0,1,4,0,5,6,7,13,0,26,45,0,45,71
11/16/2021,GFK,ND,AGL,CE,Towers with Radar,2,52,10,0,64,0,38,2,0,40,2,90,12,0,104,707,0,707,811
11/17/2021,GFK,ND,AGL,CE,Towers with Radar,2,3,14,0,19,0,0,0,0,0,2,3,14,0,19,0,0,0,19
11/18/2021,GFK,ND,AGL,CE,Towers with Radar,4,16,11,0,31,0,161,23,0,184,4,177,34,0,215,995,0,995,1210
11/19/2021,GFK,ND,AGL,CE,Towers with Radar,2,214,25,0,241,0,509,39,0,548,2,723,64,0,789,714,0,714,1503
11/20/2021,GFK,ND,AGL,CE,Towers with Radar,5,200,16,0,221,0,398,50,0,448,5,598,66,0,669,681,0,681,1350
11/21/2021,GFK,ND,AGL,CE,Towers with Radar,3,35,7,0,45,0,74,16,0,90,3,109,23,0,135,309,0,309,444
11/22/2021,GFK,ND,AGL,CE,Towers with Radar,3,179,7,2,191,0,417,53,0,470,3,596,60,2,661,1019,0,1019,1680
11/23/2021,GFK,ND,AGL,CE,Towers with Radar,6,163,13,0,182,0,344,27,0,371,6,507,40,0,553,886,0,886,1439
11/24/2021,GFK,ND,AGL,CE,Towers with Radar,3,9,11,0,23,0,0,0,0,0,3,9,11,0,23,0,0,0,23
11/25/2021,GFK,ND,AGL,CE,Towers with Radar,1,3,3,0,7,0,0,12,0,12,1,3,15,0,19,43,0,43,62
11/26/2021,GFK,ND,AGL,CE,Towers with Radar,3,68,8,0,79,0,109,22,0,131,3,177,30,0,210,404,0,404,614
11/27/2021,GFK,ND,AGL,CE,Towers with Radar,6,51,18,0,75,0,105,11,0,116,6,156,29,0,191,315,0,315,506
11/28/2021,GFK,ND,AGL,CE,Towers with Radar,3,50,17,0,70,0,108,24,0,132,3,158,41,0,202,383,0,383,585
11/29/2021,GFK,ND,AGL,CE,Towers with Radar,3,154,15,0,172,0,293,33,0,326,3,447,48,0,498,762,0,762,1260
11/30/2021,GFK,ND,AGL,CE,Towers with Radar,2,123,6,0,131,0,341,32,0,373,2,464,38,0,504,835,0,835,1339
12/01/2021,GFK,ND,AGL,CE,Towers with Radar,2,135,5,0,142,0,135,11,0,146,2,270,16,0,288,511,0,511,799
12/02/2021,GFK,ND,AGL,CE,Towers with Radar,2,16,14,0,32,0,152,19,0,171,2,168,33,0,203,1079,0,1079,1282
12/03/2021,GFK,ND,AGL,CE,Towers with Radar,2,140,15,0,157,0,237,23,0,260,2,377,38,0,417,511,0,511,928
12/04/2021,GFK,ND,AGL,CE,Towers with Radar,2,88,11,0,101,0,343,21,0,364,2,431,32,0,465,520,0,520,985
12/05/2021,GFK,ND,AGL,CE,Towers with Radar,2,2,1,0,5,0,0,0,0,0,2,2,1,0,5,0,0,0,5
12/06/2021,GFK,ND,AGL,CE,Towers with Radar,3,64,19,0,86,0,43,8,0,51,3,107,27,0,137,163,0,163,300
12/07/2021,GFK,ND,AGL,CE,Towers with Radar,2,87,9,0,98,0,281,30,0,311,2,368,39,0,409,861,0,861,1270
12/08/2021,GFK,ND,AGL,CE,Towers with Radar,3,25,18,0,46,0,52,10,0,62,3,77,28,0,108,437,0,437,545
12/09/2021,GFK,ND,AGL,CE,Towers with Radar,3,142,19,2,166,0,244,21,0,265,3,386,40,2,431,745,0,745,1176
12/10/2021,GFK,ND,AGL,CE,Towers with Radar,3,136,12,0,151,0,414,27,0,441,3,550,39,0,592,783,0,783,1375
12/11/2021,GFK,ND,AGL,CE,Towers with Radar,3,122,10,0,135,0,298,29,0,327,3,420,39,0,462,635,0,635,1097
12/12/2021,GFK,ND,AGL,CE,Towers with Radar,2,53,6,0,61,0,160,23,0,183,2,213,29,0,244,412,0,412,656
12/13/2021,GFK,ND,AGL,CE,Towers with Radar,2,141,13,2,158,0,292,17,0,309,2,433,30,2,467,699,0,699,1166
12/14/2021,GFK,ND,AGL,CE,Towers with Radar,2,104,9,0,115,0,235,11,0,246,2,339,20,0,361,579,0,579,940
12/15/2021,GFK,ND,AGL,CE,Towers with Radar,2,2,4,0,8,0,0,0,0,0,2,2,4,0,8,0,0,0,8
12/16/2021,GFK,ND,AGL,CE,Towers with Radar,2,11,12,0,25,0,20,3,0,23,2,31,15,0,48,86,0,86,134
12/17/2021,GFK,ND,AGL,CE,Towers with Radar,2,8,18,0,28,0,16,8,0,24,2,24,26,0,52,665,0,665,717
12/18/2021,GFK,ND,AGL,CE,Towers with Radar,0,101,16,0,117,0,171,9,0,180,0,272,25,0,297,576,0,576,873
12/19/2021,GFK,ND,AGL,CE,Towers with Radar,1,4,3,0,8,0,0,3,0,3,1,4,6,0,11,0,0,0,11
12/20/2021,GFK,ND,AGL,CE,Towers with Radar,0,97,11,0,108,0,208,10,2,220,0,305,21,2,328,511,0,511,839
12/21/2021,GFK,ND,AGL,CE,Towers with Radar,0,37,10,0,47,0,46,9,0,55,0,83,19,0,102,252,0,252,354
12/22/2021,GFK,ND,AGL,CE,Towers with Radar,0,40,17,2,59,0,74,20,0,94,0,114,37,2,153,315,4,319,472
12/23/2021,GFK,ND,AGL,CE,Towers with Radar,1,8,5,0,14,0,0,0,0,0,1,8,5,0,14,0,0,0,14
12/24/2021,GFK,ND,AGL,CE,Towers with Radar,3,3,0,0,6,0,0,0,0,0,3,3,0,0,6,0,0,0,6
12/25/2021,GFK,ND,AGL,CE,Towers with Radar,3,4,2,0,9,0,0,2,0,2,3,4,4,0,11,0,0,0,11
12/26/2021,GFK,ND,AGL,CE,Towers with Radar,0,7,4,0,11,0,0,0,0,0,0,7,4,0,11,0,0,0,11
12/27/2021,GFK,ND,AGL,CE,Towers with Radar,0,3,3,0,6,0,0,0,0,0,0,3,3,0,6,0,0,0,6
12/28/2021,GFK,ND,AGL,CE,Towers with Radar,1,6,12,0,19,0,0,0,0,0,1,6,12,0,19,0,0,0,19
12/29/2021,GFK,ND,AGL,CE,Towers with Radar,1,6,6,0,13,0,0,0,0,0,1,6,6,0,13,2,0,2,15
12/30/2021,GFK,ND,AGL,CE,Towers with Radar,1,6,12,0,19,0,0,3,0,3,1,6,15,0,22,6,0,6,28
12/31/2021,GFK,ND,AGL,CE,Towers with Radar,2,5,3,0,10,0,0,6,0,6,2,5,9,0,16,0,0,0,16
01/01/2022,GFK,ND,AGL,CE,Towers with Radar,2,5,3,0,10,0,0,0,0,0,2,5,3,0,10,0,0,0,10
01/02/2022,GFK,ND,AGL,CE,Towers with Radar,0,9,4,0,13,0,0,2,0,2,0,9,6,0,15,6,0,6,21
01/03/2022,GFK,ND,AGL,CE,Towers with Radar,0,4,6,0,10,0,6,4,0,10,0,10,10,0,20,187,0,187,207
01/04/2022,GFK,ND,AGL,CE,Towers with Radar,0,7,9,0,16,0,0,0,0,0,0,7,9,0,16,0,0,0,16
01/05/2022,GFK,ND,AGL,CE,Towers with Radar,2,0,7,0,9,0,0,0,0,0,2,0,7,0,9,0,0,0,9
01/06/2022,GFK,ND,AGL,CE,Towers with Radar,0,14,7,4,25,0,46,7,0,53,0,60,14,4,78,352,0,352,430
01/07/2022,GFK,ND,AGL,CE,Towers with Radar,2,13,3,0,18,0,10,0,0,10,2,23,3,0,28,10,0,10,38
01/08/2022,GFK,ND,AGL,CE,Towers with Radar,2,11,5,0,18,0,7,0,0,7,2,18,5,0,25,106,0,106,131
01/09/2022,GFK,ND,AGL,CE,Towers with Radar,2,61,1,0,64,0,126,11,0,137,2,187,12,0,201,167,0,167,368
01/10/2022,GFK,ND,AGL,CE,Towers with Radar,2,123,9,0,134,0,309,40,0,349,2,432,49,0,483,583,0,583,1066
01/11/2022,GFK,ND,AGL,CE,Towers with Radar,0,112,15,0,127,0,303,25,0,328,0,415,40,0,455,678,0,678,1133
01/12/2022,GFK,ND,AGL,CE,Towers with Radar,2,7,21,0,30,0,9,13,0,22,2,16,34,0,52,657,0,657,709
01/13/2022,GFK,ND,AGL,CE,Towers with Radar,2,25,5,0,32,0,21,4,0,25,2,46,9,0,57,313,0,313,370
01/14/2022,GFK,ND,AGL,CE,Towers with Radar,2,62,11,0,75,0,182,9,0,191,2,244,20,0,266,379,0,379,645
01/15/2022,GFK,ND,AGL,CE,Towers with Radar,2,21,7,0,30,0,131,2,0,133,2,152,9,0,163,181,0,181,344
01/16/2022,GFK,ND,AGL,CE,Towers with Radar,4,8,6,0,18,0,0,0,0,0,4,8,6,0,18,0,0,0,18
01/17/2022,GFK,ND,AGL,CE,Towers with Radar,2,11,7,0,20,0,40,5,0,45,2,51,12,0,65,292,0,292,357
01/18/2022,GFK,ND,AGL,CE,Towers with Radar,0,6,0,0,6,0,0,0,0,0,0,6,0,0,6,10,0,10,16
01/19/2022,GFK,ND,AGL,CE,Towers with Radar,2,174,20,0,196,0,469,27,0,496,2,643,47,0,692,576,0,576,1268
01/20/2022,GFK,ND,AGL,CE,Towers with Radar,4,187,11,0,202,0,535,28,0,563,4,722,39,0,765,622,0,622,1387
01/21/2022,GFK,ND,AGL,CE,Towers with Radar,1,6,2,0,9,0,0,0,0,0,1,6,2,0,9,0,0,0,9
01/22/2022,GFK,ND,AGL,CE,Towers with Radar,2,48,2,0,52,0,117,13,0,130,2,165,15,0,182,280,0,280,462
01/23/2022,GFK,ND,AGL,CE,Towers with Radar,2,7,8,0,17,0,0,1,0,1,2,7,9,0,18,0,0,0,18
01/24/2022,GFK,ND,AGL,CE,Towers with Radar,1,178,19,0,198,0,383,32,0,415,1,561,51,0,613,802,0,802,1415
01/25/2022,GFK,ND,AGL,CE,Towers with Radar,0,227,5,0,232,0,539,34,0,573,0,766,39,0,805,660,0,660,1465
01/26/2022,GFK,ND,AGL,CE,Towers with Radar,2,43,13,0,58,0,145,6,0,151,2,188,19,0,209,178,0,178,387
01/27/2022,GFK,ND,AGL,CE,Towers with Radar,2,182,15,0,199,0,234,5,0,239,2,416,20,0,438,344,0,344,782
01/28/2022,GFK,ND,AGL,CE,Towers with Radar,3,41,15,0,59,0,155,6,0,161,3,196,21,0,220,1200,0,1200,1420
01/29/2022,GFK,ND,AGL,CE,Towers with Radar,2,79,11,0,92,0,204,14,0,218,2,283,25,0,310,223,0,223,533
01/30/2022,GFK,ND,AGL,CE,Towers with Radar,3,24,11,0,38,0,48,9,0,57,3,72,20,0,95,180,0,180,275
01/31/2022,GFK,ND,AGL,CE,Towers with Radar,3,105,18,0,126,0,513,26,0,539,3,618,44,0,665,610,0,610,1275
02/01/2022,GFK,ND,AGL,CE,Towers with Radar,0,8,1,0,9,0,0,0,0,0,0,8,1,0,9,0,0,0,9
02/02/2022,GFK,ND,AGL,CE,Towers with Radar,2,199,21,0,222,0,584,28,0,612,2,783,49,0,834,538,0,538,1372
02/03/2022,GFK,ND,AGL,CE,Towers with Radar,4,98,17,0,119,0,285,4,0,289,4,383,21,0,408,547,0,547,955
02/04/2022,GFK,ND,AGL,CE,Towers with Radar,2,176,13,1,192,0,167,11,1,179,2,343,24,2,371,363,2,365,736
02/05/2022,GFK,ND,AGL,CE,Towers with Radar,2,10,6,0,18,0,0,1,0,1,2,10,7,0,19,4,0,4,23
02/06/2022,GFK,ND,AGL,CE,Towers with Radar,2,78,12,0,92,0,225,16,1,242,2,303,28,1,334,445,0,445,779
02/07/2022,GFK,ND,AGL,CE,Towers with Radar,2,147,21,0,170,0,661,33,0,694,2,808,54,0,864,846,0,846,1710
02/08/2022,GFK,ND,AGL,CE,Towers with Radar,0,46,7,0,53,0,107,2,2,111,0,153,9,2,164,136,0,136,300
02/09/2022,GFK,ND,AGL,CE,Towers with Radar,2,10,5,0,17,0,0,0,0,0,2,10,5,0,17,0,0,0,17
02/10/2022,GFK,ND,AGL,CE,Towers with Radar,3,10,8,0,21,0,0,0,0,0,3,10,8,0,21,56,0,56,77
02/11/2022,GFK,ND,AGL,CE,Towers with Radar,2,8,1,0,11,0,0,0,0,0,2,8,1,0,11,0,0,0,11
02/12/2022,GFK,ND,AGL,CE,Towers with Radar,2,73,2,0,77,0,279,14,0,293,2,352,16,0,370,376,0,376,746
02/13/2022,GFK,ND,AGL,CE,Towers with Radar,0,9,4,0,13,0,5,0,0,5,0,14,4,0,18,127,0,127,145
02/14/2022,GFK,ND,AGL,CE,Towers with Radar,2,188,13,0,203,0,413,37,0,450,2,601,50,0,653,813,0,813,1466
02/15/2022,GFK,ND,AGL,CE,Towers with Radar,0,71,11,0,82,0,202,5,0,207,0,273,16,0,289,903,0,903,1192
02/16/2022,GFK,ND,AGL,CE,Towers with Radar,2,47,9,0,58,0,102,6,0,108,2,149,15,0,166,237,0,237,403
02/17/2022,GFK,ND,AGL,CE,Towers with Radar,4,175,7,0,186,0,512,35,0,547,4,687,42,0,733,598,0,598,1331
02/18/2022,GFK,ND,AGL,CE,Towers with Radar,0,2,1,0,3,0,0,0,0,0,0,2,1,0,3,0,0,0,3
02/19/2022,GFK,ND,AGL,CE,Towers with Radar,4,30,9,0,43,0,40,3,0,43,4,70,12,0,86,128,0,128,214
02/20/2022,GFK,ND,AGL,CE,Towers with Radar,4,2,1,0,7,0,0,0,0,0,4,2,1,0,7,0,0,0,7
02/21/2022,GFK,ND,AGL,CE,Towers with Radar,2,5,7,0,14,0,0,0,0,0,2,5,7,0,14,0,0,0,14
02/22/2022,GFK,ND,AGL,CE,Towers with Radar,2,56,9,0,67,0,33,5,0,38,2,89,14,0,105,211,0,211,316
02/23/2022,GFK,ND,AGL,CE,Towers with Radar,4,242,17,0,263,0,583,26,0,609,4,825,43,0,872,750,0,750,1622
02/24/2022,GFK,ND,AGL,CE,Towers with Radar,6,242,35,2,285,0,592,30,0,622,6,834,65,2,907,678,0,678,1585
02/25/2022,GFK,ND,AGL,CE,Towers with Radar,2,255,28,0,285,0,544,35,0,579,2,799,63,0,864,663,0,663,1527
02/26/2022,GFK,ND,AGL,CE,Towers with Radar,4,209,14,0,227,0,389,26,0,415,4,598,40,0,642,533,0,533,1175
02/27/2022,GFK,ND,AGL,CE,Towers with Radar,4,57,8,0,69,0,205,32,0,237,4,262,40,0,306,420,0,420,726
02/28/2022,GFK,ND,AGL,CE,Towers with Radar,0,50,10,2,62,0,138,21,0,159,0,188,31,2,221,856,0,856,1077
03/01/2022,GFK,ND,AGL,CE,Towers with Radar,2,126,13,0,141,0,384,32,2,418,2,510,45,2,559,1033,0,1033,1592
03/02/2022,GFK,ND,AGL,CE,Towers with Radar,2,171,8,0,181,0,407,26,0,433,2,578,34,0,614,920,0,920,1534
03/03/2022,GFK,ND,AGL,CE,Towers with Radar,6,178,7,0,191,0,413,29,0,442,6,591,36,0,633,557,0,557,1190
03/04/2022,GFK,ND,AGL,CE,Towers with Radar,0,149,10,0,159,0,415,24,0,439,0,564,34,0,598,789,0,789,1387
03/05/2022,GFK,ND,AGL,CE,Towers with Radar,4,83,2,0,89,0,254,11,0,265,4,337,13,0,354,598,0,598,952
03/06/2022,GFK,ND,AGL,CE,Towers with Radar,5,7,12,0,24,0,1,2,0,3,5,8,14,0,27,109,0,109,136
03/07/2022,GFK,ND,AGL,CE,Towers with Radar,2,159,9,0,170,0,347,23,0,370,2,506,32,0,540,895,0,895,1435
03/08/2022,GFK,ND,AGL,CE,Towers with Radar,3,35,5,0,43,0,86,0,0,86,3,121,5,0,129,227,0,227,356
03/09/2022,GFK,ND,AGL,CE,Towers with Radar,7,81,23,2,113,0,296,12,0,308,7,377,35,2,421,792,0,792,1213
03/10/2022,GFK,ND,AGL,CE,Towers with Radar,6,93,11,0,110,0,319,15,0,334,6,412,26,0,444,422,0,422,866
03/11/2022,GFK,ND,AGL,CE,Towers with Radar,3,13,13,0,29,0,18,5,0,23,3,31,18,0,52,168,0,168,220
03/12/2022,GFK,ND,AGL,CE,Towers with Radar,8,73,6,0,87,0,162,5,0,167,8,235,11,0,254,370,0,370,624
03/13/2022,GFK,ND,AGL,CE,Towers with Radar,7,36,10,0,53,0,109,14,0,123,7,145,24,0,176,384,0,384,560
03/14/2022,GFK,ND,AGL,CE,Towers with Radar,2,151,12,0,165,0,430,24,0,454,2,581,36,0,619,1000,0,1000,1619
03/15/2022,GFK,ND,AGL,CE,Towers with Radar,3,146,14,0,163,0,401,33,0,434,3,547,47,0,597,801,0,801,1398
03/16/2022,GFK,ND,AGL,CE,Towers with Radar,6,110,11,0,127,0,294,17,0,311,6,404,28,0,438,510,0,510,948
03/17/2022,GFK,ND,AGL,CE,Towers with Radar,7,56,21,0,84,0,179,19,0,198,7,235,40,0,282,772,0,772,1054
03/18/2022,GFK,ND,AGL,CE,Towers with Radar,2,44,8,0,54,0,141,27,0,168,2,185,35,0,222,643,0,643,865
03/19/2022,GFK,ND,AGL,CE,Towers with Radar,6,118,7,0,131,0,332,34,0,366,6,450,41,0,497,660,0,660,1157
03/20/2022,GFK,ND,AGL,CE,Towers with Radar,6,42,9,0,57,0,127,36,0,163,6,169,45,0,220,330,0,330,550
03/21/2022,GFK,ND,AGL,CE,Towers with Radar,3,73,6,0,82,0,393,35,0,428,3,466,41,0,510,822,0,822,1332
03/22/2022,GFK,ND,AGL,CE,Towers with Radar,3,116,9,0,128,0,353,28,0,381,3,469,37,0,509,870,0,870,1379
03/23/2022,GFK,ND,AGL,CE,Towers with Radar,4,7,17,0,28,0,0,0,0,0,4,7,17,0,28,71,0,71,99
03/24/2022,GFK,ND,AGL,CE,Towers with Radar,5,157,18,0,180,0,547,32,0,579,5,704,50,0,759,1003,0,1003,1762
03/25/2022,GFK,ND,AGL,CE,Towers with Radar,4,7,5,0,16,0,13,0,0,13,4,20,5,0,29,30,0,30,59
03/26/2022,GFK,ND,AGL,CE,Towers with Radar,7,174,7,0,188,0,432,21,0,453,7,606,28,0,641,713,0,713,1354
03/27/2022,GFK,ND,AGL,CE,Towers with Radar,6,76,13,0,95,0,281,39,0,320,6,357,52,0,415,608,0,608,1023
03/28/2022,GFK,ND,AGL,CE,Towers with Radar,4,216,11,5,236,0,539,30,12,581,4,755,41,17,817,968,0,968,1785
03/29/2022,GFK,ND,AGL,CE,Towers with Radar,3,59,8,0,70,0,179,15,0,194,3,238,23,0,264,537,0,537,801
03/30/2022,GFK,ND,AGL,CE,Towers with Radar,2,4,13,0,19,0,0,0,0,0,2,4,13,0,19,0,0,0,19
03/31/2022,GFK,ND,AGL,CE,Towers with Radar,6,6,9,0,21,0,38,20,0,58,6,44,29,0,79,1109,0,1109,1188
04/01/2022,GFK,ND,AGL,CE,Towers with Radar,2,211,17,0,230,0,569,38,0,607,2,780,55,0,837,1031,0,1031,1868
04/02/2022,GFK,ND,AGL,CE,Towers with Radar,2,67,6,0,75,0,216,36,0,252,2,283,42,0,327,1196,0,1196,1523
04/03/2022,GFK,ND,AGL,CE,Towers with Radar,5,14,8,0,27,0,90,15,0,105,5,104,23,0,132,731,0,731,863
04/04/2022,GFK,ND,AGL,CE,Towers with Radar,3,90,15,0,108,0,202,27,0,229,3,292,42,0,337,1299,0,1299,1636
04/05/2022,GFK,ND,AGL,CE,Towers with Radar,2,7,5,0,14,0,0,0,0,0,2,7,5,0,14,0,0,0,14
04/06/2022,GFK,ND,AGL,CE,Towers with Radar,3,7,12,0,22,0,0,0,0,0,3,7,12,0,22,0,0,0,22
04/07/2022,GFK,ND,AGL,CE,Towers with Radar,6,7,3,0,16,0,0,0,0,0,6,7,3,0,16,0,0,0,16
04/08/2022,GFK,ND,AGL,CE,Towers with Radar,3,244,26,2,275,0,665,45,0,710,3,909,71,2,985,758,0,758,1743
04/09/2022,GFK,ND,AGL,CE,Towers with Radar,2,212,8,0,222,0,600,42,0,642,2,812,50,0,864,918,0,918,1782
04/10/2022,GFK,ND,AGL,CE,Towers with Radar,6,22,7,0,35,0,121,11,0,132,6,143,18,0,167,632,0,632,799
04/11/2022,GFK,ND,AGL,CE,Towers with Radar,2,280,12,0,294,0,709,39,0,748,2,989,51,0,1042,786,0,786,1828
04/12/2022,GFK,ND,AGL,CE,Towers with Radar,1,8,2,0,11,0,7,9,0,16,1,15,11,0,27,204,0,204,231
04/13/2022,GFK,ND,AGL,CE,Towers with Radar,2,6,2,0,10,0,0,1,0,1,2,6,3,0,11,0,0,0,11
04/14/2022,GFK,ND,AGL,CE,Towers with Radar,6,6,11,0,23,0,0,0,0,0,6,6,11,0,23,0,0,0,23
04/15/2022,GFK,ND,AGL,CE,Towers with Radar,3,12,13,0,28,0,11,6,0,17,3,23,19,0,45,216,0,216,261
04/16/2022,GFK,ND,AGL,CE,Towers with Radar,0,119,11,0,130,0,355,43,0,398,0,474,54,0,528,675,0,675,1203
04/17/2022,GFK,ND,AGL,CE,Towers with Radar,5,4,2,0,11,0,2,0,0,2,5,6,2,0,13,0,0,0,13
04/18/2022,GFK,ND,AGL,CE,Towers with Radar,2,179,17,0,198,0,384,31,0,415,2,563,48,0,613,696,0,696,1309
04/19/2022,GFK,ND,AGL,CE,Towers with Radar,2,151,16,1,170,0,452,22,0,474,2,603,38,1,644,861,0,861,1505
04/20/2022,GFK,ND,AGL,CE,Towers with Radar,2,116,15,1,134,0,332,14,0,346,2,448,29,1,480,720,0,720,1200
04/21/2022,GFK,ND,AGL,CE,Towers with Radar,6,93,12,1,112,0,268,25,0,293,6,361,37,1,405,1323,0,1323,1728
04/22/2022,GFK,ND,AGL,CE,Towers with Radar,2,31,16,0,49,0,0,0,0,0,2,31,16,0,49,0,0,0,49
04/23/2022,GFK,ND,AGL,CE,Towers with Radar,1,10,2,1,14,0,0,0,0,0,1,10,2,1,14,0,0,0,14
04/24/2022,GFK,ND,AGL,CE,Towers with Radar,4,4,4,0,12,0,0,0,0,0,4,4,4,0,12,0,0,0,12
04/25/2022,GFK,ND,AGL,CE,Towers with Radar,3,10,19,0,32,0,0,2,0,2,3,10,21,0,34,0,0,0,34
04/26/2022,GFK,ND,AGL,CE,Towers with Radar,2,105,12,0,119,0,483,45,0,528,2,588,57,0,647,1191,0,1191,1838
04/27/2022,GFK,ND,AGL,CE,Towers with Radar,2,185,29,0,216,0,689,64,0,753,2,874,93,0,969,709,0,709,1678
04/28/2022,GFK,ND,AGL,CE,Towers with Radar,6,216,18,0,240,0,527,37,0,564,6,743,55,0,804,892,0,892,1696
04/29/2022,GFK,ND,AGL,CE,Towers with Radar,2,68,16,1,87,0,9,13,0,22,2,77,29,1,109,247,0,247,356
04/30/2022,GFK,ND,AGL,CE,Towers with Radar,2,131,3,0,136,0,0,0,0,0,2,131,3,0,136,0,0,0,136
05/01/2022,GFK,ND,AGL,CE,Towers with Radar,6,6,3,0,15,0,0,0,0,0,6,6,3,0,15,0,0,0,15
05/02/2022,GFK,ND,AGL,CE,Towers with Radar,2,11,4,0,17,0,8,8,0,16,2,19,12,0,33,988,0,988,1021
05/03/2022,GFK,ND,AGL,CE,Towers with Radar,2,176,25,0,203,0,607,60,2,669,2,783,85,2,872,942,0,942,1814
05/04/2022,GFK,ND,AGL,CE,Towers with Radar,3,205,18,1,227,0,559,47,2,608,3,764,65,3,835,750,0,750,1585
05/05/2022,GFK,ND,AGL,CE,Towers with Radar,4,215,16,2,237,0,546,35,0,581,4,761,51,2,818,984,0,984,1802
05/06/2022,GFK,ND,AGL,CE,Towers with Radar,2,167,20,1,190,0,469,37,2,508,2,636,57,3,698,650,0,650,1348
05/07/2022,GFK,ND,AGL,CE,Towers with Radar,2,44,7,1,54,0,56,6,0,62,2,100,13,1,116,298,0,298,414
05/08/2022,GFK,ND,AGL,CE,Towers with Radar,6,29,9,1,45,0,78,6,0,84,6,107,15,1,129,340,0,340,469
05/09/2022,GFK,ND,AGL,CE,Towers with Radar,3,56,14,0,73,0,3,0,0,3,3,59,14,0,76,20,0,20,96
05/10/2022,GFK,ND,AGL,CE,Towers with Radar,2,193,26,0,221,0,526,66,0,592,2,719,92,0,813,947,0,947,1760
05/11/2022,GFK,ND,AGL,CE,Towers with Radar,2,119,15,0,136,0,331,22,0,353,2,450,37,0,489,824,0,824,1313
05/12/2022,GFK,ND,AGL,CE,Towers with Radar,2,20,3,0,25,0,35,3,0,38,2,55,6,0,63,291,0,291,354
05/13/2022,GFK,ND,AGL,CE,Towers with Radar,5,5,7,0,17,0,0,5,2,7,5,5,12,2,24,0,0,0,24
05/14/2022,GFK,ND,AGL,CE,Towers with Radar,2,116,10,0,128,0,171,24,0,195,2,287,34,0,323,652,0,652,975
05/15/2022,GFK,ND,AGL,CE,Towers with Radar,4,42,14,0,60,0,91,26,0,117,4,133,40,0,177,232,0,232,409
05/16/2022,GFK,ND,AGL,CE,Towers with Radar,2,176,30,0,208,0,542,57,5,604,2,718,87,5,812,1038,0,1038,1850
05/17/2022,GFK,ND,AGL,CE,Towers with Radar,2,164,23,0,189,0,439,43,0,482,2,603,66,0,671,777,0,777,1448
05/18/2022,GFK,ND,AGL,CE,Towers with Radar,5,86,14,0,105,0,149,6,0,155,5,235,20,0,260,387,0,387,647
05/19/2022,GFK,ND,AGL,CE,Towers with Radar,2,196,21,0,219,0,28,4,0,32,2,224,25,0,251,579,0,579,830
05/20/2022,GFK,ND,AGL,CE,Towers with Radar,4,28,8,1,41,0,3,3,0,6,4,31,11,1,47,93,0,93,140
05/21/2022,GFK,ND,AGL,CE,Towers with Radar,4,51,8,2,65,0,158,13,0,171,4,209,21,2,236,1163,0,1163,1399
05/22/2022,GFK,ND,AGL,CE,Towers with Radar,2,75,16,1,94,0,237,34,0,271,2,312,50,1,365,481,0,481,846
05/23/2022,GFK,ND,AGL,CE,Towers with Radar,2,156,17,0,175,0,506,40,0,546,2,662,57,0,721,840,0,840,1561
05/24/2022,GFK,ND,AGL,CE,Towers with Radar,2,228,21,0,251,0,557,52,0,609,2,785,73,0,860,845,0,845,1705
05/25/2022,GFK,ND,AGL,CE,Towers with Radar,5,183,22,0,210,0,571,38,0,609,5,754,60,0,819,1066,0,1066,1885
05/26/2022,GFK,ND,AGL,CE,Towers with Radar,3,197,28,0,228,0,539,39,0,578,3,736,67,0,806,953,0,953,1759
05/27/2022,GFK,ND,AGL,CE,Towers with Radar,3,163,12,2,180,0,511,43,0,554,3,674,55,2,734,789,0,789,1523
05/28/2022,GFK,ND,AGL,CE,Towers with Radar,4,112,1,0,117,0,358,31,0,389,4,470,32,0,506,812,0,812,1318
05/29/2022,GFK,ND,AGL,CE,Towers with Radar,2,31,6,0,39,0,11,3,0,14,2,42,9,0,53,137,0,137,190
05/30/2022,GFK,ND,AGL,CE,Towers with Radar,2,6,3,0,11,0,0,0,0,0,2,6,3,0,11,0,0,0,11
05/31/2022,GFK,ND,AGL,CE,Towers with Radar,3,39,9,0,51,0,55,3,0,58,3,94,12,0,109,294,0,294,403
06/01/2022,GFK,ND,AGL,CE,Towers with Radar,5,204,18,0,227,0,527,32,0,559,5,731,50,0,786,884,0,884,1670
06/02/2022,GFK,ND,AGL,CE,Towers with Radar,3,178,9,0,190,0,380,34,0,414,3,558,43,0,604,809,0,809,1413
06/03/2022,GFK,ND,AGL,CE,Towers with Radar,2,171,19,0,192,0,465,45,0,510,2,636,64,0,702,880,0,880,1582
06/04/2022,GFK,ND,AGL,CE,Towers with Radar,4,155,6,0,165,0,418,41,0,459,4,573,47,0,624,905,0,905,1529
06/05/2022,GFK,ND,AGL,CE,Towers with Radar,2,66,3,0,71,0,124,11,0,135,2,190,14,0,206,353,0,353,559
06/06/2022,GFK,ND,AGL,CE,Towers with Radar,2,164,6,0,172,0,431,25,0,456,2,595,31,0,628,755,0,755,1383
06/07/2022,GFK,ND,AGL,CE,Towers with Radar,2,155,13,0,170,0,450,26,0,476,2,605,39,0,646,996,0,996,1642
06/08/2022,GFK,ND,AGL,CE,Towers with Radar,5,178,16,1,200,0,501,27,1,529,5,679,43,2,729,852,0,852,1581
06/09/2022,GFK,ND,AGL,CE,Towers with Radar,3,184,16,0,203,0,455,19,0,474,3,639,35,0,677,668,0,668,1345
06/10/2022,GFK,ND,AGL,CE,Towers with Radar,2,142,7,0,151,0,349,16,0,365,2,491,23,0,516,545,0,545,1061
06/11/2022,GFK,ND,AGL,CE,Towers with Radar,3,132,12,0,147,0,188,8,0,196,3,320,20,0,343,922,0,922,1265
06/12/2022,GFK,ND,AGL,CE,Towers with Radar,2,22,4,0,28,0,51,18,0,69,2,73,22,0,97,268,0,268,365
06/13/2022,GFK,ND,AGL,CE,Towers with Radar,2,118,17,0,137,0,313,20,1,334,2,431,37,1,471,645,0,645,1116
06/14/2022,GFK,ND,AGL,CE,Towers with Radar,2,69,14,0,85,0,76,8,0,84,2,145,22,0,169,335,0,335,504
06/15/2022,GFK,ND,AGL,CE,Towers with Radar,5,83,24,0,112,0,378,29,1,408,5,461,53,1,520,511,0,511,1031
06/16/2022,GFK,ND,AGL,CE,Towers with Radar,0,117,17,1,135,0,278,20,1,299,0,395,37,2,434,414,0,414,848
06/17/2022,GFK,ND,AGL,CE,Towers with Radar,1,148,13,0,162,0,523,29,3,555,1,671,42,3,717,934,0,934,1651
06/18/2022,GFK,ND,AGL,CE,Towers with Radar,2,8,2,0,12,0,21,4,1,26,2,29,6,1,38,35,0,35,73
06/19/2022,GFK,ND,AGL,CE,Towers with Radar,0,26,6,0,32,0,37,12,0,49,0,63,18,0,81,73,0,73,154
06/20/2022,GFK,ND,AGL,CE,Towers with Radar,0,82,13,0,95,0,315,26,0,341,0,397,39,0,436,607,0,607,1043
06/21/2022,GFK,ND,AGL,CE,Towers with Radar,0,62,20,0,82,0,157,15,0,172,0,219,35,0,254,398,0,398,652
06/22/2022,GFK,ND,AGL,CE,Towers with Radar,3,161,15,0,179,0,534,43,1,578,3,695,58,1,757,1025,0,1025,1782
06/23/2022,GFK,ND,AGL,CE,Towers with Radar,1,166,20,0,187,0,510,47,0,557,1,676,67,0,744,1044,0,1044,1788
06/24/2022,GFK,ND,AGL,CE,Towers with Radar,0,54,8,0,62,0,162,19,0,181,0,216,27,0,243,554,0,554,797
06/25/2022,GFK,ND,AGL,CE,Towers with Radar,3,84,2,0,89,0,174,12,0,186,3,258,14,0,275,278,0,278,553
06/26/2022,GFK,ND,AGL,CE,Towers with Radar,1,61,1,0,63,0,104,15,0,119,1,165,16,0,182,221,0,221,403
06/27/2022,GFK,ND,AGL,CE,Towers with Radar,0,138,13,0,151,0,445,35,0,480,0,583,48,0,631,1023,0,1023,1654
06/28/2022,GFK,ND,AGL,CE,Towers with Radar,1,132,23,2,158,0,411,29,0,440,1,543,52,2,598,950,0,950,1548
06/29/2022,GFK,ND,AGL,CE,Towers with Radar,3,131,10,0,144,0,378,21,0,399,3,509,31,0,543,807,0,807,1350
06/30/2022,GFK,ND,AGL,CE,Towers with Radar,1,144,21,12,178,0,348,13,0,361,1,492,34,12,539,802,0,802,1341
07/01/2022,GFK,ND,AGL,CE,Towers with Radar,0,68,24,0,92,0,175,25,0,200,0,243,49,0,292,514,0,514,806
07/02/2022,GFK,ND,AGL,CE,Towers with Radar,3,8,7,0,18,0,0,20,0,20,3,8,27,0,38,0,0,0,38
07/03/2022,GFK,ND,AGL,CE,Towers with Radar,1,6,1,0,8,0,0,5,0,5,1,6,6,0,13,0,0,0,13
07/04/2022,GFK,ND,AGL,CE,Towers with Radar,1,6,3,0,10,0,0,4,0,4,1,6,7,0,14,46,0,46,60
07/05/2022,GFK,ND,AGL,CE,Towers with Radar,2,129,17,0,148,0,96,15,0,111,2,225,32,0,259,411,0,411,670
07/06/2022,GFK,ND,AGL,CE,Towers with Radar,3,111,22,0,136,0,302,20,0,322,3,413,42,0,458,857,0,857,1315
07/07/2022,GFK,ND,AGL,CE,Towers with Radar,1,132,24,0,157,0,401,34,0,435,1,533,58,0,592,834,0,834,1426
07/08/2022,GFK,ND,AGL,CE,Towers with Radar,1,103,15,0,119,0,476,39,0,515,1,579,54,0,634,888,0,888,1522
07/09/2022,GFK,ND,AGL,CE,Towers with Radar,3,85,2,0,90,0,285,14,0,299,3,370,16,0,389,586,0,586,975
07/10/2022,GFK,ND,AGL,CE,Towers with Radar,0,14,10,0,24,0,2,18,0,20,0,16,28,0,44,91,0,91,135
07/11/2022,GFK,ND,AGL,CE,Towers with Radar,2,79,17,0,98,0,234,18,0,252,2,313,35,0,350,385,0,385,735
07/12/2022,GFK,ND,AGL,CE,Towers with Radar,0,155,10,0,165,0,440,38,0,478,0,595,48,0,643,796,0,796,1439
07/13/2022,GFK,ND,AGL,CE,Towers with Radar,3,110,19,0,132,0,489,54,0,543,3,599,73,0,675,842,0,842,1517
07/14/2022,GFK,ND,AGL,CE,Towers with Radar,1,50,11,0,62,0,162,20,0,182,1,212,31,0,244,455,0,455,699
07/15/2022,GFK,ND,AGL,CE,Towers with Radar,0,128,25,0,153,0,388,30,0,418,0,516,55,0,571,793,0,793,1364
07/16/2022,GFK,ND,AGL,CE,Towers with Radar,3,63,7,0,73,0,173,15,0,188,3,236,22,0,261,376,0,376,637
07/17/2022,GFK,ND,AGL,CE,Towers with Radar,0,9,10,0,19,0,0,16,0,16,0,9,26,0,35,54,0,54,89
07/18/2022,GFK,ND,AGL,CE,Towers with Radar,0,109,15,1,125,0,377,43,0,420,0,486,58,1,545,796,0,796,1341
07/19/2022,GFK,ND,AGL,CE,Towers with Radar,0,102,15,0,117,0,136,22,3,161,0,238,37,3,278,500,0,500,778
07/20/2022,GFK,ND,AGL,CE,Towers with Radar,2,103,18,0,123,0,514,61,0,575,2,617,79,0,698,755,0,755,1453
07/21/2022,GFK,ND,AGL,CE,Towers with Radar,0,102,31,0,133,0,428,43,0,471,0,530,74,0,604,723,0,723,1327
07/22/2022,GFK,ND,AGL,CE,Towers with Radar,1,90,11,0,102,0,408,49,0,457,1,498,60,0,559,711,0,711,1270
07/23/2022,GFK,ND,AGL,CE,Towers with Radar,5,74,5,0,84,0,94,15,0,109,5,168,20,0,193,298,0,298,491
07/24/2022,GFK,ND,AGL,CE,Towers with Radar,0,8,12,0,20,0,0,23,0,23,0,8,35,0,43,47,0,47,90
07/25/2022,GFK,ND,AGL,CE,Towers with Radar,0,100,25,0,125,0,383,42,0,425,0,483,67,0,550,963,0,963,1513
07/26/2022,GFK,ND,AGL,CE,Towers with Radar,0,95,19,0,114,0,238,26,0,264,0,333,45,0,378,785,0,785,1163
07/27/2022,GFK,ND,AGL,CE,Towers with Radar,3,52,25,0,80,0,279,20,0,299,3,331,45,0,379,591,0,591,970
07/28/2022,GFK,ND,AGL,CE,Towers with Radar,1,118,25,4,148,0,310,16,0,326,1,428,41,4,474,812,0,812,1286
07/29/2022,GFK,ND,AGL,CE,Towers with Radar,0,76,21,0,97,0,365,24,0,389,0,441,45,0,486,697,0,697,1183
07/30/2022,GFK,ND,AGL,CE,Towers with Radar,3,38,12,0,53,0,234,12,0,246,3,272,24,0,299,668,0,668,967
07/31/2022,GFK,ND,AGL,CE,Towers with Radar,0,12,19,0,31,0,0,5,0,5,0,12,24,0,36,22,0,22,58
08/01/2022,GFK,ND,AGL,CE,Towers with Radar,0,70,7,0,77,0,284,33,0,317,0,354,40,0,394,735,0,735,1129
08/02/2022,GFK,ND,AGL,CE,Towers with Radar,2,65,19,0,86,0,308,23,0,331,2,373,42,0,417,862,0,862,1279
08/03/2022,GFK,ND,AGL,CE,Towers with Radar,5,91,24,0,120,0,219,22,0,241,5,310,46,0,361,829,0,829,1190
08/04/2022,GFK,ND,AGL,CE,Towers with Radar,2,77,20,1,100,0,306,25,2,333,2,383,45,3,433,618,0,618,1051
08/05/2022,GFK,ND,AGL,CE,Towers with Radar,2,58,17,0,77,0,293,27,2,322,2,351,44,2,399,714,0,714,1113
08/06/2022,GFK,ND,AGL,CE,Towers with Radar,5,57,9,0,71,0,148,7,0,155,5,205,16,0,226,675,0,675,901
08/07/2022,GFK,ND,AGL,CE,Towers with Radar,2,7,3,0,12,0,0,18,0,18,2,7,21,0,30,6,0,6,36
08/08/2022,GFK,ND,AGL,CE,Towers with Radar,2,46,18,0,66,0,406,29,4,439,2,452,47,4,505,634,0,634,1139
08/09/2022,GFK,ND,AGL,CE,Towers with Radar,2,46,12,0,60,0,387,36,1,424,2,433,48,1,484,904,0,904,1388
08/10/2022,GFK,ND,AGL,CE,Towers with Radar,6,71,9,0,86,0,365,25,4,394,6,436,34,4,480,665,0,665,1145
08/11/2022,GFK,ND,AGL,CE,Towers with Radar,2,65,18,0,85,0,314,27,0,341,2,379,45,0,426,614,0,614,1040
08/12/2022,GFK,ND,AGL,CE,Towers with Radar,2,108,16,6,132,0,46,9,0,55,2,154,25,6,187,815,0,815,1002
08/13/2022,GFK,ND,AGL,CE,Towers with Radar,5,60,4,0,69,0,169,17,0,186,5,229,21,0,255,355,0,355,610
08/14/2022,GFK,ND,AGL,CE,Towers with Radar,5,9,6,0,20,0,1,15,0,16,5,10,21,0,36,6,0,6,42
08/15/2022,GFK,ND,AGL,CE,Towers with Radar,2,40,9,0,51,0,175,13,0,188,2,215,22,0,239,729,0,729,968
08/16/2022,GFK,ND,AGL,CE,Towers with Radar,2,106,21,0,129,0,110,12,0,122,2,216,33,0,251,839,0,839,1090
08/17/2022,GFK,ND,AGL,CE,Towers with Radar,2,57,17,0,76,0,295,60,0,355,2,352,77,0,431,582,0,582,1013
08/18/2022,GFK,ND,AGL,CE,Towers with Radar,2,33,12,0,47,0,31,5,0,36,2,64,17,0,83,132,0,132,215
08/19/2022,GFK,ND,AGL,CE,Towers with Radar,2,41,9,0,52,0,31,9,0,40,2,72,18,0,92,208,0,208,300
08/20/2022,GFK,ND,AGL,CE,Towers with Radar,3,54,10,0,67,0,221,16,0,237,3,275,26,0,304,421,0,421,725
08/21/2022,GFK,ND,AGL,CE,Towers with Radar,0,10,10,0,20,0,57,30,0,87,0,67,40,0,107,118,0,118,225
08/22/2022,GFK,ND,AGL,CE,Towers with Radar,0,31,6,0,37,15,323,40,0,378,15,354,46,0,415,57,0,57,472
08/23/2022,GFK,ND,AGL,CE,Towers with Radar,0,13,18,0,31,0,242,41,0,283,0,255,59,0,314,66,0,66,380
08/24/2022,GFK,ND,AGL,CE,Towers with Radar,0,19,12,0,31,0,91,20,0,111,0,110,32,0,142,52,0,52,194
08/25/2022,GFK,ND,AGL,CE,Towers with Radar,0,23,10,0,33,0,330,42,0,372,0,353,52,0,405,82,0,82,487
08/26/2022,GFK,ND,AGL,CE,Towers with Radar,0,28,11,0,39,0,323,39,0,362,0,351,50,0,401,29,0,29,430
08/27/2022,GFK,ND,AGL,CE,Towers with Radar,0,11,3,0,14,0,122,13,0,135,0,133,16,0,149,27,0,27,176
08/28/2022,GFK,ND,AGL,CE,Towers with Radar,0,2,8,0,10,0,6,7,0,13,0,8,15,0,23,44,0,44,67
08/29/2022,GFK,ND,AGL,CE,Towers with Radar,0,9,4,0,13,0,68,4,0,72,0,77,8,0,85,56,0,56,141
08/30/2022,GFK,ND,AGL,CE,Towers with Radar,0,33,14,0,47,0,408,39,0,447,0,441,53,0,494,78,0,78,572
08/31/2022,GFK,ND,AGL,CE,Towers with Radar,0,16,22,0,38,0,405,48,0,453,0,421,70,0,491,82,0,82,573
09/01/2022,GFK,ND,AGL,CE,Towers with Radar,0,20,14,0,34,0,382,37,0,419,0,402,51,0,453,29,0,29,482
09/02/2022,GFK,ND,AGL,CE,Towers with Radar,4,31,9,0,44,0,301,40,0,341,4,332,49,0,385,94,0,94,479
09/03/2022,GFK,ND,AGL,CE,Towers with Radar,7,108,7,0,122,0,292,24,0,316,7,400,31,0,438,341,0,341,779
09/04/2022,GFK,ND,AGL,CE,Towers with Radar,5,22,8,0,35,0,121,12,0,133,5,143,20,0,168,151,0,151,319
09/05/2022,GFK,ND,AGL,CE,Towers with Radar,4,90,5,0,99,0,232,9,0,241,4,322,14,0,340,400,0,400,740
09/06/2022,GFK,ND,AGL,CE,Towers with Radar,4,157,20,0,181,0,581,37,0,618,4,738,57,0,799,737,0,737,1536
09/07/2022,GFK,ND,AGL,CE,Towers with Radar,2,204,27,0,233,0,572,40,0,612,2,776,67,0,845,844,0,844,1689
09/08/2022,GFK,ND,AGL,CE,Towers with Radar,5,145,21,0,171,0,415,23,0,438,5,560,44,0,609,579,0,579,1188
09/09/2022,GFK,ND,AGL,CE,Towers with Radar,3,205,18,0,226,0,480,53,0,533,3,685,71,0,759,696,0,696,1455
09/10/2022,GFK,ND,AGL,CE,Towers with Radar,4,154,22,0,180,0,391,23,0,414,4,545,45,0,594,648,0,648,1242
09/11/2022,GFK,ND,AGL,CE,Towers with Radar,3,44,16,0,63,0,169,34,0,203,3,213,50,0,266,353,0,353,619
09/12/2022,GFK,ND,AGL,CE,Towers with Radar,2,158,20,4,184,0,452,32,0,484,2,610,52,4,668,784,0,784,1452
09/13/2022,GFK,ND,AGL,CE,Towers with Radar,5,154,16,0,175,0,401,31,0,432,5,555,47,0,607,876,0,876,1483
09/14/2022,GFK,ND,AGL,CE,Towers with Radar,2,169,17,0,188,0,383,35,1,419,2,552,52,1,607,763,0,763,1370
09/15/2022,GFK,ND,AGL,CE,Towers with Radar,4,216,20,0,240,0,49,5,0,54,4,265,25,0,294,183,0,183,477
09/16/2022,GFK,ND,AGL,CE,Towers with Radar,4,130,10,0,144,0,0,0,0,0,4,130,10,0,144,0,0,0,144
09/17/2022,GFK,ND,AGL,CE,Towers with Radar,4,171,4,0,179,0,102,21,0,123,4,273,25,0,302,682,0,682,984
09/18/2022,GFK,ND,AGL,CE,Towers with Radar,4,37,13,1,55,0,196,24,1,221,4,233,37,2,276,328,0,328,604
09/19/2022,GFK,ND,AGL,CE,Towers with Radar,2,149,13,0,164,0,233,18,0,251,2,382,31,0,415,419,0,419,834
09/20/2022,GFK,ND,AGL,CE,Towers with Radar,2,157,8,0,167,0,448,23,0,471,2,605,31,0,638,684,0,684,1322
09/21/2022,GFK,ND,AGL,CE,Towers with Radar,2,246,44,0,292,0,152,21,0,173,2,398,65,0,465,885,0,885,1350
09/22/2022,GFK,ND,AGL,CE,Towers with Radar,4,183,23,0,210,0,536,45,0,581,4,719,68,0,791,804,0,804,1595
09/23/2022,GFK,ND,AGL,CE,Towers with Radar,4,136,7,0,147,0,254,24,0,278,4,390,31,0,425,690,0,690,1115
09/24/2022,GFK,ND,AGL,CE,Towers with Radar,5,135,9,0,149,0,228,23,0,251,5,363,32,0,400,640,0,640,1040
09/25/2022,GFK,ND,AGL,CE,Towers with Radar,4,6,4,0,14,0,108,14,0,122,4,114,18,0,136,183,0,183,319
09/26/2022,GFK,ND,AGL,CE,Towers with Radar,2,195,11,0,208,0,585,40,0,625,2,780,51,0,833,922,0,922,1755
09/27/2022,GFK,ND,AGL,CE,Towers with Radar,2,67,13,0,82,0,398,23,0,421,2,465,36,0,503,677,0,677,1180
09/28/2022,GFK,ND,AGL,CE,Towers with Radar,2,187,34,0,223,0,501,38,0,539,2,688,72,0,762,795,0,795,1557
09/29/2022,GFK,ND,AGL,CE,Towers with Radar,4,122,41,0,167,0,500,44,0,544,4,622,85,0,711,560,0,560,1271
09/30/2022,GFK,ND,AGL,CE,Towers with Radar,3,150,23,0,176,0,584,81,0,665,3,734,104,0,841,900,0,900,1741
10/01/2022,GFK,ND,AGL,CE,Towers with Radar,6,103,8,0,117,0,404,32,0,436,6,507,40,0,553,879,0,879,1432
10/02/2022,GFK,ND,AGL,CE,Towers with Radar,6,23,16,0,45,0,91,13,0,104,6,114,29,0,149,248,0,248,397
10/03/2022,GFK,ND,AGL,CE,Towers with Radar,4,169,11,3,187,0,489,36,2,527,4,658,47,5,714,888,0,888,1602
10/04/2022,GFK,ND,AGL,CE,Towers with Radar,4,155,17,1,177,0,558,52,0,610,4,713,69,1,787,861,0,861,1648
10/05/2022,GFK,ND,AGL,CE,Towers with Radar,6,81,19,0,106,0,295,13,1,309,6,376,32,1,415,424,0,424,839
10/06/2022,GFK,ND,AGL,CE,Towers with Radar,7,107,16,0,130,0,358,33,0,391,7,465,49,0,521,986,0,986,1507
10/07/2022,GFK,ND,AGL,CE,Towers with Radar,5,139,18,0,162,0,525,48,0,573,5,664,66,0,735,847,0,847,1582
10/08/2022,GFK,ND,AGL,CE,Towers with Radar,7,129,12,0,148,0,467,25,0,492,7,596,37,0,640,684,0,684,1324
10/09/2022,GFK,ND,AGL,CE,Towers with Radar,7,39,13,0,59,0,140,24,0,164,7,179,37,0,223,380,0,380,603
10/10/2022,GFK,ND,AGL,CE,Towers with Radar,4,147,19,0,170,0,482,50,0,532,4,629,69,0,702,808,0,808,1510
10/11/2022,GFK,ND,AGL,CE,Towers with Radar,4,91,15,0,110,0,255,37,0,292,4,346,52,0,402,435,0,435,837
10/12/2022,GFK,ND,AGL,CE,Towers with Radar,6,32,6,0,44,0,134,9,0,143,6,166,15,0,187,393,0,393,580
10/13/2022,GFK,ND,AGL,CE,Towers with Radar,6,24,10,0,40,0,129,3,0,132,6,153,13,0,172,371,0,371,543
10/14/2022,GFK,ND,AGL,CE,Towers with Radar,4,15,7,0,26,0,10,3,0,13,4,25,10,0,39,84,0,84,123
10/15/2022,GFK,ND,AGL,CE,Towers with Radar,7,72,7,0,86,0,162,22,0,184,7,234,29,0,270,660,0,660,930
10/16/2022,GFK,ND,AGL,CE,Towers with Radar,6,7,8,0,21,0,11,7,0,18,6,18,15,0,39,79,0,79,118
10/17/2022,GFK,ND,AGL,CE,Towers with Radar,4,189,8,0,201,0,572,62,0,634,4,761,70,0,835,802,0,802,1637
10/18/2022,GFK,ND,AGL,CE,Towers with Radar,4,179,21,0,204,0,534,50,0,584,4,713,71,0,788,949,0,949,1737
10/19/2022,GFK,ND,AGL,CE,Towers with Radar,6,177,22,0,205,0,515,51,0,566,6,692,73,0,771,774,0,774,1545
10/20/2022,GFK,ND,AGL,CE,Towers with Radar,6,125,27,0,158,0,538,55,0,593,6,663,82,0,751,917,0,917,1668
10/21/2022,GFK,ND,AGL,CE,Towers with Radar,4,145,13,1,163,0,526,36,0,562,4,671,49,1,725,720,0,720,1445
10/22/2022,GFK,ND,AGL,CE,Towers with Radar,7,120,21,0,148,0,361,33,0,394,7,481,54,0,542,721,0,721,1263
10/23/2022,GFK,ND,AGL,CE,Towers with Radar,6,34,11,0,51,0,143,21,0,164,6,177,32,0,215,251,0,251,466
10/24/2022,GFK,ND,AGL,CE,Towers with Radar,6,3,9,0,18,0,0,0,0,0,6,3,9,0,18,0,0,0,18
10/25/2022,GFK,ND,AGL,CE,Towers with Radar,4,21,13,0,38,0,36,8,0,44,4,57,21,0,82,1133,0,1133,1215
10/26/2022,GFK,ND,AGL,CE,Towers with Radar,7,174,20,0,201,0,553,63,0,616,7,727,83,0,817,850,0,850,1667
10/27/2022,GFK,ND,AGL,CE,Towers with Radar,19,165,17,0,201,0,524,20,0,544,19,689,37,0,745,694,0,694,1439
10/28/2022,GFK,ND,AGL,CE,Towers with Radar,7,169,21,0,197,0,532,61,0,593,7,701,82,0,790,694,0,694,1484
10/29/2022,GFK,ND,AGL,CE,Towers with Radar,8,118,14,0,140,0,405,41,0,446,8,523,55,0,586,899,0,899,1485
10/30/2022,GFK,ND,AGL,CE,Towers with Radar,16,34,16,0,66,0,165,15,0,180,16,199,31,0,246,326,0,326,572
10/31/2022,GFK,ND,AGL,CE,Towers with Radar,9,128,14,0,151,0,489,54,1,544,9,617,68,1,695,855,0,855,1550
11/01/2022,GFK,ND,AGL,CE,Towers with Radar,4,143,22,4,173,0,456,30,0,486,4,599,52,4,659,771,0,771,1430
11/02/2022,GFK,ND,AGL,CE,Towers with Radar,7,63,22,4,96,0,166,5,0,171,7,229,27,4,267,270,0,270,537
11/03/2022,GFK,ND,AGL,CE,Towers with Radar,8,123,14,0,145,0,148,34,0,182,8,271,48,0,327,850,0,850,1177
11/04/2022,GFK,ND,AGL,CE,Towers with Radar,5,162,16,0,183,0,521,66,0,587,5,683,82,0,770,785,0,785,1555
11/05/2022,GFK,ND,AGL,CE,Towers with Radar,9,115,4,0,128,0,373,38,0,411,9,488,42,0,539,777,0,777,1316
11/06/2022,GFK,ND,AGL,CE,Towers with Radar,8,2,1,0,11,0,0,1,0,1,8,2,2,0,12,0,0,0,12
11/07/2022,GFK,ND,AGL,CE,Towers with Radar,5,10,9,0,24,0,23,20,0,43,5,33,29,0,67,1017,0,1017,1084
11/08/2022,GFK,ND,AGL,CE,Towers with Radar,6,18,8,0,32,0,50,2,0,52,6,68,10,0,84,102,0,102,186
11/09/2022,GFK,ND,AGL,CE,Towers with Radar,5,1,12,0,18,1,0,1,0,2,6,1,13,0,20,0,0,0,20
11/10/2022,GFK,ND,AGL,CE,Towers with Radar,0,0,0,0,0,0,0,0,0,0,0,0,0,0,0,0,0,0,0
11/11/2022,GFK,ND,AGL,CE,Towers with Radar,4,3,9,0,16,0,0,0,0,0,4,3,9,0,16,0,0,0,16
11/12/2022,GFK,ND,AGL,CE,Towers with Radar,7,9,13,0,29,0,0,4,0,4,7,9,17,0,33,30,0,30,63
11/13/2022,GFK,ND,AGL,CE,Towers with Radar,7,10,7,0,24,0,11,11,0,22,7,21,18,0,46,398,0,398,444
11/14/2022,GFK,ND,AGL,CE,Towers with Radar,4,9,5,0,18,0,0,0,0,0,4,9,5,0,18,0,0,0,18
11/15/2022,GFK,ND,AGL,CE,Towers with Radar,4,2,11,0,17,0,0,0,0,0,4,2,11,0,17,4,0,4,21
11/16/2022,GFK,ND,AGL,CE,Towers with Radar,4,33,13,0,50,0,157,19,0,176,4,190,32,0,226,389,0,389,615
11/17/2022,GFK,ND,AGL,CE,Towers with Radar,7,2,8,0,17,0,0,0,0,0,7,2,8,0,17,0,0,0,17
11/18/2022,GFK,ND,AGL,CE,Towers with Radar,4,78,13,0,95,0,86,11,0,97,4,164,24,0,192,602,0,602,794
11/19/2022,GFK,ND,AGL,CE,Towers with Radar,8,122,11,0,141,0,367,36,0,403,8,489,47,0,544,560,0,560,1104
11/20/2022,GFK,ND,AGL,CE,Towers with Radar,7,66,7,0,80,0,234,13,0,247,7,300,20,0,327,428,0,428,755
11/21/2022,GFK,ND,AGL,CE,Towers with Radar,4,1,12,0,17,0,11,14,0,25,4,12,26,0,42,1307,0,1307,1349
11/22/2022,GFK,ND,AGL,CE,Towers with Radar,10,202,14,0,226,0,523,53,0,576,10,725,67,0,802,1040,0,1040,1842
11/23/2022,GFK,ND,AGL,CE,Towers with Radar,5,95,17,0,117,0,307,22,0,329,5,402,39,0,446,517,0,517,963
11/24/2022,GFK,ND,AGL,CE,Towers with Radar,3,0,2,0,5,0,0,0,0,0,3,0,2,0,5,0,0,0,5
11/25/2022,GFK,ND,AGL,CE,Towers with Radar,7,61,8,0,76,0,203,21,0,224,7,264,29,0,300,180,0,180,480
11/26/2022,GFK,ND,AGL,CE,Towers with Radar,9,65,2,0,76,0,182,24,0,206,9,247,26,0,282,303,0,303,585
11/27/2022,GFK,ND,AGL,CE,Towers with Radar,4,54,5,0,63,0,198,16,0,214,4,252,21,0,277,434,0,434,711
11/28/2022,GFK,ND,AGL,CE,Towers with Radar,4,125,13,8,150,0,324,26,2,352,4,449,39,10,502,1098,0,1098,1600
11/29/2022,GFK,ND,AGL,CE,Towers with Radar,0,32,13,0,45,0,221,16,0,237,0,253,29,0,282,963,0,963,1245
11/30/2022,GFK,ND,AGL,CE,Towers with Radar,4,113,21,0,138,0,251,12,0,263,4,364,33,0,401,753,0,753,1154
12/01/2022,GFK,ND,AGL,CE,Towers with Radar,6,184,19,0,209,0,521,40,0,561,6,705,59,0,770,737,0,737,1507
12/02/2022,GFK,ND,AGL,CE,Towers with Radar,4,0,5,0,9,0,0,0,0,0,4,0,5,0,9,10,0,10,19
12/03/2022,GFK,ND,AGL,CE,Towers with Radar,6,111,12,0,129,0,363,36,2,401,6,474,48,2,530,936,0,936,1466
12/04/2022,GFK,ND,AGL,CE,Towers with Radar,6,53,9,0,68,0,190,8,0,198,6,243,17,0,266,310,0,310,576
12/05/2022,GFK,ND,AGL,CE,Towers with Radar,3,104,17,1,125,0,220,26,1,247,3,324,43,2,372,929,0,929,1301
12/06/2022,GFK,ND,AGL,CE,Towers with Radar,4,9,14,0,27,0,0,0,0,0,4,9,14,0,27,38,0,38,65
12/07/2022,GFK,ND,AGL,CE,Towers with Radar,4,155,7,0,166,0,477,32,0,509,4,632,39,0,675,805,0,805,1480
12/08/2022,GFK,ND,AGL,CE,Towers with Radar,5,50,15,0,70,0,174,9,0,183,5,224,24,0,253,319,0,319,572
12/09/2022,GFK,ND,AGL,CE,Towers with Radar,6,4,9,0,19,0,0,0,0,0,6,4,9,0,19,0,0,0,19
12/10/2022,GFK,ND,AGL,CE,Towers with Radar,8,6,3,0,17,0,0,0,0,0,8,6,3,0,17,0,0,0,17
12/11/2022,GFK,ND,AGL,CE,Towers with Radar,7,3,9,0,19,0,4,6,0,10,7,7,15,0,29,244,0,244,273
12/12/2022,GFK,ND,AGL,CE,Towers with Radar,4,7,3,0,14,0,0,7,0,7,4,7,10,0,21,241,0,241,262
12/13/2022,GFK,ND,AGL,CE,Towers with Radar,2,0,1,0,3,0,0,0,0,0,2,0,1,0,3,0,0,0,3
12/14/2022,GFK,ND,AGL,CE,Towers with Radar,6,7,3,0,16,0,0,0,0,0,6,7,3,0,16,0,0,0,16
12/15/2022,GFK,ND,AGL,CE,Towers with Radar,4,0,2,0,6,0,0,0,0,0,4,0,2,0,6,0,0,0,6
12/16/2022,GFK,ND,AGL,CE,Towers with Radar,8,3,1,0,12,0,0,0,0,0,8,3,1,0,12,0,0,0,12
12/17/2022,GFK,ND,AGL,CE,Towers with Radar,8,7,5,0,20,0,0,0,0,0,8,7,5,0,20,0,0,0,20
12/18/2022,GFK,ND,AGL,CE,Towers with Radar,4,49,3,0,56,0,49,4,0,53,4,98,7,0,109,120,0,120,229
12/19/2022,GFK,ND,AGL,CE,Towers with Radar,6,9,12,0,27,0,0,0,0,0,6,9,12,0,27,0,0,0,27
12/20/2022,GFK,ND,AGL,CE,Towers with Radar,6,40,18,0,64,0,93,7,0,100,6,133,25,0,164,166,0,166,330
12/21/2022,GFK,ND,AGL,CE,Towers with Radar,6,7,7,0,20,0,0,0,0,0,6,7,7,0,20,0,0,0,20
12/22/2022,GFK,ND,AGL,CE,Towers with Radar,4,3,10,0,17,0,2,2,0,4,4,5,12,0,21,7,0,7,28
12/23/2022,GFK,ND,AGL,CE,Towers with Radar,2,2,3,0,7,0,0,0,0,0,2,2,3,0,7,0,0,0,7
12/24/2022,GFK,ND,AGL,CE,Towers with Radar,3,4,6,0,13,0,0,0,0,0,3,4,6,0,13,0,0,0,13
12/25/2022,GFK,ND,AGL,CE,Towers with Radar,2,7,1,0,10,0,0,0,0,0,2,7,1,0,10,0,0,0,10
12/26/2022,GFK,ND,AGL,CE,Towers with Radar,6,2,9,0,17,0,0,8,0,8,6,2,17,0,25,16,0,16,41
12/27/2022,GFK,ND,AGL,CE,Towers with Radar,6,2,5,0,13,0,2,1,0,3,6,4,6,0,16,0,0,0,16
12/28/2022,GFK,ND,AGL,CE,Towers with Radar,6,13,10,0,29,0,27,5,0,32,6,40,15,0,61,141,0,141,202
12/29/2022,GFK,ND,AGL,CE,Towers with Radar,6,3,8,0,17,0,0,0,0,0,6,3,8,0,17,6,0,6,23
12/30/2022,GFK,ND,AGL,CE,Towers with Radar,6,9,12,0,27,0,0,2,2,4,6,9,14,2,31,116,0,116,147
12/31/2022,GFK,ND,AGL,CE,Towers with Radar,7,2,3,0,12,0,0,0,0,0,7,2,3,0,12,0,0,0,12
01/01/2023,GFK,ND,AGL,CE,Towers with Radar,6,7,7,0,20,0,0,0,0,0,6,7,7,0,20,0,0,0,20
01/02/2023,GFK,ND,AGL,CE,Towers with Radar,6,2,9,0,17,0,0,17,0,17,6,2,26,0,34,8,0,8,42
01/03/2023,GFK,ND,AGL,CE,Towers with Radar,0,0,7,0,7,0,0,0,0,0,0,0,7,0,7,0,0,0,7
01/04/2023,GFK,ND,AGL,CE,Towers with Radar,8,0,12,0,20,0,0,8,0,8,8,0,20,0,28,15,0,15,43
01/05/2023,GFK,ND,AGL,CE,Towers with Radar,6,79,8,0,93,0,179,19,0,198,6,258,27,0,291,505,0,505,796
01/06/2023,GFK,ND,AGL,CE,Towers with Radar,6,3,21,0,30,0,1,1,0,2,6,4,22,0,32,391,0,391,423
01/07/2023,GFK,ND,AGL,CE,Towers with Radar,7,33,3,0,43,0,51,3,0,54,7,84,6,0,97,408,0,408,505
01/08/2023,GFK,ND,AGL,CE,Towers with Radar,6,78,5,0,89,0,293,19,0,312,6,371,24,0,401,500,0,500,901
01/09/2023,GFK,ND,AGL,CE,Towers with Radar,6,0,5,0,11,0,0,0,0,0,6,0,5,0,11,0,0,0,11
01/10/2023,GFK,ND,AGL,CE,Towers with Radar,4,2,9,0,15,0,0,0,0,0,4,2,9,0,15,0,0,0,15
01/11/2023,GFK,ND,AGL,CE,Towers with Radar,6,2,12,0,20,0,0,0,0,0,6,2,12,0,20,0,0,0,20
01/12/2023,GFK,ND,AGL,CE,Towers with Radar,6,6,14,2,28,0,0,0,0,0,6,6,14,2,28,0,0,0,28
01/13/2023,GFK,ND,AGL,CE,Towers with Radar,7,27,16,0,50,0,107,10,0,117,7,134,26,0,167,293,0,293,460
01/14/2023,GFK,ND,AGL,CE,Towers with Radar,7,100,10,0,117,0,152,21,0,173,7,252,31,0,290,424,0,424,714
01/15/2023,GFK,ND,AGL,CE,Towers with Radar,6,0,4,0,10,0,0,0,0,0,6,0,4,0,10,0,0,0,10
01/16/2023,GFK,ND,AGL,CE,Towers with Radar,8,0,2,0,10,0,0,0,0,0,8,0,2,0,10,0,0,0,10
01/17/2023,GFK,ND,AGL,CE,Towers with Radar,6,3,8,0,17,0,0,0,0,0,6,3,8,0,17,0,0,0,17
01/18/2023,GFK,ND,AGL,CE,Towers with Radar,6,6,13,0,25,0,0,0,0,0,6,6,13,0,25,0,0,0,25
01/19/2023,GFK,ND,AGL,CE,Towers with Radar,6,22,17,0,45,0,32,22,0,54,6,54,39,0,99,398,0,398,497
01/20/2023,GFK,ND,AGL,CE,Towers with Radar,6,4,12,0,22,0,0,0,0,0,6,4,12,0,22,0,0,0,22
01/21/2023,GFK,ND,AGL,CE,Towers with Radar,7,234,11,0,252,0,644,57,0,701,7,878,68,0,953,493,0,493,1446
01/22/2023,GFK,ND,AGL,CE,Towers with Radar,6,59,3,0,68,0,180,21,0,201,6,239,24,0,269,454,0,454,723
01/23/2023,GFK,ND,AGL,CE,Towers with Radar,6,4,5,0,15,0,20,1,2,23,6,24,6,2,38,44,0,44,82
01/24/2023,GFK,ND,AGL,CE,Towers with Radar,4,2,8,0,14,0,0,0,0,0,4,2,8,0,14,20,0,20,34
01/25/2023,GFK,ND,AGL,CE,Towers with Radar,8,35,13,0,56,0,350,31,0,381,8,385,44,0,437,1141,0,1141,1578
01/26/2023,GFK,ND,AGL,CE,Towers with Radar,7,6,5,0,18,0,0,2,0,2,7,6,7,0,20,83,0,83,103
01/27/2023,GFK,ND,AGL,CE,Towers with Radar,8,39,14,0,61,0,91,15,0,106,8,130,29,0,167,448,0,448,615
01/28/2023,GFK,ND,AGL,CE,Towers with Radar,7,212,15,0,234,0,623,37,0,660,7,835,52,0,894,610,0,610,1504
01/29/2023,GFK,ND,AGL,CE,Towers with Radar,6,67,10,0,83,0,292,21,0,313,6,359,31,0,396,378,0,378,774
01/30/2023,GFK,ND,AGL,CE,Towers with Radar,6,212,18,0,236,0,623,33,0,656,6,835,51,0,892,658,0,658,1550
01/31/2023,GFK,ND,AGL,CE,Towers with Radar,4,201,19,6,230,0,569,31,0,600,4,770,50,6,830,776,0,776,1606
02/01/2023,GFK,ND,AGL,CE,Towers with Radar,7,190,14,0,211,0,583,37,0,620,7,773,51,0,831,742,0,742,1573
02/02/2023,GFK,ND,AGL,CE,Towers with Radar,6,200,6,0,212,0,460,32,0,492,6,660,38,0,704,776,0,776,1480
02/03/2023,GFK,ND,AGL,CE,Towers with Radar,6,41,7,0,54,0,261,8,0,269,6,302,15,0,323,469,0,469,792
02/04/2023,GFK,ND,AGL,CE,Towers with Radar,7,110,9,0,126,0,395,33,0,428,7,505,42,0,554,951,0,951,1505
02/05/2023,GFK,ND,AGL,CE,Towers with Radar,6,10,3,0,19,0,45,3,0,48,6,55,6,0,67,677,0,677,744
02/06/2023,GFK,ND,AGL,CE,Towers with Radar,7,42,8,0,57,0,147,6,0,153,7,189,14,0,210,360,0,360,570
02/07/2023,GFK,ND,AGL,CE,Towers with Radar,4,210,15,0,229,0,501,57,0,558,4,711,72,0,787,775,0,775,1562
02/08/2023,GFK,ND,AGL,CE,Towers with Radar,7,174,17,0,198,0,532,47,0,579,7,706,64,0,777,902,0,902,1679
02/09/2023,GFK,ND,AGL,CE,Towers with Radar,7,145,11,0,163,0,220,10,0,230,7,365,21,0,393,353,0,353,746
02/10/2023,GFK,ND,AGL,CE,Towers with Radar,6,224,15,0,245,0,572,47,1,620,6,796,62,1,865,586,0,586,1451
02/11/2023,GFK,ND,AGL,CE,Towers with Radar,7,163,15,0,185,0,539,27,2,568,7,702,42,2,753,746,0,746,1499
02/12/2023,GFK,ND,AGL,CE,Towers with Radar,7,10,2,0,19,0,233,13,0,246,7,243,15,0,265,612,0,612,877
02/13/2023,GFK,ND,AGL,CE,Towers with Radar,7,196,5,0,208,0,517,32,0,549,7,713,37,0,757,839,0,839,1596
02/14/2023,GFK,ND,AGL,CE,Towers with Radar,5,10,4,0,19,0,25,4,0,29,5,35,8,0,48,180,0,180,228
02/15/2023,GFK,ND,AGL,CE,Towers with Radar,4,128,3,2,137,0,379,10,0,389,4,507,13,2,526,701,0,701,1227
02/16/2023,GFK,ND,AGL,CE,Towers with Radar,6,168,12,0,186,0,531,49,0,580,6,699,61,0,766,742,0,742,1508
02/17/2023,GFK,ND,AGL,CE,Towers with Radar,6,144,6,4,160,0,364,18,0,382,6,508,24,4,542,542,0,542,1084
02/18/2023,GFK,ND,AGL,CE,Towers with Radar,7,85,12,0,104,0,242,17,0,259,7,327,29,0,363,751,0,751,1114
02/19/2023,GFK,ND,AGL,CE,Towers with Radar,7,43,4,0,54,0,209,8,0,217,7,252,12,0,271,292,0,292,563
02/20/2023,GFK,ND,AGL,CE,Towers with Radar,6,2,2,0,10,0,0,0,0,0,6,2,2,0,10,0,0,0,10
02/21/2023,GFK,ND,AGL,CE,Towers with Radar,5,57,7,2,71,0,78,5,0,83,5,135,12,2,154,443,0,443,597
02/22/2023,GFK,ND,AGL,CE,Towers with Radar,7,59,2,0,68,0,238,6,2,246,7,297,8,2,314,598,0,598,912
02/23/2023,GFK,ND,AGL,CE,Towers with Radar,9,34,8,0,51,0,27,0,0,27,9,61,8,0,78,169,0,169,247
02/24/2023,GFK,ND,AGL,CE,Towers with Radar,8,144,13,0,165,0,509,31,0,540,8,653,44,0,705,815,0,815,1520
02/25/2023,GFK,ND,AGL,CE,Towers with Radar,8,181,10,0,199,0,515,30,0,545,8,696,40,0,744,773,0,773,1517
02/26/2023,GFK,ND,AGL,CE,Towers with Radar,7,79,13,0,99,0,283,24,0,307,7,362,37,0,406,448,0,448,854
02/27/2023,GFK,ND,AGL,CE,Towers with Radar,6,13,7,0,26,0,119,14,0,133,6,132,21,0,159,254,0,254,413
02/28/2023,GFK,ND,AGL,CE,Towers with Radar,4,137,13,2,156,0,544,34,0,578,4,681,47,2,734,684,0,684,1418
03/01/2023,GFK,ND,AGL,CE,Towers with Radar,4,183,13,0,200,0,495,19,0,514,4,678,32,0,714,918,0,918,1632
03/02/2023,GFK,ND,AGL,CE,Towers with Radar,6,37,9,0,52,0,164,22,0,186,6,201,31,0,238,436,0,436,674
03/03/2023,GFK,ND,AGL,CE,Towers with Radar,6,159,11,0,176,0,616,36,0,652,6,775,47,0,828,684,0,684,1512
03/04/2023,GFK,ND,AGL,CE,Towers with Radar,7,162,14,1,184,0,525,41,0,566,7,687,55,1,750,753,0,753,1503
03/05/2023,GFK,ND,AGL,CE,Towers with Radar,6,4,6,1,17,0,3,1,0,4,6,7,7,1,21,62,0,62,83
03/06/2023,GFK,ND,AGL,CE,Towers with Radar,7,162,8,0,177,0,414,13,0,427,7,576,21,0,604,627,0,627,1231
03/07/2023,GFK,ND,AGL,CE,Towers with Radar,4,84,23,0,111,0,430,38,0,468,4,514,61,0,579,856,0,856,1435
03/08/2023,GFK,ND,AGL,CE,Towers with Radar,7,3,7,0,17,0,0,0,0,0,7,3,7,0,17,0,0,0,17
03/09/2023,GFK,ND,AGL,CE,Towers with Radar,6,3,3,0,12,0,0,0,0,0,6,3,3,0,12,0,0,0,12
03/10/2023,GFK,ND,AGL,CE,Towers with Radar,6,64,13,0,83,0,233,16,0,249,6,297,29,0,332,837,0,837,1169
03/11/2023,GFK,ND,AGL,CE,Towers with Radar,0,1,0,0,1,0,0,0,0,0,0,1,0,0,1,0,0,0,1
03/12/2023,GFK,ND,AGL,CE,Towers with Radar,8,5,4,0,17,0,0,4,0,4,8,5,8,0,21,16,0,16,37
03/13/2023,GFK,ND,AGL,CE,Towers with Radar,6,79,14,0,99,0,177,29,0,206,6,256,43,0,305,336,0,336,641
03/14/2023,GFK,ND,AGL,CE,Towers with Radar,4,28,21,0,53,0,89,20,0,109,4,117,41,0,162,227,0,227,389
03/15/2023,GFK,ND,AGL,CE,Towers with Radar,8,83,15,0,106,0,209,45,0,254,8,292,60,0,360,322,0,322,682
03/16/2023,GFK,ND,AGL,CE,Towers with Radar,5,5,2,2,14,0,0,3,0,3,5,5,5,2,17,2,0,2,19
03/17/2023,GFK,ND,AGL,CE,Towers with Radar,7,12,10,0,29,0,1,0,0,1,7,13,10,0,30,0,0,0,30
03/18/2023,GFK,ND,AGL,CE,Towers with Radar,7,72,12,0,91,0,104,18,0,122,7,176,30,0,213,237,0,237,450
03/19/2023,GFK,ND,AGL,CE,Towers with Radar,6,68,6,0,80,0,240,18,0,258,6,308,24,0,338,491,0,491,829
03/20/2023,GFK,ND,AGL,CE,Towers with Radar,6,194,8,4,212,0,590,46,0,636,6,784,54,4,848,955,0,955,1803
03/21/2023,GFK,ND,AGL,CE,Towers with Radar,4,66,8,0,78,0,416,22,0,438,4,482,30,0,516,866,0,866,1382
03/22/2023,GFK,ND,AGL,CE,Towers with Radar,4,64,7,0,75,0,102,10,0,112,4,166,17,0,187,426,0,426,613
03/23/2023,GFK,ND,AGL,CE,Towers with Radar,8,139,15,0,162,0,460,35,0,495,8,599,50,0,657,947,0,947,1604
03/24/2023,GFK,ND,AGL,CE,Towers with Radar,7,46,18,0,71,0,124,14,0,138,7,170,32,0,209,565,0,565,774
03/25/2023,GFK,ND,AGL,CE,Towers with Radar,7,93,5,0,105,0,216,6,0,222,7,309,11,0,327,342,0,342,669
03/26/2023,GFK,ND,AGL,CE,Towers with Radar,8,66,7,0,81,0,257,31,0,288,8,323,38,0,369,447,0,447,816
03/27/2023,GFK,ND,AGL,CE,Towers with Radar,7,163,10,0,180,0,554,49,0,603,7,717,59,0,783,775,0,775,1558
03/28/2023,GFK,ND,AGL,CE,Towers with Radar,4,88,5,0,97,0,167,11,0,178,4,255,16,0,275,232,0,232,507
03/29/2023,GFK,ND,AGL,CE,Towers with Radar,4,144,9,0,157,0,673,49,0,722,4,817,58,0,879,934,0,934,1813
03/30/2023,GFK,ND,AGL,CE,Towers with Radar,6,66,16,1,89,0,337,35,1,373,6,403,51,2,462,546,0,546,1008
03/31/2023,GFK,ND,AGL,CE,Towers with Radar,8,154,13,0,175,0,450,25,0,475,8,604,38,0,650,907,0,907,1557
04/01/2023,GFK,ND,AGL,CE,Towers with Radar,3,138,17,1,159,0,537,44,2,583,3,675,61,3,742,852,0,852,1594
04/02/2023,GFK,ND,AGL,CE,Towers with Radar,4,5,7,0,16,0,34,10,0,44,4,39,17,0,60,213,0,213,273
04/03/2023,GFK,ND,AGL,CE,Towers with Radar,4,7,4,2,17,0,0,0,0,0,4,7,4,2,17,0,0,0,17
04/04/2023,GFK,ND,AGL,CE,Towers with Radar,2,1,3,0,6,0,0,0,0,0,2,1,3,0,6,0,0,0,6
04/05/2023,GFK,ND,AGL,CE,Towers with Radar,4,2,2,0,8,0,0,0,0,0,4,2,2,0,8,0,0,0,8
04/06/2023,GFK,ND,AGL,CE,Towers with Radar,7,4,3,0,14,0,2,21,0,23,7,6,24,0,37,60,0,60,97
04/07/2023,GFK,ND,AGL,CE,Towers with Radar,6,56,13,0,75,0,127,7,0,134,6,183,20,0,209,363,0,363,572
04/08/2023,GFK,ND,AGL,CE,Towers with Radar,7,105,4,0,116,0,384,17,0,401,7,489,21,0,517,454,0,454,971
04/09/2023,GFK,ND,AGL,CE,Towers with Radar,6,2,4,0,12,0,0,20,0,20,6,2,24,0,32,123,0,123,155
04/10/2023,GFK,ND,AGL,CE,Towers with Radar,6,164,23,0,193,0,521,25,0,546,6,685,48,0,739,901,0,901,1640
04/11/2023,GFK,ND,AGL,CE,Towers with Radar,6,179,18,2,205,0,543,31,0,574,6,722,49,2,779,900,0,900,1679
04/12/2023,GFK,ND,AGL,CE,Towers with Radar,5,180,15,0,200,0,612,40,0,652,5,792,55,0,852,958,0,958,1810
04/13/2023,GFK,ND,AGL,CE,Towers with Radar,6,145,15,1,167,0,444,27,1,472,6,589,42,2,639,805,0,805,1444
04/14/2023,GFK,ND,AGL,CE,Towers with Radar,6,76,10,0,92,0,1,2,0,3,6,77,12,0,95,141,16,157,252
04/15/2023,GFK,ND,AGL,CE,Towers with Radar,7,1,6,0,14,0,0,2,0,2,7,1,8,0,16,6,0,6,22
04/16/2023,GFK,ND,AGL,CE,Towers with Radar,6,1,9,0,16,0,0,8,2,10,6,1,17,2,26,0,0,0,26
04/17/2023,GFK,ND,AGL,CE,Towers with Radar,8,186,18,0,212,0,741,44,0,785,8,927,62,0,997,918,0,918,1915
04/18/2023,GFK,ND,AGL,CE,Towers with Radar,5,156,28,0,189,0,542,44,0,586,5,698,72,0,775,710,0,710,1485
04/19/2023,GFK,ND,AGL,CE,Towers with Radar,4,2,4,0,10,0,0,3,0,3,4,2,7,0,13,176,0,176,189
04/20/2023,GFK,ND,AGL,CE,Towers with Radar,5,1,2,0,8,0,0,0,0,0,5,1,2,0,8,16,0,16,24
04/21/2023,GFK,ND,AGL,CE,Towers with Radar,9,4,9,0,22,0,0,0,0,0,9,4,9,0,22,0,0,0,22
04/22/2023,GFK,ND,AGL,CE,Towers with Radar,7,36,5,0,48,0,189,14,0,203,7,225,19,0,251,872,0,872,1123
04/23/2023,GFK,ND,AGL,CE,Towers with Radar,6,37,9,0,52,0,293,75,0,368,6,330,84,0,420,344,0,344,764
04/24/2023,GFK,ND,AGL,CE,Towers with Radar,6,190,8,2,206,0,636,40,0,676,6,826,48,2,882,972,0,972,1854
04/25/2023,GFK,ND,AGL,CE,Towers with Radar,5,205,15,0,225,0,598,61,0,659,5,803,76,0,884,1043,0,1043,1927
04/26/2023,GFK,ND,AGL,CE,Towers with Radar,5,103,9,0,117,0,272,10,0,282,5,375,19,0,399,383,0,383,782
04/27/2023,GFK,ND,AGL,CE,Towers with Radar,6,99,21,0,126,0,205,24,0,229,6,304,45,0,355,1245,0,1245,1600
04/28/2023,GFK,ND,AGL,CE,Towers with Radar,6,76,8,0,90,0,152,27,0,179,6,228,35,0,269,1183,0,1183,1452
04/29/2023,GFK,ND,AGL,CE,Towers with Radar,7,11,1,0,19,0,13,8,0,21,7,24,9,0,40,854,0,854,894
04/30/2023,GFK,ND,AGL,CE,Towers with Radar,6,16,9,0,31,0,33,12,0,45,6,49,21,0,76,72,0,72,148
05/01/2023,GFK,ND,AGL,CE,Towers with Radar,6,89,12,0,107,0,256,19,0,275,6,345,31,0,382,477,0,477,859
05/02/2023,GFK,ND,AGL,CE,Towers with Radar,6,203,16,0,225,0,644,49,0,693,6,847,65,0,918,883,0,883,1801
05/03/2023,GFK,ND,AGL,CE,Towers with Radar,5,1,8,2,16,0,2,55,0,57,5,3,63,2,73,73,0,73,146
05/04/2023,GFK,ND,AGL,CE,Towers with Radar,7,182,15,0,204,0,593,57,0,650,7,775,72,0,854,808,0,808,1662
05/05/2023,GFK,ND,AGL,CE,Towers with Radar,6,117,16,0,139,0,572,30,0,602,6,689,46,0,741,859,0,859,1600
05/06/2023,GFK,ND,AGL,CE,Towers with Radar,7,121,5,0,133,0,73,14,0,87,7,194,19,0,220,636,0,636,856
05/07/2023,GFK,ND,AGL,CE,Towers with Radar,6,75,7,0,88,0,0,0,0,0,6,75,7,0,88,0,0,0,88
05/08/2023,GFK,ND,AGL,CE,Towers with Radar,6,132,11,0,149,0,0,6,0,6,6,132,17,0,155,55,0,55,210
05/09/2023,GFK,ND,AGL,CE,Towers with Radar,6,111,25,1,143,0,506,39,0,545,6,617,64,1,688,902,0,902,1590
05/10/2023,GFK,ND,AGL,CE,Towers with Radar,5,97,18,1,121,0,539,38,1,578,5,636,56,2,699,1019,0,1019,1718
05/11/2023,GFK,ND,AGL,CE,Towers with Radar,6,133,7,0,146,0,479,37,0,516,6,612,44,0,662,879,0,879,1541
05/12/2023,GFK,ND,AGL,CE,Towers with Radar,6,90,6,0,102,0,396,21,0,417,6,486,27,0,519,736,0,736,1255
05/13/2023,GFK,ND,AGL,CE,Towers with Radar,7,66,3,0,76,0,248,26,0,274,7,314,29,0,350,675,0,675,1025
05/14/2023,GFK,ND,AGL,CE,Towers with Radar,7,44,11,0,62,0,185,39,0,224,7,229,50,0,286,327,0,327,613
05/15/2023,GFK,ND,AGL,CE,Towers with Radar,7,136,20,0,163,0,452,41,0,493,7,588,61,0,656,884,0,884,1540
05/16/2023,GFK,ND,AGL,CE,Towers with Radar,4,101,12,2,119,0,429,40,1,470,4,530,52,3,589,823,0,823,1412
05/17/2023,GFK,ND,AGL,CE,Towers with Radar,4,58,27,0,89,0,301,24,0,325,4,359,51,0,414,470,0,470,884
05/18/2023,GFK,ND,AGL,CE,Towers with Radar,6,136,16,0,158,0,9,10,0,19,6,145,26,0,177,131,0,131,308
05/19/2023,GFK,ND,AGL,CE,Towers with Radar,4,99,21,2,126,0,375,25,0,400,4,474,46,2,526,529,0,529,1055
05/20/2023,GFK,ND,AGL,CE,Towers with Radar,5,80,11,0,96,0,345,15,0,360,5,425,26,0,456,515,0,515,971
05/21/2023,GFK,ND,AGL,CE,Towers with Radar,6,47,10,0,63,0,193,35,0,228,6,240,45,0,291,418,0,418,709
05/22/2023,GFK,ND,AGL,CE,Towers with Radar,4,147,15,0,166,0,546,32,0,578,4,693,47,0,744,911,0,911,1655
05/23/2023,GFK,ND,AGL,CE,Towers with Radar,7,117,10,0,134,0,414,47,0,461,7,531,57,0,595,947,0,947,1542
05/24/2023,GFK,ND,AGL,CE,Towers with Radar,4,158,10,0,172,0,285,32,0,317,4,443,42,0,489,698,0,698,1187
05/25/2023,GFK,ND,AGL,CE,Towers with Radar,6,123,16,0,145,0,367,29,1,397,6,490,45,1,542,439,0,439,981
05/26/2023,GFK,ND,AGL,CE,Towers with Radar,4,61,10,0,75,0,174,19,1,194,4,235,29,1,269,314,0,314,583
05/27/2023,GFK,ND,AGL,CE,Towers with Radar,6,42,6,0,54,0,120,8,0,128,6,162,14,0,182,231,0,231,413
05/28/2023,GFK,ND,AGL,CE,Towers with Radar,5,48,11,0,64,0,86,11,0,97,5,134,22,0,161,156,0,156,317
05/29/2023,GFK,ND,AGL,CE,Towers with Radar,4,3,7,1,15,0,0,7,0,7,4,3,14,1,22,0,0,0,22
05/30/2023,GFK,ND,AGL,CE,Towers with Radar,5,65,15,0,85,0,314,34,1,349,5,379,49,1,434,810,0,810,1244
05/31/2023,GFK,ND,AGL,CE,Towers with Radar,7,114,13,0,134,0,329,34,0,363,7,443,47,0,497,693,0,693,1190
06/01/2023,GFK,ND,AGL,CE,Towers with Radar,6,113,15,0,134,0,370,38,0,408,6,483,53,0,542,632,0,632,1174
06/02/2023,GFK,ND,AGL,CE,Towers with Radar,4,55,33,0,92,0,168,27,0,195,4,223,60,0,287,89,0,89,376
06/03/2023,GFK,ND,AGL,CE,Towers with Radar,9,60,18,0,87,0,182,43,0,225,9,242,61,0,312,80,0,80,392
06/04/2023,GFK,ND,AGL,CE,Towers with Radar,6,1,12,0,19,0,2,22,0,24,6,3,34,0,43,8,0,8,51
06/05/2023,GFK,ND,AGL,CE,Towers with Radar,4,52,28,0,84,0,117,25,0,142,4,169,53,0,226,143,0,143,369
06/06/2023,GFK,ND,AGL,CE,Towers with Radar,4,79,17,0,100,0,203,30,0,233,4,282,47,0,333,84,0,84,417
06/07/2023,GFK,ND,AGL,CE,Towers with Radar,4,70,22,0,96,0,196,39,0,235,4,266,61,0,331,40,0,40,371
06/08/2023,GFK,ND,AGL,CE,Towers with Radar,6,231,19,0,256,0,245,35,2,282,6,476,54,2,538,131,0,131,669
06/09/2023,GFK,ND,AGL,CE,Towers with Radar,4,55,16,0,75,0,245,17,0,262,4,300,33,0,337,63,0,63,400
06/10/2023,GFK,ND,AGL,CE,Towers with Radar,4,94,14,0,112,0,136,13,0,149,4,230,27,0,261,42,0,42,303
06/11/2023,GFK,ND,AGL,CE,Towers with Radar,6,4,5,0,15,0,0,25,0,25,6,4,30,0,40,68,0,68,108
06/12/2023,GFK,ND,AGL,CE,Towers with Radar,4,128,16,0,148,0,328,34,0,362,4,456,50,0,510,81,0,81,591
06/13/2023,GFK,ND,AGL,CE,Towers with Radar,5,60,13,0,78,0,418,32,0,450,5,478,45,0,528,299,0,299,827
06/14/2023,GFK,ND,AGL,CE,Towers with Radar,5,271,21,0,297,0,82,3,0,85,5,353,24,0,382,169,0,169,551
06/15/2023,GFK,ND,AGL,CE,Towers with Radar,6,213,27,0,246,0,510,45,0,555,6,723,72,0,801,593,0,593,1394
06/16/2023,GFK,ND,AGL,CE,Towers with Radar,4,102,15,2,123,0,307,30,0,337,4,409,45,2,460,507,0,507,967
06/17/2023,GFK,ND,AGL,CE,Towers with Radar,5,71,7,0,83,0,180,30,0,210,5,251,37,0,293,345,0,345,638
06/18/2023,GFK,ND,AGL,CE,Towers with Radar,6,4,5,0,15,0,0,20,0,20,6,4,25,0,35,68,0,68,103
06/19/2023,GFK,ND,AGL,CE,Towers with Radar,4,149,11,0,164,0,406,21,1,428,4,555,32,1,592,752,0,752,1344
06/20/2023,GFK,ND,AGL,CE,Towers with Radar,6,38,17,0,61,0,66,47,0,113,6,104,64,0,174,100,0,100,274
06/21/2023,GFK,ND,AGL,CE,Towers with Radar,4,115,15,0,134,0,243,27,0,270,4,358,42,0,404,761,0,761,1165
06/22/2023,GFK,ND,AGL,CE,Towers with Radar,6,217,8,2,233,0,42,13,0,55,6,259,21,2,288,307,0,307,595
06/23/2023,GFK,ND,AGL,CE,Towers with Radar,4,122,10,5,141,0,371,32,0,403,4,493,42,5,544,608,0,608,1152
06/24/2023,GFK,ND,AGL,CE,Towers with Radar,5,39,9,0,53,0,9,2,0,11,5,48,11,0,64,7,0,7,71
06/25/2023,GFK,ND,AGL,CE,Towers with Radar,6,8,7,0,21,0,0,11,0,11,6,8,18,0,32,36,0,36,68
06/26/2023,GFK,ND,AGL,CE,Towers with Radar,4,194,35,0,233,0,501,41,0,542,4,695,76,0,775,664,0,664,1439
06/27/2023,GFK,ND,AGL,CE,Towers with Radar,4,164,22,0,190,0,468,31,0,499,4,632,53,0,689,620,0,620,1309
06/28/2023,GFK,ND,AGL,CE,Towers with Radar,6,153,27,0,186,0,300,29,0,329,6,453,56,0,515,943,0,943,1458
06/29/2023,GFK,ND,AGL,CE,Towers with Radar,9,193,12,0,214,0,477,36,0,513,9,670,48,0,727,769,0,769,1496
06/30/2023,GFK,ND,AGL,CE,Towers with Radar,4,168,25,0,197,0,421,42,0,463,4,589,67,0,660,647,0,647,1307
07/01/2023,GFK,ND,AGL,CE,Towers with Radar,6,7,6,0,19,0,0,33,0,33,6,7,39,0,52,46,0,46,98
07/02/2023,GFK,ND,AGL,CE,Towers with Radar,10,1,1,0,12,0,3,20,0,23,10,4,21,0,35,71,0,71,106
07/03/2023,GFK,ND,AGL,CE,Towers with Radar,4,3,1,0,8,0,0,22,0,22,4,3,23,0,30,65,0,65,95
07/04/2023,GFK,ND,AGL,CE,Towers with Radar,5,4,1,0,10,0,0,14,0,14,5,4,15,0,24,64,0,64,88
07/05/2023,GFK,ND,AGL,CE,Towers with Radar,4,146,15,0,165,0,286,26,0,312,4,432,41,0,477,779,0,779,1256
07/06/2023,GFK,ND,AGL,CE,Towers with Radar,9,112,5,0,126,0,352,34,0,386,9,464,39,0,512,590,0,590,1102
07/07/2023,GFK,ND,AGL,CE,Towers with Radar,5,160,4,0,169,0,332,16,0,348,5,492,20,0,517,962,0,962,1479
07/08/2023,GFK,ND,AGL,CE,Towers with Radar,4,100,24,0,128,0,314,19,0,333,4,414,43,0,461,395,0,395,856
07/09/2023,GFK,ND,AGL,CE,Towers with Radar,7,2,7,0,16,0,0,6,0,6,7,2,13,0,22,6,0,6,28
07/10/2023,GFK,ND,AGL,CE,Towers with Radar,6,187,8,0,201,0,414,32,0,446,6,601,40,0,647,577,0,577,1224
07/11/2023,GFK,ND,AGL,CE,Towers with Radar,5,152,14,0,171,0,469,34,0,503,5,621,48,0,674,963,0,963,1637
07/12/2023,GFK,ND,AGL,CE,Towers with Radar,5,150,15,0,170,0,472,47,0,519,5,622,62,0,689,810,0,810,1499
07/13/2023,GFK,ND,AGL,CE,Towers with Radar,6,95,15,0,116,0,333,30,0,363,6,428,45,0,479,250,0,250,729
07/14/2023,GFK,ND,AGL,CE,Towers with Radar,4,104,10,0,118,0,366,25,0,391,4,470,35,0,509,126,0,126,635
07/15/2023,GFK,ND,AGL,CE,Towers with Radar,5,93,3,2,103,0,224,14,0,238,5,317,17,2,341,57,0,57,398
07/16/2023,GFK,ND,AGL,CE,Towers with Radar,4,1,3,0,8,0,0,8,0,8,4,1,11,0,16,18,0,18,34
07/17/2023,GFK,ND,AGL,CE,Towers with Radar,6,175,23,0,204,0,428,28,1,457,6,603,51,1,661,666,0,666,1327
07/18/2023,GFK,ND,AGL,CE,Towers with Radar,5,122,14,2,143,0,228,10,0,238,5,350,24,2,381,560,0,560,941
07/19/2023,GFK,ND,AGL,CE,Towers with Radar,6,85,16,0,107,0,377,24,0,401,6,462,40,0,508,539,0,539,1047
07/20/2023,GFK,ND,AGL,CE,Towers with Radar,6,132,26,0,164,0,475,32,0,507,6,607,58,0,671,652,0,652,1323
07/21/2023,GFK,ND,AGL,CE,Towers with Radar,4,89,11,0,104,0,334,23,0,357,4,423,34,0,461,483,0,483,944
07/22/2023,GFK,ND,AGL,CE,Towers with Radar,5,65,11,0,81,0,276,30,0,306,5,341,41,0,387,410,0,410,797
07/23/2023,GFK,ND,AGL,CE,Towers with Radar,6,4,7,0,17,0,0,20,0,20,6,4,27,0,37,0,0,0,37
07/24/2023,GFK,ND,AGL,CE,Towers with Radar,4,110,13,0,127,0,305,28,0,333,4,415,41,0,460,769,0,769,1229
07/25/2023,GFK,ND,AGL,CE,Towers with Radar,5,67,12,0,84,0,291,33,0,324,5,358,45,0,408,651,0,651,1059
07/26/2023,GFK,ND,AGL,CE,Towers with Radar,5,97,14,0,116,0,349,20,2,371,5,446,34,2,487,722,0,722,1209
07/27/2023,GFK,ND,AGL,CE,Towers with Radar,7,79,22,2,110,0,392,21,0,413,7,471,43,2,523,836,0,836,1359
07/28/2023,GFK,ND,AGL,CE,Towers with Radar,4,127,15,0,146,0,99,16,0,115,4,226,31,0,261,426,0,426,687
07/29/2023,GFK,ND,AGL,CE,Towers with Radar,5,53,11,0,69,0,241,19,0,260,5,294,30,0,329,428,0,428,757
07/30/2023,GFK,ND,AGL,CE,Towers with Radar,6,4,4,0,14,0,0,20,0,20,6,4,24,0,34,60,0,60,94
07/31/2023,GFK,ND,AGL,CE,Towers with Radar,4,82,17,0,103,0,379,34,0,413,4,461,51,0,516,875,0,875,1391
08/01/2023,GFK,ND,AGL,CE,Towers with Radar,4,63,14,0,81,0,296,26,0,322,4,359,40,0,403,542,0,542,945
08/02/2023,GFK,ND,AGL,CE,Towers with Radar,4,81,17,0,102,0,362,34,0,396,4,443,51,0,498,531,0,531,1029
08/03/2023,GFK,ND,AGL,CE,Towers with Radar,6,96,19,1,122,0,365,33,1,399,6,461,52,2,521,532,0,532,1053
08/04/2023,GFK,ND,AGL,CE,Towers with Radar,4,91,16,0,111,0,201,23,0,224,4,292,39,0,335,554,0,554,889
08/05/2023,GFK,ND,AGL,CE,Towers with Radar,5,41,5,0,51,0,181,22,0,203,5,222,27,0,254,431,0,431,685
08/06/2023,GFK,ND,AGL,CE,Towers with Radar,6,7,9,0,22,0,0,24,0,24,6,7,33,0,46,14,0,14,60
08/07/2023,GFK,ND,AGL,CE,Towers with Radar,4,83,17,1,105,0,268,20,1,289,4,351,37,2,394,689,0,689,1083
08/08/2023,GFK,ND,AGL,CE,Towers with Radar,3,58,20,3,84,0,227,21,1,249,3,285,41,4,333,449,0,449,782
08/09/2023,GFK,ND,AGL,CE,Towers with Radar,4,85,20,0,109,0,391,46,0,437,4,476,66,0,546,730,0,730,1276
08/10/2023,GFK,ND,AGL,CE,Towers with Radar,6,58,17,3,84,0,242,26,0,268,6,300,43,3,352,464,0,464,816
08/11/2023,GFK,ND,AGL,CE,Towers with Radar,4,40,19,0,63,0,14,6,0,20,4,54,25,0,83,211,0,211,294
08/12/2023,GFK,ND,AGL,CE,Towers with Radar,5,56,12,0,73,0,57,10,0,67,5,113,22,0,140,314,0,314,454
08/13/2023,GFK,ND,AGL,CE,Towers with Radar,6,1,7,0,14,0,0,12,0,12,6,1,19,0,26,26,0,26,52
08/14/2023,GFK,ND,AGL,CE,Towers with Radar,4,83,18,0,105,0,329,22,0,351,4,412,40,0,456,540,0,540,996
08/15/2023,GFK,ND,AGL,CE,Towers with Radar,4,83,17,0,104,13,393,31,0,437,17,476,48,0,541,238,0,238,779
08/16/2023,GFK,ND,AGL,CE,Towers with Radar,4,6,11,0,21,0,2,5,0,7,4,8,16,0,28,4,0,4,32
08/17/2023,GFK,ND,AGL,CE,Towers with Radar,6,98,24,2,130,0,338,44,0,382,6,436,68,2,512,752,0,752,1264
08/18/2023,GFK,ND,AGL,CE,Towers with Radar,4,26,24,0,54,0,54,17,0,71,4,80,41,0,125,153,0,153,278
08/19/2023,GFK,ND,AGL,CE,Towers with Radar,5,52,9,0,66,0,191,22,0,213,5,243,31,0,279,233,0,233,512
08/20/2023,GFK,ND,AGL,CE,Towers with Radar,6,12,13,0,31,0,59,26,0,85,6,71,39,0,116,232,0,232,348
08/21/2023,GFK,ND,AGL,CE,Towers with Radar,5,27,15,0,47,0,294,17,0,311,5,321,32,0,358,369,0,369,727
08/22/2023,GFK,ND,AGL,CE,Towers with Radar,4,60,24,0,88,0,0,0,0,0,4,60,24,0,88,10,0,10,98
08/23/2023,GFK,ND,AGL,CE,Towers with Radar,4,84,14,0,102,0,28,9,0,37,4,112,23,0,139,399,0,399,538
08/24/2023,GFK,ND,AGL,CE,Towers with Radar,6,94,15,0,115,0,211,11,0,222,6,305,26,0,337,384,0,384,721
08/25/2023,GFK,ND,AGL,CE,Towers with Radar,4,101,13,0,118,0,469,16,0,485,4,570,29,0,603,543,0,543,1146
08/26/2023,GFK,ND,AGL,CE,Towers with Radar,5,115,6,0,126,11,326,23,0,360,16,441,29,0,486,442,0,442,928
08/27/2023,GFK,ND,AGL,CE,Towers with Radar,6,28,12,0,46,0,198,20,0,218,6,226,32,0,264,294,0,294,558
08/28/2023,GFK,ND,AGL,CE,Towers with Radar,4,155,22,0,181,0,565,37,0,602,4,720,59,0,783,659,0,659,1442
08/29/2023,GFK,ND,AGL,CE,Towers with Radar,4,158,34,0,196,0,309,15,0,324,4,467,49,0,520,756,0,756,1276
08/30/2023,GFK,ND,AGL,CE,Towers with Radar,4,131,20,0,155,0,475,28,0,503,4,606,48,0,658,554,0,554,1212
08/31/2023,GFK,ND,AGL,CE,Towers with Radar,6,49,16,0,71,0,120,8,0,128,6,169,24,0,199,235,0,235,434
01/01/2020,GFK,ND,AGL,CE,Towers with Radar,1,11,6,0,18,0,0,5,0,5,1,11,11,0,23,8,0,8,31
01/02/2020,GFK,ND,AGL,CE,Towers with Radar,2,14,7,0,23,0,0,1,0,1,2,14,8,0,24,0,0,0,24
01/03/2020,GFK,ND,AGL,CE,Towers with Radar,0,17,11,0,28,0,1,2,0,3,0,18,13,0,31,85,0,85,116
01/04/2020,GFK,ND,AGL,CE,Towers with Radar,2,53,6,0,61,0,71,9,0,80,2,124,15,0,141,240,0,240,381
01/05/2020,GFK,ND,AGL,CE,Towers with Radar,2,18,11,0,31,0,9,1,0,10,2,27,12,0,41,10,0,10,51
01/06/2020,GFK,ND,AGL,CE,Towers with Radar,2,68,14,0,84,0,81,12,0,93,2,149,26,0,177,287,0,287,464
01/07/2020,GFK,ND,AGL,CE,Towers with Radar,1,89,10,0,100,0,105,17,0,122,1,194,27,0,222,265,0,265,487
01/08/2020,GFK,ND,AGL,CE,Towers with Radar,5,74,14,0,93,0,91,16,0,107,5,165,30,0,200,222,0,222,422
01/09/2020,GFK,ND,AGL,CE,Towers with Radar,4,12,10,0,26,0,0,10,0,10,4,12,20,0,36,198,0,198,234
01/10/2020,GFK,ND,AGL,CE,Towers with Radar,1,139,11,4,155,0,201,19,0,220,1,340,30,4,375,287,0,287,662
01/11/2020,GFK,ND,AGL,CE,Towers with Radar,6,111,4,0,121,0,163,14,0,177,6,274,18,0,298,289,0,289,587
01/12/2020,GFK,ND,AGL,CE,Towers with Radar,1,59,4,0,64,0,90,9,0,99,1,149,13,0,163,207,0,207,370
01/13/2020,GFK,ND,AGL,CE,Towers with Radar,3,13,7,0,23,0,0,0,0,0,3,13,7,0,23,0,0,0,23
01/14/2020,GFK,ND,AGL,CE,Towers with Radar,2,120,10,0,132,0,204,14,0,218,2,324,24,0,350,472,0,472,822
01/15/2020,GFK,ND,AGL,CE,Towers with Radar,5,55,11,0,71,0,39,2,0,41,5,94,13,0,112,118,0,118,230
01/16/2020,GFK,ND,AGL,CE,Towers with Radar,5,145,13,0,163,0,380,2,0,382,5,525,15,0,545,568,0,568,1113
01/17/2020,GFK,ND,AGL,CE,Towers with Radar,1,5,5,0,11,0,10,0,0,10,1,15,5,0,21,0,0,0,21
01/18/2020,GFK,ND,AGL,CE,Towers with Radar,1,0,0,0,1,0,0,0,0,0,1,0,0,0,1,0,0,0,1
01/19/2020,GFK,ND,AGL,CE,Towers with Radar,4,5,4,0,13,0,1,1,0,2,4,6,5,0,15,0,0,0,15
01/20/2020,GFK,ND,AGL,CE,Towers with Radar,1,151,20,0,172,0,506,20,0,526,1,657,40,0,698,658,0,658,1356
01/21/2020,GFK,ND,AGL,CE,Towers with Radar,2,98,15,2,117,0,291,9,0,300,2,389,24,2,417,441,0,441,858
01/22/2020,GFK,ND,AGL,CE,Towers with Radar,2,62,12,0,76,0,351,15,0,366,2,413,27,0,442,428,0,428,870
01/23/2020,GFK,ND,AGL,CE,Towers with Radar,3,10,11,0,24,0,0,0,0,0,3,10,11,0,24,57,0,57,81
01/24/2020,GFK,ND,AGL,CE,Towers with Radar,1,12,12,0,25,0,6,6,0,12,1,18,18,0,37,795,0,795,832
01/25/2020,GFK,ND,AGL,CE,Towers with Radar,4,7,10,0,21,0,1,12,0,13,4,8,22,0,34,584,0,584,618
01/26/2020,GFK,ND,AGL,CE,Towers with Radar,3,12,7,0,22,0,0,0,0,0,3,12,7,0,22,0,0,0,22
01/27/2020,GFK,ND,AGL,CE,Towers with Radar,0,12,9,0,21,0,0,0,0,0,0,12,9,0,21,68,0,68,89
01/28/2020,GFK,ND,AGL,CE,Towers with Radar,1,11,12,0,24,0,0,0,0,0,1,11,12,0,24,28,0,28,52
01/29/2020,GFK,ND,AGL,CE,Towers with Radar,3,10,10,0,23,0,0,0,0,0,3,10,10,0,23,0,0,0,23
01/30/2020,GFK,ND,AGL,CE,Towers with Radar,6,13,20,0,39,0,0,0,0,0,6,13,20,0,39,0,0,0,39
01/31/2020,GFK,ND,AGL,CE,Towers with Radar,1,32,11,0,44,0,13,0,0,13,1,45,11,0,57,105,0,105,162
02/01/2020,GFK,ND,AGL,CE,Towers with Radar,4,147,18,0,169,0,497,47,0,544,4,644,65,0,713,659,0,659,1372
02/02/2020,GFK,ND,AGL,CE,Towers with Radar,3,25,5,0,33,0,19,5,0,24,3,44,10,0,57,397,0,397,454
02/03/2020,GFK,ND,AGL,CE,Towers with Radar,2,200,21,0,223,0,588,32,0,620,2,788,53,0,843,848,0,848,1691
02/04/2020,GFK,ND,AGL,CE,Towers with Radar,2,235,6,0,243,0,513,42,0,555,2,748,48,0,798,875,0,875,1673
02/05/2020,GFK,ND,AGL,CE,Towers with Radar,4,190,17,0,211,0,523,41,0,564,4,713,58,0,775,754,0,754,1529
02/06/2020,GFK,ND,AGL,CE,Towers with Radar,4,15,12,0,31,0,1,2,0,3,4,16,14,0,34,12,0,12,46
02/07/2020,GFK,ND,AGL,CE,Towers with Radar,2,180,8,0,190,0,545,41,0,586,2,725,49,0,776,783,0,783,1559
02/08/2020,GFK,ND,AGL,CE,Towers with Radar,4,8,4,0,16,0,1,14,0,15,4,9,18,0,31,844,0,844,875
02/09/2020,GFK,ND,AGL,CE,Towers with Radar,3,48,18,0,69,0,148,21,0,169,3,196,39,0,238,447,0,447,685
02/10/2020,GFK,ND,AGL,CE,Towers with Radar,1,47,7,0,55,0,146,16,0,162,1,193,23,0,217,764,0,764,981
02/11/2020,GFK,ND,AGL,CE,Towers with Radar,1,228,9,0,238,0,552,35,0,587,1,780,44,0,825,1020,0,1020,1845
02/12/2020,GFK,ND,AGL,CE,Towers with Radar,2,9,1,0,12,0,0,0,0,0,2,9,1,0,12,0,0,0,12
02/13/2020,GFK,ND,AGL,CE,Towers with Radar,5,212,11,2,230,0,437,25,0,462,5,649,36,2,692,738,0,738,1430
02/14/2020,GFK,ND,AGL,CE,Towers with Radar,2,78,12,0,92,0,122,5,0,127,2,200,17,0,219,210,0,210,429
02/15/2020,GFK,ND,AGL,CE,Towers with Radar,6,141,9,0,156,0,331,25,0,356,6,472,34,0,512,780,0,780,1292
02/16/2020,GFK,ND,AGL,CE,Towers with Radar,5,54,9,0,68,0,160,17,0,177,5,214,26,0,245,406,0,406,651
02/17/2020,GFK,ND,AGL,CE,Towers with Radar,1,19,11,0,31,0,45,24,0,69,1,64,35,0,100,778,0,778,878
02/18/2020,GFK,ND,AGL,CE,Towers with Radar,4,187,15,0,206,0,248,22,1,271,4,435,37,1,477,738,0,738,1215
02/19/2020,GFK,ND,AGL,CE,Towers with Radar,4,245,20,0,269,0,552,41,0,593,4,797,61,0,862,798,0,798,1660
02/20/2020,GFK,ND,AGL,CE,Towers with Radar,6,213,21,0,240,0,479,26,0,505,6,692,47,0,745,791,0,791,1536
02/21/2020,GFK,ND,AGL,CE,Towers with Radar,2,223,13,3,241,0,512,32,3,547,2,735,45,6,788,845,0,845,1633
02/22/2020,GFK,ND,AGL,CE,Towers with Radar,7,184,6,0,197,0,430,33,0,463,7,614,39,0,660,919,0,919,1579
02/23/2020,GFK,ND,AGL,CE,Towers with Radar,5,64,11,0,80,0,86,17,0,103,5,150,28,0,183,22,0,22,205
02/24/2020,GFK,ND,AGL,CE,Towers with Radar,2,253,8,0,263,0,412,39,0,451,2,665,47,0,714,692,0,692,1406
02/25/2020,GFK,ND,AGL,CE,Towers with Radar,5,187,18,0,210,0,336,14,0,350,5,523,32,0,560,666,0,666,1226
02/26/2020,GFK,ND,AGL,CE,Towers with Radar,4,177,14,1,196,0,232,15,0,247,4,409,29,1,443,526,0,526,969
02/27/2020,GFK,ND,AGL,CE,Towers with Radar,8,102,23,1,134,0,123,14,0,137,8,225,37,1,271,532,0,532,803
02/28/2020,GFK,ND,AGL,CE,Towers with Radar,5,63,22,0,90,0,185,13,0,198,5,248,35,0,288,760,0,760,1048
02/29/2020,GFK,ND,AGL,CE,Towers with Radar,7,90,10,0,107,0,79,11,0,90,7,169,21,0,197,226,0,226,423
03/01/2020,GFK,ND,AGL,CE,Towers with Radar,7,22,13,0,42,0,21,5,1,27,7,43,18,1,69,92,0,92,161
03/02/2020,GFK,ND,AGL,CE,Towers with Radar,1,135,13,0,149,0,332,11,0,343,1,467,24,0,492,467,0,467,959
03/03/2020,GFK,ND,AGL,CE,Towers with Radar,6,21,11,1,39,0,69,14,0,83,6,90,25,1,122,388,0,388,510
03/04/2020,GFK,ND,AGL,CE,Towers with Radar,3,26,12,0,41,0,66,9,0,75,3,92,21,0,116,606,0,606,722
03/05/2020,GFK,ND,AGL,CE,Towers with Radar,7,201,22,0,230,0,231,14,0,245,7,432,36,0,475,372,0,372,847
03/06/2020,GFK,ND,AGL,CE,Towers with Radar,2,182,14,0,198,0,352,17,0,369,2,534,31,0,567,446,0,446,1013
03/07/2020,GFK,ND,AGL,CE,Towers with Radar,6,223,10,0,239,0,582,34,0,616,6,805,44,0,855,1051,0,1051,1906
03/08/2020,GFK,ND,AGL,CE,Towers with Radar,6,34,9,0,49,0,71,10,1,82,6,105,19,1,131,139,0,139,270
03/09/2020,GFK,ND,AGL,CE,Towers with Radar,2,238,14,0,254,0,345,25,1,371,2,583,39,1,625,851,0,851,1476
03/10/2020,GFK,ND,AGL,CE,Towers with Radar,3,228,9,0,240,0,473,33,0,506,3,701,42,0,746,942,0,942,1688
03/11/2020,GFK,ND,AGL,CE,Towers with Radar,3,229,29,4,265,0,483,35,0,518,3,712,64,4,783,841,0,841,1624
03/12/2020,GFK,ND,AGL,CE,Towers with Radar,5,90,12,0,107,0,119,4,0,123,5,209,16,0,230,219,0,219,449
03/13/2020,GFK,ND,AGL,CE,Towers with Radar,2,38,12,0,52,0,89,8,0,97,2,127,20,0,149,367,0,367,516
03/14/2020,GFK,ND,AGL,CE,Towers with Radar,5,131,14,0,150,0,379,29,0,408,5,510,43,0,558,1056,0,1056,1614
03/15/2020,GFK,ND,AGL,CE,Towers with Radar,5,24,2,0,31,0,31,6,0,37,5,55,8,0,68,350,0,350,418
03/16/2020,GFK,ND,AGL,CE,Towers with Radar,1,9,6,0,16,0,1,6,0,7,1,10,12,0,23,8,0,8,31
03/17/2020,GFK,ND,AGL,CE,Towers with Radar,4,13,19,0,36,0,1,24,0,25,4,14,43,0,61,6,0,6,67
03/18/2020,GFK,ND,AGL,CE,Towers with Radar,3,9,2,0,14,0,0,0,0,0,3,9,2,0,14,0,0,0,14
03/19/2020,GFK,ND,AGL,CE,Towers with Radar,3,9,3,0,15,0,0,0,0,0,3,9,3,0,15,0,0,0,15
03/20/2020,GFK,ND,AGL,CE,Towers with Radar,1,8,9,0,18,0,0,4,0,4,1,8,13,0,22,10,0,10,32
03/21/2020,GFK,ND,AGL,CE,Towers with Radar,5,6,6,0,17,0,0,6,0,6,5,6,12,0,23,14,0,14,37
03/22/2020,GFK,ND,AGL,CE,Towers with Radar,3,8,4,0,15,0,0,0,0,0,3,8,4,0,15,0,0,0,15
03/23/2020,GFK,ND,AGL,CE,Towers with Radar,1,9,7,0,17,0,0,13,0,13,1,9,20,0,30,16,0,16,46
03/24/2020,GFK,ND,AGL,CE,Towers with Radar,3,13,5,0,21,0,0,0,0,0,3,13,5,0,21,0,0,0,21
03/25/2020,GFK,ND,AGL,CE,Towers with Radar,1,4,12,0,17,0,0,0,0,0,1,4,12,0,17,8,0,8,25
03/26/2020,GFK,ND,AGL,CE,Towers with Radar,3,4,16,0,23,0,0,2,0,2,3,4,18,0,25,2,0,2,27
03/27/2020,GFK,ND,AGL,CE,Towers with Radar,0,8,17,0,25,0,0,6,0,6,0,8,23,0,31,0,0,0,31
03/28/2020,GFK,ND,AGL,CE,Towers with Radar,2,6,5,0,13,0,0,12,0,12,2,6,17,0,25,50,0,50,75
03/29/2020,GFK,ND,AGL,CE,Towers with Radar,0,6,9,0,15,0,0,15,0,15,0,6,24,0,30,26,0,26,56
03/30/2020,GFK,ND,AGL,CE,Towers with Radar,0,4,9,0,13,0,4,9,0,13,0,8,18,0,26,46,0,46,72
03/31/2020,GFK,ND,AGL,CE,Towers with Radar,0,4,12,0,16,0,5,18,0,23,0,9,30,0,39,6,0,6,45
04/01/2020,GFK,ND,AGL,CE,Towers with Radar,0,7,14,0,21,0,2,4,0,6,0,9,18,0,27,10,0,10,37
04/02/2020,GFK,ND,AGL,CE,Towers with Radar,0,2,0,0,2,0,0,0,0,0,0,2,0,0,2,0,0,0,2
04/03/2020,GFK,ND,AGL,CE,Towers with Radar,0,4,12,0,16,0,2,5,0,7,0,6,17,0,23,0,0,0,23
04/04/2020,GFK,ND,AGL,CE,Towers with Radar,1,4,8,0,13,0,0,18,0,18,1,4,26,0,31,14,0,14,45
04/05/2020,GFK,ND,AGL,CE,Towers with Radar,1,6,8,0,15,0,0,7,0,7,1,6,15,0,22,40,0,40,62
04/06/2020,GFK,ND,AGL,CE,Towers with Radar,0,4,1,0,5,0,0,4,0,4,0,4,5,0,9,0,0,0,9
04/07/2020,GFK,ND,AGL,CE,Towers with Radar,0,6,6,0,12,0,0,10,0,10,0,6,16,0,22,2,0,2,24
04/08/2020,GFK,ND,AGL,CE,Towers with Radar,0,6,2,0,8,0,2,3,2,7,0,8,5,2,15,0,0,0,15
04/09/2020,GFK,ND,AGL,CE,Towers with Radar,2,13,5,0,20,0,1,6,0,7,2,14,11,0,27,0,0,0,27
04/10/2020,GFK,ND,AGL,CE,Towers with Radar,0,12,7,0,19,0,0,18,0,18,0,12,25,0,37,21,0,21,58
04/11/2020,GFK,ND,AGL,CE,Towers with Radar,1,7,4,0,12,0,0,8,0,8,1,7,12,0,20,0,0,0,20
04/12/2020,GFK,ND,AGL,CE,Towers with Radar,0,2,0,0,2,0,0,4,0,4,0,2,4,0,6,4,0,4,10
04/13/2020,GFK,ND,AGL,CE,Towers with Radar,0,6,7,0,13,0,0,0,0,0,0,6,7,0,13,3,0,3,16
04/14/2020,GFK,ND,AGL,CE,Towers with Radar,0,2,4,1,7,0,1,6,1,8,0,3,10,2,15,0,0,0,15
04/15/2020,GFK,ND,AGL,CE,Towers with Radar,0,2,19,2,23,0,0,10,0,10,0,2,29,2,33,12,0,12,45
04/16/2020,GFK,ND,AGL,CE,Towers with Radar,0,3,7,0,10,0,0,21,0,21,0,3,28,0,31,36,0,36,67
04/17/2020,GFK,ND,AGL,CE,Towers with Radar,0,2,7,0,9,0,0,6,0,6,0,2,13,0,15,6,0,6,21
04/18/2020,GFK,ND,AGL,CE,Towers with Radar,0,3,7,0,10,0,0,8,0,8,0,3,15,0,18,10,0,10,28
04/19/2020,GFK,ND,AGL,CE,Towers with Radar,0,2,4,0,6,0,0,7,0,7,0,2,11,0,13,26,0,26,39
04/20/2020,GFK,ND,AGL,CE,Towers with Radar,0,4,4,0,8,0,0,2,0,2,0,4,6,0,10,6,0,6,16
04/21/2020,GFK,ND,AGL,CE,Towers with Radar,0,2,2,0,4,0,0,2,0,2,0,2,4,0,6,6,0,6,12
04/22/2020,GFK,ND,AGL,CE,Towers with Radar,0,7,8,1,16,0,9,14,3,26,0,16,22,4,42,12,0,12,54
04/23/2020,GFK,ND,AGL,CE,Towers with Radar,0,10,17,3,30,0,0,7,2,9,0,10,24,5,39,0,0,0,39
04/24/2020,GFK,ND,AGL,CE,Towers with Radar,0,5,27,0,32,0,0,14,0,14,0,5,41,0,46,8,0,8,54
04/25/2020,GFK,ND,AGL,CE,Towers with Radar,0,5,13,0,18,0,0,7,0,7,0,5,20,0,25,8,0,8,33
04/26/2020,GFK,ND,AGL,CE,Towers with Radar,0,2,3,0,5,0,0,10,0,10,0,2,13,0,15,2,0,2,17
04/27/2020,GFK,ND,AGL,CE,Towers with Radar,0,6,4,0,10,0,0,17,1,18,0,6,21,1,28,18,0,18,46
04/28/2020,GFK,ND,AGL,CE,Towers with Radar,0,5,7,0,12,0,0,4,0,4,0,5,11,0,16,8,0,8,24
04/29/2020,GFK,ND,AGL,CE,Towers with Radar,0,4,12,2,18,0,0,18,0,18,0,4,30,2,36,8,0,8,44
04/30/2020,GFK,ND,AGL,CE,Towers with Radar,0,5,9,0,14,0,1,26,0,27,0,6,35,0,41,25,0,25,66
05/01/2020,GFK,ND,AGL,CE,Towers with Radar,1,5,1,0,7,0,0,12,0,12,1,5,13,0,19,16,0,16,35
05/02/2020,GFK,ND,AGL,CE,Towers with Radar,2,0,3,0,5,0,0,2,0,2,2,0,5,0,7,0,0,0,7
05/03/2020,GFK,ND,AGL,CE,Towers with Radar,2,0,0,0,2,0,0,8,0,8,2,0,8,0,10,8,0,8,18
05/04/2020,GFK,ND,AGL,CE,Towers with Radar,2,0,2,0,4,0,0,5,0,5,2,0,7,0,9,4,0,4,13
05/05/2020,GFK,ND,AGL,CE,Towers with Radar,2,0,4,0,6,0,0,1,0,1,2,0,5,0,7,0,0,0,7
05/06/2020,GFK,ND,AGL,CE,Towers with Radar,2,0,9,2,13,0,0,10,0,10,2,0,19,2,23,6,0,6,29
05/07/2020,GFK,ND,AGL,CE,Towers with Radar,2,0,9,0,11,0,0,19,0,19,2,0,28,0,30,8,0,8,38
05/08/2020,GFK,ND,AGL,CE,Towers with Radar,2,0,12,0,14,0,0,14,0,14,2,0,26,0,28,8,0,8,36
05/09/2020,GFK,ND,AGL,CE,Towers with Radar,2,3,0,0,5,0,0,0,0,0,2,3,0,0,5,0,0,0,5
05/10/2020,GFK,ND,AGL,CE,Towers with Radar,2,1,1,0,4,0,0,1,0,1,2,1,2,0,5,0,0,0,5
05/11/2020,GFK,ND,AGL,CE,Towers with Radar,2,0,1,0,3,0,0,11,0,11,2,0,12,0,14,4,0,4,18
05/12/2020,GFK,ND,AGL,CE,Towers with Radar,0,0,7,0,7,0,0,12,0,12,0,0,19,0,19,42,0,42,61
05/13/2020,GFK,ND,AGL,CE,Towers with Radar,2,2,3,0,7,0,0,0,0,0,2,2,3,0,7,0,0,0,7
05/14/2020,GFK,ND,AGL,CE,Towers with Radar,4,0,10,0,14,0,0,0,0,0,4,0,10,0,14,0,0,0,14
05/15/2020,GFK,ND,AGL,CE,Towers with Radar,2,0,9,0,11,0,0,20,0,20,2,0,29,0,31,4,0,4,35
05/16/2020,GFK,ND,AGL,CE,Towers with Radar,0,0,4,0,4,0,0,12,2,14,0,0,16,2,18,8,0,8,26
05/17/2020,GFK,ND,AGL,CE,Towers with Radar,4,0,0,0,4,0,0,10,0,10,4,0,10,0,14,7,0,7,21
05/18/2020,GFK,ND,AGL,CE,Towers with Radar,2,1,4,0,7,0,0,9,2,11,2,1,13,2,18,0,0,0,18
05/19/2020,GFK,ND,AGL,CE,Towers with Radar,0,4,9,1,14,0,0,20,0,20,0,4,29,1,34,22,0,22,56
05/20/2020,GFK,ND,AGL,CE,Towers with Radar,2,2,10,0,14,0,0,5,0,5,2,2,15,0,19,2,0,2,21
05/21/2020,GFK,ND,AGL,CE,Towers with Radar,4,1,10,1,16,0,0,0,0,0,4,1,10,1,16,0,0,0,16
05/22/2020,GFK,ND,AGL,CE,Towers with Radar,2,0,6,0,8,0,0,10,0,10,2,0,16,0,18,22,0,22,40
05/23/2020,GFK,ND,AGL,CE,Towers with Radar,0,0,1,0,1,0,0,4,0,4,0,0,5,0,5,23,0,23,28
05/24/2020,GFK,ND,AGL,CE,Towers with Radar,4,0,10,0,14,0,0,11,0,11,4,0,21,0,25,4,0,4,29
05/25/2020,GFK,ND,AGL,CE,Towers with Radar,2,0,0,0,2,0,0,8,0,8,2,0,8,0,10,4,0,4,14
05/26/2020,GFK,ND,AGL,CE,Towers with Radar,2,0,10,0,12,0,7,10,0,17,2,7,20,0,29,86,0,86,115
05/27/2020,GFK,ND,AGL,CE,Towers with Radar,0,1,4,0,5,0,23,15,0,38,0,24,19,0,43,76,0,76,119
05/28/2020,GFK,ND,AGL,CE,Towers with Radar,4,2,11,0,17,0,3,7,1,11,4,5,18,1,28,18,0,18,46
05/29/2020,GFK,ND,AGL,CE,Towers with Radar,2,3,5,0,10,0,32,8,0,40,2,35,13,0,50,189,0,189,239
05/30/2020,GFK,ND,AGL,CE,Towers with Radar,2,1,3,0,6,0,6,17,0,23,2,7,20,0,29,44,0,44,73
05/31/2020,GFK,ND,AGL,CE,Towers with Radar,4,2,2,0,8,0,6,15,0,21,4,8,17,0,29,8,0,8,37
06/01/2020,GFK,ND,AGL,CE,Towers with Radar,3,4,5,0,12,0,47,20,0,67,3,51,25,0,79,183,0,183,262
06/02/2020,GFK,ND,AGL,CE,Towers with Radar,1,6,9,2,18,0,47,14,3,64,1,53,23,5,82,129,0,129,211
06/03/2020,GFK,ND,AGL,CE,Towers with Radar,1,14,11,0,26,0,69,26,0,95,1,83,37,0,121,216,0,216,337
06/04/2020,GFK,ND,AGL,CE,Towers with Radar,3,12,15,0,30,0,70,21,0,91,3,82,36,0,121,386,0,386,507
06/05/2020,GFK,ND,AGL,CE,Towers with Radar,1,14,23,0,38,0,62,28,0,90,1,76,51,0,128,230,0,230,358
06/06/2020,GFK,ND,AGL,CE,Towers with Radar,1,8,1,0,10,0,34,16,0,50,1,42,17,0,60,104,0,104,164
06/07/2020,GFK,ND,AGL,CE,Towers with Radar,3,2,4,0,9,0,4,2,0,6,3,6,6,0,15,0,0,0,15
06/08/2020,GFK,ND,AGL,CE,Towers with Radar,1,25,6,0,32,0,72,35,0,107,1,97,41,0,139,270,0,270,409
06/09/2020,GFK,ND,AGL,CE,Towers with Radar,1,52,10,0,63,0,30,1,0,31,1,82,11,0,94,562,0,562,656
06/10/2020,GFK,ND,AGL,CE,Towers with Radar,1,51,22,0,74,0,154,34,0,188,1,205,56,0,262,445,0,445,707
06/11/2020,GFK,ND,AGL,CE,Towers with Radar,3,50,15,0,68,0,188,21,0,209,3,238,36,0,277,676,0,676,953
06/12/2020,GFK,ND,AGL,CE,Towers with Radar,1,57,18,0,76,0,227,30,0,257,1,284,48,0,333,432,0,432,765
06/13/2020,GFK,ND,AGL,CE,Towers with Radar,1,37,7,0,45,0,130,3,0,133,1,167,10,0,178,196,0,196,374
06/14/2020,GFK,ND,AGL,CE,Towers with Radar,4,0,2,0,6,0,0,4,0,4,4,0,6,0,10,0,0,0,10
06/15/2020,GFK,ND,AGL,CE,Towers with Radar,1,49,10,0,60,0,117,17,0,134,1,166,27,0,194,340,0,340,534
06/16/2020,GFK,ND,AGL,CE,Towers with Radar,1,15,5,0,21,0,124,14,0,138,1,139,19,0,159,200,0,200,359
06/17/2020,GFK,ND,AGL,CE,Towers with Radar,1,3,11,0,15,0,29,5,0,34,1,32,16,0,49,20,0,20,69
06/18/2020,GFK,ND,AGL,CE,Towers with Radar,3,111,6,1,121,0,230,22,0,252,3,341,28,1,373,913,0,913,1286
06/19/2020,GFK,ND,AGL,CE,Towers with Radar,1,92,5,0,98,0,257,31,0,288,1,349,36,0,386,684,0,684,1070
06/20/2020,GFK,ND,AGL,CE,Towers with Radar,2,2,1,0,5,0,0,4,0,4,2,2,5,0,9,0,0,0,9
06/21/2020,GFK,ND,AGL,CE,Towers with Radar,3,29,4,1,37,0,76,11,0,87,3,105,15,1,124,305,0,305,429
06/22/2020,GFK,ND,AGL,CE,Towers with Radar,1,101,17,0,119,0,270,31,0,301,1,371,48,0,420,852,0,852,1272
06/23/2020,GFK,ND,AGL,CE,Towers with Radar,1,90,10,0,101,0,315,32,0,347,1,405,42,0,448,700,0,700,1148
06/24/2020,GFK,ND,AGL,CE,Towers with Radar,1,86,23,0,110,0,298,33,0,331,1,384,56,0,441,682,0,682,1123
06/25/2020,GFK,ND,AGL,CE,Towers with Radar,3,14,4,0,21,0,90,10,0,100,3,104,14,0,121,344,0,344,465
06/26/2020,GFK,ND,AGL,CE,Towers with Radar,1,102,10,0,113,0,293,33,0,326,1,395,43,0,439,533,0,533,972
06/27/2020,GFK,ND,AGL,CE,Towers with Radar,1,79,8,0,88,0,156,32,0,188,1,235,40,0,276,401,0,401,677
06/28/2020,GFK,ND,AGL,CE,Towers with Radar,3,11,8,0,22,0,19,3,0,22,3,30,11,0,44,69,0,69,113
06/29/2020,GFK,ND,AGL,CE,Towers with Radar,1,131,16,0,148,0,271,31,0,302,1,402,47,0,450,962,0,962,1412
06/30/2020,GFK,ND,AGL,CE,Towers with Radar,1,81,12,0,94,0,51,7,0,58,1,132,19,0,152,714,0,714,866
07/01/2020,GFK,ND,AGL,CE,Towers with Radar,2,108,30,0,140,0,188,14,0,202,2,296,44,0,342,774,0,774,1116
07/02/2020,GFK,ND,AGL,CE,Towers with Radar,3,99,20,0,122,0,288,19,0,307,3,387,39,0,429,541,0,541,970
07/03/2020,GFK,ND,AGL,CE,Towers with Radar,1,1,8,0,10,0,0,19,0,19,1,1,27,0,29,54,0,54,83
07/04/2020,GFK,ND,AGL,CE,Towers with Radar,2,0,0,0,2,0,0,4,0,4,2,0,4,0,6,0,0,0,6
07/05/2020,GFK,ND,AGL,CE,Towers with Radar,3,1,2,0,6,0,1,16,0,17,3,2,18,0,23,13,0,13,36
07/06/2020,GFK,ND,AGL,CE,Towers with Radar,1,73,9,0,83,0,212,19,0,231,1,285,28,0,314,693,0,693,1007
07/07/2020,GFK,ND,AGL,CE,Towers with Radar,1,110,9,0,120,0,317,27,0,344,1,427,36,0,464,927,0,927,1391
07/08/2020,GFK,ND,AGL,CE,Towers with Radar,1,131,17,0,149,0,309,21,0,330,1,440,38,0,479,997,0,997,1476
07/09/2020,GFK,ND,AGL,CE,Towers with Radar,3,89,12,0,104,0,180,21,0,201,3,269,33,0,305,584,0,584,889
07/10/2020,GFK,ND,AGL,CE,Towers with Radar,5,125,20,0,150,0,291,29,0,320,5,416,49,0,470,953,0,953,1423
07/11/2020,GFK,ND,AGL,CE,Towers with Radar,5,84,9,0,98,0,136,9,0,145,5,220,18,0,243,661,0,661,904
07/12/2020,GFK,ND,AGL,CE,Towers with Radar,7,24,10,0,41,0,71,17,0,88,7,95,27,0,129,374,0,374,503
07/13/2020,GFK,ND,AGL,CE,Towers with Radar,5,65,8,0,78,0,114,5,0,119,5,179,13,0,197,358,0,358,555
07/14/2020,GFK,ND,AGL,CE,Towers with Radar,5,149,15,0,169,0,354,29,0,383,5,503,44,0,552,542,0,542,1094
07/15/2020,GFK,ND,AGL,CE,Towers with Radar,5,128,23,2,158,0,307,26,0,333,5,435,49,2,491,758,0,758,1249
07/16/2020,GFK,ND,AGL,CE,Towers with Radar,7,148,22,0,177,0,308,36,0,344,7,456,58,0,521,610,0,610,1131
07/17/2020,GFK,ND,AGL,CE,Towers with Radar,5,78,19,0,102,0,195,22,1,218,5,273,41,1,320,579,0,579,899
07/18/2020,GFK,ND,AGL,CE,Towers with Radar,5,105,2,0,112,0,170,18,0,188,5,275,20,0,300,708,0,708,1008
07/19/2020,GFK,ND,AGL,CE,Towers with Radar,6,20,13,0,39,0,42,15,0,57,6,62,28,0,96,58,0,58,154
07/20/2020,GFK,ND,AGL,CE,Towers with Radar,5,109,36,0,150,0,218,31,0,249,5,327,67,0,399,737,0,737,1136
07/21/2020,GFK,ND,AGL,CE,Towers with Radar,4,162,20,0,186,1,96,15,0,112,5,258,35,0,298,383,0,383,681
07/22/2020,GFK,ND,AGL,CE,Towers with Radar,5,154,11,0,170,0,445,32,0,477,5,599,43,0,647,947,0,947,1594
07/23/2020,GFK,ND,AGL,CE,Towers with Radar,7,110,20,0,137,0,291,16,0,307,7,401,36,0,444,456,0,456,900
07/24/2020,GFK,ND,AGL,CE,Towers with Radar,5,116,9,0,130,0,190,11,0,201,5,306,20,0,331,464,0,464,795
07/25/2020,GFK,ND,AGL,CE,Towers with Radar,3,82,9,0,94,0,125,8,0,133,3,207,17,0,227,421,0,421,648
07/26/2020,GFK,ND,AGL,CE,Towers with Radar,6,20,7,0,33,0,74,25,0,99,6,94,32,0,132,201,0,201,333
07/27/2020,GFK,ND,AGL,CE,Towers with Radar,5,155,15,0,175,0,315,30,0,345,5,470,45,0,520,735,0,735,1255
07/28/2020,GFK,ND,AGL,CE,Towers with Radar,5,179,19,0,203,0,323,25,0,348,5,502,44,0,551,767,0,767,1318
07/29/2020,GFK,ND,AGL,CE,Towers with Radar,5,171,21,0,197,0,359,31,0,390,5,530,52,0,587,1032,0,1032,1619
07/30/2020,GFK,ND,AGL,CE,Towers with Radar,7,166,20,0,193,0,306,33,0,339,7,472,53,0,532,940,0,940,1472
07/31/2020,GFK,ND,AGL,CE,Towers with Radar,5,58,11,0,74,0,151,15,0,166,5,209,26,0,240,532,0,532,772
08/01/2020,GFK,ND,AGL,CE,Towers with Radar,5,113,13,0,131,0,157,18,0,175,5,270,31,0,306,372,0,372,678
08/02/2020,GFK,ND,AGL,CE,Towers with Radar,7,35,4,0,46,0,68,24,0,92,7,103,28,0,138,251,0,251,389
08/03/2020,GFK,ND,AGL,CE,Towers with Radar,6,169,15,0,190,0,352,27,0,379,6,521,42,0,569,971,0,971,1540
08/04/2020,GFK,ND,AGL,CE,Towers with Radar,5,188,13,0,206,0,324,50,0,374,5,512,63,0,580,995,0,995,1575
08/05/2020,GFK,ND,AGL,CE,Towers with Radar,5,141,16,0,162,0,273,43,2,318,5,414,59,2,480,818,0,818,1298
08/06/2020,GFK,ND,AGL,CE,Towers with Radar,7,174,12,0,193,0,309,34,0,343,7,483,46,0,536,852,0,852,1388
08/07/2020,GFK,ND,AGL,CE,Towers with Radar,4,81,7,2,94,0,24,5,0,29,4,105,12,2,123,174,0,174,297
08/08/2020,GFK,ND,AGL,CE,Towers with Radar,7,89,7,0,103,0,226,31,0,257,7,315,38,0,360,868,0,868,1228
08/09/2020,GFK,ND,AGL,CE,Towers with Radar,7,1,8,0,16,0,0,1,0,1,7,1,9,0,17,0,0,0,17
08/10/2020,GFK,ND,AGL,CE,Towers with Radar,5,147,8,0,160,0,277,27,0,304,5,424,35,0,464,684,0,684,1148
08/11/2020,GFK,ND,AGL,CE,Towers with Radar,5,159,17,0,181,0,341,26,0,367,5,500,43,0,548,934,0,934,1482
08/12/2020,GFK,ND,AGL,CE,Towers with Radar,5,144,13,1,163,0,304,30,0,334,5,448,43,1,497,685,0,685,1182
08/13/2020,GFK,ND,AGL,CE,Towers with Radar,7,106,16,0,129,0,53,7,0,60,7,159,23,0,189,506,0,506,695
08/14/2020,GFK,ND,AGL,CE,Towers with Radar,5,10,0,0,15,0,4,2,0,6,5,14,2,0,21,4,0,4,25
08/15/2020,GFK,ND,AGL,CE,Towers with Radar,5,115,6,1,127,0,287,21,1,309,5,402,27,2,436,685,0,685,1121
08/16/2020,GFK,ND,AGL,CE,Towers with Radar,6,41,12,0,59,0,102,13,0,115,6,143,25,0,174,437,0,437,611
08/17/2020,GFK,ND,AGL,CE,Towers with Radar,5,166,18,0,189,0,353,38,0,391,5,519,56,0,580,1076,0,1076,1656
08/18/2020,GFK,ND,AGL,CE,Towers with Radar,5,129,16,0,150,0,321,30,0,351,5,450,46,0,501,920,0,920,1421
08/19/2020,GFK,ND,AGL,CE,Towers with Radar,5,120,12,0,137,0,266,31,0,297,5,386,43,0,434,757,0,757,1191
08/20/2020,GFK,ND,AGL,CE,Towers with Radar,7,80,21,0,108,0,196,19,0,215,7,276,40,0,323,641,0,641,964
08/21/2020,GFK,ND,AGL,CE,Towers with Radar,5,69,22,2,98,0,86,13,0,99,5,155,35,2,197,412,0,412,609
08/22/2020,GFK,ND,AGL,CE,Towers with Radar,5,120,10,0,135,0,223,30,0,253,5,343,40,0,388,597,0,597,985
08/23/2020,GFK,ND,AGL,CE,Towers with Radar,7,19,1,0,27,0,38,19,0,57,7,57,20,0,84,172,0,172,256
08/24/2020,GFK,ND,AGL,CE,Towers with Radar,5,114,17,0,136,0,248,41,0,289,5,362,58,0,425,570,0,570,995
08/25/2020,GFK,ND,AGL,CE,Towers with Radar,5,99,20,0,124,0,211,21,0,232,5,310,41,0,356,621,0,621,977
08/26/2020,GFK,ND,AGL,CE,Towers with Radar,5,99,36,0,140,0,157,15,0,172,5,256,51,0,312,831,0,831,1143
08/27/2020,GFK,ND,AGL,CE,Towers with Radar,5,80,28,0,113,0,194,17,0,211,5,274,45,0,324,720,0,720,1044
08/28/2020,GFK,ND,AGL,CE,Towers with Radar,5,89,19,0,113,0,125,16,0,141,5,214,35,0,254,416,0,416,670
08/29/2020,GFK,ND,AGL,CE,Towers with Radar,4,83,22,0,109,0,288,29,0,317,4,371,51,0,426,669,0,669,1095
08/30/2020,GFK,ND,AGL,CE,Towers with Radar,6,2,3,0,11,0,10,3,0,13,6,12,6,0,24,24,0,24,48
08/31/2020,GFK,ND,AGL,CE,Towers with Radar,6,85,11,0,102,0,292,25,0,317,6,377,36,0,419,513,0,513,932
09/01/2020,GFK,ND,AGL,CE,Towers with Radar,6,20,23,0,49,0,122,13,0,135,6,142,36,0,184,332,0,332,516
09/02/2020,GFK,ND,AGL,CE,Towers with Radar,6,99,16,0,121,0,354,44,0,398,6,453,60,0,519,734,0,734,1253
09/03/2020,GFK,ND,AGL,CE,Towers with Radar,8,61,14,0,83,0,96,10,0,106,8,157,24,0,189,184,0,184,373
09/04/2020,GFK,ND,AGL,CE,Towers with Radar,6,100,17,2,125,0,425,24,0,449,6,525,41,2,574,918,0,918,1492
09/05/2020,GFK,ND,AGL,CE,Towers with Radar,6,92,7,0,105,0,282,32,0,314,6,374,39,0,419,616,0,616,1035
09/06/2020,GFK,ND,AGL,CE,Towers with Radar,7,1,0,0,8,0,10,2,0,12,7,11,2,0,20,14,0,14,34
09/07/2020,GFK,ND,AGL,CE,Towers with Radar,6,91,11,0,108,0,234,24,0,258,6,325,35,0,366,871,0,871,1237
09/08/2020,GFK,ND,AGL,CE,Towers with Radar,6,71,17,1,95,0,217,34,0,251,6,288,51,1,346,1183,0,1183,1529
09/09/2020,GFK,ND,AGL,CE,Towers with Radar,6,128,20,0,154,0,401,37,0,438,6,529,57,0,592,910,0,910,1502
09/10/2020,GFK,ND,AGL,CE,Towers with Radar,8,117,19,0,144,0,397,57,0,454,8,514,76,0,598,812,0,812,1410
09/11/2020,GFK,ND,AGL,CE,Towers with Radar,6,120,11,0,137,0,408,31,0,439,6,528,42,0,576,852,0,852,1428
09/12/2020,GFK,ND,AGL,CE,Towers with Radar,6,117,5,0,128,0,181,28,0,209,6,298,33,0,337,672,0,672,1009
09/13/2020,GFK,ND,AGL,CE,Towers with Radar,8,30,18,2,58,0,77,13,0,90,8,107,31,2,148,336,0,336,484
09/14/2020,GFK,ND,AGL,CE,Towers with Radar,6,90,15,0,111,0,421,37,0,458,6,511,52,0,569,1021,0,1021,1590
09/15/2020,GFK,ND,AGL,CE,Towers with Radar,6,160,17,0,183,0,414,34,0,448,6,574,51,0,631,975,0,975,1606
09/16/2020,GFK,ND,AGL,CE,Towers with Radar,6,167,21,0,194,0,298,26,0,324,6,465,47,0,518,985,0,985,1503
09/17/2020,GFK,ND,AGL,CE,Towers with Radar,8,158,14,0,180,0,486,42,0,528,8,644,56,0,708,1052,0,1052,1760
09/18/2020,GFK,ND,AGL,CE,Towers with Radar,6,149,13,0,168,0,430,35,0,465,6,579,48,0,633,1051,0,1051,1684
09/19/2020,GFK,ND,AGL,CE,Towers with Radar,6,108,4,0,118,0,353,28,0,381,6,461,32,0,499,881,0,881,1380
09/20/2020,GFK,ND,AGL,CE,Towers with Radar,8,29,6,0,43,0,22,6,0,28,8,51,12,0,71,64,0,64,135
09/21/2020,GFK,ND,AGL,CE,Towers with Radar,6,72,16,0,94,0,175,11,0,186,6,247,27,0,280,411,0,411,691
09/22/2020,GFK,ND,AGL,CE,Towers with Radar,6,182,23,0,211,0,434,53,0,487,6,616,76,0,698,984,0,984,1682
09/23/2020,GFK,ND,AGL,CE,Towers with Radar,6,175,16,2,199,0,434,42,2,478,6,609,58,4,677,1065,0,1065,1742
09/24/2020,GFK,ND,AGL,CE,Towers with Radar,6,142,18,0,166,0,138,20,2,160,6,280,38,2,326,344,0,344,670
09/25/2020,GFK,ND,AGL,CE,Towers with Radar,6,126,14,0,146,0,427,39,0,466,6,553,53,0,612,1173,0,1173,1785
09/26/2020,GFK,ND,AGL,CE,Towers with Radar,6,95,11,0,112,0,246,22,0,268,6,341,33,0,380,780,0,780,1160
09/27/2020,GFK,ND,AGL,CE,Towers with Radar,6,22,16,0,44,0,23,6,0,29,6,45,22,0,73,87,0,87,160
09/28/2020,GFK,ND,AGL,CE,Towers with Radar,6,132,15,0,153,0,88,16,0,104,6,220,31,0,257,520,0,520,777
09/29/2020,GFK,ND,AGL,CE,Towers with Radar,6,158,19,0,183,0,400,29,0,429,6,558,48,0,612,998,0,998,1610
09/30/2020,GFK,ND,AGL,CE,Towers with Radar,6,152,15,0,173,0,254,7,0,261,6,406,22,0,434,561,0,561,995
10/01/2020,GFK,ND,AGL,CE,Towers with Radar,6,121,33,0,160,0,198,32,0,230,6,319,65,0,390,1234,0,1234,1624
10/02/2020,GFK,ND,AGL,CE,Towers with Radar,6,154,22,0,182,0,470,30,0,500,6,624,52,0,682,1075,0,1075,1757
10/03/2020,GFK,ND,AGL,CE,Towers with Radar,6,109,11,1,127,0,379,35,0,414,6,488,46,1,541,827,0,827,1368
10/04/2020,GFK,ND,AGL,CE,Towers with Radar,6,32,5,0,43,0,100,27,0,127,6,132,32,0,170,292,0,292,462
10/05/2020,GFK,ND,AGL,CE,Towers with Radar,6,147,18,0,171,0,357,22,0,379,6,504,40,0,550,770,0,770,1320
10/06/2020,GFK,ND,AGL,CE,Towers with Radar,5,132,25,0,162,0,239,24,0,263,5,371,49,0,425,433,0,433,858
10/07/2020,GFK,ND,AGL,CE,Towers with Radar,8,178,24,0,210,0,342,29,0,371,8,520,53,0,581,696,0,696,1277
10/08/2020,GFK,ND,AGL,CE,Towers with Radar,9,163,18,0,190,0,439,47,0,486,9,602,65,0,676,1068,0,1068,1744
10/09/2020,GFK,ND,AGL,CE,Towers with Radar,6,140,20,0,166,0,410,39,0,449,6,550,59,0,615,1156,0,1156,1771
10/10/2020,GFK,ND,AGL,CE,Towers with Radar,9,118,21,0,148,0,206,41,0,247,9,324,62,0,395,720,0,720,1115
10/11/2020,GFK,ND,AGL,CE,Towers with Radar,8,0,3,0,11,0,0,0,0,0,8,0,3,0,11,0,0,0,11
10/12/2020,GFK,ND,AGL,CE,Towers with Radar,7,144,18,2,171,0,353,47,0,400,7,497,65,2,571,1053,0,1053,1624
10/13/2020,GFK,ND,AGL,CE,Towers with Radar,6,64,23,4,97,0,142,15,0,157,6,206,38,4,254,530,0,530,784
10/14/2020,GFK,ND,AGL,CE,Towers with Radar,8,61,14,0,83,0,73,4,0,77,8,134,18,0,160,391,0,391,551
10/15/2020,GFK,ND,AGL,CE,Towers with Radar,8,136,21,0,165,0,314,27,0,341,8,450,48,0,506,952,0,952,1458
10/16/2020,GFK,ND,AGL,CE,Towers with Radar,7,144,8,0,159,0,443,28,0,471,7,587,36,0,630,1075,0,1075,1705
10/17/2020,GFK,ND,AGL,CE,Towers with Radar,9,98,9,0,116,0,181,12,0,193,9,279,21,0,309,519,0,519,828
10/18/2020,GFK,ND,AGL,CE,Towers with Radar,7,18,8,0,33,0,60,13,0,73,7,78,21,0,106,351,0,351,457
10/19/2020,GFK,ND,AGL,CE,Towers with Radar,6,153,19,0,178,0,417,38,0,455,6,570,57,0,633,1134,0,1134,1767
10/20/2020,GFK,ND,AGL,CE,Towers with Radar,8,6,3,0,17,0,0,2,0,2,8,6,5,0,19,114,0,114,133
10/21/2020,GFK,ND,AGL,CE,Towers with Radar,8,50,9,0,67,0,101,18,0,119,8,151,27,0,186,994,0,994,1180
10/22/2020,GFK,ND,AGL,CE,Towers with Radar,8,12,5,0,25,0,18,0,0,18,8,30,5,0,43,300,0,300,343
10/23/2020,GFK,ND,AGL,CE,Towers with Radar,6,132,11,0,149,0,408,26,0,434,6,540,37,0,583,858,0,858,1441
10/24/2020,GFK,ND,AGL,CE,Towers with Radar,8,100,14,0,122,0,288,34,0,322,8,388,48,0,444,985,0,985,1429
10/25/2020,GFK,ND,AGL,CE,Towers with Radar,8,13,14,0,35,0,78,9,0,87,8,91,23,0,122,289,0,289,411
10/26/2020,GFK,ND,AGL,CE,Towers with Radar,6,160,16,0,182,0,435,46,0,481,6,595,62,0,663,867,0,867,1530
10/27/2020,GFK,ND,AGL,CE,Towers with Radar,6,21,12,0,39,0,104,9,0,113,6,125,21,0,152,252,0,252,404
10/28/2020,GFK,ND,AGL,CE,Towers with Radar,8,25,20,0,53,0,62,14,0,76,8,87,34,0,129,486,0,486,615
10/29/2020,GFK,ND,AGL,CE,Towers with Radar,8,32,11,0,51,0,139,16,0,155,8,171,27,0,206,708,0,708,914
10/30/2020,GFK,ND,AGL,CE,Towers with Radar,7,34,11,0,52,0,46,8,0,54,7,80,19,0,106,129,0,129,235
10/31/2020,GFK,ND,AGL,CE,Towers with Radar,8,7,0,0,15,0,16,0,0,16,8,23,0,0,31,61,0,61,92
11/01/2020,GFK,ND,AGL,CE,Towers with Radar,10,40,9,0,59,0,145,33,0,178,10,185,42,0,237,452,0,452,689
11/02/2020,GFK,ND,AGL,CE,Towers with Radar,6,212,11,0,229,0,468,55,2,525,6,680,66,2,754,884,0,884,1638
11/03/2020,GFK,ND,AGL,CE,Towers with Radar,6,154,11,0,171,0,462,52,0,514,6,616,63,0,685,1067,0,1067,1752
11/04/2020,GFK,ND,AGL,CE,Towers with Radar,8,161,8,1,178,0,372,41,2,415,8,533,49,3,593,1122,0,1122,1715
11/05/2020,GFK,ND,AGL,CE,Towers with Radar,8,172,9,0,189,0,384,37,0,421,8,556,46,0,610,941,0,941,1551
11/06/2020,GFK,ND,AGL,CE,Towers with Radar,6,154,8,0,168,0,354,51,0,405,6,508,59,0,573,1022,0,1022,1595
11/07/2020,GFK,ND,AGL,CE,Towers with Radar,8,11,19,0,38,0,3,5,0,8,8,14,24,0,46,48,0,48,94
11/08/2020,GFK,ND,AGL,CE,Towers with Radar,6,3,3,0,12,0,0,1,0,1,6,3,4,0,13,0,0,0,13
11/09/2020,GFK,ND,AGL,CE,Towers with Radar,7,141,7,0,155,0,330,19,0,349,7,471,26,0,504,947,0,947,1451
11/10/2020,GFK,ND,AGL,CE,Towers with Radar,5,136,11,0,152,0,424,31,0,455,5,560,42,0,607,1008,0,1008,1615
11/11/2020,GFK,ND,AGL,CE,Towers with Radar,8,52,16,0,76,0,185,16,0,201,8,237,32,0,277,406,0,406,683
11/12/2020,GFK,ND,AGL,CE,Towers with Radar,5,16,15,0,36,0,28,7,0,35,5,44,22,0,71,543,0,543,614
11/13/2020,GFK,ND,AGL,CE,Towers with Radar,6,176,14,0,196,0,417,44,0,461,6,593,58,0,657,997,0,997,1654
11/14/2020,GFK,ND,AGL,CE,Towers with Radar,8,111,12,0,131,0,343,41,0,384,8,454,53,0,515,855,0,855,1370
11/15/2020,GFK,ND,AGL,CE,Towers with Radar,6,1,6,0,13,0,2,10,0,12,6,3,16,0,25,67,0,67,92
11/16/2020,GFK,ND,AGL,CE,Towers with Radar,8,130,17,0,155,0,276,33,0,309,8,406,50,0,464,846,0,846,1310
11/17/2020,GFK,ND,AGL,CE,Towers with Radar,6,129,13,0,148,0,253,28,0,281,6,382,41,0,429,1234,0,1234,1663
11/18/2020,GFK,ND,AGL,CE,Towers with Radar,6,157,14,0,177,0,367,30,0,397,6,524,44,0,574,986,0,986,1560
11/19/2020,GFK,ND,AGL,CE,Towers with Radar,9,2,10,0,21,0,0,6,0,6,9,2,16,0,27,151,0,151,178
11/20/2020,GFK,ND,AGL,CE,Towers with Radar,8,18,9,0,35,0,41,12,0,53,8,59,21,0,88,747,0,747,835
11/21/2020,GFK,ND,AGL,CE,Towers with Radar,10,126,3,0,139,0,384,19,0,403,10,510,22,0,542,835,0,835,1377
11/22/2020,GFK,ND,AGL,CE,Towers with Radar,8,10,3,0,21,0,47,7,0,54,8,57,10,0,75,224,0,224,299
11/23/2020,GFK,ND,AGL,CE,Towers with Radar,8,151,17,0,176,0,391,22,0,413,8,542,39,0,589,870,0,870,1459
11/24/2020,GFK,ND,AGL,CE,Towers with Radar,11,6,9,0,26,0,0,0,0,0,11,6,9,0,26,0,0,0,26
11/25/2020,GFK,ND,AGL,CE,Towers with Radar,9,11,14,0,34,0,5,4,0,9,9,16,18,0,43,3,0,3,46
11/26/2020,GFK,ND,AGL,CE,Towers with Radar,4,3,1,0,8,0,0,1,0,1,4,3,2,0,9,0,0,0,9
11/27/2020,GFK,ND,AGL,CE,Towers with Radar,6,58,15,0,79,0,120,18,0,138,6,178,33,0,217,359,0,359,576
11/28/2020,GFK,ND,AGL,CE,Towers with Radar,12,68,11,0,91,0,197,16,0,213,12,265,27,0,304,592,0,592,896
11/29/2020,GFK,ND,AGL,CE,Towers with Radar,8,14,6,0,28,0,28,5,0,33,8,42,11,0,61,335,0,335,396
11/30/2020,GFK,ND,AGL,CE,Towers with Radar,8,191,8,2,209,0,366,37,0,403,8,557,45,2,612,952,0,952,1564
12/01/2020,GFK,ND,AGL,CE,Towers with Radar,7,170,23,0,200,0,403,43,0,446,7,573,66,0,646,1092,0,1092,1738
12/02/2020,GFK,ND,AGL,CE,Towers with Radar,6,3,10,0,19,0,1,17,0,18,6,4,27,0,37,82,0,82,119
12/03/2020,GFK,ND,AGL,CE,Towers with Radar,5,201,14,0,220,0,438,34,0,472,5,639,48,0,692,1032,0,1032,1724
12/04/2020,GFK,ND,AGL,CE,Towers with Radar,6,152,9,0,167,0,421,31,0,452,6,573,40,0,619,980,0,980,1599
12/05/2020,GFK,ND,AGL,CE,Towers with Radar,8,91,8,0,107,0,307,24,0,331,8,398,32,0,438,819,0,819,1257
12/06/2020,GFK,ND,AGL,CE,Towers with Radar,6,37,7,0,50,0,197,14,0,211,6,234,21,0,261,455,0,455,716
12/07/2020,GFK,ND,AGL,CE,Towers with Radar,6,158,16,0,180,0,356,26,0,382,6,514,42,0,562,1071,0,1071,1633
12/08/2020,GFK,ND,AGL,CE,Towers with Radar,8,150,23,0,181,0,368,29,0,397,8,518,52,0,578,872,0,872,1450
12/09/2020,GFK,ND,AGL,CE,Towers with Radar,5,150,26,0,181,0,364,26,0,390,5,514,52,0,571,914,0,914,1485
12/10/2020,GFK,ND,AGL,CE,Towers with Radar,7,1,12,2,22,0,2,13,0,15,7,3,25,2,37,282,0,282,319
12/11/2020,GFK,ND,AGL,CE,Towers with Radar,6,5,9,0,20,0,0,0,0,0,6,5,9,0,20,0,0,0,20
12/12/2020,GFK,ND,AGL,CE,Towers with Radar,8,2,3,0,13,0,0,0,0,0,8,2,3,0,13,0,0,0,13
12/13/2020,GFK,ND,AGL,CE,Towers with Radar,6,1,7,0,14,0,0,2,0,2,6,1,9,0,16,6,0,6,22
12/14/2020,GFK,ND,AGL,CE,Towers with Radar,6,183,12,0,201,0,444,35,0,479,6,627,47,0,680,948,0,948,1628
12/15/2020,GFK,ND,AGL,CE,Towers with Radar,6,56,20,0,82,0,253,19,0,272,6,309,39,0,354,1051,0,1051,1405
12/16/2020,GFK,ND,AGL,CE,Towers with Radar,6,24,16,0,46,0,73,8,0,81,6,97,24,0,127,387,0,387,514
12/17/2020,GFK,ND,AGL,CE,Towers with Radar,6,4,18,0,28,0,0,7,0,7,6,4,25,0,35,14,0,14,49
12/18/2020,GFK,ND,AGL,CE,Towers with Radar,4,27,28,0,59,0,36,9,0,45,4,63,37,0,104,497,0,497,601
12/19/2020,GFK,ND,AGL,CE,Towers with Radar,9,68,22,0,99,0,151,18,0,169,9,219,40,0,268,376,0,376,644
12/20/2020,GFK,ND,AGL,CE,Towers with Radar,4,29,6,0,39,0,104,11,0,115,4,133,17,0,154,393,0,393,547
12/21/2020,GFK,ND,AGL,CE,Towers with Radar,4,8,17,0,29,0,30,14,0,44,4,38,31,0,73,248,0,248,321
12/22/2020,GFK,ND,AGL,CE,Towers with Radar,3,52,25,0,80,0,67,13,0,80,3,119,38,0,160,217,0,217,377
12/23/2020,GFK,ND,AGL,CE,Towers with Radar,8,3,1,0,12,0,0,0,0,0,8,3,1,0,12,0,0,0,12
12/24/2020,GFK,ND,AGL,CE,Towers with Radar,1,3,2,0,6,0,0,2,0,2,1,3,4,0,8,8,0,8,16
12/25/2020,GFK,ND,AGL,CE,Towers with Radar,2,2,1,0,5,0,0,6,0,6,2,2,7,0,11,6,0,6,17
12/26/2020,GFK,ND,AGL,CE,Towers with Radar,7,3,1,0,11,0,0,2,0,2,7,3,3,0,13,0,0,0,13
12/27/2020,GFK,ND,AGL,CE,Towers with Radar,4,4,4,0,12,0,0,0,0,0,4,4,4,0,12,0,0,0,12
12/28/2020,GFK,ND,AGL,CE,Towers with Radar,4,5,15,0,24,0,5,4,2,11,4,10,19,2,35,91,0,91,126
12/29/2020,GFK,ND,AGL,CE,Towers with Radar,5,16,6,0,27,0,11,6,0,17,5,27,12,0,44,50,0,50,94
12/30/2020,GFK,ND,AGL,CE,Towers with Radar,8,18,17,0,43,0,18,4,0,22,8,36,21,0,65,158,0,158,223
12/31/2020,GFK,ND,AGL,CE,Towers with Radar,3,42,19,0,64,0,58,12,0,70,3,100,31,0,134,171,0,171,305
01/01/2021,GFK,ND,AGL,CE,Towers with Radar,4,4,5,0,13,0,0,0,0,0,4,4,5,0,13,0,0,0,13
01/02/2021,GFK,ND,AGL,CE,Towers with Radar,11,2,3,0,16,0,0,2,0,2,11,2,5,0,18,0,0,0,18
01/03/2021,GFK,ND,AGL,CE,Towers with Radar,4,2,5,0,11,0,0,5,0,5,4,2,10,0,16,0,0,0,16
01/04/2021,GFK,ND,AGL,CE,Towers with Radar,4,44,5,0,53,0,77,22,0,99,4,121,27,0,152,202,0,202,354
01/05/2021,GFK,ND,AGL,CE,Towers with Radar,4,11,11,0,26,0,28,4,0,32,4,39,15,0,58,96,0,96,154
01/06/2021,GFK,ND,AGL,CE,Towers with Radar,8,60,6,1,75,0,116,20,0,136,8,176,26,1,211,534,0,534,745
01/07/2021,GFK,ND,AGL,CE,Towers with Radar,5,2,2,1,10,0,0,0,0,0,5,2,2,1,10,5,0,5,15
01/08/2021,GFK,ND,AGL,CE,Towers with Radar,6,2,1,0,9,0,0,0,0,0,6,2,1,0,9,0,0,0,9
01/09/2021,GFK,ND,AGL,CE,Towers with Radar,5,3,2,0,10,0,0,0,0,0,5,3,2,0,10,0,0,0,10
01/10/2021,GFK,ND,AGL,CE,Towers with Radar,6,13,5,0,24,0,41,16,0,57,6,54,21,0,81,262,0,262,343
01/11/2021,GFK,ND,AGL,CE,Towers with Radar,4,7,9,0,20,0,20,1,0,21,4,27,10,0,41,149,0,149,190
01/12/2021,GFK,ND,AGL,CE,Towers with Radar,5,163,11,0,179,0,289,50,0,339,5,452,61,0,518,1026,0,1026,1544
01/13/2021,GFK,ND,AGL,CE,Towers with Radar,7,133,23,1,164,0,377,31,1,409,7,510,54,2,573,777,0,777,1350
01/14/2021,GFK,ND,AGL,CE,Towers with Radar,4,6,6,0,16,0,0,2,0,2,4,6,8,0,18,58,0,58,76
01/15/2021,GFK,ND,AGL,CE,Towers with Radar,5,5,10,0,20,0,0,1,0,1,5,5,11,0,21,0,0,0,21
01/16/2021,GFK,ND,AGL,CE,Towers with Radar,5,75,12,0,92,0,189,34,0,223,5,264,46,0,315,892,0,892,1207
01/17/2021,GFK,ND,AGL,CE,Towers with Radar,4,6,7,0,17,0,0,0,0,0,4,6,7,0,17,52,0,52,69
01/18/2021,GFK,ND,AGL,CE,Towers with Radar,4,74,14,0,92,0,34,19,0,53,4,108,33,0,145,160,0,160,305
01/19/2021,GFK,ND,AGL,CE,Towers with Radar,5,133,13,0,151,0,152,10,0,162,5,285,23,0,313,416,0,416,729
01/20/2021,GFK,ND,AGL,CE,Towers with Radar,6,18,4,0,28,0,40,6,0,46,6,58,10,0,74,74,0,74,148
01/21/2021,GFK,ND,AGL,CE,Towers with Radar,7,145,10,0,162,0,141,16,0,157,7,286,26,0,319,631,0,631,950
01/22/2021,GFK,ND,AGL,CE,Towers with Radar,4,19,10,0,33,0,19,14,0,33,4,38,24,0,66,525,0,525,591
01/23/2021,GFK,ND,AGL,CE,Towers with Radar,6,50,3,0,59,0,294,27,0,321,6,344,30,0,380,626,0,626,1006
01/24/2021,GFK,ND,AGL,CE,Towers with Radar,6,68,15,0,89,0,263,18,0,281,6,331,33,0,370,539,0,539,909
01/25/2021,GFK,ND,AGL,CE,Towers with Radar,4,86,2,0,92,0,171,13,0,184,4,257,15,0,276,584,0,584,860
01/26/2021,GFK,ND,AGL,CE,Towers with Radar,4,176,16,0,196,0,251,15,0,266,4,427,31,0,462,432,0,432,894
01/27/2021,GFK,ND,AGL,CE,Towers with Radar,7,207,14,0,228,0,535,27,0,562,7,742,41,0,790,624,0,624,1414
01/28/2021,GFK,ND,AGL,CE,Towers with Radar,7,29,10,0,46,0,208,30,0,238,7,237,40,0,284,1084,0,1084,1368
01/29/2021,GFK,ND,AGL,CE,Towers with Radar,4,14,14,2,34,0,1,5,0,6,4,15,19,2,40,267,0,267,307
01/30/2021,GFK,ND,AGL,CE,Towers with Radar,6,2,0,0,8,0,0,0,0,0,6,2,0,0,8,0,0,0,8
01/31/2021,GFK,ND,AGL,CE,Towers with Radar,6,3,4,0,13,0,3,1,0,4,6,6,5,0,17,137,0,137,154
02/01/2021,GFK,ND,AGL,CE,Towers with Radar,4,4,6,0,14,0,0,7,0,7,4,4,13,0,21,28,0,28,49
02/02/2021,GFK,ND,AGL,CE,Towers with Radar,4,8,12,0,24,0,0,0,0,0,4,8,12,0,24,0,0,0,24
02/03/2021,GFK,ND,AGL,CE,Towers with Radar,8,2,6,1,17,0,0,0,0,0,8,2,6,1,17,0,0,0,17
02/04/2021,GFK,ND,AGL,CE,Towers with Radar,7,10,6,0,23,0,23,2,0,25,7,33,8,0,48,205,0,205,253
02/05/2021,GFK,ND,AGL,CE,Towers with Radar,3,32,13,0,48,0,144,14,0,158,3,176,27,0,206,420,0,420,626
02/06/2021,GFK,ND,AGL,CE,Towers with Radar,5,115,2,0,122,0,148,0,0,148,5,263,2,0,270,506,0,506,776
02/07/2021,GFK,ND,AGL,CE,Towers with Radar,4,81,8,0,93,0,229,14,0,243,4,310,22,0,336,602,0,602,938
02/08/2021,GFK,ND,AGL,CE,Towers with Radar,5,177,4,0,186,0,574,22,0,596,5,751,26,0,782,743,0,743,1525
02/09/2021,GFK,ND,AGL,CE,Towers with Radar,5,53,12,0,70,0,183,22,0,205,5,236,34,0,275,674,0,674,949
02/10/2021,GFK,ND,AGL,CE,Towers with Radar,4,137,6,0,147,0,464,35,0,499,4,601,41,0,646,1049,0,1049,1695
02/11/2021,GFK,ND,AGL,CE,Towers with Radar,8,136,14,0,158,0,464,24,0,488,8,600,38,0,646,842,0,842,1488
02/12/2021,GFK,ND,AGL,CE,Towers with Radar,4,113,22,0,139,0,408,20,0,428,4,521,42,0,567,925,0,925,1492
02/13/2021,GFK,ND,AGL,CE,Towers with Radar,6,13,2,0,21,0,30,0,0,30,6,43,2,0,51,62,0,62,113
02/14/2021,GFK,ND,AGL,CE,Towers with Radar,6,43,6,0,55,0,193,28,0,221,6,236,34,0,276,362,0,362,638
02/15/2021,GFK,ND,AGL,CE,Towers with Radar,4,261,14,0,279,0,481,29,0,510,4,742,43,0,789,799,0,799,1588
02/16/2021,GFK,ND,AGL,CE,Towers with Radar,6,238,9,0,253,0,473,22,0,495,6,711,31,0,748,948,0,948,1696
02/17/2021,GFK,ND,AGL,CE,Towers with Radar,4,72,8,0,84,0,333,30,0,363,4,405,38,0,447,800,0,800,1247
02/18/2021,GFK,ND,AGL,CE,Towers with Radar,8,150,19,0,177,0,242,25,0,267,8,392,44,0,444,1046,0,1046,1490
02/19/2021,GFK,ND,AGL,CE,Towers with Radar,5,203,19,0,227,0,580,41,0,621,5,783,60,0,848,922,0,922,1770
02/20/2021,GFK,ND,AGL,CE,Towers with Radar,7,166,14,0,187,0,395,33,0,428,7,561,47,0,615,767,0,767,1382
02/21/2021,GFK,ND,AGL,CE,Towers with Radar,8,56,9,0,73,0,159,30,0,189,8,215,39,0,262,398,0,398,660
02/22/2021,GFK,ND,AGL,CE,Towers with Radar,4,73,11,0,88,0,226,12,0,238,4,299,23,0,326,522,0,522,848
02/23/2021,GFK,ND,AGL,CE,Towers with Radar,7,43,9,0,59,0,179,18,0,197,7,222,27,0,256,641,0,641,897
02/24/2021,GFK,ND,AGL,CE,Towers with Radar,6,15,20,0,41,0,84,13,0,97,6,99,33,0,138,602,0,602,740
02/25/2021,GFK,ND,AGL,CE,Towers with Radar,6,205,21,4,236,0,427,42,0,469,6,632,63,4,705,288,0,288,993
02/26/2021,GFK,ND,AGL,CE,Towers with Radar,3,159,19,0,181,0,502,41,0,543,3,661,60,0,724,802,0,802,1526
02/27/2021,GFK,ND,AGL,CE,Towers with Radar,7,2,4,0,13,0,0,2,0,2,7,2,6,0,15,649,0,649,664
02/28/2021,GFK,ND,AGL,CE,Towers with Radar,6,48,17,0,71,0,200,23,0,223,6,248,40,0,294,465,0,465,759
03/01/2021,GFK,ND,AGL,CE,Towers with Radar,4,197,10,0,211,0,458,26,0,484,4,655,36,0,695,1160,0,1160,1855
03/02/2021,GFK,ND,AGL,CE,Towers with Radar,8,222,15,0,245,0,476,35,0,511,8,698,50,0,756,944,0,944,1700
03/03/2021,GFK,ND,AGL,CE,Towers with Radar,6,219,23,0,248,0,517,31,0,548,6,736,54,0,796,1141,0,1141,1937
03/04/2021,GFK,ND,AGL,CE,Towers with Radar,11,181,18,1,211,0,511,36,0,547,11,692,54,1,758,1149,0,1149,1907
03/05/2021,GFK,ND,AGL,CE,Towers with Radar,5,179,31,0,215,0,513,37,0,550,5,692,68,0,765,1089,0,1089,1854
03/06/2021,GFK,ND,AGL,CE,Towers with Radar,7,157,24,0,188,0,289,9,0,298,7,446,33,0,486,617,0,617,1103
03/07/2021,GFK,ND,AGL,CE,Towers with Radar,9,27,8,0,44,0,88,8,0,96,9,115,16,0,140,216,0,216,356
03/08/2021,GFK,ND,AGL,CE,Towers with Radar,6,196,20,0,222,0,479,26,0,505,6,675,46,0,727,1327,0,1327,2054
03/09/2021,GFK,ND,AGL,CE,Towers with Radar,7,100,12,0,119,0,236,7,0,243,7,336,19,0,362,486,0,486,848
03/10/2021,GFK,ND,AGL,CE,Towers with Radar,10,75,15,0,100,0,56,7,0,63,10,131,22,0,163,362,0,362,525
03/11/2021,GFK,ND,AGL,CE,Towers with Radar,9,69,8,0,86,0,145,19,0,164,9,214,27,0,250,752,0,752,1002
03/12/2021,GFK,ND,AGL,CE,Towers with Radar,7,151,19,0,177,0,470,50,0,520,7,621,69,0,697,841,0,841,1538
03/13/2021,GFK,ND,AGL,CE,Towers with Radar,10,119,7,0,136,0,329,30,0,359,10,448,37,0,495,1022,0,1022,1517
03/14/2021,GFK,ND,AGL,CE,Towers with Radar,8,39,4,0,51,0,76,21,0,97,8,115,25,0,148,302,0,302,450
03/15/2021,GFK,ND,AGL,CE,Towers with Radar,4,40,5,0,49,0,141,12,0,153,4,181,17,0,202,664,0,664,866
03/16/2021,GFK,ND,AGL,CE,Towers with Radar,7,9,14,0,30,0,13,15,0,28,7,22,29,0,58,765,0,765,823
03/17/2021,GFK,ND,AGL,CE,Towers with Radar,8,100,17,0,125,0,274,22,0,296,8,374,39,0,421,815,0,815,1236
03/18/2021,GFK,ND,AGL,CE,Towers with Radar,9,150,18,0,177,0,436,20,0,456,9,586,38,0,633,807,0,807,1440
03/19/2021,GFK,ND,AGL,CE,Towers with Radar,5,51,9,0,65,0,174,6,0,180,5,225,15,0,245,416,0,416,661
03/20/2021,GFK,ND,AGL,CE,Towers with Radar,7,20,1,0,28,0,68,7,0,75,7,88,8,0,103,117,0,117,220
03/21/2021,GFK,ND,AGL,CE,Towers with Radar,9,18,8,0,35,0,27,7,0,34,9,45,15,0,69,299,0,299,368
03/22/2021,GFK,ND,AGL,CE,Towers with Radar,5,160,15,0,180,0,587,36,0,623,5,747,51,0,803,1209,0,1209,2012
03/23/2021,GFK,ND,AGL,CE,Towers with Radar,7,157,11,0,175,0,487,31,0,518,7,644,42,0,693,911,0,911,1604
03/24/2021,GFK,ND,AGL,CE,Towers with Radar,8,144,15,0,167,0,382,14,0,396,8,526,29,0,563,909,0,909,1472
03/25/2021,GFK,ND,AGL,CE,Towers with Radar,10,139,16,0,165,0,492,18,0,510,10,631,34,0,675,1230,0,1230,1905
03/26/2021,GFK,ND,AGL,CE,Towers with Radar,5,4,5,2,16,0,5,6,0,11,5,9,11,2,27,745,0,745,772
03/27/2021,GFK,ND,AGL,CE,Towers with Radar,7,96,9,0,112,0,261,18,0,279,7,357,27,0,391,850,0,850,1241
03/28/2021,GFK,ND,AGL,CE,Towers with Radar,9,43,8,0,60,0,177,24,0,201,9,220,32,0,261,464,0,464,725
03/29/2021,GFK,ND,AGL,CE,Towers with Radar,5,19,2,0,26,0,33,3,0,36,5,52,5,0,62,95,0,95,157
03/30/2021,GFK,ND,AGL,CE,Towers with Radar,6,1,9,0,16,0,0,1,0,1,6,1,10,0,17,10,0,10,27
03/31/2021,GFK,ND,AGL,CE,Towers with Radar,5,183,29,0,217,0,552,44,0,596,5,735,73,0,813,1047,0,1047,1860
04/01/2021,GFK,ND,AGL,CE,Towers with Radar,9,53,16,0,78,0,213,17,0,230,9,266,33,0,308,552,0,552,860
04/02/2021,GFK,ND,AGL,CE,Towers with Radar,5,79,20,0,104,0,139,14,0,153,5,218,34,0,257,257,0,257,514
04/03/2021,GFK,ND,AGL,CE,Towers with Radar,7,87,12,0,106,0,304,41,0,345,7,391,53,0,451,686,0,686,1137
04/04/2021,GFK,ND,AGL,CE,Towers with Radar,10,0,10,0,20,0,0,15,0,15,10,0,25,0,35,26,0,26,61
04/05/2021,GFK,ND,AGL,CE,Towers with Radar,5,125,20,0,150,0,399,30,0,429,5,524,50,0,579,979,0,979,1558
04/06/2021,GFK,ND,AGL,CE,Towers with Radar,4,170,20,0,194,0,502,34,0,536,4,672,54,0,730,1005,0,1005,1735
04/07/2021,GFK,ND,AGL,CE,Towers with Radar,5,132,36,0,173,0,398,24,0,422,5,530,60,0,595,828,0,828,1423
04/08/2021,GFK,ND,AGL,CE,Towers with Radar,9,52,18,0,79,0,4,1,0,5,9,56,19,0,84,86,0,86,170
04/09/2021,GFK,ND,AGL,CE,Towers with Radar,5,24,10,0,39,0,33,6,0,39,5,57,16,0,78,171,0,171,249
04/10/2021,GFK,ND,AGL,CE,Towers with Radar,9,159,16,1,185,0,519,42,2,563,9,678,58,3,748,1021,0,1021,1769
04/11/2021,GFK,ND,AGL,CE,Towers with Radar,10,66,6,0,82,0,176,18,0,194,10,242,24,0,276,500,0,500,776
04/12/2021,GFK,ND,AGL,CE,Towers with Radar,4,1,4,0,9,0,0,0,0,0,4,1,4,0,9,0,0,0,9
04/13/2021,GFK,ND,AGL,CE,Towers with Radar,4,8,1,0,13,0,0,0,0,0,4,8,1,0,13,0,0,0,13
04/14/2021,GFK,ND,AGL,CE,Towers with Radar,5,5,7,1,18,0,0,2,0,2,5,5,9,1,20,94,0,94,114
04/15/2021,GFK,ND,AGL,CE,Towers with Radar,8,16,19,0,43,0,48,15,0,63,8,64,34,0,106,917,0,917,1023
04/16/2021,GFK,ND,AGL,CE,Towers with Radar,4,99,11,0,114,0,318,25,0,343,4,417,36,0,457,1196,0,1196,1653
04/17/2021,GFK,ND,AGL,CE,Towers with Radar,4,165,15,0,184,0,519,32,0,551,4,684,47,0,735,1032,0,1032,1767
04/18/2021,GFK,ND,AGL,CE,Towers with Radar,7,2,9,0,18,0,0,3,0,3,7,2,12,0,21,2,0,2,23
04/19/2021,GFK,ND,AGL,CE,Towers with Radar,4,138,13,0,155,0,365,20,0,385,4,503,33,0,540,706,0,706,1246
04/20/2021,GFK,ND,AGL,CE,Towers with Radar,7,114,9,0,130,0,327,28,0,355,7,441,37,0,485,1084,0,1084,1569
04/21/2021,GFK,ND,AGL,CE,Towers with Radar,6,144,24,0,174,0,431,30,0,461,6,575,54,0,635,854,0,854,1489
04/22/2021,GFK,ND,AGL,CE,Towers with Radar,10,177,23,0,210,0,454,30,0,484,10,631,53,0,694,1044,0,1044,1738
04/23/2021,GFK,ND,AGL,CE,Towers with Radar,5,29,13,0,47,0,23,9,0,32,5,52,22,0,79,508,0,508,587
04/24/2021,GFK,ND,AGL,CE,Towers with Radar,6,139,32,0,177,0,567,46,0,613,6,706,78,0,790,1129,0,1129,1919
04/25/2021,GFK,ND,AGL,CE,Towers with Radar,8,16,13,0,37,0,75,10,0,85,8,91,23,0,122,269,0,269,391
04/26/2021,GFK,ND,AGL,CE,Towers with Radar,4,75,13,0,92,0,230,14,0,244,4,305,27,0,336,1254,0,1254,1590
04/27/2021,GFK,ND,AGL,CE,Towers with Radar,4,219,24,0,247,0,593,35,0,628,4,812,59,0,875,1344,0,1344,2219
04/28/2021,GFK,ND,AGL,CE,Towers with Radar,4,146,29,0,179,0,423,48,0,471,4,569,77,0,650,1076,0,1076,1726
04/29/2021,GFK,ND,AGL,CE,Towers with Radar,8,77,25,0,110,0,327,11,0,338,8,404,36,0,448,847,0,847,1295
04/30/2021,GFK,ND,AGL,CE,Towers with Radar,6,147,19,0,172,0,425,11,0,436,6,572,30,0,608,941,0,941,1549
05/01/2021,GFK,ND,AGL,CE,Towers with Radar,4,96,10,0,110,0,394,32,0,426,4,490,42,0,536,950,0,950,1486
05/02/2021,GFK,ND,AGL,CE,Towers with Radar,8,54,2,0,64,0,89,29,0,118,8,143,31,0,182,239,0,239,421
05/03/2021,GFK,ND,AGL,CE,Towers with Radar,5,36,17,0,58,0,76,8,0,84,5,112,25,0,142,483,0,483,625
05/04/2021,GFK,ND,AGL,CE,Towers with Radar,4,165,14,1,184,0,549,42,0,591,4,714,56,1,775,1070,0,1070,1845
05/05/2021,GFK,ND,AGL,CE,Towers with Radar,4,134,31,0,169,0,438,24,0,462,4,572,55,0,631,1311,0,1311,1942
05/06/2021,GFK,ND,AGL,CE,Towers with Radar,6,85,18,0,109,0,304,12,1,317,6,389,30,1,426,656,0,656,1082
05/07/2021,GFK,ND,AGL,CE,Towers with Radar,4,123,16,0,143,0,498,44,0,542,4,621,60,0,685,1056,0,1056,1741
05/08/2021,GFK,ND,AGL,CE,Towers with Radar,2,95,5,0,102,0,366,23,0,389,2,461,28,0,491,923,0,923,1414
05/09/2021,GFK,ND,AGL,CE,Towers with Radar,6,27,9,0,42,0,63,12,0,75,6,90,21,0,117,226,0,226,343
05/10/2021,GFK,ND,AGL,CE,Towers with Radar,4,139,4,0,147,0,434,17,0,451,4,573,21,0,598,1101,0,1101,1699
05/11/2021,GFK,ND,AGL,CE,Towers with Radar,4,113,10,0,127,0,453,31,0,484,4,566,41,0,611,968,0,968,1579
05/12/2021,GFK,ND,AGL,CE,Towers with Radar,4,136,17,0,157,0,409,21,0,430,4,545,38,0,587,968,0,968,1555
05/13/2021,GFK,ND,AGL,CE,Towers with Radar,6,45,18,0,69,0,199,18,0,217,6,244,36,0,286,525,0,525,811
05/14/2021,GFK,ND,AGL,CE,Towers with Radar,4,70,11,0,85,0,259,20,0,279,4,329,31,0,364,1053,0,1053,1417
05/15/2021,GFK,ND,AGL,CE,Towers with Radar,2,77,7,0,86,0,195,22,0,217,2,272,29,0,303,654,0,654,957
05/16/2021,GFK,ND,AGL,CE,Towers with Radar,7,11,6,0,24,0,27,14,0,41,7,38,20,0,65,133,0,133,198
05/17/2021,GFK,ND,AGL,CE,Towers with Radar,4,133,6,0,143,0,400,26,0,426,4,533,32,0,569,987,0,987,1556
05/18/2021,GFK,ND,AGL,CE,Towers with Radar,4,74,9,0,87,0,173,11,0,184,4,247,20,0,271,388,0,388,659
05/19/2021,GFK,ND,AGL,CE,Towers with Radar,4,70,33,0,107,0,144,9,0,153,4,214,42,0,260,659,0,659,919
05/20/2021,GFK,ND,AGL,CE,Towers with Radar,6,106,16,0,128,0,0,0,0,0,6,106,16,0,128,0,0,0,128
05/21/2021,GFK,ND,AGL,CE,Towers with Radar,4,116,11,1,132,0,64,12,0,76,4,180,23,1,208,446,0,446,654
05/22/2021,GFK,ND,AGL,CE,Towers with Radar,4,90,6,0,100,0,0,4,0,4,4,90,10,0,104,0,0,0,104
05/23/2021,GFK,ND,AGL,CE,Towers with Radar,6,21,8,0,35,0,1,0,0,1,6,22,8,0,36,20,0,20,56
05/24/2021,GFK,ND,AGL,CE,Towers with Radar,5,112,12,0,129,0,359,21,0,380,5,471,33,0,509,952,0,952,1461
05/25/2021,GFK,ND,AGL,CE,Towers with Radar,4,23,13,0,40,0,105,8,0,113,4,128,21,0,153,287,0,287,440
05/26/2021,GFK,ND,AGL,CE,Towers with Radar,4,122,41,0,167,0,511,25,0,536,4,633,66,0,703,1363,0,1363,2066
05/27/2021,GFK,ND,AGL,CE,Towers with Radar,8,155,24,0,187,0,582,21,0,603,8,737,45,0,790,1276,0,1276,2066
05/28/2021,GFK,ND,AGL,CE,Towers with Radar,4,133,15,0,152,0,495,26,0,521,4,628,41,0,673,969,0,969,1642
05/29/2021,GFK,ND,AGL,CE,Towers with Radar,2,69,7,0,78,0,122,10,0,132,2,191,17,0,210,511,0,511,721
05/30/2021,GFK,ND,AGL,CE,Towers with Radar,4,15,12,0,31,0,72,19,0,91,4,87,31,0,122,325,0,325,447
05/31/2021,GFK,ND,AGL,CE,Towers with Radar,6,130,10,0,146,0,509,40,0,549,6,639,50,0,695,1116,0,1116,1811
06/01/2021,GFK,ND,AGL,CE,Towers with Radar,4,130,15,0,149,0,481,27,0,508,4,611,42,0,657,1246,0,1246,1903
06/02/2021,GFK,ND,AGL,CE,Towers with Radar,4,125,17,0,146,0,451,18,0,469,4,576,35,0,615,1073,0,1073,1688
06/03/2021,GFK,ND,AGL,CE,Towers with Radar,6,136,18,0,160,0,420,20,0,440,6,556,38,0,600,942,0,942,1542
06/04/2021,GFK,ND,AGL,CE,Towers with Radar,3,54,17,0,74,0,125,19,0,144,3,179,36,0,218,404,0,404,622
06/05/2021,GFK,ND,AGL,CE,Towers with Radar,4,91,7,0,102,0,263,5,4,272,4,354,12,4,374,868,0,868,1242
06/06/2021,GFK,ND,AGL,CE,Towers with Radar,6,26,5,0,37,0,54,11,0,65,6,80,16,0,102,193,0,193,295
06/07/2021,GFK,ND,AGL,CE,Towers with Radar,2,85,19,2,108,0,358,15,0,373,2,443,34,2,481,735,0,735,1216
06/08/2021,GFK,ND,AGL,CE,Towers with Radar,2,127,31,0,160,0,378,15,0,393,2,505,46,0,553,946,0,946,1499
06/09/2021,GFK,ND,AGL,CE,Towers with Radar,4,131,27,4,166,0,369,21,0,390,4,500,48,4,556,884,0,884,1440
06/10/2021,GFK,ND,AGL,CE,Towers with Radar,4,173,32,0,209,0,354,21,0,375,4,527,53,0,584,914,0,914,1498
06/11/2021,GFK,ND,AGL,CE,Towers with Radar,5,31,15,0,51,0,63,3,0,66,5,94,18,0,117,141,0,141,258
06/12/2021,GFK,ND,AGL,CE,Towers with Radar,4,132,1,0,137,0,394,24,0,418,4,526,25,0,555,996,0,996,1551
06/13/2021,GFK,ND,AGL,CE,Towers with Radar,4,29,6,0,39,0,88,16,0,104,4,117,22,0,143,144,0,144,287
06/14/2021,GFK,ND,AGL,CE,Towers with Radar,2,171,26,0,199,0,573,39,0,612,2,744,65,0,811,967,0,967,1778
06/15/2021,GFK,ND,AGL,CE,Towers with Radar,2,164,22,0,188,0,546,24,0,570,2,710,46,0,758,1173,0,1173,1931
06/16/2021,GFK,ND,AGL,CE,Towers with Radar,3,83,16,0,102,0,253,11,0,264,3,336,27,0,366,747,0,747,1113
06/17/2021,GFK,ND,AGL,CE,Towers with Radar,5,118,25,0,148,0,437,30,0,467,5,555,55,0,615,1002,0,1002,1617
06/18/2021,GFK,ND,AGL,CE,Towers with Radar,2,121,14,0,137,0,327,27,0,354,2,448,41,0,491,890,0,890,1381
06/19/2021,GFK,ND,AGL,CE,Towers with Radar,2,116,11,0,129,0,408,18,0,426,2,524,29,0,555,1062,0,1062,1617
06/20/2021,GFK,ND,AGL,CE,Towers with Radar,6,32,2,0,40,0,1,1,0,2,6,33,3,0,42,65,0,65,107
06/21/2021,GFK,ND,AGL,CE,Towers with Radar,4,155,27,0,186,0,452,24,0,476,4,607,51,0,662,968,0,968,1630
06/22/2021,GFK,ND,AGL,CE,Towers with Radar,2,152,22,0,176,0,524,36,1,561,2,676,58,1,737,1174,0,1174,1911
06/23/2021,GFK,ND,AGL,CE,Towers with Radar,3,61,21,0,85,0,220,10,0,230,3,281,31,0,315,325,0,325,640
06/24/2021,GFK,ND,AGL,CE,Towers with Radar,5,181,21,0,207,0,530,27,0,557,5,711,48,0,764,1229,0,1229,1993
06/25/2021,GFK,ND,AGL,CE,Towers with Radar,2,145,25,2,174,0,297,16,0,313,2,442,41,2,487,971,0,971,1458
06/26/2021,GFK,ND,AGL,CE,Towers with Radar,3,105,3,0,111,0,154,26,0,180,3,259,29,0,291,818,0,818,1109
06/27/2021,GFK,ND,AGL,CE,Towers with Radar,5,23,5,0,33,0,45,24,0,69,5,68,29,0,102,153,0,153,255
06/28/2021,GFK,ND,AGL,CE,Towers with Radar,2,179,43,0,224,0,353,24,0,377,2,532,67,0,601,1248,0,1248,1849
06/29/2021,GFK,ND,AGL,CE,Towers with Radar,4,144,17,0,165,0,543,23,0,566,4,687,40,0,731,1133,0,1133,1864
06/30/2021,GFK,ND,AGL,CE,Towers with Radar,3,141,29,2,175,0,503,39,0,542,3,644,68,2,717,1093,0,1093,1810
07/01/2021,GFK,ND,AGL,CE,Towers with Radar,5,112,22,0,139,0,378,44,0,422,5,490,66,0,561,1042,0,1042,1603
07/02/2021,GFK,ND,AGL,CE,Towers with Radar,3,48,11,0,62,0,88,18,0,106,3,136,29,0,168,439,0,439,607
07/03/2021,GFK,ND,AGL,CE,Towers with Radar,4,4,2,0,10,0,0,19,0,19,4,4,21,0,29,6,0,6,35
07/04/2021,GFK,ND,AGL,CE,Towers with Radar,4,4,1,0,9,0,0,23,0,23,4,4,24,0,32,15,0,15,47
07/05/2021,GFK,ND,AGL,CE,Towers with Radar,3,7,3,0,13,0,0,30,0,30,3,7,33,0,43,12,0,12,55
07/06/2021,GFK,ND,AGL,CE,Towers with Radar,2,139,13,0,154,0,38,1,0,39,2,177,14,0,193,304,0,304,497
07/07/2021,GFK,ND,AGL,CE,Towers with Radar,5,168,26,0,199,0,408,39,2,449,5,576,65,2,648,950,0,950,1598
07/08/2021,GFK,ND,AGL,CE,Towers with Radar,5,140,26,0,171,0,479,25,0,504,5,619,51,0,675,1326,0,1326,2001
07/09/2021,GFK,ND,AGL,CE,Towers with Radar,2,145,9,2,158,0,431,38,0,469,2,576,47,2,627,940,0,940,1567
07/10/2021,GFK,ND,AGL,CE,Towers with Radar,4,111,10,0,125,0,328,37,0,365,4,439,47,0,490,776,0,776,1266
07/11/2021,GFK,ND,AGL,CE,Towers with Radar,6,2,11,0,19,0,1,22,0,23,6,3,33,0,42,17,0,17,59
07/12/2021,GFK,ND,AGL,CE,Towers with Radar,2,118,12,0,132,0,282,21,0,303,2,400,33,0,435,711,0,711,1146
07/13/2021,GFK,ND,AGL,CE,Towers with Radar,3,143,21,0,167,0,389,20,0,409,3,532,41,0,576,1208,0,1208,1784
07/14/2021,GFK,ND,AGL,CE,Towers with Radar,5,99,35,1,140,0,149,16,0,165,5,248,51,1,305,648,0,648,953
07/15/2021,GFK,ND,AGL,CE,Towers with Radar,5,93,12,1,111,0,178,13,0,191,5,271,25,1,302,468,0,468,770
07/16/2021,GFK,ND,AGL,CE,Towers with Radar,3,112,12,0,127,0,362,23,0,385,3,474,35,0,512,765,0,765,1277
07/17/2021,GFK,ND,AGL,CE,Towers with Radar,2,121,14,0,137,0,276,28,0,304,2,397,42,0,441,882,0,882,1323
07/18/2021,GFK,ND,AGL,CE,Towers with Radar,4,8,9,0,21,0,0,21,0,21,4,8,30,0,42,8,0,8,50
07/19/2021,GFK,ND,AGL,CE,Towers with Radar,3,21,9,0,33,0,95,11,0,106,3,116,20,0,139,479,0,479,618
07/20/2021,GFK,ND,AGL,CE,Towers with Radar,2,122,25,0,149,0,19,6,0,25,2,141,31,0,174,160,0,160,334
07/21/2021,GFK,ND,AGL,CE,Towers with Radar,3,112,11,0,126,0,174,11,0,185,3,286,22,0,311,440,0,440,751
07/22/2021,GFK,ND,AGL,CE,Towers with Radar,2,147,33,0,182,0,524,40,0,564,2,671,73,0,746,1282,0,1282,2028
07/23/2021,GFK,ND,AGL,CE,Towers with Radar,5,101,10,0,116,0,299,28,0,327,5,400,38,0,443,881,0,881,1324
07/24/2021,GFK,ND,AGL,CE,Towers with Radar,5,84,10,0,99,0,190,30,0,220,5,274,40,0,319,645,0,645,964
07/25/2021,GFK,ND,AGL,CE,Towers with Radar,6,2,6,0,14,0,1,21,0,22,6,3,27,0,36,10,0,10,46
07/26/2021,GFK,ND,AGL,CE,Towers with Radar,2,140,15,0,157,0,406,31,0,437,2,546,46,0,594,1009,0,1009,1603
07/27/2021,GFK,ND,AGL,CE,Towers with Radar,2,132,32,0,166,0,414,26,0,440,2,546,58,0,606,915,0,915,1521
07/28/2021,GFK,ND,AGL,CE,Towers with Radar,4,153,23,0,180,0,177,7,0,184,4,330,30,0,364,899,0,899,1263
07/29/2021,GFK,ND,AGL,CE,Towers with Radar,6,121,20,0,147,0,177,13,0,190,6,298,33,0,337,831,0,831,1168
07/30/2021,GFK,ND,AGL,CE,Towers with Radar,2,104,14,1,121,0,77,5,0,82,2,181,19,1,203,276,0,276,479
07/31/2021,GFK,ND,AGL,CE,Towers with Radar,4,77,12,0,93,0,81,13,0,94,4,158,25,0,187,302,0,302,489
08/01/2021,GFK,ND,AGL,CE,Towers with Radar,8,1,9,0,18,0,2,22,1,25,8,3,31,1,43,10,0,10,53
08/02/2021,GFK,ND,AGL,CE,Towers with Radar,3,109,17,0,129,0,243,11,2,256,3,352,28,2,385,580,0,580,965
08/03/2021,GFK,ND,AGL,CE,Towers with Radar,1,127,24,1,153,0,244,9,0,253,1,371,33,1,406,826,0,826,1232
08/04/2021,GFK,ND,AGL,CE,Towers with Radar,2,118,28,0,148,0,335,24,0,359,2,453,52,0,507,852,0,852,1359
08/05/2021,GFK,ND,AGL,CE,Towers with Radar,4,134,34,3,175,0,4,3,2,9,4,138,37,5,184,14,0,14,198
08/06/2021,GFK,ND,AGL,CE,Towers with Radar,3,83,17,0,103,0,141,24,0,165,3,224,41,0,268,678,0,678,946
08/07/2021,GFK,ND,AGL,CE,Towers with Radar,2,71,19,0,92,0,181,17,0,198,2,252,36,0,290,466,0,466,756
08/08/2021,GFK,ND,AGL,CE,Towers with Radar,5,6,14,0,25,0,0,18,0,18,5,6,32,0,43,8,0,8,51
08/09/2021,GFK,ND,AGL,CE,Towers with Radar,2,105,11,0,118,0,205,23,0,228,2,310,34,0,346,793,0,793,1139
08/10/2021,GFK,ND,AGL,CE,Towers with Radar,2,125,21,0,148,0,325,30,0,355,2,450,51,0,503,763,0,763,1266
08/11/2021,GFK,ND,AGL,CE,Towers with Radar,2,94,21,0,117,0,215,23,0,238,2,309,44,0,355,594,0,594,949
08/12/2021,GFK,ND,AGL,CE,Towers with Radar,4,73,10,0,87,0,143,19,0,162,4,216,29,0,249,451,0,451,700
08/13/2021,GFK,ND,AGL,CE,Towers with Radar,3,151,13,0,167,0,368,23,0,391,3,519,36,0,558,895,0,895,1453
08/14/2021,GFK,ND,AGL,CE,Towers with Radar,3,81,8,0,92,0,223,18,0,241,3,304,26,0,333,702,0,702,1035
08/15/2021,GFK,ND,AGL,CE,Towers with Radar,5,5,10,0,20,0,0,10,0,10,5,5,20,0,30,8,0,8,38
08/16/2021,GFK,ND,AGL,CE,Towers with Radar,4,65,2,0,71,0,158,17,2,177,4,223,19,2,248,683,0,683,931
08/17/2021,GFK,ND,AGL,CE,Towers with Radar,2,104,11,0,117,0,356,27,0,383,2,460,38,0,500,1013,0,1013,1513
08/18/2021,GFK,ND,AGL,CE,Towers with Radar,2,94,18,0,114,0,196,23,0,219,2,290,41,0,333,769,0,769,1102
08/19/2021,GFK,ND,AGL,CE,Towers with Radar,4,65,8,0,77,0,120,15,0,135,4,185,23,0,212,554,0,554,766
08/20/2021,GFK,ND,AGL,CE,Towers with Radar,2,4,4,0,10,0,0,2,0,2,2,4,6,0,12,10,0,10,22
08/21/2021,GFK,ND,AGL,CE,Towers with Radar,2,59,14,0,75,0,92,18,0,110,2,151,32,0,185,508,0,508,693
08/22/2021,GFK,ND,AGL,CE,Towers with Radar,4,11,1,0,16,0,8,6,0,14,4,19,7,0,30,21,0,21,51
08/23/2021,GFK,ND,AGL,CE,Towers with Radar,2,109,16,0,127,0,279,46,0,325,2,388,62,0,452,1091,0,1091,1543
08/24/2021,GFK,ND,AGL,CE,Towers with Radar,2,76,23,0,101,0,217,29,0,246,2,293,52,0,347,795,0,795,1142
08/25/2021,GFK,ND,AGL,CE,Towers with Radar,3,105,29,0,137,0,329,42,0,371,3,434,71,0,508,1068,0,1068,1576
08/26/2021,GFK,ND,AGL,CE,Towers with Radar,5,120,17,0,142,0,310,16,0,326,5,430,33,0,468,748,0,748,1216
08/27/2021,GFK,ND,AGL,CE,Towers with Radar,1,73,7,1,82,0,0,0,0,0,1,73,7,1,82,12,0,12,94
08/28/2021,GFK,ND,AGL,CE,Towers with Radar,2,54,11,1,68,0,42,7,0,49,2,96,18,1,117,432,0,432,549
08/29/2021,GFK,ND,AGL,CE,Towers with Radar,4,62,13,0,79,0,170,24,0,194,4,232,37,0,273,283,0,283,556
08/30/2021,GFK,ND,AGL,CE,Towers with Radar,2,160,19,0,181,0,622,39,0,661,2,782,58,0,842,985,0,985,1827
08/31/2021,GFK,ND,AGL,CE,Towers with Radar,2,157,20,0,179,0,571,43,0,614,2,728,63,0,793,882,0,882,1675
09/01/2021,GFK,ND,AGL,CE,Towers with Radar,2,135,10,0,147,0,495,29,0,524,2,630,39,0,671,710,0,710,1381
09/02/2021,GFK,ND,AGL,CE,Towers with Radar,6,133,16,0,155,0,0,0,0,0,6,133,16,0,155,14,0,14,169
09/03/2021,GFK,ND,AGL,CE,Towers with Radar,4,169,11,0,184,0,267,27,0,294,4,436,38,0,478,686,0,686,1164
09/04/2021,GFK,ND,AGL,CE,Towers with Radar,5,99,10,0,114,0,422,44,0,466,5,521,54,0,580,772,0,772,1352
09/05/2021,GFK,ND,AGL,CE,Towers with Radar,6,47,10,0,63,0,152,23,0,175,6,199,33,0,238,404,0,404,642
09/06/2021,GFK,ND,AGL,CE,Towers with Radar,2,141,4,0,147,0,423,26,0,449,2,564,30,0,596,757,0,757,1353
09/07/2021,GFK,ND,AGL,CE,Towers with Radar,2,121,8,0,131,0,396,21,0,417,2,517,29,0,548,745,0,745,1293
09/08/2021,GFK,ND,AGL,CE,Towers with Radar,4,178,24,0,206,0,536,42,0,578,4,714,66,0,784,1097,0,1097,1881
09/09/2021,GFK,ND,AGL,CE,Towers with Radar,6,140,11,0,157,0,562,66,0,628,6,702,77,0,785,632,0,632,1417
09/10/2021,GFK,ND,AGL,CE,Towers with Radar,3,169,14,0,186,0,512,49,0,561,3,681,63,0,747,973,0,973,1720
09/11/2021,GFK,ND,AGL,CE,Towers with Radar,4,136,14,1,155,0,394,39,0,433,4,530,53,1,588,977,0,977,1565
09/12/2021,GFK,ND,AGL,CE,Towers with Radar,6,27,7,0,40,0,123,26,0,149,6,150,33,0,189,303,0,303,492
09/13/2021,GFK,ND,AGL,CE,Towers with Radar,2,133,11,0,146,0,234,9,0,243,2,367,20,0,389,825,0,825,1214
09/14/2021,GFK,ND,AGL,CE,Towers with Radar,2,184,17,0,203,0,485,62,0,547,2,669,79,0,750,1002,0,1002,1752
09/15/2021,GFK,ND,AGL,CE,Towers with Radar,2,137,11,0,150,0,353,31,0,384,2,490,42,0,534,615,0,615,1149
09/16/2021,GFK,ND,AGL,CE,Towers with Radar,4,215,21,0,240,0,419,44,0,463,4,634,65,0,703,1035,0,1035,1738
09/17/2021,GFK,ND,AGL,CE,Towers with Radar,3,177,13,0,193,0,381,38,0,419,3,558,51,0,612,711,0,711,1323
09/18/2021,GFK,ND,AGL,CE,Towers with Radar,0,89,5,0,94,0,190,12,0,202,0,279,17,0,296,316,0,316,612
09/19/2021,GFK,ND,AGL,CE,Towers with Radar,4,48,8,0,60,0,81,10,0,91,4,129,18,0,151,262,0,262,413
09/20/2021,GFK,ND,AGL,CE,Towers with Radar,2,192,16,0,210,0,151,26,0,177,2,343,42,0,387,682,0,682,1069
09/21/2021,GFK,ND,AGL,CE,Towers with Radar,2,172,10,0,184,0,476,48,0,524,2,648,58,0,708,964,0,964,1672
09/22/2021,GFK,ND,AGL,CE,Towers with Radar,2,189,16,0,207,0,460,33,0,493,2,649,49,0,700,888,0,888,1588
09/23/2021,GFK,ND,AGL,CE,Towers with Radar,4,170,14,0,188,0,442,31,0,473,4,612,45,0,661,859,0,859,1520
09/24/2021,GFK,ND,AGL,CE,Towers with Radar,3,185,8,0,196,0,359,22,0,381,3,544,30,0,577,669,0,669,1246
09/25/2021,GFK,ND,AGL,CE,Towers with Radar,2,143,9,0,154,0,388,29,0,417,2,531,38,0,571,970,0,970,1541
09/26/2021,GFK,ND,AGL,CE,Towers with Radar,4,40,10,0,54,0,141,30,0,171,4,181,40,0,225,336,0,336,561
09/27/2021,GFK,ND,AGL,CE,Towers with Radar,2,203,8,0,213,0,446,22,0,468,2,649,30,0,681,920,0,920,1601
09/28/2021,GFK,ND,AGL,CE,Towers with Radar,2,176,13,0,191,0,416,20,0,436,2,592,33,0,627,869,0,869,1496
09/29/2021,GFK,ND,AGL,CE,Towers with Radar,3,180,16,0,199,0,461,34,2,497,3,641,50,2,696,1016,0,1016,1712
09/30/2021,GFK,ND,AGL,CE,Towers with Radar,4,193,31,0,228,0,440,37,0,477,4,633,68,0,705,849,0,849,1554
10/01/2021,GFK,ND,AGL,CE,Towers with Radar,3,140,20,0,163,0,373,33,0,406,3,513,53,0,569,878,0,878,1447
10/02/2021,GFK,ND,AGL,CE,Towers with Radar,3,113,19,0,135,0,316,14,0,330,3,429,33,0,465,912,0,912,1377
10/03/2021,GFK,ND,AGL,CE,Towers with Radar,5,46,3,0,54,0,94,25,0,119,5,140,28,0,173,288,0,288,461
10/04/2021,GFK,ND,AGL,CE,Towers with Radar,3,169,18,0,190,0,441,25,0,466,3,610,43,0,656,1048,0,1048,1704
10/05/2021,GFK,ND,AGL,CE,Towers with Radar,3,143,10,0,156,0,416,26,0,442,3,559,36,0,598,990,0,990,1588
10/06/2021,GFK,ND,AGL,CE,Towers with Radar,5,183,14,0,202,0,327,25,0,352,5,510,39,0,554,825,0,825,1379
10/07/2021,GFK,ND,AGL,CE,Towers with Radar,4,158,14,0,176,0,372,13,0,385,4,530,27,0,561,1046,0,1046,1607
10/08/2021,GFK,ND,AGL,CE,Towers with Radar,2,77,20,0,99,0,28,7,0,35,2,105,27,0,134,370,0,370,504
10/09/2021,GFK,ND,AGL,CE,Towers with Radar,4,28,6,0,38,0,0,0,0,0,4,28,6,0,38,0,0,0,38
10/10/2021,GFK,ND,AGL,CE,Towers with Radar,4,51,10,0,65,0,0,0,0,0,4,51,10,0,65,0,0,0,65
10/11/2021,GFK,ND,AGL,CE,Towers with Radar,3,200,7,0,210,0,505,49,0,554,3,705,56,0,764,1092,0,1092,1856
10/12/2021,GFK,ND,AGL,CE,Towers with Radar,4,158,19,0,181,0,502,58,0,560,4,660,77,0,741,995,0,995,1736
10/13/2021,GFK,ND,AGL,CE,Towers with Radar,5,63,6,0,74,0,9,2,0,11,5,72,8,0,85,125,0,125,210
10/14/2021,GFK,ND,AGL,CE,Towers with Radar,6,98,11,0,115,0,2,6,0,8,6,100,17,0,123,404,0,404,527
10/15/2021,GFK,ND,AGL,CE,Towers with Radar,4,84,14,0,102,0,120,25,0,145,4,204,39,0,247,1166,0,1166,1413
10/16/2021,GFK,ND,AGL,CE,Towers with Radar,7,116,7,0,130,0,440,50,0,490,7,556,57,0,620,840,0,840,1460
10/17/2021,GFK,ND,AGL,CE,Towers with Radar,5,52,13,0,70,0,141,38,0,179,5,193,51,0,249,198,0,198,447
10/18/2021,GFK,ND,AGL,CE,Towers with Radar,5,173,10,2,190,0,472,42,0,514,5,645,52,2,704,826,0,826,1530
10/19/2021,GFK,ND,AGL,CE,Towers with Radar,3,10,19,0,32,0,0,4,0,4,3,10,23,0,36,14,0,14,50
10/20/2021,GFK,ND,AGL,CE,Towers with Radar,7,5,9,0,21,0,0,12,0,12,7,5,21,0,33,27,0,27,60
10/21/2021,GFK,ND,AGL,CE,Towers with Radar,4,115,21,2,142,0,336,60,0,396,4,451,81,2,538,951,0,951,1489
10/22/2021,GFK,ND,AGL,CE,Towers with Radar,3,119,15,0,137,0,352,36,0,388,3,471,51,0,525,797,0,797,1322
10/23/2021,GFK,ND,AGL,CE,Towers with Radar,9,54,6,0,69,0,169,29,0,198,9,223,35,0,267,693,0,693,960
10/24/2021,GFK,ND,AGL,CE,Towers with Radar,7,29,9,0,45,0,92,21,0,113,7,121,30,0,158,304,0,304,462
10/25/2021,GFK,ND,AGL,CE,Towers with Radar,4,200,5,2,211,0,405,27,0,432,4,605,32,2,643,940,0,940,1583
10/26/2021,GFK,ND,AGL,CE,Towers with Radar,4,25,8,0,37,0,13,2,0,15,4,38,10,0,52,63,0,63,115
10/27/2021,GFK,ND,AGL,CE,Towers with Radar,13,51,18,0,82,0,0,0,0,0,13,51,18,0,82,0,0,0,82
10/28/2021,GFK,ND,AGL,CE,Towers with Radar,18,189,18,0,225,0,330,32,0,362,18,519,50,0,587,1113,0,1113,1700
10/29/2021,GFK,ND,AGL,CE,Towers with Radar,7,173,13,0,193,0,474,45,0,519,7,647,58,0,712,980,0,980,1692
10/30/2021,GFK,ND,AGL,CE,Towers with Radar,7,32,3,0,42,0,38,12,0,50,7,70,15,0,92,292,0,292,384
10/31/2021,GFK,ND,AGL,CE,Towers with Radar,22,35,7,0,64,0,110,8,0,118,22,145,15,0,182,248,0,248,430
11/01/2021,GFK,ND,AGL,CE,Towers with Radar,6,65,22,0,93,0,331,31,0,362,6,396,53,0,455,961,0,961,1416
11/02/2021,GFK,ND,AGL,CE,Towers with Radar,3,184,35,0,222,0,461,47,0,508,3,645,82,0,730,1009,0,1009,1739
11/03/2021,GFK,ND,AGL,CE,Towers with Radar,5,192,18,0,215,0,475,39,0,514,5,667,57,0,729,1038,0,1038,1767
11/04/2021,GFK,ND,AGL,CE,Towers with Radar,2,184,15,0,201,0,445,45,0,490,2,629,60,0,691,785,0,785,1476
11/05/2021,GFK,ND,AGL,CE,Towers with Radar,1,128,21,0,150,0,37,3,0,40,1,165,24,0,190,338,0,338,528
11/06/2021,GFK,ND,AGL,CE,Towers with Radar,6,117,17,0,140,0,389,31,0,420,6,506,48,0,560,742,0,742,1302
11/07/2021,GFK,ND,AGL,CE,Towers with Radar,4,52,13,0,69,0,129,20,0,149,4,181,33,0,218,322,0,322,540
11/08/2021,GFK,ND,AGL,CE,Towers with Radar,2,177,10,0,189,0,391,38,0,429,2,568,48,0,618,882,0,882,1500
11/09/2021,GFK,ND,AGL,CE,Towers with Radar,2,197,6,0,205,0,430,43,0,473,2,627,49,0,678,1000,0,1000,1678
11/10/2021,GFK,ND,AGL,CE,Towers with Radar,4,11,9,0,24,0,1,0,0,1,4,12,9,0,25,123,0,123,148
11/11/2021,GFK,ND,AGL,CE,Towers with Radar,5,7,7,0,19,0,0,0,0,0,5,7,7,0,19,0,0,0,19
11/12/2021,GFK,ND,AGL,CE,Towers with Radar,4,6,8,0,18,0,0,0,0,0,4,6,8,0,18,0,0,0,18
11/13/2021,GFK,ND,AGL,CE,Towers with Radar,6,2,4,0,12,0,0,0,0,0,6,2,4,0,12,0,0,0,12
11/14/2021,GFK,ND,AGL,CE,Towers with Radar,2,6,14,0,22,0,0,0,0,0,2,6,14,0,22,0,0,0,22
11/15/2021,GFK,ND,AGL,CE,Towers with Radar,6,6,9,0,21,0,1,4,0,5,6,7,13,0,26,45,0,45,71
11/16/2021,GFK,ND,AGL,CE,Towers with Radar,2,52,10,0,64,0,38,2,0,40,2,90,12,0,104,707,0,707,811
11/17/2021,GFK,ND,AGL,CE,Towers with Radar,2,3,14,0,19,0,0,0,0,0,2,3,14,0,19,0,0,0,19
11/18/2021,GFK,ND,AGL,CE,Towers with Radar,4,16,11,0,31,0,161,23,0,184,4,177,34,0,215,995,0,995,1210
11/19/2021,GFK,ND,AGL,CE,Towers with Radar,2,214,25,0,241,0,509,39,0,548,2,723,64,0,789,714,0,714,1503
11/20/2021,GFK,ND,AGL,CE,Towers with Radar,5,200,16,0,221,0,398,50,0,448,5,598,66,0,669,681,0,681,1350
11/21/2021,GFK,ND,AGL,CE,Towers with Radar,3,35,7,0,45,0,74,16,0,90,3,109,23,0,135,309,0,309,444
11/22/2021,GFK,ND,AGL,CE,Towers with Radar,3,179,7,2,191,0,417,53,0,470,3,596,60,2,661,1019,0,1019,1680
11/23/2021,GFK,ND,AGL,CE,Towers with Radar,6,163,13,0,182,0,344,27,0,371,6,507,40,0,553,886,0,886,1439
11/24/2021,GFK,ND,AGL,CE,Towers with Radar,3,9,11,0,23,0,0,0,0,0,3,9,11,0,23,0,0,0,23
11/25/2021,GFK,ND,AGL,CE,Towers with Radar,1,3,3,0,7,0,0,12,0,12,1,3,15,0,19,43,0,43,62
11/26/2021,GFK,ND,AGL,CE,Towers with Radar,3,68,8,0,79,0,109,22,0,131,3,177,30,0,210,404,0,404,614
11/27/2021,GFK,ND,AGL,CE,Towers with Radar,6,51,18,0,75,0,105,11,0,116,6,156,29,0,191,315,0,315,506
11/28/2021,GFK,ND,AGL,CE,Towers with Radar,3,50,17,0,70,0,108,24,0,132,3,158,41,0,202,383,0,383,585
11/29/2021,GFK,ND,AGL,CE,Towers with Radar,3,154,15,0,172,0,293,33,0,326,3,447,48,0,498,762,0,762,1260
11/30/2021,GFK,ND,AGL,CE,Towers with Radar,2,123,6,0,131,0,341,32,0,373,2,464,38,0,504,835,0,835,1339
12/01/2021,GFK,ND,AGL,CE,Towers with Radar,2,135,5,0,142,0,135,11,0,146,2,270,16,0,288,511,0,511,799
12/02/2021,GFK,ND,AGL,CE,Towers with Radar,2,16,14,0,32,0,152,19,0,171,2,168,33,0,203,1079,0,1079,1282
12/03/2021,GFK,ND,AGL,CE,Towers with Radar,2,140,15,0,157,0,237,23,0,260,2,377,38,0,417,511,0,511,928
12/04/2021,GFK,ND,AGL,CE,Towers with Radar,2,88,11,0,101,0,343,21,0,364,2,431,32,0,465,520,0,520,985
12/05/2021,GFK,ND,AGL,CE,Towers with Radar,2,2,1,0,5,0,0,0,0,0,2,2,1,0,5,0,0,0,5
12/06/2021,GFK,ND,AGL,CE,Towers with Radar,3,64,19,0,86,0,43,8,0,51,3,107,27,0,137,163,0,163,300
12/07/2021,GFK,ND,AGL,CE,Towers with Radar,2,87,9,0,98,0,281,30,0,311,2,368,39,0,409,861,0,861,1270
12/08/2021,GFK,ND,AGL,CE,Towers with Radar,3,25,18,0,46,0,52,10,0,62,3,77,28,0,108,437,0,437,545
12/09/2021,GFK,ND,AGL,CE,Towers with Radar,3,142,19,2,166,0,244,21,0,265,3,386,40,2,431,745,0,745,1176
12/10/2021,GFK,ND,AGL,CE,Towers with Radar,3,136,12,0,151,0,414,27,0,441,3,550,39,0,592,783,0,783,1375
12/11/2021,GFK,ND,AGL,CE,Towers with Radar,3,122,10,0,135,0,298,29,0,327,3,420,39,0,462,635,0,635,1097
12/12/2021,GFK,ND,AGL,CE,Towers with Radar,2,53,6,0,61,0,160,23,0,183,2,213,29,0,244,412,0,412,656
12/13/2021,GFK,ND,AGL,CE,Towers with Radar,2,141,13,2,158,0,292,17,0,309,2,433,30,2,467,699,0,699,1166
12/14/2021,GFK,ND,AGL,CE,Towers with Radar,2,104,9,0,115,0,235,11,0,246,2,339,20,0,361,579,0,579,940
12/15/2021,GFK,ND,AGL,CE,Towers with Radar,2,2,4,0,8,0,0,0,0,0,2,2,4,0,8,0,0,0,8
12/16/2021,GFK,ND,AGL,CE,Towers with Radar,2,11,12,0,25,0,20,3,0,23,2,31,15,0,48,86,0,86,134
12/17/2021,GFK,ND,AGL,CE,Towers with Radar,2,8,18,0,28,0,16,8,0,24,2,24,26,0,52,665,0,665,717
12/18/2021,GFK,ND,AGL,CE,Towers with Radar,0,101,16,0,117,0,171,9,0,180,0,272,25,0,297,576,0,576,873
12/19/2021,GFK,ND,AGL,CE,Towers with Radar,1,4,3,0,8,0,0,3,0,3,1,4,6,0,11,0,0,0,11
12/20/2021,GFK,ND,AGL,CE,Towers with Radar,0,97,11,0,108,0,208,10,2,220,0,305,21,2,328,511,0,511,839
12/21/2021,GFK,ND,AGL,CE,Towers with Radar,0,37,10,0,47,0,46,9,0,55,0,83,19,0,102,252,0,252,354
12/22/2021,GFK,ND,AGL,CE,Towers with Radar,0,40,17,2,59,0,74,20,0,94,0,114,37,2,153,315,4,319,472
12/23/2021,GFK,ND,AGL,CE,Towers with Radar,1,8,5,0,14,0,0,0,0,0,1,8,5,0,14,0,0,0,14
12/24/2021,GFK,ND,AGL,CE,Towers with Radar,3,3,0,0,6,0,0,0,0,0,3,3,0,0,6,0,0,0,6
12/25/2021,GFK,ND,AGL,CE,Towers with Radar,3,4,2,0,9,0,0,2,0,2,3,4,4,0,11,0,0,0,11
12/26/2021,GFK,ND,AGL,CE,Towers with Radar,0,7,4,0,11,0,0,0,0,0,0,7,4,0,11,0,0,0,11
12/27/2021,GFK,ND,AGL,CE,Towers with Radar,0,3,3,0,6,0,0,0,0,0,0,3,3,0,6,0,0,0,6
12/28/2021,GFK,ND,AGL,CE,Towers with Radar,1,6,12,0,19,0,0,0,0,0,1,6,12,0,19,0,0,0,19
12/29/2021,GFK,ND,AGL,CE,Towers with Radar,1,6,6,0,13,0,0,0,0,0,1,6,6,0,13,2,0,2,15
12/30/2021,GFK,ND,AGL,CE,Towers with Radar,1,6,12,0,19,0,0,3,0,3,1,6,15,0,22,6,0,6,28
12/31/2021,GFK,ND,AGL,CE,Towers with Radar,2,5,3,0,10,0,0,6,0,6,2,5,9,0,16,0,0,0,16
01/01/2022,GFK,ND,AGL,CE,Towers with Radar,2,5,3,0,10,0,0,0,0,0,2,5,3,0,10,0,0,0,10
01/02/2022,GFK,ND,AGL,CE,Towers with Radar,0,9,4,0,13,0,0,2,0,2,0,9,6,0,15,6,0,6,21
01/03/2022,GFK,ND,AGL,CE,Towers with Radar,0,4,6,0,10,0,6,4,0,10,0,10,10,0,20,187,0,187,207
01/04/2022,GFK,ND,AGL,CE,Towers with Radar,0,7,9,0,16,0,0,0,0,0,0,7,9,0,16,0,0,0,16
01/05/2022,GFK,ND,AGL,CE,Towers with Radar,2,0,7,0,9,0,0,0,0,0,2,0,7,0,9,0,0,0,9
01/06/2022,GFK,ND,AGL,CE,Towers with Radar,0,14,7,4,25,0,46,7,0,53,0,60,14,4,78,352,0,352,430
01/07/2022,GFK,ND,AGL,CE,Towers with Radar,2,13,3,0,18,0,10,0,0,10,2,23,3,0,28,10,0,10,38
01/08/2022,GFK,ND,AGL,CE,Towers with Radar,2,11,5,0,18,0,7,0,0,7,2,18,5,0,25,106,0,106,131
01/09/2022,GFK,ND,AGL,CE,Towers with Radar,2,61,1,0,64,0,126,11,0,137,2,187,12,0,201,167,0,167,368
01/10/2022,GFK,ND,AGL,CE,Towers with Radar,2,123,9,0,134,0,309,40,0,349,2,432,49,0,483,583,0,583,1066
01/11/2022,GFK,ND,AGL,CE,Towers with Radar,0,112,15,0,127,0,303,25,0,328,0,415,40,0,455,678,0,678,1133
01/12/2022,GFK,ND,AGL,CE,Towers with Radar,2,7,21,0,30,0,9,13,0,22,2,16,34,0,52,657,0,657,709
01/13/2022,GFK,ND,AGL,CE,Towers with Radar,2,25,5,0,32,0,21,4,0,25,2,46,9,0,57,313,0,313,370
01/14/2022,GFK,ND,AGL,CE,Towers with Radar,2,62,11,0,75,0,182,9,0,191,2,244,20,0,266,379,0,379,645
01/15/2022,GFK,ND,AGL,CE,Towers with Radar,2,21,7,0,30,0,131,2,0,133,2,152,9,0,163,181,0,181,344
01/16/2022,GFK,ND,AGL,CE,Towers with Radar,4,8,6,0,18,0,0,0,0,0,4,8,6,0,18,0,0,0,18
01/17/2022,GFK,ND,AGL,CE,Towers with Radar,2,11,7,0,20,0,40,5,0,45,2,51,12,0,65,292,0,292,357
01/18/2022,GFK,ND,AGL,CE,Towers with Radar,0,6,0,0,6,0,0,0,0,0,0,6,0,0,6,10,0,10,16
01/19/2022,GFK,ND,AGL,CE,Towers with Radar,2,174,20,0,196,0,469,27,0,496,2,643,47,0,692,576,0,576,1268
01/20/2022,GFK,ND,AGL,CE,Towers with Radar,4,187,11,0,202,0,535,28,0,563,4,722,39,0,765,622,0,622,1387
01/21/2022,GFK,ND,AGL,CE,Towers with Radar,1,6,2,0,9,0,0,0,0,0,1,6,2,0,9,0,0,0,9
01/22/2022,GFK,ND,AGL,CE,Towers with Radar,2,48,2,0,52,0,117,13,0,130,2,165,15,0,182,280,0,280,462
01/23/2022,GFK,ND,AGL,CE,Towers with Radar,2,7,8,0,17,0,0,1,0,1,2,7,9,0,18,0,0,0,18
01/24/2022,GFK,ND,AGL,CE,Towers with Radar,1,178,19,0,198,0,383,32,0,415,1,561,51,0,613,802,0,802,1415
01/25/2022,GFK,ND,AGL,CE,Towers with Radar,0,227,5,0,232,0,539,34,0,573,0,766,39,0,805,660,0,660,1465
01/26/2022,GFK,ND,AGL,CE,Towers with Radar,2,43,13,0,58,0,145,6,0,151,2,188,19,0,209,178,0,178,387
01/27/2022,GFK,ND,AGL,CE,Towers with Radar,2,182,15,0,199,0,234,5,0,239,2,416,20,0,438,344,0,344,782
01/28/2022,GFK,ND,AGL,CE,Towers with Radar,3,41,15,0,59,0,155,6,0,161,3,196,21,0,220,1200,0,1200,1420
01/29/2022,GFK,ND,AGL,CE,Towers with Radar,2,79,11,0,92,0,204,14,0,218,2,283,25,0,310,223,0,223,533
01/30/2022,GFK,ND,AGL,CE,Towers with Radar,3,24,11,0,38,0,48,9,0,57,3,72,20,0,95,180,0,180,275
01/31/2022,GFK,ND,AGL,CE,Towers with Radar,3,105,18,0,126,0,513,26,0,539,3,618,44,0,665,610,0,610,1275
02/01/2022,GFK,ND,AGL,CE,Towers with Radar,0,8,1,0,9,0,0,0,0,0,0,8,1,0,9,0,0,0,9
02/02/2022,GFK,ND,AGL,CE,Towers with Radar,2,199,21,0,222,0,584,28,0,612,2,783,49,0,834,538,0,538,1372
02/03/2022,GFK,ND,AGL,CE,Towers with Radar,4,98,17,0,119,0,285,4,0,289,4,383,21,0,408,547,0,547,955
02/04/2022,GFK,ND,AGL,CE,Towers with Radar,2,176,13,1,192,0,167,11,1,179,2,343,24,2,371,363,2,365,736
02/05/2022,GFK,ND,AGL,CE,Towers with Radar,2,10,6,0,18,0,0,1,0,1,2,10,7,0,19,4,0,4,23
02/06/2022,GFK,ND,AGL,CE,Towers with Radar,2,78,12,0,92,0,225,16,1,242,2,303,28,1,334,445,0,445,779
02/07/2022,GFK,ND,AGL,CE,Towers with Radar,2,147,21,0,170,0,661,33,0,694,2,808,54,0,864,846,0,846,1710
02/08/2022,GFK,ND,AGL,CE,Towers with Radar,0,46,7,0,53,0,107,2,2,111,0,153,9,2,164,136,0,136,300
02/09/2022,GFK,ND,AGL,CE,Towers with Radar,2,10,5,0,17,0,0,0,0,0,2,10,5,0,17,0,0,0,17
02/10/2022,GFK,ND,AGL,CE,Towers with Radar,3,10,8,0,21,0,0,0,0,0,3,10,8,0,21,56,0,56,77
02/11/2022,GFK,ND,AGL,CE,Towers with Radar,2,8,1,0,11,0,0,0,0,0,2,8,1,0,11,0,0,0,11
02/12/2022,GFK,ND,AGL,CE,Towers with Radar,2,73,2,0,77,0,279,14,0,293,2,352,16,0,370,376,0,376,746
02/13/2022,GFK,ND,AGL,CE,Towers with Radar,0,9,4,0,13,0,5,0,0,5,0,14,4,0,18,127,0,127,145
02/14/2022,GFK,ND,AGL,CE,Towers with Radar,2,188,13,0,203,0,413,37,0,450,2,601,50,0,653,813,0,813,1466
02/15/2022,GFK,ND,AGL,CE,Towers with Radar,0,71,11,0,82,0,202,5,0,207,0,273,16,0,289,903,0,903,1192
02/16/2022,GFK,ND,AGL,CE,Towers with Radar,2,47,9,0,58,0,102,6,0,108,2,149,15,0,166,237,0,237,403
02/17/2022,GFK,ND,AGL,CE,Towers with Radar,4,175,7,0,186,0,512,35,0,547,4,687,42,0,733,598,0,598,1331
02/18/2022,GFK,ND,AGL,CE,Towers with Radar,0,2,1,0,3,0,0,0,0,0,0,2,1,0,3,0,0,0,3
02/19/2022,GFK,ND,AGL,CE,Towers with Radar,4,30,9,0,43,0,40,3,0,43,4,70,12,0,86,128,0,128,214
02/20/2022,GFK,ND,AGL,CE,Towers with Radar,4,2,1,0,7,0,0,0,0,0,4,2,1,0,7,0,0,0,7
02/21/2022,GFK,ND,AGL,CE,Towers with Radar,2,5,7,0,14,0,0,0,0,0,2,5,7,0,14,0,0,0,14
02/22/2022,GFK,ND,AGL,CE,Towers with Radar,2,56,9,0,67,0,33,5,0,38,2,89,14,0,105,211,0,211,316
02/23/2022,GFK,ND,AGL,CE,Towers with Radar,4,242,17,0,263,0,583,26,0,609,4,825,43,0,872,750,0,750,1622
02/24/2022,GFK,ND,AGL,CE,Towers with Radar,6,242,35,2,285,0,592,30,0,622,6,834,65,2,907,678,0,678,1585
02/25/2022,GFK,ND,AGL,CE,Towers with Radar,2,255,28,0,285,0,544,35,0,579,2,799,63,0,864,663,0,663,1527
02/26/2022,GFK,ND,AGL,CE,Towers with Radar,4,209,14,0,227,0,389,26,0,415,4,598,40,0,642,533,0,533,1175
02/27/2022,GFK,ND,AGL,CE,Towers with Radar,4,57,8,0,69,0,205,32,0,237,4,262,40,0,306,420,0,420,726
02/28/2022,GFK,ND,AGL,CE,Towers with Radar,0,50,10,2,62,0,138,21,0,159,0,188,31,2,221,856,0,856,1077
03/01/2022,GFK,ND,AGL,CE,Towers with Radar,2,126,13,0,141,0,384,32,2,418,2,510,45,2,559,1033,0,1033,1592
03/02/2022,GFK,ND,AGL,CE,Towers with Radar,2,171,8,0,181,0,407,26,0,433,2,578,34,0,614,920,0,920,1534
03/03/2022,GFK,ND,AGL,CE,Towers with Radar,6,178,7,0,191,0,413,29,0,442,6,591,36,0,633,557,0,557,1190
03/04/2022,GFK,ND,AGL,CE,Towers with Radar,0,149,10,0,159,0,415,24,0,439,0,564,34,0,598,789,0,789,1387
03/05/2022,GFK,ND,AGL,CE,Towers with Radar,4,83,2,0,89,0,254,11,0,265,4,337,13,0,354,598,0,598,952
03/06/2022,GFK,ND,AGL,CE,Towers with Radar,5,7,12,0,24,0,1,2,0,3,5,8,14,0,27,109,0,109,136
03/07/2022,GFK,ND,AGL,CE,Towers with Radar,2,159,9,0,170,0,347,23,0,370,2,506,32,0,540,895,0,895,1435
03/08/2022,GFK,ND,AGL,CE,Towers with Radar,3,35,5,0,43,0,86,0,0,86,3,121,5,0,129,227,0,227,356
03/09/2022,GFK,ND,AGL,CE,Towers with Radar,7,81,23,2,113,0,296,12,0,308,7,377,35,2,421,792,0,792,1213
03/10/2022,GFK,ND,AGL,CE,Towers with Radar,6,93,11,0,110,0,319,15,0,334,6,412,26,0,444,422,0,422,866
03/11/2022,GFK,ND,AGL,CE,Towers with Radar,3,13,13,0,29,0,18,5,0,23,3,31,18,0,52,168,0,168,220
03/12/2022,GFK,ND,AGL,CE,Towers with Radar,8,73,6,0,87,0,162,5,0,167,8,235,11,0,254,370,0,370,624
03/13/2022,GFK,ND,AGL,CE,Towers with Radar,7,36,10,0,53,0,109,14,0,123,7,145,24,0,176,384,0,384,560
03/14/2022,GFK,ND,AGL,CE,Towers with Radar,2,151,12,0,165,0,430,24,0,454,2,581,36,0,619,1000,0,1000,1619
03/15/2022,GFK,ND,AGL,CE,Towers with Radar,3,146,14,0,163,0,401,33,0,434,3,547,47,0,597,801,0,801,1398
03/16/2022,GFK,ND,AGL,CE,Towers with Radar,6,110,11,0,127,0,294,17,0,311,6,404,28,0,438,510,0,510,948
03/17/2022,GFK,ND,AGL,CE,Towers with Radar,7,56,21,0,84,0,179,19,0,198,7,235,40,0,282,772,0,772,1054
03/18/2022,GFK,ND,AGL,CE,Towers with Radar,2,44,8,0,54,0,141,27,0,168,2,185,35,0,222,643,0,643,865
03/19/2022,GFK,ND,AGL,CE,Towers with Radar,6,118,7,0,131,0,332,34,0,366,6,450,41,0,497,660,0,660,1157
03/20/2022,GFK,ND,AGL,CE,Towers with Radar,6,42,9,0,57,0,127,36,0,163,6,169,45,0,220,330,0,330,550
03/21/2022,GFK,ND,AGL,CE,Towers with Radar,3,73,6,0,82,0,393,35,0,428,3,466,41,0,510,822,0,822,1332
03/22/2022,GFK,ND,AGL,CE,Towers with Radar,3,116,9,0,128,0,353,28,0,381,3,469,37,0,509,870,0,870,1379
03/23/2022,GFK,ND,AGL,CE,Towers with Radar,4,7,17,0,28,0,0,0,0,0,4,7,17,0,28,71,0,71,99
03/24/2022,GFK,ND,AGL,CE,Towers with Radar,5,157,18,0,180,0,547,32,0,579,5,704,50,0,759,1003,0,1003,1762
03/25/2022,GFK,ND,AGL,CE,Towers with Radar,4,7,5,0,16,0,13,0,0,13,4,20,5,0,29,30,0,30,59
03/26/2022,GFK,ND,AGL,CE,Towers with Radar,7,174,7,0,188,0,432,21,0,453,7,606,28,0,641,713,0,713,1354
03/27/2022,GFK,ND,AGL,CE,Towers with Radar,6,76,13,0,95,0,281,39,0,320,6,357,52,0,415,608,0,608,1023
03/28/2022,GFK,ND,AGL,CE,Towers with Radar,4,216,11,5,236,0,539,30,12,581,4,755,41,17,817,968,0,968,1785
03/29/2022,GFK,ND,AGL,CE,Towers with Radar,3,59,8,0,70,0,179,15,0,194,3,238,23,0,264,537,0,537,801
03/30/2022,GFK,ND,AGL,CE,Towers with Radar,2,4,13,0,19,0,0,0,0,0,2,4,13,0,19,0,0,0,19
03/31/2022,GFK,ND,AGL,CE,Towers with Radar,6,6,9,0,21,0,38,20,0,58,6,44,29,0,79,1109,0,1109,1188
04/01/2022,GFK,ND,AGL,CE,Towers with Radar,2,211,17,0,230,0,569,38,0,607,2,780,55,0,837,1031,0,1031,1868
04/02/2022,GFK,ND,AGL,CE,Towers with Radar,2,67,6,0,75,0,216,36,0,252,2,283,42,0,327,1196,0,1196,1523
04/03/2022,GFK,ND,AGL,CE,Towers with Radar,5,14,8,0,27,0,90,15,0,105,5,104,23,0,132,731,0,731,863
04/04/2022,GFK,ND,AGL,CE,Towers with Radar,3,90,15,0,108,0,202,27,0,229,3,292,42,0,337,1299,0,1299,1636
04/05/2022,GFK,ND,AGL,CE,Towers with Radar,2,7,5,0,14,0,0,0,0,0,2,7,5,0,14,0,0,0,14
04/06/2022,GFK,ND,AGL,CE,Towers with Radar,3,7,12,0,22,0,0,0,0,0,3,7,12,0,22,0,0,0,22
04/07/2022,GFK,ND,AGL,CE,Towers with Radar,6,7,3,0,16,0,0,0,0,0,6,7,3,0,16,0,0,0,16
04/08/2022,GFK,ND,AGL,CE,Towers with Radar,3,244,26,2,275,0,665,45,0,710,3,909,71,2,985,758,0,758,1743
04/09/2022,GFK,ND,AGL,CE,Towers with Radar,2,212,8,0,222,0,600,42,0,642,2,812,50,0,864,918,0,918,1782
04/10/2022,GFK,ND,AGL,CE,Towers with Radar,6,22,7,0,35,0,121,11,0,132,6,143,18,0,167,632,0,632,799
04/11/2022,GFK,ND,AGL,CE,Towers with Radar,2,280,12,0,294,0,709,39,0,748,2,989,51,0,1042,786,0,786,1828
04/12/2022,GFK,ND,AGL,CE,Towers with Radar,1,8,2,0,11,0,7,9,0,16,1,15,11,0,27,204,0,204,231
04/13/2022,GFK,ND,AGL,CE,Towers with Radar,2,6,2,0,10,0,0,1,0,1,2,6,3,0,11,0,0,0,11
04/14/2022,GFK,ND,AGL,CE,Towers with Radar,6,6,11,0,23,0,0,0,0,0,6,6,11,0,23,0,0,0,23
04/15/2022,GFK,ND,AGL,CE,Towers with Radar,3,12,13,0,28,0,11,6,0,17,3,23,19,0,45,216,0,216,261
04/16/2022,GFK,ND,AGL,CE,Towers with Radar,0,119,11,0,130,0,355,43,0,398,0,474,54,0,528,675,0,675,1203
04/17/2022,GFK,ND,AGL,CE,Towers with Radar,5,4,2,0,11,0,2,0,0,2,5,6,2,0,13,0,0,0,13
04/18/2022,GFK,ND,AGL,CE,Towers with Radar,2,179,17,0,198,0,384,31,0,415,2,563,48,0,613,696,0,696,1309
04/19/2022,GFK,ND,AGL,CE,Towers with Radar,2,151,16,1,170,0,452,22,0,474,2,603,38,1,644,861,0,861,1505
04/20/2022,GFK,ND,AGL,CE,Towers with Radar,2,116,15,1,134,0,332,14,0,346,2,448,29,1,480,720,0,720,1200
04/21/2022,GFK,ND,AGL,CE,Towers with Radar,6,93,12,1,112,0,268,25,0,293,6,361,37,1,405,1323,0,1323,1728
04/22/2022,GFK,ND,AGL,CE,Towers with Radar,2,31,16,0,49,0,0,0,0,0,2,31,16,0,49,0,0,0,49
04/23/2022,GFK,ND,AGL,CE,Towers with Radar,1,10,2,1,14,0,0,0,0,0,1,10,2,1,14,0,0,0,14
04/24/2022,GFK,ND,AGL,CE,Towers with Radar,4,4,4,0,12,0,0,0,0,0,4,4,4,0,12,0,0,0,12
04/25/2022,GFK,ND,AGL,CE,Towers with Radar,3,10,19,0,32,0,0,2,0,2,3,10,21,0,34,0,0,0,34
04/26/2022,GFK,ND,AGL,CE,Towers with Radar,2,105,12,0,119,0,483,45,0,528,2,588,57,0,647,1191,0,1191,1838
04/27/2022,GFK,ND,AGL,CE,Towers with Radar,2,185,29,0,216,0,689,64,0,753,2,874,93,0,969,709,0,709,1678
04/28/2022,GFK,ND,AGL,CE,Towers with Radar,6,216,18,0,240,0,527,37,0,564,6,743,55,0,804,892,0,892,1696
04/29/2022,GFK,ND,AGL,CE,Towers with Radar,2,68,16,1,87,0,9,13,0,22,2,77,29,1,109,247,0,247,356
04/30/2022,GFK,ND,AGL,CE,Towers with Radar,2,131,3,0,136,0,0,0,0,0,2,131,3,0,136,0,0,0,136
05/01/2022,GFK,ND,AGL,CE,Towers with Radar,6,6,3,0,15,0,0,0,0,0,6,6,3,0,15,0,0,0,15
05/02/2022,GFK,ND,AGL,CE,Towers with Radar,2,11,4,0,17,0,8,8,0,16,2,19,12,0,33,988,0,988,1021
05/03/2022,GFK,ND,AGL,CE,Towers with Radar,2,176,25,0,203,0,607,60,2,669,2,783,85,2,872,942,0,942,1814
05/04/2022,GFK,ND,AGL,CE,Towers with Radar,3,205,18,1,227,0,559,47,2,608,3,764,65,3,835,750,0,750,1585
05/05/2022,GFK,ND,AGL,CE,Towers with Radar,4,215,16,2,237,0,546,35,0,581,4,761,51,2,818,984,0,984,1802
05/06/2022,GFK,ND,AGL,CE,Towers with Radar,2,167,20,1,190,0,469,37,2,508,2,636,57,3,698,650,0,650,1348
05/07/2022,GFK,ND,AGL,CE,Towers with Radar,2,44,7,1,54,0,56,6,0,62,2,100,13,1,116,298,0,298,414
05/08/2022,GFK,ND,AGL,CE,Towers with Radar,6,29,9,1,45,0,78,6,0,84,6,107,15,1,129,340,0,340,469
05/09/2022,GFK,ND,AGL,CE,Towers with Radar,3,56,14,0,73,0,3,0,0,3,3,59,14,0,76,20,0,20,96
05/10/2022,GFK,ND,AGL,CE,Towers with Radar,2,193,26,0,221,0,526,66,0,592,2,719,92,0,813,947,0,947,1760
05/11/2022,GFK,ND,AGL,CE,Towers with Radar,2,119,15,0,136,0,331,22,0,353,2,450,37,0,489,824,0,824,1313
05/12/2022,GFK,ND,AGL,CE,Towers with Radar,2,20,3,0,25,0,35,3,0,38,2,55,6,0,63,291,0,291,354
05/13/2022,GFK,ND,AGL,CE,Towers with Radar,5,5,7,0,17,0,0,5,2,7,5,5,12,2,24,0,0,0,24
05/14/2022,GFK,ND,AGL,CE,Towers with Radar,2,116,10,0,128,0,171,24,0,195,2,287,34,0,323,652,0,652,975
05/15/2022,GFK,ND,AGL,CE,Towers with Radar,4,42,14,0,60,0,91,26,0,117,4,133,40,0,177,232,0,232,409
05/16/2022,GFK,ND,AGL,CE,Towers with Radar,2,176,30,0,208,0,542,57,5,604,2,718,87,5,812,1038,0,1038,1850
05/17/2022,GFK,ND,AGL,CE,Towers with Radar,2,164,23,0,189,0,439,43,0,482,2,603,66,0,671,777,0,777,1448
05/18/2022,GFK,ND,AGL,CE,Towers with Radar,5,86,14,0,105,0,149,6,0,155,5,235,20,0,260,387,0,387,647
05/19/2022,GFK,ND,AGL,CE,Towers with Radar,2,196,21,0,219,0,28,4,0,32,2,224,25,0,251,579,0,579,830
05/20/2022,GFK,ND,AGL,CE,Towers with Radar,4,28,8,1,41,0,3,3,0,6,4,31,11,1,47,93,0,93,140
05/21/2022,GFK,ND,AGL,CE,Towers with Radar,4,51,8,2,65,0,158,13,0,171,4,209,21,2,236,1163,0,1163,1399
05/22/2022,GFK,ND,AGL,CE,Towers with Radar,2,75,16,1,94,0,237,34,0,271,2,312,50,1,365,481,0,481,846
05/23/2022,GFK,ND,AGL,CE,Towers with Radar,2,156,17,0,175,0,506,40,0,546,2,662,57,0,721,840,0,840,1561
05/24/2022,GFK,ND,AGL,CE,Towers with Radar,2,228,21,0,251,0,557,52,0,609,2,785,73,0,860,845,0,845,1705
05/25/2022,GFK,ND,AGL,CE,Towers with Radar,5,183,22,0,210,0,571,38,0,609,5,754,60,0,819,1066,0,1066,1885
05/26/2022,GFK,ND,AGL,CE,Towers with Radar,3,197,28,0,228,0,539,39,0,578,3,736,67,0,806,953,0,953,1759
05/27/2022,GFK,ND,AGL,CE,Towers with Radar,3,163,12,2,180,0,511,43,0,554,3,674,55,2,734,789,0,789,1523
05/28/2022,GFK,ND,AGL,CE,Towers with Radar,4,112,1,0,117,0,358,31,0,389,4,470,32,0,506,812,0,812,1318
05/29/2022,GFK,ND,AGL,CE,Towers with Radar,2,31,6,0,39,0,11,3,0,14,2,42,9,0,53,137,0,137,190
05/30/2022,GFK,ND,AGL,CE,Towers with Radar,2,6,3,0,11,0,0,0,0,0,2,6,3,0,11,0,0,0,11
05/31/2022,GFK,ND,AGL,CE,Towers with Radar,3,39,9,0,51,0,55,3,0,58,3,94,12,0,109,294,0,294,403
06/01/2022,GFK,ND,AGL,CE,Towers with Radar,5,204,18,0,227,0,527,32,0,559,5,731,50,0,786,884,0,884,1670
06/02/2022,GFK,ND,AGL,CE,Towers with Radar,3,178,9,0,190,0,380,34,0,414,3,558,43,0,604,809,0,809,1413
06/03/2022,GFK,ND,AGL,CE,Towers with Radar,2,171,19,0,192,0,465,45,0,510,2,636,64,0,702,880,0,880,1582
06/04/2022,GFK,ND,AGL,CE,Towers with Radar,4,155,6,0,165,0,418,41,0,459,4,573,47,0,624,905,0,905,1529
06/05/2022,GFK,ND,AGL,CE,Towers with Radar,2,66,3,0,71,0,124,11,0,135,2,190,14,0,206,353,0,353,559
06/06/2022,GFK,ND,AGL,CE,Towers with Radar,2,164,6,0,172,0,431,25,0,456,2,595,31,0,628,755,0,755,1383
06/07/2022,GFK,ND,AGL,CE,Towers with Radar,2,155,13,0,170,0,450,26,0,476,2,605,39,0,646,996,0,996,1642
06/08/2022,GFK,ND,AGL,CE,Towers with Radar,5,178,16,1,200,0,501,27,1,529,5,679,43,2,729,852,0,852,1581
06/09/2022,GFK,ND,AGL,CE,Towers with Radar,3,184,16,0,203,0,455,19,0,474,3,639,35,0,677,668,0,668,1345
06/10/2022,GFK,ND,AGL,CE,Towers with Radar,2,142,7,0,151,0,349,16,0,365,2,491,23,0,516,545,0,545,1061
06/11/2022,GFK,ND,AGL,CE,Towers with Radar,3,132,12,0,147,0,188,8,0,196,3,320,20,0,343,922,0,922,1265
06/12/2022,GFK,ND,AGL,CE,Towers with Radar,2,22,4,0,28,0,51,18,0,69,2,73,22,0,97,268,0,268,365
06/13/2022,GFK,ND,AGL,CE,Towers with Radar,2,118,17,0,137,0,313,20,1,334,2,431,37,1,471,645,0,645,1116
06/14/2022,GFK,ND,AGL,CE,Towers with Radar,2,69,14,0,85,0,76,8,0,84,2,145,22,0,169,335,0,335,504
06/15/2022,GFK,ND,AGL,CE,Towers with Radar,5,83,24,0,112,0,378,29,1,408,5,461,53,1,520,511,0,511,1031
06/16/2022,GFK,ND,AGL,CE,Towers with Radar,0,117,17,1,135,0,278,20,1,299,0,395,37,2,434,414,0,414,848
06/17/2022,GFK,ND,AGL,CE,Towers with Radar,1,148,13,0,162,0,523,29,3,555,1,671,42,3,717,934,0,934,1651
06/18/2022,GFK,ND,AGL,CE,Towers with Radar,2,8,2,0,12,0,21,4,1,26,2,29,6,1,38,35,0,35,73
06/19/2022,GFK,ND,AGL,CE,Towers with Radar,0,26,6,0,32,0,37,12,0,49,0,63,18,0,81,73,0,73,154
06/20/2022,GFK,ND,AGL,CE,Towers with Radar,0,82,13,0,95,0,315,26,0,341,0,397,39,0,436,607,0,607,1043
06/21/2022,GFK,ND,AGL,CE,Towers with Radar,0,62,20,0,82,0,157,15,0,172,0,219,35,0,254,398,0,398,652
06/22/2022,GFK,ND,AGL,CE,Towers with Radar,3,161,15,0,179,0,534,43,1,578,3,695,58,1,757,1025,0,1025,1782
06/23/2022,GFK,ND,AGL,CE,Towers with Radar,1,166,20,0,187,0,510,47,0,557,1,676,67,0,744,1044,0,1044,1788
06/24/2022,GFK,ND,AGL,CE,Towers with Radar,0,54,8,0,62,0,162,19,0,181,0,216,27,0,243,554,0,554,797
06/25/2022,GFK,ND,AGL,CE,Towers with Radar,3,84,2,0,89,0,174,12,0,186,3,258,14,0,275,278,0,278,553
06/26/2022,GFK,ND,AGL,CE,Towers with Radar,1,61,1,0,63,0,104,15,0,119,1,165,16,0,182,221,0,221,403
06/27/2022,GFK,ND,AGL,CE,Towers with Radar,0,138,13,0,151,0,445,35,0,480,0,583,48,0,631,1023,0,1023,1654
06/28/2022,GFK,ND,AGL,CE,Towers with Radar,1,132,23,2,158,0,411,29,0,440,1,543,52,2,598,950,0,950,1548
06/29/2022,GFK,ND,AGL,CE,Towers with Radar,3,131,10,0,144,0,378,21,0,399,3,509,31,0,543,807,0,807,1350
06/30/2022,GFK,ND,AGL,CE,Towers with Radar,1,144,21,12,178,0,348,13,0,361,1,492,34,12,539,802,0,802,1341
07/01/2022,GFK,ND,AGL,CE,Towers with Radar,0,68,24,0,92,0,175,25,0,200,0,243,49,0,292,514,0,514,806
07/02/2022,GFK,ND,AGL,CE,Towers with Radar,3,8,7,0,18,0,0,20,0,20,3,8,27,0,38,0,0,0,38
07/03/2022,GFK,ND,AGL,CE,Towers with Radar,1,6,1,0,8,0,0,5,0,5,1,6,6,0,13,0,0,0,13
07/04/2022,GFK,ND,AGL,CE,Towers with Radar,1,6,3,0,10,0,0,4,0,4,1,6,7,0,14,46,0,46,60
07/05/2022,GFK,ND,AGL,CE,Towers with Radar,2,129,17,0,148,0,96,15,0,111,2,225,32,0,259,411,0,411,670
07/06/2022,GFK,ND,AGL,CE,Towers with Radar,3,111,22,0,136,0,302,20,0,322,3,413,42,0,458,857,0,857,1315
07/07/2022,GFK,ND,AGL,CE,Towers with Radar,1,132,24,0,157,0,401,34,0,435,1,533,58,0,592,834,0,834,1426
07/08/2022,GFK,ND,AGL,CE,Towers with Radar,1,103,15,0,119,0,476,39,0,515,1,579,54,0,634,888,0,888,1522
07/09/2022,GFK,ND,AGL,CE,Towers with Radar,3,85,2,0,90,0,285,14,0,299,3,370,16,0,389,586,0,586,975
07/10/2022,GFK,ND,AGL,CE,Towers with Radar,0,14,10,0,24,0,2,18,0,20,0,16,28,0,44,91,0,91,135
07/11/2022,GFK,ND,AGL,CE,Towers with Radar,2,79,17,0,98,0,234,18,0,252,2,313,35,0,350,385,0,385,735
07/12/2022,GFK,ND,AGL,CE,Towers with Radar,0,155,10,0,165,0,440,38,0,478,0,595,48,0,643,796,0,796,1439
07/13/2022,GFK,ND,AGL,CE,Towers with Radar,3,110,19,0,132,0,489,54,0,543,3,599,73,0,675,842,0,842,1517
07/14/2022,GFK,ND,AGL,CE,Towers with Radar,1,50,11,0,62,0,162,20,0,182,1,212,31,0,244,455,0,455,699
07/15/2022,GFK,ND,AGL,CE,Towers with Radar,0,128,25,0,153,0,388,30,0,418,0,516,55,0,571,793,0,793,1364
07/16/2022,GFK,ND,AGL,CE,Towers with Radar,3,63,7,0,73,0,173,15,0,188,3,236,22,0,261,376,0,376,637
07/17/2022,GFK,ND,AGL,CE,Towers with Radar,0,9,10,0,19,0,0,16,0,16,0,9,26,0,35,54,0,54,89
07/18/2022,GFK,ND,AGL,CE,Towers with Radar,0,109,15,1,125,0,377,43,0,420,0,486,58,1,545,796,0,796,1341
07/19/2022,GFK,ND,AGL,CE,Towers with Radar,0,102,15,0,117,0,136,22,3,161,0,238,37,3,278,500,0,500,778
07/20/2022,GFK,ND,AGL,CE,Towers with Radar,2,103,18,0,123,0,514,61,0,575,2,617,79,0,698,755,0,755,1453
07/21/2022,GFK,ND,AGL,CE,Towers with Radar,0,102,31,0,133,0,428,43,0,471,0,530,74,0,604,723,0,723,1327
07/22/2022,GFK,ND,AGL,CE,Towers with Radar,1,90,11,0,102,0,408,49,0,457,1,498,60,0,559,711,0,711,1270
07/23/2022,GFK,ND,AGL,CE,Towers with Radar,5,74,5,0,84,0,94,15,0,109,5,168,20,0,193,298,0,298,491
07/24/2022,GFK,ND,AGL,CE,Towers with Radar,0,8,12,0,20,0,0,23,0,23,0,8,35,0,43,47,0,47,90
07/25/2022,GFK,ND,AGL,CE,Towers with Radar,0,100,25,0,125,0,383,42,0,425,0,483,67,0,550,963,0,963,1513
07/26/2022,GFK,ND,AGL,CE,Towers with Radar,0,95,19,0,114,0,238,26,0,264,0,333,45,0,378,785,0,785,1163
07/27/2022,GFK,ND,AGL,CE,Towers with Radar,3,52,25,0,80,0,279,20,0,299,3,331,45,0,379,591,0,591,970
07/28/2022,GFK,ND,AGL,CE,Towers with Radar,1,118,25,4,148,0,310,16,0,326,1,428,41,4,474,812,0,812,1286
07/29/2022,GFK,ND,AGL,CE,Towers with Radar,0,76,21,0,97,0,365,24,0,389,0,441,45,0,486,697,0,697,1183
07/30/2022,GFK,ND,AGL,CE,Towers with Radar,3,38,12,0,53,0,234,12,0,246,3,272,24,0,299,668,0,668,967
07/31/2022,GFK,ND,AGL,CE,Towers with Radar,0,12,19,0,31,0,0,5,0,5,0,12,24,0,36,22,0,22,58
08/01/2022,GFK,ND,AGL,CE,Towers with Radar,0,70,7,0,77,0,284,33,0,317,0,354,40,0,394,735,0,735,1129
08/02/2022,GFK,ND,AGL,CE,Towers with Radar,2,65,19,0,86,0,308,23,0,331,2,373,42,0,417,862,0,862,1279
08/03/2022,GFK,ND,AGL,CE,Towers with Radar,5,91,24,0,120,0,219,22,0,241,5,310,46,0,361,829,0,829,1190
08/04/2022,GFK,ND,AGL,CE,Towers with Radar,2,77,20,1,100,0,306,25,2,333,2,383,45,3,433,618,0,618,1051
08/05/2022,GFK,ND,AGL,CE,Towers with Radar,2,58,17,0,77,0,293,27,2,322,2,351,44,2,399,714,0,714,1113
08/06/2022,GFK,ND,AGL,CE,Towers with Radar,5,57,9,0,71,0,148,7,0,155,5,205,16,0,226,675,0,675,901
08/07/2022,GFK,ND,AGL,CE,Towers with Radar,2,7,3,0,12,0,0,18,0,18,2,7,21,0,30,6,0,6,36
08/08/2022,GFK,ND,AGL,CE,Towers with Radar,2,46,18,0,66,0,406,29,4,439,2,452,47,4,505,634,0,634,1139
08/09/2022,GFK,ND,AGL,CE,Towers with Radar,2,46,12,0,60,0,387,36,1,424,2,433,48,1,484,904,0,904,1388
08/10/2022,GFK,ND,AGL,CE,Towers with Radar,6,71,9,0,86,0,365,25,4,394,6,436,34,4,480,665,0,665,1145
08/11/2022,GFK,ND,AGL,CE,Towers with Radar,2,65,18,0,85,0,314,27,0,341,2,379,45,0,426,614,0,614,1040
08/12/2022,GFK,ND,AGL,CE,Towers with Radar,2,108,16,6,132,0,46,9,0,55,2,154,25,6,187,815,0,815,1002
08/13/2022,GFK,ND,AGL,CE,Towers with Radar,5,60,4,0,69,0,169,17,0,186,5,229,21,0,255,355,0,355,610
08/14/2022,GFK,ND,AGL,CE,Towers with Radar,5,9,6,0,20,0,1,15,0,16,5,10,21,0,36,6,0,6,42
08/15/2022,GFK,ND,AGL,CE,Towers with Radar,2,40,9,0,51,0,175,13,0,188,2,215,22,0,239,729,0,729,968
08/16/2022,GFK,ND,AGL,CE,Towers with Radar,2,106,21,0,129,0,110,12,0,122,2,216,33,0,251,839,0,839,1090
08/17/2022,GFK,ND,AGL,CE,Towers with Radar,2,57,17,0,76,0,295,60,0,355,2,352,77,0,431,582,0,582,1013
08/18/2022,GFK,ND,AGL,CE,Towers with Radar,2,33,12,0,47,0,31,5,0,36,2,64,17,0,83,132,0,132,215
08/19/2022,GFK,ND,AGL,CE,Towers with Radar,2,41,9,0,52,0,31,9,0,40,2,72,18,0,92,208,0,208,300
08/20/2022,GFK,ND,AGL,CE,Towers with Radar,3,54,10,0,67,0,221,16,0,237,3,275,26,0,304,421,0,421,725
08/21/2022,GFK,ND,AGL,CE,Towers with Radar,0,10,10,0,20,0,57,30,0,87,0,67,40,0,107,118,0,118,225
08/22/2022,GFK,ND,AGL,CE,Towers with Radar,0,31,6,0,37,15,323,40,0,378,15,354,46,0,415,57,0,57,472
08/23/2022,GFK,ND,AGL,CE,Towers with Radar,0,13,18,0,31,0,242,41,0,283,0,255,59,0,314,66,0,66,380
08/24/2022,GFK,ND,AGL,CE,Towers with Radar,0,19,12,0,31,0,91,20,0,111,0,110,32,0,142,52,0,52,194
08/25/2022,GFK,ND,AGL,CE,Towers with Radar,0,23,10,0,33,0,330,42,0,372,0,353,52,0,405,82,0,82,487
08/26/2022,GFK,ND,AGL,CE,Towers with Radar,0,28,11,0,39,0,323,39,0,362,0,351,50,0,401,29,0,29,430
08/27/2022,GFK,ND,AGL,CE,Towers with Radar,0,11,3,0,14,0,122,13,0,135,0,133,16,0,149,27,0,27,176
08/28/2022,GFK,ND,AGL,CE,Towers with Radar,0,2,8,0,10,0,6,7,0,13,0,8,15,0,23,44,0,44,67
08/29/2022,GFK,ND,AGL,CE,Towers with Radar,0,9,4,0,13,0,68,4,0,72,0,77,8,0,85,56,0,56,141
08/30/2022,GFK,ND,AGL,CE,Towers with Radar,0,33,14,0,47,0,408,39,0,447,0,441,53,0,494,78,0,78,572
08/31/2022,GFK,ND,AGL,CE,Towers with Radar,0,16,22,0,38,0,405,48,0,453,0,421,70,0,491,82,0,82,573
09/01/2022,GFK,ND,AGL,CE,Towers with Radar,0,20,14,0,34,0,382,37,0,419,0,402,51,0,453,29,0,29,482
09/02/2022,GFK,ND,AGL,CE,Towers with Radar,4,31,9,0,44,0,301,40,0,341,4,332,49,0,385,94,0,94,479
09/03/2022,GFK,ND,AGL,CE,Towers with Radar,7,108,7,0,122,0,292,24,0,316,7,400,31,0,438,341,0,341,779
09/04/2022,GFK,ND,AGL,CE,Towers with Radar,5,22,8,0,35,0,121,12,0,133,5,143,20,0,168,151,0,151,319
09/05/2022,GFK,ND,AGL,CE,Towers with Radar,4,90,5,0,99,0,232,9,0,241,4,322,14,0,340,400,0,400,740
09/06/2022,GFK,ND,AGL,CE,Towers with Radar,4,157,20,0,181,0,581,37,0,618,4,738,57,0,799,737,0,737,1536
09/07/2022,GFK,ND,AGL,CE,Towers with Radar,2,204,27,0,233,0,572,40,0,612,2,776,67,0,845,844,0,844,1689
09/08/2022,GFK,ND,AGL,CE,Towers with Radar,5,145,21,0,171,0,415,23,0,438,5,560,44,0,609,579,0,579,1188
09/09/2022,GFK,ND,AGL,CE,Towers with Radar,3,205,18,0,226,0,480,53,0,533,3,685,71,0,759,696,0,696,1455
09/10/2022,GFK,ND,AGL,CE,Towers with Radar,4,154,22,0,180,0,391,23,0,414,4,545,45,0,594,648,0,648,1242
09/11/2022,GFK,ND,AGL,CE,Towers with Radar,3,44,16,0,63,0,169,34,0,203,3,213,50,0,266,353,0,353,619
09/12/2022,GFK,ND,AGL,CE,Towers with Radar,2,158,20,4,184,0,452,32,0,484,2,610,52,4,668,784,0,784,1452
09/13/2022,GFK,ND,AGL,CE,Towers with Radar,5,154,16,0,175,0,401,31,0,432,5,555,47,0,607,876,0,876,1483
09/14/2022,GFK,ND,AGL,CE,Towers with Radar,2,169,17,0,188,0,383,35,1,419,2,552,52,1,607,763,0,763,1370
09/15/2022,GFK,ND,AGL,CE,Towers with Radar,4,216,20,0,240,0,49,5,0,54,4,265,25,0,294,183,0,183,477
09/16/2022,GFK,ND,AGL,CE,Towers with Radar,4,130,10,0,144,0,0,0,0,0,4,130,10,0,144,0,0,0,144
09/17/2022,GFK,ND,AGL,CE,Towers with Radar,4,171,4,0,179,0,102,21,0,123,4,273,25,0,302,682,0,682,984
09/18/2022,GFK,ND,AGL,CE,Towers with Radar,4,37,13,1,55,0,196,24,1,221,4,233,37,2,276,328,0,328,604
09/19/2022,GFK,ND,AGL,CE,Towers with Radar,2,149,13,0,164,0,233,18,0,251,2,382,31,0,415,419,0,419,834
09/20/2022,GFK,ND,AGL,CE,Towers with Radar,2,157,8,0,167,0,448,23,0,471,2,605,31,0,638,684,0,684,1322
09/21/2022,GFK,ND,AGL,CE,Towers with Radar,2,246,44,0,292,0,152,21,0,173,2,398,65,0,465,885,0,885,1350
09/22/2022,GFK,ND,AGL,CE,Towers with Radar,4,183,23,0,210,0,536,45,0,581,4,719,68,0,791,804,0,804,1595
09/23/2022,GFK,ND,AGL,CE,Towers with Radar,4,136,7,0,147,0,254,24,0,278,4,390,31,0,425,690,0,690,1115
09/24/2022,GFK,ND,AGL,CE,Towers with Radar,5,135,9,0,149,0,228,23,0,251,5,363,32,0,400,640,0,640,1040
09/25/2022,GFK,ND,AGL,CE,Towers with Radar,4,6,4,0,14,0,108,14,0,122,4,114,18,0,136,183,0,183,319
09/26/2022,GFK,ND,AGL,CE,Towers with Radar,2,195,11,0,208,0,585,40,0,625,2,780,51,0,833,922,0,922,1755
09/27/2022,GFK,ND,AGL,CE,Towers with Radar,2,67,13,0,82,0,398,23,0,421,2,465,36,0,503,677,0,677,1180
09/28/2022,GFK,ND,AGL,CE,Towers with Radar,2,187,34,0,223,0,501,38,0,539,2,688,72,0,762,795,0,795,1557
09/29/2022,GFK,ND,AGL,CE,Towers with Radar,4,122,41,0,167,0,500,44,0,544,4,622,85,0,711,560,0,560,1271
09/30/2022,GFK,ND,AGL,CE,Towers with Radar,3,150,23,0,176,0,584,81,0,665,3,734,104,0,841,900,0,900,1741
10/01/2022,GFK,ND,AGL,CE,Towers with Radar,6,103,8,0,117,0,404,32,0,436,6,507,40,0,553,879,0,879,1432
10/02/2022,GFK,ND,AGL,CE,Towers with Radar,6,23,16,0,45,0,91,13,0,104,6,114,29,0,149,248,0,248,397
10/03/2022,GFK,ND,AGL,CE,Towers with Radar,4,169,11,3,187,0,489,36,2,527,4,658,47,5,714,888,0,888,1602
10/04/2022,GFK,ND,AGL,CE,Towers with Radar,4,155,17,1,177,0,558,52,0,610,4,713,69,1,787,861,0,861,1648
10/05/2022,GFK,ND,AGL,CE,Towers with Radar,6,81,19,0,106,0,295,13,1,309,6,376,32,1,415,424,0,424,839
10/06/2022,GFK,ND,AGL,CE,Towers with Radar,7,107,16,0,130,0,358,33,0,391,7,465,49,0,521,986,0,986,1507
10/07/2022,GFK,ND,AGL,CE,Towers with Radar,5,139,18,0,162,0,525,48,0,573,5,664,66,0,735,847,0,847,1582
10/08/2022,GFK,ND,AGL,CE,Towers with Radar,7,129,12,0,148,0,467,25,0,492,7,596,37,0,640,684,0,684,1324
10/09/2022,GFK,ND,AGL,CE,Towers with Radar,7,39,13,0,59,0,140,24,0,164,7,179,37,0,223,380,0,380,603
10/10/2022,GFK,ND,AGL,CE,Towers with Radar,4,147,19,0,170,0,482,50,0,532,4,629,69,0,702,808,0,808,1510
10/11/2022,GFK,ND,AGL,CE,Towers with Radar,4,91,15,0,110,0,255,37,0,292,4,346,52,0,402,435,0,435,837
10/12/2022,GFK,ND,AGL,CE,Towers with Radar,6,32,6,0,44,0,134,9,0,143,6,166,15,0,187,393,0,393,580
10/13/2022,GFK,ND,AGL,CE,Towers with Radar,6,24,10,0,40,0,129,3,0,132,6,153,13,0,172,371,0,371,543
10/14/2022,GFK,ND,AGL,CE,Towers with Radar,4,15,7,0,26,0,10,3,0,13,4,25,10,0,39,84,0,84,123
10/15/2022,GFK,ND,AGL,CE,Towers with Radar,7,72,7,0,86,0,162,22,0,184,7,234,29,0,270,660,0,660,930
10/16/2022,GFK,ND,AGL,CE,Towers with Radar,6,7,8,0,21,0,11,7,0,18,6,18,15,0,39,79,0,79,118
10/17/2022,GFK,ND,AGL,CE,Towers with Radar,4,189,8,0,201,0,572,62,0,634,4,761,70,0,835,802,0,802,1637
10/18/2022,GFK,ND,AGL,CE,Towers with Radar,4,179,21,0,204,0,534,50,0,584,4,713,71,0,788,949,0,949,1737
10/19/2022,GFK,ND,AGL,CE,Towers with Radar,6,177,22,0,205,0,515,51,0,566,6,692,73,0,771,774,0,774,1545
10/20/2022,GFK,ND,AGL,CE,Towers with Radar,6,125,27,0,158,0,538,55,0,593,6,663,82,0,751,917,0,917,1668
10/21/2022,GFK,ND,AGL,CE,Towers with Radar,4,145,13,1,163,0,526,36,0,562,4,671,49,1,725,720,0,720,1445
10/22/2022,GFK,ND,AGL,CE,Towers with Radar,7,120,21,0,148,0,361,33,0,394,7,481,54,0,542,721,0,721,1263
10/23/2022,GFK,ND,AGL,CE,Towers with Radar,6,34,11,0,51,0,143,21,0,164,6,177,32,0,215,251,0,251,466
10/24/2022,GFK,ND,AGL,CE,Towers with Radar,6,3,9,0,18,0,0,0,0,0,6,3,9,0,18,0,0,0,18
10/25/2022,GFK,ND,AGL,CE,Towers with Radar,4,21,13,0,38,0,36,8,0,44,4,57,21,0,82,1133,0,1133,1215
10/26/2022,GFK,ND,AGL,CE,Towers with Radar,7,174,20,0,201,0,553,63,0,616,7,727,83,0,817,850,0,850,1667
10/27/2022,GFK,ND,AGL,CE,Towers with Radar,19,165,17,0,201,0,524,20,0,544,19,689,37,0,745,694,0,694,1439
10/28/2022,GFK,ND,AGL,CE,Towers with Radar,7,169,21,0,197,0,532,61,0,593,7,701,82,0,790,694,0,694,1484
10/29/2022,GFK,ND,AGL,CE,Towers with Radar,8,118,14,0,140,0,405,41,0,446,8,523,55,0,586,899,0,899,1485
10/30/2022,GFK,ND,AGL,CE,Towers with Radar,16,34,16,0,66,0,165,15,0,180,16,199,31,0,246,326,0,326,572
10/31/2022,GFK,ND,AGL,CE,Towers with Radar,9,128,14,0,151,0,489,54,1,544,9,617,68,1,695,855,0,855,1550
11/01/2022,GFK,ND,AGL,CE,Towers with Radar,4,143,22,4,173,0,456,30,0,486,4,599,52,4,659,771,0,771,1430
11/02/2022,GFK,ND,AGL,CE,Towers with Radar,7,63,22,4,96,0,166,5,0,171,7,229,27,4,267,270,0,270,537
11/03/2022,GFK,ND,AGL,CE,Towers with Radar,8,123,14,0,145,0,148,34,0,182,8,271,48,0,327,850,0,850,1177
11/04/2022,GFK,ND,AGL,CE,Towers with Radar,5,162,16,0,183,0,521,66,0,587,5,683,82,0,770,785,0,785,1555
11/05/2022,GFK,ND,AGL,CE,Towers with Radar,9,115,4,0,128,0,373,38,0,411,9,488,42,0,539,777,0,777,1316
11/06/2022,GFK,ND,AGL,CE,Towers with Radar,8,2,1,0,11,0,0,1,0,1,8,2,2,0,12,0,0,0,12
11/07/2022,GFK,ND,AGL,CE,Towers with Radar,5,10,9,0,24,0,23,20,0,43,5,33,29,0,67,1017,0,1017,1084
11/08/2022,GFK,ND,AGL,CE,Towers with Radar,6,18,8,0,32,0,50,2,0,52,6,68,10,0,84,102,0,102,186
11/09/2022,GFK,ND,AGL,CE,Towers with Radar,5,1,12,0,18,1,0,1,0,2,6,1,13,0,20,0,0,0,20
11/10/2022,GFK,ND,AGL,CE,Towers with Radar,0,0,0,0,0,0,0,0,0,0,0,0,0,0,0,0,0,0,0
11/11/2022,GFK,ND,AGL,CE,Towers with Radar,4,3,9,0,16,0,0,0,0,0,4,3,9,0,16,0,0,0,16
11/12/2022,GFK,ND,AGL,CE,Towers with Radar,7,9,13,0,29,0,0,4,0,4,7,9,17,0,33,30,0,30,63
11/13/2022,GFK,ND,AGL,CE,Towers with Radar,7,10,7,0,24,0,11,11,0,22,7,21,18,0,46,398,0,398,444
11/14/2022,GFK,ND,AGL,CE,Towers with Radar,4,9,5,0,18,0,0,0,0,0,4,9,5,0,18,0,0,0,18
11/15/2022,GFK,ND,AGL,CE,Towers with Radar,4,2,11,0,17,0,0,0,0,0,4,2,11,0,17,4,0,4,21
11/16/2022,GFK,ND,AGL,CE,Towers with Radar,4,33,13,0,50,0,157,19,0,176,4,190,32,0,226,389,0,389,615
11/17/2022,GFK,ND,AGL,CE,Towers with Radar,7,2,8,0,17,0,0,0,0,0,7,2,8,0,17,0,0,0,17
11/18/2022,GFK,ND,AGL,CE,Towers with Radar,4,78,13,0,95,0,86,11,0,97,4,164,24,0,192,602,0,602,794
11/19/2022,GFK,ND,AGL,CE,Towers with Radar,8,122,11,0,141,0,367,36,0,403,8,489,47,0,544,560,0,560,1104
11/20/2022,GFK,ND,AGL,CE,Towers with Radar,7,66,7,0,80,0,234,13,0,247,7,300,20,0,327,428,0,428,755
11/21/2022,GFK,ND,AGL,CE,Towers with Radar,4,1,12,0,17,0,11,14,0,25,4,12,26,0,42,1307,0,1307,1349
11/22/2022,GFK,ND,AGL,CE,Towers with Radar,10,202,14,0,226,0,523,53,0,576,10,725,67,0,802,1040,0,1040,1842
11/23/2022,GFK,ND,AGL,CE,Towers with Radar,5,95,17,0,117,0,307,22,0,329,5,402,39,0,446,517,0,517,963
11/24/2022,GFK,ND,AGL,CE,Towers with Radar,3,0,2,0,5,0,0,0,0,0,3,0,2,0,5,0,0,0,5
11/25/2022,GFK,ND,AGL,CE,Towers with Radar,7,61,8,0,76,0,203,21,0,224,7,264,29,0,300,180,0,180,480
11/26/2022,GFK,ND,AGL,CE,Towers with Radar,9,65,2,0,76,0,182,24,0,206,9,247,26,0,282,303,0,303,585
11/27/2022,GFK,ND,AGL,CE,Towers with Radar,4,54,5,0,63,0,198,16,0,214,4,252,21,0,277,434,0,434,711
11/28/2022,GFK,ND,AGL,CE,Towers with Radar,4,125,13,8,150,0,324,26,2,352,4,449,39,10,502,1098,0,1098,1600
11/29/2022,GFK,ND,AGL,CE,Towers with Radar,0,32,13,0,45,0,221,16,0,237,0,253,29,0,282,963,0,963,1245
11/30/2022,GFK,ND,AGL,CE,Towers with Radar,4,113,21,0,138,0,251,12,0,263,4,364,33,0,401,753,0,753,1154
12/01/2022,GFK,ND,AGL,CE,Towers with Radar,6,184,19,0,209,0,521,40,0,561,6,705,59,0,770,737,0,737,1507
12/02/2022,GFK,ND,AGL,CE,Towers with Radar,4,0,5,0,9,0,0,0,0,0,4,0,5,0,9,10,0,10,19
12/03/2022,GFK,ND,AGL,CE,Towers with Radar,6,111,12,0,129,0,363,36,2,401,6,474,48,2,530,936,0,936,1466
12/04/2022,GFK,ND,AGL,CE,Towers with Radar,6,53,9,0,68,0,190,8,0,198,6,243,17,0,266,310,0,310,576
12/05/2022,GFK,ND,AGL,CE,Towers with Radar,3,104,17,1,125,0,220,26,1,247,3,324,43,2,372,929,0,929,1301
12/06/2022,GFK,ND,AGL,CE,Towers with Radar,4,9,14,0,27,0,0,0,0,0,4,9,14,0,27,38,0,38,65
12/07/2022,GFK,ND,AGL,CE,Towers with Radar,4,155,7,0,166,0,477,32,0,509,4,632,39,0,675,805,0,805,1480
12/08/2022,GFK,ND,AGL,CE,Towers with Radar,5,50,15,0,70,0,174,9,0,183,5,224,24,0,253,319,0,319,572
12/09/2022,GFK,ND,AGL,CE,Towers with Radar,6,4,9,0,19,0,0,0,0,0,6,4,9,0,19,0,0,0,19
12/10/2022,GFK,ND,AGL,CE,Towers with Radar,8,6,3,0,17,0,0,0,0,0,8,6,3,0,17,0,0,0,17
12/11/2022,GFK,ND,AGL,CE,Towers with Radar,7,3,9,0,19,0,4,6,0,10,7,7,15,0,29,244,0,244,273
12/12/2022,GFK,ND,AGL,CE,Towers with Radar,4,7,3,0,14,0,0,7,0,7,4,7,10,0,21,241,0,241,262
12/13/2022,GFK,ND,AGL,CE,Towers with Radar,2,0,1,0,3,0,0,0,0,0,2,0,1,0,3,0,0,0,3
12/14/2022,GFK,ND,AGL,CE,Towers with Radar,6,7,3,0,16,0,0,0,0,0,6,7,3,0,16,0,0,0,16
12/15/2022,GFK,ND,AGL,CE,Towers with Radar,4,0,2,0,6,0,0,0,0,0,4,0,2,0,6,0,0,0,6
12/16/2022,GFK,ND,AGL,CE,Towers with Radar,8,3,1,0,12,0,0,0,0,0,8,3,1,0,12,0,0,0,12
12/17/2022,GFK,ND,AGL,CE,Towers with Radar,8,7,5,0,20,0,0,0,0,0,8,7,5,0,20,0,0,0,20
12/18/2022,GFK,ND,AGL,CE,Towers with Radar,4,49,3,0,56,0,49,4,0,53,4,98,7,0,109,120,0,120,229
12/19/2022,GFK,ND,AGL,CE,Towers with Radar,6,9,12,0,27,0,0,0,0,0,6,9,12,0,27,0,0,0,27
12/20/2022,GFK,ND,AGL,CE,Towers with Radar,6,40,18,0,64,0,93,7,0,100,6,133,25,0,164,166,0,166,330
12/21/2022,GFK,ND,AGL,CE,Towers with Radar,6,7,7,0,20,0,0,0,0,0,6,7,7,0,20,0,0,0,20
12/22/2022,GFK,ND,AGL,CE,Towers with Radar,4,3,10,0,17,0,2,2,0,4,4,5,12,0,21,7,0,7,28
12/23/2022,GFK,ND,AGL,CE,Towers with Radar,2,2,3,0,7,0,0,0,0,0,2,2,3,0,7,0,0,0,7
12/24/2022,GFK,ND,AGL,CE,Towers with Radar,3,4,6,0,13,0,0,0,0,0,3,4,6,0,13,0,0,0,13
12/25/2022,GFK,ND,AGL,CE,Towers with Radar,2,7,1,0,10,0,0,0,0,0,2,7,1,0,10,0,0,0,10
12/26/2022,GFK,ND,AGL,CE,Towers with Radar,6,2,9,0,17,0,0,8,0,8,6,2,17,0,25,16,0,16,41
12/27/2022,GFK,ND,AGL,CE,Towers with Radar,6,2,5,0,13,0,2,1,0,3,6,4,6,0,16,0,0,0,16
12/28/2022,GFK,ND,AGL,CE,Towers with Radar,6,13,10,0,29,0,27,5,0,32,6,40,15,0,61,141,0,141,202
12/29/2022,GFK,ND,AGL,CE,Towers with Radar,6,3,8,0,17,0,0,0,0,0,6,3,8,0,17,6,0,6,23
12/30/2022,GFK,ND,AGL,CE,Towers with Radar,6,9,12,0,27,0,0,2,2,4,6,9,14,2,31,116,0,116,147
12/31/2022,GFK,ND,AGL,CE,Towers with Radar,7,2,3,0,12,0,0,0,0,0,7,2,3,0,12,0,0,0,12
01/01/2023,GFK,ND,AGL,CE,Towers with Radar,6,7,7,0,20,0,0,0,0,0,6,7,7,0,20,0,0,0,20
01/02/2023,GFK,ND,AGL,CE,Towers with Radar,6,2,9,0,17,0,0,17,0,17,6,2,26,0,34,8,0,8,42
01/03/2023,GFK,ND,AGL,CE,Towers with Radar,0,0,7,0,7,0,0,0,0,0,0,0,7,0,7,0,0,0,7
01/04/2023,GFK,ND,AGL,CE,Towers with Radar,8,0,12,0,20,0,0,8,0,8,8,0,20,0,28,15,0,15,43
01/05/2023,GFK,ND,AGL,CE,Towers with Radar,6,79,8,0,93,0,179,19,0,198,6,258,27,0,291,505,0,505,796
01/06/2023,GFK,ND,AGL,CE,Towers with Radar,6,3,21,0,30,0,1,1,0,2,6,4,22,0,32,391,0,391,423
01/07/2023,GFK,ND,AGL,CE,Towers with Radar,7,33,3,0,43,0,51,3,0,54,7,84,6,0,97,408,0,408,505
01/08/2023,GFK,ND,AGL,CE,Towers with Radar,6,78,5,0,89,0,293,19,0,312,6,371,24,0,401,500,0,500,901
01/09/2023,GFK,ND,AGL,CE,Towers with Radar,6,0,5,0,11,0,0,0,0,0,6,0,5,0,11,0,0,0,11
01/10/2023,GFK,ND,AGL,CE,Towers with Radar,4,2,9,0,15,0,0,0,0,0,4,2,9,0,15,0,0,0,15
01/11/2023,GFK,ND,AGL,CE,Towers with Radar,6,2,12,0,20,0,0,0,0,0,6,2,12,0,20,0,0,0,20
01/12/2023,GFK,ND,AGL,CE,Towers with Radar,6,6,14,2,28,0,0,0,0,0,6,6,14,2,28,0,0,0,28
01/13/2023,GFK,ND,AGL,CE,Towers with Radar,7,27,16,0,50,0,107,10,0,117,7,134,26,0,167,293,0,293,460
01/14/2023,GFK,ND,AGL,CE,Towers with Radar,7,100,10,0,117,0,152,21,0,173,7,252,31,0,290,424,0,424,714
01/15/2023,GFK,ND,AGL,CE,Towers with Radar,6,0,4,0,10,0,0,0,0,0,6,0,4,0,10,0,0,0,10
01/16/2023,GFK,ND,AGL,CE,Towers with Radar,8,0,2,0,10,0,0,0,0,0,8,0,2,0,10,0,0,0,10
01/17/2023,GFK,ND,AGL,CE,Towers with Radar,6,3,8,0,17,0,0,0,0,0,6,3,8,0,17,0,0,0,17
01/18/2023,GFK,ND,AGL,CE,Towers with Radar,6,6,13,0,25,0,0,0,0,0,6,6,13,0,25,0,0,0,25
01/19/2023,GFK,ND,AGL,CE,Towers with Radar,6,22,17,0,45,0,32,22,0,54,6,54,39,0,99,398,0,398,497
01/20/2023,GFK,ND,AGL,CE,Towers with Radar,6,4,12,0,22,0,0,0,0,0,6,4,12,0,22,0,0,0,22
01/21/2023,GFK,ND,AGL,CE,Towers with Radar,7,234,11,0,252,0,644,57,0,701,7,878,68,0,953,493,0,493,1446
01/22/2023,GFK,ND,AGL,CE,Towers with Radar,6,59,3,0,68,0,180,21,0,201,6,239,24,0,269,454,0,454,723
01/23/2023,GFK,ND,AGL,CE,Towers with Radar,6,4,5,0,15,0,20,1,2,23,6,24,6,2,38,44,0,44,82
01/24/2023,GFK,ND,AGL,CE,Towers with Radar,4,2,8,0,14,0,0,0,0,0,4,2,8,0,14,20,0,20,34
01/25/2023,GFK,ND,AGL,CE,Towers with Radar,8,35,13,0,56,0,350,31,0,381,8,385,44,0,437,1141,0,1141,1578
01/26/2023,GFK,ND,AGL,CE,Towers with Radar,7,6,5,0,18,0,0,2,0,2,7,6,7,0,20,83,0,83,103
01/27/2023,GFK,ND,AGL,CE,Towers with Radar,8,39,14,0,61,0,91,15,0,106,8,130,29,0,167,448,0,448,615
01/28/2023,GFK,ND,AGL,CE,Towers with Radar,7,212,15,0,234,0,623,37,0,660,7,835,52,0,894,610,0,610,1504
01/29/2023,GFK,ND,AGL,CE,Towers with Radar,6,67,10,0,83,0,292,21,0,313,6,359,31,0,396,378,0,378,774
01/30/2023,GFK,ND,AGL,CE,Towers with Radar,6,212,18,0,236,0,623,33,0,656,6,835,51,0,892,658,0,658,1550
01/31/2023,GFK,ND,AGL,CE,Towers with Radar,4,201,19,6,230,0,569,31,0,600,4,770,50,6,830,776,0,776,1606
02/01/2023,GFK,ND,AGL,CE,Towers with Radar,7,190,14,0,211,0,583,37,0,620,7,773,51,0,831,742,0,742,1573
02/02/2023,GFK,ND,AGL,CE,Towers with Radar,6,200,6,0,212,0,460,32,0,492,6,660,38,0,704,776,0,776,1480
02/03/2023,GFK,ND,AGL,CE,Towers with Radar,6,41,7,0,54,0,261,8,0,269,6,302,15,0,323,469,0,469,792
02/04/2023,GFK,ND,AGL,CE,Towers with Radar,7,110,9,0,126,0,395,33,0,428,7,505,42,0,554,951,0,951,1505
02/05/2023,GFK,ND,AGL,CE,Towers with Radar,6,10,3,0,19,0,45,3,0,48,6,55,6,0,67,677,0,677,744
02/06/2023,GFK,ND,AGL,CE,Towers with Radar,7,42,8,0,57,0,147,6,0,153,7,189,14,0,210,360,0,360,570
02/07/2023,GFK,ND,AGL,CE,Towers with Radar,4,210,15,0,229,0,501,57,0,558,4,711,72,0,787,775,0,775,1562
02/08/2023,GFK,ND,AGL,CE,Towers with Radar,7,174,17,0,198,0,532,47,0,579,7,706,64,0,777,902,0,902,1679
02/09/2023,GFK,ND,AGL,CE,Towers with Radar,7,145,11,0,163,0,220,10,0,230,7,365,21,0,393,353,0,353,746
02/10/2023,GFK,ND,AGL,CE,Towers with Radar,6,224,15,0,245,0,572,47,1,620,6,796,62,1,865,586,0,586,1451
02/11/2023,GFK,ND,AGL,CE,Towers with Radar,7,163,15,0,185,0,539,27,2,568,7,702,42,2,753,746,0,746,1499
02/12/2023,GFK,ND,AGL,CE,Towers with Radar,7,10,2,0,19,0,233,13,0,246,7,243,15,0,265,612,0,612,877
02/13/2023,GFK,ND,AGL,CE,Towers with Radar,7,196,5,0,208,0,517,32,0,549,7,713,37,0,757,839,0,839,1596
02/14/2023,GFK,ND,AGL,CE,Towers with Radar,5,10,4,0,19,0,25,4,0,29,5,35,8,0,48,180,0,180,228
02/15/2023,GFK,ND,AGL,CE,Towers with Radar,4,128,3,2,137,0,379,10,0,389,4,507,13,2,526,701,0,701,1227
02/16/2023,GFK,ND,AGL,CE,Towers with Radar,6,168,12,0,186,0,531,49,0,580,6,699,61,0,766,742,0,742,1508
02/17/2023,GFK,ND,AGL,CE,Towers with Radar,6,144,6,4,160,0,364,18,0,382,6,508,24,4,542,542,0,542,1084
02/18/2023,GFK,ND,AGL,CE,Towers with Radar,7,85,12,0,104,0,242,17,0,259,7,327,29,0,363,751,0,751,1114
02/19/2023,GFK,ND,AGL,CE,Towers with Radar,7,43,4,0,54,0,209,8,0,217,7,252,12,0,271,292,0,292,563
02/20/2023,GFK,ND,AGL,CE,Towers with Radar,6,2,2,0,10,0,0,0,0,0,6,2,2,0,10,0,0,0,10
02/21/2023,GFK,ND,AGL,CE,Towers with Radar,5,57,7,2,71,0,78,5,0,83,5,135,12,2,154,443,0,443,597
02/22/2023,GFK,ND,AGL,CE,Towers with Radar,7,59,2,0,68,0,238,6,2,246,7,297,8,2,314,598,0,598,912
02/23/2023,GFK,ND,AGL,CE,Towers with Radar,9,34,8,0,51,0,27,0,0,27,9,61,8,0,78,169,0,169,247
02/24/2023,GFK,ND,AGL,CE,Towers with Radar,8,144,13,0,165,0,509,31,0,540,8,653,44,0,705,815,0,815,1520
02/25/2023,GFK,ND,AGL,CE,Towers with Radar,8,181,10,0,199,0,515,30,0,545,8,696,40,0,744,773,0,773,1517
02/26/2023,GFK,ND,AGL,CE,Towers with Radar,7,79,13,0,99,0,283,24,0,307,7,362,37,0,406,448,0,448,854
02/27/2023,GFK,ND,AGL,CE,Towers with Radar,6,13,7,0,26,0,119,14,0,133,6,132,21,0,159,254,0,254,413
02/28/2023,GFK,ND,AGL,CE,Towers with Radar,4,137,13,2,156,0,544,34,0,578,4,681,47,2,734,684,0,684,1418
03/01/2023,GFK,ND,AGL,CE,Towers with Radar,4,183,13,0,200,0,495,19,0,514,4,678,32,0,714,918,0,918,1632
03/02/2023,GFK,ND,AGL,CE,Towers with Radar,6,37,9,0,52,0,164,22,0,186,6,201,31,0,238,436,0,436,674
03/03/2023,GFK,ND,AGL,CE,Towers with Radar,6,159,11,0,176,0,616,36,0,652,6,775,47,0,828,684,0,684,1512
03/04/2023,GFK,ND,AGL,CE,Towers with Radar,7,162,14,1,184,0,525,41,0,566,7,687,55,1,750,753,0,753,1503
03/05/2023,GFK,ND,AGL,CE,Towers with Radar,6,4,6,1,17,0,3,1,0,4,6,7,7,1,21,62,0,62,83
03/06/2023,GFK,ND,AGL,CE,Towers with Radar,7,162,8,0,177,0,414,13,0,427,7,576,21,0,604,627,0,627,1231
03/07/2023,GFK,ND,AGL,CE,Towers with Radar,4,84,23,0,111,0,430,38,0,468,4,514,61,0,579,856,0,856,1435
03/08/2023,GFK,ND,AGL,CE,Towers with Radar,7,3,7,0,17,0,0,0,0,0,7,3,7,0,17,0,0,0,17
03/09/2023,GFK,ND,AGL,CE,Towers with Radar,6,3,3,0,12,0,0,0,0,0,6,3,3,0,12,0,0,0,12
03/10/2023,GFK,ND,AGL,CE,Towers with Radar,6,64,13,0,83,0,233,16,0,249,6,297,29,0,332,837,0,837,1169
03/11/2023,GFK,ND,AGL,CE,Towers with Radar,0,1,0,0,1,0,0,0,0,0,0,1,0,0,1,0,0,0,1
03/12/2023,GFK,ND,AGL,CE,Towers with Radar,8,5,4,0,17,0,0,4,0,4,8,5,8,0,21,16,0,16,37
03/13/2023,GFK,ND,AGL,CE,Towers with Radar,6,79,14,0,99,0,177,29,0,206,6,256,43,0,305,336,0,336,641
03/14/2023,GFK,ND,AGL,CE,Towers with Radar,4,28,21,0,53,0,89,20,0,109,4,117,41,0,162,227,0,227,389
03/15/2023,GFK,ND,AGL,CE,Towers with Radar,8,83,15,0,106,0,209,45,0,254,8,292,60,0,360,322,0,322,682
03/16/2023,GFK,ND,AGL,CE,Towers with Radar,5,5,2,2,14,0,0,3,0,3,5,5,5,2,17,2,0,2,19
03/17/2023,GFK,ND,AGL,CE,Towers with Radar,7,12,10,0,29,0,1,0,0,1,7,13,10,0,30,0,0,0,30
03/18/2023,GFK,ND,AGL,CE,Towers with Radar,7,72,12,0,91,0,104,18,0,122,7,176,30,0,213,237,0,237,450
03/19/2023,GFK,ND,AGL,CE,Towers with Radar,6,68,6,0,80,0,240,18,0,258,6,308,24,0,338,491,0,491,829
03/20/2023,GFK,ND,AGL,CE,Towers with Radar,6,194,8,4,212,0,590,46,0,636,6,784,54,4,848,955,0,955,1803
03/21/2023,GFK,ND,AGL,CE,Towers with Radar,4,66,8,0,78,0,416,22,0,438,4,482,30,0,516,866,0,866,1382
03/22/2023,GFK,ND,AGL,CE,Towers with Radar,4,64,7,0,75,0,102,10,0,112,4,166,17,0,187,426,0,426,613
03/23/2023,GFK,ND,AGL,CE,Towers with Radar,8,139,15,0,162,0,460,35,0,495,8,599,50,0,657,947,0,947,1604
03/24/2023,GFK,ND,AGL,CE,Towers with Radar,7,46,18,0,71,0,124,14,0,138,7,170,32,0,209,565,0,565,774
03/25/2023,GFK,ND,AGL,CE,Towers with Radar,7,93,5,0,105,0,216,6,0,222,7,309,11,0,327,342,0,342,669
03/26/2023,GFK,ND,AGL,CE,Towers with Radar,8,66,7,0,81,0,257,31,0,288,8,323,38,0,369,447,0,447,816
03/27/2023,GFK,ND,AGL,CE,Towers with Radar,7,163,10,0,180,0,554,49,0,603,7,717,59,0,783,775,0,775,1558
03/28/2023,GFK,ND,AGL,CE,Towers with Radar,4,88,5,0,97,0,167,11,0,178,4,255,16,0,275,232,0,232,507
03/29/2023,GFK,ND,AGL,CE,Towers with Radar,4,144,9,0,157,0,673,49,0,722,4,817,58,0,879,934,0,934,1813
03/30/2023,GFK,ND,AGL,CE,Towers with Radar,6,66,16,1,89,0,337,35,1,373,6,403,51,2,462,546,0,546,1008
03/31/2023,GFK,ND,AGL,CE,Towers with Radar,8,154,13,0,175,0,450,25,0,475,8,604,38,0,650,907,0,907,1557
04/01/2023,GFK,ND,AGL,CE,Towers with Radar,3,138,17,1,159,0,537,44,2,583,3,675,61,3,742,852,0,852,1594
04/02/2023,GFK,ND,AGL,CE,Towers with Radar,4,5,7,0,16,0,34,10,0,44,4,39,17,0,60,213,0,213,273
04/03/2023,GFK,ND,AGL,CE,Towers with Radar,4,7,4,2,17,0,0,0,0,0,4,7,4,2,17,0,0,0,17
04/04/2023,GFK,ND,AGL,CE,Towers with Radar,2,1,3,0,6,0,0,0,0,0,2,1,3,0,6,0,0,0,6
04/05/2023,GFK,ND,AGL,CE,Towers with Radar,4,2,2,0,8,0,0,0,0,0,4,2,2,0,8,0,0,0,8
04/06/2023,GFK,ND,AGL,CE,Towers with Radar,7,4,3,0,14,0,2,21,0,23,7,6,24,0,37,60,0,60,97
04/07/2023,GFK,ND,AGL,CE,Towers with Radar,6,56,13,0,75,0,127,7,0,134,6,183,20,0,209,363,0,363,572
04/08/2023,GFK,ND,AGL,CE,Towers with Radar,7,105,4,0,116,0,384,17,0,401,7,489,21,0,517,454,0,454,971
04/09/2023,GFK,ND,AGL,CE,Towers with Radar,6,2,4,0,12,0,0,20,0,20,6,2,24,0,32,123,0,123,155
04/10/2023,GFK,ND,AGL,CE,Towers with Radar,6,164,23,0,193,0,521,25,0,546,6,685,48,0,739,901,0,901,1640
04/11/2023,GFK,ND,AGL,CE,Towers with Radar,6,179,18,2,205,0,543,31,0,574,6,722,49,2,779,900,0,900,1679
04/12/2023,GFK,ND,AGL,CE,Towers with Radar,5,180,15,0,200,0,612,40,0,652,5,792,55,0,852,958,0,958,1810
04/13/2023,GFK,ND,AGL,CE,Towers with Radar,6,145,15,1,167,0,444,27,1,472,6,589,42,2,639,805,0,805,1444
04/14/2023,GFK,ND,AGL,CE,Towers with Radar,6,76,10,0,92,0,1,2,0,3,6,77,12,0,95,141,16,157,252
04/15/2023,GFK,ND,AGL,CE,Towers with Radar,7,1,6,0,14,0,0,2,0,2,7,1,8,0,16,6,0,6,22
04/16/2023,GFK,ND,AGL,CE,Towers with Radar,6,1,9,0,16,0,0,8,2,10,6,1,17,2,26,0,0,0,26
04/17/2023,GFK,ND,AGL,CE,Towers with Radar,8,186,18,0,212,0,741,44,0,785,8,927,62,0,997,918,0,918,1915
04/18/2023,GFK,ND,AGL,CE,Towers with Radar,5,156,28,0,189,0,542,44,0,586,5,698,72,0,775,710,0,710,1485
04/19/2023,GFK,ND,AGL,CE,Towers with Radar,4,2,4,0,10,0,0,3,0,3,4,2,7,0,13,176,0,176,189
04/20/2023,GFK,ND,AGL,CE,Towers with Radar,5,1,2,0,8,0,0,0,0,0,5,1,2,0,8,16,0,16,24
04/21/2023,GFK,ND,AGL,CE,Towers with Radar,9,4,9,0,22,0,0,0,0,0,9,4,9,0,22,0,0,0,22
04/22/2023,GFK,ND,AGL,CE,Towers with Radar,7,36,5,0,48,0,189,14,0,203,7,225,19,0,251,872,0,872,1123
04/23/2023,GFK,ND,AGL,CE,Towers with Radar,6,37,9,0,52,0,293,75,0,368,6,330,84,0,420,344,0,344,764
04/24/2023,GFK,ND,AGL,CE,Towers with Radar,6,190,8,2,206,0,636,40,0,676,6,826,48,2,882,972,0,972,1854
04/25/2023,GFK,ND,AGL,CE,Towers with Radar,5,205,15,0,225,0,598,61,0,659,5,803,76,0,884,1043,0,1043,1927
04/26/2023,GFK,ND,AGL,CE,Towers with Radar,5,103,9,0,117,0,272,10,0,282,5,375,19,0,399,383,0,383,782
04/27/2023,GFK,ND,AGL,CE,Towers with Radar,6,99,21,0,126,0,205,24,0,229,6,304,45,0,355,1245,0,1245,1600
04/28/2023,GFK,ND,AGL,CE,Towers with Radar,6,76,8,0,90,0,152,27,0,179,6,228,35,0,269,1183,0,1183,1452
04/29/2023,GFK,ND,AGL,CE,Towers with Radar,7,11,1,0,19,0,13,8,0,21,7,24,9,0,40,854,0,854,894
04/30/2023,GFK,ND,AGL,CE,Towers with Radar,6,16,9,0,31,0,33,12,0,45,6,49,21,0,76,72,0,72,148
05/01/2023,GFK,ND,AGL,CE,Towers with Radar,6,89,12,0,107,0,256,19,0,275,6,345,31,0,382,477,0,477,859
05/02/2023,GFK,ND,AGL,CE,Towers with Radar,6,203,16,0,225,0,644,49,0,693,6,847,65,0,918,883,0,883,1801
05/03/2023,GFK,ND,AGL,CE,Towers with Radar,5,1,8,2,16,0,2,55,0,57,5,3,63,2,73,73,0,73,146
05/04/2023,GFK,ND,AGL,CE,Towers with Radar,7,182,15,0,204,0,593,57,0,650,7,775,72,0,854,808,0,808,1662
05/05/2023,GFK,ND,AGL,CE,Towers with Radar,6,117,16,0,139,0,572,30,0,602,6,689,46,0,741,859,0,859,1600
05/06/2023,GFK,ND,AGL,CE,Towers with Radar,7,121,5,0,133,0,73,14,0,87,7,194,19,0,220,636,0,636,856
05/07/2023,GFK,ND,AGL,CE,Towers with Radar,6,75,7,0,88,0,0,0,0,0,6,75,7,0,88,0,0,0,88
05/08/2023,GFK,ND,AGL,CE,Towers with Radar,6,132,11,0,149,0,0,6,0,6,6,132,17,0,155,55,0,55,210
05/09/2023,GFK,ND,AGL,CE,Towers with Radar,6,111,25,1,143,0,506,39,0,545,6,617,64,1,688,902,0,902,1590
05/10/2023,GFK,ND,AGL,CE,Towers with Radar,5,97,18,1,121,0,539,38,1,578,5,636,56,2,699,1019,0,1019,1718
05/11/2023,GFK,ND,AGL,CE,Towers with Radar,6,133,7,0,146,0,479,37,0,516,6,612,44,0,662,879,0,879,1541
05/12/2023,GFK,ND,AGL,CE,Towers with Radar,6,90,6,0,102,0,396,21,0,417,6,486,27,0,519,736,0,736,1255
05/13/2023,GFK,ND,AGL,CE,Towers with Radar,7,66,3,0,76,0,248,26,0,274,7,314,29,0,350,675,0,675,1025
05/14/2023,GFK,ND,AGL,CE,Towers with Radar,7,44,11,0,62,0,185,39,0,224,7,229,50,0,286,327,0,327,613
05/15/2023,GFK,ND,AGL,CE,Towers with Radar,7,136,20,0,163,0,452,41,0,493,7,588,61,0,656,884,0,884,1540
05/16/2023,GFK,ND,AGL,CE,Towers with Radar,4,101,12,2,119,0,429,40,1,470,4,530,52,3,589,823,0,823,1412
05/17/2023,GFK,ND,AGL,CE,Towers with Radar,4,58,27,0,89,0,301,24,0,325,4,359,51,0,414,470,0,470,884
05/18/2023,GFK,ND,AGL,CE,Towers with Radar,6,136,16,0,158,0,9,10,0,19,6,145,26,0,177,131,0,131,308
05/19/2023,GFK,ND,AGL,CE,Towers with Radar,4,99,21,2,126,0,375,25,0,400,4,474,46,2,526,529,0,529,1055
05/20/2023,GFK,ND,AGL,CE,Towers with Radar,5,80,11,0,96,0,345,15,0,360,5,425,26,0,456,515,0,515,971
05/21/2023,GFK,ND,AGL,CE,Towers with Radar,6,47,10,0,63,0,193,35,0,228,6,240,45,0,291,418,0,418,709
05/22/2023,GFK,ND,AGL,CE,Towers with Radar,4,147,15,0,166,0,546,32,0,578,4,693,47,0,744,911,0,911,1655
05/23/2023,GFK,ND,AGL,CE,Towers with Radar,7,117,10,0,134,0,414,47,0,461,7,531,57,0,595,947,0,947,1542
05/24/2023,GFK,ND,AGL,CE,Towers with Radar,4,158,10,0,172,0,285,32,0,317,4,443,42,0,489,698,0,698,1187
05/25/2023,GFK,ND,AGL,CE,Towers with Radar,6,123,16,0,145,0,367,29,1,397,6,490,45,1,542,439,0,439,981
05/26/2023,GFK,ND,AGL,CE,Towers with Radar,4,61,10,0,75,0,174,19,1,194,4,235,29,1,269,314,0,314,583
05/27/2023,GFK,ND,AGL,CE,Towers with Radar,6,42,6,0,54,0,120,8,0,128,6,162,14,0,182,231,0,231,413
05/28/2023,GFK,ND,AGL,CE,Towers with Radar,5,48,11,0,64,0,86,11,0,97,5,134,22,0,161,156,0,156,317
05/29/2023,GFK,ND,AGL,CE,Towers with Radar,4,3,7,1,15,0,0,7,0,7,4,3,14,1,22,0,0,0,22
05/30/2023,GFK,ND,AGL,CE,Towers with Radar,5,65,15,0,85,0,314,34,1,349,5,379,49,1,434,810,0,810,1244
05/31/2023,GFK,ND,AGL,CE,Towers with Radar,7,114,13,0,134,0,329,34,0,363,7,443,47,0,497,693,0,693,1190
06/01/2023,GFK,ND,AGL,CE,Towers with Radar,6,113,15,0,134,0,370,38,0,408,6,483,53,0,542,632,0,632,1174
06/02/2023,GFK,ND,AGL,CE,Towers with Radar,4,55,33,0,92,0,168,27,0,195,4,223,60,0,287,89,0,89,376
06/03/2023,GFK,ND,AGL,CE,Towers with Radar,9,60,18,0,87,0,182,43,0,225,9,242,61,0,312,80,0,80,392
06/04/2023,GFK,ND,AGL,CE,Towers with Radar,6,1,12,0,19,0,2,22,0,24,6,3,34,0,43,8,0,8,51
06/05/2023,GFK,ND,AGL,CE,Towers with Radar,4,52,28,0,84,0,117,25,0,142,4,169,53,0,226,143,0,143,369
06/06/2023,GFK,ND,AGL,CE,Towers with Radar,4,79,17,0,100,0,203,30,0,233,4,282,47,0,333,84,0,84,417
06/07/2023,GFK,ND,AGL,CE,Towers with Radar,4,70,22,0,96,0,196,39,0,235,4,266,61,0,331,40,0,40,371
06/08/2023,GFK,ND,AGL,CE,Towers with Radar,6,231,19,0,256,0,245,35,2,282,6,476,54,2,538,131,0,131,669
06/09/2023,GFK,ND,AGL,CE,Towers with Radar,4,55,16,0,75,0,245,17,0,262,4,300,33,0,337,63,0,63,400
06/10/2023,GFK,ND,AGL,CE,Towers with Radar,4,94,14,0,112,0,136,13,0,149,4,230,27,0,261,42,0,42,303
06/11/2023,GFK,ND,AGL,CE,Towers with Radar,6,4,5,0,15,0,0,25,0,25,6,4,30,0,40,68,0,68,108
06/12/2023,GFK,ND,AGL,CE,Towers with Radar,4,128,16,0,148,0,328,34,0,362,4,456,50,0,510,81,0,81,591
06/13/2023,GFK,ND,AGL,CE,Towers with Radar,5,60,13,0,78,0,418,32,0,450,5,478,45,0,528,299,0,299,827
06/14/2023,GFK,ND,AGL,CE,Towers with Radar,5,271,21,0,297,0,82,3,0,85,5,353,24,0,382,169,0,169,551
06/15/2023,GFK,ND,AGL,CE,Towers with Radar,6,213,27,0,246,0,510,45,0,555,6,723,72,0,801,593,0,593,1394
06/16/2023,GFK,ND,AGL,CE,Towers with Radar,4,102,15,2,123,0,307,30,0,337,4,409,45,2,460,507,0,507,967
06/17/2023,GFK,ND,AGL,CE,Towers with Radar,5,71,7,0,83,0,180,30,0,210,5,251,37,0,293,345,0,345,638
06/18/2023,GFK,ND,AGL,CE,Towers with Radar,6,4,5,0,15,0,0,20,0,20,6,4,25,0,35,68,0,68,103
06/19/2023,GFK,ND,AGL,CE,Towers with Radar,4,149,11,0,164,0,406,21,1,428,4,555,32,1,592,752,0,752,1344
06/20/2023,GFK,ND,AGL,CE,Towers with Radar,6,38,17,0,61,0,66,47,0,113,6,104,64,0,174,100,0,100,274
06/21/2023,GFK,ND,AGL,CE,Towers with Radar,4,115,15,0,134,0,243,27,0,270,4,358,42,0,404,761,0,761,1165
06/22/2023,GFK,ND,AGL,CE,Towers with Radar,6,217,8,2,233,0,42,13,0,55,6,259,21,2,288,307,0,307,595
06/23/2023,GFK,ND,AGL,CE,Towers with Radar,4,122,10,5,141,0,371,32,0,403,4,493,42,5,544,608,0,608,1152
06/24/2023,GFK,ND,AGL,CE,Towers with Radar,5,39,9,0,53,0,9,2,0,11,5,48,11,0,64,7,0,7,71
06/25/2023,GFK,ND,AGL,CE,Towers with Radar,6,8,7,0,21,0,0,11,0,11,6,8,18,0,32,36,0,36,68
06/26/2023,GFK,ND,AGL,CE,Towers with Radar,4,194,35,0,233,0,501,41,0,542,4,695,76,0,775,664,0,664,1439
06/27/2023,GFK,ND,AGL,CE,Towers with Radar,4,164,22,0,190,0,468,31,0,499,4,632,53,0,689,620,0,620,1309
06/28/2023,GFK,ND,AGL,CE,Towers with Radar,6,153,27,0,186,0,300,29,0,329,6,453,56,0,515,943,0,943,1458
06/29/2023,GFK,ND,AGL,CE,Towers with Radar,9,193,12,0,214,0,477,36,0,513,9,670,48,0,727,769,0,769,1496
06/30/2023,GFK,ND,AGL,CE,Towers with Radar,4,168,25,0,197,0,421,42,0,463,4,589,67,0,660,647,0,647,1307
07/01/2023,GFK,ND,AGL,CE,Towers with Radar,6,7,6,0,19,0,0,33,0,33,6,7,39,0,52,46,0,46,98
07/02/2023,GFK,ND,AGL,CE,Towers with Radar,10,1,1,0,12,0,3,20,0,23,10,4,21,0,35,71,0,71,106
07/03/2023,GFK,ND,AGL,CE,Towers with Radar,4,3,1,0,8,0,0,22,0,22,4,3,23,0,30,65,0,65,95
07/04/2023,GFK,ND,AGL,CE,Towers with Radar,5,4,1,0,10,0,0,14,0,14,5,4,15,0,24,64,0,64,88
07/05/2023,GFK,ND,AGL,CE,Towers with Radar,4,146,15,0,165,0,286,26,0,312,4,432,41,0,477,779,0,779,1256
07/06/2023,GFK,ND,AGL,CE,Towers with Radar,9,112,5,0,126,0,352,34,0,386,9,464,39,0,512,590,0,590,1102
07/07/2023,GFK,ND,AGL,CE,Towers with Radar,5,160,4,0,169,0,332,16,0,348,5,492,20,0,517,962,0,962,1479
07/08/2023,GFK,ND,AGL,CE,Towers with Radar,4,100,24,0,128,0,314,19,0,333,4,414,43,0,461,395,0,395,856
07/09/2023,GFK,ND,AGL,CE,Towers with Radar,7,2,7,0,16,0,0,6,0,6,7,2,13,0,22,6,0,6,28
07/10/2023,GFK,ND,AGL,CE,Towers with Radar,6,187,8,0,201,0,414,32,0,446,6,601,40,0,647,577,0,577,1224
07/11/2023,GFK,ND,AGL,CE,Towers with Radar,5,152,14,0,171,0,469,34,0,503,5,621,48,0,674,963,0,963,1637
07/12/2023,GFK,ND,AGL,CE,Towers with Radar,5,150,15,0,170,0,472,47,0,519,5,622,62,0,689,810,0,810,1499
07/13/2023,GFK,ND,AGL,CE,Towers with Radar,6,95,15,0,116,0,333,30,0,363,6,428,45,0,479,250,0,250,729
07/14/2023,GFK,ND,AGL,CE,Towers with Radar,4,104,10,0,118,0,366,25,0,391,4,470,35,0,509,126,0,126,635
07/15/2023,GFK,ND,AGL,CE,Towers with Radar,5,93,3,2,103,0,224,14,0,238,5,317,17,2,341,57,0,57,398
07/16/2023,GFK,ND,AGL,CE,Towers with Radar,4,1,3,0,8,0,0,8,0,8,4,1,11,0,16,18,0,18,34
07/17/2023,GFK,ND,AGL,CE,Towers with Radar,6,175,23,0,204,0,428,28,1,457,6,603,51,1,661,666,0,666,1327
07/18/2023,GFK,ND,AGL,CE,Towers with Radar,5,122,14,2,143,0,228,10,0,238,5,350,24,2,381,560,0,560,941
07/19/2023,GFK,ND,AGL,CE,Towers with Radar,6,85,16,0,107,0,377,24,0,401,6,462,40,0,508,539,0,539,1047
07/20/2023,GFK,ND,AGL,CE,Towers with Radar,6,132,26,0,164,0,475,32,0,507,6,607,58,0,671,652,0,652,1323
07/21/2023,GFK,ND,AGL,CE,Towers with Radar,4,89,11,0,104,0,334,23,0,357,4,423,34,0,461,483,0,483,944
07/22/2023,GFK,ND,AGL,CE,Towers with Radar,5,65,11,0,81,0,276,30,0,306,5,341,41,0,387,410,0,410,797
07/23/2023,GFK,ND,AGL,CE,Towers with Radar,6,4,7,0,17,0,0,20,0,20,6,4,27,0,37,0,0,0,37
07/24/2023,GFK,ND,AGL,CE,Towers with Radar,4,110,13,0,127,0,305,28,0,333,4,415,41,0,460,769,0,769,1229
07/25/2023,GFK,ND,AGL,CE,Towers with Radar,5,67,12,0,84,0,291,33,0,324,5,358,45,0,408,651,0,651,1059
07/26/2023,GFK,ND,AGL,CE,Towers with Radar,5,97,14,0,116,0,349,20,2,371,5,446,34,2,487,722,0,722,1209
07/27/2023,GFK,ND,AGL,CE,Towers with Radar,7,79,22,2,110,0,392,21,0,413,7,471,43,2,523,836,0,836,1359
07/28/2023,GFK,ND,AGL,CE,Towers with Radar,4,127,15,0,146,0,99,16,0,115,4,226,31,0,261,426,0,426,687
07/29/2023,GFK,ND,AGL,CE,Towers with Radar,5,53,11,0,69,0,241,19,0,260,5,294,30,0,329,428,0,428,757
07/30/2023,GFK,ND,AGL,CE,Towers with Radar,6,4,4,0,14,0,0,20,0,20,6,4,24,0,34,60,0,60,94
07/31/2023,GFK,ND,AGL,CE,Towers with Radar,4,82,17,0,103,0,379,34,0,413,4,461,51,0,516,875,0,875,1391
08/01/2023,GFK,ND,AGL,CE,Towers with Radar,4,63,14,0,81,0,296,26,0,322,4,359,40,0,403,542,0,542,945
08/02/2023,GFK,ND,AGL,CE,Towers with Radar,4,81,17,0,102,0,362,34,0,396,4,443,51,0,498,531,0,531,1029
08/03/2023,GFK,ND,AGL,CE,Towers with Radar,6,96,19,1,122,0,365,33,1,399,6,461,52,2,521,532,0,532,1053
08/04/2023,GFK,ND,AGL,CE,Towers with Radar,4,91,16,0,111,0,201,23,0,224,4,292,39,0,335,554,0,554,889
08/05/2023,GFK,ND,AGL,CE,Towers with Radar,5,41,5,0,51,0,181,22,0,203,5,222,27,0,254,431,0,431,685
08/06/2023,GFK,ND,AGL,CE,Towers with Radar,6,7,9,0,22,0,0,24,0,24,6,7,33,0,46,14,0,14,60
08/07/2023,GFK,ND,AGL,CE,Towers with Radar,4,83,17,1,105,0,268,20,1,289,4,351,37,2,394,689,0,689,1083
08/08/2023,GFK,ND,AGL,CE,Towers with Radar,3,58,20,3,84,0,227,21,1,249,3,285,41,4,333,449,0,449,782
08/09/2023,GFK,ND,AGL,CE,Towers with Radar,4,85,20,0,109,0,391,46,0,437,4,476,66,0,546,730,0,730,1276
08/10/2023,GFK,ND,AGL,CE,Towers with Radar,6,58,17,3,84,0,242,26,0,268,6,300,43,3,352,464,0,464,816
08/11/2023,GFK,ND,AGL,CE,Towers with Radar,4,40,19,0,63,0,14,6,0,20,4,54,25,0,83,211,0,211,294
08/12/2023,GFK,ND,AGL,CE,Towers with Radar,5,56,12,0,73,0,57,10,0,67,5,113,22,0,140,314,0,314,454
08/13/2023,GFK,ND,AGL,CE,Towers with Radar,6,1,7,0,14,0,0,12,0,12,6,1,19,0,26,26,0,26,52
08/14/2023,GFK,ND,AGL,CE,Towers with Radar,4,83,18,0,105,0,329,22,0,351,4,412,40,0,456,540,0,540,996
08/15/2023,GFK,ND,AGL,CE,Towers with Radar,4,83,17,0,104,13,393,31,0,437,17,476,48,0,541,238,0,238,779
08/16/2023,GFK,ND,AGL,CE,Towers with Radar,4,6,11,0,21,0,2,5,0,7,4,8,16,0,28,4,0,4,32
08/17/2023,GFK,ND,AGL,CE,Towers with Radar,6,98,24,2,130,0,338,44,0,382,6,436,68,2,512,752,0,752,1264
08/18/2023,GFK,ND,AGL,CE,Towers with Radar,4,26,24,0,54,0,54,17,0,71,4,80,41,0,125,153,0,153,278
08/19/2023,GFK,ND,AGL,CE,Towers with Radar,5,52,9,0,66,0,191,22,0,213,5,243,31,0,279,233,0,233,512
08/20/2023,GFK,ND,AGL,CE,Towers with Radar,6,12,13,0,31,0,59,26,0,85,6,71,39,0,116,232,0,232,348
08/21/2023,GFK,ND,AGL,CE,Towers with Radar,5,27,15,0,47,0,294,17,0,311,5,321,32,0,358,369,0,369,727
08/22/2023,GFK,ND,AGL,CE,Towers with Radar,4,60,24,0,88,0,0,0,0,0,4,60,24,0,88,10,0,10,98
08/23/2023,GFK,ND,AGL,CE,Towers with Radar,4,84,14,0,102,0,28,9,0,37,4,112,23,0,139,399,0,399,538
08/24/2023,GFK,ND,AGL,CE,Towers with Radar,6,94,15,0,115,0,211,11,0,222,6,305,26,0,337,384,0,384,721
08/25/2023,GFK,ND,AGL,CE,Towers with Radar,4,101,13,0,118,0,469,16,0,485,4,570,29,0,603,543,0,543,1146
08/26/2023,GFK,ND,AGL,CE,Towers with Radar,5,115,6,0,126,11,326,23,0,360,16,441,29,0,486,442,0,442,928
08/27/2023,GFK,ND,AGL,CE,Towers with Radar,6,28,12,0,46,0,198,20,0,218,6,226,32,0,264,294,0,294,558
08/28/2023,GFK,ND,AGL,CE,Towers with Radar,4,155,22,0,181,0,565,37,0,602,4,720,59,0,783,659,0,659,1442
08/29/2023,GFK,ND,AGL,CE,Towers with Radar,4,158,34,0,196,0,309,15,0,324,4,467,49,0,520,756,0,756,1276
08/30/2023,GFK,ND,AGL,CE,Towers with Radar,4,131,20,0,155,0,475,28,0,503,4,606,48,0,658,554,0,554,1212
08/31/2023,GFK,ND,AGL,CE,Towers with Radar,6,49,16,0,71,0,120,8,0,128,6,169,24,0,199,235,0,235,434
