01/01/2020,GGG,TX,ASW,CE,Combined TRACON& Tower with Radar,0,4,7,0,11,0,4,4,0,8,0,8,11,0,19,32,0,32,51
01/02/2020,GGG,TX,ASW,CE,Combined TRACON& Tower with Radar,0,2,17,0,19,0,0,1,0,1,0,2,18,0,20,0,0,0,20
01/03/2020,GGG,TX,ASW,CE,Combined TRACON& Tower with Radar,0,9,25,2,36,0,0,5,0,5,0,9,30,2,41,2,0,2,43
01/04/2020,GGG,TX,ASW,CE,Combined TRACON& Tower with Radar,0,4,13,0,17,0,27,24,0,51,0,31,37,0,68,108,0,108,176
01/05/2020,GGG,TX,ASW,CE,Combined TRACON& Tower with Radar,0,5,18,4,27,0,4,25,0,29,0,9,43,4,56,4,6,10,66
01/06/2020,GGG,TX,ASW,CE,Combined TRACON& Tower with Radar,0,9,19,11,39,0,32,18,1,51,0,41,37,12,90,114,2,116,206
01/07/2020,GGG,TX,ASW,CE,Combined TRACON& Tower with Radar,0,12,24,25,61,0,23,29,2,54,0,35,53,27,115,122,0,122,237
01/08/2020,GGG,TX,ASW,CE,Combined TRACON& Tower with Radar,0,9,21,36,66,0,29,18,0,47,0,38,39,36,113,202,4,206,319
01/09/2020,GGG,TX,ASW,CE,Combined TRACON& Tower with Radar,0,8,21,6,35,2,2,4,0,8,2,10,25,6,43,18,0,18,61
01/10/2020,GGG,TX,ASW,CE,Combined TRACON& Tower with Radar,0,14,11,0,25,0,4,0,0,4,0,18,11,0,29,22,0,22,51
01/11/2020,GGG,TX,ASW,CE,Combined TRACON& Tower with Radar,0,11,27,1,39,0,0,2,0,2,0,11,29,1,41,42,0,42,83
01/12/2020,GGG,TX,ASW,CE,Combined TRACON& Tower with Radar,0,9,19,6,34,0,10,10,0,20,0,19,29,6,54,26,0,26,80
01/13/2020,GGG,TX,ASW,CE,Combined TRACON& Tower with Radar,0,9,27,8,44,0,24,18,0,42,0,33,45,8,86,122,0,122,208
01/14/2020,GGG,TX,ASW,CE,Combined TRACON& Tower with Radar,0,12,46,0,58,0,0,4,0,4,0,12,50,0,62,0,0,0,62
01/15/2020,GGG,TX,ASW,CE,Combined TRACON& Tower with Radar,0,13,42,0,55,0,2,5,0,7,0,15,47,0,62,32,0,32,94
01/16/2020,GGG,TX,ASW,CE,Combined TRACON& Tower with Radar,0,12,27,5,44,0,0,0,1,1,0,12,27,6,45,12,0,12,57
01/17/2020,GGG,TX,ASW,CE,Combined TRACON& Tower with Radar,0,24,60,0,84,0,0,1,0,1,0,24,61,0,85,4,0,4,89
01/18/2020,GGG,TX,ASW,CE,Combined TRACON& Tower with Radar,0,12,18,5,35,0,17,25,1,43,0,29,43,6,78,38,6,44,122
01/19/2020,GGG,TX,ASW,CE,Combined TRACON& Tower with Radar,0,6,22,0,28,0,7,45,0,52,0,13,67,0,80,38,0,38,118
01/20/2020,GGG,TX,ASW,CE,Combined TRACON& Tower with Radar,2,5,43,0,50,0,0,46,0,46,2,5,89,0,96,0,0,0,96
01/21/2020,GGG,TX,ASW,CE,Combined TRACON& Tower with Radar,0,8,31,23,62,0,32,32,2,66,0,40,63,25,128,74,0,74,202
01/22/2020,GGG,TX,ASW,CE,Combined TRACON& Tower with Radar,0,4,17,0,21,0,0,0,0,0,0,4,17,0,21,0,0,0,21
01/23/2020,GGG,TX,ASW,CE,Combined TRACON& Tower with Radar,0,5,23,6,34,0,7,8,0,15,0,12,31,6,49,32,10,42,91
01/24/2020,GGG,TX,ASW,CE,Combined TRACON& Tower with Radar,2,6,23,27,58,0,49,37,0,86,2,55,60,27,144,102,0,102,246
01/25/2020,GGG,TX,ASW,CE,Combined TRACON& Tower with Radar,0,4,9,22,35,0,45,42,4,91,0,49,51,26,126,58,6,64,190
01/26/2020,GGG,TX,ASW,CE,Combined TRACON& Tower with Radar,0,6,37,0,43,0,0,3,0,3,0,6,40,0,46,0,0,0,46
01/27/2020,GGG,TX,ASW,CE,Combined TRACON& Tower with Radar,0,8,23,8,39,0,21,16,0,37,0,29,39,8,76,130,6,136,212
01/28/2020,GGG,TX,ASW,CE,Combined TRACON& Tower with Radar,0,7,7,0,14,0,1,0,0,1,0,8,7,0,15,14,0,14,29
01/29/2020,GGG,TX,ASW,CE,Combined TRACON& Tower with Radar,0,15,36,20,71,0,0,0,0,0,0,15,36,20,71,0,0,0,71
01/30/2020,GGG,TX,ASW,CE,Combined TRACON& Tower with Radar,0,8,26,0,34,0,0,4,0,4,0,8,30,0,38,0,0,0,38
01/31/2020,GGG,TX,ASW,CE,Combined TRACON& Tower with Radar,0,11,31,29,71,0,14,11,0,25,0,25,42,29,96,88,0,88,184
02/01/2020,GGG,TX,ASW,CE,Combined TRACON& Tower with Radar,0,5,21,4,30,0,59,37,2,98,0,64,58,6,128,34,0,34,162
02/02/2020,GGG,TX,ASW,CE,Combined TRACON& Tower with Radar,0,7,11,2,20,0,26,38,0,64,0,33,49,2,84,20,0,20,104
02/03/2020,GGG,TX,ASW,CE,Combined TRACON& Tower with Radar,0,14,41,0,55,0,11,6,0,17,0,25,47,0,72,82,0,82,154
02/04/2020,GGG,TX,ASW,CE,Combined TRACON& Tower with Radar,0,10,28,8,46,0,4,3,0,7,0,14,31,8,53,108,0,108,161
02/05/2020,GGG,TX,ASW,CE,Combined TRACON& Tower with Radar,0,3,6,0,9,0,0,0,0,0,0,3,6,0,9,0,0,0,9
02/06/2020,GGG,TX,ASW,CE,Combined TRACON& Tower with Radar,0,7,25,3,35,0,45,23,4,72,0,52,48,7,107,82,6,88,195
02/07/2020,GGG,TX,ASW,CE,Combined TRACON& Tower with Radar,2,8,18,66,94,0,53,64,3,120,2,61,82,69,214,44,26,70,284
02/08/2020,GGG,TX,ASW,CE,Combined TRACON& Tower with Radar,0,6,10,7,23,0,42,41,3,86,0,48,51,10,109,60,18,78,187
02/09/2020,GGG,TX,ASW,CE,Combined TRACON& Tower with Radar,0,7,35,7,49,0,2,3,0,5,0,9,38,7,54,0,0,0,54
02/10/2020,GGG,TX,ASW,CE,Combined TRACON& Tower with Radar,2,6,13,0,21,0,0,0,0,0,2,6,13,0,21,0,0,0,21
02/11/2020,GGG,TX,ASW,CE,Combined TRACON& Tower with Radar,0,8,12,0,20,0,0,0,0,0,0,8,12,0,20,0,0,0,20
02/12/2020,GGG,TX,ASW,CE,Combined TRACON& Tower with Radar,0,6,15,0,21,0,0,0,0,0,0,6,15,0,21,0,0,0,21
02/13/2020,GGG,TX,ASW,CE,Combined TRACON& Tower with Radar,0,10,44,31,85,0,42,14,0,56,0,52,58,31,141,96,40,136,277
02/14/2020,GGG,TX,ASW,CE,Combined TRACON& Tower with Radar,0,10,31,3,44,0,86,49,2,137,0,96,80,5,181,90,0,90,271
02/15/2020,GGG,TX,ASW,CE,Combined TRACON& Tower with Radar,0,5,18,0,23,0,40,33,0,73,0,45,51,0,96,70,0,70,166
02/16/2020,GGG,TX,ASW,CE,Combined TRACON& Tower with Radar,0,14,17,0,31,0,5,9,0,14,0,19,26,0,45,26,0,26,71
02/17/2020,GGG,TX,ASW,CE,Combined TRACON& Tower with Radar,0,10,38,11,59,0,6,5,0,11,0,16,43,11,70,38,0,38,108
02/18/2020,GGG,TX,ASW,CE,Combined TRACON& Tower with Radar,0,4,35,2,41,0,0,2,0,2,0,4,37,2,43,12,0,12,55
02/19/2020,GGG,TX,ASW,CE,Combined TRACON& Tower with Radar,0,7,26,0,33,0,0,0,0,0,0,7,26,0,33,0,0,0,33
02/20/2020,GGG,TX,ASW,CE,Combined TRACON& Tower with Radar,0,18,25,3,46,0,13,14,0,27,0,31,39,3,73,96,6,102,175
02/21/2020,GGG,TX,ASW,CE,Combined TRACON& Tower with Radar,0,9,38,33,80,0,81,65,3,149,0,90,103,36,229,70,14,84,313
02/22/2020,GGG,TX,ASW,CE,Combined TRACON& Tower with Radar,0,5,28,17,50,0,53,102,3,158,0,58,130,20,208,8,0,8,216
02/23/2020,GGG,TX,ASW,CE,Combined TRACON& Tower with Radar,0,6,31,4,41,0,0,0,0,0,0,6,31,4,41,0,0,0,41
02/24/2020,GGG,TX,ASW,CE,Combined TRACON& Tower with Radar,0,7,24,7,38,0,14,11,1,26,0,21,35,8,64,88,10,98,162
02/25/2020,GGG,TX,ASW,CE,Combined TRACON& Tower with Radar,0,4,32,9,45,0,83,49,1,133,0,87,81,10,178,70,6,76,254
02/26/2020,GGG,TX,ASW,CE,Combined TRACON& Tower with Radar,0,4,39,9,52,0,27,16,0,43,0,31,55,9,95,72,0,72,167
02/27/2020,GGG,TX,ASW,CE,Combined TRACON& Tower with Radar,0,9,34,23,66,0,73,51,2,126,0,82,85,25,192,56,20,76,268
02/28/2020,GGG,TX,ASW,CE,Combined TRACON& Tower with Radar,0,13,27,4,44,0,74,53,1,128,0,87,80,5,172,88,0,88,260
02/29/2020,GGG,TX,ASW,CE,Combined TRACON& Tower with Radar,0,6,16,0,22,0,32,36,2,70,0,38,52,2,92,12,0,12,104
03/01/2020,GGG,TX,ASW,CE,Combined TRACON& Tower with Radar,0,6,33,0,39,0,1,3,0,4,0,7,36,0,43,0,0,0,43
03/02/2020,GGG,TX,ASW,CE,Combined TRACON& Tower with Radar,0,12,44,4,60,0,10,6,0,16,0,22,50,4,76,198,4,202,278
03/03/2020,GGG,TX,ASW,CE,Combined TRACON& Tower with Radar,0,4,28,0,32,0,19,8,0,27,0,23,36,0,59,44,0,44,103
03/04/2020,GGG,TX,ASW,CE,Combined TRACON& Tower with Radar,0,5,13,0,18,0,1,1,0,2,0,6,14,0,20,0,0,0,20
03/05/2020,GGG,TX,ASW,CE,Combined TRACON& Tower with Radar,0,9,19,12,40,0,52,65,4,121,0,61,84,16,161,102,4,106,267
03/06/2020,GGG,TX,ASW,CE,Combined TRACON& Tower with Radar,0,12,17,1,30,0,58,27,1,86,0,70,44,2,116,158,0,158,274
03/07/2020,GGG,TX,ASW,CE,Combined TRACON& Tower with Radar,0,4,28,0,32,0,37,42,0,79,0,41,70,0,111,64,0,64,175
03/08/2020,GGG,TX,ASW,CE,Combined TRACON& Tower with Radar,0,12,24,0,36,0,12,23,0,35,0,24,47,0,71,0,0,0,71
03/09/2020,GGG,TX,ASW,CE,Combined TRACON& Tower with Radar,0,7,24,0,31,0,1,0,0,1,0,8,24,0,32,0,0,0,32
03/10/2020,GGG,TX,ASW,CE,Combined TRACON& Tower with Radar,0,10,29,10,49,0,24,18,0,42,0,34,47,10,91,28,2,30,121
03/11/2020,GGG,TX,ASW,CE,Combined TRACON& Tower with Radar,0,12,33,9,54,0,41,25,1,67,0,53,58,10,121,164,2,166,287
03/12/2020,GGG,TX,ASW,CE,Combined TRACON& Tower with Radar,0,6,26,0,32,0,25,14,0,39,0,31,40,0,71,36,0,36,107
03/13/2020,GGG,TX,ASW,CE,Combined TRACON& Tower with Radar,0,8,25,0,33,0,11,0,0,11,0,19,25,0,44,40,0,40,84
03/14/2020,GGG,TX,ASW,CE,Combined TRACON& Tower with Radar,0,4,27,0,31,0,8,6,0,14,0,12,33,0,45,16,0,16,61
03/15/2020,GGG,TX,ASW,CE,Combined TRACON& Tower with Radar,0,5,12,0,17,0,4,0,0,4,0,9,12,0,21,26,0,26,47
03/16/2020,GGG,TX,ASW,CE,Combined TRACON& Tower with Radar,0,6,18,0,24,0,0,0,0,0,0,6,18,0,24,0,0,0,24
03/17/2020,GGG,TX,ASW,CE,Combined TRACON& Tower with Radar,0,9,23,0,32,0,1,2,0,3,0,10,25,0,35,6,0,6,41
03/18/2020,GGG,TX,ASW,CE,Combined TRACON& Tower with Radar,0,4,30,0,34,0,1,10,0,11,0,5,40,0,45,6,0,6,51
03/19/2020,GGG,TX,ASW,CE,Combined TRACON& Tower with Radar,0,4,14,0,18,0,5,4,0,9,0,9,18,0,27,6,0,6,33
03/20/2020,GGG,TX,ASW,CE,Combined TRACON& Tower with Radar,0,8,9,0,17,0,0,1,0,1,0,8,10,0,18,0,0,0,18
03/21/2020,GGG,TX,ASW,CE,Combined TRACON& Tower with Radar,0,7,23,0,30,0,1,1,0,2,0,8,24,0,32,8,0,8,40
03/22/2020,GGG,TX,ASW,CE,Combined TRACON& Tower with Radar,0,3,5,0,8,0,0,0,0,0,0,3,5,0,8,0,0,0,8
03/23/2020,GGG,TX,ASW,CE,Combined TRACON& Tower with Radar,0,6,12,0,18,0,0,0,0,0,0,6,12,0,18,0,0,0,18
03/24/2020,GGG,TX,ASW,CE,Combined TRACON& Tower with Radar,0,4,6,0,10,0,0,14,0,14,0,4,20,0,24,4,0,4,28
03/25/2020,GGG,TX,ASW,CE,Combined TRACON& Tower with Radar,0,3,22,1,26,0,0,28,1,29,0,3,50,2,55,0,0,0,55
03/26/2020,GGG,TX,ASW,CE,Combined TRACON& Tower with Radar,0,5,9,0,14,0,6,19,0,25,0,11,28,0,39,58,0,58,97
03/27/2020,GGG,TX,ASW,CE,Combined TRACON& Tower with Radar,0,6,15,0,21,0,6,9,0,15,0,12,24,0,36,0,0,0,36
03/28/2020,GGG,TX,ASW,CE,Combined TRACON& Tower with Radar,0,4,4,0,8,0,0,2,0,2,0,4,6,0,10,0,0,0,10
03/29/2020,GGG,TX,ASW,CE,Combined TRACON& Tower with Radar,0,4,12,0,16,0,2,23,0,25,0,6,35,0,41,6,0,6,47
03/30/2020,GGG,TX,ASW,CE,Combined TRACON& Tower with Radar,0,3,13,0,16,0,0,9,0,9,0,3,22,0,25,12,0,12,37
03/31/2020,GGG,TX,ASW,CE,Combined TRACON& Tower with Radar,0,3,16,9,28,0,3,9,0,12,0,6,25,9,40,4,16,20,60
04/01/2020,GGG,TX,ASW,CE,Combined TRACON& Tower with Radar,0,2,18,0,20,0,2,18,0,20,0,4,36,0,40,0,0,0,40
04/02/2020,GGG,TX,ASW,CE,Combined TRACON& Tower with Radar,0,4,7,0,11,0,2,11,0,13,0,6,18,0,24,12,0,12,36
04/03/2020,GGG,TX,ASW,CE,Combined TRACON& Tower with Radar,0,5,6,0,11,0,0,0,0,0,0,5,6,0,11,0,0,0,11
04/04/2020,GGG,TX,ASW,CE,Combined TRACON& Tower with Radar,0,6,2,0,8,0,0,0,0,0,0,6,2,0,8,0,0,0,8
04/05/2020,GGG,TX,ASW,CE,Combined TRACON& Tower with Radar,0,3,5,0,8,0,2,2,0,4,0,5,7,0,12,0,0,0,12
04/06/2020,GGG,TX,ASW,CE,Combined TRACON& Tower with Radar,0,4,6,3,13,0,2,16,0,18,0,6,22,3,31,14,0,14,45
04/07/2020,GGG,TX,ASW,CE,Combined TRACON& Tower with Radar,0,5,18,0,23,0,0,10,0,10,0,5,28,0,33,0,0,0,33
04/08/2020,GGG,TX,ASW,CE,Combined TRACON& Tower with Radar,0,3,17,0,20,0,1,9,0,10,0,4,26,0,30,6,0,6,36
04/09/2020,GGG,TX,ASW,CE,Combined TRACON& Tower with Radar,0,3,8,0,11,0,0,12,0,12,0,3,20,0,23,0,0,0,23
04/10/2020,GGG,TX,ASW,CE,Combined TRACON& Tower with Radar,0,2,16,0,18,0,3,23,0,26,0,5,39,0,44,18,0,18,62
04/11/2020,GGG,TX,ASW,CE,Combined TRACON& Tower with Radar,0,2,2,0,4,0,0,4,0,4,0,2,6,0,8,14,0,14,22
04/12/2020,GGG,TX,ASW,CE,Combined TRACON& Tower with Radar,0,2,2,0,4,0,4,4,0,8,0,6,6,0,12,0,0,0,12
04/13/2020,GGG,TX,ASW,CE,Combined TRACON& Tower with Radar,0,4,16,8,28,0,6,28,0,34,0,10,44,8,62,16,0,16,78
04/14/2020,GGG,TX,ASW,CE,Combined TRACON& Tower with Radar,0,2,9,14,25,0,2,8,0,10,0,4,17,14,35,12,32,44,79
04/15/2020,GGG,TX,ASW,CE,Combined TRACON& Tower with Radar,0,0,16,0,16,0,3,24,0,27,0,3,40,0,43,18,0,18,61
04/16/2020,GGG,TX,ASW,CE,Combined TRACON& Tower with Radar,0,2,19,10,31,0,2,34,1,37,0,4,53,11,68,26,0,26,94
04/17/2020,GGG,TX,ASW,CE,Combined TRACON& Tower with Radar,0,2,10,0,12,0,0,2,0,2,0,2,12,0,14,2,0,2,16
04/18/2020,GGG,TX,ASW,CE,Combined TRACON& Tower with Radar,0,2,7,0,9,0,0,4,0,4,0,2,11,0,13,0,0,0,13
04/19/2020,GGG,TX,ASW,CE,Combined TRACON& Tower with Radar,0,2,4,0,6,0,0,1,0,1,0,2,5,0,7,0,0,0,7
04/20/2020,GGG,TX,ASW,CE,Combined TRACON& Tower with Radar,0,2,7,1,10,0,4,15,0,19,0,6,22,1,29,10,0,10,39
04/21/2020,GGG,TX,ASW,CE,Combined TRACON& Tower with Radar,0,0,22,0,22,0,0,20,0,20,0,0,42,0,42,14,2,16,58
04/22/2020,GGG,TX,ASW,CE,Combined TRACON& Tower with Radar,0,2,4,0,6,0,0,0,0,0,0,2,4,0,6,0,0,0,6
04/23/2020,GGG,TX,ASW,CE,Combined TRACON& Tower with Radar,0,4,26,0,30,0,4,25,0,29,0,8,51,0,59,0,0,0,59
04/24/2020,GGG,TX,ASW,CE,Combined TRACON& Tower with Radar,0,2,19,4,25,0,0,27,0,27,0,2,46,4,52,18,0,18,70
04/25/2020,GGG,TX,ASW,CE,Combined TRACON& Tower with Radar,0,2,16,0,18,0,0,22,0,22,0,2,38,0,40,8,0,8,48
04/26/2020,GGG,TX,ASW,CE,Combined TRACON& Tower with Radar,0,3,8,0,11,0,8,17,0,25,0,11,25,0,36,0,0,0,36
04/27/2020,GGG,TX,ASW,CE,Combined TRACON& Tower with Radar,0,2,13,2,17,0,9,26,0,35,0,11,39,2,52,6,0,6,58
04/28/2020,GGG,TX,ASW,CE,Combined TRACON& Tower with Radar,0,2,6,0,8,0,1,2,0,3,0,3,8,0,11,0,0,0,11
04/29/2020,GGG,TX,ASW,CE,Combined TRACON& Tower with Radar,0,2,20,10,32,0,4,15,0,19,0,6,35,10,51,0,16,16,67
04/30/2020,GGG,TX,ASW,CE,Combined TRACON& Tower with Radar,0,2,17,2,21,0,4,24,0,28,0,6,41,2,49,4,0,4,53
05/01/2020,GGG,TX,ASW,CE,Combined TRACON& Tower with Radar,0,2,28,0,30,0,2,43,0,45,0,4,71,0,75,4,0,4,79
05/02/2020,GGG,TX,ASW,CE,Combined TRACON& Tower with Radar,0,0,7,2,9,0,2,11,0,13,0,2,18,2,22,8,4,12,34
05/03/2020,GGG,TX,ASW,CE,Combined TRACON& Tower with Radar,0,2,26,0,28,0,2,17,0,19,0,4,43,0,47,4,0,4,51
05/04/2020,GGG,TX,ASW,CE,Combined TRACON& Tower with Radar,0,1,13,0,14,0,3,16,0,19,0,4,29,0,33,12,0,12,45
05/05/2020,GGG,TX,ASW,CE,Combined TRACON& Tower with Radar,0,1,20,3,24,0,2,13,0,15,0,3,33,3,39,2,2,4,43
05/06/2020,GGG,TX,ASW,CE,Combined TRACON& Tower with Radar,0,0,21,0,21,0,5,22,2,29,0,5,43,2,50,14,0,14,64
05/07/2020,GGG,TX,ASW,CE,Combined TRACON& Tower with Radar,0,0,14,0,14,0,0,23,0,23,0,0,37,0,37,28,0,28,65
05/08/2020,GGG,TX,ASW,CE,Combined TRACON& Tower with Radar,0,0,7,0,7,0,2,5,0,7,0,2,12,0,14,0,0,0,14
05/09/2020,GGG,TX,ASW,CE,Combined TRACON& Tower with Radar,0,1,16,6,23,0,1,25,0,26,0,2,41,6,49,22,0,22,71
05/10/2020,GGG,TX,ASW,CE,Combined TRACON& Tower with Radar,0,0,9,0,9,0,1,17,0,18,0,1,26,0,27,10,0,10,37
05/11/2020,GGG,TX,ASW,CE,Combined TRACON& Tower with Radar,0,2,29,8,39,0,1,39,0,40,0,3,68,8,79,24,0,24,103
05/12/2020,GGG,TX,ASW,CE,Combined TRACON& Tower with Radar,0,0,12,0,12,0,0,12,0,12,0,0,24,0,24,0,0,0,24
05/13/2020,GGG,TX,ASW,CE,Combined TRACON& Tower with Radar,0,0,18,13,31,0,3,4,1,8,0,3,22,14,39,0,24,24,63
05/14/2020,GGG,TX,ASW,CE,Combined TRACON& Tower with Radar,0,0,15,0,15,0,0,9,0,9,0,0,24,0,24,0,0,0,24
05/15/2020,GGG,TX,ASW,CE,Combined TRACON& Tower with Radar,0,3,32,0,35,0,6,1,0,7,0,9,33,0,42,16,0,16,58
05/16/2020,GGG,TX,ASW,CE,Combined TRACON& Tower with Radar,0,0,2,0,2,0,0,0,0,0,0,0,2,0,2,0,0,0,2
05/17/2020,GGG,TX,ASW,CE,Combined TRACON& Tower with Radar,0,0,12,0,12,0,3,3,0,6,0,3,15,0,18,0,0,0,18
05/18/2020,GGG,TX,ASW,CE,Combined TRACON& Tower with Radar,0,2,27,3,32,0,6,27,0,33,0,8,54,3,65,0,0,0,65
05/19/2020,GGG,TX,ASW,CE,Combined TRACON& Tower with Radar,0,1,21,5,27,0,13,27,0,40,0,14,48,5,67,38,14,52,119
05/20/2020,GGG,TX,ASW,CE,Combined TRACON& Tower with Radar,0,1,25,0,26,0,8,5,0,13,0,9,30,0,39,118,0,118,157
05/21/2020,GGG,TX,ASW,CE,Combined TRACON& Tower with Radar,0,0,21,0,21,0,3,3,0,6,0,3,24,0,27,42,0,42,69
05/22/2020,GGG,TX,ASW,CE,Combined TRACON& Tower with Radar,0,1,30,0,31,0,10,19,0,29,0,11,49,0,60,10,0,10,70
05/23/2020,GGG,TX,ASW,CE,Combined TRACON& Tower with Radar,0,2,18,0,20,0,4,8,0,12,0,6,26,0,32,0,0,0,32
05/24/2020,GGG,TX,ASW,CE,Combined TRACON& Tower with Radar,0,0,7,0,7,0,2,1,0,3,0,2,8,0,10,0,0,0,10
05/25/2020,GGG,TX,ASW,CE,Combined TRACON& Tower with Radar,0,1,9,0,10,0,0,1,0,1,0,1,10,0,11,0,0,0,11
05/26/2020,GGG,TX,ASW,CE,Combined TRACON& Tower with Radar,0,4,10,0,14,0,20,10,0,30,0,24,20,0,44,76,0,76,120
05/27/2020,GGG,TX,ASW,CE,Combined TRACON& Tower with Radar,0,2,14,3,19,0,22,9,0,31,0,24,23,3,50,10,12,22,72
05/28/2020,GGG,TX,ASW,CE,Combined TRACON& Tower with Radar,0,4,19,0,23,0,11,10,0,21,0,15,29,0,44,40,0,40,84
05/29/2020,GGG,TX,ASW,CE,Combined TRACON& Tower with Radar,0,2,21,2,25,0,25,30,0,55,0,27,51,2,80,60,20,80,160
05/30/2020,GGG,TX,ASW,CE,Combined TRACON& Tower with Radar,0,1,15,0,16,0,7,20,0,27,0,8,35,0,43,17,0,17,60
05/31/2020,GGG,TX,ASW,CE,Combined TRACON& Tower with Radar,0,0,15,5,20,0,3,8,0,11,0,3,23,5,31,30,0,30,61
06/01/2020,GGG,TX,ASW,CE,Combined TRACON& Tower with Radar,0,1,28,0,29,0,27,31,0,58,0,28,59,0,87,46,0,46,133
06/02/2020,GGG,TX,ASW,CE,Combined TRACON& Tower with Radar,0,0,7,0,7,0,35,32,1,68,0,35,39,1,75,70,0,70,145
06/03/2020,GGG,TX,ASW,CE,Combined TRACON& Tower with Radar,0,4,20,0,24,0,45,23,0,68,0,49,43,0,92,70,0,70,162
06/04/2020,GGG,TX,ASW,CE,Combined TRACON& Tower with Radar,0,2,37,0,39,0,26,12,0,38,0,28,49,0,77,94,0,94,171
06/05/2020,GGG,TX,ASW,CE,Combined TRACON& Tower with Radar,0,4,14,0,18,0,39,27,0,66,0,43,41,0,84,58,0,58,142
06/06/2020,GGG,TX,ASW,CE,Combined TRACON& Tower with Radar,0,0,27,0,27,0,15,14,0,29,0,15,41,0,56,8,0,8,64
06/07/2020,GGG,TX,ASW,CE,Combined TRACON& Tower with Radar,0,0,13,0,13,0,2,12,0,14,0,2,25,0,27,12,0,12,39
06/08/2020,GGG,TX,ASW,CE,Combined TRACON& Tower with Radar,0,1,12,0,13,0,33,9,0,42,0,34,21,0,55,138,0,138,193
06/09/2020,GGG,TX,ASW,CE,Combined TRACON& Tower with Radar,0,3,22,5,30,0,19,13,1,33,0,22,35,6,63,84,10,94,157
06/10/2020,GGG,TX,ASW,CE,Combined TRACON& Tower with Radar,0,6,13,0,19,0,29,23,0,52,0,35,36,0,71,122,0,122,193
06/11/2020,GGG,TX,ASW,CE,Combined TRACON& Tower with Radar,0,4,21,5,30,0,40,21,0,61,0,44,42,5,91,92,0,92,183
06/12/2020,GGG,TX,ASW,CE,Combined TRACON& Tower with Radar,0,2,18,2,22,0,32,19,0,51,0,34,37,2,73,52,0,52,125
06/13/2020,GGG,TX,ASW,CE,Combined TRACON& Tower with Radar,0,0,14,0,14,0,17,19,0,36,0,17,33,0,50,44,0,44,94
06/14/2020,GGG,TX,ASW,CE,Combined TRACON& Tower with Radar,0,0,24,0,24,0,5,23,0,28,0,5,47,0,52,2,0,2,54
06/15/2020,GGG,TX,ASW,CE,Combined TRACON& Tower with Radar,0,5,18,0,23,0,31,20,0,51,0,36,38,0,74,92,0,92,166
06/16/2020,GGG,TX,ASW,CE,Combined TRACON& Tower with Radar,0,5,23,0,28,0,34,15,0,49,0,39,38,0,77,116,0,116,193
06/17/2020,GGG,TX,ASW,CE,Combined TRACON& Tower with Radar,0,7,17,0,24,0,40,19,0,59,0,47,36,0,83,96,0,96,179
06/18/2020,GGG,TX,ASW,CE,Combined TRACON& Tower with Radar,0,10,14,32,56,0,37,28,1,66,0,47,42,33,122,68,8,76,198
06/19/2020,GGG,TX,ASW,CE,Combined TRACON& Tower with Radar,0,4,29,7,40,0,42,34,1,77,0,46,63,8,117,128,0,128,245
06/20/2020,GGG,TX,ASW,CE,Combined TRACON& Tower with Radar,0,1,19,0,20,0,8,10,0,18,0,9,29,0,38,28,0,28,66
06/21/2020,GGG,TX,ASW,CE,Combined TRACON& Tower with Radar,0,0,17,2,19,0,1,6,0,7,0,1,23,2,26,10,0,10,36
06/22/2020,GGG,TX,ASW,CE,Combined TRACON& Tower with Radar,0,5,21,0,26,0,19,10,2,31,0,24,31,2,57,56,0,56,113
06/23/2020,GGG,TX,ASW,CE,Combined TRACON& Tower with Radar,0,4,16,0,20,0,15,12,0,27,0,19,28,0,47,124,0,124,171
06/24/2020,GGG,TX,ASW,CE,Combined TRACON& Tower with Radar,0,4,22,0,26,0,21,6,0,27,0,25,28,0,53,126,0,126,179
06/25/2020,GGG,TX,ASW,CE,Combined TRACON& Tower with Radar,0,5,30,4,39,0,1,2,0,3,0,6,32,4,42,28,0,28,70
06/26/2020,GGG,TX,ASW,CE,Combined TRACON& Tower with Radar,0,5,30,0,35,0,3,4,0,7,0,8,34,0,42,20,0,20,62
06/27/2020,GGG,TX,ASW,CE,Combined TRACON& Tower with Radar,0,3,6,6,15,0,3,8,0,11,0,6,14,6,26,34,0,34,60
06/28/2020,GGG,TX,ASW,CE,Combined TRACON& Tower with Radar,0,0,17,26,43,0,2,11,0,13,0,2,28,26,56,10,0,10,66
06/29/2020,GGG,TX,ASW,CE,Combined TRACON& Tower with Radar,0,4,7,0,11,0,24,3,0,27,0,28,10,0,38,94,0,94,132
06/30/2020,GGG,TX,ASW,CE,Combined TRACON& Tower with Radar,0,1,22,12,35,0,16,4,0,20,0,17,26,12,55,82,10,92,147
07/01/2020,GGG,TX,ASW,CE,Combined TRACON& Tower with Radar,0,2,11,10,23,0,27,14,0,41,0,29,25,10,64,98,0,98,162
07/02/2020,GGG,TX,ASW,CE,Combined TRACON& Tower with Radar,0,3,27,14,44,0,16,14,0,30,0,19,41,14,74,96,0,96,170
07/03/2020,GGG,TX,ASW,CE,Combined TRACON& Tower with Radar,0,0,18,0,18,0,3,21,0,24,0,3,39,0,42,18,0,18,60
07/04/2020,GGG,TX,ASW,CE,Combined TRACON& Tower with Radar,0,1,6,0,7,0,20,13,0,33,0,21,19,0,40,40,0,40,80
07/05/2020,GGG,TX,ASW,CE,Combined TRACON& Tower with Radar,0,2,9,0,11,0,4,5,7,16,0,6,14,7,27,34,0,34,61
07/06/2020,GGG,TX,ASW,CE,Combined TRACON& Tower with Radar,0,6,21,0,27,0,1,1,0,2,0,7,22,0,29,20,0,20,49
07/07/2020,GGG,TX,ASW,CE,Combined TRACON& Tower with Radar,0,4,16,0,20,0,7,3,0,10,0,11,19,0,30,32,0,32,62
07/08/2020,GGG,TX,ASW,CE,Combined TRACON& Tower with Radar,0,15,9,18,42,0,18,5,0,23,0,33,14,18,65,84,10,94,159
07/09/2020,GGG,TX,ASW,CE,Combined TRACON& Tower with Radar,0,6,31,30,67,0,32,18,0,50,0,38,49,30,117,136,4,140,257
07/10/2020,GGG,TX,ASW,CE,Combined TRACON& Tower with Radar,0,8,22,2,32,0,31,26,0,57,0,39,48,2,89,192,0,192,281
07/11/2020,GGG,TX,ASW,CE,Combined TRACON& Tower with Radar,0,11,14,0,25,0,16,29,0,45,0,27,43,0,70,78,0,78,148
07/12/2020,GGG,TX,ASW,CE,Combined TRACON& Tower with Radar,0,2,5,0,7,0,3,17,0,20,0,5,22,0,27,0,0,0,27
07/13/2020,GGG,TX,ASW,CE,Combined TRACON& Tower with Radar,0,9,7,10,26,0,33,20,0,53,0,42,27,10,79,42,0,42,121
07/14/2020,GGG,TX,ASW,CE,Combined TRACON& Tower with Radar,0,6,6,6,18,0,27,31,1,59,0,33,37,7,77,54,0,54,131
07/15/2020,GGG,TX,ASW,CE,Combined TRACON& Tower with Radar,0,11,11,8,30,0,22,15,0,37,0,33,26,8,67,36,4,40,107
07/16/2020,GGG,TX,ASW,CE,Combined TRACON& Tower with Radar,0,4,21,26,51,0,31,27,4,62,0,35,48,30,113,100,0,100,213
07/17/2020,GGG,TX,ASW,CE,Combined TRACON& Tower with Radar,0,10,22,12,44,0,26,27,0,53,0,36,49,12,97,62,2,64,161
07/18/2020,GGG,TX,ASW,CE,Combined TRACON& Tower with Radar,0,9,9,4,22,0,11,16,0,27,0,20,25,4,49,32,0,32,81
07/19/2020,GGG,TX,ASW,CE,Combined TRACON& Tower with Radar,0,2,19,0,21,0,8,16,0,24,0,10,35,0,45,6,0,6,51
07/20/2020,GGG,TX,ASW,CE,Combined TRACON& Tower with Radar,0,6,10,27,43,0,27,21,0,48,0,33,31,27,91,76,0,76,167
07/21/2020,GGG,TX,ASW,CE,Combined TRACON& Tower with Radar,0,4,24,11,39,0,9,3,0,12,0,13,27,11,51,150,0,150,201
07/22/2020,GGG,TX,ASW,CE,Combined TRACON& Tower with Radar,0,7,24,0,31,0,2,5,0,7,0,9,29,0,38,40,0,40,78
07/23/2020,GGG,TX,ASW,CE,Combined TRACON& Tower with Radar,0,10,28,6,44,0,38,17,0,55,0,48,45,6,99,156,0,156,255
07/24/2020,GGG,TX,ASW,CE,Combined TRACON& Tower with Radar,0,14,21,8,43,0,16,18,0,34,0,30,39,8,77,166,0,166,243
07/25/2020,GGG,TX,ASW,CE,Combined TRACON& Tower with Radar,0,4,20,0,24,0,5,4,0,9,0,9,24,0,33,12,0,12,45
07/26/2020,GGG,TX,ASW,CE,Combined TRACON& Tower with Radar,0,4,21,10,35,0,3,6,0,9,0,7,27,10,44,24,10,34,78
07/27/2020,GGG,TX,ASW,CE,Combined TRACON& Tower with Radar,0,8,18,0,26,0,17,8,0,25,0,25,26,0,51,16,0,16,67
07/28/2020,GGG,TX,ASW,CE,Combined TRACON& Tower with Radar,0,6,10,19,35,0,19,9,0,28,0,25,19,19,63,104,4,108,171
07/29/2020,GGG,TX,ASW,CE,Combined TRACON& Tower with Radar,0,17,20,2,39,0,19,18,1,38,0,36,38,3,77,86,14,100,177
07/30/2020,GGG,TX,ASW,CE,Combined TRACON& Tower with Radar,0,10,26,45,81,0,26,18,1,45,0,36,44,46,126,64,16,80,206
07/31/2020,GGG,TX,ASW,CE,Combined TRACON& Tower with Radar,0,8,27,0,35,0,19,6,0,25,0,27,33,0,60,80,0,80,140
08/01/2020,GGG,TX,ASW,CE,Combined TRACON& Tower with Radar,0,5,15,0,20,0,17,32,0,49,0,22,47,0,69,54,0,54,123
08/02/2020,GGG,TX,ASW,CE,Combined TRACON& Tower with Radar,0,0,20,5,25,0,2,13,1,16,0,2,33,6,41,30,0,30,71
08/03/2020,GGG,TX,ASW,CE,Combined TRACON& Tower with Radar,0,7,12,2,21,0,29,29,0,58,0,36,41,2,79,162,0,162,241
08/04/2020,GGG,TX,ASW,CE,Combined TRACON& Tower with Radar,0,8,10,0,18,0,20,12,0,32,0,28,22,0,50,114,0,114,164
08/05/2020,GGG,TX,ASW,CE,Combined TRACON& Tower with Radar,0,9,21,0,30,0,6,7,0,13,0,15,28,0,43,34,0,34,77
08/06/2020,GGG,TX,ASW,CE,Combined TRACON& Tower with Radar,0,6,22,23,51,0,26,26,1,53,0,32,48,24,104,196,0,196,300
08/07/2020,GGG,TX,ASW,CE,Combined TRACON& Tower with Radar,0,3,25,16,44,0,30,19,2,51,0,33,44,18,95,190,10,200,295
08/08/2020,GGG,TX,ASW,CE,Combined TRACON& Tower with Radar,0,0,14,12,26,0,11,23,0,34,0,11,37,12,60,184,0,184,244
08/09/2020,GGG,TX,ASW,CE,Combined TRACON& Tower with Radar,0,3,21,4,28,0,1,10,0,11,0,4,31,4,39,8,0,8,47
08/10/2020,GGG,TX,ASW,CE,Combined TRACON& Tower with Radar,0,9,15,36,60,0,26,10,0,36,0,35,25,36,96,148,14,162,258
08/11/2020,GGG,TX,ASW,CE,Combined TRACON& Tower with Radar,0,6,34,19,59,0,18,15,0,33,0,24,49,19,92,174,0,174,266
08/12/2020,GGG,TX,ASW,CE,Combined TRACON& Tower with Radar,0,2,27,7,36,0,17,9,0,26,0,19,36,7,62,114,6,120,182
08/13/2020,GGG,TX,ASW,CE,Combined TRACON& Tower with Radar,0,7,24,12,43,0,35,34,1,70,0,42,58,13,113,208,0,208,321
08/14/2020,GGG,TX,ASW,CE,Combined TRACON& Tower with Radar,0,4,25,12,41,0,18,25,0,43,0,22,50,12,84,198,8,206,290
08/15/2020,GGG,TX,ASW,CE,Combined TRACON& Tower with Radar,0,4,12,23,39,0,16,23,2,41,0,20,35,25,80,160,1,161,241
08/16/2020,GGG,TX,ASW,CE,Combined TRACON& Tower with Radar,0,0,18,0,18,0,5,17,4,26,0,5,35,4,44,0,0,0,44
08/17/2020,GGG,TX,ASW,CE,Combined TRACON& Tower with Radar,0,12,14,8,34,0,13,13,0,26,0,25,27,8,60,146,2,148,208
08/18/2020,GGG,TX,ASW,CE,Combined TRACON& Tower with Radar,0,6,17,8,31,0,24,27,2,53,0,30,44,10,84,126,4,130,214
08/19/2020,GGG,TX,ASW,CE,Combined TRACON& Tower with Radar,0,3,9,0,12,0,34,21,0,55,0,37,30,0,67,132,0,132,199
08/20/2020,GGG,TX,ASW,CE,Combined TRACON& Tower with Radar,0,0,16,2,18,0,38,17,0,55,0,38,33,2,73,114,0,114,187
08/21/2020,GGG,TX,ASW,CE,Combined TRACON& Tower with Radar,0,1,10,50,61,0,32,24,0,56,0,33,34,50,117,98,2,100,217
08/22/2020,GGG,TX,ASW,CE,Combined TRACON& Tower with Radar,0,1,15,2,18,0,11,28,0,39,0,12,43,2,57,64,0,64,121
08/23/2020,GGG,TX,ASW,CE,Combined TRACON& Tower with Radar,0,1,16,12,29,0,6,19,0,25,0,7,35,12,54,0,0,0,54
08/24/2020,GGG,TX,ASW,CE,Combined TRACON& Tower with Radar,0,0,17,4,21,0,28,29,0,57,0,28,46,4,78,18,0,18,96
08/25/2020,GGG,TX,ASW,CE,Combined TRACON& Tower with Radar,0,5,15,1,21,0,35,18,0,53,0,40,33,1,74,28,0,28,102
08/26/2020,GGG,TX,ASW,CE,Combined TRACON& Tower with Radar,0,15,12,0,27,0,13,1,0,14,0,28,13,0,41,36,0,36,77
08/27/2020,GGG,TX,ASW,CE,Combined TRACON& Tower with Radar,0,1,3,0,4,0,4,3,0,7,0,5,6,0,11,6,0,6,17
08/28/2020,GGG,TX,ASW,CE,Combined TRACON& Tower with Radar,0,10,17,16,43,0,31,12,0,43,0,41,29,16,86,54,4,58,144
08/29/2020,GGG,TX,ASW,CE,Combined TRACON& Tower with Radar,0,2,7,14,23,0,23,23,8,54,0,25,30,22,77,74,18,92,169
08/30/2020,GGG,TX,ASW,CE,Combined TRACON& Tower with Radar,0,0,11,0,11,0,8,16,2,26,0,8,27,2,37,20,0,20,57
08/31/2020,GGG,TX,ASW,CE,Combined TRACON& Tower with Radar,0,4,26,8,38,0,28,9,2,39,0,32,35,10,77,34,0,34,111
09/01/2020,GGG,TX,ASW,CE,Combined TRACON& Tower with Radar,2,1,20,12,35,0,20,8,6,34,2,21,28,18,69,38,2,40,109
09/02/2020,GGG,TX,ASW,CE,Combined TRACON& Tower with Radar,0,8,14,0,22,0,2,1,1,4,0,10,15,1,26,2,0,2,28
09/03/2020,GGG,TX,ASW,CE,Combined TRACON& Tower with Radar,0,1,19,0,20,0,12,6,0,18,0,13,25,0,38,36,0,36,74
09/04/2020,GGG,TX,ASW,CE,Combined TRACON& Tower with Radar,2,2,27,5,36,0,45,24,0,69,2,47,51,5,105,52,0,52,157
09/05/2020,GGG,TX,ASW,CE,Combined TRACON& Tower with Radar,4,5,12,0,21,0,33,20,0,53,4,38,32,0,74,72,0,72,146
09/06/2020,GGG,TX,ASW,CE,Combined TRACON& Tower with Radar,0,1,7,0,8,0,8,28,0,36,0,9,35,0,44,38,0,38,82
09/07/2020,GGG,TX,ASW,CE,Combined TRACON& Tower with Radar,0,4,28,0,32,0,51,27,0,78,0,55,55,0,110,54,0,54,164
09/08/2020,GGG,TX,ASW,CE,Combined TRACON& Tower with Radar,0,6,34,40,80,0,38,21,0,59,0,44,55,40,139,78,0,78,217
09/09/2020,GGG,TX,ASW,CE,Combined TRACON& Tower with Radar,0,6,32,18,56,0,54,23,1,78,0,60,55,19,134,60,16,76,210
09/10/2020,GGG,TX,ASW,CE,Combined TRACON& Tower with Radar,0,18,37,18,73,0,3,1,1,5,0,21,38,19,78,8,0,8,86
09/11/2020,GGG,TX,ASW,CE,Combined TRACON& Tower with Radar,0,5,25,17,47,0,36,15,2,53,0,41,40,19,100,44,0,44,144
09/12/2020,GGG,TX,ASW,CE,Combined TRACON& Tower with Radar,0,4,17,24,45,0,39,44,14,97,0,43,61,38,142,84,30,114,256
09/13/2020,GGG,TX,ASW,CE,Combined TRACON& Tower with Radar,0,2,15,2,19,0,7,6,0,13,0,9,21,2,32,7,0,7,39
09/14/2020,GGG,TX,ASW,CE,Combined TRACON& Tower with Radar,0,11,20,6,37,0,16,5,1,22,0,27,25,7,59,60,0,60,119
09/15/2020,GGG,TX,ASW,CE,Combined TRACON& Tower with Radar,0,6,16,8,30,0,34,22,0,56,0,40,38,8,86,36,4,40,126
09/16/2020,GGG,TX,ASW,CE,Combined TRACON& Tower with Radar,0,4,18,18,40,0,33,22,0,55,0,37,40,18,95,44,0,44,139
09/17/2020,GGG,TX,ASW,CE,Combined TRACON& Tower with Radar,0,10,32,0,42,0,32,19,2,53,0,42,51,2,95,106,0,106,201
09/18/2020,GGG,TX,ASW,CE,Combined TRACON& Tower with Radar,0,13,44,13,70,0,45,37,2,84,0,58,81,15,154,48,10,58,212
09/19/2020,GGG,TX,ASW,CE,Combined TRACON& Tower with Radar,0,5,14,48,67,0,26,18,1,45,0,31,32,49,112,28,2,30,142
09/20/2020,GGG,TX,ASW,CE,Combined TRACON& Tower with Radar,0,2,13,10,25,0,0,23,0,23,0,2,36,10,48,18,0,18,66
09/21/2020,GGG,TX,ASW,CE,Combined TRACON& Tower with Radar,0,16,19,0,35,0,2,2,0,4,0,18,21,0,39,22,0,22,61
09/22/2020,GGG,TX,ASW,CE,Combined TRACON& Tower with Radar,0,8,15,0,23,0,0,0,0,0,0,8,15,0,23,0,0,0,23
09/23/2020,GGG,TX,ASW,CE,Combined TRACON& Tower with Radar,0,10,27,0,37,0,0,0,0,0,0,10,27,0,37,0,0,0,37
09/24/2020,GGG,TX,ASW,CE,Combined TRACON& Tower with Radar,0,10,36,6,52,0,9,9,1,19,0,19,45,7,71,56,2,58,129
09/25/2020,GGG,TX,ASW,CE,Combined TRACON& Tower with Radar,0,15,29,30,74,0,42,17,2,61,0,57,46,32,135,98,22,120,255
09/26/2020,GGG,TX,ASW,CE,Combined TRACON& Tower with Radar,0,6,14,11,31,0,27,15,0,42,0,33,29,11,73,78,10,88,161
09/27/2020,GGG,TX,ASW,CE,Combined TRACON& Tower with Radar,0,2,15,8,25,0,6,9,0,15,0,8,24,8,40,10,2,12,52
09/28/2020,GGG,TX,ASW,CE,Combined TRACON& Tower with Radar,0,6,21,8,35,0,41,12,0,53,0,47,33,8,88,38,16,54,142
09/29/2020,GGG,TX,ASW,CE,Combined TRACON& Tower with Radar,0,11,25,15,51,0,63,41,0,104,0,74,66,15,155,68,2,70,225
09/30/2020,GGG,TX,ASW,CE,Combined TRACON& Tower with Radar,0,7,32,31,70,0,48,25,0,73,0,55,57,31,143,28,4,32,175
10/01/2020,GGG,TX,ASW,CE,Combined TRACON& Tower with Radar,0,8,27,18,53,0,49,41,0,90,0,57,68,18,143,74,8,82,225
10/02/2020,GGG,TX,ASW,CE,Combined TRACON& Tower with Radar,0,6,28,18,52,0,59,28,0,87,0,65,56,18,139,60,0,60,199
10/03/2020,GGG,TX,ASW,CE,Combined TRACON& Tower with Radar,0,5,16,12,33,0,38,24,0,62,0,43,40,12,95,84,0,84,179
10/04/2020,GGG,TX,ASW,CE,Combined TRACON& Tower with Radar,0,2,10,0,12,0,12,32,0,44,0,14,42,0,56,42,0,42,98
10/05/2020,GGG,TX,ASW,CE,Combined TRACON& Tower with Radar,2,6,19,16,43,0,38,34,0,72,2,44,53,16,115,148,0,148,263
10/06/2020,GGG,TX,ASW,CE,Combined TRACON& Tower with Radar,0,7,22,0,29,0,34,24,0,58,0,41,46,0,87,66,0,66,153
10/07/2020,GGG,TX,ASW,CE,Combined TRACON& Tower with Radar,0,9,10,7,26,0,38,22,0,60,0,47,32,7,86,110,0,110,196
10/08/2020,GGG,TX,ASW,CE,Combined TRACON& Tower with Radar,0,9,23,0,32,0,27,21,0,48,0,36,44,0,80,92,0,92,172
10/09/2020,GGG,TX,ASW,CE,Combined TRACON& Tower with Radar,2,10,38,0,50,0,0,0,0,0,2,10,38,0,50,0,0,0,50
10/10/2020,GGG,TX,ASW,CE,Combined TRACON& Tower with Radar,0,12,16,11,39,0,32,16,1,49,0,44,32,12,88,20,8,28,116
10/11/2020,GGG,TX,ASW,CE,Combined TRACON& Tower with Radar,0,4,14,13,31,0,12,29,0,41,0,16,43,13,72,18,12,30,102
10/12/2020,GGG,TX,ASW,CE,Combined TRACON& Tower with Radar,0,8,21,0,29,0,24,9,1,34,0,32,30,1,63,72,0,72,135
10/13/2020,GGG,TX,ASW,CE,Combined TRACON& Tower with Radar,0,11,20,25,56,0,47,38,2,87,0,58,58,27,143,70,4,74,217
10/14/2020,GGG,TX,ASW,CE,Combined TRACON& Tower with Radar,0,9,14,19,42,0,45,31,0,76,0,54,45,19,118,143,0,143,261
10/15/2020,GGG,TX,ASW,CE,Combined TRACON& Tower with Radar,0,17,31,18,66,0,5,13,1,19,0,22,44,19,85,56,0,56,141
10/16/2020,GGG,TX,ASW,CE,Combined TRACON& Tower with Radar,0,12,33,56,101,0,57,24,0,81,0,69,57,56,182,138,18,156,338
10/17/2020,GGG,TX,ASW,CE,Combined TRACON& Tower with Radar,0,8,22,0,30,0,4,15,0,19,0,12,37,0,49,215,0,215,264
10/18/2020,GGG,TX,ASW,CE,Combined TRACON& Tower with Radar,0,8,25,0,33,0,3,17,0,20,0,11,42,0,53,18,0,18,71
10/19/2020,GGG,TX,ASW,CE,Combined TRACON& Tower with Radar,0,9,17,4,30,0,25,8,0,33,0,34,25,4,63,76,0,76,139
10/20/2020,GGG,TX,ASW,CE,Combined TRACON& Tower with Radar,0,12,23,12,47,0,28,15,0,43,0,40,38,12,90,66,4,70,160
10/21/2020,GGG,TX,ASW,CE,Combined TRACON& Tower with Radar,0,19,25,21,65,0,34,27,0,61,0,53,52,21,126,124,2,126,252
10/22/2020,GGG,TX,ASW,CE,Combined TRACON& Tower with Radar,0,10,28,52,90,0,52,31,2,85,0,62,59,54,175,186,66,252,427
10/23/2020,GGG,TX,ASW,CE,Combined TRACON& Tower with Radar,0,9,28,17,54,0,6,2,0,8,0,15,30,17,62,140,12,152,214
10/24/2020,GGG,TX,ASW,CE,Combined TRACON& Tower with Radar,0,8,48,9,65,0,0,6,0,6,0,8,54,9,71,58,0,58,129
10/25/2020,GGG,TX,ASW,CE,Combined TRACON& Tower with Radar,0,4,35,0,39,0,1,2,0,3,0,5,37,0,42,0,0,0,42
10/26/2020,GGG,TX,ASW,CE,Combined TRACON& Tower with Radar,0,15,23,0,38,0,0,0,0,0,0,15,23,0,38,0,0,0,38
10/27/2020,GGG,TX,ASW,CE,Combined TRACON& Tower with Radar,0,9,22,0,31,0,0,0,0,0,0,9,22,0,31,0,0,0,31
10/28/2020,GGG,TX,ASW,CE,Combined TRACON& Tower with Radar,0,19,7,0,26,0,0,0,0,0,0,19,7,0,26,0,0,0,26
10/29/2020,GGG,TX,ASW,CE,Combined TRACON& Tower with Radar,0,17,37,24,78,0,15,20,2,37,0,32,57,26,115,134,4,138,253
10/30/2020,GGG,TX,ASW,CE,Combined TRACON& Tower with Radar,0,10,33,0,43,0,46,57,6,109,0,56,90,6,152,142,0,142,294
10/31/2020,GGG,TX,ASW,CE,Combined TRACON& Tower with Radar,2,7,23,2,34,0,41,82,1,124,2,48,105,3,158,118,0,118,276
11/01/2020,GGG,TX,ASW,CE,Combined TRACON& Tower with Radar,0,3,16,0,19,0,4,21,0,25,0,7,37,0,44,28,0,28,72
11/02/2020,GGG,TX,ASW,CE,Combined TRACON& Tower with Radar,0,10,22,15,47,0,41,42,0,83,0,51,64,15,130,146,2,148,278
11/03/2020,GGG,TX,ASW,CE,Combined TRACON& Tower with Radar,0,4,27,43,74,0,42,34,5,81,0,46,61,48,155,200,22,222,377
11/04/2020,GGG,TX,ASW,CE,Combined TRACON& Tower with Radar,2,11,25,8,46,0,36,38,0,74,2,47,63,8,120,190,0,190,310
11/05/2020,GGG,TX,ASW,CE,Combined TRACON& Tower with Radar,0,8,31,10,49,0,35,21,0,56,0,43,52,10,105,232,2,234,339
11/06/2020,GGG,TX,ASW,CE,Combined TRACON& Tower with Radar,2,12,28,56,98,0,44,47,0,91,2,56,75,56,189,152,8,160,349
11/07/2020,GGG,TX,ASW,CE,Combined TRACON& Tower with Radar,0,11,16,23,50,0,35,29,3,67,0,46,45,26,117,118,14,132,249
11/08/2020,GGG,TX,ASW,CE,Combined TRACON& Tower with Radar,0,6,31,7,44,0,5,9,0,14,0,11,40,7,58,36,0,36,94
11/09/2020,GGG,TX,ASW,CE,Combined TRACON& Tower with Radar,0,11,19,19,49,0,15,7,3,25,0,26,26,22,74,134,0,134,208
11/10/2020,GGG,TX,ASW,CE,Combined TRACON& Tower with Radar,0,12,29,13,54,0,21,11,2,34,0,33,40,15,88,106,0,106,194
11/11/2020,GGG,TX,ASW,CE,Combined TRACON& Tower with Radar,0,20,18,0,38,0,38,48,0,86,0,58,66,0,124,168,0,168,292
11/12/2020,GGG,TX,ASW,CE,Combined TRACON& Tower with Radar,0,16,31,14,61,0,51,28,0,79,0,67,59,14,140,216,0,216,356
11/13/2020,GGG,TX,ASW,CE,Combined TRACON& Tower with Radar,0,18,33,36,87,0,45,31,1,77,0,63,64,37,164,236,4,240,404
11/14/2020,GGG,TX,ASW,CE,Combined TRACON& Tower with Radar,0,10,20,4,34,0,19,17,0,36,0,29,37,4,70,132,0,132,202
11/15/2020,GGG,TX,ASW,CE,Combined TRACON& Tower with Radar,0,4,30,1,35,0,18,31,1,50,0,22,61,2,85,26,0,26,111
11/16/2020,GGG,TX,ASW,CE,Combined TRACON& Tower with Radar,0,13,25,44,82,0,32,34,0,66,0,45,59,44,148,198,0,198,346
11/17/2020,GGG,TX,ASW,CE,Combined TRACON& Tower with Radar,0,13,27,15,55,0,29,28,2,59,0,42,55,17,114,238,2,240,354
11/18/2020,GGG,TX,ASW,CE,Combined TRACON& Tower with Radar,0,8,7,0,15,0,26,32,0,58,0,34,39,0,73,144,0,144,217
11/19/2020,GGG,TX,ASW,CE,Combined TRACON& Tower with Radar,0,10,26,5,41,0,26,37,3,66,0,36,63,8,107,128,0,128,235
11/20/2020,GGG,TX,ASW,CE,Combined TRACON& Tower with Radar,0,14,53,10,77,0,2,6,0,8,0,16,59,10,85,64,0,64,149
11/21/2020,GGG,TX,ASW,CE,Combined TRACON& Tower with Radar,0,12,25,28,65,0,27,27,1,55,0,39,52,29,120,114,6,120,240
11/22/2020,GGG,TX,ASW,CE,Combined TRACON& Tower with Radar,0,6,21,0,27,0,1,1,0,2,0,7,22,0,29,0,0,0,29
11/23/2020,GGG,TX,ASW,CE,Combined TRACON& Tower with Radar,0,18,31,26,75,0,36,17,2,55,0,54,48,28,130,200,4,204,334
11/24/2020,GGG,TX,ASW,CE,Combined TRACON& Tower with Radar,0,10,34,4,48,0,2,0,0,2,0,12,34,4,50,36,0,36,86
11/25/2020,GGG,TX,ASW,CE,Combined TRACON& Tower with Radar,0,6,31,0,37,0,27,19,0,46,0,33,50,0,83,122,0,122,205
11/26/2020,GGG,TX,ASW,CE,Combined TRACON& Tower with Radar,0,0,4,0,4,0,0,14,0,14,0,0,18,0,18,0,0,0,18
11/27/2020,GGG,TX,ASW,CE,Combined TRACON& Tower with Radar,0,6,10,0,16,0,1,0,0,1,0,7,10,0,17,0,0,0,17
11/28/2020,GGG,TX,ASW,CE,Combined TRACON& Tower with Radar,0,8,17,0,25,0,7,8,0,15,0,15,25,0,40,30,0,30,70
11/29/2020,GGG,TX,ASW,CE,Combined TRACON& Tower with Radar,0,6,36,0,42,0,1,2,0,3,0,7,38,0,45,0,0,0,45
11/30/2020,GGG,TX,ASW,CE,Combined TRACON& Tower with Radar,0,12,26,0,38,0,34,19,0,53,0,46,45,0,91,120,0,120,211
12/01/2020,GGG,TX,ASW,CE,Combined TRACON& Tower with Radar,0,16,17,0,33,0,36,28,0,64,0,52,45,0,97,216,0,216,313
12/02/2020,GGG,TX,ASW,CE,Combined TRACON& Tower with Radar,0,10,15,5,30,0,0,1,0,1,0,10,16,5,31,12,0,12,43
12/03/2020,GGG,TX,ASW,CE,Combined TRACON& Tower with Radar,0,11,30,0,41,0,10,4,0,14,0,21,34,0,55,224,0,224,279
12/04/2020,GGG,TX,ASW,CE,Combined TRACON& Tower with Radar,0,12,27,11,50,0,33,31,0,64,0,45,58,11,114,202,0,202,316
12/05/2020,GGG,TX,ASW,CE,Combined TRACON& Tower with Radar,0,10,20,10,40,0,28,42,2,72,0,38,62,12,112,188,6,194,306
12/06/2020,GGG,TX,ASW,CE,Combined TRACON& Tower with Radar,0,4,21,15,40,0,8,24,0,32,0,12,45,15,72,50,4,54,126
12/07/2020,GGG,TX,ASW,CE,Combined TRACON& Tower with Radar,0,17,24,0,41,0,27,26,0,53,0,44,50,0,94,140,0,140,234
12/08/2020,GGG,TX,ASW,CE,Combined TRACON& Tower with Radar,0,6,16,7,29,0,23,31,2,56,0,29,47,9,85,192,0,192,277
12/09/2020,GGG,TX,ASW,CE,Combined TRACON& Tower with Radar,0,14,23,0,37,0,24,33,1,58,0,38,56,1,95,254,0,254,349
12/10/2020,GGG,TX,ASW,CE,Combined TRACON& Tower with Radar,0,11,15,0,26,0,21,40,6,67,0,32,55,6,93,222,0,222,315
12/11/2020,GGG,TX,ASW,CE,Combined TRACON& Tower with Radar,0,6,25,0,31,0,2,0,0,2,0,8,25,0,33,16,0,16,49
12/12/2020,GGG,TX,ASW,CE,Combined TRACON& Tower with Radar,0,4,12,0,16,0,7,36,0,43,0,11,48,0,59,30,0,30,89
12/13/2020,GGG,TX,ASW,CE,Combined TRACON& Tower with Radar,0,6,6,0,12,0,0,0,0,0,0,6,6,0,12,0,0,0,12
12/14/2020,GGG,TX,ASW,CE,Combined TRACON& Tower with Radar,0,8,16,0,24,0,3,28,0,31,0,11,44,0,55,0,0,0,55
12/15/2020,GGG,TX,ASW,CE,Combined TRACON& Tower with Radar,0,4,16,0,20,0,0,0,0,0,0,4,16,0,20,0,0,0,20
12/16/2020,GGG,TX,ASW,CE,Combined TRACON& Tower with Radar,0,7,40,2,49,0,8,8,0,16,0,15,48,2,65,24,2,26,91
12/17/2020,GGG,TX,ASW,CE,Combined TRACON& Tower with Radar,0,10,27,6,43,0,7,44,1,52,0,17,71,7,95,68,0,68,163
12/18/2020,GGG,TX,ASW,CE,Combined TRACON& Tower with Radar,0,6,36,6,48,0,9,18,0,27,0,15,54,6,75,16,2,18,93
12/19/2020,GGG,TX,ASW,CE,Combined TRACON& Tower with Radar,0,6,9,0,15,0,0,0,0,0,0,6,9,0,15,0,0,0,15
12/20/2020,GGG,TX,ASW,CE,Combined TRACON& Tower with Radar,0,6,21,0,27,0,6,18,0,24,0,12,39,0,51,28,0,28,79
12/21/2020,GGG,TX,ASW,CE,Combined TRACON& Tower with Radar,0,7,16,0,23,0,5,35,0,40,0,12,51,0,63,58,0,58,121
12/22/2020,GGG,TX,ASW,CE,Combined TRACON& Tower with Radar,0,9,26,2,37,0,2,25,0,27,0,11,51,2,64,18,4,22,86
12/23/2020,GGG,TX,ASW,CE,Combined TRACON& Tower with Radar,0,8,19,0,27,0,4,9,0,13,0,12,28,0,40,0,0,0,40
12/24/2020,GGG,TX,ASW,CE,Combined TRACON& Tower with Radar,0,3,8,0,11,0,5,12,0,17,0,8,20,0,28,0,0,0,28
12/25/2020,GGG,TX,ASW,CE,Combined TRACON& Tower with Radar,0,1,3,0,4,0,5,7,0,12,0,6,10,0,16,0,0,0,16
12/26/2020,GGG,TX,ASW,CE,Combined TRACON& Tower with Radar,0,8,24,0,32,0,2,37,0,39,0,10,61,0,71,16,0,16,87
12/27/2020,GGG,TX,ASW,CE,Combined TRACON& Tower with Radar,0,9,16,0,25,0,2,9,0,11,0,11,25,0,36,0,0,0,36
12/28/2020,GGG,TX,ASW,CE,Combined TRACON& Tower with Radar,0,15,33,16,64,0,0,1,0,1,0,15,34,16,65,0,8,8,73
12/29/2020,GGG,TX,ASW,CE,Combined TRACON& Tower with Radar,0,7,38,0,45,0,0,16,0,16,0,7,54,0,61,18,0,18,79
12/30/2020,GGG,TX,ASW,CE,Combined TRACON& Tower with Radar,0,4,8,0,12,0,0,2,0,2,0,4,10,0,14,12,0,12,26
12/31/2020,GGG,TX,ASW,CE,Combined TRACON& Tower with Radar,0,4,10,0,14,0,0,0,0,0,0,4,10,0,14,0,0,0,14
01/01/2021,GGG,TX,ASW,CE,Combined TRACON& Tower with Radar,0,3,4,0,7,0,1,2,0,3,0,4,6,0,10,0,0,0,10
01/02/2021,GGG,TX,ASW,CE,Combined TRACON& Tower with Radar,0,8,24,0,32,0,2,14,0,16,0,10,38,0,48,10,0,10,58
01/03/2021,GGG,TX,ASW,CE,Combined TRACON& Tower with Radar,0,7,26,0,33,0,4,15,0,19,0,11,41,0,52,2,0,2,54
01/04/2021,GGG,TX,ASW,CE,Combined TRACON& Tower with Radar,0,8,11,2,21,0,8,44,0,52,0,16,55,2,73,34,0,34,107
01/05/2021,GGG,TX,ASW,CE,Combined TRACON& Tower with Radar,0,4,6,0,10,0,0,28,0,28,0,4,34,0,38,56,0,56,94
01/06/2021,GGG,TX,ASW,CE,Combined TRACON& Tower with Radar,0,4,9,0,13,0,0,0,0,0,0,4,9,0,13,0,0,0,13
01/07/2021,GGG,TX,ASW,CE,Combined TRACON& Tower with Radar,0,8,14,2,24,0,0,1,0,1,0,8,15,2,25,0,0,0,25
01/08/2021,GGG,TX,ASW,CE,Combined TRACON& Tower with Radar,0,7,7,9,23,0,5,11,0,16,0,12,18,9,39,14,0,14,53
01/09/2021,GGG,TX,ASW,CE,Combined TRACON& Tower with Radar,0,4,14,16,34,0,5,34,3,42,0,9,48,19,76,36,2,38,114
01/10/2021,GGG,TX,ASW,CE,Combined TRACON& Tower with Radar,0,3,4,4,11,0,0,3,0,3,0,3,7,4,14,4,0,4,18
01/11/2021,GGG,TX,ASW,CE,Combined TRACON& Tower with Radar,0,4,9,0,13,0,2,1,0,3,0,6,10,0,16,100,0,100,116
01/12/2021,GGG,TX,ASW,CE,Combined TRACON& Tower with Radar,0,6,14,5,25,0,12,24,1,37,0,18,38,6,62,24,4,28,90
01/13/2021,GGG,TX,ASW,CE,Combined TRACON& Tower with Radar,0,5,31,0,36,0,14,16,2,32,0,19,47,2,68,84,0,84,152
01/14/2021,GGG,TX,ASW,CE,Combined TRACON& Tower with Radar,0,4,16,8,28,0,0,35,5,40,0,4,51,13,68,8,8,16,84
01/15/2021,GGG,TX,ASW,CE,Combined TRACON& Tower with Radar,0,5,17,36,58,0,5,10,0,15,0,10,27,36,73,12,4,16,89
01/16/2021,GGG,TX,ASW,CE,Combined TRACON& Tower with Radar,0,4,16,0,20,0,15,23,0,38,0,19,39,0,58,34,0,34,92
01/17/2021,GGG,TX,ASW,CE,Combined TRACON& Tower with Radar,0,6,13,0,19,0,5,21,0,26,0,11,34,0,45,50,0,50,95
01/18/2021,GGG,TX,ASW,CE,Combined TRACON& Tower with Radar,0,4,28,0,32,0,2,38,0,40,0,6,66,0,72,6,0,6,78
01/19/2021,GGG,TX,ASW,CE,Combined TRACON& Tower with Radar,0,8,13,0,21,0,0,0,0,0,0,8,13,0,21,0,0,0,21
01/20/2021,GGG,TX,ASW,CE,Combined TRACON& Tower with Radar,0,12,41,0,53,0,4,4,0,8,0,16,45,0,61,48,0,48,109
01/21/2021,GGG,TX,ASW,CE,Combined TRACON& Tower with Radar,0,17,15,12,44,0,8,1,0,9,0,25,16,12,53,64,0,64,117
01/22/2021,GGG,TX,ASW,CE,Combined TRACON& Tower with Radar,0,17,18,0,35,0,0,0,0,0,0,17,18,0,35,0,0,0,35
01/23/2021,GGG,TX,ASW,CE,Combined TRACON& Tower with Radar,0,4,9,0,13,0,0,0,0,0,0,4,9,0,13,0,0,0,13
01/24/2021,GGG,TX,ASW,CE,Combined TRACON& Tower with Radar,0,6,10,0,16,0,0,0,0,0,0,6,10,0,16,0,0,0,16
01/25/2021,GGG,TX,ASW,CE,Combined TRACON& Tower with Radar,0,10,16,0,26,0,29,15,0,44,0,39,31,0,70,70,0,70,140
01/26/2021,GGG,TX,ASW,CE,Combined TRACON& Tower with Radar,0,15,39,11,65,0,48,39,0,87,0,63,78,11,152,94,16,110,262
01/27/2021,GGG,TX,ASW,CE,Combined TRACON& Tower with Radar,0,8,18,6,32,2,70,15,1,88,2,78,33,7,120,158,0,158,278
01/28/2021,GGG,TX,ASW,CE,Combined TRACON& Tower with Radar,0,7,25,1,33,0,59,36,1,96,0,66,61,2,129,114,2,116,245
01/29/2021,GGG,TX,ASW,CE,Combined TRACON& Tower with Radar,0,9,22,17,48,0,54,44,0,98,0,63,66,17,146,174,6,180,326
01/30/2021,GGG,TX,ASW,CE,Combined TRACON& Tower with Radar,0,2,17,14,33,0,2,0,0,2,0,4,17,14,35,38,0,38,73
01/31/2021,GGG,TX,ASW,CE,Combined TRACON& Tower with Radar,0,8,25,0,33,0,5,12,0,17,0,13,37,0,50,28,0,28,78
02/01/2021,GGG,TX,ASW,CE,Combined TRACON& Tower with Radar,0,9,14,21,44,0,47,22,0,69,0,56,36,21,113,146,14,160,273
02/02/2021,GGG,TX,ASW,CE,Combined TRACON& Tower with Radar,0,6,17,12,35,0,71,24,0,95,0,77,41,12,130,156,8,164,294
02/03/2021,GGG,TX,ASW,CE,Combined TRACON& Tower with Radar,0,7,19,9,35,0,65,24,2,91,0,72,43,11,126,134,0,134,260
02/04/2021,GGG,TX,ASW,CE,Combined TRACON& Tower with Radar,0,9,32,0,41,0,12,11,0,23,0,21,43,0,64,0,0,0,64
02/05/2021,GGG,TX,ASW,CE,Combined TRACON& Tower with Radar,0,13,12,36,61,0,70,45,5,120,0,83,57,41,181,146,16,162,343
02/06/2021,GGG,TX,ASW,CE,Combined TRACON& Tower with Radar,0,8,25,25,58,0,5,0,0,5,0,13,25,25,63,102,0,102,165
02/07/2021,GGG,TX,ASW,CE,Combined TRACON& Tower with Radar,0,8,12,3,23,0,16,14,2,32,0,24,26,5,55,44,0,44,99
02/08/2021,GGG,TX,ASW,CE,Combined TRACON& Tower with Radar,0,11,20,21,52,0,34,5,2,41,0,45,25,23,93,110,6,116,209
02/09/2021,GGG,TX,ASW,CE,Combined TRACON& Tower with Radar,0,11,20,2,33,0,0,0,0,0,0,11,20,2,33,0,0,0,33
02/10/2021,GGG,TX,ASW,CE,Combined TRACON& Tower with Radar,0,6,11,0,17,0,0,0,0,0,0,6,11,0,17,0,0,0,17
02/11/2021,GGG,TX,ASW,CE,Combined TRACON& Tower with Radar,0,4,13,0,17,0,0,0,0,0,0,4,13,0,17,0,0,0,17
02/12/2021,GGG,TX,ASW,CE,Combined TRACON& Tower with Radar,0,5,15,0,20,0,0,0,0,0,0,5,15,0,20,0,0,0,20
02/13/2021,GGG,TX,ASW,CE,Combined TRACON& Tower with Radar,0,6,9,0,15,0,2,3,0,5,0,8,12,0,20,176,0,176,196
02/14/2021,GGG,TX,ASW,CE,Combined TRACON& Tower with Radar,0,0,6,0,6,0,0,0,0,0,0,0,6,0,6,0,0,0,6
02/15/2021,GGG,TX,ASW,CE,Combined TRACON& Tower with Radar,0,0,0,0,0,0,0,0,0,0,0,0,0,0,0,0,0,0,0
02/16/2021,GGG,TX,ASW,CE,Combined TRACON& Tower with Radar,0,0,4,0,4,0,3,1,0,4,0,3,5,0,8,0,0,0,8
02/17/2021,GGG,TX,ASW,CE,Combined TRACON& Tower with Radar,0,0,0,0,0,0,0,0,0,0,0,0,0,0,0,0,0,0,0
02/18/2021,GGG,TX,ASW,CE,Combined TRACON& Tower with Radar,0,0,0,0,0,0,1,0,0,1,0,1,0,0,1,0,0,0,1
02/19/2021,GGG,TX,ASW,CE,Combined TRACON& Tower with Radar,0,2,4,0,6,0,4,4,0,8,0,6,8,0,14,6,0,6,20
02/20/2021,GGG,TX,ASW,CE,Combined TRACON& Tower with Radar,0,1,9,0,10,0,5,9,0,14,0,6,18,0,24,0,0,0,24
02/21/2021,GGG,TX,ASW,CE,Combined TRACON& Tower with Radar,0,4,15,0,19,0,2,6,0,8,0,6,21,0,27,0,0,0,27
02/22/2021,GGG,TX,ASW,CE,Combined TRACON& Tower with Radar,0,6,15,1,22,0,63,32,0,95,0,69,47,1,117,74,0,74,191
02/23/2021,GGG,TX,ASW,CE,Combined TRACON& Tower with Radar,0,12,30,0,42,0,75,32,0,107,0,87,62,0,149,74,0,74,223
02/24/2021,GGG,TX,ASW,CE,Combined TRACON& Tower with Radar,0,14,22,6,42,0,32,18,0,50,0,46,40,6,92,130,0,130,222
02/25/2021,GGG,TX,ASW,CE,Combined TRACON& Tower with Radar,0,19,22,0,41,0,64,7,0,71,0,83,29,0,112,180,0,180,292
02/26/2021,GGG,TX,ASW,CE,Combined TRACON& Tower with Radar,0,3,20,0,23,0,0,0,0,0,0,3,20,0,23,0,0,0,23
02/27/2021,GGG,TX,ASW,CE,Combined TRACON& Tower with Radar,0,5,14,0,19,0,8,1,0,9,0,13,15,0,28,10,0,10,38
02/28/2021,GGG,TX,ASW,CE,Combined TRACON& Tower with Radar,0,4,14,0,18,0,8,0,0,8,0,12,14,0,26,0,0,0,26
03/01/2021,GGG,TX,ASW,CE,Combined TRACON& Tower with Radar,0,8,16,0,24,0,0,0,0,0,0,8,16,0,24,0,0,0,24
03/02/2021,GGG,TX,ASW,CE,Combined TRACON& Tower with Radar,0,7,25,0,32,0,80,36,0,116,0,87,61,0,148,168,0,168,316
03/03/2021,GGG,TX,ASW,CE,Combined TRACON& Tower with Radar,0,9,26,7,42,0,90,51,0,141,0,99,77,7,183,230,4,234,417
03/04/2021,GGG,TX,ASW,CE,Combined TRACON& Tower with Radar,0,12,43,20,75,0,92,31,0,123,0,104,74,20,198,273,0,273,471
03/05/2021,GGG,TX,ASW,CE,Combined TRACON& Tower with Radar,0,11,23,21,55,0,20,5,0,25,0,31,28,21,80,184,12,196,276
03/06/2021,GGG,TX,ASW,CE,Combined TRACON& Tower with Radar,2,7,29,38,76,0,59,50,2,111,2,66,79,40,187,72,10,82,269
03/07/2021,GGG,TX,ASW,CE,Combined TRACON& Tower with Radar,0,7,30,1,38,0,26,30,0,56,0,33,60,1,94,68,0,68,162
03/08/2021,GGG,TX,ASW,CE,Combined TRACON& Tower with Radar,0,9,28,17,54,0,62,34,1,97,0,71,62,18,151,282,0,282,433
03/09/2021,GGG,TX,ASW,CE,Combined TRACON& Tower with Radar,0,5,25,19,49,0,61,13,2,76,0,66,38,21,125,220,2,222,347
03/10/2021,GGG,TX,ASW,CE,Combined TRACON& Tower with Radar,0,12,18,0,30,0,21,19,0,40,0,33,37,0,70,132,0,132,202
03/11/2021,GGG,TX,ASW,CE,Combined TRACON& Tower with Radar,2,12,26,13,53,0,57,32,1,90,2,69,58,14,143,178,0,178,321
03/12/2021,GGG,TX,ASW,CE,Combined TRACON& Tower with Radar,0,12,20,57,89,0,38,12,0,50,0,50,32,57,139,180,30,210,349
03/13/2021,GGG,TX,ASW,CE,Combined TRACON& Tower with Radar,0,10,33,4,47,0,28,21,4,53,0,38,54,8,100,120,0,120,220
03/14/2021,GGG,TX,ASW,CE,Combined TRACON& Tower with Radar,0,8,25,1,34,0,0,1,0,1,0,8,26,1,35,0,0,0,35
03/15/2021,GGG,TX,ASW,CE,Combined TRACON& Tower with Radar,2,11,21,0,34,0,36,31,0,67,2,47,52,0,101,152,0,152,253
03/16/2021,GGG,TX,ASW,CE,Combined TRACON& Tower with Radar,0,7,29,44,80,0,41,12,0,53,0,48,41,44,133,162,0,162,295
03/17/2021,GGG,TX,ASW,CE,Combined TRACON& Tower with Radar,2,5,14,4,25,0,16,5,1,22,2,21,19,5,47,34,0,34,81
03/18/2021,GGG,TX,ASW,CE,Combined TRACON& Tower with Radar,0,9,33,44,86,0,36,29,1,66,0,45,62,45,152,88,10,98,250
03/19/2021,GGG,TX,ASW,CE,Combined TRACON& Tower with Radar,0,18,38,10,66,0,56,35,3,94,0,74,73,13,160,220,0,220,380
03/20/2021,GGG,TX,ASW,CE,Combined TRACON& Tower with Radar,0,7,28,29,64,0,56,43,7,106,0,63,71,36,170,132,16,148,318
03/21/2021,GGG,TX,ASW,CE,Combined TRACON& Tower with Radar,0,10,26,2,38,0,5,26,0,31,0,15,52,2,69,12,0,12,81
03/22/2021,GGG,TX,ASW,CE,Combined TRACON& Tower with Radar,2,11,20,4,37,0,39,13,0,52,2,50,33,4,89,140,0,140,229
03/23/2021,GGG,TX,ASW,CE,Combined TRACON& Tower with Radar,0,11,18,32,61,0,53,22,4,79,0,64,40,36,140,164,6,170,310
03/24/2021,GGG,TX,ASW,CE,Combined TRACON& Tower with Radar,0,7,15,6,28,0,45,14,0,59,0,52,29,6,87,146,4,150,237
03/25/2021,GGG,TX,ASW,CE,Combined TRACON& Tower with Radar,1,13,22,10,46,0,24,14,0,38,1,37,36,10,84,42,10,52,136
03/26/2021,GGG,TX,ASW,CE,Combined TRACON& Tower with Radar,0,10,31,45,86,0,80,35,3,118,0,90,66,48,204,230,16,246,450
03/27/2021,GGG,TX,ASW,CE,Combined TRACON& Tower with Radar,0,12,19,0,31,0,1,1,0,2,0,13,20,0,33,64,0,64,97
03/28/2021,GGG,TX,ASW,CE,Combined TRACON& Tower with Radar,0,6,28,0,34,0,15,19,0,34,0,21,47,0,68,32,0,32,100
03/29/2021,GGG,TX,ASW,CE,Combined TRACON& Tower with Radar,0,15,36,14,65,0,51,42,4,97,0,66,78,18,162,166,40,206,368
03/30/2021,GGG,TX,ASW,CE,Combined TRACON& Tower with Radar,0,12,31,4,47,0,20,10,0,30,0,32,41,4,77,96,2,98,175
03/31/2021,GGG,TX,ASW,CE,Combined TRACON& Tower with Radar,0,7,21,10,38,0,14,10,0,24,0,21,31,10,62,170,0,170,232
04/01/2021,GGG,TX,ASW,CE,Combined TRACON& Tower with Radar,0,10,32,1,43,0,77,44,1,122,0,87,76,2,165,110,6,116,281
04/02/2021,GGG,TX,ASW,CE,Combined TRACON& Tower with Radar,0,6,17,71,94,0,1,42,2,45,0,7,59,73,139,54,20,74,213
04/03/2021,GGG,TX,ASW,CE,Combined TRACON& Tower with Radar,0,8,9,0,17,0,35,24,0,59,0,43,33,0,76,64,0,64,140
04/04/2021,GGG,TX,ASW,CE,Combined TRACON& Tower with Radar,0,4,18,0,22,0,4,16,0,20,0,8,34,0,42,0,0,0,42
04/05/2021,GGG,TX,ASW,CE,Combined TRACON& Tower with Radar,0,13,38,4,55,0,42,10,0,52,0,55,48,4,107,188,8,196,303
04/06/2021,GGG,TX,ASW,CE,Combined TRACON& Tower with Radar,0,19,47,22,88,0,22,10,0,32,0,41,57,22,120,256,0,256,376
04/07/2021,GGG,TX,ASW,CE,Combined TRACON& Tower with Radar,0,7,26,0,33,0,6,5,0,11,0,13,31,0,44,38,0,38,82
04/08/2021,GGG,TX,ASW,CE,Combined TRACON& Tower with Radar,0,17,36,17,70,0,71,56,1,128,0,88,92,18,198,178,20,198,396
04/09/2021,GGG,TX,ASW,CE,Combined TRACON& Tower with Radar,0,10,21,4,35,0,0,4,0,4,0,10,25,4,39,112,0,112,151
04/10/2021,GGG,TX,ASW,CE,Combined TRACON& Tower with Radar,0,10,10,9,29,0,48,15,1,64,0,58,25,10,93,68,6,74,167
04/11/2021,GGG,TX,ASW,CE,Combined TRACON& Tower with Radar,0,8,25,38,71,0,15,39,1,55,0,23,64,39,126,104,2,106,232
04/12/2021,GGG,TX,ASW,CE,Combined TRACON& Tower with Radar,0,12,29,47,88,0,50,26,0,76,0,62,55,47,164,196,2,198,362
04/13/2021,GGG,TX,ASW,CE,Combined TRACON& Tower with Radar,0,11,29,6,46,0,74,20,1,95,0,85,49,7,141,250,0,250,391
04/14/2021,GGG,TX,ASW,CE,Combined TRACON& Tower with Radar,0,13,23,2,38,0,0,0,0,0,0,13,23,2,38,0,0,0,38
04/15/2021,GGG,TX,ASW,CE,Combined TRACON& Tower with Radar,0,23,31,4,58,0,36,22,2,60,0,59,53,6,118,196,0,196,314
04/16/2021,GGG,TX,ASW,CE,Combined TRACON& Tower with Radar,0,6,20,0,26,0,0,0,0,0,0,6,20,0,26,0,0,0,26
04/17/2021,GGG,TX,ASW,CE,Combined TRACON& Tower with Radar,0,8,19,2,29,0,8,12,0,20,0,16,31,2,49,106,0,106,155
04/18/2021,GGG,TX,ASW,CE,Combined TRACON& Tower with Radar,0,8,33,18,59,0,20,38,5,63,0,28,71,23,122,50,0,50,172
04/19/2021,GGG,TX,ASW,CE,Combined TRACON& Tower with Radar,0,21,20,55,96,0,80,35,0,115,0,101,55,55,211,308,18,326,537
04/20/2021,GGG,TX,ASW,CE,Combined TRACON& Tower with Radar,0,19,23,43,85,0,63,46,2,111,0,82,69,45,196,232,12,244,440
04/21/2021,GGG,TX,ASW,CE,Combined TRACON& Tower with Radar,0,13,38,15,66,0,64,36,6,106,0,77,74,21,172,126,26,152,324
04/22/2021,GGG,TX,ASW,CE,Combined TRACON& Tower with Radar,0,21,34,34,89,0,67,36,4,107,0,88,70,38,196,218,0,218,414
04/23/2021,GGG,TX,ASW,CE,Combined TRACON& Tower with Radar,0,14,21,0,35,0,0,1,0,1,0,14,22,0,36,48,0,48,84
04/24/2021,GGG,TX,ASW,CE,Combined TRACON& Tower with Radar,0,9,17,0,26,0,32,11,1,44,0,41,28,1,70,102,0,102,172
04/25/2021,GGG,TX,ASW,CE,Combined TRACON& Tower with Radar,0,9,25,0,34,0,17,29,0,46,0,26,54,0,80,30,0,30,110
04/26/2021,GGG,TX,ASW,CE,Combined TRACON& Tower with Radar,0,12,34,0,46,0,57,25,4,86,0,69,59,4,132,178,0,178,310
04/27/2021,GGG,TX,ASW,CE,Combined TRACON& Tower with Radar,0,22,21,4,47,0,22,3,0,25,0,44,24,4,72,258,0,258,330
04/28/2021,GGG,TX,ASW,CE,Combined TRACON& Tower with Radar,0,18,15,0,33,0,22,12,0,34,0,40,27,0,67,74,0,74,141
04/29/2021,GGG,TX,ASW,CE,Combined TRACON& Tower with Radar,0,12,25,0,37,0,14,7,2,23,0,26,32,2,60,174,0,174,234
04/30/2021,GGG,TX,ASW,CE,Combined TRACON& Tower with Radar,0,6,14,4,24,0,0,0,0,0,0,6,14,4,24,0,0,0,24
05/01/2021,GGG,TX,ASW,CE,Combined TRACON& Tower with Radar,0,4,18,0,22,0,8,11,0,19,0,12,29,0,41,166,0,166,207
05/02/2021,GGG,TX,ASW,CE,Combined TRACON& Tower with Radar,2,7,23,0,32,0,2,15,0,17,2,9,38,0,49,24,0,24,73
05/03/2021,GGG,TX,ASW,CE,Combined TRACON& Tower with Radar,0,12,19,8,39,0,19,14,0,33,0,31,33,8,72,152,0,152,224
05/04/2021,GGG,TX,ASW,CE,Combined TRACON& Tower with Radar,0,8,16,6,30,0,21,4,0,25,0,29,20,6,55,78,0,78,133
05/05/2021,GGG,TX,ASW,CE,Combined TRACON& Tower with Radar,2,13,33,22,70,0,59,45,11,115,2,72,78,33,185,206,12,218,403
05/06/2021,GGG,TX,ASW,CE,Combined TRACON& Tower with Radar,0,7,26,18,51,0,42,60,9,111,0,49,86,27,162,230,2,232,394
05/07/2021,GGG,TX,ASW,CE,Combined TRACON& Tower with Radar,0,14,28,32,74,0,56,39,1,96,0,70,67,33,170,242,2,244,414
05/08/2021,GGG,TX,ASW,CE,Combined TRACON& Tower with Radar,0,7,10,29,46,0,15,7,4,26,0,22,17,33,72,64,0,64,136
05/09/2021,GGG,TX,ASW,CE,Combined TRACON& Tower with Radar,0,5,12,0,17,0,0,4,1,5,0,5,16,1,22,0,0,0,22
05/10/2021,GGG,TX,ASW,CE,Combined TRACON& Tower with Radar,0,22,22,0,44,0,0,0,0,0,0,22,22,0,44,0,0,0,44
05/11/2021,GGG,TX,ASW,CE,Combined TRACON& Tower with Radar,0,7,14,2,23,0,0,0,0,0,0,7,14,2,23,0,0,0,23
05/12/2021,GGG,TX,ASW,CE,Combined TRACON& Tower with Radar,0,18,54,2,74,0,0,0,0,0,0,18,54,2,74,0,0,0,74
05/13/2021,GGG,TX,ASW,CE,Combined TRACON& Tower with Radar,0,16,33,13,62,0,62,48,11,121,0,78,81,24,183,316,4,320,503
05/14/2021,GGG,TX,ASW,CE,Combined TRACON& Tower with Radar,0,12,35,8,55,0,54,50,0,104,0,66,85,8,159,214,4,218,377
05/15/2021,GGG,TX,ASW,CE,Combined TRACON& Tower with Radar,0,5,20,17,42,0,28,21,3,52,0,33,41,20,94,134,4,138,232
05/16/2021,GGG,TX,ASW,CE,Combined TRACON& Tower with Radar,0,8,22,32,62,0,4,7,0,11,0,12,29,32,73,0,6,6,79
05/17/2021,GGG,TX,ASW,CE,Combined TRACON& Tower with Radar,0,16,21,0,37,0,5,2,0,7,0,21,23,0,44,72,0,72,116
05/18/2021,GGG,TX,ASW,CE,Combined TRACON& Tower with Radar,2,10,15,4,31,0,15,7,0,22,2,25,22,4,53,196,1,197,250
05/19/2021,GGG,TX,ASW,CE,Combined TRACON& Tower with Radar,0,16,15,0,31,0,34,8,0,42,0,50,23,0,73,140,0,140,213
05/20/2021,GGG,TX,ASW,CE,Combined TRACON& Tower with Radar,0,8,25,2,35,0,0,2,1,3,0,8,27,3,38,36,0,36,74
05/21/2021,GGG,TX,ASW,CE,Combined TRACON& Tower with Radar,0,7,39,8,54,0,0,0,0,0,0,7,39,8,54,0,0,0,54
05/22/2021,GGG,TX,ASW,CE,Combined TRACON& Tower with Radar,0,17,36,2,55,0,4,2,1,7,0,21,38,3,62,99,0,99,161
05/23/2021,GGG,TX,ASW,CE,Combined TRACON& Tower with Radar,0,5,34,35,74,0,6,17,5,28,0,11,51,40,102,76,8,84,186
05/24/2021,GGG,TX,ASW,CE,Combined TRACON& Tower with Radar,2,9,19,0,30,0,48,17,0,65,2,57,36,0,95,290,0,290,385
05/25/2021,GGG,TX,ASW,CE,Combined TRACON& Tower with Radar,0,7,22,4,33,0,21,12,0,33,0,28,34,4,66,88,8,96,162
05/26/2021,GGG,TX,ASW,CE,Combined TRACON& Tower with Radar,0,22,39,11,72,0,31,12,0,43,0,53,51,11,115,210,14,224,339
05/27/2021,GGG,TX,ASW,CE,Combined TRACON& Tower with Radar,0,10,37,9,56,0,45,28,2,75,0,55,65,11,131,166,0,166,297
05/28/2021,GGG,TX,ASW,CE,Combined TRACON& Tower with Radar,0,5,29,0,34,0,1,19,0,20,0,6,48,0,54,24,0,24,78
05/29/2021,GGG,TX,ASW,CE,Combined TRACON& Tower with Radar,0,5,20,0,25,0,2,5,0,7,0,7,25,0,32,4,0,4,36
05/30/2021,GGG,TX,ASW,CE,Combined TRACON& Tower with Radar,0,5,19,0,24,0,3,19,0,22,0,8,38,0,46,0,0,0,46
05/31/2021,GGG,TX,ASW,CE,Combined TRACON& Tower with Radar,2,3,17,0,22,0,5,18,0,23,2,8,35,0,45,36,0,36,81
06/01/2021,GGG,TX,ASW,CE,Combined TRACON& Tower with Radar,0,16,18,0,34,0,11,6,2,19,0,27,24,2,53,120,0,120,173
06/02/2021,GGG,TX,ASW,CE,Combined TRACON& Tower with Radar,0,14,41,6,61,0,41,23,0,64,0,55,64,6,125,60,0,60,185
06/03/2021,GGG,TX,ASW,CE,Combined TRACON& Tower with Radar,0,8,28,1,37,0,62,20,1,83,0,70,48,2,120,142,0,142,262
06/04/2021,GGG,TX,ASW,CE,Combined TRACON& Tower with Radar,0,10,29,0,39,0,33,8,0,41,0,43,37,0,80,86,0,86,166
06/05/2021,GGG,TX,ASW,CE,Combined TRACON& Tower with Radar,0,9,19,0,28,0,8,10,0,18,0,17,29,0,46,44,0,44,90
06/06/2021,GGG,TX,ASW,CE,Combined TRACON& Tower with Radar,0,7,15,0,22,0,5,8,0,13,0,12,23,0,35,0,0,0,35
06/07/2021,GGG,TX,ASW,CE,Combined TRACON& Tower with Radar,2,10,6,0,18,0,5,4,0,9,2,15,10,0,27,34,0,34,61
06/08/2021,GGG,TX,ASW,CE,Combined TRACON& Tower with Radar,0,3,21,1,25,0,36,8,3,47,0,39,29,4,72,48,0,48,120
06/09/2021,GGG,TX,ASW,CE,Combined TRACON& Tower with Radar,0,8,22,4,34,0,42,18,0,60,0,50,40,4,94,142,0,142,236
06/10/2021,GGG,TX,ASW,CE,Combined TRACON& Tower with Radar,2,17,38,4,61,0,46,34,2,82,2,63,72,6,143,74,0,74,217
06/11/2021,GGG,TX,ASW,CE,Combined TRACON& Tower with Radar,0,13,28,14,55,0,47,24,0,71,0,60,52,14,126,86,2,88,214
06/12/2021,GGG,TX,ASW,CE,Combined TRACON& Tower with Radar,0,7,10,6,23,0,36,15,1,52,0,43,25,7,75,48,0,48,123
06/13/2021,GGG,TX,ASW,CE,Combined TRACON& Tower with Radar,0,8,16,0,24,0,10,19,0,29,0,18,35,0,53,0,0,0,53
06/14/2021,GGG,TX,ASW,CE,Combined TRACON& Tower with Radar,0,10,25,0,35,0,61,18,0,79,0,71,43,0,114,122,0,122,236
06/15/2021,GGG,TX,ASW,CE,Combined TRACON& Tower with Radar,0,3,19,5,27,0,73,35,2,110,0,76,54,7,137,132,8,140,277
06/16/2021,GGG,TX,ASW,CE,Combined TRACON& Tower with Radar,0,7,18,22,47,0,42,24,5,71,0,49,42,27,118,244,4,248,366
06/17/2021,GGG,TX,ASW,CE,Combined TRACON& Tower with Radar,0,6,33,16,55,0,51,29,1,81,0,57,62,17,136,142,26,168,304
06/18/2021,GGG,TX,ASW,CE,Combined TRACON& Tower with Radar,0,6,41,7,54,0,52,28,1,81,0,58,69,8,135,100,0,100,235
06/19/2021,GGG,TX,ASW,CE,Combined TRACON& Tower with Radar,0,7,11,2,20,0,20,24,2,46,0,27,35,4,66,32,4,36,102
06/20/2021,GGG,TX,ASW,CE,Combined TRACON& Tower with Radar,0,9,24,5,38,0,10,18,0,28,0,19,42,5,66,16,0,16,82
06/21/2021,GGG,TX,ASW,CE,Combined TRACON& Tower with Radar,0,4,21,24,49,0,5,7,0,12,0,9,28,24,61,42,0,42,103
06/22/2021,GGG,TX,ASW,CE,Combined TRACON& Tower with Radar,0,7,31,7,45,0,55,28,1,84,0,62,59,8,129,192,0,192,321
06/23/2021,GGG,TX,ASW,CE,Combined TRACON& Tower with Radar,0,5,32,17,54,0,48,28,1,77,0,53,60,18,131,138,4,142,273
06/24/2021,GGG,TX,ASW,CE,Combined TRACON& Tower with Radar,0,15,21,13,49,0,32,18,0,50,0,47,39,13,99,162,0,162,261
06/25/2021,GGG,TX,ASW,CE,Combined TRACON& Tower with Radar,0,11,27,83,121,0,31,15,3,49,0,42,42,86,170,98,14,112,282
06/26/2021,GGG,TX,ASW,CE,Combined TRACON& Tower with Radar,0,8,22,58,88,0,11,7,14,32,0,19,29,72,120,56,34,90,210
06/27/2021,GGG,TX,ASW,CE,Combined TRACON& Tower with Radar,2,7,28,7,44,0,2,6,0,8,2,9,34,7,52,18,6,24,76
06/28/2021,GGG,TX,ASW,CE,Combined TRACON& Tower with Radar,0,4,17,1,22,0,4,0,0,4,0,8,17,1,26,20,0,20,46
06/29/2021,GGG,TX,ASW,CE,Combined TRACON& Tower with Radar,0,8,28,23,59,0,32,14,4,50,0,40,42,27,109,100,6,106,215
06/30/2021,GGG,TX,ASW,CE,Combined TRACON& Tower with Radar,0,11,29,38,78,0,37,21,0,58,0,48,50,38,136,194,0,194,330
07/01/2021,GGG,TX,ASW,CE,Combined TRACON& Tower with Radar,1,9,24,25,59,0,37,17,1,55,1,46,41,26,114,68,6,74,188
07/02/2021,GGG,TX,ASW,CE,Combined TRACON& Tower with Radar,2,6,30,0,38,0,2,5,0,7,2,8,35,0,45,6,0,6,51
07/03/2021,GGG,TX,ASW,CE,Combined TRACON& Tower with Radar,0,6,28,0,34,0,17,28,0,45,0,23,56,0,79,38,0,38,117
07/04/2021,GGG,TX,ASW,CE,Combined TRACON& Tower with Radar,0,6,4,0,10,0,6,21,0,27,0,12,25,0,37,10,0,10,47
07/05/2021,GGG,TX,ASW,CE,Combined TRACON& Tower with Radar,0,10,19,0,29,0,3,8,0,11,0,13,27,0,40,48,0,48,88
07/06/2021,GGG,TX,ASW,CE,Combined TRACON& Tower with Radar,2,4,34,2,42,0,56,29,0,85,2,60,63,2,127,142,0,142,269
07/07/2021,GGG,TX,ASW,CE,Combined TRACON& Tower with Radar,0,19,19,0,38,0,20,16,0,36,0,39,35,0,74,184,0,184,258
07/08/2021,GGG,TX,ASW,CE,Combined TRACON& Tower with Radar,0,8,25,14,47,0,57,23,2,82,0,65,48,16,129,214,14,228,357
07/09/2021,GGG,TX,ASW,CE,Combined TRACON& Tower with Radar,0,10,35,0,45,0,26,10,2,38,0,36,45,2,83,141,0,141,224
07/10/2021,GGG,TX,ASW,CE,Combined TRACON& Tower with Radar,0,8,22,42,72,0,12,13,0,25,0,20,35,42,97,82,34,116,213
07/11/2021,GGG,TX,ASW,CE,Combined TRACON& Tower with Radar,0,8,17,4,29,0,11,8,0,19,0,19,25,4,48,10,2,12,60
07/12/2021,GGG,TX,ASW,CE,Combined TRACON& Tower with Radar,0,6,27,19,52,0,48,15,0,63,0,54,42,19,115,161,8,169,284
07/13/2021,GGG,TX,ASW,CE,Combined TRACON& Tower with Radar,0,9,26,7,42,0,58,23,4,85,0,67,49,11,127,248,14,262,389
07/14/2021,GGG,TX,ASW,CE,Combined TRACON& Tower with Radar,0,8,36,30,74,1,54,34,3,92,1,62,70,33,166,118,4,122,288
07/15/2021,GGG,TX,ASW,CE,Combined TRACON& Tower with Radar,0,16,21,6,43,0,14,9,0,23,0,30,30,6,66,96,0,96,162
07/16/2021,GGG,TX,ASW,CE,Combined TRACON& Tower with Radar,0,16,32,2,50,0,35,15,0,50,0,51,47,2,100,112,0,112,212
07/17/2021,GGG,TX,ASW,CE,Combined TRACON& Tower with Radar,0,9,29,0,38,0,14,17,0,31,0,23,46,0,69,2,0,2,71
07/18/2021,GGG,TX,ASW,CE,Combined TRACON& Tower with Radar,0,5,27,15,47,0,6,11,3,20,0,11,38,18,67,40,8,48,115
07/19/2021,GGG,TX,ASW,CE,Combined TRACON& Tower with Radar,0,3,14,0,17,0,3,6,0,9,0,6,20,0,26,0,0,0,26
07/20/2021,GGG,TX,ASW,CE,Combined TRACON& Tower with Radar,0,12,20,10,42,0,21,11,0,32,0,33,31,10,74,100,8,108,182
07/21/2021,GGG,TX,ASW,CE,Combined TRACON& Tower with Radar,0,8,17,11,36,0,43,17,0,60,0,51,34,11,96,222,1,223,319
07/22/2021,GGG,TX,ASW,CE,Combined TRACON& Tower with Radar,0,10,31,15,56,0,36,17,0,53,0,46,48,15,109,254,2,256,365
07/23/2021,GGG,TX,ASW,CE,Combined TRACON& Tower with Radar,0,7,33,15,55,0,26,23,1,50,0,33,56,16,105,178,0,178,283
07/24/2021,GGG,TX,ASW,CE,Combined TRACON& Tower with Radar,0,7,16,6,29,0,8,18,0,26,0,15,34,6,55,62,0,62,117
07/25/2021,GGG,TX,ASW,CE,Combined TRACON& Tower with Radar,0,7,24,24,55,0,1,19,1,21,0,8,43,25,76,4,6,10,86
07/26/2021,GGG,TX,ASW,CE,Combined TRACON& Tower with Radar,0,8,23,21,52,0,10,24,1,35,0,18,47,22,87,96,6,102,189
07/27/2021,GGG,TX,ASW,CE,Combined TRACON& Tower with Radar,0,7,30,0,37,0,23,32,0,55,0,30,62,0,92,220,0,220,312
07/28/2021,GGG,TX,ASW,CE,Combined TRACON& Tower with Radar,0,7,27,9,43,1,17,20,2,40,1,24,47,11,83,78,0,78,161
07/29/2021,GGG,TX,ASW,CE,Combined TRACON& Tower with Radar,0,11,19,11,41,0,25,31,0,56,0,36,50,11,97,62,0,62,159
07/30/2021,GGG,TX,ASW,CE,Combined TRACON& Tower with Radar,0,9,22,41,72,0,19,32,1,52,0,28,54,42,124,118,6,124,248
07/31/2021,GGG,TX,ASW,CE,Combined TRACON& Tower with Radar,0,6,21,0,27,0,25,28,4,57,0,31,49,4,84,104,8,112,196
08/01/2021,GGG,TX,ASW,CE,Combined TRACON& Tower with Radar,3,3,15,0,21,1,10,12,0,23,4,13,27,0,44,22,0,22,66
08/02/2021,GGG,TX,ASW,CE,Combined TRACON& Tower with Radar,0,9,18,0,27,0,1,1,0,2,0,10,19,0,29,0,0,0,29
08/03/2021,GGG,TX,ASW,CE,Combined TRACON& Tower with Radar,0,11,32,7,50,0,22,26,2,50,0,33,58,9,100,252,4,256,356
08/04/2021,GGG,TX,ASW,CE,Combined TRACON& Tower with Radar,0,11,25,22,58,0,33,29,0,62,0,44,54,22,120,154,4,158,278
08/05/2021,GGG,TX,ASW,CE,Combined TRACON& Tower with Radar,0,10,36,39,85,0,22,37,0,59,0,32,73,39,144,134,0,134,278
08/06/2021,GGG,TX,ASW,CE,Combined TRACON& Tower with Radar,0,9,27,28,64,0,22,27,2,51,0,31,54,30,115,152,4,156,271
08/07/2021,GGG,TX,ASW,CE,Combined TRACON& Tower with Radar,0,12,16,15,43,0,12,22,2,36,0,24,38,17,79,49,4,53,132
08/08/2021,GGG,TX,ASW,CE,Combined TRACON& Tower with Radar,0,3,32,10,45,0,5,9,1,15,0,8,41,11,60,32,0,32,92
08/09/2021,GGG,TX,ASW,CE,Combined TRACON& Tower with Radar,0,9,20,34,63,0,14,26,1,41,0,23,46,35,104,86,6,92,196
08/10/2021,GGG,TX,ASW,CE,Combined TRACON& Tower with Radar,0,8,29,23,60,0,18,23,0,41,0,26,52,23,101,44,0,44,145
08/11/2021,GGG,TX,ASW,CE,Combined TRACON& Tower with Radar,0,9,27,29,65,0,21,23,1,45,0,30,50,30,110,90,10,100,210
08/12/2021,GGG,TX,ASW,CE,Combined TRACON& Tower with Radar,0,8,21,38,67,0,23,38,0,61,0,31,59,38,128,158,0,158,286
08/13/2021,GGG,TX,ASW,CE,Combined TRACON& Tower with Radar,0,14,33,24,71,0,12,45,2,59,0,26,78,26,130,158,12,170,300
08/14/2021,GGG,TX,ASW,CE,Combined TRACON& Tower with Radar,0,8,21,2,31,0,8,25,0,33,0,16,46,2,64,90,6,96,160
08/15/2021,GGG,TX,ASW,CE,Combined TRACON& Tower with Radar,0,10,22,0,32,0,9,25,0,34,0,19,47,0,66,30,0,30,96
08/16/2021,GGG,TX,ASW,CE,Combined TRACON& Tower with Radar,0,7,18,18,43,0,20,10,1,31,0,27,28,19,74,82,14,96,170
08/17/2021,GGG,TX,ASW,CE,Combined TRACON& Tower with Radar,2,5,29,9,45,0,18,13,1,32,2,23,42,10,77,78,0,78,155
08/18/2021,GGG,TX,ASW,CE,Combined TRACON& Tower with Radar,0,11,15,0,26,0,8,5,1,14,0,19,20,1,40,42,0,42,82
08/19/2021,GGG,TX,ASW,CE,Combined TRACON& Tower with Radar,0,8,19,0,27,0,14,7,1,22,0,22,26,1,49,42,0,42,91
08/20/2021,GGG,TX,ASW,CE,Combined TRACON& Tower with Radar,2,19,23,20,64,0,34,25,2,61,2,53,48,22,125,70,6,76,201
08/21/2021,GGG,TX,ASW,CE,Combined TRACON& Tower with Radar,0,6,14,16,36,0,37,23,0,60,0,43,37,16,96,96,0,96,192
08/22/2021,GGG,TX,ASW,CE,Combined TRACON& Tower with Radar,0,7,16,35,58,0,6,21,4,31,0,13,37,39,89,28,60,88,177
08/23/2021,GGG,TX,ASW,CE,Combined TRACON& Tower with Radar,0,4,16,10,30,0,51,36,3,90,0,55,52,13,120,118,22,140,260
08/24/2021,GGG,TX,ASW,CE,Combined TRACON& Tower with Radar,0,7,28,30,65,1,37,35,2,75,1,44,63,32,140,50,10,60,200
08/25/2021,GGG,TX,ASW,CE,Combined TRACON& Tower with Radar,0,9,24,37,70,0,48,27,1,76,0,57,51,38,146,56,12,68,214
08/26/2021,GGG,TX,ASW,CE,Combined TRACON& Tower with Radar,0,13,21,5,39,0,44,33,11,88,0,57,54,16,127,116,20,136,263
08/27/2021,GGG,TX,ASW,CE,Combined TRACON& Tower with Radar,0,16,30,15,61,0,31,15,0,46,0,47,45,15,107,48,20,68,175
08/28/2021,GGG,TX,ASW,CE,Combined TRACON& Tower with Radar,0,10,14,0,24,0,4,6,1,11,0,14,20,1,35,22,0,22,57
08/29/2021,GGG,TX,ASW,CE,Combined TRACON& Tower with Radar,0,5,26,19,50,0,2,13,2,17,0,7,39,21,67,12,4,16,83
08/30/2021,GGG,TX,ASW,CE,Combined TRACON& Tower with Radar,0,6,20,0,26,0,44,15,1,60,0,50,35,1,86,84,0,84,170
08/31/2021,GGG,TX,ASW,CE,Combined TRACON& Tower with Radar,0,10,21,23,54,0,54,21,2,77,0,64,42,25,131,132,22,154,285
09/01/2021,GGG,TX,ASW,CE,Combined TRACON& Tower with Radar,0,5,24,9,38,0,61,49,0,110,0,66,73,9,148,76,4,80,228
09/02/2021,GGG,TX,ASW,CE,Combined TRACON& Tower with Radar,0,16,22,2,40,0,23,24,0,47,0,39,46,2,87,174,0,174,261
09/03/2021,GGG,TX,ASW,CE,Combined TRACON& Tower with Radar,0,19,26,0,45,0,59,41,0,100,0,78,67,0,145,122,0,122,267
09/04/2021,GGG,TX,ASW,CE,Combined TRACON& Tower with Radar,0,6,12,0,18,0,25,47,0,72,0,31,59,0,90,48,0,48,138
09/05/2021,GGG,TX,ASW,CE,Combined TRACON& Tower with Radar,0,4,10,0,14,0,9,28,0,37,0,13,38,0,51,24,0,24,75
09/06/2021,GGG,TX,ASW,CE,Combined TRACON& Tower with Radar,0,10,18,0,28,0,43,22,0,65,0,53,40,0,93,120,0,120,213
09/07/2021,GGG,TX,ASW,CE,Combined TRACON& Tower with Radar,0,3,20,5,28,0,48,22,0,70,0,51,42,5,98,149,2,151,249
09/08/2021,GGG,TX,ASW,CE,Combined TRACON& Tower with Radar,0,13,23,0,36,0,59,32,0,91,0,72,55,0,127,94,0,94,221
09/09/2021,GGG,TX,ASW,CE,Combined TRACON& Tower with Radar,0,8,26,4,38,0,57,31,0,88,0,65,57,4,126,66,0,66,192
09/10/2021,GGG,TX,ASW,CE,Combined TRACON& Tower with Radar,2,7,38,0,47,0,49,42,2,93,2,56,80,2,140,54,0,54,194
09/11/2021,GGG,TX,ASW,CE,Combined TRACON& Tower with Radar,0,11,28,4,43,0,25,54,0,79,0,36,82,4,122,42,0,42,164
09/12/2021,GGG,TX,ASW,CE,Combined TRACON& Tower with Radar,0,9,31,6,46,0,8,24,4,36,0,17,55,10,82,0,0,0,82
09/13/2021,GGG,TX,ASW,CE,Combined TRACON& Tower with Radar,0,14,16,2,32,0,18,5,0,23,0,32,21,2,55,74,0,74,129
09/14/2021,GGG,TX,ASW,CE,Combined TRACON& Tower with Radar,0,14,14,0,28,0,5,0,0,5,0,19,14,0,33,24,0,24,57
09/15/2021,GGG,TX,ASW,CE,Combined TRACON& Tower with Radar,0,12,15,0,27,0,29,13,0,42,0,41,28,0,69,176,0,176,245
09/16/2021,GGG,TX,ASW,CE,Combined TRACON& Tower with Radar,0,20,19,2,41,0,31,14,0,45,0,51,33,2,86,154,0,154,240
09/17/2021,GGG,TX,ASW,CE,Combined TRACON& Tower with Radar,0,14,31,28,73,0,40,38,2,80,0,54,69,30,153,180,64,244,397
09/18/2021,GGG,TX,ASW,CE,Combined TRACON& Tower with Radar,0,5,16,3,24,0,11,4,1,16,0,16,20,4,40,10,6,16,56
09/19/2021,GGG,TX,ASW,CE,Combined TRACON& Tower with Radar,0,9,23,3,35,0,1,8,0,9,0,10,31,3,44,0,0,0,44
09/20/2021,GGG,TX,ASW,CE,Combined TRACON& Tower with Radar,0,7,13,14,34,0,55,25,2,82,0,62,38,16,116,98,0,98,214
09/21/2021,GGG,TX,ASW,CE,Combined TRACON& Tower with Radar,0,18,18,0,36,0,40,20,0,60,0,58,38,0,96,124,0,124,220
09/22/2021,GGG,TX,ASW,CE,Combined TRACON& Tower with Radar,0,10,22,14,46,0,63,39,1,103,0,73,61,15,149,170,2,172,321
09/23/2021,GGG,TX,ASW,CE,Combined TRACON& Tower with Radar,0,7,32,24,63,0,73,45,0,118,0,80,77,24,181,172,0,172,353
09/24/2021,GGG,TX,ASW,CE,Combined TRACON& Tower with Radar,0,10,32,24,66,0,60,66,1,127,0,70,98,25,193,138,2,140,333
09/25/2021,GGG,TX,ASW,CE,Combined TRACON& Tower with Radar,0,10,22,5,37,0,49,36,6,91,0,59,58,11,128,112,6,118,246
09/26/2021,GGG,TX,ASW,CE,Combined TRACON& Tower with Radar,0,9,22,0,31,0,14,20,0,34,0,23,42,0,65,16,0,16,81
09/27/2021,GGG,TX,ASW,CE,Combined TRACON& Tower with Radar,0,9,24,0,33,0,57,40,0,97,0,66,64,0,130,284,0,284,414
09/28/2021,GGG,TX,ASW,CE,Combined TRACON& Tower with Radar,0,8,29,13,50,0,33,15,0,48,0,41,44,13,98,122,16,138,236
09/29/2021,GGG,TX,ASW,CE,Combined TRACON& Tower with Radar,0,9,31,0,40,0,34,13,2,49,0,43,44,2,89,154,0,154,243
09/30/2021,GGG,TX,ASW,CE,Combined TRACON& Tower with Radar,0,9,31,16,56,0,42,6,0,48,0,51,37,16,104,142,0,142,246
10/01/2021,GGG,TX,ASW,CE,Combined TRACON& Tower with Radar,0,11,31,0,42,0,2,2,0,4,0,13,33,0,46,0,0,0,46
10/02/2021,GGG,TX,ASW,CE,Combined TRACON& Tower with Radar,0,10,17,2,29,0,15,9,0,24,0,25,26,2,53,26,0,26,79
10/03/2021,GGG,TX,ASW,CE,Combined TRACON& Tower with Radar,0,5,29,2,36,0,18,15,0,33,0,23,44,2,69,6,0,6,75
10/04/2021,GGG,TX,ASW,CE,Combined TRACON& Tower with Radar,0,12,27,11,50,0,59,25,1,85,0,71,52,12,135,184,0,184,319
10/05/2021,GGG,TX,ASW,CE,Combined TRACON& Tower with Radar,0,12,23,15,50,0,54,41,1,96,0,66,64,16,146,162,8,170,316
10/06/2021,GGG,TX,ASW,CE,Combined TRACON& Tower with Radar,0,11,21,22,54,0,65,24,3,92,0,76,45,25,146,152,8,160,306
10/07/2021,GGG,TX,ASW,CE,Combined TRACON& Tower with Radar,0,8,24,21,53,0,54,31,4,89,0,62,55,25,142,130,18,148,290
10/08/2021,GGG,TX,ASW,CE,Combined TRACON& Tower with Radar,0,8,22,6,36,0,48,38,2,88,0,56,60,8,124,196,2,198,322
10/09/2021,GGG,TX,ASW,CE,Combined TRACON& Tower with Radar,0,6,22,0,28,0,15,25,0,40,0,21,47,0,68,38,0,38,106
10/10/2021,GGG,TX,ASW,CE,Combined TRACON& Tower with Radar,0,6,27,0,33,1,0,6,0,7,1,6,33,0,40,12,0,12,52
10/11/2021,GGG,TX,ASW,CE,Combined TRACON& Tower with Radar,0,5,22,11,38,0,52,17,7,76,0,57,39,18,114,68,0,68,182
10/12/2021,GGG,TX,ASW,CE,Combined TRACON& Tower with Radar,0,14,21,0,35,0,22,5,0,27,0,36,26,0,62,198,0,198,260
10/13/2021,GGG,TX,ASW,CE,Combined TRACON& Tower with Radar,0,15,25,5,45,0,22,10,1,33,0,37,35,6,78,150,0,150,228
10/14/2021,GGG,TX,ASW,CE,Combined TRACON& Tower with Radar,0,12,36,2,50,0,27,15,0,42,0,39,51,2,92,212,0,212,304
10/15/2021,GGG,TX,ASW,CE,Combined TRACON& Tower with Radar,0,9,30,14,53,0,15,10,2,27,0,24,40,16,80,158,2,160,240
10/16/2021,GGG,TX,ASW,CE,Combined TRACON& Tower with Radar,0,9,27,14,50,0,37,28,2,67,0,46,55,16,117,100,0,100,217
10/17/2021,GGG,TX,ASW,CE,Combined TRACON& Tower with Radar,0,7,27,4,38,0,16,25,0,41,0,23,52,4,79,36,0,36,115
10/18/2021,GGG,TX,ASW,CE,Combined TRACON& Tower with Radar,0,9,21,9,39,0,55,27,0,82,0,64,48,9,121,172,0,172,293
10/19/2021,GGG,TX,ASW,CE,Combined TRACON& Tower with Radar,0,4,18,23,45,0,53,54,3,110,0,57,72,26,155,192,18,210,365
10/20/2021,GGG,TX,ASW,CE,Combined TRACON& Tower with Radar,0,7,34,0,41,0,50,46,0,96,0,57,80,0,137,298,0,298,435
10/21/2021,GGG,TX,ASW,CE,Combined TRACON& Tower with Radar,0,9,28,6,43,0,56,31,0,87,0,65,59,6,130,180,0,180,310
10/22/2021,GGG,TX,ASW,CE,Combined TRACON& Tower with Radar,2,9,15,72,98,0,56,42,5,103,2,65,57,77,201,196,12,208,409
10/23/2021,GGG,TX,ASW,CE,Combined TRACON& Tower with Radar,2,4,16,2,24,0,8,7,0,15,2,12,23,2,39,80,0,80,119
10/24/2021,GGG,TX,ASW,CE,Combined TRACON& Tower with Radar,0,5,25,13,43,0,4,11,0,15,0,9,36,13,58,0,0,0,58
10/25/2021,GGG,TX,ASW,CE,Combined TRACON& Tower with Radar,0,12,36,12,60,0,52,46,0,98,0,64,82,12,158,118,10,128,286
10/26/2021,GGG,TX,ASW,CE,Combined TRACON& Tower with Radar,2,11,29,29,71,0,26,13,0,39,2,37,42,29,110,282,0,282,392
10/27/2021,GGG,TX,ASW,CE,Combined TRACON& Tower with Radar,0,7,27,2,36,0,15,13,0,28,0,22,40,2,64,108,0,108,172
10/28/2021,GGG,TX,ASW,CE,Combined TRACON& Tower with Radar,0,6,19,37,62,0,4,8,0,12,0,10,27,37,74,8,8,16,90
10/29/2021,GGG,TX,ASW,CE,Combined TRACON& Tower with Radar,2,9,36,28,75,0,10,21,0,31,2,19,57,28,106,58,0,58,164
10/30/2021,GGG,TX,ASW,CE,Combined TRACON& Tower with Radar,0,8,23,2,33,0,30,37,2,69,0,38,60,4,102,100,0,100,202
10/31/2021,GGG,TX,ASW,CE,Combined TRACON& Tower with Radar,0,5,18,16,39,0,9,38,6,53,0,14,56,22,92,18,4,22,114
11/01/2021,GGG,TX,ASW,CE,Combined TRACON& Tower with Radar,0,12,13,21,46,0,33,28,2,63,0,45,41,23,109,266,6,272,381
11/02/2021,GGG,TX,ASW,CE,Combined TRACON& Tower with Radar,0,7,24,17,48,0,44,37,1,82,0,51,61,18,130,186,20,206,336
11/03/2021,GGG,TX,ASW,CE,Combined TRACON& Tower with Radar,0,11,20,0,31,0,0,0,0,0,0,11,20,0,31,0,0,0,31
11/04/2021,GGG,TX,ASW,CE,Combined TRACON& Tower with Radar,0,11,43,8,62,0,46,32,4,82,0,57,75,12,144,277,6,283,427
11/05/2021,GGG,TX,ASW,CE,Combined TRACON& Tower with Radar,1,12,35,42,90,0,41,72,4,117,1,53,107,46,207,378,0,378,585
11/06/2021,GGG,TX,ASW,CE,Combined TRACON& Tower with Radar,0,13,12,0,25,0,26,26,0,52,0,39,38,0,77,172,0,172,249
11/07/2021,GGG,TX,ASW,CE,Combined TRACON& Tower with Radar,0,3,31,8,42,0,9,19,2,30,0,12,50,10,72,8,0,8,80
11/08/2021,GGG,TX,ASW,CE,Combined TRACON& Tower with Radar,0,14,22,9,45,0,32,31,3,66,0,46,53,12,111,278,12,290,401
11/09/2021,GGG,TX,ASW,CE,Combined TRACON& Tower with Radar,0,8,21,0,29,0,38,26,0,64,0,46,47,0,93,274,0,274,367
11/10/2021,GGG,TX,ASW,CE,Combined TRACON& Tower with Radar,2,18,47,2,69,0,21,3,0,24,2,39,50,2,93,166,0,166,259
11/11/2021,GGG,TX,ASW,CE,Combined TRACON& Tower with Radar,0,17,28,0,45,0,28,37,0,65,0,45,65,0,110,134,0,134,244
11/12/2021,GGG,TX,ASW,CE,Combined TRACON& Tower with Radar,0,19,30,4,53,0,31,37,2,70,0,50,67,6,123,122,2,124,247
11/13/2021,GGG,TX,ASW,CE,Combined TRACON& Tower with Radar,0,12,13,2,27,0,23,24,0,47,0,35,37,2,74,74,0,74,148
11/14/2021,GGG,TX,ASW,CE,Combined TRACON& Tower with Radar,0,4,21,2,27,0,8,29,0,37,0,12,50,2,64,20,0,20,84
11/15/2021,GGG,TX,ASW,CE,Combined TRACON& Tower with Radar,0,16,36,19,71,0,21,29,0,50,0,37,65,19,121,94,8,102,223
11/16/2021,GGG,TX,ASW,CE,Combined TRACON& Tower with Radar,0,8,31,9,48,0,9,17,1,27,0,17,48,10,75,150,2,152,227
11/17/2021,GGG,TX,ASW,CE,Combined TRACON& Tower with Radar,0,24,21,10,55,0,17,34,0,51,0,41,55,10,106,38,0,38,144
11/18/2021,GGG,TX,ASW,CE,Combined TRACON& Tower with Radar,0,17,38,4,59,0,22,21,0,43,0,39,59,4,102,62,0,62,164
11/19/2021,GGG,TX,ASW,CE,Combined TRACON& Tower with Radar,0,13,30,18,61,0,35,53,0,88,0,48,83,18,149,202,4,206,355
11/20/2021,GGG,TX,ASW,CE,Combined TRACON& Tower with Radar,0,15,34,4,53,0,25,38,0,63,0,40,72,4,116,136,6,142,258
11/21/2021,GGG,TX,ASW,CE,Combined TRACON& Tower with Radar,0,5,26,0,31,0,3,1,0,4,0,8,27,0,35,6,0,6,41
11/22/2021,GGG,TX,ASW,CE,Combined TRACON& Tower with Radar,0,17,19,0,36,0,33,38,2,73,0,50,57,2,109,204,0,204,313
11/23/2021,GGG,TX,ASW,CE,Combined TRACON& Tower with Radar,0,21,32,6,59,0,30,43,2,75,0,51,75,8,134,220,0,220,354
11/24/2021,GGG,TX,ASW,CE,Combined TRACON& Tower with Radar,0,10,35,2,47,0,13,12,0,25,0,23,47,2,72,134,0,134,206
11/25/2021,GGG,TX,ASW,CE,Combined TRACON& Tower with Radar,0,6,7,0,13,0,2,7,0,9,0,8,14,0,22,0,0,0,22
11/26/2021,GGG,TX,ASW,CE,Combined TRACON& Tower with Radar,0,4,17,0,21,0,1,24,0,25,0,5,41,0,46,40,0,40,86
11/27/2021,GGG,TX,ASW,CE,Combined TRACON& Tower with Radar,0,11,25,0,36,0,5,15,0,20,0,16,40,0,56,38,0,38,94
11/28/2021,GGG,TX,ASW,CE,Combined TRACON& Tower with Radar,0,6,30,0,36,0,1,26,0,27,0,7,56,0,63,0,0,0,63
11/29/2021,GGG,TX,ASW,CE,Combined TRACON& Tower with Radar,0,22,18,40,80,0,38,32,1,71,0,60,50,41,151,210,14,224,375
11/30/2021,GGG,TX,ASW,CE,Combined TRACON& Tower with Radar,0,24,23,7,54,0,37,45,1,83,0,61,68,8,137,218,4,222,359
12/01/2021,GGG,TX,ASW,CE,Combined TRACON& Tower with Radar,0,20,30,0,50,0,22,34,0,56,0,42,64,0,106,56,0,56,162
12/02/2021,GGG,TX,ASW,CE,Combined TRACON& Tower with Radar,0,17,35,0,52,0,28,23,0,51,0,45,58,0,103,184,0,184,287
12/03/2021,GGG,TX,ASW,CE,Combined TRACON& Tower with Radar,0,12,41,39,92,0,4,2,0,6,0,16,43,39,98,40,12,52,150
12/04/2021,GGG,TX,ASW,CE,Combined TRACON& Tower with Radar,0,13,33,3,49,0,8,10,0,18,0,21,43,3,67,16,0,16,83
12/05/2021,GGG,TX,ASW,CE,Combined TRACON& Tower with Radar,0,3,33,0,36,0,0,11,0,11,0,3,44,0,47,6,0,6,53
12/06/2021,GGG,TX,ASW,CE,Combined TRACON& Tower with Radar,0,11,25,2,38,0,21,13,0,34,0,32,38,2,72,82,0,82,154
12/07/2021,GGG,TX,ASW,CE,Combined TRACON& Tower with Radar,0,15,28,0,43,0,23,15,0,38,0,38,43,0,81,232,0,232,313
12/08/2021,GGG,TX,ASW,CE,Combined TRACON& Tower with Radar,0,19,32,24,75,0,17,18,2,37,0,36,50,26,112,176,8,184,296
12/09/2021,GGG,TX,ASW,CE,Combined TRACON& Tower with Radar,0,17,31,2,50,0,9,7,0,16,0,26,38,2,66,32,0,32,98
12/10/2021,GGG,TX,ASW,CE,Combined TRACON& Tower with Radar,0,7,28,6,41,0,3,12,0,15,0,10,40,6,56,64,0,64,120
12/11/2021,GGG,TX,ASW,CE,Combined TRACON& Tower with Radar,0,7,14,15,36,0,28,18,3,49,0,35,32,18,85,72,10,82,167
12/12/2021,GGG,TX,ASW,CE,Combined TRACON& Tower with Radar,0,8,15,0,23,1,8,32,0,41,1,16,47,0,64,4,0,4,68
12/13/2021,GGG,TX,ASW,CE,Combined TRACON& Tower with Radar,0,11,17,11,39,0,21,33,3,57,0,32,50,14,96,184,8,192,288
12/14/2021,GGG,TX,ASW,CE,Combined TRACON& Tower with Radar,2,10,39,8,59,0,2,3,0,5,2,12,42,8,64,0,0,0,64
12/15/2021,GGG,TX,ASW,CE,Combined TRACON& Tower with Radar,0,14,33,2,49,0,8,10,0,18,0,22,43,2,67,28,0,28,95
12/16/2021,GGG,TX,ASW,CE,Combined TRACON& Tower with Radar,0,9,31,13,53,0,6,5,0,11,0,15,36,13,64,72,8,80,144
12/17/2021,GGG,TX,ASW,CE,Combined TRACON& Tower with Radar,0,18,32,43,93,0,14,18,5,37,0,32,50,48,130,46,4,50,180
12/18/2021,GGG,TX,ASW,CE,Combined TRACON& Tower with Radar,0,5,20,0,25,0,0,0,0,0,0,5,20,0,25,0,0,0,25
12/19/2021,GGG,TX,ASW,CE,Combined TRACON& Tower with Radar,0,8,26,19,53,0,4,21,0,25,0,12,47,19,78,14,2,16,94
12/20/2021,GGG,TX,ASW,CE,Combined TRACON& Tower with Radar,0,11,22,0,33,0,0,1,0,1,0,11,23,0,34,18,0,18,52
12/21/2021,GGG,TX,ASW,CE,Combined TRACON& Tower with Radar,0,8,31,2,41,0,7,39,0,46,0,15,70,2,87,14,6,20,107
12/22/2021,GGG,TX,ASW,CE,Combined TRACON& Tower with Radar,0,5,27,0,32,0,3,23,0,26,0,8,50,0,58,28,0,28,86
12/23/2021,GGG,TX,ASW,CE,Combined TRACON& Tower with Radar,0,8,27,0,35,0,7,29,0,36,0,15,56,0,71,0,0,0,71
12/24/2021,GGG,TX,ASW,CE,Combined TRACON& Tower with Radar,0,4,4,0,8,0,1,2,0,3,0,5,6,0,11,0,0,0,11
12/25/2021,GGG,TX,ASW,CE,Combined TRACON& Tower with Radar,0,1,0,0,1,0,2,4,0,6,0,3,4,0,7,0,0,0,7
12/26/2021,GGG,TX,ASW,CE,Combined TRACON& Tower with Radar,0,5,20,0,25,0,2,8,0,10,0,7,28,0,35,0,0,0,35
12/27/2021,GGG,TX,ASW,CE,Combined TRACON& Tower with Radar,0,7,21,0,28,0,2,22,0,24,0,9,43,0,52,6,0,6,58
12/28/2021,GGG,TX,ASW,CE,Combined TRACON& Tower with Radar,0,7,18,2,27,0,1,8,0,9,0,8,26,2,36,16,10,26,62
12/29/2021,GGG,TX,ASW,CE,Combined TRACON& Tower with Radar,0,9,23,0,32,0,1,9,0,10,0,10,32,0,42,8,0,8,50
12/30/2021,GGG,TX,ASW,CE,Combined TRACON& Tower with Radar,0,5,35,5,45,0,2,27,0,29,0,7,62,5,74,8,0,8,82
12/31/2021,GGG,TX,ASW,CE,Combined TRACON& Tower with Radar,0,5,25,0,30,0,0,1,0,1,0,5,26,0,31,10,0,10,41
01/01/2022,GGG,TX,ASW,CE,Combined TRACON& Tower with Radar,0,1,6,0,7,0,0,5,0,5,0,1,11,0,12,16,0,16,28
01/02/2022,GGG,TX,ASW,CE,Combined TRACON& Tower with Radar,0,4,19,0,23,0,0,9,0,9,0,4,28,0,32,0,0,0,32
01/03/2022,GGG,TX,ASW,CE,Combined TRACON& Tower with Radar,0,9,17,3,29,0,16,20,0,36,0,25,37,3,65,76,0,76,141
01/04/2022,GGG,TX,ASW,CE,Combined TRACON& Tower with Radar,0,6,28,0,34,0,17,19,0,36,0,23,47,0,70,70,0,70,140
01/05/2022,GGG,TX,ASW,CE,Combined TRACON& Tower with Radar,0,9,15,6,30,0,5,15,2,22,0,14,30,8,52,42,0,42,94
01/06/2022,GGG,TX,ASW,CE,Combined TRACON& Tower with Radar,0,9,19,9,37,0,10,13,0,23,0,19,32,9,60,76,6,82,142
01/07/2022,GGG,TX,ASW,CE,Combined TRACON& Tower with Radar,0,4,17,9,30,0,5,31,1,37,0,9,48,10,67,22,6,28,95
01/08/2022,GGG,TX,ASW,CE,Combined TRACON& Tower with Radar,0,3,12,0,15,0,0,0,0,0,0,3,12,0,15,0,0,0,15
01/09/2022,GGG,TX,ASW,CE,Combined TRACON& Tower with Radar,0,3,26,0,29,0,0,11,0,11,0,3,37,0,40,2,0,2,42
01/10/2022,GGG,TX,ASW,CE,Combined TRACON& Tower with Radar,0,11,19,0,30,0,22,34,0,56,0,33,53,0,86,92,0,92,178
01/11/2022,GGG,TX,ASW,CE,Combined TRACON& Tower with Radar,0,4,22,44,70,0,16,36,1,53,0,20,58,45,123,54,60,114,237
01/12/2022,GGG,TX,ASW,CE,Combined TRACON& Tower with Radar,0,6,12,40,58,0,45,24,0,69,0,51,36,40,127,120,0,120,247
01/13/2022,GGG,TX,ASW,CE,Combined TRACON& Tower with Radar,0,6,28,19,53,0,29,55,0,84,0,35,83,19,137,82,12,94,231
01/14/2022,GGG,TX,ASW,CE,Combined TRACON& Tower with Radar,0,15,24,34,73,0,49,48,0,97,0,64,72,34,170,144,16,160,330
01/15/2022,GGG,TX,ASW,CE,Combined TRACON& Tower with Radar,0,4,8,0,12,0,0,3,0,3,0,4,11,0,15,10,0,10,25
01/16/2022,GGG,TX,ASW,CE,Combined TRACON& Tower with Radar,0,5,25,7,37,0,15,24,0,39,0,20,49,7,76,22,6,28,104
01/17/2022,GGG,TX,ASW,CE,Combined TRACON& Tower with Radar,0,5,24,0,29,0,4,40,0,44,0,9,64,0,73,6,0,6,79
01/18/2022,GGG,TX,ASW,CE,Combined TRACON& Tower with Radar,0,6,24,20,50,0,32,25,0,57,0,38,49,20,107,26,4,30,137
01/19/2022,GGG,TX,ASW,CE,Combined TRACON& Tower with Radar,0,11,19,0,30,0,18,3,0,21,0,29,22,0,51,106,0,106,157
01/20/2022,GGG,TX,ASW,CE,Combined TRACON& Tower with Radar,0,10,28,0,38,0,45,13,0,58,0,55,41,0,96,102,0,102,198
01/21/2022,GGG,TX,ASW,CE,Combined TRACON& Tower with Radar,0,6,25,9,40,0,67,46,1,114,0,73,71,10,154,70,0,70,224
01/22/2022,GGG,TX,ASW,CE,Combined TRACON& Tower with Radar,0,12,14,14,40,0,36,27,6,69,0,48,41,20,109,66,0,66,175
01/23/2022,GGG,TX,ASW,CE,Combined TRACON& Tower with Radar,0,3,20,9,32,0,13,28,0,41,0,16,48,9,73,14,2,16,89
01/24/2022,GGG,TX,ASW,CE,Combined TRACON& Tower with Radar,0,13,21,0,34,0,24,7,0,31,0,37,28,0,65,119,0,119,184
01/25/2022,GGG,TX,ASW,CE,Combined TRACON& Tower with Radar,0,8,32,0,40,0,29,17,0,46,0,37,49,0,86,106,0,106,192
01/26/2022,GGG,TX,ASW,CE,Combined TRACON& Tower with Radar,0,8,35,13,56,0,79,49,0,128,0,87,84,13,184,46,4,50,234
01/27/2022,GGG,TX,ASW,CE,Combined TRACON& Tower with Radar,0,7,37,12,56,0,81,45,0,126,0,88,82,12,182,180,8,188,370
01/28/2022,GGG,TX,ASW,CE,Combined TRACON& Tower with Radar,0,9,36,49,94,0,48,28,5,81,0,57,64,54,175,116,22,138,313
01/29/2022,GGG,TX,ASW,CE,Combined TRACON& Tower with Radar,0,8,21,14,43,0,42,35,1,78,0,50,56,15,121,76,20,96,217
01/30/2022,GGG,TX,ASW,CE,Combined TRACON& Tower with Radar,0,7,28,14,49,0,21,29,1,51,0,28,57,15,100,0,6,6,106
01/31/2022,GGG,TX,ASW,CE,Combined TRACON& Tower with Radar,0,13,39,0,52,0,28,9,0,37,0,41,48,0,89,48,0,48,137
02/01/2022,GGG,TX,ASW,CE,Combined TRACON& Tower with Radar,0,6,34,8,48,0,18,9,0,27,0,24,43,8,75,186,0,186,261
02/02/2022,GGG,TX,ASW,CE,Combined TRACON& Tower with Radar,0,12,25,0,37,0,0,0,0,0,0,12,25,0,37,18,0,18,55
02/03/2022,GGG,TX,ASW,CE,Combined TRACON& Tower with Radar,0,0,2,0,2,0,0,0,0,0,0,0,2,0,2,0,0,0,2
02/04/2022,GGG,TX,ASW,CE,Combined TRACON& Tower with Radar,0,1,15,4,20,0,2,3,0,5,0,3,18,4,25,0,0,0,25
02/05/2022,GGG,TX,ASW,CE,Combined TRACON& Tower with Radar,0,6,21,8,35,0,35,41,0,76,0,41,62,8,111,84,10,94,205
02/06/2022,GGG,TX,ASW,CE,Combined TRACON& Tower with Radar,0,3,29,0,32,0,12,23,2,37,0,15,52,2,69,18,0,18,87
02/07/2022,GGG,TX,ASW,CE,Combined TRACON& Tower with Radar,0,7,19,15,41,1,82,33,6,122,1,89,52,21,163,108,6,114,277
02/08/2022,GGG,TX,ASW,CE,Combined TRACON& Tower with Radar,0,7,34,2,43,0,71,50,4,125,0,78,84,6,168,142,2,144,312
02/09/2022,GGG,TX,ASW,CE,Combined TRACON& Tower with Radar,0,10,30,14,54,0,75,37,0,112,0,85,67,14,166,100,0,100,266
02/10/2022,GGG,TX,ASW,CE,Combined TRACON& Tower with Radar,0,4,29,23,56,3,81,49,0,133,3,85,78,23,189,112,0,112,301
02/11/2022,GGG,TX,ASW,CE,Combined TRACON& Tower with Radar,0,11,25,30,66,0,58,34,0,92,0,69,59,30,158,230,16,246,404
02/12/2022,GGG,TX,ASW,CE,Combined TRACON& Tower with Radar,0,5,24,0,29,0,2,5,0,7,0,7,29,0,36,0,0,0,36
02/13/2022,GGG,TX,ASW,CE,Combined TRACON& Tower with Radar,0,5,14,0,19,2,11,22,0,35,2,16,36,0,54,54,0,54,108
02/14/2022,GGG,TX,ASW,CE,Combined TRACON& Tower with Radar,0,6,25,11,42,0,76,39,1,116,0,82,64,12,158,186,4,190,348
02/15/2022,GGG,TX,ASW,CE,Combined TRACON& Tower with Radar,0,3,19,17,39,0,70,35,3,108,0,73,54,20,147,152,2,154,301
02/16/2022,GGG,TX,ASW,CE,Combined TRACON& Tower with Radar,0,8,32,4,44,0,19,3,0,22,0,27,35,4,66,80,0,80,146
02/17/2022,GGG,TX,ASW,CE,Combined TRACON& Tower with Radar,0,3,41,0,44,0,0,0,0,0,0,3,41,0,44,20,0,20,64
02/18/2022,GGG,TX,ASW,CE,Combined TRACON& Tower with Radar,1,5,28,25,59,1,86,45,0,132,2,91,73,25,191,158,6,164,355
02/19/2022,GGG,TX,ASW,CE,Combined TRACON& Tower with Radar,1,5,24,5,35,0,44,37,0,81,1,49,61,5,116,36,8,44,160
02/20/2022,GGG,TX,ASW,CE,Combined TRACON& Tower with Radar,0,5,22,6,33,0,20,14,1,35,0,25,36,7,68,18,0,18,86
02/21/2022,GGG,TX,ASW,CE,Combined TRACON& Tower with Radar,0,14,16,0,30,0,5,5,0,10,0,19,21,0,40,0,0,0,40
02/22/2022,GGG,TX,ASW,CE,Combined TRACON& Tower with Radar,0,16,27,20,63,0,37,20,1,58,0,53,47,21,121,42,8,50,171
02/23/2022,GGG,TX,ASW,CE,Combined TRACON& Tower with Radar,0,8,13,3,24,0,0,0,1,1,0,8,13,4,25,54,0,54,79
02/24/2022,GGG,TX,ASW,CE,Combined TRACON& Tower with Radar,0,7,10,1,18,0,0,0,0,0,0,7,10,1,18,0,0,0,18
02/25/2022,GGG,TX,ASW,CE,Combined TRACON& Tower with Radar,0,3,31,2,36,0,45,22,0,67,0,48,53,2,103,340,0,340,443
02/26/2022,GGG,TX,ASW,CE,Combined TRACON& Tower with Radar,0,5,8,15,28,0,0,0,0,0,0,5,8,15,28,0,0,0,28
02/27/2022,GGG,TX,ASW,CE,Combined TRACON& Tower with Radar,0,4,28,0,32,0,22,27,4,53,0,26,55,4,85,40,4,44,129
02/28/2022,GGG,TX,ASW,CE,Combined TRACON& Tower with Radar,0,10,31,21,62,0,78,42,3,123,0,88,73,24,185,166,0,166,351
03/01/2022,GGG,TX,ASW,CE,Combined TRACON& Tower with Radar,1,14,35,6,56,0,78,41,0,119,1,92,76,6,175,208,6,214,389
03/02/2022,GGG,TX,ASW,CE,Combined TRACON& Tower with Radar,0,9,38,33,80,0,81,38,3,122,0,90,76,36,202,196,0,196,398
03/03/2022,GGG,TX,ASW,CE,Combined TRACON& Tower with Radar,0,12,44,16,72,0,80,56,0,136,0,92,100,16,208,252,18,270,478
03/04/2022,GGG,TX,ASW,CE,Combined TRACON& Tower with Radar,0,8,22,39,69,0,59,23,3,85,0,67,45,42,154,153,27,180,334
03/05/2022,GGG,TX,ASW,CE,Combined TRACON& Tower with Radar,0,14,27,42,83,36,10,92,0,138,36,24,119,42,221,106,12,118,339
03/06/2022,GGG,TX,ASW,CE,Combined TRACON& Tower with Radar,0,6,28,1,35,0,2,5,2,9,0,8,33,3,44,22,6,28,72
03/07/2022,GGG,TX,ASW,CE,Combined TRACON& Tower with Radar,0,19,24,17,60,0,39,26,0,65,0,58,50,17,125,264,8,272,397
03/08/2022,GGG,TX,ASW,CE,Combined TRACON& Tower with Radar,1,6,23,2,32,0,11,0,0,11,1,17,23,2,43,94,0,94,137
03/09/2022,GGG,TX,ASW,CE,Combined TRACON& Tower with Radar,0,14,28,34,76,0,33,19,1,53,0,47,47,35,129,124,12,136,265
03/10/2022,GGG,TX,ASW,CE,Combined TRACON& Tower with Radar,0,5,49,56,110,0,72,51,2,125,0,77,100,58,235,258,6,264,499
03/11/2022,GGG,TX,ASW,CE,Combined TRACON& Tower with Radar,0,9,22,23,54,0,24,14,1,39,0,33,36,24,93,96,8,104,197
03/12/2022,GGG,TX,ASW,CE,Combined TRACON& Tower with Radar,2,8,25,0,35,0,18,41,1,60,2,26,66,1,95,54,0,54,149
03/13/2022,GGG,TX,ASW,CE,Combined TRACON& Tower with Radar,0,5,23,15,43,0,12,11,0,23,0,17,34,15,66,22,2,24,90
03/14/2022,GGG,TX,ASW,CE,Combined TRACON& Tower with Radar,0,8,16,44,68,0,15,4,0,19,0,23,20,44,87,154,6,160,247
03/15/2022,GGG,TX,ASW,CE,Combined TRACON& Tower with Radar,0,15,26,2,43,0,0,4,0,4,0,15,30,2,47,0,0,0,47
03/16/2022,GGG,TX,ASW,CE,Combined TRACON& Tower with Radar,0,10,29,4,43,0,37,39,0,76,0,47,68,4,119,124,0,124,243
03/17/2022,GGG,TX,ASW,CE,Combined TRACON& Tower with Radar,2,13,16,4,35,0,28,27,2,57,2,41,43,6,92,156,0,156,248
03/18/2022,GGG,TX,ASW,CE,Combined TRACON& Tower with Radar,0,9,21,26,56,0,14,18,4,36,0,23,39,30,92,54,22,76,168
03/19/2022,GGG,TX,ASW,CE,Combined TRACON& Tower with Radar,0,12,34,8,54,0,27,32,0,59,0,39,66,8,113,74,0,74,187
03/20/2022,GGG,TX,ASW,CE,Combined TRACON& Tower with Radar,2,3,22,18,45,0,3,29,2,34,2,6,51,20,79,12,0,12,91
03/21/2022,GGG,TX,ASW,CE,Combined TRACON& Tower with Radar,0,12,7,0,19,0,4,2,0,6,0,16,9,0,25,14,0,14,39
03/22/2022,GGG,TX,ASW,CE,Combined TRACON& Tower with Radar,0,8,24,5,37,0,4,7,1,12,0,12,31,6,49,76,0,76,125
03/23/2022,GGG,TX,ASW,CE,Combined TRACON& Tower with Radar,0,13,30,20,63,0,38,27,5,70,0,51,57,25,133,176,16,192,325
03/24/2022,GGG,TX,ASW,CE,Combined TRACON& Tower with Radar,0,9,28,14,51,0,78,32,4,114,0,87,60,18,165,230,8,238,403
03/25/2022,GGG,TX,ASW,CE,Combined TRACON& Tower with Radar,0,22,26,39,87,0,67,67,0,134,0,89,93,39,221,210,16,226,447
03/26/2022,GGG,TX,ASW,CE,Combined TRACON& Tower with Radar,0,15,14,17,46,0,47,43,3,93,0,62,57,20,139,176,10,186,325
03/27/2022,GGG,TX,ASW,CE,Combined TRACON& Tower with Radar,0,5,33,9,47,0,13,32,0,45,0,18,65,9,92,34,0,34,126
03/28/2022,GGG,TX,ASW,CE,Combined TRACON& Tower with Radar,0,16,38,28,82,0,37,39,3,79,0,53,77,31,161,186,14,200,361
03/29/2022,GGG,TX,ASW,CE,Combined TRACON& Tower with Radar,0,16,21,4,41,0,12,4,0,16,0,28,25,4,57,236,0,236,293
03/30/2022,GGG,TX,ASW,CE,Combined TRACON& Tower with Radar,0,8,12,2,22,0,8,6,0,14,0,16,18,2,36,76,0,76,112
03/31/2022,GGG,TX,ASW,CE,Combined TRACON& Tower with Radar,0,13,40,6,59,0,71,36,2,109,0,84,76,8,168,282,0,282,450
04/01/2022,GGG,TX,ASW,CE,Combined TRACON& Tower with Radar,0,20,33,18,71,4,57,49,4,114,4,77,82,22,185,316,6,322,507
04/02/2022,GGG,TX,ASW,CE,Combined TRACON& Tower with Radar,0,7,22,38,67,2,32,54,15,103,2,39,76,53,170,192,18,210,380
04/03/2022,GGG,TX,ASW,CE,Combined TRACON& Tower with Radar,0,5,17,2,24,1,11,27,2,41,1,16,44,4,65,50,0,50,115
04/04/2022,GGG,TX,ASW,CE,Combined TRACON& Tower with Radar,0,22,30,5,57,0,34,15,0,49,0,56,45,5,106,384,8,392,498
04/05/2022,GGG,TX,ASW,CE,Combined TRACON& Tower with Radar,0,15,25,6,46,0,38,20,0,58,0,53,45,6,104,334,4,338,442
04/06/2022,GGG,TX,ASW,CE,Combined TRACON& Tower with Radar,0,20,23,4,47,0,22,12,0,34,0,42,35,4,81,200,4,204,285
04/07/2022,GGG,TX,ASW,CE,Combined TRACON& Tower with Radar,0,7,19,3,29,0,36,37,1,74,0,43,56,4,103,160,0,160,263
04/08/2022,GGG,TX,ASW,CE,Combined TRACON& Tower with Radar,0,20,22,6,48,0,24,22,2,48,0,44,44,8,96,76,0,76,172
04/09/2022,GGG,TX,ASW,CE,Combined TRACON& Tower with Radar,0,12,15,6,33,0,38,38,0,76,0,50,53,6,109,226,0,226,335
04/10/2022,GGG,TX,ASW,CE,Combined TRACON& Tower with Radar,0,8,22,4,34,0,0,6,2,8,0,8,28,6,42,26,0,26,68
04/11/2022,GGG,TX,ASW,CE,Combined TRACON& Tower with Radar,0,15,22,5,42,0,18,8,1,27,0,33,30,6,69,170,0,170,239
04/12/2022,GGG,TX,ASW,CE,Combined TRACON& Tower with Radar,0,26,25,6,57,0,21,7,0,28,0,47,32,6,85,266,0,266,351
04/13/2022,GGG,TX,ASW,CE,Combined TRACON& Tower with Radar,0,9,10,0,19,0,0,2,0,2,0,9,12,0,21,8,0,8,29
04/14/2022,GGG,TX,ASW,CE,Combined TRACON& Tower with Radar,0,19,45,14,78,0,57,60,3,120,0,76,105,17,198,250,28,278,476
04/15/2022,GGG,TX,ASW,CE,Combined TRACON& Tower with Radar,0,9,37,7,53,0,5,7,0,12,0,14,44,7,65,68,0,68,133
04/16/2022,GGG,TX,ASW,CE,Combined TRACON& Tower with Radar,2,11,23,0,36,0,2,1,0,3,2,13,24,0,39,16,0,16,55
04/17/2022,GGG,TX,ASW,CE,Combined TRACON& Tower with Radar,0,5,11,0,16,0,0,0,0,0,0,5,11,0,16,0,0,0,16
04/18/2022,GGG,TX,ASW,CE,Combined TRACON& Tower with Radar,0,18,52,35,105,0,33,19,1,53,0,51,71,36,158,202,16,218,376
04/19/2022,GGG,TX,ASW,CE,Combined TRACON& Tower with Radar,0,28,30,2,60,0,45,39,4,88,0,73,69,6,148,296,0,296,444
04/20/2022,GGG,TX,ASW,CE,Combined TRACON& Tower with Radar,2,25,26,18,71,0,6,9,0,15,2,31,35,18,86,142,0,142,228
04/21/2022,GGG,TX,ASW,CE,Combined TRACON& Tower with Radar,0,26,32,32,90,0,22,12,0,34,0,48,44,32,124,318,0,318,442
04/22/2022,GGG,TX,ASW,CE,Combined TRACON& Tower with Radar,0,22,43,72,137,0,36,27,1,64,0,58,70,73,201,90,0,90,291
04/23/2022,GGG,TX,ASW,CE,Combined TRACON& Tower with Radar,0,9,19,8,36,0,11,19,0,30,0,20,38,8,66,38,0,38,104
04/24/2022,GGG,TX,ASW,CE,Combined TRACON& Tower with Radar,0,4,25,2,31,0,11,8,0,19,0,15,33,2,50,24,0,24,74
04/25/2022,GGG,TX,ASW,CE,Combined TRACON& Tower with Radar,0,12,16,0,28,0,0,0,0,0,0,12,16,0,28,0,0,0,28
04/26/2022,GGG,TX,ASW,CE,Combined TRACON& Tower with Radar,0,22,24,30,76,0,58,49,1,108,0,80,73,31,184,432,12,444,628
04/27/2022,GGG,TX,ASW,CE,Combined TRACON& Tower with Radar,0,12,28,45,85,0,39,54,2,95,0,51,82,47,180,308,6,314,494
04/28/2022,GGG,TX,ASW,CE,Combined TRACON& Tower with Radar,0,15,37,5,57,0,49,49,1,99,0,64,86,6,156,324,0,324,480
04/29/2022,GGG,TX,ASW,CE,Combined TRACON& Tower with Radar,0,26,37,12,75,0,20,14,3,37,0,46,51,15,112,146,8,154,266
04/30/2022,GGG,TX,ASW,CE,Combined TRACON& Tower with Radar,0,9,17,0,26,1,6,4,0,11,1,15,21,0,37,48,0,48,85
05/01/2022,GGG,TX,ASW,CE,Combined TRACON& Tower with Radar,0,6,30,3,39,0,8,33,0,41,0,14,63,3,80,34,0,34,114
05/02/2022,GGG,TX,ASW,CE,Combined TRACON& Tower with Radar,0,16,30,6,52,0,9,19,0,28,0,25,49,6,80,186,0,186,266
05/03/2022,GGG,TX,ASW,CE,Combined TRACON& Tower with Radar,0,12,23,2,37,0,20,23,0,43,0,32,46,2,80,190,0,190,270
05/04/2022,GGG,TX,ASW,CE,Combined TRACON& Tower with Radar,0,13,24,0,37,0,30,20,0,50,0,43,44,0,87,154,0,154,241
05/05/2022,GGG,TX,ASW,CE,Combined TRACON& Tower with Radar,0,5,25,0,30,0,0,0,0,0,0,5,25,0,30,38,0,38,68
05/06/2022,GGG,TX,ASW,CE,Combined TRACON& Tower with Radar,0,18,33,26,77,0,37,33,1,71,0,55,66,27,148,218,6,224,372
05/07/2022,GGG,TX,ASW,CE,Combined TRACON& Tower with Radar,0,11,21,2,34,0,9,22,0,31,0,20,43,2,65,148,4,152,217
05/08/2022,GGG,TX,ASW,CE,Combined TRACON& Tower with Radar,0,7,32,4,43,0,3,13,0,16,0,10,45,4,59,18,0,18,77
05/09/2022,GGG,TX,ASW,CE,Combined TRACON& Tower with Radar,0,19,34,18,71,0,26,18,2,46,0,45,52,20,117,94,0,94,211
05/10/2022,GGG,TX,ASW,CE,Combined TRACON& Tower with Radar,0,11,22,12,45,0,18,30,0,48,0,29,52,12,93,306,0,306,399
05/11/2022,GGG,TX,ASW,CE,Combined TRACON& Tower with Radar,0,18,36,25,79,0,21,38,4,63,0,39,74,29,142,216,12,228,370
05/12/2022,GGG,TX,ASW,CE,Combined TRACON& Tower with Radar,0,11,38,17,66,0,39,56,0,95,0,50,94,17,161,270,2,272,433
05/13/2022,GGG,TX,ASW,CE,Combined TRACON& Tower with Radar,0,9,30,2,41,0,14,27,0,41,0,23,57,2,82,150,0,150,232
05/14/2022,GGG,TX,ASW,CE,Combined TRACON& Tower with Radar,0,6,22,16,44,0,11,27,2,40,0,17,49,18,84,72,0,72,156
05/15/2022,GGG,TX,ASW,CE,Combined TRACON& Tower with Radar,0,6,28,4,38,0,4,18,0,22,0,10,46,4,60,12,0,12,72
05/16/2022,GGG,TX,ASW,CE,Combined TRACON& Tower with Radar,0,10,30,16,56,0,27,42,0,69,0,37,72,16,125,170,0,170,295
05/17/2022,GGG,TX,ASW,CE,Combined TRACON& Tower with Radar,0,11,20,13,44,0,43,35,1,79,0,54,55,14,123,128,12,140,263
05/18/2022,GGG,TX,ASW,CE,Combined TRACON& Tower with Radar,0,9,32,0,41,0,36,29,2,67,0,45,61,2,108,148,0,148,256
05/19/2022,GGG,TX,ASW,CE,Combined TRACON& Tower with Radar,0,16,46,18,80,0,21,22,0,43,0,37,68,18,123,162,0,162,285
05/20/2022,GGG,TX,ASW,CE,Combined TRACON& Tower with Radar,0,21,26,11,58,0,26,18,0,44,0,47,44,11,102,104,0,104,206
05/21/2022,GGG,TX,ASW,CE,Combined TRACON& Tower with Radar,0,11,27,0,38,0,9,11,0,20,0,20,38,0,58,18,0,18,76
05/22/2022,GGG,TX,ASW,CE,Combined TRACON& Tower with Radar,0,6,24,0,30,0,1,0,0,1,0,7,24,0,31,0,0,0,31
05/23/2022,GGG,TX,ASW,CE,Combined TRACON& Tower with Radar,0,12,24,22,58,0,1,8,0,9,0,13,32,22,67,94,0,94,161
05/24/2022,GGG,TX,ASW,CE,Combined TRACON& Tower with Radar,0,5,16,0,21,0,2,0,0,2,0,7,16,0,23,22,0,22,45
05/25/2022,GGG,TX,ASW,CE,Combined TRACON& Tower with Radar,0,21,28,0,49,0,29,12,0,41,0,50,40,0,90,92,0,92,182
05/26/2022,GGG,TX,ASW,CE,Combined TRACON& Tower with Radar,0,22,36,17,75,0,52,59,0,111,0,74,95,17,186,124,14,138,324
05/27/2022,GGG,TX,ASW,CE,Combined TRACON& Tower with Radar,0,13,37,0,50,0,63,35,0,98,0,76,72,0,148,196,0,196,344
05/28/2022,GGG,TX,ASW,CE,Combined TRACON& Tower with Radar,0,4,17,0,21,0,24,37,0,61,0,28,54,0,82,108,0,108,190
05/29/2022,GGG,TX,ASW,CE,Combined TRACON& Tower with Radar,2,3,21,0,26,0,5,13,0,18,2,8,34,0,44,16,0,16,60
05/30/2022,GGG,TX,ASW,CE,Combined TRACON& Tower with Radar,0,5,20,2,27,0,4,20,0,24,0,9,40,2,51,12,0,12,63
05/31/2022,GGG,TX,ASW,CE,Combined TRACON& Tower with Radar,0,13,38,14,65,0,36,36,3,75,0,49,74,17,140,118,16,134,274
06/01/2022,GGG,TX,ASW,CE,Combined TRACON& Tower with Radar,4,18,34,16,72,0,34,17,0,51,4,52,51,16,123,236,6,242,365
06/02/2022,GGG,TX,ASW,CE,Combined TRACON& Tower with Radar,2,11,32,1,46,0,22,20,1,43,2,33,52,2,89,164,0,164,253
06/03/2022,GGG,TX,ASW,CE,Combined TRACON& Tower with Radar,0,14,34,61,109,0,30,25,0,55,0,44,59,61,164,214,48,262,426
06/04/2022,GGG,TX,ASW,CE,Combined TRACON& Tower with Radar,0,4,13,32,49,0,27,29,0,56,0,31,42,32,105,76,10,86,191
06/05/2022,GGG,TX,ASW,CE,Combined TRACON& Tower with Radar,0,7,28,2,37,1,0,10,6,17,1,7,38,8,54,14,0,14,68
06/06/2022,GGG,TX,ASW,CE,Combined TRACON& Tower with Radar,0,15,32,38,85,0,35,25,7,67,0,50,57,45,152,340,18,358,510
06/07/2022,GGG,TX,ASW,CE,Combined TRACON& Tower with Radar,0,15,44,31,90,0,40,29,8,77,0,55,73,39,167,286,30,316,483
06/08/2022,GGG,TX,ASW,CE,Combined TRACON& Tower with Radar,0,12,40,0,52,0,34,21,0,55,0,46,61,0,107,228,0,228,335
06/09/2022,GGG,TX,ASW,CE,Combined TRACON& Tower with Radar,0,9,49,12,70,0,48,43,0,91,0,57,92,12,161,182,0,182,343
06/10/2022,GGG,TX,ASW,CE,Combined TRACON& Tower with Radar,0,10,32,15,57,0,34,36,0,70,0,44,68,15,127,212,2,214,341
06/11/2022,GGG,TX,ASW,CE,Combined TRACON& Tower with Radar,0,6,27,10,43,0,13,17,3,33,0,19,44,13,76,22,0,22,98
06/12/2022,GGG,TX,ASW,CE,Combined TRACON& Tower with Radar,0,4,54,1,59,0,5,33,5,43,0,9,87,6,102,14,0,14,116
06/13/2022,GGG,TX,ASW,CE,Combined TRACON& Tower with Radar,0,15,22,23,60,0,32,39,1,72,0,47,61,24,132,186,6,192,324
06/14/2022,GGG,TX,ASW,CE,Combined TRACON& Tower with Radar,0,11,26,18,55,0,23,29,1,53,0,34,55,19,108,150,24,174,282
06/15/2022,GGG,TX,ASW,CE,Combined TRACON& Tower with Radar,0,25,31,41,97,0,16,19,2,37,0,41,50,43,134,146,14,160,294
06/16/2022,GGG,TX,ASW,CE,Combined TRACON& Tower with Radar,0,11,33,9,53,3,31,29,8,71,3,42,62,17,124,78,0,78,202
06/17/2022,GGG,TX,ASW,CE,Combined TRACON& Tower with Radar,0,8,25,31,64,0,28,28,4,60,0,36,53,35,124,116,0,116,240
06/18/2022,GGG,TX,ASW,CE,Combined TRACON& Tower with Radar,0,5,23,0,28,0,11,30,2,43,0,16,53,2,71,66,0,66,137
06/19/2022,GGG,TX,ASW,CE,Combined TRACON& Tower with Radar,0,3,13,0,16,0,8,20,0,28,0,11,33,0,44,4,0,4,48
06/20/2022,GGG,TX,ASW,CE,Combined TRACON& Tower with Radar,0,6,19,0,25,0,3,42,0,45,0,9,61,0,70,68,0,68,138
06/21/2022,GGG,TX,ASW,CE,Combined TRACON& Tower with Radar,0,13,25,2,40,0,40,27,2,69,0,53,52,4,109,276,8,284,393
06/22/2022,GGG,TX,ASW,CE,Combined TRACON& Tower with Radar,0,7,20,47,74,1,32,31,4,68,1,39,51,51,142,108,34,142,284
06/23/2022,GGG,TX,ASW,CE,Combined TRACON& Tower with Radar,0,6,25,24,55,0,24,18,1,43,0,30,43,25,98,200,10,210,308
06/24/2022,GGG,TX,ASW,CE,Combined TRACON& Tower with Radar,0,6,31,29,66,0,27,33,3,63,0,33,64,32,129,102,2,104,233
06/25/2022,GGG,TX,ASW,CE,Combined TRACON& Tower with Radar,0,7,20,25,52,0,16,38,1,55,0,23,58,26,107,10,12,22,129
06/26/2022,GGG,TX,ASW,CE,Combined TRACON& Tower with Radar,0,3,18,27,48,0,0,22,1,23,0,3,40,28,71,62,14,76,147
06/27/2022,GGG,TX,ASW,CE,Combined TRACON& Tower with Radar,0,13,33,10,56,0,23,42,0,65,0,36,75,10,121,186,2,188,309
06/28/2022,GGG,TX,ASW,CE,Combined TRACON& Tower with Radar,0,16,18,32,66,0,32,20,0,52,0,48,38,32,118,174,0,174,292
06/29/2022,GGG,TX,ASW,CE,Combined TRACON& Tower with Radar,0,7,35,7,49,0,21,29,0,50,0,28,64,7,99,228,8,236,335
06/30/2022,GGG,TX,ASW,CE,Combined TRACON& Tower with Radar,0,8,27,18,53,0,20,31,6,57,0,28,58,24,110,120,8,128,238
07/01/2022,GGG,TX,ASW,CE,Combined TRACON& Tower with Radar,0,3,48,0,51,1,2,26,0,29,1,5,74,0,80,56,0,56,136
07/02/2022,GGG,TX,ASW,CE,Combined TRACON& Tower with Radar,0,3,18,0,21,0,3,2,0,5,0,6,20,0,26,0,0,0,26
07/03/2022,GGG,TX,ASW,CE,Combined TRACON& Tower with Radar,0,6,17,0,23,0,9,16,0,25,0,15,33,0,48,14,0,14,62
07/04/2022,GGG,TX,ASW,CE,Combined TRACON& Tower with Radar,0,3,19,0,22,0,3,26,0,29,0,6,45,0,51,36,0,36,87
07/05/2022,GGG,TX,ASW,CE,Combined TRACON& Tower with Radar,0,16,39,21,76,0,27,32,5,64,0,43,71,26,140,162,38,200,340
07/06/2022,GGG,TX,ASW,CE,Combined TRACON& Tower with Radar,0,17,29,32,78,0,39,35,1,75,0,56,64,33,153,140,30,170,323
07/07/2022,GGG,TX,ASW,CE,Combined TRACON& Tower with Radar,0,12,22,31,65,0,25,41,0,66,0,37,63,31,131,72,10,82,213
07/08/2022,GGG,TX,ASW,CE,Combined TRACON& Tower with Radar,0,5,18,47,70,0,3,45,2,50,0,8,63,49,120,28,4,32,152
07/09/2022,GGG,TX,ASW,CE,Combined TRACON& Tower with Radar,0,3,10,12,25,0,14,25,0,39,0,17,35,12,64,80,0,80,144
07/10/2022,GGG,TX,ASW,CE,Combined TRACON& Tower with Radar,0,3,11,6,20,0,2,28,0,30,0,5,39,6,50,8,0,8,58
07/11/2022,GGG,TX,ASW,CE,Combined TRACON& Tower with Radar,0,9,27,20,56,0,20,27,0,47,0,29,54,20,103,314,0,314,417
07/12/2022,GGG,TX,ASW,CE,Combined TRACON& Tower with Radar,2,13,20,14,49,0,40,36,0,76,2,53,56,14,125,114,2,116,241
07/13/2022,GGG,TX,ASW,CE,Combined TRACON& Tower with Radar,0,12,32,19,63,0,41,30,0,71,0,53,62,19,134,200,10,210,344
07/14/2022,GGG,TX,ASW,CE,Combined TRACON& Tower with Radar,0,11,21,9,41,0,16,12,1,29,0,27,33,10,70,84,4,88,158
07/15/2022,GGG,TX,ASW,CE,Combined TRACON& Tower with Radar,0,14,22,77,113,0,23,41,0,64,0,37,63,77,177,82,8,90,267
07/16/2022,GGG,TX,ASW,CE,Combined TRACON& Tower with Radar,2,8,14,10,34,0,23,27,4,54,2,31,41,14,88,32,6,38,126
07/17/2022,GGG,TX,ASW,CE,Combined TRACON& Tower with Radar,0,3,24,28,55,0,2,26,0,28,0,5,50,28,83,0,6,6,89
07/18/2022,GGG,TX,ASW,CE,Combined TRACON& Tower with Radar,0,10,30,29,69,0,29,36,1,66,0,39,66,30,135,182,0,182,317
07/19/2022,GGG,TX,ASW,CE,Combined TRACON& Tower with Radar,0,16,15,19,50,0,13,33,0,46,0,29,48,19,96,74,0,74,170
07/20/2022,GGG,TX,ASW,CE,Combined TRACON& Tower with Radar,0,10,18,12,40,0,21,35,0,56,0,31,53,12,96,224,6,230,326
07/21/2022,GGG,TX,ASW,CE,Combined TRACON& Tower with Radar,0,16,13,0,29,0,12,32,2,46,0,28,45,2,75,144,0,144,219
07/22/2022,GGG,TX,ASW,CE,Combined TRACON& Tower with Radar,0,3,21,0,24,0,4,8,0,12,0,7,29,0,36,0,0,0,36
07/23/2022,GGG,TX,ASW,CE,Combined TRACON& Tower with Radar,0,9,28,0,37,0,3,13,0,16,0,12,41,0,53,46,0,46,99
07/24/2022,GGG,TX,ASW,CE,Combined TRACON& Tower with Radar,0,3,17,30,50,0,6,10,0,16,0,9,27,30,66,0,0,0,66
07/25/2022,GGG,TX,ASW,CE,Combined TRACON& Tower with Radar,0,15,27,34,76,0,17,19,4,40,0,32,46,38,116,188,16,204,320
07/26/2022,GGG,TX,ASW,CE,Combined TRACON& Tower with Radar,0,19,22,29,70,0,14,39,0,53,0,33,61,29,123,90,16,106,229
07/27/2022,GGG,TX,ASW,CE,Combined TRACON& Tower with Radar,0,21,23,29,73,0,15,45,4,64,0,36,68,33,137,128,16,144,281
07/28/2022,GGG,TX,ASW,CE,Combined TRACON& Tower with Radar,0,15,27,4,46,0,26,39,0,65,0,41,66,4,111,158,0,158,269
07/29/2022,GGG,TX,ASW,CE,Combined TRACON& Tower with Radar,4,3,19,57,83,0,2,33,2,37,4,5,52,59,120,34,24,58,178
07/30/2022,GGG,TX,ASW,CE,Combined TRACON& Tower with Radar,0,5,26,3,34,0,10,17,1,28,0,15,43,4,62,6,0,6,68
07/31/2022,GGG,TX,ASW,CE,Combined TRACON& Tower with Radar,0,3,16,0,19,0,0,17,0,17,0,3,33,0,36,0,0,0,36
08/01/2022,GGG,TX,ASW,CE,Combined TRACON& Tower with Radar,0,9,19,23,51,0,22,31,0,53,0,31,50,23,104,156,24,180,284
08/02/2022,GGG,TX,ASW,CE,Combined TRACON& Tower with Radar,0,10,18,20,48,0,20,24,4,48,0,30,42,24,96,100,16,116,212
08/03/2022,GGG,TX,ASW,CE,Combined TRACON& Tower with Radar,0,12,20,28,60,0,11,33,0,44,0,23,53,28,104,98,12,110,214
08/04/2022,GGG,TX,ASW,CE,Combined TRACON& Tower with Radar,0,13,25,24,62,0,12,37,0,49,0,25,62,24,111,52,6,58,169
08/05/2022,GGG,TX,ASW,CE,Combined TRACON& Tower with Radar,0,10,25,28,63,0,11,28,1,40,0,21,53,29,103,24,2,26,129
08/06/2022,GGG,TX,ASW,CE,Combined TRACON& Tower with Radar,0,6,31,20,57,0,4,11,0,15,0,10,42,20,72,26,0,26,98
08/07/2022,GGG,TX,ASW,CE,Combined TRACON& Tower with Radar,0,3,25,14,42,0,0,23,2,25,0,3,48,16,67,0,0,0,67
08/08/2022,GGG,TX,ASW,CE,Combined TRACON& Tower with Radar,5,9,30,27,71,0,18,39,3,60,5,27,69,30,131,118,8,126,257
08/09/2022,GGG,TX,ASW,CE,Combined TRACON& Tower with Radar,0,10,15,26,51,0,19,11,5,35,0,29,26,31,86,74,0,74,160
08/10/2022,GGG,TX,ASW,CE,Combined TRACON& Tower with Radar,0,6,31,0,37,0,14,28,2,44,0,20,59,2,81,116,0,116,197
08/11/2022,GGG,TX,ASW,CE,Combined TRACON& Tower with Radar,0,18,37,2,57,0,14,38,0,52,0,32,75,2,109,142,0,142,251
08/12/2022,GGG,TX,ASW,CE,Combined TRACON& Tower with Radar,0,9,24,25,58,0,12,46,0,58,0,21,70,25,116,154,2,156,272
08/13/2022,GGG,TX,ASW,CE,Combined TRACON& Tower with Radar,0,8,25,17,50,0,33,44,4,81,0,41,69,21,131,20,2,22,153
08/14/2022,GGG,TX,ASW,CE,Combined TRACON& Tower with Radar,0,5,28,11,44,0,2,21,1,24,0,7,49,12,68,24,0,24,92
08/15/2022,GGG,TX,ASW,CE,Combined TRACON& Tower with Radar,0,5,20,31,56,0,10,41,0,51,0,15,61,31,107,122,24,146,253
08/16/2022,GGG,TX,ASW,CE,Combined TRACON& Tower with Radar,0,6,28,46,80,0,31,46,2,79,0,37,74,48,159,154,6,160,319
08/17/2022,GGG,TX,ASW,CE,Combined TRACON& Tower with Radar,1,5,33,5,44,0,9,16,1,26,1,14,49,6,70,94,6,100,170
08/18/2022,GGG,TX,ASW,CE,Combined TRACON& Tower with Radar,0,11,28,0,39,0,0,5,0,5,0,11,33,0,44,22,0,22,66
08/19/2022,GGG,TX,ASW,CE,Combined TRACON& Tower with Radar,0,5,23,39,67,0,10,17,4,31,0,15,40,43,98,70,4,74,172
08/20/2022,GGG,TX,ASW,CE,Combined TRACON& Tower with Radar,0,7,28,13,48,0,0,2,0,2,0,7,30,13,50,70,2,72,122
08/21/2022,GGG,TX,ASW,CE,Combined TRACON& Tower with Radar,0,4,11,0,15,0,0,3,0,3,0,4,14,0,18,0,0,0,18
08/22/2022,GGG,TX,ASW,CE,Combined TRACON& Tower with Radar,0,3,14,0,17,0,0,0,0,0,0,3,14,0,17,0,0,0,17
08/23/2022,GGG,TX,ASW,CE,Combined TRACON& Tower with Radar,0,10,34,0,44,0,6,7,0,13,0,16,41,0,57,24,0,24,81
08/24/2022,GGG,TX,ASW,CE,Combined TRACON& Tower with Radar,0,16,36,0,52,0,2,8,0,10,0,18,44,0,62,94,0,94,156
08/25/2022,GGG,TX,ASW,CE,Combined TRACON& Tower with Radar,0,11,27,12,50,0,7,2,0,9,0,18,29,12,59,64,6,70,129
08/26/2022,GGG,TX,ASW,CE,Combined TRACON& Tower with Radar,2,18,25,5,50,0,29,33,0,62,2,47,58,5,112,136,1,137,249
08/27/2022,GGG,TX,ASW,CE,Combined TRACON& Tower with Radar,0,6,23,12,41,0,18,6,0,24,0,24,29,12,65,0,0,0,65
08/28/2022,GGG,TX,ASW,CE,Combined TRACON& Tower with Radar,0,7,26,1,34,0,2,29,1,32,0,9,55,2,66,0,0,0,66
08/29/2022,GGG,TX,ASW,CE,Combined TRACON& Tower with Radar,0,6,27,0,33,0,11,15,2,28,0,17,42,2,61,116,0,116,177
08/30/2022,GGG,TX,ASW,CE,Combined TRACON& Tower with Radar,0,10,28,0,38,0,23,24,0,47,0,33,52,0,85,110,0,110,195
08/31/2022,GGG,TX,ASW,CE,Combined TRACON& Tower with Radar,2,4,19,15,40,0,35,34,0,69,2,39,53,15,109,120,4,124,233
09/01/2022,GGG,TX,ASW,CE,Combined TRACON& Tower with Radar,0,5,32,0,37,0,26,26,0,52,0,31,58,0,89,48,0,48,137
09/02/2022,GGG,TX,ASW,CE,Combined TRACON& Tower with Radar,0,6,50,0,56,0,15,14,0,29,0,21,64,0,85,74,0,74,159
09/03/2022,GGG,TX,ASW,CE,Combined TRACON& Tower with Radar,0,6,18,0,24,0,27,14,0,41,0,33,32,0,65,82,0,82,147
09/04/2022,GGG,TX,ASW,CE,Combined TRACON& Tower with Radar,2,2,13,1,18,0,1,4,1,6,2,3,17,2,24,0,0,0,24
09/05/2022,GGG,TX,ASW,CE,Combined TRACON& Tower with Radar,0,5,44,0,49,1,43,23,0,67,1,48,67,0,116,42,0,42,158
09/06/2022,GGG,TX,ASW,CE,Combined TRACON& Tower with Radar,0,8,18,2,28,0,51,28,0,79,0,59,46,2,107,120,0,120,227
09/07/2022,GGG,TX,ASW,CE,Combined TRACON& Tower with Radar,0,5,37,4,46,0,28,21,0,49,0,33,58,4,95,118,6,124,219
09/08/2022,GGG,TX,ASW,CE,Combined TRACON& Tower with Radar,0,6,26,12,44,1,42,35,2,80,1,48,61,14,124,142,0,142,266
09/09/2022,GGG,TX,ASW,CE,Combined TRACON& Tower with Radar,0,12,36,21,69,0,65,63,10,138,0,77,99,31,207,108,24,132,339
09/10/2022,GGG,TX,ASW,CE,Combined TRACON& Tower with Radar,0,6,18,40,64,0,29,32,4,65,0,35,50,44,129,52,22,74,203
09/11/2022,GGG,TX,ASW,CE,Combined TRACON& Tower with Radar,0,3,31,14,48,0,2,29,0,31,0,5,60,14,79,26,0,26,105
09/12/2022,GGG,TX,ASW,CE,Combined TRACON& Tower with Radar,0,6,34,16,56,0,58,41,0,99,0,64,75,16,155,120,5,125,280
09/13/2022,GGG,TX,ASW,CE,Combined TRACON& Tower with Radar,0,6,27,31,64,0,56,41,4,101,0,62,68,35,165,196,30,226,391
09/14/2022,GGG,TX,ASW,CE,Combined TRACON& Tower with Radar,0,6,41,24,71,0,60,42,0,102,0,66,83,24,173,270,6,276,449
09/15/2022,GGG,TX,ASW,CE,Combined TRACON& Tower with Radar,0,6,37,23,66,0,60,51,1,112,0,66,88,24,178,236,4,240,418
09/16/2022,GGG,TX,ASW,CE,Combined TRACON& Tower with Radar,0,10,23,72,105,0,31,53,0,84,0,41,76,72,189,88,8,96,285
09/17/2022,GGG,TX,ASW,CE,Combined TRACON& Tower with Radar,0,9,25,18,52,2,27,27,0,56,2,36,52,18,108,64,8,72,180
09/18/2022,GGG,TX,ASW,CE,Combined TRACON& Tower with Radar,0,5,38,16,59,0,4,33,0,37,0,9,71,16,96,16,4,20,116
09/19/2022,GGG,TX,ASW,CE,Combined TRACON& Tower with Radar,0,6,24,45,75,0,51,33,2,86,0,57,57,47,161,180,6,186,347
09/20/2022,GGG,TX,ASW,CE,Combined TRACON& Tower with Radar,0,9,21,45,75,0,54,32,1,87,0,63,53,46,162,214,20,234,396
09/21/2022,GGG,TX,ASW,CE,Combined TRACON& Tower with Radar,2,4,27,55,88,0,62,32,0,94,2,66,59,55,182,190,8,198,380
09/22/2022,GGG,TX,ASW,CE,Combined TRACON& Tower with Radar,0,7,25,35,67,0,64,59,1,124,0,71,84,36,191,222,12,234,425
09/23/2022,GGG,TX,ASW,CE,Combined TRACON& Tower with Radar,0,10,42,41,93,1,49,40,0,90,1,59,82,41,183,166,6,172,355
09/24/2022,GGG,TX,ASW,CE,Combined TRACON& Tower with Radar,0,8,13,15,36,0,27,29,2,58,0,35,42,17,94,58,8,66,160
09/25/2022,GGG,TX,ASW,CE,Combined TRACON& Tower with Radar,2,3,24,15,44,0,2,15,4,21,2,5,39,19,65,18,0,18,83
09/26/2022,GGG,TX,ASW,CE,Combined TRACON& Tower with Radar,0,6,35,0,41,0,45,37,0,82,0,51,72,0,123,196,0,196,319
09/27/2022,GGG,TX,ASW,CE,Combined TRACON& Tower with Radar,0,7,29,21,57,0,65,45,2,112,0,72,74,23,169,248,6,254,423
09/28/2022,GGG,TX,ASW,CE,Combined TRACON& Tower with Radar,0,8,32,24,64,0,50,45,3,98,0,58,77,27,162,202,2,204,366
09/29/2022,GGG,TX,ASW,CE,Combined TRACON& Tower with Radar,0,9,40,30,79,0,37,37,3,77,0,46,77,33,156,192,14,206,362
09/30/2022,GGG,TX,ASW,CE,Combined TRACON& Tower with Radar,0,6,37,22,65,0,43,43,4,90,0,49,80,26,155,168,8,176,331
10/01/2022,GGG,TX,ASW,CE,Combined TRACON& Tower with Radar,0,7,14,0,21,0,39,29,0,68,0,46,43,0,89,86,0,86,175
10/02/2022,GGG,TX,ASW,CE,Combined TRACON& Tower with Radar,0,11,24,12,47,0,5,42,0,47,0,16,66,12,94,20,10,30,124
10/03/2022,GGG,TX,ASW,CE,Combined TRACON& Tower with Radar,0,6,23,22,51,1,48,28,1,78,1,54,51,23,129,306,0,306,435
10/04/2022,GGG,TX,ASW,CE,Combined TRACON& Tower with Radar,0,10,26,24,60,0,48,44,0,92,0,58,70,24,152,164,4,168,320
10/05/2022,GGG,TX,ASW,CE,Combined TRACON& Tower with Radar,0,12,31,25,68,0,44,41,1,86,0,56,72,26,154,214,16,230,384
10/06/2022,GGG,TX,ASW,CE,Combined TRACON& Tower with Radar,0,6,46,0,52,0,56,53,0,109,0,62,99,0,161,184,0,184,345
10/07/2022,GGG,TX,ASW,CE,Combined TRACON& Tower with Radar,0,19,35,16,70,0,39,50,0,89,0,58,85,16,159,152,0,152,311
10/08/2022,GGG,TX,ASW,CE,Combined TRACON& Tower with Radar,0,6,21,0,27,0,23,35,0,58,0,29,56,0,85,60,0,60,145
10/09/2022,GGG,TX,ASW,CE,Combined TRACON& Tower with Radar,0,3,39,0,42,0,2,33,0,35,0,5,72,0,77,18,0,18,95
10/10/2022,GGG,TX,ASW,CE,Combined TRACON& Tower with Radar,0,17,27,0,44,0,47,31,1,79,0,64,58,1,123,198,0,198,321
10/11/2022,GGG,TX,ASW,CE,Combined TRACON& Tower with Radar,0,17,22,25,64,0,41,25,2,68,0,58,47,27,132,176,16,192,324
10/12/2022,GGG,TX,ASW,CE,Combined TRACON& Tower with Radar,0,14,40,0,54,0,25,18,0,43,0,39,58,0,97,70,0,70,167
10/13/2022,GGG,TX,ASW,CE,Combined TRACON& Tower with Radar,0,8,31,19,58,0,41,43,3,87,0,49,74,22,145,198,6,204,349
10/14/2022,GGG,TX,ASW,CE,Combined TRACON& Tower with Radar,0,11,28,77,116,0,35,41,2,78,0,46,69,79,194,160,10,170,364
10/15/2022,GGG,TX,ASW,CE,Combined TRACON& Tower with Radar,0,7,25,6,38,0,11,20,2,33,0,18,45,8,71,36,0,36,107
10/16/2022,GGG,TX,ASW,CE,Combined TRACON& Tower with Radar,0,3,38,0,41,0,0,4,0,4,0,3,42,0,45,0,0,0,45
10/17/2022,GGG,TX,ASW,CE,Combined TRACON& Tower with Radar,0,3,34,10,47,0,30,32,0,62,0,33,66,10,109,122,4,126,235
10/18/2022,GGG,TX,ASW,CE,Combined TRACON& Tower with Radar,0,5,23,14,42,0,24,34,0,58,0,29,57,14,100,142,20,162,262
10/19/2022,GGG,TX,ASW,CE,Combined TRACON& Tower with Radar,0,14,32,23,69,0,36,46,1,83,0,50,78,24,152,180,24,204,356
10/20/2022,GGG,TX,ASW,CE,Combined TRACON& Tower with Radar,1,7,27,3,38,0,31,40,2,73,1,38,67,5,111,156,2,158,269
10/21/2022,GGG,TX,ASW,CE,Combined TRACON& Tower with Radar,1,14,35,43,93,0,37,42,1,80,1,51,77,44,173,88,28,116,289
10/22/2022,GGG,TX,ASW,CE,Combined TRACON& Tower with Radar,0,7,27,11,45,0,7,30,2,39,0,14,57,13,84,24,0,24,108
10/23/2022,GGG,TX,ASW,CE,Combined TRACON& Tower with Radar,0,5,32,29,66,0,4,15,2,21,0,9,47,31,87,26,2,28,115
10/24/2022,GGG,TX,ASW,CE,Combined TRACON& Tower with Radar,2,13,25,0,40,0,2,9,0,11,2,15,34,0,51,36,0,36,87
10/25/2022,GGG,TX,ASW,CE,Combined TRACON& Tower with Radar,1,8,28,40,77,0,6,15,1,22,1,14,43,41,99,28,6,34,133
10/26/2022,GGG,TX,ASW,CE,Combined TRACON& Tower with Radar,0,19,34,8,61,0,55,58,1,114,0,74,92,9,175,230,4,234,409
10/27/2022,GGG,TX,ASW,CE,Combined TRACON& Tower with Radar,0,6,26,47,79,0,56,47,1,104,0,62,73,48,183,148,26,174,357
10/28/2022,GGG,TX,ASW,CE,Combined TRACON& Tower with Radar,0,6,21,0,27,0,4,3,0,7,0,10,24,0,34,60,0,60,94
10/29/2022,GGG,TX,ASW,CE,Combined TRACON& Tower with Radar,0,13,28,0,41,0,2,3,0,5,0,15,31,0,46,0,0,0,46
10/30/2022,GGG,TX,ASW,CE,Combined TRACON& Tower with Radar,0,3,24,0,27,0,3,14,0,17,0,6,38,0,44,36,0,36,80
10/31/2022,GGG,TX,ASW,CE,Combined TRACON& Tower with Radar,0,19,28,10,57,0,41,16,0,57,0,60,44,10,114,204,0,204,318
11/01/2022,GGG,TX,ASW,CE,Combined TRACON& Tower with Radar,0,10,31,13,54,0,34,43,0,77,0,44,74,13,131,162,0,162,293
11/02/2022,GGG,TX,ASW,CE,Combined TRACON& Tower with Radar,0,21,39,26,86,0,42,33,0,75,0,63,72,26,161,168,8,176,337
11/03/2022,GGG,TX,ASW,CE,Combined TRACON& Tower with Radar,0,8,46,52,106,0,39,22,0,61,0,47,68,52,167,192,28,220,387
11/04/2022,GGG,TX,ASW,CE,Combined TRACON& Tower with Radar,0,2,35,4,41,0,0,0,0,0,0,2,35,4,41,0,0,0,41
11/05/2022,GGG,TX,ASW,CE,Combined TRACON& Tower with Radar,0,9,12,1,22,0,31,30,1,62,0,40,42,2,84,124,0,124,208
11/06/2022,GGG,TX,ASW,CE,Combined TRACON& Tower with Radar,0,3,29,7,39,0,5,12,0,17,0,8,41,7,56,22,0,22,78
11/07/2022,GGG,TX,ASW,CE,Combined TRACON& Tower with Radar,0,14,33,0,47,0,16,13,0,29,0,30,46,0,76,98,0,98,174
11/08/2022,GGG,TX,ASW,CE,Combined TRACON& Tower with Radar,0,24,37,10,71,0,5,10,0,15,0,29,47,10,86,128,0,128,214
11/09/2022,GGG,TX,ASW,CE,Combined TRACON& Tower with Radar,0,21,31,55,107,0,22,21,1,44,0,43,52,56,151,130,12,142,293
11/10/2022,GGG,TX,ASW,CE,Combined TRACON& Tower with Radar,0,17,41,10,68,0,20,31,0,51,0,37,72,10,119,150,0,150,269
11/11/2022,GGG,TX,ASW,CE,Combined TRACON& Tower with Radar,0,7,25,0,32,0,0,0,0,0,0,7,25,0,32,0,0,0,32
11/12/2022,GGG,TX,ASW,CE,Combined TRACON& Tower with Radar,0,17,14,0,31,0,35,41,0,76,0,52,55,0,107,100,0,100,207
11/13/2022,GGG,TX,ASW,CE,Combined TRACON& Tower with Radar,0,4,30,0,34,0,2,24,0,26,0,6,54,0,60,42,0,42,102
11/14/2022,GGG,TX,ASW,CE,Combined TRACON& Tower with Radar,0,16,19,1,36,0,20,6,0,26,0,36,25,1,62,68,0,68,130
11/15/2022,GGG,TX,ASW,CE,Combined TRACON& Tower with Radar,0,8,24,21,53,0,16,16,3,35,0,24,40,24,88,164,22,186,274
11/16/2022,GGG,TX,ASW,CE,Combined TRACON& Tower with Radar,0,21,26,15,62,0,53,45,4,102,0,74,71,19,164,228,18,246,410
11/17/2022,GGG,TX,ASW,CE,Combined TRACON& Tower with Radar,0,19,37,20,76,0,40,60,2,102,0,59,97,22,178,180,30,210,388
11/18/2022,GGG,TX,ASW,CE,Combined TRACON& Tower with Radar,0,15,33,14,62,0,49,49,0,98,0,64,82,14,160,280,0,280,440
11/19/2022,GGG,TX,ASW,CE,Combined TRACON& Tower with Radar,0,18,18,0,36,0,32,23,0,55,0,50,41,0,91,118,0,118,209
11/20/2022,GGG,TX,ASW,CE,Combined TRACON& Tower with Radar,0,3,32,6,41,0,0,26,0,26,0,3,58,6,67,46,0,46,113
11/21/2022,GGG,TX,ASW,CE,Combined TRACON& Tower with Radar,0,17,25,7,49,0,31,30,0,61,0,48,55,7,110,202,6,208,318
11/22/2022,GGG,TX,ASW,CE,Combined TRACON& Tower with Radar,0,16,34,23,73,0,31,57,1,89,0,47,91,24,162,162,8,170,332
11/23/2022,GGG,TX,ASW,CE,Combined TRACON& Tower with Radar,0,10,29,2,41,0,17,32,1,50,0,27,61,3,91,174,10,184,275
11/24/2022,GGG,TX,ASW,CE,Combined TRACON& Tower with Radar,0,2,3,0,5,0,0,0,0,0,0,2,3,0,5,0,0,0,5
11/25/2022,GGG,TX,ASW,CE,Combined TRACON& Tower with Radar,0,7,15,6,28,0,0,0,0,0,0,7,15,6,28,0,0,0,28
11/26/2022,GGG,TX,ASW,CE,Combined TRACON& Tower with Radar,0,5,13,1,19,0,0,1,0,1,0,5,14,1,20,0,0,0,20
11/27/2022,GGG,TX,ASW,CE,Combined TRACON& Tower with Radar,0,3,31,0,34,0,7,44,0,51,0,10,75,0,85,18,0,18,103
11/28/2022,GGG,TX,ASW,CE,Combined TRACON& Tower with Radar,0,21,17,32,70,0,32,52,2,86,0,53,69,34,156,234,16,250,406
11/29/2022,GGG,TX,ASW,CE,Combined TRACON& Tower with Radar,0,11,22,12,45,0,2,1,0,3,0,13,23,12,48,18,0,18,66
11/30/2022,GGG,TX,ASW,CE,Combined TRACON& Tower with Radar,4,13,22,20,59,0,41,45,2,88,4,54,67,22,147,160,58,218,365
12/01/2022,GGG,TX,ASW,CE,Combined TRACON& Tower with Radar,4,8,30,5,47,0,36,43,1,80,4,44,73,6,127,146,6,152,279
12/02/2022,GGG,TX,ASW,CE,Combined TRACON& Tower with Radar,4,21,25,14,64,0,0,2,0,2,4,21,27,14,66,45,0,45,111
12/03/2022,GGG,TX,ASW,CE,Combined TRACON& Tower with Radar,4,8,28,0,40,0,4,10,0,14,4,12,38,0,54,106,0,106,160
12/04/2022,GGG,TX,ASW,CE,Combined TRACON& Tower with Radar,4,2,27,0,33,0,4,19,0,23,4,6,46,0,56,0,0,0,56
12/05/2022,GGG,TX,ASW,CE,Combined TRACON& Tower with Radar,8,12,27,2,49,0,4,8,0,12,8,16,35,2,61,2,0,2,63
12/06/2022,GGG,TX,ASW,CE,Combined TRACON& Tower with Radar,4,10,47,3,64,0,14,8,0,22,4,24,55,3,86,150,0,150,236
12/07/2022,GGG,TX,ASW,CE,Combined TRACON& Tower with Radar,4,17,35,8,64,0,29,30,0,59,4,46,65,8,123,190,0,190,313
12/08/2022,GGG,TX,ASW,CE,Combined TRACON& Tower with Radar,4,16,39,46,105,0,20,21,0,41,4,36,60,46,146,188,20,208,354
12/09/2022,GGG,TX,ASW,CE,Combined TRACON& Tower with Radar,6,18,34,15,73,0,5,0,0,5,6,23,34,15,78,58,0,58,136
12/10/2022,GGG,TX,ASW,CE,Combined TRACON& Tower with Radar,4,3,26,2,35,0,13,8,0,21,4,16,34,2,56,122,0,122,178
12/11/2022,GGG,TX,ASW,CE,Combined TRACON& Tower with Radar,4,0,26,0,30,0,0,0,0,0,4,0,26,0,30,0,0,0,30
12/12/2022,GGG,TX,ASW,CE,Combined TRACON& Tower with Radar,4,4,21,0,29,0,0,0,0,0,4,4,21,0,29,0,0,0,29
12/13/2022,GGG,TX,ASW,CE,Combined TRACON& Tower with Radar,4,0,15,0,19,0,2,1,0,3,4,2,16,0,22,0,0,0,22
12/14/2022,GGG,TX,ASW,CE,Combined TRACON& Tower with Radar,4,15,29,2,50,0,41,28,0,69,4,56,57,2,119,124,0,124,243
12/15/2022,GGG,TX,ASW,CE,Combined TRACON& Tower with Radar,4,14,31,2,51,0,39,49,2,90,4,53,80,4,141,206,28,234,375
12/16/2022,GGG,TX,ASW,CE,Combined TRACON& Tower with Radar,4,12,36,29,81,0,31,29,2,62,4,43,65,31,143,293,2,295,438
12/17/2022,GGG,TX,ASW,CE,Combined TRACON& Tower with Radar,4,10,13,2,29,0,21,18,0,39,4,31,31,2,68,118,6,124,192
12/18/2022,GGG,TX,ASW,CE,Combined TRACON& Tower with Radar,4,0,24,0,28,0,3,34,0,37,4,3,58,0,65,16,0,16,81
12/19/2022,GGG,TX,ASW,CE,Combined TRACON& Tower with Radar,4,6,14,2,26,0,0,0,0,0,4,6,14,2,26,0,0,0,26
12/20/2022,GGG,TX,ASW,CE,Combined TRACON& Tower with Radar,4,11,23,4,42,0,5,5,0,10,4,16,28,4,52,20,0,20,72
12/21/2022,GGG,TX,ASW,CE,Combined TRACON& Tower with Radar,4,4,26,54,88,0,31,37,4,72,4,35,63,58,160,98,10,108,268
12/22/2022,GGG,TX,ASW,CE,Combined TRACON& Tower with Radar,4,8,17,0,29,0,0,0,0,0,4,8,17,0,29,0,0,0,29
12/23/2022,GGG,TX,ASW,CE,Combined TRACON& Tower with Radar,2,0,17,0,19,0,3,13,0,16,2,3,30,0,35,0,0,0,35
12/24/2022,GGG,TX,ASW,CE,Combined TRACON& Tower with Radar,2,0,7,0,9,0,6,13,0,19,2,6,20,0,28,0,0,0,28
12/25/2022,GGG,TX,ASW,CE,Combined TRACON& Tower with Radar,2,0,1,0,3,0,2,7,0,9,2,2,8,0,12,0,0,0,12
12/26/2022,GGG,TX,ASW,CE,Combined TRACON& Tower with Radar,4,0,21,0,25,0,4,26,0,30,4,4,47,0,55,62,0,62,117
12/27/2022,GGG,TX,ASW,CE,Combined TRACON& Tower with Radar,4,0,24,10,38,0,5,28,0,33,4,5,52,10,71,60,14,74,145
12/28/2022,GGG,TX,ASW,CE,Combined TRACON& Tower with Radar,4,2,32,12,50,0,2,24,0,26,4,4,56,12,76,0,0,0,76
12/29/2022,GGG,TX,ASW,CE,Combined TRACON& Tower with Radar,4,2,23,0,29,0,0,5,0,5,4,2,28,0,34,8,0,8,42
12/30/2022,GGG,TX,ASW,CE,Combined TRACON& Tower with Radar,4,3,31,0,38,0,0,10,0,10,4,3,41,0,48,78,0,78,126
12/31/2022,GGG,TX,ASW,CE,Combined TRACON& Tower with Radar,2,2,17,0,21,0,2,14,0,16,2,4,31,0,37,0,0,0,37
01/01/2023,GGG,TX,ASW,CE,Combined TRACON& Tower with Radar,4,0,28,0,32,0,3,3,0,6,4,3,31,0,38,0,0,0,38
01/02/2023,GGG,TX,ASW,CE,Combined TRACON& Tower with Radar,4,3,18,0,25,0,0,0,0,0,4,3,18,0,25,0,0,0,25
01/03/2023,GGG,TX,ASW,CE,Combined TRACON& Tower with Radar,4,3,20,6,33,0,7,33,0,40,4,10,53,6,73,72,0,72,145
01/04/2023,GGG,TX,ASW,CE,Combined TRACON& Tower with Radar,4,8,24,14,50,0,29,33,2,64,4,37,57,16,114,98,16,114,228
01/05/2023,GGG,TX,ASW,CE,Combined TRACON& Tower with Radar,4,3,47,26,80,0,26,60,2,88,4,29,107,28,168,108,2,110,278
01/06/2023,GGG,TX,ASW,CE,Combined TRACON& Tower with Radar,4,2,38,84,128,0,24,50,5,79,4,26,88,89,207,64,70,134,341
01/07/2023,GGG,TX,ASW,CE,Combined TRACON& Tower with Radar,6,12,17,10,45,0,0,2,0,2,6,12,19,10,47,16,0,16,63
01/08/2023,GGG,TX,ASW,CE,Combined TRACON& Tower with Radar,4,2,24,1,31,0,0,38,1,39,4,2,62,2,70,0,0,0,70
01/09/2023,GGG,TX,ASW,CE,Combined TRACON& Tower with Radar,4,7,25,25,61,0,31,27,0,58,4,38,52,25,119,64,34,98,217
01/10/2023,GGG,TX,ASW,CE,Combined TRACON& Tower with Radar,4,8,22,6,40,0,10,19,0,29,4,18,41,6,69,18,2,20,89
01/11/2023,GGG,TX,ASW,CE,Combined TRACON& Tower with Radar,4,5,23,33,65,0,19,29,3,51,4,24,52,36,116,120,24,144,260
01/12/2023,GGG,TX,ASW,CE,Combined TRACON& Tower with Radar,4,3,32,25,64,0,21,23,1,45,4,24,55,26,109,46,54,100,209
01/13/2023,GGG,TX,ASW,CE,Combined TRACON& Tower with Radar,4,10,32,27,73,0,57,57,2,116,4,67,89,29,189,188,0,188,377
01/14/2023,GGG,TX,ASW,CE,Combined TRACON& Tower with Radar,2,4,13,0,19,0,37,52,0,89,2,41,65,0,108,136,0,136,244
01/15/2023,GGG,TX,ASW,CE,Combined TRACON& Tower with Radar,4,2,32,0,38,0,2,8,0,10,4,4,40,0,48,14,0,14,62
01/16/2023,GGG,TX,ASW,CE,Combined TRACON& Tower with Radar,4,4,29,4,41,0,4,17,0,21,4,8,46,4,62,16,0,16,78
01/17/2023,GGG,TX,ASW,CE,Combined TRACON& Tower with Radar,4,8,38,25,75,0,24,35,1,60,4,32,73,26,135,126,28,154,289
01/18/2023,GGG,TX,ASW,CE,Combined TRACON& Tower with Radar,4,7,8,9,28,0,20,9,1,30,4,27,17,10,58,146,4,150,208
01/19/2023,GGG,TX,ASW,CE,Combined TRACON& Tower with Radar,4,1,21,22,48,0,53,31,2,86,4,54,52,24,134,134,36,170,304
01/20/2023,GGG,TX,ASW,CE,Combined TRACON& Tower with Radar,4,1,31,89,125,0,49,45,6,100,4,50,76,95,225,96,74,170,395
01/21/2023,GGG,TX,ASW,CE,Combined TRACON& Tower with Radar,4,15,10,28,57,0,13,14,0,27,4,28,24,28,84,74,16,90,174
01/22/2023,GGG,TX,ASW,CE,Combined TRACON& Tower with Radar,4,0,17,29,50,0,0,28,0,28,4,0,45,29,78,64,0,64,142
01/23/2023,GGG,TX,ASW,CE,Combined TRACON& Tower with Radar,3,4,35,53,95,0,45,58,2,105,3,49,93,55,200,106,28,134,334
01/24/2023,GGG,TX,ASW,CE,Combined TRACON& Tower with Radar,6,1,9,0,16,0,1,2,0,3,6,2,11,0,19,26,0,26,45
01/25/2023,GGG,TX,ASW,CE,Combined TRACON& Tower with Radar,4,4,34,0,42,0,17,8,0,25,4,21,42,0,67,104,0,104,171
01/26/2023,GGG,TX,ASW,CE,Combined TRACON& Tower with Radar,4,6,26,8,44,1,76,73,0,150,5,82,99,8,194,144,0,144,338
01/27/2023,GGG,TX,ASW,CE,Combined TRACON& Tower with Radar,6,4,30,42,82,0,66,66,6,138,6,70,96,48,220,140,22,162,382
01/28/2023,GGG,TX,ASW,CE,Combined TRACON& Tower with Radar,4,3,26,0,33,0,0,0,0,0,4,3,26,0,33,0,0,0,33
01/29/2023,GGG,TX,ASW,CE,Combined TRACON& Tower with Radar,6,1,29,0,36,0,0,0,0,0,6,1,29,0,36,0,0,0,36
01/30/2023,GGG,TX,ASW,CE,Combined TRACON& Tower with Radar,2,2,13,0,17,0,0,0,0,0,2,2,13,0,17,0,0,0,17
01/31/2023,GGG,TX,ASW,CE,Combined TRACON& Tower with Radar,0,1,11,12,24,0,0,0,0,0,0,1,11,12,24,0,0,0,24
02/01/2023,GGG,TX,ASW,CE,Combined TRACON& Tower with Radar,2,0,19,0,21,0,0,0,0,0,2,0,19,0,21,0,0,0,21
02/02/2023,GGG,TX,ASW,CE,Combined TRACON& Tower with Radar,4,0,18,0,22,0,0,0,0,0,4,0,18,0,22,0,0,0,22
02/03/2023,GGG,TX,ASW,CE,Combined TRACON& Tower with Radar,4,7,28,15,54,0,63,44,1,108,4,70,72,16,162,216,6,222,384
02/04/2023,GGG,TX,ASW,CE,Combined TRACON& Tower with Radar,4,12,21,0,37,0,43,53,0,96,4,55,74,0,133,100,0,100,233
02/05/2023,GGG,TX,ASW,CE,Combined TRACON& Tower with Radar,4,5,26,26,61,0,4,38,0,42,4,9,64,26,103,28,0,28,131
02/06/2023,GGG,TX,ASW,CE,Combined TRACON& Tower with Radar,4,13,37,6,60,0,14,12,0,26,4,27,49,6,86,134,8,142,228
02/07/2023,GGG,TX,ASW,CE,Combined TRACON& Tower with Radar,4,4,43,19,70,0,46,11,3,60,4,50,54,22,130,212,18,230,360
02/08/2023,GGG,TX,ASW,CE,Combined TRACON& Tower with Radar,4,7,18,4,33,0,0,0,0,0,4,7,18,4,33,0,0,0,33
02/09/2023,GGG,TX,ASW,CE,Combined TRACON& Tower with Radar,4,8,36,22,70,2,89,51,3,145,6,97,87,25,215,212,6,218,433
02/10/2023,GGG,TX,ASW,CE,Combined TRACON& Tower with Radar,4,3,21,0,28,2,23,3,1,29,6,26,24,1,57,62,0,62,119
02/11/2023,GGG,TX,ASW,CE,Combined TRACON& Tower with Radar,6,7,23,0,36,0,6,11,0,17,6,13,34,0,53,68,0,68,121
02/12/2023,GGG,TX,ASW,CE,Combined TRACON& Tower with Radar,4,0,31,6,41,0,3,46,0,49,4,3,77,6,90,26,0,26,116
02/13/2023,GGG,TX,ASW,CE,Combined TRACON& Tower with Radar,4,14,34,8,60,0,70,43,0,113,4,84,77,8,173,238,0,238,411
02/14/2023,GGG,TX,ASW,CE,Combined TRACON& Tower with Radar,4,4,17,0,25,0,10,4,0,14,4,14,21,0,39,86,0,86,125
02/15/2023,GGG,TX,ASW,CE,Combined TRACON& Tower with Radar,4,18,27,12,61,0,48,4,3,55,4,66,31,15,116,152,0,152,268
02/16/2023,GGG,TX,ASW,CE,Combined TRACON& Tower with Radar,4,6,33,43,86,0,65,27,3,95,4,71,60,46,181,68,36,104,285
02/17/2023,GGG,TX,ASW,CE,Combined TRACON& Tower with Radar,4,11,27,30,72,0,70,44,0,114,4,81,71,30,186,208,12,220,406
02/18/2023,GGG,TX,ASW,CE,Combined TRACON& Tower with Radar,4,6,27,4,41,0,27,57,0,84,4,33,84,4,125,118,0,118,243
02/19/2023,GGG,TX,ASW,CE,Combined TRACON& Tower with Radar,4,1,23,0,28,0,3,19,0,22,4,4,42,0,50,4,0,4,54
02/20/2023,GGG,TX,ASW,CE,Combined TRACON& Tower with Radar,4,6,25,0,35,0,8,13,0,21,4,14,38,0,56,72,0,72,128
02/21/2023,GGG,TX,ASW,CE,Combined TRACON& Tower with Radar,4,7,31,19,61,0,61,24,1,86,4,68,55,20,147,110,16,126,273
02/22/2023,GGG,TX,ASW,CE,Combined TRACON& Tower with Radar,4,12,22,0,38,0,25,15,1,41,4,37,37,1,79,192,0,192,271
02/23/2023,GGG,TX,ASW,CE,Combined TRACON& Tower with Radar,4,6,39,0,49,0,45,40,0,85,4,51,79,0,134,204,1,205,339
02/24/2023,GGG,TX,ASW,CE,Combined TRACON& Tower with Radar,4,27,31,6,68,0,12,8,0,20,4,39,39,6,88,120,0,120,208
02/25/2023,GGG,TX,ASW,CE,Combined TRACON& Tower with Radar,4,4,24,0,32,0,0,0,0,0,4,4,24,0,32,0,0,0,32
02/26/2023,GGG,TX,ASW,CE,Combined TRACON& Tower with Radar,4,0,26,0,30,0,2,3,0,5,4,2,29,0,35,6,0,6,41
02/27/2023,GGG,TX,ASW,CE,Combined TRACON& Tower with Radar,4,13,30,24,71,2,42,41,0,85,6,55,71,24,156,80,8,88,244
02/28/2023,GGG,TX,ASW,CE,Combined TRACON& Tower with Radar,4,8,30,14,56,0,71,59,0,130,4,79,89,14,186,96,28,124,310
03/01/2023,GGG,TX,ASW,CE,Combined TRACON& Tower with Radar,4,23,30,0,57,2,22,53,0,77,6,45,83,0,134,92,0,92,226
03/02/2023,GGG,TX,ASW,CE,Combined TRACON& Tower with Radar,6,0,15,0,21,0,0,1,0,1,6,0,16,0,22,6,0,6,28
03/03/2023,GGG,TX,ASW,CE,Combined TRACON& Tower with Radar,4,32,28,14,78,0,29,26,7,62,4,61,54,21,140,190,6,196,336
03/04/2023,GGG,TX,ASW,CE,Combined TRACON& Tower with Radar,4,6,28,50,88,0,45,168,1,214,4,51,196,51,302,88,0,88,390
03/05/2023,GGG,TX,ASW,CE,Combined TRACON& Tower with Radar,4,1,26,14,45,0,8,45,2,55,4,9,71,16,100,26,18,44,144
03/06/2023,GGG,TX,ASW,CE,Combined TRACON& Tower with Radar,4,25,38,2,69,0,34,19,0,53,4,59,57,2,122,106,0,106,228
03/07/2023,GGG,TX,ASW,CE,Combined TRACON& Tower with Radar,4,10,44,0,58,0,35,14,0,49,4,45,58,0,107,216,0,216,323
03/08/2023,GGG,TX,ASW,CE,Combined TRACON& Tower with Radar,4,23,29,2,58,0,40,20,0,60,4,63,49,2,118,226,0,226,344
03/09/2023,GGG,TX,ASW,CE,Combined TRACON& Tower with Radar,3,17,43,12,75,0,27,14,0,41,3,44,57,12,116,50,7,57,173
03/10/2023,GGG,TX,ASW,CE,Combined TRACON& Tower with Radar,4,28,47,5,84,0,1,1,1,3,4,29,48,6,87,0,0,0,87
03/11/2023,GGG,TX,ASW,CE,Combined TRACON& Tower with Radar,4,6,20,4,34,0,10,9,0,19,4,16,29,4,53,10,0,10,63
03/12/2023,GGG,TX,ASW,CE,Combined TRACON& Tower with Radar,4,6,40,2,52,0,3,9,0,12,4,9,49,2,64,12,0,12,76
03/13/2023,GGG,TX,ASW,CE,Combined TRACON& Tower with Radar,4,2,14,1,21,0,4,35,3,42,4,6,49,4,63,30,0,30,93
03/14/2023,GGG,TX,ASW,CE,Combined TRACON& Tower with Radar,4,0,23,4,31,0,2,39,0,41,4,2,62,4,72,75,10,85,157
03/15/2023,GGG,TX,ASW,CE,Combined TRACON& Tower with Radar,4,11,35,10,60,1,69,46,3,119,5,80,81,13,179,174,0,174,353
03/16/2023,GGG,TX,ASW,CE,Combined TRACON& Tower with Radar,4,11,13,0,28,0,1,0,1,2,4,12,13,1,30,30,0,30,60
03/17/2023,GGG,TX,ASW,CE,Combined TRACON& Tower with Radar,4,6,23,0,33,0,55,20,0,75,4,61,43,0,108,178,0,178,286
03/18/2023,GGG,TX,ASW,CE,Combined TRACON& Tower with Radar,4,2,30,10,46,0,31,48,0,79,4,33,78,10,125,112,0,112,237
03/19/2023,GGG,TX,ASW,CE,Combined TRACON& Tower with Radar,4,0,20,0,24,0,1,38,0,39,4,1,58,0,63,28,0,28,91
03/20/2023,GGG,TX,ASW,CE,Combined TRACON& Tower with Radar,4,12,43,30,89,0,68,27,0,95,4,80,70,30,184,136,16,152,336
03/21/2023,GGG,TX,ASW,CE,Combined TRACON& Tower with Radar,4,15,54,42,115,1,25,34,0,60,5,40,88,42,175,106,0,106,281
03/22/2023,GGG,TX,ASW,CE,Combined TRACON& Tower with Radar,4,25,39,2,70,0,18,15,1,34,4,43,54,3,104,130,0,130,234
03/23/2023,GGG,TX,ASW,CE,Combined TRACON& Tower with Radar,4,17,35,6,62,0,19,10,0,29,4,36,45,6,91,66,0,66,157
03/24/2023,GGG,TX,ASW,CE,Combined TRACON& Tower with Radar,4,13,22,2,41,1,9,7,0,17,5,22,29,2,58,76,12,88,146
03/25/2023,GGG,TX,ASW,CE,Combined TRACON& Tower with Radar,4,10,38,2,54,0,39,42,1,82,4,49,80,3,136,124,0,124,260
03/26/2023,GGG,TX,ASW,CE,Combined TRACON& Tower with Radar,4,1,40,5,50,0,8,26,3,37,4,9,66,8,87,0,0,0,87
03/27/2023,GGG,TX,ASW,CE,Combined TRACON& Tower with Radar,4,14,33,39,90,1,84,55,5,145,5,98,88,44,235,210,18,228,463
03/28/2023,GGG,TX,ASW,CE,Combined TRACON& Tower with Radar,4,8,25,32,69,0,79,29,3,111,4,87,54,35,180,208,22,230,410
03/29/2023,GGG,TX,ASW,CE,Combined TRACON& Tower with Radar,4,20,49,38,111,0,68,31,2,101,4,88,80,40,212,238,0,238,450
03/30/2023,GGG,TX,ASW,CE,Combined TRACON& Tower with Radar,4,10,46,14,74,0,50,18,0,68,4,60,64,14,142,174,28,202,344
03/31/2023,GGG,TX,ASW,CE,Combined TRACON& Tower with Radar,4,6,23,4,37,0,0,5,0,5,4,6,28,4,42,44,0,44,86
04/01/2023,GGG,TX,ASW,CE,Combined TRACON& Tower with Radar,4,6,22,11,43,0,35,52,3,90,4,41,74,14,133,186,32,218,351
04/02/2023,GGG,TX,ASW,CE,Combined TRACON& Tower with Radar,2,1,25,3,31,0,2,9,3,14,2,3,34,6,45,0,0,0,45
04/03/2023,GGG,TX,ASW,CE,Combined TRACON& Tower with Radar,4,9,34,3,50,0,22,20,1,43,4,31,54,4,93,190,20,210,303
04/04/2023,GGG,TX,ASW,CE,Combined TRACON& Tower with Radar,4,8,41,29,82,0,17,30,2,49,4,25,71,31,131,110,10,120,251
04/05/2023,GGG,TX,ASW,CE,Combined TRACON& Tower with Radar,4,8,27,0,39,0,11,13,0,24,4,19,40,0,63,102,0,102,165
04/06/2023,GGG,TX,ASW,CE,Combined TRACON& Tower with Radar,4,19,24,0,47,0,0,0,0,0,4,19,24,0,47,0,0,0,47
04/07/2023,GGG,TX,ASW,CE,Combined TRACON& Tower with Radar,4,0,48,2,54,0,0,0,0,0,4,0,48,2,54,0,0,0,54
04/08/2023,GGG,TX,ASW,CE,Combined TRACON& Tower with Radar,6,0,26,0,32,0,2,16,0,18,6,2,42,0,50,32,0,32,82
04/09/2023,GGG,TX,ASW,CE,Combined TRACON& Tower with Radar,2,0,26,0,28,0,2,5,0,7,2,2,31,0,35,2,0,2,37
04/10/2023,GGG,TX,ASW,CE,Combined TRACON& Tower with Radar,4,15,45,2,66,0,47,18,0,65,4,62,63,2,131,230,8,238,369
04/11/2023,GGG,TX,ASW,CE,Combined TRACON& Tower with Radar,4,8,41,28,81,0,74,73,4,151,4,82,114,32,232,224,20,244,476
04/12/2023,GGG,TX,ASW,CE,Combined TRACON& Tower with Radar,4,9,32,4,49,1,40,47,8,96,5,49,79,12,145,280,8,288,433
04/13/2023,GGG,TX,ASW,CE,Combined TRACON& Tower with Radar,4,12,28,12,56,2,51,52,1,106,6,63,80,13,162,220,0,220,382
04/14/2023,GGG,TX,ASW,CE,Combined TRACON& Tower with Radar,4,12,41,19,76,2,37,45,1,85,6,49,86,20,161,306,0,306,467
04/15/2023,GGG,TX,ASW,CE,Combined TRACON& Tower with Radar,4,4,22,10,40,0,10,8,2,20,4,14,30,12,60,16,0,16,76
04/16/2023,GGG,TX,ASW,CE,Combined TRACON& Tower with Radar,4,2,30,20,56,0,2,20,4,26,4,4,50,24,82,0,20,20,102
04/17/2023,GGG,TX,ASW,CE,Combined TRACON& Tower with Radar,4,5,22,4,35,0,46,133,0,179,4,51,155,4,214,58,0,58,272
04/18/2023,GGG,TX,ASW,CE,Combined TRACON& Tower with Radar,4,8,20,4,36,0,27,32,0,59,4,35,52,4,95,103,0,103,198
04/19/2023,GGG,TX,ASW,CE,Combined TRACON& Tower with Radar,4,7,30,0,41,2,22,28,0,52,6,29,58,0,93,160,0,160,253
04/20/2023,GGG,TX,ASW,CE,Combined TRACON& Tower with Radar,3,3,23,0,29,0,0,2,2,4,3,3,25,2,33,62,0,62,95
04/21/2023,GGG,TX,ASW,CE,Combined TRACON& Tower with Radar,4,10,46,4,64,0,24,19,0,43,4,34,65,4,107,202,0,202,309
04/22/2023,GGG,TX,ASW,CE,Combined TRACON& Tower with Radar,4,11,24,9,48,0,40,62,0,102,4,51,86,9,150,132,28,160,310
04/23/2023,GGG,TX,ASW,CE,Combined TRACON& Tower with Radar,4,2,26,0,32,0,5,2,2,9,4,7,28,2,41,0,0,0,41
04/24/2023,GGG,TX,ASW,CE,Combined TRACON& Tower with Radar,4,8,38,29,79,0,53,94,11,158,4,61,132,40,237,234,30,264,501
04/25/2023,GGG,TX,ASW,CE,Combined TRACON& Tower with Radar,4,8,32,27,71,0,65,55,0,120,4,73,87,27,191,194,8,202,393
04/26/2023,GGG,TX,ASW,CE,Combined TRACON& Tower with Radar,4,0,29,0,33,0,4,3,0,7,4,4,32,0,40,30,0,30,70
04/27/2023,GGG,TX,ASW,CE,Combined TRACON& Tower with Radar,4,11,33,8,56,0,22,17,0,39,4,33,50,8,95,126,6,132,227
04/28/2023,GGG,TX,ASW,CE,Combined TRACON& Tower with Radar,2,8,44,52,106,0,39,41,3,83,2,47,85,55,189,350,6,356,545
04/29/2023,GGG,TX,ASW,CE,Combined TRACON& Tower with Radar,4,4,15,1,24,0,2,5,0,7,4,6,20,1,31,0,0,0,31
04/30/2023,GGG,TX,ASW,CE,Combined TRACON& Tower with Radar,4,3,45,5,57,0,3,53,1,57,4,6,98,6,114,12,0,12,126
05/01/2023,GGG,TX,ASW,CE,Combined TRACON& Tower with Radar,4,11,27,39,81,0,57,67,0,124,4,68,94,39,205,244,0,244,449
05/02/2023,GGG,TX,ASW,CE,Combined TRACON& Tower with Radar,4,6,41,43,94,1,53,106,6,166,5,59,147,49,260,242,2,244,504
05/03/2023,GGG,TX,ASW,CE,Combined TRACON& Tower with Radar,4,5,56,29,94,0,49,56,0,105,4,54,112,29,199,154,24,178,377
05/04/2023,GGG,TX,ASW,CE,Combined TRACON& Tower with Radar,6,3,56,22,87,0,30,28,2,60,6,33,84,24,147,342,4,346,493
05/05/2023,GGG,TX,ASW,CE,Combined TRACON& Tower with Radar,2,6,45,15,68,0,9,8,0,17,2,15,53,15,85,42,0,42,127
05/06/2023,GGG,TX,ASW,CE,Combined TRACON& Tower with Radar,3,6,26,4,39,0,13,61,0,74,3,19,87,4,113,36,0,36,149
05/07/2023,GGG,TX,ASW,CE,Combined TRACON& Tower with Radar,3,0,34,2,39,0,2,8,0,10,3,2,42,2,49,46,0,46,95
05/08/2023,GGG,TX,ASW,CE,Combined TRACON& Tower with Radar,5,4,30,0,39,0,6,5,1,12,5,10,35,1,51,170,0,170,221
05/09/2023,GGG,TX,ASW,CE,Combined TRACON& Tower with Radar,3,11,33,2,49,0,17,15,0,32,3,28,48,2,81,186,0,186,267
05/10/2023,GGG,TX,ASW,CE,Combined TRACON& Tower with Radar,3,3,21,6,33,0,2,0,0,2,3,5,21,6,35,0,0,0,35
05/11/2023,GGG,TX,ASW,CE,Combined TRACON& Tower with Radar,3,8,51,0,62,0,11,1,0,12,3,19,52,0,74,62,0,62,136
05/12/2023,GGG,TX,ASW,CE,Combined TRACON& Tower with Radar,3,4,38,12,57,0,21,21,1,43,3,25,59,13,100,132,4,136,236
05/13/2023,GGG,TX,ASW,CE,Combined TRACON& Tower with Radar,3,4,12,10,29,0,3,8,0,11,3,7,20,10,40,0,0,0,40
05/14/2023,GGG,TX,ASW,CE,Combined TRACON& Tower with Radar,3,4,32,0,39,0,0,3,1,4,3,4,35,1,43,0,0,0,43
05/15/2023,GGG,TX,ASW,CE,Combined TRACON& Tower with Radar,3,0,39,26,68,0,27,30,1,58,3,27,69,27,126,132,24,156,282
05/16/2023,GGG,TX,ASW,CE,Combined TRACON& Tower with Radar,3,5,35,0,43,0,23,18,1,42,3,28,53,1,85,127,0,127,212
05/17/2023,GGG,TX,ASW,CE,Combined TRACON& Tower with Radar,3,1,42,25,71,0,54,34,2,90,3,55,76,27,161,180,10,190,351
05/18/2023,GGG,TX,ASW,CE,Combined TRACON& Tower with Radar,3,3,28,14,48,0,40,45,2,87,3,43,73,16,135,212,10,222,357
05/19/2023,GGG,TX,ASW,CE,Combined TRACON& Tower with Radar,7,2,31,35,75,0,39,41,0,80,7,41,72,35,155,170,10,180,335
05/20/2023,GGG,TX,ASW,CE,Combined TRACON& Tower with Radar,4,0,22,32,58,0,7,11,0,18,4,7,33,32,76,26,20,46,122
05/21/2023,GGG,TX,ASW,CE,Combined TRACON& Tower with Radar,4,0,30,20,54,0,2,28,0,30,4,2,58,20,84,10,0,10,94
05/22/2023,GGG,TX,ASW,CE,Combined TRACON& Tower with Radar,3,2,33,0,38,0,55,41,0,96,3,57,74,0,134,160,0,160,294
05/23/2023,GGG,TX,ASW,CE,Combined TRACON& Tower with Radar,3,3,43,6,55,0,48,35,0,83,3,51,78,6,138,196,0,196,334
05/24/2023,GGG,TX,ASW,CE,Combined TRACON& Tower with Radar,3,4,38,12,57,0,45,29,0,74,3,49,67,12,131,218,6,224,355
05/25/2023,GGG,TX,ASW,CE,Combined TRACON& Tower with Radar,3,5,47,14,69,0,55,37,3,95,3,60,84,17,164,166,14,180,344
05/26/2023,GGG,TX,ASW,CE,Combined TRACON& Tower with Radar,3,8,49,2,62,0,38,40,2,80,3,46,89,4,142,252,0,252,394
05/27/2023,GGG,TX,ASW,CE,Combined TRACON& Tower with Radar,4,4,35,0,43,0,14,35,0,49,4,18,70,0,92,130,0,130,222
05/28/2023,GGG,TX,ASW,CE,Combined TRACON& Tower with Radar,4,0,28,0,32,0,7,21,0,28,4,7,49,0,60,18,0,18,78
05/29/2023,GGG,TX,ASW,CE,Combined TRACON& Tower with Radar,5,2,22,2,31,0,0,28,0,28,5,2,50,2,59,14,0,14,73
05/30/2023,GGG,TX,ASW,CE,Combined TRACON& Tower with Radar,3,10,32,17,62,0,67,36,0,103,3,77,68,17,165,254,28,282,447
05/31/2023,GGG,TX,ASW,CE,Combined TRACON& Tower with Radar,3,5,32,28,68,0,58,36,7,101,3,63,68,35,169,194,46,240,409
06/01/2023,GGG,TX,ASW,CE,Combined TRACON& Tower with Radar,3,10,27,9,49,0,31,37,0,68,3,41,64,9,117,248,10,258,375
06/02/2023,GGG,TX,ASW,CE,Combined TRACON& Tower with Radar,3,6,28,23,60,0,35,22,1,58,3,41,50,24,118,192,2,194,312
06/03/2023,GGG,TX,ASW,CE,Combined TRACON& Tower with Radar,3,0,20,0,23,0,3,12,5,20,3,3,32,5,43,30,0,30,73
06/04/2023,GGG,TX,ASW,CE,Combined TRACON& Tower with Radar,3,0,19,4,26,0,1,17,0,18,3,1,36,4,44,6,0,6,50
06/05/2023,GGG,TX,ASW,CE,Combined TRACON& Tower with Radar,3,12,16,3,34,0,29,25,0,54,3,41,41,3,88,170,0,170,258
06/06/2023,GGG,TX,ASW,CE,Combined TRACON& Tower with Radar,2,1,36,11,50,0,30,40,0,70,2,31,76,11,120,208,0,208,328
06/07/2023,GGG,TX,ASW,CE,Combined TRACON& Tower with Radar,3,6,36,2,47,0,26,35,0,61,3,32,71,2,108,162,0,162,270
06/08/2023,GGG,TX,ASW,CE,Combined TRACON& Tower with Radar,3,6,25,6,40,0,47,34,0,81,3,53,59,6,121,216,0,216,337
06/09/2023,GGG,TX,ASW,CE,Combined TRACON& Tower with Radar,3,9,30,18,60,0,40,51,0,91,3,49,81,18,151,310,0,310,461
06/10/2023,GGG,TX,ASW,CE,Combined TRACON& Tower with Radar,3,0,13,0,16,0,4,12,0,16,3,4,25,0,32,28,0,28,60
06/11/2023,GGG,TX,ASW,CE,Combined TRACON& Tower with Radar,5,2,29,15,51,0,2,25,1,28,5,4,54,16,79,24,4,28,107
06/12/2023,GGG,TX,ASW,CE,Combined TRACON& Tower with Radar,3,6,32,27,68,0,31,24,0,55,3,37,56,27,123,270,8,278,401
06/13/2023,GGG,TX,ASW,CE,Combined TRACON& Tower with Radar,3,6,16,0,25,0,9,3,0,12,3,15,19,0,37,56,0,56,93
06/14/2023,GGG,TX,ASW,CE,Combined TRACON& Tower with Radar,3,8,38,6,55,0,14,8,0,22,3,22,46,6,77,260,0,260,337
06/15/2023,GGG,TX,ASW,CE,Combined TRACON& Tower with Radar,5,7,47,7,66,0,4,6,0,10,5,11,53,7,76,72,0,72,148
06/16/2023,GGG,TX,ASW,CE,Combined TRACON& Tower with Radar,5,6,45,18,74,0,17,25,0,42,5,23,70,18,116,0,0,0,116
06/17/2023,GGG,TX,ASW,CE,Combined TRACON& Tower with Radar,2,2,25,25,54,0,7,7,0,14,2,9,32,25,68,0,0,0,68
06/18/2023,GGG,TX,ASW,CE,Combined TRACON& Tower with Radar,3,4,39,0,46,0,0,10,0,10,3,4,49,0,56,0,0,0,56
06/19/2023,GGG,TX,ASW,CE,Combined TRACON& Tower with Radar,3,2,40,0,45,0,3,27,0,30,3,5,67,0,75,74,0,74,149
06/20/2023,GGG,TX,ASW,CE,Combined TRACON& Tower with Radar,3,16,29,14,62,0,42,32,0,74,3,58,61,14,136,240,8,248,384
06/21/2023,GGG,TX,ASW,CE,Combined TRACON& Tower with Radar,5,17,44,12,78,0,17,32,2,51,5,34,76,14,129,215,0,215,344
06/22/2023,GGG,TX,ASW,CE,Combined TRACON& Tower with Radar,3,4,24,19,50,0,55,34,1,90,3,59,58,20,140,294,16,310,450
06/23/2023,GGG,TX,ASW,CE,Combined TRACON& Tower with Radar,3,11,29,49,92,0,42,34,4,80,3,53,63,53,172,236,28,264,436
06/24/2023,GGG,TX,ASW,CE,Combined TRACON& Tower with Radar,3,8,27,1,39,0,20,45,0,65,3,28,72,1,104,168,0,168,272
06/25/2023,GGG,TX,ASW,CE,Combined TRACON& Tower with Radar,3,2,40,1,46,0,4,20,1,25,3,6,60,2,71,34,0,34,105
06/26/2023,GGG,TX,ASW,CE,Combined TRACON& Tower with Radar,4,4,34,7,49,1,26,15,0,42,5,30,49,7,91,202,0,202,293
06/27/2023,GGG,TX,ASW,CE,Combined TRACON& Tower with Radar,3,11,29,47,90,0,46,43,0,89,3,57,72,47,179,278,6,284,463
06/28/2023,GGG,TX,ASW,CE,Combined TRACON& Tower with Radar,5,10,32,37,84,2,48,78,22,150,7,58,110,59,234,146,14,160,394
06/29/2023,GGG,TX,ASW,CE,Combined TRACON& Tower with Radar,3,6,24,40,73,0,42,52,4,98,3,48,76,44,171,170,14,184,355
06/30/2023,GGG,TX,ASW,CE,Combined TRACON& Tower with Radar,3,12,33,11,59,0,41,32,2,75,3,53,65,13,134,260,6,266,400
07/01/2023,GGG,TX,ASW,CE,Combined TRACON& Tower with Radar,3,0,18,0,21,0,12,23,0,35,3,12,41,0,56,22,0,22,78
07/02/2023,GGG,TX,ASW,CE,Combined TRACON& Tower with Radar,3,0,17,0,20,0,1,19,0,20,3,1,36,0,40,16,0,16,56
07/03/2023,GGG,TX,ASW,CE,Combined TRACON& Tower with Radar,3,0,15,0,18,0,2,26,0,28,3,2,41,0,46,66,0,66,112
07/04/2023,GGG,TX,ASW,CE,Combined TRACON& Tower with Radar,3,2,16,0,21,0,9,24,0,33,3,11,40,0,54,64,0,64,118
07/05/2023,GGG,TX,ASW,CE,Combined TRACON& Tower with Radar,3,5,20,0,28,0,29,44,0,73,3,34,64,0,101,194,0,194,295
07/06/2023,GGG,TX,ASW,CE,Combined TRACON& Tower with Radar,3,6,27,0,36,0,25,21,0,46,3,31,48,0,82,268,0,268,350
07/07/2023,GGG,TX,ASW,CE,Combined TRACON& Tower with Radar,3,13,31,29,76,0,35,40,0,75,3,48,71,29,151,348,14,362,513
07/08/2023,GGG,TX,ASW,CE,Combined TRACON& Tower with Radar,3,4,35,7,49,0,17,43,0,60,3,21,78,7,109,116,0,116,225
07/09/2023,GGG,TX,ASW,CE,Combined TRACON& Tower with Radar,2,0,19,0,21,0,1,15,0,16,2,1,34,0,37,0,0,0,37
07/10/2023,GGG,TX,ASW,CE,Combined TRACON& Tower with Radar,4,3,21,8,36,0,17,18,0,35,4,20,39,8,71,198,2,200,271
07/11/2023,GGG,TX,ASW,CE,Combined TRACON& Tower with Radar,3,0,34,0,37,0,21,31,0,52,3,21,65,0,89,162,0,162,251
07/12/2023,GGG,TX,ASW,CE,Combined TRACON& Tower with Radar,3,20,41,4,68,0,31,45,6,82,3,51,86,10,150,168,0,168,318
07/13/2023,GGG,TX,ASW,CE,Combined TRACON& Tower with Radar,3,3,56,40,102,0,26,52,7,85,3,29,108,47,187,176,42,218,405
07/14/2023,GGG,TX,ASW,CE,Combined TRACON& Tower with Radar,3,6,32,40,81,0,24,45,0,69,3,30,77,40,150,178,16,194,344
07/15/2023,GGG,TX,ASW,CE,Combined TRACON& Tower with Radar,5,2,20,20,47,0,0,12,2,14,5,2,32,22,61,12,0,12,73
07/16/2023,GGG,TX,ASW,CE,Combined TRACON& Tower with Radar,3,0,19,4,26,0,0,16,0,16,3,0,35,4,42,16,0,16,58
07/17/2023,GGG,TX,ASW,CE,Combined TRACON& Tower with Radar,3,6,26,11,46,0,27,40,1,68,3,33,66,12,114,166,14,180,294
07/18/2023,GGG,TX,ASW,CE,Combined TRACON& Tower with Radar,3,9,29,36,77,0,16,48,1,65,3,25,77,37,142,236,22,258,400
07/19/2023,GGG,TX,ASW,CE,Combined TRACON& Tower with Radar,5,9,18,4,36,0,35,53,0,88,5,44,71,4,124,238,8,246,370
07/20/2023,GGG,TX,ASW,CE,Combined TRACON& Tower with Radar,3,5,33,23,64,0,28,27,2,57,3,33,60,25,121,180,14,194,315
07/21/2023,GGG,TX,ASW,CE,Combined TRACON& Tower with Radar,3,2,28,23,56,0,24,35,1,60,3,26,63,24,116,122,16,138,254
07/22/2023,GGG,TX,ASW,CE,Combined TRACON& Tower with Radar,3,0,23,0,26,0,3,3,0,6,3,3,26,0,32,0,0,0,32
07/23/2023,GGG,TX,ASW,CE,Combined TRACON& Tower with Radar,3,0,15,3,21,0,2,19,1,22,3,2,34,4,43,18,0,18,61
07/24/2023,GGG,TX,ASW,CE,Combined TRACON& Tower with Radar,3,2,25,22,52,0,29,41,0,70,3,31,66,22,122,118,0,118,240
07/25/2023,GGG,TX,ASW,CE,Combined TRACON& Tower with Radar,3,2,32,2,39,0,20,33,2,55,3,22,65,4,94,86,6,92,186
07/26/2023,GGG,TX,ASW,CE,Combined TRACON& Tower with Radar,3,4,35,21,63,0,27,29,1,57,3,31,64,22,120,122,4,126,246
07/27/2023,GGG,TX,ASW,CE,Combined TRACON& Tower with Radar,3,6,22,27,58,0,19,38,0,57,3,25,60,27,115,122,0,122,237
07/28/2023,GGG,TX,ASW,CE,Combined TRACON& Tower with Radar,3,3,33,21,60,0,20,34,4,58,3,23,67,25,118,116,8,124,242
07/29/2023,GGG,TX,ASW,CE,Combined TRACON& Tower with Radar,3,4,10,14,31,0,10,31,0,41,3,14,41,14,72,10,0,10,82
07/30/2023,GGG,TX,ASW,CE,Combined TRACON& Tower with Radar,3,2,18,14,37,0,9,24,3,36,3,11,42,17,73,4,10,14,87
07/31/2023,GGG,TX,ASW,CE,Combined TRACON& Tower with Radar,3,7,29,23,62,0,22,31,1,54,3,29,60,24,116,78,6,84,200
08/01/2023,GGG,TX,ASW,CE,Combined TRACON& Tower with Radar,3,2,15,17,37,0,18,33,0,51,3,20,48,17,88,110,4,114,202
08/02/2023,GGG,TX,ASW,CE,Combined TRACON& Tower with Radar,3,10,27,18,58,0,15,32,0,47,3,25,59,18,105,168,2,170,275
08/03/2023,GGG,TX,ASW,CE,Combined TRACON& Tower with Radar,3,8,24,72,107,0,25,45,2,72,3,33,69,74,179,202,16,218,397
08/04/2023,GGG,TX,ASW,CE,Combined TRACON& Tower with Radar,3,2,20,60,85,0,26,54,1,81,3,28,74,61,166,146,50,196,362
08/05/2023,GGG,TX,ASW,CE,Combined TRACON& Tower with Radar,3,8,16,14,41,0,4,31,2,37,3,12,47,16,78,44,2,46,124
08/06/2023,GGG,TX,ASW,CE,Combined TRACON& Tower with Radar,3,2,19,0,24,0,0,16,0,16,3,2,35,0,40,0,0,0,40
08/07/2023,GGG,TX,ASW,CE,Combined TRACON& Tower with Radar,3,8,24,40,75,0,19,37,0,56,3,27,61,40,131,176,10,186,317
08/08/2023,GGG,TX,ASW,CE,Combined TRACON& Tower with Radar,3,5,20,26,54,0,21,30,0,51,3,26,50,26,105,84,0,84,189
08/09/2023,GGG,TX,ASW,CE,Combined TRACON& Tower with Radar,4,6,27,8,45,0,14,34,2,50,4,20,61,10,95,32,0,32,127
08/10/2023,GGG,TX,ASW,CE,Combined TRACON& Tower with Radar,3,8,29,38,78,0,22,40,0,62,3,30,69,38,140,92,4,96,236
08/11/2023,GGG,TX,ASW,CE,Combined TRACON& Tower with Radar,3,4,36,57,100,0,27,41,4,72,3,31,77,61,172,146,2,148,320
08/12/2023,GGG,TX,ASW,CE,Combined TRACON& Tower with Radar,3,2,31,31,67,0,6,32,8,46,3,8,63,39,113,6,28,34,147
08/13/2023,GGG,TX,ASW,CE,Combined TRACON& Tower with Radar,5,3,21,4,33,0,3,23,0,26,5,6,44,4,59,16,0,16,75
08/14/2023,GGG,TX,ASW,CE,Combined TRACON& Tower with Radar,3,1,23,15,42,0,12,33,0,45,3,13,56,15,87,80,22,102,189
08/15/2023,GGG,TX,ASW,CE,Combined TRACON& Tower with Radar,3,7,20,12,42,0,22,39,2,63,3,29,59,14,105,106,0,106,211
08/16/2023,GGG,TX,ASW,CE,Combined TRACON& Tower with Radar,3,4,31,13,51,0,15,49,1,65,3,19,80,14,116,134,10,144,260
08/17/2023,GGG,TX,ASW,CE,Combined TRACON& Tower with Radar,3,2,33,37,75,0,23,32,0,55,3,25,65,37,130,152,0,152,282
08/18/2023,GGG,TX,ASW,CE,Combined TRACON& Tower with Radar,3,1,26,40,70,0,28,39,0,67,3,29,65,40,137,82,4,86,223
08/19/2023,GGG,TX,ASW,CE,Combined TRACON& Tower with Radar,3,0,16,9,28,0,4,42,3,49,3,4,58,12,77,34,2,36,113
08/20/2023,GGG,TX,ASW,CE,Combined TRACON& Tower with Radar,3,0,23,14,40,0,3,20,0,23,3,3,43,14,63,20,2,22,85
08/21/2023,GGG,TX,ASW,CE,Combined TRACON& Tower with Radar,3,2,34,18,57,0,25,31,8,64,3,27,65,26,121,70,2,72,193
08/22/2023,GGG,TX,ASW,CE,Combined TRACON& Tower with Radar,4,18,26,40,88,0,46,24,7,77,4,64,50,47,165,62,8,70,235
08/23/2023,GGG,TX,ASW,CE,Combined TRACON& Tower with Radar,3,8,31,12,54,0,40,33,1,74,3,48,64,13,128,136,32,168,296
08/24/2023,GGG,TX,ASW,CE,Combined TRACON& Tower with Radar,3,21,19,14,57,0,39,35,0,74,3,60,54,14,131,116,0,116,247
08/25/2023,GGG,TX,ASW,CE,Combined TRACON& Tower with Radar,3,7,25,25,60,0,66,30,6,102,3,73,55,31,162,146,0,146,308
08/26/2023,GGG,TX,ASW,CE,Combined TRACON& Tower with Radar,3,6,14,2,25,0,31,49,2,82,3,37,63,4,107,134,0,134,241
08/27/2023,GGG,TX,ASW,CE,Combined TRACON& Tower with Radar,5,0,19,8,32,0,6,24,5,35,5,6,43,13,67,20,0,20,87
08/28/2023,GGG,TX,ASW,CE,Combined TRACON& Tower with Radar,4,8,45,14,71,0,28,20,4,52,4,36,65,18,123,94,0,94,217
08/29/2023,GGG,TX,ASW,CE,Combined TRACON& Tower with Radar,3,5,28,24,60,0,63,46,0,109,3,68,74,24,169,106,12,118,287
08/30/2023,GGG,TX,ASW,CE,Combined TRACON& Tower with Radar,3,0,40,19,62,0,53,63,17,133,3,53,103,36,195,122,0,122,317
08/31/2023,GGG,TX,ASW,CE,Combined TRACON& Tower with Radar,3,11,31,49,94,0,48,44,0,92,3,59,75,49,186,108,10,118,304
01/01/2020,GGG,TX,ASW,CE,Combined TRACON& Tower with Radar,0,4,7,0,11,0,4,4,0,8,0,8,11,0,19,32,0,32,51
01/02/2020,GGG,TX,ASW,CE,Combined TRACON& Tower with Radar,0,2,17,0,19,0,0,1,0,1,0,2,18,0,20,0,0,0,20
01/03/2020,GGG,TX,ASW,CE,Combined TRACON& Tower with Radar,0,9,25,2,36,0,0,5,0,5,0,9,30,2,41,2,0,2,43
01/04/2020,GGG,TX,ASW,CE,Combined TRACON& Tower with Radar,0,4,13,0,17,0,27,24,0,51,0,31,37,0,68,108,0,108,176
01/05/2020,GGG,TX,ASW,CE,Combined TRACON& Tower with Radar,0,5,18,4,27,0,4,25,0,29,0,9,43,4,56,4,6,10,66
01/06/2020,GGG,TX,ASW,CE,Combined TRACON& Tower with Radar,0,9,19,11,39,0,32,18,1,51,0,41,37,12,90,114,2,116,206
01/07/2020,GGG,TX,ASW,CE,Combined TRACON& Tower with Radar,0,12,24,25,61,0,23,29,2,54,0,35,53,27,115,122,0,122,237
01/08/2020,GGG,TX,ASW,CE,Combined TRACON& Tower with Radar,0,9,21,36,66,0,29,18,0,47,0,38,39,36,113,202,4,206,319
01/09/2020,GGG,TX,ASW,CE,Combined TRACON& Tower with Radar,0,8,21,6,35,2,2,4,0,8,2,10,25,6,43,18,0,18,61
01/10/2020,GGG,TX,ASW,CE,Combined TRACON& Tower with Radar,0,14,11,0,25,0,4,0,0,4,0,18,11,0,29,22,0,22,51
01/11/2020,GGG,TX,ASW,CE,Combined TRACON& Tower with Radar,0,11,27,1,39,0,0,2,0,2,0,11,29,1,41,42,0,42,83
01/12/2020,GGG,TX,ASW,CE,Combined TRACON& Tower with Radar,0,9,19,6,34,0,10,10,0,20,0,19,29,6,54,26,0,26,80
01/13/2020,GGG,TX,ASW,CE,Combined TRACON& Tower with Radar,0,9,27,8,44,0,24,18,0,42,0,33,45,8,86,122,0,122,208
01/14/2020,GGG,TX,ASW,CE,Combined TRACON& Tower with Radar,0,12,46,0,58,0,0,4,0,4,0,12,50,0,62,0,0,0,62
01/15/2020,GGG,TX,ASW,CE,Combined TRACON& Tower with Radar,0,13,42,0,55,0,2,5,0,7,0,15,47,0,62,32,0,32,94
01/16/2020,GGG,TX,ASW,CE,Combined TRACON& Tower with Radar,0,12,27,5,44,0,0,0,1,1,0,12,27,6,45,12,0,12,57
01/17/2020,GGG,TX,ASW,CE,Combined TRACON& Tower with Radar,0,24,60,0,84,0,0,1,0,1,0,24,61,0,85,4,0,4,89
01/18/2020,GGG,TX,ASW,CE,Combined TRACON& Tower with Radar,0,12,18,5,35,0,17,25,1,43,0,29,43,6,78,38,6,44,122
01/19/2020,GGG,TX,ASW,CE,Combined TRACON& Tower with Radar,0,6,22,0,28,0,7,45,0,52,0,13,67,0,80,38,0,38,118
01/20/2020,GGG,TX,ASW,CE,Combined TRACON& Tower with Radar,2,5,43,0,50,0,0,46,0,46,2,5,89,0,96,0,0,0,96
01/21/2020,GGG,TX,ASW,CE,Combined TRACON& Tower with Radar,0,8,31,23,62,0,32,32,2,66,0,40,63,25,128,74,0,74,202
01/22/2020,GGG,TX,ASW,CE,Combined TRACON& Tower with Radar,0,4,17,0,21,0,0,0,0,0,0,4,17,0,21,0,0,0,21
01/23/2020,GGG,TX,ASW,CE,Combined TRACON& Tower with Radar,0,5,23,6,34,0,7,8,0,15,0,12,31,6,49,32,10,42,91
01/24/2020,GGG,TX,ASW,CE,Combined TRACON& Tower with Radar,2,6,23,27,58,0,49,37,0,86,2,55,60,27,144,102,0,102,246
01/25/2020,GGG,TX,ASW,CE,Combined TRACON& Tower with Radar,0,4,9,22,35,0,45,42,4,91,0,49,51,26,126,58,6,64,190
01/26/2020,GGG,TX,ASW,CE,Combined TRACON& Tower with Radar,0,6,37,0,43,0,0,3,0,3,0,6,40,0,46,0,0,0,46
01/27/2020,GGG,TX,ASW,CE,Combined TRACON& Tower with Radar,0,8,23,8,39,0,21,16,0,37,0,29,39,8,76,130,6,136,212
01/28/2020,GGG,TX,ASW,CE,Combined TRACON& Tower with Radar,0,7,7,0,14,0,1,0,0,1,0,8,7,0,15,14,0,14,29
01/29/2020,GGG,TX,ASW,CE,Combined TRACON& Tower with Radar,0,15,36,20,71,0,0,0,0,0,0,15,36,20,71,0,0,0,71
01/30/2020,GGG,TX,ASW,CE,Combined TRACON& Tower with Radar,0,8,26,0,34,0,0,4,0,4,0,8,30,0,38,0,0,0,38
01/31/2020,GGG,TX,ASW,CE,Combined TRACON& Tower with Radar,0,11,31,29,71,0,14,11,0,25,0,25,42,29,96,88,0,88,184
02/01/2020,GGG,TX,ASW,CE,Combined TRACON& Tower with Radar,0,5,21,4,30,0,59,37,2,98,0,64,58,6,128,34,0,34,162
02/02/2020,GGG,TX,ASW,CE,Combined TRACON& Tower with Radar,0,7,11,2,20,0,26,38,0,64,0,33,49,2,84,20,0,20,104
02/03/2020,GGG,TX,ASW,CE,Combined TRACON& Tower with Radar,0,14,41,0,55,0,11,6,0,17,0,25,47,0,72,82,0,82,154
02/04/2020,GGG,TX,ASW,CE,Combined TRACON& Tower with Radar,0,10,28,8,46,0,4,3,0,7,0,14,31,8,53,108,0,108,161
02/05/2020,GGG,TX,ASW,CE,Combined TRACON& Tower with Radar,0,3,6,0,9,0,0,0,0,0,0,3,6,0,9,0,0,0,9
02/06/2020,GGG,TX,ASW,CE,Combined TRACON& Tower with Radar,0,7,25,3,35,0,45,23,4,72,0,52,48,7,107,82,6,88,195
02/07/2020,GGG,TX,ASW,CE,Combined TRACON& Tower with Radar,2,8,18,66,94,0,53,64,3,120,2,61,82,69,214,44,26,70,284
02/08/2020,GGG,TX,ASW,CE,Combined TRACON& Tower with Radar,0,6,10,7,23,0,42,41,3,86,0,48,51,10,109,60,18,78,187
02/09/2020,GGG,TX,ASW,CE,Combined TRACON& Tower with Radar,0,7,35,7,49,0,2,3,0,5,0,9,38,7,54,0,0,0,54
02/10/2020,GGG,TX,ASW,CE,Combined TRACON& Tower with Radar,2,6,13,0,21,0,0,0,0,0,2,6,13,0,21,0,0,0,21
02/11/2020,GGG,TX,ASW,CE,Combined TRACON& Tower with Radar,0,8,12,0,20,0,0,0,0,0,0,8,12,0,20,0,0,0,20
02/12/2020,GGG,TX,ASW,CE,Combined TRACON& Tower with Radar,0,6,15,0,21,0,0,0,0,0,0,6,15,0,21,0,0,0,21
02/13/2020,GGG,TX,ASW,CE,Combined TRACON& Tower with Radar,0,10,44,31,85,0,42,14,0,56,0,52,58,31,141,96,40,136,277
02/14/2020,GGG,TX,ASW,CE,Combined TRACON& Tower with Radar,0,10,31,3,44,0,86,49,2,137,0,96,80,5,181,90,0,90,271
02/15/2020,GGG,TX,ASW,CE,Combined TRACON& Tower with Radar,0,5,18,0,23,0,40,33,0,73,0,45,51,0,96,70,0,70,166
02/16/2020,GGG,TX,ASW,CE,Combined TRACON& Tower with Radar,0,14,17,0,31,0,5,9,0,14,0,19,26,0,45,26,0,26,71
02/17/2020,GGG,TX,ASW,CE,Combined TRACON& Tower with Radar,0,10,38,11,59,0,6,5,0,11,0,16,43,11,70,38,0,38,108
02/18/2020,GGG,TX,ASW,CE,Combined TRACON& Tower with Radar,0,4,35,2,41,0,0,2,0,2,0,4,37,2,43,12,0,12,55
02/19/2020,GGG,TX,ASW,CE,Combined TRACON& Tower with Radar,0,7,26,0,33,0,0,0,0,0,0,7,26,0,33,0,0,0,33
02/20/2020,GGG,TX,ASW,CE,Combined TRACON& Tower with Radar,0,18,25,3,46,0,13,14,0,27,0,31,39,3,73,96,6,102,175
02/21/2020,GGG,TX,ASW,CE,Combined TRACON& Tower with Radar,0,9,38,33,80,0,81,65,3,149,0,90,103,36,229,70,14,84,313
02/22/2020,GGG,TX,ASW,CE,Combined TRACON& Tower with Radar,0,5,28,17,50,0,53,102,3,158,0,58,130,20,208,8,0,8,216
02/23/2020,GGG,TX,ASW,CE,Combined TRACON& Tower with Radar,0,6,31,4,41,0,0,0,0,0,0,6,31,4,41,0,0,0,41
02/24/2020,GGG,TX,ASW,CE,Combined TRACON& Tower with Radar,0,7,24,7,38,0,14,11,1,26,0,21,35,8,64,88,10,98,162
02/25/2020,GGG,TX,ASW,CE,Combined TRACON& Tower with Radar,0,4,32,9,45,0,83,49,1,133,0,87,81,10,178,70,6,76,254
02/26/2020,GGG,TX,ASW,CE,Combined TRACON& Tower with Radar,0,4,39,9,52,0,27,16,0,43,0,31,55,9,95,72,0,72,167
02/27/2020,GGG,TX,ASW,CE,Combined TRACON& Tower with Radar,0,9,34,23,66,0,73,51,2,126,0,82,85,25,192,56,20,76,268
02/28/2020,GGG,TX,ASW,CE,Combined TRACON& Tower with Radar,0,13,27,4,44,0,74,53,1,128,0,87,80,5,172,88,0,88,260
02/29/2020,GGG,TX,ASW,CE,Combined TRACON& Tower with Radar,0,6,16,0,22,0,32,36,2,70,0,38,52,2,92,12,0,12,104
03/01/2020,GGG,TX,ASW,CE,Combined TRACON& Tower with Radar,0,6,33,0,39,0,1,3,0,4,0,7,36,0,43,0,0,0,43
03/02/2020,GGG,TX,ASW,CE,Combined TRACON& Tower with Radar,0,12,44,4,60,0,10,6,0,16,0,22,50,4,76,198,4,202,278
03/03/2020,GGG,TX,ASW,CE,Combined TRACON& Tower with Radar,0,4,28,0,32,0,19,8,0,27,0,23,36,0,59,44,0,44,103
03/04/2020,GGG,TX,ASW,CE,Combined TRACON& Tower with Radar,0,5,13,0,18,0,1,1,0,2,0,6,14,0,20,0,0,0,20
03/05/2020,GGG,TX,ASW,CE,Combined TRACON& Tower with Radar,0,9,19,12,40,0,52,65,4,121,0,61,84,16,161,102,4,106,267
03/06/2020,GGG,TX,ASW,CE,Combined TRACON& Tower with Radar,0,12,17,1,30,0,58,27,1,86,0,70,44,2,116,158,0,158,274
03/07/2020,GGG,TX,ASW,CE,Combined TRACON& Tower with Radar,0,4,28,0,32,0,37,42,0,79,0,41,70,0,111,64,0,64,175
03/08/2020,GGG,TX,ASW,CE,Combined TRACON& Tower with Radar,0,12,24,0,36,0,12,23,0,35,0,24,47,0,71,0,0,0,71
03/09/2020,GGG,TX,ASW,CE,Combined TRACON& Tower with Radar,0,7,24,0,31,0,1,0,0,1,0,8,24,0,32,0,0,0,32
03/10/2020,GGG,TX,ASW,CE,Combined TRACON& Tower with Radar,0,10,29,10,49,0,24,18,0,42,0,34,47,10,91,28,2,30,121
03/11/2020,GGG,TX,ASW,CE,Combined TRACON& Tower with Radar,0,12,33,9,54,0,41,25,1,67,0,53,58,10,121,164,2,166,287
03/12/2020,GGG,TX,ASW,CE,Combined TRACON& Tower with Radar,0,6,26,0,32,0,25,14,0,39,0,31,40,0,71,36,0,36,107
03/13/2020,GGG,TX,ASW,CE,Combined TRACON& Tower with Radar,0,8,25,0,33,0,11,0,0,11,0,19,25,0,44,40,0,40,84
03/14/2020,GGG,TX,ASW,CE,Combined TRACON& Tower with Radar,0,4,27,0,31,0,8,6,0,14,0,12,33,0,45,16,0,16,61
03/15/2020,GGG,TX,ASW,CE,Combined TRACON& Tower with Radar,0,5,12,0,17,0,4,0,0,4,0,9,12,0,21,26,0,26,47
03/16/2020,GGG,TX,ASW,CE,Combined TRACON& Tower with Radar,0,6,18,0,24,0,0,0,0,0,0,6,18,0,24,0,0,0,24
03/17/2020,GGG,TX,ASW,CE,Combined TRACON& Tower with Radar,0,9,23,0,32,0,1,2,0,3,0,10,25,0,35,6,0,6,41
03/18/2020,GGG,TX,ASW,CE,Combined TRACON& Tower with Radar,0,4,30,0,34,0,1,10,0,11,0,5,40,0,45,6,0,6,51
03/19/2020,GGG,TX,ASW,CE,Combined TRACON& Tower with Radar,0,4,14,0,18,0,5,4,0,9,0,9,18,0,27,6,0,6,33
03/20/2020,GGG,TX,ASW,CE,Combined TRACON& Tower with Radar,0,8,9,0,17,0,0,1,0,1,0,8,10,0,18,0,0,0,18
03/21/2020,GGG,TX,ASW,CE,Combined TRACON& Tower with Radar,0,7,23,0,30,0,1,1,0,2,0,8,24,0,32,8,0,8,40
03/22/2020,GGG,TX,ASW,CE,Combined TRACON& Tower with Radar,0,3,5,0,8,0,0,0,0,0,0,3,5,0,8,0,0,0,8
03/23/2020,GGG,TX,ASW,CE,Combined TRACON& Tower with Radar,0,6,12,0,18,0,0,0,0,0,0,6,12,0,18,0,0,0,18
03/24/2020,GGG,TX,ASW,CE,Combined TRACON& Tower with Radar,0,4,6,0,10,0,0,14,0,14,0,4,20,0,24,4,0,4,28
03/25/2020,GGG,TX,ASW,CE,Combined TRACON& Tower with Radar,0,3,22,1,26,0,0,28,1,29,0,3,50,2,55,0,0,0,55
03/26/2020,GGG,TX,ASW,CE,Combined TRACON& Tower with Radar,0,5,9,0,14,0,6,19,0,25,0,11,28,0,39,58,0,58,97
03/27/2020,GGG,TX,ASW,CE,Combined TRACON& Tower with Radar,0,6,15,0,21,0,6,9,0,15,0,12,24,0,36,0,0,0,36
03/28/2020,GGG,TX,ASW,CE,Combined TRACON& Tower with Radar,0,4,4,0,8,0,0,2,0,2,0,4,6,0,10,0,0,0,10
03/29/2020,GGG,TX,ASW,CE,Combined TRACON& Tower with Radar,0,4,12,0,16,0,2,23,0,25,0,6,35,0,41,6,0,6,47
03/30/2020,GGG,TX,ASW,CE,Combined TRACON& Tower with Radar,0,3,13,0,16,0,0,9,0,9,0,3,22,0,25,12,0,12,37
03/31/2020,GGG,TX,ASW,CE,Combined TRACON& Tower with Radar,0,3,16,9,28,0,3,9,0,12,0,6,25,9,40,4,16,20,60
04/01/2020,GGG,TX,ASW,CE,Combined TRACON& Tower with Radar,0,2,18,0,20,0,2,18,0,20,0,4,36,0,40,0,0,0,40
04/02/2020,GGG,TX,ASW,CE,Combined TRACON& Tower with Radar,0,4,7,0,11,0,2,11,0,13,0,6,18,0,24,12,0,12,36
04/03/2020,GGG,TX,ASW,CE,Combined TRACON& Tower with Radar,0,5,6,0,11,0,0,0,0,0,0,5,6,0,11,0,0,0,11
04/04/2020,GGG,TX,ASW,CE,Combined TRACON& Tower with Radar,0,6,2,0,8,0,0,0,0,0,0,6,2,0,8,0,0,0,8
04/05/2020,GGG,TX,ASW,CE,Combined TRACON& Tower with Radar,0,3,5,0,8,0,2,2,0,4,0,5,7,0,12,0,0,0,12
04/06/2020,GGG,TX,ASW,CE,Combined TRACON& Tower with Radar,0,4,6,3,13,0,2,16,0,18,0,6,22,3,31,14,0,14,45
04/07/2020,GGG,TX,ASW,CE,Combined TRACON& Tower with Radar,0,5,18,0,23,0,0,10,0,10,0,5,28,0,33,0,0,0,33
04/08/2020,GGG,TX,ASW,CE,Combined TRACON& Tower with Radar,0,3,17,0,20,0,1,9,0,10,0,4,26,0,30,6,0,6,36
04/09/2020,GGG,TX,ASW,CE,Combined TRACON& Tower with Radar,0,3,8,0,11,0,0,12,0,12,0,3,20,0,23,0,0,0,23
04/10/2020,GGG,TX,ASW,CE,Combined TRACON& Tower with Radar,0,2,16,0,18,0,3,23,0,26,0,5,39,0,44,18,0,18,62
04/11/2020,GGG,TX,ASW,CE,Combined TRACON& Tower with Radar,0,2,2,0,4,0,0,4,0,4,0,2,6,0,8,14,0,14,22
04/12/2020,GGG,TX,ASW,CE,Combined TRACON& Tower with Radar,0,2,2,0,4,0,4,4,0,8,0,6,6,0,12,0,0,0,12
04/13/2020,GGG,TX,ASW,CE,Combined TRACON& Tower with Radar,0,4,16,8,28,0,6,28,0,34,0,10,44,8,62,16,0,16,78
04/14/2020,GGG,TX,ASW,CE,Combined TRACON& Tower with Radar,0,2,9,14,25,0,2,8,0,10,0,4,17,14,35,12,32,44,79
04/15/2020,GGG,TX,ASW,CE,Combined TRACON& Tower with Radar,0,0,16,0,16,0,3,24,0,27,0,3,40,0,43,18,0,18,61
04/16/2020,GGG,TX,ASW,CE,Combined TRACON& Tower with Radar,0,2,19,10,31,0,2,34,1,37,0,4,53,11,68,26,0,26,94
04/17/2020,GGG,TX,ASW,CE,Combined TRACON& Tower with Radar,0,2,10,0,12,0,0,2,0,2,0,2,12,0,14,2,0,2,16
04/18/2020,GGG,TX,ASW,CE,Combined TRACON& Tower with Radar,0,2,7,0,9,0,0,4,0,4,0,2,11,0,13,0,0,0,13
04/19/2020,GGG,TX,ASW,CE,Combined TRACON& Tower with Radar,0,2,4,0,6,0,0,1,0,1,0,2,5,0,7,0,0,0,7
04/20/2020,GGG,TX,ASW,CE,Combined TRACON& Tower with Radar,0,2,7,1,10,0,4,15,0,19,0,6,22,1,29,10,0,10,39
04/21/2020,GGG,TX,ASW,CE,Combined TRACON& Tower with Radar,0,0,22,0,22,0,0,20,0,20,0,0,42,0,42,14,2,16,58
04/22/2020,GGG,TX,ASW,CE,Combined TRACON& Tower with Radar,0,2,4,0,6,0,0,0,0,0,0,2,4,0,6,0,0,0,6
04/23/2020,GGG,TX,ASW,CE,Combined TRACON& Tower with Radar,0,4,26,0,30,0,4,25,0,29,0,8,51,0,59,0,0,0,59
04/24/2020,GGG,TX,ASW,CE,Combined TRACON& Tower with Radar,0,2,19,4,25,0,0,27,0,27,0,2,46,4,52,18,0,18,70
04/25/2020,GGG,TX,ASW,CE,Combined TRACON& Tower with Radar,0,2,16,0,18,0,0,22,0,22,0,2,38,0,40,8,0,8,48
04/26/2020,GGG,TX,ASW,CE,Combined TRACON& Tower with Radar,0,3,8,0,11,0,8,17,0,25,0,11,25,0,36,0,0,0,36
04/27/2020,GGG,TX,ASW,CE,Combined TRACON& Tower with Radar,0,2,13,2,17,0,9,26,0,35,0,11,39,2,52,6,0,6,58
04/28/2020,GGG,TX,ASW,CE,Combined TRACON& Tower with Radar,0,2,6,0,8,0,1,2,0,3,0,3,8,0,11,0,0,0,11
04/29/2020,GGG,TX,ASW,CE,Combined TRACON& Tower with Radar,0,2,20,10,32,0,4,15,0,19,0,6,35,10,51,0,16,16,67
04/30/2020,GGG,TX,ASW,CE,Combined TRACON& Tower with Radar,0,2,17,2,21,0,4,24,0,28,0,6,41,2,49,4,0,4,53
05/01/2020,GGG,TX,ASW,CE,Combined TRACON& Tower with Radar,0,2,28,0,30,0,2,43,0,45,0,4,71,0,75,4,0,4,79
05/02/2020,GGG,TX,ASW,CE,Combined TRACON& Tower with Radar,0,0,7,2,9,0,2,11,0,13,0,2,18,2,22,8,4,12,34
05/03/2020,GGG,TX,ASW,CE,Combined TRACON& Tower with Radar,0,2,26,0,28,0,2,17,0,19,0,4,43,0,47,4,0,4,51
05/04/2020,GGG,TX,ASW,CE,Combined TRACON& Tower with Radar,0,1,13,0,14,0,3,16,0,19,0,4,29,0,33,12,0,12,45
05/05/2020,GGG,TX,ASW,CE,Combined TRACON& Tower with Radar,0,1,20,3,24,0,2,13,0,15,0,3,33,3,39,2,2,4,43
05/06/2020,GGG,TX,ASW,CE,Combined TRACON& Tower with Radar,0,0,21,0,21,0,5,22,2,29,0,5,43,2,50,14,0,14,64
05/07/2020,GGG,TX,ASW,CE,Combined TRACON& Tower with Radar,0,0,14,0,14,0,0,23,0,23,0,0,37,0,37,28,0,28,65
05/08/2020,GGG,TX,ASW,CE,Combined TRACON& Tower with Radar,0,0,7,0,7,0,2,5,0,7,0,2,12,0,14,0,0,0,14
05/09/2020,GGG,TX,ASW,CE,Combined TRACON& Tower with Radar,0,1,16,6,23,0,1,25,0,26,0,2,41,6,49,22,0,22,71
05/10/2020,GGG,TX,ASW,CE,Combined TRACON& Tower with Radar,0,0,9,0,9,0,1,17,0,18,0,1,26,0,27,10,0,10,37
05/11/2020,GGG,TX,ASW,CE,Combined TRACON& Tower with Radar,0,2,29,8,39,0,1,39,0,40,0,3,68,8,79,24,0,24,103
05/12/2020,GGG,TX,ASW,CE,Combined TRACON& Tower with Radar,0,0,12,0,12,0,0,12,0,12,0,0,24,0,24,0,0,0,24
05/13/2020,GGG,TX,ASW,CE,Combined TRACON& Tower with Radar,0,0,18,13,31,0,3,4,1,8,0,3,22,14,39,0,24,24,63
05/14/2020,GGG,TX,ASW,CE,Combined TRACON& Tower with Radar,0,0,15,0,15,0,0,9,0,9,0,0,24,0,24,0,0,0,24
05/15/2020,GGG,TX,ASW,CE,Combined TRACON& Tower with Radar,0,3,32,0,35,0,6,1,0,7,0,9,33,0,42,16,0,16,58
05/16/2020,GGG,TX,ASW,CE,Combined TRACON& Tower with Radar,0,0,2,0,2,0,0,0,0,0,0,0,2,0,2,0,0,0,2
05/17/2020,GGG,TX,ASW,CE,Combined TRACON& Tower with Radar,0,0,12,0,12,0,3,3,0,6,0,3,15,0,18,0,0,0,18
05/18/2020,GGG,TX,ASW,CE,Combined TRACON& Tower with Radar,0,2,27,3,32,0,6,27,0,33,0,8,54,3,65,0,0,0,65
05/19/2020,GGG,TX,ASW,CE,Combined TRACON& Tower with Radar,0,1,21,5,27,0,13,27,0,40,0,14,48,5,67,38,14,52,119
05/20/2020,GGG,TX,ASW,CE,Combined TRACON& Tower with Radar,0,1,25,0,26,0,8,5,0,13,0,9,30,0,39,118,0,118,157
05/21/2020,GGG,TX,ASW,CE,Combined TRACON& Tower with Radar,0,0,21,0,21,0,3,3,0,6,0,3,24,0,27,42,0,42,69
05/22/2020,GGG,TX,ASW,CE,Combined TRACON& Tower with Radar,0,1,30,0,31,0,10,19,0,29,0,11,49,0,60,10,0,10,70
05/23/2020,GGG,TX,ASW,CE,Combined TRACON& Tower with Radar,0,2,18,0,20,0,4,8,0,12,0,6,26,0,32,0,0,0,32
05/24/2020,GGG,TX,ASW,CE,Combined TRACON& Tower with Radar,0,0,7,0,7,0,2,1,0,3,0,2,8,0,10,0,0,0,10
05/25/2020,GGG,TX,ASW,CE,Combined TRACON& Tower with Radar,0,1,9,0,10,0,0,1,0,1,0,1,10,0,11,0,0,0,11
05/26/2020,GGG,TX,ASW,CE,Combined TRACON& Tower with Radar,0,4,10,0,14,0,20,10,0,30,0,24,20,0,44,76,0,76,120
05/27/2020,GGG,TX,ASW,CE,Combined TRACON& Tower with Radar,0,2,14,3,19,0,22,9,0,31,0,24,23,3,50,10,12,22,72
05/28/2020,GGG,TX,ASW,CE,Combined TRACON& Tower with Radar,0,4,19,0,23,0,11,10,0,21,0,15,29,0,44,40,0,40,84
05/29/2020,GGG,TX,ASW,CE,Combined TRACON& Tower with Radar,0,2,21,2,25,0,25,30,0,55,0,27,51,2,80,60,20,80,160
05/30/2020,GGG,TX,ASW,CE,Combined TRACON& Tower with Radar,0,1,15,0,16,0,7,20,0,27,0,8,35,0,43,17,0,17,60
05/31/2020,GGG,TX,ASW,CE,Combined TRACON& Tower with Radar,0,0,15,5,20,0,3,8,0,11,0,3,23,5,31,30,0,30,61
06/01/2020,GGG,TX,ASW,CE,Combined TRACON& Tower with Radar,0,1,28,0,29,0,27,31,0,58,0,28,59,0,87,46,0,46,133
06/02/2020,GGG,TX,ASW,CE,Combined TRACON& Tower with Radar,0,0,7,0,7,0,35,32,1,68,0,35,39,1,75,70,0,70,145
06/03/2020,GGG,TX,ASW,CE,Combined TRACON& Tower with Radar,0,4,20,0,24,0,45,23,0,68,0,49,43,0,92,70,0,70,162
06/04/2020,GGG,TX,ASW,CE,Combined TRACON& Tower with Radar,0,2,37,0,39,0,26,12,0,38,0,28,49,0,77,94,0,94,171
06/05/2020,GGG,TX,ASW,CE,Combined TRACON& Tower with Radar,0,4,14,0,18,0,39,27,0,66,0,43,41,0,84,58,0,58,142
06/06/2020,GGG,TX,ASW,CE,Combined TRACON& Tower with Radar,0,0,27,0,27,0,15,14,0,29,0,15,41,0,56,8,0,8,64
06/07/2020,GGG,TX,ASW,CE,Combined TRACON& Tower with Radar,0,0,13,0,13,0,2,12,0,14,0,2,25,0,27,12,0,12,39
06/08/2020,GGG,TX,ASW,CE,Combined TRACON& Tower with Radar,0,1,12,0,13,0,33,9,0,42,0,34,21,0,55,138,0,138,193
06/09/2020,GGG,TX,ASW,CE,Combined TRACON& Tower with Radar,0,3,22,5,30,0,19,13,1,33,0,22,35,6,63,84,10,94,157
06/10/2020,GGG,TX,ASW,CE,Combined TRACON& Tower with Radar,0,6,13,0,19,0,29,23,0,52,0,35,36,0,71,122,0,122,193
06/11/2020,GGG,TX,ASW,CE,Combined TRACON& Tower with Radar,0,4,21,5,30,0,40,21,0,61,0,44,42,5,91,92,0,92,183
06/12/2020,GGG,TX,ASW,CE,Combined TRACON& Tower with Radar,0,2,18,2,22,0,32,19,0,51,0,34,37,2,73,52,0,52,125
06/13/2020,GGG,TX,ASW,CE,Combined TRACON& Tower with Radar,0,0,14,0,14,0,17,19,0,36,0,17,33,0,50,44,0,44,94
06/14/2020,GGG,TX,ASW,CE,Combined TRACON& Tower with Radar,0,0,24,0,24,0,5,23,0,28,0,5,47,0,52,2,0,2,54
06/15/2020,GGG,TX,ASW,CE,Combined TRACON& Tower with Radar,0,5,18,0,23,0,31,20,0,51,0,36,38,0,74,92,0,92,166
06/16/2020,GGG,TX,ASW,CE,Combined TRACON& Tower with Radar,0,5,23,0,28,0,34,15,0,49,0,39,38,0,77,116,0,116,193
06/17/2020,GGG,TX,ASW,CE,Combined TRACON& Tower with Radar,0,7,17,0,24,0,40,19,0,59,0,47,36,0,83,96,0,96,179
06/18/2020,GGG,TX,ASW,CE,Combined TRACON& Tower with Radar,0,10,14,32,56,0,37,28,1,66,0,47,42,33,122,68,8,76,198
06/19/2020,GGG,TX,ASW,CE,Combined TRACON& Tower with Radar,0,4,29,7,40,0,42,34,1,77,0,46,63,8,117,128,0,128,245
06/20/2020,GGG,TX,ASW,CE,Combined TRACON& Tower with Radar,0,1,19,0,20,0,8,10,0,18,0,9,29,0,38,28,0,28,66
06/21/2020,GGG,TX,ASW,CE,Combined TRACON& Tower with Radar,0,0,17,2,19,0,1,6,0,7,0,1,23,2,26,10,0,10,36
06/22/2020,GGG,TX,ASW,CE,Combined TRACON& Tower with Radar,0,5,21,0,26,0,19,10,2,31,0,24,31,2,57,56,0,56,113
06/23/2020,GGG,TX,ASW,CE,Combined TRACON& Tower with Radar,0,4,16,0,20,0,15,12,0,27,0,19,28,0,47,124,0,124,171
06/24/2020,GGG,TX,ASW,CE,Combined TRACON& Tower with Radar,0,4,22,0,26,0,21,6,0,27,0,25,28,0,53,126,0,126,179
06/25/2020,GGG,TX,ASW,CE,Combined TRACON& Tower with Radar,0,5,30,4,39,0,1,2,0,3,0,6,32,4,42,28,0,28,70
06/26/2020,GGG,TX,ASW,CE,Combined TRACON& Tower with Radar,0,5,30,0,35,0,3,4,0,7,0,8,34,0,42,20,0,20,62
06/27/2020,GGG,TX,ASW,CE,Combined TRACON& Tower with Radar,0,3,6,6,15,0,3,8,0,11,0,6,14,6,26,34,0,34,60
06/28/2020,GGG,TX,ASW,CE,Combined TRACON& Tower with Radar,0,0,17,26,43,0,2,11,0,13,0,2,28,26,56,10,0,10,66
06/29/2020,GGG,TX,ASW,CE,Combined TRACON& Tower with Radar,0,4,7,0,11,0,24,3,0,27,0,28,10,0,38,94,0,94,132
06/30/2020,GGG,TX,ASW,CE,Combined TRACON& Tower with Radar,0,1,22,12,35,0,16,4,0,20,0,17,26,12,55,82,10,92,147
07/01/2020,GGG,TX,ASW,CE,Combined TRACON& Tower with Radar,0,2,11,10,23,0,27,14,0,41,0,29,25,10,64,98,0,98,162
07/02/2020,GGG,TX,ASW,CE,Combined TRACON& Tower with Radar,0,3,27,14,44,0,16,14,0,30,0,19,41,14,74,96,0,96,170
07/03/2020,GGG,TX,ASW,CE,Combined TRACON& Tower with Radar,0,0,18,0,18,0,3,21,0,24,0,3,39,0,42,18,0,18,60
07/04/2020,GGG,TX,ASW,CE,Combined TRACON& Tower with Radar,0,1,6,0,7,0,20,13,0,33,0,21,19,0,40,40,0,40,80
07/05/2020,GGG,TX,ASW,CE,Combined TRACON& Tower with Radar,0,2,9,0,11,0,4,5,7,16,0,6,14,7,27,34,0,34,61
07/06/2020,GGG,TX,ASW,CE,Combined TRACON& Tower with Radar,0,6,21,0,27,0,1,1,0,2,0,7,22,0,29,20,0,20,49
07/07/2020,GGG,TX,ASW,CE,Combined TRACON& Tower with Radar,0,4,16,0,20,0,7,3,0,10,0,11,19,0,30,32,0,32,62
07/08/2020,GGG,TX,ASW,CE,Combined TRACON& Tower with Radar,0,15,9,18,42,0,18,5,0,23,0,33,14,18,65,84,10,94,159
07/09/2020,GGG,TX,ASW,CE,Combined TRACON& Tower with Radar,0,6,31,30,67,0,32,18,0,50,0,38,49,30,117,136,4,140,257
07/10/2020,GGG,TX,ASW,CE,Combined TRACON& Tower with Radar,0,8,22,2,32,0,31,26,0,57,0,39,48,2,89,192,0,192,281
07/11/2020,GGG,TX,ASW,CE,Combined TRACON& Tower with Radar,0,11,14,0,25,0,16,29,0,45,0,27,43,0,70,78,0,78,148
07/12/2020,GGG,TX,ASW,CE,Combined TRACON& Tower with Radar,0,2,5,0,7,0,3,17,0,20,0,5,22,0,27,0,0,0,27
07/13/2020,GGG,TX,ASW,CE,Combined TRACON& Tower with Radar,0,9,7,10,26,0,33,20,0,53,0,42,27,10,79,42,0,42,121
07/14/2020,GGG,TX,ASW,CE,Combined TRACON& Tower with Radar,0,6,6,6,18,0,27,31,1,59,0,33,37,7,77,54,0,54,131
07/15/2020,GGG,TX,ASW,CE,Combined TRACON& Tower with Radar,0,11,11,8,30,0,22,15,0,37,0,33,26,8,67,36,4,40,107
07/16/2020,GGG,TX,ASW,CE,Combined TRACON& Tower with Radar,0,4,21,26,51,0,31,27,4,62,0,35,48,30,113,100,0,100,213
07/17/2020,GGG,TX,ASW,CE,Combined TRACON& Tower with Radar,0,10,22,12,44,0,26,27,0,53,0,36,49,12,97,62,2,64,161
07/18/2020,GGG,TX,ASW,CE,Combined TRACON& Tower with Radar,0,9,9,4,22,0,11,16,0,27,0,20,25,4,49,32,0,32,81
07/19/2020,GGG,TX,ASW,CE,Combined TRACON& Tower with Radar,0,2,19,0,21,0,8,16,0,24,0,10,35,0,45,6,0,6,51
07/20/2020,GGG,TX,ASW,CE,Combined TRACON& Tower with Radar,0,6,10,27,43,0,27,21,0,48,0,33,31,27,91,76,0,76,167
07/21/2020,GGG,TX,ASW,CE,Combined TRACON& Tower with Radar,0,4,24,11,39,0,9,3,0,12,0,13,27,11,51,150,0,150,201
07/22/2020,GGG,TX,ASW,CE,Combined TRACON& Tower with Radar,0,7,24,0,31,0,2,5,0,7,0,9,29,0,38,40,0,40,78
07/23/2020,GGG,TX,ASW,CE,Combined TRACON& Tower with Radar,0,10,28,6,44,0,38,17,0,55,0,48,45,6,99,156,0,156,255
07/24/2020,GGG,TX,ASW,CE,Combined TRACON& Tower with Radar,0,14,21,8,43,0,16,18,0,34,0,30,39,8,77,166,0,166,243
07/25/2020,GGG,TX,ASW,CE,Combined TRACON& Tower with Radar,0,4,20,0,24,0,5,4,0,9,0,9,24,0,33,12,0,12,45
07/26/2020,GGG,TX,ASW,CE,Combined TRACON& Tower with Radar,0,4,21,10,35,0,3,6,0,9,0,7,27,10,44,24,10,34,78
07/27/2020,GGG,TX,ASW,CE,Combined TRACON& Tower with Radar,0,8,18,0,26,0,17,8,0,25,0,25,26,0,51,16,0,16,67
07/28/2020,GGG,TX,ASW,CE,Combined TRACON& Tower with Radar,0,6,10,19,35,0,19,9,0,28,0,25,19,19,63,104,4,108,171
07/29/2020,GGG,TX,ASW,CE,Combined TRACON& Tower with Radar,0,17,20,2,39,0,19,18,1,38,0,36,38,3,77,86,14,100,177
07/30/2020,GGG,TX,ASW,CE,Combined TRACON& Tower with Radar,0,10,26,45,81,0,26,18,1,45,0,36,44,46,126,64,16,80,206
07/31/2020,GGG,TX,ASW,CE,Combined TRACON& Tower with Radar,0,8,27,0,35,0,19,6,0,25,0,27,33,0,60,80,0,80,140
08/01/2020,GGG,TX,ASW,CE,Combined TRACON& Tower with Radar,0,5,15,0,20,0,17,32,0,49,0,22,47,0,69,54,0,54,123
08/02/2020,GGG,TX,ASW,CE,Combined TRACON& Tower with Radar,0,0,20,5,25,0,2,13,1,16,0,2,33,6,41,30,0,30,71
08/03/2020,GGG,TX,ASW,CE,Combined TRACON& Tower with Radar,0,7,12,2,21,0,29,29,0,58,0,36,41,2,79,162,0,162,241
08/04/2020,GGG,TX,ASW,CE,Combined TRACON& Tower with Radar,0,8,10,0,18,0,20,12,0,32,0,28,22,0,50,114,0,114,164
08/05/2020,GGG,TX,ASW,CE,Combined TRACON& Tower with Radar,0,9,21,0,30,0,6,7,0,13,0,15,28,0,43,34,0,34,77
08/06/2020,GGG,TX,ASW,CE,Combined TRACON& Tower with Radar,0,6,22,23,51,0,26,26,1,53,0,32,48,24,104,196,0,196,300
08/07/2020,GGG,TX,ASW,CE,Combined TRACON& Tower with Radar,0,3,25,16,44,0,30,19,2,51,0,33,44,18,95,190,10,200,295
08/08/2020,GGG,TX,ASW,CE,Combined TRACON& Tower with Radar,0,0,14,12,26,0,11,23,0,34,0,11,37,12,60,184,0,184,244
08/09/2020,GGG,TX,ASW,CE,Combined TRACON& Tower with Radar,0,3,21,4,28,0,1,10,0,11,0,4,31,4,39,8,0,8,47
08/10/2020,GGG,TX,ASW,CE,Combined TRACON& Tower with Radar,0,9,15,36,60,0,26,10,0,36,0,35,25,36,96,148,14,162,258
08/11/2020,GGG,TX,ASW,CE,Combined TRACON& Tower with Radar,0,6,34,19,59,0,18,15,0,33,0,24,49,19,92,174,0,174,266
08/12/2020,GGG,TX,ASW,CE,Combined TRACON& Tower with Radar,0,2,27,7,36,0,17,9,0,26,0,19,36,7,62,114,6,120,182
08/13/2020,GGG,TX,ASW,CE,Combined TRACON& Tower with Radar,0,7,24,12,43,0,35,34,1,70,0,42,58,13,113,208,0,208,321
08/14/2020,GGG,TX,ASW,CE,Combined TRACON& Tower with Radar,0,4,25,12,41,0,18,25,0,43,0,22,50,12,84,198,8,206,290
08/15/2020,GGG,TX,ASW,CE,Combined TRACON& Tower with Radar,0,4,12,23,39,0,16,23,2,41,0,20,35,25,80,160,1,161,241
08/16/2020,GGG,TX,ASW,CE,Combined TRACON& Tower with Radar,0,0,18,0,18,0,5,17,4,26,0,5,35,4,44,0,0,0,44
08/17/2020,GGG,TX,ASW,CE,Combined TRACON& Tower with Radar,0,12,14,8,34,0,13,13,0,26,0,25,27,8,60,146,2,148,208
08/18/2020,GGG,TX,ASW,CE,Combined TRACON& Tower with Radar,0,6,17,8,31,0,24,27,2,53,0,30,44,10,84,126,4,130,214
08/19/2020,GGG,TX,ASW,CE,Combined TRACON& Tower with Radar,0,3,9,0,12,0,34,21,0,55,0,37,30,0,67,132,0,132,199
08/20/2020,GGG,TX,ASW,CE,Combined TRACON& Tower with Radar,0,0,16,2,18,0,38,17,0,55,0,38,33,2,73,114,0,114,187
08/21/2020,GGG,TX,ASW,CE,Combined TRACON& Tower with Radar,0,1,10,50,61,0,32,24,0,56,0,33,34,50,117,98,2,100,217
08/22/2020,GGG,TX,ASW,CE,Combined TRACON& Tower with Radar,0,1,15,2,18,0,11,28,0,39,0,12,43,2,57,64,0,64,121
08/23/2020,GGG,TX,ASW,CE,Combined TRACON& Tower with Radar,0,1,16,12,29,0,6,19,0,25,0,7,35,12,54,0,0,0,54
08/24/2020,GGG,TX,ASW,CE,Combined TRACON& Tower with Radar,0,0,17,4,21,0,28,29,0,57,0,28,46,4,78,18,0,18,96
08/25/2020,GGG,TX,ASW,CE,Combined TRACON& Tower with Radar,0,5,15,1,21,0,35,18,0,53,0,40,33,1,74,28,0,28,102
08/26/2020,GGG,TX,ASW,CE,Combined TRACON& Tower with Radar,0,15,12,0,27,0,13,1,0,14,0,28,13,0,41,36,0,36,77
08/27/2020,GGG,TX,ASW,CE,Combined TRACON& Tower with Radar,0,1,3,0,4,0,4,3,0,7,0,5,6,0,11,6,0,6,17
08/28/2020,GGG,TX,ASW,CE,Combined TRACON& Tower with Radar,0,10,17,16,43,0,31,12,0,43,0,41,29,16,86,54,4,58,144
08/29/2020,GGG,TX,ASW,CE,Combined TRACON& Tower with Radar,0,2,7,14,23,0,23,23,8,54,0,25,30,22,77,74,18,92,169
08/30/2020,GGG,TX,ASW,CE,Combined TRACON& Tower with Radar,0,0,11,0,11,0,8,16,2,26,0,8,27,2,37,20,0,20,57
08/31/2020,GGG,TX,ASW,CE,Combined TRACON& Tower with Radar,0,4,26,8,38,0,28,9,2,39,0,32,35,10,77,34,0,34,111
09/01/2020,GGG,TX,ASW,CE,Combined TRACON& Tower with Radar,2,1,20,12,35,0,20,8,6,34,2,21,28,18,69,38,2,40,109
09/02/2020,GGG,TX,ASW,CE,Combined TRACON& Tower with Radar,0,8,14,0,22,0,2,1,1,4,0,10,15,1,26,2,0,2,28
09/03/2020,GGG,TX,ASW,CE,Combined TRACON& Tower with Radar,0,1,19,0,20,0,12,6,0,18,0,13,25,0,38,36,0,36,74
09/04/2020,GGG,TX,ASW,CE,Combined TRACON& Tower with Radar,2,2,27,5,36,0,45,24,0,69,2,47,51,5,105,52,0,52,157
09/05/2020,GGG,TX,ASW,CE,Combined TRACON& Tower with Radar,4,5,12,0,21,0,33,20,0,53,4,38,32,0,74,72,0,72,146
09/06/2020,GGG,TX,ASW,CE,Combined TRACON& Tower with Radar,0,1,7,0,8,0,8,28,0,36,0,9,35,0,44,38,0,38,82
09/07/2020,GGG,TX,ASW,CE,Combined TRACON& Tower with Radar,0,4,28,0,32,0,51,27,0,78,0,55,55,0,110,54,0,54,164
09/08/2020,GGG,TX,ASW,CE,Combined TRACON& Tower with Radar,0,6,34,40,80,0,38,21,0,59,0,44,55,40,139,78,0,78,217
09/09/2020,GGG,TX,ASW,CE,Combined TRACON& Tower with Radar,0,6,32,18,56,0,54,23,1,78,0,60,55,19,134,60,16,76,210
09/10/2020,GGG,TX,ASW,CE,Combined TRACON& Tower with Radar,0,18,37,18,73,0,3,1,1,5,0,21,38,19,78,8,0,8,86
09/11/2020,GGG,TX,ASW,CE,Combined TRACON& Tower with Radar,0,5,25,17,47,0,36,15,2,53,0,41,40,19,100,44,0,44,144
09/12/2020,GGG,TX,ASW,CE,Combined TRACON& Tower with Radar,0,4,17,24,45,0,39,44,14,97,0,43,61,38,142,84,30,114,256
09/13/2020,GGG,TX,ASW,CE,Combined TRACON& Tower with Radar,0,2,15,2,19,0,7,6,0,13,0,9,21,2,32,7,0,7,39
09/14/2020,GGG,TX,ASW,CE,Combined TRACON& Tower with Radar,0,11,20,6,37,0,16,5,1,22,0,27,25,7,59,60,0,60,119
09/15/2020,GGG,TX,ASW,CE,Combined TRACON& Tower with Radar,0,6,16,8,30,0,34,22,0,56,0,40,38,8,86,36,4,40,126
09/16/2020,GGG,TX,ASW,CE,Combined TRACON& Tower with Radar,0,4,18,18,40,0,33,22,0,55,0,37,40,18,95,44,0,44,139
09/17/2020,GGG,TX,ASW,CE,Combined TRACON& Tower with Radar,0,10,32,0,42,0,32,19,2,53,0,42,51,2,95,106,0,106,201
09/18/2020,GGG,TX,ASW,CE,Combined TRACON& Tower with Radar,0,13,44,13,70,0,45,37,2,84,0,58,81,15,154,48,10,58,212
09/19/2020,GGG,TX,ASW,CE,Combined TRACON& Tower with Radar,0,5,14,48,67,0,26,18,1,45,0,31,32,49,112,28,2,30,142
09/20/2020,GGG,TX,ASW,CE,Combined TRACON& Tower with Radar,0,2,13,10,25,0,0,23,0,23,0,2,36,10,48,18,0,18,66
09/21/2020,GGG,TX,ASW,CE,Combined TRACON& Tower with Radar,0,16,19,0,35,0,2,2,0,4,0,18,21,0,39,22,0,22,61
09/22/2020,GGG,TX,ASW,CE,Combined TRACON& Tower with Radar,0,8,15,0,23,0,0,0,0,0,0,8,15,0,23,0,0,0,23
09/23/2020,GGG,TX,ASW,CE,Combined TRACON& Tower with Radar,0,10,27,0,37,0,0,0,0,0,0,10,27,0,37,0,0,0,37
09/24/2020,GGG,TX,ASW,CE,Combined TRACON& Tower with Radar,0,10,36,6,52,0,9,9,1,19,0,19,45,7,71,56,2,58,129
09/25/2020,GGG,TX,ASW,CE,Combined TRACON& Tower with Radar,0,15,29,30,74,0,42,17,2,61,0,57,46,32,135,98,22,120,255
09/26/2020,GGG,TX,ASW,CE,Combined TRACON& Tower with Radar,0,6,14,11,31,0,27,15,0,42,0,33,29,11,73,78,10,88,161
09/27/2020,GGG,TX,ASW,CE,Combined TRACON& Tower with Radar,0,2,15,8,25,0,6,9,0,15,0,8,24,8,40,10,2,12,52
09/28/2020,GGG,TX,ASW,CE,Combined TRACON& Tower with Radar,0,6,21,8,35,0,41,12,0,53,0,47,33,8,88,38,16,54,142
09/29/2020,GGG,TX,ASW,CE,Combined TRACON& Tower with Radar,0,11,25,15,51,0,63,41,0,104,0,74,66,15,155,68,2,70,225
09/30/2020,GGG,TX,ASW,CE,Combined TRACON& Tower with Radar,0,7,32,31,70,0,48,25,0,73,0,55,57,31,143,28,4,32,175
10/01/2020,GGG,TX,ASW,CE,Combined TRACON& Tower with Radar,0,8,27,18,53,0,49,41,0,90,0,57,68,18,143,74,8,82,225
10/02/2020,GGG,TX,ASW,CE,Combined TRACON& Tower with Radar,0,6,28,18,52,0,59,28,0,87,0,65,56,18,139,60,0,60,199
10/03/2020,GGG,TX,ASW,CE,Combined TRACON& Tower with Radar,0,5,16,12,33,0,38,24,0,62,0,43,40,12,95,84,0,84,179
10/04/2020,GGG,TX,ASW,CE,Combined TRACON& Tower with Radar,0,2,10,0,12,0,12,32,0,44,0,14,42,0,56,42,0,42,98
10/05/2020,GGG,TX,ASW,CE,Combined TRACON& Tower with Radar,2,6,19,16,43,0,38,34,0,72,2,44,53,16,115,148,0,148,263
10/06/2020,GGG,TX,ASW,CE,Combined TRACON& Tower with Radar,0,7,22,0,29,0,34,24,0,58,0,41,46,0,87,66,0,66,153
10/07/2020,GGG,TX,ASW,CE,Combined TRACON& Tower with Radar,0,9,10,7,26,0,38,22,0,60,0,47,32,7,86,110,0,110,196
10/08/2020,GGG,TX,ASW,CE,Combined TRACON& Tower with Radar,0,9,23,0,32,0,27,21,0,48,0,36,44,0,80,92,0,92,172
10/09/2020,GGG,TX,ASW,CE,Combined TRACON& Tower with Radar,2,10,38,0,50,0,0,0,0,0,2,10,38,0,50,0,0,0,50
10/10/2020,GGG,TX,ASW,CE,Combined TRACON& Tower with Radar,0,12,16,11,39,0,32,16,1,49,0,44,32,12,88,20,8,28,116
10/11/2020,GGG,TX,ASW,CE,Combined TRACON& Tower with Radar,0,4,14,13,31,0,12,29,0,41,0,16,43,13,72,18,12,30,102
10/12/2020,GGG,TX,ASW,CE,Combined TRACON& Tower with Radar,0,8,21,0,29,0,24,9,1,34,0,32,30,1,63,72,0,72,135
10/13/2020,GGG,TX,ASW,CE,Combined TRACON& Tower with Radar,0,11,20,25,56,0,47,38,2,87,0,58,58,27,143,70,4,74,217
10/14/2020,GGG,TX,ASW,CE,Combined TRACON& Tower with Radar,0,9,14,19,42,0,45,31,0,76,0,54,45,19,118,143,0,143,261
10/15/2020,GGG,TX,ASW,CE,Combined TRACON& Tower with Radar,0,17,31,18,66,0,5,13,1,19,0,22,44,19,85,56,0,56,141
10/16/2020,GGG,TX,ASW,CE,Combined TRACON& Tower with Radar,0,12,33,56,101,0,57,24,0,81,0,69,57,56,182,138,18,156,338
10/17/2020,GGG,TX,ASW,CE,Combined TRACON& Tower with Radar,0,8,22,0,30,0,4,15,0,19,0,12,37,0,49,215,0,215,264
10/18/2020,GGG,TX,ASW,CE,Combined TRACON& Tower with Radar,0,8,25,0,33,0,3,17,0,20,0,11,42,0,53,18,0,18,71
10/19/2020,GGG,TX,ASW,CE,Combined TRACON& Tower with Radar,0,9,17,4,30,0,25,8,0,33,0,34,25,4,63,76,0,76,139
10/20/2020,GGG,TX,ASW,CE,Combined TRACON& Tower with Radar,0,12,23,12,47,0,28,15,0,43,0,40,38,12,90,66,4,70,160
10/21/2020,GGG,TX,ASW,CE,Combined TRACON& Tower with Radar,0,19,25,21,65,0,34,27,0,61,0,53,52,21,126,124,2,126,252
10/22/2020,GGG,TX,ASW,CE,Combined TRACON& Tower with Radar,0,10,28,52,90,0,52,31,2,85,0,62,59,54,175,186,66,252,427
10/23/2020,GGG,TX,ASW,CE,Combined TRACON& Tower with Radar,0,9,28,17,54,0,6,2,0,8,0,15,30,17,62,140,12,152,214
10/24/2020,GGG,TX,ASW,CE,Combined TRACON& Tower with Radar,0,8,48,9,65,0,0,6,0,6,0,8,54,9,71,58,0,58,129
10/25/2020,GGG,TX,ASW,CE,Combined TRACON& Tower with Radar,0,4,35,0,39,0,1,2,0,3,0,5,37,0,42,0,0,0,42
10/26/2020,GGG,TX,ASW,CE,Combined TRACON& Tower with Radar,0,15,23,0,38,0,0,0,0,0,0,15,23,0,38,0,0,0,38
10/27/2020,GGG,TX,ASW,CE,Combined TRACON& Tower with Radar,0,9,22,0,31,0,0,0,0,0,0,9,22,0,31,0,0,0,31
10/28/2020,GGG,TX,ASW,CE,Combined TRACON& Tower with Radar,0,19,7,0,26,0,0,0,0,0,0,19,7,0,26,0,0,0,26
10/29/2020,GGG,TX,ASW,CE,Combined TRACON& Tower with Radar,0,17,37,24,78,0,15,20,2,37,0,32,57,26,115,134,4,138,253
10/30/2020,GGG,TX,ASW,CE,Combined TRACON& Tower with Radar,0,10,33,0,43,0,46,57,6,109,0,56,90,6,152,142,0,142,294
10/31/2020,GGG,TX,ASW,CE,Combined TRACON& Tower with Radar,2,7,23,2,34,0,41,82,1,124,2,48,105,3,158,118,0,118,276
11/01/2020,GGG,TX,ASW,CE,Combined TRACON& Tower with Radar,0,3,16,0,19,0,4,21,0,25,0,7,37,0,44,28,0,28,72
11/02/2020,GGG,TX,ASW,CE,Combined TRACON& Tower with Radar,0,10,22,15,47,0,41,42,0,83,0,51,64,15,130,146,2,148,278
11/03/2020,GGG,TX,ASW,CE,Combined TRACON& Tower with Radar,0,4,27,43,74,0,42,34,5,81,0,46,61,48,155,200,22,222,377
11/04/2020,GGG,TX,ASW,CE,Combined TRACON& Tower with Radar,2,11,25,8,46,0,36,38,0,74,2,47,63,8,120,190,0,190,310
11/05/2020,GGG,TX,ASW,CE,Combined TRACON& Tower with Radar,0,8,31,10,49,0,35,21,0,56,0,43,52,10,105,232,2,234,339
11/06/2020,GGG,TX,ASW,CE,Combined TRACON& Tower with Radar,2,12,28,56,98,0,44,47,0,91,2,56,75,56,189,152,8,160,349
11/07/2020,GGG,TX,ASW,CE,Combined TRACON& Tower with Radar,0,11,16,23,50,0,35,29,3,67,0,46,45,26,117,118,14,132,249
11/08/2020,GGG,TX,ASW,CE,Combined TRACON& Tower with Radar,0,6,31,7,44,0,5,9,0,14,0,11,40,7,58,36,0,36,94
11/09/2020,GGG,TX,ASW,CE,Combined TRACON& Tower with Radar,0,11,19,19,49,0,15,7,3,25,0,26,26,22,74,134,0,134,208
11/10/2020,GGG,TX,ASW,CE,Combined TRACON& Tower with Radar,0,12,29,13,54,0,21,11,2,34,0,33,40,15,88,106,0,106,194
11/11/2020,GGG,TX,ASW,CE,Combined TRACON& Tower with Radar,0,20,18,0,38,0,38,48,0,86,0,58,66,0,124,168,0,168,292
11/12/2020,GGG,TX,ASW,CE,Combined TRACON& Tower with Radar,0,16,31,14,61,0,51,28,0,79,0,67,59,14,140,216,0,216,356
11/13/2020,GGG,TX,ASW,CE,Combined TRACON& Tower with Radar,0,18,33,36,87,0,45,31,1,77,0,63,64,37,164,236,4,240,404
11/14/2020,GGG,TX,ASW,CE,Combined TRACON& Tower with Radar,0,10,20,4,34,0,19,17,0,36,0,29,37,4,70,132,0,132,202
11/15/2020,GGG,TX,ASW,CE,Combined TRACON& Tower with Radar,0,4,30,1,35,0,18,31,1,50,0,22,61,2,85,26,0,26,111
11/16/2020,GGG,TX,ASW,CE,Combined TRACON& Tower with Radar,0,13,25,44,82,0,32,34,0,66,0,45,59,44,148,198,0,198,346
11/17/2020,GGG,TX,ASW,CE,Combined TRACON& Tower with Radar,0,13,27,15,55,0,29,28,2,59,0,42,55,17,114,238,2,240,354
11/18/2020,GGG,TX,ASW,CE,Combined TRACON& Tower with Radar,0,8,7,0,15,0,26,32,0,58,0,34,39,0,73,144,0,144,217
11/19/2020,GGG,TX,ASW,CE,Combined TRACON& Tower with Radar,0,10,26,5,41,0,26,37,3,66,0,36,63,8,107,128,0,128,235
11/20/2020,GGG,TX,ASW,CE,Combined TRACON& Tower with Radar,0,14,53,10,77,0,2,6,0,8,0,16,59,10,85,64,0,64,149
11/21/2020,GGG,TX,ASW,CE,Combined TRACON& Tower with Radar,0,12,25,28,65,0,27,27,1,55,0,39,52,29,120,114,6,120,240
11/22/2020,GGG,TX,ASW,CE,Combined TRACON& Tower with Radar,0,6,21,0,27,0,1,1,0,2,0,7,22,0,29,0,0,0,29
11/23/2020,GGG,TX,ASW,CE,Combined TRACON& Tower with Radar,0,18,31,26,75,0,36,17,2,55,0,54,48,28,130,200,4,204,334
11/24/2020,GGG,TX,ASW,CE,Combined TRACON& Tower with Radar,0,10,34,4,48,0,2,0,0,2,0,12,34,4,50,36,0,36,86
11/25/2020,GGG,TX,ASW,CE,Combined TRACON& Tower with Radar,0,6,31,0,37,0,27,19,0,46,0,33,50,0,83,122,0,122,205
11/26/2020,GGG,TX,ASW,CE,Combined TRACON& Tower with Radar,0,0,4,0,4,0,0,14,0,14,0,0,18,0,18,0,0,0,18
11/27/2020,GGG,TX,ASW,CE,Combined TRACON& Tower with Radar,0,6,10,0,16,0,1,0,0,1,0,7,10,0,17,0,0,0,17
11/28/2020,GGG,TX,ASW,CE,Combined TRACON& Tower with Radar,0,8,17,0,25,0,7,8,0,15,0,15,25,0,40,30,0,30,70
11/29/2020,GGG,TX,ASW,CE,Combined TRACON& Tower with Radar,0,6,36,0,42,0,1,2,0,3,0,7,38,0,45,0,0,0,45
11/30/2020,GGG,TX,ASW,CE,Combined TRACON& Tower with Radar,0,12,26,0,38,0,34,19,0,53,0,46,45,0,91,120,0,120,211
12/01/2020,GGG,TX,ASW,CE,Combined TRACON& Tower with Radar,0,16,17,0,33,0,36,28,0,64,0,52,45,0,97,216,0,216,313
12/02/2020,GGG,TX,ASW,CE,Combined TRACON& Tower with Radar,0,10,15,5,30,0,0,1,0,1,0,10,16,5,31,12,0,12,43
12/03/2020,GGG,TX,ASW,CE,Combined TRACON& Tower with Radar,0,11,30,0,41,0,10,4,0,14,0,21,34,0,55,224,0,224,279
12/04/2020,GGG,TX,ASW,CE,Combined TRACON& Tower with Radar,0,12,27,11,50,0,33,31,0,64,0,45,58,11,114,202,0,202,316
12/05/2020,GGG,TX,ASW,CE,Combined TRACON& Tower with Radar,0,10,20,10,40,0,28,42,2,72,0,38,62,12,112,188,6,194,306
12/06/2020,GGG,TX,ASW,CE,Combined TRACON& Tower with Radar,0,4,21,15,40,0,8,24,0,32,0,12,45,15,72,50,4,54,126
12/07/2020,GGG,TX,ASW,CE,Combined TRACON& Tower with Radar,0,17,24,0,41,0,27,26,0,53,0,44,50,0,94,140,0,140,234
12/08/2020,GGG,TX,ASW,CE,Combined TRACON& Tower with Radar,0,6,16,7,29,0,23,31,2,56,0,29,47,9,85,192,0,192,277
12/09/2020,GGG,TX,ASW,CE,Combined TRACON& Tower with Radar,0,14,23,0,37,0,24,33,1,58,0,38,56,1,95,254,0,254,349
12/10/2020,GGG,TX,ASW,CE,Combined TRACON& Tower with Radar,0,11,15,0,26,0,21,40,6,67,0,32,55,6,93,222,0,222,315
12/11/2020,GGG,TX,ASW,CE,Combined TRACON& Tower with Radar,0,6,25,0,31,0,2,0,0,2,0,8,25,0,33,16,0,16,49
12/12/2020,GGG,TX,ASW,CE,Combined TRACON& Tower with Radar,0,4,12,0,16,0,7,36,0,43,0,11,48,0,59,30,0,30,89
12/13/2020,GGG,TX,ASW,CE,Combined TRACON& Tower with Radar,0,6,6,0,12,0,0,0,0,0,0,6,6,0,12,0,0,0,12
12/14/2020,GGG,TX,ASW,CE,Combined TRACON& Tower with Radar,0,8,16,0,24,0,3,28,0,31,0,11,44,0,55,0,0,0,55
12/15/2020,GGG,TX,ASW,CE,Combined TRACON& Tower with Radar,0,4,16,0,20,0,0,0,0,0,0,4,16,0,20,0,0,0,20
12/16/2020,GGG,TX,ASW,CE,Combined TRACON& Tower with Radar,0,7,40,2,49,0,8,8,0,16,0,15,48,2,65,24,2,26,91
12/17/2020,GGG,TX,ASW,CE,Combined TRACON& Tower with Radar,0,10,27,6,43,0,7,44,1,52,0,17,71,7,95,68,0,68,163
12/18/2020,GGG,TX,ASW,CE,Combined TRACON& Tower with Radar,0,6,36,6,48,0,9,18,0,27,0,15,54,6,75,16,2,18,93
12/19/2020,GGG,TX,ASW,CE,Combined TRACON& Tower with Radar,0,6,9,0,15,0,0,0,0,0,0,6,9,0,15,0,0,0,15
12/20/2020,GGG,TX,ASW,CE,Combined TRACON& Tower with Radar,0,6,21,0,27,0,6,18,0,24,0,12,39,0,51,28,0,28,79
12/21/2020,GGG,TX,ASW,CE,Combined TRACON& Tower with Radar,0,7,16,0,23,0,5,35,0,40,0,12,51,0,63,58,0,58,121
12/22/2020,GGG,TX,ASW,CE,Combined TRACON& Tower with Radar,0,9,26,2,37,0,2,25,0,27,0,11,51,2,64,18,4,22,86
12/23/2020,GGG,TX,ASW,CE,Combined TRACON& Tower with Radar,0,8,19,0,27,0,4,9,0,13,0,12,28,0,40,0,0,0,40
12/24/2020,GGG,TX,ASW,CE,Combined TRACON& Tower with Radar,0,3,8,0,11,0,5,12,0,17,0,8,20,0,28,0,0,0,28
12/25/2020,GGG,TX,ASW,CE,Combined TRACON& Tower with Radar,0,1,3,0,4,0,5,7,0,12,0,6,10,0,16,0,0,0,16
12/26/2020,GGG,TX,ASW,CE,Combined TRACON& Tower with Radar,0,8,24,0,32,0,2,37,0,39,0,10,61,0,71,16,0,16,87
12/27/2020,GGG,TX,ASW,CE,Combined TRACON& Tower with Radar,0,9,16,0,25,0,2,9,0,11,0,11,25,0,36,0,0,0,36
12/28/2020,GGG,TX,ASW,CE,Combined TRACON& Tower with Radar,0,15,33,16,64,0,0,1,0,1,0,15,34,16,65,0,8,8,73
12/29/2020,GGG,TX,ASW,CE,Combined TRACON& Tower with Radar,0,7,38,0,45,0,0,16,0,16,0,7,54,0,61,18,0,18,79
12/30/2020,GGG,TX,ASW,CE,Combined TRACON& Tower with Radar,0,4,8,0,12,0,0,2,0,2,0,4,10,0,14,12,0,12,26
12/31/2020,GGG,TX,ASW,CE,Combined TRACON& Tower with Radar,0,4,10,0,14,0,0,0,0,0,0,4,10,0,14,0,0,0,14
01/01/2021,GGG,TX,ASW,CE,Combined TRACON& Tower with Radar,0,3,4,0,7,0,1,2,0,3,0,4,6,0,10,0,0,0,10
01/02/2021,GGG,TX,ASW,CE,Combined TRACON& Tower with Radar,0,8,24,0,32,0,2,14,0,16,0,10,38,0,48,10,0,10,58
01/03/2021,GGG,TX,ASW,CE,Combined TRACON& Tower with Radar,0,7,26,0,33,0,4,15,0,19,0,11,41,0,52,2,0,2,54
01/04/2021,GGG,TX,ASW,CE,Combined TRACON& Tower with Radar,0,8,11,2,21,0,8,44,0,52,0,16,55,2,73,34,0,34,107
01/05/2021,GGG,TX,ASW,CE,Combined TRACON& Tower with Radar,0,4,6,0,10,0,0,28,0,28,0,4,34,0,38,56,0,56,94
01/06/2021,GGG,TX,ASW,CE,Combined TRACON& Tower with Radar,0,4,9,0,13,0,0,0,0,0,0,4,9,0,13,0,0,0,13
01/07/2021,GGG,TX,ASW,CE,Combined TRACON& Tower with Radar,0,8,14,2,24,0,0,1,0,1,0,8,15,2,25,0,0,0,25
01/08/2021,GGG,TX,ASW,CE,Combined TRACON& Tower with Radar,0,7,7,9,23,0,5,11,0,16,0,12,18,9,39,14,0,14,53
01/09/2021,GGG,TX,ASW,CE,Combined TRACON& Tower with Radar,0,4,14,16,34,0,5,34,3,42,0,9,48,19,76,36,2,38,114
01/10/2021,GGG,TX,ASW,CE,Combined TRACON& Tower with Radar,0,3,4,4,11,0,0,3,0,3,0,3,7,4,14,4,0,4,18
01/11/2021,GGG,TX,ASW,CE,Combined TRACON& Tower with Radar,0,4,9,0,13,0,2,1,0,3,0,6,10,0,16,100,0,100,116
01/12/2021,GGG,TX,ASW,CE,Combined TRACON& Tower with Radar,0,6,14,5,25,0,12,24,1,37,0,18,38,6,62,24,4,28,90
01/13/2021,GGG,TX,ASW,CE,Combined TRACON& Tower with Radar,0,5,31,0,36,0,14,16,2,32,0,19,47,2,68,84,0,84,152
01/14/2021,GGG,TX,ASW,CE,Combined TRACON& Tower with Radar,0,4,16,8,28,0,0,35,5,40,0,4,51,13,68,8,8,16,84
01/15/2021,GGG,TX,ASW,CE,Combined TRACON& Tower with Radar,0,5,17,36,58,0,5,10,0,15,0,10,27,36,73,12,4,16,89
01/16/2021,GGG,TX,ASW,CE,Combined TRACON& Tower with Radar,0,4,16,0,20,0,15,23,0,38,0,19,39,0,58,34,0,34,92
01/17/2021,GGG,TX,ASW,CE,Combined TRACON& Tower with Radar,0,6,13,0,19,0,5,21,0,26,0,11,34,0,45,50,0,50,95
01/18/2021,GGG,TX,ASW,CE,Combined TRACON& Tower with Radar,0,4,28,0,32,0,2,38,0,40,0,6,66,0,72,6,0,6,78
01/19/2021,GGG,TX,ASW,CE,Combined TRACON& Tower with Radar,0,8,13,0,21,0,0,0,0,0,0,8,13,0,21,0,0,0,21
01/20/2021,GGG,TX,ASW,CE,Combined TRACON& Tower with Radar,0,12,41,0,53,0,4,4,0,8,0,16,45,0,61,48,0,48,109
01/21/2021,GGG,TX,ASW,CE,Combined TRACON& Tower with Radar,0,17,15,12,44,0,8,1,0,9,0,25,16,12,53,64,0,64,117
01/22/2021,GGG,TX,ASW,CE,Combined TRACON& Tower with Radar,0,17,18,0,35,0,0,0,0,0,0,17,18,0,35,0,0,0,35
01/23/2021,GGG,TX,ASW,CE,Combined TRACON& Tower with Radar,0,4,9,0,13,0,0,0,0,0,0,4,9,0,13,0,0,0,13
01/24/2021,GGG,TX,ASW,CE,Combined TRACON& Tower with Radar,0,6,10,0,16,0,0,0,0,0,0,6,10,0,16,0,0,0,16
01/25/2021,GGG,TX,ASW,CE,Combined TRACON& Tower with Radar,0,10,16,0,26,0,29,15,0,44,0,39,31,0,70,70,0,70,140
01/26/2021,GGG,TX,ASW,CE,Combined TRACON& Tower with Radar,0,15,39,11,65,0,48,39,0,87,0,63,78,11,152,94,16,110,262
01/27/2021,GGG,TX,ASW,CE,Combined TRACON& Tower with Radar,0,8,18,6,32,2,70,15,1,88,2,78,33,7,120,158,0,158,278
01/28/2021,GGG,TX,ASW,CE,Combined TRACON& Tower with Radar,0,7,25,1,33,0,59,36,1,96,0,66,61,2,129,114,2,116,245
01/29/2021,GGG,TX,ASW,CE,Combined TRACON& Tower with Radar,0,9,22,17,48,0,54,44,0,98,0,63,66,17,146,174,6,180,326
01/30/2021,GGG,TX,ASW,CE,Combined TRACON& Tower with Radar,0,2,17,14,33,0,2,0,0,2,0,4,17,14,35,38,0,38,73
01/31/2021,GGG,TX,ASW,CE,Combined TRACON& Tower with Radar,0,8,25,0,33,0,5,12,0,17,0,13,37,0,50,28,0,28,78
02/01/2021,GGG,TX,ASW,CE,Combined TRACON& Tower with Radar,0,9,14,21,44,0,47,22,0,69,0,56,36,21,113,146,14,160,273
02/02/2021,GGG,TX,ASW,CE,Combined TRACON& Tower with Radar,0,6,17,12,35,0,71,24,0,95,0,77,41,12,130,156,8,164,294
02/03/2021,GGG,TX,ASW,CE,Combined TRACON& Tower with Radar,0,7,19,9,35,0,65,24,2,91,0,72,43,11,126,134,0,134,260
02/04/2021,GGG,TX,ASW,CE,Combined TRACON& Tower with Radar,0,9,32,0,41,0,12,11,0,23,0,21,43,0,64,0,0,0,64
02/05/2021,GGG,TX,ASW,CE,Combined TRACON& Tower with Radar,0,13,12,36,61,0,70,45,5,120,0,83,57,41,181,146,16,162,343
02/06/2021,GGG,TX,ASW,CE,Combined TRACON& Tower with Radar,0,8,25,25,58,0,5,0,0,5,0,13,25,25,63,102,0,102,165
02/07/2021,GGG,TX,ASW,CE,Combined TRACON& Tower with Radar,0,8,12,3,23,0,16,14,2,32,0,24,26,5,55,44,0,44,99
02/08/2021,GGG,TX,ASW,CE,Combined TRACON& Tower with Radar,0,11,20,21,52,0,34,5,2,41,0,45,25,23,93,110,6,116,209
02/09/2021,GGG,TX,ASW,CE,Combined TRACON& Tower with Radar,0,11,20,2,33,0,0,0,0,0,0,11,20,2,33,0,0,0,33
02/10/2021,GGG,TX,ASW,CE,Combined TRACON& Tower with Radar,0,6,11,0,17,0,0,0,0,0,0,6,11,0,17,0,0,0,17
02/11/2021,GGG,TX,ASW,CE,Combined TRACON& Tower with Radar,0,4,13,0,17,0,0,0,0,0,0,4,13,0,17,0,0,0,17
02/12/2021,GGG,TX,ASW,CE,Combined TRACON& Tower with Radar,0,5,15,0,20,0,0,0,0,0,0,5,15,0,20,0,0,0,20
02/13/2021,GGG,TX,ASW,CE,Combined TRACON& Tower with Radar,0,6,9,0,15,0,2,3,0,5,0,8,12,0,20,176,0,176,196
02/14/2021,GGG,TX,ASW,CE,Combined TRACON& Tower with Radar,0,0,6,0,6,0,0,0,0,0,0,0,6,0,6,0,0,0,6
02/15/2021,GGG,TX,ASW,CE,Combined TRACON& Tower with Radar,0,0,0,0,0,0,0,0,0,0,0,0,0,0,0,0,0,0,0
02/16/2021,GGG,TX,ASW,CE,Combined TRACON& Tower with Radar,0,0,4,0,4,0,3,1,0,4,0,3,5,0,8,0,0,0,8
02/17/2021,GGG,TX,ASW,CE,Combined TRACON& Tower with Radar,0,0,0,0,0,0,0,0,0,0,0,0,0,0,0,0,0,0,0
02/18/2021,GGG,TX,ASW,CE,Combined TRACON& Tower with Radar,0,0,0,0,0,0,1,0,0,1,0,1,0,0,1,0,0,0,1
02/19/2021,GGG,TX,ASW,CE,Combined TRACON& Tower with Radar,0,2,4,0,6,0,4,4,0,8,0,6,8,0,14,6,0,6,20
02/20/2021,GGG,TX,ASW,CE,Combined TRACON& Tower with Radar,0,1,9,0,10,0,5,9,0,14,0,6,18,0,24,0,0,0,24
02/21/2021,GGG,TX,ASW,CE,Combined TRACON& Tower with Radar,0,4,15,0,19,0,2,6,0,8,0,6,21,0,27,0,0,0,27
02/22/2021,GGG,TX,ASW,CE,Combined TRACON& Tower with Radar,0,6,15,1,22,0,63,32,0,95,0,69,47,1,117,74,0,74,191
02/23/2021,GGG,TX,ASW,CE,Combined TRACON& Tower with Radar,0,12,30,0,42,0,75,32,0,107,0,87,62,0,149,74,0,74,223
02/24/2021,GGG,TX,ASW,CE,Combined TRACON& Tower with Radar,0,14,22,6,42,0,32,18,0,50,0,46,40,6,92,130,0,130,222
02/25/2021,GGG,TX,ASW,CE,Combined TRACON& Tower with Radar,0,19,22,0,41,0,64,7,0,71,0,83,29,0,112,180,0,180,292
02/26/2021,GGG,TX,ASW,CE,Combined TRACON& Tower with Radar,0,3,20,0,23,0,0,0,0,0,0,3,20,0,23,0,0,0,23
02/27/2021,GGG,TX,ASW,CE,Combined TRACON& Tower with Radar,0,5,14,0,19,0,8,1,0,9,0,13,15,0,28,10,0,10,38
02/28/2021,GGG,TX,ASW,CE,Combined TRACON& Tower with Radar,0,4,14,0,18,0,8,0,0,8,0,12,14,0,26,0,0,0,26
03/01/2021,GGG,TX,ASW,CE,Combined TRACON& Tower with Radar,0,8,16,0,24,0,0,0,0,0,0,8,16,0,24,0,0,0,24
03/02/2021,GGG,TX,ASW,CE,Combined TRACON& Tower with Radar,0,7,25,0,32,0,80,36,0,116,0,87,61,0,148,168,0,168,316
03/03/2021,GGG,TX,ASW,CE,Combined TRACON& Tower with Radar,0,9,26,7,42,0,90,51,0,141,0,99,77,7,183,230,4,234,417
03/04/2021,GGG,TX,ASW,CE,Combined TRACON& Tower with Radar,0,12,43,20,75,0,92,31,0,123,0,104,74,20,198,273,0,273,471
03/05/2021,GGG,TX,ASW,CE,Combined TRACON& Tower with Radar,0,11,23,21,55,0,20,5,0,25,0,31,28,21,80,184,12,196,276
03/06/2021,GGG,TX,ASW,CE,Combined TRACON& Tower with Radar,2,7,29,38,76,0,59,50,2,111,2,66,79,40,187,72,10,82,269
03/07/2021,GGG,TX,ASW,CE,Combined TRACON& Tower with Radar,0,7,30,1,38,0,26,30,0,56,0,33,60,1,94,68,0,68,162
03/08/2021,GGG,TX,ASW,CE,Combined TRACON& Tower with Radar,0,9,28,17,54,0,62,34,1,97,0,71,62,18,151,282,0,282,433
03/09/2021,GGG,TX,ASW,CE,Combined TRACON& Tower with Radar,0,5,25,19,49,0,61,13,2,76,0,66,38,21,125,220,2,222,347
03/10/2021,GGG,TX,ASW,CE,Combined TRACON& Tower with Radar,0,12,18,0,30,0,21,19,0,40,0,33,37,0,70,132,0,132,202
03/11/2021,GGG,TX,ASW,CE,Combined TRACON& Tower with Radar,2,12,26,13,53,0,57,32,1,90,2,69,58,14,143,178,0,178,321
03/12/2021,GGG,TX,ASW,CE,Combined TRACON& Tower with Radar,0,12,20,57,89,0,38,12,0,50,0,50,32,57,139,180,30,210,349
03/13/2021,GGG,TX,ASW,CE,Combined TRACON& Tower with Radar,0,10,33,4,47,0,28,21,4,53,0,38,54,8,100,120,0,120,220
03/14/2021,GGG,TX,ASW,CE,Combined TRACON& Tower with Radar,0,8,25,1,34,0,0,1,0,1,0,8,26,1,35,0,0,0,35
03/15/2021,GGG,TX,ASW,CE,Combined TRACON& Tower with Radar,2,11,21,0,34,0,36,31,0,67,2,47,52,0,101,152,0,152,253
03/16/2021,GGG,TX,ASW,CE,Combined TRACON& Tower with Radar,0,7,29,44,80,0,41,12,0,53,0,48,41,44,133,162,0,162,295
03/17/2021,GGG,TX,ASW,CE,Combined TRACON& Tower with Radar,2,5,14,4,25,0,16,5,1,22,2,21,19,5,47,34,0,34,81
03/18/2021,GGG,TX,ASW,CE,Combined TRACON& Tower with Radar,0,9,33,44,86,0,36,29,1,66,0,45,62,45,152,88,10,98,250
03/19/2021,GGG,TX,ASW,CE,Combined TRACON& Tower with Radar,0,18,38,10,66,0,56,35,3,94,0,74,73,13,160,220,0,220,380
03/20/2021,GGG,TX,ASW,CE,Combined TRACON& Tower with Radar,0,7,28,29,64,0,56,43,7,106,0,63,71,36,170,132,16,148,318
03/21/2021,GGG,TX,ASW,CE,Combined TRACON& Tower with Radar,0,10,26,2,38,0,5,26,0,31,0,15,52,2,69,12,0,12,81
03/22/2021,GGG,TX,ASW,CE,Combined TRACON& Tower with Radar,2,11,20,4,37,0,39,13,0,52,2,50,33,4,89,140,0,140,229
03/23/2021,GGG,TX,ASW,CE,Combined TRACON& Tower with Radar,0,11,18,32,61,0,53,22,4,79,0,64,40,36,140,164,6,170,310
03/24/2021,GGG,TX,ASW,CE,Combined TRACON& Tower with Radar,0,7,15,6,28,0,45,14,0,59,0,52,29,6,87,146,4,150,237
03/25/2021,GGG,TX,ASW,CE,Combined TRACON& Tower with Radar,1,13,22,10,46,0,24,14,0,38,1,37,36,10,84,42,10,52,136
03/26/2021,GGG,TX,ASW,CE,Combined TRACON& Tower with Radar,0,10,31,45,86,0,80,35,3,118,0,90,66,48,204,230,16,246,450
03/27/2021,GGG,TX,ASW,CE,Combined TRACON& Tower with Radar,0,12,19,0,31,0,1,1,0,2,0,13,20,0,33,64,0,64,97
03/28/2021,GGG,TX,ASW,CE,Combined TRACON& Tower with Radar,0,6,28,0,34,0,15,19,0,34,0,21,47,0,68,32,0,32,100
03/29/2021,GGG,TX,ASW,CE,Combined TRACON& Tower with Radar,0,15,36,14,65,0,51,42,4,97,0,66,78,18,162,166,40,206,368
03/30/2021,GGG,TX,ASW,CE,Combined TRACON& Tower with Radar,0,12,31,4,47,0,20,10,0,30,0,32,41,4,77,96,2,98,175
03/31/2021,GGG,TX,ASW,CE,Combined TRACON& Tower with Radar,0,7,21,10,38,0,14,10,0,24,0,21,31,10,62,170,0,170,232
04/01/2021,GGG,TX,ASW,CE,Combined TRACON& Tower with Radar,0,10,32,1,43,0,77,44,1,122,0,87,76,2,165,110,6,116,281
04/02/2021,GGG,TX,ASW,CE,Combined TRACON& Tower with Radar,0,6,17,71,94,0,1,42,2,45,0,7,59,73,139,54,20,74,213
04/03/2021,GGG,TX,ASW,CE,Combined TRACON& Tower with Radar,0,8,9,0,17,0,35,24,0,59,0,43,33,0,76,64,0,64,140
04/04/2021,GGG,TX,ASW,CE,Combined TRACON& Tower with Radar,0,4,18,0,22,0,4,16,0,20,0,8,34,0,42,0,0,0,42
04/05/2021,GGG,TX,ASW,CE,Combined TRACON& Tower with Radar,0,13,38,4,55,0,42,10,0,52,0,55,48,4,107,188,8,196,303
04/06/2021,GGG,TX,ASW,CE,Combined TRACON& Tower with Radar,0,19,47,22,88,0,22,10,0,32,0,41,57,22,120,256,0,256,376
04/07/2021,GGG,TX,ASW,CE,Combined TRACON& Tower with Radar,0,7,26,0,33,0,6,5,0,11,0,13,31,0,44,38,0,38,82
04/08/2021,GGG,TX,ASW,CE,Combined TRACON& Tower with Radar,0,17,36,17,70,0,71,56,1,128,0,88,92,18,198,178,20,198,396
04/09/2021,GGG,TX,ASW,CE,Combined TRACON& Tower with Radar,0,10,21,4,35,0,0,4,0,4,0,10,25,4,39,112,0,112,151
04/10/2021,GGG,TX,ASW,CE,Combined TRACON& Tower with Radar,0,10,10,9,29,0,48,15,1,64,0,58,25,10,93,68,6,74,167
04/11/2021,GGG,TX,ASW,CE,Combined TRACON& Tower with Radar,0,8,25,38,71,0,15,39,1,55,0,23,64,39,126,104,2,106,232
04/12/2021,GGG,TX,ASW,CE,Combined TRACON& Tower with Radar,0,12,29,47,88,0,50,26,0,76,0,62,55,47,164,196,2,198,362
04/13/2021,GGG,TX,ASW,CE,Combined TRACON& Tower with Radar,0,11,29,6,46,0,74,20,1,95,0,85,49,7,141,250,0,250,391
04/14/2021,GGG,TX,ASW,CE,Combined TRACON& Tower with Radar,0,13,23,2,38,0,0,0,0,0,0,13,23,2,38,0,0,0,38
04/15/2021,GGG,TX,ASW,CE,Combined TRACON& Tower with Radar,0,23,31,4,58,0,36,22,2,60,0,59,53,6,118,196,0,196,314
04/16/2021,GGG,TX,ASW,CE,Combined TRACON& Tower with Radar,0,6,20,0,26,0,0,0,0,0,0,6,20,0,26,0,0,0,26
04/17/2021,GGG,TX,ASW,CE,Combined TRACON& Tower with Radar,0,8,19,2,29,0,8,12,0,20,0,16,31,2,49,106,0,106,155
04/18/2021,GGG,TX,ASW,CE,Combined TRACON& Tower with Radar,0,8,33,18,59,0,20,38,5,63,0,28,71,23,122,50,0,50,172
04/19/2021,GGG,TX,ASW,CE,Combined TRACON& Tower with Radar,0,21,20,55,96,0,80,35,0,115,0,101,55,55,211,308,18,326,537
04/20/2021,GGG,TX,ASW,CE,Combined TRACON& Tower with Radar,0,19,23,43,85,0,63,46,2,111,0,82,69,45,196,232,12,244,440
04/21/2021,GGG,TX,ASW,CE,Combined TRACON& Tower with Radar,0,13,38,15,66,0,64,36,6,106,0,77,74,21,172,126,26,152,324
04/22/2021,GGG,TX,ASW,CE,Combined TRACON& Tower with Radar,0,21,34,34,89,0,67,36,4,107,0,88,70,38,196,218,0,218,414
04/23/2021,GGG,TX,ASW,CE,Combined TRACON& Tower with Radar,0,14,21,0,35,0,0,1,0,1,0,14,22,0,36,48,0,48,84
04/24/2021,GGG,TX,ASW,CE,Combined TRACON& Tower with Radar,0,9,17,0,26,0,32,11,1,44,0,41,28,1,70,102,0,102,172
04/25/2021,GGG,TX,ASW,CE,Combined TRACON& Tower with Radar,0,9,25,0,34,0,17,29,0,46,0,26,54,0,80,30,0,30,110
04/26/2021,GGG,TX,ASW,CE,Combined TRACON& Tower with Radar,0,12,34,0,46,0,57,25,4,86,0,69,59,4,132,178,0,178,310
04/27/2021,GGG,TX,ASW,CE,Combined TRACON& Tower with Radar,0,22,21,4,47,0,22,3,0,25,0,44,24,4,72,258,0,258,330
04/28/2021,GGG,TX,ASW,CE,Combined TRACON& Tower with Radar,0,18,15,0,33,0,22,12,0,34,0,40,27,0,67,74,0,74,141
04/29/2021,GGG,TX,ASW,CE,Combined TRACON& Tower with Radar,0,12,25,0,37,0,14,7,2,23,0,26,32,2,60,174,0,174,234
04/30/2021,GGG,TX,ASW,CE,Combined TRACON& Tower with Radar,0,6,14,4,24,0,0,0,0,0,0,6,14,4,24,0,0,0,24
05/01/2021,GGG,TX,ASW,CE,Combined TRACON& Tower with Radar,0,4,18,0,22,0,8,11,0,19,0,12,29,0,41,166,0,166,207
05/02/2021,GGG,TX,ASW,CE,Combined TRACON& Tower with Radar,2,7,23,0,32,0,2,15,0,17,2,9,38,0,49,24,0,24,73
05/03/2021,GGG,TX,ASW,CE,Combined TRACON& Tower with Radar,0,12,19,8,39,0,19,14,0,33,0,31,33,8,72,152,0,152,224
05/04/2021,GGG,TX,ASW,CE,Combined TRACON& Tower with Radar,0,8,16,6,30,0,21,4,0,25,0,29,20,6,55,78,0,78,133
05/05/2021,GGG,TX,ASW,CE,Combined TRACON& Tower with Radar,2,13,33,22,70,0,59,45,11,115,2,72,78,33,185,206,12,218,403
05/06/2021,GGG,TX,ASW,CE,Combined TRACON& Tower with Radar,0,7,26,18,51,0,42,60,9,111,0,49,86,27,162,230,2,232,394
05/07/2021,GGG,TX,ASW,CE,Combined TRACON& Tower with Radar,0,14,28,32,74,0,56,39,1,96,0,70,67,33,170,242,2,244,414
05/08/2021,GGG,TX,ASW,CE,Combined TRACON& Tower with Radar,0,7,10,29,46,0,15,7,4,26,0,22,17,33,72,64,0,64,136
05/09/2021,GGG,TX,ASW,CE,Combined TRACON& Tower with Radar,0,5,12,0,17,0,0,4,1,5,0,5,16,1,22,0,0,0,22
05/10/2021,GGG,TX,ASW,CE,Combined TRACON& Tower with Radar,0,22,22,0,44,0,0,0,0,0,0,22,22,0,44,0,0,0,44
05/11/2021,GGG,TX,ASW,CE,Combined TRACON& Tower with Radar,0,7,14,2,23,0,0,0,0,0,0,7,14,2,23,0,0,0,23
05/12/2021,GGG,TX,ASW,CE,Combined TRACON& Tower with Radar,0,18,54,2,74,0,0,0,0,0,0,18,54,2,74,0,0,0,74
05/13/2021,GGG,TX,ASW,CE,Combined TRACON& Tower with Radar,0,16,33,13,62,0,62,48,11,121,0,78,81,24,183,316,4,320,503
05/14/2021,GGG,TX,ASW,CE,Combined TRACON& Tower with Radar,0,12,35,8,55,0,54,50,0,104,0,66,85,8,159,214,4,218,377
05/15/2021,GGG,TX,ASW,CE,Combined TRACON& Tower with Radar,0,5,20,17,42,0,28,21,3,52,0,33,41,20,94,134,4,138,232
05/16/2021,GGG,TX,ASW,CE,Combined TRACON& Tower with Radar,0,8,22,32,62,0,4,7,0,11,0,12,29,32,73,0,6,6,79
05/17/2021,GGG,TX,ASW,CE,Combined TRACON& Tower with Radar,0,16,21,0,37,0,5,2,0,7,0,21,23,0,44,72,0,72,116
05/18/2021,GGG,TX,ASW,CE,Combined TRACON& Tower with Radar,2,10,15,4,31,0,15,7,0,22,2,25,22,4,53,196,1,197,250
05/19/2021,GGG,TX,ASW,CE,Combined TRACON& Tower with Radar,0,16,15,0,31,0,34,8,0,42,0,50,23,0,73,140,0,140,213
05/20/2021,GGG,TX,ASW,CE,Combined TRACON& Tower with Radar,0,8,25,2,35,0,0,2,1,3,0,8,27,3,38,36,0,36,74
05/21/2021,GGG,TX,ASW,CE,Combined TRACON& Tower with Radar,0,7,39,8,54,0,0,0,0,0,0,7,39,8,54,0,0,0,54
05/22/2021,GGG,TX,ASW,CE,Combined TRACON& Tower with Radar,0,17,36,2,55,0,4,2,1,7,0,21,38,3,62,99,0,99,161
05/23/2021,GGG,TX,ASW,CE,Combined TRACON& Tower with Radar,0,5,34,35,74,0,6,17,5,28,0,11,51,40,102,76,8,84,186
05/24/2021,GGG,TX,ASW,CE,Combined TRACON& Tower with Radar,2,9,19,0,30,0,48,17,0,65,2,57,36,0,95,290,0,290,385
05/25/2021,GGG,TX,ASW,CE,Combined TRACON& Tower with Radar,0,7,22,4,33,0,21,12,0,33,0,28,34,4,66,88,8,96,162
05/26/2021,GGG,TX,ASW,CE,Combined TRACON& Tower with Radar,0,22,39,11,72,0,31,12,0,43,0,53,51,11,115,210,14,224,339
05/27/2021,GGG,TX,ASW,CE,Combined TRACON& Tower with Radar,0,10,37,9,56,0,45,28,2,75,0,55,65,11,131,166,0,166,297
05/28/2021,GGG,TX,ASW,CE,Combined TRACON& Tower with Radar,0,5,29,0,34,0,1,19,0,20,0,6,48,0,54,24,0,24,78
05/29/2021,GGG,TX,ASW,CE,Combined TRACON& Tower with Radar,0,5,20,0,25,0,2,5,0,7,0,7,25,0,32,4,0,4,36
05/30/2021,GGG,TX,ASW,CE,Combined TRACON& Tower with Radar,0,5,19,0,24,0,3,19,0,22,0,8,38,0,46,0,0,0,46
05/31/2021,GGG,TX,ASW,CE,Combined TRACON& Tower with Radar,2,3,17,0,22,0,5,18,0,23,2,8,35,0,45,36,0,36,81
06/01/2021,GGG,TX,ASW,CE,Combined TRACON& Tower with Radar,0,16,18,0,34,0,11,6,2,19,0,27,24,2,53,120,0,120,173
06/02/2021,GGG,TX,ASW,CE,Combined TRACON& Tower with Radar,0,14,41,6,61,0,41,23,0,64,0,55,64,6,125,60,0,60,185
06/03/2021,GGG,TX,ASW,CE,Combined TRACON& Tower with Radar,0,8,28,1,37,0,62,20,1,83,0,70,48,2,120,142,0,142,262
06/04/2021,GGG,TX,ASW,CE,Combined TRACON& Tower with Radar,0,10,29,0,39,0,33,8,0,41,0,43,37,0,80,86,0,86,166
06/05/2021,GGG,TX,ASW,CE,Combined TRACON& Tower with Radar,0,9,19,0,28,0,8,10,0,18,0,17,29,0,46,44,0,44,90
06/06/2021,GGG,TX,ASW,CE,Combined TRACON& Tower with Radar,0,7,15,0,22,0,5,8,0,13,0,12,23,0,35,0,0,0,35
06/07/2021,GGG,TX,ASW,CE,Combined TRACON& Tower with Radar,2,10,6,0,18,0,5,4,0,9,2,15,10,0,27,34,0,34,61
06/08/2021,GGG,TX,ASW,CE,Combined TRACON& Tower with Radar,0,3,21,1,25,0,36,8,3,47,0,39,29,4,72,48,0,48,120
06/09/2021,GGG,TX,ASW,CE,Combined TRACON& Tower with Radar,0,8,22,4,34,0,42,18,0,60,0,50,40,4,94,142,0,142,236
06/10/2021,GGG,TX,ASW,CE,Combined TRACON& Tower with Radar,2,17,38,4,61,0,46,34,2,82,2,63,72,6,143,74,0,74,217
06/11/2021,GGG,TX,ASW,CE,Combined TRACON& Tower with Radar,0,13,28,14,55,0,47,24,0,71,0,60,52,14,126,86,2,88,214
06/12/2021,GGG,TX,ASW,CE,Combined TRACON& Tower with Radar,0,7,10,6,23,0,36,15,1,52,0,43,25,7,75,48,0,48,123
06/13/2021,GGG,TX,ASW,CE,Combined TRACON& Tower with Radar,0,8,16,0,24,0,10,19,0,29,0,18,35,0,53,0,0,0,53
06/14/2021,GGG,TX,ASW,CE,Combined TRACON& Tower with Radar,0,10,25,0,35,0,61,18,0,79,0,71,43,0,114,122,0,122,236
06/15/2021,GGG,TX,ASW,CE,Combined TRACON& Tower with Radar,0,3,19,5,27,0,73,35,2,110,0,76,54,7,137,132,8,140,277
06/16/2021,GGG,TX,ASW,CE,Combined TRACON& Tower with Radar,0,7,18,22,47,0,42,24,5,71,0,49,42,27,118,244,4,248,366
06/17/2021,GGG,TX,ASW,CE,Combined TRACON& Tower with Radar,0,6,33,16,55,0,51,29,1,81,0,57,62,17,136,142,26,168,304
06/18/2021,GGG,TX,ASW,CE,Combined TRACON& Tower with Radar,0,6,41,7,54,0,52,28,1,81,0,58,69,8,135,100,0,100,235
06/19/2021,GGG,TX,ASW,CE,Combined TRACON& Tower with Radar,0,7,11,2,20,0,20,24,2,46,0,27,35,4,66,32,4,36,102
06/20/2021,GGG,TX,ASW,CE,Combined TRACON& Tower with Radar,0,9,24,5,38,0,10,18,0,28,0,19,42,5,66,16,0,16,82
06/21/2021,GGG,TX,ASW,CE,Combined TRACON& Tower with Radar,0,4,21,24,49,0,5,7,0,12,0,9,28,24,61,42,0,42,103
06/22/2021,GGG,TX,ASW,CE,Combined TRACON& Tower with Radar,0,7,31,7,45,0,55,28,1,84,0,62,59,8,129,192,0,192,321
06/23/2021,GGG,TX,ASW,CE,Combined TRACON& Tower with Radar,0,5,32,17,54,0,48,28,1,77,0,53,60,18,131,138,4,142,273
06/24/2021,GGG,TX,ASW,CE,Combined TRACON& Tower with Radar,0,15,21,13,49,0,32,18,0,50,0,47,39,13,99,162,0,162,261
06/25/2021,GGG,TX,ASW,CE,Combined TRACON& Tower with Radar,0,11,27,83,121,0,31,15,3,49,0,42,42,86,170,98,14,112,282
06/26/2021,GGG,TX,ASW,CE,Combined TRACON& Tower with Radar,0,8,22,58,88,0,11,7,14,32,0,19,29,72,120,56,34,90,210
06/27/2021,GGG,TX,ASW,CE,Combined TRACON& Tower with Radar,2,7,28,7,44,0,2,6,0,8,2,9,34,7,52,18,6,24,76
06/28/2021,GGG,TX,ASW,CE,Combined TRACON& Tower with Radar,0,4,17,1,22,0,4,0,0,4,0,8,17,1,26,20,0,20,46
06/29/2021,GGG,TX,ASW,CE,Combined TRACON& Tower with Radar,0,8,28,23,59,0,32,14,4,50,0,40,42,27,109,100,6,106,215
06/30/2021,GGG,TX,ASW,CE,Combined TRACON& Tower with Radar,0,11,29,38,78,0,37,21,0,58,0,48,50,38,136,194,0,194,330
07/01/2021,GGG,TX,ASW,CE,Combined TRACON& Tower with Radar,1,9,24,25,59,0,37,17,1,55,1,46,41,26,114,68,6,74,188
07/02/2021,GGG,TX,ASW,CE,Combined TRACON& Tower with Radar,2,6,30,0,38,0,2,5,0,7,2,8,35,0,45,6,0,6,51
07/03/2021,GGG,TX,ASW,CE,Combined TRACON& Tower with Radar,0,6,28,0,34,0,17,28,0,45,0,23,56,0,79,38,0,38,117
07/04/2021,GGG,TX,ASW,CE,Combined TRACON& Tower with Radar,0,6,4,0,10,0,6,21,0,27,0,12,25,0,37,10,0,10,47
07/05/2021,GGG,TX,ASW,CE,Combined TRACON& Tower with Radar,0,10,19,0,29,0,3,8,0,11,0,13,27,0,40,48,0,48,88
07/06/2021,GGG,TX,ASW,CE,Combined TRACON& Tower with Radar,2,4,34,2,42,0,56,29,0,85,2,60,63,2,127,142,0,142,269
07/07/2021,GGG,TX,ASW,CE,Combined TRACON& Tower with Radar,0,19,19,0,38,0,20,16,0,36,0,39,35,0,74,184,0,184,258
07/08/2021,GGG,TX,ASW,CE,Combined TRACON& Tower with Radar,0,8,25,14,47,0,57,23,2,82,0,65,48,16,129,214,14,228,357
07/09/2021,GGG,TX,ASW,CE,Combined TRACON& Tower with Radar,0,10,35,0,45,0,26,10,2,38,0,36,45,2,83,141,0,141,224
07/10/2021,GGG,TX,ASW,CE,Combined TRACON& Tower with Radar,0,8,22,42,72,0,12,13,0,25,0,20,35,42,97,82,34,116,213
07/11/2021,GGG,TX,ASW,CE,Combined TRACON& Tower with Radar,0,8,17,4,29,0,11,8,0,19,0,19,25,4,48,10,2,12,60
07/12/2021,GGG,TX,ASW,CE,Combined TRACON& Tower with Radar,0,6,27,19,52,0,48,15,0,63,0,54,42,19,115,161,8,169,284
07/13/2021,GGG,TX,ASW,CE,Combined TRACON& Tower with Radar,0,9,26,7,42,0,58,23,4,85,0,67,49,11,127,248,14,262,389
07/14/2021,GGG,TX,ASW,CE,Combined TRACON& Tower with Radar,0,8,36,30,74,1,54,34,3,92,1,62,70,33,166,118,4,122,288
07/15/2021,GGG,TX,ASW,CE,Combined TRACON& Tower with Radar,0,16,21,6,43,0,14,9,0,23,0,30,30,6,66,96,0,96,162
07/16/2021,GGG,TX,ASW,CE,Combined TRACON& Tower with Radar,0,16,32,2,50,0,35,15,0,50,0,51,47,2,100,112,0,112,212
07/17/2021,GGG,TX,ASW,CE,Combined TRACON& Tower with Radar,0,9,29,0,38,0,14,17,0,31,0,23,46,0,69,2,0,2,71
07/18/2021,GGG,TX,ASW,CE,Combined TRACON& Tower with Radar,0,5,27,15,47,0,6,11,3,20,0,11,38,18,67,40,8,48,115
07/19/2021,GGG,TX,ASW,CE,Combined TRACON& Tower with Radar,0,3,14,0,17,0,3,6,0,9,0,6,20,0,26,0,0,0,26
07/20/2021,GGG,TX,ASW,CE,Combined TRACON& Tower with Radar,0,12,20,10,42,0,21,11,0,32,0,33,31,10,74,100,8,108,182
07/21/2021,GGG,TX,ASW,CE,Combined TRACON& Tower with Radar,0,8,17,11,36,0,43,17,0,60,0,51,34,11,96,222,1,223,319
07/22/2021,GGG,TX,ASW,CE,Combined TRACON& Tower with Radar,0,10,31,15,56,0,36,17,0,53,0,46,48,15,109,254,2,256,365
07/23/2021,GGG,TX,ASW,CE,Combined TRACON& Tower with Radar,0,7,33,15,55,0,26,23,1,50,0,33,56,16,105,178,0,178,283
07/24/2021,GGG,TX,ASW,CE,Combined TRACON& Tower with Radar,0,7,16,6,29,0,8,18,0,26,0,15,34,6,55,62,0,62,117
07/25/2021,GGG,TX,ASW,CE,Combined TRACON& Tower with Radar,0,7,24,24,55,0,1,19,1,21,0,8,43,25,76,4,6,10,86
07/26/2021,GGG,TX,ASW,CE,Combined TRACON& Tower with Radar,0,8,23,21,52,0,10,24,1,35,0,18,47,22,87,96,6,102,189
07/27/2021,GGG,TX,ASW,CE,Combined TRACON& Tower with Radar,0,7,30,0,37,0,23,32,0,55,0,30,62,0,92,220,0,220,312
07/28/2021,GGG,TX,ASW,CE,Combined TRACON& Tower with Radar,0,7,27,9,43,1,17,20,2,40,1,24,47,11,83,78,0,78,161
07/29/2021,GGG,TX,ASW,CE,Combined TRACON& Tower with Radar,0,11,19,11,41,0,25,31,0,56,0,36,50,11,97,62,0,62,159
07/30/2021,GGG,TX,ASW,CE,Combined TRACON& Tower with Radar,0,9,22,41,72,0,19,32,1,52,0,28,54,42,124,118,6,124,248
07/31/2021,GGG,TX,ASW,CE,Combined TRACON& Tower with Radar,0,6,21,0,27,0,25,28,4,57,0,31,49,4,84,104,8,112,196
08/01/2021,GGG,TX,ASW,CE,Combined TRACON& Tower with Radar,3,3,15,0,21,1,10,12,0,23,4,13,27,0,44,22,0,22,66
08/02/2021,GGG,TX,ASW,CE,Combined TRACON& Tower with Radar,0,9,18,0,27,0,1,1,0,2,0,10,19,0,29,0,0,0,29
08/03/2021,GGG,TX,ASW,CE,Combined TRACON& Tower with Radar,0,11,32,7,50,0,22,26,2,50,0,33,58,9,100,252,4,256,356
08/04/2021,GGG,TX,ASW,CE,Combined TRACON& Tower with Radar,0,11,25,22,58,0,33,29,0,62,0,44,54,22,120,154,4,158,278
08/05/2021,GGG,TX,ASW,CE,Combined TRACON& Tower with Radar,0,10,36,39,85,0,22,37,0,59,0,32,73,39,144,134,0,134,278
08/06/2021,GGG,TX,ASW,CE,Combined TRACON& Tower with Radar,0,9,27,28,64,0,22,27,2,51,0,31,54,30,115,152,4,156,271
08/07/2021,GGG,TX,ASW,CE,Combined TRACON& Tower with Radar,0,12,16,15,43,0,12,22,2,36,0,24,38,17,79,49,4,53,132
08/08/2021,GGG,TX,ASW,CE,Combined TRACON& Tower with Radar,0,3,32,10,45,0,5,9,1,15,0,8,41,11,60,32,0,32,92
08/09/2021,GGG,TX,ASW,CE,Combined TRACON& Tower with Radar,0,9,20,34,63,0,14,26,1,41,0,23,46,35,104,86,6,92,196
08/10/2021,GGG,TX,ASW,CE,Combined TRACON& Tower with Radar,0,8,29,23,60,0,18,23,0,41,0,26,52,23,101,44,0,44,145
08/11/2021,GGG,TX,ASW,CE,Combined TRACON& Tower with Radar,0,9,27,29,65,0,21,23,1,45,0,30,50,30,110,90,10,100,210
08/12/2021,GGG,TX,ASW,CE,Combined TRACON& Tower with Radar,0,8,21,38,67,0,23,38,0,61,0,31,59,38,128,158,0,158,286
08/13/2021,GGG,TX,ASW,CE,Combined TRACON& Tower with Radar,0,14,33,24,71,0,12,45,2,59,0,26,78,26,130,158,12,170,300
08/14/2021,GGG,TX,ASW,CE,Combined TRACON& Tower with Radar,0,8,21,2,31,0,8,25,0,33,0,16,46,2,64,90,6,96,160
08/15/2021,GGG,TX,ASW,CE,Combined TRACON& Tower with Radar,0,10,22,0,32,0,9,25,0,34,0,19,47,0,66,30,0,30,96
08/16/2021,GGG,TX,ASW,CE,Combined TRACON& Tower with Radar,0,7,18,18,43,0,20,10,1,31,0,27,28,19,74,82,14,96,170
08/17/2021,GGG,TX,ASW,CE,Combined TRACON& Tower with Radar,2,5,29,9,45,0,18,13,1,32,2,23,42,10,77,78,0,78,155
08/18/2021,GGG,TX,ASW,CE,Combined TRACON& Tower with Radar,0,11,15,0,26,0,8,5,1,14,0,19,20,1,40,42,0,42,82
08/19/2021,GGG,TX,ASW,CE,Combined TRACON& Tower with Radar,0,8,19,0,27,0,14,7,1,22,0,22,26,1,49,42,0,42,91
08/20/2021,GGG,TX,ASW,CE,Combined TRACON& Tower with Radar,2,19,23,20,64,0,34,25,2,61,2,53,48,22,125,70,6,76,201
08/21/2021,GGG,TX,ASW,CE,Combined TRACON& Tower with Radar,0,6,14,16,36,0,37,23,0,60,0,43,37,16,96,96,0,96,192
08/22/2021,GGG,TX,ASW,CE,Combined TRACON& Tower with Radar,0,7,16,35,58,0,6,21,4,31,0,13,37,39,89,28,60,88,177
08/23/2021,GGG,TX,ASW,CE,Combined TRACON& Tower with Radar,0,4,16,10,30,0,51,36,3,90,0,55,52,13,120,118,22,140,260
08/24/2021,GGG,TX,ASW,CE,Combined TRACON& Tower with Radar,0,7,28,30,65,1,37,35,2,75,1,44,63,32,140,50,10,60,200
08/25/2021,GGG,TX,ASW,CE,Combined TRACON& Tower with Radar,0,9,24,37,70,0,48,27,1,76,0,57,51,38,146,56,12,68,214
08/26/2021,GGG,TX,ASW,CE,Combined TRACON& Tower with Radar,0,13,21,5,39,0,44,33,11,88,0,57,54,16,127,116,20,136,263
08/27/2021,GGG,TX,ASW,CE,Combined TRACON& Tower with Radar,0,16,30,15,61,0,31,15,0,46,0,47,45,15,107,48,20,68,175
08/28/2021,GGG,TX,ASW,CE,Combined TRACON& Tower with Radar,0,10,14,0,24,0,4,6,1,11,0,14,20,1,35,22,0,22,57
08/29/2021,GGG,TX,ASW,CE,Combined TRACON& Tower with Radar,0,5,26,19,50,0,2,13,2,17,0,7,39,21,67,12,4,16,83
08/30/2021,GGG,TX,ASW,CE,Combined TRACON& Tower with Radar,0,6,20,0,26,0,44,15,1,60,0,50,35,1,86,84,0,84,170
08/31/2021,GGG,TX,ASW,CE,Combined TRACON& Tower with Radar,0,10,21,23,54,0,54,21,2,77,0,64,42,25,131,132,22,154,285
09/01/2021,GGG,TX,ASW,CE,Combined TRACON& Tower with Radar,0,5,24,9,38,0,61,49,0,110,0,66,73,9,148,76,4,80,228
09/02/2021,GGG,TX,ASW,CE,Combined TRACON& Tower with Radar,0,16,22,2,40,0,23,24,0,47,0,39,46,2,87,174,0,174,261
09/03/2021,GGG,TX,ASW,CE,Combined TRACON& Tower with Radar,0,19,26,0,45,0,59,41,0,100,0,78,67,0,145,122,0,122,267
09/04/2021,GGG,TX,ASW,CE,Combined TRACON& Tower with Radar,0,6,12,0,18,0,25,47,0,72,0,31,59,0,90,48,0,48,138
09/05/2021,GGG,TX,ASW,CE,Combined TRACON& Tower with Radar,0,4,10,0,14,0,9,28,0,37,0,13,38,0,51,24,0,24,75
09/06/2021,GGG,TX,ASW,CE,Combined TRACON& Tower with Radar,0,10,18,0,28,0,43,22,0,65,0,53,40,0,93,120,0,120,213
09/07/2021,GGG,TX,ASW,CE,Combined TRACON& Tower with Radar,0,3,20,5,28,0,48,22,0,70,0,51,42,5,98,149,2,151,249
09/08/2021,GGG,TX,ASW,CE,Combined TRACON& Tower with Radar,0,13,23,0,36,0,59,32,0,91,0,72,55,0,127,94,0,94,221
09/09/2021,GGG,TX,ASW,CE,Combined TRACON& Tower with Radar,0,8,26,4,38,0,57,31,0,88,0,65,57,4,126,66,0,66,192
09/10/2021,GGG,TX,ASW,CE,Combined TRACON& Tower with Radar,2,7,38,0,47,0,49,42,2,93,2,56,80,2,140,54,0,54,194
09/11/2021,GGG,TX,ASW,CE,Combined TRACON& Tower with Radar,0,11,28,4,43,0,25,54,0,79,0,36,82,4,122,42,0,42,164
09/12/2021,GGG,TX,ASW,CE,Combined TRACON& Tower with Radar,0,9,31,6,46,0,8,24,4,36,0,17,55,10,82,0,0,0,82
09/13/2021,GGG,TX,ASW,CE,Combined TRACON& Tower with Radar,0,14,16,2,32,0,18,5,0,23,0,32,21,2,55,74,0,74,129
09/14/2021,GGG,TX,ASW,CE,Combined TRACON& Tower with Radar,0,14,14,0,28,0,5,0,0,5,0,19,14,0,33,24,0,24,57
09/15/2021,GGG,TX,ASW,CE,Combined TRACON& Tower with Radar,0,12,15,0,27,0,29,13,0,42,0,41,28,0,69,176,0,176,245
09/16/2021,GGG,TX,ASW,CE,Combined TRACON& Tower with Radar,0,20,19,2,41,0,31,14,0,45,0,51,33,2,86,154,0,154,240
09/17/2021,GGG,TX,ASW,CE,Combined TRACON& Tower with Radar,0,14,31,28,73,0,40,38,2,80,0,54,69,30,153,180,64,244,397
09/18/2021,GGG,TX,ASW,CE,Combined TRACON& Tower with Radar,0,5,16,3,24,0,11,4,1,16,0,16,20,4,40,10,6,16,56
09/19/2021,GGG,TX,ASW,CE,Combined TRACON& Tower with Radar,0,9,23,3,35,0,1,8,0,9,0,10,31,3,44,0,0,0,44
09/20/2021,GGG,TX,ASW,CE,Combined TRACON& Tower with Radar,0,7,13,14,34,0,55,25,2,82,0,62,38,16,116,98,0,98,214
09/21/2021,GGG,TX,ASW,CE,Combined TRACON& Tower with Radar,0,18,18,0,36,0,40,20,0,60,0,58,38,0,96,124,0,124,220
09/22/2021,GGG,TX,ASW,CE,Combined TRACON& Tower with Radar,0,10,22,14,46,0,63,39,1,103,0,73,61,15,149,170,2,172,321
09/23/2021,GGG,TX,ASW,CE,Combined TRACON& Tower with Radar,0,7,32,24,63,0,73,45,0,118,0,80,77,24,181,172,0,172,353
09/24/2021,GGG,TX,ASW,CE,Combined TRACON& Tower with Radar,0,10,32,24,66,0,60,66,1,127,0,70,98,25,193,138,2,140,333
09/25/2021,GGG,TX,ASW,CE,Combined TRACON& Tower with Radar,0,10,22,5,37,0,49,36,6,91,0,59,58,11,128,112,6,118,246
09/26/2021,GGG,TX,ASW,CE,Combined TRACON& Tower with Radar,0,9,22,0,31,0,14,20,0,34,0,23,42,0,65,16,0,16,81
09/27/2021,GGG,TX,ASW,CE,Combined TRACON& Tower with Radar,0,9,24,0,33,0,57,40,0,97,0,66,64,0,130,284,0,284,414
09/28/2021,GGG,TX,ASW,CE,Combined TRACON& Tower with Radar,0,8,29,13,50,0,33,15,0,48,0,41,44,13,98,122,16,138,236
09/29/2021,GGG,TX,ASW,CE,Combined TRACON& Tower with Radar,0,9,31,0,40,0,34,13,2,49,0,43,44,2,89,154,0,154,243
09/30/2021,GGG,TX,ASW,CE,Combined TRACON& Tower with Radar,0,9,31,16,56,0,42,6,0,48,0,51,37,16,104,142,0,142,246
10/01/2021,GGG,TX,ASW,CE,Combined TRACON& Tower with Radar,0,11,31,0,42,0,2,2,0,4,0,13,33,0,46,0,0,0,46
10/02/2021,GGG,TX,ASW,CE,Combined TRACON& Tower with Radar,0,10,17,2,29,0,15,9,0,24,0,25,26,2,53,26,0,26,79
10/03/2021,GGG,TX,ASW,CE,Combined TRACON& Tower with Radar,0,5,29,2,36,0,18,15,0,33,0,23,44,2,69,6,0,6,75
10/04/2021,GGG,TX,ASW,CE,Combined TRACON& Tower with Radar,0,12,27,11,50,0,59,25,1,85,0,71,52,12,135,184,0,184,319
10/05/2021,GGG,TX,ASW,CE,Combined TRACON& Tower with Radar,0,12,23,15,50,0,54,41,1,96,0,66,64,16,146,162,8,170,316
10/06/2021,GGG,TX,ASW,CE,Combined TRACON& Tower with Radar,0,11,21,22,54,0,65,24,3,92,0,76,45,25,146,152,8,160,306
10/07/2021,GGG,TX,ASW,CE,Combined TRACON& Tower with Radar,0,8,24,21,53,0,54,31,4,89,0,62,55,25,142,130,18,148,290
10/08/2021,GGG,TX,ASW,CE,Combined TRACON& Tower with Radar,0,8,22,6,36,0,48,38,2,88,0,56,60,8,124,196,2,198,322
10/09/2021,GGG,TX,ASW,CE,Combined TRACON& Tower with Radar,0,6,22,0,28,0,15,25,0,40,0,21,47,0,68,38,0,38,106
10/10/2021,GGG,TX,ASW,CE,Combined TRACON& Tower with Radar,0,6,27,0,33,1,0,6,0,7,1,6,33,0,40,12,0,12,52
10/11/2021,GGG,TX,ASW,CE,Combined TRACON& Tower with Radar,0,5,22,11,38,0,52,17,7,76,0,57,39,18,114,68,0,68,182
10/12/2021,GGG,TX,ASW,CE,Combined TRACON& Tower with Radar,0,14,21,0,35,0,22,5,0,27,0,36,26,0,62,198,0,198,260
10/13/2021,GGG,TX,ASW,CE,Combined TRACON& Tower with Radar,0,15,25,5,45,0,22,10,1,33,0,37,35,6,78,150,0,150,228
10/14/2021,GGG,TX,ASW,CE,Combined TRACON& Tower with Radar,0,12,36,2,50,0,27,15,0,42,0,39,51,2,92,212,0,212,304
10/15/2021,GGG,TX,ASW,CE,Combined TRACON& Tower with Radar,0,9,30,14,53,0,15,10,2,27,0,24,40,16,80,158,2,160,240
10/16/2021,GGG,TX,ASW,CE,Combined TRACON& Tower with Radar,0,9,27,14,50,0,37,28,2,67,0,46,55,16,117,100,0,100,217
10/17/2021,GGG,TX,ASW,CE,Combined TRACON& Tower with Radar,0,7,27,4,38,0,16,25,0,41,0,23,52,4,79,36,0,36,115
10/18/2021,GGG,TX,ASW,CE,Combined TRACON& Tower with Radar,0,9,21,9,39,0,55,27,0,82,0,64,48,9,121,172,0,172,293
10/19/2021,GGG,TX,ASW,CE,Combined TRACON& Tower with Radar,0,4,18,23,45,0,53,54,3,110,0,57,72,26,155,192,18,210,365
10/20/2021,GGG,TX,ASW,CE,Combined TRACON& Tower with Radar,0,7,34,0,41,0,50,46,0,96,0,57,80,0,137,298,0,298,435
10/21/2021,GGG,TX,ASW,CE,Combined TRACON& Tower with Radar,0,9,28,6,43,0,56,31,0,87,0,65,59,6,130,180,0,180,310
10/22/2021,GGG,TX,ASW,CE,Combined TRACON& Tower with Radar,2,9,15,72,98,0,56,42,5,103,2,65,57,77,201,196,12,208,409
10/23/2021,GGG,TX,ASW,CE,Combined TRACON& Tower with Radar,2,4,16,2,24,0,8,7,0,15,2,12,23,2,39,80,0,80,119
10/24/2021,GGG,TX,ASW,CE,Combined TRACON& Tower with Radar,0,5,25,13,43,0,4,11,0,15,0,9,36,13,58,0,0,0,58
10/25/2021,GGG,TX,ASW,CE,Combined TRACON& Tower with Radar,0,12,36,12,60,0,52,46,0,98,0,64,82,12,158,118,10,128,286
10/26/2021,GGG,TX,ASW,CE,Combined TRACON& Tower with Radar,2,11,29,29,71,0,26,13,0,39,2,37,42,29,110,282,0,282,392
10/27/2021,GGG,TX,ASW,CE,Combined TRACON& Tower with Radar,0,7,27,2,36,0,15,13,0,28,0,22,40,2,64,108,0,108,172
10/28/2021,GGG,TX,ASW,CE,Combined TRACON& Tower with Radar,0,6,19,37,62,0,4,8,0,12,0,10,27,37,74,8,8,16,90
10/29/2021,GGG,TX,ASW,CE,Combined TRACON& Tower with Radar,2,9,36,28,75,0,10,21,0,31,2,19,57,28,106,58,0,58,164
10/30/2021,GGG,TX,ASW,CE,Combined TRACON& Tower with Radar,0,8,23,2,33,0,30,37,2,69,0,38,60,4,102,100,0,100,202
10/31/2021,GGG,TX,ASW,CE,Combined TRACON& Tower with Radar,0,5,18,16,39,0,9,38,6,53,0,14,56,22,92,18,4,22,114
11/01/2021,GGG,TX,ASW,CE,Combined TRACON& Tower with Radar,0,12,13,21,46,0,33,28,2,63,0,45,41,23,109,266,6,272,381
11/02/2021,GGG,TX,ASW,CE,Combined TRACON& Tower with Radar,0,7,24,17,48,0,44,37,1,82,0,51,61,18,130,186,20,206,336
11/03/2021,GGG,TX,ASW,CE,Combined TRACON& Tower with Radar,0,11,20,0,31,0,0,0,0,0,0,11,20,0,31,0,0,0,31
11/04/2021,GGG,TX,ASW,CE,Combined TRACON& Tower with Radar,0,11,43,8,62,0,46,32,4,82,0,57,75,12,144,277,6,283,427
11/05/2021,GGG,TX,ASW,CE,Combined TRACON& Tower with Radar,1,12,35,42,90,0,41,72,4,117,1,53,107,46,207,378,0,378,585
11/06/2021,GGG,TX,ASW,CE,Combined TRACON& Tower with Radar,0,13,12,0,25,0,26,26,0,52,0,39,38,0,77,172,0,172,249
11/07/2021,GGG,TX,ASW,CE,Combined TRACON& Tower with Radar,0,3,31,8,42,0,9,19,2,30,0,12,50,10,72,8,0,8,80
11/08/2021,GGG,TX,ASW,CE,Combined TRACON& Tower with Radar,0,14,22,9,45,0,32,31,3,66,0,46,53,12,111,278,12,290,401
11/09/2021,GGG,TX,ASW,CE,Combined TRACON& Tower with Radar,0,8,21,0,29,0,38,26,0,64,0,46,47,0,93,274,0,274,367
11/10/2021,GGG,TX,ASW,CE,Combined TRACON& Tower with Radar,2,18,47,2,69,0,21,3,0,24,2,39,50,2,93,166,0,166,259
11/11/2021,GGG,TX,ASW,CE,Combined TRACON& Tower with Radar,0,17,28,0,45,0,28,37,0,65,0,45,65,0,110,134,0,134,244
11/12/2021,GGG,TX,ASW,CE,Combined TRACON& Tower with Radar,0,19,30,4,53,0,31,37,2,70,0,50,67,6,123,122,2,124,247
11/13/2021,GGG,TX,ASW,CE,Combined TRACON& Tower with Radar,0,12,13,2,27,0,23,24,0,47,0,35,37,2,74,74,0,74,148
11/14/2021,GGG,TX,ASW,CE,Combined TRACON& Tower with Radar,0,4,21,2,27,0,8,29,0,37,0,12,50,2,64,20,0,20,84
11/15/2021,GGG,TX,ASW,CE,Combined TRACON& Tower with Radar,0,16,36,19,71,0,21,29,0,50,0,37,65,19,121,94,8,102,223
11/16/2021,GGG,TX,ASW,CE,Combined TRACON& Tower with Radar,0,8,31,9,48,0,9,17,1,27,0,17,48,10,75,150,2,152,227
11/17/2021,GGG,TX,ASW,CE,Combined TRACON& Tower with Radar,0,24,21,10,55,0,17,34,0,51,0,41,55,10,106,38,0,38,144
11/18/2021,GGG,TX,ASW,CE,Combined TRACON& Tower with Radar,0,17,38,4,59,0,22,21,0,43,0,39,59,4,102,62,0,62,164
11/19/2021,GGG,TX,ASW,CE,Combined TRACON& Tower with Radar,0,13,30,18,61,0,35,53,0,88,0,48,83,18,149,202,4,206,355
11/20/2021,GGG,TX,ASW,CE,Combined TRACON& Tower with Radar,0,15,34,4,53,0,25,38,0,63,0,40,72,4,116,136,6,142,258
11/21/2021,GGG,TX,ASW,CE,Combined TRACON& Tower with Radar,0,5,26,0,31,0,3,1,0,4,0,8,27,0,35,6,0,6,41
11/22/2021,GGG,TX,ASW,CE,Combined TRACON& Tower with Radar,0,17,19,0,36,0,33,38,2,73,0,50,57,2,109,204,0,204,313
11/23/2021,GGG,TX,ASW,CE,Combined TRACON& Tower with Radar,0,21,32,6,59,0,30,43,2,75,0,51,75,8,134,220,0,220,354
11/24/2021,GGG,TX,ASW,CE,Combined TRACON& Tower with Radar,0,10,35,2,47,0,13,12,0,25,0,23,47,2,72,134,0,134,206
11/25/2021,GGG,TX,ASW,CE,Combined TRACON& Tower with Radar,0,6,7,0,13,0,2,7,0,9,0,8,14,0,22,0,0,0,22
11/26/2021,GGG,TX,ASW,CE,Combined TRACON& Tower with Radar,0,4,17,0,21,0,1,24,0,25,0,5,41,0,46,40,0,40,86
11/27/2021,GGG,TX,ASW,CE,Combined TRACON& Tower with Radar,0,11,25,0,36,0,5,15,0,20,0,16,40,0,56,38,0,38,94
11/28/2021,GGG,TX,ASW,CE,Combined TRACON& Tower with Radar,0,6,30,0,36,0,1,26,0,27,0,7,56,0,63,0,0,0,63
11/29/2021,GGG,TX,ASW,CE,Combined TRACON& Tower with Radar,0,22,18,40,80,0,38,32,1,71,0,60,50,41,151,210,14,224,375
11/30/2021,GGG,TX,ASW,CE,Combined TRACON& Tower with Radar,0,24,23,7,54,0,37,45,1,83,0,61,68,8,137,218,4,222,359
12/01/2021,GGG,TX,ASW,CE,Combined TRACON& Tower with Radar,0,20,30,0,50,0,22,34,0,56,0,42,64,0,106,56,0,56,162
12/02/2021,GGG,TX,ASW,CE,Combined TRACON& Tower with Radar,0,17,35,0,52,0,28,23,0,51,0,45,58,0,103,184,0,184,287
12/03/2021,GGG,TX,ASW,CE,Combined TRACON& Tower with Radar,0,12,41,39,92,0,4,2,0,6,0,16,43,39,98,40,12,52,150
12/04/2021,GGG,TX,ASW,CE,Combined TRACON& Tower with Radar,0,13,33,3,49,0,8,10,0,18,0,21,43,3,67,16,0,16,83
12/05/2021,GGG,TX,ASW,CE,Combined TRACON& Tower with Radar,0,3,33,0,36,0,0,11,0,11,0,3,44,0,47,6,0,6,53
12/06/2021,GGG,TX,ASW,CE,Combined TRACON& Tower with Radar,0,11,25,2,38,0,21,13,0,34,0,32,38,2,72,82,0,82,154
12/07/2021,GGG,TX,ASW,CE,Combined TRACON& Tower with Radar,0,15,28,0,43,0,23,15,0,38,0,38,43,0,81,232,0,232,313
12/08/2021,GGG,TX,ASW,CE,Combined TRACON& Tower with Radar,0,19,32,24,75,0,17,18,2,37,0,36,50,26,112,176,8,184,296
12/09/2021,GGG,TX,ASW,CE,Combined TRACON& Tower with Radar,0,17,31,2,50,0,9,7,0,16,0,26,38,2,66,32,0,32,98
12/10/2021,GGG,TX,ASW,CE,Combined TRACON& Tower with Radar,0,7,28,6,41,0,3,12,0,15,0,10,40,6,56,64,0,64,120
12/11/2021,GGG,TX,ASW,CE,Combined TRACON& Tower with Radar,0,7,14,15,36,0,28,18,3,49,0,35,32,18,85,72,10,82,167
12/12/2021,GGG,TX,ASW,CE,Combined TRACON& Tower with Radar,0,8,15,0,23,1,8,32,0,41,1,16,47,0,64,4,0,4,68
12/13/2021,GGG,TX,ASW,CE,Combined TRACON& Tower with Radar,0,11,17,11,39,0,21,33,3,57,0,32,50,14,96,184,8,192,288
12/14/2021,GGG,TX,ASW,CE,Combined TRACON& Tower with Radar,2,10,39,8,59,0,2,3,0,5,2,12,42,8,64,0,0,0,64
12/15/2021,GGG,TX,ASW,CE,Combined TRACON& Tower with Radar,0,14,33,2,49,0,8,10,0,18,0,22,43,2,67,28,0,28,95
12/16/2021,GGG,TX,ASW,CE,Combined TRACON& Tower with Radar,0,9,31,13,53,0,6,5,0,11,0,15,36,13,64,72,8,80,144
12/17/2021,GGG,TX,ASW,CE,Combined TRACON& Tower with Radar,0,18,32,43,93,0,14,18,5,37,0,32,50,48,130,46,4,50,180
12/18/2021,GGG,TX,ASW,CE,Combined TRACON& Tower with Radar,0,5,20,0,25,0,0,0,0,0,0,5,20,0,25,0,0,0,25
12/19/2021,GGG,TX,ASW,CE,Combined TRACON& Tower with Radar,0,8,26,19,53,0,4,21,0,25,0,12,47,19,78,14,2,16,94
12/20/2021,GGG,TX,ASW,CE,Combined TRACON& Tower with Radar,0,11,22,0,33,0,0,1,0,1,0,11,23,0,34,18,0,18,52
12/21/2021,GGG,TX,ASW,CE,Combined TRACON& Tower with Radar,0,8,31,2,41,0,7,39,0,46,0,15,70,2,87,14,6,20,107
12/22/2021,GGG,TX,ASW,CE,Combined TRACON& Tower with Radar,0,5,27,0,32,0,3,23,0,26,0,8,50,0,58,28,0,28,86
12/23/2021,GGG,TX,ASW,CE,Combined TRACON& Tower with Radar,0,8,27,0,35,0,7,29,0,36,0,15,56,0,71,0,0,0,71
12/24/2021,GGG,TX,ASW,CE,Combined TRACON& Tower with Radar,0,4,4,0,8,0,1,2,0,3,0,5,6,0,11,0,0,0,11
12/25/2021,GGG,TX,ASW,CE,Combined TRACON& Tower with Radar,0,1,0,0,1,0,2,4,0,6,0,3,4,0,7,0,0,0,7
12/26/2021,GGG,TX,ASW,CE,Combined TRACON& Tower with Radar,0,5,20,0,25,0,2,8,0,10,0,7,28,0,35,0,0,0,35
12/27/2021,GGG,TX,ASW,CE,Combined TRACON& Tower with Radar,0,7,21,0,28,0,2,22,0,24,0,9,43,0,52,6,0,6,58
12/28/2021,GGG,TX,ASW,CE,Combined TRACON& Tower with Radar,0,7,18,2,27,0,1,8,0,9,0,8,26,2,36,16,10,26,62
12/29/2021,GGG,TX,ASW,CE,Combined TRACON& Tower with Radar,0,9,23,0,32,0,1,9,0,10,0,10,32,0,42,8,0,8,50
12/30/2021,GGG,TX,ASW,CE,Combined TRACON& Tower with Radar,0,5,35,5,45,0,2,27,0,29,0,7,62,5,74,8,0,8,82
12/31/2021,GGG,TX,ASW,CE,Combined TRACON& Tower with Radar,0,5,25,0,30,0,0,1,0,1,0,5,26,0,31,10,0,10,41
01/01/2022,GGG,TX,ASW,CE,Combined TRACON& Tower with Radar,0,1,6,0,7,0,0,5,0,5,0,1,11,0,12,16,0,16,28
01/02/2022,GGG,TX,ASW,CE,Combined TRACON& Tower with Radar,0,4,19,0,23,0,0,9,0,9,0,4,28,0,32,0,0,0,32
01/03/2022,GGG,TX,ASW,CE,Combined TRACON& Tower with Radar,0,9,17,3,29,0,16,20,0,36,0,25,37,3,65,76,0,76,141
01/04/2022,GGG,TX,ASW,CE,Combined TRACON& Tower with Radar,0,6,28,0,34,0,17,19,0,36,0,23,47,0,70,70,0,70,140
01/05/2022,GGG,TX,ASW,CE,Combined TRACON& Tower with Radar,0,9,15,6,30,0,5,15,2,22,0,14,30,8,52,42,0,42,94
01/06/2022,GGG,TX,ASW,CE,Combined TRACON& Tower with Radar,0,9,19,9,37,0,10,13,0,23,0,19,32,9,60,76,6,82,142
01/07/2022,GGG,TX,ASW,CE,Combined TRACON& Tower with Radar,0,4,17,9,30,0,5,31,1,37,0,9,48,10,67,22,6,28,95
01/08/2022,GGG,TX,ASW,CE,Combined TRACON& Tower with Radar,0,3,12,0,15,0,0,0,0,0,0,3,12,0,15,0,0,0,15
01/09/2022,GGG,TX,ASW,CE,Combined TRACON& Tower with Radar,0,3,26,0,29,0,0,11,0,11,0,3,37,0,40,2,0,2,42
01/10/2022,GGG,TX,ASW,CE,Combined TRACON& Tower with Radar,0,11,19,0,30,0,22,34,0,56,0,33,53,0,86,92,0,92,178
01/11/2022,GGG,TX,ASW,CE,Combined TRACON& Tower with Radar,0,4,22,44,70,0,16,36,1,53,0,20,58,45,123,54,60,114,237
01/12/2022,GGG,TX,ASW,CE,Combined TRACON& Tower with Radar,0,6,12,40,58,0,45,24,0,69,0,51,36,40,127,120,0,120,247
01/13/2022,GGG,TX,ASW,CE,Combined TRACON& Tower with Radar,0,6,28,19,53,0,29,55,0,84,0,35,83,19,137,82,12,94,231
01/14/2022,GGG,TX,ASW,CE,Combined TRACON& Tower with Radar,0,15,24,34,73,0,49,48,0,97,0,64,72,34,170,144,16,160,330
01/15/2022,GGG,TX,ASW,CE,Combined TRACON& Tower with Radar,0,4,8,0,12,0,0,3,0,3,0,4,11,0,15,10,0,10,25
01/16/2022,GGG,TX,ASW,CE,Combined TRACON& Tower with Radar,0,5,25,7,37,0,15,24,0,39,0,20,49,7,76,22,6,28,104
01/17/2022,GGG,TX,ASW,CE,Combined TRACON& Tower with Radar,0,5,24,0,29,0,4,40,0,44,0,9,64,0,73,6,0,6,79
01/18/2022,GGG,TX,ASW,CE,Combined TRACON& Tower with Radar,0,6,24,20,50,0,32,25,0,57,0,38,49,20,107,26,4,30,137
01/19/2022,GGG,TX,ASW,CE,Combined TRACON& Tower with Radar,0,11,19,0,30,0,18,3,0,21,0,29,22,0,51,106,0,106,157
01/20/2022,GGG,TX,ASW,CE,Combined TRACON& Tower with Radar,0,10,28,0,38,0,45,13,0,58,0,55,41,0,96,102,0,102,198
01/21/2022,GGG,TX,ASW,CE,Combined TRACON& Tower with Radar,0,6,25,9,40,0,67,46,1,114,0,73,71,10,154,70,0,70,224
01/22/2022,GGG,TX,ASW,CE,Combined TRACON& Tower with Radar,0,12,14,14,40,0,36,27,6,69,0,48,41,20,109,66,0,66,175
01/23/2022,GGG,TX,ASW,CE,Combined TRACON& Tower with Radar,0,3,20,9,32,0,13,28,0,41,0,16,48,9,73,14,2,16,89
01/24/2022,GGG,TX,ASW,CE,Combined TRACON& Tower with Radar,0,13,21,0,34,0,24,7,0,31,0,37,28,0,65,119,0,119,184
01/25/2022,GGG,TX,ASW,CE,Combined TRACON& Tower with Radar,0,8,32,0,40,0,29,17,0,46,0,37,49,0,86,106,0,106,192
01/26/2022,GGG,TX,ASW,CE,Combined TRACON& Tower with Radar,0,8,35,13,56,0,79,49,0,128,0,87,84,13,184,46,4,50,234
01/27/2022,GGG,TX,ASW,CE,Combined TRACON& Tower with Radar,0,7,37,12,56,0,81,45,0,126,0,88,82,12,182,180,8,188,370
01/28/2022,GGG,TX,ASW,CE,Combined TRACON& Tower with Radar,0,9,36,49,94,0,48,28,5,81,0,57,64,54,175,116,22,138,313
01/29/2022,GGG,TX,ASW,CE,Combined TRACON& Tower with Radar,0,8,21,14,43,0,42,35,1,78,0,50,56,15,121,76,20,96,217
01/30/2022,GGG,TX,ASW,CE,Combined TRACON& Tower with Radar,0,7,28,14,49,0,21,29,1,51,0,28,57,15,100,0,6,6,106
01/31/2022,GGG,TX,ASW,CE,Combined TRACON& Tower with Radar,0,13,39,0,52,0,28,9,0,37,0,41,48,0,89,48,0,48,137
02/01/2022,GGG,TX,ASW,CE,Combined TRACON& Tower with Radar,0,6,34,8,48,0,18,9,0,27,0,24,43,8,75,186,0,186,261
02/02/2022,GGG,TX,ASW,CE,Combined TRACON& Tower with Radar,0,12,25,0,37,0,0,0,0,0,0,12,25,0,37,18,0,18,55
02/03/2022,GGG,TX,ASW,CE,Combined TRACON& Tower with Radar,0,0,2,0,2,0,0,0,0,0,0,0,2,0,2,0,0,0,2
02/04/2022,GGG,TX,ASW,CE,Combined TRACON& Tower with Radar,0,1,15,4,20,0,2,3,0,5,0,3,18,4,25,0,0,0,25
02/05/2022,GGG,TX,ASW,CE,Combined TRACON& Tower with Radar,0,6,21,8,35,0,35,41,0,76,0,41,62,8,111,84,10,94,205
02/06/2022,GGG,TX,ASW,CE,Combined TRACON& Tower with Radar,0,3,29,0,32,0,12,23,2,37,0,15,52,2,69,18,0,18,87
02/07/2022,GGG,TX,ASW,CE,Combined TRACON& Tower with Radar,0,7,19,15,41,1,82,33,6,122,1,89,52,21,163,108,6,114,277
02/08/2022,GGG,TX,ASW,CE,Combined TRACON& Tower with Radar,0,7,34,2,43,0,71,50,4,125,0,78,84,6,168,142,2,144,312
02/09/2022,GGG,TX,ASW,CE,Combined TRACON& Tower with Radar,0,10,30,14,54,0,75,37,0,112,0,85,67,14,166,100,0,100,266
02/10/2022,GGG,TX,ASW,CE,Combined TRACON& Tower with Radar,0,4,29,23,56,3,81,49,0,133,3,85,78,23,189,112,0,112,301
02/11/2022,GGG,TX,ASW,CE,Combined TRACON& Tower with Radar,0,11,25,30,66,0,58,34,0,92,0,69,59,30,158,230,16,246,404
02/12/2022,GGG,TX,ASW,CE,Combined TRACON& Tower with Radar,0,5,24,0,29,0,2,5,0,7,0,7,29,0,36,0,0,0,36
02/13/2022,GGG,TX,ASW,CE,Combined TRACON& Tower with Radar,0,5,14,0,19,2,11,22,0,35,2,16,36,0,54,54,0,54,108
02/14/2022,GGG,TX,ASW,CE,Combined TRACON& Tower with Radar,0,6,25,11,42,0,76,39,1,116,0,82,64,12,158,186,4,190,348
02/15/2022,GGG,TX,ASW,CE,Combined TRACON& Tower with Radar,0,3,19,17,39,0,70,35,3,108,0,73,54,20,147,152,2,154,301
02/16/2022,GGG,TX,ASW,CE,Combined TRACON& Tower with Radar,0,8,32,4,44,0,19,3,0,22,0,27,35,4,66,80,0,80,146
02/17/2022,GGG,TX,ASW,CE,Combined TRACON& Tower with Radar,0,3,41,0,44,0,0,0,0,0,0,3,41,0,44,20,0,20,64
02/18/2022,GGG,TX,ASW,CE,Combined TRACON& Tower with Radar,1,5,28,25,59,1,86,45,0,132,2,91,73,25,191,158,6,164,355
02/19/2022,GGG,TX,ASW,CE,Combined TRACON& Tower with Radar,1,5,24,5,35,0,44,37,0,81,1,49,61,5,116,36,8,44,160
02/20/2022,GGG,TX,ASW,CE,Combined TRACON& Tower with Radar,0,5,22,6,33,0,20,14,1,35,0,25,36,7,68,18,0,18,86
02/21/2022,GGG,TX,ASW,CE,Combined TRACON& Tower with Radar,0,14,16,0,30,0,5,5,0,10,0,19,21,0,40,0,0,0,40
02/22/2022,GGG,TX,ASW,CE,Combined TRACON& Tower with Radar,0,16,27,20,63,0,37,20,1,58,0,53,47,21,121,42,8,50,171
02/23/2022,GGG,TX,ASW,CE,Combined TRACON& Tower with Radar,0,8,13,3,24,0,0,0,1,1,0,8,13,4,25,54,0,54,79
02/24/2022,GGG,TX,ASW,CE,Combined TRACON& Tower with Radar,0,7,10,1,18,0,0,0,0,0,0,7,10,1,18,0,0,0,18
02/25/2022,GGG,TX,ASW,CE,Combined TRACON& Tower with Radar,0,3,31,2,36,0,45,22,0,67,0,48,53,2,103,340,0,340,443
02/26/2022,GGG,TX,ASW,CE,Combined TRACON& Tower with Radar,0,5,8,15,28,0,0,0,0,0,0,5,8,15,28,0,0,0,28
02/27/2022,GGG,TX,ASW,CE,Combined TRACON& Tower with Radar,0,4,28,0,32,0,22,27,4,53,0,26,55,4,85,40,4,44,129
02/28/2022,GGG,TX,ASW,CE,Combined TRACON& Tower with Radar,0,10,31,21,62,0,78,42,3,123,0,88,73,24,185,166,0,166,351
03/01/2022,GGG,TX,ASW,CE,Combined TRACON& Tower with Radar,1,14,35,6,56,0,78,41,0,119,1,92,76,6,175,208,6,214,389
03/02/2022,GGG,TX,ASW,CE,Combined TRACON& Tower with Radar,0,9,38,33,80,0,81,38,3,122,0,90,76,36,202,196,0,196,398
03/03/2022,GGG,TX,ASW,CE,Combined TRACON& Tower with Radar,0,12,44,16,72,0,80,56,0,136,0,92,100,16,208,252,18,270,478
03/04/2022,GGG,TX,ASW,CE,Combined TRACON& Tower with Radar,0,8,22,39,69,0,59,23,3,85,0,67,45,42,154,153,27,180,334
03/05/2022,GGG,TX,ASW,CE,Combined TRACON& Tower with Radar,0,14,27,42,83,36,10,92,0,138,36,24,119,42,221,106,12,118,339
03/06/2022,GGG,TX,ASW,CE,Combined TRACON& Tower with Radar,0,6,28,1,35,0,2,5,2,9,0,8,33,3,44,22,6,28,72
03/07/2022,GGG,TX,ASW,CE,Combined TRACON& Tower with Radar,0,19,24,17,60,0,39,26,0,65,0,58,50,17,125,264,8,272,397
03/08/2022,GGG,TX,ASW,CE,Combined TRACON& Tower with Radar,1,6,23,2,32,0,11,0,0,11,1,17,23,2,43,94,0,94,137
03/09/2022,GGG,TX,ASW,CE,Combined TRACON& Tower with Radar,0,14,28,34,76,0,33,19,1,53,0,47,47,35,129,124,12,136,265
03/10/2022,GGG,TX,ASW,CE,Combined TRACON& Tower with Radar,0,5,49,56,110,0,72,51,2,125,0,77,100,58,235,258,6,264,499
03/11/2022,GGG,TX,ASW,CE,Combined TRACON& Tower with Radar,0,9,22,23,54,0,24,14,1,39,0,33,36,24,93,96,8,104,197
03/12/2022,GGG,TX,ASW,CE,Combined TRACON& Tower with Radar,2,8,25,0,35,0,18,41,1,60,2,26,66,1,95,54,0,54,149
03/13/2022,GGG,TX,ASW,CE,Combined TRACON& Tower with Radar,0,5,23,15,43,0,12,11,0,23,0,17,34,15,66,22,2,24,90
03/14/2022,GGG,TX,ASW,CE,Combined TRACON& Tower with Radar,0,8,16,44,68,0,15,4,0,19,0,23,20,44,87,154,6,160,247
03/15/2022,GGG,TX,ASW,CE,Combined TRACON& Tower with Radar,0,15,26,2,43,0,0,4,0,4,0,15,30,2,47,0,0,0,47
03/16/2022,GGG,TX,ASW,CE,Combined TRACON& Tower with Radar,0,10,29,4,43,0,37,39,0,76,0,47,68,4,119,124,0,124,243
03/17/2022,GGG,TX,ASW,CE,Combined TRACON& Tower with Radar,2,13,16,4,35,0,28,27,2,57,2,41,43,6,92,156,0,156,248
03/18/2022,GGG,TX,ASW,CE,Combined TRACON& Tower with Radar,0,9,21,26,56,0,14,18,4,36,0,23,39,30,92,54,22,76,168
03/19/2022,GGG,TX,ASW,CE,Combined TRACON& Tower with Radar,0,12,34,8,54,0,27,32,0,59,0,39,66,8,113,74,0,74,187
03/20/2022,GGG,TX,ASW,CE,Combined TRACON& Tower with Radar,2,3,22,18,45,0,3,29,2,34,2,6,51,20,79,12,0,12,91
03/21/2022,GGG,TX,ASW,CE,Combined TRACON& Tower with Radar,0,12,7,0,19,0,4,2,0,6,0,16,9,0,25,14,0,14,39
03/22/2022,GGG,TX,ASW,CE,Combined TRACON& Tower with Radar,0,8,24,5,37,0,4,7,1,12,0,12,31,6,49,76,0,76,125
03/23/2022,GGG,TX,ASW,CE,Combined TRACON& Tower with Radar,0,13,30,20,63,0,38,27,5,70,0,51,57,25,133,176,16,192,325
03/24/2022,GGG,TX,ASW,CE,Combined TRACON& Tower with Radar,0,9,28,14,51,0,78,32,4,114,0,87,60,18,165,230,8,238,403
03/25/2022,GGG,TX,ASW,CE,Combined TRACON& Tower with Radar,0,22,26,39,87,0,67,67,0,134,0,89,93,39,221,210,16,226,447
03/26/2022,GGG,TX,ASW,CE,Combined TRACON& Tower with Radar,0,15,14,17,46,0,47,43,3,93,0,62,57,20,139,176,10,186,325
03/27/2022,GGG,TX,ASW,CE,Combined TRACON& Tower with Radar,0,5,33,9,47,0,13,32,0,45,0,18,65,9,92,34,0,34,126
03/28/2022,GGG,TX,ASW,CE,Combined TRACON& Tower with Radar,0,16,38,28,82,0,37,39,3,79,0,53,77,31,161,186,14,200,361
03/29/2022,GGG,TX,ASW,CE,Combined TRACON& Tower with Radar,0,16,21,4,41,0,12,4,0,16,0,28,25,4,57,236,0,236,293
03/30/2022,GGG,TX,ASW,CE,Combined TRACON& Tower with Radar,0,8,12,2,22,0,8,6,0,14,0,16,18,2,36,76,0,76,112
03/31/2022,GGG,TX,ASW,CE,Combined TRACON& Tower with Radar,0,13,40,6,59,0,71,36,2,109,0,84,76,8,168,282,0,282,450
04/01/2022,GGG,TX,ASW,CE,Combined TRACON& Tower with Radar,0,20,33,18,71,4,57,49,4,114,4,77,82,22,185,316,6,322,507
04/02/2022,GGG,TX,ASW,CE,Combined TRACON& Tower with Radar,0,7,22,38,67,2,32,54,15,103,2,39,76,53,170,192,18,210,380
04/03/2022,GGG,TX,ASW,CE,Combined TRACON& Tower with Radar,0,5,17,2,24,1,11,27,2,41,1,16,44,4,65,50,0,50,115
04/04/2022,GGG,TX,ASW,CE,Combined TRACON& Tower with Radar,0,22,30,5,57,0,34,15,0,49,0,56,45,5,106,384,8,392,498
04/05/2022,GGG,TX,ASW,CE,Combined TRACON& Tower with Radar,0,15,25,6,46,0,38,20,0,58,0,53,45,6,104,334,4,338,442
04/06/2022,GGG,TX,ASW,CE,Combined TRACON& Tower with Radar,0,20,23,4,47,0,22,12,0,34,0,42,35,4,81,200,4,204,285
04/07/2022,GGG,TX,ASW,CE,Combined TRACON& Tower with Radar,0,7,19,3,29,0,36,37,1,74,0,43,56,4,103,160,0,160,263
04/08/2022,GGG,TX,ASW,CE,Combined TRACON& Tower with Radar,0,20,22,6,48,0,24,22,2,48,0,44,44,8,96,76,0,76,172
04/09/2022,GGG,TX,ASW,CE,Combined TRACON& Tower with Radar,0,12,15,6,33,0,38,38,0,76,0,50,53,6,109,226,0,226,335
04/10/2022,GGG,TX,ASW,CE,Combined TRACON& Tower with Radar,0,8,22,4,34,0,0,6,2,8,0,8,28,6,42,26,0,26,68
04/11/2022,GGG,TX,ASW,CE,Combined TRACON& Tower with Radar,0,15,22,5,42,0,18,8,1,27,0,33,30,6,69,170,0,170,239
04/12/2022,GGG,TX,ASW,CE,Combined TRACON& Tower with Radar,0,26,25,6,57,0,21,7,0,28,0,47,32,6,85,266,0,266,351
04/13/2022,GGG,TX,ASW,CE,Combined TRACON& Tower with Radar,0,9,10,0,19,0,0,2,0,2,0,9,12,0,21,8,0,8,29
04/14/2022,GGG,TX,ASW,CE,Combined TRACON& Tower with Radar,0,19,45,14,78,0,57,60,3,120,0,76,105,17,198,250,28,278,476
04/15/2022,GGG,TX,ASW,CE,Combined TRACON& Tower with Radar,0,9,37,7,53,0,5,7,0,12,0,14,44,7,65,68,0,68,133
04/16/2022,GGG,TX,ASW,CE,Combined TRACON& Tower with Radar,2,11,23,0,36,0,2,1,0,3,2,13,24,0,39,16,0,16,55
04/17/2022,GGG,TX,ASW,CE,Combined TRACON& Tower with Radar,0,5,11,0,16,0,0,0,0,0,0,5,11,0,16,0,0,0,16
04/18/2022,GGG,TX,ASW,CE,Combined TRACON& Tower with Radar,0,18,52,35,105,0,33,19,1,53,0,51,71,36,158,202,16,218,376
04/19/2022,GGG,TX,ASW,CE,Combined TRACON& Tower with Radar,0,28,30,2,60,0,45,39,4,88,0,73,69,6,148,296,0,296,444
04/20/2022,GGG,TX,ASW,CE,Combined TRACON& Tower with Radar,2,25,26,18,71,0,6,9,0,15,2,31,35,18,86,142,0,142,228
04/21/2022,GGG,TX,ASW,CE,Combined TRACON& Tower with Radar,0,26,32,32,90,0,22,12,0,34,0,48,44,32,124,318,0,318,442
04/22/2022,GGG,TX,ASW,CE,Combined TRACON& Tower with Radar,0,22,43,72,137,0,36,27,1,64,0,58,70,73,201,90,0,90,291
04/23/2022,GGG,TX,ASW,CE,Combined TRACON& Tower with Radar,0,9,19,8,36,0,11,19,0,30,0,20,38,8,66,38,0,38,104
04/24/2022,GGG,TX,ASW,CE,Combined TRACON& Tower with Radar,0,4,25,2,31,0,11,8,0,19,0,15,33,2,50,24,0,24,74
04/25/2022,GGG,TX,ASW,CE,Combined TRACON& Tower with Radar,0,12,16,0,28,0,0,0,0,0,0,12,16,0,28,0,0,0,28
04/26/2022,GGG,TX,ASW,CE,Combined TRACON& Tower with Radar,0,22,24,30,76,0,58,49,1,108,0,80,73,31,184,432,12,444,628
04/27/2022,GGG,TX,ASW,CE,Combined TRACON& Tower with Radar,0,12,28,45,85,0,39,54,2,95,0,51,82,47,180,308,6,314,494
04/28/2022,GGG,TX,ASW,CE,Combined TRACON& Tower with Radar,0,15,37,5,57,0,49,49,1,99,0,64,86,6,156,324,0,324,480
04/29/2022,GGG,TX,ASW,CE,Combined TRACON& Tower with Radar,0,26,37,12,75,0,20,14,3,37,0,46,51,15,112,146,8,154,266
04/30/2022,GGG,TX,ASW,CE,Combined TRACON& Tower with Radar,0,9,17,0,26,1,6,4,0,11,1,15,21,0,37,48,0,48,85
05/01/2022,GGG,TX,ASW,CE,Combined TRACON& Tower with Radar,0,6,30,3,39,0,8,33,0,41,0,14,63,3,80,34,0,34,114
05/02/2022,GGG,TX,ASW,CE,Combined TRACON& Tower with Radar,0,16,30,6,52,0,9,19,0,28,0,25,49,6,80,186,0,186,266
05/03/2022,GGG,TX,ASW,CE,Combined TRACON& Tower with Radar,0,12,23,2,37,0,20,23,0,43,0,32,46,2,80,190,0,190,270
05/04/2022,GGG,TX,ASW,CE,Combined TRACON& Tower with Radar,0,13,24,0,37,0,30,20,0,50,0,43,44,0,87,154,0,154,241
05/05/2022,GGG,TX,ASW,CE,Combined TRACON& Tower with Radar,0,5,25,0,30,0,0,0,0,0,0,5,25,0,30,38,0,38,68
05/06/2022,GGG,TX,ASW,CE,Combined TRACON& Tower with Radar,0,18,33,26,77,0,37,33,1,71,0,55,66,27,148,218,6,224,372
05/07/2022,GGG,TX,ASW,CE,Combined TRACON& Tower with Radar,0,11,21,2,34,0,9,22,0,31,0,20,43,2,65,148,4,152,217
05/08/2022,GGG,TX,ASW,CE,Combined TRACON& Tower with Radar,0,7,32,4,43,0,3,13,0,16,0,10,45,4,59,18,0,18,77
05/09/2022,GGG,TX,ASW,CE,Combined TRACON& Tower with Radar,0,19,34,18,71,0,26,18,2,46,0,45,52,20,117,94,0,94,211
05/10/2022,GGG,TX,ASW,CE,Combined TRACON& Tower with Radar,0,11,22,12,45,0,18,30,0,48,0,29,52,12,93,306,0,306,399
05/11/2022,GGG,TX,ASW,CE,Combined TRACON& Tower with Radar,0,18,36,25,79,0,21,38,4,63,0,39,74,29,142,216,12,228,370
05/12/2022,GGG,TX,ASW,CE,Combined TRACON& Tower with Radar,0,11,38,17,66,0,39,56,0,95,0,50,94,17,161,270,2,272,433
05/13/2022,GGG,TX,ASW,CE,Combined TRACON& Tower with Radar,0,9,30,2,41,0,14,27,0,41,0,23,57,2,82,150,0,150,232
05/14/2022,GGG,TX,ASW,CE,Combined TRACON& Tower with Radar,0,6,22,16,44,0,11,27,2,40,0,17,49,18,84,72,0,72,156
05/15/2022,GGG,TX,ASW,CE,Combined TRACON& Tower with Radar,0,6,28,4,38,0,4,18,0,22,0,10,46,4,60,12,0,12,72
05/16/2022,GGG,TX,ASW,CE,Combined TRACON& Tower with Radar,0,10,30,16,56,0,27,42,0,69,0,37,72,16,125,170,0,170,295
05/17/2022,GGG,TX,ASW,CE,Combined TRACON& Tower with Radar,0,11,20,13,44,0,43,35,1,79,0,54,55,14,123,128,12,140,263
05/18/2022,GGG,TX,ASW,CE,Combined TRACON& Tower with Radar,0,9,32,0,41,0,36,29,2,67,0,45,61,2,108,148,0,148,256
05/19/2022,GGG,TX,ASW,CE,Combined TRACON& Tower with Radar,0,16,46,18,80,0,21,22,0,43,0,37,68,18,123,162,0,162,285
05/20/2022,GGG,TX,ASW,CE,Combined TRACON& Tower with Radar,0,21,26,11,58,0,26,18,0,44,0,47,44,11,102,104,0,104,206
05/21/2022,GGG,TX,ASW,CE,Combined TRACON& Tower with Radar,0,11,27,0,38,0,9,11,0,20,0,20,38,0,58,18,0,18,76
05/22/2022,GGG,TX,ASW,CE,Combined TRACON& Tower with Radar,0,6,24,0,30,0,1,0,0,1,0,7,24,0,31,0,0,0,31
05/23/2022,GGG,TX,ASW,CE,Combined TRACON& Tower with Radar,0,12,24,22,58,0,1,8,0,9,0,13,32,22,67,94,0,94,161
05/24/2022,GGG,TX,ASW,CE,Combined TRACON& Tower with Radar,0,5,16,0,21,0,2,0,0,2,0,7,16,0,23,22,0,22,45
05/25/2022,GGG,TX,ASW,CE,Combined TRACON& Tower with Radar,0,21,28,0,49,0,29,12,0,41,0,50,40,0,90,92,0,92,182
05/26/2022,GGG,TX,ASW,CE,Combined TRACON& Tower with Radar,0,22,36,17,75,0,52,59,0,111,0,74,95,17,186,124,14,138,324
05/27/2022,GGG,TX,ASW,CE,Combined TRACON& Tower with Radar,0,13,37,0,50,0,63,35,0,98,0,76,72,0,148,196,0,196,344
05/28/2022,GGG,TX,ASW,CE,Combined TRACON& Tower with Radar,0,4,17,0,21,0,24,37,0,61,0,28,54,0,82,108,0,108,190
05/29/2022,GGG,TX,ASW,CE,Combined TRACON& Tower with Radar,2,3,21,0,26,0,5,13,0,18,2,8,34,0,44,16,0,16,60
05/30/2022,GGG,TX,ASW,CE,Combined TRACON& Tower with Radar,0,5,20,2,27,0,4,20,0,24,0,9,40,2,51,12,0,12,63
05/31/2022,GGG,TX,ASW,CE,Combined TRACON& Tower with Radar,0,13,38,14,65,0,36,36,3,75,0,49,74,17,140,118,16,134,274
06/01/2022,GGG,TX,ASW,CE,Combined TRACON& Tower with Radar,4,18,34,16,72,0,34,17,0,51,4,52,51,16,123,236,6,242,365
06/02/2022,GGG,TX,ASW,CE,Combined TRACON& Tower with Radar,2,11,32,1,46,0,22,20,1,43,2,33,52,2,89,164,0,164,253
06/03/2022,GGG,TX,ASW,CE,Combined TRACON& Tower with Radar,0,14,34,61,109,0,30,25,0,55,0,44,59,61,164,214,48,262,426
06/04/2022,GGG,TX,ASW,CE,Combined TRACON& Tower with Radar,0,4,13,32,49,0,27,29,0,56,0,31,42,32,105,76,10,86,191
06/05/2022,GGG,TX,ASW,CE,Combined TRACON& Tower with Radar,0,7,28,2,37,1,0,10,6,17,1,7,38,8,54,14,0,14,68
06/06/2022,GGG,TX,ASW,CE,Combined TRACON& Tower with Radar,0,15,32,38,85,0,35,25,7,67,0,50,57,45,152,340,18,358,510
06/07/2022,GGG,TX,ASW,CE,Combined TRACON& Tower with Radar,0,15,44,31,90,0,40,29,8,77,0,55,73,39,167,286,30,316,483
06/08/2022,GGG,TX,ASW,CE,Combined TRACON& Tower with Radar,0,12,40,0,52,0,34,21,0,55,0,46,61,0,107,228,0,228,335
06/09/2022,GGG,TX,ASW,CE,Combined TRACON& Tower with Radar,0,9,49,12,70,0,48,43,0,91,0,57,92,12,161,182,0,182,343
06/10/2022,GGG,TX,ASW,CE,Combined TRACON& Tower with Radar,0,10,32,15,57,0,34,36,0,70,0,44,68,15,127,212,2,214,341
06/11/2022,GGG,TX,ASW,CE,Combined TRACON& Tower with Radar,0,6,27,10,43,0,13,17,3,33,0,19,44,13,76,22,0,22,98
06/12/2022,GGG,TX,ASW,CE,Combined TRACON& Tower with Radar,0,4,54,1,59,0,5,33,5,43,0,9,87,6,102,14,0,14,116
06/13/2022,GGG,TX,ASW,CE,Combined TRACON& Tower with Radar,0,15,22,23,60,0,32,39,1,72,0,47,61,24,132,186,6,192,324
06/14/2022,GGG,TX,ASW,CE,Combined TRACON& Tower with Radar,0,11,26,18,55,0,23,29,1,53,0,34,55,19,108,150,24,174,282
06/15/2022,GGG,TX,ASW,CE,Combined TRACON& Tower with Radar,0,25,31,41,97,0,16,19,2,37,0,41,50,43,134,146,14,160,294
06/16/2022,GGG,TX,ASW,CE,Combined TRACON& Tower with Radar,0,11,33,9,53,3,31,29,8,71,3,42,62,17,124,78,0,78,202
06/17/2022,GGG,TX,ASW,CE,Combined TRACON& Tower with Radar,0,8,25,31,64,0,28,28,4,60,0,36,53,35,124,116,0,116,240
06/18/2022,GGG,TX,ASW,CE,Combined TRACON& Tower with Radar,0,5,23,0,28,0,11,30,2,43,0,16,53,2,71,66,0,66,137
06/19/2022,GGG,TX,ASW,CE,Combined TRACON& Tower with Radar,0,3,13,0,16,0,8,20,0,28,0,11,33,0,44,4,0,4,48
06/20/2022,GGG,TX,ASW,CE,Combined TRACON& Tower with Radar,0,6,19,0,25,0,3,42,0,45,0,9,61,0,70,68,0,68,138
06/21/2022,GGG,TX,ASW,CE,Combined TRACON& Tower with Radar,0,13,25,2,40,0,40,27,2,69,0,53,52,4,109,276,8,284,393
06/22/2022,GGG,TX,ASW,CE,Combined TRACON& Tower with Radar,0,7,20,47,74,1,32,31,4,68,1,39,51,51,142,108,34,142,284
06/23/2022,GGG,TX,ASW,CE,Combined TRACON& Tower with Radar,0,6,25,24,55,0,24,18,1,43,0,30,43,25,98,200,10,210,308
06/24/2022,GGG,TX,ASW,CE,Combined TRACON& Tower with Radar,0,6,31,29,66,0,27,33,3,63,0,33,64,32,129,102,2,104,233
06/25/2022,GGG,TX,ASW,CE,Combined TRACON& Tower with Radar,0,7,20,25,52,0,16,38,1,55,0,23,58,26,107,10,12,22,129
06/26/2022,GGG,TX,ASW,CE,Combined TRACON& Tower with Radar,0,3,18,27,48,0,0,22,1,23,0,3,40,28,71,62,14,76,147
06/27/2022,GGG,TX,ASW,CE,Combined TRACON& Tower with Radar,0,13,33,10,56,0,23,42,0,65,0,36,75,10,121,186,2,188,309
06/28/2022,GGG,TX,ASW,CE,Combined TRACON& Tower with Radar,0,16,18,32,66,0,32,20,0,52,0,48,38,32,118,174,0,174,292
06/29/2022,GGG,TX,ASW,CE,Combined TRACON& Tower with Radar,0,7,35,7,49,0,21,29,0,50,0,28,64,7,99,228,8,236,335
06/30/2022,GGG,TX,ASW,CE,Combined TRACON& Tower with Radar,0,8,27,18,53,0,20,31,6,57,0,28,58,24,110,120,8,128,238
07/01/2022,GGG,TX,ASW,CE,Combined TRACON& Tower with Radar,0,3,48,0,51,1,2,26,0,29,1,5,74,0,80,56,0,56,136
07/02/2022,GGG,TX,ASW,CE,Combined TRACON& Tower with Radar,0,3,18,0,21,0,3,2,0,5,0,6,20,0,26,0,0,0,26
07/03/2022,GGG,TX,ASW,CE,Combined TRACON& Tower with Radar,0,6,17,0,23,0,9,16,0,25,0,15,33,0,48,14,0,14,62
07/04/2022,GGG,TX,ASW,CE,Combined TRACON& Tower with Radar,0,3,19,0,22,0,3,26,0,29,0,6,45,0,51,36,0,36,87
07/05/2022,GGG,TX,ASW,CE,Combined TRACON& Tower with Radar,0,16,39,21,76,0,27,32,5,64,0,43,71,26,140,162,38,200,340
07/06/2022,GGG,TX,ASW,CE,Combined TRACON& Tower with Radar,0,17,29,32,78,0,39,35,1,75,0,56,64,33,153,140,30,170,323
07/07/2022,GGG,TX,ASW,CE,Combined TRACON& Tower with Radar,0,12,22,31,65,0,25,41,0,66,0,37,63,31,131,72,10,82,213
07/08/2022,GGG,TX,ASW,CE,Combined TRACON& Tower with Radar,0,5,18,47,70,0,3,45,2,50,0,8,63,49,120,28,4,32,152
07/09/2022,GGG,TX,ASW,CE,Combined TRACON& Tower with Radar,0,3,10,12,25,0,14,25,0,39,0,17,35,12,64,80,0,80,144
07/10/2022,GGG,TX,ASW,CE,Combined TRACON& Tower with Radar,0,3,11,6,20,0,2,28,0,30,0,5,39,6,50,8,0,8,58
07/11/2022,GGG,TX,ASW,CE,Combined TRACON& Tower with Radar,0,9,27,20,56,0,20,27,0,47,0,29,54,20,103,314,0,314,417
07/12/2022,GGG,TX,ASW,CE,Combined TRACON& Tower with Radar,2,13,20,14,49,0,40,36,0,76,2,53,56,14,125,114,2,116,241
07/13/2022,GGG,TX,ASW,CE,Combined TRACON& Tower with Radar,0,12,32,19,63,0,41,30,0,71,0,53,62,19,134,200,10,210,344
07/14/2022,GGG,TX,ASW,CE,Combined TRACON& Tower with Radar,0,11,21,9,41,0,16,12,1,29,0,27,33,10,70,84,4,88,158
07/15/2022,GGG,TX,ASW,CE,Combined TRACON& Tower with Radar,0,14,22,77,113,0,23,41,0,64,0,37,63,77,177,82,8,90,267
07/16/2022,GGG,TX,ASW,CE,Combined TRACON& Tower with Radar,2,8,14,10,34,0,23,27,4,54,2,31,41,14,88,32,6,38,126
07/17/2022,GGG,TX,ASW,CE,Combined TRACON& Tower with Radar,0,3,24,28,55,0,2,26,0,28,0,5,50,28,83,0,6,6,89
07/18/2022,GGG,TX,ASW,CE,Combined TRACON& Tower with Radar,0,10,30,29,69,0,29,36,1,66,0,39,66,30,135,182,0,182,317
07/19/2022,GGG,TX,ASW,CE,Combined TRACON& Tower with Radar,0,16,15,19,50,0,13,33,0,46,0,29,48,19,96,74,0,74,170
07/20/2022,GGG,TX,ASW,CE,Combined TRACON& Tower with Radar,0,10,18,12,40,0,21,35,0,56,0,31,53,12,96,224,6,230,326
07/21/2022,GGG,TX,ASW,CE,Combined TRACON& Tower with Radar,0,16,13,0,29,0,12,32,2,46,0,28,45,2,75,144,0,144,219
07/22/2022,GGG,TX,ASW,CE,Combined TRACON& Tower with Radar,0,3,21,0,24,0,4,8,0,12,0,7,29,0,36,0,0,0,36
07/23/2022,GGG,TX,ASW,CE,Combined TRACON& Tower with Radar,0,9,28,0,37,0,3,13,0,16,0,12,41,0,53,46,0,46,99
07/24/2022,GGG,TX,ASW,CE,Combined TRACON& Tower with Radar,0,3,17,30,50,0,6,10,0,16,0,9,27,30,66,0,0,0,66
07/25/2022,GGG,TX,ASW,CE,Combined TRACON& Tower with Radar,0,15,27,34,76,0,17,19,4,40,0,32,46,38,116,188,16,204,320
07/26/2022,GGG,TX,ASW,CE,Combined TRACON& Tower with Radar,0,19,22,29,70,0,14,39,0,53,0,33,61,29,123,90,16,106,229
07/27/2022,GGG,TX,ASW,CE,Combined TRACON& Tower with Radar,0,21,23,29,73,0,15,45,4,64,0,36,68,33,137,128,16,144,281
07/28/2022,GGG,TX,ASW,CE,Combined TRACON& Tower with Radar,0,15,27,4,46,0,26,39,0,65,0,41,66,4,111,158,0,158,269
07/29/2022,GGG,TX,ASW,CE,Combined TRACON& Tower with Radar,4,3,19,57,83,0,2,33,2,37,4,5,52,59,120,34,24,58,178
07/30/2022,GGG,TX,ASW,CE,Combined TRACON& Tower with Radar,0,5,26,3,34,0,10,17,1,28,0,15,43,4,62,6,0,6,68
07/31/2022,GGG,TX,ASW,CE,Combined TRACON& Tower with Radar,0,3,16,0,19,0,0,17,0,17,0,3,33,0,36,0,0,0,36
08/01/2022,GGG,TX,ASW,CE,Combined TRACON& Tower with Radar,0,9,19,23,51,0,22,31,0,53,0,31,50,23,104,156,24,180,284
08/02/2022,GGG,TX,ASW,CE,Combined TRACON& Tower with Radar,0,10,18,20,48,0,20,24,4,48,0,30,42,24,96,100,16,116,212
08/03/2022,GGG,TX,ASW,CE,Combined TRACON& Tower with Radar,0,12,20,28,60,0,11,33,0,44,0,23,53,28,104,98,12,110,214
08/04/2022,GGG,TX,ASW,CE,Combined TRACON& Tower with Radar,0,13,25,24,62,0,12,37,0,49,0,25,62,24,111,52,6,58,169
08/05/2022,GGG,TX,ASW,CE,Combined TRACON& Tower with Radar,0,10,25,28,63,0,11,28,1,40,0,21,53,29,103,24,2,26,129
08/06/2022,GGG,TX,ASW,CE,Combined TRACON& Tower with Radar,0,6,31,20,57,0,4,11,0,15,0,10,42,20,72,26,0,26,98
08/07/2022,GGG,TX,ASW,CE,Combined TRACON& Tower with Radar,0,3,25,14,42,0,0,23,2,25,0,3,48,16,67,0,0,0,67
08/08/2022,GGG,TX,ASW,CE,Combined TRACON& Tower with Radar,5,9,30,27,71,0,18,39,3,60,5,27,69,30,131,118,8,126,257
08/09/2022,GGG,TX,ASW,CE,Combined TRACON& Tower with Radar,0,10,15,26,51,0,19,11,5,35,0,29,26,31,86,74,0,74,160
08/10/2022,GGG,TX,ASW,CE,Combined TRACON& Tower with Radar,0,6,31,0,37,0,14,28,2,44,0,20,59,2,81,116,0,116,197
08/11/2022,GGG,TX,ASW,CE,Combined TRACON& Tower with Radar,0,18,37,2,57,0,14,38,0,52,0,32,75,2,109,142,0,142,251
08/12/2022,GGG,TX,ASW,CE,Combined TRACON& Tower with Radar,0,9,24,25,58,0,12,46,0,58,0,21,70,25,116,154,2,156,272
08/13/2022,GGG,TX,ASW,CE,Combined TRACON& Tower with Radar,0,8,25,17,50,0,33,44,4,81,0,41,69,21,131,20,2,22,153
08/14/2022,GGG,TX,ASW,CE,Combined TRACON& Tower with Radar,0,5,28,11,44,0,2,21,1,24,0,7,49,12,68,24,0,24,92
08/15/2022,GGG,TX,ASW,CE,Combined TRACON& Tower with Radar,0,5,20,31,56,0,10,41,0,51,0,15,61,31,107,122,24,146,253
08/16/2022,GGG,TX,ASW,CE,Combined TRACON& Tower with Radar,0,6,28,46,80,0,31,46,2,79,0,37,74,48,159,154,6,160,319
08/17/2022,GGG,TX,ASW,CE,Combined TRACON& Tower with Radar,1,5,33,5,44,0,9,16,1,26,1,14,49,6,70,94,6,100,170
08/18/2022,GGG,TX,ASW,CE,Combined TRACON& Tower with Radar,0,11,28,0,39,0,0,5,0,5,0,11,33,0,44,22,0,22,66
08/19/2022,GGG,TX,ASW,CE,Combined TRACON& Tower with Radar,0,5,23,39,67,0,10,17,4,31,0,15,40,43,98,70,4,74,172
08/20/2022,GGG,TX,ASW,CE,Combined TRACON& Tower with Radar,0,7,28,13,48,0,0,2,0,2,0,7,30,13,50,70,2,72,122
08/21/2022,GGG,TX,ASW,CE,Combined TRACON& Tower with Radar,0,4,11,0,15,0,0,3,0,3,0,4,14,0,18,0,0,0,18
08/22/2022,GGG,TX,ASW,CE,Combined TRACON& Tower with Radar,0,3,14,0,17,0,0,0,0,0,0,3,14,0,17,0,0,0,17
08/23/2022,GGG,TX,ASW,CE,Combined TRACON& Tower with Radar,0,10,34,0,44,0,6,7,0,13,0,16,41,0,57,24,0,24,81
08/24/2022,GGG,TX,ASW,CE,Combined TRACON& Tower with Radar,0,16,36,0,52,0,2,8,0,10,0,18,44,0,62,94,0,94,156
08/25/2022,GGG,TX,ASW,CE,Combined TRACON& Tower with Radar,0,11,27,12,50,0,7,2,0,9,0,18,29,12,59,64,6,70,129
08/26/2022,GGG,TX,ASW,CE,Combined TRACON& Tower with Radar,2,18,25,5,50,0,29,33,0,62,2,47,58,5,112,136,1,137,249
08/27/2022,GGG,TX,ASW,CE,Combined TRACON& Tower with Radar,0,6,23,12,41,0,18,6,0,24,0,24,29,12,65,0,0,0,65
08/28/2022,GGG,TX,ASW,CE,Combined TRACON& Tower with Radar,0,7,26,1,34,0,2,29,1,32,0,9,55,2,66,0,0,0,66
08/29/2022,GGG,TX,ASW,CE,Combined TRACON& Tower with Radar,0,6,27,0,33,0,11,15,2,28,0,17,42,2,61,116,0,116,177
08/30/2022,GGG,TX,ASW,CE,Combined TRACON& Tower with Radar,0,10,28,0,38,0,23,24,0,47,0,33,52,0,85,110,0,110,195
08/31/2022,GGG,TX,ASW,CE,Combined TRACON& Tower with Radar,2,4,19,15,40,0,35,34,0,69,2,39,53,15,109,120,4,124,233
09/01/2022,GGG,TX,ASW,CE,Combined TRACON& Tower with Radar,0,5,32,0,37,0,26,26,0,52,0,31,58,0,89,48,0,48,137
09/02/2022,GGG,TX,ASW,CE,Combined TRACON& Tower with Radar,0,6,50,0,56,0,15,14,0,29,0,21,64,0,85,74,0,74,159
09/03/2022,GGG,TX,ASW,CE,Combined TRACON& Tower with Radar,0,6,18,0,24,0,27,14,0,41,0,33,32,0,65,82,0,82,147
09/04/2022,GGG,TX,ASW,CE,Combined TRACON& Tower with Radar,2,2,13,1,18,0,1,4,1,6,2,3,17,2,24,0,0,0,24
09/05/2022,GGG,TX,ASW,CE,Combined TRACON& Tower with Radar,0,5,44,0,49,1,43,23,0,67,1,48,67,0,116,42,0,42,158
09/06/2022,GGG,TX,ASW,CE,Combined TRACON& Tower with Radar,0,8,18,2,28,0,51,28,0,79,0,59,46,2,107,120,0,120,227
09/07/2022,GGG,TX,ASW,CE,Combined TRACON& Tower with Radar,0,5,37,4,46,0,28,21,0,49,0,33,58,4,95,118,6,124,219
09/08/2022,GGG,TX,ASW,CE,Combined TRACON& Tower with Radar,0,6,26,12,44,1,42,35,2,80,1,48,61,14,124,142,0,142,266
09/09/2022,GGG,TX,ASW,CE,Combined TRACON& Tower with Radar,0,12,36,21,69,0,65,63,10,138,0,77,99,31,207,108,24,132,339
09/10/2022,GGG,TX,ASW,CE,Combined TRACON& Tower with Radar,0,6,18,40,64,0,29,32,4,65,0,35,50,44,129,52,22,74,203
09/11/2022,GGG,TX,ASW,CE,Combined TRACON& Tower with Radar,0,3,31,14,48,0,2,29,0,31,0,5,60,14,79,26,0,26,105
09/12/2022,GGG,TX,ASW,CE,Combined TRACON& Tower with Radar,0,6,34,16,56,0,58,41,0,99,0,64,75,16,155,120,5,125,280
09/13/2022,GGG,TX,ASW,CE,Combined TRACON& Tower with Radar,0,6,27,31,64,0,56,41,4,101,0,62,68,35,165,196,30,226,391
09/14/2022,GGG,TX,ASW,CE,Combined TRACON& Tower with Radar,0,6,41,24,71,0,60,42,0,102,0,66,83,24,173,270,6,276,449
09/15/2022,GGG,TX,ASW,CE,Combined TRACON& Tower with Radar,0,6,37,23,66,0,60,51,1,112,0,66,88,24,178,236,4,240,418
09/16/2022,GGG,TX,ASW,CE,Combined TRACON& Tower with Radar,0,10,23,72,105,0,31,53,0,84,0,41,76,72,189,88,8,96,285
09/17/2022,GGG,TX,ASW,CE,Combined TRACON& Tower with Radar,0,9,25,18,52,2,27,27,0,56,2,36,52,18,108,64,8,72,180
09/18/2022,GGG,TX,ASW,CE,Combined TRACON& Tower with Radar,0,5,38,16,59,0,4,33,0,37,0,9,71,16,96,16,4,20,116
09/19/2022,GGG,TX,ASW,CE,Combined TRACON& Tower with Radar,0,6,24,45,75,0,51,33,2,86,0,57,57,47,161,180,6,186,347
09/20/2022,GGG,TX,ASW,CE,Combined TRACON& Tower with Radar,0,9,21,45,75,0,54,32,1,87,0,63,53,46,162,214,20,234,396
09/21/2022,GGG,TX,ASW,CE,Combined TRACON& Tower with Radar,2,4,27,55,88,0,62,32,0,94,2,66,59,55,182,190,8,198,380
09/22/2022,GGG,TX,ASW,CE,Combined TRACON& Tower with Radar,0,7,25,35,67,0,64,59,1,124,0,71,84,36,191,222,12,234,425
09/23/2022,GGG,TX,ASW,CE,Combined TRACON& Tower with Radar,0,10,42,41,93,1,49,40,0,90,1,59,82,41,183,166,6,172,355
09/24/2022,GGG,TX,ASW,CE,Combined TRACON& Tower with Radar,0,8,13,15,36,0,27,29,2,58,0,35,42,17,94,58,8,66,160
09/25/2022,GGG,TX,ASW,CE,Combined TRACON& Tower with Radar,2,3,24,15,44,0,2,15,4,21,2,5,39,19,65,18,0,18,83
09/26/2022,GGG,TX,ASW,CE,Combined TRACON& Tower with Radar,0,6,35,0,41,0,45,37,0,82,0,51,72,0,123,196,0,196,319
09/27/2022,GGG,TX,ASW,CE,Combined TRACON& Tower with Radar,0,7,29,21,57,0,65,45,2,112,0,72,74,23,169,248,6,254,423
09/28/2022,GGG,TX,ASW,CE,Combined TRACON& Tower with Radar,0,8,32,24,64,0,50,45,3,98,0,58,77,27,162,202,2,204,366
09/29/2022,GGG,TX,ASW,CE,Combined TRACON& Tower with Radar,0,9,40,30,79,0,37,37,3,77,0,46,77,33,156,192,14,206,362
09/30/2022,GGG,TX,ASW,CE,Combined TRACON& Tower with Radar,0,6,37,22,65,0,43,43,4,90,0,49,80,26,155,168,8,176,331
10/01/2022,GGG,TX,ASW,CE,Combined TRACON& Tower with Radar,0,7,14,0,21,0,39,29,0,68,0,46,43,0,89,86,0,86,175
10/02/2022,GGG,TX,ASW,CE,Combined TRACON& Tower with Radar,0,11,24,12,47,0,5,42,0,47,0,16,66,12,94,20,10,30,124
10/03/2022,GGG,TX,ASW,CE,Combined TRACON& Tower with Radar,0,6,23,22,51,1,48,28,1,78,1,54,51,23,129,306,0,306,435
10/04/2022,GGG,TX,ASW,CE,Combined TRACON& Tower with Radar,0,10,26,24,60,0,48,44,0,92,0,58,70,24,152,164,4,168,320
10/05/2022,GGG,TX,ASW,CE,Combined TRACON& Tower with Radar,0,12,31,25,68,0,44,41,1,86,0,56,72,26,154,214,16,230,384
10/06/2022,GGG,TX,ASW,CE,Combined TRACON& Tower with Radar,0,6,46,0,52,0,56,53,0,109,0,62,99,0,161,184,0,184,345
10/07/2022,GGG,TX,ASW,CE,Combined TRACON& Tower with Radar,0,19,35,16,70,0,39,50,0,89,0,58,85,16,159,152,0,152,311
10/08/2022,GGG,TX,ASW,CE,Combined TRACON& Tower with Radar,0,6,21,0,27,0,23,35,0,58,0,29,56,0,85,60,0,60,145
10/09/2022,GGG,TX,ASW,CE,Combined TRACON& Tower with Radar,0,3,39,0,42,0,2,33,0,35,0,5,72,0,77,18,0,18,95
10/10/2022,GGG,TX,ASW,CE,Combined TRACON& Tower with Radar,0,17,27,0,44,0,47,31,1,79,0,64,58,1,123,198,0,198,321
10/11/2022,GGG,TX,ASW,CE,Combined TRACON& Tower with Radar,0,17,22,25,64,0,41,25,2,68,0,58,47,27,132,176,16,192,324
10/12/2022,GGG,TX,ASW,CE,Combined TRACON& Tower with Radar,0,14,40,0,54,0,25,18,0,43,0,39,58,0,97,70,0,70,167
10/13/2022,GGG,TX,ASW,CE,Combined TRACON& Tower with Radar,0,8,31,19,58,0,41,43,3,87,0,49,74,22,145,198,6,204,349
10/14/2022,GGG,TX,ASW,CE,Combined TRACON& Tower with Radar,0,11,28,77,116,0,35,41,2,78,0,46,69,79,194,160,10,170,364
10/15/2022,GGG,TX,ASW,CE,Combined TRACON& Tower with Radar,0,7,25,6,38,0,11,20,2,33,0,18,45,8,71,36,0,36,107
10/16/2022,GGG,TX,ASW,CE,Combined TRACON& Tower with Radar,0,3,38,0,41,0,0,4,0,4,0,3,42,0,45,0,0,0,45
10/17/2022,GGG,TX,ASW,CE,Combined TRACON& Tower with Radar,0,3,34,10,47,0,30,32,0,62,0,33,66,10,109,122,4,126,235
10/18/2022,GGG,TX,ASW,CE,Combined TRACON& Tower with Radar,0,5,23,14,42,0,24,34,0,58,0,29,57,14,100,142,20,162,262
10/19/2022,GGG,TX,ASW,CE,Combined TRACON& Tower with Radar,0,14,32,23,69,0,36,46,1,83,0,50,78,24,152,180,24,204,356
10/20/2022,GGG,TX,ASW,CE,Combined TRACON& Tower with Radar,1,7,27,3,38,0,31,40,2,73,1,38,67,5,111,156,2,158,269
10/21/2022,GGG,TX,ASW,CE,Combined TRACON& Tower with Radar,1,14,35,43,93,0,37,42,1,80,1,51,77,44,173,88,28,116,289
10/22/2022,GGG,TX,ASW,CE,Combined TRACON& Tower with Radar,0,7,27,11,45,0,7,30,2,39,0,14,57,13,84,24,0,24,108
10/23/2022,GGG,TX,ASW,CE,Combined TRACON& Tower with Radar,0,5,32,29,66,0,4,15,2,21,0,9,47,31,87,26,2,28,115
10/24/2022,GGG,TX,ASW,CE,Combined TRACON& Tower with Radar,2,13,25,0,40,0,2,9,0,11,2,15,34,0,51,36,0,36,87
10/25/2022,GGG,TX,ASW,CE,Combined TRACON& Tower with Radar,1,8,28,40,77,0,6,15,1,22,1,14,43,41,99,28,6,34,133
10/26/2022,GGG,TX,ASW,CE,Combined TRACON& Tower with Radar,0,19,34,8,61,0,55,58,1,114,0,74,92,9,175,230,4,234,409
10/27/2022,GGG,TX,ASW,CE,Combined TRACON& Tower with Radar,0,6,26,47,79,0,56,47,1,104,0,62,73,48,183,148,26,174,357
10/28/2022,GGG,TX,ASW,CE,Combined TRACON& Tower with Radar,0,6,21,0,27,0,4,3,0,7,0,10,24,0,34,60,0,60,94
10/29/2022,GGG,TX,ASW,CE,Combined TRACON& Tower with Radar,0,13,28,0,41,0,2,3,0,5,0,15,31,0,46,0,0,0,46
10/30/2022,GGG,TX,ASW,CE,Combined TRACON& Tower with Radar,0,3,24,0,27,0,3,14,0,17,0,6,38,0,44,36,0,36,80
10/31/2022,GGG,TX,ASW,CE,Combined TRACON& Tower with Radar,0,19,28,10,57,0,41,16,0,57,0,60,44,10,114,204,0,204,318
11/01/2022,GGG,TX,ASW,CE,Combined TRACON& Tower with Radar,0,10,31,13,54,0,34,43,0,77,0,44,74,13,131,162,0,162,293
11/02/2022,GGG,TX,ASW,CE,Combined TRACON& Tower with Radar,0,21,39,26,86,0,42,33,0,75,0,63,72,26,161,168,8,176,337
11/03/2022,GGG,TX,ASW,CE,Combined TRACON& Tower with Radar,0,8,46,52,106,0,39,22,0,61,0,47,68,52,167,192,28,220,387
11/04/2022,GGG,TX,ASW,CE,Combined TRACON& Tower with Radar,0,2,35,4,41,0,0,0,0,0,0,2,35,4,41,0,0,0,41
11/05/2022,GGG,TX,ASW,CE,Combined TRACON& Tower with Radar,0,9,12,1,22,0,31,30,1,62,0,40,42,2,84,124,0,124,208
11/06/2022,GGG,TX,ASW,CE,Combined TRACON& Tower with Radar,0,3,29,7,39,0,5,12,0,17,0,8,41,7,56,22,0,22,78
11/07/2022,GGG,TX,ASW,CE,Combined TRACON& Tower with Radar,0,14,33,0,47,0,16,13,0,29,0,30,46,0,76,98,0,98,174
11/08/2022,GGG,TX,ASW,CE,Combined TRACON& Tower with Radar,0,24,37,10,71,0,5,10,0,15,0,29,47,10,86,128,0,128,214
11/09/2022,GGG,TX,ASW,CE,Combined TRACON& Tower with Radar,0,21,31,55,107,0,22,21,1,44,0,43,52,56,151,130,12,142,293
11/10/2022,GGG,TX,ASW,CE,Combined TRACON& Tower with Radar,0,17,41,10,68,0,20,31,0,51,0,37,72,10,119,150,0,150,269
11/11/2022,GGG,TX,ASW,CE,Combined TRACON& Tower with Radar,0,7,25,0,32,0,0,0,0,0,0,7,25,0,32,0,0,0,32
11/12/2022,GGG,TX,ASW,CE,Combined TRACON& Tower with Radar,0,17,14,0,31,0,35,41,0,76,0,52,55,0,107,100,0,100,207
11/13/2022,GGG,TX,ASW,CE,Combined TRACON& Tower with Radar,0,4,30,0,34,0,2,24,0,26,0,6,54,0,60,42,0,42,102
11/14/2022,GGG,TX,ASW,CE,Combined TRACON& Tower with Radar,0,16,19,1,36,0,20,6,0,26,0,36,25,1,62,68,0,68,130
11/15/2022,GGG,TX,ASW,CE,Combined TRACON& Tower with Radar,0,8,24,21,53,0,16,16,3,35,0,24,40,24,88,164,22,186,274
11/16/2022,GGG,TX,ASW,CE,Combined TRACON& Tower with Radar,0,21,26,15,62,0,53,45,4,102,0,74,71,19,164,228,18,246,410
11/17/2022,GGG,TX,ASW,CE,Combined TRACON& Tower with Radar,0,19,37,20,76,0,40,60,2,102,0,59,97,22,178,180,30,210,388
11/18/2022,GGG,TX,ASW,CE,Combined TRACON& Tower with Radar,0,15,33,14,62,0,49,49,0,98,0,64,82,14,160,280,0,280,440
11/19/2022,GGG,TX,ASW,CE,Combined TRACON& Tower with Radar,0,18,18,0,36,0,32,23,0,55,0,50,41,0,91,118,0,118,209
11/20/2022,GGG,TX,ASW,CE,Combined TRACON& Tower with Radar,0,3,32,6,41,0,0,26,0,26,0,3,58,6,67,46,0,46,113
11/21/2022,GGG,TX,ASW,CE,Combined TRACON& Tower with Radar,0,17,25,7,49,0,31,30,0,61,0,48,55,7,110,202,6,208,318
11/22/2022,GGG,TX,ASW,CE,Combined TRACON& Tower with Radar,0,16,34,23,73,0,31,57,1,89,0,47,91,24,162,162,8,170,332
11/23/2022,GGG,TX,ASW,CE,Combined TRACON& Tower with Radar,0,10,29,2,41,0,17,32,1,50,0,27,61,3,91,174,10,184,275
11/24/2022,GGG,TX,ASW,CE,Combined TRACON& Tower with Radar,0,2,3,0,5,0,0,0,0,0,0,2,3,0,5,0,0,0,5
11/25/2022,GGG,TX,ASW,CE,Combined TRACON& Tower with Radar,0,7,15,6,28,0,0,0,0,0,0,7,15,6,28,0,0,0,28
11/26/2022,GGG,TX,ASW,CE,Combined TRACON& Tower with Radar,0,5,13,1,19,0,0,1,0,1,0,5,14,1,20,0,0,0,20
11/27/2022,GGG,TX,ASW,CE,Combined TRACON& Tower with Radar,0,3,31,0,34,0,7,44,0,51,0,10,75,0,85,18,0,18,103
11/28/2022,GGG,TX,ASW,CE,Combined TRACON& Tower with Radar,0,21,17,32,70,0,32,52,2,86,0,53,69,34,156,234,16,250,406
11/29/2022,GGG,TX,ASW,CE,Combined TRACON& Tower with Radar,0,11,22,12,45,0,2,1,0,3,0,13,23,12,48,18,0,18,66
11/30/2022,GGG,TX,ASW,CE,Combined TRACON& Tower with Radar,4,13,22,20,59,0,41,45,2,88,4,54,67,22,147,160,58,218,365
12/01/2022,GGG,TX,ASW,CE,Combined TRACON& Tower with Radar,4,8,30,5,47,0,36,43,1,80,4,44,73,6,127,146,6,152,279
12/02/2022,GGG,TX,ASW,CE,Combined TRACON& Tower with Radar,4,21,25,14,64,0,0,2,0,2,4,21,27,14,66,45,0,45,111
12/03/2022,GGG,TX,ASW,CE,Combined TRACON& Tower with Radar,4,8,28,0,40,0,4,10,0,14,4,12,38,0,54,106,0,106,160
12/04/2022,GGG,TX,ASW,CE,Combined TRACON& Tower with Radar,4,2,27,0,33,0,4,19,0,23,4,6,46,0,56,0,0,0,56
12/05/2022,GGG,TX,ASW,CE,Combined TRACON& Tower with Radar,8,12,27,2,49,0,4,8,0,12,8,16,35,2,61,2,0,2,63
12/06/2022,GGG,TX,ASW,CE,Combined TRACON& Tower with Radar,4,10,47,3,64,0,14,8,0,22,4,24,55,3,86,150,0,150,236
12/07/2022,GGG,TX,ASW,CE,Combined TRACON& Tower with Radar,4,17,35,8,64,0,29,30,0,59,4,46,65,8,123,190,0,190,313
12/08/2022,GGG,TX,ASW,CE,Combined TRACON& Tower with Radar,4,16,39,46,105,0,20,21,0,41,4,36,60,46,146,188,20,208,354
12/09/2022,GGG,TX,ASW,CE,Combined TRACON& Tower with Radar,6,18,34,15,73,0,5,0,0,5,6,23,34,15,78,58,0,58,136
12/10/2022,GGG,TX,ASW,CE,Combined TRACON& Tower with Radar,4,3,26,2,35,0,13,8,0,21,4,16,34,2,56,122,0,122,178
12/11/2022,GGG,TX,ASW,CE,Combined TRACON& Tower with Radar,4,0,26,0,30,0,0,0,0,0,4,0,26,0,30,0,0,0,30
12/12/2022,GGG,TX,ASW,CE,Combined TRACON& Tower with Radar,4,4,21,0,29,0,0,0,0,0,4,4,21,0,29,0,0,0,29
12/13/2022,GGG,TX,ASW,CE,Combined TRACON& Tower with Radar,4,0,15,0,19,0,2,1,0,3,4,2,16,0,22,0,0,0,22
12/14/2022,GGG,TX,ASW,CE,Combined TRACON& Tower with Radar,4,15,29,2,50,0,41,28,0,69,4,56,57,2,119,124,0,124,243
12/15/2022,GGG,TX,ASW,CE,Combined TRACON& Tower with Radar,4,14,31,2,51,0,39,49,2,90,4,53,80,4,141,206,28,234,375
12/16/2022,GGG,TX,ASW,CE,Combined TRACON& Tower with Radar,4,12,36,29,81,0,31,29,2,62,4,43,65,31,143,293,2,295,438
12/17/2022,GGG,TX,ASW,CE,Combined TRACON& Tower with Radar,4,10,13,2,29,0,21,18,0,39,4,31,31,2,68,118,6,124,192
12/18/2022,GGG,TX,ASW,CE,Combined TRACON& Tower with Radar,4,0,24,0,28,0,3,34,0,37,4,3,58,0,65,16,0,16,81
12/19/2022,GGG,TX,ASW,CE,Combined TRACON& Tower with Radar,4,6,14,2,26,0,0,0,0,0,4,6,14,2,26,0,0,0,26
12/20/2022,GGG,TX,ASW,CE,Combined TRACON& Tower with Radar,4,11,23,4,42,0,5,5,0,10,4,16,28,4,52,20,0,20,72
12/21/2022,GGG,TX,ASW,CE,Combined TRACON& Tower with Radar,4,4,26,54,88,0,31,37,4,72,4,35,63,58,160,98,10,108,268
12/22/2022,GGG,TX,ASW,CE,Combined TRACON& Tower with Radar,4,8,17,0,29,0,0,0,0,0,4,8,17,0,29,0,0,0,29
12/23/2022,GGG,TX,ASW,CE,Combined TRACON& Tower with Radar,2,0,17,0,19,0,3,13,0,16,2,3,30,0,35,0,0,0,35
12/24/2022,GGG,TX,ASW,CE,Combined TRACON& Tower with Radar,2,0,7,0,9,0,6,13,0,19,2,6,20,0,28,0,0,0,28
12/25/2022,GGG,TX,ASW,CE,Combined TRACON& Tower with Radar,2,0,1,0,3,0,2,7,0,9,2,2,8,0,12,0,0,0,12
12/26/2022,GGG,TX,ASW,CE,Combined TRACON& Tower with Radar,4,0,21,0,25,0,4,26,0,30,4,4,47,0,55,62,0,62,117
12/27/2022,GGG,TX,ASW,CE,Combined TRACON& Tower with Radar,4,0,24,10,38,0,5,28,0,33,4,5,52,10,71,60,14,74,145
12/28/2022,GGG,TX,ASW,CE,Combined TRACON& Tower with Radar,4,2,32,12,50,0,2,24,0,26,4,4,56,12,76,0,0,0,76
12/29/2022,GGG,TX,ASW,CE,Combined TRACON& Tower with Radar,4,2,23,0,29,0,0,5,0,5,4,2,28,0,34,8,0,8,42
12/30/2022,GGG,TX,ASW,CE,Combined TRACON& Tower with Radar,4,3,31,0,38,0,0,10,0,10,4,3,41,0,48,78,0,78,126
12/31/2022,GGG,TX,ASW,CE,Combined TRACON& Tower with Radar,2,2,17,0,21,0,2,14,0,16,2,4,31,0,37,0,0,0,37
01/01/2023,GGG,TX,ASW,CE,Combined TRACON& Tower with Radar,4,0,28,0,32,0,3,3,0,6,4,3,31,0,38,0,0,0,38
01/02/2023,GGG,TX,ASW,CE,Combined TRACON& Tower with Radar,4,3,18,0,25,0,0,0,0,0,4,3,18,0,25,0,0,0,25
01/03/2023,GGG,TX,ASW,CE,Combined TRACON& Tower with Radar,4,3,20,6,33,0,7,33,0,40,4,10,53,6,73,72,0,72,145
01/04/2023,GGG,TX,ASW,CE,Combined TRACON& Tower with Radar,4,8,24,14,50,0,29,33,2,64,4,37,57,16,114,98,16,114,228
01/05/2023,GGG,TX,ASW,CE,Combined TRACON& Tower with Radar,4,3,47,26,80,0,26,60,2,88,4,29,107,28,168,108,2,110,278
01/06/2023,GGG,TX,ASW,CE,Combined TRACON& Tower with Radar,4,2,38,84,128,0,24,50,5,79,4,26,88,89,207,64,70,134,341
01/07/2023,GGG,TX,ASW,CE,Combined TRACON& Tower with Radar,6,12,17,10,45,0,0,2,0,2,6,12,19,10,47,16,0,16,63
01/08/2023,GGG,TX,ASW,CE,Combined TRACON& Tower with Radar,4,2,24,1,31,0,0,38,1,39,4,2,62,2,70,0,0,0,70
01/09/2023,GGG,TX,ASW,CE,Combined TRACON& Tower with Radar,4,7,25,25,61,0,31,27,0,58,4,38,52,25,119,64,34,98,217
01/10/2023,GGG,TX,ASW,CE,Combined TRACON& Tower with Radar,4,8,22,6,40,0,10,19,0,29,4,18,41,6,69,18,2,20,89
01/11/2023,GGG,TX,ASW,CE,Combined TRACON& Tower with Radar,4,5,23,33,65,0,19,29,3,51,4,24,52,36,116,120,24,144,260
01/12/2023,GGG,TX,ASW,CE,Combined TRACON& Tower with Radar,4,3,32,25,64,0,21,23,1,45,4,24,55,26,109,46,54,100,209
01/13/2023,GGG,TX,ASW,CE,Combined TRACON& Tower with Radar,4,10,32,27,73,0,57,57,2,116,4,67,89,29,189,188,0,188,377
01/14/2023,GGG,TX,ASW,CE,Combined TRACON& Tower with Radar,2,4,13,0,19,0,37,52,0,89,2,41,65,0,108,136,0,136,244
01/15/2023,GGG,TX,ASW,CE,Combined TRACON& Tower with Radar,4,2,32,0,38,0,2,8,0,10,4,4,40,0,48,14,0,14,62
01/16/2023,GGG,TX,ASW,CE,Combined TRACON& Tower with Radar,4,4,29,4,41,0,4,17,0,21,4,8,46,4,62,16,0,16,78
01/17/2023,GGG,TX,ASW,CE,Combined TRACON& Tower with Radar,4,8,38,25,75,0,24,35,1,60,4,32,73,26,135,126,28,154,289
01/18/2023,GGG,TX,ASW,CE,Combined TRACON& Tower with Radar,4,7,8,9,28,0,20,9,1,30,4,27,17,10,58,146,4,150,208
01/19/2023,GGG,TX,ASW,CE,Combined TRACON& Tower with Radar,4,1,21,22,48,0,53,31,2,86,4,54,52,24,134,134,36,170,304
01/20/2023,GGG,TX,ASW,CE,Combined TRACON& Tower with Radar,4,1,31,89,125,0,49,45,6,100,4,50,76,95,225,96,74,170,395
01/21/2023,GGG,TX,ASW,CE,Combined TRACON& Tower with Radar,4,15,10,28,57,0,13,14,0,27,4,28,24,28,84,74,16,90,174
01/22/2023,GGG,TX,ASW,CE,Combined TRACON& Tower with Radar,4,0,17,29,50,0,0,28,0,28,4,0,45,29,78,64,0,64,142
01/23/2023,GGG,TX,ASW,CE,Combined TRACON& Tower with Radar,3,4,35,53,95,0,45,58,2,105,3,49,93,55,200,106,28,134,334
01/24/2023,GGG,TX,ASW,CE,Combined TRACON& Tower with Radar,6,1,9,0,16,0,1,2,0,3,6,2,11,0,19,26,0,26,45
01/25/2023,GGG,TX,ASW,CE,Combined TRACON& Tower with Radar,4,4,34,0,42,0,17,8,0,25,4,21,42,0,67,104,0,104,171
01/26/2023,GGG,TX,ASW,CE,Combined TRACON& Tower with Radar,4,6,26,8,44,1,76,73,0,150,5,82,99,8,194,144,0,144,338
01/27/2023,GGG,TX,ASW,CE,Combined TRACON& Tower with Radar,6,4,30,42,82,0,66,66,6,138,6,70,96,48,220,140,22,162,382
01/28/2023,GGG,TX,ASW,CE,Combined TRACON& Tower with Radar,4,3,26,0,33,0,0,0,0,0,4,3,26,0,33,0,0,0,33
01/29/2023,GGG,TX,ASW,CE,Combined TRACON& Tower with Radar,6,1,29,0,36,0,0,0,0,0,6,1,29,0,36,0,0,0,36
01/30/2023,GGG,TX,ASW,CE,Combined TRACON& Tower with Radar,2,2,13,0,17,0,0,0,0,0,2,2,13,0,17,0,0,0,17
01/31/2023,GGG,TX,ASW,CE,Combined TRACON& Tower with Radar,0,1,11,12,24,0,0,0,0,0,0,1,11,12,24,0,0,0,24
02/01/2023,GGG,TX,ASW,CE,Combined TRACON& Tower with Radar,2,0,19,0,21,0,0,0,0,0,2,0,19,0,21,0,0,0,21
02/02/2023,GGG,TX,ASW,CE,Combined TRACON& Tower with Radar,4,0,18,0,22,0,0,0,0,0,4,0,18,0,22,0,0,0,22
02/03/2023,GGG,TX,ASW,CE,Combined TRACON& Tower with Radar,4,7,28,15,54,0,63,44,1,108,4,70,72,16,162,216,6,222,384
02/04/2023,GGG,TX,ASW,CE,Combined TRACON& Tower with Radar,4,12,21,0,37,0,43,53,0,96,4,55,74,0,133,100,0,100,233
02/05/2023,GGG,TX,ASW,CE,Combined TRACON& Tower with Radar,4,5,26,26,61,0,4,38,0,42,4,9,64,26,103,28,0,28,131
02/06/2023,GGG,TX,ASW,CE,Combined TRACON& Tower with Radar,4,13,37,6,60,0,14,12,0,26,4,27,49,6,86,134,8,142,228
02/07/2023,GGG,TX,ASW,CE,Combined TRACON& Tower with Radar,4,4,43,19,70,0,46,11,3,60,4,50,54,22,130,212,18,230,360
02/08/2023,GGG,TX,ASW,CE,Combined TRACON& Tower with Radar,4,7,18,4,33,0,0,0,0,0,4,7,18,4,33,0,0,0,33
02/09/2023,GGG,TX,ASW,CE,Combined TRACON& Tower with Radar,4,8,36,22,70,2,89,51,3,145,6,97,87,25,215,212,6,218,433
02/10/2023,GGG,TX,ASW,CE,Combined TRACON& Tower with Radar,4,3,21,0,28,2,23,3,1,29,6,26,24,1,57,62,0,62,119
02/11/2023,GGG,TX,ASW,CE,Combined TRACON& Tower with Radar,6,7,23,0,36,0,6,11,0,17,6,13,34,0,53,68,0,68,121
02/12/2023,GGG,TX,ASW,CE,Combined TRACON& Tower with Radar,4,0,31,6,41,0,3,46,0,49,4,3,77,6,90,26,0,26,116
02/13/2023,GGG,TX,ASW,CE,Combined TRACON& Tower with Radar,4,14,34,8,60,0,70,43,0,113,4,84,77,8,173,238,0,238,411
02/14/2023,GGG,TX,ASW,CE,Combined TRACON& Tower with Radar,4,4,17,0,25,0,10,4,0,14,4,14,21,0,39,86,0,86,125
02/15/2023,GGG,TX,ASW,CE,Combined TRACON& Tower with Radar,4,18,27,12,61,0,48,4,3,55,4,66,31,15,116,152,0,152,268
02/16/2023,GGG,TX,ASW,CE,Combined TRACON& Tower with Radar,4,6,33,43,86,0,65,27,3,95,4,71,60,46,181,68,36,104,285
02/17/2023,GGG,TX,ASW,CE,Combined TRACON& Tower with Radar,4,11,27,30,72,0,70,44,0,114,4,81,71,30,186,208,12,220,406
02/18/2023,GGG,TX,ASW,CE,Combined TRACON& Tower with Radar,4,6,27,4,41,0,27,57,0,84,4,33,84,4,125,118,0,118,243
02/19/2023,GGG,TX,ASW,CE,Combined TRACON& Tower with Radar,4,1,23,0,28,0,3,19,0,22,4,4,42,0,50,4,0,4,54
02/20/2023,GGG,TX,ASW,CE,Combined TRACON& Tower with Radar,4,6,25,0,35,0,8,13,0,21,4,14,38,0,56,72,0,72,128
02/21/2023,GGG,TX,ASW,CE,Combined TRACON& Tower with Radar,4,7,31,19,61,0,61,24,1,86,4,68,55,20,147,110,16,126,273
02/22/2023,GGG,TX,ASW,CE,Combined TRACON& Tower with Radar,4,12,22,0,38,0,25,15,1,41,4,37,37,1,79,192,0,192,271
02/23/2023,GGG,TX,ASW,CE,Combined TRACON& Tower with Radar,4,6,39,0,49,0,45,40,0,85,4,51,79,0,134,204,1,205,339
02/24/2023,GGG,TX,ASW,CE,Combined TRACON& Tower with Radar,4,27,31,6,68,0,12,8,0,20,4,39,39,6,88,120,0,120,208
02/25/2023,GGG,TX,ASW,CE,Combined TRACON& Tower with Radar,4,4,24,0,32,0,0,0,0,0,4,4,24,0,32,0,0,0,32
02/26/2023,GGG,TX,ASW,CE,Combined TRACON& Tower with Radar,4,0,26,0,30,0,2,3,0,5,4,2,29,0,35,6,0,6,41
02/27/2023,GGG,TX,ASW,CE,Combined TRACON& Tower with Radar,4,13,30,24,71,2,42,41,0,85,6,55,71,24,156,80,8,88,244
02/28/2023,GGG,TX,ASW,CE,Combined TRACON& Tower with Radar,4,8,30,14,56,0,71,59,0,130,4,79,89,14,186,96,28,124,310
03/01/2023,GGG,TX,ASW,CE,Combined TRACON& Tower with Radar,4,23,30,0,57,2,22,53,0,77,6,45,83,0,134,92,0,92,226
03/02/2023,GGG,TX,ASW,CE,Combined TRACON& Tower with Radar,6,0,15,0,21,0,0,1,0,1,6,0,16,0,22,6,0,6,28
03/03/2023,GGG,TX,ASW,CE,Combined TRACON& Tower with Radar,4,32,28,14,78,0,29,26,7,62,4,61,54,21,140,190,6,196,336
03/04/2023,GGG,TX,ASW,CE,Combined TRACON& Tower with Radar,4,6,28,50,88,0,45,168,1,214,4,51,196,51,302,88,0,88,390
03/05/2023,GGG,TX,ASW,CE,Combined TRACON& Tower with Radar,4,1,26,14,45,0,8,45,2,55,4,9,71,16,100,26,18,44,144
03/06/2023,GGG,TX,ASW,CE,Combined TRACON& Tower with Radar,4,25,38,2,69,0,34,19,0,53,4,59,57,2,122,106,0,106,228
03/07/2023,GGG,TX,ASW,CE,Combined TRACON& Tower with Radar,4,10,44,0,58,0,35,14,0,49,4,45,58,0,107,216,0,216,323
03/08/2023,GGG,TX,ASW,CE,Combined TRACON& Tower with Radar,4,23,29,2,58,0,40,20,0,60,4,63,49,2,118,226,0,226,344
03/09/2023,GGG,TX,ASW,CE,Combined TRACON& Tower with Radar,3,17,43,12,75,0,27,14,0,41,3,44,57,12,116,50,7,57,173
03/10/2023,GGG,TX,ASW,CE,Combined TRACON& Tower with Radar,4,28,47,5,84,0,1,1,1,3,4,29,48,6,87,0,0,0,87
03/11/2023,GGG,TX,ASW,CE,Combined TRACON& Tower with Radar,4,6,20,4,34,0,10,9,0,19,4,16,29,4,53,10,0,10,63
03/12/2023,GGG,TX,ASW,CE,Combined TRACON& Tower with Radar,4,6,40,2,52,0,3,9,0,12,4,9,49,2,64,12,0,12,76
03/13/2023,GGG,TX,ASW,CE,Combined TRACON& Tower with Radar,4,2,14,1,21,0,4,35,3,42,4,6,49,4,63,30,0,30,93
03/14/2023,GGG,TX,ASW,CE,Combined TRACON& Tower with Radar,4,0,23,4,31,0,2,39,0,41,4,2,62,4,72,75,10,85,157
03/15/2023,GGG,TX,ASW,CE,Combined TRACON& Tower with Radar,4,11,35,10,60,1,69,46,3,119,5,80,81,13,179,174,0,174,353
03/16/2023,GGG,TX,ASW,CE,Combined TRACON& Tower with Radar,4,11,13,0,28,0,1,0,1,2,4,12,13,1,30,30,0,30,60
03/17/2023,GGG,TX,ASW,CE,Combined TRACON& Tower with Radar,4,6,23,0,33,0,55,20,0,75,4,61,43,0,108,178,0,178,286
03/18/2023,GGG,TX,ASW,CE,Combined TRACON& Tower with Radar,4,2,30,10,46,0,31,48,0,79,4,33,78,10,125,112,0,112,237
03/19/2023,GGG,TX,ASW,CE,Combined TRACON& Tower with Radar,4,0,20,0,24,0,1,38,0,39,4,1,58,0,63,28,0,28,91
03/20/2023,GGG,TX,ASW,CE,Combined TRACON& Tower with Radar,4,12,43,30,89,0,68,27,0,95,4,80,70,30,184,136,16,152,336
03/21/2023,GGG,TX,ASW,CE,Combined TRACON& Tower with Radar,4,15,54,42,115,1,25,34,0,60,5,40,88,42,175,106,0,106,281
03/22/2023,GGG,TX,ASW,CE,Combined TRACON& Tower with Radar,4,25,39,2,70,0,18,15,1,34,4,43,54,3,104,130,0,130,234
03/23/2023,GGG,TX,ASW,CE,Combined TRACON& Tower with Radar,4,17,35,6,62,0,19,10,0,29,4,36,45,6,91,66,0,66,157
03/24/2023,GGG,TX,ASW,CE,Combined TRACON& Tower with Radar,4,13,22,2,41,1,9,7,0,17,5,22,29,2,58,76,12,88,146
03/25/2023,GGG,TX,ASW,CE,Combined TRACON& Tower with Radar,4,10,38,2,54,0,39,42,1,82,4,49,80,3,136,124,0,124,260
03/26/2023,GGG,TX,ASW,CE,Combined TRACON& Tower with Radar,4,1,40,5,50,0,8,26,3,37,4,9,66,8,87,0,0,0,87
03/27/2023,GGG,TX,ASW,CE,Combined TRACON& Tower with Radar,4,14,33,39,90,1,84,55,5,145,5,98,88,44,235,210,18,228,463
03/28/2023,GGG,TX,ASW,CE,Combined TRACON& Tower with Radar,4,8,25,32,69,0,79,29,3,111,4,87,54,35,180,208,22,230,410
03/29/2023,GGG,TX,ASW,CE,Combined TRACON& Tower with Radar,4,20,49,38,111,0,68,31,2,101,4,88,80,40,212,238,0,238,450
03/30/2023,GGG,TX,ASW,CE,Combined TRACON& Tower with Radar,4,10,46,14,74,0,50,18,0,68,4,60,64,14,142,174,28,202,344
03/31/2023,GGG,TX,ASW,CE,Combined TRACON& Tower with Radar,4,6,23,4,37,0,0,5,0,5,4,6,28,4,42,44,0,44,86
04/01/2023,GGG,TX,ASW,CE,Combined TRACON& Tower with Radar,4,6,22,11,43,0,35,52,3,90,4,41,74,14,133,186,32,218,351
04/02/2023,GGG,TX,ASW,CE,Combined TRACON& Tower with Radar,2,1,25,3,31,0,2,9,3,14,2,3,34,6,45,0,0,0,45
04/03/2023,GGG,TX,ASW,CE,Combined TRACON& Tower with Radar,4,9,34,3,50,0,22,20,1,43,4,31,54,4,93,190,20,210,303
04/04/2023,GGG,TX,ASW,CE,Combined TRACON& Tower with Radar,4,8,41,29,82,0,17,30,2,49,4,25,71,31,131,110,10,120,251
04/05/2023,GGG,TX,ASW,CE,Combined TRACON& Tower with Radar,4,8,27,0,39,0,11,13,0,24,4,19,40,0,63,102,0,102,165
04/06/2023,GGG,TX,ASW,CE,Combined TRACON& Tower with Radar,4,19,24,0,47,0,0,0,0,0,4,19,24,0,47,0,0,0,47
04/07/2023,GGG,TX,ASW,CE,Combined TRACON& Tower with Radar,4,0,48,2,54,0,0,0,0,0,4,0,48,2,54,0,0,0,54
04/08/2023,GGG,TX,ASW,CE,Combined TRACON& Tower with Radar,6,0,26,0,32,0,2,16,0,18,6,2,42,0,50,32,0,32,82
04/09/2023,GGG,TX,ASW,CE,Combined TRACON& Tower with Radar,2,0,26,0,28,0,2,5,0,7,2,2,31,0,35,2,0,2,37
04/10/2023,GGG,TX,ASW,CE,Combined TRACON& Tower with Radar,4,15,45,2,66,0,47,18,0,65,4,62,63,2,131,230,8,238,369
04/11/2023,GGG,TX,ASW,CE,Combined TRACON& Tower with Radar,4,8,41,28,81,0,74,73,4,151,4,82,114,32,232,224,20,244,476
04/12/2023,GGG,TX,ASW,CE,Combined TRACON& Tower with Radar,4,9,32,4,49,1,40,47,8,96,5,49,79,12,145,280,8,288,433
04/13/2023,GGG,TX,ASW,CE,Combined TRACON& Tower with Radar,4,12,28,12,56,2,51,52,1,106,6,63,80,13,162,220,0,220,382
04/14/2023,GGG,TX,ASW,CE,Combined TRACON& Tower with Radar,4,12,41,19,76,2,37,45,1,85,6,49,86,20,161,306,0,306,467
04/15/2023,GGG,TX,ASW,CE,Combined TRACON& Tower with Radar,4,4,22,10,40,0,10,8,2,20,4,14,30,12,60,16,0,16,76
04/16/2023,GGG,TX,ASW,CE,Combined TRACON& Tower with Radar,4,2,30,20,56,0,2,20,4,26,4,4,50,24,82,0,20,20,102
04/17/2023,GGG,TX,ASW,CE,Combined TRACON& Tower with Radar,4,5,22,4,35,0,46,133,0,179,4,51,155,4,214,58,0,58,272
04/18/2023,GGG,TX,ASW,CE,Combined TRACON& Tower with Radar,4,8,20,4,36,0,27,32,0,59,4,35,52,4,95,103,0,103,198
04/19/2023,GGG,TX,ASW,CE,Combined TRACON& Tower with Radar,4,7,30,0,41,2,22,28,0,52,6,29,58,0,93,160,0,160,253
04/20/2023,GGG,TX,ASW,CE,Combined TRACON& Tower with Radar,3,3,23,0,29,0,0,2,2,4,3,3,25,2,33,62,0,62,95
04/21/2023,GGG,TX,ASW,CE,Combined TRACON& Tower with Radar,4,10,46,4,64,0,24,19,0,43,4,34,65,4,107,202,0,202,309
04/22/2023,GGG,TX,ASW,CE,Combined TRACON& Tower with Radar,4,11,24,9,48,0,40,62,0,102,4,51,86,9,150,132,28,160,310
04/23/2023,GGG,TX,ASW,CE,Combined TRACON& Tower with Radar,4,2,26,0,32,0,5,2,2,9,4,7,28,2,41,0,0,0,41
04/24/2023,GGG,TX,ASW,CE,Combined TRACON& Tower with Radar,4,8,38,29,79,0,53,94,11,158,4,61,132,40,237,234,30,264,501
04/25/2023,GGG,TX,ASW,CE,Combined TRACON& Tower with Radar,4,8,32,27,71,0,65,55,0,120,4,73,87,27,191,194,8,202,393
04/26/2023,GGG,TX,ASW,CE,Combined TRACON& Tower with Radar,4,0,29,0,33,0,4,3,0,7,4,4,32,0,40,30,0,30,70
04/27/2023,GGG,TX,ASW,CE,Combined TRACON& Tower with Radar,4,11,33,8,56,0,22,17,0,39,4,33,50,8,95,126,6,132,227
04/28/2023,GGG,TX,ASW,CE,Combined TRACON& Tower with Radar,2,8,44,52,106,0,39,41,3,83,2,47,85,55,189,350,6,356,545
04/29/2023,GGG,TX,ASW,CE,Combined TRACON& Tower with Radar,4,4,15,1,24,0,2,5,0,7,4,6,20,1,31,0,0,0,31
04/30/2023,GGG,TX,ASW,CE,Combined TRACON& Tower with Radar,4,3,45,5,57,0,3,53,1,57,4,6,98,6,114,12,0,12,126
05/01/2023,GGG,TX,ASW,CE,Combined TRACON& Tower with Radar,4,11,27,39,81,0,57,67,0,124,4,68,94,39,205,244,0,244,449
05/02/2023,GGG,TX,ASW,CE,Combined TRACON& Tower with Radar,4,6,41,43,94,1,53,106,6,166,5,59,147,49,260,242,2,244,504
05/03/2023,GGG,TX,ASW,CE,Combined TRACON& Tower with Radar,4,5,56,29,94,0,49,56,0,105,4,54,112,29,199,154,24,178,377
05/04/2023,GGG,TX,ASW,CE,Combined TRACON& Tower with Radar,6,3,56,22,87,0,30,28,2,60,6,33,84,24,147,342,4,346,493
05/05/2023,GGG,TX,ASW,CE,Combined TRACON& Tower with Radar,2,6,45,15,68,0,9,8,0,17,2,15,53,15,85,42,0,42,127
05/06/2023,GGG,TX,ASW,CE,Combined TRACON& Tower with Radar,3,6,26,4,39,0,13,61,0,74,3,19,87,4,113,36,0,36,149
05/07/2023,GGG,TX,ASW,CE,Combined TRACON& Tower with Radar,3,0,34,2,39,0,2,8,0,10,3,2,42,2,49,46,0,46,95
05/08/2023,GGG,TX,ASW,CE,Combined TRACON& Tower with Radar,5,4,30,0,39,0,6,5,1,12,5,10,35,1,51,170,0,170,221
05/09/2023,GGG,TX,ASW,CE,Combined TRACON& Tower with Radar,3,11,33,2,49,0,17,15,0,32,3,28,48,2,81,186,0,186,267
05/10/2023,GGG,TX,ASW,CE,Combined TRACON& Tower with Radar,3,3,21,6,33,0,2,0,0,2,3,5,21,6,35,0,0,0,35
05/11/2023,GGG,TX,ASW,CE,Combined TRACON& Tower with Radar,3,8,51,0,62,0,11,1,0,12,3,19,52,0,74,62,0,62,136
05/12/2023,GGG,TX,ASW,CE,Combined TRACON& Tower with Radar,3,4,38,12,57,0,21,21,1,43,3,25,59,13,100,132,4,136,236
05/13/2023,GGG,TX,ASW,CE,Combined TRACON& Tower with Radar,3,4,12,10,29,0,3,8,0,11,3,7,20,10,40,0,0,0,40
05/14/2023,GGG,TX,ASW,CE,Combined TRACON& Tower with Radar,3,4,32,0,39,0,0,3,1,4,3,4,35,1,43,0,0,0,43
05/15/2023,GGG,TX,ASW,CE,Combined TRACON& Tower with Radar,3,0,39,26,68,0,27,30,1,58,3,27,69,27,126,132,24,156,282
05/16/2023,GGG,TX,ASW,CE,Combined TRACON& Tower with Radar,3,5,35,0,43,0,23,18,1,42,3,28,53,1,85,127,0,127,212
05/17/2023,GGG,TX,ASW,CE,Combined TRACON& Tower with Radar,3,1,42,25,71,0,54,34,2,90,3,55,76,27,161,180,10,190,351
05/18/2023,GGG,TX,ASW,CE,Combined TRACON& Tower with Radar,3,3,28,14,48,0,40,45,2,87,3,43,73,16,135,212,10,222,357
05/19/2023,GGG,TX,ASW,CE,Combined TRACON& Tower with Radar,7,2,31,35,75,0,39,41,0,80,7,41,72,35,155,170,10,180,335
05/20/2023,GGG,TX,ASW,CE,Combined TRACON& Tower with Radar,4,0,22,32,58,0,7,11,0,18,4,7,33,32,76,26,20,46,122
05/21/2023,GGG,TX,ASW,CE,Combined TRACON& Tower with Radar,4,0,30,20,54,0,2,28,0,30,4,2,58,20,84,10,0,10,94
05/22/2023,GGG,TX,ASW,CE,Combined TRACON& Tower with Radar,3,2,33,0,38,0,55,41,0,96,3,57,74,0,134,160,0,160,294
05/23/2023,GGG,TX,ASW,CE,Combined TRACON& Tower with Radar,3,3,43,6,55,0,48,35,0,83,3,51,78,6,138,196,0,196,334
05/24/2023,GGG,TX,ASW,CE,Combined TRACON& Tower with Radar,3,4,38,12,57,0,45,29,0,74,3,49,67,12,131,218,6,224,355
05/25/2023,GGG,TX,ASW,CE,Combined TRACON& Tower with Radar,3,5,47,14,69,0,55,37,3,95,3,60,84,17,164,166,14,180,344
05/26/2023,GGG,TX,ASW,CE,Combined TRACON& Tower with Radar,3,8,49,2,62,0,38,40,2,80,3,46,89,4,142,252,0,252,394
05/27/2023,GGG,TX,ASW,CE,Combined TRACON& Tower with Radar,4,4,35,0,43,0,14,35,0,49,4,18,70,0,92,130,0,130,222
05/28/2023,GGG,TX,ASW,CE,Combined TRACON& Tower with Radar,4,0,28,0,32,0,7,21,0,28,4,7,49,0,60,18,0,18,78
05/29/2023,GGG,TX,ASW,CE,Combined TRACON& Tower with Radar,5,2,22,2,31,0,0,28,0,28,5,2,50,2,59,14,0,14,73
05/30/2023,GGG,TX,ASW,CE,Combined TRACON& Tower with Radar,3,10,32,17,62,0,67,36,0,103,3,77,68,17,165,254,28,282,447
05/31/2023,GGG,TX,ASW,CE,Combined TRACON& Tower with Radar,3,5,32,28,68,0,58,36,7,101,3,63,68,35,169,194,46,240,409
06/01/2023,GGG,TX,ASW,CE,Combined TRACON& Tower with Radar,3,10,27,9,49,0,31,37,0,68,3,41,64,9,117,248,10,258,375
06/02/2023,GGG,TX,ASW,CE,Combined TRACON& Tower with Radar,3,6,28,23,60,0,35,22,1,58,3,41,50,24,118,192,2,194,312
06/03/2023,GGG,TX,ASW,CE,Combined TRACON& Tower with Radar,3,0,20,0,23,0,3,12,5,20,3,3,32,5,43,30,0,30,73
06/04/2023,GGG,TX,ASW,CE,Combined TRACON& Tower with Radar,3,0,19,4,26,0,1,17,0,18,3,1,36,4,44,6,0,6,50
06/05/2023,GGG,TX,ASW,CE,Combined TRACON& Tower with Radar,3,12,16,3,34,0,29,25,0,54,3,41,41,3,88,170,0,170,258
06/06/2023,GGG,TX,ASW,CE,Combined TRACON& Tower with Radar,2,1,36,11,50,0,30,40,0,70,2,31,76,11,120,208,0,208,328
06/07/2023,GGG,TX,ASW,CE,Combined TRACON& Tower with Radar,3,6,36,2,47,0,26,35,0,61,3,32,71,2,108,162,0,162,270
06/08/2023,GGG,TX,ASW,CE,Combined TRACON& Tower with Radar,3,6,25,6,40,0,47,34,0,81,3,53,59,6,121,216,0,216,337
06/09/2023,GGG,TX,ASW,CE,Combined TRACON& Tower with Radar,3,9,30,18,60,0,40,51,0,91,3,49,81,18,151,310,0,310,461
06/10/2023,GGG,TX,ASW,CE,Combined TRACON& Tower with Radar,3,0,13,0,16,0,4,12,0,16,3,4,25,0,32,28,0,28,60
06/11/2023,GGG,TX,ASW,CE,Combined TRACON& Tower with Radar,5,2,29,15,51,0,2,25,1,28,5,4,54,16,79,24,4,28,107
06/12/2023,GGG,TX,ASW,CE,Combined TRACON& Tower with Radar,3,6,32,27,68,0,31,24,0,55,3,37,56,27,123,270,8,278,401
06/13/2023,GGG,TX,ASW,CE,Combined TRACON& Tower with Radar,3,6,16,0,25,0,9,3,0,12,3,15,19,0,37,56,0,56,93
06/14/2023,GGG,TX,ASW,CE,Combined TRACON& Tower with Radar,3,8,38,6,55,0,14,8,0,22,3,22,46,6,77,260,0,260,337
06/15/2023,GGG,TX,ASW,CE,Combined TRACON& Tower with Radar,5,7,47,7,66,0,4,6,0,10,5,11,53,7,76,72,0,72,148
06/16/2023,GGG,TX,ASW,CE,Combined TRACON& Tower with Radar,5,6,45,18,74,0,17,25,0,42,5,23,70,18,116,0,0,0,116
06/17/2023,GGG,TX,ASW,CE,Combined TRACON& Tower with Radar,2,2,25,25,54,0,7,7,0,14,2,9,32,25,68,0,0,0,68
06/18/2023,GGG,TX,ASW,CE,Combined TRACON& Tower with Radar,3,4,39,0,46,0,0,10,0,10,3,4,49,0,56,0,0,0,56
06/19/2023,GGG,TX,ASW,CE,Combined TRACON& Tower with Radar,3,2,40,0,45,0,3,27,0,30,3,5,67,0,75,74,0,74,149
06/20/2023,GGG,TX,ASW,CE,Combined TRACON& Tower with Radar,3,16,29,14,62,0,42,32,0,74,3,58,61,14,136,240,8,248,384
06/21/2023,GGG,TX,ASW,CE,Combined TRACON& Tower with Radar,5,17,44,12,78,0,17,32,2,51,5,34,76,14,129,215,0,215,344
06/22/2023,GGG,TX,ASW,CE,Combined TRACON& Tower with Radar,3,4,24,19,50,0,55,34,1,90,3,59,58,20,140,294,16,310,450
06/23/2023,GGG,TX,ASW,CE,Combined TRACON& Tower with Radar,3,11,29,49,92,0,42,34,4,80,3,53,63,53,172,236,28,264,436
06/24/2023,GGG,TX,ASW,CE,Combined TRACON& Tower with Radar,3,8,27,1,39,0,20,45,0,65,3,28,72,1,104,168,0,168,272
06/25/2023,GGG,TX,ASW,CE,Combined TRACON& Tower with Radar,3,2,40,1,46,0,4,20,1,25,3,6,60,2,71,34,0,34,105
06/26/2023,GGG,TX,ASW,CE,Combined TRACON& Tower with Radar,4,4,34,7,49,1,26,15,0,42,5,30,49,7,91,202,0,202,293
06/27/2023,GGG,TX,ASW,CE,Combined TRACON& Tower with Radar,3,11,29,47,90,0,46,43,0,89,3,57,72,47,179,278,6,284,463
06/28/2023,GGG,TX,ASW,CE,Combined TRACON& Tower with Radar,5,10,32,37,84,2,48,78,22,150,7,58,110,59,234,146,14,160,394
06/29/2023,GGG,TX,ASW,CE,Combined TRACON& Tower with Radar,3,6,24,40,73,0,42,52,4,98,3,48,76,44,171,170,14,184,355
06/30/2023,GGG,TX,ASW,CE,Combined TRACON& Tower with Radar,3,12,33,11,59,0,41,32,2,75,3,53,65,13,134,260,6,266,400
07/01/2023,GGG,TX,ASW,CE,Combined TRACON& Tower with Radar,3,0,18,0,21,0,12,23,0,35,3,12,41,0,56,22,0,22,78
07/02/2023,GGG,TX,ASW,CE,Combined TRACON& Tower with Radar,3,0,17,0,20,0,1,19,0,20,3,1,36,0,40,16,0,16,56
07/03/2023,GGG,TX,ASW,CE,Combined TRACON& Tower with Radar,3,0,15,0,18,0,2,26,0,28,3,2,41,0,46,66,0,66,112
07/04/2023,GGG,TX,ASW,CE,Combined TRACON& Tower with Radar,3,2,16,0,21,0,9,24,0,33,3,11,40,0,54,64,0,64,118
07/05/2023,GGG,TX,ASW,CE,Combined TRACON& Tower with Radar,3,5,20,0,28,0,29,44,0,73,3,34,64,0,101,194,0,194,295
07/06/2023,GGG,TX,ASW,CE,Combined TRACON& Tower with Radar,3,6,27,0,36,0,25,21,0,46,3,31,48,0,82,268,0,268,350
07/07/2023,GGG,TX,ASW,CE,Combined TRACON& Tower with Radar,3,13,31,29,76,0,35,40,0,75,3,48,71,29,151,348,14,362,513
07/08/2023,GGG,TX,ASW,CE,Combined TRACON& Tower with Radar,3,4,35,7,49,0,17,43,0,60,3,21,78,7,109,116,0,116,225
07/09/2023,GGG,TX,ASW,CE,Combined TRACON& Tower with Radar,2,0,19,0,21,0,1,15,0,16,2,1,34,0,37,0,0,0,37
07/10/2023,GGG,TX,ASW,CE,Combined TRACON& Tower with Radar,4,3,21,8,36,0,17,18,0,35,4,20,39,8,71,198,2,200,271
07/11/2023,GGG,TX,ASW,CE,Combined TRACON& Tower with Radar,3,0,34,0,37,0,21,31,0,52,3,21,65,0,89,162,0,162,251
07/12/2023,GGG,TX,ASW,CE,Combined TRACON& Tower with Radar,3,20,41,4,68,0,31,45,6,82,3,51,86,10,150,168,0,168,318
07/13/2023,GGG,TX,ASW,CE,Combined TRACON& Tower with Radar,3,3,56,40,102,0,26,52,7,85,3,29,108,47,187,176,42,218,405
07/14/2023,GGG,TX,ASW,CE,Combined TRACON& Tower with Radar,3,6,32,40,81,0,24,45,0,69,3,30,77,40,150,178,16,194,344
07/15/2023,GGG,TX,ASW,CE,Combined TRACON& Tower with Radar,5,2,20,20,47,0,0,12,2,14,5,2,32,22,61,12,0,12,73
07/16/2023,GGG,TX,ASW,CE,Combined TRACON& Tower with Radar,3,0,19,4,26,0,0,16,0,16,3,0,35,4,42,16,0,16,58
07/17/2023,GGG,TX,ASW,CE,Combined TRACON& Tower with Radar,3,6,26,11,46,0,27,40,1,68,3,33,66,12,114,166,14,180,294
07/18/2023,GGG,TX,ASW,CE,Combined TRACON& Tower with Radar,3,9,29,36,77,0,16,48,1,65,3,25,77,37,142,236,22,258,400
07/19/2023,GGG,TX,ASW,CE,Combined TRACON& Tower with Radar,5,9,18,4,36,0,35,53,0,88,5,44,71,4,124,238,8,246,370
07/20/2023,GGG,TX,ASW,CE,Combined TRACON& Tower with Radar,3,5,33,23,64,0,28,27,2,57,3,33,60,25,121,180,14,194,315
07/21/2023,GGG,TX,ASW,CE,Combined TRACON& Tower with Radar,3,2,28,23,56,0,24,35,1,60,3,26,63,24,116,122,16,138,254
07/22/2023,GGG,TX,ASW,CE,Combined TRACON& Tower with Radar,3,0,23,0,26,0,3,3,0,6,3,3,26,0,32,0,0,0,32
07/23/2023,GGG,TX,ASW,CE,Combined TRACON& Tower with Radar,3,0,15,3,21,0,2,19,1,22,3,2,34,4,43,18,0,18,61
07/24/2023,GGG,TX,ASW,CE,Combined TRACON& Tower with Radar,3,2,25,22,52,0,29,41,0,70,3,31,66,22,122,118,0,118,240
07/25/2023,GGG,TX,ASW,CE,Combined TRACON& Tower with Radar,3,2,32,2,39,0,20,33,2,55,3,22,65,4,94,86,6,92,186
07/26/2023,GGG,TX,ASW,CE,Combined TRACON& Tower with Radar,3,4,35,21,63,0,27,29,1,57,3,31,64,22,120,122,4,126,246
07/27/2023,GGG,TX,ASW,CE,Combined TRACON& Tower with Radar,3,6,22,27,58,0,19,38,0,57,3,25,60,27,115,122,0,122,237
07/28/2023,GGG,TX,ASW,CE,Combined TRACON& Tower with Radar,3,3,33,21,60,0,20,34,4,58,3,23,67,25,118,116,8,124,242
07/29/2023,GGG,TX,ASW,CE,Combined TRACON& Tower with Radar,3,4,10,14,31,0,10,31,0,41,3,14,41,14,72,10,0,10,82
07/30/2023,GGG,TX,ASW,CE,Combined TRACON& Tower with Radar,3,2,18,14,37,0,9,24,3,36,3,11,42,17,73,4,10,14,87
07/31/2023,GGG,TX,ASW,CE,Combined TRACON& Tower with Radar,3,7,29,23,62,0,22,31,1,54,3,29,60,24,116,78,6,84,200
08/01/2023,GGG,TX,ASW,CE,Combined TRACON& Tower with Radar,3,2,15,17,37,0,18,33,0,51,3,20,48,17,88,110,4,114,202
08/02/2023,GGG,TX,ASW,CE,Combined TRACON& Tower with Radar,3,10,27,18,58,0,15,32,0,47,3,25,59,18,105,168,2,170,275
08/03/2023,GGG,TX,ASW,CE,Combined TRACON& Tower with Radar,3,8,24,72,107,0,25,45,2,72,3,33,69,74,179,202,16,218,397
08/04/2023,GGG,TX,ASW,CE,Combined TRACON& Tower with Radar,3,2,20,60,85,0,26,54,1,81,3,28,74,61,166,146,50,196,362
08/05/2023,GGG,TX,ASW,CE,Combined TRACON& Tower with Radar,3,8,16,14,41,0,4,31,2,37,3,12,47,16,78,44,2,46,124
08/06/2023,GGG,TX,ASW,CE,Combined TRACON& Tower with Radar,3,2,19,0,24,0,0,16,0,16,3,2,35,0,40,0,0,0,40
08/07/2023,GGG,TX,ASW,CE,Combined TRACON& Tower with Radar,3,8,24,40,75,0,19,37,0,56,3,27,61,40,131,176,10,186,317
08/08/2023,GGG,TX,ASW,CE,Combined TRACON& Tower with Radar,3,5,20,26,54,0,21,30,0,51,3,26,50,26,105,84,0,84,189
08/09/2023,GGG,TX,ASW,CE,Combined TRACON& Tower with Radar,4,6,27,8,45,0,14,34,2,50,4,20,61,10,95,32,0,32,127
08/10/2023,GGG,TX,ASW,CE,Combined TRACON& Tower with Radar,3,8,29,38,78,0,22,40,0,62,3,30,69,38,140,92,4,96,236
08/11/2023,GGG,TX,ASW,CE,Combined TRACON& Tower with Radar,3,4,36,57,100,0,27,41,4,72,3,31,77,61,172,146,2,148,320
08/12/2023,GGG,TX,ASW,CE,Combined TRACON& Tower with Radar,3,2,31,31,67,0,6,32,8,46,3,8,63,39,113,6,28,34,147
08/13/2023,GGG,TX,ASW,CE,Combined TRACON& Tower with Radar,5,3,21,4,33,0,3,23,0,26,5,6,44,4,59,16,0,16,75
08/14/2023,GGG,TX,ASW,CE,Combined TRACON& Tower with Radar,3,1,23,15,42,0,12,33,0,45,3,13,56,15,87,80,22,102,189
08/15/2023,GGG,TX,ASW,CE,Combined TRACON& Tower with Radar,3,7,20,12,42,0,22,39,2,63,3,29,59,14,105,106,0,106,211
08/16/2023,GGG,TX,ASW,CE,Combined TRACON& Tower with Radar,3,4,31,13,51,0,15,49,1,65,3,19,80,14,116,134,10,144,260
08/17/2023,GGG,TX,ASW,CE,Combined TRACON& Tower with Radar,3,2,33,37,75,0,23,32,0,55,3,25,65,37,130,152,0,152,282
08/18/2023,GGG,TX,ASW,CE,Combined TRACON& Tower with Radar,3,1,26,40,70,0,28,39,0,67,3,29,65,40,137,82,4,86,223
08/19/2023,GGG,TX,ASW,CE,Combined TRACON& Tower with Radar,3,0,16,9,28,0,4,42,3,49,3,4,58,12,77,34,2,36,113
08/20/2023,GGG,TX,ASW,CE,Combined TRACON& Tower with Radar,3,0,23,14,40,0,3,20,0,23,3,3,43,14,63,20,2,22,85
08/21/2023,GGG,TX,ASW,CE,Combined TRACON& Tower with Radar,3,2,34,18,57,0,25,31,8,64,3,27,65,26,121,70,2,72,193
08/22/2023,GGG,TX,ASW,CE,Combined TRACON& Tower with Radar,4,18,26,40,88,0,46,24,7,77,4,64,50,47,165,62,8,70,235
08/23/2023,GGG,TX,ASW,CE,Combined TRACON& Tower with Radar,3,8,31,12,54,0,40,33,1,74,3,48,64,13,128,136,32,168,296
08/24/2023,GGG,TX,ASW,CE,Combined TRACON& Tower with Radar,3,21,19,14,57,0,39,35,0,74,3,60,54,14,131,116,0,116,247
08/25/2023,GGG,TX,ASW,CE,Combined TRACON& Tower with Radar,3,7,25,25,60,0,66,30,6,102,3,73,55,31,162,146,0,146,308
08/26/2023,GGG,TX,ASW,CE,Combined TRACON& Tower with Radar,3,6,14,2,25,0,31,49,2,82,3,37,63,4,107,134,0,134,241
08/27/2023,GGG,TX,ASW,CE,Combined TRACON& Tower with Radar,5,0,19,8,32,0,6,24,5,35,5,6,43,13,67,20,0,20,87
08/28/2023,GGG,TX,ASW,CE,Combined TRACON& Tower with Radar,4,8,45,14,71,0,28,20,4,52,4,36,65,18,123,94,0,94,217
08/29/2023,GGG,TX,ASW,CE,Combined TRACON& Tower with Radar,3,5,28,24,60,0,63,46,0,109,3,68,74,24,169,106,12,118,287
08/30/2023,GGG,TX,ASW,CE,Combined TRACON& Tower with Radar,3,0,40,19,62,0,53,63,17,133,3,53,103,36,195,122,0,122,317
08/31/2023,GGG,TX,ASW,CE,Combined TRACON& Tower with Radar,3,11,31,49,94,0,48,44,0,92,3,59,75,49,186,108,10,118,304
