01/01/2020,GJT,CO,ANM,WE,Federal Contract Tower,37,31,14,0,82,0,2,0,0,2,37,33,14,0,84,0,0,0,84
01/02/2020,GJT,CO,ANM,WE,Federal Contract Tower,23,35,21,0,79,0,2,5,0,7,23,37,26,0,86,0,0,0,86
01/03/2020,GJT,CO,ANM,WE,Federal Contract Tower,30,32,14,4,80,0,1,50,0,51,30,33,64,4,131,60,0,60,191
01/04/2020,GJT,CO,ANM,WE,Federal Contract Tower,17,13,8,0,38,0,0,42,0,42,17,13,50,0,80,90,0,90,170
01/05/2020,GJT,CO,ANM,WE,Federal Contract Tower,16,16,15,0,47,0,0,0,0,0,16,16,15,0,47,0,0,0,47
01/06/2020,GJT,CO,ANM,WE,Federal Contract Tower,20,22,20,5,67,0,1,18,0,19,20,23,38,5,86,30,0,30,116
01/07/2020,GJT,CO,ANM,WE,Federal Contract Tower,8,27,10,0,45,0,5,54,0,59,8,32,64,0,104,36,0,36,140
01/08/2020,GJT,CO,ANM,WE,Federal Contract Tower,13,30,23,2,68,0,0,0,0,0,13,30,23,2,68,0,0,0,68
01/09/2020,GJT,CO,ANM,WE,Federal Contract Tower,16,27,17,0,60,0,2,19,0,21,16,29,36,0,81,46,0,46,127
01/10/2020,GJT,CO,ANM,WE,Federal Contract Tower,16,35,19,2,72,0,1,58,0,59,16,36,77,2,131,116,0,116,247
01/11/2020,GJT,CO,ANM,WE,Federal Contract Tower,24,18,6,3,51,0,0,21,1,22,24,18,27,4,73,10,0,10,83
01/12/2020,GJT,CO,ANM,WE,Federal Contract Tower,13,25,7,5,50,0,0,11,0,11,13,25,18,5,61,2,0,2,63
01/13/2020,GJT,CO,ANM,WE,Federal Contract Tower,24,26,15,4,69,0,0,21,0,21,24,26,36,4,90,28,8,36,126
01/14/2020,GJT,CO,ANM,WE,Federal Contract Tower,11,36,20,0,67,0,0,45,0,45,11,36,65,0,112,46,0,46,158
01/15/2020,GJT,CO,ANM,WE,Federal Contract Tower,13,29,13,1,56,0,5,85,0,90,13,34,98,1,146,72,0,72,218
01/16/2020,GJT,CO,ANM,WE,Federal Contract Tower,15,32,14,2,63,0,3,43,0,46,15,35,57,2,109,24,0,24,133
01/17/2020,GJT,CO,ANM,WE,Federal Contract Tower,31,33,11,3,78,0,2,3,2,7,31,35,14,5,85,0,6,6,91
01/18/2020,GJT,CO,ANM,WE,Federal Contract Tower,19,19,6,20,64,0,0,30,3,33,19,19,36,23,97,8,46,54,151
01/19/2020,GJT,CO,ANM,WE,Federal Contract Tower,16,15,2,0,33,0,0,24,5,29,16,15,26,5,62,28,0,28,90
01/20/2020,GJT,CO,ANM,WE,Federal Contract Tower,23,25,24,2,74,0,1,25,1,27,23,26,49,3,101,2,0,2,103
01/21/2020,GJT,CO,ANM,WE,Federal Contract Tower,14,29,16,0,59,0,0,1,0,1,14,29,17,0,60,0,0,0,60
01/22/2020,GJT,CO,ANM,WE,Federal Contract Tower,19,38,15,2,74,0,0,3,0,3,19,38,18,2,77,0,0,0,77
01/23/2020,GJT,CO,ANM,WE,Federal Contract Tower,19,26,18,1,64,0,0,2,0,2,19,26,20,1,66,0,0,0,66
01/24/2020,GJT,CO,ANM,WE,Federal Contract Tower,17,29,25,2,73,0,0,8,0,8,17,29,33,2,81,8,0,8,89
01/25/2020,GJT,CO,ANM,WE,Federal Contract Tower,12,16,9,0,37,0,0,0,0,0,12,16,9,0,37,0,0,0,37
01/26/2020,GJT,CO,ANM,WE,Federal Contract Tower,13,24,12,2,51,0,3,28,0,31,13,27,40,2,82,26,0,26,108
01/27/2020,GJT,CO,ANM,WE,Federal Contract Tower,28,44,16,4,92,0,0,0,0,0,28,44,16,4,92,0,0,0,92
01/28/2020,GJT,CO,ANM,WE,Federal Contract Tower,15,30,13,3,61,0,1,52,1,54,15,31,65,4,115,72,24,96,211
01/29/2020,GJT,CO,ANM,WE,Federal Contract Tower,13,28,8,0,49,0,1,39,0,40,13,29,47,0,89,46,0,46,135
01/30/2020,GJT,CO,ANM,WE,Federal Contract Tower,18,30,24,6,78,0,1,26,0,27,18,31,50,6,105,16,0,16,121
01/31/2020,GJT,CO,ANM,WE,Federal Contract Tower,16,39,13,3,71,0,3,71,0,74,16,42,84,3,145,80,0,80,225
02/01/2020,GJT,CO,ANM,WE,Federal Contract Tower,11,17,15,10,53,0,5,70,9,84,11,22,85,19,137,70,6,76,213
02/02/2020,GJT,CO,ANM,WE,Federal Contract Tower,14,16,3,1,34,0,0,52,0,52,14,16,55,1,86,56,0,56,142
02/03/2020,GJT,CO,ANM,WE,Federal Contract Tower,28,37,14,2,81,0,0,2,0,2,28,37,16,2,83,0,0,0,83
02/04/2020,GJT,CO,ANM,WE,Federal Contract Tower,10,29,8,3,50,0,0,26,1,27,10,29,34,4,77,18,0,18,95
02/05/2020,GJT,CO,ANM,WE,Federal Contract Tower,13,25,25,4,67,0,1,37,0,38,13,26,62,4,105,50,0,50,155
02/06/2020,GJT,CO,ANM,WE,Federal Contract Tower,38,41,25,0,104,0,0,15,0,15,38,41,40,0,119,8,0,8,127
02/07/2020,GJT,CO,ANM,WE,Federal Contract Tower,22,43,11,0,76,0,0,41,0,41,22,43,52,0,117,64,0,64,181
02/08/2020,GJT,CO,ANM,WE,Federal Contract Tower,12,17,5,4,38,0,0,63,1,64,12,17,68,5,102,84,0,84,186
02/09/2020,GJT,CO,ANM,WE,Federal Contract Tower,21,24,14,0,59,0,0,2,0,2,21,24,16,0,61,0,0,0,61
02/10/2020,GJT,CO,ANM,WE,Federal Contract Tower,26,34,12,9,81,0,2,26,0,28,26,36,38,9,109,32,0,32,141
02/11/2020,GJT,CO,ANM,WE,Federal Contract Tower,10,34,17,16,77,0,0,63,0,63,10,34,80,16,140,86,0,86,226
02/12/2020,GJT,CO,ANM,WE,Federal Contract Tower,15,26,11,3,55,0,4,62,1,67,15,30,73,4,122,56,0,56,178
02/13/2020,GJT,CO,ANM,WE,Federal Contract Tower,16,26,19,1,62,0,4,93,1,98,16,30,112,2,160,62,0,62,222
02/14/2020,GJT,CO,ANM,WE,Federal Contract Tower,20,25,14,8,67,0,0,46,5,51,20,25,60,13,118,36,20,56,174
02/15/2020,GJT,CO,ANM,WE,Federal Contract Tower,14,15,5,0,34,0,2,56,2,60,14,17,61,2,94,94,0,94,188
02/16/2020,GJT,CO,ANM,WE,Federal Contract Tower,15,21,8,1,45,0,0,11,1,12,15,21,19,2,57,18,4,22,79
02/17/2020,GJT,CO,ANM,WE,Federal Contract Tower,18,24,13,0,55,0,1,26,0,27,18,25,39,0,82,26,0,26,108
02/18/2020,GJT,CO,ANM,WE,Federal Contract Tower,15,30,13,8,66,0,0,43,2,45,15,30,56,10,111,64,8,72,183
02/19/2020,GJT,CO,ANM,WE,Federal Contract Tower,14,28,17,5,64,0,11,73,0,84,14,39,90,5,148,86,16,102,250
02/20/2020,GJT,CO,ANM,WE,Federal Contract Tower,16,25,16,3,60,0,10,67,0,77,16,35,83,3,137,50,4,54,191
02/21/2020,GJT,CO,ANM,WE,Federal Contract Tower,20,27,8,7,62,0,5,72,2,79,20,32,80,9,141,54,0,54,195
02/22/2020,GJT,CO,ANM,WE,Federal Contract Tower,17,16,11,4,48,0,0,47,1,48,17,16,58,5,96,50,4,54,150
02/23/2020,GJT,CO,ANM,WE,Federal Contract Tower,21,18,12,0,51,0,2,11,1,14,21,20,23,1,65,10,0,10,75
02/24/2020,GJT,CO,ANM,WE,Federal Contract Tower,30,22,8,2,62,0,1,5,2,8,30,23,13,4,70,4,0,4,74
02/25/2020,GJT,CO,ANM,WE,Federal Contract Tower,16,27,9,6,58,0,0,9,0,9,16,27,18,6,67,0,0,0,67
02/26/2020,GJT,CO,ANM,WE,Federal Contract Tower,16,26,10,4,56,0,6,43,0,49,16,32,53,4,105,28,0,28,133
02/27/2020,GJT,CO,ANM,WE,Federal Contract Tower,20,25,19,2,66,0,4,51,2,57,20,29,70,4,123,24,0,24,147
02/28/2020,GJT,CO,ANM,WE,Federal Contract Tower,18,30,7,9,64,0,1,44,0,45,18,31,51,9,109,42,20,62,171
02/29/2020,GJT,CO,ANM,WE,Federal Contract Tower,17,15,12,5,49,0,0,57,0,57,17,15,69,5,106,68,10,78,184
03/01/2020,GJT,CO,ANM,WE,Federal Contract Tower,19,15,10,2,46,0,0,16,0,16,19,15,26,2,62,16,0,16,78
03/02/2020,GJT,CO,ANM,WE,Federal Contract Tower,28,31,15,2,76,0,0,5,0,5,28,31,20,2,81,4,0,4,85
03/03/2020,GJT,CO,ANM,WE,Federal Contract Tower,16,28,9,0,53,0,1,49,0,50,16,29,58,0,103,28,0,28,131
03/04/2020,GJT,CO,ANM,WE,Federal Contract Tower,12,24,14,6,56,0,4,38,0,42,12,28,52,6,98,16,14,30,128
03/05/2020,GJT,CO,ANM,WE,Federal Contract Tower,17,24,14,6,61,0,9,63,0,72,17,33,77,6,133,40,4,44,177
03/06/2020,GJT,CO,ANM,WE,Federal Contract Tower,16,30,28,7,81,0,0,54,0,54,16,30,82,7,135,72,8,80,215
03/07/2020,GJT,CO,ANM,WE,Federal Contract Tower,13,20,6,2,41,0,3,49,1,53,13,23,55,3,94,30,0,30,124
03/08/2020,GJT,CO,ANM,WE,Federal Contract Tower,15,19,7,2,43,0,2,15,1,18,15,21,22,3,61,32,10,42,103
03/09/2020,GJT,CO,ANM,WE,Federal Contract Tower,23,21,12,1,57,0,1,16,1,18,23,22,28,2,75,12,2,14,89
03/10/2020,GJT,CO,ANM,WE,Federal Contract Tower,12,24,14,0,50,0,0,41,0,41,12,24,55,0,91,40,0,40,131
03/11/2020,GJT,CO,ANM,WE,Federal Contract Tower,12,29,12,0,53,0,3,22,0,25,12,32,34,0,78,60,0,60,138
03/12/2020,GJT,CO,ANM,WE,Federal Contract Tower,18,29,20,3,70,0,0,50,2,52,18,29,70,5,122,34,8,42,164
03/13/2020,GJT,CO,ANM,WE,Federal Contract Tower,24,34,12,2,72,0,0,8,0,8,24,34,20,2,80,0,0,0,80
03/14/2020,GJT,CO,ANM,WE,Federal Contract Tower,13,20,7,0,40,0,0,13,0,13,13,20,20,0,53,10,0,10,63
03/15/2020,GJT,CO,ANM,WE,Federal Contract Tower,13,28,10,4,55,0,2,20,0,22,13,30,30,4,77,4,0,4,81
03/16/2020,GJT,CO,ANM,WE,Federal Contract Tower,19,23,12,3,57,0,1,47,2,50,19,24,59,5,107,26,10,36,143
03/17/2020,GJT,CO,ANM,WE,Federal Contract Tower,17,28,16,1,62,0,0,26,0,26,17,28,42,1,88,0,0,0,88
03/18/2020,GJT,CO,ANM,WE,Federal Contract Tower,18,24,4,1,47,0,2,28,0,30,18,26,32,1,77,24,0,24,101
03/19/2020,GJT,CO,ANM,WE,Federal Contract Tower,21,20,18,0,59,0,2,1,0,3,21,22,19,0,62,0,0,0,62
03/20/2020,GJT,CO,ANM,WE,Federal Contract Tower,21,24,13,2,60,0,0,32,0,32,21,24,45,2,92,68,0,68,160
03/21/2020,GJT,CO,ANM,WE,Federal Contract Tower,17,16,6,0,39,0,0,30,0,30,17,16,36,0,69,58,0,58,127
03/22/2020,GJT,CO,ANM,WE,Federal Contract Tower,14,15,9,1,39,0,0,27,0,27,14,15,36,1,66,26,0,26,92
03/23/2020,GJT,CO,ANM,WE,Federal Contract Tower,7,12,6,1,26,0,0,13,0,13,7,12,19,1,39,20,0,20,59
03/24/2020,GJT,CO,ANM,WE,Federal Contract Tower,9,17,5,0,31,0,1,51,0,52,9,18,56,0,83,54,0,54,137
03/25/2020,GJT,CO,ANM,WE,Federal Contract Tower,7,22,4,0,33,0,5,32,0,37,7,27,36,0,70,34,0,34,104
03/26/2020,GJT,CO,ANM,WE,Federal Contract Tower,3,7,5,0,15,0,1,17,0,18,3,8,22,0,33,38,0,38,71
03/27/2020,GJT,CO,ANM,WE,Federal Contract Tower,7,12,7,0,26,0,0,0,0,0,7,12,7,0,26,0,0,0,26
03/28/2020,GJT,CO,ANM,WE,Federal Contract Tower,4,10,6,4,24,0,0,28,0,28,4,10,34,4,52,28,0,28,80
03/29/2020,GJT,CO,ANM,WE,Federal Contract Tower,2,12,3,3,20,0,0,17,0,17,2,12,20,3,37,8,0,8,45
03/30/2020,GJT,CO,ANM,WE,Federal Contract Tower,2,14,6,2,24,0,0,24,0,24,2,14,30,2,48,14,0,14,62
03/31/2020,GJT,CO,ANM,WE,Federal Contract Tower,5,14,4,0,23,0,0,48,0,48,5,14,52,0,71,30,0,30,101
04/01/2020,GJT,CO,ANM,WE,Federal Contract Tower,8,13,13,0,34,0,1,24,0,25,8,14,37,0,59,10,0,10,69
04/02/2020,GJT,CO,ANM,WE,Federal Contract Tower,8,14,8,4,34,0,0,4,0,4,8,14,12,4,38,22,0,22,60
04/03/2020,GJT,CO,ANM,WE,Federal Contract Tower,8,11,16,4,39,0,0,45,0,45,8,11,61,4,84,20,16,36,120
04/04/2020,GJT,CO,ANM,WE,Federal Contract Tower,5,3,8,0,16,0,0,24,0,24,5,3,32,0,40,6,0,6,46
04/05/2020,GJT,CO,ANM,WE,Federal Contract Tower,6,3,3,0,12,0,1,16,0,17,6,4,19,0,29,4,0,4,33
04/06/2020,GJT,CO,ANM,WE,Federal Contract Tower,7,7,3,4,21,0,0,17,0,17,7,7,20,4,38,6,0,6,44
04/07/2020,GJT,CO,ANM,WE,Federal Contract Tower,5,15,4,0,24,0,1,38,0,39,5,16,42,0,63,8,0,8,71
04/08/2020,GJT,CO,ANM,WE,Federal Contract Tower,5,9,5,2,21,0,0,31,0,31,5,9,36,2,52,26,0,26,78
04/09/2020,GJT,CO,ANM,WE,Federal Contract Tower,5,9,5,4,23,0,6,40,0,46,5,15,45,4,69,32,0,32,101
04/10/2020,GJT,CO,ANM,WE,Federal Contract Tower,6,9,14,0,29,0,0,71,0,71,6,9,85,0,100,96,4,100,200
04/11/2020,GJT,CO,ANM,WE,Federal Contract Tower,7,6,4,0,17,0,0,49,0,49,7,6,53,0,66,38,0,38,104
04/12/2020,GJT,CO,ANM,WE,Federal Contract Tower,5,3,3,0,11,0,1,9,0,10,5,4,12,0,21,4,0,4,25
04/13/2020,GJT,CO,ANM,WE,Federal Contract Tower,3,10,6,0,19,0,0,11,0,11,3,10,17,0,30,12,0,12,42
04/14/2020,GJT,CO,ANM,WE,Federal Contract Tower,7,12,7,0,26,0,3,41,0,44,7,15,48,0,70,18,0,18,88
04/15/2020,GJT,CO,ANM,WE,Federal Contract Tower,6,8,8,4,26,0,3,30,0,33,6,11,38,4,59,14,0,14,73
04/16/2020,GJT,CO,ANM,WE,Federal Contract Tower,5,14,1,0,20,0,2,4,0,6,5,16,5,0,26,0,0,0,26
04/17/2020,GJT,CO,ANM,WE,Federal Contract Tower,7,8,4,0,19,0,1,59,0,60,7,9,63,0,79,56,0,56,135
04/18/2020,GJT,CO,ANM,WE,Federal Contract Tower,6,5,3,0,14,0,0,53,0,53,6,5,56,0,67,58,0,58,125
04/19/2020,GJT,CO,ANM,WE,Federal Contract Tower,5,3,1,0,9,0,3,23,0,26,5,6,24,0,35,4,0,4,39
04/20/2020,GJT,CO,ANM,WE,Federal Contract Tower,6,13,7,0,26,0,0,17,0,17,6,13,24,0,43,16,0,16,59
04/21/2020,GJT,CO,ANM,WE,Federal Contract Tower,5,9,10,0,24,0,0,26,0,26,5,9,36,0,50,28,0,28,78
04/22/2020,GJT,CO,ANM,WE,Federal Contract Tower,4,11,11,0,26,0,0,59,2,61,4,11,70,2,87,24,0,24,111
04/23/2020,GJT,CO,ANM,WE,Federal Contract Tower,5,11,12,1,29,0,1,31,0,32,5,12,43,1,61,12,18,30,91
04/24/2020,GJT,CO,ANM,WE,Federal Contract Tower,6,14,11,0,31,0,1,56,0,57,6,15,67,0,88,38,0,38,126
04/25/2020,GJT,CO,ANM,WE,Federal Contract Tower,5,4,3,0,12,0,0,38,0,38,5,4,41,0,50,0,0,0,50
04/26/2020,GJT,CO,ANM,WE,Federal Contract Tower,4,4,6,0,14,0,2,19,0,21,4,6,25,0,35,0,0,0,35
04/27/2020,GJT,CO,ANM,WE,Federal Contract Tower,7,5,6,0,18,0,3,34,0,37,7,8,40,0,55,12,0,12,67
04/28/2020,GJT,CO,ANM,WE,Federal Contract Tower,6,10,10,2,28,0,0,40,0,40,6,10,50,2,68,16,0,16,84
04/29/2020,GJT,CO,ANM,WE,Federal Contract Tower,6,10,12,1,29,0,3,48,0,51,6,13,60,1,80,56,0,56,136
04/30/2020,GJT,CO,ANM,WE,Federal Contract Tower,7,13,7,0,27,0,1,43,0,44,7,14,50,0,71,58,0,58,129
05/01/2020,GJT,CO,ANM,WE,Federal Contract Tower,10,18,7,0,35,0,0,62,2,64,10,18,69,2,99,96,0,96,195
05/02/2020,GJT,CO,ANM,WE,Federal Contract Tower,4,3,3,2,12,0,1,21,0,22,4,4,24,2,34,12,0,12,46
05/03/2020,GJT,CO,ANM,WE,Federal Contract Tower,5,8,5,0,18,0,1,29,0,30,5,9,34,0,48,20,0,20,68
05/04/2020,GJT,CO,ANM,WE,Federal Contract Tower,7,7,7,0,21,0,1,23,0,24,7,8,30,0,45,56,0,56,101
05/05/2020,GJT,CO,ANM,WE,Federal Contract Tower,4,13,9,0,26,0,0,62,0,62,4,13,71,0,88,74,0,74,162
05/06/2020,GJT,CO,ANM,WE,Federal Contract Tower,4,15,8,8,35,0,4,55,0,59,4,19,63,8,94,102,22,124,218
05/07/2020,GJT,CO,ANM,WE,Federal Contract Tower,3,12,10,0,25,0,0,38,12,50,3,12,48,12,75,14,0,14,89
05/08/2020,GJT,CO,ANM,WE,Federal Contract Tower,7,12,2,0,21,0,2,64,4,70,7,14,66,4,91,50,0,50,141
05/09/2020,GJT,CO,ANM,WE,Federal Contract Tower,3,9,11,2,25,0,2,59,1,62,3,11,70,3,87,22,0,22,109
05/10/2020,GJT,CO,ANM,WE,Federal Contract Tower,5,8,4,2,19,0,0,59,0,59,5,8,63,2,78,16,0,16,94
05/11/2020,GJT,CO,ANM,WE,Federal Contract Tower,6,12,15,0,33,0,1,11,0,12,6,13,26,0,45,14,0,14,59
05/12/2020,GJT,CO,ANM,WE,Federal Contract Tower,6,6,7,2,21,0,0,21,0,21,6,6,28,2,42,16,0,16,58
05/13/2020,GJT,CO,ANM,WE,Federal Contract Tower,8,9,12,2,31,0,4,56,0,60,8,13,68,2,91,84,14,98,189
05/14/2020,GJT,CO,ANM,WE,Federal Contract Tower,6,8,9,6,29,0,7,77,0,84,6,15,86,6,113,148,0,148,261
05/15/2020,GJT,CO,ANM,WE,Federal Contract Tower,9,12,24,4,49,0,0,42,2,44,9,12,66,6,93,50,0,50,143
05/16/2020,GJT,CO,ANM,WE,Federal Contract Tower,3,4,2,0,9,0,0,52,0,52,3,4,54,0,61,38,0,38,99
05/17/2020,GJT,CO,ANM,WE,Federal Contract Tower,5,4,4,0,13,0,0,27,0,27,5,4,31,0,40,20,0,20,60
05/18/2020,GJT,CO,ANM,WE,Federal Contract Tower,8,8,14,0,30,0,1,34,0,35,8,9,48,0,65,26,0,26,91
05/19/2020,GJT,CO,ANM,WE,Federal Contract Tower,4,10,10,0,24,0,1,19,0,20,4,11,29,0,44,38,0,38,82
05/20/2020,GJT,CO,ANM,WE,Federal Contract Tower,8,16,7,0,31,0,6,40,1,47,8,22,47,1,78,10,2,12,90
05/21/2020,GJT,CO,ANM,WE,Federal Contract Tower,6,13,7,0,26,0,0,73,1,74,6,13,80,1,100,90,0,90,190
05/22/2020,GJT,CO,ANM,WE,Federal Contract Tower,11,12,9,2,34,0,4,48,0,52,11,16,57,2,86,66,0,66,152
05/23/2020,GJT,CO,ANM,WE,Federal Contract Tower,3,6,11,0,20,0,5,23,1,29,3,11,34,1,49,0,0,0,49
05/24/2020,GJT,CO,ANM,WE,Federal Contract Tower,5,11,7,0,23,0,0,34,0,34,5,11,41,0,57,38,0,38,95
05/25/2020,GJT,CO,ANM,WE,Federal Contract Tower,10,9,5,0,24,0,2,63,1,66,10,11,68,1,90,70,0,70,160
05/26/2020,GJT,CO,ANM,WE,Federal Contract Tower,3,6,13,0,22,0,0,81,0,81,3,6,94,0,103,88,0,88,191
05/27/2020,GJT,CO,ANM,WE,Federal Contract Tower,7,13,11,0,31,0,3,34,0,37,7,16,45,0,68,54,0,54,122
05/28/2020,GJT,CO,ANM,WE,Federal Contract Tower,7,9,9,4,29,0,3,51,0,54,7,12,60,4,83,50,22,72,155
05/29/2020,GJT,CO,ANM,WE,Federal Contract Tower,11,11,12,2,36,0,0,65,0,65,11,11,77,2,101,104,0,104,205
05/30/2020,GJT,CO,ANM,WE,Federal Contract Tower,4,5,5,0,14,0,0,38,0,38,4,5,43,0,52,18,0,18,70
05/31/2020,GJT,CO,ANM,WE,Federal Contract Tower,5,8,9,0,22,0,2,38,0,40,5,10,47,0,62,20,0,20,82
06/01/2020,GJT,CO,ANM,WE,Federal Contract Tower,10,9,13,2,34,0,1,45,0,46,10,10,58,2,80,42,0,42,122
06/02/2020,GJT,CO,ANM,WE,Federal Contract Tower,4,10,9,2,25,0,0,54,0,54,4,10,63,2,79,48,0,48,127
06/03/2020,GJT,CO,ANM,WE,Federal Contract Tower,6,14,13,0,33,0,0,79,0,79,6,14,92,0,112,30,0,30,142
06/04/2020,GJT,CO,ANM,WE,Federal Contract Tower,8,11,13,6,38,0,6,65,0,71,8,17,78,6,109,62,20,82,191
06/05/2020,GJT,CO,ANM,WE,Federal Contract Tower,13,10,20,1,44,0,57,69,0,126,13,67,89,1,170,24,0,24,194
06/06/2020,GJT,CO,ANM,WE,Federal Contract Tower,6,7,5,1,19,0,5,14,0,19,6,12,19,1,38,12,0,12,50
06/07/2020,GJT,CO,ANM,WE,Federal Contract Tower,6,7,10,0,23,0,1,42,0,43,6,8,52,0,66,78,0,78,144
06/08/2020,GJT,CO,ANM,WE,Federal Contract Tower,9,7,14,5,35,0,3,36,0,39,9,10,50,5,74,34,0,34,108
06/09/2020,GJT,CO,ANM,WE,Federal Contract Tower,7,13,12,2,34,0,0,61,1,62,7,13,73,3,96,106,22,128,224
06/10/2020,GJT,CO,ANM,WE,Federal Contract Tower,5,15,6,1,27,0,1,66,2,69,5,16,72,3,96,94,6,100,196
06/11/2020,GJT,CO,ANM,WE,Federal Contract Tower,6,15,8,3,32,0,20,78,0,98,6,35,86,3,130,134,16,150,280
06/12/2020,GJT,CO,ANM,WE,Federal Contract Tower,11,13,23,0,47,0,0,52,4,56,11,13,75,4,103,86,0,86,189
06/13/2020,GJT,CO,ANM,WE,Federal Contract Tower,5,8,5,0,18,0,0,19,0,19,5,8,24,0,37,56,0,56,93
06/14/2020,GJT,CO,ANM,WE,Federal Contract Tower,4,7,14,0,25,0,2,50,2,54,4,9,64,2,79,46,0,46,125
06/15/2020,GJT,CO,ANM,WE,Federal Contract Tower,12,9,13,3,37,0,1,50,0,51,12,10,63,3,88,76,16,92,180
06/16/2020,GJT,CO,ANM,WE,Federal Contract Tower,7,17,8,2,34,0,3,19,2,24,7,20,27,4,58,0,4,4,62
06/17/2020,GJT,CO,ANM,WE,Federal Contract Tower,7,21,7,3,38,0,6,31,3,40,7,27,38,6,78,10,0,10,88
06/18/2020,GJT,CO,ANM,WE,Federal Contract Tower,6,14,14,2,36,0,4,77,0,81,6,18,91,2,117,120,0,120,237
06/19/2020,GJT,CO,ANM,WE,Federal Contract Tower,12,12,8,0,32,0,3,57,0,60,12,15,65,0,92,88,0,88,180
06/20/2020,GJT,CO,ANM,WE,Federal Contract Tower,5,10,4,0,19,0,2,44,1,47,5,12,48,1,66,60,0,60,126
06/21/2020,GJT,CO,ANM,WE,Federal Contract Tower,6,7,7,2,22,0,1,47,0,48,6,8,54,2,70,74,0,74,144
06/22/2020,GJT,CO,ANM,WE,Federal Contract Tower,12,5,5,4,26,0,2,54,5,61,12,7,59,9,87,68,2,70,157
06/23/2020,GJT,CO,ANM,WE,Federal Contract Tower,6,12,10,1,29,0,2,69,0,71,6,14,79,1,100,80,0,80,180
06/24/2020,GJT,CO,ANM,WE,Federal Contract Tower,6,16,9,9,40,0,3,47,1,51,6,19,56,10,91,34,2,36,127
06/25/2020,GJT,CO,ANM,WE,Federal Contract Tower,7,18,12,3,40,0,3,49,0,52,7,21,61,3,92,56,14,70,162
06/26/2020,GJT,CO,ANM,WE,Federal Contract Tower,13,15,16,0,44,0,6,65,0,71,13,21,81,0,115,78,0,78,193
06/27/2020,GJT,CO,ANM,WE,Federal Contract Tower,5,8,13,0,26,0,62,63,0,125,5,70,76,0,151,50,0,50,201
06/28/2020,GJT,CO,ANM,WE,Federal Contract Tower,4,5,10,0,19,0,3,53,0,56,4,8,63,0,75,42,0,42,117
06/29/2020,GJT,CO,ANM,WE,Federal Contract Tower,10,12,12,1,35,0,0,28,1,29,10,12,40,2,64,0,10,10,74
06/30/2020,GJT,CO,ANM,WE,Federal Contract Tower,6,12,11,0,29,0,1,61,2,64,6,13,72,2,93,66,16,82,175
07/01/2020,GJT,CO,ANM,WE,Federal Contract Tower,8,11,17,2,38,0,15,75,0,90,8,26,92,2,128,98,0,98,226
07/02/2020,GJT,CO,ANM,WE,Federal Contract Tower,8,12,19,0,39,0,5,55,0,60,8,17,74,0,99,96,0,96,195
07/03/2020,GJT,CO,ANM,WE,Federal Contract Tower,13,11,8,0,32,0,0,62,0,62,13,11,70,0,94,80,0,80,174
07/04/2020,GJT,CO,ANM,WE,Federal Contract Tower,5,11,3,0,19,0,6,37,1,44,5,17,40,1,63,34,0,34,97
07/05/2020,GJT,CO,ANM,WE,Federal Contract Tower,4,10,11,2,27,0,2,48,0,50,4,12,59,2,77,44,0,44,121
07/06/2020,GJT,CO,ANM,WE,Federal Contract Tower,16,7,10,7,40,0,2,44,0,46,16,9,54,7,86,42,0,42,128
07/07/2020,GJT,CO,ANM,WE,Federal Contract Tower,7,12,6,6,31,0,5,78,8,91,7,17,84,14,122,42,14,56,178
07/08/2020,GJT,CO,ANM,WE,Federal Contract Tower,8,11,14,10,43,0,4,75,2,81,8,15,89,12,124,50,0,50,174
07/09/2020,GJT,CO,ANM,WE,Federal Contract Tower,11,19,19,4,53,0,4,57,1,62,11,23,76,5,115,76,24,100,215
07/10/2020,GJT,CO,ANM,WE,Federal Contract Tower,15,9,14,0,38,0,9,60,0,69,15,18,74,0,107,56,0,56,163
07/11/2020,GJT,CO,ANM,WE,Federal Contract Tower,9,9,3,0,21,0,2,47,0,49,9,11,50,0,70,22,0,22,92
07/12/2020,GJT,CO,ANM,WE,Federal Contract Tower,6,18,12,2,38,0,6,56,0,62,6,24,68,2,100,54,0,54,154
07/13/2020,GJT,CO,ANM,WE,Federal Contract Tower,16,6,18,4,44,0,12,76,0,88,16,18,94,4,132,0,0,0,132
07/14/2020,GJT,CO,ANM,WE,Federal Contract Tower,10,13,17,0,40,0,1,80,1,82,10,14,97,1,122,28,0,28,150
07/15/2020,GJT,CO,ANM,WE,Federal Contract Tower,10,16,7,0,33,0,9,66,1,76,10,25,73,1,109,58,26,84,193
07/16/2020,GJT,CO,ANM,WE,Federal Contract Tower,12,15,16,3,46,2,6,42,6,56,14,21,58,9,102,14,0,14,116
07/17/2020,GJT,CO,ANM,WE,Federal Contract Tower,19,18,21,6,64,0,2,55,0,57,19,20,76,6,121,58,2,60,181
07/18/2020,GJT,CO,ANM,WE,Federal Contract Tower,13,7,7,0,27,0,3,37,0,40,13,10,44,0,67,40,4,44,111
07/19/2020,GJT,CO,ANM,WE,Federal Contract Tower,10,5,7,2,24,0,2,42,0,44,10,7,49,2,68,42,0,42,110
07/20/2020,GJT,CO,ANM,WE,Federal Contract Tower,18,5,12,4,39,0,0,33,0,33,18,5,45,4,72,28,0,28,100
07/21/2020,GJT,CO,ANM,WE,Federal Contract Tower,8,16,15,2,41,0,2,45,1,48,8,18,60,3,89,62,16,78,167
07/22/2020,GJT,CO,ANM,WE,Federal Contract Tower,10,16,11,0,37,1,35,2,0,38,11,51,13,0,75,24,10,34,109
07/23/2020,GJT,CO,ANM,WE,Federal Contract Tower,12,21,32,4,69,0,0,39,0,39,12,21,71,4,108,20,0,20,128
07/24/2020,GJT,CO,ANM,WE,Federal Contract Tower,18,14,7,4,43,0,2,54,0,56,18,16,61,4,99,80,0,80,179
07/25/2020,GJT,CO,ANM,WE,Federal Contract Tower,13,4,4,3,24,0,0,27,2,29,13,4,31,5,53,24,0,24,77
07/26/2020,GJT,CO,ANM,WE,Federal Contract Tower,11,5,22,0,38,0,5,44,2,51,11,10,66,2,89,22,0,22,111
07/27/2020,GJT,CO,ANM,WE,Federal Contract Tower,13,11,12,11,47,0,2,43,1,46,13,13,55,12,93,62,22,84,177
07/28/2020,GJT,CO,ANM,WE,Federal Contract Tower,8,17,2,2,29,0,0,52,1,53,8,17,54,3,82,48,4,52,134
07/29/2020,GJT,CO,ANM,WE,Federal Contract Tower,12,14,4,0,30,0,11,71,0,82,12,25,75,0,112,68,0,68,180
07/30/2020,GJT,CO,ANM,WE,Federal Contract Tower,13,25,18,2,58,0,16,78,0,94,13,41,96,2,152,156,0,156,308
07/31/2020,GJT,CO,ANM,WE,Federal Contract Tower,20,16,20,2,58,0,22,72,1,95,20,38,92,3,153,52,0,52,205
08/01/2020,GJT,CO,ANM,WE,Federal Contract Tower,11,18,12,0,41,0,74,43,2,119,11,92,55,2,160,2,0,2,162
08/02/2020,GJT,CO,ANM,WE,Federal Contract Tower,11,15,10,2,38,0,2,95,5,102,11,17,105,7,140,4,8,12,152
08/03/2020,GJT,CO,ANM,WE,Federal Contract Tower,18,11,19,3,51,0,4,103,0,107,18,15,122,3,158,38,0,38,196
08/04/2020,GJT,CO,ANM,WE,Federal Contract Tower,8,18,17,0,43,0,2,91,0,93,8,20,108,0,136,22,0,22,158
08/05/2020,GJT,CO,ANM,WE,Federal Contract Tower,8,20,16,0,44,0,27,60,0,87,8,47,76,0,131,56,0,56,187
08/06/2020,GJT,CO,ANM,WE,Federal Contract Tower,13,13,21,0,47,0,4,105,0,109,13,17,126,0,156,82,0,82,238
08/07/2020,GJT,CO,ANM,WE,Federal Contract Tower,17,12,12,0,41,0,11,65,0,76,17,23,77,0,117,74,0,74,191
08/08/2020,GJT,CO,ANM,WE,Federal Contract Tower,9,13,26,2,50,0,12,87,4,103,9,25,113,6,153,52,0,52,205
08/09/2020,GJT,CO,ANM,WE,Federal Contract Tower,13,5,16,0,34,0,5,98,0,103,13,10,114,0,137,88,0,88,225
08/10/2020,GJT,CO,ANM,WE,Federal Contract Tower,21,6,13,0,40,0,7,86,0,93,21,13,99,0,133,16,0,16,149
08/11/2020,GJT,CO,ANM,WE,Federal Contract Tower,10,12,12,6,40,0,4,125,0,129,10,16,137,6,169,58,0,58,227
08/12/2020,GJT,CO,ANM,WE,Federal Contract Tower,11,19,14,2,46,0,0,132,0,132,11,19,146,2,178,42,8,50,228
08/13/2020,GJT,CO,ANM,WE,Federal Contract Tower,11,21,19,8,59,0,0,95,0,95,11,21,114,8,154,72,4,76,230
08/14/2020,GJT,CO,ANM,WE,Federal Contract Tower,21,23,20,0,64,0,8,76,2,86,21,31,96,2,150,68,4,72,222
08/15/2020,GJT,CO,ANM,WE,Federal Contract Tower,17,6,18,0,41,0,34,84,0,118,17,40,102,0,159,24,0,24,183
08/16/2020,GJT,CO,ANM,WE,Federal Contract Tower,13,15,18,0,46,0,6,101,0,107,13,21,119,0,153,6,0,6,159
08/17/2020,GJT,CO,ANM,WE,Federal Contract Tower,18,12,16,6,52,0,0,127,0,127,18,12,143,6,179,44,0,44,223
08/18/2020,GJT,CO,ANM,WE,Federal Contract Tower,12,22,14,2,50,0,1,100,0,101,12,23,114,2,151,34,0,34,185
08/19/2020,GJT,CO,ANM,WE,Federal Contract Tower,14,25,11,0,50,0,1,34,2,37,14,26,45,2,87,44,0,44,131
08/20/2020,GJT,CO,ANM,WE,Federal Contract Tower,13,23,22,0,58,0,3,33,0,36,13,26,55,0,94,6,0,6,100
08/21/2020,GJT,CO,ANM,WE,Federal Contract Tower,19,16,20,0,55,0,1,95,0,96,19,17,115,0,151,50,0,50,201
08/22/2020,GJT,CO,ANM,WE,Federal Contract Tower,13,13,10,0,36,0,0,52,1,53,13,13,62,1,89,32,0,32,121
08/23/2020,GJT,CO,ANM,WE,Federal Contract Tower,12,16,14,0,42,0,2,57,0,59,12,18,71,0,101,20,0,20,121
08/24/2020,GJT,CO,ANM,WE,Federal Contract Tower,15,18,4,0,37,0,1,97,0,98,15,19,101,0,135,36,0,36,171
08/25/2020,GJT,CO,ANM,WE,Federal Contract Tower,12,15,17,1,45,0,1,123,3,127,12,16,140,4,172,44,0,44,216
08/26/2020,GJT,CO,ANM,WE,Federal Contract Tower,21,14,28,3,66,0,9,98,0,107,21,23,126,3,173,36,0,36,209
08/27/2020,GJT,CO,ANM,WE,Federal Contract Tower,16,17,12,4,49,0,8,54,0,62,16,25,66,4,111,20,0,20,131
08/28/2020,GJT,CO,ANM,WE,Federal Contract Tower,15,11,16,3,45,0,2,56,3,61,15,13,72,6,106,68,0,68,174
08/29/2020,GJT,CO,ANM,WE,Federal Contract Tower,14,6,16,1,37,0,0,33,0,33,14,6,49,1,70,0,0,0,70
08/30/2020,GJT,CO,ANM,WE,Federal Contract Tower,18,7,29,0,54,0,0,64,0,64,18,7,93,0,118,46,0,46,164
09/01/2020,GJT,CO,ANM,WE,Federal Contract Tower,12,13,16,5,46,0,1,55,3,59,12,14,71,8,105,32,6,38,143
09/02/2020,GJT,CO,ANM,WE,Federal Contract Tower,11,12,19,0,42,0,0,100,4,104,11,12,119,4,146,100,0,100,246
09/03/2020,GJT,CO,ANM,WE,Federal Contract Tower,12,23,26,8,69,0,0,119,2,121,12,23,145,10,190,74,0,74,264
09/04/2020,GJT,CO,ANM,WE,Federal Contract Tower,14,13,18,3,48,0,0,42,0,42,14,13,60,3,90,46,0,46,136
09/05/2020,GJT,CO,ANM,WE,Federal Contract Tower,10,10,11,0,31,0,0,76,0,76,10,10,87,0,107,54,0,54,161
09/06/2020,GJT,CO,ANM,WE,Federal Contract Tower,14,10,11,0,35,0,3,57,1,61,14,13,68,1,96,28,0,28,124
09/07/2020,GJT,CO,ANM,WE,Federal Contract Tower,17,8,21,0,46,0,0,42,0,42,17,8,63,0,88,50,0,50,138
09/08/2020,GJT,CO,ANM,WE,Federal Contract Tower,11,31,20,3,65,0,0,1,0,1,11,31,21,3,66,0,0,0,66
09/09/2020,GJT,CO,ANM,WE,Federal Contract Tower,14,25,18,4,61,0,0,28,0,28,14,25,46,4,89,34,0,34,123
09/10/2020,GJT,CO,ANM,WE,Federal Contract Tower,17,16,17,4,54,0,1,10,0,11,17,17,27,4,65,0,0,0,65
09/11/2020,GJT,CO,ANM,WE,Federal Contract Tower,15,21,30,0,66,0,0,71,0,71,15,21,101,0,137,52,0,52,189
09/12/2020,GJT,CO,ANM,WE,Federal Contract Tower,14,15,13,3,45,0,0,44,1,45,14,15,57,4,90,98,0,98,188
09/13/2020,GJT,CO,ANM,WE,Federal Contract Tower,17,11,11,3,42,0,1,68,1,70,17,12,79,4,112,100,0,100,212
09/14/2020,GJT,CO,ANM,WE,Federal Contract Tower,16,7,16,3,42,0,1,40,0,41,16,8,56,3,83,50,0,50,133
09/15/2020,GJT,CO,ANM,WE,Federal Contract Tower,14,13,9,0,36,0,0,61,0,61,14,13,70,0,97,30,0,30,127
09/16/2020,GJT,CO,ANM,WE,Federal Contract Tower,15,13,24,5,57,0,0,80,1,81,15,13,104,6,138,70,2,72,210
09/17/2020,GJT,CO,ANM,WE,Federal Contract Tower,18,18,22,2,60,0,0,79,0,79,18,18,101,2,139,74,0,74,213
09/18/2020,GJT,CO,ANM,WE,Federal Contract Tower,17,12,17,12,58,0,0,74,1,75,17,12,91,13,133,52,0,52,185
09/19/2020,GJT,CO,ANM,WE,Federal Contract Tower,15,8,8,0,31,0,2,38,3,43,15,10,46,3,74,40,0,40,114
09/20/2020,GJT,CO,ANM,WE,Federal Contract Tower,18,6,6,2,32,0,1,52,2,55,18,7,58,4,87,44,0,44,131
09/21/2020,GJT,CO,ANM,WE,Federal Contract Tower,19,9,23,2,53,0,0,65,0,65,19,9,88,2,118,36,0,36,154
09/22/2020,GJT,CO,ANM,WE,Federal Contract Tower,11,17,15,3,46,0,0,56,1,57,11,17,71,4,103,34,30,64,167
09/23/2020,GJT,CO,ANM,WE,Federal Contract Tower,19,14,8,4,45,0,0,81,0,81,19,14,89,4,126,60,0,60,186
09/24/2020,GJT,CO,ANM,WE,Federal Contract Tower,20,19,13,4,56,0,1,69,1,71,20,20,82,5,127,72,8,80,207
09/25/2020,GJT,CO,ANM,WE,Federal Contract Tower,18,14,15,4,51,0,0,64,0,64,18,14,79,4,115,40,0,40,155
09/26/2020,GJT,CO,ANM,WE,Federal Contract Tower,19,11,4,0,34,0,0,53,0,53,19,11,57,0,87,80,0,80,167
09/27/2020,GJT,CO,ANM,WE,Federal Contract Tower,18,7,6,4,35,0,0,60,3,63,18,7,66,7,98,34,14,48,146
09/28/2020,GJT,CO,ANM,WE,Federal Contract Tower,16,10,7,0,33,0,0,41,0,41,16,10,48,0,74,18,0,18,92
09/29/2020,GJT,CO,ANM,WE,Federal Contract Tower,15,22,13,2,52,0,0,55,2,57,15,22,68,4,109,42,4,46,155
09/30/2020,GJT,CO,ANM,WE,Federal Contract Tower,18,10,18,1,47,0,2,73,1,76,18,12,91,2,123,58,0,58,181
10/01/2020,GJT,CO,ANM,WE,Federal Contract Tower,24,16,24,6,70,0,1,87,2,90,24,17,111,8,160,52,10,62,222
10/02/2020,GJT,CO,ANM,WE,Federal Contract Tower,18,15,6,10,49,0,0,63,0,63,18,15,69,10,112,42,0,42,154
10/03/2020,GJT,CO,ANM,WE,Federal Contract Tower,18,10,15,0,43,0,0,58,0,58,18,10,73,0,101,52,0,52,153
10/04/2020,GJT,CO,ANM,WE,Federal Contract Tower,18,12,12,0,42,0,0,49,0,49,18,12,61,0,91,18,0,18,109
10/05/2020,GJT,CO,ANM,WE,Federal Contract Tower,15,14,15,20,64,0,0,46,0,46,15,14,61,20,110,72,0,72,182
10/06/2020,GJT,CO,ANM,WE,Federal Contract Tower,15,14,14,0,43,0,0,54,0,54,15,14,68,0,97,16,0,16,113
10/07/2020,GJT,CO,ANM,WE,Federal Contract Tower,17,15,15,6,53,0,1,95,0,96,17,16,110,6,149,84,0,84,233
10/08/2020,GJT,CO,ANM,WE,Federal Contract Tower,22,13,19,0,54,0,0,77,0,77,22,13,96,0,131,86,0,86,217
10/09/2020,GJT,CO,ANM,WE,Federal Contract Tower,22,14,14,2,52,0,0,71,0,71,22,14,85,2,123,70,0,70,193
10/10/2020,GJT,CO,ANM,WE,Federal Contract Tower,19,11,6,0,36,0,0,52,0,52,19,11,58,0,88,28,0,28,116
10/11/2020,GJT,CO,ANM,WE,Federal Contract Tower,20,9,11,8,48,0,1,10,2,13,20,10,21,10,61,10,0,10,71
10/12/2020,GJT,CO,ANM,WE,Federal Contract Tower,20,15,14,0,49,0,0,41,0,41,20,15,55,0,90,84,0,84,174
10/13/2020,GJT,CO,ANM,WE,Federal Contract Tower,18,13,14,9,54,0,0,61,0,61,18,13,75,9,115,76,0,76,191
10/14/2020,GJT,CO,ANM,WE,Federal Contract Tower,15,19,13,6,53,0,0,60,0,60,15,19,73,6,113,64,0,64,177
10/15/2020,GJT,CO,ANM,WE,Federal Contract Tower,20,15,22,8,65,0,0,80,0,80,20,15,102,8,145,60,0,60,205
10/16/2020,GJT,CO,ANM,WE,Federal Contract Tower,21,13,15,12,61,0,0,87,2,89,21,13,102,14,150,70,8,78,228
10/17/2020,GJT,CO,ANM,WE,Federal Contract Tower,16,10,12,5,43,0,0,50,5,55,16,10,62,10,98,20,20,40,138
10/18/2020,GJT,CO,ANM,WE,Federal Contract Tower,17,10,13,1,41,0,0,56,2,58,17,10,69,3,99,64,0,64,163
10/19/2020,GJT,CO,ANM,WE,Federal Contract Tower,18,10,5,6,39,0,5,78,1,84,18,15,83,7,123,74,0,74,197
10/20/2020,GJT,CO,ANM,WE,Federal Contract Tower,15,20,9,0,44,0,3,77,0,80,15,23,86,0,124,60,0,60,184
10/21/2020,GJT,CO,ANM,WE,Federal Contract Tower,16,15,20,0,51,0,1,71,0,72,16,16,91,0,123,52,0,52,175
10/22/2020,GJT,CO,ANM,WE,Federal Contract Tower,22,18,12,0,52,0,0,51,1,52,22,18,63,1,104,26,12,38,142
10/23/2020,GJT,CO,ANM,WE,Federal Contract Tower,18,19,18,6,61,0,0,65,0,65,18,19,83,6,126,46,0,46,172
10/24/2020,GJT,CO,ANM,WE,Federal Contract Tower,18,16,11,4,49,0,0,47,0,47,18,16,58,4,96,80,0,80,176
10/25/2020,GJT,CO,ANM,WE,Federal Contract Tower,17,17,7,0,41,0,0,2,0,2,17,17,9,0,43,0,0,0,43
10/26/2020,GJT,CO,ANM,WE,Federal Contract Tower,22,24,23,2,71,0,2,3,1,6,22,26,26,3,77,10,0,10,87
10/27/2020,GJT,CO,ANM,WE,Federal Contract Tower,19,29,15,5,68,0,0,46,0,46,19,29,61,5,114,66,0,66,180
10/28/2020,GJT,CO,ANM,WE,Federal Contract Tower,15,23,16,0,54,0,0,68,0,68,15,23,84,0,122,68,0,68,190
10/29/2020,GJT,CO,ANM,WE,Federal Contract Tower,19,14,15,0,48,0,0,67,0,67,19,14,82,0,115,100,0,100,215
10/30/2020,GJT,CO,ANM,WE,Federal Contract Tower,19,15,8,0,42,0,0,66,0,66,19,15,74,0,108,128,0,128,236
10/31/2020,GJT,CO,ANM,WE,Federal Contract Tower,14,17,5,2,38,0,0,56,0,56,14,17,61,2,94,86,0,86,180
11/01/2020,GJT,CO,ANM,WE,Federal Contract Tower,13,20,9,0,42,0,1,36,0,37,13,21,45,0,79,68,0,68,147
11/02/2020,GJT,CO,ANM,WE,Federal Contract Tower,16,20,10,2,48,0,1,34,2,37,16,21,44,4,85,90,0,90,175
11/03/2020,GJT,CO,ANM,WE,Federal Contract Tower,12,21,4,9,46,0,0,58,0,58,12,21,62,9,104,108,2,110,214
11/04/2020,GJT,CO,ANM,WE,Federal Contract Tower,27,19,14,3,63,0,1,78,0,79,27,20,92,3,142,40,20,60,202
11/05/2020,GJT,CO,ANM,WE,Federal Contract Tower,18,22,8,5,53,0,0,90,2,92,18,22,98,7,145,142,0,142,287
11/06/2020,GJT,CO,ANM,WE,Federal Contract Tower,20,15,7,11,53,0,0,44,0,44,20,15,51,11,97,42,0,42,139
11/07/2020,GJT,CO,ANM,WE,Federal Contract Tower,13,15,8,0,36,0,0,3,0,3,13,15,11,0,39,0,0,0,39
11/08/2020,GJT,CO,ANM,WE,Federal Contract Tower,15,15,4,0,34,0,0,1,0,1,15,15,5,0,35,0,0,0,35
11/09/2020,GJT,CO,ANM,WE,Federal Contract Tower,14,25,10,2,51,0,0,0,0,0,14,25,10,2,51,0,0,0,51
11/10/2020,GJT,CO,ANM,WE,Federal Contract Tower,14,21,14,8,57,0,0,42,1,43,14,21,56,9,100,64,16,80,180
11/11/2020,GJT,CO,ANM,WE,Federal Contract Tower,15,17,13,0,45,0,0,68,0,68,15,17,81,0,113,92,0,92,205
11/12/2020,GJT,CO,ANM,WE,Federal Contract Tower,18,15,4,3,40,0,0,72,0,72,18,15,76,3,112,124,0,124,236
11/13/2020,GJT,CO,ANM,WE,Federal Contract Tower,18,27,11,7,63,0,0,69,0,69,18,27,80,7,132,78,0,78,210
11/14/2020,GJT,CO,ANM,WE,Federal Contract Tower,16,22,5,2,45,0,0,1,2,3,16,22,6,4,48,0,4,4,52
11/15/2020,GJT,CO,ANM,WE,Federal Contract Tower,15,16,13,0,44,0,0,60,0,60,15,16,73,0,104,108,0,108,212
11/16/2020,GJT,CO,ANM,WE,Federal Contract Tower,17,13,10,0,40,0,0,75,0,75,17,13,85,0,115,78,0,78,193
11/17/2020,GJT,CO,ANM,WE,Federal Contract Tower,19,11,14,0,44,0,1,69,0,70,19,12,83,0,114,82,0,82,196
11/18/2020,GJT,CO,ANM,WE,Federal Contract Tower,15,17,15,0,47,0,0,49,0,49,15,17,64,0,96,76,0,76,172
11/19/2020,GJT,CO,ANM,WE,Federal Contract Tower,17,16,13,2,48,0,0,80,0,80,17,16,93,2,128,128,0,128,256
11/20/2020,GJT,CO,ANM,WE,Federal Contract Tower,18,21,12,6,57,0,0,68,1,69,18,21,80,7,126,106,2,108,234
11/21/2020,GJT,CO,ANM,WE,Federal Contract Tower,13,21,7,6,47,0,0,42,0,42,13,21,49,6,89,62,0,62,151
11/22/2020,GJT,CO,ANM,WE,Federal Contract Tower,14,15,8,0,37,0,0,26,0,26,14,15,34,0,63,14,0,14,77
11/23/2020,GJT,CO,ANM,WE,Federal Contract Tower,16,21,24,2,63,0,0,27,1,28,16,21,51,3,91,54,34,88,179
11/24/2020,GJT,CO,ANM,WE,Federal Contract Tower,18,23,4,2,47,0,0,39,0,39,18,23,43,2,86,36,0,36,122
11/25/2020,GJT,CO,ANM,WE,Federal Contract Tower,16,25,11,0,52,0,0,35,0,35,16,25,46,0,87,12,0,12,99
11/26/2020,GJT,CO,ANM,WE,Federal Contract Tower,6,10,3,0,19,0,0,19,0,19,6,10,22,0,38,16,0,16,54
11/27/2020,GJT,CO,ANM,WE,Federal Contract Tower,11,18,8,0,37,0,0,32,0,32,11,18,40,0,69,36,0,36,105
11/28/2020,GJT,CO,ANM,WE,Federal Contract Tower,17,17,15,0,49,0,0,47,0,47,17,17,62,0,96,28,0,28,124
11/29/2020,GJT,CO,ANM,WE,Federal Contract Tower,12,23,9,0,44,0,2,35,0,37,12,25,44,0,81,20,0,20,101
11/30/2020,GJT,CO,ANM,WE,Federal Contract Tower,16,21,10,1,48,0,2,51,0,53,16,23,61,1,101,64,0,64,165
12/01/2020,GJT,CO,ANM,WE,Federal Contract Tower,16,20,13,4,53,0,0,39,2,41,16,20,52,6,94,38,8,46,140
12/02/2020,GJT,CO,ANM,WE,Federal Contract Tower,15,16,12,1,44,0,0,51,0,51,15,16,63,1,95,56,10,66,161
12/03/2020,GJT,CO,ANM,WE,Federal Contract Tower,20,15,14,2,51,0,0,72,0,72,20,15,86,2,123,124,0,124,247
12/04/2020,GJT,CO,ANM,WE,Federal Contract Tower,16,18,9,4,47,0,3,51,8,62,16,21,60,12,109,106,22,128,237
12/05/2020,GJT,CO,ANM,WE,Federal Contract Tower,12,11,7,8,38,0,0,56,11,67,12,11,63,19,105,72,24,96,201
12/06/2020,GJT,CO,ANM,WE,Federal Contract Tower,15,17,7,0,39,0,0,46,0,46,15,17,53,0,85,40,0,40,125
12/07/2020,GJT,CO,ANM,WE,Federal Contract Tower,16,21,21,4,62,0,1,38,1,40,16,22,59,5,102,66,0,66,168
12/08/2020,GJT,CO,ANM,WE,Federal Contract Tower,14,26,13,2,55,0,1,60,0,61,14,27,73,2,116,50,0,50,166
12/09/2020,GJT,CO,ANM,WE,Federal Contract Tower,15,20,11,2,48,0,0,94,2,96,15,20,105,4,144,88,0,88,232
12/10/2020,GJT,CO,ANM,WE,Federal Contract Tower,18,20,10,0,48,0,0,56,0,56,18,20,66,0,104,112,0,112,216
12/11/2020,GJT,CO,ANM,WE,Federal Contract Tower,21,19,8,4,52,0,0,34,0,34,21,19,42,4,86,36,0,36,122
12/12/2020,GJT,CO,ANM,WE,Federal Contract Tower,15,24,17,0,56,0,0,1,0,1,15,24,18,0,57,0,0,0,57
12/13/2020,GJT,CO,ANM,WE,Federal Contract Tower,27,12,6,0,45,0,0,40,0,40,27,12,46,0,85,50,0,50,135
12/14/2020,GJT,CO,ANM,WE,Federal Contract Tower,14,25,12,0,51,0,0,7,0,7,14,25,19,0,58,0,0,0,58
12/15/2020,GJT,CO,ANM,WE,Federal Contract Tower,14,25,13,2,54,0,0,44,0,44,14,25,57,2,98,88,0,88,186
12/16/2020,GJT,CO,ANM,WE,Federal Contract Tower,13,13,18,1,45,0,0,78,0,78,13,13,96,1,123,100,12,112,235
12/17/2020,GJT,CO,ANM,WE,Federal Contract Tower,18,18,14,6,56,0,0,59,1,60,18,18,73,7,116,112,8,120,236
12/18/2020,GJT,CO,ANM,WE,Federal Contract Tower,17,29,22,0,68,0,0,0,0,0,17,29,22,0,68,0,0,0,68
12/19/2020,GJT,CO,ANM,WE,Federal Contract Tower,18,21,15,3,57,0,0,38,0,38,18,21,53,3,95,28,8,36,131
12/20/2020,GJT,CO,ANM,WE,Federal Contract Tower,16,19,13,2,50,0,1,34,0,35,16,20,47,2,85,32,0,32,117
12/21/2020,GJT,CO,ANM,WE,Federal Contract Tower,17,17,16,2,52,0,0,43,0,43,17,17,59,2,95,48,0,48,143
12/22/2020,GJT,CO,ANM,WE,Federal Contract Tower,25,26,20,0,71,0,0,29,0,29,25,26,49,0,100,56,0,56,156
12/23/2020,GJT,CO,ANM,WE,Federal Contract Tower,27,22,24,0,73,0,0,36,0,36,27,22,60,0,109,28,0,28,137
12/24/2020,GJT,CO,ANM,WE,Federal Contract Tower,19,14,6,0,39,0,0,36,0,36,19,14,42,0,75,40,0,40,115
12/25/2020,GJT,CO,ANM,WE,Federal Contract Tower,10,8,1,0,19,0,1,12,0,13,10,9,13,0,32,0,0,0,32
12/26/2020,GJT,CO,ANM,WE,Federal Contract Tower,19,15,2,0,36,0,0,40,0,40,19,15,42,0,76,26,0,26,102
12/27/2020,GJT,CO,ANM,WE,Federal Contract Tower,16,24,8,0,48,0,0,15,0,15,16,24,23,0,63,6,0,6,69
12/28/2020,GJT,CO,ANM,WE,Federal Contract Tower,16,39,17,0,72,0,0,3,0,3,16,39,20,0,75,4,0,4,79
12/29/2020,GJT,CO,ANM,WE,Federal Contract Tower,27,33,10,3,73,0,0,8,0,8,27,33,18,3,81,24,0,24,105
12/30/2020,GJT,CO,ANM,WE,Federal Contract Tower,20,25,16,0,61,0,0,61,0,61,20,25,77,0,122,76,0,76,198
12/31/2020,GJT,CO,ANM,WE,Federal Contract Tower,18,19,11,0,48,0,1,43,0,44,18,20,54,0,92,66,0,66,158
01/01/2021,GJT,CO,ANM,WE,Federal Contract Tower,14,14,3,0,31,0,0,36,0,36,14,14,39,0,67,96,0,96,163
01/02/2021,GJT,CO,ANM,WE,Federal Contract Tower,17,23,2,0,42,0,0,23,0,23,17,23,25,0,65,6,0,6,71
01/03/2021,GJT,CO,ANM,WE,Federal Contract Tower,15,24,10,2,51,0,1,8,0,9,15,25,18,2,60,0,0,0,60
01/04/2021,GJT,CO,ANM,WE,Federal Contract Tower,15,20,9,4,48,0,0,24,0,24,15,20,33,4,72,50,6,56,128
01/05/2021,GJT,CO,ANM,WE,Federal Contract Tower,20,16,15,2,53,0,0,34,0,34,20,16,49,2,87,54,2,56,143
01/06/2021,GJT,CO,ANM,WE,Federal Contract Tower,16,17,18,5,56,0,0,76,1,77,16,17,94,6,133,128,6,134,267
01/07/2021,GJT,CO,ANM,WE,Federal Contract Tower,18,13,9,8,48,0,0,83,0,83,18,13,92,8,131,126,0,126,257
01/08/2021,GJT,CO,ANM,WE,Federal Contract Tower,18,13,17,0,48,0,0,51,0,51,18,13,68,0,99,70,0,70,169
01/09/2021,GJT,CO,ANM,WE,Federal Contract Tower,13,7,4,2,26,0,0,37,0,37,13,7,41,2,63,8,6,14,77
01/10/2021,GJT,CO,ANM,WE,Federal Contract Tower,16,18,7,3,44,0,0,26,0,26,16,18,33,3,70,14,0,14,84
01/11/2021,GJT,CO,ANM,WE,Federal Contract Tower,18,14,9,2,43,0,1,31,0,32,18,15,40,2,75,54,0,54,129
01/12/2021,GJT,CO,ANM,WE,Federal Contract Tower,17,14,13,2,46,0,2,43,2,47,17,16,56,4,93,60,0,60,153
01/13/2021,GJT,CO,ANM,WE,Federal Contract Tower,15,14,12,4,45,0,0,67,0,67,15,14,79,4,112,70,0,70,182
01/14/2021,GJT,CO,ANM,WE,Federal Contract Tower,17,14,10,6,47,0,0,61,0,61,17,14,71,6,108,108,0,108,216
01/15/2021,GJT,CO,ANM,WE,Federal Contract Tower,18,13,5,3,39,0,0,54,0,54,18,13,59,3,93,78,20,98,191
01/16/2021,GJT,CO,ANM,WE,Federal Contract Tower,15,8,9,0,32,0,0,48,1,49,15,8,57,1,81,18,6,24,105
01/17/2021,GJT,CO,ANM,WE,Federal Contract Tower,14,9,9,0,32,0,0,34,1,35,14,9,43,1,67,22,8,30,97
01/18/2021,GJT,CO,ANM,WE,Federal Contract Tower,18,12,7,0,37,0,0,44,1,45,18,12,51,1,82,70,0,70,152
01/19/2021,GJT,CO,ANM,WE,Federal Contract Tower,16,23,7,0,46,0,0,48,0,48,16,23,55,0,94,86,0,86,180
01/20/2021,GJT,CO,ANM,WE,Federal Contract Tower,17,16,13,8,54,0,0,71,3,74,17,16,84,11,128,172,46,218,346
01/21/2021,GJT,CO,ANM,WE,Federal Contract Tower,18,14,12,7,51,0,0,77,1,78,18,14,89,8,129,112,0,112,241
01/22/2021,GJT,CO,ANM,WE,Federal Contract Tower,18,14,11,6,49,0,0,49,1,50,18,14,60,7,99,102,8,110,209
01/23/2021,GJT,CO,ANM,WE,Federal Contract Tower,20,17,9,2,48,0,0,17,0,17,20,17,26,2,65,38,0,38,103
01/24/2021,GJT,CO,ANM,WE,Federal Contract Tower,18,18,3,0,39,0,0,4,0,4,18,18,7,0,43,0,0,0,43
01/25/2021,GJT,CO,ANM,WE,Federal Contract Tower,18,13,11,3,45,0,0,7,0,7,18,13,18,3,52,20,0,20,72
01/26/2021,GJT,CO,ANM,WE,Federal Contract Tower,14,17,12,2,45,0,0,18,0,18,14,17,30,2,63,40,0,40,103
01/27/2021,GJT,CO,ANM,WE,Federal Contract Tower,16,21,12,13,62,0,0,86,1,87,16,21,98,14,149,124,6,130,279
01/28/2021,GJT,CO,ANM,WE,Federal Contract Tower,18,20,12,0,50,0,0,76,1,77,18,20,88,1,127,108,0,108,235
01/29/2021,GJT,CO,ANM,WE,Federal Contract Tower,20,16,21,9,66,0,0,54,0,54,20,16,75,9,120,62,0,62,182
01/30/2021,GJT,CO,ANM,WE,Federal Contract Tower,16,10,11,4,41,0,0,37,2,39,16,10,48,6,80,60,18,78,158
01/31/2021,GJT,CO,ANM,WE,Federal Contract Tower,15,14,13,4,46,0,0,49,0,49,15,14,62,4,95,14,0,14,109
02/01/2021,GJT,CO,ANM,WE,Federal Contract Tower,17,14,14,4,49,0,0,33,0,33,17,14,47,4,82,66,0,66,148
02/02/2021,GJT,CO,ANM,WE,Federal Contract Tower,14,17,7,7,45,0,0,54,4,58,14,17,61,11,103,108,0,108,211
02/03/2021,GJT,CO,ANM,WE,Federal Contract Tower,24,14,15,6,59,0,0,19,0,19,24,14,34,6,78,30,2,32,110
02/04/2021,GJT,CO,ANM,WE,Federal Contract Tower,20,18,12,1,51,0,1,36,0,37,20,19,48,1,88,46,0,46,134
02/05/2021,GJT,CO,ANM,WE,Federal Contract Tower,35,20,14,11,80,0,0,66,0,66,35,20,80,11,146,84,0,84,230
02/06/2021,GJT,CO,ANM,WE,Federal Contract Tower,20,15,5,8,48,0,0,45,0,45,20,15,50,8,93,116,0,116,209
02/07/2021,GJT,CO,ANM,WE,Federal Contract Tower,19,9,4,0,32,0,1,14,0,15,19,10,18,0,47,0,0,0,47
02/08/2021,GJT,CO,ANM,WE,Federal Contract Tower,17,12,14,2,45,0,0,22,0,22,17,12,36,2,67,36,0,36,103
02/09/2021,GJT,CO,ANM,WE,Federal Contract Tower,21,21,14,2,58,0,0,29,0,29,21,21,43,2,87,50,0,50,137
02/10/2021,GJT,CO,ANM,WE,Federal Contract Tower,19,27,15,4,65,0,0,55,0,55,19,27,70,4,120,76,0,76,196
02/11/2021,GJT,CO,ANM,WE,Federal Contract Tower,17,28,12,3,60,0,0,59,4,63,17,28,71,7,123,84,6,90,213
02/12/2021,GJT,CO,ANM,WE,Federal Contract Tower,22,16,13,2,53,0,0,21,0,21,22,16,34,2,74,18,0,18,92
02/13/2021,GJT,CO,ANM,WE,Federal Contract Tower,18,24,10,1,53,0,0,0,0,0,18,24,10,1,53,0,0,0,53
02/14/2021,GJT,CO,ANM,WE,Federal Contract Tower,6,16,6,0,28,0,0,13,0,13,6,16,19,0,41,0,0,0,41
02/15/2021,GJT,CO,ANM,WE,Federal Contract Tower,14,15,14,0,43,0,0,49,0,49,14,15,63,0,92,78,0,78,170
02/16/2021,GJT,CO,ANM,WE,Federal Contract Tower,11,29,20,0,60,0,0,10,0,10,11,29,30,0,70,14,0,14,84
02/17/2021,GJT,CO,ANM,WE,Federal Contract Tower,9,32,6,0,47,0,0,1,0,1,9,32,7,0,48,0,0,0,48
02/18/2021,GJT,CO,ANM,WE,Federal Contract Tower,12,23,13,0,48,0,1,79,0,80,12,24,92,0,128,72,0,72,200
02/19/2021,GJT,CO,ANM,WE,Federal Contract Tower,18,24,16,1,59,0,0,64,3,67,18,24,80,4,126,114,2,116,242
02/20/2021,GJT,CO,ANM,WE,Federal Contract Tower,23,20,5,3,51,0,2,47,3,52,23,22,52,6,103,24,30,54,157
02/21/2021,GJT,CO,ANM,WE,Federal Contract Tower,23,21,9,7,60,0,2,46,1,49,23,23,55,8,109,46,8,54,163
02/22/2021,GJT,CO,ANM,WE,Federal Contract Tower,24,15,12,1,52,0,1,58,0,59,24,16,70,1,111,24,0,24,135
02/23/2021,GJT,CO,ANM,WE,Federal Contract Tower,17,23,11,0,51,0,0,63,0,63,17,23,74,0,114,88,0,88,202
02/24/2021,GJT,CO,ANM,WE,Federal Contract Tower,14,29,5,3,51,0,0,44,2,46,14,29,49,5,97,46,6,52,149
02/25/2021,GJT,CO,ANM,WE,Federal Contract Tower,27,24,11,3,65,0,0,67,3,70,27,24,78,6,135,84,18,102,237
02/26/2021,GJT,CO,ANM,WE,Federal Contract Tower,20,26,13,6,65,0,0,71,2,73,20,26,84,8,138,78,4,82,220
02/27/2021,GJT,CO,ANM,WE,Federal Contract Tower,30,18,14,9,71,0,0,14,2,16,30,18,28,11,87,22,0,22,109
02/28/2021,GJT,CO,ANM,WE,Federal Contract Tower,19,14,16,1,50,0,2,44,2,48,19,16,60,3,98,58,0,58,156
03/01/2021,GJT,CO,ANM,WE,Federal Contract Tower,20,20,20,5,65,0,0,57,0,57,20,20,77,5,122,88,0,88,210
03/02/2021,GJT,CO,ANM,WE,Federal Contract Tower,15,28,18,1,62,0,0,70,0,70,15,28,88,1,132,54,0,54,186
03/03/2021,GJT,CO,ANM,WE,Federal Contract Tower,14,22,19,2,57,0,0,77,0,77,14,22,96,2,134,130,0,130,264
03/04/2021,GJT,CO,ANM,WE,Federal Contract Tower,25,20,7,3,55,0,1,35,1,37,25,21,42,4,92,70,6,76,168
03/05/2021,GJT,CO,ANM,WE,Federal Contract Tower,16,26,19,9,70,0,0,76,2,78,16,26,95,11,148,56,0,56,204
03/06/2021,GJT,CO,ANM,WE,Federal Contract Tower,11,14,16,4,45,0,0,29,7,36,11,14,45,11,81,6,14,20,101
03/07/2021,GJT,CO,ANM,WE,Federal Contract Tower,9,19,8,0,36,0,0,51,4,55,9,19,59,4,91,34,6,40,131
03/08/2021,GJT,CO,ANM,WE,Federal Contract Tower,17,18,20,6,61,0,0,8,2,10,17,18,28,8,71,16,0,16,87
03/09/2021,GJT,CO,ANM,WE,Federal Contract Tower,13,21,12,2,48,0,0,22,0,22,13,21,34,2,70,12,0,12,82
03/10/2021,GJT,CO,ANM,WE,Federal Contract Tower,13,26,12,4,55,0,1,32,0,33,13,27,44,4,88,4,0,4,92
03/11/2021,GJT,CO,ANM,WE,Federal Contract Tower,12,32,16,0,60,0,0,17,0,17,12,32,33,0,77,4,0,4,81
03/12/2021,GJT,CO,ANM,WE,Federal Contract Tower,18,25,24,2,69,0,0,41,0,41,18,25,65,2,110,68,0,68,178
03/13/2021,GJT,CO,ANM,WE,Federal Contract Tower,22,31,16,0,69,0,0,3,0,3,22,31,19,0,72,10,0,10,82
03/14/2021,GJT,CO,ANM,WE,Federal Contract Tower,12,18,13,2,45,0,0,1,0,1,12,18,14,2,46,0,0,0,46
03/15/2021,GJT,CO,ANM,WE,Federal Contract Tower,19,22,22,1,64,0,1,62,1,64,19,23,84,2,128,88,0,88,216
03/16/2021,GJT,CO,ANM,WE,Federal Contract Tower,16,23,16,4,59,0,0,22,0,22,16,23,38,4,81,40,0,40,121
03/17/2021,GJT,CO,ANM,WE,Federal Contract Tower,13,23,23,0,59,0,1,76,0,77,13,24,99,0,136,90,0,90,226
03/18/2021,GJT,CO,ANM,WE,Federal Contract Tower,15,21,15,0,51,0,1,88,0,89,15,22,103,0,140,36,0,36,176
03/19/2021,GJT,CO,ANM,WE,Federal Contract Tower,23,23,16,9,71,0,0,91,0,91,23,23,107,9,162,44,0,44,206
03/20/2021,GJT,CO,ANM,WE,Federal Contract Tower,19,17,12,2,50,0,13,18,0,31,19,30,30,2,81,20,0,20,101
03/21/2021,GJT,CO,ANM,WE,Federal Contract Tower,13,22,13,4,52,0,0,20,1,21,13,22,33,5,73,24,12,36,109
03/22/2021,GJT,CO,ANM,WE,Federal Contract Tower,17,17,13,2,49,0,0,32,0,32,17,17,45,2,81,48,0,48,129
03/23/2021,GJT,CO,ANM,WE,Federal Contract Tower,13,29,18,0,60,0,0,18,0,18,13,29,36,0,78,30,0,30,108
03/24/2021,GJT,CO,ANM,WE,Federal Contract Tower,16,25,12,16,69,0,3,75,0,78,16,28,87,16,147,82,6,88,235
03/25/2021,GJT,CO,ANM,WE,Federal Contract Tower,16,22,18,0,56,0,0,23,0,23,16,22,41,0,79,30,0,30,109
03/26/2021,GJT,CO,ANM,WE,Federal Contract Tower,25,25,19,1,70,0,0,11,0,11,25,25,30,1,81,44,0,44,125
03/27/2021,GJT,CO,ANM,WE,Federal Contract Tower,14,21,7,3,45,0,11,81,0,92,14,32,88,3,137,68,0,68,205
03/28/2021,GJT,CO,ANM,WE,Federal Contract Tower,14,13,12,5,44,0,1,47,1,49,14,14,59,6,93,22,0,22,115
03/29/2021,GJT,CO,ANM,WE,Federal Contract Tower,24,16,22,2,64,0,1,29,0,30,24,17,51,2,94,48,0,48,142
03/30/2021,GJT,CO,ANM,WE,Federal Contract Tower,14,22,7,4,47,0,1,58,0,59,14,23,65,4,106,50,22,72,178
03/31/2021,GJT,CO,ANM,WE,Federal Contract Tower,15,20,11,5,51,0,2,102,2,106,15,22,113,7,157,138,2,140,297
04/01/2021,GJT,CO,ANM,WE,Federal Contract Tower,15,20,10,0,45,0,7,91,0,98,15,27,101,0,143,84,0,84,227
04/02/2021,GJT,CO,ANM,WE,Federal Contract Tower,21,21,5,2,49,0,0,70,0,70,21,21,75,2,119,116,0,116,235
04/03/2021,GJT,CO,ANM,WE,Federal Contract Tower,16,19,8,0,43,0,0,43,0,43,16,19,51,0,86,2,0,2,88
04/04/2021,GJT,CO,ANM,WE,Federal Contract Tower,12,13,1,0,26,0,1,43,0,44,12,14,44,0,70,68,0,68,138
04/05/2021,GJT,CO,ANM,WE,Federal Contract Tower,18,19,23,0,60,0,2,36,0,38,18,21,59,0,98,32,0,32,130
04/06/2021,GJT,CO,ANM,WE,Federal Contract Tower,17,14,8,0,39,0,2,11,0,13,17,16,19,0,52,0,0,0,52
04/07/2021,GJT,CO,ANM,WE,Federal Contract Tower,15,18,6,0,39,0,1,76,1,78,15,19,82,1,117,104,0,104,221
04/08/2021,GJT,CO,ANM,WE,Federal Contract Tower,15,22,7,4,48,0,0,55,0,55,15,22,62,4,103,32,0,32,135
04/09/2021,GJT,CO,ANM,WE,Federal Contract Tower,21,24,8,8,61,0,3,60,0,63,21,27,68,8,124,88,0,88,212
04/10/2021,GJT,CO,ANM,WE,Federal Contract Tower,14,14,11,0,39,0,0,45,0,45,14,14,56,0,84,12,0,12,96
04/11/2021,GJT,CO,ANM,WE,Federal Contract Tower,13,13,9,2,37,0,3,34,0,37,13,16,43,2,74,24,0,24,98
04/12/2021,GJT,CO,ANM,WE,Federal Contract Tower,22,17,7,0,46,0,1,36,0,37,22,18,43,0,83,46,0,46,129
04/13/2021,GJT,CO,ANM,WE,Federal Contract Tower,15,19,9,4,47,0,0,46,1,47,15,19,55,5,94,58,2,60,154
04/14/2021,GJT,CO,ANM,WE,Federal Contract Tower,19,21,10,0,50,0,2,21,3,26,19,23,31,3,76,20,0,20,96
04/15/2021,GJT,CO,ANM,WE,Federal Contract Tower,18,27,19,6,70,0,0,10,0,10,18,27,29,6,80,14,0,14,94
04/16/2021,GJT,CO,ANM,WE,Federal Contract Tower,21,27,18,3,69,0,0,51,1,52,21,27,69,4,121,74,18,92,213
04/17/2021,GJT,CO,ANM,WE,Federal Contract Tower,14,10,11,0,35,0,0,38,0,38,14,10,49,0,73,48,0,48,121
04/18/2021,GJT,CO,ANM,WE,Federal Contract Tower,13,15,8,2,38,0,1,35,1,37,13,16,43,3,75,18,10,28,103
04/19/2021,GJT,CO,ANM,WE,Federal Contract Tower,23,15,8,0,46,0,0,21,0,21,23,15,29,0,67,20,0,20,87
04/20/2021,GJT,CO,ANM,WE,Federal Contract Tower,19,19,14,3,55,0,1,35,1,37,19,20,49,4,92,48,0,48,140
04/21/2021,GJT,CO,ANM,WE,Federal Contract Tower,17,18,21,7,63,0,8,67,0,75,17,26,88,7,138,66,0,66,204
04/22/2021,GJT,CO,ANM,WE,Federal Contract Tower,20,18,12,0,50,0,3,41,0,44,20,21,53,0,94,22,0,22,116
04/23/2021,GJT,CO,ANM,WE,Federal Contract Tower,18,24,15,1,58,0,1,54,1,56,18,25,69,2,114,40,30,70,184
04/24/2021,GJT,CO,ANM,WE,Federal Contract Tower,22,14,10,2,48,0,3,50,2,55,22,17,60,4,103,20,0,20,123
04/25/2021,GJT,CO,ANM,WE,Federal Contract Tower,13,13,23,2,51,0,2,8,0,10,13,15,31,2,61,0,0,0,61
04/26/2021,GJT,CO,ANM,WE,Federal Contract Tower,20,22,10,0,52,0,0,8,0,8,20,22,18,0,60,0,0,0,60
04/27/2021,GJT,CO,ANM,WE,Federal Contract Tower,15,26,6,1,48,0,1,13,0,14,15,27,19,1,62,26,0,26,88
04/28/2021,GJT,CO,ANM,WE,Federal Contract Tower,15,21,10,3,49,0,7,62,2,71,15,28,72,5,120,40,0,40,160
04/29/2021,GJT,CO,ANM,WE,Federal Contract Tower,18,21,14,1,54,0,12,97,0,109,18,33,111,1,163,88,0,88,251
04/30/2021,GJT,CO,ANM,WE,Federal Contract Tower,19,21,16,8,64,0,4,79,2,85,19,25,95,10,149,74,0,74,223
05/01/2021,GJT,CO,ANM,WE,Federal Contract Tower,15,12,8,0,35,0,0,52,0,52,15,12,60,0,87,46,0,46,133
05/02/2021,GJT,CO,ANM,WE,Federal Contract Tower,18,12,11,3,44,0,0,18,0,18,18,12,29,3,62,0,0,0,62
05/03/2021,GJT,CO,ANM,WE,Federal Contract Tower,17,23,21,0,61,0,0,10,0,10,17,23,31,0,71,12,0,12,83
05/04/2021,GJT,CO,ANM,WE,Federal Contract Tower,15,18,21,5,59,0,0,72,4,76,15,18,93,9,135,38,4,42,177
05/05/2021,GJT,CO,ANM,WE,Federal Contract Tower,15,23,21,4,63,0,9,86,2,97,15,32,107,6,160,106,0,106,266
05/06/2021,GJT,CO,ANM,WE,Federal Contract Tower,14,16,7,4,41,0,8,99,4,111,14,24,106,8,152,90,14,104,256
05/07/2021,GJT,CO,ANM,WE,Federal Contract Tower,18,20,13,2,53,0,3,56,0,59,18,23,69,2,112,42,0,42,154
05/08/2021,GJT,CO,ANM,WE,Federal Contract Tower,12,11,8,4,35,0,2,38,4,44,12,13,46,8,79,44,12,56,135
05/09/2021,GJT,CO,ANM,WE,Federal Contract Tower,16,14,16,2,48,0,1,26,0,27,16,15,42,2,75,10,0,10,85
05/10/2021,GJT,CO,ANM,WE,Federal Contract Tower,18,19,22,2,61,0,0,14,0,14,18,19,36,2,75,18,0,18,93
05/11/2021,GJT,CO,ANM,WE,Federal Contract Tower,15,15,18,5,53,0,0,50,9,59,15,15,68,14,112,62,8,70,182
05/12/2021,GJT,CO,ANM,WE,Federal Contract Tower,15,19,20,12,66,0,64,1,0,65,15,83,21,12,131,86,0,86,217
05/13/2021,GJT,CO,ANM,WE,Federal Contract Tower,15,16,17,3,51,0,0,55,0,55,15,16,72,3,106,54,0,54,160
05/14/2021,GJT,CO,ANM,WE,Federal Contract Tower,20,22,14,4,60,0,0,67,0,67,20,22,81,4,127,84,0,84,211
05/15/2021,GJT,CO,ANM,WE,Federal Contract Tower,15,9,8,7,39,0,0,26,0,26,15,9,34,7,65,18,0,18,83
05/16/2021,GJT,CO,ANM,WE,Federal Contract Tower,14,13,14,0,41,0,3,36,0,39,14,16,50,0,80,32,0,32,112
05/17/2021,GJT,CO,ANM,WE,Federal Contract Tower,22,12,16,3,53,0,0,27,0,27,22,12,43,3,80,26,0,26,106
05/18/2021,GJT,CO,ANM,WE,Federal Contract Tower,14,20,17,2,53,0,0,39,0,39,14,20,56,2,92,14,0,14,106
05/19/2021,GJT,CO,ANM,WE,Federal Contract Tower,19,20,13,4,56,0,1,65,7,73,19,21,78,11,129,80,10,90,219
05/20/2021,GJT,CO,ANM,WE,Federal Contract Tower,14,21,17,6,58,0,3,31,3,37,14,24,48,9,95,10,2,12,107
05/21/2021,GJT,CO,ANM,WE,Federal Contract Tower,20,30,29,2,81,0,7,2,2,11,20,37,31,4,92,0,0,0,92
05/22/2021,GJT,CO,ANM,WE,Federal Contract Tower,29,20,18,0,67,0,7,29,0,36,29,27,47,0,103,20,0,20,123
05/23/2021,GJT,CO,ANM,WE,Federal Contract Tower,23,15,14,4,56,0,0,43,0,43,23,15,57,4,99,52,0,52,151
05/24/2021,GJT,CO,ANM,WE,Federal Contract Tower,23,15,13,7,58,0,0,38,0,38,23,15,51,7,96,52,32,84,180
05/25/2021,GJT,CO,ANM,WE,Federal Contract Tower,13,21,27,0,61,0,0,50,2,52,13,21,77,2,113,30,18,48,161
05/26/2021,GJT,CO,ANM,WE,Federal Contract Tower,15,24,22,4,65,0,7,63,2,72,15,31,85,6,137,26,0,26,163
05/27/2021,GJT,CO,ANM,WE,Federal Contract Tower,13,29,11,9,62,0,0,98,1,99,13,29,109,10,161,86,0,86,247
05/28/2021,GJT,CO,ANM,WE,Federal Contract Tower,18,16,15,1,50,0,0,77,0,77,18,16,92,1,127,50,0,50,177
05/29/2021,GJT,CO,ANM,WE,Federal Contract Tower,15,8,6,0,29,0,0,32,0,32,15,8,38,0,61,0,0,0,61
05/30/2021,GJT,CO,ANM,WE,Federal Contract Tower,19,14,7,0,40,0,4,11,0,15,19,18,18,0,55,18,0,18,73
05/31/2021,GJT,CO,ANM,WE,Federal Contract Tower,19,12,7,0,38,0,6,57,0,63,19,18,64,0,101,38,0,38,139
06/01/2021,GJT,CO,ANM,WE,Federal Contract Tower,14,17,18,6,55,0,2,43,2,47,14,19,61,8,102,16,8,24,126
06/02/2021,GJT,CO,ANM,WE,Federal Contract Tower,20,15,14,2,51,0,4,82,2,88,20,19,96,4,139,82,4,86,225
06/03/2021,GJT,CO,ANM,WE,Federal Contract Tower,17,20,18,5,60,0,2,71,3,76,17,22,89,8,136,50,12,62,198
06/04/2021,GJT,CO,ANM,WE,Federal Contract Tower,28,23,16,6,73,0,3,57,0,60,28,26,73,6,133,40,0,40,173
06/05/2021,GJT,CO,ANM,WE,Federal Contract Tower,17,15,6,2,40,0,5,89,3,97,17,20,95,5,137,30,10,40,177
06/06/2021,GJT,CO,ANM,WE,Federal Contract Tower,19,16,14,8,57,0,4,61,0,65,19,20,75,8,122,6,12,18,140
06/07/2021,GJT,CO,ANM,WE,Federal Contract Tower,31,23,20,6,80,0,0,39,0,39,31,23,59,6,119,30,0,30,149
06/08/2021,GJT,CO,ANM,WE,Federal Contract Tower,18,23,31,2,74,0,0,53,0,53,18,23,84,2,127,4,0,4,131
06/09/2021,GJT,CO,ANM,WE,Federal Contract Tower,21,25,12,0,58,0,6,139,0,145,21,31,151,0,203,38,0,38,241
06/10/2021,GJT,CO,ANM,WE,Federal Contract Tower,18,23,18,0,59,0,7,60,0,67,18,30,78,0,126,10,0,10,136
06/11/2021,GJT,CO,ANM,WE,Federal Contract Tower,20,23,13,16,72,0,6,88,0,94,20,29,101,16,166,58,0,58,224
06/12/2021,GJT,CO,ANM,WE,Federal Contract Tower,16,27,11,2,56,0,5,55,5,65,16,32,66,7,121,54,0,54,175
06/13/2021,GJT,CO,ANM,WE,Federal Contract Tower,17,20,15,9,61,0,4,59,0,63,17,24,74,9,124,26,0,26,150
06/14/2021,GJT,CO,ANM,WE,Federal Contract Tower,20,22,10,2,54,0,6,40,0,46,20,28,50,2,100,54,0,54,154
06/15/2021,GJT,CO,ANM,WE,Federal Contract Tower,20,22,24,1,67,0,1,66,1,68,20,23,90,2,135,36,0,36,171
06/16/2021,GJT,CO,ANM,WE,Federal Contract Tower,19,23,20,0,62,0,1,55,1,57,19,24,75,1,119,10,0,10,129
06/17/2021,GJT,CO,ANM,WE,Federal Contract Tower,21,29,17,2,69,0,0,48,0,48,21,29,65,2,117,48,0,48,165
06/18/2021,GJT,CO,ANM,WE,Federal Contract Tower,27,18,22,2,69,0,0,92,0,92,27,18,114,2,161,34,0,34,195
06/19/2021,GJT,CO,ANM,WE,Federal Contract Tower,24,15,14,0,53,0,2,73,0,75,24,17,87,0,128,2,0,2,130
06/20/2021,GJT,CO,ANM,WE,Federal Contract Tower,17,24,20,4,65,0,3,100,4,107,17,27,120,8,172,12,14,26,198
06/21/2021,GJT,CO,ANM,WE,Federal Contract Tower,24,22,18,5,69,0,2,103,0,105,24,24,121,5,174,30,0,30,204
06/22/2021,GJT,CO,ANM,WE,Federal Contract Tower,18,22,25,3,68,0,1,114,0,115,18,23,139,3,183,40,4,44,227
06/23/2021,GJT,CO,ANM,WE,Federal Contract Tower,20,26,17,2,65,0,4,100,1,105,20,30,117,3,170,10,18,28,198
06/24/2021,GJT,CO,ANM,WE,Federal Contract Tower,23,28,12,0,63,0,7,52,0,59,23,35,64,0,122,24,0,24,146
06/25/2021,GJT,CO,ANM,WE,Federal Contract Tower,25,28,12,2,67,0,3,50,0,53,25,31,62,2,120,8,0,8,128
06/26/2021,GJT,CO,ANM,WE,Federal Contract Tower,21,12,5,2,40,0,0,39,0,39,21,12,44,2,79,12,0,12,91
06/27/2021,GJT,CO,ANM,WE,Federal Contract Tower,20,14,20,2,56,0,5,60,0,65,20,19,80,2,121,18,0,18,139
06/28/2021,GJT,CO,ANM,WE,Federal Contract Tower,22,25,22,6,75,0,0,36,3,39,22,25,58,9,114,24,62,86,200
06/29/2021,GJT,CO,ANM,WE,Federal Contract Tower,18,29,18,6,71,0,1,33,2,36,18,30,51,8,107,12,0,12,119
06/30/2021,GJT,CO,ANM,WE,Federal Contract Tower,20,20,13,3,56,0,7,44,0,51,20,27,57,3,107,54,0,54,161
07/01/2021,GJT,CO,ANM,WE,Federal Contract Tower,21,29,19,6,75,0,4,68,0,72,21,33,87,6,147,40,0,40,187
07/02/2021,GJT,CO,ANM,WE,Federal Contract Tower,17,29,19,0,65,0,2,81,0,83,17,31,100,0,148,54,0,54,202
07/03/2021,GJT,CO,ANM,WE,Federal Contract Tower,21,20,10,0,51,0,2,54,0,56,21,22,64,0,107,8,0,8,115
07/04/2021,GJT,CO,ANM,WE,Federal Contract Tower,17,20,8,0,45,0,0,38,0,38,17,20,46,0,83,0,0,0,83
07/05/2021,GJT,CO,ANM,WE,Federal Contract Tower,16,20,16,2,54,0,0,40,3,43,16,20,56,5,97,2,4,6,103
07/06/2021,GJT,CO,ANM,WE,Federal Contract Tower,16,20,21,10,67,0,0,37,0,37,16,20,58,10,104,14,0,14,118
07/07/2021,GJT,CO,ANM,WE,Federal Contract Tower,17,21,18,3,59,0,0,62,0,62,17,21,80,3,121,24,0,24,145
07/08/2021,GJT,CO,ANM,WE,Federal Contract Tower,16,20,11,7,54,0,0,73,0,73,16,20,84,7,127,60,0,60,187
07/09/2021,GJT,CO,ANM,WE,Federal Contract Tower,24,21,3,9,57,0,1,46,0,47,24,22,49,9,104,24,0,24,128
07/10/2021,GJT,CO,ANM,WE,Federal Contract Tower,22,19,3,3,47,0,0,55,4,59,22,19,58,7,106,16,8,24,130
07/11/2021,GJT,CO,ANM,WE,Federal Contract Tower,19,15,15,4,53,0,3,39,0,42,19,18,54,4,95,56,0,56,151
07/12/2021,GJT,CO,ANM,WE,Federal Contract Tower,20,15,8,11,54,0,4,32,0,36,20,19,40,11,90,56,0,56,146
07/13/2021,GJT,CO,ANM,WE,Federal Contract Tower,20,19,26,3,68,0,0,43,0,43,20,19,69,3,111,48,0,48,159
07/14/2021,GJT,CO,ANM,WE,Federal Contract Tower,17,24,20,3,64,0,0,40,1,41,17,24,60,4,105,44,16,60,165
07/15/2021,GJT,CO,ANM,WE,Federal Contract Tower,16,22,20,4,62,0,0,85,1,86,16,22,105,5,148,60,8,68,216
07/16/2021,GJT,CO,ANM,WE,Federal Contract Tower,19,27,18,5,69,0,0,75,0,75,19,27,93,5,144,46,34,80,224
07/17/2021,GJT,CO,ANM,WE,Federal Contract Tower,25,25,18,2,70,0,0,51,2,53,25,25,69,4,123,6,16,22,145
07/18/2021,GJT,CO,ANM,WE,Federal Contract Tower,16,20,7,3,46,0,2,34,0,36,16,22,41,3,82,26,0,26,108
07/19/2021,GJT,CO,ANM,WE,Federal Contract Tower,17,15,23,2,57,0,1,52,0,53,17,16,75,2,110,88,0,88,198
07/20/2021,GJT,CO,ANM,WE,Federal Contract Tower,17,17,17,2,53,0,1,57,0,58,17,18,74,2,111,20,0,20,131
07/21/2021,GJT,CO,ANM,WE,Federal Contract Tower,16,19,19,4,58,0,2,91,0,93,16,21,110,4,151,106,0,106,257
07/22/2021,GJT,CO,ANM,WE,Federal Contract Tower,16,26,14,8,64,0,2,64,1,67,16,28,78,9,131,42,0,42,173
07/23/2021,GJT,CO,ANM,WE,Federal Contract Tower,19,31,17,11,78,0,0,57,1,58,19,31,74,12,136,52,0,52,188
07/24/2021,GJT,CO,ANM,WE,Federal Contract Tower,17,23,13,4,57,0,5,53,0,58,17,28,66,4,115,30,0,30,145
07/25/2021,GJT,CO,ANM,WE,Federal Contract Tower,18,22,17,2,59,0,0,26,0,26,18,22,43,2,85,14,0,14,99
07/26/2021,GJT,CO,ANM,WE,Federal Contract Tower,22,21,10,0,53,0,1,70,0,71,22,22,80,0,124,42,0,42,166
07/27/2021,GJT,CO,ANM,WE,Federal Contract Tower,16,20,14,4,54,0,0,56,2,58,16,20,70,6,112,40,34,74,186
07/28/2021,GJT,CO,ANM,WE,Federal Contract Tower,17,32,16,4,69,0,3,57,0,60,17,35,73,4,129,50,0,50,179
07/29/2021,GJT,CO,ANM,WE,Federal Contract Tower,15,29,28,0,72,0,7,121,0,128,15,36,149,0,200,52,0,52,252
07/30/2021,GJT,CO,ANM,WE,Federal Contract Tower,18,28,19,0,65,0,0,85,0,85,18,28,104,0,150,20,0,20,170
07/31/2021,GJT,CO,ANM,WE,Federal Contract Tower,16,19,8,12,55,0,0,65,0,65,16,19,73,12,120,38,0,38,158
08/01/2021,GJT,CO,ANM,WE,Federal Contract Tower,22,16,17,0,55,0,1,32,0,33,22,17,49,0,88,6,0,6,94
08/02/2021,GJT,CO,ANM,WE,Federal Contract Tower,26,23,9,4,62,0,1,22,0,23,26,24,31,4,85,18,10,28,113
08/03/2021,GJT,CO,ANM,WE,Federal Contract Tower,22,29,11,0,62,0,0,33,0,33,22,29,44,0,95,62,0,62,157
08/04/2021,GJT,CO,ANM,WE,Federal Contract Tower,26,24,15,0,65,2,7,73,2,84,28,31,88,2,149,62,0,62,211
08/05/2021,GJT,CO,ANM,WE,Federal Contract Tower,23,25,19,3,70,0,3,75,0,78,23,28,94,3,148,54,0,54,202
08/06/2021,GJT,CO,ANM,WE,Federal Contract Tower,27,21,21,10,79,0,1,67,0,68,27,22,88,10,147,32,6,38,185
08/07/2021,GJT,CO,ANM,WE,Federal Contract Tower,18,23,18,7,66,0,1,30,1,32,18,24,48,8,98,16,0,16,114
08/08/2021,GJT,CO,ANM,WE,Federal Contract Tower,25,20,14,1,60,0,0,8,0,8,25,20,22,1,68,8,0,8,76
08/09/2021,GJT,CO,ANM,WE,Federal Contract Tower,25,22,16,3,66,0,4,56,3,63,25,26,72,6,129,50,0,50,179
08/10/2021,GJT,CO,ANM,WE,Federal Contract Tower,21,25,19,0,65,0,0,45,1,46,21,25,64,1,111,24,0,24,135
08/11/2021,GJT,CO,ANM,WE,Federal Contract Tower,24,14,8,2,48,0,5,69,0,74,24,19,77,2,122,58,0,58,180
08/12/2021,GJT,CO,ANM,WE,Federal Contract Tower,28,21,13,2,64,0,3,75,0,78,28,24,88,2,142,34,4,38,180
08/13/2021,GJT,CO,ANM,WE,Federal Contract Tower,20,27,19,11,77,0,3,78,2,83,20,30,97,13,160,76,38,114,274
08/14/2021,GJT,CO,ANM,WE,Federal Contract Tower,20,22,10,2,54,0,4,67,0,71,20,26,77,2,125,44,4,48,173
08/15/2021,GJT,CO,ANM,WE,Federal Contract Tower,24,15,15,1,55,0,0,34,0,34,24,15,49,1,89,28,0,28,117
08/16/2021,GJT,CO,ANM,WE,Federal Contract Tower,19,23,32,2,76,0,0,35,2,37,19,23,67,4,113,32,8,40,153
08/17/2021,GJT,CO,ANM,WE,Federal Contract Tower,13,25,29,4,71,0,0,49,1,50,13,25,78,5,121,30,4,34,155
08/18/2021,GJT,CO,ANM,WE,Federal Contract Tower,20,21,9,2,52,0,0,30,5,35,20,21,39,7,87,30,0,30,117
08/19/2021,GJT,CO,ANM,WE,Federal Contract Tower,23,25,13,2,63,0,0,4,0,4,23,25,17,2,67,10,0,10,77
08/20/2021,GJT,CO,ANM,WE,Federal Contract Tower,21,32,23,9,85,0,0,61,3,64,21,32,84,12,149,52,8,60,209
08/21/2021,GJT,CO,ANM,WE,Federal Contract Tower,20,23,13,2,58,0,0,56,2,58,20,23,69,4,116,52,2,54,170
08/22/2021,GJT,CO,ANM,WE,Federal Contract Tower,18,20,19,0,57,0,2,52,0,54,18,22,71,0,111,40,0,40,151
08/23/2021,GJT,CO,ANM,WE,Federal Contract Tower,24,26,15,0,65,0,1,46,0,47,24,27,61,0,112,34,0,34,146
08/24/2021,GJT,CO,ANM,WE,Federal Contract Tower,19,23,19,0,61,0,1,70,0,71,19,24,89,0,132,56,0,56,188
08/25/2021,GJT,CO,ANM,WE,Federal Contract Tower,28,19,16,0,63,0,3,86,2,91,28,22,102,2,154,24,0,24,178
08/26/2021,GJT,CO,ANM,WE,Federal Contract Tower,19,23,22,1,65,0,2,29,0,31,19,25,51,1,96,8,0,8,104
08/27/2021,GJT,CO,ANM,WE,Federal Contract Tower,20,22,18,14,74,0,6,79,1,86,20,28,97,15,160,44,0,44,204
08/28/2021,GJT,CO,ANM,WE,Federal Contract Tower,16,16,9,3,44,0,3,70,5,78,16,19,79,8,122,16,4,20,142
08/29/2021,GJT,CO,ANM,WE,Federal Contract Tower,19,18,13,2,52,0,2,45,0,47,19,20,58,2,99,42,0,42,141
08/30/2021,GJT,CO,ANM,WE,Federal Contract Tower,22,18,11,3,54,0,0,45,0,45,22,18,56,3,99,8,0,8,107
08/31/2021,GJT,CO,ANM,WE,Federal Contract Tower,17,25,12,7,61,0,1,70,4,75,17,26,82,11,136,78,12,90,226
09/01/2021,GJT,CO,ANM,WE,Federal Contract Tower,25,19,25,2,71,0,0,9,0,9,25,19,34,2,80,8,0,8,88
09/02/2021,GJT,CO,ANM,WE,Federal Contract Tower,23,30,21,9,83,0,0,43,1,44,23,30,64,10,127,66,4,70,197
09/03/2021,GJT,CO,ANM,WE,Federal Contract Tower,34,23,17,0,74,0,0,68,0,68,34,23,85,0,142,54,0,54,196
09/04/2021,GJT,CO,ANM,WE,Federal Contract Tower,16,18,5,0,39,0,0,60,0,60,16,18,65,0,99,34,0,34,133
09/05/2021,GJT,CO,ANM,WE,Federal Contract Tower,22,17,8,0,47,0,0,36,0,36,22,17,44,0,83,66,0,66,149
09/06/2021,GJT,CO,ANM,WE,Federal Contract Tower,20,23,18,0,61,0,2,58,0,60,20,25,76,0,121,36,0,36,157
09/07/2021,GJT,CO,ANM,WE,Federal Contract Tower,21,14,17,2,54,0,1,57,0,58,21,15,74,2,112,112,0,112,224
09/08/2021,GJT,CO,ANM,WE,Federal Contract Tower,19,17,19,0,55,0,1,69,2,72,19,18,88,2,127,102,0,102,229
09/09/2021,GJT,CO,ANM,WE,Federal Contract Tower,21,27,13,4,65,0,1,80,0,81,21,28,93,4,146,96,0,96,242
09/10/2021,GJT,CO,ANM,WE,Federal Contract Tower,24,25,23,1,73,0,0,79,3,82,24,25,102,4,155,108,8,116,271
09/11/2021,GJT,CO,ANM,WE,Federal Contract Tower,19,14,11,0,44,0,1,51,0,52,19,15,62,0,96,40,0,40,136
09/12/2021,GJT,CO,ANM,WE,Federal Contract Tower,20,22,6,0,48,0,0,55,0,55,20,22,61,0,103,86,0,86,189
09/13/2021,GJT,CO,ANM,WE,Federal Contract Tower,22,17,16,1,56,0,0,36,0,36,22,17,52,1,92,30,0,30,122
09/14/2021,GJT,CO,ANM,WE,Federal Contract Tower,18,24,17,6,65,0,1,68,0,69,18,25,85,6,134,72,0,72,206
09/15/2021,GJT,CO,ANM,WE,Federal Contract Tower,18,21,15,4,58,0,7,103,0,110,18,28,118,4,168,42,0,42,210
09/16/2021,GJT,CO,ANM,WE,Federal Contract Tower,22,34,18,0,74,0,0,69,0,69,22,34,87,0,143,34,0,34,177
09/17/2021,GJT,CO,ANM,WE,Federal Contract Tower,27,36,22,22,107,0,3,92,5,100,27,39,114,27,207,100,4,104,311
09/18/2021,GJT,CO,ANM,WE,Federal Contract Tower,17,16,17,2,52,0,1,44,0,45,17,17,61,2,97,12,0,12,109
09/19/2021,GJT,CO,ANM,WE,Federal Contract Tower,20,18,16,3,57,0,0,19,0,19,20,18,35,3,76,20,0,20,96
09/20/2021,GJT,CO,ANM,WE,Federal Contract Tower,22,21,21,1,65,0,2,53,2,57,22,23,74,3,122,62,0,62,184
09/21/2021,GJT,CO,ANM,WE,Federal Contract Tower,18,24,18,0,60,0,1,68,2,71,18,25,86,2,131,104,24,128,259
09/22/2021,GJT,CO,ANM,WE,Federal Contract Tower,15,28,8,2,53,0,0,78,2,80,15,28,86,4,133,20,22,42,175
09/23/2021,GJT,CO,ANM,WE,Federal Contract Tower,23,25,24,4,76,0,0,69,2,71,23,25,93,6,147,76,6,82,229
09/24/2021,GJT,CO,ANM,WE,Federal Contract Tower,25,22,20,0,67,0,1,71,0,72,25,23,91,0,139,46,0,46,185
09/25/2021,GJT,CO,ANM,WE,Federal Contract Tower,18,18,14,0,50,0,0,52,0,52,18,18,66,0,102,52,0,52,154
09/26/2021,GJT,CO,ANM,WE,Federal Contract Tower,19,21,9,16,65,0,2,49,0,51,19,23,58,16,116,32,0,32,148
09/27/2021,GJT,CO,ANM,WE,Federal Contract Tower,29,23,21,2,75,0,2,59,0,61,29,25,80,2,136,56,0,56,192
09/28/2021,GJT,CO,ANM,WE,Federal Contract Tower,18,25,21,1,65,0,0,44,0,44,18,25,65,1,109,8,0,8,117
09/29/2021,GJT,CO,ANM,WE,Federal Contract Tower,28,25,22,0,75,0,0,7,0,7,28,25,29,0,82,24,0,24,106
09/30/2021,GJT,CO,ANM,WE,Federal Contract Tower,22,23,19,2,66,0,1,37,0,38,22,24,56,2,104,60,0,60,164
10/01/2021,GJT,CO,ANM,WE,Federal Contract Tower,23,30,20,3,76,0,1,69,0,70,23,31,89,3,146,68,0,68,214
10/02/2021,GJT,CO,ANM,WE,Federal Contract Tower,19,18,16,0,53,0,3,32,0,35,19,21,48,0,88,18,0,18,106
10/03/2021,GJT,CO,ANM,WE,Federal Contract Tower,20,11,8,3,42,0,2,28,0,30,20,13,36,3,72,20,0,20,92
10/04/2021,GJT,CO,ANM,WE,Federal Contract Tower,21,19,18,6,64,0,1,46,0,47,21,20,64,6,111,54,2,56,167
10/05/2021,GJT,CO,ANM,WE,Federal Contract Tower,17,23,8,2,50,0,1,62,1,64,17,24,70,3,114,70,12,82,196
10/06/2021,GJT,CO,ANM,WE,Federal Contract Tower,19,24,18,3,64,0,1,40,0,41,19,25,58,3,105,72,0,72,177
10/07/2021,GJT,CO,ANM,WE,Federal Contract Tower,23,21,19,6,69,0,4,95,5,104,23,25,114,11,173,146,0,146,319
10/08/2021,GJT,CO,ANM,WE,Federal Contract Tower,21,17,23,2,63,0,0,37,0,37,21,17,60,2,100,4,0,4,104
10/09/2021,GJT,CO,ANM,WE,Federal Contract Tower,18,13,13,0,44,0,0,36,0,36,18,13,49,0,80,30,0,30,110
10/10/2021,GJT,CO,ANM,WE,Federal Contract Tower,15,18,11,0,44,0,0,42,0,42,15,18,53,0,86,50,0,50,136
10/11/2021,GJT,CO,ANM,WE,Federal Contract Tower,22,18,16,4,60,0,0,24,1,25,22,18,40,5,85,30,0,30,115
10/12/2021,GJT,CO,ANM,WE,Federal Contract Tower,21,18,17,4,60,0,0,6,0,6,21,18,23,4,66,22,0,22,88
10/13/2021,GJT,CO,ANM,WE,Federal Contract Tower,15,25,16,3,59,0,2,31,0,33,15,27,47,3,92,34,0,34,126
10/14/2021,GJT,CO,ANM,WE,Federal Contract Tower,25,25,19,4,73,0,0,9,0,9,25,25,28,4,82,0,0,0,82
10/15/2021,GJT,CO,ANM,WE,Federal Contract Tower,23,16,20,15,74,0,2,38,2,42,23,18,58,17,116,36,2,38,154
10/16/2021,GJT,CO,ANM,WE,Federal Contract Tower,18,12,13,4,47,0,4,54,1,59,18,16,67,5,106,60,0,60,166
10/17/2021,GJT,CO,ANM,WE,Federal Contract Tower,20,17,21,5,63,0,1,64,2,67,20,18,85,7,130,38,0,38,168
10/18/2021,GJT,CO,ANM,WE,Federal Contract Tower,18,18,14,2,52,0,0,33,0,33,18,18,47,2,85,28,0,28,113
10/19/2021,GJT,CO,ANM,WE,Federal Contract Tower,18,21,9,0,48,0,1,45,0,46,18,22,54,0,94,72,0,72,166
10/20/2021,GJT,CO,ANM,WE,Federal Contract Tower,17,23,19,4,63,0,3,82,0,85,17,26,101,4,148,36,0,36,184
10/21/2021,GJT,CO,ANM,WE,Federal Contract Tower,16,20,13,6,55,0,1,74,0,75,16,21,87,6,130,142,0,142,272
10/22/2021,GJT,CO,ANM,WE,Federal Contract Tower,23,20,14,11,68,0,1,73,0,74,23,21,87,11,142,96,0,96,238
10/23/2021,GJT,CO,ANM,WE,Federal Contract Tower,14,17,10,4,45,0,0,44,0,44,14,17,54,4,89,80,4,84,173
10/24/2021,GJT,CO,ANM,WE,Federal Contract Tower,17,13,12,4,46,0,0,39,0,39,17,13,51,4,85,36,0,36,121
10/25/2021,GJT,CO,ANM,WE,Federal Contract Tower,26,20,13,0,59,0,0,38,0,38,26,20,51,0,97,4,0,4,101
10/26/2021,GJT,CO,ANM,WE,Federal Contract Tower,15,20,1,0,36,0,0,0,0,0,15,20,1,0,36,0,0,0,36
10/27/2021,GJT,CO,ANM,WE,Federal Contract Tower,19,21,19,1,60,0,0,92,0,92,19,21,111,1,152,150,0,150,302
10/28/2021,GJT,CO,ANM,WE,Federal Contract Tower,23,17,14,5,59,0,5,68,0,73,23,22,82,5,132,68,0,68,200
10/29/2021,GJT,CO,ANM,WE,Federal Contract Tower,24,18,20,0,62,0,0,90,1,91,24,18,110,1,153,114,16,130,283
10/30/2021,GJT,CO,ANM,WE,Federal Contract Tower,14,16,12,3,45,0,0,66,0,66,14,16,78,3,111,116,0,116,227
10/31/2021,GJT,CO,ANM,WE,Federal Contract Tower,16,13,19,2,50,0,2,45,0,47,16,15,64,2,97,62,0,62,159
11/01/2021,GJT,CO,ANM,WE,Federal Contract Tower,18,27,16,0,61,0,2,46,0,48,18,29,62,0,109,38,0,38,147
11/02/2021,GJT,CO,ANM,WE,Federal Contract Tower,18,22,10,0,50,0,0,21,0,21,18,22,31,0,71,46,0,46,117
11/03/2021,GJT,CO,ANM,WE,Federal Contract Tower,14,21,15,5,55,0,1,38,0,39,14,22,53,5,94,26,0,26,120
11/04/2021,GJT,CO,ANM,WE,Federal Contract Tower,16,22,14,8,60,0,0,57,0,57,16,22,71,8,117,76,0,76,193
11/05/2021,GJT,CO,ANM,WE,Federal Contract Tower,20,19,17,14,70,0,0,49,0,49,20,19,66,14,119,36,0,36,155
11/06/2021,GJT,CO,ANM,WE,Federal Contract Tower,9,15,14,2,40,0,0,56,0,56,9,15,70,2,96,14,0,14,110
11/07/2021,GJT,CO,ANM,WE,Federal Contract Tower,18,14,13,3,48,0,0,49,0,49,18,14,62,3,97,20,0,20,117
11/08/2021,GJT,CO,ANM,WE,Federal Contract Tower,21,19,19,1,60,0,1,51,1,53,21,20,70,2,113,68,0,68,181
11/09/2021,GJT,CO,ANM,WE,Federal Contract Tower,14,17,18,2,51,0,1,27,0,28,14,18,45,2,79,60,0,60,139
11/10/2021,GJT,CO,ANM,WE,Federal Contract Tower,15,21,10,4,50,0,0,25,0,25,15,21,35,4,75,14,0,14,89
11/11/2021,GJT,CO,ANM,WE,Federal Contract Tower,15,21,26,0,62,0,3,67,0,70,15,24,93,0,132,64,0,64,196
11/12/2021,GJT,CO,ANM,WE,Federal Contract Tower,18,24,18,1,61,0,2,54,0,56,18,26,72,1,117,54,0,54,171
11/13/2021,GJT,CO,ANM,WE,Federal Contract Tower,12,20,12,1,45,0,0,41,1,42,12,20,53,2,87,4,6,10,97
11/14/2021,GJT,CO,ANM,WE,Federal Contract Tower,15,13,10,1,39,0,4,31,0,35,15,17,41,1,74,32,0,32,106
11/15/2021,GJT,CO,ANM,WE,Federal Contract Tower,20,17,14,2,53,0,2,61,0,63,20,19,75,2,116,122,0,122,238
11/16/2021,GJT,CO,ANM,WE,Federal Contract Tower,13,27,24,3,67,0,2,59,1,62,13,29,83,4,129,90,2,92,221
11/17/2021,GJT,CO,ANM,WE,Federal Contract Tower,12,26,18,5,61,0,1,70,1,72,12,27,88,6,133,130,0,130,263
11/18/2021,GJT,CO,ANM,WE,Federal Contract Tower,18,27,19,5,69,0,0,64,0,64,18,27,83,5,133,100,0,100,233
11/19/2021,GJT,CO,ANM,WE,Federal Contract Tower,14,27,28,18,87,0,1,58,0,59,14,28,86,18,146,96,0,96,242
11/20/2021,GJT,CO,ANM,WE,Federal Contract Tower,13,16,11,12,52,0,0,36,2,38,13,16,47,14,90,34,0,34,124
11/21/2021,GJT,CO,ANM,WE,Federal Contract Tower,16,14,4,4,38,0,2,57,0,59,16,16,61,4,97,50,0,50,147
11/22/2021,GJT,CO,ANM,WE,Federal Contract Tower,16,14,9,3,42,0,1,63,0,64,16,15,72,3,106,76,0,76,182
11/23/2021,GJT,CO,ANM,WE,Federal Contract Tower,18,20,17,7,62,0,0,91,0,91,18,20,108,7,153,154,0,154,307
11/24/2021,GJT,CO,ANM,WE,Federal Contract Tower,16,30,18,2,66,0,0,47,0,47,16,30,65,2,113,36,6,42,155
11/25/2021,GJT,CO,ANM,WE,Federal Contract Tower,9,11,4,0,24,0,6,15,0,21,9,17,19,0,45,18,0,18,63
11/26/2021,GJT,CO,ANM,WE,Federal Contract Tower,12,17,4,0,33,0,1,22,0,23,12,18,26,0,56,26,0,26,82
11/27/2021,GJT,CO,ANM,WE,Federal Contract Tower,19,15,8,0,42,0,5,47,0,52,19,20,55,0,94,48,0,48,142
11/28/2021,GJT,CO,ANM,WE,Federal Contract Tower,15,19,15,0,49,0,5,50,0,55,15,24,65,0,104,10,0,10,114
11/29/2021,GJT,CO,ANM,WE,Federal Contract Tower,16,24,15,2,57,0,1,46,3,50,16,25,61,5,107,104,2,106,213
11/30/2021,GJT,CO,ANM,WE,Federal Contract Tower,15,28,16,4,63,0,4,46,0,50,15,32,62,4,113,62,0,62,175
12/01/2021,GJT,CO,ANM,WE,Federal Contract Tower,15,23,12,2,52,0,2,53,0,55,15,25,65,2,107,56,0,56,163
12/02/2021,GJT,CO,ANM,WE,Federal Contract Tower,18,27,9,5,59,0,1,57,0,58,18,28,66,5,117,92,0,92,209
12/03/2021,GJT,CO,ANM,WE,Federal Contract Tower,13,29,19,8,69,0,1,66,0,67,13,30,85,8,136,66,0,66,202
12/04/2021,GJT,CO,ANM,WE,Federal Contract Tower,11,18,10,13,52,0,1,60,9,70,11,19,70,22,122,46,16,62,184
12/05/2021,GJT,CO,ANM,WE,Federal Contract Tower,13,13,13,0,39,0,3,39,0,42,13,16,52,0,81,12,0,12,93
12/06/2021,GJT,CO,ANM,WE,Federal Contract Tower,14,21,17,4,56,0,4,37,2,43,14,25,54,6,99,70,0,70,169
12/07/2021,GJT,CO,ANM,WE,Federal Contract Tower,17,21,12,0,50,0,1,16,0,17,17,22,28,0,67,54,0,54,121
12/08/2021,GJT,CO,ANM,WE,Federal Contract Tower,14,20,15,3,52,0,0,7,1,8,14,20,22,4,60,16,16,32,92
12/09/2021,GJT,CO,ANM,WE,Federal Contract Tower,21,34,15,0,70,0,0,2,0,2,21,34,17,0,72,0,0,0,72
12/10/2021,GJT,CO,ANM,WE,Federal Contract Tower,18,24,18,0,60,0,2,9,0,11,18,26,27,0,71,0,0,0,71
12/11/2021,GJT,CO,ANM,WE,Federal Contract Tower,11,18,16,0,45,0,5,89,3,97,11,23,105,3,142,24,0,24,166
12/12/2021,GJT,CO,ANM,WE,Federal Contract Tower,16,20,11,0,47,0,0,53,0,53,16,20,64,0,100,54,0,54,154
12/13/2021,GJT,CO,ANM,WE,Federal Contract Tower,11,20,33,1,65,0,3,44,0,47,11,23,77,1,112,64,0,64,176
12/14/2021,GJT,CO,ANM,WE,Federal Contract Tower,16,19,12,2,49,0,0,20,0,20,16,19,32,2,69,8,0,8,77
12/16/2021,GJT,CO,ANM,WE,Federal Contract Tower,24,24,11,7,66,0,0,57,0,57,24,24,68,7,123,44,0,44,167
12/17/2021,GJT,CO,ANM,WE,Federal Contract Tower,17,33,18,4,72,0,4,60,0,64,17,37,78,4,136,28,0,28,164
12/18/2021,GJT,CO,ANM,WE,Federal Contract Tower,13,17,12,4,46,0,5,50,4,59,13,22,62,8,105,50,8,58,163
12/19/2021,GJT,CO,ANM,WE,Federal Contract Tower,17,19,13,0,49,0,1,54,0,55,17,20,67,0,104,14,0,14,118
12/20/2021,GJT,CO,ANM,WE,Federal Contract Tower,10,24,9,1,44,0,5,50,0,55,10,29,59,1,99,76,4,80,179
12/21/2021,GJT,CO,ANM,WE,Federal Contract Tower,14,25,15,0,54,0,1,58,3,62,14,26,73,3,116,48,22,70,186
12/22/2021,GJT,CO,ANM,WE,Federal Contract Tower,14,38,18,5,75,0,1,49,2,52,14,39,67,7,127,36,0,36,163
12/23/2021,GJT,CO,ANM,WE,Federal Contract Tower,17,29,20,3,69,0,0,21,0,21,17,29,41,3,90,16,0,16,106
12/24/2021,GJT,CO,ANM,WE,Federal Contract Tower,13,62,36,0,111,0,0,0,0,0,13,62,36,0,111,0,0,0,111
12/25/2021,GJT,CO,ANM,WE,Federal Contract Tower,8,30,5,0,43,0,6,12,0,18,8,36,17,0,61,26,0,26,87
12/26/2021,GJT,CO,ANM,WE,Federal Contract Tower,23,57,73,0,153,0,1,5,0,6,23,58,78,0,159,0,0,0,159
12/27/2021,GJT,CO,ANM,WE,Federal Contract Tower,21,59,92,0,172,0,0,4,0,4,21,59,96,0,176,8,0,8,184
12/28/2021,GJT,CO,ANM,WE,Federal Contract Tower,20,78,54,0,152,0,0,0,0,0,20,78,54,0,152,0,0,0,152
12/29/2021,GJT,CO,ANM,WE,Federal Contract Tower,13,59,36,0,108,0,0,0,2,2,13,59,36,2,110,0,0,0,110
12/30/2021,GJT,CO,ANM,WE,Federal Contract Tower,20,44,26,2,92,0,0,10,0,10,20,44,36,2,102,10,4,14,116
12/31/2021,GJT,CO,ANM,WE,Federal Contract Tower,10,60,20,0,90,0,0,0,0,0,10,60,20,0,90,0,0,0,90
01/01/2022,GJT,CO,ANM,WE,Federal Contract Tower,4,52,22,0,78,0,0,11,0,11,4,52,33,0,89,0,0,0,89
01/02/2022,GJT,CO,ANM,WE,Federal Contract Tower,13,36,20,0,69,0,0,29,0,29,13,36,49,0,98,10,0,10,108
01/03/2022,GJT,CO,ANM,WE,Federal Contract Tower,10,23,35,0,68,0,0,46,0,46,10,23,81,0,114,12,0,12,126
01/04/2022,GJT,CO,ANM,WE,Federal Contract Tower,13,32,13,0,58,0,2,51,0,53,13,34,64,0,111,58,0,58,169
01/05/2022,GJT,CO,ANM,WE,Federal Contract Tower,10,26,16,0,52,0,1,51,0,52,10,27,67,0,104,98,0,98,202
01/06/2022,GJT,CO,ANM,WE,Federal Contract Tower,14,24,13,0,51,0,0,43,0,43,14,24,56,0,94,60,0,60,154
01/07/2022,GJT,CO,ANM,WE,Federal Contract Tower,10,28,17,3,58,0,3,50,0,53,10,31,67,3,111,38,0,38,149
01/08/2022,GJT,CO,ANM,WE,Federal Contract Tower,18,32,17,0,67,0,1,12,1,14,18,33,29,1,81,30,0,30,111
01/09/2022,GJT,CO,ANM,WE,Federal Contract Tower,15,15,12,4,46,0,0,52,0,52,15,15,64,4,98,26,0,26,124
01/10/2022,GJT,CO,ANM,WE,Federal Contract Tower,12,15,21,0,48,0,1,43,0,44,12,16,64,0,92,20,0,20,112
01/11/2022,GJT,CO,ANM,WE,Federal Contract Tower,10,18,4,0,32,0,0,53,0,53,10,18,57,0,85,46,0,46,131
01/12/2022,GJT,CO,ANM,WE,Federal Contract Tower,11,13,20,2,46,0,3,54,0,57,11,16,74,2,103,70,0,70,173
01/13/2022,GJT,CO,ANM,WE,Federal Contract Tower,16,13,12,10,51,0,0,67,2,69,16,13,79,12,120,108,0,108,228
01/14/2022,GJT,CO,ANM,WE,Federal Contract Tower,8,20,13,12,53,0,3,46,2,51,8,23,59,14,104,58,8,66,170
01/15/2022,GJT,CO,ANM,WE,Federal Contract Tower,9,8,11,3,31,0,2,47,2,51,9,10,58,5,82,70,6,76,158
01/16/2022,GJT,CO,ANM,WE,Federal Contract Tower,13,9,7,0,29,0,3,37,1,41,13,12,44,1,70,0,6,6,76
01/17/2022,GJT,CO,ANM,WE,Federal Contract Tower,11,16,10,0,37,0,1,44,0,45,11,17,54,0,82,36,0,36,118
01/18/2022,GJT,CO,ANM,WE,Federal Contract Tower,10,16,6,4,36,0,0,59,0,59,10,16,65,4,95,20,0,20,115
01/19/2022,GJT,CO,ANM,WE,Federal Contract Tower,11,12,12,3,38,0,0,56,0,56,11,12,68,3,94,86,16,102,196
01/20/2022,GJT,CO,ANM,WE,Federal Contract Tower,17,16,17,0,50,0,2,64,2,68,17,18,81,2,118,72,0,72,190
01/21/2022,GJT,CO,ANM,WE,Federal Contract Tower,20,17,12,0,49,0,0,2,0,2,20,17,14,0,51,24,0,24,75
01/22/2022,GJT,CO,ANM,WE,Federal Contract Tower,10,9,12,0,31,0,0,48,0,48,10,9,60,0,79,38,0,38,117
01/23/2022,GJT,CO,ANM,WE,Federal Contract Tower,12,12,12,0,36,0,1,39,2,42,12,13,51,2,78,22,0,22,100
01/24/2022,GJT,CO,ANM,WE,Federal Contract Tower,14,13,17,9,53,0,2,40,0,42,14,15,57,9,95,44,0,44,139
01/25/2022,GJT,CO,ANM,WE,Federal Contract Tower,13,17,11,0,41,0,3,36,2,41,13,20,47,2,82,34,0,34,116
01/26/2022,GJT,CO,ANM,WE,Federal Contract Tower,10,18,13,9,50,0,2,61,1,64,10,20,74,10,114,58,4,62,176
01/27/2022,GJT,CO,ANM,WE,Federal Contract Tower,29,23,16,11,79,0,2,57,0,59,29,25,73,11,138,50,4,54,192
01/28/2022,GJT,CO,ANM,WE,Federal Contract Tower,13,15,8,23,59,0,0,67,8,75,13,15,75,31,134,76,24,100,234
01/29/2022,GJT,CO,ANM,WE,Federal Contract Tower,10,10,7,3,30,0,1,51,3,55,10,11,58,6,85,46,18,64,149
01/30/2022,GJT,CO,ANM,WE,Federal Contract Tower,14,8,23,9,54,0,1,46,3,50,14,9,69,12,104,2,0,2,106
01/31/2022,GJT,CO,ANM,WE,Federal Contract Tower,15,12,18,2,47,0,6,45,2,53,15,18,63,4,100,76,0,76,176
02/01/2022,GJT,CO,ANM,WE,Federal Contract Tower,17,15,7,23,62,0,0,52,6,58,17,15,59,29,120,84,26,110,230
02/02/2022,GJT,CO,ANM,WE,Federal Contract Tower,26,24,12,23,85,0,1,61,4,66,26,25,73,27,151,46,20,66,217
02/03/2022,GJT,CO,ANM,WE,Federal Contract Tower,12,15,9,11,47,0,7,47,2,56,12,22,56,13,103,16,24,40,143
02/04/2022,GJT,CO,ANM,WE,Federal Contract Tower,14,16,12,7,49,0,3,51,0,54,14,19,63,7,103,42,6,48,151
02/05/2022,GJT,CO,ANM,WE,Federal Contract Tower,11,12,6,1,30,0,4,40,0,44,11,16,46,1,74,110,0,110,184
02/06/2022,GJT,CO,ANM,WE,Federal Contract Tower,15,10,9,0,34,0,0,43,0,43,15,10,52,0,77,96,0,96,173
02/07/2022,GJT,CO,ANM,WE,Federal Contract Tower,15,11,13,1,40,0,0,44,1,45,15,11,57,2,85,34,10,44,129
02/08/2022,GJT,CO,ANM,WE,Federal Contract Tower,10,18,20,2,50,0,0,49,0,49,10,18,69,2,99,66,0,66,165
02/09/2022,GJT,CO,ANM,WE,Federal Contract Tower,17,22,13,4,56,0,1,42,2,45,17,23,55,6,101,66,10,76,177
02/10/2022,GJT,CO,ANM,WE,Federal Contract Tower,18,16,17,2,53,0,3,68,0,71,18,19,85,2,124,96,0,96,220
02/11/2022,GJT,CO,ANM,WE,Federal Contract Tower,15,27,16,12,70,0,1,63,0,64,15,28,79,12,134,66,0,66,200
02/12/2022,GJT,CO,ANM,WE,Federal Contract Tower,13,16,7,0,36,0,0,62,0,62,13,16,69,0,98,64,0,64,162
02/13/2022,GJT,CO,ANM,WE,Federal Contract Tower,13,11,15,0,39,0,2,64,0,66,13,13,79,0,105,74,0,74,179
02/14/2022,GJT,CO,ANM,WE,Federal Contract Tower,16,7,10,0,33,0,0,32,2,34,16,7,42,2,67,72,2,74,141
02/15/2022,GJT,CO,ANM,WE,Federal Contract Tower,11,21,16,3,51,0,2,63,0,65,11,23,79,3,116,104,0,104,220
02/16/2022,GJT,CO,ANM,WE,Federal Contract Tower,26,29,20,1,76,0,2,11,0,13,26,31,31,1,89,20,0,20,109
02/17/2022,GJT,CO,ANM,WE,Federal Contract Tower,15,21,26,0,62,0,6,84,1,91,15,27,110,1,153,100,2,102,255
02/18/2022,GJT,CO,ANM,WE,Federal Contract Tower,15,23,21,0,59,0,1,65,2,68,15,24,86,2,127,96,0,96,223
02/19/2022,GJT,CO,ANM,WE,Federal Contract Tower,12,13,17,1,43,0,2,79,2,83,12,15,96,3,126,74,4,78,204
02/20/2022,GJT,CO,ANM,WE,Federal Contract Tower,14,13,9,0,36,0,3,46,0,49,14,16,55,0,85,24,0,24,109
02/21/2022,GJT,CO,ANM,WE,Federal Contract Tower,27,27,41,0,95,0,1,4,0,5,27,28,45,0,100,0,0,0,100
02/22/2022,GJT,CO,ANM,WE,Federal Contract Tower,23,56,35,0,114,0,0,8,0,8,23,56,43,0,122,10,0,10,132
02/23/2022,GJT,CO,ANM,WE,Federal Contract Tower,11,46,19,0,76,0,0,2,0,2,11,46,21,0,78,4,0,4,82
02/24/2022,GJT,CO,ANM,WE,Federal Contract Tower,17,26,11,0,54,0,4,47,0,51,17,30,58,0,105,80,0,80,185
02/25/2022,GJT,CO,ANM,WE,Federal Contract Tower,13,33,11,0,57,0,0,49,0,49,13,33,60,0,106,84,0,84,190
02/26/2022,GJT,CO,ANM,WE,Federal Contract Tower,14,20,14,1,49,0,1,52,1,54,14,21,66,2,103,44,6,50,153
02/27/2022,GJT,CO,ANM,WE,Federal Contract Tower,11,14,18,2,45,0,2,46,0,48,11,16,64,2,93,66,0,66,159
02/28/2022,GJT,CO,ANM,WE,Federal Contract Tower,16,12,14,2,44,0,0,40,0,40,16,12,54,2,84,30,0,30,114
03/01/2022,GJT,CO,ANM,WE,Federal Contract Tower,10,19,7,1,37,0,3,51,0,54,10,22,58,1,91,62,8,70,161
03/02/2022,GJT,CO,ANM,WE,Federal Contract Tower,12,20,17,2,51,0,3,47,0,50,12,23,64,2,101,54,0,54,155
03/03/2022,GJT,CO,ANM,WE,Federal Contract Tower,12,20,11,2,45,0,2,63,0,65,12,22,74,2,110,82,0,82,192
03/04/2022,GJT,CO,ANM,WE,Federal Contract Tower,24,18,14,2,58,0,0,21,0,21,24,18,35,2,79,38,0,38,117
03/05/2022,GJT,CO,ANM,WE,Federal Contract Tower,12,17,23,0,52,0,0,18,0,18,12,17,41,0,70,0,0,0,70
03/06/2022,GJT,CO,ANM,WE,Federal Contract Tower,21,23,12,2,58,0,1,10,0,11,21,24,22,2,69,6,0,6,75
03/07/2022,GJT,CO,ANM,WE,Federal Contract Tower,28,15,13,0,56,0,1,23,2,26,28,16,36,2,82,34,8,42,124
03/08/2022,GJT,CO,ANM,WE,Federal Contract Tower,16,19,16,2,53,0,1,74,2,77,16,20,90,4,130,84,0,84,214
03/09/2022,GJT,CO,ANM,WE,Federal Contract Tower,25,26,32,7,90,0,0,32,0,32,25,26,64,7,122,36,0,36,158
03/10/2022,GJT,CO,ANM,WE,Federal Contract Tower,20,23,25,0,68,0,1,38,0,39,20,24,63,0,107,52,0,52,159
03/11/2022,GJT,CO,ANM,WE,Federal Contract Tower,18,15,31,8,72,0,2,91,3,96,18,17,122,11,168,102,4,106,274
03/12/2022,GJT,CO,ANM,WE,Federal Contract Tower,13,16,6,1,36,0,0,61,3,64,13,16,67,4,100,54,0,54,154
03/13/2022,GJT,CO,ANM,WE,Federal Contract Tower,18,8,12,1,39,0,1,32,1,34,18,9,44,2,73,58,0,58,131
03/14/2022,GJT,CO,ANM,WE,Federal Contract Tower,19,12,12,15,58,0,0,47,9,56,19,12,59,24,114,32,0,32,146
03/15/2022,GJT,CO,ANM,WE,Federal Contract Tower,12,22,11,7,52,0,2,60,0,62,12,24,71,7,114,44,0,44,158
03/16/2022,GJT,CO,ANM,WE,Federal Contract Tower,19,22,24,4,69,0,2,28,0,30,19,24,52,4,99,38,0,38,137
03/17/2022,GJT,CO,ANM,WE,Federal Contract Tower,24,21,18,3,66,0,3,55,0,58,24,24,73,3,124,54,0,54,178
03/18/2022,GJT,CO,ANM,WE,Federal Contract Tower,16,15,10,13,54,0,0,77,5,82,16,15,87,18,136,70,2,72,208
03/19/2022,GJT,CO,ANM,WE,Federal Contract Tower,13,11,14,2,40,0,2,72,0,74,13,13,86,2,114,34,0,34,148
03/20/2022,GJT,CO,ANM,WE,Federal Contract Tower,14,11,10,0,35,0,0,13,0,13,14,11,23,0,48,0,0,0,48
03/21/2022,GJT,CO,ANM,WE,Federal Contract Tower,16,12,12,0,40,0,2,6,0,8,16,14,18,0,48,4,0,4,52
03/22/2022,GJT,CO,ANM,WE,Federal Contract Tower,11,21,20,2,54,0,1,21,0,22,11,22,41,2,76,16,0,16,92
03/23/2022,GJT,CO,ANM,WE,Federal Contract Tower,12,17,10,2,41,0,0,79,0,79,12,17,89,2,120,112,0,112,232
03/24/2022,GJT,CO,ANM,WE,Federal Contract Tower,19,12,18,10,59,0,0,89,2,91,19,12,107,12,150,108,0,108,258
03/25/2022,GJT,CO,ANM,WE,Federal Contract Tower,17,14,8,4,43,0,0,63,0,63,17,14,71,4,106,136,0,136,242
03/26/2022,GJT,CO,ANM,WE,Federal Contract Tower,14,11,15,5,45,0,0,63,2,65,14,11,78,7,110,52,14,66,176
03/27/2022,GJT,CO,ANM,WE,Federal Contract Tower,13,8,14,0,35,0,3,41,2,46,13,11,55,2,81,24,0,24,105
03/28/2022,GJT,CO,ANM,WE,Federal Contract Tower,15,17,11,4,47,0,0,20,0,20,15,17,31,4,67,6,0,6,73
03/29/2022,GJT,CO,ANM,WE,Federal Contract Tower,12,21,19,2,54,0,0,13,0,13,12,21,32,2,67,0,0,0,67
03/30/2022,GJT,CO,ANM,WE,Federal Contract Tower,18,30,19,4,71,0,2,21,0,23,18,32,40,4,94,38,28,66,160
03/31/2022,GJT,CO,ANM,WE,Federal Contract Tower,15,16,21,6,58,0,2,46,0,48,15,18,67,6,106,66,0,66,172
04/01/2022,GJT,CO,ANM,WE,Federal Contract Tower,13,20,14,15,62,0,0,48,5,53,13,20,62,20,115,44,0,44,159
04/02/2022,GJT,CO,ANM,WE,Federal Contract Tower,12,8,15,2,37,0,1,52,3,56,12,9,67,5,93,22,2,24,117
04/03/2022,GJT,CO,ANM,WE,Federal Contract Tower,23,10,12,1,46,0,0,27,1,28,23,10,39,2,74,22,0,22,96
04/04/2022,GJT,CO,ANM,WE,Federal Contract Tower,16,13,15,2,46,0,1,48,0,49,16,14,63,2,95,48,0,48,143
04/05/2022,GJT,CO,ANM,WE,Federal Contract Tower,18,25,3,3,49,0,2,9,0,11,18,27,12,3,60,0,0,0,60
04/06/2022,GJT,CO,ANM,WE,Federal Contract Tower,15,19,14,2,50,0,4,66,1,71,15,23,80,3,121,46,6,52,173
04/07/2022,GJT,CO,ANM,WE,Federal Contract Tower,19,17,26,0,62,0,1,62,0,63,19,18,88,0,125,28,0,28,153
04/08/2022,GJT,CO,ANM,WE,Federal Contract Tower,20,13,15,7,55,0,0,82,1,83,20,13,97,8,138,84,0,84,222
04/09/2022,GJT,CO,ANM,WE,Federal Contract Tower,15,11,9,0,35,0,0,40,0,40,15,11,49,0,75,18,0,18,93
04/10/2022,GJT,CO,ANM,WE,Federal Contract Tower,19,8,13,5,45,0,0,34,1,35,19,8,47,6,80,46,18,64,144
04/11/2022,GJT,CO,ANM,WE,Federal Contract Tower,20,19,12,2,53,0,0,25,0,25,20,19,37,2,78,50,0,50,128
04/12/2022,GJT,CO,ANM,WE,Federal Contract Tower,20,30,24,1,75,0,0,3,0,3,20,30,27,1,78,0,0,0,78
04/13/2022,GJT,CO,ANM,WE,Federal Contract Tower,17,17,10,7,51,0,4,26,0,30,17,21,36,7,81,8,0,8,89
04/14/2022,GJT,CO,ANM,WE,Federal Contract Tower,19,19,14,4,56,0,4,60,0,64,19,23,74,4,120,54,0,54,174
04/15/2022,GJT,CO,ANM,WE,Federal Contract Tower,16,17,8,6,47,0,4,52,1,57,16,21,60,7,104,100,4,104,208
04/16/2022,GJT,CO,ANM,WE,Federal Contract Tower,14,11,9,4,38,0,3,18,2,23,14,14,27,6,61,26,4,30,91
04/17/2022,GJT,CO,ANM,WE,Federal Contract Tower,20,7,3,5,35,0,0,18,3,21,20,7,21,8,56,26,10,36,92
04/18/2022,GJT,CO,ANM,WE,Federal Contract Tower,17,15,11,4,47,0,0,99,2,101,17,15,110,6,148,100,4,104,252
04/19/2022,GJT,CO,ANM,WE,Federal Contract Tower,13,17,6,0,36,0,0,48,0,48,13,17,54,0,84,64,0,64,148
04/20/2022,GJT,CO,ANM,WE,Federal Contract Tower,15,18,13,4,50,0,4,78,0,82,15,22,91,4,132,70,0,70,202
04/21/2022,GJT,CO,ANM,WE,Federal Contract Tower,22,19,18,6,65,0,6,34,1,41,22,25,52,7,106,16,0,16,122
04/22/2022,GJT,CO,ANM,WE,Federal Contract Tower,17,17,11,0,45,0,0,9,0,9,17,17,20,0,54,0,0,0,54
04/23/2022,GJT,CO,ANM,WE,Federal Contract Tower,14,11,9,1,35,0,1,30,1,32,14,12,39,2,67,20,0,20,87
04/24/2022,GJT,CO,ANM,WE,Federal Contract Tower,16,12,16,0,44,0,0,44,0,44,16,12,60,0,88,38,0,38,126
04/25/2022,GJT,CO,ANM,WE,Federal Contract Tower,20,12,13,0,45,0,2,82,0,84,20,14,95,0,129,86,0,86,215
04/26/2022,GJT,CO,ANM,WE,Federal Contract Tower,14,17,14,11,56,0,1,82,2,85,14,18,96,13,141,126,8,134,275
04/27/2022,GJT,CO,ANM,WE,Federal Contract Tower,21,21,20,4,66,0,2,66,0,68,21,23,86,4,134,80,2,82,216
04/28/2022,GJT,CO,ANM,WE,Federal Contract Tower,20,18,18,7,63,0,4,65,0,69,20,22,83,7,132,26,0,26,158
04/29/2022,GJT,CO,ANM,WE,Federal Contract Tower,21,20,16,9,66,0,0,31,0,31,21,20,47,9,97,12,0,12,109
04/30/2022,GJT,CO,ANM,WE,Federal Contract Tower,14,11,7,8,40,0,0,64,7,71,14,11,71,15,111,58,4,62,173
05/01/2022,GJT,CO,ANM,WE,Federal Contract Tower,19,10,9,2,40,0,0,20,0,20,19,10,29,2,60,4,0,4,64
05/02/2022,GJT,CO,ANM,WE,Federal Contract Tower,19,11,14,0,44,0,0,56,0,56,19,11,70,0,100,72,22,94,194
05/03/2022,GJT,CO,ANM,WE,Federal Contract Tower,14,24,10,8,56,0,1,21,0,22,14,25,31,8,78,0,0,0,78
05/04/2022,GJT,CO,ANM,WE,Federal Contract Tower,15,22,15,4,56,0,3,33,3,39,15,25,48,7,95,0,2,2,97
05/05/2022,GJT,CO,ANM,WE,Federal Contract Tower,18,16,15,5,54,0,4,94,0,98,18,20,109,5,152,142,0,142,294
05/06/2022,GJT,CO,ANM,WE,Federal Contract Tower,22,13,10,17,62,0,1,85,1,87,22,14,95,18,149,120,0,120,269
05/07/2022,GJT,CO,ANM,WE,Federal Contract Tower,19,5,2,0,26,0,0,19,0,19,19,5,21,0,45,18,0,18,63
05/08/2022,GJT,CO,ANM,WE,Federal Contract Tower,18,10,6,1,35,0,2,23,3,28,18,12,29,4,63,38,0,38,101
05/09/2022,GJT,CO,ANM,WE,Federal Contract Tower,22,7,11,0,40,0,2,15,0,17,22,9,26,0,57,32,0,32,89
05/10/2022,GJT,CO,ANM,WE,Federal Contract Tower,19,15,9,2,45,0,0,29,0,29,19,15,38,2,74,64,0,64,138
05/11/2022,GJT,CO,ANM,WE,Federal Contract Tower,18,18,10,0,46,2,2,26,2,32,20,20,36,2,78,6,0,6,84
05/12/2022,GJT,CO,ANM,WE,Federal Contract Tower,19,22,13,3,57,0,3,39,1,43,19,25,52,4,100,38,0,38,138
05/13/2022,GJT,CO,ANM,WE,Federal Contract Tower,21,15,13,3,52,0,1,82,4,87,21,16,95,7,139,70,30,100,239
05/14/2022,GJT,CO,ANM,WE,Federal Contract Tower,19,2,4,9,34,0,4,79,8,91,19,6,83,17,125,42,22,64,189
05/15/2022,GJT,CO,ANM,WE,Federal Contract Tower,20,10,9,2,41,0,3,72,1,76,20,13,81,3,117,88,0,88,205
05/16/2022,GJT,CO,ANM,WE,Federal Contract Tower,18,24,16,2,60,0,2,66,3,71,18,26,82,5,131,88,0,88,219
05/17/2022,GJT,CO,ANM,WE,Federal Contract Tower,18,17,15,2,52,0,2,74,0,76,18,19,89,2,128,110,0,110,238
05/18/2022,GJT,CO,ANM,WE,Federal Contract Tower,16,16,15,2,49,0,2,81,0,83,16,18,96,2,132,142,0,142,274
05/19/2022,GJT,CO,ANM,WE,Federal Contract Tower,19,15,17,7,58,0,7,62,2,71,19,22,79,9,129,28,0,28,157
05/20/2022,GJT,CO,ANM,WE,Federal Contract Tower,21,37,19,2,79,0,0,42,3,45,21,37,61,5,124,0,0,0,124
05/21/2022,GJT,CO,ANM,WE,Federal Contract Tower,16,9,14,7,46,0,0,67,6,73,16,9,81,13,119,116,2,118,237
05/22/2022,GJT,CO,ANM,WE,Federal Contract Tower,14,14,16,4,48,0,1,61,0,62,14,15,77,4,110,80,0,80,190
05/23/2022,GJT,CO,ANM,WE,Federal Contract Tower,21,15,17,0,53,0,1,48,0,49,21,16,65,0,102,90,0,90,192
05/24/2022,GJT,CO,ANM,WE,Federal Contract Tower,16,20,8,0,44,0,2,67,0,69,16,22,75,0,113,96,0,96,209
05/25/2022,GJT,CO,ANM,WE,Federal Contract Tower,21,17,15,0,53,0,0,79,0,79,21,17,94,0,132,68,0,68,200
05/26/2022,GJT,CO,ANM,WE,Federal Contract Tower,17,21,16,12,66,0,6,85,0,91,17,27,101,12,157,84,0,84,241
05/27/2022,GJT,CO,ANM,WE,Federal Contract Tower,25,18,14,0,57,0,5,60,3,68,25,23,74,3,125,80,0,80,205
05/28/2022,GJT,CO,ANM,WE,Federal Contract Tower,20,8,5,6,39,0,0,32,0,32,20,8,37,6,71,6,0,6,77
05/29/2022,GJT,CO,ANM,WE,Federal Contract Tower,16,17,13,0,46,0,0,19,0,19,16,17,32,0,65,6,0,6,71
05/30/2022,GJT,CO,ANM,WE,Federal Contract Tower,22,11,5,0,38,0,1,60,0,61,22,12,65,0,99,50,0,50,149
05/31/2022,GJT,CO,ANM,WE,Federal Contract Tower,17,16,8,2,43,0,3,77,0,80,17,19,85,2,123,90,0,90,213
06/01/2022,GJT,CO,ANM,WE,Federal Contract Tower,16,16,5,3,40,0,0,66,0,66,16,16,71,3,106,64,0,64,170
06/02/2022,GJT,CO,ANM,WE,Federal Contract Tower,19,14,9,7,49,0,0,57,4,61,19,14,66,11,110,54,4,58,168
06/03/2022,GJT,CO,ANM,WE,Federal Contract Tower,18,23,8,15,64,0,2,54,4,60,18,25,62,19,124,32,18,50,174
06/04/2022,GJT,CO,ANM,WE,Federal Contract Tower,13,15,16,1,45,0,1,59,2,62,13,16,75,3,107,52,10,62,169
06/05/2022,GJT,CO,ANM,WE,Federal Contract Tower,15,10,11,0,36,0,1,44,0,45,15,11,55,0,81,14,0,14,95
06/06/2022,GJT,CO,ANM,WE,Federal Contract Tower,39,15,8,3,65,0,1,43,0,44,39,16,51,3,109,48,8,56,165
06/07/2022,GJT,CO,ANM,WE,Federal Contract Tower,14,13,17,2,46,0,0,73,0,73,14,13,90,2,119,76,0,76,195
06/08/2022,GJT,CO,ANM,WE,Federal Contract Tower,16,20,14,7,57,0,1,81,4,86,16,21,95,11,143,90,0,90,233
06/09/2022,GJT,CO,ANM,WE,Federal Contract Tower,170,15,13,3,201,0,3,79,3,85,170,18,92,6,286,66,0,66,352
06/10/2022,GJT,CO,ANM,WE,Federal Contract Tower,19,18,20,1,58,0,0,68,1,69,19,18,88,2,127,12,0,12,139
06/11/2022,GJT,CO,ANM,WE,Federal Contract Tower,18,15,9,0,42,0,0,48,0,48,18,15,57,0,90,4,0,4,94
06/12/2022,GJT,CO,ANM,WE,Federal Contract Tower,22,20,5,0,47,0,7,50,0,57,22,27,55,0,104,30,0,30,134
06/13/2022,GJT,CO,ANM,WE,Federal Contract Tower,20,5,15,0,40,0,1,20,0,21,20,6,35,0,61,28,0,28,89
06/14/2022,GJT,CO,ANM,WE,Federal Contract Tower,17,15,4,0,36,0,1,45,0,46,17,16,49,0,82,34,0,34,116
06/15/2022,GJT,CO,ANM,WE,Federal Contract Tower,15,15,14,2,46,0,3,79,3,85,15,18,93,5,131,98,4,102,233
06/16/2022,GJT,CO,ANM,WE,Federal Contract Tower,15,19,17,2,53,0,6,76,3,85,15,25,93,5,138,94,0,94,232
06/17/2022,GJT,CO,ANM,WE,Federal Contract Tower,26,17,13,4,60,0,2,36,0,38,26,19,49,4,98,0,0,0,98
06/18/2022,GJT,CO,ANM,WE,Federal Contract Tower,14,13,6,0,33,0,0,14,0,14,14,13,20,0,47,0,0,0,47
06/19/2022,GJT,CO,ANM,WE,Federal Contract Tower,18,8,10,1,37,0,2,8,3,13,18,10,18,4,50,0,0,0,50
06/20/2022,GJT,CO,ANM,WE,Federal Contract Tower,17,13,12,1,43,0,2,42,0,44,17,15,54,1,87,48,0,48,135
06/21/2022,GJT,CO,ANM,WE,Federal Contract Tower,15,14,15,3,47,0,0,81,1,82,15,14,96,4,129,74,0,74,203
06/22/2022,GJT,CO,ANM,WE,Federal Contract Tower,15,30,13,4,62,0,4,57,0,61,15,34,70,4,123,80,0,80,203
06/23/2022,GJT,CO,ANM,WE,Federal Contract Tower,18,15,13,6,52,0,1,30,1,32,18,16,43,7,84,76,0,76,160
06/24/2022,GJT,CO,ANM,WE,Federal Contract Tower,22,21,14,2,59,0,4,42,2,48,22,25,56,4,107,40,0,40,147
06/25/2022,GJT,CO,ANM,WE,Federal Contract Tower,18,9,13,1,41,0,1,54,2,57,18,10,67,3,98,46,0,46,144
06/26/2022,GJT,CO,ANM,WE,Federal Contract Tower,18,9,17,2,46,0,2,26,2,30,18,11,43,4,76,34,2,36,112
06/27/2022,GJT,CO,ANM,WE,Federal Contract Tower,17,11,15,4,47,0,2,70,0,72,17,13,85,4,119,84,0,84,203
06/28/2022,GJT,CO,ANM,WE,Federal Contract Tower,14,15,12,10,51,0,7,79,0,86,14,22,91,10,137,110,0,110,247
06/29/2022,GJT,CO,ANM,WE,Federal Contract Tower,17,20,14,0,51,0,5,69,0,74,17,25,83,0,125,50,0,50,175
06/30/2022,GJT,CO,ANM,WE,Federal Contract Tower,18,19,23,2,62,0,0,39,0,39,18,19,62,2,101,68,0,68,169
07/01/2022,GJT,CO,ANM,WE,Federal Contract Tower,20,12,10,0,42,0,2,42,0,44,20,14,52,0,86,34,0,34,120
07/02/2022,GJT,CO,ANM,WE,Federal Contract Tower,17,6,9,0,32,0,2,38,0,40,17,8,47,0,72,42,0,42,114
07/03/2022,GJT,CO,ANM,WE,Federal Contract Tower,14,7,8,0,29,0,4,14,0,18,14,11,22,0,47,0,0,0,47
07/04/2022,GJT,CO,ANM,WE,Federal Contract Tower,15,4,11,0,30,0,1,30,0,31,15,5,41,0,61,22,0,22,83
07/05/2022,GJT,CO,ANM,WE,Federal Contract Tower,19,14,8,0,41,0,1,41,0,42,19,15,49,0,83,48,4,52,135
07/06/2022,GJT,CO,ANM,WE,Federal Contract Tower,17,15,13,2,47,0,1,39,3,43,17,16,52,5,90,94,2,96,186
07/07/2022,GJT,CO,ANM,WE,Federal Contract Tower,21,10,10,0,41,0,4,57,0,61,21,14,67,0,102,30,0,30,132
07/08/2022,GJT,CO,ANM,WE,Federal Contract Tower,22,16,19,0,57,0,5,69,2,76,22,21,88,2,133,42,0,42,175
07/09/2022,GJT,CO,ANM,WE,Federal Contract Tower,15,11,13,0,39,0,4,51,0,55,15,15,64,0,94,40,0,40,134
07/10/2022,GJT,CO,ANM,WE,Federal Contract Tower,29,11,18,0,58,0,5,46,0,51,29,16,64,0,109,20,0,20,129
07/11/2022,GJT,CO,ANM,WE,Federal Contract Tower,19,14,13,0,46,0,2,39,0,41,19,16,52,0,87,32,0,32,119
07/12/2022,GJT,CO,ANM,WE,Federal Contract Tower,16,15,16,2,49,0,3,51,1,55,16,18,67,3,104,18,0,18,122
07/13/2022,GJT,CO,ANM,WE,Federal Contract Tower,17,12,13,0,42,0,4,36,1,41,17,16,49,1,83,26,0,26,109
07/14/2022,GJT,CO,ANM,WE,Federal Contract Tower,18,23,7,0,48,0,1,34,0,35,18,24,41,0,83,32,16,48,131
07/15/2022,GJT,CO,ANM,WE,Federal Contract Tower,18,10,16,1,45,0,2,41,0,43,18,12,57,1,88,26,0,26,114
07/16/2022,GJT,CO,ANM,WE,Federal Contract Tower,13,14,10,0,37,0,1,32,0,33,13,15,42,0,70,42,0,42,112
07/17/2022,GJT,CO,ANM,WE,Federal Contract Tower,20,7,11,1,39,0,3,47,0,50,20,10,58,1,89,4,0,4,93
07/18/2022,GJT,CO,ANM,WE,Federal Contract Tower,31,12,8,4,55,0,5,45,0,50,31,17,53,4,105,24,0,24,129
07/19/2022,GJT,CO,ANM,WE,Federal Contract Tower,15,13,21,0,49,0,1,70,0,71,15,14,91,0,120,32,0,32,152
07/20/2022,GJT,CO,ANM,WE,Federal Contract Tower,22,11,19,10,62,0,2,54,0,56,22,13,73,10,118,26,0,26,144
07/21/2022,GJT,CO,ANM,WE,Federal Contract Tower,17,9,25,8,59,0,0,79,0,79,17,9,104,8,138,84,0,84,222
07/22/2022,GJT,CO,ANM,WE,Federal Contract Tower,19,15,10,0,44,0,5,63,0,68,19,20,73,0,112,44,0,44,156
07/23/2022,GJT,CO,ANM,WE,Federal Contract Tower,16,9,2,0,27,0,3,28,0,31,16,12,30,0,58,0,0,0,58
07/24/2022,GJT,CO,ANM,WE,Federal Contract Tower,21,10,6,2,39,0,1,23,0,24,21,11,29,2,63,10,2,12,75
07/25/2022,GJT,CO,ANM,WE,Federal Contract Tower,23,7,17,1,48,0,0,52,1,53,23,7,69,2,101,42,0,42,143
07/26/2022,GJT,CO,ANM,WE,Federal Contract Tower,23,17,10,1,51,0,4,57,1,62,23,21,67,2,113,26,6,32,145
07/27/2022,GJT,CO,ANM,WE,Federal Contract Tower,17,23,10,0,50,0,10,71,0,81,17,33,81,0,131,62,0,62,193
07/28/2022,GJT,CO,ANM,WE,Federal Contract Tower,17,20,18,2,57,0,2,46,0,48,17,22,64,2,105,66,10,76,181
07/29/2022,GJT,CO,ANM,WE,Federal Contract Tower,20,23,16,2,61,0,4,62,0,66,20,27,78,2,127,52,0,52,179
07/30/2022,GJT,CO,ANM,WE,Federal Contract Tower,16,7,8,0,31,0,2,51,0,53,16,9,59,0,84,24,0,24,108
07/31/2022,GJT,CO,ANM,WE,Federal Contract Tower,19,6,5,4,34,0,3,41,0,44,19,9,46,4,78,20,0,20,98
08/01/2022,GJT,CO,ANM,WE,Federal Contract Tower,25,8,10,3,46,0,2,48,1,51,25,10,58,4,97,22,0,22,119
08/02/2022,GJT,CO,ANM,WE,Federal Contract Tower,15,19,13,0,47,0,0,47,1,48,15,19,60,1,95,56,0,56,151
08/03/2022,GJT,CO,ANM,WE,Federal Contract Tower,15,14,6,2,37,0,1,68,0,69,15,15,74,2,106,74,0,74,180
08/04/2022,GJT,CO,ANM,WE,Federal Contract Tower,17,14,11,4,46,0,1,59,0,60,17,15,70,4,106,52,0,52,158
08/05/2022,GJT,CO,ANM,WE,Federal Contract Tower,24,20,11,1,56,0,6,34,0,40,24,26,45,1,96,30,0,30,126
08/06/2022,GJT,CO,ANM,WE,Federal Contract Tower,25,10,10,4,49,0,0,30,4,34,25,10,40,8,83,26,4,30,113
08/07/2022,GJT,CO,ANM,WE,Federal Contract Tower,27,5,3,0,35,0,1,32,0,33,27,6,35,0,68,64,0,64,132
08/08/2022,GJT,CO,ANM,WE,Federal Contract Tower,22,8,15,3,48,0,9,70,1,80,22,17,85,4,128,88,0,88,216
08/09/2022,GJT,CO,ANM,WE,Federal Contract Tower,16,18,9,2,45,0,2,66,3,71,16,20,75,5,116,126,0,126,242
08/10/2022,GJT,CO,ANM,WE,Federal Contract Tower,17,18,9,4,48,0,0,67,0,67,17,18,76,4,115,104,0,104,219
08/11/2022,GJT,CO,ANM,WE,Federal Contract Tower,18,21,11,2,52,0,0,95,0,95,18,21,106,2,147,72,0,72,219
08/12/2022,GJT,CO,ANM,WE,Federal Contract Tower,21,12,18,0,51,0,47,0,0,47,21,59,18,0,98,70,0,70,168
08/13/2022,GJT,CO,ANM,WE,Federal Contract Tower,17,4,11,0,32,0,1,77,0,78,17,5,88,0,110,36,0,36,146
08/14/2022,GJT,CO,ANM,WE,Federal Contract Tower,16,16,12,0,44,0,3,43,0,46,16,19,55,0,90,26,0,26,116
08/15/2022,GJT,CO,ANM,WE,Federal Contract Tower,23,16,16,0,55,0,1,42,0,43,23,17,58,0,98,58,0,58,156
08/16/2022,GJT,CO,ANM,WE,Federal Contract Tower,23,18,15,0,56,0,0,29,2,31,23,18,44,2,87,44,0,44,131
08/18/2022,GJT,CO,ANM,WE,Federal Contract Tower,21,15,23,2,61,0,0,56,0,56,21,15,79,2,117,102,16,118,235
08/19/2022,GJT,CO,ANM,WE,Federal Contract Tower,18,14,16,4,52,0,0,42,0,42,18,14,58,4,94,52,0,52,146
08/20/2022,GJT,CO,ANM,WE,Federal Contract Tower,15,10,8,0,33,0,2,60,0,62,15,12,68,0,95,68,0,68,163
08/21/2022,GJT,CO,ANM,WE,Federal Contract Tower,17,8,10,0,35,0,4,19,0,23,17,12,29,0,58,26,0,26,84
08/22/2022,GJT,CO,ANM,WE,Federal Contract Tower,18,10,6,10,44,0,1,57,2,60,18,11,63,12,104,106,0,106,210
08/23/2022,GJT,CO,ANM,WE,Federal Contract Tower,17,16,9,2,44,0,5,56,5,66,17,21,65,7,110,42,0,42,152
08/24/2022,GJT,CO,ANM,WE,Federal Contract Tower,21,15,10,0,46,0,3,70,2,75,21,18,80,2,121,68,0,68,189
08/25/2022,GJT,CO,ANM,WE,Federal Contract Tower,19,11,16,0,46,0,62,2,0,64,19,73,18,0,110,46,0,46,156
08/26/2022,GJT,CO,ANM,WE,Federal Contract Tower,19,12,19,3,53,0,2,61,4,67,19,14,80,7,120,74,0,74,194
08/27/2022,GJT,CO,ANM,WE,Federal Contract Tower,17,6,7,7,37,0,10,66,4,80,17,16,73,11,117,42,12,54,171
08/28/2022,GJT,CO,ANM,WE,Federal Contract Tower,25,5,15,2,47,0,5,24,0,29,25,10,39,2,76,20,0,20,96
08/29/2022,GJT,CO,ANM,WE,Federal Contract Tower,20,14,9,2,45,0,1,50,0,51,20,15,59,2,96,44,0,44,140
08/30/2022,GJT,CO,ANM,WE,Federal Contract Tower,21,8,6,6,41,0,0,42,0,42,21,8,48,6,83,40,0,40,123
08/31/2022,GJT,CO,ANM,WE,Federal Contract Tower,21,8,16,4,49,0,1,52,0,53,21,9,68,4,102,78,0,78,180
09/01/2022,GJT,CO,ANM,WE,Federal Contract Tower,17,16,26,5,64,0,7,79,3,89,17,23,105,8,153,98,0,98,251
09/02/2022,GJT,CO,ANM,WE,Federal Contract Tower,21,20,19,2,62,0,9,83,0,92,21,29,102,2,154,102,0,102,256
09/03/2022,GJT,CO,ANM,WE,Federal Contract Tower,19,5,6,0,30,0,3,42,0,45,19,8,48,0,75,26,0,26,101
09/05/2022,GJT,CO,ANM,WE,Federal Contract Tower,22,9,9,0,40,0,4,48,0,52,22,13,57,0,92,32,0,32,124
09/06/2022,GJT,CO,ANM,WE,Federal Contract Tower,20,9,10,10,49,0,0,0,0,0,20,9,10,10,49,20,0,20,69
09/07/2022,GJT,CO,ANM,WE,Federal Contract Tower,16,13,17,2,48,0,4,45,2,51,16,17,62,4,99,42,0,42,141
09/08/2022,GJT,CO,ANM,WE,Federal Contract Tower,17,14,20,2,53,0,4,50,7,61,17,18,70,9,114,40,0,40,154
09/09/2022,GJT,CO,ANM,WE,Federal Contract Tower,21,15,9,7,52,0,4,43,0,47,21,19,52,7,99,16,0,16,115
09/10/2022,GJT,CO,ANM,WE,Federal Contract Tower,18,4,7,6,35,0,3,50,4,57,18,7,57,10,92,58,0,58,150
09/11/2022,GJT,CO,ANM,WE,Federal Contract Tower,19,4,10,5,38,0,0,40,1,41,19,4,50,6,79,12,0,12,91
09/12/2022,GJT,CO,ANM,WE,Federal Contract Tower,19,10,23,8,60,0,4,57,3,64,19,14,80,11,124,58,0,58,182
09/13/2022,GJT,CO,ANM,WE,Federal Contract Tower,15,23,13,2,53,0,1,54,0,55,15,24,67,2,108,98,0,98,206
09/14/2022,GJT,CO,ANM,WE,Federal Contract Tower,16,23,25,2,66,0,3,53,0,56,16,26,78,2,122,36,0,36,158
09/15/2022,GJT,CO,ANM,WE,Federal Contract Tower,20,14,18,2,54,0,2,77,0,79,20,16,95,2,133,130,16,146,279
09/16/2022,GJT,CO,ANM,WE,Federal Contract Tower,20,15,13,16,64,0,0,55,0,55,20,15,68,16,119,32,0,32,151
09/17/2022,GJT,CO,ANM,WE,Federal Contract Tower,18,8,8,0,34,0,53,0,0,53,18,61,8,0,87,40,0,40,127
09/18/2022,GJT,CO,ANM,WE,Federal Contract Tower,17,8,12,6,43,0,3,34,0,37,17,11,46,6,80,20,0,20,100
09/20/2022,GJT,CO,ANM,WE,Federal Contract Tower,17,15,9,0,41,0,1,44,0,45,17,16,53,0,86,46,14,60,146
09/21/2022,GJT,CO,ANM,WE,Federal Contract Tower,18,19,13,0,50,0,1,24,0,25,18,20,37,0,75,26,0,26,101
09/22/2022,GJT,CO,ANM,WE,Federal Contract Tower,20,20,16,10,66,0,0,48,0,48,20,20,64,10,114,42,0,42,156
09/23/2022,GJT,CO,ANM,WE,Federal Contract Tower,23,10,17,8,58,0,0,72,2,74,23,10,89,10,132,74,0,74,206
09/24/2022,GJT,CO,ANM,WE,Federal Contract Tower,15,11,5,4,35,0,2,73,2,77,15,13,78,6,112,82,0,82,194
09/25/2022,GJT,CO,ANM,WE,Federal Contract Tower,16,10,12,6,44,0,0,52,0,52,16,10,64,6,96,38,0,38,134
09/26/2022,GJT,CO,ANM,WE,Federal Contract Tower,18,12,16,2,48,0,2,86,0,88,18,14,102,2,136,104,0,104,240
09/27/2022,GJT,CO,ANM,WE,Federal Contract Tower,17,17,7,0,41,0,1,69,0,70,17,18,76,0,111,126,0,126,237
09/28/2022,GJT,CO,ANM,WE,Federal Contract Tower,18,12,9,2,41,0,3,53,0,56,18,15,62,2,97,68,0,68,165
09/29/2022,GJT,CO,ANM,WE,Federal Contract Tower,19,17,10,1,47,0,0,66,2,68,19,17,76,3,115,98,2,100,215
09/30/2022,GJT,CO,ANM,WE,Federal Contract Tower,20,21,11,2,54,0,0,15,0,15,20,21,26,2,69,44,0,44,113
10/01/2022,GJT,CO,ANM,WE,Federal Contract Tower,31,8,5,0,44,0,4,17,0,21,31,12,22,0,65,6,0,6,71
10/02/2022,GJT,CO,ANM,WE,Federal Contract Tower,16,9,14,4,43,0,5,8,0,13,16,14,22,4,56,14,0,14,70
10/03/2022,GJT,CO,ANM,WE,Federal Contract Tower,20,8,16,1,45,0,0,27,4,31,20,8,43,5,76,40,0,40,116
10/04/2022,GJT,CO,ANM,WE,Federal Contract Tower,21,17,20,1,59,0,4,78,2,84,21,21,98,3,143,84,0,84,227
10/05/2022,GJT,CO,ANM,WE,Federal Contract Tower,15,13,18,0,46,0,0,81,0,81,15,13,99,0,127,86,0,86,213
10/06/2022,GJT,CO,ANM,WE,Federal Contract Tower,19,13,14,3,49,0,0,79,0,79,19,13,93,3,128,114,0,114,242
10/07/2022,GJT,CO,ANM,WE,Federal Contract Tower,18,15,9,0,42,0,0,64,0,64,18,15,73,0,106,60,4,64,170
10/08/2022,GJT,CO,ANM,WE,Federal Contract Tower,17,6,7,1,31,0,0,69,1,70,17,6,76,2,101,96,0,96,197
10/09/2022,GJT,CO,ANM,WE,Federal Contract Tower,18,8,11,0,37,0,6,35,0,41,18,14,46,0,78,12,0,12,90
10/10/2022,GJT,CO,ANM,WE,Federal Contract Tower,20,11,6,0,37,0,4,42,0,46,20,15,48,0,83,42,0,42,125
10/11/2022,GJT,CO,ANM,WE,Federal Contract Tower,18,12,11,2,43,0,0,49,0,49,18,12,60,2,92,80,0,80,172
10/12/2022,GJT,CO,ANM,WE,Federal Contract Tower,20,13,9,6,48,0,0,70,0,70,20,13,79,6,118,116,0,116,234
10/13/2022,GJT,CO,ANM,WE,Federal Contract Tower,20,18,21,6,65,0,0,85,0,85,20,18,106,6,150,66,0,66,216
10/14/2022,GJT,CO,ANM,WE,Federal Contract Tower,19,15,16,4,54,0,1,69,2,72,19,16,85,6,126,114,0,114,240
10/15/2022,GJT,CO,ANM,WE,Federal Contract Tower,17,7,11,20,55,0,8,77,10,95,17,15,88,30,150,38,26,64,214
10/16/2022,GJT,CO,ANM,WE,Federal Contract Tower,17,11,15,4,47,0,5,58,0,63,17,16,73,4,110,40,0,40,150
10/17/2022,GJT,CO,ANM,WE,Federal Contract Tower,19,9,16,0,44,0,1,40,0,41,19,10,56,0,85,42,0,42,127
10/18/2022,GJT,CO,ANM,WE,Federal Contract Tower,16,18,8,2,44,0,0,44,4,48,16,18,52,6,92,46,4,50,142
10/19/2022,GJT,CO,ANM,WE,Federal Contract Tower,18,17,11,6,52,0,0,87,1,88,18,17,98,7,140,98,0,98,238
10/20/2022,GJT,CO,ANM,WE,Federal Contract Tower,18,16,28,0,62,0,0,73,0,73,18,16,101,0,135,158,0,158,293
10/21/2022,GJT,CO,ANM,WE,Federal Contract Tower,24,19,17,8,68,0,3,67,2,72,24,22,84,10,140,82,8,90,230
10/22/2022,GJT,CO,ANM,WE,Federal Contract Tower,20,12,11,3,46,0,0,12,0,12,20,12,23,3,58,12,0,12,70
10/23/2022,GJT,CO,ANM,WE,Federal Contract Tower,20,20,5,4,49,0,0,0,0,0,20,20,5,4,49,0,0,0,49
10/24/2022,GJT,CO,ANM,WE,Federal Contract Tower,22,9,15,5,51,0,0,43,0,43,22,9,58,5,94,78,0,78,172
10/25/2022,GJT,CO,ANM,WE,Federal Contract Tower,16,15,17,1,49,0,0,58,0,58,16,15,75,1,107,92,0,92,199
10/26/2022,GJT,CO,ANM,WE,Federal Contract Tower,19,31,23,2,75,0,0,7,0,7,19,31,30,2,82,12,0,12,94
10/27/2022,GJT,CO,ANM,WE,Federal Contract Tower,22,16,13,0,51,0,0,51,0,51,22,16,64,0,102,74,0,74,176
10/28/2022,GJT,CO,ANM,WE,Federal Contract Tower,21,15,17,10,63,0,5,79,2,86,21,20,96,12,149,98,10,108,257
10/29/2022,GJT,CO,ANM,WE,Federal Contract Tower,17,9,16,1,43,0,0,50,4,54,17,9,66,5,97,30,6,36,133
10/30/2022,GJT,CO,ANM,WE,Federal Contract Tower,17,9,14,4,44,0,0,43,0,43,17,9,57,4,87,42,0,42,129
10/31/2022,GJT,CO,ANM,WE,Federal Contract Tower,12,16,6,3,37,0,0,39,1,40,12,16,45,4,77,36,0,36,113
11/01/2022,GJT,CO,ANM,WE,Federal Contract Tower,12,16,16,4,48,0,2,97,0,99,12,18,113,4,147,120,0,120,267
11/02/2022,GJT,CO,ANM,WE,Federal Contract Tower,18,19,19,2,58,0,3,15,0,18,18,22,34,2,76,16,0,16,92
11/03/2022,GJT,CO,ANM,WE,Federal Contract Tower,22,27,9,0,58,0,0,3,0,3,22,27,12,0,61,4,0,4,65
11/04/2022,GJT,CO,ANM,WE,Federal Contract Tower,24,26,15,2,67,0,0,0,0,0,24,26,15,2,67,42,0,42,109
11/05/2022,GJT,CO,ANM,WE,Federal Contract Tower,17,8,11,0,36,0,0,46,0,46,17,8,57,0,82,72,0,72,154
11/06/2022,GJT,CO,ANM,WE,Federal Contract Tower,13,13,10,3,39,0,1,38,1,40,13,14,48,4,79,28,0,28,107
11/07/2022,GJT,CO,ANM,WE,Federal Contract Tower,16,16,5,0,37,0,0,20,0,20,16,16,25,0,57,18,0,18,75
11/08/2022,GJT,CO,ANM,WE,Federal Contract Tower,15,18,11,4,48,0,3,4,0,7,15,21,15,4,55,4,0,4,59
11/09/2022,GJT,CO,ANM,WE,Federal Contract Tower,19,15,12,0,46,0,0,0,0,0,19,15,12,0,46,0,0,0,46
11/10/2022,GJT,CO,ANM,WE,Federal Contract Tower,16,12,18,2,48,0,1,61,0,62,16,13,79,2,110,110,0,110,220
11/11/2022,GJT,CO,ANM,WE,Federal Contract Tower,20,14,16,0,50,0,0,51,0,51,20,14,67,0,101,104,0,104,205
11/12/2022,GJT,CO,ANM,WE,Federal Contract Tower,17,7,5,3,32,0,1,55,0,56,17,8,60,3,88,48,0,48,136
11/13/2022,GJT,CO,ANM,WE,Federal Contract Tower,13,17,9,4,43,0,2,44,1,47,13,19,53,5,90,42,2,44,134
11/14/2022,GJT,CO,ANM,WE,Federal Contract Tower,23,9,24,5,61,0,1,31,1,33,23,10,55,6,94,16,0,16,110
11/15/2022,GJT,CO,ANM,WE,Federal Contract Tower,18,13,12,4,47,0,4,39,1,44,18,17,51,5,91,14,8,22,113
11/16/2022,GJT,CO,ANM,WE,Federal Contract Tower,16,19,13,0,48,0,0,51,0,51,16,19,64,0,99,110,0,110,209
11/17/2022,GJT,CO,ANM,WE,Federal Contract Tower,19,17,8,6,50,0,0,52,0,52,19,17,60,6,102,56,0,56,158
11/18/2022,GJT,CO,ANM,WE,Federal Contract Tower,17,18,18,6,59,0,2,47,2,51,17,20,65,8,110,88,0,88,198
11/19/2022,GJT,CO,ANM,WE,Federal Contract Tower,14,13,8,0,35,0,1,60,0,61,14,14,68,0,96,64,0,64,160
11/20/2022,GJT,CO,ANM,WE,Federal Contract Tower,18,15,10,3,46,0,3,43,0,46,18,18,53,3,92,14,0,14,106
11/21/2022,GJT,CO,ANM,WE,Federal Contract Tower,20,12,11,3,46,0,2,44,0,46,20,14,55,3,92,46,0,46,138
11/22/2022,GJT,CO,ANM,WE,Federal Contract Tower,20,12,16,4,52,0,0,44,2,46,20,12,60,6,98,52,4,56,154
11/23/2022,GJT,CO,ANM,WE,Federal Contract Tower,21,13,13,4,51,0,0,34,0,34,21,13,47,4,85,18,0,18,103
11/24/2022,GJT,CO,ANM,WE,Federal Contract Tower,9,6,4,0,19,0,1,9,0,10,9,7,13,0,29,18,0,18,47
11/25/2022,GJT,CO,ANM,WE,Federal Contract Tower,17,14,17,0,48,0,1,44,0,45,17,15,61,0,93,48,0,48,141
11/26/2022,GJT,CO,ANM,WE,Federal Contract Tower,17,11,6,0,34,0,0,38,0,38,17,11,44,0,72,40,0,40,112
11/27/2022,GJT,CO,ANM,WE,Federal Contract Tower,17,8,13,0,38,0,4,33,0,37,17,12,46,0,75,26,0,26,101
11/28/2022,GJT,CO,ANM,WE,Federal Contract Tower,20,13,19,5,57,0,0,27,2,29,20,13,46,7,86,38,0,38,124
11/29/2022,GJT,CO,ANM,WE,Federal Contract Tower,20,18,13,0,51,0,0,22,0,22,20,18,35,0,73,32,0,32,105
11/30/2022,GJT,CO,ANM,WE,Federal Contract Tower,12,22,10,2,46,0,1,54,1,56,12,23,64,3,102,64,8,72,174
12/01/2022,GJT,CO,ANM,WE,Federal Contract Tower,15,14,15,10,54,0,5,58,0,63,15,19,73,10,117,76,2,78,195
12/02/2022,GJT,CO,ANM,WE,Federal Contract Tower,18,23,3,0,44,0,5,14,0,19,18,28,17,0,63,6,0,6,69
12/03/2022,GJT,CO,ANM,WE,Federal Contract Tower,15,16,7,1,39,0,1,29,2,32,15,17,36,3,71,76,8,84,155
12/04/2022,GJT,CO,ANM,WE,Federal Contract Tower,14,18,8,3,43,0,0,40,1,41,14,18,48,4,84,24,0,24,108
12/05/2022,GJT,CO,ANM,WE,Federal Contract Tower,13,11,11,2,37,0,0,28,0,28,13,11,39,2,65,24,0,24,89
12/06/2022,GJT,CO,ANM,WE,Federal Contract Tower,14,33,14,6,67,0,0,17,0,17,14,33,31,6,84,42,4,46,130
12/07/2022,GJT,CO,ANM,WE,Federal Contract Tower,14,28,15,0,57,0,0,2,0,2,14,28,17,0,59,4,0,4,63
12/08/2022,GJT,CO,ANM,WE,Federal Contract Tower,13,26,12,4,55,0,1,39,0,40,13,27,51,4,95,60,0,60,155
12/09/2022,GJT,CO,ANM,WE,Federal Contract Tower,15,26,19,11,71,0,1,66,0,67,15,27,85,11,138,46,0,46,184
12/10/2022,GJT,CO,ANM,WE,Federal Contract Tower,16,10,12,7,45,0,0,59,3,62,16,10,71,10,107,36,6,42,149
12/11/2022,GJT,CO,ANM,WE,Federal Contract Tower,15,15,12,2,44,0,0,38,0,38,15,15,50,2,82,20,8,28,110
12/12/2022,GJT,CO,ANM,WE,Federal Contract Tower,12,18,7,0,37,0,0,1,0,1,12,18,8,0,38,0,0,0,38
12/13/2022,GJT,CO,ANM,WE,Federal Contract Tower,20,26,15,0,61,0,0,8,0,8,20,26,23,0,69,0,0,0,69
12/14/2022,GJT,CO,ANM,WE,Federal Contract Tower,15,23,17,0,55,0,1,38,0,39,15,24,55,0,94,60,0,60,154
12/15/2022,GJT,CO,ANM,WE,Federal Contract Tower,21,21,17,0,59,0,1,2,0,3,21,22,19,0,62,0,0,0,62
12/16/2022,GJT,CO,ANM,WE,Federal Contract Tower,14,13,10,4,41,0,1,52,0,53,14,14,62,4,94,68,0,68,162
12/17/2022,GJT,CO,ANM,WE,Federal Contract Tower,17,9,23,1,50,0,0,66,0,66,17,9,89,1,116,66,18,84,200
12/18/2022,GJT,CO,ANM,WE,Federal Contract Tower,13,13,12,1,39,0,1,45,0,46,13,14,57,1,85,30,2,32,117
12/19/2022,GJT,CO,ANM,WE,Federal Contract Tower,12,17,15,4,48,0,1,59,2,62,12,18,74,6,110,52,0,52,162
12/20/2022,GJT,CO,ANM,WE,Federal Contract Tower,16,14,12,6,48,0,0,52,0,52,16,14,64,6,100,62,0,62,162
12/21/2022,GJT,CO,ANM,WE,Federal Contract Tower,17,16,9,0,42,0,1,53,2,56,17,17,62,2,98,92,0,92,190
12/22/2022,GJT,CO,ANM,WE,Federal Contract Tower,18,24,18,1,61,0,0,13,1,14,18,24,31,2,75,0,0,0,75
12/23/2022,GJT,CO,ANM,WE,Federal Contract Tower,12,11,16,0,39,0,0,34,0,34,12,11,50,0,73,64,0,64,137
12/24/2022,GJT,CO,ANM,WE,Federal Contract Tower,11,13,6,0,30,0,1,39,0,40,11,14,45,0,70,36,0,36,106
12/25/2022,GJT,CO,ANM,WE,Federal Contract Tower,9,13,2,0,24,0,0,9,0,9,9,13,11,0,33,0,0,0,33
12/26/2022,GJT,CO,ANM,WE,Federal Contract Tower,12,15,18,0,45,0,3,60,0,63,12,18,78,0,108,34,0,34,142
12/27/2022,GJT,CO,ANM,WE,Federal Contract Tower,20,33,18,0,71,0,1,51,0,52,20,34,69,0,123,98,0,98,221
12/28/2022,GJT,CO,ANM,WE,Federal Contract Tower,27,41,13,0,81,0,0,0,0,0,27,41,13,0,81,0,0,0,81
12/29/2022,GJT,CO,ANM,WE,Federal Contract Tower,16,17,27,1,61,0,0,0,0,0,16,17,27,1,61,0,0,0,61
12/30/2022,GJT,CO,ANM,WE,Federal Contract Tower,18,37,18,2,75,0,2,7,0,9,18,39,25,2,84,34,0,34,118
12/31/2022,GJT,CO,ANM,WE,Federal Contract Tower,13,53,17,0,83,0,0,0,0,0,13,53,17,0,83,0,0,0,83
01/01/2023,GJT,CO,ANM,WE,Federal Contract Tower,25,27,15,0,67,0,1,2,0,3,25,28,17,0,70,0,0,0,70
01/02/2023,GJT,CO,ANM,WE,Federal Contract Tower,24,41,22,0,87,0,0,0,0,0,24,41,22,0,87,0,0,0,87
01/03/2023,GJT,CO,ANM,WE,Federal Contract Tower,21,51,36,0,108,0,0,1,0,1,21,51,37,0,109,0,0,0,109
01/04/2023,GJT,CO,ANM,WE,Federal Contract Tower,15,20,19,4,58,0,0,62,0,62,15,20,81,4,120,64,0,64,184
01/05/2023,GJT,CO,ANM,WE,Federal Contract Tower,17,14,17,0,48,0,0,42,0,42,17,14,59,0,90,60,0,60,150
01/06/2023,GJT,CO,ANM,WE,Federal Contract Tower,24,39,17,1,81,0,0,0,0,0,24,39,17,1,81,0,0,0,81
01/07/2023,GJT,CO,ANM,WE,Federal Contract Tower,21,19,12,1,53,0,4,54,2,60,21,23,66,3,113,58,0,58,171
01/08/2023,GJT,CO,ANM,WE,Federal Contract Tower,17,4,17,0,38,0,1,33,0,34,17,5,50,0,72,20,0,20,92
01/09/2023,GJT,CO,ANM,WE,Federal Contract Tower,17,7,12,6,42,0,0,39,4,43,17,7,51,10,85,116,2,118,203
01/10/2023,GJT,CO,ANM,WE,Federal Contract Tower,20,12,12,8,52,0,0,35,0,35,20,12,47,8,87,64,0,64,151
01/11/2023,GJT,CO,ANM,WE,Federal Contract Tower,26,21,6,2,55,0,0,15,2,17,26,21,21,4,72,20,2,22,94
01/12/2023,GJT,CO,ANM,WE,Federal Contract Tower,17,14,11,8,50,0,1,70,2,73,17,15,81,10,123,124,6,130,253
01/13/2023,GJT,CO,ANM,WE,Federal Contract Tower,20,12,7,8,47,0,3,62,4,69,20,15,69,12,116,62,2,64,180
01/14/2023,GJT,CO,ANM,WE,Federal Contract Tower,16,8,4,3,31,0,1,43,0,44,16,9,47,3,75,84,0,84,159
01/15/2023,GJT,CO,ANM,WE,Federal Contract Tower,13,18,8,0,39,0,1,0,0,1,13,19,8,0,40,0,0,0,40
01/16/2023,GJT,CO,ANM,WE,Federal Contract Tower,17,29,16,0,62,0,0,7,0,7,17,29,23,0,69,0,0,0,69
01/17/2023,GJT,CO,ANM,WE,Federal Contract Tower,20,28,13,0,61,0,0,0,0,0,20,28,13,0,61,0,0,0,61
01/18/2023,GJT,CO,ANM,WE,Federal Contract Tower,34,34,16,2,86,0,0,15,0,15,34,34,31,2,101,34,0,34,135
01/19/2023,GJT,CO,ANM,WE,Federal Contract Tower,26,12,15,3,56,0,1,55,1,57,26,13,70,4,113,46,2,48,161
01/20/2023,GJT,CO,ANM,WE,Federal Contract Tower,17,18,14,1,50,0,1,54,2,57,17,19,68,3,107,82,4,86,193
01/21/2023,GJT,CO,ANM,WE,Federal Contract Tower,16,15,3,2,36,0,0,70,0,70,16,15,73,2,106,62,0,62,168
01/22/2023,GJT,CO,ANM,WE,Federal Contract Tower,15,12,10,0,37,0,0,36,0,36,15,12,46,0,73,40,0,40,113
01/23/2023,GJT,CO,ANM,WE,Federal Contract Tower,19,10,15,0,44,0,0,26,0,26,19,10,41,0,70,12,0,12,82
01/24/2023,GJT,CO,ANM,WE,Federal Contract Tower,17,19,10,0,46,0,1,38,1,40,17,20,48,1,86,58,0,58,144
01/25/2023,GJT,CO,ANM,WE,Federal Contract Tower,19,17,12,0,48,0,0,46,0,46,19,17,58,0,94,32,0,32,126
01/26/2023,GJT,CO,ANM,WE,Federal Contract Tower,18,17,6,0,41,0,0,60,0,60,18,17,66,0,101,52,0,52,153
01/27/2023,GJT,CO,ANM,WE,Federal Contract Tower,34,25,20,3,82,0,0,39,1,40,34,25,59,4,122,46,2,48,170
01/28/2023,GJT,CO,ANM,WE,Federal Contract Tower,34,19,11,1,65,0,0,26,0,26,34,19,37,1,91,46,0,46,137
01/29/2023,GJT,CO,ANM,WE,Federal Contract Tower,16,14,13,2,45,0,0,23,0,23,16,14,36,2,68,38,0,38,106
01/30/2023,GJT,CO,ANM,WE,Federal Contract Tower,18,44,21,0,83,0,0,6,0,6,18,44,27,0,89,0,0,0,89
01/31/2023,GJT,CO,ANM,WE,Federal Contract Tower,12,12,3,0,27,0,0,38,0,38,12,12,41,0,65,58,0,58,123
02/01/2023,GJT,CO,ANM,WE,Federal Contract Tower,8,20,10,0,38,0,1,67,0,68,8,21,77,0,106,42,0,42,148
02/02/2023,GJT,CO,ANM,WE,Federal Contract Tower,15,15,8,2,40,0,2,44,2,48,15,17,52,4,88,22,4,26,114
02/03/2023,GJT,CO,ANM,WE,Federal Contract Tower,23,10,9,6,48,0,1,56,6,63,23,11,65,12,111,36,20,56,167
02/04/2023,GJT,CO,ANM,WE,Federal Contract Tower,18,8,9,6,41,0,0,65,2,67,18,8,74,8,108,14,6,20,128
02/05/2023,GJT,CO,ANM,WE,Federal Contract Tower,23,5,6,2,36,0,0,31,0,31,23,5,37,2,67,10,0,10,77
02/06/2023,GJT,CO,ANM,WE,Federal Contract Tower,17,13,7,14,51,0,6,30,3,39,17,19,37,17,90,12,10,22,112
02/07/2023,GJT,CO,ANM,WE,Federal Contract Tower,22,10,12,3,47,0,4,57,1,62,22,14,69,4,109,40,2,42,151
02/08/2023,GJT,CO,ANM,WE,Federal Contract Tower,17,17,15,5,54,0,1,33,6,40,17,18,48,11,94,28,2,30,124
02/09/2023,GJT,CO,ANM,WE,Federal Contract Tower,20,12,13,2,47,0,4,25,0,29,20,16,38,2,76,66,0,66,142
02/10/2023,GJT,CO,ANM,WE,Federal Contract Tower,18,14,11,14,57,0,3,72,1,76,18,17,83,15,133,20,0,20,153
02/11/2023,GJT,CO,ANM,WE,Federal Contract Tower,17,7,2,10,36,0,0,51,2,53,17,7,53,12,89,24,4,28,117
02/12/2023,GJT,CO,ANM,WE,Federal Contract Tower,15,11,4,2,32,0,0,43,0,43,15,11,47,2,75,24,0,24,99
02/13/2023,GJT,CO,ANM,WE,Federal Contract Tower,18,20,9,4,51,0,0,26,0,26,18,20,35,4,77,12,0,12,89
02/14/2023,GJT,CO,ANM,WE,Federal Contract Tower,37,26,8,0,71,0,0,1,0,1,37,26,9,0,72,0,0,0,72
02/15/2023,GJT,CO,ANM,WE,Federal Contract Tower,18,18,8,0,44,0,0,0,0,0,18,18,8,0,44,0,0,0,44
02/16/2023,GJT,CO,ANM,WE,Federal Contract Tower,19,20,15,3,57,0,8,59,0,67,19,28,74,3,124,42,8,50,174
02/17/2023,GJT,CO,ANM,WE,Federal Contract Tower,21,14,11,15,61,0,4,71,0,75,21,18,82,15,136,96,0,96,232
02/18/2023,GJT,CO,ANM,WE,Federal Contract Tower,19,13,20,0,52,0,3,54,0,57,19,16,74,0,109,56,0,56,165
02/19/2023,GJT,CO,ANM,WE,Federal Contract Tower,16,18,6,3,43,0,2,37,1,40,16,20,43,4,83,28,0,28,111
02/20/2023,GJT,CO,ANM,WE,Federal Contract Tower,25,12,6,0,43,0,1,54,0,55,25,13,60,0,98,38,0,38,136
02/21/2023,GJT,CO,ANM,WE,Federal Contract Tower,18,19,21,8,66,0,0,49,0,49,18,19,70,8,115,50,14,64,179
02/22/2023,GJT,CO,ANM,WE,Federal Contract Tower,15,16,15,0,46,0,0,0,0,0,15,16,15,0,46,0,0,0,46
02/23/2023,GJT,CO,ANM,WE,Federal Contract Tower,19,23,11,0,53,0,0,12,0,12,19,23,23,0,65,4,0,4,69
02/24/2023,GJT,CO,ANM,WE,Federal Contract Tower,23,18,9,0,50,0,0,39,0,39,23,18,48,0,89,78,0,78,167
02/25/2023,GJT,CO,ANM,WE,Federal Contract Tower,20,16,7,0,43,0,7,83,1,91,20,23,90,1,134,58,0,58,192
02/26/2023,GJT,CO,ANM,WE,Federal Contract Tower,22,19,20,0,61,0,3,11,0,14,22,22,31,0,75,4,0,4,79
02/27/2023,GJT,CO,ANM,WE,Federal Contract Tower,23,14,17,0,54,0,0,39,0,39,23,14,56,0,93,16,0,16,109
03/01/2023,GJT,CO,ANM,WE,Federal Contract Tower,18,30,14,0,62,0,0,3,0,3,18,30,17,0,65,0,0,0,65
03/02/2023,GJT,CO,ANM,WE,Federal Contract Tower,14,18,20,3,55,0,7,89,3,99,14,25,109,6,154,144,20,164,318
03/03/2023,GJT,CO,ANM,WE,Federal Contract Tower,30,31,19,3,83,0,1,41,2,44,30,32,60,5,127,48,12,60,187
03/04/2023,GJT,CO,ANM,WE,Federal Contract Tower,18,17,14,9,58,0,0,80,0,80,18,17,94,9,138,80,4,84,222
03/05/2023,GJT,CO,ANM,WE,Federal Contract Tower,18,18,11,0,47,0,0,14,2,16,18,18,25,2,63,4,0,4,67
03/06/2023,GJT,CO,ANM,WE,Federal Contract Tower,16,14,9,2,41,0,3,22,0,25,16,17,31,2,66,0,0,0,66
03/08/2023,GJT,CO,ANM,WE,Federal Contract Tower,20,17,17,2,56,0,6,73,0,79,20,23,90,2,135,58,0,58,193
03/09/2023,GJT,CO,ANM,WE,Federal Contract Tower,12,19,6,2,39,0,2,84,0,86,12,21,90,2,125,104,0,104,229
03/10/2023,GJT,CO,ANM,WE,Federal Contract Tower,28,40,22,6,96,0,0,2,0,2,28,40,24,6,98,0,0,0,98
03/11/2023,GJT,CO,ANM,WE,Federal Contract Tower,18,17,6,3,44,0,0,2,0,2,18,17,8,3,46,0,0,0,46
03/12/2023,GJT,CO,ANM,WE,Federal Contract Tower,17,18,8,2,45,0,0,11,2,13,17,18,19,4,58,8,0,8,66
03/13/2023,GJT,CO,ANM,WE,Federal Contract Tower,18,25,20,1,64,0,0,53,0,53,18,25,73,1,117,28,0,28,145
03/14/2023,GJT,CO,ANM,WE,Federal Contract Tower,18,16,4,0,38,0,3,57,0,60,18,19,61,0,98,80,0,80,178
03/15/2023,GJT,CO,ANM,WE,Federal Contract Tower,15,30,7,0,52,0,0,1,0,1,15,30,8,0,53,0,0,0,53
03/16/2023,GJT,CO,ANM,WE,Federal Contract Tower,18,25,12,6,61,0,6,33,2,41,18,31,45,8,102,22,12,34,136
03/17/2023,GJT,CO,ANM,WE,Federal Contract Tower,23,19,8,14,64,0,1,132,1,134,23,20,140,15,198,154,6,160,358
03/18/2023,GJT,CO,ANM,WE,Federal Contract Tower,14,14,10,6,44,0,0,84,1,85,14,14,94,7,129,122,22,144,273
03/19/2023,GJT,CO,ANM,WE,Federal Contract Tower,14,10,9,1,34,0,0,32,1,33,14,10,41,2,67,16,0,16,83
03/20/2023,GJT,CO,ANM,WE,Federal Contract Tower,17,24,14,9,64,0,0,5,0,5,17,24,19,9,69,0,0,0,69
03/21/2023,GJT,CO,ANM,WE,Federal Contract Tower,21,24,8,2,55,0,1,20,0,21,21,25,28,2,76,26,0,26,102
03/22/2023,GJT,CO,ANM,WE,Federal Contract Tower,35,44,17,0,96,0,0,0,0,0,35,44,17,0,96,0,0,0,96
03/23/2023,GJT,CO,ANM,WE,Federal Contract Tower,21,19,7,21,68,0,6,23,2,31,21,25,30,23,99,20,12,32,131
03/24/2023,GJT,CO,ANM,WE,Federal Contract Tower,19,20,6,1,46,0,1,4,0,5,19,21,10,1,51,4,0,4,55
03/25/2023,GJT,CO,ANM,WE,Federal Contract Tower,25,13,14,0,52,0,7,55,1,63,25,20,69,1,115,62,0,62,177
03/26/2023,GJT,CO,ANM,WE,Federal Contract Tower,19,20,11,0,50,0,1,22,1,24,19,21,33,1,74,6,0,6,80
03/27/2023,GJT,CO,ANM,WE,Federal Contract Tower,23,22,16,3,64,0,0,50,0,50,23,22,66,3,114,46,0,46,160
03/28/2023,GJT,CO,ANM,WE,Federal Contract Tower,19,15,11,1,46,0,1,67,5,73,19,16,78,6,119,88,0,88,207
03/29/2023,GJT,CO,ANM,WE,Federal Contract Tower,24,15,15,0,54,0,12,63,0,75,24,27,78,0,129,50,0,50,179
03/30/2023,GJT,CO,ANM,WE,Federal Contract Tower,25,32,17,0,74,0,0,9,0,9,25,32,26,0,83,10,0,10,93
03/31/2023,GJT,CO,ANM,WE,Federal Contract Tower,21,20,33,9,83,0,1,15,1,17,21,21,48,10,100,8,0,8,108
04/01/2023,GJT,CO,ANM,WE,Federal Contract Tower,18,12,11,1,42,0,2,64,10,76,18,14,75,11,118,52,14,66,184
04/02/2023,GJT,CO,ANM,WE,Federal Contract Tower,19,13,6,5,43,0,1,53,3,57,19,14,59,8,100,16,0,16,116
04/03/2023,GJT,CO,ANM,WE,Federal Contract Tower,21,15,14,5,55,0,0,2,0,2,21,15,16,5,57,0,0,0,57
04/04/2023,GJT,CO,ANM,WE,Federal Contract Tower,20,19,15,0,54,0,0,7,0,7,20,19,22,0,61,0,0,0,61
04/05/2023,GJT,CO,ANM,WE,Federal Contract Tower,15,16,17,4,52,0,0,35,2,37,15,16,52,6,89,24,14,38,127
04/06/2023,GJT,CO,ANM,WE,Federal Contract Tower,13,16,19,9,57,0,3,114,2,119,13,19,133,11,176,120,2,122,298
04/07/2023,GJT,CO,ANM,WE,Federal Contract Tower,16,22,15,6,59,0,7,95,3,105,16,29,110,9,164,108,0,108,272
04/08/2023,GJT,CO,ANM,WE,Federal Contract Tower,22,13,10,10,55,0,0,113,8,121,22,13,123,18,176,74,24,98,274
04/09/2023,GJT,CO,ANM,WE,Federal Contract Tower,12,16,8,0,36,0,2,42,4,48,12,18,50,4,84,4,0,4,88
04/10/2023,GJT,CO,ANM,WE,Federal Contract Tower,15,18,27,0,60,0,4,64,0,68,15,22,91,0,128,78,0,78,206
04/11/2023,GJT,CO,ANM,WE,Federal Contract Tower,13,23,10,0,46,0,0,70,2,72,13,23,80,2,118,52,0,52,170
04/12/2023,GJT,CO,ANM,WE,Federal Contract Tower,14,20,6,4,44,0,2,34,4,40,14,22,40,8,84,26,0,26,110
04/13/2023,GJT,CO,ANM,WE,Federal Contract Tower,13,21,11,6,51,0,3,36,0,39,13,24,47,6,90,6,0,6,96
04/14/2023,GJT,CO,ANM,WE,Federal Contract Tower,21,25,12,0,58,0,2,11,0,13,21,27,23,0,71,2,0,2,73
04/15/2023,GJT,CO,ANM,WE,Federal Contract Tower,15,12,5,2,34,0,0,65,0,65,15,12,70,2,99,62,0,62,161
04/16/2023,GJT,CO,ANM,WE,Federal Contract Tower,12,16,7,1,36,0,0,57,0,57,12,16,64,1,93,24,0,24,117
04/17/2023,GJT,CO,ANM,WE,Federal Contract Tower,21,11,12,7,51,0,1,60,2,63,21,12,72,9,114,48,0,48,162
04/18/2023,GJT,CO,ANM,WE,Federal Contract Tower,15,13,7,2,37,0,0,12,0,12,15,13,19,2,49,0,0,0,49
04/19/2023,GJT,CO,ANM,WE,Federal Contract Tower,19,21,13,2,55,0,0,12,2,14,19,21,25,4,69,10,0,10,79
04/20/2023,GJT,CO,ANM,WE,Federal Contract Tower,18,17,11,11,57,0,0,45,1,46,18,17,56,12,103,52,6,58,161
04/21/2023,GJT,CO,ANM,WE,Federal Contract Tower,18,16,14,7,55,0,9,50,0,59,18,25,64,7,114,42,0,42,156
04/22/2023,GJT,CO,ANM,WE,Federal Contract Tower,13,15,2,4,34,0,2,45,0,47,13,17,47,4,81,48,0,48,129
04/23/2023,GJT,CO,ANM,WE,Federal Contract Tower,15,14,13,2,44,0,0,79,1,80,15,14,92,3,124,50,2,52,176
04/24/2023,GJT,CO,ANM,WE,Federal Contract Tower,19,13,12,2,46,0,12,48,0,60,19,25,60,2,106,28,0,28,134
04/25/2023,GJT,CO,ANM,WE,Federal Contract Tower,34,24,12,0,70,0,1,3,0,4,34,25,15,0,74,0,0,0,74
04/26/2023,GJT,CO,ANM,WE,Federal Contract Tower,15,22,14,6,57,0,1,82,1,84,15,23,96,7,141,94,0,94,235
04/27/2023,GJT,CO,ANM,WE,Federal Contract Tower,18,19,12,1,50,0,0,92,0,92,18,19,104,1,142,82,0,82,224
04/28/2023,GJT,CO,ANM,WE,Federal Contract Tower,17,24,10,7,58,0,4,66,2,72,17,28,76,9,130,104,0,104,234
04/29/2023,GJT,CO,ANM,WE,Federal Contract Tower,12,11,5,1,29,0,0,80,0,80,12,11,85,1,109,70,0,70,179
04/30/2023,GJT,CO,ANM,WE,Federal Contract Tower,12,15,8,10,45,0,2,67,0,69,12,17,75,10,114,22,0,22,136
05/01/2023,GJT,CO,ANM,WE,Federal Contract Tower,19,9,12,0,40,0,1,75,0,76,19,10,87,0,116,46,0,46,162
05/02/2023,GJT,CO,ANM,WE,Federal Contract Tower,13,17,17,1,48,0,1,43,1,45,13,18,60,2,93,70,0,70,163
05/03/2023,GJT,CO,ANM,WE,Federal Contract Tower,15,22,8,4,49,0,0,72,4,76,15,22,80,8,125,76,0,76,201
05/04/2023,GJT,CO,ANM,WE,Federal Contract Tower,25,20,12,0,57,0,8,32,0,40,25,28,44,0,97,14,0,14,111
05/05/2023,GJT,CO,ANM,WE,Federal Contract Tower,23,14,9,6,52,0,8,43,0,51,23,22,52,6,103,22,0,22,125
05/06/2023,GJT,CO,ANM,WE,Federal Contract Tower,17,15,11,2,45,0,0,33,4,37,17,15,44,6,82,50,6,56,138
05/07/2023,GJT,CO,ANM,WE,Federal Contract Tower,16,8,17,0,41,0,0,15,0,15,16,8,32,0,56,8,0,8,64
05/08/2023,GJT,CO,ANM,WE,Federal Contract Tower,22,9,9,2,42,0,0,61,1,62,22,9,70,3,104,52,0,52,156
05/09/2023,GJT,CO,ANM,WE,Federal Contract Tower,16,10,13,0,39,0,2,54,0,56,16,12,67,0,95,46,0,46,141
05/10/2023,GJT,CO,ANM,WE,Federal Contract Tower,23,17,14,4,58,0,0,39,0,39,23,17,53,4,97,36,0,36,133
05/11/2023,GJT,CO,ANM,WE,Federal Contract Tower,20,15,15,5,55,0,0,49,0,49,20,15,64,5,104,36,0,36,140
05/12/2023,GJT,CO,ANM,WE,Federal Contract Tower,20,15,21,3,59,0,1,59,0,60,20,16,80,3,119,30,0,30,149
05/13/2023,GJT,CO,ANM,WE,Federal Contract Tower,18,8,11,2,39,0,0,41,2,43,18,8,52,4,82,40,0,40,122
05/14/2023,GJT,CO,ANM,WE,Federal Contract Tower,19,10,12,2,43,0,3,17,0,20,19,13,29,2,63,6,0,6,69
05/15/2023,GJT,CO,ANM,WE,Federal Contract Tower,22,11,15,2,50,0,3,56,1,60,22,14,71,3,110,66,12,78,188
05/16/2023,GJT,CO,ANM,WE,Federal Contract Tower,15,22,10,4,51,0,3,65,0,68,15,25,75,4,119,48,2,50,169
05/17/2023,GJT,CO,ANM,WE,Federal Contract Tower,18,24,10,0,52,0,2,54,0,56,18,26,64,0,108,90,0,90,198
05/18/2023,GJT,CO,ANM,WE,Federal Contract Tower,20,15,18,0,53,0,1,46,0,47,20,16,64,0,100,60,0,60,160
05/19/2023,GJT,CO,ANM,WE,Federal Contract Tower,21,14,18,0,53,0,3,65,0,68,21,17,83,0,121,66,0,66,187
05/20/2023,GJT,CO,ANM,WE,Federal Contract Tower,17,13,11,0,41,0,2,49,0,51,17,15,60,0,92,38,0,38,130
05/21/2023,GJT,CO,ANM,WE,Federal Contract Tower,18,12,12,0,42,0,0,52,0,52,18,12,64,0,94,42,0,42,136
05/22/2023,GJT,CO,ANM,WE,Federal Contract Tower,22,9,3,1,35,0,0,48,0,48,22,9,51,1,83,26,0,26,109
05/23/2023,GJT,CO,ANM,WE,Federal Contract Tower,16,10,14,2,42,0,3,58,7,68,16,13,72,9,110,26,0,26,136
05/24/2023,GJT,CO,ANM,WE,Federal Contract Tower,17,22,14,0,53,0,0,43,0,43,17,22,57,0,96,52,0,52,148
05/25/2023,GJT,CO,ANM,WE,Federal Contract Tower,20,14,13,0,47,0,4,59,4,67,20,18,72,4,114,34,0,34,148
05/26/2023,GJT,CO,ANM,WE,Federal Contract Tower,24,11,14,1,50,0,7,58,0,65,24,18,72,1,115,32,0,32,147
05/27/2023,GJT,CO,ANM,WE,Federal Contract Tower,25,7,6,0,38,0,1,46,0,47,25,8,52,0,85,18,0,18,103
05/28/2023,GJT,CO,ANM,WE,Federal Contract Tower,19,9,8,1,37,0,0,57,0,57,19,9,65,1,94,64,0,64,158
05/29/2023,GJT,CO,ANM,WE,Federal Contract Tower,29,9,14,0,52,0,5,69,0,74,29,14,83,0,126,20,0,20,146
05/30/2023,GJT,CO,ANM,WE,Federal Contract Tower,21,8,20,0,49,0,0,65,0,65,21,8,85,0,114,28,0,28,142
05/31/2023,GJT,CO,ANM,WE,Federal Contract Tower,19,17,15,0,51,0,2,54,0,56,19,19,69,0,107,54,0,54,161
06/01/2023,GJT,CO,ANM,WE,Federal Contract Tower,20,14,17,0,51,0,1,38,0,39,20,15,55,0,90,32,0,32,122
06/02/2023,GJT,CO,ANM,WE,Federal Contract Tower,23,15,15,3,56,0,1,32,0,33,23,16,47,3,89,36,0,36,125
06/03/2023,GJT,CO,ANM,WE,Federal Contract Tower,19,8,9,0,36,0,4,56,0,60,19,12,65,0,96,38,0,38,134
06/04/2023,GJT,CO,ANM,WE,Federal Contract Tower,18,4,11,0,33,0,0,69,1,70,18,4,80,1,103,40,0,40,143
06/05/2023,GJT,CO,ANM,WE,Federal Contract Tower,20,10,8,4,42,0,1,67,0,68,20,11,75,4,110,54,0,54,164
06/06/2023,GJT,CO,ANM,WE,Federal Contract Tower,24,9,11,1,45,0,1,51,0,52,24,10,62,1,97,38,0,38,135
06/07/2023,GJT,CO,ANM,WE,Federal Contract Tower,21,16,10,2,49,0,0,48,2,50,21,16,58,4,99,80,0,80,179
06/08/2023,GJT,CO,ANM,WE,Federal Contract Tower,17,19,18,0,54,0,7,86,0,93,17,26,104,0,147,58,8,66,213
06/09/2023,GJT,CO,ANM,WE,Federal Contract Tower,22,11,20,5,58,0,12,65,3,80,22,23,85,8,138,48,0,48,186
06/10/2023,GJT,CO,ANM,WE,Federal Contract Tower,16,10,13,0,39,0,0,62,3,65,16,10,75,3,104,52,6,58,162
06/11/2023,GJT,CO,ANM,WE,Federal Contract Tower,18,13,24,9,64,0,0,48,1,49,18,13,72,10,113,24,14,38,151
06/12/2023,GJT,CO,ANM,WE,Federal Contract Tower,21,16,17,7,61,0,0,44,4,48,21,16,61,11,109,10,0,10,119
06/13/2023,GJT,CO,ANM,WE,Federal Contract Tower,19,9,16,4,48,0,5,57,1,63,19,14,73,5,111,78,0,78,189
06/14/2023,GJT,CO,ANM,WE,Federal Contract Tower,17,11,17,2,47,0,2,61,6,69,17,13,78,8,116,50,10,60,176
06/15/2023,GJT,CO,ANM,WE,Federal Contract Tower,20,11,9,4,44,0,0,30,1,31,20,11,39,5,75,54,18,72,147
06/16/2023,GJT,CO,ANM,WE,Federal Contract Tower,25,11,6,16,58,0,1,57,0,58,25,12,63,16,116,76,12,88,204
06/17/2023,GJT,CO,ANM,WE,Federal Contract Tower,17,3,12,10,42,0,3,51,0,54,17,6,63,10,96,44,8,52,148
06/18/2023,GJT,CO,ANM,WE,Federal Contract Tower,18,9,6,2,35,0,4,25,0,29,18,13,31,2,64,12,0,12,76
06/19/2023,GJT,CO,ANM,WE,Federal Contract Tower,18,13,13,0,44,0,6,16,4,26,18,19,29,4,70,0,0,0,70
06/20/2023,GJT,CO,ANM,WE,Federal Contract Tower,19,11,18,2,50,0,5,28,4,37,19,16,46,6,87,6,6,12,99
06/21/2023,GJT,CO,ANM,WE,Federal Contract Tower,23,15,10,0,48,0,1,71,2,74,23,16,81,2,122,44,0,44,166
06/22/2023,GJT,CO,ANM,WE,Federal Contract Tower,22,12,15,4,53,0,0,67,2,69,22,12,82,6,122,70,0,70,192
06/23/2023,GJT,CO,ANM,WE,Federal Contract Tower,20,11,13,2,46,0,4,14,1,19,20,15,27,3,65,8,0,8,73
06/24/2023,GJT,CO,ANM,WE,Federal Contract Tower,16,13,4,6,39,0,2,109,1,112,16,15,113,7,151,34,18,52,203
06/27/2023,GJT,CO,ANM,WE,Federal Contract Tower,20,12,14,1,47,0,0,57,0,57,20,12,71,1,104,28,0,28,132
06/28/2023,GJT,CO,ANM,WE,Federal Contract Tower,15,10,8,6,39,0,0,90,0,90,15,10,98,6,129,10,6,16,145
06/29/2023,GJT,CO,ANM,WE,Federal Contract Tower,28,9,22,2,61,0,1,61,1,63,28,10,83,3,124,28,6,34,158
06/30/2023,GJT,CO,ANM,WE,Federal Contract Tower,18,6,14,8,46,0,3,57,0,60,18,9,71,8,106,40,6,46,152
07/01/2023,GJT,CO,ANM,WE,Federal Contract Tower,13,10,15,0,38,0,7,84,0,91,13,17,99,0,129,50,0,50,179
07/02/2023,GJT,CO,ANM,WE,Federal Contract Tower,16,8,9,0,33,0,1,55,0,56,16,9,64,0,89,48,0,48,137
07/03/2023,GJT,CO,ANM,WE,Federal Contract Tower,13,14,9,6,42,0,0,51,0,51,13,14,60,6,93,20,0,20,113
07/04/2023,GJT,CO,ANM,WE,Federal Contract Tower,15,10,6,0,31,0,2,41,0,43,15,12,47,0,74,10,0,10,84
07/05/2023,GJT,CO,ANM,WE,Federal Contract Tower,18,18,14,0,50,0,4,66,0,70,18,22,80,0,120,24,0,24,144
07/06/2023,GJT,CO,ANM,WE,Federal Contract Tower,32,15,18,2,67,0,1,89,0,90,32,16,107,2,157,44,2,46,203
07/07/2023,GJT,CO,ANM,WE,Federal Contract Tower,23,11,13,15,62,0,7,69,4,80,23,18,82,19,142,64,10,74,216
07/08/2023,GJT,CO,ANM,WE,Federal Contract Tower,17,10,8,5,40,0,3,56,4,63,17,13,64,9,103,42,14,56,159
07/09/2023,GJT,CO,ANM,WE,Federal Contract Tower,18,11,17,3,49,0,1,69,8,78,18,12,86,11,127,50,0,50,177
07/10/2023,GJT,CO,ANM,WE,Federal Contract Tower,18,10,16,0,44,0,0,117,0,117,18,10,133,0,161,26,0,26,187
07/11/2023,GJT,CO,ANM,WE,Federal Contract Tower,19,14,12,2,47,0,1,76,1,78,19,15,88,3,125,56,8,64,189
07/12/2023,GJT,CO,ANM,WE,Federal Contract Tower,16,15,17,7,55,0,3,74,2,79,16,18,91,9,134,62,8,70,204
07/13/2023,GJT,CO,ANM,WE,Federal Contract Tower,18,14,14,0,46,0,3,80,2,85,18,17,94,2,131,28,0,28,159
07/14/2023,GJT,CO,ANM,WE,Federal Contract Tower,24,8,11,2,45,0,3,75,5,83,24,11,86,7,128,18,8,26,154
07/15/2023,GJT,CO,ANM,WE,Federal Contract Tower,17,5,9,0,31,0,3,47,0,50,17,8,56,0,81,44,0,44,125
07/17/2023,GJT,CO,ANM,WE,Federal Contract Tower,23,4,6,7,40,0,0,55,2,57,23,4,61,9,97,20,0,20,117
07/18/2023,GJT,CO,ANM,WE,Federal Contract Tower,20,12,11,0,43,0,0,63,2,65,20,12,74,2,108,76,0,76,184
07/19/2023,GJT,CO,ANM,WE,Federal Contract Tower,17,16,16,14,63,0,4,94,0,98,17,20,110,14,161,36,4,40,201
07/20/2023,GJT,CO,ANM,WE,Federal Contract Tower,31,17,20,11,79,0,5,105,0,110,31,22,125,11,189,34,4,38,227
07/21/2023,GJT,CO,ANM,WE,Federal Contract Tower,21,13,14,2,50,0,5,61,0,66,21,18,75,2,116,20,0,20,136
07/22/2023,GJT,CO,ANM,WE,Federal Contract Tower,18,5,15,2,40,0,6,76,0,82,18,11,91,2,122,42,0,42,164
07/23/2023,GJT,CO,ANM,WE,Federal Contract Tower,22,6,12,2,42,0,1,55,0,56,22,7,67,2,98,44,0,44,142
07/24/2023,GJT,CO,ANM,WE,Federal Contract Tower,30,17,28,6,81,0,1,63,0,64,30,18,91,6,145,54,0,54,199
07/25/2023,GJT,CO,ANM,WE,Federal Contract Tower,23,20,12,2,57,0,3,53,0,56,23,23,65,2,113,98,0,98,211
07/26/2023,GJT,CO,ANM,WE,Federal Contract Tower,20,18,12,2,52,0,1,103,4,108,20,19,115,6,160,72,0,72,232
07/27/2023,GJT,CO,ANM,WE,Federal Contract Tower,20,20,11,3,54,0,5,103,12,120,20,25,114,15,174,66,0,66,240
07/28/2023,GJT,CO,ANM,WE,Federal Contract Tower,30,15,25,8,78,0,7,101,0,108,30,22,126,8,186,76,0,76,262
07/29/2023,GJT,CO,ANM,WE,Federal Contract Tower,24,7,6,6,43,0,5,75,1,81,24,12,81,7,124,74,8,82,206
07/30/2023,GJT,CO,ANM,WE,Federal Contract Tower,17,12,15,0,44,0,0,48,1,49,17,12,63,1,93,34,0,34,127
07/31/2023,GJT,CO,ANM,WE,Federal Contract Tower,18,9,16,2,45,0,0,38,0,38,18,9,54,2,83,28,0,28,111
08/01/2023,GJT,CO,ANM,WE,Federal Contract Tower,20,12,16,6,54,0,0,34,3,37,20,12,50,9,91,28,0,28,119
08/02/2023,GJT,CO,ANM,WE,Federal Contract Tower,13,22,12,6,53,0,4,79,0,83,13,26,91,6,136,52,2,54,190
08/03/2023,GJT,CO,ANM,WE,Federal Contract Tower,37,24,20,2,83,0,3,57,5,65,37,27,77,7,148,40,0,40,188
08/04/2023,GJT,CO,ANM,WE,Federal Contract Tower,23,14,6,12,55,0,2,48,14,64,23,16,54,26,119,50,16,66,185
08/05/2023,GJT,CO,ANM,WE,Federal Contract Tower,17,8,12,3,40,0,5,59,2,66,17,13,71,5,106,14,12,26,132
08/06/2023,GJT,CO,ANM,WE,Federal Contract Tower,20,5,16,6,47,0,2,60,7,69,20,7,76,13,116,32,0,32,148
08/07/2023,GJT,CO,ANM,WE,Federal Contract Tower,19,13,13,2,47,0,0,36,0,36,19,13,49,2,83,12,0,12,95
08/08/2023,GJT,CO,ANM,WE,Federal Contract Tower,20,11,25,4,60,0,2,63,0,65,20,13,88,4,125,28,0,28,153
08/09/2023,GJT,CO,ANM,WE,Federal Contract Tower,17,17,10,2,46,0,3,89,3,95,17,20,99,5,141,106,0,106,247
08/10/2023,GJT,CO,ANM,WE,Federal Contract Tower,20,16,12,2,50,0,5,50,0,55,20,21,62,2,105,60,0,60,165
08/11/2023,GJT,CO,ANM,WE,Federal Contract Tower,21,14,20,5,60,0,3,104,2,109,21,17,124,7,169,18,0,18,187
08/12/2023,GJT,CO,ANM,WE,Federal Contract Tower,18,9,7,0,34,0,4,61,4,69,18,13,68,4,103,46,0,46,149
08/13/2023,GJT,CO,ANM,WE,Federal Contract Tower,19,7,6,3,35,0,0,47,1,48,19,7,53,4,83,20,2,22,105
08/14/2023,GJT,CO,ANM,WE,Federal Contract Tower,19,10,16,2,47,0,0,49,0,49,19,10,65,2,96,26,0,26,122
08/15/2023,GJT,CO,ANM,WE,Federal Contract Tower,18,15,17,2,52,0,1,63,0,64,18,16,80,2,116,30,0,30,146
08/16/2023,GJT,CO,ANM,WE,Federal Contract Tower,15,21,8,0,44,0,3,80,1,84,15,24,88,1,128,42,0,42,170
08/17/2023,GJT,CO,ANM,WE,Federal Contract Tower,25,16,16,6,63,0,4,66,0,70,25,20,82,6,133,30,0,30,163
08/18/2023,GJT,CO,ANM,WE,Federal Contract Tower,23,17,17,3,60,0,0,46,1,47,23,17,63,4,107,42,0,42,149
08/19/2023,GJT,CO,ANM,WE,Federal Contract Tower,15,9,15,0,39,0,3,90,1,94,15,12,105,1,133,94,0,94,227
08/20/2023,GJT,CO,ANM,WE,Federal Contract Tower,16,9,16,2,43,0,0,55,1,56,16,9,71,3,99,26,0,26,125
08/21/2023,GJT,CO,ANM,WE,Federal Contract Tower,24,10,26,2,62,0,2,44,3,49,24,12,70,5,111,12,6,18,129
08/22/2023,GJT,CO,ANM,WE,Federal Contract Tower,17,11,18,2,48,0,3,58,5,66,17,14,76,7,114,64,0,64,178
08/23/2023,GJT,CO,ANM,WE,Federal Contract Tower,14,18,17,13,62,0,3,75,9,87,14,21,92,22,149,104,26,130,279
08/24/2023,GJT,CO,ANM,WE,Federal Contract Tower,16,19,20,0,55,0,5,49,2,56,16,24,69,2,111,22,0,22,133
08/25/2023,GJT,CO,ANM,WE,Federal Contract Tower,18,17,20,4,59,0,3,49,0,52,18,20,69,4,111,92,0,92,203
08/26/2023,GJT,CO,ANM,WE,Federal Contract Tower,15,11,9,0,35,0,2,55,0,57,15,13,64,0,92,66,0,66,158
08/27/2023,GJT,CO,ANM,WE,Federal Contract Tower,28,9,13,2,52,0,2,67,0,69,28,11,80,2,121,24,0,24,145
08/28/2023,GJT,CO,ANM,WE,Federal Contract Tower,20,11,19,4,54,0,0,52,0,52,20,11,71,4,106,58,0,58,164
08/29/2023,GJT,CO,ANM,WE,Federal Contract Tower,17,15,13,2,47,0,1,56,2,59,17,16,69,4,106,76,0,76,182
08/30/2023,GJT,CO,ANM,WE,Federal Contract Tower,16,14,20,2,52,0,5,78,2,85,16,19,98,4,137,48,0,48,185
08/31/2023,GJT,CO,ANM,WE,Federal Contract Tower,17,14,13,0,44,0,3,111,4,118,17,17,124,4,162,166,2,168,330
01/01/2020,GJT,CO,ANM,WE,Federal Contract Tower,37,31,14,0,82,0,2,0,0,2,37,33,14,0,84,0,0,0,84
01/02/2020,GJT,CO,ANM,WE,Federal Contract Tower,23,35,21,0,79,0,2,5,0,7,23,37,26,0,86,0,0,0,86
01/03/2020,GJT,CO,ANM,WE,Federal Contract Tower,30,32,14,4,80,0,1,50,0,51,30,33,64,4,131,60,0,60,191
01/04/2020,GJT,CO,ANM,WE,Federal Contract Tower,17,13,8,0,38,0,0,42,0,42,17,13,50,0,80,90,0,90,170
01/05/2020,GJT,CO,ANM,WE,Federal Contract Tower,16,16,15,0,47,0,0,0,0,0,16,16,15,0,47,0,0,0,47
01/06/2020,GJT,CO,ANM,WE,Federal Contract Tower,20,22,20,5,67,0,1,18,0,19,20,23,38,5,86,30,0,30,116
01/07/2020,GJT,CO,ANM,WE,Federal Contract Tower,8,27,10,0,45,0,5,54,0,59,8,32,64,0,104,36,0,36,140
01/08/2020,GJT,CO,ANM,WE,Federal Contract Tower,13,30,23,2,68,0,0,0,0,0,13,30,23,2,68,0,0,0,68
01/09/2020,GJT,CO,ANM,WE,Federal Contract Tower,16,27,17,0,60,0,2,19,0,21,16,29,36,0,81,46,0,46,127
01/10/2020,GJT,CO,ANM,WE,Federal Contract Tower,16,35,19,2,72,0,1,58,0,59,16,36,77,2,131,116,0,116,247
01/11/2020,GJT,CO,ANM,WE,Federal Contract Tower,24,18,6,3,51,0,0,21,1,22,24,18,27,4,73,10,0,10,83
01/12/2020,GJT,CO,ANM,WE,Federal Contract Tower,13,25,7,5,50,0,0,11,0,11,13,25,18,5,61,2,0,2,63
01/13/2020,GJT,CO,ANM,WE,Federal Contract Tower,24,26,15,4,69,0,0,21,0,21,24,26,36,4,90,28,8,36,126
01/14/2020,GJT,CO,ANM,WE,Federal Contract Tower,11,36,20,0,67,0,0,45,0,45,11,36,65,0,112,46,0,46,158
01/15/2020,GJT,CO,ANM,WE,Federal Contract Tower,13,29,13,1,56,0,5,85,0,90,13,34,98,1,146,72,0,72,218
01/16/2020,GJT,CO,ANM,WE,Federal Contract Tower,15,32,14,2,63,0,3,43,0,46,15,35,57,2,109,24,0,24,133
01/17/2020,GJT,CO,ANM,WE,Federal Contract Tower,31,33,11,3,78,0,2,3,2,7,31,35,14,5,85,0,6,6,91
01/18/2020,GJT,CO,ANM,WE,Federal Contract Tower,19,19,6,20,64,0,0,30,3,33,19,19,36,23,97,8,46,54,151
01/19/2020,GJT,CO,ANM,WE,Federal Contract Tower,16,15,2,0,33,0,0,24,5,29,16,15,26,5,62,28,0,28,90
01/20/2020,GJT,CO,ANM,WE,Federal Contract Tower,23,25,24,2,74,0,1,25,1,27,23,26,49,3,101,2,0,2,103
01/21/2020,GJT,CO,ANM,WE,Federal Contract Tower,14,29,16,0,59,0,0,1,0,1,14,29,17,0,60,0,0,0,60
01/22/2020,GJT,CO,ANM,WE,Federal Contract Tower,19,38,15,2,74,0,0,3,0,3,19,38,18,2,77,0,0,0,77
01/23/2020,GJT,CO,ANM,WE,Federal Contract Tower,19,26,18,1,64,0,0,2,0,2,19,26,20,1,66,0,0,0,66
01/24/2020,GJT,CO,ANM,WE,Federal Contract Tower,17,29,25,2,73,0,0,8,0,8,17,29,33,2,81,8,0,8,89
01/25/2020,GJT,CO,ANM,WE,Federal Contract Tower,12,16,9,0,37,0,0,0,0,0,12,16,9,0,37,0,0,0,37
01/26/2020,GJT,CO,ANM,WE,Federal Contract Tower,13,24,12,2,51,0,3,28,0,31,13,27,40,2,82,26,0,26,108
01/27/2020,GJT,CO,ANM,WE,Federal Contract Tower,28,44,16,4,92,0,0,0,0,0,28,44,16,4,92,0,0,0,92
01/28/2020,GJT,CO,ANM,WE,Federal Contract Tower,15,30,13,3,61,0,1,52,1,54,15,31,65,4,115,72,24,96,211
01/29/2020,GJT,CO,ANM,WE,Federal Contract Tower,13,28,8,0,49,0,1,39,0,40,13,29,47,0,89,46,0,46,135
01/30/2020,GJT,CO,ANM,WE,Federal Contract Tower,18,30,24,6,78,0,1,26,0,27,18,31,50,6,105,16,0,16,121
01/31/2020,GJT,CO,ANM,WE,Federal Contract Tower,16,39,13,3,71,0,3,71,0,74,16,42,84,3,145,80,0,80,225
02/01/2020,GJT,CO,ANM,WE,Federal Contract Tower,11,17,15,10,53,0,5,70,9,84,11,22,85,19,137,70,6,76,213
02/02/2020,GJT,CO,ANM,WE,Federal Contract Tower,14,16,3,1,34,0,0,52,0,52,14,16,55,1,86,56,0,56,142
02/03/2020,GJT,CO,ANM,WE,Federal Contract Tower,28,37,14,2,81,0,0,2,0,2,28,37,16,2,83,0,0,0,83
02/04/2020,GJT,CO,ANM,WE,Federal Contract Tower,10,29,8,3,50,0,0,26,1,27,10,29,34,4,77,18,0,18,95
02/05/2020,GJT,CO,ANM,WE,Federal Contract Tower,13,25,25,4,67,0,1,37,0,38,13,26,62,4,105,50,0,50,155
02/06/2020,GJT,CO,ANM,WE,Federal Contract Tower,38,41,25,0,104,0,0,15,0,15,38,41,40,0,119,8,0,8,127
02/07/2020,GJT,CO,ANM,WE,Federal Contract Tower,22,43,11,0,76,0,0,41,0,41,22,43,52,0,117,64,0,64,181
02/08/2020,GJT,CO,ANM,WE,Federal Contract Tower,12,17,5,4,38,0,0,63,1,64,12,17,68,5,102,84,0,84,186
02/09/2020,GJT,CO,ANM,WE,Federal Contract Tower,21,24,14,0,59,0,0,2,0,2,21,24,16,0,61,0,0,0,61
02/10/2020,GJT,CO,ANM,WE,Federal Contract Tower,26,34,12,9,81,0,2,26,0,28,26,36,38,9,109,32,0,32,141
02/11/2020,GJT,CO,ANM,WE,Federal Contract Tower,10,34,17,16,77,0,0,63,0,63,10,34,80,16,140,86,0,86,226
02/12/2020,GJT,CO,ANM,WE,Federal Contract Tower,15,26,11,3,55,0,4,62,1,67,15,30,73,4,122,56,0,56,178
02/13/2020,GJT,CO,ANM,WE,Federal Contract Tower,16,26,19,1,62,0,4,93,1,98,16,30,112,2,160,62,0,62,222
02/14/2020,GJT,CO,ANM,WE,Federal Contract Tower,20,25,14,8,67,0,0,46,5,51,20,25,60,13,118,36,20,56,174
02/15/2020,GJT,CO,ANM,WE,Federal Contract Tower,14,15,5,0,34,0,2,56,2,60,14,17,61,2,94,94,0,94,188
02/16/2020,GJT,CO,ANM,WE,Federal Contract Tower,15,21,8,1,45,0,0,11,1,12,15,21,19,2,57,18,4,22,79
02/17/2020,GJT,CO,ANM,WE,Federal Contract Tower,18,24,13,0,55,0,1,26,0,27,18,25,39,0,82,26,0,26,108
02/18/2020,GJT,CO,ANM,WE,Federal Contract Tower,15,30,13,8,66,0,0,43,2,45,15,30,56,10,111,64,8,72,183
02/19/2020,GJT,CO,ANM,WE,Federal Contract Tower,14,28,17,5,64,0,11,73,0,84,14,39,90,5,148,86,16,102,250
02/20/2020,GJT,CO,ANM,WE,Federal Contract Tower,16,25,16,3,60,0,10,67,0,77,16,35,83,3,137,50,4,54,191
02/21/2020,GJT,CO,ANM,WE,Federal Contract Tower,20,27,8,7,62,0,5,72,2,79,20,32,80,9,141,54,0,54,195
02/22/2020,GJT,CO,ANM,WE,Federal Contract Tower,17,16,11,4,48,0,0,47,1,48,17,16,58,5,96,50,4,54,150
02/23/2020,GJT,CO,ANM,WE,Federal Contract Tower,21,18,12,0,51,0,2,11,1,14,21,20,23,1,65,10,0,10,75
02/24/2020,GJT,CO,ANM,WE,Federal Contract Tower,30,22,8,2,62,0,1,5,2,8,30,23,13,4,70,4,0,4,74
02/25/2020,GJT,CO,ANM,WE,Federal Contract Tower,16,27,9,6,58,0,0,9,0,9,16,27,18,6,67,0,0,0,67
02/26/2020,GJT,CO,ANM,WE,Federal Contract Tower,16,26,10,4,56,0,6,43,0,49,16,32,53,4,105,28,0,28,133
02/27/2020,GJT,CO,ANM,WE,Federal Contract Tower,20,25,19,2,66,0,4,51,2,57,20,29,70,4,123,24,0,24,147
02/28/2020,GJT,CO,ANM,WE,Federal Contract Tower,18,30,7,9,64,0,1,44,0,45,18,31,51,9,109,42,20,62,171
02/29/2020,GJT,CO,ANM,WE,Federal Contract Tower,17,15,12,5,49,0,0,57,0,57,17,15,69,5,106,68,10,78,184
03/01/2020,GJT,CO,ANM,WE,Federal Contract Tower,19,15,10,2,46,0,0,16,0,16,19,15,26,2,62,16,0,16,78
03/02/2020,GJT,CO,ANM,WE,Federal Contract Tower,28,31,15,2,76,0,0,5,0,5,28,31,20,2,81,4,0,4,85
03/03/2020,GJT,CO,ANM,WE,Federal Contract Tower,16,28,9,0,53,0,1,49,0,50,16,29,58,0,103,28,0,28,131
03/04/2020,GJT,CO,ANM,WE,Federal Contract Tower,12,24,14,6,56,0,4,38,0,42,12,28,52,6,98,16,14,30,128
03/05/2020,GJT,CO,ANM,WE,Federal Contract Tower,17,24,14,6,61,0,9,63,0,72,17,33,77,6,133,40,4,44,177
03/06/2020,GJT,CO,ANM,WE,Federal Contract Tower,16,30,28,7,81,0,0,54,0,54,16,30,82,7,135,72,8,80,215
03/07/2020,GJT,CO,ANM,WE,Federal Contract Tower,13,20,6,2,41,0,3,49,1,53,13,23,55,3,94,30,0,30,124
03/08/2020,GJT,CO,ANM,WE,Federal Contract Tower,15,19,7,2,43,0,2,15,1,18,15,21,22,3,61,32,10,42,103
03/09/2020,GJT,CO,ANM,WE,Federal Contract Tower,23,21,12,1,57,0,1,16,1,18,23,22,28,2,75,12,2,14,89
03/10/2020,GJT,CO,ANM,WE,Federal Contract Tower,12,24,14,0,50,0,0,41,0,41,12,24,55,0,91,40,0,40,131
03/11/2020,GJT,CO,ANM,WE,Federal Contract Tower,12,29,12,0,53,0,3,22,0,25,12,32,34,0,78,60,0,60,138
03/12/2020,GJT,CO,ANM,WE,Federal Contract Tower,18,29,20,3,70,0,0,50,2,52,18,29,70,5,122,34,8,42,164
03/13/2020,GJT,CO,ANM,WE,Federal Contract Tower,24,34,12,2,72,0,0,8,0,8,24,34,20,2,80,0,0,0,80
03/14/2020,GJT,CO,ANM,WE,Federal Contract Tower,13,20,7,0,40,0,0,13,0,13,13,20,20,0,53,10,0,10,63
03/15/2020,GJT,CO,ANM,WE,Federal Contract Tower,13,28,10,4,55,0,2,20,0,22,13,30,30,4,77,4,0,4,81
03/16/2020,GJT,CO,ANM,WE,Federal Contract Tower,19,23,12,3,57,0,1,47,2,50,19,24,59,5,107,26,10,36,143
03/17/2020,GJT,CO,ANM,WE,Federal Contract Tower,17,28,16,1,62,0,0,26,0,26,17,28,42,1,88,0,0,0,88
03/18/2020,GJT,CO,ANM,WE,Federal Contract Tower,18,24,4,1,47,0,2,28,0,30,18,26,32,1,77,24,0,24,101
03/19/2020,GJT,CO,ANM,WE,Federal Contract Tower,21,20,18,0,59,0,2,1,0,3,21,22,19,0,62,0,0,0,62
03/20/2020,GJT,CO,ANM,WE,Federal Contract Tower,21,24,13,2,60,0,0,32,0,32,21,24,45,2,92,68,0,68,160
03/21/2020,GJT,CO,ANM,WE,Federal Contract Tower,17,16,6,0,39,0,0,30,0,30,17,16,36,0,69,58,0,58,127
03/22/2020,GJT,CO,ANM,WE,Federal Contract Tower,14,15,9,1,39,0,0,27,0,27,14,15,36,1,66,26,0,26,92
03/23/2020,GJT,CO,ANM,WE,Federal Contract Tower,7,12,6,1,26,0,0,13,0,13,7,12,19,1,39,20,0,20,59
03/24/2020,GJT,CO,ANM,WE,Federal Contract Tower,9,17,5,0,31,0,1,51,0,52,9,18,56,0,83,54,0,54,137
03/25/2020,GJT,CO,ANM,WE,Federal Contract Tower,7,22,4,0,33,0,5,32,0,37,7,27,36,0,70,34,0,34,104
03/26/2020,GJT,CO,ANM,WE,Federal Contract Tower,3,7,5,0,15,0,1,17,0,18,3,8,22,0,33,38,0,38,71
03/27/2020,GJT,CO,ANM,WE,Federal Contract Tower,7,12,7,0,26,0,0,0,0,0,7,12,7,0,26,0,0,0,26
03/28/2020,GJT,CO,ANM,WE,Federal Contract Tower,4,10,6,4,24,0,0,28,0,28,4,10,34,4,52,28,0,28,80
03/29/2020,GJT,CO,ANM,WE,Federal Contract Tower,2,12,3,3,20,0,0,17,0,17,2,12,20,3,37,8,0,8,45
03/30/2020,GJT,CO,ANM,WE,Federal Contract Tower,2,14,6,2,24,0,0,24,0,24,2,14,30,2,48,14,0,14,62
03/31/2020,GJT,CO,ANM,WE,Federal Contract Tower,5,14,4,0,23,0,0,48,0,48,5,14,52,0,71,30,0,30,101
04/01/2020,GJT,CO,ANM,WE,Federal Contract Tower,8,13,13,0,34,0,1,24,0,25,8,14,37,0,59,10,0,10,69
04/02/2020,GJT,CO,ANM,WE,Federal Contract Tower,8,14,8,4,34,0,0,4,0,4,8,14,12,4,38,22,0,22,60
04/03/2020,GJT,CO,ANM,WE,Federal Contract Tower,8,11,16,4,39,0,0,45,0,45,8,11,61,4,84,20,16,36,120
04/04/2020,GJT,CO,ANM,WE,Federal Contract Tower,5,3,8,0,16,0,0,24,0,24,5,3,32,0,40,6,0,6,46
04/05/2020,GJT,CO,ANM,WE,Federal Contract Tower,6,3,3,0,12,0,1,16,0,17,6,4,19,0,29,4,0,4,33
04/06/2020,GJT,CO,ANM,WE,Federal Contract Tower,7,7,3,4,21,0,0,17,0,17,7,7,20,4,38,6,0,6,44
04/07/2020,GJT,CO,ANM,WE,Federal Contract Tower,5,15,4,0,24,0,1,38,0,39,5,16,42,0,63,8,0,8,71
04/08/2020,GJT,CO,ANM,WE,Federal Contract Tower,5,9,5,2,21,0,0,31,0,31,5,9,36,2,52,26,0,26,78
04/09/2020,GJT,CO,ANM,WE,Federal Contract Tower,5,9,5,4,23,0,6,40,0,46,5,15,45,4,69,32,0,32,101
04/10/2020,GJT,CO,ANM,WE,Federal Contract Tower,6,9,14,0,29,0,0,71,0,71,6,9,85,0,100,96,4,100,200
04/11/2020,GJT,CO,ANM,WE,Federal Contract Tower,7,6,4,0,17,0,0,49,0,49,7,6,53,0,66,38,0,38,104
04/12/2020,GJT,CO,ANM,WE,Federal Contract Tower,5,3,3,0,11,0,1,9,0,10,5,4,12,0,21,4,0,4,25
04/13/2020,GJT,CO,ANM,WE,Federal Contract Tower,3,10,6,0,19,0,0,11,0,11,3,10,17,0,30,12,0,12,42
04/14/2020,GJT,CO,ANM,WE,Federal Contract Tower,7,12,7,0,26,0,3,41,0,44,7,15,48,0,70,18,0,18,88
04/15/2020,GJT,CO,ANM,WE,Federal Contract Tower,6,8,8,4,26,0,3,30,0,33,6,11,38,4,59,14,0,14,73
04/16/2020,GJT,CO,ANM,WE,Federal Contract Tower,5,14,1,0,20,0,2,4,0,6,5,16,5,0,26,0,0,0,26
04/17/2020,GJT,CO,ANM,WE,Federal Contract Tower,7,8,4,0,19,0,1,59,0,60,7,9,63,0,79,56,0,56,135
04/18/2020,GJT,CO,ANM,WE,Federal Contract Tower,6,5,3,0,14,0,0,53,0,53,6,5,56,0,67,58,0,58,125
04/19/2020,GJT,CO,ANM,WE,Federal Contract Tower,5,3,1,0,9,0,3,23,0,26,5,6,24,0,35,4,0,4,39
04/20/2020,GJT,CO,ANM,WE,Federal Contract Tower,6,13,7,0,26,0,0,17,0,17,6,13,24,0,43,16,0,16,59
04/21/2020,GJT,CO,ANM,WE,Federal Contract Tower,5,9,10,0,24,0,0,26,0,26,5,9,36,0,50,28,0,28,78
04/22/2020,GJT,CO,ANM,WE,Federal Contract Tower,4,11,11,0,26,0,0,59,2,61,4,11,70,2,87,24,0,24,111
04/23/2020,GJT,CO,ANM,WE,Federal Contract Tower,5,11,12,1,29,0,1,31,0,32,5,12,43,1,61,12,18,30,91
04/24/2020,GJT,CO,ANM,WE,Federal Contract Tower,6,14,11,0,31,0,1,56,0,57,6,15,67,0,88,38,0,38,126
04/25/2020,GJT,CO,ANM,WE,Federal Contract Tower,5,4,3,0,12,0,0,38,0,38,5,4,41,0,50,0,0,0,50
04/26/2020,GJT,CO,ANM,WE,Federal Contract Tower,4,4,6,0,14,0,2,19,0,21,4,6,25,0,35,0,0,0,35
04/27/2020,GJT,CO,ANM,WE,Federal Contract Tower,7,5,6,0,18,0,3,34,0,37,7,8,40,0,55,12,0,12,67
04/28/2020,GJT,CO,ANM,WE,Federal Contract Tower,6,10,10,2,28,0,0,40,0,40,6,10,50,2,68,16,0,16,84
04/29/2020,GJT,CO,ANM,WE,Federal Contract Tower,6,10,12,1,29,0,3,48,0,51,6,13,60,1,80,56,0,56,136
04/30/2020,GJT,CO,ANM,WE,Federal Contract Tower,7,13,7,0,27,0,1,43,0,44,7,14,50,0,71,58,0,58,129
05/01/2020,GJT,CO,ANM,WE,Federal Contract Tower,10,18,7,0,35,0,0,62,2,64,10,18,69,2,99,96,0,96,195
05/02/2020,GJT,CO,ANM,WE,Federal Contract Tower,4,3,3,2,12,0,1,21,0,22,4,4,24,2,34,12,0,12,46
05/03/2020,GJT,CO,ANM,WE,Federal Contract Tower,5,8,5,0,18,0,1,29,0,30,5,9,34,0,48,20,0,20,68
05/04/2020,GJT,CO,ANM,WE,Federal Contract Tower,7,7,7,0,21,0,1,23,0,24,7,8,30,0,45,56,0,56,101
05/05/2020,GJT,CO,ANM,WE,Federal Contract Tower,4,13,9,0,26,0,0,62,0,62,4,13,71,0,88,74,0,74,162
05/06/2020,GJT,CO,ANM,WE,Federal Contract Tower,4,15,8,8,35,0,4,55,0,59,4,19,63,8,94,102,22,124,218
05/07/2020,GJT,CO,ANM,WE,Federal Contract Tower,3,12,10,0,25,0,0,38,12,50,3,12,48,12,75,14,0,14,89
05/08/2020,GJT,CO,ANM,WE,Federal Contract Tower,7,12,2,0,21,0,2,64,4,70,7,14,66,4,91,50,0,50,141
05/09/2020,GJT,CO,ANM,WE,Federal Contract Tower,3,9,11,2,25,0,2,59,1,62,3,11,70,3,87,22,0,22,109
05/10/2020,GJT,CO,ANM,WE,Federal Contract Tower,5,8,4,2,19,0,0,59,0,59,5,8,63,2,78,16,0,16,94
05/11/2020,GJT,CO,ANM,WE,Federal Contract Tower,6,12,15,0,33,0,1,11,0,12,6,13,26,0,45,14,0,14,59
05/12/2020,GJT,CO,ANM,WE,Federal Contract Tower,6,6,7,2,21,0,0,21,0,21,6,6,28,2,42,16,0,16,58
05/13/2020,GJT,CO,ANM,WE,Federal Contract Tower,8,9,12,2,31,0,4,56,0,60,8,13,68,2,91,84,14,98,189
05/14/2020,GJT,CO,ANM,WE,Federal Contract Tower,6,8,9,6,29,0,7,77,0,84,6,15,86,6,113,148,0,148,261
05/15/2020,GJT,CO,ANM,WE,Federal Contract Tower,9,12,24,4,49,0,0,42,2,44,9,12,66,6,93,50,0,50,143
05/16/2020,GJT,CO,ANM,WE,Federal Contract Tower,3,4,2,0,9,0,0,52,0,52,3,4,54,0,61,38,0,38,99
05/17/2020,GJT,CO,ANM,WE,Federal Contract Tower,5,4,4,0,13,0,0,27,0,27,5,4,31,0,40,20,0,20,60
05/18/2020,GJT,CO,ANM,WE,Federal Contract Tower,8,8,14,0,30,0,1,34,0,35,8,9,48,0,65,26,0,26,91
05/19/2020,GJT,CO,ANM,WE,Federal Contract Tower,4,10,10,0,24,0,1,19,0,20,4,11,29,0,44,38,0,38,82
05/20/2020,GJT,CO,ANM,WE,Federal Contract Tower,8,16,7,0,31,0,6,40,1,47,8,22,47,1,78,10,2,12,90
05/21/2020,GJT,CO,ANM,WE,Federal Contract Tower,6,13,7,0,26,0,0,73,1,74,6,13,80,1,100,90,0,90,190
05/22/2020,GJT,CO,ANM,WE,Federal Contract Tower,11,12,9,2,34,0,4,48,0,52,11,16,57,2,86,66,0,66,152
05/23/2020,GJT,CO,ANM,WE,Federal Contract Tower,3,6,11,0,20,0,5,23,1,29,3,11,34,1,49,0,0,0,49
05/24/2020,GJT,CO,ANM,WE,Federal Contract Tower,5,11,7,0,23,0,0,34,0,34,5,11,41,0,57,38,0,38,95
05/25/2020,GJT,CO,ANM,WE,Federal Contract Tower,10,9,5,0,24,0,2,63,1,66,10,11,68,1,90,70,0,70,160
05/26/2020,GJT,CO,ANM,WE,Federal Contract Tower,3,6,13,0,22,0,0,81,0,81,3,6,94,0,103,88,0,88,191
05/27/2020,GJT,CO,ANM,WE,Federal Contract Tower,7,13,11,0,31,0,3,34,0,37,7,16,45,0,68,54,0,54,122
05/28/2020,GJT,CO,ANM,WE,Federal Contract Tower,7,9,9,4,29,0,3,51,0,54,7,12,60,4,83,50,22,72,155
05/29/2020,GJT,CO,ANM,WE,Federal Contract Tower,11,11,12,2,36,0,0,65,0,65,11,11,77,2,101,104,0,104,205
05/30/2020,GJT,CO,ANM,WE,Federal Contract Tower,4,5,5,0,14,0,0,38,0,38,4,5,43,0,52,18,0,18,70
05/31/2020,GJT,CO,ANM,WE,Federal Contract Tower,5,8,9,0,22,0,2,38,0,40,5,10,47,0,62,20,0,20,82
06/01/2020,GJT,CO,ANM,WE,Federal Contract Tower,10,9,13,2,34,0,1,45,0,46,10,10,58,2,80,42,0,42,122
06/02/2020,GJT,CO,ANM,WE,Federal Contract Tower,4,10,9,2,25,0,0,54,0,54,4,10,63,2,79,48,0,48,127
06/03/2020,GJT,CO,ANM,WE,Federal Contract Tower,6,14,13,0,33,0,0,79,0,79,6,14,92,0,112,30,0,30,142
06/04/2020,GJT,CO,ANM,WE,Federal Contract Tower,8,11,13,6,38,0,6,65,0,71,8,17,78,6,109,62,20,82,191
06/05/2020,GJT,CO,ANM,WE,Federal Contract Tower,13,10,20,1,44,0,57,69,0,126,13,67,89,1,170,24,0,24,194
06/06/2020,GJT,CO,ANM,WE,Federal Contract Tower,6,7,5,1,19,0,5,14,0,19,6,12,19,1,38,12,0,12,50
06/07/2020,GJT,CO,ANM,WE,Federal Contract Tower,6,7,10,0,23,0,1,42,0,43,6,8,52,0,66,78,0,78,144
06/08/2020,GJT,CO,ANM,WE,Federal Contract Tower,9,7,14,5,35,0,3,36,0,39,9,10,50,5,74,34,0,34,108
06/09/2020,GJT,CO,ANM,WE,Federal Contract Tower,7,13,12,2,34,0,0,61,1,62,7,13,73,3,96,106,22,128,224
06/10/2020,GJT,CO,ANM,WE,Federal Contract Tower,5,15,6,1,27,0,1,66,2,69,5,16,72,3,96,94,6,100,196
06/11/2020,GJT,CO,ANM,WE,Federal Contract Tower,6,15,8,3,32,0,20,78,0,98,6,35,86,3,130,134,16,150,280
06/12/2020,GJT,CO,ANM,WE,Federal Contract Tower,11,13,23,0,47,0,0,52,4,56,11,13,75,4,103,86,0,86,189
06/13/2020,GJT,CO,ANM,WE,Federal Contract Tower,5,8,5,0,18,0,0,19,0,19,5,8,24,0,37,56,0,56,93
06/14/2020,GJT,CO,ANM,WE,Federal Contract Tower,4,7,14,0,25,0,2,50,2,54,4,9,64,2,79,46,0,46,125
06/15/2020,GJT,CO,ANM,WE,Federal Contract Tower,12,9,13,3,37,0,1,50,0,51,12,10,63,3,88,76,16,92,180
06/16/2020,GJT,CO,ANM,WE,Federal Contract Tower,7,17,8,2,34,0,3,19,2,24,7,20,27,4,58,0,4,4,62
06/17/2020,GJT,CO,ANM,WE,Federal Contract Tower,7,21,7,3,38,0,6,31,3,40,7,27,38,6,78,10,0,10,88
06/18/2020,GJT,CO,ANM,WE,Federal Contract Tower,6,14,14,2,36,0,4,77,0,81,6,18,91,2,117,120,0,120,237
06/19/2020,GJT,CO,ANM,WE,Federal Contract Tower,12,12,8,0,32,0,3,57,0,60,12,15,65,0,92,88,0,88,180
06/20/2020,GJT,CO,ANM,WE,Federal Contract Tower,5,10,4,0,19,0,2,44,1,47,5,12,48,1,66,60,0,60,126
06/21/2020,GJT,CO,ANM,WE,Federal Contract Tower,6,7,7,2,22,0,1,47,0,48,6,8,54,2,70,74,0,74,144
06/22/2020,GJT,CO,ANM,WE,Federal Contract Tower,12,5,5,4,26,0,2,54,5,61,12,7,59,9,87,68,2,70,157
06/23/2020,GJT,CO,ANM,WE,Federal Contract Tower,6,12,10,1,29,0,2,69,0,71,6,14,79,1,100,80,0,80,180
06/24/2020,GJT,CO,ANM,WE,Federal Contract Tower,6,16,9,9,40,0,3,47,1,51,6,19,56,10,91,34,2,36,127
06/25/2020,GJT,CO,ANM,WE,Federal Contract Tower,7,18,12,3,40,0,3,49,0,52,7,21,61,3,92,56,14,70,162
06/26/2020,GJT,CO,ANM,WE,Federal Contract Tower,13,15,16,0,44,0,6,65,0,71,13,21,81,0,115,78,0,78,193
06/27/2020,GJT,CO,ANM,WE,Federal Contract Tower,5,8,13,0,26,0,62,63,0,125,5,70,76,0,151,50,0,50,201
06/28/2020,GJT,CO,ANM,WE,Federal Contract Tower,4,5,10,0,19,0,3,53,0,56,4,8,63,0,75,42,0,42,117
06/29/2020,GJT,CO,ANM,WE,Federal Contract Tower,10,12,12,1,35,0,0,28,1,29,10,12,40,2,64,0,10,10,74
06/30/2020,GJT,CO,ANM,WE,Federal Contract Tower,6,12,11,0,29,0,1,61,2,64,6,13,72,2,93,66,16,82,175
07/01/2020,GJT,CO,ANM,WE,Federal Contract Tower,8,11,17,2,38,0,15,75,0,90,8,26,92,2,128,98,0,98,226
07/02/2020,GJT,CO,ANM,WE,Federal Contract Tower,8,12,19,0,39,0,5,55,0,60,8,17,74,0,99,96,0,96,195
07/03/2020,GJT,CO,ANM,WE,Federal Contract Tower,13,11,8,0,32,0,0,62,0,62,13,11,70,0,94,80,0,80,174
07/04/2020,GJT,CO,ANM,WE,Federal Contract Tower,5,11,3,0,19,0,6,37,1,44,5,17,40,1,63,34,0,34,97
07/05/2020,GJT,CO,ANM,WE,Federal Contract Tower,4,10,11,2,27,0,2,48,0,50,4,12,59,2,77,44,0,44,121
07/06/2020,GJT,CO,ANM,WE,Federal Contract Tower,16,7,10,7,40,0,2,44,0,46,16,9,54,7,86,42,0,42,128
07/07/2020,GJT,CO,ANM,WE,Federal Contract Tower,7,12,6,6,31,0,5,78,8,91,7,17,84,14,122,42,14,56,178
07/08/2020,GJT,CO,ANM,WE,Federal Contract Tower,8,11,14,10,43,0,4,75,2,81,8,15,89,12,124,50,0,50,174
07/09/2020,GJT,CO,ANM,WE,Federal Contract Tower,11,19,19,4,53,0,4,57,1,62,11,23,76,5,115,76,24,100,215
07/10/2020,GJT,CO,ANM,WE,Federal Contract Tower,15,9,14,0,38,0,9,60,0,69,15,18,74,0,107,56,0,56,163
07/11/2020,GJT,CO,ANM,WE,Federal Contract Tower,9,9,3,0,21,0,2,47,0,49,9,11,50,0,70,22,0,22,92
07/12/2020,GJT,CO,ANM,WE,Federal Contract Tower,6,18,12,2,38,0,6,56,0,62,6,24,68,2,100,54,0,54,154
07/13/2020,GJT,CO,ANM,WE,Federal Contract Tower,16,6,18,4,44,0,12,76,0,88,16,18,94,4,132,0,0,0,132
07/14/2020,GJT,CO,ANM,WE,Federal Contract Tower,10,13,17,0,40,0,1,80,1,82,10,14,97,1,122,28,0,28,150
07/15/2020,GJT,CO,ANM,WE,Federal Contract Tower,10,16,7,0,33,0,9,66,1,76,10,25,73,1,109,58,26,84,193
07/16/2020,GJT,CO,ANM,WE,Federal Contract Tower,12,15,16,3,46,2,6,42,6,56,14,21,58,9,102,14,0,14,116
07/17/2020,GJT,CO,ANM,WE,Federal Contract Tower,19,18,21,6,64,0,2,55,0,57,19,20,76,6,121,58,2,60,181
07/18/2020,GJT,CO,ANM,WE,Federal Contract Tower,13,7,7,0,27,0,3,37,0,40,13,10,44,0,67,40,4,44,111
07/19/2020,GJT,CO,ANM,WE,Federal Contract Tower,10,5,7,2,24,0,2,42,0,44,10,7,49,2,68,42,0,42,110
07/20/2020,GJT,CO,ANM,WE,Federal Contract Tower,18,5,12,4,39,0,0,33,0,33,18,5,45,4,72,28,0,28,100
07/21/2020,GJT,CO,ANM,WE,Federal Contract Tower,8,16,15,2,41,0,2,45,1,48,8,18,60,3,89,62,16,78,167
07/22/2020,GJT,CO,ANM,WE,Federal Contract Tower,10,16,11,0,37,1,35,2,0,38,11,51,13,0,75,24,10,34,109
07/23/2020,GJT,CO,ANM,WE,Federal Contract Tower,12,21,32,4,69,0,0,39,0,39,12,21,71,4,108,20,0,20,128
07/24/2020,GJT,CO,ANM,WE,Federal Contract Tower,18,14,7,4,43,0,2,54,0,56,18,16,61,4,99,80,0,80,179
07/25/2020,GJT,CO,ANM,WE,Federal Contract Tower,13,4,4,3,24,0,0,27,2,29,13,4,31,5,53,24,0,24,77
07/26/2020,GJT,CO,ANM,WE,Federal Contract Tower,11,5,22,0,38,0,5,44,2,51,11,10,66,2,89,22,0,22,111
07/27/2020,GJT,CO,ANM,WE,Federal Contract Tower,13,11,12,11,47,0,2,43,1,46,13,13,55,12,93,62,22,84,177
07/28/2020,GJT,CO,ANM,WE,Federal Contract Tower,8,17,2,2,29,0,0,52,1,53,8,17,54,3,82,48,4,52,134
07/29/2020,GJT,CO,ANM,WE,Federal Contract Tower,12,14,4,0,30,0,11,71,0,82,12,25,75,0,112,68,0,68,180
07/30/2020,GJT,CO,ANM,WE,Federal Contract Tower,13,25,18,2,58,0,16,78,0,94,13,41,96,2,152,156,0,156,308
07/31/2020,GJT,CO,ANM,WE,Federal Contract Tower,20,16,20,2,58,0,22,72,1,95,20,38,92,3,153,52,0,52,205
08/01/2020,GJT,CO,ANM,WE,Federal Contract Tower,11,18,12,0,41,0,74,43,2,119,11,92,55,2,160,2,0,2,162
08/02/2020,GJT,CO,ANM,WE,Federal Contract Tower,11,15,10,2,38,0,2,95,5,102,11,17,105,7,140,4,8,12,152
08/03/2020,GJT,CO,ANM,WE,Federal Contract Tower,18,11,19,3,51,0,4,103,0,107,18,15,122,3,158,38,0,38,196
08/04/2020,GJT,CO,ANM,WE,Federal Contract Tower,8,18,17,0,43,0,2,91,0,93,8,20,108,0,136,22,0,22,158
08/05/2020,GJT,CO,ANM,WE,Federal Contract Tower,8,20,16,0,44,0,27,60,0,87,8,47,76,0,131,56,0,56,187
08/06/2020,GJT,CO,ANM,WE,Federal Contract Tower,13,13,21,0,47,0,4,105,0,109,13,17,126,0,156,82,0,82,238
08/07/2020,GJT,CO,ANM,WE,Federal Contract Tower,17,12,12,0,41,0,11,65,0,76,17,23,77,0,117,74,0,74,191
08/08/2020,GJT,CO,ANM,WE,Federal Contract Tower,9,13,26,2,50,0,12,87,4,103,9,25,113,6,153,52,0,52,205
08/09/2020,GJT,CO,ANM,WE,Federal Contract Tower,13,5,16,0,34,0,5,98,0,103,13,10,114,0,137,88,0,88,225
08/10/2020,GJT,CO,ANM,WE,Federal Contract Tower,21,6,13,0,40,0,7,86,0,93,21,13,99,0,133,16,0,16,149
08/11/2020,GJT,CO,ANM,WE,Federal Contract Tower,10,12,12,6,40,0,4,125,0,129,10,16,137,6,169,58,0,58,227
08/12/2020,GJT,CO,ANM,WE,Federal Contract Tower,11,19,14,2,46,0,0,132,0,132,11,19,146,2,178,42,8,50,228
08/13/2020,GJT,CO,ANM,WE,Federal Contract Tower,11,21,19,8,59,0,0,95,0,95,11,21,114,8,154,72,4,76,230
08/14/2020,GJT,CO,ANM,WE,Federal Contract Tower,21,23,20,0,64,0,8,76,2,86,21,31,96,2,150,68,4,72,222
08/15/2020,GJT,CO,ANM,WE,Federal Contract Tower,17,6,18,0,41,0,34,84,0,118,17,40,102,0,159,24,0,24,183
08/16/2020,GJT,CO,ANM,WE,Federal Contract Tower,13,15,18,0,46,0,6,101,0,107,13,21,119,0,153,6,0,6,159
08/17/2020,GJT,CO,ANM,WE,Federal Contract Tower,18,12,16,6,52,0,0,127,0,127,18,12,143,6,179,44,0,44,223
08/18/2020,GJT,CO,ANM,WE,Federal Contract Tower,12,22,14,2,50,0,1,100,0,101,12,23,114,2,151,34,0,34,185
08/19/2020,GJT,CO,ANM,WE,Federal Contract Tower,14,25,11,0,50,0,1,34,2,37,14,26,45,2,87,44,0,44,131
08/20/2020,GJT,CO,ANM,WE,Federal Contract Tower,13,23,22,0,58,0,3,33,0,36,13,26,55,0,94,6,0,6,100
08/21/2020,GJT,CO,ANM,WE,Federal Contract Tower,19,16,20,0,55,0,1,95,0,96,19,17,115,0,151,50,0,50,201
08/22/2020,GJT,CO,ANM,WE,Federal Contract Tower,13,13,10,0,36,0,0,52,1,53,13,13,62,1,89,32,0,32,121
08/23/2020,GJT,CO,ANM,WE,Federal Contract Tower,12,16,14,0,42,0,2,57,0,59,12,18,71,0,101,20,0,20,121
08/24/2020,GJT,CO,ANM,WE,Federal Contract Tower,15,18,4,0,37,0,1,97,0,98,15,19,101,0,135,36,0,36,171
08/25/2020,GJT,CO,ANM,WE,Federal Contract Tower,12,15,17,1,45,0,1,123,3,127,12,16,140,4,172,44,0,44,216
08/26/2020,GJT,CO,ANM,WE,Federal Contract Tower,21,14,28,3,66,0,9,98,0,107,21,23,126,3,173,36,0,36,209
08/27/2020,GJT,CO,ANM,WE,Federal Contract Tower,16,17,12,4,49,0,8,54,0,62,16,25,66,4,111,20,0,20,131
08/28/2020,GJT,CO,ANM,WE,Federal Contract Tower,15,11,16,3,45,0,2,56,3,61,15,13,72,6,106,68,0,68,174
08/29/2020,GJT,CO,ANM,WE,Federal Contract Tower,14,6,16,1,37,0,0,33,0,33,14,6,49,1,70,0,0,0,70
08/30/2020,GJT,CO,ANM,WE,Federal Contract Tower,18,7,29,0,54,0,0,64,0,64,18,7,93,0,118,46,0,46,164
09/01/2020,GJT,CO,ANM,WE,Federal Contract Tower,12,13,16,5,46,0,1,55,3,59,12,14,71,8,105,32,6,38,143
09/02/2020,GJT,CO,ANM,WE,Federal Contract Tower,11,12,19,0,42,0,0,100,4,104,11,12,119,4,146,100,0,100,246
09/03/2020,GJT,CO,ANM,WE,Federal Contract Tower,12,23,26,8,69,0,0,119,2,121,12,23,145,10,190,74,0,74,264
09/04/2020,GJT,CO,ANM,WE,Federal Contract Tower,14,13,18,3,48,0,0,42,0,42,14,13,60,3,90,46,0,46,136
09/05/2020,GJT,CO,ANM,WE,Federal Contract Tower,10,10,11,0,31,0,0,76,0,76,10,10,87,0,107,54,0,54,161
09/06/2020,GJT,CO,ANM,WE,Federal Contract Tower,14,10,11,0,35,0,3,57,1,61,14,13,68,1,96,28,0,28,124
09/07/2020,GJT,CO,ANM,WE,Federal Contract Tower,17,8,21,0,46,0,0,42,0,42,17,8,63,0,88,50,0,50,138
09/08/2020,GJT,CO,ANM,WE,Federal Contract Tower,11,31,20,3,65,0,0,1,0,1,11,31,21,3,66,0,0,0,66
09/09/2020,GJT,CO,ANM,WE,Federal Contract Tower,14,25,18,4,61,0,0,28,0,28,14,25,46,4,89,34,0,34,123
09/10/2020,GJT,CO,ANM,WE,Federal Contract Tower,17,16,17,4,54,0,1,10,0,11,17,17,27,4,65,0,0,0,65
09/11/2020,GJT,CO,ANM,WE,Federal Contract Tower,15,21,30,0,66,0,0,71,0,71,15,21,101,0,137,52,0,52,189
09/12/2020,GJT,CO,ANM,WE,Federal Contract Tower,14,15,13,3,45,0,0,44,1,45,14,15,57,4,90,98,0,98,188
09/13/2020,GJT,CO,ANM,WE,Federal Contract Tower,17,11,11,3,42,0,1,68,1,70,17,12,79,4,112,100,0,100,212
09/14/2020,GJT,CO,ANM,WE,Federal Contract Tower,16,7,16,3,42,0,1,40,0,41,16,8,56,3,83,50,0,50,133
09/15/2020,GJT,CO,ANM,WE,Federal Contract Tower,14,13,9,0,36,0,0,61,0,61,14,13,70,0,97,30,0,30,127
09/16/2020,GJT,CO,ANM,WE,Federal Contract Tower,15,13,24,5,57,0,0,80,1,81,15,13,104,6,138,70,2,72,210
09/17/2020,GJT,CO,ANM,WE,Federal Contract Tower,18,18,22,2,60,0,0,79,0,79,18,18,101,2,139,74,0,74,213
09/18/2020,GJT,CO,ANM,WE,Federal Contract Tower,17,12,17,12,58,0,0,74,1,75,17,12,91,13,133,52,0,52,185
09/19/2020,GJT,CO,ANM,WE,Federal Contract Tower,15,8,8,0,31,0,2,38,3,43,15,10,46,3,74,40,0,40,114
09/20/2020,GJT,CO,ANM,WE,Federal Contract Tower,18,6,6,2,32,0,1,52,2,55,18,7,58,4,87,44,0,44,131
09/21/2020,GJT,CO,ANM,WE,Federal Contract Tower,19,9,23,2,53,0,0,65,0,65,19,9,88,2,118,36,0,36,154
09/22/2020,GJT,CO,ANM,WE,Federal Contract Tower,11,17,15,3,46,0,0,56,1,57,11,17,71,4,103,34,30,64,167
09/23/2020,GJT,CO,ANM,WE,Federal Contract Tower,19,14,8,4,45,0,0,81,0,81,19,14,89,4,126,60,0,60,186
09/24/2020,GJT,CO,ANM,WE,Federal Contract Tower,20,19,13,4,56,0,1,69,1,71,20,20,82,5,127,72,8,80,207
09/25/2020,GJT,CO,ANM,WE,Federal Contract Tower,18,14,15,4,51,0,0,64,0,64,18,14,79,4,115,40,0,40,155
09/26/2020,GJT,CO,ANM,WE,Federal Contract Tower,19,11,4,0,34,0,0,53,0,53,19,11,57,0,87,80,0,80,167
09/27/2020,GJT,CO,ANM,WE,Federal Contract Tower,18,7,6,4,35,0,0,60,3,63,18,7,66,7,98,34,14,48,146
09/28/2020,GJT,CO,ANM,WE,Federal Contract Tower,16,10,7,0,33,0,0,41,0,41,16,10,48,0,74,18,0,18,92
09/29/2020,GJT,CO,ANM,WE,Federal Contract Tower,15,22,13,2,52,0,0,55,2,57,15,22,68,4,109,42,4,46,155
09/30/2020,GJT,CO,ANM,WE,Federal Contract Tower,18,10,18,1,47,0,2,73,1,76,18,12,91,2,123,58,0,58,181
10/01/2020,GJT,CO,ANM,WE,Federal Contract Tower,24,16,24,6,70,0,1,87,2,90,24,17,111,8,160,52,10,62,222
10/02/2020,GJT,CO,ANM,WE,Federal Contract Tower,18,15,6,10,49,0,0,63,0,63,18,15,69,10,112,42,0,42,154
10/03/2020,GJT,CO,ANM,WE,Federal Contract Tower,18,10,15,0,43,0,0,58,0,58,18,10,73,0,101,52,0,52,153
10/04/2020,GJT,CO,ANM,WE,Federal Contract Tower,18,12,12,0,42,0,0,49,0,49,18,12,61,0,91,18,0,18,109
10/05/2020,GJT,CO,ANM,WE,Federal Contract Tower,15,14,15,20,64,0,0,46,0,46,15,14,61,20,110,72,0,72,182
10/06/2020,GJT,CO,ANM,WE,Federal Contract Tower,15,14,14,0,43,0,0,54,0,54,15,14,68,0,97,16,0,16,113
10/07/2020,GJT,CO,ANM,WE,Federal Contract Tower,17,15,15,6,53,0,1,95,0,96,17,16,110,6,149,84,0,84,233
10/08/2020,GJT,CO,ANM,WE,Federal Contract Tower,22,13,19,0,54,0,0,77,0,77,22,13,96,0,131,86,0,86,217
10/09/2020,GJT,CO,ANM,WE,Federal Contract Tower,22,14,14,2,52,0,0,71,0,71,22,14,85,2,123,70,0,70,193
10/10/2020,GJT,CO,ANM,WE,Federal Contract Tower,19,11,6,0,36,0,0,52,0,52,19,11,58,0,88,28,0,28,116
10/11/2020,GJT,CO,ANM,WE,Federal Contract Tower,20,9,11,8,48,0,1,10,2,13,20,10,21,10,61,10,0,10,71
10/12/2020,GJT,CO,ANM,WE,Federal Contract Tower,20,15,14,0,49,0,0,41,0,41,20,15,55,0,90,84,0,84,174
10/13/2020,GJT,CO,ANM,WE,Federal Contract Tower,18,13,14,9,54,0,0,61,0,61,18,13,75,9,115,76,0,76,191
10/14/2020,GJT,CO,ANM,WE,Federal Contract Tower,15,19,13,6,53,0,0,60,0,60,15,19,73,6,113,64,0,64,177
10/15/2020,GJT,CO,ANM,WE,Federal Contract Tower,20,15,22,8,65,0,0,80,0,80,20,15,102,8,145,60,0,60,205
10/16/2020,GJT,CO,ANM,WE,Federal Contract Tower,21,13,15,12,61,0,0,87,2,89,21,13,102,14,150,70,8,78,228
10/17/2020,GJT,CO,ANM,WE,Federal Contract Tower,16,10,12,5,43,0,0,50,5,55,16,10,62,10,98,20,20,40,138
10/18/2020,GJT,CO,ANM,WE,Federal Contract Tower,17,10,13,1,41,0,0,56,2,58,17,10,69,3,99,64,0,64,163
10/19/2020,GJT,CO,ANM,WE,Federal Contract Tower,18,10,5,6,39,0,5,78,1,84,18,15,83,7,123,74,0,74,197
10/20/2020,GJT,CO,ANM,WE,Federal Contract Tower,15,20,9,0,44,0,3,77,0,80,15,23,86,0,124,60,0,60,184
10/21/2020,GJT,CO,ANM,WE,Federal Contract Tower,16,15,20,0,51,0,1,71,0,72,16,16,91,0,123,52,0,52,175
10/22/2020,GJT,CO,ANM,WE,Federal Contract Tower,22,18,12,0,52,0,0,51,1,52,22,18,63,1,104,26,12,38,142
10/23/2020,GJT,CO,ANM,WE,Federal Contract Tower,18,19,18,6,61,0,0,65,0,65,18,19,83,6,126,46,0,46,172
10/24/2020,GJT,CO,ANM,WE,Federal Contract Tower,18,16,11,4,49,0,0,47,0,47,18,16,58,4,96,80,0,80,176
10/25/2020,GJT,CO,ANM,WE,Federal Contract Tower,17,17,7,0,41,0,0,2,0,2,17,17,9,0,43,0,0,0,43
10/26/2020,GJT,CO,ANM,WE,Federal Contract Tower,22,24,23,2,71,0,2,3,1,6,22,26,26,3,77,10,0,10,87
10/27/2020,GJT,CO,ANM,WE,Federal Contract Tower,19,29,15,5,68,0,0,46,0,46,19,29,61,5,114,66,0,66,180
10/28/2020,GJT,CO,ANM,WE,Federal Contract Tower,15,23,16,0,54,0,0,68,0,68,15,23,84,0,122,68,0,68,190
10/29/2020,GJT,CO,ANM,WE,Federal Contract Tower,19,14,15,0,48,0,0,67,0,67,19,14,82,0,115,100,0,100,215
10/30/2020,GJT,CO,ANM,WE,Federal Contract Tower,19,15,8,0,42,0,0,66,0,66,19,15,74,0,108,128,0,128,236
10/31/2020,GJT,CO,ANM,WE,Federal Contract Tower,14,17,5,2,38,0,0,56,0,56,14,17,61,2,94,86,0,86,180
11/01/2020,GJT,CO,ANM,WE,Federal Contract Tower,13,20,9,0,42,0,1,36,0,37,13,21,45,0,79,68,0,68,147
11/02/2020,GJT,CO,ANM,WE,Federal Contract Tower,16,20,10,2,48,0,1,34,2,37,16,21,44,4,85,90,0,90,175
11/03/2020,GJT,CO,ANM,WE,Federal Contract Tower,12,21,4,9,46,0,0,58,0,58,12,21,62,9,104,108,2,110,214
11/04/2020,GJT,CO,ANM,WE,Federal Contract Tower,27,19,14,3,63,0,1,78,0,79,27,20,92,3,142,40,20,60,202
11/05/2020,GJT,CO,ANM,WE,Federal Contract Tower,18,22,8,5,53,0,0,90,2,92,18,22,98,7,145,142,0,142,287
11/06/2020,GJT,CO,ANM,WE,Federal Contract Tower,20,15,7,11,53,0,0,44,0,44,20,15,51,11,97,42,0,42,139
11/07/2020,GJT,CO,ANM,WE,Federal Contract Tower,13,15,8,0,36,0,0,3,0,3,13,15,11,0,39,0,0,0,39
11/08/2020,GJT,CO,ANM,WE,Federal Contract Tower,15,15,4,0,34,0,0,1,0,1,15,15,5,0,35,0,0,0,35
11/09/2020,GJT,CO,ANM,WE,Federal Contract Tower,14,25,10,2,51,0,0,0,0,0,14,25,10,2,51,0,0,0,51
11/10/2020,GJT,CO,ANM,WE,Federal Contract Tower,14,21,14,8,57,0,0,42,1,43,14,21,56,9,100,64,16,80,180
11/11/2020,GJT,CO,ANM,WE,Federal Contract Tower,15,17,13,0,45,0,0,68,0,68,15,17,81,0,113,92,0,92,205
11/12/2020,GJT,CO,ANM,WE,Federal Contract Tower,18,15,4,3,40,0,0,72,0,72,18,15,76,3,112,124,0,124,236
11/13/2020,GJT,CO,ANM,WE,Federal Contract Tower,18,27,11,7,63,0,0,69,0,69,18,27,80,7,132,78,0,78,210
11/14/2020,GJT,CO,ANM,WE,Federal Contract Tower,16,22,5,2,45,0,0,1,2,3,16,22,6,4,48,0,4,4,52
11/15/2020,GJT,CO,ANM,WE,Federal Contract Tower,15,16,13,0,44,0,0,60,0,60,15,16,73,0,104,108,0,108,212
11/16/2020,GJT,CO,ANM,WE,Federal Contract Tower,17,13,10,0,40,0,0,75,0,75,17,13,85,0,115,78,0,78,193
11/17/2020,GJT,CO,ANM,WE,Federal Contract Tower,19,11,14,0,44,0,1,69,0,70,19,12,83,0,114,82,0,82,196
11/18/2020,GJT,CO,ANM,WE,Federal Contract Tower,15,17,15,0,47,0,0,49,0,49,15,17,64,0,96,76,0,76,172
11/19/2020,GJT,CO,ANM,WE,Federal Contract Tower,17,16,13,2,48,0,0,80,0,80,17,16,93,2,128,128,0,128,256
11/20/2020,GJT,CO,ANM,WE,Federal Contract Tower,18,21,12,6,57,0,0,68,1,69,18,21,80,7,126,106,2,108,234
11/21/2020,GJT,CO,ANM,WE,Federal Contract Tower,13,21,7,6,47,0,0,42,0,42,13,21,49,6,89,62,0,62,151
11/22/2020,GJT,CO,ANM,WE,Federal Contract Tower,14,15,8,0,37,0,0,26,0,26,14,15,34,0,63,14,0,14,77
11/23/2020,GJT,CO,ANM,WE,Federal Contract Tower,16,21,24,2,63,0,0,27,1,28,16,21,51,3,91,54,34,88,179
11/24/2020,GJT,CO,ANM,WE,Federal Contract Tower,18,23,4,2,47,0,0,39,0,39,18,23,43,2,86,36,0,36,122
11/25/2020,GJT,CO,ANM,WE,Federal Contract Tower,16,25,11,0,52,0,0,35,0,35,16,25,46,0,87,12,0,12,99
11/26/2020,GJT,CO,ANM,WE,Federal Contract Tower,6,10,3,0,19,0,0,19,0,19,6,10,22,0,38,16,0,16,54
11/27/2020,GJT,CO,ANM,WE,Federal Contract Tower,11,18,8,0,37,0,0,32,0,32,11,18,40,0,69,36,0,36,105
11/28/2020,GJT,CO,ANM,WE,Federal Contract Tower,17,17,15,0,49,0,0,47,0,47,17,17,62,0,96,28,0,28,124
11/29/2020,GJT,CO,ANM,WE,Federal Contract Tower,12,23,9,0,44,0,2,35,0,37,12,25,44,0,81,20,0,20,101
11/30/2020,GJT,CO,ANM,WE,Federal Contract Tower,16,21,10,1,48,0,2,51,0,53,16,23,61,1,101,64,0,64,165
12/01/2020,GJT,CO,ANM,WE,Federal Contract Tower,16,20,13,4,53,0,0,39,2,41,16,20,52,6,94,38,8,46,140
12/02/2020,GJT,CO,ANM,WE,Federal Contract Tower,15,16,12,1,44,0,0,51,0,51,15,16,63,1,95,56,10,66,161
12/03/2020,GJT,CO,ANM,WE,Federal Contract Tower,20,15,14,2,51,0,0,72,0,72,20,15,86,2,123,124,0,124,247
12/04/2020,GJT,CO,ANM,WE,Federal Contract Tower,16,18,9,4,47,0,3,51,8,62,16,21,60,12,109,106,22,128,237
12/05/2020,GJT,CO,ANM,WE,Federal Contract Tower,12,11,7,8,38,0,0,56,11,67,12,11,63,19,105,72,24,96,201
12/06/2020,GJT,CO,ANM,WE,Federal Contract Tower,15,17,7,0,39,0,0,46,0,46,15,17,53,0,85,40,0,40,125
12/07/2020,GJT,CO,ANM,WE,Federal Contract Tower,16,21,21,4,62,0,1,38,1,40,16,22,59,5,102,66,0,66,168
12/08/2020,GJT,CO,ANM,WE,Federal Contract Tower,14,26,13,2,55,0,1,60,0,61,14,27,73,2,116,50,0,50,166
12/09/2020,GJT,CO,ANM,WE,Federal Contract Tower,15,20,11,2,48,0,0,94,2,96,15,20,105,4,144,88,0,88,232
12/10/2020,GJT,CO,ANM,WE,Federal Contract Tower,18,20,10,0,48,0,0,56,0,56,18,20,66,0,104,112,0,112,216
12/11/2020,GJT,CO,ANM,WE,Federal Contract Tower,21,19,8,4,52,0,0,34,0,34,21,19,42,4,86,36,0,36,122
12/12/2020,GJT,CO,ANM,WE,Federal Contract Tower,15,24,17,0,56,0,0,1,0,1,15,24,18,0,57,0,0,0,57
12/13/2020,GJT,CO,ANM,WE,Federal Contract Tower,27,12,6,0,45,0,0,40,0,40,27,12,46,0,85,50,0,50,135
12/14/2020,GJT,CO,ANM,WE,Federal Contract Tower,14,25,12,0,51,0,0,7,0,7,14,25,19,0,58,0,0,0,58
12/15/2020,GJT,CO,ANM,WE,Federal Contract Tower,14,25,13,2,54,0,0,44,0,44,14,25,57,2,98,88,0,88,186
12/16/2020,GJT,CO,ANM,WE,Federal Contract Tower,13,13,18,1,45,0,0,78,0,78,13,13,96,1,123,100,12,112,235
12/17/2020,GJT,CO,ANM,WE,Federal Contract Tower,18,18,14,6,56,0,0,59,1,60,18,18,73,7,116,112,8,120,236
12/18/2020,GJT,CO,ANM,WE,Federal Contract Tower,17,29,22,0,68,0,0,0,0,0,17,29,22,0,68,0,0,0,68
12/19/2020,GJT,CO,ANM,WE,Federal Contract Tower,18,21,15,3,57,0,0,38,0,38,18,21,53,3,95,28,8,36,131
12/20/2020,GJT,CO,ANM,WE,Federal Contract Tower,16,19,13,2,50,0,1,34,0,35,16,20,47,2,85,32,0,32,117
12/21/2020,GJT,CO,ANM,WE,Federal Contract Tower,17,17,16,2,52,0,0,43,0,43,17,17,59,2,95,48,0,48,143
12/22/2020,GJT,CO,ANM,WE,Federal Contract Tower,25,26,20,0,71,0,0,29,0,29,25,26,49,0,100,56,0,56,156
12/23/2020,GJT,CO,ANM,WE,Federal Contract Tower,27,22,24,0,73,0,0,36,0,36,27,22,60,0,109,28,0,28,137
12/24/2020,GJT,CO,ANM,WE,Federal Contract Tower,19,14,6,0,39,0,0,36,0,36,19,14,42,0,75,40,0,40,115
12/25/2020,GJT,CO,ANM,WE,Federal Contract Tower,10,8,1,0,19,0,1,12,0,13,10,9,13,0,32,0,0,0,32
12/26/2020,GJT,CO,ANM,WE,Federal Contract Tower,19,15,2,0,36,0,0,40,0,40,19,15,42,0,76,26,0,26,102
12/27/2020,GJT,CO,ANM,WE,Federal Contract Tower,16,24,8,0,48,0,0,15,0,15,16,24,23,0,63,6,0,6,69
12/28/2020,GJT,CO,ANM,WE,Federal Contract Tower,16,39,17,0,72,0,0,3,0,3,16,39,20,0,75,4,0,4,79
12/29/2020,GJT,CO,ANM,WE,Federal Contract Tower,27,33,10,3,73,0,0,8,0,8,27,33,18,3,81,24,0,24,105
12/30/2020,GJT,CO,ANM,WE,Federal Contract Tower,20,25,16,0,61,0,0,61,0,61,20,25,77,0,122,76,0,76,198
12/31/2020,GJT,CO,ANM,WE,Federal Contract Tower,18,19,11,0,48,0,1,43,0,44,18,20,54,0,92,66,0,66,158
01/01/2021,GJT,CO,ANM,WE,Federal Contract Tower,14,14,3,0,31,0,0,36,0,36,14,14,39,0,67,96,0,96,163
01/02/2021,GJT,CO,ANM,WE,Federal Contract Tower,17,23,2,0,42,0,0,23,0,23,17,23,25,0,65,6,0,6,71
01/03/2021,GJT,CO,ANM,WE,Federal Contract Tower,15,24,10,2,51,0,1,8,0,9,15,25,18,2,60,0,0,0,60
01/04/2021,GJT,CO,ANM,WE,Federal Contract Tower,15,20,9,4,48,0,0,24,0,24,15,20,33,4,72,50,6,56,128
01/05/2021,GJT,CO,ANM,WE,Federal Contract Tower,20,16,15,2,53,0,0,34,0,34,20,16,49,2,87,54,2,56,143
01/06/2021,GJT,CO,ANM,WE,Federal Contract Tower,16,17,18,5,56,0,0,76,1,77,16,17,94,6,133,128,6,134,267
01/07/2021,GJT,CO,ANM,WE,Federal Contract Tower,18,13,9,8,48,0,0,83,0,83,18,13,92,8,131,126,0,126,257
01/08/2021,GJT,CO,ANM,WE,Federal Contract Tower,18,13,17,0,48,0,0,51,0,51,18,13,68,0,99,70,0,70,169
01/09/2021,GJT,CO,ANM,WE,Federal Contract Tower,13,7,4,2,26,0,0,37,0,37,13,7,41,2,63,8,6,14,77
01/10/2021,GJT,CO,ANM,WE,Federal Contract Tower,16,18,7,3,44,0,0,26,0,26,16,18,33,3,70,14,0,14,84
01/11/2021,GJT,CO,ANM,WE,Federal Contract Tower,18,14,9,2,43,0,1,31,0,32,18,15,40,2,75,54,0,54,129
01/12/2021,GJT,CO,ANM,WE,Federal Contract Tower,17,14,13,2,46,0,2,43,2,47,17,16,56,4,93,60,0,60,153
01/13/2021,GJT,CO,ANM,WE,Federal Contract Tower,15,14,12,4,45,0,0,67,0,67,15,14,79,4,112,70,0,70,182
01/14/2021,GJT,CO,ANM,WE,Federal Contract Tower,17,14,10,6,47,0,0,61,0,61,17,14,71,6,108,108,0,108,216
01/15/2021,GJT,CO,ANM,WE,Federal Contract Tower,18,13,5,3,39,0,0,54,0,54,18,13,59,3,93,78,20,98,191
01/16/2021,GJT,CO,ANM,WE,Federal Contract Tower,15,8,9,0,32,0,0,48,1,49,15,8,57,1,81,18,6,24,105
01/17/2021,GJT,CO,ANM,WE,Federal Contract Tower,14,9,9,0,32,0,0,34,1,35,14,9,43,1,67,22,8,30,97
01/18/2021,GJT,CO,ANM,WE,Federal Contract Tower,18,12,7,0,37,0,0,44,1,45,18,12,51,1,82,70,0,70,152
01/19/2021,GJT,CO,ANM,WE,Federal Contract Tower,16,23,7,0,46,0,0,48,0,48,16,23,55,0,94,86,0,86,180
01/20/2021,GJT,CO,ANM,WE,Federal Contract Tower,17,16,13,8,54,0,0,71,3,74,17,16,84,11,128,172,46,218,346
01/21/2021,GJT,CO,ANM,WE,Federal Contract Tower,18,14,12,7,51,0,0,77,1,78,18,14,89,8,129,112,0,112,241
01/22/2021,GJT,CO,ANM,WE,Federal Contract Tower,18,14,11,6,49,0,0,49,1,50,18,14,60,7,99,102,8,110,209
01/23/2021,GJT,CO,ANM,WE,Federal Contract Tower,20,17,9,2,48,0,0,17,0,17,20,17,26,2,65,38,0,38,103
01/24/2021,GJT,CO,ANM,WE,Federal Contract Tower,18,18,3,0,39,0,0,4,0,4,18,18,7,0,43,0,0,0,43
01/25/2021,GJT,CO,ANM,WE,Federal Contract Tower,18,13,11,3,45,0,0,7,0,7,18,13,18,3,52,20,0,20,72
01/26/2021,GJT,CO,ANM,WE,Federal Contract Tower,14,17,12,2,45,0,0,18,0,18,14,17,30,2,63,40,0,40,103
01/27/2021,GJT,CO,ANM,WE,Federal Contract Tower,16,21,12,13,62,0,0,86,1,87,16,21,98,14,149,124,6,130,279
01/28/2021,GJT,CO,ANM,WE,Federal Contract Tower,18,20,12,0,50,0,0,76,1,77,18,20,88,1,127,108,0,108,235
01/29/2021,GJT,CO,ANM,WE,Federal Contract Tower,20,16,21,9,66,0,0,54,0,54,20,16,75,9,120,62,0,62,182
01/30/2021,GJT,CO,ANM,WE,Federal Contract Tower,16,10,11,4,41,0,0,37,2,39,16,10,48,6,80,60,18,78,158
01/31/2021,GJT,CO,ANM,WE,Federal Contract Tower,15,14,13,4,46,0,0,49,0,49,15,14,62,4,95,14,0,14,109
02/01/2021,GJT,CO,ANM,WE,Federal Contract Tower,17,14,14,4,49,0,0,33,0,33,17,14,47,4,82,66,0,66,148
02/02/2021,GJT,CO,ANM,WE,Federal Contract Tower,14,17,7,7,45,0,0,54,4,58,14,17,61,11,103,108,0,108,211
02/03/2021,GJT,CO,ANM,WE,Federal Contract Tower,24,14,15,6,59,0,0,19,0,19,24,14,34,6,78,30,2,32,110
02/04/2021,GJT,CO,ANM,WE,Federal Contract Tower,20,18,12,1,51,0,1,36,0,37,20,19,48,1,88,46,0,46,134
02/05/2021,GJT,CO,ANM,WE,Federal Contract Tower,35,20,14,11,80,0,0,66,0,66,35,20,80,11,146,84,0,84,230
02/06/2021,GJT,CO,ANM,WE,Federal Contract Tower,20,15,5,8,48,0,0,45,0,45,20,15,50,8,93,116,0,116,209
02/07/2021,GJT,CO,ANM,WE,Federal Contract Tower,19,9,4,0,32,0,1,14,0,15,19,10,18,0,47,0,0,0,47
02/08/2021,GJT,CO,ANM,WE,Federal Contract Tower,17,12,14,2,45,0,0,22,0,22,17,12,36,2,67,36,0,36,103
02/09/2021,GJT,CO,ANM,WE,Federal Contract Tower,21,21,14,2,58,0,0,29,0,29,21,21,43,2,87,50,0,50,137
02/10/2021,GJT,CO,ANM,WE,Federal Contract Tower,19,27,15,4,65,0,0,55,0,55,19,27,70,4,120,76,0,76,196
02/11/2021,GJT,CO,ANM,WE,Federal Contract Tower,17,28,12,3,60,0,0,59,4,63,17,28,71,7,123,84,6,90,213
02/12/2021,GJT,CO,ANM,WE,Federal Contract Tower,22,16,13,2,53,0,0,21,0,21,22,16,34,2,74,18,0,18,92
02/13/2021,GJT,CO,ANM,WE,Federal Contract Tower,18,24,10,1,53,0,0,0,0,0,18,24,10,1,53,0,0,0,53
02/14/2021,GJT,CO,ANM,WE,Federal Contract Tower,6,16,6,0,28,0,0,13,0,13,6,16,19,0,41,0,0,0,41
02/15/2021,GJT,CO,ANM,WE,Federal Contract Tower,14,15,14,0,43,0,0,49,0,49,14,15,63,0,92,78,0,78,170
02/16/2021,GJT,CO,ANM,WE,Federal Contract Tower,11,29,20,0,60,0,0,10,0,10,11,29,30,0,70,14,0,14,84
02/17/2021,GJT,CO,ANM,WE,Federal Contract Tower,9,32,6,0,47,0,0,1,0,1,9,32,7,0,48,0,0,0,48
02/18/2021,GJT,CO,ANM,WE,Federal Contract Tower,12,23,13,0,48,0,1,79,0,80,12,24,92,0,128,72,0,72,200
02/19/2021,GJT,CO,ANM,WE,Federal Contract Tower,18,24,16,1,59,0,0,64,3,67,18,24,80,4,126,114,2,116,242
02/20/2021,GJT,CO,ANM,WE,Federal Contract Tower,23,20,5,3,51,0,2,47,3,52,23,22,52,6,103,24,30,54,157
02/21/2021,GJT,CO,ANM,WE,Federal Contract Tower,23,21,9,7,60,0,2,46,1,49,23,23,55,8,109,46,8,54,163
02/22/2021,GJT,CO,ANM,WE,Federal Contract Tower,24,15,12,1,52,0,1,58,0,59,24,16,70,1,111,24,0,24,135
02/23/2021,GJT,CO,ANM,WE,Federal Contract Tower,17,23,11,0,51,0,0,63,0,63,17,23,74,0,114,88,0,88,202
02/24/2021,GJT,CO,ANM,WE,Federal Contract Tower,14,29,5,3,51,0,0,44,2,46,14,29,49,5,97,46,6,52,149
02/25/2021,GJT,CO,ANM,WE,Federal Contract Tower,27,24,11,3,65,0,0,67,3,70,27,24,78,6,135,84,18,102,237
02/26/2021,GJT,CO,ANM,WE,Federal Contract Tower,20,26,13,6,65,0,0,71,2,73,20,26,84,8,138,78,4,82,220
02/27/2021,GJT,CO,ANM,WE,Federal Contract Tower,30,18,14,9,71,0,0,14,2,16,30,18,28,11,87,22,0,22,109
02/28/2021,GJT,CO,ANM,WE,Federal Contract Tower,19,14,16,1,50,0,2,44,2,48,19,16,60,3,98,58,0,58,156
03/01/2021,GJT,CO,ANM,WE,Federal Contract Tower,20,20,20,5,65,0,0,57,0,57,20,20,77,5,122,88,0,88,210
03/02/2021,GJT,CO,ANM,WE,Federal Contract Tower,15,28,18,1,62,0,0,70,0,70,15,28,88,1,132,54,0,54,186
03/03/2021,GJT,CO,ANM,WE,Federal Contract Tower,14,22,19,2,57,0,0,77,0,77,14,22,96,2,134,130,0,130,264
03/04/2021,GJT,CO,ANM,WE,Federal Contract Tower,25,20,7,3,55,0,1,35,1,37,25,21,42,4,92,70,6,76,168
03/05/2021,GJT,CO,ANM,WE,Federal Contract Tower,16,26,19,9,70,0,0,76,2,78,16,26,95,11,148,56,0,56,204
03/06/2021,GJT,CO,ANM,WE,Federal Contract Tower,11,14,16,4,45,0,0,29,7,36,11,14,45,11,81,6,14,20,101
03/07/2021,GJT,CO,ANM,WE,Federal Contract Tower,9,19,8,0,36,0,0,51,4,55,9,19,59,4,91,34,6,40,131
03/08/2021,GJT,CO,ANM,WE,Federal Contract Tower,17,18,20,6,61,0,0,8,2,10,17,18,28,8,71,16,0,16,87
03/09/2021,GJT,CO,ANM,WE,Federal Contract Tower,13,21,12,2,48,0,0,22,0,22,13,21,34,2,70,12,0,12,82
03/10/2021,GJT,CO,ANM,WE,Federal Contract Tower,13,26,12,4,55,0,1,32,0,33,13,27,44,4,88,4,0,4,92
03/11/2021,GJT,CO,ANM,WE,Federal Contract Tower,12,32,16,0,60,0,0,17,0,17,12,32,33,0,77,4,0,4,81
03/12/2021,GJT,CO,ANM,WE,Federal Contract Tower,18,25,24,2,69,0,0,41,0,41,18,25,65,2,110,68,0,68,178
03/13/2021,GJT,CO,ANM,WE,Federal Contract Tower,22,31,16,0,69,0,0,3,0,3,22,31,19,0,72,10,0,10,82
03/14/2021,GJT,CO,ANM,WE,Federal Contract Tower,12,18,13,2,45,0,0,1,0,1,12,18,14,2,46,0,0,0,46
03/15/2021,GJT,CO,ANM,WE,Federal Contract Tower,19,22,22,1,64,0,1,62,1,64,19,23,84,2,128,88,0,88,216
03/16/2021,GJT,CO,ANM,WE,Federal Contract Tower,16,23,16,4,59,0,0,22,0,22,16,23,38,4,81,40,0,40,121
03/17/2021,GJT,CO,ANM,WE,Federal Contract Tower,13,23,23,0,59,0,1,76,0,77,13,24,99,0,136,90,0,90,226
03/18/2021,GJT,CO,ANM,WE,Federal Contract Tower,15,21,15,0,51,0,1,88,0,89,15,22,103,0,140,36,0,36,176
03/19/2021,GJT,CO,ANM,WE,Federal Contract Tower,23,23,16,9,71,0,0,91,0,91,23,23,107,9,162,44,0,44,206
03/20/2021,GJT,CO,ANM,WE,Federal Contract Tower,19,17,12,2,50,0,13,18,0,31,19,30,30,2,81,20,0,20,101
03/21/2021,GJT,CO,ANM,WE,Federal Contract Tower,13,22,13,4,52,0,0,20,1,21,13,22,33,5,73,24,12,36,109
03/22/2021,GJT,CO,ANM,WE,Federal Contract Tower,17,17,13,2,49,0,0,32,0,32,17,17,45,2,81,48,0,48,129
03/23/2021,GJT,CO,ANM,WE,Federal Contract Tower,13,29,18,0,60,0,0,18,0,18,13,29,36,0,78,30,0,30,108
03/24/2021,GJT,CO,ANM,WE,Federal Contract Tower,16,25,12,16,69,0,3,75,0,78,16,28,87,16,147,82,6,88,235
03/25/2021,GJT,CO,ANM,WE,Federal Contract Tower,16,22,18,0,56,0,0,23,0,23,16,22,41,0,79,30,0,30,109
03/26/2021,GJT,CO,ANM,WE,Federal Contract Tower,25,25,19,1,70,0,0,11,0,11,25,25,30,1,81,44,0,44,125
03/27/2021,GJT,CO,ANM,WE,Federal Contract Tower,14,21,7,3,45,0,11,81,0,92,14,32,88,3,137,68,0,68,205
03/28/2021,GJT,CO,ANM,WE,Federal Contract Tower,14,13,12,5,44,0,1,47,1,49,14,14,59,6,93,22,0,22,115
03/29/2021,GJT,CO,ANM,WE,Federal Contract Tower,24,16,22,2,64,0,1,29,0,30,24,17,51,2,94,48,0,48,142
03/30/2021,GJT,CO,ANM,WE,Federal Contract Tower,14,22,7,4,47,0,1,58,0,59,14,23,65,4,106,50,22,72,178
03/31/2021,GJT,CO,ANM,WE,Federal Contract Tower,15,20,11,5,51,0,2,102,2,106,15,22,113,7,157,138,2,140,297
04/01/2021,GJT,CO,ANM,WE,Federal Contract Tower,15,20,10,0,45,0,7,91,0,98,15,27,101,0,143,84,0,84,227
04/02/2021,GJT,CO,ANM,WE,Federal Contract Tower,21,21,5,2,49,0,0,70,0,70,21,21,75,2,119,116,0,116,235
04/03/2021,GJT,CO,ANM,WE,Federal Contract Tower,16,19,8,0,43,0,0,43,0,43,16,19,51,0,86,2,0,2,88
04/04/2021,GJT,CO,ANM,WE,Federal Contract Tower,12,13,1,0,26,0,1,43,0,44,12,14,44,0,70,68,0,68,138
04/05/2021,GJT,CO,ANM,WE,Federal Contract Tower,18,19,23,0,60,0,2,36,0,38,18,21,59,0,98,32,0,32,130
04/06/2021,GJT,CO,ANM,WE,Federal Contract Tower,17,14,8,0,39,0,2,11,0,13,17,16,19,0,52,0,0,0,52
04/07/2021,GJT,CO,ANM,WE,Federal Contract Tower,15,18,6,0,39,0,1,76,1,78,15,19,82,1,117,104,0,104,221
04/08/2021,GJT,CO,ANM,WE,Federal Contract Tower,15,22,7,4,48,0,0,55,0,55,15,22,62,4,103,32,0,32,135
04/09/2021,GJT,CO,ANM,WE,Federal Contract Tower,21,24,8,8,61,0,3,60,0,63,21,27,68,8,124,88,0,88,212
04/10/2021,GJT,CO,ANM,WE,Federal Contract Tower,14,14,11,0,39,0,0,45,0,45,14,14,56,0,84,12,0,12,96
04/11/2021,GJT,CO,ANM,WE,Federal Contract Tower,13,13,9,2,37,0,3,34,0,37,13,16,43,2,74,24,0,24,98
04/12/2021,GJT,CO,ANM,WE,Federal Contract Tower,22,17,7,0,46,0,1,36,0,37,22,18,43,0,83,46,0,46,129
04/13/2021,GJT,CO,ANM,WE,Federal Contract Tower,15,19,9,4,47,0,0,46,1,47,15,19,55,5,94,58,2,60,154
04/14/2021,GJT,CO,ANM,WE,Federal Contract Tower,19,21,10,0,50,0,2,21,3,26,19,23,31,3,76,20,0,20,96
04/15/2021,GJT,CO,ANM,WE,Federal Contract Tower,18,27,19,6,70,0,0,10,0,10,18,27,29,6,80,14,0,14,94
04/16/2021,GJT,CO,ANM,WE,Federal Contract Tower,21,27,18,3,69,0,0,51,1,52,21,27,69,4,121,74,18,92,213
04/17/2021,GJT,CO,ANM,WE,Federal Contract Tower,14,10,11,0,35,0,0,38,0,38,14,10,49,0,73,48,0,48,121
04/18/2021,GJT,CO,ANM,WE,Federal Contract Tower,13,15,8,2,38,0,1,35,1,37,13,16,43,3,75,18,10,28,103
04/19/2021,GJT,CO,ANM,WE,Federal Contract Tower,23,15,8,0,46,0,0,21,0,21,23,15,29,0,67,20,0,20,87
04/20/2021,GJT,CO,ANM,WE,Federal Contract Tower,19,19,14,3,55,0,1,35,1,37,19,20,49,4,92,48,0,48,140
04/21/2021,GJT,CO,ANM,WE,Federal Contract Tower,17,18,21,7,63,0,8,67,0,75,17,26,88,7,138,66,0,66,204
04/22/2021,GJT,CO,ANM,WE,Federal Contract Tower,20,18,12,0,50,0,3,41,0,44,20,21,53,0,94,22,0,22,116
04/23/2021,GJT,CO,ANM,WE,Federal Contract Tower,18,24,15,1,58,0,1,54,1,56,18,25,69,2,114,40,30,70,184
04/24/2021,GJT,CO,ANM,WE,Federal Contract Tower,22,14,10,2,48,0,3,50,2,55,22,17,60,4,103,20,0,20,123
04/25/2021,GJT,CO,ANM,WE,Federal Contract Tower,13,13,23,2,51,0,2,8,0,10,13,15,31,2,61,0,0,0,61
04/26/2021,GJT,CO,ANM,WE,Federal Contract Tower,20,22,10,0,52,0,0,8,0,8,20,22,18,0,60,0,0,0,60
04/27/2021,GJT,CO,ANM,WE,Federal Contract Tower,15,26,6,1,48,0,1,13,0,14,15,27,19,1,62,26,0,26,88
04/28/2021,GJT,CO,ANM,WE,Federal Contract Tower,15,21,10,3,49,0,7,62,2,71,15,28,72,5,120,40,0,40,160
04/29/2021,GJT,CO,ANM,WE,Federal Contract Tower,18,21,14,1,54,0,12,97,0,109,18,33,111,1,163,88,0,88,251
04/30/2021,GJT,CO,ANM,WE,Federal Contract Tower,19,21,16,8,64,0,4,79,2,85,19,25,95,10,149,74,0,74,223
05/01/2021,GJT,CO,ANM,WE,Federal Contract Tower,15,12,8,0,35,0,0,52,0,52,15,12,60,0,87,46,0,46,133
05/02/2021,GJT,CO,ANM,WE,Federal Contract Tower,18,12,11,3,44,0,0,18,0,18,18,12,29,3,62,0,0,0,62
05/03/2021,GJT,CO,ANM,WE,Federal Contract Tower,17,23,21,0,61,0,0,10,0,10,17,23,31,0,71,12,0,12,83
05/04/2021,GJT,CO,ANM,WE,Federal Contract Tower,15,18,21,5,59,0,0,72,4,76,15,18,93,9,135,38,4,42,177
05/05/2021,GJT,CO,ANM,WE,Federal Contract Tower,15,23,21,4,63,0,9,86,2,97,15,32,107,6,160,106,0,106,266
05/06/2021,GJT,CO,ANM,WE,Federal Contract Tower,14,16,7,4,41,0,8,99,4,111,14,24,106,8,152,90,14,104,256
05/07/2021,GJT,CO,ANM,WE,Federal Contract Tower,18,20,13,2,53,0,3,56,0,59,18,23,69,2,112,42,0,42,154
05/08/2021,GJT,CO,ANM,WE,Federal Contract Tower,12,11,8,4,35,0,2,38,4,44,12,13,46,8,79,44,12,56,135
05/09/2021,GJT,CO,ANM,WE,Federal Contract Tower,16,14,16,2,48,0,1,26,0,27,16,15,42,2,75,10,0,10,85
05/10/2021,GJT,CO,ANM,WE,Federal Contract Tower,18,19,22,2,61,0,0,14,0,14,18,19,36,2,75,18,0,18,93
05/11/2021,GJT,CO,ANM,WE,Federal Contract Tower,15,15,18,5,53,0,0,50,9,59,15,15,68,14,112,62,8,70,182
05/12/2021,GJT,CO,ANM,WE,Federal Contract Tower,15,19,20,12,66,0,64,1,0,65,15,83,21,12,131,86,0,86,217
05/13/2021,GJT,CO,ANM,WE,Federal Contract Tower,15,16,17,3,51,0,0,55,0,55,15,16,72,3,106,54,0,54,160
05/14/2021,GJT,CO,ANM,WE,Federal Contract Tower,20,22,14,4,60,0,0,67,0,67,20,22,81,4,127,84,0,84,211
05/15/2021,GJT,CO,ANM,WE,Federal Contract Tower,15,9,8,7,39,0,0,26,0,26,15,9,34,7,65,18,0,18,83
05/16/2021,GJT,CO,ANM,WE,Federal Contract Tower,14,13,14,0,41,0,3,36,0,39,14,16,50,0,80,32,0,32,112
05/17/2021,GJT,CO,ANM,WE,Federal Contract Tower,22,12,16,3,53,0,0,27,0,27,22,12,43,3,80,26,0,26,106
05/18/2021,GJT,CO,ANM,WE,Federal Contract Tower,14,20,17,2,53,0,0,39,0,39,14,20,56,2,92,14,0,14,106
05/19/2021,GJT,CO,ANM,WE,Federal Contract Tower,19,20,13,4,56,0,1,65,7,73,19,21,78,11,129,80,10,90,219
05/20/2021,GJT,CO,ANM,WE,Federal Contract Tower,14,21,17,6,58,0,3,31,3,37,14,24,48,9,95,10,2,12,107
05/21/2021,GJT,CO,ANM,WE,Federal Contract Tower,20,30,29,2,81,0,7,2,2,11,20,37,31,4,92,0,0,0,92
05/22/2021,GJT,CO,ANM,WE,Federal Contract Tower,29,20,18,0,67,0,7,29,0,36,29,27,47,0,103,20,0,20,123
05/23/2021,GJT,CO,ANM,WE,Federal Contract Tower,23,15,14,4,56,0,0,43,0,43,23,15,57,4,99,52,0,52,151
05/24/2021,GJT,CO,ANM,WE,Federal Contract Tower,23,15,13,7,58,0,0,38,0,38,23,15,51,7,96,52,32,84,180
05/25/2021,GJT,CO,ANM,WE,Federal Contract Tower,13,21,27,0,61,0,0,50,2,52,13,21,77,2,113,30,18,48,161
05/26/2021,GJT,CO,ANM,WE,Federal Contract Tower,15,24,22,4,65,0,7,63,2,72,15,31,85,6,137,26,0,26,163
05/27/2021,GJT,CO,ANM,WE,Federal Contract Tower,13,29,11,9,62,0,0,98,1,99,13,29,109,10,161,86,0,86,247
05/28/2021,GJT,CO,ANM,WE,Federal Contract Tower,18,16,15,1,50,0,0,77,0,77,18,16,92,1,127,50,0,50,177
05/29/2021,GJT,CO,ANM,WE,Federal Contract Tower,15,8,6,0,29,0,0,32,0,32,15,8,38,0,61,0,0,0,61
05/30/2021,GJT,CO,ANM,WE,Federal Contract Tower,19,14,7,0,40,0,4,11,0,15,19,18,18,0,55,18,0,18,73
05/31/2021,GJT,CO,ANM,WE,Federal Contract Tower,19,12,7,0,38,0,6,57,0,63,19,18,64,0,101,38,0,38,139
06/01/2021,GJT,CO,ANM,WE,Federal Contract Tower,14,17,18,6,55,0,2,43,2,47,14,19,61,8,102,16,8,24,126
06/02/2021,GJT,CO,ANM,WE,Federal Contract Tower,20,15,14,2,51,0,4,82,2,88,20,19,96,4,139,82,4,86,225
06/03/2021,GJT,CO,ANM,WE,Federal Contract Tower,17,20,18,5,60,0,2,71,3,76,17,22,89,8,136,50,12,62,198
06/04/2021,GJT,CO,ANM,WE,Federal Contract Tower,28,23,16,6,73,0,3,57,0,60,28,26,73,6,133,40,0,40,173
06/05/2021,GJT,CO,ANM,WE,Federal Contract Tower,17,15,6,2,40,0,5,89,3,97,17,20,95,5,137,30,10,40,177
06/06/2021,GJT,CO,ANM,WE,Federal Contract Tower,19,16,14,8,57,0,4,61,0,65,19,20,75,8,122,6,12,18,140
06/07/2021,GJT,CO,ANM,WE,Federal Contract Tower,31,23,20,6,80,0,0,39,0,39,31,23,59,6,119,30,0,30,149
06/08/2021,GJT,CO,ANM,WE,Federal Contract Tower,18,23,31,2,74,0,0,53,0,53,18,23,84,2,127,4,0,4,131
06/09/2021,GJT,CO,ANM,WE,Federal Contract Tower,21,25,12,0,58,0,6,139,0,145,21,31,151,0,203,38,0,38,241
06/10/2021,GJT,CO,ANM,WE,Federal Contract Tower,18,23,18,0,59,0,7,60,0,67,18,30,78,0,126,10,0,10,136
06/11/2021,GJT,CO,ANM,WE,Federal Contract Tower,20,23,13,16,72,0,6,88,0,94,20,29,101,16,166,58,0,58,224
06/12/2021,GJT,CO,ANM,WE,Federal Contract Tower,16,27,11,2,56,0,5,55,5,65,16,32,66,7,121,54,0,54,175
06/13/2021,GJT,CO,ANM,WE,Federal Contract Tower,17,20,15,9,61,0,4,59,0,63,17,24,74,9,124,26,0,26,150
06/14/2021,GJT,CO,ANM,WE,Federal Contract Tower,20,22,10,2,54,0,6,40,0,46,20,28,50,2,100,54,0,54,154
06/15/2021,GJT,CO,ANM,WE,Federal Contract Tower,20,22,24,1,67,0,1,66,1,68,20,23,90,2,135,36,0,36,171
06/16/2021,GJT,CO,ANM,WE,Federal Contract Tower,19,23,20,0,62,0,1,55,1,57,19,24,75,1,119,10,0,10,129
06/17/2021,GJT,CO,ANM,WE,Federal Contract Tower,21,29,17,2,69,0,0,48,0,48,21,29,65,2,117,48,0,48,165
06/18/2021,GJT,CO,ANM,WE,Federal Contract Tower,27,18,22,2,69,0,0,92,0,92,27,18,114,2,161,34,0,34,195
06/19/2021,GJT,CO,ANM,WE,Federal Contract Tower,24,15,14,0,53,0,2,73,0,75,24,17,87,0,128,2,0,2,130
06/20/2021,GJT,CO,ANM,WE,Federal Contract Tower,17,24,20,4,65,0,3,100,4,107,17,27,120,8,172,12,14,26,198
06/21/2021,GJT,CO,ANM,WE,Federal Contract Tower,24,22,18,5,69,0,2,103,0,105,24,24,121,5,174,30,0,30,204
06/22/2021,GJT,CO,ANM,WE,Federal Contract Tower,18,22,25,3,68,0,1,114,0,115,18,23,139,3,183,40,4,44,227
06/23/2021,GJT,CO,ANM,WE,Federal Contract Tower,20,26,17,2,65,0,4,100,1,105,20,30,117,3,170,10,18,28,198
06/24/2021,GJT,CO,ANM,WE,Federal Contract Tower,23,28,12,0,63,0,7,52,0,59,23,35,64,0,122,24,0,24,146
06/25/2021,GJT,CO,ANM,WE,Federal Contract Tower,25,28,12,2,67,0,3,50,0,53,25,31,62,2,120,8,0,8,128
06/26/2021,GJT,CO,ANM,WE,Federal Contract Tower,21,12,5,2,40,0,0,39,0,39,21,12,44,2,79,12,0,12,91
06/27/2021,GJT,CO,ANM,WE,Federal Contract Tower,20,14,20,2,56,0,5,60,0,65,20,19,80,2,121,18,0,18,139
06/28/2021,GJT,CO,ANM,WE,Federal Contract Tower,22,25,22,6,75,0,0,36,3,39,22,25,58,9,114,24,62,86,200
06/29/2021,GJT,CO,ANM,WE,Federal Contract Tower,18,29,18,6,71,0,1,33,2,36,18,30,51,8,107,12,0,12,119
06/30/2021,GJT,CO,ANM,WE,Federal Contract Tower,20,20,13,3,56,0,7,44,0,51,20,27,57,3,107,54,0,54,161
07/01/2021,GJT,CO,ANM,WE,Federal Contract Tower,21,29,19,6,75,0,4,68,0,72,21,33,87,6,147,40,0,40,187
07/02/2021,GJT,CO,ANM,WE,Federal Contract Tower,17,29,19,0,65,0,2,81,0,83,17,31,100,0,148,54,0,54,202
07/03/2021,GJT,CO,ANM,WE,Federal Contract Tower,21,20,10,0,51,0,2,54,0,56,21,22,64,0,107,8,0,8,115
07/04/2021,GJT,CO,ANM,WE,Federal Contract Tower,17,20,8,0,45,0,0,38,0,38,17,20,46,0,83,0,0,0,83
07/05/2021,GJT,CO,ANM,WE,Federal Contract Tower,16,20,16,2,54,0,0,40,3,43,16,20,56,5,97,2,4,6,103
07/06/2021,GJT,CO,ANM,WE,Federal Contract Tower,16,20,21,10,67,0,0,37,0,37,16,20,58,10,104,14,0,14,118
07/07/2021,GJT,CO,ANM,WE,Federal Contract Tower,17,21,18,3,59,0,0,62,0,62,17,21,80,3,121,24,0,24,145
07/08/2021,GJT,CO,ANM,WE,Federal Contract Tower,16,20,11,7,54,0,0,73,0,73,16,20,84,7,127,60,0,60,187
07/09/2021,GJT,CO,ANM,WE,Federal Contract Tower,24,21,3,9,57,0,1,46,0,47,24,22,49,9,104,24,0,24,128
07/10/2021,GJT,CO,ANM,WE,Federal Contract Tower,22,19,3,3,47,0,0,55,4,59,22,19,58,7,106,16,8,24,130
07/11/2021,GJT,CO,ANM,WE,Federal Contract Tower,19,15,15,4,53,0,3,39,0,42,19,18,54,4,95,56,0,56,151
07/12/2021,GJT,CO,ANM,WE,Federal Contract Tower,20,15,8,11,54,0,4,32,0,36,20,19,40,11,90,56,0,56,146
07/13/2021,GJT,CO,ANM,WE,Federal Contract Tower,20,19,26,3,68,0,0,43,0,43,20,19,69,3,111,48,0,48,159
07/14/2021,GJT,CO,ANM,WE,Federal Contract Tower,17,24,20,3,64,0,0,40,1,41,17,24,60,4,105,44,16,60,165
07/15/2021,GJT,CO,ANM,WE,Federal Contract Tower,16,22,20,4,62,0,0,85,1,86,16,22,105,5,148,60,8,68,216
07/16/2021,GJT,CO,ANM,WE,Federal Contract Tower,19,27,18,5,69,0,0,75,0,75,19,27,93,5,144,46,34,80,224
07/17/2021,GJT,CO,ANM,WE,Federal Contract Tower,25,25,18,2,70,0,0,51,2,53,25,25,69,4,123,6,16,22,145
07/18/2021,GJT,CO,ANM,WE,Federal Contract Tower,16,20,7,3,46,0,2,34,0,36,16,22,41,3,82,26,0,26,108
07/19/2021,GJT,CO,ANM,WE,Federal Contract Tower,17,15,23,2,57,0,1,52,0,53,17,16,75,2,110,88,0,88,198
07/20/2021,GJT,CO,ANM,WE,Federal Contract Tower,17,17,17,2,53,0,1,57,0,58,17,18,74,2,111,20,0,20,131
07/21/2021,GJT,CO,ANM,WE,Federal Contract Tower,16,19,19,4,58,0,2,91,0,93,16,21,110,4,151,106,0,106,257
07/22/2021,GJT,CO,ANM,WE,Federal Contract Tower,16,26,14,8,64,0,2,64,1,67,16,28,78,9,131,42,0,42,173
07/23/2021,GJT,CO,ANM,WE,Federal Contract Tower,19,31,17,11,78,0,0,57,1,58,19,31,74,12,136,52,0,52,188
07/24/2021,GJT,CO,ANM,WE,Federal Contract Tower,17,23,13,4,57,0,5,53,0,58,17,28,66,4,115,30,0,30,145
07/25/2021,GJT,CO,ANM,WE,Federal Contract Tower,18,22,17,2,59,0,0,26,0,26,18,22,43,2,85,14,0,14,99
07/26/2021,GJT,CO,ANM,WE,Federal Contract Tower,22,21,10,0,53,0,1,70,0,71,22,22,80,0,124,42,0,42,166
07/27/2021,GJT,CO,ANM,WE,Federal Contract Tower,16,20,14,4,54,0,0,56,2,58,16,20,70,6,112,40,34,74,186
07/28/2021,GJT,CO,ANM,WE,Federal Contract Tower,17,32,16,4,69,0,3,57,0,60,17,35,73,4,129,50,0,50,179
07/29/2021,GJT,CO,ANM,WE,Federal Contract Tower,15,29,28,0,72,0,7,121,0,128,15,36,149,0,200,52,0,52,252
07/30/2021,GJT,CO,ANM,WE,Federal Contract Tower,18,28,19,0,65,0,0,85,0,85,18,28,104,0,150,20,0,20,170
07/31/2021,GJT,CO,ANM,WE,Federal Contract Tower,16,19,8,12,55,0,0,65,0,65,16,19,73,12,120,38,0,38,158
08/01/2021,GJT,CO,ANM,WE,Federal Contract Tower,22,16,17,0,55,0,1,32,0,33,22,17,49,0,88,6,0,6,94
08/02/2021,GJT,CO,ANM,WE,Federal Contract Tower,26,23,9,4,62,0,1,22,0,23,26,24,31,4,85,18,10,28,113
08/03/2021,GJT,CO,ANM,WE,Federal Contract Tower,22,29,11,0,62,0,0,33,0,33,22,29,44,0,95,62,0,62,157
08/04/2021,GJT,CO,ANM,WE,Federal Contract Tower,26,24,15,0,65,2,7,73,2,84,28,31,88,2,149,62,0,62,211
08/05/2021,GJT,CO,ANM,WE,Federal Contract Tower,23,25,19,3,70,0,3,75,0,78,23,28,94,3,148,54,0,54,202
08/06/2021,GJT,CO,ANM,WE,Federal Contract Tower,27,21,21,10,79,0,1,67,0,68,27,22,88,10,147,32,6,38,185
08/07/2021,GJT,CO,ANM,WE,Federal Contract Tower,18,23,18,7,66,0,1,30,1,32,18,24,48,8,98,16,0,16,114
08/08/2021,GJT,CO,ANM,WE,Federal Contract Tower,25,20,14,1,60,0,0,8,0,8,25,20,22,1,68,8,0,8,76
08/09/2021,GJT,CO,ANM,WE,Federal Contract Tower,25,22,16,3,66,0,4,56,3,63,25,26,72,6,129,50,0,50,179
08/10/2021,GJT,CO,ANM,WE,Federal Contract Tower,21,25,19,0,65,0,0,45,1,46,21,25,64,1,111,24,0,24,135
08/11/2021,GJT,CO,ANM,WE,Federal Contract Tower,24,14,8,2,48,0,5,69,0,74,24,19,77,2,122,58,0,58,180
08/12/2021,GJT,CO,ANM,WE,Federal Contract Tower,28,21,13,2,64,0,3,75,0,78,28,24,88,2,142,34,4,38,180
08/13/2021,GJT,CO,ANM,WE,Federal Contract Tower,20,27,19,11,77,0,3,78,2,83,20,30,97,13,160,76,38,114,274
08/14/2021,GJT,CO,ANM,WE,Federal Contract Tower,20,22,10,2,54,0,4,67,0,71,20,26,77,2,125,44,4,48,173
08/15/2021,GJT,CO,ANM,WE,Federal Contract Tower,24,15,15,1,55,0,0,34,0,34,24,15,49,1,89,28,0,28,117
08/16/2021,GJT,CO,ANM,WE,Federal Contract Tower,19,23,32,2,76,0,0,35,2,37,19,23,67,4,113,32,8,40,153
08/17/2021,GJT,CO,ANM,WE,Federal Contract Tower,13,25,29,4,71,0,0,49,1,50,13,25,78,5,121,30,4,34,155
08/18/2021,GJT,CO,ANM,WE,Federal Contract Tower,20,21,9,2,52,0,0,30,5,35,20,21,39,7,87,30,0,30,117
08/19/2021,GJT,CO,ANM,WE,Federal Contract Tower,23,25,13,2,63,0,0,4,0,4,23,25,17,2,67,10,0,10,77
08/20/2021,GJT,CO,ANM,WE,Federal Contract Tower,21,32,23,9,85,0,0,61,3,64,21,32,84,12,149,52,8,60,209
08/21/2021,GJT,CO,ANM,WE,Federal Contract Tower,20,23,13,2,58,0,0,56,2,58,20,23,69,4,116,52,2,54,170
08/22/2021,GJT,CO,ANM,WE,Federal Contract Tower,18,20,19,0,57,0,2,52,0,54,18,22,71,0,111,40,0,40,151
08/23/2021,GJT,CO,ANM,WE,Federal Contract Tower,24,26,15,0,65,0,1,46,0,47,24,27,61,0,112,34,0,34,146
08/24/2021,GJT,CO,ANM,WE,Federal Contract Tower,19,23,19,0,61,0,1,70,0,71,19,24,89,0,132,56,0,56,188
08/25/2021,GJT,CO,ANM,WE,Federal Contract Tower,28,19,16,0,63,0,3,86,2,91,28,22,102,2,154,24,0,24,178
08/26/2021,GJT,CO,ANM,WE,Federal Contract Tower,19,23,22,1,65,0,2,29,0,31,19,25,51,1,96,8,0,8,104
08/27/2021,GJT,CO,ANM,WE,Federal Contract Tower,20,22,18,14,74,0,6,79,1,86,20,28,97,15,160,44,0,44,204
08/28/2021,GJT,CO,ANM,WE,Federal Contract Tower,16,16,9,3,44,0,3,70,5,78,16,19,79,8,122,16,4,20,142
08/29/2021,GJT,CO,ANM,WE,Federal Contract Tower,19,18,13,2,52,0,2,45,0,47,19,20,58,2,99,42,0,42,141
08/30/2021,GJT,CO,ANM,WE,Federal Contract Tower,22,18,11,3,54,0,0,45,0,45,22,18,56,3,99,8,0,8,107
08/31/2021,GJT,CO,ANM,WE,Federal Contract Tower,17,25,12,7,61,0,1,70,4,75,17,26,82,11,136,78,12,90,226
09/01/2021,GJT,CO,ANM,WE,Federal Contract Tower,25,19,25,2,71,0,0,9,0,9,25,19,34,2,80,8,0,8,88
09/02/2021,GJT,CO,ANM,WE,Federal Contract Tower,23,30,21,9,83,0,0,43,1,44,23,30,64,10,127,66,4,70,197
09/03/2021,GJT,CO,ANM,WE,Federal Contract Tower,34,23,17,0,74,0,0,68,0,68,34,23,85,0,142,54,0,54,196
09/04/2021,GJT,CO,ANM,WE,Federal Contract Tower,16,18,5,0,39,0,0,60,0,60,16,18,65,0,99,34,0,34,133
09/05/2021,GJT,CO,ANM,WE,Federal Contract Tower,22,17,8,0,47,0,0,36,0,36,22,17,44,0,83,66,0,66,149
09/06/2021,GJT,CO,ANM,WE,Federal Contract Tower,20,23,18,0,61,0,2,58,0,60,20,25,76,0,121,36,0,36,157
09/07/2021,GJT,CO,ANM,WE,Federal Contract Tower,21,14,17,2,54,0,1,57,0,58,21,15,74,2,112,112,0,112,224
09/08/2021,GJT,CO,ANM,WE,Federal Contract Tower,19,17,19,0,55,0,1,69,2,72,19,18,88,2,127,102,0,102,229
09/09/2021,GJT,CO,ANM,WE,Federal Contract Tower,21,27,13,4,65,0,1,80,0,81,21,28,93,4,146,96,0,96,242
09/10/2021,GJT,CO,ANM,WE,Federal Contract Tower,24,25,23,1,73,0,0,79,3,82,24,25,102,4,155,108,8,116,271
09/11/2021,GJT,CO,ANM,WE,Federal Contract Tower,19,14,11,0,44,0,1,51,0,52,19,15,62,0,96,40,0,40,136
09/12/2021,GJT,CO,ANM,WE,Federal Contract Tower,20,22,6,0,48,0,0,55,0,55,20,22,61,0,103,86,0,86,189
09/13/2021,GJT,CO,ANM,WE,Federal Contract Tower,22,17,16,1,56,0,0,36,0,36,22,17,52,1,92,30,0,30,122
09/14/2021,GJT,CO,ANM,WE,Federal Contract Tower,18,24,17,6,65,0,1,68,0,69,18,25,85,6,134,72,0,72,206
09/15/2021,GJT,CO,ANM,WE,Federal Contract Tower,18,21,15,4,58,0,7,103,0,110,18,28,118,4,168,42,0,42,210
09/16/2021,GJT,CO,ANM,WE,Federal Contract Tower,22,34,18,0,74,0,0,69,0,69,22,34,87,0,143,34,0,34,177
09/17/2021,GJT,CO,ANM,WE,Federal Contract Tower,27,36,22,22,107,0,3,92,5,100,27,39,114,27,207,100,4,104,311
09/18/2021,GJT,CO,ANM,WE,Federal Contract Tower,17,16,17,2,52,0,1,44,0,45,17,17,61,2,97,12,0,12,109
09/19/2021,GJT,CO,ANM,WE,Federal Contract Tower,20,18,16,3,57,0,0,19,0,19,20,18,35,3,76,20,0,20,96
09/20/2021,GJT,CO,ANM,WE,Federal Contract Tower,22,21,21,1,65,0,2,53,2,57,22,23,74,3,122,62,0,62,184
09/21/2021,GJT,CO,ANM,WE,Federal Contract Tower,18,24,18,0,60,0,1,68,2,71,18,25,86,2,131,104,24,128,259
09/22/2021,GJT,CO,ANM,WE,Federal Contract Tower,15,28,8,2,53,0,0,78,2,80,15,28,86,4,133,20,22,42,175
09/23/2021,GJT,CO,ANM,WE,Federal Contract Tower,23,25,24,4,76,0,0,69,2,71,23,25,93,6,147,76,6,82,229
09/24/2021,GJT,CO,ANM,WE,Federal Contract Tower,25,22,20,0,67,0,1,71,0,72,25,23,91,0,139,46,0,46,185
09/25/2021,GJT,CO,ANM,WE,Federal Contract Tower,18,18,14,0,50,0,0,52,0,52,18,18,66,0,102,52,0,52,154
09/26/2021,GJT,CO,ANM,WE,Federal Contract Tower,19,21,9,16,65,0,2,49,0,51,19,23,58,16,116,32,0,32,148
09/27/2021,GJT,CO,ANM,WE,Federal Contract Tower,29,23,21,2,75,0,2,59,0,61,29,25,80,2,136,56,0,56,192
09/28/2021,GJT,CO,ANM,WE,Federal Contract Tower,18,25,21,1,65,0,0,44,0,44,18,25,65,1,109,8,0,8,117
09/29/2021,GJT,CO,ANM,WE,Federal Contract Tower,28,25,22,0,75,0,0,7,0,7,28,25,29,0,82,24,0,24,106
09/30/2021,GJT,CO,ANM,WE,Federal Contract Tower,22,23,19,2,66,0,1,37,0,38,22,24,56,2,104,60,0,60,164
10/01/2021,GJT,CO,ANM,WE,Federal Contract Tower,23,30,20,3,76,0,1,69,0,70,23,31,89,3,146,68,0,68,214
10/02/2021,GJT,CO,ANM,WE,Federal Contract Tower,19,18,16,0,53,0,3,32,0,35,19,21,48,0,88,18,0,18,106
10/03/2021,GJT,CO,ANM,WE,Federal Contract Tower,20,11,8,3,42,0,2,28,0,30,20,13,36,3,72,20,0,20,92
10/04/2021,GJT,CO,ANM,WE,Federal Contract Tower,21,19,18,6,64,0,1,46,0,47,21,20,64,6,111,54,2,56,167
10/05/2021,GJT,CO,ANM,WE,Federal Contract Tower,17,23,8,2,50,0,1,62,1,64,17,24,70,3,114,70,12,82,196
10/06/2021,GJT,CO,ANM,WE,Federal Contract Tower,19,24,18,3,64,0,1,40,0,41,19,25,58,3,105,72,0,72,177
10/07/2021,GJT,CO,ANM,WE,Federal Contract Tower,23,21,19,6,69,0,4,95,5,104,23,25,114,11,173,146,0,146,319
10/08/2021,GJT,CO,ANM,WE,Federal Contract Tower,21,17,23,2,63,0,0,37,0,37,21,17,60,2,100,4,0,4,104
10/09/2021,GJT,CO,ANM,WE,Federal Contract Tower,18,13,13,0,44,0,0,36,0,36,18,13,49,0,80,30,0,30,110
10/10/2021,GJT,CO,ANM,WE,Federal Contract Tower,15,18,11,0,44,0,0,42,0,42,15,18,53,0,86,50,0,50,136
10/11/2021,GJT,CO,ANM,WE,Federal Contract Tower,22,18,16,4,60,0,0,24,1,25,22,18,40,5,85,30,0,30,115
10/12/2021,GJT,CO,ANM,WE,Federal Contract Tower,21,18,17,4,60,0,0,6,0,6,21,18,23,4,66,22,0,22,88
10/13/2021,GJT,CO,ANM,WE,Federal Contract Tower,15,25,16,3,59,0,2,31,0,33,15,27,47,3,92,34,0,34,126
10/14/2021,GJT,CO,ANM,WE,Federal Contract Tower,25,25,19,4,73,0,0,9,0,9,25,25,28,4,82,0,0,0,82
10/15/2021,GJT,CO,ANM,WE,Federal Contract Tower,23,16,20,15,74,0,2,38,2,42,23,18,58,17,116,36,2,38,154
10/16/2021,GJT,CO,ANM,WE,Federal Contract Tower,18,12,13,4,47,0,4,54,1,59,18,16,67,5,106,60,0,60,166
10/17/2021,GJT,CO,ANM,WE,Federal Contract Tower,20,17,21,5,63,0,1,64,2,67,20,18,85,7,130,38,0,38,168
10/18/2021,GJT,CO,ANM,WE,Federal Contract Tower,18,18,14,2,52,0,0,33,0,33,18,18,47,2,85,28,0,28,113
10/19/2021,GJT,CO,ANM,WE,Federal Contract Tower,18,21,9,0,48,0,1,45,0,46,18,22,54,0,94,72,0,72,166
10/20/2021,GJT,CO,ANM,WE,Federal Contract Tower,17,23,19,4,63,0,3,82,0,85,17,26,101,4,148,36,0,36,184
10/21/2021,GJT,CO,ANM,WE,Federal Contract Tower,16,20,13,6,55,0,1,74,0,75,16,21,87,6,130,142,0,142,272
10/22/2021,GJT,CO,ANM,WE,Federal Contract Tower,23,20,14,11,68,0,1,73,0,74,23,21,87,11,142,96,0,96,238
10/23/2021,GJT,CO,ANM,WE,Federal Contract Tower,14,17,10,4,45,0,0,44,0,44,14,17,54,4,89,80,4,84,173
10/24/2021,GJT,CO,ANM,WE,Federal Contract Tower,17,13,12,4,46,0,0,39,0,39,17,13,51,4,85,36,0,36,121
10/25/2021,GJT,CO,ANM,WE,Federal Contract Tower,26,20,13,0,59,0,0,38,0,38,26,20,51,0,97,4,0,4,101
10/26/2021,GJT,CO,ANM,WE,Federal Contract Tower,15,20,1,0,36,0,0,0,0,0,15,20,1,0,36,0,0,0,36
10/27/2021,GJT,CO,ANM,WE,Federal Contract Tower,19,21,19,1,60,0,0,92,0,92,19,21,111,1,152,150,0,150,302
10/28/2021,GJT,CO,ANM,WE,Federal Contract Tower,23,17,14,5,59,0,5,68,0,73,23,22,82,5,132,68,0,68,200
10/29/2021,GJT,CO,ANM,WE,Federal Contract Tower,24,18,20,0,62,0,0,90,1,91,24,18,110,1,153,114,16,130,283
10/30/2021,GJT,CO,ANM,WE,Federal Contract Tower,14,16,12,3,45,0,0,66,0,66,14,16,78,3,111,116,0,116,227
10/31/2021,GJT,CO,ANM,WE,Federal Contract Tower,16,13,19,2,50,0,2,45,0,47,16,15,64,2,97,62,0,62,159
11/01/2021,GJT,CO,ANM,WE,Federal Contract Tower,18,27,16,0,61,0,2,46,0,48,18,29,62,0,109,38,0,38,147
11/02/2021,GJT,CO,ANM,WE,Federal Contract Tower,18,22,10,0,50,0,0,21,0,21,18,22,31,0,71,46,0,46,117
11/03/2021,GJT,CO,ANM,WE,Federal Contract Tower,14,21,15,5,55,0,1,38,0,39,14,22,53,5,94,26,0,26,120
11/04/2021,GJT,CO,ANM,WE,Federal Contract Tower,16,22,14,8,60,0,0,57,0,57,16,22,71,8,117,76,0,76,193
11/05/2021,GJT,CO,ANM,WE,Federal Contract Tower,20,19,17,14,70,0,0,49,0,49,20,19,66,14,119,36,0,36,155
11/06/2021,GJT,CO,ANM,WE,Federal Contract Tower,9,15,14,2,40,0,0,56,0,56,9,15,70,2,96,14,0,14,110
11/07/2021,GJT,CO,ANM,WE,Federal Contract Tower,18,14,13,3,48,0,0,49,0,49,18,14,62,3,97,20,0,20,117
11/08/2021,GJT,CO,ANM,WE,Federal Contract Tower,21,19,19,1,60,0,1,51,1,53,21,20,70,2,113,68,0,68,181
11/09/2021,GJT,CO,ANM,WE,Federal Contract Tower,14,17,18,2,51,0,1,27,0,28,14,18,45,2,79,60,0,60,139
11/10/2021,GJT,CO,ANM,WE,Federal Contract Tower,15,21,10,4,50,0,0,25,0,25,15,21,35,4,75,14,0,14,89
11/11/2021,GJT,CO,ANM,WE,Federal Contract Tower,15,21,26,0,62,0,3,67,0,70,15,24,93,0,132,64,0,64,196
11/12/2021,GJT,CO,ANM,WE,Federal Contract Tower,18,24,18,1,61,0,2,54,0,56,18,26,72,1,117,54,0,54,171
11/13/2021,GJT,CO,ANM,WE,Federal Contract Tower,12,20,12,1,45,0,0,41,1,42,12,20,53,2,87,4,6,10,97
11/14/2021,GJT,CO,ANM,WE,Federal Contract Tower,15,13,10,1,39,0,4,31,0,35,15,17,41,1,74,32,0,32,106
11/15/2021,GJT,CO,ANM,WE,Federal Contract Tower,20,17,14,2,53,0,2,61,0,63,20,19,75,2,116,122,0,122,238
11/16/2021,GJT,CO,ANM,WE,Federal Contract Tower,13,27,24,3,67,0,2,59,1,62,13,29,83,4,129,90,2,92,221
11/17/2021,GJT,CO,ANM,WE,Federal Contract Tower,12,26,18,5,61,0,1,70,1,72,12,27,88,6,133,130,0,130,263
11/18/2021,GJT,CO,ANM,WE,Federal Contract Tower,18,27,19,5,69,0,0,64,0,64,18,27,83,5,133,100,0,100,233
11/19/2021,GJT,CO,ANM,WE,Federal Contract Tower,14,27,28,18,87,0,1,58,0,59,14,28,86,18,146,96,0,96,242
11/20/2021,GJT,CO,ANM,WE,Federal Contract Tower,13,16,11,12,52,0,0,36,2,38,13,16,47,14,90,34,0,34,124
11/21/2021,GJT,CO,ANM,WE,Federal Contract Tower,16,14,4,4,38,0,2,57,0,59,16,16,61,4,97,50,0,50,147
11/22/2021,GJT,CO,ANM,WE,Federal Contract Tower,16,14,9,3,42,0,1,63,0,64,16,15,72,3,106,76,0,76,182
11/23/2021,GJT,CO,ANM,WE,Federal Contract Tower,18,20,17,7,62,0,0,91,0,91,18,20,108,7,153,154,0,154,307
11/24/2021,GJT,CO,ANM,WE,Federal Contract Tower,16,30,18,2,66,0,0,47,0,47,16,30,65,2,113,36,6,42,155
11/25/2021,GJT,CO,ANM,WE,Federal Contract Tower,9,11,4,0,24,0,6,15,0,21,9,17,19,0,45,18,0,18,63
11/26/2021,GJT,CO,ANM,WE,Federal Contract Tower,12,17,4,0,33,0,1,22,0,23,12,18,26,0,56,26,0,26,82
11/27/2021,GJT,CO,ANM,WE,Federal Contract Tower,19,15,8,0,42,0,5,47,0,52,19,20,55,0,94,48,0,48,142
11/28/2021,GJT,CO,ANM,WE,Federal Contract Tower,15,19,15,0,49,0,5,50,0,55,15,24,65,0,104,10,0,10,114
11/29/2021,GJT,CO,ANM,WE,Federal Contract Tower,16,24,15,2,57,0,1,46,3,50,16,25,61,5,107,104,2,106,213
11/30/2021,GJT,CO,ANM,WE,Federal Contract Tower,15,28,16,4,63,0,4,46,0,50,15,32,62,4,113,62,0,62,175
12/01/2021,GJT,CO,ANM,WE,Federal Contract Tower,15,23,12,2,52,0,2,53,0,55,15,25,65,2,107,56,0,56,163
12/02/2021,GJT,CO,ANM,WE,Federal Contract Tower,18,27,9,5,59,0,1,57,0,58,18,28,66,5,117,92,0,92,209
12/03/2021,GJT,CO,ANM,WE,Federal Contract Tower,13,29,19,8,69,0,1,66,0,67,13,30,85,8,136,66,0,66,202
12/04/2021,GJT,CO,ANM,WE,Federal Contract Tower,11,18,10,13,52,0,1,60,9,70,11,19,70,22,122,46,16,62,184
12/05/2021,GJT,CO,ANM,WE,Federal Contract Tower,13,13,13,0,39,0,3,39,0,42,13,16,52,0,81,12,0,12,93
12/06/2021,GJT,CO,ANM,WE,Federal Contract Tower,14,21,17,4,56,0,4,37,2,43,14,25,54,6,99,70,0,70,169
12/07/2021,GJT,CO,ANM,WE,Federal Contract Tower,17,21,12,0,50,0,1,16,0,17,17,22,28,0,67,54,0,54,121
12/08/2021,GJT,CO,ANM,WE,Federal Contract Tower,14,20,15,3,52,0,0,7,1,8,14,20,22,4,60,16,16,32,92
12/09/2021,GJT,CO,ANM,WE,Federal Contract Tower,21,34,15,0,70,0,0,2,0,2,21,34,17,0,72,0,0,0,72
12/10/2021,GJT,CO,ANM,WE,Federal Contract Tower,18,24,18,0,60,0,2,9,0,11,18,26,27,0,71,0,0,0,71
12/11/2021,GJT,CO,ANM,WE,Federal Contract Tower,11,18,16,0,45,0,5,89,3,97,11,23,105,3,142,24,0,24,166
12/12/2021,GJT,CO,ANM,WE,Federal Contract Tower,16,20,11,0,47,0,0,53,0,53,16,20,64,0,100,54,0,54,154
12/13/2021,GJT,CO,ANM,WE,Federal Contract Tower,11,20,33,1,65,0,3,44,0,47,11,23,77,1,112,64,0,64,176
12/14/2021,GJT,CO,ANM,WE,Federal Contract Tower,16,19,12,2,49,0,0,20,0,20,16,19,32,2,69,8,0,8,77
12/16/2021,GJT,CO,ANM,WE,Federal Contract Tower,24,24,11,7,66,0,0,57,0,57,24,24,68,7,123,44,0,44,167
12/17/2021,GJT,CO,ANM,WE,Federal Contract Tower,17,33,18,4,72,0,4,60,0,64,17,37,78,4,136,28,0,28,164
12/18/2021,GJT,CO,ANM,WE,Federal Contract Tower,13,17,12,4,46,0,5,50,4,59,13,22,62,8,105,50,8,58,163
12/19/2021,GJT,CO,ANM,WE,Federal Contract Tower,17,19,13,0,49,0,1,54,0,55,17,20,67,0,104,14,0,14,118
12/20/2021,GJT,CO,ANM,WE,Federal Contract Tower,10,24,9,1,44,0,5,50,0,55,10,29,59,1,99,76,4,80,179
12/21/2021,GJT,CO,ANM,WE,Federal Contract Tower,14,25,15,0,54,0,1,58,3,62,14,26,73,3,116,48,22,70,186
12/22/2021,GJT,CO,ANM,WE,Federal Contract Tower,14,38,18,5,75,0,1,49,2,52,14,39,67,7,127,36,0,36,163
12/23/2021,GJT,CO,ANM,WE,Federal Contract Tower,17,29,20,3,69,0,0,21,0,21,17,29,41,3,90,16,0,16,106
12/24/2021,GJT,CO,ANM,WE,Federal Contract Tower,13,62,36,0,111,0,0,0,0,0,13,62,36,0,111,0,0,0,111
12/25/2021,GJT,CO,ANM,WE,Federal Contract Tower,8,30,5,0,43,0,6,12,0,18,8,36,17,0,61,26,0,26,87
12/26/2021,GJT,CO,ANM,WE,Federal Contract Tower,23,57,73,0,153,0,1,5,0,6,23,58,78,0,159,0,0,0,159
12/27/2021,GJT,CO,ANM,WE,Federal Contract Tower,21,59,92,0,172,0,0,4,0,4,21,59,96,0,176,8,0,8,184
12/28/2021,GJT,CO,ANM,WE,Federal Contract Tower,20,78,54,0,152,0,0,0,0,0,20,78,54,0,152,0,0,0,152
12/29/2021,GJT,CO,ANM,WE,Federal Contract Tower,13,59,36,0,108,0,0,0,2,2,13,59,36,2,110,0,0,0,110
12/30/2021,GJT,CO,ANM,WE,Federal Contract Tower,20,44,26,2,92,0,0,10,0,10,20,44,36,2,102,10,4,14,116
12/31/2021,GJT,CO,ANM,WE,Federal Contract Tower,10,60,20,0,90,0,0,0,0,0,10,60,20,0,90,0,0,0,90
01/01/2022,GJT,CO,ANM,WE,Federal Contract Tower,4,52,22,0,78,0,0,11,0,11,4,52,33,0,89,0,0,0,89
01/02/2022,GJT,CO,ANM,WE,Federal Contract Tower,13,36,20,0,69,0,0,29,0,29,13,36,49,0,98,10,0,10,108
01/03/2022,GJT,CO,ANM,WE,Federal Contract Tower,10,23,35,0,68,0,0,46,0,46,10,23,81,0,114,12,0,12,126
01/04/2022,GJT,CO,ANM,WE,Federal Contract Tower,13,32,13,0,58,0,2,51,0,53,13,34,64,0,111,58,0,58,169
01/05/2022,GJT,CO,ANM,WE,Federal Contract Tower,10,26,16,0,52,0,1,51,0,52,10,27,67,0,104,98,0,98,202
01/06/2022,GJT,CO,ANM,WE,Federal Contract Tower,14,24,13,0,51,0,0,43,0,43,14,24,56,0,94,60,0,60,154
01/07/2022,GJT,CO,ANM,WE,Federal Contract Tower,10,28,17,3,58,0,3,50,0,53,10,31,67,3,111,38,0,38,149
01/08/2022,GJT,CO,ANM,WE,Federal Contract Tower,18,32,17,0,67,0,1,12,1,14,18,33,29,1,81,30,0,30,111
01/09/2022,GJT,CO,ANM,WE,Federal Contract Tower,15,15,12,4,46,0,0,52,0,52,15,15,64,4,98,26,0,26,124
01/10/2022,GJT,CO,ANM,WE,Federal Contract Tower,12,15,21,0,48,0,1,43,0,44,12,16,64,0,92,20,0,20,112
01/11/2022,GJT,CO,ANM,WE,Federal Contract Tower,10,18,4,0,32,0,0,53,0,53,10,18,57,0,85,46,0,46,131
01/12/2022,GJT,CO,ANM,WE,Federal Contract Tower,11,13,20,2,46,0,3,54,0,57,11,16,74,2,103,70,0,70,173
01/13/2022,GJT,CO,ANM,WE,Federal Contract Tower,16,13,12,10,51,0,0,67,2,69,16,13,79,12,120,108,0,108,228
01/14/2022,GJT,CO,ANM,WE,Federal Contract Tower,8,20,13,12,53,0,3,46,2,51,8,23,59,14,104,58,8,66,170
01/15/2022,GJT,CO,ANM,WE,Federal Contract Tower,9,8,11,3,31,0,2,47,2,51,9,10,58,5,82,70,6,76,158
01/16/2022,GJT,CO,ANM,WE,Federal Contract Tower,13,9,7,0,29,0,3,37,1,41,13,12,44,1,70,0,6,6,76
01/17/2022,GJT,CO,ANM,WE,Federal Contract Tower,11,16,10,0,37,0,1,44,0,45,11,17,54,0,82,36,0,36,118
01/18/2022,GJT,CO,ANM,WE,Federal Contract Tower,10,16,6,4,36,0,0,59,0,59,10,16,65,4,95,20,0,20,115
01/19/2022,GJT,CO,ANM,WE,Federal Contract Tower,11,12,12,3,38,0,0,56,0,56,11,12,68,3,94,86,16,102,196
01/20/2022,GJT,CO,ANM,WE,Federal Contract Tower,17,16,17,0,50,0,2,64,2,68,17,18,81,2,118,72,0,72,190
01/21/2022,GJT,CO,ANM,WE,Federal Contract Tower,20,17,12,0,49,0,0,2,0,2,20,17,14,0,51,24,0,24,75
01/22/2022,GJT,CO,ANM,WE,Federal Contract Tower,10,9,12,0,31,0,0,48,0,48,10,9,60,0,79,38,0,38,117
01/23/2022,GJT,CO,ANM,WE,Federal Contract Tower,12,12,12,0,36,0,1,39,2,42,12,13,51,2,78,22,0,22,100
01/24/2022,GJT,CO,ANM,WE,Federal Contract Tower,14,13,17,9,53,0,2,40,0,42,14,15,57,9,95,44,0,44,139
01/25/2022,GJT,CO,ANM,WE,Federal Contract Tower,13,17,11,0,41,0,3,36,2,41,13,20,47,2,82,34,0,34,116
01/26/2022,GJT,CO,ANM,WE,Federal Contract Tower,10,18,13,9,50,0,2,61,1,64,10,20,74,10,114,58,4,62,176
01/27/2022,GJT,CO,ANM,WE,Federal Contract Tower,29,23,16,11,79,0,2,57,0,59,29,25,73,11,138,50,4,54,192
01/28/2022,GJT,CO,ANM,WE,Federal Contract Tower,13,15,8,23,59,0,0,67,8,75,13,15,75,31,134,76,24,100,234
01/29/2022,GJT,CO,ANM,WE,Federal Contract Tower,10,10,7,3,30,0,1,51,3,55,10,11,58,6,85,46,18,64,149
01/30/2022,GJT,CO,ANM,WE,Federal Contract Tower,14,8,23,9,54,0,1,46,3,50,14,9,69,12,104,2,0,2,106
01/31/2022,GJT,CO,ANM,WE,Federal Contract Tower,15,12,18,2,47,0,6,45,2,53,15,18,63,4,100,76,0,76,176
02/01/2022,GJT,CO,ANM,WE,Federal Contract Tower,17,15,7,23,62,0,0,52,6,58,17,15,59,29,120,84,26,110,230
02/02/2022,GJT,CO,ANM,WE,Federal Contract Tower,26,24,12,23,85,0,1,61,4,66,26,25,73,27,151,46,20,66,217
02/03/2022,GJT,CO,ANM,WE,Federal Contract Tower,12,15,9,11,47,0,7,47,2,56,12,22,56,13,103,16,24,40,143
02/04/2022,GJT,CO,ANM,WE,Federal Contract Tower,14,16,12,7,49,0,3,51,0,54,14,19,63,7,103,42,6,48,151
02/05/2022,GJT,CO,ANM,WE,Federal Contract Tower,11,12,6,1,30,0,4,40,0,44,11,16,46,1,74,110,0,110,184
02/06/2022,GJT,CO,ANM,WE,Federal Contract Tower,15,10,9,0,34,0,0,43,0,43,15,10,52,0,77,96,0,96,173
02/07/2022,GJT,CO,ANM,WE,Federal Contract Tower,15,11,13,1,40,0,0,44,1,45,15,11,57,2,85,34,10,44,129
02/08/2022,GJT,CO,ANM,WE,Federal Contract Tower,10,18,20,2,50,0,0,49,0,49,10,18,69,2,99,66,0,66,165
02/09/2022,GJT,CO,ANM,WE,Federal Contract Tower,17,22,13,4,56,0,1,42,2,45,17,23,55,6,101,66,10,76,177
02/10/2022,GJT,CO,ANM,WE,Federal Contract Tower,18,16,17,2,53,0,3,68,0,71,18,19,85,2,124,96,0,96,220
02/11/2022,GJT,CO,ANM,WE,Federal Contract Tower,15,27,16,12,70,0,1,63,0,64,15,28,79,12,134,66,0,66,200
02/12/2022,GJT,CO,ANM,WE,Federal Contract Tower,13,16,7,0,36,0,0,62,0,62,13,16,69,0,98,64,0,64,162
02/13/2022,GJT,CO,ANM,WE,Federal Contract Tower,13,11,15,0,39,0,2,64,0,66,13,13,79,0,105,74,0,74,179
02/14/2022,GJT,CO,ANM,WE,Federal Contract Tower,16,7,10,0,33,0,0,32,2,34,16,7,42,2,67,72,2,74,141
02/15/2022,GJT,CO,ANM,WE,Federal Contract Tower,11,21,16,3,51,0,2,63,0,65,11,23,79,3,116,104,0,104,220
02/16/2022,GJT,CO,ANM,WE,Federal Contract Tower,26,29,20,1,76,0,2,11,0,13,26,31,31,1,89,20,0,20,109
02/17/2022,GJT,CO,ANM,WE,Federal Contract Tower,15,21,26,0,62,0,6,84,1,91,15,27,110,1,153,100,2,102,255
02/18/2022,GJT,CO,ANM,WE,Federal Contract Tower,15,23,21,0,59,0,1,65,2,68,15,24,86,2,127,96,0,96,223
02/19/2022,GJT,CO,ANM,WE,Federal Contract Tower,12,13,17,1,43,0,2,79,2,83,12,15,96,3,126,74,4,78,204
02/20/2022,GJT,CO,ANM,WE,Federal Contract Tower,14,13,9,0,36,0,3,46,0,49,14,16,55,0,85,24,0,24,109
02/21/2022,GJT,CO,ANM,WE,Federal Contract Tower,27,27,41,0,95,0,1,4,0,5,27,28,45,0,100,0,0,0,100
02/22/2022,GJT,CO,ANM,WE,Federal Contract Tower,23,56,35,0,114,0,0,8,0,8,23,56,43,0,122,10,0,10,132
02/23/2022,GJT,CO,ANM,WE,Federal Contract Tower,11,46,19,0,76,0,0,2,0,2,11,46,21,0,78,4,0,4,82
02/24/2022,GJT,CO,ANM,WE,Federal Contract Tower,17,26,11,0,54,0,4,47,0,51,17,30,58,0,105,80,0,80,185
02/25/2022,GJT,CO,ANM,WE,Federal Contract Tower,13,33,11,0,57,0,0,49,0,49,13,33,60,0,106,84,0,84,190
02/26/2022,GJT,CO,ANM,WE,Federal Contract Tower,14,20,14,1,49,0,1,52,1,54,14,21,66,2,103,44,6,50,153
02/27/2022,GJT,CO,ANM,WE,Federal Contract Tower,11,14,18,2,45,0,2,46,0,48,11,16,64,2,93,66,0,66,159
02/28/2022,GJT,CO,ANM,WE,Federal Contract Tower,16,12,14,2,44,0,0,40,0,40,16,12,54,2,84,30,0,30,114
03/01/2022,GJT,CO,ANM,WE,Federal Contract Tower,10,19,7,1,37,0,3,51,0,54,10,22,58,1,91,62,8,70,161
03/02/2022,GJT,CO,ANM,WE,Federal Contract Tower,12,20,17,2,51,0,3,47,0,50,12,23,64,2,101,54,0,54,155
03/03/2022,GJT,CO,ANM,WE,Federal Contract Tower,12,20,11,2,45,0,2,63,0,65,12,22,74,2,110,82,0,82,192
03/04/2022,GJT,CO,ANM,WE,Federal Contract Tower,24,18,14,2,58,0,0,21,0,21,24,18,35,2,79,38,0,38,117
03/05/2022,GJT,CO,ANM,WE,Federal Contract Tower,12,17,23,0,52,0,0,18,0,18,12,17,41,0,70,0,0,0,70
03/06/2022,GJT,CO,ANM,WE,Federal Contract Tower,21,23,12,2,58,0,1,10,0,11,21,24,22,2,69,6,0,6,75
03/07/2022,GJT,CO,ANM,WE,Federal Contract Tower,28,15,13,0,56,0,1,23,2,26,28,16,36,2,82,34,8,42,124
03/08/2022,GJT,CO,ANM,WE,Federal Contract Tower,16,19,16,2,53,0,1,74,2,77,16,20,90,4,130,84,0,84,214
03/09/2022,GJT,CO,ANM,WE,Federal Contract Tower,25,26,32,7,90,0,0,32,0,32,25,26,64,7,122,36,0,36,158
03/10/2022,GJT,CO,ANM,WE,Federal Contract Tower,20,23,25,0,68,0,1,38,0,39,20,24,63,0,107,52,0,52,159
03/11/2022,GJT,CO,ANM,WE,Federal Contract Tower,18,15,31,8,72,0,2,91,3,96,18,17,122,11,168,102,4,106,274
03/12/2022,GJT,CO,ANM,WE,Federal Contract Tower,13,16,6,1,36,0,0,61,3,64,13,16,67,4,100,54,0,54,154
03/13/2022,GJT,CO,ANM,WE,Federal Contract Tower,18,8,12,1,39,0,1,32,1,34,18,9,44,2,73,58,0,58,131
03/14/2022,GJT,CO,ANM,WE,Federal Contract Tower,19,12,12,15,58,0,0,47,9,56,19,12,59,24,114,32,0,32,146
03/15/2022,GJT,CO,ANM,WE,Federal Contract Tower,12,22,11,7,52,0,2,60,0,62,12,24,71,7,114,44,0,44,158
03/16/2022,GJT,CO,ANM,WE,Federal Contract Tower,19,22,24,4,69,0,2,28,0,30,19,24,52,4,99,38,0,38,137
03/17/2022,GJT,CO,ANM,WE,Federal Contract Tower,24,21,18,3,66,0,3,55,0,58,24,24,73,3,124,54,0,54,178
03/18/2022,GJT,CO,ANM,WE,Federal Contract Tower,16,15,10,13,54,0,0,77,5,82,16,15,87,18,136,70,2,72,208
03/19/2022,GJT,CO,ANM,WE,Federal Contract Tower,13,11,14,2,40,0,2,72,0,74,13,13,86,2,114,34,0,34,148
03/20/2022,GJT,CO,ANM,WE,Federal Contract Tower,14,11,10,0,35,0,0,13,0,13,14,11,23,0,48,0,0,0,48
03/21/2022,GJT,CO,ANM,WE,Federal Contract Tower,16,12,12,0,40,0,2,6,0,8,16,14,18,0,48,4,0,4,52
03/22/2022,GJT,CO,ANM,WE,Federal Contract Tower,11,21,20,2,54,0,1,21,0,22,11,22,41,2,76,16,0,16,92
03/23/2022,GJT,CO,ANM,WE,Federal Contract Tower,12,17,10,2,41,0,0,79,0,79,12,17,89,2,120,112,0,112,232
03/24/2022,GJT,CO,ANM,WE,Federal Contract Tower,19,12,18,10,59,0,0,89,2,91,19,12,107,12,150,108,0,108,258
03/25/2022,GJT,CO,ANM,WE,Federal Contract Tower,17,14,8,4,43,0,0,63,0,63,17,14,71,4,106,136,0,136,242
03/26/2022,GJT,CO,ANM,WE,Federal Contract Tower,14,11,15,5,45,0,0,63,2,65,14,11,78,7,110,52,14,66,176
03/27/2022,GJT,CO,ANM,WE,Federal Contract Tower,13,8,14,0,35,0,3,41,2,46,13,11,55,2,81,24,0,24,105
03/28/2022,GJT,CO,ANM,WE,Federal Contract Tower,15,17,11,4,47,0,0,20,0,20,15,17,31,4,67,6,0,6,73
03/29/2022,GJT,CO,ANM,WE,Federal Contract Tower,12,21,19,2,54,0,0,13,0,13,12,21,32,2,67,0,0,0,67
03/30/2022,GJT,CO,ANM,WE,Federal Contract Tower,18,30,19,4,71,0,2,21,0,23,18,32,40,4,94,38,28,66,160
03/31/2022,GJT,CO,ANM,WE,Federal Contract Tower,15,16,21,6,58,0,2,46,0,48,15,18,67,6,106,66,0,66,172
04/01/2022,GJT,CO,ANM,WE,Federal Contract Tower,13,20,14,15,62,0,0,48,5,53,13,20,62,20,115,44,0,44,159
04/02/2022,GJT,CO,ANM,WE,Federal Contract Tower,12,8,15,2,37,0,1,52,3,56,12,9,67,5,93,22,2,24,117
04/03/2022,GJT,CO,ANM,WE,Federal Contract Tower,23,10,12,1,46,0,0,27,1,28,23,10,39,2,74,22,0,22,96
04/04/2022,GJT,CO,ANM,WE,Federal Contract Tower,16,13,15,2,46,0,1,48,0,49,16,14,63,2,95,48,0,48,143
04/05/2022,GJT,CO,ANM,WE,Federal Contract Tower,18,25,3,3,49,0,2,9,0,11,18,27,12,3,60,0,0,0,60
04/06/2022,GJT,CO,ANM,WE,Federal Contract Tower,15,19,14,2,50,0,4,66,1,71,15,23,80,3,121,46,6,52,173
04/07/2022,GJT,CO,ANM,WE,Federal Contract Tower,19,17,26,0,62,0,1,62,0,63,19,18,88,0,125,28,0,28,153
04/08/2022,GJT,CO,ANM,WE,Federal Contract Tower,20,13,15,7,55,0,0,82,1,83,20,13,97,8,138,84,0,84,222
04/09/2022,GJT,CO,ANM,WE,Federal Contract Tower,15,11,9,0,35,0,0,40,0,40,15,11,49,0,75,18,0,18,93
04/10/2022,GJT,CO,ANM,WE,Federal Contract Tower,19,8,13,5,45,0,0,34,1,35,19,8,47,6,80,46,18,64,144
04/11/2022,GJT,CO,ANM,WE,Federal Contract Tower,20,19,12,2,53,0,0,25,0,25,20,19,37,2,78,50,0,50,128
04/12/2022,GJT,CO,ANM,WE,Federal Contract Tower,20,30,24,1,75,0,0,3,0,3,20,30,27,1,78,0,0,0,78
04/13/2022,GJT,CO,ANM,WE,Federal Contract Tower,17,17,10,7,51,0,4,26,0,30,17,21,36,7,81,8,0,8,89
04/14/2022,GJT,CO,ANM,WE,Federal Contract Tower,19,19,14,4,56,0,4,60,0,64,19,23,74,4,120,54,0,54,174
04/15/2022,GJT,CO,ANM,WE,Federal Contract Tower,16,17,8,6,47,0,4,52,1,57,16,21,60,7,104,100,4,104,208
04/16/2022,GJT,CO,ANM,WE,Federal Contract Tower,14,11,9,4,38,0,3,18,2,23,14,14,27,6,61,26,4,30,91
04/17/2022,GJT,CO,ANM,WE,Federal Contract Tower,20,7,3,5,35,0,0,18,3,21,20,7,21,8,56,26,10,36,92
04/18/2022,GJT,CO,ANM,WE,Federal Contract Tower,17,15,11,4,47,0,0,99,2,101,17,15,110,6,148,100,4,104,252
04/19/2022,GJT,CO,ANM,WE,Federal Contract Tower,13,17,6,0,36,0,0,48,0,48,13,17,54,0,84,64,0,64,148
04/20/2022,GJT,CO,ANM,WE,Federal Contract Tower,15,18,13,4,50,0,4,78,0,82,15,22,91,4,132,70,0,70,202
04/21/2022,GJT,CO,ANM,WE,Federal Contract Tower,22,19,18,6,65,0,6,34,1,41,22,25,52,7,106,16,0,16,122
04/22/2022,GJT,CO,ANM,WE,Federal Contract Tower,17,17,11,0,45,0,0,9,0,9,17,17,20,0,54,0,0,0,54
04/23/2022,GJT,CO,ANM,WE,Federal Contract Tower,14,11,9,1,35,0,1,30,1,32,14,12,39,2,67,20,0,20,87
04/24/2022,GJT,CO,ANM,WE,Federal Contract Tower,16,12,16,0,44,0,0,44,0,44,16,12,60,0,88,38,0,38,126
04/25/2022,GJT,CO,ANM,WE,Federal Contract Tower,20,12,13,0,45,0,2,82,0,84,20,14,95,0,129,86,0,86,215
04/26/2022,GJT,CO,ANM,WE,Federal Contract Tower,14,17,14,11,56,0,1,82,2,85,14,18,96,13,141,126,8,134,275
04/27/2022,GJT,CO,ANM,WE,Federal Contract Tower,21,21,20,4,66,0,2,66,0,68,21,23,86,4,134,80,2,82,216
04/28/2022,GJT,CO,ANM,WE,Federal Contract Tower,20,18,18,7,63,0,4,65,0,69,20,22,83,7,132,26,0,26,158
04/29/2022,GJT,CO,ANM,WE,Federal Contract Tower,21,20,16,9,66,0,0,31,0,31,21,20,47,9,97,12,0,12,109
04/30/2022,GJT,CO,ANM,WE,Federal Contract Tower,14,11,7,8,40,0,0,64,7,71,14,11,71,15,111,58,4,62,173
05/01/2022,GJT,CO,ANM,WE,Federal Contract Tower,19,10,9,2,40,0,0,20,0,20,19,10,29,2,60,4,0,4,64
05/02/2022,GJT,CO,ANM,WE,Federal Contract Tower,19,11,14,0,44,0,0,56,0,56,19,11,70,0,100,72,22,94,194
05/03/2022,GJT,CO,ANM,WE,Federal Contract Tower,14,24,10,8,56,0,1,21,0,22,14,25,31,8,78,0,0,0,78
05/04/2022,GJT,CO,ANM,WE,Federal Contract Tower,15,22,15,4,56,0,3,33,3,39,15,25,48,7,95,0,2,2,97
05/05/2022,GJT,CO,ANM,WE,Federal Contract Tower,18,16,15,5,54,0,4,94,0,98,18,20,109,5,152,142,0,142,294
05/06/2022,GJT,CO,ANM,WE,Federal Contract Tower,22,13,10,17,62,0,1,85,1,87,22,14,95,18,149,120,0,120,269
05/07/2022,GJT,CO,ANM,WE,Federal Contract Tower,19,5,2,0,26,0,0,19,0,19,19,5,21,0,45,18,0,18,63
05/08/2022,GJT,CO,ANM,WE,Federal Contract Tower,18,10,6,1,35,0,2,23,3,28,18,12,29,4,63,38,0,38,101
05/09/2022,GJT,CO,ANM,WE,Federal Contract Tower,22,7,11,0,40,0,2,15,0,17,22,9,26,0,57,32,0,32,89
05/10/2022,GJT,CO,ANM,WE,Federal Contract Tower,19,15,9,2,45,0,0,29,0,29,19,15,38,2,74,64,0,64,138
05/11/2022,GJT,CO,ANM,WE,Federal Contract Tower,18,18,10,0,46,2,2,26,2,32,20,20,36,2,78,6,0,6,84
05/12/2022,GJT,CO,ANM,WE,Federal Contract Tower,19,22,13,3,57,0,3,39,1,43,19,25,52,4,100,38,0,38,138
05/13/2022,GJT,CO,ANM,WE,Federal Contract Tower,21,15,13,3,52,0,1,82,4,87,21,16,95,7,139,70,30,100,239
05/14/2022,GJT,CO,ANM,WE,Federal Contract Tower,19,2,4,9,34,0,4,79,8,91,19,6,83,17,125,42,22,64,189
05/15/2022,GJT,CO,ANM,WE,Federal Contract Tower,20,10,9,2,41,0,3,72,1,76,20,13,81,3,117,88,0,88,205
05/16/2022,GJT,CO,ANM,WE,Federal Contract Tower,18,24,16,2,60,0,2,66,3,71,18,26,82,5,131,88,0,88,219
05/17/2022,GJT,CO,ANM,WE,Federal Contract Tower,18,17,15,2,52,0,2,74,0,76,18,19,89,2,128,110,0,110,238
05/18/2022,GJT,CO,ANM,WE,Federal Contract Tower,16,16,15,2,49,0,2,81,0,83,16,18,96,2,132,142,0,142,274
05/19/2022,GJT,CO,ANM,WE,Federal Contract Tower,19,15,17,7,58,0,7,62,2,71,19,22,79,9,129,28,0,28,157
05/20/2022,GJT,CO,ANM,WE,Federal Contract Tower,21,37,19,2,79,0,0,42,3,45,21,37,61,5,124,0,0,0,124
05/21/2022,GJT,CO,ANM,WE,Federal Contract Tower,16,9,14,7,46,0,0,67,6,73,16,9,81,13,119,116,2,118,237
05/22/2022,GJT,CO,ANM,WE,Federal Contract Tower,14,14,16,4,48,0,1,61,0,62,14,15,77,4,110,80,0,80,190
05/23/2022,GJT,CO,ANM,WE,Federal Contract Tower,21,15,17,0,53,0,1,48,0,49,21,16,65,0,102,90,0,90,192
05/24/2022,GJT,CO,ANM,WE,Federal Contract Tower,16,20,8,0,44,0,2,67,0,69,16,22,75,0,113,96,0,96,209
05/25/2022,GJT,CO,ANM,WE,Federal Contract Tower,21,17,15,0,53,0,0,79,0,79,21,17,94,0,132,68,0,68,200
05/26/2022,GJT,CO,ANM,WE,Federal Contract Tower,17,21,16,12,66,0,6,85,0,91,17,27,101,12,157,84,0,84,241
05/27/2022,GJT,CO,ANM,WE,Federal Contract Tower,25,18,14,0,57,0,5,60,3,68,25,23,74,3,125,80,0,80,205
05/28/2022,GJT,CO,ANM,WE,Federal Contract Tower,20,8,5,6,39,0,0,32,0,32,20,8,37,6,71,6,0,6,77
05/29/2022,GJT,CO,ANM,WE,Federal Contract Tower,16,17,13,0,46,0,0,19,0,19,16,17,32,0,65,6,0,6,71
05/30/2022,GJT,CO,ANM,WE,Federal Contract Tower,22,11,5,0,38,0,1,60,0,61,22,12,65,0,99,50,0,50,149
05/31/2022,GJT,CO,ANM,WE,Federal Contract Tower,17,16,8,2,43,0,3,77,0,80,17,19,85,2,123,90,0,90,213
06/01/2022,GJT,CO,ANM,WE,Federal Contract Tower,16,16,5,3,40,0,0,66,0,66,16,16,71,3,106,64,0,64,170
06/02/2022,GJT,CO,ANM,WE,Federal Contract Tower,19,14,9,7,49,0,0,57,4,61,19,14,66,11,110,54,4,58,168
06/03/2022,GJT,CO,ANM,WE,Federal Contract Tower,18,23,8,15,64,0,2,54,4,60,18,25,62,19,124,32,18,50,174
06/04/2022,GJT,CO,ANM,WE,Federal Contract Tower,13,15,16,1,45,0,1,59,2,62,13,16,75,3,107,52,10,62,169
06/05/2022,GJT,CO,ANM,WE,Federal Contract Tower,15,10,11,0,36,0,1,44,0,45,15,11,55,0,81,14,0,14,95
06/06/2022,GJT,CO,ANM,WE,Federal Contract Tower,39,15,8,3,65,0,1,43,0,44,39,16,51,3,109,48,8,56,165
06/07/2022,GJT,CO,ANM,WE,Federal Contract Tower,14,13,17,2,46,0,0,73,0,73,14,13,90,2,119,76,0,76,195
06/08/2022,GJT,CO,ANM,WE,Federal Contract Tower,16,20,14,7,57,0,1,81,4,86,16,21,95,11,143,90,0,90,233
06/09/2022,GJT,CO,ANM,WE,Federal Contract Tower,170,15,13,3,201,0,3,79,3,85,170,18,92,6,286,66,0,66,352
06/10/2022,GJT,CO,ANM,WE,Federal Contract Tower,19,18,20,1,58,0,0,68,1,69,19,18,88,2,127,12,0,12,139
06/11/2022,GJT,CO,ANM,WE,Federal Contract Tower,18,15,9,0,42,0,0,48,0,48,18,15,57,0,90,4,0,4,94
06/12/2022,GJT,CO,ANM,WE,Federal Contract Tower,22,20,5,0,47,0,7,50,0,57,22,27,55,0,104,30,0,30,134
06/13/2022,GJT,CO,ANM,WE,Federal Contract Tower,20,5,15,0,40,0,1,20,0,21,20,6,35,0,61,28,0,28,89
06/14/2022,GJT,CO,ANM,WE,Federal Contract Tower,17,15,4,0,36,0,1,45,0,46,17,16,49,0,82,34,0,34,116
06/15/2022,GJT,CO,ANM,WE,Federal Contract Tower,15,15,14,2,46,0,3,79,3,85,15,18,93,5,131,98,4,102,233
06/16/2022,GJT,CO,ANM,WE,Federal Contract Tower,15,19,17,2,53,0,6,76,3,85,15,25,93,5,138,94,0,94,232
06/17/2022,GJT,CO,ANM,WE,Federal Contract Tower,26,17,13,4,60,0,2,36,0,38,26,19,49,4,98,0,0,0,98
06/18/2022,GJT,CO,ANM,WE,Federal Contract Tower,14,13,6,0,33,0,0,14,0,14,14,13,20,0,47,0,0,0,47
06/19/2022,GJT,CO,ANM,WE,Federal Contract Tower,18,8,10,1,37,0,2,8,3,13,18,10,18,4,50,0,0,0,50
06/20/2022,GJT,CO,ANM,WE,Federal Contract Tower,17,13,12,1,43,0,2,42,0,44,17,15,54,1,87,48,0,48,135
06/21/2022,GJT,CO,ANM,WE,Federal Contract Tower,15,14,15,3,47,0,0,81,1,82,15,14,96,4,129,74,0,74,203
06/22/2022,GJT,CO,ANM,WE,Federal Contract Tower,15,30,13,4,62,0,4,57,0,61,15,34,70,4,123,80,0,80,203
06/23/2022,GJT,CO,ANM,WE,Federal Contract Tower,18,15,13,6,52,0,1,30,1,32,18,16,43,7,84,76,0,76,160
06/24/2022,GJT,CO,ANM,WE,Federal Contract Tower,22,21,14,2,59,0,4,42,2,48,22,25,56,4,107,40,0,40,147
06/25/2022,GJT,CO,ANM,WE,Federal Contract Tower,18,9,13,1,41,0,1,54,2,57,18,10,67,3,98,46,0,46,144
06/26/2022,GJT,CO,ANM,WE,Federal Contract Tower,18,9,17,2,46,0,2,26,2,30,18,11,43,4,76,34,2,36,112
06/27/2022,GJT,CO,ANM,WE,Federal Contract Tower,17,11,15,4,47,0,2,70,0,72,17,13,85,4,119,84,0,84,203
06/28/2022,GJT,CO,ANM,WE,Federal Contract Tower,14,15,12,10,51,0,7,79,0,86,14,22,91,10,137,110,0,110,247
06/29/2022,GJT,CO,ANM,WE,Federal Contract Tower,17,20,14,0,51,0,5,69,0,74,17,25,83,0,125,50,0,50,175
06/30/2022,GJT,CO,ANM,WE,Federal Contract Tower,18,19,23,2,62,0,0,39,0,39,18,19,62,2,101,68,0,68,169
07/01/2022,GJT,CO,ANM,WE,Federal Contract Tower,20,12,10,0,42,0,2,42,0,44,20,14,52,0,86,34,0,34,120
07/02/2022,GJT,CO,ANM,WE,Federal Contract Tower,17,6,9,0,32,0,2,38,0,40,17,8,47,0,72,42,0,42,114
07/03/2022,GJT,CO,ANM,WE,Federal Contract Tower,14,7,8,0,29,0,4,14,0,18,14,11,22,0,47,0,0,0,47
07/04/2022,GJT,CO,ANM,WE,Federal Contract Tower,15,4,11,0,30,0,1,30,0,31,15,5,41,0,61,22,0,22,83
07/05/2022,GJT,CO,ANM,WE,Federal Contract Tower,19,14,8,0,41,0,1,41,0,42,19,15,49,0,83,48,4,52,135
07/06/2022,GJT,CO,ANM,WE,Federal Contract Tower,17,15,13,2,47,0,1,39,3,43,17,16,52,5,90,94,2,96,186
07/07/2022,GJT,CO,ANM,WE,Federal Contract Tower,21,10,10,0,41,0,4,57,0,61,21,14,67,0,102,30,0,30,132
07/08/2022,GJT,CO,ANM,WE,Federal Contract Tower,22,16,19,0,57,0,5,69,2,76,22,21,88,2,133,42,0,42,175
07/09/2022,GJT,CO,ANM,WE,Federal Contract Tower,15,11,13,0,39,0,4,51,0,55,15,15,64,0,94,40,0,40,134
07/10/2022,GJT,CO,ANM,WE,Federal Contract Tower,29,11,18,0,58,0,5,46,0,51,29,16,64,0,109,20,0,20,129
07/11/2022,GJT,CO,ANM,WE,Federal Contract Tower,19,14,13,0,46,0,2,39,0,41,19,16,52,0,87,32,0,32,119
07/12/2022,GJT,CO,ANM,WE,Federal Contract Tower,16,15,16,2,49,0,3,51,1,55,16,18,67,3,104,18,0,18,122
07/13/2022,GJT,CO,ANM,WE,Federal Contract Tower,17,12,13,0,42,0,4,36,1,41,17,16,49,1,83,26,0,26,109
07/14/2022,GJT,CO,ANM,WE,Federal Contract Tower,18,23,7,0,48,0,1,34,0,35,18,24,41,0,83,32,16,48,131
07/15/2022,GJT,CO,ANM,WE,Federal Contract Tower,18,10,16,1,45,0,2,41,0,43,18,12,57,1,88,26,0,26,114
07/16/2022,GJT,CO,ANM,WE,Federal Contract Tower,13,14,10,0,37,0,1,32,0,33,13,15,42,0,70,42,0,42,112
07/17/2022,GJT,CO,ANM,WE,Federal Contract Tower,20,7,11,1,39,0,3,47,0,50,20,10,58,1,89,4,0,4,93
07/18/2022,GJT,CO,ANM,WE,Federal Contract Tower,31,12,8,4,55,0,5,45,0,50,31,17,53,4,105,24,0,24,129
07/19/2022,GJT,CO,ANM,WE,Federal Contract Tower,15,13,21,0,49,0,1,70,0,71,15,14,91,0,120,32,0,32,152
07/20/2022,GJT,CO,ANM,WE,Federal Contract Tower,22,11,19,10,62,0,2,54,0,56,22,13,73,10,118,26,0,26,144
07/21/2022,GJT,CO,ANM,WE,Federal Contract Tower,17,9,25,8,59,0,0,79,0,79,17,9,104,8,138,84,0,84,222
07/22/2022,GJT,CO,ANM,WE,Federal Contract Tower,19,15,10,0,44,0,5,63,0,68,19,20,73,0,112,44,0,44,156
07/23/2022,GJT,CO,ANM,WE,Federal Contract Tower,16,9,2,0,27,0,3,28,0,31,16,12,30,0,58,0,0,0,58
07/24/2022,GJT,CO,ANM,WE,Federal Contract Tower,21,10,6,2,39,0,1,23,0,24,21,11,29,2,63,10,2,12,75
07/25/2022,GJT,CO,ANM,WE,Federal Contract Tower,23,7,17,1,48,0,0,52,1,53,23,7,69,2,101,42,0,42,143
07/26/2022,GJT,CO,ANM,WE,Federal Contract Tower,23,17,10,1,51,0,4,57,1,62,23,21,67,2,113,26,6,32,145
07/27/2022,GJT,CO,ANM,WE,Federal Contract Tower,17,23,10,0,50,0,10,71,0,81,17,33,81,0,131,62,0,62,193
07/28/2022,GJT,CO,ANM,WE,Federal Contract Tower,17,20,18,2,57,0,2,46,0,48,17,22,64,2,105,66,10,76,181
07/29/2022,GJT,CO,ANM,WE,Federal Contract Tower,20,23,16,2,61,0,4,62,0,66,20,27,78,2,127,52,0,52,179
07/30/2022,GJT,CO,ANM,WE,Federal Contract Tower,16,7,8,0,31,0,2,51,0,53,16,9,59,0,84,24,0,24,108
07/31/2022,GJT,CO,ANM,WE,Federal Contract Tower,19,6,5,4,34,0,3,41,0,44,19,9,46,4,78,20,0,20,98
08/01/2022,GJT,CO,ANM,WE,Federal Contract Tower,25,8,10,3,46,0,2,48,1,51,25,10,58,4,97,22,0,22,119
08/02/2022,GJT,CO,ANM,WE,Federal Contract Tower,15,19,13,0,47,0,0,47,1,48,15,19,60,1,95,56,0,56,151
08/03/2022,GJT,CO,ANM,WE,Federal Contract Tower,15,14,6,2,37,0,1,68,0,69,15,15,74,2,106,74,0,74,180
08/04/2022,GJT,CO,ANM,WE,Federal Contract Tower,17,14,11,4,46,0,1,59,0,60,17,15,70,4,106,52,0,52,158
08/05/2022,GJT,CO,ANM,WE,Federal Contract Tower,24,20,11,1,56,0,6,34,0,40,24,26,45,1,96,30,0,30,126
08/06/2022,GJT,CO,ANM,WE,Federal Contract Tower,25,10,10,4,49,0,0,30,4,34,25,10,40,8,83,26,4,30,113
08/07/2022,GJT,CO,ANM,WE,Federal Contract Tower,27,5,3,0,35,0,1,32,0,33,27,6,35,0,68,64,0,64,132
08/08/2022,GJT,CO,ANM,WE,Federal Contract Tower,22,8,15,3,48,0,9,70,1,80,22,17,85,4,128,88,0,88,216
08/09/2022,GJT,CO,ANM,WE,Federal Contract Tower,16,18,9,2,45,0,2,66,3,71,16,20,75,5,116,126,0,126,242
08/10/2022,GJT,CO,ANM,WE,Federal Contract Tower,17,18,9,4,48,0,0,67,0,67,17,18,76,4,115,104,0,104,219
08/11/2022,GJT,CO,ANM,WE,Federal Contract Tower,18,21,11,2,52,0,0,95,0,95,18,21,106,2,147,72,0,72,219
08/12/2022,GJT,CO,ANM,WE,Federal Contract Tower,21,12,18,0,51,0,47,0,0,47,21,59,18,0,98,70,0,70,168
08/13/2022,GJT,CO,ANM,WE,Federal Contract Tower,17,4,11,0,32,0,1,77,0,78,17,5,88,0,110,36,0,36,146
08/14/2022,GJT,CO,ANM,WE,Federal Contract Tower,16,16,12,0,44,0,3,43,0,46,16,19,55,0,90,26,0,26,116
08/15/2022,GJT,CO,ANM,WE,Federal Contract Tower,23,16,16,0,55,0,1,42,0,43,23,17,58,0,98,58,0,58,156
08/16/2022,GJT,CO,ANM,WE,Federal Contract Tower,23,18,15,0,56,0,0,29,2,31,23,18,44,2,87,44,0,44,131
08/18/2022,GJT,CO,ANM,WE,Federal Contract Tower,21,15,23,2,61,0,0,56,0,56,21,15,79,2,117,102,16,118,235
08/19/2022,GJT,CO,ANM,WE,Federal Contract Tower,18,14,16,4,52,0,0,42,0,42,18,14,58,4,94,52,0,52,146
08/20/2022,GJT,CO,ANM,WE,Federal Contract Tower,15,10,8,0,33,0,2,60,0,62,15,12,68,0,95,68,0,68,163
08/21/2022,GJT,CO,ANM,WE,Federal Contract Tower,17,8,10,0,35,0,4,19,0,23,17,12,29,0,58,26,0,26,84
08/22/2022,GJT,CO,ANM,WE,Federal Contract Tower,18,10,6,10,44,0,1,57,2,60,18,11,63,12,104,106,0,106,210
08/23/2022,GJT,CO,ANM,WE,Federal Contract Tower,17,16,9,2,44,0,5,56,5,66,17,21,65,7,110,42,0,42,152
08/24/2022,GJT,CO,ANM,WE,Federal Contract Tower,21,15,10,0,46,0,3,70,2,75,21,18,80,2,121,68,0,68,189
08/25/2022,GJT,CO,ANM,WE,Federal Contract Tower,19,11,16,0,46,0,62,2,0,64,19,73,18,0,110,46,0,46,156
08/26/2022,GJT,CO,ANM,WE,Federal Contract Tower,19,12,19,3,53,0,2,61,4,67,19,14,80,7,120,74,0,74,194
08/27/2022,GJT,CO,ANM,WE,Federal Contract Tower,17,6,7,7,37,0,10,66,4,80,17,16,73,11,117,42,12,54,171
08/28/2022,GJT,CO,ANM,WE,Federal Contract Tower,25,5,15,2,47,0,5,24,0,29,25,10,39,2,76,20,0,20,96
08/29/2022,GJT,CO,ANM,WE,Federal Contract Tower,20,14,9,2,45,0,1,50,0,51,20,15,59,2,96,44,0,44,140
08/30/2022,GJT,CO,ANM,WE,Federal Contract Tower,21,8,6,6,41,0,0,42,0,42,21,8,48,6,83,40,0,40,123
08/31/2022,GJT,CO,ANM,WE,Federal Contract Tower,21,8,16,4,49,0,1,52,0,53,21,9,68,4,102,78,0,78,180
09/01/2022,GJT,CO,ANM,WE,Federal Contract Tower,17,16,26,5,64,0,7,79,3,89,17,23,105,8,153,98,0,98,251
09/02/2022,GJT,CO,ANM,WE,Federal Contract Tower,21,20,19,2,62,0,9,83,0,92,21,29,102,2,154,102,0,102,256
09/03/2022,GJT,CO,ANM,WE,Federal Contract Tower,19,5,6,0,30,0,3,42,0,45,19,8,48,0,75,26,0,26,101
09/05/2022,GJT,CO,ANM,WE,Federal Contract Tower,22,9,9,0,40,0,4,48,0,52,22,13,57,0,92,32,0,32,124
09/06/2022,GJT,CO,ANM,WE,Federal Contract Tower,20,9,10,10,49,0,0,0,0,0,20,9,10,10,49,20,0,20,69
09/07/2022,GJT,CO,ANM,WE,Federal Contract Tower,16,13,17,2,48,0,4,45,2,51,16,17,62,4,99,42,0,42,141
09/08/2022,GJT,CO,ANM,WE,Federal Contract Tower,17,14,20,2,53,0,4,50,7,61,17,18,70,9,114,40,0,40,154
09/09/2022,GJT,CO,ANM,WE,Federal Contract Tower,21,15,9,7,52,0,4,43,0,47,21,19,52,7,99,16,0,16,115
09/10/2022,GJT,CO,ANM,WE,Federal Contract Tower,18,4,7,6,35,0,3,50,4,57,18,7,57,10,92,58,0,58,150
09/11/2022,GJT,CO,ANM,WE,Federal Contract Tower,19,4,10,5,38,0,0,40,1,41,19,4,50,6,79,12,0,12,91
09/12/2022,GJT,CO,ANM,WE,Federal Contract Tower,19,10,23,8,60,0,4,57,3,64,19,14,80,11,124,58,0,58,182
09/13/2022,GJT,CO,ANM,WE,Federal Contract Tower,15,23,13,2,53,0,1,54,0,55,15,24,67,2,108,98,0,98,206
09/14/2022,GJT,CO,ANM,WE,Federal Contract Tower,16,23,25,2,66,0,3,53,0,56,16,26,78,2,122,36,0,36,158
09/15/2022,GJT,CO,ANM,WE,Federal Contract Tower,20,14,18,2,54,0,2,77,0,79,20,16,95,2,133,130,16,146,279
09/16/2022,GJT,CO,ANM,WE,Federal Contract Tower,20,15,13,16,64,0,0,55,0,55,20,15,68,16,119,32,0,32,151
09/17/2022,GJT,CO,ANM,WE,Federal Contract Tower,18,8,8,0,34,0,53,0,0,53,18,61,8,0,87,40,0,40,127
09/18/2022,GJT,CO,ANM,WE,Federal Contract Tower,17,8,12,6,43,0,3,34,0,37,17,11,46,6,80,20,0,20,100
09/20/2022,GJT,CO,ANM,WE,Federal Contract Tower,17,15,9,0,41,0,1,44,0,45,17,16,53,0,86,46,14,60,146
09/21/2022,GJT,CO,ANM,WE,Federal Contract Tower,18,19,13,0,50,0,1,24,0,25,18,20,37,0,75,26,0,26,101
09/22/2022,GJT,CO,ANM,WE,Federal Contract Tower,20,20,16,10,66,0,0,48,0,48,20,20,64,10,114,42,0,42,156
09/23/2022,GJT,CO,ANM,WE,Federal Contract Tower,23,10,17,8,58,0,0,72,2,74,23,10,89,10,132,74,0,74,206
09/24/2022,GJT,CO,ANM,WE,Federal Contract Tower,15,11,5,4,35,0,2,73,2,77,15,13,78,6,112,82,0,82,194
09/25/2022,GJT,CO,ANM,WE,Federal Contract Tower,16,10,12,6,44,0,0,52,0,52,16,10,64,6,96,38,0,38,134
09/26/2022,GJT,CO,ANM,WE,Federal Contract Tower,18,12,16,2,48,0,2,86,0,88,18,14,102,2,136,104,0,104,240
09/27/2022,GJT,CO,ANM,WE,Federal Contract Tower,17,17,7,0,41,0,1,69,0,70,17,18,76,0,111,126,0,126,237
09/28/2022,GJT,CO,ANM,WE,Federal Contract Tower,18,12,9,2,41,0,3,53,0,56,18,15,62,2,97,68,0,68,165
09/29/2022,GJT,CO,ANM,WE,Federal Contract Tower,19,17,10,1,47,0,0,66,2,68,19,17,76,3,115,98,2,100,215
09/30/2022,GJT,CO,ANM,WE,Federal Contract Tower,20,21,11,2,54,0,0,15,0,15,20,21,26,2,69,44,0,44,113
10/01/2022,GJT,CO,ANM,WE,Federal Contract Tower,31,8,5,0,44,0,4,17,0,21,31,12,22,0,65,6,0,6,71
10/02/2022,GJT,CO,ANM,WE,Federal Contract Tower,16,9,14,4,43,0,5,8,0,13,16,14,22,4,56,14,0,14,70
10/03/2022,GJT,CO,ANM,WE,Federal Contract Tower,20,8,16,1,45,0,0,27,4,31,20,8,43,5,76,40,0,40,116
10/04/2022,GJT,CO,ANM,WE,Federal Contract Tower,21,17,20,1,59,0,4,78,2,84,21,21,98,3,143,84,0,84,227
10/05/2022,GJT,CO,ANM,WE,Federal Contract Tower,15,13,18,0,46,0,0,81,0,81,15,13,99,0,127,86,0,86,213
10/06/2022,GJT,CO,ANM,WE,Federal Contract Tower,19,13,14,3,49,0,0,79,0,79,19,13,93,3,128,114,0,114,242
10/07/2022,GJT,CO,ANM,WE,Federal Contract Tower,18,15,9,0,42,0,0,64,0,64,18,15,73,0,106,60,4,64,170
10/08/2022,GJT,CO,ANM,WE,Federal Contract Tower,17,6,7,1,31,0,0,69,1,70,17,6,76,2,101,96,0,96,197
10/09/2022,GJT,CO,ANM,WE,Federal Contract Tower,18,8,11,0,37,0,6,35,0,41,18,14,46,0,78,12,0,12,90
10/10/2022,GJT,CO,ANM,WE,Federal Contract Tower,20,11,6,0,37,0,4,42,0,46,20,15,48,0,83,42,0,42,125
10/11/2022,GJT,CO,ANM,WE,Federal Contract Tower,18,12,11,2,43,0,0,49,0,49,18,12,60,2,92,80,0,80,172
10/12/2022,GJT,CO,ANM,WE,Federal Contract Tower,20,13,9,6,48,0,0,70,0,70,20,13,79,6,118,116,0,116,234
10/13/2022,GJT,CO,ANM,WE,Federal Contract Tower,20,18,21,6,65,0,0,85,0,85,20,18,106,6,150,66,0,66,216
10/14/2022,GJT,CO,ANM,WE,Federal Contract Tower,19,15,16,4,54,0,1,69,2,72,19,16,85,6,126,114,0,114,240
10/15/2022,GJT,CO,ANM,WE,Federal Contract Tower,17,7,11,20,55,0,8,77,10,95,17,15,88,30,150,38,26,64,214
10/16/2022,GJT,CO,ANM,WE,Federal Contract Tower,17,11,15,4,47,0,5,58,0,63,17,16,73,4,110,40,0,40,150
10/17/2022,GJT,CO,ANM,WE,Federal Contract Tower,19,9,16,0,44,0,1,40,0,41,19,10,56,0,85,42,0,42,127
10/18/2022,GJT,CO,ANM,WE,Federal Contract Tower,16,18,8,2,44,0,0,44,4,48,16,18,52,6,92,46,4,50,142
10/19/2022,GJT,CO,ANM,WE,Federal Contract Tower,18,17,11,6,52,0,0,87,1,88,18,17,98,7,140,98,0,98,238
10/20/2022,GJT,CO,ANM,WE,Federal Contract Tower,18,16,28,0,62,0,0,73,0,73,18,16,101,0,135,158,0,158,293
10/21/2022,GJT,CO,ANM,WE,Federal Contract Tower,24,19,17,8,68,0,3,67,2,72,24,22,84,10,140,82,8,90,230
10/22/2022,GJT,CO,ANM,WE,Federal Contract Tower,20,12,11,3,46,0,0,12,0,12,20,12,23,3,58,12,0,12,70
10/23/2022,GJT,CO,ANM,WE,Federal Contract Tower,20,20,5,4,49,0,0,0,0,0,20,20,5,4,49,0,0,0,49
10/24/2022,GJT,CO,ANM,WE,Federal Contract Tower,22,9,15,5,51,0,0,43,0,43,22,9,58,5,94,78,0,78,172
10/25/2022,GJT,CO,ANM,WE,Federal Contract Tower,16,15,17,1,49,0,0,58,0,58,16,15,75,1,107,92,0,92,199
10/26/2022,GJT,CO,ANM,WE,Federal Contract Tower,19,31,23,2,75,0,0,7,0,7,19,31,30,2,82,12,0,12,94
10/27/2022,GJT,CO,ANM,WE,Federal Contract Tower,22,16,13,0,51,0,0,51,0,51,22,16,64,0,102,74,0,74,176
10/28/2022,GJT,CO,ANM,WE,Federal Contract Tower,21,15,17,10,63,0,5,79,2,86,21,20,96,12,149,98,10,108,257
10/29/2022,GJT,CO,ANM,WE,Federal Contract Tower,17,9,16,1,43,0,0,50,4,54,17,9,66,5,97,30,6,36,133
10/30/2022,GJT,CO,ANM,WE,Federal Contract Tower,17,9,14,4,44,0,0,43,0,43,17,9,57,4,87,42,0,42,129
10/31/2022,GJT,CO,ANM,WE,Federal Contract Tower,12,16,6,3,37,0,0,39,1,40,12,16,45,4,77,36,0,36,113
11/01/2022,GJT,CO,ANM,WE,Federal Contract Tower,12,16,16,4,48,0,2,97,0,99,12,18,113,4,147,120,0,120,267
11/02/2022,GJT,CO,ANM,WE,Federal Contract Tower,18,19,19,2,58,0,3,15,0,18,18,22,34,2,76,16,0,16,92
11/03/2022,GJT,CO,ANM,WE,Federal Contract Tower,22,27,9,0,58,0,0,3,0,3,22,27,12,0,61,4,0,4,65
11/04/2022,GJT,CO,ANM,WE,Federal Contract Tower,24,26,15,2,67,0,0,0,0,0,24,26,15,2,67,42,0,42,109
11/05/2022,GJT,CO,ANM,WE,Federal Contract Tower,17,8,11,0,36,0,0,46,0,46,17,8,57,0,82,72,0,72,154
11/06/2022,GJT,CO,ANM,WE,Federal Contract Tower,13,13,10,3,39,0,1,38,1,40,13,14,48,4,79,28,0,28,107
11/07/2022,GJT,CO,ANM,WE,Federal Contract Tower,16,16,5,0,37,0,0,20,0,20,16,16,25,0,57,18,0,18,75
11/08/2022,GJT,CO,ANM,WE,Federal Contract Tower,15,18,11,4,48,0,3,4,0,7,15,21,15,4,55,4,0,4,59
11/09/2022,GJT,CO,ANM,WE,Federal Contract Tower,19,15,12,0,46,0,0,0,0,0,19,15,12,0,46,0,0,0,46
11/10/2022,GJT,CO,ANM,WE,Federal Contract Tower,16,12,18,2,48,0,1,61,0,62,16,13,79,2,110,110,0,110,220
11/11/2022,GJT,CO,ANM,WE,Federal Contract Tower,20,14,16,0,50,0,0,51,0,51,20,14,67,0,101,104,0,104,205
11/12/2022,GJT,CO,ANM,WE,Federal Contract Tower,17,7,5,3,32,0,1,55,0,56,17,8,60,3,88,48,0,48,136
11/13/2022,GJT,CO,ANM,WE,Federal Contract Tower,13,17,9,4,43,0,2,44,1,47,13,19,53,5,90,42,2,44,134
11/14/2022,GJT,CO,ANM,WE,Federal Contract Tower,23,9,24,5,61,0,1,31,1,33,23,10,55,6,94,16,0,16,110
11/15/2022,GJT,CO,ANM,WE,Federal Contract Tower,18,13,12,4,47,0,4,39,1,44,18,17,51,5,91,14,8,22,113
11/16/2022,GJT,CO,ANM,WE,Federal Contract Tower,16,19,13,0,48,0,0,51,0,51,16,19,64,0,99,110,0,110,209
11/17/2022,GJT,CO,ANM,WE,Federal Contract Tower,19,17,8,6,50,0,0,52,0,52,19,17,60,6,102,56,0,56,158
11/18/2022,GJT,CO,ANM,WE,Federal Contract Tower,17,18,18,6,59,0,2,47,2,51,17,20,65,8,110,88,0,88,198
11/19/2022,GJT,CO,ANM,WE,Federal Contract Tower,14,13,8,0,35,0,1,60,0,61,14,14,68,0,96,64,0,64,160
11/20/2022,GJT,CO,ANM,WE,Federal Contract Tower,18,15,10,3,46,0,3,43,0,46,18,18,53,3,92,14,0,14,106
11/21/2022,GJT,CO,ANM,WE,Federal Contract Tower,20,12,11,3,46,0,2,44,0,46,20,14,55,3,92,46,0,46,138
11/22/2022,GJT,CO,ANM,WE,Federal Contract Tower,20,12,16,4,52,0,0,44,2,46,20,12,60,6,98,52,4,56,154
11/23/2022,GJT,CO,ANM,WE,Federal Contract Tower,21,13,13,4,51,0,0,34,0,34,21,13,47,4,85,18,0,18,103
11/24/2022,GJT,CO,ANM,WE,Federal Contract Tower,9,6,4,0,19,0,1,9,0,10,9,7,13,0,29,18,0,18,47
11/25/2022,GJT,CO,ANM,WE,Federal Contract Tower,17,14,17,0,48,0,1,44,0,45,17,15,61,0,93,48,0,48,141
11/26/2022,GJT,CO,ANM,WE,Federal Contract Tower,17,11,6,0,34,0,0,38,0,38,17,11,44,0,72,40,0,40,112
11/27/2022,GJT,CO,ANM,WE,Federal Contract Tower,17,8,13,0,38,0,4,33,0,37,17,12,46,0,75,26,0,26,101
11/28/2022,GJT,CO,ANM,WE,Federal Contract Tower,20,13,19,5,57,0,0,27,2,29,20,13,46,7,86,38,0,38,124
11/29/2022,GJT,CO,ANM,WE,Federal Contract Tower,20,18,13,0,51,0,0,22,0,22,20,18,35,0,73,32,0,32,105
11/30/2022,GJT,CO,ANM,WE,Federal Contract Tower,12,22,10,2,46,0,1,54,1,56,12,23,64,3,102,64,8,72,174
12/01/2022,GJT,CO,ANM,WE,Federal Contract Tower,15,14,15,10,54,0,5,58,0,63,15,19,73,10,117,76,2,78,195
12/02/2022,GJT,CO,ANM,WE,Federal Contract Tower,18,23,3,0,44,0,5,14,0,19,18,28,17,0,63,6,0,6,69
12/03/2022,GJT,CO,ANM,WE,Federal Contract Tower,15,16,7,1,39,0,1,29,2,32,15,17,36,3,71,76,8,84,155
12/04/2022,GJT,CO,ANM,WE,Federal Contract Tower,14,18,8,3,43,0,0,40,1,41,14,18,48,4,84,24,0,24,108
12/05/2022,GJT,CO,ANM,WE,Federal Contract Tower,13,11,11,2,37,0,0,28,0,28,13,11,39,2,65,24,0,24,89
12/06/2022,GJT,CO,ANM,WE,Federal Contract Tower,14,33,14,6,67,0,0,17,0,17,14,33,31,6,84,42,4,46,130
12/07/2022,GJT,CO,ANM,WE,Federal Contract Tower,14,28,15,0,57,0,0,2,0,2,14,28,17,0,59,4,0,4,63
12/08/2022,GJT,CO,ANM,WE,Federal Contract Tower,13,26,12,4,55,0,1,39,0,40,13,27,51,4,95,60,0,60,155
12/09/2022,GJT,CO,ANM,WE,Federal Contract Tower,15,26,19,11,71,0,1,66,0,67,15,27,85,11,138,46,0,46,184
12/10/2022,GJT,CO,ANM,WE,Federal Contract Tower,16,10,12,7,45,0,0,59,3,62,16,10,71,10,107,36,6,42,149
12/11/2022,GJT,CO,ANM,WE,Federal Contract Tower,15,15,12,2,44,0,0,38,0,38,15,15,50,2,82,20,8,28,110
12/12/2022,GJT,CO,ANM,WE,Federal Contract Tower,12,18,7,0,37,0,0,1,0,1,12,18,8,0,38,0,0,0,38
12/13/2022,GJT,CO,ANM,WE,Federal Contract Tower,20,26,15,0,61,0,0,8,0,8,20,26,23,0,69,0,0,0,69
12/14/2022,GJT,CO,ANM,WE,Federal Contract Tower,15,23,17,0,55,0,1,38,0,39,15,24,55,0,94,60,0,60,154
12/15/2022,GJT,CO,ANM,WE,Federal Contract Tower,21,21,17,0,59,0,1,2,0,3,21,22,19,0,62,0,0,0,62
12/16/2022,GJT,CO,ANM,WE,Federal Contract Tower,14,13,10,4,41,0,1,52,0,53,14,14,62,4,94,68,0,68,162
12/17/2022,GJT,CO,ANM,WE,Federal Contract Tower,17,9,23,1,50,0,0,66,0,66,17,9,89,1,116,66,18,84,200
12/18/2022,GJT,CO,ANM,WE,Federal Contract Tower,13,13,12,1,39,0,1,45,0,46,13,14,57,1,85,30,2,32,117
12/19/2022,GJT,CO,ANM,WE,Federal Contract Tower,12,17,15,4,48,0,1,59,2,62,12,18,74,6,110,52,0,52,162
12/20/2022,GJT,CO,ANM,WE,Federal Contract Tower,16,14,12,6,48,0,0,52,0,52,16,14,64,6,100,62,0,62,162
12/21/2022,GJT,CO,ANM,WE,Federal Contract Tower,17,16,9,0,42,0,1,53,2,56,17,17,62,2,98,92,0,92,190
12/22/2022,GJT,CO,ANM,WE,Federal Contract Tower,18,24,18,1,61,0,0,13,1,14,18,24,31,2,75,0,0,0,75
12/23/2022,GJT,CO,ANM,WE,Federal Contract Tower,12,11,16,0,39,0,0,34,0,34,12,11,50,0,73,64,0,64,137
12/24/2022,GJT,CO,ANM,WE,Federal Contract Tower,11,13,6,0,30,0,1,39,0,40,11,14,45,0,70,36,0,36,106
12/25/2022,GJT,CO,ANM,WE,Federal Contract Tower,9,13,2,0,24,0,0,9,0,9,9,13,11,0,33,0,0,0,33
12/26/2022,GJT,CO,ANM,WE,Federal Contract Tower,12,15,18,0,45,0,3,60,0,63,12,18,78,0,108,34,0,34,142
12/27/2022,GJT,CO,ANM,WE,Federal Contract Tower,20,33,18,0,71,0,1,51,0,52,20,34,69,0,123,98,0,98,221
12/28/2022,GJT,CO,ANM,WE,Federal Contract Tower,27,41,13,0,81,0,0,0,0,0,27,41,13,0,81,0,0,0,81
12/29/2022,GJT,CO,ANM,WE,Federal Contract Tower,16,17,27,1,61,0,0,0,0,0,16,17,27,1,61,0,0,0,61
12/30/2022,GJT,CO,ANM,WE,Federal Contract Tower,18,37,18,2,75,0,2,7,0,9,18,39,25,2,84,34,0,34,118
12/31/2022,GJT,CO,ANM,WE,Federal Contract Tower,13,53,17,0,83,0,0,0,0,0,13,53,17,0,83,0,0,0,83
01/01/2023,GJT,CO,ANM,WE,Federal Contract Tower,25,27,15,0,67,0,1,2,0,3,25,28,17,0,70,0,0,0,70
01/02/2023,GJT,CO,ANM,WE,Federal Contract Tower,24,41,22,0,87,0,0,0,0,0,24,41,22,0,87,0,0,0,87
01/03/2023,GJT,CO,ANM,WE,Federal Contract Tower,21,51,36,0,108,0,0,1,0,1,21,51,37,0,109,0,0,0,109
01/04/2023,GJT,CO,ANM,WE,Federal Contract Tower,15,20,19,4,58,0,0,62,0,62,15,20,81,4,120,64,0,64,184
01/05/2023,GJT,CO,ANM,WE,Federal Contract Tower,17,14,17,0,48,0,0,42,0,42,17,14,59,0,90,60,0,60,150
01/06/2023,GJT,CO,ANM,WE,Federal Contract Tower,24,39,17,1,81,0,0,0,0,0,24,39,17,1,81,0,0,0,81
01/07/2023,GJT,CO,ANM,WE,Federal Contract Tower,21,19,12,1,53,0,4,54,2,60,21,23,66,3,113,58,0,58,171
01/08/2023,GJT,CO,ANM,WE,Federal Contract Tower,17,4,17,0,38,0,1,33,0,34,17,5,50,0,72,20,0,20,92
01/09/2023,GJT,CO,ANM,WE,Federal Contract Tower,17,7,12,6,42,0,0,39,4,43,17,7,51,10,85,116,2,118,203
01/10/2023,GJT,CO,ANM,WE,Federal Contract Tower,20,12,12,8,52,0,0,35,0,35,20,12,47,8,87,64,0,64,151
01/11/2023,GJT,CO,ANM,WE,Federal Contract Tower,26,21,6,2,55,0,0,15,2,17,26,21,21,4,72,20,2,22,94
01/12/2023,GJT,CO,ANM,WE,Federal Contract Tower,17,14,11,8,50,0,1,70,2,73,17,15,81,10,123,124,6,130,253
01/13/2023,GJT,CO,ANM,WE,Federal Contract Tower,20,12,7,8,47,0,3,62,4,69,20,15,69,12,116,62,2,64,180
01/14/2023,GJT,CO,ANM,WE,Federal Contract Tower,16,8,4,3,31,0,1,43,0,44,16,9,47,3,75,84,0,84,159
01/15/2023,GJT,CO,ANM,WE,Federal Contract Tower,13,18,8,0,39,0,1,0,0,1,13,19,8,0,40,0,0,0,40
01/16/2023,GJT,CO,ANM,WE,Federal Contract Tower,17,29,16,0,62,0,0,7,0,7,17,29,23,0,69,0,0,0,69
01/17/2023,GJT,CO,ANM,WE,Federal Contract Tower,20,28,13,0,61,0,0,0,0,0,20,28,13,0,61,0,0,0,61
01/18/2023,GJT,CO,ANM,WE,Federal Contract Tower,34,34,16,2,86,0,0,15,0,15,34,34,31,2,101,34,0,34,135
01/19/2023,GJT,CO,ANM,WE,Federal Contract Tower,26,12,15,3,56,0,1,55,1,57,26,13,70,4,113,46,2,48,161
01/20/2023,GJT,CO,ANM,WE,Federal Contract Tower,17,18,14,1,50,0,1,54,2,57,17,19,68,3,107,82,4,86,193
01/21/2023,GJT,CO,ANM,WE,Federal Contract Tower,16,15,3,2,36,0,0,70,0,70,16,15,73,2,106,62,0,62,168
01/22/2023,GJT,CO,ANM,WE,Federal Contract Tower,15,12,10,0,37,0,0,36,0,36,15,12,46,0,73,40,0,40,113
01/23/2023,GJT,CO,ANM,WE,Federal Contract Tower,19,10,15,0,44,0,0,26,0,26,19,10,41,0,70,12,0,12,82
01/24/2023,GJT,CO,ANM,WE,Federal Contract Tower,17,19,10,0,46,0,1,38,1,40,17,20,48,1,86,58,0,58,144
01/25/2023,GJT,CO,ANM,WE,Federal Contract Tower,19,17,12,0,48,0,0,46,0,46,19,17,58,0,94,32,0,32,126
01/26/2023,GJT,CO,ANM,WE,Federal Contract Tower,18,17,6,0,41,0,0,60,0,60,18,17,66,0,101,52,0,52,153
01/27/2023,GJT,CO,ANM,WE,Federal Contract Tower,34,25,20,3,82,0,0,39,1,40,34,25,59,4,122,46,2,48,170
01/28/2023,GJT,CO,ANM,WE,Federal Contract Tower,34,19,11,1,65,0,0,26,0,26,34,19,37,1,91,46,0,46,137
01/29/2023,GJT,CO,ANM,WE,Federal Contract Tower,16,14,13,2,45,0,0,23,0,23,16,14,36,2,68,38,0,38,106
01/30/2023,GJT,CO,ANM,WE,Federal Contract Tower,18,44,21,0,83,0,0,6,0,6,18,44,27,0,89,0,0,0,89
01/31/2023,GJT,CO,ANM,WE,Federal Contract Tower,12,12,3,0,27,0,0,38,0,38,12,12,41,0,65,58,0,58,123
02/01/2023,GJT,CO,ANM,WE,Federal Contract Tower,8,20,10,0,38,0,1,67,0,68,8,21,77,0,106,42,0,42,148
02/02/2023,GJT,CO,ANM,WE,Federal Contract Tower,15,15,8,2,40,0,2,44,2,48,15,17,52,4,88,22,4,26,114
02/03/2023,GJT,CO,ANM,WE,Federal Contract Tower,23,10,9,6,48,0,1,56,6,63,23,11,65,12,111,36,20,56,167
02/04/2023,GJT,CO,ANM,WE,Federal Contract Tower,18,8,9,6,41,0,0,65,2,67,18,8,74,8,108,14,6,20,128
02/05/2023,GJT,CO,ANM,WE,Federal Contract Tower,23,5,6,2,36,0,0,31,0,31,23,5,37,2,67,10,0,10,77
02/06/2023,GJT,CO,ANM,WE,Federal Contract Tower,17,13,7,14,51,0,6,30,3,39,17,19,37,17,90,12,10,22,112
02/07/2023,GJT,CO,ANM,WE,Federal Contract Tower,22,10,12,3,47,0,4,57,1,62,22,14,69,4,109,40,2,42,151
02/08/2023,GJT,CO,ANM,WE,Federal Contract Tower,17,17,15,5,54,0,1,33,6,40,17,18,48,11,94,28,2,30,124
02/09/2023,GJT,CO,ANM,WE,Federal Contract Tower,20,12,13,2,47,0,4,25,0,29,20,16,38,2,76,66,0,66,142
02/10/2023,GJT,CO,ANM,WE,Federal Contract Tower,18,14,11,14,57,0,3,72,1,76,18,17,83,15,133,20,0,20,153
02/11/2023,GJT,CO,ANM,WE,Federal Contract Tower,17,7,2,10,36,0,0,51,2,53,17,7,53,12,89,24,4,28,117
02/12/2023,GJT,CO,ANM,WE,Federal Contract Tower,15,11,4,2,32,0,0,43,0,43,15,11,47,2,75,24,0,24,99
02/13/2023,GJT,CO,ANM,WE,Federal Contract Tower,18,20,9,4,51,0,0,26,0,26,18,20,35,4,77,12,0,12,89
02/14/2023,GJT,CO,ANM,WE,Federal Contract Tower,37,26,8,0,71,0,0,1,0,1,37,26,9,0,72,0,0,0,72
02/15/2023,GJT,CO,ANM,WE,Federal Contract Tower,18,18,8,0,44,0,0,0,0,0,18,18,8,0,44,0,0,0,44
02/16/2023,GJT,CO,ANM,WE,Federal Contract Tower,19,20,15,3,57,0,8,59,0,67,19,28,74,3,124,42,8,50,174
02/17/2023,GJT,CO,ANM,WE,Federal Contract Tower,21,14,11,15,61,0,4,71,0,75,21,18,82,15,136,96,0,96,232
02/18/2023,GJT,CO,ANM,WE,Federal Contract Tower,19,13,20,0,52,0,3,54,0,57,19,16,74,0,109,56,0,56,165
02/19/2023,GJT,CO,ANM,WE,Federal Contract Tower,16,18,6,3,43,0,2,37,1,40,16,20,43,4,83,28,0,28,111
02/20/2023,GJT,CO,ANM,WE,Federal Contract Tower,25,12,6,0,43,0,1,54,0,55,25,13,60,0,98,38,0,38,136
02/21/2023,GJT,CO,ANM,WE,Federal Contract Tower,18,19,21,8,66,0,0,49,0,49,18,19,70,8,115,50,14,64,179
02/22/2023,GJT,CO,ANM,WE,Federal Contract Tower,15,16,15,0,46,0,0,0,0,0,15,16,15,0,46,0,0,0,46
02/23/2023,GJT,CO,ANM,WE,Federal Contract Tower,19,23,11,0,53,0,0,12,0,12,19,23,23,0,65,4,0,4,69
02/24/2023,GJT,CO,ANM,WE,Federal Contract Tower,23,18,9,0,50,0,0,39,0,39,23,18,48,0,89,78,0,78,167
02/25/2023,GJT,CO,ANM,WE,Federal Contract Tower,20,16,7,0,43,0,7,83,1,91,20,23,90,1,134,58,0,58,192
02/26/2023,GJT,CO,ANM,WE,Federal Contract Tower,22,19,20,0,61,0,3,11,0,14,22,22,31,0,75,4,0,4,79
02/27/2023,GJT,CO,ANM,WE,Federal Contract Tower,23,14,17,0,54,0,0,39,0,39,23,14,56,0,93,16,0,16,109
03/01/2023,GJT,CO,ANM,WE,Federal Contract Tower,18,30,14,0,62,0,0,3,0,3,18,30,17,0,65,0,0,0,65
03/02/2023,GJT,CO,ANM,WE,Federal Contract Tower,14,18,20,3,55,0,7,89,3,99,14,25,109,6,154,144,20,164,318
03/03/2023,GJT,CO,ANM,WE,Federal Contract Tower,30,31,19,3,83,0,1,41,2,44,30,32,60,5,127,48,12,60,187
03/04/2023,GJT,CO,ANM,WE,Federal Contract Tower,18,17,14,9,58,0,0,80,0,80,18,17,94,9,138,80,4,84,222
03/05/2023,GJT,CO,ANM,WE,Federal Contract Tower,18,18,11,0,47,0,0,14,2,16,18,18,25,2,63,4,0,4,67
03/06/2023,GJT,CO,ANM,WE,Federal Contract Tower,16,14,9,2,41,0,3,22,0,25,16,17,31,2,66,0,0,0,66
03/08/2023,GJT,CO,ANM,WE,Federal Contract Tower,20,17,17,2,56,0,6,73,0,79,20,23,90,2,135,58,0,58,193
03/09/2023,GJT,CO,ANM,WE,Federal Contract Tower,12,19,6,2,39,0,2,84,0,86,12,21,90,2,125,104,0,104,229
03/10/2023,GJT,CO,ANM,WE,Federal Contract Tower,28,40,22,6,96,0,0,2,0,2,28,40,24,6,98,0,0,0,98
03/11/2023,GJT,CO,ANM,WE,Federal Contract Tower,18,17,6,3,44,0,0,2,0,2,18,17,8,3,46,0,0,0,46
03/12/2023,GJT,CO,ANM,WE,Federal Contract Tower,17,18,8,2,45,0,0,11,2,13,17,18,19,4,58,8,0,8,66
03/13/2023,GJT,CO,ANM,WE,Federal Contract Tower,18,25,20,1,64,0,0,53,0,53,18,25,73,1,117,28,0,28,145
03/14/2023,GJT,CO,ANM,WE,Federal Contract Tower,18,16,4,0,38,0,3,57,0,60,18,19,61,0,98,80,0,80,178
03/15/2023,GJT,CO,ANM,WE,Federal Contract Tower,15,30,7,0,52,0,0,1,0,1,15,30,8,0,53,0,0,0,53
03/16/2023,GJT,CO,ANM,WE,Federal Contract Tower,18,25,12,6,61,0,6,33,2,41,18,31,45,8,102,22,12,34,136
03/17/2023,GJT,CO,ANM,WE,Federal Contract Tower,23,19,8,14,64,0,1,132,1,134,23,20,140,15,198,154,6,160,358
03/18/2023,GJT,CO,ANM,WE,Federal Contract Tower,14,14,10,6,44,0,0,84,1,85,14,14,94,7,129,122,22,144,273
03/19/2023,GJT,CO,ANM,WE,Federal Contract Tower,14,10,9,1,34,0,0,32,1,33,14,10,41,2,67,16,0,16,83
03/20/2023,GJT,CO,ANM,WE,Federal Contract Tower,17,24,14,9,64,0,0,5,0,5,17,24,19,9,69,0,0,0,69
03/21/2023,GJT,CO,ANM,WE,Federal Contract Tower,21,24,8,2,55,0,1,20,0,21,21,25,28,2,76,26,0,26,102
03/22/2023,GJT,CO,ANM,WE,Federal Contract Tower,35,44,17,0,96,0,0,0,0,0,35,44,17,0,96,0,0,0,96
03/23/2023,GJT,CO,ANM,WE,Federal Contract Tower,21,19,7,21,68,0,6,23,2,31,21,25,30,23,99,20,12,32,131
03/24/2023,GJT,CO,ANM,WE,Federal Contract Tower,19,20,6,1,46,0,1,4,0,5,19,21,10,1,51,4,0,4,55
03/25/2023,GJT,CO,ANM,WE,Federal Contract Tower,25,13,14,0,52,0,7,55,1,63,25,20,69,1,115,62,0,62,177
03/26/2023,GJT,CO,ANM,WE,Federal Contract Tower,19,20,11,0,50,0,1,22,1,24,19,21,33,1,74,6,0,6,80
03/27/2023,GJT,CO,ANM,WE,Federal Contract Tower,23,22,16,3,64,0,0,50,0,50,23,22,66,3,114,46,0,46,160
03/28/2023,GJT,CO,ANM,WE,Federal Contract Tower,19,15,11,1,46,0,1,67,5,73,19,16,78,6,119,88,0,88,207
03/29/2023,GJT,CO,ANM,WE,Federal Contract Tower,24,15,15,0,54,0,12,63,0,75,24,27,78,0,129,50,0,50,179
03/30/2023,GJT,CO,ANM,WE,Federal Contract Tower,25,32,17,0,74,0,0,9,0,9,25,32,26,0,83,10,0,10,93
03/31/2023,GJT,CO,ANM,WE,Federal Contract Tower,21,20,33,9,83,0,1,15,1,17,21,21,48,10,100,8,0,8,108
04/01/2023,GJT,CO,ANM,WE,Federal Contract Tower,18,12,11,1,42,0,2,64,10,76,18,14,75,11,118,52,14,66,184
04/02/2023,GJT,CO,ANM,WE,Federal Contract Tower,19,13,6,5,43,0,1,53,3,57,19,14,59,8,100,16,0,16,116
04/03/2023,GJT,CO,ANM,WE,Federal Contract Tower,21,15,14,5,55,0,0,2,0,2,21,15,16,5,57,0,0,0,57
04/04/2023,GJT,CO,ANM,WE,Federal Contract Tower,20,19,15,0,54,0,0,7,0,7,20,19,22,0,61,0,0,0,61
04/05/2023,GJT,CO,ANM,WE,Federal Contract Tower,15,16,17,4,52,0,0,35,2,37,15,16,52,6,89,24,14,38,127
04/06/2023,GJT,CO,ANM,WE,Federal Contract Tower,13,16,19,9,57,0,3,114,2,119,13,19,133,11,176,120,2,122,298
04/07/2023,GJT,CO,ANM,WE,Federal Contract Tower,16,22,15,6,59,0,7,95,3,105,16,29,110,9,164,108,0,108,272
04/08/2023,GJT,CO,ANM,WE,Federal Contract Tower,22,13,10,10,55,0,0,113,8,121,22,13,123,18,176,74,24,98,274
04/09/2023,GJT,CO,ANM,WE,Federal Contract Tower,12,16,8,0,36,0,2,42,4,48,12,18,50,4,84,4,0,4,88
04/10/2023,GJT,CO,ANM,WE,Federal Contract Tower,15,18,27,0,60,0,4,64,0,68,15,22,91,0,128,78,0,78,206
04/11/2023,GJT,CO,ANM,WE,Federal Contract Tower,13,23,10,0,46,0,0,70,2,72,13,23,80,2,118,52,0,52,170
04/12/2023,GJT,CO,ANM,WE,Federal Contract Tower,14,20,6,4,44,0,2,34,4,40,14,22,40,8,84,26,0,26,110
04/13/2023,GJT,CO,ANM,WE,Federal Contract Tower,13,21,11,6,51,0,3,36,0,39,13,24,47,6,90,6,0,6,96
04/14/2023,GJT,CO,ANM,WE,Federal Contract Tower,21,25,12,0,58,0,2,11,0,13,21,27,23,0,71,2,0,2,73
04/15/2023,GJT,CO,ANM,WE,Federal Contract Tower,15,12,5,2,34,0,0,65,0,65,15,12,70,2,99,62,0,62,161
04/16/2023,GJT,CO,ANM,WE,Federal Contract Tower,12,16,7,1,36,0,0,57,0,57,12,16,64,1,93,24,0,24,117
04/17/2023,GJT,CO,ANM,WE,Federal Contract Tower,21,11,12,7,51,0,1,60,2,63,21,12,72,9,114,48,0,48,162
04/18/2023,GJT,CO,ANM,WE,Federal Contract Tower,15,13,7,2,37,0,0,12,0,12,15,13,19,2,49,0,0,0,49
04/19/2023,GJT,CO,ANM,WE,Federal Contract Tower,19,21,13,2,55,0,0,12,2,14,19,21,25,4,69,10,0,10,79
04/20/2023,GJT,CO,ANM,WE,Federal Contract Tower,18,17,11,11,57,0,0,45,1,46,18,17,56,12,103,52,6,58,161
04/21/2023,GJT,CO,ANM,WE,Federal Contract Tower,18,16,14,7,55,0,9,50,0,59,18,25,64,7,114,42,0,42,156
04/22/2023,GJT,CO,ANM,WE,Federal Contract Tower,13,15,2,4,34,0,2,45,0,47,13,17,47,4,81,48,0,48,129
04/23/2023,GJT,CO,ANM,WE,Federal Contract Tower,15,14,13,2,44,0,0,79,1,80,15,14,92,3,124,50,2,52,176
04/24/2023,GJT,CO,ANM,WE,Federal Contract Tower,19,13,12,2,46,0,12,48,0,60,19,25,60,2,106,28,0,28,134
04/25/2023,GJT,CO,ANM,WE,Federal Contract Tower,34,24,12,0,70,0,1,3,0,4,34,25,15,0,74,0,0,0,74
04/26/2023,GJT,CO,ANM,WE,Federal Contract Tower,15,22,14,6,57,0,1,82,1,84,15,23,96,7,141,94,0,94,235
04/27/2023,GJT,CO,ANM,WE,Federal Contract Tower,18,19,12,1,50,0,0,92,0,92,18,19,104,1,142,82,0,82,224
04/28/2023,GJT,CO,ANM,WE,Federal Contract Tower,17,24,10,7,58,0,4,66,2,72,17,28,76,9,130,104,0,104,234
04/29/2023,GJT,CO,ANM,WE,Federal Contract Tower,12,11,5,1,29,0,0,80,0,80,12,11,85,1,109,70,0,70,179
04/30/2023,GJT,CO,ANM,WE,Federal Contract Tower,12,15,8,10,45,0,2,67,0,69,12,17,75,10,114,22,0,22,136
05/01/2023,GJT,CO,ANM,WE,Federal Contract Tower,19,9,12,0,40,0,1,75,0,76,19,10,87,0,116,46,0,46,162
05/02/2023,GJT,CO,ANM,WE,Federal Contract Tower,13,17,17,1,48,0,1,43,1,45,13,18,60,2,93,70,0,70,163
05/03/2023,GJT,CO,ANM,WE,Federal Contract Tower,15,22,8,4,49,0,0,72,4,76,15,22,80,8,125,76,0,76,201
05/04/2023,GJT,CO,ANM,WE,Federal Contract Tower,25,20,12,0,57,0,8,32,0,40,25,28,44,0,97,14,0,14,111
05/05/2023,GJT,CO,ANM,WE,Federal Contract Tower,23,14,9,6,52,0,8,43,0,51,23,22,52,6,103,22,0,22,125
05/06/2023,GJT,CO,ANM,WE,Federal Contract Tower,17,15,11,2,45,0,0,33,4,37,17,15,44,6,82,50,6,56,138
05/07/2023,GJT,CO,ANM,WE,Federal Contract Tower,16,8,17,0,41,0,0,15,0,15,16,8,32,0,56,8,0,8,64
05/08/2023,GJT,CO,ANM,WE,Federal Contract Tower,22,9,9,2,42,0,0,61,1,62,22,9,70,3,104,52,0,52,156
05/09/2023,GJT,CO,ANM,WE,Federal Contract Tower,16,10,13,0,39,0,2,54,0,56,16,12,67,0,95,46,0,46,141
05/10/2023,GJT,CO,ANM,WE,Federal Contract Tower,23,17,14,4,58,0,0,39,0,39,23,17,53,4,97,36,0,36,133
05/11/2023,GJT,CO,ANM,WE,Federal Contract Tower,20,15,15,5,55,0,0,49,0,49,20,15,64,5,104,36,0,36,140
05/12/2023,GJT,CO,ANM,WE,Federal Contract Tower,20,15,21,3,59,0,1,59,0,60,20,16,80,3,119,30,0,30,149
05/13/2023,GJT,CO,ANM,WE,Federal Contract Tower,18,8,11,2,39,0,0,41,2,43,18,8,52,4,82,40,0,40,122
05/14/2023,GJT,CO,ANM,WE,Federal Contract Tower,19,10,12,2,43,0,3,17,0,20,19,13,29,2,63,6,0,6,69
05/15/2023,GJT,CO,ANM,WE,Federal Contract Tower,22,11,15,2,50,0,3,56,1,60,22,14,71,3,110,66,12,78,188
05/16/2023,GJT,CO,ANM,WE,Federal Contract Tower,15,22,10,4,51,0,3,65,0,68,15,25,75,4,119,48,2,50,169
05/17/2023,GJT,CO,ANM,WE,Federal Contract Tower,18,24,10,0,52,0,2,54,0,56,18,26,64,0,108,90,0,90,198
05/18/2023,GJT,CO,ANM,WE,Federal Contract Tower,20,15,18,0,53,0,1,46,0,47,20,16,64,0,100,60,0,60,160
05/19/2023,GJT,CO,ANM,WE,Federal Contract Tower,21,14,18,0,53,0,3,65,0,68,21,17,83,0,121,66,0,66,187
05/20/2023,GJT,CO,ANM,WE,Federal Contract Tower,17,13,11,0,41,0,2,49,0,51,17,15,60,0,92,38,0,38,130
05/21/2023,GJT,CO,ANM,WE,Federal Contract Tower,18,12,12,0,42,0,0,52,0,52,18,12,64,0,94,42,0,42,136
05/22/2023,GJT,CO,ANM,WE,Federal Contract Tower,22,9,3,1,35,0,0,48,0,48,22,9,51,1,83,26,0,26,109
05/23/2023,GJT,CO,ANM,WE,Federal Contract Tower,16,10,14,2,42,0,3,58,7,68,16,13,72,9,110,26,0,26,136
05/24/2023,GJT,CO,ANM,WE,Federal Contract Tower,17,22,14,0,53,0,0,43,0,43,17,22,57,0,96,52,0,52,148
05/25/2023,GJT,CO,ANM,WE,Federal Contract Tower,20,14,13,0,47,0,4,59,4,67,20,18,72,4,114,34,0,34,148
05/26/2023,GJT,CO,ANM,WE,Federal Contract Tower,24,11,14,1,50,0,7,58,0,65,24,18,72,1,115,32,0,32,147
05/27/2023,GJT,CO,ANM,WE,Federal Contract Tower,25,7,6,0,38,0,1,46,0,47,25,8,52,0,85,18,0,18,103
05/28/2023,GJT,CO,ANM,WE,Federal Contract Tower,19,9,8,1,37,0,0,57,0,57,19,9,65,1,94,64,0,64,158
05/29/2023,GJT,CO,ANM,WE,Federal Contract Tower,29,9,14,0,52,0,5,69,0,74,29,14,83,0,126,20,0,20,146
05/30/2023,GJT,CO,ANM,WE,Federal Contract Tower,21,8,20,0,49,0,0,65,0,65,21,8,85,0,114,28,0,28,142
05/31/2023,GJT,CO,ANM,WE,Federal Contract Tower,19,17,15,0,51,0,2,54,0,56,19,19,69,0,107,54,0,54,161
06/01/2023,GJT,CO,ANM,WE,Federal Contract Tower,20,14,17,0,51,0,1,38,0,39,20,15,55,0,90,32,0,32,122
06/02/2023,GJT,CO,ANM,WE,Federal Contract Tower,23,15,15,3,56,0,1,32,0,33,23,16,47,3,89,36,0,36,125
06/03/2023,GJT,CO,ANM,WE,Federal Contract Tower,19,8,9,0,36,0,4,56,0,60,19,12,65,0,96,38,0,38,134
06/04/2023,GJT,CO,ANM,WE,Federal Contract Tower,18,4,11,0,33,0,0,69,1,70,18,4,80,1,103,40,0,40,143
06/05/2023,GJT,CO,ANM,WE,Federal Contract Tower,20,10,8,4,42,0,1,67,0,68,20,11,75,4,110,54,0,54,164
06/06/2023,GJT,CO,ANM,WE,Federal Contract Tower,24,9,11,1,45,0,1,51,0,52,24,10,62,1,97,38,0,38,135
06/07/2023,GJT,CO,ANM,WE,Federal Contract Tower,21,16,10,2,49,0,0,48,2,50,21,16,58,4,99,80,0,80,179
06/08/2023,GJT,CO,ANM,WE,Federal Contract Tower,17,19,18,0,54,0,7,86,0,93,17,26,104,0,147,58,8,66,213
06/09/2023,GJT,CO,ANM,WE,Federal Contract Tower,22,11,20,5,58,0,12,65,3,80,22,23,85,8,138,48,0,48,186
06/10/2023,GJT,CO,ANM,WE,Federal Contract Tower,16,10,13,0,39,0,0,62,3,65,16,10,75,3,104,52,6,58,162
06/11/2023,GJT,CO,ANM,WE,Federal Contract Tower,18,13,24,9,64,0,0,48,1,49,18,13,72,10,113,24,14,38,151
06/12/2023,GJT,CO,ANM,WE,Federal Contract Tower,21,16,17,7,61,0,0,44,4,48,21,16,61,11,109,10,0,10,119
06/13/2023,GJT,CO,ANM,WE,Federal Contract Tower,19,9,16,4,48,0,5,57,1,63,19,14,73,5,111,78,0,78,189
06/14/2023,GJT,CO,ANM,WE,Federal Contract Tower,17,11,17,2,47,0,2,61,6,69,17,13,78,8,116,50,10,60,176
06/15/2023,GJT,CO,ANM,WE,Federal Contract Tower,20,11,9,4,44,0,0,30,1,31,20,11,39,5,75,54,18,72,147
06/16/2023,GJT,CO,ANM,WE,Federal Contract Tower,25,11,6,16,58,0,1,57,0,58,25,12,63,16,116,76,12,88,204
06/17/2023,GJT,CO,ANM,WE,Federal Contract Tower,17,3,12,10,42,0,3,51,0,54,17,6,63,10,96,44,8,52,148
06/18/2023,GJT,CO,ANM,WE,Federal Contract Tower,18,9,6,2,35,0,4,25,0,29,18,13,31,2,64,12,0,12,76
06/19/2023,GJT,CO,ANM,WE,Federal Contract Tower,18,13,13,0,44,0,6,16,4,26,18,19,29,4,70,0,0,0,70
06/20/2023,GJT,CO,ANM,WE,Federal Contract Tower,19,11,18,2,50,0,5,28,4,37,19,16,46,6,87,6,6,12,99
06/21/2023,GJT,CO,ANM,WE,Federal Contract Tower,23,15,10,0,48,0,1,71,2,74,23,16,81,2,122,44,0,44,166
06/22/2023,GJT,CO,ANM,WE,Federal Contract Tower,22,12,15,4,53,0,0,67,2,69,22,12,82,6,122,70,0,70,192
06/23/2023,GJT,CO,ANM,WE,Federal Contract Tower,20,11,13,2,46,0,4,14,1,19,20,15,27,3,65,8,0,8,73
06/24/2023,GJT,CO,ANM,WE,Federal Contract Tower,16,13,4,6,39,0,2,109,1,112,16,15,113,7,151,34,18,52,203
06/27/2023,GJT,CO,ANM,WE,Federal Contract Tower,20,12,14,1,47,0,0,57,0,57,20,12,71,1,104,28,0,28,132
06/28/2023,GJT,CO,ANM,WE,Federal Contract Tower,15,10,8,6,39,0,0,90,0,90,15,10,98,6,129,10,6,16,145
06/29/2023,GJT,CO,ANM,WE,Federal Contract Tower,28,9,22,2,61,0,1,61,1,63,28,10,83,3,124,28,6,34,158
06/30/2023,GJT,CO,ANM,WE,Federal Contract Tower,18,6,14,8,46,0,3,57,0,60,18,9,71,8,106,40,6,46,152
07/01/2023,GJT,CO,ANM,WE,Federal Contract Tower,13,10,15,0,38,0,7,84,0,91,13,17,99,0,129,50,0,50,179
07/02/2023,GJT,CO,ANM,WE,Federal Contract Tower,16,8,9,0,33,0,1,55,0,56,16,9,64,0,89,48,0,48,137
07/03/2023,GJT,CO,ANM,WE,Federal Contract Tower,13,14,9,6,42,0,0,51,0,51,13,14,60,6,93,20,0,20,113
07/04/2023,GJT,CO,ANM,WE,Federal Contract Tower,15,10,6,0,31,0,2,41,0,43,15,12,47,0,74,10,0,10,84
07/05/2023,GJT,CO,ANM,WE,Federal Contract Tower,18,18,14,0,50,0,4,66,0,70,18,22,80,0,120,24,0,24,144
07/06/2023,GJT,CO,ANM,WE,Federal Contract Tower,32,15,18,2,67,0,1,89,0,90,32,16,107,2,157,44,2,46,203
07/07/2023,GJT,CO,ANM,WE,Federal Contract Tower,23,11,13,15,62,0,7,69,4,80,23,18,82,19,142,64,10,74,216
07/08/2023,GJT,CO,ANM,WE,Federal Contract Tower,17,10,8,5,40,0,3,56,4,63,17,13,64,9,103,42,14,56,159
07/09/2023,GJT,CO,ANM,WE,Federal Contract Tower,18,11,17,3,49,0,1,69,8,78,18,12,86,11,127,50,0,50,177
07/10/2023,GJT,CO,ANM,WE,Federal Contract Tower,18,10,16,0,44,0,0,117,0,117,18,10,133,0,161,26,0,26,187
07/11/2023,GJT,CO,ANM,WE,Federal Contract Tower,19,14,12,2,47,0,1,76,1,78,19,15,88,3,125,56,8,64,189
07/12/2023,GJT,CO,ANM,WE,Federal Contract Tower,16,15,17,7,55,0,3,74,2,79,16,18,91,9,134,62,8,70,204
07/13/2023,GJT,CO,ANM,WE,Federal Contract Tower,18,14,14,0,46,0,3,80,2,85,18,17,94,2,131,28,0,28,159
07/14/2023,GJT,CO,ANM,WE,Federal Contract Tower,24,8,11,2,45,0,3,75,5,83,24,11,86,7,128,18,8,26,154
07/15/2023,GJT,CO,ANM,WE,Federal Contract Tower,17,5,9,0,31,0,3,47,0,50,17,8,56,0,81,44,0,44,125
07/17/2023,GJT,CO,ANM,WE,Federal Contract Tower,23,4,6,7,40,0,0,55,2,57,23,4,61,9,97,20,0,20,117
07/18/2023,GJT,CO,ANM,WE,Federal Contract Tower,20,12,11,0,43,0,0,63,2,65,20,12,74,2,108,76,0,76,184
07/19/2023,GJT,CO,ANM,WE,Federal Contract Tower,17,16,16,14,63,0,4,94,0,98,17,20,110,14,161,36,4,40,201
07/20/2023,GJT,CO,ANM,WE,Federal Contract Tower,31,17,20,11,79,0,5,105,0,110,31,22,125,11,189,34,4,38,227
07/21/2023,GJT,CO,ANM,WE,Federal Contract Tower,21,13,14,2,50,0,5,61,0,66,21,18,75,2,116,20,0,20,136
07/22/2023,GJT,CO,ANM,WE,Federal Contract Tower,18,5,15,2,40,0,6,76,0,82,18,11,91,2,122,42,0,42,164
07/23/2023,GJT,CO,ANM,WE,Federal Contract Tower,22,6,12,2,42,0,1,55,0,56,22,7,67,2,98,44,0,44,142
07/24/2023,GJT,CO,ANM,WE,Federal Contract Tower,30,17,28,6,81,0,1,63,0,64,30,18,91,6,145,54,0,54,199
07/25/2023,GJT,CO,ANM,WE,Federal Contract Tower,23,20,12,2,57,0,3,53,0,56,23,23,65,2,113,98,0,98,211
07/26/2023,GJT,CO,ANM,WE,Federal Contract Tower,20,18,12,2,52,0,1,103,4,108,20,19,115,6,160,72,0,72,232
07/27/2023,GJT,CO,ANM,WE,Federal Contract Tower,20,20,11,3,54,0,5,103,12,120,20,25,114,15,174,66,0,66,240
07/28/2023,GJT,CO,ANM,WE,Federal Contract Tower,30,15,25,8,78,0,7,101,0,108,30,22,126,8,186,76,0,76,262
07/29/2023,GJT,CO,ANM,WE,Federal Contract Tower,24,7,6,6,43,0,5,75,1,81,24,12,81,7,124,74,8,82,206
07/30/2023,GJT,CO,ANM,WE,Federal Contract Tower,17,12,15,0,44,0,0,48,1,49,17,12,63,1,93,34,0,34,127
07/31/2023,GJT,CO,ANM,WE,Federal Contract Tower,18,9,16,2,45,0,0,38,0,38,18,9,54,2,83,28,0,28,111
08/01/2023,GJT,CO,ANM,WE,Federal Contract Tower,20,12,16,6,54,0,0,34,3,37,20,12,50,9,91,28,0,28,119
08/02/2023,GJT,CO,ANM,WE,Federal Contract Tower,13,22,12,6,53,0,4,79,0,83,13,26,91,6,136,52,2,54,190
08/03/2023,GJT,CO,ANM,WE,Federal Contract Tower,37,24,20,2,83,0,3,57,5,65,37,27,77,7,148,40,0,40,188
08/04/2023,GJT,CO,ANM,WE,Federal Contract Tower,23,14,6,12,55,0,2,48,14,64,23,16,54,26,119,50,16,66,185
08/05/2023,GJT,CO,ANM,WE,Federal Contract Tower,17,8,12,3,40,0,5,59,2,66,17,13,71,5,106,14,12,26,132
08/06/2023,GJT,CO,ANM,WE,Federal Contract Tower,20,5,16,6,47,0,2,60,7,69,20,7,76,13,116,32,0,32,148
08/07/2023,GJT,CO,ANM,WE,Federal Contract Tower,19,13,13,2,47,0,0,36,0,36,19,13,49,2,83,12,0,12,95
08/08/2023,GJT,CO,ANM,WE,Federal Contract Tower,20,11,25,4,60,0,2,63,0,65,20,13,88,4,125,28,0,28,153
08/09/2023,GJT,CO,ANM,WE,Federal Contract Tower,17,17,10,2,46,0,3,89,3,95,17,20,99,5,141,106,0,106,247
08/10/2023,GJT,CO,ANM,WE,Federal Contract Tower,20,16,12,2,50,0,5,50,0,55,20,21,62,2,105,60,0,60,165
08/11/2023,GJT,CO,ANM,WE,Federal Contract Tower,21,14,20,5,60,0,3,104,2,109,21,17,124,7,169,18,0,18,187
08/12/2023,GJT,CO,ANM,WE,Federal Contract Tower,18,9,7,0,34,0,4,61,4,69,18,13,68,4,103,46,0,46,149
08/13/2023,GJT,CO,ANM,WE,Federal Contract Tower,19,7,6,3,35,0,0,47,1,48,19,7,53,4,83,20,2,22,105
08/14/2023,GJT,CO,ANM,WE,Federal Contract Tower,19,10,16,2,47,0,0,49,0,49,19,10,65,2,96,26,0,26,122
08/15/2023,GJT,CO,ANM,WE,Federal Contract Tower,18,15,17,2,52,0,1,63,0,64,18,16,80,2,116,30,0,30,146
08/16/2023,GJT,CO,ANM,WE,Federal Contract Tower,15,21,8,0,44,0,3,80,1,84,15,24,88,1,128,42,0,42,170
08/17/2023,GJT,CO,ANM,WE,Federal Contract Tower,25,16,16,6,63,0,4,66,0,70,25,20,82,6,133,30,0,30,163
08/18/2023,GJT,CO,ANM,WE,Federal Contract Tower,23,17,17,3,60,0,0,46,1,47,23,17,63,4,107,42,0,42,149
08/19/2023,GJT,CO,ANM,WE,Federal Contract Tower,15,9,15,0,39,0,3,90,1,94,15,12,105,1,133,94,0,94,227
08/20/2023,GJT,CO,ANM,WE,Federal Contract Tower,16,9,16,2,43,0,0,55,1,56,16,9,71,3,99,26,0,26,125
08/21/2023,GJT,CO,ANM,WE,Federal Contract Tower,24,10,26,2,62,0,2,44,3,49,24,12,70,5,111,12,6,18,129
08/22/2023,GJT,CO,ANM,WE,Federal Contract Tower,17,11,18,2,48,0,3,58,5,66,17,14,76,7,114,64,0,64,178
08/23/2023,GJT,CO,ANM,WE,Federal Contract Tower,14,18,17,13,62,0,3,75,9,87,14,21,92,22,149,104,26,130,279
08/24/2023,GJT,CO,ANM,WE,Federal Contract Tower,16,19,20,0,55,0,5,49,2,56,16,24,69,2,111,22,0,22,133
08/25/2023,GJT,CO,ANM,WE,Federal Contract Tower,18,17,20,4,59,0,3,49,0,52,18,20,69,4,111,92,0,92,203
08/26/2023,GJT,CO,ANM,WE,Federal Contract Tower,15,11,9,0,35,0,2,55,0,57,15,13,64,0,92,66,0,66,158
08/27/2023,GJT,CO,ANM,WE,Federal Contract Tower,28,9,13,2,52,0,2,67,0,69,28,11,80,2,121,24,0,24,145
08/28/2023,GJT,CO,ANM,WE,Federal Contract Tower,20,11,19,4,54,0,0,52,0,52,20,11,71,4,106,58,0,58,164
08/29/2023,GJT,CO,ANM,WE,Federal Contract Tower,17,15,13,2,47,0,1,56,2,59,17,16,69,4,106,76,0,76,182
08/30/2023,GJT,CO,ANM,WE,Federal Contract Tower,16,14,20,2,52,0,5,78,2,85,16,19,98,4,137,48,0,48,185
08/31/2023,GJT,CO,ANM,WE,Federal Contract Tower,17,14,13,0,44,0,3,111,4,118,17,17,124,4,162,166,2,168,330
