01/01/2020,GLH,MS,ASO,CE,Federal Contract Tower,0,5,2,0,7,0,0,12,0,12,0,5,14,0,19,2,0,2,21
01/02/2020,GLH,MS,ASO,CE,Federal Contract Tower,0,5,1,0,6,0,0,0,0,0,0,5,1,0,6,0,0,0,6
01/03/2020,GLH,MS,ASO,CE,Federal Contract Tower,0,3,6,0,9,0,0,0,0,0,0,3,6,0,9,0,0,0,9
01/04/2020,GLH,MS,ASO,CE,Federal Contract Tower,0,2,0,0,2,0,0,4,0,4,0,2,4,0,6,0,0,0,6
01/05/2020,GLH,MS,ASO,CE,Federal Contract Tower,0,4,4,0,8,0,0,2,0,2,0,4,6,0,10,0,0,0,10
01/06/2020,GLH,MS,ASO,CE,Federal Contract Tower,0,5,5,0,10,0,0,12,0,12,0,5,17,0,22,4,18,22,44
01/07/2020,GLH,MS,ASO,CE,Federal Contract Tower,0,2,0,0,2,0,0,34,0,34,0,2,34,0,36,0,0,0,36
01/08/2020,GLH,MS,ASO,CE,Federal Contract Tower,0,4,0,2,6,0,0,40,0,40,0,4,40,2,46,4,26,30,76
01/09/2020,GLH,MS,ASO,CE,Federal Contract Tower,0,5,0,6,11,0,0,0,0,0,0,5,0,6,11,0,94,94,105
01/10/2020,GLH,MS,ASO,CE,Federal Contract Tower,0,4,0,0,4,0,0,2,0,2,0,4,2,0,6,0,0,0,6
01/14/2020,GLH,MS,ASO,CE,Federal Contract Tower,0,4,0,0,4,0,0,0,0,0,0,4,0,0,4,0,0,0,4
01/15/2020,GLH,MS,ASO,CE,Federal Contract Tower,0,4,2,0,6,0,0,0,0,0,0,4,2,0,6,0,0,0,6
01/16/2020,GLH,MS,ASO,CE,Federal Contract Tower,0,7,0,0,7,0,0,2,0,2,0,7,2,0,9,0,0,0,9
01/17/2020,GLH,MS,ASO,CE,Federal Contract Tower,0,3,4,0,7,0,0,20,0,20,0,3,24,0,27,10,0,10,37
01/18/2020,GLH,MS,ASO,CE,Federal Contract Tower,0,0,4,2,6,0,0,0,1,1,0,0,4,3,7,0,4,4,11
01/19/2020,GLH,MS,ASO,CE,Federal Contract Tower,0,5,4,0,9,0,0,26,0,26,0,5,30,0,35,4,0,4,39
01/20/2020,GLH,MS,ASO,CE,Federal Contract Tower,0,7,0,0,7,0,0,58,0,58,0,7,58,0,65,4,0,4,69
01/21/2020,GLH,MS,ASO,CE,Federal Contract Tower,0,5,1,2,8,0,0,15,0,15,0,5,16,2,23,2,36,38,61
01/22/2020,GLH,MS,ASO,CE,Federal Contract Tower,0,5,1,4,10,0,0,30,0,30,0,5,31,4,40,4,64,68,108
01/23/2020,GLH,MS,ASO,CE,Federal Contract Tower,0,3,3,0,6,0,0,0,0,0,0,3,3,0,6,0,0,0,6
01/24/2020,GLH,MS,ASO,CE,Federal Contract Tower,0,5,0,4,9,0,0,21,0,21,0,5,21,4,30,18,72,90,120
01/25/2020,GLH,MS,ASO,CE,Federal Contract Tower,0,2,1,0,3,0,0,118,0,118,0,2,119,0,121,2,0,2,123
01/26/2020,GLH,MS,ASO,CE,Federal Contract Tower,0,5,4,0,9,0,0,1,0,1,0,5,5,0,10,0,0,0,10
01/27/2020,GLH,MS,ASO,CE,Federal Contract Tower,0,2,1,2,5,0,0,36,0,36,0,2,37,2,41,14,30,44,85
01/28/2020,GLH,MS,ASO,CE,Federal Contract Tower,0,3,1,2,6,0,0,8,1,9,0,3,9,3,15,0,32,32,47
01/29/2020,GLH,MS,ASO,CE,Federal Contract Tower,0,6,1,5,12,0,0,2,0,2,0,6,3,5,14,0,32,32,46
01/30/2020,GLH,MS,ASO,CE,Federal Contract Tower,0,7,1,0,8,0,0,16,0,16,0,7,17,0,24,0,0,0,24
01/31/2020,GLH,MS,ASO,CE,Federal Contract Tower,0,5,5,0,10,0,0,9,0,9,0,5,14,0,19,0,0,0,19
02/01/2020,GLH,MS,ASO,ES,Federal Contract Tower,0,5,0,0,5,0,0,66,4,70,0,5,66,4,75,8,30,38,113
02/02/2020,GLH,MS,ASO,ES,Federal Contract Tower,0,0,0,0,0,0,0,64,2,66,0,0,64,2,66,8,4,12,78
02/03/2020,GLH,MS,ASO,ES,Federal Contract Tower,0,6,8,4,18,0,0,26,0,26,0,6,34,4,44,14,64,78,122
02/04/2020,GLH,MS,ASO,ES,Federal Contract Tower,0,5,2,0,7,0,0,0,0,0,0,5,2,0,7,0,0,0,7
02/05/2020,GLH,MS,ASO,ES,Federal Contract Tower,0,4,1,0,5,0,0,0,0,0,0,4,1,0,5,0,0,0,5
02/06/2020,GLH,MS,ASO,ES,Federal Contract Tower,0,4,0,0,4,0,0,0,0,0,0,4,0,0,4,0,0,0,4
02/07/2020,GLH,MS,ASO,ES,Federal Contract Tower,0,4,3,0,7,0,0,113,0,113,0,4,116,0,120,16,0,16,136
02/08/2020,GLH,MS,ASO,ES,Federal Contract Tower,0,5,0,0,5,0,0,188,0,188,0,5,188,0,193,6,0,6,199
02/09/2020,GLH,MS,ASO,ES,Federal Contract Tower,0,4,2,0,6,0,0,4,0,4,0,4,6,0,10,2,0,2,12
02/10/2020,GLH,MS,ASO,ES,Federal Contract Tower,0,0,2,0,2,0,0,0,0,0,0,0,2,0,2,0,0,0,2
02/11/2020,GLH,MS,ASO,ES,Federal Contract Tower,0,2,4,0,6,0,0,4,0,4,0,2,8,0,10,0,0,0,10
02/12/2020,GLH,MS,ASO,ES,Federal Contract Tower,0,1,0,0,1,0,0,0,0,0,0,1,0,0,1,0,0,0,1
02/13/2020,GLH,MS,ASO,ES,Federal Contract Tower,0,7,0,6,13,0,0,13,0,13,0,7,13,6,26,0,92,92,118
02/14/2020,GLH,MS,ASO,ES,Federal Contract Tower,0,3,3,4,10,0,1,60,0,61,0,4,63,4,71,14,78,92,163
02/15/2020,GLH,MS,ASO,ES,Federal Contract Tower,0,3,0,0,3,0,1,222,0,223,0,4,222,0,226,8,0,8,234
02/16/2020,GLH,MS,ASO,ES,Federal Contract Tower,0,3,2,0,5,0,0,0,0,0,0,3,2,0,5,0,0,0,5
02/17/2020,GLH,MS,ASO,ES,Federal Contract Tower,0,4,7,0,11,0,0,4,0,4,0,4,11,0,15,8,0,8,23
02/18/2020,GLH,MS,ASO,ES,Federal Contract Tower,2,0,6,0,8,0,0,0,0,0,2,0,6,0,8,0,0,0,8
02/19/2020,GLH,MS,ASO,ES,Federal Contract Tower,0,5,1,1,7,0,0,20,0,20,0,5,21,1,27,6,0,6,33
02/20/2020,GLH,MS,ASO,ES,Federal Contract Tower,0,5,0,0,5,0,0,0,0,0,0,5,0,0,5,0,0,0,5
02/21/2020,GLH,MS,ASO,ES,Federal Contract Tower,0,5,2,2,9,0,0,46,0,46,0,5,48,2,55,14,34,48,103
02/22/2020,GLH,MS,ASO,ES,Federal Contract Tower,0,4,0,0,4,0,0,179,0,179,0,4,179,0,183,18,0,18,201
02/23/2020,GLH,MS,ASO,ES,Federal Contract Tower,0,5,2,2,9,0,0,3,0,3,0,5,5,2,12,0,2,2,14
02/24/2020,GLH,MS,ASO,ES,Federal Contract Tower,0,5,8,0,13,0,0,4,0,4,0,5,12,0,17,6,0,6,23
02/25/2020,GLH,MS,ASO,ES,Federal Contract Tower,0,5,2,0,7,0,0,113,0,113,0,5,115,0,120,8,0,8,128
02/26/2020,GLH,MS,ASO,ES,Federal Contract Tower,0,4,0,3,7,0,0,16,0,16,0,4,16,3,23,0,42,42,65
02/27/2020,GLH,MS,ASO,ES,Federal Contract Tower,0,5,8,0,13,0,0,170,2,172,0,5,178,2,185,0,4,4,189
02/28/2020,GLH,MS,ASO,ES,Federal Contract Tower,0,3,2,0,5,0,2,94,0,96,0,5,96,0,101,4,0,4,105
02/29/2020,GLH,MS,ASO,ES,Federal Contract Tower,0,3,2,0,5,0,1,123,0,124,0,4,125,0,129,6,0,6,135
03/01/2020,GLH,MS,ASO,ES,Federal Contract Tower,0,5,1,0,6,0,0,5,0,5,0,5,6,0,11,0,0,0,11
03/02/2020,GLH,MS,ASO,ES,Federal Contract Tower,0,5,0,0,5,0,0,1,0,1,0,5,1,0,6,0,0,0,6
03/03/2020,GLH,MS,ASO,ES,Federal Contract Tower,0,3,3,0,6,0,0,8,0,8,0,3,11,0,14,2,0,2,16
03/04/2020,GLH,MS,ASO,ES,Federal Contract Tower,0,0,4,0,4,0,0,0,0,0,0,0,4,0,4,0,0,0,4
03/05/2020,GLH,MS,ASO,ES,Federal Contract Tower,0,6,2,1,9,0,0,14,0,14,0,6,16,1,23,2,2,4,27
03/06/2020,GLH,MS,ASO,ES,Federal Contract Tower,0,5,3,4,12,0,0,49,4,53,0,5,52,8,65,28,68,96,161
03/07/2020,GLH,MS,ASO,ES,Federal Contract Tower,0,2,0,0,2,0,2,192,2,196,0,4,192,2,198,4,8,12,210
03/08/2020,GLH,MS,ASO,ES,Federal Contract Tower,0,5,2,1,8,0,0,43,1,44,0,5,45,2,52,0,63,63,115
03/09/2020,GLH,MS,ASO,ES,Federal Contract Tower,0,5,3,0,8,0,0,0,0,0,0,5,3,0,8,0,0,0,8
03/10/2020,GLH,MS,ASO,ES,Federal Contract Tower,0,5,0,3,8,0,0,3,1,4,0,5,3,4,12,0,70,70,82
03/11/2020,GLH,MS,ASO,ES,Federal Contract Tower,0,5,4,0,9,0,0,11,0,11,0,5,15,0,20,0,0,0,20
03/12/2020,GLH,MS,ASO,ES,Federal Contract Tower,0,5,4,3,12,0,0,5,2,7,0,5,9,5,19,0,42,42,61
03/13/2020,GLH,MS,ASO,ES,Federal Contract Tower,0,5,0,0,5,0,0,4,0,4,0,5,4,0,9,0,0,0,9
03/14/2020,GLH,MS,ASO,ES,Federal Contract Tower,0,5,1,0,6,0,0,2,0,2,0,5,3,0,8,0,0,0,8
03/15/2020,GLH,MS,ASO,ES,Federal Contract Tower,0,3,1,0,4,0,0,0,0,0,0,3,1,0,4,0,0,0,4
03/16/2020,GLH,MS,ASO,ES,Federal Contract Tower,0,5,3,0,8,0,0,50,0,50,0,5,53,0,58,12,0,12,70
03/17/2020,GLH,MS,ASO,ES,Federal Contract Tower,0,5,1,0,6,0,0,64,0,64,0,5,65,0,70,2,0,2,72
03/18/2020,GLH,MS,ASO,ES,Federal Contract Tower,0,2,1,0,3,0,0,70,0,70,0,2,71,0,73,2,0,2,75
03/19/2020,GLH,MS,ASO,ES,Federal Contract Tower,0,4,1,4,9,0,0,9,0,9,0,4,10,4,18,0,40,40,58
03/20/2020,GLH,MS,ASO,ES,Federal Contract Tower,0,3,0,0,3,0,0,0,0,0,0,3,0,0,3,0,0,0,3
03/21/2020,GLH,MS,ASO,ES,Federal Contract Tower,0,5,3,0,8,0,0,6,0,6,0,5,9,0,14,4,0,4,18
03/22/2020,GLH,MS,ASO,ES,Federal Contract Tower,0,1,0,0,1,0,0,0,0,0,0,1,0,0,1,0,0,0,1
03/23/2020,GLH,MS,ASO,ES,Federal Contract Tower,0,4,0,0,4,0,0,0,0,0,0,4,0,0,4,0,0,0,4
03/24/2020,GLH,MS,ASO,ES,Federal Contract Tower,0,5,0,0,5,0,0,2,0,2,0,5,2,0,7,2,0,2,9
03/25/2020,GLH,MS,ASO,ES,Federal Contract Tower,0,4,1,0,5,0,0,12,0,12,0,4,13,0,17,2,0,2,19
03/26/2020,GLH,MS,ASO,ES,Federal Contract Tower,0,5,7,0,12,0,0,170,2,172,0,5,177,2,184,0,110,110,294
03/27/2020,GLH,MS,ASO,ES,Federal Contract Tower,0,5,1,5,11,0,3,122,2,127,0,8,123,7,138,0,128,128,266
03/28/2020,GLH,MS,ASO,ES,Federal Contract Tower,0,5,0,8,13,0,0,0,1,1,0,5,0,9,14,0,112,112,126
03/29/2020,GLH,MS,ASO,ES,Federal Contract Tower,0,3,2,0,5,0,0,6,0,6,0,3,8,0,11,2,0,2,13
03/30/2020,GLH,MS,ASO,ES,Federal Contract Tower,0,4,5,2,11,0,0,6,0,6,0,4,11,2,17,0,30,30,47
03/31/2020,GLH,MS,ASO,ES,Federal Contract Tower,0,3,2,0,5,0,0,0,0,0,0,3,2,0,5,0,0,0,5
04/01/2020,GLH,MS,ASO,ES,Federal Contract Tower,0,3,0,3,6,0,2,41,0,43,0,5,41,3,49,0,56,56,105
04/02/2020,GLH,MS,ASO,ES,Federal Contract Tower,0,6,0,8,14,0,0,10,2,12,0,6,10,10,26,2,176,178,204
04/03/2020,GLH,MS,ASO,ES,Federal Contract Tower,0,5,0,5,10,0,0,5,0,5,0,5,5,5,15,8,8,16,31
04/04/2020,GLH,MS,ASO,ES,Federal Contract Tower,0,1,0,0,1,0,0,0,0,0,0,1,0,0,1,0,0,0,1
04/05/2020,GLH,MS,ASO,ES,Federal Contract Tower,0,5,0,0,5,0,0,4,0,4,0,5,4,0,9,2,0,2,11
04/06/2020,GLH,MS,ASO,ES,Federal Contract Tower,0,5,4,4,13,0,0,0,0,0,0,5,4,4,13,0,60,60,73
04/07/2020,GLH,MS,ASO,ES,Federal Contract Tower,0,5,0,0,5,0,0,0,0,0,0,5,0,0,5,0,0,0,5
04/08/2020,GLH,MS,ASO,ES,Federal Contract Tower,0,5,2,0,7,0,0,0,0,0,0,5,2,0,7,0,0,0,7
04/09/2020,GLH,MS,ASO,ES,Federal Contract Tower,0,5,0,0,5,0,0,15,0,15,0,5,15,0,20,0,0,0,20
04/10/2020,GLH,MS,ASO,ES,Federal Contract Tower,0,4,0,4,8,0,0,77,0,77,0,4,77,4,85,8,56,64,149
04/11/2020,GLH,MS,ASO,ES,Federal Contract Tower,0,1,0,8,9,0,0,14,0,14,0,1,14,8,23,2,132,134,157
04/12/2020,GLH,MS,ASO,ES,Federal Contract Tower,0,1,0,0,1,0,0,0,0,0,0,1,0,0,1,0,0,0,1
04/13/2020,GLH,MS,ASO,ES,Federal Contract Tower,0,5,0,6,11,0,0,10,0,10,0,5,10,6,21,0,122,122,143
04/14/2020,GLH,MS,ASO,ES,Federal Contract Tower,0,5,1,6,12,0,0,0,0,0,0,5,1,6,12,0,126,126,138
04/15/2020,GLH,MS,ASO,ES,Federal Contract Tower,0,4,2,4,10,0,0,19,0,19,0,4,21,4,29,0,66,66,95
04/16/2020,GLH,MS,ASO,ES,Federal Contract Tower,0,4,0,0,4,0,0,2,13,15,0,4,2,13,19,0,0,0,19
04/17/2020,GLH,MS,ASO,ES,Federal Contract Tower,0,4,6,2,12,0,0,104,0,104,0,4,110,2,116,0,36,36,152
04/18/2020,GLH,MS,ASO,ES,Federal Contract Tower,1,0,2,0,3,0,0,6,0,6,1,0,8,0,9,0,30,30,39
04/19/2020,GLH,MS,ASO,ES,Federal Contract Tower,0,3,0,0,3,0,0,0,0,0,0,3,0,0,3,0,0,0,3
04/20/2020,GLH,MS,ASO,ES,Federal Contract Tower,0,5,0,4,9,0,0,16,0,16,0,5,16,4,25,0,86,86,111
04/21/2020,GLH,MS,ASO,ES,Federal Contract Tower,0,4,2,0,6,0,0,17,0,17,0,4,19,0,23,2,0,2,25
04/22/2020,GLH,MS,ASO,ES,Federal Contract Tower,0,3,0,0,3,0,2,0,0,2,0,5,0,0,5,0,0,0,5
04/23/2020,GLH,MS,ASO,ES,Federal Contract Tower,0,4,2,5,11,0,0,3,0,3,0,4,5,5,14,0,20,20,34
04/24/2020,GLH,MS,ASO,ES,Federal Contract Tower,0,5,0,4,9,0,0,13,0,13,0,5,13,4,22,6,80,86,108
04/25/2020,GLH,MS,ASO,ES,Federal Contract Tower,0,1,0,7,8,0,0,0,0,0,0,1,0,7,8,0,20,20,28
04/26/2020,GLH,MS,ASO,ES,Federal Contract Tower,0,5,2,0,7,0,0,10,2,12,0,5,12,2,19,0,0,0,19
04/27/2020,GLH,MS,ASO,ES,Federal Contract Tower,0,3,2,7,12,0,0,58,0,58,0,3,60,7,70,2,114,116,186
04/28/2020,GLH,MS,ASO,ES,Federal Contract Tower,0,5,0,0,5,0,0,10,0,10,0,5,10,0,15,0,0,0,15
04/29/2020,GLH,MS,ASO,ES,Federal Contract Tower,0,2,0,6,8,0,0,14,0,14,0,2,14,6,22,0,38,38,60
04/30/2020,GLH,MS,ASO,ES,Federal Contract Tower,0,5,0,0,5,0,0,7,0,7,0,5,7,0,12,0,0,0,12
05/01/2020,GLH,MS,ASO,ES,Federal Contract Tower,0,5,1,2,8,0,0,9,0,9,0,5,10,2,17,4,28,32,49
05/02/2020,GLH,MS,ASO,ES,Federal Contract Tower,0,2,0,0,2,0,1,11,0,12,0,3,11,0,14,0,0,0,14
05/03/2020,GLH,MS,ASO,ES,Federal Contract Tower,0,4,1,0,5,0,1,5,0,6,0,5,6,0,11,0,0,0,11
05/04/2020,GLH,MS,ASO,ES,Federal Contract Tower,0,4,0,5,9,0,0,0,3,3,0,4,0,8,12,0,84,84,96
05/05/2020,GLH,MS,ASO,ES,Federal Contract Tower,0,5,3,0,8,0,0,1,0,1,0,5,4,0,9,0,0,0,9
05/06/2020,GLH,MS,ASO,ES,Federal Contract Tower,0,3,0,2,5,0,1,5,0,6,0,4,5,2,11,2,28,30,41
05/07/2020,GLH,MS,ASO,ES,Federal Contract Tower,0,3,0,0,3,0,1,13,0,14,0,4,13,0,17,12,0,12,29
05/08/2020,GLH,MS,ASO,ES,Federal Contract Tower,0,4,1,3,8,0,0,0,0,0,0,4,1,3,8,0,20,20,28
05/09/2020,GLH,MS,ASO,ES,Federal Contract Tower,0,0,1,0,1,0,0,5,0,5,0,0,6,0,6,0,0,0,6
05/10/2020,GLH,MS,ASO,ES,Federal Contract Tower,0,4,1,0,5,0,8,0,0,8,0,12,1,0,13,2,0,2,15
05/11/2020,GLH,MS,ASO,ES,Federal Contract Tower,0,4,4,0,8,0,0,46,0,46,0,4,50,0,54,16,62,78,132
05/12/2020,GLH,MS,ASO,ES,Federal Contract Tower,0,7,4,5,16,0,0,14,0,14,0,7,18,5,30,6,78,84,114
05/13/2020,GLH,MS,ASO,ES,Federal Contract Tower,0,3,2,4,9,0,1,14,0,15,0,4,16,4,24,10,34,44,68
05/14/2020,GLH,MS,ASO,ES,Federal Contract Tower,0,5,5,1,11,0,0,14,0,14,0,5,19,1,25,0,2,2,27
05/15/2020,GLH,MS,ASO,ES,Federal Contract Tower,0,5,0,1,6,0,0,4,1,5,0,5,4,2,11,0,28,28,39
05/16/2020,GLH,MS,ASO,ES,Federal Contract Tower,0,0,2,0,2,0,0,2,0,2,0,0,4,0,4,0,0,0,4
05/17/2020,GLH,MS,ASO,ES,Federal Contract Tower,0,5,7,0,12,0,0,2,0,2,0,5,9,0,14,0,0,0,14
05/18/2020,GLH,MS,ASO,ES,Federal Contract Tower,0,5,3,16,24,0,0,18,0,18,0,5,21,16,42,164,0,164,206
05/19/2020,GLH,MS,ASO,ES,Federal Contract Tower,0,5,4,2,11,0,0,13,2,15,0,5,17,4,26,10,2,12,38
05/20/2020,GLH,MS,ASO,ES,Federal Contract Tower,0,4,0,4,8,0,0,40,0,40,0,4,40,4,48,4,68,72,120
05/21/2020,GLH,MS,ASO,ES,Federal Contract Tower,0,4,5,1,10,0,0,19,1,20,0,4,24,2,30,4,0,4,34
05/22/2020,GLH,MS,ASO,ES,Federal Contract Tower,0,5,4,0,9,0,0,20,0,20,0,5,24,0,29,2,0,2,31
05/23/2020,GLH,MS,ASO,ES,Federal Contract Tower,0,1,2,0,3,0,0,0,0,0,0,1,2,0,3,0,0,0,3
05/24/2020,GLH,MS,ASO,ES,Federal Contract Tower,0,4,0,0,4,0,0,0,0,0,0,4,0,0,4,0,0,0,4
05/25/2020,GLH,MS,ASO,ES,Federal Contract Tower,0,5,4,0,9,0,0,0,0,0,0,5,4,0,9,0,0,0,9
05/26/2020,GLH,MS,ASO,ES,Federal Contract Tower,0,5,2,0,7,0,0,2,0,2,0,5,4,0,9,2,0,2,11
05/27/2020,GLH,MS,ASO,ES,Federal Contract Tower,0,5,3,4,12,0,0,3,0,3,0,5,6,4,15,0,80,80,95
05/28/2020,GLH,MS,ASO,ES,Federal Contract Tower,0,4,3,7,14,0,0,4,0,4,0,4,7,7,18,0,50,50,68
05/29/2020,GLH,MS,ASO,ES,Federal Contract Tower,0,5,0,6,11,0,0,42,0,42,0,5,42,6,53,2,112,114,167
05/30/2020,GLH,MS,ASO,ES,Federal Contract Tower,0,0,0,0,0,0,0,15,0,15,0,0,15,0,15,2,0,2,17
05/31/2020,GLH,MS,ASO,ES,Federal Contract Tower,0,3,0,0,3,0,1,5,0,6,0,4,5,0,9,0,0,0,9
06/01/2020,GLH,MS,ASO,ES,Federal Contract Tower,0,5,0,4,9,0,0,62,0,62,0,5,62,4,71,2,52,54,125
06/02/2020,GLH,MS,ASO,ES,Federal Contract Tower,0,5,4,2,11,0,0,47,0,47,0,5,51,2,58,4,26,30,88
06/03/2020,GLH,MS,ASO,ES,Federal Contract Tower,0,5,1,5,11,0,0,35,1,36,0,5,36,6,47,4,96,100,147
06/04/2020,GLH,MS,ASO,ES,Federal Contract Tower,0,3,1,8,12,0,1,95,0,96,0,4,96,8,108,2,124,126,234
06/05/2020,GLH,MS,ASO,ES,Federal Contract Tower,0,5,3,4,12,0,0,56,0,56,0,5,59,4,68,2,58,60,128
06/06/2020,GLH,MS,ASO,ES,Federal Contract Tower,0,1,2,0,3,0,0,105,0,105,0,1,107,0,108,4,0,4,112
06/07/2020,GLH,MS,ASO,ES,Federal Contract Tower,0,5,5,0,10,0,0,4,0,4,0,5,9,0,14,2,0,2,16
06/08/2020,GLH,MS,ASO,ES,Federal Contract Tower,0,3,0,0,3,0,0,0,0,0,0,3,0,0,3,0,0,0,3
06/09/2020,GLH,MS,ASO,ES,Federal Contract Tower,0,5,0,4,9,0,0,4,0,4,0,5,4,4,13,0,74,74,87
06/10/2020,GLH,MS,ASO,ES,Federal Contract Tower,0,5,0,8,13,0,0,24,1,25,0,5,24,9,38,4,56,60,98
06/11/2020,GLH,MS,ASO,ES,Federal Contract Tower,0,5,0,3,8,0,0,27,3,30,0,5,27,6,38,14,58,72,110
06/12/2020,GLH,MS,ASO,ES,Federal Contract Tower,0,4,0,8,12,0,0,24,0,24,0,4,24,8,36,2,110,112,148
06/13/2020,GLH,MS,ASO,ES,Federal Contract Tower,0,5,0,0,5,0,0,20,2,22,0,5,20,2,27,0,2,2,29
06/14/2020,GLH,MS,ASO,ES,Federal Contract Tower,0,5,5,0,10,0,0,19,0,19,0,5,24,0,29,4,0,4,33
06/15/2020,GLH,MS,ASO,ES,Federal Contract Tower,0,5,3,3,11,0,0,85,1,86,0,5,88,4,97,6,38,44,141
06/16/2020,GLH,MS,ASO,ES,Federal Contract Tower,0,5,2,6,13,0,0,63,0,63,0,5,65,6,76,0,96,96,172
06/17/2020,GLH,MS,ASO,ES,Federal Contract Tower,0,3,4,2,9,0,0,11,1,12,0,3,15,3,21,6,32,38,59
06/18/2020,GLH,MS,ASO,ES,Federal Contract Tower,0,5,1,4,10,0,0,22,0,22,0,5,23,4,32,4,38,42,74
06/19/2020,GLH,MS,ASO,ES,Federal Contract Tower,0,4,0,2,6,0,1,12,0,13,0,5,12,2,19,6,42,48,67
06/20/2020,GLH,MS,ASO,ES,Federal Contract Tower,0,0,0,0,0,0,0,44,0,44,0,0,44,0,44,0,0,0,44
06/21/2020,GLH,MS,ASO,ES,Federal Contract Tower,0,2,0,0,2,0,0,0,0,0,0,2,0,0,2,0,0,0,2
06/22/2020,GLH,MS,ASO,ES,Federal Contract Tower,0,7,1,0,8,0,0,0,0,0,0,7,1,0,8,0,0,0,8
06/23/2020,GLH,MS,ASO,ES,Federal Contract Tower,0,3,1,0,4,0,1,1,2,4,0,4,2,2,8,0,2,2,10
06/24/2020,GLH,MS,ASO,ES,Federal Contract Tower,0,3,0,0,3,0,0,32,0,32,0,3,32,0,35,0,0,0,35
06/25/2020,GLH,MS,ASO,ES,Federal Contract Tower,0,5,0,3,8,0,0,0,0,0,0,5,0,3,8,0,10,10,18
06/26/2020,GLH,MS,ASO,ES,Federal Contract Tower,0,4,3,0,7,0,0,3,0,3,0,4,6,0,10,0,0,0,10
06/27/2020,GLH,MS,ASO,ES,Federal Contract Tower,0,0,0,1,1,0,0,112,0,112,0,0,112,1,113,6,2,8,121
06/28/2020,GLH,MS,ASO,ES,Federal Contract Tower,0,5,0,0,5,0,0,0,0,0,0,5,0,0,5,2,0,2,7
06/29/2020,GLH,MS,ASO,ES,Federal Contract Tower,0,5,0,4,9,0,0,20,0,20,0,5,20,4,29,0,64,64,93
06/30/2020,GLH,MS,ASO,ES,Federal Contract Tower,0,6,2,6,14,0,0,20,0,20,0,6,22,6,34,0,84,84,118
07/01/2020,GLH,MS,ASO,ES,Federal Contract Tower,0,3,4,10,17,0,0,10,0,10,0,3,14,10,27,12,32,44,71
07/02/2020,GLH,MS,ASO,ES,Federal Contract Tower,0,3,5,2,10,0,0,5,0,5,0,3,10,2,15,0,18,18,33
07/03/2020,GLH,MS,ASO,ES,Federal Contract Tower,0,4,0,0,4,0,0,0,0,0,0,4,0,0,4,6,0,6,10
07/04/2020,GLH,MS,ASO,ES,Federal Contract Tower,0,1,0,0,1,0,0,28,17,45,0,1,28,17,46,6,2,8,54
07/05/2020,GLH,MS,ASO,ES,Federal Contract Tower,0,4,0,0,4,0,0,10,0,10,0,4,10,0,14,0,0,0,14
07/06/2020,GLH,MS,ASO,ES,Federal Contract Tower,0,3,3,4,10,0,0,23,0,23,0,3,26,4,33,0,0,0,33
07/07/2020,GLH,MS,ASO,ES,Federal Contract Tower,0,6,2,2,10,0,0,2,1,3,0,6,4,3,13,0,16,16,29
07/08/2020,GLH,MS,ASO,ES,Federal Contract Tower,0,4,1,0,5,0,0,4,0,4,0,4,5,0,9,0,0,0,9
07/09/2020,GLH,MS,ASO,ES,Federal Contract Tower,0,4,2,0,6,0,0,8,0,8,0,4,10,0,14,0,0,0,14
07/10/2020,GLH,MS,ASO,ES,Federal Contract Tower,0,5,3,6,14,0,0,7,0,7,0,5,10,6,21,0,38,38,59
07/11/2020,GLH,MS,ASO,ES,Federal Contract Tower,0,1,1,0,2,0,0,232,0,232,0,1,233,0,234,2,0,2,236
07/12/2020,GLH,MS,ASO,ES,Federal Contract Tower,0,3,0,0,3,0,1,2,0,3,0,4,2,0,6,2,0,2,8
07/13/2020,GLH,MS,ASO,ES,Federal Contract Tower,0,3,1,6,10,0,0,96,0,96,0,3,97,6,106,0,6,6,112
07/14/2020,GLH,MS,ASO,ES,Federal Contract Tower,0,4,2,0,6,0,0,48,0,48,0,4,50,0,54,0,0,0,54
07/15/2020,GLH,MS,ASO,ES,Federal Contract Tower,0,3,3,0,6,0,0,35,0,35,0,3,38,0,41,14,0,14,55
07/16/2020,GLH,MS,ASO,ES,Federal Contract Tower,0,4,1,5,10,0,0,54,0,54,0,4,55,5,64,14,24,38,102
07/17/2020,GLH,MS,ASO,ES,Federal Contract Tower,0,0,5,0,5,0,0,14,0,14,0,0,19,0,19,2,0,2,21
07/18/2020,GLH,MS,ASO,ES,Federal Contract Tower,0,3,1,0,4,0,1,11,0,12,0,4,12,0,16,2,0,2,18
07/19/2020,GLH,MS,ASO,ES,Federal Contract Tower,0,5,1,0,6,0,0,6,0,6,0,5,7,0,12,0,0,0,12
07/20/2020,GLH,MS,ASO,ES,Federal Contract Tower,0,5,2,2,9,0,0,51,0,51,0,5,53,2,60,4,2,6,66
07/21/2020,GLH,MS,ASO,ES,Federal Contract Tower,0,3,2,5,10,0,0,27,0,27,0,3,29,5,37,8,18,26,63
07/22/2020,GLH,MS,ASO,ES,Federal Contract Tower,0,4,2,2,8,0,1,89,0,90,0,5,91,2,98,6,2,8,106
07/23/2020,GLH,MS,ASO,ES,Federal Contract Tower,0,5,0,4,9,0,0,30,0,30,0,5,30,4,39,12,6,18,57
07/24/2020,GLH,MS,ASO,ES,Federal Contract Tower,0,5,2,6,13,0,0,39,0,39,0,5,41,6,52,44,10,54,106
07/25/2020,GLH,MS,ASO,ES,Federal Contract Tower,0,2,2,0,4,0,0,8,0,8,0,2,10,0,12,2,0,2,14
07/26/2020,GLH,MS,ASO,ES,Federal Contract Tower,0,5,3,0,8,0,0,20,0,20,0,5,23,0,28,0,0,0,28
07/27/2020,GLH,MS,ASO,ES,Federal Contract Tower,0,5,4,3,12,0,0,77,0,77,0,5,81,3,89,0,4,4,93
07/28/2020,GLH,MS,ASO,ES,Federal Contract Tower,0,4,0,3,7,0,0,60,0,60,0,4,60,3,67,4,4,8,75
07/29/2020,GLH,MS,ASO,ES,Federal Contract Tower,0,2,4,3,9,0,0,120,1,121,0,2,124,4,130,2,22,24,154
07/30/2020,GLH,MS,ASO,ES,Federal Contract Tower,0,4,2,0,6,0,0,46,0,46,0,4,48,0,52,2,0,2,54
07/31/2020,GLH,MS,ASO,ES,Federal Contract Tower,0,2,0,0,2,0,0,2,0,2,0,2,2,0,4,0,0,0,4
08/01/2020,GLH,MS,ASO,ES,Federal Contract Tower,0,2,4,0,6,0,1,8,0,9,0,3,12,0,15,0,0,0,15
08/02/2020,GLH,MS,ASO,ES,Federal Contract Tower,0,0,0,0,0,0,0,8,0,8,0,0,8,0,8,0,0,0,8
08/03/2020,GLH,MS,ASO,ES,Federal Contract Tower,0,3,2,0,5,0,0,16,0,16,0,3,18,0,21,6,0,6,27
08/04/2020,GLH,MS,ASO,ES,Federal Contract Tower,0,2,1,0,3,0,0,60,0,60,0,2,61,0,63,10,0,10,73
08/05/2020,GLH,MS,ASO,ES,Federal Contract Tower,0,4,0,2,6,0,0,67,0,67,0,4,67,2,73,4,14,18,91
08/06/2020,GLH,MS,ASO,ES,Federal Contract Tower,0,5,1,0,6,0,0,36,0,36,0,5,37,0,42,12,0,12,54
08/07/2020,GLH,MS,ASO,ES,Federal Contract Tower,0,4,3,3,10,0,0,18,2,20,0,4,21,5,30,4,14,18,48
08/08/2020,GLH,MS,ASO,ES,Federal Contract Tower,0,0,0,0,0,0,0,8,0,8,0,0,8,0,8,0,0,0,8
08/09/2020,GLH,MS,ASO,ES,Federal Contract Tower,0,4,2,0,6,0,2,22,0,24,0,6,24,0,30,10,0,10,40
08/10/2020,GLH,MS,ASO,ES,Federal Contract Tower,0,6,1,1,8,0,2,18,2,22,0,8,19,3,30,12,0,12,42
08/11/2020,GLH,MS,ASO,ES,Federal Contract Tower,0,4,2,4,10,0,4,27,0,31,0,8,29,4,41,22,2,24,65
08/12/2020,GLH,MS,ASO,ES,Federal Contract Tower,0,4,5,0,9,0,0,13,0,13,0,4,18,0,22,0,0,0,22
08/13/2020,GLH,MS,ASO,ES,Federal Contract Tower,0,5,1,0,6,0,0,16,0,16,0,5,17,0,22,8,0,8,30
08/14/2020,GLH,MS,ASO,ES,Federal Contract Tower,0,5,1,0,6,0,0,5,0,5,0,5,6,0,11,0,0,0,11
08/15/2020,GLH,MS,ASO,ES,Federal Contract Tower,0,1,3,0,4,0,0,7,0,7,0,1,10,0,11,4,0,4,15
08/16/2020,GLH,MS,ASO,ES,Federal Contract Tower,0,5,1,0,6,0,0,6,0,6,0,5,7,0,12,0,0,0,12
08/17/2020,GLH,MS,ASO,ES,Federal Contract Tower,0,6,0,0,6,0,4,11,0,15,0,10,11,0,21,10,0,10,31
08/18/2020,GLH,MS,ASO,ES,Federal Contract Tower,0,4,0,2,6,0,2,32,2,36,0,6,32,4,42,16,2,18,60
08/20/2020,GLH,MS,ASO,ES,Federal Contract Tower,0,5,4,0,9,0,0,22,0,22,0,5,26,0,31,10,0,10,41
08/21/2020,GLH,MS,ASO,ES,Federal Contract Tower,0,5,0,0,5,0,0,2,0,2,0,5,2,0,7,0,0,0,7
08/22/2020,GLH,MS,ASO,ES,Federal Contract Tower,0,0,2,1,3,0,0,24,1,25,0,0,26,2,28,8,8,16,44
08/23/2020,GLH,MS,ASO,ES,Federal Contract Tower,0,5,3,0,8,0,2,14,0,16,0,7,17,0,24,0,0,0,24
08/24/2020,GLH,MS,ASO,ES,Federal Contract Tower,0,4,0,2,6,0,0,35,2,37,0,4,35,4,43,8,16,24,67
08/25/2020,GLH,MS,ASO,ES,Federal Contract Tower,0,4,1,2,7,0,0,11,18,29,0,4,12,20,36,0,0,0,36
08/26/2020,GLH,MS,ASO,ES,Federal Contract Tower,0,4,0,4,8,0,0,29,1,30,0,4,29,5,38,0,68,68,106
08/27/2020,GLH,MS,ASO,ES,Federal Contract Tower,0,0,0,0,0,0,0,0,0,0,0,0,0,0,0,0,0,0,0
08/28/2020,GLH,MS,ASO,ES,Federal Contract Tower,0,5,4,0,9,0,0,4,0,4,0,5,8,0,13,12,0,12,25
08/29/2020,GLH,MS,ASO,ES,Federal Contract Tower,0,1,0,0,1,0,0,8,0,8,0,1,8,0,9,8,0,8,17
08/30/2020,GLH,MS,ASO,ES,Federal Contract Tower,0,5,2,0,7,0,0,4,2,6,0,5,6,2,13,2,0,2,15
08/31/2020,GLH,MS,ASO,ES,Federal Contract Tower,0,5,0,0,5,0,8,6,6,20,0,13,6,6,25,4,0,4,29
09/01/2020,GLH,MS,ASO,ES,Federal Contract Tower,0,2,3,2,7,0,0,13,0,13,0,2,16,2,20,4,14,18,38
09/02/2020,GLH,MS,ASO,ES,Federal Contract Tower,0,5,4,0,9,0,0,38,0,38,0,5,42,0,47,22,0,22,69
09/03/2020,GLH,MS,ASO,ES,Federal Contract Tower,0,4,0,2,6,0,0,50,0,50,0,4,50,2,56,16,0,16,72
09/04/2020,GLH,MS,ASO,ES,Federal Contract Tower,0,5,4,0,9,0,0,39,0,39,0,5,43,0,48,40,0,40,88
09/05/2020,GLH,MS,ASO,ES,Federal Contract Tower,0,0,1,0,1,0,0,20,0,20,0,0,21,0,21,4,0,4,25
09/06/2020,GLH,MS,ASO,ES,Federal Contract Tower,0,3,2,0,5,0,0,11,0,11,0,3,13,0,16,8,0,8,24
09/07/2020,GLH,MS,ASO,ES,Federal Contract Tower,0,5,2,0,7,0,0,18,0,18,0,5,20,0,25,0,0,0,25
09/08/2020,GLH,MS,ASO,ES,Federal Contract Tower,0,4,0,2,6,0,0,32,0,32,0,4,32,2,38,2,6,8,46
09/09/2020,GLH,MS,ASO,ES,Federal Contract Tower,0,2,4,4,10,0,0,28,2,30,0,2,32,6,40,24,2,26,66
09/10/2020,GLH,MS,ASO,ES,Federal Contract Tower,0,5,5,0,10,0,0,39,0,39,0,5,44,0,49,8,0,8,57
09/11/2020,GLH,MS,ASO,ES,Federal Contract Tower,0,5,4,8,17,0,0,19,4,23,0,5,23,12,40,10,10,20,60
09/12/2020,GLH,MS,ASO,ES,Federal Contract Tower,0,0,3,0,3,0,0,5,0,5,0,0,8,0,8,0,0,0,8
09/13/2020,GLH,MS,ASO,ES,Federal Contract Tower,0,5,4,0,9,0,0,12,0,12,0,5,16,0,21,0,0,0,21
09/14/2020,GLH,MS,ASO,ES,Federal Contract Tower,0,5,5,0,10,0,0,23,0,23,0,5,28,0,33,10,0,10,43
09/15/2020,GLH,MS,ASO,ES,Federal Contract Tower,0,4,0,5,9,0,0,65,2,67,0,4,65,7,76,18,36,54,130
09/16/2020,GLH,MS,ASO,ES,Federal Contract Tower,0,5,0,0,5,0,0,56,0,56,0,5,56,0,61,0,0,0,61
09/17/2020,GLH,MS,ASO,ES,Federal Contract Tower,0,5,0,3,8,0,0,34,0,34,0,5,34,3,42,6,12,18,60
09/18/2020,GLH,MS,ASO,ES,Federal Contract Tower,0,4,2,5,11,0,1,60,2,63,0,5,62,7,74,62,8,70,144
09/19/2020,GLH,MS,ASO,ES,Federal Contract Tower,0,1,3,0,4,0,0,8,0,8,0,1,11,0,12,2,0,2,14
09/20/2020,GLH,MS,ASO,ES,Federal Contract Tower,0,5,0,0,5,0,2,14,0,16,0,7,14,0,21,0,0,0,21
09/21/2020,GLH,MS,ASO,ES,Federal Contract Tower,0,5,3,2,10,0,0,44,0,44,0,5,47,2,54,0,0,0,54
09/22/2020,GLH,MS,ASO,ES,Federal Contract Tower,0,4,0,2,6,0,2,8,0,10,0,6,8,2,16,0,30,30,46
09/23/2020,GLH,MS,ASO,ES,Federal Contract Tower,0,5,4,0,9,0,0,0,0,0,0,5,4,0,9,0,0,0,9
09/24/2020,GLH,MS,ASO,ES,Federal Contract Tower,0,5,1,0,6,0,0,0,0,0,0,5,1,0,6,2,0,2,8
09/25/2020,GLH,MS,ASO,ES,Federal Contract Tower,0,5,5,5,15,0,0,24,0,24,0,5,29,5,39,32,6,38,77
09/26/2020,GLH,MS,ASO,ES,Federal Contract Tower,0,1,4,0,5,0,0,122,0,122,0,1,126,0,127,6,0,6,133
09/27/2020,GLH,MS,ASO,ES,Federal Contract Tower,0,4,0,2,6,0,2,14,4,20,0,6,14,6,26,0,0,0,26
09/28/2020,GLH,MS,ASO,ES,Federal Contract Tower,0,4,0,4,8,0,0,18,0,18,0,4,18,4,26,0,54,54,80
09/29/2020,GLH,MS,ASO,ES,Federal Contract Tower,0,4,2,0,6,0,0,39,0,39,0,4,41,0,45,14,12,26,71
09/30/2020,GLH,MS,ASO,ES,Federal Contract Tower,0,5,3,0,8,0,0,44,0,44,0,5,47,0,52,2,12,14,66
10/01/2020,GLH,MS,ASO,ES,Federal Contract Tower,0,4,2,3,9,0,0,44,1,45,0,4,46,4,54,20,34,54,108
10/02/2020,GLH,MS,ASO,ES,Federal Contract Tower,0,3,4,2,9,0,0,1,60,61,0,3,5,62,70,16,0,16,86
10/03/2020,GLH,MS,ASO,ES,Federal Contract Tower,0,0,0,0,0,0,0,12,0,12,0,0,12,0,12,2,0,2,14
10/04/2020,GLH,MS,ASO,ES,Federal Contract Tower,0,5,0,0,5,0,2,8,0,10,0,7,8,0,15,0,0,0,15
10/05/2020,GLH,MS,ASO,ES,Federal Contract Tower,0,4,2,8,14,0,0,34,0,34,0,4,36,8,48,12,88,100,148
10/06/2020,GLH,MS,ASO,ES,Federal Contract Tower,0,4,2,4,10,0,0,30,0,30,0,4,32,4,40,22,74,96,136
10/07/2020,GLH,MS,ASO,ES,Federal Contract Tower,0,5,5,6,16,0,2,24,3,29,0,7,29,9,45,8,112,120,165
10/08/2020,GLH,MS,ASO,ES,Federal Contract Tower,0,5,0,0,5,0,0,17,0,17,0,5,17,0,22,10,0,10,32
10/09/2020,GLH,MS,ASO,ES,Federal Contract Tower,0,0,4,0,4,0,0,0,0,0,0,0,4,0,4,0,0,0,4
10/10/2020,GLH,MS,ASO,ES,Federal Contract Tower,0,1,0,0,1,0,0,0,0,0,0,1,0,0,1,0,0,0,1
10/11/2020,GLH,MS,ASO,ES,Federal Contract Tower,0,4,0,0,4,0,0,2,0,2,0,4,2,0,6,0,0,0,6
10/12/2020,GLH,MS,ASO,ES,Federal Contract Tower,0,5,3,0,8,0,0,11,0,11,0,5,14,0,19,0,0,0,19
10/13/2020,GLH,MS,ASO,ES,Federal Contract Tower,0,4,2,3,9,0,0,30,1,31,0,4,32,4,40,16,36,52,92
10/14/2020,GLH,MS,ASO,ES,Federal Contract Tower,0,5,8,1,14,0,0,27,3,30,0,5,35,4,44,18,12,30,74
10/15/2020,GLH,MS,ASO,ES,Federal Contract Tower,0,5,3,4,12,0,0,10,0,10,0,5,13,4,22,10,68,78,100
10/16/2020,GLH,MS,ASO,ES,Federal Contract Tower,0,5,0,8,13,0,0,10,0,10,0,5,10,8,23,12,70,82,105
10/17/2020,GLH,MS,ASO,ES,Federal Contract Tower,0,0,1,0,1,0,0,9,0,9,0,0,10,0,10,0,0,0,10
10/18/2020,GLH,MS,ASO,ES,Federal Contract Tower,0,5,1,0,6,0,0,8,0,8,0,5,9,0,14,0,0,0,14
10/19/2020,GLH,MS,ASO,ES,Federal Contract Tower,0,5,1,3,9,0,0,28,0,28,0,5,29,3,37,0,34,34,71
10/20/2020,GLH,MS,ASO,ES,Federal Contract Tower,0,4,1,9,14,0,0,18,0,18,0,4,19,9,32,12,92,104,136
10/21/2020,GLH,MS,ASO,ES,Federal Contract Tower,0,4,5,2,11,0,4,7,0,11,0,8,12,2,22,4,32,36,58
10/22/2020,GLH,MS,ASO,ES,Federal Contract Tower,0,5,2,7,14,0,2,16,0,18,0,7,18,7,32,20,62,82,114
10/23/2020,GLH,MS,ASO,ES,Federal Contract Tower,0,4,4,4,12,0,0,2,0,2,0,4,6,4,14,0,38,38,52
10/24/2020,GLH,MS,ASO,ES,Federal Contract Tower,0,0,0,0,0,0,0,0,0,0,0,0,0,0,0,0,0,0,0
10/25/2020,GLH,MS,ASO,ES,Federal Contract Tower,0,5,2,0,7,0,0,3,0,3,0,5,5,0,10,0,0,0,10
10/26/2020,GLH,MS,ASO,ES,Federal Contract Tower,0,1,1,4,6,0,2,10,0,12,0,3,11,4,18,0,40,40,58
10/27/2020,GLH,MS,ASO,ES,Federal Contract Tower,0,4,4,0,8,0,0,0,0,0,0,4,4,0,8,0,0,0,8
10/28/2020,GLH,MS,ASO,ES,Federal Contract Tower,0,5,0,0,5,0,0,0,0,0,0,5,0,0,5,0,0,0,5
10/29/2020,GLH,MS,ASO,ES,Federal Contract Tower,0,5,2,6,13,0,0,6,0,6,0,5,8,6,19,22,0,22,41
10/30/2020,GLH,MS,ASO,ES,Federal Contract Tower,0,5,5,10,20,0,0,25,0,25,0,5,30,10,45,22,60,82,127
10/31/2020,GLH,MS,ASO,ES,Federal Contract Tower,0,4,4,0,8,0,0,13,0,13,0,4,17,0,21,6,0,6,27
11/01/2020,GLH,MS,ASO,ES,Federal Contract Tower,0,6,1,0,7,0,0,10,0,10,0,6,11,0,17,0,0,0,17
11/02/2020,GLH,MS,ASO,ES,Federal Contract Tower,0,3,0,10,13,0,2,16,3,21,0,5,16,13,34,6,118,124,158
11/03/2020,GLH,MS,ASO,ES,Federal Contract Tower,0,4,0,2,6,0,0,26,4,30,0,4,26,6,36,24,38,62,98
11/04/2020,GLH,MS,ASO,ES,Federal Contract Tower,0,4,4,7,15,0,0,21,9,30,0,4,25,16,45,33,96,129,174
11/05/2020,GLH,MS,ASO,ES,Federal Contract Tower,0,4,6,5,15,0,0,25,0,25,0,4,31,5,40,22,66,88,128
11/06/2020,GLH,MS,ASO,ES,Federal Contract Tower,0,5,1,0,6,0,0,25,0,25,0,5,26,0,31,18,0,18,49
11/07/2020,GLH,MS,ASO,ES,Federal Contract Tower,0,1,2,0,3,0,0,15,0,15,0,1,17,0,18,6,0,6,24
11/08/2020,GLH,MS,ASO,ES,Federal Contract Tower,0,5,0,4,9,0,0,14,0,14,0,5,14,4,23,0,0,0,23
11/09/2020,GLH,MS,ASO,ES,Federal Contract Tower,0,5,0,0,5,0,0,0,0,0,0,5,0,0,5,0,0,0,5
11/10/2020,GLH,MS,ASO,ES,Federal Contract Tower,0,4,8,11,23,0,0,32,1,33,0,4,40,12,56,20,112,132,188
11/11/2020,GLH,MS,ASO,ES,Federal Contract Tower,0,3,2,2,7,0,0,37,2,39,0,3,39,4,46,38,26,64,110
11/12/2020,GLH,MS,ASO,ES,Federal Contract Tower,0,5,4,4,13,0,0,14,0,14,0,5,18,4,27,12,46,58,85
11/13/2020,GLH,MS,ASO,ES,Federal Contract Tower,0,3,7,8,18,0,1,11,2,14,0,4,18,10,32,10,110,120,152
11/14/2020,GLH,MS,ASO,ES,Federal Contract Tower,0,0,2,0,2,0,0,5,0,5,0,0,7,0,7,0,0,0,7
11/15/2020,GLH,MS,ASO,ES,Federal Contract Tower,0,5,1,0,6,0,0,11,0,11,0,5,12,0,17,0,0,0,17
11/16/2020,GLH,MS,ASO,ES,Federal Contract Tower,0,4,0,7,11,0,0,12,0,12,0,4,12,7,23,17,50,67,90
11/17/2020,GLH,MS,ASO,ES,Federal Contract Tower,0,4,2,3,9,0,0,12,1,13,0,4,14,4,22,2,8,10,32
11/18/2020,GLH,MS,ASO,ES,Federal Contract Tower,0,5,1,2,8,0,0,28,0,28,0,5,29,2,36,22,38,60,96
11/19/2020,GLH,MS,ASO,ES,Federal Contract Tower,0,5,6,1,12,0,2,7,1,10,0,7,13,2,22,10,34,44,66
11/20/2020,GLH,MS,ASO,ES,Federal Contract Tower,0,4,4,5,13,0,1,8,4,13,0,5,12,9,26,2,92,94,120
11/21/2020,GLH,MS,ASO,ES,Federal Contract Tower,0,1,0,2,3,0,0,19,0,19,0,1,19,2,22,16,70,86,108
11/22/2020,GLH,MS,ASO,ES,Federal Contract Tower,0,5,2,2,9,0,0,6,0,6,0,5,8,2,15,0,18,18,33
11/23/2020,GLH,MS,ASO,ES,Federal Contract Tower,0,5,3,2,10,0,0,26,0,26,0,5,29,2,36,16,50,66,102
11/24/2020,GLH,MS,ASO,ES,Federal Contract Tower,0,5,4,2,11,0,0,25,0,25,0,5,29,2,36,22,46,68,104
11/25/2020,GLH,MS,ASO,ES,Federal Contract Tower,0,1,3,0,4,0,0,8,0,8,0,1,11,0,12,8,0,8,20
11/26/2020,GLH,MS,ASO,ES,Federal Contract Tower,0,0,0,0,0,0,2,1,0,3,0,2,1,0,3,0,0,0,3
11/27/2020,GLH,MS,ASO,ES,Federal Contract Tower,0,4,2,0,6,0,0,4,0,4,0,4,6,0,10,0,0,0,10
11/28/2020,GLH,MS,ASO,ES,Federal Contract Tower,0,5,1,0,6,0,0,6,0,6,0,5,7,0,12,0,0,0,12
11/29/2020,GLH,MS,ASO,ES,Federal Contract Tower,0,4,2,0,6,0,0,0,0,0,0,4,2,0,6,0,0,0,6
11/30/2020,GLH,MS,ASO,ES,Federal Contract Tower,0,2,1,1,4,0,0,8,4,12,0,2,9,5,16,0,6,6,22
12/01/2020,GLH,MS,ASO,ES,Federal Contract Tower,0,4,2,3,9,0,4,43,1,48,0,8,45,4,57,6,32,38,95
12/02/2020,GLH,MS,ASO,ES,Federal Contract Tower,0,5,0,2,7,0,0,10,0,10,0,5,10,2,17,2,8,10,27
12/03/2020,GLH,MS,ASO,ES,Federal Contract Tower,0,5,2,0,7,0,0,0,0,0,0,5,2,0,7,0,0,0,7
12/04/2020,GLH,MS,ASO,ES,Federal Contract Tower,0,5,0,2,7,0,0,16,0,16,0,5,16,2,23,10,4,14,37
12/05/2020,GLH,MS,ASO,ES,Federal Contract Tower,0,1,1,1,3,0,0,23,1,24,0,1,24,2,27,20,44,64,91
12/06/2020,GLH,MS,ASO,ES,Federal Contract Tower,0,5,0,0,5,0,0,60,14,74,0,5,60,14,79,0,0,0,79
12/07/2020,GLH,MS,ASO,ES,Federal Contract Tower,0,2,0,4,6,0,0,27,2,29,0,2,27,6,35,26,86,112,147
12/08/2020,GLH,MS,ASO,ES,Federal Contract Tower,0,4,0,2,6,0,2,18,2,22,0,6,18,4,28,2,48,50,78
12/09/2020,GLH,MS,ASO,ES,Federal Contract Tower,0,5,2,5,12,0,0,64,1,65,0,5,66,6,77,16,90,106,183
12/10/2020,GLH,MS,ASO,ES,Federal Contract Tower,0,4,3,5,12,0,0,37,0,37,0,4,40,5,49,46,58,104,153
12/11/2020,GLH,MS,ASO,ES,Federal Contract Tower,0,4,2,6,12,0,0,12,0,12,0,4,14,6,24,6,66,72,96
12/12/2020,GLH,MS,ASO,ES,Federal Contract Tower,0,1,2,0,3,0,0,13,0,13,0,1,15,0,16,2,0,2,18
12/13/2020,GLH,MS,ASO,ES,Federal Contract Tower,0,5,1,0,6,0,0,0,0,0,0,5,1,0,6,0,0,0,6
12/14/2020,GLH,MS,ASO,ES,Federal Contract Tower,0,5,6,9,20,0,0,2,0,2,0,5,8,9,22,2,64,66,88
12/15/2020,GLH,MS,ASO,ES,Federal Contract Tower,0,4,6,0,10,0,0,13,0,13,0,4,19,0,23,0,0,0,23
12/16/2020,GLH,MS,ASO,ES,Federal Contract Tower,0,6,1,15,22,0,2,8,2,12,0,8,9,17,34,0,150,150,184
12/17/2020,GLH,MS,ASO,ES,Federal Contract Tower,0,5,2,2,9,0,0,8,4,12,0,5,10,6,21,2,22,24,45
12/18/2020,GLH,MS,ASO,ES,Federal Contract Tower,0,5,2,2,9,0,0,12,0,12,0,5,14,2,21,2,10,12,33
12/19/2020,GLH,MS,ASO,ES,Federal Contract Tower,1,0,0,0,1,0,0,0,0,0,1,0,0,0,1,0,0,0,1
12/20/2020,GLH,MS,ASO,ES,Federal Contract Tower,0,5,1,0,6,0,0,4,0,4,0,5,5,0,10,0,0,0,10
12/21/2020,GLH,MS,ASO,ES,Federal Contract Tower,0,4,1,7,12,0,1,14,0,15,0,5,15,7,27,0,74,74,101
12/22/2020,GLH,MS,ASO,ES,Federal Contract Tower,0,5,1,5,11,0,0,3,0,3,0,5,4,5,14,0,70,70,84
12/23/2020,GLH,MS,ASO,ES,Federal Contract Tower,0,5,0,2,7,0,0,7,0,7,0,5,7,2,14,0,2,2,16
12/24/2020,GLH,MS,ASO,ES,Federal Contract Tower,0,4,1,0,5,0,1,0,0,1,0,5,1,0,6,0,0,0,6
12/25/2020,GLH,MS,ASO,ES,Federal Contract Tower,0,0,0,0,0,0,0,1,0,1,0,0,1,0,1,0,0,0,1
12/26/2020,GLH,MS,ASO,ES,Federal Contract Tower,0,3,3,0,6,0,0,11,0,11,0,3,14,0,17,0,0,0,17
12/27/2020,GLH,MS,ASO,ES,Federal Contract Tower,0,5,0,0,5,0,0,4,0,4,0,5,4,0,9,0,0,0,9
12/28/2020,GLH,MS,ASO,ES,Federal Contract Tower,0,7,1,0,8,0,1,7,0,8,0,8,8,0,16,0,0,0,16
12/29/2020,GLH,MS,ASO,ES,Federal Contract Tower,0,5,4,0,9,0,0,8,0,8,0,5,12,0,17,0,0,0,17
12/30/2020,GLH,MS,ASO,ES,Federal Contract Tower,0,5,3,0,8,0,0,4,0,4,0,5,7,0,12,0,0,0,12
12/31/2020,GLH,MS,ASO,ES,Federal Contract Tower,0,5,0,0,5,0,0,0,0,0,0,5,0,0,5,0,0,0,5
01/01/2021,GLH,MS,ASO,ES,Federal Contract Tower,0,0,2,0,2,0,0,2,0,2,0,0,4,0,4,0,0,0,4
01/03/2021,GLH,MS,ASO,ES,Federal Contract Tower,0,4,2,0,6,0,1,22,0,23,0,5,24,0,29,0,0,0,29
01/04/2021,GLH,MS,ASO,ES,Federal Contract Tower,0,5,2,0,7,0,0,10,0,10,0,5,12,0,17,2,0,2,19
01/05/2021,GLH,MS,ASO,ES,Federal Contract Tower,0,4,0,0,4,0,0,6,2,8,0,4,6,2,12,0,26,26,38
01/07/2021,GLH,MS,ASO,ES,Federal Contract Tower,0,5,0,0,5,0,0,0,0,0,0,5,0,0,5,0,0,0,5
01/08/2021,GLH,MS,ASO,ES,Federal Contract Tower,0,5,5,9,19,0,0,12,0,12,0,5,17,9,31,4,54,58,89
01/09/2021,GLH,MS,ASO,ES,Federal Contract Tower,0,0,0,0,0,0,0,6,2,8,0,0,6,2,8,4,0,4,12
01/10/2021,GLH,MS,ASO,ES,Federal Contract Tower,0,5,3,0,8,0,0,4,0,4,0,5,7,0,12,0,0,0,12
01/11/2021,GLH,MS,ASO,ES,Federal Contract Tower,0,5,0,0,5,0,0,2,0,2,0,5,2,0,7,0,0,0,7
01/12/2021,GLH,MS,ASO,ES,Federal Contract Tower,0,7,1,3,11,0,0,8,5,13,0,7,9,8,24,0,46,46,70
01/13/2021,GLH,MS,ASO,ES,Federal Contract Tower,0,6,1,1,8,0,0,30,0,30,0,6,31,1,38,4,14,18,56
01/14/2021,GLH,MS,ASO,ES,Federal Contract Tower,0,4,4,4,12,0,2,6,2,10,0,6,10,6,22,2,48,50,72
01/15/2021,GLH,MS,ASO,ES,Federal Contract Tower,0,5,3,6,14,0,0,2,0,2,0,5,5,6,16,0,44,44,60
01/16/2021,GLH,MS,ASO,ES,Federal Contract Tower,0,0,0,0,0,0,0,0,0,0,0,0,0,0,0,0,0,0,0
01/17/2021,GLH,MS,ASO,ES,Federal Contract Tower,0,7,0,0,7,0,4,28,0,32,0,11,28,0,39,0,0,0,39
01/18/2021,GLH,MS,ASO,ES,Federal Contract Tower,0,5,5,0,10,0,0,11,0,11,0,5,16,0,21,8,0,8,29
01/19/2021,GLH,MS,ASO,ES,Federal Contract Tower,0,4,4,0,8,0,0,6,0,6,0,4,10,0,14,0,0,0,14
01/20/2021,GLH,MS,ASO,ES,Federal Contract Tower,0,5,2,5,12,0,0,18,1,19,0,5,20,6,31,24,32,56,87
01/21/2021,GLH,MS,ASO,ES,Federal Contract Tower,0,4,0,2,6,0,0,0,0,0,0,4,0,2,6,0,4,4,10
01/22/2021,GLH,MS,ASO,ES,Federal Contract Tower,0,5,6,0,11,0,0,11,0,11,0,5,17,0,22,4,0,4,26
01/23/2021,GLH,MS,ASO,ES,Federal Contract Tower,0,1,1,6,8,0,0,8,0,8,0,1,9,6,16,0,0,0,16
01/24/2021,GLH,MS,ASO,ES,Federal Contract Tower,0,6,3,2,11,0,0,0,0,0,0,6,3,2,11,0,0,0,11
01/25/2021,GLH,MS,ASO,ES,Federal Contract Tower,0,4,0,4,8,0,0,2,0,2,0,4,2,4,10,0,48,48,58
01/26/2021,GLH,MS,ASO,ES,Federal Contract Tower,0,4,4,7,15,0,0,39,1,40,0,4,43,8,55,30,126,156,211
01/27/2021,GLH,MS,ASO,ES,Federal Contract Tower,0,4,2,8,14,0,1,17,2,20,0,5,19,10,34,0,44,44,78
01/28/2021,GLH,MS,ASO,ES,Federal Contract Tower,0,7,4,2,13,0,0,14,0,14,0,7,18,2,27,4,28,32,59
01/29/2021,GLH,MS,ASO,ES,Federal Contract Tower,0,5,1,2,8,0,0,53,6,59,0,5,54,8,67,12,32,44,111
01/30/2021,GLH,MS,ASO,ES,Federal Contract Tower,0,0,0,0,0,0,0,9,10,19,0,0,9,10,19,10,0,10,29
01/31/2021,GLH,MS,ASO,ES,Federal Contract Tower,0,4,2,0,6,0,2,4,0,6,0,6,6,0,12,0,0,0,12
02/01/2021,GLH,MS,ASO,ES,Federal Contract Tower,0,4,0,13,17,0,0,12,2,14,0,4,12,15,31,0,184,184,215
02/02/2021,GLH,MS,ASO,ES,Federal Contract Tower,0,4,0,4,8,0,2,13,0,15,0,6,13,4,23,0,18,18,41
02/03/2021,GLH,MS,ASO,ES,Federal Contract Tower,0,5,2,7,14,0,0,44,3,47,0,5,46,10,61,10,74,84,145
02/04/2021,GLH,MS,ASO,ES,Federal Contract Tower,0,5,1,2,8,0,0,1,0,1,0,5,2,2,9,0,20,20,29
02/05/2021,GLH,MS,ASO,ES,Federal Contract Tower,0,4,2,2,8,0,0,38,0,38,0,4,40,2,46,22,4,26,72
02/06/2021,GLH,MS,ASO,ES,Federal Contract Tower,0,1,0,1,2,0,0,16,0,16,0,1,16,1,18,4,2,6,24
02/07/2021,GLH,MS,ASO,ES,Federal Contract Tower,0,3,2,0,5,0,0,6,0,6,0,3,8,0,11,0,0,0,11
02/08/2021,GLH,MS,ASO,ES,Federal Contract Tower,0,6,1,10,17,0,4,32,1,37,0,10,33,11,54,40,106,146,200
02/09/2021,GLH,MS,ASO,ES,Federal Contract Tower,0,2,7,7,16,0,0,87,0,87,0,2,94,7,103,10,4,14,117
02/10/2021,GLH,MS,ASO,ES,Federal Contract Tower,0,5,4,0,9,0,0,1,0,1,0,5,5,0,10,0,0,0,10
02/11/2021,GLH,MS,ASO,ES,Federal Contract Tower,0,4,1,0,5,0,0,0,0,0,0,4,1,0,5,0,0,0,5
02/12/2021,GLH,MS,ASO,ES,Federal Contract Tower,0,5,0,0,5,0,0,2,0,2,0,5,2,0,7,0,0,0,7
02/13/2021,GLH,MS,ASO,ES,Federal Contract Tower,0,0,2,0,2,0,0,0,0,0,0,0,2,0,2,0,0,0,2
02/14/2021,GLH,MS,ASO,ES,Federal Contract Tower,0,0,0,0,0,0,0,0,0,0,0,0,0,0,0,0,0,0,0
02/15/2021,GLH,MS,ASO,ES,Federal Contract Tower,0,0,0,0,0,0,0,0,0,0,0,0,0,0,0,0,0,0,0
02/16/2021,GLH,MS,ASO,ES,Federal Contract Tower,0,0,0,0,0,0,0,0,0,0,0,0,0,0,0,0,0,0,0
02/17/2021,GLH,MS,ASO,ES,Federal Contract Tower,0,0,0,0,0,0,0,0,0,0,0,0,0,0,0,0,0,0,0
02/18/2021,GLH,MS,ASO,ES,Federal Contract Tower,0,0,0,0,0,0,0,0,0,0,0,0,0,0,0,0,0,0,0
02/19/2021,GLH,MS,ASO,ES,Federal Contract Tower,0,0,0,0,0,0,0,0,0,0,0,0,0,0,0,0,0,0,0
02/20/2021,GLH,MS,ASO,ES,Federal Contract Tower,0,0,0,0,0,0,0,12,0,12,0,0,12,0,12,0,0,0,12
02/21/2021,GLH,MS,ASO,ES,Federal Contract Tower,0,0,0,0,0,0,0,0,0,0,0,0,0,0,0,0,0,0,0
02/23/2021,GLH,MS,ASO,ES,Federal Contract Tower,0,5,3,0,8,0,2,30,0,32,0,7,33,0,40,4,0,4,44
02/24/2021,GLH,MS,ASO,ES,Federal Contract Tower,0,3,8,0,11,0,1,12,0,13,0,4,20,0,24,2,0,2,26
02/25/2021,GLH,MS,ASO,ES,Federal Contract Tower,0,5,5,7,17,0,0,26,4,30,0,5,31,11,47,24,32,56,103
02/26/2021,GLH,MS,ASO,ES,Federal Contract Tower,0,5,4,0,9,0,0,0,0,0,0,5,4,0,9,4,0,4,13
02/27/2021,GLH,MS,ASO,ES,Federal Contract Tower,0,0,0,0,0,0,0,2,0,2,0,0,2,0,2,0,0,0,2
02/28/2021,GLH,MS,ASO,ES,Federal Contract Tower,0,5,0,4,9,0,0,12,0,12,0,5,12,4,21,0,0,0,21
03/01/2021,GLH,MS,ASO,ES,Federal Contract Tower,0,4,0,0,4,0,0,4,0,4,0,4,4,0,8,0,0,0,8
03/02/2021,GLH,MS,ASO,ES,Federal Contract Tower,0,4,2,6,12,0,0,2,0,2,0,4,4,6,14,0,86,86,100
03/03/2021,GLH,MS,ASO,ES,Federal Contract Tower,0,0,5,10,15,0,0,26,0,26,0,0,31,10,41,12,122,134,175
03/04/2021,GLH,MS,ASO,ES,Federal Contract Tower,0,4,4,2,10,0,1,47,0,48,0,5,51,2,58,18,16,34,92
03/05/2021,GLH,MS,ASO,ES,Federal Contract Tower,0,5,6,0,11,0,0,27,0,27,0,5,33,0,38,8,0,8,46
03/06/2021,GLH,MS,ASO,ES,Federal Contract Tower,0,4,0,0,4,0,1,12,0,13,0,5,12,0,17,2,0,2,19
03/07/2021,GLH,MS,ASO,ES,Federal Contract Tower,0,5,0,0,5,0,0,72,0,72,0,5,72,0,77,16,0,16,93
03/08/2021,GLH,MS,ASO,ES,Federal Contract Tower,0,5,3,5,13,0,4,64,0,68,0,9,67,5,81,16,78,94,175
03/09/2021,GLH,MS,ASO,ES,Federal Contract Tower,0,4,2,0,6,0,4,121,0,125,0,8,123,0,131,10,0,10,141
03/10/2021,GLH,MS,ASO,ES,Federal Contract Tower,0,4,8,2,14,0,0,8,0,8,0,4,16,2,22,0,46,46,68
03/11/2021,GLH,MS,ASO,ES,Federal Contract Tower,0,4,5,5,14,0,0,74,1,75,0,4,79,6,89,26,74,100,189
03/12/2021,GLH,MS,ASO,ES,Federal Contract Tower,0,5,2,12,19,0,0,57,2,59,0,5,59,14,78,6,68,74,152
03/13/2021,GLH,MS,ASO,ES,Federal Contract Tower,0,1,6,6,13,0,0,10,0,10,0,1,16,6,23,4,78,82,105
03/14/2021,GLH,MS,ASO,ES,Federal Contract Tower,0,4,3,4,11,0,0,12,0,12,0,4,15,4,23,0,32,32,55
03/15/2021,GLH,MS,ASO,ES,Federal Contract Tower,0,6,6,2,14,0,0,62,0,62,0,6,68,2,76,14,26,40,116
03/16/2021,GLH,MS,ASO,ES,Federal Contract Tower,0,3,2,16,21,0,1,28,0,29,0,4,30,16,50,20,0,20,70
03/17/2021,GLH,MS,ASO,ES,Federal Contract Tower,0,1,2,0,3,0,0,0,0,0,0,1,2,0,3,0,0,0,3
03/18/2021,GLH,MS,ASO,ES,Federal Contract Tower,0,4,3,0,7,0,1,1,0,2,0,5,4,0,9,8,0,8,17
03/19/2021,GLH,MS,ASO,ES,Federal Contract Tower,0,5,1,33,39,0,0,7,2,9,0,5,8,35,48,2,0,2,50
03/20/2021,GLH,MS,ASO,ES,Federal Contract Tower,0,1,5,2,8,0,0,13,0,13,0,1,18,2,21,8,0,8,29
03/21/2021,GLH,MS,ASO,ES,Federal Contract Tower,0,5,0,0,5,0,0,74,0,74,0,5,74,0,79,10,0,10,89
03/22/2021,GLH,MS,ASO,ES,Federal Contract Tower,0,4,0,7,11,0,2,68,5,75,0,6,68,12,86,2,90,92,178
03/23/2021,GLH,MS,ASO,ES,Federal Contract Tower,0,2,2,0,4,0,0,20,0,20,0,2,22,0,24,6,10,16,40
03/24/2021,GLH,MS,ASO,ES,Federal Contract Tower,0,3,0,0,3,0,2,100,0,102,0,5,100,0,105,10,0,10,115
03/25/2021,GLH,MS,ASO,ES,Federal Contract Tower,0,4,2,0,6,0,1,0,0,1,0,5,2,0,7,0,0,0,7
03/26/2021,GLH,MS,ASO,ES,Federal Contract Tower,0,4,3,3,10,0,1,87,3,91,0,5,90,6,101,42,26,68,169
03/27/2021,GLH,MS,ASO,ES,Federal Contract Tower,0,1,2,0,3,0,0,2,0,2,0,1,4,0,5,0,0,0,5
03/28/2021,GLH,MS,ASO,ES,Federal Contract Tower,0,5,4,0,9,0,0,10,0,10,0,5,14,0,19,0,0,0,19
03/29/2021,GLH,MS,ASO,ES,Federal Contract Tower,0,6,1,12,19,0,0,27,0,27,0,6,28,12,46,9,96,105,151
03/30/2021,GLH,MS,ASO,ES,Federal Contract Tower,0,4,7,4,15,0,0,9,0,9,0,4,16,4,24,2,70,72,96
03/31/2021,GLH,MS,ASO,ES,Federal Contract Tower,0,4,0,6,10,0,1,4,0,5,0,5,4,6,15,0,112,112,127
04/01/2021,GLH,MS,ASO,ES,Federal Contract Tower,0,5,3,5,13,0,2,8,18,28,0,7,11,23,41,0,108,108,149
04/02/2021,GLH,MS,ASO,ES,Federal Contract Tower,0,5,1,2,8,0,0,8,0,8,0,5,9,2,16,0,20,20,36
04/03/2021,GLH,MS,ASO,ES,Federal Contract Tower,0,0,1,0,1,0,0,6,0,6,0,0,7,0,7,0,0,0,7
04/04/2021,GLH,MS,ASO,ES,Federal Contract Tower,0,5,2,0,7,0,0,10,0,10,0,5,12,0,17,0,0,0,17
04/05/2021,GLH,MS,ASO,ES,Federal Contract Tower,0,6,1,11,18,0,2,84,1,87,0,8,85,12,105,40,182,222,327
04/06/2021,GLH,MS,ASO,ES,Federal Contract Tower,0,4,11,7,22,0,0,96,0,96,0,4,107,7,118,28,66,94,212
04/07/2021,GLH,MS,ASO,ES,Federal Contract Tower,0,5,2,0,7,0,0,16,0,16,0,5,18,0,23,0,0,0,23
04/08/2021,GLH,MS,ASO,ES,Federal Contract Tower,0,5,3,24,32,0,2,5,3,10,0,7,8,27,42,0,210,210,252
04/09/2021,GLH,MS,ASO,ES,Federal Contract Tower,0,4,5,1,10,0,1,8,0,9,0,5,13,1,19,0,2,2,21
04/10/2021,GLH,MS,ASO,ES,Federal Contract Tower,0,0,3,0,3,0,0,6,0,6,0,0,9,0,9,0,0,0,9
04/11/2021,GLH,MS,ASO,ES,Federal Contract Tower,0,5,1,0,6,0,0,8,0,8,0,5,9,0,14,0,0,0,14
04/12/2021,GLH,MS,ASO,ES,Federal Contract Tower,0,5,0,6,11,0,2,41,0,43,0,7,41,6,54,16,82,98,152
04/13/2021,GLH,MS,ASO,ES,Federal Contract Tower,0,4,1,4,9,0,2,125,11,138,0,6,126,15,147,30,88,118,265
04/14/2021,GLH,MS,ASO,ES,Federal Contract Tower,0,4,2,2,8,0,0,4,0,4,0,4,6,2,12,2,2,4,16
04/15/2021,GLH,MS,ASO,ES,Federal Contract Tower,0,4,2,5,11,0,0,29,3,32,0,4,31,8,43,10,120,130,173
04/16/2021,GLH,MS,ASO,ES,Federal Contract Tower,0,1,1,12,14,0,5,12,0,17,0,6,13,12,31,2,82,84,115
04/17/2021,GLH,MS,ASO,ES,Federal Contract Tower,0,1,4,0,5,0,0,3,0,3,0,1,7,0,8,0,0,0,8
04/18/2021,GLH,MS,ASO,ES,Federal Contract Tower,0,5,0,0,5,0,0,8,0,8,0,5,8,0,13,4,0,4,17
04/19/2021,GLH,MS,ASO,ES,Federal Contract Tower,0,5,2,4,11,0,2,92,1,95,0,7,94,5,106,22,22,44,150
04/20/2021,GLH,MS,ASO,ES,Federal Contract Tower,0,3,0,8,11,0,2,89,3,94,0,5,89,11,105,26,140,166,271
04/21/2021,GLH,MS,ASO,ES,Federal Contract Tower,0,5,2,8,15,0,0,12,8,20,0,5,14,16,35,4,24,28,63
04/22/2021,GLH,MS,ASO,ES,Federal Contract Tower,0,6,7,8,21,0,4,22,0,26,0,10,29,8,47,12,94,106,153
04/23/2021,GLH,MS,ASO,ES,Federal Contract Tower,0,5,2,10,17,0,0,3,1,4,0,5,5,11,21,2,112,114,135
04/24/2021,GLH,MS,ASO,ES,Federal Contract Tower,0,0,0,6,6,0,0,2,0,2,0,0,2,6,8,0,4,4,12
04/25/2021,GLH,MS,ASO,ES,Federal Contract Tower,0,5,4,1,10,0,0,13,15,28,0,5,17,16,38,2,4,6,44
04/26/2021,GLH,MS,ASO,ES,Federal Contract Tower,0,3,4,6,13,0,2,22,15,39,0,5,26,21,52,10,94,104,156
04/27/2021,GLH,MS,ASO,ES,Federal Contract Tower,0,5,2,5,12,0,2,64,0,66,0,7,66,5,78,8,76,84,162
04/28/2021,GLH,MS,ASO,ES,Federal Contract Tower,0,5,4,8,17,0,4,201,0,205,0,9,205,8,222,2,62,64,286
04/29/2021,GLH,MS,ASO,ES,Federal Contract Tower,0,5,2,6,13,0,4,6,0,10,0,9,8,6,23,2,46,48,71
04/30/2021,GLH,MS,ASO,ES,Federal Contract Tower,0,5,1,6,12,0,2,22,1,25,0,7,23,7,37,22,52,74,111
05/01/2021,GLH,MS,ASO,ES,Federal Contract Tower,0,1,0,0,1,0,0,10,0,10,0,1,10,0,11,0,0,0,11
05/02/2021,GLH,MS,ASO,ES,Federal Contract Tower,0,5,1,0,6,0,0,2,0,2,0,5,3,0,8,0,0,0,8
05/03/2021,GLH,MS,ASO,ES,Federal Contract Tower,0,5,4,7,16,0,0,10,5,15,0,5,14,12,31,0,52,52,83
05/04/2021,GLH,MS,ASO,ES,Federal Contract Tower,0,4,1,0,5,0,0,0,0,0,0,4,1,0,5,0,0,0,5
05/05/2021,GLH,MS,ASO,ES,Federal Contract Tower,0,5,1,1,7,0,6,17,4,27,0,11,18,5,34,12,6,18,52
05/06/2021,GLH,MS,ASO,ES,Federal Contract Tower,0,4,1,3,8,0,2,24,0,26,0,6,25,3,34,20,4,24,58
05/07/2021,GLH,MS,ASO,ES,Federal Contract Tower,0,5,0,8,13,0,0,8,1,9,0,5,8,9,22,10,70,80,102
05/08/2021,GLH,MS,ASO,ES,Federal Contract Tower,0,1,4,0,5,0,0,7,0,7,0,1,11,0,12,2,0,2,14
05/09/2021,GLH,MS,ASO,ES,Federal Contract Tower,0,3,0,0,3,0,0,2,0,2,0,3,2,0,5,0,0,0,5
05/10/2021,GLH,MS,ASO,ES,Federal Contract Tower,0,5,3,11,19,0,0,8,1,9,0,5,11,12,28,0,20,20,48
05/11/2021,GLH,MS,ASO,ES,Federal Contract Tower,0,3,0,0,3,0,0,4,0,4,0,3,4,0,7,0,0,0,7
05/12/2021,GLH,MS,ASO,ES,Federal Contract Tower,0,5,2,4,11,0,0,2,0,2,0,5,4,4,13,0,56,56,69
05/13/2021,GLH,MS,ASO,ES,Federal Contract Tower,0,7,4,4,15,0,0,22,0,22,0,7,26,4,37,22,80,102,139
05/14/2021,GLH,MS,ASO,ES,Federal Contract Tower,0,7,3,3,13,0,4,76,1,81,0,11,79,4,94,12,24,36,130
05/15/2021,GLH,MS,ASO,ES,Federal Contract Tower,0,0,3,3,6,0,0,77,3,80,0,0,80,6,86,2,16,18,104
05/16/2021,GLH,MS,ASO,ES,Federal Contract Tower,0,0,4,0,4,0,0,10,0,10,0,0,14,0,14,0,0,0,14
05/17/2021,GLH,MS,ASO,ES,Federal Contract Tower,0,0,0,10,10,0,0,12,1,13,0,0,12,11,23,0,100,100,123
05/18/2021,GLH,MS,ASO,ES,Federal Contract Tower,0,3,0,6,9,0,0,6,0,6,0,3,6,6,15,0,58,58,73
05/19/2021,GLH,MS,ASO,ES,Federal Contract Tower,0,5,0,3,8,0,0,2,0,2,0,5,2,3,10,0,16,16,26
05/20/2021,GLH,MS,ASO,ES,Federal Contract Tower,0,4,11,0,15,0,2,6,0,8,0,6,17,0,23,0,0,0,23
05/21/2021,GLH,MS,ASO,ES,Federal Contract Tower,0,5,6,4,15,0,4,4,0,8,0,9,10,4,23,4,56,60,83
05/22/2021,GLH,MS,ASO,ES,Federal Contract Tower,0,0,0,0,0,0,0,52,0,52,0,0,52,0,52,2,0,2,54
05/23/2021,GLH,MS,ASO,ES,Federal Contract Tower,0,5,0,0,5,0,0,14,0,14,0,5,14,0,19,10,0,10,29
05/24/2021,GLH,MS,ASO,ES,Federal Contract Tower,0,7,1,3,11,0,7,126,1,134,0,14,127,4,145,16,60,76,221
05/25/2021,GLH,MS,ASO,ES,Federal Contract Tower,0,5,5,2,12,0,2,94,0,96,0,7,99,2,108,20,30,50,158
05/26/2021,GLH,MS,ASO,ES,Federal Contract Tower,0,5,1,0,6,0,0,44,0,44,0,5,45,0,50,14,0,14,64
05/27/2021,GLH,MS,ASO,ES,Federal Contract Tower,0,6,1,7,14,0,0,134,0,134,0,6,135,7,148,22,128,150,298
05/28/2021,GLH,MS,ASO,ES,Federal Contract Tower,0,5,3,0,8,0,0,11,0,11,0,5,14,0,19,12,0,12,31
05/29/2021,GLH,MS,ASO,ES,Federal Contract Tower,0,4,0,0,4,0,0,3,0,3,0,4,3,0,7,0,0,0,7
05/30/2021,GLH,MS,ASO,ES,Federal Contract Tower,0,7,0,0,7,0,0,2,0,2,0,7,2,0,9,0,0,0,9
05/31/2021,GLH,MS,ASO,ES,Federal Contract Tower,0,3,1,0,4,0,0,2,0,2,0,3,3,0,6,2,0,2,8
06/01/2021,GLH,MS,ASO,ES,Federal Contract Tower,0,4,4,0,8,0,0,31,0,31,0,4,35,0,39,6,0,6,45
06/02/2021,GLH,MS,ASO,ES,Federal Contract Tower,0,5,1,6,12,0,0,6,1,7,0,5,7,7,19,10,42,52,71
06/03/2021,GLH,MS,ASO,ES,Federal Contract Tower,0,4,3,14,21,0,4,39,1,44,0,8,42,15,65,6,144,150,215
06/04/2021,GLH,MS,ASO,ES,Federal Contract Tower,0,5,3,1,9,0,2,68,1,71,0,7,71,2,80,2,10,12,92
06/05/2021,GLH,MS,ASO,ES,Federal Contract Tower,0,1,1,0,2,0,0,18,0,18,0,1,19,0,20,0,0,0,20
06/06/2021,GLH,MS,ASO,ES,Federal Contract Tower,0,5,5,0,10,0,0,0,0,0,0,5,5,0,10,0,0,0,10
06/07/2021,GLH,MS,ASO,ES,Federal Contract Tower,0,2,4,0,6,0,0,2,0,2,0,2,6,0,8,0,0,0,8
06/08/2021,GLH,MS,ASO,ES,Federal Contract Tower,0,4,4,0,8,0,0,2,0,2,0,4,6,0,10,0,0,0,10
06/09/2021,GLH,MS,ASO,ES,Federal Contract Tower,0,3,4,4,11,0,0,0,0,0,0,3,4,4,11,0,6,6,17
06/10/2021,GLH,MS,ASO,ES,Federal Contract Tower,0,4,5,4,13,0,0,1,0,1,0,4,6,4,14,0,60,60,74
06/11/2021,GLH,MS,ASO,ES,Federal Contract Tower,0,6,1,0,7,0,0,4,2,6,0,6,5,2,13,2,0,2,15
06/12/2021,GLH,MS,ASO,ES,Federal Contract Tower,0,0,0,7,7,0,0,18,0,18,0,0,18,7,25,4,16,20,45
06/13/2021,GLH,MS,ASO,ES,Federal Contract Tower,0,6,0,0,6,0,0,6,0,6,0,6,6,0,12,0,0,0,12
06/14/2021,GLH,MS,ASO,ES,Federal Contract Tower,0,3,3,6,12,0,1,18,0,19,0,4,21,6,31,20,74,94,125
06/15/2021,GLH,MS,ASO,ES,Federal Contract Tower,0,4,2,7,13,0,2,15,1,18,0,6,17,8,31,0,56,56,87
06/16/2021,GLH,MS,ASO,ES,Federal Contract Tower,0,5,0,4,9,0,4,18,0,22,0,9,18,4,31,10,50,60,91
06/17/2021,GLH,MS,ASO,ES,Federal Contract Tower,0,4,2,0,6,0,2,47,0,49,0,6,49,0,55,16,0,16,71
06/18/2021,GLH,MS,ASO,ES,Federal Contract Tower,0,3,4,0,7,0,4,17,0,21,0,7,21,0,28,12,0,12,40
06/19/2021,GLH,MS,ASO,ES,Federal Contract Tower,0,1,3,0,4,0,0,34,0,34,0,1,37,0,38,0,0,0,38
06/20/2021,GLH,MS,ASO,ES,Federal Contract Tower,0,4,0,0,4,0,0,22,0,22,0,4,22,0,26,0,0,0,26
06/21/2021,GLH,MS,ASO,ES,Federal Contract Tower,0,4,2,4,10,0,0,2,0,2,0,4,4,4,12,0,64,64,76
06/22/2021,GLH,MS,ASO,ES,Federal Contract Tower,0,4,7,10,21,0,0,35,0,35,0,4,42,10,56,26,104,130,186
06/23/2021,GLH,MS,ASO,ES,Federal Contract Tower,0,2,4,8,14,0,1,24,4,29,0,3,28,12,43,24,114,138,181
06/24/2021,GLH,MS,ASO,ES,Federal Contract Tower,0,4,2,13,19,0,0,20,2,22,0,4,22,15,41,46,104,150,191
06/25/2021,GLH,MS,ASO,ES,Federal Contract Tower,0,6,5,6,17,0,0,6,0,6,0,6,11,6,23,2,110,112,135
06/26/2021,GLH,MS,ASO,ES,Federal Contract Tower,0,2,0,0,2,0,0,14,0,14,0,2,14,0,16,0,0,0,16
06/27/2021,GLH,MS,ASO,ES,Federal Contract Tower,0,3,0,0,3,0,0,12,0,12,0,3,12,0,15,0,0,0,15
06/28/2021,GLH,MS,ASO,ES,Federal Contract Tower,0,3,3,5,11,0,0,12,0,12,0,3,15,5,23,12,52,64,87
06/29/2021,GLH,MS,ASO,ES,Federal Contract Tower,0,2,2,10,14,0,0,34,2,36,0,2,36,12,50,24,102,126,176
06/30/2021,GLH,MS,ASO,ES,Federal Contract Tower,0,4,2,11,17,0,0,58,2,60,0,4,60,13,77,6,120,126,203
07/01/2021,GLH,MS,ASO,ES,Federal Contract Tower,0,5,8,5,18,0,0,25,5,30,0,5,33,10,48,14,88,102,150
07/02/2021,GLH,MS,ASO,ES,Federal Contract Tower,0,1,1,0,2,0,2,8,0,10,0,3,9,0,12,2,0,2,14
07/03/2021,GLH,MS,ASO,ES,Federal Contract Tower,0,0,2,0,2,0,0,14,0,14,0,0,16,0,16,2,0,2,18
07/04/2021,GLH,MS,ASO,ES,Federal Contract Tower,0,3,0,0,3,0,1,14,0,15,0,4,14,0,18,0,0,0,18
07/05/2021,GLH,MS,ASO,ES,Federal Contract Tower,0,2,0,0,2,0,32,0,0,32,0,34,0,0,34,66,0,66,100
07/06/2021,GLH,MS,ASO,ES,Federal Contract Tower,0,0,5,11,16,0,0,50,0,50,0,0,55,11,66,36,160,196,262
07/07/2021,GLH,MS,ASO,ES,Federal Contract Tower,0,4,6,11,21,0,0,24,2,26,0,4,30,13,47,0,138,138,185
07/08/2021,GLH,MS,ASO,ES,Federal Contract Tower,0,5,5,12,22,0,0,65,2,67,0,5,70,14,89,18,72,90,179
07/09/2021,GLH,MS,ASO,ES,Federal Contract Tower,0,4,2,5,11,0,0,53,1,54,0,4,55,6,65,4,38,42,107
07/10/2021,GLH,MS,ASO,ES,Federal Contract Tower,0,1,0,1,2,0,0,2,1,3,0,1,2,2,5,0,2,2,7
07/11/2021,GLH,MS,ASO,ES,Federal Contract Tower,0,4,2,0,6,0,0,0,0,0,0,4,2,0,6,0,0,0,6
07/12/2021,GLH,MS,ASO,ES,Federal Contract Tower,0,4,2,12,18,0,0,2,1,3,0,4,4,13,21,0,108,108,129
07/13/2021,GLH,MS,ASO,ES,Federal Contract Tower,0,4,1,14,19,0,0,26,16,42,0,4,27,30,61,2,118,120,181
07/14/2021,GLH,MS,ASO,ES,Federal Contract Tower,0,0,4,7,11,0,0,0,0,0,0,0,4,7,11,6,8,14,25
07/15/2021,GLH,MS,ASO,ES,Federal Contract Tower,0,4,5,6,15,0,0,15,1,16,0,4,20,7,31,4,38,42,73
07/16/2021,GLH,MS,ASO,ES,Federal Contract Tower,0,5,5,0,10,0,0,10,0,10,0,5,15,0,20,4,0,4,24
07/17/2021,GLH,MS,ASO,ES,Federal Contract Tower,0,0,2,0,2,0,0,1,0,1,0,0,3,0,3,0,0,0,3
07/18/2021,GLH,MS,ASO,ES,Federal Contract Tower,0,5,2,0,7,0,0,0,0,0,0,5,2,0,7,0,0,0,7
07/19/2021,GLH,MS,ASO,ES,Federal Contract Tower,0,4,3,3,10,0,0,1,0,1,0,4,4,3,11,0,0,0,11
07/20/2021,GLH,MS,ASO,ES,Federal Contract Tower,0,3,4,0,7,0,0,6,2,8,0,3,10,2,15,2,0,2,17
07/21/2021,GLH,MS,ASO,ES,Federal Contract Tower,0,5,2,0,7,0,0,10,0,10,0,5,12,0,17,2,0,2,19
07/22/2021,GLH,MS,ASO,ES,Federal Contract Tower,0,4,4,0,8,0,1,70,0,71,0,5,74,0,79,12,0,12,91
07/23/2021,GLH,MS,ASO,ES,Federal Contract Tower,0,5,4,0,9,0,0,78,0,78,0,5,82,0,87,12,0,12,99
07/24/2021,GLH,MS,ASO,ES,Federal Contract Tower,0,0,4,0,4,0,0,15,0,15,0,0,19,0,19,6,0,6,25
07/25/2021,GLH,MS,ASO,ES,Federal Contract Tower,0,6,3,0,9,0,0,12,0,12,0,6,15,0,21,14,0,14,35
07/26/2021,GLH,MS,ASO,ES,Federal Contract Tower,0,4,4,1,9,0,4,28,1,33,0,8,32,2,42,12,0,12,54
07/27/2021,GLH,MS,ASO,ES,Federal Contract Tower,0,4,4,0,8,0,2,23,0,25,0,6,27,0,33,10,0,10,43
07/28/2021,GLH,MS,ASO,ES,Federal Contract Tower,0,4,3,0,7,0,19,2,0,21,0,23,5,0,28,24,0,24,52
07/29/2021,GLH,MS,ASO,ES,Federal Contract Tower,0,5,3,0,8,0,0,12,0,12,0,5,15,0,20,0,0,0,20
07/30/2021,GLH,MS,ASO,ES,Federal Contract Tower,0,5,9,2,16,0,0,44,2,46,0,5,53,4,62,8,2,10,72
07/31/2021,GLH,MS,ASO,ES,Federal Contract Tower,0,1,6,0,7,0,0,47,0,47,0,1,53,0,54,4,0,4,58
08/01/2021,GLH,MS,ASO,ES,Federal Contract Tower,0,2,1,0,3,0,4,4,0,8,0,6,5,0,11,0,0,0,11
08/02/2021,GLH,MS,ASO,ES,Federal Contract Tower,0,5,7,0,12,0,2,0,0,2,0,7,7,0,14,0,0,0,14
08/03/2021,GLH,MS,ASO,ES,Federal Contract Tower,0,4,1,8,13,0,0,23,0,23,0,4,24,8,36,6,42,48,84
08/04/2021,GLH,MS,ASO,ES,Federal Contract Tower,0,5,1,1,7,0,0,18,0,18,0,5,19,1,25,8,2,10,35
08/05/2021,GLH,MS,ASO,ES,Federal Contract Tower,0,4,0,5,9,0,0,12,0,12,0,4,12,5,21,28,4,32,53
08/06/2021,GLH,MS,ASO,ES,Federal Contract Tower,0,5,4,0,9,0,0,17,0,17,0,5,21,0,26,6,0,6,32
08/07/2021,GLH,MS,ASO,ES,Federal Contract Tower,0,1,4,0,5,0,0,24,0,24,0,1,28,0,29,2,0,2,31
08/08/2021,GLH,MS,ASO,ES,Federal Contract Tower,0,4,2,1,7,0,2,8,0,10,0,6,10,1,17,0,2,2,19
08/09/2021,GLH,MS,ASO,ES,Federal Contract Tower,0,3,2,3,8,0,1,17,0,18,0,4,19,3,26,8,6,14,40
08/10/2021,GLH,MS,ASO,ES,Federal Contract Tower,0,6,0,4,10,0,2,28,0,30,0,8,28,4,40,6,8,14,54
08/11/2021,GLH,MS,ASO,ES,Federal Contract Tower,0,5,4,0,9,0,2,6,0,8,0,7,10,0,17,2,0,2,19
08/12/2021,GLH,MS,ASO,ES,Federal Contract Tower,0,5,1,0,6,0,0,10,0,10,0,5,11,0,16,2,0,2,18
08/13/2021,GLH,MS,ASO,ES,Federal Contract Tower,0,4,0,0,4,0,1,8,0,9,0,5,8,0,13,8,0,8,21
08/14/2021,GLH,MS,ASO,ES,Federal Contract Tower,0,1,2,0,3,0,0,8,2,10,0,1,10,2,13,0,10,10,23
08/15/2021,GLH,MS,ASO,ES,Federal Contract Tower,0,1,4,0,5,0,0,2,0,2,0,1,6,0,7,0,0,0,7
08/16/2021,GLH,MS,ASO,ES,Federal Contract Tower,0,4,2,0,6,0,4,0,0,4,0,8,2,0,10,2,0,2,12
08/17/2021,GLH,MS,ASO,ES,Federal Contract Tower,0,3,3,5,11,0,4,34,0,38,0,7,37,5,49,10,10,20,69
08/18/2021,GLH,MS,ASO,ES,Federal Contract Tower,0,3,4,6,13,0,0,8,4,12,0,3,12,10,25,4,52,56,81
08/19/2021,GLH,MS,ASO,ES,Federal Contract Tower,0,3,2,0,5,0,1,1,0,2,0,4,3,0,7,0,0,0,7
08/20/2021,GLH,MS,ASO,ES,Federal Contract Tower,0,5,5,5,15,0,0,18,1,19,0,5,23,6,34,0,40,40,74
08/21/2021,GLH,MS,ASO,ES,Federal Contract Tower,0,0,3,0,3,0,0,6,0,6,0,0,9,0,9,0,0,0,9
08/22/2021,GLH,MS,ASO,ES,Federal Contract Tower,0,5,3,0,8,0,0,9,0,9,0,5,12,0,17,0,0,0,17
08/23/2021,GLH,MS,ASO,ES,Federal Contract Tower,0,4,0,4,8,0,0,12,0,12,0,4,12,4,20,6,46,52,72
08/24/2021,GLH,MS,ASO,ES,Federal Contract Tower,0,4,1,2,7,0,0,14,2,16,0,4,15,4,23,12,42,54,77
08/25/2021,GLH,MS,ASO,ES,Federal Contract Tower,0,1,0,5,6,0,0,21,4,25,0,1,21,9,31,2,50,52,83
08/26/2021,GLH,MS,ASO,ES,Federal Contract Tower,0,5,3,5,13,0,0,30,0,30,0,5,33,5,43,10,66,76,119
08/27/2021,GLH,MS,ASO,ES,Federal Contract Tower,0,4,0,4,8,0,0,20,0,20,0,4,20,4,28,12,26,38,66
08/28/2021,GLH,MS,ASO,ES,Federal Contract Tower,0,1,5,0,6,0,0,7,0,7,0,1,12,0,13,4,0,4,17
08/29/2021,GLH,MS,ASO,ES,Federal Contract Tower,0,0,3,0,3,0,4,1,0,5,0,4,4,0,8,0,0,0,8
08/30/2021,GLH,MS,ASO,ES,Federal Contract Tower,0,0,0,0,0,0,0,0,0,0,0,0,0,0,0,0,0,0,0
08/31/2021,GLH,MS,ASO,ES,Federal Contract Tower,0,3,0,3,6,0,3,5,0,8,0,6,5,3,14,2,14,16,30
09/01/2021,GLH,MS,ASO,ES,Federal Contract Tower,0,4,0,3,7,0,0,38,1,39,0,4,38,4,46,10,78,88,134
09/02/2021,GLH,MS,ASO,ES,Federal Contract Tower,0,4,2,5,11,0,0,33,1,34,0,4,35,6,45,2,64,66,111
09/03/2021,GLH,MS,ASO,ES,Federal Contract Tower,0,5,0,0,5,0,0,58,0,58,0,5,58,0,63,8,0,8,71
09/04/2021,GLH,MS,ASO,ES,Federal Contract Tower,0,0,1,1,2,0,0,99,5,104,0,0,100,6,106,6,0,6,112
09/05/2021,GLH,MS,ASO,ES,Federal Contract Tower,0,4,2,0,6,0,5,33,0,38,0,9,35,0,44,0,0,0,44
09/06/2021,GLH,MS,ASO,ES,Federal Contract Tower,0,3,1,0,4,0,4,16,0,20,0,7,17,0,24,0,0,0,24
09/07/2021,GLH,MS,ASO,ES,Federal Contract Tower,0,3,0,11,14,0,1,62,1,64,0,4,62,12,78,10,106,116,194
09/08/2021,GLH,MS,ASO,ES,Federal Contract Tower,0,1,0,8,9,0,3,54,4,61,0,4,54,12,70,2,60,62,132
09/09/2021,GLH,MS,ASO,ES,Federal Contract Tower,0,0,0,0,0,0,5,36,18,59,0,5,36,18,59,0,0,0,59
09/10/2021,GLH,MS,ASO,ES,Federal Contract Tower,0,1,5,3,9,0,4,34,2,40,0,5,39,5,49,0,14,14,63
09/11/2021,GLH,MS,ASO,ES,Federal Contract Tower,0,0,0,0,0,0,1,6,0,7,0,1,6,0,7,0,0,0,7
09/12/2021,GLH,MS,ASO,ES,Federal Contract Tower,0,5,2,6,13,0,0,7,0,7,0,5,9,6,20,0,12,12,32
09/13/2021,GLH,MS,ASO,ES,Federal Contract Tower,0,4,5,8,17,0,3,23,1,27,0,7,28,9,44,4,124,128,172
09/14/2021,GLH,MS,ASO,ES,Federal Contract Tower,0,4,4,6,14,0,2,12,0,14,0,6,16,6,28,0,30,30,58
09/15/2021,GLH,MS,ASO,ES,Federal Contract Tower,0,4,6,8,18,0,0,2,4,6,0,4,8,12,24,4,70,74,98
09/16/2021,GLH,MS,ASO,ES,Federal Contract Tower,0,4,0,4,8,0,1,20,0,21,0,5,20,4,29,0,2,2,31
09/17/2021,GLH,MS,ASO,ES,Federal Contract Tower,0,5,2,2,9,0,0,1,0,1,0,5,3,2,10,0,2,2,12
09/18/2021,GLH,MS,ASO,ES,Federal Contract Tower,0,0,4,0,4,0,0,0,0,0,0,0,4,0,4,0,0,0,4
09/19/2021,GLH,MS,ASO,ES,Federal Contract Tower,0,1,0,2,3,0,2,3,0,5,0,3,3,2,8,0,0,0,8
09/20/2021,GLH,MS,ASO,ES,Federal Contract Tower,0,1,1,9,11,0,4,8,0,12,0,5,9,9,23,2,50,52,75
09/21/2021,GLH,MS,ASO,ES,Federal Contract Tower,0,5,2,4,11,0,0,19,0,19,0,5,21,4,30,2,88,90,120
09/22/2021,GLH,MS,ASO,ES,Federal Contract Tower,0,2,0,8,10,0,3,8,0,11,0,5,8,8,21,6,88,94,115
09/23/2021,GLH,MS,ASO,ES,Federal Contract Tower,0,0,1,2,3,0,0,45,4,49,0,0,46,6,52,28,64,92,144
09/24/2021,GLH,MS,ASO,ES,Federal Contract Tower,0,0,3,6,9,0,0,28,4,32,0,0,31,10,41,20,48,68,109
09/25/2021,GLH,MS,ASO,ES,Federal Contract Tower,0,1,0,0,1,0,0,18,2,20,0,1,18,2,21,2,10,12,33
09/26/2021,GLH,MS,ASO,ES,Federal Contract Tower,0,1,2,0,3,0,4,5,0,9,0,5,7,0,12,0,0,0,12
09/27/2021,GLH,MS,ASO,ES,Federal Contract Tower,0,0,2,5,7,0,9,32,1,42,0,9,34,6,49,26,36,62,111
09/28/2021,GLH,MS,ASO,ES,Federal Contract Tower,0,4,6,2,12,0,1,9,0,10,0,5,15,2,22,0,8,8,30
09/29/2021,GLH,MS,ASO,ES,Federal Contract Tower,0,3,2,0,5,0,8,13,0,21,0,11,15,0,26,0,0,0,26
09/30/2021,GLH,MS,ASO,ES,Federal Contract Tower,0,2,2,0,4,0,0,4,0,4,0,2,6,0,8,2,0,2,10
10/01/2021,GLH,MS,ASO,ES,Federal Contract Tower,0,2,5,0,7,0,0,15,0,15,0,2,20,0,22,6,0,6,28
10/02/2021,GLH,MS,ASO,ES,Federal Contract Tower,0,2,0,0,2,0,0,2,0,2,0,2,2,0,4,0,0,0,4
10/03/2021,GLH,MS,ASO,ES,Federal Contract Tower,0,4,4,0,8,0,0,0,0,0,0,4,4,0,8,0,0,0,8
10/04/2021,GLH,MS,ASO,ES,Federal Contract Tower,0,4,0,4,8,0,0,23,45,68,0,4,23,49,76,8,124,132,208
10/05/2021,GLH,MS,ASO,ES,Federal Contract Tower,0,2,0,5,7,0,0,8,5,13,0,2,8,10,20,0,80,80,100
10/06/2021,GLH,MS,ASO,ES,Federal Contract Tower,0,4,2,8,14,0,0,5,2,7,0,4,7,10,21,0,20,20,41
10/07/2021,GLH,MS,ASO,ES,Federal Contract Tower,0,4,0,9,13,0,0,14,2,16,0,4,14,11,29,4,138,142,171
10/08/2021,GLH,MS,ASO,ES,Federal Contract Tower,0,4,4,11,19,0,0,13,0,13,0,4,17,11,32,6,62,68,100
10/09/2021,GLH,MS,ASO,ES,Federal Contract Tower,0,1,4,2,7,0,0,9,0,9,0,1,13,2,16,4,4,8,24
10/10/2021,GLH,MS,ASO,ES,Federal Contract Tower,0,4,5,0,9,0,0,6,0,6,0,4,11,0,15,6,0,6,21
10/11/2021,GLH,MS,ASO,ES,Federal Contract Tower,0,4,9,0,13,0,0,2,0,2,0,4,11,0,15,2,0,2,17
10/12/2021,GLH,MS,ASO,ES,Federal Contract Tower,0,2,2,2,6,0,0,7,2,9,0,2,9,4,15,2,38,40,55
10/13/2021,GLH,MS,ASO,ES,Federal Contract Tower,0,3,1,5,9,0,0,18,3,21,0,3,19,8,30,10,34,44,74
10/14/2021,GLH,MS,ASO,ES,Federal Contract Tower,0,4,4,4,12,0,0,6,2,8,0,4,10,6,20,20,8,28,48
10/15/2021,GLH,MS,ASO,ES,Federal Contract Tower,0,4,4,0,8,0,0,7,0,7,0,4,11,0,15,0,0,0,15
10/16/2021,GLH,MS,ASO,ES,Federal Contract Tower,0,2,1,0,3,0,0,12,0,12,0,2,13,0,15,2,0,2,17
10/17/2021,GLH,MS,ASO,ES,Federal Contract Tower,0,3,0,2,5,0,0,14,2,16,0,3,14,4,21,2,4,6,27
10/18/2021,GLH,MS,ASO,ES,Federal Contract Tower,0,4,3,12,19,0,0,11,0,11,0,4,14,12,30,6,124,130,160
10/19/2021,GLH,MS,ASO,ES,Federal Contract Tower,0,2,2,2,6,0,0,23,0,23,0,2,25,2,29,20,32,52,81
10/20/2021,GLH,MS,ASO,ES,Federal Contract Tower,0,3,2,9,14,0,0,6,1,7,0,3,8,10,21,8,104,112,133
10/21/2021,GLH,MS,ASO,ES,Federal Contract Tower,0,3,9,8,20,0,0,12,0,12,0,3,21,8,32,14,36,50,82
10/22/2021,GLH,MS,ASO,ES,Federal Contract Tower,0,4,1,0,5,0,0,30,0,30,0,4,31,0,35,10,0,10,45
10/23/2021,GLH,MS,ASO,ES,Federal Contract Tower,0,4,0,0,4,0,0,6,0,6,0,4,6,0,10,0,0,0,10
10/24/2021,GLH,MS,ASO,ES,Federal Contract Tower,0,4,0,0,4,0,0,4,0,4,0,4,4,0,8,0,0,0,8
10/25/2021,GLH,MS,ASO,ES,Federal Contract Tower,0,4,0,0,4,0,0,4,0,4,0,4,4,0,8,2,0,2,10
10/26/2021,GLH,MS,ASO,ES,Federal Contract Tower,0,4,2,6,12,0,0,16,3,19,0,4,18,9,31,8,72,80,111
10/27/2021,GLH,MS,ASO,ES,Federal Contract Tower,0,4,0,4,8,0,0,8,0,8,0,4,8,4,16,12,68,80,96
10/28/2021,GLH,MS,ASO,ES,Federal Contract Tower,0,4,0,5,9,0,0,6,0,6,0,4,6,5,15,2,8,10,25
10/29/2021,GLH,MS,ASO,ES,Federal Contract Tower,0,4,3,6,13,0,0,4,2,6,0,4,7,8,19,2,38,40,59
10/30/2021,GLH,MS,ASO,ES,Federal Contract Tower,0,2,2,0,4,0,0,2,0,2,0,2,4,0,6,2,0,2,8
10/31/2021,GLH,MS,ASO,ES,Federal Contract Tower,0,4,2,0,6,0,0,7,0,7,0,4,9,0,13,2,0,2,15
11/01/2021,GLH,MS,ASO,ES,Federal Contract Tower,0,4,3,5,12,0,0,24,0,24,0,4,27,5,36,10,110,120,156
11/02/2021,GLH,MS,ASO,ES,Federal Contract Tower,0,4,3,6,13,0,0,11,0,11,0,4,14,6,24,14,98,112,136
11/03/2021,GLH,MS,ASO,ES,Federal Contract Tower,0,3,3,0,6,0,0,5,0,5,0,3,8,0,11,2,0,2,13
11/04/2021,GLH,MS,ASO,ES,Federal Contract Tower,0,3,3,7,13,0,1,14,3,18,0,4,17,10,31,2,148,150,181
11/05/2021,GLH,MS,ASO,ES,Federal Contract Tower,0,4,1,4,9,0,0,2,0,2,0,4,3,4,11,0,6,6,17
11/06/2021,GLH,MS,ASO,ES,Federal Contract Tower,0,2,1,1,4,0,0,15,1,16,0,2,16,2,20,0,2,2,22
11/07/2021,GLH,MS,ASO,ES,Federal Contract Tower,0,4,2,0,6,0,0,8,0,8,0,4,10,0,14,0,0,0,14
11/08/2021,GLH,MS,ASO,ES,Federal Contract Tower,0,4,0,3,7,0,0,20,7,27,0,4,20,10,34,10,24,34,68
11/09/2021,GLH,MS,ASO,ES,Federal Contract Tower,0,2,3,5,10,0,0,33,1,34,0,2,36,6,44,14,74,88,132
11/10/2021,GLH,MS,ASO,ES,Federal Contract Tower,0,4,0,6,10,0,0,14,2,16,0,4,14,8,26,10,92,102,128
11/11/2021,GLH,MS,ASO,ES,Federal Contract Tower,0,3,2,0,5,0,0,10,0,10,0,3,12,0,15,6,0,6,21
11/12/2021,GLH,MS,ASO,ES,Federal Contract Tower,0,3,1,0,4,0,0,18,0,18,0,3,19,0,22,30,0,30,52
11/13/2021,GLH,MS,ASO,ES,Federal Contract Tower,0,2,0,0,2,0,0,6,0,6,0,2,6,0,8,0,0,0,8
11/14/2021,GLH,MS,ASO,ES,Federal Contract Tower,0,4,2,0,6,0,0,4,0,4,0,4,6,0,10,0,0,0,10
11/15/2021,GLH,MS,ASO,ES,Federal Contract Tower,0,4,3,1,8,0,0,56,3,59,0,4,59,4,67,10,4,14,81
11/16/2021,GLH,MS,ASO,ES,Federal Contract Tower,0,2,5,5,12,0,0,32,0,32,0,2,37,5,44,6,44,50,94
11/17/2021,GLH,MS,ASO,ES,Federal Contract Tower,0,3,0,7,10,0,0,19,1,20,0,3,19,8,30,2,82,84,114
11/18/2021,GLH,MS,ASO,ES,Federal Contract Tower,0,3,3,1,7,0,0,4,5,9,0,3,7,6,16,0,8,8,24
11/19/2021,GLH,MS,ASO,ES,Federal Contract Tower,0,4,0,6,10,0,0,35,0,35,0,4,35,6,45,16,70,86,131
11/20/2021,GLH,MS,ASO,ES,Federal Contract Tower,0,2,4,2,8,0,0,20,0,20,0,2,24,2,28,4,2,6,34
11/21/2021,GLH,MS,ASO,ES,Federal Contract Tower,0,3,4,0,7,0,0,1,0,1,0,3,5,0,8,0,0,0,8
11/22/2021,GLH,MS,ASO,ES,Federal Contract Tower,0,3,6,2,11,0,0,11,0,11,0,3,17,2,22,2,24,26,48
11/23/2021,GLH,MS,ASO,ES,Federal Contract Tower,0,6,1,1,8,0,0,33,0,33,0,6,34,1,41,6,2,8,49
11/24/2021,GLH,MS,ASO,ES,Federal Contract Tower,0,3,3,7,13,0,0,14,0,14,0,3,17,7,27,2,34,36,63
11/25/2021,GLH,MS,ASO,ES,Federal Contract Tower,0,0,2,0,2,0,0,0,0,0,0,0,2,0,2,0,0,0,2
11/26/2021,GLH,MS,ASO,ES,Federal Contract Tower,0,3,0,0,3,0,0,2,0,2,0,3,2,0,5,0,0,0,5
11/27/2021,GLH,MS,ASO,ES,Federal Contract Tower,0,3,4,0,7,0,0,3,0,3,0,3,7,0,10,0,0,0,10
11/28/2021,GLH,MS,ASO,ES,Federal Contract Tower,0,4,5,0,9,0,0,2,0,2,0,4,7,0,11,0,0,0,11
11/29/2021,GLH,MS,ASO,ES,Federal Contract Tower,0,3,2,0,5,0,0,15,0,15,0,3,17,0,20,10,0,10,30
11/30/2021,GLH,MS,ASO,ES,Federal Contract Tower,0,2,1,11,14,0,0,21,0,21,0,2,22,11,35,18,74,92,127
12/01/2021,GLH,MS,ASO,ES,Federal Contract Tower,0,4,7,13,24,0,0,18,0,18,0,4,25,13,42,0,142,142,184
12/02/2021,GLH,MS,ASO,ES,Federal Contract Tower,0,4,2,8,14,0,0,44,0,44,0,4,46,8,58,16,100,116,174
12/03/2021,GLH,MS,ASO,ES,Federal Contract Tower,0,3,4,6,13,0,0,17,0,17,0,3,21,6,30,4,44,48,78
12/04/2021,GLH,MS,ASO,ES,Federal Contract Tower,0,2,5,0,7,0,0,16,0,16,0,2,21,0,23,2,0,2,25
12/05/2021,GLH,MS,ASO,ES,Federal Contract Tower,0,5,6,0,11,0,0,0,0,0,0,5,6,0,11,2,0,2,13
12/06/2021,GLH,MS,ASO,ES,Federal Contract Tower,0,4,1,6,11,0,0,1,0,1,0,4,2,6,12,0,48,48,60
12/07/2021,GLH,MS,ASO,ES,Federal Contract Tower,0,2,0,13,15,0,0,12,0,12,0,2,12,13,27,4,154,158,185
12/08/2021,GLH,MS,ASO,ES,Federal Contract Tower,0,3,2,4,9,0,0,16,4,20,0,3,18,8,29,4,50,54,83
12/09/2021,GLH,MS,ASO,ES,Federal Contract Tower,0,3,6,2,11,0,0,9,0,9,0,3,15,2,20,0,30,30,50
12/10/2021,GLH,MS,ASO,ES,Federal Contract Tower,0,4,4,10,18,0,0,3,0,3,0,4,7,10,21,0,72,72,93
12/11/2021,GLH,MS,ASO,ES,Federal Contract Tower,0,2,3,0,5,0,0,1,0,1,0,2,4,0,6,2,0,2,8
12/12/2021,GLH,MS,ASO,ES,Federal Contract Tower,0,4,7,0,11,0,0,13,0,13,0,4,20,0,24,4,0,4,28
12/13/2021,GLH,MS,ASO,ES,Federal Contract Tower,0,3,3,6,12,0,0,13,0,13,0,3,16,6,25,12,60,72,97
12/14/2021,GLH,MS,ASO,ES,Federal Contract Tower,0,2,6,6,14,0,0,12,0,12,0,2,18,6,26,14,44,58,84
12/15/2021,GLH,MS,ASO,ES,Federal Contract Tower,0,3,9,2,14,0,0,6,2,8,0,3,15,4,22,4,28,32,54
12/16/2021,GLH,MS,ASO,ES,Federal Contract Tower,0,3,11,12,26,0,0,2,0,2,0,3,13,12,28,2,10,12,40
12/17/2021,GLH,MS,ASO,ES,Federal Contract Tower,0,4,11,7,22,0,0,3,0,3,0,4,14,7,25,2,14,16,41
12/18/2021,GLH,MS,ASO,ES,Federal Contract Tower,0,2,2,0,4,0,0,0,0,0,0,2,2,0,4,0,0,0,4
12/19/2021,GLH,MS,ASO,ES,Federal Contract Tower,0,3,5,0,8,0,0,4,0,4,0,3,9,0,12,2,0,2,14
12/20/2021,GLH,MS,ASO,ES,Federal Contract Tower,0,4,2,4,10,0,0,8,0,8,0,4,10,4,18,0,42,42,60
12/21/2021,GLH,MS,ASO,ES,Federal Contract Tower,0,3,9,4,16,0,0,38,1,39,0,3,47,5,55,2,34,36,91
12/22/2021,GLH,MS,ASO,ES,Federal Contract Tower,0,3,4,2,9,0,0,15,0,15,0,3,19,2,24,0,36,36,60
12/23/2021,GLH,MS,ASO,ES,Federal Contract Tower,0,4,6,0,10,0,0,12,0,12,0,4,18,0,22,0,0,0,22
12/24/2021,GLH,MS,ASO,ES,Federal Contract Tower,0,0,0,0,0,0,0,0,0,0,0,0,0,0,0,0,0,0,0
12/25/2021,GLH,MS,ASO,ES,Federal Contract Tower,0,0,0,0,0,0,0,1,0,1,0,0,1,0,1,0,0,0,1
12/26/2021,GLH,MS,ASO,ES,Federal Contract Tower,0,0,2,0,2,0,0,10,0,10,0,0,12,0,12,0,0,0,12
12/27/2021,GLH,MS,ASO,ES,Federal Contract Tower,0,3,1,0,4,0,0,0,0,0,0,3,1,0,4,2,0,2,6
12/28/2021,GLH,MS,ASO,ES,Federal Contract Tower,0,2,6,0,8,0,0,4,0,4,0,2,10,0,12,0,0,0,12
12/29/2021,GLH,MS,ASO,ES,Federal Contract Tower,0,4,3,0,7,0,0,2,0,2,0,4,5,0,9,0,0,0,9
12/30/2021,GLH,MS,ASO,ES,Federal Contract Tower,0,5,14,2,21,0,0,4,0,4,0,5,18,2,25,4,0,4,29
12/31/2021,GLH,MS,ASO,ES,Federal Contract Tower,0,2,4,0,6,0,0,1,0,1,0,2,5,0,7,0,0,0,7
01/01/2022,GLH,MS,ASO,ES,Federal Contract Tower,0,1,1,0,2,0,0,2,0,2,0,1,3,0,4,0,0,0,4
01/02/2022,GLH,MS,ASO,ES,Federal Contract Tower,0,3,4,0,7,0,0,0,0,0,0,3,4,0,7,0,0,0,7
01/03/2022,GLH,MS,ASO,ES,Federal Contract Tower,0,3,0,0,3,0,0,4,0,4,0,3,4,0,7,2,0,2,9
01/04/2022,GLH,MS,ASO,ES,Federal Contract Tower,0,2,6,1,9,0,0,7,2,9,0,2,13,3,18,2,8,10,28
01/05/2022,GLH,MS,ASO,ES,Federal Contract Tower,0,3,5,4,12,0,0,17,0,17,0,3,22,4,29,14,42,56,85
01/06/2022,GLH,MS,ASO,ES,Federal Contract Tower,0,3,2,0,5,0,0,0,0,0,0,3,2,0,5,0,0,0,5
01/07/2022,GLH,MS,ASO,ES,Federal Contract Tower,0,3,2,2,7,0,13,4,0,17,0,16,6,2,24,4,6,10,34
01/08/2022,GLH,MS,ASO,ES,Federal Contract Tower,0,2,2,0,4,0,0,0,0,0,0,2,2,0,4,0,0,0,4
01/09/2022,GLH,MS,ASO,ES,Federal Contract Tower,0,3,2,0,5,0,0,0,0,0,0,3,2,0,5,0,0,0,5
01/10/2022,GLH,MS,ASO,ES,Federal Contract Tower,0,6,1,2,9,0,0,13,1,14,0,6,14,3,23,8,4,12,35
01/11/2022,GLH,MS,ASO,ES,Federal Contract Tower,0,2,0,3,5,0,0,31,1,32,0,2,31,4,37,10,70,80,117
01/12/2022,GLH,MS,ASO,ES,Federal Contract Tower,0,3,3,11,17,0,0,7,5,12,0,3,10,16,29,0,102,102,131
01/13/2022,GLH,MS,ASO,ES,Federal Contract Tower,0,3,2,0,5,0,0,10,1,11,0,3,12,1,16,8,42,50,66
01/14/2022,GLH,MS,ASO,ES,Federal Contract Tower,0,2,5,6,13,0,0,29,3,32,0,2,34,9,45,6,22,28,73
01/15/2022,GLH,MS,ASO,ES,Federal Contract Tower,0,2,0,0,2,0,0,0,0,0,0,2,0,0,2,0,0,0,2
01/16/2022,GLH,MS,ASO,ES,Federal Contract Tower,0,3,0,0,3,0,0,2,0,2,0,3,2,0,5,0,0,0,5
01/17/2022,GLH,MS,ASO,ES,Federal Contract Tower,0,4,2,0,6,0,0,4,8,12,0,4,6,8,18,2,0,2,20
01/18/2022,GLH,MS,ASO,ES,Federal Contract Tower,0,4,1,2,7,0,0,25,2,27,0,4,26,4,34,14,4,18,52
01/19/2022,GLH,MS,ASO,ES,Federal Contract Tower,0,3,2,0,5,0,0,2,0,2,0,3,4,0,7,0,0,0,7
01/20/2022,GLH,MS,ASO,ES,Federal Contract Tower,0,3,2,10,15,0,0,0,4,4,0,3,2,14,19,0,200,200,219
01/21/2022,GLH,MS,ASO,ES,Federal Contract Tower,0,3,1,4,8,0,0,8,5,13,0,3,9,9,21,8,30,38,59
01/22/2022,GLH,MS,ASO,ES,Federal Contract Tower,0,6,0,0,6,0,0,10,0,10,0,6,10,0,16,8,0,8,24
01/23/2022,GLH,MS,ASO,ES,Federal Contract Tower,0,4,0,0,4,0,0,17,0,17,0,4,17,0,21,4,0,4,25
01/24/2022,GLH,MS,ASO,ES,Federal Contract Tower,0,3,4,9,16,0,0,18,6,24,0,3,22,15,40,4,130,134,174
01/25/2022,GLH,MS,ASO,ES,Federal Contract Tower,0,2,2,7,11,0,0,6,1,7,0,2,8,8,18,0,76,76,94
01/26/2022,GLH,MS,ASO,ES,Federal Contract Tower,0,3,1,3,7,0,0,12,0,12,0,3,13,3,19,6,40,46,65
01/27/2022,GLH,MS,ASO,ES,Federal Contract Tower,0,4,3,6,13,0,0,7,1,8,0,4,10,7,21,12,94,106,127
01/28/2022,GLH,MS,ASO,ES,Federal Contract Tower,0,3,3,2,8,0,0,17,2,19,0,3,20,4,27,8,28,36,63
01/29/2022,GLH,MS,ASO,ES,Federal Contract Tower,0,2,1,0,3,0,0,3,12,15,0,2,4,12,18,2,0,2,20
01/30/2022,GLH,MS,ASO,ES,Federal Contract Tower,0,4,0,2,6,0,0,5,16,21,0,4,5,18,27,0,4,4,31
01/31/2022,GLH,MS,ASO,ES,Federal Contract Tower,0,3,1,2,6,0,0,16,2,18,0,3,17,4,24,12,20,32,56
02/01/2022,GLH,MS,ASO,ES,Federal Contract Tower,0,2,0,5,7,0,0,4,0,4,0,2,4,5,11,0,30,30,41
02/02/2022,GLH,MS,ASO,ES,Federal Contract Tower,0,3,1,0,4,0,0,1,0,1,0,3,2,0,5,0,0,0,5
02/03/2022,GLH,MS,ASO,ES,Federal Contract Tower,0,0,0,0,0,0,0,0,0,0,0,0,0,0,0,0,0,0,0
02/04/2022,GLH,MS,ASO,ES,Federal Contract Tower,0,3,1,0,4,0,0,1,0,1,0,3,2,0,5,0,0,0,5
02/05/2022,GLH,MS,ASO,ES,Federal Contract Tower,0,2,0,0,2,0,0,10,0,10,0,2,10,0,12,0,0,0,12
02/06/2022,GLH,MS,ASO,ES,Federal Contract Tower,0,4,3,1,8,0,0,29,1,30,0,4,32,2,38,6,2,8,46
02/07/2022,GLH,MS,ASO,ES,Federal Contract Tower,0,3,5,0,8,0,0,7,6,13,0,3,12,6,21,10,0,10,31
02/08/2022,GLH,MS,ASO,ES,Federal Contract Tower,0,4,4,4,12,0,0,20,0,20,0,4,24,4,32,12,46,58,90
02/09/2022,GLH,MS,ASO,ES,Federal Contract Tower,0,3,4,5,12,0,0,40,2,42,0,3,44,7,54,28,34,62,116
02/10/2022,GLH,MS,ASO,ES,Federal Contract Tower,0,3,5,4,12,0,0,12,0,12,0,3,17,4,24,24,54,78,102
02/11/2022,GLH,MS,ASO,ES,Federal Contract Tower,0,3,0,3,6,0,0,6,13,19,0,3,6,16,25,6,14,20,45
02/12/2022,GLH,MS,ASO,ES,Federal Contract Tower,0,4,1,0,5,0,0,0,0,0,0,4,1,0,5,0,0,0,5
02/13/2022,GLH,MS,ASO,ES,Federal Contract Tower,0,4,3,1,8,0,0,10,0,10,0,4,13,1,18,0,2,2,20
02/14/2022,GLH,MS,ASO,ES,Federal Contract Tower,0,3,3,5,11,0,0,17,3,20,0,3,20,8,31,18,64,82,113
02/15/2022,GLH,MS,ASO,ES,Federal Contract Tower,0,2,1,1,4,0,0,13,2,15,0,2,14,3,19,12,2,14,33
02/16/2022,GLH,MS,ASO,ES,Federal Contract Tower,0,3,2,2,7,0,0,4,4,8,0,3,6,6,15,0,6,6,21
02/17/2022,GLH,MS,ASO,ES,Federal Contract Tower,0,3,2,0,5,0,0,0,0,0,0,3,2,0,5,0,0,0,5
02/18/2022,GLH,MS,ASO,ES,Federal Contract Tower,0,3,1,7,11,0,0,20,0,20,0,3,21,7,31,14,70,84,115
02/19/2022,GLH,MS,ASO,ES,Federal Contract Tower,0,2,2,0,4,0,13,2,0,15,0,15,4,0,19,8,0,8,27
02/20/2022,GLH,MS,ASO,ES,Federal Contract Tower,0,4,6,0,10,0,0,17,0,17,0,4,23,0,27,6,0,6,33
02/21/2022,GLH,MS,ASO,ES,Federal Contract Tower,0,2,4,0,6,0,0,0,0,0,0,2,4,0,6,0,0,0,6
02/22/2022,GLH,MS,ASO,ES,Federal Contract Tower,0,2,2,8,12,0,0,4,1,5,0,2,6,9,17,0,74,74,91
02/23/2022,GLH,MS,ASO,ES,Federal Contract Tower,0,1,8,5,14,0,0,0,0,0,0,1,8,5,14,2,16,18,32
02/24/2022,GLH,MS,ASO,ES,Federal Contract Tower,0,1,5,0,6,0,0,0,0,0,0,1,5,0,6,0,0,0,6
02/25/2022,GLH,MS,ASO,ES,Federal Contract Tower,0,4,4,13,21,0,0,11,4,15,0,4,15,17,36,0,108,108,144
02/26/2022,GLH,MS,ASO,ES,Federal Contract Tower,0,2,0,0,2,0,0,0,0,0,0,2,0,0,2,0,0,0,2
02/27/2022,GLH,MS,ASO,ES,Federal Contract Tower,0,4,0,0,4,0,0,1,0,1,0,4,1,0,5,0,0,0,5
02/28/2022,GLH,MS,ASO,ES,Federal Contract Tower,0,3,2,4,9,0,0,23,0,23,0,3,25,4,32,12,36,48,80
03/01/2022,GLH,MS,ASO,ES,Federal Contract Tower,0,4,5,3,12,0,0,24,1,25,0,4,29,4,37,28,14,42,79
03/02/2022,GLH,MS,ASO,ES,Federal Contract Tower,0,3,2,5,10,0,0,16,18,34,0,3,18,23,44,16,44,60,104
03/03/2022,GLH,MS,ASO,ES,Federal Contract Tower,0,3,1,4,8,0,0,38,6,44,0,3,39,10,52,20,38,58,110
03/04/2022,GLH,MS,ASO,ES,Federal Contract Tower,0,3,0,6,9,0,0,31,0,31,0,3,31,6,40,12,72,84,124
03/05/2022,GLH,MS,ASO,ES,Federal Contract Tower,0,2,0,3,5,0,0,4,0,4,0,2,4,3,9,6,8,14,23
03/06/2022,GLH,MS,ASO,ES,Federal Contract Tower,0,4,0,0,4,0,0,0,0,0,0,4,0,0,4,0,0,0,4
03/07/2022,GLH,MS,ASO,ES,Federal Contract Tower,0,3,6,2,11,0,0,3,0,3,0,3,9,2,14,0,4,4,18
03/08/2022,GLH,MS,ASO,ES,Federal Contract Tower,0,2,7,0,9,0,0,6,0,6,0,2,13,0,15,0,0,0,15
03/09/2022,GLH,MS,ASO,ES,Federal Contract Tower,0,3,5,5,13,0,0,2,2,4,0,3,7,7,17,0,12,12,29
03/10/2022,GLH,MS,ASO,ES,Federal Contract Tower,0,3,5,4,12,0,0,88,2,90,0,3,93,6,102,20,10,30,132
03/11/2022,GLH,MS,ASO,ES,Federal Contract Tower,0,4,1,2,7,0,0,59,4,63,0,4,60,6,70,4,30,34,104
03/12/2022,GLH,MS,ASO,ES,Federal Contract Tower,0,2,0,0,2,0,0,3,0,3,0,2,3,0,5,8,0,8,13
03/13/2022,GLH,MS,ASO,ES,Federal Contract Tower,0,4,2,2,8,0,0,12,0,12,0,4,14,2,20,2,38,40,60
03/14/2022,GLH,MS,ASO,ES,Federal Contract Tower,0,2,0,2,4,0,0,12,0,12,0,2,12,2,16,8,32,40,56
03/15/2022,GLH,MS,ASO,ES,Federal Contract Tower,0,2,2,0,4,0,0,0,0,0,0,2,2,0,4,0,0,0,4
03/16/2022,GLH,MS,ASO,ES,Federal Contract Tower,0,4,2,6,12,0,0,50,0,50,0,4,52,6,62,4,12,16,78
03/17/2022,GLH,MS,ASO,ES,Federal Contract Tower,0,0,4,6,10,0,0,22,0,22,0,0,26,6,32,8,24,32,64
03/18/2022,GLH,MS,ASO,ES,Federal Contract Tower,0,4,0,5,9,0,0,2,1,3,0,4,2,6,12,2,42,44,56
03/19/2022,GLH,MS,ASO,ES,Federal Contract Tower,0,4,2,0,6,0,0,59,0,59,0,4,61,0,65,12,0,12,77
03/20/2022,GLH,MS,ASO,ES,Federal Contract Tower,0,4,3,1,8,0,0,49,2,51,0,4,52,3,59,2,0,2,61
03/21/2022,GLH,MS,ASO,ES,Federal Contract Tower,0,2,1,8,11,0,0,7,4,11,0,2,8,12,22,2,106,108,130
03/22/2022,GLH,MS,ASO,ES,Federal Contract Tower,0,2,0,0,2,0,0,0,0,0,0,2,0,0,2,0,0,0,2
03/23/2022,GLH,MS,ASO,ES,Federal Contract Tower,0,3,0,6,9,0,0,10,0,10,0,3,10,6,19,4,14,18,37
03/24/2022,GLH,MS,ASO,ES,Federal Contract Tower,0,3,5,3,11,0,0,21,0,21,0,3,26,3,32,8,12,20,52
03/25/2022,GLH,MS,ASO,ES,Federal Contract Tower,0,3,3,0,6,0,0,32,0,32,0,3,35,0,38,6,0,6,44
03/26/2022,GLH,MS,ASO,ES,Federal Contract Tower,0,2,1,0,3,0,0,9,0,9,0,2,10,0,12,2,0,2,14
03/27/2022,GLH,MS,ASO,ES,Federal Contract Tower,0,4,1,0,5,0,0,14,0,14,0,4,15,0,19,2,0,2,21
03/28/2022,GLH,MS,ASO,ES,Federal Contract Tower,0,3,1,9,13,0,0,17,2,19,0,3,18,11,32,8,38,46,78
03/29/2022,GLH,MS,ASO,ES,Federal Contract Tower,0,2,1,3,6,0,0,1,1,2,0,2,2,4,8,0,70,70,78
03/30/2022,GLH,MS,ASO,ES,Federal Contract Tower,0,2,0,0,2,0,0,0,0,0,0,2,0,0,2,0,0,0,2
03/31/2022,GLH,MS,ASO,ES,Federal Contract Tower,0,4,2,4,10,0,0,15,4,19,0,4,17,8,29,12,16,28,57
04/01/2022,GLH,MS,ASO,ES,Federal Contract Tower,0,4,2,4,10,0,0,6,4,10,0,4,8,8,20,0,0,0,20
04/02/2022,GLH,MS,ASO,ES,Federal Contract Tower,0,3,2,0,5,0,0,128,0,128,0,3,130,0,133,12,0,12,145
04/03/2022,GLH,MS,ASO,ES,Federal Contract Tower,0,4,3,0,7,0,0,29,0,29,0,4,32,0,36,2,0,2,38
04/04/2022,GLH,MS,ASO,ES,Federal Contract Tower,0,3,4,9,16,0,0,32,7,39,0,3,36,16,55,10,140,150,205
04/05/2022,GLH,MS,ASO,ES,Federal Contract Tower,0,2,0,10,12,0,0,2,0,2,0,2,2,10,14,2,74,76,90
04/06/2022,GLH,MS,ASO,ES,Federal Contract Tower,0,4,3,6,13,0,0,6,2,8,0,4,9,8,21,2,126,128,149
04/07/2022,GLH,MS,ASO,ES,Federal Contract Tower,0,3,3,6,12,0,0,7,2,9,0,3,10,8,21,2,20,22,43
04/08/2022,GLH,MS,ASO,ES,Federal Contract Tower,0,3,2,3,8,0,0,1,2,3,0,3,3,5,11,2,10,12,23
04/09/2022,GLH,MS,ASO,ES,Federal Contract Tower,0,2,1,0,3,0,0,8,0,8,0,2,9,0,11,6,0,6,17
04/10/2022,GLH,MS,ASO,ES,Federal Contract Tower,0,4,0,0,4,0,0,7,0,7,0,4,7,0,11,2,0,2,13
04/11/2022,GLH,MS,ASO,ES,Federal Contract Tower,0,3,2,12,17,0,0,7,0,7,0,3,9,12,24,2,56,58,82
04/12/2022,GLH,MS,ASO,ES,Federal Contract Tower,0,2,11,11,24,0,0,0,1,1,0,2,11,12,25,4,126,130,155
04/13/2022,GLH,MS,ASO,ES,Federal Contract Tower,0,5,0,5,10,0,0,0,1,1,0,5,0,6,11,0,70,70,81
04/14/2022,GLH,MS,ASO,ES,Federal Contract Tower,0,5,6,2,13,0,0,23,2,25,0,5,29,4,38,28,6,34,72
04/15/2022,GLH,MS,ASO,ES,Federal Contract Tower,0,2,6,9,17,0,0,17,0,17,0,2,23,9,34,4,90,94,128
04/16/2022,GLH,MS,ASO,ES,Federal Contract Tower,0,2,2,0,4,0,0,0,0,0,0,2,2,0,4,0,0,0,4
04/17/2022,GLH,MS,ASO,ES,Federal Contract Tower,0,3,2,0,5,0,0,0,0,0,0,3,2,0,5,0,0,0,5
04/18/2022,GLH,MS,ASO,ES,Federal Contract Tower,0,4,8,11,23,0,0,14,3,17,0,4,22,14,40,6,118,124,164
04/19/2022,GLH,MS,ASO,ES,Federal Contract Tower,0,2,0,2,4,0,0,34,1,35,0,2,34,3,39,22,4,26,65
04/20/2022,GLH,MS,ASO,ES,Federal Contract Tower,0,2,9,4,15,0,0,15,0,15,0,2,24,4,30,4,56,60,90
04/21/2022,GLH,MS,ASO,ES,Federal Contract Tower,0,4,4,4,12,0,0,15,2,17,0,4,19,6,29,18,36,54,83
04/22/2022,GLH,MS,ASO,ES,Federal Contract Tower,0,4,2,10,16,0,0,11,0,11,0,4,13,10,27,2,134,136,163
04/23/2022,GLH,MS,ASO,ES,Federal Contract Tower,0,2,3,0,5,0,0,7,0,7,0,2,10,0,12,0,0,0,12
04/24/2022,GLH,MS,ASO,ES,Federal Contract Tower,0,3,4,0,7,0,0,4,0,4,0,3,8,0,11,4,0,4,15
04/25/2022,GLH,MS,ASO,ES,Federal Contract Tower,0,3,2,4,9,0,0,1,0,1,0,3,3,4,10,0,0,0,10
04/26/2022,GLH,MS,ASO,ES,Federal Contract Tower,0,2,2,5,9,0,0,20,2,22,0,2,22,7,31,10,32,42,73
04/27/2022,GLH,MS,ASO,ES,Federal Contract Tower,0,3,2,5,10,0,0,21,6,27,0,3,23,11,37,14,48,62,99
04/28/2022,GLH,MS,ASO,ES,Federal Contract Tower,0,3,5,6,14,0,0,46,4,50,0,3,51,10,64,26,80,106,170
04/29/2022,GLH,MS,ASO,ES,Federal Contract Tower,0,3,0,6,9,0,0,38,2,40,0,3,38,8,49,8,84,92,141
04/30/2022,GLH,MS,ASO,ES,Federal Contract Tower,0,2,2,1,5,0,0,0,0,0,0,2,2,1,5,0,2,2,7
05/01/2022,GLH,MS,ASO,ES,Federal Contract Tower,0,3,0,0,3,0,0,16,0,16,0,3,16,0,19,4,0,4,23
05/02/2022,GLH,MS,ASO,ES,Federal Contract Tower,0,3,0,4,7,0,0,23,0,23,0,3,23,4,30,2,112,114,144
05/03/2022,GLH,MS,ASO,ES,Federal Contract Tower,0,4,0,2,6,0,0,2,0,2,0,4,2,2,8,4,28,32,40
05/04/2022,GLH,MS,ASO,ES,Federal Contract Tower,0,5,3,4,12,0,0,17,2,19,0,5,20,6,31,8,48,56,87
05/05/2022,GLH,MS,ASO,ES,Federal Contract Tower,0,3,2,5,10,0,0,21,0,21,0,3,23,5,31,2,48,50,81
05/06/2022,GLH,MS,ASO,ES,Federal Contract Tower,0,5,1,0,6,0,0,10,2,12,0,5,11,2,18,0,0,0,18
05/07/2022,GLH,MS,ASO,ES,Federal Contract Tower,0,2,0,0,2,0,0,70,0,70,0,2,70,0,72,6,0,6,78
05/08/2022,GLH,MS,ASO,ES,Federal Contract Tower,0,3,0,0,3,0,0,9,0,9,0,3,9,0,12,0,0,0,12
05/09/2022,GLH,MS,ASO,ES,Federal Contract Tower,0,2,2,7,11,0,0,7,8,15,0,2,9,15,26,2,68,70,96
05/10/2022,GLH,MS,ASO,ES,Federal Contract Tower,0,4,2,8,14,0,0,19,0,19,0,4,21,8,33,4,108,112,145
05/11/2022,GLH,MS,ASO,ES,Federal Contract Tower,0,4,0,14,18,0,0,18,0,18,0,4,18,14,36,18,211,229,265
05/12/2022,GLH,MS,ASO,ES,Federal Contract Tower,0,4,1,4,9,0,0,19,0,19,0,4,20,4,28,24,46,70,98
05/13/2022,GLH,MS,ASO,ES,Federal Contract Tower,0,3,0,2,5,0,0,8,0,8,0,3,8,2,13,4,30,34,47
05/14/2022,GLH,MS,ASO,ES,Federal Contract Tower,0,2,0,0,2,0,0,1,0,1,0,2,1,0,3,0,0,0,3
05/15/2022,GLH,MS,ASO,ES,Federal Contract Tower,0,4,3,2,9,0,0,21,0,21,0,4,24,2,30,10,50,60,90
05/16/2022,GLH,MS,ASO,ES,Federal Contract Tower,0,3,0,5,8,0,0,25,2,27,0,3,25,7,35,18,58,76,111
05/17/2022,GLH,MS,ASO,ES,Federal Contract Tower,0,2,3,5,10,0,0,12,1,13,0,2,15,6,23,6,64,70,93
05/18/2022,GLH,MS,ASO,ES,Federal Contract Tower,0,3,2,4,9,0,0,11,10,21,0,3,13,14,30,6,36,42,72
05/19/2022,GLH,MS,ASO,ES,Federal Contract Tower,0,3,3,6,12,0,0,12,2,14,0,3,15,8,26,4,58,62,88
05/20/2022,GLH,MS,ASO,ES,Federal Contract Tower,0,3,0,5,8,0,0,13,1,14,0,3,13,6,22,2,20,22,44
05/21/2022,GLH,MS,ASO,ES,Federal Contract Tower,0,2,8,3,13,0,0,6,0,6,0,2,14,3,19,10,4,14,33
05/22/2022,GLH,MS,ASO,ES,Federal Contract Tower,0,3,1,0,4,0,0,1,0,1,0,3,2,0,5,0,0,0,5
05/23/2022,GLH,MS,ASO,ES,Federal Contract Tower,0,3,3,7,13,0,0,2,0,2,0,3,5,7,15,2,12,14,29
05/24/2022,GLH,MS,ASO,ES,Federal Contract Tower,0,2,0,2,4,0,0,4,0,4,0,2,4,2,8,0,6,6,14
05/25/2022,GLH,MS,ASO,ES,Federal Contract Tower,0,3,0,0,3,0,0,6,0,6,0,3,6,0,9,4,0,4,13
05/26/2022,GLH,MS,ASO,ES,Federal Contract Tower,0,2,2,4,8,0,0,10,0,10,0,2,12,4,18,6,22,28,46
05/27/2022,GLH,MS,ASO,ES,Federal Contract Tower,0,3,2,0,5,0,0,21,0,21,0,3,23,0,26,4,0,4,30
05/28/2022,GLH,MS,ASO,ES,Federal Contract Tower,0,2,0,0,2,0,0,30,0,30,0,2,30,0,32,18,0,18,50
05/29/2022,GLH,MS,ASO,ES,Federal Contract Tower,0,3,0,0,3,0,0,11,0,11,0,3,11,0,14,6,0,6,20
05/30/2022,GLH,MS,ASO,ES,Federal Contract Tower,0,3,3,0,6,0,0,21,0,21,0,3,24,0,27,2,0,2,29
05/31/2022,GLH,MS,ASO,ES,Federal Contract Tower,0,2,3,7,12,0,0,24,1,25,0,2,27,8,37,18,26,44,81
06/01/2022,GLH,MS,ASO,ES,Federal Contract Tower,0,2,2,5,9,0,0,40,2,42,0,2,42,7,51,8,82,90,141
06/02/2022,GLH,MS,ASO,ES,Federal Contract Tower,0,3,2,0,5,0,0,12,0,12,0,3,14,0,17,2,0,2,19
06/03/2022,GLH,MS,ASO,ES,Federal Contract Tower,0,3,2,5,10,0,0,35,0,35,0,3,37,5,45,6,10,16,61
06/04/2022,GLH,MS,ASO,ES,Federal Contract Tower,0,2,0,0,2,0,0,4,0,4,0,2,4,0,6,0,0,0,6
06/05/2022,GLH,MS,ASO,ES,Federal Contract Tower,0,3,1,0,4,0,0,4,0,4,0,3,5,0,8,2,0,2,10
06/06/2022,GLH,MS,ASO,ES,Federal Contract Tower,0,3,0,10,13,0,0,79,0,79,0,3,79,10,92,4,104,108,200
06/07/2022,GLH,MS,ASO,ES,Federal Contract Tower,0,2,3,10,15,0,0,57,2,59,0,2,60,12,74,12,144,156,230
06/08/2022,GLH,MS,ASO,ES,Federal Contract Tower,0,3,2,9,14,0,0,2,0,2,0,3,4,9,16,0,86,86,102
06/09/2022,GLH,MS,ASO,ES,Federal Contract Tower,0,6,7,9,22,0,1,12,1,14,0,7,19,10,36,6,34,40,76
06/10/2022,GLH,MS,ASO,ES,Federal Contract Tower,0,4,1,2,7,0,0,0,0,0,0,4,1,2,7,0,4,4,11
06/11/2022,GLH,MS,ASO,ES,Federal Contract Tower,0,2,2,0,4,0,0,11,0,11,0,2,13,0,15,2,0,2,17
06/12/2022,GLH,MS,ASO,ES,Federal Contract Tower,0,6,5,0,11,0,0,9,0,9,0,6,14,0,20,0,0,0,20
06/13/2022,GLH,MS,ASO,ES,Federal Contract Tower,0,3,2,7,12,0,0,75,3,78,0,3,77,10,90,2,84,86,176
06/14/2022,GLH,MS,ASO,ES,Federal Contract Tower,0,2,3,0,5,0,0,79,0,79,0,2,82,0,84,20,0,20,104
06/15/2022,GLH,MS,ASO,ES,Federal Contract Tower,0,3,0,9,12,0,0,83,2,85,0,3,83,11,97,6,72,78,175
06/16/2022,GLH,MS,ASO,ES,Federal Contract Tower,0,3,6,5,14,0,0,61,0,61,0,3,67,5,75,18,74,92,167
06/17/2022,GLH,MS,ASO,ES,Federal Contract Tower,0,3,6,8,17,0,0,28,1,29,0,3,34,9,46,10,72,82,128
06/18/2022,GLH,MS,ASO,ES,Federal Contract Tower,0,2,2,0,4,0,0,22,0,22,0,2,24,0,26,2,0,2,28
06/19/2022,GLH,MS,ASO,ES,Federal Contract Tower,0,4,1,0,5,0,0,12,0,12,0,4,13,0,17,20,0,20,37
06/20/2022,GLH,MS,ASO,ES,Federal Contract Tower,0,3,0,0,3,0,0,40,0,40,0,3,40,0,43,6,0,6,49
06/21/2022,GLH,MS,ASO,ES,Federal Contract Tower,0,2,4,0,6,0,0,61,0,61,0,2,65,0,67,10,0,10,77
06/22/2022,GLH,MS,ASO,ES,Federal Contract Tower,0,3,0,6,9,0,0,62,0,62,0,3,62,6,71,8,96,104,175
06/23/2022,GLH,MS,ASO,ES,Federal Contract Tower,0,3,2,7,12,0,0,61,3,64,0,3,63,10,76,20,104,124,200
06/24/2022,GLH,MS,ASO,ES,Federal Contract Tower,0,4,3,5,12,0,0,31,0,31,0,4,34,5,43,6,42,48,91
06/25/2022,GLH,MS,ASO,ES,Federal Contract Tower,0,2,0,0,2,0,0,33,0,33,0,2,33,0,35,10,0,10,45
06/26/2022,GLH,MS,ASO,ES,Federal Contract Tower,0,3,4,0,7,0,0,7,0,7,0,3,11,0,14,0,0,0,14
06/27/2022,GLH,MS,ASO,ES,Federal Contract Tower,0,4,7,11,22,0,0,4,0,4,0,4,11,11,26,6,118,124,150
06/28/2022,GLH,MS,ASO,ES,Federal Contract Tower,0,2,0,6,8,0,0,9,2,11,0,2,9,8,19,2,70,72,91
06/29/2022,GLH,MS,ASO,ES,Federal Contract Tower,0,3,3,11,17,0,0,17,9,26,0,3,20,20,43,12,88,100,143
06/30/2022,GLH,MS,ASO,ES,Federal Contract Tower,0,3,3,1,7,0,0,6,0,6,0,3,9,1,13,0,2,2,15
07/01/2022,GLH,MS,ASO,ES,Federal Contract Tower,0,3,6,0,9,0,0,4,0,4,0,3,10,0,13,2,0,2,15
07/02/2022,GLH,MS,ASO,ES,Federal Contract Tower,0,2,0,0,2,0,0,5,0,5,0,2,5,0,7,0,0,0,7
07/03/2022,GLH,MS,ASO,ES,Federal Contract Tower,0,3,3,0,6,0,0,2,0,2,0,3,5,0,8,0,0,0,8
07/04/2022,GLH,MS,ASO,ES,Federal Contract Tower,0,3,1,0,4,0,0,19,0,19,0,3,20,0,23,2,0,2,25
07/05/2022,GLH,MS,ASO,ES,Federal Contract Tower,0,2,4,5,11,0,0,63,5,68,0,2,67,10,79,8,56,64,143
07/06/2022,GLH,MS,ASO,ES,Federal Contract Tower,0,3,4,16,23,0,0,63,0,63,0,3,67,16,86,12,62,74,160
07/07/2022,GLH,MS,ASO,ES,Federal Contract Tower,0,3,1,7,11,0,0,97,2,99,0,3,98,9,110,10,40,50,160
07/08/2022,GLH,MS,ASO,ES,Federal Contract Tower,0,3,1,14,18,0,0,35,6,41,0,3,36,20,59,16,62,78,137
07/09/2022,GLH,MS,ASO,ES,Federal Contract Tower,0,2,0,0,2,0,0,9,0,9,0,2,9,0,11,2,0,2,13
07/10/2022,GLH,MS,ASO,ES,Federal Contract Tower,0,3,0,5,8,0,0,0,0,0,0,3,0,5,8,0,6,6,14
07/11/2022,GLH,MS,ASO,ES,Federal Contract Tower,0,4,1,11,16,0,0,25,3,28,0,4,26,14,44,0,46,46,90
07/12/2022,GLH,MS,ASO,ES,Federal Contract Tower,0,2,3,5,10,0,0,52,4,56,0,2,55,9,66,4,16,20,86
07/13/2022,GLH,MS,ASO,ES,Federal Contract Tower,0,3,3,10,16,0,0,13,13,26,0,3,16,23,42,4,18,22,64
07/14/2022,GLH,MS,ASO,ES,Federal Contract Tower,0,3,4,9,16,0,0,14,3,17,0,3,18,12,33,8,34,42,75
07/15/2022,GLH,MS,ASO,ES,Federal Contract Tower,0,3,1,2,6,0,0,13,6,19,0,3,14,8,25,8,20,28,53
07/16/2022,GLH,MS,ASO,ES,Federal Contract Tower,0,2,0,0,2,0,0,26,0,26,0,2,26,0,28,0,0,0,28
07/17/2022,GLH,MS,ASO,ES,Federal Contract Tower,0,3,2,0,5,0,0,3,2,5,0,3,5,2,10,0,0,0,10
07/18/2022,GLH,MS,ASO,ES,Federal Contract Tower,0,4,4,5,13,0,0,9,1,10,0,4,13,6,23,4,40,44,67
07/19/2022,GLH,MS,ASO,ES,Federal Contract Tower,0,2,4,4,10,0,0,49,0,49,0,2,53,4,59,8,42,50,109
07/20/2022,GLH,MS,ASO,ES,Federal Contract Tower,0,3,0,4,7,0,0,11,2,13,0,3,11,6,20,0,38,38,58
07/21/2022,GLH,MS,ASO,ES,Federal Contract Tower,0,3,3,7,13,0,0,60,5,65,0,3,63,12,78,6,20,26,104
07/22/2022,GLH,MS,ASO,ES,Federal Contract Tower,0,3,0,11,14,0,0,37,2,39,0,3,37,13,53,4,10,14,67
07/23/2022,GLH,MS,ASO,ES,Federal Contract Tower,0,4,0,0,4,0,0,86,0,86,0,4,86,0,90,12,0,12,102
07/24/2022,GLH,MS,ASO,ES,Federal Contract Tower,0,3,4,1,8,0,0,39,0,39,0,3,43,1,47,2,2,4,51
07/25/2022,GLH,MS,ASO,ES,Federal Contract Tower,0,3,2,4,9,0,0,42,4,46,0,3,44,8,55,4,10,14,69
07/26/2022,GLH,MS,ASO,ES,Federal Contract Tower,0,2,3,5,10,0,0,26,2,28,0,2,29,7,38,2,40,42,80
07/27/2022,GLH,MS,ASO,ES,Federal Contract Tower,0,4,1,2,7,0,0,30,4,34,0,4,31,6,41,4,6,10,51
07/28/2022,GLH,MS,ASO,ES,Federal Contract Tower,0,3,1,0,4,0,0,48,0,48,0,3,49,0,52,10,0,10,62
07/29/2022,GLH,MS,ASO,ES,Federal Contract Tower,0,2,2,0,4,0,0,18,0,18,0,2,20,0,22,0,0,0,22
07/30/2022,GLH,MS,ASO,ES,Federal Contract Tower,0,2,0,0,2,0,0,2,0,2,0,2,2,0,4,0,0,0,4
07/31/2022,GLH,MS,ASO,ES,Federal Contract Tower,0,3,4,0,7,0,4,0,0,4,0,7,4,0,11,0,0,0,11
08/01/2022,GLH,MS,ASO,ES,Federal Contract Tower,0,3,0,11,14,0,0,11,1,12,0,3,11,12,26,6,44,50,76
08/02/2022,GLH,MS,ASO,ES,Federal Contract Tower,0,2,4,2,8,0,0,7,4,11,0,2,11,6,19,2,4,6,25
08/03/2022,GLH,MS,ASO,ES,Federal Contract Tower,0,3,8,3,14,0,0,7,2,9,0,3,15,5,23,0,12,12,35
08/04/2022,GLH,MS,ASO,ES,Federal Contract Tower,0,3,5,7,15,0,0,12,0,12,0,3,17,7,27,0,56,56,83
08/05/2022,GLH,MS,ASO,ES,Federal Contract Tower,0,3,2,6,11,0,0,14,3,17,0,3,16,9,28,0,50,50,78
08/06/2022,GLH,MS,ASO,ES,Federal Contract Tower,0,2,4,0,6,0,0,9,10,19,0,2,13,10,25,0,0,0,25
08/07/2022,GLH,MS,ASO,ES,Federal Contract Tower,0,3,5,2,10,0,0,4,0,4,0,3,9,2,14,0,4,4,18
08/08/2022,GLH,MS,ASO,ES,Federal Contract Tower,0,3,1,10,14,0,0,20,2,22,0,3,21,12,36,4,82,86,122
08/09/2022,GLH,MS,ASO,ES,Federal Contract Tower,0,2,0,0,2,0,0,8,0,8,0,2,8,0,10,4,0,4,14
08/11/2022,GLH,MS,ASO,ES,Federal Contract Tower,0,4,2,6,12,0,0,9,2,11,0,4,11,8,23,4,8,12,35
08/12/2022,GLH,MS,ASO,ES,Federal Contract Tower,0,4,0,2,6,0,0,16,6,22,0,4,16,8,28,0,24,24,52
08/13/2022,GLH,MS,ASO,ES,Federal Contract Tower,0,2,3,0,5,0,0,11,0,11,0,2,14,0,16,8,0,8,24
08/14/2022,GLH,MS,ASO,ES,Federal Contract Tower,0,3,0,0,3,0,0,4,2,6,0,3,4,2,9,4,0,4,13
08/15/2022,GLH,MS,ASO,ES,Federal Contract Tower,0,3,2,1,6,0,0,44,1,45,0,3,46,2,51,10,2,12,63
08/16/2022,GLH,MS,ASO,ES,Federal Contract Tower,0,2,2,3,7,0,0,19,7,26,0,2,21,10,33,6,30,36,69
08/17/2022,GLH,MS,ASO,ES,Federal Contract Tower,0,3,10,4,17,0,0,5,0,5,0,3,15,4,22,0,0,0,22
08/18/2022,GLH,MS,ASO,ES,Federal Contract Tower,0,3,3,3,9,0,0,11,1,12,0,3,14,4,21,2,32,34,55
08/19/2022,GLH,MS,ASO,ES,Federal Contract Tower,0,3,1,13,17,0,0,6,3,9,0,3,7,16,26,2,80,82,108
08/20/2022,GLH,MS,ASO,ES,Federal Contract Tower,0,2,5,0,7,0,0,4,0,4,0,2,9,0,11,6,0,6,17
08/21/2022,GLH,MS,ASO,ES,Federal Contract Tower,0,3,3,0,6,0,0,1,0,1,0,3,4,0,7,0,0,0,7
08/22/2022,GLH,MS,ASO,ES,Federal Contract Tower,0,3,1,0,4,0,0,0,0,0,0,3,1,0,4,0,0,0,4
08/23/2022,GLH,MS,ASO,ES,Federal Contract Tower,0,2,2,0,4,0,0,2,0,2,0,2,4,0,6,2,0,2,8
08/24/2022,GLH,MS,ASO,ES,Federal Contract Tower,0,3,2,3,8,0,0,0,0,0,0,3,2,3,8,0,8,8,16
08/25/2022,GLH,MS,ASO,ES,Federal Contract Tower,0,4,4,4,12,0,0,1,3,4,0,4,5,7,16,4,4,8,24
08/26/2022,GLH,MS,ASO,ES,Federal Contract Tower,0,2,3,5,10,0,0,4,1,5,0,2,7,6,15,4,88,92,107
08/27/2022,GLH,MS,ASO,ES,Federal Contract Tower,0,2,0,0,2,0,0,28,8,36,0,2,28,8,38,6,0,6,44
08/28/2022,GLH,MS,ASO,ES,Federal Contract Tower,0,3,3,0,6,0,0,5,0,5,0,3,8,0,11,0,0,0,11
08/29/2022,GLH,MS,ASO,ES,Federal Contract Tower,0,2,1,4,7,0,0,8,0,8,0,2,9,4,15,4,38,42,57
08/30/2022,GLH,MS,ASO,ES,Federal Contract Tower,0,4,0,3,7,0,0,38,8,46,0,4,38,11,53,22,12,34,87
08/31/2022,GLH,MS,ASO,ES,Federal Contract Tower,0,2,0,3,5,0,0,24,2,26,0,2,24,5,31,8,6,14,45
09/01/2022,GLH,MS,ASO,ES,Federal Contract Tower,0,3,3,2,8,0,0,21,0,21,0,3,24,2,29,2,6,8,37
09/02/2022,GLH,MS,ASO,ES,Federal Contract Tower,0,4,0,0,4,0,0,36,4,40,0,4,36,4,44,4,0,4,48
09/03/2022,GLH,MS,ASO,ES,Federal Contract Tower,0,2,0,0,2,0,0,0,0,0,0,2,0,0,2,0,0,0,2
09/04/2022,GLH,MS,ASO,ES,Federal Contract Tower,0,3,0,0,3,0,0,26,0,26,0,3,26,0,29,0,0,0,29
09/05/2022,GLH,MS,ASO,ES,Federal Contract Tower,0,3,4,0,7,0,0,21,0,21,0,3,25,0,28,2,0,2,30
09/06/2022,GLH,MS,ASO,ES,Federal Contract Tower,0,2,5,7,14,0,0,16,1,17,0,2,21,8,31,0,32,32,63
09/07/2022,GLH,MS,ASO,ES,Federal Contract Tower,0,3,2,8,13,0,0,25,3,28,0,3,27,11,41,4,72,76,117
09/08/2022,GLH,MS,ASO,ES,Federal Contract Tower,0,3,8,8,19,0,0,26,4,30,0,3,34,12,49,14,74,88,137
09/09/2022,GLH,MS,ASO,ES,Federal Contract Tower,0,3,1,7,11,0,0,9,1,10,0,3,10,8,21,16,74,90,111
09/10/2022,GLH,MS,ASO,ES,Federal Contract Tower,0,2,0,2,4,0,0,12,1,13,0,2,12,3,17,2,2,4,21
09/11/2022,GLH,MS,ASO,ES,Federal Contract Tower,0,3,7,0,10,0,0,0,0,0,0,3,7,0,10,2,0,2,12
09/12/2022,GLH,MS,ASO,ES,Federal Contract Tower,0,3,1,4,8,0,0,34,3,37,0,3,35,7,45,26,20,46,91
09/13/2022,GLH,MS,ASO,ES,Federal Contract Tower,0,2,4,2,8,0,0,80,1,81,0,2,84,3,89,18,16,34,123
09/14/2022,GLH,MS,ASO,ES,Federal Contract Tower,0,3,7,1,11,0,0,28,0,28,0,3,35,1,39,14,2,16,55
09/15/2022,GLH,MS,ASO,ES,Federal Contract Tower,0,2,1,3,6,0,0,70,1,71,0,2,71,4,77,22,86,108,185
09/16/2022,GLH,MS,ASO,ES,Federal Contract Tower,0,3,3,2,8,0,0,16,1,17,0,3,19,3,25,22,4,26,51
09/17/2022,GLH,MS,ASO,ES,Federal Contract Tower,0,2,1,0,3,0,0,18,0,18,0,2,19,0,21,4,0,4,25
09/18/2022,GLH,MS,ASO,ES,Federal Contract Tower,0,3,2,0,5,0,0,20,4,24,0,3,22,4,29,20,0,20,49
09/19/2022,GLH,MS,ASO,ES,Federal Contract Tower,0,3,0,3,6,0,0,25,1,26,0,3,25,4,32,38,36,74,106
09/20/2022,GLH,MS,ASO,ES,Federal Contract Tower,0,2,3,6,11,0,0,46,5,51,0,2,49,11,62,26,12,38,100
09/21/2022,GLH,MS,ASO,ES,Federal Contract Tower,0,4,1,3,8,0,0,51,0,51,0,4,52,3,59,10,16,26,85
09/22/2022,GLH,MS,ASO,ES,Federal Contract Tower,0,3,5,3,11,0,0,34,1,35,0,3,39,4,46,10,12,22,68
09/23/2022,GLH,MS,ASO,ES,Federal Contract Tower,0,3,0,2,5,0,0,15,4,19,0,3,15,6,24,18,4,22,46
09/24/2022,GLH,MS,ASO,ES,Federal Contract Tower,0,4,4,0,8,0,0,14,0,14,0,4,18,0,22,6,0,6,28
09/25/2022,GLH,MS,ASO,ES,Federal Contract Tower,0,4,1,8,13,0,0,0,9,9,0,4,1,17,22,0,0,0,22
09/26/2022,GLH,MS,ASO,ES,Federal Contract Tower,0,3,4,6,13,0,0,12,0,12,0,3,16,6,25,2,4,6,31
09/27/2022,GLH,MS,ASO,ES,Federal Contract Tower,0,2,0,1,3,0,0,14,1,15,0,2,14,2,18,4,10,14,32
09/28/2022,GLH,MS,ASO,ES,Federal Contract Tower,0,3,0,6,9,0,0,13,3,16,0,3,13,9,25,2,48,50,75
09/29/2022,GLH,MS,ASO,ES,Federal Contract Tower,0,3,0,1,4,0,0,9,3,12,0,3,9,4,16,2,10,12,28
09/30/2022,GLH,MS,ASO,ES,Federal Contract Tower,0,3,0,4,7,0,0,5,0,5,0,3,5,4,12,4,26,30,42
10/01/2022,GLH,MS,ASO,ES,Federal Contract Tower,0,2,1,0,3,0,0,3,0,3,0,2,4,0,6,0,0,0,6
10/02/2022,GLH,MS,ASO,ES,Federal Contract Tower,0,4,4,0,8,0,0,23,0,23,0,4,27,0,31,0,0,0,31
10/03/2022,GLH,MS,ASO,ES,Federal Contract Tower,0,3,2,7,12,0,0,12,1,13,0,3,14,8,25,12,28,40,65
10/04/2022,GLH,MS,ASO,ES,Federal Contract Tower,0,2,1,4,7,0,0,23,1,24,0,2,24,5,31,22,54,76,107
10/05/2022,GLH,MS,ASO,ES,Federal Contract Tower,0,3,4,3,10,0,0,10,5,15,0,3,14,8,25,0,20,20,45
10/06/2022,GLH,MS,ASO,ES,Federal Contract Tower,0,3,1,2,6,0,0,12,0,12,0,3,13,2,18,2,8,10,28
10/07/2022,GLH,MS,ASO,ES,Federal Contract Tower,0,3,2,6,11,0,0,21,2,23,0,3,23,8,34,2,64,66,100
10/08/2022,GLH,MS,ASO,ES,Federal Contract Tower,0,2,2,0,4,0,0,13,0,13,0,2,15,0,17,2,0,2,19
10/09/2022,GLH,MS,ASO,ES,Federal Contract Tower,0,3,5,0,8,0,0,9,0,9,0,3,14,0,17,8,0,8,25
10/10/2022,GLH,MS,ASO,ES,Federal Contract Tower,0,3,5,0,8,0,0,6,0,6,0,3,11,0,14,2,0,2,16
10/11/2022,GLH,MS,ASO,ES,Federal Contract Tower,0,2,0,7,9,0,0,9,2,11,0,2,9,9,20,0,90,90,110
10/12/2022,GLH,MS,ASO,ES,Federal Contract Tower,0,3,0,18,21,0,0,5,3,8,0,3,5,21,29,4,94,98,127
10/13/2022,GLH,MS,ASO,ES,Federal Contract Tower,0,3,0,10,13,0,0,20,3,23,0,3,20,13,36,10,62,72,108
10/14/2022,GLH,MS,ASO,ES,Federal Contract Tower,0,3,0,11,14,0,0,12,3,15,0,3,12,14,29,6,78,84,113
10/15/2022,GLH,MS,ASO,ES,Federal Contract Tower,0,2,0,0,2,0,0,14,0,14,0,2,14,0,16,2,0,2,18
10/16/2022,GLH,MS,ASO,ES,Federal Contract Tower,0,3,2,0,5,0,0,8,0,8,0,3,10,0,13,6,0,6,19
10/17/2022,GLH,MS,ASO,ES,Federal Contract Tower,0,3,5,2,10,0,0,9,1,10,0,3,14,3,20,4,14,18,38
10/18/2022,GLH,MS,ASO,ES,Federal Contract Tower,0,3,1,1,5,0,0,23,5,28,0,3,24,6,33,10,24,34,67
10/19/2022,GLH,MS,ASO,ES,Federal Contract Tower,0,2,2,1,5,0,0,34,3,37,0,2,36,4,42,16,2,18,60
10/20/2022,GLH,MS,ASO,ES,Federal Contract Tower,0,1,7,3,11,0,0,32,7,39,0,1,39,10,50,10,30,40,90
10/21/2022,GLH,MS,ASO,ES,Federal Contract Tower,0,3,3,2,8,0,0,16,2,18,0,3,19,4,26,18,6,24,50
10/22/2022,GLH,MS,ASO,ES,Federal Contract Tower,0,2,1,0,3,0,0,13,0,13,0,2,14,0,16,2,0,2,18
10/23/2022,GLH,MS,ASO,ES,Federal Contract Tower,0,3,3,4,10,0,0,6,1,7,0,3,9,5,17,2,10,12,29
10/24/2022,GLH,MS,ASO,ES,Federal Contract Tower,0,3,0,4,7,0,0,14,4,18,0,3,14,8,25,4,70,74,99
10/25/2022,GLH,MS,ASO,ES,Federal Contract Tower,0,1,0,0,1,0,0,1,0,1,0,1,1,0,2,0,0,0,2
10/26/2022,GLH,MS,ASO,ES,Federal Contract Tower,0,2,0,2,4,0,0,35,2,37,0,2,35,4,41,8,4,12,53
10/27/2022,GLH,MS,ASO,ES,Federal Contract Tower,0,1,0,0,1,0,0,23,2,25,0,1,23,2,26,10,2,12,38
10/28/2022,GLH,MS,ASO,ES,Federal Contract Tower,0,3,1,5,9,0,0,17,8,25,0,3,18,13,34,12,8,20,54
10/29/2022,GLH,MS,ASO,ES,Federal Contract Tower,0,2,0,0,2,0,0,0,0,0,0,2,0,0,2,0,0,0,2
10/30/2022,GLH,MS,ASO,ES,Federal Contract Tower,0,3,4,0,7,0,0,4,0,4,0,3,8,0,11,2,0,2,13
10/31/2022,GLH,MS,ASO,ES,Federal Contract Tower,0,3,8,3,14,0,0,14,3,17,0,3,22,6,31,6,8,14,45
11/01/2022,GLH,MS,ASO,ES,Federal Contract Tower,0,3,2,4,9,0,0,24,0,24,0,3,26,4,33,8,14,22,55
11/02/2022,GLH,MS,ASO,ES,Federal Contract Tower,0,4,5,1,10,0,0,21,1,22,0,4,26,2,32,24,2,26,58
11/03/2022,GLH,MS,ASO,ES,Federal Contract Tower,0,3,3,7,13,0,0,68,3,71,0,3,71,10,84,10,10,20,104
11/04/2022,GLH,MS,ASO,ES,Federal Contract Tower,0,1,1,4,6,0,0,30,0,30,0,1,31,4,36,8,4,12,48
11/05/2022,GLH,MS,ASO,ES,Federal Contract Tower,0,2,0,2,4,0,0,4,0,4,0,2,4,2,8,0,0,0,8
11/06/2022,GLH,MS,ASO,ES,Federal Contract Tower,0,3,2,0,5,0,0,0,0,0,0,3,2,0,5,0,0,0,5
11/07/2022,GLH,MS,ASO,ES,Federal Contract Tower,0,3,4,0,7,0,0,3,0,3,0,3,7,0,10,0,0,0,10
11/08/2022,GLH,MS,ASO,ES,Federal Contract Tower,0,3,9,0,12,0,0,10,0,10,0,3,19,0,22,4,0,4,26
11/09/2022,GLH,MS,ASO,ES,Federal Contract Tower,0,2,1,12,15,0,0,31,2,33,0,2,32,14,48,8,18,26,74
11/10/2022,GLH,MS,ASO,ES,Federal Contract Tower,0,3,6,2,11,0,0,31,2,33,0,3,37,4,44,10,4,14,58
11/11/2022,GLH,MS,ASO,ES,Federal Contract Tower,0,3,4,0,7,0,0,26,0,26,0,3,30,0,33,6,0,6,39
11/12/2022,GLH,MS,ASO,ES,Federal Contract Tower,0,2,0,0,2,0,0,5,0,5,0,2,5,0,7,0,0,0,7
11/13/2022,GLH,MS,ASO,ES,Federal Contract Tower,0,3,3,2,8,0,0,19,0,19,0,3,22,2,27,2,0,2,29
11/14/2022,GLH,MS,ASO,ES,Federal Contract Tower,0,3,3,3,9,0,0,14,2,16,0,3,17,5,25,2,14,16,41
11/15/2022,GLH,MS,ASO,ES,Federal Contract Tower,0,3,4,2,9,0,0,2,0,2,0,3,6,2,11,2,2,4,15
11/16/2022,GLH,MS,ASO,ES,Federal Contract Tower,0,2,3,4,9,0,0,52,3,55,0,2,55,7,64,30,20,50,114
11/17/2022,GLH,MS,ASO,ES,Federal Contract Tower,0,3,4,1,8,0,0,21,1,22,0,3,25,2,30,20,6,26,56
11/18/2022,GLH,MS,ASO,ES,Federal Contract Tower,0,3,2,1,6,0,0,31,3,34,0,3,33,4,40,32,4,36,76
11/19/2022,GLH,MS,ASO,ES,Federal Contract Tower,0,1,6,0,7,0,0,14,0,14,0,1,20,0,21,0,0,0,21
11/20/2022,GLH,MS,ASO,ES,Federal Contract Tower,0,3,5,0,8,0,0,14,0,14,0,3,19,0,22,2,0,2,24
11/21/2022,GLH,MS,ASO,ES,Federal Contract Tower,0,3,3,0,6,0,0,43,0,43,0,3,46,0,49,22,0,22,71
11/22/2022,GLH,MS,ASO,ES,Federal Contract Tower,0,0,0,0,0,0,0,11,0,11,0,0,11,0,11,2,0,2,13
11/23/2022,GLH,MS,ASO,ES,Federal Contract Tower,0,3,4,3,10,0,0,39,1,40,0,3,43,4,50,0,4,4,54
11/24/2022,GLH,MS,ASO,ES,Federal Contract Tower,0,1,3,0,4,0,0,4,0,4,0,1,7,0,8,0,0,0,8
11/25/2022,GLH,MS,ASO,ES,Federal Contract Tower,0,2,2,0,4,0,0,2,0,2,0,2,4,0,6,0,0,0,6
11/26/2022,GLH,MS,ASO,ES,Federal Contract Tower,0,1,6,0,7,0,0,0,0,0,0,1,6,0,7,0,0,0,7
11/27/2022,GLH,MS,ASO,ES,Federal Contract Tower,0,3,2,0,5,0,0,7,0,7,0,3,9,0,12,0,0,0,12
11/28/2022,GLH,MS,ASO,ES,Federal Contract Tower,0,0,5,0,5,0,0,32,0,32,0,0,37,0,37,6,0,6,43
11/29/2022,GLH,MS,ASO,ES,Federal Contract Tower,0,3,0,0,3,0,0,0,0,0,0,3,0,0,3,0,0,0,3
11/30/2022,GLH,MS,ASO,ES,Federal Contract Tower,0,2,5,4,11,0,0,11,2,13,0,2,16,6,24,6,14,20,44
12/01/2022,GLH,MS,ASO,ES,Federal Contract Tower,0,3,3,0,6,0,0,30,0,30,0,3,33,0,36,6,0,6,42
12/02/2022,GLH,MS,ASO,ES,Federal Contract Tower,0,2,2,0,4,0,0,35,0,35,0,2,37,0,39,11,0,11,50
12/03/2022,GLH,MS,ASO,ES,Federal Contract Tower,0,2,2,0,4,0,0,2,0,2,0,2,4,0,6,0,0,0,6
12/04/2022,GLH,MS,ASO,ES,Federal Contract Tower,0,3,4,0,7,0,0,8,0,8,0,3,12,0,15,2,0,2,17
12/05/2022,GLH,MS,ASO,ES,Federal Contract Tower,0,3,0,0,3,0,0,0,0,0,0,3,0,0,3,0,0,0,3
12/06/2022,GLH,MS,ASO,ES,Federal Contract Tower,0,1,10,2,13,0,0,11,0,11,0,1,21,2,24,2,2,4,28
12/07/2022,GLH,MS,ASO,ES,Federal Contract Tower,0,2,1,0,3,0,0,7,0,7,0,2,8,0,10,0,0,0,10
12/08/2022,GLH,MS,ASO,ES,Federal Contract Tower,0,2,5,0,7,0,0,5,0,5,0,2,10,0,12,0,0,0,12
12/09/2022,GLH,MS,ASO,ES,Federal Contract Tower,0,1,3,0,4,0,0,0,0,0,0,1,3,0,4,0,0,0,4
12/10/2022,GLH,MS,ASO,ES,Federal Contract Tower,0,1,0,0,1,0,0,0,0,0,0,1,0,0,1,0,0,0,1
12/11/2022,GLH,MS,ASO,ES,Federal Contract Tower,0,3,5,6,14,0,0,0,0,0,0,3,5,6,14,0,0,0,14
12/12/2022,GLH,MS,ASO,ES,Federal Contract Tower,0,4,3,0,7,0,0,0,0,0,0,4,3,0,7,0,0,0,7
12/13/2022,GLH,MS,ASO,ES,Federal Contract Tower,0,3,10,0,13,0,0,0,0,0,0,3,10,0,13,0,0,0,13
12/14/2022,GLH,MS,ASO,ES,Federal Contract Tower,0,3,4,0,7,0,0,0,0,0,0,3,4,0,7,0,0,0,7
12/15/2022,GLH,MS,ASO,ES,Federal Contract Tower,0,3,3,1,7,0,0,20,5,25,0,3,23,6,32,22,10,32,64
12/16/2022,GLH,MS,ASO,ES,Federal Contract Tower,0,3,7,0,10,0,0,34,2,36,0,3,41,2,46,6,2,8,54
12/17/2022,GLH,MS,ASO,ES,Federal Contract Tower,0,2,5,0,7,0,0,18,0,18,0,2,23,0,25,4,0,4,29
12/18/2022,GLH,MS,ASO,ES,Federal Contract Tower,0,3,3,0,6,0,0,19,0,19,0,3,22,0,25,4,0,4,29
12/19/2022,GLH,MS,ASO,ES,Federal Contract Tower,0,3,0,0,3,0,0,2,0,2,0,3,2,0,5,0,0,0,5
12/20/2022,GLH,MS,ASO,ES,Federal Contract Tower,0,2,2,1,5,0,0,4,1,5,0,2,6,2,10,2,4,6,16
12/21/2022,GLH,MS,ASO,ES,Federal Contract Tower,0,1,1,4,6,0,0,0,0,0,0,1,1,4,6,0,0,0,6
12/22/2022,GLH,MS,ASO,ES,Federal Contract Tower,0,4,1,0,5,0,0,0,0,0,0,4,1,0,5,0,0,0,5
12/23/2022,GLH,MS,ASO,ES,Federal Contract Tower,0,0,0,0,0,0,0,8,0,8,0,0,8,0,8,0,0,0,8
12/24/2022,GLH,MS,ASO,ES,Federal Contract Tower,0,2,0,0,2,0,0,10,0,10,0,2,10,0,12,0,0,0,12
12/25/2022,GLH,MS,ASO,ES,Federal Contract Tower,0,0,0,0,0,0,0,2,0,2,0,0,2,0,2,0,0,0,2
12/26/2022,GLH,MS,ASO,ES,Federal Contract Tower,0,2,3,0,5,0,0,4,0,4,0,2,7,0,9,0,0,0,9
12/27/2022,GLH,MS,ASO,ES,Federal Contract Tower,0,2,4,0,6,0,0,13,0,13,0,2,17,0,19,4,0,4,23
12/28/2022,GLH,MS,ASO,ES,Federal Contract Tower,0,3,2,0,5,0,0,17,0,17,0,3,19,0,22,0,0,0,22
12/29/2022,GLH,MS,ASO,ES,Federal Contract Tower,0,2,6,0,8,0,0,0,0,0,0,2,6,0,8,0,0,0,8
12/30/2022,GLH,MS,ASO,ES,Federal Contract Tower,0,3,7,0,10,0,0,2,0,2,0,3,9,0,12,0,0,0,12
12/31/2022,GLH,MS,ASO,ES,Federal Contract Tower,0,2,2,0,4,0,0,2,0,2,0,2,4,0,6,0,0,0,6
01/01/2023,GLH,MS,ASO,ES,Federal Contract Tower,0,1,1,0,2,0,0,18,0,18,0,1,19,0,20,0,0,0,20
01/02/2023,GLH,MS,ASO,ES,Federal Contract Tower,0,2,0,0,2,0,0,0,0,0,0,2,0,0,2,0,0,0,2
01/03/2023,GLH,MS,ASO,ES,Federal Contract Tower,0,1,1,1,3,0,0,5,1,6,0,1,6,2,9,0,16,16,25
01/04/2023,GLH,MS,ASO,ES,Federal Contract Tower,0,2,5,0,7,0,0,8,0,8,0,2,13,0,15,6,0,6,21
01/05/2023,GLH,MS,ASO,ES,Federal Contract Tower,0,3,3,1,7,0,0,23,1,24,0,3,26,2,31,2,2,4,35
01/06/2023,GLH,MS,ASO,ES,Federal Contract Tower,0,3,3,7,13,0,0,24,1,25,0,3,27,8,38,2,6,8,46
01/07/2023,GLH,MS,ASO,ES,Federal Contract Tower,0,1,0,0,1,0,0,6,0,6,0,1,6,0,7,6,0,6,13
01/08/2023,GLH,MS,ASO,ES,Federal Contract Tower,0,2,8,0,10,0,0,2,0,2,0,2,10,0,12,4,0,4,16
01/09/2023,GLH,MS,ASO,ES,Federal Contract Tower,0,3,1,0,4,0,0,18,0,18,0,3,19,0,22,2,0,2,24
01/10/2023,GLH,MS,ASO,ES,Federal Contract Tower,0,3,10,0,13,0,0,15,2,17,0,3,25,2,30,0,0,0,30
01/11/2023,GLH,MS,ASO,ES,Federal Contract Tower,0,2,0,0,2,0,0,11,0,11,0,2,11,0,13,0,0,0,13
01/12/2023,GLH,MS,ASO,ES,Federal Contract Tower,0,3,4,2,9,0,0,0,0,0,0,3,4,2,9,0,4,4,13
01/13/2023,GLH,MS,ASO,ES,Federal Contract Tower,0,3,4,2,9,0,0,6,0,6,0,3,10,2,15,8,2,10,25
01/14/2023,GLH,MS,ASO,ES,Federal Contract Tower,0,2,0,0,2,0,0,90,0,90,0,2,90,0,92,16,0,16,108
01/15/2023,GLH,MS,ASO,ES,Federal Contract Tower,0,3,4,0,7,0,0,46,0,46,0,3,50,0,53,2,0,2,55
01/16/2023,GLH,MS,ASO,ES,Federal Contract Tower,0,3,0,0,3,0,0,6,0,6,0,3,6,0,9,0,0,0,9
01/17/2023,GLH,MS,ASO,ES,Federal Contract Tower,0,3,4,1,8,0,0,19,1,20,0,3,23,2,28,4,2,6,34
01/18/2023,GLH,MS,ASO,ES,Federal Contract Tower,0,2,1,0,3,0,0,0,0,0,0,2,1,0,3,0,0,0,3
01/19/2023,GLH,MS,ASO,ES,Federal Contract Tower,0,3,0,0,3,0,0,6,2,8,0,3,6,2,11,2,2,4,15
01/20/2023,GLH,MS,ASO,ES,Federal Contract Tower,0,3,1,2,6,0,0,17,2,19,0,3,18,4,25,12,2,14,39
01/21/2023,GLH,MS,ASO,ES,Federal Contract Tower,0,2,2,0,4,0,0,14,0,14,0,2,16,0,18,10,0,10,28
01/22/2023,GLH,MS,ASO,ES,Federal Contract Tower,0,3,1,0,4,0,0,2,0,2,0,3,3,0,6,0,0,0,6
01/23/2023,GLH,MS,ASO,ES,Federal Contract Tower,0,1,3,0,4,0,0,51,2,53,0,1,54,2,57,30,2,32,89
01/24/2023,GLH,MS,ASO,ES,Federal Contract Tower,0,2,0,0,2,0,0,0,0,0,0,2,0,0,2,0,0,0,2
01/25/2023,GLH,MS,ASO,ES,Federal Contract Tower,0,2,0,0,2,0,0,2,0,2,0,2,2,0,4,0,0,0,4
01/26/2023,GLH,MS,ASO,ES,Federal Contract Tower,0,3,5,0,8,0,0,12,0,12,0,3,17,0,20,6,0,6,26
01/27/2023,GLH,MS,ASO,ES,Federal Contract Tower,0,3,1,0,4,0,0,16,6,22,0,3,17,6,26,8,6,14,40
01/28/2023,GLH,MS,ASO,ES,Federal Contract Tower,0,2,3,0,5,0,0,6,0,6,0,2,9,0,11,6,0,6,17
01/29/2023,GLH,MS,ASO,ES,Federal Contract Tower,0,3,0,0,3,0,0,0,0,0,0,3,0,0,3,0,0,0,3
01/30/2023,GLH,MS,ASO,ES,Federal Contract Tower,0,4,0,0,4,0,0,0,0,0,0,4,0,0,4,0,0,0,4
01/31/2023,GLH,MS,ASO,ES,Federal Contract Tower,0,0,0,0,0,0,0,0,0,0,0,0,0,0,0,0,0,0,0
02/01/2023,GLH,MS,ASO,ES,Federal Contract Tower,0,0,0,0,0,0,0,0,0,0,0,0,0,0,0,0,0,0,0
02/02/2023,GLH,MS,ASO,ES,Federal Contract Tower,0,2,2,0,4,0,0,0,0,0,0,2,2,0,4,0,0,0,4
02/03/2023,GLH,MS,ASO,ES,Federal Contract Tower,0,3,1,0,4,0,0,20,0,20,0,3,21,0,24,4,0,4,28
02/04/2023,GLH,MS,ASO,ES,Federal Contract Tower,0,2,2,0,4,0,0,25,2,27,0,2,27,2,31,2,0,2,33
02/05/2023,GLH,MS,ASO,ES,Federal Contract Tower,0,3,2,0,5,0,0,27,0,27,0,3,29,0,32,2,0,2,34
02/06/2023,GLH,MS,ASO,ES,Federal Contract Tower,0,3,0,0,3,0,0,12,0,12,0,3,12,0,15,18,0,18,33
02/07/2023,GLH,MS,ASO,ES,Federal Contract Tower,0,3,3,2,8,0,0,22,0,22,0,3,25,2,30,4,4,8,38
02/08/2023,GLH,MS,ASO,ES,Federal Contract Tower,0,2,0,0,2,0,0,0,0,0,0,2,0,0,2,0,0,0,2
02/09/2023,GLH,MS,ASO,ES,Federal Contract Tower,0,3,3,1,7,0,0,10,1,11,0,3,13,2,18,6,4,10,28
02/10/2023,GLH,MS,ASO,ES,Federal Contract Tower,0,3,0,2,5,0,0,10,2,12,0,3,10,4,17,0,4,4,21
02/11/2023,GLH,MS,ASO,ES,Federal Contract Tower,0,2,0,0,2,0,0,4,0,4,0,2,4,0,6,0,0,0,6
02/12/2023,GLH,MS,ASO,ES,Federal Contract Tower,0,3,2,0,5,0,0,12,0,12,0,3,14,0,17,2,0,2,19
02/13/2023,GLH,MS,ASO,ES,Federal Contract Tower,0,3,3,8,14,0,0,4,2,6,0,3,7,10,20,2,16,18,38
02/14/2023,GLH,MS,ASO,ES,Federal Contract Tower,0,3,0,0,3,0,0,0,0,0,0,3,0,0,3,0,0,0,3
02/15/2023,GLH,MS,ASO,ES,Federal Contract Tower,0,2,4,4,10,0,0,4,2,6,0,2,8,6,16,0,4,4,20
02/16/2023,GLH,MS,ASO,ES,Federal Contract Tower,0,3,4,0,7,0,0,2,0,2,0,3,6,0,9,2,0,2,11
02/17/2023,GLH,MS,ASO,ES,Federal Contract Tower,0,3,2,2,7,0,0,10,0,10,0,3,12,2,17,4,10,14,31
02/18/2023,GLH,MS,ASO,ES,Federal Contract Tower,0,2,0,0,2,0,0,53,0,53,0,2,53,0,55,8,0,8,63
02/19/2023,GLH,MS,ASO,ES,Federal Contract Tower,0,3,4,4,11,0,0,5,0,5,0,3,9,4,16,4,4,8,24
02/20/2023,GLH,MS,ASO,ES,Federal Contract Tower,0,3,2,0,5,0,0,7,0,7,0,3,9,0,12,2,0,2,14
02/21/2023,GLH,MS,ASO,ES,Federal Contract Tower,0,3,5,4,12,0,0,1,4,5,0,3,6,8,17,0,34,34,51
02/22/2023,GLH,MS,ASO,ES,Federal Contract Tower,0,2,4,2,8,0,0,0,0,0,0,2,4,2,8,0,2,2,10
02/23/2023,GLH,MS,ASO,ES,Federal Contract Tower,0,3,2,0,5,0,0,15,0,15,0,3,17,0,20,4,0,4,24
02/24/2023,GLH,MS,ASO,ES,Federal Contract Tower,0,3,0,0,3,0,0,2,0,2,0,3,2,0,5,0,0,0,5
02/25/2023,GLH,MS,ASO,ES,Federal Contract Tower,0,2,1,0,3,0,0,0,0,0,0,2,1,0,3,0,0,0,3
02/26/2023,GLH,MS,ASO,ES,Federal Contract Tower,0,3,3,0,6,0,0,5,0,5,0,3,8,0,11,16,0,16,27
02/27/2023,GLH,MS,ASO,ES,Federal Contract Tower,0,3,0,11,14,0,0,3,3,6,0,3,3,14,20,0,12,12,32
02/28/2023,GLH,MS,ASO,ES,Federal Contract Tower,0,3,0,4,7,0,0,188,2,190,0,3,188,6,197,14,24,38,235
03/01/2023,GLH,MS,ASO,ES,Federal Contract Tower,0,2,2,0,4,0,0,2,0,2,0,2,4,0,6,0,0,0,6
03/02/2023,GLH,MS,ASO,ES,Federal Contract Tower,0,2,3,0,5,0,0,2,0,2,0,2,5,0,7,0,0,0,7
03/03/2023,GLH,MS,ASO,ES,Federal Contract Tower,0,2,0,3,5,0,0,0,5,5,0,2,0,8,10,0,6,6,16
03/04/2023,GLH,MS,ASO,ES,Federal Contract Tower,0,2,6,0,8,0,0,35,0,35,0,2,41,0,43,8,0,8,51
03/05/2023,GLH,MS,ASO,ES,Federal Contract Tower,0,3,0,0,3,0,0,49,0,49,0,3,49,0,52,8,0,8,60
03/06/2023,GLH,MS,ASO,ES,Federal Contract Tower,0,3,0,7,10,0,0,9,8,17,0,3,9,15,27,14,26,40,67
03/07/2023,GLH,MS,ASO,ES,Federal Contract Tower,0,3,2,2,7,0,0,17,0,17,0,3,19,2,24,22,26,48,72
03/08/2023,GLH,MS,ASO,ES,Federal Contract Tower,0,2,2,0,4,0,0,0,0,0,0,2,2,0,4,0,0,0,4
03/09/2023,GLH,MS,ASO,ES,Federal Contract Tower,0,1,2,0,3,0,0,6,0,6,0,1,8,0,9,8,0,8,17
03/10/2023,GLH,MS,ASO,ES,Federal Contract Tower,0,3,2,11,16,0,0,12,0,12,0,3,14,11,28,10,52,62,90
03/11/2023,GLH,MS,ASO,ES,Federal Contract Tower,0,2,2,0,4,0,0,10,0,10,0,2,12,0,14,0,0,0,14
03/12/2023,GLH,MS,ASO,ES,Federal Contract Tower,0,3,2,0,5,0,0,0,0,0,0,3,2,0,5,0,0,0,5
03/13/2023,GLH,MS,ASO,ES,Federal Contract Tower,0,3,0,5,8,0,0,61,3,64,0,3,61,8,72,0,38,38,110
03/14/2023,GLH,MS,ASO,ES,Federal Contract Tower,0,3,1,2,6,0,0,13,0,13,0,3,14,2,19,6,2,8,27
03/15/2023,GLH,MS,ASO,ES,Federal Contract Tower,0,2,5,0,7,0,0,165,4,169,0,2,170,4,176,16,0,16,192
03/16/2023,GLH,MS,ASO,ES,Federal Contract Tower,0,3,1,0,4,0,0,5,0,5,0,3,6,0,9,6,0,6,15
03/17/2023,GLH,MS,ASO,ES,Federal Contract Tower,0,4,2,0,6,0,0,0,0,0,0,4,2,0,6,0,0,0,6
03/18/2023,GLH,MS,ASO,ES,Federal Contract Tower,0,2,1,0,3,0,0,6,0,6,0,2,7,0,9,2,0,2,11
03/19/2023,GLH,MS,ASO,ES,Federal Contract Tower,0,1,0,2,3,0,0,5,6,11,0,1,5,8,14,0,4,4,18
03/20/2023,GLH,MS,ASO,ES,Federal Contract Tower,0,3,7,5,15,0,0,112,3,115,0,3,119,8,130,4,34,38,168
03/21/2023,GLH,MS,ASO,ES,Federal Contract Tower,1,0,5,0,6,0,0,5,0,5,1,0,10,0,11,8,0,8,19
03/22/2023,GLH,MS,ASO,ES,Federal Contract Tower,0,2,3,2,7,0,0,49,0,49,0,2,52,2,56,0,0,0,56
03/23/2023,GLH,MS,ASO,ES,Federal Contract Tower,0,3,5,2,10,0,0,14,0,14,0,3,19,2,24,0,4,4,28
03/24/2023,GLH,MS,ASO,ES,Federal Contract Tower,0,3,4,0,7,0,0,11,0,11,0,3,15,0,18,6,0,6,24
03/25/2023,GLH,MS,ASO,ES,Federal Contract Tower,0,1,1,0,2,0,0,16,0,16,0,1,17,0,18,2,0,2,20
03/26/2023,GLH,MS,ASO,ES,Federal Contract Tower,0,1,1,0,2,0,0,30,0,30,0,1,31,0,32,6,0,6,38
03/27/2023,GLH,MS,ASO,ES,Federal Contract Tower,0,3,1,4,8,0,0,10,2,12,0,3,11,6,20,8,16,24,44
03/28/2023,GLH,MS,ASO,ES,Federal Contract Tower,0,3,5,1,9,0,0,9,1,10,0,3,14,2,19,4,6,10,29
03/30/2023,GLH,MS,ASO,ES,Federal Contract Tower,0,3,1,3,7,0,0,6,1,7,0,3,7,4,14,2,14,16,30
03/31/2023,GLH,MS,ASO,ES,Federal Contract Tower,0,3,2,0,5,0,0,2,0,2,0,3,4,0,7,0,0,0,7
04/01/2023,GLH,MS,ASO,ES,Federal Contract Tower,0,1,2,0,3,0,0,48,0,48,0,1,50,0,51,2,0,2,53
04/02/2023,GLH,MS,ASO,ES,Federal Contract Tower,0,3,0,0,3,0,0,11,0,11,0,3,11,0,14,2,0,2,16
04/03/2023,GLH,MS,ASO,ES,Federal Contract Tower,0,2,0,0,2,0,0,1,0,1,0,2,1,0,3,0,0,0,3
04/04/2023,GLH,MS,ASO,ES,Federal Contract Tower,0,3,4,0,7,0,0,7,0,7,0,3,11,0,14,2,0,2,16
04/05/2023,GLH,MS,ASO,ES,Federal Contract Tower,0,2,0,0,2,0,0,0,0,0,0,2,0,0,2,0,0,0,2
04/06/2023,GLH,MS,ASO,ES,Federal Contract Tower,0,3,3,0,6,0,0,0,0,0,0,3,3,0,6,0,0,0,6
04/07/2023,GLH,MS,ASO,ES,Federal Contract Tower,0,3,4,2,9,0,0,0,0,0,0,3,4,2,9,0,2,2,11
04/08/2023,GLH,MS,ASO,ES,Federal Contract Tower,0,2,1,0,3,0,0,1,0,1,0,2,2,0,4,0,0,0,4
04/09/2023,GLH,MS,ASO,ES,Federal Contract Tower,0,3,2,0,5,0,0,10,0,10,0,3,12,0,15,2,0,2,17
04/10/2023,GLH,MS,ASO,ES,Federal Contract Tower,0,3,0,2,5,0,0,25,0,25,0,3,25,2,30,2,52,54,84
04/11/2023,GLH,MS,ASO,ES,Federal Contract Tower,0,3,3,5,11,0,0,133,2,135,0,3,136,7,146,18,38,56,202
04/12/2023,GLH,MS,ASO,ES,Federal Contract Tower,0,2,2,5,9,0,0,52,0,52,0,2,54,5,61,8,78,86,147
04/13/2023,GLH,MS,ASO,ES,Federal Contract Tower,0,2,3,2,7,0,0,95,0,95,0,2,98,2,102,2,8,10,112
04/14/2023,GLH,MS,ASO,ES,Federal Contract Tower,0,3,6,2,11,0,0,211,0,211,0,3,217,2,222,24,62,86,308
04/15/2023,GLH,MS,ASO,ES,Federal Contract Tower,0,1,1,0,2,0,0,6,6,12,0,1,7,6,14,4,0,4,18
04/16/2023,GLH,MS,ASO,ES,Federal Contract Tower,0,3,2,0,5,0,0,9,0,9,0,3,11,0,14,0,0,0,14
04/17/2023,GLH,MS,ASO,ES,Federal Contract Tower,0,3,2,0,5,0,0,14,0,14,0,3,16,0,19,8,0,8,27
04/18/2023,GLH,MS,ASO,ES,Federal Contract Tower,0,3,1,2,6,0,0,33,2,35,0,3,34,4,41,10,10,20,61
04/19/2023,GLH,MS,ASO,ES,Federal Contract Tower,0,2,2,2,6,0,0,5,0,5,0,2,7,2,11,0,24,24,35
04/20/2023,GLH,MS,ASO,ES,Federal Contract Tower,0,3,4,5,12,0,0,10,2,12,0,3,14,7,24,6,28,34,58
04/21/2023,GLH,MS,ASO,ES,Federal Contract Tower,0,1,0,0,1,0,0,0,0,0,0,1,0,0,1,0,0,0,1
04/22/2023,GLH,MS,ASO,ES,Federal Contract Tower,0,2,3,0,5,0,0,6,0,6,0,2,9,0,11,0,0,0,11
04/23/2023,GLH,MS,ASO,ES,Federal Contract Tower,0,4,4,4,12,0,0,6,0,6,0,4,10,4,18,4,4,8,26
04/24/2023,GLH,MS,ASO,ES,Federal Contract Tower,0,1,2,1,4,0,0,41,1,42,0,1,43,2,46,2,2,4,50
04/25/2023,GLH,MS,ASO,ES,Federal Contract Tower,0,3,2,2,7,0,0,3,0,3,0,3,5,2,10,0,8,8,18
04/26/2023,GLH,MS,ASO,ES,Federal Contract Tower,0,3,3,0,6,0,0,10,0,10,0,3,13,0,16,0,0,0,16
04/27/2023,GLH,MS,ASO,ES,Federal Contract Tower,0,1,2,0,3,0,0,4,0,4,0,1,6,0,7,6,0,6,13
04/28/2023,GLH,MS,ASO,ES,Federal Contract Tower,0,3,3,0,6,0,0,9,0,9,0,3,12,0,15,2,0,2,17
04/29/2023,GLH,MS,ASO,ES,Federal Contract Tower,0,1,2,0,3,0,0,0,0,0,0,1,2,0,3,0,0,0,3
04/30/2023,GLH,MS,ASO,ES,Federal Contract Tower,0,3,0,4,7,0,0,10,2,12,0,3,10,6,19,2,6,8,27
05/01/2023,GLH,MS,ASO,ES,Federal Contract Tower,0,3,2,2,7,0,0,50,2,52,0,3,52,4,59,2,4,6,65
05/02/2023,GLH,MS,ASO,ES,Federal Contract Tower,0,3,1,4,8,0,0,60,6,66,0,3,61,10,74,0,80,80,154
05/03/2023,GLH,MS,ASO,ES,Federal Contract Tower,0,2,0,1,3,0,0,41,1,42,0,2,41,2,45,20,2,22,67
05/04/2023,GLH,MS,ASO,ES,Federal Contract Tower,0,3,0,6,9,0,0,7,0,7,0,3,7,6,16,12,8,20,36
05/05/2023,GLH,MS,ASO,ES,Federal Contract Tower,0,3,0,2,5,0,0,16,0,16,0,3,16,2,21,8,8,16,37
05/06/2023,GLH,MS,ASO,ES,Federal Contract Tower,0,2,4,0,6,0,0,8,0,8,0,2,12,0,14,0,0,0,14
05/07/2023,GLH,MS,ASO,ES,Federal Contract Tower,0,1,2,0,3,0,0,5,4,9,0,1,7,4,12,0,0,0,12
05/08/2023,GLH,MS,ASO,ES,Federal Contract Tower,0,4,1,4,9,0,0,158,0,158,0,4,159,4,167,2,20,22,189
05/09/2023,GLH,MS,ASO,ES,Federal Contract Tower,0,3,0,15,18,0,0,77,3,80,0,3,77,18,98,16,50,66,164
05/10/2023,GLH,MS,ASO,ES,Federal Contract Tower,0,2,0,2,4,0,0,0,0,0,0,2,0,2,4,0,4,4,8
05/11/2023,GLH,MS,ASO,ES,Federal Contract Tower,0,1,2,0,3,0,0,0,0,0,0,1,2,0,3,0,0,0,3
05/12/2023,GLH,MS,ASO,ES,Federal Contract Tower,0,3,8,0,11,0,0,2,0,2,0,3,10,0,13,6,0,6,19
05/13/2023,GLH,MS,ASO,ES,Federal Contract Tower,0,2,2,0,4,0,0,12,0,12,0,2,14,0,16,46,0,46,62
05/14/2023,GLH,MS,ASO,ES,Federal Contract Tower,0,3,0,0,3,0,0,4,0,4,0,3,4,0,7,28,0,28,35
05/15/2023,GLH,MS,ASO,ES,Federal Contract Tower,0,3,3,4,10,0,0,93,2,95,0,3,96,6,105,50,24,74,179
05/16/2023,GLH,MS,ASO,ES,Federal Contract Tower,0,3,9,5,17,0,0,25,4,29,0,3,34,9,46,76,42,118,164
05/17/2023,GLH,MS,ASO,ES,Federal Contract Tower,0,1,1,2,4,0,0,8,0,8,0,1,9,2,12,60,2,62,74
05/18/2023,GLH,MS,ASO,ES,Federal Contract Tower,0,1,3,6,10,0,0,37,1,38,0,1,40,7,48,46,96,142,190
05/19/2023,GLH,MS,ASO,ES,Federal Contract Tower,0,4,0,4,8,0,0,30,5,35,0,4,30,9,43,14,124,138,181
05/20/2023,GLH,MS,ASO,ES,Federal Contract Tower,0,1,0,0,1,0,0,0,0,0,0,1,0,0,1,0,0,0,1
05/21/2023,GLH,MS,ASO,ES,Federal Contract Tower,0,3,2,0,5,0,0,9,0,9,0,3,11,0,14,16,0,16,30
05/22/2023,GLH,MS,ASO,ES,Federal Contract Tower,0,3,3,8,14,0,0,15,2,17,0,3,18,10,31,30,60,90,121
05/23/2023,GLH,MS,ASO,ES,Federal Contract Tower,0,3,4,2,9,0,0,275,2,277,0,3,279,4,286,6,4,10,296
05/24/2023,GLH,MS,ASO,ES,Federal Contract Tower,0,1,2,3,6,0,1,102,8,111,0,2,104,11,117,16,16,32,149
05/25/2023,GLH,MS,ASO,ES,Federal Contract Tower,0,3,3,2,8,0,0,78,2,80,0,3,81,4,88,6,10,16,104
05/26/2023,GLH,MS,ASO,ES,Federal Contract Tower,0,3,3,0,6,0,0,28,0,28,0,3,31,0,34,14,0,14,48
05/27/2023,GLH,MS,ASO,ES,Federal Contract Tower,0,2,3,0,5,0,0,3,0,3,0,2,6,0,8,0,0,0,8
05/28/2023,GLH,MS,ASO,ES,Federal Contract Tower,0,3,0,0,3,0,0,66,0,66,0,3,66,0,69,0,0,0,69
05/29/2023,GLH,MS,ASO,ES,Federal Contract Tower,0,3,1,0,4,0,0,87,0,87,0,3,88,0,91,4,0,4,95
05/30/2023,GLH,MS,ASO,ES,Federal Contract Tower,0,1,0,4,5,0,0,22,0,22,0,1,22,4,27,6,4,10,37
05/31/2023,GLH,MS,ASO,ES,Federal Contract Tower,0,2,5,0,7,0,0,45,0,45,0,2,50,0,52,2,0,2,54
06/01/2023,GLH,MS,ASO,ES,Federal Contract Tower,0,1,4,0,5,0,0,65,0,65,0,1,69,0,70,4,0,4,74
06/02/2023,GLH,MS,ASO,ES,Federal Contract Tower,0,1,4,2,7,0,0,15,3,18,0,1,19,5,25,8,6,14,39
06/03/2023,GLH,MS,ASO,ES,Federal Contract Tower,0,2,0,1,3,0,0,2,3,5,0,2,2,4,8,2,6,8,16
06/04/2023,GLH,MS,ASO,ES,Federal Contract Tower,0,1,1,0,2,0,0,3,0,3,0,1,4,0,5,0,0,0,5
06/05/2023,GLH,MS,ASO,ES,Federal Contract Tower,0,1,1,0,2,0,0,2,0,2,0,1,3,0,4,0,2,2,6
06/06/2023,GLH,MS,ASO,ES,Federal Contract Tower,0,1,1,0,2,0,0,7,2,9,0,1,8,2,11,2,26,28,39
06/07/2023,GLH,MS,ASO,ES,Federal Contract Tower,0,1,0,2,3,0,0,14,0,14,0,1,14,2,17,8,32,40,57
06/08/2023,GLH,MS,ASO,ES,Federal Contract Tower,0,2,5,9,16,0,0,41,3,44,0,2,46,12,60,0,142,142,202
06/09/2023,GLH,MS,ASO,ES,Federal Contract Tower,0,1,2,4,7,0,0,56,2,58,0,1,58,6,65,8,8,16,81
06/10/2023,GLH,MS,ASO,ES,Federal Contract Tower,0,1,2,0,3,0,0,37,0,37,0,1,39,0,40,0,0,0,40
06/11/2023,GLH,MS,ASO,ES,Federal Contract Tower,0,1,5,0,6,0,0,33,2,35,0,1,38,2,41,0,0,0,41
06/12/2023,GLH,MS,ASO,ES,Federal Contract Tower,0,1,1,2,4,0,0,11,0,11,0,1,12,2,15,4,4,8,23
06/13/2023,GLH,MS,ASO,ES,Federal Contract Tower,0,3,0,2,5,0,0,6,0,6,0,3,6,2,11,2,4,6,17
06/14/2023,GLH,MS,ASO,ES,Federal Contract Tower,0,2,0,5,7,0,0,1,0,1,0,2,1,5,8,0,50,50,58
06/15/2023,GLH,MS,ASO,ES,Federal Contract Tower,0,1,0,9,10,0,0,14,1,15,0,1,14,10,25,2,60,62,87
06/16/2023,GLH,MS,ASO,ES,Federal Contract Tower,0,1,1,4,6,0,0,21,2,23,0,1,22,6,29,16,22,38,67
06/17/2023,GLH,MS,ASO,ES,Federal Contract Tower,0,2,1,0,3,0,0,13,0,13,0,2,14,0,16,4,0,4,20
06/18/2023,GLH,MS,ASO,ES,Federal Contract Tower,0,1,2,0,3,0,0,0,0,0,0,1,2,0,3,0,0,0,3
06/19/2023,GLH,MS,ASO,ES,Federal Contract Tower,0,1,1,0,2,0,0,28,0,28,0,1,29,0,30,18,0,18,48
06/21/2023,GLH,MS,ASO,ES,Federal Contract Tower,0,2,4,2,8,0,0,18,2,20,0,2,22,4,28,0,12,12,40
06/22/2023,GLH,MS,ASO,ES,Federal Contract Tower,0,1,0,9,10,0,0,19,1,20,0,1,19,10,30,66,14,80,110
06/23/2023,GLH,MS,ASO,ES,Federal Contract Tower,0,1,2,4,7,0,0,20,4,24,0,1,22,8,31,14,22,36,67
06/24/2023,GLH,MS,ASO,ES,Federal Contract Tower,0,2,0,0,2,0,0,6,0,6,0,2,6,0,8,0,0,0,8
06/25/2023,GLH,MS,ASO,ES,Federal Contract Tower,0,1,6,4,11,0,0,7,4,11,0,1,13,8,22,0,10,10,32
06/26/2023,GLH,MS,ASO,ES,Federal Contract Tower,0,2,1,4,7,0,0,22,12,34,0,2,23,16,41,6,26,32,73
06/27/2023,GLH,MS,ASO,ES,Federal Contract Tower,0,1,6,0,7,0,0,8,0,8,0,1,14,0,15,4,0,4,19
06/28/2023,GLH,MS,ASO,ES,Federal Contract Tower,0,2,2,4,8,0,0,27,1,28,0,2,29,5,36,16,24,40,76
06/29/2023,GLH,MS,ASO,ES,Federal Contract Tower,0,1,10,0,11,0,0,24,0,24,0,1,34,0,35,22,0,22,57
06/30/2023,GLH,MS,ASO,ES,Federal Contract Tower,0,2,2,2,6,0,0,42,2,44,0,2,44,4,50,4,28,32,82
07/01/2023,GLH,MS,ASO,ES,Federal Contract Tower,0,2,0,0,2,0,0,64,0,64,0,2,64,0,66,0,0,0,66
07/02/2023,GLH,MS,ASO,ES,Federal Contract Tower,0,0,3,0,3,0,0,12,0,12,0,0,15,0,15,2,0,2,17
07/03/2023,GLH,MS,ASO,ES,Federal Contract Tower,0,1,1,0,2,0,0,13,0,13,0,1,14,0,15,0,0,0,15
07/04/2023,GLH,MS,ASO,ES,Federal Contract Tower,0,1,0,0,1,0,0,8,0,8,0,1,8,0,9,12,0,12,21
07/05/2023,GLH,MS,ASO,ES,Federal Contract Tower,0,2,2,7,11,0,0,32,0,32,0,2,34,7,43,0,32,32,75
07/06/2023,GLH,MS,ASO,ES,Federal Contract Tower,0,1,2,0,3,0,0,35,0,35,0,1,37,0,38,20,0,20,58
07/07/2023,GLH,MS,ASO,ES,Federal Contract Tower,0,1,0,0,1,0,0,54,0,54,0,1,54,0,55,26,0,26,81
07/08/2023,GLH,MS,ASO,ES,Federal Contract Tower,0,2,3,0,5,0,0,51,0,51,0,2,54,0,56,16,0,16,72
07/09/2023,GLH,MS,ASO,ES,Federal Contract Tower,0,1,0,0,1,0,0,5,0,5,0,1,5,0,6,4,0,4,10
07/10/2023,GLH,MS,ASO,ES,Federal Contract Tower,0,1,4,5,10,0,0,52,1,53,0,1,56,6,63,0,34,34,97
07/11/2023,GLH,MS,ASO,ES,Federal Contract Tower,0,1,0,0,1,0,0,14,0,14,0,1,14,0,15,6,0,6,21
07/12/2023,GLH,MS,ASO,ES,Federal Contract Tower,0,2,2,0,4,0,0,4,0,4,0,2,6,0,8,0,0,0,8
07/13/2023,GLH,MS,ASO,ES,Federal Contract Tower,0,1,4,0,5,0,0,16,4,20,0,1,20,4,25,8,0,8,33
07/14/2023,GLH,MS,ASO,ES,Federal Contract Tower,0,1,2,11,14,0,0,10,0,10,0,1,12,11,24,2,16,18,42
07/15/2023,GLH,MS,ASO,ES,Federal Contract Tower,0,2,0,0,2,0,0,13,0,13,0,2,13,0,15,0,0,0,15
07/16/2023,GLH,MS,ASO,ES,Federal Contract Tower,0,1,0,12,13,0,0,17,0,17,0,1,17,12,30,6,12,18,48
07/17/2023,GLH,MS,ASO,ES,Federal Contract Tower,0,1,5,6,12,0,0,30,3,33,0,1,35,9,45,4,44,48,93
07/18/2023,GLH,MS,ASO,ES,Federal Contract Tower,0,0,2,3,5,0,0,32,3,35,0,0,34,6,40,10,10,20,60
07/19/2023,GLH,MS,ASO,ES,Federal Contract Tower,0,2,4,4,10,0,0,40,2,42,0,2,44,6,52,10,24,34,86
07/20/2023,GLH,MS,ASO,ES,Federal Contract Tower,0,1,2,3,6,0,0,38,4,42,0,1,40,7,48,30,20,50,98
07/21/2023,GLH,MS,ASO,ES,Federal Contract Tower,0,1,0,1,2,0,0,23,2,25,0,1,23,3,27,10,10,20,47
07/22/2023,GLH,MS,ASO,ES,Federal Contract Tower,0,2,0,0,2,0,0,8,0,8,0,2,8,0,10,0,0,0,10
07/23/2023,GLH,MS,ASO,ES,Federal Contract Tower,0,3,2,0,5,0,0,19,0,19,0,3,21,0,24,4,0,4,28
07/24/2023,GLH,MS,ASO,ES,Federal Contract Tower,0,1,3,4,8,0,0,11,1,12,0,1,14,5,20,12,12,24,44
07/25/2023,GLH,MS,ASO,ES,Federal Contract Tower,0,1,3,1,5,0,0,23,1,24,0,1,26,2,29,8,16,24,53
07/26/2023,GLH,MS,ASO,ES,Federal Contract Tower,0,2,0,0,2,0,0,25,0,25,0,2,25,0,27,6,0,6,33
07/27/2023,GLH,MS,ASO,ES,Federal Contract Tower,0,1,2,2,5,0,0,4,12,16,0,1,6,14,21,2,6,8,29
07/28/2023,GLH,MS,ASO,ES,Federal Contract Tower,0,1,2,1,4,0,0,73,1,74,0,1,75,2,78,14,10,24,102
07/29/2023,GLH,MS,ASO,ES,Federal Contract Tower,0,2,1,0,3,0,0,9,0,9,0,2,10,0,12,0,0,0,12
07/30/2023,GLH,MS,ASO,ES,Federal Contract Tower,0,1,2,0,3,0,0,3,0,3,0,1,5,0,6,0,0,0,6
07/31/2023,GLH,MS,ASO,ES,Federal Contract Tower,0,1,0,1,2,0,0,4,1,5,0,1,4,2,7,4,2,6,13
08/01/2023,GLH,MS,ASO,ES,Federal Contract Tower,0,2,4,0,6,0,0,17,0,17,0,2,21,0,23,12,0,12,35
08/02/2023,GLH,MS,ASO,ES,Federal Contract Tower,0,1,2,0,3,0,0,8,0,8,0,1,10,0,11,0,0,0,11
08/03/2023,GLH,MS,ASO,ES,Federal Contract Tower,0,2,3,2,7,0,0,11,0,11,0,2,14,2,18,6,4,10,28
08/04/2023,GLH,MS,ASO,ES,Federal Contract Tower,0,2,4,3,9,0,0,10,2,12,0,2,14,5,21,0,16,16,37
08/05/2023,GLH,MS,ASO,ES,Federal Contract Tower,0,2,2,0,4,0,0,9,0,9,0,2,11,0,13,0,0,0,13
08/06/2023,GLH,MS,ASO,ES,Federal Contract Tower,0,2,2,0,4,0,0,16,0,16,0,2,18,0,20,4,0,4,24
08/07/2023,GLH,MS,ASO,ES,Federal Contract Tower,0,2,2,2,6,0,0,13,0,13,0,2,15,2,19,6,4,10,29
08/08/2023,GLH,MS,ASO,ES,Federal Contract Tower,0,1,4,0,5,0,0,3,0,3,0,1,7,0,8,6,0,6,14
08/09/2023,GLH,MS,ASO,ES,Federal Contract Tower,0,2,6,0,8,0,0,8,0,8,0,2,14,0,16,10,0,10,26
08/10/2023,GLH,MS,ASO,ES,Federal Contract Tower,0,2,2,0,4,0,0,16,2,18,0,2,18,2,22,10,0,10,32
08/11/2023,GLH,MS,ASO,ES,Federal Contract Tower,0,2,3,4,9,0,0,17,0,17,0,2,20,4,26,6,8,14,40
08/12/2023,GLH,MS,ASO,ES,Federal Contract Tower,0,2,4,0,6,0,0,24,0,24,0,2,28,0,30,4,0,4,34
08/13/2023,GLH,MS,ASO,ES,Federal Contract Tower,0,2,1,0,3,0,0,8,0,8,0,2,9,0,11,0,0,0,11
08/14/2023,GLH,MS,ASO,ES,Federal Contract Tower,0,2,1,0,3,0,0,5,1,6,0,2,6,1,9,4,10,14,23
08/15/2023,GLH,MS,ASO,ES,Federal Contract Tower,2,0,0,0,2,0,0,21,0,21,2,0,21,0,23,8,0,8,31
08/16/2023,GLH,MS,ASO,ES,Federal Contract Tower,0,1,3,0,4,0,0,27,0,27,0,1,30,0,31,2,0,2,33
08/17/2023,GLH,MS,ASO,ES,Federal Contract Tower,0,3,0,1,4,0,0,26,1,27,0,3,26,2,31,18,4,22,53
08/18/2023,GLH,MS,ASO,ES,Federal Contract Tower,0,2,2,0,4,0,0,26,2,28,0,2,28,2,32,14,0,14,46
08/19/2023,GLH,MS,ASO,ES,Federal Contract Tower,0,2,1,0,3,0,0,4,0,4,0,2,5,0,7,0,0,0,7
08/20/2023,GLH,MS,ASO,ES,Federal Contract Tower,0,1,4,0,5,0,1,4,0,5,0,2,8,0,10,0,0,0,10
08/21/2023,GLH,MS,ASO,ES,Federal Contract Tower,0,2,0,2,4,0,0,21,2,23,0,2,21,4,27,18,16,34,61
08/22/2023,GLH,MS,ASO,ES,Federal Contract Tower,0,2,2,1,5,0,0,25,0,25,0,2,27,1,30,16,2,18,48
08/23/2023,GLH,MS,ASO,ES,Federal Contract Tower,0,1,0,0,1,0,0,10,0,10,0,1,10,0,11,8,0,8,19
08/24/2023,GLH,MS,ASO,ES,Federal Contract Tower,0,3,4,0,7,0,0,20,0,20,0,3,24,0,27,10,0,10,37
08/25/2023,GLH,MS,ASO,ES,Federal Contract Tower,0,2,1,0,3,0,0,12,0,12,0,2,13,0,15,8,0,8,23
08/26/2023,GLH,MS,ASO,ES,Federal Contract Tower,0,1,0,2,3,0,0,4,0,4,0,1,4,2,7,0,0,0,7
08/27/2023,GLH,MS,ASO,ES,Federal Contract Tower,0,1,3,0,4,0,0,4,0,4,0,1,7,0,8,0,0,0,8
08/28/2023,GLH,MS,ASO,ES,Federal Contract Tower,0,2,3,2,7,0,0,11,4,15,0,2,14,6,22,6,4,10,32
08/29/2023,GLH,MS,ASO,ES,Federal Contract Tower,0,2,6,6,14,0,0,44,5,49,0,2,50,11,63,22,26,48,111
08/30/2023,GLH,MS,ASO,ES,Federal Contract Tower,0,2,4,1,7,0,0,22,1,23,0,2,26,2,30,16,2,18,48
08/31/2023,GLH,MS,ASO,ES,Federal Contract Tower,0,2,2,2,6,0,0,20,6,26,0,2,22,8,32,22,44,66,98
01/01/2020,GLH,MS,ASO,CE,Federal Contract Tower,0,5,2,0,7,0,0,12,0,12,0,5,14,0,19,2,0,2,21
01/02/2020,GLH,MS,ASO,CE,Federal Contract Tower,0,5,1,0,6,0,0,0,0,0,0,5,1,0,6,0,0,0,6
01/03/2020,GLH,MS,ASO,CE,Federal Contract Tower,0,3,6,0,9,0,0,0,0,0,0,3,6,0,9,0,0,0,9
01/04/2020,GLH,MS,ASO,CE,Federal Contract Tower,0,2,0,0,2,0,0,4,0,4,0,2,4,0,6,0,0,0,6
01/05/2020,GLH,MS,ASO,CE,Federal Contract Tower,0,4,4,0,8,0,0,2,0,2,0,4,6,0,10,0,0,0,10
01/06/2020,GLH,MS,ASO,CE,Federal Contract Tower,0,5,5,0,10,0,0,12,0,12,0,5,17,0,22,4,18,22,44
01/07/2020,GLH,MS,ASO,CE,Federal Contract Tower,0,2,0,0,2,0,0,34,0,34,0,2,34,0,36,0,0,0,36
01/08/2020,GLH,MS,ASO,CE,Federal Contract Tower,0,4,0,2,6,0,0,40,0,40,0,4,40,2,46,4,26,30,76
01/09/2020,GLH,MS,ASO,CE,Federal Contract Tower,0,5,0,6,11,0,0,0,0,0,0,5,0,6,11,0,94,94,105
01/10/2020,GLH,MS,ASO,CE,Federal Contract Tower,0,4,0,0,4,0,0,2,0,2,0,4,2,0,6,0,0,0,6
01/14/2020,GLH,MS,ASO,CE,Federal Contract Tower,0,4,0,0,4,0,0,0,0,0,0,4,0,0,4,0,0,0,4
01/15/2020,GLH,MS,ASO,CE,Federal Contract Tower,0,4,2,0,6,0,0,0,0,0,0,4,2,0,6,0,0,0,6
01/16/2020,GLH,MS,ASO,CE,Federal Contract Tower,0,7,0,0,7,0,0,2,0,2,0,7,2,0,9,0,0,0,9
01/17/2020,GLH,MS,ASO,CE,Federal Contract Tower,0,3,4,0,7,0,0,20,0,20,0,3,24,0,27,10,0,10,37
01/18/2020,GLH,MS,ASO,CE,Federal Contract Tower,0,0,4,2,6,0,0,0,1,1,0,0,4,3,7,0,4,4,11
01/19/2020,GLH,MS,ASO,CE,Federal Contract Tower,0,5,4,0,9,0,0,26,0,26,0,5,30,0,35,4,0,4,39
01/20/2020,GLH,MS,ASO,CE,Federal Contract Tower,0,7,0,0,7,0,0,58,0,58,0,7,58,0,65,4,0,4,69
01/21/2020,GLH,MS,ASO,CE,Federal Contract Tower,0,5,1,2,8,0,0,15,0,15,0,5,16,2,23,2,36,38,61
01/22/2020,GLH,MS,ASO,CE,Federal Contract Tower,0,5,1,4,10,0,0,30,0,30,0,5,31,4,40,4,64,68,108
01/23/2020,GLH,MS,ASO,CE,Federal Contract Tower,0,3,3,0,6,0,0,0,0,0,0,3,3,0,6,0,0,0,6
01/24/2020,GLH,MS,ASO,CE,Federal Contract Tower,0,5,0,4,9,0,0,21,0,21,0,5,21,4,30,18,72,90,120
01/25/2020,GLH,MS,ASO,CE,Federal Contract Tower,0,2,1,0,3,0,0,118,0,118,0,2,119,0,121,2,0,2,123
01/26/2020,GLH,MS,ASO,CE,Federal Contract Tower,0,5,4,0,9,0,0,1,0,1,0,5,5,0,10,0,0,0,10
01/27/2020,GLH,MS,ASO,CE,Federal Contract Tower,0,2,1,2,5,0,0,36,0,36,0,2,37,2,41,14,30,44,85
01/28/2020,GLH,MS,ASO,CE,Federal Contract Tower,0,3,1,2,6,0,0,8,1,9,0,3,9,3,15,0,32,32,47
01/29/2020,GLH,MS,ASO,CE,Federal Contract Tower,0,6,1,5,12,0,0,2,0,2,0,6,3,5,14,0,32,32,46
01/30/2020,GLH,MS,ASO,CE,Federal Contract Tower,0,7,1,0,8,0,0,16,0,16,0,7,17,0,24,0,0,0,24
01/31/2020,GLH,MS,ASO,CE,Federal Contract Tower,0,5,5,0,10,0,0,9,0,9,0,5,14,0,19,0,0,0,19
02/01/2020,GLH,MS,ASO,ES,Federal Contract Tower,0,5,0,0,5,0,0,66,4,70,0,5,66,4,75,8,30,38,113
02/02/2020,GLH,MS,ASO,ES,Federal Contract Tower,0,0,0,0,0,0,0,64,2,66,0,0,64,2,66,8,4,12,78
02/03/2020,GLH,MS,ASO,ES,Federal Contract Tower,0,6,8,4,18,0,0,26,0,26,0,6,34,4,44,14,64,78,122
02/04/2020,GLH,MS,ASO,ES,Federal Contract Tower,0,5,2,0,7,0,0,0,0,0,0,5,2,0,7,0,0,0,7
02/05/2020,GLH,MS,ASO,ES,Federal Contract Tower,0,4,1,0,5,0,0,0,0,0,0,4,1,0,5,0,0,0,5
02/06/2020,GLH,MS,ASO,ES,Federal Contract Tower,0,4,0,0,4,0,0,0,0,0,0,4,0,0,4,0,0,0,4
02/07/2020,GLH,MS,ASO,ES,Federal Contract Tower,0,4,3,0,7,0,0,113,0,113,0,4,116,0,120,16,0,16,136
02/08/2020,GLH,MS,ASO,ES,Federal Contract Tower,0,5,0,0,5,0,0,188,0,188,0,5,188,0,193,6,0,6,199
02/09/2020,GLH,MS,ASO,ES,Federal Contract Tower,0,4,2,0,6,0,0,4,0,4,0,4,6,0,10,2,0,2,12
02/10/2020,GLH,MS,ASO,ES,Federal Contract Tower,0,0,2,0,2,0,0,0,0,0,0,0,2,0,2,0,0,0,2
02/11/2020,GLH,MS,ASO,ES,Federal Contract Tower,0,2,4,0,6,0,0,4,0,4,0,2,8,0,10,0,0,0,10
02/12/2020,GLH,MS,ASO,ES,Federal Contract Tower,0,1,0,0,1,0,0,0,0,0,0,1,0,0,1,0,0,0,1
02/13/2020,GLH,MS,ASO,ES,Federal Contract Tower,0,7,0,6,13,0,0,13,0,13,0,7,13,6,26,0,92,92,118
02/14/2020,GLH,MS,ASO,ES,Federal Contract Tower,0,3,3,4,10,0,1,60,0,61,0,4,63,4,71,14,78,92,163
02/15/2020,GLH,MS,ASO,ES,Federal Contract Tower,0,3,0,0,3,0,1,222,0,223,0,4,222,0,226,8,0,8,234
02/16/2020,GLH,MS,ASO,ES,Federal Contract Tower,0,3,2,0,5,0,0,0,0,0,0,3,2,0,5,0,0,0,5
02/17/2020,GLH,MS,ASO,ES,Federal Contract Tower,0,4,7,0,11,0,0,4,0,4,0,4,11,0,15,8,0,8,23
02/18/2020,GLH,MS,ASO,ES,Federal Contract Tower,2,0,6,0,8,0,0,0,0,0,2,0,6,0,8,0,0,0,8
02/19/2020,GLH,MS,ASO,ES,Federal Contract Tower,0,5,1,1,7,0,0,20,0,20,0,5,21,1,27,6,0,6,33
02/20/2020,GLH,MS,ASO,ES,Federal Contract Tower,0,5,0,0,5,0,0,0,0,0,0,5,0,0,5,0,0,0,5
02/21/2020,GLH,MS,ASO,ES,Federal Contract Tower,0,5,2,2,9,0,0,46,0,46,0,5,48,2,55,14,34,48,103
02/22/2020,GLH,MS,ASO,ES,Federal Contract Tower,0,4,0,0,4,0,0,179,0,179,0,4,179,0,183,18,0,18,201
02/23/2020,GLH,MS,ASO,ES,Federal Contract Tower,0,5,2,2,9,0,0,3,0,3,0,5,5,2,12,0,2,2,14
02/24/2020,GLH,MS,ASO,ES,Federal Contract Tower,0,5,8,0,13,0,0,4,0,4,0,5,12,0,17,6,0,6,23
02/25/2020,GLH,MS,ASO,ES,Federal Contract Tower,0,5,2,0,7,0,0,113,0,113,0,5,115,0,120,8,0,8,128
02/26/2020,GLH,MS,ASO,ES,Federal Contract Tower,0,4,0,3,7,0,0,16,0,16,0,4,16,3,23,0,42,42,65
02/27/2020,GLH,MS,ASO,ES,Federal Contract Tower,0,5,8,0,13,0,0,170,2,172,0,5,178,2,185,0,4,4,189
02/28/2020,GLH,MS,ASO,ES,Federal Contract Tower,0,3,2,0,5,0,2,94,0,96,0,5,96,0,101,4,0,4,105
02/29/2020,GLH,MS,ASO,ES,Federal Contract Tower,0,3,2,0,5,0,1,123,0,124,0,4,125,0,129,6,0,6,135
03/01/2020,GLH,MS,ASO,ES,Federal Contract Tower,0,5,1,0,6,0,0,5,0,5,0,5,6,0,11,0,0,0,11
03/02/2020,GLH,MS,ASO,ES,Federal Contract Tower,0,5,0,0,5,0,0,1,0,1,0,5,1,0,6,0,0,0,6
03/03/2020,GLH,MS,ASO,ES,Federal Contract Tower,0,3,3,0,6,0,0,8,0,8,0,3,11,0,14,2,0,2,16
03/04/2020,GLH,MS,ASO,ES,Federal Contract Tower,0,0,4,0,4,0,0,0,0,0,0,0,4,0,4,0,0,0,4
03/05/2020,GLH,MS,ASO,ES,Federal Contract Tower,0,6,2,1,9,0,0,14,0,14,0,6,16,1,23,2,2,4,27
03/06/2020,GLH,MS,ASO,ES,Federal Contract Tower,0,5,3,4,12,0,0,49,4,53,0,5,52,8,65,28,68,96,161
03/07/2020,GLH,MS,ASO,ES,Federal Contract Tower,0,2,0,0,2,0,2,192,2,196,0,4,192,2,198,4,8,12,210
03/08/2020,GLH,MS,ASO,ES,Federal Contract Tower,0,5,2,1,8,0,0,43,1,44,0,5,45,2,52,0,63,63,115
03/09/2020,GLH,MS,ASO,ES,Federal Contract Tower,0,5,3,0,8,0,0,0,0,0,0,5,3,0,8,0,0,0,8
03/10/2020,GLH,MS,ASO,ES,Federal Contract Tower,0,5,0,3,8,0,0,3,1,4,0,5,3,4,12,0,70,70,82
03/11/2020,GLH,MS,ASO,ES,Federal Contract Tower,0,5,4,0,9,0,0,11,0,11,0,5,15,0,20,0,0,0,20
03/12/2020,GLH,MS,ASO,ES,Federal Contract Tower,0,5,4,3,12,0,0,5,2,7,0,5,9,5,19,0,42,42,61
03/13/2020,GLH,MS,ASO,ES,Federal Contract Tower,0,5,0,0,5,0,0,4,0,4,0,5,4,0,9,0,0,0,9
03/14/2020,GLH,MS,ASO,ES,Federal Contract Tower,0,5,1,0,6,0,0,2,0,2,0,5,3,0,8,0,0,0,8
03/15/2020,GLH,MS,ASO,ES,Federal Contract Tower,0,3,1,0,4,0,0,0,0,0,0,3,1,0,4,0,0,0,4
03/16/2020,GLH,MS,ASO,ES,Federal Contract Tower,0,5,3,0,8,0,0,50,0,50,0,5,53,0,58,12,0,12,70
03/17/2020,GLH,MS,ASO,ES,Federal Contract Tower,0,5,1,0,6,0,0,64,0,64,0,5,65,0,70,2,0,2,72
03/18/2020,GLH,MS,ASO,ES,Federal Contract Tower,0,2,1,0,3,0,0,70,0,70,0,2,71,0,73,2,0,2,75
03/19/2020,GLH,MS,ASO,ES,Federal Contract Tower,0,4,1,4,9,0,0,9,0,9,0,4,10,4,18,0,40,40,58
03/20/2020,GLH,MS,ASO,ES,Federal Contract Tower,0,3,0,0,3,0,0,0,0,0,0,3,0,0,3,0,0,0,3
03/21/2020,GLH,MS,ASO,ES,Federal Contract Tower,0,5,3,0,8,0,0,6,0,6,0,5,9,0,14,4,0,4,18
03/22/2020,GLH,MS,ASO,ES,Federal Contract Tower,0,1,0,0,1,0,0,0,0,0,0,1,0,0,1,0,0,0,1
03/23/2020,GLH,MS,ASO,ES,Federal Contract Tower,0,4,0,0,4,0,0,0,0,0,0,4,0,0,4,0,0,0,4
03/24/2020,GLH,MS,ASO,ES,Federal Contract Tower,0,5,0,0,5,0,0,2,0,2,0,5,2,0,7,2,0,2,9
03/25/2020,GLH,MS,ASO,ES,Federal Contract Tower,0,4,1,0,5,0,0,12,0,12,0,4,13,0,17,2,0,2,19
03/26/2020,GLH,MS,ASO,ES,Federal Contract Tower,0,5,7,0,12,0,0,170,2,172,0,5,177,2,184,0,110,110,294
03/27/2020,GLH,MS,ASO,ES,Federal Contract Tower,0,5,1,5,11,0,3,122,2,127,0,8,123,7,138,0,128,128,266
03/28/2020,GLH,MS,ASO,ES,Federal Contract Tower,0,5,0,8,13,0,0,0,1,1,0,5,0,9,14,0,112,112,126
03/29/2020,GLH,MS,ASO,ES,Federal Contract Tower,0,3,2,0,5,0,0,6,0,6,0,3,8,0,11,2,0,2,13
03/30/2020,GLH,MS,ASO,ES,Federal Contract Tower,0,4,5,2,11,0,0,6,0,6,0,4,11,2,17,0,30,30,47
03/31/2020,GLH,MS,ASO,ES,Federal Contract Tower,0,3,2,0,5,0,0,0,0,0,0,3,2,0,5,0,0,0,5
04/01/2020,GLH,MS,ASO,ES,Federal Contract Tower,0,3,0,3,6,0,2,41,0,43,0,5,41,3,49,0,56,56,105
04/02/2020,GLH,MS,ASO,ES,Federal Contract Tower,0,6,0,8,14,0,0,10,2,12,0,6,10,10,26,2,176,178,204
04/03/2020,GLH,MS,ASO,ES,Federal Contract Tower,0,5,0,5,10,0,0,5,0,5,0,5,5,5,15,8,8,16,31
04/04/2020,GLH,MS,ASO,ES,Federal Contract Tower,0,1,0,0,1,0,0,0,0,0,0,1,0,0,1,0,0,0,1
04/05/2020,GLH,MS,ASO,ES,Federal Contract Tower,0,5,0,0,5,0,0,4,0,4,0,5,4,0,9,2,0,2,11
04/06/2020,GLH,MS,ASO,ES,Federal Contract Tower,0,5,4,4,13,0,0,0,0,0,0,5,4,4,13,0,60,60,73
04/07/2020,GLH,MS,ASO,ES,Federal Contract Tower,0,5,0,0,5,0,0,0,0,0,0,5,0,0,5,0,0,0,5
04/08/2020,GLH,MS,ASO,ES,Federal Contract Tower,0,5,2,0,7,0,0,0,0,0,0,5,2,0,7,0,0,0,7
04/09/2020,GLH,MS,ASO,ES,Federal Contract Tower,0,5,0,0,5,0,0,15,0,15,0,5,15,0,20,0,0,0,20
04/10/2020,GLH,MS,ASO,ES,Federal Contract Tower,0,4,0,4,8,0,0,77,0,77,0,4,77,4,85,8,56,64,149
04/11/2020,GLH,MS,ASO,ES,Federal Contract Tower,0,1,0,8,9,0,0,14,0,14,0,1,14,8,23,2,132,134,157
04/12/2020,GLH,MS,ASO,ES,Federal Contract Tower,0,1,0,0,1,0,0,0,0,0,0,1,0,0,1,0,0,0,1
04/13/2020,GLH,MS,ASO,ES,Federal Contract Tower,0,5,0,6,11,0,0,10,0,10,0,5,10,6,21,0,122,122,143
04/14/2020,GLH,MS,ASO,ES,Federal Contract Tower,0,5,1,6,12,0,0,0,0,0,0,5,1,6,12,0,126,126,138
04/15/2020,GLH,MS,ASO,ES,Federal Contract Tower,0,4,2,4,10,0,0,19,0,19,0,4,21,4,29,0,66,66,95
04/16/2020,GLH,MS,ASO,ES,Federal Contract Tower,0,4,0,0,4,0,0,2,13,15,0,4,2,13,19,0,0,0,19
04/17/2020,GLH,MS,ASO,ES,Federal Contract Tower,0,4,6,2,12,0,0,104,0,104,0,4,110,2,116,0,36,36,152
04/18/2020,GLH,MS,ASO,ES,Federal Contract Tower,1,0,2,0,3,0,0,6,0,6,1,0,8,0,9,0,30,30,39
04/19/2020,GLH,MS,ASO,ES,Federal Contract Tower,0,3,0,0,3,0,0,0,0,0,0,3,0,0,3,0,0,0,3
04/20/2020,GLH,MS,ASO,ES,Federal Contract Tower,0,5,0,4,9,0,0,16,0,16,0,5,16,4,25,0,86,86,111
04/21/2020,GLH,MS,ASO,ES,Federal Contract Tower,0,4,2,0,6,0,0,17,0,17,0,4,19,0,23,2,0,2,25
04/22/2020,GLH,MS,ASO,ES,Federal Contract Tower,0,3,0,0,3,0,2,0,0,2,0,5,0,0,5,0,0,0,5
04/23/2020,GLH,MS,ASO,ES,Federal Contract Tower,0,4,2,5,11,0,0,3,0,3,0,4,5,5,14,0,20,20,34
04/24/2020,GLH,MS,ASO,ES,Federal Contract Tower,0,5,0,4,9,0,0,13,0,13,0,5,13,4,22,6,80,86,108
04/25/2020,GLH,MS,ASO,ES,Federal Contract Tower,0,1,0,7,8,0,0,0,0,0,0,1,0,7,8,0,20,20,28
04/26/2020,GLH,MS,ASO,ES,Federal Contract Tower,0,5,2,0,7,0,0,10,2,12,0,5,12,2,19,0,0,0,19
04/27/2020,GLH,MS,ASO,ES,Federal Contract Tower,0,3,2,7,12,0,0,58,0,58,0,3,60,7,70,2,114,116,186
04/28/2020,GLH,MS,ASO,ES,Federal Contract Tower,0,5,0,0,5,0,0,10,0,10,0,5,10,0,15,0,0,0,15
04/29/2020,GLH,MS,ASO,ES,Federal Contract Tower,0,2,0,6,8,0,0,14,0,14,0,2,14,6,22,0,38,38,60
04/30/2020,GLH,MS,ASO,ES,Federal Contract Tower,0,5,0,0,5,0,0,7,0,7,0,5,7,0,12,0,0,0,12
05/01/2020,GLH,MS,ASO,ES,Federal Contract Tower,0,5,1,2,8,0,0,9,0,9,0,5,10,2,17,4,28,32,49
05/02/2020,GLH,MS,ASO,ES,Federal Contract Tower,0,2,0,0,2,0,1,11,0,12,0,3,11,0,14,0,0,0,14
05/03/2020,GLH,MS,ASO,ES,Federal Contract Tower,0,4,1,0,5,0,1,5,0,6,0,5,6,0,11,0,0,0,11
05/04/2020,GLH,MS,ASO,ES,Federal Contract Tower,0,4,0,5,9,0,0,0,3,3,0,4,0,8,12,0,84,84,96
05/05/2020,GLH,MS,ASO,ES,Federal Contract Tower,0,5,3,0,8,0,0,1,0,1,0,5,4,0,9,0,0,0,9
05/06/2020,GLH,MS,ASO,ES,Federal Contract Tower,0,3,0,2,5,0,1,5,0,6,0,4,5,2,11,2,28,30,41
05/07/2020,GLH,MS,ASO,ES,Federal Contract Tower,0,3,0,0,3,0,1,13,0,14,0,4,13,0,17,12,0,12,29
05/08/2020,GLH,MS,ASO,ES,Federal Contract Tower,0,4,1,3,8,0,0,0,0,0,0,4,1,3,8,0,20,20,28
05/09/2020,GLH,MS,ASO,ES,Federal Contract Tower,0,0,1,0,1,0,0,5,0,5,0,0,6,0,6,0,0,0,6
05/10/2020,GLH,MS,ASO,ES,Federal Contract Tower,0,4,1,0,5,0,8,0,0,8,0,12,1,0,13,2,0,2,15
05/11/2020,GLH,MS,ASO,ES,Federal Contract Tower,0,4,4,0,8,0,0,46,0,46,0,4,50,0,54,16,62,78,132
05/12/2020,GLH,MS,ASO,ES,Federal Contract Tower,0,7,4,5,16,0,0,14,0,14,0,7,18,5,30,6,78,84,114
05/13/2020,GLH,MS,ASO,ES,Federal Contract Tower,0,3,2,4,9,0,1,14,0,15,0,4,16,4,24,10,34,44,68
05/14/2020,GLH,MS,ASO,ES,Federal Contract Tower,0,5,5,1,11,0,0,14,0,14,0,5,19,1,25,0,2,2,27
05/15/2020,GLH,MS,ASO,ES,Federal Contract Tower,0,5,0,1,6,0,0,4,1,5,0,5,4,2,11,0,28,28,39
05/16/2020,GLH,MS,ASO,ES,Federal Contract Tower,0,0,2,0,2,0,0,2,0,2,0,0,4,0,4,0,0,0,4
05/17/2020,GLH,MS,ASO,ES,Federal Contract Tower,0,5,7,0,12,0,0,2,0,2,0,5,9,0,14,0,0,0,14
05/18/2020,GLH,MS,ASO,ES,Federal Contract Tower,0,5,3,16,24,0,0,18,0,18,0,5,21,16,42,164,0,164,206
05/19/2020,GLH,MS,ASO,ES,Federal Contract Tower,0,5,4,2,11,0,0,13,2,15,0,5,17,4,26,10,2,12,38
05/20/2020,GLH,MS,ASO,ES,Federal Contract Tower,0,4,0,4,8,0,0,40,0,40,0,4,40,4,48,4,68,72,120
05/21/2020,GLH,MS,ASO,ES,Federal Contract Tower,0,4,5,1,10,0,0,19,1,20,0,4,24,2,30,4,0,4,34
05/22/2020,GLH,MS,ASO,ES,Federal Contract Tower,0,5,4,0,9,0,0,20,0,20,0,5,24,0,29,2,0,2,31
05/23/2020,GLH,MS,ASO,ES,Federal Contract Tower,0,1,2,0,3,0,0,0,0,0,0,1,2,0,3,0,0,0,3
05/24/2020,GLH,MS,ASO,ES,Federal Contract Tower,0,4,0,0,4,0,0,0,0,0,0,4,0,0,4,0,0,0,4
05/25/2020,GLH,MS,ASO,ES,Federal Contract Tower,0,5,4,0,9,0,0,0,0,0,0,5,4,0,9,0,0,0,9
05/26/2020,GLH,MS,ASO,ES,Federal Contract Tower,0,5,2,0,7,0,0,2,0,2,0,5,4,0,9,2,0,2,11
05/27/2020,GLH,MS,ASO,ES,Federal Contract Tower,0,5,3,4,12,0,0,3,0,3,0,5,6,4,15,0,80,80,95
05/28/2020,GLH,MS,ASO,ES,Federal Contract Tower,0,4,3,7,14,0,0,4,0,4,0,4,7,7,18,0,50,50,68
05/29/2020,GLH,MS,ASO,ES,Federal Contract Tower,0,5,0,6,11,0,0,42,0,42,0,5,42,6,53,2,112,114,167
05/30/2020,GLH,MS,ASO,ES,Federal Contract Tower,0,0,0,0,0,0,0,15,0,15,0,0,15,0,15,2,0,2,17
05/31/2020,GLH,MS,ASO,ES,Federal Contract Tower,0,3,0,0,3,0,1,5,0,6,0,4,5,0,9,0,0,0,9
06/01/2020,GLH,MS,ASO,ES,Federal Contract Tower,0,5,0,4,9,0,0,62,0,62,0,5,62,4,71,2,52,54,125
06/02/2020,GLH,MS,ASO,ES,Federal Contract Tower,0,5,4,2,11,0,0,47,0,47,0,5,51,2,58,4,26,30,88
06/03/2020,GLH,MS,ASO,ES,Federal Contract Tower,0,5,1,5,11,0,0,35,1,36,0,5,36,6,47,4,96,100,147
06/04/2020,GLH,MS,ASO,ES,Federal Contract Tower,0,3,1,8,12,0,1,95,0,96,0,4,96,8,108,2,124,126,234
06/05/2020,GLH,MS,ASO,ES,Federal Contract Tower,0,5,3,4,12,0,0,56,0,56,0,5,59,4,68,2,58,60,128
06/06/2020,GLH,MS,ASO,ES,Federal Contract Tower,0,1,2,0,3,0,0,105,0,105,0,1,107,0,108,4,0,4,112
06/07/2020,GLH,MS,ASO,ES,Federal Contract Tower,0,5,5,0,10,0,0,4,0,4,0,5,9,0,14,2,0,2,16
06/08/2020,GLH,MS,ASO,ES,Federal Contract Tower,0,3,0,0,3,0,0,0,0,0,0,3,0,0,3,0,0,0,3
06/09/2020,GLH,MS,ASO,ES,Federal Contract Tower,0,5,0,4,9,0,0,4,0,4,0,5,4,4,13,0,74,74,87
06/10/2020,GLH,MS,ASO,ES,Federal Contract Tower,0,5,0,8,13,0,0,24,1,25,0,5,24,9,38,4,56,60,98
06/11/2020,GLH,MS,ASO,ES,Federal Contract Tower,0,5,0,3,8,0,0,27,3,30,0,5,27,6,38,14,58,72,110
06/12/2020,GLH,MS,ASO,ES,Federal Contract Tower,0,4,0,8,12,0,0,24,0,24,0,4,24,8,36,2,110,112,148
06/13/2020,GLH,MS,ASO,ES,Federal Contract Tower,0,5,0,0,5,0,0,20,2,22,0,5,20,2,27,0,2,2,29
06/14/2020,GLH,MS,ASO,ES,Federal Contract Tower,0,5,5,0,10,0,0,19,0,19,0,5,24,0,29,4,0,4,33
06/15/2020,GLH,MS,ASO,ES,Federal Contract Tower,0,5,3,3,11,0,0,85,1,86,0,5,88,4,97,6,38,44,141
06/16/2020,GLH,MS,ASO,ES,Federal Contract Tower,0,5,2,6,13,0,0,63,0,63,0,5,65,6,76,0,96,96,172
06/17/2020,GLH,MS,ASO,ES,Federal Contract Tower,0,3,4,2,9,0,0,11,1,12,0,3,15,3,21,6,32,38,59
06/18/2020,GLH,MS,ASO,ES,Federal Contract Tower,0,5,1,4,10,0,0,22,0,22,0,5,23,4,32,4,38,42,74
06/19/2020,GLH,MS,ASO,ES,Federal Contract Tower,0,4,0,2,6,0,1,12,0,13,0,5,12,2,19,6,42,48,67
06/20/2020,GLH,MS,ASO,ES,Federal Contract Tower,0,0,0,0,0,0,0,44,0,44,0,0,44,0,44,0,0,0,44
06/21/2020,GLH,MS,ASO,ES,Federal Contract Tower,0,2,0,0,2,0,0,0,0,0,0,2,0,0,2,0,0,0,2
06/22/2020,GLH,MS,ASO,ES,Federal Contract Tower,0,7,1,0,8,0,0,0,0,0,0,7,1,0,8,0,0,0,8
06/23/2020,GLH,MS,ASO,ES,Federal Contract Tower,0,3,1,0,4,0,1,1,2,4,0,4,2,2,8,0,2,2,10
06/24/2020,GLH,MS,ASO,ES,Federal Contract Tower,0,3,0,0,3,0,0,32,0,32,0,3,32,0,35,0,0,0,35
06/25/2020,GLH,MS,ASO,ES,Federal Contract Tower,0,5,0,3,8,0,0,0,0,0,0,5,0,3,8,0,10,10,18
06/26/2020,GLH,MS,ASO,ES,Federal Contract Tower,0,4,3,0,7,0,0,3,0,3,0,4,6,0,10,0,0,0,10
06/27/2020,GLH,MS,ASO,ES,Federal Contract Tower,0,0,0,1,1,0,0,112,0,112,0,0,112,1,113,6,2,8,121
06/28/2020,GLH,MS,ASO,ES,Federal Contract Tower,0,5,0,0,5,0,0,0,0,0,0,5,0,0,5,2,0,2,7
06/29/2020,GLH,MS,ASO,ES,Federal Contract Tower,0,5,0,4,9,0,0,20,0,20,0,5,20,4,29,0,64,64,93
06/30/2020,GLH,MS,ASO,ES,Federal Contract Tower,0,6,2,6,14,0,0,20,0,20,0,6,22,6,34,0,84,84,118
07/01/2020,GLH,MS,ASO,ES,Federal Contract Tower,0,3,4,10,17,0,0,10,0,10,0,3,14,10,27,12,32,44,71
07/02/2020,GLH,MS,ASO,ES,Federal Contract Tower,0,3,5,2,10,0,0,5,0,5,0,3,10,2,15,0,18,18,33
07/03/2020,GLH,MS,ASO,ES,Federal Contract Tower,0,4,0,0,4,0,0,0,0,0,0,4,0,0,4,6,0,6,10
07/04/2020,GLH,MS,ASO,ES,Federal Contract Tower,0,1,0,0,1,0,0,28,17,45,0,1,28,17,46,6,2,8,54
07/05/2020,GLH,MS,ASO,ES,Federal Contract Tower,0,4,0,0,4,0,0,10,0,10,0,4,10,0,14,0,0,0,14
07/06/2020,GLH,MS,ASO,ES,Federal Contract Tower,0,3,3,4,10,0,0,23,0,23,0,3,26,4,33,0,0,0,33
07/07/2020,GLH,MS,ASO,ES,Federal Contract Tower,0,6,2,2,10,0,0,2,1,3,0,6,4,3,13,0,16,16,29
07/08/2020,GLH,MS,ASO,ES,Federal Contract Tower,0,4,1,0,5,0,0,4,0,4,0,4,5,0,9,0,0,0,9
07/09/2020,GLH,MS,ASO,ES,Federal Contract Tower,0,4,2,0,6,0,0,8,0,8,0,4,10,0,14,0,0,0,14
07/10/2020,GLH,MS,ASO,ES,Federal Contract Tower,0,5,3,6,14,0,0,7,0,7,0,5,10,6,21,0,38,38,59
07/11/2020,GLH,MS,ASO,ES,Federal Contract Tower,0,1,1,0,2,0,0,232,0,232,0,1,233,0,234,2,0,2,236
07/12/2020,GLH,MS,ASO,ES,Federal Contract Tower,0,3,0,0,3,0,1,2,0,3,0,4,2,0,6,2,0,2,8
07/13/2020,GLH,MS,ASO,ES,Federal Contract Tower,0,3,1,6,10,0,0,96,0,96,0,3,97,6,106,0,6,6,112
07/14/2020,GLH,MS,ASO,ES,Federal Contract Tower,0,4,2,0,6,0,0,48,0,48,0,4,50,0,54,0,0,0,54
07/15/2020,GLH,MS,ASO,ES,Federal Contract Tower,0,3,3,0,6,0,0,35,0,35,0,3,38,0,41,14,0,14,55
07/16/2020,GLH,MS,ASO,ES,Federal Contract Tower,0,4,1,5,10,0,0,54,0,54,0,4,55,5,64,14,24,38,102
07/17/2020,GLH,MS,ASO,ES,Federal Contract Tower,0,0,5,0,5,0,0,14,0,14,0,0,19,0,19,2,0,2,21
07/18/2020,GLH,MS,ASO,ES,Federal Contract Tower,0,3,1,0,4,0,1,11,0,12,0,4,12,0,16,2,0,2,18
07/19/2020,GLH,MS,ASO,ES,Federal Contract Tower,0,5,1,0,6,0,0,6,0,6,0,5,7,0,12,0,0,0,12
07/20/2020,GLH,MS,ASO,ES,Federal Contract Tower,0,5,2,2,9,0,0,51,0,51,0,5,53,2,60,4,2,6,66
07/21/2020,GLH,MS,ASO,ES,Federal Contract Tower,0,3,2,5,10,0,0,27,0,27,0,3,29,5,37,8,18,26,63
07/22/2020,GLH,MS,ASO,ES,Federal Contract Tower,0,4,2,2,8,0,1,89,0,90,0,5,91,2,98,6,2,8,106
07/23/2020,GLH,MS,ASO,ES,Federal Contract Tower,0,5,0,4,9,0,0,30,0,30,0,5,30,4,39,12,6,18,57
07/24/2020,GLH,MS,ASO,ES,Federal Contract Tower,0,5,2,6,13,0,0,39,0,39,0,5,41,6,52,44,10,54,106
07/25/2020,GLH,MS,ASO,ES,Federal Contract Tower,0,2,2,0,4,0,0,8,0,8,0,2,10,0,12,2,0,2,14
07/26/2020,GLH,MS,ASO,ES,Federal Contract Tower,0,5,3,0,8,0,0,20,0,20,0,5,23,0,28,0,0,0,28
07/27/2020,GLH,MS,ASO,ES,Federal Contract Tower,0,5,4,3,12,0,0,77,0,77,0,5,81,3,89,0,4,4,93
07/28/2020,GLH,MS,ASO,ES,Federal Contract Tower,0,4,0,3,7,0,0,60,0,60,0,4,60,3,67,4,4,8,75
07/29/2020,GLH,MS,ASO,ES,Federal Contract Tower,0,2,4,3,9,0,0,120,1,121,0,2,124,4,130,2,22,24,154
07/30/2020,GLH,MS,ASO,ES,Federal Contract Tower,0,4,2,0,6,0,0,46,0,46,0,4,48,0,52,2,0,2,54
07/31/2020,GLH,MS,ASO,ES,Federal Contract Tower,0,2,0,0,2,0,0,2,0,2,0,2,2,0,4,0,0,0,4
08/01/2020,GLH,MS,ASO,ES,Federal Contract Tower,0,2,4,0,6,0,1,8,0,9,0,3,12,0,15,0,0,0,15
08/02/2020,GLH,MS,ASO,ES,Federal Contract Tower,0,0,0,0,0,0,0,8,0,8,0,0,8,0,8,0,0,0,8
08/03/2020,GLH,MS,ASO,ES,Federal Contract Tower,0,3,2,0,5,0,0,16,0,16,0,3,18,0,21,6,0,6,27
08/04/2020,GLH,MS,ASO,ES,Federal Contract Tower,0,2,1,0,3,0,0,60,0,60,0,2,61,0,63,10,0,10,73
08/05/2020,GLH,MS,ASO,ES,Federal Contract Tower,0,4,0,2,6,0,0,67,0,67,0,4,67,2,73,4,14,18,91
08/06/2020,GLH,MS,ASO,ES,Federal Contract Tower,0,5,1,0,6,0,0,36,0,36,0,5,37,0,42,12,0,12,54
08/07/2020,GLH,MS,ASO,ES,Federal Contract Tower,0,4,3,3,10,0,0,18,2,20,0,4,21,5,30,4,14,18,48
08/08/2020,GLH,MS,ASO,ES,Federal Contract Tower,0,0,0,0,0,0,0,8,0,8,0,0,8,0,8,0,0,0,8
08/09/2020,GLH,MS,ASO,ES,Federal Contract Tower,0,4,2,0,6,0,2,22,0,24,0,6,24,0,30,10,0,10,40
08/10/2020,GLH,MS,ASO,ES,Federal Contract Tower,0,6,1,1,8,0,2,18,2,22,0,8,19,3,30,12,0,12,42
08/11/2020,GLH,MS,ASO,ES,Federal Contract Tower,0,4,2,4,10,0,4,27,0,31,0,8,29,4,41,22,2,24,65
08/12/2020,GLH,MS,ASO,ES,Federal Contract Tower,0,4,5,0,9,0,0,13,0,13,0,4,18,0,22,0,0,0,22
08/13/2020,GLH,MS,ASO,ES,Federal Contract Tower,0,5,1,0,6,0,0,16,0,16,0,5,17,0,22,8,0,8,30
08/14/2020,GLH,MS,ASO,ES,Federal Contract Tower,0,5,1,0,6,0,0,5,0,5,0,5,6,0,11,0,0,0,11
08/15/2020,GLH,MS,ASO,ES,Federal Contract Tower,0,1,3,0,4,0,0,7,0,7,0,1,10,0,11,4,0,4,15
08/16/2020,GLH,MS,ASO,ES,Federal Contract Tower,0,5,1,0,6,0,0,6,0,6,0,5,7,0,12,0,0,0,12
08/17/2020,GLH,MS,ASO,ES,Federal Contract Tower,0,6,0,0,6,0,4,11,0,15,0,10,11,0,21,10,0,10,31
08/18/2020,GLH,MS,ASO,ES,Federal Contract Tower,0,4,0,2,6,0,2,32,2,36,0,6,32,4,42,16,2,18,60
08/20/2020,GLH,MS,ASO,ES,Federal Contract Tower,0,5,4,0,9,0,0,22,0,22,0,5,26,0,31,10,0,10,41
08/21/2020,GLH,MS,ASO,ES,Federal Contract Tower,0,5,0,0,5,0,0,2,0,2,0,5,2,0,7,0,0,0,7
08/22/2020,GLH,MS,ASO,ES,Federal Contract Tower,0,0,2,1,3,0,0,24,1,25,0,0,26,2,28,8,8,16,44
08/23/2020,GLH,MS,ASO,ES,Federal Contract Tower,0,5,3,0,8,0,2,14,0,16,0,7,17,0,24,0,0,0,24
08/24/2020,GLH,MS,ASO,ES,Federal Contract Tower,0,4,0,2,6,0,0,35,2,37,0,4,35,4,43,8,16,24,67
08/25/2020,GLH,MS,ASO,ES,Federal Contract Tower,0,4,1,2,7,0,0,11,18,29,0,4,12,20,36,0,0,0,36
08/26/2020,GLH,MS,ASO,ES,Federal Contract Tower,0,4,0,4,8,0,0,29,1,30,0,4,29,5,38,0,68,68,106
08/27/2020,GLH,MS,ASO,ES,Federal Contract Tower,0,0,0,0,0,0,0,0,0,0,0,0,0,0,0,0,0,0,0
08/28/2020,GLH,MS,ASO,ES,Federal Contract Tower,0,5,4,0,9,0,0,4,0,4,0,5,8,0,13,12,0,12,25
08/29/2020,GLH,MS,ASO,ES,Federal Contract Tower,0,1,0,0,1,0,0,8,0,8,0,1,8,0,9,8,0,8,17
08/30/2020,GLH,MS,ASO,ES,Federal Contract Tower,0,5,2,0,7,0,0,4,2,6,0,5,6,2,13,2,0,2,15
08/31/2020,GLH,MS,ASO,ES,Federal Contract Tower,0,5,0,0,5,0,8,6,6,20,0,13,6,6,25,4,0,4,29
09/01/2020,GLH,MS,ASO,ES,Federal Contract Tower,0,2,3,2,7,0,0,13,0,13,0,2,16,2,20,4,14,18,38
09/02/2020,GLH,MS,ASO,ES,Federal Contract Tower,0,5,4,0,9,0,0,38,0,38,0,5,42,0,47,22,0,22,69
09/03/2020,GLH,MS,ASO,ES,Federal Contract Tower,0,4,0,2,6,0,0,50,0,50,0,4,50,2,56,16,0,16,72
09/04/2020,GLH,MS,ASO,ES,Federal Contract Tower,0,5,4,0,9,0,0,39,0,39,0,5,43,0,48,40,0,40,88
09/05/2020,GLH,MS,ASO,ES,Federal Contract Tower,0,0,1,0,1,0,0,20,0,20,0,0,21,0,21,4,0,4,25
09/06/2020,GLH,MS,ASO,ES,Federal Contract Tower,0,3,2,0,5,0,0,11,0,11,0,3,13,0,16,8,0,8,24
09/07/2020,GLH,MS,ASO,ES,Federal Contract Tower,0,5,2,0,7,0,0,18,0,18,0,5,20,0,25,0,0,0,25
09/08/2020,GLH,MS,ASO,ES,Federal Contract Tower,0,4,0,2,6,0,0,32,0,32,0,4,32,2,38,2,6,8,46
09/09/2020,GLH,MS,ASO,ES,Federal Contract Tower,0,2,4,4,10,0,0,28,2,30,0,2,32,6,40,24,2,26,66
09/10/2020,GLH,MS,ASO,ES,Federal Contract Tower,0,5,5,0,10,0,0,39,0,39,0,5,44,0,49,8,0,8,57
09/11/2020,GLH,MS,ASO,ES,Federal Contract Tower,0,5,4,8,17,0,0,19,4,23,0,5,23,12,40,10,10,20,60
09/12/2020,GLH,MS,ASO,ES,Federal Contract Tower,0,0,3,0,3,0,0,5,0,5,0,0,8,0,8,0,0,0,8
09/13/2020,GLH,MS,ASO,ES,Federal Contract Tower,0,5,4,0,9,0,0,12,0,12,0,5,16,0,21,0,0,0,21
09/14/2020,GLH,MS,ASO,ES,Federal Contract Tower,0,5,5,0,10,0,0,23,0,23,0,5,28,0,33,10,0,10,43
09/15/2020,GLH,MS,ASO,ES,Federal Contract Tower,0,4,0,5,9,0,0,65,2,67,0,4,65,7,76,18,36,54,130
09/16/2020,GLH,MS,ASO,ES,Federal Contract Tower,0,5,0,0,5,0,0,56,0,56,0,5,56,0,61,0,0,0,61
09/17/2020,GLH,MS,ASO,ES,Federal Contract Tower,0,5,0,3,8,0,0,34,0,34,0,5,34,3,42,6,12,18,60
09/18/2020,GLH,MS,ASO,ES,Federal Contract Tower,0,4,2,5,11,0,1,60,2,63,0,5,62,7,74,62,8,70,144
09/19/2020,GLH,MS,ASO,ES,Federal Contract Tower,0,1,3,0,4,0,0,8,0,8,0,1,11,0,12,2,0,2,14
09/20/2020,GLH,MS,ASO,ES,Federal Contract Tower,0,5,0,0,5,0,2,14,0,16,0,7,14,0,21,0,0,0,21
09/21/2020,GLH,MS,ASO,ES,Federal Contract Tower,0,5,3,2,10,0,0,44,0,44,0,5,47,2,54,0,0,0,54
09/22/2020,GLH,MS,ASO,ES,Federal Contract Tower,0,4,0,2,6,0,2,8,0,10,0,6,8,2,16,0,30,30,46
09/23/2020,GLH,MS,ASO,ES,Federal Contract Tower,0,5,4,0,9,0,0,0,0,0,0,5,4,0,9,0,0,0,9
09/24/2020,GLH,MS,ASO,ES,Federal Contract Tower,0,5,1,0,6,0,0,0,0,0,0,5,1,0,6,2,0,2,8
09/25/2020,GLH,MS,ASO,ES,Federal Contract Tower,0,5,5,5,15,0,0,24,0,24,0,5,29,5,39,32,6,38,77
09/26/2020,GLH,MS,ASO,ES,Federal Contract Tower,0,1,4,0,5,0,0,122,0,122,0,1,126,0,127,6,0,6,133
09/27/2020,GLH,MS,ASO,ES,Federal Contract Tower,0,4,0,2,6,0,2,14,4,20,0,6,14,6,26,0,0,0,26
09/28/2020,GLH,MS,ASO,ES,Federal Contract Tower,0,4,0,4,8,0,0,18,0,18,0,4,18,4,26,0,54,54,80
09/29/2020,GLH,MS,ASO,ES,Federal Contract Tower,0,4,2,0,6,0,0,39,0,39,0,4,41,0,45,14,12,26,71
09/30/2020,GLH,MS,ASO,ES,Federal Contract Tower,0,5,3,0,8,0,0,44,0,44,0,5,47,0,52,2,12,14,66
10/01/2020,GLH,MS,ASO,ES,Federal Contract Tower,0,4,2,3,9,0,0,44,1,45,0,4,46,4,54,20,34,54,108
10/02/2020,GLH,MS,ASO,ES,Federal Contract Tower,0,3,4,2,9,0,0,1,60,61,0,3,5,62,70,16,0,16,86
10/03/2020,GLH,MS,ASO,ES,Federal Contract Tower,0,0,0,0,0,0,0,12,0,12,0,0,12,0,12,2,0,2,14
10/04/2020,GLH,MS,ASO,ES,Federal Contract Tower,0,5,0,0,5,0,2,8,0,10,0,7,8,0,15,0,0,0,15
10/05/2020,GLH,MS,ASO,ES,Federal Contract Tower,0,4,2,8,14,0,0,34,0,34,0,4,36,8,48,12,88,100,148
10/06/2020,GLH,MS,ASO,ES,Federal Contract Tower,0,4,2,4,10,0,0,30,0,30,0,4,32,4,40,22,74,96,136
10/07/2020,GLH,MS,ASO,ES,Federal Contract Tower,0,5,5,6,16,0,2,24,3,29,0,7,29,9,45,8,112,120,165
10/08/2020,GLH,MS,ASO,ES,Federal Contract Tower,0,5,0,0,5,0,0,17,0,17,0,5,17,0,22,10,0,10,32
10/09/2020,GLH,MS,ASO,ES,Federal Contract Tower,0,0,4,0,4,0,0,0,0,0,0,0,4,0,4,0,0,0,4
10/10/2020,GLH,MS,ASO,ES,Federal Contract Tower,0,1,0,0,1,0,0,0,0,0,0,1,0,0,1,0,0,0,1
10/11/2020,GLH,MS,ASO,ES,Federal Contract Tower,0,4,0,0,4,0,0,2,0,2,0,4,2,0,6,0,0,0,6
10/12/2020,GLH,MS,ASO,ES,Federal Contract Tower,0,5,3,0,8,0,0,11,0,11,0,5,14,0,19,0,0,0,19
10/13/2020,GLH,MS,ASO,ES,Federal Contract Tower,0,4,2,3,9,0,0,30,1,31,0,4,32,4,40,16,36,52,92
10/14/2020,GLH,MS,ASO,ES,Federal Contract Tower,0,5,8,1,14,0,0,27,3,30,0,5,35,4,44,18,12,30,74
10/15/2020,GLH,MS,ASO,ES,Federal Contract Tower,0,5,3,4,12,0,0,10,0,10,0,5,13,4,22,10,68,78,100
10/16/2020,GLH,MS,ASO,ES,Federal Contract Tower,0,5,0,8,13,0,0,10,0,10,0,5,10,8,23,12,70,82,105
10/17/2020,GLH,MS,ASO,ES,Federal Contract Tower,0,0,1,0,1,0,0,9,0,9,0,0,10,0,10,0,0,0,10
10/18/2020,GLH,MS,ASO,ES,Federal Contract Tower,0,5,1,0,6,0,0,8,0,8,0,5,9,0,14,0,0,0,14
10/19/2020,GLH,MS,ASO,ES,Federal Contract Tower,0,5,1,3,9,0,0,28,0,28,0,5,29,3,37,0,34,34,71
10/20/2020,GLH,MS,ASO,ES,Federal Contract Tower,0,4,1,9,14,0,0,18,0,18,0,4,19,9,32,12,92,104,136
10/21/2020,GLH,MS,ASO,ES,Federal Contract Tower,0,4,5,2,11,0,4,7,0,11,0,8,12,2,22,4,32,36,58
10/22/2020,GLH,MS,ASO,ES,Federal Contract Tower,0,5,2,7,14,0,2,16,0,18,0,7,18,7,32,20,62,82,114
10/23/2020,GLH,MS,ASO,ES,Federal Contract Tower,0,4,4,4,12,0,0,2,0,2,0,4,6,4,14,0,38,38,52
10/24/2020,GLH,MS,ASO,ES,Federal Contract Tower,0,0,0,0,0,0,0,0,0,0,0,0,0,0,0,0,0,0,0
10/25/2020,GLH,MS,ASO,ES,Federal Contract Tower,0,5,2,0,7,0,0,3,0,3,0,5,5,0,10,0,0,0,10
10/26/2020,GLH,MS,ASO,ES,Federal Contract Tower,0,1,1,4,6,0,2,10,0,12,0,3,11,4,18,0,40,40,58
10/27/2020,GLH,MS,ASO,ES,Federal Contract Tower,0,4,4,0,8,0,0,0,0,0,0,4,4,0,8,0,0,0,8
10/28/2020,GLH,MS,ASO,ES,Federal Contract Tower,0,5,0,0,5,0,0,0,0,0,0,5,0,0,5,0,0,0,5
10/29/2020,GLH,MS,ASO,ES,Federal Contract Tower,0,5,2,6,13,0,0,6,0,6,0,5,8,6,19,22,0,22,41
10/30/2020,GLH,MS,ASO,ES,Federal Contract Tower,0,5,5,10,20,0,0,25,0,25,0,5,30,10,45,22,60,82,127
10/31/2020,GLH,MS,ASO,ES,Federal Contract Tower,0,4,4,0,8,0,0,13,0,13,0,4,17,0,21,6,0,6,27
11/01/2020,GLH,MS,ASO,ES,Federal Contract Tower,0,6,1,0,7,0,0,10,0,10,0,6,11,0,17,0,0,0,17
11/02/2020,GLH,MS,ASO,ES,Federal Contract Tower,0,3,0,10,13,0,2,16,3,21,0,5,16,13,34,6,118,124,158
11/03/2020,GLH,MS,ASO,ES,Federal Contract Tower,0,4,0,2,6,0,0,26,4,30,0,4,26,6,36,24,38,62,98
11/04/2020,GLH,MS,ASO,ES,Federal Contract Tower,0,4,4,7,15,0,0,21,9,30,0,4,25,16,45,33,96,129,174
11/05/2020,GLH,MS,ASO,ES,Federal Contract Tower,0,4,6,5,15,0,0,25,0,25,0,4,31,5,40,22,66,88,128
11/06/2020,GLH,MS,ASO,ES,Federal Contract Tower,0,5,1,0,6,0,0,25,0,25,0,5,26,0,31,18,0,18,49
11/07/2020,GLH,MS,ASO,ES,Federal Contract Tower,0,1,2,0,3,0,0,15,0,15,0,1,17,0,18,6,0,6,24
11/08/2020,GLH,MS,ASO,ES,Federal Contract Tower,0,5,0,4,9,0,0,14,0,14,0,5,14,4,23,0,0,0,23
11/09/2020,GLH,MS,ASO,ES,Federal Contract Tower,0,5,0,0,5,0,0,0,0,0,0,5,0,0,5,0,0,0,5
11/10/2020,GLH,MS,ASO,ES,Federal Contract Tower,0,4,8,11,23,0,0,32,1,33,0,4,40,12,56,20,112,132,188
11/11/2020,GLH,MS,ASO,ES,Federal Contract Tower,0,3,2,2,7,0,0,37,2,39,0,3,39,4,46,38,26,64,110
11/12/2020,GLH,MS,ASO,ES,Federal Contract Tower,0,5,4,4,13,0,0,14,0,14,0,5,18,4,27,12,46,58,85
11/13/2020,GLH,MS,ASO,ES,Federal Contract Tower,0,3,7,8,18,0,1,11,2,14,0,4,18,10,32,10,110,120,152
11/14/2020,GLH,MS,ASO,ES,Federal Contract Tower,0,0,2,0,2,0,0,5,0,5,0,0,7,0,7,0,0,0,7
11/15/2020,GLH,MS,ASO,ES,Federal Contract Tower,0,5,1,0,6,0,0,11,0,11,0,5,12,0,17,0,0,0,17
11/16/2020,GLH,MS,ASO,ES,Federal Contract Tower,0,4,0,7,11,0,0,12,0,12,0,4,12,7,23,17,50,67,90
11/17/2020,GLH,MS,ASO,ES,Federal Contract Tower,0,4,2,3,9,0,0,12,1,13,0,4,14,4,22,2,8,10,32
11/18/2020,GLH,MS,ASO,ES,Federal Contract Tower,0,5,1,2,8,0,0,28,0,28,0,5,29,2,36,22,38,60,96
11/19/2020,GLH,MS,ASO,ES,Federal Contract Tower,0,5,6,1,12,0,2,7,1,10,0,7,13,2,22,10,34,44,66
11/20/2020,GLH,MS,ASO,ES,Federal Contract Tower,0,4,4,5,13,0,1,8,4,13,0,5,12,9,26,2,92,94,120
11/21/2020,GLH,MS,ASO,ES,Federal Contract Tower,0,1,0,2,3,0,0,19,0,19,0,1,19,2,22,16,70,86,108
11/22/2020,GLH,MS,ASO,ES,Federal Contract Tower,0,5,2,2,9,0,0,6,0,6,0,5,8,2,15,0,18,18,33
11/23/2020,GLH,MS,ASO,ES,Federal Contract Tower,0,5,3,2,10,0,0,26,0,26,0,5,29,2,36,16,50,66,102
11/24/2020,GLH,MS,ASO,ES,Federal Contract Tower,0,5,4,2,11,0,0,25,0,25,0,5,29,2,36,22,46,68,104
11/25/2020,GLH,MS,ASO,ES,Federal Contract Tower,0,1,3,0,4,0,0,8,0,8,0,1,11,0,12,8,0,8,20
11/26/2020,GLH,MS,ASO,ES,Federal Contract Tower,0,0,0,0,0,0,2,1,0,3,0,2,1,0,3,0,0,0,3
11/27/2020,GLH,MS,ASO,ES,Federal Contract Tower,0,4,2,0,6,0,0,4,0,4,0,4,6,0,10,0,0,0,10
11/28/2020,GLH,MS,ASO,ES,Federal Contract Tower,0,5,1,0,6,0,0,6,0,6,0,5,7,0,12,0,0,0,12
11/29/2020,GLH,MS,ASO,ES,Federal Contract Tower,0,4,2,0,6,0,0,0,0,0,0,4,2,0,6,0,0,0,6
11/30/2020,GLH,MS,ASO,ES,Federal Contract Tower,0,2,1,1,4,0,0,8,4,12,0,2,9,5,16,0,6,6,22
12/01/2020,GLH,MS,ASO,ES,Federal Contract Tower,0,4,2,3,9,0,4,43,1,48,0,8,45,4,57,6,32,38,95
12/02/2020,GLH,MS,ASO,ES,Federal Contract Tower,0,5,0,2,7,0,0,10,0,10,0,5,10,2,17,2,8,10,27
12/03/2020,GLH,MS,ASO,ES,Federal Contract Tower,0,5,2,0,7,0,0,0,0,0,0,5,2,0,7,0,0,0,7
12/04/2020,GLH,MS,ASO,ES,Federal Contract Tower,0,5,0,2,7,0,0,16,0,16,0,5,16,2,23,10,4,14,37
12/05/2020,GLH,MS,ASO,ES,Federal Contract Tower,0,1,1,1,3,0,0,23,1,24,0,1,24,2,27,20,44,64,91
12/06/2020,GLH,MS,ASO,ES,Federal Contract Tower,0,5,0,0,5,0,0,60,14,74,0,5,60,14,79,0,0,0,79
12/07/2020,GLH,MS,ASO,ES,Federal Contract Tower,0,2,0,4,6,0,0,27,2,29,0,2,27,6,35,26,86,112,147
12/08/2020,GLH,MS,ASO,ES,Federal Contract Tower,0,4,0,2,6,0,2,18,2,22,0,6,18,4,28,2,48,50,78
12/09/2020,GLH,MS,ASO,ES,Federal Contract Tower,0,5,2,5,12,0,0,64,1,65,0,5,66,6,77,16,90,106,183
12/10/2020,GLH,MS,ASO,ES,Federal Contract Tower,0,4,3,5,12,0,0,37,0,37,0,4,40,5,49,46,58,104,153
12/11/2020,GLH,MS,ASO,ES,Federal Contract Tower,0,4,2,6,12,0,0,12,0,12,0,4,14,6,24,6,66,72,96
12/12/2020,GLH,MS,ASO,ES,Federal Contract Tower,0,1,2,0,3,0,0,13,0,13,0,1,15,0,16,2,0,2,18
12/13/2020,GLH,MS,ASO,ES,Federal Contract Tower,0,5,1,0,6,0,0,0,0,0,0,5,1,0,6,0,0,0,6
12/14/2020,GLH,MS,ASO,ES,Federal Contract Tower,0,5,6,9,20,0,0,2,0,2,0,5,8,9,22,2,64,66,88
12/15/2020,GLH,MS,ASO,ES,Federal Contract Tower,0,4,6,0,10,0,0,13,0,13,0,4,19,0,23,0,0,0,23
12/16/2020,GLH,MS,ASO,ES,Federal Contract Tower,0,6,1,15,22,0,2,8,2,12,0,8,9,17,34,0,150,150,184
12/17/2020,GLH,MS,ASO,ES,Federal Contract Tower,0,5,2,2,9,0,0,8,4,12,0,5,10,6,21,2,22,24,45
12/18/2020,GLH,MS,ASO,ES,Federal Contract Tower,0,5,2,2,9,0,0,12,0,12,0,5,14,2,21,2,10,12,33
12/19/2020,GLH,MS,ASO,ES,Federal Contract Tower,1,0,0,0,1,0,0,0,0,0,1,0,0,0,1,0,0,0,1
12/20/2020,GLH,MS,ASO,ES,Federal Contract Tower,0,5,1,0,6,0,0,4,0,4,0,5,5,0,10,0,0,0,10
12/21/2020,GLH,MS,ASO,ES,Federal Contract Tower,0,4,1,7,12,0,1,14,0,15,0,5,15,7,27,0,74,74,101
12/22/2020,GLH,MS,ASO,ES,Federal Contract Tower,0,5,1,5,11,0,0,3,0,3,0,5,4,5,14,0,70,70,84
12/23/2020,GLH,MS,ASO,ES,Federal Contract Tower,0,5,0,2,7,0,0,7,0,7,0,5,7,2,14,0,2,2,16
12/24/2020,GLH,MS,ASO,ES,Federal Contract Tower,0,4,1,0,5,0,1,0,0,1,0,5,1,0,6,0,0,0,6
12/25/2020,GLH,MS,ASO,ES,Federal Contract Tower,0,0,0,0,0,0,0,1,0,1,0,0,1,0,1,0,0,0,1
12/26/2020,GLH,MS,ASO,ES,Federal Contract Tower,0,3,3,0,6,0,0,11,0,11,0,3,14,0,17,0,0,0,17
12/27/2020,GLH,MS,ASO,ES,Federal Contract Tower,0,5,0,0,5,0,0,4,0,4,0,5,4,0,9,0,0,0,9
12/28/2020,GLH,MS,ASO,ES,Federal Contract Tower,0,7,1,0,8,0,1,7,0,8,0,8,8,0,16,0,0,0,16
12/29/2020,GLH,MS,ASO,ES,Federal Contract Tower,0,5,4,0,9,0,0,8,0,8,0,5,12,0,17,0,0,0,17
12/30/2020,GLH,MS,ASO,ES,Federal Contract Tower,0,5,3,0,8,0,0,4,0,4,0,5,7,0,12,0,0,0,12
12/31/2020,GLH,MS,ASO,ES,Federal Contract Tower,0,5,0,0,5,0,0,0,0,0,0,5,0,0,5,0,0,0,5
01/01/2021,GLH,MS,ASO,ES,Federal Contract Tower,0,0,2,0,2,0,0,2,0,2,0,0,4,0,4,0,0,0,4
01/03/2021,GLH,MS,ASO,ES,Federal Contract Tower,0,4,2,0,6,0,1,22,0,23,0,5,24,0,29,0,0,0,29
01/04/2021,GLH,MS,ASO,ES,Federal Contract Tower,0,5,2,0,7,0,0,10,0,10,0,5,12,0,17,2,0,2,19
01/05/2021,GLH,MS,ASO,ES,Federal Contract Tower,0,4,0,0,4,0,0,6,2,8,0,4,6,2,12,0,26,26,38
01/07/2021,GLH,MS,ASO,ES,Federal Contract Tower,0,5,0,0,5,0,0,0,0,0,0,5,0,0,5,0,0,0,5
01/08/2021,GLH,MS,ASO,ES,Federal Contract Tower,0,5,5,9,19,0,0,12,0,12,0,5,17,9,31,4,54,58,89
01/09/2021,GLH,MS,ASO,ES,Federal Contract Tower,0,0,0,0,0,0,0,6,2,8,0,0,6,2,8,4,0,4,12
01/10/2021,GLH,MS,ASO,ES,Federal Contract Tower,0,5,3,0,8,0,0,4,0,4,0,5,7,0,12,0,0,0,12
01/11/2021,GLH,MS,ASO,ES,Federal Contract Tower,0,5,0,0,5,0,0,2,0,2,0,5,2,0,7,0,0,0,7
01/12/2021,GLH,MS,ASO,ES,Federal Contract Tower,0,7,1,3,11,0,0,8,5,13,0,7,9,8,24,0,46,46,70
01/13/2021,GLH,MS,ASO,ES,Federal Contract Tower,0,6,1,1,8,0,0,30,0,30,0,6,31,1,38,4,14,18,56
01/14/2021,GLH,MS,ASO,ES,Federal Contract Tower,0,4,4,4,12,0,2,6,2,10,0,6,10,6,22,2,48,50,72
01/15/2021,GLH,MS,ASO,ES,Federal Contract Tower,0,5,3,6,14,0,0,2,0,2,0,5,5,6,16,0,44,44,60
01/16/2021,GLH,MS,ASO,ES,Federal Contract Tower,0,0,0,0,0,0,0,0,0,0,0,0,0,0,0,0,0,0,0
01/17/2021,GLH,MS,ASO,ES,Federal Contract Tower,0,7,0,0,7,0,4,28,0,32,0,11,28,0,39,0,0,0,39
01/18/2021,GLH,MS,ASO,ES,Federal Contract Tower,0,5,5,0,10,0,0,11,0,11,0,5,16,0,21,8,0,8,29
01/19/2021,GLH,MS,ASO,ES,Federal Contract Tower,0,4,4,0,8,0,0,6,0,6,0,4,10,0,14,0,0,0,14
01/20/2021,GLH,MS,ASO,ES,Federal Contract Tower,0,5,2,5,12,0,0,18,1,19,0,5,20,6,31,24,32,56,87
01/21/2021,GLH,MS,ASO,ES,Federal Contract Tower,0,4,0,2,6,0,0,0,0,0,0,4,0,2,6,0,4,4,10
01/22/2021,GLH,MS,ASO,ES,Federal Contract Tower,0,5,6,0,11,0,0,11,0,11,0,5,17,0,22,4,0,4,26
01/23/2021,GLH,MS,ASO,ES,Federal Contract Tower,0,1,1,6,8,0,0,8,0,8,0,1,9,6,16,0,0,0,16
01/24/2021,GLH,MS,ASO,ES,Federal Contract Tower,0,6,3,2,11,0,0,0,0,0,0,6,3,2,11,0,0,0,11
01/25/2021,GLH,MS,ASO,ES,Federal Contract Tower,0,4,0,4,8,0,0,2,0,2,0,4,2,4,10,0,48,48,58
01/26/2021,GLH,MS,ASO,ES,Federal Contract Tower,0,4,4,7,15,0,0,39,1,40,0,4,43,8,55,30,126,156,211
01/27/2021,GLH,MS,ASO,ES,Federal Contract Tower,0,4,2,8,14,0,1,17,2,20,0,5,19,10,34,0,44,44,78
01/28/2021,GLH,MS,ASO,ES,Federal Contract Tower,0,7,4,2,13,0,0,14,0,14,0,7,18,2,27,4,28,32,59
01/29/2021,GLH,MS,ASO,ES,Federal Contract Tower,0,5,1,2,8,0,0,53,6,59,0,5,54,8,67,12,32,44,111
01/30/2021,GLH,MS,ASO,ES,Federal Contract Tower,0,0,0,0,0,0,0,9,10,19,0,0,9,10,19,10,0,10,29
01/31/2021,GLH,MS,ASO,ES,Federal Contract Tower,0,4,2,0,6,0,2,4,0,6,0,6,6,0,12,0,0,0,12
02/01/2021,GLH,MS,ASO,ES,Federal Contract Tower,0,4,0,13,17,0,0,12,2,14,0,4,12,15,31,0,184,184,215
02/02/2021,GLH,MS,ASO,ES,Federal Contract Tower,0,4,0,4,8,0,2,13,0,15,0,6,13,4,23,0,18,18,41
02/03/2021,GLH,MS,ASO,ES,Federal Contract Tower,0,5,2,7,14,0,0,44,3,47,0,5,46,10,61,10,74,84,145
02/04/2021,GLH,MS,ASO,ES,Federal Contract Tower,0,5,1,2,8,0,0,1,0,1,0,5,2,2,9,0,20,20,29
02/05/2021,GLH,MS,ASO,ES,Federal Contract Tower,0,4,2,2,8,0,0,38,0,38,0,4,40,2,46,22,4,26,72
02/06/2021,GLH,MS,ASO,ES,Federal Contract Tower,0,1,0,1,2,0,0,16,0,16,0,1,16,1,18,4,2,6,24
02/07/2021,GLH,MS,ASO,ES,Federal Contract Tower,0,3,2,0,5,0,0,6,0,6,0,3,8,0,11,0,0,0,11
02/08/2021,GLH,MS,ASO,ES,Federal Contract Tower,0,6,1,10,17,0,4,32,1,37,0,10,33,11,54,40,106,146,200
02/09/2021,GLH,MS,ASO,ES,Federal Contract Tower,0,2,7,7,16,0,0,87,0,87,0,2,94,7,103,10,4,14,117
02/10/2021,GLH,MS,ASO,ES,Federal Contract Tower,0,5,4,0,9,0,0,1,0,1,0,5,5,0,10,0,0,0,10
02/11/2021,GLH,MS,ASO,ES,Federal Contract Tower,0,4,1,0,5,0,0,0,0,0,0,4,1,0,5,0,0,0,5
02/12/2021,GLH,MS,ASO,ES,Federal Contract Tower,0,5,0,0,5,0,0,2,0,2,0,5,2,0,7,0,0,0,7
02/13/2021,GLH,MS,ASO,ES,Federal Contract Tower,0,0,2,0,2,0,0,0,0,0,0,0,2,0,2,0,0,0,2
02/14/2021,GLH,MS,ASO,ES,Federal Contract Tower,0,0,0,0,0,0,0,0,0,0,0,0,0,0,0,0,0,0,0
02/15/2021,GLH,MS,ASO,ES,Federal Contract Tower,0,0,0,0,0,0,0,0,0,0,0,0,0,0,0,0,0,0,0
02/16/2021,GLH,MS,ASO,ES,Federal Contract Tower,0,0,0,0,0,0,0,0,0,0,0,0,0,0,0,0,0,0,0
02/17/2021,GLH,MS,ASO,ES,Federal Contract Tower,0,0,0,0,0,0,0,0,0,0,0,0,0,0,0,0,0,0,0
02/18/2021,GLH,MS,ASO,ES,Federal Contract Tower,0,0,0,0,0,0,0,0,0,0,0,0,0,0,0,0,0,0,0
02/19/2021,GLH,MS,ASO,ES,Federal Contract Tower,0,0,0,0,0,0,0,0,0,0,0,0,0,0,0,0,0,0,0
02/20/2021,GLH,MS,ASO,ES,Federal Contract Tower,0,0,0,0,0,0,0,12,0,12,0,0,12,0,12,0,0,0,12
02/21/2021,GLH,MS,ASO,ES,Federal Contract Tower,0,0,0,0,0,0,0,0,0,0,0,0,0,0,0,0,0,0,0
02/23/2021,GLH,MS,ASO,ES,Federal Contract Tower,0,5,3,0,8,0,2,30,0,32,0,7,33,0,40,4,0,4,44
02/24/2021,GLH,MS,ASO,ES,Federal Contract Tower,0,3,8,0,11,0,1,12,0,13,0,4,20,0,24,2,0,2,26
02/25/2021,GLH,MS,ASO,ES,Federal Contract Tower,0,5,5,7,17,0,0,26,4,30,0,5,31,11,47,24,32,56,103
02/26/2021,GLH,MS,ASO,ES,Federal Contract Tower,0,5,4,0,9,0,0,0,0,0,0,5,4,0,9,4,0,4,13
02/27/2021,GLH,MS,ASO,ES,Federal Contract Tower,0,0,0,0,0,0,0,2,0,2,0,0,2,0,2,0,0,0,2
02/28/2021,GLH,MS,ASO,ES,Federal Contract Tower,0,5,0,4,9,0,0,12,0,12,0,5,12,4,21,0,0,0,21
03/01/2021,GLH,MS,ASO,ES,Federal Contract Tower,0,4,0,0,4,0,0,4,0,4,0,4,4,0,8,0,0,0,8
03/02/2021,GLH,MS,ASO,ES,Federal Contract Tower,0,4,2,6,12,0,0,2,0,2,0,4,4,6,14,0,86,86,100
03/03/2021,GLH,MS,ASO,ES,Federal Contract Tower,0,0,5,10,15,0,0,26,0,26,0,0,31,10,41,12,122,134,175
03/04/2021,GLH,MS,ASO,ES,Federal Contract Tower,0,4,4,2,10,0,1,47,0,48,0,5,51,2,58,18,16,34,92
03/05/2021,GLH,MS,ASO,ES,Federal Contract Tower,0,5,6,0,11,0,0,27,0,27,0,5,33,0,38,8,0,8,46
03/06/2021,GLH,MS,ASO,ES,Federal Contract Tower,0,4,0,0,4,0,1,12,0,13,0,5,12,0,17,2,0,2,19
03/07/2021,GLH,MS,ASO,ES,Federal Contract Tower,0,5,0,0,5,0,0,72,0,72,0,5,72,0,77,16,0,16,93
03/08/2021,GLH,MS,ASO,ES,Federal Contract Tower,0,5,3,5,13,0,4,64,0,68,0,9,67,5,81,16,78,94,175
03/09/2021,GLH,MS,ASO,ES,Federal Contract Tower,0,4,2,0,6,0,4,121,0,125,0,8,123,0,131,10,0,10,141
03/10/2021,GLH,MS,ASO,ES,Federal Contract Tower,0,4,8,2,14,0,0,8,0,8,0,4,16,2,22,0,46,46,68
03/11/2021,GLH,MS,ASO,ES,Federal Contract Tower,0,4,5,5,14,0,0,74,1,75,0,4,79,6,89,26,74,100,189
03/12/2021,GLH,MS,ASO,ES,Federal Contract Tower,0,5,2,12,19,0,0,57,2,59,0,5,59,14,78,6,68,74,152
03/13/2021,GLH,MS,ASO,ES,Federal Contract Tower,0,1,6,6,13,0,0,10,0,10,0,1,16,6,23,4,78,82,105
03/14/2021,GLH,MS,ASO,ES,Federal Contract Tower,0,4,3,4,11,0,0,12,0,12,0,4,15,4,23,0,32,32,55
03/15/2021,GLH,MS,ASO,ES,Federal Contract Tower,0,6,6,2,14,0,0,62,0,62,0,6,68,2,76,14,26,40,116
03/16/2021,GLH,MS,ASO,ES,Federal Contract Tower,0,3,2,16,21,0,1,28,0,29,0,4,30,16,50,20,0,20,70
03/17/2021,GLH,MS,ASO,ES,Federal Contract Tower,0,1,2,0,3,0,0,0,0,0,0,1,2,0,3,0,0,0,3
03/18/2021,GLH,MS,ASO,ES,Federal Contract Tower,0,4,3,0,7,0,1,1,0,2,0,5,4,0,9,8,0,8,17
03/19/2021,GLH,MS,ASO,ES,Federal Contract Tower,0,5,1,33,39,0,0,7,2,9,0,5,8,35,48,2,0,2,50
03/20/2021,GLH,MS,ASO,ES,Federal Contract Tower,0,1,5,2,8,0,0,13,0,13,0,1,18,2,21,8,0,8,29
03/21/2021,GLH,MS,ASO,ES,Federal Contract Tower,0,5,0,0,5,0,0,74,0,74,0,5,74,0,79,10,0,10,89
03/22/2021,GLH,MS,ASO,ES,Federal Contract Tower,0,4,0,7,11,0,2,68,5,75,0,6,68,12,86,2,90,92,178
03/23/2021,GLH,MS,ASO,ES,Federal Contract Tower,0,2,2,0,4,0,0,20,0,20,0,2,22,0,24,6,10,16,40
03/24/2021,GLH,MS,ASO,ES,Federal Contract Tower,0,3,0,0,3,0,2,100,0,102,0,5,100,0,105,10,0,10,115
03/25/2021,GLH,MS,ASO,ES,Federal Contract Tower,0,4,2,0,6,0,1,0,0,1,0,5,2,0,7,0,0,0,7
03/26/2021,GLH,MS,ASO,ES,Federal Contract Tower,0,4,3,3,10,0,1,87,3,91,0,5,90,6,101,42,26,68,169
03/27/2021,GLH,MS,ASO,ES,Federal Contract Tower,0,1,2,0,3,0,0,2,0,2,0,1,4,0,5,0,0,0,5
03/28/2021,GLH,MS,ASO,ES,Federal Contract Tower,0,5,4,0,9,0,0,10,0,10,0,5,14,0,19,0,0,0,19
03/29/2021,GLH,MS,ASO,ES,Federal Contract Tower,0,6,1,12,19,0,0,27,0,27,0,6,28,12,46,9,96,105,151
03/30/2021,GLH,MS,ASO,ES,Federal Contract Tower,0,4,7,4,15,0,0,9,0,9,0,4,16,4,24,2,70,72,96
03/31/2021,GLH,MS,ASO,ES,Federal Contract Tower,0,4,0,6,10,0,1,4,0,5,0,5,4,6,15,0,112,112,127
04/01/2021,GLH,MS,ASO,ES,Federal Contract Tower,0,5,3,5,13,0,2,8,18,28,0,7,11,23,41,0,108,108,149
04/02/2021,GLH,MS,ASO,ES,Federal Contract Tower,0,5,1,2,8,0,0,8,0,8,0,5,9,2,16,0,20,20,36
04/03/2021,GLH,MS,ASO,ES,Federal Contract Tower,0,0,1,0,1,0,0,6,0,6,0,0,7,0,7,0,0,0,7
04/04/2021,GLH,MS,ASO,ES,Federal Contract Tower,0,5,2,0,7,0,0,10,0,10,0,5,12,0,17,0,0,0,17
04/05/2021,GLH,MS,ASO,ES,Federal Contract Tower,0,6,1,11,18,0,2,84,1,87,0,8,85,12,105,40,182,222,327
04/06/2021,GLH,MS,ASO,ES,Federal Contract Tower,0,4,11,7,22,0,0,96,0,96,0,4,107,7,118,28,66,94,212
04/07/2021,GLH,MS,ASO,ES,Federal Contract Tower,0,5,2,0,7,0,0,16,0,16,0,5,18,0,23,0,0,0,23
04/08/2021,GLH,MS,ASO,ES,Federal Contract Tower,0,5,3,24,32,0,2,5,3,10,0,7,8,27,42,0,210,210,252
04/09/2021,GLH,MS,ASO,ES,Federal Contract Tower,0,4,5,1,10,0,1,8,0,9,0,5,13,1,19,0,2,2,21
04/10/2021,GLH,MS,ASO,ES,Federal Contract Tower,0,0,3,0,3,0,0,6,0,6,0,0,9,0,9,0,0,0,9
04/11/2021,GLH,MS,ASO,ES,Federal Contract Tower,0,5,1,0,6,0,0,8,0,8,0,5,9,0,14,0,0,0,14
04/12/2021,GLH,MS,ASO,ES,Federal Contract Tower,0,5,0,6,11,0,2,41,0,43,0,7,41,6,54,16,82,98,152
04/13/2021,GLH,MS,ASO,ES,Federal Contract Tower,0,4,1,4,9,0,2,125,11,138,0,6,126,15,147,30,88,118,265
04/14/2021,GLH,MS,ASO,ES,Federal Contract Tower,0,4,2,2,8,0,0,4,0,4,0,4,6,2,12,2,2,4,16
04/15/2021,GLH,MS,ASO,ES,Federal Contract Tower,0,4,2,5,11,0,0,29,3,32,0,4,31,8,43,10,120,130,173
04/16/2021,GLH,MS,ASO,ES,Federal Contract Tower,0,1,1,12,14,0,5,12,0,17,0,6,13,12,31,2,82,84,115
04/17/2021,GLH,MS,ASO,ES,Federal Contract Tower,0,1,4,0,5,0,0,3,0,3,0,1,7,0,8,0,0,0,8
04/18/2021,GLH,MS,ASO,ES,Federal Contract Tower,0,5,0,0,5,0,0,8,0,8,0,5,8,0,13,4,0,4,17
04/19/2021,GLH,MS,ASO,ES,Federal Contract Tower,0,5,2,4,11,0,2,92,1,95,0,7,94,5,106,22,22,44,150
04/20/2021,GLH,MS,ASO,ES,Federal Contract Tower,0,3,0,8,11,0,2,89,3,94,0,5,89,11,105,26,140,166,271
04/21/2021,GLH,MS,ASO,ES,Federal Contract Tower,0,5,2,8,15,0,0,12,8,20,0,5,14,16,35,4,24,28,63
04/22/2021,GLH,MS,ASO,ES,Federal Contract Tower,0,6,7,8,21,0,4,22,0,26,0,10,29,8,47,12,94,106,153
04/23/2021,GLH,MS,ASO,ES,Federal Contract Tower,0,5,2,10,17,0,0,3,1,4,0,5,5,11,21,2,112,114,135
04/24/2021,GLH,MS,ASO,ES,Federal Contract Tower,0,0,0,6,6,0,0,2,0,2,0,0,2,6,8,0,4,4,12
04/25/2021,GLH,MS,ASO,ES,Federal Contract Tower,0,5,4,1,10,0,0,13,15,28,0,5,17,16,38,2,4,6,44
04/26/2021,GLH,MS,ASO,ES,Federal Contract Tower,0,3,4,6,13,0,2,22,15,39,0,5,26,21,52,10,94,104,156
04/27/2021,GLH,MS,ASO,ES,Federal Contract Tower,0,5,2,5,12,0,2,64,0,66,0,7,66,5,78,8,76,84,162
04/28/2021,GLH,MS,ASO,ES,Federal Contract Tower,0,5,4,8,17,0,4,201,0,205,0,9,205,8,222,2,62,64,286
04/29/2021,GLH,MS,ASO,ES,Federal Contract Tower,0,5,2,6,13,0,4,6,0,10,0,9,8,6,23,2,46,48,71
04/30/2021,GLH,MS,ASO,ES,Federal Contract Tower,0,5,1,6,12,0,2,22,1,25,0,7,23,7,37,22,52,74,111
05/01/2021,GLH,MS,ASO,ES,Federal Contract Tower,0,1,0,0,1,0,0,10,0,10,0,1,10,0,11,0,0,0,11
05/02/2021,GLH,MS,ASO,ES,Federal Contract Tower,0,5,1,0,6,0,0,2,0,2,0,5,3,0,8,0,0,0,8
05/03/2021,GLH,MS,ASO,ES,Federal Contract Tower,0,5,4,7,16,0,0,10,5,15,0,5,14,12,31,0,52,52,83
05/04/2021,GLH,MS,ASO,ES,Federal Contract Tower,0,4,1,0,5,0,0,0,0,0,0,4,1,0,5,0,0,0,5
05/05/2021,GLH,MS,ASO,ES,Federal Contract Tower,0,5,1,1,7,0,6,17,4,27,0,11,18,5,34,12,6,18,52
05/06/2021,GLH,MS,ASO,ES,Federal Contract Tower,0,4,1,3,8,0,2,24,0,26,0,6,25,3,34,20,4,24,58
05/07/2021,GLH,MS,ASO,ES,Federal Contract Tower,0,5,0,8,13,0,0,8,1,9,0,5,8,9,22,10,70,80,102
05/08/2021,GLH,MS,ASO,ES,Federal Contract Tower,0,1,4,0,5,0,0,7,0,7,0,1,11,0,12,2,0,2,14
05/09/2021,GLH,MS,ASO,ES,Federal Contract Tower,0,3,0,0,3,0,0,2,0,2,0,3,2,0,5,0,0,0,5
05/10/2021,GLH,MS,ASO,ES,Federal Contract Tower,0,5,3,11,19,0,0,8,1,9,0,5,11,12,28,0,20,20,48
05/11/2021,GLH,MS,ASO,ES,Federal Contract Tower,0,3,0,0,3,0,0,4,0,4,0,3,4,0,7,0,0,0,7
05/12/2021,GLH,MS,ASO,ES,Federal Contract Tower,0,5,2,4,11,0,0,2,0,2,0,5,4,4,13,0,56,56,69
05/13/2021,GLH,MS,ASO,ES,Federal Contract Tower,0,7,4,4,15,0,0,22,0,22,0,7,26,4,37,22,80,102,139
05/14/2021,GLH,MS,ASO,ES,Federal Contract Tower,0,7,3,3,13,0,4,76,1,81,0,11,79,4,94,12,24,36,130
05/15/2021,GLH,MS,ASO,ES,Federal Contract Tower,0,0,3,3,6,0,0,77,3,80,0,0,80,6,86,2,16,18,104
05/16/2021,GLH,MS,ASO,ES,Federal Contract Tower,0,0,4,0,4,0,0,10,0,10,0,0,14,0,14,0,0,0,14
05/17/2021,GLH,MS,ASO,ES,Federal Contract Tower,0,0,0,10,10,0,0,12,1,13,0,0,12,11,23,0,100,100,123
05/18/2021,GLH,MS,ASO,ES,Federal Contract Tower,0,3,0,6,9,0,0,6,0,6,0,3,6,6,15,0,58,58,73
05/19/2021,GLH,MS,ASO,ES,Federal Contract Tower,0,5,0,3,8,0,0,2,0,2,0,5,2,3,10,0,16,16,26
05/20/2021,GLH,MS,ASO,ES,Federal Contract Tower,0,4,11,0,15,0,2,6,0,8,0,6,17,0,23,0,0,0,23
05/21/2021,GLH,MS,ASO,ES,Federal Contract Tower,0,5,6,4,15,0,4,4,0,8,0,9,10,4,23,4,56,60,83
05/22/2021,GLH,MS,ASO,ES,Federal Contract Tower,0,0,0,0,0,0,0,52,0,52,0,0,52,0,52,2,0,2,54
05/23/2021,GLH,MS,ASO,ES,Federal Contract Tower,0,5,0,0,5,0,0,14,0,14,0,5,14,0,19,10,0,10,29
05/24/2021,GLH,MS,ASO,ES,Federal Contract Tower,0,7,1,3,11,0,7,126,1,134,0,14,127,4,145,16,60,76,221
05/25/2021,GLH,MS,ASO,ES,Federal Contract Tower,0,5,5,2,12,0,2,94,0,96,0,7,99,2,108,20,30,50,158
05/26/2021,GLH,MS,ASO,ES,Federal Contract Tower,0,5,1,0,6,0,0,44,0,44,0,5,45,0,50,14,0,14,64
05/27/2021,GLH,MS,ASO,ES,Federal Contract Tower,0,6,1,7,14,0,0,134,0,134,0,6,135,7,148,22,128,150,298
05/28/2021,GLH,MS,ASO,ES,Federal Contract Tower,0,5,3,0,8,0,0,11,0,11,0,5,14,0,19,12,0,12,31
05/29/2021,GLH,MS,ASO,ES,Federal Contract Tower,0,4,0,0,4,0,0,3,0,3,0,4,3,0,7,0,0,0,7
05/30/2021,GLH,MS,ASO,ES,Federal Contract Tower,0,7,0,0,7,0,0,2,0,2,0,7,2,0,9,0,0,0,9
05/31/2021,GLH,MS,ASO,ES,Federal Contract Tower,0,3,1,0,4,0,0,2,0,2,0,3,3,0,6,2,0,2,8
06/01/2021,GLH,MS,ASO,ES,Federal Contract Tower,0,4,4,0,8,0,0,31,0,31,0,4,35,0,39,6,0,6,45
06/02/2021,GLH,MS,ASO,ES,Federal Contract Tower,0,5,1,6,12,0,0,6,1,7,0,5,7,7,19,10,42,52,71
06/03/2021,GLH,MS,ASO,ES,Federal Contract Tower,0,4,3,14,21,0,4,39,1,44,0,8,42,15,65,6,144,150,215
06/04/2021,GLH,MS,ASO,ES,Federal Contract Tower,0,5,3,1,9,0,2,68,1,71,0,7,71,2,80,2,10,12,92
06/05/2021,GLH,MS,ASO,ES,Federal Contract Tower,0,1,1,0,2,0,0,18,0,18,0,1,19,0,20,0,0,0,20
06/06/2021,GLH,MS,ASO,ES,Federal Contract Tower,0,5,5,0,10,0,0,0,0,0,0,5,5,0,10,0,0,0,10
06/07/2021,GLH,MS,ASO,ES,Federal Contract Tower,0,2,4,0,6,0,0,2,0,2,0,2,6,0,8,0,0,0,8
06/08/2021,GLH,MS,ASO,ES,Federal Contract Tower,0,4,4,0,8,0,0,2,0,2,0,4,6,0,10,0,0,0,10
06/09/2021,GLH,MS,ASO,ES,Federal Contract Tower,0,3,4,4,11,0,0,0,0,0,0,3,4,4,11,0,6,6,17
06/10/2021,GLH,MS,ASO,ES,Federal Contract Tower,0,4,5,4,13,0,0,1,0,1,0,4,6,4,14,0,60,60,74
06/11/2021,GLH,MS,ASO,ES,Federal Contract Tower,0,6,1,0,7,0,0,4,2,6,0,6,5,2,13,2,0,2,15
06/12/2021,GLH,MS,ASO,ES,Federal Contract Tower,0,0,0,7,7,0,0,18,0,18,0,0,18,7,25,4,16,20,45
06/13/2021,GLH,MS,ASO,ES,Federal Contract Tower,0,6,0,0,6,0,0,6,0,6,0,6,6,0,12,0,0,0,12
06/14/2021,GLH,MS,ASO,ES,Federal Contract Tower,0,3,3,6,12,0,1,18,0,19,0,4,21,6,31,20,74,94,125
06/15/2021,GLH,MS,ASO,ES,Federal Contract Tower,0,4,2,7,13,0,2,15,1,18,0,6,17,8,31,0,56,56,87
06/16/2021,GLH,MS,ASO,ES,Federal Contract Tower,0,5,0,4,9,0,4,18,0,22,0,9,18,4,31,10,50,60,91
06/17/2021,GLH,MS,ASO,ES,Federal Contract Tower,0,4,2,0,6,0,2,47,0,49,0,6,49,0,55,16,0,16,71
06/18/2021,GLH,MS,ASO,ES,Federal Contract Tower,0,3,4,0,7,0,4,17,0,21,0,7,21,0,28,12,0,12,40
06/19/2021,GLH,MS,ASO,ES,Federal Contract Tower,0,1,3,0,4,0,0,34,0,34,0,1,37,0,38,0,0,0,38
06/20/2021,GLH,MS,ASO,ES,Federal Contract Tower,0,4,0,0,4,0,0,22,0,22,0,4,22,0,26,0,0,0,26
06/21/2021,GLH,MS,ASO,ES,Federal Contract Tower,0,4,2,4,10,0,0,2,0,2,0,4,4,4,12,0,64,64,76
06/22/2021,GLH,MS,ASO,ES,Federal Contract Tower,0,4,7,10,21,0,0,35,0,35,0,4,42,10,56,26,104,130,186
06/23/2021,GLH,MS,ASO,ES,Federal Contract Tower,0,2,4,8,14,0,1,24,4,29,0,3,28,12,43,24,114,138,181
06/24/2021,GLH,MS,ASO,ES,Federal Contract Tower,0,4,2,13,19,0,0,20,2,22,0,4,22,15,41,46,104,150,191
06/25/2021,GLH,MS,ASO,ES,Federal Contract Tower,0,6,5,6,17,0,0,6,0,6,0,6,11,6,23,2,110,112,135
06/26/2021,GLH,MS,ASO,ES,Federal Contract Tower,0,2,0,0,2,0,0,14,0,14,0,2,14,0,16,0,0,0,16
06/27/2021,GLH,MS,ASO,ES,Federal Contract Tower,0,3,0,0,3,0,0,12,0,12,0,3,12,0,15,0,0,0,15
06/28/2021,GLH,MS,ASO,ES,Federal Contract Tower,0,3,3,5,11,0,0,12,0,12,0,3,15,5,23,12,52,64,87
06/29/2021,GLH,MS,ASO,ES,Federal Contract Tower,0,2,2,10,14,0,0,34,2,36,0,2,36,12,50,24,102,126,176
06/30/2021,GLH,MS,ASO,ES,Federal Contract Tower,0,4,2,11,17,0,0,58,2,60,0,4,60,13,77,6,120,126,203
07/01/2021,GLH,MS,ASO,ES,Federal Contract Tower,0,5,8,5,18,0,0,25,5,30,0,5,33,10,48,14,88,102,150
07/02/2021,GLH,MS,ASO,ES,Federal Contract Tower,0,1,1,0,2,0,2,8,0,10,0,3,9,0,12,2,0,2,14
07/03/2021,GLH,MS,ASO,ES,Federal Contract Tower,0,0,2,0,2,0,0,14,0,14,0,0,16,0,16,2,0,2,18
07/04/2021,GLH,MS,ASO,ES,Federal Contract Tower,0,3,0,0,3,0,1,14,0,15,0,4,14,0,18,0,0,0,18
07/05/2021,GLH,MS,ASO,ES,Federal Contract Tower,0,2,0,0,2,0,32,0,0,32,0,34,0,0,34,66,0,66,100
07/06/2021,GLH,MS,ASO,ES,Federal Contract Tower,0,0,5,11,16,0,0,50,0,50,0,0,55,11,66,36,160,196,262
07/07/2021,GLH,MS,ASO,ES,Federal Contract Tower,0,4,6,11,21,0,0,24,2,26,0,4,30,13,47,0,138,138,185
07/08/2021,GLH,MS,ASO,ES,Federal Contract Tower,0,5,5,12,22,0,0,65,2,67,0,5,70,14,89,18,72,90,179
07/09/2021,GLH,MS,ASO,ES,Federal Contract Tower,0,4,2,5,11,0,0,53,1,54,0,4,55,6,65,4,38,42,107
07/10/2021,GLH,MS,ASO,ES,Federal Contract Tower,0,1,0,1,2,0,0,2,1,3,0,1,2,2,5,0,2,2,7
07/11/2021,GLH,MS,ASO,ES,Federal Contract Tower,0,4,2,0,6,0,0,0,0,0,0,4,2,0,6,0,0,0,6
07/12/2021,GLH,MS,ASO,ES,Federal Contract Tower,0,4,2,12,18,0,0,2,1,3,0,4,4,13,21,0,108,108,129
07/13/2021,GLH,MS,ASO,ES,Federal Contract Tower,0,4,1,14,19,0,0,26,16,42,0,4,27,30,61,2,118,120,181
07/14/2021,GLH,MS,ASO,ES,Federal Contract Tower,0,0,4,7,11,0,0,0,0,0,0,0,4,7,11,6,8,14,25
07/15/2021,GLH,MS,ASO,ES,Federal Contract Tower,0,4,5,6,15,0,0,15,1,16,0,4,20,7,31,4,38,42,73
07/16/2021,GLH,MS,ASO,ES,Federal Contract Tower,0,5,5,0,10,0,0,10,0,10,0,5,15,0,20,4,0,4,24
07/17/2021,GLH,MS,ASO,ES,Federal Contract Tower,0,0,2,0,2,0,0,1,0,1,0,0,3,0,3,0,0,0,3
07/18/2021,GLH,MS,ASO,ES,Federal Contract Tower,0,5,2,0,7,0,0,0,0,0,0,5,2,0,7,0,0,0,7
07/19/2021,GLH,MS,ASO,ES,Federal Contract Tower,0,4,3,3,10,0,0,1,0,1,0,4,4,3,11,0,0,0,11
07/20/2021,GLH,MS,ASO,ES,Federal Contract Tower,0,3,4,0,7,0,0,6,2,8,0,3,10,2,15,2,0,2,17
07/21/2021,GLH,MS,ASO,ES,Federal Contract Tower,0,5,2,0,7,0,0,10,0,10,0,5,12,0,17,2,0,2,19
07/22/2021,GLH,MS,ASO,ES,Federal Contract Tower,0,4,4,0,8,0,1,70,0,71,0,5,74,0,79,12,0,12,91
07/23/2021,GLH,MS,ASO,ES,Federal Contract Tower,0,5,4,0,9,0,0,78,0,78,0,5,82,0,87,12,0,12,99
07/24/2021,GLH,MS,ASO,ES,Federal Contract Tower,0,0,4,0,4,0,0,15,0,15,0,0,19,0,19,6,0,6,25
07/25/2021,GLH,MS,ASO,ES,Federal Contract Tower,0,6,3,0,9,0,0,12,0,12,0,6,15,0,21,14,0,14,35
07/26/2021,GLH,MS,ASO,ES,Federal Contract Tower,0,4,4,1,9,0,4,28,1,33,0,8,32,2,42,12,0,12,54
07/27/2021,GLH,MS,ASO,ES,Federal Contract Tower,0,4,4,0,8,0,2,23,0,25,0,6,27,0,33,10,0,10,43
07/28/2021,GLH,MS,ASO,ES,Federal Contract Tower,0,4,3,0,7,0,19,2,0,21,0,23,5,0,28,24,0,24,52
07/29/2021,GLH,MS,ASO,ES,Federal Contract Tower,0,5,3,0,8,0,0,12,0,12,0,5,15,0,20,0,0,0,20
07/30/2021,GLH,MS,ASO,ES,Federal Contract Tower,0,5,9,2,16,0,0,44,2,46,0,5,53,4,62,8,2,10,72
07/31/2021,GLH,MS,ASO,ES,Federal Contract Tower,0,1,6,0,7,0,0,47,0,47,0,1,53,0,54,4,0,4,58
08/01/2021,GLH,MS,ASO,ES,Federal Contract Tower,0,2,1,0,3,0,4,4,0,8,0,6,5,0,11,0,0,0,11
08/02/2021,GLH,MS,ASO,ES,Federal Contract Tower,0,5,7,0,12,0,2,0,0,2,0,7,7,0,14,0,0,0,14
08/03/2021,GLH,MS,ASO,ES,Federal Contract Tower,0,4,1,8,13,0,0,23,0,23,0,4,24,8,36,6,42,48,84
08/04/2021,GLH,MS,ASO,ES,Federal Contract Tower,0,5,1,1,7,0,0,18,0,18,0,5,19,1,25,8,2,10,35
08/05/2021,GLH,MS,ASO,ES,Federal Contract Tower,0,4,0,5,9,0,0,12,0,12,0,4,12,5,21,28,4,32,53
08/06/2021,GLH,MS,ASO,ES,Federal Contract Tower,0,5,4,0,9,0,0,17,0,17,0,5,21,0,26,6,0,6,32
08/07/2021,GLH,MS,ASO,ES,Federal Contract Tower,0,1,4,0,5,0,0,24,0,24,0,1,28,0,29,2,0,2,31
08/08/2021,GLH,MS,ASO,ES,Federal Contract Tower,0,4,2,1,7,0,2,8,0,10,0,6,10,1,17,0,2,2,19
08/09/2021,GLH,MS,ASO,ES,Federal Contract Tower,0,3,2,3,8,0,1,17,0,18,0,4,19,3,26,8,6,14,40
08/10/2021,GLH,MS,ASO,ES,Federal Contract Tower,0,6,0,4,10,0,2,28,0,30,0,8,28,4,40,6,8,14,54
08/11/2021,GLH,MS,ASO,ES,Federal Contract Tower,0,5,4,0,9,0,2,6,0,8,0,7,10,0,17,2,0,2,19
08/12/2021,GLH,MS,ASO,ES,Federal Contract Tower,0,5,1,0,6,0,0,10,0,10,0,5,11,0,16,2,0,2,18
08/13/2021,GLH,MS,ASO,ES,Federal Contract Tower,0,4,0,0,4,0,1,8,0,9,0,5,8,0,13,8,0,8,21
08/14/2021,GLH,MS,ASO,ES,Federal Contract Tower,0,1,2,0,3,0,0,8,2,10,0,1,10,2,13,0,10,10,23
08/15/2021,GLH,MS,ASO,ES,Federal Contract Tower,0,1,4,0,5,0,0,2,0,2,0,1,6,0,7,0,0,0,7
08/16/2021,GLH,MS,ASO,ES,Federal Contract Tower,0,4,2,0,6,0,4,0,0,4,0,8,2,0,10,2,0,2,12
08/17/2021,GLH,MS,ASO,ES,Federal Contract Tower,0,3,3,5,11,0,4,34,0,38,0,7,37,5,49,10,10,20,69
08/18/2021,GLH,MS,ASO,ES,Federal Contract Tower,0,3,4,6,13,0,0,8,4,12,0,3,12,10,25,4,52,56,81
08/19/2021,GLH,MS,ASO,ES,Federal Contract Tower,0,3,2,0,5,0,1,1,0,2,0,4,3,0,7,0,0,0,7
08/20/2021,GLH,MS,ASO,ES,Federal Contract Tower,0,5,5,5,15,0,0,18,1,19,0,5,23,6,34,0,40,40,74
08/21/2021,GLH,MS,ASO,ES,Federal Contract Tower,0,0,3,0,3,0,0,6,0,6,0,0,9,0,9,0,0,0,9
08/22/2021,GLH,MS,ASO,ES,Federal Contract Tower,0,5,3,0,8,0,0,9,0,9,0,5,12,0,17,0,0,0,17
08/23/2021,GLH,MS,ASO,ES,Federal Contract Tower,0,4,0,4,8,0,0,12,0,12,0,4,12,4,20,6,46,52,72
08/24/2021,GLH,MS,ASO,ES,Federal Contract Tower,0,4,1,2,7,0,0,14,2,16,0,4,15,4,23,12,42,54,77
08/25/2021,GLH,MS,ASO,ES,Federal Contract Tower,0,1,0,5,6,0,0,21,4,25,0,1,21,9,31,2,50,52,83
08/26/2021,GLH,MS,ASO,ES,Federal Contract Tower,0,5,3,5,13,0,0,30,0,30,0,5,33,5,43,10,66,76,119
08/27/2021,GLH,MS,ASO,ES,Federal Contract Tower,0,4,0,4,8,0,0,20,0,20,0,4,20,4,28,12,26,38,66
08/28/2021,GLH,MS,ASO,ES,Federal Contract Tower,0,1,5,0,6,0,0,7,0,7,0,1,12,0,13,4,0,4,17
08/29/2021,GLH,MS,ASO,ES,Federal Contract Tower,0,0,3,0,3,0,4,1,0,5,0,4,4,0,8,0,0,0,8
08/30/2021,GLH,MS,ASO,ES,Federal Contract Tower,0,0,0,0,0,0,0,0,0,0,0,0,0,0,0,0,0,0,0
08/31/2021,GLH,MS,ASO,ES,Federal Contract Tower,0,3,0,3,6,0,3,5,0,8,0,6,5,3,14,2,14,16,30
09/01/2021,GLH,MS,ASO,ES,Federal Contract Tower,0,4,0,3,7,0,0,38,1,39,0,4,38,4,46,10,78,88,134
09/02/2021,GLH,MS,ASO,ES,Federal Contract Tower,0,4,2,5,11,0,0,33,1,34,0,4,35,6,45,2,64,66,111
09/03/2021,GLH,MS,ASO,ES,Federal Contract Tower,0,5,0,0,5,0,0,58,0,58,0,5,58,0,63,8,0,8,71
09/04/2021,GLH,MS,ASO,ES,Federal Contract Tower,0,0,1,1,2,0,0,99,5,104,0,0,100,6,106,6,0,6,112
09/05/2021,GLH,MS,ASO,ES,Federal Contract Tower,0,4,2,0,6,0,5,33,0,38,0,9,35,0,44,0,0,0,44
09/06/2021,GLH,MS,ASO,ES,Federal Contract Tower,0,3,1,0,4,0,4,16,0,20,0,7,17,0,24,0,0,0,24
09/07/2021,GLH,MS,ASO,ES,Federal Contract Tower,0,3,0,11,14,0,1,62,1,64,0,4,62,12,78,10,106,116,194
09/08/2021,GLH,MS,ASO,ES,Federal Contract Tower,0,1,0,8,9,0,3,54,4,61,0,4,54,12,70,2,60,62,132
09/09/2021,GLH,MS,ASO,ES,Federal Contract Tower,0,0,0,0,0,0,5,36,18,59,0,5,36,18,59,0,0,0,59
09/10/2021,GLH,MS,ASO,ES,Federal Contract Tower,0,1,5,3,9,0,4,34,2,40,0,5,39,5,49,0,14,14,63
09/11/2021,GLH,MS,ASO,ES,Federal Contract Tower,0,0,0,0,0,0,1,6,0,7,0,1,6,0,7,0,0,0,7
09/12/2021,GLH,MS,ASO,ES,Federal Contract Tower,0,5,2,6,13,0,0,7,0,7,0,5,9,6,20,0,12,12,32
09/13/2021,GLH,MS,ASO,ES,Federal Contract Tower,0,4,5,8,17,0,3,23,1,27,0,7,28,9,44,4,124,128,172
09/14/2021,GLH,MS,ASO,ES,Federal Contract Tower,0,4,4,6,14,0,2,12,0,14,0,6,16,6,28,0,30,30,58
09/15/2021,GLH,MS,ASO,ES,Federal Contract Tower,0,4,6,8,18,0,0,2,4,6,0,4,8,12,24,4,70,74,98
09/16/2021,GLH,MS,ASO,ES,Federal Contract Tower,0,4,0,4,8,0,1,20,0,21,0,5,20,4,29,0,2,2,31
09/17/2021,GLH,MS,ASO,ES,Federal Contract Tower,0,5,2,2,9,0,0,1,0,1,0,5,3,2,10,0,2,2,12
09/18/2021,GLH,MS,ASO,ES,Federal Contract Tower,0,0,4,0,4,0,0,0,0,0,0,0,4,0,4,0,0,0,4
09/19/2021,GLH,MS,ASO,ES,Federal Contract Tower,0,1,0,2,3,0,2,3,0,5,0,3,3,2,8,0,0,0,8
09/20/2021,GLH,MS,ASO,ES,Federal Contract Tower,0,1,1,9,11,0,4,8,0,12,0,5,9,9,23,2,50,52,75
09/21/2021,GLH,MS,ASO,ES,Federal Contract Tower,0,5,2,4,11,0,0,19,0,19,0,5,21,4,30,2,88,90,120
09/22/2021,GLH,MS,ASO,ES,Federal Contract Tower,0,2,0,8,10,0,3,8,0,11,0,5,8,8,21,6,88,94,115
09/23/2021,GLH,MS,ASO,ES,Federal Contract Tower,0,0,1,2,3,0,0,45,4,49,0,0,46,6,52,28,64,92,144
09/24/2021,GLH,MS,ASO,ES,Federal Contract Tower,0,0,3,6,9,0,0,28,4,32,0,0,31,10,41,20,48,68,109
09/25/2021,GLH,MS,ASO,ES,Federal Contract Tower,0,1,0,0,1,0,0,18,2,20,0,1,18,2,21,2,10,12,33
09/26/2021,GLH,MS,ASO,ES,Federal Contract Tower,0,1,2,0,3,0,4,5,0,9,0,5,7,0,12,0,0,0,12
09/27/2021,GLH,MS,ASO,ES,Federal Contract Tower,0,0,2,5,7,0,9,32,1,42,0,9,34,6,49,26,36,62,111
09/28/2021,GLH,MS,ASO,ES,Federal Contract Tower,0,4,6,2,12,0,1,9,0,10,0,5,15,2,22,0,8,8,30
09/29/2021,GLH,MS,ASO,ES,Federal Contract Tower,0,3,2,0,5,0,8,13,0,21,0,11,15,0,26,0,0,0,26
09/30/2021,GLH,MS,ASO,ES,Federal Contract Tower,0,2,2,0,4,0,0,4,0,4,0,2,6,0,8,2,0,2,10
10/01/2021,GLH,MS,ASO,ES,Federal Contract Tower,0,2,5,0,7,0,0,15,0,15,0,2,20,0,22,6,0,6,28
10/02/2021,GLH,MS,ASO,ES,Federal Contract Tower,0,2,0,0,2,0,0,2,0,2,0,2,2,0,4,0,0,0,4
10/03/2021,GLH,MS,ASO,ES,Federal Contract Tower,0,4,4,0,8,0,0,0,0,0,0,4,4,0,8,0,0,0,8
10/04/2021,GLH,MS,ASO,ES,Federal Contract Tower,0,4,0,4,8,0,0,23,45,68,0,4,23,49,76,8,124,132,208
10/05/2021,GLH,MS,ASO,ES,Federal Contract Tower,0,2,0,5,7,0,0,8,5,13,0,2,8,10,20,0,80,80,100
10/06/2021,GLH,MS,ASO,ES,Federal Contract Tower,0,4,2,8,14,0,0,5,2,7,0,4,7,10,21,0,20,20,41
10/07/2021,GLH,MS,ASO,ES,Federal Contract Tower,0,4,0,9,13,0,0,14,2,16,0,4,14,11,29,4,138,142,171
10/08/2021,GLH,MS,ASO,ES,Federal Contract Tower,0,4,4,11,19,0,0,13,0,13,0,4,17,11,32,6,62,68,100
10/09/2021,GLH,MS,ASO,ES,Federal Contract Tower,0,1,4,2,7,0,0,9,0,9,0,1,13,2,16,4,4,8,24
10/10/2021,GLH,MS,ASO,ES,Federal Contract Tower,0,4,5,0,9,0,0,6,0,6,0,4,11,0,15,6,0,6,21
10/11/2021,GLH,MS,ASO,ES,Federal Contract Tower,0,4,9,0,13,0,0,2,0,2,0,4,11,0,15,2,0,2,17
10/12/2021,GLH,MS,ASO,ES,Federal Contract Tower,0,2,2,2,6,0,0,7,2,9,0,2,9,4,15,2,38,40,55
10/13/2021,GLH,MS,ASO,ES,Federal Contract Tower,0,3,1,5,9,0,0,18,3,21,0,3,19,8,30,10,34,44,74
10/14/2021,GLH,MS,ASO,ES,Federal Contract Tower,0,4,4,4,12,0,0,6,2,8,0,4,10,6,20,20,8,28,48
10/15/2021,GLH,MS,ASO,ES,Federal Contract Tower,0,4,4,0,8,0,0,7,0,7,0,4,11,0,15,0,0,0,15
10/16/2021,GLH,MS,ASO,ES,Federal Contract Tower,0,2,1,0,3,0,0,12,0,12,0,2,13,0,15,2,0,2,17
10/17/2021,GLH,MS,ASO,ES,Federal Contract Tower,0,3,0,2,5,0,0,14,2,16,0,3,14,4,21,2,4,6,27
10/18/2021,GLH,MS,ASO,ES,Federal Contract Tower,0,4,3,12,19,0,0,11,0,11,0,4,14,12,30,6,124,130,160
10/19/2021,GLH,MS,ASO,ES,Federal Contract Tower,0,2,2,2,6,0,0,23,0,23,0,2,25,2,29,20,32,52,81
10/20/2021,GLH,MS,ASO,ES,Federal Contract Tower,0,3,2,9,14,0,0,6,1,7,0,3,8,10,21,8,104,112,133
10/21/2021,GLH,MS,ASO,ES,Federal Contract Tower,0,3,9,8,20,0,0,12,0,12,0,3,21,8,32,14,36,50,82
10/22/2021,GLH,MS,ASO,ES,Federal Contract Tower,0,4,1,0,5,0,0,30,0,30,0,4,31,0,35,10,0,10,45
10/23/2021,GLH,MS,ASO,ES,Federal Contract Tower,0,4,0,0,4,0,0,6,0,6,0,4,6,0,10,0,0,0,10
10/24/2021,GLH,MS,ASO,ES,Federal Contract Tower,0,4,0,0,4,0,0,4,0,4,0,4,4,0,8,0,0,0,8
10/25/2021,GLH,MS,ASO,ES,Federal Contract Tower,0,4,0,0,4,0,0,4,0,4,0,4,4,0,8,2,0,2,10
10/26/2021,GLH,MS,ASO,ES,Federal Contract Tower,0,4,2,6,12,0,0,16,3,19,0,4,18,9,31,8,72,80,111
10/27/2021,GLH,MS,ASO,ES,Federal Contract Tower,0,4,0,4,8,0,0,8,0,8,0,4,8,4,16,12,68,80,96
10/28/2021,GLH,MS,ASO,ES,Federal Contract Tower,0,4,0,5,9,0,0,6,0,6,0,4,6,5,15,2,8,10,25
10/29/2021,GLH,MS,ASO,ES,Federal Contract Tower,0,4,3,6,13,0,0,4,2,6,0,4,7,8,19,2,38,40,59
10/30/2021,GLH,MS,ASO,ES,Federal Contract Tower,0,2,2,0,4,0,0,2,0,2,0,2,4,0,6,2,0,2,8
10/31/2021,GLH,MS,ASO,ES,Federal Contract Tower,0,4,2,0,6,0,0,7,0,7,0,4,9,0,13,2,0,2,15
11/01/2021,GLH,MS,ASO,ES,Federal Contract Tower,0,4,3,5,12,0,0,24,0,24,0,4,27,5,36,10,110,120,156
11/02/2021,GLH,MS,ASO,ES,Federal Contract Tower,0,4,3,6,13,0,0,11,0,11,0,4,14,6,24,14,98,112,136
11/03/2021,GLH,MS,ASO,ES,Federal Contract Tower,0,3,3,0,6,0,0,5,0,5,0,3,8,0,11,2,0,2,13
11/04/2021,GLH,MS,ASO,ES,Federal Contract Tower,0,3,3,7,13,0,1,14,3,18,0,4,17,10,31,2,148,150,181
11/05/2021,GLH,MS,ASO,ES,Federal Contract Tower,0,4,1,4,9,0,0,2,0,2,0,4,3,4,11,0,6,6,17
11/06/2021,GLH,MS,ASO,ES,Federal Contract Tower,0,2,1,1,4,0,0,15,1,16,0,2,16,2,20,0,2,2,22
11/07/2021,GLH,MS,ASO,ES,Federal Contract Tower,0,4,2,0,6,0,0,8,0,8,0,4,10,0,14,0,0,0,14
11/08/2021,GLH,MS,ASO,ES,Federal Contract Tower,0,4,0,3,7,0,0,20,7,27,0,4,20,10,34,10,24,34,68
11/09/2021,GLH,MS,ASO,ES,Federal Contract Tower,0,2,3,5,10,0,0,33,1,34,0,2,36,6,44,14,74,88,132
11/10/2021,GLH,MS,ASO,ES,Federal Contract Tower,0,4,0,6,10,0,0,14,2,16,0,4,14,8,26,10,92,102,128
11/11/2021,GLH,MS,ASO,ES,Federal Contract Tower,0,3,2,0,5,0,0,10,0,10,0,3,12,0,15,6,0,6,21
11/12/2021,GLH,MS,ASO,ES,Federal Contract Tower,0,3,1,0,4,0,0,18,0,18,0,3,19,0,22,30,0,30,52
11/13/2021,GLH,MS,ASO,ES,Federal Contract Tower,0,2,0,0,2,0,0,6,0,6,0,2,6,0,8,0,0,0,8
11/14/2021,GLH,MS,ASO,ES,Federal Contract Tower,0,4,2,0,6,0,0,4,0,4,0,4,6,0,10,0,0,0,10
11/15/2021,GLH,MS,ASO,ES,Federal Contract Tower,0,4,3,1,8,0,0,56,3,59,0,4,59,4,67,10,4,14,81
11/16/2021,GLH,MS,ASO,ES,Federal Contract Tower,0,2,5,5,12,0,0,32,0,32,0,2,37,5,44,6,44,50,94
11/17/2021,GLH,MS,ASO,ES,Federal Contract Tower,0,3,0,7,10,0,0,19,1,20,0,3,19,8,30,2,82,84,114
11/18/2021,GLH,MS,ASO,ES,Federal Contract Tower,0,3,3,1,7,0,0,4,5,9,0,3,7,6,16,0,8,8,24
11/19/2021,GLH,MS,ASO,ES,Federal Contract Tower,0,4,0,6,10,0,0,35,0,35,0,4,35,6,45,16,70,86,131
11/20/2021,GLH,MS,ASO,ES,Federal Contract Tower,0,2,4,2,8,0,0,20,0,20,0,2,24,2,28,4,2,6,34
11/21/2021,GLH,MS,ASO,ES,Federal Contract Tower,0,3,4,0,7,0,0,1,0,1,0,3,5,0,8,0,0,0,8
11/22/2021,GLH,MS,ASO,ES,Federal Contract Tower,0,3,6,2,11,0,0,11,0,11,0,3,17,2,22,2,24,26,48
11/23/2021,GLH,MS,ASO,ES,Federal Contract Tower,0,6,1,1,8,0,0,33,0,33,0,6,34,1,41,6,2,8,49
11/24/2021,GLH,MS,ASO,ES,Federal Contract Tower,0,3,3,7,13,0,0,14,0,14,0,3,17,7,27,2,34,36,63
11/25/2021,GLH,MS,ASO,ES,Federal Contract Tower,0,0,2,0,2,0,0,0,0,0,0,0,2,0,2,0,0,0,2
11/26/2021,GLH,MS,ASO,ES,Federal Contract Tower,0,3,0,0,3,0,0,2,0,2,0,3,2,0,5,0,0,0,5
11/27/2021,GLH,MS,ASO,ES,Federal Contract Tower,0,3,4,0,7,0,0,3,0,3,0,3,7,0,10,0,0,0,10
11/28/2021,GLH,MS,ASO,ES,Federal Contract Tower,0,4,5,0,9,0,0,2,0,2,0,4,7,0,11,0,0,0,11
11/29/2021,GLH,MS,ASO,ES,Federal Contract Tower,0,3,2,0,5,0,0,15,0,15,0,3,17,0,20,10,0,10,30
11/30/2021,GLH,MS,ASO,ES,Federal Contract Tower,0,2,1,11,14,0,0,21,0,21,0,2,22,11,35,18,74,92,127
12/01/2021,GLH,MS,ASO,ES,Federal Contract Tower,0,4,7,13,24,0,0,18,0,18,0,4,25,13,42,0,142,142,184
12/02/2021,GLH,MS,ASO,ES,Federal Contract Tower,0,4,2,8,14,0,0,44,0,44,0,4,46,8,58,16,100,116,174
12/03/2021,GLH,MS,ASO,ES,Federal Contract Tower,0,3,4,6,13,0,0,17,0,17,0,3,21,6,30,4,44,48,78
12/04/2021,GLH,MS,ASO,ES,Federal Contract Tower,0,2,5,0,7,0,0,16,0,16,0,2,21,0,23,2,0,2,25
12/05/2021,GLH,MS,ASO,ES,Federal Contract Tower,0,5,6,0,11,0,0,0,0,0,0,5,6,0,11,2,0,2,13
12/06/2021,GLH,MS,ASO,ES,Federal Contract Tower,0,4,1,6,11,0,0,1,0,1,0,4,2,6,12,0,48,48,60
12/07/2021,GLH,MS,ASO,ES,Federal Contract Tower,0,2,0,13,15,0,0,12,0,12,0,2,12,13,27,4,154,158,185
12/08/2021,GLH,MS,ASO,ES,Federal Contract Tower,0,3,2,4,9,0,0,16,4,20,0,3,18,8,29,4,50,54,83
12/09/2021,GLH,MS,ASO,ES,Federal Contract Tower,0,3,6,2,11,0,0,9,0,9,0,3,15,2,20,0,30,30,50
12/10/2021,GLH,MS,ASO,ES,Federal Contract Tower,0,4,4,10,18,0,0,3,0,3,0,4,7,10,21,0,72,72,93
12/11/2021,GLH,MS,ASO,ES,Federal Contract Tower,0,2,3,0,5,0,0,1,0,1,0,2,4,0,6,2,0,2,8
12/12/2021,GLH,MS,ASO,ES,Federal Contract Tower,0,4,7,0,11,0,0,13,0,13,0,4,20,0,24,4,0,4,28
12/13/2021,GLH,MS,ASO,ES,Federal Contract Tower,0,3,3,6,12,0,0,13,0,13,0,3,16,6,25,12,60,72,97
12/14/2021,GLH,MS,ASO,ES,Federal Contract Tower,0,2,6,6,14,0,0,12,0,12,0,2,18,6,26,14,44,58,84
12/15/2021,GLH,MS,ASO,ES,Federal Contract Tower,0,3,9,2,14,0,0,6,2,8,0,3,15,4,22,4,28,32,54
12/16/2021,GLH,MS,ASO,ES,Federal Contract Tower,0,3,11,12,26,0,0,2,0,2,0,3,13,12,28,2,10,12,40
12/17/2021,GLH,MS,ASO,ES,Federal Contract Tower,0,4,11,7,22,0,0,3,0,3,0,4,14,7,25,2,14,16,41
12/18/2021,GLH,MS,ASO,ES,Federal Contract Tower,0,2,2,0,4,0,0,0,0,0,0,2,2,0,4,0,0,0,4
12/19/2021,GLH,MS,ASO,ES,Federal Contract Tower,0,3,5,0,8,0,0,4,0,4,0,3,9,0,12,2,0,2,14
12/20/2021,GLH,MS,ASO,ES,Federal Contract Tower,0,4,2,4,10,0,0,8,0,8,0,4,10,4,18,0,42,42,60
12/21/2021,GLH,MS,ASO,ES,Federal Contract Tower,0,3,9,4,16,0,0,38,1,39,0,3,47,5,55,2,34,36,91
12/22/2021,GLH,MS,ASO,ES,Federal Contract Tower,0,3,4,2,9,0,0,15,0,15,0,3,19,2,24,0,36,36,60
12/23/2021,GLH,MS,ASO,ES,Federal Contract Tower,0,4,6,0,10,0,0,12,0,12,0,4,18,0,22,0,0,0,22
12/24/2021,GLH,MS,ASO,ES,Federal Contract Tower,0,0,0,0,0,0,0,0,0,0,0,0,0,0,0,0,0,0,0
12/25/2021,GLH,MS,ASO,ES,Federal Contract Tower,0,0,0,0,0,0,0,1,0,1,0,0,1,0,1,0,0,0,1
12/26/2021,GLH,MS,ASO,ES,Federal Contract Tower,0,0,2,0,2,0,0,10,0,10,0,0,12,0,12,0,0,0,12
12/27/2021,GLH,MS,ASO,ES,Federal Contract Tower,0,3,1,0,4,0,0,0,0,0,0,3,1,0,4,2,0,2,6
12/28/2021,GLH,MS,ASO,ES,Federal Contract Tower,0,2,6,0,8,0,0,4,0,4,0,2,10,0,12,0,0,0,12
12/29/2021,GLH,MS,ASO,ES,Federal Contract Tower,0,4,3,0,7,0,0,2,0,2,0,4,5,0,9,0,0,0,9
12/30/2021,GLH,MS,ASO,ES,Federal Contract Tower,0,5,14,2,21,0,0,4,0,4,0,5,18,2,25,4,0,4,29
12/31/2021,GLH,MS,ASO,ES,Federal Contract Tower,0,2,4,0,6,0,0,1,0,1,0,2,5,0,7,0,0,0,7
01/01/2022,GLH,MS,ASO,ES,Federal Contract Tower,0,1,1,0,2,0,0,2,0,2,0,1,3,0,4,0,0,0,4
01/02/2022,GLH,MS,ASO,ES,Federal Contract Tower,0,3,4,0,7,0,0,0,0,0,0,3,4,0,7,0,0,0,7
01/03/2022,GLH,MS,ASO,ES,Federal Contract Tower,0,3,0,0,3,0,0,4,0,4,0,3,4,0,7,2,0,2,9
01/04/2022,GLH,MS,ASO,ES,Federal Contract Tower,0,2,6,1,9,0,0,7,2,9,0,2,13,3,18,2,8,10,28
01/05/2022,GLH,MS,ASO,ES,Federal Contract Tower,0,3,5,4,12,0,0,17,0,17,0,3,22,4,29,14,42,56,85
01/06/2022,GLH,MS,ASO,ES,Federal Contract Tower,0,3,2,0,5,0,0,0,0,0,0,3,2,0,5,0,0,0,5
01/07/2022,GLH,MS,ASO,ES,Federal Contract Tower,0,3,2,2,7,0,13,4,0,17,0,16,6,2,24,4,6,10,34
01/08/2022,GLH,MS,ASO,ES,Federal Contract Tower,0,2,2,0,4,0,0,0,0,0,0,2,2,0,4,0,0,0,4
01/09/2022,GLH,MS,ASO,ES,Federal Contract Tower,0,3,2,0,5,0,0,0,0,0,0,3,2,0,5,0,0,0,5
01/10/2022,GLH,MS,ASO,ES,Federal Contract Tower,0,6,1,2,9,0,0,13,1,14,0,6,14,3,23,8,4,12,35
01/11/2022,GLH,MS,ASO,ES,Federal Contract Tower,0,2,0,3,5,0,0,31,1,32,0,2,31,4,37,10,70,80,117
01/12/2022,GLH,MS,ASO,ES,Federal Contract Tower,0,3,3,11,17,0,0,7,5,12,0,3,10,16,29,0,102,102,131
01/13/2022,GLH,MS,ASO,ES,Federal Contract Tower,0,3,2,0,5,0,0,10,1,11,0,3,12,1,16,8,42,50,66
01/14/2022,GLH,MS,ASO,ES,Federal Contract Tower,0,2,5,6,13,0,0,29,3,32,0,2,34,9,45,6,22,28,73
01/15/2022,GLH,MS,ASO,ES,Federal Contract Tower,0,2,0,0,2,0,0,0,0,0,0,2,0,0,2,0,0,0,2
01/16/2022,GLH,MS,ASO,ES,Federal Contract Tower,0,3,0,0,3,0,0,2,0,2,0,3,2,0,5,0,0,0,5
01/17/2022,GLH,MS,ASO,ES,Federal Contract Tower,0,4,2,0,6,0,0,4,8,12,0,4,6,8,18,2,0,2,20
01/18/2022,GLH,MS,ASO,ES,Federal Contract Tower,0,4,1,2,7,0,0,25,2,27,0,4,26,4,34,14,4,18,52
01/19/2022,GLH,MS,ASO,ES,Federal Contract Tower,0,3,2,0,5,0,0,2,0,2,0,3,4,0,7,0,0,0,7
01/20/2022,GLH,MS,ASO,ES,Federal Contract Tower,0,3,2,10,15,0,0,0,4,4,0,3,2,14,19,0,200,200,219
01/21/2022,GLH,MS,ASO,ES,Federal Contract Tower,0,3,1,4,8,0,0,8,5,13,0,3,9,9,21,8,30,38,59
01/22/2022,GLH,MS,ASO,ES,Federal Contract Tower,0,6,0,0,6,0,0,10,0,10,0,6,10,0,16,8,0,8,24
01/23/2022,GLH,MS,ASO,ES,Federal Contract Tower,0,4,0,0,4,0,0,17,0,17,0,4,17,0,21,4,0,4,25
01/24/2022,GLH,MS,ASO,ES,Federal Contract Tower,0,3,4,9,16,0,0,18,6,24,0,3,22,15,40,4,130,134,174
01/25/2022,GLH,MS,ASO,ES,Federal Contract Tower,0,2,2,7,11,0,0,6,1,7,0,2,8,8,18,0,76,76,94
01/26/2022,GLH,MS,ASO,ES,Federal Contract Tower,0,3,1,3,7,0,0,12,0,12,0,3,13,3,19,6,40,46,65
01/27/2022,GLH,MS,ASO,ES,Federal Contract Tower,0,4,3,6,13,0,0,7,1,8,0,4,10,7,21,12,94,106,127
01/28/2022,GLH,MS,ASO,ES,Federal Contract Tower,0,3,3,2,8,0,0,17,2,19,0,3,20,4,27,8,28,36,63
01/29/2022,GLH,MS,ASO,ES,Federal Contract Tower,0,2,1,0,3,0,0,3,12,15,0,2,4,12,18,2,0,2,20
01/30/2022,GLH,MS,ASO,ES,Federal Contract Tower,0,4,0,2,6,0,0,5,16,21,0,4,5,18,27,0,4,4,31
01/31/2022,GLH,MS,ASO,ES,Federal Contract Tower,0,3,1,2,6,0,0,16,2,18,0,3,17,4,24,12,20,32,56
02/01/2022,GLH,MS,ASO,ES,Federal Contract Tower,0,2,0,5,7,0,0,4,0,4,0,2,4,5,11,0,30,30,41
02/02/2022,GLH,MS,ASO,ES,Federal Contract Tower,0,3,1,0,4,0,0,1,0,1,0,3,2,0,5,0,0,0,5
02/03/2022,GLH,MS,ASO,ES,Federal Contract Tower,0,0,0,0,0,0,0,0,0,0,0,0,0,0,0,0,0,0,0
02/04/2022,GLH,MS,ASO,ES,Federal Contract Tower,0,3,1,0,4,0,0,1,0,1,0,3,2,0,5,0,0,0,5
02/05/2022,GLH,MS,ASO,ES,Federal Contract Tower,0,2,0,0,2,0,0,10,0,10,0,2,10,0,12,0,0,0,12
02/06/2022,GLH,MS,ASO,ES,Federal Contract Tower,0,4,3,1,8,0,0,29,1,30,0,4,32,2,38,6,2,8,46
02/07/2022,GLH,MS,ASO,ES,Federal Contract Tower,0,3,5,0,8,0,0,7,6,13,0,3,12,6,21,10,0,10,31
02/08/2022,GLH,MS,ASO,ES,Federal Contract Tower,0,4,4,4,12,0,0,20,0,20,0,4,24,4,32,12,46,58,90
02/09/2022,GLH,MS,ASO,ES,Federal Contract Tower,0,3,4,5,12,0,0,40,2,42,0,3,44,7,54,28,34,62,116
02/10/2022,GLH,MS,ASO,ES,Federal Contract Tower,0,3,5,4,12,0,0,12,0,12,0,3,17,4,24,24,54,78,102
02/11/2022,GLH,MS,ASO,ES,Federal Contract Tower,0,3,0,3,6,0,0,6,13,19,0,3,6,16,25,6,14,20,45
02/12/2022,GLH,MS,ASO,ES,Federal Contract Tower,0,4,1,0,5,0,0,0,0,0,0,4,1,0,5,0,0,0,5
02/13/2022,GLH,MS,ASO,ES,Federal Contract Tower,0,4,3,1,8,0,0,10,0,10,0,4,13,1,18,0,2,2,20
02/14/2022,GLH,MS,ASO,ES,Federal Contract Tower,0,3,3,5,11,0,0,17,3,20,0,3,20,8,31,18,64,82,113
02/15/2022,GLH,MS,ASO,ES,Federal Contract Tower,0,2,1,1,4,0,0,13,2,15,0,2,14,3,19,12,2,14,33
02/16/2022,GLH,MS,ASO,ES,Federal Contract Tower,0,3,2,2,7,0,0,4,4,8,0,3,6,6,15,0,6,6,21
02/17/2022,GLH,MS,ASO,ES,Federal Contract Tower,0,3,2,0,5,0,0,0,0,0,0,3,2,0,5,0,0,0,5
02/18/2022,GLH,MS,ASO,ES,Federal Contract Tower,0,3,1,7,11,0,0,20,0,20,0,3,21,7,31,14,70,84,115
02/19/2022,GLH,MS,ASO,ES,Federal Contract Tower,0,2,2,0,4,0,13,2,0,15,0,15,4,0,19,8,0,8,27
02/20/2022,GLH,MS,ASO,ES,Federal Contract Tower,0,4,6,0,10,0,0,17,0,17,0,4,23,0,27,6,0,6,33
02/21/2022,GLH,MS,ASO,ES,Federal Contract Tower,0,2,4,0,6,0,0,0,0,0,0,2,4,0,6,0,0,0,6
02/22/2022,GLH,MS,ASO,ES,Federal Contract Tower,0,2,2,8,12,0,0,4,1,5,0,2,6,9,17,0,74,74,91
02/23/2022,GLH,MS,ASO,ES,Federal Contract Tower,0,1,8,5,14,0,0,0,0,0,0,1,8,5,14,2,16,18,32
02/24/2022,GLH,MS,ASO,ES,Federal Contract Tower,0,1,5,0,6,0,0,0,0,0,0,1,5,0,6,0,0,0,6
02/25/2022,GLH,MS,ASO,ES,Federal Contract Tower,0,4,4,13,21,0,0,11,4,15,0,4,15,17,36,0,108,108,144
02/26/2022,GLH,MS,ASO,ES,Federal Contract Tower,0,2,0,0,2,0,0,0,0,0,0,2,0,0,2,0,0,0,2
02/27/2022,GLH,MS,ASO,ES,Federal Contract Tower,0,4,0,0,4,0,0,1,0,1,0,4,1,0,5,0,0,0,5
02/28/2022,GLH,MS,ASO,ES,Federal Contract Tower,0,3,2,4,9,0,0,23,0,23,0,3,25,4,32,12,36,48,80
03/01/2022,GLH,MS,ASO,ES,Federal Contract Tower,0,4,5,3,12,0,0,24,1,25,0,4,29,4,37,28,14,42,79
03/02/2022,GLH,MS,ASO,ES,Federal Contract Tower,0,3,2,5,10,0,0,16,18,34,0,3,18,23,44,16,44,60,104
03/03/2022,GLH,MS,ASO,ES,Federal Contract Tower,0,3,1,4,8,0,0,38,6,44,0,3,39,10,52,20,38,58,110
03/04/2022,GLH,MS,ASO,ES,Federal Contract Tower,0,3,0,6,9,0,0,31,0,31,0,3,31,6,40,12,72,84,124
03/05/2022,GLH,MS,ASO,ES,Federal Contract Tower,0,2,0,3,5,0,0,4,0,4,0,2,4,3,9,6,8,14,23
03/06/2022,GLH,MS,ASO,ES,Federal Contract Tower,0,4,0,0,4,0,0,0,0,0,0,4,0,0,4,0,0,0,4
03/07/2022,GLH,MS,ASO,ES,Federal Contract Tower,0,3,6,2,11,0,0,3,0,3,0,3,9,2,14,0,4,4,18
03/08/2022,GLH,MS,ASO,ES,Federal Contract Tower,0,2,7,0,9,0,0,6,0,6,0,2,13,0,15,0,0,0,15
03/09/2022,GLH,MS,ASO,ES,Federal Contract Tower,0,3,5,5,13,0,0,2,2,4,0,3,7,7,17,0,12,12,29
03/10/2022,GLH,MS,ASO,ES,Federal Contract Tower,0,3,5,4,12,0,0,88,2,90,0,3,93,6,102,20,10,30,132
03/11/2022,GLH,MS,ASO,ES,Federal Contract Tower,0,4,1,2,7,0,0,59,4,63,0,4,60,6,70,4,30,34,104
03/12/2022,GLH,MS,ASO,ES,Federal Contract Tower,0,2,0,0,2,0,0,3,0,3,0,2,3,0,5,8,0,8,13
03/13/2022,GLH,MS,ASO,ES,Federal Contract Tower,0,4,2,2,8,0,0,12,0,12,0,4,14,2,20,2,38,40,60
03/14/2022,GLH,MS,ASO,ES,Federal Contract Tower,0,2,0,2,4,0,0,12,0,12,0,2,12,2,16,8,32,40,56
03/15/2022,GLH,MS,ASO,ES,Federal Contract Tower,0,2,2,0,4,0,0,0,0,0,0,2,2,0,4,0,0,0,4
03/16/2022,GLH,MS,ASO,ES,Federal Contract Tower,0,4,2,6,12,0,0,50,0,50,0,4,52,6,62,4,12,16,78
03/17/2022,GLH,MS,ASO,ES,Federal Contract Tower,0,0,4,6,10,0,0,22,0,22,0,0,26,6,32,8,24,32,64
03/18/2022,GLH,MS,ASO,ES,Federal Contract Tower,0,4,0,5,9,0,0,2,1,3,0,4,2,6,12,2,42,44,56
03/19/2022,GLH,MS,ASO,ES,Federal Contract Tower,0,4,2,0,6,0,0,59,0,59,0,4,61,0,65,12,0,12,77
03/20/2022,GLH,MS,ASO,ES,Federal Contract Tower,0,4,3,1,8,0,0,49,2,51,0,4,52,3,59,2,0,2,61
03/21/2022,GLH,MS,ASO,ES,Federal Contract Tower,0,2,1,8,11,0,0,7,4,11,0,2,8,12,22,2,106,108,130
03/22/2022,GLH,MS,ASO,ES,Federal Contract Tower,0,2,0,0,2,0,0,0,0,0,0,2,0,0,2,0,0,0,2
03/23/2022,GLH,MS,ASO,ES,Federal Contract Tower,0,3,0,6,9,0,0,10,0,10,0,3,10,6,19,4,14,18,37
03/24/2022,GLH,MS,ASO,ES,Federal Contract Tower,0,3,5,3,11,0,0,21,0,21,0,3,26,3,32,8,12,20,52
03/25/2022,GLH,MS,ASO,ES,Federal Contract Tower,0,3,3,0,6,0,0,32,0,32,0,3,35,0,38,6,0,6,44
03/26/2022,GLH,MS,ASO,ES,Federal Contract Tower,0,2,1,0,3,0,0,9,0,9,0,2,10,0,12,2,0,2,14
03/27/2022,GLH,MS,ASO,ES,Federal Contract Tower,0,4,1,0,5,0,0,14,0,14,0,4,15,0,19,2,0,2,21
03/28/2022,GLH,MS,ASO,ES,Federal Contract Tower,0,3,1,9,13,0,0,17,2,19,0,3,18,11,32,8,38,46,78
03/29/2022,GLH,MS,ASO,ES,Federal Contract Tower,0,2,1,3,6,0,0,1,1,2,0,2,2,4,8,0,70,70,78
03/30/2022,GLH,MS,ASO,ES,Federal Contract Tower,0,2,0,0,2,0,0,0,0,0,0,2,0,0,2,0,0,0,2
03/31/2022,GLH,MS,ASO,ES,Federal Contract Tower,0,4,2,4,10,0,0,15,4,19,0,4,17,8,29,12,16,28,57
04/01/2022,GLH,MS,ASO,ES,Federal Contract Tower,0,4,2,4,10,0,0,6,4,10,0,4,8,8,20,0,0,0,20
04/02/2022,GLH,MS,ASO,ES,Federal Contract Tower,0,3,2,0,5,0,0,128,0,128,0,3,130,0,133,12,0,12,145
04/03/2022,GLH,MS,ASO,ES,Federal Contract Tower,0,4,3,0,7,0,0,29,0,29,0,4,32,0,36,2,0,2,38
04/04/2022,GLH,MS,ASO,ES,Federal Contract Tower,0,3,4,9,16,0,0,32,7,39,0,3,36,16,55,10,140,150,205
04/05/2022,GLH,MS,ASO,ES,Federal Contract Tower,0,2,0,10,12,0,0,2,0,2,0,2,2,10,14,2,74,76,90
04/06/2022,GLH,MS,ASO,ES,Federal Contract Tower,0,4,3,6,13,0,0,6,2,8,0,4,9,8,21,2,126,128,149
04/07/2022,GLH,MS,ASO,ES,Federal Contract Tower,0,3,3,6,12,0,0,7,2,9,0,3,10,8,21,2,20,22,43
04/08/2022,GLH,MS,ASO,ES,Federal Contract Tower,0,3,2,3,8,0,0,1,2,3,0,3,3,5,11,2,10,12,23
04/09/2022,GLH,MS,ASO,ES,Federal Contract Tower,0,2,1,0,3,0,0,8,0,8,0,2,9,0,11,6,0,6,17
04/10/2022,GLH,MS,ASO,ES,Federal Contract Tower,0,4,0,0,4,0,0,7,0,7,0,4,7,0,11,2,0,2,13
04/11/2022,GLH,MS,ASO,ES,Federal Contract Tower,0,3,2,12,17,0,0,7,0,7,0,3,9,12,24,2,56,58,82
04/12/2022,GLH,MS,ASO,ES,Federal Contract Tower,0,2,11,11,24,0,0,0,1,1,0,2,11,12,25,4,126,130,155
04/13/2022,GLH,MS,ASO,ES,Federal Contract Tower,0,5,0,5,10,0,0,0,1,1,0,5,0,6,11,0,70,70,81
04/14/2022,GLH,MS,ASO,ES,Federal Contract Tower,0,5,6,2,13,0,0,23,2,25,0,5,29,4,38,28,6,34,72
04/15/2022,GLH,MS,ASO,ES,Federal Contract Tower,0,2,6,9,17,0,0,17,0,17,0,2,23,9,34,4,90,94,128
04/16/2022,GLH,MS,ASO,ES,Federal Contract Tower,0,2,2,0,4,0,0,0,0,0,0,2,2,0,4,0,0,0,4
04/17/2022,GLH,MS,ASO,ES,Federal Contract Tower,0,3,2,0,5,0,0,0,0,0,0,3,2,0,5,0,0,0,5
04/18/2022,GLH,MS,ASO,ES,Federal Contract Tower,0,4,8,11,23,0,0,14,3,17,0,4,22,14,40,6,118,124,164
04/19/2022,GLH,MS,ASO,ES,Federal Contract Tower,0,2,0,2,4,0,0,34,1,35,0,2,34,3,39,22,4,26,65
04/20/2022,GLH,MS,ASO,ES,Federal Contract Tower,0,2,9,4,15,0,0,15,0,15,0,2,24,4,30,4,56,60,90
04/21/2022,GLH,MS,ASO,ES,Federal Contract Tower,0,4,4,4,12,0,0,15,2,17,0,4,19,6,29,18,36,54,83
04/22/2022,GLH,MS,ASO,ES,Federal Contract Tower,0,4,2,10,16,0,0,11,0,11,0,4,13,10,27,2,134,136,163
04/23/2022,GLH,MS,ASO,ES,Federal Contract Tower,0,2,3,0,5,0,0,7,0,7,0,2,10,0,12,0,0,0,12
04/24/2022,GLH,MS,ASO,ES,Federal Contract Tower,0,3,4,0,7,0,0,4,0,4,0,3,8,0,11,4,0,4,15
04/25/2022,GLH,MS,ASO,ES,Federal Contract Tower,0,3,2,4,9,0,0,1,0,1,0,3,3,4,10,0,0,0,10
04/26/2022,GLH,MS,ASO,ES,Federal Contract Tower,0,2,2,5,9,0,0,20,2,22,0,2,22,7,31,10,32,42,73
04/27/2022,GLH,MS,ASO,ES,Federal Contract Tower,0,3,2,5,10,0,0,21,6,27,0,3,23,11,37,14,48,62,99
04/28/2022,GLH,MS,ASO,ES,Federal Contract Tower,0,3,5,6,14,0,0,46,4,50,0,3,51,10,64,26,80,106,170
04/29/2022,GLH,MS,ASO,ES,Federal Contract Tower,0,3,0,6,9,0,0,38,2,40,0,3,38,8,49,8,84,92,141
04/30/2022,GLH,MS,ASO,ES,Federal Contract Tower,0,2,2,1,5,0,0,0,0,0,0,2,2,1,5,0,2,2,7
05/01/2022,GLH,MS,ASO,ES,Federal Contract Tower,0,3,0,0,3,0,0,16,0,16,0,3,16,0,19,4,0,4,23
05/02/2022,GLH,MS,ASO,ES,Federal Contract Tower,0,3,0,4,7,0,0,23,0,23,0,3,23,4,30,2,112,114,144
05/03/2022,GLH,MS,ASO,ES,Federal Contract Tower,0,4,0,2,6,0,0,2,0,2,0,4,2,2,8,4,28,32,40
05/04/2022,GLH,MS,ASO,ES,Federal Contract Tower,0,5,3,4,12,0,0,17,2,19,0,5,20,6,31,8,48,56,87
05/05/2022,GLH,MS,ASO,ES,Federal Contract Tower,0,3,2,5,10,0,0,21,0,21,0,3,23,5,31,2,48,50,81
05/06/2022,GLH,MS,ASO,ES,Federal Contract Tower,0,5,1,0,6,0,0,10,2,12,0,5,11,2,18,0,0,0,18
05/07/2022,GLH,MS,ASO,ES,Federal Contract Tower,0,2,0,0,2,0,0,70,0,70,0,2,70,0,72,6,0,6,78
05/08/2022,GLH,MS,ASO,ES,Federal Contract Tower,0,3,0,0,3,0,0,9,0,9,0,3,9,0,12,0,0,0,12
05/09/2022,GLH,MS,ASO,ES,Federal Contract Tower,0,2,2,7,11,0,0,7,8,15,0,2,9,15,26,2,68,70,96
05/10/2022,GLH,MS,ASO,ES,Federal Contract Tower,0,4,2,8,14,0,0,19,0,19,0,4,21,8,33,4,108,112,145
05/11/2022,GLH,MS,ASO,ES,Federal Contract Tower,0,4,0,14,18,0,0,18,0,18,0,4,18,14,36,18,211,229,265
05/12/2022,GLH,MS,ASO,ES,Federal Contract Tower,0,4,1,4,9,0,0,19,0,19,0,4,20,4,28,24,46,70,98
05/13/2022,GLH,MS,ASO,ES,Federal Contract Tower,0,3,0,2,5,0,0,8,0,8,0,3,8,2,13,4,30,34,47
05/14/2022,GLH,MS,ASO,ES,Federal Contract Tower,0,2,0,0,2,0,0,1,0,1,0,2,1,0,3,0,0,0,3
05/15/2022,GLH,MS,ASO,ES,Federal Contract Tower,0,4,3,2,9,0,0,21,0,21,0,4,24,2,30,10,50,60,90
05/16/2022,GLH,MS,ASO,ES,Federal Contract Tower,0,3,0,5,8,0,0,25,2,27,0,3,25,7,35,18,58,76,111
05/17/2022,GLH,MS,ASO,ES,Federal Contract Tower,0,2,3,5,10,0,0,12,1,13,0,2,15,6,23,6,64,70,93
05/18/2022,GLH,MS,ASO,ES,Federal Contract Tower,0,3,2,4,9,0,0,11,10,21,0,3,13,14,30,6,36,42,72
05/19/2022,GLH,MS,ASO,ES,Federal Contract Tower,0,3,3,6,12,0,0,12,2,14,0,3,15,8,26,4,58,62,88
05/20/2022,GLH,MS,ASO,ES,Federal Contract Tower,0,3,0,5,8,0,0,13,1,14,0,3,13,6,22,2,20,22,44
05/21/2022,GLH,MS,ASO,ES,Federal Contract Tower,0,2,8,3,13,0,0,6,0,6,0,2,14,3,19,10,4,14,33
05/22/2022,GLH,MS,ASO,ES,Federal Contract Tower,0,3,1,0,4,0,0,1,0,1,0,3,2,0,5,0,0,0,5
05/23/2022,GLH,MS,ASO,ES,Federal Contract Tower,0,3,3,7,13,0,0,2,0,2,0,3,5,7,15,2,12,14,29
05/24/2022,GLH,MS,ASO,ES,Federal Contract Tower,0,2,0,2,4,0,0,4,0,4,0,2,4,2,8,0,6,6,14
05/25/2022,GLH,MS,ASO,ES,Federal Contract Tower,0,3,0,0,3,0,0,6,0,6,0,3,6,0,9,4,0,4,13
05/26/2022,GLH,MS,ASO,ES,Federal Contract Tower,0,2,2,4,8,0,0,10,0,10,0,2,12,4,18,6,22,28,46
05/27/2022,GLH,MS,ASO,ES,Federal Contract Tower,0,3,2,0,5,0,0,21,0,21,0,3,23,0,26,4,0,4,30
05/28/2022,GLH,MS,ASO,ES,Federal Contract Tower,0,2,0,0,2,0,0,30,0,30,0,2,30,0,32,18,0,18,50
05/29/2022,GLH,MS,ASO,ES,Federal Contract Tower,0,3,0,0,3,0,0,11,0,11,0,3,11,0,14,6,0,6,20
05/30/2022,GLH,MS,ASO,ES,Federal Contract Tower,0,3,3,0,6,0,0,21,0,21,0,3,24,0,27,2,0,2,29
05/31/2022,GLH,MS,ASO,ES,Federal Contract Tower,0,2,3,7,12,0,0,24,1,25,0,2,27,8,37,18,26,44,81
06/01/2022,GLH,MS,ASO,ES,Federal Contract Tower,0,2,2,5,9,0,0,40,2,42,0,2,42,7,51,8,82,90,141
06/02/2022,GLH,MS,ASO,ES,Federal Contract Tower,0,3,2,0,5,0,0,12,0,12,0,3,14,0,17,2,0,2,19
06/03/2022,GLH,MS,ASO,ES,Federal Contract Tower,0,3,2,5,10,0,0,35,0,35,0,3,37,5,45,6,10,16,61
06/04/2022,GLH,MS,ASO,ES,Federal Contract Tower,0,2,0,0,2,0,0,4,0,4,0,2,4,0,6,0,0,0,6
06/05/2022,GLH,MS,ASO,ES,Federal Contract Tower,0,3,1,0,4,0,0,4,0,4,0,3,5,0,8,2,0,2,10
06/06/2022,GLH,MS,ASO,ES,Federal Contract Tower,0,3,0,10,13,0,0,79,0,79,0,3,79,10,92,4,104,108,200
06/07/2022,GLH,MS,ASO,ES,Federal Contract Tower,0,2,3,10,15,0,0,57,2,59,0,2,60,12,74,12,144,156,230
06/08/2022,GLH,MS,ASO,ES,Federal Contract Tower,0,3,2,9,14,0,0,2,0,2,0,3,4,9,16,0,86,86,102
06/09/2022,GLH,MS,ASO,ES,Federal Contract Tower,0,6,7,9,22,0,1,12,1,14,0,7,19,10,36,6,34,40,76
06/10/2022,GLH,MS,ASO,ES,Federal Contract Tower,0,4,1,2,7,0,0,0,0,0,0,4,1,2,7,0,4,4,11
06/11/2022,GLH,MS,ASO,ES,Federal Contract Tower,0,2,2,0,4,0,0,11,0,11,0,2,13,0,15,2,0,2,17
06/12/2022,GLH,MS,ASO,ES,Federal Contract Tower,0,6,5,0,11,0,0,9,0,9,0,6,14,0,20,0,0,0,20
06/13/2022,GLH,MS,ASO,ES,Federal Contract Tower,0,3,2,7,12,0,0,75,3,78,0,3,77,10,90,2,84,86,176
06/14/2022,GLH,MS,ASO,ES,Federal Contract Tower,0,2,3,0,5,0,0,79,0,79,0,2,82,0,84,20,0,20,104
06/15/2022,GLH,MS,ASO,ES,Federal Contract Tower,0,3,0,9,12,0,0,83,2,85,0,3,83,11,97,6,72,78,175
06/16/2022,GLH,MS,ASO,ES,Federal Contract Tower,0,3,6,5,14,0,0,61,0,61,0,3,67,5,75,18,74,92,167
06/17/2022,GLH,MS,ASO,ES,Federal Contract Tower,0,3,6,8,17,0,0,28,1,29,0,3,34,9,46,10,72,82,128
06/18/2022,GLH,MS,ASO,ES,Federal Contract Tower,0,2,2,0,4,0,0,22,0,22,0,2,24,0,26,2,0,2,28
06/19/2022,GLH,MS,ASO,ES,Federal Contract Tower,0,4,1,0,5,0,0,12,0,12,0,4,13,0,17,20,0,20,37
06/20/2022,GLH,MS,ASO,ES,Federal Contract Tower,0,3,0,0,3,0,0,40,0,40,0,3,40,0,43,6,0,6,49
06/21/2022,GLH,MS,ASO,ES,Federal Contract Tower,0,2,4,0,6,0,0,61,0,61,0,2,65,0,67,10,0,10,77
06/22/2022,GLH,MS,ASO,ES,Federal Contract Tower,0,3,0,6,9,0,0,62,0,62,0,3,62,6,71,8,96,104,175
06/23/2022,GLH,MS,ASO,ES,Federal Contract Tower,0,3,2,7,12,0,0,61,3,64,0,3,63,10,76,20,104,124,200
06/24/2022,GLH,MS,ASO,ES,Federal Contract Tower,0,4,3,5,12,0,0,31,0,31,0,4,34,5,43,6,42,48,91
06/25/2022,GLH,MS,ASO,ES,Federal Contract Tower,0,2,0,0,2,0,0,33,0,33,0,2,33,0,35,10,0,10,45
06/26/2022,GLH,MS,ASO,ES,Federal Contract Tower,0,3,4,0,7,0,0,7,0,7,0,3,11,0,14,0,0,0,14
06/27/2022,GLH,MS,ASO,ES,Federal Contract Tower,0,4,7,11,22,0,0,4,0,4,0,4,11,11,26,6,118,124,150
06/28/2022,GLH,MS,ASO,ES,Federal Contract Tower,0,2,0,6,8,0,0,9,2,11,0,2,9,8,19,2,70,72,91
06/29/2022,GLH,MS,ASO,ES,Federal Contract Tower,0,3,3,11,17,0,0,17,9,26,0,3,20,20,43,12,88,100,143
06/30/2022,GLH,MS,ASO,ES,Federal Contract Tower,0,3,3,1,7,0,0,6,0,6,0,3,9,1,13,0,2,2,15
07/01/2022,GLH,MS,ASO,ES,Federal Contract Tower,0,3,6,0,9,0,0,4,0,4,0,3,10,0,13,2,0,2,15
07/02/2022,GLH,MS,ASO,ES,Federal Contract Tower,0,2,0,0,2,0,0,5,0,5,0,2,5,0,7,0,0,0,7
07/03/2022,GLH,MS,ASO,ES,Federal Contract Tower,0,3,3,0,6,0,0,2,0,2,0,3,5,0,8,0,0,0,8
07/04/2022,GLH,MS,ASO,ES,Federal Contract Tower,0,3,1,0,4,0,0,19,0,19,0,3,20,0,23,2,0,2,25
07/05/2022,GLH,MS,ASO,ES,Federal Contract Tower,0,2,4,5,11,0,0,63,5,68,0,2,67,10,79,8,56,64,143
07/06/2022,GLH,MS,ASO,ES,Federal Contract Tower,0,3,4,16,23,0,0,63,0,63,0,3,67,16,86,12,62,74,160
07/07/2022,GLH,MS,ASO,ES,Federal Contract Tower,0,3,1,7,11,0,0,97,2,99,0,3,98,9,110,10,40,50,160
07/08/2022,GLH,MS,ASO,ES,Federal Contract Tower,0,3,1,14,18,0,0,35,6,41,0,3,36,20,59,16,62,78,137
07/09/2022,GLH,MS,ASO,ES,Federal Contract Tower,0,2,0,0,2,0,0,9,0,9,0,2,9,0,11,2,0,2,13
07/10/2022,GLH,MS,ASO,ES,Federal Contract Tower,0,3,0,5,8,0,0,0,0,0,0,3,0,5,8,0,6,6,14
07/11/2022,GLH,MS,ASO,ES,Federal Contract Tower,0,4,1,11,16,0,0,25,3,28,0,4,26,14,44,0,46,46,90
07/12/2022,GLH,MS,ASO,ES,Federal Contract Tower,0,2,3,5,10,0,0,52,4,56,0,2,55,9,66,4,16,20,86
07/13/2022,GLH,MS,ASO,ES,Federal Contract Tower,0,3,3,10,16,0,0,13,13,26,0,3,16,23,42,4,18,22,64
07/14/2022,GLH,MS,ASO,ES,Federal Contract Tower,0,3,4,9,16,0,0,14,3,17,0,3,18,12,33,8,34,42,75
07/15/2022,GLH,MS,ASO,ES,Federal Contract Tower,0,3,1,2,6,0,0,13,6,19,0,3,14,8,25,8,20,28,53
07/16/2022,GLH,MS,ASO,ES,Federal Contract Tower,0,2,0,0,2,0,0,26,0,26,0,2,26,0,28,0,0,0,28
07/17/2022,GLH,MS,ASO,ES,Federal Contract Tower,0,3,2,0,5,0,0,3,2,5,0,3,5,2,10,0,0,0,10
07/18/2022,GLH,MS,ASO,ES,Federal Contract Tower,0,4,4,5,13,0,0,9,1,10,0,4,13,6,23,4,40,44,67
07/19/2022,GLH,MS,ASO,ES,Federal Contract Tower,0,2,4,4,10,0,0,49,0,49,0,2,53,4,59,8,42,50,109
07/20/2022,GLH,MS,ASO,ES,Federal Contract Tower,0,3,0,4,7,0,0,11,2,13,0,3,11,6,20,0,38,38,58
07/21/2022,GLH,MS,ASO,ES,Federal Contract Tower,0,3,3,7,13,0,0,60,5,65,0,3,63,12,78,6,20,26,104
07/22/2022,GLH,MS,ASO,ES,Federal Contract Tower,0,3,0,11,14,0,0,37,2,39,0,3,37,13,53,4,10,14,67
07/23/2022,GLH,MS,ASO,ES,Federal Contract Tower,0,4,0,0,4,0,0,86,0,86,0,4,86,0,90,12,0,12,102
07/24/2022,GLH,MS,ASO,ES,Federal Contract Tower,0,3,4,1,8,0,0,39,0,39,0,3,43,1,47,2,2,4,51
07/25/2022,GLH,MS,ASO,ES,Federal Contract Tower,0,3,2,4,9,0,0,42,4,46,0,3,44,8,55,4,10,14,69
07/26/2022,GLH,MS,ASO,ES,Federal Contract Tower,0,2,3,5,10,0,0,26,2,28,0,2,29,7,38,2,40,42,80
07/27/2022,GLH,MS,ASO,ES,Federal Contract Tower,0,4,1,2,7,0,0,30,4,34,0,4,31,6,41,4,6,10,51
07/28/2022,GLH,MS,ASO,ES,Federal Contract Tower,0,3,1,0,4,0,0,48,0,48,0,3,49,0,52,10,0,10,62
07/29/2022,GLH,MS,ASO,ES,Federal Contract Tower,0,2,2,0,4,0,0,18,0,18,0,2,20,0,22,0,0,0,22
07/30/2022,GLH,MS,ASO,ES,Federal Contract Tower,0,2,0,0,2,0,0,2,0,2,0,2,2,0,4,0,0,0,4
07/31/2022,GLH,MS,ASO,ES,Federal Contract Tower,0,3,4,0,7,0,4,0,0,4,0,7,4,0,11,0,0,0,11
08/01/2022,GLH,MS,ASO,ES,Federal Contract Tower,0,3,0,11,14,0,0,11,1,12,0,3,11,12,26,6,44,50,76
08/02/2022,GLH,MS,ASO,ES,Federal Contract Tower,0,2,4,2,8,0,0,7,4,11,0,2,11,6,19,2,4,6,25
08/03/2022,GLH,MS,ASO,ES,Federal Contract Tower,0,3,8,3,14,0,0,7,2,9,0,3,15,5,23,0,12,12,35
08/04/2022,GLH,MS,ASO,ES,Federal Contract Tower,0,3,5,7,15,0,0,12,0,12,0,3,17,7,27,0,56,56,83
08/05/2022,GLH,MS,ASO,ES,Federal Contract Tower,0,3,2,6,11,0,0,14,3,17,0,3,16,9,28,0,50,50,78
08/06/2022,GLH,MS,ASO,ES,Federal Contract Tower,0,2,4,0,6,0,0,9,10,19,0,2,13,10,25,0,0,0,25
08/07/2022,GLH,MS,ASO,ES,Federal Contract Tower,0,3,5,2,10,0,0,4,0,4,0,3,9,2,14,0,4,4,18
08/08/2022,GLH,MS,ASO,ES,Federal Contract Tower,0,3,1,10,14,0,0,20,2,22,0,3,21,12,36,4,82,86,122
08/09/2022,GLH,MS,ASO,ES,Federal Contract Tower,0,2,0,0,2,0,0,8,0,8,0,2,8,0,10,4,0,4,14
08/11/2022,GLH,MS,ASO,ES,Federal Contract Tower,0,4,2,6,12,0,0,9,2,11,0,4,11,8,23,4,8,12,35
08/12/2022,GLH,MS,ASO,ES,Federal Contract Tower,0,4,0,2,6,0,0,16,6,22,0,4,16,8,28,0,24,24,52
08/13/2022,GLH,MS,ASO,ES,Federal Contract Tower,0,2,3,0,5,0,0,11,0,11,0,2,14,0,16,8,0,8,24
08/14/2022,GLH,MS,ASO,ES,Federal Contract Tower,0,3,0,0,3,0,0,4,2,6,0,3,4,2,9,4,0,4,13
08/15/2022,GLH,MS,ASO,ES,Federal Contract Tower,0,3,2,1,6,0,0,44,1,45,0,3,46,2,51,10,2,12,63
08/16/2022,GLH,MS,ASO,ES,Federal Contract Tower,0,2,2,3,7,0,0,19,7,26,0,2,21,10,33,6,30,36,69
08/17/2022,GLH,MS,ASO,ES,Federal Contract Tower,0,3,10,4,17,0,0,5,0,5,0,3,15,4,22,0,0,0,22
08/18/2022,GLH,MS,ASO,ES,Federal Contract Tower,0,3,3,3,9,0,0,11,1,12,0,3,14,4,21,2,32,34,55
08/19/2022,GLH,MS,ASO,ES,Federal Contract Tower,0,3,1,13,17,0,0,6,3,9,0,3,7,16,26,2,80,82,108
08/20/2022,GLH,MS,ASO,ES,Federal Contract Tower,0,2,5,0,7,0,0,4,0,4,0,2,9,0,11,6,0,6,17
08/21/2022,GLH,MS,ASO,ES,Federal Contract Tower,0,3,3,0,6,0,0,1,0,1,0,3,4,0,7,0,0,0,7
08/22/2022,GLH,MS,ASO,ES,Federal Contract Tower,0,3,1,0,4,0,0,0,0,0,0,3,1,0,4,0,0,0,4
08/23/2022,GLH,MS,ASO,ES,Federal Contract Tower,0,2,2,0,4,0,0,2,0,2,0,2,4,0,6,2,0,2,8
08/24/2022,GLH,MS,ASO,ES,Federal Contract Tower,0,3,2,3,8,0,0,0,0,0,0,3,2,3,8,0,8,8,16
08/25/2022,GLH,MS,ASO,ES,Federal Contract Tower,0,4,4,4,12,0,0,1,3,4,0,4,5,7,16,4,4,8,24
08/26/2022,GLH,MS,ASO,ES,Federal Contract Tower,0,2,3,5,10,0,0,4,1,5,0,2,7,6,15,4,88,92,107
08/27/2022,GLH,MS,ASO,ES,Federal Contract Tower,0,2,0,0,2,0,0,28,8,36,0,2,28,8,38,6,0,6,44
08/28/2022,GLH,MS,ASO,ES,Federal Contract Tower,0,3,3,0,6,0,0,5,0,5,0,3,8,0,11,0,0,0,11
08/29/2022,GLH,MS,ASO,ES,Federal Contract Tower,0,2,1,4,7,0,0,8,0,8,0,2,9,4,15,4,38,42,57
08/30/2022,GLH,MS,ASO,ES,Federal Contract Tower,0,4,0,3,7,0,0,38,8,46,0,4,38,11,53,22,12,34,87
08/31/2022,GLH,MS,ASO,ES,Federal Contract Tower,0,2,0,3,5,0,0,24,2,26,0,2,24,5,31,8,6,14,45
09/01/2022,GLH,MS,ASO,ES,Federal Contract Tower,0,3,3,2,8,0,0,21,0,21,0,3,24,2,29,2,6,8,37
09/02/2022,GLH,MS,ASO,ES,Federal Contract Tower,0,4,0,0,4,0,0,36,4,40,0,4,36,4,44,4,0,4,48
09/03/2022,GLH,MS,ASO,ES,Federal Contract Tower,0,2,0,0,2,0,0,0,0,0,0,2,0,0,2,0,0,0,2
09/04/2022,GLH,MS,ASO,ES,Federal Contract Tower,0,3,0,0,3,0,0,26,0,26,0,3,26,0,29,0,0,0,29
09/05/2022,GLH,MS,ASO,ES,Federal Contract Tower,0,3,4,0,7,0,0,21,0,21,0,3,25,0,28,2,0,2,30
09/06/2022,GLH,MS,ASO,ES,Federal Contract Tower,0,2,5,7,14,0,0,16,1,17,0,2,21,8,31,0,32,32,63
09/07/2022,GLH,MS,ASO,ES,Federal Contract Tower,0,3,2,8,13,0,0,25,3,28,0,3,27,11,41,4,72,76,117
09/08/2022,GLH,MS,ASO,ES,Federal Contract Tower,0,3,8,8,19,0,0,26,4,30,0,3,34,12,49,14,74,88,137
09/09/2022,GLH,MS,ASO,ES,Federal Contract Tower,0,3,1,7,11,0,0,9,1,10,0,3,10,8,21,16,74,90,111
09/10/2022,GLH,MS,ASO,ES,Federal Contract Tower,0,2,0,2,4,0,0,12,1,13,0,2,12,3,17,2,2,4,21
09/11/2022,GLH,MS,ASO,ES,Federal Contract Tower,0,3,7,0,10,0,0,0,0,0,0,3,7,0,10,2,0,2,12
09/12/2022,GLH,MS,ASO,ES,Federal Contract Tower,0,3,1,4,8,0,0,34,3,37,0,3,35,7,45,26,20,46,91
09/13/2022,GLH,MS,ASO,ES,Federal Contract Tower,0,2,4,2,8,0,0,80,1,81,0,2,84,3,89,18,16,34,123
09/14/2022,GLH,MS,ASO,ES,Federal Contract Tower,0,3,7,1,11,0,0,28,0,28,0,3,35,1,39,14,2,16,55
09/15/2022,GLH,MS,ASO,ES,Federal Contract Tower,0,2,1,3,6,0,0,70,1,71,0,2,71,4,77,22,86,108,185
09/16/2022,GLH,MS,ASO,ES,Federal Contract Tower,0,3,3,2,8,0,0,16,1,17,0,3,19,3,25,22,4,26,51
09/17/2022,GLH,MS,ASO,ES,Federal Contract Tower,0,2,1,0,3,0,0,18,0,18,0,2,19,0,21,4,0,4,25
09/18/2022,GLH,MS,ASO,ES,Federal Contract Tower,0,3,2,0,5,0,0,20,4,24,0,3,22,4,29,20,0,20,49
09/19/2022,GLH,MS,ASO,ES,Federal Contract Tower,0,3,0,3,6,0,0,25,1,26,0,3,25,4,32,38,36,74,106
09/20/2022,GLH,MS,ASO,ES,Federal Contract Tower,0,2,3,6,11,0,0,46,5,51,0,2,49,11,62,26,12,38,100
09/21/2022,GLH,MS,ASO,ES,Federal Contract Tower,0,4,1,3,8,0,0,51,0,51,0,4,52,3,59,10,16,26,85
09/22/2022,GLH,MS,ASO,ES,Federal Contract Tower,0,3,5,3,11,0,0,34,1,35,0,3,39,4,46,10,12,22,68
09/23/2022,GLH,MS,ASO,ES,Federal Contract Tower,0,3,0,2,5,0,0,15,4,19,0,3,15,6,24,18,4,22,46
09/24/2022,GLH,MS,ASO,ES,Federal Contract Tower,0,4,4,0,8,0,0,14,0,14,0,4,18,0,22,6,0,6,28
09/25/2022,GLH,MS,ASO,ES,Federal Contract Tower,0,4,1,8,13,0,0,0,9,9,0,4,1,17,22,0,0,0,22
09/26/2022,GLH,MS,ASO,ES,Federal Contract Tower,0,3,4,6,13,0,0,12,0,12,0,3,16,6,25,2,4,6,31
09/27/2022,GLH,MS,ASO,ES,Federal Contract Tower,0,2,0,1,3,0,0,14,1,15,0,2,14,2,18,4,10,14,32
09/28/2022,GLH,MS,ASO,ES,Federal Contract Tower,0,3,0,6,9,0,0,13,3,16,0,3,13,9,25,2,48,50,75
09/29/2022,GLH,MS,ASO,ES,Federal Contract Tower,0,3,0,1,4,0,0,9,3,12,0,3,9,4,16,2,10,12,28
09/30/2022,GLH,MS,ASO,ES,Federal Contract Tower,0,3,0,4,7,0,0,5,0,5,0,3,5,4,12,4,26,30,42
10/01/2022,GLH,MS,ASO,ES,Federal Contract Tower,0,2,1,0,3,0,0,3,0,3,0,2,4,0,6,0,0,0,6
10/02/2022,GLH,MS,ASO,ES,Federal Contract Tower,0,4,4,0,8,0,0,23,0,23,0,4,27,0,31,0,0,0,31
10/03/2022,GLH,MS,ASO,ES,Federal Contract Tower,0,3,2,7,12,0,0,12,1,13,0,3,14,8,25,12,28,40,65
10/04/2022,GLH,MS,ASO,ES,Federal Contract Tower,0,2,1,4,7,0,0,23,1,24,0,2,24,5,31,22,54,76,107
10/05/2022,GLH,MS,ASO,ES,Federal Contract Tower,0,3,4,3,10,0,0,10,5,15,0,3,14,8,25,0,20,20,45
10/06/2022,GLH,MS,ASO,ES,Federal Contract Tower,0,3,1,2,6,0,0,12,0,12,0,3,13,2,18,2,8,10,28
10/07/2022,GLH,MS,ASO,ES,Federal Contract Tower,0,3,2,6,11,0,0,21,2,23,0,3,23,8,34,2,64,66,100
10/08/2022,GLH,MS,ASO,ES,Federal Contract Tower,0,2,2,0,4,0,0,13,0,13,0,2,15,0,17,2,0,2,19
10/09/2022,GLH,MS,ASO,ES,Federal Contract Tower,0,3,5,0,8,0,0,9,0,9,0,3,14,0,17,8,0,8,25
10/10/2022,GLH,MS,ASO,ES,Federal Contract Tower,0,3,5,0,8,0,0,6,0,6,0,3,11,0,14,2,0,2,16
10/11/2022,GLH,MS,ASO,ES,Federal Contract Tower,0,2,0,7,9,0,0,9,2,11,0,2,9,9,20,0,90,90,110
10/12/2022,GLH,MS,ASO,ES,Federal Contract Tower,0,3,0,18,21,0,0,5,3,8,0,3,5,21,29,4,94,98,127
10/13/2022,GLH,MS,ASO,ES,Federal Contract Tower,0,3,0,10,13,0,0,20,3,23,0,3,20,13,36,10,62,72,108
10/14/2022,GLH,MS,ASO,ES,Federal Contract Tower,0,3,0,11,14,0,0,12,3,15,0,3,12,14,29,6,78,84,113
10/15/2022,GLH,MS,ASO,ES,Federal Contract Tower,0,2,0,0,2,0,0,14,0,14,0,2,14,0,16,2,0,2,18
10/16/2022,GLH,MS,ASO,ES,Federal Contract Tower,0,3,2,0,5,0,0,8,0,8,0,3,10,0,13,6,0,6,19
10/17/2022,GLH,MS,ASO,ES,Federal Contract Tower,0,3,5,2,10,0,0,9,1,10,0,3,14,3,20,4,14,18,38
10/18/2022,GLH,MS,ASO,ES,Federal Contract Tower,0,3,1,1,5,0,0,23,5,28,0,3,24,6,33,10,24,34,67
10/19/2022,GLH,MS,ASO,ES,Federal Contract Tower,0,2,2,1,5,0,0,34,3,37,0,2,36,4,42,16,2,18,60
10/20/2022,GLH,MS,ASO,ES,Federal Contract Tower,0,1,7,3,11,0,0,32,7,39,0,1,39,10,50,10,30,40,90
10/21/2022,GLH,MS,ASO,ES,Federal Contract Tower,0,3,3,2,8,0,0,16,2,18,0,3,19,4,26,18,6,24,50
10/22/2022,GLH,MS,ASO,ES,Federal Contract Tower,0,2,1,0,3,0,0,13,0,13,0,2,14,0,16,2,0,2,18
10/23/2022,GLH,MS,ASO,ES,Federal Contract Tower,0,3,3,4,10,0,0,6,1,7,0,3,9,5,17,2,10,12,29
10/24/2022,GLH,MS,ASO,ES,Federal Contract Tower,0,3,0,4,7,0,0,14,4,18,0,3,14,8,25,4,70,74,99
10/25/2022,GLH,MS,ASO,ES,Federal Contract Tower,0,1,0,0,1,0,0,1,0,1,0,1,1,0,2,0,0,0,2
10/26/2022,GLH,MS,ASO,ES,Federal Contract Tower,0,2,0,2,4,0,0,35,2,37,0,2,35,4,41,8,4,12,53
10/27/2022,GLH,MS,ASO,ES,Federal Contract Tower,0,1,0,0,1,0,0,23,2,25,0,1,23,2,26,10,2,12,38
10/28/2022,GLH,MS,ASO,ES,Federal Contract Tower,0,3,1,5,9,0,0,17,8,25,0,3,18,13,34,12,8,20,54
10/29/2022,GLH,MS,ASO,ES,Federal Contract Tower,0,2,0,0,2,0,0,0,0,0,0,2,0,0,2,0,0,0,2
10/30/2022,GLH,MS,ASO,ES,Federal Contract Tower,0,3,4,0,7,0,0,4,0,4,0,3,8,0,11,2,0,2,13
10/31/2022,GLH,MS,ASO,ES,Federal Contract Tower,0,3,8,3,14,0,0,14,3,17,0,3,22,6,31,6,8,14,45
11/01/2022,GLH,MS,ASO,ES,Federal Contract Tower,0,3,2,4,9,0,0,24,0,24,0,3,26,4,33,8,14,22,55
11/02/2022,GLH,MS,ASO,ES,Federal Contract Tower,0,4,5,1,10,0,0,21,1,22,0,4,26,2,32,24,2,26,58
11/03/2022,GLH,MS,ASO,ES,Federal Contract Tower,0,3,3,7,13,0,0,68,3,71,0,3,71,10,84,10,10,20,104
11/04/2022,GLH,MS,ASO,ES,Federal Contract Tower,0,1,1,4,6,0,0,30,0,30,0,1,31,4,36,8,4,12,48
11/05/2022,GLH,MS,ASO,ES,Federal Contract Tower,0,2,0,2,4,0,0,4,0,4,0,2,4,2,8,0,0,0,8
11/06/2022,GLH,MS,ASO,ES,Federal Contract Tower,0,3,2,0,5,0,0,0,0,0,0,3,2,0,5,0,0,0,5
11/07/2022,GLH,MS,ASO,ES,Federal Contract Tower,0,3,4,0,7,0,0,3,0,3,0,3,7,0,10,0,0,0,10
11/08/2022,GLH,MS,ASO,ES,Federal Contract Tower,0,3,9,0,12,0,0,10,0,10,0,3,19,0,22,4,0,4,26
11/09/2022,GLH,MS,ASO,ES,Federal Contract Tower,0,2,1,12,15,0,0,31,2,33,0,2,32,14,48,8,18,26,74
11/10/2022,GLH,MS,ASO,ES,Federal Contract Tower,0,3,6,2,11,0,0,31,2,33,0,3,37,4,44,10,4,14,58
11/11/2022,GLH,MS,ASO,ES,Federal Contract Tower,0,3,4,0,7,0,0,26,0,26,0,3,30,0,33,6,0,6,39
11/12/2022,GLH,MS,ASO,ES,Federal Contract Tower,0,2,0,0,2,0,0,5,0,5,0,2,5,0,7,0,0,0,7
11/13/2022,GLH,MS,ASO,ES,Federal Contract Tower,0,3,3,2,8,0,0,19,0,19,0,3,22,2,27,2,0,2,29
11/14/2022,GLH,MS,ASO,ES,Federal Contract Tower,0,3,3,3,9,0,0,14,2,16,0,3,17,5,25,2,14,16,41
11/15/2022,GLH,MS,ASO,ES,Federal Contract Tower,0,3,4,2,9,0,0,2,0,2,0,3,6,2,11,2,2,4,15
11/16/2022,GLH,MS,ASO,ES,Federal Contract Tower,0,2,3,4,9,0,0,52,3,55,0,2,55,7,64,30,20,50,114
11/17/2022,GLH,MS,ASO,ES,Federal Contract Tower,0,3,4,1,8,0,0,21,1,22,0,3,25,2,30,20,6,26,56
11/18/2022,GLH,MS,ASO,ES,Federal Contract Tower,0,3,2,1,6,0,0,31,3,34,0,3,33,4,40,32,4,36,76
11/19/2022,GLH,MS,ASO,ES,Federal Contract Tower,0,1,6,0,7,0,0,14,0,14,0,1,20,0,21,0,0,0,21
11/20/2022,GLH,MS,ASO,ES,Federal Contract Tower,0,3,5,0,8,0,0,14,0,14,0,3,19,0,22,2,0,2,24
11/21/2022,GLH,MS,ASO,ES,Federal Contract Tower,0,3,3,0,6,0,0,43,0,43,0,3,46,0,49,22,0,22,71
11/22/2022,GLH,MS,ASO,ES,Federal Contract Tower,0,0,0,0,0,0,0,11,0,11,0,0,11,0,11,2,0,2,13
11/23/2022,GLH,MS,ASO,ES,Federal Contract Tower,0,3,4,3,10,0,0,39,1,40,0,3,43,4,50,0,4,4,54
11/24/2022,GLH,MS,ASO,ES,Federal Contract Tower,0,1,3,0,4,0,0,4,0,4,0,1,7,0,8,0,0,0,8
11/25/2022,GLH,MS,ASO,ES,Federal Contract Tower,0,2,2,0,4,0,0,2,0,2,0,2,4,0,6,0,0,0,6
11/26/2022,GLH,MS,ASO,ES,Federal Contract Tower,0,1,6,0,7,0,0,0,0,0,0,1,6,0,7,0,0,0,7
11/27/2022,GLH,MS,ASO,ES,Federal Contract Tower,0,3,2,0,5,0,0,7,0,7,0,3,9,0,12,0,0,0,12
11/28/2022,GLH,MS,ASO,ES,Federal Contract Tower,0,0,5,0,5,0,0,32,0,32,0,0,37,0,37,6,0,6,43
11/29/2022,GLH,MS,ASO,ES,Federal Contract Tower,0,3,0,0,3,0,0,0,0,0,0,3,0,0,3,0,0,0,3
11/30/2022,GLH,MS,ASO,ES,Federal Contract Tower,0,2,5,4,11,0,0,11,2,13,0,2,16,6,24,6,14,20,44
12/01/2022,GLH,MS,ASO,ES,Federal Contract Tower,0,3,3,0,6,0,0,30,0,30,0,3,33,0,36,6,0,6,42
12/02/2022,GLH,MS,ASO,ES,Federal Contract Tower,0,2,2,0,4,0,0,35,0,35,0,2,37,0,39,11,0,11,50
12/03/2022,GLH,MS,ASO,ES,Federal Contract Tower,0,2,2,0,4,0,0,2,0,2,0,2,4,0,6,0,0,0,6
12/04/2022,GLH,MS,ASO,ES,Federal Contract Tower,0,3,4,0,7,0,0,8,0,8,0,3,12,0,15,2,0,2,17
12/05/2022,GLH,MS,ASO,ES,Federal Contract Tower,0,3,0,0,3,0,0,0,0,0,0,3,0,0,3,0,0,0,3
12/06/2022,GLH,MS,ASO,ES,Federal Contract Tower,0,1,10,2,13,0,0,11,0,11,0,1,21,2,24,2,2,4,28
12/07/2022,GLH,MS,ASO,ES,Federal Contract Tower,0,2,1,0,3,0,0,7,0,7,0,2,8,0,10,0,0,0,10
12/08/2022,GLH,MS,ASO,ES,Federal Contract Tower,0,2,5,0,7,0,0,5,0,5,0,2,10,0,12,0,0,0,12
12/09/2022,GLH,MS,ASO,ES,Federal Contract Tower,0,1,3,0,4,0,0,0,0,0,0,1,3,0,4,0,0,0,4
12/10/2022,GLH,MS,ASO,ES,Federal Contract Tower,0,1,0,0,1,0,0,0,0,0,0,1,0,0,1,0,0,0,1
12/11/2022,GLH,MS,ASO,ES,Federal Contract Tower,0,3,5,6,14,0,0,0,0,0,0,3,5,6,14,0,0,0,14
12/12/2022,GLH,MS,ASO,ES,Federal Contract Tower,0,4,3,0,7,0,0,0,0,0,0,4,3,0,7,0,0,0,7
12/13/2022,GLH,MS,ASO,ES,Federal Contract Tower,0,3,10,0,13,0,0,0,0,0,0,3,10,0,13,0,0,0,13
12/14/2022,GLH,MS,ASO,ES,Federal Contract Tower,0,3,4,0,7,0,0,0,0,0,0,3,4,0,7,0,0,0,7
12/15/2022,GLH,MS,ASO,ES,Federal Contract Tower,0,3,3,1,7,0,0,20,5,25,0,3,23,6,32,22,10,32,64
12/16/2022,GLH,MS,ASO,ES,Federal Contract Tower,0,3,7,0,10,0,0,34,2,36,0,3,41,2,46,6,2,8,54
12/17/2022,GLH,MS,ASO,ES,Federal Contract Tower,0,2,5,0,7,0,0,18,0,18,0,2,23,0,25,4,0,4,29
12/18/2022,GLH,MS,ASO,ES,Federal Contract Tower,0,3,3,0,6,0,0,19,0,19,0,3,22,0,25,4,0,4,29
12/19/2022,GLH,MS,ASO,ES,Federal Contract Tower,0,3,0,0,3,0,0,2,0,2,0,3,2,0,5,0,0,0,5
12/20/2022,GLH,MS,ASO,ES,Federal Contract Tower,0,2,2,1,5,0,0,4,1,5,0,2,6,2,10,2,4,6,16
12/21/2022,GLH,MS,ASO,ES,Federal Contract Tower,0,1,1,4,6,0,0,0,0,0,0,1,1,4,6,0,0,0,6
12/22/2022,GLH,MS,ASO,ES,Federal Contract Tower,0,4,1,0,5,0,0,0,0,0,0,4,1,0,5,0,0,0,5
12/23/2022,GLH,MS,ASO,ES,Federal Contract Tower,0,0,0,0,0,0,0,8,0,8,0,0,8,0,8,0,0,0,8
12/24/2022,GLH,MS,ASO,ES,Federal Contract Tower,0,2,0,0,2,0,0,10,0,10,0,2,10,0,12,0,0,0,12
12/25/2022,GLH,MS,ASO,ES,Federal Contract Tower,0,0,0,0,0,0,0,2,0,2,0,0,2,0,2,0,0,0,2
12/26/2022,GLH,MS,ASO,ES,Federal Contract Tower,0,2,3,0,5,0,0,4,0,4,0,2,7,0,9,0,0,0,9
12/27/2022,GLH,MS,ASO,ES,Federal Contract Tower,0,2,4,0,6,0,0,13,0,13,0,2,17,0,19,4,0,4,23
12/28/2022,GLH,MS,ASO,ES,Federal Contract Tower,0,3,2,0,5,0,0,17,0,17,0,3,19,0,22,0,0,0,22
12/29/2022,GLH,MS,ASO,ES,Federal Contract Tower,0,2,6,0,8,0,0,0,0,0,0,2,6,0,8,0,0,0,8
12/30/2022,GLH,MS,ASO,ES,Federal Contract Tower,0,3,7,0,10,0,0,2,0,2,0,3,9,0,12,0,0,0,12
12/31/2022,GLH,MS,ASO,ES,Federal Contract Tower,0,2,2,0,4,0,0,2,0,2,0,2,4,0,6,0,0,0,6
01/01/2023,GLH,MS,ASO,ES,Federal Contract Tower,0,1,1,0,2,0,0,18,0,18,0,1,19,0,20,0,0,0,20
01/02/2023,GLH,MS,ASO,ES,Federal Contract Tower,0,2,0,0,2,0,0,0,0,0,0,2,0,0,2,0,0,0,2
01/03/2023,GLH,MS,ASO,ES,Federal Contract Tower,0,1,1,1,3,0,0,5,1,6,0,1,6,2,9,0,16,16,25
01/04/2023,GLH,MS,ASO,ES,Federal Contract Tower,0,2,5,0,7,0,0,8,0,8,0,2,13,0,15,6,0,6,21
01/05/2023,GLH,MS,ASO,ES,Federal Contract Tower,0,3,3,1,7,0,0,23,1,24,0,3,26,2,31,2,2,4,35
01/06/2023,GLH,MS,ASO,ES,Federal Contract Tower,0,3,3,7,13,0,0,24,1,25,0,3,27,8,38,2,6,8,46
01/07/2023,GLH,MS,ASO,ES,Federal Contract Tower,0,1,0,0,1,0,0,6,0,6,0,1,6,0,7,6,0,6,13
01/08/2023,GLH,MS,ASO,ES,Federal Contract Tower,0,2,8,0,10,0,0,2,0,2,0,2,10,0,12,4,0,4,16
01/09/2023,GLH,MS,ASO,ES,Federal Contract Tower,0,3,1,0,4,0,0,18,0,18,0,3,19,0,22,2,0,2,24
01/10/2023,GLH,MS,ASO,ES,Federal Contract Tower,0,3,10,0,13,0,0,15,2,17,0,3,25,2,30,0,0,0,30
01/11/2023,GLH,MS,ASO,ES,Federal Contract Tower,0,2,0,0,2,0,0,11,0,11,0,2,11,0,13,0,0,0,13
01/12/2023,GLH,MS,ASO,ES,Federal Contract Tower,0,3,4,2,9,0,0,0,0,0,0,3,4,2,9,0,4,4,13
01/13/2023,GLH,MS,ASO,ES,Federal Contract Tower,0,3,4,2,9,0,0,6,0,6,0,3,10,2,15,8,2,10,25
01/14/2023,GLH,MS,ASO,ES,Federal Contract Tower,0,2,0,0,2,0,0,90,0,90,0,2,90,0,92,16,0,16,108
01/15/2023,GLH,MS,ASO,ES,Federal Contract Tower,0,3,4,0,7,0,0,46,0,46,0,3,50,0,53,2,0,2,55
01/16/2023,GLH,MS,ASO,ES,Federal Contract Tower,0,3,0,0,3,0,0,6,0,6,0,3,6,0,9,0,0,0,9
01/17/2023,GLH,MS,ASO,ES,Federal Contract Tower,0,3,4,1,8,0,0,19,1,20,0,3,23,2,28,4,2,6,34
01/18/2023,GLH,MS,ASO,ES,Federal Contract Tower,0,2,1,0,3,0,0,0,0,0,0,2,1,0,3,0,0,0,3
01/19/2023,GLH,MS,ASO,ES,Federal Contract Tower,0,3,0,0,3,0,0,6,2,8,0,3,6,2,11,2,2,4,15
01/20/2023,GLH,MS,ASO,ES,Federal Contract Tower,0,3,1,2,6,0,0,17,2,19,0,3,18,4,25,12,2,14,39
01/21/2023,GLH,MS,ASO,ES,Federal Contract Tower,0,2,2,0,4,0,0,14,0,14,0,2,16,0,18,10,0,10,28
01/22/2023,GLH,MS,ASO,ES,Federal Contract Tower,0,3,1,0,4,0,0,2,0,2,0,3,3,0,6,0,0,0,6
01/23/2023,GLH,MS,ASO,ES,Federal Contract Tower,0,1,3,0,4,0,0,51,2,53,0,1,54,2,57,30,2,32,89
01/24/2023,GLH,MS,ASO,ES,Federal Contract Tower,0,2,0,0,2,0,0,0,0,0,0,2,0,0,2,0,0,0,2
01/25/2023,GLH,MS,ASO,ES,Federal Contract Tower,0,2,0,0,2,0,0,2,0,2,0,2,2,0,4,0,0,0,4
01/26/2023,GLH,MS,ASO,ES,Federal Contract Tower,0,3,5,0,8,0,0,12,0,12,0,3,17,0,20,6,0,6,26
01/27/2023,GLH,MS,ASO,ES,Federal Contract Tower,0,3,1,0,4,0,0,16,6,22,0,3,17,6,26,8,6,14,40
01/28/2023,GLH,MS,ASO,ES,Federal Contract Tower,0,2,3,0,5,0,0,6,0,6,0,2,9,0,11,6,0,6,17
01/29/2023,GLH,MS,ASO,ES,Federal Contract Tower,0,3,0,0,3,0,0,0,0,0,0,3,0,0,3,0,0,0,3
01/30/2023,GLH,MS,ASO,ES,Federal Contract Tower,0,4,0,0,4,0,0,0,0,0,0,4,0,0,4,0,0,0,4
01/31/2023,GLH,MS,ASO,ES,Federal Contract Tower,0,0,0,0,0,0,0,0,0,0,0,0,0,0,0,0,0,0,0
02/01/2023,GLH,MS,ASO,ES,Federal Contract Tower,0,0,0,0,0,0,0,0,0,0,0,0,0,0,0,0,0,0,0
02/02/2023,GLH,MS,ASO,ES,Federal Contract Tower,0,2,2,0,4,0,0,0,0,0,0,2,2,0,4,0,0,0,4
02/03/2023,GLH,MS,ASO,ES,Federal Contract Tower,0,3,1,0,4,0,0,20,0,20,0,3,21,0,24,4,0,4,28
02/04/2023,GLH,MS,ASO,ES,Federal Contract Tower,0,2,2,0,4,0,0,25,2,27,0,2,27,2,31,2,0,2,33
02/05/2023,GLH,MS,ASO,ES,Federal Contract Tower,0,3,2,0,5,0,0,27,0,27,0,3,29,0,32,2,0,2,34
02/06/2023,GLH,MS,ASO,ES,Federal Contract Tower,0,3,0,0,3,0,0,12,0,12,0,3,12,0,15,18,0,18,33
02/07/2023,GLH,MS,ASO,ES,Federal Contract Tower,0,3,3,2,8,0,0,22,0,22,0,3,25,2,30,4,4,8,38
02/08/2023,GLH,MS,ASO,ES,Federal Contract Tower,0,2,0,0,2,0,0,0,0,0,0,2,0,0,2,0,0,0,2
02/09/2023,GLH,MS,ASO,ES,Federal Contract Tower,0,3,3,1,7,0,0,10,1,11,0,3,13,2,18,6,4,10,28
02/10/2023,GLH,MS,ASO,ES,Federal Contract Tower,0,3,0,2,5,0,0,10,2,12,0,3,10,4,17,0,4,4,21
02/11/2023,GLH,MS,ASO,ES,Federal Contract Tower,0,2,0,0,2,0,0,4,0,4,0,2,4,0,6,0,0,0,6
02/12/2023,GLH,MS,ASO,ES,Federal Contract Tower,0,3,2,0,5,0,0,12,0,12,0,3,14,0,17,2,0,2,19
02/13/2023,GLH,MS,ASO,ES,Federal Contract Tower,0,3,3,8,14,0,0,4,2,6,0,3,7,10,20,2,16,18,38
02/14/2023,GLH,MS,ASO,ES,Federal Contract Tower,0,3,0,0,3,0,0,0,0,0,0,3,0,0,3,0,0,0,3
02/15/2023,GLH,MS,ASO,ES,Federal Contract Tower,0,2,4,4,10,0,0,4,2,6,0,2,8,6,16,0,4,4,20
02/16/2023,GLH,MS,ASO,ES,Federal Contract Tower,0,3,4,0,7,0,0,2,0,2,0,3,6,0,9,2,0,2,11
02/17/2023,GLH,MS,ASO,ES,Federal Contract Tower,0,3,2,2,7,0,0,10,0,10,0,3,12,2,17,4,10,14,31
02/18/2023,GLH,MS,ASO,ES,Federal Contract Tower,0,2,0,0,2,0,0,53,0,53,0,2,53,0,55,8,0,8,63
02/19/2023,GLH,MS,ASO,ES,Federal Contract Tower,0,3,4,4,11,0,0,5,0,5,0,3,9,4,16,4,4,8,24
02/20/2023,GLH,MS,ASO,ES,Federal Contract Tower,0,3,2,0,5,0,0,7,0,7,0,3,9,0,12,2,0,2,14
02/21/2023,GLH,MS,ASO,ES,Federal Contract Tower,0,3,5,4,12,0,0,1,4,5,0,3,6,8,17,0,34,34,51
02/22/2023,GLH,MS,ASO,ES,Federal Contract Tower,0,2,4,2,8,0,0,0,0,0,0,2,4,2,8,0,2,2,10
02/23/2023,GLH,MS,ASO,ES,Federal Contract Tower,0,3,2,0,5,0,0,15,0,15,0,3,17,0,20,4,0,4,24
02/24/2023,GLH,MS,ASO,ES,Federal Contract Tower,0,3,0,0,3,0,0,2,0,2,0,3,2,0,5,0,0,0,5
02/25/2023,GLH,MS,ASO,ES,Federal Contract Tower,0,2,1,0,3,0,0,0,0,0,0,2,1,0,3,0,0,0,3
02/26/2023,GLH,MS,ASO,ES,Federal Contract Tower,0,3,3,0,6,0,0,5,0,5,0,3,8,0,11,16,0,16,27
02/27/2023,GLH,MS,ASO,ES,Federal Contract Tower,0,3,0,11,14,0,0,3,3,6,0,3,3,14,20,0,12,12,32
02/28/2023,GLH,MS,ASO,ES,Federal Contract Tower,0,3,0,4,7,0,0,188,2,190,0,3,188,6,197,14,24,38,235
03/01/2023,GLH,MS,ASO,ES,Federal Contract Tower,0,2,2,0,4,0,0,2,0,2,0,2,4,0,6,0,0,0,6
03/02/2023,GLH,MS,ASO,ES,Federal Contract Tower,0,2,3,0,5,0,0,2,0,2,0,2,5,0,7,0,0,0,7
03/03/2023,GLH,MS,ASO,ES,Federal Contract Tower,0,2,0,3,5,0,0,0,5,5,0,2,0,8,10,0,6,6,16
03/04/2023,GLH,MS,ASO,ES,Federal Contract Tower,0,2,6,0,8,0,0,35,0,35,0,2,41,0,43,8,0,8,51
03/05/2023,GLH,MS,ASO,ES,Federal Contract Tower,0,3,0,0,3,0,0,49,0,49,0,3,49,0,52,8,0,8,60
03/06/2023,GLH,MS,ASO,ES,Federal Contract Tower,0,3,0,7,10,0,0,9,8,17,0,3,9,15,27,14,26,40,67
03/07/2023,GLH,MS,ASO,ES,Federal Contract Tower,0,3,2,2,7,0,0,17,0,17,0,3,19,2,24,22,26,48,72
03/08/2023,GLH,MS,ASO,ES,Federal Contract Tower,0,2,2,0,4,0,0,0,0,0,0,2,2,0,4,0,0,0,4
03/09/2023,GLH,MS,ASO,ES,Federal Contract Tower,0,1,2,0,3,0,0,6,0,6,0,1,8,0,9,8,0,8,17
03/10/2023,GLH,MS,ASO,ES,Federal Contract Tower,0,3,2,11,16,0,0,12,0,12,0,3,14,11,28,10,52,62,90
03/11/2023,GLH,MS,ASO,ES,Federal Contract Tower,0,2,2,0,4,0,0,10,0,10,0,2,12,0,14,0,0,0,14
03/12/2023,GLH,MS,ASO,ES,Federal Contract Tower,0,3,2,0,5,0,0,0,0,0,0,3,2,0,5,0,0,0,5
03/13/2023,GLH,MS,ASO,ES,Federal Contract Tower,0,3,0,5,8,0,0,61,3,64,0,3,61,8,72,0,38,38,110
03/14/2023,GLH,MS,ASO,ES,Federal Contract Tower,0,3,1,2,6,0,0,13,0,13,0,3,14,2,19,6,2,8,27
03/15/2023,GLH,MS,ASO,ES,Federal Contract Tower,0,2,5,0,7,0,0,165,4,169,0,2,170,4,176,16,0,16,192
03/16/2023,GLH,MS,ASO,ES,Federal Contract Tower,0,3,1,0,4,0,0,5,0,5,0,3,6,0,9,6,0,6,15
03/17/2023,GLH,MS,ASO,ES,Federal Contract Tower,0,4,2,0,6,0,0,0,0,0,0,4,2,0,6,0,0,0,6
03/18/2023,GLH,MS,ASO,ES,Federal Contract Tower,0,2,1,0,3,0,0,6,0,6,0,2,7,0,9,2,0,2,11
03/19/2023,GLH,MS,ASO,ES,Federal Contract Tower,0,1,0,2,3,0,0,5,6,11,0,1,5,8,14,0,4,4,18
03/20/2023,GLH,MS,ASO,ES,Federal Contract Tower,0,3,7,5,15,0,0,112,3,115,0,3,119,8,130,4,34,38,168
03/21/2023,GLH,MS,ASO,ES,Federal Contract Tower,1,0,5,0,6,0,0,5,0,5,1,0,10,0,11,8,0,8,19
03/22/2023,GLH,MS,ASO,ES,Federal Contract Tower,0,2,3,2,7,0,0,49,0,49,0,2,52,2,56,0,0,0,56
03/23/2023,GLH,MS,ASO,ES,Federal Contract Tower,0,3,5,2,10,0,0,14,0,14,0,3,19,2,24,0,4,4,28
03/24/2023,GLH,MS,ASO,ES,Federal Contract Tower,0,3,4,0,7,0,0,11,0,11,0,3,15,0,18,6,0,6,24
03/25/2023,GLH,MS,ASO,ES,Federal Contract Tower,0,1,1,0,2,0,0,16,0,16,0,1,17,0,18,2,0,2,20
03/26/2023,GLH,MS,ASO,ES,Federal Contract Tower,0,1,1,0,2,0,0,30,0,30,0,1,31,0,32,6,0,6,38
03/27/2023,GLH,MS,ASO,ES,Federal Contract Tower,0,3,1,4,8,0,0,10,2,12,0,3,11,6,20,8,16,24,44
03/28/2023,GLH,MS,ASO,ES,Federal Contract Tower,0,3,5,1,9,0,0,9,1,10,0,3,14,2,19,4,6,10,29
03/30/2023,GLH,MS,ASO,ES,Federal Contract Tower,0,3,1,3,7,0,0,6,1,7,0,3,7,4,14,2,14,16,30
03/31/2023,GLH,MS,ASO,ES,Federal Contract Tower,0,3,2,0,5,0,0,2,0,2,0,3,4,0,7,0,0,0,7
04/01/2023,GLH,MS,ASO,ES,Federal Contract Tower,0,1,2,0,3,0,0,48,0,48,0,1,50,0,51,2,0,2,53
04/02/2023,GLH,MS,ASO,ES,Federal Contract Tower,0,3,0,0,3,0,0,11,0,11,0,3,11,0,14,2,0,2,16
04/03/2023,GLH,MS,ASO,ES,Federal Contract Tower,0,2,0,0,2,0,0,1,0,1,0,2,1,0,3,0,0,0,3
04/04/2023,GLH,MS,ASO,ES,Federal Contract Tower,0,3,4,0,7,0,0,7,0,7,0,3,11,0,14,2,0,2,16
04/05/2023,GLH,MS,ASO,ES,Federal Contract Tower,0,2,0,0,2,0,0,0,0,0,0,2,0,0,2,0,0,0,2
04/06/2023,GLH,MS,ASO,ES,Federal Contract Tower,0,3,3,0,6,0,0,0,0,0,0,3,3,0,6,0,0,0,6
04/07/2023,GLH,MS,ASO,ES,Federal Contract Tower,0,3,4,2,9,0,0,0,0,0,0,3,4,2,9,0,2,2,11
04/08/2023,GLH,MS,ASO,ES,Federal Contract Tower,0,2,1,0,3,0,0,1,0,1,0,2,2,0,4,0,0,0,4
04/09/2023,GLH,MS,ASO,ES,Federal Contract Tower,0,3,2,0,5,0,0,10,0,10,0,3,12,0,15,2,0,2,17
04/10/2023,GLH,MS,ASO,ES,Federal Contract Tower,0,3,0,2,5,0,0,25,0,25,0,3,25,2,30,2,52,54,84
04/11/2023,GLH,MS,ASO,ES,Federal Contract Tower,0,3,3,5,11,0,0,133,2,135,0,3,136,7,146,18,38,56,202
04/12/2023,GLH,MS,ASO,ES,Federal Contract Tower,0,2,2,5,9,0,0,52,0,52,0,2,54,5,61,8,78,86,147
04/13/2023,GLH,MS,ASO,ES,Federal Contract Tower,0,2,3,2,7,0,0,95,0,95,0,2,98,2,102,2,8,10,112
04/14/2023,GLH,MS,ASO,ES,Federal Contract Tower,0,3,6,2,11,0,0,211,0,211,0,3,217,2,222,24,62,86,308
04/15/2023,GLH,MS,ASO,ES,Federal Contract Tower,0,1,1,0,2,0,0,6,6,12,0,1,7,6,14,4,0,4,18
04/16/2023,GLH,MS,ASO,ES,Federal Contract Tower,0,3,2,0,5,0,0,9,0,9,0,3,11,0,14,0,0,0,14
04/17/2023,GLH,MS,ASO,ES,Federal Contract Tower,0,3,2,0,5,0,0,14,0,14,0,3,16,0,19,8,0,8,27
04/18/2023,GLH,MS,ASO,ES,Federal Contract Tower,0,3,1,2,6,0,0,33,2,35,0,3,34,4,41,10,10,20,61
04/19/2023,GLH,MS,ASO,ES,Federal Contract Tower,0,2,2,2,6,0,0,5,0,5,0,2,7,2,11,0,24,24,35
04/20/2023,GLH,MS,ASO,ES,Federal Contract Tower,0,3,4,5,12,0,0,10,2,12,0,3,14,7,24,6,28,34,58
04/21/2023,GLH,MS,ASO,ES,Federal Contract Tower,0,1,0,0,1,0,0,0,0,0,0,1,0,0,1,0,0,0,1
04/22/2023,GLH,MS,ASO,ES,Federal Contract Tower,0,2,3,0,5,0,0,6,0,6,0,2,9,0,11,0,0,0,11
04/23/2023,GLH,MS,ASO,ES,Federal Contract Tower,0,4,4,4,12,0,0,6,0,6,0,4,10,4,18,4,4,8,26
04/24/2023,GLH,MS,ASO,ES,Federal Contract Tower,0,1,2,1,4,0,0,41,1,42,0,1,43,2,46,2,2,4,50
04/25/2023,GLH,MS,ASO,ES,Federal Contract Tower,0,3,2,2,7,0,0,3,0,3,0,3,5,2,10,0,8,8,18
04/26/2023,GLH,MS,ASO,ES,Federal Contract Tower,0,3,3,0,6,0,0,10,0,10,0,3,13,0,16,0,0,0,16
04/27/2023,GLH,MS,ASO,ES,Federal Contract Tower,0,1,2,0,3,0,0,4,0,4,0,1,6,0,7,6,0,6,13
04/28/2023,GLH,MS,ASO,ES,Federal Contract Tower,0,3,3,0,6,0,0,9,0,9,0,3,12,0,15,2,0,2,17
04/29/2023,GLH,MS,ASO,ES,Federal Contract Tower,0,1,2,0,3,0,0,0,0,0,0,1,2,0,3,0,0,0,3
04/30/2023,GLH,MS,ASO,ES,Federal Contract Tower,0,3,0,4,7,0,0,10,2,12,0,3,10,6,19,2,6,8,27
05/01/2023,GLH,MS,ASO,ES,Federal Contract Tower,0,3,2,2,7,0,0,50,2,52,0,3,52,4,59,2,4,6,65
05/02/2023,GLH,MS,ASO,ES,Federal Contract Tower,0,3,1,4,8,0,0,60,6,66,0,3,61,10,74,0,80,80,154
05/03/2023,GLH,MS,ASO,ES,Federal Contract Tower,0,2,0,1,3,0,0,41,1,42,0,2,41,2,45,20,2,22,67
05/04/2023,GLH,MS,ASO,ES,Federal Contract Tower,0,3,0,6,9,0,0,7,0,7,0,3,7,6,16,12,8,20,36
05/05/2023,GLH,MS,ASO,ES,Federal Contract Tower,0,3,0,2,5,0,0,16,0,16,0,3,16,2,21,8,8,16,37
05/06/2023,GLH,MS,ASO,ES,Federal Contract Tower,0,2,4,0,6,0,0,8,0,8,0,2,12,0,14,0,0,0,14
05/07/2023,GLH,MS,ASO,ES,Federal Contract Tower,0,1,2,0,3,0,0,5,4,9,0,1,7,4,12,0,0,0,12
05/08/2023,GLH,MS,ASO,ES,Federal Contract Tower,0,4,1,4,9,0,0,158,0,158,0,4,159,4,167,2,20,22,189
05/09/2023,GLH,MS,ASO,ES,Federal Contract Tower,0,3,0,15,18,0,0,77,3,80,0,3,77,18,98,16,50,66,164
05/10/2023,GLH,MS,ASO,ES,Federal Contract Tower,0,2,0,2,4,0,0,0,0,0,0,2,0,2,4,0,4,4,8
05/11/2023,GLH,MS,ASO,ES,Federal Contract Tower,0,1,2,0,3,0,0,0,0,0,0,1,2,0,3,0,0,0,3
05/12/2023,GLH,MS,ASO,ES,Federal Contract Tower,0,3,8,0,11,0,0,2,0,2,0,3,10,0,13,6,0,6,19
05/13/2023,GLH,MS,ASO,ES,Federal Contract Tower,0,2,2,0,4,0,0,12,0,12,0,2,14,0,16,46,0,46,62
05/14/2023,GLH,MS,ASO,ES,Federal Contract Tower,0,3,0,0,3,0,0,4,0,4,0,3,4,0,7,28,0,28,35
05/15/2023,GLH,MS,ASO,ES,Federal Contract Tower,0,3,3,4,10,0,0,93,2,95,0,3,96,6,105,50,24,74,179
05/16/2023,GLH,MS,ASO,ES,Federal Contract Tower,0,3,9,5,17,0,0,25,4,29,0,3,34,9,46,76,42,118,164
05/17/2023,GLH,MS,ASO,ES,Federal Contract Tower,0,1,1,2,4,0,0,8,0,8,0,1,9,2,12,60,2,62,74
05/18/2023,GLH,MS,ASO,ES,Federal Contract Tower,0,1,3,6,10,0,0,37,1,38,0,1,40,7,48,46,96,142,190
05/19/2023,GLH,MS,ASO,ES,Federal Contract Tower,0,4,0,4,8,0,0,30,5,35,0,4,30,9,43,14,124,138,181
05/20/2023,GLH,MS,ASO,ES,Federal Contract Tower,0,1,0,0,1,0,0,0,0,0,0,1,0,0,1,0,0,0,1
05/21/2023,GLH,MS,ASO,ES,Federal Contract Tower,0,3,2,0,5,0,0,9,0,9,0,3,11,0,14,16,0,16,30
05/22/2023,GLH,MS,ASO,ES,Federal Contract Tower,0,3,3,8,14,0,0,15,2,17,0,3,18,10,31,30,60,90,121
05/23/2023,GLH,MS,ASO,ES,Federal Contract Tower,0,3,4,2,9,0,0,275,2,277,0,3,279,4,286,6,4,10,296
05/24/2023,GLH,MS,ASO,ES,Federal Contract Tower,0,1,2,3,6,0,1,102,8,111,0,2,104,11,117,16,16,32,149
05/25/2023,GLH,MS,ASO,ES,Federal Contract Tower,0,3,3,2,8,0,0,78,2,80,0,3,81,4,88,6,10,16,104
05/26/2023,GLH,MS,ASO,ES,Federal Contract Tower,0,3,3,0,6,0,0,28,0,28,0,3,31,0,34,14,0,14,48
05/27/2023,GLH,MS,ASO,ES,Federal Contract Tower,0,2,3,0,5,0,0,3,0,3,0,2,6,0,8,0,0,0,8
05/28/2023,GLH,MS,ASO,ES,Federal Contract Tower,0,3,0,0,3,0,0,66,0,66,0,3,66,0,69,0,0,0,69
05/29/2023,GLH,MS,ASO,ES,Federal Contract Tower,0,3,1,0,4,0,0,87,0,87,0,3,88,0,91,4,0,4,95
05/30/2023,GLH,MS,ASO,ES,Federal Contract Tower,0,1,0,4,5,0,0,22,0,22,0,1,22,4,27,6,4,10,37
05/31/2023,GLH,MS,ASO,ES,Federal Contract Tower,0,2,5,0,7,0,0,45,0,45,0,2,50,0,52,2,0,2,54
06/01/2023,GLH,MS,ASO,ES,Federal Contract Tower,0,1,4,0,5,0,0,65,0,65,0,1,69,0,70,4,0,4,74
06/02/2023,GLH,MS,ASO,ES,Federal Contract Tower,0,1,4,2,7,0,0,15,3,18,0,1,19,5,25,8,6,14,39
06/03/2023,GLH,MS,ASO,ES,Federal Contract Tower,0,2,0,1,3,0,0,2,3,5,0,2,2,4,8,2,6,8,16
06/04/2023,GLH,MS,ASO,ES,Federal Contract Tower,0,1,1,0,2,0,0,3,0,3,0,1,4,0,5,0,0,0,5
06/05/2023,GLH,MS,ASO,ES,Federal Contract Tower,0,1,1,0,2,0,0,2,0,2,0,1,3,0,4,0,2,2,6
06/06/2023,GLH,MS,ASO,ES,Federal Contract Tower,0,1,1,0,2,0,0,7,2,9,0,1,8,2,11,2,26,28,39
06/07/2023,GLH,MS,ASO,ES,Federal Contract Tower,0,1,0,2,3,0,0,14,0,14,0,1,14,2,17,8,32,40,57
06/08/2023,GLH,MS,ASO,ES,Federal Contract Tower,0,2,5,9,16,0,0,41,3,44,0,2,46,12,60,0,142,142,202
06/09/2023,GLH,MS,ASO,ES,Federal Contract Tower,0,1,2,4,7,0,0,56,2,58,0,1,58,6,65,8,8,16,81
06/10/2023,GLH,MS,ASO,ES,Federal Contract Tower,0,1,2,0,3,0,0,37,0,37,0,1,39,0,40,0,0,0,40
06/11/2023,GLH,MS,ASO,ES,Federal Contract Tower,0,1,5,0,6,0,0,33,2,35,0,1,38,2,41,0,0,0,41
06/12/2023,GLH,MS,ASO,ES,Federal Contract Tower,0,1,1,2,4,0,0,11,0,11,0,1,12,2,15,4,4,8,23
06/13/2023,GLH,MS,ASO,ES,Federal Contract Tower,0,3,0,2,5,0,0,6,0,6,0,3,6,2,11,2,4,6,17
06/14/2023,GLH,MS,ASO,ES,Federal Contract Tower,0,2,0,5,7,0,0,1,0,1,0,2,1,5,8,0,50,50,58
06/15/2023,GLH,MS,ASO,ES,Federal Contract Tower,0,1,0,9,10,0,0,14,1,15,0,1,14,10,25,2,60,62,87
06/16/2023,GLH,MS,ASO,ES,Federal Contract Tower,0,1,1,4,6,0,0,21,2,23,0,1,22,6,29,16,22,38,67
06/17/2023,GLH,MS,ASO,ES,Federal Contract Tower,0,2,1,0,3,0,0,13,0,13,0,2,14,0,16,4,0,4,20
06/18/2023,GLH,MS,ASO,ES,Federal Contract Tower,0,1,2,0,3,0,0,0,0,0,0,1,2,0,3,0,0,0,3
06/19/2023,GLH,MS,ASO,ES,Federal Contract Tower,0,1,1,0,2,0,0,28,0,28,0,1,29,0,30,18,0,18,48
06/21/2023,GLH,MS,ASO,ES,Federal Contract Tower,0,2,4,2,8,0,0,18,2,20,0,2,22,4,28,0,12,12,40
06/22/2023,GLH,MS,ASO,ES,Federal Contract Tower,0,1,0,9,10,0,0,19,1,20,0,1,19,10,30,66,14,80,110
06/23/2023,GLH,MS,ASO,ES,Federal Contract Tower,0,1,2,4,7,0,0,20,4,24,0,1,22,8,31,14,22,36,67
06/24/2023,GLH,MS,ASO,ES,Federal Contract Tower,0,2,0,0,2,0,0,6,0,6,0,2,6,0,8,0,0,0,8
06/25/2023,GLH,MS,ASO,ES,Federal Contract Tower,0,1,6,4,11,0,0,7,4,11,0,1,13,8,22,0,10,10,32
06/26/2023,GLH,MS,ASO,ES,Federal Contract Tower,0,2,1,4,7,0,0,22,12,34,0,2,23,16,41,6,26,32,73
06/27/2023,GLH,MS,ASO,ES,Federal Contract Tower,0,1,6,0,7,0,0,8,0,8,0,1,14,0,15,4,0,4,19
06/28/2023,GLH,MS,ASO,ES,Federal Contract Tower,0,2,2,4,8,0,0,27,1,28,0,2,29,5,36,16,24,40,76
06/29/2023,GLH,MS,ASO,ES,Federal Contract Tower,0,1,10,0,11,0,0,24,0,24,0,1,34,0,35,22,0,22,57
06/30/2023,GLH,MS,ASO,ES,Federal Contract Tower,0,2,2,2,6,0,0,42,2,44,0,2,44,4,50,4,28,32,82
07/01/2023,GLH,MS,ASO,ES,Federal Contract Tower,0,2,0,0,2,0,0,64,0,64,0,2,64,0,66,0,0,0,66
07/02/2023,GLH,MS,ASO,ES,Federal Contract Tower,0,0,3,0,3,0,0,12,0,12,0,0,15,0,15,2,0,2,17
07/03/2023,GLH,MS,ASO,ES,Federal Contract Tower,0,1,1,0,2,0,0,13,0,13,0,1,14,0,15,0,0,0,15
07/04/2023,GLH,MS,ASO,ES,Federal Contract Tower,0,1,0,0,1,0,0,8,0,8,0,1,8,0,9,12,0,12,21
07/05/2023,GLH,MS,ASO,ES,Federal Contract Tower,0,2,2,7,11,0,0,32,0,32,0,2,34,7,43,0,32,32,75
07/06/2023,GLH,MS,ASO,ES,Federal Contract Tower,0,1,2,0,3,0,0,35,0,35,0,1,37,0,38,20,0,20,58
07/07/2023,GLH,MS,ASO,ES,Federal Contract Tower,0,1,0,0,1,0,0,54,0,54,0,1,54,0,55,26,0,26,81
07/08/2023,GLH,MS,ASO,ES,Federal Contract Tower,0,2,3,0,5,0,0,51,0,51,0,2,54,0,56,16,0,16,72
07/09/2023,GLH,MS,ASO,ES,Federal Contract Tower,0,1,0,0,1,0,0,5,0,5,0,1,5,0,6,4,0,4,10
07/10/2023,GLH,MS,ASO,ES,Federal Contract Tower,0,1,4,5,10,0,0,52,1,53,0,1,56,6,63,0,34,34,97
07/11/2023,GLH,MS,ASO,ES,Federal Contract Tower,0,1,0,0,1,0,0,14,0,14,0,1,14,0,15,6,0,6,21
07/12/2023,GLH,MS,ASO,ES,Federal Contract Tower,0,2,2,0,4,0,0,4,0,4,0,2,6,0,8,0,0,0,8
07/13/2023,GLH,MS,ASO,ES,Federal Contract Tower,0,1,4,0,5,0,0,16,4,20,0,1,20,4,25,8,0,8,33
07/14/2023,GLH,MS,ASO,ES,Federal Contract Tower,0,1,2,11,14,0,0,10,0,10,0,1,12,11,24,2,16,18,42
07/15/2023,GLH,MS,ASO,ES,Federal Contract Tower,0,2,0,0,2,0,0,13,0,13,0,2,13,0,15,0,0,0,15
07/16/2023,GLH,MS,ASO,ES,Federal Contract Tower,0,1,0,12,13,0,0,17,0,17,0,1,17,12,30,6,12,18,48
07/17/2023,GLH,MS,ASO,ES,Federal Contract Tower,0,1,5,6,12,0,0,30,3,33,0,1,35,9,45,4,44,48,93
07/18/2023,GLH,MS,ASO,ES,Federal Contract Tower,0,0,2,3,5,0,0,32,3,35,0,0,34,6,40,10,10,20,60
07/19/2023,GLH,MS,ASO,ES,Federal Contract Tower,0,2,4,4,10,0,0,40,2,42,0,2,44,6,52,10,24,34,86
07/20/2023,GLH,MS,ASO,ES,Federal Contract Tower,0,1,2,3,6,0,0,38,4,42,0,1,40,7,48,30,20,50,98
07/21/2023,GLH,MS,ASO,ES,Federal Contract Tower,0,1,0,1,2,0,0,23,2,25,0,1,23,3,27,10,10,20,47
07/22/2023,GLH,MS,ASO,ES,Federal Contract Tower,0,2,0,0,2,0,0,8,0,8,0,2,8,0,10,0,0,0,10
07/23/2023,GLH,MS,ASO,ES,Federal Contract Tower,0,3,2,0,5,0,0,19,0,19,0,3,21,0,24,4,0,4,28
07/24/2023,GLH,MS,ASO,ES,Federal Contract Tower,0,1,3,4,8,0,0,11,1,12,0,1,14,5,20,12,12,24,44
07/25/2023,GLH,MS,ASO,ES,Federal Contract Tower,0,1,3,1,5,0,0,23,1,24,0,1,26,2,29,8,16,24,53
07/26/2023,GLH,MS,ASO,ES,Federal Contract Tower,0,2,0,0,2,0,0,25,0,25,0,2,25,0,27,6,0,6,33
07/27/2023,GLH,MS,ASO,ES,Federal Contract Tower,0,1,2,2,5,0,0,4,12,16,0,1,6,14,21,2,6,8,29
07/28/2023,GLH,MS,ASO,ES,Federal Contract Tower,0,1,2,1,4,0,0,73,1,74,0,1,75,2,78,14,10,24,102
07/29/2023,GLH,MS,ASO,ES,Federal Contract Tower,0,2,1,0,3,0,0,9,0,9,0,2,10,0,12,0,0,0,12
07/30/2023,GLH,MS,ASO,ES,Federal Contract Tower,0,1,2,0,3,0,0,3,0,3,0,1,5,0,6,0,0,0,6
07/31/2023,GLH,MS,ASO,ES,Federal Contract Tower,0,1,0,1,2,0,0,4,1,5,0,1,4,2,7,4,2,6,13
08/01/2023,GLH,MS,ASO,ES,Federal Contract Tower,0,2,4,0,6,0,0,17,0,17,0,2,21,0,23,12,0,12,35
08/02/2023,GLH,MS,ASO,ES,Federal Contract Tower,0,1,2,0,3,0,0,8,0,8,0,1,10,0,11,0,0,0,11
08/03/2023,GLH,MS,ASO,ES,Federal Contract Tower,0,2,3,2,7,0,0,11,0,11,0,2,14,2,18,6,4,10,28
08/04/2023,GLH,MS,ASO,ES,Federal Contract Tower,0,2,4,3,9,0,0,10,2,12,0,2,14,5,21,0,16,16,37
08/05/2023,GLH,MS,ASO,ES,Federal Contract Tower,0,2,2,0,4,0,0,9,0,9,0,2,11,0,13,0,0,0,13
08/06/2023,GLH,MS,ASO,ES,Federal Contract Tower,0,2,2,0,4,0,0,16,0,16,0,2,18,0,20,4,0,4,24
08/07/2023,GLH,MS,ASO,ES,Federal Contract Tower,0,2,2,2,6,0,0,13,0,13,0,2,15,2,19,6,4,10,29
08/08/2023,GLH,MS,ASO,ES,Federal Contract Tower,0,1,4,0,5,0,0,3,0,3,0,1,7,0,8,6,0,6,14
08/09/2023,GLH,MS,ASO,ES,Federal Contract Tower,0,2,6,0,8,0,0,8,0,8,0,2,14,0,16,10,0,10,26
08/10/2023,GLH,MS,ASO,ES,Federal Contract Tower,0,2,2,0,4,0,0,16,2,18,0,2,18,2,22,10,0,10,32
08/11/2023,GLH,MS,ASO,ES,Federal Contract Tower,0,2,3,4,9,0,0,17,0,17,0,2,20,4,26,6,8,14,40
08/12/2023,GLH,MS,ASO,ES,Federal Contract Tower,0,2,4,0,6,0,0,24,0,24,0,2,28,0,30,4,0,4,34
08/13/2023,GLH,MS,ASO,ES,Federal Contract Tower,0,2,1,0,3,0,0,8,0,8,0,2,9,0,11,0,0,0,11
08/14/2023,GLH,MS,ASO,ES,Federal Contract Tower,0,2,1,0,3,0,0,5,1,6,0,2,6,1,9,4,10,14,23
08/15/2023,GLH,MS,ASO,ES,Federal Contract Tower,2,0,0,0,2,0,0,21,0,21,2,0,21,0,23,8,0,8,31
08/16/2023,GLH,MS,ASO,ES,Federal Contract Tower,0,1,3,0,4,0,0,27,0,27,0,1,30,0,31,2,0,2,33
08/17/2023,GLH,MS,ASO,ES,Federal Contract Tower,0,3,0,1,4,0,0,26,1,27,0,3,26,2,31,18,4,22,53
08/18/2023,GLH,MS,ASO,ES,Federal Contract Tower,0,2,2,0,4,0,0,26,2,28,0,2,28,2,32,14,0,14,46
08/19/2023,GLH,MS,ASO,ES,Federal Contract Tower,0,2,1,0,3,0,0,4,0,4,0,2,5,0,7,0,0,0,7
08/20/2023,GLH,MS,ASO,ES,Federal Contract Tower,0,1,4,0,5,0,1,4,0,5,0,2,8,0,10,0,0,0,10
08/21/2023,GLH,MS,ASO,ES,Federal Contract Tower,0,2,0,2,4,0,0,21,2,23,0,2,21,4,27,18,16,34,61
08/22/2023,GLH,MS,ASO,ES,Federal Contract Tower,0,2,2,1,5,0,0,25,0,25,0,2,27,1,30,16,2,18,48
08/23/2023,GLH,MS,ASO,ES,Federal Contract Tower,0,1,0,0,1,0,0,10,0,10,0,1,10,0,11,8,0,8,19
08/24/2023,GLH,MS,ASO,ES,Federal Contract Tower,0,3,4,0,7,0,0,20,0,20,0,3,24,0,27,10,0,10,37
08/25/2023,GLH,MS,ASO,ES,Federal Contract Tower,0,2,1,0,3,0,0,12,0,12,0,2,13,0,15,8,0,8,23
08/26/2023,GLH,MS,ASO,ES,Federal Contract Tower,0,1,0,2,3,0,0,4,0,4,0,1,4,2,7,0,0,0,7
08/27/2023,GLH,MS,ASO,ES,Federal Contract Tower,0,1,3,0,4,0,0,4,0,4,0,1,7,0,8,0,0,0,8
08/28/2023,GLH,MS,ASO,ES,Federal Contract Tower,0,2,3,2,7,0,0,11,4,15,0,2,14,6,22,6,4,10,32
08/29/2023,GLH,MS,ASO,ES,Federal Contract Tower,0,2,6,6,14,0,0,44,5,49,0,2,50,11,63,22,26,48,111
08/30/2023,GLH,MS,ASO,ES,Federal Contract Tower,0,2,4,1,7,0,0,22,1,23,0,2,26,2,30,16,2,18,48
08/31/2023,GLH,MS,ASO,ES,Federal Contract Tower,0,2,2,2,6,0,0,20,6,26,0,2,22,8,32,22,44,66,98
