01/01/2020,GLS,TX,ASW,CE,Federal Contract Tower,0,4,15,0,19,0,10,4,0,14,0,14,19,0,33,0,0,0,33
01/02/2020,GLS,TX,ASW,CE,Federal Contract Tower,0,5,2,0,7,0,0,0,0,0,0,5,2,0,7,0,0,0,7
01/03/2020,GLS,TX,ASW,CE,Federal Contract Tower,0,6,1,0,7,0,23,26,0,49,0,29,27,0,56,14,0,14,70
01/04/2020,GLS,TX,ASW,CE,Federal Contract Tower,0,0,8,0,8,0,10,65,0,75,0,10,73,0,83,64,0,64,147
01/05/2020,GLS,TX,ASW,CE,Federal Contract Tower,0,1,16,0,17,0,13,64,0,77,0,14,80,0,94,50,0,50,144
01/06/2020,GLS,TX,ASW,CE,Federal Contract Tower,0,5,11,0,16,0,16,33,0,49,0,21,44,0,65,10,0,10,75
01/07/2020,GLS,TX,ASW,CE,Federal Contract Tower,0,4,5,4,13,0,20,29,2,51,0,24,34,6,64,14,4,18,82
01/08/2020,GLS,TX,ASW,CE,Federal Contract Tower,0,10,14,0,24,0,18,18,0,36,0,28,32,0,60,10,2,12,72
01/09/2020,GLS,TX,ASW,CE,Federal Contract Tower,0,4,16,0,20,0,21,13,2,36,0,25,29,2,56,12,0,12,68
01/10/2020,GLS,TX,ASW,CE,Federal Contract Tower,0,8,7,10,25,0,7,0,0,7,0,15,7,10,32,0,0,0,32
01/13/2020,GLS,TX,ASW,CE,Federal Contract Tower,0,4,1,0,5,0,0,0,0,0,0,4,1,0,5,0,0,0,5
01/14/2020,GLS,TX,ASW,CE,Federal Contract Tower,0,17,5,6,28,0,0,1,0,1,0,17,6,6,29,0,0,0,29
01/15/2020,GLS,TX,ASW,CE,Federal Contract Tower,0,9,15,0,24,0,9,0,0,9,0,18,15,0,33,0,0,0,33
01/16/2020,GLS,TX,ASW,CE,Federal Contract Tower,0,7,5,0,12,0,0,0,0,0,0,7,5,0,12,0,0,0,12
01/17/2020,GLS,TX,ASW,CE,Federal Contract Tower,0,4,5,6,15,0,0,0,0,0,0,4,5,6,15,0,0,0,15
01/18/2020,GLS,TX,ASW,CE,Federal Contract Tower,0,7,2,6,15,0,0,0,0,0,0,7,2,6,15,0,0,0,15
01/19/2020,GLS,TX,ASW,CE,Federal Contract Tower,0,1,2,0,3,0,10,28,4,42,0,11,30,4,45,8,0,8,53
01/20/2020,GLS,TX,ASW,CE,Federal Contract Tower,0,6,7,4,17,0,19,19,0,38,0,25,26,4,55,26,0,26,81
01/21/2020,GLS,TX,ASW,CE,Federal Contract Tower,0,7,9,3,19,0,30,26,0,56,0,37,35,3,75,24,0,24,99
01/22/2020,GLS,TX,ASW,CE,Federal Contract Tower,0,5,4,0,9,0,9,0,0,9,0,14,4,0,18,0,0,0,18
01/23/2020,GLS,TX,ASW,CE,Federal Contract Tower,0,7,10,2,19,0,21,10,0,31,0,28,20,2,50,8,0,8,58
01/24/2020,GLS,TX,ASW,CE,Federal Contract Tower,0,10,14,8,32,0,11,58,3,72,0,21,72,11,104,20,0,20,124
01/25/2020,GLS,TX,ASW,CE,Federal Contract Tower,0,3,17,0,20,0,9,41,0,50,0,12,58,0,70,34,0,34,104
01/26/2020,GLS,TX,ASW,CE,Federal Contract Tower,0,4,14,0,18,0,6,29,0,35,0,10,43,0,53,40,0,40,93
01/27/2020,GLS,TX,ASW,CE,Federal Contract Tower,0,4,6,7,17,0,8,7,3,18,0,12,13,10,35,20,0,20,55
01/28/2020,GLS,TX,ASW,CE,Federal Contract Tower,0,7,2,4,13,0,13,2,0,15,0,20,4,4,28,0,0,0,28
01/29/2020,GLS,TX,ASW,CE,Federal Contract Tower,0,5,5,0,10,0,18,20,0,38,0,23,25,0,48,2,0,2,50
01/30/2020,GLS,TX,ASW,CE,Federal Contract Tower,0,9,14,0,23,0,2,6,0,8,0,11,20,0,31,4,0,4,35
01/31/2020,GLS,TX,ASW,CE,Federal Contract Tower,0,4,7,3,14,0,20,24,3,47,0,24,31,6,61,16,18,34,95
02/01/2020,GLS,TX,ASW,CE,Federal Contract Tower,0,2,14,0,16,0,5,103,4,112,0,7,117,4,128,47,0,47,175
02/02/2020,GLS,TX,ASW,CE,Federal Contract Tower,0,1,6,4,11,0,26,36,0,62,0,27,42,4,73,20,0,20,93
02/03/2020,GLS,TX,ASW,CE,Federal Contract Tower,0,6,8,0,14,0,21,10,0,31,0,27,18,0,45,4,0,4,49
02/04/2020,GLS,TX,ASW,CE,Federal Contract Tower,0,9,4,0,13,0,3,2,0,5,0,12,6,0,18,2,0,2,20
02/05/2020,GLS,TX,ASW,CE,Federal Contract Tower,0,2,8,0,10,0,0,0,0,0,0,2,8,0,10,0,0,0,10
02/06/2020,GLS,TX,ASW,CE,Federal Contract Tower,0,9,5,0,14,0,20,9,0,29,0,29,14,0,43,0,0,0,43
02/07/2020,GLS,TX,ASW,CE,Federal Contract Tower,0,10,8,0,18,0,11,31,0,42,0,21,39,0,60,10,0,10,70
02/08/2020,GLS,TX,ASW,CE,Federal Contract Tower,0,4,18,2,24,0,5,77,0,82,0,9,95,2,106,61,0,61,167
02/09/2020,GLS,TX,ASW,CE,Federal Contract Tower,0,6,18,2,26,0,9,1,0,10,0,15,19,2,36,4,0,4,40
02/10/2020,GLS,TX,ASW,CE,Federal Contract Tower,0,4,3,0,7,0,0,0,0,0,0,4,3,0,7,0,0,0,7
02/11/2020,GLS,TX,ASW,CE,Federal Contract Tower,0,11,0,0,11,0,0,0,0,0,0,11,0,0,11,0,0,0,11
02/13/2020,GLS,TX,ASW,CE,Federal Contract Tower,0,7,14,0,21,0,8,45,2,55,0,15,59,2,76,20,0,20,96
02/14/2020,GLS,TX,ASW,CE,Federal Contract Tower,0,4,5,4,13,0,13,18,7,38,0,17,23,11,51,2,6,8,59
02/15/2020,GLS,TX,ASW,CE,Federal Contract Tower,0,1,13,0,14,0,7,52,0,59,0,8,65,0,73,18,0,18,91
02/16/2020,GLS,TX,ASW,CE,Federal Contract Tower,0,7,8,0,15,0,2,5,0,7,0,9,13,0,22,0,0,0,22
02/17/2020,GLS,TX,ASW,CE,Federal Contract Tower,0,4,10,0,14,0,0,0,0,0,0,4,10,0,14,0,0,0,14
02/18/2020,GLS,TX,ASW,CE,Federal Contract Tower,0,14,8,4,26,0,0,0,0,0,0,14,8,4,26,0,0,0,26
02/19/2020,GLS,TX,ASW,CE,Federal Contract Tower,0,8,7,2,17,0,1,0,0,1,0,9,7,2,18,2,0,2,20
02/20/2020,GLS,TX,ASW,CE,Federal Contract Tower,0,13,2,0,15,0,2,2,0,4,0,15,4,0,19,0,0,0,19
02/21/2020,GLS,TX,ASW,CE,Federal Contract Tower,0,9,19,0,28,0,38,40,4,82,0,47,59,4,110,4,10,14,124
02/22/2020,GLS,TX,ASW,CE,Federal Contract Tower,0,5,11,0,16,0,11,88,0,99,0,16,99,0,115,42,0,42,157
02/24/2020,GLS,TX,ASW,CE,Federal Contract Tower,0,5,3,0,8,0,6,3,0,9,0,11,6,0,17,0,0,0,17
02/25/2020,GLS,TX,ASW,CE,Federal Contract Tower,0,4,4,0,8,0,20,37,0,57,0,24,41,0,65,20,0,20,85
02/26/2020,GLS,TX,ASW,CE,Federal Contract Tower,0,2,5,0,7,0,9,0,2,11,0,11,5,2,18,0,6,6,24
02/27/2020,GLS,TX,ASW,CE,Federal Contract Tower,0,12,13,0,25,0,20,48,2,70,0,32,61,2,95,93,0,93,188
02/28/2020,GLS,TX,ASW,CE,Federal Contract Tower,0,5,7,1,13,0,13,57,3,73,0,18,64,4,86,61,3,64,150
02/29/2020,GLS,TX,ASW,CE,Federal Contract Tower,0,3,10,4,17,0,15,65,2,82,0,18,75,6,99,76,6,82,181
03/01/2020,GLS,TX,ASW,CE,Federal Contract Tower,0,3,13,0,16,0,12,24,0,36,0,15,37,0,52,32,0,32,84
03/02/2020,GLS,TX,ASW,CE,Federal Contract Tower,0,8,6,0,14,0,11,14,0,25,0,19,20,0,39,10,0,10,49
03/03/2020,GLS,TX,ASW,CE,Federal Contract Tower,0,7,14,0,21,0,0,3,0,3,0,7,17,0,24,0,0,0,24
03/04/2020,GLS,TX,ASW,CE,Federal Contract Tower,0,13,8,4,25,0,1,0,0,1,0,14,8,4,26,0,0,0,26
03/05/2020,GLS,TX,ASW,CE,Federal Contract Tower,0,5,20,1,26,0,34,18,0,52,0,39,38,1,78,32,0,32,110
03/06/2020,GLS,TX,ASW,CE,Federal Contract Tower,0,2,8,0,10,0,17,42,2,61,0,19,50,2,71,54,0,54,125
03/07/2020,GLS,TX,ASW,CE,Federal Contract Tower,0,3,16,8,27,0,7,51,4,62,0,10,67,12,89,30,0,30,119
03/08/2020,GLS,TX,ASW,CE,Federal Contract Tower,0,2,20,0,22,0,8,30,0,38,0,10,50,0,60,18,0,18,78
03/09/2020,GLS,TX,ASW,CE,Federal Contract Tower,0,4,25,2,31,0,22,8,0,30,0,26,33,2,61,0,0,0,61
03/10/2020,GLS,TX,ASW,CE,Federal Contract Tower,0,11,4,0,15,0,0,1,0,1,0,11,5,0,16,0,0,0,16
03/11/2020,GLS,TX,ASW,CE,Federal Contract Tower,0,7,4,4,15,0,0,0,0,0,0,7,4,4,15,0,0,0,15
03/12/2020,GLS,TX,ASW,CE,Federal Contract Tower,0,8,10,4,22,0,11,13,2,26,0,19,23,6,48,18,0,18,66
03/13/2020,GLS,TX,ASW,CE,Federal Contract Tower,0,9,19,0,28,0,0,2,0,2,0,9,21,0,30,0,0,0,30
03/14/2020,GLS,TX,ASW,CE,Federal Contract Tower,0,7,26,0,33,0,3,10,0,13,0,10,36,0,46,18,0,18,64
03/15/2020,GLS,TX,ASW,CE,Federal Contract Tower,0,2,18,0,20,0,2,0,0,2,0,4,18,0,22,0,0,0,22
03/16/2020,GLS,TX,ASW,CE,Federal Contract Tower,0,4,9,0,13,0,5,5,0,10,0,9,14,0,23,12,0,12,35
03/17/2020,GLS,TX,ASW,CE,Federal Contract Tower,0,9,2,0,11,0,0,0,0,0,0,9,2,0,11,0,0,0,11
03/18/2020,GLS,TX,ASW,CE,Federal Contract Tower,0,5,10,0,15,0,0,0,0,0,0,5,10,0,15,0,0,0,15
03/19/2020,GLS,TX,ASW,CE,Federal Contract Tower,0,3,7,3,13,0,22,9,1,32,0,25,16,4,45,18,0,18,63
03/20/2020,GLS,TX,ASW,CE,Federal Contract Tower,0,8,1,0,9,0,4,0,0,4,0,12,1,0,13,0,0,0,13
03/21/2020,GLS,TX,ASW,CE,Federal Contract Tower,0,17,2,0,19,0,0,0,0,0,0,17,2,0,19,0,0,0,19
03/22/2020,GLS,TX,ASW,CE,Federal Contract Tower,0,4,1,0,5,0,0,0,0,0,0,4,1,0,5,0,0,0,5
03/23/2020,GLS,TX,ASW,CE,Federal Contract Tower,0,6,4,0,10,0,9,9,0,18,0,15,13,0,28,24,0,24,52
03/24/2020,GLS,TX,ASW,CE,Federal Contract Tower,0,6,2,0,8,0,11,0,2,13,0,17,2,2,21,0,0,0,21
03/25/2020,GLS,TX,ASW,CE,Federal Contract Tower,0,14,6,6,26,0,4,2,0,6,0,18,8,6,32,0,0,0,32
03/26/2020,GLS,TX,ASW,CE,Federal Contract Tower,0,9,10,0,19,0,15,10,0,25,0,24,20,0,44,0,0,0,44
03/27/2020,GLS,TX,ASW,CE,Federal Contract Tower,0,1,9,0,10,0,6,36,6,48,0,7,45,6,58,8,8,16,74
03/28/2020,GLS,TX,ASW,CE,Federal Contract Tower,0,11,14,6,31,0,3,2,0,5,0,14,16,6,36,0,0,0,36
03/29/2020,GLS,TX,ASW,CE,Federal Contract Tower,0,4,4,0,8,0,14,31,0,45,0,18,35,0,53,0,0,0,53
03/30/2020,GLS,TX,ASW,CE,Federal Contract Tower,0,3,0,0,3,0,18,7,0,25,0,21,7,0,28,0,0,0,28
03/31/2020,GLS,TX,ASW,CE,Federal Contract Tower,0,0,6,0,6,0,19,21,0,40,0,19,27,0,46,12,0,12,58
04/01/2020,GLS,TX,ASW,CE,Federal Contract Tower,0,0,4,4,8,0,19,23,0,42,0,19,27,4,50,24,0,24,74
04/02/2020,GLS,TX,ASW,CE,Federal Contract Tower,0,0,4,0,4,0,31,6,2,39,0,31,10,2,43,0,0,0,43
04/03/2020,GLS,TX,ASW,CE,Federal Contract Tower,0,3,0,2,5,0,7,7,2,16,0,10,7,4,21,20,0,20,41
04/04/2020,GLS,TX,ASW,CE,Federal Contract Tower,0,10,8,0,18,0,0,0,0,0,0,10,8,0,18,0,0,0,18
04/05/2020,GLS,TX,ASW,CE,Federal Contract Tower,0,8,4,0,12,0,8,11,0,19,0,16,15,0,31,6,0,6,37
04/06/2020,GLS,TX,ASW,CE,Federal Contract Tower,0,0,0,4,4,0,2,0,0,2,0,2,0,4,6,0,0,0,6
04/07/2020,GLS,TX,ASW,CE,Federal Contract Tower,0,3,4,10,17,0,2,3,0,5,0,5,7,10,22,0,0,0,22
04/08/2020,GLS,TX,ASW,CE,Federal Contract Tower,0,12,6,0,18,0,11,19,0,30,0,23,25,0,48,40,0,40,88
04/09/2020,GLS,TX,ASW,CE,Federal Contract Tower,0,8,1,1,10,0,5,6,1,12,0,13,7,2,22,8,0,8,30
04/10/2020,GLS,TX,ASW,CE,Federal Contract Tower,0,4,9,0,13,0,11,6,0,17,0,15,15,0,30,0,0,0,30
04/11/2020,GLS,TX,ASW,CE,Federal Contract Tower,0,0,0,2,2,0,11,14,0,25,0,11,14,2,27,22,0,22,49
04/12/2020,GLS,TX,ASW,CE,Federal Contract Tower,0,7,5,0,12,0,0,0,0,0,0,7,5,0,12,0,0,0,12
04/13/2020,GLS,TX,ASW,CE,Federal Contract Tower,0,0,1,0,1,0,20,23,4,47,0,20,24,4,48,8,0,8,56
04/14/2020,GLS,TX,ASW,CE,Federal Contract Tower,0,6,0,4,10,0,18,22,0,40,0,24,22,4,50,34,0,34,84
04/15/2020,GLS,TX,ASW,CE,Federal Contract Tower,0,0,8,2,10,0,15,35,0,50,0,15,43,2,60,30,0,30,90
04/16/2020,GLS,TX,ASW,CE,Federal Contract Tower,0,0,4,0,4,0,10,35,0,45,0,10,39,0,49,18,0,18,67
04/17/2020,GLS,TX,ASW,CE,Federal Contract Tower,0,0,11,6,17,0,8,17,0,25,0,8,28,6,42,4,0,4,46
04/18/2020,GLS,TX,ASW,CE,Federal Contract Tower,0,2,6,0,8,0,0,0,0,0,0,2,6,0,8,0,0,0,8
04/19/2020,GLS,TX,ASW,CE,Federal Contract Tower,0,2,4,0,6,0,0,2,0,2,0,2,6,0,8,0,0,0,8
04/20/2020,GLS,TX,ASW,CE,Federal Contract Tower,0,0,12,0,12,0,6,8,0,14,0,6,20,0,26,4,0,4,30
04/21/2020,GLS,TX,ASW,CE,Federal Contract Tower,0,1,13,0,14,0,13,37,2,52,0,14,50,2,66,18,0,18,84
04/22/2020,GLS,TX,ASW,CE,Federal Contract Tower,0,0,9,8,17,0,7,1,0,8,0,7,10,8,25,0,0,0,25
04/23/2020,GLS,TX,ASW,CE,Federal Contract Tower,0,0,9,0,9,0,5,13,2,20,0,5,22,2,29,8,0,8,37
04/24/2020,GLS,TX,ASW,CE,Federal Contract Tower,0,0,14,0,14,0,0,4,45,49,0,0,18,45,63,24,0,24,87
04/25/2020,GLS,TX,ASW,CE,Federal Contract Tower,0,0,4,0,4,0,14,67,0,81,0,14,71,0,85,10,0,10,95
04/26/2020,GLS,TX,ASW,CE,Federal Contract Tower,0,1,11,0,12,0,11,66,0,77,0,12,77,0,89,32,0,32,121
04/27/2020,GLS,TX,ASW,CE,Federal Contract Tower,0,8,10,0,18,0,16,24,0,40,0,24,34,0,58,48,0,48,106
04/28/2020,GLS,TX,ASW,CE,Federal Contract Tower,0,12,3,0,15,0,4,1,0,5,0,16,4,0,20,0,0,0,20
04/29/2020,GLS,TX,ASW,CE,Federal Contract Tower,0,2,0,2,4,0,5,12,0,17,0,7,12,2,21,12,0,12,33
04/30/2020,GLS,TX,ASW,CE,Federal Contract Tower,0,1,12,0,13,0,12,47,0,59,0,13,59,0,72,28,0,28,100
05/01/2020,GLS,TX,ASW,CE,Federal Contract Tower,0,0,8,0,8,0,6,51,0,57,0,6,59,0,65,32,0,32,97
05/02/2020,GLS,TX,ASW,CE,Federal Contract Tower,0,2,13,0,15,0,8,34,2,44,0,10,47,2,59,52,10,62,121
05/03/2020,GLS,TX,ASW,CE,Federal Contract Tower,0,0,2,2,4,0,10,55,1,66,0,10,57,3,70,96,0,96,166
05/04/2020,GLS,TX,ASW,CE,Federal Contract Tower,0,0,11,0,11,0,14,24,0,38,0,14,35,0,49,44,0,44,93
05/05/2020,GLS,TX,ASW,CE,Federal Contract Tower,0,0,14,2,16,0,15,7,6,28,0,15,21,8,44,8,0,8,52
05/06/2020,GLS,TX,ASW,CE,Federal Contract Tower,0,3,3,0,6,0,10,17,2,29,0,13,20,2,35,10,0,10,45
05/07/2020,GLS,TX,ASW,CE,Federal Contract Tower,0,1,15,0,16,0,13,17,0,30,0,14,32,0,46,40,0,40,86
05/08/2020,GLS,TX,ASW,CE,Federal Contract Tower,0,0,6,0,6,0,5,4,0,9,0,5,10,0,15,0,0,0,15
05/09/2020,GLS,TX,ASW,CE,Federal Contract Tower,0,0,4,0,4,0,4,24,0,28,0,4,28,0,32,40,0,40,72
05/10/2020,GLS,TX,ASW,CE,Federal Contract Tower,0,0,9,0,9,0,10,44,2,56,0,10,53,2,65,42,10,52,117
05/11/2020,GLS,TX,ASW,CE,Federal Contract Tower,0,3,20,0,23,0,8,40,0,48,0,11,60,0,71,60,0,60,131
05/12/2020,GLS,TX,ASW,CE,Federal Contract Tower,0,2,23,0,25,0,8,24,0,32,0,10,47,0,57,12,0,12,69
05/13/2020,GLS,TX,ASW,CE,Federal Contract Tower,0,0,7,0,7,0,13,19,2,34,0,13,26,2,41,2,0,2,43
05/14/2020,GLS,TX,ASW,CE,Federal Contract Tower,0,4,6,0,10,0,15,7,0,22,0,19,13,0,32,16,0,16,48
05/15/2020,GLS,TX,ASW,CE,Federal Contract Tower,0,1,3,0,4,0,25,3,0,28,0,26,6,0,32,10,0,10,42
05/16/2020,GLS,TX,ASW,CE,Federal Contract Tower,0,1,4,0,5,0,19,7,2,28,0,20,11,2,33,16,0,16,49
05/17/2020,GLS,TX,ASW,CE,Federal Contract Tower,0,7,6,0,13,0,12,35,0,47,0,19,41,0,60,88,0,88,148
05/18/2020,GLS,TX,ASW,CE,Federal Contract Tower,0,4,13,2,19,0,10,42,0,52,0,14,55,2,71,32,0,32,103
05/19/2020,GLS,TX,ASW,CE,Federal Contract Tower,0,4,19,0,23,0,29,26,0,55,0,33,45,0,78,12,0,12,90
05/20/2020,GLS,TX,ASW,CE,Federal Contract Tower,0,7,19,0,26,0,15,44,0,59,0,22,63,0,85,40,0,40,125
05/21/2020,GLS,TX,ASW,CE,Federal Contract Tower,0,6,18,0,24,0,8,28,0,36,0,14,46,0,60,50,0,50,110
05/22/2020,GLS,TX,ASW,CE,Federal Contract Tower,0,0,18,0,18,0,6,30,2,38,0,6,48,2,56,46,4,50,106
05/23/2020,GLS,TX,ASW,CE,Federal Contract Tower,0,2,6,0,8,0,14,33,0,47,0,16,39,0,55,86,0,86,141
05/24/2020,GLS,TX,ASW,CE,Federal Contract Tower,0,8,7,0,15,0,11,31,0,42,0,19,38,0,57,40,0,40,97
05/25/2020,GLS,TX,ASW,CE,Federal Contract Tower,0,6,9,0,15,0,9,26,0,35,0,15,35,0,50,66,0,66,116
05/26/2020,GLS,TX,ASW,CE,Federal Contract Tower,0,5,7,0,12,0,10,33,0,43,0,15,40,0,55,69,0,69,124
05/27/2020,GLS,TX,ASW,CE,Federal Contract Tower,0,9,10,0,19,0,23,29,0,52,0,32,39,0,71,12,0,12,83
05/28/2020,GLS,TX,ASW,CE,Federal Contract Tower,0,5,12,0,17,0,12,10,2,24,0,17,22,2,41,16,14,30,71
05/29/2020,GLS,TX,ASW,CE,Federal Contract Tower,0,1,16,0,17,0,5,36,0,41,0,6,52,0,58,68,0,68,126
05/30/2020,GLS,TX,ASW,CE,Federal Contract Tower,0,2,22,0,24,0,7,62,0,69,0,9,84,0,93,72,0,72,165
05/31/2020,GLS,TX,ASW,CE,Federal Contract Tower,0,2,6,0,8,0,4,13,0,17,0,6,19,0,25,0,0,0,25
06/01/2020,GLS,TX,ASW,CE,Federal Contract Tower,0,0,3,0,3,0,15,26,0,41,0,15,29,0,44,36,0,36,80
06/02/2020,GLS,TX,ASW,CE,Federal Contract Tower,0,4,19,0,23,0,20,31,0,51,0,24,50,0,74,68,0,68,142
06/03/2020,GLS,TX,ASW,CE,Federal Contract Tower,0,3,7,2,12,0,16,13,0,29,0,19,20,2,41,2,0,2,43
06/04/2020,GLS,TX,ASW,CE,Federal Contract Tower,0,0,6,2,8,0,14,28,0,42,0,14,34,2,50,64,0,64,114
06/05/2020,GLS,TX,ASW,CE,Federal Contract Tower,0,10,23,0,33,0,14,45,0,59,0,24,68,0,92,66,0,66,158
06/06/2020,GLS,TX,ASW,CE,Federal Contract Tower,0,10,12,2,24,0,9,53,6,68,0,19,65,8,92,28,6,34,126
06/07/2020,GLS,TX,ASW,CE,Federal Contract Tower,0,0,10,0,10,0,14,65,0,79,0,14,75,0,89,8,0,8,97
06/08/2020,GLS,TX,ASW,CE,Federal Contract Tower,0,13,8,0,21,0,8,10,0,18,0,21,18,0,39,0,0,0,39
06/09/2020,GLS,TX,ASW,CE,Federal Contract Tower,0,9,15,0,24,0,12,19,2,33,0,21,34,2,57,24,0,24,81
06/10/2020,GLS,TX,ASW,CE,Federal Contract Tower,0,9,7,0,16,0,10,29,2,41,0,19,36,2,57,16,0,16,73
06/11/2020,GLS,TX,ASW,CE,Federal Contract Tower,0,2,12,2,16,0,13,55,4,72,0,15,67,6,88,46,14,60,148
06/12/2020,GLS,TX,ASW,CE,Federal Contract Tower,0,2,23,6,31,0,15,42,0,57,0,17,65,6,88,110,0,110,198
06/13/2020,GLS,TX,ASW,CE,Federal Contract Tower,0,4,7,6,17,0,10,58,0,68,0,14,65,6,85,110,4,114,199
06/14/2020,GLS,TX,ASW,CE,Federal Contract Tower,0,6,21,0,27,0,7,49,0,56,0,13,70,0,83,85,0,85,168
06/15/2020,GLS,TX,ASW,CE,Federal Contract Tower,0,0,8,0,8,0,23,19,0,42,0,23,27,0,50,42,0,42,92
06/16/2020,GLS,TX,ASW,CE,Federal Contract Tower,0,0,14,0,14,0,20,33,2,55,0,20,47,2,69,30,0,30,99
06/17/2020,GLS,TX,ASW,CE,Federal Contract Tower,0,4,11,0,15,0,9,35,0,44,0,13,46,0,59,56,0,56,115
06/18/2020,GLS,TX,ASW,CE,Federal Contract Tower,0,2,18,2,22,0,7,41,4,52,0,9,59,6,74,79,0,79,153
06/19/2020,GLS,TX,ASW,CE,Federal Contract Tower,0,2,14,0,16,0,14,61,2,77,0,16,75,2,93,82,0,82,175
06/20/2020,GLS,TX,ASW,CE,Federal Contract Tower,0,1,7,6,14,0,14,35,0,49,0,15,42,6,63,16,0,16,79
06/21/2020,GLS,TX,ASW,CE,Federal Contract Tower,0,1,6,0,7,0,12,25,0,37,0,13,31,0,44,34,0,34,78
06/22/2020,GLS,TX,ASW,CE,Federal Contract Tower,0,1,5,0,6,0,8,11,0,19,0,9,16,0,25,12,0,12,37
06/23/2020,GLS,TX,ASW,CE,Federal Contract Tower,0,2,9,0,11,0,15,10,0,25,0,17,19,0,36,10,0,10,46
06/24/2020,GLS,TX,ASW,CE,Federal Contract Tower,0,6,6,0,12,0,14,10,0,24,0,20,16,0,36,2,0,2,38
06/25/2020,GLS,TX,ASW,CE,Federal Contract Tower,0,2,6,0,8,0,17,2,0,19,0,19,8,0,27,6,0,6,33
06/26/2020,GLS,TX,ASW,CE,Federal Contract Tower,0,0,17,2,19,0,4,2,0,6,0,4,19,2,25,8,0,8,33
06/27/2020,GLS,TX,ASW,CE,Federal Contract Tower,0,3,4,0,7,0,13,21,2,36,0,16,25,2,43,98,0,98,141
06/28/2020,GLS,TX,ASW,CE,Federal Contract Tower,0,2,9,0,11,0,12,24,0,36,0,14,33,0,47,74,0,74,121
06/29/2020,GLS,TX,ASW,CE,Federal Contract Tower,0,6,15,1,22,0,17,16,3,36,0,23,31,4,58,36,6,42,100
06/30/2020,GLS,TX,ASW,CE,Federal Contract Tower,0,9,29,0,38,0,25,17,0,42,0,34,46,0,80,42,0,42,122
07/01/2020,GLS,TX,ASW,CE,Federal Contract Tower,0,8,13,12,33,0,17,16,0,33,0,25,29,12,66,18,0,18,84
07/02/2020,GLS,TX,ASW,CE,Federal Contract Tower,0,7,9,0,16,0,11,18,4,33,0,18,27,4,49,60,0,60,109
07/03/2020,GLS,TX,ASW,CE,Federal Contract Tower,0,8,10,2,20,0,14,31,0,45,0,22,41,2,65,40,0,40,105
07/04/2020,GLS,TX,ASW,CE,Federal Contract Tower,0,5,7,0,12,0,7,34,0,41,0,12,41,0,53,52,0,52,105
07/05/2020,GLS,TX,ASW,CE,Federal Contract Tower,0,1,13,4,18,0,13,31,1,45,0,14,44,5,63,54,0,54,117
07/06/2020,GLS,TX,ASW,CE,Federal Contract Tower,0,6,1,0,7,0,16,12,0,28,0,22,13,0,35,36,0,36,71
07/07/2020,GLS,TX,ASW,CE,Federal Contract Tower,0,9,10,6,25,0,16,37,0,53,0,25,47,6,78,20,0,20,98
07/08/2020,GLS,TX,ASW,CE,Federal Contract Tower,0,14,10,0,24,0,26,39,0,65,0,40,49,0,89,32,0,32,121
07/09/2020,GLS,TX,ASW,CE,Federal Contract Tower,0,12,10,2,24,0,7,29,2,38,0,19,39,4,62,44,0,44,106
07/10/2020,GLS,TX,ASW,CE,Federal Contract Tower,0,5,8,0,13,0,11,27,0,38,0,16,35,0,51,52,0,52,103
07/11/2020,GLS,TX,ASW,CE,Federal Contract Tower,0,2,13,4,19,0,17,76,0,93,0,19,89,4,112,84,4,88,200
07/12/2020,GLS,TX,ASW,CE,Federal Contract Tower,0,0,14,0,14,0,12,30,0,42,0,12,44,0,56,16,0,16,72
07/13/2020,GLS,TX,ASW,CE,Federal Contract Tower,0,0,11,3,14,0,28,20,2,50,0,28,31,5,64,34,0,34,98
07/14/2020,GLS,TX,ASW,CE,Federal Contract Tower,0,2,12,0,14,0,38,25,0,63,0,40,37,0,77,32,0,32,109
07/15/2020,GLS,TX,ASW,CE,Federal Contract Tower,0,2,11,1,14,0,29,33,6,68,0,31,44,7,82,20,12,32,114
07/16/2020,GLS,TX,ASW,CE,Federal Contract Tower,0,2,18,2,22,0,13,20,0,33,0,15,38,2,55,0,0,0,55
07/17/2020,GLS,TX,ASW,CE,Federal Contract Tower,0,7,4,0,11,0,12,19,0,31,0,19,23,0,42,60,0,60,102
07/18/2020,GLS,TX,ASW,CE,Federal Contract Tower,0,6,7,0,13,0,24,26,0,50,0,30,33,0,63,6,0,6,69
07/19/2020,GLS,TX,ASW,CE,Federal Contract Tower,0,17,12,2,31,0,14,31,0,45,0,31,43,2,76,18,0,18,94
07/20/2020,GLS,TX,ASW,CE,Federal Contract Tower,0,13,3,0,16,0,18,11,0,29,0,31,14,0,45,8,0,8,53
07/21/2020,GLS,TX,ASW,CE,Federal Contract Tower,0,15,2,4,21,0,18,10,8,36,0,33,12,12,57,2,10,12,69
07/22/2020,GLS,TX,ASW,CE,Federal Contract Tower,0,6,15,0,21,0,16,23,0,39,0,22,38,0,60,40,0,40,100
07/23/2020,GLS,TX,ASW,CE,Federal Contract Tower,0,3,3,0,6,0,19,47,2,68,0,22,50,2,74,14,0,14,88
07/24/2020,GLS,TX,ASW,CE,Federal Contract Tower,0,1,6,3,10,0,0,4,1,5,0,1,10,4,15,0,14,14,29
07/25/2020,GLS,TX,ASW,CE,Federal Contract Tower,0,0,0,0,0,0,0,0,0,0,0,0,0,0,0,0,0,0,0
07/26/2020,GLS,TX,ASW,CE,Federal Contract Tower,0,14,10,0,24,0,14,14,0,28,0,28,24,0,52,8,0,8,60
07/27/2020,GLS,TX,ASW,CE,Federal Contract Tower,0,15,4,0,19,0,15,10,2,27,0,30,14,2,46,24,0,24,70
07/28/2020,GLS,TX,ASW,CE,Federal Contract Tower,0,5,2,0,7,0,12,2,1,15,0,17,4,1,22,9,0,9,31
07/29/2020,GLS,TX,ASW,CE,Federal Contract Tower,0,10,8,0,18,0,18,6,0,24,0,28,14,0,42,10,0,10,52
07/30/2020,GLS,TX,ASW,CE,Federal Contract Tower,0,11,15,2,28,0,26,29,0,55,0,37,44,2,83,60,0,60,143
07/31/2020,GLS,TX,ASW,CE,Federal Contract Tower,0,5,11,2,18,0,13,25,2,40,0,18,36,4,58,92,0,92,150
08/01/2020,GLS,TX,ASW,CE,Federal Contract Tower,0,7,4,0,11,0,8,15,0,23,0,15,19,0,34,42,0,42,76
08/02/2020,GLS,TX,ASW,CE,Federal Contract Tower,0,2,7,0,9,0,19,57,2,78,0,21,64,2,87,110,0,110,197
08/03/2020,GLS,TX,ASW,CE,Federal Contract Tower,0,4,12,0,16,0,23,17,0,40,0,27,29,0,56,32,0,32,88
08/04/2020,GLS,TX,ASW,CE,Federal Contract Tower,0,2,13,0,15,0,22,37,2,61,0,24,50,2,76,104,0,104,180
08/05/2020,GLS,TX,ASW,CE,Federal Contract Tower,0,8,19,2,29,0,14,19,0,33,0,22,38,2,62,52,0,52,114
08/06/2020,GLS,TX,ASW,CE,Federal Contract Tower,0,8,10,2,20,0,18,22,2,42,0,26,32,4,62,50,0,50,112
08/07/2020,GLS,TX,ASW,CE,Federal Contract Tower,0,1,6,0,7,0,10,38,0,48,0,11,44,0,55,66,0,66,121
08/08/2020,GLS,TX,ASW,CE,Federal Contract Tower,0,7,14,0,21,0,10,47,0,57,0,17,61,0,78,62,0,62,140
08/09/2020,GLS,TX,ASW,CE,Federal Contract Tower,0,3,18,0,21,0,14,30,1,45,0,17,48,1,66,55,2,57,123
08/10/2020,GLS,TX,ASW,CE,Federal Contract Tower,0,9,17,0,26,0,14,34,0,48,0,23,51,0,74,62,0,62,136
08/11/2020,GLS,TX,ASW,CE,Federal Contract Tower,0,9,11,0,20,0,15,25,2,42,0,24,36,2,62,82,2,84,146
08/12/2020,GLS,TX,ASW,CE,Federal Contract Tower,0,13,6,6,25,0,14,27,2,43,0,27,33,8,68,44,0,44,112
08/13/2020,GLS,TX,ASW,CE,Federal Contract Tower,0,11,13,3,27,0,9,29,1,39,0,20,42,4,66,42,10,52,118
08/14/2020,GLS,TX,ASW,CE,Federal Contract Tower,0,6,18,2,26,0,11,42,0,53,0,17,60,2,79,6,0,6,85
08/15/2020,GLS,TX,ASW,CE,Federal Contract Tower,0,4,8,0,12,0,13,52,2,67,0,17,60,2,79,24,6,30,109
08/16/2020,GLS,TX,ASW,CE,Federal Contract Tower,0,4,17,0,21,0,12,51,0,63,0,16,68,0,84,20,0,20,104
08/17/2020,GLS,TX,ASW,CE,Federal Contract Tower,0,1,6,7,14,0,15,31,1,47,0,16,37,8,61,22,0,22,83
08/18/2020,GLS,TX,ASW,CE,Federal Contract Tower,0,8,17,0,25,0,17,36,0,53,0,25,53,0,78,28,0,28,106
08/19/2020,GLS,TX,ASW,CE,Federal Contract Tower,0,6,6,0,12,0,20,32,0,52,0,26,38,0,64,16,0,16,80
08/20/2020,GLS,TX,ASW,CE,Federal Contract Tower,0,0,5,2,7,0,11,29,0,40,0,11,34,2,47,40,0,40,87
08/21/2020,GLS,TX,ASW,CE,Federal Contract Tower,0,4,20,2,26,0,13,10,0,23,0,17,30,2,49,52,10,62,111
08/22/2020,GLS,TX,ASW,CE,Federal Contract Tower,0,2,4,0,6,0,20,38,4,62,0,22,42,4,68,60,0,60,128
08/23/2020,GLS,TX,ASW,CE,Federal Contract Tower,0,6,11,0,17,0,14,41,0,55,0,20,52,0,72,56,0,56,128
08/24/2020,GLS,TX,ASW,CE,Federal Contract Tower,0,1,4,0,5,0,5,22,0,27,0,6,26,0,32,36,0,36,68
08/25/2020,GLS,TX,ASW,CE,Federal Contract Tower,0,10,5,0,15,0,23,42,0,65,0,33,47,0,80,8,0,8,88
08/26/2020,GLS,TX,ASW,CE,Federal Contract Tower,0,0,1,0,1,0,0,2,0,2,0,0,3,0,3,0,0,0,3
08/27/2020,GLS,TX,ASW,CE,Federal Contract Tower,0,0,3,0,3,0,6,25,0,31,0,6,28,0,34,20,0,20,54
08/28/2020,GLS,TX,ASW,CE,Federal Contract Tower,0,5,5,0,10,0,24,20,0,44,0,29,25,0,54,10,0,10,64
08/29/2020,GLS,TX,ASW,CE,Federal Contract Tower,0,1,6,0,7,0,19,32,0,51,0,20,38,0,58,58,0,58,116
08/30/2020,GLS,TX,ASW,CE,Federal Contract Tower,0,2,8,0,10,0,21,20,0,41,0,23,28,0,51,10,0,10,61
08/31/2020,GLS,TX,ASW,CE,Federal Contract Tower,0,6,9,0,15,0,25,21,0,46,0,31,30,0,61,16,4,20,81
09/01/2020,GLS,TX,ASW,CE,Federal Contract Tower,0,10,5,0,15,0,19,4,6,29,0,29,9,6,44,0,0,0,44
09/02/2020,GLS,TX,ASW,CE,Federal Contract Tower,0,8,12,2,22,0,29,16,0,45,0,37,28,2,67,6,0,6,73
09/03/2020,GLS,TX,ASW,CE,Federal Contract Tower,0,9,8,4,21,0,18,29,2,49,0,27,37,6,70,40,0,40,110
09/04/2020,GLS,TX,ASW,CE,Federal Contract Tower,0,4,9,0,13,0,18,26,0,44,0,22,35,0,57,40,0,40,97
09/05/2020,GLS,TX,ASW,CE,Federal Contract Tower,0,0,3,0,3,0,27,43,0,70,0,27,46,0,73,56,0,56,129
09/06/2020,GLS,TX,ASW,CE,Federal Contract Tower,0,2,3,0,5,0,8,43,2,53,0,10,46,2,58,68,0,68,126
09/07/2020,GLS,TX,ASW,CE,Federal Contract Tower,0,1,15,1,17,0,13,41,1,55,0,14,56,2,72,86,0,86,158
09/08/2020,GLS,TX,ASW,CE,Federal Contract Tower,0,4,10,0,14,0,19,4,0,23,0,23,14,0,37,0,0,0,37
09/09/2020,GLS,TX,ASW,CE,Federal Contract Tower,0,10,26,0,36,0,34,14,0,48,0,44,40,0,84,24,0,24,108
09/10/2020,GLS,TX,ASW,CE,Federal Contract Tower,0,10,10,0,20,0,15,14,0,29,0,25,24,0,49,48,0,48,97
09/11/2020,GLS,TX,ASW,CE,Federal Contract Tower,0,14,16,2,32,0,27,30,4,61,0,41,46,6,93,54,0,54,147
09/12/2020,GLS,TX,ASW,CE,Federal Contract Tower,0,1,12,0,13,0,15,66,0,81,0,16,78,0,94,70,0,70,164
09/13/2020,GLS,TX,ASW,CE,Federal Contract Tower,0,4,9,0,13,0,15,29,0,44,0,19,38,0,57,38,0,38,95
09/14/2020,GLS,TX,ASW,CE,Federal Contract Tower,0,2,13,0,15,0,16,11,0,27,0,18,24,0,42,46,0,46,88
09/15/2020,GLS,TX,ASW,CE,Federal Contract Tower,0,10,10,0,20,0,43,9,0,52,0,53,19,0,72,16,0,16,88
09/16/2020,GLS,TX,ASW,CE,Federal Contract Tower,0,4,0,0,4,0,33,26,0,59,0,37,26,0,63,18,0,18,81
09/17/2020,GLS,TX,ASW,CE,Federal Contract Tower,0,8,1,0,9,0,23,21,2,46,0,31,22,2,55,54,0,54,109
09/18/2020,GLS,TX,ASW,CE,Federal Contract Tower,0,23,12,4,39,0,27,26,0,53,0,50,38,4,92,42,0,42,134
09/19/2020,GLS,TX,ASW,CE,Federal Contract Tower,0,8,6,0,14,0,2,25,0,27,0,10,31,0,41,4,0,4,45
09/20/2020,GLS,TX,ASW,CE,Federal Contract Tower,0,7,4,0,11,0,3,2,0,5,0,10,6,0,16,0,0,0,16
09/21/2020,GLS,TX,ASW,CE,Federal Contract Tower,0,0,0,0,0,0,0,0,0,0,0,0,0,0,0,0,0,0,0
09/22/2020,GLS,TX,ASW,CE,Federal Contract Tower,0,0,0,0,0,0,2,0,0,2,0,2,0,0,2,0,0,0,2
09/23/2020,GLS,TX,ASW,CE,Federal Contract Tower,0,11,4,1,16,0,12,2,1,15,0,23,6,2,31,0,0,0,31
09/24/2020,GLS,TX,ASW,CE,Federal Contract Tower,0,15,19,0,34,0,54,13,0,67,0,69,32,0,101,12,0,12,113
09/25/2020,GLS,TX,ASW,CE,Federal Contract Tower,0,8,10,4,22,0,23,54,2,79,0,31,64,6,101,54,0,54,155
09/26/2020,GLS,TX,ASW,CE,Federal Contract Tower,0,3,15,0,18,0,24,86,2,112,0,27,101,2,130,112,0,112,242
09/27/2020,GLS,TX,ASW,CE,Federal Contract Tower,0,3,17,4,24,0,40,84,2,126,0,43,101,6,150,70,0,70,220
09/28/2020,GLS,TX,ASW,CE,Federal Contract Tower,0,11,5,0,16,0,22,11,0,33,0,33,16,0,49,8,0,8,57
09/29/2020,GLS,TX,ASW,CE,Federal Contract Tower,0,4,9,2,15,0,32,18,0,50,0,36,27,2,65,13,0,13,78
09/30/2020,GLS,TX,ASW,CE,Federal Contract Tower,0,9,14,5,28,0,28,50,3,81,0,37,64,8,109,6,9,15,124
10/01/2020,GLS,TX,ASW,CE,Federal Contract Tower,0,6,11,0,17,0,26,41,0,67,0,32,52,0,84,23,0,23,107
10/02/2020,GLS,TX,ASW,CE,Federal Contract Tower,0,4,21,0,25,0,18,37,0,55,0,22,58,0,80,64,0,64,144
10/03/2020,GLS,TX,ASW,CE,Federal Contract Tower,0,0,2,2,4,0,8,52,0,60,0,8,54,2,64,82,0,82,146
10/04/2020,GLS,TX,ASW,CE,Federal Contract Tower,0,3,8,0,11,0,10,38,0,48,0,13,46,0,59,42,0,42,101
10/05/2020,GLS,TX,ASW,CE,Federal Contract Tower,0,2,4,0,6,0,24,27,0,51,0,26,31,0,57,52,0,52,109
10/06/2020,GLS,TX,ASW,CE,Federal Contract Tower,0,4,21,0,25,0,49,28,0,77,0,53,49,0,102,20,14,34,136
10/07/2020,GLS,TX,ASW,CE,Federal Contract Tower,0,15,22,0,37,0,27,21,0,48,0,42,43,0,85,14,0,14,99
10/08/2020,GLS,TX,ASW,CE,Federal Contract Tower,0,13,10,1,24,0,15,17,2,34,0,28,27,3,58,0,0,0,58
10/09/2020,GLS,TX,ASW,CE,Federal Contract Tower,0,0,0,0,0,0,0,0,0,0,0,0,0,0,0,0,0,0,0
10/10/2020,GLS,TX,ASW,CE,Federal Contract Tower,0,10,13,1,24,0,23,54,1,78,0,33,67,2,102,20,0,20,122
10/11/2020,GLS,TX,ASW,CE,Federal Contract Tower,0,18,27,0,45,0,16,28,0,44,0,34,55,0,89,44,0,44,133
10/12/2020,GLS,TX,ASW,CE,Federal Contract Tower,0,3,7,5,15,0,34,9,1,44,0,37,16,6,59,32,6,38,97
10/13/2020,GLS,TX,ASW,CE,Federal Contract Tower,0,5,12,0,17,0,32,19,0,51,0,37,31,0,68,4,0,4,72
10/14/2020,GLS,TX,ASW,CE,Federal Contract Tower,0,8,8,1,17,0,18,36,0,54,0,26,44,1,71,10,0,10,81
10/15/2020,GLS,TX,ASW,CE,Federal Contract Tower,0,8,15,2,25,0,33,25,0,58,0,41,40,2,83,50,0,50,133
10/16/2020,GLS,TX,ASW,CE,Federal Contract Tower,0,14,18,0,32,0,10,6,0,16,0,24,24,0,48,0,0,0,48
10/17/2020,GLS,TX,ASW,CE,Federal Contract Tower,0,4,13,0,17,0,10,35,3,48,0,14,48,3,65,84,0,84,149
10/18/2020,GLS,TX,ASW,CE,Federal Contract Tower,0,1,25,0,26,0,14,49,0,63,0,15,74,0,89,40,0,40,129
10/19/2020,GLS,TX,ASW,CE,Federal Contract Tower,0,6,4,4,14,0,21,7,2,30,0,27,11,6,44,6,0,6,50
10/20/2020,GLS,TX,ASW,CE,Federal Contract Tower,0,9,18,7,34,0,20,24,1,45,0,29,42,8,79,16,6,22,101
10/21/2020,GLS,TX,ASW,CE,Federal Contract Tower,0,5,22,0,27,0,24,14,0,38,0,29,36,0,65,4,0,4,69
10/22/2020,GLS,TX,ASW,CE,Federal Contract Tower,0,7,6,2,15,0,22,21,2,45,0,29,27,4,60,10,0,10,70
10/23/2020,GLS,TX,ASW,CE,Federal Contract Tower,0,2,16,2,20,0,24,18,0,42,0,26,34,2,62,14,0,14,76
10/24/2020,GLS,TX,ASW,CE,Federal Contract Tower,0,5,13,3,21,0,10,87,0,97,0,15,100,3,118,66,0,66,184
10/25/2020,GLS,TX,ASW,CE,Federal Contract Tower,0,5,13,0,18,0,9,106,0,115,0,14,119,0,133,26,0,26,159
10/26/2020,GLS,TX,ASW,CE,Federal Contract Tower,0,7,17,0,24,0,16,17,0,33,0,23,34,0,57,22,0,22,79
10/27/2020,GLS,TX,ASW,CE,Federal Contract Tower,0,22,8,4,34,0,12,0,0,12,0,34,8,4,46,0,0,0,46
10/28/2020,GLS,TX,ASW,CE,Federal Contract Tower,0,13,8,2,23,0,2,0,0,2,0,15,8,2,25,0,0,0,25
10/29/2020,GLS,TX,ASW,CE,Federal Contract Tower,0,16,5,5,26,0,38,23,1,62,0,54,28,6,88,8,0,8,96
10/30/2020,GLS,TX,ASW,CE,Federal Contract Tower,0,3,21,0,24,0,15,27,0,42,0,18,48,0,66,14,0,14,80
10/31/2020,GLS,TX,ASW,CE,Federal Contract Tower,0,4,8,0,12,0,25,62,0,87,0,29,70,0,99,46,0,46,145
11/01/2020,GLS,TX,ASW,CE,Federal Contract Tower,0,0,15,8,23,0,19,52,0,71,0,19,67,8,94,52,0,52,146
11/02/2020,GLS,TX,ASW,CE,Federal Contract Tower,0,0,4,0,4,0,16,19,0,35,0,16,23,0,39,20,0,20,59
11/03/2020,GLS,TX,ASW,CE,Federal Contract Tower,0,2,15,0,17,0,20,41,2,63,0,22,56,2,80,16,0,16,96
11/04/2020,GLS,TX,ASW,CE,Federal Contract Tower,0,10,20,0,30,0,40,27,0,67,0,50,47,0,97,32,0,32,129
11/05/2020,GLS,TX,ASW,CE,Federal Contract Tower,0,13,16,1,30,0,23,37,1,61,0,36,53,2,91,26,0,26,117
11/06/2020,GLS,TX,ASW,CE,Federal Contract Tower,0,4,16,2,22,0,17,37,0,54,0,21,53,2,76,26,0,26,102
11/07/2020,GLS,TX,ASW,CE,Federal Contract Tower,0,3,11,2,16,0,11,45,5,61,0,14,56,7,77,22,16,38,115
11/08/2020,GLS,TX,ASW,CE,Federal Contract Tower,0,6,14,0,20,0,11,17,0,28,0,17,31,0,48,4,0,4,52
11/09/2020,GLS,TX,ASW,CE,Federal Contract Tower,0,6,21,0,27,0,8,8,0,16,0,14,29,0,43,0,0,0,43
11/10/2020,GLS,TX,ASW,CE,Federal Contract Tower,0,9,14,0,23,0,18,23,2,43,0,27,37,2,66,8,10,18,84
11/11/2020,GLS,TX,ASW,CE,Federal Contract Tower,0,14,12,0,26,0,25,33,0,58,0,39,45,0,84,12,0,12,96
11/12/2020,GLS,TX,ASW,CE,Federal Contract Tower,0,5,10,0,15,0,30,31,0,61,0,35,41,0,76,40,0,40,116
11/13/2020,GLS,TX,ASW,CE,Federal Contract Tower,0,7,28,0,35,0,9,12,0,21,0,16,40,0,56,24,0,24,80
11/14/2020,GLS,TX,ASW,CE,Federal Contract Tower,0,7,29,17,53,0,13,39,3,55,0,20,68,20,108,42,20,62,170
11/15/2020,GLS,TX,ASW,CE,Federal Contract Tower,0,8,3,2,13,0,6,32,0,38,0,14,35,2,51,4,0,4,55
11/16/2020,GLS,TX,ASW,CE,Federal Contract Tower,0,2,8,0,10,0,13,34,2,49,0,15,42,2,59,28,32,60,119
11/17/2020,GLS,TX,ASW,CE,Federal Contract Tower,0,6,17,0,23,0,12,23,0,35,0,18,40,0,58,8,0,8,66
11/18/2020,GLS,TX,ASW,CE,Federal Contract Tower,0,6,11,1,18,0,19,28,1,48,0,25,39,2,66,16,0,16,82
11/19/2020,GLS,TX,ASW,CE,Federal Contract Tower,0,7,14,2,23,0,10,23,0,33,0,17,37,2,56,24,0,24,80
11/20/2020,GLS,TX,ASW,CE,Federal Contract Tower,0,6,18,4,28,0,14,19,5,38,0,20,37,9,66,12,13,25,91
11/21/2020,GLS,TX,ASW,CE,Federal Contract Tower,0,3,21,2,26,0,8,70,0,78,0,11,91,2,104,60,0,60,164
11/22/2020,GLS,TX,ASW,CE,Federal Contract Tower,0,2,15,4,21,0,16,76,0,92,0,18,91,4,113,60,0,60,173
11/23/2020,GLS,TX,ASW,CE,Federal Contract Tower,0,8,32,0,40,0,23,25,2,50,0,31,57,2,90,14,0,14,104
11/24/2020,GLS,TX,ASW,CE,Federal Contract Tower,0,8,15,0,23,0,30,18,0,48,0,38,33,0,71,6,0,6,77
11/25/2020,GLS,TX,ASW,CE,Federal Contract Tower,0,12,14,0,26,0,23,38,4,65,0,35,52,4,91,12,0,12,103
11/26/2020,GLS,TX,ASW,CE,Federal Contract Tower,0,9,2,0,11,0,5,12,0,17,0,14,14,0,28,0,0,0,28
11/27/2020,GLS,TX,ASW,CE,Federal Contract Tower,0,7,5,0,12,0,12,6,0,18,0,19,11,0,30,4,0,4,34
11/28/2020,GLS,TX,ASW,CE,Federal Contract Tower,0,5,7,0,12,0,4,1,0,5,0,9,8,0,17,0,0,0,17
11/29/2020,GLS,TX,ASW,CE,Federal Contract Tower,0,6,20,0,26,0,13,13,0,26,0,19,33,0,52,10,0,10,62
11/30/2020,GLS,TX,ASW,CE,Federal Contract Tower,0,5,10,0,15,0,7,16,0,23,0,12,26,0,38,6,14,20,58
12/01/2020,GLS,TX,ASW,CE,Federal Contract Tower,0,6,17,0,23,0,21,28,0,49,0,27,45,0,72,24,0,24,96
12/02/2020,GLS,TX,ASW,CE,Federal Contract Tower,0,3,2,0,5,0,6,0,0,6,0,9,2,0,11,0,0,0,11
12/03/2020,GLS,TX,ASW,CE,Federal Contract Tower,0,23,20,0,43,0,26,15,4,45,0,49,35,4,88,18,0,18,106
12/04/2020,GLS,TX,ASW,CE,Federal Contract Tower,0,13,11,0,24,0,23,41,3,67,0,36,52,3,91,12,0,12,103
12/05/2020,GLS,TX,ASW,CE,Federal Contract Tower,0,5,6,1,12,0,1,48,0,49,0,6,54,1,61,36,0,36,97
12/06/2020,GLS,TX,ASW,CE,Federal Contract Tower,0,7,3,0,10,0,25,63,0,88,0,32,66,0,98,38,0,38,136
12/07/2020,GLS,TX,ASW,CE,Federal Contract Tower,0,2,13,0,15,0,18,32,2,52,0,20,45,2,67,32,0,32,99
12/08/2020,GLS,TX,ASW,CE,Federal Contract Tower,0,4,24,1,29,0,29,57,1,87,0,33,81,2,116,34,0,34,150
12/09/2020,GLS,TX,ASW,CE,Federal Contract Tower,0,5,14,1,20,0,24,34,6,64,0,29,48,7,84,36,0,36,120
12/10/2020,GLS,TX,ASW,CE,Federal Contract Tower,0,7,31,1,39,0,10,39,1,50,0,17,70,2,89,41,2,43,132
12/11/2020,GLS,TX,ASW,CE,Federal Contract Tower,0,4,14,0,18,0,16,16,0,32,0,20,30,0,50,6,0,6,56
12/12/2020,GLS,TX,ASW,CE,Federal Contract Tower,0,8,23,0,31,0,8,43,0,51,0,16,66,0,82,30,0,30,112
12/13/2020,GLS,TX,ASW,CE,Federal Contract Tower,0,7,0,0,7,0,3,2,0,5,0,10,2,0,12,0,0,0,12
12/14/2020,GLS,TX,ASW,CE,Federal Contract Tower,0,0,7,2,9,0,16,10,0,26,0,16,17,2,35,18,0,18,53
12/15/2020,GLS,TX,ASW,CE,Federal Contract Tower,0,9,3,4,16,0,5,0,0,5,0,14,3,4,21,0,0,0,21
12/16/2020,GLS,TX,ASW,CE,Federal Contract Tower,0,7,10,0,17,0,20,15,2,37,0,27,25,2,54,6,0,6,60
12/17/2020,GLS,TX,ASW,CE,Federal Contract Tower,0,9,18,0,27,0,12,52,2,66,0,21,70,2,93,20,0,20,113
12/18/2020,GLS,TX,ASW,CE,Federal Contract Tower,0,2,10,1,13,0,8,28,1,37,0,10,38,2,50,24,0,24,74
12/19/2020,GLS,TX,ASW,CE,Federal Contract Tower,0,3,1,1,5,0,5,10,1,16,0,8,11,2,21,12,0,12,33
12/20/2020,GLS,TX,ASW,CE,Federal Contract Tower,0,7,8,0,15,0,8,85,0,93,0,15,93,0,108,70,0,70,178
12/21/2020,GLS,TX,ASW,CE,Federal Contract Tower,0,4,11,9,24,0,21,62,0,83,0,25,73,9,107,62,2,64,171
12/22/2020,GLS,TX,ASW,CE,Federal Contract Tower,0,8,10,2,20,0,14,35,4,53,0,22,45,6,73,10,0,10,83
12/23/2020,GLS,TX,ASW,CE,Federal Contract Tower,0,14,15,4,33,0,12,4,0,16,0,26,19,4,49,6,0,6,55
12/24/2020,GLS,TX,ASW,CE,Federal Contract Tower,0,4,1,0,5,0,1,6,0,7,0,5,7,0,12,0,0,0,12
12/25/2020,GLS,TX,ASW,CE,Federal Contract Tower,0,1,2,0,3,0,5,18,0,23,0,6,20,0,26,10,0,10,36
12/26/2020,GLS,TX,ASW,CE,Federal Contract Tower,0,2,11,0,13,0,13,49,4,66,0,15,60,4,79,72,0,72,151
12/27/2020,GLS,TX,ASW,CE,Federal Contract Tower,0,0,8,0,8,0,7,42,0,49,0,7,50,0,57,22,0,22,79
12/28/2020,GLS,TX,ASW,CE,Federal Contract Tower,0,2,9,0,11,0,10,26,4,40,0,12,35,4,51,42,14,56,107
12/29/2020,GLS,TX,ASW,CE,Federal Contract Tower,0,7,23,0,30,0,16,9,0,25,0,23,32,0,55,6,0,6,61
12/30/2020,GLS,TX,ASW,CE,Federal Contract Tower,0,9,16,0,25,0,8,4,0,12,0,17,20,0,37,6,0,6,43
12/31/2020,GLS,TX,ASW,CE,Federal Contract Tower,0,5,1,0,6,0,0,0,0,0,0,5,1,0,6,0,0,0,6
01/01/2021,GLS,TX,ASW,CE,Federal Contract Tower,0,8,1,0,9,0,13,36,0,49,0,21,37,0,58,36,0,36,94
01/02/2021,GLS,TX,ASW,CE,Federal Contract Tower,0,4,7,0,11,0,23,56,0,79,0,27,63,0,90,76,0,76,166
01/03/2021,GLS,TX,ASW,CE,Federal Contract Tower,0,3,9,0,12,0,7,47,0,54,0,10,56,0,66,64,0,64,130
01/04/2021,GLS,TX,ASW,CE,Federal Contract Tower,0,2,3,0,5,0,16,14,0,30,0,18,17,0,35,28,0,28,63
01/05/2021,GLS,TX,ASW,CE,Federal Contract Tower,0,2,9,0,11,0,15,36,0,51,0,17,45,0,62,28,0,28,90
01/06/2021,GLS,TX,ASW,CE,Federal Contract Tower,0,4,10,4,18,0,19,10,0,29,0,23,20,4,47,4,0,4,51
01/07/2021,GLS,TX,ASW,CE,Federal Contract Tower,0,5,7,2,14,0,14,20,2,36,0,19,27,4,50,38,0,38,88
01/08/2021,GLS,TX,ASW,CE,Federal Contract Tower,0,3,15,0,18,0,19,11,4,34,0,22,26,4,52,12,12,24,76
01/09/2021,GLS,TX,ASW,CE,Federal Contract Tower,0,5,8,3,16,0,12,60,3,75,0,17,68,6,91,86,0,86,177
01/10/2021,GLS,TX,ASW,CE,Federal Contract Tower,0,1,0,0,1,0,2,0,0,2,0,3,0,0,3,0,0,0,3
01/11/2021,GLS,TX,ASW,CE,Federal Contract Tower,0,1,5,5,11,0,12,2,0,14,0,13,7,5,25,0,0,0,25
01/12/2021,GLS,TX,ASW,CE,Federal Contract Tower,0,4,14,0,18,0,21,27,0,48,0,25,41,0,66,4,0,4,70
01/13/2021,GLS,TX,ASW,CE,Federal Contract Tower,0,2,21,5,28,0,20,39,6,65,0,22,60,11,93,4,8,12,105
01/14/2021,GLS,TX,ASW,CE,Federal Contract Tower,0,8,13,0,21,0,12,23,0,35,0,20,36,0,56,16,0,16,72
01/15/2021,GLS,TX,ASW,CE,Federal Contract Tower,0,3,13,2,18,0,7,19,0,26,0,10,32,2,44,16,0,16,60
01/16/2021,GLS,TX,ASW,CE,Federal Contract Tower,0,10,20,7,37,0,16,67,1,84,0,26,87,8,121,34,0,34,155
01/17/2021,GLS,TX,ASW,CE,Federal Contract Tower,0,5,7,0,12,0,14,68,0,82,0,19,75,0,94,48,0,48,142
01/18/2021,GLS,TX,ASW,CE,Federal Contract Tower,0,4,15,0,19,0,11,44,0,55,0,15,59,0,74,22,0,22,96
01/19/2021,GLS,TX,ASW,CE,Federal Contract Tower,0,3,12,1,16,0,12,24,1,37,0,15,36,2,53,14,0,14,67
01/20/2021,GLS,TX,ASW,CE,Federal Contract Tower,0,4,4,0,8,0,0,0,0,0,0,4,4,0,8,0,0,0,8
01/21/2021,GLS,TX,ASW,CE,Federal Contract Tower,0,4,4,0,8,0,0,0,0,0,0,4,4,0,8,0,0,0,8
01/22/2021,GLS,TX,ASW,CE,Federal Contract Tower,0,4,25,3,32,0,0,0,1,1,0,4,25,4,33,0,0,0,33
01/23/2021,GLS,TX,ASW,CE,Federal Contract Tower,0,7,4,0,11,0,0,0,0,0,0,7,4,0,11,0,0,0,11
01/24/2021,GLS,TX,ASW,CE,Federal Contract Tower,0,0,10,0,10,0,4,2,0,6,0,4,12,0,16,0,0,0,16
01/25/2021,GLS,TX,ASW,CE,Federal Contract Tower,0,2,25,4,31,0,0,0,0,0,0,2,25,4,31,0,0,0,31
01/26/2021,GLS,TX,ASW,CE,Federal Contract Tower,0,10,9,0,19,0,15,40,0,55,0,25,49,0,74,18,0,18,92
01/27/2021,GLS,TX,ASW,CE,Federal Contract Tower,0,12,5,4,21,0,18,21,0,39,0,30,26,4,60,2,4,6,66
01/28/2021,GLS,TX,ASW,CE,Federal Contract Tower,0,7,30,2,39,0,11,47,0,58,0,18,77,2,97,34,0,34,131
01/29/2021,GLS,TX,ASW,CE,Federal Contract Tower,0,1,10,0,11,0,15,47,0,62,0,16,57,0,73,18,0,18,91
01/30/2021,GLS,TX,ASW,CE,Federal Contract Tower,0,5,4,6,15,0,9,8,0,17,0,14,12,6,32,36,0,36,68
01/31/2021,GLS,TX,ASW,CE,Federal Contract Tower,0,2,9,0,11,0,11,65,0,76,0,13,74,0,87,36,8,44,131
02/01/2021,GLS,TX,ASW,CE,Federal Contract Tower,0,2,4,0,6,0,20,48,0,68,0,22,52,0,74,48,0,48,122
02/02/2021,GLS,TX,ASW,CE,Federal Contract Tower,0,1,28,1,30,0,26,51,6,83,0,27,79,7,113,38,0,38,151
02/03/2021,GLS,TX,ASW,CE,Federal Contract Tower,0,1,25,2,28,0,20,82,9,111,0,21,107,11,139,26,0,26,165
02/04/2021,GLS,TX,ASW,CE,Federal Contract Tower,0,7,20,0,27,0,9,20,0,29,0,16,40,0,56,14,0,14,70
02/05/2021,GLS,TX,ASW,CE,Federal Contract Tower,0,2,7,0,9,0,13,13,0,26,0,15,20,0,35,6,0,6,41
02/06/2021,GLS,TX,ASW,CE,Federal Contract Tower,0,6,16,4,26,0,2,6,1,9,0,8,22,5,35,0,0,0,35
02/07/2021,GLS,TX,ASW,CE,Federal Contract Tower,0,6,6,0,12,0,20,49,5,74,0,26,55,5,86,50,0,50,136
02/08/2021,GLS,TX,ASW,CE,Federal Contract Tower,0,3,16,0,19,0,33,19,2,54,0,36,35,2,73,34,0,34,107
02/09/2021,GLS,TX,ASW,CE,Federal Contract Tower,0,4,10,2,16,0,0,0,0,0,0,4,10,2,16,0,0,0,16
02/10/2021,GLS,TX,ASW,CE,Federal Contract Tower,0,8,5,0,13,0,2,7,0,9,0,10,12,0,22,14,0,14,36
02/11/2021,GLS,TX,ASW,CE,Federal Contract Tower,0,6,2,4,12,0,0,0,0,0,0,6,2,4,12,0,0,0,12
02/12/2021,GLS,TX,ASW,CE,Federal Contract Tower,0,3,2,0,5,0,2,0,2,4,0,5,2,2,9,0,14,14,23
02/13/2021,GLS,TX,ASW,CE,Federal Contract Tower,0,0,3,0,3,0,14,25,0,39,0,14,28,0,42,2,0,2,44
02/14/2021,GLS,TX,ASW,CE,Federal Contract Tower,0,1,3,0,4,0,0,0,0,0,0,1,3,0,4,0,0,0,4
02/15/2021,GLS,TX,ASW,CE,Federal Contract Tower,0,0,0,0,0,0,0,0,0,0,0,0,0,0,0,0,0,0,0
02/16/2021,GLS,TX,ASW,CE,Federal Contract Tower,0,2,0,0,2,0,22,6,0,28,0,24,6,0,30,0,0,0,30
02/17/2021,GLS,TX,ASW,CE,Federal Contract Tower,0,1,0,0,1,0,3,0,0,3,0,4,0,0,4,0,0,0,4
02/18/2021,GLS,TX,ASW,CE,Federal Contract Tower,0,2,1,0,3,0,2,2,2,6,0,4,3,2,9,0,8,8,17
02/19/2021,GLS,TX,ASW,CE,Federal Contract Tower,0,0,14,8,22,0,12,22,2,36,0,12,36,10,58,26,16,42,100
02/20/2021,GLS,TX,ASW,CE,Federal Contract Tower,0,9,16,0,25,0,23,44,2,69,0,32,60,2,94,52,0,52,146
02/21/2021,GLS,TX,ASW,CE,Federal Contract Tower,0,5,4,0,9,0,13,24,2,39,0,18,28,2,48,40,0,40,88
02/22/2021,GLS,TX,ASW,CE,Federal Contract Tower,0,0,13,3,16,0,9,38,3,50,0,9,51,6,66,24,0,24,90
02/23/2021,GLS,TX,ASW,CE,Federal Contract Tower,0,2,19,2,23,0,12,47,2,61,0,14,66,4,84,32,0,32,116
02/24/2021,GLS,TX,ASW,CE,Federal Contract Tower,0,3,10,0,13,0,11,0,0,11,0,14,10,0,24,0,0,0,24
02/25/2021,GLS,TX,ASW,CE,Federal Contract Tower,0,7,11,0,18,0,0,0,0,0,0,7,11,0,18,0,0,0,18
02/26/2021,GLS,TX,ASW,CE,Federal Contract Tower,0,1,3,0,4,0,2,0,0,2,0,3,3,0,6,0,0,0,6
02/27/2021,GLS,TX,ASW,CE,Federal Contract Tower,0,1,16,1,18,0,0,0,0,0,0,1,16,1,18,0,0,0,18
02/28/2021,GLS,TX,ASW,CE,Federal Contract Tower,0,0,9,9,18,0,0,0,0,0,0,0,9,9,18,0,0,0,18
03/01/2021,GLS,TX,ASW,CE,Federal Contract Tower,0,8,4,0,12,0,2,0,0,2,0,10,4,0,14,0,0,0,14
03/02/2021,GLS,TX,ASW,CE,Federal Contract Tower,0,2,19,0,21,0,10,20,0,30,0,12,39,0,51,26,0,26,77
03/03/2021,GLS,TX,ASW,CE,Federal Contract Tower,0,4,14,0,18,0,21,32,0,53,0,25,46,0,71,36,0,36,107
03/04/2021,GLS,TX,ASW,CE,Federal Contract Tower,0,5,37,1,43,0,10,37,1,48,0,15,74,2,91,28,0,28,119
03/05/2021,GLS,TX,ASW,CE,Federal Contract Tower,0,2,28,9,39,0,10,15,2,27,0,12,43,11,66,30,14,44,110
03/06/2021,GLS,TX,ASW,CE,Federal Contract Tower,0,4,8,0,12,0,25,55,0,80,0,29,63,0,92,58,0,58,150
03/07/2021,GLS,TX,ASW,CE,Federal Contract Tower,0,1,11,0,12,0,14,67,0,81,0,15,78,0,93,72,0,72,165
03/08/2021,GLS,TX,ASW,CE,Federal Contract Tower,0,4,14,0,18,0,23,27,1,51,0,27,41,1,69,54,0,54,123
03/09/2021,GLS,TX,ASW,CE,Federal Contract Tower,0,4,14,0,18,0,26,28,2,56,0,30,42,2,74,18,0,18,92
03/10/2021,GLS,TX,ASW,CE,Federal Contract Tower,0,13,12,0,25,0,35,11,0,46,0,48,23,0,71,0,0,0,71
03/11/2021,GLS,TX,ASW,CE,Federal Contract Tower,0,10,26,0,36,0,9,2,2,13,0,19,28,2,49,0,0,0,49
03/12/2021,GLS,TX,ASW,CE,Federal Contract Tower,0,1,21,4,26,0,17,22,0,39,0,18,43,4,65,18,0,18,83
03/13/2021,GLS,TX,ASW,CE,Federal Contract Tower,0,4,11,0,15,0,2,19,0,21,0,6,30,0,36,0,0,0,36
03/14/2021,GLS,TX,ASW,CE,Federal Contract Tower,0,2,13,0,15,0,14,3,1,18,0,16,16,1,33,0,0,0,33
03/15/2021,GLS,TX,ASW,CE,Federal Contract Tower,0,4,7,1,12,0,4,2,0,6,0,8,9,1,18,0,0,0,18
03/16/2021,GLS,TX,ASW,CE,Federal Contract Tower,0,4,9,7,20,0,10,0,1,11,0,14,9,8,31,0,0,0,31
03/17/2021,GLS,TX,ASW,CE,Federal Contract Tower,0,4,6,0,10,0,6,7,0,13,0,10,13,0,23,4,0,4,27
03/18/2021,GLS,TX,ASW,CE,Federal Contract Tower,0,4,7,2,13,0,28,30,2,60,0,32,37,4,73,46,0,46,119
03/19/2021,GLS,TX,ASW,CE,Federal Contract Tower,0,0,14,5,19,0,18,32,2,52,0,18,46,7,71,66,0,66,137
03/20/2021,GLS,TX,ASW,CE,Federal Contract Tower,0,6,12,3,21,0,17,68,2,87,0,23,80,5,108,72,0,72,180
03/21/2021,GLS,TX,ASW,CE,Federal Contract Tower,0,0,27,0,27,0,10,52,0,62,0,10,79,0,89,80,0,80,169
03/22/2021,GLS,TX,ASW,CE,Federal Contract Tower,0,2,5,0,7,0,9,9,2,20,0,11,14,2,27,86,12,98,125
03/23/2021,GLS,TX,ASW,CE,Federal Contract Tower,0,6,14,0,20,0,5,24,0,29,0,11,38,0,49,22,0,22,71
03/24/2021,GLS,TX,ASW,CE,Federal Contract Tower,0,13,7,8,28,0,0,0,0,0,0,13,7,8,28,0,0,0,28
03/25/2021,GLS,TX,ASW,CE,Federal Contract Tower,0,8,24,0,32,0,7,19,0,26,0,15,43,0,58,44,0,44,102
03/26/2021,GLS,TX,ASW,CE,Federal Contract Tower,0,0,16,4,20,0,25,47,0,72,0,25,63,4,92,16,0,16,108
03/27/2021,GLS,TX,ASW,CE,Federal Contract Tower,0,4,10,0,14,0,2,2,0,4,0,6,12,0,18,4,0,4,22
03/28/2021,GLS,TX,ASW,CE,Federal Contract Tower,0,4,8,0,12,0,7,10,0,17,0,11,18,0,29,8,0,8,37
03/29/2021,GLS,TX,ASW,CE,Federal Contract Tower,0,4,3,0,7,0,37,62,2,101,0,41,65,2,108,60,0,60,168
03/30/2021,GLS,TX,ASW,CE,Federal Contract Tower,0,6,9,0,15,0,8,5,0,13,0,14,14,0,28,14,0,14,42
04/01/2021,GLS,TX,ASW,CE,Federal Contract Tower,0,5,16,0,21,0,8,36,0,44,0,13,52,0,65,22,0,22,87
04/02/2021,GLS,TX,ASW,CE,Federal Contract Tower,0,2,14,0,16,0,29,48,0,77,0,31,62,0,93,58,2,60,153
04/03/2021,GLS,TX,ASW,CE,Federal Contract Tower,0,3,18,0,21,0,9,39,0,48,0,12,57,0,69,44,0,44,113
04/04/2021,GLS,TX,ASW,CE,Federal Contract Tower,0,6,23,0,29,0,10,42,0,52,0,16,65,0,81,52,0,52,133
04/05/2021,GLS,TX,ASW,CE,Federal Contract Tower,0,1,27,0,28,0,17,16,0,33,0,18,43,0,61,76,0,76,137
04/06/2021,GLS,TX,ASW,CE,Federal Contract Tower,0,7,20,0,27,0,16,1,0,17,0,23,21,0,44,8,0,8,52
04/07/2021,GLS,TX,ASW,CE,Federal Contract Tower,0,1,23,0,24,0,7,4,0,11,0,8,27,0,35,0,0,0,35
04/08/2021,GLS,TX,ASW,CE,Federal Contract Tower,0,7,28,0,35,0,13,31,0,44,0,20,59,0,79,46,0,46,125
04/09/2021,GLS,TX,ASW,CE,Federal Contract Tower,0,1,24,0,25,0,0,1,0,1,0,1,25,0,26,0,0,0,26
04/10/2021,GLS,TX,ASW,CE,Federal Contract Tower,0,3,17,0,20,0,4,22,0,26,0,7,39,0,46,40,0,40,86
04/11/2021,GLS,TX,ASW,CE,Federal Contract Tower,0,4,10,0,14,0,0,10,93,103,0,4,20,93,117,12,0,12,129
04/12/2021,GLS,TX,ASW,CE,Federal Contract Tower,0,6,20,3,29,0,26,20,1,47,0,32,40,4,76,40,0,40,116
04/13/2021,GLS,TX,ASW,CE,Federal Contract Tower,0,8,4,1,13,0,0,0,0,0,0,8,4,1,13,0,0,0,13
04/14/2021,GLS,TX,ASW,CE,Federal Contract Tower,0,8,4,2,14,0,2,0,0,2,0,10,4,2,16,0,0,0,16
04/15/2021,GLS,TX,ASW,CE,Federal Contract Tower,0,4,5,0,9,0,2,3,0,5,0,6,8,0,14,8,0,8,22
04/16/2021,GLS,TX,ASW,CE,Federal Contract Tower,0,8,12,0,20,0,0,0,0,0,0,8,12,0,20,0,0,0,20
04/17/2021,GLS,TX,ASW,CE,Federal Contract Tower,0,14,1,0,15,0,17,3,0,20,0,31,4,0,35,10,0,10,45
04/18/2021,GLS,TX,ASW,CE,Federal Contract Tower,0,1,7,0,8,0,19,41,0,60,0,20,48,0,68,20,0,20,88
04/19/2021,GLS,TX,ASW,CE,Federal Contract Tower,0,8,9,1,18,0,19,44,0,63,0,27,53,1,81,58,8,66,147
04/20/2021,GLS,TX,ASW,CE,Federal Contract Tower,0,3,10,0,13,0,7,35,0,42,0,10,45,0,55,16,0,16,71
04/21/2021,GLS,TX,ASW,CE,Federal Contract Tower,0,10,14,2,26,0,18,26,0,44,0,28,40,2,70,30,0,30,100
04/22/2021,GLS,TX,ASW,CE,Federal Contract Tower,0,8,16,0,24,0,10,19,4,33,0,18,35,4,57,8,0,8,65
04/23/2021,GLS,TX,ASW,CE,Federal Contract Tower,0,7,6,0,13,0,7,0,0,7,0,14,6,0,20,2,0,2,22
04/24/2021,GLS,TX,ASW,CE,Federal Contract Tower,0,3,9,2,14,0,4,45,2,51,0,7,54,4,65,4,0,4,69
04/25/2021,GLS,TX,ASW,CE,Federal Contract Tower,0,2,14,4,20,0,24,60,0,84,0,26,74,4,104,34,0,34,138
04/26/2021,GLS,TX,ASW,CE,Federal Contract Tower,0,2,8,0,10,0,9,27,0,36,0,11,35,0,46,16,0,16,62
04/27/2021,GLS,TX,ASW,CE,Federal Contract Tower,0,3,15,4,22,0,3,5,0,8,0,6,20,4,30,8,0,8,38
04/28/2021,GLS,TX,ASW,CE,Federal Contract Tower,0,4,16,0,20,0,5,3,2,10,0,9,19,2,30,2,0,2,32
04/29/2021,GLS,TX,ASW,CE,Federal Contract Tower,0,16,12,0,28,0,6,3,2,11,0,22,15,2,39,14,0,14,53
04/30/2021,GLS,TX,ASW,CE,Federal Contract Tower,0,10,2,4,16,0,0,0,0,0,0,10,2,4,16,0,2,2,18
05/01/2021,GLS,TX,ASW,CE,Federal Contract Tower,0,5,2,0,7,0,0,0,0,0,0,5,2,0,7,0,0,0,7
05/02/2021,GLS,TX,ASW,CE,Federal Contract Tower,0,4,6,0,10,0,16,21,0,37,0,20,27,0,47,66,0,66,113
05/03/2021,GLS,TX,ASW,CE,Federal Contract Tower,0,5,28,0,33,0,3,3,0,6,0,8,31,0,39,4,2,6,45
05/04/2021,GLS,TX,ASW,CE,Federal Contract Tower,0,12,9,0,21,0,0,4,0,4,0,12,13,0,25,2,0,2,27
05/05/2021,GLS,TX,ASW,CE,Federal Contract Tower,0,2,12,0,14,0,19,46,0,65,0,21,58,0,79,62,0,62,141
05/06/2021,GLS,TX,ASW,CE,Federal Contract Tower,0,5,11,1,17,0,14,35,0,49,0,19,46,1,66,58,0,58,124
05/07/2021,GLS,TX,ASW,CE,Federal Contract Tower,0,2,14,10,26,0,11,63,2,76,0,13,77,12,102,56,0,56,158
05/08/2021,GLS,TX,ASW,CE,Federal Contract Tower,0,2,21,2,25,0,14,35,0,49,0,16,56,2,74,70,0,70,144
05/09/2021,GLS,TX,ASW,CE,Federal Contract Tower,0,2,26,0,28,0,16,29,0,45,0,18,55,0,73,64,0,64,137
05/10/2021,GLS,TX,ASW,CE,Federal Contract Tower,0,5,18,0,23,0,9,18,0,27,0,14,36,0,50,40,0,40,90
05/11/2021,GLS,TX,ASW,CE,Federal Contract Tower,0,6,11,2,19,0,24,7,0,31,0,30,18,2,50,2,0,2,52
05/12/2021,GLS,TX,ASW,CE,Federal Contract Tower,0,17,5,0,22,0,7,0,0,7,0,24,5,0,29,0,0,0,29
05/13/2021,GLS,TX,ASW,CE,Federal Contract Tower,0,9,9,0,18,0,15,27,0,42,0,24,36,0,60,56,0,56,116
05/14/2021,GLS,TX,ASW,CE,Federal Contract Tower,0,2,12,0,14,0,11,32,4,47,0,13,44,4,61,64,12,76,137
05/15/2021,GLS,TX,ASW,CE,Federal Contract Tower,0,7,15,0,22,0,16,67,0,83,0,23,82,0,105,68,0,68,173
05/16/2021,GLS,TX,ASW,CE,Federal Contract Tower,0,0,9,0,9,0,5,4,0,9,0,5,13,0,18,0,0,0,18
05/17/2021,GLS,TX,ASW,CE,Federal Contract Tower,0,2,11,0,13,0,5,2,0,7,0,7,13,0,20,10,0,10,30
05/18/2021,GLS,TX,ASW,CE,Federal Contract Tower,0,6,2,0,8,0,7,6,0,13,0,13,8,0,21,8,0,8,29
05/19/2021,GLS,TX,ASW,CE,Federal Contract Tower,0,0,0,0,0,0,2,2,0,4,0,2,2,0,4,0,0,0,4
05/20/2021,GLS,TX,ASW,CE,Federal Contract Tower,0,7,13,0,20,0,12,10,0,22,0,19,23,0,42,20,0,20,62
05/21/2021,GLS,TX,ASW,CE,Federal Contract Tower,0,6,6,0,12,0,5,16,0,21,0,11,22,0,33,0,0,0,33
05/22/2021,GLS,TX,ASW,CE,Federal Contract Tower,0,5,5,0,10,0,6,2,0,8,0,11,7,0,18,2,0,2,20
05/23/2021,GLS,TX,ASW,CE,Federal Contract Tower,0,1,2,0,3,0,12,2,0,14,0,13,4,0,17,18,0,18,35
05/24/2021,GLS,TX,ASW,CE,Federal Contract Tower,0,4,7,2,13,0,16,9,3,28,0,20,16,5,41,28,8,36,77
05/25/2021,GLS,TX,ASW,CE,Federal Contract Tower,0,3,12,2,17,0,20,3,2,25,0,23,15,4,42,0,0,0,42
05/26/2021,GLS,TX,ASW,CE,Federal Contract Tower,0,5,16,0,21,0,31,13,2,46,0,36,29,2,67,12,0,12,79
05/27/2021,GLS,TX,ASW,CE,Federal Contract Tower,0,4,25,0,29,0,12,23,4,39,0,16,48,4,68,44,2,46,114
05/28/2021,GLS,TX,ASW,CE,Federal Contract Tower,0,2,13,0,15,0,13,15,0,28,0,15,28,0,43,58,0,58,101
05/29/2021,GLS,TX,ASW,CE,Federal Contract Tower,0,4,12,0,16,0,16,42,0,58,0,20,54,0,74,80,0,80,154
05/30/2021,GLS,TX,ASW,CE,Federal Contract Tower,0,0,2,0,2,0,15,26,0,41,0,15,28,0,43,84,0,84,127
05/31/2021,GLS,TX,ASW,CE,Federal Contract Tower,0,1,19,0,20,0,17,35,0,52,0,18,54,0,72,68,0,68,140
06/01/2021,GLS,TX,ASW,CE,Federal Contract Tower,0,4,10,0,14,0,11,13,0,24,0,15,23,0,38,32,0,32,70
06/02/2021,GLS,TX,ASW,CE,Federal Contract Tower,0,8,6,0,14,0,19,29,2,50,0,27,35,2,64,16,0,16,80
06/03/2021,GLS,TX,ASW,CE,Federal Contract Tower,0,9,9,0,18,0,10,18,0,28,0,19,27,0,46,30,0,30,76
06/04/2021,GLS,TX,ASW,CE,Federal Contract Tower,0,7,4,0,11,0,5,1,0,6,0,12,5,0,17,8,0,8,25
06/05/2021,GLS,TX,ASW,CE,Federal Contract Tower,0,4,4,2,10,0,18,16,0,34,0,22,20,2,44,54,0,54,98
06/06/2021,GLS,TX,ASW,CE,Federal Contract Tower,0,2,10,0,12,0,17,64,0,81,0,19,74,0,93,66,0,66,159
06/07/2021,GLS,TX,ASW,CE,Federal Contract Tower,0,9,13,0,22,0,19,17,0,36,0,28,30,0,58,48,0,48,106
06/08/2021,GLS,TX,ASW,CE,Federal Contract Tower,0,7,7,0,14,0,16,21,2,39,0,23,28,2,53,56,0,56,109
06/09/2021,GLS,TX,ASW,CE,Federal Contract Tower,0,0,14,0,14,0,16,31,0,47,0,16,45,0,61,64,2,66,127
06/10/2021,GLS,TX,ASW,CE,Federal Contract Tower,0,3,23,2,28,0,13,22,2,37,0,16,45,4,65,62,4,66,131
06/11/2021,GLS,TX,ASW,CE,Federal Contract Tower,0,1,16,2,19,0,13,29,0,42,0,14,45,2,61,116,0,116,177
06/12/2021,GLS,TX,ASW,CE,Federal Contract Tower,0,3,14,0,17,0,11,79,0,90,0,14,93,0,107,166,0,166,273
06/13/2021,GLS,TX,ASW,CE,Federal Contract Tower,0,3,11,0,14,0,9,59,0,68,0,12,70,0,82,96,0,96,178
06/14/2021,GLS,TX,ASW,CE,Federal Contract Tower,0,4,3,0,7,0,7,23,0,30,0,11,26,0,37,66,0,66,103
06/15/2021,GLS,TX,ASW,CE,Federal Contract Tower,0,1,6,1,8,0,13,23,0,36,0,14,29,1,44,108,0,108,152
06/16/2021,GLS,TX,ASW,CE,Federal Contract Tower,0,4,7,0,11,0,21,23,6,50,0,25,30,6,61,64,2,66,127
06/17/2021,GLS,TX,ASW,CE,Federal Contract Tower,0,4,11,0,15,0,11,41,2,54,0,15,52,2,69,54,6,60,129
06/18/2021,GLS,TX,ASW,CE,Federal Contract Tower,0,3,19,0,22,0,2,36,0,38,0,5,55,0,60,82,0,82,142
06/19/2021,GLS,TX,ASW,CE,Federal Contract Tower,0,2,13,0,15,0,20,76,0,96,0,22,89,0,111,110,0,110,221
06/20/2021,GLS,TX,ASW,CE,Federal Contract Tower,0,8,11,0,19,0,17,17,0,34,0,25,28,0,53,80,0,80,133
06/21/2021,GLS,TX,ASW,CE,Federal Contract Tower,0,8,10,7,25,0,11,7,1,19,0,19,17,8,44,50,0,50,94
06/22/2021,GLS,TX,ASW,CE,Federal Contract Tower,0,6,7,0,13,0,13,8,0,21,0,19,15,0,34,68,0,68,102
06/23/2021,GLS,TX,ASW,CE,Federal Contract Tower,0,10,13,0,23,0,25,16,0,41,0,35,29,0,64,82,0,82,146
06/24/2021,GLS,TX,ASW,CE,Federal Contract Tower,0,8,10,0,18,0,10,46,0,56,0,18,56,0,74,182,0,182,256
06/25/2021,GLS,TX,ASW,CE,Federal Contract Tower,0,3,10,1,14,0,9,27,1,37,0,12,37,2,51,96,0,96,147
06/26/2021,GLS,TX,ASW,CE,Federal Contract Tower,0,4,12,0,16,0,22,30,0,52,0,26,42,0,68,114,0,114,182
06/27/2021,GLS,TX,ASW,CE,Federal Contract Tower,0,1,12,4,17,0,12,22,0,34,0,13,34,4,51,88,2,90,141
06/28/2021,GLS,TX,ASW,CE,Federal Contract Tower,0,2,2,0,4,0,16,0,0,16,0,18,2,0,20,0,0,0,20
06/29/2021,GLS,TX,ASW,CE,Federal Contract Tower,0,5,9,1,15,0,18,12,3,33,0,23,21,4,48,24,0,24,72
06/30/2021,GLS,TX,ASW,CE,Federal Contract Tower,0,2,7,0,9,0,14,11,2,27,0,16,18,2,36,10,0,10,46
07/01/2021,GLS,TX,ASW,CE,Federal Contract Tower,0,12,13,0,25,0,15,35,0,50,0,27,48,0,75,38,0,38,113
07/02/2021,GLS,TX,ASW,CE,Federal Contract Tower,0,4,13,0,17,0,23,36,0,59,0,27,49,0,76,62,0,62,138
07/03/2021,GLS,TX,ASW,CE,Federal Contract Tower,0,2,6,0,8,0,7,11,0,18,0,9,17,0,26,130,0,130,156
07/04/2021,GLS,TX,ASW,CE,Federal Contract Tower,0,4,3,0,7,0,6,11,0,17,0,10,14,0,24,138,0,138,162
07/05/2021,GLS,TX,ASW,CE,Federal Contract Tower,0,10,3,3,16,0,12,8,1,21,0,22,11,4,37,88,0,88,125
07/06/2021,GLS,TX,ASW,CE,Federal Contract Tower,0,5,0,0,5,0,2,9,0,11,0,7,9,0,16,20,0,20,36
07/07/2021,GLS,TX,ASW,CE,Federal Contract Tower,0,6,3,0,9,0,14,13,0,27,0,20,16,0,36,26,8,34,70
07/08/2021,GLS,TX,ASW,CE,Federal Contract Tower,0,6,0,0,6,0,9,9,0,18,0,15,9,0,24,60,0,60,84
07/09/2021,GLS,TX,ASW,CE,Federal Contract Tower,0,6,2,0,8,0,7,1,0,8,0,13,3,0,16,34,0,34,50
07/10/2021,GLS,TX,ASW,CE,Federal Contract Tower,0,9,15,3,27,0,11,29,1,41,0,20,44,4,68,110,6,116,184
07/11/2021,GLS,TX,ASW,CE,Federal Contract Tower,0,3,11,6,20,0,8,29,0,37,0,11,40,6,57,114,0,114,171
07/12/2021,GLS,TX,ASW,CE,Federal Contract Tower,0,2,15,1,18,0,22,28,0,50,0,24,43,1,68,88,0,88,156
07/13/2021,GLS,TX,ASW,CE,Federal Contract Tower,0,8,9,0,17,0,18,16,0,34,0,26,25,0,51,78,0,78,129
07/14/2021,GLS,TX,ASW,CE,Federal Contract Tower,0,12,8,0,20,0,16,22,0,38,0,28,30,0,58,70,0,70,128
07/15/2021,GLS,TX,ASW,CE,Federal Contract Tower,0,12,13,0,25,0,15,22,0,37,0,27,35,0,62,86,0,86,148
07/16/2021,GLS,TX,ASW,CE,Federal Contract Tower,0,0,23,0,23,0,18,24,2,44,0,18,47,2,67,90,0,90,157
07/17/2021,GLS,TX,ASW,CE,Federal Contract Tower,0,4,26,0,30,0,23,66,0,89,0,27,92,0,119,112,0,112,231
07/18/2021,GLS,TX,ASW,CE,Federal Contract Tower,0,4,8,0,12,0,17,35,0,52,0,21,43,0,64,144,0,144,208
07/19/2021,GLS,TX,ASW,CE,Federal Contract Tower,0,10,9,0,19,0,14,5,0,19,0,24,14,0,38,82,0,82,120
07/20/2021,GLS,TX,ASW,CE,Federal Contract Tower,0,5,9,0,14,0,11,11,0,22,0,16,20,0,36,64,0,64,100
07/21/2021,GLS,TX,ASW,CE,Federal Contract Tower,0,8,6,0,14,0,19,13,2,34,0,27,19,2,48,66,0,66,114
07/22/2021,GLS,TX,ASW,CE,Federal Contract Tower,0,10,17,0,27,0,19,19,0,38,0,29,36,0,65,90,0,90,155
07/23/2021,GLS,TX,ASW,CE,Federal Contract Tower,0,5,17,8,30,0,20,43,0,63,0,25,60,8,93,108,0,108,201
07/24/2021,GLS,TX,ASW,CE,Federal Contract Tower,0,6,11,0,17,0,22,57,2,81,0,28,68,2,98,156,2,158,256
07/25/2021,GLS,TX,ASW,CE,Federal Contract Tower,0,3,15,3,21,0,14,52,3,69,0,17,67,6,90,114,2,116,206
07/26/2021,GLS,TX,ASW,CE,Federal Contract Tower,0,4,8,0,12,0,9,25,0,34,0,13,33,0,46,76,0,76,122
07/27/2021,GLS,TX,ASW,CE,Federal Contract Tower,0,6,6,0,12,0,15,19,0,34,0,21,25,0,46,56,0,56,102
07/28/2021,GLS,TX,ASW,CE,Federal Contract Tower,0,4,21,3,28,0,18,20,1,39,0,22,41,4,67,96,12,108,175
07/29/2021,GLS,TX,ASW,CE,Federal Contract Tower,0,5,18,0,23,0,18,52,4,74,0,23,70,4,97,72,0,72,169
07/30/2021,GLS,TX,ASW,CE,Federal Contract Tower,0,3,12,0,15,0,6,28,0,34,0,9,40,0,49,78,0,78,127
07/31/2021,GLS,TX,ASW,CE,Federal Contract Tower,0,6,4,0,10,0,8,33,2,43,0,14,37,2,53,85,4,89,142
08/01/2021,GLS,TX,ASW,CE,Federal Contract Tower,0,2,13,0,15,0,15,46,0,61,0,17,59,0,76,86,0,86,162
08/02/2021,GLS,TX,ASW,CE,Federal Contract Tower,0,9,10,0,19,0,15,11,0,26,0,24,21,0,45,72,0,72,117
08/03/2021,GLS,TX,ASW,CE,Federal Contract Tower,0,9,4,0,13,0,6,10,2,18,0,15,14,2,31,40,6,46,77
08/04/2021,GLS,TX,ASW,CE,Federal Contract Tower,0,8,32,0,40,0,12,8,0,20,0,20,40,0,60,36,0,36,96
08/05/2021,GLS,TX,ASW,CE,Federal Contract Tower,0,9,15,5,29,0,7,21,1,29,0,16,36,6,58,88,0,88,146
08/06/2021,GLS,TX,ASW,CE,Federal Contract Tower,0,18,18,0,36,0,18,31,0,49,0,36,49,0,85,88,0,88,173
08/07/2021,GLS,TX,ASW,CE,Federal Contract Tower,0,8,17,4,29,0,15,51,0,66,0,23,68,4,95,134,0,134,229
08/08/2021,GLS,TX,ASW,CE,Federal Contract Tower,0,6,22,0,28,0,10,37,0,47,0,16,59,0,75,162,0,162,237
08/09/2021,GLS,TX,ASW,CE,Federal Contract Tower,0,3,15,4,22,0,26,13,0,39,0,29,28,4,61,72,6,78,139
08/10/2021,GLS,TX,ASW,CE,Federal Contract Tower,0,5,17,0,22,0,13,17,0,30,0,18,34,0,52,84,0,84,136
08/11/2021,GLS,TX,ASW,CE,Federal Contract Tower,0,8,17,8,33,0,20,29,0,49,0,28,46,8,82,70,0,70,152
08/12/2021,GLS,TX,ASW,CE,Federal Contract Tower,0,10,13,2,25,0,12,25,2,39,0,22,38,4,64,76,0,76,140
08/13/2021,GLS,TX,ASW,CE,Federal Contract Tower,0,4,13,0,17,0,11,34,2,47,0,15,47,2,64,84,0,84,148
08/14/2021,GLS,TX,ASW,CE,Federal Contract Tower,0,5,24,0,29,0,7,51,0,58,0,12,75,0,87,108,0,108,195
08/15/2021,GLS,TX,ASW,CE,Federal Contract Tower,0,6,25,0,31,0,7,38,0,45,0,13,63,0,76,90,0,90,166
08/16/2021,GLS,TX,ASW,CE,Federal Contract Tower,0,6,22,0,28,0,13,10,0,23,0,19,32,0,51,82,0,82,133
08/17/2021,GLS,TX,ASW,CE,Federal Contract Tower,0,9,8,3,20,0,14,21,3,38,0,23,29,6,58,68,10,78,136
08/18/2021,GLS,TX,ASW,CE,Federal Contract Tower,0,2,9,0,11,0,18,5,0,23,0,20,14,0,34,40,0,40,74
08/19/2021,GLS,TX,ASW,CE,Federal Contract Tower,0,7,14,2,23,0,12,13,0,25,0,19,27,2,48,40,0,40,88
08/20/2021,GLS,TX,ASW,CE,Federal Contract Tower,0,9,16,0,25,0,5,40,5,50,0,14,56,5,75,58,0,58,133
08/21/2021,GLS,TX,ASW,CE,Federal Contract Tower,0,11,20,0,31,0,11,49,2,62,0,22,69,2,93,76,0,76,169
08/22/2021,GLS,TX,ASW,CE,Federal Contract Tower,0,4,19,0,23,0,14,49,2,65,0,18,68,2,88,110,4,114,202
08/23/2021,GLS,TX,ASW,CE,Federal Contract Tower,0,5,17,0,22,0,18,18,0,36,0,23,35,0,58,22,0,22,80
08/24/2021,GLS,TX,ASW,CE,Federal Contract Tower,0,4,14,0,18,0,12,13,0,25,0,16,27,0,43,28,0,28,71
08/25/2021,GLS,TX,ASW,CE,Federal Contract Tower,0,10,6,0,16,0,16,35,0,51,0,26,41,0,67,52,0,52,119
08/26/2021,GLS,TX,ASW,CE,Federal Contract Tower,0,9,2,2,13,0,14,10,0,24,0,23,12,2,37,24,0,24,61
08/27/2021,GLS,TX,ASW,CE,Federal Contract Tower,0,8,15,5,28,0,11,6,3,20,0,19,21,8,48,36,34,70,118
08/28/2021,GLS,TX,ASW,CE,Federal Contract Tower,0,28,7,0,35,0,40,23,0,63,0,68,30,0,98,72,0,72,170
08/29/2021,GLS,TX,ASW,CE,Federal Contract Tower,0,1,12,6,19,0,8,40,2,50,0,9,52,8,69,76,4,80,149
08/30/2021,GLS,TX,ASW,CE,Federal Contract Tower,0,5,12,2,19,0,30,37,0,67,0,35,49,2,86,40,0,40,126
08/31/2021,GLS,TX,ASW,CE,Federal Contract Tower,0,15,10,2,27,0,43,45,0,88,0,58,55,2,115,28,0,28,143
09/01/2021,GLS,TX,ASW,CE,Federal Contract Tower,0,4,15,0,19,0,21,26,2,49,0,25,41,2,68,30,0,30,98
09/02/2021,GLS,TX,ASW,CE,Federal Contract Tower,0,2,4,0,6,0,10,24,0,34,0,12,28,0,40,28,0,28,68
09/03/2021,GLS,TX,ASW,CE,Federal Contract Tower,0,9,16,0,25,0,15,28,0,43,0,24,44,0,68,46,0,46,114
09/04/2021,GLS,TX,ASW,CE,Federal Contract Tower,0,6,16,0,22,0,17,67,4,88,0,23,83,4,110,96,2,98,208
09/05/2021,GLS,TX,ASW,CE,Federal Contract Tower,0,9,17,0,26,0,21,63,0,84,0,30,80,0,110,136,0,136,246
09/06/2021,GLS,TX,ASW,CE,Federal Contract Tower,0,4,18,0,22,0,12,27,8,47,0,16,45,8,69,98,0,98,167
09/07/2021,GLS,TX,ASW,CE,Federal Contract Tower,0,8,16,0,24,0,9,21,0,30,0,17,37,0,54,36,0,36,90
09/08/2021,GLS,TX,ASW,CE,Federal Contract Tower,0,10,14,0,24,0,17,20,0,37,0,27,34,0,61,24,0,24,85
09/09/2021,GLS,TX,ASW,CE,Federal Contract Tower,0,15,7,2,24,0,6,47,0,53,0,21,54,2,77,44,0,44,121
09/10/2021,GLS,TX,ASW,CE,Federal Contract Tower,0,10,13,5,28,0,16,59,3,78,0,26,72,8,106,74,8,82,188
09/11/2021,GLS,TX,ASW,CE,Federal Contract Tower,0,12,9,0,21,0,22,60,4,86,0,34,69,4,107,76,0,76,183
09/12/2021,GLS,TX,ASW,CE,Federal Contract Tower,0,7,6,4,17,0,39,31,5,75,0,46,37,9,92,92,6,98,190
09/13/2021,GLS,TX,ASW,CE,Federal Contract Tower,0,0,2,0,2,0,2,1,0,3,0,2,3,0,5,0,0,0,5
09/14/2021,GLS,TX,ASW,CE,Federal Contract Tower,0,0,2,0,2,0,0,0,0,0,0,0,2,0,2,0,0,0,2
09/15/2021,GLS,TX,ASW,CE,Federal Contract Tower,0,11,6,1,18,0,2,9,1,12,0,13,15,2,30,4,0,4,34
09/16/2021,GLS,TX,ASW,CE,Federal Contract Tower,0,20,17,5,42,0,11,10,3,24,0,31,27,8,66,8,0,8,74
09/17/2021,GLS,TX,ASW,CE,Federal Contract Tower,0,18,12,2,32,0,19,29,0,48,0,37,41,2,80,42,0,42,122
09/18/2021,GLS,TX,ASW,CE,Federal Contract Tower,0,5,7,0,12,0,8,26,0,34,0,13,33,0,46,54,0,54,100
09/19/2021,GLS,TX,ASW,CE,Federal Contract Tower,0,7,4,5,16,0,15,21,1,37,0,22,25,6,53,70,0,70,123
09/21/2021,GLS,TX,ASW,CE,Federal Contract Tower,0,6,8,0,14,0,15,18,0,33,0,21,26,0,47,56,0,56,103
09/22/2021,GLS,TX,ASW,CE,Federal Contract Tower,0,10,11,2,23,0,32,14,0,46,0,42,25,2,69,10,0,10,79
09/23/2021,GLS,TX,ASW,CE,Federal Contract Tower,0,9,6,0,15,0,12,39,2,53,0,21,45,2,68,34,0,34,102
09/24/2021,GLS,TX,ASW,CE,Federal Contract Tower,0,8,14,8,30,0,14,55,0,69,0,22,69,8,99,72,0,72,171
09/25/2021,GLS,TX,ASW,CE,Federal Contract Tower,0,2,11,0,13,0,12,79,0,91,0,14,90,0,104,88,0,88,192
09/26/2021,GLS,TX,ASW,CE,Federal Contract Tower,0,5,13,0,18,0,8,80,0,88,0,13,93,0,106,82,0,82,188
09/27/2021,GLS,TX,ASW,CE,Federal Contract Tower,0,2,6,0,8,0,12,19,0,31,0,14,25,0,39,44,0,44,83
09/28/2021,GLS,TX,ASW,CE,Federal Contract Tower,0,13,0,0,13,0,2,5,0,7,0,15,5,0,20,16,0,16,36
09/29/2021,GLS,TX,ASW,CE,Federal Contract Tower,0,13,3,0,16,0,13,8,2,23,0,26,11,2,39,28,0,28,67
09/30/2021,GLS,TX,ASW,CE,Federal Contract Tower,0,17,5,0,22,0,12,9,0,21,0,29,14,0,43,22,0,22,65
10/01/2021,GLS,TX,ASW,CE,Federal Contract Tower,0,8,5,0,13,0,13,1,0,14,0,21,6,0,27,8,0,8,35
10/02/2021,GLS,TX,ASW,CE,Federal Contract Tower,0,10,4,2,16,0,13,6,0,19,0,23,10,2,35,24,0,24,59
10/03/2021,GLS,TX,ASW,CE,Federal Contract Tower,0,8,12,0,20,0,4,25,0,29,0,12,37,0,49,58,0,58,107
10/04/2021,GLS,TX,ASW,CE,Federal Contract Tower,0,8,16,2,26,0,12,26,0,38,0,20,42,2,64,90,0,90,154
10/05/2021,GLS,TX,ASW,CE,Federal Contract Tower,0,14,21,2,37,0,7,38,0,45,0,21,59,2,82,46,0,46,128
10/06/2021,GLS,TX,ASW,CE,Federal Contract Tower,0,11,20,0,31,0,21,27,2,50,0,32,47,2,81,26,18,44,125
10/07/2021,GLS,TX,ASW,CE,Federal Contract Tower,0,6,17,1,24,0,14,41,1,56,0,20,58,2,80,66,0,66,146
10/08/2021,GLS,TX,ASW,CE,Federal Contract Tower,0,10,20,2,32,0,17,67,0,84,0,27,87,2,116,48,0,48,164
10/09/2021,GLS,TX,ASW,CE,Federal Contract Tower,0,5,13,0,18,0,29,70,0,99,0,34,83,0,117,112,0,112,229
10/10/2021,GLS,TX,ASW,CE,Federal Contract Tower,0,5,10,0,15,0,15,22,0,37,0,20,32,0,52,8,0,8,60
10/11/2021,GLS,TX,ASW,CE,Federal Contract Tower,0,2,21,0,23,0,8,14,1,23,0,10,35,1,46,48,0,48,94
10/12/2021,GLS,TX,ASW,CE,Federal Contract Tower,0,15,15,2,32,0,17,11,2,30,0,32,26,4,62,22,2,24,86
10/13/2021,GLS,TX,ASW,CE,Federal Contract Tower,0,13,22,2,37,0,18,17,2,37,0,31,39,4,74,44,0,44,118
10/14/2021,GLS,TX,ASW,CE,Federal Contract Tower,0,10,15,0,25,0,28,2,0,30,0,38,17,0,55,14,0,14,69
10/15/2021,GLS,TX,ASW,CE,Federal Contract Tower,0,13,15,0,28,0,22,26,0,48,0,35,41,0,76,40,0,40,116
10/16/2021,GLS,TX,ASW,CE,Federal Contract Tower,0,3,3,0,6,0,10,18,2,30,0,13,21,2,36,50,10,60,96
10/17/2021,GLS,TX,ASW,CE,Federal Contract Tower,0,6,4,0,10,0,14,48,0,62,0,20,52,0,72,82,0,82,154
10/18/2021,GLS,TX,ASW,CE,Federal Contract Tower,0,6,9,0,15,0,23,31,0,54,0,29,40,0,69,42,0,42,111
10/19/2021,GLS,TX,ASW,CE,Federal Contract Tower,0,10,26,0,36,0,20,16,17,53,0,30,42,17,89,16,0,16,105
10/20/2021,GLS,TX,ASW,CE,Federal Contract Tower,0,9,19,0,28,0,16,19,8,43,0,25,38,8,71,48,6,54,125
10/21/2021,GLS,TX,ASW,CE,Federal Contract Tower,0,16,10,0,26,0,20,32,12,64,0,36,42,12,90,34,0,34,124
10/22/2021,GLS,TX,ASW,CE,Federal Contract Tower,0,15,7,0,22,0,14,32,2,48,0,29,39,2,70,30,4,34,104
10/23/2021,GLS,TX,ASW,CE,Federal Contract Tower,0,10,6,0,16,0,7,36,2,45,0,17,42,2,61,52,13,65,126
10/24/2021,GLS,TX,ASW,CE,Federal Contract Tower,0,16,14,0,30,0,19,40,0,59,0,35,54,0,89,72,0,72,161
10/25/2021,GLS,TX,ASW,CE,Federal Contract Tower,0,7,14,2,23,0,15,12,1,28,0,22,26,3,51,20,18,38,89
10/26/2021,GLS,TX,ASW,CE,Federal Contract Tower,0,7,25,0,32,0,16,13,0,29,0,23,38,0,61,40,0,40,101
10/27/2021,GLS,TX,ASW,CE,Federal Contract Tower,0,5,5,0,10,0,6,6,0,12,0,11,11,0,22,12,0,12,34
10/28/2021,GLS,TX,ASW,CE,Federal Contract Tower,0,12,9,0,21,0,8,5,0,13,0,20,14,0,34,0,0,0,34
10/29/2021,GLS,TX,ASW,CE,Federal Contract Tower,0,3,12,4,19,0,11,10,0,21,0,14,22,4,40,4,0,4,44
10/30/2021,GLS,TX,ASW,CE,Federal Contract Tower,0,4,22,0,26,0,7,58,0,65,0,11,80,0,91,108,0,108,199
10/31/2021,GLS,TX,ASW,CE,Federal Contract Tower,0,0,20,0,20,0,7,49,0,56,0,7,69,0,76,94,0,94,170
11/01/2021,GLS,TX,ASW,CE,Federal Contract Tower,0,10,19,0,29,0,5,57,0,62,0,15,76,0,91,38,0,38,129
11/02/2021,GLS,TX,ASW,CE,Federal Contract Tower,0,8,13,0,21,0,13,23,0,36,0,21,36,0,57,30,0,30,87
11/03/2021,GLS,TX,ASW,CE,Federal Contract Tower,0,10,8,1,19,0,23,4,3,30,0,33,12,4,49,18,0,18,67
11/04/2021,GLS,TX,ASW,CE,Federal Contract Tower,0,29,10,2,41,0,2,5,0,7,0,31,15,2,48,16,0,16,64
11/05/2021,GLS,TX,ASW,CE,Federal Contract Tower,0,15,8,4,27,0,16,51,0,67,0,31,59,4,94,46,0,46,140
11/06/2021,GLS,TX,ASW,CE,Federal Contract Tower,0,5,15,0,20,0,13,50,0,63,0,18,65,0,83,112,0,112,195
11/07/2021,GLS,TX,ASW,CE,Federal Contract Tower,0,5,2,0,7,0,18,45,2,65,0,23,47,2,72,72,0,72,144
11/08/2021,GLS,TX,ASW,CE,Federal Contract Tower,0,1,9,0,10,0,7,33,0,40,0,8,42,0,50,82,0,82,132
11/09/2021,GLS,TX,ASW,CE,Federal Contract Tower,0,13,22,0,35,0,23,19,0,42,0,36,41,0,77,28,0,28,105
11/10/2021,GLS,TX,ASW,CE,Federal Contract Tower,0,7,20,0,27,0,19,9,0,28,0,26,29,0,55,34,0,34,89
11/11/2021,GLS,TX,ASW,CE,Federal Contract Tower,0,14,13,0,27,0,10,20,0,30,0,24,33,0,57,22,0,22,79
11/12/2021,GLS,TX,ASW,CE,Federal Contract Tower,0,10,12,0,22,0,17,50,0,67,0,27,62,0,89,150,0,150,239
11/13/2021,GLS,TX,ASW,CE,Federal Contract Tower,0,3,9,0,12,0,12,49,0,61,0,15,58,0,73,68,0,68,141
11/14/2021,GLS,TX,ASW,CE,Federal Contract Tower,0,4,11,0,15,0,5,56,0,61,0,9,67,0,76,64,0,64,140
11/15/2021,GLS,TX,ASW,CE,Federal Contract Tower,0,2,6,1,9,0,15,28,2,45,0,17,34,3,54,50,18,68,122
11/16/2021,GLS,TX,ASW,CE,Federal Contract Tower,0,3,25,3,31,0,19,65,1,85,0,22,90,4,116,36,0,36,152
11/17/2021,GLS,TX,ASW,CE,Federal Contract Tower,0,7,21,0,28,0,15,24,0,39,0,22,45,0,67,84,0,84,151
11/18/2021,GLS,TX,ASW,CE,Federal Contract Tower,0,8,9,0,17,0,13,16,0,29,0,21,25,0,46,18,0,18,64
11/19/2021,GLS,TX,ASW,CE,Federal Contract Tower,0,4,9,0,13,0,18,42,2,62,0,22,51,2,75,80,0,80,155
11/20/2021,GLS,TX,ASW,CE,Federal Contract Tower,0,2,15,0,17,0,6,58,0,64,0,8,73,0,81,66,0,66,147
11/21/2021,GLS,TX,ASW,CE,Federal Contract Tower,0,5,12,0,17,0,8,12,0,20,0,13,24,0,37,50,0,50,87
11/22/2021,GLS,TX,ASW,CE,Federal Contract Tower,0,2,9,2,13,0,12,45,0,57,0,14,54,2,70,74,0,74,144
11/23/2021,GLS,TX,ASW,CE,Federal Contract Tower,0,5,19,8,32,0,15,42,2,59,0,20,61,10,91,42,2,44,135
11/24/2021,GLS,TX,ASW,CE,Federal Contract Tower,0,6,17,3,26,0,16,30,1,47,0,22,47,4,73,58,0,58,131
11/25/2021,GLS,TX,ASW,CE,Federal Contract Tower,0,6,0,0,6,0,2,2,0,4,0,8,2,0,10,0,0,0,10
11/26/2021,GLS,TX,ASW,CE,Federal Contract Tower,0,4,14,0,18,0,6,51,0,57,0,10,65,0,75,94,0,94,169
11/27/2021,GLS,TX,ASW,CE,Federal Contract Tower,0,6,7,4,17,0,6,10,4,20,0,12,17,8,37,48,0,48,85
11/28/2021,GLS,TX,ASW,CE,Federal Contract Tower,0,3,26,0,29,0,4,8,0,12,0,7,34,0,41,22,0,22,63
11/29/2021,GLS,TX,ASW,CE,Federal Contract Tower,0,4,13,3,20,0,20,29,1,50,0,24,42,4,70,78,0,78,148
11/30/2021,GLS,TX,ASW,CE,Federal Contract Tower,0,5,10,0,15,0,12,44,0,56,0,17,54,0,71,34,0,34,105
12/01/2021,GLS,TX,ASW,CE,Federal Contract Tower,0,12,10,2,24,0,28,37,2,67,0,40,47,4,91,32,0,32,123
12/02/2021,GLS,TX,ASW,CE,Federal Contract Tower,0,9,29,0,38,0,10,26,2,38,0,19,55,2,76,54,6,60,136
12/03/2021,GLS,TX,ASW,CE,Federal Contract Tower,0,3,24,0,27,0,22,30,0,52,0,25,54,0,79,80,0,80,159
12/04/2021,GLS,TX,ASW,CE,Federal Contract Tower,0,6,8,0,14,0,14,24,0,38,0,20,32,0,52,66,0,66,118
12/05/2021,GLS,TX,ASW,CE,Federal Contract Tower,0,0,14,4,18,0,13,25,3,41,0,13,39,7,59,36,0,36,95
12/06/2021,GLS,TX,ASW,CE,Federal Contract Tower,0,5,8,0,13,0,6,2,0,8,0,11,10,0,21,2,0,2,23
12/07/2021,GLS,TX,ASW,CE,Federal Contract Tower,0,9,15,0,24,0,5,5,0,10,0,14,20,0,34,12,0,12,46
12/08/2021,GLS,TX,ASW,CE,Federal Contract Tower,0,9,10,0,19,0,0,0,0,0,0,9,10,0,19,0,0,0,19
12/09/2021,GLS,TX,ASW,CE,Federal Contract Tower,0,5,11,0,16,0,7,1,0,8,0,12,12,0,24,0,0,0,24
12/10/2021,GLS,TX,ASW,CE,Federal Contract Tower,0,3,19,6,28,0,10,3,0,13,0,13,22,6,41,2,0,2,43
12/11/2021,GLS,TX,ASW,CE,Federal Contract Tower,0,4,4,2,10,0,4,10,0,14,0,8,14,2,24,4,0,4,28
12/12/2021,GLS,TX,ASW,CE,Federal Contract Tower,0,2,15,0,17,0,10,55,0,65,0,12,70,0,82,40,0,40,122
12/13/2021,GLS,TX,ASW,CE,Federal Contract Tower,0,2,16,2,20,0,4,1,0,5,0,6,17,2,25,0,0,0,25
12/14/2021,GLS,TX,ASW,CE,Federal Contract Tower,0,6,5,4,15,0,0,3,0,3,0,6,8,4,18,0,0,0,18
12/15/2021,GLS,TX,ASW,CE,Federal Contract Tower,0,5,11,2,18,0,15,8,0,23,0,20,19,2,41,10,0,10,51
12/16/2021,GLS,TX,ASW,CE,Federal Contract Tower,0,11,27,6,44,0,8,31,0,39,0,19,58,6,83,36,0,36,119
12/17/2021,GLS,TX,ASW,CE,Federal Contract Tower,0,3,22,0,25,0,4,39,0,43,0,7,61,0,68,42,0,42,110
12/18/2021,GLS,TX,ASW,CE,Federal Contract Tower,0,2,9,6,17,0,1,0,0,1,0,3,9,6,18,14,0,14,32
12/19/2021,GLS,TX,ASW,CE,Federal Contract Tower,0,12,0,0,12,0,10,35,0,45,0,22,35,0,57,54,0,54,111
12/20/2021,GLS,TX,ASW,CE,Federal Contract Tower,0,3,9,0,12,0,14,39,0,53,0,17,48,0,65,84,0,84,149
12/21/2021,GLS,TX,ASW,CE,Federal Contract Tower,0,6,11,0,17,0,14,55,2,71,0,20,66,2,88,46,0,46,134
12/22/2021,GLS,TX,ASW,CE,Federal Contract Tower,0,12,11,0,23,0,28,72,0,100,0,40,83,0,123,70,0,70,193
12/23/2021,GLS,TX,ASW,CE,Federal Contract Tower,0,8,11,0,19,0,5,46,0,51,0,13,57,0,70,70,0,70,140
12/24/2021,GLS,TX,ASW,CE,Federal Contract Tower,0,3,2,0,5,0,4,49,0,53,0,7,51,0,58,60,0,60,118
12/25/2021,GLS,TX,ASW,CE,Federal Contract Tower,0,2,2,0,4,0,6,11,0,17,0,8,13,0,21,0,0,0,21
12/26/2021,GLS,TX,ASW,CE,Federal Contract Tower,0,2,20,0,22,0,4,15,0,19,0,6,35,0,41,64,0,64,105
12/27/2021,GLS,TX,ASW,CE,Federal Contract Tower,0,6,17,0,23,0,3,37,0,40,0,9,54,0,63,54,0,54,117
12/28/2021,GLS,TX,ASW,CE,Federal Contract Tower,0,13,9,0,22,0,13,16,0,29,0,26,25,0,51,92,0,92,143
12/29/2021,GLS,TX,ASW,CE,Federal Contract Tower,0,8,12,1,21,0,13,13,1,27,0,21,25,2,48,54,0,54,102
12/30/2021,GLS,TX,ASW,CE,Federal Contract Tower,0,6,1,0,7,0,0,1,0,1,0,6,2,0,8,4,0,4,12
12/31/2021,GLS,TX,ASW,CE,Federal Contract Tower,0,5,10,0,15,0,4,13,0,17,0,9,23,0,32,8,0,8,40
01/01/2022,GLS,TX,ASW,CE,Federal Contract Tower,0,2,4,0,6,0,2,7,0,9,0,4,11,0,15,16,0,16,31
01/02/2022,GLS,TX,ASW,CE,Federal Contract Tower,0,1,7,0,8,0,2,1,0,3,0,3,8,0,11,2,0,2,13
01/03/2022,GLS,TX,ASW,CE,Federal Contract Tower,0,3,10,2,15,0,3,62,0,65,0,6,72,2,80,46,0,46,126
01/04/2022,GLS,TX,ASW,CE,Federal Contract Tower,0,0,9,2,11,0,23,75,0,98,0,23,84,2,109,34,0,34,143
01/05/2022,GLS,TX,ASW,CE,Federal Contract Tower,0,1,10,3,14,0,23,55,1,79,0,24,65,4,93,50,2,52,145
01/06/2022,GLS,TX,ASW,CE,Federal Contract Tower,0,4,4,0,8,0,3,13,0,16,0,7,17,0,24,8,0,8,32
01/07/2022,GLS,TX,ASW,CE,Federal Contract Tower,0,7,13,0,20,0,5,1,0,6,0,12,14,0,26,0,0,0,26
01/08/2022,GLS,TX,ASW,CE,Federal Contract Tower,0,8,0,0,8,0,0,1,0,1,0,8,1,0,9,0,0,0,9
01/09/2022,GLS,TX,ASW,CE,Federal Contract Tower,0,1,1,0,2,0,6,2,0,8,0,7,3,0,10,16,0,16,26
01/10/2022,GLS,TX,ASW,CE,Federal Contract Tower,0,1,0,0,1,0,6,21,0,27,0,7,21,0,28,28,0,28,56
01/11/2022,GLS,TX,ASW,CE,Federal Contract Tower,0,7,15,2,24,0,8,47,0,55,0,15,62,2,79,42,0,42,121
01/12/2022,GLS,TX,ASW,CE,Federal Contract Tower,0,5,3,2,10,0,7,74,0,81,0,12,77,2,91,80,0,80,171
01/13/2022,GLS,TX,ASW,CE,Federal Contract Tower,0,7,12,0,19,0,10,47,0,57,0,17,59,0,76,62,0,62,138
01/14/2022,GLS,TX,ASW,CE,Federal Contract Tower,0,1,17,4,22,0,11,73,2,86,0,12,90,6,108,66,0,66,174
01/15/2022,GLS,TX,ASW,CE,Federal Contract Tower,0,5,0,0,5,0,0,4,0,4,0,5,4,0,9,4,0,4,13
01/16/2022,GLS,TX,ASW,CE,Federal Contract Tower,0,4,12,0,16,8,44,0,0,52,8,48,12,0,68,46,0,46,114
01/17/2022,GLS,TX,ASW,CE,Federal Contract Tower,0,2,6,4,12,0,12,90,0,102,0,14,96,4,114,69,0,69,183
01/18/2022,GLS,TX,ASW,CE,Federal Contract Tower,0,10,5,0,15,0,22,38,4,64,0,32,43,4,79,38,0,38,117
01/19/2022,GLS,TX,ASW,CE,Federal Contract Tower,0,7,7,0,14,0,12,5,4,21,0,19,12,4,35,20,0,20,55
01/20/2022,GLS,TX,ASW,CE,Federal Contract Tower,0,5,9,0,14,0,0,0,0,0,0,5,9,0,14,0,0,0,14
01/21/2022,GLS,TX,ASW,CE,Federal Contract Tower,0,0,11,0,11,0,12,33,0,45,0,12,44,0,56,38,0,38,94
01/22/2022,GLS,TX,ASW,CE,Federal Contract Tower,0,15,9,2,26,0,4,63,0,67,0,19,72,2,93,82,6,88,181
01/23/2022,GLS,TX,ASW,CE,Federal Contract Tower,0,3,16,4,23,0,11,66,0,77,0,14,82,4,100,80,0,80,180
01/24/2022,GLS,TX,ASW,CE,Federal Contract Tower,0,3,1,0,4,0,5,0,0,5,0,8,1,0,9,0,0,0,9
01/25/2022,GLS,TX,ASW,CE,Federal Contract Tower,0,8,9,4,21,0,6,1,0,7,0,14,10,4,28,0,0,0,28
01/26/2022,GLS,TX,ASW,CE,Federal Contract Tower,0,1,17,1,19,0,17,38,1,56,0,18,55,2,75,50,0,50,125
01/27/2022,GLS,TX,ASW,CE,Federal Contract Tower,0,3,8,0,11,0,7,76,4,87,0,10,84,4,98,72,0,72,170
01/28/2022,GLS,TX,ASW,CE,Federal Contract Tower,0,3,12,0,15,0,10,35,4,49,0,13,47,4,64,44,0,44,108
01/29/2022,GLS,TX,ASW,CE,Federal Contract Tower,0,3,8,0,11,0,7,76,4,87,0,10,84,4,98,72,0,72,170
01/30/2022,GLS,TX,ASW,CE,Federal Contract Tower,0,2,14,0,16,0,16,60,0,76,0,18,74,0,92,52,0,52,144
01/31/2022,GLS,TX,ASW,CE,Federal Contract Tower,0,1,1,0,2,0,8,9,0,17,0,9,10,0,19,4,0,4,23
02/01/2022,GLS,TX,ASW,CE,Federal Contract Tower,0,5,11,2,18,0,7,2,0,9,0,12,13,2,27,0,0,0,27
02/02/2022,GLS,TX,ASW,CE,Federal Contract Tower,0,9,13,2,24,0,0,0,0,0,0,9,13,2,24,0,0,0,24
02/03/2022,GLS,TX,ASW,CE,Federal Contract Tower,0,2,9,0,11,0,12,58,0,70,0,14,67,0,81,56,0,56,137
02/04/2022,GLS,TX,ASW,CE,Federal Contract Tower,0,0,0,0,0,0,0,3,0,3,0,0,3,0,3,2,0,2,5
02/05/2022,GLS,TX,ASW,CE,Federal Contract Tower,0,2,9,0,11,0,12,58,0,70,0,14,67,0,81,56,0,56,137
02/06/2022,GLS,TX,ASW,CE,Federal Contract Tower,0,0,13,0,13,0,5,58,0,63,0,5,71,0,76,86,0,86,162
02/07/2022,GLS,TX,ASW,CE,Federal Contract Tower,0,1,10,2,13,0,10,49,0,59,0,11,59,2,72,54,0,54,126
02/08/2022,GLS,TX,ASW,CE,Federal Contract Tower,0,2,17,1,20,0,20,43,0,63,0,22,60,1,83,28,0,28,111
02/09/2022,GLS,TX,ASW,CE,Federal Contract Tower,0,6,9,0,15,0,20,32,4,56,0,26,41,4,71,54,0,54,125
02/10/2022,GLS,TX,ASW,CE,Federal Contract Tower,0,2,4,0,6,0,2,1,0,3,0,4,5,0,9,30,0,30,39
02/11/2022,GLS,TX,ASW,CE,Federal Contract Tower,0,0,6,4,10,0,14,59,0,73,0,14,65,4,83,44,0,44,127
02/12/2022,GLS,TX,ASW,CE,Federal Contract Tower,0,2,4,0,6,0,2,1,0,3,0,4,5,0,9,30,0,30,39
02/13/2022,GLS,TX,ASW,CE,Federal Contract Tower,0,6,8,0,14,0,16,77,0,93,0,22,85,0,107,100,0,100,207
02/14/2022,GLS,TX,ASW,CE,Federal Contract Tower,0,2,17,0,19,0,17,42,0,59,0,19,59,0,78,70,0,70,148
02/15/2022,GLS,TX,ASW,CE,Federal Contract Tower,0,3,14,8,25,0,19,52,2,73,0,22,66,10,98,54,0,54,152
02/16/2022,GLS,TX,ASW,CE,Federal Contract Tower,0,7,8,0,15,0,15,24,0,39,0,22,32,0,54,28,0,28,82
02/17/2022,GLS,TX,ASW,CE,Federal Contract Tower,0,2,15,0,17,0,20,61,0,81,0,22,76,0,98,42,10,52,150
02/18/2022,GLS,TX,ASW,CE,Federal Contract Tower,0,3,6,0,9,0,11,35,0,46,0,14,41,0,55,40,0,40,95
02/19/2022,GLS,TX,ASW,CE,Federal Contract Tower,0,2,15,0,17,0,20,61,0,81,0,22,76,0,98,42,10,52,150
02/20/2022,GLS,TX,ASW,CE,Federal Contract Tower,0,3,23,0,26,0,15,35,0,50,0,18,58,0,76,66,0,66,142
02/21/2022,GLS,TX,ASW,CE,Federal Contract Tower,0,3,9,0,12,0,2,0,0,2,0,5,9,0,14,0,0,0,14
02/22/2022,GLS,TX,ASW,CE,Federal Contract Tower,0,8,8,4,20,0,0,9,0,9,0,8,17,4,29,0,0,0,29
02/23/2022,GLS,TX,ASW,CE,Federal Contract Tower,0,8,4,2,14,0,0,0,0,0,0,8,4,2,14,0,0,0,14
02/24/2022,GLS,TX,ASW,CE,Federal Contract Tower,0,3,7,2,12,0,0,0,0,0,0,3,7,2,12,0,0,0,12
02/25/2022,GLS,TX,ASW,CE,Federal Contract Tower,0,3,13,0,16,0,21,8,2,31,0,24,21,2,47,6,8,14,61
02/26/2022,GLS,TX,ASW,CE,Federal Contract Tower,0,3,7,2,12,0,0,0,0,0,0,3,7,2,12,0,0,0,12
02/27/2022,GLS,TX,ASW,CE,Federal Contract Tower,0,2,16,0,18,0,13,35,0,48,0,15,51,0,66,62,0,62,128
02/28/2022,GLS,TX,ASW,CE,Federal Contract Tower,0,4,5,2,11,0,21,62,1,84,0,25,67,3,95,30,0,30,125
03/01/2022,GLS,TX,ASW,CE,Federal Contract Tower,0,2,8,0,10,0,26,41,2,69,0,28,49,2,79,20,0,20,99
03/02/2022,GLS,TX,ASW,CE,Federal Contract Tower,0,7,10,0,17,0,16,56,2,74,0,23,66,2,91,58,0,58,149
03/03/2022,GLS,TX,ASW,CE,Federal Contract Tower,0,5,21,0,26,0,27,29,6,62,0,32,50,6,88,24,24,48,136
03/04/2022,GLS,TX,ASW,CE,Federal Contract Tower,0,5,21,0,26,0,27,29,6,62,0,32,50,6,88,24,24,48,136
03/05/2022,GLS,TX,ASW,CE,Federal Contract Tower,0,1,14,2,17,0,11,40,4,55,0,12,54,6,72,74,0,74,146
03/06/2022,GLS,TX,ASW,CE,Federal Contract Tower,0,3,10,6,19,0,2,4,0,6,0,5,14,6,25,4,0,4,29
03/07/2022,GLS,TX,ASW,CE,Federal Contract Tower,0,1,6,6,13,0,5,12,2,19,0,6,18,8,32,0,4,4,36
03/08/2022,GLS,TX,ASW,CE,Federal Contract Tower,0,7,2,2,11,0,3,1,0,4,0,10,3,2,15,0,0,0,15
03/09/2022,GLS,TX,ASW,CE,Federal Contract Tower,0,1,8,0,9,0,23,6,2,31,0,24,14,2,40,6,2,8,48
03/10/2022,GLS,TX,ASW,CE,Federal Contract Tower,0,13,2,0,15,0,0,0,0,0,0,13,2,0,15,0,0,0,15
03/11/2022,GLS,TX,ASW,CE,Federal Contract Tower,0,13,2,0,15,0,0,0,0,0,0,13,2,0,15,0,0,0,15
03/12/2022,GLS,TX,ASW,CE,Federal Contract Tower,0,10,17,1,28,0,30,61,0,91,0,40,78,1,119,52,0,52,171
03/13/2022,GLS,TX,ASW,CE,Federal Contract Tower,0,2,20,0,22,0,21,77,1,99,0,23,97,1,121,56,0,56,177
03/14/2022,GLS,TX,ASW,CE,Federal Contract Tower,0,3,14,2,19,0,21,33,0,54,0,24,47,2,73,36,0,36,109
03/15/2022,GLS,TX,ASW,CE,Federal Contract Tower,0,2,17,0,19,0,23,52,0,75,0,25,69,0,94,102,0,102,196
03/16/2022,GLS,TX,ASW,CE,Federal Contract Tower,0,5,19,2,26,0,16,52,2,70,0,21,71,4,96,92,4,96,192
03/17/2022,GLS,TX,ASW,CE,Federal Contract Tower,0,4,16,2,22,0,10,23,0,33,0,14,39,2,55,62,0,62,117
03/18/2022,GLS,TX,ASW,CE,Federal Contract Tower,0,9,15,0,24,0,2,18,0,20,0,11,33,0,44,84,0,84,128
03/19/2022,GLS,TX,ASW,CE,Federal Contract Tower,0,5,16,2,23,0,5,72,2,79,0,10,88,4,102,116,2,118,220
03/20/2022,GLS,TX,ASW,CE,Federal Contract Tower,0,2,6,0,8,0,21,50,0,71,0,23,56,0,79,72,0,72,151
03/21/2022,GLS,TX,ASW,CE,Federal Contract Tower,0,4,2,0,6,0,0,0,0,0,0,4,2,0,6,0,0,0,6
03/22/2022,GLS,TX,ASW,CE,Federal Contract Tower,0,7,12,0,19,0,5,12,0,17,0,12,24,0,36,12,0,12,48
03/23/2022,GLS,TX,ASW,CE,Federal Contract Tower,0,9,10,3,22,0,21,23,8,52,0,30,33,11,74,14,6,20,94
03/24/2022,GLS,TX,ASW,CE,Federal Contract Tower,0,7,24,0,31,0,6,19,2,27,0,13,43,2,58,4,0,4,62
03/25/2022,GLS,TX,ASW,CE,Federal Contract Tower,0,6,8,1,15,0,20,71,1,92,0,26,79,2,107,48,6,54,161
03/26/2022,GLS,TX,ASW,CE,Federal Contract Tower,0,11,30,0,41,0,16,61,2,79,0,27,91,2,120,44,12,56,176
03/27/2022,GLS,TX,ASW,CE,Federal Contract Tower,0,7,24,0,31,0,13,62,0,75,0,20,86,0,106,40,0,40,146
03/28/2022,GLS,TX,ASW,CE,Federal Contract Tower,0,1,26,2,29,0,19,40,0,59,0,20,66,2,88,34,0,34,122
03/29/2022,GLS,TX,ASW,CE,Federal Contract Tower,0,4,14,0,18,0,11,13,1,25,0,15,27,1,43,18,22,40,83
03/30/2022,GLS,TX,ASW,CE,Federal Contract Tower,0,0,4,0,4,0,4,2,0,6,0,4,6,0,10,2,0,2,12
03/31/2022,GLS,TX,ASW,CE,Federal Contract Tower,0,4,18,0,22,0,25,47,0,72,0,29,65,0,94,44,0,44,138
04/01/2022,GLS,TX,ASW,CE,Federal Contract Tower,0,6,17,2,25,0,20,45,0,65,0,26,62,2,90,38,0,38,128
04/02/2022,GLS,TX,ASW,CE,Federal Contract Tower,0,9,22,3,34,0,37,55,0,92,0,46,77,3,126,62,0,62,188
04/03/2022,GLS,TX,ASW,CE,Federal Contract Tower,0,10,22,0,32,0,23,82,3,108,0,33,104,3,140,12,22,34,174
04/04/2022,GLS,TX,ASW,CE,Federal Contract Tower,0,1,5,4,10,0,9,14,0,23,0,10,19,4,33,6,0,6,39
04/05/2022,GLS,TX,ASW,CE,Federal Contract Tower,0,14,14,6,34,0,0,3,0,3,0,14,17,6,37,0,0,0,37
04/06/2022,GLS,TX,ASW,CE,Federal Contract Tower,0,6,15,0,21,0,4,14,0,18,0,10,29,0,39,20,0,20,59
04/07/2022,GLS,TX,ASW,CE,Federal Contract Tower,0,6,15,2,23,0,15,23,0,38,0,21,38,2,61,32,0,32,93
04/08/2022,GLS,TX,ASW,CE,Federal Contract Tower,0,0,8,2,10,0,24,26,8,58,0,24,34,10,68,22,26,48,116
04/09/2022,GLS,TX,ASW,CE,Federal Contract Tower,0,4,11,0,15,0,44,98,0,142,0,48,109,0,157,88,0,88,245
04/10/2022,GLS,TX,ASW,CE,Federal Contract Tower,0,3,10,0,13,0,6,30,0,36,0,9,40,0,49,22,0,22,71
04/11/2022,GLS,TX,ASW,CE,Federal Contract Tower,0,3,18,0,21,0,18,36,2,56,0,21,54,2,77,14,20,34,111
04/12/2022,GLS,TX,ASW,CE,Federal Contract Tower,0,6,7,0,13,0,4,0,0,4,0,10,7,0,17,0,0,0,17
04/13/2022,GLS,TX,ASW,CE,Federal Contract Tower,0,14,8,0,22,0,6,0,0,6,0,20,8,0,28,0,0,0,28
04/14/2022,GLS,TX,ASW,CE,Federal Contract Tower,0,2,15,0,17,0,20,29,0,49,0,22,44,0,66,28,0,28,94
04/15/2022,GLS,TX,ASW,CE,Federal Contract Tower,0,4,16,0,20,0,0,2,0,2,0,4,18,0,22,0,0,0,22
04/16/2022,GLS,TX,ASW,CE,Federal Contract Tower,0,5,10,0,15,0,14,78,0,92,0,19,88,0,107,94,0,94,201
04/17/2022,GLS,TX,ASW,CE,Federal Contract Tower,0,1,16,0,17,0,4,17,0,21,0,5,33,0,38,2,0,2,40
04/18/2022,GLS,TX,ASW,CE,Federal Contract Tower,0,2,14,3,19,0,14,58,0,72,0,16,72,3,91,98,0,98,189
04/19/2022,GLS,TX,ASW,CE,Federal Contract Tower,0,4,8,0,12,0,20,27,0,47,0,24,35,0,59,20,0,20,79
04/20/2022,GLS,TX,ASW,CE,Federal Contract Tower,0,3,13,0,16,0,16,16,2,34,0,19,29,2,50,20,0,20,70
04/21/2022,GLS,TX,ASW,CE,Federal Contract Tower,0,11,20,2,33,0,5,10,0,15,0,16,30,2,48,10,0,10,58
04/22/2022,GLS,TX,ASW,CE,Federal Contract Tower,0,8,15,2,25,0,8,32,0,40,0,16,47,2,65,38,0,38,103
04/23/2022,GLS,TX,ASW,CE,Federal Contract Tower,0,4,8,2,14,0,11,36,0,47,0,15,44,2,61,28,0,28,89
04/24/2022,GLS,TX,ASW,CE,Federal Contract Tower,0,4,19,0,23,0,6,16,2,24,0,10,35,2,47,6,8,14,61
04/25/2022,GLS,TX,ASW,CE,Federal Contract Tower,0,9,15,8,32,0,8,6,0,14,0,17,21,8,46,44,0,44,90
04/26/2022,GLS,TX,ASW,CE,Federal Contract Tower,0,4,8,0,12,0,18,15,0,33,0,22,23,0,45,18,0,18,63
04/27/2022,GLS,TX,ASW,CE,Federal Contract Tower,0,6,22,0,28,0,14,26,2,42,0,20,48,2,70,26,2,28,98
04/28/2022,GLS,TX,ASW,CE,Federal Contract Tower,0,5,19,0,24,0,0,51,0,51,0,5,70,0,75,92,0,92,167
04/29/2022,GLS,TX,ASW,CE,Federal Contract Tower,0,5,30,0,35,0,16,42,0,58,0,21,72,0,93,46,0,46,139
04/30/2022,GLS,TX,ASW,CE,Federal Contract Tower,0,4,15,0,19,0,11,68,0,79,0,15,83,0,98,36,0,36,134
05/01/2022,GLS,TX,ASW,CE,Federal Contract Tower,0,4,24,0,28,0,17,61,0,78,0,21,85,0,106,34,0,34,140
05/02/2022,GLS,TX,ASW,CE,Federal Contract Tower,0,2,15,0,17,0,21,34,1,56,0,23,49,1,73,34,0,34,107
05/03/2022,GLS,TX,ASW,CE,Federal Contract Tower,0,5,21,0,26,0,28,33,1,62,0,33,54,1,88,46,0,46,134
05/04/2022,GLS,TX,ASW,CE,Federal Contract Tower,0,5,25,2,32,0,10,20,2,32,0,15,45,4,64,44,0,44,108
05/05/2022,GLS,TX,ASW,CE,Federal Contract Tower,0,3,9,0,12,0,18,6,5,29,0,21,15,5,41,4,0,4,45
05/06/2022,GLS,TX,ASW,CE,Federal Contract Tower,0,8,30,0,38,0,7,33,3,43,0,15,63,3,81,50,0,50,131
05/07/2022,GLS,TX,ASW,CE,Federal Contract Tower,0,5,18,0,23,0,10,35,0,45,0,15,53,0,68,48,0,48,116
05/08/2022,GLS,TX,ASW,CE,Federal Contract Tower,0,2,10,0,12,0,10,39,0,49,0,12,49,0,61,36,0,36,97
05/09/2022,GLS,TX,ASW,CE,Federal Contract Tower,0,3,17,3,23,0,14,38,8,60,0,17,55,11,83,16,26,42,125
05/10/2022,GLS,TX,ASW,CE,Federal Contract Tower,0,6,6,0,12,0,29,43,0,72,0,35,49,0,84,48,0,48,132
05/11/2022,GLS,TX,ASW,CE,Federal Contract Tower,0,4,21,0,25,0,19,39,3,61,0,23,60,3,86,24,6,30,116
05/12/2022,GLS,TX,ASW,CE,Federal Contract Tower,0,6,14,2,22,0,10,38,4,52,0,16,52,6,74,30,0,30,104
05/13/2022,GLS,TX,ASW,CE,Federal Contract Tower,0,3,15,4,22,0,9,57,0,66,0,12,72,4,88,46,6,52,140
05/14/2022,GLS,TX,ASW,CE,Federal Contract Tower,0,3,10,0,13,0,7,85,0,92,0,10,95,0,105,48,0,48,153
05/15/2022,GLS,TX,ASW,CE,Federal Contract Tower,0,2,12,0,14,0,5,62,2,69,0,7,74,2,83,30,8,38,121
05/16/2022,GLS,TX,ASW,CE,Federal Contract Tower,0,0,6,0,6,0,21,50,3,74,0,21,56,3,80,54,14,68,148
05/17/2022,GLS,TX,ASW,CE,Federal Contract Tower,0,4,11,3,18,0,15,40,1,56,0,19,51,4,74,10,0,10,84
05/18/2022,GLS,TX,ASW,CE,Federal Contract Tower,0,1,31,2,34,0,19,39,1,59,0,20,70,3,93,66,0,66,159
05/19/2022,GLS,TX,ASW,CE,Federal Contract Tower,0,6,13,0,19,0,4,33,1,38,0,10,46,1,57,72,0,72,129
05/20/2022,GLS,TX,ASW,CE,Federal Contract Tower,0,4,8,2,14,0,17,29,2,48,0,21,37,4,62,16,10,26,88
05/21/2022,GLS,TX,ASW,CE,Federal Contract Tower,0,4,12,0,16,0,13,55,0,68,0,17,67,0,84,22,0,22,106
05/22/2022,GLS,TX,ASW,CE,Federal Contract Tower,0,1,17,0,18,0,5,30,0,35,0,6,47,0,53,20,0,20,73
05/23/2022,GLS,TX,ASW,CE,Federal Contract Tower,0,2,21,0,23,0,21,32,0,53,0,23,53,0,76,44,0,44,120
05/24/2022,GLS,TX,ASW,CE,Federal Contract Tower,0,4,2,0,6,0,4,6,0,10,0,8,8,0,16,8,0,8,24
05/25/2022,GLS,TX,ASW,CE,Federal Contract Tower,0,6,0,0,6,0,17,12,0,29,0,23,12,0,35,28,4,32,67
05/26/2022,GLS,TX,ASW,CE,Federal Contract Tower,0,6,15,0,21,0,9,40,0,49,0,15,55,0,70,58,4,62,132
05/27/2022,GLS,TX,ASW,CE,Federal Contract Tower,0,1,4,2,7,0,17,59,0,76,0,18,63,2,83,38,0,38,121
05/28/2022,GLS,TX,ASW,CE,Federal Contract Tower,0,5,8,0,13,0,10,61,0,71,0,15,69,0,84,118,0,118,202
05/29/2022,GLS,TX,ASW,CE,Federal Contract Tower,0,3,15,0,18,0,11,41,0,52,0,14,56,0,70,68,0,68,138
05/30/2022,GLS,TX,ASW,CE,Federal Contract Tower,0,5,18,0,23,0,12,39,0,51,0,17,57,0,74,82,0,82,156
05/31/2022,GLS,TX,ASW,CE,Federal Contract Tower,0,6,24,0,30,0,23,37,2,62,0,29,61,2,92,68,0,68,160
06/01/2022,GLS,TX,ASW,CE,Federal Contract Tower,0,2,6,0,8,0,16,13,0,29,0,18,19,0,37,62,0,62,99
06/02/2022,GLS,TX,ASW,CE,Federal Contract Tower,0,8,20,0,28,0,10,19,0,29,0,18,39,0,57,16,0,16,73
06/03/2022,GLS,TX,ASW,CE,Federal Contract Tower,0,7,12,2,21,0,17,50,2,69,0,24,62,4,90,50,2,52,142
06/04/2022,GLS,TX,ASW,CE,Federal Contract Tower,0,0,7,0,7,0,10,60,0,70,0,10,67,0,77,74,0,74,151
06/05/2022,GLS,TX,ASW,CE,Federal Contract Tower,0,3,11,8,22,0,11,74,0,85,0,14,85,8,107,88,0,88,195
06/06/2022,GLS,TX,ASW,CE,Federal Contract Tower,0,0,2,1,3,0,20,27,0,47,0,20,29,1,50,32,0,32,82
06/07/2022,GLS,TX,ASW,CE,Federal Contract Tower,0,9,8,0,17,0,17,12,2,31,0,26,20,2,48,70,0,70,118
06/08/2022,GLS,TX,ASW,CE,Federal Contract Tower,0,0,15,0,15,0,19,38,0,57,0,19,53,0,72,64,0,64,136
06/09/2022,GLS,TX,ASW,CE,Federal Contract Tower,0,4,21,2,27,0,18,71,2,91,0,22,92,4,118,104,4,108,226
06/10/2022,GLS,TX,ASW,CE,Federal Contract Tower,0,3,8,0,11,0,16,35,0,51,0,19,43,0,62,40,0,40,102
06/11/2022,GLS,TX,ASW,CE,Federal Contract Tower,0,0,11,0,11,0,1,61,0,62,0,1,72,0,73,108,0,108,181
06/12/2022,GLS,TX,ASW,CE,Federal Contract Tower,0,10,12,2,24,0,20,71,0,91,0,30,83,2,115,64,0,64,179
06/13/2022,GLS,TX,ASW,CE,Federal Contract Tower,0,4,0,0,4,0,31,68,0,99,0,35,68,0,103,64,0,64,167
06/14/2022,GLS,TX,ASW,CE,Federal Contract Tower,0,12,10,2,24,0,17,31,0,48,0,29,41,2,72,48,0,48,120
06/15/2022,GLS,TX,ASW,CE,Federal Contract Tower,0,8,14,0,22,0,26,29,6,61,0,34,43,6,83,70,0,70,153
06/16/2022,GLS,TX,ASW,CE,Federal Contract Tower,0,9,13,0,22,0,13,36,0,49,0,22,49,0,71,68,0,68,139
06/17/2022,GLS,TX,ASW,CE,Federal Contract Tower,0,6,13,0,19,0,15,27,0,42,0,21,40,0,61,84,0,84,145
06/18/2022,GLS,TX,ASW,CE,Federal Contract Tower,0,3,20,0,23,0,14,51,0,65,0,17,71,0,88,98,0,98,186
06/19/2022,GLS,TX,ASW,CE,Federal Contract Tower,0,8,11,0,19,0,10,44,0,54,0,18,55,0,73,72,0,72,145
06/20/2022,GLS,TX,ASW,CE,Federal Contract Tower,0,2,26,6,34,0,11,30,0,41,0,13,56,6,75,56,0,56,131
06/21/2022,GLS,TX,ASW,CE,Federal Contract Tower,0,5,6,2,13,0,11,20,0,31,0,16,26,2,44,68,0,68,112
06/22/2022,GLS,TX,ASW,CE,Federal Contract Tower,0,9,6,2,17,0,16,45,0,61,0,25,51,2,78,78,0,78,156
06/23/2022,GLS,TX,ASW,CE,Federal Contract Tower,0,7,18,0,25,0,12,44,0,56,0,19,62,0,81,44,0,44,125
06/24/2022,GLS,TX,ASW,CE,Federal Contract Tower,0,4,31,3,38,0,14,49,0,63,0,18,80,3,101,104,8,112,213
06/25/2022,GLS,TX,ASW,CE,Federal Contract Tower,0,4,17,0,21,0,12,37,0,49,0,16,54,0,70,166,12,178,248
06/26/2022,GLS,TX,ASW,CE,Federal Contract Tower,0,8,6,0,14,0,18,60,2,80,0,26,66,2,94,104,0,104,198
06/27/2022,GLS,TX,ASW,CE,Federal Contract Tower,0,1,7,1,9,0,16,34,0,50,0,17,41,1,59,56,0,56,115
06/28/2022,GLS,TX,ASW,CE,Federal Contract Tower,0,2,13,0,15,0,28,39,18,85,0,30,52,18,100,38,0,38,138
06/29/2022,GLS,TX,ASW,CE,Federal Contract Tower,0,0,5,0,5,0,9,11,24,44,0,9,16,24,49,30,0,30,79
06/30/2022,GLS,TX,ASW,CE,Federal Contract Tower,0,1,8,0,9,0,2,3,0,5,0,3,11,0,14,0,0,0,14
07/01/2022,GLS,TX,ASW,CE,Federal Contract Tower,0,12,9,0,21,0,7,4,0,11,0,19,13,0,32,32,0,32,64
07/02/2022,GLS,TX,ASW,CE,Federal Contract Tower,0,7,16,0,23,0,9,15,0,24,0,16,31,0,47,74,0,74,121
07/03/2022,GLS,TX,ASW,CE,Federal Contract Tower,0,3,12,0,15,0,9,40,0,49,0,12,52,0,64,80,0,80,144
07/04/2022,GLS,TX,ASW,CE,Federal Contract Tower,0,0,4,0,4,0,22,38,0,60,0,22,42,0,64,98,0,98,162
07/05/2022,GLS,TX,ASW,CE,Federal Contract Tower,0,4,13,2,19,0,13,65,0,78,0,17,78,2,97,82,0,82,179
07/06/2022,GLS,TX,ASW,CE,Federal Contract Tower,0,4,7,0,11,0,20,28,0,48,0,24,35,0,59,60,0,60,119
07/07/2022,GLS,TX,ASW,CE,Federal Contract Tower,0,9,7,2,18,0,14,39,0,53,0,23,46,2,71,84,0,84,155
07/08/2022,GLS,TX,ASW,CE,Federal Contract Tower,0,2,5,3,10,0,8,34,1,43,0,10,39,4,53,88,0,88,141
07/09/2022,GLS,TX,ASW,CE,Federal Contract Tower,0,2,16,0,18,0,7,57,6,70,0,9,73,6,88,110,6,116,204
07/10/2022,GLS,TX,ASW,CE,Federal Contract Tower,0,8,12,2,22,0,0,12,78,90,0,8,24,80,112,46,0,46,158
07/11/2022,GLS,TX,ASW,CE,Federal Contract Tower,0,1,5,2,8,0,16,42,2,60,0,17,47,4,68,44,0,44,112
07/12/2022,GLS,TX,ASW,CE,Federal Contract Tower,0,5,11,0,16,0,21,40,0,61,0,26,51,0,77,60,0,60,137
07/13/2022,GLS,TX,ASW,CE,Federal Contract Tower,0,2,13,0,15,0,21,36,8,65,0,23,49,8,80,74,0,74,154
07/14/2022,GLS,TX,ASW,CE,Federal Contract Tower,0,8,10,0,18,0,12,22,0,34,0,20,32,0,52,48,0,48,100
07/15/2022,GLS,TX,ASW,CE,Federal Contract Tower,0,6,8,0,14,0,4,14,0,18,0,10,22,0,32,78,0,78,110
07/16/2022,GLS,TX,ASW,CE,Federal Contract Tower,0,1,11,0,12,0,14,31,2,47,0,15,42,2,59,122,6,128,187
07/17/2022,GLS,TX,ASW,CE,Federal Contract Tower,0,4,10,0,14,0,10,61,0,71,0,14,71,0,85,80,0,80,165
07/18/2022,GLS,TX,ASW,CE,Federal Contract Tower,0,5,11,2,18,0,24,44,0,68,0,29,55,2,86,78,0,78,164
07/19/2022,GLS,TX,ASW,CE,Federal Contract Tower,0,4,5,0,9,0,19,72,0,91,0,23,77,0,100,68,0,68,168
07/20/2022,GLS,TX,ASW,CE,Federal Contract Tower,0,3,5,0,8,0,16,27,0,43,0,19,32,0,51,48,0,48,99
07/21/2022,GLS,TX,ASW,CE,Federal Contract Tower,0,5,10,0,15,0,27,46,2,75,0,32,56,2,90,106,4,110,200
07/22/2022,GLS,TX,ASW,CE,Federal Contract Tower,0,4,14,0,18,0,5,28,0,33,0,9,42,0,51,86,0,86,137
07/23/2022,GLS,TX,ASW,CE,Federal Contract Tower,0,3,6,0,9,0,9,41,0,50,0,12,47,0,59,96,0,96,155
07/24/2022,GLS,TX,ASW,CE,Federal Contract Tower,0,3,14,0,17,0,14,74,7,95,0,17,88,7,112,46,16,62,174
07/25/2022,GLS,TX,ASW,CE,Federal Contract Tower,0,6,11,4,21,0,21,37,4,62,0,27,48,8,83,50,16,66,149
07/26/2022,GLS,TX,ASW,CE,Federal Contract Tower,0,5,12,0,17,0,13,16,0,29,0,18,28,0,46,106,0,106,152
07/27/2022,GLS,TX,ASW,CE,Federal Contract Tower,0,5,11,0,16,0,20,43,1,64,0,25,54,1,80,102,0,102,182
07/28/2022,GLS,TX,ASW,CE,Federal Contract Tower,0,9,2,0,11,0,19,35,1,55,0,28,37,1,66,34,0,34,100
07/29/2022,GLS,TX,ASW,CE,Federal Contract Tower,0,4,6,0,10,0,9,29,0,38,0,13,35,0,48,98,0,98,146
07/30/2022,GLS,TX,ASW,CE,Federal Contract Tower,0,0,14,0,14,0,8,48,2,58,0,8,62,2,72,80,8,88,160
07/31/2022,GLS,TX,ASW,CE,Federal Contract Tower,0,3,16,1,20,0,13,80,0,93,0,16,96,1,113,52,0,52,165
08/01/2022,GLS,TX,ASW,CE,Federal Contract Tower,0,2,5,0,7,0,9,33,0,42,0,11,38,0,49,38,0,38,87
08/02/2022,GLS,TX,ASW,CE,Federal Contract Tower,0,6,5,0,11,0,5,45,0,50,0,11,50,0,61,116,0,116,177
08/03/2022,GLS,TX,ASW,CE,Federal Contract Tower,0,1,13,0,14,0,29,37,0,66,0,30,50,0,80,92,0,92,172
08/04/2022,GLS,TX,ASW,CE,Federal Contract Tower,0,6,14,0,20,0,19,29,0,48,0,25,43,0,68,56,0,56,124
08/05/2022,GLS,TX,ASW,CE,Federal Contract Tower,0,7,5,0,12,0,12,11,0,23,0,19,16,0,35,50,0,50,85
08/06/2022,GLS,TX,ASW,CE,Federal Contract Tower,0,0,5,0,5,0,5,10,0,15,0,5,15,0,20,34,0,34,54
08/07/2022,GLS,TX,ASW,CE,Federal Contract Tower,0,5,8,0,13,0,9,41,0,50,0,14,49,0,63,34,0,34,97
08/08/2022,GLS,TX,ASW,CE,Federal Contract Tower,0,0,25,0,25,0,17,55,0,72,0,17,80,0,97,72,0,72,169
08/09/2022,GLS,TX,ASW,CE,Federal Contract Tower,0,4,15,4,23,0,13,53,0,66,0,17,68,4,89,114,2,116,205
08/10/2022,GLS,TX,ASW,CE,Federal Contract Tower,0,1,6,0,7,0,26,39,2,67,0,27,45,2,74,66,6,72,146
08/11/2022,GLS,TX,ASW,CE,Federal Contract Tower,0,9,15,0,24,0,15,33,0,48,0,24,48,0,72,56,0,56,128
08/12/2022,GLS,TX,ASW,CE,Federal Contract Tower,0,6,17,0,23,0,10,55,0,65,0,16,72,0,88,60,0,60,148
08/13/2022,GLS,TX,ASW,CE,Federal Contract Tower,0,1,10,0,11,0,14,69,1,84,0,15,79,1,95,62,0,62,157
08/14/2022,GLS,TX,ASW,CE,Federal Contract Tower,0,6,3,0,9,0,5,74,0,79,0,11,77,0,88,36,0,36,124
08/15/2022,GLS,TX,ASW,CE,Federal Contract Tower,0,1,31,0,32,0,18,58,0,76,0,19,89,0,108,50,0,50,158
08/16/2022,GLS,TX,ASW,CE,Federal Contract Tower,0,5,9,0,14,0,12,37,0,49,0,17,46,0,63,10,0,10,73
08/17/2022,GLS,TX,ASW,CE,Federal Contract Tower,0,6,18,0,24,0,29,41,0,70,0,35,59,0,94,30,0,30,124
08/18/2022,GLS,TX,ASW,CE,Federal Contract Tower,0,5,6,2,13,0,15,35,0,50,0,20,41,2,63,56,0,56,119
08/19/2022,GLS,TX,ASW,CE,Federal Contract Tower,0,5,12,0,17,0,9,11,0,20,0,14,23,0,37,14,0,14,51
08/20/2022,GLS,TX,ASW,CE,Federal Contract Tower,0,0,10,0,10,0,5,22,0,27,0,5,32,0,37,44,0,44,81
08/21/2022,GLS,TX,ASW,CE,Federal Contract Tower,0,4,6,0,10,0,5,34,0,39,0,9,40,0,49,38,0,38,87
08/22/2022,GLS,TX,ASW,CE,Federal Contract Tower,0,0,8,0,8,0,9,14,0,23,0,9,22,0,31,10,0,10,41
08/23/2022,GLS,TX,ASW,CE,Federal Contract Tower,0,3,13,0,16,0,16,31,0,47,0,19,44,0,63,56,0,56,119
08/24/2022,GLS,TX,ASW,CE,Federal Contract Tower,0,1,7,0,8,0,14,6,0,20,0,15,13,0,28,16,0,16,44
08/25/2022,GLS,TX,ASW,CE,Federal Contract Tower,0,13,9,0,22,0,18,15,0,33,0,31,24,0,55,6,0,6,61
08/26/2022,GLS,TX,ASW,CE,Federal Contract Tower,0,4,15,0,19,0,9,26,2,37,0,13,41,2,56,38,18,56,112
08/27/2022,GLS,TX,ASW,CE,Federal Contract Tower,0,6,9,0,15,0,1,25,0,26,0,7,34,0,41,76,0,76,117
08/28/2022,GLS,TX,ASW,CE,Federal Contract Tower,0,6,10,0,16,0,0,53,1,54,0,6,63,1,70,88,2,90,160
08/29/2022,GLS,TX,ASW,CE,Federal Contract Tower,0,4,4,0,8,0,4,7,0,11,0,8,11,0,19,0,0,0,19
08/30/2022,GLS,TX,ASW,CE,Federal Contract Tower,0,3,16,0,19,0,12,26,0,38,0,15,42,0,57,48,0,48,105
08/31/2022,GLS,TX,ASW,CE,Federal Contract Tower,0,1,18,0,19,0,22,33,1,56,0,23,51,1,75,40,0,40,115
09/01/2022,GLS,TX,ASW,CE,Federal Contract Tower,0,8,12,0,20,0,15,31,0,46,0,23,43,0,66,32,0,32,98
09/02/2022,GLS,TX,ASW,CE,Federal Contract Tower,0,1,18,0,19,0,6,34,0,40,0,7,52,0,59,56,0,56,115
09/03/2022,GLS,TX,ASW,CE,Federal Contract Tower,0,0,15,0,15,0,0,19,0,19,0,0,34,0,34,48,0,48,82
09/04/2022,GLS,TX,ASW,CE,Federal Contract Tower,0,5,6,0,11,0,1,19,0,20,0,6,25,0,31,40,0,40,71
09/05/2022,GLS,TX,ASW,CE,Federal Contract Tower,0,0,10,0,10,0,10,49,0,59,0,10,59,0,69,70,0,70,139
09/06/2022,GLS,TX,ASW,CE,Federal Contract Tower,0,4,3,0,7,0,12,20,0,32,0,16,23,0,39,20,0,20,59
09/07/2022,GLS,TX,ASW,CE,Federal Contract Tower,0,6,15,0,21,0,14,66,0,80,0,20,81,0,101,86,0,86,187
09/08/2022,GLS,TX,ASW,CE,Federal Contract Tower,0,9,38,0,47,0,25,36,3,64,0,34,74,3,111,48,0,48,159
09/09/2022,GLS,TX,ASW,CE,Federal Contract Tower,0,4,31,0,35,0,13,45,2,60,0,17,76,2,95,94,8,102,197
09/10/2022,GLS,TX,ASW,CE,Federal Contract Tower,0,0,16,0,16,0,6,83,0,89,0,6,99,0,105,102,0,102,207
09/11/2022,GLS,TX,ASW,CE,Federal Contract Tower,0,3,12,0,15,0,11,63,0,74,0,14,75,0,89,76,18,94,183
09/12/2022,GLS,TX,ASW,CE,Federal Contract Tower,0,0,5,0,5,0,20,54,4,78,0,20,59,4,83,74,10,84,167
09/13/2022,GLS,TX,ASW,CE,Federal Contract Tower,0,4,9,2,15,0,29,40,0,69,0,33,49,2,84,60,0,60,144
09/14/2022,GLS,TX,ASW,CE,Federal Contract Tower,0,4,7,0,11,0,18,35,0,53,0,22,42,0,64,32,0,32,96
09/15/2022,GLS,TX,ASW,CE,Federal Contract Tower,0,4,11,3,18,0,14,24,1,39,0,18,35,4,57,44,0,44,101
09/16/2022,GLS,TX,ASW,CE,Federal Contract Tower,0,3,2,0,5,0,7,19,2,28,0,10,21,2,33,24,18,42,75
09/17/2022,GLS,TX,ASW,CE,Federal Contract Tower,0,0,15,0,15,0,6,56,0,62,0,6,71,0,77,100,4,104,181
09/18/2022,GLS,TX,ASW,CE,Federal Contract Tower,0,2,7,0,9,0,2,51,2,55,0,4,58,2,64,60,4,64,128
09/19/2022,GLS,TX,ASW,CE,Federal Contract Tower,0,3,1,6,10,0,19,37,0,56,0,22,38,6,66,26,0,26,92
09/20/2022,GLS,TX,ASW,CE,Federal Contract Tower,0,6,8,0,14,0,15,26,0,41,0,21,34,0,55,84,0,84,139
09/21/2022,GLS,TX,ASW,CE,Federal Contract Tower,0,2,5,0,7,0,23,49,0,72,0,25,54,0,79,76,0,76,155
09/22/2022,GLS,TX,ASW,CE,Federal Contract Tower,0,10,16,0,26,0,5,31,0,36,0,15,47,0,62,76,0,76,138
09/23/2022,GLS,TX,ASW,CE,Federal Contract Tower,0,6,33,0,39,0,19,31,0,50,0,25,64,0,89,56,0,56,145
09/24/2022,GLS,TX,ASW,CE,Federal Contract Tower,0,2,10,0,12,0,5,60,0,65,0,7,70,0,77,100,0,100,177
09/25/2022,GLS,TX,ASW,CE,Federal Contract Tower,0,4,6,2,12,0,8,47,0,55,0,12,53,2,67,72,0,72,139
09/26/2022,GLS,TX,ASW,CE,Federal Contract Tower,0,0,16,0,16,0,10,38,0,48,0,10,54,0,64,56,0,56,120
09/27/2022,GLS,TX,ASW,CE,Federal Contract Tower,0,6,10,0,16,0,14,23,2,39,0,20,33,2,55,14,6,20,75
09/28/2022,GLS,TX,ASW,CE,Federal Contract Tower,0,5,5,2,12,0,12,34,0,46,0,17,39,2,58,22,0,22,80
09/29/2022,GLS,TX,ASW,CE,Federal Contract Tower,0,4,4,0,8,0,10,32,0,42,0,14,36,0,50,62,0,62,112
09/30/2022,GLS,TX,ASW,CE,Federal Contract Tower,0,1,4,1,6,0,12,46,1,59,0,13,50,2,65,42,0,42,107
10/01/2022,GLS,TX,ASW,CE,Federal Contract Tower,0,4,12,0,16,0,11,43,0,54,0,15,55,0,70,74,4,78,148
10/02/2022,GLS,TX,ASW,CE,Federal Contract Tower,0,2,7,0,9,0,11,51,2,64,0,13,58,2,73,52,16,68,141
10/03/2022,GLS,TX,ASW,CE,Federal Contract Tower,0,0,11,0,11,0,15,45,0,60,0,15,56,0,71,60,0,60,131
10/04/2022,GLS,TX,ASW,CE,Federal Contract Tower,0,6,9,0,15,0,10,30,0,40,0,16,39,0,55,60,0,60,115
10/05/2022,GLS,TX,ASW,CE,Federal Contract Tower,0,0,22,0,22,0,15,38,0,53,0,15,60,0,75,56,0,56,131
10/06/2022,GLS,TX,ASW,CE,Federal Contract Tower,0,5,15,2,22,0,27,55,0,82,0,32,70,2,104,80,0,80,184
10/07/2022,GLS,TX,ASW,CE,Federal Contract Tower,0,5,13,0,18,0,13,43,2,58,0,18,56,2,76,68,8,76,152
10/08/2022,GLS,TX,ASW,CE,Federal Contract Tower,0,0,11,0,11,0,6,43,0,49,0,6,54,0,60,68,0,68,128
10/09/2022,GLS,TX,ASW,CE,Federal Contract Tower,0,7,8,0,15,0,24,88,0,112,0,31,96,0,127,64,0,64,191
10/10/2022,GLS,TX,ASW,CE,Federal Contract Tower,0,0,7,0,7,0,8,37,0,45,0,8,44,0,52,48,0,48,100
10/11/2022,GLS,TX,ASW,CE,Federal Contract Tower,0,6,9,2,17,0,14,30,0,44,0,20,39,2,61,70,0,70,131
10/12/2022,GLS,TX,ASW,CE,Federal Contract Tower,0,2,8,0,10,0,29,53,6,88,0,31,61,6,98,44,12,56,154
10/13/2022,GLS,TX,ASW,CE,Federal Contract Tower,0,4,9,0,13,0,10,23,4,37,0,14,32,4,50,56,4,60,110
10/14/2022,GLS,TX,ASW,CE,Federal Contract Tower,0,2,11,3,16,0,8,33,5,46,0,10,44,8,62,58,16,74,136
10/15/2022,GLS,TX,ASW,CE,Federal Contract Tower,0,2,10,1,13,0,6,54,3,63,0,8,64,4,76,118,4,122,198
10/16/2022,GLS,TX,ASW,CE,Federal Contract Tower,0,7,8,0,15,0,11,40,0,51,0,18,48,0,66,42,0,42,108
10/17/2022,GLS,TX,ASW,CE,Federal Contract Tower,0,11,7,0,18,0,7,12,0,19,0,18,19,0,37,12,0,12,49
10/18/2022,GLS,TX,ASW,CE,Federal Contract Tower,0,7,8,0,15,0,21,15,2,38,0,28,23,2,53,2,10,12,65
10/19/2022,GLS,TX,ASW,CE,Federal Contract Tower,0,6,7,0,13,0,13,38,4,55,0,19,45,4,68,52,6,58,126
10/20/2022,GLS,TX,ASW,CE,Federal Contract Tower,0,11,15,1,27,0,13,27,1,41,0,24,42,2,68,34,0,34,102
10/21/2022,GLS,TX,ASW,CE,Federal Contract Tower,0,3,6,0,9,0,13,33,2,48,0,16,39,2,57,46,6,52,109
10/22/2022,GLS,TX,ASW,CE,Federal Contract Tower,0,2,13,0,15,0,4,43,2,49,0,6,56,2,64,78,6,84,148
10/23/2022,GLS,TX,ASW,CE,Federal Contract Tower,0,9,6,0,15,0,7,39,0,46,0,16,45,0,61,56,6,62,123
10/24/2022,GLS,TX,ASW,CE,Federal Contract Tower,0,9,6,4,19,0,12,17,2,31,0,21,23,6,50,4,10,14,64
10/25/2022,GLS,TX,ASW,CE,Federal Contract Tower,0,5,1,0,6,0,10,16,0,26,0,15,17,0,32,2,0,2,34
10/26/2022,GLS,TX,ASW,CE,Federal Contract Tower,0,2,12,0,14,0,24,40,0,64,0,26,52,0,78,46,0,46,124
10/27/2022,GLS,TX,ASW,CE,Federal Contract Tower,0,5,16,0,21,0,16,51,2,69,0,21,67,2,90,48,0,48,138
10/28/2022,GLS,TX,ASW,CE,Federal Contract Tower,0,4,3,0,7,0,2,7,0,9,0,6,10,0,16,6,0,6,22
10/29/2022,GLS,TX,ASW,CE,Federal Contract Tower,0,5,6,0,11,0,14,24,0,38,0,19,30,0,49,54,0,54,103
10/30/2022,GLS,TX,ASW,CE,Federal Contract Tower,0,4,4,0,8,0,20,52,0,72,0,24,56,0,80,38,0,38,118
10/31/2022,GLS,TX,ASW,CE,Federal Contract Tower,0,4,5,0,9,0,19,64,0,83,0,23,69,0,92,80,0,80,172
11/01/2022,GLS,TX,ASW,CE,Federal Contract Tower,0,8,4,0,12,0,5,4,0,9,0,13,8,0,21,0,0,0,21
11/02/2022,GLS,TX,ASW,CE,Federal Contract Tower,0,2,13,1,16,0,25,33,7,65,0,27,46,8,81,30,0,30,111
11/03/2022,GLS,TX,ASW,CE,Federal Contract Tower,0,12,12,0,24,0,21,38,6,65,0,33,50,6,89,72,0,72,161
11/04/2022,GLS,TX,ASW,CE,Federal Contract Tower,0,0,16,2,18,0,5,33,1,39,0,5,49,3,57,24,0,24,81
11/05/2022,GLS,TX,ASW,CE,Federal Contract Tower,0,4,14,0,18,0,9,61,11,81,0,13,75,11,99,46,0,46,145
11/06/2022,GLS,TX,ASW,CE,Federal Contract Tower,0,7,17,0,24,0,4,59,0,63,0,11,76,0,87,56,0,56,143
11/07/2022,GLS,TX,ASW,CE,Federal Contract Tower,0,8,16,2,26,0,10,14,0,24,0,18,30,2,50,4,0,4,54
11/08/2022,GLS,TX,ASW,CE,Federal Contract Tower,0,6,11,0,17,0,19,45,0,64,0,25,56,0,81,82,0,82,163
11/09/2022,GLS,TX,ASW,CE,Federal Contract Tower,0,9,14,0,23,0,21,33,0,54,0,30,47,0,77,54,0,54,131
11/10/2022,GLS,TX,ASW,CE,Federal Contract Tower,0,5,18,3,26,0,24,48,2,74,0,29,66,5,100,74,4,78,178
11/11/2022,GLS,TX,ASW,CE,Federal Contract Tower,0,2,6,0,8,0,10,27,0,37,0,12,33,0,45,62,0,62,107
11/12/2022,GLS,TX,ASW,CE,Federal Contract Tower,0,2,9,0,11,0,4,18,1,23,0,6,27,1,34,8,0,8,42
11/13/2022,GLS,TX,ASW,CE,Federal Contract Tower,0,7,16,0,23,0,15,74,3,92,0,22,90,3,115,28,0,28,143
11/14/2022,GLS,TX,ASW,CE,Federal Contract Tower,0,4,3,8,15,0,8,7,2,17,0,12,10,10,32,2,0,2,34
11/15/2022,GLS,TX,ASW,CE,Federal Contract Tower,0,12,5,0,17,0,9,15,0,24,0,21,20,0,41,32,0,32,73
11/16/2022,GLS,TX,ASW,CE,Federal Contract Tower,0,3,12,1,16,0,19,24,3,46,0,22,36,4,62,28,0,28,90
11/17/2022,GLS,TX,ASW,CE,Federal Contract Tower,0,11,14,1,26,0,18,18,1,37,0,29,32,2,63,10,0,10,73
11/18/2022,GLS,TX,ASW,CE,Federal Contract Tower,0,3,10,0,13,0,19,35,1,55,0,22,45,1,68,34,42,76,144
11/19/2022,GLS,TX,ASW,CE,Federal Contract Tower,0,3,6,0,9,0,2,2,0,4,0,5,8,0,13,0,0,0,13
11/20/2022,GLS,TX,ASW,CE,Federal Contract Tower,0,1,10,0,11,0,20,57,0,77,0,21,67,0,88,76,0,76,164
11/21/2022,GLS,TX,ASW,CE,Federal Contract Tower,0,8,10,6,24,0,11,2,3,16,0,19,12,9,40,0,20,20,60
11/22/2022,GLS,TX,ASW,CE,Federal Contract Tower,0,4,7,2,13,0,6,12,0,18,0,10,19,2,31,8,0,8,39
11/23/2022,GLS,TX,ASW,CE,Federal Contract Tower,0,5,22,5,32,0,20,53,1,74,0,25,75,6,106,64,0,64,170
11/24/2022,GLS,TX,ASW,CE,Federal Contract Tower,0,12,0,0,12,0,0,0,0,0,0,12,0,0,12,0,0,0,12
11/25/2022,GLS,TX,ASW,CE,Federal Contract Tower,0,5,2,0,7,0,1,0,0,1,0,6,2,0,8,0,0,0,8
11/26/2022,GLS,TX,ASW,CE,Federal Contract Tower,0,7,3,0,10,0,8,26,2,36,0,15,29,2,46,18,2,20,66
11/27/2022,GLS,TX,ASW,CE,Federal Contract Tower,0,6,15,2,23,0,13,75,0,88,0,19,90,2,111,64,0,64,175
11/28/2022,GLS,TX,ASW,CE,Federal Contract Tower,0,5,12,0,17,0,26,68,0,94,0,31,80,0,111,78,0,78,189
11/29/2022,GLS,TX,ASW,CE,Federal Contract Tower,0,11,10,4,25,0,0,0,0,0,0,11,10,4,25,0,0,0,25
11/30/2022,GLS,TX,ASW,CE,Federal Contract Tower,0,11,5,0,16,0,24,27,2,53,0,35,32,2,69,24,0,24,93
12/01/2022,GLS,TX,ASW,CE,Federal Contract Tower,0,15,4,4,23,0,17,28,0,45,0,32,32,4,68,31,8,39,107
12/02/2022,GLS,TX,ASW,CE,Federal Contract Tower,0,3,18,0,21,0,7,8,0,15,0,10,26,0,36,8,0,8,44
12/03/2022,GLS,TX,ASW,CE,Federal Contract Tower,0,3,8,0,11,0,4,13,0,17,0,7,21,0,28,44,0,44,72
12/04/2022,GLS,TX,ASW,CE,Federal Contract Tower,0,8,15,0,23,0,2,0,0,2,0,10,15,0,25,0,0,0,25
12/05/2022,GLS,TX,ASW,CE,Federal Contract Tower,0,7,10,6,23,0,6,36,1,43,0,13,46,7,66,28,2,30,96
12/06/2022,GLS,TX,ASW,CE,Federal Contract Tower,0,9,23,1,33,0,20,47,9,76,0,29,70,10,109,76,20,96,205
12/07/2022,GLS,TX,ASW,CE,Federal Contract Tower,0,7,11,0,18,0,1,5,0,6,0,8,16,0,24,0,0,0,24
12/08/2022,GLS,TX,ASW,CE,Federal Contract Tower,0,9,7,0,16,0,5,9,0,14,0,14,16,0,30,18,0,18,48
12/09/2022,GLS,TX,ASW,CE,Federal Contract Tower,0,5,27,1,33,0,8,34,1,43,0,13,61,2,76,32,0,32,108
12/10/2022,GLS,TX,ASW,CE,Federal Contract Tower,0,1,14,0,15,0,4,24,0,28,0,5,38,0,43,20,0,20,63
12/11/2022,GLS,TX,ASW,CE,Federal Contract Tower,0,6,18,0,24,0,13,20,0,33,0,19,38,0,57,12,0,12,69
12/12/2022,GLS,TX,ASW,CE,Federal Contract Tower,0,14,12,8,34,0,8,6,0,14,0,22,18,8,48,0,0,0,48
12/13/2022,GLS,TX,ASW,CE,Federal Contract Tower,0,10,12,0,22,0,16,17,4,37,0,26,29,4,59,14,0,14,73
12/14/2022,GLS,TX,ASW,CE,Federal Contract Tower,0,4,8,1,13,0,15,23,5,43,0,19,31,6,56,18,2,20,76
12/15/2022,GLS,TX,ASW,CE,Federal Contract Tower,0,11,9,0,20,0,22,36,0,58,0,33,45,0,78,32,0,32,110
12/16/2022,GLS,TX,ASW,CE,Federal Contract Tower,0,4,20,0,24,0,9,50,2,61,0,13,70,2,85,78,0,78,163
12/17/2022,GLS,TX,ASW,CE,Federal Contract Tower,0,2,13,2,17,0,7,38,2,47,0,9,51,4,64,12,0,12,76
12/18/2022,GLS,TX,ASW,CE,Federal Contract Tower,0,7,20,0,27,0,10,55,0,65,0,17,75,0,92,64,0,64,156
12/19/2022,GLS,TX,ASW,CE,Federal Contract Tower,0,4,5,2,11,0,13,10,0,23,0,17,15,2,34,2,0,2,36
12/20/2022,GLS,TX,ASW,CE,Federal Contract Tower,0,9,20,0,29,0,5,4,0,9,0,14,24,0,38,0,0,0,38
12/21/2022,GLS,TX,ASW,CE,Federal Contract Tower,0,10,12,8,30,0,16,16,0,32,0,26,28,8,62,20,0,20,82
12/22/2022,GLS,TX,ASW,CE,Federal Contract Tower,0,11,11,0,22,0,8,11,0,19,0,19,22,0,41,10,0,10,51
12/23/2022,GLS,TX,ASW,CE,Federal Contract Tower,0,3,9,0,12,0,0,9,0,9,0,3,18,0,21,8,0,8,29
12/24/2022,GLS,TX,ASW,CE,Federal Contract Tower,0,0,8,0,8,0,2,23,0,25,0,2,31,0,33,34,0,34,67
12/25/2022,GLS,TX,ASW,CE,Federal Contract Tower,0,0,0,0,0,0,22,9,0,31,0,22,9,0,31,6,0,6,37
12/26/2022,GLS,TX,ASW,CE,Federal Contract Tower,0,4,9,0,13,0,24,42,4,70,0,28,51,4,83,40,18,58,141
12/27/2022,GLS,TX,ASW,CE,Federal Contract Tower,0,10,11,2,23,0,13,49,0,62,0,23,60,2,85,18,0,18,103
12/28/2022,GLS,TX,ASW,CE,Federal Contract Tower,0,9,8,0,17,0,12,51,0,63,0,21,59,0,80,58,0,58,138
12/30/2022,GLS,TX,ASW,CE,Federal Contract Tower,0,10,15,0,25,0,5,49,0,54,0,15,64,0,79,20,0,20,99
12/31/2022,GLS,TX,ASW,CE,Federal Contract Tower,0,0,17,0,17,0,9,22,0,31,0,9,39,0,48,0,0,0,48
01/01/2023,GLS,TX,ASW,CE,Federal Contract Tower,0,2,1,0,3,0,0,0,0,0,0,2,1,0,3,0,0,0,3
01/02/2023,GLS,TX,ASW,CE,Federal Contract Tower,0,5,11,0,16,0,0,0,0,0,0,5,11,0,16,0,0,0,16
01/03/2023,GLS,TX,ASW,CE,Federal Contract Tower,0,13,4,0,17,0,3,10,0,13,0,16,14,0,30,2,0,2,32
01/04/2023,GLS,TX,ASW,CE,Federal Contract Tower,0,4,17,3,24,0,20,62,1,83,0,24,79,4,107,58,0,58,165
01/05/2023,GLS,TX,ASW,CE,Federal Contract Tower,0,5,21,0,26,0,16,32,2,50,0,21,53,2,76,20,0,20,96
01/06/2023,GLS,TX,ASW,CE,Federal Contract Tower,0,2,28,8,38,0,17,53,4,74,0,19,81,12,112,48,24,72,184
01/07/2023,GLS,TX,ASW,CE,Federal Contract Tower,0,3,18,0,21,0,7,37,0,44,0,10,55,0,65,46,0,46,111
01/08/2023,GLS,TX,ASW,CE,Federal Contract Tower,0,3,1,0,4,0,6,12,0,18,0,9,13,0,22,2,2,4,26
01/09/2023,GLS,TX,ASW,CE,Federal Contract Tower,0,6,12,8,26,0,15,33,0,48,0,21,45,8,74,28,0,28,102
01/10/2023,GLS,TX,ASW,CE,Federal Contract Tower,0,8,28,6,42,0,5,5,0,10,0,13,33,6,52,0,0,0,52
01/11/2023,GLS,TX,ASW,CE,Federal Contract Tower,0,4,13,0,17,0,15,20,0,35,0,19,33,0,52,26,0,26,78
01/12/2023,GLS,TX,ASW,CE,Federal Contract Tower,0,8,13,0,21,0,6,26,0,32,0,14,39,0,53,12,0,12,65
01/13/2023,GLS,TX,ASW,CE,Federal Contract Tower,0,2,20,0,22,0,15,86,2,103,0,17,106,2,125,34,6,40,165
01/14/2023,GLS,TX,ASW,CE,Federal Contract Tower,0,3,12,0,15,0,7,119,0,126,0,10,131,0,141,74,0,74,215
01/15/2023,GLS,TX,ASW,CE,Federal Contract Tower,0,3,13,0,16,0,5,32,1,38,0,8,45,1,54,40,0,40,94
01/16/2023,GLS,TX,ASW,CE,Federal Contract Tower,0,3,19,1,23,0,19,39,0,58,0,22,58,1,81,18,0,18,99
01/17/2023,GLS,TX,ASW,CE,Federal Contract Tower,0,15,10,0,25,0,0,0,0,0,0,15,10,0,25,0,0,0,25
01/18/2023,GLS,TX,ASW,CE,Federal Contract Tower,0,11,11,3,25,0,12,12,1,25,0,23,23,4,50,10,0,10,60
01/19/2023,GLS,TX,ASW,CE,Federal Contract Tower,0,11,24,0,35,0,25,72,0,97,0,36,96,0,132,90,0,90,222
01/20/2023,GLS,TX,ASW,CE,Federal Contract Tower,0,7,17,0,24,0,12,23,0,35,0,19,40,0,59,4,0,4,63
01/21/2023,GLS,TX,ASW,CE,Federal Contract Tower,0,0,4,0,4,0,2,2,0,4,0,2,6,0,8,0,0,0,8
01/22/2023,GLS,TX,ASW,CE,Federal Contract Tower,0,5,11,0,16,0,15,105,2,122,0,20,116,2,138,136,0,136,274
01/23/2023,GLS,TX,ASW,CE,Federal Contract Tower,0,5,11,2,18,0,27,46,0,73,0,32,57,2,91,6,0,6,97
01/24/2023,GLS,TX,ASW,CE,Federal Contract Tower,0,4,5,0,9,0,0,0,0,0,0,4,5,0,9,0,0,0,9
01/25/2023,GLS,TX,ASW,CE,Federal Contract Tower,0,4,12,2,18,0,17,35,0,52,0,21,47,2,70,30,0,30,100
01/26/2023,GLS,TX,ASW,CE,Federal Contract Tower,0,7,15,0,22,0,14,54,2,70,0,21,69,2,92,46,6,52,144
01/27/2023,GLS,TX,ASW,CE,Federal Contract Tower,0,2,15,0,17,0,10,59,0,69,0,12,74,0,86,94,0,94,180
01/28/2023,GLS,TX,ASW,CE,Federal Contract Tower,0,2,7,1,10,0,6,7,1,14,0,8,14,2,24,20,10,30,54
01/29/2023,GLS,TX,ASW,CE,Federal Contract Tower,0,5,5,0,10,0,4,2,0,6,0,9,7,0,16,0,0,0,16
01/30/2023,GLS,TX,ASW,CE,Federal Contract Tower,0,10,0,0,10,0,0,0,0,0,0,10,0,0,10,0,0,0,10
01/31/2023,GLS,TX,ASW,CE,Federal Contract Tower,0,10,1,0,11,0,0,0,0,0,0,10,1,0,11,0,0,0,11
02/01/2023,GLS,TX,ASW,CE,Federal Contract Tower,0,12,2,0,14,0,0,0,0,0,0,12,2,0,14,0,0,0,14
02/02/2023,GLS,TX,ASW,CE,Federal Contract Tower,0,12,4,0,16,0,0,0,0,0,0,12,4,0,16,0,0,0,16
02/03/2023,GLS,TX,ASW,CE,Federal Contract Tower,0,4,14,2,20,0,8,35,0,43,0,12,49,2,63,50,4,54,117
02/04/2023,GLS,TX,ASW,CE,Federal Contract Tower,0,2,18,0,20,0,31,121,0,152,0,33,139,0,172,122,0,122,294
02/05/2023,GLS,TX,ASW,CE,Federal Contract Tower,0,6,9,0,15,0,9,96,0,105,0,15,105,0,120,116,0,116,236
02/06/2023,GLS,TX,ASW,CE,Federal Contract Tower,0,6,15,0,21,0,11,50,0,61,0,17,65,0,82,84,0,84,166
02/07/2023,GLS,TX,ASW,CE,Federal Contract Tower,0,9,18,0,27,0,13,14,0,27,0,22,32,0,54,50,0,50,104
02/08/2023,GLS,TX,ASW,CE,Federal Contract Tower,0,8,7,0,15,0,0,0,0,0,0,8,7,0,15,0,0,0,15
02/09/2023,GLS,TX,ASW,CE,Federal Contract Tower,0,15,14,10,39,0,13,67,3,83,0,28,81,13,122,64,16,80,202
02/10/2023,GLS,TX,ASW,CE,Federal Contract Tower,0,4,12,1,17,0,15,31,3,49,0,19,43,4,66,46,4,50,116
02/11/2023,GLS,TX,ASW,CE,Federal Contract Tower,0,1,11,0,12,0,8,32,2,42,0,9,43,2,54,62,2,64,118
02/12/2023,GLS,TX,ASW,CE,Federal Contract Tower,0,5,11,0,16,0,8,135,0,143,0,13,146,0,159,162,0,162,321
02/14/2023,GLS,TX,ASW,CE,Federal Contract Tower,0,4,5,0,9,0,0,10,0,10,0,4,15,0,19,18,0,18,37
02/15/2023,GLS,TX,ASW,CE,Federal Contract Tower,0,4,22,2,28,0,4,3,0,7,0,8,25,2,35,0,0,0,35
02/16/2023,GLS,TX,ASW,CE,Federal Contract Tower,0,6,7,0,13,0,9,14,0,23,0,15,21,0,36,0,0,0,36
02/17/2023,GLS,TX,ASW,CE,Federal Contract Tower,0,4,12,0,16,0,23,32,0,55,0,27,44,0,71,8,0,8,79
02/18/2023,GLS,TX,ASW,CE,Federal Contract Tower,0,2,21,4,27,0,6,71,1,78,0,8,92,5,105,86,0,86,191
02/19/2023,GLS,TX,ASW,CE,Federal Contract Tower,0,5,30,0,35,0,24,108,0,132,0,29,138,0,167,50,0,50,217
02/20/2023,GLS,TX,ASW,CE,Federal Contract Tower,0,8,12,0,20,0,12,25,1,38,0,20,37,1,58,10,2,12,70
02/21/2023,GLS,TX,ASW,CE,Federal Contract Tower,0,7,10,0,17,0,1,4,0,5,0,8,14,0,22,10,0,10,32
02/22/2023,GLS,TX,ASW,CE,Federal Contract Tower,0,5,6,0,11,0,0,0,0,0,0,5,6,0,11,0,0,0,11
02/23/2023,GLS,TX,ASW,CE,Federal Contract Tower,0,8,13,2,23,0,0,0,0,0,0,8,13,2,23,0,0,0,23
02/26/2023,GLS,TX,ASW,CE,Federal Contract Tower,0,8,14,0,22,0,12,59,0,71,0,20,73,0,93,44,0,44,137
02/27/2023,GLS,TX,ASW,CE,Federal Contract Tower,0,5,18,5,28,0,20,55,0,75,0,25,73,5,103,64,0,64,167
02/28/2023,GLS,TX,ASW,CE,Federal Contract Tower,0,6,10,2,18,0,0,7,0,7,0,6,17,2,25,40,0,40,65
03/01/2023,GLS,TX,ASW,CE,Federal Contract Tower,0,7,11,0,18,0,4,11,0,15,0,11,22,0,33,12,0,12,45
03/02/2023,GLS,TX,ASW,CE,Federal Contract Tower,0,6,9,3,18,0,8,17,10,35,0,14,26,13,53,6,16,22,75
03/03/2023,GLS,TX,ASW,CE,Federal Contract Tower,0,3,17,0,20,0,8,45,2,55,0,11,62,2,75,46,0,46,121
03/04/2023,GLS,TX,ASW,CE,Federal Contract Tower,0,4,10,0,14,0,6,108,0,114,0,10,118,0,128,126,0,126,254
03/05/2023,GLS,TX,ASW,CE,Federal Contract Tower,0,6,20,0,26,0,11,100,0,111,0,17,120,0,137,86,0,86,223
03/06/2023,GLS,TX,ASW,CE,Federal Contract Tower,0,7,15,1,23,0,5,16,2,23,0,12,31,3,46,16,0,16,62
03/07/2023,GLS,TX,ASW,CE,Federal Contract Tower,0,4,16,0,20,0,2,25,0,27,0,6,41,0,47,20,0,20,67
03/08/2023,GLS,TX,ASW,CE,Federal Contract Tower,0,6,22,0,28,0,1,16,0,17,0,7,38,0,45,4,0,4,49
03/09/2023,GLS,TX,ASW,CE,Federal Contract Tower,0,8,23,0,31,0,2,3,2,7,0,10,26,2,38,0,0,0,38
03/10/2023,GLS,TX,ASW,CE,Federal Contract Tower,0,12,28,0,40,0,6,69,2,77,0,18,97,2,117,66,4,70,187
03/11/2023,GLS,TX,ASW,CE,Federal Contract Tower,0,2,20,2,24,0,5,50,1,56,0,7,70,3,80,38,0,38,118
03/12/2023,GLS,TX,ASW,CE,Federal Contract Tower,0,2,16,0,18,0,5,85,2,92,0,7,101,2,110,50,2,52,162
03/13/2023,GLS,TX,ASW,CE,Federal Contract Tower,0,5,3,4,12,0,13,72,0,85,0,18,75,4,97,16,10,26,123
03/14/2023,GLS,TX,ASW,CE,Federal Contract Tower,0,3,13,0,16,0,7,45,0,52,0,10,58,0,68,56,0,56,124
03/15/2023,GLS,TX,ASW,CE,Federal Contract Tower,0,4,18,3,25,0,22,66,3,91,0,26,84,6,116,72,16,88,204
03/16/2023,GLS,TX,ASW,CE,Federal Contract Tower,0,3,10,6,19,0,18,44,0,62,0,21,54,6,81,14,2,16,97
03/17/2023,GLS,TX,ASW,CE,Federal Contract Tower,0,4,7,0,11,0,4,7,0,11,0,8,14,0,22,6,0,6,28
03/18/2023,GLS,TX,ASW,CE,Federal Contract Tower,0,0,9,1,10,0,7,47,5,59,0,7,56,6,69,36,6,42,111
03/19/2023,GLS,TX,ASW,CE,Federal Contract Tower,0,4,14,0,18,0,7,73,0,80,0,11,87,0,98,38,0,38,136
03/20/2023,GLS,TX,ASW,CE,Federal Contract Tower,0,0,6,0,6,0,15,71,0,86,0,15,77,0,92,60,0,60,152
03/21/2023,GLS,TX,ASW,CE,Federal Contract Tower,0,2,9,0,11,0,17,29,3,49,0,19,38,3,60,64,0,64,124
03/22/2023,GLS,TX,ASW,CE,Federal Contract Tower,0,0,9,2,11,0,23,49,5,77,0,23,58,7,88,96,14,110,198
03/23/2023,GLS,TX,ASW,CE,Federal Contract Tower,0,8,15,2,25,0,19,37,0,56,0,27,52,2,81,56,0,56,137
03/24/2023,GLS,TX,ASW,CE,Federal Contract Tower,0,5,15,4,24,0,9,2,2,13,0,14,17,6,37,8,0,8,45
03/25/2023,GLS,TX,ASW,CE,Federal Contract Tower,0,2,14,0,16,0,9,135,2,146,0,11,149,2,162,150,0,150,312
03/26/2023,GLS,TX,ASW,CE,Federal Contract Tower,0,4,16,0,20,0,0,10,0,10,0,4,26,0,30,0,0,0,30
03/27/2023,GLS,TX,ASW,CE,Federal Contract Tower,0,10,5,2,17,0,0,0,0,0,0,10,5,2,17,0,0,0,17
03/28/2023,GLS,TX,ASW,CE,Federal Contract Tower,0,3,15,0,18,0,14,11,2,27,0,17,26,2,45,4,8,12,57
03/29/2023,GLS,TX,ASW,CE,Federal Contract Tower,0,6,5,0,11,0,15,34,0,49,0,21,39,0,60,40,0,40,100
03/30/2023,GLS,TX,ASW,CE,Federal Contract Tower,0,4,24,4,32,0,8,10,0,18,0,12,34,4,50,4,0,4,54
03/31/2023,GLS,TX,ASW,CE,Federal Contract Tower,0,11,9,4,24,0,4,2,0,6,0,15,11,4,30,0,0,0,30
04/01/2023,GLS,TX,ASW,CE,Federal Contract Tower,0,4,20,0,24,0,5,65,4,74,0,9,85,4,98,68,6,74,172
04/02/2023,GLS,TX,ASW,CE,Federal Contract Tower,0,15,19,0,34,0,0,7,0,7,0,15,26,0,41,0,0,0,41
04/03/2023,GLS,TX,ASW,CE,Federal Contract Tower,0,6,15,6,27,0,0,16,0,16,0,6,31,6,43,12,0,12,55
04/04/2023,GLS,TX,ASW,CE,Federal Contract Tower,0,11,17,4,32,0,0,0,0,0,0,11,17,4,32,0,0,0,32
04/05/2023,GLS,TX,ASW,CE,Federal Contract Tower,0,4,7,0,11,0,4,13,0,17,0,8,20,0,28,34,0,34,62
04/06/2023,GLS,TX,ASW,CE,Federal Contract Tower,0,12,4,0,16,0,0,0,0,0,0,12,4,0,16,12,0,12,28
04/07/2023,GLS,TX,ASW,CE,Federal Contract Tower,0,6,4,0,10,0,0,0,0,0,0,6,4,0,10,0,0,0,10
04/09/2023,GLS,TX,ASW,CE,Federal Contract Tower,0,5,13,0,18,0,6,68,1,75,0,11,81,1,93,50,0,50,143
04/10/2023,GLS,TX,ASW,CE,Federal Contract Tower,0,3,21,0,24,0,5,39,0,44,0,8,60,0,68,24,0,24,92
04/11/2023,GLS,TX,ASW,CE,Federal Contract Tower,0,7,3,0,10,0,14,45,2,61,0,21,48,2,71,78,8,86,157
04/12/2023,GLS,TX,ASW,CE,Federal Contract Tower,0,0,25,1,26,0,19,75,1,95,0,19,100,2,121,77,0,77,198
04/13/2023,GLS,TX,ASW,CE,Federal Contract Tower,0,2,25,0,27,0,16,78,0,94,0,18,103,0,121,112,0,112,233
04/14/2023,GLS,TX,ASW,CE,Federal Contract Tower,0,4,38,6,48,0,11,69,0,80,0,15,107,6,128,74,0,74,202
04/15/2023,GLS,TX,ASW,CE,Federal Contract Tower,0,1,18,0,19,0,0,44,0,44,0,1,62,0,63,54,0,54,117
04/16/2023,GLS,TX,ASW,CE,Federal Contract Tower,0,4,15,5,24,0,11,88,1,100,0,15,103,6,124,84,0,84,208
04/17/2023,GLS,TX,ASW,CE,Federal Contract Tower,0,13,9,0,22,0,24,68,0,92,0,37,77,0,114,74,0,74,188
04/18/2023,GLS,TX,ASW,CE,Federal Contract Tower,0,2,15,2,19,0,10,43,0,53,0,12,58,2,72,110,0,110,182
04/19/2023,GLS,TX,ASW,CE,Federal Contract Tower,0,4,19,0,23,0,16,86,0,102,0,20,105,0,125,160,0,160,285
04/20/2023,GLS,TX,ASW,CE,Federal Contract Tower,0,7,15,2,24,0,11,27,0,38,0,18,42,2,62,50,2,52,114
04/21/2023,GLS,TX,ASW,CE,Federal Contract Tower,0,2,15,0,17,0,10,30,0,40,0,12,45,0,57,66,0,66,123
04/22/2023,GLS,TX,ASW,CE,Federal Contract Tower,0,4,10,0,14,0,9,94,0,103,0,13,104,0,117,58,0,58,175
04/23/2023,GLS,TX,ASW,CE,Federal Contract Tower,0,2,9,0,11,0,7,13,0,20,0,9,22,0,31,0,0,0,31
04/24/2023,GLS,TX,ASW,CE,Federal Contract Tower,0,11,4,0,15,0,11,64,0,75,0,22,68,0,90,50,6,56,146
04/25/2023,GLS,TX,ASW,CE,Federal Contract Tower,0,11,5,0,16,0,29,44,4,77,0,40,49,4,93,48,0,48,141
04/26/2023,GLS,TX,ASW,CE,Federal Contract Tower,0,10,14,0,24,0,20,42,0,62,0,30,56,0,86,50,0,50,136
04/27/2023,GLS,TX,ASW,CE,Federal Contract Tower,0,7,11,0,18,0,4,30,0,34,0,11,41,0,52,62,0,62,114
04/28/2023,GLS,TX,ASW,CE,Federal Contract Tower,0,6,11,0,17,0,6,61,2,69,0,12,72,2,86,66,14,80,166
04/29/2023,GLS,TX,ASW,CE,Federal Contract Tower,0,8,4,0,12,0,8,7,0,15,0,16,11,0,27,4,0,4,31
04/30/2023,GLS,TX,ASW,CE,Federal Contract Tower,0,9,13,0,22,0,1,151,0,152,0,10,164,0,174,78,0,78,252
05/01/2023,GLS,TX,ASW,CE,Federal Contract Tower,0,13,6,3,22,0,13,77,0,90,0,26,83,3,112,88,0,88,200
05/02/2023,GLS,TX,ASW,CE,Federal Contract Tower,0,9,21,0,30,0,15,33,0,48,0,24,54,0,78,32,0,32,110
05/03/2023,GLS,TX,ASW,CE,Federal Contract Tower,0,7,13,2,22,0,15,33,0,48,0,22,46,2,70,56,0,56,126
05/04/2023,GLS,TX,ASW,CE,Federal Contract Tower,0,2,13,0,15,0,19,31,0,50,0,21,44,0,65,22,0,22,87
05/05/2023,GLS,TX,ASW,CE,Federal Contract Tower,0,18,23,0,41,0,5,16,0,21,0,23,39,0,62,50,0,50,112
05/06/2023,GLS,TX,ASW,CE,Federal Contract Tower,0,6,29,0,35,0,1,15,0,16,0,7,44,0,51,40,0,40,91
05/07/2023,GLS,TX,ASW,CE,Federal Contract Tower,0,9,8,0,17,0,2,13,0,15,0,11,21,0,32,0,0,0,32
05/08/2023,GLS,TX,ASW,CE,Federal Contract Tower,0,8,7,0,15,0,0,22,0,22,0,8,29,0,37,8,0,8,45
05/09/2023,GLS,TX,ASW,CE,Federal Contract Tower,0,7,1,0,8,0,2,5,2,9,0,9,6,2,17,60,0,60,77
05/10/2023,GLS,TX,ASW,CE,Federal Contract Tower,0,6,2,0,8,0,9,9,0,18,0,15,11,0,26,4,0,4,30
05/11/2023,GLS,TX,ASW,CE,Federal Contract Tower,0,5,20,0,25,0,1,19,2,22,0,6,39,2,47,36,18,54,101
05/12/2023,GLS,TX,ASW,CE,Federal Contract Tower,0,11,22,2,35,0,4,12,2,18,0,15,34,4,53,62,6,68,121
05/13/2023,GLS,TX,ASW,CE,Federal Contract Tower,0,3,2,1,6,0,2,14,0,16,0,5,16,1,22,0,0,0,22
05/14/2023,GLS,TX,ASW,CE,Federal Contract Tower,0,6,9,0,15,0,4,8,0,12,0,10,17,0,27,2,0,2,29
05/15/2023,GLS,TX,ASW,CE,Federal Contract Tower,0,6,8,2,16,0,7,29,2,38,0,13,37,4,54,44,22,66,120
05/16/2023,GLS,TX,ASW,CE,Federal Contract Tower,0,9,9,0,18,0,16,53,2,71,0,25,62,2,89,36,4,40,129
05/17/2023,GLS,TX,ASW,CE,Federal Contract Tower,0,4,14,0,18,0,12,60,0,72,0,16,74,0,90,86,0,86,176
05/18/2023,GLS,TX,ASW,CE,Federal Contract Tower,0,11,4,0,15,0,19,70,0,89,0,30,74,0,104,58,0,58,162
05/19/2023,GLS,TX,ASW,CE,Federal Contract Tower,0,11,14,1,26,0,9,60,3,72,0,20,74,4,98,22,0,22,120
05/20/2023,GLS,TX,ASW,CE,Federal Contract Tower,0,6,19,0,25,0,9,73,2,84,0,15,92,2,109,112,0,112,221
05/21/2023,GLS,TX,ASW,CE,Federal Contract Tower,0,5,9,0,14,0,13,42,0,55,0,18,51,0,69,10,0,10,79
05/22/2023,GLS,TX,ASW,CE,Federal Contract Tower,0,7,12,0,19,0,10,67,0,77,0,17,79,0,96,76,0,76,172
05/23/2023,GLS,TX,ASW,CE,Federal Contract Tower,0,4,11,4,19,0,8,52,2,62,0,12,63,6,81,62,0,62,143
05/24/2023,GLS,TX,ASW,CE,Federal Contract Tower,0,5,9,6,20,0,15,51,0,66,0,20,60,6,86,66,0,66,152
05/25/2023,GLS,TX,ASW,CE,Federal Contract Tower,0,5,19,0,24,0,12,50,0,62,0,17,69,0,86,92,0,92,178
05/26/2023,GLS,TX,ASW,CE,Federal Contract Tower,0,8,19,2,29,0,8,81,1,90,0,16,100,3,119,118,0,118,237
05/27/2023,GLS,TX,ASW,CE,Federal Contract Tower,0,1,13,0,14,0,9,48,2,59,0,10,61,2,73,83,0,83,156
05/28/2023,GLS,TX,ASW,CE,Federal Contract Tower,0,7,5,0,12,0,12,63,0,75,0,19,68,0,87,78,0,78,165
05/29/2023,GLS,TX,ASW,CE,Federal Contract Tower,0,4,13,0,17,0,6,53,4,63,0,10,66,4,80,76,0,76,156
05/30/2023,GLS,TX,ASW,CE,Federal Contract Tower,0,3,12,0,15,0,7,34,0,41,0,10,46,0,56,44,0,44,100
05/31/2023,GLS,TX,ASW,CE,Federal Contract Tower,0,4,8,2,14,0,8,36,0,44,0,12,44,2,58,64,0,64,122
06/01/2023,GLS,TX,ASW,CE,Federal Contract Tower,0,7,38,2,47,0,11,39,2,52,0,18,77,4,99,78,8,86,185
06/02/2023,GLS,TX,ASW,CE,Federal Contract Tower,0,5,21,6,32,0,7,46,2,55,0,12,67,8,87,53,2,55,142
06/03/2023,GLS,TX,ASW,CE,Federal Contract Tower,0,0,11,0,11,0,4,60,2,66,0,4,71,2,77,56,4,60,137
06/04/2023,GLS,TX,ASW,CE,Federal Contract Tower,0,6,13,0,19,0,2,33,0,35,0,8,46,0,54,82,0,82,136
06/05/2023,GLS,TX,ASW,CE,Federal Contract Tower,0,3,6,2,11,0,12,19,0,31,0,15,25,2,42,8,0,8,50
06/06/2023,GLS,TX,ASW,CE,Federal Contract Tower,0,9,6,0,15,0,12,28,2,42,0,21,34,2,57,32,0,32,89
06/07/2023,GLS,TX,ASW,CE,Federal Contract Tower,0,5,13,0,18,0,19,45,0,64,0,24,58,0,82,74,0,74,156
06/08/2023,GLS,TX,ASW,CE,Federal Contract Tower,0,4,17,0,21,0,19,57,0,76,0,23,74,0,97,62,0,62,159
06/09/2023,GLS,TX,ASW,CE,Federal Contract Tower,0,5,20,0,25,0,17,29,0,46,0,22,49,0,71,102,0,102,173
06/10/2023,GLS,TX,ASW,CE,Federal Contract Tower,0,0,12,4,16,0,16,71,0,87,0,16,83,4,103,98,22,120,223
06/11/2023,GLS,TX,ASW,CE,Federal Contract Tower,0,2,34,5,41,0,9,91,4,104,0,11,125,9,145,100,8,108,253
06/12/2023,GLS,TX,ASW,CE,Federal Contract Tower,0,3,21,0,24,0,12,40,0,52,0,15,61,0,76,58,0,58,134
06/13/2023,GLS,TX,ASW,CE,Federal Contract Tower,0,1,11,0,12,0,22,57,0,79,0,23,68,0,91,82,0,82,173
06/14/2023,GLS,TX,ASW,CE,Federal Contract Tower,0,6,9,7,22,0,15,31,3,49,0,21,40,10,71,18,0,18,89
06/15/2023,GLS,TX,ASW,CE,Federal Contract Tower,0,7,9,2,18,0,12,36,0,48,0,19,45,2,66,38,0,38,104
06/16/2023,GLS,TX,ASW,CE,Federal Contract Tower,0,11,17,0,28,0,6,37,2,45,0,17,54,2,73,82,0,82,155
06/17/2023,GLS,TX,ASW,CE,Federal Contract Tower,0,2,10,0,12,0,12,57,0,69,0,14,67,0,81,82,0,82,163
06/18/2023,GLS,TX,ASW,CE,Federal Contract Tower,0,6,24,0,30,0,12,58,0,70,0,18,82,0,100,6,0,6,106
06/19/2023,GLS,TX,ASW,CE,Federal Contract Tower,0,7,13,0,20,0,19,58,0,77,0,26,71,0,97,68,0,68,165
06/20/2023,GLS,TX,ASW,CE,Federal Contract Tower,0,5,21,0,26,0,11,41,0,52,0,16,62,0,78,100,0,100,178
06/21/2023,GLS,TX,ASW,CE,Federal Contract Tower,0,3,16,0,19,0,25,37,0,62,0,28,53,0,81,70,0,70,151
06/22/2023,GLS,TX,ASW,CE,Federal Contract Tower,0,8,9,0,17,0,11,47,0,58,0,19,56,0,75,48,0,48,123
06/23/2023,GLS,TX,ASW,CE,Federal Contract Tower,0,5,17,3,25,0,6,29,0,35,0,11,46,3,60,60,0,60,120
06/24/2023,GLS,TX,ASW,CE,Federal Contract Tower,0,1,12,0,13,0,4,43,0,47,0,5,55,0,60,120,0,120,180
06/25/2023,GLS,TX,ASW,CE,Federal Contract Tower,0,7,19,0,26,0,11,114,0,125,0,18,133,0,151,50,0,50,201
06/26/2023,GLS,TX,ASW,CE,Federal Contract Tower,0,1,13,0,14,0,10,52,2,64,0,11,65,2,78,40,6,46,124
06/27/2023,GLS,TX,ASW,CE,Federal Contract Tower,0,9,10,0,19,0,3,40,0,43,0,12,50,0,62,64,0,64,126
06/28/2023,GLS,TX,ASW,CE,Federal Contract Tower,0,6,14,2,22,0,8,61,0,69,0,14,75,2,91,86,0,86,177
06/29/2023,GLS,TX,ASW,CE,Federal Contract Tower,0,13,10,0,23,0,18,36,0,54,0,31,46,0,77,34,0,34,111
06/30/2023,GLS,TX,ASW,CE,Federal Contract Tower,0,6,25,1,32,0,9,57,1,67,0,15,82,2,99,50,0,50,149
07/01/2023,GLS,TX,ASW,CE,Federal Contract Tower,0,11,18,0,29,0,9,38,0,47,0,20,56,0,76,44,0,44,120
07/02/2023,GLS,TX,ASW,CE,Federal Contract Tower,0,5,11,1,17,0,3,69,2,74,0,8,80,3,91,89,0,89,180
07/03/2023,GLS,TX,ASW,CE,Federal Contract Tower,0,7,2,0,9,0,3,61,4,68,0,10,63,4,77,80,8,88,165
07/04/2023,GLS,TX,ASW,CE,Federal Contract Tower,0,10,8,0,18,0,10,58,0,68,0,20,66,0,86,36,0,36,122
07/05/2023,GLS,TX,ASW,CE,Federal Contract Tower,0,6,5,0,11,0,15,38,0,53,0,21,43,0,64,38,0,38,102
07/06/2023,GLS,TX,ASW,CE,Federal Contract Tower,0,10,9,0,19,0,9,18,0,27,0,19,27,0,46,6,0,6,52
07/07/2023,GLS,TX,ASW,CE,Federal Contract Tower,0,6,4,0,10,0,3,17,0,20,0,9,21,0,30,14,0,14,44
07/08/2023,GLS,TX,ASW,CE,Federal Contract Tower,0,2,11,0,13,0,5,42,0,47,0,7,53,0,60,40,0,40,100
07/09/2023,GLS,TX,ASW,CE,Federal Contract Tower,0,13,12,0,25,0,3,60,2,65,0,16,72,2,90,36,8,44,134
07/10/2023,GLS,TX,ASW,CE,Federal Contract Tower,0,9,18,6,33,0,19,50,0,69,0,28,68,6,102,42,0,42,144
07/11/2023,GLS,TX,ASW,CE,Federal Contract Tower,0,4,4,2,10,0,4,31,0,35,0,8,35,2,45,38,0,38,83
07/12/2023,GLS,TX,ASW,CE,Federal Contract Tower,0,9,10,1,20,0,12,33,0,45,0,21,43,1,65,48,0,48,113
07/13/2023,GLS,TX,ASW,CE,Federal Contract Tower,0,10,20,0,30,0,3,59,0,62,0,13,79,0,92,46,0,46,138
07/14/2023,GLS,TX,ASW,CE,Federal Contract Tower,0,10,15,3,28,0,6,28,1,35,0,16,43,4,63,34,0,34,97
07/15/2023,GLS,TX,ASW,CE,Federal Contract Tower,0,8,24,0,32,0,8,75,0,83,0,16,99,0,115,74,0,74,189
07/16/2023,GLS,TX,ASW,CE,Federal Contract Tower,0,8,16,0,24,0,3,80,0,83,0,11,96,0,107,60,0,60,167
07/17/2023,GLS,TX,ASW,CE,Federal Contract Tower,0,6,9,9,24,0,4,46,1,51,0,10,55,10,75,52,0,52,127
07/18/2023,GLS,TX,ASW,CE,Federal Contract Tower,0,10,8,0,18,0,11,32,2,45,0,21,40,2,63,34,6,40,103
07/19/2023,GLS,TX,ASW,CE,Federal Contract Tower,0,6,9,0,15,0,26,37,0,63,0,32,46,0,78,92,0,92,170
07/20/2023,GLS,TX,ASW,CE,Federal Contract Tower,0,6,7,0,13,0,18,68,0,86,0,24,75,0,99,62,0,62,161
07/21/2023,GLS,TX,ASW,CE,Federal Contract Tower,0,8,15,0,23,0,5,50,0,55,0,13,65,0,78,80,0,80,158
07/22/2023,GLS,TX,ASW,CE,Federal Contract Tower,0,6,11,0,17,0,6,53,0,59,0,12,64,0,76,86,0,86,162
07/23/2023,GLS,TX,ASW,CE,Federal Contract Tower,0,6,11,0,17,0,6,50,0,56,0,12,61,0,73,52,0,52,125
07/24/2023,GLS,TX,ASW,CE,Federal Contract Tower,0,7,6,0,13,0,9,42,0,51,0,16,48,0,64,44,0,44,108
07/25/2023,GLS,TX,ASW,CE,Federal Contract Tower,0,12,10,3,25,0,8,44,0,52,0,20,54,3,77,16,0,16,93
07/26/2023,GLS,TX,ASW,CE,Federal Contract Tower,0,1,16,0,17,0,15,54,0,69,0,16,70,0,86,46,0,46,132
07/27/2023,GLS,TX,ASW,CE,Federal Contract Tower,0,7,13,0,20,0,20,66,0,86,0,27,79,0,106,70,0,70,176
07/28/2023,GLS,TX,ASW,CE,Federal Contract Tower,0,11,25,0,36,0,15,53,0,68,0,26,78,0,104,58,0,58,162
07/29/2023,GLS,TX,ASW,CE,Federal Contract Tower,0,6,29,0,35,0,5,57,0,62,0,11,86,0,97,78,0,78,175
07/30/2023,GLS,TX,ASW,CE,Federal Contract Tower,0,4,21,2,27,0,8,87,0,95,0,12,108,2,122,78,0,78,200
07/31/2023,GLS,TX,ASW,CE,Federal Contract Tower,0,7,6,2,15,0,13,48,0,61,0,20,54,2,76,68,0,68,144
08/01/2023,GLS,TX,ASW,CE,Federal Contract Tower,0,9,7,5,21,0,11,87,0,98,0,20,94,5,119,114,0,114,233
08/02/2023,GLS,TX,ASW,CE,Federal Contract Tower,0,4,19,0,23,0,9,54,0,63,0,13,73,0,86,68,0,68,154
08/03/2023,GLS,TX,ASW,CE,Federal Contract Tower,0,7,7,0,14,0,8,40,0,48,0,15,47,0,62,34,0,34,96
08/04/2023,GLS,TX,ASW,CE,Federal Contract Tower,0,2,17,0,19,0,3,19,2,24,0,5,36,2,43,34,26,60,103
08/05/2023,GLS,TX,ASW,CE,Federal Contract Tower,0,3,23,2,28,0,3,51,1,55,0,6,74,3,83,59,0,59,142
08/06/2023,GLS,TX,ASW,CE,Federal Contract Tower,0,8,14,0,22,0,7,81,2,90,0,15,95,2,112,26,0,26,138
08/07/2023,GLS,TX,ASW,CE,Federal Contract Tower,0,4,10,2,16,0,11,46,2,59,0,15,56,4,75,58,0,58,133
08/08/2023,GLS,TX,ASW,CE,Federal Contract Tower,0,26,13,2,41,0,17,61,4,82,0,43,74,6,123,76,2,78,201
08/09/2023,GLS,TX,ASW,CE,Federal Contract Tower,0,7,3,0,10,0,12,45,0,57,0,19,48,0,67,80,6,86,153
08/10/2023,GLS,TX,ASW,CE,Federal Contract Tower,0,10,8,0,18,0,24,70,6,100,0,34,78,6,118,38,16,54,172
08/11/2023,GLS,TX,ASW,CE,Federal Contract Tower,0,16,11,2,29,0,10,69,0,79,0,26,80,2,108,75,0,75,183
08/12/2023,GLS,TX,ASW,CE,Federal Contract Tower,0,4,10,0,14,0,6,81,0,87,0,10,91,0,101,92,0,92,193
08/13/2023,GLS,TX,ASW,CE,Federal Contract Tower,0,5,9,0,14,0,0,97,2,99,0,5,106,2,113,18,0,18,131
08/14/2023,GLS,TX,ASW,CE,Federal Contract Tower,0,5,12,0,17,0,5,43,0,48,0,10,55,0,65,52,0,52,117
08/15/2023,GLS,TX,ASW,CE,Federal Contract Tower,0,7,19,1,27,0,6,42,0,48,0,13,61,1,75,77,0,77,152
08/16/2023,GLS,TX,ASW,CE,Federal Contract Tower,0,7,16,0,23,0,7,64,0,71,0,14,80,0,94,42,0,42,136
08/17/2023,GLS,TX,ASW,CE,Federal Contract Tower,0,1,9,2,12,0,15,59,0,74,0,16,68,2,86,90,0,90,176
08/18/2023,GLS,TX,ASW,CE,Federal Contract Tower,0,9,15,2,26,0,2,36,0,38,0,11,51,2,64,46,0,46,110
08/19/2023,GLS,TX,ASW,CE,Federal Contract Tower,0,4,8,0,12,0,1,46,0,47,0,5,54,0,59,68,0,68,127
08/20/2023,GLS,TX,ASW,CE,Federal Contract Tower,0,4,4,0,8,0,3,78,0,81,0,7,82,0,89,44,0,44,133
08/21/2023,GLS,TX,ASW,CE,Federal Contract Tower,0,5,2,0,7,0,3,24,0,27,0,8,26,0,34,40,0,40,74
08/22/2023,GLS,TX,ASW,CE,Federal Contract Tower,0,8,4,0,12,0,7,16,0,23,0,15,20,0,35,12,0,12,47
08/23/2023,GLS,TX,ASW,CE,Federal Contract Tower,0,5,10,0,15,0,14,40,2,56,0,19,50,2,71,50,0,50,121
08/24/2023,GLS,TX,ASW,CE,Federal Contract Tower,0,12,12,0,24,0,11,38,4,53,0,23,50,4,77,52,0,52,129
08/25/2023,GLS,TX,ASW,CE,Federal Contract Tower,0,10,17,0,27,0,6,49,0,55,0,16,66,0,82,54,0,54,136
08/26/2023,GLS,TX,ASW,CE,Federal Contract Tower,0,0,10,0,10,0,1,58,0,59,0,1,68,0,69,130,0,130,199
08/27/2023,GLS,TX,ASW,CE,Federal Contract Tower,0,10,6,0,16,0,8,93,0,101,0,18,99,0,117,76,0,76,193
08/28/2023,GLS,TX,ASW,CE,Federal Contract Tower,0,8,11,6,25,0,13,53,2,68,0,21,64,8,93,50,6,56,149
08/29/2023,GLS,TX,ASW,CE,Federal Contract Tower,0,7,9,0,16,0,11,45,0,56,0,18,54,0,72,81,0,81,153
08/30/2023,GLS,TX,ASW,CE,Federal Contract Tower,0,6,4,0,10,0,15,51,4,70,0,21,55,4,80,82,4,86,166
08/31/2023,GLS,TX,ASW,CE,Federal Contract Tower,0,8,9,0,17,0,27,68,2,97,0,35,77,2,114,148,2,150,264
01/01/2020,GLS,TX,ASW,CE,Federal Contract Tower,0,4,15,0,19,0,10,4,0,14,0,14,19,0,33,0,0,0,33
01/02/2020,GLS,TX,ASW,CE,Federal Contract Tower,0,5,2,0,7,0,0,0,0,0,0,5,2,0,7,0,0,0,7
01/03/2020,GLS,TX,ASW,CE,Federal Contract Tower,0,6,1,0,7,0,23,26,0,49,0,29,27,0,56,14,0,14,70
01/04/2020,GLS,TX,ASW,CE,Federal Contract Tower,0,0,8,0,8,0,10,65,0,75,0,10,73,0,83,64,0,64,147
01/05/2020,GLS,TX,ASW,CE,Federal Contract Tower,0,1,16,0,17,0,13,64,0,77,0,14,80,0,94,50,0,50,144
01/06/2020,GLS,TX,ASW,CE,Federal Contract Tower,0,5,11,0,16,0,16,33,0,49,0,21,44,0,65,10,0,10,75
01/07/2020,GLS,TX,ASW,CE,Federal Contract Tower,0,4,5,4,13,0,20,29,2,51,0,24,34,6,64,14,4,18,82
01/08/2020,GLS,TX,ASW,CE,Federal Contract Tower,0,10,14,0,24,0,18,18,0,36,0,28,32,0,60,10,2,12,72
01/09/2020,GLS,TX,ASW,CE,Federal Contract Tower,0,4,16,0,20,0,21,13,2,36,0,25,29,2,56,12,0,12,68
01/10/2020,GLS,TX,ASW,CE,Federal Contract Tower,0,8,7,10,25,0,7,0,0,7,0,15,7,10,32,0,0,0,32
01/13/2020,GLS,TX,ASW,CE,Federal Contract Tower,0,4,1,0,5,0,0,0,0,0,0,4,1,0,5,0,0,0,5
01/14/2020,GLS,TX,ASW,CE,Federal Contract Tower,0,17,5,6,28,0,0,1,0,1,0,17,6,6,29,0,0,0,29
01/15/2020,GLS,TX,ASW,CE,Federal Contract Tower,0,9,15,0,24,0,9,0,0,9,0,18,15,0,33,0,0,0,33
01/16/2020,GLS,TX,ASW,CE,Federal Contract Tower,0,7,5,0,12,0,0,0,0,0,0,7,5,0,12,0,0,0,12
01/17/2020,GLS,TX,ASW,CE,Federal Contract Tower,0,4,5,6,15,0,0,0,0,0,0,4,5,6,15,0,0,0,15
01/18/2020,GLS,TX,ASW,CE,Federal Contract Tower,0,7,2,6,15,0,0,0,0,0,0,7,2,6,15,0,0,0,15
01/19/2020,GLS,TX,ASW,CE,Federal Contract Tower,0,1,2,0,3,0,10,28,4,42,0,11,30,4,45,8,0,8,53
01/20/2020,GLS,TX,ASW,CE,Federal Contract Tower,0,6,7,4,17,0,19,19,0,38,0,25,26,4,55,26,0,26,81
01/21/2020,GLS,TX,ASW,CE,Federal Contract Tower,0,7,9,3,19,0,30,26,0,56,0,37,35,3,75,24,0,24,99
01/22/2020,GLS,TX,ASW,CE,Federal Contract Tower,0,5,4,0,9,0,9,0,0,9,0,14,4,0,18,0,0,0,18
01/23/2020,GLS,TX,ASW,CE,Federal Contract Tower,0,7,10,2,19,0,21,10,0,31,0,28,20,2,50,8,0,8,58
01/24/2020,GLS,TX,ASW,CE,Federal Contract Tower,0,10,14,8,32,0,11,58,3,72,0,21,72,11,104,20,0,20,124
01/25/2020,GLS,TX,ASW,CE,Federal Contract Tower,0,3,17,0,20,0,9,41,0,50,0,12,58,0,70,34,0,34,104
01/26/2020,GLS,TX,ASW,CE,Federal Contract Tower,0,4,14,0,18,0,6,29,0,35,0,10,43,0,53,40,0,40,93
01/27/2020,GLS,TX,ASW,CE,Federal Contract Tower,0,4,6,7,17,0,8,7,3,18,0,12,13,10,35,20,0,20,55
01/28/2020,GLS,TX,ASW,CE,Federal Contract Tower,0,7,2,4,13,0,13,2,0,15,0,20,4,4,28,0,0,0,28
01/29/2020,GLS,TX,ASW,CE,Federal Contract Tower,0,5,5,0,10,0,18,20,0,38,0,23,25,0,48,2,0,2,50
01/30/2020,GLS,TX,ASW,CE,Federal Contract Tower,0,9,14,0,23,0,2,6,0,8,0,11,20,0,31,4,0,4,35
01/31/2020,GLS,TX,ASW,CE,Federal Contract Tower,0,4,7,3,14,0,20,24,3,47,0,24,31,6,61,16,18,34,95
02/01/2020,GLS,TX,ASW,CE,Federal Contract Tower,0,2,14,0,16,0,5,103,4,112,0,7,117,4,128,47,0,47,175
02/02/2020,GLS,TX,ASW,CE,Federal Contract Tower,0,1,6,4,11,0,26,36,0,62,0,27,42,4,73,20,0,20,93
02/03/2020,GLS,TX,ASW,CE,Federal Contract Tower,0,6,8,0,14,0,21,10,0,31,0,27,18,0,45,4,0,4,49
02/04/2020,GLS,TX,ASW,CE,Federal Contract Tower,0,9,4,0,13,0,3,2,0,5,0,12,6,0,18,2,0,2,20
02/05/2020,GLS,TX,ASW,CE,Federal Contract Tower,0,2,8,0,10,0,0,0,0,0,0,2,8,0,10,0,0,0,10
02/06/2020,GLS,TX,ASW,CE,Federal Contract Tower,0,9,5,0,14,0,20,9,0,29,0,29,14,0,43,0,0,0,43
02/07/2020,GLS,TX,ASW,CE,Federal Contract Tower,0,10,8,0,18,0,11,31,0,42,0,21,39,0,60,10,0,10,70
02/08/2020,GLS,TX,ASW,CE,Federal Contract Tower,0,4,18,2,24,0,5,77,0,82,0,9,95,2,106,61,0,61,167
02/09/2020,GLS,TX,ASW,CE,Federal Contract Tower,0,6,18,2,26,0,9,1,0,10,0,15,19,2,36,4,0,4,40
02/10/2020,GLS,TX,ASW,CE,Federal Contract Tower,0,4,3,0,7,0,0,0,0,0,0,4,3,0,7,0,0,0,7
02/11/2020,GLS,TX,ASW,CE,Federal Contract Tower,0,11,0,0,11,0,0,0,0,0,0,11,0,0,11,0,0,0,11
02/13/2020,GLS,TX,ASW,CE,Federal Contract Tower,0,7,14,0,21,0,8,45,2,55,0,15,59,2,76,20,0,20,96
02/14/2020,GLS,TX,ASW,CE,Federal Contract Tower,0,4,5,4,13,0,13,18,7,38,0,17,23,11,51,2,6,8,59
02/15/2020,GLS,TX,ASW,CE,Federal Contract Tower,0,1,13,0,14,0,7,52,0,59,0,8,65,0,73,18,0,18,91
02/16/2020,GLS,TX,ASW,CE,Federal Contract Tower,0,7,8,0,15,0,2,5,0,7,0,9,13,0,22,0,0,0,22
02/17/2020,GLS,TX,ASW,CE,Federal Contract Tower,0,4,10,0,14,0,0,0,0,0,0,4,10,0,14,0,0,0,14
02/18/2020,GLS,TX,ASW,CE,Federal Contract Tower,0,14,8,4,26,0,0,0,0,0,0,14,8,4,26,0,0,0,26
02/19/2020,GLS,TX,ASW,CE,Federal Contract Tower,0,8,7,2,17,0,1,0,0,1,0,9,7,2,18,2,0,2,20
02/20/2020,GLS,TX,ASW,CE,Federal Contract Tower,0,13,2,0,15,0,2,2,0,4,0,15,4,0,19,0,0,0,19
02/21/2020,GLS,TX,ASW,CE,Federal Contract Tower,0,9,19,0,28,0,38,40,4,82,0,47,59,4,110,4,10,14,124
02/22/2020,GLS,TX,ASW,CE,Federal Contract Tower,0,5,11,0,16,0,11,88,0,99,0,16,99,0,115,42,0,42,157
02/24/2020,GLS,TX,ASW,CE,Federal Contract Tower,0,5,3,0,8,0,6,3,0,9,0,11,6,0,17,0,0,0,17
02/25/2020,GLS,TX,ASW,CE,Federal Contract Tower,0,4,4,0,8,0,20,37,0,57,0,24,41,0,65,20,0,20,85
02/26/2020,GLS,TX,ASW,CE,Federal Contract Tower,0,2,5,0,7,0,9,0,2,11,0,11,5,2,18,0,6,6,24
02/27/2020,GLS,TX,ASW,CE,Federal Contract Tower,0,12,13,0,25,0,20,48,2,70,0,32,61,2,95,93,0,93,188
02/28/2020,GLS,TX,ASW,CE,Federal Contract Tower,0,5,7,1,13,0,13,57,3,73,0,18,64,4,86,61,3,64,150
02/29/2020,GLS,TX,ASW,CE,Federal Contract Tower,0,3,10,4,17,0,15,65,2,82,0,18,75,6,99,76,6,82,181
03/01/2020,GLS,TX,ASW,CE,Federal Contract Tower,0,3,13,0,16,0,12,24,0,36,0,15,37,0,52,32,0,32,84
03/02/2020,GLS,TX,ASW,CE,Federal Contract Tower,0,8,6,0,14,0,11,14,0,25,0,19,20,0,39,10,0,10,49
03/03/2020,GLS,TX,ASW,CE,Federal Contract Tower,0,7,14,0,21,0,0,3,0,3,0,7,17,0,24,0,0,0,24
03/04/2020,GLS,TX,ASW,CE,Federal Contract Tower,0,13,8,4,25,0,1,0,0,1,0,14,8,4,26,0,0,0,26
03/05/2020,GLS,TX,ASW,CE,Federal Contract Tower,0,5,20,1,26,0,34,18,0,52,0,39,38,1,78,32,0,32,110
03/06/2020,GLS,TX,ASW,CE,Federal Contract Tower,0,2,8,0,10,0,17,42,2,61,0,19,50,2,71,54,0,54,125
03/07/2020,GLS,TX,ASW,CE,Federal Contract Tower,0,3,16,8,27,0,7,51,4,62,0,10,67,12,89,30,0,30,119
03/08/2020,GLS,TX,ASW,CE,Federal Contract Tower,0,2,20,0,22,0,8,30,0,38,0,10,50,0,60,18,0,18,78
03/09/2020,GLS,TX,ASW,CE,Federal Contract Tower,0,4,25,2,31,0,22,8,0,30,0,26,33,2,61,0,0,0,61
03/10/2020,GLS,TX,ASW,CE,Federal Contract Tower,0,11,4,0,15,0,0,1,0,1,0,11,5,0,16,0,0,0,16
03/11/2020,GLS,TX,ASW,CE,Federal Contract Tower,0,7,4,4,15,0,0,0,0,0,0,7,4,4,15,0,0,0,15
03/12/2020,GLS,TX,ASW,CE,Federal Contract Tower,0,8,10,4,22,0,11,13,2,26,0,19,23,6,48,18,0,18,66
03/13/2020,GLS,TX,ASW,CE,Federal Contract Tower,0,9,19,0,28,0,0,2,0,2,0,9,21,0,30,0,0,0,30
03/14/2020,GLS,TX,ASW,CE,Federal Contract Tower,0,7,26,0,33,0,3,10,0,13,0,10,36,0,46,18,0,18,64
03/15/2020,GLS,TX,ASW,CE,Federal Contract Tower,0,2,18,0,20,0,2,0,0,2,0,4,18,0,22,0,0,0,22
03/16/2020,GLS,TX,ASW,CE,Federal Contract Tower,0,4,9,0,13,0,5,5,0,10,0,9,14,0,23,12,0,12,35
03/17/2020,GLS,TX,ASW,CE,Federal Contract Tower,0,9,2,0,11,0,0,0,0,0,0,9,2,0,11,0,0,0,11
03/18/2020,GLS,TX,ASW,CE,Federal Contract Tower,0,5,10,0,15,0,0,0,0,0,0,5,10,0,15,0,0,0,15
03/19/2020,GLS,TX,ASW,CE,Federal Contract Tower,0,3,7,3,13,0,22,9,1,32,0,25,16,4,45,18,0,18,63
03/20/2020,GLS,TX,ASW,CE,Federal Contract Tower,0,8,1,0,9,0,4,0,0,4,0,12,1,0,13,0,0,0,13
03/21/2020,GLS,TX,ASW,CE,Federal Contract Tower,0,17,2,0,19,0,0,0,0,0,0,17,2,0,19,0,0,0,19
03/22/2020,GLS,TX,ASW,CE,Federal Contract Tower,0,4,1,0,5,0,0,0,0,0,0,4,1,0,5,0,0,0,5
03/23/2020,GLS,TX,ASW,CE,Federal Contract Tower,0,6,4,0,10,0,9,9,0,18,0,15,13,0,28,24,0,24,52
03/24/2020,GLS,TX,ASW,CE,Federal Contract Tower,0,6,2,0,8,0,11,0,2,13,0,17,2,2,21,0,0,0,21
03/25/2020,GLS,TX,ASW,CE,Federal Contract Tower,0,14,6,6,26,0,4,2,0,6,0,18,8,6,32,0,0,0,32
03/26/2020,GLS,TX,ASW,CE,Federal Contract Tower,0,9,10,0,19,0,15,10,0,25,0,24,20,0,44,0,0,0,44
03/27/2020,GLS,TX,ASW,CE,Federal Contract Tower,0,1,9,0,10,0,6,36,6,48,0,7,45,6,58,8,8,16,74
03/28/2020,GLS,TX,ASW,CE,Federal Contract Tower,0,11,14,6,31,0,3,2,0,5,0,14,16,6,36,0,0,0,36
03/29/2020,GLS,TX,ASW,CE,Federal Contract Tower,0,4,4,0,8,0,14,31,0,45,0,18,35,0,53,0,0,0,53
03/30/2020,GLS,TX,ASW,CE,Federal Contract Tower,0,3,0,0,3,0,18,7,0,25,0,21,7,0,28,0,0,0,28
03/31/2020,GLS,TX,ASW,CE,Federal Contract Tower,0,0,6,0,6,0,19,21,0,40,0,19,27,0,46,12,0,12,58
04/01/2020,GLS,TX,ASW,CE,Federal Contract Tower,0,0,4,4,8,0,19,23,0,42,0,19,27,4,50,24,0,24,74
04/02/2020,GLS,TX,ASW,CE,Federal Contract Tower,0,0,4,0,4,0,31,6,2,39,0,31,10,2,43,0,0,0,43
04/03/2020,GLS,TX,ASW,CE,Federal Contract Tower,0,3,0,2,5,0,7,7,2,16,0,10,7,4,21,20,0,20,41
04/04/2020,GLS,TX,ASW,CE,Federal Contract Tower,0,10,8,0,18,0,0,0,0,0,0,10,8,0,18,0,0,0,18
04/05/2020,GLS,TX,ASW,CE,Federal Contract Tower,0,8,4,0,12,0,8,11,0,19,0,16,15,0,31,6,0,6,37
04/06/2020,GLS,TX,ASW,CE,Federal Contract Tower,0,0,0,4,4,0,2,0,0,2,0,2,0,4,6,0,0,0,6
04/07/2020,GLS,TX,ASW,CE,Federal Contract Tower,0,3,4,10,17,0,2,3,0,5,0,5,7,10,22,0,0,0,22
04/08/2020,GLS,TX,ASW,CE,Federal Contract Tower,0,12,6,0,18,0,11,19,0,30,0,23,25,0,48,40,0,40,88
04/09/2020,GLS,TX,ASW,CE,Federal Contract Tower,0,8,1,1,10,0,5,6,1,12,0,13,7,2,22,8,0,8,30
04/10/2020,GLS,TX,ASW,CE,Federal Contract Tower,0,4,9,0,13,0,11,6,0,17,0,15,15,0,30,0,0,0,30
04/11/2020,GLS,TX,ASW,CE,Federal Contract Tower,0,0,0,2,2,0,11,14,0,25,0,11,14,2,27,22,0,22,49
04/12/2020,GLS,TX,ASW,CE,Federal Contract Tower,0,7,5,0,12,0,0,0,0,0,0,7,5,0,12,0,0,0,12
04/13/2020,GLS,TX,ASW,CE,Federal Contract Tower,0,0,1,0,1,0,20,23,4,47,0,20,24,4,48,8,0,8,56
04/14/2020,GLS,TX,ASW,CE,Federal Contract Tower,0,6,0,4,10,0,18,22,0,40,0,24,22,4,50,34,0,34,84
04/15/2020,GLS,TX,ASW,CE,Federal Contract Tower,0,0,8,2,10,0,15,35,0,50,0,15,43,2,60,30,0,30,90
04/16/2020,GLS,TX,ASW,CE,Federal Contract Tower,0,0,4,0,4,0,10,35,0,45,0,10,39,0,49,18,0,18,67
04/17/2020,GLS,TX,ASW,CE,Federal Contract Tower,0,0,11,6,17,0,8,17,0,25,0,8,28,6,42,4,0,4,46
04/18/2020,GLS,TX,ASW,CE,Federal Contract Tower,0,2,6,0,8,0,0,0,0,0,0,2,6,0,8,0,0,0,8
04/19/2020,GLS,TX,ASW,CE,Federal Contract Tower,0,2,4,0,6,0,0,2,0,2,0,2,6,0,8,0,0,0,8
04/20/2020,GLS,TX,ASW,CE,Federal Contract Tower,0,0,12,0,12,0,6,8,0,14,0,6,20,0,26,4,0,4,30
04/21/2020,GLS,TX,ASW,CE,Federal Contract Tower,0,1,13,0,14,0,13,37,2,52,0,14,50,2,66,18,0,18,84
04/22/2020,GLS,TX,ASW,CE,Federal Contract Tower,0,0,9,8,17,0,7,1,0,8,0,7,10,8,25,0,0,0,25
04/23/2020,GLS,TX,ASW,CE,Federal Contract Tower,0,0,9,0,9,0,5,13,2,20,0,5,22,2,29,8,0,8,37
04/24/2020,GLS,TX,ASW,CE,Federal Contract Tower,0,0,14,0,14,0,0,4,45,49,0,0,18,45,63,24,0,24,87
04/25/2020,GLS,TX,ASW,CE,Federal Contract Tower,0,0,4,0,4,0,14,67,0,81,0,14,71,0,85,10,0,10,95
04/26/2020,GLS,TX,ASW,CE,Federal Contract Tower,0,1,11,0,12,0,11,66,0,77,0,12,77,0,89,32,0,32,121
04/27/2020,GLS,TX,ASW,CE,Federal Contract Tower,0,8,10,0,18,0,16,24,0,40,0,24,34,0,58,48,0,48,106
04/28/2020,GLS,TX,ASW,CE,Federal Contract Tower,0,12,3,0,15,0,4,1,0,5,0,16,4,0,20,0,0,0,20
04/29/2020,GLS,TX,ASW,CE,Federal Contract Tower,0,2,0,2,4,0,5,12,0,17,0,7,12,2,21,12,0,12,33
04/30/2020,GLS,TX,ASW,CE,Federal Contract Tower,0,1,12,0,13,0,12,47,0,59,0,13,59,0,72,28,0,28,100
05/01/2020,GLS,TX,ASW,CE,Federal Contract Tower,0,0,8,0,8,0,6,51,0,57,0,6,59,0,65,32,0,32,97
05/02/2020,GLS,TX,ASW,CE,Federal Contract Tower,0,2,13,0,15,0,8,34,2,44,0,10,47,2,59,52,10,62,121
05/03/2020,GLS,TX,ASW,CE,Federal Contract Tower,0,0,2,2,4,0,10,55,1,66,0,10,57,3,70,96,0,96,166
05/04/2020,GLS,TX,ASW,CE,Federal Contract Tower,0,0,11,0,11,0,14,24,0,38,0,14,35,0,49,44,0,44,93
05/05/2020,GLS,TX,ASW,CE,Federal Contract Tower,0,0,14,2,16,0,15,7,6,28,0,15,21,8,44,8,0,8,52
05/06/2020,GLS,TX,ASW,CE,Federal Contract Tower,0,3,3,0,6,0,10,17,2,29,0,13,20,2,35,10,0,10,45
05/07/2020,GLS,TX,ASW,CE,Federal Contract Tower,0,1,15,0,16,0,13,17,0,30,0,14,32,0,46,40,0,40,86
05/08/2020,GLS,TX,ASW,CE,Federal Contract Tower,0,0,6,0,6,0,5,4,0,9,0,5,10,0,15,0,0,0,15
05/09/2020,GLS,TX,ASW,CE,Federal Contract Tower,0,0,4,0,4,0,4,24,0,28,0,4,28,0,32,40,0,40,72
05/10/2020,GLS,TX,ASW,CE,Federal Contract Tower,0,0,9,0,9,0,10,44,2,56,0,10,53,2,65,42,10,52,117
05/11/2020,GLS,TX,ASW,CE,Federal Contract Tower,0,3,20,0,23,0,8,40,0,48,0,11,60,0,71,60,0,60,131
05/12/2020,GLS,TX,ASW,CE,Federal Contract Tower,0,2,23,0,25,0,8,24,0,32,0,10,47,0,57,12,0,12,69
05/13/2020,GLS,TX,ASW,CE,Federal Contract Tower,0,0,7,0,7,0,13,19,2,34,0,13,26,2,41,2,0,2,43
05/14/2020,GLS,TX,ASW,CE,Federal Contract Tower,0,4,6,0,10,0,15,7,0,22,0,19,13,0,32,16,0,16,48
05/15/2020,GLS,TX,ASW,CE,Federal Contract Tower,0,1,3,0,4,0,25,3,0,28,0,26,6,0,32,10,0,10,42
05/16/2020,GLS,TX,ASW,CE,Federal Contract Tower,0,1,4,0,5,0,19,7,2,28,0,20,11,2,33,16,0,16,49
05/17/2020,GLS,TX,ASW,CE,Federal Contract Tower,0,7,6,0,13,0,12,35,0,47,0,19,41,0,60,88,0,88,148
05/18/2020,GLS,TX,ASW,CE,Federal Contract Tower,0,4,13,2,19,0,10,42,0,52,0,14,55,2,71,32,0,32,103
05/19/2020,GLS,TX,ASW,CE,Federal Contract Tower,0,4,19,0,23,0,29,26,0,55,0,33,45,0,78,12,0,12,90
05/20/2020,GLS,TX,ASW,CE,Federal Contract Tower,0,7,19,0,26,0,15,44,0,59,0,22,63,0,85,40,0,40,125
05/21/2020,GLS,TX,ASW,CE,Federal Contract Tower,0,6,18,0,24,0,8,28,0,36,0,14,46,0,60,50,0,50,110
05/22/2020,GLS,TX,ASW,CE,Federal Contract Tower,0,0,18,0,18,0,6,30,2,38,0,6,48,2,56,46,4,50,106
05/23/2020,GLS,TX,ASW,CE,Federal Contract Tower,0,2,6,0,8,0,14,33,0,47,0,16,39,0,55,86,0,86,141
05/24/2020,GLS,TX,ASW,CE,Federal Contract Tower,0,8,7,0,15,0,11,31,0,42,0,19,38,0,57,40,0,40,97
05/25/2020,GLS,TX,ASW,CE,Federal Contract Tower,0,6,9,0,15,0,9,26,0,35,0,15,35,0,50,66,0,66,116
05/26/2020,GLS,TX,ASW,CE,Federal Contract Tower,0,5,7,0,12,0,10,33,0,43,0,15,40,0,55,69,0,69,124
05/27/2020,GLS,TX,ASW,CE,Federal Contract Tower,0,9,10,0,19,0,23,29,0,52,0,32,39,0,71,12,0,12,83
05/28/2020,GLS,TX,ASW,CE,Federal Contract Tower,0,5,12,0,17,0,12,10,2,24,0,17,22,2,41,16,14,30,71
05/29/2020,GLS,TX,ASW,CE,Federal Contract Tower,0,1,16,0,17,0,5,36,0,41,0,6,52,0,58,68,0,68,126
05/30/2020,GLS,TX,ASW,CE,Federal Contract Tower,0,2,22,0,24,0,7,62,0,69,0,9,84,0,93,72,0,72,165
05/31/2020,GLS,TX,ASW,CE,Federal Contract Tower,0,2,6,0,8,0,4,13,0,17,0,6,19,0,25,0,0,0,25
06/01/2020,GLS,TX,ASW,CE,Federal Contract Tower,0,0,3,0,3,0,15,26,0,41,0,15,29,0,44,36,0,36,80
06/02/2020,GLS,TX,ASW,CE,Federal Contract Tower,0,4,19,0,23,0,20,31,0,51,0,24,50,0,74,68,0,68,142
06/03/2020,GLS,TX,ASW,CE,Federal Contract Tower,0,3,7,2,12,0,16,13,0,29,0,19,20,2,41,2,0,2,43
06/04/2020,GLS,TX,ASW,CE,Federal Contract Tower,0,0,6,2,8,0,14,28,0,42,0,14,34,2,50,64,0,64,114
06/05/2020,GLS,TX,ASW,CE,Federal Contract Tower,0,10,23,0,33,0,14,45,0,59,0,24,68,0,92,66,0,66,158
06/06/2020,GLS,TX,ASW,CE,Federal Contract Tower,0,10,12,2,24,0,9,53,6,68,0,19,65,8,92,28,6,34,126
06/07/2020,GLS,TX,ASW,CE,Federal Contract Tower,0,0,10,0,10,0,14,65,0,79,0,14,75,0,89,8,0,8,97
06/08/2020,GLS,TX,ASW,CE,Federal Contract Tower,0,13,8,0,21,0,8,10,0,18,0,21,18,0,39,0,0,0,39
06/09/2020,GLS,TX,ASW,CE,Federal Contract Tower,0,9,15,0,24,0,12,19,2,33,0,21,34,2,57,24,0,24,81
06/10/2020,GLS,TX,ASW,CE,Federal Contract Tower,0,9,7,0,16,0,10,29,2,41,0,19,36,2,57,16,0,16,73
06/11/2020,GLS,TX,ASW,CE,Federal Contract Tower,0,2,12,2,16,0,13,55,4,72,0,15,67,6,88,46,14,60,148
06/12/2020,GLS,TX,ASW,CE,Federal Contract Tower,0,2,23,6,31,0,15,42,0,57,0,17,65,6,88,110,0,110,198
06/13/2020,GLS,TX,ASW,CE,Federal Contract Tower,0,4,7,6,17,0,10,58,0,68,0,14,65,6,85,110,4,114,199
06/14/2020,GLS,TX,ASW,CE,Federal Contract Tower,0,6,21,0,27,0,7,49,0,56,0,13,70,0,83,85,0,85,168
06/15/2020,GLS,TX,ASW,CE,Federal Contract Tower,0,0,8,0,8,0,23,19,0,42,0,23,27,0,50,42,0,42,92
06/16/2020,GLS,TX,ASW,CE,Federal Contract Tower,0,0,14,0,14,0,20,33,2,55,0,20,47,2,69,30,0,30,99
06/17/2020,GLS,TX,ASW,CE,Federal Contract Tower,0,4,11,0,15,0,9,35,0,44,0,13,46,0,59,56,0,56,115
06/18/2020,GLS,TX,ASW,CE,Federal Contract Tower,0,2,18,2,22,0,7,41,4,52,0,9,59,6,74,79,0,79,153
06/19/2020,GLS,TX,ASW,CE,Federal Contract Tower,0,2,14,0,16,0,14,61,2,77,0,16,75,2,93,82,0,82,175
06/20/2020,GLS,TX,ASW,CE,Federal Contract Tower,0,1,7,6,14,0,14,35,0,49,0,15,42,6,63,16,0,16,79
06/21/2020,GLS,TX,ASW,CE,Federal Contract Tower,0,1,6,0,7,0,12,25,0,37,0,13,31,0,44,34,0,34,78
06/22/2020,GLS,TX,ASW,CE,Federal Contract Tower,0,1,5,0,6,0,8,11,0,19,0,9,16,0,25,12,0,12,37
06/23/2020,GLS,TX,ASW,CE,Federal Contract Tower,0,2,9,0,11,0,15,10,0,25,0,17,19,0,36,10,0,10,46
06/24/2020,GLS,TX,ASW,CE,Federal Contract Tower,0,6,6,0,12,0,14,10,0,24,0,20,16,0,36,2,0,2,38
06/25/2020,GLS,TX,ASW,CE,Federal Contract Tower,0,2,6,0,8,0,17,2,0,19,0,19,8,0,27,6,0,6,33
06/26/2020,GLS,TX,ASW,CE,Federal Contract Tower,0,0,17,2,19,0,4,2,0,6,0,4,19,2,25,8,0,8,33
06/27/2020,GLS,TX,ASW,CE,Federal Contract Tower,0,3,4,0,7,0,13,21,2,36,0,16,25,2,43,98,0,98,141
06/28/2020,GLS,TX,ASW,CE,Federal Contract Tower,0,2,9,0,11,0,12,24,0,36,0,14,33,0,47,74,0,74,121
06/29/2020,GLS,TX,ASW,CE,Federal Contract Tower,0,6,15,1,22,0,17,16,3,36,0,23,31,4,58,36,6,42,100
06/30/2020,GLS,TX,ASW,CE,Federal Contract Tower,0,9,29,0,38,0,25,17,0,42,0,34,46,0,80,42,0,42,122
07/01/2020,GLS,TX,ASW,CE,Federal Contract Tower,0,8,13,12,33,0,17,16,0,33,0,25,29,12,66,18,0,18,84
07/02/2020,GLS,TX,ASW,CE,Federal Contract Tower,0,7,9,0,16,0,11,18,4,33,0,18,27,4,49,60,0,60,109
07/03/2020,GLS,TX,ASW,CE,Federal Contract Tower,0,8,10,2,20,0,14,31,0,45,0,22,41,2,65,40,0,40,105
07/04/2020,GLS,TX,ASW,CE,Federal Contract Tower,0,5,7,0,12,0,7,34,0,41,0,12,41,0,53,52,0,52,105
07/05/2020,GLS,TX,ASW,CE,Federal Contract Tower,0,1,13,4,18,0,13,31,1,45,0,14,44,5,63,54,0,54,117
07/06/2020,GLS,TX,ASW,CE,Federal Contract Tower,0,6,1,0,7,0,16,12,0,28,0,22,13,0,35,36,0,36,71
07/07/2020,GLS,TX,ASW,CE,Federal Contract Tower,0,9,10,6,25,0,16,37,0,53,0,25,47,6,78,20,0,20,98
07/08/2020,GLS,TX,ASW,CE,Federal Contract Tower,0,14,10,0,24,0,26,39,0,65,0,40,49,0,89,32,0,32,121
07/09/2020,GLS,TX,ASW,CE,Federal Contract Tower,0,12,10,2,24,0,7,29,2,38,0,19,39,4,62,44,0,44,106
07/10/2020,GLS,TX,ASW,CE,Federal Contract Tower,0,5,8,0,13,0,11,27,0,38,0,16,35,0,51,52,0,52,103
07/11/2020,GLS,TX,ASW,CE,Federal Contract Tower,0,2,13,4,19,0,17,76,0,93,0,19,89,4,112,84,4,88,200
07/12/2020,GLS,TX,ASW,CE,Federal Contract Tower,0,0,14,0,14,0,12,30,0,42,0,12,44,0,56,16,0,16,72
07/13/2020,GLS,TX,ASW,CE,Federal Contract Tower,0,0,11,3,14,0,28,20,2,50,0,28,31,5,64,34,0,34,98
07/14/2020,GLS,TX,ASW,CE,Federal Contract Tower,0,2,12,0,14,0,38,25,0,63,0,40,37,0,77,32,0,32,109
07/15/2020,GLS,TX,ASW,CE,Federal Contract Tower,0,2,11,1,14,0,29,33,6,68,0,31,44,7,82,20,12,32,114
07/16/2020,GLS,TX,ASW,CE,Federal Contract Tower,0,2,18,2,22,0,13,20,0,33,0,15,38,2,55,0,0,0,55
07/17/2020,GLS,TX,ASW,CE,Federal Contract Tower,0,7,4,0,11,0,12,19,0,31,0,19,23,0,42,60,0,60,102
07/18/2020,GLS,TX,ASW,CE,Federal Contract Tower,0,6,7,0,13,0,24,26,0,50,0,30,33,0,63,6,0,6,69
07/19/2020,GLS,TX,ASW,CE,Federal Contract Tower,0,17,12,2,31,0,14,31,0,45,0,31,43,2,76,18,0,18,94
07/20/2020,GLS,TX,ASW,CE,Federal Contract Tower,0,13,3,0,16,0,18,11,0,29,0,31,14,0,45,8,0,8,53
07/21/2020,GLS,TX,ASW,CE,Federal Contract Tower,0,15,2,4,21,0,18,10,8,36,0,33,12,12,57,2,10,12,69
07/22/2020,GLS,TX,ASW,CE,Federal Contract Tower,0,6,15,0,21,0,16,23,0,39,0,22,38,0,60,40,0,40,100
07/23/2020,GLS,TX,ASW,CE,Federal Contract Tower,0,3,3,0,6,0,19,47,2,68,0,22,50,2,74,14,0,14,88
07/24/2020,GLS,TX,ASW,CE,Federal Contract Tower,0,1,6,3,10,0,0,4,1,5,0,1,10,4,15,0,14,14,29
07/25/2020,GLS,TX,ASW,CE,Federal Contract Tower,0,0,0,0,0,0,0,0,0,0,0,0,0,0,0,0,0,0,0
07/26/2020,GLS,TX,ASW,CE,Federal Contract Tower,0,14,10,0,24,0,14,14,0,28,0,28,24,0,52,8,0,8,60
07/27/2020,GLS,TX,ASW,CE,Federal Contract Tower,0,15,4,0,19,0,15,10,2,27,0,30,14,2,46,24,0,24,70
07/28/2020,GLS,TX,ASW,CE,Federal Contract Tower,0,5,2,0,7,0,12,2,1,15,0,17,4,1,22,9,0,9,31
07/29/2020,GLS,TX,ASW,CE,Federal Contract Tower,0,10,8,0,18,0,18,6,0,24,0,28,14,0,42,10,0,10,52
07/30/2020,GLS,TX,ASW,CE,Federal Contract Tower,0,11,15,2,28,0,26,29,0,55,0,37,44,2,83,60,0,60,143
07/31/2020,GLS,TX,ASW,CE,Federal Contract Tower,0,5,11,2,18,0,13,25,2,40,0,18,36,4,58,92,0,92,150
08/01/2020,GLS,TX,ASW,CE,Federal Contract Tower,0,7,4,0,11,0,8,15,0,23,0,15,19,0,34,42,0,42,76
08/02/2020,GLS,TX,ASW,CE,Federal Contract Tower,0,2,7,0,9,0,19,57,2,78,0,21,64,2,87,110,0,110,197
08/03/2020,GLS,TX,ASW,CE,Federal Contract Tower,0,4,12,0,16,0,23,17,0,40,0,27,29,0,56,32,0,32,88
08/04/2020,GLS,TX,ASW,CE,Federal Contract Tower,0,2,13,0,15,0,22,37,2,61,0,24,50,2,76,104,0,104,180
08/05/2020,GLS,TX,ASW,CE,Federal Contract Tower,0,8,19,2,29,0,14,19,0,33,0,22,38,2,62,52,0,52,114
08/06/2020,GLS,TX,ASW,CE,Federal Contract Tower,0,8,10,2,20,0,18,22,2,42,0,26,32,4,62,50,0,50,112
08/07/2020,GLS,TX,ASW,CE,Federal Contract Tower,0,1,6,0,7,0,10,38,0,48,0,11,44,0,55,66,0,66,121
08/08/2020,GLS,TX,ASW,CE,Federal Contract Tower,0,7,14,0,21,0,10,47,0,57,0,17,61,0,78,62,0,62,140
08/09/2020,GLS,TX,ASW,CE,Federal Contract Tower,0,3,18,0,21,0,14,30,1,45,0,17,48,1,66,55,2,57,123
08/10/2020,GLS,TX,ASW,CE,Federal Contract Tower,0,9,17,0,26,0,14,34,0,48,0,23,51,0,74,62,0,62,136
08/11/2020,GLS,TX,ASW,CE,Federal Contract Tower,0,9,11,0,20,0,15,25,2,42,0,24,36,2,62,82,2,84,146
08/12/2020,GLS,TX,ASW,CE,Federal Contract Tower,0,13,6,6,25,0,14,27,2,43,0,27,33,8,68,44,0,44,112
08/13/2020,GLS,TX,ASW,CE,Federal Contract Tower,0,11,13,3,27,0,9,29,1,39,0,20,42,4,66,42,10,52,118
08/14/2020,GLS,TX,ASW,CE,Federal Contract Tower,0,6,18,2,26,0,11,42,0,53,0,17,60,2,79,6,0,6,85
08/15/2020,GLS,TX,ASW,CE,Federal Contract Tower,0,4,8,0,12,0,13,52,2,67,0,17,60,2,79,24,6,30,109
08/16/2020,GLS,TX,ASW,CE,Federal Contract Tower,0,4,17,0,21,0,12,51,0,63,0,16,68,0,84,20,0,20,104
08/17/2020,GLS,TX,ASW,CE,Federal Contract Tower,0,1,6,7,14,0,15,31,1,47,0,16,37,8,61,22,0,22,83
08/18/2020,GLS,TX,ASW,CE,Federal Contract Tower,0,8,17,0,25,0,17,36,0,53,0,25,53,0,78,28,0,28,106
08/19/2020,GLS,TX,ASW,CE,Federal Contract Tower,0,6,6,0,12,0,20,32,0,52,0,26,38,0,64,16,0,16,80
08/20/2020,GLS,TX,ASW,CE,Federal Contract Tower,0,0,5,2,7,0,11,29,0,40,0,11,34,2,47,40,0,40,87
08/21/2020,GLS,TX,ASW,CE,Federal Contract Tower,0,4,20,2,26,0,13,10,0,23,0,17,30,2,49,52,10,62,111
08/22/2020,GLS,TX,ASW,CE,Federal Contract Tower,0,2,4,0,6,0,20,38,4,62,0,22,42,4,68,60,0,60,128
08/23/2020,GLS,TX,ASW,CE,Federal Contract Tower,0,6,11,0,17,0,14,41,0,55,0,20,52,0,72,56,0,56,128
08/24/2020,GLS,TX,ASW,CE,Federal Contract Tower,0,1,4,0,5,0,5,22,0,27,0,6,26,0,32,36,0,36,68
08/25/2020,GLS,TX,ASW,CE,Federal Contract Tower,0,10,5,0,15,0,23,42,0,65,0,33,47,0,80,8,0,8,88
08/26/2020,GLS,TX,ASW,CE,Federal Contract Tower,0,0,1,0,1,0,0,2,0,2,0,0,3,0,3,0,0,0,3
08/27/2020,GLS,TX,ASW,CE,Federal Contract Tower,0,0,3,0,3,0,6,25,0,31,0,6,28,0,34,20,0,20,54
08/28/2020,GLS,TX,ASW,CE,Federal Contract Tower,0,5,5,0,10,0,24,20,0,44,0,29,25,0,54,10,0,10,64
08/29/2020,GLS,TX,ASW,CE,Federal Contract Tower,0,1,6,0,7,0,19,32,0,51,0,20,38,0,58,58,0,58,116
08/30/2020,GLS,TX,ASW,CE,Federal Contract Tower,0,2,8,0,10,0,21,20,0,41,0,23,28,0,51,10,0,10,61
08/31/2020,GLS,TX,ASW,CE,Federal Contract Tower,0,6,9,0,15,0,25,21,0,46,0,31,30,0,61,16,4,20,81
09/01/2020,GLS,TX,ASW,CE,Federal Contract Tower,0,10,5,0,15,0,19,4,6,29,0,29,9,6,44,0,0,0,44
09/02/2020,GLS,TX,ASW,CE,Federal Contract Tower,0,8,12,2,22,0,29,16,0,45,0,37,28,2,67,6,0,6,73
09/03/2020,GLS,TX,ASW,CE,Federal Contract Tower,0,9,8,4,21,0,18,29,2,49,0,27,37,6,70,40,0,40,110
09/04/2020,GLS,TX,ASW,CE,Federal Contract Tower,0,4,9,0,13,0,18,26,0,44,0,22,35,0,57,40,0,40,97
09/05/2020,GLS,TX,ASW,CE,Federal Contract Tower,0,0,3,0,3,0,27,43,0,70,0,27,46,0,73,56,0,56,129
09/06/2020,GLS,TX,ASW,CE,Federal Contract Tower,0,2,3,0,5,0,8,43,2,53,0,10,46,2,58,68,0,68,126
09/07/2020,GLS,TX,ASW,CE,Federal Contract Tower,0,1,15,1,17,0,13,41,1,55,0,14,56,2,72,86,0,86,158
09/08/2020,GLS,TX,ASW,CE,Federal Contract Tower,0,4,10,0,14,0,19,4,0,23,0,23,14,0,37,0,0,0,37
09/09/2020,GLS,TX,ASW,CE,Federal Contract Tower,0,10,26,0,36,0,34,14,0,48,0,44,40,0,84,24,0,24,108
09/10/2020,GLS,TX,ASW,CE,Federal Contract Tower,0,10,10,0,20,0,15,14,0,29,0,25,24,0,49,48,0,48,97
09/11/2020,GLS,TX,ASW,CE,Federal Contract Tower,0,14,16,2,32,0,27,30,4,61,0,41,46,6,93,54,0,54,147
09/12/2020,GLS,TX,ASW,CE,Federal Contract Tower,0,1,12,0,13,0,15,66,0,81,0,16,78,0,94,70,0,70,164
09/13/2020,GLS,TX,ASW,CE,Federal Contract Tower,0,4,9,0,13,0,15,29,0,44,0,19,38,0,57,38,0,38,95
09/14/2020,GLS,TX,ASW,CE,Federal Contract Tower,0,2,13,0,15,0,16,11,0,27,0,18,24,0,42,46,0,46,88
09/15/2020,GLS,TX,ASW,CE,Federal Contract Tower,0,10,10,0,20,0,43,9,0,52,0,53,19,0,72,16,0,16,88
09/16/2020,GLS,TX,ASW,CE,Federal Contract Tower,0,4,0,0,4,0,33,26,0,59,0,37,26,0,63,18,0,18,81
09/17/2020,GLS,TX,ASW,CE,Federal Contract Tower,0,8,1,0,9,0,23,21,2,46,0,31,22,2,55,54,0,54,109
09/18/2020,GLS,TX,ASW,CE,Federal Contract Tower,0,23,12,4,39,0,27,26,0,53,0,50,38,4,92,42,0,42,134
09/19/2020,GLS,TX,ASW,CE,Federal Contract Tower,0,8,6,0,14,0,2,25,0,27,0,10,31,0,41,4,0,4,45
09/20/2020,GLS,TX,ASW,CE,Federal Contract Tower,0,7,4,0,11,0,3,2,0,5,0,10,6,0,16,0,0,0,16
09/21/2020,GLS,TX,ASW,CE,Federal Contract Tower,0,0,0,0,0,0,0,0,0,0,0,0,0,0,0,0,0,0,0
09/22/2020,GLS,TX,ASW,CE,Federal Contract Tower,0,0,0,0,0,0,2,0,0,2,0,2,0,0,2,0,0,0,2
09/23/2020,GLS,TX,ASW,CE,Federal Contract Tower,0,11,4,1,16,0,12,2,1,15,0,23,6,2,31,0,0,0,31
09/24/2020,GLS,TX,ASW,CE,Federal Contract Tower,0,15,19,0,34,0,54,13,0,67,0,69,32,0,101,12,0,12,113
09/25/2020,GLS,TX,ASW,CE,Federal Contract Tower,0,8,10,4,22,0,23,54,2,79,0,31,64,6,101,54,0,54,155
09/26/2020,GLS,TX,ASW,CE,Federal Contract Tower,0,3,15,0,18,0,24,86,2,112,0,27,101,2,130,112,0,112,242
09/27/2020,GLS,TX,ASW,CE,Federal Contract Tower,0,3,17,4,24,0,40,84,2,126,0,43,101,6,150,70,0,70,220
09/28/2020,GLS,TX,ASW,CE,Federal Contract Tower,0,11,5,0,16,0,22,11,0,33,0,33,16,0,49,8,0,8,57
09/29/2020,GLS,TX,ASW,CE,Federal Contract Tower,0,4,9,2,15,0,32,18,0,50,0,36,27,2,65,13,0,13,78
09/30/2020,GLS,TX,ASW,CE,Federal Contract Tower,0,9,14,5,28,0,28,50,3,81,0,37,64,8,109,6,9,15,124
10/01/2020,GLS,TX,ASW,CE,Federal Contract Tower,0,6,11,0,17,0,26,41,0,67,0,32,52,0,84,23,0,23,107
10/02/2020,GLS,TX,ASW,CE,Federal Contract Tower,0,4,21,0,25,0,18,37,0,55,0,22,58,0,80,64,0,64,144
10/03/2020,GLS,TX,ASW,CE,Federal Contract Tower,0,0,2,2,4,0,8,52,0,60,0,8,54,2,64,82,0,82,146
10/04/2020,GLS,TX,ASW,CE,Federal Contract Tower,0,3,8,0,11,0,10,38,0,48,0,13,46,0,59,42,0,42,101
10/05/2020,GLS,TX,ASW,CE,Federal Contract Tower,0,2,4,0,6,0,24,27,0,51,0,26,31,0,57,52,0,52,109
10/06/2020,GLS,TX,ASW,CE,Federal Contract Tower,0,4,21,0,25,0,49,28,0,77,0,53,49,0,102,20,14,34,136
10/07/2020,GLS,TX,ASW,CE,Federal Contract Tower,0,15,22,0,37,0,27,21,0,48,0,42,43,0,85,14,0,14,99
10/08/2020,GLS,TX,ASW,CE,Federal Contract Tower,0,13,10,1,24,0,15,17,2,34,0,28,27,3,58,0,0,0,58
10/09/2020,GLS,TX,ASW,CE,Federal Contract Tower,0,0,0,0,0,0,0,0,0,0,0,0,0,0,0,0,0,0,0
10/10/2020,GLS,TX,ASW,CE,Federal Contract Tower,0,10,13,1,24,0,23,54,1,78,0,33,67,2,102,20,0,20,122
10/11/2020,GLS,TX,ASW,CE,Federal Contract Tower,0,18,27,0,45,0,16,28,0,44,0,34,55,0,89,44,0,44,133
10/12/2020,GLS,TX,ASW,CE,Federal Contract Tower,0,3,7,5,15,0,34,9,1,44,0,37,16,6,59,32,6,38,97
10/13/2020,GLS,TX,ASW,CE,Federal Contract Tower,0,5,12,0,17,0,32,19,0,51,0,37,31,0,68,4,0,4,72
10/14/2020,GLS,TX,ASW,CE,Federal Contract Tower,0,8,8,1,17,0,18,36,0,54,0,26,44,1,71,10,0,10,81
10/15/2020,GLS,TX,ASW,CE,Federal Contract Tower,0,8,15,2,25,0,33,25,0,58,0,41,40,2,83,50,0,50,133
10/16/2020,GLS,TX,ASW,CE,Federal Contract Tower,0,14,18,0,32,0,10,6,0,16,0,24,24,0,48,0,0,0,48
10/17/2020,GLS,TX,ASW,CE,Federal Contract Tower,0,4,13,0,17,0,10,35,3,48,0,14,48,3,65,84,0,84,149
10/18/2020,GLS,TX,ASW,CE,Federal Contract Tower,0,1,25,0,26,0,14,49,0,63,0,15,74,0,89,40,0,40,129
10/19/2020,GLS,TX,ASW,CE,Federal Contract Tower,0,6,4,4,14,0,21,7,2,30,0,27,11,6,44,6,0,6,50
10/20/2020,GLS,TX,ASW,CE,Federal Contract Tower,0,9,18,7,34,0,20,24,1,45,0,29,42,8,79,16,6,22,101
10/21/2020,GLS,TX,ASW,CE,Federal Contract Tower,0,5,22,0,27,0,24,14,0,38,0,29,36,0,65,4,0,4,69
10/22/2020,GLS,TX,ASW,CE,Federal Contract Tower,0,7,6,2,15,0,22,21,2,45,0,29,27,4,60,10,0,10,70
10/23/2020,GLS,TX,ASW,CE,Federal Contract Tower,0,2,16,2,20,0,24,18,0,42,0,26,34,2,62,14,0,14,76
10/24/2020,GLS,TX,ASW,CE,Federal Contract Tower,0,5,13,3,21,0,10,87,0,97,0,15,100,3,118,66,0,66,184
10/25/2020,GLS,TX,ASW,CE,Federal Contract Tower,0,5,13,0,18,0,9,106,0,115,0,14,119,0,133,26,0,26,159
10/26/2020,GLS,TX,ASW,CE,Federal Contract Tower,0,7,17,0,24,0,16,17,0,33,0,23,34,0,57,22,0,22,79
10/27/2020,GLS,TX,ASW,CE,Federal Contract Tower,0,22,8,4,34,0,12,0,0,12,0,34,8,4,46,0,0,0,46
10/28/2020,GLS,TX,ASW,CE,Federal Contract Tower,0,13,8,2,23,0,2,0,0,2,0,15,8,2,25,0,0,0,25
10/29/2020,GLS,TX,ASW,CE,Federal Contract Tower,0,16,5,5,26,0,38,23,1,62,0,54,28,6,88,8,0,8,96
10/30/2020,GLS,TX,ASW,CE,Federal Contract Tower,0,3,21,0,24,0,15,27,0,42,0,18,48,0,66,14,0,14,80
10/31/2020,GLS,TX,ASW,CE,Federal Contract Tower,0,4,8,0,12,0,25,62,0,87,0,29,70,0,99,46,0,46,145
11/01/2020,GLS,TX,ASW,CE,Federal Contract Tower,0,0,15,8,23,0,19,52,0,71,0,19,67,8,94,52,0,52,146
11/02/2020,GLS,TX,ASW,CE,Federal Contract Tower,0,0,4,0,4,0,16,19,0,35,0,16,23,0,39,20,0,20,59
11/03/2020,GLS,TX,ASW,CE,Federal Contract Tower,0,2,15,0,17,0,20,41,2,63,0,22,56,2,80,16,0,16,96
11/04/2020,GLS,TX,ASW,CE,Federal Contract Tower,0,10,20,0,30,0,40,27,0,67,0,50,47,0,97,32,0,32,129
11/05/2020,GLS,TX,ASW,CE,Federal Contract Tower,0,13,16,1,30,0,23,37,1,61,0,36,53,2,91,26,0,26,117
11/06/2020,GLS,TX,ASW,CE,Federal Contract Tower,0,4,16,2,22,0,17,37,0,54,0,21,53,2,76,26,0,26,102
11/07/2020,GLS,TX,ASW,CE,Federal Contract Tower,0,3,11,2,16,0,11,45,5,61,0,14,56,7,77,22,16,38,115
11/08/2020,GLS,TX,ASW,CE,Federal Contract Tower,0,6,14,0,20,0,11,17,0,28,0,17,31,0,48,4,0,4,52
11/09/2020,GLS,TX,ASW,CE,Federal Contract Tower,0,6,21,0,27,0,8,8,0,16,0,14,29,0,43,0,0,0,43
11/10/2020,GLS,TX,ASW,CE,Federal Contract Tower,0,9,14,0,23,0,18,23,2,43,0,27,37,2,66,8,10,18,84
11/11/2020,GLS,TX,ASW,CE,Federal Contract Tower,0,14,12,0,26,0,25,33,0,58,0,39,45,0,84,12,0,12,96
11/12/2020,GLS,TX,ASW,CE,Federal Contract Tower,0,5,10,0,15,0,30,31,0,61,0,35,41,0,76,40,0,40,116
11/13/2020,GLS,TX,ASW,CE,Federal Contract Tower,0,7,28,0,35,0,9,12,0,21,0,16,40,0,56,24,0,24,80
11/14/2020,GLS,TX,ASW,CE,Federal Contract Tower,0,7,29,17,53,0,13,39,3,55,0,20,68,20,108,42,20,62,170
11/15/2020,GLS,TX,ASW,CE,Federal Contract Tower,0,8,3,2,13,0,6,32,0,38,0,14,35,2,51,4,0,4,55
11/16/2020,GLS,TX,ASW,CE,Federal Contract Tower,0,2,8,0,10,0,13,34,2,49,0,15,42,2,59,28,32,60,119
11/17/2020,GLS,TX,ASW,CE,Federal Contract Tower,0,6,17,0,23,0,12,23,0,35,0,18,40,0,58,8,0,8,66
11/18/2020,GLS,TX,ASW,CE,Federal Contract Tower,0,6,11,1,18,0,19,28,1,48,0,25,39,2,66,16,0,16,82
11/19/2020,GLS,TX,ASW,CE,Federal Contract Tower,0,7,14,2,23,0,10,23,0,33,0,17,37,2,56,24,0,24,80
11/20/2020,GLS,TX,ASW,CE,Federal Contract Tower,0,6,18,4,28,0,14,19,5,38,0,20,37,9,66,12,13,25,91
11/21/2020,GLS,TX,ASW,CE,Federal Contract Tower,0,3,21,2,26,0,8,70,0,78,0,11,91,2,104,60,0,60,164
11/22/2020,GLS,TX,ASW,CE,Federal Contract Tower,0,2,15,4,21,0,16,76,0,92,0,18,91,4,113,60,0,60,173
11/23/2020,GLS,TX,ASW,CE,Federal Contract Tower,0,8,32,0,40,0,23,25,2,50,0,31,57,2,90,14,0,14,104
11/24/2020,GLS,TX,ASW,CE,Federal Contract Tower,0,8,15,0,23,0,30,18,0,48,0,38,33,0,71,6,0,6,77
11/25/2020,GLS,TX,ASW,CE,Federal Contract Tower,0,12,14,0,26,0,23,38,4,65,0,35,52,4,91,12,0,12,103
11/26/2020,GLS,TX,ASW,CE,Federal Contract Tower,0,9,2,0,11,0,5,12,0,17,0,14,14,0,28,0,0,0,28
11/27/2020,GLS,TX,ASW,CE,Federal Contract Tower,0,7,5,0,12,0,12,6,0,18,0,19,11,0,30,4,0,4,34
11/28/2020,GLS,TX,ASW,CE,Federal Contract Tower,0,5,7,0,12,0,4,1,0,5,0,9,8,0,17,0,0,0,17
11/29/2020,GLS,TX,ASW,CE,Federal Contract Tower,0,6,20,0,26,0,13,13,0,26,0,19,33,0,52,10,0,10,62
11/30/2020,GLS,TX,ASW,CE,Federal Contract Tower,0,5,10,0,15,0,7,16,0,23,0,12,26,0,38,6,14,20,58
12/01/2020,GLS,TX,ASW,CE,Federal Contract Tower,0,6,17,0,23,0,21,28,0,49,0,27,45,0,72,24,0,24,96
12/02/2020,GLS,TX,ASW,CE,Federal Contract Tower,0,3,2,0,5,0,6,0,0,6,0,9,2,0,11,0,0,0,11
12/03/2020,GLS,TX,ASW,CE,Federal Contract Tower,0,23,20,0,43,0,26,15,4,45,0,49,35,4,88,18,0,18,106
12/04/2020,GLS,TX,ASW,CE,Federal Contract Tower,0,13,11,0,24,0,23,41,3,67,0,36,52,3,91,12,0,12,103
12/05/2020,GLS,TX,ASW,CE,Federal Contract Tower,0,5,6,1,12,0,1,48,0,49,0,6,54,1,61,36,0,36,97
12/06/2020,GLS,TX,ASW,CE,Federal Contract Tower,0,7,3,0,10,0,25,63,0,88,0,32,66,0,98,38,0,38,136
12/07/2020,GLS,TX,ASW,CE,Federal Contract Tower,0,2,13,0,15,0,18,32,2,52,0,20,45,2,67,32,0,32,99
12/08/2020,GLS,TX,ASW,CE,Federal Contract Tower,0,4,24,1,29,0,29,57,1,87,0,33,81,2,116,34,0,34,150
12/09/2020,GLS,TX,ASW,CE,Federal Contract Tower,0,5,14,1,20,0,24,34,6,64,0,29,48,7,84,36,0,36,120
12/10/2020,GLS,TX,ASW,CE,Federal Contract Tower,0,7,31,1,39,0,10,39,1,50,0,17,70,2,89,41,2,43,132
12/11/2020,GLS,TX,ASW,CE,Federal Contract Tower,0,4,14,0,18,0,16,16,0,32,0,20,30,0,50,6,0,6,56
12/12/2020,GLS,TX,ASW,CE,Federal Contract Tower,0,8,23,0,31,0,8,43,0,51,0,16,66,0,82,30,0,30,112
12/13/2020,GLS,TX,ASW,CE,Federal Contract Tower,0,7,0,0,7,0,3,2,0,5,0,10,2,0,12,0,0,0,12
12/14/2020,GLS,TX,ASW,CE,Federal Contract Tower,0,0,7,2,9,0,16,10,0,26,0,16,17,2,35,18,0,18,53
12/15/2020,GLS,TX,ASW,CE,Federal Contract Tower,0,9,3,4,16,0,5,0,0,5,0,14,3,4,21,0,0,0,21
12/16/2020,GLS,TX,ASW,CE,Federal Contract Tower,0,7,10,0,17,0,20,15,2,37,0,27,25,2,54,6,0,6,60
12/17/2020,GLS,TX,ASW,CE,Federal Contract Tower,0,9,18,0,27,0,12,52,2,66,0,21,70,2,93,20,0,20,113
12/18/2020,GLS,TX,ASW,CE,Federal Contract Tower,0,2,10,1,13,0,8,28,1,37,0,10,38,2,50,24,0,24,74
12/19/2020,GLS,TX,ASW,CE,Federal Contract Tower,0,3,1,1,5,0,5,10,1,16,0,8,11,2,21,12,0,12,33
12/20/2020,GLS,TX,ASW,CE,Federal Contract Tower,0,7,8,0,15,0,8,85,0,93,0,15,93,0,108,70,0,70,178
12/21/2020,GLS,TX,ASW,CE,Federal Contract Tower,0,4,11,9,24,0,21,62,0,83,0,25,73,9,107,62,2,64,171
12/22/2020,GLS,TX,ASW,CE,Federal Contract Tower,0,8,10,2,20,0,14,35,4,53,0,22,45,6,73,10,0,10,83
12/23/2020,GLS,TX,ASW,CE,Federal Contract Tower,0,14,15,4,33,0,12,4,0,16,0,26,19,4,49,6,0,6,55
12/24/2020,GLS,TX,ASW,CE,Federal Contract Tower,0,4,1,0,5,0,1,6,0,7,0,5,7,0,12,0,0,0,12
12/25/2020,GLS,TX,ASW,CE,Federal Contract Tower,0,1,2,0,3,0,5,18,0,23,0,6,20,0,26,10,0,10,36
12/26/2020,GLS,TX,ASW,CE,Federal Contract Tower,0,2,11,0,13,0,13,49,4,66,0,15,60,4,79,72,0,72,151
12/27/2020,GLS,TX,ASW,CE,Federal Contract Tower,0,0,8,0,8,0,7,42,0,49,0,7,50,0,57,22,0,22,79
12/28/2020,GLS,TX,ASW,CE,Federal Contract Tower,0,2,9,0,11,0,10,26,4,40,0,12,35,4,51,42,14,56,107
12/29/2020,GLS,TX,ASW,CE,Federal Contract Tower,0,7,23,0,30,0,16,9,0,25,0,23,32,0,55,6,0,6,61
12/30/2020,GLS,TX,ASW,CE,Federal Contract Tower,0,9,16,0,25,0,8,4,0,12,0,17,20,0,37,6,0,6,43
12/31/2020,GLS,TX,ASW,CE,Federal Contract Tower,0,5,1,0,6,0,0,0,0,0,0,5,1,0,6,0,0,0,6
01/01/2021,GLS,TX,ASW,CE,Federal Contract Tower,0,8,1,0,9,0,13,36,0,49,0,21,37,0,58,36,0,36,94
01/02/2021,GLS,TX,ASW,CE,Federal Contract Tower,0,4,7,0,11,0,23,56,0,79,0,27,63,0,90,76,0,76,166
01/03/2021,GLS,TX,ASW,CE,Federal Contract Tower,0,3,9,0,12,0,7,47,0,54,0,10,56,0,66,64,0,64,130
01/04/2021,GLS,TX,ASW,CE,Federal Contract Tower,0,2,3,0,5,0,16,14,0,30,0,18,17,0,35,28,0,28,63
01/05/2021,GLS,TX,ASW,CE,Federal Contract Tower,0,2,9,0,11,0,15,36,0,51,0,17,45,0,62,28,0,28,90
01/06/2021,GLS,TX,ASW,CE,Federal Contract Tower,0,4,10,4,18,0,19,10,0,29,0,23,20,4,47,4,0,4,51
01/07/2021,GLS,TX,ASW,CE,Federal Contract Tower,0,5,7,2,14,0,14,20,2,36,0,19,27,4,50,38,0,38,88
01/08/2021,GLS,TX,ASW,CE,Federal Contract Tower,0,3,15,0,18,0,19,11,4,34,0,22,26,4,52,12,12,24,76
01/09/2021,GLS,TX,ASW,CE,Federal Contract Tower,0,5,8,3,16,0,12,60,3,75,0,17,68,6,91,86,0,86,177
01/10/2021,GLS,TX,ASW,CE,Federal Contract Tower,0,1,0,0,1,0,2,0,0,2,0,3,0,0,3,0,0,0,3
01/11/2021,GLS,TX,ASW,CE,Federal Contract Tower,0,1,5,5,11,0,12,2,0,14,0,13,7,5,25,0,0,0,25
01/12/2021,GLS,TX,ASW,CE,Federal Contract Tower,0,4,14,0,18,0,21,27,0,48,0,25,41,0,66,4,0,4,70
01/13/2021,GLS,TX,ASW,CE,Federal Contract Tower,0,2,21,5,28,0,20,39,6,65,0,22,60,11,93,4,8,12,105
01/14/2021,GLS,TX,ASW,CE,Federal Contract Tower,0,8,13,0,21,0,12,23,0,35,0,20,36,0,56,16,0,16,72
01/15/2021,GLS,TX,ASW,CE,Federal Contract Tower,0,3,13,2,18,0,7,19,0,26,0,10,32,2,44,16,0,16,60
01/16/2021,GLS,TX,ASW,CE,Federal Contract Tower,0,10,20,7,37,0,16,67,1,84,0,26,87,8,121,34,0,34,155
01/17/2021,GLS,TX,ASW,CE,Federal Contract Tower,0,5,7,0,12,0,14,68,0,82,0,19,75,0,94,48,0,48,142
01/18/2021,GLS,TX,ASW,CE,Federal Contract Tower,0,4,15,0,19,0,11,44,0,55,0,15,59,0,74,22,0,22,96
01/19/2021,GLS,TX,ASW,CE,Federal Contract Tower,0,3,12,1,16,0,12,24,1,37,0,15,36,2,53,14,0,14,67
01/20/2021,GLS,TX,ASW,CE,Federal Contract Tower,0,4,4,0,8,0,0,0,0,0,0,4,4,0,8,0,0,0,8
01/21/2021,GLS,TX,ASW,CE,Federal Contract Tower,0,4,4,0,8,0,0,0,0,0,0,4,4,0,8,0,0,0,8
01/22/2021,GLS,TX,ASW,CE,Federal Contract Tower,0,4,25,3,32,0,0,0,1,1,0,4,25,4,33,0,0,0,33
01/23/2021,GLS,TX,ASW,CE,Federal Contract Tower,0,7,4,0,11,0,0,0,0,0,0,7,4,0,11,0,0,0,11
01/24/2021,GLS,TX,ASW,CE,Federal Contract Tower,0,0,10,0,10,0,4,2,0,6,0,4,12,0,16,0,0,0,16
01/25/2021,GLS,TX,ASW,CE,Federal Contract Tower,0,2,25,4,31,0,0,0,0,0,0,2,25,4,31,0,0,0,31
01/26/2021,GLS,TX,ASW,CE,Federal Contract Tower,0,10,9,0,19,0,15,40,0,55,0,25,49,0,74,18,0,18,92
01/27/2021,GLS,TX,ASW,CE,Federal Contract Tower,0,12,5,4,21,0,18,21,0,39,0,30,26,4,60,2,4,6,66
01/28/2021,GLS,TX,ASW,CE,Federal Contract Tower,0,7,30,2,39,0,11,47,0,58,0,18,77,2,97,34,0,34,131
01/29/2021,GLS,TX,ASW,CE,Federal Contract Tower,0,1,10,0,11,0,15,47,0,62,0,16,57,0,73,18,0,18,91
01/30/2021,GLS,TX,ASW,CE,Federal Contract Tower,0,5,4,6,15,0,9,8,0,17,0,14,12,6,32,36,0,36,68
01/31/2021,GLS,TX,ASW,CE,Federal Contract Tower,0,2,9,0,11,0,11,65,0,76,0,13,74,0,87,36,8,44,131
02/01/2021,GLS,TX,ASW,CE,Federal Contract Tower,0,2,4,0,6,0,20,48,0,68,0,22,52,0,74,48,0,48,122
02/02/2021,GLS,TX,ASW,CE,Federal Contract Tower,0,1,28,1,30,0,26,51,6,83,0,27,79,7,113,38,0,38,151
02/03/2021,GLS,TX,ASW,CE,Federal Contract Tower,0,1,25,2,28,0,20,82,9,111,0,21,107,11,139,26,0,26,165
02/04/2021,GLS,TX,ASW,CE,Federal Contract Tower,0,7,20,0,27,0,9,20,0,29,0,16,40,0,56,14,0,14,70
02/05/2021,GLS,TX,ASW,CE,Federal Contract Tower,0,2,7,0,9,0,13,13,0,26,0,15,20,0,35,6,0,6,41
02/06/2021,GLS,TX,ASW,CE,Federal Contract Tower,0,6,16,4,26,0,2,6,1,9,0,8,22,5,35,0,0,0,35
02/07/2021,GLS,TX,ASW,CE,Federal Contract Tower,0,6,6,0,12,0,20,49,5,74,0,26,55,5,86,50,0,50,136
02/08/2021,GLS,TX,ASW,CE,Federal Contract Tower,0,3,16,0,19,0,33,19,2,54,0,36,35,2,73,34,0,34,107
02/09/2021,GLS,TX,ASW,CE,Federal Contract Tower,0,4,10,2,16,0,0,0,0,0,0,4,10,2,16,0,0,0,16
02/10/2021,GLS,TX,ASW,CE,Federal Contract Tower,0,8,5,0,13,0,2,7,0,9,0,10,12,0,22,14,0,14,36
02/11/2021,GLS,TX,ASW,CE,Federal Contract Tower,0,6,2,4,12,0,0,0,0,0,0,6,2,4,12,0,0,0,12
02/12/2021,GLS,TX,ASW,CE,Federal Contract Tower,0,3,2,0,5,0,2,0,2,4,0,5,2,2,9,0,14,14,23
02/13/2021,GLS,TX,ASW,CE,Federal Contract Tower,0,0,3,0,3,0,14,25,0,39,0,14,28,0,42,2,0,2,44
02/14/2021,GLS,TX,ASW,CE,Federal Contract Tower,0,1,3,0,4,0,0,0,0,0,0,1,3,0,4,0,0,0,4
02/15/2021,GLS,TX,ASW,CE,Federal Contract Tower,0,0,0,0,0,0,0,0,0,0,0,0,0,0,0,0,0,0,0
02/16/2021,GLS,TX,ASW,CE,Federal Contract Tower,0,2,0,0,2,0,22,6,0,28,0,24,6,0,30,0,0,0,30
02/17/2021,GLS,TX,ASW,CE,Federal Contract Tower,0,1,0,0,1,0,3,0,0,3,0,4,0,0,4,0,0,0,4
02/18/2021,GLS,TX,ASW,CE,Federal Contract Tower,0,2,1,0,3,0,2,2,2,6,0,4,3,2,9,0,8,8,17
02/19/2021,GLS,TX,ASW,CE,Federal Contract Tower,0,0,14,8,22,0,12,22,2,36,0,12,36,10,58,26,16,42,100
02/20/2021,GLS,TX,ASW,CE,Federal Contract Tower,0,9,16,0,25,0,23,44,2,69,0,32,60,2,94,52,0,52,146
02/21/2021,GLS,TX,ASW,CE,Federal Contract Tower,0,5,4,0,9,0,13,24,2,39,0,18,28,2,48,40,0,40,88
02/22/2021,GLS,TX,ASW,CE,Federal Contract Tower,0,0,13,3,16,0,9,38,3,50,0,9,51,6,66,24,0,24,90
02/23/2021,GLS,TX,ASW,CE,Federal Contract Tower,0,2,19,2,23,0,12,47,2,61,0,14,66,4,84,32,0,32,116
02/24/2021,GLS,TX,ASW,CE,Federal Contract Tower,0,3,10,0,13,0,11,0,0,11,0,14,10,0,24,0,0,0,24
02/25/2021,GLS,TX,ASW,CE,Federal Contract Tower,0,7,11,0,18,0,0,0,0,0,0,7,11,0,18,0,0,0,18
02/26/2021,GLS,TX,ASW,CE,Federal Contract Tower,0,1,3,0,4,0,2,0,0,2,0,3,3,0,6,0,0,0,6
02/27/2021,GLS,TX,ASW,CE,Federal Contract Tower,0,1,16,1,18,0,0,0,0,0,0,1,16,1,18,0,0,0,18
02/28/2021,GLS,TX,ASW,CE,Federal Contract Tower,0,0,9,9,18,0,0,0,0,0,0,0,9,9,18,0,0,0,18
03/01/2021,GLS,TX,ASW,CE,Federal Contract Tower,0,8,4,0,12,0,2,0,0,2,0,10,4,0,14,0,0,0,14
03/02/2021,GLS,TX,ASW,CE,Federal Contract Tower,0,2,19,0,21,0,10,20,0,30,0,12,39,0,51,26,0,26,77
03/03/2021,GLS,TX,ASW,CE,Federal Contract Tower,0,4,14,0,18,0,21,32,0,53,0,25,46,0,71,36,0,36,107
03/04/2021,GLS,TX,ASW,CE,Federal Contract Tower,0,5,37,1,43,0,10,37,1,48,0,15,74,2,91,28,0,28,119
03/05/2021,GLS,TX,ASW,CE,Federal Contract Tower,0,2,28,9,39,0,10,15,2,27,0,12,43,11,66,30,14,44,110
03/06/2021,GLS,TX,ASW,CE,Federal Contract Tower,0,4,8,0,12,0,25,55,0,80,0,29,63,0,92,58,0,58,150
03/07/2021,GLS,TX,ASW,CE,Federal Contract Tower,0,1,11,0,12,0,14,67,0,81,0,15,78,0,93,72,0,72,165
03/08/2021,GLS,TX,ASW,CE,Federal Contract Tower,0,4,14,0,18,0,23,27,1,51,0,27,41,1,69,54,0,54,123
03/09/2021,GLS,TX,ASW,CE,Federal Contract Tower,0,4,14,0,18,0,26,28,2,56,0,30,42,2,74,18,0,18,92
03/10/2021,GLS,TX,ASW,CE,Federal Contract Tower,0,13,12,0,25,0,35,11,0,46,0,48,23,0,71,0,0,0,71
03/11/2021,GLS,TX,ASW,CE,Federal Contract Tower,0,10,26,0,36,0,9,2,2,13,0,19,28,2,49,0,0,0,49
03/12/2021,GLS,TX,ASW,CE,Federal Contract Tower,0,1,21,4,26,0,17,22,0,39,0,18,43,4,65,18,0,18,83
03/13/2021,GLS,TX,ASW,CE,Federal Contract Tower,0,4,11,0,15,0,2,19,0,21,0,6,30,0,36,0,0,0,36
03/14/2021,GLS,TX,ASW,CE,Federal Contract Tower,0,2,13,0,15,0,14,3,1,18,0,16,16,1,33,0,0,0,33
03/15/2021,GLS,TX,ASW,CE,Federal Contract Tower,0,4,7,1,12,0,4,2,0,6,0,8,9,1,18,0,0,0,18
03/16/2021,GLS,TX,ASW,CE,Federal Contract Tower,0,4,9,7,20,0,10,0,1,11,0,14,9,8,31,0,0,0,31
03/17/2021,GLS,TX,ASW,CE,Federal Contract Tower,0,4,6,0,10,0,6,7,0,13,0,10,13,0,23,4,0,4,27
03/18/2021,GLS,TX,ASW,CE,Federal Contract Tower,0,4,7,2,13,0,28,30,2,60,0,32,37,4,73,46,0,46,119
03/19/2021,GLS,TX,ASW,CE,Federal Contract Tower,0,0,14,5,19,0,18,32,2,52,0,18,46,7,71,66,0,66,137
03/20/2021,GLS,TX,ASW,CE,Federal Contract Tower,0,6,12,3,21,0,17,68,2,87,0,23,80,5,108,72,0,72,180
03/21/2021,GLS,TX,ASW,CE,Federal Contract Tower,0,0,27,0,27,0,10,52,0,62,0,10,79,0,89,80,0,80,169
03/22/2021,GLS,TX,ASW,CE,Federal Contract Tower,0,2,5,0,7,0,9,9,2,20,0,11,14,2,27,86,12,98,125
03/23/2021,GLS,TX,ASW,CE,Federal Contract Tower,0,6,14,0,20,0,5,24,0,29,0,11,38,0,49,22,0,22,71
03/24/2021,GLS,TX,ASW,CE,Federal Contract Tower,0,13,7,8,28,0,0,0,0,0,0,13,7,8,28,0,0,0,28
03/25/2021,GLS,TX,ASW,CE,Federal Contract Tower,0,8,24,0,32,0,7,19,0,26,0,15,43,0,58,44,0,44,102
03/26/2021,GLS,TX,ASW,CE,Federal Contract Tower,0,0,16,4,20,0,25,47,0,72,0,25,63,4,92,16,0,16,108
03/27/2021,GLS,TX,ASW,CE,Federal Contract Tower,0,4,10,0,14,0,2,2,0,4,0,6,12,0,18,4,0,4,22
03/28/2021,GLS,TX,ASW,CE,Federal Contract Tower,0,4,8,0,12,0,7,10,0,17,0,11,18,0,29,8,0,8,37
03/29/2021,GLS,TX,ASW,CE,Federal Contract Tower,0,4,3,0,7,0,37,62,2,101,0,41,65,2,108,60,0,60,168
03/30/2021,GLS,TX,ASW,CE,Federal Contract Tower,0,6,9,0,15,0,8,5,0,13,0,14,14,0,28,14,0,14,42
04/01/2021,GLS,TX,ASW,CE,Federal Contract Tower,0,5,16,0,21,0,8,36,0,44,0,13,52,0,65,22,0,22,87
04/02/2021,GLS,TX,ASW,CE,Federal Contract Tower,0,2,14,0,16,0,29,48,0,77,0,31,62,0,93,58,2,60,153
04/03/2021,GLS,TX,ASW,CE,Federal Contract Tower,0,3,18,0,21,0,9,39,0,48,0,12,57,0,69,44,0,44,113
04/04/2021,GLS,TX,ASW,CE,Federal Contract Tower,0,6,23,0,29,0,10,42,0,52,0,16,65,0,81,52,0,52,133
04/05/2021,GLS,TX,ASW,CE,Federal Contract Tower,0,1,27,0,28,0,17,16,0,33,0,18,43,0,61,76,0,76,137
04/06/2021,GLS,TX,ASW,CE,Federal Contract Tower,0,7,20,0,27,0,16,1,0,17,0,23,21,0,44,8,0,8,52
04/07/2021,GLS,TX,ASW,CE,Federal Contract Tower,0,1,23,0,24,0,7,4,0,11,0,8,27,0,35,0,0,0,35
04/08/2021,GLS,TX,ASW,CE,Federal Contract Tower,0,7,28,0,35,0,13,31,0,44,0,20,59,0,79,46,0,46,125
04/09/2021,GLS,TX,ASW,CE,Federal Contract Tower,0,1,24,0,25,0,0,1,0,1,0,1,25,0,26,0,0,0,26
04/10/2021,GLS,TX,ASW,CE,Federal Contract Tower,0,3,17,0,20,0,4,22,0,26,0,7,39,0,46,40,0,40,86
04/11/2021,GLS,TX,ASW,CE,Federal Contract Tower,0,4,10,0,14,0,0,10,93,103,0,4,20,93,117,12,0,12,129
04/12/2021,GLS,TX,ASW,CE,Federal Contract Tower,0,6,20,3,29,0,26,20,1,47,0,32,40,4,76,40,0,40,116
04/13/2021,GLS,TX,ASW,CE,Federal Contract Tower,0,8,4,1,13,0,0,0,0,0,0,8,4,1,13,0,0,0,13
04/14/2021,GLS,TX,ASW,CE,Federal Contract Tower,0,8,4,2,14,0,2,0,0,2,0,10,4,2,16,0,0,0,16
04/15/2021,GLS,TX,ASW,CE,Federal Contract Tower,0,4,5,0,9,0,2,3,0,5,0,6,8,0,14,8,0,8,22
04/16/2021,GLS,TX,ASW,CE,Federal Contract Tower,0,8,12,0,20,0,0,0,0,0,0,8,12,0,20,0,0,0,20
04/17/2021,GLS,TX,ASW,CE,Federal Contract Tower,0,14,1,0,15,0,17,3,0,20,0,31,4,0,35,10,0,10,45
04/18/2021,GLS,TX,ASW,CE,Federal Contract Tower,0,1,7,0,8,0,19,41,0,60,0,20,48,0,68,20,0,20,88
04/19/2021,GLS,TX,ASW,CE,Federal Contract Tower,0,8,9,1,18,0,19,44,0,63,0,27,53,1,81,58,8,66,147
04/20/2021,GLS,TX,ASW,CE,Federal Contract Tower,0,3,10,0,13,0,7,35,0,42,0,10,45,0,55,16,0,16,71
04/21/2021,GLS,TX,ASW,CE,Federal Contract Tower,0,10,14,2,26,0,18,26,0,44,0,28,40,2,70,30,0,30,100
04/22/2021,GLS,TX,ASW,CE,Federal Contract Tower,0,8,16,0,24,0,10,19,4,33,0,18,35,4,57,8,0,8,65
04/23/2021,GLS,TX,ASW,CE,Federal Contract Tower,0,7,6,0,13,0,7,0,0,7,0,14,6,0,20,2,0,2,22
04/24/2021,GLS,TX,ASW,CE,Federal Contract Tower,0,3,9,2,14,0,4,45,2,51,0,7,54,4,65,4,0,4,69
04/25/2021,GLS,TX,ASW,CE,Federal Contract Tower,0,2,14,4,20,0,24,60,0,84,0,26,74,4,104,34,0,34,138
04/26/2021,GLS,TX,ASW,CE,Federal Contract Tower,0,2,8,0,10,0,9,27,0,36,0,11,35,0,46,16,0,16,62
04/27/2021,GLS,TX,ASW,CE,Federal Contract Tower,0,3,15,4,22,0,3,5,0,8,0,6,20,4,30,8,0,8,38
04/28/2021,GLS,TX,ASW,CE,Federal Contract Tower,0,4,16,0,20,0,5,3,2,10,0,9,19,2,30,2,0,2,32
04/29/2021,GLS,TX,ASW,CE,Federal Contract Tower,0,16,12,0,28,0,6,3,2,11,0,22,15,2,39,14,0,14,53
04/30/2021,GLS,TX,ASW,CE,Federal Contract Tower,0,10,2,4,16,0,0,0,0,0,0,10,2,4,16,0,2,2,18
05/01/2021,GLS,TX,ASW,CE,Federal Contract Tower,0,5,2,0,7,0,0,0,0,0,0,5,2,0,7,0,0,0,7
05/02/2021,GLS,TX,ASW,CE,Federal Contract Tower,0,4,6,0,10,0,16,21,0,37,0,20,27,0,47,66,0,66,113
05/03/2021,GLS,TX,ASW,CE,Federal Contract Tower,0,5,28,0,33,0,3,3,0,6,0,8,31,0,39,4,2,6,45
05/04/2021,GLS,TX,ASW,CE,Federal Contract Tower,0,12,9,0,21,0,0,4,0,4,0,12,13,0,25,2,0,2,27
05/05/2021,GLS,TX,ASW,CE,Federal Contract Tower,0,2,12,0,14,0,19,46,0,65,0,21,58,0,79,62,0,62,141
05/06/2021,GLS,TX,ASW,CE,Federal Contract Tower,0,5,11,1,17,0,14,35,0,49,0,19,46,1,66,58,0,58,124
05/07/2021,GLS,TX,ASW,CE,Federal Contract Tower,0,2,14,10,26,0,11,63,2,76,0,13,77,12,102,56,0,56,158
05/08/2021,GLS,TX,ASW,CE,Federal Contract Tower,0,2,21,2,25,0,14,35,0,49,0,16,56,2,74,70,0,70,144
05/09/2021,GLS,TX,ASW,CE,Federal Contract Tower,0,2,26,0,28,0,16,29,0,45,0,18,55,0,73,64,0,64,137
05/10/2021,GLS,TX,ASW,CE,Federal Contract Tower,0,5,18,0,23,0,9,18,0,27,0,14,36,0,50,40,0,40,90
05/11/2021,GLS,TX,ASW,CE,Federal Contract Tower,0,6,11,2,19,0,24,7,0,31,0,30,18,2,50,2,0,2,52
05/12/2021,GLS,TX,ASW,CE,Federal Contract Tower,0,17,5,0,22,0,7,0,0,7,0,24,5,0,29,0,0,0,29
05/13/2021,GLS,TX,ASW,CE,Federal Contract Tower,0,9,9,0,18,0,15,27,0,42,0,24,36,0,60,56,0,56,116
05/14/2021,GLS,TX,ASW,CE,Federal Contract Tower,0,2,12,0,14,0,11,32,4,47,0,13,44,4,61,64,12,76,137
05/15/2021,GLS,TX,ASW,CE,Federal Contract Tower,0,7,15,0,22,0,16,67,0,83,0,23,82,0,105,68,0,68,173
05/16/2021,GLS,TX,ASW,CE,Federal Contract Tower,0,0,9,0,9,0,5,4,0,9,0,5,13,0,18,0,0,0,18
05/17/2021,GLS,TX,ASW,CE,Federal Contract Tower,0,2,11,0,13,0,5,2,0,7,0,7,13,0,20,10,0,10,30
05/18/2021,GLS,TX,ASW,CE,Federal Contract Tower,0,6,2,0,8,0,7,6,0,13,0,13,8,0,21,8,0,8,29
05/19/2021,GLS,TX,ASW,CE,Federal Contract Tower,0,0,0,0,0,0,2,2,0,4,0,2,2,0,4,0,0,0,4
05/20/2021,GLS,TX,ASW,CE,Federal Contract Tower,0,7,13,0,20,0,12,10,0,22,0,19,23,0,42,20,0,20,62
05/21/2021,GLS,TX,ASW,CE,Federal Contract Tower,0,6,6,0,12,0,5,16,0,21,0,11,22,0,33,0,0,0,33
05/22/2021,GLS,TX,ASW,CE,Federal Contract Tower,0,5,5,0,10,0,6,2,0,8,0,11,7,0,18,2,0,2,20
05/23/2021,GLS,TX,ASW,CE,Federal Contract Tower,0,1,2,0,3,0,12,2,0,14,0,13,4,0,17,18,0,18,35
05/24/2021,GLS,TX,ASW,CE,Federal Contract Tower,0,4,7,2,13,0,16,9,3,28,0,20,16,5,41,28,8,36,77
05/25/2021,GLS,TX,ASW,CE,Federal Contract Tower,0,3,12,2,17,0,20,3,2,25,0,23,15,4,42,0,0,0,42
05/26/2021,GLS,TX,ASW,CE,Federal Contract Tower,0,5,16,0,21,0,31,13,2,46,0,36,29,2,67,12,0,12,79
05/27/2021,GLS,TX,ASW,CE,Federal Contract Tower,0,4,25,0,29,0,12,23,4,39,0,16,48,4,68,44,2,46,114
05/28/2021,GLS,TX,ASW,CE,Federal Contract Tower,0,2,13,0,15,0,13,15,0,28,0,15,28,0,43,58,0,58,101
05/29/2021,GLS,TX,ASW,CE,Federal Contract Tower,0,4,12,0,16,0,16,42,0,58,0,20,54,0,74,80,0,80,154
05/30/2021,GLS,TX,ASW,CE,Federal Contract Tower,0,0,2,0,2,0,15,26,0,41,0,15,28,0,43,84,0,84,127
05/31/2021,GLS,TX,ASW,CE,Federal Contract Tower,0,1,19,0,20,0,17,35,0,52,0,18,54,0,72,68,0,68,140
06/01/2021,GLS,TX,ASW,CE,Federal Contract Tower,0,4,10,0,14,0,11,13,0,24,0,15,23,0,38,32,0,32,70
06/02/2021,GLS,TX,ASW,CE,Federal Contract Tower,0,8,6,0,14,0,19,29,2,50,0,27,35,2,64,16,0,16,80
06/03/2021,GLS,TX,ASW,CE,Federal Contract Tower,0,9,9,0,18,0,10,18,0,28,0,19,27,0,46,30,0,30,76
06/04/2021,GLS,TX,ASW,CE,Federal Contract Tower,0,7,4,0,11,0,5,1,0,6,0,12,5,0,17,8,0,8,25
06/05/2021,GLS,TX,ASW,CE,Federal Contract Tower,0,4,4,2,10,0,18,16,0,34,0,22,20,2,44,54,0,54,98
06/06/2021,GLS,TX,ASW,CE,Federal Contract Tower,0,2,10,0,12,0,17,64,0,81,0,19,74,0,93,66,0,66,159
06/07/2021,GLS,TX,ASW,CE,Federal Contract Tower,0,9,13,0,22,0,19,17,0,36,0,28,30,0,58,48,0,48,106
06/08/2021,GLS,TX,ASW,CE,Federal Contract Tower,0,7,7,0,14,0,16,21,2,39,0,23,28,2,53,56,0,56,109
06/09/2021,GLS,TX,ASW,CE,Federal Contract Tower,0,0,14,0,14,0,16,31,0,47,0,16,45,0,61,64,2,66,127
06/10/2021,GLS,TX,ASW,CE,Federal Contract Tower,0,3,23,2,28,0,13,22,2,37,0,16,45,4,65,62,4,66,131
06/11/2021,GLS,TX,ASW,CE,Federal Contract Tower,0,1,16,2,19,0,13,29,0,42,0,14,45,2,61,116,0,116,177
06/12/2021,GLS,TX,ASW,CE,Federal Contract Tower,0,3,14,0,17,0,11,79,0,90,0,14,93,0,107,166,0,166,273
06/13/2021,GLS,TX,ASW,CE,Federal Contract Tower,0,3,11,0,14,0,9,59,0,68,0,12,70,0,82,96,0,96,178
06/14/2021,GLS,TX,ASW,CE,Federal Contract Tower,0,4,3,0,7,0,7,23,0,30,0,11,26,0,37,66,0,66,103
06/15/2021,GLS,TX,ASW,CE,Federal Contract Tower,0,1,6,1,8,0,13,23,0,36,0,14,29,1,44,108,0,108,152
06/16/2021,GLS,TX,ASW,CE,Federal Contract Tower,0,4,7,0,11,0,21,23,6,50,0,25,30,6,61,64,2,66,127
06/17/2021,GLS,TX,ASW,CE,Federal Contract Tower,0,4,11,0,15,0,11,41,2,54,0,15,52,2,69,54,6,60,129
06/18/2021,GLS,TX,ASW,CE,Federal Contract Tower,0,3,19,0,22,0,2,36,0,38,0,5,55,0,60,82,0,82,142
06/19/2021,GLS,TX,ASW,CE,Federal Contract Tower,0,2,13,0,15,0,20,76,0,96,0,22,89,0,111,110,0,110,221
06/20/2021,GLS,TX,ASW,CE,Federal Contract Tower,0,8,11,0,19,0,17,17,0,34,0,25,28,0,53,80,0,80,133
06/21/2021,GLS,TX,ASW,CE,Federal Contract Tower,0,8,10,7,25,0,11,7,1,19,0,19,17,8,44,50,0,50,94
06/22/2021,GLS,TX,ASW,CE,Federal Contract Tower,0,6,7,0,13,0,13,8,0,21,0,19,15,0,34,68,0,68,102
06/23/2021,GLS,TX,ASW,CE,Federal Contract Tower,0,10,13,0,23,0,25,16,0,41,0,35,29,0,64,82,0,82,146
06/24/2021,GLS,TX,ASW,CE,Federal Contract Tower,0,8,10,0,18,0,10,46,0,56,0,18,56,0,74,182,0,182,256
06/25/2021,GLS,TX,ASW,CE,Federal Contract Tower,0,3,10,1,14,0,9,27,1,37,0,12,37,2,51,96,0,96,147
06/26/2021,GLS,TX,ASW,CE,Federal Contract Tower,0,4,12,0,16,0,22,30,0,52,0,26,42,0,68,114,0,114,182
06/27/2021,GLS,TX,ASW,CE,Federal Contract Tower,0,1,12,4,17,0,12,22,0,34,0,13,34,4,51,88,2,90,141
06/28/2021,GLS,TX,ASW,CE,Federal Contract Tower,0,2,2,0,4,0,16,0,0,16,0,18,2,0,20,0,0,0,20
06/29/2021,GLS,TX,ASW,CE,Federal Contract Tower,0,5,9,1,15,0,18,12,3,33,0,23,21,4,48,24,0,24,72
06/30/2021,GLS,TX,ASW,CE,Federal Contract Tower,0,2,7,0,9,0,14,11,2,27,0,16,18,2,36,10,0,10,46
07/01/2021,GLS,TX,ASW,CE,Federal Contract Tower,0,12,13,0,25,0,15,35,0,50,0,27,48,0,75,38,0,38,113
07/02/2021,GLS,TX,ASW,CE,Federal Contract Tower,0,4,13,0,17,0,23,36,0,59,0,27,49,0,76,62,0,62,138
07/03/2021,GLS,TX,ASW,CE,Federal Contract Tower,0,2,6,0,8,0,7,11,0,18,0,9,17,0,26,130,0,130,156
07/04/2021,GLS,TX,ASW,CE,Federal Contract Tower,0,4,3,0,7,0,6,11,0,17,0,10,14,0,24,138,0,138,162
07/05/2021,GLS,TX,ASW,CE,Federal Contract Tower,0,10,3,3,16,0,12,8,1,21,0,22,11,4,37,88,0,88,125
07/06/2021,GLS,TX,ASW,CE,Federal Contract Tower,0,5,0,0,5,0,2,9,0,11,0,7,9,0,16,20,0,20,36
07/07/2021,GLS,TX,ASW,CE,Federal Contract Tower,0,6,3,0,9,0,14,13,0,27,0,20,16,0,36,26,8,34,70
07/08/2021,GLS,TX,ASW,CE,Federal Contract Tower,0,6,0,0,6,0,9,9,0,18,0,15,9,0,24,60,0,60,84
07/09/2021,GLS,TX,ASW,CE,Federal Contract Tower,0,6,2,0,8,0,7,1,0,8,0,13,3,0,16,34,0,34,50
07/10/2021,GLS,TX,ASW,CE,Federal Contract Tower,0,9,15,3,27,0,11,29,1,41,0,20,44,4,68,110,6,116,184
07/11/2021,GLS,TX,ASW,CE,Federal Contract Tower,0,3,11,6,20,0,8,29,0,37,0,11,40,6,57,114,0,114,171
07/12/2021,GLS,TX,ASW,CE,Federal Contract Tower,0,2,15,1,18,0,22,28,0,50,0,24,43,1,68,88,0,88,156
07/13/2021,GLS,TX,ASW,CE,Federal Contract Tower,0,8,9,0,17,0,18,16,0,34,0,26,25,0,51,78,0,78,129
07/14/2021,GLS,TX,ASW,CE,Federal Contract Tower,0,12,8,0,20,0,16,22,0,38,0,28,30,0,58,70,0,70,128
07/15/2021,GLS,TX,ASW,CE,Federal Contract Tower,0,12,13,0,25,0,15,22,0,37,0,27,35,0,62,86,0,86,148
07/16/2021,GLS,TX,ASW,CE,Federal Contract Tower,0,0,23,0,23,0,18,24,2,44,0,18,47,2,67,90,0,90,157
07/17/2021,GLS,TX,ASW,CE,Federal Contract Tower,0,4,26,0,30,0,23,66,0,89,0,27,92,0,119,112,0,112,231
07/18/2021,GLS,TX,ASW,CE,Federal Contract Tower,0,4,8,0,12,0,17,35,0,52,0,21,43,0,64,144,0,144,208
07/19/2021,GLS,TX,ASW,CE,Federal Contract Tower,0,10,9,0,19,0,14,5,0,19,0,24,14,0,38,82,0,82,120
07/20/2021,GLS,TX,ASW,CE,Federal Contract Tower,0,5,9,0,14,0,11,11,0,22,0,16,20,0,36,64,0,64,100
07/21/2021,GLS,TX,ASW,CE,Federal Contract Tower,0,8,6,0,14,0,19,13,2,34,0,27,19,2,48,66,0,66,114
07/22/2021,GLS,TX,ASW,CE,Federal Contract Tower,0,10,17,0,27,0,19,19,0,38,0,29,36,0,65,90,0,90,155
07/23/2021,GLS,TX,ASW,CE,Federal Contract Tower,0,5,17,8,30,0,20,43,0,63,0,25,60,8,93,108,0,108,201
07/24/2021,GLS,TX,ASW,CE,Federal Contract Tower,0,6,11,0,17,0,22,57,2,81,0,28,68,2,98,156,2,158,256
07/25/2021,GLS,TX,ASW,CE,Federal Contract Tower,0,3,15,3,21,0,14,52,3,69,0,17,67,6,90,114,2,116,206
07/26/2021,GLS,TX,ASW,CE,Federal Contract Tower,0,4,8,0,12,0,9,25,0,34,0,13,33,0,46,76,0,76,122
07/27/2021,GLS,TX,ASW,CE,Federal Contract Tower,0,6,6,0,12,0,15,19,0,34,0,21,25,0,46,56,0,56,102
07/28/2021,GLS,TX,ASW,CE,Federal Contract Tower,0,4,21,3,28,0,18,20,1,39,0,22,41,4,67,96,12,108,175
07/29/2021,GLS,TX,ASW,CE,Federal Contract Tower,0,5,18,0,23,0,18,52,4,74,0,23,70,4,97,72,0,72,169
07/30/2021,GLS,TX,ASW,CE,Federal Contract Tower,0,3,12,0,15,0,6,28,0,34,0,9,40,0,49,78,0,78,127
07/31/2021,GLS,TX,ASW,CE,Federal Contract Tower,0,6,4,0,10,0,8,33,2,43,0,14,37,2,53,85,4,89,142
08/01/2021,GLS,TX,ASW,CE,Federal Contract Tower,0,2,13,0,15,0,15,46,0,61,0,17,59,0,76,86,0,86,162
08/02/2021,GLS,TX,ASW,CE,Federal Contract Tower,0,9,10,0,19,0,15,11,0,26,0,24,21,0,45,72,0,72,117
08/03/2021,GLS,TX,ASW,CE,Federal Contract Tower,0,9,4,0,13,0,6,10,2,18,0,15,14,2,31,40,6,46,77
08/04/2021,GLS,TX,ASW,CE,Federal Contract Tower,0,8,32,0,40,0,12,8,0,20,0,20,40,0,60,36,0,36,96
08/05/2021,GLS,TX,ASW,CE,Federal Contract Tower,0,9,15,5,29,0,7,21,1,29,0,16,36,6,58,88,0,88,146
08/06/2021,GLS,TX,ASW,CE,Federal Contract Tower,0,18,18,0,36,0,18,31,0,49,0,36,49,0,85,88,0,88,173
08/07/2021,GLS,TX,ASW,CE,Federal Contract Tower,0,8,17,4,29,0,15,51,0,66,0,23,68,4,95,134,0,134,229
08/08/2021,GLS,TX,ASW,CE,Federal Contract Tower,0,6,22,0,28,0,10,37,0,47,0,16,59,0,75,162,0,162,237
08/09/2021,GLS,TX,ASW,CE,Federal Contract Tower,0,3,15,4,22,0,26,13,0,39,0,29,28,4,61,72,6,78,139
08/10/2021,GLS,TX,ASW,CE,Federal Contract Tower,0,5,17,0,22,0,13,17,0,30,0,18,34,0,52,84,0,84,136
08/11/2021,GLS,TX,ASW,CE,Federal Contract Tower,0,8,17,8,33,0,20,29,0,49,0,28,46,8,82,70,0,70,152
08/12/2021,GLS,TX,ASW,CE,Federal Contract Tower,0,10,13,2,25,0,12,25,2,39,0,22,38,4,64,76,0,76,140
08/13/2021,GLS,TX,ASW,CE,Federal Contract Tower,0,4,13,0,17,0,11,34,2,47,0,15,47,2,64,84,0,84,148
08/14/2021,GLS,TX,ASW,CE,Federal Contract Tower,0,5,24,0,29,0,7,51,0,58,0,12,75,0,87,108,0,108,195
08/15/2021,GLS,TX,ASW,CE,Federal Contract Tower,0,6,25,0,31,0,7,38,0,45,0,13,63,0,76,90,0,90,166
08/16/2021,GLS,TX,ASW,CE,Federal Contract Tower,0,6,22,0,28,0,13,10,0,23,0,19,32,0,51,82,0,82,133
08/17/2021,GLS,TX,ASW,CE,Federal Contract Tower,0,9,8,3,20,0,14,21,3,38,0,23,29,6,58,68,10,78,136
08/18/2021,GLS,TX,ASW,CE,Federal Contract Tower,0,2,9,0,11,0,18,5,0,23,0,20,14,0,34,40,0,40,74
08/19/2021,GLS,TX,ASW,CE,Federal Contract Tower,0,7,14,2,23,0,12,13,0,25,0,19,27,2,48,40,0,40,88
08/20/2021,GLS,TX,ASW,CE,Federal Contract Tower,0,9,16,0,25,0,5,40,5,50,0,14,56,5,75,58,0,58,133
08/21/2021,GLS,TX,ASW,CE,Federal Contract Tower,0,11,20,0,31,0,11,49,2,62,0,22,69,2,93,76,0,76,169
08/22/2021,GLS,TX,ASW,CE,Federal Contract Tower,0,4,19,0,23,0,14,49,2,65,0,18,68,2,88,110,4,114,202
08/23/2021,GLS,TX,ASW,CE,Federal Contract Tower,0,5,17,0,22,0,18,18,0,36,0,23,35,0,58,22,0,22,80
08/24/2021,GLS,TX,ASW,CE,Federal Contract Tower,0,4,14,0,18,0,12,13,0,25,0,16,27,0,43,28,0,28,71
08/25/2021,GLS,TX,ASW,CE,Federal Contract Tower,0,10,6,0,16,0,16,35,0,51,0,26,41,0,67,52,0,52,119
08/26/2021,GLS,TX,ASW,CE,Federal Contract Tower,0,9,2,2,13,0,14,10,0,24,0,23,12,2,37,24,0,24,61
08/27/2021,GLS,TX,ASW,CE,Federal Contract Tower,0,8,15,5,28,0,11,6,3,20,0,19,21,8,48,36,34,70,118
08/28/2021,GLS,TX,ASW,CE,Federal Contract Tower,0,28,7,0,35,0,40,23,0,63,0,68,30,0,98,72,0,72,170
08/29/2021,GLS,TX,ASW,CE,Federal Contract Tower,0,1,12,6,19,0,8,40,2,50,0,9,52,8,69,76,4,80,149
08/30/2021,GLS,TX,ASW,CE,Federal Contract Tower,0,5,12,2,19,0,30,37,0,67,0,35,49,2,86,40,0,40,126
08/31/2021,GLS,TX,ASW,CE,Federal Contract Tower,0,15,10,2,27,0,43,45,0,88,0,58,55,2,115,28,0,28,143
09/01/2021,GLS,TX,ASW,CE,Federal Contract Tower,0,4,15,0,19,0,21,26,2,49,0,25,41,2,68,30,0,30,98
09/02/2021,GLS,TX,ASW,CE,Federal Contract Tower,0,2,4,0,6,0,10,24,0,34,0,12,28,0,40,28,0,28,68
09/03/2021,GLS,TX,ASW,CE,Federal Contract Tower,0,9,16,0,25,0,15,28,0,43,0,24,44,0,68,46,0,46,114
09/04/2021,GLS,TX,ASW,CE,Federal Contract Tower,0,6,16,0,22,0,17,67,4,88,0,23,83,4,110,96,2,98,208
09/05/2021,GLS,TX,ASW,CE,Federal Contract Tower,0,9,17,0,26,0,21,63,0,84,0,30,80,0,110,136,0,136,246
09/06/2021,GLS,TX,ASW,CE,Federal Contract Tower,0,4,18,0,22,0,12,27,8,47,0,16,45,8,69,98,0,98,167
09/07/2021,GLS,TX,ASW,CE,Federal Contract Tower,0,8,16,0,24,0,9,21,0,30,0,17,37,0,54,36,0,36,90
09/08/2021,GLS,TX,ASW,CE,Federal Contract Tower,0,10,14,0,24,0,17,20,0,37,0,27,34,0,61,24,0,24,85
09/09/2021,GLS,TX,ASW,CE,Federal Contract Tower,0,15,7,2,24,0,6,47,0,53,0,21,54,2,77,44,0,44,121
09/10/2021,GLS,TX,ASW,CE,Federal Contract Tower,0,10,13,5,28,0,16,59,3,78,0,26,72,8,106,74,8,82,188
09/11/2021,GLS,TX,ASW,CE,Federal Contract Tower,0,12,9,0,21,0,22,60,4,86,0,34,69,4,107,76,0,76,183
09/12/2021,GLS,TX,ASW,CE,Federal Contract Tower,0,7,6,4,17,0,39,31,5,75,0,46,37,9,92,92,6,98,190
09/13/2021,GLS,TX,ASW,CE,Federal Contract Tower,0,0,2,0,2,0,2,1,0,3,0,2,3,0,5,0,0,0,5
09/14/2021,GLS,TX,ASW,CE,Federal Contract Tower,0,0,2,0,2,0,0,0,0,0,0,0,2,0,2,0,0,0,2
09/15/2021,GLS,TX,ASW,CE,Federal Contract Tower,0,11,6,1,18,0,2,9,1,12,0,13,15,2,30,4,0,4,34
09/16/2021,GLS,TX,ASW,CE,Federal Contract Tower,0,20,17,5,42,0,11,10,3,24,0,31,27,8,66,8,0,8,74
09/17/2021,GLS,TX,ASW,CE,Federal Contract Tower,0,18,12,2,32,0,19,29,0,48,0,37,41,2,80,42,0,42,122
09/18/2021,GLS,TX,ASW,CE,Federal Contract Tower,0,5,7,0,12,0,8,26,0,34,0,13,33,0,46,54,0,54,100
09/19/2021,GLS,TX,ASW,CE,Federal Contract Tower,0,7,4,5,16,0,15,21,1,37,0,22,25,6,53,70,0,70,123
09/21/2021,GLS,TX,ASW,CE,Federal Contract Tower,0,6,8,0,14,0,15,18,0,33,0,21,26,0,47,56,0,56,103
09/22/2021,GLS,TX,ASW,CE,Federal Contract Tower,0,10,11,2,23,0,32,14,0,46,0,42,25,2,69,10,0,10,79
09/23/2021,GLS,TX,ASW,CE,Federal Contract Tower,0,9,6,0,15,0,12,39,2,53,0,21,45,2,68,34,0,34,102
09/24/2021,GLS,TX,ASW,CE,Federal Contract Tower,0,8,14,8,30,0,14,55,0,69,0,22,69,8,99,72,0,72,171
09/25/2021,GLS,TX,ASW,CE,Federal Contract Tower,0,2,11,0,13,0,12,79,0,91,0,14,90,0,104,88,0,88,192
09/26/2021,GLS,TX,ASW,CE,Federal Contract Tower,0,5,13,0,18,0,8,80,0,88,0,13,93,0,106,82,0,82,188
09/27/2021,GLS,TX,ASW,CE,Federal Contract Tower,0,2,6,0,8,0,12,19,0,31,0,14,25,0,39,44,0,44,83
09/28/2021,GLS,TX,ASW,CE,Federal Contract Tower,0,13,0,0,13,0,2,5,0,7,0,15,5,0,20,16,0,16,36
09/29/2021,GLS,TX,ASW,CE,Federal Contract Tower,0,13,3,0,16,0,13,8,2,23,0,26,11,2,39,28,0,28,67
09/30/2021,GLS,TX,ASW,CE,Federal Contract Tower,0,17,5,0,22,0,12,9,0,21,0,29,14,0,43,22,0,22,65
10/01/2021,GLS,TX,ASW,CE,Federal Contract Tower,0,8,5,0,13,0,13,1,0,14,0,21,6,0,27,8,0,8,35
10/02/2021,GLS,TX,ASW,CE,Federal Contract Tower,0,10,4,2,16,0,13,6,0,19,0,23,10,2,35,24,0,24,59
10/03/2021,GLS,TX,ASW,CE,Federal Contract Tower,0,8,12,0,20,0,4,25,0,29,0,12,37,0,49,58,0,58,107
10/04/2021,GLS,TX,ASW,CE,Federal Contract Tower,0,8,16,2,26,0,12,26,0,38,0,20,42,2,64,90,0,90,154
10/05/2021,GLS,TX,ASW,CE,Federal Contract Tower,0,14,21,2,37,0,7,38,0,45,0,21,59,2,82,46,0,46,128
10/06/2021,GLS,TX,ASW,CE,Federal Contract Tower,0,11,20,0,31,0,21,27,2,50,0,32,47,2,81,26,18,44,125
10/07/2021,GLS,TX,ASW,CE,Federal Contract Tower,0,6,17,1,24,0,14,41,1,56,0,20,58,2,80,66,0,66,146
10/08/2021,GLS,TX,ASW,CE,Federal Contract Tower,0,10,20,2,32,0,17,67,0,84,0,27,87,2,116,48,0,48,164
10/09/2021,GLS,TX,ASW,CE,Federal Contract Tower,0,5,13,0,18,0,29,70,0,99,0,34,83,0,117,112,0,112,229
10/10/2021,GLS,TX,ASW,CE,Federal Contract Tower,0,5,10,0,15,0,15,22,0,37,0,20,32,0,52,8,0,8,60
10/11/2021,GLS,TX,ASW,CE,Federal Contract Tower,0,2,21,0,23,0,8,14,1,23,0,10,35,1,46,48,0,48,94
10/12/2021,GLS,TX,ASW,CE,Federal Contract Tower,0,15,15,2,32,0,17,11,2,30,0,32,26,4,62,22,2,24,86
10/13/2021,GLS,TX,ASW,CE,Federal Contract Tower,0,13,22,2,37,0,18,17,2,37,0,31,39,4,74,44,0,44,118
10/14/2021,GLS,TX,ASW,CE,Federal Contract Tower,0,10,15,0,25,0,28,2,0,30,0,38,17,0,55,14,0,14,69
10/15/2021,GLS,TX,ASW,CE,Federal Contract Tower,0,13,15,0,28,0,22,26,0,48,0,35,41,0,76,40,0,40,116
10/16/2021,GLS,TX,ASW,CE,Federal Contract Tower,0,3,3,0,6,0,10,18,2,30,0,13,21,2,36,50,10,60,96
10/17/2021,GLS,TX,ASW,CE,Federal Contract Tower,0,6,4,0,10,0,14,48,0,62,0,20,52,0,72,82,0,82,154
10/18/2021,GLS,TX,ASW,CE,Federal Contract Tower,0,6,9,0,15,0,23,31,0,54,0,29,40,0,69,42,0,42,111
10/19/2021,GLS,TX,ASW,CE,Federal Contract Tower,0,10,26,0,36,0,20,16,17,53,0,30,42,17,89,16,0,16,105
10/20/2021,GLS,TX,ASW,CE,Federal Contract Tower,0,9,19,0,28,0,16,19,8,43,0,25,38,8,71,48,6,54,125
10/21/2021,GLS,TX,ASW,CE,Federal Contract Tower,0,16,10,0,26,0,20,32,12,64,0,36,42,12,90,34,0,34,124
10/22/2021,GLS,TX,ASW,CE,Federal Contract Tower,0,15,7,0,22,0,14,32,2,48,0,29,39,2,70,30,4,34,104
10/23/2021,GLS,TX,ASW,CE,Federal Contract Tower,0,10,6,0,16,0,7,36,2,45,0,17,42,2,61,52,13,65,126
10/24/2021,GLS,TX,ASW,CE,Federal Contract Tower,0,16,14,0,30,0,19,40,0,59,0,35,54,0,89,72,0,72,161
10/25/2021,GLS,TX,ASW,CE,Federal Contract Tower,0,7,14,2,23,0,15,12,1,28,0,22,26,3,51,20,18,38,89
10/26/2021,GLS,TX,ASW,CE,Federal Contract Tower,0,7,25,0,32,0,16,13,0,29,0,23,38,0,61,40,0,40,101
10/27/2021,GLS,TX,ASW,CE,Federal Contract Tower,0,5,5,0,10,0,6,6,0,12,0,11,11,0,22,12,0,12,34
10/28/2021,GLS,TX,ASW,CE,Federal Contract Tower,0,12,9,0,21,0,8,5,0,13,0,20,14,0,34,0,0,0,34
10/29/2021,GLS,TX,ASW,CE,Federal Contract Tower,0,3,12,4,19,0,11,10,0,21,0,14,22,4,40,4,0,4,44
10/30/2021,GLS,TX,ASW,CE,Federal Contract Tower,0,4,22,0,26,0,7,58,0,65,0,11,80,0,91,108,0,108,199
10/31/2021,GLS,TX,ASW,CE,Federal Contract Tower,0,0,20,0,20,0,7,49,0,56,0,7,69,0,76,94,0,94,170
11/01/2021,GLS,TX,ASW,CE,Federal Contract Tower,0,10,19,0,29,0,5,57,0,62,0,15,76,0,91,38,0,38,129
11/02/2021,GLS,TX,ASW,CE,Federal Contract Tower,0,8,13,0,21,0,13,23,0,36,0,21,36,0,57,30,0,30,87
11/03/2021,GLS,TX,ASW,CE,Federal Contract Tower,0,10,8,1,19,0,23,4,3,30,0,33,12,4,49,18,0,18,67
11/04/2021,GLS,TX,ASW,CE,Federal Contract Tower,0,29,10,2,41,0,2,5,0,7,0,31,15,2,48,16,0,16,64
11/05/2021,GLS,TX,ASW,CE,Federal Contract Tower,0,15,8,4,27,0,16,51,0,67,0,31,59,4,94,46,0,46,140
11/06/2021,GLS,TX,ASW,CE,Federal Contract Tower,0,5,15,0,20,0,13,50,0,63,0,18,65,0,83,112,0,112,195
11/07/2021,GLS,TX,ASW,CE,Federal Contract Tower,0,5,2,0,7,0,18,45,2,65,0,23,47,2,72,72,0,72,144
11/08/2021,GLS,TX,ASW,CE,Federal Contract Tower,0,1,9,0,10,0,7,33,0,40,0,8,42,0,50,82,0,82,132
11/09/2021,GLS,TX,ASW,CE,Federal Contract Tower,0,13,22,0,35,0,23,19,0,42,0,36,41,0,77,28,0,28,105
11/10/2021,GLS,TX,ASW,CE,Federal Contract Tower,0,7,20,0,27,0,19,9,0,28,0,26,29,0,55,34,0,34,89
11/11/2021,GLS,TX,ASW,CE,Federal Contract Tower,0,14,13,0,27,0,10,20,0,30,0,24,33,0,57,22,0,22,79
11/12/2021,GLS,TX,ASW,CE,Federal Contract Tower,0,10,12,0,22,0,17,50,0,67,0,27,62,0,89,150,0,150,239
11/13/2021,GLS,TX,ASW,CE,Federal Contract Tower,0,3,9,0,12,0,12,49,0,61,0,15,58,0,73,68,0,68,141
11/14/2021,GLS,TX,ASW,CE,Federal Contract Tower,0,4,11,0,15,0,5,56,0,61,0,9,67,0,76,64,0,64,140
11/15/2021,GLS,TX,ASW,CE,Federal Contract Tower,0,2,6,1,9,0,15,28,2,45,0,17,34,3,54,50,18,68,122
11/16/2021,GLS,TX,ASW,CE,Federal Contract Tower,0,3,25,3,31,0,19,65,1,85,0,22,90,4,116,36,0,36,152
11/17/2021,GLS,TX,ASW,CE,Federal Contract Tower,0,7,21,0,28,0,15,24,0,39,0,22,45,0,67,84,0,84,151
11/18/2021,GLS,TX,ASW,CE,Federal Contract Tower,0,8,9,0,17,0,13,16,0,29,0,21,25,0,46,18,0,18,64
11/19/2021,GLS,TX,ASW,CE,Federal Contract Tower,0,4,9,0,13,0,18,42,2,62,0,22,51,2,75,80,0,80,155
11/20/2021,GLS,TX,ASW,CE,Federal Contract Tower,0,2,15,0,17,0,6,58,0,64,0,8,73,0,81,66,0,66,147
11/21/2021,GLS,TX,ASW,CE,Federal Contract Tower,0,5,12,0,17,0,8,12,0,20,0,13,24,0,37,50,0,50,87
11/22/2021,GLS,TX,ASW,CE,Federal Contract Tower,0,2,9,2,13,0,12,45,0,57,0,14,54,2,70,74,0,74,144
11/23/2021,GLS,TX,ASW,CE,Federal Contract Tower,0,5,19,8,32,0,15,42,2,59,0,20,61,10,91,42,2,44,135
11/24/2021,GLS,TX,ASW,CE,Federal Contract Tower,0,6,17,3,26,0,16,30,1,47,0,22,47,4,73,58,0,58,131
11/25/2021,GLS,TX,ASW,CE,Federal Contract Tower,0,6,0,0,6,0,2,2,0,4,0,8,2,0,10,0,0,0,10
11/26/2021,GLS,TX,ASW,CE,Federal Contract Tower,0,4,14,0,18,0,6,51,0,57,0,10,65,0,75,94,0,94,169
11/27/2021,GLS,TX,ASW,CE,Federal Contract Tower,0,6,7,4,17,0,6,10,4,20,0,12,17,8,37,48,0,48,85
11/28/2021,GLS,TX,ASW,CE,Federal Contract Tower,0,3,26,0,29,0,4,8,0,12,0,7,34,0,41,22,0,22,63
11/29/2021,GLS,TX,ASW,CE,Federal Contract Tower,0,4,13,3,20,0,20,29,1,50,0,24,42,4,70,78,0,78,148
11/30/2021,GLS,TX,ASW,CE,Federal Contract Tower,0,5,10,0,15,0,12,44,0,56,0,17,54,0,71,34,0,34,105
12/01/2021,GLS,TX,ASW,CE,Federal Contract Tower,0,12,10,2,24,0,28,37,2,67,0,40,47,4,91,32,0,32,123
12/02/2021,GLS,TX,ASW,CE,Federal Contract Tower,0,9,29,0,38,0,10,26,2,38,0,19,55,2,76,54,6,60,136
12/03/2021,GLS,TX,ASW,CE,Federal Contract Tower,0,3,24,0,27,0,22,30,0,52,0,25,54,0,79,80,0,80,159
12/04/2021,GLS,TX,ASW,CE,Federal Contract Tower,0,6,8,0,14,0,14,24,0,38,0,20,32,0,52,66,0,66,118
12/05/2021,GLS,TX,ASW,CE,Federal Contract Tower,0,0,14,4,18,0,13,25,3,41,0,13,39,7,59,36,0,36,95
12/06/2021,GLS,TX,ASW,CE,Federal Contract Tower,0,5,8,0,13,0,6,2,0,8,0,11,10,0,21,2,0,2,23
12/07/2021,GLS,TX,ASW,CE,Federal Contract Tower,0,9,15,0,24,0,5,5,0,10,0,14,20,0,34,12,0,12,46
12/08/2021,GLS,TX,ASW,CE,Federal Contract Tower,0,9,10,0,19,0,0,0,0,0,0,9,10,0,19,0,0,0,19
12/09/2021,GLS,TX,ASW,CE,Federal Contract Tower,0,5,11,0,16,0,7,1,0,8,0,12,12,0,24,0,0,0,24
12/10/2021,GLS,TX,ASW,CE,Federal Contract Tower,0,3,19,6,28,0,10,3,0,13,0,13,22,6,41,2,0,2,43
12/11/2021,GLS,TX,ASW,CE,Federal Contract Tower,0,4,4,2,10,0,4,10,0,14,0,8,14,2,24,4,0,4,28
12/12/2021,GLS,TX,ASW,CE,Federal Contract Tower,0,2,15,0,17,0,10,55,0,65,0,12,70,0,82,40,0,40,122
12/13/2021,GLS,TX,ASW,CE,Federal Contract Tower,0,2,16,2,20,0,4,1,0,5,0,6,17,2,25,0,0,0,25
12/14/2021,GLS,TX,ASW,CE,Federal Contract Tower,0,6,5,4,15,0,0,3,0,3,0,6,8,4,18,0,0,0,18
12/15/2021,GLS,TX,ASW,CE,Federal Contract Tower,0,5,11,2,18,0,15,8,0,23,0,20,19,2,41,10,0,10,51
12/16/2021,GLS,TX,ASW,CE,Federal Contract Tower,0,11,27,6,44,0,8,31,0,39,0,19,58,6,83,36,0,36,119
12/17/2021,GLS,TX,ASW,CE,Federal Contract Tower,0,3,22,0,25,0,4,39,0,43,0,7,61,0,68,42,0,42,110
12/18/2021,GLS,TX,ASW,CE,Federal Contract Tower,0,2,9,6,17,0,1,0,0,1,0,3,9,6,18,14,0,14,32
12/19/2021,GLS,TX,ASW,CE,Federal Contract Tower,0,12,0,0,12,0,10,35,0,45,0,22,35,0,57,54,0,54,111
12/20/2021,GLS,TX,ASW,CE,Federal Contract Tower,0,3,9,0,12,0,14,39,0,53,0,17,48,0,65,84,0,84,149
12/21/2021,GLS,TX,ASW,CE,Federal Contract Tower,0,6,11,0,17,0,14,55,2,71,0,20,66,2,88,46,0,46,134
12/22/2021,GLS,TX,ASW,CE,Federal Contract Tower,0,12,11,0,23,0,28,72,0,100,0,40,83,0,123,70,0,70,193
12/23/2021,GLS,TX,ASW,CE,Federal Contract Tower,0,8,11,0,19,0,5,46,0,51,0,13,57,0,70,70,0,70,140
12/24/2021,GLS,TX,ASW,CE,Federal Contract Tower,0,3,2,0,5,0,4,49,0,53,0,7,51,0,58,60,0,60,118
12/25/2021,GLS,TX,ASW,CE,Federal Contract Tower,0,2,2,0,4,0,6,11,0,17,0,8,13,0,21,0,0,0,21
12/26/2021,GLS,TX,ASW,CE,Federal Contract Tower,0,2,20,0,22,0,4,15,0,19,0,6,35,0,41,64,0,64,105
12/27/2021,GLS,TX,ASW,CE,Federal Contract Tower,0,6,17,0,23,0,3,37,0,40,0,9,54,0,63,54,0,54,117
12/28/2021,GLS,TX,ASW,CE,Federal Contract Tower,0,13,9,0,22,0,13,16,0,29,0,26,25,0,51,92,0,92,143
12/29/2021,GLS,TX,ASW,CE,Federal Contract Tower,0,8,12,1,21,0,13,13,1,27,0,21,25,2,48,54,0,54,102
12/30/2021,GLS,TX,ASW,CE,Federal Contract Tower,0,6,1,0,7,0,0,1,0,1,0,6,2,0,8,4,0,4,12
12/31/2021,GLS,TX,ASW,CE,Federal Contract Tower,0,5,10,0,15,0,4,13,0,17,0,9,23,0,32,8,0,8,40
01/01/2022,GLS,TX,ASW,CE,Federal Contract Tower,0,2,4,0,6,0,2,7,0,9,0,4,11,0,15,16,0,16,31
01/02/2022,GLS,TX,ASW,CE,Federal Contract Tower,0,1,7,0,8,0,2,1,0,3,0,3,8,0,11,2,0,2,13
01/03/2022,GLS,TX,ASW,CE,Federal Contract Tower,0,3,10,2,15,0,3,62,0,65,0,6,72,2,80,46,0,46,126
01/04/2022,GLS,TX,ASW,CE,Federal Contract Tower,0,0,9,2,11,0,23,75,0,98,0,23,84,2,109,34,0,34,143
01/05/2022,GLS,TX,ASW,CE,Federal Contract Tower,0,1,10,3,14,0,23,55,1,79,0,24,65,4,93,50,2,52,145
01/06/2022,GLS,TX,ASW,CE,Federal Contract Tower,0,4,4,0,8,0,3,13,0,16,0,7,17,0,24,8,0,8,32
01/07/2022,GLS,TX,ASW,CE,Federal Contract Tower,0,7,13,0,20,0,5,1,0,6,0,12,14,0,26,0,0,0,26
01/08/2022,GLS,TX,ASW,CE,Federal Contract Tower,0,8,0,0,8,0,0,1,0,1,0,8,1,0,9,0,0,0,9
01/09/2022,GLS,TX,ASW,CE,Federal Contract Tower,0,1,1,0,2,0,6,2,0,8,0,7,3,0,10,16,0,16,26
01/10/2022,GLS,TX,ASW,CE,Federal Contract Tower,0,1,0,0,1,0,6,21,0,27,0,7,21,0,28,28,0,28,56
01/11/2022,GLS,TX,ASW,CE,Federal Contract Tower,0,7,15,2,24,0,8,47,0,55,0,15,62,2,79,42,0,42,121
01/12/2022,GLS,TX,ASW,CE,Federal Contract Tower,0,5,3,2,10,0,7,74,0,81,0,12,77,2,91,80,0,80,171
01/13/2022,GLS,TX,ASW,CE,Federal Contract Tower,0,7,12,0,19,0,10,47,0,57,0,17,59,0,76,62,0,62,138
01/14/2022,GLS,TX,ASW,CE,Federal Contract Tower,0,1,17,4,22,0,11,73,2,86,0,12,90,6,108,66,0,66,174
01/15/2022,GLS,TX,ASW,CE,Federal Contract Tower,0,5,0,0,5,0,0,4,0,4,0,5,4,0,9,4,0,4,13
01/16/2022,GLS,TX,ASW,CE,Federal Contract Tower,0,4,12,0,16,8,44,0,0,52,8,48,12,0,68,46,0,46,114
01/17/2022,GLS,TX,ASW,CE,Federal Contract Tower,0,2,6,4,12,0,12,90,0,102,0,14,96,4,114,69,0,69,183
01/18/2022,GLS,TX,ASW,CE,Federal Contract Tower,0,10,5,0,15,0,22,38,4,64,0,32,43,4,79,38,0,38,117
01/19/2022,GLS,TX,ASW,CE,Federal Contract Tower,0,7,7,0,14,0,12,5,4,21,0,19,12,4,35,20,0,20,55
01/20/2022,GLS,TX,ASW,CE,Federal Contract Tower,0,5,9,0,14,0,0,0,0,0,0,5,9,0,14,0,0,0,14
01/21/2022,GLS,TX,ASW,CE,Federal Contract Tower,0,0,11,0,11,0,12,33,0,45,0,12,44,0,56,38,0,38,94
01/22/2022,GLS,TX,ASW,CE,Federal Contract Tower,0,15,9,2,26,0,4,63,0,67,0,19,72,2,93,82,6,88,181
01/23/2022,GLS,TX,ASW,CE,Federal Contract Tower,0,3,16,4,23,0,11,66,0,77,0,14,82,4,100,80,0,80,180
01/24/2022,GLS,TX,ASW,CE,Federal Contract Tower,0,3,1,0,4,0,5,0,0,5,0,8,1,0,9,0,0,0,9
01/25/2022,GLS,TX,ASW,CE,Federal Contract Tower,0,8,9,4,21,0,6,1,0,7,0,14,10,4,28,0,0,0,28
01/26/2022,GLS,TX,ASW,CE,Federal Contract Tower,0,1,17,1,19,0,17,38,1,56,0,18,55,2,75,50,0,50,125
01/27/2022,GLS,TX,ASW,CE,Federal Contract Tower,0,3,8,0,11,0,7,76,4,87,0,10,84,4,98,72,0,72,170
01/28/2022,GLS,TX,ASW,CE,Federal Contract Tower,0,3,12,0,15,0,10,35,4,49,0,13,47,4,64,44,0,44,108
01/29/2022,GLS,TX,ASW,CE,Federal Contract Tower,0,3,8,0,11,0,7,76,4,87,0,10,84,4,98,72,0,72,170
01/30/2022,GLS,TX,ASW,CE,Federal Contract Tower,0,2,14,0,16,0,16,60,0,76,0,18,74,0,92,52,0,52,144
01/31/2022,GLS,TX,ASW,CE,Federal Contract Tower,0,1,1,0,2,0,8,9,0,17,0,9,10,0,19,4,0,4,23
02/01/2022,GLS,TX,ASW,CE,Federal Contract Tower,0,5,11,2,18,0,7,2,0,9,0,12,13,2,27,0,0,0,27
02/02/2022,GLS,TX,ASW,CE,Federal Contract Tower,0,9,13,2,24,0,0,0,0,0,0,9,13,2,24,0,0,0,24
02/03/2022,GLS,TX,ASW,CE,Federal Contract Tower,0,2,9,0,11,0,12,58,0,70,0,14,67,0,81,56,0,56,137
02/04/2022,GLS,TX,ASW,CE,Federal Contract Tower,0,0,0,0,0,0,0,3,0,3,0,0,3,0,3,2,0,2,5
02/05/2022,GLS,TX,ASW,CE,Federal Contract Tower,0,2,9,0,11,0,12,58,0,70,0,14,67,0,81,56,0,56,137
02/06/2022,GLS,TX,ASW,CE,Federal Contract Tower,0,0,13,0,13,0,5,58,0,63,0,5,71,0,76,86,0,86,162
02/07/2022,GLS,TX,ASW,CE,Federal Contract Tower,0,1,10,2,13,0,10,49,0,59,0,11,59,2,72,54,0,54,126
02/08/2022,GLS,TX,ASW,CE,Federal Contract Tower,0,2,17,1,20,0,20,43,0,63,0,22,60,1,83,28,0,28,111
02/09/2022,GLS,TX,ASW,CE,Federal Contract Tower,0,6,9,0,15,0,20,32,4,56,0,26,41,4,71,54,0,54,125
02/10/2022,GLS,TX,ASW,CE,Federal Contract Tower,0,2,4,0,6,0,2,1,0,3,0,4,5,0,9,30,0,30,39
02/11/2022,GLS,TX,ASW,CE,Federal Contract Tower,0,0,6,4,10,0,14,59,0,73,0,14,65,4,83,44,0,44,127
02/12/2022,GLS,TX,ASW,CE,Federal Contract Tower,0,2,4,0,6,0,2,1,0,3,0,4,5,0,9,30,0,30,39
02/13/2022,GLS,TX,ASW,CE,Federal Contract Tower,0,6,8,0,14,0,16,77,0,93,0,22,85,0,107,100,0,100,207
02/14/2022,GLS,TX,ASW,CE,Federal Contract Tower,0,2,17,0,19,0,17,42,0,59,0,19,59,0,78,70,0,70,148
02/15/2022,GLS,TX,ASW,CE,Federal Contract Tower,0,3,14,8,25,0,19,52,2,73,0,22,66,10,98,54,0,54,152
02/16/2022,GLS,TX,ASW,CE,Federal Contract Tower,0,7,8,0,15,0,15,24,0,39,0,22,32,0,54,28,0,28,82
02/17/2022,GLS,TX,ASW,CE,Federal Contract Tower,0,2,15,0,17,0,20,61,0,81,0,22,76,0,98,42,10,52,150
02/18/2022,GLS,TX,ASW,CE,Federal Contract Tower,0,3,6,0,9,0,11,35,0,46,0,14,41,0,55,40,0,40,95
02/19/2022,GLS,TX,ASW,CE,Federal Contract Tower,0,2,15,0,17,0,20,61,0,81,0,22,76,0,98,42,10,52,150
02/20/2022,GLS,TX,ASW,CE,Federal Contract Tower,0,3,23,0,26,0,15,35,0,50,0,18,58,0,76,66,0,66,142
02/21/2022,GLS,TX,ASW,CE,Federal Contract Tower,0,3,9,0,12,0,2,0,0,2,0,5,9,0,14,0,0,0,14
02/22/2022,GLS,TX,ASW,CE,Federal Contract Tower,0,8,8,4,20,0,0,9,0,9,0,8,17,4,29,0,0,0,29
02/23/2022,GLS,TX,ASW,CE,Federal Contract Tower,0,8,4,2,14,0,0,0,0,0,0,8,4,2,14,0,0,0,14
02/24/2022,GLS,TX,ASW,CE,Federal Contract Tower,0,3,7,2,12,0,0,0,0,0,0,3,7,2,12,0,0,0,12
02/25/2022,GLS,TX,ASW,CE,Federal Contract Tower,0,3,13,0,16,0,21,8,2,31,0,24,21,2,47,6,8,14,61
02/26/2022,GLS,TX,ASW,CE,Federal Contract Tower,0,3,7,2,12,0,0,0,0,0,0,3,7,2,12,0,0,0,12
02/27/2022,GLS,TX,ASW,CE,Federal Contract Tower,0,2,16,0,18,0,13,35,0,48,0,15,51,0,66,62,0,62,128
02/28/2022,GLS,TX,ASW,CE,Federal Contract Tower,0,4,5,2,11,0,21,62,1,84,0,25,67,3,95,30,0,30,125
03/01/2022,GLS,TX,ASW,CE,Federal Contract Tower,0,2,8,0,10,0,26,41,2,69,0,28,49,2,79,20,0,20,99
03/02/2022,GLS,TX,ASW,CE,Federal Contract Tower,0,7,10,0,17,0,16,56,2,74,0,23,66,2,91,58,0,58,149
03/03/2022,GLS,TX,ASW,CE,Federal Contract Tower,0,5,21,0,26,0,27,29,6,62,0,32,50,6,88,24,24,48,136
03/04/2022,GLS,TX,ASW,CE,Federal Contract Tower,0,5,21,0,26,0,27,29,6,62,0,32,50,6,88,24,24,48,136
03/05/2022,GLS,TX,ASW,CE,Federal Contract Tower,0,1,14,2,17,0,11,40,4,55,0,12,54,6,72,74,0,74,146
03/06/2022,GLS,TX,ASW,CE,Federal Contract Tower,0,3,10,6,19,0,2,4,0,6,0,5,14,6,25,4,0,4,29
03/07/2022,GLS,TX,ASW,CE,Federal Contract Tower,0,1,6,6,13,0,5,12,2,19,0,6,18,8,32,0,4,4,36
03/08/2022,GLS,TX,ASW,CE,Federal Contract Tower,0,7,2,2,11,0,3,1,0,4,0,10,3,2,15,0,0,0,15
03/09/2022,GLS,TX,ASW,CE,Federal Contract Tower,0,1,8,0,9,0,23,6,2,31,0,24,14,2,40,6,2,8,48
03/10/2022,GLS,TX,ASW,CE,Federal Contract Tower,0,13,2,0,15,0,0,0,0,0,0,13,2,0,15,0,0,0,15
03/11/2022,GLS,TX,ASW,CE,Federal Contract Tower,0,13,2,0,15,0,0,0,0,0,0,13,2,0,15,0,0,0,15
03/12/2022,GLS,TX,ASW,CE,Federal Contract Tower,0,10,17,1,28,0,30,61,0,91,0,40,78,1,119,52,0,52,171
03/13/2022,GLS,TX,ASW,CE,Federal Contract Tower,0,2,20,0,22,0,21,77,1,99,0,23,97,1,121,56,0,56,177
03/14/2022,GLS,TX,ASW,CE,Federal Contract Tower,0,3,14,2,19,0,21,33,0,54,0,24,47,2,73,36,0,36,109
03/15/2022,GLS,TX,ASW,CE,Federal Contract Tower,0,2,17,0,19,0,23,52,0,75,0,25,69,0,94,102,0,102,196
03/16/2022,GLS,TX,ASW,CE,Federal Contract Tower,0,5,19,2,26,0,16,52,2,70,0,21,71,4,96,92,4,96,192
03/17/2022,GLS,TX,ASW,CE,Federal Contract Tower,0,4,16,2,22,0,10,23,0,33,0,14,39,2,55,62,0,62,117
03/18/2022,GLS,TX,ASW,CE,Federal Contract Tower,0,9,15,0,24,0,2,18,0,20,0,11,33,0,44,84,0,84,128
03/19/2022,GLS,TX,ASW,CE,Federal Contract Tower,0,5,16,2,23,0,5,72,2,79,0,10,88,4,102,116,2,118,220
03/20/2022,GLS,TX,ASW,CE,Federal Contract Tower,0,2,6,0,8,0,21,50,0,71,0,23,56,0,79,72,0,72,151
03/21/2022,GLS,TX,ASW,CE,Federal Contract Tower,0,4,2,0,6,0,0,0,0,0,0,4,2,0,6,0,0,0,6
03/22/2022,GLS,TX,ASW,CE,Federal Contract Tower,0,7,12,0,19,0,5,12,0,17,0,12,24,0,36,12,0,12,48
03/23/2022,GLS,TX,ASW,CE,Federal Contract Tower,0,9,10,3,22,0,21,23,8,52,0,30,33,11,74,14,6,20,94
03/24/2022,GLS,TX,ASW,CE,Federal Contract Tower,0,7,24,0,31,0,6,19,2,27,0,13,43,2,58,4,0,4,62
03/25/2022,GLS,TX,ASW,CE,Federal Contract Tower,0,6,8,1,15,0,20,71,1,92,0,26,79,2,107,48,6,54,161
03/26/2022,GLS,TX,ASW,CE,Federal Contract Tower,0,11,30,0,41,0,16,61,2,79,0,27,91,2,120,44,12,56,176
03/27/2022,GLS,TX,ASW,CE,Federal Contract Tower,0,7,24,0,31,0,13,62,0,75,0,20,86,0,106,40,0,40,146
03/28/2022,GLS,TX,ASW,CE,Federal Contract Tower,0,1,26,2,29,0,19,40,0,59,0,20,66,2,88,34,0,34,122
03/29/2022,GLS,TX,ASW,CE,Federal Contract Tower,0,4,14,0,18,0,11,13,1,25,0,15,27,1,43,18,22,40,83
03/30/2022,GLS,TX,ASW,CE,Federal Contract Tower,0,0,4,0,4,0,4,2,0,6,0,4,6,0,10,2,0,2,12
03/31/2022,GLS,TX,ASW,CE,Federal Contract Tower,0,4,18,0,22,0,25,47,0,72,0,29,65,0,94,44,0,44,138
04/01/2022,GLS,TX,ASW,CE,Federal Contract Tower,0,6,17,2,25,0,20,45,0,65,0,26,62,2,90,38,0,38,128
04/02/2022,GLS,TX,ASW,CE,Federal Contract Tower,0,9,22,3,34,0,37,55,0,92,0,46,77,3,126,62,0,62,188
04/03/2022,GLS,TX,ASW,CE,Federal Contract Tower,0,10,22,0,32,0,23,82,3,108,0,33,104,3,140,12,22,34,174
04/04/2022,GLS,TX,ASW,CE,Federal Contract Tower,0,1,5,4,10,0,9,14,0,23,0,10,19,4,33,6,0,6,39
04/05/2022,GLS,TX,ASW,CE,Federal Contract Tower,0,14,14,6,34,0,0,3,0,3,0,14,17,6,37,0,0,0,37
04/06/2022,GLS,TX,ASW,CE,Federal Contract Tower,0,6,15,0,21,0,4,14,0,18,0,10,29,0,39,20,0,20,59
04/07/2022,GLS,TX,ASW,CE,Federal Contract Tower,0,6,15,2,23,0,15,23,0,38,0,21,38,2,61,32,0,32,93
04/08/2022,GLS,TX,ASW,CE,Federal Contract Tower,0,0,8,2,10,0,24,26,8,58,0,24,34,10,68,22,26,48,116
04/09/2022,GLS,TX,ASW,CE,Federal Contract Tower,0,4,11,0,15,0,44,98,0,142,0,48,109,0,157,88,0,88,245
04/10/2022,GLS,TX,ASW,CE,Federal Contract Tower,0,3,10,0,13,0,6,30,0,36,0,9,40,0,49,22,0,22,71
04/11/2022,GLS,TX,ASW,CE,Federal Contract Tower,0,3,18,0,21,0,18,36,2,56,0,21,54,2,77,14,20,34,111
04/12/2022,GLS,TX,ASW,CE,Federal Contract Tower,0,6,7,0,13,0,4,0,0,4,0,10,7,0,17,0,0,0,17
04/13/2022,GLS,TX,ASW,CE,Federal Contract Tower,0,14,8,0,22,0,6,0,0,6,0,20,8,0,28,0,0,0,28
04/14/2022,GLS,TX,ASW,CE,Federal Contract Tower,0,2,15,0,17,0,20,29,0,49,0,22,44,0,66,28,0,28,94
04/15/2022,GLS,TX,ASW,CE,Federal Contract Tower,0,4,16,0,20,0,0,2,0,2,0,4,18,0,22,0,0,0,22
04/16/2022,GLS,TX,ASW,CE,Federal Contract Tower,0,5,10,0,15,0,14,78,0,92,0,19,88,0,107,94,0,94,201
04/17/2022,GLS,TX,ASW,CE,Federal Contract Tower,0,1,16,0,17,0,4,17,0,21,0,5,33,0,38,2,0,2,40
04/18/2022,GLS,TX,ASW,CE,Federal Contract Tower,0,2,14,3,19,0,14,58,0,72,0,16,72,3,91,98,0,98,189
04/19/2022,GLS,TX,ASW,CE,Federal Contract Tower,0,4,8,0,12,0,20,27,0,47,0,24,35,0,59,20,0,20,79
04/20/2022,GLS,TX,ASW,CE,Federal Contract Tower,0,3,13,0,16,0,16,16,2,34,0,19,29,2,50,20,0,20,70
04/21/2022,GLS,TX,ASW,CE,Federal Contract Tower,0,11,20,2,33,0,5,10,0,15,0,16,30,2,48,10,0,10,58
04/22/2022,GLS,TX,ASW,CE,Federal Contract Tower,0,8,15,2,25,0,8,32,0,40,0,16,47,2,65,38,0,38,103
04/23/2022,GLS,TX,ASW,CE,Federal Contract Tower,0,4,8,2,14,0,11,36,0,47,0,15,44,2,61,28,0,28,89
04/24/2022,GLS,TX,ASW,CE,Federal Contract Tower,0,4,19,0,23,0,6,16,2,24,0,10,35,2,47,6,8,14,61
04/25/2022,GLS,TX,ASW,CE,Federal Contract Tower,0,9,15,8,32,0,8,6,0,14,0,17,21,8,46,44,0,44,90
04/26/2022,GLS,TX,ASW,CE,Federal Contract Tower,0,4,8,0,12,0,18,15,0,33,0,22,23,0,45,18,0,18,63
04/27/2022,GLS,TX,ASW,CE,Federal Contract Tower,0,6,22,0,28,0,14,26,2,42,0,20,48,2,70,26,2,28,98
04/28/2022,GLS,TX,ASW,CE,Federal Contract Tower,0,5,19,0,24,0,0,51,0,51,0,5,70,0,75,92,0,92,167
04/29/2022,GLS,TX,ASW,CE,Federal Contract Tower,0,5,30,0,35,0,16,42,0,58,0,21,72,0,93,46,0,46,139
04/30/2022,GLS,TX,ASW,CE,Federal Contract Tower,0,4,15,0,19,0,11,68,0,79,0,15,83,0,98,36,0,36,134
05/01/2022,GLS,TX,ASW,CE,Federal Contract Tower,0,4,24,0,28,0,17,61,0,78,0,21,85,0,106,34,0,34,140
05/02/2022,GLS,TX,ASW,CE,Federal Contract Tower,0,2,15,0,17,0,21,34,1,56,0,23,49,1,73,34,0,34,107
05/03/2022,GLS,TX,ASW,CE,Federal Contract Tower,0,5,21,0,26,0,28,33,1,62,0,33,54,1,88,46,0,46,134
05/04/2022,GLS,TX,ASW,CE,Federal Contract Tower,0,5,25,2,32,0,10,20,2,32,0,15,45,4,64,44,0,44,108
05/05/2022,GLS,TX,ASW,CE,Federal Contract Tower,0,3,9,0,12,0,18,6,5,29,0,21,15,5,41,4,0,4,45
05/06/2022,GLS,TX,ASW,CE,Federal Contract Tower,0,8,30,0,38,0,7,33,3,43,0,15,63,3,81,50,0,50,131
05/07/2022,GLS,TX,ASW,CE,Federal Contract Tower,0,5,18,0,23,0,10,35,0,45,0,15,53,0,68,48,0,48,116
05/08/2022,GLS,TX,ASW,CE,Federal Contract Tower,0,2,10,0,12,0,10,39,0,49,0,12,49,0,61,36,0,36,97
05/09/2022,GLS,TX,ASW,CE,Federal Contract Tower,0,3,17,3,23,0,14,38,8,60,0,17,55,11,83,16,26,42,125
05/10/2022,GLS,TX,ASW,CE,Federal Contract Tower,0,6,6,0,12,0,29,43,0,72,0,35,49,0,84,48,0,48,132
05/11/2022,GLS,TX,ASW,CE,Federal Contract Tower,0,4,21,0,25,0,19,39,3,61,0,23,60,3,86,24,6,30,116
05/12/2022,GLS,TX,ASW,CE,Federal Contract Tower,0,6,14,2,22,0,10,38,4,52,0,16,52,6,74,30,0,30,104
05/13/2022,GLS,TX,ASW,CE,Federal Contract Tower,0,3,15,4,22,0,9,57,0,66,0,12,72,4,88,46,6,52,140
05/14/2022,GLS,TX,ASW,CE,Federal Contract Tower,0,3,10,0,13,0,7,85,0,92,0,10,95,0,105,48,0,48,153
05/15/2022,GLS,TX,ASW,CE,Federal Contract Tower,0,2,12,0,14,0,5,62,2,69,0,7,74,2,83,30,8,38,121
05/16/2022,GLS,TX,ASW,CE,Federal Contract Tower,0,0,6,0,6,0,21,50,3,74,0,21,56,3,80,54,14,68,148
05/17/2022,GLS,TX,ASW,CE,Federal Contract Tower,0,4,11,3,18,0,15,40,1,56,0,19,51,4,74,10,0,10,84
05/18/2022,GLS,TX,ASW,CE,Federal Contract Tower,0,1,31,2,34,0,19,39,1,59,0,20,70,3,93,66,0,66,159
05/19/2022,GLS,TX,ASW,CE,Federal Contract Tower,0,6,13,0,19,0,4,33,1,38,0,10,46,1,57,72,0,72,129
05/20/2022,GLS,TX,ASW,CE,Federal Contract Tower,0,4,8,2,14,0,17,29,2,48,0,21,37,4,62,16,10,26,88
05/21/2022,GLS,TX,ASW,CE,Federal Contract Tower,0,4,12,0,16,0,13,55,0,68,0,17,67,0,84,22,0,22,106
05/22/2022,GLS,TX,ASW,CE,Federal Contract Tower,0,1,17,0,18,0,5,30,0,35,0,6,47,0,53,20,0,20,73
05/23/2022,GLS,TX,ASW,CE,Federal Contract Tower,0,2,21,0,23,0,21,32,0,53,0,23,53,0,76,44,0,44,120
05/24/2022,GLS,TX,ASW,CE,Federal Contract Tower,0,4,2,0,6,0,4,6,0,10,0,8,8,0,16,8,0,8,24
05/25/2022,GLS,TX,ASW,CE,Federal Contract Tower,0,6,0,0,6,0,17,12,0,29,0,23,12,0,35,28,4,32,67
05/26/2022,GLS,TX,ASW,CE,Federal Contract Tower,0,6,15,0,21,0,9,40,0,49,0,15,55,0,70,58,4,62,132
05/27/2022,GLS,TX,ASW,CE,Federal Contract Tower,0,1,4,2,7,0,17,59,0,76,0,18,63,2,83,38,0,38,121
05/28/2022,GLS,TX,ASW,CE,Federal Contract Tower,0,5,8,0,13,0,10,61,0,71,0,15,69,0,84,118,0,118,202
05/29/2022,GLS,TX,ASW,CE,Federal Contract Tower,0,3,15,0,18,0,11,41,0,52,0,14,56,0,70,68,0,68,138
05/30/2022,GLS,TX,ASW,CE,Federal Contract Tower,0,5,18,0,23,0,12,39,0,51,0,17,57,0,74,82,0,82,156
05/31/2022,GLS,TX,ASW,CE,Federal Contract Tower,0,6,24,0,30,0,23,37,2,62,0,29,61,2,92,68,0,68,160
06/01/2022,GLS,TX,ASW,CE,Federal Contract Tower,0,2,6,0,8,0,16,13,0,29,0,18,19,0,37,62,0,62,99
06/02/2022,GLS,TX,ASW,CE,Federal Contract Tower,0,8,20,0,28,0,10,19,0,29,0,18,39,0,57,16,0,16,73
06/03/2022,GLS,TX,ASW,CE,Federal Contract Tower,0,7,12,2,21,0,17,50,2,69,0,24,62,4,90,50,2,52,142
06/04/2022,GLS,TX,ASW,CE,Federal Contract Tower,0,0,7,0,7,0,10,60,0,70,0,10,67,0,77,74,0,74,151
06/05/2022,GLS,TX,ASW,CE,Federal Contract Tower,0,3,11,8,22,0,11,74,0,85,0,14,85,8,107,88,0,88,195
06/06/2022,GLS,TX,ASW,CE,Federal Contract Tower,0,0,2,1,3,0,20,27,0,47,0,20,29,1,50,32,0,32,82
06/07/2022,GLS,TX,ASW,CE,Federal Contract Tower,0,9,8,0,17,0,17,12,2,31,0,26,20,2,48,70,0,70,118
06/08/2022,GLS,TX,ASW,CE,Federal Contract Tower,0,0,15,0,15,0,19,38,0,57,0,19,53,0,72,64,0,64,136
06/09/2022,GLS,TX,ASW,CE,Federal Contract Tower,0,4,21,2,27,0,18,71,2,91,0,22,92,4,118,104,4,108,226
06/10/2022,GLS,TX,ASW,CE,Federal Contract Tower,0,3,8,0,11,0,16,35,0,51,0,19,43,0,62,40,0,40,102
06/11/2022,GLS,TX,ASW,CE,Federal Contract Tower,0,0,11,0,11,0,1,61,0,62,0,1,72,0,73,108,0,108,181
06/12/2022,GLS,TX,ASW,CE,Federal Contract Tower,0,10,12,2,24,0,20,71,0,91,0,30,83,2,115,64,0,64,179
06/13/2022,GLS,TX,ASW,CE,Federal Contract Tower,0,4,0,0,4,0,31,68,0,99,0,35,68,0,103,64,0,64,167
06/14/2022,GLS,TX,ASW,CE,Federal Contract Tower,0,12,10,2,24,0,17,31,0,48,0,29,41,2,72,48,0,48,120
06/15/2022,GLS,TX,ASW,CE,Federal Contract Tower,0,8,14,0,22,0,26,29,6,61,0,34,43,6,83,70,0,70,153
06/16/2022,GLS,TX,ASW,CE,Federal Contract Tower,0,9,13,0,22,0,13,36,0,49,0,22,49,0,71,68,0,68,139
06/17/2022,GLS,TX,ASW,CE,Federal Contract Tower,0,6,13,0,19,0,15,27,0,42,0,21,40,0,61,84,0,84,145
06/18/2022,GLS,TX,ASW,CE,Federal Contract Tower,0,3,20,0,23,0,14,51,0,65,0,17,71,0,88,98,0,98,186
06/19/2022,GLS,TX,ASW,CE,Federal Contract Tower,0,8,11,0,19,0,10,44,0,54,0,18,55,0,73,72,0,72,145
06/20/2022,GLS,TX,ASW,CE,Federal Contract Tower,0,2,26,6,34,0,11,30,0,41,0,13,56,6,75,56,0,56,131
06/21/2022,GLS,TX,ASW,CE,Federal Contract Tower,0,5,6,2,13,0,11,20,0,31,0,16,26,2,44,68,0,68,112
06/22/2022,GLS,TX,ASW,CE,Federal Contract Tower,0,9,6,2,17,0,16,45,0,61,0,25,51,2,78,78,0,78,156
06/23/2022,GLS,TX,ASW,CE,Federal Contract Tower,0,7,18,0,25,0,12,44,0,56,0,19,62,0,81,44,0,44,125
06/24/2022,GLS,TX,ASW,CE,Federal Contract Tower,0,4,31,3,38,0,14,49,0,63,0,18,80,3,101,104,8,112,213
06/25/2022,GLS,TX,ASW,CE,Federal Contract Tower,0,4,17,0,21,0,12,37,0,49,0,16,54,0,70,166,12,178,248
06/26/2022,GLS,TX,ASW,CE,Federal Contract Tower,0,8,6,0,14,0,18,60,2,80,0,26,66,2,94,104,0,104,198
06/27/2022,GLS,TX,ASW,CE,Federal Contract Tower,0,1,7,1,9,0,16,34,0,50,0,17,41,1,59,56,0,56,115
06/28/2022,GLS,TX,ASW,CE,Federal Contract Tower,0,2,13,0,15,0,28,39,18,85,0,30,52,18,100,38,0,38,138
06/29/2022,GLS,TX,ASW,CE,Federal Contract Tower,0,0,5,0,5,0,9,11,24,44,0,9,16,24,49,30,0,30,79
06/30/2022,GLS,TX,ASW,CE,Federal Contract Tower,0,1,8,0,9,0,2,3,0,5,0,3,11,0,14,0,0,0,14
07/01/2022,GLS,TX,ASW,CE,Federal Contract Tower,0,12,9,0,21,0,7,4,0,11,0,19,13,0,32,32,0,32,64
07/02/2022,GLS,TX,ASW,CE,Federal Contract Tower,0,7,16,0,23,0,9,15,0,24,0,16,31,0,47,74,0,74,121
07/03/2022,GLS,TX,ASW,CE,Federal Contract Tower,0,3,12,0,15,0,9,40,0,49,0,12,52,0,64,80,0,80,144
07/04/2022,GLS,TX,ASW,CE,Federal Contract Tower,0,0,4,0,4,0,22,38,0,60,0,22,42,0,64,98,0,98,162
07/05/2022,GLS,TX,ASW,CE,Federal Contract Tower,0,4,13,2,19,0,13,65,0,78,0,17,78,2,97,82,0,82,179
07/06/2022,GLS,TX,ASW,CE,Federal Contract Tower,0,4,7,0,11,0,20,28,0,48,0,24,35,0,59,60,0,60,119
07/07/2022,GLS,TX,ASW,CE,Federal Contract Tower,0,9,7,2,18,0,14,39,0,53,0,23,46,2,71,84,0,84,155
07/08/2022,GLS,TX,ASW,CE,Federal Contract Tower,0,2,5,3,10,0,8,34,1,43,0,10,39,4,53,88,0,88,141
07/09/2022,GLS,TX,ASW,CE,Federal Contract Tower,0,2,16,0,18,0,7,57,6,70,0,9,73,6,88,110,6,116,204
07/10/2022,GLS,TX,ASW,CE,Federal Contract Tower,0,8,12,2,22,0,0,12,78,90,0,8,24,80,112,46,0,46,158
07/11/2022,GLS,TX,ASW,CE,Federal Contract Tower,0,1,5,2,8,0,16,42,2,60,0,17,47,4,68,44,0,44,112
07/12/2022,GLS,TX,ASW,CE,Federal Contract Tower,0,5,11,0,16,0,21,40,0,61,0,26,51,0,77,60,0,60,137
07/13/2022,GLS,TX,ASW,CE,Federal Contract Tower,0,2,13,0,15,0,21,36,8,65,0,23,49,8,80,74,0,74,154
07/14/2022,GLS,TX,ASW,CE,Federal Contract Tower,0,8,10,0,18,0,12,22,0,34,0,20,32,0,52,48,0,48,100
07/15/2022,GLS,TX,ASW,CE,Federal Contract Tower,0,6,8,0,14,0,4,14,0,18,0,10,22,0,32,78,0,78,110
07/16/2022,GLS,TX,ASW,CE,Federal Contract Tower,0,1,11,0,12,0,14,31,2,47,0,15,42,2,59,122,6,128,187
07/17/2022,GLS,TX,ASW,CE,Federal Contract Tower,0,4,10,0,14,0,10,61,0,71,0,14,71,0,85,80,0,80,165
07/18/2022,GLS,TX,ASW,CE,Federal Contract Tower,0,5,11,2,18,0,24,44,0,68,0,29,55,2,86,78,0,78,164
07/19/2022,GLS,TX,ASW,CE,Federal Contract Tower,0,4,5,0,9,0,19,72,0,91,0,23,77,0,100,68,0,68,168
07/20/2022,GLS,TX,ASW,CE,Federal Contract Tower,0,3,5,0,8,0,16,27,0,43,0,19,32,0,51,48,0,48,99
07/21/2022,GLS,TX,ASW,CE,Federal Contract Tower,0,5,10,0,15,0,27,46,2,75,0,32,56,2,90,106,4,110,200
07/22/2022,GLS,TX,ASW,CE,Federal Contract Tower,0,4,14,0,18,0,5,28,0,33,0,9,42,0,51,86,0,86,137
07/23/2022,GLS,TX,ASW,CE,Federal Contract Tower,0,3,6,0,9,0,9,41,0,50,0,12,47,0,59,96,0,96,155
07/24/2022,GLS,TX,ASW,CE,Federal Contract Tower,0,3,14,0,17,0,14,74,7,95,0,17,88,7,112,46,16,62,174
07/25/2022,GLS,TX,ASW,CE,Federal Contract Tower,0,6,11,4,21,0,21,37,4,62,0,27,48,8,83,50,16,66,149
07/26/2022,GLS,TX,ASW,CE,Federal Contract Tower,0,5,12,0,17,0,13,16,0,29,0,18,28,0,46,106,0,106,152
07/27/2022,GLS,TX,ASW,CE,Federal Contract Tower,0,5,11,0,16,0,20,43,1,64,0,25,54,1,80,102,0,102,182
07/28/2022,GLS,TX,ASW,CE,Federal Contract Tower,0,9,2,0,11,0,19,35,1,55,0,28,37,1,66,34,0,34,100
07/29/2022,GLS,TX,ASW,CE,Federal Contract Tower,0,4,6,0,10,0,9,29,0,38,0,13,35,0,48,98,0,98,146
07/30/2022,GLS,TX,ASW,CE,Federal Contract Tower,0,0,14,0,14,0,8,48,2,58,0,8,62,2,72,80,8,88,160
07/31/2022,GLS,TX,ASW,CE,Federal Contract Tower,0,3,16,1,20,0,13,80,0,93,0,16,96,1,113,52,0,52,165
08/01/2022,GLS,TX,ASW,CE,Federal Contract Tower,0,2,5,0,7,0,9,33,0,42,0,11,38,0,49,38,0,38,87
08/02/2022,GLS,TX,ASW,CE,Federal Contract Tower,0,6,5,0,11,0,5,45,0,50,0,11,50,0,61,116,0,116,177
08/03/2022,GLS,TX,ASW,CE,Federal Contract Tower,0,1,13,0,14,0,29,37,0,66,0,30,50,0,80,92,0,92,172
08/04/2022,GLS,TX,ASW,CE,Federal Contract Tower,0,6,14,0,20,0,19,29,0,48,0,25,43,0,68,56,0,56,124
08/05/2022,GLS,TX,ASW,CE,Federal Contract Tower,0,7,5,0,12,0,12,11,0,23,0,19,16,0,35,50,0,50,85
08/06/2022,GLS,TX,ASW,CE,Federal Contract Tower,0,0,5,0,5,0,5,10,0,15,0,5,15,0,20,34,0,34,54
08/07/2022,GLS,TX,ASW,CE,Federal Contract Tower,0,5,8,0,13,0,9,41,0,50,0,14,49,0,63,34,0,34,97
08/08/2022,GLS,TX,ASW,CE,Federal Contract Tower,0,0,25,0,25,0,17,55,0,72,0,17,80,0,97,72,0,72,169
08/09/2022,GLS,TX,ASW,CE,Federal Contract Tower,0,4,15,4,23,0,13,53,0,66,0,17,68,4,89,114,2,116,205
08/10/2022,GLS,TX,ASW,CE,Federal Contract Tower,0,1,6,0,7,0,26,39,2,67,0,27,45,2,74,66,6,72,146
08/11/2022,GLS,TX,ASW,CE,Federal Contract Tower,0,9,15,0,24,0,15,33,0,48,0,24,48,0,72,56,0,56,128
08/12/2022,GLS,TX,ASW,CE,Federal Contract Tower,0,6,17,0,23,0,10,55,0,65,0,16,72,0,88,60,0,60,148
08/13/2022,GLS,TX,ASW,CE,Federal Contract Tower,0,1,10,0,11,0,14,69,1,84,0,15,79,1,95,62,0,62,157
08/14/2022,GLS,TX,ASW,CE,Federal Contract Tower,0,6,3,0,9,0,5,74,0,79,0,11,77,0,88,36,0,36,124
08/15/2022,GLS,TX,ASW,CE,Federal Contract Tower,0,1,31,0,32,0,18,58,0,76,0,19,89,0,108,50,0,50,158
08/16/2022,GLS,TX,ASW,CE,Federal Contract Tower,0,5,9,0,14,0,12,37,0,49,0,17,46,0,63,10,0,10,73
08/17/2022,GLS,TX,ASW,CE,Federal Contract Tower,0,6,18,0,24,0,29,41,0,70,0,35,59,0,94,30,0,30,124
08/18/2022,GLS,TX,ASW,CE,Federal Contract Tower,0,5,6,2,13,0,15,35,0,50,0,20,41,2,63,56,0,56,119
08/19/2022,GLS,TX,ASW,CE,Federal Contract Tower,0,5,12,0,17,0,9,11,0,20,0,14,23,0,37,14,0,14,51
08/20/2022,GLS,TX,ASW,CE,Federal Contract Tower,0,0,10,0,10,0,5,22,0,27,0,5,32,0,37,44,0,44,81
08/21/2022,GLS,TX,ASW,CE,Federal Contract Tower,0,4,6,0,10,0,5,34,0,39,0,9,40,0,49,38,0,38,87
08/22/2022,GLS,TX,ASW,CE,Federal Contract Tower,0,0,8,0,8,0,9,14,0,23,0,9,22,0,31,10,0,10,41
08/23/2022,GLS,TX,ASW,CE,Federal Contract Tower,0,3,13,0,16,0,16,31,0,47,0,19,44,0,63,56,0,56,119
08/24/2022,GLS,TX,ASW,CE,Federal Contract Tower,0,1,7,0,8,0,14,6,0,20,0,15,13,0,28,16,0,16,44
08/25/2022,GLS,TX,ASW,CE,Federal Contract Tower,0,13,9,0,22,0,18,15,0,33,0,31,24,0,55,6,0,6,61
08/26/2022,GLS,TX,ASW,CE,Federal Contract Tower,0,4,15,0,19,0,9,26,2,37,0,13,41,2,56,38,18,56,112
08/27/2022,GLS,TX,ASW,CE,Federal Contract Tower,0,6,9,0,15,0,1,25,0,26,0,7,34,0,41,76,0,76,117
08/28/2022,GLS,TX,ASW,CE,Federal Contract Tower,0,6,10,0,16,0,0,53,1,54,0,6,63,1,70,88,2,90,160
08/29/2022,GLS,TX,ASW,CE,Federal Contract Tower,0,4,4,0,8,0,4,7,0,11,0,8,11,0,19,0,0,0,19
08/30/2022,GLS,TX,ASW,CE,Federal Contract Tower,0,3,16,0,19,0,12,26,0,38,0,15,42,0,57,48,0,48,105
08/31/2022,GLS,TX,ASW,CE,Federal Contract Tower,0,1,18,0,19,0,22,33,1,56,0,23,51,1,75,40,0,40,115
09/01/2022,GLS,TX,ASW,CE,Federal Contract Tower,0,8,12,0,20,0,15,31,0,46,0,23,43,0,66,32,0,32,98
09/02/2022,GLS,TX,ASW,CE,Federal Contract Tower,0,1,18,0,19,0,6,34,0,40,0,7,52,0,59,56,0,56,115
09/03/2022,GLS,TX,ASW,CE,Federal Contract Tower,0,0,15,0,15,0,0,19,0,19,0,0,34,0,34,48,0,48,82
09/04/2022,GLS,TX,ASW,CE,Federal Contract Tower,0,5,6,0,11,0,1,19,0,20,0,6,25,0,31,40,0,40,71
09/05/2022,GLS,TX,ASW,CE,Federal Contract Tower,0,0,10,0,10,0,10,49,0,59,0,10,59,0,69,70,0,70,139
09/06/2022,GLS,TX,ASW,CE,Federal Contract Tower,0,4,3,0,7,0,12,20,0,32,0,16,23,0,39,20,0,20,59
09/07/2022,GLS,TX,ASW,CE,Federal Contract Tower,0,6,15,0,21,0,14,66,0,80,0,20,81,0,101,86,0,86,187
09/08/2022,GLS,TX,ASW,CE,Federal Contract Tower,0,9,38,0,47,0,25,36,3,64,0,34,74,3,111,48,0,48,159
09/09/2022,GLS,TX,ASW,CE,Federal Contract Tower,0,4,31,0,35,0,13,45,2,60,0,17,76,2,95,94,8,102,197
09/10/2022,GLS,TX,ASW,CE,Federal Contract Tower,0,0,16,0,16,0,6,83,0,89,0,6,99,0,105,102,0,102,207
09/11/2022,GLS,TX,ASW,CE,Federal Contract Tower,0,3,12,0,15,0,11,63,0,74,0,14,75,0,89,76,18,94,183
09/12/2022,GLS,TX,ASW,CE,Federal Contract Tower,0,0,5,0,5,0,20,54,4,78,0,20,59,4,83,74,10,84,167
09/13/2022,GLS,TX,ASW,CE,Federal Contract Tower,0,4,9,2,15,0,29,40,0,69,0,33,49,2,84,60,0,60,144
09/14/2022,GLS,TX,ASW,CE,Federal Contract Tower,0,4,7,0,11,0,18,35,0,53,0,22,42,0,64,32,0,32,96
09/15/2022,GLS,TX,ASW,CE,Federal Contract Tower,0,4,11,3,18,0,14,24,1,39,0,18,35,4,57,44,0,44,101
09/16/2022,GLS,TX,ASW,CE,Federal Contract Tower,0,3,2,0,5,0,7,19,2,28,0,10,21,2,33,24,18,42,75
09/17/2022,GLS,TX,ASW,CE,Federal Contract Tower,0,0,15,0,15,0,6,56,0,62,0,6,71,0,77,100,4,104,181
09/18/2022,GLS,TX,ASW,CE,Federal Contract Tower,0,2,7,0,9,0,2,51,2,55,0,4,58,2,64,60,4,64,128
09/19/2022,GLS,TX,ASW,CE,Federal Contract Tower,0,3,1,6,10,0,19,37,0,56,0,22,38,6,66,26,0,26,92
09/20/2022,GLS,TX,ASW,CE,Federal Contract Tower,0,6,8,0,14,0,15,26,0,41,0,21,34,0,55,84,0,84,139
09/21/2022,GLS,TX,ASW,CE,Federal Contract Tower,0,2,5,0,7,0,23,49,0,72,0,25,54,0,79,76,0,76,155
09/22/2022,GLS,TX,ASW,CE,Federal Contract Tower,0,10,16,0,26,0,5,31,0,36,0,15,47,0,62,76,0,76,138
09/23/2022,GLS,TX,ASW,CE,Federal Contract Tower,0,6,33,0,39,0,19,31,0,50,0,25,64,0,89,56,0,56,145
09/24/2022,GLS,TX,ASW,CE,Federal Contract Tower,0,2,10,0,12,0,5,60,0,65,0,7,70,0,77,100,0,100,177
09/25/2022,GLS,TX,ASW,CE,Federal Contract Tower,0,4,6,2,12,0,8,47,0,55,0,12,53,2,67,72,0,72,139
09/26/2022,GLS,TX,ASW,CE,Federal Contract Tower,0,0,16,0,16,0,10,38,0,48,0,10,54,0,64,56,0,56,120
09/27/2022,GLS,TX,ASW,CE,Federal Contract Tower,0,6,10,0,16,0,14,23,2,39,0,20,33,2,55,14,6,20,75
09/28/2022,GLS,TX,ASW,CE,Federal Contract Tower,0,5,5,2,12,0,12,34,0,46,0,17,39,2,58,22,0,22,80
09/29/2022,GLS,TX,ASW,CE,Federal Contract Tower,0,4,4,0,8,0,10,32,0,42,0,14,36,0,50,62,0,62,112
09/30/2022,GLS,TX,ASW,CE,Federal Contract Tower,0,1,4,1,6,0,12,46,1,59,0,13,50,2,65,42,0,42,107
10/01/2022,GLS,TX,ASW,CE,Federal Contract Tower,0,4,12,0,16,0,11,43,0,54,0,15,55,0,70,74,4,78,148
10/02/2022,GLS,TX,ASW,CE,Federal Contract Tower,0,2,7,0,9,0,11,51,2,64,0,13,58,2,73,52,16,68,141
10/03/2022,GLS,TX,ASW,CE,Federal Contract Tower,0,0,11,0,11,0,15,45,0,60,0,15,56,0,71,60,0,60,131
10/04/2022,GLS,TX,ASW,CE,Federal Contract Tower,0,6,9,0,15,0,10,30,0,40,0,16,39,0,55,60,0,60,115
10/05/2022,GLS,TX,ASW,CE,Federal Contract Tower,0,0,22,0,22,0,15,38,0,53,0,15,60,0,75,56,0,56,131
10/06/2022,GLS,TX,ASW,CE,Federal Contract Tower,0,5,15,2,22,0,27,55,0,82,0,32,70,2,104,80,0,80,184
10/07/2022,GLS,TX,ASW,CE,Federal Contract Tower,0,5,13,0,18,0,13,43,2,58,0,18,56,2,76,68,8,76,152
10/08/2022,GLS,TX,ASW,CE,Federal Contract Tower,0,0,11,0,11,0,6,43,0,49,0,6,54,0,60,68,0,68,128
10/09/2022,GLS,TX,ASW,CE,Federal Contract Tower,0,7,8,0,15,0,24,88,0,112,0,31,96,0,127,64,0,64,191
10/10/2022,GLS,TX,ASW,CE,Federal Contract Tower,0,0,7,0,7,0,8,37,0,45,0,8,44,0,52,48,0,48,100
10/11/2022,GLS,TX,ASW,CE,Federal Contract Tower,0,6,9,2,17,0,14,30,0,44,0,20,39,2,61,70,0,70,131
10/12/2022,GLS,TX,ASW,CE,Federal Contract Tower,0,2,8,0,10,0,29,53,6,88,0,31,61,6,98,44,12,56,154
10/13/2022,GLS,TX,ASW,CE,Federal Contract Tower,0,4,9,0,13,0,10,23,4,37,0,14,32,4,50,56,4,60,110
10/14/2022,GLS,TX,ASW,CE,Federal Contract Tower,0,2,11,3,16,0,8,33,5,46,0,10,44,8,62,58,16,74,136
10/15/2022,GLS,TX,ASW,CE,Federal Contract Tower,0,2,10,1,13,0,6,54,3,63,0,8,64,4,76,118,4,122,198
10/16/2022,GLS,TX,ASW,CE,Federal Contract Tower,0,7,8,0,15,0,11,40,0,51,0,18,48,0,66,42,0,42,108
10/17/2022,GLS,TX,ASW,CE,Federal Contract Tower,0,11,7,0,18,0,7,12,0,19,0,18,19,0,37,12,0,12,49
10/18/2022,GLS,TX,ASW,CE,Federal Contract Tower,0,7,8,0,15,0,21,15,2,38,0,28,23,2,53,2,10,12,65
10/19/2022,GLS,TX,ASW,CE,Federal Contract Tower,0,6,7,0,13,0,13,38,4,55,0,19,45,4,68,52,6,58,126
10/20/2022,GLS,TX,ASW,CE,Federal Contract Tower,0,11,15,1,27,0,13,27,1,41,0,24,42,2,68,34,0,34,102
10/21/2022,GLS,TX,ASW,CE,Federal Contract Tower,0,3,6,0,9,0,13,33,2,48,0,16,39,2,57,46,6,52,109
10/22/2022,GLS,TX,ASW,CE,Federal Contract Tower,0,2,13,0,15,0,4,43,2,49,0,6,56,2,64,78,6,84,148
10/23/2022,GLS,TX,ASW,CE,Federal Contract Tower,0,9,6,0,15,0,7,39,0,46,0,16,45,0,61,56,6,62,123
10/24/2022,GLS,TX,ASW,CE,Federal Contract Tower,0,9,6,4,19,0,12,17,2,31,0,21,23,6,50,4,10,14,64
10/25/2022,GLS,TX,ASW,CE,Federal Contract Tower,0,5,1,0,6,0,10,16,0,26,0,15,17,0,32,2,0,2,34
10/26/2022,GLS,TX,ASW,CE,Federal Contract Tower,0,2,12,0,14,0,24,40,0,64,0,26,52,0,78,46,0,46,124
10/27/2022,GLS,TX,ASW,CE,Federal Contract Tower,0,5,16,0,21,0,16,51,2,69,0,21,67,2,90,48,0,48,138
10/28/2022,GLS,TX,ASW,CE,Federal Contract Tower,0,4,3,0,7,0,2,7,0,9,0,6,10,0,16,6,0,6,22
10/29/2022,GLS,TX,ASW,CE,Federal Contract Tower,0,5,6,0,11,0,14,24,0,38,0,19,30,0,49,54,0,54,103
10/30/2022,GLS,TX,ASW,CE,Federal Contract Tower,0,4,4,0,8,0,20,52,0,72,0,24,56,0,80,38,0,38,118
10/31/2022,GLS,TX,ASW,CE,Federal Contract Tower,0,4,5,0,9,0,19,64,0,83,0,23,69,0,92,80,0,80,172
11/01/2022,GLS,TX,ASW,CE,Federal Contract Tower,0,8,4,0,12,0,5,4,0,9,0,13,8,0,21,0,0,0,21
11/02/2022,GLS,TX,ASW,CE,Federal Contract Tower,0,2,13,1,16,0,25,33,7,65,0,27,46,8,81,30,0,30,111
11/03/2022,GLS,TX,ASW,CE,Federal Contract Tower,0,12,12,0,24,0,21,38,6,65,0,33,50,6,89,72,0,72,161
11/04/2022,GLS,TX,ASW,CE,Federal Contract Tower,0,0,16,2,18,0,5,33,1,39,0,5,49,3,57,24,0,24,81
11/05/2022,GLS,TX,ASW,CE,Federal Contract Tower,0,4,14,0,18,0,9,61,11,81,0,13,75,11,99,46,0,46,145
11/06/2022,GLS,TX,ASW,CE,Federal Contract Tower,0,7,17,0,24,0,4,59,0,63,0,11,76,0,87,56,0,56,143
11/07/2022,GLS,TX,ASW,CE,Federal Contract Tower,0,8,16,2,26,0,10,14,0,24,0,18,30,2,50,4,0,4,54
11/08/2022,GLS,TX,ASW,CE,Federal Contract Tower,0,6,11,0,17,0,19,45,0,64,0,25,56,0,81,82,0,82,163
11/09/2022,GLS,TX,ASW,CE,Federal Contract Tower,0,9,14,0,23,0,21,33,0,54,0,30,47,0,77,54,0,54,131
11/10/2022,GLS,TX,ASW,CE,Federal Contract Tower,0,5,18,3,26,0,24,48,2,74,0,29,66,5,100,74,4,78,178
11/11/2022,GLS,TX,ASW,CE,Federal Contract Tower,0,2,6,0,8,0,10,27,0,37,0,12,33,0,45,62,0,62,107
11/12/2022,GLS,TX,ASW,CE,Federal Contract Tower,0,2,9,0,11,0,4,18,1,23,0,6,27,1,34,8,0,8,42
11/13/2022,GLS,TX,ASW,CE,Federal Contract Tower,0,7,16,0,23,0,15,74,3,92,0,22,90,3,115,28,0,28,143
11/14/2022,GLS,TX,ASW,CE,Federal Contract Tower,0,4,3,8,15,0,8,7,2,17,0,12,10,10,32,2,0,2,34
11/15/2022,GLS,TX,ASW,CE,Federal Contract Tower,0,12,5,0,17,0,9,15,0,24,0,21,20,0,41,32,0,32,73
11/16/2022,GLS,TX,ASW,CE,Federal Contract Tower,0,3,12,1,16,0,19,24,3,46,0,22,36,4,62,28,0,28,90
11/17/2022,GLS,TX,ASW,CE,Federal Contract Tower,0,11,14,1,26,0,18,18,1,37,0,29,32,2,63,10,0,10,73
11/18/2022,GLS,TX,ASW,CE,Federal Contract Tower,0,3,10,0,13,0,19,35,1,55,0,22,45,1,68,34,42,76,144
11/19/2022,GLS,TX,ASW,CE,Federal Contract Tower,0,3,6,0,9,0,2,2,0,4,0,5,8,0,13,0,0,0,13
11/20/2022,GLS,TX,ASW,CE,Federal Contract Tower,0,1,10,0,11,0,20,57,0,77,0,21,67,0,88,76,0,76,164
11/21/2022,GLS,TX,ASW,CE,Federal Contract Tower,0,8,10,6,24,0,11,2,3,16,0,19,12,9,40,0,20,20,60
11/22/2022,GLS,TX,ASW,CE,Federal Contract Tower,0,4,7,2,13,0,6,12,0,18,0,10,19,2,31,8,0,8,39
11/23/2022,GLS,TX,ASW,CE,Federal Contract Tower,0,5,22,5,32,0,20,53,1,74,0,25,75,6,106,64,0,64,170
11/24/2022,GLS,TX,ASW,CE,Federal Contract Tower,0,12,0,0,12,0,0,0,0,0,0,12,0,0,12,0,0,0,12
11/25/2022,GLS,TX,ASW,CE,Federal Contract Tower,0,5,2,0,7,0,1,0,0,1,0,6,2,0,8,0,0,0,8
11/26/2022,GLS,TX,ASW,CE,Federal Contract Tower,0,7,3,0,10,0,8,26,2,36,0,15,29,2,46,18,2,20,66
11/27/2022,GLS,TX,ASW,CE,Federal Contract Tower,0,6,15,2,23,0,13,75,0,88,0,19,90,2,111,64,0,64,175
11/28/2022,GLS,TX,ASW,CE,Federal Contract Tower,0,5,12,0,17,0,26,68,0,94,0,31,80,0,111,78,0,78,189
11/29/2022,GLS,TX,ASW,CE,Federal Contract Tower,0,11,10,4,25,0,0,0,0,0,0,11,10,4,25,0,0,0,25
11/30/2022,GLS,TX,ASW,CE,Federal Contract Tower,0,11,5,0,16,0,24,27,2,53,0,35,32,2,69,24,0,24,93
12/01/2022,GLS,TX,ASW,CE,Federal Contract Tower,0,15,4,4,23,0,17,28,0,45,0,32,32,4,68,31,8,39,107
12/02/2022,GLS,TX,ASW,CE,Federal Contract Tower,0,3,18,0,21,0,7,8,0,15,0,10,26,0,36,8,0,8,44
12/03/2022,GLS,TX,ASW,CE,Federal Contract Tower,0,3,8,0,11,0,4,13,0,17,0,7,21,0,28,44,0,44,72
12/04/2022,GLS,TX,ASW,CE,Federal Contract Tower,0,8,15,0,23,0,2,0,0,2,0,10,15,0,25,0,0,0,25
12/05/2022,GLS,TX,ASW,CE,Federal Contract Tower,0,7,10,6,23,0,6,36,1,43,0,13,46,7,66,28,2,30,96
12/06/2022,GLS,TX,ASW,CE,Federal Contract Tower,0,9,23,1,33,0,20,47,9,76,0,29,70,10,109,76,20,96,205
12/07/2022,GLS,TX,ASW,CE,Federal Contract Tower,0,7,11,0,18,0,1,5,0,6,0,8,16,0,24,0,0,0,24
12/08/2022,GLS,TX,ASW,CE,Federal Contract Tower,0,9,7,0,16,0,5,9,0,14,0,14,16,0,30,18,0,18,48
12/09/2022,GLS,TX,ASW,CE,Federal Contract Tower,0,5,27,1,33,0,8,34,1,43,0,13,61,2,76,32,0,32,108
12/10/2022,GLS,TX,ASW,CE,Federal Contract Tower,0,1,14,0,15,0,4,24,0,28,0,5,38,0,43,20,0,20,63
12/11/2022,GLS,TX,ASW,CE,Federal Contract Tower,0,6,18,0,24,0,13,20,0,33,0,19,38,0,57,12,0,12,69
12/12/2022,GLS,TX,ASW,CE,Federal Contract Tower,0,14,12,8,34,0,8,6,0,14,0,22,18,8,48,0,0,0,48
12/13/2022,GLS,TX,ASW,CE,Federal Contract Tower,0,10,12,0,22,0,16,17,4,37,0,26,29,4,59,14,0,14,73
12/14/2022,GLS,TX,ASW,CE,Federal Contract Tower,0,4,8,1,13,0,15,23,5,43,0,19,31,6,56,18,2,20,76
12/15/2022,GLS,TX,ASW,CE,Federal Contract Tower,0,11,9,0,20,0,22,36,0,58,0,33,45,0,78,32,0,32,110
12/16/2022,GLS,TX,ASW,CE,Federal Contract Tower,0,4,20,0,24,0,9,50,2,61,0,13,70,2,85,78,0,78,163
12/17/2022,GLS,TX,ASW,CE,Federal Contract Tower,0,2,13,2,17,0,7,38,2,47,0,9,51,4,64,12,0,12,76
12/18/2022,GLS,TX,ASW,CE,Federal Contract Tower,0,7,20,0,27,0,10,55,0,65,0,17,75,0,92,64,0,64,156
12/19/2022,GLS,TX,ASW,CE,Federal Contract Tower,0,4,5,2,11,0,13,10,0,23,0,17,15,2,34,2,0,2,36
12/20/2022,GLS,TX,ASW,CE,Federal Contract Tower,0,9,20,0,29,0,5,4,0,9,0,14,24,0,38,0,0,0,38
12/21/2022,GLS,TX,ASW,CE,Federal Contract Tower,0,10,12,8,30,0,16,16,0,32,0,26,28,8,62,20,0,20,82
12/22/2022,GLS,TX,ASW,CE,Federal Contract Tower,0,11,11,0,22,0,8,11,0,19,0,19,22,0,41,10,0,10,51
12/23/2022,GLS,TX,ASW,CE,Federal Contract Tower,0,3,9,0,12,0,0,9,0,9,0,3,18,0,21,8,0,8,29
12/24/2022,GLS,TX,ASW,CE,Federal Contract Tower,0,0,8,0,8,0,2,23,0,25,0,2,31,0,33,34,0,34,67
12/25/2022,GLS,TX,ASW,CE,Federal Contract Tower,0,0,0,0,0,0,22,9,0,31,0,22,9,0,31,6,0,6,37
12/26/2022,GLS,TX,ASW,CE,Federal Contract Tower,0,4,9,0,13,0,24,42,4,70,0,28,51,4,83,40,18,58,141
12/27/2022,GLS,TX,ASW,CE,Federal Contract Tower,0,10,11,2,23,0,13,49,0,62,0,23,60,2,85,18,0,18,103
12/28/2022,GLS,TX,ASW,CE,Federal Contract Tower,0,9,8,0,17,0,12,51,0,63,0,21,59,0,80,58,0,58,138
12/30/2022,GLS,TX,ASW,CE,Federal Contract Tower,0,10,15,0,25,0,5,49,0,54,0,15,64,0,79,20,0,20,99
12/31/2022,GLS,TX,ASW,CE,Federal Contract Tower,0,0,17,0,17,0,9,22,0,31,0,9,39,0,48,0,0,0,48
01/01/2023,GLS,TX,ASW,CE,Federal Contract Tower,0,2,1,0,3,0,0,0,0,0,0,2,1,0,3,0,0,0,3
01/02/2023,GLS,TX,ASW,CE,Federal Contract Tower,0,5,11,0,16,0,0,0,0,0,0,5,11,0,16,0,0,0,16
01/03/2023,GLS,TX,ASW,CE,Federal Contract Tower,0,13,4,0,17,0,3,10,0,13,0,16,14,0,30,2,0,2,32
01/04/2023,GLS,TX,ASW,CE,Federal Contract Tower,0,4,17,3,24,0,20,62,1,83,0,24,79,4,107,58,0,58,165
01/05/2023,GLS,TX,ASW,CE,Federal Contract Tower,0,5,21,0,26,0,16,32,2,50,0,21,53,2,76,20,0,20,96
01/06/2023,GLS,TX,ASW,CE,Federal Contract Tower,0,2,28,8,38,0,17,53,4,74,0,19,81,12,112,48,24,72,184
01/07/2023,GLS,TX,ASW,CE,Federal Contract Tower,0,3,18,0,21,0,7,37,0,44,0,10,55,0,65,46,0,46,111
01/08/2023,GLS,TX,ASW,CE,Federal Contract Tower,0,3,1,0,4,0,6,12,0,18,0,9,13,0,22,2,2,4,26
01/09/2023,GLS,TX,ASW,CE,Federal Contract Tower,0,6,12,8,26,0,15,33,0,48,0,21,45,8,74,28,0,28,102
01/10/2023,GLS,TX,ASW,CE,Federal Contract Tower,0,8,28,6,42,0,5,5,0,10,0,13,33,6,52,0,0,0,52
01/11/2023,GLS,TX,ASW,CE,Federal Contract Tower,0,4,13,0,17,0,15,20,0,35,0,19,33,0,52,26,0,26,78
01/12/2023,GLS,TX,ASW,CE,Federal Contract Tower,0,8,13,0,21,0,6,26,0,32,0,14,39,0,53,12,0,12,65
01/13/2023,GLS,TX,ASW,CE,Federal Contract Tower,0,2,20,0,22,0,15,86,2,103,0,17,106,2,125,34,6,40,165
01/14/2023,GLS,TX,ASW,CE,Federal Contract Tower,0,3,12,0,15,0,7,119,0,126,0,10,131,0,141,74,0,74,215
01/15/2023,GLS,TX,ASW,CE,Federal Contract Tower,0,3,13,0,16,0,5,32,1,38,0,8,45,1,54,40,0,40,94
01/16/2023,GLS,TX,ASW,CE,Federal Contract Tower,0,3,19,1,23,0,19,39,0,58,0,22,58,1,81,18,0,18,99
01/17/2023,GLS,TX,ASW,CE,Federal Contract Tower,0,15,10,0,25,0,0,0,0,0,0,15,10,0,25,0,0,0,25
01/18/2023,GLS,TX,ASW,CE,Federal Contract Tower,0,11,11,3,25,0,12,12,1,25,0,23,23,4,50,10,0,10,60
01/19/2023,GLS,TX,ASW,CE,Federal Contract Tower,0,11,24,0,35,0,25,72,0,97,0,36,96,0,132,90,0,90,222
01/20/2023,GLS,TX,ASW,CE,Federal Contract Tower,0,7,17,0,24,0,12,23,0,35,0,19,40,0,59,4,0,4,63
01/21/2023,GLS,TX,ASW,CE,Federal Contract Tower,0,0,4,0,4,0,2,2,0,4,0,2,6,0,8,0,0,0,8
01/22/2023,GLS,TX,ASW,CE,Federal Contract Tower,0,5,11,0,16,0,15,105,2,122,0,20,116,2,138,136,0,136,274
01/23/2023,GLS,TX,ASW,CE,Federal Contract Tower,0,5,11,2,18,0,27,46,0,73,0,32,57,2,91,6,0,6,97
01/24/2023,GLS,TX,ASW,CE,Federal Contract Tower,0,4,5,0,9,0,0,0,0,0,0,4,5,0,9,0,0,0,9
01/25/2023,GLS,TX,ASW,CE,Federal Contract Tower,0,4,12,2,18,0,17,35,0,52,0,21,47,2,70,30,0,30,100
01/26/2023,GLS,TX,ASW,CE,Federal Contract Tower,0,7,15,0,22,0,14,54,2,70,0,21,69,2,92,46,6,52,144
01/27/2023,GLS,TX,ASW,CE,Federal Contract Tower,0,2,15,0,17,0,10,59,0,69,0,12,74,0,86,94,0,94,180
01/28/2023,GLS,TX,ASW,CE,Federal Contract Tower,0,2,7,1,10,0,6,7,1,14,0,8,14,2,24,20,10,30,54
01/29/2023,GLS,TX,ASW,CE,Federal Contract Tower,0,5,5,0,10,0,4,2,0,6,0,9,7,0,16,0,0,0,16
01/30/2023,GLS,TX,ASW,CE,Federal Contract Tower,0,10,0,0,10,0,0,0,0,0,0,10,0,0,10,0,0,0,10
01/31/2023,GLS,TX,ASW,CE,Federal Contract Tower,0,10,1,0,11,0,0,0,0,0,0,10,1,0,11,0,0,0,11
02/01/2023,GLS,TX,ASW,CE,Federal Contract Tower,0,12,2,0,14,0,0,0,0,0,0,12,2,0,14,0,0,0,14
02/02/2023,GLS,TX,ASW,CE,Federal Contract Tower,0,12,4,0,16,0,0,0,0,0,0,12,4,0,16,0,0,0,16
02/03/2023,GLS,TX,ASW,CE,Federal Contract Tower,0,4,14,2,20,0,8,35,0,43,0,12,49,2,63,50,4,54,117
02/04/2023,GLS,TX,ASW,CE,Federal Contract Tower,0,2,18,0,20,0,31,121,0,152,0,33,139,0,172,122,0,122,294
02/05/2023,GLS,TX,ASW,CE,Federal Contract Tower,0,6,9,0,15,0,9,96,0,105,0,15,105,0,120,116,0,116,236
02/06/2023,GLS,TX,ASW,CE,Federal Contract Tower,0,6,15,0,21,0,11,50,0,61,0,17,65,0,82,84,0,84,166
02/07/2023,GLS,TX,ASW,CE,Federal Contract Tower,0,9,18,0,27,0,13,14,0,27,0,22,32,0,54,50,0,50,104
02/08/2023,GLS,TX,ASW,CE,Federal Contract Tower,0,8,7,0,15,0,0,0,0,0,0,8,7,0,15,0,0,0,15
02/09/2023,GLS,TX,ASW,CE,Federal Contract Tower,0,15,14,10,39,0,13,67,3,83,0,28,81,13,122,64,16,80,202
02/10/2023,GLS,TX,ASW,CE,Federal Contract Tower,0,4,12,1,17,0,15,31,3,49,0,19,43,4,66,46,4,50,116
02/11/2023,GLS,TX,ASW,CE,Federal Contract Tower,0,1,11,0,12,0,8,32,2,42,0,9,43,2,54,62,2,64,118
02/12/2023,GLS,TX,ASW,CE,Federal Contract Tower,0,5,11,0,16,0,8,135,0,143,0,13,146,0,159,162,0,162,321
02/14/2023,GLS,TX,ASW,CE,Federal Contract Tower,0,4,5,0,9,0,0,10,0,10,0,4,15,0,19,18,0,18,37
02/15/2023,GLS,TX,ASW,CE,Federal Contract Tower,0,4,22,2,28,0,4,3,0,7,0,8,25,2,35,0,0,0,35
02/16/2023,GLS,TX,ASW,CE,Federal Contract Tower,0,6,7,0,13,0,9,14,0,23,0,15,21,0,36,0,0,0,36
02/17/2023,GLS,TX,ASW,CE,Federal Contract Tower,0,4,12,0,16,0,23,32,0,55,0,27,44,0,71,8,0,8,79
02/18/2023,GLS,TX,ASW,CE,Federal Contract Tower,0,2,21,4,27,0,6,71,1,78,0,8,92,5,105,86,0,86,191
02/19/2023,GLS,TX,ASW,CE,Federal Contract Tower,0,5,30,0,35,0,24,108,0,132,0,29,138,0,167,50,0,50,217
02/20/2023,GLS,TX,ASW,CE,Federal Contract Tower,0,8,12,0,20,0,12,25,1,38,0,20,37,1,58,10,2,12,70
02/21/2023,GLS,TX,ASW,CE,Federal Contract Tower,0,7,10,0,17,0,1,4,0,5,0,8,14,0,22,10,0,10,32
02/22/2023,GLS,TX,ASW,CE,Federal Contract Tower,0,5,6,0,11,0,0,0,0,0,0,5,6,0,11,0,0,0,11
02/23/2023,GLS,TX,ASW,CE,Federal Contract Tower,0,8,13,2,23,0,0,0,0,0,0,8,13,2,23,0,0,0,23
02/26/2023,GLS,TX,ASW,CE,Federal Contract Tower,0,8,14,0,22,0,12,59,0,71,0,20,73,0,93,44,0,44,137
02/27/2023,GLS,TX,ASW,CE,Federal Contract Tower,0,5,18,5,28,0,20,55,0,75,0,25,73,5,103,64,0,64,167
02/28/2023,GLS,TX,ASW,CE,Federal Contract Tower,0,6,10,2,18,0,0,7,0,7,0,6,17,2,25,40,0,40,65
03/01/2023,GLS,TX,ASW,CE,Federal Contract Tower,0,7,11,0,18,0,4,11,0,15,0,11,22,0,33,12,0,12,45
03/02/2023,GLS,TX,ASW,CE,Federal Contract Tower,0,6,9,3,18,0,8,17,10,35,0,14,26,13,53,6,16,22,75
03/03/2023,GLS,TX,ASW,CE,Federal Contract Tower,0,3,17,0,20,0,8,45,2,55,0,11,62,2,75,46,0,46,121
03/04/2023,GLS,TX,ASW,CE,Federal Contract Tower,0,4,10,0,14,0,6,108,0,114,0,10,118,0,128,126,0,126,254
03/05/2023,GLS,TX,ASW,CE,Federal Contract Tower,0,6,20,0,26,0,11,100,0,111,0,17,120,0,137,86,0,86,223
03/06/2023,GLS,TX,ASW,CE,Federal Contract Tower,0,7,15,1,23,0,5,16,2,23,0,12,31,3,46,16,0,16,62
03/07/2023,GLS,TX,ASW,CE,Federal Contract Tower,0,4,16,0,20,0,2,25,0,27,0,6,41,0,47,20,0,20,67
03/08/2023,GLS,TX,ASW,CE,Federal Contract Tower,0,6,22,0,28,0,1,16,0,17,0,7,38,0,45,4,0,4,49
03/09/2023,GLS,TX,ASW,CE,Federal Contract Tower,0,8,23,0,31,0,2,3,2,7,0,10,26,2,38,0,0,0,38
03/10/2023,GLS,TX,ASW,CE,Federal Contract Tower,0,12,28,0,40,0,6,69,2,77,0,18,97,2,117,66,4,70,187
03/11/2023,GLS,TX,ASW,CE,Federal Contract Tower,0,2,20,2,24,0,5,50,1,56,0,7,70,3,80,38,0,38,118
03/12/2023,GLS,TX,ASW,CE,Federal Contract Tower,0,2,16,0,18,0,5,85,2,92,0,7,101,2,110,50,2,52,162
03/13/2023,GLS,TX,ASW,CE,Federal Contract Tower,0,5,3,4,12,0,13,72,0,85,0,18,75,4,97,16,10,26,123
03/14/2023,GLS,TX,ASW,CE,Federal Contract Tower,0,3,13,0,16,0,7,45,0,52,0,10,58,0,68,56,0,56,124
03/15/2023,GLS,TX,ASW,CE,Federal Contract Tower,0,4,18,3,25,0,22,66,3,91,0,26,84,6,116,72,16,88,204
03/16/2023,GLS,TX,ASW,CE,Federal Contract Tower,0,3,10,6,19,0,18,44,0,62,0,21,54,6,81,14,2,16,97
03/17/2023,GLS,TX,ASW,CE,Federal Contract Tower,0,4,7,0,11,0,4,7,0,11,0,8,14,0,22,6,0,6,28
03/18/2023,GLS,TX,ASW,CE,Federal Contract Tower,0,0,9,1,10,0,7,47,5,59,0,7,56,6,69,36,6,42,111
03/19/2023,GLS,TX,ASW,CE,Federal Contract Tower,0,4,14,0,18,0,7,73,0,80,0,11,87,0,98,38,0,38,136
03/20/2023,GLS,TX,ASW,CE,Federal Contract Tower,0,0,6,0,6,0,15,71,0,86,0,15,77,0,92,60,0,60,152
03/21/2023,GLS,TX,ASW,CE,Federal Contract Tower,0,2,9,0,11,0,17,29,3,49,0,19,38,3,60,64,0,64,124
03/22/2023,GLS,TX,ASW,CE,Federal Contract Tower,0,0,9,2,11,0,23,49,5,77,0,23,58,7,88,96,14,110,198
03/23/2023,GLS,TX,ASW,CE,Federal Contract Tower,0,8,15,2,25,0,19,37,0,56,0,27,52,2,81,56,0,56,137
03/24/2023,GLS,TX,ASW,CE,Federal Contract Tower,0,5,15,4,24,0,9,2,2,13,0,14,17,6,37,8,0,8,45
03/25/2023,GLS,TX,ASW,CE,Federal Contract Tower,0,2,14,0,16,0,9,135,2,146,0,11,149,2,162,150,0,150,312
03/26/2023,GLS,TX,ASW,CE,Federal Contract Tower,0,4,16,0,20,0,0,10,0,10,0,4,26,0,30,0,0,0,30
03/27/2023,GLS,TX,ASW,CE,Federal Contract Tower,0,10,5,2,17,0,0,0,0,0,0,10,5,2,17,0,0,0,17
03/28/2023,GLS,TX,ASW,CE,Federal Contract Tower,0,3,15,0,18,0,14,11,2,27,0,17,26,2,45,4,8,12,57
03/29/2023,GLS,TX,ASW,CE,Federal Contract Tower,0,6,5,0,11,0,15,34,0,49,0,21,39,0,60,40,0,40,100
03/30/2023,GLS,TX,ASW,CE,Federal Contract Tower,0,4,24,4,32,0,8,10,0,18,0,12,34,4,50,4,0,4,54
03/31/2023,GLS,TX,ASW,CE,Federal Contract Tower,0,11,9,4,24,0,4,2,0,6,0,15,11,4,30,0,0,0,30
04/01/2023,GLS,TX,ASW,CE,Federal Contract Tower,0,4,20,0,24,0,5,65,4,74,0,9,85,4,98,68,6,74,172
04/02/2023,GLS,TX,ASW,CE,Federal Contract Tower,0,15,19,0,34,0,0,7,0,7,0,15,26,0,41,0,0,0,41
04/03/2023,GLS,TX,ASW,CE,Federal Contract Tower,0,6,15,6,27,0,0,16,0,16,0,6,31,6,43,12,0,12,55
04/04/2023,GLS,TX,ASW,CE,Federal Contract Tower,0,11,17,4,32,0,0,0,0,0,0,11,17,4,32,0,0,0,32
04/05/2023,GLS,TX,ASW,CE,Federal Contract Tower,0,4,7,0,11,0,4,13,0,17,0,8,20,0,28,34,0,34,62
04/06/2023,GLS,TX,ASW,CE,Federal Contract Tower,0,12,4,0,16,0,0,0,0,0,0,12,4,0,16,12,0,12,28
04/07/2023,GLS,TX,ASW,CE,Federal Contract Tower,0,6,4,0,10,0,0,0,0,0,0,6,4,0,10,0,0,0,10
04/09/2023,GLS,TX,ASW,CE,Federal Contract Tower,0,5,13,0,18,0,6,68,1,75,0,11,81,1,93,50,0,50,143
04/10/2023,GLS,TX,ASW,CE,Federal Contract Tower,0,3,21,0,24,0,5,39,0,44,0,8,60,0,68,24,0,24,92
04/11/2023,GLS,TX,ASW,CE,Federal Contract Tower,0,7,3,0,10,0,14,45,2,61,0,21,48,2,71,78,8,86,157
04/12/2023,GLS,TX,ASW,CE,Federal Contract Tower,0,0,25,1,26,0,19,75,1,95,0,19,100,2,121,77,0,77,198
04/13/2023,GLS,TX,ASW,CE,Federal Contract Tower,0,2,25,0,27,0,16,78,0,94,0,18,103,0,121,112,0,112,233
04/14/2023,GLS,TX,ASW,CE,Federal Contract Tower,0,4,38,6,48,0,11,69,0,80,0,15,107,6,128,74,0,74,202
04/15/2023,GLS,TX,ASW,CE,Federal Contract Tower,0,1,18,0,19,0,0,44,0,44,0,1,62,0,63,54,0,54,117
04/16/2023,GLS,TX,ASW,CE,Federal Contract Tower,0,4,15,5,24,0,11,88,1,100,0,15,103,6,124,84,0,84,208
04/17/2023,GLS,TX,ASW,CE,Federal Contract Tower,0,13,9,0,22,0,24,68,0,92,0,37,77,0,114,74,0,74,188
04/18/2023,GLS,TX,ASW,CE,Federal Contract Tower,0,2,15,2,19,0,10,43,0,53,0,12,58,2,72,110,0,110,182
04/19/2023,GLS,TX,ASW,CE,Federal Contract Tower,0,4,19,0,23,0,16,86,0,102,0,20,105,0,125,160,0,160,285
04/20/2023,GLS,TX,ASW,CE,Federal Contract Tower,0,7,15,2,24,0,11,27,0,38,0,18,42,2,62,50,2,52,114
04/21/2023,GLS,TX,ASW,CE,Federal Contract Tower,0,2,15,0,17,0,10,30,0,40,0,12,45,0,57,66,0,66,123
04/22/2023,GLS,TX,ASW,CE,Federal Contract Tower,0,4,10,0,14,0,9,94,0,103,0,13,104,0,117,58,0,58,175
04/23/2023,GLS,TX,ASW,CE,Federal Contract Tower,0,2,9,0,11,0,7,13,0,20,0,9,22,0,31,0,0,0,31
04/24/2023,GLS,TX,ASW,CE,Federal Contract Tower,0,11,4,0,15,0,11,64,0,75,0,22,68,0,90,50,6,56,146
04/25/2023,GLS,TX,ASW,CE,Federal Contract Tower,0,11,5,0,16,0,29,44,4,77,0,40,49,4,93,48,0,48,141
04/26/2023,GLS,TX,ASW,CE,Federal Contract Tower,0,10,14,0,24,0,20,42,0,62,0,30,56,0,86,50,0,50,136
04/27/2023,GLS,TX,ASW,CE,Federal Contract Tower,0,7,11,0,18,0,4,30,0,34,0,11,41,0,52,62,0,62,114
04/28/2023,GLS,TX,ASW,CE,Federal Contract Tower,0,6,11,0,17,0,6,61,2,69,0,12,72,2,86,66,14,80,166
04/29/2023,GLS,TX,ASW,CE,Federal Contract Tower,0,8,4,0,12,0,8,7,0,15,0,16,11,0,27,4,0,4,31
04/30/2023,GLS,TX,ASW,CE,Federal Contract Tower,0,9,13,0,22,0,1,151,0,152,0,10,164,0,174,78,0,78,252
05/01/2023,GLS,TX,ASW,CE,Federal Contract Tower,0,13,6,3,22,0,13,77,0,90,0,26,83,3,112,88,0,88,200
05/02/2023,GLS,TX,ASW,CE,Federal Contract Tower,0,9,21,0,30,0,15,33,0,48,0,24,54,0,78,32,0,32,110
05/03/2023,GLS,TX,ASW,CE,Federal Contract Tower,0,7,13,2,22,0,15,33,0,48,0,22,46,2,70,56,0,56,126
05/04/2023,GLS,TX,ASW,CE,Federal Contract Tower,0,2,13,0,15,0,19,31,0,50,0,21,44,0,65,22,0,22,87
05/05/2023,GLS,TX,ASW,CE,Federal Contract Tower,0,18,23,0,41,0,5,16,0,21,0,23,39,0,62,50,0,50,112
05/06/2023,GLS,TX,ASW,CE,Federal Contract Tower,0,6,29,0,35,0,1,15,0,16,0,7,44,0,51,40,0,40,91
05/07/2023,GLS,TX,ASW,CE,Federal Contract Tower,0,9,8,0,17,0,2,13,0,15,0,11,21,0,32,0,0,0,32
05/08/2023,GLS,TX,ASW,CE,Federal Contract Tower,0,8,7,0,15,0,0,22,0,22,0,8,29,0,37,8,0,8,45
05/09/2023,GLS,TX,ASW,CE,Federal Contract Tower,0,7,1,0,8,0,2,5,2,9,0,9,6,2,17,60,0,60,77
05/10/2023,GLS,TX,ASW,CE,Federal Contract Tower,0,6,2,0,8,0,9,9,0,18,0,15,11,0,26,4,0,4,30
05/11/2023,GLS,TX,ASW,CE,Federal Contract Tower,0,5,20,0,25,0,1,19,2,22,0,6,39,2,47,36,18,54,101
05/12/2023,GLS,TX,ASW,CE,Federal Contract Tower,0,11,22,2,35,0,4,12,2,18,0,15,34,4,53,62,6,68,121
05/13/2023,GLS,TX,ASW,CE,Federal Contract Tower,0,3,2,1,6,0,2,14,0,16,0,5,16,1,22,0,0,0,22
05/14/2023,GLS,TX,ASW,CE,Federal Contract Tower,0,6,9,0,15,0,4,8,0,12,0,10,17,0,27,2,0,2,29
05/15/2023,GLS,TX,ASW,CE,Federal Contract Tower,0,6,8,2,16,0,7,29,2,38,0,13,37,4,54,44,22,66,120
05/16/2023,GLS,TX,ASW,CE,Federal Contract Tower,0,9,9,0,18,0,16,53,2,71,0,25,62,2,89,36,4,40,129
05/17/2023,GLS,TX,ASW,CE,Federal Contract Tower,0,4,14,0,18,0,12,60,0,72,0,16,74,0,90,86,0,86,176
05/18/2023,GLS,TX,ASW,CE,Federal Contract Tower,0,11,4,0,15,0,19,70,0,89,0,30,74,0,104,58,0,58,162
05/19/2023,GLS,TX,ASW,CE,Federal Contract Tower,0,11,14,1,26,0,9,60,3,72,0,20,74,4,98,22,0,22,120
05/20/2023,GLS,TX,ASW,CE,Federal Contract Tower,0,6,19,0,25,0,9,73,2,84,0,15,92,2,109,112,0,112,221
05/21/2023,GLS,TX,ASW,CE,Federal Contract Tower,0,5,9,0,14,0,13,42,0,55,0,18,51,0,69,10,0,10,79
05/22/2023,GLS,TX,ASW,CE,Federal Contract Tower,0,7,12,0,19,0,10,67,0,77,0,17,79,0,96,76,0,76,172
05/23/2023,GLS,TX,ASW,CE,Federal Contract Tower,0,4,11,4,19,0,8,52,2,62,0,12,63,6,81,62,0,62,143
05/24/2023,GLS,TX,ASW,CE,Federal Contract Tower,0,5,9,6,20,0,15,51,0,66,0,20,60,6,86,66,0,66,152
05/25/2023,GLS,TX,ASW,CE,Federal Contract Tower,0,5,19,0,24,0,12,50,0,62,0,17,69,0,86,92,0,92,178
05/26/2023,GLS,TX,ASW,CE,Federal Contract Tower,0,8,19,2,29,0,8,81,1,90,0,16,100,3,119,118,0,118,237
05/27/2023,GLS,TX,ASW,CE,Federal Contract Tower,0,1,13,0,14,0,9,48,2,59,0,10,61,2,73,83,0,83,156
05/28/2023,GLS,TX,ASW,CE,Federal Contract Tower,0,7,5,0,12,0,12,63,0,75,0,19,68,0,87,78,0,78,165
05/29/2023,GLS,TX,ASW,CE,Federal Contract Tower,0,4,13,0,17,0,6,53,4,63,0,10,66,4,80,76,0,76,156
05/30/2023,GLS,TX,ASW,CE,Federal Contract Tower,0,3,12,0,15,0,7,34,0,41,0,10,46,0,56,44,0,44,100
05/31/2023,GLS,TX,ASW,CE,Federal Contract Tower,0,4,8,2,14,0,8,36,0,44,0,12,44,2,58,64,0,64,122
06/01/2023,GLS,TX,ASW,CE,Federal Contract Tower,0,7,38,2,47,0,11,39,2,52,0,18,77,4,99,78,8,86,185
06/02/2023,GLS,TX,ASW,CE,Federal Contract Tower,0,5,21,6,32,0,7,46,2,55,0,12,67,8,87,53,2,55,142
06/03/2023,GLS,TX,ASW,CE,Federal Contract Tower,0,0,11,0,11,0,4,60,2,66,0,4,71,2,77,56,4,60,137
06/04/2023,GLS,TX,ASW,CE,Federal Contract Tower,0,6,13,0,19,0,2,33,0,35,0,8,46,0,54,82,0,82,136
06/05/2023,GLS,TX,ASW,CE,Federal Contract Tower,0,3,6,2,11,0,12,19,0,31,0,15,25,2,42,8,0,8,50
06/06/2023,GLS,TX,ASW,CE,Federal Contract Tower,0,9,6,0,15,0,12,28,2,42,0,21,34,2,57,32,0,32,89
06/07/2023,GLS,TX,ASW,CE,Federal Contract Tower,0,5,13,0,18,0,19,45,0,64,0,24,58,0,82,74,0,74,156
06/08/2023,GLS,TX,ASW,CE,Federal Contract Tower,0,4,17,0,21,0,19,57,0,76,0,23,74,0,97,62,0,62,159
06/09/2023,GLS,TX,ASW,CE,Federal Contract Tower,0,5,20,0,25,0,17,29,0,46,0,22,49,0,71,102,0,102,173
06/10/2023,GLS,TX,ASW,CE,Federal Contract Tower,0,0,12,4,16,0,16,71,0,87,0,16,83,4,103,98,22,120,223
06/11/2023,GLS,TX,ASW,CE,Federal Contract Tower,0,2,34,5,41,0,9,91,4,104,0,11,125,9,145,100,8,108,253
06/12/2023,GLS,TX,ASW,CE,Federal Contract Tower,0,3,21,0,24,0,12,40,0,52,0,15,61,0,76,58,0,58,134
06/13/2023,GLS,TX,ASW,CE,Federal Contract Tower,0,1,11,0,12,0,22,57,0,79,0,23,68,0,91,82,0,82,173
06/14/2023,GLS,TX,ASW,CE,Federal Contract Tower,0,6,9,7,22,0,15,31,3,49,0,21,40,10,71,18,0,18,89
06/15/2023,GLS,TX,ASW,CE,Federal Contract Tower,0,7,9,2,18,0,12,36,0,48,0,19,45,2,66,38,0,38,104
06/16/2023,GLS,TX,ASW,CE,Federal Contract Tower,0,11,17,0,28,0,6,37,2,45,0,17,54,2,73,82,0,82,155
06/17/2023,GLS,TX,ASW,CE,Federal Contract Tower,0,2,10,0,12,0,12,57,0,69,0,14,67,0,81,82,0,82,163
06/18/2023,GLS,TX,ASW,CE,Federal Contract Tower,0,6,24,0,30,0,12,58,0,70,0,18,82,0,100,6,0,6,106
06/19/2023,GLS,TX,ASW,CE,Federal Contract Tower,0,7,13,0,20,0,19,58,0,77,0,26,71,0,97,68,0,68,165
06/20/2023,GLS,TX,ASW,CE,Federal Contract Tower,0,5,21,0,26,0,11,41,0,52,0,16,62,0,78,100,0,100,178
06/21/2023,GLS,TX,ASW,CE,Federal Contract Tower,0,3,16,0,19,0,25,37,0,62,0,28,53,0,81,70,0,70,151
06/22/2023,GLS,TX,ASW,CE,Federal Contract Tower,0,8,9,0,17,0,11,47,0,58,0,19,56,0,75,48,0,48,123
06/23/2023,GLS,TX,ASW,CE,Federal Contract Tower,0,5,17,3,25,0,6,29,0,35,0,11,46,3,60,60,0,60,120
06/24/2023,GLS,TX,ASW,CE,Federal Contract Tower,0,1,12,0,13,0,4,43,0,47,0,5,55,0,60,120,0,120,180
06/25/2023,GLS,TX,ASW,CE,Federal Contract Tower,0,7,19,0,26,0,11,114,0,125,0,18,133,0,151,50,0,50,201
06/26/2023,GLS,TX,ASW,CE,Federal Contract Tower,0,1,13,0,14,0,10,52,2,64,0,11,65,2,78,40,6,46,124
06/27/2023,GLS,TX,ASW,CE,Federal Contract Tower,0,9,10,0,19,0,3,40,0,43,0,12,50,0,62,64,0,64,126
06/28/2023,GLS,TX,ASW,CE,Federal Contract Tower,0,6,14,2,22,0,8,61,0,69,0,14,75,2,91,86,0,86,177
06/29/2023,GLS,TX,ASW,CE,Federal Contract Tower,0,13,10,0,23,0,18,36,0,54,0,31,46,0,77,34,0,34,111
06/30/2023,GLS,TX,ASW,CE,Federal Contract Tower,0,6,25,1,32,0,9,57,1,67,0,15,82,2,99,50,0,50,149
07/01/2023,GLS,TX,ASW,CE,Federal Contract Tower,0,11,18,0,29,0,9,38,0,47,0,20,56,0,76,44,0,44,120
07/02/2023,GLS,TX,ASW,CE,Federal Contract Tower,0,5,11,1,17,0,3,69,2,74,0,8,80,3,91,89,0,89,180
07/03/2023,GLS,TX,ASW,CE,Federal Contract Tower,0,7,2,0,9,0,3,61,4,68,0,10,63,4,77,80,8,88,165
07/04/2023,GLS,TX,ASW,CE,Federal Contract Tower,0,10,8,0,18,0,10,58,0,68,0,20,66,0,86,36,0,36,122
07/05/2023,GLS,TX,ASW,CE,Federal Contract Tower,0,6,5,0,11,0,15,38,0,53,0,21,43,0,64,38,0,38,102
07/06/2023,GLS,TX,ASW,CE,Federal Contract Tower,0,10,9,0,19,0,9,18,0,27,0,19,27,0,46,6,0,6,52
07/07/2023,GLS,TX,ASW,CE,Federal Contract Tower,0,6,4,0,10,0,3,17,0,20,0,9,21,0,30,14,0,14,44
07/08/2023,GLS,TX,ASW,CE,Federal Contract Tower,0,2,11,0,13,0,5,42,0,47,0,7,53,0,60,40,0,40,100
07/09/2023,GLS,TX,ASW,CE,Federal Contract Tower,0,13,12,0,25,0,3,60,2,65,0,16,72,2,90,36,8,44,134
07/10/2023,GLS,TX,ASW,CE,Federal Contract Tower,0,9,18,6,33,0,19,50,0,69,0,28,68,6,102,42,0,42,144
07/11/2023,GLS,TX,ASW,CE,Federal Contract Tower,0,4,4,2,10,0,4,31,0,35,0,8,35,2,45,38,0,38,83
07/12/2023,GLS,TX,ASW,CE,Federal Contract Tower,0,9,10,1,20,0,12,33,0,45,0,21,43,1,65,48,0,48,113
07/13/2023,GLS,TX,ASW,CE,Federal Contract Tower,0,10,20,0,30,0,3,59,0,62,0,13,79,0,92,46,0,46,138
07/14/2023,GLS,TX,ASW,CE,Federal Contract Tower,0,10,15,3,28,0,6,28,1,35,0,16,43,4,63,34,0,34,97
07/15/2023,GLS,TX,ASW,CE,Federal Contract Tower,0,8,24,0,32,0,8,75,0,83,0,16,99,0,115,74,0,74,189
07/16/2023,GLS,TX,ASW,CE,Federal Contract Tower,0,8,16,0,24,0,3,80,0,83,0,11,96,0,107,60,0,60,167
07/17/2023,GLS,TX,ASW,CE,Federal Contract Tower,0,6,9,9,24,0,4,46,1,51,0,10,55,10,75,52,0,52,127
07/18/2023,GLS,TX,ASW,CE,Federal Contract Tower,0,10,8,0,18,0,11,32,2,45,0,21,40,2,63,34,6,40,103
07/19/2023,GLS,TX,ASW,CE,Federal Contract Tower,0,6,9,0,15,0,26,37,0,63,0,32,46,0,78,92,0,92,170
07/20/2023,GLS,TX,ASW,CE,Federal Contract Tower,0,6,7,0,13,0,18,68,0,86,0,24,75,0,99,62,0,62,161
07/21/2023,GLS,TX,ASW,CE,Federal Contract Tower,0,8,15,0,23,0,5,50,0,55,0,13,65,0,78,80,0,80,158
07/22/2023,GLS,TX,ASW,CE,Federal Contract Tower,0,6,11,0,17,0,6,53,0,59,0,12,64,0,76,86,0,86,162
07/23/2023,GLS,TX,ASW,CE,Federal Contract Tower,0,6,11,0,17,0,6,50,0,56,0,12,61,0,73,52,0,52,125
07/24/2023,GLS,TX,ASW,CE,Federal Contract Tower,0,7,6,0,13,0,9,42,0,51,0,16,48,0,64,44,0,44,108
07/25/2023,GLS,TX,ASW,CE,Federal Contract Tower,0,12,10,3,25,0,8,44,0,52,0,20,54,3,77,16,0,16,93
07/26/2023,GLS,TX,ASW,CE,Federal Contract Tower,0,1,16,0,17,0,15,54,0,69,0,16,70,0,86,46,0,46,132
07/27/2023,GLS,TX,ASW,CE,Federal Contract Tower,0,7,13,0,20,0,20,66,0,86,0,27,79,0,106,70,0,70,176
07/28/2023,GLS,TX,ASW,CE,Federal Contract Tower,0,11,25,0,36,0,15,53,0,68,0,26,78,0,104,58,0,58,162
07/29/2023,GLS,TX,ASW,CE,Federal Contract Tower,0,6,29,0,35,0,5,57,0,62,0,11,86,0,97,78,0,78,175
07/30/2023,GLS,TX,ASW,CE,Federal Contract Tower,0,4,21,2,27,0,8,87,0,95,0,12,108,2,122,78,0,78,200
07/31/2023,GLS,TX,ASW,CE,Federal Contract Tower,0,7,6,2,15,0,13,48,0,61,0,20,54,2,76,68,0,68,144
08/01/2023,GLS,TX,ASW,CE,Federal Contract Tower,0,9,7,5,21,0,11,87,0,98,0,20,94,5,119,114,0,114,233
08/02/2023,GLS,TX,ASW,CE,Federal Contract Tower,0,4,19,0,23,0,9,54,0,63,0,13,73,0,86,68,0,68,154
08/03/2023,GLS,TX,ASW,CE,Federal Contract Tower,0,7,7,0,14,0,8,40,0,48,0,15,47,0,62,34,0,34,96
08/04/2023,GLS,TX,ASW,CE,Federal Contract Tower,0,2,17,0,19,0,3,19,2,24,0,5,36,2,43,34,26,60,103
08/05/2023,GLS,TX,ASW,CE,Federal Contract Tower,0,3,23,2,28,0,3,51,1,55,0,6,74,3,83,59,0,59,142
08/06/2023,GLS,TX,ASW,CE,Federal Contract Tower,0,8,14,0,22,0,7,81,2,90,0,15,95,2,112,26,0,26,138
08/07/2023,GLS,TX,ASW,CE,Federal Contract Tower,0,4,10,2,16,0,11,46,2,59,0,15,56,4,75,58,0,58,133
08/08/2023,GLS,TX,ASW,CE,Federal Contract Tower,0,26,13,2,41,0,17,61,4,82,0,43,74,6,123,76,2,78,201
08/09/2023,GLS,TX,ASW,CE,Federal Contract Tower,0,7,3,0,10,0,12,45,0,57,0,19,48,0,67,80,6,86,153
08/10/2023,GLS,TX,ASW,CE,Federal Contract Tower,0,10,8,0,18,0,24,70,6,100,0,34,78,6,118,38,16,54,172
08/11/2023,GLS,TX,ASW,CE,Federal Contract Tower,0,16,11,2,29,0,10,69,0,79,0,26,80,2,108,75,0,75,183
08/12/2023,GLS,TX,ASW,CE,Federal Contract Tower,0,4,10,0,14,0,6,81,0,87,0,10,91,0,101,92,0,92,193
08/13/2023,GLS,TX,ASW,CE,Federal Contract Tower,0,5,9,0,14,0,0,97,2,99,0,5,106,2,113,18,0,18,131
08/14/2023,GLS,TX,ASW,CE,Federal Contract Tower,0,5,12,0,17,0,5,43,0,48,0,10,55,0,65,52,0,52,117
08/15/2023,GLS,TX,ASW,CE,Federal Contract Tower,0,7,19,1,27,0,6,42,0,48,0,13,61,1,75,77,0,77,152
08/16/2023,GLS,TX,ASW,CE,Federal Contract Tower,0,7,16,0,23,0,7,64,0,71,0,14,80,0,94,42,0,42,136
08/17/2023,GLS,TX,ASW,CE,Federal Contract Tower,0,1,9,2,12,0,15,59,0,74,0,16,68,2,86,90,0,90,176
08/18/2023,GLS,TX,ASW,CE,Federal Contract Tower,0,9,15,2,26,0,2,36,0,38,0,11,51,2,64,46,0,46,110
08/19/2023,GLS,TX,ASW,CE,Federal Contract Tower,0,4,8,0,12,0,1,46,0,47,0,5,54,0,59,68,0,68,127
08/20/2023,GLS,TX,ASW,CE,Federal Contract Tower,0,4,4,0,8,0,3,78,0,81,0,7,82,0,89,44,0,44,133
08/21/2023,GLS,TX,ASW,CE,Federal Contract Tower,0,5,2,0,7,0,3,24,0,27,0,8,26,0,34,40,0,40,74
08/22/2023,GLS,TX,ASW,CE,Federal Contract Tower,0,8,4,0,12,0,7,16,0,23,0,15,20,0,35,12,0,12,47
08/23/2023,GLS,TX,ASW,CE,Federal Contract Tower,0,5,10,0,15,0,14,40,2,56,0,19,50,2,71,50,0,50,121
08/24/2023,GLS,TX,ASW,CE,Federal Contract Tower,0,12,12,0,24,0,11,38,4,53,0,23,50,4,77,52,0,52,129
08/25/2023,GLS,TX,ASW,CE,Federal Contract Tower,0,10,17,0,27,0,6,49,0,55,0,16,66,0,82,54,0,54,136
08/26/2023,GLS,TX,ASW,CE,Federal Contract Tower,0,0,10,0,10,0,1,58,0,59,0,1,68,0,69,130,0,130,199
08/27/2023,GLS,TX,ASW,CE,Federal Contract Tower,0,10,6,0,16,0,8,93,0,101,0,18,99,0,117,76,0,76,193
08/28/2023,GLS,TX,ASW,CE,Federal Contract Tower,0,8,11,6,25,0,13,53,2,68,0,21,64,8,93,50,6,56,149
08/29/2023,GLS,TX,ASW,CE,Federal Contract Tower,0,7,9,0,16,0,11,45,0,56,0,18,54,0,72,81,0,81,153
08/30/2023,GLS,TX,ASW,CE,Federal Contract Tower,0,6,4,0,10,0,15,51,4,70,0,21,55,4,80,82,4,86,166
08/31/2023,GLS,TX,ASW,CE,Federal Contract Tower,0,8,9,0,17,0,27,68,2,97,0,35,77,2,114,148,2,150,264
