01/01/2020,GMU,SC,ASO,ES,Federal Contract Tower,0,8,15,0,23,0,13,86,0,99,0,21,101,0,122,28,0,28,150
01/02/2020,GMU,SC,ASO,ES,Federal Contract Tower,0,8,17,0,25,0,0,33,0,33,0,8,50,0,58,44,0,44,102
01/03/2020,GMU,SC,ASO,ES,Federal Contract Tower,0,16,6,0,22,0,0,0,0,0,0,16,6,0,22,2,0,2,24
01/04/2020,GMU,SC,ASO,ES,Federal Contract Tower,0,16,16,0,32,0,2,18,2,22,0,18,34,2,54,0,0,0,54
01/05/2020,GMU,SC,ASO,ES,Federal Contract Tower,0,9,24,0,33,0,12,149,3,164,0,21,173,3,197,76,0,76,273
01/06/2020,GMU,SC,ASO,ES,Federal Contract Tower,0,17,17,0,34,0,6,97,2,105,0,23,114,2,139,40,0,40,179
01/07/2020,GMU,SC,ASO,ES,Federal Contract Tower,0,17,9,1,27,0,13,14,3,30,0,30,23,4,57,10,6,16,73
01/08/2020,GMU,SC,ASO,ES,Federal Contract Tower,0,22,20,2,44,0,11,126,5,142,0,33,146,7,186,46,0,46,232
01/09/2020,GMU,SC,ASO,ES,Federal Contract Tower,0,18,10,0,28,2,10,2,2,16,2,28,12,2,44,29,0,29,73
01/10/2020,GMU,SC,ASO,ES,Federal Contract Tower,0,15,25,2,42,0,20,50,4,74,0,35,75,6,116,16,2,18,134
01/11/2020,GMU,SC,ASO,ES,Federal Contract Tower,0,11,11,0,22,0,0,0,0,0,0,11,11,0,22,0,0,0,22
01/12/2020,GMU,SC,ASO,ES,Federal Contract Tower,0,26,15,0,41,0,16,99,4,119,0,42,114,4,160,8,0,8,168
01/13/2020,GMU,SC,ASO,ES,Federal Contract Tower,0,19,8,0,27,0,8,5,0,13,0,27,13,0,40,0,0,0,40
01/14/2020,GMU,SC,ASO,ES,Federal Contract Tower,0,45,13,0,58,0,0,0,0,0,0,45,13,0,58,0,0,0,58
01/15/2020,GMU,SC,ASO,ES,Federal Contract Tower,0,24,15,0,39,0,7,41,4,52,0,31,56,4,91,14,0,14,105
01/16/2020,GMU,SC,ASO,ES,Federal Contract Tower,0,14,26,0,40,0,23,99,3,125,0,37,125,3,165,70,0,70,235
01/17/2020,GMU,SC,ASO,ES,Federal Contract Tower,0,22,23,0,45,0,9,122,1,132,0,31,145,1,177,58,0,58,235
01/18/2020,GMU,SC,ASO,ES,Federal Contract Tower,0,7,5,0,12,0,0,9,0,9,0,7,14,0,21,16,0,16,37
01/19/2020,GMU,SC,ASO,ES,Federal Contract Tower,0,14,20,0,34,0,5,82,0,87,0,19,102,0,121,48,0,48,169
01/20/2020,GMU,SC,ASO,ES,Federal Contract Tower,0,23,24,0,47,0,5,123,0,128,0,28,147,0,175,56,0,56,231
01/21/2020,GMU,SC,ASO,ES,Federal Contract Tower,0,17,22,0,39,0,10,103,1,114,0,27,125,1,153,50,6,56,209
01/22/2020,GMU,SC,ASO,ES,Federal Contract Tower,0,19,15,0,34,0,15,117,2,134,0,34,132,2,168,40,0,40,208
01/23/2020,GMU,SC,ASO,ES,Federal Contract Tower,0,25,19,0,44,0,6,110,0,116,0,31,129,0,160,34,0,34,194
01/24/2020,GMU,SC,ASO,ES,Federal Contract Tower,0,10,6,0,16,0,0,0,0,0,0,10,6,0,16,0,0,0,16
01/25/2020,GMU,SC,ASO,ES,Federal Contract Tower,0,13,39,0,52,0,6,96,5,107,0,19,135,5,159,18,0,18,177
01/26/2020,GMU,SC,ASO,ES,Federal Contract Tower,0,9,28,0,37,0,8,89,1,98,0,17,117,1,135,22,0,22,157
01/27/2020,GMU,SC,ASO,ES,Federal Contract Tower,0,14,12,0,26,0,9,81,0,90,0,23,93,0,116,42,0,42,158
01/28/2020,GMU,SC,ASO,ES,Federal Contract Tower,0,22,19,0,41,0,12,134,3,149,0,34,153,3,190,124,0,124,314
01/29/2020,GMU,SC,ASO,ES,Federal Contract Tower,0,32,28,0,60,0,2,86,1,89,0,34,114,1,149,18,0,18,167
01/30/2020,GMU,SC,ASO,ES,Federal Contract Tower,0,16,29,0,45,0,8,105,2,115,0,24,134,2,160,60,0,60,220
01/31/2020,GMU,SC,ASO,ES,Federal Contract Tower,0,14,10,0,24,0,0,7,0,7,0,14,17,0,31,0,0,0,31
02/01/2020,GMU,SC,ASO,ES,Federal Contract Tower,0,17,20,0,37,0,1,86,1,88,0,18,106,1,125,64,0,64,189
02/02/2020,GMU,SC,ASO,ES,Federal Contract Tower,0,17,14,0,31,0,3,60,0,63,0,20,74,0,94,54,0,54,148
02/03/2020,GMU,SC,ASO,ES,Federal Contract Tower,0,13,15,0,28,0,6,105,1,112,0,19,120,1,140,24,0,24,164
02/04/2020,GMU,SC,ASO,ES,Federal Contract Tower,0,26,16,1,43,0,1,90,10,101,0,27,106,11,144,74,4,78,222
02/05/2020,GMU,SC,ASO,ES,Federal Contract Tower,0,22,2,0,24,0,0,0,0,0,0,22,2,0,24,0,0,0,24
02/06/2020,GMU,SC,ASO,ES,Federal Contract Tower,0,6,0,0,6,0,2,0,0,2,0,8,0,0,8,0,0,0,8
02/07/2020,GMU,SC,ASO,ES,Federal Contract Tower,0,30,14,0,44,0,12,16,0,28,0,42,30,0,72,2,2,4,76
02/08/2020,GMU,SC,ASO,ES,Federal Contract Tower,0,7,10,0,17,0,2,24,0,26,0,9,34,0,43,26,0,26,69
02/09/2020,GMU,SC,ASO,ES,Federal Contract Tower,0,24,16,0,40,0,0,42,4,46,0,24,58,4,86,76,2,78,164
02/10/2020,GMU,SC,ASO,ES,Federal Contract Tower,0,25,13,0,38,0,5,18,0,23,0,30,31,0,61,44,0,44,105
02/11/2020,GMU,SC,ASO,ES,Federal Contract Tower,0,16,5,0,21,0,2,1,1,4,0,18,6,1,25,0,2,2,27
02/12/2020,GMU,SC,ASO,ES,Federal Contract Tower,0,15,33,1,49,0,4,23,6,33,0,19,56,7,82,96,4,100,182
02/13/2020,GMU,SC,ASO,ES,Federal Contract Tower,0,15,9,0,24,0,1,26,2,29,0,16,35,2,53,52,0,52,105
02/14/2020,GMU,SC,ASO,ES,Federal Contract Tower,0,15,24,0,39,0,19,182,0,201,0,34,206,0,240,34,0,34,274
02/15/2020,GMU,SC,ASO,ES,Federal Contract Tower,0,1,22,0,23,0,10,158,0,168,0,11,180,0,191,44,0,44,235
02/16/2020,GMU,SC,ASO,ES,Federal Contract Tower,0,10,10,0,20,0,8,65,0,73,0,18,75,0,93,34,0,34,127
02/17/2020,GMU,SC,ASO,ES,Federal Contract Tower,0,18,22,0,40,0,13,131,2,146,0,31,153,2,186,56,0,56,242
02/18/2020,GMU,SC,ASO,ES,Federal Contract Tower,0,3,8,0,11,0,0,0,0,0,0,3,8,0,11,0,0,0,11
02/19/2020,GMU,SC,ASO,ES,Federal Contract Tower,0,15,18,0,33,0,1,41,0,42,0,16,59,0,75,54,0,54,129
02/20/2020,GMU,SC,ASO,ES,Federal Contract Tower,0,8,2,0,10,0,0,9,1,10,0,8,11,1,20,22,2,24,44
02/21/2020,GMU,SC,ASO,ES,Federal Contract Tower,0,21,30,0,51,0,12,154,1,167,0,33,184,1,218,8,0,8,226
02/22/2020,GMU,SC,ASO,ES,Federal Contract Tower,0,16,16,1,33,0,11,134,1,146,0,27,150,2,179,10,0,10,189
02/23/2020,GMU,SC,ASO,ES,Federal Contract Tower,0,8,28,0,36,0,9,115,4,128,0,17,143,4,164,42,0,42,206
02/24/2020,GMU,SC,ASO,ES,Federal Contract Tower,0,11,15,0,26,0,2,17,0,19,0,13,32,0,45,10,0,10,55
02/25/2020,GMU,SC,ASO,ES,Federal Contract Tower,0,11,22,2,35,0,8,46,1,55,0,19,68,3,90,20,2,22,112
02/26/2020,GMU,SC,ASO,ES,Federal Contract Tower,0,23,19,1,43,0,8,59,3,70,0,31,78,4,113,32,0,32,145
02/27/2020,GMU,SC,ASO,ES,Federal Contract Tower,0,30,10,0,40,0,14,117,0,131,0,44,127,0,171,48,0,48,219
02/28/2020,GMU,SC,ASO,ES,Federal Contract Tower,0,25,13,0,38,0,7,78,0,85,0,32,91,0,123,48,0,48,171
02/29/2020,GMU,SC,ASO,ES,Federal Contract Tower,0,6,18,0,24,0,8,93,5,106,0,14,111,5,130,64,0,64,194
03/01/2020,GMU,SC,ASO,ES,Federal Contract Tower,0,13,28,0,41,0,5,157,0,162,0,18,185,0,203,44,0,44,247
03/02/2020,GMU,SC,ASO,ES,Federal Contract Tower,0,8,17,0,25,0,8,62,1,71,0,16,79,1,96,42,0,42,138
03/03/2020,GMU,SC,ASO,ES,Federal Contract Tower,0,12,9,0,21,0,7,2,1,10,0,19,11,1,31,8,0,8,39
03/04/2020,GMU,SC,ASO,ES,Federal Contract Tower,2,16,18,1,37,0,6,113,0,119,2,22,131,1,156,68,0,68,224
03/05/2020,GMU,SC,ASO,ES,Federal Contract Tower,0,25,7,0,32,0,2,8,0,10,0,27,15,0,42,0,0,0,42
03/06/2020,GMU,SC,ASO,ES,Federal Contract Tower,0,21,9,0,30,0,14,60,0,74,0,35,69,0,104,28,0,28,132
03/07/2020,GMU,SC,ASO,ES,Federal Contract Tower,0,9,21,0,30,0,16,147,2,165,0,25,168,2,195,72,10,82,277
03/08/2020,GMU,SC,ASO,ES,Federal Contract Tower,0,21,18,0,39,0,6,156,0,162,0,27,174,0,201,86,0,86,287
03/09/2020,GMU,SC,ASO,ES,Federal Contract Tower,0,13,13,0,26,0,13,168,0,181,0,26,181,0,207,62,0,62,269
03/10/2020,GMU,SC,ASO,ES,Federal Contract Tower,0,33,16,0,49,0,5,36,0,41,0,38,52,0,90,4,0,4,94
03/11/2020,GMU,SC,ASO,ES,Federal Contract Tower,0,18,14,0,32,0,6,86,2,94,0,24,100,2,126,18,0,18,144
03/12/2020,GMU,SC,ASO,ES,Federal Contract Tower,0,21,19,0,40,0,5,80,8,93,0,26,99,8,133,32,0,32,165
03/13/2020,GMU,SC,ASO,ES,Federal Contract Tower,0,23,25,1,49,0,9,87,0,96,0,32,112,1,145,64,0,64,209
03/15/2020,GMU,SC,ASO,ES,Federal Contract Tower,0,5,14,0,19,0,1,38,1,40,0,6,52,1,59,28,0,28,87
03/16/2020,GMU,SC,ASO,ES,Federal Contract Tower,0,25,25,0,50,0,12,26,0,38,0,37,51,0,88,66,0,66,154
03/17/2020,GMU,SC,ASO,ES,Federal Contract Tower,0,17,21,0,38,0,4,15,1,20,0,21,36,1,58,8,4,12,70
03/18/2020,GMU,SC,ASO,ES,Federal Contract Tower,0,11,9,0,20,0,1,0,0,1,0,12,9,0,21,0,0,0,21
03/19/2020,GMU,SC,ASO,ES,Federal Contract Tower,0,17,17,0,34,0,10,57,0,67,0,27,74,0,101,20,0,20,121
03/20/2020,GMU,SC,ASO,ES,Federal Contract Tower,0,22,10,0,32,0,16,86,1,103,0,38,96,1,135,22,0,22,157
03/21/2020,GMU,SC,ASO,ES,Federal Contract Tower,0,7,17,0,24,0,15,113,0,128,0,22,130,0,152,24,0,24,176
03/22/2020,GMU,SC,ASO,ES,Federal Contract Tower,0,5,2,0,7,0,9,17,3,29,0,14,19,3,36,66,0,66,102
03/23/2020,GMU,SC,ASO,ES,Federal Contract Tower,0,5,2,0,7,0,0,0,0,0,0,5,2,0,7,0,0,0,7
03/24/2020,GMU,SC,ASO,ES,Federal Contract Tower,0,6,3,0,9,0,0,0,0,0,0,6,3,0,9,0,0,0,9
03/25/2020,GMU,SC,ASO,ES,Federal Contract Tower,0,4,10,0,14,0,27,89,0,116,0,31,99,0,130,54,0,54,184
03/26/2020,GMU,SC,ASO,ES,Federal Contract Tower,0,1,22,4,27,0,11,92,8,111,0,12,114,12,138,98,2,100,238
03/27/2020,GMU,SC,ASO,ES,Federal Contract Tower,0,5,10,0,15,0,15,75,0,90,0,20,85,0,105,36,0,36,141
03/28/2020,GMU,SC,ASO,ES,Federal Contract Tower,0,1,12,1,14,0,8,81,0,89,0,9,93,1,103,40,0,40,143
03/29/2020,GMU,SC,ASO,ES,Federal Contract Tower,0,4,3,0,7,0,2,19,3,24,0,6,22,3,31,20,0,20,51
03/30/2020,GMU,SC,ASO,ES,Federal Contract Tower,0,4,2,0,6,0,13,104,2,119,0,17,106,2,125,86,0,86,211
03/31/2020,GMU,SC,ASO,ES,Federal Contract Tower,0,2,8,0,10,0,8,15,2,25,0,10,23,2,35,16,2,18,53
04/01/2020,GMU,SC,ASO,ES,Federal Contract Tower,0,5,13,0,18,0,17,59,10,86,0,22,72,10,104,34,0,34,138
04/02/2020,GMU,SC,ASO,ES,Federal Contract Tower,0,3,10,0,13,0,20,96,5,121,0,23,106,5,134,20,0,20,154
04/03/2020,GMU,SC,ASO,ES,Federal Contract Tower,0,2,9,0,11,0,16,122,1,139,0,18,131,1,150,28,0,28,178
04/04/2020,GMU,SC,ASO,ES,Federal Contract Tower,0,1,8,0,9,0,3,103,0,106,0,4,111,0,115,26,0,26,141
04/05/2020,GMU,SC,ASO,ES,Federal Contract Tower,0,4,4,0,8,0,0,59,0,59,0,4,63,0,67,18,0,18,85
04/06/2020,GMU,SC,ASO,ES,Federal Contract Tower,0,0,7,0,7,0,17,62,0,79,0,17,69,0,86,60,0,60,146
04/07/2020,GMU,SC,ASO,ES,Federal Contract Tower,0,0,6,2,8,0,10,62,3,75,0,10,68,5,83,46,0,46,129
04/08/2020,GMU,SC,ASO,ES,Federal Contract Tower,0,1,10,4,15,0,11,67,2,80,0,12,77,6,95,36,0,36,131
04/09/2020,GMU,SC,ASO,ES,Federal Contract Tower,0,3,7,0,10,0,20,28,4,52,0,23,35,4,62,4,0,4,66
04/10/2020,GMU,SC,ASO,ES,Federal Contract Tower,0,1,4,0,5,0,5,36,0,41,0,6,40,0,46,4,0,4,50
04/11/2020,GMU,SC,ASO,ES,Federal Contract Tower,0,5,12,0,17,0,4,129,0,133,0,9,141,0,150,76,0,76,226
04/12/2020,GMU,SC,ASO,ES,Federal Contract Tower,0,0,0,0,0,0,0,2,0,2,0,0,2,0,2,0,0,0,2
04/13/2020,GMU,SC,ASO,ES,Federal Contract Tower,0,7,4,0,11,0,23,11,0,34,0,30,15,0,45,0,0,0,45
04/14/2020,GMU,SC,ASO,ES,Federal Contract Tower,0,0,17,0,17,0,20,85,0,105,0,20,102,0,122,26,0,26,148
04/15/2020,GMU,SC,ASO,ES,Federal Contract Tower,0,4,7,0,11,0,10,67,4,81,0,14,74,4,92,20,0,20,112
04/16/2020,GMU,SC,ASO,ES,Federal Contract Tower,0,8,12,0,20,0,23,99,6,128,0,31,111,6,148,38,4,42,190
04/17/2020,GMU,SC,ASO,ES,Federal Contract Tower,0,3,13,0,16,0,30,86,2,118,0,33,99,2,134,80,0,80,214
04/18/2020,GMU,SC,ASO,ES,Federal Contract Tower,0,2,16,0,18,0,2,64,0,66,0,4,80,0,84,24,0,24,108
04/19/2020,GMU,SC,ASO,ES,Federal Contract Tower,0,0,13,0,13,0,3,28,2,33,0,3,41,2,46,18,0,18,64
04/20/2020,GMU,SC,ASO,ES,Federal Contract Tower,0,6,13,0,19,0,2,28,0,30,0,8,41,0,49,16,0,16,65
04/21/2020,GMU,SC,ASO,ES,Federal Contract Tower,0,4,17,0,21,0,24,58,3,85,0,28,75,3,106,34,8,42,148
04/22/2020,GMU,SC,ASO,ES,Federal Contract Tower,0,12,13,0,25,0,22,146,4,172,0,34,159,4,197,26,0,26,223
04/23/2020,GMU,SC,ASO,ES,Federal Contract Tower,0,3,2,0,5,0,1,0,0,1,0,4,2,0,6,0,0,0,6
04/24/2020,GMU,SC,ASO,ES,Federal Contract Tower,0,9,22,0,31,0,14,78,0,92,0,23,100,0,123,44,0,44,167
04/25/2020,GMU,SC,ASO,ES,Federal Contract Tower,0,1,10,0,11,0,12,44,0,56,0,13,54,0,67,0,0,0,67
04/26/2020,GMU,SC,ASO,ES,Federal Contract Tower,0,0,12,0,12,0,4,37,3,44,0,4,49,3,56,2,0,2,58
04/27/2020,GMU,SC,ASO,ES,Federal Contract Tower,0,3,8,0,11,0,14,127,0,141,0,17,135,0,152,40,0,40,192
04/28/2020,GMU,SC,ASO,ES,Federal Contract Tower,0,8,21,0,29,0,17,139,2,158,0,25,160,2,187,50,0,50,237
04/29/2020,GMU,SC,ASO,ES,Federal Contract Tower,0,8,8,0,16,0,9,24,2,35,0,17,32,2,51,2,0,2,53
04/30/2020,GMU,SC,ASO,ES,Federal Contract Tower,0,6,27,0,33,0,10,37,8,55,0,16,64,8,88,22,4,26,114
05/01/2020,GMU,SC,ASO,ES,Federal Contract Tower,0,10,15,0,25,0,12,107,2,121,0,22,122,2,146,44,0,44,190
05/03/2020,GMU,SC,ASO,ES,Federal Contract Tower,0,2,15,0,17,0,7,60,0,67,0,9,75,0,84,16,0,16,100
05/04/2020,GMU,SC,ASO,ES,Federal Contract Tower,0,5,18,0,23,0,19,82,2,103,0,24,100,2,126,46,0,46,172
05/05/2020,GMU,SC,ASO,ES,Federal Contract Tower,0,8,13,0,21,0,15,35,0,50,0,23,48,0,71,24,0,24,95
05/06/2020,GMU,SC,ASO,ES,Federal Contract Tower,0,12,8,0,20,0,12,52,2,66,0,24,60,2,86,16,0,16,102
05/07/2020,GMU,SC,ASO,ES,Federal Contract Tower,0,11,27,0,38,0,22,133,0,155,0,33,160,0,193,50,0,50,243
05/08/2020,GMU,SC,ASO,ES,Federal Contract Tower,0,6,13,0,19,0,24,22,1,47,0,30,35,1,66,0,0,0,66
05/09/2020,GMU,SC,ASO,ES,Federal Contract Tower,0,2,12,0,14,0,4,115,0,119,0,6,127,0,133,34,0,34,167
05/10/2020,GMU,SC,ASO,ES,Federal Contract Tower,0,6,14,0,20,0,6,54,0,60,0,12,68,0,80,4,0,4,84
05/11/2020,GMU,SC,ASO,ES,Federal Contract Tower,0,12,13,0,25,0,17,70,0,87,0,29,83,0,112,16,0,16,128
05/12/2020,GMU,SC,ASO,ES,Federal Contract Tower,0,5,15,0,20,0,11,107,8,126,0,16,122,8,146,24,0,24,170
05/13/2020,GMU,SC,ASO,ES,Federal Contract Tower,0,7,19,0,26,0,9,83,0,92,0,16,102,0,118,20,0,20,138
05/14/2020,GMU,SC,ASO,ES,Federal Contract Tower,0,15,19,0,34,0,12,68,4,84,0,27,87,4,118,46,2,48,166
05/15/2020,GMU,SC,ASO,ES,Federal Contract Tower,0,5,10,0,15,0,5,118,0,123,0,10,128,0,138,58,0,58,196
05/16/2020,GMU,SC,ASO,ES,Federal Contract Tower,0,12,10,0,22,0,3,157,0,160,0,15,167,0,182,16,0,16,198
05/17/2020,GMU,SC,ASO,ES,Federal Contract Tower,0,5,20,0,25,0,3,60,0,63,0,8,80,0,88,50,0,50,138
05/18/2020,GMU,SC,ASO,ES,Federal Contract Tower,0,10,7,0,17,0,0,3,0,3,0,10,10,0,20,14,0,14,34
05/19/2020,GMU,SC,ASO,ES,Federal Contract Tower,0,5,6,0,11,0,0,0,0,0,0,5,6,0,11,0,0,0,11
05/20/2020,GMU,SC,ASO,ES,Federal Contract Tower,0,15,0,0,15,0,0,6,0,6,0,15,6,0,21,0,0,0,21
05/21/2020,GMU,SC,ASO,ES,Federal Contract Tower,0,13,24,0,37,0,13,27,10,50,0,26,51,10,87,16,0,16,103
05/22/2020,GMU,SC,ASO,ES,Federal Contract Tower,0,11,20,0,31,0,6,84,2,92,0,17,104,2,123,56,4,60,183
05/23/2020,GMU,SC,ASO,ES,Federal Contract Tower,0,10,21,0,31,0,4,87,2,93,0,14,108,2,124,18,0,18,142
05/24/2020,GMU,SC,ASO,ES,Federal Contract Tower,0,4,12,0,16,0,2,55,2,59,0,6,67,2,75,8,0,8,83
05/25/2020,GMU,SC,ASO,ES,Federal Contract Tower,0,10,32,0,42,0,6,27,0,33,0,16,59,0,75,26,0,26,101
05/26/2020,GMU,SC,ASO,ES,Federal Contract Tower,0,18,30,0,48,0,8,19,1,28,0,26,49,1,76,18,0,18,94
05/27/2020,GMU,SC,ASO,ES,Federal Contract Tower,0,21,16,0,37,0,7,3,1,11,0,28,19,1,48,0,0,0,48
05/28/2020,GMU,SC,ASO,ES,Federal Contract Tower,0,11,10,0,21,0,6,18,0,24,0,17,28,0,45,20,0,20,65
05/29/2020,GMU,SC,ASO,ES,Federal Contract Tower,0,13,12,2,27,0,4,41,0,45,0,17,53,2,72,16,0,16,88
05/30/2020,GMU,SC,ASO,ES,Federal Contract Tower,0,11,20,0,31,0,12,145,0,157,0,23,165,0,188,26,0,26,214
05/31/2020,GMU,SC,ASO,ES,Federal Contract Tower,0,5,20,0,25,0,15,106,3,124,0,20,126,3,149,38,0,38,187
06/01/2020,GMU,SC,ASO,ES,Federal Contract Tower,0,15,21,0,36,0,10,153,2,165,0,25,174,2,201,12,0,12,213
06/02/2020,GMU,SC,ASO,ES,Federal Contract Tower,0,15,18,0,33,0,23,142,4,169,0,38,160,4,202,60,12,72,274
06/03/2020,GMU,SC,ASO,ES,Federal Contract Tower,0,17,13,1,31,0,23,116,1,140,0,40,129,2,171,18,0,18,189
06/04/2020,GMU,SC,ASO,ES,Federal Contract Tower,0,13,6,1,20,0,21,97,6,124,0,34,103,7,144,16,4,20,164
06/05/2020,GMU,SC,ASO,ES,Federal Contract Tower,0,9,16,0,25,0,10,32,0,42,0,19,48,0,67,22,0,22,89
06/06/2020,GMU,SC,ASO,ES,Federal Contract Tower,0,6,15,0,21,0,3,103,0,106,0,9,118,0,127,112,0,112,239
06/07/2020,GMU,SC,ASO,ES,Federal Contract Tower,0,3,15,0,18,0,1,59,0,60,0,4,74,0,78,38,0,38,116
06/08/2020,GMU,SC,ASO,ES,Federal Contract Tower,0,12,19,0,31,0,14,65,0,79,0,26,84,0,110,62,0,62,172
06/09/2020,GMU,SC,ASO,ES,Federal Contract Tower,0,16,16,0,32,0,17,54,2,73,0,33,70,2,105,40,6,46,151
06/10/2020,GMU,SC,ASO,ES,Federal Contract Tower,0,15,17,0,32,0,16,7,0,23,0,31,24,0,55,0,0,0,55
06/11/2020,GMU,SC,ASO,ES,Federal Contract Tower,0,18,30,0,48,0,16,93,0,109,0,34,123,0,157,54,0,54,211
06/12/2020,GMU,SC,ASO,ES,Federal Contract Tower,0,14,17,0,31,0,23,125,0,148,0,37,142,0,179,30,0,30,209
06/13/2020,GMU,SC,ASO,ES,Federal Contract Tower,0,10,10,0,20,0,12,139,2,153,0,22,149,2,173,36,0,36,209
06/14/2020,GMU,SC,ASO,ES,Federal Contract Tower,0,13,22,0,35,0,3,64,0,67,0,16,86,0,102,56,0,56,158
06/15/2020,GMU,SC,ASO,ES,Federal Contract Tower,0,5,21,0,26,0,9,55,0,64,0,14,76,0,90,86,0,86,176
06/16/2020,GMU,SC,ASO,ES,Federal Contract Tower,0,13,13,2,28,0,2,8,2,12,0,15,21,4,40,34,0,34,74
06/17/2020,GMU,SC,ASO,ES,Federal Contract Tower,0,16,31,0,47,0,4,70,4,78,0,20,101,4,125,88,6,94,219
06/18/2020,GMU,SC,ASO,ES,Federal Contract Tower,0,18,28,0,46,0,22,62,1,85,0,40,90,1,131,72,4,76,207
06/19/2020,GMU,SC,ASO,ES,Federal Contract Tower,0,18,18,0,36,0,20,95,0,115,0,38,113,0,151,46,0,46,197
06/20/2020,GMU,SC,ASO,ES,Federal Contract Tower,0,7,7,0,14,0,8,149,0,157,0,15,156,0,171,46,0,46,217
06/21/2020,GMU,SC,ASO,ES,Federal Contract Tower,0,8,13,0,21,0,2,74,0,76,0,10,87,0,97,18,0,18,115
06/22/2020,GMU,SC,ASO,ES,Federal Contract Tower,0,4,8,0,12,0,10,88,2,100,0,14,96,2,112,20,0,20,132
06/23/2020,GMU,SC,ASO,ES,Federal Contract Tower,0,15,17,0,32,0,11,13,0,24,0,26,30,0,56,22,0,22,78
06/24/2020,GMU,SC,ASO,ES,Federal Contract Tower,0,15,21,0,36,0,6,103,0,109,0,21,124,0,145,100,0,100,245
06/25/2020,GMU,SC,ASO,ES,Federal Contract Tower,0,10,23,0,33,0,24,87,4,115,0,34,110,4,148,36,0,36,184
06/26/2020,GMU,SC,ASO,ES,Federal Contract Tower,0,16,25,0,41,0,19,145,2,166,0,35,170,2,207,98,0,98,305
06/27/2020,GMU,SC,ASO,ES,Federal Contract Tower,0,4,29,0,33,0,3,94,0,97,0,7,123,0,130,112,0,112,242
06/28/2020,GMU,SC,ASO,ES,Federal Contract Tower,0,11,15,0,26,0,2,63,0,65,0,13,78,0,91,0,0,0,91
06/29/2020,GMU,SC,ASO,ES,Federal Contract Tower,0,23,18,0,41,0,18,91,0,109,0,41,109,0,150,66,0,66,216
06/30/2020,GMU,SC,ASO,ES,Federal Contract Tower,0,7,18,0,25,0,11,84,2,97,0,18,102,2,122,60,12,72,194
07/01/2020,GMU,SC,ASO,ES,Federal Contract Tower,0,26,20,0,46,0,12,95,2,109,0,38,115,2,155,42,2,44,199
07/02/2020,GMU,SC,ASO,ES,Federal Contract Tower,0,16,16,0,32,0,21,125,5,151,0,37,141,5,183,62,4,66,249
07/03/2020,GMU,SC,ASO,ES,Federal Contract Tower,0,6,14,0,20,0,6,122,0,128,0,12,136,0,148,40,0,40,188
07/04/2020,GMU,SC,ASO,ES,Federal Contract Tower,0,6,9,0,15,0,4,45,0,49,0,10,54,0,64,36,0,36,100
07/05/2020,GMU,SC,ASO,ES,Federal Contract Tower,0,14,9,0,23,0,6,41,0,47,0,20,50,0,70,24,0,24,94
07/06/2020,GMU,SC,ASO,ES,Federal Contract Tower,0,16,15,0,31,0,11,44,0,55,0,27,59,0,86,138,0,138,224
07/07/2020,GMU,SC,ASO,ES,Federal Contract Tower,0,17,15,0,32,0,5,2,0,7,0,22,17,0,39,0,0,0,39
07/08/2020,GMU,SC,ASO,ES,Federal Contract Tower,0,10,18,0,28,0,6,58,2,66,0,16,76,2,94,20,0,20,114
07/09/2020,GMU,SC,ASO,ES,Federal Contract Tower,0,20,15,0,35,0,18,106,0,124,0,38,121,0,159,78,0,78,237
07/10/2020,GMU,SC,ASO,ES,Federal Contract Tower,0,15,6,0,21,0,21,126,1,148,0,36,132,1,169,60,0,60,229
07/11/2020,GMU,SC,ASO,ES,Federal Contract Tower,0,6,12,0,18,0,6,104,0,110,0,12,116,0,128,50,0,50,178
07/12/2020,GMU,SC,ASO,ES,Federal Contract Tower,0,11,14,1,26,0,3,95,1,99,0,14,109,2,125,32,0,32,157
07/13/2020,GMU,SC,ASO,ES,Federal Contract Tower,0,10,16,0,26,0,6,109,0,115,0,16,125,0,141,20,0,20,161
07/14/2020,GMU,SC,ASO,ES,Federal Contract Tower,0,5,10,0,15,0,26,106,5,137,0,31,116,5,152,62,0,62,214
07/15/2020,GMU,SC,ASO,ES,Federal Contract Tower,0,32,14,0,46,0,26,101,0,127,0,58,115,0,173,80,0,80,253
07/16/2020,GMU,SC,ASO,ES,Federal Contract Tower,0,15,23,0,38,0,13,60,0,73,0,28,83,0,111,54,0,54,165
07/17/2020,GMU,SC,ASO,ES,Federal Contract Tower,0,25,15,1,41,0,26,95,3,124,0,51,110,4,165,72,0,72,237
07/18/2020,GMU,SC,ASO,ES,Federal Contract Tower,0,4,10,0,14,0,14,60,0,74,0,18,70,0,88,20,0,20,108
07/19/2020,GMU,SC,ASO,ES,Federal Contract Tower,0,10,16,0,26,0,5,67,0,72,0,15,83,0,98,60,0,60,158
07/20/2020,GMU,SC,ASO,ES,Federal Contract Tower,0,25,9,0,34,0,14,92,3,109,0,39,101,3,143,108,0,108,251
07/21/2020,GMU,SC,ASO,ES,Federal Contract Tower,0,25,18,1,44,0,7,78,2,87,0,32,96,3,131,72,0,72,203
07/22/2020,GMU,SC,ASO,ES,Federal Contract Tower,0,13,26,0,39,0,3,123,0,126,0,16,149,0,165,84,0,84,249
07/23/2020,GMU,SC,ASO,ES,Federal Contract Tower,0,21,9,0,30,0,16,118,2,136,0,37,127,2,166,98,2,100,266
07/24/2020,GMU,SC,ASO,ES,Federal Contract Tower,0,13,16,0,29,0,4,80,2,86,0,17,96,2,115,52,0,52,167
07/25/2020,GMU,SC,ASO,ES,Federal Contract Tower,0,3,7,0,10,0,9,83,0,92,0,12,90,0,102,72,0,72,174
07/26/2020,GMU,SC,ASO,ES,Federal Contract Tower,0,11,7,0,18,0,4,68,0,72,0,15,75,0,90,74,0,74,164
07/27/2020,GMU,SC,ASO,ES,Federal Contract Tower,0,7,11,0,18,0,8,119,0,127,0,15,130,0,145,122,0,122,267
07/28/2020,GMU,SC,ASO,ES,Federal Contract Tower,0,20,23,0,43,0,19,103,2,124,0,39,126,2,167,58,0,58,225
07/29/2020,GMU,SC,ASO,ES,Federal Contract Tower,0,15,16,1,32,0,14,83,2,99,0,29,99,3,131,88,0,88,219
07/30/2020,GMU,SC,ASO,ES,Federal Contract Tower,0,10,22,0,32,0,6,18,2,26,0,16,40,2,58,28,0,28,86
07/31/2020,GMU,SC,ASO,ES,Federal Contract Tower,0,18,16,1,35,0,16,95,2,113,0,34,111,3,148,80,0,80,228
08/01/2020,GMU,SC,ASO,ES,Federal Contract Tower,0,15,26,0,41,0,11,103,8,122,0,26,129,8,163,56,0,56,219
08/02/2020,GMU,SC,ASO,ES,Federal Contract Tower,0,2,11,0,13,0,2,70,0,72,0,4,81,0,85,42,0,42,127
08/03/2020,GMU,SC,ASO,ES,Federal Contract Tower,0,13,16,0,29,0,2,12,0,14,0,15,28,0,43,0,0,0,43
08/04/2020,GMU,SC,ASO,ES,Federal Contract Tower,0,13,23,0,36,0,15,105,2,122,0,28,128,2,158,174,0,174,332
08/06/2020,GMU,SC,ASO,ES,Federal Contract Tower,0,21,26,0,47,0,7,60,0,67,0,28,86,0,114,64,0,64,178
08/07/2020,GMU,SC,ASO,ES,Federal Contract Tower,0,18,41,0,59,0,7,57,0,64,0,25,98,0,123,100,0,100,223
08/08/2020,GMU,SC,ASO,ES,Federal Contract Tower,0,10,30,0,40,0,4,82,0,86,0,14,112,0,126,16,0,16,142
08/09/2020,GMU,SC,ASO,ES,Federal Contract Tower,0,18,21,0,39,0,3,94,0,97,0,21,115,0,136,86,0,86,222
08/10/2020,GMU,SC,ASO,ES,Federal Contract Tower,0,13,30,0,43,0,9,87,2,98,0,22,117,2,141,108,0,108,249
08/11/2020,GMU,SC,ASO,ES,Federal Contract Tower,0,18,29,0,47,0,15,95,4,114,0,33,124,4,161,82,0,82,243
08/12/2020,GMU,SC,ASO,ES,Federal Contract Tower,0,22,16,1,39,0,11,101,4,116,0,33,117,5,155,104,0,104,259
08/13/2020,GMU,SC,ASO,ES,Federal Contract Tower,0,13,20,1,34,0,14,96,3,113,0,27,116,4,147,68,0,68,215
08/14/2020,GMU,SC,ASO,ES,Federal Contract Tower,0,18,34,0,52,0,8,72,4,84,0,26,106,4,136,154,0,154,290
08/15/2020,GMU,SC,ASO,ES,Federal Contract Tower,0,4,18,0,22,0,4,20,0,24,0,8,38,0,46,46,0,46,92
08/16/2020,GMU,SC,ASO,ES,Federal Contract Tower,0,18,36,0,54,0,4,92,0,96,0,22,128,0,150,118,0,118,268
08/17/2020,GMU,SC,ASO,ES,Federal Contract Tower,0,20,16,0,36,0,7,81,0,88,0,27,97,0,124,152,0,152,276
08/18/2020,GMU,SC,ASO,ES,Federal Contract Tower,0,12,27,0,39,0,20,180,3,203,0,32,207,3,242,82,0,82,324
08/19/2020,GMU,SC,ASO,ES,Federal Contract Tower,0,23,18,0,41,0,12,93,3,108,0,35,111,3,149,98,0,98,247
08/20/2020,GMU,SC,ASO,ES,Federal Contract Tower,0,10,22,0,32,0,14,47,6,67,0,24,69,6,99,50,0,50,149
08/21/2020,GMU,SC,ASO,ES,Federal Contract Tower,0,22,14,0,36,0,8,3,0,11,0,30,17,0,47,30,0,30,77
08/22/2020,GMU,SC,ASO,ES,Federal Contract Tower,0,3,27,1,31,0,14,85,2,101,0,17,112,3,132,118,0,118,250
08/23/2020,GMU,SC,ASO,ES,Federal Contract Tower,0,7,19,1,27,0,10,41,2,53,0,17,60,3,80,108,0,108,188
08/24/2020,GMU,SC,ASO,ES,Federal Contract Tower,0,11,20,0,31,0,2,30,0,32,0,13,50,0,63,66,0,66,129
08/25/2020,GMU,SC,ASO,ES,Federal Contract Tower,0,20,17,0,37,0,6,67,0,73,0,26,84,0,110,64,4,68,178
08/26/2020,GMU,SC,ASO,ES,Federal Contract Tower,0,16,13,1,30,0,26,134,0,160,0,42,147,1,190,66,0,66,256
08/27/2020,GMU,SC,ASO,ES,Federal Contract Tower,0,21,19,0,40,0,10,122,9,141,0,31,141,9,181,48,2,50,231
08/28/2020,GMU,SC,ASO,ES,Federal Contract Tower,0,17,24,0,41,0,20,95,0,115,0,37,119,0,156,100,0,100,256
08/29/2020,GMU,SC,ASO,ES,Federal Contract Tower,0,5,12,0,17,0,4,17,0,21,0,9,29,0,38,4,0,4,42
08/30/2020,GMU,SC,ASO,ES,Federal Contract Tower,0,20,20,0,40,0,3,93,2,98,0,23,113,2,138,30,0,30,168
08/31/2020,GMU,SC,ASO,ES,Federal Contract Tower,0,15,16,3,34,0,10,32,0,42,0,25,48,3,76,24,0,24,100
09/01/2020,GMU,SC,ASO,ES,Federal Contract Tower,0,15,23,3,41,0,9,76,0,85,0,24,99,3,126,68,0,68,194
09/02/2020,GMU,SC,ASO,ES,Federal Contract Tower,0,26,25,0,51,0,23,111,0,134,0,49,136,0,185,78,0,78,263
09/03/2020,GMU,SC,ASO,ES,Federal Contract Tower,0,15,23,0,38,0,18,130,6,154,0,33,153,6,192,44,0,44,236
09/04/2020,GMU,SC,ASO,ES,Federal Contract Tower,0,16,23,0,39,0,17,128,0,145,0,33,151,0,184,108,0,108,292
09/05/2020,GMU,SC,ASO,ES,Federal Contract Tower,0,10,20,0,30,0,5,105,0,110,0,15,125,0,140,56,0,56,196
09/06/2020,GMU,SC,ASO,ES,Federal Contract Tower,0,4,21,0,25,0,11,83,0,94,0,15,104,0,119,58,0,58,177
09/07/2020,GMU,SC,ASO,ES,Federal Contract Tower,0,9,29,0,38,0,5,131,0,136,0,14,160,0,174,18,0,18,192
09/08/2020,GMU,SC,ASO,ES,Federal Contract Tower,0,16,14,0,30,0,8,99,4,111,0,24,113,4,141,54,0,54,195
09/09/2020,GMU,SC,ASO,ES,Federal Contract Tower,0,22,25,0,47,0,13,38,2,53,0,35,63,2,100,96,0,96,196
09/10/2020,GMU,SC,ASO,ES,Federal Contract Tower,0,17,19,0,36,0,7,43,2,52,0,24,62,2,88,40,0,40,128
09/11/2020,GMU,SC,ASO,ES,Federal Contract Tower,0,29,16,0,45,0,16,101,2,119,0,45,117,2,164,104,0,104,268
09/12/2020,GMU,SC,ASO,ES,Federal Contract Tower,0,18,9,0,27,0,1,4,0,5,0,19,13,0,32,0,0,0,32
09/13/2020,GMU,SC,ASO,ES,Federal Contract Tower,0,11,16,0,27,0,0,21,2,23,0,11,37,2,50,22,0,22,72
09/14/2020,GMU,SC,ASO,ES,Federal Contract Tower,0,19,14,0,33,0,26,92,2,120,0,45,106,2,153,74,0,74,227
09/15/2020,GMU,SC,ASO,ES,Federal Contract Tower,0,26,20,0,46,0,15,89,4,108,0,41,109,4,154,40,0,40,194
09/16/2020,GMU,SC,ASO,ES,Federal Contract Tower,0,27,13,0,40,0,18,77,0,95,0,45,90,0,135,116,0,116,251
09/17/2020,GMU,SC,ASO,ES,Federal Contract Tower,0,19,3,0,22,0,0,0,0,0,0,19,3,0,22,0,0,0,22
09/18/2020,GMU,SC,ASO,ES,Federal Contract Tower,0,12,12,0,24,0,14,89,0,103,0,26,101,0,127,122,0,122,249
09/19/2020,GMU,SC,ASO,ES,Federal Contract Tower,0,0,21,0,21,0,8,64,2,74,0,8,85,2,95,4,0,4,99
09/20/2020,GMU,SC,ASO,ES,Federal Contract Tower,0,23,14,0,37,0,7,49,2,58,0,30,63,2,95,30,0,30,125
09/21/2020,GMU,SC,ASO,ES,Federal Contract Tower,0,13,24,0,37,0,19,78,0,97,0,32,102,0,134,44,0,44,178
09/22/2020,GMU,SC,ASO,ES,Federal Contract Tower,0,20,22,0,42,0,19,130,1,150,0,39,152,1,192,100,0,100,292
09/23/2020,GMU,SC,ASO,ES,Federal Contract Tower,0,27,26,0,53,0,28,137,3,168,0,55,163,3,221,18,0,18,239
09/24/2020,GMU,SC,ASO,ES,Federal Contract Tower,0,22,13,0,35,0,19,56,4,79,0,41,69,4,114,76,0,76,190
09/25/2020,GMU,SC,ASO,ES,Federal Contract Tower,0,15,30,0,45,0,2,0,0,2,0,17,30,0,47,0,0,0,47
09/26/2020,GMU,SC,ASO,ES,Federal Contract Tower,0,11,30,0,41,0,14,16,0,30,0,25,46,0,71,24,0,24,95
09/27/2020,GMU,SC,ASO,ES,Federal Contract Tower,0,21,33,0,54,0,7,21,0,28,0,28,54,0,82,38,0,38,120
09/28/2020,GMU,SC,ASO,ES,Federal Contract Tower,0,19,25,0,44,0,13,51,0,64,0,32,76,0,108,84,0,84,192
09/29/2020,GMU,SC,ASO,ES,Federal Contract Tower,0,11,10,0,21,0,7,0,0,7,0,18,10,0,28,0,0,0,28
09/30/2020,GMU,SC,ASO,ES,Federal Contract Tower,0,14,20,1,35,0,15,137,1,153,0,29,157,2,188,78,10,88,276
10/01/2020,GMU,SC,ASO,ES,Federal Contract Tower,0,14,22,0,36,0,17,173,0,190,0,31,195,0,226,46,0,46,272
10/02/2020,GMU,SC,ASO,ES,Federal Contract Tower,0,23,27,0,50,0,18,158,0,176,0,41,185,0,226,98,0,98,324
10/03/2020,GMU,SC,ASO,ES,Federal Contract Tower,0,3,26,0,29,0,19,129,1,149,0,22,155,1,178,56,0,56,234
10/04/2020,GMU,SC,ASO,ES,Federal Contract Tower,0,7,31,0,38,0,4,80,0,84,0,11,111,0,122,38,0,38,160
10/05/2020,GMU,SC,ASO,ES,Federal Contract Tower,0,7,22,0,29,0,22,117,0,139,0,29,139,0,168,48,0,48,216
10/06/2020,GMU,SC,ASO,ES,Federal Contract Tower,0,12,11,0,23,0,18,143,0,161,0,30,154,0,184,40,0,40,224
10/07/2020,GMU,SC,ASO,ES,Federal Contract Tower,0,23,26,0,49,0,33,127,0,160,0,56,153,0,209,66,2,68,277
10/08/2020,GMU,SC,ASO,ES,Federal Contract Tower,0,18,24,0,42,0,23,155,4,182,0,41,179,4,224,76,0,76,300
10/09/2020,GMU,SC,ASO,ES,Federal Contract Tower,0,16,32,0,48,0,7,106,0,113,0,23,138,0,161,122,0,122,283
10/10/2020,GMU,SC,ASO,ES,Federal Contract Tower,0,7,8,0,15,0,0,0,0,0,0,7,8,0,15,0,0,0,15
10/11/2020,GMU,SC,ASO,ES,Federal Contract Tower,0,16,17,0,33,0,0,0,0,0,0,16,17,0,33,0,0,0,33
10/12/2020,GMU,SC,ASO,ES,Federal Contract Tower,0,15,37,0,52,0,8,55,0,63,0,23,92,0,115,158,0,158,273
10/13/2020,GMU,SC,ASO,ES,Federal Contract Tower,0,10,25,0,35,0,14,123,0,137,0,24,148,0,172,70,2,72,244
10/14/2020,GMU,SC,ASO,ES,Federal Contract Tower,0,23,31,0,54,0,15,142,1,158,0,38,173,1,212,82,0,82,294
10/15/2020,GMU,SC,ASO,ES,Federal Contract Tower,0,22,27,1,50,0,10,9,0,19,0,32,36,1,69,0,0,0,69
10/16/2020,GMU,SC,ASO,ES,Federal Contract Tower,0,22,36,0,58,0,14,109,2,125,0,36,145,2,183,36,16,52,235
10/17/2020,GMU,SC,ASO,ES,Federal Contract Tower,0,10,20,0,30,0,5,132,2,139,0,15,152,2,169,30,0,30,199
10/18/2020,GMU,SC,ASO,ES,Federal Contract Tower,0,26,20,0,46,0,22,98,0,120,0,48,118,0,166,64,0,64,230
10/19/2020,GMU,SC,ASO,ES,Federal Contract Tower,0,15,25,3,43,0,14,127,7,148,0,29,152,10,191,88,0,88,279
10/20/2020,GMU,SC,ASO,ES,Federal Contract Tower,0,18,30,2,50,0,14,117,0,131,0,32,147,2,181,58,0,58,239
10/21/2020,GMU,SC,ASO,ES,Federal Contract Tower,0,15,33,0,48,0,15,86,0,101,0,30,119,0,149,26,0,26,175
10/22/2020,GMU,SC,ASO,ES,Federal Contract Tower,0,22,25,0,47,0,28,98,5,131,0,50,123,5,178,84,6,90,268
10/23/2020,GMU,SC,ASO,ES,Federal Contract Tower,0,19,39,0,58,0,28,114,2,144,0,47,153,2,202,62,0,62,264
10/24/2020,GMU,SC,ASO,ES,Federal Contract Tower,0,9,19,0,28,0,5,74,6,85,0,14,93,6,113,24,0,24,137
10/25/2020,GMU,SC,ASO,ES,Federal Contract Tower,0,18,16,0,34,0,0,0,0,0,0,18,16,0,34,0,0,0,34
10/26/2020,GMU,SC,ASO,ES,Federal Contract Tower,0,19,34,0,53,0,13,26,0,39,0,32,60,0,92,58,0,58,150
10/27/2020,GMU,SC,ASO,ES,Federal Contract Tower,0,22,27,0,49,0,5,50,1,56,0,27,77,1,105,70,0,70,175
10/28/2020,GMU,SC,ASO,ES,Federal Contract Tower,0,21,20,0,41,0,0,0,0,0,0,21,20,0,41,0,0,0,41
10/29/2020,GMU,SC,ASO,ES,Federal Contract Tower,0,10,1,0,11,0,15,0,0,15,0,25,1,0,26,0,0,0,26
10/30/2020,GMU,SC,ASO,ES,Federal Contract Tower,0,14,25,0,39,0,20,96,0,116,0,34,121,0,155,66,0,66,221
10/31/2020,GMU,SC,ASO,ES,Federal Contract Tower,0,2,20,1,23,0,5,111,0,116,0,7,131,1,139,48,0,48,187
11/01/2020,GMU,SC,ASO,ES,Federal Contract Tower,0,6,19,0,25,0,1,29,0,30,0,7,48,0,55,34,0,34,89
11/02/2020,GMU,SC,ASO,ES,Federal Contract Tower,0,8,24,0,32,0,20,92,1,113,0,28,116,1,145,50,0,50,195
11/03/2020,GMU,SC,ASO,ES,Federal Contract Tower,0,13,10,0,23,0,21,99,2,122,0,34,109,2,145,138,2,140,285
11/04/2020,GMU,SC,ASO,ES,Federal Contract Tower,0,17,28,2,47,0,17,134,2,153,0,34,162,4,200,144,0,144,344
11/05/2020,GMU,SC,ASO,ES,Federal Contract Tower,0,23,27,0,50,0,17,107,2,126,0,40,134,2,176,96,0,96,272
11/06/2020,GMU,SC,ASO,ES,Federal Contract Tower,0,24,29,0,53,0,24,139,0,163,0,48,168,0,216,82,0,82,298
11/07/2020,GMU,SC,ASO,ES,Federal Contract Tower,0,9,29,0,38,0,8,56,4,68,0,17,85,4,106,106,0,106,212
11/08/2020,GMU,SC,ASO,ES,Federal Contract Tower,0,12,30,0,42,0,2,33,0,35,0,14,63,0,77,62,0,62,139
11/09/2020,GMU,SC,ASO,ES,Federal Contract Tower,0,21,21,0,42,0,28,35,0,63,0,49,56,0,105,54,0,54,159
11/10/2020,GMU,SC,ASO,ES,Federal Contract Tower,0,28,19,0,47,0,2,0,0,2,0,30,19,0,49,0,0,0,49
11/11/2020,GMU,SC,ASO,ES,Federal Contract Tower,0,25,10,0,35,0,3,4,0,7,0,28,14,0,42,22,0,22,64
11/12/2020,GMU,SC,ASO,ES,Federal Contract Tower,0,24,8,0,32,0,9,15,0,24,0,33,23,0,56,42,0,42,98
11/13/2020,GMU,SC,ASO,ES,Federal Contract Tower,0,29,26,0,55,0,24,108,0,132,0,53,134,0,187,78,0,78,265
11/14/2020,GMU,SC,ASO,ES,Federal Contract Tower,0,6,28,0,34,0,11,122,0,133,0,17,150,0,167,42,0,42,209
11/15/2020,GMU,SC,ASO,ES,Federal Contract Tower,0,9,22,0,31,0,4,6,0,10,0,13,28,0,41,0,0,0,41
11/16/2020,GMU,SC,ASO,ES,Federal Contract Tower,0,16,19,0,35,0,16,97,0,113,0,32,116,0,148,72,0,72,220
11/17/2020,GMU,SC,ASO,ES,Federal Contract Tower,0,12,18,0,30,0,18,79,2,99,0,30,97,2,129,62,0,62,191
11/18/2020,GMU,SC,ASO,ES,Federal Contract Tower,0,23,16,0,39,0,11,126,4,141,0,34,142,4,180,22,2,24,204
11/19/2020,GMU,SC,ASO,ES,Federal Contract Tower,0,26,28,0,54,0,23,112,0,135,0,49,140,0,189,56,0,56,245
11/20/2020,GMU,SC,ASO,ES,Federal Contract Tower,0,17,29,5,51,0,32,144,5,181,0,49,173,10,232,92,0,92,324
11/21/2020,GMU,SC,ASO,ES,Federal Contract Tower,0,13,30,1,44,0,11,119,1,131,0,24,149,2,175,68,0,68,243
11/22/2020,GMU,SC,ASO,ES,Federal Contract Tower,0,5,14,0,19,0,2,60,0,62,0,7,74,0,81,38,0,38,119
11/23/2020,GMU,SC,ASO,ES,Federal Contract Tower,0,17,16,0,33,0,25,69,2,96,0,42,85,2,129,26,14,40,169
11/24/2020,GMU,SC,ASO,ES,Federal Contract Tower,0,16,16,0,32,0,12,112,0,124,0,28,128,0,156,92,0,92,248
11/25/2020,GMU,SC,ASO,ES,Federal Contract Tower,0,12,25,0,37,0,5,19,0,24,0,17,44,0,61,20,0,20,81
11/26/2020,GMU,SC,ASO,ES,Federal Contract Tower,0,2,8,0,10,0,10,7,0,17,0,12,15,0,27,0,0,0,27
11/27/2020,GMU,SC,ASO,ES,Federal Contract Tower,0,5,26,0,31,0,11,92,3,106,0,16,118,3,137,78,0,78,215
11/28/2020,GMU,SC,ASO,ES,Federal Contract Tower,0,8,6,0,14,0,3,88,2,93,0,11,94,2,107,50,0,50,157
11/29/2020,GMU,SC,ASO,ES,Federal Contract Tower,0,20,14,0,34,0,5,16,0,21,0,25,30,0,55,30,0,30,85
11/30/2020,GMU,SC,ASO,ES,Federal Contract Tower,0,11,9,0,20,0,9,16,0,25,0,20,25,0,45,16,0,16,61
12/01/2020,GMU,SC,ASO,ES,Federal Contract Tower,0,19,6,0,25,0,10,82,0,92,0,29,88,0,117,32,4,36,153
12/02/2020,GMU,SC,ASO,ES,Federal Contract Tower,0,11,13,0,24,0,14,101,4,119,0,25,114,4,143,20,0,20,163
12/03/2020,GMU,SC,ASO,ES,Federal Contract Tower,0,22,7,0,29,0,9,127,2,138,0,31,134,2,167,36,0,36,203
12/04/2020,GMU,SC,ASO,ES,Federal Contract Tower,0,14,20,0,34,0,6,3,0,9,0,20,23,0,43,48,0,48,91
12/05/2020,GMU,SC,ASO,ES,Federal Contract Tower,0,4,6,0,10,0,4,95,2,101,0,8,101,2,111,70,0,70,181
12/06/2020,GMU,SC,ASO,ES,Federal Contract Tower,0,4,17,0,21,0,1,68,0,69,0,5,85,0,90,67,0,67,157
12/07/2020,GMU,SC,ASO,ES,Federal Contract Tower,0,28,15,0,43,0,14,72,0,86,0,42,87,0,129,24,0,24,153
12/08/2020,GMU,SC,ASO,ES,Federal Contract Tower,0,13,10,0,23,0,21,104,3,128,0,34,114,3,151,52,0,52,203
12/09/2020,GMU,SC,ASO,ES,Federal Contract Tower,0,21,26,0,47,0,18,105,1,124,0,39,131,1,171,26,2,28,199
12/10/2020,GMU,SC,ASO,ES,Federal Contract Tower,0,31,21,1,53,0,11,101,6,118,0,42,122,7,171,38,0,38,209
12/11/2020,GMU,SC,ASO,ES,Federal Contract Tower,0,22,24,0,46,0,18,107,2,127,0,40,131,2,173,42,0,42,215
12/12/2020,GMU,SC,ASO,ES,Federal Contract Tower,0,7,23,0,30,0,16,79,2,97,0,23,102,2,127,64,0,64,191
12/13/2020,GMU,SC,ASO,ES,Federal Contract Tower,0,10,19,0,29,0,13,54,0,67,0,23,73,0,96,38,0,38,134
12/14/2020,GMU,SC,ASO,ES,Federal Contract Tower,0,13,3,0,16,0,25,23,0,48,0,38,26,0,64,0,0,0,64
12/15/2020,GMU,SC,ASO,ES,Federal Contract Tower,0,14,20,1,35,0,25,114,1,140,0,39,134,2,175,8,0,8,183
12/16/2020,GMU,SC,ASO,ES,Federal Contract Tower,0,15,4,0,19,0,0,0,0,0,0,15,4,0,19,0,0,0,19
12/17/2020,GMU,SC,ASO,ES,Federal Contract Tower,0,23,19,0,42,0,12,43,2,57,0,35,62,2,99,64,2,66,165
12/18/2020,GMU,SC,ASO,ES,Federal Contract Tower,0,15,19,1,35,0,15,180,2,197,0,30,199,3,232,30,0,30,262
12/19/2020,GMU,SC,ASO,ES,Federal Contract Tower,0,18,26,0,44,0,27,115,0,142,0,45,141,0,186,48,0,48,234
12/20/2020,GMU,SC,ASO,ES,Federal Contract Tower,0,11,12,0,23,0,6,16,0,22,0,17,28,0,45,0,0,0,45
12/21/2020,GMU,SC,ASO,ES,Federal Contract Tower,0,13,14,0,27,0,10,58,0,68,0,23,72,0,95,44,0,44,139
12/22/2020,GMU,SC,ASO,ES,Federal Contract Tower,0,21,15,0,36,0,27,148,2,177,0,48,163,2,213,16,0,16,229
12/23/2020,GMU,SC,ASO,ES,Federal Contract Tower,0,16,26,0,42,0,16,91,0,107,0,32,117,0,149,64,0,64,213
12/24/2020,GMU,SC,ASO,ES,Federal Contract Tower,0,6,4,0,10,0,0,0,0,0,0,6,4,0,10,0,0,0,10
12/25/2020,GMU,SC,ASO,ES,Federal Contract Tower,0,0,1,0,1,0,0,2,0,2,0,0,3,0,3,0,0,0,3
12/26/2020,GMU,SC,ASO,ES,Federal Contract Tower,0,8,11,0,19,0,2,71,0,73,0,10,82,0,92,2,0,2,94
12/27/2020,GMU,SC,ASO,ES,Federal Contract Tower,0,14,21,0,35,0,10,74,0,84,0,24,95,0,119,32,0,32,151
12/28/2020,GMU,SC,ASO,ES,Federal Contract Tower,0,8,6,0,14,0,8,120,0,128,0,16,126,0,142,88,0,88,230
12/29/2020,GMU,SC,ASO,ES,Federal Contract Tower,0,12,33,0,45,0,12,90,0,102,0,24,123,0,147,50,0,50,197
12/30/2020,GMU,SC,ASO,ES,Federal Contract Tower,0,24,19,0,43,0,4,20,0,24,0,28,39,0,67,30,0,30,97
12/31/2020,GMU,SC,ASO,ES,Federal Contract Tower,0,8,3,0,11,0,0,0,0,0,0,8,3,0,11,0,0,0,11
01/01/2021,GMU,SC,ASO,ES,Federal Contract Tower,0,4,2,0,6,0,0,0,0,0,0,4,2,0,6,0,0,0,6
01/02/2021,GMU,SC,ASO,ES,Federal Contract Tower,0,5,14,0,19,0,0,30,0,30,0,5,44,0,49,36,0,36,85
01/03/2021,GMU,SC,ASO,ES,Federal Contract Tower,0,16,20,0,36,0,4,72,0,76,0,20,92,0,112,2,0,2,114
01/04/2021,GMU,SC,ASO,ES,Federal Contract Tower,0,13,11,1,25,0,19,99,11,129,0,32,110,12,154,58,0,58,212
01/05/2021,GMU,SC,ASO,ES,Federal Contract Tower,0,17,14,0,31,0,19,99,0,118,0,36,113,0,149,87,0,87,236
01/06/2021,GMU,SC,ASO,ES,Federal Contract Tower,0,17,29,0,46,0,17,100,0,117,0,34,129,0,163,82,0,82,245
01/07/2021,GMU,SC,ASO,ES,Federal Contract Tower,0,17,11,0,28,0,5,69,0,74,0,22,80,0,102,48,0,48,150
01/08/2021,GMU,SC,ASO,ES,Federal Contract Tower,0,12,0,0,12,0,0,0,0,0,0,12,0,0,12,0,0,0,12
01/09/2021,GMU,SC,ASO,ES,Federal Contract Tower,0,8,26,0,34,0,11,116,0,127,0,19,142,0,161,42,0,42,203
01/10/2021,GMU,SC,ASO,ES,Federal Contract Tower,0,12,20,0,32,0,3,81,0,84,0,15,101,0,116,24,0,24,140
01/11/2021,GMU,SC,ASO,ES,Federal Contract Tower,0,18,4,0,22,0,8,24,0,32,0,26,28,0,54,48,0,48,102
01/12/2021,GMU,SC,ASO,ES,Federal Contract Tower,0,26,16,0,42,0,15,71,0,86,0,41,87,0,128,98,0,98,226
01/13/2021,GMU,SC,ASO,ES,Federal Contract Tower,0,15,23,0,38,0,13,78,0,91,0,28,101,0,129,84,0,84,213
01/14/2021,GMU,SC,ASO,ES,Federal Contract Tower,0,21,14,0,35,0,10,91,0,101,0,31,105,0,136,48,0,48,184
01/15/2021,GMU,SC,ASO,ES,Federal Contract Tower,0,12,15,0,27,0,8,40,0,48,0,20,55,0,75,14,0,14,89
01/16/2021,GMU,SC,ASO,ES,Federal Contract Tower,0,15,7,0,22,0,6,64,2,72,0,21,71,2,94,20,0,20,114
01/17/2021,GMU,SC,ASO,ES,Federal Contract Tower,0,16,11,0,27,0,5,64,0,69,0,21,75,0,96,10,0,10,106
01/18/2021,GMU,SC,ASO,ES,Federal Contract Tower,0,13,11,0,24,0,16,73,0,89,0,29,84,0,113,74,0,74,187
01/19/2021,GMU,SC,ASO,ES,Federal Contract Tower,0,12,14,0,26,0,15,81,0,96,0,27,95,0,122,12,0,12,134
01/20/2021,GMU,SC,ASO,ES,Federal Contract Tower,0,12,15,0,27,0,26,123,0,149,0,38,138,0,176,62,0,62,238
01/21/2021,GMU,SC,ASO,ES,Federal Contract Tower,0,29,16,0,45,0,8,50,0,58,0,37,66,0,103,18,0,18,121
01/22/2021,GMU,SC,ASO,ES,Federal Contract Tower,0,11,19,0,30,0,21,135,8,164,0,32,154,8,194,100,0,100,294
01/23/2021,GMU,SC,ASO,ES,Federal Contract Tower,0,18,35,0,53,0,20,183,2,205,0,38,218,2,258,62,0,62,320
01/24/2021,GMU,SC,ASO,ES,Federal Contract Tower,0,14,12,0,26,0,6,92,2,100,0,20,104,2,126,38,0,38,164
01/25/2021,GMU,SC,ASO,ES,Federal Contract Tower,0,8,4,0,12,0,0,0,0,0,0,8,4,0,12,0,0,0,12
01/26/2021,GMU,SC,ASO,ES,Federal Contract Tower,0,8,13,0,21,0,10,35,0,45,0,18,48,0,66,102,0,102,168
01/27/2021,GMU,SC,ASO,ES,Federal Contract Tower,0,13,12,0,25,0,9,45,0,54,0,22,57,0,79,64,0,64,143
01/28/2021,GMU,SC,ASO,ES,Federal Contract Tower,0,16,14,0,30,0,12,72,4,88,0,28,86,4,118,2,2,4,122
01/29/2021,GMU,SC,ASO,ES,Federal Contract Tower,0,17,23,0,40,0,19,149,0,168,0,36,172,0,208,84,0,84,292
01/30/2021,GMU,SC,ASO,ES,Federal Contract Tower,0,13,25,0,38,0,4,120,0,124,0,17,145,0,162,50,0,50,212
01/31/2021,GMU,SC,ASO,ES,Federal Contract Tower,0,8,6,0,14,0,0,0,0,0,0,8,6,0,14,0,0,0,14
02/01/2021,GMU,SC,ASO,ES,Federal Contract Tower,0,15,7,0,22,0,16,49,8,73,0,31,56,8,95,50,0,50,145
02/02/2021,GMU,SC,ASO,ES,Federal Contract Tower,0,13,18,0,31,0,15,65,1,81,0,28,83,1,112,24,0,24,136
02/03/2021,GMU,SC,ASO,ES,Federal Contract Tower,0,37,18,0,55,0,10,106,4,120,0,47,124,4,175,94,2,96,271
02/04/2021,GMU,SC,ASO,ES,Federal Contract Tower,0,17,18,0,35,0,13,109,0,122,0,30,127,0,157,46,0,46,203
02/05/2021,GMU,SC,ASO,ES,Federal Contract Tower,0,11,16,0,27,0,7,68,0,75,0,18,84,0,102,22,0,22,124
02/06/2021,GMU,SC,ASO,ES,Federal Contract Tower,0,9,9,2,20,0,7,99,0,106,0,16,108,2,126,60,0,60,186
02/07/2021,GMU,SC,ASO,ES,Federal Contract Tower,0,9,15,0,24,0,6,37,0,43,0,15,52,0,67,12,0,12,79
02/08/2021,GMU,SC,ASO,ES,Federal Contract Tower,0,14,23,0,37,0,15,103,0,118,0,29,126,0,155,92,0,92,247
02/09/2021,GMU,SC,ASO,ES,Federal Contract Tower,0,14,16,0,30,0,14,103,0,117,0,28,119,0,147,116,2,118,265
02/10/2021,GMU,SC,ASO,ES,Federal Contract Tower,0,25,19,0,44,0,13,97,2,112,0,38,116,2,156,18,0,18,174
02/11/2021,GMU,SC,ASO,ES,Federal Contract Tower,0,27,5,0,32,0,0,0,0,0,0,27,5,0,32,0,0,0,32
02/12/2021,GMU,SC,ASO,ES,Federal Contract Tower,0,20,9,0,29,0,0,0,0,0,0,20,9,0,29,0,0,0,29
02/13/2021,GMU,SC,ASO,ES,Federal Contract Tower,0,7,0,0,7,0,0,0,0,0,0,7,0,0,7,0,0,0,7
02/14/2021,GMU,SC,ASO,ES,Federal Contract Tower,0,5,7,0,12,0,0,0,0,0,0,5,7,0,12,0,0,0,12
02/15/2021,GMU,SC,ASO,ES,Federal Contract Tower,0,14,4,0,18,0,0,0,0,0,0,14,4,0,18,0,0,0,18
02/16/2021,GMU,SC,ASO,ES,Federal Contract Tower,0,7,11,2,20,0,8,45,4,57,0,15,56,6,77,28,0,28,105
02/17/2021,GMU,SC,ASO,ES,Federal Contract Tower,0,21,34,0,55,0,21,116,0,137,0,42,150,0,192,74,0,74,266
02/18/2021,GMU,SC,ASO,ES,Federal Contract Tower,0,13,3,0,16,0,0,0,0,0,0,13,3,0,16,0,0,0,16
02/19/2021,GMU,SC,ASO,ES,Federal Contract Tower,0,20,32,0,52,0,18,110,0,128,0,38,142,0,180,200,0,200,380
02/20/2021,GMU,SC,ASO,ES,Federal Contract Tower,0,13,31,0,44,0,20,148,6,174,0,33,179,6,218,60,0,60,278
02/21/2021,GMU,SC,ASO,ES,Federal Contract Tower,0,16,22,0,38,0,6,113,0,119,0,22,135,0,157,66,0,66,223
02/22/2021,GMU,SC,ASO,ES,Federal Contract Tower,0,13,10,0,23,0,10,21,0,31,0,23,31,0,54,6,0,6,60
02/23/2021,GMU,SC,ASO,ES,Federal Contract Tower,0,11,17,2,30,0,21,103,0,124,0,32,120,2,154,57,0,57,211
02/24/2021,GMU,SC,ASO,ES,Federal Contract Tower,0,30,12,0,42,0,38,117,3,158,0,68,129,3,200,34,0,34,234
02/25/2021,GMU,SC,ASO,ES,Federal Contract Tower,0,20,22,0,42,0,17,179,3,199,0,37,201,3,241,106,0,106,347
02/26/2021,GMU,SC,ASO,ES,Federal Contract Tower,0,21,5,0,26,0,0,2,0,2,0,21,7,0,28,0,0,0,28
02/27/2021,GMU,SC,ASO,ES,Federal Contract Tower,0,19,18,0,37,0,0,26,0,26,0,19,44,0,63,18,0,18,81
02/28/2021,GMU,SC,ASO,ES,Federal Contract Tower,0,14,25,0,39,0,3,20,0,23,0,17,45,0,62,42,0,42,104
03/01/2021,GMU,SC,ASO,ES,Federal Contract Tower,0,15,9,0,24,0,9,32,0,41,0,24,41,0,65,26,0,26,91
03/02/2021,GMU,SC,ASO,ES,Federal Contract Tower,0,21,18,0,39,0,19,92,0,111,0,40,110,0,150,60,0,60,210
03/03/2021,GMU,SC,ASO,ES,Federal Contract Tower,0,33,28,2,63,0,19,94,2,115,0,52,122,4,178,104,4,108,286
03/04/2021,GMU,SC,ASO,ES,Federal Contract Tower,0,27,18,0,45,0,25,145,0,170,0,52,163,0,215,84,0,84,299
03/05/2021,GMU,SC,ASO,ES,Federal Contract Tower,0,13,27,0,40,0,15,130,1,146,0,28,157,1,186,32,0,32,218
03/06/2021,GMU,SC,ASO,ES,Federal Contract Tower,0,15,5,0,20,0,6,134,0,140,0,21,139,0,160,66,0,66,226
03/07/2021,GMU,SC,ASO,ES,Federal Contract Tower,0,18,27,0,45,0,6,93,0,99,0,24,120,0,144,12,0,12,156
03/08/2021,GMU,SC,ASO,ES,Federal Contract Tower,0,13,18,0,31,0,34,127,1,162,0,47,145,1,193,100,0,100,293
03/09/2021,GMU,SC,ASO,ES,Federal Contract Tower,0,15,25,2,42,0,14,108,4,126,0,29,133,6,168,70,0,70,238
03/11/2021,GMU,SC,ASO,ES,Federal Contract Tower,0,17,11,0,28,0,26,121,0,147,0,43,132,0,175,44,0,44,219
03/12/2021,GMU,SC,ASO,ES,Federal Contract Tower,0,15,25,1,41,0,18,137,3,158,0,33,162,4,199,68,0,68,267
03/13/2021,GMU,SC,ASO,ES,Federal Contract Tower,0,10,18,0,28,0,17,99,0,116,0,27,117,0,144,66,0,66,210
03/14/2021,GMU,SC,ASO,ES,Federal Contract Tower,0,12,32,1,45,0,6,87,2,95,0,18,119,3,140,56,4,60,200
03/15/2021,GMU,SC,ASO,ES,Federal Contract Tower,0,13,11,0,24,0,8,79,1,88,0,21,90,1,112,90,0,90,202
03/16/2021,GMU,SC,ASO,ES,Federal Contract Tower,0,23,6,0,29,0,0,0,0,0,0,23,6,0,29,0,0,0,29
03/17/2021,GMU,SC,ASO,ES,Federal Contract Tower,0,17,11,0,28,0,0,0,0,0,0,17,11,0,28,0,0,0,28
03/18/2021,GMU,SC,ASO,ES,Federal Contract Tower,0,17,7,0,24,0,12,2,0,14,0,29,9,0,38,22,0,22,60
03/19/2021,GMU,SC,ASO,ES,Federal Contract Tower,0,26,19,0,45,0,26,58,4,88,0,52,77,4,133,48,0,48,181
03/20/2021,GMU,SC,ASO,ES,Federal Contract Tower,0,13,16,0,29,0,8,80,0,88,0,21,96,0,117,44,4,48,165
03/21/2021,GMU,SC,ASO,ES,Federal Contract Tower,0,14,19,0,33,0,7,32,2,41,0,21,51,2,74,42,0,42,116
03/22/2021,GMU,SC,ASO,ES,Federal Contract Tower,0,19,27,0,46,0,4,111,0,115,0,23,138,0,161,46,0,46,207
03/23/2021,GMU,SC,ASO,ES,Federal Contract Tower,0,20,20,0,40,0,16,96,0,112,0,36,116,0,152,66,0,66,218
03/24/2021,GMU,SC,ASO,ES,Federal Contract Tower,0,21,24,2,47,0,12,29,0,41,0,33,53,2,88,94,0,94,182
03/25/2021,GMU,SC,ASO,ES,Federal Contract Tower,0,24,8,0,32,0,0,0,0,0,0,24,8,0,32,0,0,0,32
03/26/2021,GMU,SC,ASO,ES,Federal Contract Tower,0,22,22,0,44,0,16,111,0,127,0,38,133,0,171,54,0,54,225
03/27/2021,GMU,SC,ASO,ES,Federal Contract Tower,0,13,24,0,37,0,12,71,1,84,0,25,95,1,121,110,0,110,231
03/28/2021,GMU,SC,ASO,ES,Federal Contract Tower,0,11,4,0,15,0,0,7,0,7,0,11,11,0,22,32,0,32,54
03/29/2021,GMU,SC,ASO,ES,Federal Contract Tower,0,16,13,0,29,0,13,130,3,146,0,29,143,3,175,82,0,82,257
03/30/2021,GMU,SC,ASO,ES,Federal Contract Tower,0,22,19,1,42,0,27,127,1,155,0,49,146,2,197,58,4,62,259
04/01/2021,GMU,SC,ASO,ES,Federal Contract Tower,0,27,19,0,46,0,24,79,0,103,0,51,98,0,149,28,2,30,179
04/02/2021,GMU,SC,ASO,ES,Federal Contract Tower,0,10,37,1,48,0,17,136,2,155,0,27,173,3,203,82,0,82,285
04/03/2021,GMU,SC,ASO,ES,Federal Contract Tower,0,8,23,0,31,0,10,136,0,146,0,18,159,0,177,68,0,68,245
04/04/2021,GMU,SC,ASO,ES,Federal Contract Tower,0,12,10,0,22,0,10,66,0,76,0,22,76,0,98,48,0,48,146
04/05/2021,GMU,SC,ASO,ES,Federal Contract Tower,0,19,11,0,30,0,32,122,0,154,0,51,133,0,184,94,0,94,278
04/06/2021,GMU,SC,ASO,ES,Federal Contract Tower,0,12,18,0,30,0,30,163,0,193,0,42,181,0,223,66,0,66,289
04/07/2021,GMU,SC,ASO,ES,Federal Contract Tower,0,16,18,0,34,0,39,144,2,185,0,55,162,2,219,112,2,114,333
04/08/2021,GMU,SC,ASO,ES,Federal Contract Tower,0,19,24,0,43,0,49,94,0,143,0,68,118,0,186,68,0,68,254
04/09/2021,GMU,SC,ASO,ES,Federal Contract Tower,0,30,19,0,49,0,21,72,0,93,0,51,91,0,142,64,0,64,206
04/10/2021,GMU,SC,ASO,ES,Federal Contract Tower,0,13,10,0,23,0,0,9,0,9,0,13,19,0,32,8,0,8,40
04/11/2021,GMU,SC,ASO,ES,Federal Contract Tower,0,12,21,0,33,0,6,51,0,57,0,18,72,0,90,8,0,8,98
04/12/2021,GMU,SC,ASO,ES,Federal Contract Tower,0,21,10,1,32,0,23,94,0,117,0,44,104,1,149,52,0,52,201
04/13/2021,GMU,SC,ASO,ES,Federal Contract Tower,0,27,23,0,50,0,17,121,0,138,0,44,144,0,188,24,0,24,212
04/15/2021,GMU,SC,ASO,ES,Federal Contract Tower,0,27,25,0,52,0,24,88,0,112,0,51,113,0,164,70,0,70,234
04/16/2021,GMU,SC,ASO,ES,Federal Contract Tower,0,21,20,0,41,0,27,138,2,167,0,48,158,2,208,104,6,110,318
04/17/2021,GMU,SC,ASO,ES,Federal Contract Tower,0,8,15,0,23,0,13,101,1,115,0,21,116,1,138,82,0,82,220
04/18/2021,GMU,SC,ASO,ES,Federal Contract Tower,0,17,30,0,47,0,14,89,2,105,0,31,119,2,152,64,0,64,216
04/19/2021,GMU,SC,ASO,ES,Federal Contract Tower,0,13,19,0,32,0,23,121,0,144,0,36,140,0,176,46,0,46,222
04/20/2021,GMU,SC,ASO,ES,Federal Contract Tower,0,12,16,2,30,0,31,111,2,144,0,43,127,4,174,66,0,66,240
04/21/2021,GMU,SC,ASO,ES,Federal Contract Tower,0,20,8,0,28,0,25,41,1,67,0,45,49,1,95,46,0,46,141
04/22/2021,GMU,SC,ASO,ES,Federal Contract Tower,0,19,23,1,43,0,29,102,0,131,0,48,125,1,174,76,0,76,250
04/23/2021,GMU,SC,ASO,ES,Federal Contract Tower,0,14,22,2,38,0,14,132,5,151,0,28,154,7,189,104,0,104,293
04/24/2021,GMU,SC,ASO,ES,Federal Contract Tower,0,9,2,0,11,0,0,0,0,0,0,9,2,0,11,28,0,28,39
04/25/2021,GMU,SC,ASO,ES,Federal Contract Tower,0,12,17,0,29,0,8,83,2,93,0,20,100,2,122,32,0,32,154
04/26/2021,GMU,SC,ASO,ES,Federal Contract Tower,0,18,22,0,40,0,11,152,6,169,0,29,174,6,209,182,0,182,391
04/27/2021,GMU,SC,ASO,ES,Federal Contract Tower,0,15,20,1,36,0,11,115,9,135,0,26,135,10,171,84,0,84,255
04/28/2021,GMU,SC,ASO,ES,Federal Contract Tower,0,34,23,2,59,0,30,97,0,127,0,64,120,2,186,70,0,70,256
04/29/2021,GMU,SC,ASO,ES,Federal Contract Tower,0,26,18,0,44,0,19,69,0,88,0,45,87,0,132,48,0,48,180
04/30/2021,GMU,SC,ASO,ES,Federal Contract Tower,0,22,21,0,43,0,12,104,0,116,0,34,125,0,159,68,0,68,227
05/01/2021,GMU,SC,ASO,ES,Federal Contract Tower,0,17,21,2,40,0,18,173,1,192,0,35,194,3,232,150,0,150,382
05/02/2021,GMU,SC,ASO,ES,Federal Contract Tower,0,12,24,1,37,0,4,63,1,68,0,16,87,2,105,48,0,48,153
05/03/2021,GMU,SC,ASO,ES,Federal Contract Tower,0,15,10,0,25,0,3,1,0,4,0,18,11,0,29,2,0,2,31
05/04/2021,GMU,SC,ASO,ES,Federal Contract Tower,0,22,6,0,28,0,0,0,0,0,0,22,6,0,28,0,0,0,28
05/05/2021,GMU,SC,ASO,ES,Federal Contract Tower,0,31,16,0,47,0,39,100,0,139,0,70,116,0,186,98,0,98,284
05/06/2021,GMU,SC,ASO,ES,Federal Contract Tower,0,18,25,0,43,0,14,144,2,160,0,32,169,2,203,146,0,146,349
05/07/2021,GMU,SC,ASO,ES,Federal Contract Tower,0,20,23,0,43,0,30,119,0,149,0,50,142,0,192,84,0,84,276
05/08/2021,GMU,SC,ASO,ES,Federal Contract Tower,0,19,13,1,33,0,17,98,1,116,0,36,111,2,149,92,0,92,241
05/09/2021,GMU,SC,ASO,ES,Federal Contract Tower,0,35,9,0,44,0,12,54,0,66,0,47,63,0,110,72,0,72,182
05/10/2021,GMU,SC,ASO,ES,Federal Contract Tower,0,12,11,0,23,0,20,38,6,64,0,32,49,6,87,30,0,30,117
05/11/2021,GMU,SC,ASO,ES,Federal Contract Tower,0,27,29,0,56,0,31,103,0,134,0,58,132,0,190,66,0,66,256
05/12/2021,GMU,SC,ASO,ES,Federal Contract Tower,0,40,14,0,54,0,1,4,0,5,0,41,18,0,59,40,0,40,99
05/13/2021,GMU,SC,ASO,ES,Federal Contract Tower,0,29,24,0,53,0,27,120,2,149,0,56,144,2,202,88,2,90,292
05/14/2021,GMU,SC,ASO,ES,Federal Contract Tower,0,21,20,1,42,0,21,171,5,197,0,42,191,6,239,93,0,93,332
05/15/2021,GMU,SC,ASO,ES,Federal Contract Tower,0,19,22,0,41,0,18,167,0,185,0,37,189,0,226,10,0,10,236
05/16/2021,GMU,SC,ASO,ES,Federal Contract Tower,0,27,33,0,60,0,3,70,0,73,0,30,103,0,133,8,0,8,141
05/17/2021,GMU,SC,ASO,ES,Federal Contract Tower,0,14,20,1,35,0,18,125,1,144,0,32,145,2,179,112,0,112,291
05/18/2021,GMU,SC,ASO,ES,Federal Contract Tower,0,29,22,0,51,0,9,117,8,134,0,38,139,8,185,118,0,118,303
05/19/2021,GMU,SC,ASO,ES,Federal Contract Tower,0,25,23,0,48,0,20,126,4,150,0,45,149,4,198,108,0,108,306
05/20/2021,GMU,SC,ASO,ES,Federal Contract Tower,0,21,20,0,41,0,20,154,2,176,0,41,174,2,217,76,2,78,295
05/21/2021,GMU,SC,ASO,ES,Federal Contract Tower,0,11,37,0,48,0,23,136,0,159,0,34,173,0,207,140,0,140,347
05/22/2021,GMU,SC,ASO,ES,Federal Contract Tower,0,13,19,0,32,0,13,135,0,148,0,26,154,0,180,58,0,58,238
05/23/2021,GMU,SC,ASO,ES,Federal Contract Tower,0,21,26,1,48,0,17,116,2,135,0,38,142,3,183,38,0,38,221
05/24/2021,GMU,SC,ASO,ES,Federal Contract Tower,0,18,15,0,33,0,29,126,2,157,0,47,141,2,190,90,0,90,280
05/25/2021,GMU,SC,ASO,ES,Federal Contract Tower,0,14,16,0,30,0,32,139,0,171,0,46,155,0,201,80,0,80,281
05/26/2021,GMU,SC,ASO,ES,Federal Contract Tower,0,21,19,0,40,0,35,104,2,141,0,56,123,2,181,48,0,48,229
05/27/2021,GMU,SC,ASO,ES,Federal Contract Tower,0,32,31,0,63,0,29,125,7,161,0,61,156,7,224,38,2,40,264
05/28/2021,GMU,SC,ASO,ES,Federal Contract Tower,0,17,29,0,46,0,16,80,0,96,0,33,109,0,142,38,0,38,180
05/29/2021,GMU,SC,ASO,ES,Federal Contract Tower,0,6,14,2,22,0,15,50,0,65,0,21,64,2,87,18,0,18,105
05/30/2021,GMU,SC,ASO,ES,Federal Contract Tower,0,4,22,0,26,0,10,46,0,56,0,14,68,0,82,68,0,68,150
05/31/2021,GMU,SC,ASO,ES,Federal Contract Tower,0,16,26,2,44,0,8,92,0,100,0,24,118,2,144,74,0,74,218
06/01/2021,GMU,SC,ASO,ES,Federal Contract Tower,0,28,20,3,51,0,13,143,0,156,0,41,163,3,207,60,0,60,267
06/02/2021,GMU,SC,ASO,ES,Federal Contract Tower,0,35,25,0,60,0,20,91,2,113,0,55,116,2,173,110,0,110,283
06/03/2021,GMU,SC,ASO,ES,Federal Contract Tower,0,9,14,0,23,0,8,32,0,40,0,17,46,0,63,86,0,86,149
06/04/2021,GMU,SC,ASO,ES,Federal Contract Tower,0,15,46,0,61,0,15,122,12,149,0,30,168,12,210,86,0,86,296
06/05/2021,GMU,SC,ASO,ES,Federal Contract Tower,0,14,16,0,30,0,7,80,0,87,0,21,96,0,117,52,0,52,169
06/06/2021,GMU,SC,ASO,ES,Federal Contract Tower,0,29,25,0,54,0,8,22,0,30,0,37,47,0,84,58,0,58,142
06/07/2021,GMU,SC,ASO,ES,Federal Contract Tower,0,25,14,0,39,0,5,8,0,13,0,30,22,0,52,2,0,2,54
06/08/2021,GMU,SC,ASO,ES,Federal Contract Tower,0,21,27,0,48,0,5,46,0,51,0,26,73,0,99,44,0,44,143
06/09/2021,GMU,SC,ASO,ES,Federal Contract Tower,0,31,17,0,48,0,18,60,2,80,0,49,77,2,128,78,0,78,206
06/10/2021,GMU,SC,ASO,ES,Federal Contract Tower,0,35,35,0,70,0,21,63,2,86,0,56,98,2,156,100,0,100,256
06/11/2021,GMU,SC,ASO,ES,Federal Contract Tower,0,14,27,0,41,0,26,62,2,90,0,40,89,2,131,42,0,42,173
06/12/2021,GMU,SC,ASO,ES,Federal Contract Tower,0,22,17,0,39,0,9,113,0,122,0,31,130,0,161,128,0,128,289
06/13/2021,GMU,SC,ASO,ES,Federal Contract Tower,0,25,47,0,72,0,13,71,0,84,0,38,118,0,156,124,0,124,280
06/14/2021,GMU,SC,ASO,ES,Federal Contract Tower,0,20,17,2,39,0,11,76,4,91,0,31,93,6,130,54,0,54,184
06/15/2021,GMU,SC,ASO,ES,Federal Contract Tower,0,20,23,0,43,0,18,124,10,152,0,38,147,10,195,62,2,64,259
06/16/2021,GMU,SC,ASO,ES,Federal Contract Tower,0,22,29,0,51,0,36,153,1,190,0,58,182,1,241,134,0,134,375
06/17/2021,GMU,SC,ASO,ES,Federal Contract Tower,0,30,18,0,48,0,20,133,6,159,0,50,151,6,207,152,0,152,359
06/18/2021,GMU,SC,ASO,ES,Federal Contract Tower,0,25,22,0,47,0,36,151,1,188,0,61,173,1,235,60,0,60,295
06/19/2021,GMU,SC,ASO,ES,Federal Contract Tower,0,12,20,0,32,0,15,72,2,89,0,27,92,2,121,46,0,46,167
06/20/2021,GMU,SC,ASO,ES,Federal Contract Tower,0,13,8,0,21,0,2,1,0,3,0,15,9,0,24,0,0,0,24
06/21/2021,GMU,SC,ASO,ES,Federal Contract Tower,0,34,6,2,42,0,33,95,3,131,0,67,101,5,173,120,0,120,293
06/22/2021,GMU,SC,ASO,ES,Federal Contract Tower,0,21,12,0,33,0,29,38,0,67,0,50,50,0,100,62,2,64,164
06/23/2021,GMU,SC,ASO,ES,Federal Contract Tower,0,30,16,0,46,0,24,157,3,184,0,54,173,3,230,50,0,50,280
06/24/2021,GMU,SC,ASO,ES,Federal Contract Tower,0,23,31,0,54,0,18,91,0,109,0,41,122,0,163,74,0,74,237
06/25/2021,GMU,SC,ASO,ES,Federal Contract Tower,0,28,20,3,51,0,18,156,4,178,0,46,176,7,229,154,8,162,391
06/26/2021,GMU,SC,ASO,ES,Federal Contract Tower,0,14,21,0,35,0,16,51,0,67,0,30,72,0,102,16,0,16,118
06/27/2021,GMU,SC,ASO,ES,Federal Contract Tower,0,13,30,0,43,0,6,37,0,43,0,19,67,0,86,66,0,66,152
06/28/2021,GMU,SC,ASO,ES,Federal Contract Tower,0,25,18,0,43,0,19,114,4,137,0,44,132,4,180,60,0,60,240
06/29/2021,GMU,SC,ASO,ES,Federal Contract Tower,0,32,13,1,46,0,7,36,3,46,0,39,49,4,92,64,0,64,156
06/30/2021,GMU,SC,ASO,ES,Federal Contract Tower,0,27,8,0,35,0,20,130,2,152,0,47,138,2,187,140,0,140,327
07/01/2021,GMU,SC,ASO,ES,Federal Contract Tower,0,20,18,0,38,0,21,115,0,136,0,41,133,0,174,54,0,54,228
07/02/2021,GMU,SC,ASO,ES,Federal Contract Tower,0,13,17,0,30,0,14,62,0,76,0,27,79,0,106,54,0,54,160
07/03/2021,GMU,SC,ASO,ES,Federal Contract Tower,0,10,17,0,27,0,28,121,0,149,0,38,138,0,176,52,0,52,228
07/04/2021,GMU,SC,ASO,ES,Federal Contract Tower,0,2,6,0,8,0,21,67,0,88,0,23,73,0,96,60,0,60,156
07/05/2021,GMU,SC,ASO,ES,Federal Contract Tower,0,19,23,0,42,0,17,149,2,168,0,36,172,2,210,156,0,156,366
07/06/2021,GMU,SC,ASO,ES,Federal Contract Tower,0,19,21,2,42,0,32,124,5,161,0,51,145,7,203,84,0,84,287
07/07/2021,GMU,SC,ASO,ES,Federal Contract Tower,0,14,15,0,29,0,34,94,0,128,0,48,109,0,157,78,0,78,235
07/08/2021,GMU,SC,ASO,ES,Federal Contract Tower,0,12,9,0,21,0,11,49,0,60,0,23,58,0,81,64,0,64,145
07/09/2021,GMU,SC,ASO,ES,Federal Contract Tower,0,17,19,2,38,0,12,121,0,133,0,29,140,2,171,58,0,58,229
07/10/2021,GMU,SC,ASO,ES,Federal Contract Tower,0,11,23,0,34,0,4,165,2,171,0,15,188,2,205,54,0,54,259
07/11/2021,GMU,SC,ASO,ES,Federal Contract Tower,0,20,28,0,48,0,2,30,0,32,0,22,58,0,80,10,0,10,90
07/12/2021,GMU,SC,ASO,ES,Federal Contract Tower,0,17,21,0,38,0,17,74,2,93,0,34,95,2,131,76,0,76,207
07/13/2021,GMU,SC,ASO,ES,Federal Contract Tower,0,15,17,0,32,0,9,52,0,61,0,24,69,0,93,48,0,48,141
07/14/2021,GMU,SC,ASO,ES,Federal Contract Tower,0,21,18,0,39,0,8,151,0,159,0,29,169,0,198,80,0,80,278
07/15/2021,GMU,SC,ASO,ES,Federal Contract Tower,0,16,16,0,32,0,22,161,0,183,0,38,177,0,215,68,0,68,283
07/16/2021,GMU,SC,ASO,ES,Federal Contract Tower,0,20,22,2,44,0,20,146,2,168,0,40,168,4,212,118,0,118,330
07/17/2021,GMU,SC,ASO,ES,Federal Contract Tower,0,10,16,2,28,0,21,128,10,159,0,31,144,12,187,34,0,34,221
07/18/2021,GMU,SC,ASO,ES,Federal Contract Tower,0,10,23,1,34,0,7,66,4,77,0,17,89,5,111,112,0,112,223
07/19/2021,GMU,SC,ASO,ES,Federal Contract Tower,0,19,12,0,31,0,9,38,0,47,0,28,50,0,78,100,0,100,178
07/20/2021,GMU,SC,ASO,ES,Federal Contract Tower,0,28,13,0,41,0,7,33,0,40,0,35,46,0,81,96,0,96,177
07/21/2021,GMU,SC,ASO,ES,Federal Contract Tower,0,25,19,1,45,0,16,160,4,180,0,41,179,5,225,70,2,72,297
07/22/2021,GMU,SC,ASO,ES,Federal Contract Tower,0,24,22,1,47,0,18,122,6,146,0,42,144,7,193,122,0,122,315
07/23/2021,GMU,SC,ASO,ES,Federal Contract Tower,0,21,21,1,43,0,23,120,3,146,0,44,141,4,189,208,0,208,397
07/24/2021,GMU,SC,ASO,ES,Federal Contract Tower,0,13,30,0,43,0,2,19,0,21,0,15,49,0,64,10,0,10,74
07/25/2021,GMU,SC,ASO,ES,Federal Contract Tower,0,16,29,0,45,0,9,48,0,57,0,25,77,0,102,110,0,110,212
07/26/2021,GMU,SC,ASO,ES,Federal Contract Tower,0,17,21,0,38,0,36,79,0,115,0,53,100,0,153,52,0,52,205
07/27/2021,GMU,SC,ASO,ES,Federal Contract Tower,0,11,16,0,27,0,12,109,2,123,0,23,125,2,150,58,0,58,208
07/28/2021,GMU,SC,ASO,ES,Federal Contract Tower,0,27,18,0,45,0,27,132,0,159,0,54,150,0,204,58,2,60,264
07/29/2021,GMU,SC,ASO,ES,Federal Contract Tower,0,24,17,0,41,0,23,161,0,184,0,47,178,0,225,56,0,56,281
07/30/2021,GMU,SC,ASO,ES,Federal Contract Tower,0,21,22,0,43,0,17,117,2,136,0,38,139,2,179,32,0,32,211
07/31/2021,GMU,SC,ASO,ES,Federal Contract Tower,0,14,16,0,30,0,17,113,0,130,0,31,129,0,160,74,0,74,234
08/01/2021,GMU,SC,ASO,ES,Federal Contract Tower,0,15,16,0,31,0,24,60,4,88,0,39,76,4,119,16,0,16,135
08/02/2021,GMU,SC,ASO,ES,Federal Contract Tower,0,23,18,1,42,0,16,91,4,111,0,39,109,5,153,48,0,48,201
08/03/2021,GMU,SC,ASO,ES,Federal Contract Tower,0,15,20,0,35,0,7,10,0,17,0,22,30,0,52,30,0,30,82
08/04/2021,GMU,SC,ASO,ES,Federal Contract Tower,0,31,24,2,57,0,26,98,0,124,0,57,122,2,181,106,0,106,287
08/05/2021,GMU,SC,ASO,ES,Federal Contract Tower,0,24,24,1,49,0,28,117,3,148,0,52,141,4,197,82,0,82,279
08/06/2021,GMU,SC,ASO,ES,Federal Contract Tower,0,15,22,0,37,0,19,109,0,128,0,34,131,0,165,32,0,32,197
08/07/2021,GMU,SC,ASO,ES,Federal Contract Tower,0,14,17,0,31,0,10,47,1,58,0,24,64,1,89,44,0,44,133
08/08/2021,GMU,SC,ASO,ES,Federal Contract Tower,0,10,21,2,33,0,9,125,4,138,0,19,146,6,171,44,0,44,215
08/09/2021,GMU,SC,ASO,ES,Federal Contract Tower,0,16,12,0,28,0,10,125,2,137,0,26,137,2,165,94,0,94,259
08/10/2021,GMU,SC,ASO,ES,Federal Contract Tower,0,20,18,1,39,0,17,93,2,112,0,37,111,3,151,62,0,62,213
08/11/2021,GMU,SC,ASO,ES,Federal Contract Tower,0,25,11,0,36,0,14,89,2,105,0,39,100,2,141,36,0,36,177
08/12/2021,GMU,SC,ASO,ES,Federal Contract Tower,0,21,26,3,50,0,18,79,3,100,0,39,105,6,150,42,0,42,192
08/13/2021,GMU,SC,ASO,ES,Federal Contract Tower,0,9,30,0,39,0,17,129,0,146,0,26,159,0,185,102,0,102,287
08/14/2021,GMU,SC,ASO,ES,Federal Contract Tower,0,10,13,1,24,0,14,88,0,102,0,24,101,1,126,0,0,0,126
08/15/2021,GMU,SC,ASO,ES,Federal Contract Tower,0,12,20,0,32,0,12,30,0,42,0,24,50,0,74,104,0,104,178
08/16/2021,GMU,SC,ASO,ES,Federal Contract Tower,0,15,9,0,24,0,7,30,0,37,0,22,39,0,61,38,0,38,99
08/17/2021,GMU,SC,ASO,ES,Federal Contract Tower,0,11,6,0,17,0,3,0,0,3,0,14,6,0,20,0,0,0,20
08/18/2021,GMU,SC,ASO,ES,Federal Contract Tower,0,25,22,2,49,0,20,122,3,145,0,45,144,5,194,32,0,32,226
08/19/2021,GMU,SC,ASO,ES,Federal Contract Tower,0,28,19,0,47,0,23,113,5,141,0,51,132,5,188,98,0,98,286
08/20/2021,GMU,SC,ASO,ES,Federal Contract Tower,0,11,16,0,27,0,21,113,0,134,0,32,129,0,161,122,0,122,283
08/21/2021,GMU,SC,ASO,ES,Federal Contract Tower,0,5,33,0,38,0,10,115,0,125,0,15,148,0,163,24,0,24,187
08/22/2021,GMU,SC,ASO,ES,Federal Contract Tower,0,17,26,0,43,0,9,52,2,63,0,26,78,2,106,46,0,46,152
08/23/2021,GMU,SC,ASO,ES,Federal Contract Tower,0,21,17,0,38,0,21,108,0,129,0,42,125,0,167,66,0,66,233
08/24/2021,GMU,SC,ASO,ES,Federal Contract Tower,0,21,20,0,41,0,20,94,6,120,0,41,114,6,161,44,0,44,205
08/25/2021,GMU,SC,ASO,ES,Federal Contract Tower,0,22,16,0,38,0,23,78,0,101,0,45,94,0,139,14,0,14,153
08/26/2021,GMU,SC,ASO,ES,Federal Contract Tower,0,38,25,0,63,0,7,84,5,96,0,45,109,5,159,90,0,90,249
08/27/2021,GMU,SC,ASO,ES,Federal Contract Tower,0,20,22,1,43,0,25,124,6,155,0,45,146,7,198,90,0,90,288
08/28/2021,GMU,SC,ASO,ES,Federal Contract Tower,0,6,19,0,25,0,24,100,0,124,0,30,119,0,149,36,0,36,185
08/29/2021,GMU,SC,ASO,ES,Federal Contract Tower,0,19,25,0,44,0,19,71,7,97,0,38,96,7,141,64,0,64,205
08/30/2021,GMU,SC,ASO,ES,Federal Contract Tower,0,25,15,1,41,0,14,90,3,107,0,39,105,4,148,96,0,96,244
08/31/2021,GMU,SC,ASO,ES,Federal Contract Tower,0,21,9,2,32,0,13,28,2,43,0,34,37,4,75,104,0,104,179
09/01/2021,GMU,SC,ASO,ES,Federal Contract Tower,0,21,13,0,34,0,15,22,0,37,0,36,35,0,71,16,0,16,87
09/02/2021,GMU,SC,ASO,ES,Federal Contract Tower,0,28,32,0,60,0,31,149,0,180,0,59,181,0,240,40,0,40,280
09/03/2021,GMU,SC,ASO,ES,Federal Contract Tower,0,20,33,0,53,0,52,144,8,204,0,72,177,8,257,42,0,42,299
09/04/2021,GMU,SC,ASO,ES,Federal Contract Tower,0,3,31,0,34,0,11,97,0,108,0,14,128,0,142,24,0,24,166
09/05/2021,GMU,SC,ASO,ES,Federal Contract Tower,0,8,26,0,34,0,9,59,0,68,0,17,85,0,102,42,0,42,144
09/06/2021,GMU,SC,ASO,ES,Federal Contract Tower,0,18,38,0,56,0,8,74,0,82,0,26,112,0,138,62,0,62,200
09/09/2021,GMU,SC,ASO,ES,Federal Contract Tower,0,22,20,0,42,0,24,77,0,101,0,46,97,0,143,36,0,36,179
09/10/2021,GMU,SC,ASO,ES,Federal Contract Tower,0,27,30,1,58,0,21,127,1,149,0,48,157,2,207,20,2,22,229
09/11/2021,GMU,SC,ASO,ES,Federal Contract Tower,0,10,12,0,22,0,18,107,0,125,0,28,119,0,147,32,0,32,179
09/12/2021,GMU,SC,ASO,ES,Federal Contract Tower,0,17,18,0,35,0,14,107,0,121,0,31,125,0,156,50,0,50,206
09/13/2021,GMU,SC,ASO,ES,Federal Contract Tower,0,28,12,1,41,0,20,92,3,115,0,48,104,4,156,64,0,64,220
09/14/2021,GMU,SC,ASO,ES,Federal Contract Tower,0,24,26,0,50,0,24,111,6,141,0,48,137,6,191,82,0,82,273
09/15/2021,GMU,SC,ASO,ES,Federal Contract Tower,0,36,17,0,53,0,32,96,2,130,0,68,113,2,183,38,0,38,221
09/16/2021,GMU,SC,ASO,ES,Federal Contract Tower,0,41,28,0,69,0,7,2,0,9,0,48,30,0,78,2,0,2,80
09/17/2021,GMU,SC,ASO,ES,Federal Contract Tower,0,21,38,0,59,0,26,60,0,86,0,47,98,0,145,168,0,168,313
09/18/2021,GMU,SC,ASO,ES,Federal Contract Tower,0,11,42,0,53,0,21,102,0,123,0,32,144,0,176,84,0,84,260
09/19/2021,GMU,SC,ASO,ES,Federal Contract Tower,0,14,31,0,45,0,6,65,0,71,0,20,96,0,116,50,0,50,166
09/20/2021,GMU,SC,ASO,ES,Federal Contract Tower,0,24,13,0,37,0,10,0,0,10,0,34,13,0,47,0,0,0,47
09/21/2021,GMU,SC,ASO,ES,Federal Contract Tower,0,24,16,0,40,0,0,0,0,0,0,24,16,0,40,0,0,0,40
09/22/2021,GMU,SC,ASO,ES,Federal Contract Tower,0,21,11,0,32,0,9,16,2,27,0,30,27,2,59,2,0,2,61
09/23/2021,GMU,SC,ASO,ES,Federal Contract Tower,0,30,30,1,61,0,16,149,6,171,0,46,179,7,232,38,2,40,272
09/24/2021,GMU,SC,ASO,ES,Federal Contract Tower,0,21,28,0,49,0,22,186,0,208,0,43,214,0,257,178,0,178,435
09/25/2021,GMU,SC,ASO,ES,Federal Contract Tower,0,23,13,0,36,0,20,146,1,167,0,43,159,1,203,60,0,60,263
09/26/2021,GMU,SC,ASO,ES,Federal Contract Tower,0,26,36,0,62,0,11,98,3,112,0,37,134,3,174,38,0,38,212
09/27/2021,GMU,SC,ASO,ES,Federal Contract Tower,0,15,18,0,33,0,25,113,0,138,0,40,131,0,171,44,0,44,215
09/28/2021,GMU,SC,ASO,ES,Federal Contract Tower,0,27,12,0,39,0,13,125,0,138,0,40,137,0,177,96,0,96,273
09/29/2021,GMU,SC,ASO,ES,Federal Contract Tower,0,20,19,0,39,0,21,131,0,152,0,41,150,0,191,62,2,64,255
09/30/2021,GMU,SC,ASO,ES,Federal Contract Tower,0,31,19,0,50,0,33,114,1,148,0,64,133,1,198,102,0,102,300
10/01/2021,GMU,SC,ASO,ES,Federal Contract Tower,0,32,41,0,73,0,15,103,0,118,0,47,144,0,191,92,0,92,283
10/02/2021,GMU,SC,ASO,ES,Federal Contract Tower,0,5,33,1,39,0,20,79,1,100,0,25,112,2,139,82,0,82,221
10/03/2021,GMU,SC,ASO,ES,Federal Contract Tower,0,18,23,0,41,0,6,68,0,74,0,24,91,0,115,64,0,64,179
10/04/2021,GMU,SC,ASO,ES,Federal Contract Tower,0,13,19,0,32,0,6,4,0,10,0,19,23,0,42,2,0,2,44
10/05/2021,GMU,SC,ASO,ES,Federal Contract Tower,0,16,16,0,32,0,7,13,0,20,0,23,29,0,52,58,0,58,110
10/06/2021,GMU,SC,ASO,ES,Federal Contract Tower,0,20,9,0,29,0,4,11,0,15,0,24,20,0,44,38,0,38,82
10/07/2021,GMU,SC,ASO,ES,Federal Contract Tower,0,27,15,0,42,0,0,0,0,0,0,27,15,0,42,0,0,0,42
10/08/2021,GMU,SC,ASO,ES,Federal Contract Tower,0,11,22,0,33,0,10,22,0,32,0,21,44,0,65,68,0,68,133
10/09/2021,GMU,SC,ASO,ES,Federal Contract Tower,0,11,22,0,33,0,7,78,1,86,0,18,100,1,119,124,0,124,243
10/10/2021,GMU,SC,ASO,ES,Federal Contract Tower,0,21,32,3,56,0,14,116,3,133,0,35,148,6,189,66,0,66,255
10/11/2021,GMU,SC,ASO,ES,Federal Contract Tower,0,20,21,0,41,0,18,108,0,126,0,38,129,0,167,156,0,156,323
10/12/2021,GMU,SC,ASO,ES,Federal Contract Tower,0,24,28,0,52,0,22,161,0,183,0,46,189,0,235,176,0,176,411
10/13/2021,GMU,SC,ASO,ES,Federal Contract Tower,0,19,34,0,53,0,31,136,0,167,0,50,170,0,220,208,0,208,428
10/14/2021,GMU,SC,ASO,ES,Federal Contract Tower,0,35,28,0,63,0,22,165,1,188,0,57,193,1,251,98,0,98,349
10/15/2021,GMU,SC,ASO,ES,Federal Contract Tower,0,27,45,0,72,0,19,192,0,211,0,46,237,0,283,108,0,108,391
10/16/2021,GMU,SC,ASO,ES,Federal Contract Tower,0,12,9,0,21,0,20,90,4,114,0,32,99,4,135,42,0,42,177
10/17/2021,GMU,SC,ASO,ES,Federal Contract Tower,0,26,26,0,52,0,12,117,0,129,0,38,143,0,181,64,0,64,245
10/18/2021,GMU,SC,ASO,ES,Federal Contract Tower,0,19,15,0,34,0,36,160,0,196,0,55,175,0,230,158,0,158,388
10/19/2021,GMU,SC,ASO,ES,Federal Contract Tower,0,25,26,0,51,0,17,197,2,216,0,42,223,2,267,108,0,108,375
10/20/2021,GMU,SC,ASO,ES,Federal Contract Tower,0,33,28,0,61,0,25,143,6,174,0,58,171,6,235,92,0,92,327
10/21/2021,GMU,SC,ASO,ES,Federal Contract Tower,0,35,29,0,64,0,35,122,2,159,0,70,151,2,223,136,0,136,359
10/22/2021,GMU,SC,ASO,ES,Federal Contract Tower,0,40,41,0,81,0,28,143,0,171,0,68,184,0,252,92,0,92,344
10/23/2021,GMU,SC,ASO,ES,Federal Contract Tower,0,18,24,0,42,0,10,159,4,173,0,28,183,4,215,90,0,90,305
10/24/2021,GMU,SC,ASO,ES,Federal Contract Tower,0,24,35,0,59,0,23,95,0,118,0,47,130,0,177,36,0,36,213
10/25/2021,GMU,SC,ASO,ES,Federal Contract Tower,0,24,22,0,46,0,22,98,0,120,0,46,120,0,166,80,0,80,246
10/26/2021,GMU,SC,ASO,ES,Federal Contract Tower,0,10,27,0,37,0,12,152,4,168,0,22,179,4,205,46,2,48,253
10/27/2021,GMU,SC,ASO,ES,Federal Contract Tower,0,30,37,0,67,0,26,168,0,194,0,56,205,0,261,110,0,110,371
10/28/2021,GMU,SC,ASO,ES,Federal Contract Tower,0,29,10,0,39,0,11,16,0,27,0,40,26,0,66,16,0,16,82
10/29/2021,GMU,SC,ASO,ES,Federal Contract Tower,0,34,42,0,76,0,13,3,0,16,0,47,45,0,92,36,0,36,128
10/30/2021,GMU,SC,ASO,ES,Federal Contract Tower,0,14,15,0,29,0,5,39,0,44,0,19,54,0,73,30,0,30,103
10/31/2021,GMU,SC,ASO,ES,Federal Contract Tower,0,17,28,0,45,0,17,126,0,143,0,34,154,0,188,90,0,90,278
11/01/2021,GMU,SC,ASO,ES,Federal Contract Tower,0,23,24,0,47,0,13,183,0,196,0,36,207,0,243,88,0,88,331
11/02/2021,GMU,SC,ASO,ES,Federal Contract Tower,0,19,30,5,54,0,13,144,10,167,0,32,174,15,221,64,2,66,287
11/03/2021,GMU,SC,ASO,ES,Federal Contract Tower,0,34,28,0,62,0,18,111,16,145,0,52,139,16,207,94,0,94,301
11/04/2021,GMU,SC,ASO,ES,Federal Contract Tower,0,29,15,0,44,0,6,3,0,9,0,35,18,0,53,6,0,6,59
11/05/2021,GMU,SC,ASO,ES,Federal Contract Tower,0,27,39,0,66,0,26,173,3,202,0,53,212,3,268,134,0,134,402
11/06/2021,GMU,SC,ASO,ES,Federal Contract Tower,0,12,6,0,18,0,16,88,0,104,0,28,94,0,122,60,0,60,182
11/07/2021,GMU,SC,ASO,ES,Federal Contract Tower,0,17,27,1,45,0,13,122,2,137,0,30,149,3,182,80,0,80,262
11/08/2021,GMU,SC,ASO,ES,Federal Contract Tower,0,33,21,0,54,0,27,161,3,191,0,60,182,3,245,60,0,60,305
11/09/2021,GMU,SC,ASO,ES,Federal Contract Tower,0,19,22,2,43,0,34,168,14,216,0,53,190,16,259,50,0,50,309
11/10/2021,GMU,SC,ASO,ES,Federal Contract Tower,0,34,27,0,61,0,28,189,0,217,0,62,216,0,278,130,0,130,408
11/11/2021,GMU,SC,ASO,ES,Federal Contract Tower,0,33,26,0,59,0,2,16,0,18,0,35,42,0,77,42,0,42,119
11/12/2021,GMU,SC,ASO,ES,Federal Contract Tower,0,23,22,0,45,0,28,174,0,202,0,51,196,0,247,46,0,46,293
11/13/2021,GMU,SC,ASO,ES,Federal Contract Tower,0,10,21,0,31,0,21,210,0,231,0,31,231,0,262,58,0,58,320
11/14/2021,GMU,SC,ASO,ES,Federal Contract Tower,0,22,23,3,48,0,8,141,0,149,0,30,164,3,197,136,0,136,333
11/15/2021,GMU,SC,ASO,ES,Federal Contract Tower,0,19,23,0,42,0,32,151,0,183,0,51,174,0,225,84,0,84,309
11/16/2021,GMU,SC,ASO,ES,Federal Contract Tower,0,37,33,2,72,0,18,149,4,171,0,55,182,6,243,52,0,52,295
11/17/2021,GMU,SC,ASO,ES,Federal Contract Tower,0,23,24,0,47,0,40,160,2,202,0,63,184,2,249,106,0,106,355
11/18/2021,GMU,SC,ASO,ES,Federal Contract Tower,0,36,24,0,60,0,24,106,0,130,0,60,130,0,190,18,0,18,208
11/19/2021,GMU,SC,ASO,ES,Federal Contract Tower,0,27,24,0,51,0,41,117,1,159,0,68,141,1,210,62,0,62,272
11/20/2021,GMU,SC,ASO,ES,Federal Contract Tower,0,12,16,0,28,0,21,152,2,175,0,33,168,2,203,58,0,58,261
11/21/2021,GMU,SC,ASO,ES,Federal Contract Tower,0,28,27,0,55,0,4,42,0,46,0,32,69,0,101,144,0,144,245
11/22/2021,GMU,SC,ASO,ES,Federal Contract Tower,0,33,19,0,52,0,24,62,0,86,0,57,81,0,138,86,0,86,224
11/23/2021,GMU,SC,ASO,ES,Federal Contract Tower,0,36,29,0,65,0,19,153,0,172,0,55,182,0,237,100,2,102,339
11/24/2021,GMU,SC,ASO,ES,Federal Contract Tower,0,17,26,0,43,0,35,118,0,153,0,52,144,0,196,58,0,58,254
11/25/2021,GMU,SC,ASO,ES,Federal Contract Tower,0,3,7,0,10,0,8,21,0,29,0,11,28,0,39,6,0,6,45
11/26/2021,GMU,SC,ASO,ES,Federal Contract Tower,0,13,17,0,30,0,22,83,0,105,0,35,100,0,135,50,0,50,185
11/27/2021,GMU,SC,ASO,ES,Federal Contract Tower,0,15,29,0,44,0,18,116,0,134,0,33,145,0,178,110,0,110,288
11/28/2021,GMU,SC,ASO,ES,Federal Contract Tower,0,38,27,0,65,0,24,85,0,109,0,62,112,0,174,38,0,38,212
11/29/2021,GMU,SC,ASO,ES,Federal Contract Tower,0,19,26,0,45,0,24,125,0,149,0,43,151,0,194,10,0,10,204
11/30/2021,GMU,SC,ASO,ES,Federal Contract Tower,0,25,13,0,38,0,39,137,2,178,0,64,150,2,216,126,0,126,342
12/01/2021,GMU,SC,ASO,ES,Federal Contract Tower,0,15,23,0,38,0,26,137,0,163,0,41,160,0,201,66,0,66,267
12/02/2021,GMU,SC,ASO,ES,Federal Contract Tower,0,19,17,0,36,0,22,144,4,170,0,41,161,4,206,52,0,52,258
12/03/2021,GMU,SC,ASO,ES,Federal Contract Tower,0,18,24,0,42,0,29,191,1,221,0,47,215,1,263,144,0,144,407
12/04/2021,GMU,SC,ASO,ES,Federal Contract Tower,0,19,28,1,48,0,17,138,10,165,0,36,166,11,213,56,2,58,271
12/05/2021,GMU,SC,ASO,ES,Federal Contract Tower,0,28,44,0,72,0,15,37,7,59,0,43,81,7,131,36,8,44,175
12/06/2021,GMU,SC,ASO,ES,Federal Contract Tower,0,30,20,0,50,0,8,19,0,27,0,38,39,0,77,30,0,30,107
12/07/2021,GMU,SC,ASO,ES,Federal Contract Tower,0,33,23,0,56,0,9,126,2,137,0,42,149,2,193,156,0,156,349
12/08/2021,GMU,SC,ASO,ES,Federal Contract Tower,0,27,30,2,59,0,17,90,0,107,0,44,120,2,166,126,0,126,292
12/09/2021,GMU,SC,ASO,ES,Federal Contract Tower,0,35,21,0,56,0,21,102,0,123,0,56,123,0,179,178,0,178,357
12/10/2021,GMU,SC,ASO,ES,Federal Contract Tower,0,25,22,0,47,0,0,0,0,0,0,25,22,0,47,0,0,0,47
12/11/2021,GMU,SC,ASO,ES,Federal Contract Tower,0,7,5,0,12,0,0,0,0,0,0,7,5,0,12,0,0,0,12
12/12/2021,GMU,SC,ASO,ES,Federal Contract Tower,0,22,14,0,36,0,19,110,4,133,0,41,124,4,169,28,0,28,197
12/13/2021,GMU,SC,ASO,ES,Federal Contract Tower,0,19,17,0,36,0,26,143,6,175,0,45,160,6,211,88,0,88,299
12/14/2021,GMU,SC,ASO,ES,Federal Contract Tower,0,18,25,0,43,0,34,163,10,207,0,52,188,10,250,92,4,96,346
12/15/2021,GMU,SC,ASO,ES,Federal Contract Tower,0,41,29,0,70,0,25,139,4,168,0,66,168,4,238,140,4,144,382
12/16/2021,GMU,SC,ASO,ES,Federal Contract Tower,0,40,50,0,90,0,27,112,3,142,0,67,162,3,232,100,0,100,332
12/17/2021,GMU,SC,ASO,ES,Federal Contract Tower,0,25,41,1,67,0,15,15,0,30,0,40,56,1,97,54,0,54,151
12/18/2021,GMU,SC,ASO,ES,Federal Contract Tower,0,18,10,0,28,0,0,0,0,0,0,18,10,0,28,0,0,0,28
12/19/2021,GMU,SC,ASO,ES,Federal Contract Tower,0,20,28,0,48,0,17,31,0,48,0,37,59,0,96,54,0,54,150
12/20/2021,GMU,SC,ASO,ES,Federal Contract Tower,0,32,21,1,54,0,13,132,0,145,0,45,153,1,199,30,0,30,229
12/21/2021,GMU,SC,ASO,ES,Federal Contract Tower,0,25,9,3,37,0,8,67,3,78,0,33,76,6,115,66,6,72,187
12/22/2021,GMU,SC,ASO,ES,Federal Contract Tower,0,30,22,2,54,0,8,139,0,147,0,38,161,2,201,62,0,62,263
12/23/2021,GMU,SC,ASO,ES,Federal Contract Tower,0,8,33,0,41,0,22,169,2,193,0,30,202,2,234,28,0,28,262
12/24/2021,GMU,SC,ASO,ES,Federal Contract Tower,0,6,10,0,16,0,10,30,0,40,0,16,40,0,56,14,0,14,70
12/25/2021,GMU,SC,ASO,ES,Federal Contract Tower,0,4,6,0,10,0,4,2,0,6,0,8,8,0,16,0,0,0,16
12/26/2021,GMU,SC,ASO,ES,Federal Contract Tower,0,10,12,0,22,0,16,75,0,91,0,26,87,0,113,22,0,22,135
12/27/2021,GMU,SC,ASO,ES,Federal Contract Tower,0,15,18,0,33,0,14,19,0,33,0,29,37,0,66,4,0,4,70
12/28/2021,GMU,SC,ASO,ES,Federal Contract Tower,0,22,28,0,50,0,31,21,0,52,0,53,49,0,102,32,0,32,134
12/29/2021,GMU,SC,ASO,ES,Federal Contract Tower,0,18,30,2,50,0,0,0,0,0,0,18,30,2,50,0,0,0,50
12/30/2021,GMU,SC,ASO,ES,Federal Contract Tower,0,8,13,0,21,0,0,0,0,0,0,8,13,0,21,0,0,0,21
12/31/2021,GMU,SC,ASO,ES,Federal Contract Tower,0,16,27,0,43,0,9,58,0,67,0,25,85,0,110,96,0,96,206
01/01/2022,GMU,SC,ASO,ES,Federal Contract Tower,0,12,2,0,14,0,6,5,4,15,0,18,7,4,29,0,0,0,29
01/02/2022,GMU,SC,ASO,ES,Federal Contract Tower,0,14,12,0,26,0,0,0,0,0,0,14,12,0,26,2,0,2,28
01/03/2022,GMU,SC,ASO,ES,Federal Contract Tower,0,14,7,0,21,0,22,58,0,80,0,36,65,0,101,60,0,60,161
01/04/2022,GMU,SC,ASO,ES,Federal Contract Tower,0,17,13,0,30,0,35,119,0,154,0,52,132,0,184,52,2,54,238
01/05/2022,GMU,SC,ASO,ES,Federal Contract Tower,0,29,24,0,53,0,15,101,4,120,0,44,125,4,173,116,0,116,289
01/06/2022,GMU,SC,ASO,ES,Federal Contract Tower,0,18,14,0,32,0,15,79,0,94,0,33,93,0,126,112,4,116,242
01/07/2022,GMU,SC,ASO,ES,Federal Contract Tower,0,16,20,0,36,0,24,131,0,155,0,40,151,0,191,78,0,78,269
01/08/2022,GMU,SC,ASO,ES,Federal Contract Tower,0,8,35,0,43,0,14,161,1,176,0,22,196,1,219,12,0,12,231
01/09/2022,GMU,SC,ASO,ES,Federal Contract Tower,0,17,18,0,35,0,0,0,0,0,0,17,18,0,35,0,0,0,35
01/10/2022,GMU,SC,ASO,ES,Federal Contract Tower,0,15,24,0,39,0,16,94,6,116,0,31,118,6,155,56,0,56,211
01/11/2022,GMU,SC,ASO,ES,Federal Contract Tower,0,18,14,1,33,0,41,135,7,183,0,59,149,8,216,34,0,34,250
01/12/2022,GMU,SC,ASO,ES,Federal Contract Tower,0,22,20,2,44,0,25,117,2,144,0,47,137,4,188,52,0,52,240
01/13/2022,GMU,SC,ASO,ES,Federal Contract Tower,0,25,18,0,43,0,30,104,9,143,0,55,122,9,186,70,10,80,266
01/14/2022,GMU,SC,ASO,ES,Federal Contract Tower,0,17,18,0,35,0,11,150,1,162,0,28,168,1,197,128,0,128,325
01/15/2022,GMU,SC,ASO,ES,Federal Contract Tower,0,13,10,1,24,0,14,87,0,101,0,27,97,1,125,74,0,74,199
01/16/2022,GMU,SC,ASO,ES,Federal Contract Tower,0,0,0,0,0,0,0,0,0,0,0,0,0,0,0,0,0,0,0
01/17/2022,GMU,SC,ASO,ES,Federal Contract Tower,0,5,0,0,5,0,9,0,0,9,0,14,0,0,14,0,0,0,14
01/18/2022,GMU,SC,ASO,ES,Federal Contract Tower,0,16,8,0,24,0,23,29,1,53,0,39,37,1,77,2,2,4,81
01/19/2022,GMU,SC,ASO,ES,Federal Contract Tower,0,17,16,0,33,0,25,108,5,138,0,42,124,5,171,116,0,116,287
01/20/2022,GMU,SC,ASO,ES,Federal Contract Tower,0,25,8,0,33,0,0,2,1,3,0,25,10,1,36,18,4,22,58
01/21/2022,GMU,SC,ASO,ES,Federal Contract Tower,0,14,1,0,15,0,6,25,0,31,0,20,26,0,46,68,0,68,114
01/22/2022,GMU,SC,ASO,ES,Federal Contract Tower,0,5,26,0,31,0,17,164,0,181,0,22,190,0,212,42,0,42,254
01/23/2022,GMU,SC,ASO,ES,Federal Contract Tower,0,18,17,1,36,0,18,138,8,164,0,36,155,9,200,64,0,64,264
01/24/2022,GMU,SC,ASO,ES,Federal Contract Tower,0,15,14,0,29,0,35,119,2,156,0,50,133,2,185,90,0,90,275
01/25/2022,GMU,SC,ASO,ES,Federal Contract Tower,0,27,11,1,39,0,19,110,1,130,0,46,121,2,169,70,0,70,239
01/26/2022,GMU,SC,ASO,ES,Federal Contract Tower,0,23,21,0,44,0,26,146,0,172,0,49,167,0,216,64,0,64,280
01/27/2022,GMU,SC,ASO,ES,Federal Contract Tower,0,24,25,0,49,0,18,141,2,161,0,42,166,2,210,100,0,100,310
01/28/2022,GMU,SC,ASO,ES,Federal Contract Tower,0,12,19,2,33,0,17,117,2,136,0,29,136,4,169,104,0,104,273
01/29/2022,GMU,SC,ASO,ES,Federal Contract Tower,0,11,12,0,23,0,22,60,0,82,0,33,72,0,105,22,0,22,127
01/30/2022,GMU,SC,ASO,ES,Federal Contract Tower,0,10,20,0,30,0,9,101,0,110,0,19,121,0,140,46,0,46,186
01/31/2022,GMU,SC,ASO,ES,Federal Contract Tower,0,20,17,0,37,0,32,119,6,157,0,52,136,6,194,102,0,102,296
02/01/2022,GMU,SC,ASO,ES,Federal Contract Tower,0,25,9,0,34,0,28,117,2,147,0,53,126,2,181,90,0,90,271
02/02/2022,GMU,SC,ASO,ES,Federal Contract Tower,0,30,18,0,48,0,34,123,0,157,0,64,141,0,205,72,0,72,277
02/03/2022,GMU,SC,ASO,ES,Federal Contract Tower,0,25,10,0,35,0,0,0,0,0,0,25,10,0,35,0,0,0,35
02/04/2022,GMU,SC,ASO,ES,Federal Contract Tower,0,17,25,0,42,0,7,26,0,33,0,24,51,0,75,46,0,46,121
02/05/2022,GMU,SC,ASO,ES,Federal Contract Tower,0,17,20,1,38,0,14,182,7,203,0,31,202,8,241,66,6,72,313
02/06/2022,GMU,SC,ASO,ES,Federal Contract Tower,0,15,32,0,47,0,4,109,9,122,0,19,141,9,169,44,0,44,213
02/07/2022,GMU,SC,ASO,ES,Federal Contract Tower,0,19,16,0,35,0,8,86,0,94,0,27,102,0,129,100,0,100,229
02/08/2022,GMU,SC,ASO,ES,Federal Contract Tower,0,30,18,0,48,0,15,159,2,176,0,45,177,2,224,112,0,112,336
02/09/2022,GMU,SC,ASO,ES,Federal Contract Tower,0,29,23,0,52,0,31,149,0,180,0,60,172,0,232,74,0,74,306
02/10/2022,GMU,SC,ASO,ES,Federal Contract Tower,0,25,24,0,49,0,24,107,4,135,0,49,131,4,184,12,4,16,200
02/11/2022,GMU,SC,ASO,ES,Federal Contract Tower,0,24,24,0,48,0,13,131,0,144,0,37,155,0,192,44,0,44,236
02/12/2022,GMU,SC,ASO,ES,Federal Contract Tower,0,16,23,0,39,0,15,190,0,205,0,31,213,0,244,34,0,34,278
02/13/2022,GMU,SC,ASO,ES,Federal Contract Tower,0,24,23,1,48,0,6,53,2,61,0,30,76,3,109,88,0,88,197
02/14/2022,GMU,SC,ASO,ES,Federal Contract Tower,0,14,14,0,28,0,25,122,0,147,0,39,136,0,175,8,0,8,183
02/15/2022,GMU,SC,ASO,ES,Federal Contract Tower,0,29,26,0,55,0,14,147,2,163,0,43,173,2,218,72,0,72,290
02/16/2022,GMU,SC,ASO,ES,Federal Contract Tower,0,36,38,0,74,0,25,141,0,166,0,61,179,0,240,44,0,44,284
02/17/2022,GMU,SC,ASO,ES,Federal Contract Tower,0,32,10,0,42,0,3,1,0,4,0,35,11,0,46,4,0,4,50
02/18/2022,GMU,SC,ASO,ES,Federal Contract Tower,0,32,21,0,53,0,33,155,0,188,0,65,176,0,241,162,0,162,403
02/19/2022,GMU,SC,ASO,ES,Federal Contract Tower,0,14,18,0,32,0,16,186,5,207,0,30,204,5,239,78,0,78,317
02/20/2022,GMU,SC,ASO,ES,Federal Contract Tower,0,14,29,0,43,0,6,134,0,140,0,20,163,0,183,84,0,84,267
02/21/2022,GMU,SC,ASO,ES,Federal Contract Tower,0,28,37,0,65,0,29,119,0,148,0,57,156,0,213,194,0,194,407
02/22/2022,GMU,SC,ASO,ES,Federal Contract Tower,0,29,16,0,45,0,8,5,2,15,0,37,21,2,60,28,4,32,92
02/23/2022,GMU,SC,ASO,ES,Federal Contract Tower,0,23,11,0,34,0,6,43,3,52,0,29,54,3,86,84,0,84,170
02/24/2022,GMU,SC,ASO,ES,Federal Contract Tower,0,36,21,0,57,0,3,28,0,31,0,39,49,0,88,76,0,76,164
02/25/2022,GMU,SC,ASO,ES,Federal Contract Tower,0,20,16,0,36,0,18,72,5,95,0,38,88,5,131,56,0,56,187
02/26/2022,GMU,SC,ASO,ES,Federal Contract Tower,0,19,28,0,47,0,27,193,5,225,0,46,221,5,272,88,0,88,360
02/27/2022,GMU,SC,ASO,ES,Federal Contract Tower,0,19,16,0,35,0,0,0,0,0,0,19,16,0,35,0,0,0,35
02/28/2022,GMU,SC,ASO,ES,Federal Contract Tower,0,11,27,2,40,0,12,191,0,203,0,23,218,2,243,140,0,140,383
03/01/2022,GMU,SC,ASO,ES,Federal Contract Tower,0,22,19,2,43,0,13,219,5,237,0,35,238,7,280,168,0,168,448
03/02/2022,GMU,SC,ASO,ES,Federal Contract Tower,0,25,20,0,45,0,27,165,3,195,0,52,185,3,240,74,4,78,318
03/03/2022,GMU,SC,ASO,ES,Federal Contract Tower,0,24,31,1,56,0,17,179,4,200,0,41,210,5,256,132,0,132,388
03/04/2022,GMU,SC,ASO,ES,Federal Contract Tower,0,27,27,0,54,0,19,164,0,183,0,46,191,0,237,134,0,134,371
03/05/2022,GMU,SC,ASO,ES,Federal Contract Tower,0,18,31,0,49,0,38,121,0,159,0,56,152,0,208,86,4,90,298
03/06/2022,GMU,SC,ASO,ES,Federal Contract Tower,0,25,26,0,51,0,7,60,12,79,0,32,86,12,130,60,0,60,190
03/07/2022,GMU,SC,ASO,ES,Federal Contract Tower,0,15,10,0,25,0,21,29,0,50,0,36,39,0,75,34,0,34,109
03/08/2022,GMU,SC,ASO,ES,Federal Contract Tower,0,25,21,0,46,0,16,116,0,132,0,41,137,0,178,96,0,96,274
03/09/2022,GMU,SC,ASO,ES,Federal Contract Tower,0,25,13,0,38,0,3,13,0,16,0,28,26,0,54,40,0,40,94
03/10/2022,GMU,SC,ASO,ES,Federal Contract Tower,0,17,22,0,39,0,5,1,0,6,0,22,23,0,45,0,0,0,45
03/11/2022,GMU,SC,ASO,ES,Federal Contract Tower,0,34,31,0,65,0,24,44,0,68,0,58,75,0,133,154,0,154,287
03/12/2022,GMU,SC,ASO,ES,Federal Contract Tower,0,3,5,0,8,0,2,46,4,52,0,5,51,4,60,22,0,22,82
03/13/2022,GMU,SC,ASO,ES,Federal Contract Tower,0,21,57,0,78,0,19,166,4,189,0,40,223,4,267,72,0,72,339
03/14/2022,GMU,SC,ASO,ES,Federal Contract Tower,0,28,21,0,49,0,33,158,5,196,0,61,179,5,245,62,0,62,307
03/15/2022,GMU,SC,ASO,ES,Federal Contract Tower,0,19,28,1,48,0,36,162,1,199,0,55,190,2,247,78,0,78,325
03/16/2022,GMU,SC,ASO,ES,Federal Contract Tower,0,24,13,0,37,0,0,3,0,3,0,24,16,0,40,24,0,24,64
03/17/2022,GMU,SC,ASO,ES,Federal Contract Tower,0,31,34,2,67,0,12,143,0,155,0,43,177,2,222,98,0,98,320
03/18/2022,GMU,SC,ASO,ES,Federal Contract Tower,0,39,26,0,65,0,9,95,1,105,0,48,121,1,170,147,0,147,317
03/19/2022,GMU,SC,ASO,ES,Federal Contract Tower,0,18,14,0,32,0,8,7,0,15,0,26,21,0,47,0,0,0,47
03/20/2022,GMU,SC,ASO,ES,Federal Contract Tower,0,41,12,0,53,0,23,119,0,142,0,64,131,0,195,52,0,52,247
03/21/2022,GMU,SC,ASO,ES,Federal Contract Tower,0,17,20,0,37,0,21,146,2,169,0,38,166,2,206,90,0,90,296
03/22/2022,GMU,SC,ASO,ES,Federal Contract Tower,0,34,21,0,55,0,33,134,0,167,0,67,155,0,222,26,0,26,248
03/23/2022,GMU,SC,ASO,ES,Federal Contract Tower,0,13,6,0,19,0,7,0,0,7,0,20,6,0,26,0,0,0,26
03/24/2022,GMU,SC,ASO,ES,Federal Contract Tower,0,25,23,0,48,0,27,115,2,144,0,52,138,2,192,66,0,66,258
03/25/2022,GMU,SC,ASO,ES,Federal Contract Tower,0,17,15,0,32,0,7,122,0,129,0,24,137,0,161,84,0,84,245
03/26/2022,GMU,SC,ASO,ES,Federal Contract Tower,0,8,7,0,15,0,14,27,10,51,0,22,34,10,66,38,0,38,104
03/27/2022,GMU,SC,ASO,ES,Federal Contract Tower,0,35,23,0,58,0,12,80,8,100,0,47,103,8,158,82,0,82,240
03/28/2022,GMU,SC,ASO,ES,Federal Contract Tower,0,25,17,0,42,0,29,152,4,185,0,54,169,4,227,168,0,168,395
03/29/2022,GMU,SC,ASO,ES,Federal Contract Tower,0,25,24,0,49,0,29,180,6,215,0,54,204,6,264,100,4,104,368
03/30/2022,GMU,SC,ASO,ES,Federal Contract Tower,0,28,33,0,61,0,14,53,2,69,0,42,86,2,130,62,0,62,192
03/31/2022,GMU,SC,ASO,ES,Federal Contract Tower,0,19,2,0,21,0,20,5,2,27,0,39,7,2,48,2,0,2,50
04/01/2022,GMU,SC,ASO,ES,Federal Contract Tower,0,18,25,2,45,0,22,150,0,172,0,40,175,2,217,110,0,110,327
04/02/2022,GMU,SC,ASO,ES,Federal Contract Tower,0,19,15,0,34,0,5,144,0,149,0,24,159,0,183,54,0,54,237
04/03/2022,GMU,SC,ASO,ES,Federal Contract Tower,0,21,21,2,44,0,8,96,2,106,0,29,117,4,150,54,0,54,204
04/04/2022,GMU,SC,ASO,ES,Federal Contract Tower,0,33,22,0,55,0,22,152,0,174,0,55,174,0,229,72,0,72,301
04/05/2022,GMU,SC,ASO,ES,Federal Contract Tower,0,24,18,0,42,0,6,25,0,31,0,30,43,0,73,6,0,6,79
04/06/2022,GMU,SC,ASO,ES,Federal Contract Tower,0,27,25,0,52,0,15,61,0,76,0,42,86,0,128,118,0,118,246
04/07/2022,GMU,SC,ASO,ES,Federal Contract Tower,0,31,24,0,55,0,17,66,5,88,0,48,90,5,143,24,0,24,167
04/08/2022,GMU,SC,ASO,ES,Federal Contract Tower,0,32,14,0,46,0,14,55,0,69,0,46,69,0,115,16,0,16,131
04/09/2022,GMU,SC,ASO,ES,Federal Contract Tower,0,18,27,0,45,0,8,104,0,112,0,26,131,0,157,60,0,60,217
04/10/2022,GMU,SC,ASO,ES,Federal Contract Tower,0,27,22,0,49,0,14,137,5,156,0,41,159,5,205,72,0,72,277
04/11/2022,GMU,SC,ASO,ES,Federal Contract Tower,0,18,21,0,39,0,32,135,30,197,0,50,156,30,236,50,0,50,286
04/12/2022,GMU,SC,ASO,ES,Federal Contract Tower,0,22,10,0,32,0,13,137,0,150,0,35,147,0,182,56,0,56,238
04/13/2022,GMU,SC,ASO,ES,Federal Contract Tower,0,26,22,0,48,0,25,120,4,149,0,51,142,4,197,80,4,84,281
04/14/2022,GMU,SC,ASO,ES,Federal Contract Tower,0,31,31,0,62,0,14,53,0,67,0,45,84,0,129,86,0,86,215
04/15/2022,GMU,SC,ASO,ES,Federal Contract Tower,0,28,25,1,54,0,19,220,3,242,0,47,245,4,296,100,0,100,396
04/16/2022,GMU,SC,ASO,ES,Federal Contract Tower,0,11,12,0,23,0,7,39,0,46,0,18,51,0,69,110,0,110,179
04/17/2022,GMU,SC,ASO,ES,Federal Contract Tower,0,18,15,0,33,0,0,63,0,63,0,18,78,0,96,38,0,38,134
04/18/2022,GMU,SC,ASO,ES,Federal Contract Tower,0,20,16,0,36,0,9,66,0,75,0,29,82,0,111,56,0,56,167
04/19/2022,GMU,SC,ASO,ES,Federal Contract Tower,0,26,9,0,35,0,16,165,2,183,0,42,174,2,218,68,0,68,286
04/20/2022,GMU,SC,ASO,ES,Federal Contract Tower,0,31,34,1,66,0,11,160,5,176,0,42,194,6,242,26,0,26,268
04/21/2022,GMU,SC,ASO,ES,Federal Contract Tower,0,23,24,0,47,0,26,135,2,163,0,49,159,2,210,28,0,28,238
04/22/2022,GMU,SC,ASO,ES,Federal Contract Tower,0,19,43,1,63,0,14,211,6,231,0,33,254,7,294,40,0,40,334
04/23/2022,GMU,SC,ASO,ES,Federal Contract Tower,0,10,25,0,35,0,30,198,16,244,0,40,223,16,279,88,0,88,367
04/24/2022,GMU,SC,ASO,ES,Federal Contract Tower,0,15,34,0,49,0,11,120,1,132,0,26,154,1,181,36,0,36,217
04/25/2022,GMU,SC,ASO,ES,Federal Contract Tower,0,25,22,0,47,0,22,133,0,155,0,47,155,0,202,12,0,12,214
04/26/2022,GMU,SC,ASO,ES,Federal Contract Tower,0,15,13,0,28,0,13,73,0,86,0,28,86,0,114,4,2,6,120
04/27/2022,GMU,SC,ASO,ES,Federal Contract Tower,0,29,31,0,60,0,14,132,5,151,0,43,163,5,211,22,0,22,233
04/28/2022,GMU,SC,ASO,ES,Federal Contract Tower,0,19,24,0,43,0,18,172,16,206,0,37,196,16,249,46,0,46,295
04/29/2022,GMU,SC,ASO,ES,Federal Contract Tower,0,14,25,1,40,0,28,137,4,169,0,42,162,5,209,52,0,52,261
04/30/2022,GMU,SC,ASO,ES,Federal Contract Tower,0,9,19,0,28,0,23,146,0,169,0,32,165,0,197,82,0,82,279
05/01/2022,GMU,SC,ASO,ES,Federal Contract Tower,0,14,20,0,34,0,6,33,0,39,0,20,53,0,73,124,0,124,197
05/02/2022,GMU,SC,ASO,ES,Federal Contract Tower,0,29,27,0,56,0,22,107,17,146,0,51,134,17,202,34,0,34,236
05/03/2022,GMU,SC,ASO,ES,Federal Contract Tower,0,30,14,0,44,0,32,127,0,159,0,62,141,0,203,36,0,36,239
05/04/2022,GMU,SC,ASO,ES,Federal Contract Tower,0,33,22,0,55,0,32,107,0,139,0,65,129,0,194,58,0,58,252
05/05/2022,GMU,SC,ASO,ES,Federal Contract Tower,0,23,19,0,42,0,20,144,0,164,0,43,163,0,206,36,0,36,242
05/06/2022,GMU,SC,ASO,ES,Federal Contract Tower,0,17,21,0,38,0,10,12,0,22,0,27,33,0,60,2,0,2,62
05/07/2022,GMU,SC,ASO,ES,Federal Contract Tower,0,14,24,0,38,0,25,128,1,154,0,39,152,1,192,82,0,82,274
05/08/2022,GMU,SC,ASO,ES,Federal Contract Tower,0,25,27,2,54,0,6,51,1,58,0,31,78,3,112,18,0,18,130
05/09/2022,GMU,SC,ASO,ES,Federal Contract Tower,0,24,25,0,49,0,28,132,9,169,0,52,157,9,218,46,0,46,264
05/10/2022,GMU,SC,ASO,ES,Federal Contract Tower,0,20,19,1,40,0,22,139,11,172,0,42,158,12,212,36,0,36,248
05/11/2022,GMU,SC,ASO,ES,Federal Contract Tower,0,19,33,0,52,0,13,133,6,152,0,32,166,6,204,34,0,34,238
05/12/2022,GMU,SC,ASO,ES,Federal Contract Tower,0,24,26,0,50,0,25,74,17,116,0,49,100,17,166,42,0,42,208
05/13/2022,GMU,SC,ASO,ES,Federal Contract Tower,0,18,36,3,57,0,21,29,4,54,0,39,65,7,111,30,0,30,141
05/14/2022,GMU,SC,ASO,ES,Federal Contract Tower,0,13,37,0,50,0,14,100,2,116,0,27,137,2,166,102,0,102,268
05/15/2022,GMU,SC,ASO,ES,Federal Contract Tower,0,24,24,0,48,0,26,91,3,120,0,50,115,3,168,80,0,80,248
05/16/2022,GMU,SC,ASO,ES,Federal Contract Tower,0,14,16,0,30,0,42,132,0,174,0,56,148,0,204,26,0,26,230
05/17/2022,GMU,SC,ASO,ES,Federal Contract Tower,0,29,20,0,49,0,38,173,8,219,0,67,193,8,268,88,2,90,358
05/18/2022,GMU,SC,ASO,ES,Federal Contract Tower,0,43,23,0,66,0,21,191,0,212,0,64,214,0,278,94,0,94,372
05/19/2022,GMU,SC,ASO,ES,Federal Contract Tower,0,22,33,1,56,0,27,124,3,154,0,49,157,4,210,50,0,50,260
05/20/2022,GMU,SC,ASO,ES,Federal Contract Tower,0,16,26,0,42,0,15,138,0,153,0,31,164,0,195,32,0,32,227
05/21/2022,GMU,SC,ASO,ES,Federal Contract Tower,0,18,25,0,43,0,19,117,0,136,0,37,142,0,179,88,0,88,267
05/22/2022,GMU,SC,ASO,ES,Federal Contract Tower,0,19,27,1,47,0,2,102,0,104,0,21,129,1,151,38,0,38,189
05/23/2022,GMU,SC,ASO,ES,Federal Contract Tower,0,37,21,0,58,0,7,12,0,19,0,44,33,0,77,56,0,56,133
05/24/2022,GMU,SC,ASO,ES,Federal Contract Tower,0,26,33,0,59,0,10,91,0,101,0,36,124,0,160,104,0,104,264
05/25/2022,GMU,SC,ASO,ES,Federal Contract Tower,0,18,32,2,52,0,11,0,0,11,0,29,32,2,63,44,0,44,107
05/26/2022,GMU,SC,ASO,ES,Federal Contract Tower,0,21,7,0,28,0,0,0,0,0,0,21,7,0,28,0,0,0,28
05/27/2022,GMU,SC,ASO,ES,Federal Contract Tower,0,27,31,0,58,0,27,123,3,153,0,54,154,3,211,90,0,90,301
05/28/2022,GMU,SC,ASO,ES,Federal Contract Tower,0,12,20,0,32,0,27,144,0,171,0,39,164,0,203,20,0,20,223
05/29/2022,GMU,SC,ASO,ES,Federal Contract Tower,0,9,16,1,26,0,14,84,0,98,0,23,100,1,124,98,0,98,222
05/30/2022,GMU,SC,ASO,ES,Federal Contract Tower,0,9,25,0,34,0,22,147,8,177,0,31,172,8,211,132,0,132,343
05/31/2022,GMU,SC,ASO,ES,Federal Contract Tower,0,24,10,0,34,0,21,143,0,164,0,45,153,0,198,38,0,38,236
06/01/2022,GMU,SC,ASO,ES,Federal Contract Tower,0,28,27,0,55,0,24,185,2,211,0,52,212,2,266,64,0,64,330
06/02/2022,GMU,SC,ASO,ES,Federal Contract Tower,0,28,15,0,43,0,13,125,0,138,0,41,140,0,181,36,0,36,217
06/03/2022,GMU,SC,ASO,ES,Federal Contract Tower,0,9,27,0,36,0,14,71,0,85,0,23,98,0,121,24,0,24,145
06/04/2022,GMU,SC,ASO,ES,Federal Contract Tower,0,5,24,2,31,0,23,129,0,152,0,28,153,2,183,62,0,62,245
06/05/2022,GMU,SC,ASO,ES,Federal Contract Tower,0,12,18,0,30,0,14,98,0,112,0,26,116,0,142,74,0,74,216
06/06/2022,GMU,SC,ASO,ES,Federal Contract Tower,0,24,26,0,50,0,23,159,2,184,0,47,185,2,234,114,0,114,348
06/07/2022,GMU,SC,ASO,ES,Federal Contract Tower,0,23,32,1,56,0,23,68,4,95,0,46,100,5,151,138,0,138,289
06/08/2022,GMU,SC,ASO,ES,Federal Contract Tower,0,38,12,0,50,0,28,85,2,115,0,66,97,2,165,20,0,20,185
06/09/2022,GMU,SC,ASO,ES,Federal Contract Tower,0,40,27,0,67,0,30,123,4,157,0,70,150,4,224,84,0,84,308
06/10/2022,GMU,SC,ASO,ES,Federal Contract Tower,0,21,26,0,47,0,27,180,3,210,0,48,206,3,257,92,0,92,349
06/11/2022,GMU,SC,ASO,ES,Federal Contract Tower,0,20,15,0,35,0,42,127,0,169,0,62,142,0,204,50,0,50,254
06/12/2022,GMU,SC,ASO,ES,Federal Contract Tower,0,22,41,0,63,0,10,97,0,107,0,32,138,0,170,30,0,30,200
06/13/2022,GMU,SC,ASO,ES,Federal Contract Tower,0,14,24,1,39,0,22,150,3,175,0,36,174,4,214,64,0,64,278
06/14/2022,GMU,SC,ASO,ES,Federal Contract Tower,0,19,22,0,41,0,27,93,0,120,0,46,115,0,161,94,2,96,257
06/15/2022,GMU,SC,ASO,ES,Federal Contract Tower,0,16,12,0,28,0,19,127,2,148,0,35,139,2,176,106,0,106,282
06/16/2022,GMU,SC,ASO,ES,Federal Contract Tower,0,21,24,2,47,0,27,97,6,130,0,48,121,8,177,64,0,64,241
06/17/2022,GMU,SC,ASO,ES,Federal Contract Tower,0,15,20,0,35,0,27,102,0,129,0,42,122,0,164,26,0,26,190
06/18/2022,GMU,SC,ASO,ES,Federal Contract Tower,0,16,14,0,30,0,23,122,0,145,0,39,136,0,175,54,0,54,229
06/19/2022,GMU,SC,ASO,ES,Federal Contract Tower,0,17,16,0,33,0,5,106,0,111,0,22,122,0,144,0,0,0,144
06/20/2022,GMU,SC,ASO,ES,Federal Contract Tower,0,22,19,2,43,0,36,162,0,198,0,58,181,2,241,86,0,86,327
06/21/2022,GMU,SC,ASO,ES,Federal Contract Tower,0,28,11,0,39,0,27,144,4,175,0,55,155,4,214,58,0,58,272
06/22/2022,GMU,SC,ASO,ES,Federal Contract Tower,0,32,15,0,47,0,34,158,4,196,0,66,173,4,243,46,0,46,289
06/23/2022,GMU,SC,ASO,ES,Federal Contract Tower,0,27,20,0,47,0,35,107,0,142,0,62,127,0,189,96,2,98,287
06/24/2022,GMU,SC,ASO,ES,Federal Contract Tower,0,22,46,0,68,0,49,73,0,122,0,71,119,0,190,164,0,164,354
06/25/2022,GMU,SC,ASO,ES,Federal Contract Tower,0,11,24,0,35,0,23,108,0,131,0,34,132,0,166,80,0,80,246
06/26/2022,GMU,SC,ASO,ES,Federal Contract Tower,0,27,15,0,42,0,6,105,1,112,0,33,120,1,154,20,0,20,174
06/27/2022,GMU,SC,ASO,ES,Federal Contract Tower,0,12,8,0,20,0,18,92,0,110,0,30,100,0,130,126,0,126,256
06/28/2022,GMU,SC,ASO,ES,Federal Contract Tower,0,16,21,0,37,0,22,108,0,130,0,38,129,0,167,48,0,48,215
06/29/2022,GMU,SC,ASO,ES,Federal Contract Tower,0,35,23,0,58,0,7,64,0,71,0,42,87,0,129,182,0,182,311
06/30/2022,GMU,SC,ASO,ES,Federal Contract Tower,0,34,35,0,69,0,17,105,0,122,0,51,140,0,191,204,0,204,395
07/01/2022,GMU,SC,ASO,ES,Federal Contract Tower,0,17,38,0,55,0,22,77,0,99,0,39,115,0,154,122,0,122,276
07/02/2022,GMU,SC,ASO,ES,Federal Contract Tower,0,19,18,0,37,0,5,41,0,46,0,24,59,0,83,40,0,40,123
07/03/2022,GMU,SC,ASO,ES,Federal Contract Tower,0,8,18,0,26,0,10,82,0,92,0,18,100,0,118,48,0,48,166
07/04/2022,GMU,SC,ASO,ES,Federal Contract Tower,0,4,18,0,22,0,25,59,0,84,0,29,77,0,106,58,0,58,164
07/05/2022,GMU,SC,ASO,ES,Federal Contract Tower,0,18,30,0,48,0,10,108,0,118,0,28,138,0,166,86,0,86,252
07/08/2022,GMU,SC,ASO,ES,Federal Contract Tower,0,18,31,0,49,0,23,114,0,137,0,41,145,0,186,118,0,118,304
07/09/2022,GMU,SC,ASO,ES,Federal Contract Tower,0,15,35,0,50,0,10,94,0,104,0,25,129,0,154,58,0,58,212
07/10/2022,GMU,SC,ASO,ES,Federal Contract Tower,0,19,16,0,35,0,0,6,0,6,0,19,22,0,41,4,0,4,45
07/11/2022,GMU,SC,ASO,ES,Federal Contract Tower,0,28,30,0,58,0,32,60,0,92,0,60,90,0,150,98,0,98,248
07/12/2022,GMU,SC,ASO,ES,Federal Contract Tower,0,14,13,0,27,0,34,166,2,202,0,48,179,2,229,38,0,38,267
07/13/2022,GMU,SC,ASO,ES,Federal Contract Tower,0,26,21,0,47,0,14,107,0,121,0,40,128,0,168,54,0,54,222
07/14/2022,GMU,SC,ASO,ES,Federal Contract Tower,0,24,15,0,39,0,22,134,3,159,0,46,149,3,198,112,0,112,310
07/15/2022,GMU,SC,ASO,ES,Federal Contract Tower,0,9,26,3,38,0,29,180,0,209,0,38,206,3,247,150,0,150,397
07/16/2022,GMU,SC,ASO,ES,Federal Contract Tower,0,15,29,0,44,0,12,118,7,137,0,27,147,7,181,52,4,56,237
07/17/2022,GMU,SC,ASO,ES,Federal Contract Tower,0,7,20,0,27,0,25,92,2,119,0,32,112,2,146,58,0,58,204
07/18/2022,GMU,SC,ASO,ES,Federal Contract Tower,0,18,7,0,25,0,26,103,0,129,0,44,110,0,154,106,0,106,260
07/19/2022,GMU,SC,ASO,ES,Federal Contract Tower,0,24,25,0,49,0,23,93,0,116,0,47,118,0,165,32,0,32,197
07/20/2022,GMU,SC,ASO,ES,Federal Contract Tower,0,29,30,1,60,0,22,65,2,89,0,51,95,3,149,62,0,62,211
07/21/2022,GMU,SC,ASO,ES,Federal Contract Tower,0,24,25,0,49,0,16,41,0,57,0,40,66,0,106,30,0,30,136
07/22/2022,GMU,SC,ASO,ES,Federal Contract Tower,0,17,32,0,49,0,21,185,0,206,0,38,217,0,255,42,0,42,297
07/23/2022,GMU,SC,ASO,ES,Federal Contract Tower,0,8,25,0,33,0,27,125,0,152,0,35,150,0,185,88,0,88,273
07/24/2022,GMU,SC,ASO,ES,Federal Contract Tower,0,16,17,0,33,0,20,74,0,94,0,36,91,0,127,32,0,32,159
07/25/2022,GMU,SC,ASO,ES,Federal Contract Tower,0,21,15,0,36,0,25,94,0,119,0,46,109,0,155,86,0,86,241
07/26/2022,GMU,SC,ASO,ES,Federal Contract Tower,0,19,25,0,44,0,39,94,0,133,0,58,119,0,177,54,0,54,231
07/27/2022,GMU,SC,ASO,ES,Federal Contract Tower,0,19,19,0,38,0,27,142,0,169,0,46,161,0,207,112,0,112,319
07/28/2022,GMU,SC,ASO,ES,Federal Contract Tower,0,30,23,0,53,0,35,124,0,159,0,65,147,0,212,14,0,14,226
07/29/2022,GMU,SC,ASO,ES,Federal Contract Tower,0,19,23,0,42,0,21,99,0,120,0,40,122,0,162,36,0,36,198
07/30/2022,GMU,SC,ASO,ES,Federal Contract Tower,0,10,30,0,40,0,8,78,0,86,0,18,108,0,126,46,0,46,172
07/31/2022,GMU,SC,ASO,ES,Federal Contract Tower,0,31,26,0,57,0,14,37,2,53,0,45,63,2,110,12,0,12,122
08/01/2022,GMU,SC,ASO,ES,Federal Contract Tower,0,11,20,0,31,0,11,57,2,70,0,22,77,2,101,32,0,32,133
08/02/2022,GMU,SC,ASO,ES,Federal Contract Tower,0,14,9,1,24,0,30,138,3,171,0,44,147,4,195,54,0,54,249
08/03/2022,GMU,SC,ASO,ES,Federal Contract Tower,0,25,31,0,56,0,34,124,2,160,0,59,155,2,216,22,0,22,238
08/04/2022,GMU,SC,ASO,ES,Federal Contract Tower,0,18,21,0,39,0,36,106,0,142,0,54,127,0,181,116,0,116,297
08/05/2022,GMU,SC,ASO,ES,Federal Contract Tower,0,16,26,0,42,0,25,126,0,151,0,41,152,0,193,230,0,230,423
08/06/2022,GMU,SC,ASO,ES,Federal Contract Tower,0,8,27,0,35,0,10,65,0,75,0,18,92,0,110,152,0,152,262
08/07/2022,GMU,SC,ASO,ES,Federal Contract Tower,0,9,26,0,35,0,16,95,2,113,0,25,121,2,148,112,0,112,260
08/08/2022,GMU,SC,ASO,ES,Federal Contract Tower,0,23,21,1,45,0,25,91,4,120,0,48,112,5,165,56,0,56,221
08/09/2022,GMU,SC,ASO,ES,Federal Contract Tower,0,16,33,0,49,0,16,120,4,140,0,32,153,4,189,104,0,104,293
08/10/2022,GMU,SC,ASO,ES,Federal Contract Tower,0,11,31,3,45,0,47,89,1,137,0,58,120,4,182,62,0,62,244
08/11/2022,GMU,SC,ASO,ES,Federal Contract Tower,0,23,19,2,44,0,25,99,2,126,0,48,118,4,170,72,0,72,242
08/12/2022,GMU,SC,ASO,ES,Federal Contract Tower,0,13,33,3,49,0,33,162,0,195,0,46,195,3,244,142,0,142,386
08/13/2022,GMU,SC,ASO,ES,Federal Contract Tower,0,13,35,0,48,0,33,184,0,217,0,46,219,0,265,68,0,68,333
08/14/2022,GMU,SC,ASO,ES,Federal Contract Tower,0,14,28,0,42,0,4,119,0,123,0,18,147,0,165,54,0,54,219
08/15/2022,GMU,SC,ASO,ES,Federal Contract Tower,0,15,26,0,41,0,16,109,0,125,0,31,135,0,166,78,0,78,244
08/16/2022,GMU,SC,ASO,ES,Federal Contract Tower,0,26,28,0,54,0,17,29,0,46,0,43,57,0,100,78,0,78,178
08/17/2022,GMU,SC,ASO,ES,Federal Contract Tower,0,36,23,0,59,0,28,101,2,131,0,64,124,2,190,106,0,106,296
08/18/2022,GMU,SC,ASO,ES,Federal Contract Tower,0,21,19,0,40,0,37,139,0,176,0,58,158,0,216,36,2,38,254
08/19/2022,GMU,SC,ASO,ES,Federal Contract Tower,0,29,33,2,64,0,20,53,0,73,0,49,86,2,137,164,0,164,301
08/20/2022,GMU,SC,ASO,ES,Federal Contract Tower,0,6,16,1,23,0,11,83,0,94,0,17,99,1,117,156,0,156,273
08/21/2022,GMU,SC,ASO,ES,Federal Contract Tower,0,15,24,1,40,0,2,42,0,44,0,17,66,1,84,84,0,84,168
08/22/2022,GMU,SC,ASO,ES,Federal Contract Tower,0,18,26,0,44,0,32,102,0,134,0,50,128,0,178,74,0,74,252
08/23/2022,GMU,SC,ASO,ES,Federal Contract Tower,0,29,24,0,53,0,48,147,1,196,0,77,171,1,249,24,0,24,273
08/24/2022,GMU,SC,ASO,ES,Federal Contract Tower,0,20,16,0,36,0,20,149,6,175,0,40,165,6,211,38,0,38,249
08/25/2022,GMU,SC,ASO,ES,Federal Contract Tower,0,18,16,0,34,0,38,103,0,141,0,56,119,0,175,60,0,60,235
08/26/2022,GMU,SC,ASO,ES,Federal Contract Tower,0,23,26,0,49,0,15,127,0,142,0,38,153,0,191,54,0,54,245
08/27/2022,GMU,SC,ASO,ES,Federal Contract Tower,0,16,20,0,36,0,14,137,0,151,0,30,157,0,187,68,0,68,255
08/28/2022,GMU,SC,ASO,ES,Federal Contract Tower,0,26,33,0,59,0,14,88,0,102,0,40,121,0,161,20,0,20,181
08/29/2022,GMU,SC,ASO,ES,Federal Contract Tower,0,9,21,0,30,0,21,144,0,165,0,30,165,0,195,80,0,80,275
08/30/2022,GMU,SC,ASO,ES,Federal Contract Tower,0,23,16,0,39,0,19,84,0,103,0,42,100,0,142,48,0,48,190
08/31/2022,GMU,SC,ASO,ES,Federal Contract Tower,0,20,24,0,44,0,14,167,2,183,0,34,191,2,227,64,0,64,291
09/01/2022,GMU,SC,ASO,ES,Federal Contract Tower,0,27,19,0,46,0,39,140,0,179,0,66,159,0,225,60,0,60,285
09/02/2022,GMU,SC,ASO,ES,Federal Contract Tower,0,27,14,0,41,0,22,132,0,154,0,49,146,0,195,78,0,78,273
09/03/2022,GMU,SC,ASO,ES,Federal Contract Tower,0,9,26,0,35,0,3,76,0,79,0,12,102,0,114,112,0,112,226
09/04/2022,GMU,SC,ASO,ES,Federal Contract Tower,0,10,12,0,22,0,0,8,0,8,0,10,20,0,30,6,0,6,36
09/05/2022,GMU,SC,ASO,ES,Federal Contract Tower,0,18,19,0,37,0,0,8,0,8,0,18,27,0,45,46,0,46,91
09/06/2022,GMU,SC,ASO,ES,Federal Contract Tower,0,24,29,0,53,0,49,126,0,175,0,73,155,0,228,54,0,54,282
09/07/2022,GMU,SC,ASO,ES,Federal Contract Tower,0,33,19,0,52,0,121,27,0,148,0,154,46,0,200,52,0,52,252
09/08/2022,GMU,SC,ASO,ES,Federal Contract Tower,0,38,25,0,63,0,15,120,0,135,0,53,145,0,198,64,0,64,262
09/09/2022,GMU,SC,ASO,ES,Federal Contract Tower,0,23,36,0,59,0,22,97,10,129,0,45,133,10,188,40,8,48,236
09/10/2022,GMU,SC,ASO,ES,Federal Contract Tower,0,6,15,0,21,0,0,0,0,0,0,6,15,0,21,0,0,0,21
09/11/2022,GMU,SC,ASO,ES,Federal Contract Tower,0,15,21,0,36,0,17,37,0,54,0,32,58,0,90,30,0,30,120
09/12/2022,GMU,SC,ASO,ES,Federal Contract Tower,0,28,24,0,52,0,15,103,0,118,0,43,127,0,170,20,0,20,190
09/13/2022,GMU,SC,ASO,ES,Federal Contract Tower,0,41,24,0,65,0,25,155,4,184,0,66,179,4,249,88,0,88,337
09/14/2022,GMU,SC,ASO,ES,Federal Contract Tower,0,31,20,0,51,0,20,157,2,179,0,51,177,2,230,94,0,94,324
09/15/2022,GMU,SC,ASO,ES,Federal Contract Tower,0,26,16,0,42,0,26,127,2,155,0,52,143,2,197,42,0,42,239
09/16/2022,GMU,SC,ASO,ES,Federal Contract Tower,0,29,35,0,64,0,31,171,0,202,0,60,206,0,266,82,0,82,348
09/17/2022,GMU,SC,ASO,ES,Federal Contract Tower,0,9,17,0,26,0,5,108,0,113,0,14,125,0,139,42,0,42,181
09/18/2022,GMU,SC,ASO,ES,Federal Contract Tower,0,22,45,0,67,0,1,94,0,95,0,23,139,0,162,20,2,22,184
09/19/2022,GMU,SC,ASO,ES,Federal Contract Tower,0,26,26,2,54,0,36,126,2,164,0,62,152,4,218,114,0,114,332
09/20/2022,GMU,SC,ASO,ES,Federal Contract Tower,0,32,16,1,49,0,20,134,2,156,0,52,150,3,205,78,0,78,283
09/21/2022,GMU,SC,ASO,ES,Federal Contract Tower,0,25,29,0,54,0,27,176,0,203,0,52,205,0,257,108,0,108,365
09/22/2022,GMU,SC,ASO,ES,Federal Contract Tower,0,30,26,1,57,0,27,102,3,132,0,57,128,4,189,28,0,28,217
09/23/2022,GMU,SC,ASO,ES,Federal Contract Tower,0,25,32,0,57,0,33,144,0,177,0,58,176,0,234,30,0,30,264
09/24/2022,GMU,SC,ASO,ES,Federal Contract Tower,0,10,25,0,35,0,24,158,0,182,0,34,183,0,217,20,0,20,237
09/25/2022,GMU,SC,ASO,ES,Federal Contract Tower,0,33,38,0,71,0,8,74,0,82,0,41,112,0,153,68,0,68,221
09/26/2022,GMU,SC,ASO,ES,Federal Contract Tower,0,22,23,0,45,0,28,163,0,191,0,50,186,0,236,86,0,86,322
09/27/2022,GMU,SC,ASO,ES,Federal Contract Tower,0,33,15,0,48,0,15,192,0,207,0,48,207,0,255,124,0,124,379
09/28/2022,GMU,SC,ASO,ES,Federal Contract Tower,0,38,22,0,60,0,26,184,0,210,0,64,206,0,270,88,0,88,358
09/29/2022,GMU,SC,ASO,ES,Federal Contract Tower,0,20,9,0,29,0,9,13,0,22,0,29,22,0,51,4,0,4,55
09/30/2022,GMU,SC,ASO,ES,Federal Contract Tower,0,10,2,0,12,0,2,0,0,2,0,12,2,0,14,0,0,0,14
10/01/2022,GMU,SC,ASO,ES,Federal Contract Tower,0,16,14,0,30,0,6,68,2,76,0,22,82,2,106,108,0,108,214
10/02/2022,GMU,SC,ASO,ES,Federal Contract Tower,0,23,18,0,41,0,4,94,0,98,0,27,112,0,139,94,0,94,233
10/03/2022,GMU,SC,ASO,ES,Federal Contract Tower,0,27,24,4,55,0,18,138,2,158,0,45,162,6,213,114,0,114,327
10/04/2022,GMU,SC,ASO,ES,Federal Contract Tower,0,30,10,0,40,0,16,155,0,171,0,46,165,0,211,60,0,60,271
10/05/2022,GMU,SC,ASO,ES,Federal Contract Tower,0,19,26,1,46,0,27,217,4,248,0,46,243,5,294,124,0,124,418
10/06/2022,GMU,SC,ASO,ES,Federal Contract Tower,0,30,28,0,58,0,25,188,7,220,0,55,216,7,278,92,0,92,370
10/07/2022,GMU,SC,ASO,ES,Federal Contract Tower,0,21,35,1,57,0,34,175,0,209,0,55,210,1,266,192,0,192,458
10/08/2022,GMU,SC,ASO,ES,Federal Contract Tower,0,13,18,2,33,0,13,136,0,149,0,26,154,2,182,122,0,122,304
10/09/2022,GMU,SC,ASO,ES,Federal Contract Tower,0,26,45,0,71,0,16,81,2,99,0,42,126,2,170,116,0,116,286
10/10/2022,GMU,SC,ASO,ES,Federal Contract Tower,0,18,26,0,44,0,34,183,7,224,0,52,209,7,268,52,4,56,324
10/11/2022,GMU,SC,ASO,ES,Federal Contract Tower,0,27,15,0,42,0,29,160,5,194,0,56,175,5,236,54,0,54,290
10/12/2022,GMU,SC,ASO,ES,Federal Contract Tower,0,51,29,0,80,0,10,0,0,10,0,61,29,0,90,0,0,0,90
10/13/2022,GMU,SC,ASO,ES,Federal Contract Tower,0,51,26,0,77,0,21,96,0,117,0,72,122,0,194,16,0,16,210
10/14/2022,GMU,SC,ASO,ES,Federal Contract Tower,0,33,43,0,76,0,37,230,0,267,0,70,273,0,343,112,0,112,455
10/15/2022,GMU,SC,ASO,ES,Federal Contract Tower,0,15,16,0,31,0,25,160,0,185,0,40,176,0,216,78,0,78,294
10/16/2022,GMU,SC,ASO,ES,Federal Contract Tower,0,31,37,0,68,0,25,94,2,121,0,56,131,2,189,102,0,102,291
10/17/2022,GMU,SC,ASO,ES,Federal Contract Tower,0,33,20,0,53,0,17,96,0,113,0,50,116,0,166,48,0,48,214
10/18/2022,GMU,SC,ASO,ES,Federal Contract Tower,0,32,13,1,46,0,15,117,4,136,0,47,130,5,182,28,0,28,210
10/19/2022,GMU,SC,ASO,ES,Federal Contract Tower,0,32,27,0,59,0,26,159,2,187,0,58,186,2,246,90,6,96,342
10/20/2022,GMU,SC,ASO,ES,Federal Contract Tower,0,30,37,1,68,0,35,141,0,176,0,65,178,1,244,68,0,68,312
10/21/2022,GMU,SC,ASO,ES,Federal Contract Tower,0,38,26,0,64,0,26,143,2,171,0,64,169,2,235,2,0,2,237
10/22/2022,GMU,SC,ASO,ES,Federal Contract Tower,0,14,13,0,27,0,16,126,0,142,0,30,139,0,169,164,0,164,333
10/23/2022,GMU,SC,ASO,ES,Federal Contract Tower,0,31,36,0,67,0,6,88,0,94,0,37,124,0,161,16,0,16,177
10/24/2022,GMU,SC,ASO,ES,Federal Contract Tower,0,16,22,1,39,0,11,128,18,157,0,27,150,19,196,198,0,198,394
10/25/2022,GMU,SC,ASO,ES,Federal Contract Tower,0,19,19,0,38,0,11,110,0,121,0,30,129,0,159,82,0,82,241
10/26/2022,GMU,SC,ASO,ES,Federal Contract Tower,0,27,48,0,75,0,11,52,1,64,0,38,100,1,139,42,0,42,181
10/27/2022,GMU,SC,ASO,ES,Federal Contract Tower,0,31,33,0,64,0,38,134,6,178,0,69,167,6,242,64,0,64,306
10/28/2022,GMU,SC,ASO,ES,Federal Contract Tower,0,15,30,0,45,0,28,147,7,182,0,43,177,7,227,78,0,78,305
10/29/2022,GMU,SC,ASO,ES,Federal Contract Tower,0,13,41,0,54,0,16,94,4,114,0,29,135,4,168,86,12,98,266
10/30/2022,GMU,SC,ASO,ES,Federal Contract Tower,0,18,33,1,52,0,0,0,0,0,0,18,33,1,52,0,0,0,52
10/31/2022,GMU,SC,ASO,ES,Federal Contract Tower,0,25,16,0,41,0,0,0,0,0,0,25,16,0,41,0,0,0,41
11/01/2022,GMU,SC,ASO,ES,Federal Contract Tower,0,33,15,0,48,0,52,130,1,183,0,85,145,1,231,94,4,98,329
11/02/2022,GMU,SC,ASO,ES,Federal Contract Tower,0,34,25,0,59,0,17,182,2,201,0,51,207,2,260,136,0,136,396
11/03/2022,GMU,SC,ASO,ES,Federal Contract Tower,0,28,22,0,50,0,30,221,2,253,0,58,243,2,303,110,0,110,413
11/04/2022,GMU,SC,ASO,ES,Federal Contract Tower,0,36,44,0,80,0,30,129,1,160,0,66,173,1,240,126,0,126,366
11/05/2022,GMU,SC,ASO,ES,Federal Contract Tower,0,26,9,0,35,0,0,4,0,4,0,26,13,0,39,6,0,6,45
11/06/2022,GMU,SC,ASO,ES,Federal Contract Tower,0,35,33,0,68,0,3,57,6,66,0,38,90,6,134,60,0,60,194
11/07/2022,GMU,SC,ASO,ES,Federal Contract Tower,0,25,16,0,41,0,17,75,1,93,0,42,91,1,134,46,0,46,180
11/08/2022,GMU,SC,ASO,ES,Federal Contract Tower,0,29,10,0,39,0,38,119,2,159,0,67,129,2,198,50,0,50,248
11/09/2022,GMU,SC,ASO,ES,Federal Contract Tower,0,24,15,0,39,0,20,75,2,97,0,44,90,2,136,38,0,38,174
11/10/2022,GMU,SC,ASO,ES,Federal Contract Tower,0,27,9,0,36,0,2,2,0,4,0,29,11,0,40,22,0,22,62
11/11/2022,GMU,SC,ASO,ES,Federal Contract Tower,0,15,6,0,21,0,0,0,0,0,0,15,6,0,21,0,0,0,21
11/12/2022,GMU,SC,ASO,ES,Federal Contract Tower,0,16,27,0,43,0,13,93,0,106,0,29,120,0,149,96,0,96,245
11/13/2022,GMU,SC,ASO,ES,Federal Contract Tower,0,20,20,0,40,0,20,159,0,179,0,40,179,0,219,76,0,76,295
11/14/2022,GMU,SC,ASO,ES,Federal Contract Tower,0,26,30,1,57,0,26,150,2,178,0,52,180,3,235,126,0,126,361
11/15/2022,GMU,SC,ASO,ES,Federal Contract Tower,0,46,6,0,52,0,0,0,0,0,0,46,6,0,52,0,0,0,52
11/16/2022,GMU,SC,ASO,ES,Federal Contract Tower,0,35,25,1,61,0,31,97,2,130,0,66,122,3,191,224,0,224,415
11/17/2022,GMU,SC,ASO,ES,Federal Contract Tower,0,35,26,0,61,0,21,149,4,174,0,56,175,4,235,176,0,176,411
11/18/2022,GMU,SC,ASO,ES,Federal Contract Tower,0,32,22,0,54,0,28,194,0,222,0,60,216,0,276,76,0,76,352
11/19/2022,GMU,SC,ASO,ES,Federal Contract Tower,0,15,12,0,27,0,17,115,0,132,0,32,127,0,159,98,0,98,257
11/20/2022,GMU,SC,ASO,ES,Federal Contract Tower,0,25,31,0,56,0,7,90,2,99,0,32,121,2,155,50,0,50,205
11/21/2022,GMU,SC,ASO,ES,Federal Contract Tower,0,30,19,2,51,0,24,128,5,157,0,54,147,7,208,88,0,88,296
11/22/2022,GMU,SC,ASO,ES,Federal Contract Tower,0,42,16,0,58,0,28,153,0,181,0,70,169,0,239,110,0,110,349
11/23/2022,GMU,SC,ASO,ES,Federal Contract Tower,0,41,23,0,64,0,21,162,4,187,0,62,185,4,251,52,0,52,303
11/24/2022,GMU,SC,ASO,ES,Federal Contract Tower,0,10,6,0,16,0,7,29,0,36,0,17,35,0,52,34,0,34,86
11/25/2022,GMU,SC,ASO,ES,Federal Contract Tower,0,15,20,0,35,0,28,29,0,57,0,43,49,0,92,92,0,92,184
11/26/2022,GMU,SC,ASO,ES,Federal Contract Tower,0,26,20,0,46,0,38,103,0,141,0,64,123,0,187,52,0,52,239
11/27/2022,GMU,SC,ASO,ES,Federal Contract Tower,0,47,25,0,72,0,7,18,0,25,0,54,43,0,97,0,0,0,97
11/28/2022,GMU,SC,ASO,ES,Federal Contract Tower,0,27,30,0,57,0,22,126,0,148,0,49,156,0,205,96,0,96,301
11/29/2022,GMU,SC,ASO,ES,Federal Contract Tower,0,36,11,2,49,0,36,158,4,198,0,72,169,6,247,76,0,76,323
11/30/2022,GMU,SC,ASO,ES,Federal Contract Tower,0,30,17,0,47,0,9,36,0,45,0,39,53,0,92,16,0,16,108
12/01/2022,GMU,SC,ASO,ES,Federal Contract Tower,0,34,26,0,60,0,26,127,0,153,0,60,153,0,213,68,0,68,281
12/02/2022,GMU,SC,ASO,ES,Federal Contract Tower,0,30,31,0,61,0,19,134,0,153,0,49,165,0,214,90,0,90,304
12/03/2022,GMU,SC,ASO,ES,Federal Contract Tower,0,21,25,0,46,0,0,2,0,2,0,21,27,0,48,12,0,12,60
12/04/2022,GMU,SC,ASO,ES,Federal Contract Tower,0,22,34,0,56,0,7,110,5,122,0,29,144,5,178,132,0,132,310
12/05/2022,GMU,SC,ASO,ES,Federal Contract Tower,0,26,22,0,48,0,4,27,0,31,0,30,49,0,79,96,0,96,175
12/06/2022,GMU,SC,ASO,ES,Federal Contract Tower,0,35,7,0,42,0,0,0,0,0,0,35,7,0,42,0,0,0,42
12/07/2022,GMU,SC,ASO,ES,Federal Contract Tower,0,33,3,0,36,0,0,0,0,0,0,33,3,0,36,0,0,0,36
12/08/2022,GMU,SC,ASO,ES,Federal Contract Tower,0,37,29,0,66,0,3,47,4,54,0,40,76,4,120,86,0,86,206
12/09/2022,GMU,SC,ASO,ES,Federal Contract Tower,0,15,14,0,29,0,0,0,0,0,0,15,14,0,29,0,0,0,29
12/10/2022,GMU,SC,ASO,ES,Federal Contract Tower,0,5,29,0,34,0,0,0,0,0,0,5,29,0,34,0,0,0,34
12/11/2022,GMU,SC,ASO,ES,Federal Contract Tower,0,9,25,0,34,0,2,15,0,17,0,11,40,0,51,66,0,66,117
12/12/2022,GMU,SC,ASO,ES,Federal Contract Tower,0,25,38,0,63,0,37,91,0,128,0,62,129,0,191,78,0,78,269
12/13/2022,GMU,SC,ASO,ES,Federal Contract Tower,0,27,41,0,68,0,27,188,2,217,0,54,229,2,285,150,0,150,435
12/14/2022,GMU,SC,ASO,ES,Federal Contract Tower,0,27,19,0,46,0,7,13,0,20,0,34,32,0,66,76,0,76,142
12/15/2022,GMU,SC,ASO,ES,Federal Contract Tower,0,44,31,0,75,0,3,4,0,7,0,47,35,0,82,2,0,2,84
12/16/2022,GMU,SC,ASO,ES,Federal Contract Tower,0,18,35,0,53,0,27,190,0,217,0,45,225,0,270,100,0,100,370
12/17/2022,GMU,SC,ASO,ES,Federal Contract Tower,0,19,18,0,37,0,14,113,2,129,0,33,131,2,166,70,0,70,236
12/18/2022,GMU,SC,ASO,ES,Federal Contract Tower,0,16,16,0,32,0,11,173,0,184,0,27,189,0,216,120,0,120,336
12/19/2022,GMU,SC,ASO,ES,Federal Contract Tower,0,19,16,0,35,0,36,162,0,198,0,55,178,0,233,86,0,86,319
12/20/2022,GMU,SC,ASO,ES,Federal Contract Tower,0,17,15,0,32,0,9,113,4,126,0,26,128,4,158,138,0,138,296
12/21/2022,GMU,SC,ASO,ES,Federal Contract Tower,0,27,16,0,43,0,22,156,0,178,0,49,172,0,221,84,0,84,305
12/22/2022,GMU,SC,ASO,ES,Federal Contract Tower,0,30,6,0,36,0,2,1,0,3,0,32,7,0,39,0,0,0,39
12/23/2022,GMU,SC,ASO,ES,Federal Contract Tower,0,9,1,0,10,0,11,8,0,19,0,20,9,0,29,0,0,0,29
12/24/2022,GMU,SC,ASO,ES,Federal Contract Tower,0,7,7,0,14,0,13,29,0,42,0,20,36,0,56,50,0,50,106
12/25/2022,GMU,SC,ASO,ES,Federal Contract Tower,0,4,7,0,11,0,9,13,0,22,0,13,20,0,33,6,0,6,39
12/26/2022,GMU,SC,ASO,ES,Federal Contract Tower,0,13,23,0,36,0,32,110,0,142,0,45,133,0,178,82,0,82,260
12/27/2022,GMU,SC,ASO,ES,Federal Contract Tower,0,16,28,0,44,0,31,156,0,187,0,47,184,0,231,94,0,94,325
12/28/2022,GMU,SC,ASO,ES,Federal Contract Tower,0,18,18,0,36,0,24,165,0,189,0,42,183,0,225,80,0,80,305
12/29/2022,GMU,SC,ASO,ES,Federal Contract Tower,0,18,27,2,47,0,31,188,0,219,0,49,215,2,266,30,0,30,296
12/30/2022,GMU,SC,ASO,ES,Federal Contract Tower,0,26,32,1,59,0,8,64,14,86,0,34,96,15,145,54,2,56,201
12/31/2022,GMU,SC,ASO,ES,Federal Contract Tower,0,5,7,0,12,0,0,0,0,0,0,5,7,0,12,0,0,0,12
01/01/2023,GMU,SC,ASO,ES,Federal Contract Tower,0,14,9,0,23,0,0,0,0,0,0,14,9,0,23,0,0,0,23
01/02/2023,GMU,SC,ASO,ES,Federal Contract Tower,0,17,17,0,34,0,8,161,0,169,0,25,178,0,203,86,0,86,289
01/03/2023,GMU,SC,ASO,ES,Federal Contract Tower,0,20,8,0,28,0,0,0,0,0,0,20,8,0,28,4,0,4,32
01/04/2023,GMU,SC,ASO,ES,Federal Contract Tower,0,13,7,0,20,0,3,2,0,5,0,16,9,0,25,4,0,4,29
01/05/2023,GMU,SC,ASO,ES,Federal Contract Tower,0,11,19,0,30,0,23,149,3,175,0,34,168,3,205,40,0,40,245
01/06/2023,GMU,SC,ASO,ES,Federal Contract Tower,0,14,20,0,34,0,32,200,0,232,0,46,220,0,266,104,0,104,370
01/07/2023,GMU,SC,ASO,ES,Federal Contract Tower,0,15,23,0,38,0,13,189,0,202,0,28,212,0,240,144,0,144,384
01/08/2023,GMU,SC,ASO,ES,Federal Contract Tower,0,16,22,0,38,0,14,80,0,94,0,30,102,0,132,78,0,78,210
01/09/2023,GMU,SC,ASO,ES,Federal Contract Tower,0,19,28,0,47,0,44,142,0,186,0,63,170,0,233,60,0,60,293
01/10/2023,GMU,SC,ASO,ES,Federal Contract Tower,0,23,14,1,38,0,46,175,2,223,0,69,189,3,261,22,0,22,283
01/11/2023,GMU,SC,ASO,ES,Federal Contract Tower,0,26,32,0,58,0,27,164,2,193,0,53,196,2,251,84,0,84,335
01/12/2023,GMU,SC,ASO,ES,Federal Contract Tower,0,21,5,0,26,0,0,3,0,3,0,21,8,0,29,0,0,0,29
01/13/2023,GMU,SC,ASO,ES,Federal Contract Tower,0,28,20,0,48,0,25,109,1,135,0,53,129,1,183,58,0,58,241
01/14/2023,GMU,SC,ASO,ES,Federal Contract Tower,0,8,12,0,20,0,10,77,0,87,0,18,89,0,107,40,0,40,147
01/15/2023,GMU,SC,ASO,ES,Federal Contract Tower,0,17,30,0,47,0,14,115,8,137,0,31,145,8,184,84,0,84,268
01/16/2023,GMU,SC,ASO,ES,Federal Contract Tower,0,16,22,0,38,0,20,171,3,194,0,36,193,3,232,100,0,100,332
01/17/2023,GMU,SC,ASO,ES,Federal Contract Tower,0,19,14,0,33,0,0,2,0,2,0,19,16,0,35,6,0,6,41
01/18/2023,GMU,SC,ASO,ES,Federal Contract Tower,0,26,38,0,64,0,14,45,0,59,0,40,83,0,123,134,0,134,257
01/19/2023,GMU,SC,ASO,ES,Federal Contract Tower,0,24,21,0,45,0,13,7,12,32,0,37,28,12,77,8,4,12,89
01/20/2023,GMU,SC,ASO,ES,Federal Contract Tower,0,14,17,0,31,0,43,201,3,247,0,57,218,3,278,94,0,94,372
01/21/2023,GMU,SC,ASO,ES,Federal Contract Tower,0,10,29,0,39,0,11,189,0,200,0,21,218,0,239,68,0,68,307
01/22/2023,GMU,SC,ASO,ES,Federal Contract Tower,0,22,9,0,31,0,0,0,0,0,0,22,9,0,31,0,0,0,31
01/23/2023,GMU,SC,ASO,ES,Federal Contract Tower,0,17,26,0,43,0,27,145,0,172,0,44,171,0,215,88,0,88,303
01/24/2023,GMU,SC,ASO,ES,Federal Contract Tower,0,24,17,0,41,0,24,170,0,194,0,48,187,0,235,98,0,98,333
01/25/2023,GMU,SC,ASO,ES,Federal Contract Tower,0,18,3,0,21,0,2,0,0,2,0,20,3,0,23,0,0,0,23
01/26/2023,GMU,SC,ASO,ES,Federal Contract Tower,0,17,18,0,35,0,35,159,1,195,0,52,177,1,230,92,0,92,322
01/27/2023,GMU,SC,ASO,ES,Federal Contract Tower,0,28,30,0,58,0,30,206,8,244,0,58,236,8,302,62,0,62,364
01/28/2023,GMU,SC,ASO,ES,Federal Contract Tower,0,6,25,0,31,0,16,241,2,259,0,22,266,2,290,100,0,100,390
01/29/2023,GMU,SC,ASO,ES,Federal Contract Tower,0,10,25,0,35,0,19,36,1,56,0,29,61,1,91,104,0,104,195
01/30/2023,GMU,SC,ASO,ES,Federal Contract Tower,0,20,25,0,45,0,23,65,0,88,0,43,90,0,133,70,0,70,203
01/31/2023,GMU,SC,ASO,ES,Federal Contract Tower,0,19,6,0,25,0,9,0,0,9,0,28,6,0,34,0,0,0,34
02/01/2023,GMU,SC,ASO,ES,Federal Contract Tower,0,19,28,0,47,0,17,52,2,71,0,36,80,2,118,52,6,58,176
02/02/2023,GMU,SC,ASO,ES,Federal Contract Tower,0,35,6,0,41,0,0,0,0,0,0,35,6,0,41,0,0,0,41
02/03/2023,GMU,SC,ASO,ES,Federal Contract Tower,0,17,17,0,34,0,21,176,0,197,0,38,193,0,231,78,0,78,309
02/04/2023,GMU,SC,ASO,ES,Federal Contract Tower,0,10,27,0,37,0,35,201,4,240,0,45,228,4,277,56,0,56,333
02/05/2023,GMU,SC,ASO,ES,Federal Contract Tower,0,17,19,0,36,0,22,111,0,133,0,39,130,0,169,72,0,72,241
02/07/2023,GMU,SC,ASO,ES,Federal Contract Tower,0,17,8,0,25,0,14,136,11,161,0,31,144,11,186,68,4,72,258
02/08/2023,GMU,SC,ASO,ES,Federal Contract Tower,0,15,18,2,35,0,40,174,0,214,0,55,192,2,249,178,0,178,427
02/09/2023,GMU,SC,ASO,ES,Federal Contract Tower,0,26,14,2,42,0,16,38,0,54,0,42,52,2,96,66,0,66,162
02/10/2023,GMU,SC,ASO,ES,Federal Contract Tower,0,20,19,0,39,0,19,124,0,143,0,39,143,0,182,102,0,102,284
02/11/2023,GMU,SC,ASO,ES,Federal Contract Tower,0,9,17,0,26,0,4,87,0,91,0,13,104,0,117,14,0,14,131
02/12/2023,GMU,SC,ASO,ES,Federal Contract Tower,0,18,2,0,20,0,0,0,0,0,0,18,2,0,20,0,0,0,20
02/13/2023,GMU,SC,ASO,ES,Federal Contract Tower,0,17,25,5,47,0,24,169,1,194,0,41,194,6,241,84,0,84,325
02/14/2023,GMU,SC,ASO,ES,Federal Contract Tower,0,23,14,0,37,0,31,157,0,188,0,54,171,0,225,46,0,46,271
02/15/2023,GMU,SC,ASO,ES,Federal Contract Tower,0,42,40,0,82,0,6,65,0,71,0,48,105,0,153,124,0,124,277
02/16/2023,GMU,SC,ASO,ES,Federal Contract Tower,0,27,23,2,52,0,26,103,0,129,0,53,126,2,181,174,0,174,355
02/17/2023,GMU,SC,ASO,ES,Federal Contract Tower,0,29,18,2,49,0,20,44,0,64,0,49,62,2,113,68,0,68,181
02/18/2023,GMU,SC,ASO,ES,Federal Contract Tower,0,12,23,1,36,0,15,230,0,245,0,27,253,1,281,104,0,104,385
02/19/2023,GMU,SC,ASO,ES,Federal Contract Tower,0,24,19,0,43,0,6,100,0,106,0,30,119,0,149,102,0,102,251
02/20/2023,GMU,SC,ASO,ES,Federal Contract Tower,0,16,14,0,30,0,19,163,0,182,0,35,177,0,212,40,0,40,252
02/21/2023,GMU,SC,ASO,ES,Federal Contract Tower,0,11,22,1,34,0,41,82,6,129,0,52,104,7,163,54,6,60,223
02/22/2023,GMU,SC,ASO,ES,Federal Contract Tower,0,27,29,2,58,0,17,68,0,85,0,44,97,2,143,54,0,54,197
02/23/2023,GMU,SC,ASO,ES,Federal Contract Tower,0,25,34,0,59,0,16,57,0,73,0,41,91,0,132,90,0,90,222
02/24/2023,GMU,SC,ASO,ES,Federal Contract Tower,0,28,36,11,75,0,31,151,0,182,0,59,187,11,257,220,0,220,477
02/25/2023,GMU,SC,ASO,ES,Federal Contract Tower,0,13,26,0,39,0,0,5,0,5,0,13,31,0,44,60,0,60,104
02/26/2023,GMU,SC,ASO,ES,Federal Contract Tower,0,20,19,2,41,0,9,79,3,91,0,29,98,5,132,44,0,44,176
02/27/2023,GMU,SC,ASO,ES,Federal Contract Tower,0,23,10,0,33,0,9,18,0,27,0,32,28,0,60,58,0,58,118
02/28/2023,GMU,SC,ASO,ES,Federal Contract Tower,0,23,21,2,46,0,18,236,4,258,0,41,257,6,304,76,0,76,380
03/01/2023,GMU,SC,ASO,ES,Federal Contract Tower,0,35,14,0,49,0,28,207,7,242,0,63,221,7,291,162,0,162,453
03/02/2023,GMU,SC,ASO,ES,Federal Contract Tower,0,29,19,2,50,0,25,79,6,110,0,54,98,8,160,228,0,228,388
03/03/2023,GMU,SC,ASO,ES,Federal Contract Tower,0,35,11,0,46,0,0,18,0,18,0,35,29,0,64,12,0,12,76
03/04/2023,GMU,SC,ASO,ES,Federal Contract Tower,0,27,28,0,55,0,21,267,11,299,0,48,295,11,354,96,94,190,544
03/05/2023,GMU,SC,ASO,ES,Federal Contract Tower,0,19,20,0,39,0,11,170,6,187,0,30,190,6,226,84,0,84,310
03/06/2023,GMU,SC,ASO,ES,Federal Contract Tower,0,28,19,1,48,0,30,164,2,196,0,58,183,3,244,90,0,90,334
03/07/2023,GMU,SC,ASO,ES,Federal Contract Tower,0,35,6,0,41,0,27,157,2,186,0,62,163,2,227,88,0,88,315
03/08/2023,GMU,SC,ASO,ES,Federal Contract Tower,0,18,17,1,36,0,51,238,2,291,0,69,255,3,327,118,0,118,445
03/09/2023,GMU,SC,ASO,ES,Federal Contract Tower,0,25,20,0,45,0,22,228,0,250,0,47,248,0,295,102,0,102,397
03/10/2023,GMU,SC,ASO,ES,Federal Contract Tower,0,18,35,0,53,0,28,36,0,64,0,46,71,0,117,6,0,6,123
03/11/2023,GMU,SC,ASO,ES,Federal Contract Tower,0,15,15,0,30,0,17,179,0,196,0,32,194,0,226,54,0,54,280
03/12/2023,GMU,SC,ASO,ES,Federal Contract Tower,0,14,1,0,15,0,0,0,0,0,0,14,1,0,15,0,0,0,15
03/13/2023,GMU,SC,ASO,ES,Federal Contract Tower,0,27,29,3,59,0,18,124,0,142,0,45,153,3,201,132,0,132,333
03/14/2023,GMU,SC,ASO,ES,Federal Contract Tower,0,22,18,0,40,0,54,157,2,213,0,76,175,2,253,126,0,126,379
03/15/2023,GMU,SC,ASO,ES,Federal Contract Tower,0,23,16,0,39,0,40,198,0,238,0,63,214,0,277,54,0,54,331
03/16/2023,GMU,SC,ASO,ES,Federal Contract Tower,0,30,31,0,61,0,53,158,0,211,0,83,189,0,272,72,0,72,344
03/17/2023,GMU,SC,ASO,ES,Federal Contract Tower,0,23,15,0,38,0,2,2,0,4,0,25,17,0,42,12,0,12,54
03/18/2023,GMU,SC,ASO,ES,Federal Contract Tower,0,17,13,1,31,0,8,144,0,152,0,25,157,1,183,84,0,84,267
03/19/2023,GMU,SC,ASO,ES,Federal Contract Tower,0,13,20,0,33,0,12,140,2,154,0,25,160,2,187,98,0,98,285
03/20/2023,GMU,SC,ASO,ES,Federal Contract Tower,0,18,19,2,39,0,46,139,0,185,0,64,158,2,224,86,2,88,312
03/21/2023,GMU,SC,ASO,ES,Federal Contract Tower,0,16,18,0,34,0,32,216,2,250,0,48,234,2,284,100,0,100,384
03/22/2023,GMU,SC,ASO,ES,Federal Contract Tower,0,34,19,0,53,0,31,38,0,69,0,65,57,0,122,194,0,194,316
03/23/2023,GMU,SC,ASO,ES,Federal Contract Tower,0,28,18,0,46,0,24,136,5,165,0,52,154,5,211,136,2,138,349
03/24/2023,GMU,SC,ASO,ES,Federal Contract Tower,0,24,26,0,50,0,46,126,2,174,0,70,152,2,224,60,0,60,284
03/25/2023,GMU,SC,ASO,ES,Federal Contract Tower,0,14,9,0,23,0,2,14,0,16,0,16,23,0,39,68,0,68,107
03/26/2023,GMU,SC,ASO,ES,Federal Contract Tower,0,16,17,0,33,0,6,87,0,93,0,22,104,0,126,162,0,162,288
03/27/2023,GMU,SC,ASO,ES,Federal Contract Tower,0,34,17,1,52,0,57,74,0,131,0,91,91,1,183,100,0,100,283
03/28/2023,GMU,SC,ASO,ES,Federal Contract Tower,0,35,11,0,46,0,33,196,0,229,0,68,207,0,275,136,6,142,417
03/29/2023,GMU,SC,ASO,ES,Federal Contract Tower,0,42,25,0,67,0,57,199,0,256,0,99,224,0,323,28,0,28,351
03/30/2023,GMU,SC,ASO,ES,Federal Contract Tower,0,27,15,2,44,0,43,151,21,215,0,70,166,23,259,88,2,90,349
03/31/2023,GMU,SC,ASO,ES,Federal Contract Tower,0,31,27,0,58,0,26,179,0,205,0,57,206,0,263,120,0,120,383
04/01/2023,GMU,SC,ASO,ES,Federal Contract Tower,0,25,4,0,29,0,6,9,6,21,0,31,13,6,50,0,0,0,50
04/02/2023,GMU,SC,ASO,ES,Federal Contract Tower,0,18,26,0,44,0,15,166,2,183,0,33,192,2,227,40,0,40,267
04/03/2023,GMU,SC,ASO,ES,Federal Contract Tower,0,28,24,1,53,0,54,91,5,150,0,82,115,6,203,66,0,66,269
04/04/2023,GMU,SC,ASO,ES,Federal Contract Tower,0,24,28,0,52,0,15,172,1,188,0,39,200,1,240,144,0,144,384
04/05/2023,GMU,SC,ASO,ES,Federal Contract Tower,0,29,30,0,59,0,39,100,0,139,0,68,130,0,198,80,0,80,278
04/06/2023,GMU,SC,ASO,ES,Federal Contract Tower,0,30,29,0,59,0,31,174,6,211,0,61,203,6,270,32,0,32,302
04/07/2023,GMU,SC,ASO,ES,Federal Contract Tower,0,25,10,0,35,0,2,0,0,2,0,27,10,0,37,0,0,0,37
04/08/2023,GMU,SC,ASO,ES,Federal Contract Tower,0,9,0,0,9,0,0,0,2,2,0,9,0,2,11,0,0,0,11
04/09/2023,GMU,SC,ASO,ES,Federal Contract Tower,0,13,10,0,23,0,8,19,0,27,0,21,29,0,50,0,0,0,50
04/10/2023,GMU,SC,ASO,ES,Federal Contract Tower,0,26,32,0,58,0,46,132,0,178,0,72,164,0,236,4,0,4,240
04/11/2023,GMU,SC,ASO,ES,Federal Contract Tower,0,21,26,0,47,0,36,236,0,272,0,57,262,0,319,86,0,86,405
04/12/2023,GMU,SC,ASO,ES,Federal Contract Tower,0,25,24,0,49,0,48,190,9,247,0,73,214,9,296,42,0,42,338
04/13/2023,GMU,SC,ASO,ES,Federal Contract Tower,0,39,17,0,56,0,62,172,15,249,0,101,189,15,305,54,0,54,359
04/14/2023,GMU,SC,ASO,ES,Federal Contract Tower,0,23,19,0,42,0,3,25,0,28,0,26,44,0,70,2,0,2,72
04/15/2023,GMU,SC,ASO,ES,Federal Contract Tower,0,15,31,1,47,0,26,135,2,163,0,41,166,3,210,66,0,66,276
04/16/2023,GMU,SC,ASO,ES,Federal Contract Tower,0,23,13,0,36,0,11,29,0,40,0,34,42,0,76,38,0,38,114
04/17/2023,GMU,SC,ASO,ES,Federal Contract Tower,0,30,21,0,51,0,44,111,0,155,0,74,132,0,206,54,0,54,260
04/18/2023,GMU,SC,ASO,ES,Federal Contract Tower,0,17,21,0,38,0,41,188,0,229,0,58,209,0,267,78,0,78,345
04/19/2023,GMU,SC,ASO,ES,Federal Contract Tower,0,30,19,3,52,0,64,196,2,262,0,94,215,5,314,152,0,152,466
04/20/2023,GMU,SC,ASO,ES,Federal Contract Tower,0,32,18,0,50,0,37,203,0,240,0,69,221,0,290,94,0,94,384
04/21/2023,GMU,SC,ASO,ES,Federal Contract Tower,0,24,33,1,58,0,64,139,2,205,0,88,172,3,263,64,0,64,327
04/22/2023,GMU,SC,ASO,ES,Federal Contract Tower,0,11,20,0,31,0,20,25,0,45,0,31,45,0,76,76,0,76,152
04/23/2023,GMU,SC,ASO,ES,Federal Contract Tower,0,15,21,0,36,0,11,90,0,101,0,26,111,0,137,86,0,86,223
04/24/2023,GMU,SC,ASO,ES,Federal Contract Tower,0,19,15,2,36,0,67,175,2,244,0,86,190,4,280,100,0,100,380
04/25/2023,GMU,SC,ASO,ES,Federal Contract Tower,0,29,21,2,52,0,34,148,10,192,0,63,169,12,244,56,0,56,300
04/26/2023,GMU,SC,ASO,ES,Federal Contract Tower,0,34,24,0,58,0,18,18,0,36,0,52,42,0,94,56,0,56,150
04/27/2023,GMU,SC,ASO,ES,Federal Contract Tower,0,38,17,0,55,0,8,2,0,10,0,46,19,0,65,0,0,0,65
04/28/2023,GMU,SC,ASO,ES,Federal Contract Tower,0,36,19,0,55,0,31,44,0,75,0,67,63,0,130,46,0,46,176
04/29/2023,GMU,SC,ASO,ES,Federal Contract Tower,0,23,25,0,48,0,23,143,1,167,0,46,168,1,215,72,2,74,289
04/30/2023,GMU,SC,ASO,ES,Federal Contract Tower,0,27,22,0,49,0,8,27,0,35,0,35,49,0,84,62,0,62,146
05/01/2023,GMU,SC,ASO,ES,Federal Contract Tower,0,23,8,0,31,0,46,44,0,90,0,69,52,0,121,22,0,22,143
05/02/2023,GMU,SC,ASO,ES,Federal Contract Tower,0,12,1,0,13,0,27,39,0,66,0,39,40,0,79,42,0,42,121
05/03/2023,GMU,SC,ASO,ES,Federal Contract Tower,0,31,12,0,43,0,66,125,0,191,0,97,137,0,234,82,0,82,316
05/04/2023,GMU,SC,ASO,ES,Federal Contract Tower,0,36,28,0,64,0,50,224,2,276,0,86,252,2,340,78,0,78,418
05/05/2023,GMU,SC,ASO,ES,Federal Contract Tower,0,28,21,0,49,0,49,167,3,219,0,77,188,3,268,26,0,26,294
05/06/2023,GMU,SC,ASO,ES,Federal Contract Tower,0,19,17,0,36,0,34,130,0,164,0,53,147,0,200,72,0,72,272
05/07/2023,GMU,SC,ASO,ES,Federal Contract Tower,0,31,8,0,39,0,27,81,0,108,0,58,89,0,147,46,0,46,193
05/08/2023,GMU,SC,ASO,ES,Federal Contract Tower,0,29,21,0,50,0,29,64,0,93,0,58,85,0,143,20,0,20,163
05/09/2023,GMU,SC,ASO,ES,Federal Contract Tower,0,15,15,0,30,0,29,104,0,133,0,44,119,0,163,42,2,44,207
05/10/2023,GMU,SC,ASO,ES,Federal Contract Tower,0,34,31,0,65,0,38,141,11,190,0,72,172,11,255,76,0,76,331
05/11/2023,GMU,SC,ASO,ES,Federal Contract Tower,0,37,20,0,57,0,33,150,6,189,0,70,170,6,246,86,0,86,332
05/12/2023,GMU,SC,ASO,ES,Federal Contract Tower,0,17,30,0,47,0,13,10,1,24,0,30,40,1,71,8,0,8,79
05/13/2023,GMU,SC,ASO,ES,Federal Contract Tower,0,17,18,0,35,0,23,37,2,62,0,40,55,2,97,50,0,50,147
05/14/2023,GMU,SC,ASO,ES,Federal Contract Tower,0,25,6,0,31,0,30,69,0,99,0,55,75,0,130,20,0,20,150
05/15/2023,GMU,SC,ASO,ES,Federal Contract Tower,0,30,12,1,43,0,63,105,0,168,0,93,117,1,211,74,0,74,285
05/16/2023,GMU,SC,ASO,ES,Federal Contract Tower,0,37,24,1,62,0,8,58,0,66,0,45,82,1,128,80,0,80,208
05/17/2023,GMU,SC,ASO,ES,Federal Contract Tower,0,31,21,0,52,0,31,116,2,149,0,62,137,2,201,82,0,82,283
05/18/2023,GMU,SC,ASO,ES,Federal Contract Tower,0,43,27,0,70,0,35,13,2,50,0,78,40,2,120,38,0,38,158
05/19/2023,GMU,SC,ASO,ES,Federal Contract Tower,0,29,36,0,65,0,38,104,0,142,0,67,140,0,207,104,0,104,311
05/20/2023,GMU,SC,ASO,ES,Federal Contract Tower,0,21,28,0,49,0,33,40,2,75,0,54,68,2,124,58,0,58,182
05/21/2023,GMU,SC,ASO,ES,Federal Contract Tower,0,19,26,0,45,0,37,76,0,113,0,56,102,0,158,24,4,28,186
05/22/2023,GMU,SC,ASO,ES,Federal Contract Tower,0,25,20,0,45,0,52,122,0,174,0,77,142,0,219,26,0,26,245
05/23/2023,GMU,SC,ASO,ES,Federal Contract Tower,0,31,18,0,49,0,41,141,2,184,0,72,159,2,233,32,0,32,265
05/24/2023,GMU,SC,ASO,ES,Federal Contract Tower,0,26,28,0,54,0,35,150,1,186,0,61,178,1,240,114,0,114,354
05/25/2023,GMU,SC,ASO,ES,Federal Contract Tower,0,22,22,0,44,0,33,118,0,151,0,55,140,0,195,32,0,32,227
05/26/2023,GMU,SC,ASO,ES,Federal Contract Tower,0,21,21,0,42,0,20,41,0,61,0,41,62,0,103,4,0,4,107
05/27/2023,GMU,SC,ASO,ES,Federal Contract Tower,0,6,7,0,13,0,5,13,2,20,0,11,20,2,33,0,0,0,33
05/28/2023,GMU,SC,ASO,ES,Federal Contract Tower,0,7,8,0,15,0,0,2,0,2,0,7,10,0,17,0,0,0,17
05/29/2023,GMU,SC,ASO,ES,Federal Contract Tower,0,21,24,0,45,0,47,127,3,177,0,68,151,3,222,52,0,52,274
05/30/2023,GMU,SC,ASO,ES,Federal Contract Tower,0,18,24,2,44,0,21,58,2,81,0,39,82,4,125,32,0,32,157
05/31/2023,GMU,SC,ASO,ES,Federal Contract Tower,0,30,36,0,66,0,39,65,0,104,0,69,101,0,170,76,0,76,246
06/01/2023,GMU,SC,ASO,ES,Federal Contract Tower,0,43,19,0,62,0,40,168,2,210,0,83,187,2,272,70,0,70,342
06/02/2023,GMU,SC,ASO,ES,Federal Contract Tower,0,23,31,0,54,0,23,162,0,185,0,46,193,0,239,60,0,60,299
06/03/2023,GMU,SC,ASO,ES,Federal Contract Tower,0,7,12,0,19,0,11,111,0,122,0,18,123,0,141,38,0,38,179
06/04/2023,GMU,SC,ASO,ES,Federal Contract Tower,0,14,14,0,28,0,4,60,0,64,0,18,74,0,92,22,0,22,114
06/05/2023,GMU,SC,ASO,ES,Federal Contract Tower,0,26,21,0,47,0,21,62,0,83,0,47,83,0,130,210,0,210,340
06/06/2023,GMU,SC,ASO,ES,Federal Contract Tower,0,35,11,0,46,0,43,110,0,153,0,78,121,0,199,60,0,60,259
06/07/2023,GMU,SC,ASO,ES,Federal Contract Tower,0,29,23,0,52,0,28,168,2,198,0,57,191,2,250,82,0,82,332
06/08/2023,GMU,SC,ASO,ES,Federal Contract Tower,0,27,31,0,58,0,10,2,4,16,0,37,33,4,74,68,0,68,142
06/09/2023,GMU,SC,ASO,ES,Federal Contract Tower,0,29,31,0,60,0,30,132,0,162,0,59,163,0,222,20,0,20,242
06/10/2023,GMU,SC,ASO,ES,Federal Contract Tower,0,16,20,0,36,0,33,174,2,209,0,49,194,2,245,50,0,50,295
06/11/2023,GMU,SC,ASO,ES,Federal Contract Tower,0,20,14,0,34,0,6,2,0,8,0,26,16,0,42,0,0,0,42
06/12/2023,GMU,SC,ASO,ES,Federal Contract Tower,0,19,22,0,41,0,33,84,0,117,0,52,106,0,158,26,0,26,184
06/13/2023,GMU,SC,ASO,ES,Federal Contract Tower,0,21,8,0,29,0,30,134,2,166,0,51,142,2,195,48,0,48,243
06/14/2023,GMU,SC,ASO,ES,Federal Contract Tower,0,24,11,0,35,0,17,61,3,81,0,41,72,3,116,98,0,98,214
06/15/2023,GMU,SC,ASO,ES,Federal Contract Tower,0,19,21,1,41,0,10,125,0,135,0,29,146,1,176,68,0,68,244
06/16/2023,GMU,SC,ASO,ES,Federal Contract Tower,0,27,24,0,51,0,22,194,10,226,0,49,218,10,277,72,16,88,365
06/17/2023,GMU,SC,ASO,ES,Federal Contract Tower,0,15,23,0,38,0,36,129,1,166,0,51,152,1,204,38,0,38,242
06/18/2023,GMU,SC,ASO,ES,Federal Contract Tower,0,20,25,0,45,0,9,85,0,94,0,29,110,0,139,72,0,72,211
06/19/2023,GMU,SC,ASO,ES,Federal Contract Tower,0,20,10,0,30,0,4,5,0,9,0,24,15,0,39,16,0,16,55
06/20/2023,GMU,SC,ASO,ES,Federal Contract Tower,0,13,5,0,18,0,2,2,0,4,0,15,7,0,22,0,0,0,22
06/21/2023,GMU,SC,ASO,ES,Federal Contract Tower,0,31,14,0,45,0,0,0,0,0,0,31,14,0,45,0,0,0,45
06/22/2023,GMU,SC,ASO,ES,Federal Contract Tower,0,31,12,0,43,0,0,0,0,0,0,31,12,0,43,0,0,0,43
06/23/2023,GMU,SC,ASO,ES,Federal Contract Tower,0,23,21,0,44,0,32,79,0,111,0,55,100,0,155,100,0,100,255
06/24/2023,GMU,SC,ASO,ES,Federal Contract Tower,0,18,21,0,39,0,10,132,0,142,0,28,153,0,181,98,0,98,279
06/25/2023,GMU,SC,ASO,ES,Federal Contract Tower,0,25,17,0,42,0,17,103,0,120,0,42,120,0,162,72,0,72,234
06/26/2023,GMU,SC,ASO,ES,Federal Contract Tower,0,14,18,0,32,0,51,107,6,164,0,65,125,6,196,82,0,82,278
06/27/2023,GMU,SC,ASO,ES,Federal Contract Tower,0,27,18,0,45,0,30,142,3,175,0,57,160,3,220,72,0,72,292
06/28/2023,GMU,SC,ASO,ES,Federal Contract Tower,0,27,30,0,57,0,27,184,4,215,0,54,214,4,272,54,0,54,326
06/29/2023,GMU,SC,ASO,ES,Federal Contract Tower,0,45,25,0,70,0,29,184,0,213,0,74,209,0,283,14,0,14,297
06/30/2023,GMU,SC,ASO,ES,Federal Contract Tower,0,23,22,0,45,0,22,110,0,132,0,45,132,0,177,84,0,84,261
07/01/2023,GMU,SC,ASO,ES,Federal Contract Tower,0,14,24,0,38,0,20,98,0,118,0,34,122,0,156,40,0,40,196
07/02/2023,GMU,SC,ASO,ES,Federal Contract Tower,0,14,6,0,20,0,17,75,0,92,0,31,81,0,112,58,0,58,170
07/03/2023,GMU,SC,ASO,ES,Federal Contract Tower,0,11,14,3,28,0,33,120,5,158,0,44,134,8,186,48,0,48,234
07/04/2023,GMU,SC,ASO,ES,Federal Contract Tower,0,14,16,0,30,0,26,88,7,121,0,40,104,7,151,50,0,50,201
07/05/2023,GMU,SC,ASO,ES,Federal Contract Tower,0,29,23,1,53,0,16,118,2,136,0,45,141,3,189,44,0,44,233
07/06/2023,GMU,SC,ASO,ES,Federal Contract Tower,0,21,17,0,38,0,27,131,2,160,0,48,148,2,198,68,0,68,266
07/07/2023,GMU,SC,ASO,ES,Federal Contract Tower,0,22,18,0,40,0,14,123,0,137,0,36,141,0,177,46,0,46,223
07/08/2023,GMU,SC,ASO,ES,Federal Contract Tower,0,15,21,0,36,0,3,127,0,130,0,18,148,0,166,44,0,44,210
07/09/2023,GMU,SC,ASO,ES,Federal Contract Tower,0,15,16,0,31,0,24,89,2,115,0,39,105,2,146,72,0,72,218
07/10/2023,GMU,SC,ASO,ES,Federal Contract Tower,0,25,26,0,51,0,22,104,0,126,0,47,130,0,177,102,0,102,279
07/11/2023,GMU,SC,ASO,ES,Federal Contract Tower,0,26,19,0,45,0,28,146,0,174,0,54,165,0,219,70,0,70,289
07/12/2023,GMU,SC,ASO,ES,Federal Contract Tower,0,37,14,0,51,0,58,148,0,206,0,95,162,0,257,20,0,20,277
07/13/2023,GMU,SC,ASO,ES,Federal Contract Tower,0,18,21,1,40,0,28,126,2,156,0,46,147,3,196,84,4,88,284
07/14/2023,GMU,SC,ASO,ES,Federal Contract Tower,0,25,32,0,57,0,31,95,8,134,0,56,127,8,191,108,0,108,299
07/15/2023,GMU,SC,ASO,ES,Federal Contract Tower,0,9,23,0,32,0,5,60,0,65,0,14,83,0,97,82,0,82,179
07/16/2023,GMU,SC,ASO,ES,Federal Contract Tower,0,17,11,0,28,0,8,109,6,123,0,25,120,6,151,32,0,32,183
07/17/2023,GMU,SC,ASO,ES,Federal Contract Tower,0,29,17,2,48,0,33,76,2,111,0,62,93,4,159,54,0,54,213
07/18/2023,GMU,SC,ASO,ES,Federal Contract Tower,0,21,22,0,43,0,26,86,0,112,0,47,108,0,155,26,0,26,181
07/19/2023,GMU,SC,ASO,ES,Federal Contract Tower,0,20,14,0,34,0,32,98,2,132,0,52,112,2,166,122,2,124,290
07/20/2023,GMU,SC,ASO,ES,Federal Contract Tower,0,32,15,0,47,0,10,94,2,106,0,42,109,2,153,94,0,94,247
07/21/2023,GMU,SC,ASO,ES,Federal Contract Tower,0,25,20,0,45,0,23,132,0,155,0,48,152,0,200,34,0,34,234
07/22/2023,GMU,SC,ASO,ES,Federal Contract Tower,0,12,27,0,39,0,8,90,0,98,0,20,117,0,137,70,0,70,207
07/23/2023,GMU,SC,ASO,ES,Federal Contract Tower,0,20,21,0,41,0,10,90,1,101,0,30,111,1,142,88,0,88,230
07/24/2023,GMU,SC,ASO,ES,Federal Contract Tower,0,25,18,0,43,0,32,121,2,155,0,57,139,2,198,74,0,74,272
07/25/2023,GMU,SC,ASO,ES,Federal Contract Tower,0,16,14,0,30,0,19,144,0,163,0,35,158,0,193,84,4,88,281
07/26/2023,GMU,SC,ASO,ES,Federal Contract Tower,0,21,11,1,33,0,11,150,2,163,0,32,161,3,196,48,4,52,248
07/27/2023,GMU,SC,ASO,ES,Federal Contract Tower,0,27,21,1,49,0,30,152,7,189,0,57,173,8,238,80,0,80,318
07/28/2023,GMU,SC,ASO,ES,Federal Contract Tower,0,17,28,0,45,0,32,134,4,170,0,49,162,4,215,78,2,80,295
07/29/2023,GMU,SC,ASO,ES,Federal Contract Tower,0,7,26,0,33,0,20,118,4,142,0,27,144,4,175,38,0,38,213
07/30/2023,GMU,SC,ASO,ES,Federal Contract Tower,0,17,18,0,35,0,21,83,0,104,0,38,101,0,139,22,0,22,161
07/31/2023,GMU,SC,ASO,ES,Federal Contract Tower,0,20,12,0,32,0,72,113,0,185,0,92,125,0,217,84,0,84,301
08/01/2023,GMU,SC,ASO,ES,Federal Contract Tower,0,20,12,0,32,0,23,114,3,140,0,43,126,3,172,48,0,48,220
08/02/2023,GMU,SC,ASO,ES,Federal Contract Tower,0,14,33,0,47,0,17,102,0,119,0,31,135,0,166,98,0,98,264
08/03/2023,GMU,SC,ASO,ES,Federal Contract Tower,0,26,10,2,38,0,0,0,0,0,0,26,10,2,38,0,0,0,38
08/04/2023,GMU,SC,ASO,ES,Federal Contract Tower,0,11,21,0,32,0,22,73,0,95,0,33,94,0,127,52,0,52,179
08/05/2023,GMU,SC,ASO,ES,Federal Contract Tower,0,17,29,2,48,0,20,182,2,204,0,37,211,4,252,14,0,14,266
08/06/2023,GMU,SC,ASO,ES,Federal Contract Tower,0,12,25,0,37,0,18,59,6,83,0,30,84,6,120,64,0,64,184
08/07/2023,GMU,SC,ASO,ES,Federal Contract Tower,0,19,17,0,36,0,27,96,0,123,0,46,113,0,159,12,0,12,171
08/08/2023,GMU,SC,ASO,ES,Federal Contract Tower,0,10,16,0,26,0,43,152,28,223,0,53,168,28,249,108,0,108,357
08/09/2023,GMU,SC,ASO,ES,Federal Contract Tower,0,22,24,0,46,0,42,165,0,207,0,64,189,0,253,108,0,108,361
08/10/2023,GMU,SC,ASO,ES,Federal Contract Tower,0,17,19,0,36,0,29,47,4,80,0,46,66,4,116,64,0,64,180
08/11/2023,GMU,SC,ASO,ES,Federal Contract Tower,0,22,20,0,42,0,56,97,0,153,0,78,117,0,195,134,0,134,329
08/12/2023,GMU,SC,ASO,ES,Federal Contract Tower,0,16,16,0,32,0,15,141,0,156,0,31,157,0,188,96,0,96,284
08/13/2023,GMU,SC,ASO,ES,Federal Contract Tower,0,17,19,0,36,0,28,100,0,128,0,45,119,0,164,38,0,38,202
08/14/2023,GMU,SC,ASO,ES,Federal Contract Tower,0,19,12,0,31,0,52,121,0,173,0,71,133,0,204,82,0,82,286
08/15/2023,GMU,SC,ASO,ES,Federal Contract Tower,0,14,14,0,28,0,52,110,2,164,0,66,124,2,192,40,0,40,232
08/16/2023,GMU,SC,ASO,ES,Federal Contract Tower,0,30,24,2,56,0,27,149,7,183,0,57,173,9,239,102,0,102,341
08/17/2023,GMU,SC,ASO,ES,Federal Contract Tower,0,29,23,1,53,0,31,121,0,152,0,60,144,1,205,42,0,42,247
08/18/2023,GMU,SC,ASO,ES,Federal Contract Tower,0,25,21,0,46,0,32,157,0,189,0,57,178,0,235,90,0,90,325
08/19/2023,GMU,SC,ASO,ES,Federal Contract Tower,0,10,14,0,24,0,26,111,1,138,0,36,125,1,162,76,0,76,238
08/20/2023,GMU,SC,ASO,ES,Federal Contract Tower,0,23,20,0,43,0,41,110,0,151,0,64,130,0,194,142,0,142,336
08/21/2023,GMU,SC,ASO,ES,Federal Contract Tower,0,22,13,0,35,0,84,147,2,233,0,106,160,2,268,76,0,76,344
08/22/2023,GMU,SC,ASO,ES,Federal Contract Tower,0,24,10,0,34,0,70,114,8,192,0,94,124,8,226,66,0,66,292
08/23/2023,GMU,SC,ASO,ES,Federal Contract Tower,0,23,21,0,44,0,19,144,0,163,0,42,165,0,207,36,0,36,243
08/24/2023,GMU,SC,ASO,ES,Federal Contract Tower,0,19,13,0,32,0,62,125,3,190,0,81,138,3,222,50,0,50,272
08/25/2023,GMU,SC,ASO,ES,Federal Contract Tower,0,17,10,0,27,0,37,114,0,151,0,54,124,0,178,60,0,60,238
08/26/2023,GMU,SC,ASO,ES,Federal Contract Tower,0,11,18,0,29,0,28,106,1,135,0,39,124,1,164,54,0,54,218
08/27/2023,GMU,SC,ASO,ES,Federal Contract Tower,0,32,13,0,45,0,24,65,0,89,0,56,78,0,134,48,0,48,182
08/28/2023,GMU,SC,ASO,ES,Federal Contract Tower,0,53,26,0,79,0,14,32,2,48,0,67,58,2,127,60,0,60,187
08/29/2023,GMU,SC,ASO,ES,Federal Contract Tower,0,39,22,0,61,0,16,31,1,48,0,55,53,1,109,28,0,28,137
08/30/2023,GMU,SC,ASO,ES,Federal Contract Tower,0,19,27,0,46,0,4,3,0,7,0,23,30,0,53,0,0,0,53
08/31/2023,GMU,SC,ASO,ES,Federal Contract Tower,0,29,20,0,49,0,24,131,0,155,0,53,151,0,204,130,0,130,334
01/01/2020,GMU,SC,ASO,ES,Federal Contract Tower,0,8,15,0,23,0,13,86,0,99,0,21,101,0,122,28,0,28,150
01/02/2020,GMU,SC,ASO,ES,Federal Contract Tower,0,8,17,0,25,0,0,33,0,33,0,8,50,0,58,44,0,44,102
01/03/2020,GMU,SC,ASO,ES,Federal Contract Tower,0,16,6,0,22,0,0,0,0,0,0,16,6,0,22,2,0,2,24
01/04/2020,GMU,SC,ASO,ES,Federal Contract Tower,0,16,16,0,32,0,2,18,2,22,0,18,34,2,54,0,0,0,54
01/05/2020,GMU,SC,ASO,ES,Federal Contract Tower,0,9,24,0,33,0,12,149,3,164,0,21,173,3,197,76,0,76,273
01/06/2020,GMU,SC,ASO,ES,Federal Contract Tower,0,17,17,0,34,0,6,97,2,105,0,23,114,2,139,40,0,40,179
01/07/2020,GMU,SC,ASO,ES,Federal Contract Tower,0,17,9,1,27,0,13,14,3,30,0,30,23,4,57,10,6,16,73
01/08/2020,GMU,SC,ASO,ES,Federal Contract Tower,0,22,20,2,44,0,11,126,5,142,0,33,146,7,186,46,0,46,232
01/09/2020,GMU,SC,ASO,ES,Federal Contract Tower,0,18,10,0,28,2,10,2,2,16,2,28,12,2,44,29,0,29,73
01/10/2020,GMU,SC,ASO,ES,Federal Contract Tower,0,15,25,2,42,0,20,50,4,74,0,35,75,6,116,16,2,18,134
01/11/2020,GMU,SC,ASO,ES,Federal Contract Tower,0,11,11,0,22,0,0,0,0,0,0,11,11,0,22,0,0,0,22
01/12/2020,GMU,SC,ASO,ES,Federal Contract Tower,0,26,15,0,41,0,16,99,4,119,0,42,114,4,160,8,0,8,168
01/13/2020,GMU,SC,ASO,ES,Federal Contract Tower,0,19,8,0,27,0,8,5,0,13,0,27,13,0,40,0,0,0,40
01/14/2020,GMU,SC,ASO,ES,Federal Contract Tower,0,45,13,0,58,0,0,0,0,0,0,45,13,0,58,0,0,0,58
01/15/2020,GMU,SC,ASO,ES,Federal Contract Tower,0,24,15,0,39,0,7,41,4,52,0,31,56,4,91,14,0,14,105
01/16/2020,GMU,SC,ASO,ES,Federal Contract Tower,0,14,26,0,40,0,23,99,3,125,0,37,125,3,165,70,0,70,235
01/17/2020,GMU,SC,ASO,ES,Federal Contract Tower,0,22,23,0,45,0,9,122,1,132,0,31,145,1,177,58,0,58,235
01/18/2020,GMU,SC,ASO,ES,Federal Contract Tower,0,7,5,0,12,0,0,9,0,9,0,7,14,0,21,16,0,16,37
01/19/2020,GMU,SC,ASO,ES,Federal Contract Tower,0,14,20,0,34,0,5,82,0,87,0,19,102,0,121,48,0,48,169
01/20/2020,GMU,SC,ASO,ES,Federal Contract Tower,0,23,24,0,47,0,5,123,0,128,0,28,147,0,175,56,0,56,231
01/21/2020,GMU,SC,ASO,ES,Federal Contract Tower,0,17,22,0,39,0,10,103,1,114,0,27,125,1,153,50,6,56,209
01/22/2020,GMU,SC,ASO,ES,Federal Contract Tower,0,19,15,0,34,0,15,117,2,134,0,34,132,2,168,40,0,40,208
01/23/2020,GMU,SC,ASO,ES,Federal Contract Tower,0,25,19,0,44,0,6,110,0,116,0,31,129,0,160,34,0,34,194
01/24/2020,GMU,SC,ASO,ES,Federal Contract Tower,0,10,6,0,16,0,0,0,0,0,0,10,6,0,16,0,0,0,16
01/25/2020,GMU,SC,ASO,ES,Federal Contract Tower,0,13,39,0,52,0,6,96,5,107,0,19,135,5,159,18,0,18,177
01/26/2020,GMU,SC,ASO,ES,Federal Contract Tower,0,9,28,0,37,0,8,89,1,98,0,17,117,1,135,22,0,22,157
01/27/2020,GMU,SC,ASO,ES,Federal Contract Tower,0,14,12,0,26,0,9,81,0,90,0,23,93,0,116,42,0,42,158
01/28/2020,GMU,SC,ASO,ES,Federal Contract Tower,0,22,19,0,41,0,12,134,3,149,0,34,153,3,190,124,0,124,314
01/29/2020,GMU,SC,ASO,ES,Federal Contract Tower,0,32,28,0,60,0,2,86,1,89,0,34,114,1,149,18,0,18,167
01/30/2020,GMU,SC,ASO,ES,Federal Contract Tower,0,16,29,0,45,0,8,105,2,115,0,24,134,2,160,60,0,60,220
01/31/2020,GMU,SC,ASO,ES,Federal Contract Tower,0,14,10,0,24,0,0,7,0,7,0,14,17,0,31,0,0,0,31
02/01/2020,GMU,SC,ASO,ES,Federal Contract Tower,0,17,20,0,37,0,1,86,1,88,0,18,106,1,125,64,0,64,189
02/02/2020,GMU,SC,ASO,ES,Federal Contract Tower,0,17,14,0,31,0,3,60,0,63,0,20,74,0,94,54,0,54,148
02/03/2020,GMU,SC,ASO,ES,Federal Contract Tower,0,13,15,0,28,0,6,105,1,112,0,19,120,1,140,24,0,24,164
02/04/2020,GMU,SC,ASO,ES,Federal Contract Tower,0,26,16,1,43,0,1,90,10,101,0,27,106,11,144,74,4,78,222
02/05/2020,GMU,SC,ASO,ES,Federal Contract Tower,0,22,2,0,24,0,0,0,0,0,0,22,2,0,24,0,0,0,24
02/06/2020,GMU,SC,ASO,ES,Federal Contract Tower,0,6,0,0,6,0,2,0,0,2,0,8,0,0,8,0,0,0,8
02/07/2020,GMU,SC,ASO,ES,Federal Contract Tower,0,30,14,0,44,0,12,16,0,28,0,42,30,0,72,2,2,4,76
02/08/2020,GMU,SC,ASO,ES,Federal Contract Tower,0,7,10,0,17,0,2,24,0,26,0,9,34,0,43,26,0,26,69
02/09/2020,GMU,SC,ASO,ES,Federal Contract Tower,0,24,16,0,40,0,0,42,4,46,0,24,58,4,86,76,2,78,164
02/10/2020,GMU,SC,ASO,ES,Federal Contract Tower,0,25,13,0,38,0,5,18,0,23,0,30,31,0,61,44,0,44,105
02/11/2020,GMU,SC,ASO,ES,Federal Contract Tower,0,16,5,0,21,0,2,1,1,4,0,18,6,1,25,0,2,2,27
02/12/2020,GMU,SC,ASO,ES,Federal Contract Tower,0,15,33,1,49,0,4,23,6,33,0,19,56,7,82,96,4,100,182
02/13/2020,GMU,SC,ASO,ES,Federal Contract Tower,0,15,9,0,24,0,1,26,2,29,0,16,35,2,53,52,0,52,105
02/14/2020,GMU,SC,ASO,ES,Federal Contract Tower,0,15,24,0,39,0,19,182,0,201,0,34,206,0,240,34,0,34,274
02/15/2020,GMU,SC,ASO,ES,Federal Contract Tower,0,1,22,0,23,0,10,158,0,168,0,11,180,0,191,44,0,44,235
02/16/2020,GMU,SC,ASO,ES,Federal Contract Tower,0,10,10,0,20,0,8,65,0,73,0,18,75,0,93,34,0,34,127
02/17/2020,GMU,SC,ASO,ES,Federal Contract Tower,0,18,22,0,40,0,13,131,2,146,0,31,153,2,186,56,0,56,242
02/18/2020,GMU,SC,ASO,ES,Federal Contract Tower,0,3,8,0,11,0,0,0,0,0,0,3,8,0,11,0,0,0,11
02/19/2020,GMU,SC,ASO,ES,Federal Contract Tower,0,15,18,0,33,0,1,41,0,42,0,16,59,0,75,54,0,54,129
02/20/2020,GMU,SC,ASO,ES,Federal Contract Tower,0,8,2,0,10,0,0,9,1,10,0,8,11,1,20,22,2,24,44
02/21/2020,GMU,SC,ASO,ES,Federal Contract Tower,0,21,30,0,51,0,12,154,1,167,0,33,184,1,218,8,0,8,226
02/22/2020,GMU,SC,ASO,ES,Federal Contract Tower,0,16,16,1,33,0,11,134,1,146,0,27,150,2,179,10,0,10,189
02/23/2020,GMU,SC,ASO,ES,Federal Contract Tower,0,8,28,0,36,0,9,115,4,128,0,17,143,4,164,42,0,42,206
02/24/2020,GMU,SC,ASO,ES,Federal Contract Tower,0,11,15,0,26,0,2,17,0,19,0,13,32,0,45,10,0,10,55
02/25/2020,GMU,SC,ASO,ES,Federal Contract Tower,0,11,22,2,35,0,8,46,1,55,0,19,68,3,90,20,2,22,112
02/26/2020,GMU,SC,ASO,ES,Federal Contract Tower,0,23,19,1,43,0,8,59,3,70,0,31,78,4,113,32,0,32,145
02/27/2020,GMU,SC,ASO,ES,Federal Contract Tower,0,30,10,0,40,0,14,117,0,131,0,44,127,0,171,48,0,48,219
02/28/2020,GMU,SC,ASO,ES,Federal Contract Tower,0,25,13,0,38,0,7,78,0,85,0,32,91,0,123,48,0,48,171
02/29/2020,GMU,SC,ASO,ES,Federal Contract Tower,0,6,18,0,24,0,8,93,5,106,0,14,111,5,130,64,0,64,194
03/01/2020,GMU,SC,ASO,ES,Federal Contract Tower,0,13,28,0,41,0,5,157,0,162,0,18,185,0,203,44,0,44,247
03/02/2020,GMU,SC,ASO,ES,Federal Contract Tower,0,8,17,0,25,0,8,62,1,71,0,16,79,1,96,42,0,42,138
03/03/2020,GMU,SC,ASO,ES,Federal Contract Tower,0,12,9,0,21,0,7,2,1,10,0,19,11,1,31,8,0,8,39
03/04/2020,GMU,SC,ASO,ES,Federal Contract Tower,2,16,18,1,37,0,6,113,0,119,2,22,131,1,156,68,0,68,224
03/05/2020,GMU,SC,ASO,ES,Federal Contract Tower,0,25,7,0,32,0,2,8,0,10,0,27,15,0,42,0,0,0,42
03/06/2020,GMU,SC,ASO,ES,Federal Contract Tower,0,21,9,0,30,0,14,60,0,74,0,35,69,0,104,28,0,28,132
03/07/2020,GMU,SC,ASO,ES,Federal Contract Tower,0,9,21,0,30,0,16,147,2,165,0,25,168,2,195,72,10,82,277
03/08/2020,GMU,SC,ASO,ES,Federal Contract Tower,0,21,18,0,39,0,6,156,0,162,0,27,174,0,201,86,0,86,287
03/09/2020,GMU,SC,ASO,ES,Federal Contract Tower,0,13,13,0,26,0,13,168,0,181,0,26,181,0,207,62,0,62,269
03/10/2020,GMU,SC,ASO,ES,Federal Contract Tower,0,33,16,0,49,0,5,36,0,41,0,38,52,0,90,4,0,4,94
03/11/2020,GMU,SC,ASO,ES,Federal Contract Tower,0,18,14,0,32,0,6,86,2,94,0,24,100,2,126,18,0,18,144
03/12/2020,GMU,SC,ASO,ES,Federal Contract Tower,0,21,19,0,40,0,5,80,8,93,0,26,99,8,133,32,0,32,165
03/13/2020,GMU,SC,ASO,ES,Federal Contract Tower,0,23,25,1,49,0,9,87,0,96,0,32,112,1,145,64,0,64,209
03/15/2020,GMU,SC,ASO,ES,Federal Contract Tower,0,5,14,0,19,0,1,38,1,40,0,6,52,1,59,28,0,28,87
03/16/2020,GMU,SC,ASO,ES,Federal Contract Tower,0,25,25,0,50,0,12,26,0,38,0,37,51,0,88,66,0,66,154
03/17/2020,GMU,SC,ASO,ES,Federal Contract Tower,0,17,21,0,38,0,4,15,1,20,0,21,36,1,58,8,4,12,70
03/18/2020,GMU,SC,ASO,ES,Federal Contract Tower,0,11,9,0,20,0,1,0,0,1,0,12,9,0,21,0,0,0,21
03/19/2020,GMU,SC,ASO,ES,Federal Contract Tower,0,17,17,0,34,0,10,57,0,67,0,27,74,0,101,20,0,20,121
03/20/2020,GMU,SC,ASO,ES,Federal Contract Tower,0,22,10,0,32,0,16,86,1,103,0,38,96,1,135,22,0,22,157
03/21/2020,GMU,SC,ASO,ES,Federal Contract Tower,0,7,17,0,24,0,15,113,0,128,0,22,130,0,152,24,0,24,176
03/22/2020,GMU,SC,ASO,ES,Federal Contract Tower,0,5,2,0,7,0,9,17,3,29,0,14,19,3,36,66,0,66,102
03/23/2020,GMU,SC,ASO,ES,Federal Contract Tower,0,5,2,0,7,0,0,0,0,0,0,5,2,0,7,0,0,0,7
03/24/2020,GMU,SC,ASO,ES,Federal Contract Tower,0,6,3,0,9,0,0,0,0,0,0,6,3,0,9,0,0,0,9
03/25/2020,GMU,SC,ASO,ES,Federal Contract Tower,0,4,10,0,14,0,27,89,0,116,0,31,99,0,130,54,0,54,184
03/26/2020,GMU,SC,ASO,ES,Federal Contract Tower,0,1,22,4,27,0,11,92,8,111,0,12,114,12,138,98,2,100,238
03/27/2020,GMU,SC,ASO,ES,Federal Contract Tower,0,5,10,0,15,0,15,75,0,90,0,20,85,0,105,36,0,36,141
03/28/2020,GMU,SC,ASO,ES,Federal Contract Tower,0,1,12,1,14,0,8,81,0,89,0,9,93,1,103,40,0,40,143
03/29/2020,GMU,SC,ASO,ES,Federal Contract Tower,0,4,3,0,7,0,2,19,3,24,0,6,22,3,31,20,0,20,51
03/30/2020,GMU,SC,ASO,ES,Federal Contract Tower,0,4,2,0,6,0,13,104,2,119,0,17,106,2,125,86,0,86,211
03/31/2020,GMU,SC,ASO,ES,Federal Contract Tower,0,2,8,0,10,0,8,15,2,25,0,10,23,2,35,16,2,18,53
04/01/2020,GMU,SC,ASO,ES,Federal Contract Tower,0,5,13,0,18,0,17,59,10,86,0,22,72,10,104,34,0,34,138
04/02/2020,GMU,SC,ASO,ES,Federal Contract Tower,0,3,10,0,13,0,20,96,5,121,0,23,106,5,134,20,0,20,154
04/03/2020,GMU,SC,ASO,ES,Federal Contract Tower,0,2,9,0,11,0,16,122,1,139,0,18,131,1,150,28,0,28,178
04/04/2020,GMU,SC,ASO,ES,Federal Contract Tower,0,1,8,0,9,0,3,103,0,106,0,4,111,0,115,26,0,26,141
04/05/2020,GMU,SC,ASO,ES,Federal Contract Tower,0,4,4,0,8,0,0,59,0,59,0,4,63,0,67,18,0,18,85
04/06/2020,GMU,SC,ASO,ES,Federal Contract Tower,0,0,7,0,7,0,17,62,0,79,0,17,69,0,86,60,0,60,146
04/07/2020,GMU,SC,ASO,ES,Federal Contract Tower,0,0,6,2,8,0,10,62,3,75,0,10,68,5,83,46,0,46,129
04/08/2020,GMU,SC,ASO,ES,Federal Contract Tower,0,1,10,4,15,0,11,67,2,80,0,12,77,6,95,36,0,36,131
04/09/2020,GMU,SC,ASO,ES,Federal Contract Tower,0,3,7,0,10,0,20,28,4,52,0,23,35,4,62,4,0,4,66
04/10/2020,GMU,SC,ASO,ES,Federal Contract Tower,0,1,4,0,5,0,5,36,0,41,0,6,40,0,46,4,0,4,50
04/11/2020,GMU,SC,ASO,ES,Federal Contract Tower,0,5,12,0,17,0,4,129,0,133,0,9,141,0,150,76,0,76,226
04/12/2020,GMU,SC,ASO,ES,Federal Contract Tower,0,0,0,0,0,0,0,2,0,2,0,0,2,0,2,0,0,0,2
04/13/2020,GMU,SC,ASO,ES,Federal Contract Tower,0,7,4,0,11,0,23,11,0,34,0,30,15,0,45,0,0,0,45
04/14/2020,GMU,SC,ASO,ES,Federal Contract Tower,0,0,17,0,17,0,20,85,0,105,0,20,102,0,122,26,0,26,148
04/15/2020,GMU,SC,ASO,ES,Federal Contract Tower,0,4,7,0,11,0,10,67,4,81,0,14,74,4,92,20,0,20,112
04/16/2020,GMU,SC,ASO,ES,Federal Contract Tower,0,8,12,0,20,0,23,99,6,128,0,31,111,6,148,38,4,42,190
04/17/2020,GMU,SC,ASO,ES,Federal Contract Tower,0,3,13,0,16,0,30,86,2,118,0,33,99,2,134,80,0,80,214
04/18/2020,GMU,SC,ASO,ES,Federal Contract Tower,0,2,16,0,18,0,2,64,0,66,0,4,80,0,84,24,0,24,108
04/19/2020,GMU,SC,ASO,ES,Federal Contract Tower,0,0,13,0,13,0,3,28,2,33,0,3,41,2,46,18,0,18,64
04/20/2020,GMU,SC,ASO,ES,Federal Contract Tower,0,6,13,0,19,0,2,28,0,30,0,8,41,0,49,16,0,16,65
04/21/2020,GMU,SC,ASO,ES,Federal Contract Tower,0,4,17,0,21,0,24,58,3,85,0,28,75,3,106,34,8,42,148
04/22/2020,GMU,SC,ASO,ES,Federal Contract Tower,0,12,13,0,25,0,22,146,4,172,0,34,159,4,197,26,0,26,223
04/23/2020,GMU,SC,ASO,ES,Federal Contract Tower,0,3,2,0,5,0,1,0,0,1,0,4,2,0,6,0,0,0,6
04/24/2020,GMU,SC,ASO,ES,Federal Contract Tower,0,9,22,0,31,0,14,78,0,92,0,23,100,0,123,44,0,44,167
04/25/2020,GMU,SC,ASO,ES,Federal Contract Tower,0,1,10,0,11,0,12,44,0,56,0,13,54,0,67,0,0,0,67
04/26/2020,GMU,SC,ASO,ES,Federal Contract Tower,0,0,12,0,12,0,4,37,3,44,0,4,49,3,56,2,0,2,58
04/27/2020,GMU,SC,ASO,ES,Federal Contract Tower,0,3,8,0,11,0,14,127,0,141,0,17,135,0,152,40,0,40,192
04/28/2020,GMU,SC,ASO,ES,Federal Contract Tower,0,8,21,0,29,0,17,139,2,158,0,25,160,2,187,50,0,50,237
04/29/2020,GMU,SC,ASO,ES,Federal Contract Tower,0,8,8,0,16,0,9,24,2,35,0,17,32,2,51,2,0,2,53
04/30/2020,GMU,SC,ASO,ES,Federal Contract Tower,0,6,27,0,33,0,10,37,8,55,0,16,64,8,88,22,4,26,114
05/01/2020,GMU,SC,ASO,ES,Federal Contract Tower,0,10,15,0,25,0,12,107,2,121,0,22,122,2,146,44,0,44,190
05/03/2020,GMU,SC,ASO,ES,Federal Contract Tower,0,2,15,0,17,0,7,60,0,67,0,9,75,0,84,16,0,16,100
05/04/2020,GMU,SC,ASO,ES,Federal Contract Tower,0,5,18,0,23,0,19,82,2,103,0,24,100,2,126,46,0,46,172
05/05/2020,GMU,SC,ASO,ES,Federal Contract Tower,0,8,13,0,21,0,15,35,0,50,0,23,48,0,71,24,0,24,95
05/06/2020,GMU,SC,ASO,ES,Federal Contract Tower,0,12,8,0,20,0,12,52,2,66,0,24,60,2,86,16,0,16,102
05/07/2020,GMU,SC,ASO,ES,Federal Contract Tower,0,11,27,0,38,0,22,133,0,155,0,33,160,0,193,50,0,50,243
05/08/2020,GMU,SC,ASO,ES,Federal Contract Tower,0,6,13,0,19,0,24,22,1,47,0,30,35,1,66,0,0,0,66
05/09/2020,GMU,SC,ASO,ES,Federal Contract Tower,0,2,12,0,14,0,4,115,0,119,0,6,127,0,133,34,0,34,167
05/10/2020,GMU,SC,ASO,ES,Federal Contract Tower,0,6,14,0,20,0,6,54,0,60,0,12,68,0,80,4,0,4,84
05/11/2020,GMU,SC,ASO,ES,Federal Contract Tower,0,12,13,0,25,0,17,70,0,87,0,29,83,0,112,16,0,16,128
05/12/2020,GMU,SC,ASO,ES,Federal Contract Tower,0,5,15,0,20,0,11,107,8,126,0,16,122,8,146,24,0,24,170
05/13/2020,GMU,SC,ASO,ES,Federal Contract Tower,0,7,19,0,26,0,9,83,0,92,0,16,102,0,118,20,0,20,138
05/14/2020,GMU,SC,ASO,ES,Federal Contract Tower,0,15,19,0,34,0,12,68,4,84,0,27,87,4,118,46,2,48,166
05/15/2020,GMU,SC,ASO,ES,Federal Contract Tower,0,5,10,0,15,0,5,118,0,123,0,10,128,0,138,58,0,58,196
05/16/2020,GMU,SC,ASO,ES,Federal Contract Tower,0,12,10,0,22,0,3,157,0,160,0,15,167,0,182,16,0,16,198
05/17/2020,GMU,SC,ASO,ES,Federal Contract Tower,0,5,20,0,25,0,3,60,0,63,0,8,80,0,88,50,0,50,138
05/18/2020,GMU,SC,ASO,ES,Federal Contract Tower,0,10,7,0,17,0,0,3,0,3,0,10,10,0,20,14,0,14,34
05/19/2020,GMU,SC,ASO,ES,Federal Contract Tower,0,5,6,0,11,0,0,0,0,0,0,5,6,0,11,0,0,0,11
05/20/2020,GMU,SC,ASO,ES,Federal Contract Tower,0,15,0,0,15,0,0,6,0,6,0,15,6,0,21,0,0,0,21
05/21/2020,GMU,SC,ASO,ES,Federal Contract Tower,0,13,24,0,37,0,13,27,10,50,0,26,51,10,87,16,0,16,103
05/22/2020,GMU,SC,ASO,ES,Federal Contract Tower,0,11,20,0,31,0,6,84,2,92,0,17,104,2,123,56,4,60,183
05/23/2020,GMU,SC,ASO,ES,Federal Contract Tower,0,10,21,0,31,0,4,87,2,93,0,14,108,2,124,18,0,18,142
05/24/2020,GMU,SC,ASO,ES,Federal Contract Tower,0,4,12,0,16,0,2,55,2,59,0,6,67,2,75,8,0,8,83
05/25/2020,GMU,SC,ASO,ES,Federal Contract Tower,0,10,32,0,42,0,6,27,0,33,0,16,59,0,75,26,0,26,101
05/26/2020,GMU,SC,ASO,ES,Federal Contract Tower,0,18,30,0,48,0,8,19,1,28,0,26,49,1,76,18,0,18,94
05/27/2020,GMU,SC,ASO,ES,Federal Contract Tower,0,21,16,0,37,0,7,3,1,11,0,28,19,1,48,0,0,0,48
05/28/2020,GMU,SC,ASO,ES,Federal Contract Tower,0,11,10,0,21,0,6,18,0,24,0,17,28,0,45,20,0,20,65
05/29/2020,GMU,SC,ASO,ES,Federal Contract Tower,0,13,12,2,27,0,4,41,0,45,0,17,53,2,72,16,0,16,88
05/30/2020,GMU,SC,ASO,ES,Federal Contract Tower,0,11,20,0,31,0,12,145,0,157,0,23,165,0,188,26,0,26,214
05/31/2020,GMU,SC,ASO,ES,Federal Contract Tower,0,5,20,0,25,0,15,106,3,124,0,20,126,3,149,38,0,38,187
06/01/2020,GMU,SC,ASO,ES,Federal Contract Tower,0,15,21,0,36,0,10,153,2,165,0,25,174,2,201,12,0,12,213
06/02/2020,GMU,SC,ASO,ES,Federal Contract Tower,0,15,18,0,33,0,23,142,4,169,0,38,160,4,202,60,12,72,274
06/03/2020,GMU,SC,ASO,ES,Federal Contract Tower,0,17,13,1,31,0,23,116,1,140,0,40,129,2,171,18,0,18,189
06/04/2020,GMU,SC,ASO,ES,Federal Contract Tower,0,13,6,1,20,0,21,97,6,124,0,34,103,7,144,16,4,20,164
06/05/2020,GMU,SC,ASO,ES,Federal Contract Tower,0,9,16,0,25,0,10,32,0,42,0,19,48,0,67,22,0,22,89
06/06/2020,GMU,SC,ASO,ES,Federal Contract Tower,0,6,15,0,21,0,3,103,0,106,0,9,118,0,127,112,0,112,239
06/07/2020,GMU,SC,ASO,ES,Federal Contract Tower,0,3,15,0,18,0,1,59,0,60,0,4,74,0,78,38,0,38,116
06/08/2020,GMU,SC,ASO,ES,Federal Contract Tower,0,12,19,0,31,0,14,65,0,79,0,26,84,0,110,62,0,62,172
06/09/2020,GMU,SC,ASO,ES,Federal Contract Tower,0,16,16,0,32,0,17,54,2,73,0,33,70,2,105,40,6,46,151
06/10/2020,GMU,SC,ASO,ES,Federal Contract Tower,0,15,17,0,32,0,16,7,0,23,0,31,24,0,55,0,0,0,55
06/11/2020,GMU,SC,ASO,ES,Federal Contract Tower,0,18,30,0,48,0,16,93,0,109,0,34,123,0,157,54,0,54,211
06/12/2020,GMU,SC,ASO,ES,Federal Contract Tower,0,14,17,0,31,0,23,125,0,148,0,37,142,0,179,30,0,30,209
06/13/2020,GMU,SC,ASO,ES,Federal Contract Tower,0,10,10,0,20,0,12,139,2,153,0,22,149,2,173,36,0,36,209
06/14/2020,GMU,SC,ASO,ES,Federal Contract Tower,0,13,22,0,35,0,3,64,0,67,0,16,86,0,102,56,0,56,158
06/15/2020,GMU,SC,ASO,ES,Federal Contract Tower,0,5,21,0,26,0,9,55,0,64,0,14,76,0,90,86,0,86,176
06/16/2020,GMU,SC,ASO,ES,Federal Contract Tower,0,13,13,2,28,0,2,8,2,12,0,15,21,4,40,34,0,34,74
06/17/2020,GMU,SC,ASO,ES,Federal Contract Tower,0,16,31,0,47,0,4,70,4,78,0,20,101,4,125,88,6,94,219
06/18/2020,GMU,SC,ASO,ES,Federal Contract Tower,0,18,28,0,46,0,22,62,1,85,0,40,90,1,131,72,4,76,207
06/19/2020,GMU,SC,ASO,ES,Federal Contract Tower,0,18,18,0,36,0,20,95,0,115,0,38,113,0,151,46,0,46,197
06/20/2020,GMU,SC,ASO,ES,Federal Contract Tower,0,7,7,0,14,0,8,149,0,157,0,15,156,0,171,46,0,46,217
06/21/2020,GMU,SC,ASO,ES,Federal Contract Tower,0,8,13,0,21,0,2,74,0,76,0,10,87,0,97,18,0,18,115
06/22/2020,GMU,SC,ASO,ES,Federal Contract Tower,0,4,8,0,12,0,10,88,2,100,0,14,96,2,112,20,0,20,132
06/23/2020,GMU,SC,ASO,ES,Federal Contract Tower,0,15,17,0,32,0,11,13,0,24,0,26,30,0,56,22,0,22,78
06/24/2020,GMU,SC,ASO,ES,Federal Contract Tower,0,15,21,0,36,0,6,103,0,109,0,21,124,0,145,100,0,100,245
06/25/2020,GMU,SC,ASO,ES,Federal Contract Tower,0,10,23,0,33,0,24,87,4,115,0,34,110,4,148,36,0,36,184
06/26/2020,GMU,SC,ASO,ES,Federal Contract Tower,0,16,25,0,41,0,19,145,2,166,0,35,170,2,207,98,0,98,305
06/27/2020,GMU,SC,ASO,ES,Federal Contract Tower,0,4,29,0,33,0,3,94,0,97,0,7,123,0,130,112,0,112,242
06/28/2020,GMU,SC,ASO,ES,Federal Contract Tower,0,11,15,0,26,0,2,63,0,65,0,13,78,0,91,0,0,0,91
06/29/2020,GMU,SC,ASO,ES,Federal Contract Tower,0,23,18,0,41,0,18,91,0,109,0,41,109,0,150,66,0,66,216
06/30/2020,GMU,SC,ASO,ES,Federal Contract Tower,0,7,18,0,25,0,11,84,2,97,0,18,102,2,122,60,12,72,194
07/01/2020,GMU,SC,ASO,ES,Federal Contract Tower,0,26,20,0,46,0,12,95,2,109,0,38,115,2,155,42,2,44,199
07/02/2020,GMU,SC,ASO,ES,Federal Contract Tower,0,16,16,0,32,0,21,125,5,151,0,37,141,5,183,62,4,66,249
07/03/2020,GMU,SC,ASO,ES,Federal Contract Tower,0,6,14,0,20,0,6,122,0,128,0,12,136,0,148,40,0,40,188
07/04/2020,GMU,SC,ASO,ES,Federal Contract Tower,0,6,9,0,15,0,4,45,0,49,0,10,54,0,64,36,0,36,100
07/05/2020,GMU,SC,ASO,ES,Federal Contract Tower,0,14,9,0,23,0,6,41,0,47,0,20,50,0,70,24,0,24,94
07/06/2020,GMU,SC,ASO,ES,Federal Contract Tower,0,16,15,0,31,0,11,44,0,55,0,27,59,0,86,138,0,138,224
07/07/2020,GMU,SC,ASO,ES,Federal Contract Tower,0,17,15,0,32,0,5,2,0,7,0,22,17,0,39,0,0,0,39
07/08/2020,GMU,SC,ASO,ES,Federal Contract Tower,0,10,18,0,28,0,6,58,2,66,0,16,76,2,94,20,0,20,114
07/09/2020,GMU,SC,ASO,ES,Federal Contract Tower,0,20,15,0,35,0,18,106,0,124,0,38,121,0,159,78,0,78,237
07/10/2020,GMU,SC,ASO,ES,Federal Contract Tower,0,15,6,0,21,0,21,126,1,148,0,36,132,1,169,60,0,60,229
07/11/2020,GMU,SC,ASO,ES,Federal Contract Tower,0,6,12,0,18,0,6,104,0,110,0,12,116,0,128,50,0,50,178
07/12/2020,GMU,SC,ASO,ES,Federal Contract Tower,0,11,14,1,26,0,3,95,1,99,0,14,109,2,125,32,0,32,157
07/13/2020,GMU,SC,ASO,ES,Federal Contract Tower,0,10,16,0,26,0,6,109,0,115,0,16,125,0,141,20,0,20,161
07/14/2020,GMU,SC,ASO,ES,Federal Contract Tower,0,5,10,0,15,0,26,106,5,137,0,31,116,5,152,62,0,62,214
07/15/2020,GMU,SC,ASO,ES,Federal Contract Tower,0,32,14,0,46,0,26,101,0,127,0,58,115,0,173,80,0,80,253
07/16/2020,GMU,SC,ASO,ES,Federal Contract Tower,0,15,23,0,38,0,13,60,0,73,0,28,83,0,111,54,0,54,165
07/17/2020,GMU,SC,ASO,ES,Federal Contract Tower,0,25,15,1,41,0,26,95,3,124,0,51,110,4,165,72,0,72,237
07/18/2020,GMU,SC,ASO,ES,Federal Contract Tower,0,4,10,0,14,0,14,60,0,74,0,18,70,0,88,20,0,20,108
07/19/2020,GMU,SC,ASO,ES,Federal Contract Tower,0,10,16,0,26,0,5,67,0,72,0,15,83,0,98,60,0,60,158
07/20/2020,GMU,SC,ASO,ES,Federal Contract Tower,0,25,9,0,34,0,14,92,3,109,0,39,101,3,143,108,0,108,251
07/21/2020,GMU,SC,ASO,ES,Federal Contract Tower,0,25,18,1,44,0,7,78,2,87,0,32,96,3,131,72,0,72,203
07/22/2020,GMU,SC,ASO,ES,Federal Contract Tower,0,13,26,0,39,0,3,123,0,126,0,16,149,0,165,84,0,84,249
07/23/2020,GMU,SC,ASO,ES,Federal Contract Tower,0,21,9,0,30,0,16,118,2,136,0,37,127,2,166,98,2,100,266
07/24/2020,GMU,SC,ASO,ES,Federal Contract Tower,0,13,16,0,29,0,4,80,2,86,0,17,96,2,115,52,0,52,167
07/25/2020,GMU,SC,ASO,ES,Federal Contract Tower,0,3,7,0,10,0,9,83,0,92,0,12,90,0,102,72,0,72,174
07/26/2020,GMU,SC,ASO,ES,Federal Contract Tower,0,11,7,0,18,0,4,68,0,72,0,15,75,0,90,74,0,74,164
07/27/2020,GMU,SC,ASO,ES,Federal Contract Tower,0,7,11,0,18,0,8,119,0,127,0,15,130,0,145,122,0,122,267
07/28/2020,GMU,SC,ASO,ES,Federal Contract Tower,0,20,23,0,43,0,19,103,2,124,0,39,126,2,167,58,0,58,225
07/29/2020,GMU,SC,ASO,ES,Federal Contract Tower,0,15,16,1,32,0,14,83,2,99,0,29,99,3,131,88,0,88,219
07/30/2020,GMU,SC,ASO,ES,Federal Contract Tower,0,10,22,0,32,0,6,18,2,26,0,16,40,2,58,28,0,28,86
07/31/2020,GMU,SC,ASO,ES,Federal Contract Tower,0,18,16,1,35,0,16,95,2,113,0,34,111,3,148,80,0,80,228
08/01/2020,GMU,SC,ASO,ES,Federal Contract Tower,0,15,26,0,41,0,11,103,8,122,0,26,129,8,163,56,0,56,219
08/02/2020,GMU,SC,ASO,ES,Federal Contract Tower,0,2,11,0,13,0,2,70,0,72,0,4,81,0,85,42,0,42,127
08/03/2020,GMU,SC,ASO,ES,Federal Contract Tower,0,13,16,0,29,0,2,12,0,14,0,15,28,0,43,0,0,0,43
08/04/2020,GMU,SC,ASO,ES,Federal Contract Tower,0,13,23,0,36,0,15,105,2,122,0,28,128,2,158,174,0,174,332
08/06/2020,GMU,SC,ASO,ES,Federal Contract Tower,0,21,26,0,47,0,7,60,0,67,0,28,86,0,114,64,0,64,178
08/07/2020,GMU,SC,ASO,ES,Federal Contract Tower,0,18,41,0,59,0,7,57,0,64,0,25,98,0,123,100,0,100,223
08/08/2020,GMU,SC,ASO,ES,Federal Contract Tower,0,10,30,0,40,0,4,82,0,86,0,14,112,0,126,16,0,16,142
08/09/2020,GMU,SC,ASO,ES,Federal Contract Tower,0,18,21,0,39,0,3,94,0,97,0,21,115,0,136,86,0,86,222
08/10/2020,GMU,SC,ASO,ES,Federal Contract Tower,0,13,30,0,43,0,9,87,2,98,0,22,117,2,141,108,0,108,249
08/11/2020,GMU,SC,ASO,ES,Federal Contract Tower,0,18,29,0,47,0,15,95,4,114,0,33,124,4,161,82,0,82,243
08/12/2020,GMU,SC,ASO,ES,Federal Contract Tower,0,22,16,1,39,0,11,101,4,116,0,33,117,5,155,104,0,104,259
08/13/2020,GMU,SC,ASO,ES,Federal Contract Tower,0,13,20,1,34,0,14,96,3,113,0,27,116,4,147,68,0,68,215
08/14/2020,GMU,SC,ASO,ES,Federal Contract Tower,0,18,34,0,52,0,8,72,4,84,0,26,106,4,136,154,0,154,290
08/15/2020,GMU,SC,ASO,ES,Federal Contract Tower,0,4,18,0,22,0,4,20,0,24,0,8,38,0,46,46,0,46,92
08/16/2020,GMU,SC,ASO,ES,Federal Contract Tower,0,18,36,0,54,0,4,92,0,96,0,22,128,0,150,118,0,118,268
08/17/2020,GMU,SC,ASO,ES,Federal Contract Tower,0,20,16,0,36,0,7,81,0,88,0,27,97,0,124,152,0,152,276
08/18/2020,GMU,SC,ASO,ES,Federal Contract Tower,0,12,27,0,39,0,20,180,3,203,0,32,207,3,242,82,0,82,324
08/19/2020,GMU,SC,ASO,ES,Federal Contract Tower,0,23,18,0,41,0,12,93,3,108,0,35,111,3,149,98,0,98,247
08/20/2020,GMU,SC,ASO,ES,Federal Contract Tower,0,10,22,0,32,0,14,47,6,67,0,24,69,6,99,50,0,50,149
08/21/2020,GMU,SC,ASO,ES,Federal Contract Tower,0,22,14,0,36,0,8,3,0,11,0,30,17,0,47,30,0,30,77
08/22/2020,GMU,SC,ASO,ES,Federal Contract Tower,0,3,27,1,31,0,14,85,2,101,0,17,112,3,132,118,0,118,250
08/23/2020,GMU,SC,ASO,ES,Federal Contract Tower,0,7,19,1,27,0,10,41,2,53,0,17,60,3,80,108,0,108,188
08/24/2020,GMU,SC,ASO,ES,Federal Contract Tower,0,11,20,0,31,0,2,30,0,32,0,13,50,0,63,66,0,66,129
08/25/2020,GMU,SC,ASO,ES,Federal Contract Tower,0,20,17,0,37,0,6,67,0,73,0,26,84,0,110,64,4,68,178
08/26/2020,GMU,SC,ASO,ES,Federal Contract Tower,0,16,13,1,30,0,26,134,0,160,0,42,147,1,190,66,0,66,256
08/27/2020,GMU,SC,ASO,ES,Federal Contract Tower,0,21,19,0,40,0,10,122,9,141,0,31,141,9,181,48,2,50,231
08/28/2020,GMU,SC,ASO,ES,Federal Contract Tower,0,17,24,0,41,0,20,95,0,115,0,37,119,0,156,100,0,100,256
08/29/2020,GMU,SC,ASO,ES,Federal Contract Tower,0,5,12,0,17,0,4,17,0,21,0,9,29,0,38,4,0,4,42
08/30/2020,GMU,SC,ASO,ES,Federal Contract Tower,0,20,20,0,40,0,3,93,2,98,0,23,113,2,138,30,0,30,168
08/31/2020,GMU,SC,ASO,ES,Federal Contract Tower,0,15,16,3,34,0,10,32,0,42,0,25,48,3,76,24,0,24,100
09/01/2020,GMU,SC,ASO,ES,Federal Contract Tower,0,15,23,3,41,0,9,76,0,85,0,24,99,3,126,68,0,68,194
09/02/2020,GMU,SC,ASO,ES,Federal Contract Tower,0,26,25,0,51,0,23,111,0,134,0,49,136,0,185,78,0,78,263
09/03/2020,GMU,SC,ASO,ES,Federal Contract Tower,0,15,23,0,38,0,18,130,6,154,0,33,153,6,192,44,0,44,236
09/04/2020,GMU,SC,ASO,ES,Federal Contract Tower,0,16,23,0,39,0,17,128,0,145,0,33,151,0,184,108,0,108,292
09/05/2020,GMU,SC,ASO,ES,Federal Contract Tower,0,10,20,0,30,0,5,105,0,110,0,15,125,0,140,56,0,56,196
09/06/2020,GMU,SC,ASO,ES,Federal Contract Tower,0,4,21,0,25,0,11,83,0,94,0,15,104,0,119,58,0,58,177
09/07/2020,GMU,SC,ASO,ES,Federal Contract Tower,0,9,29,0,38,0,5,131,0,136,0,14,160,0,174,18,0,18,192
09/08/2020,GMU,SC,ASO,ES,Federal Contract Tower,0,16,14,0,30,0,8,99,4,111,0,24,113,4,141,54,0,54,195
09/09/2020,GMU,SC,ASO,ES,Federal Contract Tower,0,22,25,0,47,0,13,38,2,53,0,35,63,2,100,96,0,96,196
09/10/2020,GMU,SC,ASO,ES,Federal Contract Tower,0,17,19,0,36,0,7,43,2,52,0,24,62,2,88,40,0,40,128
09/11/2020,GMU,SC,ASO,ES,Federal Contract Tower,0,29,16,0,45,0,16,101,2,119,0,45,117,2,164,104,0,104,268
09/12/2020,GMU,SC,ASO,ES,Federal Contract Tower,0,18,9,0,27,0,1,4,0,5,0,19,13,0,32,0,0,0,32
09/13/2020,GMU,SC,ASO,ES,Federal Contract Tower,0,11,16,0,27,0,0,21,2,23,0,11,37,2,50,22,0,22,72
09/14/2020,GMU,SC,ASO,ES,Federal Contract Tower,0,19,14,0,33,0,26,92,2,120,0,45,106,2,153,74,0,74,227
09/15/2020,GMU,SC,ASO,ES,Federal Contract Tower,0,26,20,0,46,0,15,89,4,108,0,41,109,4,154,40,0,40,194
09/16/2020,GMU,SC,ASO,ES,Federal Contract Tower,0,27,13,0,40,0,18,77,0,95,0,45,90,0,135,116,0,116,251
09/17/2020,GMU,SC,ASO,ES,Federal Contract Tower,0,19,3,0,22,0,0,0,0,0,0,19,3,0,22,0,0,0,22
09/18/2020,GMU,SC,ASO,ES,Federal Contract Tower,0,12,12,0,24,0,14,89,0,103,0,26,101,0,127,122,0,122,249
09/19/2020,GMU,SC,ASO,ES,Federal Contract Tower,0,0,21,0,21,0,8,64,2,74,0,8,85,2,95,4,0,4,99
09/20/2020,GMU,SC,ASO,ES,Federal Contract Tower,0,23,14,0,37,0,7,49,2,58,0,30,63,2,95,30,0,30,125
09/21/2020,GMU,SC,ASO,ES,Federal Contract Tower,0,13,24,0,37,0,19,78,0,97,0,32,102,0,134,44,0,44,178
09/22/2020,GMU,SC,ASO,ES,Federal Contract Tower,0,20,22,0,42,0,19,130,1,150,0,39,152,1,192,100,0,100,292
09/23/2020,GMU,SC,ASO,ES,Federal Contract Tower,0,27,26,0,53,0,28,137,3,168,0,55,163,3,221,18,0,18,239
09/24/2020,GMU,SC,ASO,ES,Federal Contract Tower,0,22,13,0,35,0,19,56,4,79,0,41,69,4,114,76,0,76,190
09/25/2020,GMU,SC,ASO,ES,Federal Contract Tower,0,15,30,0,45,0,2,0,0,2,0,17,30,0,47,0,0,0,47
09/26/2020,GMU,SC,ASO,ES,Federal Contract Tower,0,11,30,0,41,0,14,16,0,30,0,25,46,0,71,24,0,24,95
09/27/2020,GMU,SC,ASO,ES,Federal Contract Tower,0,21,33,0,54,0,7,21,0,28,0,28,54,0,82,38,0,38,120
09/28/2020,GMU,SC,ASO,ES,Federal Contract Tower,0,19,25,0,44,0,13,51,0,64,0,32,76,0,108,84,0,84,192
09/29/2020,GMU,SC,ASO,ES,Federal Contract Tower,0,11,10,0,21,0,7,0,0,7,0,18,10,0,28,0,0,0,28
09/30/2020,GMU,SC,ASO,ES,Federal Contract Tower,0,14,20,1,35,0,15,137,1,153,0,29,157,2,188,78,10,88,276
10/01/2020,GMU,SC,ASO,ES,Federal Contract Tower,0,14,22,0,36,0,17,173,0,190,0,31,195,0,226,46,0,46,272
10/02/2020,GMU,SC,ASO,ES,Federal Contract Tower,0,23,27,0,50,0,18,158,0,176,0,41,185,0,226,98,0,98,324
10/03/2020,GMU,SC,ASO,ES,Federal Contract Tower,0,3,26,0,29,0,19,129,1,149,0,22,155,1,178,56,0,56,234
10/04/2020,GMU,SC,ASO,ES,Federal Contract Tower,0,7,31,0,38,0,4,80,0,84,0,11,111,0,122,38,0,38,160
10/05/2020,GMU,SC,ASO,ES,Federal Contract Tower,0,7,22,0,29,0,22,117,0,139,0,29,139,0,168,48,0,48,216
10/06/2020,GMU,SC,ASO,ES,Federal Contract Tower,0,12,11,0,23,0,18,143,0,161,0,30,154,0,184,40,0,40,224
10/07/2020,GMU,SC,ASO,ES,Federal Contract Tower,0,23,26,0,49,0,33,127,0,160,0,56,153,0,209,66,2,68,277
10/08/2020,GMU,SC,ASO,ES,Federal Contract Tower,0,18,24,0,42,0,23,155,4,182,0,41,179,4,224,76,0,76,300
10/09/2020,GMU,SC,ASO,ES,Federal Contract Tower,0,16,32,0,48,0,7,106,0,113,0,23,138,0,161,122,0,122,283
10/10/2020,GMU,SC,ASO,ES,Federal Contract Tower,0,7,8,0,15,0,0,0,0,0,0,7,8,0,15,0,0,0,15
10/11/2020,GMU,SC,ASO,ES,Federal Contract Tower,0,16,17,0,33,0,0,0,0,0,0,16,17,0,33,0,0,0,33
10/12/2020,GMU,SC,ASO,ES,Federal Contract Tower,0,15,37,0,52,0,8,55,0,63,0,23,92,0,115,158,0,158,273
10/13/2020,GMU,SC,ASO,ES,Federal Contract Tower,0,10,25,0,35,0,14,123,0,137,0,24,148,0,172,70,2,72,244
10/14/2020,GMU,SC,ASO,ES,Federal Contract Tower,0,23,31,0,54,0,15,142,1,158,0,38,173,1,212,82,0,82,294
10/15/2020,GMU,SC,ASO,ES,Federal Contract Tower,0,22,27,1,50,0,10,9,0,19,0,32,36,1,69,0,0,0,69
10/16/2020,GMU,SC,ASO,ES,Federal Contract Tower,0,22,36,0,58,0,14,109,2,125,0,36,145,2,183,36,16,52,235
10/17/2020,GMU,SC,ASO,ES,Federal Contract Tower,0,10,20,0,30,0,5,132,2,139,0,15,152,2,169,30,0,30,199
10/18/2020,GMU,SC,ASO,ES,Federal Contract Tower,0,26,20,0,46,0,22,98,0,120,0,48,118,0,166,64,0,64,230
10/19/2020,GMU,SC,ASO,ES,Federal Contract Tower,0,15,25,3,43,0,14,127,7,148,0,29,152,10,191,88,0,88,279
10/20/2020,GMU,SC,ASO,ES,Federal Contract Tower,0,18,30,2,50,0,14,117,0,131,0,32,147,2,181,58,0,58,239
10/21/2020,GMU,SC,ASO,ES,Federal Contract Tower,0,15,33,0,48,0,15,86,0,101,0,30,119,0,149,26,0,26,175
10/22/2020,GMU,SC,ASO,ES,Federal Contract Tower,0,22,25,0,47,0,28,98,5,131,0,50,123,5,178,84,6,90,268
10/23/2020,GMU,SC,ASO,ES,Federal Contract Tower,0,19,39,0,58,0,28,114,2,144,0,47,153,2,202,62,0,62,264
10/24/2020,GMU,SC,ASO,ES,Federal Contract Tower,0,9,19,0,28,0,5,74,6,85,0,14,93,6,113,24,0,24,137
10/25/2020,GMU,SC,ASO,ES,Federal Contract Tower,0,18,16,0,34,0,0,0,0,0,0,18,16,0,34,0,0,0,34
10/26/2020,GMU,SC,ASO,ES,Federal Contract Tower,0,19,34,0,53,0,13,26,0,39,0,32,60,0,92,58,0,58,150
10/27/2020,GMU,SC,ASO,ES,Federal Contract Tower,0,22,27,0,49,0,5,50,1,56,0,27,77,1,105,70,0,70,175
10/28/2020,GMU,SC,ASO,ES,Federal Contract Tower,0,21,20,0,41,0,0,0,0,0,0,21,20,0,41,0,0,0,41
10/29/2020,GMU,SC,ASO,ES,Federal Contract Tower,0,10,1,0,11,0,15,0,0,15,0,25,1,0,26,0,0,0,26
10/30/2020,GMU,SC,ASO,ES,Federal Contract Tower,0,14,25,0,39,0,20,96,0,116,0,34,121,0,155,66,0,66,221
10/31/2020,GMU,SC,ASO,ES,Federal Contract Tower,0,2,20,1,23,0,5,111,0,116,0,7,131,1,139,48,0,48,187
11/01/2020,GMU,SC,ASO,ES,Federal Contract Tower,0,6,19,0,25,0,1,29,0,30,0,7,48,0,55,34,0,34,89
11/02/2020,GMU,SC,ASO,ES,Federal Contract Tower,0,8,24,0,32,0,20,92,1,113,0,28,116,1,145,50,0,50,195
11/03/2020,GMU,SC,ASO,ES,Federal Contract Tower,0,13,10,0,23,0,21,99,2,122,0,34,109,2,145,138,2,140,285
11/04/2020,GMU,SC,ASO,ES,Federal Contract Tower,0,17,28,2,47,0,17,134,2,153,0,34,162,4,200,144,0,144,344
11/05/2020,GMU,SC,ASO,ES,Federal Contract Tower,0,23,27,0,50,0,17,107,2,126,0,40,134,2,176,96,0,96,272
11/06/2020,GMU,SC,ASO,ES,Federal Contract Tower,0,24,29,0,53,0,24,139,0,163,0,48,168,0,216,82,0,82,298
11/07/2020,GMU,SC,ASO,ES,Federal Contract Tower,0,9,29,0,38,0,8,56,4,68,0,17,85,4,106,106,0,106,212
11/08/2020,GMU,SC,ASO,ES,Federal Contract Tower,0,12,30,0,42,0,2,33,0,35,0,14,63,0,77,62,0,62,139
11/09/2020,GMU,SC,ASO,ES,Federal Contract Tower,0,21,21,0,42,0,28,35,0,63,0,49,56,0,105,54,0,54,159
11/10/2020,GMU,SC,ASO,ES,Federal Contract Tower,0,28,19,0,47,0,2,0,0,2,0,30,19,0,49,0,0,0,49
11/11/2020,GMU,SC,ASO,ES,Federal Contract Tower,0,25,10,0,35,0,3,4,0,7,0,28,14,0,42,22,0,22,64
11/12/2020,GMU,SC,ASO,ES,Federal Contract Tower,0,24,8,0,32,0,9,15,0,24,0,33,23,0,56,42,0,42,98
11/13/2020,GMU,SC,ASO,ES,Federal Contract Tower,0,29,26,0,55,0,24,108,0,132,0,53,134,0,187,78,0,78,265
11/14/2020,GMU,SC,ASO,ES,Federal Contract Tower,0,6,28,0,34,0,11,122,0,133,0,17,150,0,167,42,0,42,209
11/15/2020,GMU,SC,ASO,ES,Federal Contract Tower,0,9,22,0,31,0,4,6,0,10,0,13,28,0,41,0,0,0,41
11/16/2020,GMU,SC,ASO,ES,Federal Contract Tower,0,16,19,0,35,0,16,97,0,113,0,32,116,0,148,72,0,72,220
11/17/2020,GMU,SC,ASO,ES,Federal Contract Tower,0,12,18,0,30,0,18,79,2,99,0,30,97,2,129,62,0,62,191
11/18/2020,GMU,SC,ASO,ES,Federal Contract Tower,0,23,16,0,39,0,11,126,4,141,0,34,142,4,180,22,2,24,204
11/19/2020,GMU,SC,ASO,ES,Federal Contract Tower,0,26,28,0,54,0,23,112,0,135,0,49,140,0,189,56,0,56,245
11/20/2020,GMU,SC,ASO,ES,Federal Contract Tower,0,17,29,5,51,0,32,144,5,181,0,49,173,10,232,92,0,92,324
11/21/2020,GMU,SC,ASO,ES,Federal Contract Tower,0,13,30,1,44,0,11,119,1,131,0,24,149,2,175,68,0,68,243
11/22/2020,GMU,SC,ASO,ES,Federal Contract Tower,0,5,14,0,19,0,2,60,0,62,0,7,74,0,81,38,0,38,119
11/23/2020,GMU,SC,ASO,ES,Federal Contract Tower,0,17,16,0,33,0,25,69,2,96,0,42,85,2,129,26,14,40,169
11/24/2020,GMU,SC,ASO,ES,Federal Contract Tower,0,16,16,0,32,0,12,112,0,124,0,28,128,0,156,92,0,92,248
11/25/2020,GMU,SC,ASO,ES,Federal Contract Tower,0,12,25,0,37,0,5,19,0,24,0,17,44,0,61,20,0,20,81
11/26/2020,GMU,SC,ASO,ES,Federal Contract Tower,0,2,8,0,10,0,10,7,0,17,0,12,15,0,27,0,0,0,27
11/27/2020,GMU,SC,ASO,ES,Federal Contract Tower,0,5,26,0,31,0,11,92,3,106,0,16,118,3,137,78,0,78,215
11/28/2020,GMU,SC,ASO,ES,Federal Contract Tower,0,8,6,0,14,0,3,88,2,93,0,11,94,2,107,50,0,50,157
11/29/2020,GMU,SC,ASO,ES,Federal Contract Tower,0,20,14,0,34,0,5,16,0,21,0,25,30,0,55,30,0,30,85
11/30/2020,GMU,SC,ASO,ES,Federal Contract Tower,0,11,9,0,20,0,9,16,0,25,0,20,25,0,45,16,0,16,61
12/01/2020,GMU,SC,ASO,ES,Federal Contract Tower,0,19,6,0,25,0,10,82,0,92,0,29,88,0,117,32,4,36,153
12/02/2020,GMU,SC,ASO,ES,Federal Contract Tower,0,11,13,0,24,0,14,101,4,119,0,25,114,4,143,20,0,20,163
12/03/2020,GMU,SC,ASO,ES,Federal Contract Tower,0,22,7,0,29,0,9,127,2,138,0,31,134,2,167,36,0,36,203
12/04/2020,GMU,SC,ASO,ES,Federal Contract Tower,0,14,20,0,34,0,6,3,0,9,0,20,23,0,43,48,0,48,91
12/05/2020,GMU,SC,ASO,ES,Federal Contract Tower,0,4,6,0,10,0,4,95,2,101,0,8,101,2,111,70,0,70,181
12/06/2020,GMU,SC,ASO,ES,Federal Contract Tower,0,4,17,0,21,0,1,68,0,69,0,5,85,0,90,67,0,67,157
12/07/2020,GMU,SC,ASO,ES,Federal Contract Tower,0,28,15,0,43,0,14,72,0,86,0,42,87,0,129,24,0,24,153
12/08/2020,GMU,SC,ASO,ES,Federal Contract Tower,0,13,10,0,23,0,21,104,3,128,0,34,114,3,151,52,0,52,203
12/09/2020,GMU,SC,ASO,ES,Federal Contract Tower,0,21,26,0,47,0,18,105,1,124,0,39,131,1,171,26,2,28,199
12/10/2020,GMU,SC,ASO,ES,Federal Contract Tower,0,31,21,1,53,0,11,101,6,118,0,42,122,7,171,38,0,38,209
12/11/2020,GMU,SC,ASO,ES,Federal Contract Tower,0,22,24,0,46,0,18,107,2,127,0,40,131,2,173,42,0,42,215
12/12/2020,GMU,SC,ASO,ES,Federal Contract Tower,0,7,23,0,30,0,16,79,2,97,0,23,102,2,127,64,0,64,191
12/13/2020,GMU,SC,ASO,ES,Federal Contract Tower,0,10,19,0,29,0,13,54,0,67,0,23,73,0,96,38,0,38,134
12/14/2020,GMU,SC,ASO,ES,Federal Contract Tower,0,13,3,0,16,0,25,23,0,48,0,38,26,0,64,0,0,0,64
12/15/2020,GMU,SC,ASO,ES,Federal Contract Tower,0,14,20,1,35,0,25,114,1,140,0,39,134,2,175,8,0,8,183
12/16/2020,GMU,SC,ASO,ES,Federal Contract Tower,0,15,4,0,19,0,0,0,0,0,0,15,4,0,19,0,0,0,19
12/17/2020,GMU,SC,ASO,ES,Federal Contract Tower,0,23,19,0,42,0,12,43,2,57,0,35,62,2,99,64,2,66,165
12/18/2020,GMU,SC,ASO,ES,Federal Contract Tower,0,15,19,1,35,0,15,180,2,197,0,30,199,3,232,30,0,30,262
12/19/2020,GMU,SC,ASO,ES,Federal Contract Tower,0,18,26,0,44,0,27,115,0,142,0,45,141,0,186,48,0,48,234
12/20/2020,GMU,SC,ASO,ES,Federal Contract Tower,0,11,12,0,23,0,6,16,0,22,0,17,28,0,45,0,0,0,45
12/21/2020,GMU,SC,ASO,ES,Federal Contract Tower,0,13,14,0,27,0,10,58,0,68,0,23,72,0,95,44,0,44,139
12/22/2020,GMU,SC,ASO,ES,Federal Contract Tower,0,21,15,0,36,0,27,148,2,177,0,48,163,2,213,16,0,16,229
12/23/2020,GMU,SC,ASO,ES,Federal Contract Tower,0,16,26,0,42,0,16,91,0,107,0,32,117,0,149,64,0,64,213
12/24/2020,GMU,SC,ASO,ES,Federal Contract Tower,0,6,4,0,10,0,0,0,0,0,0,6,4,0,10,0,0,0,10
12/25/2020,GMU,SC,ASO,ES,Federal Contract Tower,0,0,1,0,1,0,0,2,0,2,0,0,3,0,3,0,0,0,3
12/26/2020,GMU,SC,ASO,ES,Federal Contract Tower,0,8,11,0,19,0,2,71,0,73,0,10,82,0,92,2,0,2,94
12/27/2020,GMU,SC,ASO,ES,Federal Contract Tower,0,14,21,0,35,0,10,74,0,84,0,24,95,0,119,32,0,32,151
12/28/2020,GMU,SC,ASO,ES,Federal Contract Tower,0,8,6,0,14,0,8,120,0,128,0,16,126,0,142,88,0,88,230
12/29/2020,GMU,SC,ASO,ES,Federal Contract Tower,0,12,33,0,45,0,12,90,0,102,0,24,123,0,147,50,0,50,197
12/30/2020,GMU,SC,ASO,ES,Federal Contract Tower,0,24,19,0,43,0,4,20,0,24,0,28,39,0,67,30,0,30,97
12/31/2020,GMU,SC,ASO,ES,Federal Contract Tower,0,8,3,0,11,0,0,0,0,0,0,8,3,0,11,0,0,0,11
01/01/2021,GMU,SC,ASO,ES,Federal Contract Tower,0,4,2,0,6,0,0,0,0,0,0,4,2,0,6,0,0,0,6
01/02/2021,GMU,SC,ASO,ES,Federal Contract Tower,0,5,14,0,19,0,0,30,0,30,0,5,44,0,49,36,0,36,85
01/03/2021,GMU,SC,ASO,ES,Federal Contract Tower,0,16,20,0,36,0,4,72,0,76,0,20,92,0,112,2,0,2,114
01/04/2021,GMU,SC,ASO,ES,Federal Contract Tower,0,13,11,1,25,0,19,99,11,129,0,32,110,12,154,58,0,58,212
01/05/2021,GMU,SC,ASO,ES,Federal Contract Tower,0,17,14,0,31,0,19,99,0,118,0,36,113,0,149,87,0,87,236
01/06/2021,GMU,SC,ASO,ES,Federal Contract Tower,0,17,29,0,46,0,17,100,0,117,0,34,129,0,163,82,0,82,245
01/07/2021,GMU,SC,ASO,ES,Federal Contract Tower,0,17,11,0,28,0,5,69,0,74,0,22,80,0,102,48,0,48,150
01/08/2021,GMU,SC,ASO,ES,Federal Contract Tower,0,12,0,0,12,0,0,0,0,0,0,12,0,0,12,0,0,0,12
01/09/2021,GMU,SC,ASO,ES,Federal Contract Tower,0,8,26,0,34,0,11,116,0,127,0,19,142,0,161,42,0,42,203
01/10/2021,GMU,SC,ASO,ES,Federal Contract Tower,0,12,20,0,32,0,3,81,0,84,0,15,101,0,116,24,0,24,140
01/11/2021,GMU,SC,ASO,ES,Federal Contract Tower,0,18,4,0,22,0,8,24,0,32,0,26,28,0,54,48,0,48,102
01/12/2021,GMU,SC,ASO,ES,Federal Contract Tower,0,26,16,0,42,0,15,71,0,86,0,41,87,0,128,98,0,98,226
01/13/2021,GMU,SC,ASO,ES,Federal Contract Tower,0,15,23,0,38,0,13,78,0,91,0,28,101,0,129,84,0,84,213
01/14/2021,GMU,SC,ASO,ES,Federal Contract Tower,0,21,14,0,35,0,10,91,0,101,0,31,105,0,136,48,0,48,184
01/15/2021,GMU,SC,ASO,ES,Federal Contract Tower,0,12,15,0,27,0,8,40,0,48,0,20,55,0,75,14,0,14,89
01/16/2021,GMU,SC,ASO,ES,Federal Contract Tower,0,15,7,0,22,0,6,64,2,72,0,21,71,2,94,20,0,20,114
01/17/2021,GMU,SC,ASO,ES,Federal Contract Tower,0,16,11,0,27,0,5,64,0,69,0,21,75,0,96,10,0,10,106
01/18/2021,GMU,SC,ASO,ES,Federal Contract Tower,0,13,11,0,24,0,16,73,0,89,0,29,84,0,113,74,0,74,187
01/19/2021,GMU,SC,ASO,ES,Federal Contract Tower,0,12,14,0,26,0,15,81,0,96,0,27,95,0,122,12,0,12,134
01/20/2021,GMU,SC,ASO,ES,Federal Contract Tower,0,12,15,0,27,0,26,123,0,149,0,38,138,0,176,62,0,62,238
01/21/2021,GMU,SC,ASO,ES,Federal Contract Tower,0,29,16,0,45,0,8,50,0,58,0,37,66,0,103,18,0,18,121
01/22/2021,GMU,SC,ASO,ES,Federal Contract Tower,0,11,19,0,30,0,21,135,8,164,0,32,154,8,194,100,0,100,294
01/23/2021,GMU,SC,ASO,ES,Federal Contract Tower,0,18,35,0,53,0,20,183,2,205,0,38,218,2,258,62,0,62,320
01/24/2021,GMU,SC,ASO,ES,Federal Contract Tower,0,14,12,0,26,0,6,92,2,100,0,20,104,2,126,38,0,38,164
01/25/2021,GMU,SC,ASO,ES,Federal Contract Tower,0,8,4,0,12,0,0,0,0,0,0,8,4,0,12,0,0,0,12
01/26/2021,GMU,SC,ASO,ES,Federal Contract Tower,0,8,13,0,21,0,10,35,0,45,0,18,48,0,66,102,0,102,168
01/27/2021,GMU,SC,ASO,ES,Federal Contract Tower,0,13,12,0,25,0,9,45,0,54,0,22,57,0,79,64,0,64,143
01/28/2021,GMU,SC,ASO,ES,Federal Contract Tower,0,16,14,0,30,0,12,72,4,88,0,28,86,4,118,2,2,4,122
01/29/2021,GMU,SC,ASO,ES,Federal Contract Tower,0,17,23,0,40,0,19,149,0,168,0,36,172,0,208,84,0,84,292
01/30/2021,GMU,SC,ASO,ES,Federal Contract Tower,0,13,25,0,38,0,4,120,0,124,0,17,145,0,162,50,0,50,212
01/31/2021,GMU,SC,ASO,ES,Federal Contract Tower,0,8,6,0,14,0,0,0,0,0,0,8,6,0,14,0,0,0,14
02/01/2021,GMU,SC,ASO,ES,Federal Contract Tower,0,15,7,0,22,0,16,49,8,73,0,31,56,8,95,50,0,50,145
02/02/2021,GMU,SC,ASO,ES,Federal Contract Tower,0,13,18,0,31,0,15,65,1,81,0,28,83,1,112,24,0,24,136
02/03/2021,GMU,SC,ASO,ES,Federal Contract Tower,0,37,18,0,55,0,10,106,4,120,0,47,124,4,175,94,2,96,271
02/04/2021,GMU,SC,ASO,ES,Federal Contract Tower,0,17,18,0,35,0,13,109,0,122,0,30,127,0,157,46,0,46,203
02/05/2021,GMU,SC,ASO,ES,Federal Contract Tower,0,11,16,0,27,0,7,68,0,75,0,18,84,0,102,22,0,22,124
02/06/2021,GMU,SC,ASO,ES,Federal Contract Tower,0,9,9,2,20,0,7,99,0,106,0,16,108,2,126,60,0,60,186
02/07/2021,GMU,SC,ASO,ES,Federal Contract Tower,0,9,15,0,24,0,6,37,0,43,0,15,52,0,67,12,0,12,79
02/08/2021,GMU,SC,ASO,ES,Federal Contract Tower,0,14,23,0,37,0,15,103,0,118,0,29,126,0,155,92,0,92,247
02/09/2021,GMU,SC,ASO,ES,Federal Contract Tower,0,14,16,0,30,0,14,103,0,117,0,28,119,0,147,116,2,118,265
02/10/2021,GMU,SC,ASO,ES,Federal Contract Tower,0,25,19,0,44,0,13,97,2,112,0,38,116,2,156,18,0,18,174
02/11/2021,GMU,SC,ASO,ES,Federal Contract Tower,0,27,5,0,32,0,0,0,0,0,0,27,5,0,32,0,0,0,32
02/12/2021,GMU,SC,ASO,ES,Federal Contract Tower,0,20,9,0,29,0,0,0,0,0,0,20,9,0,29,0,0,0,29
02/13/2021,GMU,SC,ASO,ES,Federal Contract Tower,0,7,0,0,7,0,0,0,0,0,0,7,0,0,7,0,0,0,7
02/14/2021,GMU,SC,ASO,ES,Federal Contract Tower,0,5,7,0,12,0,0,0,0,0,0,5,7,0,12,0,0,0,12
02/15/2021,GMU,SC,ASO,ES,Federal Contract Tower,0,14,4,0,18,0,0,0,0,0,0,14,4,0,18,0,0,0,18
02/16/2021,GMU,SC,ASO,ES,Federal Contract Tower,0,7,11,2,20,0,8,45,4,57,0,15,56,6,77,28,0,28,105
02/17/2021,GMU,SC,ASO,ES,Federal Contract Tower,0,21,34,0,55,0,21,116,0,137,0,42,150,0,192,74,0,74,266
02/18/2021,GMU,SC,ASO,ES,Federal Contract Tower,0,13,3,0,16,0,0,0,0,0,0,13,3,0,16,0,0,0,16
02/19/2021,GMU,SC,ASO,ES,Federal Contract Tower,0,20,32,0,52,0,18,110,0,128,0,38,142,0,180,200,0,200,380
02/20/2021,GMU,SC,ASO,ES,Federal Contract Tower,0,13,31,0,44,0,20,148,6,174,0,33,179,6,218,60,0,60,278
02/21/2021,GMU,SC,ASO,ES,Federal Contract Tower,0,16,22,0,38,0,6,113,0,119,0,22,135,0,157,66,0,66,223
02/22/2021,GMU,SC,ASO,ES,Federal Contract Tower,0,13,10,0,23,0,10,21,0,31,0,23,31,0,54,6,0,6,60
02/23/2021,GMU,SC,ASO,ES,Federal Contract Tower,0,11,17,2,30,0,21,103,0,124,0,32,120,2,154,57,0,57,211
02/24/2021,GMU,SC,ASO,ES,Federal Contract Tower,0,30,12,0,42,0,38,117,3,158,0,68,129,3,200,34,0,34,234
02/25/2021,GMU,SC,ASO,ES,Federal Contract Tower,0,20,22,0,42,0,17,179,3,199,0,37,201,3,241,106,0,106,347
02/26/2021,GMU,SC,ASO,ES,Federal Contract Tower,0,21,5,0,26,0,0,2,0,2,0,21,7,0,28,0,0,0,28
02/27/2021,GMU,SC,ASO,ES,Federal Contract Tower,0,19,18,0,37,0,0,26,0,26,0,19,44,0,63,18,0,18,81
02/28/2021,GMU,SC,ASO,ES,Federal Contract Tower,0,14,25,0,39,0,3,20,0,23,0,17,45,0,62,42,0,42,104
03/01/2021,GMU,SC,ASO,ES,Federal Contract Tower,0,15,9,0,24,0,9,32,0,41,0,24,41,0,65,26,0,26,91
03/02/2021,GMU,SC,ASO,ES,Federal Contract Tower,0,21,18,0,39,0,19,92,0,111,0,40,110,0,150,60,0,60,210
03/03/2021,GMU,SC,ASO,ES,Federal Contract Tower,0,33,28,2,63,0,19,94,2,115,0,52,122,4,178,104,4,108,286
03/04/2021,GMU,SC,ASO,ES,Federal Contract Tower,0,27,18,0,45,0,25,145,0,170,0,52,163,0,215,84,0,84,299
03/05/2021,GMU,SC,ASO,ES,Federal Contract Tower,0,13,27,0,40,0,15,130,1,146,0,28,157,1,186,32,0,32,218
03/06/2021,GMU,SC,ASO,ES,Federal Contract Tower,0,15,5,0,20,0,6,134,0,140,0,21,139,0,160,66,0,66,226
03/07/2021,GMU,SC,ASO,ES,Federal Contract Tower,0,18,27,0,45,0,6,93,0,99,0,24,120,0,144,12,0,12,156
03/08/2021,GMU,SC,ASO,ES,Federal Contract Tower,0,13,18,0,31,0,34,127,1,162,0,47,145,1,193,100,0,100,293
03/09/2021,GMU,SC,ASO,ES,Federal Contract Tower,0,15,25,2,42,0,14,108,4,126,0,29,133,6,168,70,0,70,238
03/11/2021,GMU,SC,ASO,ES,Federal Contract Tower,0,17,11,0,28,0,26,121,0,147,0,43,132,0,175,44,0,44,219
03/12/2021,GMU,SC,ASO,ES,Federal Contract Tower,0,15,25,1,41,0,18,137,3,158,0,33,162,4,199,68,0,68,267
03/13/2021,GMU,SC,ASO,ES,Federal Contract Tower,0,10,18,0,28,0,17,99,0,116,0,27,117,0,144,66,0,66,210
03/14/2021,GMU,SC,ASO,ES,Federal Contract Tower,0,12,32,1,45,0,6,87,2,95,0,18,119,3,140,56,4,60,200
03/15/2021,GMU,SC,ASO,ES,Federal Contract Tower,0,13,11,0,24,0,8,79,1,88,0,21,90,1,112,90,0,90,202
03/16/2021,GMU,SC,ASO,ES,Federal Contract Tower,0,23,6,0,29,0,0,0,0,0,0,23,6,0,29,0,0,0,29
03/17/2021,GMU,SC,ASO,ES,Federal Contract Tower,0,17,11,0,28,0,0,0,0,0,0,17,11,0,28,0,0,0,28
03/18/2021,GMU,SC,ASO,ES,Federal Contract Tower,0,17,7,0,24,0,12,2,0,14,0,29,9,0,38,22,0,22,60
03/19/2021,GMU,SC,ASO,ES,Federal Contract Tower,0,26,19,0,45,0,26,58,4,88,0,52,77,4,133,48,0,48,181
03/20/2021,GMU,SC,ASO,ES,Federal Contract Tower,0,13,16,0,29,0,8,80,0,88,0,21,96,0,117,44,4,48,165
03/21/2021,GMU,SC,ASO,ES,Federal Contract Tower,0,14,19,0,33,0,7,32,2,41,0,21,51,2,74,42,0,42,116
03/22/2021,GMU,SC,ASO,ES,Federal Contract Tower,0,19,27,0,46,0,4,111,0,115,0,23,138,0,161,46,0,46,207
03/23/2021,GMU,SC,ASO,ES,Federal Contract Tower,0,20,20,0,40,0,16,96,0,112,0,36,116,0,152,66,0,66,218
03/24/2021,GMU,SC,ASO,ES,Federal Contract Tower,0,21,24,2,47,0,12,29,0,41,0,33,53,2,88,94,0,94,182
03/25/2021,GMU,SC,ASO,ES,Federal Contract Tower,0,24,8,0,32,0,0,0,0,0,0,24,8,0,32,0,0,0,32
03/26/2021,GMU,SC,ASO,ES,Federal Contract Tower,0,22,22,0,44,0,16,111,0,127,0,38,133,0,171,54,0,54,225
03/27/2021,GMU,SC,ASO,ES,Federal Contract Tower,0,13,24,0,37,0,12,71,1,84,0,25,95,1,121,110,0,110,231
03/28/2021,GMU,SC,ASO,ES,Federal Contract Tower,0,11,4,0,15,0,0,7,0,7,0,11,11,0,22,32,0,32,54
03/29/2021,GMU,SC,ASO,ES,Federal Contract Tower,0,16,13,0,29,0,13,130,3,146,0,29,143,3,175,82,0,82,257
03/30/2021,GMU,SC,ASO,ES,Federal Contract Tower,0,22,19,1,42,0,27,127,1,155,0,49,146,2,197,58,4,62,259
04/01/2021,GMU,SC,ASO,ES,Federal Contract Tower,0,27,19,0,46,0,24,79,0,103,0,51,98,0,149,28,2,30,179
04/02/2021,GMU,SC,ASO,ES,Federal Contract Tower,0,10,37,1,48,0,17,136,2,155,0,27,173,3,203,82,0,82,285
04/03/2021,GMU,SC,ASO,ES,Federal Contract Tower,0,8,23,0,31,0,10,136,0,146,0,18,159,0,177,68,0,68,245
04/04/2021,GMU,SC,ASO,ES,Federal Contract Tower,0,12,10,0,22,0,10,66,0,76,0,22,76,0,98,48,0,48,146
04/05/2021,GMU,SC,ASO,ES,Federal Contract Tower,0,19,11,0,30,0,32,122,0,154,0,51,133,0,184,94,0,94,278
04/06/2021,GMU,SC,ASO,ES,Federal Contract Tower,0,12,18,0,30,0,30,163,0,193,0,42,181,0,223,66,0,66,289
04/07/2021,GMU,SC,ASO,ES,Federal Contract Tower,0,16,18,0,34,0,39,144,2,185,0,55,162,2,219,112,2,114,333
04/08/2021,GMU,SC,ASO,ES,Federal Contract Tower,0,19,24,0,43,0,49,94,0,143,0,68,118,0,186,68,0,68,254
04/09/2021,GMU,SC,ASO,ES,Federal Contract Tower,0,30,19,0,49,0,21,72,0,93,0,51,91,0,142,64,0,64,206
04/10/2021,GMU,SC,ASO,ES,Federal Contract Tower,0,13,10,0,23,0,0,9,0,9,0,13,19,0,32,8,0,8,40
04/11/2021,GMU,SC,ASO,ES,Federal Contract Tower,0,12,21,0,33,0,6,51,0,57,0,18,72,0,90,8,0,8,98
04/12/2021,GMU,SC,ASO,ES,Federal Contract Tower,0,21,10,1,32,0,23,94,0,117,0,44,104,1,149,52,0,52,201
04/13/2021,GMU,SC,ASO,ES,Federal Contract Tower,0,27,23,0,50,0,17,121,0,138,0,44,144,0,188,24,0,24,212
04/15/2021,GMU,SC,ASO,ES,Federal Contract Tower,0,27,25,0,52,0,24,88,0,112,0,51,113,0,164,70,0,70,234
04/16/2021,GMU,SC,ASO,ES,Federal Contract Tower,0,21,20,0,41,0,27,138,2,167,0,48,158,2,208,104,6,110,318
04/17/2021,GMU,SC,ASO,ES,Federal Contract Tower,0,8,15,0,23,0,13,101,1,115,0,21,116,1,138,82,0,82,220
04/18/2021,GMU,SC,ASO,ES,Federal Contract Tower,0,17,30,0,47,0,14,89,2,105,0,31,119,2,152,64,0,64,216
04/19/2021,GMU,SC,ASO,ES,Federal Contract Tower,0,13,19,0,32,0,23,121,0,144,0,36,140,0,176,46,0,46,222
04/20/2021,GMU,SC,ASO,ES,Federal Contract Tower,0,12,16,2,30,0,31,111,2,144,0,43,127,4,174,66,0,66,240
04/21/2021,GMU,SC,ASO,ES,Federal Contract Tower,0,20,8,0,28,0,25,41,1,67,0,45,49,1,95,46,0,46,141
04/22/2021,GMU,SC,ASO,ES,Federal Contract Tower,0,19,23,1,43,0,29,102,0,131,0,48,125,1,174,76,0,76,250
04/23/2021,GMU,SC,ASO,ES,Federal Contract Tower,0,14,22,2,38,0,14,132,5,151,0,28,154,7,189,104,0,104,293
04/24/2021,GMU,SC,ASO,ES,Federal Contract Tower,0,9,2,0,11,0,0,0,0,0,0,9,2,0,11,28,0,28,39
04/25/2021,GMU,SC,ASO,ES,Federal Contract Tower,0,12,17,0,29,0,8,83,2,93,0,20,100,2,122,32,0,32,154
04/26/2021,GMU,SC,ASO,ES,Federal Contract Tower,0,18,22,0,40,0,11,152,6,169,0,29,174,6,209,182,0,182,391
04/27/2021,GMU,SC,ASO,ES,Federal Contract Tower,0,15,20,1,36,0,11,115,9,135,0,26,135,10,171,84,0,84,255
04/28/2021,GMU,SC,ASO,ES,Federal Contract Tower,0,34,23,2,59,0,30,97,0,127,0,64,120,2,186,70,0,70,256
04/29/2021,GMU,SC,ASO,ES,Federal Contract Tower,0,26,18,0,44,0,19,69,0,88,0,45,87,0,132,48,0,48,180
04/30/2021,GMU,SC,ASO,ES,Federal Contract Tower,0,22,21,0,43,0,12,104,0,116,0,34,125,0,159,68,0,68,227
05/01/2021,GMU,SC,ASO,ES,Federal Contract Tower,0,17,21,2,40,0,18,173,1,192,0,35,194,3,232,150,0,150,382
05/02/2021,GMU,SC,ASO,ES,Federal Contract Tower,0,12,24,1,37,0,4,63,1,68,0,16,87,2,105,48,0,48,153
05/03/2021,GMU,SC,ASO,ES,Federal Contract Tower,0,15,10,0,25,0,3,1,0,4,0,18,11,0,29,2,0,2,31
05/04/2021,GMU,SC,ASO,ES,Federal Contract Tower,0,22,6,0,28,0,0,0,0,0,0,22,6,0,28,0,0,0,28
05/05/2021,GMU,SC,ASO,ES,Federal Contract Tower,0,31,16,0,47,0,39,100,0,139,0,70,116,0,186,98,0,98,284
05/06/2021,GMU,SC,ASO,ES,Federal Contract Tower,0,18,25,0,43,0,14,144,2,160,0,32,169,2,203,146,0,146,349
05/07/2021,GMU,SC,ASO,ES,Federal Contract Tower,0,20,23,0,43,0,30,119,0,149,0,50,142,0,192,84,0,84,276
05/08/2021,GMU,SC,ASO,ES,Federal Contract Tower,0,19,13,1,33,0,17,98,1,116,0,36,111,2,149,92,0,92,241
05/09/2021,GMU,SC,ASO,ES,Federal Contract Tower,0,35,9,0,44,0,12,54,0,66,0,47,63,0,110,72,0,72,182
05/10/2021,GMU,SC,ASO,ES,Federal Contract Tower,0,12,11,0,23,0,20,38,6,64,0,32,49,6,87,30,0,30,117
05/11/2021,GMU,SC,ASO,ES,Federal Contract Tower,0,27,29,0,56,0,31,103,0,134,0,58,132,0,190,66,0,66,256
05/12/2021,GMU,SC,ASO,ES,Federal Contract Tower,0,40,14,0,54,0,1,4,0,5,0,41,18,0,59,40,0,40,99
05/13/2021,GMU,SC,ASO,ES,Federal Contract Tower,0,29,24,0,53,0,27,120,2,149,0,56,144,2,202,88,2,90,292
05/14/2021,GMU,SC,ASO,ES,Federal Contract Tower,0,21,20,1,42,0,21,171,5,197,0,42,191,6,239,93,0,93,332
05/15/2021,GMU,SC,ASO,ES,Federal Contract Tower,0,19,22,0,41,0,18,167,0,185,0,37,189,0,226,10,0,10,236
05/16/2021,GMU,SC,ASO,ES,Federal Contract Tower,0,27,33,0,60,0,3,70,0,73,0,30,103,0,133,8,0,8,141
05/17/2021,GMU,SC,ASO,ES,Federal Contract Tower,0,14,20,1,35,0,18,125,1,144,0,32,145,2,179,112,0,112,291
05/18/2021,GMU,SC,ASO,ES,Federal Contract Tower,0,29,22,0,51,0,9,117,8,134,0,38,139,8,185,118,0,118,303
05/19/2021,GMU,SC,ASO,ES,Federal Contract Tower,0,25,23,0,48,0,20,126,4,150,0,45,149,4,198,108,0,108,306
05/20/2021,GMU,SC,ASO,ES,Federal Contract Tower,0,21,20,0,41,0,20,154,2,176,0,41,174,2,217,76,2,78,295
05/21/2021,GMU,SC,ASO,ES,Federal Contract Tower,0,11,37,0,48,0,23,136,0,159,0,34,173,0,207,140,0,140,347
05/22/2021,GMU,SC,ASO,ES,Federal Contract Tower,0,13,19,0,32,0,13,135,0,148,0,26,154,0,180,58,0,58,238
05/23/2021,GMU,SC,ASO,ES,Federal Contract Tower,0,21,26,1,48,0,17,116,2,135,0,38,142,3,183,38,0,38,221
05/24/2021,GMU,SC,ASO,ES,Federal Contract Tower,0,18,15,0,33,0,29,126,2,157,0,47,141,2,190,90,0,90,280
05/25/2021,GMU,SC,ASO,ES,Federal Contract Tower,0,14,16,0,30,0,32,139,0,171,0,46,155,0,201,80,0,80,281
05/26/2021,GMU,SC,ASO,ES,Federal Contract Tower,0,21,19,0,40,0,35,104,2,141,0,56,123,2,181,48,0,48,229
05/27/2021,GMU,SC,ASO,ES,Federal Contract Tower,0,32,31,0,63,0,29,125,7,161,0,61,156,7,224,38,2,40,264
05/28/2021,GMU,SC,ASO,ES,Federal Contract Tower,0,17,29,0,46,0,16,80,0,96,0,33,109,0,142,38,0,38,180
05/29/2021,GMU,SC,ASO,ES,Federal Contract Tower,0,6,14,2,22,0,15,50,0,65,0,21,64,2,87,18,0,18,105
05/30/2021,GMU,SC,ASO,ES,Federal Contract Tower,0,4,22,0,26,0,10,46,0,56,0,14,68,0,82,68,0,68,150
05/31/2021,GMU,SC,ASO,ES,Federal Contract Tower,0,16,26,2,44,0,8,92,0,100,0,24,118,2,144,74,0,74,218
06/01/2021,GMU,SC,ASO,ES,Federal Contract Tower,0,28,20,3,51,0,13,143,0,156,0,41,163,3,207,60,0,60,267
06/02/2021,GMU,SC,ASO,ES,Federal Contract Tower,0,35,25,0,60,0,20,91,2,113,0,55,116,2,173,110,0,110,283
06/03/2021,GMU,SC,ASO,ES,Federal Contract Tower,0,9,14,0,23,0,8,32,0,40,0,17,46,0,63,86,0,86,149
06/04/2021,GMU,SC,ASO,ES,Federal Contract Tower,0,15,46,0,61,0,15,122,12,149,0,30,168,12,210,86,0,86,296
06/05/2021,GMU,SC,ASO,ES,Federal Contract Tower,0,14,16,0,30,0,7,80,0,87,0,21,96,0,117,52,0,52,169
06/06/2021,GMU,SC,ASO,ES,Federal Contract Tower,0,29,25,0,54,0,8,22,0,30,0,37,47,0,84,58,0,58,142
06/07/2021,GMU,SC,ASO,ES,Federal Contract Tower,0,25,14,0,39,0,5,8,0,13,0,30,22,0,52,2,0,2,54
06/08/2021,GMU,SC,ASO,ES,Federal Contract Tower,0,21,27,0,48,0,5,46,0,51,0,26,73,0,99,44,0,44,143
06/09/2021,GMU,SC,ASO,ES,Federal Contract Tower,0,31,17,0,48,0,18,60,2,80,0,49,77,2,128,78,0,78,206
06/10/2021,GMU,SC,ASO,ES,Federal Contract Tower,0,35,35,0,70,0,21,63,2,86,0,56,98,2,156,100,0,100,256
06/11/2021,GMU,SC,ASO,ES,Federal Contract Tower,0,14,27,0,41,0,26,62,2,90,0,40,89,2,131,42,0,42,173
06/12/2021,GMU,SC,ASO,ES,Federal Contract Tower,0,22,17,0,39,0,9,113,0,122,0,31,130,0,161,128,0,128,289
06/13/2021,GMU,SC,ASO,ES,Federal Contract Tower,0,25,47,0,72,0,13,71,0,84,0,38,118,0,156,124,0,124,280
06/14/2021,GMU,SC,ASO,ES,Federal Contract Tower,0,20,17,2,39,0,11,76,4,91,0,31,93,6,130,54,0,54,184
06/15/2021,GMU,SC,ASO,ES,Federal Contract Tower,0,20,23,0,43,0,18,124,10,152,0,38,147,10,195,62,2,64,259
06/16/2021,GMU,SC,ASO,ES,Federal Contract Tower,0,22,29,0,51,0,36,153,1,190,0,58,182,1,241,134,0,134,375
06/17/2021,GMU,SC,ASO,ES,Federal Contract Tower,0,30,18,0,48,0,20,133,6,159,0,50,151,6,207,152,0,152,359
06/18/2021,GMU,SC,ASO,ES,Federal Contract Tower,0,25,22,0,47,0,36,151,1,188,0,61,173,1,235,60,0,60,295
06/19/2021,GMU,SC,ASO,ES,Federal Contract Tower,0,12,20,0,32,0,15,72,2,89,0,27,92,2,121,46,0,46,167
06/20/2021,GMU,SC,ASO,ES,Federal Contract Tower,0,13,8,0,21,0,2,1,0,3,0,15,9,0,24,0,0,0,24
06/21/2021,GMU,SC,ASO,ES,Federal Contract Tower,0,34,6,2,42,0,33,95,3,131,0,67,101,5,173,120,0,120,293
06/22/2021,GMU,SC,ASO,ES,Federal Contract Tower,0,21,12,0,33,0,29,38,0,67,0,50,50,0,100,62,2,64,164
06/23/2021,GMU,SC,ASO,ES,Federal Contract Tower,0,30,16,0,46,0,24,157,3,184,0,54,173,3,230,50,0,50,280
06/24/2021,GMU,SC,ASO,ES,Federal Contract Tower,0,23,31,0,54,0,18,91,0,109,0,41,122,0,163,74,0,74,237
06/25/2021,GMU,SC,ASO,ES,Federal Contract Tower,0,28,20,3,51,0,18,156,4,178,0,46,176,7,229,154,8,162,391
06/26/2021,GMU,SC,ASO,ES,Federal Contract Tower,0,14,21,0,35,0,16,51,0,67,0,30,72,0,102,16,0,16,118
06/27/2021,GMU,SC,ASO,ES,Federal Contract Tower,0,13,30,0,43,0,6,37,0,43,0,19,67,0,86,66,0,66,152
06/28/2021,GMU,SC,ASO,ES,Federal Contract Tower,0,25,18,0,43,0,19,114,4,137,0,44,132,4,180,60,0,60,240
06/29/2021,GMU,SC,ASO,ES,Federal Contract Tower,0,32,13,1,46,0,7,36,3,46,0,39,49,4,92,64,0,64,156
06/30/2021,GMU,SC,ASO,ES,Federal Contract Tower,0,27,8,0,35,0,20,130,2,152,0,47,138,2,187,140,0,140,327
07/01/2021,GMU,SC,ASO,ES,Federal Contract Tower,0,20,18,0,38,0,21,115,0,136,0,41,133,0,174,54,0,54,228
07/02/2021,GMU,SC,ASO,ES,Federal Contract Tower,0,13,17,0,30,0,14,62,0,76,0,27,79,0,106,54,0,54,160
07/03/2021,GMU,SC,ASO,ES,Federal Contract Tower,0,10,17,0,27,0,28,121,0,149,0,38,138,0,176,52,0,52,228
07/04/2021,GMU,SC,ASO,ES,Federal Contract Tower,0,2,6,0,8,0,21,67,0,88,0,23,73,0,96,60,0,60,156
07/05/2021,GMU,SC,ASO,ES,Federal Contract Tower,0,19,23,0,42,0,17,149,2,168,0,36,172,2,210,156,0,156,366
07/06/2021,GMU,SC,ASO,ES,Federal Contract Tower,0,19,21,2,42,0,32,124,5,161,0,51,145,7,203,84,0,84,287
07/07/2021,GMU,SC,ASO,ES,Federal Contract Tower,0,14,15,0,29,0,34,94,0,128,0,48,109,0,157,78,0,78,235
07/08/2021,GMU,SC,ASO,ES,Federal Contract Tower,0,12,9,0,21,0,11,49,0,60,0,23,58,0,81,64,0,64,145
07/09/2021,GMU,SC,ASO,ES,Federal Contract Tower,0,17,19,2,38,0,12,121,0,133,0,29,140,2,171,58,0,58,229
07/10/2021,GMU,SC,ASO,ES,Federal Contract Tower,0,11,23,0,34,0,4,165,2,171,0,15,188,2,205,54,0,54,259
07/11/2021,GMU,SC,ASO,ES,Federal Contract Tower,0,20,28,0,48,0,2,30,0,32,0,22,58,0,80,10,0,10,90
07/12/2021,GMU,SC,ASO,ES,Federal Contract Tower,0,17,21,0,38,0,17,74,2,93,0,34,95,2,131,76,0,76,207
07/13/2021,GMU,SC,ASO,ES,Federal Contract Tower,0,15,17,0,32,0,9,52,0,61,0,24,69,0,93,48,0,48,141
07/14/2021,GMU,SC,ASO,ES,Federal Contract Tower,0,21,18,0,39,0,8,151,0,159,0,29,169,0,198,80,0,80,278
07/15/2021,GMU,SC,ASO,ES,Federal Contract Tower,0,16,16,0,32,0,22,161,0,183,0,38,177,0,215,68,0,68,283
07/16/2021,GMU,SC,ASO,ES,Federal Contract Tower,0,20,22,2,44,0,20,146,2,168,0,40,168,4,212,118,0,118,330
07/17/2021,GMU,SC,ASO,ES,Federal Contract Tower,0,10,16,2,28,0,21,128,10,159,0,31,144,12,187,34,0,34,221
07/18/2021,GMU,SC,ASO,ES,Federal Contract Tower,0,10,23,1,34,0,7,66,4,77,0,17,89,5,111,112,0,112,223
07/19/2021,GMU,SC,ASO,ES,Federal Contract Tower,0,19,12,0,31,0,9,38,0,47,0,28,50,0,78,100,0,100,178
07/20/2021,GMU,SC,ASO,ES,Federal Contract Tower,0,28,13,0,41,0,7,33,0,40,0,35,46,0,81,96,0,96,177
07/21/2021,GMU,SC,ASO,ES,Federal Contract Tower,0,25,19,1,45,0,16,160,4,180,0,41,179,5,225,70,2,72,297
07/22/2021,GMU,SC,ASO,ES,Federal Contract Tower,0,24,22,1,47,0,18,122,6,146,0,42,144,7,193,122,0,122,315
07/23/2021,GMU,SC,ASO,ES,Federal Contract Tower,0,21,21,1,43,0,23,120,3,146,0,44,141,4,189,208,0,208,397
07/24/2021,GMU,SC,ASO,ES,Federal Contract Tower,0,13,30,0,43,0,2,19,0,21,0,15,49,0,64,10,0,10,74
07/25/2021,GMU,SC,ASO,ES,Federal Contract Tower,0,16,29,0,45,0,9,48,0,57,0,25,77,0,102,110,0,110,212
07/26/2021,GMU,SC,ASO,ES,Federal Contract Tower,0,17,21,0,38,0,36,79,0,115,0,53,100,0,153,52,0,52,205
07/27/2021,GMU,SC,ASO,ES,Federal Contract Tower,0,11,16,0,27,0,12,109,2,123,0,23,125,2,150,58,0,58,208
07/28/2021,GMU,SC,ASO,ES,Federal Contract Tower,0,27,18,0,45,0,27,132,0,159,0,54,150,0,204,58,2,60,264
07/29/2021,GMU,SC,ASO,ES,Federal Contract Tower,0,24,17,0,41,0,23,161,0,184,0,47,178,0,225,56,0,56,281
07/30/2021,GMU,SC,ASO,ES,Federal Contract Tower,0,21,22,0,43,0,17,117,2,136,0,38,139,2,179,32,0,32,211
07/31/2021,GMU,SC,ASO,ES,Federal Contract Tower,0,14,16,0,30,0,17,113,0,130,0,31,129,0,160,74,0,74,234
08/01/2021,GMU,SC,ASO,ES,Federal Contract Tower,0,15,16,0,31,0,24,60,4,88,0,39,76,4,119,16,0,16,135
08/02/2021,GMU,SC,ASO,ES,Federal Contract Tower,0,23,18,1,42,0,16,91,4,111,0,39,109,5,153,48,0,48,201
08/03/2021,GMU,SC,ASO,ES,Federal Contract Tower,0,15,20,0,35,0,7,10,0,17,0,22,30,0,52,30,0,30,82
08/04/2021,GMU,SC,ASO,ES,Federal Contract Tower,0,31,24,2,57,0,26,98,0,124,0,57,122,2,181,106,0,106,287
08/05/2021,GMU,SC,ASO,ES,Federal Contract Tower,0,24,24,1,49,0,28,117,3,148,0,52,141,4,197,82,0,82,279
08/06/2021,GMU,SC,ASO,ES,Federal Contract Tower,0,15,22,0,37,0,19,109,0,128,0,34,131,0,165,32,0,32,197
08/07/2021,GMU,SC,ASO,ES,Federal Contract Tower,0,14,17,0,31,0,10,47,1,58,0,24,64,1,89,44,0,44,133
08/08/2021,GMU,SC,ASO,ES,Federal Contract Tower,0,10,21,2,33,0,9,125,4,138,0,19,146,6,171,44,0,44,215
08/09/2021,GMU,SC,ASO,ES,Federal Contract Tower,0,16,12,0,28,0,10,125,2,137,0,26,137,2,165,94,0,94,259
08/10/2021,GMU,SC,ASO,ES,Federal Contract Tower,0,20,18,1,39,0,17,93,2,112,0,37,111,3,151,62,0,62,213
08/11/2021,GMU,SC,ASO,ES,Federal Contract Tower,0,25,11,0,36,0,14,89,2,105,0,39,100,2,141,36,0,36,177
08/12/2021,GMU,SC,ASO,ES,Federal Contract Tower,0,21,26,3,50,0,18,79,3,100,0,39,105,6,150,42,0,42,192
08/13/2021,GMU,SC,ASO,ES,Federal Contract Tower,0,9,30,0,39,0,17,129,0,146,0,26,159,0,185,102,0,102,287
08/14/2021,GMU,SC,ASO,ES,Federal Contract Tower,0,10,13,1,24,0,14,88,0,102,0,24,101,1,126,0,0,0,126
08/15/2021,GMU,SC,ASO,ES,Federal Contract Tower,0,12,20,0,32,0,12,30,0,42,0,24,50,0,74,104,0,104,178
08/16/2021,GMU,SC,ASO,ES,Federal Contract Tower,0,15,9,0,24,0,7,30,0,37,0,22,39,0,61,38,0,38,99
08/17/2021,GMU,SC,ASO,ES,Federal Contract Tower,0,11,6,0,17,0,3,0,0,3,0,14,6,0,20,0,0,0,20
08/18/2021,GMU,SC,ASO,ES,Federal Contract Tower,0,25,22,2,49,0,20,122,3,145,0,45,144,5,194,32,0,32,226
08/19/2021,GMU,SC,ASO,ES,Federal Contract Tower,0,28,19,0,47,0,23,113,5,141,0,51,132,5,188,98,0,98,286
08/20/2021,GMU,SC,ASO,ES,Federal Contract Tower,0,11,16,0,27,0,21,113,0,134,0,32,129,0,161,122,0,122,283
08/21/2021,GMU,SC,ASO,ES,Federal Contract Tower,0,5,33,0,38,0,10,115,0,125,0,15,148,0,163,24,0,24,187
08/22/2021,GMU,SC,ASO,ES,Federal Contract Tower,0,17,26,0,43,0,9,52,2,63,0,26,78,2,106,46,0,46,152
08/23/2021,GMU,SC,ASO,ES,Federal Contract Tower,0,21,17,0,38,0,21,108,0,129,0,42,125,0,167,66,0,66,233
08/24/2021,GMU,SC,ASO,ES,Federal Contract Tower,0,21,20,0,41,0,20,94,6,120,0,41,114,6,161,44,0,44,205
08/25/2021,GMU,SC,ASO,ES,Federal Contract Tower,0,22,16,0,38,0,23,78,0,101,0,45,94,0,139,14,0,14,153
08/26/2021,GMU,SC,ASO,ES,Federal Contract Tower,0,38,25,0,63,0,7,84,5,96,0,45,109,5,159,90,0,90,249
08/27/2021,GMU,SC,ASO,ES,Federal Contract Tower,0,20,22,1,43,0,25,124,6,155,0,45,146,7,198,90,0,90,288
08/28/2021,GMU,SC,ASO,ES,Federal Contract Tower,0,6,19,0,25,0,24,100,0,124,0,30,119,0,149,36,0,36,185
08/29/2021,GMU,SC,ASO,ES,Federal Contract Tower,0,19,25,0,44,0,19,71,7,97,0,38,96,7,141,64,0,64,205
08/30/2021,GMU,SC,ASO,ES,Federal Contract Tower,0,25,15,1,41,0,14,90,3,107,0,39,105,4,148,96,0,96,244
08/31/2021,GMU,SC,ASO,ES,Federal Contract Tower,0,21,9,2,32,0,13,28,2,43,0,34,37,4,75,104,0,104,179
09/01/2021,GMU,SC,ASO,ES,Federal Contract Tower,0,21,13,0,34,0,15,22,0,37,0,36,35,0,71,16,0,16,87
09/02/2021,GMU,SC,ASO,ES,Federal Contract Tower,0,28,32,0,60,0,31,149,0,180,0,59,181,0,240,40,0,40,280
09/03/2021,GMU,SC,ASO,ES,Federal Contract Tower,0,20,33,0,53,0,52,144,8,204,0,72,177,8,257,42,0,42,299
09/04/2021,GMU,SC,ASO,ES,Federal Contract Tower,0,3,31,0,34,0,11,97,0,108,0,14,128,0,142,24,0,24,166
09/05/2021,GMU,SC,ASO,ES,Federal Contract Tower,0,8,26,0,34,0,9,59,0,68,0,17,85,0,102,42,0,42,144
09/06/2021,GMU,SC,ASO,ES,Federal Contract Tower,0,18,38,0,56,0,8,74,0,82,0,26,112,0,138,62,0,62,200
09/09/2021,GMU,SC,ASO,ES,Federal Contract Tower,0,22,20,0,42,0,24,77,0,101,0,46,97,0,143,36,0,36,179
09/10/2021,GMU,SC,ASO,ES,Federal Contract Tower,0,27,30,1,58,0,21,127,1,149,0,48,157,2,207,20,2,22,229
09/11/2021,GMU,SC,ASO,ES,Federal Contract Tower,0,10,12,0,22,0,18,107,0,125,0,28,119,0,147,32,0,32,179
09/12/2021,GMU,SC,ASO,ES,Federal Contract Tower,0,17,18,0,35,0,14,107,0,121,0,31,125,0,156,50,0,50,206
09/13/2021,GMU,SC,ASO,ES,Federal Contract Tower,0,28,12,1,41,0,20,92,3,115,0,48,104,4,156,64,0,64,220
09/14/2021,GMU,SC,ASO,ES,Federal Contract Tower,0,24,26,0,50,0,24,111,6,141,0,48,137,6,191,82,0,82,273
09/15/2021,GMU,SC,ASO,ES,Federal Contract Tower,0,36,17,0,53,0,32,96,2,130,0,68,113,2,183,38,0,38,221
09/16/2021,GMU,SC,ASO,ES,Federal Contract Tower,0,41,28,0,69,0,7,2,0,9,0,48,30,0,78,2,0,2,80
09/17/2021,GMU,SC,ASO,ES,Federal Contract Tower,0,21,38,0,59,0,26,60,0,86,0,47,98,0,145,168,0,168,313
09/18/2021,GMU,SC,ASO,ES,Federal Contract Tower,0,11,42,0,53,0,21,102,0,123,0,32,144,0,176,84,0,84,260
09/19/2021,GMU,SC,ASO,ES,Federal Contract Tower,0,14,31,0,45,0,6,65,0,71,0,20,96,0,116,50,0,50,166
09/20/2021,GMU,SC,ASO,ES,Federal Contract Tower,0,24,13,0,37,0,10,0,0,10,0,34,13,0,47,0,0,0,47
09/21/2021,GMU,SC,ASO,ES,Federal Contract Tower,0,24,16,0,40,0,0,0,0,0,0,24,16,0,40,0,0,0,40
09/22/2021,GMU,SC,ASO,ES,Federal Contract Tower,0,21,11,0,32,0,9,16,2,27,0,30,27,2,59,2,0,2,61
09/23/2021,GMU,SC,ASO,ES,Federal Contract Tower,0,30,30,1,61,0,16,149,6,171,0,46,179,7,232,38,2,40,272
09/24/2021,GMU,SC,ASO,ES,Federal Contract Tower,0,21,28,0,49,0,22,186,0,208,0,43,214,0,257,178,0,178,435
09/25/2021,GMU,SC,ASO,ES,Federal Contract Tower,0,23,13,0,36,0,20,146,1,167,0,43,159,1,203,60,0,60,263
09/26/2021,GMU,SC,ASO,ES,Federal Contract Tower,0,26,36,0,62,0,11,98,3,112,0,37,134,3,174,38,0,38,212
09/27/2021,GMU,SC,ASO,ES,Federal Contract Tower,0,15,18,0,33,0,25,113,0,138,0,40,131,0,171,44,0,44,215
09/28/2021,GMU,SC,ASO,ES,Federal Contract Tower,0,27,12,0,39,0,13,125,0,138,0,40,137,0,177,96,0,96,273
09/29/2021,GMU,SC,ASO,ES,Federal Contract Tower,0,20,19,0,39,0,21,131,0,152,0,41,150,0,191,62,2,64,255
09/30/2021,GMU,SC,ASO,ES,Federal Contract Tower,0,31,19,0,50,0,33,114,1,148,0,64,133,1,198,102,0,102,300
10/01/2021,GMU,SC,ASO,ES,Federal Contract Tower,0,32,41,0,73,0,15,103,0,118,0,47,144,0,191,92,0,92,283
10/02/2021,GMU,SC,ASO,ES,Federal Contract Tower,0,5,33,1,39,0,20,79,1,100,0,25,112,2,139,82,0,82,221
10/03/2021,GMU,SC,ASO,ES,Federal Contract Tower,0,18,23,0,41,0,6,68,0,74,0,24,91,0,115,64,0,64,179
10/04/2021,GMU,SC,ASO,ES,Federal Contract Tower,0,13,19,0,32,0,6,4,0,10,0,19,23,0,42,2,0,2,44
10/05/2021,GMU,SC,ASO,ES,Federal Contract Tower,0,16,16,0,32,0,7,13,0,20,0,23,29,0,52,58,0,58,110
10/06/2021,GMU,SC,ASO,ES,Federal Contract Tower,0,20,9,0,29,0,4,11,0,15,0,24,20,0,44,38,0,38,82
10/07/2021,GMU,SC,ASO,ES,Federal Contract Tower,0,27,15,0,42,0,0,0,0,0,0,27,15,0,42,0,0,0,42
10/08/2021,GMU,SC,ASO,ES,Federal Contract Tower,0,11,22,0,33,0,10,22,0,32,0,21,44,0,65,68,0,68,133
10/09/2021,GMU,SC,ASO,ES,Federal Contract Tower,0,11,22,0,33,0,7,78,1,86,0,18,100,1,119,124,0,124,243
10/10/2021,GMU,SC,ASO,ES,Federal Contract Tower,0,21,32,3,56,0,14,116,3,133,0,35,148,6,189,66,0,66,255
10/11/2021,GMU,SC,ASO,ES,Federal Contract Tower,0,20,21,0,41,0,18,108,0,126,0,38,129,0,167,156,0,156,323
10/12/2021,GMU,SC,ASO,ES,Federal Contract Tower,0,24,28,0,52,0,22,161,0,183,0,46,189,0,235,176,0,176,411
10/13/2021,GMU,SC,ASO,ES,Federal Contract Tower,0,19,34,0,53,0,31,136,0,167,0,50,170,0,220,208,0,208,428
10/14/2021,GMU,SC,ASO,ES,Federal Contract Tower,0,35,28,0,63,0,22,165,1,188,0,57,193,1,251,98,0,98,349
10/15/2021,GMU,SC,ASO,ES,Federal Contract Tower,0,27,45,0,72,0,19,192,0,211,0,46,237,0,283,108,0,108,391
10/16/2021,GMU,SC,ASO,ES,Federal Contract Tower,0,12,9,0,21,0,20,90,4,114,0,32,99,4,135,42,0,42,177
10/17/2021,GMU,SC,ASO,ES,Federal Contract Tower,0,26,26,0,52,0,12,117,0,129,0,38,143,0,181,64,0,64,245
10/18/2021,GMU,SC,ASO,ES,Federal Contract Tower,0,19,15,0,34,0,36,160,0,196,0,55,175,0,230,158,0,158,388
10/19/2021,GMU,SC,ASO,ES,Federal Contract Tower,0,25,26,0,51,0,17,197,2,216,0,42,223,2,267,108,0,108,375
10/20/2021,GMU,SC,ASO,ES,Federal Contract Tower,0,33,28,0,61,0,25,143,6,174,0,58,171,6,235,92,0,92,327
10/21/2021,GMU,SC,ASO,ES,Federal Contract Tower,0,35,29,0,64,0,35,122,2,159,0,70,151,2,223,136,0,136,359
10/22/2021,GMU,SC,ASO,ES,Federal Contract Tower,0,40,41,0,81,0,28,143,0,171,0,68,184,0,252,92,0,92,344
10/23/2021,GMU,SC,ASO,ES,Federal Contract Tower,0,18,24,0,42,0,10,159,4,173,0,28,183,4,215,90,0,90,305
10/24/2021,GMU,SC,ASO,ES,Federal Contract Tower,0,24,35,0,59,0,23,95,0,118,0,47,130,0,177,36,0,36,213
10/25/2021,GMU,SC,ASO,ES,Federal Contract Tower,0,24,22,0,46,0,22,98,0,120,0,46,120,0,166,80,0,80,246
10/26/2021,GMU,SC,ASO,ES,Federal Contract Tower,0,10,27,0,37,0,12,152,4,168,0,22,179,4,205,46,2,48,253
10/27/2021,GMU,SC,ASO,ES,Federal Contract Tower,0,30,37,0,67,0,26,168,0,194,0,56,205,0,261,110,0,110,371
10/28/2021,GMU,SC,ASO,ES,Federal Contract Tower,0,29,10,0,39,0,11,16,0,27,0,40,26,0,66,16,0,16,82
10/29/2021,GMU,SC,ASO,ES,Federal Contract Tower,0,34,42,0,76,0,13,3,0,16,0,47,45,0,92,36,0,36,128
10/30/2021,GMU,SC,ASO,ES,Federal Contract Tower,0,14,15,0,29,0,5,39,0,44,0,19,54,0,73,30,0,30,103
10/31/2021,GMU,SC,ASO,ES,Federal Contract Tower,0,17,28,0,45,0,17,126,0,143,0,34,154,0,188,90,0,90,278
11/01/2021,GMU,SC,ASO,ES,Federal Contract Tower,0,23,24,0,47,0,13,183,0,196,0,36,207,0,243,88,0,88,331
11/02/2021,GMU,SC,ASO,ES,Federal Contract Tower,0,19,30,5,54,0,13,144,10,167,0,32,174,15,221,64,2,66,287
11/03/2021,GMU,SC,ASO,ES,Federal Contract Tower,0,34,28,0,62,0,18,111,16,145,0,52,139,16,207,94,0,94,301
11/04/2021,GMU,SC,ASO,ES,Federal Contract Tower,0,29,15,0,44,0,6,3,0,9,0,35,18,0,53,6,0,6,59
11/05/2021,GMU,SC,ASO,ES,Federal Contract Tower,0,27,39,0,66,0,26,173,3,202,0,53,212,3,268,134,0,134,402
11/06/2021,GMU,SC,ASO,ES,Federal Contract Tower,0,12,6,0,18,0,16,88,0,104,0,28,94,0,122,60,0,60,182
11/07/2021,GMU,SC,ASO,ES,Federal Contract Tower,0,17,27,1,45,0,13,122,2,137,0,30,149,3,182,80,0,80,262
11/08/2021,GMU,SC,ASO,ES,Federal Contract Tower,0,33,21,0,54,0,27,161,3,191,0,60,182,3,245,60,0,60,305
11/09/2021,GMU,SC,ASO,ES,Federal Contract Tower,0,19,22,2,43,0,34,168,14,216,0,53,190,16,259,50,0,50,309
11/10/2021,GMU,SC,ASO,ES,Federal Contract Tower,0,34,27,0,61,0,28,189,0,217,0,62,216,0,278,130,0,130,408
11/11/2021,GMU,SC,ASO,ES,Federal Contract Tower,0,33,26,0,59,0,2,16,0,18,0,35,42,0,77,42,0,42,119
11/12/2021,GMU,SC,ASO,ES,Federal Contract Tower,0,23,22,0,45,0,28,174,0,202,0,51,196,0,247,46,0,46,293
11/13/2021,GMU,SC,ASO,ES,Federal Contract Tower,0,10,21,0,31,0,21,210,0,231,0,31,231,0,262,58,0,58,320
11/14/2021,GMU,SC,ASO,ES,Federal Contract Tower,0,22,23,3,48,0,8,141,0,149,0,30,164,3,197,136,0,136,333
11/15/2021,GMU,SC,ASO,ES,Federal Contract Tower,0,19,23,0,42,0,32,151,0,183,0,51,174,0,225,84,0,84,309
11/16/2021,GMU,SC,ASO,ES,Federal Contract Tower,0,37,33,2,72,0,18,149,4,171,0,55,182,6,243,52,0,52,295
11/17/2021,GMU,SC,ASO,ES,Federal Contract Tower,0,23,24,0,47,0,40,160,2,202,0,63,184,2,249,106,0,106,355
11/18/2021,GMU,SC,ASO,ES,Federal Contract Tower,0,36,24,0,60,0,24,106,0,130,0,60,130,0,190,18,0,18,208
11/19/2021,GMU,SC,ASO,ES,Federal Contract Tower,0,27,24,0,51,0,41,117,1,159,0,68,141,1,210,62,0,62,272
11/20/2021,GMU,SC,ASO,ES,Federal Contract Tower,0,12,16,0,28,0,21,152,2,175,0,33,168,2,203,58,0,58,261
11/21/2021,GMU,SC,ASO,ES,Federal Contract Tower,0,28,27,0,55,0,4,42,0,46,0,32,69,0,101,144,0,144,245
11/22/2021,GMU,SC,ASO,ES,Federal Contract Tower,0,33,19,0,52,0,24,62,0,86,0,57,81,0,138,86,0,86,224
11/23/2021,GMU,SC,ASO,ES,Federal Contract Tower,0,36,29,0,65,0,19,153,0,172,0,55,182,0,237,100,2,102,339
11/24/2021,GMU,SC,ASO,ES,Federal Contract Tower,0,17,26,0,43,0,35,118,0,153,0,52,144,0,196,58,0,58,254
11/25/2021,GMU,SC,ASO,ES,Federal Contract Tower,0,3,7,0,10,0,8,21,0,29,0,11,28,0,39,6,0,6,45
11/26/2021,GMU,SC,ASO,ES,Federal Contract Tower,0,13,17,0,30,0,22,83,0,105,0,35,100,0,135,50,0,50,185
11/27/2021,GMU,SC,ASO,ES,Federal Contract Tower,0,15,29,0,44,0,18,116,0,134,0,33,145,0,178,110,0,110,288
11/28/2021,GMU,SC,ASO,ES,Federal Contract Tower,0,38,27,0,65,0,24,85,0,109,0,62,112,0,174,38,0,38,212
11/29/2021,GMU,SC,ASO,ES,Federal Contract Tower,0,19,26,0,45,0,24,125,0,149,0,43,151,0,194,10,0,10,204
11/30/2021,GMU,SC,ASO,ES,Federal Contract Tower,0,25,13,0,38,0,39,137,2,178,0,64,150,2,216,126,0,126,342
12/01/2021,GMU,SC,ASO,ES,Federal Contract Tower,0,15,23,0,38,0,26,137,0,163,0,41,160,0,201,66,0,66,267
12/02/2021,GMU,SC,ASO,ES,Federal Contract Tower,0,19,17,0,36,0,22,144,4,170,0,41,161,4,206,52,0,52,258
12/03/2021,GMU,SC,ASO,ES,Federal Contract Tower,0,18,24,0,42,0,29,191,1,221,0,47,215,1,263,144,0,144,407
12/04/2021,GMU,SC,ASO,ES,Federal Contract Tower,0,19,28,1,48,0,17,138,10,165,0,36,166,11,213,56,2,58,271
12/05/2021,GMU,SC,ASO,ES,Federal Contract Tower,0,28,44,0,72,0,15,37,7,59,0,43,81,7,131,36,8,44,175
12/06/2021,GMU,SC,ASO,ES,Federal Contract Tower,0,30,20,0,50,0,8,19,0,27,0,38,39,0,77,30,0,30,107
12/07/2021,GMU,SC,ASO,ES,Federal Contract Tower,0,33,23,0,56,0,9,126,2,137,0,42,149,2,193,156,0,156,349
12/08/2021,GMU,SC,ASO,ES,Federal Contract Tower,0,27,30,2,59,0,17,90,0,107,0,44,120,2,166,126,0,126,292
12/09/2021,GMU,SC,ASO,ES,Federal Contract Tower,0,35,21,0,56,0,21,102,0,123,0,56,123,0,179,178,0,178,357
12/10/2021,GMU,SC,ASO,ES,Federal Contract Tower,0,25,22,0,47,0,0,0,0,0,0,25,22,0,47,0,0,0,47
12/11/2021,GMU,SC,ASO,ES,Federal Contract Tower,0,7,5,0,12,0,0,0,0,0,0,7,5,0,12,0,0,0,12
12/12/2021,GMU,SC,ASO,ES,Federal Contract Tower,0,22,14,0,36,0,19,110,4,133,0,41,124,4,169,28,0,28,197
12/13/2021,GMU,SC,ASO,ES,Federal Contract Tower,0,19,17,0,36,0,26,143,6,175,0,45,160,6,211,88,0,88,299
12/14/2021,GMU,SC,ASO,ES,Federal Contract Tower,0,18,25,0,43,0,34,163,10,207,0,52,188,10,250,92,4,96,346
12/15/2021,GMU,SC,ASO,ES,Federal Contract Tower,0,41,29,0,70,0,25,139,4,168,0,66,168,4,238,140,4,144,382
12/16/2021,GMU,SC,ASO,ES,Federal Contract Tower,0,40,50,0,90,0,27,112,3,142,0,67,162,3,232,100,0,100,332
12/17/2021,GMU,SC,ASO,ES,Federal Contract Tower,0,25,41,1,67,0,15,15,0,30,0,40,56,1,97,54,0,54,151
12/18/2021,GMU,SC,ASO,ES,Federal Contract Tower,0,18,10,0,28,0,0,0,0,0,0,18,10,0,28,0,0,0,28
12/19/2021,GMU,SC,ASO,ES,Federal Contract Tower,0,20,28,0,48,0,17,31,0,48,0,37,59,0,96,54,0,54,150
12/20/2021,GMU,SC,ASO,ES,Federal Contract Tower,0,32,21,1,54,0,13,132,0,145,0,45,153,1,199,30,0,30,229
12/21/2021,GMU,SC,ASO,ES,Federal Contract Tower,0,25,9,3,37,0,8,67,3,78,0,33,76,6,115,66,6,72,187
12/22/2021,GMU,SC,ASO,ES,Federal Contract Tower,0,30,22,2,54,0,8,139,0,147,0,38,161,2,201,62,0,62,263
12/23/2021,GMU,SC,ASO,ES,Federal Contract Tower,0,8,33,0,41,0,22,169,2,193,0,30,202,2,234,28,0,28,262
12/24/2021,GMU,SC,ASO,ES,Federal Contract Tower,0,6,10,0,16,0,10,30,0,40,0,16,40,0,56,14,0,14,70
12/25/2021,GMU,SC,ASO,ES,Federal Contract Tower,0,4,6,0,10,0,4,2,0,6,0,8,8,0,16,0,0,0,16
12/26/2021,GMU,SC,ASO,ES,Federal Contract Tower,0,10,12,0,22,0,16,75,0,91,0,26,87,0,113,22,0,22,135
12/27/2021,GMU,SC,ASO,ES,Federal Contract Tower,0,15,18,0,33,0,14,19,0,33,0,29,37,0,66,4,0,4,70
12/28/2021,GMU,SC,ASO,ES,Federal Contract Tower,0,22,28,0,50,0,31,21,0,52,0,53,49,0,102,32,0,32,134
12/29/2021,GMU,SC,ASO,ES,Federal Contract Tower,0,18,30,2,50,0,0,0,0,0,0,18,30,2,50,0,0,0,50
12/30/2021,GMU,SC,ASO,ES,Federal Contract Tower,0,8,13,0,21,0,0,0,0,0,0,8,13,0,21,0,0,0,21
12/31/2021,GMU,SC,ASO,ES,Federal Contract Tower,0,16,27,0,43,0,9,58,0,67,0,25,85,0,110,96,0,96,206
01/01/2022,GMU,SC,ASO,ES,Federal Contract Tower,0,12,2,0,14,0,6,5,4,15,0,18,7,4,29,0,0,0,29
01/02/2022,GMU,SC,ASO,ES,Federal Contract Tower,0,14,12,0,26,0,0,0,0,0,0,14,12,0,26,2,0,2,28
01/03/2022,GMU,SC,ASO,ES,Federal Contract Tower,0,14,7,0,21,0,22,58,0,80,0,36,65,0,101,60,0,60,161
01/04/2022,GMU,SC,ASO,ES,Federal Contract Tower,0,17,13,0,30,0,35,119,0,154,0,52,132,0,184,52,2,54,238
01/05/2022,GMU,SC,ASO,ES,Federal Contract Tower,0,29,24,0,53,0,15,101,4,120,0,44,125,4,173,116,0,116,289
01/06/2022,GMU,SC,ASO,ES,Federal Contract Tower,0,18,14,0,32,0,15,79,0,94,0,33,93,0,126,112,4,116,242
01/07/2022,GMU,SC,ASO,ES,Federal Contract Tower,0,16,20,0,36,0,24,131,0,155,0,40,151,0,191,78,0,78,269
01/08/2022,GMU,SC,ASO,ES,Federal Contract Tower,0,8,35,0,43,0,14,161,1,176,0,22,196,1,219,12,0,12,231
01/09/2022,GMU,SC,ASO,ES,Federal Contract Tower,0,17,18,0,35,0,0,0,0,0,0,17,18,0,35,0,0,0,35
01/10/2022,GMU,SC,ASO,ES,Federal Contract Tower,0,15,24,0,39,0,16,94,6,116,0,31,118,6,155,56,0,56,211
01/11/2022,GMU,SC,ASO,ES,Federal Contract Tower,0,18,14,1,33,0,41,135,7,183,0,59,149,8,216,34,0,34,250
01/12/2022,GMU,SC,ASO,ES,Federal Contract Tower,0,22,20,2,44,0,25,117,2,144,0,47,137,4,188,52,0,52,240
01/13/2022,GMU,SC,ASO,ES,Federal Contract Tower,0,25,18,0,43,0,30,104,9,143,0,55,122,9,186,70,10,80,266
01/14/2022,GMU,SC,ASO,ES,Federal Contract Tower,0,17,18,0,35,0,11,150,1,162,0,28,168,1,197,128,0,128,325
01/15/2022,GMU,SC,ASO,ES,Federal Contract Tower,0,13,10,1,24,0,14,87,0,101,0,27,97,1,125,74,0,74,199
01/16/2022,GMU,SC,ASO,ES,Federal Contract Tower,0,0,0,0,0,0,0,0,0,0,0,0,0,0,0,0,0,0,0
01/17/2022,GMU,SC,ASO,ES,Federal Contract Tower,0,5,0,0,5,0,9,0,0,9,0,14,0,0,14,0,0,0,14
01/18/2022,GMU,SC,ASO,ES,Federal Contract Tower,0,16,8,0,24,0,23,29,1,53,0,39,37,1,77,2,2,4,81
01/19/2022,GMU,SC,ASO,ES,Federal Contract Tower,0,17,16,0,33,0,25,108,5,138,0,42,124,5,171,116,0,116,287
01/20/2022,GMU,SC,ASO,ES,Federal Contract Tower,0,25,8,0,33,0,0,2,1,3,0,25,10,1,36,18,4,22,58
01/21/2022,GMU,SC,ASO,ES,Federal Contract Tower,0,14,1,0,15,0,6,25,0,31,0,20,26,0,46,68,0,68,114
01/22/2022,GMU,SC,ASO,ES,Federal Contract Tower,0,5,26,0,31,0,17,164,0,181,0,22,190,0,212,42,0,42,254
01/23/2022,GMU,SC,ASO,ES,Federal Contract Tower,0,18,17,1,36,0,18,138,8,164,0,36,155,9,200,64,0,64,264
01/24/2022,GMU,SC,ASO,ES,Federal Contract Tower,0,15,14,0,29,0,35,119,2,156,0,50,133,2,185,90,0,90,275
01/25/2022,GMU,SC,ASO,ES,Federal Contract Tower,0,27,11,1,39,0,19,110,1,130,0,46,121,2,169,70,0,70,239
01/26/2022,GMU,SC,ASO,ES,Federal Contract Tower,0,23,21,0,44,0,26,146,0,172,0,49,167,0,216,64,0,64,280
01/27/2022,GMU,SC,ASO,ES,Federal Contract Tower,0,24,25,0,49,0,18,141,2,161,0,42,166,2,210,100,0,100,310
01/28/2022,GMU,SC,ASO,ES,Federal Contract Tower,0,12,19,2,33,0,17,117,2,136,0,29,136,4,169,104,0,104,273
01/29/2022,GMU,SC,ASO,ES,Federal Contract Tower,0,11,12,0,23,0,22,60,0,82,0,33,72,0,105,22,0,22,127
01/30/2022,GMU,SC,ASO,ES,Federal Contract Tower,0,10,20,0,30,0,9,101,0,110,0,19,121,0,140,46,0,46,186
01/31/2022,GMU,SC,ASO,ES,Federal Contract Tower,0,20,17,0,37,0,32,119,6,157,0,52,136,6,194,102,0,102,296
02/01/2022,GMU,SC,ASO,ES,Federal Contract Tower,0,25,9,0,34,0,28,117,2,147,0,53,126,2,181,90,0,90,271
02/02/2022,GMU,SC,ASO,ES,Federal Contract Tower,0,30,18,0,48,0,34,123,0,157,0,64,141,0,205,72,0,72,277
02/03/2022,GMU,SC,ASO,ES,Federal Contract Tower,0,25,10,0,35,0,0,0,0,0,0,25,10,0,35,0,0,0,35
02/04/2022,GMU,SC,ASO,ES,Federal Contract Tower,0,17,25,0,42,0,7,26,0,33,0,24,51,0,75,46,0,46,121
02/05/2022,GMU,SC,ASO,ES,Federal Contract Tower,0,17,20,1,38,0,14,182,7,203,0,31,202,8,241,66,6,72,313
02/06/2022,GMU,SC,ASO,ES,Federal Contract Tower,0,15,32,0,47,0,4,109,9,122,0,19,141,9,169,44,0,44,213
02/07/2022,GMU,SC,ASO,ES,Federal Contract Tower,0,19,16,0,35,0,8,86,0,94,0,27,102,0,129,100,0,100,229
02/08/2022,GMU,SC,ASO,ES,Federal Contract Tower,0,30,18,0,48,0,15,159,2,176,0,45,177,2,224,112,0,112,336
02/09/2022,GMU,SC,ASO,ES,Federal Contract Tower,0,29,23,0,52,0,31,149,0,180,0,60,172,0,232,74,0,74,306
02/10/2022,GMU,SC,ASO,ES,Federal Contract Tower,0,25,24,0,49,0,24,107,4,135,0,49,131,4,184,12,4,16,200
02/11/2022,GMU,SC,ASO,ES,Federal Contract Tower,0,24,24,0,48,0,13,131,0,144,0,37,155,0,192,44,0,44,236
02/12/2022,GMU,SC,ASO,ES,Federal Contract Tower,0,16,23,0,39,0,15,190,0,205,0,31,213,0,244,34,0,34,278
02/13/2022,GMU,SC,ASO,ES,Federal Contract Tower,0,24,23,1,48,0,6,53,2,61,0,30,76,3,109,88,0,88,197
02/14/2022,GMU,SC,ASO,ES,Federal Contract Tower,0,14,14,0,28,0,25,122,0,147,0,39,136,0,175,8,0,8,183
02/15/2022,GMU,SC,ASO,ES,Federal Contract Tower,0,29,26,0,55,0,14,147,2,163,0,43,173,2,218,72,0,72,290
02/16/2022,GMU,SC,ASO,ES,Federal Contract Tower,0,36,38,0,74,0,25,141,0,166,0,61,179,0,240,44,0,44,284
02/17/2022,GMU,SC,ASO,ES,Federal Contract Tower,0,32,10,0,42,0,3,1,0,4,0,35,11,0,46,4,0,4,50
02/18/2022,GMU,SC,ASO,ES,Federal Contract Tower,0,32,21,0,53,0,33,155,0,188,0,65,176,0,241,162,0,162,403
02/19/2022,GMU,SC,ASO,ES,Federal Contract Tower,0,14,18,0,32,0,16,186,5,207,0,30,204,5,239,78,0,78,317
02/20/2022,GMU,SC,ASO,ES,Federal Contract Tower,0,14,29,0,43,0,6,134,0,140,0,20,163,0,183,84,0,84,267
02/21/2022,GMU,SC,ASO,ES,Federal Contract Tower,0,28,37,0,65,0,29,119,0,148,0,57,156,0,213,194,0,194,407
02/22/2022,GMU,SC,ASO,ES,Federal Contract Tower,0,29,16,0,45,0,8,5,2,15,0,37,21,2,60,28,4,32,92
02/23/2022,GMU,SC,ASO,ES,Federal Contract Tower,0,23,11,0,34,0,6,43,3,52,0,29,54,3,86,84,0,84,170
02/24/2022,GMU,SC,ASO,ES,Federal Contract Tower,0,36,21,0,57,0,3,28,0,31,0,39,49,0,88,76,0,76,164
02/25/2022,GMU,SC,ASO,ES,Federal Contract Tower,0,20,16,0,36,0,18,72,5,95,0,38,88,5,131,56,0,56,187
02/26/2022,GMU,SC,ASO,ES,Federal Contract Tower,0,19,28,0,47,0,27,193,5,225,0,46,221,5,272,88,0,88,360
02/27/2022,GMU,SC,ASO,ES,Federal Contract Tower,0,19,16,0,35,0,0,0,0,0,0,19,16,0,35,0,0,0,35
02/28/2022,GMU,SC,ASO,ES,Federal Contract Tower,0,11,27,2,40,0,12,191,0,203,0,23,218,2,243,140,0,140,383
03/01/2022,GMU,SC,ASO,ES,Federal Contract Tower,0,22,19,2,43,0,13,219,5,237,0,35,238,7,280,168,0,168,448
03/02/2022,GMU,SC,ASO,ES,Federal Contract Tower,0,25,20,0,45,0,27,165,3,195,0,52,185,3,240,74,4,78,318
03/03/2022,GMU,SC,ASO,ES,Federal Contract Tower,0,24,31,1,56,0,17,179,4,200,0,41,210,5,256,132,0,132,388
03/04/2022,GMU,SC,ASO,ES,Federal Contract Tower,0,27,27,0,54,0,19,164,0,183,0,46,191,0,237,134,0,134,371
03/05/2022,GMU,SC,ASO,ES,Federal Contract Tower,0,18,31,0,49,0,38,121,0,159,0,56,152,0,208,86,4,90,298
03/06/2022,GMU,SC,ASO,ES,Federal Contract Tower,0,25,26,0,51,0,7,60,12,79,0,32,86,12,130,60,0,60,190
03/07/2022,GMU,SC,ASO,ES,Federal Contract Tower,0,15,10,0,25,0,21,29,0,50,0,36,39,0,75,34,0,34,109
03/08/2022,GMU,SC,ASO,ES,Federal Contract Tower,0,25,21,0,46,0,16,116,0,132,0,41,137,0,178,96,0,96,274
03/09/2022,GMU,SC,ASO,ES,Federal Contract Tower,0,25,13,0,38,0,3,13,0,16,0,28,26,0,54,40,0,40,94
03/10/2022,GMU,SC,ASO,ES,Federal Contract Tower,0,17,22,0,39,0,5,1,0,6,0,22,23,0,45,0,0,0,45
03/11/2022,GMU,SC,ASO,ES,Federal Contract Tower,0,34,31,0,65,0,24,44,0,68,0,58,75,0,133,154,0,154,287
03/12/2022,GMU,SC,ASO,ES,Federal Contract Tower,0,3,5,0,8,0,2,46,4,52,0,5,51,4,60,22,0,22,82
03/13/2022,GMU,SC,ASO,ES,Federal Contract Tower,0,21,57,0,78,0,19,166,4,189,0,40,223,4,267,72,0,72,339
03/14/2022,GMU,SC,ASO,ES,Federal Contract Tower,0,28,21,0,49,0,33,158,5,196,0,61,179,5,245,62,0,62,307
03/15/2022,GMU,SC,ASO,ES,Federal Contract Tower,0,19,28,1,48,0,36,162,1,199,0,55,190,2,247,78,0,78,325
03/16/2022,GMU,SC,ASO,ES,Federal Contract Tower,0,24,13,0,37,0,0,3,0,3,0,24,16,0,40,24,0,24,64
03/17/2022,GMU,SC,ASO,ES,Federal Contract Tower,0,31,34,2,67,0,12,143,0,155,0,43,177,2,222,98,0,98,320
03/18/2022,GMU,SC,ASO,ES,Federal Contract Tower,0,39,26,0,65,0,9,95,1,105,0,48,121,1,170,147,0,147,317
03/19/2022,GMU,SC,ASO,ES,Federal Contract Tower,0,18,14,0,32,0,8,7,0,15,0,26,21,0,47,0,0,0,47
03/20/2022,GMU,SC,ASO,ES,Federal Contract Tower,0,41,12,0,53,0,23,119,0,142,0,64,131,0,195,52,0,52,247
03/21/2022,GMU,SC,ASO,ES,Federal Contract Tower,0,17,20,0,37,0,21,146,2,169,0,38,166,2,206,90,0,90,296
03/22/2022,GMU,SC,ASO,ES,Federal Contract Tower,0,34,21,0,55,0,33,134,0,167,0,67,155,0,222,26,0,26,248
03/23/2022,GMU,SC,ASO,ES,Federal Contract Tower,0,13,6,0,19,0,7,0,0,7,0,20,6,0,26,0,0,0,26
03/24/2022,GMU,SC,ASO,ES,Federal Contract Tower,0,25,23,0,48,0,27,115,2,144,0,52,138,2,192,66,0,66,258
03/25/2022,GMU,SC,ASO,ES,Federal Contract Tower,0,17,15,0,32,0,7,122,0,129,0,24,137,0,161,84,0,84,245
03/26/2022,GMU,SC,ASO,ES,Federal Contract Tower,0,8,7,0,15,0,14,27,10,51,0,22,34,10,66,38,0,38,104
03/27/2022,GMU,SC,ASO,ES,Federal Contract Tower,0,35,23,0,58,0,12,80,8,100,0,47,103,8,158,82,0,82,240
03/28/2022,GMU,SC,ASO,ES,Federal Contract Tower,0,25,17,0,42,0,29,152,4,185,0,54,169,4,227,168,0,168,395
03/29/2022,GMU,SC,ASO,ES,Federal Contract Tower,0,25,24,0,49,0,29,180,6,215,0,54,204,6,264,100,4,104,368
03/30/2022,GMU,SC,ASO,ES,Federal Contract Tower,0,28,33,0,61,0,14,53,2,69,0,42,86,2,130,62,0,62,192
03/31/2022,GMU,SC,ASO,ES,Federal Contract Tower,0,19,2,0,21,0,20,5,2,27,0,39,7,2,48,2,0,2,50
04/01/2022,GMU,SC,ASO,ES,Federal Contract Tower,0,18,25,2,45,0,22,150,0,172,0,40,175,2,217,110,0,110,327
04/02/2022,GMU,SC,ASO,ES,Federal Contract Tower,0,19,15,0,34,0,5,144,0,149,0,24,159,0,183,54,0,54,237
04/03/2022,GMU,SC,ASO,ES,Federal Contract Tower,0,21,21,2,44,0,8,96,2,106,0,29,117,4,150,54,0,54,204
04/04/2022,GMU,SC,ASO,ES,Federal Contract Tower,0,33,22,0,55,0,22,152,0,174,0,55,174,0,229,72,0,72,301
04/05/2022,GMU,SC,ASO,ES,Federal Contract Tower,0,24,18,0,42,0,6,25,0,31,0,30,43,0,73,6,0,6,79
04/06/2022,GMU,SC,ASO,ES,Federal Contract Tower,0,27,25,0,52,0,15,61,0,76,0,42,86,0,128,118,0,118,246
04/07/2022,GMU,SC,ASO,ES,Federal Contract Tower,0,31,24,0,55,0,17,66,5,88,0,48,90,5,143,24,0,24,167
04/08/2022,GMU,SC,ASO,ES,Federal Contract Tower,0,32,14,0,46,0,14,55,0,69,0,46,69,0,115,16,0,16,131
04/09/2022,GMU,SC,ASO,ES,Federal Contract Tower,0,18,27,0,45,0,8,104,0,112,0,26,131,0,157,60,0,60,217
04/10/2022,GMU,SC,ASO,ES,Federal Contract Tower,0,27,22,0,49,0,14,137,5,156,0,41,159,5,205,72,0,72,277
04/11/2022,GMU,SC,ASO,ES,Federal Contract Tower,0,18,21,0,39,0,32,135,30,197,0,50,156,30,236,50,0,50,286
04/12/2022,GMU,SC,ASO,ES,Federal Contract Tower,0,22,10,0,32,0,13,137,0,150,0,35,147,0,182,56,0,56,238
04/13/2022,GMU,SC,ASO,ES,Federal Contract Tower,0,26,22,0,48,0,25,120,4,149,0,51,142,4,197,80,4,84,281
04/14/2022,GMU,SC,ASO,ES,Federal Contract Tower,0,31,31,0,62,0,14,53,0,67,0,45,84,0,129,86,0,86,215
04/15/2022,GMU,SC,ASO,ES,Federal Contract Tower,0,28,25,1,54,0,19,220,3,242,0,47,245,4,296,100,0,100,396
04/16/2022,GMU,SC,ASO,ES,Federal Contract Tower,0,11,12,0,23,0,7,39,0,46,0,18,51,0,69,110,0,110,179
04/17/2022,GMU,SC,ASO,ES,Federal Contract Tower,0,18,15,0,33,0,0,63,0,63,0,18,78,0,96,38,0,38,134
04/18/2022,GMU,SC,ASO,ES,Federal Contract Tower,0,20,16,0,36,0,9,66,0,75,0,29,82,0,111,56,0,56,167
04/19/2022,GMU,SC,ASO,ES,Federal Contract Tower,0,26,9,0,35,0,16,165,2,183,0,42,174,2,218,68,0,68,286
04/20/2022,GMU,SC,ASO,ES,Federal Contract Tower,0,31,34,1,66,0,11,160,5,176,0,42,194,6,242,26,0,26,268
04/21/2022,GMU,SC,ASO,ES,Federal Contract Tower,0,23,24,0,47,0,26,135,2,163,0,49,159,2,210,28,0,28,238
04/22/2022,GMU,SC,ASO,ES,Federal Contract Tower,0,19,43,1,63,0,14,211,6,231,0,33,254,7,294,40,0,40,334
04/23/2022,GMU,SC,ASO,ES,Federal Contract Tower,0,10,25,0,35,0,30,198,16,244,0,40,223,16,279,88,0,88,367
04/24/2022,GMU,SC,ASO,ES,Federal Contract Tower,0,15,34,0,49,0,11,120,1,132,0,26,154,1,181,36,0,36,217
04/25/2022,GMU,SC,ASO,ES,Federal Contract Tower,0,25,22,0,47,0,22,133,0,155,0,47,155,0,202,12,0,12,214
04/26/2022,GMU,SC,ASO,ES,Federal Contract Tower,0,15,13,0,28,0,13,73,0,86,0,28,86,0,114,4,2,6,120
04/27/2022,GMU,SC,ASO,ES,Federal Contract Tower,0,29,31,0,60,0,14,132,5,151,0,43,163,5,211,22,0,22,233
04/28/2022,GMU,SC,ASO,ES,Federal Contract Tower,0,19,24,0,43,0,18,172,16,206,0,37,196,16,249,46,0,46,295
04/29/2022,GMU,SC,ASO,ES,Federal Contract Tower,0,14,25,1,40,0,28,137,4,169,0,42,162,5,209,52,0,52,261
04/30/2022,GMU,SC,ASO,ES,Federal Contract Tower,0,9,19,0,28,0,23,146,0,169,0,32,165,0,197,82,0,82,279
05/01/2022,GMU,SC,ASO,ES,Federal Contract Tower,0,14,20,0,34,0,6,33,0,39,0,20,53,0,73,124,0,124,197
05/02/2022,GMU,SC,ASO,ES,Federal Contract Tower,0,29,27,0,56,0,22,107,17,146,0,51,134,17,202,34,0,34,236
05/03/2022,GMU,SC,ASO,ES,Federal Contract Tower,0,30,14,0,44,0,32,127,0,159,0,62,141,0,203,36,0,36,239
05/04/2022,GMU,SC,ASO,ES,Federal Contract Tower,0,33,22,0,55,0,32,107,0,139,0,65,129,0,194,58,0,58,252
05/05/2022,GMU,SC,ASO,ES,Federal Contract Tower,0,23,19,0,42,0,20,144,0,164,0,43,163,0,206,36,0,36,242
05/06/2022,GMU,SC,ASO,ES,Federal Contract Tower,0,17,21,0,38,0,10,12,0,22,0,27,33,0,60,2,0,2,62
05/07/2022,GMU,SC,ASO,ES,Federal Contract Tower,0,14,24,0,38,0,25,128,1,154,0,39,152,1,192,82,0,82,274
05/08/2022,GMU,SC,ASO,ES,Federal Contract Tower,0,25,27,2,54,0,6,51,1,58,0,31,78,3,112,18,0,18,130
05/09/2022,GMU,SC,ASO,ES,Federal Contract Tower,0,24,25,0,49,0,28,132,9,169,0,52,157,9,218,46,0,46,264
05/10/2022,GMU,SC,ASO,ES,Federal Contract Tower,0,20,19,1,40,0,22,139,11,172,0,42,158,12,212,36,0,36,248
05/11/2022,GMU,SC,ASO,ES,Federal Contract Tower,0,19,33,0,52,0,13,133,6,152,0,32,166,6,204,34,0,34,238
05/12/2022,GMU,SC,ASO,ES,Federal Contract Tower,0,24,26,0,50,0,25,74,17,116,0,49,100,17,166,42,0,42,208
05/13/2022,GMU,SC,ASO,ES,Federal Contract Tower,0,18,36,3,57,0,21,29,4,54,0,39,65,7,111,30,0,30,141
05/14/2022,GMU,SC,ASO,ES,Federal Contract Tower,0,13,37,0,50,0,14,100,2,116,0,27,137,2,166,102,0,102,268
05/15/2022,GMU,SC,ASO,ES,Federal Contract Tower,0,24,24,0,48,0,26,91,3,120,0,50,115,3,168,80,0,80,248
05/16/2022,GMU,SC,ASO,ES,Federal Contract Tower,0,14,16,0,30,0,42,132,0,174,0,56,148,0,204,26,0,26,230
05/17/2022,GMU,SC,ASO,ES,Federal Contract Tower,0,29,20,0,49,0,38,173,8,219,0,67,193,8,268,88,2,90,358
05/18/2022,GMU,SC,ASO,ES,Federal Contract Tower,0,43,23,0,66,0,21,191,0,212,0,64,214,0,278,94,0,94,372
05/19/2022,GMU,SC,ASO,ES,Federal Contract Tower,0,22,33,1,56,0,27,124,3,154,0,49,157,4,210,50,0,50,260
05/20/2022,GMU,SC,ASO,ES,Federal Contract Tower,0,16,26,0,42,0,15,138,0,153,0,31,164,0,195,32,0,32,227
05/21/2022,GMU,SC,ASO,ES,Federal Contract Tower,0,18,25,0,43,0,19,117,0,136,0,37,142,0,179,88,0,88,267
05/22/2022,GMU,SC,ASO,ES,Federal Contract Tower,0,19,27,1,47,0,2,102,0,104,0,21,129,1,151,38,0,38,189
05/23/2022,GMU,SC,ASO,ES,Federal Contract Tower,0,37,21,0,58,0,7,12,0,19,0,44,33,0,77,56,0,56,133
05/24/2022,GMU,SC,ASO,ES,Federal Contract Tower,0,26,33,0,59,0,10,91,0,101,0,36,124,0,160,104,0,104,264
05/25/2022,GMU,SC,ASO,ES,Federal Contract Tower,0,18,32,2,52,0,11,0,0,11,0,29,32,2,63,44,0,44,107
05/26/2022,GMU,SC,ASO,ES,Federal Contract Tower,0,21,7,0,28,0,0,0,0,0,0,21,7,0,28,0,0,0,28
05/27/2022,GMU,SC,ASO,ES,Federal Contract Tower,0,27,31,0,58,0,27,123,3,153,0,54,154,3,211,90,0,90,301
05/28/2022,GMU,SC,ASO,ES,Federal Contract Tower,0,12,20,0,32,0,27,144,0,171,0,39,164,0,203,20,0,20,223
05/29/2022,GMU,SC,ASO,ES,Federal Contract Tower,0,9,16,1,26,0,14,84,0,98,0,23,100,1,124,98,0,98,222
05/30/2022,GMU,SC,ASO,ES,Federal Contract Tower,0,9,25,0,34,0,22,147,8,177,0,31,172,8,211,132,0,132,343
05/31/2022,GMU,SC,ASO,ES,Federal Contract Tower,0,24,10,0,34,0,21,143,0,164,0,45,153,0,198,38,0,38,236
06/01/2022,GMU,SC,ASO,ES,Federal Contract Tower,0,28,27,0,55,0,24,185,2,211,0,52,212,2,266,64,0,64,330
06/02/2022,GMU,SC,ASO,ES,Federal Contract Tower,0,28,15,0,43,0,13,125,0,138,0,41,140,0,181,36,0,36,217
06/03/2022,GMU,SC,ASO,ES,Federal Contract Tower,0,9,27,0,36,0,14,71,0,85,0,23,98,0,121,24,0,24,145
06/04/2022,GMU,SC,ASO,ES,Federal Contract Tower,0,5,24,2,31,0,23,129,0,152,0,28,153,2,183,62,0,62,245
06/05/2022,GMU,SC,ASO,ES,Federal Contract Tower,0,12,18,0,30,0,14,98,0,112,0,26,116,0,142,74,0,74,216
06/06/2022,GMU,SC,ASO,ES,Federal Contract Tower,0,24,26,0,50,0,23,159,2,184,0,47,185,2,234,114,0,114,348
06/07/2022,GMU,SC,ASO,ES,Federal Contract Tower,0,23,32,1,56,0,23,68,4,95,0,46,100,5,151,138,0,138,289
06/08/2022,GMU,SC,ASO,ES,Federal Contract Tower,0,38,12,0,50,0,28,85,2,115,0,66,97,2,165,20,0,20,185
06/09/2022,GMU,SC,ASO,ES,Federal Contract Tower,0,40,27,0,67,0,30,123,4,157,0,70,150,4,224,84,0,84,308
06/10/2022,GMU,SC,ASO,ES,Federal Contract Tower,0,21,26,0,47,0,27,180,3,210,0,48,206,3,257,92,0,92,349
06/11/2022,GMU,SC,ASO,ES,Federal Contract Tower,0,20,15,0,35,0,42,127,0,169,0,62,142,0,204,50,0,50,254
06/12/2022,GMU,SC,ASO,ES,Federal Contract Tower,0,22,41,0,63,0,10,97,0,107,0,32,138,0,170,30,0,30,200
06/13/2022,GMU,SC,ASO,ES,Federal Contract Tower,0,14,24,1,39,0,22,150,3,175,0,36,174,4,214,64,0,64,278
06/14/2022,GMU,SC,ASO,ES,Federal Contract Tower,0,19,22,0,41,0,27,93,0,120,0,46,115,0,161,94,2,96,257
06/15/2022,GMU,SC,ASO,ES,Federal Contract Tower,0,16,12,0,28,0,19,127,2,148,0,35,139,2,176,106,0,106,282
06/16/2022,GMU,SC,ASO,ES,Federal Contract Tower,0,21,24,2,47,0,27,97,6,130,0,48,121,8,177,64,0,64,241
06/17/2022,GMU,SC,ASO,ES,Federal Contract Tower,0,15,20,0,35,0,27,102,0,129,0,42,122,0,164,26,0,26,190
06/18/2022,GMU,SC,ASO,ES,Federal Contract Tower,0,16,14,0,30,0,23,122,0,145,0,39,136,0,175,54,0,54,229
06/19/2022,GMU,SC,ASO,ES,Federal Contract Tower,0,17,16,0,33,0,5,106,0,111,0,22,122,0,144,0,0,0,144
06/20/2022,GMU,SC,ASO,ES,Federal Contract Tower,0,22,19,2,43,0,36,162,0,198,0,58,181,2,241,86,0,86,327
06/21/2022,GMU,SC,ASO,ES,Federal Contract Tower,0,28,11,0,39,0,27,144,4,175,0,55,155,4,214,58,0,58,272
06/22/2022,GMU,SC,ASO,ES,Federal Contract Tower,0,32,15,0,47,0,34,158,4,196,0,66,173,4,243,46,0,46,289
06/23/2022,GMU,SC,ASO,ES,Federal Contract Tower,0,27,20,0,47,0,35,107,0,142,0,62,127,0,189,96,2,98,287
06/24/2022,GMU,SC,ASO,ES,Federal Contract Tower,0,22,46,0,68,0,49,73,0,122,0,71,119,0,190,164,0,164,354
06/25/2022,GMU,SC,ASO,ES,Federal Contract Tower,0,11,24,0,35,0,23,108,0,131,0,34,132,0,166,80,0,80,246
06/26/2022,GMU,SC,ASO,ES,Federal Contract Tower,0,27,15,0,42,0,6,105,1,112,0,33,120,1,154,20,0,20,174
06/27/2022,GMU,SC,ASO,ES,Federal Contract Tower,0,12,8,0,20,0,18,92,0,110,0,30,100,0,130,126,0,126,256
06/28/2022,GMU,SC,ASO,ES,Federal Contract Tower,0,16,21,0,37,0,22,108,0,130,0,38,129,0,167,48,0,48,215
06/29/2022,GMU,SC,ASO,ES,Federal Contract Tower,0,35,23,0,58,0,7,64,0,71,0,42,87,0,129,182,0,182,311
06/30/2022,GMU,SC,ASO,ES,Federal Contract Tower,0,34,35,0,69,0,17,105,0,122,0,51,140,0,191,204,0,204,395
07/01/2022,GMU,SC,ASO,ES,Federal Contract Tower,0,17,38,0,55,0,22,77,0,99,0,39,115,0,154,122,0,122,276
07/02/2022,GMU,SC,ASO,ES,Federal Contract Tower,0,19,18,0,37,0,5,41,0,46,0,24,59,0,83,40,0,40,123
07/03/2022,GMU,SC,ASO,ES,Federal Contract Tower,0,8,18,0,26,0,10,82,0,92,0,18,100,0,118,48,0,48,166
07/04/2022,GMU,SC,ASO,ES,Federal Contract Tower,0,4,18,0,22,0,25,59,0,84,0,29,77,0,106,58,0,58,164
07/05/2022,GMU,SC,ASO,ES,Federal Contract Tower,0,18,30,0,48,0,10,108,0,118,0,28,138,0,166,86,0,86,252
07/08/2022,GMU,SC,ASO,ES,Federal Contract Tower,0,18,31,0,49,0,23,114,0,137,0,41,145,0,186,118,0,118,304
07/09/2022,GMU,SC,ASO,ES,Federal Contract Tower,0,15,35,0,50,0,10,94,0,104,0,25,129,0,154,58,0,58,212
07/10/2022,GMU,SC,ASO,ES,Federal Contract Tower,0,19,16,0,35,0,0,6,0,6,0,19,22,0,41,4,0,4,45
07/11/2022,GMU,SC,ASO,ES,Federal Contract Tower,0,28,30,0,58,0,32,60,0,92,0,60,90,0,150,98,0,98,248
07/12/2022,GMU,SC,ASO,ES,Federal Contract Tower,0,14,13,0,27,0,34,166,2,202,0,48,179,2,229,38,0,38,267
07/13/2022,GMU,SC,ASO,ES,Federal Contract Tower,0,26,21,0,47,0,14,107,0,121,0,40,128,0,168,54,0,54,222
07/14/2022,GMU,SC,ASO,ES,Federal Contract Tower,0,24,15,0,39,0,22,134,3,159,0,46,149,3,198,112,0,112,310
07/15/2022,GMU,SC,ASO,ES,Federal Contract Tower,0,9,26,3,38,0,29,180,0,209,0,38,206,3,247,150,0,150,397
07/16/2022,GMU,SC,ASO,ES,Federal Contract Tower,0,15,29,0,44,0,12,118,7,137,0,27,147,7,181,52,4,56,237
07/17/2022,GMU,SC,ASO,ES,Federal Contract Tower,0,7,20,0,27,0,25,92,2,119,0,32,112,2,146,58,0,58,204
07/18/2022,GMU,SC,ASO,ES,Federal Contract Tower,0,18,7,0,25,0,26,103,0,129,0,44,110,0,154,106,0,106,260
07/19/2022,GMU,SC,ASO,ES,Federal Contract Tower,0,24,25,0,49,0,23,93,0,116,0,47,118,0,165,32,0,32,197
07/20/2022,GMU,SC,ASO,ES,Federal Contract Tower,0,29,30,1,60,0,22,65,2,89,0,51,95,3,149,62,0,62,211
07/21/2022,GMU,SC,ASO,ES,Federal Contract Tower,0,24,25,0,49,0,16,41,0,57,0,40,66,0,106,30,0,30,136
07/22/2022,GMU,SC,ASO,ES,Federal Contract Tower,0,17,32,0,49,0,21,185,0,206,0,38,217,0,255,42,0,42,297
07/23/2022,GMU,SC,ASO,ES,Federal Contract Tower,0,8,25,0,33,0,27,125,0,152,0,35,150,0,185,88,0,88,273
07/24/2022,GMU,SC,ASO,ES,Federal Contract Tower,0,16,17,0,33,0,20,74,0,94,0,36,91,0,127,32,0,32,159
07/25/2022,GMU,SC,ASO,ES,Federal Contract Tower,0,21,15,0,36,0,25,94,0,119,0,46,109,0,155,86,0,86,241
07/26/2022,GMU,SC,ASO,ES,Federal Contract Tower,0,19,25,0,44,0,39,94,0,133,0,58,119,0,177,54,0,54,231
07/27/2022,GMU,SC,ASO,ES,Federal Contract Tower,0,19,19,0,38,0,27,142,0,169,0,46,161,0,207,112,0,112,319
07/28/2022,GMU,SC,ASO,ES,Federal Contract Tower,0,30,23,0,53,0,35,124,0,159,0,65,147,0,212,14,0,14,226
07/29/2022,GMU,SC,ASO,ES,Federal Contract Tower,0,19,23,0,42,0,21,99,0,120,0,40,122,0,162,36,0,36,198
07/30/2022,GMU,SC,ASO,ES,Federal Contract Tower,0,10,30,0,40,0,8,78,0,86,0,18,108,0,126,46,0,46,172
07/31/2022,GMU,SC,ASO,ES,Federal Contract Tower,0,31,26,0,57,0,14,37,2,53,0,45,63,2,110,12,0,12,122
08/01/2022,GMU,SC,ASO,ES,Federal Contract Tower,0,11,20,0,31,0,11,57,2,70,0,22,77,2,101,32,0,32,133
08/02/2022,GMU,SC,ASO,ES,Federal Contract Tower,0,14,9,1,24,0,30,138,3,171,0,44,147,4,195,54,0,54,249
08/03/2022,GMU,SC,ASO,ES,Federal Contract Tower,0,25,31,0,56,0,34,124,2,160,0,59,155,2,216,22,0,22,238
08/04/2022,GMU,SC,ASO,ES,Federal Contract Tower,0,18,21,0,39,0,36,106,0,142,0,54,127,0,181,116,0,116,297
08/05/2022,GMU,SC,ASO,ES,Federal Contract Tower,0,16,26,0,42,0,25,126,0,151,0,41,152,0,193,230,0,230,423
08/06/2022,GMU,SC,ASO,ES,Federal Contract Tower,0,8,27,0,35,0,10,65,0,75,0,18,92,0,110,152,0,152,262
08/07/2022,GMU,SC,ASO,ES,Federal Contract Tower,0,9,26,0,35,0,16,95,2,113,0,25,121,2,148,112,0,112,260
08/08/2022,GMU,SC,ASO,ES,Federal Contract Tower,0,23,21,1,45,0,25,91,4,120,0,48,112,5,165,56,0,56,221
08/09/2022,GMU,SC,ASO,ES,Federal Contract Tower,0,16,33,0,49,0,16,120,4,140,0,32,153,4,189,104,0,104,293
08/10/2022,GMU,SC,ASO,ES,Federal Contract Tower,0,11,31,3,45,0,47,89,1,137,0,58,120,4,182,62,0,62,244
08/11/2022,GMU,SC,ASO,ES,Federal Contract Tower,0,23,19,2,44,0,25,99,2,126,0,48,118,4,170,72,0,72,242
08/12/2022,GMU,SC,ASO,ES,Federal Contract Tower,0,13,33,3,49,0,33,162,0,195,0,46,195,3,244,142,0,142,386
08/13/2022,GMU,SC,ASO,ES,Federal Contract Tower,0,13,35,0,48,0,33,184,0,217,0,46,219,0,265,68,0,68,333
08/14/2022,GMU,SC,ASO,ES,Federal Contract Tower,0,14,28,0,42,0,4,119,0,123,0,18,147,0,165,54,0,54,219
08/15/2022,GMU,SC,ASO,ES,Federal Contract Tower,0,15,26,0,41,0,16,109,0,125,0,31,135,0,166,78,0,78,244
08/16/2022,GMU,SC,ASO,ES,Federal Contract Tower,0,26,28,0,54,0,17,29,0,46,0,43,57,0,100,78,0,78,178
08/17/2022,GMU,SC,ASO,ES,Federal Contract Tower,0,36,23,0,59,0,28,101,2,131,0,64,124,2,190,106,0,106,296
08/18/2022,GMU,SC,ASO,ES,Federal Contract Tower,0,21,19,0,40,0,37,139,0,176,0,58,158,0,216,36,2,38,254
08/19/2022,GMU,SC,ASO,ES,Federal Contract Tower,0,29,33,2,64,0,20,53,0,73,0,49,86,2,137,164,0,164,301
08/20/2022,GMU,SC,ASO,ES,Federal Contract Tower,0,6,16,1,23,0,11,83,0,94,0,17,99,1,117,156,0,156,273
08/21/2022,GMU,SC,ASO,ES,Federal Contract Tower,0,15,24,1,40,0,2,42,0,44,0,17,66,1,84,84,0,84,168
08/22/2022,GMU,SC,ASO,ES,Federal Contract Tower,0,18,26,0,44,0,32,102,0,134,0,50,128,0,178,74,0,74,252
08/23/2022,GMU,SC,ASO,ES,Federal Contract Tower,0,29,24,0,53,0,48,147,1,196,0,77,171,1,249,24,0,24,273
08/24/2022,GMU,SC,ASO,ES,Federal Contract Tower,0,20,16,0,36,0,20,149,6,175,0,40,165,6,211,38,0,38,249
08/25/2022,GMU,SC,ASO,ES,Federal Contract Tower,0,18,16,0,34,0,38,103,0,141,0,56,119,0,175,60,0,60,235
08/26/2022,GMU,SC,ASO,ES,Federal Contract Tower,0,23,26,0,49,0,15,127,0,142,0,38,153,0,191,54,0,54,245
08/27/2022,GMU,SC,ASO,ES,Federal Contract Tower,0,16,20,0,36,0,14,137,0,151,0,30,157,0,187,68,0,68,255
08/28/2022,GMU,SC,ASO,ES,Federal Contract Tower,0,26,33,0,59,0,14,88,0,102,0,40,121,0,161,20,0,20,181
08/29/2022,GMU,SC,ASO,ES,Federal Contract Tower,0,9,21,0,30,0,21,144,0,165,0,30,165,0,195,80,0,80,275
08/30/2022,GMU,SC,ASO,ES,Federal Contract Tower,0,23,16,0,39,0,19,84,0,103,0,42,100,0,142,48,0,48,190
08/31/2022,GMU,SC,ASO,ES,Federal Contract Tower,0,20,24,0,44,0,14,167,2,183,0,34,191,2,227,64,0,64,291
09/01/2022,GMU,SC,ASO,ES,Federal Contract Tower,0,27,19,0,46,0,39,140,0,179,0,66,159,0,225,60,0,60,285
09/02/2022,GMU,SC,ASO,ES,Federal Contract Tower,0,27,14,0,41,0,22,132,0,154,0,49,146,0,195,78,0,78,273
09/03/2022,GMU,SC,ASO,ES,Federal Contract Tower,0,9,26,0,35,0,3,76,0,79,0,12,102,0,114,112,0,112,226
09/04/2022,GMU,SC,ASO,ES,Federal Contract Tower,0,10,12,0,22,0,0,8,0,8,0,10,20,0,30,6,0,6,36
09/05/2022,GMU,SC,ASO,ES,Federal Contract Tower,0,18,19,0,37,0,0,8,0,8,0,18,27,0,45,46,0,46,91
09/06/2022,GMU,SC,ASO,ES,Federal Contract Tower,0,24,29,0,53,0,49,126,0,175,0,73,155,0,228,54,0,54,282
09/07/2022,GMU,SC,ASO,ES,Federal Contract Tower,0,33,19,0,52,0,121,27,0,148,0,154,46,0,200,52,0,52,252
09/08/2022,GMU,SC,ASO,ES,Federal Contract Tower,0,38,25,0,63,0,15,120,0,135,0,53,145,0,198,64,0,64,262
09/09/2022,GMU,SC,ASO,ES,Federal Contract Tower,0,23,36,0,59,0,22,97,10,129,0,45,133,10,188,40,8,48,236
09/10/2022,GMU,SC,ASO,ES,Federal Contract Tower,0,6,15,0,21,0,0,0,0,0,0,6,15,0,21,0,0,0,21
09/11/2022,GMU,SC,ASO,ES,Federal Contract Tower,0,15,21,0,36,0,17,37,0,54,0,32,58,0,90,30,0,30,120
09/12/2022,GMU,SC,ASO,ES,Federal Contract Tower,0,28,24,0,52,0,15,103,0,118,0,43,127,0,170,20,0,20,190
09/13/2022,GMU,SC,ASO,ES,Federal Contract Tower,0,41,24,0,65,0,25,155,4,184,0,66,179,4,249,88,0,88,337
09/14/2022,GMU,SC,ASO,ES,Federal Contract Tower,0,31,20,0,51,0,20,157,2,179,0,51,177,2,230,94,0,94,324
09/15/2022,GMU,SC,ASO,ES,Federal Contract Tower,0,26,16,0,42,0,26,127,2,155,0,52,143,2,197,42,0,42,239
09/16/2022,GMU,SC,ASO,ES,Federal Contract Tower,0,29,35,0,64,0,31,171,0,202,0,60,206,0,266,82,0,82,348
09/17/2022,GMU,SC,ASO,ES,Federal Contract Tower,0,9,17,0,26,0,5,108,0,113,0,14,125,0,139,42,0,42,181
09/18/2022,GMU,SC,ASO,ES,Federal Contract Tower,0,22,45,0,67,0,1,94,0,95,0,23,139,0,162,20,2,22,184
09/19/2022,GMU,SC,ASO,ES,Federal Contract Tower,0,26,26,2,54,0,36,126,2,164,0,62,152,4,218,114,0,114,332
09/20/2022,GMU,SC,ASO,ES,Federal Contract Tower,0,32,16,1,49,0,20,134,2,156,0,52,150,3,205,78,0,78,283
09/21/2022,GMU,SC,ASO,ES,Federal Contract Tower,0,25,29,0,54,0,27,176,0,203,0,52,205,0,257,108,0,108,365
09/22/2022,GMU,SC,ASO,ES,Federal Contract Tower,0,30,26,1,57,0,27,102,3,132,0,57,128,4,189,28,0,28,217
09/23/2022,GMU,SC,ASO,ES,Federal Contract Tower,0,25,32,0,57,0,33,144,0,177,0,58,176,0,234,30,0,30,264
09/24/2022,GMU,SC,ASO,ES,Federal Contract Tower,0,10,25,0,35,0,24,158,0,182,0,34,183,0,217,20,0,20,237
09/25/2022,GMU,SC,ASO,ES,Federal Contract Tower,0,33,38,0,71,0,8,74,0,82,0,41,112,0,153,68,0,68,221
09/26/2022,GMU,SC,ASO,ES,Federal Contract Tower,0,22,23,0,45,0,28,163,0,191,0,50,186,0,236,86,0,86,322
09/27/2022,GMU,SC,ASO,ES,Federal Contract Tower,0,33,15,0,48,0,15,192,0,207,0,48,207,0,255,124,0,124,379
09/28/2022,GMU,SC,ASO,ES,Federal Contract Tower,0,38,22,0,60,0,26,184,0,210,0,64,206,0,270,88,0,88,358
09/29/2022,GMU,SC,ASO,ES,Federal Contract Tower,0,20,9,0,29,0,9,13,0,22,0,29,22,0,51,4,0,4,55
09/30/2022,GMU,SC,ASO,ES,Federal Contract Tower,0,10,2,0,12,0,2,0,0,2,0,12,2,0,14,0,0,0,14
10/01/2022,GMU,SC,ASO,ES,Federal Contract Tower,0,16,14,0,30,0,6,68,2,76,0,22,82,2,106,108,0,108,214
10/02/2022,GMU,SC,ASO,ES,Federal Contract Tower,0,23,18,0,41,0,4,94,0,98,0,27,112,0,139,94,0,94,233
10/03/2022,GMU,SC,ASO,ES,Federal Contract Tower,0,27,24,4,55,0,18,138,2,158,0,45,162,6,213,114,0,114,327
10/04/2022,GMU,SC,ASO,ES,Federal Contract Tower,0,30,10,0,40,0,16,155,0,171,0,46,165,0,211,60,0,60,271
10/05/2022,GMU,SC,ASO,ES,Federal Contract Tower,0,19,26,1,46,0,27,217,4,248,0,46,243,5,294,124,0,124,418
10/06/2022,GMU,SC,ASO,ES,Federal Contract Tower,0,30,28,0,58,0,25,188,7,220,0,55,216,7,278,92,0,92,370
10/07/2022,GMU,SC,ASO,ES,Federal Contract Tower,0,21,35,1,57,0,34,175,0,209,0,55,210,1,266,192,0,192,458
10/08/2022,GMU,SC,ASO,ES,Federal Contract Tower,0,13,18,2,33,0,13,136,0,149,0,26,154,2,182,122,0,122,304
10/09/2022,GMU,SC,ASO,ES,Federal Contract Tower,0,26,45,0,71,0,16,81,2,99,0,42,126,2,170,116,0,116,286
10/10/2022,GMU,SC,ASO,ES,Federal Contract Tower,0,18,26,0,44,0,34,183,7,224,0,52,209,7,268,52,4,56,324
10/11/2022,GMU,SC,ASO,ES,Federal Contract Tower,0,27,15,0,42,0,29,160,5,194,0,56,175,5,236,54,0,54,290
10/12/2022,GMU,SC,ASO,ES,Federal Contract Tower,0,51,29,0,80,0,10,0,0,10,0,61,29,0,90,0,0,0,90
10/13/2022,GMU,SC,ASO,ES,Federal Contract Tower,0,51,26,0,77,0,21,96,0,117,0,72,122,0,194,16,0,16,210
10/14/2022,GMU,SC,ASO,ES,Federal Contract Tower,0,33,43,0,76,0,37,230,0,267,0,70,273,0,343,112,0,112,455
10/15/2022,GMU,SC,ASO,ES,Federal Contract Tower,0,15,16,0,31,0,25,160,0,185,0,40,176,0,216,78,0,78,294
10/16/2022,GMU,SC,ASO,ES,Federal Contract Tower,0,31,37,0,68,0,25,94,2,121,0,56,131,2,189,102,0,102,291
10/17/2022,GMU,SC,ASO,ES,Federal Contract Tower,0,33,20,0,53,0,17,96,0,113,0,50,116,0,166,48,0,48,214
10/18/2022,GMU,SC,ASO,ES,Federal Contract Tower,0,32,13,1,46,0,15,117,4,136,0,47,130,5,182,28,0,28,210
10/19/2022,GMU,SC,ASO,ES,Federal Contract Tower,0,32,27,0,59,0,26,159,2,187,0,58,186,2,246,90,6,96,342
10/20/2022,GMU,SC,ASO,ES,Federal Contract Tower,0,30,37,1,68,0,35,141,0,176,0,65,178,1,244,68,0,68,312
10/21/2022,GMU,SC,ASO,ES,Federal Contract Tower,0,38,26,0,64,0,26,143,2,171,0,64,169,2,235,2,0,2,237
10/22/2022,GMU,SC,ASO,ES,Federal Contract Tower,0,14,13,0,27,0,16,126,0,142,0,30,139,0,169,164,0,164,333
10/23/2022,GMU,SC,ASO,ES,Federal Contract Tower,0,31,36,0,67,0,6,88,0,94,0,37,124,0,161,16,0,16,177
10/24/2022,GMU,SC,ASO,ES,Federal Contract Tower,0,16,22,1,39,0,11,128,18,157,0,27,150,19,196,198,0,198,394
10/25/2022,GMU,SC,ASO,ES,Federal Contract Tower,0,19,19,0,38,0,11,110,0,121,0,30,129,0,159,82,0,82,241
10/26/2022,GMU,SC,ASO,ES,Federal Contract Tower,0,27,48,0,75,0,11,52,1,64,0,38,100,1,139,42,0,42,181
10/27/2022,GMU,SC,ASO,ES,Federal Contract Tower,0,31,33,0,64,0,38,134,6,178,0,69,167,6,242,64,0,64,306
10/28/2022,GMU,SC,ASO,ES,Federal Contract Tower,0,15,30,0,45,0,28,147,7,182,0,43,177,7,227,78,0,78,305
10/29/2022,GMU,SC,ASO,ES,Federal Contract Tower,0,13,41,0,54,0,16,94,4,114,0,29,135,4,168,86,12,98,266
10/30/2022,GMU,SC,ASO,ES,Federal Contract Tower,0,18,33,1,52,0,0,0,0,0,0,18,33,1,52,0,0,0,52
10/31/2022,GMU,SC,ASO,ES,Federal Contract Tower,0,25,16,0,41,0,0,0,0,0,0,25,16,0,41,0,0,0,41
11/01/2022,GMU,SC,ASO,ES,Federal Contract Tower,0,33,15,0,48,0,52,130,1,183,0,85,145,1,231,94,4,98,329
11/02/2022,GMU,SC,ASO,ES,Federal Contract Tower,0,34,25,0,59,0,17,182,2,201,0,51,207,2,260,136,0,136,396
11/03/2022,GMU,SC,ASO,ES,Federal Contract Tower,0,28,22,0,50,0,30,221,2,253,0,58,243,2,303,110,0,110,413
11/04/2022,GMU,SC,ASO,ES,Federal Contract Tower,0,36,44,0,80,0,30,129,1,160,0,66,173,1,240,126,0,126,366
11/05/2022,GMU,SC,ASO,ES,Federal Contract Tower,0,26,9,0,35,0,0,4,0,4,0,26,13,0,39,6,0,6,45
11/06/2022,GMU,SC,ASO,ES,Federal Contract Tower,0,35,33,0,68,0,3,57,6,66,0,38,90,6,134,60,0,60,194
11/07/2022,GMU,SC,ASO,ES,Federal Contract Tower,0,25,16,0,41,0,17,75,1,93,0,42,91,1,134,46,0,46,180
11/08/2022,GMU,SC,ASO,ES,Federal Contract Tower,0,29,10,0,39,0,38,119,2,159,0,67,129,2,198,50,0,50,248
11/09/2022,GMU,SC,ASO,ES,Federal Contract Tower,0,24,15,0,39,0,20,75,2,97,0,44,90,2,136,38,0,38,174
11/10/2022,GMU,SC,ASO,ES,Federal Contract Tower,0,27,9,0,36,0,2,2,0,4,0,29,11,0,40,22,0,22,62
11/11/2022,GMU,SC,ASO,ES,Federal Contract Tower,0,15,6,0,21,0,0,0,0,0,0,15,6,0,21,0,0,0,21
11/12/2022,GMU,SC,ASO,ES,Federal Contract Tower,0,16,27,0,43,0,13,93,0,106,0,29,120,0,149,96,0,96,245
11/13/2022,GMU,SC,ASO,ES,Federal Contract Tower,0,20,20,0,40,0,20,159,0,179,0,40,179,0,219,76,0,76,295
11/14/2022,GMU,SC,ASO,ES,Federal Contract Tower,0,26,30,1,57,0,26,150,2,178,0,52,180,3,235,126,0,126,361
11/15/2022,GMU,SC,ASO,ES,Federal Contract Tower,0,46,6,0,52,0,0,0,0,0,0,46,6,0,52,0,0,0,52
11/16/2022,GMU,SC,ASO,ES,Federal Contract Tower,0,35,25,1,61,0,31,97,2,130,0,66,122,3,191,224,0,224,415
11/17/2022,GMU,SC,ASO,ES,Federal Contract Tower,0,35,26,0,61,0,21,149,4,174,0,56,175,4,235,176,0,176,411
11/18/2022,GMU,SC,ASO,ES,Federal Contract Tower,0,32,22,0,54,0,28,194,0,222,0,60,216,0,276,76,0,76,352
11/19/2022,GMU,SC,ASO,ES,Federal Contract Tower,0,15,12,0,27,0,17,115,0,132,0,32,127,0,159,98,0,98,257
11/20/2022,GMU,SC,ASO,ES,Federal Contract Tower,0,25,31,0,56,0,7,90,2,99,0,32,121,2,155,50,0,50,205
11/21/2022,GMU,SC,ASO,ES,Federal Contract Tower,0,30,19,2,51,0,24,128,5,157,0,54,147,7,208,88,0,88,296
11/22/2022,GMU,SC,ASO,ES,Federal Contract Tower,0,42,16,0,58,0,28,153,0,181,0,70,169,0,239,110,0,110,349
11/23/2022,GMU,SC,ASO,ES,Federal Contract Tower,0,41,23,0,64,0,21,162,4,187,0,62,185,4,251,52,0,52,303
11/24/2022,GMU,SC,ASO,ES,Federal Contract Tower,0,10,6,0,16,0,7,29,0,36,0,17,35,0,52,34,0,34,86
11/25/2022,GMU,SC,ASO,ES,Federal Contract Tower,0,15,20,0,35,0,28,29,0,57,0,43,49,0,92,92,0,92,184
11/26/2022,GMU,SC,ASO,ES,Federal Contract Tower,0,26,20,0,46,0,38,103,0,141,0,64,123,0,187,52,0,52,239
11/27/2022,GMU,SC,ASO,ES,Federal Contract Tower,0,47,25,0,72,0,7,18,0,25,0,54,43,0,97,0,0,0,97
11/28/2022,GMU,SC,ASO,ES,Federal Contract Tower,0,27,30,0,57,0,22,126,0,148,0,49,156,0,205,96,0,96,301
11/29/2022,GMU,SC,ASO,ES,Federal Contract Tower,0,36,11,2,49,0,36,158,4,198,0,72,169,6,247,76,0,76,323
11/30/2022,GMU,SC,ASO,ES,Federal Contract Tower,0,30,17,0,47,0,9,36,0,45,0,39,53,0,92,16,0,16,108
12/01/2022,GMU,SC,ASO,ES,Federal Contract Tower,0,34,26,0,60,0,26,127,0,153,0,60,153,0,213,68,0,68,281
12/02/2022,GMU,SC,ASO,ES,Federal Contract Tower,0,30,31,0,61,0,19,134,0,153,0,49,165,0,214,90,0,90,304
12/03/2022,GMU,SC,ASO,ES,Federal Contract Tower,0,21,25,0,46,0,0,2,0,2,0,21,27,0,48,12,0,12,60
12/04/2022,GMU,SC,ASO,ES,Federal Contract Tower,0,22,34,0,56,0,7,110,5,122,0,29,144,5,178,132,0,132,310
12/05/2022,GMU,SC,ASO,ES,Federal Contract Tower,0,26,22,0,48,0,4,27,0,31,0,30,49,0,79,96,0,96,175
12/06/2022,GMU,SC,ASO,ES,Federal Contract Tower,0,35,7,0,42,0,0,0,0,0,0,35,7,0,42,0,0,0,42
12/07/2022,GMU,SC,ASO,ES,Federal Contract Tower,0,33,3,0,36,0,0,0,0,0,0,33,3,0,36,0,0,0,36
12/08/2022,GMU,SC,ASO,ES,Federal Contract Tower,0,37,29,0,66,0,3,47,4,54,0,40,76,4,120,86,0,86,206
12/09/2022,GMU,SC,ASO,ES,Federal Contract Tower,0,15,14,0,29,0,0,0,0,0,0,15,14,0,29,0,0,0,29
12/10/2022,GMU,SC,ASO,ES,Federal Contract Tower,0,5,29,0,34,0,0,0,0,0,0,5,29,0,34,0,0,0,34
12/11/2022,GMU,SC,ASO,ES,Federal Contract Tower,0,9,25,0,34,0,2,15,0,17,0,11,40,0,51,66,0,66,117
12/12/2022,GMU,SC,ASO,ES,Federal Contract Tower,0,25,38,0,63,0,37,91,0,128,0,62,129,0,191,78,0,78,269
12/13/2022,GMU,SC,ASO,ES,Federal Contract Tower,0,27,41,0,68,0,27,188,2,217,0,54,229,2,285,150,0,150,435
12/14/2022,GMU,SC,ASO,ES,Federal Contract Tower,0,27,19,0,46,0,7,13,0,20,0,34,32,0,66,76,0,76,142
12/15/2022,GMU,SC,ASO,ES,Federal Contract Tower,0,44,31,0,75,0,3,4,0,7,0,47,35,0,82,2,0,2,84
12/16/2022,GMU,SC,ASO,ES,Federal Contract Tower,0,18,35,0,53,0,27,190,0,217,0,45,225,0,270,100,0,100,370
12/17/2022,GMU,SC,ASO,ES,Federal Contract Tower,0,19,18,0,37,0,14,113,2,129,0,33,131,2,166,70,0,70,236
12/18/2022,GMU,SC,ASO,ES,Federal Contract Tower,0,16,16,0,32,0,11,173,0,184,0,27,189,0,216,120,0,120,336
12/19/2022,GMU,SC,ASO,ES,Federal Contract Tower,0,19,16,0,35,0,36,162,0,198,0,55,178,0,233,86,0,86,319
12/20/2022,GMU,SC,ASO,ES,Federal Contract Tower,0,17,15,0,32,0,9,113,4,126,0,26,128,4,158,138,0,138,296
12/21/2022,GMU,SC,ASO,ES,Federal Contract Tower,0,27,16,0,43,0,22,156,0,178,0,49,172,0,221,84,0,84,305
12/22/2022,GMU,SC,ASO,ES,Federal Contract Tower,0,30,6,0,36,0,2,1,0,3,0,32,7,0,39,0,0,0,39
12/23/2022,GMU,SC,ASO,ES,Federal Contract Tower,0,9,1,0,10,0,11,8,0,19,0,20,9,0,29,0,0,0,29
12/24/2022,GMU,SC,ASO,ES,Federal Contract Tower,0,7,7,0,14,0,13,29,0,42,0,20,36,0,56,50,0,50,106
12/25/2022,GMU,SC,ASO,ES,Federal Contract Tower,0,4,7,0,11,0,9,13,0,22,0,13,20,0,33,6,0,6,39
12/26/2022,GMU,SC,ASO,ES,Federal Contract Tower,0,13,23,0,36,0,32,110,0,142,0,45,133,0,178,82,0,82,260
12/27/2022,GMU,SC,ASO,ES,Federal Contract Tower,0,16,28,0,44,0,31,156,0,187,0,47,184,0,231,94,0,94,325
12/28/2022,GMU,SC,ASO,ES,Federal Contract Tower,0,18,18,0,36,0,24,165,0,189,0,42,183,0,225,80,0,80,305
12/29/2022,GMU,SC,ASO,ES,Federal Contract Tower,0,18,27,2,47,0,31,188,0,219,0,49,215,2,266,30,0,30,296
12/30/2022,GMU,SC,ASO,ES,Federal Contract Tower,0,26,32,1,59,0,8,64,14,86,0,34,96,15,145,54,2,56,201
12/31/2022,GMU,SC,ASO,ES,Federal Contract Tower,0,5,7,0,12,0,0,0,0,0,0,5,7,0,12,0,0,0,12
01/01/2023,GMU,SC,ASO,ES,Federal Contract Tower,0,14,9,0,23,0,0,0,0,0,0,14,9,0,23,0,0,0,23
01/02/2023,GMU,SC,ASO,ES,Federal Contract Tower,0,17,17,0,34,0,8,161,0,169,0,25,178,0,203,86,0,86,289
01/03/2023,GMU,SC,ASO,ES,Federal Contract Tower,0,20,8,0,28,0,0,0,0,0,0,20,8,0,28,4,0,4,32
01/04/2023,GMU,SC,ASO,ES,Federal Contract Tower,0,13,7,0,20,0,3,2,0,5,0,16,9,0,25,4,0,4,29
01/05/2023,GMU,SC,ASO,ES,Federal Contract Tower,0,11,19,0,30,0,23,149,3,175,0,34,168,3,205,40,0,40,245
01/06/2023,GMU,SC,ASO,ES,Federal Contract Tower,0,14,20,0,34,0,32,200,0,232,0,46,220,0,266,104,0,104,370
01/07/2023,GMU,SC,ASO,ES,Federal Contract Tower,0,15,23,0,38,0,13,189,0,202,0,28,212,0,240,144,0,144,384
01/08/2023,GMU,SC,ASO,ES,Federal Contract Tower,0,16,22,0,38,0,14,80,0,94,0,30,102,0,132,78,0,78,210
01/09/2023,GMU,SC,ASO,ES,Federal Contract Tower,0,19,28,0,47,0,44,142,0,186,0,63,170,0,233,60,0,60,293
01/10/2023,GMU,SC,ASO,ES,Federal Contract Tower,0,23,14,1,38,0,46,175,2,223,0,69,189,3,261,22,0,22,283
01/11/2023,GMU,SC,ASO,ES,Federal Contract Tower,0,26,32,0,58,0,27,164,2,193,0,53,196,2,251,84,0,84,335
01/12/2023,GMU,SC,ASO,ES,Federal Contract Tower,0,21,5,0,26,0,0,3,0,3,0,21,8,0,29,0,0,0,29
01/13/2023,GMU,SC,ASO,ES,Federal Contract Tower,0,28,20,0,48,0,25,109,1,135,0,53,129,1,183,58,0,58,241
01/14/2023,GMU,SC,ASO,ES,Federal Contract Tower,0,8,12,0,20,0,10,77,0,87,0,18,89,0,107,40,0,40,147
01/15/2023,GMU,SC,ASO,ES,Federal Contract Tower,0,17,30,0,47,0,14,115,8,137,0,31,145,8,184,84,0,84,268
01/16/2023,GMU,SC,ASO,ES,Federal Contract Tower,0,16,22,0,38,0,20,171,3,194,0,36,193,3,232,100,0,100,332
01/17/2023,GMU,SC,ASO,ES,Federal Contract Tower,0,19,14,0,33,0,0,2,0,2,0,19,16,0,35,6,0,6,41
01/18/2023,GMU,SC,ASO,ES,Federal Contract Tower,0,26,38,0,64,0,14,45,0,59,0,40,83,0,123,134,0,134,257
01/19/2023,GMU,SC,ASO,ES,Federal Contract Tower,0,24,21,0,45,0,13,7,12,32,0,37,28,12,77,8,4,12,89
01/20/2023,GMU,SC,ASO,ES,Federal Contract Tower,0,14,17,0,31,0,43,201,3,247,0,57,218,3,278,94,0,94,372
01/21/2023,GMU,SC,ASO,ES,Federal Contract Tower,0,10,29,0,39,0,11,189,0,200,0,21,218,0,239,68,0,68,307
01/22/2023,GMU,SC,ASO,ES,Federal Contract Tower,0,22,9,0,31,0,0,0,0,0,0,22,9,0,31,0,0,0,31
01/23/2023,GMU,SC,ASO,ES,Federal Contract Tower,0,17,26,0,43,0,27,145,0,172,0,44,171,0,215,88,0,88,303
01/24/2023,GMU,SC,ASO,ES,Federal Contract Tower,0,24,17,0,41,0,24,170,0,194,0,48,187,0,235,98,0,98,333
01/25/2023,GMU,SC,ASO,ES,Federal Contract Tower,0,18,3,0,21,0,2,0,0,2,0,20,3,0,23,0,0,0,23
01/26/2023,GMU,SC,ASO,ES,Federal Contract Tower,0,17,18,0,35,0,35,159,1,195,0,52,177,1,230,92,0,92,322
01/27/2023,GMU,SC,ASO,ES,Federal Contract Tower,0,28,30,0,58,0,30,206,8,244,0,58,236,8,302,62,0,62,364
01/28/2023,GMU,SC,ASO,ES,Federal Contract Tower,0,6,25,0,31,0,16,241,2,259,0,22,266,2,290,100,0,100,390
01/29/2023,GMU,SC,ASO,ES,Federal Contract Tower,0,10,25,0,35,0,19,36,1,56,0,29,61,1,91,104,0,104,195
01/30/2023,GMU,SC,ASO,ES,Federal Contract Tower,0,20,25,0,45,0,23,65,0,88,0,43,90,0,133,70,0,70,203
01/31/2023,GMU,SC,ASO,ES,Federal Contract Tower,0,19,6,0,25,0,9,0,0,9,0,28,6,0,34,0,0,0,34
02/01/2023,GMU,SC,ASO,ES,Federal Contract Tower,0,19,28,0,47,0,17,52,2,71,0,36,80,2,118,52,6,58,176
02/02/2023,GMU,SC,ASO,ES,Federal Contract Tower,0,35,6,0,41,0,0,0,0,0,0,35,6,0,41,0,0,0,41
02/03/2023,GMU,SC,ASO,ES,Federal Contract Tower,0,17,17,0,34,0,21,176,0,197,0,38,193,0,231,78,0,78,309
02/04/2023,GMU,SC,ASO,ES,Federal Contract Tower,0,10,27,0,37,0,35,201,4,240,0,45,228,4,277,56,0,56,333
02/05/2023,GMU,SC,ASO,ES,Federal Contract Tower,0,17,19,0,36,0,22,111,0,133,0,39,130,0,169,72,0,72,241
02/07/2023,GMU,SC,ASO,ES,Federal Contract Tower,0,17,8,0,25,0,14,136,11,161,0,31,144,11,186,68,4,72,258
02/08/2023,GMU,SC,ASO,ES,Federal Contract Tower,0,15,18,2,35,0,40,174,0,214,0,55,192,2,249,178,0,178,427
02/09/2023,GMU,SC,ASO,ES,Federal Contract Tower,0,26,14,2,42,0,16,38,0,54,0,42,52,2,96,66,0,66,162
02/10/2023,GMU,SC,ASO,ES,Federal Contract Tower,0,20,19,0,39,0,19,124,0,143,0,39,143,0,182,102,0,102,284
02/11/2023,GMU,SC,ASO,ES,Federal Contract Tower,0,9,17,0,26,0,4,87,0,91,0,13,104,0,117,14,0,14,131
02/12/2023,GMU,SC,ASO,ES,Federal Contract Tower,0,18,2,0,20,0,0,0,0,0,0,18,2,0,20,0,0,0,20
02/13/2023,GMU,SC,ASO,ES,Federal Contract Tower,0,17,25,5,47,0,24,169,1,194,0,41,194,6,241,84,0,84,325
02/14/2023,GMU,SC,ASO,ES,Federal Contract Tower,0,23,14,0,37,0,31,157,0,188,0,54,171,0,225,46,0,46,271
02/15/2023,GMU,SC,ASO,ES,Federal Contract Tower,0,42,40,0,82,0,6,65,0,71,0,48,105,0,153,124,0,124,277
02/16/2023,GMU,SC,ASO,ES,Federal Contract Tower,0,27,23,2,52,0,26,103,0,129,0,53,126,2,181,174,0,174,355
02/17/2023,GMU,SC,ASO,ES,Federal Contract Tower,0,29,18,2,49,0,20,44,0,64,0,49,62,2,113,68,0,68,181
02/18/2023,GMU,SC,ASO,ES,Federal Contract Tower,0,12,23,1,36,0,15,230,0,245,0,27,253,1,281,104,0,104,385
02/19/2023,GMU,SC,ASO,ES,Federal Contract Tower,0,24,19,0,43,0,6,100,0,106,0,30,119,0,149,102,0,102,251
02/20/2023,GMU,SC,ASO,ES,Federal Contract Tower,0,16,14,0,30,0,19,163,0,182,0,35,177,0,212,40,0,40,252
02/21/2023,GMU,SC,ASO,ES,Federal Contract Tower,0,11,22,1,34,0,41,82,6,129,0,52,104,7,163,54,6,60,223
02/22/2023,GMU,SC,ASO,ES,Federal Contract Tower,0,27,29,2,58,0,17,68,0,85,0,44,97,2,143,54,0,54,197
02/23/2023,GMU,SC,ASO,ES,Federal Contract Tower,0,25,34,0,59,0,16,57,0,73,0,41,91,0,132,90,0,90,222
02/24/2023,GMU,SC,ASO,ES,Federal Contract Tower,0,28,36,11,75,0,31,151,0,182,0,59,187,11,257,220,0,220,477
02/25/2023,GMU,SC,ASO,ES,Federal Contract Tower,0,13,26,0,39,0,0,5,0,5,0,13,31,0,44,60,0,60,104
02/26/2023,GMU,SC,ASO,ES,Federal Contract Tower,0,20,19,2,41,0,9,79,3,91,0,29,98,5,132,44,0,44,176
02/27/2023,GMU,SC,ASO,ES,Federal Contract Tower,0,23,10,0,33,0,9,18,0,27,0,32,28,0,60,58,0,58,118
02/28/2023,GMU,SC,ASO,ES,Federal Contract Tower,0,23,21,2,46,0,18,236,4,258,0,41,257,6,304,76,0,76,380
03/01/2023,GMU,SC,ASO,ES,Federal Contract Tower,0,35,14,0,49,0,28,207,7,242,0,63,221,7,291,162,0,162,453
03/02/2023,GMU,SC,ASO,ES,Federal Contract Tower,0,29,19,2,50,0,25,79,6,110,0,54,98,8,160,228,0,228,388
03/03/2023,GMU,SC,ASO,ES,Federal Contract Tower,0,35,11,0,46,0,0,18,0,18,0,35,29,0,64,12,0,12,76
03/04/2023,GMU,SC,ASO,ES,Federal Contract Tower,0,27,28,0,55,0,21,267,11,299,0,48,295,11,354,96,94,190,544
03/05/2023,GMU,SC,ASO,ES,Federal Contract Tower,0,19,20,0,39,0,11,170,6,187,0,30,190,6,226,84,0,84,310
03/06/2023,GMU,SC,ASO,ES,Federal Contract Tower,0,28,19,1,48,0,30,164,2,196,0,58,183,3,244,90,0,90,334
03/07/2023,GMU,SC,ASO,ES,Federal Contract Tower,0,35,6,0,41,0,27,157,2,186,0,62,163,2,227,88,0,88,315
03/08/2023,GMU,SC,ASO,ES,Federal Contract Tower,0,18,17,1,36,0,51,238,2,291,0,69,255,3,327,118,0,118,445
03/09/2023,GMU,SC,ASO,ES,Federal Contract Tower,0,25,20,0,45,0,22,228,0,250,0,47,248,0,295,102,0,102,397
03/10/2023,GMU,SC,ASO,ES,Federal Contract Tower,0,18,35,0,53,0,28,36,0,64,0,46,71,0,117,6,0,6,123
03/11/2023,GMU,SC,ASO,ES,Federal Contract Tower,0,15,15,0,30,0,17,179,0,196,0,32,194,0,226,54,0,54,280
03/12/2023,GMU,SC,ASO,ES,Federal Contract Tower,0,14,1,0,15,0,0,0,0,0,0,14,1,0,15,0,0,0,15
03/13/2023,GMU,SC,ASO,ES,Federal Contract Tower,0,27,29,3,59,0,18,124,0,142,0,45,153,3,201,132,0,132,333
03/14/2023,GMU,SC,ASO,ES,Federal Contract Tower,0,22,18,0,40,0,54,157,2,213,0,76,175,2,253,126,0,126,379
03/15/2023,GMU,SC,ASO,ES,Federal Contract Tower,0,23,16,0,39,0,40,198,0,238,0,63,214,0,277,54,0,54,331
03/16/2023,GMU,SC,ASO,ES,Federal Contract Tower,0,30,31,0,61,0,53,158,0,211,0,83,189,0,272,72,0,72,344
03/17/2023,GMU,SC,ASO,ES,Federal Contract Tower,0,23,15,0,38,0,2,2,0,4,0,25,17,0,42,12,0,12,54
03/18/2023,GMU,SC,ASO,ES,Federal Contract Tower,0,17,13,1,31,0,8,144,0,152,0,25,157,1,183,84,0,84,267
03/19/2023,GMU,SC,ASO,ES,Federal Contract Tower,0,13,20,0,33,0,12,140,2,154,0,25,160,2,187,98,0,98,285
03/20/2023,GMU,SC,ASO,ES,Federal Contract Tower,0,18,19,2,39,0,46,139,0,185,0,64,158,2,224,86,2,88,312
03/21/2023,GMU,SC,ASO,ES,Federal Contract Tower,0,16,18,0,34,0,32,216,2,250,0,48,234,2,284,100,0,100,384
03/22/2023,GMU,SC,ASO,ES,Federal Contract Tower,0,34,19,0,53,0,31,38,0,69,0,65,57,0,122,194,0,194,316
03/23/2023,GMU,SC,ASO,ES,Federal Contract Tower,0,28,18,0,46,0,24,136,5,165,0,52,154,5,211,136,2,138,349
03/24/2023,GMU,SC,ASO,ES,Federal Contract Tower,0,24,26,0,50,0,46,126,2,174,0,70,152,2,224,60,0,60,284
03/25/2023,GMU,SC,ASO,ES,Federal Contract Tower,0,14,9,0,23,0,2,14,0,16,0,16,23,0,39,68,0,68,107
03/26/2023,GMU,SC,ASO,ES,Federal Contract Tower,0,16,17,0,33,0,6,87,0,93,0,22,104,0,126,162,0,162,288
03/27/2023,GMU,SC,ASO,ES,Federal Contract Tower,0,34,17,1,52,0,57,74,0,131,0,91,91,1,183,100,0,100,283
03/28/2023,GMU,SC,ASO,ES,Federal Contract Tower,0,35,11,0,46,0,33,196,0,229,0,68,207,0,275,136,6,142,417
03/29/2023,GMU,SC,ASO,ES,Federal Contract Tower,0,42,25,0,67,0,57,199,0,256,0,99,224,0,323,28,0,28,351
03/30/2023,GMU,SC,ASO,ES,Federal Contract Tower,0,27,15,2,44,0,43,151,21,215,0,70,166,23,259,88,2,90,349
03/31/2023,GMU,SC,ASO,ES,Federal Contract Tower,0,31,27,0,58,0,26,179,0,205,0,57,206,0,263,120,0,120,383
04/01/2023,GMU,SC,ASO,ES,Federal Contract Tower,0,25,4,0,29,0,6,9,6,21,0,31,13,6,50,0,0,0,50
04/02/2023,GMU,SC,ASO,ES,Federal Contract Tower,0,18,26,0,44,0,15,166,2,183,0,33,192,2,227,40,0,40,267
04/03/2023,GMU,SC,ASO,ES,Federal Contract Tower,0,28,24,1,53,0,54,91,5,150,0,82,115,6,203,66,0,66,269
04/04/2023,GMU,SC,ASO,ES,Federal Contract Tower,0,24,28,0,52,0,15,172,1,188,0,39,200,1,240,144,0,144,384
04/05/2023,GMU,SC,ASO,ES,Federal Contract Tower,0,29,30,0,59,0,39,100,0,139,0,68,130,0,198,80,0,80,278
04/06/2023,GMU,SC,ASO,ES,Federal Contract Tower,0,30,29,0,59,0,31,174,6,211,0,61,203,6,270,32,0,32,302
04/07/2023,GMU,SC,ASO,ES,Federal Contract Tower,0,25,10,0,35,0,2,0,0,2,0,27,10,0,37,0,0,0,37
04/08/2023,GMU,SC,ASO,ES,Federal Contract Tower,0,9,0,0,9,0,0,0,2,2,0,9,0,2,11,0,0,0,11
04/09/2023,GMU,SC,ASO,ES,Federal Contract Tower,0,13,10,0,23,0,8,19,0,27,0,21,29,0,50,0,0,0,50
04/10/2023,GMU,SC,ASO,ES,Federal Contract Tower,0,26,32,0,58,0,46,132,0,178,0,72,164,0,236,4,0,4,240
04/11/2023,GMU,SC,ASO,ES,Federal Contract Tower,0,21,26,0,47,0,36,236,0,272,0,57,262,0,319,86,0,86,405
04/12/2023,GMU,SC,ASO,ES,Federal Contract Tower,0,25,24,0,49,0,48,190,9,247,0,73,214,9,296,42,0,42,338
04/13/2023,GMU,SC,ASO,ES,Federal Contract Tower,0,39,17,0,56,0,62,172,15,249,0,101,189,15,305,54,0,54,359
04/14/2023,GMU,SC,ASO,ES,Federal Contract Tower,0,23,19,0,42,0,3,25,0,28,0,26,44,0,70,2,0,2,72
04/15/2023,GMU,SC,ASO,ES,Federal Contract Tower,0,15,31,1,47,0,26,135,2,163,0,41,166,3,210,66,0,66,276
04/16/2023,GMU,SC,ASO,ES,Federal Contract Tower,0,23,13,0,36,0,11,29,0,40,0,34,42,0,76,38,0,38,114
04/17/2023,GMU,SC,ASO,ES,Federal Contract Tower,0,30,21,0,51,0,44,111,0,155,0,74,132,0,206,54,0,54,260
04/18/2023,GMU,SC,ASO,ES,Federal Contract Tower,0,17,21,0,38,0,41,188,0,229,0,58,209,0,267,78,0,78,345
04/19/2023,GMU,SC,ASO,ES,Federal Contract Tower,0,30,19,3,52,0,64,196,2,262,0,94,215,5,314,152,0,152,466
04/20/2023,GMU,SC,ASO,ES,Federal Contract Tower,0,32,18,0,50,0,37,203,0,240,0,69,221,0,290,94,0,94,384
04/21/2023,GMU,SC,ASO,ES,Federal Contract Tower,0,24,33,1,58,0,64,139,2,205,0,88,172,3,263,64,0,64,327
04/22/2023,GMU,SC,ASO,ES,Federal Contract Tower,0,11,20,0,31,0,20,25,0,45,0,31,45,0,76,76,0,76,152
04/23/2023,GMU,SC,ASO,ES,Federal Contract Tower,0,15,21,0,36,0,11,90,0,101,0,26,111,0,137,86,0,86,223
04/24/2023,GMU,SC,ASO,ES,Federal Contract Tower,0,19,15,2,36,0,67,175,2,244,0,86,190,4,280,100,0,100,380
04/25/2023,GMU,SC,ASO,ES,Federal Contract Tower,0,29,21,2,52,0,34,148,10,192,0,63,169,12,244,56,0,56,300
04/26/2023,GMU,SC,ASO,ES,Federal Contract Tower,0,34,24,0,58,0,18,18,0,36,0,52,42,0,94,56,0,56,150
04/27/2023,GMU,SC,ASO,ES,Federal Contract Tower,0,38,17,0,55,0,8,2,0,10,0,46,19,0,65,0,0,0,65
04/28/2023,GMU,SC,ASO,ES,Federal Contract Tower,0,36,19,0,55,0,31,44,0,75,0,67,63,0,130,46,0,46,176
04/29/2023,GMU,SC,ASO,ES,Federal Contract Tower,0,23,25,0,48,0,23,143,1,167,0,46,168,1,215,72,2,74,289
04/30/2023,GMU,SC,ASO,ES,Federal Contract Tower,0,27,22,0,49,0,8,27,0,35,0,35,49,0,84,62,0,62,146
05/01/2023,GMU,SC,ASO,ES,Federal Contract Tower,0,23,8,0,31,0,46,44,0,90,0,69,52,0,121,22,0,22,143
05/02/2023,GMU,SC,ASO,ES,Federal Contract Tower,0,12,1,0,13,0,27,39,0,66,0,39,40,0,79,42,0,42,121
05/03/2023,GMU,SC,ASO,ES,Federal Contract Tower,0,31,12,0,43,0,66,125,0,191,0,97,137,0,234,82,0,82,316
05/04/2023,GMU,SC,ASO,ES,Federal Contract Tower,0,36,28,0,64,0,50,224,2,276,0,86,252,2,340,78,0,78,418
05/05/2023,GMU,SC,ASO,ES,Federal Contract Tower,0,28,21,0,49,0,49,167,3,219,0,77,188,3,268,26,0,26,294
05/06/2023,GMU,SC,ASO,ES,Federal Contract Tower,0,19,17,0,36,0,34,130,0,164,0,53,147,0,200,72,0,72,272
05/07/2023,GMU,SC,ASO,ES,Federal Contract Tower,0,31,8,0,39,0,27,81,0,108,0,58,89,0,147,46,0,46,193
05/08/2023,GMU,SC,ASO,ES,Federal Contract Tower,0,29,21,0,50,0,29,64,0,93,0,58,85,0,143,20,0,20,163
05/09/2023,GMU,SC,ASO,ES,Federal Contract Tower,0,15,15,0,30,0,29,104,0,133,0,44,119,0,163,42,2,44,207
05/10/2023,GMU,SC,ASO,ES,Federal Contract Tower,0,34,31,0,65,0,38,141,11,190,0,72,172,11,255,76,0,76,331
05/11/2023,GMU,SC,ASO,ES,Federal Contract Tower,0,37,20,0,57,0,33,150,6,189,0,70,170,6,246,86,0,86,332
05/12/2023,GMU,SC,ASO,ES,Federal Contract Tower,0,17,30,0,47,0,13,10,1,24,0,30,40,1,71,8,0,8,79
05/13/2023,GMU,SC,ASO,ES,Federal Contract Tower,0,17,18,0,35,0,23,37,2,62,0,40,55,2,97,50,0,50,147
05/14/2023,GMU,SC,ASO,ES,Federal Contract Tower,0,25,6,0,31,0,30,69,0,99,0,55,75,0,130,20,0,20,150
05/15/2023,GMU,SC,ASO,ES,Federal Contract Tower,0,30,12,1,43,0,63,105,0,168,0,93,117,1,211,74,0,74,285
05/16/2023,GMU,SC,ASO,ES,Federal Contract Tower,0,37,24,1,62,0,8,58,0,66,0,45,82,1,128,80,0,80,208
05/17/2023,GMU,SC,ASO,ES,Federal Contract Tower,0,31,21,0,52,0,31,116,2,149,0,62,137,2,201,82,0,82,283
05/18/2023,GMU,SC,ASO,ES,Federal Contract Tower,0,43,27,0,70,0,35,13,2,50,0,78,40,2,120,38,0,38,158
05/19/2023,GMU,SC,ASO,ES,Federal Contract Tower,0,29,36,0,65,0,38,104,0,142,0,67,140,0,207,104,0,104,311
05/20/2023,GMU,SC,ASO,ES,Federal Contract Tower,0,21,28,0,49,0,33,40,2,75,0,54,68,2,124,58,0,58,182
05/21/2023,GMU,SC,ASO,ES,Federal Contract Tower,0,19,26,0,45,0,37,76,0,113,0,56,102,0,158,24,4,28,186
05/22/2023,GMU,SC,ASO,ES,Federal Contract Tower,0,25,20,0,45,0,52,122,0,174,0,77,142,0,219,26,0,26,245
05/23/2023,GMU,SC,ASO,ES,Federal Contract Tower,0,31,18,0,49,0,41,141,2,184,0,72,159,2,233,32,0,32,265
05/24/2023,GMU,SC,ASO,ES,Federal Contract Tower,0,26,28,0,54,0,35,150,1,186,0,61,178,1,240,114,0,114,354
05/25/2023,GMU,SC,ASO,ES,Federal Contract Tower,0,22,22,0,44,0,33,118,0,151,0,55,140,0,195,32,0,32,227
05/26/2023,GMU,SC,ASO,ES,Federal Contract Tower,0,21,21,0,42,0,20,41,0,61,0,41,62,0,103,4,0,4,107
05/27/2023,GMU,SC,ASO,ES,Federal Contract Tower,0,6,7,0,13,0,5,13,2,20,0,11,20,2,33,0,0,0,33
05/28/2023,GMU,SC,ASO,ES,Federal Contract Tower,0,7,8,0,15,0,0,2,0,2,0,7,10,0,17,0,0,0,17
05/29/2023,GMU,SC,ASO,ES,Federal Contract Tower,0,21,24,0,45,0,47,127,3,177,0,68,151,3,222,52,0,52,274
05/30/2023,GMU,SC,ASO,ES,Federal Contract Tower,0,18,24,2,44,0,21,58,2,81,0,39,82,4,125,32,0,32,157
05/31/2023,GMU,SC,ASO,ES,Federal Contract Tower,0,30,36,0,66,0,39,65,0,104,0,69,101,0,170,76,0,76,246
06/01/2023,GMU,SC,ASO,ES,Federal Contract Tower,0,43,19,0,62,0,40,168,2,210,0,83,187,2,272,70,0,70,342
06/02/2023,GMU,SC,ASO,ES,Federal Contract Tower,0,23,31,0,54,0,23,162,0,185,0,46,193,0,239,60,0,60,299
06/03/2023,GMU,SC,ASO,ES,Federal Contract Tower,0,7,12,0,19,0,11,111,0,122,0,18,123,0,141,38,0,38,179
06/04/2023,GMU,SC,ASO,ES,Federal Contract Tower,0,14,14,0,28,0,4,60,0,64,0,18,74,0,92,22,0,22,114
06/05/2023,GMU,SC,ASO,ES,Federal Contract Tower,0,26,21,0,47,0,21,62,0,83,0,47,83,0,130,210,0,210,340
06/06/2023,GMU,SC,ASO,ES,Federal Contract Tower,0,35,11,0,46,0,43,110,0,153,0,78,121,0,199,60,0,60,259
06/07/2023,GMU,SC,ASO,ES,Federal Contract Tower,0,29,23,0,52,0,28,168,2,198,0,57,191,2,250,82,0,82,332
06/08/2023,GMU,SC,ASO,ES,Federal Contract Tower,0,27,31,0,58,0,10,2,4,16,0,37,33,4,74,68,0,68,142
06/09/2023,GMU,SC,ASO,ES,Federal Contract Tower,0,29,31,0,60,0,30,132,0,162,0,59,163,0,222,20,0,20,242
06/10/2023,GMU,SC,ASO,ES,Federal Contract Tower,0,16,20,0,36,0,33,174,2,209,0,49,194,2,245,50,0,50,295
06/11/2023,GMU,SC,ASO,ES,Federal Contract Tower,0,20,14,0,34,0,6,2,0,8,0,26,16,0,42,0,0,0,42
06/12/2023,GMU,SC,ASO,ES,Federal Contract Tower,0,19,22,0,41,0,33,84,0,117,0,52,106,0,158,26,0,26,184
06/13/2023,GMU,SC,ASO,ES,Federal Contract Tower,0,21,8,0,29,0,30,134,2,166,0,51,142,2,195,48,0,48,243
06/14/2023,GMU,SC,ASO,ES,Federal Contract Tower,0,24,11,0,35,0,17,61,3,81,0,41,72,3,116,98,0,98,214
06/15/2023,GMU,SC,ASO,ES,Federal Contract Tower,0,19,21,1,41,0,10,125,0,135,0,29,146,1,176,68,0,68,244
06/16/2023,GMU,SC,ASO,ES,Federal Contract Tower,0,27,24,0,51,0,22,194,10,226,0,49,218,10,277,72,16,88,365
06/17/2023,GMU,SC,ASO,ES,Federal Contract Tower,0,15,23,0,38,0,36,129,1,166,0,51,152,1,204,38,0,38,242
06/18/2023,GMU,SC,ASO,ES,Federal Contract Tower,0,20,25,0,45,0,9,85,0,94,0,29,110,0,139,72,0,72,211
06/19/2023,GMU,SC,ASO,ES,Federal Contract Tower,0,20,10,0,30,0,4,5,0,9,0,24,15,0,39,16,0,16,55
06/20/2023,GMU,SC,ASO,ES,Federal Contract Tower,0,13,5,0,18,0,2,2,0,4,0,15,7,0,22,0,0,0,22
06/21/2023,GMU,SC,ASO,ES,Federal Contract Tower,0,31,14,0,45,0,0,0,0,0,0,31,14,0,45,0,0,0,45
06/22/2023,GMU,SC,ASO,ES,Federal Contract Tower,0,31,12,0,43,0,0,0,0,0,0,31,12,0,43,0,0,0,43
06/23/2023,GMU,SC,ASO,ES,Federal Contract Tower,0,23,21,0,44,0,32,79,0,111,0,55,100,0,155,100,0,100,255
06/24/2023,GMU,SC,ASO,ES,Federal Contract Tower,0,18,21,0,39,0,10,132,0,142,0,28,153,0,181,98,0,98,279
06/25/2023,GMU,SC,ASO,ES,Federal Contract Tower,0,25,17,0,42,0,17,103,0,120,0,42,120,0,162,72,0,72,234
06/26/2023,GMU,SC,ASO,ES,Federal Contract Tower,0,14,18,0,32,0,51,107,6,164,0,65,125,6,196,82,0,82,278
06/27/2023,GMU,SC,ASO,ES,Federal Contract Tower,0,27,18,0,45,0,30,142,3,175,0,57,160,3,220,72,0,72,292
06/28/2023,GMU,SC,ASO,ES,Federal Contract Tower,0,27,30,0,57,0,27,184,4,215,0,54,214,4,272,54,0,54,326
06/29/2023,GMU,SC,ASO,ES,Federal Contract Tower,0,45,25,0,70,0,29,184,0,213,0,74,209,0,283,14,0,14,297
06/30/2023,GMU,SC,ASO,ES,Federal Contract Tower,0,23,22,0,45,0,22,110,0,132,0,45,132,0,177,84,0,84,261
07/01/2023,GMU,SC,ASO,ES,Federal Contract Tower,0,14,24,0,38,0,20,98,0,118,0,34,122,0,156,40,0,40,196
07/02/2023,GMU,SC,ASO,ES,Federal Contract Tower,0,14,6,0,20,0,17,75,0,92,0,31,81,0,112,58,0,58,170
07/03/2023,GMU,SC,ASO,ES,Federal Contract Tower,0,11,14,3,28,0,33,120,5,158,0,44,134,8,186,48,0,48,234
07/04/2023,GMU,SC,ASO,ES,Federal Contract Tower,0,14,16,0,30,0,26,88,7,121,0,40,104,7,151,50,0,50,201
07/05/2023,GMU,SC,ASO,ES,Federal Contract Tower,0,29,23,1,53,0,16,118,2,136,0,45,141,3,189,44,0,44,233
07/06/2023,GMU,SC,ASO,ES,Federal Contract Tower,0,21,17,0,38,0,27,131,2,160,0,48,148,2,198,68,0,68,266
07/07/2023,GMU,SC,ASO,ES,Federal Contract Tower,0,22,18,0,40,0,14,123,0,137,0,36,141,0,177,46,0,46,223
07/08/2023,GMU,SC,ASO,ES,Federal Contract Tower,0,15,21,0,36,0,3,127,0,130,0,18,148,0,166,44,0,44,210
07/09/2023,GMU,SC,ASO,ES,Federal Contract Tower,0,15,16,0,31,0,24,89,2,115,0,39,105,2,146,72,0,72,218
07/10/2023,GMU,SC,ASO,ES,Federal Contract Tower,0,25,26,0,51,0,22,104,0,126,0,47,130,0,177,102,0,102,279
07/11/2023,GMU,SC,ASO,ES,Federal Contract Tower,0,26,19,0,45,0,28,146,0,174,0,54,165,0,219,70,0,70,289
07/12/2023,GMU,SC,ASO,ES,Federal Contract Tower,0,37,14,0,51,0,58,148,0,206,0,95,162,0,257,20,0,20,277
07/13/2023,GMU,SC,ASO,ES,Federal Contract Tower,0,18,21,1,40,0,28,126,2,156,0,46,147,3,196,84,4,88,284
07/14/2023,GMU,SC,ASO,ES,Federal Contract Tower,0,25,32,0,57,0,31,95,8,134,0,56,127,8,191,108,0,108,299
07/15/2023,GMU,SC,ASO,ES,Federal Contract Tower,0,9,23,0,32,0,5,60,0,65,0,14,83,0,97,82,0,82,179
07/16/2023,GMU,SC,ASO,ES,Federal Contract Tower,0,17,11,0,28,0,8,109,6,123,0,25,120,6,151,32,0,32,183
07/17/2023,GMU,SC,ASO,ES,Federal Contract Tower,0,29,17,2,48,0,33,76,2,111,0,62,93,4,159,54,0,54,213
07/18/2023,GMU,SC,ASO,ES,Federal Contract Tower,0,21,22,0,43,0,26,86,0,112,0,47,108,0,155,26,0,26,181
07/19/2023,GMU,SC,ASO,ES,Federal Contract Tower,0,20,14,0,34,0,32,98,2,132,0,52,112,2,166,122,2,124,290
07/20/2023,GMU,SC,ASO,ES,Federal Contract Tower,0,32,15,0,47,0,10,94,2,106,0,42,109,2,153,94,0,94,247
07/21/2023,GMU,SC,ASO,ES,Federal Contract Tower,0,25,20,0,45,0,23,132,0,155,0,48,152,0,200,34,0,34,234
07/22/2023,GMU,SC,ASO,ES,Federal Contract Tower,0,12,27,0,39,0,8,90,0,98,0,20,117,0,137,70,0,70,207
07/23/2023,GMU,SC,ASO,ES,Federal Contract Tower,0,20,21,0,41,0,10,90,1,101,0,30,111,1,142,88,0,88,230
07/24/2023,GMU,SC,ASO,ES,Federal Contract Tower,0,25,18,0,43,0,32,121,2,155,0,57,139,2,198,74,0,74,272
07/25/2023,GMU,SC,ASO,ES,Federal Contract Tower,0,16,14,0,30,0,19,144,0,163,0,35,158,0,193,84,4,88,281
07/26/2023,GMU,SC,ASO,ES,Federal Contract Tower,0,21,11,1,33,0,11,150,2,163,0,32,161,3,196,48,4,52,248
07/27/2023,GMU,SC,ASO,ES,Federal Contract Tower,0,27,21,1,49,0,30,152,7,189,0,57,173,8,238,80,0,80,318
07/28/2023,GMU,SC,ASO,ES,Federal Contract Tower,0,17,28,0,45,0,32,134,4,170,0,49,162,4,215,78,2,80,295
07/29/2023,GMU,SC,ASO,ES,Federal Contract Tower,0,7,26,0,33,0,20,118,4,142,0,27,144,4,175,38,0,38,213
07/30/2023,GMU,SC,ASO,ES,Federal Contract Tower,0,17,18,0,35,0,21,83,0,104,0,38,101,0,139,22,0,22,161
07/31/2023,GMU,SC,ASO,ES,Federal Contract Tower,0,20,12,0,32,0,72,113,0,185,0,92,125,0,217,84,0,84,301
08/01/2023,GMU,SC,ASO,ES,Federal Contract Tower,0,20,12,0,32,0,23,114,3,140,0,43,126,3,172,48,0,48,220
08/02/2023,GMU,SC,ASO,ES,Federal Contract Tower,0,14,33,0,47,0,17,102,0,119,0,31,135,0,166,98,0,98,264
08/03/2023,GMU,SC,ASO,ES,Federal Contract Tower,0,26,10,2,38,0,0,0,0,0,0,26,10,2,38,0,0,0,38
08/04/2023,GMU,SC,ASO,ES,Federal Contract Tower,0,11,21,0,32,0,22,73,0,95,0,33,94,0,127,52,0,52,179
08/05/2023,GMU,SC,ASO,ES,Federal Contract Tower,0,17,29,2,48,0,20,182,2,204,0,37,211,4,252,14,0,14,266
08/06/2023,GMU,SC,ASO,ES,Federal Contract Tower,0,12,25,0,37,0,18,59,6,83,0,30,84,6,120,64,0,64,184
08/07/2023,GMU,SC,ASO,ES,Federal Contract Tower,0,19,17,0,36,0,27,96,0,123,0,46,113,0,159,12,0,12,171
08/08/2023,GMU,SC,ASO,ES,Federal Contract Tower,0,10,16,0,26,0,43,152,28,223,0,53,168,28,249,108,0,108,357
08/09/2023,GMU,SC,ASO,ES,Federal Contract Tower,0,22,24,0,46,0,42,165,0,207,0,64,189,0,253,108,0,108,361
08/10/2023,GMU,SC,ASO,ES,Federal Contract Tower,0,17,19,0,36,0,29,47,4,80,0,46,66,4,116,64,0,64,180
08/11/2023,GMU,SC,ASO,ES,Federal Contract Tower,0,22,20,0,42,0,56,97,0,153,0,78,117,0,195,134,0,134,329
08/12/2023,GMU,SC,ASO,ES,Federal Contract Tower,0,16,16,0,32,0,15,141,0,156,0,31,157,0,188,96,0,96,284
08/13/2023,GMU,SC,ASO,ES,Federal Contract Tower,0,17,19,0,36,0,28,100,0,128,0,45,119,0,164,38,0,38,202
08/14/2023,GMU,SC,ASO,ES,Federal Contract Tower,0,19,12,0,31,0,52,121,0,173,0,71,133,0,204,82,0,82,286
08/15/2023,GMU,SC,ASO,ES,Federal Contract Tower,0,14,14,0,28,0,52,110,2,164,0,66,124,2,192,40,0,40,232
08/16/2023,GMU,SC,ASO,ES,Federal Contract Tower,0,30,24,2,56,0,27,149,7,183,0,57,173,9,239,102,0,102,341
08/17/2023,GMU,SC,ASO,ES,Federal Contract Tower,0,29,23,1,53,0,31,121,0,152,0,60,144,1,205,42,0,42,247
08/18/2023,GMU,SC,ASO,ES,Federal Contract Tower,0,25,21,0,46,0,32,157,0,189,0,57,178,0,235,90,0,90,325
08/19/2023,GMU,SC,ASO,ES,Federal Contract Tower,0,10,14,0,24,0,26,111,1,138,0,36,125,1,162,76,0,76,238
08/20/2023,GMU,SC,ASO,ES,Federal Contract Tower,0,23,20,0,43,0,41,110,0,151,0,64,130,0,194,142,0,142,336
08/21/2023,GMU,SC,ASO,ES,Federal Contract Tower,0,22,13,0,35,0,84,147,2,233,0,106,160,2,268,76,0,76,344
08/22/2023,GMU,SC,ASO,ES,Federal Contract Tower,0,24,10,0,34,0,70,114,8,192,0,94,124,8,226,66,0,66,292
08/23/2023,GMU,SC,ASO,ES,Federal Contract Tower,0,23,21,0,44,0,19,144,0,163,0,42,165,0,207,36,0,36,243
08/24/2023,GMU,SC,ASO,ES,Federal Contract Tower,0,19,13,0,32,0,62,125,3,190,0,81,138,3,222,50,0,50,272
08/25/2023,GMU,SC,ASO,ES,Federal Contract Tower,0,17,10,0,27,0,37,114,0,151,0,54,124,0,178,60,0,60,238
08/26/2023,GMU,SC,ASO,ES,Federal Contract Tower,0,11,18,0,29,0,28,106,1,135,0,39,124,1,164,54,0,54,218
08/27/2023,GMU,SC,ASO,ES,Federal Contract Tower,0,32,13,0,45,0,24,65,0,89,0,56,78,0,134,48,0,48,182
08/28/2023,GMU,SC,ASO,ES,Federal Contract Tower,0,53,26,0,79,0,14,32,2,48,0,67,58,2,127,60,0,60,187
08/29/2023,GMU,SC,ASO,ES,Federal Contract Tower,0,39,22,0,61,0,16,31,1,48,0,55,53,1,109,28,0,28,137
08/30/2023,GMU,SC,ASO,ES,Federal Contract Tower,0,19,27,0,46,0,4,3,0,7,0,23,30,0,53,0,0,0,53
08/31/2023,GMU,SC,ASO,ES,Federal Contract Tower,0,29,20,0,49,0,24,131,0,155,0,53,151,0,204,130,0,130,334
