01/01/2020,GNV,FL,ASO,ES,Federal Contract Tower,16,9,10,0,35,0,2,70,0,72,16,11,80,0,107,28,0,28,135
01/02/2020,GNV,FL,ASO,ES,Federal Contract Tower,15,10,35,14,74,0,0,100,0,100,15,10,135,14,174,36,0,36,210
01/03/2020,GNV,FL,ASO,ES,Federal Contract Tower,17,18,53,5,93,0,0,47,3,50,17,18,100,8,143,14,0,14,157
01/04/2020,GNV,FL,ASO,ES,Federal Contract Tower,17,19,31,0,67,0,0,15,0,15,17,19,46,0,82,6,0,6,88
01/05/2020,GNV,FL,ASO,ES,Federal Contract Tower,17,14,55,6,92,0,0,87,5,92,17,14,142,11,184,14,0,14,198
01/06/2020,GNV,FL,ASO,ES,Federal Contract Tower,17,17,60,14,108,0,0,112,2,114,17,17,172,16,222,54,10,64,286
01/07/2020,GNV,FL,ASO,ES,Federal Contract Tower,11,26,60,0,97,0,0,116,0,116,11,26,176,0,213,26,0,26,239
01/08/2020,GNV,FL,ASO,ES,Federal Contract Tower,13,23,51,8,95,0,3,132,0,135,13,26,183,8,230,56,0,56,286
01/09/2020,GNV,FL,ASO,ES,Federal Contract Tower,21,18,30,13,82,0,4,79,1,84,21,22,109,14,166,40,33,73,239
01/10/2020,GNV,FL,ASO,ES,Federal Contract Tower,15,21,45,48,129,0,0,94,34,128,15,21,139,82,257,16,0,16,273
01/11/2020,GNV,FL,ASO,ES,Federal Contract Tower,5,11,19,8,43,0,0,33,4,37,5,11,52,12,80,6,8,14,94
01/12/2020,GNV,FL,ASO,ES,Federal Contract Tower,12,29,54,65,160,0,0,71,21,92,12,29,125,86,252,16,8,24,276
01/14/2020,GNV,FL,ASO,ES,Federal Contract Tower,10,27,55,30,122,0,0,68,0,68,10,27,123,30,190,44,0,44,234
01/15/2020,GNV,FL,ASO,ES,Federal Contract Tower,12,31,41,17,101,0,0,112,6,118,12,31,153,23,219,54,36,90,309
01/16/2020,GNV,FL,ASO,ES,Federal Contract Tower,18,22,50,10,100,0,1,29,0,30,18,23,79,10,130,58,0,58,188
01/17/2020,GNV,FL,ASO,ES,Federal Contract Tower,12,24,44,32,112,0,0,75,13,88,12,24,119,45,200,38,0,38,238
01/18/2020,GNV,FL,ASO,ES,Federal Contract Tower,10,11,44,3,68,0,0,100,3,103,10,11,144,6,171,46,12,58,229
01/19/2020,GNV,FL,ASO,ES,Federal Contract Tower,11,14,19,12,56,0,0,15,10,25,11,14,34,22,81,0,0,0,81
01/20/2020,GNV,FL,ASO,ES,Federal Contract Tower,19,31,47,5,102,0,0,119,0,119,19,31,166,5,221,52,4,56,277
01/21/2020,GNV,FL,ASO,ES,Federal Contract Tower,9,31,32,4,76,0,2,49,0,51,9,33,81,4,127,18,0,18,145
01/22/2020,GNV,FL,ASO,ES,Federal Contract Tower,17,20,50,2,89,0,0,45,0,45,17,20,95,2,134,14,0,14,148
01/23/2020,GNV,FL,ASO,ES,Federal Contract Tower,13,26,56,6,101,0,3,30,6,39,13,29,86,12,140,128,0,128,268
01/24/2020,GNV,FL,ASO,ES,Federal Contract Tower,12,30,48,18,108,0,0,43,33,76,12,30,91,51,184,34,8,42,226
01/25/2020,GNV,FL,ASO,ES,Federal Contract Tower,10,17,70,5,102,0,1,192,0,193,10,18,262,5,295,54,0,54,349
01/26/2020,GNV,FL,ASO,ES,Federal Contract Tower,13,23,58,10,104,0,0,143,35,178,13,23,201,45,282,56,0,56,338
01/27/2020,GNV,FL,ASO,ES,Federal Contract Tower,16,21,45,0,82,0,0,132,0,132,16,21,177,0,214,70,0,70,284
01/28/2020,GNV,FL,ASO,ES,Federal Contract Tower,9,28,55,13,105,0,1,135,5,141,9,29,190,18,246,84,18,102,348
01/29/2020,GNV,FL,ASO,ES,Federal Contract Tower,15,29,73,0,117,0,0,75,3,78,15,29,148,3,195,40,6,46,241
01/30/2020,GNV,FL,ASO,ES,Federal Contract Tower,15,29,50,4,98,0,0,22,2,24,15,29,72,6,122,48,0,48,170
01/31/2020,GNV,FL,ASO,ES,Federal Contract Tower,14,32,46,0,92,0,0,49,2,51,14,32,95,2,143,42,0,42,185
02/01/2020,GNV,FL,ASO,ES,Federal Contract Tower,12,14,48,4,78,0,0,30,0,30,12,14,78,4,108,10,0,10,118
02/02/2020,GNV,FL,ASO,ES,Federal Contract Tower,10,13,48,0,71,0,0,122,0,122,10,13,170,0,193,18,0,18,211
02/03/2020,GNV,FL,ASO,ES,Federal Contract Tower,21,18,35,0,74,0,0,144,0,144,21,18,179,0,218,100,6,106,324
02/04/2020,GNV,FL,ASO,ES,Federal Contract Tower,10,24,43,15,92,0,0,88,3,91,10,24,131,18,183,120,8,128,311
02/05/2020,GNV,FL,ASO,ES,Federal Contract Tower,11,30,41,16,98,0,4,97,5,106,11,34,138,21,204,26,12,38,242
02/06/2020,GNV,FL,ASO,ES,Federal Contract Tower,6,18,6,7,37,0,2,16,5,23,6,20,22,12,60,0,18,18,78
02/07/2020,GNV,FL,ASO,ES,Federal Contract Tower,9,28,29,43,109,0,0,78,5,83,9,28,107,48,192,42,0,42,234
02/08/2020,GNV,FL,ASO,ES,Federal Contract Tower,10,12,45,3,70,0,0,123,1,124,10,12,168,4,194,18,6,24,218
02/09/2020,GNV,FL,ASO,ES,Federal Contract Tower,12,21,39,2,74,0,0,81,2,83,12,21,120,4,157,22,0,22,179
02/10/2020,GNV,FL,ASO,ES,Federal Contract Tower,13,24,41,2,80,0,0,82,0,82,13,24,123,2,162,26,0,26,188
02/11/2020,GNV,FL,ASO,ES,Federal Contract Tower,9,25,51,13,98,0,1,67,4,72,9,26,118,17,170,60,24,84,254
02/12/2020,GNV,FL,ASO,ES,Federal Contract Tower,13,23,46,4,86,0,2,31,9,42,13,25,77,13,128,8,0,8,136
02/13/2020,GNV,FL,ASO,ES,Federal Contract Tower,13,27,33,8,81,0,2,16,10,28,13,29,49,18,109,22,14,36,145
02/14/2020,GNV,FL,ASO,ES,Federal Contract Tower,11,23,46,6,86,0,0,21,0,21,11,23,67,6,107,14,0,14,121
02/15/2020,GNV,FL,ASO,ES,Federal Contract Tower,11,14,32,1,58,0,0,98,0,98,11,14,130,1,156,54,0,54,210
02/16/2020,GNV,FL,ASO,ES,Federal Contract Tower,17,21,33,0,71,0,0,38,0,38,17,21,71,0,109,14,0,14,123
02/17/2020,GNV,FL,ASO,ES,Federal Contract Tower,16,19,31,0,66,0,0,12,0,12,16,19,43,0,78,18,0,18,96
02/18/2020,GNV,FL,ASO,ES,Federal Contract Tower,13,31,50,8,102,0,2,69,1,72,13,33,119,9,174,38,8,46,220
02/19/2020,GNV,FL,ASO,ES,Federal Contract Tower,11,27,78,55,171,0,0,62,20,82,11,27,140,75,253,34,32,66,319
02/20/2020,GNV,FL,ASO,ES,Federal Contract Tower,10,24,65,10,109,0,0,10,3,13,10,24,75,13,122,32,8,40,162
02/21/2020,GNV,FL,ASO,ES,Federal Contract Tower,13,28,31,19,91,0,0,26,9,35,13,28,57,28,126,24,0,24,150
02/22/2020,GNV,FL,ASO,ES,Federal Contract Tower,12,13,47,0,72,0,0,103,0,103,12,13,150,0,175,32,0,32,207
02/23/2020,GNV,FL,ASO,ES,Federal Contract Tower,10,21,29,0,60,0,0,158,13,171,10,21,187,13,231,60,0,60,291
02/24/2020,GNV,FL,ASO,ES,Federal Contract Tower,13,22,54,13,102,0,0,130,2,132,13,22,184,15,234,80,6,86,320
02/25/2020,GNV,FL,ASO,ES,Federal Contract Tower,16,28,17,0,61,0,0,5,0,5,16,28,22,0,66,0,0,0,66
02/27/2020,GNV,FL,ASO,ES,Federal Contract Tower,13,33,57,24,127,0,4,113,0,117,13,37,170,24,244,146,0,146,390
02/28/2020,GNV,FL,ASO,ES,Federal Contract Tower,13,22,55,4,94,0,0,162,6,168,13,22,217,10,262,110,2,112,374
02/29/2020,GNV,FL,ASO,ES,Federal Contract Tower,15,17,33,0,65,0,0,58,0,58,15,17,91,0,123,22,0,22,145
03/01/2020,GNV,FL,ASO,ES,Federal Contract Tower,11,20,26,0,57,0,0,135,0,135,11,20,161,0,192,26,0,26,218
03/02/2020,GNV,FL,ASO,ES,Federal Contract Tower,13,17,50,9,89,0,0,72,1,73,13,17,122,10,162,70,0,70,232
03/03/2020,GNV,FL,ASO,ES,Federal Contract Tower,15,22,41,14,92,0,2,92,4,98,15,24,133,18,190,48,0,48,238
03/04/2020,GNV,FL,ASO,ES,Federal Contract Tower,18,29,57,7,111,0,6,45,11,62,18,35,102,18,173,52,14,66,239
03/05/2020,GNV,FL,ASO,ES,Federal Contract Tower,19,21,31,6,77,0,0,10,2,12,19,21,41,8,89,3,4,7,96
03/06/2020,GNV,FL,ASO,ES,Federal Contract Tower,17,24,49,15,105,0,2,94,4,100,17,26,143,19,205,56,0,56,261
03/07/2020,GNV,FL,ASO,ES,Federal Contract Tower,13,28,42,0,83,0,0,113,0,113,13,28,155,0,196,26,0,26,222
03/08/2020,GNV,FL,ASO,ES,Federal Contract Tower,11,18,31,0,60,0,0,72,0,72,11,18,103,0,132,34,0,34,166
03/09/2020,GNV,FL,ASO,ES,Federal Contract Tower,18,19,40,7,84,0,0,102,10,112,18,19,142,17,196,72,10,82,278
03/10/2020,GNV,FL,ASO,ES,Federal Contract Tower,11,25,37,20,93,0,3,159,10,172,11,28,196,30,265,112,0,112,377
03/11/2020,GNV,FL,ASO,ES,Federal Contract Tower,20,30,78,12,140,0,0,148,0,148,20,30,226,12,288,56,0,56,344
03/13/2020,GNV,FL,ASO,ES,Federal Contract Tower,19,20,42,51,132,0,0,115,5,120,19,20,157,56,252,116,0,116,368
03/14/2020,GNV,FL,ASO,ES,Federal Contract Tower,12,16,38,0,66,0,0,128,4,132,12,16,166,4,198,46,0,46,244
03/15/2020,GNV,FL,ASO,ES,Federal Contract Tower,16,15,40,11,82,0,0,97,4,101,16,15,137,15,183,42,0,42,225
03/16/2020,GNV,FL,ASO,ES,Federal Contract Tower,21,31,20,0,72,0,0,72,0,72,21,31,92,0,144,116,0,116,260
03/17/2020,GNV,FL,ASO,ES,Federal Contract Tower,13,21,33,12,79,0,3,93,0,96,13,24,126,12,175,50,0,50,225
03/19/2020,GNV,FL,ASO,ES,Federal Contract Tower,15,19,22,10,66,0,0,132,3,135,15,19,154,13,201,92,28,120,321
03/20/2020,GNV,FL,ASO,ES,Federal Contract Tower,13,4,35,0,52,0,1,92,0,93,13,5,127,0,145,82,0,82,227
03/21/2020,GNV,FL,ASO,ES,Federal Contract Tower,11,11,29,0,51,0,0,100,1,101,11,11,129,1,152,68,0,68,220
03/22/2020,GNV,FL,ASO,ES,Federal Contract Tower,12,13,29,0,54,0,0,45,1,46,12,13,74,1,100,14,0,14,114
03/23/2020,GNV,FL,ASO,ES,Federal Contract Tower,10,18,39,2,69,0,0,58,1,59,10,18,97,3,128,70,10,80,208
03/24/2020,GNV,FL,ASO,ES,Federal Contract Tower,10,15,23,8,56,0,2,70,0,72,10,17,93,8,128,46,0,46,174
03/25/2020,GNV,FL,ASO,ES,Federal Contract Tower,7,9,46,15,77,0,0,46,7,53,7,9,92,22,130,20,14,34,164
03/26/2020,GNV,FL,ASO,ES,Federal Contract Tower,18,5,37,6,66,0,2,66,0,68,18,7,103,6,134,42,0,42,176
03/27/2020,GNV,FL,ASO,ES,Federal Contract Tower,5,12,42,10,69,0,0,92,0,92,5,12,134,10,161,72,0,72,233
03/28/2020,GNV,FL,ASO,ES,Federal Contract Tower,9,9,19,0,37,0,0,94,0,94,9,9,113,0,131,36,0,36,167
03/29/2020,GNV,FL,ASO,ES,Federal Contract Tower,8,10,23,0,41,0,0,77,2,79,8,10,100,2,120,56,0,56,176
03/30/2020,GNV,FL,ASO,ES,Federal Contract Tower,8,7,15,2,32,0,0,78,0,78,8,7,93,2,110,90,8,98,208
03/31/2020,GNV,FL,ASO,ES,Federal Contract Tower,5,8,16,4,33,0,0,33,4,37,5,8,49,8,70,30,0,30,100
04/01/2020,GNV,FL,ASO,ES,Federal Contract Tower,5,7,40,0,52,0,0,75,0,75,5,7,115,0,127,68,0,68,195
04/02/2020,GNV,FL,ASO,ES,Federal Contract Tower,7,5,20,4,36,0,0,104,0,104,7,5,124,4,140,46,0,46,186
04/03/2020,GNV,FL,ASO,ES,Federal Contract Tower,6,5,29,2,42,0,0,98,0,98,6,5,127,2,140,68,0,68,208
04/04/2020,GNV,FL,ASO,ES,Federal Contract Tower,9,8,15,0,32,0,0,54,0,54,9,8,69,0,86,44,0,44,130
04/05/2020,GNV,FL,ASO,ES,Federal Contract Tower,7,9,7,0,23,0,0,11,0,11,7,9,18,0,34,10,0,10,44
04/06/2020,GNV,FL,ASO,ES,Federal Contract Tower,9,4,35,0,48,0,0,70,0,70,9,4,105,0,118,80,0,80,198
04/07/2020,GNV,FL,ASO,ES,Federal Contract Tower,8,2,27,5,42,0,0,76,1,77,8,2,103,6,119,68,2,70,189
04/08/2020,GNV,FL,ASO,ES,Federal Contract Tower,8,7,36,6,57,0,1,40,5,46,8,8,76,11,103,58,46,104,207
04/09/2020,GNV,FL,ASO,ES,Federal Contract Tower,7,4,29,10,50,0,0,54,2,56,7,4,83,12,106,100,0,100,206
04/10/2020,GNV,FL,ASO,ES,Federal Contract Tower,7,8,15,4,34,0,0,53,0,53,7,8,68,4,87,44,0,44,131
04/11/2020,GNV,FL,ASO,ES,Federal Contract Tower,8,9,24,0,41,0,0,114,0,114,8,9,138,0,155,38,0,38,193
04/12/2020,GNV,FL,ASO,ES,Federal Contract Tower,9,5,6,2,22,0,0,20,0,20,9,5,26,2,42,10,0,10,52
04/13/2020,GNV,FL,ASO,ES,Federal Contract Tower,7,6,5,12,30,0,0,4,0,4,7,6,9,12,34,0,0,0,34
04/14/2020,GNV,FL,ASO,ES,Federal Contract Tower,5,11,3,0,19,0,0,4,0,4,5,11,7,0,23,0,0,0,23
04/15/2020,GNV,FL,ASO,ES,Federal Contract Tower,5,9,9,0,23,0,0,0,0,0,5,9,9,0,23,0,0,0,23
04/16/2020,GNV,FL,ASO,ES,Federal Contract Tower,6,9,14,0,29,0,2,52,0,54,6,11,66,0,83,56,0,56,139
04/17/2020,GNV,FL,ASO,ES,Federal Contract Tower,7,11,20,0,38,0,0,65,2,67,7,11,85,2,105,48,0,48,153
04/18/2020,GNV,FL,ASO,ES,Federal Contract Tower,6,6,9,0,21,0,0,1,0,1,6,6,10,0,22,0,0,0,22
04/19/2020,GNV,FL,ASO,ES,Federal Contract Tower,8,1,16,0,25,0,0,40,0,40,8,1,56,0,65,18,0,18,83
04/20/2020,GNV,FL,ASO,ES,Federal Contract Tower,6,9,11,0,26,0,0,36,0,36,6,9,47,0,62,2,0,2,64
04/21/2020,GNV,FL,ASO,ES,Federal Contract Tower,6,9,25,0,40,0,0,112,0,112,6,9,137,0,152,56,0,56,208
04/22/2020,GNV,FL,ASO,ES,Federal Contract Tower,6,5,18,0,29,0,0,101,0,101,6,5,119,0,130,70,0,70,200
04/23/2020,GNV,FL,ASO,ES,Federal Contract Tower,5,8,13,2,28,0,0,39,0,39,5,8,52,2,67,10,4,14,81
04/24/2020,GNV,FL,ASO,ES,Federal Contract Tower,8,7,14,0,29,0,0,6,0,6,8,7,20,0,35,0,0,0,35
04/25/2020,GNV,FL,ASO,ES,Federal Contract Tower,5,4,51,2,62,0,0,53,0,53,5,4,104,2,115,34,0,34,149
04/26/2020,GNV,FL,ASO,ES,Federal Contract Tower,6,4,18,4,32,0,0,61,0,61,6,4,79,4,93,28,0,28,121
04/27/2020,GNV,FL,ASO,ES,Federal Contract Tower,8,3,13,0,24,0,0,93,0,93,8,3,106,0,117,32,0,32,149
04/28/2020,GNV,FL,ASO,ES,Federal Contract Tower,7,9,25,11,52,0,0,96,2,98,7,9,121,13,150,102,32,134,284
04/29/2020,GNV,FL,ASO,ES,Federal Contract Tower,6,5,15,6,32,0,0,46,0,46,6,5,61,6,78,22,0,22,100
04/30/2020,GNV,FL,ASO,ES,Federal Contract Tower,6,5,26,0,37,0,0,62,2,64,6,5,88,2,101,44,14,58,159
05/01/2020,GNV,FL,ASO,ES,Federal Contract Tower,7,12,32,0,51,0,0,104,0,104,7,12,136,0,155,36,0,36,191
05/02/2020,GNV,FL,ASO,ES,Federal Contract Tower,7,8,12,0,27,0,0,103,0,103,7,8,115,0,130,76,0,76,206
05/03/2020,GNV,FL,ASO,ES,Federal Contract Tower,8,5,26,0,39,0,0,107,0,107,8,5,133,0,146,74,0,74,220
05/04/2020,GNV,FL,ASO,ES,Federal Contract Tower,12,3,36,0,51,0,0,80,0,80,12,3,116,0,131,36,0,36,167
05/05/2020,GNV,FL,ASO,ES,Federal Contract Tower,5,8,25,4,42,0,0,56,0,56,5,8,81,4,98,42,0,42,140
05/06/2020,GNV,FL,ASO,ES,Federal Contract Tower,5,11,43,8,67,0,3,76,0,79,5,14,119,8,146,48,0,48,194
05/07/2020,GNV,FL,ASO,ES,Federal Contract Tower,7,6,23,0,36,0,0,58,0,58,7,6,81,0,94,34,8,42,136
05/08/2020,GNV,FL,ASO,ES,Federal Contract Tower,8,6,36,9,59,0,0,94,2,96,8,6,130,11,155,30,18,48,203
05/09/2020,GNV,FL,ASO,ES,Federal Contract Tower,10,1,16,0,27,0,0,69,0,69,10,1,85,0,96,30,0,30,126
05/10/2020,GNV,FL,ASO,ES,Federal Contract Tower,9,3,12,0,24,0,0,27,0,27,9,3,39,0,51,64,0,64,115
05/11/2020,GNV,FL,ASO,ES,Federal Contract Tower,9,8,33,4,54,0,0,87,0,87,9,8,120,4,141,48,0,48,189
05/12/2020,GNV,FL,ASO,ES,Federal Contract Tower,9,5,24,0,38,0,0,86,4,90,9,5,110,4,128,109,0,109,237
05/13/2020,GNV,FL,ASO,ES,Federal Contract Tower,7,12,31,4,54,0,0,76,0,76,7,12,107,4,130,44,0,44,174
05/14/2020,GNV,FL,ASO,ES,Federal Contract Tower,9,8,20,0,37,0,4,53,0,57,9,12,73,0,94,54,0,54,148
05/15/2020,GNV,FL,ASO,ES,Federal Contract Tower,9,6,31,2,48,0,3,84,0,87,9,9,115,2,135,38,0,38,173
05/16/2020,GNV,FL,ASO,ES,Federal Contract Tower,7,9,18,0,34,0,0,38,0,38,7,9,56,0,72,0,0,0,72
05/17/2020,GNV,FL,ASO,ES,Federal Contract Tower,9,3,37,0,49,0,0,46,0,46,9,3,83,0,95,54,0,54,149
05/18/2020,GNV,FL,ASO,ES,Federal Contract Tower,10,6,16,0,32,0,0,43,0,43,10,6,59,0,75,72,0,72,147
05/19/2020,GNV,FL,ASO,ES,Federal Contract Tower,8,10,19,7,44,0,2,67,1,70,8,12,86,8,114,28,0,28,142
05/20/2020,GNV,FL,ASO,ES,Federal Contract Tower,10,5,35,4,54,0,0,92,2,94,10,5,127,6,148,50,0,50,198
05/21/2020,GNV,FL,ASO,ES,Federal Contract Tower,10,11,34,14,69,0,2,58,4,64,10,13,92,18,133,22,22,44,177
05/22/2020,GNV,FL,ASO,ES,Federal Contract Tower,10,2,33,2,47,0,0,132,0,132,10,2,165,2,179,42,0,42,221
05/23/2020,GNV,FL,ASO,ES,Federal Contract Tower,11,2,25,0,38,0,2,88,0,90,11,4,113,0,128,26,0,26,154
05/24/2020,GNV,FL,ASO,ES,Federal Contract Tower,9,5,13,0,27,0,0,76,0,76,9,5,89,0,103,84,0,84,187
05/25/2020,GNV,FL,ASO,ES,Federal Contract Tower,10,4,7,0,21,0,0,22,0,22,10,4,29,0,43,32,0,32,75
05/26/2020,GNV,FL,ASO,ES,Federal Contract Tower,16,14,19,0,49,0,0,15,0,15,16,14,34,0,64,26,0,26,90
05/27/2020,GNV,FL,ASO,ES,Federal Contract Tower,10,11,40,0,61,0,0,41,0,41,10,11,81,0,102,30,0,30,132
05/28/2020,GNV,FL,ASO,ES,Federal Contract Tower,10,7,48,4,69,0,0,25,0,25,10,7,73,4,94,54,0,54,148
05/29/2020,GNV,FL,ASO,ES,Federal Contract Tower,9,7,31,5,52,0,0,51,2,53,9,7,82,7,105,42,4,46,151
05/30/2020,GNV,FL,ASO,ES,Federal Contract Tower,11,7,29,0,47,0,0,48,0,48,11,7,77,0,95,48,0,48,143
05/31/2020,GNV,FL,ASO,ES,Federal Contract Tower,10,2,24,0,36,0,0,86,0,86,10,2,110,0,122,52,0,52,174
06/01/2020,GNV,FL,ASO,ES,Federal Contract Tower,10,11,26,1,48,0,0,57,1,58,10,11,83,2,106,18,8,26,132
06/02/2020,GNV,FL,ASO,ES,Federal Contract Tower,10,6,27,1,44,0,0,72,4,76,10,6,99,5,120,22,4,26,146
06/03/2020,GNV,FL,ASO,ES,Federal Contract Tower,10,4,47,0,61,0,0,68,2,70,10,4,115,2,131,88,0,88,219
06/04/2020,GNV,FL,ASO,ES,Federal Contract Tower,10,7,47,0,64,0,0,14,2,16,10,7,61,2,80,20,0,20,100
06/05/2020,GNV,FL,ASO,ES,Federal Contract Tower,10,9,35,0,54,0,4,47,2,53,10,13,82,2,107,54,0,54,161
06/06/2020,GNV,FL,ASO,ES,Federal Contract Tower,12,4,15,0,31,0,0,15,0,15,12,4,30,0,46,16,0,16,62
06/07/2020,GNV,FL,ASO,ES,Federal Contract Tower,11,3,17,0,31,0,0,0,0,0,11,3,17,0,31,0,0,0,31
06/08/2020,GNV,FL,ASO,ES,Federal Contract Tower,10,10,25,0,45,0,0,30,0,30,10,10,55,0,75,22,0,22,97
06/09/2020,GNV,FL,ASO,ES,Federal Contract Tower,10,2,21,0,33,0,2,10,0,12,10,4,31,0,45,14,0,14,59
06/11/2020,GNV,FL,ASO,ES,Federal Contract Tower,9,14,36,2,61,0,0,65,0,65,9,14,101,2,126,76,0,76,202
06/12/2020,GNV,FL,ASO,ES,Federal Contract Tower,11,5,35,0,51,0,0,111,0,111,11,5,146,0,162,38,0,38,200
06/13/2020,GNV,FL,ASO,ES,Federal Contract Tower,9,0,25,6,40,0,0,63,6,69,9,0,88,12,109,42,0,42,151
06/14/2020,GNV,FL,ASO,ES,Federal Contract Tower,12,2,25,0,39,0,0,43,0,43,12,2,68,0,82,64,0,64,146
06/15/2020,GNV,FL,ASO,ES,Federal Contract Tower,10,6,47,0,63,0,0,88,0,88,10,6,135,0,151,94,0,94,245
06/16/2020,GNV,FL,ASO,ES,Federal Contract Tower,9,9,31,7,56,0,0,111,1,112,9,9,142,8,168,80,10,90,258
06/17/2020,GNV,FL,ASO,ES,Federal Contract Tower,10,7,30,6,53,0,0,98,6,104,10,7,128,12,157,54,14,68,225
06/18/2020,GNV,FL,ASO,ES,Federal Contract Tower,10,14,25,0,49,0,0,107,1,108,10,14,132,1,157,76,0,76,233
06/19/2020,GNV,FL,ASO,ES,Federal Contract Tower,11,18,42,0,71,0,0,63,0,63,11,18,105,0,134,84,0,84,218
06/20/2020,GNV,FL,ASO,ES,Federal Contract Tower,10,5,43,0,58,0,0,51,0,51,10,5,94,0,109,52,0,52,161
06/21/2020,GNV,FL,ASO,ES,Federal Contract Tower,10,9,29,0,48,0,0,115,2,117,10,9,144,2,165,60,16,76,241
06/22/2020,GNV,FL,ASO,ES,Federal Contract Tower,10,8,36,1,55,0,0,99,0,99,10,8,135,1,154,70,0,70,224
06/23/2020,GNV,FL,ASO,ES,Federal Contract Tower,10,10,32,16,68,0,0,102,0,102,10,10,134,16,170,20,0,20,190
06/24/2020,GNV,FL,ASO,ES,Federal Contract Tower,10,7,26,4,47,0,1,102,1,104,10,8,128,5,151,90,0,90,241
06/25/2020,GNV,FL,ASO,ES,Federal Contract Tower,10,6,55,29,100,0,0,78,1,79,10,6,133,30,179,112,24,136,315
06/26/2020,GNV,FL,ASO,ES,Federal Contract Tower,9,9,27,2,47,0,0,85,0,85,9,9,112,2,132,98,0,98,230
06/27/2020,GNV,FL,ASO,ES,Federal Contract Tower,12,7,14,0,33,0,0,64,0,64,12,7,78,0,97,8,0,8,105
06/28/2020,GNV,FL,ASO,ES,Federal Contract Tower,10,7,19,0,36,0,0,74,0,74,10,7,93,0,110,64,0,64,174
06/29/2020,GNV,FL,ASO,ES,Federal Contract Tower,10,5,27,0,42,0,0,68,2,70,10,5,95,2,112,64,2,66,178
06/30/2020,GNV,FL,ASO,ES,Federal Contract Tower,10,12,34,3,59,0,0,44,0,44,10,12,78,3,103,36,0,36,139
07/01/2020,GNV,FL,ASO,ES,Federal Contract Tower,9,8,21,0,38,0,0,53,2,55,9,8,74,2,93,46,0,46,139
07/02/2020,GNV,FL,ASO,ES,Federal Contract Tower,12,11,31,0,54,0,0,72,0,72,12,11,103,0,126,86,0,86,212
07/03/2020,GNV,FL,ASO,ES,Federal Contract Tower,12,4,19,0,35,0,0,55,0,55,12,4,74,0,90,32,0,32,122
07/04/2020,GNV,FL,ASO,ES,Federal Contract Tower,11,0,7,0,18,0,0,28,0,28,11,0,35,0,46,18,0,18,64
07/05/2020,GNV,FL,ASO,ES,Federal Contract Tower,13,2,21,0,36,0,0,18,0,18,13,2,39,0,54,8,0,8,62
07/06/2020,GNV,FL,ASO,ES,Federal Contract Tower,11,5,12,0,28,0,0,29,0,29,11,5,41,0,57,14,0,14,71
07/07/2020,GNV,FL,ASO,ES,Federal Contract Tower,10,9,30,4,53,0,2,44,4,50,10,11,74,8,103,20,12,32,135
07/08/2020,GNV,FL,ASO,ES,Federal Contract Tower,10,11,39,7,67,0,5,53,1,59,10,16,92,8,126,40,2,42,168
07/09/2020,GNV,FL,ASO,ES,Federal Contract Tower,12,12,39,1,64,0,4,51,4,59,12,16,90,5,123,74,16,90,213
07/10/2020,GNV,FL,ASO,ES,Federal Contract Tower,12,6,29,0,47,0,2,52,0,54,12,8,81,0,101,32,0,32,133
07/11/2020,GNV,FL,ASO,ES,Federal Contract Tower,10,4,28,0,42,0,0,64,0,64,10,4,92,0,106,62,0,62,168
07/12/2020,GNV,FL,ASO,ES,Federal Contract Tower,13,1,35,7,56,0,0,86,7,93,13,1,121,14,149,22,8,30,179
07/13/2020,GNV,FL,ASO,ES,Federal Contract Tower,12,4,21,7,44,0,0,95,0,95,12,4,116,7,139,68,18,86,225
07/14/2020,GNV,FL,ASO,ES,Federal Contract Tower,10,8,27,4,49,0,1,93,2,96,10,9,120,6,145,36,2,38,183
07/15/2020,GNV,FL,ASO,ES,Federal Contract Tower,9,9,33,0,51,0,0,106,0,106,9,9,139,0,157,26,0,26,183
07/16/2020,GNV,FL,ASO,ES,Federal Contract Tower,15,5,35,4,59,0,0,104,0,104,15,5,139,4,163,80,0,80,243
07/17/2020,GNV,FL,ASO,ES,Federal Contract Tower,12,8,33,1,54,0,0,82,1,83,12,8,115,2,137,42,6,48,185
07/18/2020,GNV,FL,ASO,ES,Federal Contract Tower,10,6,30,0,46,0,0,53,0,53,10,6,83,0,99,14,0,14,113
07/19/2020,GNV,FL,ASO,ES,Federal Contract Tower,11,4,18,0,33,0,0,85,0,85,11,4,103,0,118,72,0,72,190
07/20/2020,GNV,FL,ASO,ES,Federal Contract Tower,11,3,33,2,49,0,0,88,3,91,11,3,121,5,140,108,0,108,248
07/21/2020,GNV,FL,ASO,ES,Federal Contract Tower,10,5,40,0,55,0,2,62,4,68,10,7,102,4,123,72,12,84,207
07/22/2020,GNV,FL,ASO,ES,Federal Contract Tower,11,9,22,3,45,0,0,40,7,47,11,9,62,10,92,48,4,52,144
07/23/2020,GNV,FL,ASO,ES,Federal Contract Tower,12,5,28,6,51,0,0,0,0,0,12,5,28,6,51,90,0,90,141
07/24/2020,GNV,FL,ASO,ES,Federal Contract Tower,12,12,41,0,65,0,0,73,2,75,12,12,114,2,140,70,0,70,210
07/25/2020,GNV,FL,ASO,ES,Federal Contract Tower,10,9,24,0,43,0,0,53,0,53,10,9,77,0,96,42,0,42,138
07/26/2020,GNV,FL,ASO,ES,Federal Contract Tower,14,5,20,0,39,0,0,63,0,63,14,5,83,0,102,68,0,68,170
07/27/2020,GNV,FL,ASO,ES,Federal Contract Tower,13,8,20,9,50,0,0,64,6,70,13,8,84,15,120,96,24,120,240
07/28/2020,GNV,FL,ASO,ES,Federal Contract Tower,12,7,30,6,55,0,0,72,1,73,12,7,102,7,128,154,0,154,282
07/29/2020,GNV,FL,ASO,ES,Federal Contract Tower,10,10,19,0,39,0,0,43,4,47,10,10,62,4,86,56,0,56,142
07/30/2020,GNV,FL,ASO,ES,Federal Contract Tower,13,9,33,8,63,0,0,84,2,86,13,9,117,10,149,86,0,86,235
07/31/2020,GNV,FL,ASO,ES,Federal Contract Tower,11,8,54,1,74,0,0,69,0,69,11,8,123,1,143,60,0,60,203
08/01/2020,GNV,FL,ASO,ES,Federal Contract Tower,13,4,32,0,49,0,0,99,0,99,13,4,131,0,148,38,0,38,186
08/02/2020,GNV,FL,ASO,ES,Federal Contract Tower,13,4,8,0,25,0,0,34,0,34,13,4,42,0,59,48,0,48,107
08/03/2020,GNV,FL,ASO,ES,Federal Contract Tower,13,11,40,8,72,0,0,59,1,60,13,11,99,9,132,72,0,72,204
08/04/2020,GNV,FL,ASO,ES,Federal Contract Tower,10,6,31,0,47,0,0,103,0,103,10,6,134,0,150,50,0,50,200
08/05/2020,GNV,FL,ASO,ES,Federal Contract Tower,9,7,27,4,47,0,0,68,1,69,9,7,95,5,116,68,14,82,198
08/06/2020,GNV,FL,ASO,ES,Federal Contract Tower,13,10,29,2,54,0,2,54,0,56,13,12,83,2,110,50,0,50,160
08/07/2020,GNV,FL,ASO,ES,Federal Contract Tower,14,5,36,0,55,0,0,69,0,69,14,5,105,0,124,58,0,58,182
08/08/2020,GNV,FL,ASO,ES,Federal Contract Tower,14,4,28,0,46,0,0,77,0,77,14,4,105,0,123,30,0,30,153
08/09/2020,GNV,FL,ASO,ES,Federal Contract Tower,14,5,13,0,32,0,0,73,0,73,14,5,86,0,105,32,0,32,137
08/10/2020,GNV,FL,ASO,ES,Federal Contract Tower,13,11,30,4,58,0,0,87,4,91,13,11,117,8,149,30,0,30,179
08/11/2020,GNV,FL,ASO,ES,Federal Contract Tower,9,4,24,6,43,0,0,47,5,52,9,4,71,11,95,44,10,54,149
08/12/2020,GNV,FL,ASO,ES,Federal Contract Tower,9,6,17,2,34,0,0,73,0,73,9,6,90,2,107,46,0,46,153
08/13/2020,GNV,FL,ASO,ES,Federal Contract Tower,12,3,31,6,52,0,0,72,0,72,12,3,103,6,124,80,4,84,208
08/14/2020,GNV,FL,ASO,ES,Federal Contract Tower,15,5,40,0,60,0,0,93,0,93,15,5,133,0,153,88,0,88,241
08/15/2020,GNV,FL,ASO,ES,Federal Contract Tower,13,4,28,0,45,0,0,54,0,54,13,4,82,0,99,48,0,48,147
08/16/2020,GNV,FL,ASO,ES,Federal Contract Tower,13,5,33,0,51,0,0,62,0,62,13,5,95,0,113,64,0,64,177
08/17/2020,GNV,FL,ASO,ES,Federal Contract Tower,14,6,39,11,70,0,0,81,1,82,14,6,120,12,152,78,6,84,236
08/18/2020,GNV,FL,ASO,ES,Federal Contract Tower,14,9,36,2,61,0,0,29,0,29,14,9,65,2,90,44,0,44,134
08/19/2020,GNV,FL,ASO,ES,Federal Contract Tower,11,8,21,9,49,0,0,48,0,48,11,8,69,9,97,104,0,104,201
08/20/2020,GNV,FL,ASO,ES,Federal Contract Tower,15,3,30,4,52,0,3,13,0,16,15,6,43,4,68,8,0,8,76
08/21/2020,GNV,FL,ASO,ES,Federal Contract Tower,16,5,40,2,63,0,0,26,0,26,16,5,66,2,89,42,0,42,131
08/22/2020,GNV,FL,ASO,ES,Federal Contract Tower,15,4,35,0,54,0,0,45,0,45,15,4,80,0,99,26,0,26,125
08/23/2020,GNV,FL,ASO,ES,Federal Contract Tower,15,6,37,0,58,0,0,36,0,36,15,6,73,0,94,54,0,54,148
08/24/2020,GNV,FL,ASO,ES,Federal Contract Tower,17,4,46,13,80,0,0,40,0,40,17,4,86,13,120,46,0,46,166
08/25/2020,GNV,FL,ASO,ES,Federal Contract Tower,11,9,41,2,63,0,5,42,4,51,11,14,83,6,114,24,0,24,138
08/26/2020,GNV,FL,ASO,ES,Federal Contract Tower,11,10,42,8,71,0,2,75,0,77,11,12,117,8,148,58,0,58,206
08/27/2020,GNV,FL,ASO,ES,Federal Contract Tower,15,11,47,13,86,0,0,76,2,78,15,11,123,15,164,40,4,44,208
08/28/2020,GNV,FL,ASO,ES,Federal Contract Tower,16,8,39,2,65,0,0,74,7,81,16,8,113,9,146,54,0,54,200
08/29/2020,GNV,FL,ASO,ES,Federal Contract Tower,14,2,29,0,45,0,0,30,0,30,14,2,59,0,75,46,0,46,121
08/30/2020,GNV,FL,ASO,ES,Federal Contract Tower,16,2,30,1,49,0,0,24,2,26,16,2,54,3,75,28,0,28,103
08/31/2020,GNV,FL,ASO,ES,Federal Contract Tower,16,5,20,0,41,0,0,15,0,15,16,5,35,0,56,30,0,30,86
09/01/2020,GNV,FL,ASO,ES,Federal Contract Tower,11,4,30,4,49,0,0,27,4,31,11,4,57,8,80,22,24,46,126
09/02/2020,GNV,FL,ASO,ES,Federal Contract Tower,12,3,53,0,68,0,0,40,2,42,12,3,93,2,110,38,4,42,152
09/03/2020,GNV,FL,ASO,ES,Federal Contract Tower,17,13,56,17,103,0,1,87,2,90,17,14,143,19,193,66,0,66,259
09/04/2020,GNV,FL,ASO,ES,Federal Contract Tower,16,10,26,9,61,0,2,92,3,97,16,12,118,12,158,62,0,62,220
09/05/2020,GNV,FL,ASO,ES,Federal Contract Tower,15,2,33,0,50,0,0,103,0,103,15,2,136,0,153,40,0,40,193
09/06/2020,GNV,FL,ASO,ES,Federal Contract Tower,15,0,7,0,22,0,0,42,0,42,15,0,49,0,64,32,0,32,96
09/07/2020,GNV,FL,ASO,ES,Federal Contract Tower,13,8,33,0,54,0,0,56,0,56,13,8,89,0,110,22,0,22,132
09/08/2020,GNV,FL,ASO,ES,Federal Contract Tower,13,13,25,2,53,0,0,33,0,33,13,13,58,2,86,60,0,60,146
09/09/2020,GNV,FL,ASO,ES,Federal Contract Tower,12,8,32,2,54,0,4,22,10,36,12,12,54,12,90,38,0,38,128
09/10/2020,GNV,FL,ASO,ES,Federal Contract Tower,15,9,31,1,56,0,0,48,12,60,15,9,79,13,116,64,10,74,190
09/11/2020,GNV,FL,ASO,ES,Federal Contract Tower,15,4,36,2,57,0,0,30,0,30,15,4,66,2,87,54,0,54,141
09/12/2020,GNV,FL,ASO,ES,Federal Contract Tower,15,6,27,0,48,0,0,39,0,39,15,6,66,0,87,12,0,12,99
09/13/2020,GNV,FL,ASO,ES,Federal Contract Tower,15,6,23,2,46,0,0,10,0,10,15,6,33,2,56,18,4,22,78
09/14/2020,GNV,FL,ASO,ES,Federal Contract Tower,15,6,21,3,45,0,0,58,4,62,15,6,79,7,107,84,30,114,221
09/15/2020,GNV,FL,ASO,ES,Federal Contract Tower,11,2,24,17,54,0,3,44,8,55,11,5,68,25,109,50,2,52,161
09/16/2020,GNV,FL,ASO,ES,Federal Contract Tower,12,3,35,0,50,0,0,30,8,38,12,3,65,8,88,22,4,26,114
09/17/2020,GNV,FL,ASO,ES,Federal Contract Tower,14,7,19,2,42,0,0,13,3,16,14,7,32,5,58,2,0,2,60
09/18/2020,GNV,FL,ASO,ES,Federal Contract Tower,18,10,61,2,91,0,0,88,0,88,18,10,149,2,179,28,0,28,207
09/19/2020,GNV,FL,ASO,ES,Federal Contract Tower,15,5,31,0,51,0,0,0,0,0,15,5,31,0,51,0,0,0,51
09/20/2020,GNV,FL,ASO,ES,Federal Contract Tower,14,9,14,0,37,0,0,1,0,1,14,9,15,0,38,0,0,0,38
09/21/2020,GNV,FL,ASO,ES,Federal Contract Tower,13,7,34,0,54,0,0,30,0,30,13,7,64,0,84,0,0,0,84
09/22/2020,GNV,FL,ASO,ES,Federal Contract Tower,12,7,44,3,66,0,4,52,4,60,12,11,96,7,126,48,0,48,174
09/23/2020,GNV,FL,ASO,ES,Federal Contract Tower,12,11,44,9,76,0,3,106,2,111,12,14,150,11,187,72,10,82,269
09/24/2020,GNV,FL,ASO,ES,Federal Contract Tower,13,15,55,4,87,0,0,81,8,89,13,15,136,12,176,30,24,54,230
09/25/2020,GNV,FL,ASO,ES,Federal Contract Tower,16,13,60,19,108,0,0,105,3,108,16,13,165,22,216,60,6,66,282
09/26/2020,GNV,FL,ASO,ES,Federal Contract Tower,16,9,41,0,66,0,0,73,0,73,16,9,114,0,139,36,0,36,175
09/27/2020,GNV,FL,ASO,ES,Federal Contract Tower,14,10,39,0,63,0,0,22,9,31,14,10,61,9,94,14,0,14,108
09/28/2020,GNV,FL,ASO,ES,Federal Contract Tower,17,12,29,0,58,0,0,36,0,36,17,12,65,0,94,26,0,26,120
09/29/2020,GNV,FL,ASO,ES,Federal Contract Tower,13,15,38,0,66,0,0,35,2,37,13,15,73,2,103,52,0,52,155
09/30/2020,GNV,FL,ASO,ES,Federal Contract Tower,12,10,72,0,94,0,3,113,6,122,12,13,185,6,216,48,0,48,264
10/01/2020,GNV,FL,ASO,ES,Federal Contract Tower,15,6,29,6,56,0,1,128,2,131,15,7,157,8,187,52,0,52,239
10/02/2020,GNV,FL,ASO,ES,Federal Contract Tower,18,19,59,12,108,0,0,92,7,99,18,19,151,19,207,86,0,86,293
10/03/2020,GNV,FL,ASO,ES,Federal Contract Tower,16,4,45,0,65,0,0,61,0,61,16,4,106,0,126,32,0,32,158
10/04/2020,GNV,FL,ASO,ES,Federal Contract Tower,16,8,28,5,57,0,0,4,3,7,16,8,32,8,64,0,0,0,64
10/05/2020,GNV,FL,ASO,ES,Federal Contract Tower,16,4,32,0,52,0,0,0,0,0,16,4,32,0,52,0,0,0,52
10/06/2020,GNV,FL,ASO,ES,Federal Contract Tower,12,8,36,0,56,0,0,28,0,28,12,8,64,0,84,12,0,12,96
10/07/2020,GNV,FL,ASO,ES,Federal Contract Tower,12,11,44,6,73,0,3,29,2,34,12,14,73,8,107,40,0,40,147
10/08/2020,GNV,FL,ASO,ES,Federal Contract Tower,19,9,47,6,81,0,0,39,0,39,19,9,86,6,120,26,6,32,152
10/09/2020,GNV,FL,ASO,ES,Federal Contract Tower,19,6,37,2,64,0,0,21,0,21,19,6,58,2,85,18,0,18,103
10/10/2020,GNV,FL,ASO,ES,Federal Contract Tower,17,2,31,0,50,0,0,37,0,37,17,2,68,0,87,16,0,16,103
10/11/2020,GNV,FL,ASO,ES,Federal Contract Tower,17,6,24,0,47,0,0,55,0,55,17,6,79,0,102,72,0,72,174
10/12/2020,GNV,FL,ASO,ES,Federal Contract Tower,15,4,45,0,64,0,0,67,0,67,15,4,112,0,131,36,0,36,167
10/13/2020,GNV,FL,ASO,ES,Federal Contract Tower,12,8,37,1,58,0,2,96,4,102,12,10,133,5,160,68,0,68,228
10/14/2020,GNV,FL,ASO,ES,Federal Contract Tower,12,4,36,2,54,0,2,101,7,110,12,6,137,9,164,74,12,86,250
10/15/2020,GNV,FL,ASO,ES,Federal Contract Tower,17,6,39,0,62,0,4,86,0,90,17,10,125,0,152,66,0,66,218
10/16/2020,GNV,FL,ASO,ES,Federal Contract Tower,19,6,43,4,72,0,0,98,0,98,19,6,141,4,170,44,0,44,214
10/17/2020,GNV,FL,ASO,ES,Federal Contract Tower,17,4,15,2,38,0,0,86,2,88,17,4,101,4,126,62,0,62,188
10/18/2020,GNV,FL,ASO,ES,Federal Contract Tower,18,2,17,10,47,0,0,49,0,49,18,2,66,10,96,16,0,16,112
10/19/2020,GNV,FL,ASO,ES,Federal Contract Tower,17,4,28,2,51,0,0,62,2,64,17,4,90,4,115,14,14,28,143
10/20/2020,GNV,FL,ASO,ES,Federal Contract Tower,13,3,36,0,52,0,5,16,0,21,13,8,52,0,73,22,0,22,95
10/21/2020,GNV,FL,ASO,ES,Federal Contract Tower,12,8,26,0,46,0,0,30,1,31,12,8,56,1,77,10,0,10,87
10/22/2020,GNV,FL,ASO,ES,Federal Contract Tower,16,9,35,0,60,0,0,44,0,44,16,9,79,0,104,16,0,16,120
10/23/2020,GNV,FL,ASO,ES,Federal Contract Tower,17,18,25,9,69,0,2,42,5,49,17,20,67,14,118,64,0,64,182
10/24/2020,GNV,FL,ASO,ES,Federal Contract Tower,17,7,33,3,60,0,0,92,3,95,17,7,125,6,155,62,8,70,225
10/25/2020,GNV,FL,ASO,ES,Federal Contract Tower,17,0,26,2,45,0,0,83,11,94,17,0,109,13,139,52,0,52,191
10/26/2020,GNV,FL,ASO,ES,Federal Contract Tower,17,8,30,4,59,0,0,73,4,77,17,8,103,8,136,50,4,54,190
10/27/2020,GNV,FL,ASO,ES,Federal Contract Tower,12,10,33,0,55,0,0,56,10,66,12,10,89,10,121,40,4,44,165
10/28/2020,GNV,FL,ASO,ES,Federal Contract Tower,12,9,38,0,59,0,0,81,10,91,12,9,119,10,150,62,0,62,212
10/29/2020,GNV,FL,ASO,ES,Federal Contract Tower,16,9,26,7,58,0,1,25,0,26,16,10,51,7,84,4,0,4,88
10/30/2020,GNV,FL,ASO,ES,Federal Contract Tower,19,10,29,3,61,0,0,101,1,102,19,10,130,4,163,70,0,70,233
10/31/2020,GNV,FL,ASO,ES,Federal Contract Tower,11,7,41,0,59,0,0,84,0,84,11,7,125,0,143,26,0,26,169
11/01/2020,GNV,FL,ASO,ES,Federal Contract Tower,15,4,43,0,62,0,0,34,0,34,15,4,77,0,96,14,0,14,110
11/02/2020,GNV,FL,ASO,ES,Federal Contract Tower,14,6,22,4,46,0,0,60,1,61,14,6,82,5,107,22,6,28,135
11/03/2020,GNV,FL,ASO,ES,Federal Contract Tower,7,6,34,11,58,0,0,84,7,91,7,6,118,18,149,24,4,28,177
11/04/2020,GNV,FL,ASO,ES,Federal Contract Tower,12,6,38,0,56,0,0,79,5,84,12,6,117,5,140,38,20,58,198
11/05/2020,GNV,FL,ASO,ES,Federal Contract Tower,18,10,41,2,71,0,0,89,2,91,18,10,130,4,162,96,0,96,258
11/06/2020,GNV,FL,ASO,ES,Federal Contract Tower,16,9,36,4,65,0,0,55,3,58,16,9,91,7,123,38,0,38,161
11/07/2020,GNV,FL,ASO,ES,Federal Contract Tower,17,9,29,0,55,0,0,34,4,38,17,9,63,4,93,8,0,8,101
11/08/2020,GNV,FL,ASO,ES,Federal Contract Tower,17,6,11,0,34,0,0,25,0,25,17,6,36,0,59,4,0,4,63
11/09/2020,GNV,FL,ASO,ES,Federal Contract Tower,17,3,17,0,37,0,0,6,0,6,17,3,23,0,43,0,0,0,43
11/10/2020,GNV,FL,ASO,ES,Federal Contract Tower,12,7,26,4,49,0,2,8,5,15,12,9,34,9,64,0,0,0,64
11/11/2020,GNV,FL,ASO,ES,Federal Contract Tower,14,11,25,0,50,0,0,3,0,3,14,11,28,0,53,0,0,0,53
11/12/2020,GNV,FL,ASO,ES,Federal Contract Tower,16,4,20,0,40,0,1,10,0,11,16,5,30,0,51,14,0,14,65
11/13/2020,GNV,FL,ASO,ES,Federal Contract Tower,18,6,53,2,79,0,0,22,1,23,18,6,75,3,102,16,4,20,122
11/14/2020,GNV,FL,ASO,ES,Federal Contract Tower,20,8,58,2,88,0,2,69,0,71,20,10,127,2,159,20,0,20,179
11/15/2020,GNV,FL,ASO,ES,Federal Contract Tower,19,7,39,6,71,0,0,73,3,76,19,7,112,9,147,84,0,84,231
11/16/2020,GNV,FL,ASO,ES,Federal Contract Tower,17,3,34,0,54,0,0,77,0,77,17,3,111,0,131,32,0,32,163
11/18/2020,GNV,FL,ASO,ES,Federal Contract Tower,12,18,27,1,58,0,0,62,7,69,12,18,89,8,127,12,0,12,139
11/19/2020,GNV,FL,ASO,ES,Federal Contract Tower,18,2,30,0,50,0,0,83,0,83,18,2,113,0,133,112,0,112,245
11/20/2020,GNV,FL,ASO,ES,Federal Contract Tower,19,4,53,6,82,0,0,35,30,65,19,4,88,36,147,42,0,42,189
11/21/2020,GNV,FL,ASO,ES,Federal Contract Tower,21,6,43,0,70,0,0,53,0,53,21,6,96,0,123,40,0,40,163
11/22/2020,GNV,FL,ASO,ES,Federal Contract Tower,21,13,35,9,78,0,0,44,26,70,21,13,79,35,148,47,0,47,195
11/23/2020,GNV,FL,ASO,ES,Federal Contract Tower,17,7,40,0,64,0,1,92,0,93,17,8,132,0,157,68,0,68,225
11/24/2020,GNV,FL,ASO,ES,Federal Contract Tower,20,5,35,2,62,0,12,119,2,133,20,17,154,4,195,42,0,42,237
11/25/2020,GNV,FL,ASO,ES,Federal Contract Tower,18,7,31,0,56,0,0,104,0,104,18,7,135,0,160,40,0,40,200
11/26/2020,GNV,FL,ASO,ES,Federal Contract Tower,9,4,17,0,30,0,0,33,0,33,9,4,50,0,63,10,0,10,73
11/27/2020,GNV,FL,ASO,ES,Federal Contract Tower,15,9,27,0,51,0,2,79,0,81,15,11,106,0,132,32,0,32,164
11/28/2020,GNV,FL,ASO,ES,Federal Contract Tower,20,10,41,0,71,0,0,49,0,49,20,10,90,0,120,44,0,44,164
11/29/2020,GNV,FL,ASO,ES,Federal Contract Tower,22,6,44,0,72,0,0,7,0,7,22,6,51,0,79,6,0,6,85
11/30/2020,GNV,FL,ASO,ES,Federal Contract Tower,19,5,25,5,54,0,0,49,2,51,19,5,74,7,105,6,6,12,117
12/01/2020,GNV,FL,ASO,ES,Federal Contract Tower,19,11,33,11,74,0,0,96,4,100,19,11,129,15,174,20,8,28,202
12/02/2020,GNV,FL,ASO,ES,Federal Contract Tower,13,8,47,3,71,0,0,79,1,80,13,8,126,4,151,30,10,40,191
12/03/2020,GNV,FL,ASO,ES,Federal Contract Tower,15,9,53,4,81,0,1,88,14,103,15,10,141,18,184,54,0,54,238
12/04/2020,GNV,FL,ASO,ES,Federal Contract Tower,20,15,39,10,84,0,0,70,25,95,20,15,109,35,179,26,0,26,205
12/05/2020,GNV,FL,ASO,ES,Federal Contract Tower,14,11,32,3,60,0,0,119,3,122,14,11,151,6,182,30,0,30,212
12/06/2020,GNV,FL,ASO,ES,Federal Contract Tower,16,0,32,13,61,0,5,78,13,96,16,5,110,26,157,22,15,37,194
12/07/2020,GNV,FL,ASO,ES,Federal Contract Tower,18,9,25,1,53,0,0,52,4,56,18,9,77,5,109,54,0,54,163
12/08/2020,GNV,FL,ASO,ES,Federal Contract Tower,14,9,33,1,57,0,0,97,1,98,14,9,130,2,155,40,0,40,195
12/09/2020,GNV,FL,ASO,ES,Federal Contract Tower,16,12,40,3,71,0,0,100,4,104,16,12,140,7,175,36,0,36,211
12/10/2020,GNV,FL,ASO,ES,Federal Contract Tower,18,12,33,1,64,0,0,98,6,104,18,12,131,7,168,54,0,54,222
12/11/2020,GNV,FL,ASO,ES,Federal Contract Tower,18,3,30,8,59,0,0,127,10,137,18,3,157,18,196,100,4,104,300
12/12/2020,GNV,FL,ASO,ES,Federal Contract Tower,13,4,39,3,59,0,0,31,2,33,13,4,70,5,92,16,14,30,122
12/13/2020,GNV,FL,ASO,ES,Federal Contract Tower,16,6,46,2,70,0,0,64,2,66,16,6,110,4,136,18,0,18,154
12/14/2020,GNV,FL,ASO,ES,Federal Contract Tower,17,7,41,0,65,0,0,33,0,33,17,7,74,0,98,32,0,32,130
12/15/2020,GNV,FL,ASO,ES,Federal Contract Tower,12,7,37,3,59,0,36,50,2,88,12,43,87,5,147,52,0,52,199
12/16/2020,GNV,FL,ASO,ES,Federal Contract Tower,14,3,21,1,39,0,0,0,0,0,14,3,21,1,39,0,0,0,39
12/17/2020,GNV,FL,ASO,ES,Federal Contract Tower,16,8,62,6,92,0,4,78,2,84,16,12,140,8,176,70,0,70,246
12/18/2020,GNV,FL,ASO,ES,Federal Contract Tower,20,13,37,8,78,0,0,144,0,144,20,13,181,8,222,44,8,52,274
12/19/2020,GNV,FL,ASO,ES,Federal Contract Tower,20,2,30,7,59,0,2,80,1,83,20,4,110,8,142,40,20,60,202
12/20/2020,GNV,FL,ASO,ES,Federal Contract Tower,18,2,28,0,48,0,0,9,0,9,18,2,37,0,57,12,0,12,69
12/21/2020,GNV,FL,ASO,ES,Federal Contract Tower,16,7,31,0,54,0,0,49,2,51,16,7,80,2,105,66,0,66,171
12/22/2020,GNV,FL,ASO,ES,Federal Contract Tower,17,6,19,0,42,0,7,134,0,141,17,13,153,0,183,54,0,54,237
12/23/2020,GNV,FL,ASO,ES,Federal Contract Tower,18,4,38,0,60,0,3,102,0,105,18,7,140,0,165,44,0,44,209
12/24/2020,GNV,FL,ASO,ES,Federal Contract Tower,16,4,8,0,28,0,0,16,0,16,16,4,24,0,44,0,0,0,44
12/25/2020,GNV,FL,ASO,ES,Federal Contract Tower,12,4,6,0,22,0,0,27,0,27,12,4,33,0,49,2,0,2,51
12/26/2020,GNV,FL,ASO,ES,Federal Contract Tower,18,4,21,0,43,0,0,56,0,56,18,4,77,0,99,24,0,24,123
12/27/2020,GNV,FL,ASO,ES,Federal Contract Tower,15,13,14,0,42,0,0,74,0,74,15,13,88,0,116,28,0,28,144
12/28/2020,GNV,FL,ASO,ES,Federal Contract Tower,22,7,15,0,44,0,0,118,2,120,22,7,133,2,164,56,0,56,220
12/29/2020,GNV,FL,ASO,ES,Federal Contract Tower,20,3,26,4,53,0,0,88,4,92,20,3,114,8,145,40,6,46,191
12/30/2020,GNV,FL,ASO,ES,Federal Contract Tower,17,10,38,6,71,0,2,64,4,70,17,12,102,10,141,70,4,74,215
12/31/2020,GNV,FL,ASO,ES,Federal Contract Tower,18,11,10,0,39,0,3,36,0,39,18,14,46,0,78,10,0,10,88
01/01/2021,GNV,FL,ASO,ES,Federal Contract Tower,13,4,12,0,29,0,0,14,0,14,13,4,26,0,43,0,0,0,43
01/02/2021,GNV,FL,ASO,ES,Federal Contract Tower,18,5,22,1,46,0,0,40,0,40,18,5,62,1,86,70,0,70,156
01/03/2021,GNV,FL,ASO,ES,Federal Contract Tower,19,6,24,0,49,0,0,71,0,71,19,6,95,0,120,38,0,38,158
01/04/2021,GNV,FL,ASO,ES,Federal Contract Tower,19,4,29,4,56,0,0,100,0,100,19,4,129,4,156,30,14,44,200
01/05/2021,GNV,FL,ASO,ES,Federal Contract Tower,14,5,52,0,71,0,3,67,0,70,14,8,119,0,141,36,0,36,177
01/06/2021,GNV,FL,ASO,ES,Federal Contract Tower,12,9,15,0,36,0,1,100,1,102,12,10,115,1,138,37,0,37,175
01/07/2021,GNV,FL,ASO,ES,Federal Contract Tower,17,9,15,4,45,0,0,54,0,54,17,9,69,4,99,32,0,32,131
01/08/2021,GNV,FL,ASO,ES,Federal Contract Tower,15,3,42,21,81,0,0,59,14,73,15,3,101,35,154,50,0,50,204
01/09/2021,GNV,FL,ASO,ES,Federal Contract Tower,16,7,38,0,61,0,2,32,0,34,16,9,70,0,95,30,0,30,125
01/10/2021,GNV,FL,ASO,ES,Federal Contract Tower,18,8,29,15,70,0,0,101,17,118,18,8,130,32,188,20,6,26,214
01/11/2021,GNV,FL,ASO,ES,Federal Contract Tower,15,8,24,4,51,0,0,85,3,88,15,8,109,7,139,48,20,68,207
01/12/2021,GNV,FL,ASO,ES,Federal Contract Tower,12,11,39,10,72,0,0,4,5,9,12,11,43,15,81,0,0,0,81
01/13/2021,GNV,FL,ASO,ES,Federal Contract Tower,15,12,37,0,64,0,0,19,0,19,15,12,56,0,83,4,0,4,87
01/14/2021,GNV,FL,ASO,ES,Federal Contract Tower,17,11,42,3,73,0,2,80,7,89,17,13,122,10,162,38,10,48,210
01/15/2021,GNV,FL,ASO,ES,Federal Contract Tower,17,8,19,0,44,0,0,47,0,47,17,8,66,0,91,20,0,20,111
01/16/2021,GNV,FL,ASO,ES,Federal Contract Tower,16,2,24,0,42,0,0,46,1,47,16,2,70,1,89,22,2,24,113
01/17/2021,GNV,FL,ASO,ES,Federal Contract Tower,16,7,32,0,55,0,0,86,0,86,16,7,118,0,141,50,2,52,193
01/18/2021,GNV,FL,ASO,ES,Federal Contract Tower,18,10,35,0,63,0,0,116,1,117,18,10,151,1,180,44,4,48,228
01/19/2021,GNV,FL,ASO,ES,Federal Contract Tower,13,4,52,12,81,0,0,77,6,83,13,4,129,18,164,49,9,58,222
01/20/2021,GNV,FL,ASO,ES,Federal Contract Tower,13,6,25,9,53,0,2,88,8,98,13,8,113,17,151,68,8,76,227
01/21/2021,GNV,FL,ASO,ES,Federal Contract Tower,15,8,61,20,104,0,0,115,10,125,15,8,176,30,229,48,30,78,307
01/22/2021,GNV,FL,ASO,ES,Federal Contract Tower,16,8,39,78,141,0,0,17,19,36,16,8,56,97,177,6,20,26,203
01/23/2021,GNV,FL,ASO,ES,Federal Contract Tower,11,5,20,0,36,0,0,17,0,17,11,5,37,0,53,10,0,10,63
01/24/2021,GNV,FL,ASO,ES,Federal Contract Tower,18,17,32,16,83,0,0,9,13,22,18,17,41,29,105,16,0,16,121
01/25/2021,GNV,FL,ASO,ES,Federal Contract Tower,17,5,44,18,84,0,0,50,5,55,17,5,94,23,139,20,22,42,181
01/26/2021,GNV,FL,ASO,ES,Federal Contract Tower,13,12,48,2,75,0,0,52,0,52,13,12,100,2,127,44,0,44,171
01/27/2021,GNV,FL,ASO,ES,Federal Contract Tower,14,13,40,1,68,0,0,0,0,0,14,13,40,1,68,0,0,0,68
01/28/2021,GNV,FL,ASO,ES,Federal Contract Tower,14,12,41,6,73,0,2,71,1,74,14,14,112,7,147,44,0,44,191
01/29/2021,GNV,FL,ASO,ES,Federal Contract Tower,21,3,35,9,68,0,0,132,13,145,21,3,167,22,213,44,0,44,257
01/30/2021,GNV,FL,ASO,ES,Federal Contract Tower,18,6,31,0,55,0,0,132,0,132,18,6,163,0,187,42,0,42,229
01/31/2021,GNV,FL,ASO,ES,Federal Contract Tower,21,4,14,8,47,0,0,39,14,53,21,4,53,22,100,0,0,0,100
02/01/2021,GNV,FL,ASO,ES,Federal Contract Tower,16,9,28,34,87,0,0,34,0,34,16,9,62,34,121,55,8,63,184
02/02/2021,GNV,FL,ASO,ES,Federal Contract Tower,12,11,28,13,64,0,0,48,6,54,12,11,76,19,118,2,0,2,120
02/03/2021,GNV,FL,ASO,ES,Federal Contract Tower,12,10,33,30,85,0,0,103,18,121,12,10,136,48,206,32,8,40,246
02/04/2021,GNV,FL,ASO,ES,Federal Contract Tower,18,15,50,11,94,0,0,106,2,108,18,15,156,13,202,122,0,122,324
02/05/2021,GNV,FL,ASO,ES,Federal Contract Tower,19,10,40,2,71,0,0,10,3,13,19,10,50,5,84,28,0,28,112
02/06/2021,GNV,FL,ASO,ES,Federal Contract Tower,13,4,28,0,45,0,0,2,0,2,13,4,30,0,47,0,0,0,47
02/07/2021,GNV,FL,ASO,ES,Federal Contract Tower,12,7,25,17,61,0,0,51,6,57,12,7,76,23,118,20,0,20,138
02/08/2021,GNV,FL,ASO,ES,Federal Contract Tower,17,3,48,0,68,0,0,73,0,73,17,3,121,0,141,100,0,100,241
02/09/2021,GNV,FL,ASO,ES,Federal Contract Tower,11,11,29,0,51,0,0,1,0,1,11,11,30,0,52,4,0,4,56
02/10/2021,GNV,FL,ASO,ES,Federal Contract Tower,14,12,37,9,72,0,0,46,2,48,14,12,83,11,120,20,16,36,156
02/11/2021,GNV,FL,ASO,ES,Federal Contract Tower,16,10,42,5,73,0,2,56,0,58,16,12,98,5,131,32,0,32,163
02/12/2021,GNV,FL,ASO,ES,Federal Contract Tower,17,13,45,10,85,0,0,31,2,33,17,13,76,12,118,26,0,26,144
02/13/2021,GNV,FL,ASO,ES,Federal Contract Tower,14,6,13,0,33,0,0,8,0,8,14,6,21,0,41,12,0,12,53
02/14/2021,GNV,FL,ASO,ES,Federal Contract Tower,12,7,20,8,47,0,0,2,0,2,12,7,22,8,49,0,0,0,49
02/15/2021,GNV,FL,ASO,ES,Federal Contract Tower,16,6,20,0,42,0,0,2,0,2,16,6,22,0,44,0,0,0,44
02/16/2021,GNV,FL,ASO,ES,Federal Contract Tower,8,13,53,2,76,0,0,95,2,97,8,13,148,4,173,100,0,100,273
02/17/2021,GNV,FL,ASO,ES,Federal Contract Tower,12,7,42,0,61,0,2,36,4,42,12,9,78,4,103,32,0,32,135
02/18/2021,GNV,FL,ASO,ES,Federal Contract Tower,17,18,32,8,75,0,1,44,2,47,17,19,76,10,122,6,0,6,128
02/19/2021,GNV,FL,ASO,ES,Federal Contract Tower,17,14,28,9,68,0,0,0,0,0,17,14,28,9,68,0,0,0,68
02/20/2021,GNV,FL,ASO,ES,Federal Contract Tower,16,7,39,1,63,0,0,136,1,137,16,7,175,2,200,78,0,78,278
02/21/2021,GNV,FL,ASO,ES,Federal Contract Tower,19,4,40,5,68,0,0,84,3,87,19,4,124,8,155,24,0,24,179
02/22/2021,GNV,FL,ASO,ES,Federal Contract Tower,21,3,50,8,82,0,0,61,3,64,21,3,111,11,146,42,0,42,188
02/23/2021,GNV,FL,ASO,ES,Federal Contract Tower,14,13,43,2,72,0,0,94,0,94,14,13,137,2,166,42,2,44,210
02/24/2021,GNV,FL,ASO,ES,Federal Contract Tower,14,4,51,6,75,0,0,115,1,116,14,4,166,7,191,86,16,102,293
02/25/2021,GNV,FL,ASO,ES,Federal Contract Tower,19,11,50,10,90,0,0,114,3,117,19,11,164,13,207,72,8,80,287
02/26/2021,GNV,FL,ASO,ES,Federal Contract Tower,22,15,46,16,99,0,0,108,13,121,22,15,154,29,220,40,0,40,260
02/27/2021,GNV,FL,ASO,ES,Federal Contract Tower,15,3,33,2,53,0,0,93,0,93,15,3,126,2,146,146,0,146,292
02/28/2021,GNV,FL,ASO,ES,Federal Contract Tower,19,11,33,11,74,0,0,75,13,88,19,11,108,24,162,14,6,20,182
03/01/2021,GNV,FL,ASO,ES,Federal Contract Tower,20,5,42,4,71,0,0,37,0,37,20,5,79,4,108,52,4,56,164
03/02/2021,GNV,FL,ASO,ES,Federal Contract Tower,13,8,31,0,52,0,0,0,0,0,13,8,31,0,52,0,0,0,52
03/03/2021,GNV,FL,ASO,ES,Federal Contract Tower,14,8,40,0,62,0,0,31,1,32,14,8,71,1,94,36,0,36,130
03/04/2021,GNV,FL,ASO,ES,Federal Contract Tower,21,14,60,7,102,0,0,148,8,156,21,14,208,15,258,48,20,68,326
03/05/2021,GNV,FL,ASO,ES,Federal Contract Tower,16,18,45,16,95,0,2,139,10,151,16,20,184,26,246,56,0,56,302
03/06/2021,GNV,FL,ASO,ES,Federal Contract Tower,19,10,27,0,56,0,0,24,0,24,19,10,51,0,80,48,0,48,128
03/07/2021,GNV,FL,ASO,ES,Federal Contract Tower,20,4,29,18,71,0,0,76,15,91,20,4,105,33,162,60,0,60,222
03/08/2021,GNV,FL,ASO,ES,Federal Contract Tower,17,8,31,5,61,0,0,68,2,70,17,8,99,7,131,76,0,76,207
03/09/2021,GNV,FL,ASO,ES,Federal Contract Tower,18,3,43,0,64,0,2,103,9,114,18,5,146,9,178,50,0,50,228
03/10/2021,GNV,FL,ASO,ES,Federal Contract Tower,17,12,40,0,69,0,2,104,6,112,17,14,144,6,181,52,0,52,233
03/11/2021,GNV,FL,ASO,ES,Federal Contract Tower,18,15,68,1,102,0,0,135,4,139,18,15,203,5,241,94,0,94,335
03/12/2021,GNV,FL,ASO,ES,Federal Contract Tower,21,9,38,2,70,0,0,146,2,148,21,9,184,4,218,58,0,58,276
03/13/2021,GNV,FL,ASO,ES,Federal Contract Tower,14,12,43,0,69,0,0,0,0,0,14,12,43,0,69,66,0,66,135
03/14/2021,GNV,FL,ASO,ES,Federal Contract Tower,19,8,82,8,117,0,0,126,7,133,19,8,208,15,250,26,0,26,276
03/15/2021,GNV,FL,ASO,ES,Federal Contract Tower,18,6,36,4,64,0,0,106,0,106,18,6,142,4,170,28,0,28,198
03/16/2021,GNV,FL,ASO,ES,Federal Contract Tower,17,13,65,8,103,0,0,88,7,95,17,13,153,15,198,46,24,70,268
03/17/2021,GNV,FL,ASO,ES,Federal Contract Tower,19,9,39,0,67,0,2,75,9,86,19,11,114,9,153,77,14,91,244
03/18/2021,GNV,FL,ASO,ES,Federal Contract Tower,17,13,22,6,58,0,2,8,1,11,17,15,30,7,69,0,10,10,79
03/19/2021,GNV,FL,ASO,ES,Federal Contract Tower,21,14,62,5,102,0,0,92,5,97,21,14,154,10,199,22,0,22,221
03/20/2021,GNV,FL,ASO,ES,Federal Contract Tower,16,11,31,2,60,0,2,63,0,65,16,13,94,2,125,24,6,30,155
03/21/2021,GNV,FL,ASO,ES,Federal Contract Tower,18,8,49,3,78,0,0,1,1,2,18,8,50,4,80,0,0,0,80
03/22/2021,GNV,FL,ASO,ES,Federal Contract Tower,21,7,31,12,71,0,0,56,6,62,21,7,87,18,133,28,0,28,161
03/23/2021,GNV,FL,ASO,ES,Federal Contract Tower,16,8,35,6,65,0,3,58,8,69,16,11,93,14,134,54,0,54,188
03/24/2021,GNV,FL,ASO,ES,Federal Contract Tower,15,16,51,9,91,0,4,102,3,109,15,20,153,12,200,32,16,48,248
03/25/2021,GNV,FL,ASO,ES,Federal Contract Tower,18,8,41,5,72,0,0,69,5,74,18,8,110,10,146,12,0,12,158
03/26/2021,GNV,FL,ASO,ES,Federal Contract Tower,18,13,51,52,134,0,0,93,25,118,18,13,144,77,252,50,18,68,320
03/27/2021,GNV,FL,ASO,ES,Federal Contract Tower,15,11,30,0,56,0,0,69,1,70,15,11,99,1,126,44,0,44,170
03/28/2021,GNV,FL,ASO,ES,Federal Contract Tower,18,19,39,8,84,0,2,75,10,87,18,21,114,18,171,36,0,36,207
03/29/2021,GNV,FL,ASO,ES,Federal Contract Tower,19,9,41,0,69,0,0,72,1,73,19,9,113,1,142,44,0,44,186
03/30/2021,GNV,FL,ASO,ES,Federal Contract Tower,18,12,23,2,55,0,0,46,0,46,18,12,69,2,101,22,0,22,123
03/31/2021,GNV,FL,ASO,ES,Federal Contract Tower,16,17,52,0,85,0,10,55,2,67,16,27,107,2,152,82,0,82,234
04/01/2021,GNV,FL,ASO,ES,Federal Contract Tower,18,6,33,0,57,0,0,25,4,29,18,6,58,4,86,8,2,10,96
04/02/2021,GNV,FL,ASO,ES,Federal Contract Tower,19,8,36,3,66,0,0,78,5,83,19,8,114,8,149,38,0,38,187
04/03/2021,GNV,FL,ASO,ES,Federal Contract Tower,17,8,25,1,51,0,0,93,3,96,17,8,118,4,147,8,4,12,159
04/04/2021,GNV,FL,ASO,ES,Federal Contract Tower,18,6,35,0,59,0,0,109,0,109,18,6,144,0,168,32,0,32,200
04/05/2021,GNV,FL,ASO,ES,Federal Contract Tower,17,9,45,10,81,0,0,113,10,123,17,9,158,20,204,130,4,134,338
04/06/2021,GNV,FL,ASO,ES,Federal Contract Tower,15,4,49,4,72,0,3,96,13,112,15,7,145,17,184,44,6,50,234
04/07/2021,GNV,FL,ASO,ES,Federal Contract Tower,16,8,26,7,57,0,0,107,23,130,16,8,133,30,187,38,2,40,227
04/08/2021,GNV,FL,ASO,ES,Federal Contract Tower,18,5,51,12,86,0,0,178,27,205,18,5,229,39,291,44,0,44,335
04/09/2021,GNV,FL,ASO,ES,Federal Contract Tower,18,2,30,17,67,0,0,231,22,253,18,2,261,39,320,22,0,22,342
04/10/2021,GNV,FL,ASO,ES,Federal Contract Tower,18,3,23,1,45,0,0,119,1,120,18,3,142,2,165,12,0,12,177
04/11/2021,GNV,FL,ASO,ES,Federal Contract Tower,23,0,22,2,47,0,0,20,0,20,23,0,42,2,67,4,0,4,71
04/12/2021,GNV,FL,ASO,ES,Federal Contract Tower,17,16,46,23,102,0,0,114,33,147,17,16,160,56,249,52,10,62,311
04/13/2021,GNV,FL,ASO,ES,Federal Contract Tower,20,10,41,10,81,0,2,118,18,138,20,12,159,28,219,44,6,50,269
04/14/2021,GNV,FL,ASO,ES,Federal Contract Tower,16,9,29,14,68,0,6,107,7,120,16,15,136,21,188,34,20,54,242
04/15/2021,GNV,FL,ASO,ES,Federal Contract Tower,21,5,53,13,92,0,3,62,16,81,21,8,115,29,173,56,18,74,247
04/16/2021,GNV,FL,ASO,ES,Federal Contract Tower,18,3,35,7,63,0,0,29,15,44,18,3,64,22,107,26,0,26,133
04/17/2021,GNV,FL,ASO,ES,Federal Contract Tower,20,2,32,1,55,0,0,15,1,16,20,2,47,2,71,20,0,20,91
04/18/2021,GNV,FL,ASO,ES,Federal Contract Tower,16,6,23,1,46,0,0,14,0,14,16,6,37,1,60,0,0,0,60
04/19/2021,GNV,FL,ASO,ES,Federal Contract Tower,19,3,41,0,63,0,0,59,3,62,19,3,100,3,125,56,2,58,183
04/20/2021,GNV,FL,ASO,ES,Federal Contract Tower,18,9,67,4,98,0,0,55,4,59,18,9,122,8,157,48,0,48,205
04/21/2021,GNV,FL,ASO,ES,Federal Contract Tower,19,6,66,15,106,0,6,99,9,114,19,12,165,24,220,72,42,114,334
04/22/2021,GNV,FL,ASO,ES,Federal Contract Tower,14,13,32,11,70,0,0,137,6,143,14,13,169,17,213,82,10,92,305
04/23/2021,GNV,FL,ASO,ES,Federal Contract Tower,18,8,47,6,79,0,0,140,2,142,18,8,187,8,221,62,2,64,285
04/24/2021,GNV,FL,ASO,ES,Federal Contract Tower,15,1,22,1,39,0,2,26,0,28,15,3,48,1,67,2,0,2,69
04/25/2021,GNV,FL,ASO,ES,Federal Contract Tower,19,12,41,2,74,0,0,84,0,84,19,12,125,2,158,42,0,42,200
04/26/2021,GNV,FL,ASO,ES,Federal Contract Tower,18,14,47,0,79,0,0,107,2,109,18,14,154,2,188,56,12,68,256
04/27/2021,GNV,FL,ASO,ES,Federal Contract Tower,16,7,50,0,73,0,0,97,7,104,16,7,147,7,177,50,42,92,269
04/28/2021,GNV,FL,ASO,ES,Federal Contract Tower,17,12,46,2,77,0,0,115,2,117,17,12,161,4,194,56,6,62,256
04/29/2021,GNV,FL,ASO,ES,Federal Contract Tower,14,13,50,4,81,0,2,73,3,78,14,15,123,7,159,92,0,92,251
04/30/2021,GNV,FL,ASO,ES,Federal Contract Tower,17,12,40,1,70,0,0,69,5,74,17,12,109,6,144,22,0,22,166
05/01/2021,GNV,FL,ASO,ES,Federal Contract Tower,17,14,33,0,64,0,0,85,0,85,17,14,118,0,149,48,0,48,197
05/02/2021,GNV,FL,ASO,ES,Federal Contract Tower,21,10,32,4,67,0,0,70,9,79,21,10,102,13,146,20,0,20,166
05/03/2021,GNV,FL,ASO,ES,Federal Contract Tower,13,13,40,0,66,0,0,87,3,90,13,13,127,3,156,32,0,32,188
05/04/2021,GNV,FL,ASO,ES,Federal Contract Tower,15,4,50,18,87,0,0,82,6,88,15,4,132,24,175,58,16,74,249
05/05/2021,GNV,FL,ASO,ES,Federal Contract Tower,16,9,46,2,73,0,2,52,0,54,16,11,98,2,127,10,0,10,137
05/06/2021,GNV,FL,ASO,ES,Federal Contract Tower,17,12,34,17,80,0,0,47,3,50,17,12,81,20,130,68,0,68,198
05/07/2021,GNV,FL,ASO,ES,Federal Contract Tower,22,17,50,15,104,0,0,94,8,102,22,17,144,23,206,68,12,80,286
05/08/2021,GNV,FL,ASO,ES,Federal Contract Tower,16,7,40,14,77,0,0,146,6,152,16,7,186,20,229,68,22,90,319
05/09/2021,GNV,FL,ASO,ES,Federal Contract Tower,16,1,23,7,47,0,0,56,13,69,16,1,79,20,116,14,8,22,138
05/10/2021,GNV,FL,ASO,ES,Federal Contract Tower,15,3,40,14,72,0,0,53,4,57,15,3,93,18,129,16,12,28,157
05/11/2021,GNV,FL,ASO,ES,Federal Contract Tower,15,14,27,6,62,0,0,56,0,56,15,14,83,6,118,40,0,40,158
05/12/2021,GNV,FL,ASO,ES,Federal Contract Tower,20,3,29,1,53,0,4,88,4,96,20,7,117,5,149,32,0,32,181
05/13/2021,GNV,FL,ASO,ES,Federal Contract Tower,16,4,47,1,68,0,2,2,0,4,16,6,49,1,72,0,0,0,72
05/14/2021,GNV,FL,ASO,ES,Federal Contract Tower,16,10,25,7,58,0,0,87,8,95,16,10,112,15,153,34,0,34,187
05/15/2021,GNV,FL,ASO,ES,Federal Contract Tower,15,10,37,1,63,0,0,96,2,98,15,10,133,3,161,48,0,48,209
05/16/2021,GNV,FL,ASO,ES,Federal Contract Tower,15,4,35,3,57,0,0,68,0,68,15,4,103,3,125,12,0,12,137
05/17/2021,GNV,FL,ASO,ES,Federal Contract Tower,16,7,30,12,65,0,0,93,5,98,16,7,123,17,163,68,4,72,235
05/18/2021,GNV,FL,ASO,ES,Federal Contract Tower,13,16,29,11,69,0,2,71,12,85,13,18,100,23,154,40,14,54,208
05/19/2021,GNV,FL,ASO,ES,Federal Contract Tower,16,11,25,5,57,0,0,45,1,46,16,11,70,6,103,16,0,16,119
05/20/2021,GNV,FL,ASO,ES,Federal Contract Tower,19,9,44,6,78,0,0,56,5,61,19,9,100,11,139,36,2,38,177
05/21/2021,GNV,FL,ASO,ES,Federal Contract Tower,16,4,41,16,77,0,0,70,14,84,16,4,111,30,161,20,4,24,185
05/22/2021,GNV,FL,ASO,ES,Federal Contract Tower,19,6,16,3,44,0,0,80,2,82,19,6,96,5,126,40,0,40,166
05/23/2021,GNV,FL,ASO,ES,Federal Contract Tower,17,3,35,11,66,0,2,94,12,108,17,5,129,23,174,96,0,96,270
05/24/2021,GNV,FL,ASO,ES,Federal Contract Tower,16,13,43,0,72,0,0,123,0,123,16,13,166,0,195,98,0,98,293
05/25/2021,GNV,FL,ASO,ES,Federal Contract Tower,14,12,56,2,84,0,1,123,7,131,14,13,179,9,215,35,6,41,256
05/26/2021,GNV,FL,ASO,ES,Federal Contract Tower,19,12,24,18,73,0,1,106,10,117,19,13,130,28,190,66,26,92,282
05/27/2021,GNV,FL,ASO,ES,Federal Contract Tower,16,8,33,9,66,0,0,117,0,117,16,8,150,9,183,48,8,56,239
05/28/2021,GNV,FL,ASO,ES,Federal Contract Tower,19,3,47,3,72,0,0,139,1,140,19,3,186,4,212,80,0,80,292
05/29/2021,GNV,FL,ASO,ES,Federal Contract Tower,16,5,36,0,57,0,2,100,0,102,16,7,136,0,159,36,0,36,195
05/30/2021,GNV,FL,ASO,ES,Federal Contract Tower,15,8,15,0,38,0,0,70,0,70,15,8,85,0,108,56,0,56,164
05/31/2021,GNV,FL,ASO,ES,Federal Contract Tower,21,5,36,0,62,0,0,61,0,61,21,5,97,0,123,10,0,10,133
06/01/2021,GNV,FL,ASO,ES,Federal Contract Tower,16,14,37,0,67,0,2,96,0,98,16,16,133,0,165,26,0,26,191
06/02/2021,GNV,FL,ASO,ES,Federal Contract Tower,16,12,34,8,70,0,5,60,4,69,16,17,94,12,139,20,8,28,167
06/03/2021,GNV,FL,ASO,ES,Federal Contract Tower,16,6,33,6,61,0,0,34,0,34,16,6,67,6,95,44,0,44,139
06/04/2021,GNV,FL,ASO,ES,Federal Contract Tower,18,10,43,2,73,0,1,55,2,58,18,11,98,4,131,56,0,56,187
06/05/2021,GNV,FL,ASO,ES,Federal Contract Tower,19,12,25,0,56,0,2,52,2,56,19,14,77,2,112,20,0,20,132
06/06/2021,GNV,FL,ASO,ES,Federal Contract Tower,19,10,28,12,69,0,0,59,5,64,19,10,87,17,133,14,0,14,147
06/07/2021,GNV,FL,ASO,ES,Federal Contract Tower,20,11,25,10,66,0,0,22,0,22,20,11,47,10,88,34,0,34,122
06/08/2021,GNV,FL,ASO,ES,Federal Contract Tower,22,10,26,7,65,0,0,78,4,82,22,10,104,11,147,75,0,75,222
06/09/2021,GNV,FL,ASO,ES,Federal Contract Tower,15,16,42,6,79,0,0,75,0,75,15,16,117,6,154,98,0,98,252
06/10/2021,GNV,FL,ASO,ES,Federal Contract Tower,19,12,28,3,62,0,0,108,0,108,19,12,136,3,170,82,0,82,252
06/11/2021,GNV,FL,ASO,ES,Federal Contract Tower,21,8,38,2,69,0,0,81,0,81,21,8,119,2,150,26,0,26,176
06/12/2021,GNV,FL,ASO,ES,Federal Contract Tower,22,0,26,0,48,0,0,64,0,64,22,0,90,0,112,2,0,2,114
06/13/2021,GNV,FL,ASO,ES,Federal Contract Tower,20,9,28,0,57,0,0,26,0,26,20,9,54,0,83,30,0,30,113
06/14/2021,GNV,FL,ASO,ES,Federal Contract Tower,18,11,30,0,59,0,0,12,4,16,18,11,42,4,75,0,0,0,75
06/15/2021,GNV,FL,ASO,ES,Federal Contract Tower,15,16,15,0,46,0,0,38,0,38,15,16,53,0,84,56,0,56,140
06/16/2021,GNV,FL,ASO,ES,Federal Contract Tower,17,15,30,1,63,0,2,69,2,73,17,17,99,3,136,76,6,82,218
06/17/2021,GNV,FL,ASO,ES,Federal Contract Tower,18,7,32,4,61,0,0,63,1,64,18,7,95,5,125,60,0,60,185
06/18/2021,GNV,FL,ASO,ES,Federal Contract Tower,19,13,41,1,74,0,0,91,8,99,19,13,132,9,173,54,0,54,227
06/19/2021,GNV,FL,ASO,ES,Federal Contract Tower,20,7,25,0,52,0,0,69,0,69,20,7,94,0,121,8,0,8,129
06/20/2021,GNV,FL,ASO,ES,Federal Contract Tower,23,7,19,0,49,0,0,11,12,23,23,7,30,12,72,0,0,0,72
06/21/2021,GNV,FL,ASO,ES,Federal Contract Tower,15,15,32,8,70,0,0,6,0,6,15,15,38,8,76,16,0,16,92
06/22/2021,GNV,FL,ASO,ES,Federal Contract Tower,17,14,8,0,39,0,2,26,0,28,17,16,34,0,67,42,0,42,109
06/23/2021,GNV,FL,ASO,ES,Federal Contract Tower,17,12,29,0,58,0,0,32,2,34,17,12,61,2,92,22,0,22,114
06/24/2021,GNV,FL,ASO,ES,Federal Contract Tower,22,8,26,2,58,0,0,19,2,21,22,8,45,4,79,26,0,26,105
06/25/2021,GNV,FL,ASO,ES,Federal Contract Tower,22,6,34,12,74,0,0,37,10,47,22,6,71,22,121,24,0,24,145
06/26/2021,GNV,FL,ASO,ES,Federal Contract Tower,21,5,27,0,53,0,0,21,0,21,21,5,48,0,74,48,0,48,122
06/27/2021,GNV,FL,ASO,ES,Federal Contract Tower,21,4,46,3,74,0,0,65,7,72,21,4,111,10,146,44,0,44,190
06/28/2021,GNV,FL,ASO,ES,Federal Contract Tower,17,6,33,0,56,0,0,86,0,86,17,6,119,0,142,52,0,52,194
06/30/2021,GNV,FL,ASO,ES,Federal Contract Tower,16,17,25,9,67,0,0,28,2,30,16,17,53,11,97,24,0,24,121
07/01/2021,GNV,FL,ASO,ES,Federal Contract Tower,18,14,29,6,67,0,0,43,3,46,18,14,72,9,113,12,2,14,127
07/02/2021,GNV,FL,ASO,ES,Federal Contract Tower,14,9,23,0,46,0,0,19,0,19,14,9,42,0,65,0,0,0,65
07/03/2021,GNV,FL,ASO,ES,Federal Contract Tower,16,11,15,0,42,0,0,5,0,5,16,11,20,0,47,0,0,0,47
07/04/2021,GNV,FL,ASO,ES,Federal Contract Tower,12,10,8,0,30,2,0,0,0,2,14,10,8,0,32,8,0,8,40
07/05/2021,GNV,FL,ASO,ES,Federal Contract Tower,18,16,37,0,71,0,0,40,0,40,18,16,77,0,111,4,0,4,115
07/06/2021,GNV,FL,ASO,ES,Federal Contract Tower,17,12,16,0,45,33,0,0,0,33,50,12,16,0,78,0,0,0,78
07/07/2021,GNV,FL,ASO,ES,Federal Contract Tower,15,2,3,0,20,0,0,1,0,1,15,2,4,0,21,0,0,0,21
07/08/2021,GNV,FL,ASO,ES,Federal Contract Tower,19,6,36,0,61,0,0,52,8,60,19,6,88,8,121,62,54,116,237
07/09/2021,GNV,FL,ASO,ES,Federal Contract Tower,19,6,29,3,57,0,0,50,2,52,19,6,79,5,109,52,0,52,161
07/10/2021,GNV,FL,ASO,ES,Federal Contract Tower,18,8,29,0,55,0,0,94,0,94,18,8,123,0,149,32,0,32,181
07/11/2021,GNV,FL,ASO,ES,Federal Contract Tower,19,9,23,0,51,0,0,46,2,48,19,9,69,2,99,24,0,24,123
07/12/2021,GNV,FL,ASO,ES,Federal Contract Tower,19,12,24,5,60,0,0,58,1,59,19,12,82,6,119,44,0,44,163
07/13/2021,GNV,FL,ASO,ES,Federal Contract Tower,18,8,16,3,45,0,4,59,2,65,18,12,75,5,110,50,4,54,164
07/14/2021,GNV,FL,ASO,ES,Federal Contract Tower,18,10,37,0,65,0,10,66,2,78,18,20,103,2,143,40,0,40,183
07/15/2021,GNV,FL,ASO,ES,Federal Contract Tower,21,7,33,1,62,0,2,93,6,101,21,9,126,7,163,96,0,96,259
07/16/2021,GNV,FL,ASO,ES,Federal Contract Tower,17,9,31,16,73,0,7,118,7,132,17,16,149,23,205,100,8,108,313
07/17/2021,GNV,FL,ASO,ES,Federal Contract Tower,18,12,19,0,49,0,0,89,0,89,18,12,108,0,138,52,0,52,190
07/18/2021,GNV,FL,ASO,ES,Federal Contract Tower,17,9,22,9,57,0,5,52,16,73,17,14,74,25,130,14,0,14,144
07/19/2021,GNV,FL,ASO,ES,Federal Contract Tower,18,15,26,2,61,0,0,49,16,65,18,15,75,18,126,34,0,34,160
07/20/2021,GNV,FL,ASO,ES,Federal Contract Tower,17,7,26,8,58,0,0,40,6,46,17,7,66,14,104,34,0,34,138
07/21/2021,GNV,FL,ASO,ES,Federal Contract Tower,17,13,43,0,73,0,2,47,2,51,17,15,90,2,124,30,2,32,156
07/22/2021,GNV,FL,ASO,ES,Federal Contract Tower,18,10,20,0,48,0,0,60,5,65,18,10,80,5,113,74,26,100,213
07/23/2021,GNV,FL,ASO,ES,Federal Contract Tower,18,8,24,3,53,0,0,32,7,39,18,8,56,10,92,24,0,24,116
07/24/2021,GNV,FL,ASO,ES,Federal Contract Tower,19,5,31,0,55,0,0,66,2,68,19,5,97,2,123,10,0,10,133
07/25/2021,GNV,FL,ASO,ES,Federal Contract Tower,20,5,40,6,71,0,3,80,4,87,20,8,120,10,158,74,0,74,232
07/26/2021,GNV,FL,ASO,ES,Federal Contract Tower,17,10,36,0,63,0,0,47,0,47,17,10,83,0,110,70,0,70,180
07/27/2021,GNV,FL,ASO,ES,Federal Contract Tower,17,11,24,0,52,0,5,65,0,70,17,16,89,0,122,96,16,112,234
07/28/2021,GNV,FL,ASO,ES,Federal Contract Tower,17,15,32,12,76,0,0,48,9,57,17,15,80,21,133,34,0,34,167
07/29/2021,GNV,FL,ASO,ES,Federal Contract Tower,16,16,55,17,104,0,2,64,1,67,16,18,119,18,171,96,0,96,267
07/30/2021,GNV,FL,ASO,ES,Federal Contract Tower,17,10,40,1,68,0,2,60,11,73,17,12,100,12,141,40,0,40,181
07/31/2021,GNV,FL,ASO,ES,Federal Contract Tower,21,11,45,0,77,0,0,73,4,77,21,11,118,4,154,48,0,48,202
08/01/2021,GNV,FL,ASO,ES,Federal Contract Tower,18,9,27,0,54,0,0,28,6,34,18,9,55,6,88,22,0,22,110
08/02/2021,GNV,FL,ASO,ES,Federal Contract Tower,14,8,28,0,50,0,3,41,1,45,14,11,69,1,95,46,0,46,141
08/03/2021,GNV,FL,ASO,ES,Federal Contract Tower,17,15,17,0,49,0,2,4,0,6,17,17,21,0,55,0,0,0,55
08/04/2021,GNV,FL,ASO,ES,Federal Contract Tower,19,10,43,0,72,0,2,31,0,33,19,12,74,0,105,12,0,12,117
08/05/2021,GNV,FL,ASO,ES,Federal Contract Tower,19,9,21,0,49,0,0,20,0,20,19,9,41,0,69,38,0,38,107
08/06/2021,GNV,FL,ASO,ES,Federal Contract Tower,18,7,41,8,74,0,5,41,10,56,18,12,82,18,130,26,0,26,156
08/07/2021,GNV,FL,ASO,ES,Federal Contract Tower,14,5,29,4,52,0,7,76,0,83,14,12,105,4,135,58,0,58,193
08/08/2021,GNV,FL,ASO,ES,Federal Contract Tower,21,7,33,11,72,0,1,69,10,80,21,8,102,21,152,12,38,50,202
08/09/2021,GNV,FL,ASO,ES,Federal Contract Tower,15,15,19,1,50,0,0,66,1,67,15,15,85,2,117,94,0,94,211
08/10/2021,GNV,FL,ASO,ES,Federal Contract Tower,17,9,27,3,56,0,2,93,5,100,17,11,120,8,156,66,0,66,222
08/11/2021,GNV,FL,ASO,ES,Federal Contract Tower,19,7,26,2,54,0,0,108,2,110,19,7,134,4,164,114,0,114,278
08/12/2021,GNV,FL,ASO,ES,Federal Contract Tower,19,10,24,2,55,0,0,56,2,58,19,10,80,4,113,70,14,84,197
08/13/2021,GNV,FL,ASO,ES,Federal Contract Tower,18,12,33,0,63,0,3,80,0,83,18,15,113,0,146,48,0,48,194
08/14/2021,GNV,FL,ASO,ES,Federal Contract Tower,10,6,23,0,39,0,0,35,0,35,10,6,58,0,74,18,0,18,92
08/15/2021,GNV,FL,ASO,ES,Federal Contract Tower,18,3,17,0,38,0,0,46,0,46,18,3,63,0,84,13,0,13,97
08/16/2021,GNV,FL,ASO,ES,Federal Contract Tower,16,7,33,2,58,0,0,30,3,33,16,7,63,5,91,22,10,32,123
08/17/2021,GNV,FL,ASO,ES,Federal Contract Tower,14,9,35,12,70,0,2,18,4,24,14,11,53,16,94,10,10,20,114
08/18/2021,GNV,FL,ASO,ES,Federal Contract Tower,15,8,31,6,60,0,4,72,7,83,15,12,103,13,143,36,0,36,179
08/19/2021,GNV,FL,ASO,ES,Federal Contract Tower,18,7,25,8,58,0,2,81,6,89,18,9,106,14,147,60,8,68,215
08/20/2021,GNV,FL,ASO,ES,Federal Contract Tower,16,11,28,2,57,0,6,90,0,96,16,17,118,2,153,40,0,40,193
08/21/2021,GNV,FL,ASO,ES,Federal Contract Tower,11,8,25,1,45,0,0,103,0,103,11,8,128,1,148,48,0,48,196
08/22/2021,GNV,FL,ASO,ES,Federal Contract Tower,16,2,27,0,45,0,0,65,0,65,16,2,92,0,110,40,0,40,150
08/23/2021,GNV,FL,ASO,ES,Federal Contract Tower,13,11,39,2,65,0,4,47,4,55,13,15,86,6,120,50,10,60,180
08/24/2021,GNV,FL,ASO,ES,Federal Contract Tower,16,8,34,4,62,0,0,36,2,38,16,8,70,6,100,58,0,58,158
08/25/2021,GNV,FL,ASO,ES,Federal Contract Tower,16,4,25,1,46,0,0,43,2,45,16,4,68,3,91,38,0,38,129
08/26/2021,GNV,FL,ASO,ES,Federal Contract Tower,16,5,34,0,55,0,0,30,2,32,16,5,64,2,87,20,0,20,107
08/27/2021,GNV,FL,ASO,ES,Federal Contract Tower,16,6,39,3,64,0,1,11,4,16,16,7,50,7,80,18,0,18,98
08/28/2021,GNV,FL,ASO,ES,Federal Contract Tower,12,6,19,2,39,0,0,40,0,40,12,6,59,2,79,12,0,12,91
08/29/2021,GNV,FL,ASO,ES,Federal Contract Tower,16,6,33,0,55,0,0,34,0,34,16,6,67,0,89,34,0,34,123
08/30/2021,GNV,FL,ASO,ES,Federal Contract Tower,14,12,40,4,70,0,0,117,0,117,14,12,157,4,187,174,0,174,361
08/31/2021,GNV,FL,ASO,ES,Federal Contract Tower,14,6,28,6,54,0,0,57,3,60,14,6,85,9,114,30,0,30,144
09/01/2021,GNV,FL,ASO,ES,Federal Contract Tower,10,14,31,5,60,0,0,0,0,0,10,14,31,5,60,0,0,0,60
09/02/2021,GNV,FL,ASO,ES,Federal Contract Tower,15,8,30,0,53,0,2,30,0,32,15,10,60,0,85,12,0,12,97
09/03/2021,GNV,FL,ASO,ES,Federal Contract Tower,13,21,53,0,87,0,0,42,0,42,13,21,95,0,129,38,0,38,167
09/04/2021,GNV,FL,ASO,ES,Federal Contract Tower,12,18,30,0,60,0,0,128,2,130,12,18,158,2,190,42,0,42,232
09/05/2021,GNV,FL,ASO,ES,Federal Contract Tower,15,3,39,0,57,0,0,56,0,56,15,3,95,0,113,14,0,14,127
09/06/2021,GNV,FL,ASO,ES,Federal Contract Tower,16,2,15,0,33,0,0,71,0,71,16,2,86,0,104,46,0,46,150
09/07/2021,GNV,FL,ASO,ES,Federal Contract Tower,16,3,29,3,51,0,0,41,4,45,16,3,70,7,96,76,0,76,172
09/08/2021,GNV,FL,ASO,ES,Federal Contract Tower,15,13,39,0,67,0,4,64,3,71,15,17,103,3,138,50,0,50,188
09/09/2021,GNV,FL,ASO,ES,Federal Contract Tower,17,5,28,1,51,0,8,18,5,31,17,13,46,6,82,60,0,60,142
09/10/2021,GNV,FL,ASO,ES,Federal Contract Tower,16,10,50,2,78,0,3,45,6,54,16,13,95,8,132,72,0,72,204
09/11/2021,GNV,FL,ASO,ES,Federal Contract Tower,13,4,31,0,48,0,0,44,0,44,13,4,75,0,92,22,0,22,114
09/12/2021,GNV,FL,ASO,ES,Federal Contract Tower,19,5,38,0,62,0,0,87,2,89,19,5,125,2,151,64,0,64,215
09/13/2021,GNV,FL,ASO,ES,Federal Contract Tower,20,7,36,4,67,0,1,130,3,134,20,8,166,7,201,104,12,116,317
09/14/2021,GNV,FL,ASO,ES,Federal Contract Tower,18,7,26,7,58,0,0,56,1,57,18,7,82,8,115,86,0,86,201
09/15/2021,GNV,FL,ASO,ES,Federal Contract Tower,18,11,22,6,57,0,0,41,6,47,18,11,63,12,104,28,14,42,146
09/16/2021,GNV,FL,ASO,ES,Federal Contract Tower,22,6,25,2,55,0,0,37,14,51,22,6,62,16,106,28,18,46,152
09/17/2021,GNV,FL,ASO,ES,Federal Contract Tower,20,25,51,3,99,0,0,24,2,26,20,25,75,5,125,26,0,26,151
09/18/2021,GNV,FL,ASO,ES,Federal Contract Tower,19,39,131,2,191,0,0,27,2,29,19,39,158,4,220,0,0,0,220
09/19/2021,GNV,FL,ASO,ES,Federal Contract Tower,19,10,73,1,103,0,0,23,0,23,19,10,96,1,126,32,0,32,158
09/20/2021,GNV,FL,ASO,ES,Federal Contract Tower,20,8,19,5,52,0,0,13,0,13,20,8,32,5,65,26,0,26,91
09/21/2021,GNV,FL,ASO,ES,Federal Contract Tower,16,17,37,5,75,0,0,41,0,41,16,17,78,5,116,6,6,12,128
09/22/2021,GNV,FL,ASO,ES,Federal Contract Tower,16,13,50,2,81,0,0,67,1,68,16,13,117,3,149,98,0,98,247
09/23/2021,GNV,FL,ASO,ES,Federal Contract Tower,22,7,33,4,66,0,0,105,5,110,22,7,138,9,176,44,6,50,226
09/24/2021,GNV,FL,ASO,ES,Federal Contract Tower,19,14,62,2,97,0,6,98,3,107,19,20,160,5,204,88,4,92,296
09/25/2021,GNV,FL,ASO,ES,Federal Contract Tower,19,20,67,0,106,0,11,122,2,135,19,31,189,2,241,18,0,18,259
09/26/2021,GNV,FL,ASO,ES,Federal Contract Tower,20,6,49,0,75,0,0,139,0,139,20,6,188,0,214,32,0,32,246
09/27/2021,GNV,FL,ASO,ES,Federal Contract Tower,17,8,41,6,72,0,3,104,2,109,17,11,145,8,181,38,0,38,219
09/28/2021,GNV,FL,ASO,ES,Federal Contract Tower,16,12,25,2,55,0,5,110,8,123,16,17,135,10,178,88,6,94,272
09/29/2021,GNV,FL,ASO,ES,Federal Contract Tower,18,6,44,4,72,0,0,101,1,102,18,6,145,5,174,126,2,128,302
09/30/2021,GNV,FL,ASO,ES,Federal Contract Tower,20,12,32,2,66,0,10,96,4,110,20,22,128,6,176,40,0,40,216
10/01/2021,GNV,FL,ASO,ES,Federal Contract Tower,22,12,28,12,74,0,0,83,3,86,22,12,111,15,160,44,0,44,204
10/02/2021,GNV,FL,ASO,ES,Federal Contract Tower,16,3,28,2,49,0,0,71,10,81,16,3,99,12,130,52,0,52,182
10/03/2021,GNV,FL,ASO,ES,Federal Contract Tower,32,8,31,28,99,0,0,71,9,80,32,8,102,37,179,0,0,0,179
10/04/2021,GNV,FL,ASO,ES,Federal Contract Tower,20,12,22,2,56,0,6,67,0,73,20,18,89,2,129,24,0,24,153
10/05/2021,GNV,FL,ASO,ES,Federal Contract Tower,18,11,24,10,63,0,2,48,0,50,18,13,72,10,113,44,16,60,173
10/06/2021,GNV,FL,ASO,ES,Federal Contract Tower,16,5,27,2,50,0,0,45,8,53,16,5,72,10,103,12,0,12,115
10/07/2021,GNV,FL,ASO,ES,Federal Contract Tower,21,12,24,0,57,0,0,74,1,75,21,12,98,1,132,60,10,70,202
10/08/2021,GNV,FL,ASO,ES,Federal Contract Tower,22,13,53,0,88,0,0,42,4,46,22,13,95,4,134,0,0,0,134
10/09/2021,GNV,FL,ASO,ES,Federal Contract Tower,18,16,44,0,78,0,0,60,2,62,18,16,104,2,140,12,0,12,152
10/10/2021,GNV,FL,ASO,ES,Federal Contract Tower,21,1,56,0,78,0,0,111,1,112,21,1,167,1,190,52,0,52,242
10/11/2021,GNV,FL,ASO,ES,Federal Contract Tower,17,15,31,0,63,0,0,67,1,68,17,15,98,1,131,82,0,82,213
10/12/2021,GNV,FL,ASO,ES,Federal Contract Tower,15,15,39,5,74,0,0,75,4,79,15,15,114,9,153,98,8,106,259
10/13/2021,GNV,FL,ASO,ES,Federal Contract Tower,19,6,33,3,61,0,0,104,3,107,19,6,137,6,168,98,0,98,266
10/14/2021,GNV,FL,ASO,ES,Federal Contract Tower,19,15,30,5,69,0,5,66,5,76,19,20,96,10,145,85,12,97,242
10/15/2021,GNV,FL,ASO,ES,Federal Contract Tower,19,15,50,17,101,0,3,79,4,86,19,18,129,21,187,38,20,58,245
10/16/2021,GNV,FL,ASO,ES,Federal Contract Tower,14,14,27,7,62,0,0,86,0,86,14,14,113,7,148,18,0,18,166
10/17/2021,GNV,FL,ASO,ES,Federal Contract Tower,13,21,27,18,79,0,0,112,4,116,13,21,139,22,195,14,0,14,209
10/18/2021,GNV,FL,ASO,ES,Federal Contract Tower,19,8,30,6,63,0,0,99,7,106,19,8,129,13,169,32,0,32,201
10/19/2021,GNV,FL,ASO,ES,Federal Contract Tower,16,4,24,4,48,0,1,80,6,87,16,5,104,10,135,72,6,78,213
10/20/2021,GNV,FL,ASO,ES,Federal Contract Tower,13,15,23,14,65,0,10,89,15,114,13,25,112,29,179,34,74,108,287
10/21/2021,GNV,FL,ASO,ES,Federal Contract Tower,20,13,35,3,71,0,0,78,3,81,20,13,113,6,152,68,0,68,220
10/22/2021,GNV,FL,ASO,ES,Federal Contract Tower,24,15,31,14,84,0,0,83,4,87,24,15,114,18,171,78,0,78,249
10/23/2021,GNV,FL,ASO,ES,Federal Contract Tower,15,11,24,2,52,0,0,107,0,107,15,11,131,2,159,40,0,40,199
10/24/2021,GNV,FL,ASO,ES,Federal Contract Tower,16,13,27,8,64,0,0,73,0,73,16,13,100,8,137,8,0,8,145
10/25/2021,GNV,FL,ASO,ES,Federal Contract Tower,22,11,26,9,68,0,0,48,5,53,22,11,74,14,121,24,0,24,145
10/26/2021,GNV,FL,ASO,ES,Federal Contract Tower,18,13,39,13,83,0,0,106,14,120,18,13,145,27,203,106,8,114,317
10/27/2021,GNV,FL,ASO,ES,Federal Contract Tower,20,5,32,15,72,0,8,92,19,119,20,13,124,34,191,83,0,83,274
10/28/2021,GNV,FL,ASO,ES,Federal Contract Tower,18,16,27,0,61,0,0,0,0,0,18,16,27,0,61,0,0,0,61
10/29/2021,GNV,FL,ASO,ES,Federal Contract Tower,19,13,34,4,70,0,0,46,0,46,19,13,80,4,116,30,10,40,156
10/30/2021,GNV,FL,ASO,ES,Federal Contract Tower,16,8,20,0,44,0,0,74,0,74,16,8,94,0,118,32,0,32,150
10/31/2021,GNV,FL,ASO,ES,Federal Contract Tower,15,15,35,6,71,0,0,96,4,100,15,15,131,10,171,28,2,30,201
11/01/2021,GNV,FL,ASO,ES,Federal Contract Tower,18,9,20,2,49,0,0,82,0,82,18,9,102,2,131,32,0,32,163
11/02/2021,GNV,FL,ASO,ES,Federal Contract Tower,16,12,33,2,63,0,1,84,9,94,16,13,117,11,157,60,14,74,231
11/03/2021,GNV,FL,ASO,ES,Federal Contract Tower,16,18,38,0,72,0,0,96,6,102,16,18,134,6,174,58,2,60,234
11/04/2021,GNV,FL,ASO,ES,Federal Contract Tower,14,11,49,0,74,0,0,10,3,13,14,11,59,3,87,0,0,0,87
11/05/2021,GNV,FL,ASO,ES,Federal Contract Tower,11,24,15,0,50,0,0,1,0,1,11,24,16,0,51,0,0,0,51
11/06/2021,GNV,FL,ASO,ES,Federal Contract Tower,15,13,10,0,38,0,0,2,0,2,15,13,12,0,40,0,0,0,40
11/07/2021,GNV,FL,ASO,ES,Federal Contract Tower,22,9,37,0,68,0,0,73,0,73,22,9,110,0,141,10,0,10,151
11/09/2021,GNV,FL,ASO,ES,Federal Contract Tower,17,10,27,1,55,0,0,102,5,107,17,10,129,6,162,82,8,90,252
11/10/2021,GNV,FL,ASO,ES,Federal Contract Tower,18,9,32,13,72,0,0,115,9,124,18,9,147,22,196,78,0,78,274
11/11/2021,GNV,FL,ASO,ES,Federal Contract Tower,20,14,42,0,76,0,2,54,0,56,20,16,96,0,132,76,0,76,208
11/12/2021,GNV,FL,ASO,ES,Federal Contract Tower,18,14,49,4,85,0,0,34,0,34,18,14,83,4,119,80,0,80,199
11/13/2021,GNV,FL,ASO,ES,Federal Contract Tower,14,14,34,2,64,0,0,38,0,38,14,14,72,2,102,12,0,12,114
11/14/2021,GNV,FL,ASO,ES,Federal Contract Tower,18,12,38,2,70,0,0,112,0,112,18,12,150,2,182,94,0,94,276
11/15/2021,GNV,FL,ASO,ES,Federal Contract Tower,20,7,35,0,62,0,0,135,17,152,20,7,170,17,214,104,0,104,318
11/16/2021,GNV,FL,ASO,ES,Federal Contract Tower,15,18,31,1,65,0,2,136,15,153,15,20,167,16,218,86,28,114,332
11/17/2021,GNV,FL,ASO,ES,Federal Contract Tower,19,12,37,8,76,0,3,115,10,128,19,15,152,18,204,141,24,165,369
11/18/2021,GNV,FL,ASO,ES,Federal Contract Tower,17,11,38,6,72,0,0,63,0,63,17,11,101,6,135,50,10,60,195
11/19/2021,GNV,FL,ASO,ES,Federal Contract Tower,19,12,58,20,109,0,0,99,10,109,19,12,157,30,218,34,0,34,252
11/20/2021,GNV,FL,ASO,ES,Federal Contract Tower,16,10,36,0,62,0,0,40,3,43,16,10,76,3,105,18,0,18,123
11/21/2021,GNV,FL,ASO,ES,Federal Contract Tower,23,10,46,4,83,0,0,74,4,78,23,10,120,8,161,22,0,22,183
11/22/2021,GNV,FL,ASO,ES,Federal Contract Tower,14,14,57,0,85,0,0,48,0,48,14,14,105,0,133,84,0,84,217
11/23/2021,GNV,FL,ASO,ES,Federal Contract Tower,15,12,47,1,75,0,0,95,3,98,15,12,142,4,173,76,2,78,251
11/24/2021,GNV,FL,ASO,ES,Federal Contract Tower,18,13,45,0,76,0,14,146,0,160,18,27,191,0,236,106,0,106,342
11/25/2021,GNV,FL,ASO,ES,Federal Contract Tower,12,7,9,0,28,0,0,40,0,40,12,7,49,0,68,22,0,22,90
11/26/2021,GNV,FL,ASO,ES,Federal Contract Tower,14,10,29,0,53,0,2,38,0,40,14,12,67,0,93,30,0,30,123
11/27/2021,GNV,FL,ASO,ES,Federal Contract Tower,19,19,73,0,111,0,0,144,2,146,19,19,217,2,257,26,4,30,287
11/28/2021,GNV,FL,ASO,ES,Federal Contract Tower,18,14,51,5,88,0,0,98,0,98,18,14,149,5,186,48,0,48,234
11/29/2021,GNV,FL,ASO,ES,Federal Contract Tower,24,7,48,8,87,0,1,123,2,126,24,8,171,10,213,110,0,110,323
11/30/2021,GNV,FL,ASO,ES,Federal Contract Tower,18,15,50,0,83,0,1,111,3,115,18,16,161,3,198,46,0,46,244
12/01/2021,GNV,FL,ASO,ES,Federal Contract Tower,18,19,37,4,78,0,0,93,9,102,18,19,130,13,180,46,12,58,238
12/02/2021,GNV,FL,ASO,ES,Federal Contract Tower,21,14,46,6,87,0,0,129,4,133,21,14,175,10,220,40,0,40,260
12/03/2021,GNV,FL,ASO,ES,Federal Contract Tower,18,11,36,17,82,0,0,74,4,78,18,11,110,21,160,16,4,20,180
12/04/2021,GNV,FL,ASO,ES,Federal Contract Tower,14,5,41,8,68,0,0,57,4,61,14,5,98,12,129,2,0,2,131
12/05/2021,GNV,FL,ASO,ES,Federal Contract Tower,21,6,51,1,79,0,0,89,3,92,21,6,140,4,171,56,0,56,227
12/06/2021,GNV,FL,ASO,ES,Federal Contract Tower,18,9,41,10,78,0,0,100,4,104,18,9,141,14,182,120,12,132,314
12/07/2021,GNV,FL,ASO,ES,Federal Contract Tower,14,25,39,8,86,0,0,31,1,32,14,25,70,9,118,48,0,48,166
12/08/2021,GNV,FL,ASO,ES,Federal Contract Tower,18,15,39,2,74,0,0,31,3,34,18,15,70,5,108,2,0,2,110
12/09/2021,GNV,FL,ASO,ES,Federal Contract Tower,21,13,47,4,85,0,0,4,2,6,21,13,51,6,91,0,0,0,91
12/10/2021,GNV,FL,ASO,ES,Federal Contract Tower,14,16,38,31,99,0,0,102,11,113,14,16,140,42,212,44,14,58,270
12/11/2021,GNV,FL,ASO,ES,Federal Contract Tower,13,6,34,0,53,0,0,76,2,78,13,6,110,2,131,14,0,14,145
12/12/2021,GNV,FL,ASO,ES,Federal Contract Tower,18,4,33,6,61,0,0,9,4,13,18,4,42,10,74,0,0,0,74
12/13/2021,GNV,FL,ASO,ES,Federal Contract Tower,19,10,40,0,69,0,0,97,2,99,19,10,137,2,168,62,0,62,230
12/14/2021,GNV,FL,ASO,ES,Federal Contract Tower,13,12,39,0,64,0,0,37,0,37,13,12,76,0,101,74,0,74,175
12/15/2021,GNV,FL,ASO,ES,Federal Contract Tower,17,18,53,7,95,0,1,64,11,76,17,19,117,18,171,20,0,20,191
12/16/2021,GNV,FL,ASO,ES,Federal Contract Tower,19,19,25,1,64,0,0,65,6,71,19,19,90,7,135,98,0,98,233
12/17/2021,GNV,FL,ASO,ES,Federal Contract Tower,16,9,35,10,70,0,0,126,2,128,16,9,161,12,198,54,6,60,258
12/18/2021,GNV,FL,ASO,ES,Federal Contract Tower,13,10,32,18,73,0,0,74,0,74,13,10,106,18,147,22,24,46,193
12/19/2021,GNV,FL,ASO,ES,Federal Contract Tower,17,12,25,58,112,0,0,10,1,11,17,12,35,59,123,4,0,4,127
12/20/2021,GNV,FL,ASO,ES,Federal Contract Tower,17,6,34,0,57,0,0,5,0,5,17,6,39,0,62,0,0,0,62
12/21/2021,GNV,FL,ASO,ES,Federal Contract Tower,16,12,18,0,46,0,0,0,0,0,16,12,18,0,46,0,0,0,46
12/22/2021,GNV,FL,ASO,ES,Federal Contract Tower,17,13,41,7,78,0,0,60,5,65,17,13,101,12,143,64,0,64,207
12/23/2021,GNV,FL,ASO,ES,Federal Contract Tower,13,9,21,2,45,0,0,100,0,100,13,9,121,2,145,34,0,34,179
12/24/2021,GNV,FL,ASO,ES,Federal Contract Tower,12,8,17,0,37,0,0,52,0,52,12,8,69,0,89,26,0,26,115
12/25/2021,GNV,FL,ASO,ES,Federal Contract Tower,11,7,11,0,29,0,0,26,0,26,11,7,37,0,55,0,0,0,55
12/26/2021,GNV,FL,ASO,ES,Federal Contract Tower,9,15,23,0,47,0,0,55,0,55,9,15,78,0,102,0,0,0,102
12/27/2021,GNV,FL,ASO,ES,Federal Contract Tower,15,14,45,2,76,0,0,31,0,31,15,14,76,2,107,4,0,4,111
12/28/2021,GNV,FL,ASO,ES,Federal Contract Tower,17,9,39,21,86,2,1,63,1,67,19,10,102,22,153,38,6,44,197
12/29/2021,GNV,FL,ASO,ES,Federal Contract Tower,16,13,27,3,59,0,0,89,1,90,16,13,116,4,149,30,2,32,181
12/30/2021,GNV,FL,ASO,ES,Federal Contract Tower,17,11,38,0,66,0,0,27,0,27,17,11,65,0,93,0,0,0,93
12/31/2021,GNV,FL,ASO,ES,Federal Contract Tower,17,14,30,0,61,0,0,22,0,22,17,14,52,0,83,14,0,14,97
01/01/2022,GNV,FL,ASO,ES,Federal Contract Tower,14,5,15,0,34,0,0,25,0,25,14,5,40,0,59,2,0,2,61
01/02/2022,GNV,FL,ASO,ES,Federal Contract Tower,11,11,21,0,43,0,0,23,0,23,11,11,44,0,66,0,0,0,66
01/03/2022,GNV,FL,ASO,ES,Federal Contract Tower,15,11,29,0,55,0,0,70,0,70,15,11,99,0,125,22,0,22,147
01/04/2022,GNV,FL,ASO,ES,Federal Contract Tower,16,9,26,15,66,0,0,78,1,79,16,9,104,16,145,46,0,46,191
01/05/2022,GNV,FL,ASO,ES,Federal Contract Tower,18,7,39,5,69,0,0,6,7,13,18,7,45,12,82,0,0,0,82
01/06/2022,GNV,FL,ASO,ES,Federal Contract Tower,19,6,50,11,86,0,0,72,4,76,19,6,122,15,162,16,0,16,178
01/07/2022,GNV,FL,ASO,ES,Federal Contract Tower,17,6,26,14,63,0,0,52,7,59,17,6,78,21,122,76,0,76,198
01/08/2022,GNV,FL,ASO,ES,Federal Contract Tower,17,6,23,2,48,0,0,57,0,57,17,6,80,2,105,32,0,32,137
01/09/2022,GNV,FL,ASO,ES,Federal Contract Tower,19,11,14,4,48,0,0,61,10,71,19,11,75,14,119,22,8,30,149
01/10/2022,GNV,FL,ASO,ES,Federal Contract Tower,17,6,21,6,50,0,0,45,0,45,17,6,66,6,95,30,12,42,137
01/11/2022,GNV,FL,ASO,ES,Federal Contract Tower,17,6,21,4,48,0,0,70,0,70,17,6,91,4,118,54,0,54,172
01/12/2022,GNV,FL,ASO,ES,Federal Contract Tower,16,7,33,2,58,0,0,103,2,105,16,7,136,4,163,42,0,42,205
01/13/2022,GNV,FL,ASO,ES,Federal Contract Tower,19,8,57,2,86,0,1,95,5,101,19,9,152,7,187,86,0,86,273
01/14/2022,GNV,FL,ASO,ES,Federal Contract Tower,22,14,20,4,60,0,0,107,0,107,22,14,127,4,167,56,4,60,227
01/15/2022,GNV,FL,ASO,ES,Federal Contract Tower,18,13,20,0,51,0,0,95,0,95,18,13,115,0,146,60,0,60,206
01/16/2022,GNV,FL,ASO,ES,Federal Contract Tower,13,2,13,8,36,0,0,7,0,7,13,2,20,8,43,0,0,0,43
01/17/2022,GNV,FL,ASO,ES,Federal Contract Tower,16,5,25,2,48,0,0,45,0,45,16,5,70,2,93,8,0,8,101
01/18/2022,GNV,FL,ASO,ES,Federal Contract Tower,17,18,17,4,56,0,0,141,3,144,17,18,158,7,200,36,0,36,236
01/19/2022,GNV,FL,ASO,ES,Federal Contract Tower,17,8,35,5,65,0,2,128,6,136,17,10,163,11,201,84,6,90,291
01/20/2022,GNV,FL,ASO,ES,Federal Contract Tower,22,7,32,29,90,0,0,77,5,82,22,7,109,34,172,48,12,60,232
01/21/2022,GNV,FL,ASO,ES,Federal Contract Tower,19,6,30,0,55,0,0,0,0,0,19,6,30,0,55,0,0,0,55
01/22/2022,GNV,FL,ASO,ES,Federal Contract Tower,19,1,25,0,45,0,0,2,0,2,19,1,27,0,47,0,0,0,47
01/23/2022,GNV,FL,ASO,ES,Federal Contract Tower,19,6,43,0,68,0,0,51,3,54,19,6,94,3,122,22,0,22,144
01/24/2022,GNV,FL,ASO,ES,Federal Contract Tower,19,14,24,6,63,0,0,101,0,101,19,14,125,6,164,94,0,94,258
01/25/2022,GNV,FL,ASO,ES,Federal Contract Tower,16,8,36,2,62,0,0,33,0,33,16,8,69,2,95,16,0,16,111
01/26/2022,GNV,FL,ASO,ES,Federal Contract Tower,15,5,47,5,72,0,0,41,1,42,15,5,88,6,114,78,28,106,220
01/27/2022,GNV,FL,ASO,ES,Federal Contract Tower,18,17,41,0,76,0,0,5,5,10,18,17,46,5,86,11,2,13,99
01/28/2022,GNV,FL,ASO,ES,Federal Contract Tower,17,11,57,8,93,0,0,54,7,61,17,11,111,15,154,52,0,52,206
01/29/2022,GNV,FL,ASO,ES,Federal Contract Tower,17,8,24,3,52,0,0,68,2,70,17,8,92,5,122,25,2,27,149
01/30/2022,GNV,FL,ASO,ES,Federal Contract Tower,21,4,45,12,82,0,0,133,18,151,21,4,178,30,233,92,0,92,325
01/31/2022,GNV,FL,ASO,ES,Federal Contract Tower,17,19,44,0,80,0,0,106,0,106,17,19,150,0,186,62,0,62,248
02/01/2022,GNV,FL,ASO,ES,Federal Contract Tower,19,14,36,0,69,0,1,101,0,102,19,15,137,0,171,20,0,20,191
02/02/2022,GNV,FL,ASO,ES,Federal Contract Tower,18,11,33,4,66,0,0,83,0,83,18,11,116,4,149,56,6,62,211
02/03/2022,GNV,FL,ASO,ES,Federal Contract Tower,24,6,34,9,73,0,0,62,4,66,24,6,96,13,139,36,6,42,181
02/04/2022,GNV,FL,ASO,ES,Federal Contract Tower,18,26,25,2,71,0,0,37,3,40,18,26,62,5,111,10,0,10,121
02/05/2022,GNV,FL,ASO,ES,Federal Contract Tower,18,8,40,7,73,0,0,54,6,60,18,8,94,13,133,32,2,34,167
02/06/2022,GNV,FL,ASO,ES,Federal Contract Tower,23,13,21,6,63,0,0,0,0,0,23,13,21,6,63,0,0,0,63
02/07/2022,GNV,FL,ASO,ES,Federal Contract Tower,17,5,16,12,50,0,0,0,0,0,17,5,16,12,50,0,0,0,50
02/08/2022,GNV,FL,ASO,ES,Federal Contract Tower,16,6,22,0,44,0,1,19,0,20,16,7,41,0,64,30,0,30,94
02/09/2022,GNV,FL,ASO,ES,Federal Contract Tower,16,12,27,23,78,0,0,102,1,103,16,12,129,24,181,70,0,70,251
02/10/2022,GNV,FL,ASO,ES,Federal Contract Tower,22,13,39,16,90,0,0,113,1,114,22,13,152,17,204,102,2,104,308
02/11/2022,GNV,FL,ASO,ES,Federal Contract Tower,23,11,48,18,100,0,0,105,17,122,23,11,153,35,222,56,0,56,278
02/12/2022,GNV,FL,ASO,ES,Federal Contract Tower,19,11,28,0,58,0,0,84,0,84,19,11,112,0,142,54,0,54,196
02/13/2022,GNV,FL,ASO,ES,Federal Contract Tower,20,7,28,14,69,0,0,38,14,52,20,7,66,28,121,122,0,122,243
02/14/2022,GNV,FL,ASO,ES,Federal Contract Tower,20,5,29,13,67,0,0,105,4,109,20,5,134,17,176,192,0,192,368
02/15/2022,GNV,FL,ASO,ES,Federal Contract Tower,19,12,18,2,51,0,0,79,2,81,19,12,97,4,132,44,0,44,176
02/16/2022,GNV,FL,ASO,ES,Federal Contract Tower,15,3,35,8,61,0,0,88,9,97,15,3,123,17,158,86,10,96,254
02/17/2022,GNV,FL,ASO,ES,Federal Contract Tower,20,13,51,13,97,0,0,53,1,54,20,13,104,14,151,63,26,89,240
02/18/2022,GNV,FL,ASO,ES,Federal Contract Tower,21,13,36,6,76,0,0,2,2,4,21,13,38,8,80,16,0,16,96
02/19/2022,GNV,FL,ASO,ES,Federal Contract Tower,17,2,46,0,65,0,0,107,0,107,17,2,153,0,172,36,0,36,208
02/20/2022,GNV,FL,ASO,ES,Federal Contract Tower,21,10,31,7,69,0,0,94,10,104,21,10,125,17,173,44,4,48,221
02/21/2022,GNV,FL,ASO,ES,Federal Contract Tower,23,13,27,0,63,0,0,121,12,133,23,13,148,12,196,146,0,146,342
02/22/2022,GNV,FL,ASO,ES,Federal Contract Tower,17,5,18,3,43,0,0,92,3,95,17,5,110,6,138,70,0,70,208
02/23/2022,GNV,FL,ASO,ES,Federal Contract Tower,16,10,58,5,89,0,0,79,3,82,16,10,137,8,171,98,8,106,277
02/24/2022,GNV,FL,ASO,ES,Federal Contract Tower,18,13,32,11,74,0,0,91,0,91,18,13,123,11,165,60,10,70,235
02/25/2022,GNV,FL,ASO,ES,Federal Contract Tower,21,21,41,49,132,0,0,71,6,77,21,21,112,55,209,38,6,44,253
02/26/2022,GNV,FL,ASO,ES,Federal Contract Tower,17,7,36,0,60,0,0,128,4,132,17,7,164,4,192,34,0,34,226
02/27/2022,GNV,FL,ASO,ES,Federal Contract Tower,19,17,35,28,99,0,0,95,7,102,19,17,130,35,201,18,0,18,219
02/28/2022,GNV,FL,ASO,ES,Federal Contract Tower,24,24,29,0,77,0,0,1,0,1,24,24,30,0,78,0,0,0,78
03/01/2022,GNV,FL,ASO,ES,Federal Contract Tower,20,14,46,11,91,0,0,79,1,80,20,14,125,12,171,72,8,80,251
03/02/2022,GNV,FL,ASO,ES,Federal Contract Tower,15,13,26,12,66,0,1,113,6,120,15,14,139,18,186,80,2,82,268
03/03/2022,GNV,FL,ASO,ES,Federal Contract Tower,20,27,53,3,103,0,1,113,0,114,20,28,166,3,217,43,0,43,260
03/04/2022,GNV,FL,ASO,ES,Federal Contract Tower,22,14,32,6,74,0,2,122,6,130,22,16,154,12,204,26,0,26,230
03/05/2022,GNV,FL,ASO,ES,Federal Contract Tower,22,15,45,17,99,0,0,79,0,79,22,15,124,17,178,6,0,6,184
03/06/2022,GNV,FL,ASO,ES,Federal Contract Tower,17,11,32,0,60,0,0,102,3,105,17,11,134,3,165,26,0,26,191
03/07/2022,GNV,FL,ASO,ES,Federal Contract Tower,16,11,26,7,60,0,0,48,2,50,16,11,74,9,110,60,4,64,174
03/08/2022,GNV,FL,ASO,ES,Federal Contract Tower,16,10,23,10,59,0,0,31,4,35,16,10,54,14,94,50,10,60,154
03/09/2022,GNV,FL,ASO,ES,Federal Contract Tower,13,6,25,4,48,0,0,3,0,3,13,6,28,4,51,0,0,0,51
03/10/2022,GNV,FL,ASO,ES,Federal Contract Tower,17,14,13,8,52,0,0,8,0,8,17,14,21,8,60,6,0,6,66
03/11/2022,GNV,FL,ASO,ES,Federal Contract Tower,16,12,9,0,37,0,0,7,0,7,16,12,16,0,44,6,10,16,60
03/12/2022,GNV,FL,ASO,ES,Federal Contract Tower,15,15,12,4,46,0,0,13,0,13,15,15,25,4,59,2,0,2,61
03/13/2022,GNV,FL,ASO,ES,Federal Contract Tower,18,13,61,0,92,0,0,120,0,120,18,13,181,0,212,50,0,50,262
03/14/2022,GNV,FL,ASO,ES,Federal Contract Tower,17,25,31,7,80,0,0,97,6,103,17,25,128,13,183,52,21,73,256
03/15/2022,GNV,FL,ASO,ES,Federal Contract Tower,18,9,24,4,55,0,0,26,8,34,18,9,50,12,89,14,2,16,105
03/16/2022,GNV,FL,ASO,ES,Federal Contract Tower,14,13,43,6,76,0,0,28,0,28,14,13,71,6,104,4,0,4,108
03/17/2022,GNV,FL,ASO,ES,Federal Contract Tower,22,18,57,20,117,0,0,88,4,92,22,18,145,24,209,52,6,58,267
03/18/2022,GNV,FL,ASO,ES,Federal Contract Tower,13,14,40,3,70,0,0,55,3,58,13,14,95,6,128,56,0,56,184
03/19/2022,GNV,FL,ASO,ES,Federal Contract Tower,11,12,36,4,63,0,0,185,8,193,11,12,221,12,256,38,0,38,294
03/20/2022,GNV,FL,ASO,ES,Federal Contract Tower,21,11,44,1,77,0,0,109,1,110,21,11,153,2,187,46,0,46,233
03/21/2022,GNV,FL,ASO,ES,Federal Contract Tower,14,17,33,2,66,0,0,100,3,103,14,17,133,5,169,80,0,80,249
03/22/2022,GNV,FL,ASO,ES,Federal Contract Tower,14,11,28,7,60,0,0,97,2,99,14,11,125,9,159,36,0,36,195
03/23/2022,GNV,FL,ASO,ES,Federal Contract Tower,14,15,9,3,41,0,0,9,1,10,14,15,18,4,51,12,4,16,67
03/24/2022,GNV,FL,ASO,ES,Federal Contract Tower,18,5,16,0,39,0,0,0,0,0,18,5,16,0,39,4,0,4,43
03/25/2022,GNV,FL,ASO,ES,Federal Contract Tower,13,23,45,29,110,0,0,107,5,112,13,23,152,34,222,64,34,98,320
03/26/2022,GNV,FL,ASO,ES,Federal Contract Tower,15,15,20,4,54,0,0,111,0,111,15,15,131,4,165,34,6,40,205
03/27/2022,GNV,FL,ASO,ES,Federal Contract Tower,18,9,33,5,65,0,0,105,0,105,18,9,138,5,170,66,0,66,236
03/28/2022,GNV,FL,ASO,ES,Federal Contract Tower,18,12,38,12,80,0,0,96,6,102,18,12,134,18,182,94,12,106,288
03/29/2022,GNV,FL,ASO,ES,Federal Contract Tower,14,8,46,7,75,0,0,99,18,117,14,8,145,25,192,110,38,148,340
03/30/2022,GNV,FL,ASO,ES,Federal Contract Tower,14,9,50,4,77,0,0,72,12,84,14,9,122,16,161,62,0,62,223
03/31/2022,GNV,FL,ASO,ES,Federal Contract Tower,17,11,16,0,44,0,0,5,0,5,17,11,21,0,49,0,0,0,49
04/01/2022,GNV,FL,ASO,ES,Federal Contract Tower,21,10,58,26,115,0,0,68,14,82,21,10,126,40,197,98,26,124,321
04/02/2022,GNV,FL,ASO,ES,Federal Contract Tower,15,6,23,0,44,0,0,1,0,1,15,6,24,0,45,0,0,0,45
04/03/2022,GNV,FL,ASO,ES,Federal Contract Tower,17,18,37,3,75,0,0,108,9,117,17,18,145,12,192,14,12,26,218
04/04/2022,GNV,FL,ASO,ES,Federal Contract Tower,21,22,41,2,86,0,0,113,8,121,21,22,154,10,207,24,2,26,233
04/05/2022,GNV,FL,ASO,ES,Federal Contract Tower,18,13,21,5,57,0,0,30,9,39,18,13,51,14,96,0,6,6,102
04/06/2022,GNV,FL,ASO,ES,Federal Contract Tower,21,9,37,4,71,0,0,20,8,28,21,9,57,12,99,66,0,66,165
04/07/2022,GNV,FL,ASO,ES,Federal Contract Tower,20,26,20,5,71,0,0,21,3,24,20,26,41,8,95,0,0,0,95
04/08/2022,GNV,FL,ASO,ES,Federal Contract Tower,20,17,39,13,89,0,0,89,6,95,20,17,128,19,184,28,26,54,238
04/09/2022,GNV,FL,ASO,ES,Federal Contract Tower,20,6,29,6,61,0,0,66,5,71,20,6,95,11,132,4,0,4,136
04/10/2022,GNV,FL,ASO,ES,Federal Contract Tower,18,14,30,4,66,0,0,103,12,115,18,14,133,16,181,62,0,62,243
04/11/2022,GNV,FL,ASO,ES,Federal Contract Tower,20,14,18,4,56,0,0,126,1,127,20,14,144,5,183,64,0,64,247
04/12/2022,GNV,FL,ASO,ES,Federal Contract Tower,19,15,30,15,79,0,0,104,0,104,19,15,134,15,183,40,18,58,241
04/13/2022,GNV,FL,ASO,ES,Federal Contract Tower,16,15,28,16,75,0,0,86,2,88,16,15,114,18,163,58,8,66,229
04/14/2022,GNV,FL,ASO,ES,Federal Contract Tower,23,18,33,9,83,0,0,38,0,38,23,18,71,9,121,18,8,26,147
04/15/2022,GNV,FL,ASO,ES,Federal Contract Tower,19,19,59,5,102,0,0,79,3,82,19,19,138,8,184,96,18,114,298
04/16/2022,GNV,FL,ASO,ES,Federal Contract Tower,23,16,34,0,73,0,0,94,0,94,23,16,128,0,167,32,0,32,199
04/17/2022,GNV,FL,ASO,ES,Federal Contract Tower,19,12,26,3,60,0,0,31,3,34,19,12,57,6,94,26,0,26,120
04/18/2022,GNV,FL,ASO,ES,Federal Contract Tower,19,16,32,0,67,0,0,63,1,64,19,16,95,1,131,100,0,100,231
04/19/2022,GNV,FL,ASO,ES,Federal Contract Tower,21,19,50,8,98,0,0,113,11,124,21,19,163,19,222,48,16,64,286
04/20/2022,GNV,FL,ASO,ES,Federal Contract Tower,18,31,29,9,87,0,0,133,3,136,18,31,162,12,223,66,6,72,295
04/21/2022,GNV,FL,ASO,ES,Federal Contract Tower,19,13,42,6,80,0,0,85,0,85,19,13,127,6,165,100,0,100,265
04/22/2022,GNV,FL,ASO,ES,Federal Contract Tower,20,15,38,7,80,0,0,80,0,80,20,15,118,7,160,66,6,72,232
04/23/2022,GNV,FL,ASO,ES,Federal Contract Tower,19,4,38,0,61,0,0,114,0,114,19,4,152,0,175,82,0,82,257
04/24/2022,GNV,FL,ASO,ES,Federal Contract Tower,23,22,29,8,82,0,0,89,0,89,23,22,118,8,171,36,0,36,207
04/25/2022,GNV,FL,ASO,ES,Federal Contract Tower,17,12,31,6,66,0,0,112,0,112,17,12,143,6,178,64,10,74,252
04/26/2022,GNV,FL,ASO,ES,Federal Contract Tower,19,12,32,6,69,0,0,108,6,114,19,12,140,12,183,68,14,82,265
04/27/2022,GNV,FL,ASO,ES,Federal Contract Tower,21,21,15,4,61,0,0,72,2,74,21,21,87,6,135,46,0,46,181
04/28/2022,GNV,FL,ASO,ES,Federal Contract Tower,17,19,50,2,88,0,0,73,0,73,17,19,123,2,161,38,4,42,203
04/29/2022,GNV,FL,ASO,ES,Federal Contract Tower,22,16,40,2,80,0,1,100,3,104,22,17,140,5,184,30,8,38,222
04/30/2022,GNV,FL,ASO,ES,Federal Contract Tower,19,7,30,0,56,0,0,84,0,84,19,7,114,0,140,24,0,24,164
05/01/2022,GNV,FL,ASO,ES,Federal Contract Tower,22,9,26,10,67,0,0,50,3,53,22,9,76,13,120,34,0,34,154
05/02/2022,GNV,FL,ASO,ES,Federal Contract Tower,20,21,26,0,67,0,0,66,1,67,20,21,92,1,134,6,20,26,160
05/03/2022,GNV,FL,ASO,ES,Federal Contract Tower,16,13,25,8,62,0,0,103,0,103,16,13,128,8,165,24,10,34,199
05/04/2022,GNV,FL,ASO,ES,Federal Contract Tower,16,10,37,3,66,0,0,134,16,150,16,10,171,19,216,86,60,146,362
05/05/2022,GNV,FL,ASO,ES,Federal Contract Tower,20,18,22,16,76,0,0,116,3,119,20,18,138,19,195,100,48,148,343
05/06/2022,GNV,FL,ASO,ES,Federal Contract Tower,20,15,30,40,105,0,0,89,3,92,20,15,119,43,197,46,12,58,255
05/07/2022,GNV,FL,ASO,ES,Federal Contract Tower,16,9,27,0,52,0,0,71,0,71,16,9,98,0,123,14,0,14,137
05/08/2022,GNV,FL,ASO,ES,Federal Contract Tower,17,15,18,14,64,0,0,89,0,89,17,15,107,14,153,50,0,50,203
05/09/2022,GNV,FL,ASO,ES,Federal Contract Tower,19,10,27,0,56,0,0,77,10,87,19,10,104,10,143,28,0,28,171
05/10/2022,GNV,FL,ASO,ES,Federal Contract Tower,14,5,31,2,52,0,0,69,4,73,14,5,100,6,125,24,0,24,149
05/11/2022,GNV,FL,ASO,ES,Federal Contract Tower,20,11,24,3,58,0,0,87,5,92,20,11,111,8,150,42,0,42,192
05/12/2022,GNV,FL,ASO,ES,Federal Contract Tower,16,18,40,5,79,0,0,84,6,90,16,18,124,11,169,58,12,70,239
05/13/2022,GNV,FL,ASO,ES,Federal Contract Tower,19,18,27,0,64,0,0,58,2,60,19,18,85,2,124,80,0,80,204
05/14/2022,GNV,FL,ASO,ES,Federal Contract Tower,22,3,18,0,43,0,0,95,8,103,22,3,113,8,146,64,0,64,210
05/15/2022,GNV,FL,ASO,ES,Federal Contract Tower,20,13,24,1,58,0,0,31,11,42,20,13,55,12,100,20,0,20,120
05/16/2022,GNV,FL,ASO,ES,Federal Contract Tower,19,10,34,0,63,0,0,50,0,50,19,10,84,0,113,6,0,6,119
05/17/2022,GNV,FL,ASO,ES,Federal Contract Tower,14,16,44,2,76,0,0,77,2,79,14,16,121,4,155,14,0,14,169
05/18/2022,GNV,FL,ASO,ES,Federal Contract Tower,14,4,54,7,79,0,0,92,0,92,14,4,146,7,171,34,12,46,217
05/19/2022,GNV,FL,ASO,ES,Federal Contract Tower,19,12,42,2,75,0,0,81,2,83,19,12,123,4,158,48,0,48,206
05/20/2022,GNV,FL,ASO,ES,Federal Contract Tower,19,7,30,6,62,0,0,73,0,73,19,7,103,6,135,26,0,26,161
05/21/2022,GNV,FL,ASO,ES,Federal Contract Tower,16,9,17,0,42,0,0,22,0,22,16,9,39,0,64,16,0,16,80
05/22/2022,GNV,FL,ASO,ES,Federal Contract Tower,19,0,19,0,38,0,0,37,0,37,19,0,56,0,75,28,0,28,103
05/23/2022,GNV,FL,ASO,ES,Federal Contract Tower,14,2,19,2,37,0,0,68,0,68,14,2,87,2,105,74,0,74,179
05/24/2022,GNV,FL,ASO,ES,Federal Contract Tower,14,5,32,2,53,0,0,92,2,94,14,5,124,4,147,20,8,28,175
05/25/2022,GNV,FL,ASO,ES,Federal Contract Tower,16,6,51,2,75,0,0,124,0,124,16,6,175,2,199,64,0,64,263
05/26/2022,GNV,FL,ASO,ES,Federal Contract Tower,16,9,38,3,66,0,0,62,4,66,16,9,100,7,132,52,0,52,184
05/27/2022,GNV,FL,ASO,ES,Federal Contract Tower,20,6,30,0,56,0,0,31,0,31,20,6,61,0,87,0,0,0,87
05/28/2022,GNV,FL,ASO,ES,Federal Contract Tower,17,1,19,0,37,0,0,59,0,59,17,1,78,0,96,56,0,56,152
05/29/2022,GNV,FL,ASO,ES,Federal Contract Tower,17,1,26,0,44,0,0,100,0,100,17,1,126,0,144,36,0,36,180
05/30/2022,GNV,FL,ASO,ES,Federal Contract Tower,20,4,30,0,54,0,0,68,0,68,20,4,98,0,122,10,2,12,134
05/31/2022,GNV,FL,ASO,ES,Federal Contract Tower,14,7,38,2,61,0,0,61,4,65,14,7,99,6,126,34,0,34,160
06/01/2022,GNV,FL,ASO,ES,Federal Contract Tower,14,11,32,13,70,0,0,102,9,111,14,11,134,22,181,88,26,114,295
06/02/2022,GNV,FL,ASO,ES,Federal Contract Tower,19,12,30,12,73,0,0,120,8,128,19,12,150,20,201,48,50,98,299
06/03/2022,GNV,FL,ASO,ES,Federal Contract Tower,14,8,31,3,56,0,1,58,1,60,14,9,89,4,116,30,0,30,146
06/04/2022,GNV,FL,ASO,ES,Federal Contract Tower,15,10,26,0,51,0,0,60,0,60,15,10,86,0,111,48,0,48,159
06/05/2022,GNV,FL,ASO,ES,Federal Contract Tower,17,12,31,0,60,0,0,6,0,6,17,12,37,0,66,6,0,6,72
06/06/2022,GNV,FL,ASO,ES,Federal Contract Tower,23,10,17,0,50,0,0,46,0,46,23,10,63,0,96,46,0,46,142
06/07/2022,GNV,FL,ASO,ES,Federal Contract Tower,19,8,36,6,69,0,0,54,2,56,19,8,90,8,125,26,0,26,151
06/08/2022,GNV,FL,ASO,ES,Federal Contract Tower,16,5,29,4,54,0,0,81,3,84,16,5,110,7,138,56,6,62,200
06/09/2022,GNV,FL,ASO,ES,Federal Contract Tower,22,8,40,0,70,0,0,80,2,82,22,8,120,2,152,20,0,20,172
06/10/2022,GNV,FL,ASO,ES,Federal Contract Tower,16,14,28,3,61,0,0,41,11,52,16,14,69,14,113,38,2,40,153
06/11/2022,GNV,FL,ASO,ES,Federal Contract Tower,14,7,24,6,51,0,0,29,0,29,14,7,53,6,80,30,0,30,110
06/12/2022,GNV,FL,ASO,ES,Federal Contract Tower,18,9,28,0,55,0,0,21,0,21,18,9,49,0,76,16,0,16,92
06/13/2022,GNV,FL,ASO,ES,Federal Contract Tower,17,5,28,2,52,0,0,55,0,55,17,5,83,2,107,26,0,26,133
06/14/2022,GNV,FL,ASO,ES,Federal Contract Tower,18,8,28,0,54,0,0,76,0,76,18,8,104,0,130,80,0,80,210
06/15/2022,GNV,FL,ASO,ES,Federal Contract Tower,17,22,27,4,70,0,0,113,0,113,17,22,140,4,183,28,14,42,225
06/16/2022,GNV,FL,ASO,ES,Federal Contract Tower,20,4,47,13,84,0,0,81,3,84,20,4,128,16,168,84,16,100,268
06/17/2022,GNV,FL,ASO,ES,Federal Contract Tower,14,3,25,2,44,0,1,93,2,96,14,4,118,4,140,31,0,31,171
06/18/2022,GNV,FL,ASO,ES,Federal Contract Tower,15,6,20,0,41,0,0,59,0,59,15,6,79,0,100,70,0,70,170
06/19/2022,GNV,FL,ASO,ES,Federal Contract Tower,19,4,15,7,45,0,0,38,2,40,19,4,53,9,85,26,0,26,111
06/20/2022,GNV,FL,ASO,ES,Federal Contract Tower,18,7,20,0,45,0,0,76,0,76,18,7,96,0,121,40,0,40,161
06/21/2022,GNV,FL,ASO,ES,Federal Contract Tower,17,2,34,7,60,0,0,109,0,109,17,2,143,7,169,68,0,68,237
06/22/2022,GNV,FL,ASO,ES,Federal Contract Tower,17,7,22,24,70,0,0,107,9,116,17,7,129,33,186,42,56,98,284
06/23/2022,GNV,FL,ASO,ES,Federal Contract Tower,16,8,21,13,58,0,2,71,1,74,16,10,92,14,132,52,6,58,190
06/24/2022,GNV,FL,ASO,ES,Federal Contract Tower,19,4,25,4,52,0,0,41,0,41,19,4,66,4,93,8,34,42,135
06/25/2022,GNV,FL,ASO,ES,Federal Contract Tower,15,8,20,0,43,0,0,54,0,54,15,8,74,0,97,60,0,60,157
06/26/2022,GNV,FL,ASO,ES,Federal Contract Tower,16,5,35,0,56,0,0,86,0,86,16,5,121,0,142,26,0,26,168
06/27/2022,GNV,FL,ASO,ES,Federal Contract Tower,17,14,33,4,68,0,0,60,0,60,17,14,93,4,128,28,0,28,156
06/28/2022,GNV,FL,ASO,ES,Federal Contract Tower,20,4,26,0,50,0,0,76,0,76,20,4,102,0,126,74,0,74,200
06/29/2022,GNV,FL,ASO,ES,Federal Contract Tower,19,4,28,25,76,0,0,96,19,115,19,4,124,44,191,60,46,106,297
06/30/2022,GNV,FL,ASO,ES,Federal Contract Tower,16,15,43,5,79,0,0,60,2,62,16,15,103,7,141,72,14,86,227
07/01/2022,GNV,FL,ASO,ES,Federal Contract Tower,18,10,43,4,75,0,0,46,4,50,18,10,89,8,125,60,4,64,189
07/02/2022,GNV,FL,ASO,ES,Federal Contract Tower,16,5,21,0,42,0,0,56,0,56,16,5,77,0,98,14,0,14,112
07/03/2022,GNV,FL,ASO,ES,Federal Contract Tower,14,3,17,0,34,0,0,40,0,40,14,3,57,0,74,38,0,38,112
07/04/2022,GNV,FL,ASO,ES,Federal Contract Tower,11,1,9,0,21,0,0,38,0,38,11,1,47,0,59,52,0,52,111
07/05/2022,GNV,FL,ASO,ES,Federal Contract Tower,20,8,20,2,50,0,0,43,0,43,20,8,63,2,93,60,0,60,153
07/06/2022,GNV,FL,ASO,ES,Federal Contract Tower,11,10,28,6,55,0,0,65,0,65,11,10,93,6,120,36,0,36,156
07/07/2022,GNV,FL,ASO,ES,Federal Contract Tower,15,10,29,6,60,0,0,104,4,108,15,10,133,10,168,84,0,84,252
07/08/2022,GNV,FL,ASO,ES,Federal Contract Tower,11,5,25,0,41,0,4,89,6,99,11,9,114,6,140,42,20,62,202
07/09/2022,GNV,FL,ASO,ES,Federal Contract Tower,16,8,19,0,43,0,0,77,0,77,16,8,96,0,120,52,0,52,172
07/10/2022,GNV,FL,ASO,ES,Federal Contract Tower,14,4,22,0,40,0,0,31,6,37,14,4,53,6,77,8,0,8,85
07/11/2022,GNV,FL,ASO,ES,Federal Contract Tower,14,3,27,1,45,0,0,52,0,52,14,3,79,1,97,36,0,36,133
07/12/2022,GNV,FL,ASO,ES,Federal Contract Tower,17,12,35,3,67,0,0,75,4,79,17,12,110,7,146,112,28,140,286
07/13/2022,GNV,FL,ASO,ES,Federal Contract Tower,14,10,37,13,74,0,0,99,9,108,14,10,136,22,182,84,36,120,302
07/14/2022,GNV,FL,ASO,ES,Federal Contract Tower,18,4,30,8,60,0,0,74,4,78,18,4,104,12,138,94,0,94,232
07/15/2022,GNV,FL,ASO,ES,Federal Contract Tower,15,9,39,7,70,0,0,99,1,100,15,9,138,8,170,62,10,72,242
07/16/2022,GNV,FL,ASO,ES,Federal Contract Tower,17,3,25,1,46,0,0,38,1,39,17,3,63,2,85,42,0,42,127
07/17/2022,GNV,FL,ASO,ES,Federal Contract Tower,16,7,18,2,43,0,0,52,0,52,16,7,70,2,95,52,0,52,147
07/18/2022,GNV,FL,ASO,ES,Federal Contract Tower,16,8,22,0,46,0,0,24,0,24,16,8,46,0,70,14,0,14,84
07/19/2022,GNV,FL,ASO,ES,Federal Contract Tower,16,7,19,0,42,0,0,32,4,36,16,7,51,4,78,26,0,26,104
07/20/2022,GNV,FL,ASO,ES,Federal Contract Tower,15,5,32,0,52,0,0,30,4,34,15,5,62,4,86,0,0,0,86
07/21/2022,GNV,FL,ASO,ES,Federal Contract Tower,13,10,44,4,71,0,0,102,0,102,13,10,146,4,173,46,0,46,219
07/22/2022,GNV,FL,ASO,ES,Federal Contract Tower,18,12,44,4,78,0,0,64,1,65,18,12,108,5,143,26,0,26,169
07/23/2022,GNV,FL,ASO,ES,Federal Contract Tower,15,3,18,0,36,0,0,76,0,76,15,3,94,0,112,34,0,34,146
07/24/2022,GNV,FL,ASO,ES,Federal Contract Tower,16,4,15,6,41,0,0,40,2,42,16,4,55,8,83,12,0,12,95
07/25/2022,GNV,FL,ASO,ES,Federal Contract Tower,16,19,47,0,82,0,0,96,0,96,16,19,143,0,178,64,0,64,242
07/26/2022,GNV,FL,ASO,ES,Federal Contract Tower,15,8,22,4,49,0,1,64,4,69,15,9,86,8,118,78,0,78,196
07/27/2022,GNV,FL,ASO,ES,Federal Contract Tower,13,5,22,8,48,0,0,48,7,55,13,5,70,15,103,78,0,78,181
07/28/2022,GNV,FL,ASO,ES,Federal Contract Tower,15,2,45,9,71,0,0,82,4,86,15,2,127,13,157,100,0,100,257
07/29/2022,GNV,FL,ASO,ES,Federal Contract Tower,13,8,34,15,70,0,0,68,6,74,13,8,102,21,144,62,14,76,220
07/30/2022,GNV,FL,ASO,ES,Federal Contract Tower,15,5,21,0,41,0,0,93,0,93,15,5,114,0,134,46,0,46,180
07/31/2022,GNV,FL,ASO,ES,Federal Contract Tower,17,0,31,6,54,0,0,55,12,67,17,0,86,18,121,38,0,38,159
08/01/2022,GNV,FL,ASO,ES,Federal Contract Tower,14,10,23,3,50,0,0,57,1,58,14,10,80,4,108,54,0,54,162
08/02/2022,GNV,FL,ASO,ES,Federal Contract Tower,16,11,19,10,56,0,0,44,21,65,16,11,63,31,121,24,32,56,177
08/03/2022,GNV,FL,ASO,ES,Federal Contract Tower,15,4,24,13,56,0,2,53,0,55,15,6,77,13,111,22,16,38,149
08/04/2022,GNV,FL,ASO,ES,Federal Contract Tower,15,13,40,2,70,0,0,72,4,76,15,13,112,6,146,66,0,66,212
08/05/2022,GNV,FL,ASO,ES,Federal Contract Tower,15,3,32,16,66,0,0,63,13,76,15,3,95,29,142,66,6,72,214
08/06/2022,GNV,FL,ASO,ES,Federal Contract Tower,12,9,18,6,45,0,0,56,0,56,12,9,74,6,101,14,0,14,115
08/07/2022,GNV,FL,ASO,ES,Federal Contract Tower,15,1,31,8,55,0,0,51,2,53,15,1,82,10,108,20,0,20,128
08/08/2022,GNV,FL,ASO,ES,Federal Contract Tower,16,10,13,1,40,0,0,54,3,57,16,10,67,4,97,42,16,58,155
08/09/2022,GNV,FL,ASO,ES,Federal Contract Tower,14,6,25,0,45,0,0,50,2,52,14,6,75,2,97,124,0,124,221
08/10/2022,GNV,FL,ASO,ES,Federal Contract Tower,14,16,27,5,62,0,0,64,7,71,14,16,91,12,133,62,38,100,233
08/11/2022,GNV,FL,ASO,ES,Federal Contract Tower,17,15,34,0,66,0,0,47,1,48,17,15,81,1,114,66,0,66,180
08/12/2022,GNV,FL,ASO,ES,Federal Contract Tower,17,6,28,0,51,0,0,62,7,69,17,6,90,7,120,72,4,76,196
08/13/2022,GNV,FL,ASO,ES,Federal Contract Tower,15,7,16,0,38,0,0,53,0,53,15,7,69,0,91,24,0,24,115
08/14/2022,GNV,FL,ASO,ES,Federal Contract Tower,17,1,37,1,56,0,0,50,8,58,17,1,87,9,114,14,0,14,128
08/15/2022,GNV,FL,ASO,ES,Federal Contract Tower,14,12,24,2,52,0,0,93,2,95,14,12,117,4,147,102,0,102,249
08/16/2022,GNV,FL,ASO,ES,Federal Contract Tower,21,6,32,2,61,0,0,90,0,90,21,6,122,2,151,86,0,86,237
08/17/2022,GNV,FL,ASO,ES,Federal Contract Tower,18,13,26,4,61,0,2,58,3,63,18,15,84,7,124,36,4,40,164
08/18/2022,GNV,FL,ASO,ES,Federal Contract Tower,16,8,23,6,53,0,1,32,3,36,16,9,55,9,89,10,2,12,101
08/19/2022,GNV,FL,ASO,ES,Federal Contract Tower,17,6,21,7,51,0,53,9,0,62,17,59,30,7,113,102,0,102,215
08/20/2022,GNV,FL,ASO,ES,Federal Contract Tower,14,9,21,0,44,0,0,77,0,77,14,9,98,0,121,34,0,34,155
08/21/2022,GNV,FL,ASO,ES,Federal Contract Tower,19,8,18,0,45,0,0,60,0,60,19,8,78,0,105,76,0,76,181
08/22/2022,GNV,FL,ASO,ES,Federal Contract Tower,19,10,22,9,60,0,0,62,2,64,19,10,84,11,124,54,18,72,196
08/23/2022,GNV,FL,ASO,ES,Federal Contract Tower,22,11,21,1,55,0,0,54,0,54,22,11,75,1,109,84,0,84,193
08/24/2022,GNV,FL,ASO,ES,Federal Contract Tower,19,5,28,10,62,0,0,83,2,85,19,5,111,12,147,60,0,60,207
08/25/2022,GNV,FL,ASO,ES,Federal Contract Tower,17,18,26,24,85,0,0,59,4,63,17,18,85,28,148,32,36,68,216
08/26/2022,GNV,FL,ASO,ES,Federal Contract Tower,19,12,26,7,64,0,0,56,4,60,19,12,82,11,124,142,30,172,296
08/27/2022,GNV,FL,ASO,ES,Federal Contract Tower,16,5,57,0,78,0,0,20,0,20,16,5,77,0,98,74,0,74,172
08/28/2022,GNV,FL,ASO,ES,Federal Contract Tower,17,4,26,4,51,0,0,38,0,38,17,4,64,4,89,56,0,56,145
08/29/2022,GNV,FL,ASO,ES,Federal Contract Tower,18,7,29,14,68,0,0,64,0,64,18,7,93,14,132,68,14,82,214
08/30/2022,GNV,FL,ASO,ES,Federal Contract Tower,17,8,43,0,68,0,0,51,0,51,17,8,94,0,119,24,0,24,143
08/31/2022,GNV,FL,ASO,ES,Federal Contract Tower,19,6,36,4,65,0,0,40,0,40,19,6,76,4,105,124,0,124,229
09/01/2022,GNV,FL,ASO,ES,Federal Contract Tower,17,4,16,2,39,0,0,62,2,64,17,4,78,4,103,84,24,108,211
09/02/2022,GNV,FL,ASO,ES,Federal Contract Tower,18,5,37,0,60,0,0,31,0,31,18,5,68,0,91,22,0,22,113
09/03/2022,GNV,FL,ASO,ES,Federal Contract Tower,18,18,68,0,104,0,0,64,0,64,18,18,132,0,168,26,0,26,194
09/04/2022,GNV,FL,ASO,ES,Federal Contract Tower,21,8,22,0,51,0,0,57,0,57,21,8,79,0,108,16,0,16,124
09/05/2022,GNV,FL,ASO,ES,Federal Contract Tower,17,4,26,0,47,0,0,77,0,77,17,4,103,0,124,40,0,40,164
09/06/2022,GNV,FL,ASO,ES,Federal Contract Tower,17,7,23,8,55,0,0,98,0,98,17,7,121,8,153,116,8,124,277
09/07/2022,GNV,FL,ASO,ES,Federal Contract Tower,18,8,42,5,73,0,0,113,1,114,18,8,155,6,187,78,0,78,265
09/08/2022,GNV,FL,ASO,ES,Federal Contract Tower,20,7,21,4,52,0,2,13,0,15,20,9,34,4,67,16,0,16,83
09/09/2022,GNV,FL,ASO,ES,Federal Contract Tower,20,9,40,2,71,0,0,18,2,20,20,9,58,4,91,0,0,0,91
09/10/2022,GNV,FL,ASO,ES,Federal Contract Tower,19,14,61,0,94,0,0,41,0,41,19,14,102,0,135,20,0,20,155
09/11/2022,GNV,FL,ASO,ES,Federal Contract Tower,20,3,39,0,62,0,0,46,0,46,20,3,85,0,108,58,0,58,166
09/12/2022,GNV,FL,ASO,ES,Federal Contract Tower,19,6,31,5,61,0,0,31,0,31,19,6,62,5,92,34,8,42,134
09/13/2022,GNV,FL,ASO,ES,Federal Contract Tower,18,10,35,2,65,0,0,40,2,42,18,10,75,4,107,76,0,76,183
09/14/2022,GNV,FL,ASO,ES,Federal Contract Tower,18,12,32,15,77,0,2,50,4,56,18,14,82,19,133,36,22,58,191
09/15/2022,GNV,FL,ASO,ES,Federal Contract Tower,19,11,26,0,56,0,0,60,0,60,19,11,86,0,116,78,0,78,194
09/16/2022,GNV,FL,ASO,ES,Federal Contract Tower,19,5,41,6,71,0,0,48,3,51,19,5,89,9,122,78,0,78,200
09/17/2022,GNV,FL,ASO,ES,Federal Contract Tower,17,14,43,0,74,0,0,52,0,52,17,14,95,0,126,42,0,42,168
09/18/2022,GNV,FL,ASO,ES,Federal Contract Tower,19,6,51,5,81,0,0,10,2,12,19,6,61,7,93,0,0,0,93
09/19/2022,GNV,FL,ASO,ES,Federal Contract Tower,19,4,38,0,61,0,0,48,0,48,19,4,86,0,109,96,0,96,205
09/20/2022,GNV,FL,ASO,ES,Federal Contract Tower,18,6,37,6,67,0,0,71,0,71,18,6,108,6,138,90,0,90,228
09/21/2022,GNV,FL,ASO,ES,Federal Contract Tower,18,14,26,14,72,0,0,117,4,121,18,14,143,18,193,76,36,112,305
09/22/2022,GNV,FL,ASO,ES,Federal Contract Tower,19,15,45,9,88,0,0,89,6,95,19,15,134,15,183,80,4,84,267
09/23/2022,GNV,FL,ASO,ES,Federal Contract Tower,21,9,50,2,82,0,0,80,0,80,21,9,130,2,162,46,0,46,208
09/24/2022,GNV,FL,ASO,ES,Federal Contract Tower,20,4,29,0,53,0,0,126,0,126,20,4,155,0,179,20,0,20,199
09/25/2022,GNV,FL,ASO,ES,Federal Contract Tower,21,6,48,0,75,0,0,79,2,81,21,6,127,2,156,24,0,24,180
09/26/2022,GNV,FL,ASO,ES,Federal Contract Tower,20,5,34,2,61,0,0,127,0,127,20,5,161,2,188,16,0,16,204
09/27/2022,GNV,FL,ASO,ES,Federal Contract Tower,18,11,21,0,50,0,0,62,0,62,18,11,83,0,112,34,0,34,146
09/28/2022,GNV,FL,ASO,ES,Federal Contract Tower,11,2,3,0,16,0,0,0,0,0,11,2,3,0,16,0,0,0,16
09/29/2022,GNV,FL,ASO,ES,Federal Contract Tower,0,0,0,6,6,0,0,0,0,0,0,0,0,6,6,0,0,0,6
09/30/2022,GNV,FL,ASO,ES,Federal Contract Tower,11,8,14,2,35,0,1,25,4,30,11,9,39,6,65,6,0,6,71
10/01/2022,GNV,FL,ASO,ES,Federal Contract Tower,16,6,21,0,43,0,0,57,0,57,16,6,78,0,100,34,0,34,134
10/02/2022,GNV,FL,ASO,ES,Federal Contract Tower,26,7,28,0,61,0,0,88,0,88,26,7,116,0,149,36,0,36,185
10/03/2022,GNV,FL,ASO,ES,Federal Contract Tower,19,8,17,0,44,0,0,73,2,75,19,8,90,2,119,88,0,88,207
10/04/2022,GNV,FL,ASO,ES,Federal Contract Tower,18,25,31,2,76,0,1,90,0,91,18,26,121,2,167,30,0,30,197
10/05/2022,GNV,FL,ASO,ES,Federal Contract Tower,18,6,42,5,71,0,0,116,1,117,18,6,158,6,188,88,14,102,290
10/06/2022,GNV,FL,ASO,ES,Federal Contract Tower,18,13,53,2,86,0,0,133,0,133,18,13,186,2,219,78,0,78,297
10/07/2022,GNV,FL,ASO,ES,Federal Contract Tower,19,12,67,1,99,0,0,122,0,122,19,12,189,1,221,78,0,78,299
10/08/2022,GNV,FL,ASO,ES,Federal Contract Tower,15,13,36,0,64,1,0,128,0,129,16,13,164,0,193,26,0,26,219
10/09/2022,GNV,FL,ASO,ES,Federal Contract Tower,19,14,36,6,75,0,0,71,0,71,19,14,107,6,146,70,0,70,216
10/10/2022,GNV,FL,ASO,ES,Federal Contract Tower,18,6,23,1,48,0,0,105,0,105,18,6,128,1,153,86,0,86,239
10/11/2022,GNV,FL,ASO,ES,Federal Contract Tower,19,8,33,12,72,0,0,49,0,49,19,8,82,12,121,58,0,58,179
10/12/2022,GNV,FL,ASO,ES,Federal Contract Tower,18,11,35,15,79,0,0,80,1,81,18,11,115,16,160,92,0,92,252
10/13/2022,GNV,FL,ASO,ES,Federal Contract Tower,17,21,33,6,77,0,0,89,0,89,17,21,122,6,166,68,0,68,234
10/14/2022,GNV,FL,ASO,ES,Federal Contract Tower,21,14,68,5,108,0,0,144,0,144,21,14,212,5,252,58,0,58,310
10/15/2022,GNV,FL,ASO,ES,Federal Contract Tower,17,28,62,3,110,0,0,153,7,160,17,28,215,10,270,12,12,24,294
10/16/2022,GNV,FL,ASO,ES,Federal Contract Tower,22,6,57,4,89,0,0,117,0,117,22,6,174,4,206,32,14,46,252
10/17/2022,GNV,FL,ASO,ES,Federal Contract Tower,19,9,35,1,64,0,0,72,0,72,19,9,107,1,136,58,0,58,194
10/18/2022,GNV,FL,ASO,ES,Federal Contract Tower,18,11,46,0,75,0,0,111,0,111,18,11,157,0,186,72,0,72,258
10/19/2022,GNV,FL,ASO,ES,Federal Contract Tower,19,10,45,2,76,0,0,99,0,99,19,10,144,2,175,104,0,104,279
10/20/2022,GNV,FL,ASO,ES,Federal Contract Tower,17,12,29,0,58,0,0,112,0,112,17,12,141,0,170,58,0,58,228
10/21/2022,GNV,FL,ASO,ES,Federal Contract Tower,20,17,55,19,111,0,0,121,5,126,20,17,176,24,237,48,14,62,299
10/22/2022,GNV,FL,ASO,ES,Federal Contract Tower,16,9,29,0,54,0,0,96,2,98,16,9,125,2,152,16,8,24,176
10/23/2022,GNV,FL,ASO,ES,Federal Contract Tower,17,4,25,0,46,0,0,61,0,61,17,4,86,0,107,30,0,30,137
10/24/2022,GNV,FL,ASO,ES,Federal Contract Tower,18,11,40,0,69,0,0,72,0,72,18,11,112,0,141,60,0,60,201
10/25/2022,GNV,FL,ASO,ES,Federal Contract Tower,18,5,30,2,55,0,2,83,0,85,18,7,113,2,140,64,0,64,204
10/26/2022,GNV,FL,ASO,ES,Federal Contract Tower,19,7,35,4,65,0,0,86,0,86,19,7,121,4,151,98,0,98,249
10/27/2022,GNV,FL,ASO,ES,Federal Contract Tower,19,9,54,1,83,0,0,91,0,91,19,9,145,1,174,89,0,89,263
10/28/2022,GNV,FL,ASO,ES,Federal Contract Tower,19,18,52,3,92,0,0,22,0,22,19,18,74,3,114,20,0,20,134
10/29/2022,GNV,FL,ASO,ES,Federal Contract Tower,16,17,39,0,72,0,0,0,0,0,16,17,39,0,72,0,0,0,72
10/30/2022,GNV,FL,ASO,ES,Federal Contract Tower,16,4,34,0,54,0,0,31,0,31,16,4,65,0,85,40,0,40,125
10/31/2022,GNV,FL,ASO,ES,Federal Contract Tower,14,20,39,14,87,0,0,77,1,78,14,20,116,15,165,42,26,68,233
11/01/2022,GNV,FL,ASO,ES,Federal Contract Tower,17,10,54,6,87,0,0,113,2,115,17,10,167,8,202,52,0,52,254
11/02/2022,GNV,FL,ASO,ES,Federal Contract Tower,17,6,35,0,58,0,0,64,2,66,17,6,99,2,124,56,0,56,180
11/03/2022,GNV,FL,ASO,ES,Federal Contract Tower,18,9,27,1,55,0,0,74,5,79,18,9,101,6,134,72,0,72,206
11/04/2022,GNV,FL,ASO,ES,Federal Contract Tower,19,4,54,11,88,0,0,102,28,130,19,4,156,39,218,58,22,80,298
11/05/2022,GNV,FL,ASO,ES,Federal Contract Tower,18,9,28,2,57,0,0,54,0,54,18,9,82,2,111,46,0,46,157
11/06/2022,GNV,FL,ASO,ES,Federal Contract Tower,17,9,22,8,56,0,0,64,28,92,17,9,86,36,148,22,0,22,170
11/07/2022,GNV,FL,ASO,ES,Federal Contract Tower,15,13,26,3,57,0,0,80,6,86,15,13,106,9,143,26,2,28,171
11/08/2022,GNV,FL,ASO,ES,Federal Contract Tower,17,8,19,13,57,0,0,37,4,41,17,8,56,17,98,6,4,10,108
11/09/2022,GNV,FL,ASO,ES,Federal Contract Tower,12,2,14,0,28,0,0,0,0,0,12,2,14,0,28,0,0,0,28
11/10/2022,GNV,FL,ASO,ES,Federal Contract Tower,13,0,1,0,14,0,0,0,0,0,13,0,1,0,14,0,0,0,14
11/11/2022,GNV,FL,ASO,ES,Federal Contract Tower,20,10,52,15,97,0,0,24,3,27,20,10,76,18,124,2,0,2,126
11/12/2022,GNV,FL,ASO,ES,Federal Contract Tower,18,17,78,0,113,0,0,67,0,67,18,17,145,0,180,6,0,6,186
11/13/2022,GNV,FL,ASO,ES,Federal Contract Tower,17,13,61,0,91,0,0,41,0,41,17,13,102,0,132,26,0,26,158
11/14/2022,GNV,FL,ASO,ES,Federal Contract Tower,17,10,70,0,97,0,0,93,0,93,17,10,163,0,190,72,0,72,262
11/15/2022,GNV,FL,ASO,ES,Federal Contract Tower,17,11,29,9,66,0,0,31,2,33,17,11,60,11,99,66,14,80,179
11/16/2022,GNV,FL,ASO,ES,Federal Contract Tower,17,11,43,8,79,0,0,64,6,70,17,11,107,14,149,44,4,48,197
11/17/2022,GNV,FL,ASO,ES,Federal Contract Tower,16,10,39,9,74,0,0,134,12,146,16,10,173,21,220,80,24,104,324
11/18/2022,GNV,FL,ASO,ES,Federal Contract Tower,19,14,45,8,86,0,0,152,3,155,19,14,197,11,241,72,6,78,319
11/19/2022,GNV,FL,ASO,ES,Federal Contract Tower,17,6,40,0,63,0,0,108,2,110,17,6,148,2,173,80,0,80,253
11/20/2022,GNV,FL,ASO,ES,Federal Contract Tower,18,10,26,3,57,0,0,26,5,31,18,10,52,8,88,0,0,0,88
11/21/2022,GNV,FL,ASO,ES,Federal Contract Tower,18,11,47,8,84,0,0,70,2,72,18,11,117,10,156,46,0,46,202
11/22/2022,GNV,FL,ASO,ES,Federal Contract Tower,18,9,46,2,75,0,0,1,0,1,18,9,47,2,76,0,0,0,76
11/23/2022,GNV,FL,ASO,ES,Federal Contract Tower,19,9,35,5,68,0,0,27,0,27,19,9,62,5,95,12,0,12,107
11/24/2022,GNV,FL,ASO,ES,Federal Contract Tower,9,7,9,0,25,0,0,1,0,1,9,7,10,0,26,0,0,0,26
11/25/2022,GNV,FL,ASO,ES,Federal Contract Tower,16,4,29,0,49,0,0,13,0,13,16,4,42,0,62,6,0,6,68
11/26/2022,GNV,FL,ASO,ES,Federal Contract Tower,17,4,35,0,56,0,0,18,0,18,17,4,53,0,74,54,0,54,128
11/27/2022,GNV,FL,ASO,ES,Federal Contract Tower,17,11,29,0,57,0,1,15,0,16,17,12,44,0,73,16,0,16,89
11/28/2022,GNV,FL,ASO,ES,Federal Contract Tower,17,7,62,1,87,0,0,118,1,119,17,7,180,2,206,94,4,98,304
11/29/2022,GNV,FL,ASO,ES,Federal Contract Tower,17,11,39,2,69,0,0,127,1,128,17,11,166,3,197,58,46,104,301
11/30/2022,GNV,FL,ASO,ES,Federal Contract Tower,17,4,37,0,58,0,0,51,0,51,17,4,88,0,109,56,0,56,165
12/01/2022,GNV,FL,ASO,ES,Federal Contract Tower,17,10,34,3,64,0,0,108,1,109,17,10,142,4,173,52,0,52,225
12/02/2022,GNV,FL,ASO,ES,Federal Contract Tower,17,6,43,2,68,0,0,110,6,116,17,6,153,8,184,58,0,58,242
12/03/2022,GNV,FL,ASO,ES,Federal Contract Tower,15,3,30,11,59,0,0,137,0,137,15,3,167,11,196,82,20,102,298
12/04/2022,GNV,FL,ASO,ES,Federal Contract Tower,18,5,35,8,66,0,0,77,12,89,18,5,112,20,155,47,0,47,202
12/05/2022,GNV,FL,ASO,ES,Federal Contract Tower,18,9,53,0,80,0,0,42,0,42,18,9,95,0,122,56,0,56,178
12/06/2022,GNV,FL,ASO,ES,Federal Contract Tower,19,13,34,5,71,0,0,114,10,124,19,13,148,15,195,174,2,176,371
12/07/2022,GNV,FL,ASO,ES,Federal Contract Tower,19,13,35,6,73,0,0,117,2,119,19,13,152,8,192,46,4,50,242
12/08/2022,GNV,FL,ASO,ES,Federal Contract Tower,18,9,30,3,60,0,0,123,4,127,18,9,153,7,187,92,0,92,279
12/09/2022,GNV,FL,ASO,ES,Federal Contract Tower,17,11,39,9,76,0,0,103,17,120,17,11,142,26,196,56,2,58,254
12/10/2022,GNV,FL,ASO,ES,Federal Contract Tower,18,9,16,12,55,0,0,46,1,47,18,9,62,13,102,76,6,82,184
12/11/2022,GNV,FL,ASO,ES,Federal Contract Tower,19,8,52,11,90,0,0,2,0,2,19,8,54,11,92,0,0,0,92
12/12/2022,GNV,FL,ASO,ES,Federal Contract Tower,16,11,38,16,81,0,0,94,2,96,16,11,132,18,177,80,0,80,257
12/13/2022,GNV,FL,ASO,ES,Federal Contract Tower,18,14,58,6,96,0,0,50,0,50,18,14,108,6,146,56,0,56,202
12/14/2022,GNV,FL,ASO,ES,Federal Contract Tower,17,16,28,6,67,0,0,62,2,64,17,16,90,8,131,36,14,50,181
12/15/2022,GNV,FL,ASO,ES,Federal Contract Tower,21,11,45,6,83,0,0,8,2,10,21,11,53,8,93,16,0,16,109
12/16/2022,GNV,FL,ASO,ES,Federal Contract Tower,14,15,52,19,100,0,0,138,2,140,14,15,190,21,240,78,2,80,320
12/17/2022,GNV,FL,ASO,ES,Federal Contract Tower,11,11,28,2,52,0,0,97,0,97,11,11,125,2,149,62,0,62,211
12/18/2022,GNV,FL,ASO,ES,Federal Contract Tower,14,10,38,26,88,0,0,66,8,74,14,10,104,34,162,8,0,8,170
12/19/2022,GNV,FL,ASO,ES,Federal Contract Tower,16,14,31,2,63,0,0,106,2,108,16,14,137,4,171,36,2,38,209
12/20/2022,GNV,FL,ASO,ES,Federal Contract Tower,10,20,13,3,46,0,0,31,1,32,10,20,44,4,78,34,14,48,126
12/21/2022,GNV,FL,ASO,ES,Federal Contract Tower,13,15,24,0,52,0,0,0,0,0,13,15,24,0,52,0,0,0,52
12/22/2022,GNV,FL,ASO,ES,Federal Contract Tower,12,13,19,0,44,0,0,18,0,18,12,13,37,0,62,34,0,34,96
12/23/2022,GNV,FL,ASO,ES,Federal Contract Tower,14,8,24,0,46,0,0,20,0,20,14,8,44,0,66,0,10,10,76
12/24/2022,GNV,FL,ASO,ES,Federal Contract Tower,7,8,10,0,25,0,0,38,0,38,7,8,48,0,63,0,0,0,63
12/25/2022,GNV,FL,ASO,ES,Federal Contract Tower,10,14,8,0,32,0,0,19,0,19,10,14,27,0,51,2,0,2,53
12/26/2022,GNV,FL,ASO,ES,Federal Contract Tower,16,8,33,0,57,0,0,66,0,66,16,8,99,0,123,6,0,6,129
12/27/2022,GNV,FL,ASO,ES,Federal Contract Tower,15,12,23,2,52,0,0,83,2,85,15,12,106,4,137,36,0,36,173
12/28/2022,GNV,FL,ASO,ES,Federal Contract Tower,13,21,31,0,65,0,2,124,0,126,13,23,155,0,191,30,0,30,221
12/29/2022,GNV,FL,ASO,ES,Federal Contract Tower,15,16,35,2,68,0,2,102,0,104,15,18,137,2,172,44,0,44,216
12/30/2022,GNV,FL,ASO,ES,Federal Contract Tower,12,15,32,0,59,0,0,68,0,68,12,15,100,0,127,82,0,82,209
12/31/2022,GNV,FL,ASO,ES,Federal Contract Tower,8,6,20,0,34,0,0,4,0,4,8,6,24,0,38,0,0,0,38
01/01/2023,GNV,FL,ASO,ES,Federal Contract Tower,13,12,19,0,44,0,0,13,0,13,13,12,32,0,57,6,0,6,63
01/02/2023,GNV,FL,ASO,ES,Federal Contract Tower,18,11,32,0,61,0,0,54,0,54,18,11,86,0,115,38,0,38,153
01/03/2023,GNV,FL,ASO,ES,Federal Contract Tower,16,12,25,8,61,0,0,71,4,75,16,12,96,12,136,66,0,66,202
01/04/2023,GNV,FL,ASO,ES,Federal Contract Tower,15,7,33,0,55,0,0,6,0,6,15,7,39,0,61,0,0,0,61
01/05/2023,GNV,FL,ASO,ES,Federal Contract Tower,14,11,66,2,93,0,0,77,7,84,14,11,143,9,177,24,28,52,229
01/06/2023,GNV,FL,ASO,ES,Federal Contract Tower,14,13,42,44,113,0,0,125,6,131,14,13,167,50,244,88,12,100,344
01/07/2023,GNV,FL,ASO,ES,Federal Contract Tower,12,12,31,3,58,0,4,137,6,147,12,16,168,9,205,78,18,96,301
01/08/2023,GNV,FL,ASO,ES,Federal Contract Tower,12,18,44,22,96,0,0,83,18,101,12,18,127,40,197,74,2,76,273
01/09/2023,GNV,FL,ASO,ES,Federal Contract Tower,19,12,20,0,51,0,0,94,0,94,19,12,114,0,145,58,0,58,203
01/10/2023,GNV,FL,ASO,ES,Federal Contract Tower,15,10,35,2,62,0,0,134,6,140,15,10,169,8,202,124,26,150,352
01/11/2023,GNV,FL,ASO,ES,Federal Contract Tower,20,12,45,12,89,0,0,128,2,130,20,12,173,14,219,170,30,200,419
01/12/2023,GNV,FL,ASO,ES,Federal Contract Tower,17,10,45,6,78,0,0,108,2,110,17,10,153,8,188,70,0,70,258
01/13/2023,GNV,FL,ASO,ES,Federal Contract Tower,18,10,73,7,108,0,0,46,8,54,18,10,119,15,162,34,22,56,218
01/14/2023,GNV,FL,ASO,ES,Federal Contract Tower,9,13,48,0,70,0,0,70,0,70,9,13,118,0,140,20,0,20,160
01/15/2023,GNV,FL,ASO,ES,Federal Contract Tower,15,5,47,1,68,0,0,116,5,121,15,5,163,6,189,58,0,58,247
01/16/2023,GNV,FL,ASO,ES,Federal Contract Tower,17,7,49,2,75,0,0,117,0,117,17,7,166,2,192,62,0,62,254
01/17/2023,GNV,FL,ASO,ES,Federal Contract Tower,19,10,61,4,94,0,0,147,0,147,19,10,208,4,241,72,0,72,313
01/18/2023,GNV,FL,ASO,ES,Federal Contract Tower,19,12,35,14,80,0,0,112,3,115,19,12,147,17,195,72,40,112,307
01/19/2023,GNV,FL,ASO,ES,Federal Contract Tower,20,5,70,2,97,0,0,60,0,60,20,5,130,2,157,36,0,36,193
01/20/2023,GNV,FL,ASO,ES,Federal Contract Tower,19,12,41,5,77,0,0,102,6,108,19,12,143,11,185,16,0,16,201
01/21/2023,GNV,FL,ASO,ES,Federal Contract Tower,17,5,34,0,56,0,0,45,0,45,17,5,79,0,101,44,0,44,145
01/22/2023,GNV,FL,ASO,ES,Federal Contract Tower,20,2,17,12,51,0,0,18,1,19,20,2,35,13,70,28,0,28,98
01/23/2023,GNV,FL,ASO,ES,Federal Contract Tower,18,6,54,3,81,0,0,89,1,90,18,6,143,4,171,62,0,62,233
01/24/2023,GNV,FL,ASO,ES,Federal Contract Tower,17,11,39,0,67,0,0,113,0,113,17,11,152,0,180,32,0,32,212
01/25/2023,GNV,FL,ASO,ES,Federal Contract Tower,16,6,17,0,39,0,0,9,3,12,16,6,26,3,51,26,0,26,77
01/26/2023,GNV,FL,ASO,ES,Federal Contract Tower,17,20,68,4,109,0,0,127,2,129,17,20,195,6,238,86,8,94,332
01/27/2023,GNV,FL,ASO,ES,Federal Contract Tower,16,10,44,7,77,0,0,113,3,116,16,10,157,10,193,100,0,100,293
01/28/2023,GNV,FL,ASO,ES,Federal Contract Tower,13,8,30,20,71,0,0,107,2,109,13,8,137,22,180,102,12,114,294
01/29/2023,GNV,FL,ASO,ES,Federal Contract Tower,18,10,39,14,81,0,0,86,4,90,18,10,125,18,171,84,0,84,255
01/30/2023,GNV,FL,ASO,ES,Federal Contract Tower,17,19,35,19,90,0,0,103,4,107,17,19,138,23,197,148,52,200,397
01/31/2023,GNV,FL,ASO,ES,Federal Contract Tower,16,16,38,54,124,0,0,109,9,118,16,16,147,63,242,54,58,112,354
02/01/2023,GNV,FL,ASO,ES,Federal Contract Tower,14,25,33,45,117,0,0,97,6,103,14,25,130,51,220,32,44,76,296
02/02/2023,GNV,FL,ASO,ES,Federal Contract Tower,21,17,30,30,98,0,0,82,4,86,21,17,112,34,184,38,34,72,256
02/03/2023,GNV,FL,ASO,ES,Federal Contract Tower,17,14,30,10,71,0,0,11,16,27,17,14,41,26,98,0,0,0,98
02/04/2023,GNV,FL,ASO,ES,Federal Contract Tower,11,15,36,2,64,0,0,60,0,60,11,15,96,2,124,32,12,44,168
02/05/2023,GNV,FL,ASO,ES,Federal Contract Tower,14,11,39,15,79,0,0,45,7,52,14,11,84,22,131,24,0,24,155
02/06/2023,GNV,FL,ASO,ES,Federal Contract Tower,15,5,32,3,55,0,0,131,22,153,15,5,163,25,208,104,20,124,332
02/07/2023,GNV,FL,ASO,ES,Federal Contract Tower,13,13,35,2,63,0,0,126,2,128,13,13,161,4,191,42,4,46,237
02/08/2023,GNV,FL,ASO,ES,Federal Contract Tower,14,16,16,12,58,0,2,130,2,134,14,18,146,14,192,88,18,106,298
02/09/2023,GNV,FL,ASO,ES,Federal Contract Tower,16,6,59,14,95,0,0,82,1,83,16,6,141,15,178,26,38,64,242
02/10/2023,GNV,FL,ASO,ES,Federal Contract Tower,15,7,63,1,86,0,0,25,0,25,15,7,88,1,111,12,0,12,123
02/11/2023,GNV,FL,ASO,ES,Federal Contract Tower,17,6,23,1,47,0,0,0,0,0,17,6,23,1,47,0,0,0,47
02/12/2023,GNV,FL,ASO,ES,Federal Contract Tower,11,21,31,0,63,0,0,15,0,15,11,21,46,0,78,2,0,2,80
02/13/2023,GNV,FL,ASO,ES,Federal Contract Tower,14,7,43,0,64,0,0,137,2,139,14,7,180,2,203,74,0,74,277
02/14/2023,GNV,FL,ASO,ES,Federal Contract Tower,13,19,46,4,82,0,0,132,4,136,13,19,178,8,218,82,14,96,314
02/15/2023,GNV,FL,ASO,ES,Federal Contract Tower,14,18,41,0,73,0,0,102,1,103,14,18,143,1,176,46,24,70,246
02/16/2023,GNV,FL,ASO,ES,Federal Contract Tower,15,5,67,4,91,0,0,115,8,123,15,5,182,12,214,54,36,90,304
02/17/2023,GNV,FL,ASO,ES,Federal Contract Tower,9,28,29,17,83,0,0,35,1,36,9,28,64,18,119,22,0,22,141
02/18/2023,GNV,FL,ASO,ES,Federal Contract Tower,13,16,33,3,65,0,0,103,2,105,13,16,136,5,170,62,0,62,232
02/19/2023,GNV,FL,ASO,ES,Federal Contract Tower,13,13,34,4,64,0,0,96,2,98,13,13,130,6,162,30,0,30,192
02/20/2023,GNV,FL,ASO,ES,Federal Contract Tower,16,9,45,0,70,0,0,75,0,75,16,9,120,0,145,48,6,54,199
02/21/2023,GNV,FL,ASO,ES,Federal Contract Tower,12,31,54,2,99,0,0,63,0,63,12,31,117,2,162,32,2,34,196
02/22/2023,GNV,FL,ASO,ES,Federal Contract Tower,12,14,97,50,173,0,0,81,12,93,12,14,178,62,266,32,46,78,344
02/23/2023,GNV,FL,ASO,ES,Federal Contract Tower,15,20,69,21,125,0,0,97,5,102,15,20,166,26,227,58,20,78,305
02/24/2023,GNV,FL,ASO,ES,Federal Contract Tower,16,20,39,40,115,0,0,97,8,105,16,20,136,48,220,58,4,62,282
02/25/2023,GNV,FL,ASO,ES,Federal Contract Tower,17,20,37,10,84,0,2,100,0,102,17,22,137,10,186,44,0,44,230
02/26/2023,GNV,FL,ASO,ES,Federal Contract Tower,14,21,42,19,96,0,0,87,17,104,14,21,129,36,200,12,4,16,216
02/27/2023,GNV,FL,ASO,ES,Federal Contract Tower,22,6,58,2,88,0,0,78,4,82,22,6,136,6,170,16,8,24,194
02/28/2023,GNV,FL,ASO,ES,Federal Contract Tower,13,20,34,21,88,0,0,58,5,63,13,20,92,26,151,82,18,100,251
03/01/2023,GNV,FL,ASO,ES,Federal Contract Tower,16,17,73,14,120,0,0,101,3,104,16,17,174,17,224,64,36,100,324
03/02/2023,GNV,FL,ASO,ES,Federal Contract Tower,17,14,78,25,134,0,0,79,12,91,17,14,157,37,225,36,24,60,285
03/03/2023,GNV,FL,ASO,ES,Federal Contract Tower,16,11,27,5,59,0,0,55,7,62,16,11,82,12,121,6,0,6,127
03/04/2023,GNV,FL,ASO,ES,Federal Contract Tower,15,12,28,0,55,0,0,18,0,18,15,12,46,0,73,34,0,34,107
03/05/2023,GNV,FL,ASO,ES,Federal Contract Tower,17,6,57,8,88,0,0,35,0,35,17,6,92,8,123,40,0,40,163
03/06/2023,GNV,FL,ASO,ES,Federal Contract Tower,18,15,42,0,75,0,0,94,4,98,18,15,136,4,173,84,0,84,257
03/07/2023,GNV,FL,ASO,ES,Federal Contract Tower,15,16,50,9,90,0,0,89,8,97,15,16,139,17,187,52,0,52,239
03/08/2023,GNV,FL,ASO,ES,Federal Contract Tower,13,15,50,5,83,0,0,94,5,99,13,15,144,10,182,52,28,80,262
03/09/2023,GNV,FL,ASO,ES,Federal Contract Tower,17,17,51,30,115,0,0,135,3,138,17,17,186,33,253,78,0,78,331
03/10/2023,GNV,FL,ASO,ES,Federal Contract Tower,25,13,45,11,94,0,0,64,11,75,25,13,109,22,169,32,4,36,205
03/11/2023,GNV,FL,ASO,ES,Federal Contract Tower,16,23,67,0,106,0,0,128,4,132,16,23,195,4,238,46,0,46,284
03/12/2023,GNV,FL,ASO,ES,Federal Contract Tower,17,10,69,5,101,0,0,70,3,73,17,10,139,8,174,12,0,12,186
03/13/2023,GNV,FL,ASO,ES,Federal Contract Tower,16,13,19,0,48,0,0,5,0,5,16,13,24,0,53,0,0,0,53
03/14/2023,GNV,FL,ASO,ES,Federal Contract Tower,17,9,36,12,74,0,0,131,2,133,17,9,167,14,207,136,10,146,353
03/15/2023,GNV,FL,ASO,ES,Federal Contract Tower,16,17,36,10,79,0,0,125,4,129,16,17,161,14,208,88,16,104,312
03/16/2023,GNV,FL,ASO,ES,Federal Contract Tower,25,23,52,0,100,0,0,130,7,137,25,23,182,7,237,52,0,52,289
03/17/2023,GNV,FL,ASO,ES,Federal Contract Tower,16,10,31,6,63,0,0,74,4,78,16,10,105,10,141,12,0,12,153
03/18/2023,GNV,FL,ASO,ES,Federal Contract Tower,16,19,28,0,63,0,0,3,0,3,16,19,31,0,66,0,0,0,66
03/19/2023,GNV,FL,ASO,ES,Federal Contract Tower,14,13,43,7,77,0,0,75,3,78,14,13,118,10,155,20,0,20,175
03/20/2023,GNV,FL,ASO,ES,Federal Contract Tower,17,14,38,15,84,0,0,132,10,142,17,14,170,25,226,124,18,142,368
03/21/2023,GNV,FL,ASO,ES,Federal Contract Tower,14,11,38,15,78,0,0,85,7,92,14,11,123,22,170,142,16,158,328
03/22/2023,GNV,FL,ASO,ES,Federal Contract Tower,14,16,26,9,65,0,0,103,29,132,14,16,129,38,197,88,30,118,315
03/23/2023,GNV,FL,ASO,ES,Federal Contract Tower,16,15,29,7,67,0,0,142,14,156,16,15,171,21,223,72,0,72,295
03/24/2023,GNV,FL,ASO,ES,Federal Contract Tower,16,12,46,12,86,0,0,163,14,177,16,12,209,26,263,62,26,88,351
03/25/2023,GNV,FL,ASO,ES,Federal Contract Tower,17,23,41,4,85,0,2,150,3,155,17,25,191,7,240,28,6,34,274
03/26/2023,GNV,FL,ASO,ES,Federal Contract Tower,17,12,38,8,75,0,0,62,4,66,17,12,100,12,141,22,8,30,171
03/27/2023,GNV,FL,ASO,ES,Federal Contract Tower,18,22,37,29,106,0,0,92,5,97,18,22,129,34,203,120,10,130,333
03/28/2023,GNV,FL,ASO,ES,Federal Contract Tower,15,14,58,10,97,0,0,54,3,57,15,14,112,13,154,172,6,178,332
03/29/2023,GNV,FL,ASO,ES,Federal Contract Tower,13,10,37,7,67,0,0,141,3,144,13,10,178,10,211,172,18,190,401
03/30/2023,GNV,FL,ASO,ES,Federal Contract Tower,17,16,52,7,92,1,1,164,2,168,18,17,216,9,260,60,2,62,322
03/31/2023,GNV,FL,ASO,ES,Federal Contract Tower,16,7,37,21,81,0,0,118,10,128,16,7,155,31,209,58,20,78,287
04/01/2023,GNV,FL,ASO,ES,Federal Contract Tower,11,12,34,6,63,0,0,54,0,54,11,12,88,6,117,40,10,50,167
04/02/2023,GNV,FL,ASO,ES,Federal Contract Tower,16,13,55,3,87,0,0,82,1,83,16,13,137,4,170,40,0,40,210
04/03/2023,GNV,FL,ASO,ES,Federal Contract Tower,16,14,50,2,82,0,0,78,2,80,16,14,128,4,162,82,0,82,244
04/04/2023,GNV,FL,ASO,ES,Federal Contract Tower,15,10,39,9,73,0,0,77,2,79,15,10,116,11,152,62,12,74,226
04/05/2023,GNV,FL,ASO,ES,Federal Contract Tower,15,22,32,6,75,0,0,81,2,83,15,22,113,8,158,92,4,96,254
04/06/2023,GNV,FL,ASO,ES,Federal Contract Tower,16,16,35,11,78,0,0,135,5,140,16,16,170,16,218,72,8,80,298
04/07/2023,GNV,FL,ASO,ES,Federal Contract Tower,19,9,27,7,62,0,2,85,0,87,19,11,112,7,149,20,10,30,179
04/08/2023,GNV,FL,ASO,ES,Federal Contract Tower,13,10,26,6,55,0,0,53,2,55,13,10,79,8,110,36,4,40,150
04/09/2023,GNV,FL,ASO,ES,Federal Contract Tower,19,15,19,0,53,0,0,4,0,4,19,15,23,0,57,0,0,0,57
04/10/2023,GNV,FL,ASO,ES,Federal Contract Tower,16,14,21,2,53,0,0,8,2,10,16,14,29,4,63,14,28,42,105
04/11/2023,GNV,FL,ASO,ES,Federal Contract Tower,15,14,53,5,87,0,0,60,4,64,15,14,113,9,151,98,8,106,257
04/12/2023,GNV,FL,ASO,ES,Federal Contract Tower,14,13,36,2,65,0,0,63,10,73,14,13,99,12,138,54,0,54,192
04/13/2023,GNV,FL,ASO,ES,Federal Contract Tower,22,9,36,2,69,0,0,33,2,35,22,9,69,4,104,64,2,66,170
04/14/2023,GNV,FL,ASO,ES,Federal Contract Tower,17,17,48,10,92,0,0,92,12,104,17,17,140,22,196,78,20,98,294
04/15/2023,GNV,FL,ASO,ES,Federal Contract Tower,15,13,51,11,90,0,0,143,3,146,15,13,194,14,236,102,26,128,364
04/16/2023,GNV,FL,ASO,ES,Federal Contract Tower,22,20,51,13,106,0,0,57,3,60,22,20,108,16,166,46,0,46,212
04/17/2023,GNV,FL,ASO,ES,Federal Contract Tower,15,19,38,9,81,0,0,89,3,92,15,19,127,12,173,84,26,110,283
04/18/2023,GNV,FL,ASO,ES,Federal Contract Tower,15,10,28,10,63,0,0,155,0,155,15,10,183,10,218,98,0,98,316
04/19/2023,GNV,FL,ASO,ES,Federal Contract Tower,14,26,31,4,75,0,0,151,6,157,14,26,182,10,232,88,14,102,334
04/20/2023,GNV,FL,ASO,ES,Federal Contract Tower,20,10,44,13,87,0,0,129,0,129,20,10,173,13,216,52,0,52,268
04/21/2023,GNV,FL,ASO,ES,Federal Contract Tower,18,5,46,8,77,0,0,134,10,144,18,5,180,18,221,82,6,88,309
04/22/2023,GNV,FL,ASO,ES,Federal Contract Tower,14,10,40,1,65,0,0,88,3,91,14,10,128,4,156,42,0,42,198
04/23/2023,GNV,FL,ASO,ES,Federal Contract Tower,18,9,46,5,78,0,0,80,10,90,18,9,126,15,168,40,16,56,224
04/24/2023,GNV,FL,ASO,ES,Federal Contract Tower,15,11,42,0,68,0,0,77,2,79,15,11,119,2,147,78,34,112,259
04/25/2023,GNV,FL,ASO,ES,Federal Contract Tower,14,14,19,4,51,0,0,56,2,58,14,14,75,6,109,154,0,154,263
04/26/2023,GNV,FL,ASO,ES,Federal Contract Tower,14,25,37,4,80,0,0,113,7,120,14,25,150,11,200,98,0,98,298
04/27/2023,GNV,FL,ASO,ES,Federal Contract Tower,20,4,38,8,70,0,0,37,2,39,20,4,75,10,109,24,18,42,151
04/28/2023,GNV,FL,ASO,ES,Federal Contract Tower,17,19,32,10,78,0,0,65,0,65,17,19,97,10,143,50,0,50,193
04/29/2023,GNV,FL,ASO,ES,Federal Contract Tower,13,6,19,2,40,0,0,52,0,52,13,6,71,2,92,28,0,28,120
04/30/2023,GNV,FL,ASO,ES,Federal Contract Tower,22,10,25,0,57,0,0,28,2,30,22,10,53,2,87,12,0,12,99
05/01/2023,GNV,FL,ASO,ES,Federal Contract Tower,19,15,34,2,70,0,0,92,5,97,19,15,126,7,167,32,0,32,199
05/02/2023,GNV,FL,ASO,ES,Federal Contract Tower,14,16,37,2,69,0,0,146,5,151,14,16,183,7,220,76,16,92,312
05/03/2023,GNV,FL,ASO,ES,Federal Contract Tower,14,19,23,6,62,0,0,118,0,118,14,19,141,6,180,38,4,42,222
05/04/2023,GNV,FL,ASO,ES,Federal Contract Tower,20,11,54,2,87,0,0,148,4,152,20,11,202,6,239,112,18,130,369
05/05/2023,GNV,FL,ASO,ES,Federal Contract Tower,17,12,54,41,124,0,0,123,8,131,17,12,177,49,255,12,26,38,293
05/06/2023,GNV,FL,ASO,ES,Federal Contract Tower,12,16,30,0,58,0,0,60,4,64,12,16,90,4,122,44,0,44,166
05/07/2023,GNV,FL,ASO,ES,Federal Contract Tower,16,12,51,15,94,0,0,76,9,85,16,12,127,24,179,12,2,14,193
05/08/2023,GNV,FL,ASO,ES,Federal Contract Tower,15,13,36,8,72,0,0,107,2,109,15,13,143,10,181,64,0,64,245
05/09/2023,GNV,FL,ASO,ES,Federal Contract Tower,9,14,29,0,52,0,0,113,0,113,9,14,142,0,165,74,0,74,239
05/10/2023,GNV,FL,ASO,ES,Federal Contract Tower,15,8,30,10,63,0,0,65,4,69,15,8,95,14,132,50,0,50,182
05/11/2023,GNV,FL,ASO,ES,Federal Contract Tower,20,6,37,0,63,0,0,35,0,35,20,6,72,0,98,16,14,30,128
05/12/2023,GNV,FL,ASO,ES,Federal Contract Tower,18,23,38,8,87,0,0,64,4,68,18,23,102,12,155,48,0,48,203
05/13/2023,GNV,FL,ASO,ES,Federal Contract Tower,12,9,28,0,49,0,0,49,0,49,12,9,77,0,98,50,0,50,148
05/14/2023,GNV,FL,ASO,ES,Federal Contract Tower,19,13,22,9,63,0,6,63,3,72,19,19,85,12,135,40,0,40,175
05/15/2023,GNV,FL,ASO,ES,Federal Contract Tower,16,15,27,0,58,0,0,140,0,140,16,15,167,0,198,72,0,72,270
05/16/2023,GNV,FL,ASO,ES,Federal Contract Tower,13,11,23,6,53,0,0,66,0,66,13,11,89,6,119,52,0,52,171
05/17/2023,GNV,FL,ASO,ES,Federal Contract Tower,15,18,47,7,87,0,0,87,3,90,15,18,134,10,177,62,10,72,249
05/18/2023,GNV,FL,ASO,ES,Federal Contract Tower,17,5,43,0,65,0,0,59,0,59,17,5,102,0,124,120,0,120,244
05/19/2023,GNV,FL,ASO,ES,Federal Contract Tower,15,17,36,8,76,0,0,61,4,65,15,17,97,12,141,90,0,90,231
05/20/2023,GNV,FL,ASO,ES,Federal Contract Tower,18,4,22,8,52,0,0,63,0,63,18,4,85,8,115,18,4,22,137
05/21/2023,GNV,FL,ASO,ES,Federal Contract Tower,12,18,15,5,50,0,0,59,0,59,12,18,74,5,109,64,0,64,173
05/22/2023,GNV,FL,ASO,ES,Federal Contract Tower,15,14,27,2,58,0,0,30,0,30,15,14,57,2,88,40,10,50,138
05/23/2023,GNV,FL,ASO,ES,Federal Contract Tower,12,7,17,1,37,0,0,28,0,28,12,7,45,1,65,92,0,92,157
05/24/2023,GNV,FL,ASO,ES,Federal Contract Tower,10,15,29,1,55,0,0,26,4,30,10,15,55,5,85,46,0,46,131
05/25/2023,GNV,FL,ASO,ES,Federal Contract Tower,17,9,42,5,73,0,0,88,4,92,17,9,130,9,165,66,20,86,251
05/26/2023,GNV,FL,ASO,ES,Federal Contract Tower,17,12,33,0,62,0,0,6,0,6,17,12,39,0,68,4,0,4,72
05/27/2023,GNV,FL,ASO,ES,Federal Contract Tower,9,15,39,0,63,0,3,75,0,78,9,18,114,0,141,34,0,34,175
05/28/2023,GNV,FL,ASO,ES,Federal Contract Tower,17,8,26,0,51,0,0,103,0,103,17,8,129,0,154,58,0,58,212
05/29/2023,GNV,FL,ASO,ES,Federal Contract Tower,13,14,48,0,75,0,0,112,0,112,13,14,160,0,187,70,0,70,257
05/30/2023,GNV,FL,ASO,ES,Federal Contract Tower,14,14,41,5,74,0,0,107,3,110,14,14,148,8,184,50,4,54,238
05/31/2023,GNV,FL,ASO,ES,Federal Contract Tower,16,15,40,4,75,0,0,100,3,103,16,15,140,7,178,78,28,106,284
06/01/2023,GNV,FL,ASO,ES,Federal Contract Tower,18,3,38,0,59,0,0,57,2,59,18,3,95,2,118,48,0,48,166
06/02/2023,GNV,FL,ASO,ES,Federal Contract Tower,15,22,42,23,102,0,0,85,7,92,15,22,127,30,194,50,0,50,244
06/03/2023,GNV,FL,ASO,ES,Federal Contract Tower,11,9,36,0,56,0,0,50,0,50,11,9,86,0,106,62,0,62,168
06/04/2023,GNV,FL,ASO,ES,Federal Contract Tower,19,4,21,3,47,0,0,21,2,23,19,4,42,5,70,12,0,12,82
06/05/2023,GNV,FL,ASO,ES,Federal Contract Tower,18,19,37,2,76,0,0,97,4,101,18,19,134,6,177,104,8,112,289
06/06/2023,GNV,FL,ASO,ES,Federal Contract Tower,10,15,20,8,53,0,0,149,3,152,10,15,169,11,205,74,10,84,289
06/07/2023,GNV,FL,ASO,ES,Federal Contract Tower,14,15,30,6,65,0,0,72,1,73,14,15,102,7,138,68,14,82,220
06/08/2023,GNV,FL,ASO,ES,Federal Contract Tower,27,9,42,3,81,0,0,110,6,116,27,9,152,9,197,76,40,116,313
06/09/2023,GNV,FL,ASO,ES,Federal Contract Tower,16,29,42,9,96,0,0,60,2,62,16,29,102,11,158,26,22,48,206
06/10/2023,GNV,FL,ASO,ES,Federal Contract Tower,13,15,23,2,53,0,0,65,2,67,13,15,88,4,120,68,0,68,188
06/11/2023,GNV,FL,ASO,ES,Federal Contract Tower,20,18,15,1,54,0,0,64,6,70,20,18,79,7,124,58,0,58,182
06/12/2023,GNV,FL,ASO,ES,Federal Contract Tower,18,11,38,6,73,0,0,105,1,106,18,11,143,7,179,96,8,104,283
06/13/2023,GNV,FL,ASO,ES,Federal Contract Tower,11,17,42,4,74,0,0,94,4,98,11,17,136,8,172,42,10,52,224
06/14/2023,GNV,FL,ASO,ES,Federal Contract Tower,15,18,60,20,113,0,0,70,2,72,15,18,130,22,185,110,10,120,305
06/15/2023,GNV,FL,ASO,ES,Federal Contract Tower,18,6,34,1,59,0,0,27,0,27,18,6,61,1,86,68,0,68,154
06/16/2023,GNV,FL,ASO,ES,Federal Contract Tower,16,14,23,0,53,0,0,35,0,35,16,14,58,0,88,34,0,34,122
06/17/2023,GNV,FL,ASO,ES,Federal Contract Tower,9,13,9,0,31,0,0,31,0,31,9,13,40,0,62,8,0,8,70
06/18/2023,GNV,FL,ASO,ES,Federal Contract Tower,16,12,17,0,45,0,0,44,0,44,16,12,61,0,89,8,0,8,97
06/19/2023,GNV,FL,ASO,ES,Federal Contract Tower,16,19,16,0,51,0,0,79,0,79,16,19,95,0,130,36,0,36,166
06/20/2023,GNV,FL,ASO,ES,Federal Contract Tower,13,12,25,0,50,0,0,29,0,29,13,12,54,0,79,46,0,46,125
06/21/2023,GNV,FL,ASO,ES,Federal Contract Tower,14,19,19,16,68,0,0,36,0,36,14,19,55,16,104,56,12,68,172
06/22/2023,GNV,FL,ASO,ES,Federal Contract Tower,12,15,8,0,35,0,0,19,0,19,12,15,27,0,54,74,0,74,128
06/23/2023,GNV,FL,ASO,ES,Federal Contract Tower,16,9,31,0,56,0,0,36,3,39,16,9,67,3,95,38,0,38,133
06/24/2023,GNV,FL,ASO,ES,Federal Contract Tower,15,8,18,0,41,0,0,118,2,120,15,8,136,2,161,42,0,42,203
06/25/2023,GNV,FL,ASO,ES,Federal Contract Tower,17,16,20,0,53,0,0,111,4,115,17,16,131,4,168,66,0,66,234
06/26/2023,GNV,FL,ASO,ES,Federal Contract Tower,15,17,48,3,83,0,0,120,5,125,15,17,168,8,208,72,0,72,280
06/27/2023,GNV,FL,ASO,ES,Federal Contract Tower,13,20,30,2,65,0,0,88,6,94,13,20,118,8,159,50,0,50,209
06/28/2023,GNV,FL,ASO,ES,Federal Contract Tower,11,21,39,1,72,0,0,85,4,89,11,21,124,5,161,26,0,26,187
06/29/2023,GNV,FL,ASO,ES,Federal Contract Tower,12,15,47,0,74,0,0,112,2,114,12,15,159,2,188,46,0,46,234
06/30/2023,GNV,FL,ASO,ES,Federal Contract Tower,15,16,27,0,58,0,0,104,0,104,15,16,131,0,162,52,0,52,214
07/01/2023,GNV,FL,ASO,ES,Federal Contract Tower,15,10,20,7,52,0,0,74,1,75,15,10,94,8,127,50,0,50,177
07/02/2023,GNV,FL,ASO,ES,Federal Contract Tower,15,13,18,0,46,0,2,86,0,88,15,15,104,0,134,18,0,18,152
07/03/2023,GNV,FL,ASO,ES,Federal Contract Tower,15,11,27,0,53,0,0,66,0,66,15,11,93,0,119,58,0,58,177
07/04/2023,GNV,FL,ASO,ES,Federal Contract Tower,10,11,14,0,35,0,0,61,0,61,10,11,75,0,96,44,0,44,140
07/05/2023,GNV,FL,ASO,ES,Federal Contract Tower,12,19,20,17,68,0,0,61,0,61,12,19,81,17,129,16,0,16,145
07/06/2023,GNV,FL,ASO,ES,Federal Contract Tower,19,13,22,11,65,0,0,83,9,92,19,13,105,20,157,50,6,56,213
07/07/2023,GNV,FL,ASO,ES,Federal Contract Tower,14,19,31,36,100,0,0,65,15,80,14,19,96,51,180,18,0,18,198
07/08/2023,GNV,FL,ASO,ES,Federal Contract Tower,11,20,30,0,61,0,0,50,0,50,11,20,80,0,111,18,0,18,129
07/09/2023,GNV,FL,ASO,ES,Federal Contract Tower,17,7,20,21,65,0,0,49,6,55,17,7,69,27,120,28,0,28,148
07/10/2023,GNV,FL,ASO,ES,Federal Contract Tower,15,8,29,0,52,0,0,29,0,29,15,8,58,0,81,34,0,34,115
07/11/2023,GNV,FL,ASO,ES,Federal Contract Tower,11,15,55,0,81,0,0,38,0,38,11,15,93,0,119,66,0,66,185
07/12/2023,GNV,FL,ASO,ES,Federal Contract Tower,10,21,29,3,63,0,0,86,8,94,10,21,115,11,157,64,12,76,233
07/13/2023,GNV,FL,ASO,ES,Federal Contract Tower,16,9,56,8,89,0,0,95,5,100,16,9,151,13,189,56,12,68,257
07/14/2023,GNV,FL,ASO,ES,Federal Contract Tower,14,5,48,4,71,0,0,81,0,81,14,5,129,4,152,44,0,44,196
07/15/2023,GNV,FL,ASO,ES,Federal Contract Tower,10,10,28,0,48,0,0,57,0,57,10,10,85,0,105,26,0,26,131
07/16/2023,GNV,FL,ASO,ES,Federal Contract Tower,19,9,27,0,55,0,0,12,0,12,19,9,39,0,67,10,0,10,77
07/17/2023,GNV,FL,ASO,ES,Federal Contract Tower,10,28,27,0,65,0,0,48,1,49,10,28,75,1,114,24,2,26,140
07/18/2023,GNV,FL,ASO,ES,Federal Contract Tower,16,4,28,6,54,0,0,95,6,101,16,4,123,12,155,70,24,94,249
07/19/2023,GNV,FL,ASO,ES,Federal Contract Tower,16,18,32,5,71,0,0,96,4,100,16,18,128,9,171,6,28,34,205
07/20/2023,GNV,FL,ASO,ES,Federal Contract Tower,13,12,38,3,66,0,0,90,5,95,13,12,128,8,161,30,2,32,193
07/21/2023,GNV,FL,ASO,ES,Federal Contract Tower,16,7,59,16,98,0,0,129,0,129,16,7,188,16,227,16,6,22,249
07/22/2023,GNV,FL,ASO,ES,Federal Contract Tower,15,9,15,0,39,0,0,83,0,83,15,9,98,0,122,52,0,52,174
07/23/2023,GNV,FL,ASO,ES,Federal Contract Tower,17,10,16,0,43,0,0,9,4,13,17,10,25,4,56,0,0,0,56
07/24/2023,GNV,FL,ASO,ES,Federal Contract Tower,16,11,19,2,48,0,0,43,0,43,16,11,62,2,91,34,0,34,125
07/25/2023,GNV,FL,ASO,ES,Federal Contract Tower,13,15,30,0,58,0,0,48,0,48,13,15,78,0,106,102,0,102,208
07/26/2023,GNV,FL,ASO,ES,Federal Contract Tower,13,15,36,6,70,0,0,105,6,111,13,15,141,12,181,54,0,54,235
07/27/2023,GNV,FL,ASO,ES,Federal Contract Tower,17,9,35,3,64,0,0,61,2,63,17,9,96,5,127,42,2,44,171
07/28/2023,GNV,FL,ASO,ES,Federal Contract Tower,15,11,32,0,58,0,0,78,0,78,15,11,110,0,136,48,0,48,184
07/29/2023,GNV,FL,ASO,ES,Federal Contract Tower,14,7,38,0,59,0,0,80,2,82,14,7,118,2,141,56,1,57,198
07/30/2023,GNV,FL,ASO,ES,Federal Contract Tower,17,6,23,2,48,0,0,67,8,75,17,6,90,10,123,9,0,9,132
07/31/2023,GNV,FL,ASO,ES,Federal Contract Tower,16,14,17,0,47,0,0,65,2,67,16,14,82,2,114,44,0,44,158
08/01/2023,GNV,FL,ASO,ES,Federal Contract Tower,11,7,14,7,39,0,0,54,6,60,11,7,68,13,99,14,20,34,133
08/02/2023,GNV,FL,ASO,ES,Federal Contract Tower,11,13,26,2,52,0,0,78,17,95,11,13,104,19,147,82,0,82,229
08/03/2023,GNV,FL,ASO,ES,Federal Contract Tower,18,11,35,15,79,0,0,109,6,115,18,11,144,21,194,42,12,54,248
08/04/2023,GNV,FL,ASO,ES,Federal Contract Tower,12,12,18,4,46,0,0,81,0,81,12,12,99,4,127,50,0,50,177
08/05/2023,GNV,FL,ASO,ES,Federal Contract Tower,16,4,14,0,34,0,0,49,0,49,16,4,63,0,83,18,0,18,101
08/06/2023,GNV,FL,ASO,ES,Federal Contract Tower,18,3,37,0,58,0,0,70,4,74,18,3,107,4,132,38,0,38,170
08/07/2023,GNV,FL,ASO,ES,Federal Contract Tower,12,7,16,0,35,0,0,126,0,126,12,7,142,0,161,42,0,42,203
08/08/2023,GNV,FL,ASO,ES,Federal Contract Tower,14,8,52,4,78,0,0,79,10,89,14,8,131,14,167,34,0,34,201
08/09/2023,GNV,FL,ASO,ES,Federal Contract Tower,15,17,40,4,76,0,0,107,6,113,15,17,147,10,189,44,12,56,245
08/10/2023,GNV,FL,ASO,ES,Federal Contract Tower,15,13,51,4,83,0,0,107,2,109,15,13,158,6,192,62,0,62,254
08/11/2023,GNV,FL,ASO,ES,Federal Contract Tower,18,8,45,0,71,0,0,127,8,135,18,8,172,8,206,78,12,90,296
08/12/2023,GNV,FL,ASO,ES,Federal Contract Tower,12,14,27,0,53,0,0,70,0,70,12,14,97,0,123,22,0,22,145
08/13/2023,GNV,FL,ASO,ES,Federal Contract Tower,19,5,32,1,57,0,0,81,1,82,19,5,113,2,139,22,0,22,161
08/14/2023,GNV,FL,ASO,ES,Federal Contract Tower,19,5,29,8,61,0,0,89,2,91,19,5,118,10,152,56,10,66,218
08/15/2023,GNV,FL,ASO,ES,Federal Contract Tower,15,9,21,4,49,0,0,56,2,58,15,9,77,6,107,42,0,42,149
08/16/2023,GNV,FL,ASO,ES,Federal Contract Tower,14,16,32,16,78,0,0,36,11,47,14,16,68,27,125,32,14,46,171
08/17/2023,GNV,FL,ASO,ES,Federal Contract Tower,18,9,36,0,63,0,0,46,0,46,18,9,82,0,109,34,0,34,143
08/18/2023,GNV,FL,ASO,ES,Federal Contract Tower,18,23,44,6,91,0,0,73,4,77,18,23,117,10,168,10,0,10,178
08/19/2023,GNV,FL,ASO,ES,Federal Contract Tower,15,4,29,2,50,0,0,102,0,102,15,4,131,2,152,18,0,18,170
08/20/2023,GNV,FL,ASO,ES,Federal Contract Tower,16,6,27,0,49,0,0,33,0,33,16,6,60,0,82,4,0,4,86
08/21/2023,GNV,FL,ASO,ES,Federal Contract Tower,15,14,52,0,81,0,0,114,0,114,15,14,166,0,195,32,0,32,227
08/22/2023,GNV,FL,ASO,ES,Federal Contract Tower,15,9,29,2,55,0,0,118,4,122,15,9,147,6,177,50,0,50,227
08/23/2023,GNV,FL,ASO,ES,Federal Contract Tower,14,12,34,2,62,0,0,118,11,129,14,12,152,13,191,34,28,62,253
08/24/2023,GNV,FL,ASO,ES,Federal Contract Tower,18,9,49,2,78,0,0,123,2,125,18,9,172,4,203,76,4,80,283
08/25/2023,GNV,FL,ASO,ES,Federal Contract Tower,14,8,39,31,92,0,0,146,19,165,14,8,185,50,257,48,4,52,309
08/26/2023,GNV,FL,ASO,ES,Federal Contract Tower,18,11,22,2,53,0,0,95,0,95,18,11,117,2,148,38,0,38,186
08/27/2023,GNV,FL,ASO,ES,Federal Contract Tower,17,9,22,2,50,0,0,78,6,84,17,9,100,8,134,2,0,2,136
08/28/2023,GNV,FL,ASO,ES,Federal Contract Tower,17,8,20,0,45,0,0,56,3,59,17,8,76,3,104,28,0,28,132
08/29/2023,GNV,FL,ASO,ES,Federal Contract Tower,16,6,21,2,45,0,0,33,0,33,16,6,54,2,78,20,0,20,98
08/30/2023,GNV,FL,ASO,ES,Federal Contract Tower,0,0,0,0,0,0,0,0,0,0,0,0,0,0,0,0,0,0,0
08/31/2023,GNV,FL,ASO,ES,Federal Contract Tower,17,15,28,2,62,0,0,90,0,90,17,15,118,2,152,40,0,40,192
01/01/2020,GNV,FL,ASO,ES,Federal Contract Tower,16,9,10,0,35,0,2,70,0,72,16,11,80,0,107,28,0,28,135
01/02/2020,GNV,FL,ASO,ES,Federal Contract Tower,15,10,35,14,74,0,0,100,0,100,15,10,135,14,174,36,0,36,210
01/03/2020,GNV,FL,ASO,ES,Federal Contract Tower,17,18,53,5,93,0,0,47,3,50,17,18,100,8,143,14,0,14,157
01/04/2020,GNV,FL,ASO,ES,Federal Contract Tower,17,19,31,0,67,0,0,15,0,15,17,19,46,0,82,6,0,6,88
01/05/2020,GNV,FL,ASO,ES,Federal Contract Tower,17,14,55,6,92,0,0,87,5,92,17,14,142,11,184,14,0,14,198
01/06/2020,GNV,FL,ASO,ES,Federal Contract Tower,17,17,60,14,108,0,0,112,2,114,17,17,172,16,222,54,10,64,286
01/07/2020,GNV,FL,ASO,ES,Federal Contract Tower,11,26,60,0,97,0,0,116,0,116,11,26,176,0,213,26,0,26,239
01/08/2020,GNV,FL,ASO,ES,Federal Contract Tower,13,23,51,8,95,0,3,132,0,135,13,26,183,8,230,56,0,56,286
01/09/2020,GNV,FL,ASO,ES,Federal Contract Tower,21,18,30,13,82,0,4,79,1,84,21,22,109,14,166,40,33,73,239
01/10/2020,GNV,FL,ASO,ES,Federal Contract Tower,15,21,45,48,129,0,0,94,34,128,15,21,139,82,257,16,0,16,273
01/11/2020,GNV,FL,ASO,ES,Federal Contract Tower,5,11,19,8,43,0,0,33,4,37,5,11,52,12,80,6,8,14,94
01/12/2020,GNV,FL,ASO,ES,Federal Contract Tower,12,29,54,65,160,0,0,71,21,92,12,29,125,86,252,16,8,24,276
01/14/2020,GNV,FL,ASO,ES,Federal Contract Tower,10,27,55,30,122,0,0,68,0,68,10,27,123,30,190,44,0,44,234
01/15/2020,GNV,FL,ASO,ES,Federal Contract Tower,12,31,41,17,101,0,0,112,6,118,12,31,153,23,219,54,36,90,309
01/16/2020,GNV,FL,ASO,ES,Federal Contract Tower,18,22,50,10,100,0,1,29,0,30,18,23,79,10,130,58,0,58,188
01/17/2020,GNV,FL,ASO,ES,Federal Contract Tower,12,24,44,32,112,0,0,75,13,88,12,24,119,45,200,38,0,38,238
01/18/2020,GNV,FL,ASO,ES,Federal Contract Tower,10,11,44,3,68,0,0,100,3,103,10,11,144,6,171,46,12,58,229
01/19/2020,GNV,FL,ASO,ES,Federal Contract Tower,11,14,19,12,56,0,0,15,10,25,11,14,34,22,81,0,0,0,81
01/20/2020,GNV,FL,ASO,ES,Federal Contract Tower,19,31,47,5,102,0,0,119,0,119,19,31,166,5,221,52,4,56,277
01/21/2020,GNV,FL,ASO,ES,Federal Contract Tower,9,31,32,4,76,0,2,49,0,51,9,33,81,4,127,18,0,18,145
01/22/2020,GNV,FL,ASO,ES,Federal Contract Tower,17,20,50,2,89,0,0,45,0,45,17,20,95,2,134,14,0,14,148
01/23/2020,GNV,FL,ASO,ES,Federal Contract Tower,13,26,56,6,101,0,3,30,6,39,13,29,86,12,140,128,0,128,268
01/24/2020,GNV,FL,ASO,ES,Federal Contract Tower,12,30,48,18,108,0,0,43,33,76,12,30,91,51,184,34,8,42,226
01/25/2020,GNV,FL,ASO,ES,Federal Contract Tower,10,17,70,5,102,0,1,192,0,193,10,18,262,5,295,54,0,54,349
01/26/2020,GNV,FL,ASO,ES,Federal Contract Tower,13,23,58,10,104,0,0,143,35,178,13,23,201,45,282,56,0,56,338
01/27/2020,GNV,FL,ASO,ES,Federal Contract Tower,16,21,45,0,82,0,0,132,0,132,16,21,177,0,214,70,0,70,284
01/28/2020,GNV,FL,ASO,ES,Federal Contract Tower,9,28,55,13,105,0,1,135,5,141,9,29,190,18,246,84,18,102,348
01/29/2020,GNV,FL,ASO,ES,Federal Contract Tower,15,29,73,0,117,0,0,75,3,78,15,29,148,3,195,40,6,46,241
01/30/2020,GNV,FL,ASO,ES,Federal Contract Tower,15,29,50,4,98,0,0,22,2,24,15,29,72,6,122,48,0,48,170
01/31/2020,GNV,FL,ASO,ES,Federal Contract Tower,14,32,46,0,92,0,0,49,2,51,14,32,95,2,143,42,0,42,185
02/01/2020,GNV,FL,ASO,ES,Federal Contract Tower,12,14,48,4,78,0,0,30,0,30,12,14,78,4,108,10,0,10,118
02/02/2020,GNV,FL,ASO,ES,Federal Contract Tower,10,13,48,0,71,0,0,122,0,122,10,13,170,0,193,18,0,18,211
02/03/2020,GNV,FL,ASO,ES,Federal Contract Tower,21,18,35,0,74,0,0,144,0,144,21,18,179,0,218,100,6,106,324
02/04/2020,GNV,FL,ASO,ES,Federal Contract Tower,10,24,43,15,92,0,0,88,3,91,10,24,131,18,183,120,8,128,311
02/05/2020,GNV,FL,ASO,ES,Federal Contract Tower,11,30,41,16,98,0,4,97,5,106,11,34,138,21,204,26,12,38,242
02/06/2020,GNV,FL,ASO,ES,Federal Contract Tower,6,18,6,7,37,0,2,16,5,23,6,20,22,12,60,0,18,18,78
02/07/2020,GNV,FL,ASO,ES,Federal Contract Tower,9,28,29,43,109,0,0,78,5,83,9,28,107,48,192,42,0,42,234
02/08/2020,GNV,FL,ASO,ES,Federal Contract Tower,10,12,45,3,70,0,0,123,1,124,10,12,168,4,194,18,6,24,218
02/09/2020,GNV,FL,ASO,ES,Federal Contract Tower,12,21,39,2,74,0,0,81,2,83,12,21,120,4,157,22,0,22,179
02/10/2020,GNV,FL,ASO,ES,Federal Contract Tower,13,24,41,2,80,0,0,82,0,82,13,24,123,2,162,26,0,26,188
02/11/2020,GNV,FL,ASO,ES,Federal Contract Tower,9,25,51,13,98,0,1,67,4,72,9,26,118,17,170,60,24,84,254
02/12/2020,GNV,FL,ASO,ES,Federal Contract Tower,13,23,46,4,86,0,2,31,9,42,13,25,77,13,128,8,0,8,136
02/13/2020,GNV,FL,ASO,ES,Federal Contract Tower,13,27,33,8,81,0,2,16,10,28,13,29,49,18,109,22,14,36,145
02/14/2020,GNV,FL,ASO,ES,Federal Contract Tower,11,23,46,6,86,0,0,21,0,21,11,23,67,6,107,14,0,14,121
02/15/2020,GNV,FL,ASO,ES,Federal Contract Tower,11,14,32,1,58,0,0,98,0,98,11,14,130,1,156,54,0,54,210
02/16/2020,GNV,FL,ASO,ES,Federal Contract Tower,17,21,33,0,71,0,0,38,0,38,17,21,71,0,109,14,0,14,123
02/17/2020,GNV,FL,ASO,ES,Federal Contract Tower,16,19,31,0,66,0,0,12,0,12,16,19,43,0,78,18,0,18,96
02/18/2020,GNV,FL,ASO,ES,Federal Contract Tower,13,31,50,8,102,0,2,69,1,72,13,33,119,9,174,38,8,46,220
02/19/2020,GNV,FL,ASO,ES,Federal Contract Tower,11,27,78,55,171,0,0,62,20,82,11,27,140,75,253,34,32,66,319
02/20/2020,GNV,FL,ASO,ES,Federal Contract Tower,10,24,65,10,109,0,0,10,3,13,10,24,75,13,122,32,8,40,162
02/21/2020,GNV,FL,ASO,ES,Federal Contract Tower,13,28,31,19,91,0,0,26,9,35,13,28,57,28,126,24,0,24,150
02/22/2020,GNV,FL,ASO,ES,Federal Contract Tower,12,13,47,0,72,0,0,103,0,103,12,13,150,0,175,32,0,32,207
02/23/2020,GNV,FL,ASO,ES,Federal Contract Tower,10,21,29,0,60,0,0,158,13,171,10,21,187,13,231,60,0,60,291
02/24/2020,GNV,FL,ASO,ES,Federal Contract Tower,13,22,54,13,102,0,0,130,2,132,13,22,184,15,234,80,6,86,320
02/25/2020,GNV,FL,ASO,ES,Federal Contract Tower,16,28,17,0,61,0,0,5,0,5,16,28,22,0,66,0,0,0,66
02/27/2020,GNV,FL,ASO,ES,Federal Contract Tower,13,33,57,24,127,0,4,113,0,117,13,37,170,24,244,146,0,146,390
02/28/2020,GNV,FL,ASO,ES,Federal Contract Tower,13,22,55,4,94,0,0,162,6,168,13,22,217,10,262,110,2,112,374
02/29/2020,GNV,FL,ASO,ES,Federal Contract Tower,15,17,33,0,65,0,0,58,0,58,15,17,91,0,123,22,0,22,145
03/01/2020,GNV,FL,ASO,ES,Federal Contract Tower,11,20,26,0,57,0,0,135,0,135,11,20,161,0,192,26,0,26,218
03/02/2020,GNV,FL,ASO,ES,Federal Contract Tower,13,17,50,9,89,0,0,72,1,73,13,17,122,10,162,70,0,70,232
03/03/2020,GNV,FL,ASO,ES,Federal Contract Tower,15,22,41,14,92,0,2,92,4,98,15,24,133,18,190,48,0,48,238
03/04/2020,GNV,FL,ASO,ES,Federal Contract Tower,18,29,57,7,111,0,6,45,11,62,18,35,102,18,173,52,14,66,239
03/05/2020,GNV,FL,ASO,ES,Federal Contract Tower,19,21,31,6,77,0,0,10,2,12,19,21,41,8,89,3,4,7,96
03/06/2020,GNV,FL,ASO,ES,Federal Contract Tower,17,24,49,15,105,0,2,94,4,100,17,26,143,19,205,56,0,56,261
03/07/2020,GNV,FL,ASO,ES,Federal Contract Tower,13,28,42,0,83,0,0,113,0,113,13,28,155,0,196,26,0,26,222
03/08/2020,GNV,FL,ASO,ES,Federal Contract Tower,11,18,31,0,60,0,0,72,0,72,11,18,103,0,132,34,0,34,166
03/09/2020,GNV,FL,ASO,ES,Federal Contract Tower,18,19,40,7,84,0,0,102,10,112,18,19,142,17,196,72,10,82,278
03/10/2020,GNV,FL,ASO,ES,Federal Contract Tower,11,25,37,20,93,0,3,159,10,172,11,28,196,30,265,112,0,112,377
03/11/2020,GNV,FL,ASO,ES,Federal Contract Tower,20,30,78,12,140,0,0,148,0,148,20,30,226,12,288,56,0,56,344
03/13/2020,GNV,FL,ASO,ES,Federal Contract Tower,19,20,42,51,132,0,0,115,5,120,19,20,157,56,252,116,0,116,368
03/14/2020,GNV,FL,ASO,ES,Federal Contract Tower,12,16,38,0,66,0,0,128,4,132,12,16,166,4,198,46,0,46,244
03/15/2020,GNV,FL,ASO,ES,Federal Contract Tower,16,15,40,11,82,0,0,97,4,101,16,15,137,15,183,42,0,42,225
03/16/2020,GNV,FL,ASO,ES,Federal Contract Tower,21,31,20,0,72,0,0,72,0,72,21,31,92,0,144,116,0,116,260
03/17/2020,GNV,FL,ASO,ES,Federal Contract Tower,13,21,33,12,79,0,3,93,0,96,13,24,126,12,175,50,0,50,225
03/19/2020,GNV,FL,ASO,ES,Federal Contract Tower,15,19,22,10,66,0,0,132,3,135,15,19,154,13,201,92,28,120,321
03/20/2020,GNV,FL,ASO,ES,Federal Contract Tower,13,4,35,0,52,0,1,92,0,93,13,5,127,0,145,82,0,82,227
03/21/2020,GNV,FL,ASO,ES,Federal Contract Tower,11,11,29,0,51,0,0,100,1,101,11,11,129,1,152,68,0,68,220
03/22/2020,GNV,FL,ASO,ES,Federal Contract Tower,12,13,29,0,54,0,0,45,1,46,12,13,74,1,100,14,0,14,114
03/23/2020,GNV,FL,ASO,ES,Federal Contract Tower,10,18,39,2,69,0,0,58,1,59,10,18,97,3,128,70,10,80,208
03/24/2020,GNV,FL,ASO,ES,Federal Contract Tower,10,15,23,8,56,0,2,70,0,72,10,17,93,8,128,46,0,46,174
03/25/2020,GNV,FL,ASO,ES,Federal Contract Tower,7,9,46,15,77,0,0,46,7,53,7,9,92,22,130,20,14,34,164
03/26/2020,GNV,FL,ASO,ES,Federal Contract Tower,18,5,37,6,66,0,2,66,0,68,18,7,103,6,134,42,0,42,176
03/27/2020,GNV,FL,ASO,ES,Federal Contract Tower,5,12,42,10,69,0,0,92,0,92,5,12,134,10,161,72,0,72,233
03/28/2020,GNV,FL,ASO,ES,Federal Contract Tower,9,9,19,0,37,0,0,94,0,94,9,9,113,0,131,36,0,36,167
03/29/2020,GNV,FL,ASO,ES,Federal Contract Tower,8,10,23,0,41,0,0,77,2,79,8,10,100,2,120,56,0,56,176
03/30/2020,GNV,FL,ASO,ES,Federal Contract Tower,8,7,15,2,32,0,0,78,0,78,8,7,93,2,110,90,8,98,208
03/31/2020,GNV,FL,ASO,ES,Federal Contract Tower,5,8,16,4,33,0,0,33,4,37,5,8,49,8,70,30,0,30,100
04/01/2020,GNV,FL,ASO,ES,Federal Contract Tower,5,7,40,0,52,0,0,75,0,75,5,7,115,0,127,68,0,68,195
04/02/2020,GNV,FL,ASO,ES,Federal Contract Tower,7,5,20,4,36,0,0,104,0,104,7,5,124,4,140,46,0,46,186
04/03/2020,GNV,FL,ASO,ES,Federal Contract Tower,6,5,29,2,42,0,0,98,0,98,6,5,127,2,140,68,0,68,208
04/04/2020,GNV,FL,ASO,ES,Federal Contract Tower,9,8,15,0,32,0,0,54,0,54,9,8,69,0,86,44,0,44,130
04/05/2020,GNV,FL,ASO,ES,Federal Contract Tower,7,9,7,0,23,0,0,11,0,11,7,9,18,0,34,10,0,10,44
04/06/2020,GNV,FL,ASO,ES,Federal Contract Tower,9,4,35,0,48,0,0,70,0,70,9,4,105,0,118,80,0,80,198
04/07/2020,GNV,FL,ASO,ES,Federal Contract Tower,8,2,27,5,42,0,0,76,1,77,8,2,103,6,119,68,2,70,189
04/08/2020,GNV,FL,ASO,ES,Federal Contract Tower,8,7,36,6,57,0,1,40,5,46,8,8,76,11,103,58,46,104,207
04/09/2020,GNV,FL,ASO,ES,Federal Contract Tower,7,4,29,10,50,0,0,54,2,56,7,4,83,12,106,100,0,100,206
04/10/2020,GNV,FL,ASO,ES,Federal Contract Tower,7,8,15,4,34,0,0,53,0,53,7,8,68,4,87,44,0,44,131
04/11/2020,GNV,FL,ASO,ES,Federal Contract Tower,8,9,24,0,41,0,0,114,0,114,8,9,138,0,155,38,0,38,193
04/12/2020,GNV,FL,ASO,ES,Federal Contract Tower,9,5,6,2,22,0,0,20,0,20,9,5,26,2,42,10,0,10,52
04/13/2020,GNV,FL,ASO,ES,Federal Contract Tower,7,6,5,12,30,0,0,4,0,4,7,6,9,12,34,0,0,0,34
04/14/2020,GNV,FL,ASO,ES,Federal Contract Tower,5,11,3,0,19,0,0,4,0,4,5,11,7,0,23,0,0,0,23
04/15/2020,GNV,FL,ASO,ES,Federal Contract Tower,5,9,9,0,23,0,0,0,0,0,5,9,9,0,23,0,0,0,23
04/16/2020,GNV,FL,ASO,ES,Federal Contract Tower,6,9,14,0,29,0,2,52,0,54,6,11,66,0,83,56,0,56,139
04/17/2020,GNV,FL,ASO,ES,Federal Contract Tower,7,11,20,0,38,0,0,65,2,67,7,11,85,2,105,48,0,48,153
04/18/2020,GNV,FL,ASO,ES,Federal Contract Tower,6,6,9,0,21,0,0,1,0,1,6,6,10,0,22,0,0,0,22
04/19/2020,GNV,FL,ASO,ES,Federal Contract Tower,8,1,16,0,25,0,0,40,0,40,8,1,56,0,65,18,0,18,83
04/20/2020,GNV,FL,ASO,ES,Federal Contract Tower,6,9,11,0,26,0,0,36,0,36,6,9,47,0,62,2,0,2,64
04/21/2020,GNV,FL,ASO,ES,Federal Contract Tower,6,9,25,0,40,0,0,112,0,112,6,9,137,0,152,56,0,56,208
04/22/2020,GNV,FL,ASO,ES,Federal Contract Tower,6,5,18,0,29,0,0,101,0,101,6,5,119,0,130,70,0,70,200
04/23/2020,GNV,FL,ASO,ES,Federal Contract Tower,5,8,13,2,28,0,0,39,0,39,5,8,52,2,67,10,4,14,81
04/24/2020,GNV,FL,ASO,ES,Federal Contract Tower,8,7,14,0,29,0,0,6,0,6,8,7,20,0,35,0,0,0,35
04/25/2020,GNV,FL,ASO,ES,Federal Contract Tower,5,4,51,2,62,0,0,53,0,53,5,4,104,2,115,34,0,34,149
04/26/2020,GNV,FL,ASO,ES,Federal Contract Tower,6,4,18,4,32,0,0,61,0,61,6,4,79,4,93,28,0,28,121
04/27/2020,GNV,FL,ASO,ES,Federal Contract Tower,8,3,13,0,24,0,0,93,0,93,8,3,106,0,117,32,0,32,149
04/28/2020,GNV,FL,ASO,ES,Federal Contract Tower,7,9,25,11,52,0,0,96,2,98,7,9,121,13,150,102,32,134,284
04/29/2020,GNV,FL,ASO,ES,Federal Contract Tower,6,5,15,6,32,0,0,46,0,46,6,5,61,6,78,22,0,22,100
04/30/2020,GNV,FL,ASO,ES,Federal Contract Tower,6,5,26,0,37,0,0,62,2,64,6,5,88,2,101,44,14,58,159
05/01/2020,GNV,FL,ASO,ES,Federal Contract Tower,7,12,32,0,51,0,0,104,0,104,7,12,136,0,155,36,0,36,191
05/02/2020,GNV,FL,ASO,ES,Federal Contract Tower,7,8,12,0,27,0,0,103,0,103,7,8,115,0,130,76,0,76,206
05/03/2020,GNV,FL,ASO,ES,Federal Contract Tower,8,5,26,0,39,0,0,107,0,107,8,5,133,0,146,74,0,74,220
05/04/2020,GNV,FL,ASO,ES,Federal Contract Tower,12,3,36,0,51,0,0,80,0,80,12,3,116,0,131,36,0,36,167
05/05/2020,GNV,FL,ASO,ES,Federal Contract Tower,5,8,25,4,42,0,0,56,0,56,5,8,81,4,98,42,0,42,140
05/06/2020,GNV,FL,ASO,ES,Federal Contract Tower,5,11,43,8,67,0,3,76,0,79,5,14,119,8,146,48,0,48,194
05/07/2020,GNV,FL,ASO,ES,Federal Contract Tower,7,6,23,0,36,0,0,58,0,58,7,6,81,0,94,34,8,42,136
05/08/2020,GNV,FL,ASO,ES,Federal Contract Tower,8,6,36,9,59,0,0,94,2,96,8,6,130,11,155,30,18,48,203
05/09/2020,GNV,FL,ASO,ES,Federal Contract Tower,10,1,16,0,27,0,0,69,0,69,10,1,85,0,96,30,0,30,126
05/10/2020,GNV,FL,ASO,ES,Federal Contract Tower,9,3,12,0,24,0,0,27,0,27,9,3,39,0,51,64,0,64,115
05/11/2020,GNV,FL,ASO,ES,Federal Contract Tower,9,8,33,4,54,0,0,87,0,87,9,8,120,4,141,48,0,48,189
05/12/2020,GNV,FL,ASO,ES,Federal Contract Tower,9,5,24,0,38,0,0,86,4,90,9,5,110,4,128,109,0,109,237
05/13/2020,GNV,FL,ASO,ES,Federal Contract Tower,7,12,31,4,54,0,0,76,0,76,7,12,107,4,130,44,0,44,174
05/14/2020,GNV,FL,ASO,ES,Federal Contract Tower,9,8,20,0,37,0,4,53,0,57,9,12,73,0,94,54,0,54,148
05/15/2020,GNV,FL,ASO,ES,Federal Contract Tower,9,6,31,2,48,0,3,84,0,87,9,9,115,2,135,38,0,38,173
05/16/2020,GNV,FL,ASO,ES,Federal Contract Tower,7,9,18,0,34,0,0,38,0,38,7,9,56,0,72,0,0,0,72
05/17/2020,GNV,FL,ASO,ES,Federal Contract Tower,9,3,37,0,49,0,0,46,0,46,9,3,83,0,95,54,0,54,149
05/18/2020,GNV,FL,ASO,ES,Federal Contract Tower,10,6,16,0,32,0,0,43,0,43,10,6,59,0,75,72,0,72,147
05/19/2020,GNV,FL,ASO,ES,Federal Contract Tower,8,10,19,7,44,0,2,67,1,70,8,12,86,8,114,28,0,28,142
05/20/2020,GNV,FL,ASO,ES,Federal Contract Tower,10,5,35,4,54,0,0,92,2,94,10,5,127,6,148,50,0,50,198
05/21/2020,GNV,FL,ASO,ES,Federal Contract Tower,10,11,34,14,69,0,2,58,4,64,10,13,92,18,133,22,22,44,177
05/22/2020,GNV,FL,ASO,ES,Federal Contract Tower,10,2,33,2,47,0,0,132,0,132,10,2,165,2,179,42,0,42,221
05/23/2020,GNV,FL,ASO,ES,Federal Contract Tower,11,2,25,0,38,0,2,88,0,90,11,4,113,0,128,26,0,26,154
05/24/2020,GNV,FL,ASO,ES,Federal Contract Tower,9,5,13,0,27,0,0,76,0,76,9,5,89,0,103,84,0,84,187
05/25/2020,GNV,FL,ASO,ES,Federal Contract Tower,10,4,7,0,21,0,0,22,0,22,10,4,29,0,43,32,0,32,75
05/26/2020,GNV,FL,ASO,ES,Federal Contract Tower,16,14,19,0,49,0,0,15,0,15,16,14,34,0,64,26,0,26,90
05/27/2020,GNV,FL,ASO,ES,Federal Contract Tower,10,11,40,0,61,0,0,41,0,41,10,11,81,0,102,30,0,30,132
05/28/2020,GNV,FL,ASO,ES,Federal Contract Tower,10,7,48,4,69,0,0,25,0,25,10,7,73,4,94,54,0,54,148
05/29/2020,GNV,FL,ASO,ES,Federal Contract Tower,9,7,31,5,52,0,0,51,2,53,9,7,82,7,105,42,4,46,151
05/30/2020,GNV,FL,ASO,ES,Federal Contract Tower,11,7,29,0,47,0,0,48,0,48,11,7,77,0,95,48,0,48,143
05/31/2020,GNV,FL,ASO,ES,Federal Contract Tower,10,2,24,0,36,0,0,86,0,86,10,2,110,0,122,52,0,52,174
06/01/2020,GNV,FL,ASO,ES,Federal Contract Tower,10,11,26,1,48,0,0,57,1,58,10,11,83,2,106,18,8,26,132
06/02/2020,GNV,FL,ASO,ES,Federal Contract Tower,10,6,27,1,44,0,0,72,4,76,10,6,99,5,120,22,4,26,146
06/03/2020,GNV,FL,ASO,ES,Federal Contract Tower,10,4,47,0,61,0,0,68,2,70,10,4,115,2,131,88,0,88,219
06/04/2020,GNV,FL,ASO,ES,Federal Contract Tower,10,7,47,0,64,0,0,14,2,16,10,7,61,2,80,20,0,20,100
06/05/2020,GNV,FL,ASO,ES,Federal Contract Tower,10,9,35,0,54,0,4,47,2,53,10,13,82,2,107,54,0,54,161
06/06/2020,GNV,FL,ASO,ES,Federal Contract Tower,12,4,15,0,31,0,0,15,0,15,12,4,30,0,46,16,0,16,62
06/07/2020,GNV,FL,ASO,ES,Federal Contract Tower,11,3,17,0,31,0,0,0,0,0,11,3,17,0,31,0,0,0,31
06/08/2020,GNV,FL,ASO,ES,Federal Contract Tower,10,10,25,0,45,0,0,30,0,30,10,10,55,0,75,22,0,22,97
06/09/2020,GNV,FL,ASO,ES,Federal Contract Tower,10,2,21,0,33,0,2,10,0,12,10,4,31,0,45,14,0,14,59
06/11/2020,GNV,FL,ASO,ES,Federal Contract Tower,9,14,36,2,61,0,0,65,0,65,9,14,101,2,126,76,0,76,202
06/12/2020,GNV,FL,ASO,ES,Federal Contract Tower,11,5,35,0,51,0,0,111,0,111,11,5,146,0,162,38,0,38,200
06/13/2020,GNV,FL,ASO,ES,Federal Contract Tower,9,0,25,6,40,0,0,63,6,69,9,0,88,12,109,42,0,42,151
06/14/2020,GNV,FL,ASO,ES,Federal Contract Tower,12,2,25,0,39,0,0,43,0,43,12,2,68,0,82,64,0,64,146
06/15/2020,GNV,FL,ASO,ES,Federal Contract Tower,10,6,47,0,63,0,0,88,0,88,10,6,135,0,151,94,0,94,245
06/16/2020,GNV,FL,ASO,ES,Federal Contract Tower,9,9,31,7,56,0,0,111,1,112,9,9,142,8,168,80,10,90,258
06/17/2020,GNV,FL,ASO,ES,Federal Contract Tower,10,7,30,6,53,0,0,98,6,104,10,7,128,12,157,54,14,68,225
06/18/2020,GNV,FL,ASO,ES,Federal Contract Tower,10,14,25,0,49,0,0,107,1,108,10,14,132,1,157,76,0,76,233
06/19/2020,GNV,FL,ASO,ES,Federal Contract Tower,11,18,42,0,71,0,0,63,0,63,11,18,105,0,134,84,0,84,218
06/20/2020,GNV,FL,ASO,ES,Federal Contract Tower,10,5,43,0,58,0,0,51,0,51,10,5,94,0,109,52,0,52,161
06/21/2020,GNV,FL,ASO,ES,Federal Contract Tower,10,9,29,0,48,0,0,115,2,117,10,9,144,2,165,60,16,76,241
06/22/2020,GNV,FL,ASO,ES,Federal Contract Tower,10,8,36,1,55,0,0,99,0,99,10,8,135,1,154,70,0,70,224
06/23/2020,GNV,FL,ASO,ES,Federal Contract Tower,10,10,32,16,68,0,0,102,0,102,10,10,134,16,170,20,0,20,190
06/24/2020,GNV,FL,ASO,ES,Federal Contract Tower,10,7,26,4,47,0,1,102,1,104,10,8,128,5,151,90,0,90,241
06/25/2020,GNV,FL,ASO,ES,Federal Contract Tower,10,6,55,29,100,0,0,78,1,79,10,6,133,30,179,112,24,136,315
06/26/2020,GNV,FL,ASO,ES,Federal Contract Tower,9,9,27,2,47,0,0,85,0,85,9,9,112,2,132,98,0,98,230
06/27/2020,GNV,FL,ASO,ES,Federal Contract Tower,12,7,14,0,33,0,0,64,0,64,12,7,78,0,97,8,0,8,105
06/28/2020,GNV,FL,ASO,ES,Federal Contract Tower,10,7,19,0,36,0,0,74,0,74,10,7,93,0,110,64,0,64,174
06/29/2020,GNV,FL,ASO,ES,Federal Contract Tower,10,5,27,0,42,0,0,68,2,70,10,5,95,2,112,64,2,66,178
06/30/2020,GNV,FL,ASO,ES,Federal Contract Tower,10,12,34,3,59,0,0,44,0,44,10,12,78,3,103,36,0,36,139
07/01/2020,GNV,FL,ASO,ES,Federal Contract Tower,9,8,21,0,38,0,0,53,2,55,9,8,74,2,93,46,0,46,139
07/02/2020,GNV,FL,ASO,ES,Federal Contract Tower,12,11,31,0,54,0,0,72,0,72,12,11,103,0,126,86,0,86,212
07/03/2020,GNV,FL,ASO,ES,Federal Contract Tower,12,4,19,0,35,0,0,55,0,55,12,4,74,0,90,32,0,32,122
07/04/2020,GNV,FL,ASO,ES,Federal Contract Tower,11,0,7,0,18,0,0,28,0,28,11,0,35,0,46,18,0,18,64
07/05/2020,GNV,FL,ASO,ES,Federal Contract Tower,13,2,21,0,36,0,0,18,0,18,13,2,39,0,54,8,0,8,62
07/06/2020,GNV,FL,ASO,ES,Federal Contract Tower,11,5,12,0,28,0,0,29,0,29,11,5,41,0,57,14,0,14,71
07/07/2020,GNV,FL,ASO,ES,Federal Contract Tower,10,9,30,4,53,0,2,44,4,50,10,11,74,8,103,20,12,32,135
07/08/2020,GNV,FL,ASO,ES,Federal Contract Tower,10,11,39,7,67,0,5,53,1,59,10,16,92,8,126,40,2,42,168
07/09/2020,GNV,FL,ASO,ES,Federal Contract Tower,12,12,39,1,64,0,4,51,4,59,12,16,90,5,123,74,16,90,213
07/10/2020,GNV,FL,ASO,ES,Federal Contract Tower,12,6,29,0,47,0,2,52,0,54,12,8,81,0,101,32,0,32,133
07/11/2020,GNV,FL,ASO,ES,Federal Contract Tower,10,4,28,0,42,0,0,64,0,64,10,4,92,0,106,62,0,62,168
07/12/2020,GNV,FL,ASO,ES,Federal Contract Tower,13,1,35,7,56,0,0,86,7,93,13,1,121,14,149,22,8,30,179
07/13/2020,GNV,FL,ASO,ES,Federal Contract Tower,12,4,21,7,44,0,0,95,0,95,12,4,116,7,139,68,18,86,225
07/14/2020,GNV,FL,ASO,ES,Federal Contract Tower,10,8,27,4,49,0,1,93,2,96,10,9,120,6,145,36,2,38,183
07/15/2020,GNV,FL,ASO,ES,Federal Contract Tower,9,9,33,0,51,0,0,106,0,106,9,9,139,0,157,26,0,26,183
07/16/2020,GNV,FL,ASO,ES,Federal Contract Tower,15,5,35,4,59,0,0,104,0,104,15,5,139,4,163,80,0,80,243
07/17/2020,GNV,FL,ASO,ES,Federal Contract Tower,12,8,33,1,54,0,0,82,1,83,12,8,115,2,137,42,6,48,185
07/18/2020,GNV,FL,ASO,ES,Federal Contract Tower,10,6,30,0,46,0,0,53,0,53,10,6,83,0,99,14,0,14,113
07/19/2020,GNV,FL,ASO,ES,Federal Contract Tower,11,4,18,0,33,0,0,85,0,85,11,4,103,0,118,72,0,72,190
07/20/2020,GNV,FL,ASO,ES,Federal Contract Tower,11,3,33,2,49,0,0,88,3,91,11,3,121,5,140,108,0,108,248
07/21/2020,GNV,FL,ASO,ES,Federal Contract Tower,10,5,40,0,55,0,2,62,4,68,10,7,102,4,123,72,12,84,207
07/22/2020,GNV,FL,ASO,ES,Federal Contract Tower,11,9,22,3,45,0,0,40,7,47,11,9,62,10,92,48,4,52,144
07/23/2020,GNV,FL,ASO,ES,Federal Contract Tower,12,5,28,6,51,0,0,0,0,0,12,5,28,6,51,90,0,90,141
07/24/2020,GNV,FL,ASO,ES,Federal Contract Tower,12,12,41,0,65,0,0,73,2,75,12,12,114,2,140,70,0,70,210
07/25/2020,GNV,FL,ASO,ES,Federal Contract Tower,10,9,24,0,43,0,0,53,0,53,10,9,77,0,96,42,0,42,138
07/26/2020,GNV,FL,ASO,ES,Federal Contract Tower,14,5,20,0,39,0,0,63,0,63,14,5,83,0,102,68,0,68,170
07/27/2020,GNV,FL,ASO,ES,Federal Contract Tower,13,8,20,9,50,0,0,64,6,70,13,8,84,15,120,96,24,120,240
07/28/2020,GNV,FL,ASO,ES,Federal Contract Tower,12,7,30,6,55,0,0,72,1,73,12,7,102,7,128,154,0,154,282
07/29/2020,GNV,FL,ASO,ES,Federal Contract Tower,10,10,19,0,39,0,0,43,4,47,10,10,62,4,86,56,0,56,142
07/30/2020,GNV,FL,ASO,ES,Federal Contract Tower,13,9,33,8,63,0,0,84,2,86,13,9,117,10,149,86,0,86,235
07/31/2020,GNV,FL,ASO,ES,Federal Contract Tower,11,8,54,1,74,0,0,69,0,69,11,8,123,1,143,60,0,60,203
08/01/2020,GNV,FL,ASO,ES,Federal Contract Tower,13,4,32,0,49,0,0,99,0,99,13,4,131,0,148,38,0,38,186
08/02/2020,GNV,FL,ASO,ES,Federal Contract Tower,13,4,8,0,25,0,0,34,0,34,13,4,42,0,59,48,0,48,107
08/03/2020,GNV,FL,ASO,ES,Federal Contract Tower,13,11,40,8,72,0,0,59,1,60,13,11,99,9,132,72,0,72,204
08/04/2020,GNV,FL,ASO,ES,Federal Contract Tower,10,6,31,0,47,0,0,103,0,103,10,6,134,0,150,50,0,50,200
08/05/2020,GNV,FL,ASO,ES,Federal Contract Tower,9,7,27,4,47,0,0,68,1,69,9,7,95,5,116,68,14,82,198
08/06/2020,GNV,FL,ASO,ES,Federal Contract Tower,13,10,29,2,54,0,2,54,0,56,13,12,83,2,110,50,0,50,160
08/07/2020,GNV,FL,ASO,ES,Federal Contract Tower,14,5,36,0,55,0,0,69,0,69,14,5,105,0,124,58,0,58,182
08/08/2020,GNV,FL,ASO,ES,Federal Contract Tower,14,4,28,0,46,0,0,77,0,77,14,4,105,0,123,30,0,30,153
08/09/2020,GNV,FL,ASO,ES,Federal Contract Tower,14,5,13,0,32,0,0,73,0,73,14,5,86,0,105,32,0,32,137
08/10/2020,GNV,FL,ASO,ES,Federal Contract Tower,13,11,30,4,58,0,0,87,4,91,13,11,117,8,149,30,0,30,179
08/11/2020,GNV,FL,ASO,ES,Federal Contract Tower,9,4,24,6,43,0,0,47,5,52,9,4,71,11,95,44,10,54,149
08/12/2020,GNV,FL,ASO,ES,Federal Contract Tower,9,6,17,2,34,0,0,73,0,73,9,6,90,2,107,46,0,46,153
08/13/2020,GNV,FL,ASO,ES,Federal Contract Tower,12,3,31,6,52,0,0,72,0,72,12,3,103,6,124,80,4,84,208
08/14/2020,GNV,FL,ASO,ES,Federal Contract Tower,15,5,40,0,60,0,0,93,0,93,15,5,133,0,153,88,0,88,241
08/15/2020,GNV,FL,ASO,ES,Federal Contract Tower,13,4,28,0,45,0,0,54,0,54,13,4,82,0,99,48,0,48,147
08/16/2020,GNV,FL,ASO,ES,Federal Contract Tower,13,5,33,0,51,0,0,62,0,62,13,5,95,0,113,64,0,64,177
08/17/2020,GNV,FL,ASO,ES,Federal Contract Tower,14,6,39,11,70,0,0,81,1,82,14,6,120,12,152,78,6,84,236
08/18/2020,GNV,FL,ASO,ES,Federal Contract Tower,14,9,36,2,61,0,0,29,0,29,14,9,65,2,90,44,0,44,134
08/19/2020,GNV,FL,ASO,ES,Federal Contract Tower,11,8,21,9,49,0,0,48,0,48,11,8,69,9,97,104,0,104,201
08/20/2020,GNV,FL,ASO,ES,Federal Contract Tower,15,3,30,4,52,0,3,13,0,16,15,6,43,4,68,8,0,8,76
08/21/2020,GNV,FL,ASO,ES,Federal Contract Tower,16,5,40,2,63,0,0,26,0,26,16,5,66,2,89,42,0,42,131
08/22/2020,GNV,FL,ASO,ES,Federal Contract Tower,15,4,35,0,54,0,0,45,0,45,15,4,80,0,99,26,0,26,125
08/23/2020,GNV,FL,ASO,ES,Federal Contract Tower,15,6,37,0,58,0,0,36,0,36,15,6,73,0,94,54,0,54,148
08/24/2020,GNV,FL,ASO,ES,Federal Contract Tower,17,4,46,13,80,0,0,40,0,40,17,4,86,13,120,46,0,46,166
08/25/2020,GNV,FL,ASO,ES,Federal Contract Tower,11,9,41,2,63,0,5,42,4,51,11,14,83,6,114,24,0,24,138
08/26/2020,GNV,FL,ASO,ES,Federal Contract Tower,11,10,42,8,71,0,2,75,0,77,11,12,117,8,148,58,0,58,206
08/27/2020,GNV,FL,ASO,ES,Federal Contract Tower,15,11,47,13,86,0,0,76,2,78,15,11,123,15,164,40,4,44,208
08/28/2020,GNV,FL,ASO,ES,Federal Contract Tower,16,8,39,2,65,0,0,74,7,81,16,8,113,9,146,54,0,54,200
08/29/2020,GNV,FL,ASO,ES,Federal Contract Tower,14,2,29,0,45,0,0,30,0,30,14,2,59,0,75,46,0,46,121
08/30/2020,GNV,FL,ASO,ES,Federal Contract Tower,16,2,30,1,49,0,0,24,2,26,16,2,54,3,75,28,0,28,103
08/31/2020,GNV,FL,ASO,ES,Federal Contract Tower,16,5,20,0,41,0,0,15,0,15,16,5,35,0,56,30,0,30,86
09/01/2020,GNV,FL,ASO,ES,Federal Contract Tower,11,4,30,4,49,0,0,27,4,31,11,4,57,8,80,22,24,46,126
09/02/2020,GNV,FL,ASO,ES,Federal Contract Tower,12,3,53,0,68,0,0,40,2,42,12,3,93,2,110,38,4,42,152
09/03/2020,GNV,FL,ASO,ES,Federal Contract Tower,17,13,56,17,103,0,1,87,2,90,17,14,143,19,193,66,0,66,259
09/04/2020,GNV,FL,ASO,ES,Federal Contract Tower,16,10,26,9,61,0,2,92,3,97,16,12,118,12,158,62,0,62,220
09/05/2020,GNV,FL,ASO,ES,Federal Contract Tower,15,2,33,0,50,0,0,103,0,103,15,2,136,0,153,40,0,40,193
09/06/2020,GNV,FL,ASO,ES,Federal Contract Tower,15,0,7,0,22,0,0,42,0,42,15,0,49,0,64,32,0,32,96
09/07/2020,GNV,FL,ASO,ES,Federal Contract Tower,13,8,33,0,54,0,0,56,0,56,13,8,89,0,110,22,0,22,132
09/08/2020,GNV,FL,ASO,ES,Federal Contract Tower,13,13,25,2,53,0,0,33,0,33,13,13,58,2,86,60,0,60,146
09/09/2020,GNV,FL,ASO,ES,Federal Contract Tower,12,8,32,2,54,0,4,22,10,36,12,12,54,12,90,38,0,38,128
09/10/2020,GNV,FL,ASO,ES,Federal Contract Tower,15,9,31,1,56,0,0,48,12,60,15,9,79,13,116,64,10,74,190
09/11/2020,GNV,FL,ASO,ES,Federal Contract Tower,15,4,36,2,57,0,0,30,0,30,15,4,66,2,87,54,0,54,141
09/12/2020,GNV,FL,ASO,ES,Federal Contract Tower,15,6,27,0,48,0,0,39,0,39,15,6,66,0,87,12,0,12,99
09/13/2020,GNV,FL,ASO,ES,Federal Contract Tower,15,6,23,2,46,0,0,10,0,10,15,6,33,2,56,18,4,22,78
09/14/2020,GNV,FL,ASO,ES,Federal Contract Tower,15,6,21,3,45,0,0,58,4,62,15,6,79,7,107,84,30,114,221
09/15/2020,GNV,FL,ASO,ES,Federal Contract Tower,11,2,24,17,54,0,3,44,8,55,11,5,68,25,109,50,2,52,161
09/16/2020,GNV,FL,ASO,ES,Federal Contract Tower,12,3,35,0,50,0,0,30,8,38,12,3,65,8,88,22,4,26,114
09/17/2020,GNV,FL,ASO,ES,Federal Contract Tower,14,7,19,2,42,0,0,13,3,16,14,7,32,5,58,2,0,2,60
09/18/2020,GNV,FL,ASO,ES,Federal Contract Tower,18,10,61,2,91,0,0,88,0,88,18,10,149,2,179,28,0,28,207
09/19/2020,GNV,FL,ASO,ES,Federal Contract Tower,15,5,31,0,51,0,0,0,0,0,15,5,31,0,51,0,0,0,51
09/20/2020,GNV,FL,ASO,ES,Federal Contract Tower,14,9,14,0,37,0,0,1,0,1,14,9,15,0,38,0,0,0,38
09/21/2020,GNV,FL,ASO,ES,Federal Contract Tower,13,7,34,0,54,0,0,30,0,30,13,7,64,0,84,0,0,0,84
09/22/2020,GNV,FL,ASO,ES,Federal Contract Tower,12,7,44,3,66,0,4,52,4,60,12,11,96,7,126,48,0,48,174
09/23/2020,GNV,FL,ASO,ES,Federal Contract Tower,12,11,44,9,76,0,3,106,2,111,12,14,150,11,187,72,10,82,269
09/24/2020,GNV,FL,ASO,ES,Federal Contract Tower,13,15,55,4,87,0,0,81,8,89,13,15,136,12,176,30,24,54,230
09/25/2020,GNV,FL,ASO,ES,Federal Contract Tower,16,13,60,19,108,0,0,105,3,108,16,13,165,22,216,60,6,66,282
09/26/2020,GNV,FL,ASO,ES,Federal Contract Tower,16,9,41,0,66,0,0,73,0,73,16,9,114,0,139,36,0,36,175
09/27/2020,GNV,FL,ASO,ES,Federal Contract Tower,14,10,39,0,63,0,0,22,9,31,14,10,61,9,94,14,0,14,108
09/28/2020,GNV,FL,ASO,ES,Federal Contract Tower,17,12,29,0,58,0,0,36,0,36,17,12,65,0,94,26,0,26,120
09/29/2020,GNV,FL,ASO,ES,Federal Contract Tower,13,15,38,0,66,0,0,35,2,37,13,15,73,2,103,52,0,52,155
09/30/2020,GNV,FL,ASO,ES,Federal Contract Tower,12,10,72,0,94,0,3,113,6,122,12,13,185,6,216,48,0,48,264
10/01/2020,GNV,FL,ASO,ES,Federal Contract Tower,15,6,29,6,56,0,1,128,2,131,15,7,157,8,187,52,0,52,239
10/02/2020,GNV,FL,ASO,ES,Federal Contract Tower,18,19,59,12,108,0,0,92,7,99,18,19,151,19,207,86,0,86,293
10/03/2020,GNV,FL,ASO,ES,Federal Contract Tower,16,4,45,0,65,0,0,61,0,61,16,4,106,0,126,32,0,32,158
10/04/2020,GNV,FL,ASO,ES,Federal Contract Tower,16,8,28,5,57,0,0,4,3,7,16,8,32,8,64,0,0,0,64
10/05/2020,GNV,FL,ASO,ES,Federal Contract Tower,16,4,32,0,52,0,0,0,0,0,16,4,32,0,52,0,0,0,52
10/06/2020,GNV,FL,ASO,ES,Federal Contract Tower,12,8,36,0,56,0,0,28,0,28,12,8,64,0,84,12,0,12,96
10/07/2020,GNV,FL,ASO,ES,Federal Contract Tower,12,11,44,6,73,0,3,29,2,34,12,14,73,8,107,40,0,40,147
10/08/2020,GNV,FL,ASO,ES,Federal Contract Tower,19,9,47,6,81,0,0,39,0,39,19,9,86,6,120,26,6,32,152
10/09/2020,GNV,FL,ASO,ES,Federal Contract Tower,19,6,37,2,64,0,0,21,0,21,19,6,58,2,85,18,0,18,103
10/10/2020,GNV,FL,ASO,ES,Federal Contract Tower,17,2,31,0,50,0,0,37,0,37,17,2,68,0,87,16,0,16,103
10/11/2020,GNV,FL,ASO,ES,Federal Contract Tower,17,6,24,0,47,0,0,55,0,55,17,6,79,0,102,72,0,72,174
10/12/2020,GNV,FL,ASO,ES,Federal Contract Tower,15,4,45,0,64,0,0,67,0,67,15,4,112,0,131,36,0,36,167
10/13/2020,GNV,FL,ASO,ES,Federal Contract Tower,12,8,37,1,58,0,2,96,4,102,12,10,133,5,160,68,0,68,228
10/14/2020,GNV,FL,ASO,ES,Federal Contract Tower,12,4,36,2,54,0,2,101,7,110,12,6,137,9,164,74,12,86,250
10/15/2020,GNV,FL,ASO,ES,Federal Contract Tower,17,6,39,0,62,0,4,86,0,90,17,10,125,0,152,66,0,66,218
10/16/2020,GNV,FL,ASO,ES,Federal Contract Tower,19,6,43,4,72,0,0,98,0,98,19,6,141,4,170,44,0,44,214
10/17/2020,GNV,FL,ASO,ES,Federal Contract Tower,17,4,15,2,38,0,0,86,2,88,17,4,101,4,126,62,0,62,188
10/18/2020,GNV,FL,ASO,ES,Federal Contract Tower,18,2,17,10,47,0,0,49,0,49,18,2,66,10,96,16,0,16,112
10/19/2020,GNV,FL,ASO,ES,Federal Contract Tower,17,4,28,2,51,0,0,62,2,64,17,4,90,4,115,14,14,28,143
10/20/2020,GNV,FL,ASO,ES,Federal Contract Tower,13,3,36,0,52,0,5,16,0,21,13,8,52,0,73,22,0,22,95
10/21/2020,GNV,FL,ASO,ES,Federal Contract Tower,12,8,26,0,46,0,0,30,1,31,12,8,56,1,77,10,0,10,87
10/22/2020,GNV,FL,ASO,ES,Federal Contract Tower,16,9,35,0,60,0,0,44,0,44,16,9,79,0,104,16,0,16,120
10/23/2020,GNV,FL,ASO,ES,Federal Contract Tower,17,18,25,9,69,0,2,42,5,49,17,20,67,14,118,64,0,64,182
10/24/2020,GNV,FL,ASO,ES,Federal Contract Tower,17,7,33,3,60,0,0,92,3,95,17,7,125,6,155,62,8,70,225
10/25/2020,GNV,FL,ASO,ES,Federal Contract Tower,17,0,26,2,45,0,0,83,11,94,17,0,109,13,139,52,0,52,191
10/26/2020,GNV,FL,ASO,ES,Federal Contract Tower,17,8,30,4,59,0,0,73,4,77,17,8,103,8,136,50,4,54,190
10/27/2020,GNV,FL,ASO,ES,Federal Contract Tower,12,10,33,0,55,0,0,56,10,66,12,10,89,10,121,40,4,44,165
10/28/2020,GNV,FL,ASO,ES,Federal Contract Tower,12,9,38,0,59,0,0,81,10,91,12,9,119,10,150,62,0,62,212
10/29/2020,GNV,FL,ASO,ES,Federal Contract Tower,16,9,26,7,58,0,1,25,0,26,16,10,51,7,84,4,0,4,88
10/30/2020,GNV,FL,ASO,ES,Federal Contract Tower,19,10,29,3,61,0,0,101,1,102,19,10,130,4,163,70,0,70,233
10/31/2020,GNV,FL,ASO,ES,Federal Contract Tower,11,7,41,0,59,0,0,84,0,84,11,7,125,0,143,26,0,26,169
11/01/2020,GNV,FL,ASO,ES,Federal Contract Tower,15,4,43,0,62,0,0,34,0,34,15,4,77,0,96,14,0,14,110
11/02/2020,GNV,FL,ASO,ES,Federal Contract Tower,14,6,22,4,46,0,0,60,1,61,14,6,82,5,107,22,6,28,135
11/03/2020,GNV,FL,ASO,ES,Federal Contract Tower,7,6,34,11,58,0,0,84,7,91,7,6,118,18,149,24,4,28,177
11/04/2020,GNV,FL,ASO,ES,Federal Contract Tower,12,6,38,0,56,0,0,79,5,84,12,6,117,5,140,38,20,58,198
11/05/2020,GNV,FL,ASO,ES,Federal Contract Tower,18,10,41,2,71,0,0,89,2,91,18,10,130,4,162,96,0,96,258
11/06/2020,GNV,FL,ASO,ES,Federal Contract Tower,16,9,36,4,65,0,0,55,3,58,16,9,91,7,123,38,0,38,161
11/07/2020,GNV,FL,ASO,ES,Federal Contract Tower,17,9,29,0,55,0,0,34,4,38,17,9,63,4,93,8,0,8,101
11/08/2020,GNV,FL,ASO,ES,Federal Contract Tower,17,6,11,0,34,0,0,25,0,25,17,6,36,0,59,4,0,4,63
11/09/2020,GNV,FL,ASO,ES,Federal Contract Tower,17,3,17,0,37,0,0,6,0,6,17,3,23,0,43,0,0,0,43
11/10/2020,GNV,FL,ASO,ES,Federal Contract Tower,12,7,26,4,49,0,2,8,5,15,12,9,34,9,64,0,0,0,64
11/11/2020,GNV,FL,ASO,ES,Federal Contract Tower,14,11,25,0,50,0,0,3,0,3,14,11,28,0,53,0,0,0,53
11/12/2020,GNV,FL,ASO,ES,Federal Contract Tower,16,4,20,0,40,0,1,10,0,11,16,5,30,0,51,14,0,14,65
11/13/2020,GNV,FL,ASO,ES,Federal Contract Tower,18,6,53,2,79,0,0,22,1,23,18,6,75,3,102,16,4,20,122
11/14/2020,GNV,FL,ASO,ES,Federal Contract Tower,20,8,58,2,88,0,2,69,0,71,20,10,127,2,159,20,0,20,179
11/15/2020,GNV,FL,ASO,ES,Federal Contract Tower,19,7,39,6,71,0,0,73,3,76,19,7,112,9,147,84,0,84,231
11/16/2020,GNV,FL,ASO,ES,Federal Contract Tower,17,3,34,0,54,0,0,77,0,77,17,3,111,0,131,32,0,32,163
11/18/2020,GNV,FL,ASO,ES,Federal Contract Tower,12,18,27,1,58,0,0,62,7,69,12,18,89,8,127,12,0,12,139
11/19/2020,GNV,FL,ASO,ES,Federal Contract Tower,18,2,30,0,50,0,0,83,0,83,18,2,113,0,133,112,0,112,245
11/20/2020,GNV,FL,ASO,ES,Federal Contract Tower,19,4,53,6,82,0,0,35,30,65,19,4,88,36,147,42,0,42,189
11/21/2020,GNV,FL,ASO,ES,Federal Contract Tower,21,6,43,0,70,0,0,53,0,53,21,6,96,0,123,40,0,40,163
11/22/2020,GNV,FL,ASO,ES,Federal Contract Tower,21,13,35,9,78,0,0,44,26,70,21,13,79,35,148,47,0,47,195
11/23/2020,GNV,FL,ASO,ES,Federal Contract Tower,17,7,40,0,64,0,1,92,0,93,17,8,132,0,157,68,0,68,225
11/24/2020,GNV,FL,ASO,ES,Federal Contract Tower,20,5,35,2,62,0,12,119,2,133,20,17,154,4,195,42,0,42,237
11/25/2020,GNV,FL,ASO,ES,Federal Contract Tower,18,7,31,0,56,0,0,104,0,104,18,7,135,0,160,40,0,40,200
11/26/2020,GNV,FL,ASO,ES,Federal Contract Tower,9,4,17,0,30,0,0,33,0,33,9,4,50,0,63,10,0,10,73
11/27/2020,GNV,FL,ASO,ES,Federal Contract Tower,15,9,27,0,51,0,2,79,0,81,15,11,106,0,132,32,0,32,164
11/28/2020,GNV,FL,ASO,ES,Federal Contract Tower,20,10,41,0,71,0,0,49,0,49,20,10,90,0,120,44,0,44,164
11/29/2020,GNV,FL,ASO,ES,Federal Contract Tower,22,6,44,0,72,0,0,7,0,7,22,6,51,0,79,6,0,6,85
11/30/2020,GNV,FL,ASO,ES,Federal Contract Tower,19,5,25,5,54,0,0,49,2,51,19,5,74,7,105,6,6,12,117
12/01/2020,GNV,FL,ASO,ES,Federal Contract Tower,19,11,33,11,74,0,0,96,4,100,19,11,129,15,174,20,8,28,202
12/02/2020,GNV,FL,ASO,ES,Federal Contract Tower,13,8,47,3,71,0,0,79,1,80,13,8,126,4,151,30,10,40,191
12/03/2020,GNV,FL,ASO,ES,Federal Contract Tower,15,9,53,4,81,0,1,88,14,103,15,10,141,18,184,54,0,54,238
12/04/2020,GNV,FL,ASO,ES,Federal Contract Tower,20,15,39,10,84,0,0,70,25,95,20,15,109,35,179,26,0,26,205
12/05/2020,GNV,FL,ASO,ES,Federal Contract Tower,14,11,32,3,60,0,0,119,3,122,14,11,151,6,182,30,0,30,212
12/06/2020,GNV,FL,ASO,ES,Federal Contract Tower,16,0,32,13,61,0,5,78,13,96,16,5,110,26,157,22,15,37,194
12/07/2020,GNV,FL,ASO,ES,Federal Contract Tower,18,9,25,1,53,0,0,52,4,56,18,9,77,5,109,54,0,54,163
12/08/2020,GNV,FL,ASO,ES,Federal Contract Tower,14,9,33,1,57,0,0,97,1,98,14,9,130,2,155,40,0,40,195
12/09/2020,GNV,FL,ASO,ES,Federal Contract Tower,16,12,40,3,71,0,0,100,4,104,16,12,140,7,175,36,0,36,211
12/10/2020,GNV,FL,ASO,ES,Federal Contract Tower,18,12,33,1,64,0,0,98,6,104,18,12,131,7,168,54,0,54,222
12/11/2020,GNV,FL,ASO,ES,Federal Contract Tower,18,3,30,8,59,0,0,127,10,137,18,3,157,18,196,100,4,104,300
12/12/2020,GNV,FL,ASO,ES,Federal Contract Tower,13,4,39,3,59,0,0,31,2,33,13,4,70,5,92,16,14,30,122
12/13/2020,GNV,FL,ASO,ES,Federal Contract Tower,16,6,46,2,70,0,0,64,2,66,16,6,110,4,136,18,0,18,154
12/14/2020,GNV,FL,ASO,ES,Federal Contract Tower,17,7,41,0,65,0,0,33,0,33,17,7,74,0,98,32,0,32,130
12/15/2020,GNV,FL,ASO,ES,Federal Contract Tower,12,7,37,3,59,0,36,50,2,88,12,43,87,5,147,52,0,52,199
12/16/2020,GNV,FL,ASO,ES,Federal Contract Tower,14,3,21,1,39,0,0,0,0,0,14,3,21,1,39,0,0,0,39
12/17/2020,GNV,FL,ASO,ES,Federal Contract Tower,16,8,62,6,92,0,4,78,2,84,16,12,140,8,176,70,0,70,246
12/18/2020,GNV,FL,ASO,ES,Federal Contract Tower,20,13,37,8,78,0,0,144,0,144,20,13,181,8,222,44,8,52,274
12/19/2020,GNV,FL,ASO,ES,Federal Contract Tower,20,2,30,7,59,0,2,80,1,83,20,4,110,8,142,40,20,60,202
12/20/2020,GNV,FL,ASO,ES,Federal Contract Tower,18,2,28,0,48,0,0,9,0,9,18,2,37,0,57,12,0,12,69
12/21/2020,GNV,FL,ASO,ES,Federal Contract Tower,16,7,31,0,54,0,0,49,2,51,16,7,80,2,105,66,0,66,171
12/22/2020,GNV,FL,ASO,ES,Federal Contract Tower,17,6,19,0,42,0,7,134,0,141,17,13,153,0,183,54,0,54,237
12/23/2020,GNV,FL,ASO,ES,Federal Contract Tower,18,4,38,0,60,0,3,102,0,105,18,7,140,0,165,44,0,44,209
12/24/2020,GNV,FL,ASO,ES,Federal Contract Tower,16,4,8,0,28,0,0,16,0,16,16,4,24,0,44,0,0,0,44
12/25/2020,GNV,FL,ASO,ES,Federal Contract Tower,12,4,6,0,22,0,0,27,0,27,12,4,33,0,49,2,0,2,51
12/26/2020,GNV,FL,ASO,ES,Federal Contract Tower,18,4,21,0,43,0,0,56,0,56,18,4,77,0,99,24,0,24,123
12/27/2020,GNV,FL,ASO,ES,Federal Contract Tower,15,13,14,0,42,0,0,74,0,74,15,13,88,0,116,28,0,28,144
12/28/2020,GNV,FL,ASO,ES,Federal Contract Tower,22,7,15,0,44,0,0,118,2,120,22,7,133,2,164,56,0,56,220
12/29/2020,GNV,FL,ASO,ES,Federal Contract Tower,20,3,26,4,53,0,0,88,4,92,20,3,114,8,145,40,6,46,191
12/30/2020,GNV,FL,ASO,ES,Federal Contract Tower,17,10,38,6,71,0,2,64,4,70,17,12,102,10,141,70,4,74,215
12/31/2020,GNV,FL,ASO,ES,Federal Contract Tower,18,11,10,0,39,0,3,36,0,39,18,14,46,0,78,10,0,10,88
01/01/2021,GNV,FL,ASO,ES,Federal Contract Tower,13,4,12,0,29,0,0,14,0,14,13,4,26,0,43,0,0,0,43
01/02/2021,GNV,FL,ASO,ES,Federal Contract Tower,18,5,22,1,46,0,0,40,0,40,18,5,62,1,86,70,0,70,156
01/03/2021,GNV,FL,ASO,ES,Federal Contract Tower,19,6,24,0,49,0,0,71,0,71,19,6,95,0,120,38,0,38,158
01/04/2021,GNV,FL,ASO,ES,Federal Contract Tower,19,4,29,4,56,0,0,100,0,100,19,4,129,4,156,30,14,44,200
01/05/2021,GNV,FL,ASO,ES,Federal Contract Tower,14,5,52,0,71,0,3,67,0,70,14,8,119,0,141,36,0,36,177
01/06/2021,GNV,FL,ASO,ES,Federal Contract Tower,12,9,15,0,36,0,1,100,1,102,12,10,115,1,138,37,0,37,175
01/07/2021,GNV,FL,ASO,ES,Federal Contract Tower,17,9,15,4,45,0,0,54,0,54,17,9,69,4,99,32,0,32,131
01/08/2021,GNV,FL,ASO,ES,Federal Contract Tower,15,3,42,21,81,0,0,59,14,73,15,3,101,35,154,50,0,50,204
01/09/2021,GNV,FL,ASO,ES,Federal Contract Tower,16,7,38,0,61,0,2,32,0,34,16,9,70,0,95,30,0,30,125
01/10/2021,GNV,FL,ASO,ES,Federal Contract Tower,18,8,29,15,70,0,0,101,17,118,18,8,130,32,188,20,6,26,214
01/11/2021,GNV,FL,ASO,ES,Federal Contract Tower,15,8,24,4,51,0,0,85,3,88,15,8,109,7,139,48,20,68,207
01/12/2021,GNV,FL,ASO,ES,Federal Contract Tower,12,11,39,10,72,0,0,4,5,9,12,11,43,15,81,0,0,0,81
01/13/2021,GNV,FL,ASO,ES,Federal Contract Tower,15,12,37,0,64,0,0,19,0,19,15,12,56,0,83,4,0,4,87
01/14/2021,GNV,FL,ASO,ES,Federal Contract Tower,17,11,42,3,73,0,2,80,7,89,17,13,122,10,162,38,10,48,210
01/15/2021,GNV,FL,ASO,ES,Federal Contract Tower,17,8,19,0,44,0,0,47,0,47,17,8,66,0,91,20,0,20,111
01/16/2021,GNV,FL,ASO,ES,Federal Contract Tower,16,2,24,0,42,0,0,46,1,47,16,2,70,1,89,22,2,24,113
01/17/2021,GNV,FL,ASO,ES,Federal Contract Tower,16,7,32,0,55,0,0,86,0,86,16,7,118,0,141,50,2,52,193
01/18/2021,GNV,FL,ASO,ES,Federal Contract Tower,18,10,35,0,63,0,0,116,1,117,18,10,151,1,180,44,4,48,228
01/19/2021,GNV,FL,ASO,ES,Federal Contract Tower,13,4,52,12,81,0,0,77,6,83,13,4,129,18,164,49,9,58,222
01/20/2021,GNV,FL,ASO,ES,Federal Contract Tower,13,6,25,9,53,0,2,88,8,98,13,8,113,17,151,68,8,76,227
01/21/2021,GNV,FL,ASO,ES,Federal Contract Tower,15,8,61,20,104,0,0,115,10,125,15,8,176,30,229,48,30,78,307
01/22/2021,GNV,FL,ASO,ES,Federal Contract Tower,16,8,39,78,141,0,0,17,19,36,16,8,56,97,177,6,20,26,203
01/23/2021,GNV,FL,ASO,ES,Federal Contract Tower,11,5,20,0,36,0,0,17,0,17,11,5,37,0,53,10,0,10,63
01/24/2021,GNV,FL,ASO,ES,Federal Contract Tower,18,17,32,16,83,0,0,9,13,22,18,17,41,29,105,16,0,16,121
01/25/2021,GNV,FL,ASO,ES,Federal Contract Tower,17,5,44,18,84,0,0,50,5,55,17,5,94,23,139,20,22,42,181
01/26/2021,GNV,FL,ASO,ES,Federal Contract Tower,13,12,48,2,75,0,0,52,0,52,13,12,100,2,127,44,0,44,171
01/27/2021,GNV,FL,ASO,ES,Federal Contract Tower,14,13,40,1,68,0,0,0,0,0,14,13,40,1,68,0,0,0,68
01/28/2021,GNV,FL,ASO,ES,Federal Contract Tower,14,12,41,6,73,0,2,71,1,74,14,14,112,7,147,44,0,44,191
01/29/2021,GNV,FL,ASO,ES,Federal Contract Tower,21,3,35,9,68,0,0,132,13,145,21,3,167,22,213,44,0,44,257
01/30/2021,GNV,FL,ASO,ES,Federal Contract Tower,18,6,31,0,55,0,0,132,0,132,18,6,163,0,187,42,0,42,229
01/31/2021,GNV,FL,ASO,ES,Federal Contract Tower,21,4,14,8,47,0,0,39,14,53,21,4,53,22,100,0,0,0,100
02/01/2021,GNV,FL,ASO,ES,Federal Contract Tower,16,9,28,34,87,0,0,34,0,34,16,9,62,34,121,55,8,63,184
02/02/2021,GNV,FL,ASO,ES,Federal Contract Tower,12,11,28,13,64,0,0,48,6,54,12,11,76,19,118,2,0,2,120
02/03/2021,GNV,FL,ASO,ES,Federal Contract Tower,12,10,33,30,85,0,0,103,18,121,12,10,136,48,206,32,8,40,246
02/04/2021,GNV,FL,ASO,ES,Federal Contract Tower,18,15,50,11,94,0,0,106,2,108,18,15,156,13,202,122,0,122,324
02/05/2021,GNV,FL,ASO,ES,Federal Contract Tower,19,10,40,2,71,0,0,10,3,13,19,10,50,5,84,28,0,28,112
02/06/2021,GNV,FL,ASO,ES,Federal Contract Tower,13,4,28,0,45,0,0,2,0,2,13,4,30,0,47,0,0,0,47
02/07/2021,GNV,FL,ASO,ES,Federal Contract Tower,12,7,25,17,61,0,0,51,6,57,12,7,76,23,118,20,0,20,138
02/08/2021,GNV,FL,ASO,ES,Federal Contract Tower,17,3,48,0,68,0,0,73,0,73,17,3,121,0,141,100,0,100,241
02/09/2021,GNV,FL,ASO,ES,Federal Contract Tower,11,11,29,0,51,0,0,1,0,1,11,11,30,0,52,4,0,4,56
02/10/2021,GNV,FL,ASO,ES,Federal Contract Tower,14,12,37,9,72,0,0,46,2,48,14,12,83,11,120,20,16,36,156
02/11/2021,GNV,FL,ASO,ES,Federal Contract Tower,16,10,42,5,73,0,2,56,0,58,16,12,98,5,131,32,0,32,163
02/12/2021,GNV,FL,ASO,ES,Federal Contract Tower,17,13,45,10,85,0,0,31,2,33,17,13,76,12,118,26,0,26,144
02/13/2021,GNV,FL,ASO,ES,Federal Contract Tower,14,6,13,0,33,0,0,8,0,8,14,6,21,0,41,12,0,12,53
02/14/2021,GNV,FL,ASO,ES,Federal Contract Tower,12,7,20,8,47,0,0,2,0,2,12,7,22,8,49,0,0,0,49
02/15/2021,GNV,FL,ASO,ES,Federal Contract Tower,16,6,20,0,42,0,0,2,0,2,16,6,22,0,44,0,0,0,44
02/16/2021,GNV,FL,ASO,ES,Federal Contract Tower,8,13,53,2,76,0,0,95,2,97,8,13,148,4,173,100,0,100,273
02/17/2021,GNV,FL,ASO,ES,Federal Contract Tower,12,7,42,0,61,0,2,36,4,42,12,9,78,4,103,32,0,32,135
02/18/2021,GNV,FL,ASO,ES,Federal Contract Tower,17,18,32,8,75,0,1,44,2,47,17,19,76,10,122,6,0,6,128
02/19/2021,GNV,FL,ASO,ES,Federal Contract Tower,17,14,28,9,68,0,0,0,0,0,17,14,28,9,68,0,0,0,68
02/20/2021,GNV,FL,ASO,ES,Federal Contract Tower,16,7,39,1,63,0,0,136,1,137,16,7,175,2,200,78,0,78,278
02/21/2021,GNV,FL,ASO,ES,Federal Contract Tower,19,4,40,5,68,0,0,84,3,87,19,4,124,8,155,24,0,24,179
02/22/2021,GNV,FL,ASO,ES,Federal Contract Tower,21,3,50,8,82,0,0,61,3,64,21,3,111,11,146,42,0,42,188
02/23/2021,GNV,FL,ASO,ES,Federal Contract Tower,14,13,43,2,72,0,0,94,0,94,14,13,137,2,166,42,2,44,210
02/24/2021,GNV,FL,ASO,ES,Federal Contract Tower,14,4,51,6,75,0,0,115,1,116,14,4,166,7,191,86,16,102,293
02/25/2021,GNV,FL,ASO,ES,Federal Contract Tower,19,11,50,10,90,0,0,114,3,117,19,11,164,13,207,72,8,80,287
02/26/2021,GNV,FL,ASO,ES,Federal Contract Tower,22,15,46,16,99,0,0,108,13,121,22,15,154,29,220,40,0,40,260
02/27/2021,GNV,FL,ASO,ES,Federal Contract Tower,15,3,33,2,53,0,0,93,0,93,15,3,126,2,146,146,0,146,292
02/28/2021,GNV,FL,ASO,ES,Federal Contract Tower,19,11,33,11,74,0,0,75,13,88,19,11,108,24,162,14,6,20,182
03/01/2021,GNV,FL,ASO,ES,Federal Contract Tower,20,5,42,4,71,0,0,37,0,37,20,5,79,4,108,52,4,56,164
03/02/2021,GNV,FL,ASO,ES,Federal Contract Tower,13,8,31,0,52,0,0,0,0,0,13,8,31,0,52,0,0,0,52
03/03/2021,GNV,FL,ASO,ES,Federal Contract Tower,14,8,40,0,62,0,0,31,1,32,14,8,71,1,94,36,0,36,130
03/04/2021,GNV,FL,ASO,ES,Federal Contract Tower,21,14,60,7,102,0,0,148,8,156,21,14,208,15,258,48,20,68,326
03/05/2021,GNV,FL,ASO,ES,Federal Contract Tower,16,18,45,16,95,0,2,139,10,151,16,20,184,26,246,56,0,56,302
03/06/2021,GNV,FL,ASO,ES,Federal Contract Tower,19,10,27,0,56,0,0,24,0,24,19,10,51,0,80,48,0,48,128
03/07/2021,GNV,FL,ASO,ES,Federal Contract Tower,20,4,29,18,71,0,0,76,15,91,20,4,105,33,162,60,0,60,222
03/08/2021,GNV,FL,ASO,ES,Federal Contract Tower,17,8,31,5,61,0,0,68,2,70,17,8,99,7,131,76,0,76,207
03/09/2021,GNV,FL,ASO,ES,Federal Contract Tower,18,3,43,0,64,0,2,103,9,114,18,5,146,9,178,50,0,50,228
03/10/2021,GNV,FL,ASO,ES,Federal Contract Tower,17,12,40,0,69,0,2,104,6,112,17,14,144,6,181,52,0,52,233
03/11/2021,GNV,FL,ASO,ES,Federal Contract Tower,18,15,68,1,102,0,0,135,4,139,18,15,203,5,241,94,0,94,335
03/12/2021,GNV,FL,ASO,ES,Federal Contract Tower,21,9,38,2,70,0,0,146,2,148,21,9,184,4,218,58,0,58,276
03/13/2021,GNV,FL,ASO,ES,Federal Contract Tower,14,12,43,0,69,0,0,0,0,0,14,12,43,0,69,66,0,66,135
03/14/2021,GNV,FL,ASO,ES,Federal Contract Tower,19,8,82,8,117,0,0,126,7,133,19,8,208,15,250,26,0,26,276
03/15/2021,GNV,FL,ASO,ES,Federal Contract Tower,18,6,36,4,64,0,0,106,0,106,18,6,142,4,170,28,0,28,198
03/16/2021,GNV,FL,ASO,ES,Federal Contract Tower,17,13,65,8,103,0,0,88,7,95,17,13,153,15,198,46,24,70,268
03/17/2021,GNV,FL,ASO,ES,Federal Contract Tower,19,9,39,0,67,0,2,75,9,86,19,11,114,9,153,77,14,91,244
03/18/2021,GNV,FL,ASO,ES,Federal Contract Tower,17,13,22,6,58,0,2,8,1,11,17,15,30,7,69,0,10,10,79
03/19/2021,GNV,FL,ASO,ES,Federal Contract Tower,21,14,62,5,102,0,0,92,5,97,21,14,154,10,199,22,0,22,221
03/20/2021,GNV,FL,ASO,ES,Federal Contract Tower,16,11,31,2,60,0,2,63,0,65,16,13,94,2,125,24,6,30,155
03/21/2021,GNV,FL,ASO,ES,Federal Contract Tower,18,8,49,3,78,0,0,1,1,2,18,8,50,4,80,0,0,0,80
03/22/2021,GNV,FL,ASO,ES,Federal Contract Tower,21,7,31,12,71,0,0,56,6,62,21,7,87,18,133,28,0,28,161
03/23/2021,GNV,FL,ASO,ES,Federal Contract Tower,16,8,35,6,65,0,3,58,8,69,16,11,93,14,134,54,0,54,188
03/24/2021,GNV,FL,ASO,ES,Federal Contract Tower,15,16,51,9,91,0,4,102,3,109,15,20,153,12,200,32,16,48,248
03/25/2021,GNV,FL,ASO,ES,Federal Contract Tower,18,8,41,5,72,0,0,69,5,74,18,8,110,10,146,12,0,12,158
03/26/2021,GNV,FL,ASO,ES,Federal Contract Tower,18,13,51,52,134,0,0,93,25,118,18,13,144,77,252,50,18,68,320
03/27/2021,GNV,FL,ASO,ES,Federal Contract Tower,15,11,30,0,56,0,0,69,1,70,15,11,99,1,126,44,0,44,170
03/28/2021,GNV,FL,ASO,ES,Federal Contract Tower,18,19,39,8,84,0,2,75,10,87,18,21,114,18,171,36,0,36,207
03/29/2021,GNV,FL,ASO,ES,Federal Contract Tower,19,9,41,0,69,0,0,72,1,73,19,9,113,1,142,44,0,44,186
03/30/2021,GNV,FL,ASO,ES,Federal Contract Tower,18,12,23,2,55,0,0,46,0,46,18,12,69,2,101,22,0,22,123
03/31/2021,GNV,FL,ASO,ES,Federal Contract Tower,16,17,52,0,85,0,10,55,2,67,16,27,107,2,152,82,0,82,234
04/01/2021,GNV,FL,ASO,ES,Federal Contract Tower,18,6,33,0,57,0,0,25,4,29,18,6,58,4,86,8,2,10,96
04/02/2021,GNV,FL,ASO,ES,Federal Contract Tower,19,8,36,3,66,0,0,78,5,83,19,8,114,8,149,38,0,38,187
04/03/2021,GNV,FL,ASO,ES,Federal Contract Tower,17,8,25,1,51,0,0,93,3,96,17,8,118,4,147,8,4,12,159
04/04/2021,GNV,FL,ASO,ES,Federal Contract Tower,18,6,35,0,59,0,0,109,0,109,18,6,144,0,168,32,0,32,200
04/05/2021,GNV,FL,ASO,ES,Federal Contract Tower,17,9,45,10,81,0,0,113,10,123,17,9,158,20,204,130,4,134,338
04/06/2021,GNV,FL,ASO,ES,Federal Contract Tower,15,4,49,4,72,0,3,96,13,112,15,7,145,17,184,44,6,50,234
04/07/2021,GNV,FL,ASO,ES,Federal Contract Tower,16,8,26,7,57,0,0,107,23,130,16,8,133,30,187,38,2,40,227
04/08/2021,GNV,FL,ASO,ES,Federal Contract Tower,18,5,51,12,86,0,0,178,27,205,18,5,229,39,291,44,0,44,335
04/09/2021,GNV,FL,ASO,ES,Federal Contract Tower,18,2,30,17,67,0,0,231,22,253,18,2,261,39,320,22,0,22,342
04/10/2021,GNV,FL,ASO,ES,Federal Contract Tower,18,3,23,1,45,0,0,119,1,120,18,3,142,2,165,12,0,12,177
04/11/2021,GNV,FL,ASO,ES,Federal Contract Tower,23,0,22,2,47,0,0,20,0,20,23,0,42,2,67,4,0,4,71
04/12/2021,GNV,FL,ASO,ES,Federal Contract Tower,17,16,46,23,102,0,0,114,33,147,17,16,160,56,249,52,10,62,311
04/13/2021,GNV,FL,ASO,ES,Federal Contract Tower,20,10,41,10,81,0,2,118,18,138,20,12,159,28,219,44,6,50,269
04/14/2021,GNV,FL,ASO,ES,Federal Contract Tower,16,9,29,14,68,0,6,107,7,120,16,15,136,21,188,34,20,54,242
04/15/2021,GNV,FL,ASO,ES,Federal Contract Tower,21,5,53,13,92,0,3,62,16,81,21,8,115,29,173,56,18,74,247
04/16/2021,GNV,FL,ASO,ES,Federal Contract Tower,18,3,35,7,63,0,0,29,15,44,18,3,64,22,107,26,0,26,133
04/17/2021,GNV,FL,ASO,ES,Federal Contract Tower,20,2,32,1,55,0,0,15,1,16,20,2,47,2,71,20,0,20,91
04/18/2021,GNV,FL,ASO,ES,Federal Contract Tower,16,6,23,1,46,0,0,14,0,14,16,6,37,1,60,0,0,0,60
04/19/2021,GNV,FL,ASO,ES,Federal Contract Tower,19,3,41,0,63,0,0,59,3,62,19,3,100,3,125,56,2,58,183
04/20/2021,GNV,FL,ASO,ES,Federal Contract Tower,18,9,67,4,98,0,0,55,4,59,18,9,122,8,157,48,0,48,205
04/21/2021,GNV,FL,ASO,ES,Federal Contract Tower,19,6,66,15,106,0,6,99,9,114,19,12,165,24,220,72,42,114,334
04/22/2021,GNV,FL,ASO,ES,Federal Contract Tower,14,13,32,11,70,0,0,137,6,143,14,13,169,17,213,82,10,92,305
04/23/2021,GNV,FL,ASO,ES,Federal Contract Tower,18,8,47,6,79,0,0,140,2,142,18,8,187,8,221,62,2,64,285
04/24/2021,GNV,FL,ASO,ES,Federal Contract Tower,15,1,22,1,39,0,2,26,0,28,15,3,48,1,67,2,0,2,69
04/25/2021,GNV,FL,ASO,ES,Federal Contract Tower,19,12,41,2,74,0,0,84,0,84,19,12,125,2,158,42,0,42,200
04/26/2021,GNV,FL,ASO,ES,Federal Contract Tower,18,14,47,0,79,0,0,107,2,109,18,14,154,2,188,56,12,68,256
04/27/2021,GNV,FL,ASO,ES,Federal Contract Tower,16,7,50,0,73,0,0,97,7,104,16,7,147,7,177,50,42,92,269
04/28/2021,GNV,FL,ASO,ES,Federal Contract Tower,17,12,46,2,77,0,0,115,2,117,17,12,161,4,194,56,6,62,256
04/29/2021,GNV,FL,ASO,ES,Federal Contract Tower,14,13,50,4,81,0,2,73,3,78,14,15,123,7,159,92,0,92,251
04/30/2021,GNV,FL,ASO,ES,Federal Contract Tower,17,12,40,1,70,0,0,69,5,74,17,12,109,6,144,22,0,22,166
05/01/2021,GNV,FL,ASO,ES,Federal Contract Tower,17,14,33,0,64,0,0,85,0,85,17,14,118,0,149,48,0,48,197
05/02/2021,GNV,FL,ASO,ES,Federal Contract Tower,21,10,32,4,67,0,0,70,9,79,21,10,102,13,146,20,0,20,166
05/03/2021,GNV,FL,ASO,ES,Federal Contract Tower,13,13,40,0,66,0,0,87,3,90,13,13,127,3,156,32,0,32,188
05/04/2021,GNV,FL,ASO,ES,Federal Contract Tower,15,4,50,18,87,0,0,82,6,88,15,4,132,24,175,58,16,74,249
05/05/2021,GNV,FL,ASO,ES,Federal Contract Tower,16,9,46,2,73,0,2,52,0,54,16,11,98,2,127,10,0,10,137
05/06/2021,GNV,FL,ASO,ES,Federal Contract Tower,17,12,34,17,80,0,0,47,3,50,17,12,81,20,130,68,0,68,198
05/07/2021,GNV,FL,ASO,ES,Federal Contract Tower,22,17,50,15,104,0,0,94,8,102,22,17,144,23,206,68,12,80,286
05/08/2021,GNV,FL,ASO,ES,Federal Contract Tower,16,7,40,14,77,0,0,146,6,152,16,7,186,20,229,68,22,90,319
05/09/2021,GNV,FL,ASO,ES,Federal Contract Tower,16,1,23,7,47,0,0,56,13,69,16,1,79,20,116,14,8,22,138
05/10/2021,GNV,FL,ASO,ES,Federal Contract Tower,15,3,40,14,72,0,0,53,4,57,15,3,93,18,129,16,12,28,157
05/11/2021,GNV,FL,ASO,ES,Federal Contract Tower,15,14,27,6,62,0,0,56,0,56,15,14,83,6,118,40,0,40,158
05/12/2021,GNV,FL,ASO,ES,Federal Contract Tower,20,3,29,1,53,0,4,88,4,96,20,7,117,5,149,32,0,32,181
05/13/2021,GNV,FL,ASO,ES,Federal Contract Tower,16,4,47,1,68,0,2,2,0,4,16,6,49,1,72,0,0,0,72
05/14/2021,GNV,FL,ASO,ES,Federal Contract Tower,16,10,25,7,58,0,0,87,8,95,16,10,112,15,153,34,0,34,187
05/15/2021,GNV,FL,ASO,ES,Federal Contract Tower,15,10,37,1,63,0,0,96,2,98,15,10,133,3,161,48,0,48,209
05/16/2021,GNV,FL,ASO,ES,Federal Contract Tower,15,4,35,3,57,0,0,68,0,68,15,4,103,3,125,12,0,12,137
05/17/2021,GNV,FL,ASO,ES,Federal Contract Tower,16,7,30,12,65,0,0,93,5,98,16,7,123,17,163,68,4,72,235
05/18/2021,GNV,FL,ASO,ES,Federal Contract Tower,13,16,29,11,69,0,2,71,12,85,13,18,100,23,154,40,14,54,208
05/19/2021,GNV,FL,ASO,ES,Federal Contract Tower,16,11,25,5,57,0,0,45,1,46,16,11,70,6,103,16,0,16,119
05/20/2021,GNV,FL,ASO,ES,Federal Contract Tower,19,9,44,6,78,0,0,56,5,61,19,9,100,11,139,36,2,38,177
05/21/2021,GNV,FL,ASO,ES,Federal Contract Tower,16,4,41,16,77,0,0,70,14,84,16,4,111,30,161,20,4,24,185
05/22/2021,GNV,FL,ASO,ES,Federal Contract Tower,19,6,16,3,44,0,0,80,2,82,19,6,96,5,126,40,0,40,166
05/23/2021,GNV,FL,ASO,ES,Federal Contract Tower,17,3,35,11,66,0,2,94,12,108,17,5,129,23,174,96,0,96,270
05/24/2021,GNV,FL,ASO,ES,Federal Contract Tower,16,13,43,0,72,0,0,123,0,123,16,13,166,0,195,98,0,98,293
05/25/2021,GNV,FL,ASO,ES,Federal Contract Tower,14,12,56,2,84,0,1,123,7,131,14,13,179,9,215,35,6,41,256
05/26/2021,GNV,FL,ASO,ES,Federal Contract Tower,19,12,24,18,73,0,1,106,10,117,19,13,130,28,190,66,26,92,282
05/27/2021,GNV,FL,ASO,ES,Federal Contract Tower,16,8,33,9,66,0,0,117,0,117,16,8,150,9,183,48,8,56,239
05/28/2021,GNV,FL,ASO,ES,Federal Contract Tower,19,3,47,3,72,0,0,139,1,140,19,3,186,4,212,80,0,80,292
05/29/2021,GNV,FL,ASO,ES,Federal Contract Tower,16,5,36,0,57,0,2,100,0,102,16,7,136,0,159,36,0,36,195
05/30/2021,GNV,FL,ASO,ES,Federal Contract Tower,15,8,15,0,38,0,0,70,0,70,15,8,85,0,108,56,0,56,164
05/31/2021,GNV,FL,ASO,ES,Federal Contract Tower,21,5,36,0,62,0,0,61,0,61,21,5,97,0,123,10,0,10,133
06/01/2021,GNV,FL,ASO,ES,Federal Contract Tower,16,14,37,0,67,0,2,96,0,98,16,16,133,0,165,26,0,26,191
06/02/2021,GNV,FL,ASO,ES,Federal Contract Tower,16,12,34,8,70,0,5,60,4,69,16,17,94,12,139,20,8,28,167
06/03/2021,GNV,FL,ASO,ES,Federal Contract Tower,16,6,33,6,61,0,0,34,0,34,16,6,67,6,95,44,0,44,139
06/04/2021,GNV,FL,ASO,ES,Federal Contract Tower,18,10,43,2,73,0,1,55,2,58,18,11,98,4,131,56,0,56,187
06/05/2021,GNV,FL,ASO,ES,Federal Contract Tower,19,12,25,0,56,0,2,52,2,56,19,14,77,2,112,20,0,20,132
06/06/2021,GNV,FL,ASO,ES,Federal Contract Tower,19,10,28,12,69,0,0,59,5,64,19,10,87,17,133,14,0,14,147
06/07/2021,GNV,FL,ASO,ES,Federal Contract Tower,20,11,25,10,66,0,0,22,0,22,20,11,47,10,88,34,0,34,122
06/08/2021,GNV,FL,ASO,ES,Federal Contract Tower,22,10,26,7,65,0,0,78,4,82,22,10,104,11,147,75,0,75,222
06/09/2021,GNV,FL,ASO,ES,Federal Contract Tower,15,16,42,6,79,0,0,75,0,75,15,16,117,6,154,98,0,98,252
06/10/2021,GNV,FL,ASO,ES,Federal Contract Tower,19,12,28,3,62,0,0,108,0,108,19,12,136,3,170,82,0,82,252
06/11/2021,GNV,FL,ASO,ES,Federal Contract Tower,21,8,38,2,69,0,0,81,0,81,21,8,119,2,150,26,0,26,176
06/12/2021,GNV,FL,ASO,ES,Federal Contract Tower,22,0,26,0,48,0,0,64,0,64,22,0,90,0,112,2,0,2,114
06/13/2021,GNV,FL,ASO,ES,Federal Contract Tower,20,9,28,0,57,0,0,26,0,26,20,9,54,0,83,30,0,30,113
06/14/2021,GNV,FL,ASO,ES,Federal Contract Tower,18,11,30,0,59,0,0,12,4,16,18,11,42,4,75,0,0,0,75
06/15/2021,GNV,FL,ASO,ES,Federal Contract Tower,15,16,15,0,46,0,0,38,0,38,15,16,53,0,84,56,0,56,140
06/16/2021,GNV,FL,ASO,ES,Federal Contract Tower,17,15,30,1,63,0,2,69,2,73,17,17,99,3,136,76,6,82,218
06/17/2021,GNV,FL,ASO,ES,Federal Contract Tower,18,7,32,4,61,0,0,63,1,64,18,7,95,5,125,60,0,60,185
06/18/2021,GNV,FL,ASO,ES,Federal Contract Tower,19,13,41,1,74,0,0,91,8,99,19,13,132,9,173,54,0,54,227
06/19/2021,GNV,FL,ASO,ES,Federal Contract Tower,20,7,25,0,52,0,0,69,0,69,20,7,94,0,121,8,0,8,129
06/20/2021,GNV,FL,ASO,ES,Federal Contract Tower,23,7,19,0,49,0,0,11,12,23,23,7,30,12,72,0,0,0,72
06/21/2021,GNV,FL,ASO,ES,Federal Contract Tower,15,15,32,8,70,0,0,6,0,6,15,15,38,8,76,16,0,16,92
06/22/2021,GNV,FL,ASO,ES,Federal Contract Tower,17,14,8,0,39,0,2,26,0,28,17,16,34,0,67,42,0,42,109
06/23/2021,GNV,FL,ASO,ES,Federal Contract Tower,17,12,29,0,58,0,0,32,2,34,17,12,61,2,92,22,0,22,114
06/24/2021,GNV,FL,ASO,ES,Federal Contract Tower,22,8,26,2,58,0,0,19,2,21,22,8,45,4,79,26,0,26,105
06/25/2021,GNV,FL,ASO,ES,Federal Contract Tower,22,6,34,12,74,0,0,37,10,47,22,6,71,22,121,24,0,24,145
06/26/2021,GNV,FL,ASO,ES,Federal Contract Tower,21,5,27,0,53,0,0,21,0,21,21,5,48,0,74,48,0,48,122
06/27/2021,GNV,FL,ASO,ES,Federal Contract Tower,21,4,46,3,74,0,0,65,7,72,21,4,111,10,146,44,0,44,190
06/28/2021,GNV,FL,ASO,ES,Federal Contract Tower,17,6,33,0,56,0,0,86,0,86,17,6,119,0,142,52,0,52,194
06/30/2021,GNV,FL,ASO,ES,Federal Contract Tower,16,17,25,9,67,0,0,28,2,30,16,17,53,11,97,24,0,24,121
07/01/2021,GNV,FL,ASO,ES,Federal Contract Tower,18,14,29,6,67,0,0,43,3,46,18,14,72,9,113,12,2,14,127
07/02/2021,GNV,FL,ASO,ES,Federal Contract Tower,14,9,23,0,46,0,0,19,0,19,14,9,42,0,65,0,0,0,65
07/03/2021,GNV,FL,ASO,ES,Federal Contract Tower,16,11,15,0,42,0,0,5,0,5,16,11,20,0,47,0,0,0,47
07/04/2021,GNV,FL,ASO,ES,Federal Contract Tower,12,10,8,0,30,2,0,0,0,2,14,10,8,0,32,8,0,8,40
07/05/2021,GNV,FL,ASO,ES,Federal Contract Tower,18,16,37,0,71,0,0,40,0,40,18,16,77,0,111,4,0,4,115
07/06/2021,GNV,FL,ASO,ES,Federal Contract Tower,17,12,16,0,45,33,0,0,0,33,50,12,16,0,78,0,0,0,78
07/07/2021,GNV,FL,ASO,ES,Federal Contract Tower,15,2,3,0,20,0,0,1,0,1,15,2,4,0,21,0,0,0,21
07/08/2021,GNV,FL,ASO,ES,Federal Contract Tower,19,6,36,0,61,0,0,52,8,60,19,6,88,8,121,62,54,116,237
07/09/2021,GNV,FL,ASO,ES,Federal Contract Tower,19,6,29,3,57,0,0,50,2,52,19,6,79,5,109,52,0,52,161
07/10/2021,GNV,FL,ASO,ES,Federal Contract Tower,18,8,29,0,55,0,0,94,0,94,18,8,123,0,149,32,0,32,181
07/11/2021,GNV,FL,ASO,ES,Federal Contract Tower,19,9,23,0,51,0,0,46,2,48,19,9,69,2,99,24,0,24,123
07/12/2021,GNV,FL,ASO,ES,Federal Contract Tower,19,12,24,5,60,0,0,58,1,59,19,12,82,6,119,44,0,44,163
07/13/2021,GNV,FL,ASO,ES,Federal Contract Tower,18,8,16,3,45,0,4,59,2,65,18,12,75,5,110,50,4,54,164
07/14/2021,GNV,FL,ASO,ES,Federal Contract Tower,18,10,37,0,65,0,10,66,2,78,18,20,103,2,143,40,0,40,183
07/15/2021,GNV,FL,ASO,ES,Federal Contract Tower,21,7,33,1,62,0,2,93,6,101,21,9,126,7,163,96,0,96,259
07/16/2021,GNV,FL,ASO,ES,Federal Contract Tower,17,9,31,16,73,0,7,118,7,132,17,16,149,23,205,100,8,108,313
07/17/2021,GNV,FL,ASO,ES,Federal Contract Tower,18,12,19,0,49,0,0,89,0,89,18,12,108,0,138,52,0,52,190
07/18/2021,GNV,FL,ASO,ES,Federal Contract Tower,17,9,22,9,57,0,5,52,16,73,17,14,74,25,130,14,0,14,144
07/19/2021,GNV,FL,ASO,ES,Federal Contract Tower,18,15,26,2,61,0,0,49,16,65,18,15,75,18,126,34,0,34,160
07/20/2021,GNV,FL,ASO,ES,Federal Contract Tower,17,7,26,8,58,0,0,40,6,46,17,7,66,14,104,34,0,34,138
07/21/2021,GNV,FL,ASO,ES,Federal Contract Tower,17,13,43,0,73,0,2,47,2,51,17,15,90,2,124,30,2,32,156
07/22/2021,GNV,FL,ASO,ES,Federal Contract Tower,18,10,20,0,48,0,0,60,5,65,18,10,80,5,113,74,26,100,213
07/23/2021,GNV,FL,ASO,ES,Federal Contract Tower,18,8,24,3,53,0,0,32,7,39,18,8,56,10,92,24,0,24,116
07/24/2021,GNV,FL,ASO,ES,Federal Contract Tower,19,5,31,0,55,0,0,66,2,68,19,5,97,2,123,10,0,10,133
07/25/2021,GNV,FL,ASO,ES,Federal Contract Tower,20,5,40,6,71,0,3,80,4,87,20,8,120,10,158,74,0,74,232
07/26/2021,GNV,FL,ASO,ES,Federal Contract Tower,17,10,36,0,63,0,0,47,0,47,17,10,83,0,110,70,0,70,180
07/27/2021,GNV,FL,ASO,ES,Federal Contract Tower,17,11,24,0,52,0,5,65,0,70,17,16,89,0,122,96,16,112,234
07/28/2021,GNV,FL,ASO,ES,Federal Contract Tower,17,15,32,12,76,0,0,48,9,57,17,15,80,21,133,34,0,34,167
07/29/2021,GNV,FL,ASO,ES,Federal Contract Tower,16,16,55,17,104,0,2,64,1,67,16,18,119,18,171,96,0,96,267
07/30/2021,GNV,FL,ASO,ES,Federal Contract Tower,17,10,40,1,68,0,2,60,11,73,17,12,100,12,141,40,0,40,181
07/31/2021,GNV,FL,ASO,ES,Federal Contract Tower,21,11,45,0,77,0,0,73,4,77,21,11,118,4,154,48,0,48,202
08/01/2021,GNV,FL,ASO,ES,Federal Contract Tower,18,9,27,0,54,0,0,28,6,34,18,9,55,6,88,22,0,22,110
08/02/2021,GNV,FL,ASO,ES,Federal Contract Tower,14,8,28,0,50,0,3,41,1,45,14,11,69,1,95,46,0,46,141
08/03/2021,GNV,FL,ASO,ES,Federal Contract Tower,17,15,17,0,49,0,2,4,0,6,17,17,21,0,55,0,0,0,55
08/04/2021,GNV,FL,ASO,ES,Federal Contract Tower,19,10,43,0,72,0,2,31,0,33,19,12,74,0,105,12,0,12,117
08/05/2021,GNV,FL,ASO,ES,Federal Contract Tower,19,9,21,0,49,0,0,20,0,20,19,9,41,0,69,38,0,38,107
08/06/2021,GNV,FL,ASO,ES,Federal Contract Tower,18,7,41,8,74,0,5,41,10,56,18,12,82,18,130,26,0,26,156
08/07/2021,GNV,FL,ASO,ES,Federal Contract Tower,14,5,29,4,52,0,7,76,0,83,14,12,105,4,135,58,0,58,193
08/08/2021,GNV,FL,ASO,ES,Federal Contract Tower,21,7,33,11,72,0,1,69,10,80,21,8,102,21,152,12,38,50,202
08/09/2021,GNV,FL,ASO,ES,Federal Contract Tower,15,15,19,1,50,0,0,66,1,67,15,15,85,2,117,94,0,94,211
08/10/2021,GNV,FL,ASO,ES,Federal Contract Tower,17,9,27,3,56,0,2,93,5,100,17,11,120,8,156,66,0,66,222
08/11/2021,GNV,FL,ASO,ES,Federal Contract Tower,19,7,26,2,54,0,0,108,2,110,19,7,134,4,164,114,0,114,278
08/12/2021,GNV,FL,ASO,ES,Federal Contract Tower,19,10,24,2,55,0,0,56,2,58,19,10,80,4,113,70,14,84,197
08/13/2021,GNV,FL,ASO,ES,Federal Contract Tower,18,12,33,0,63,0,3,80,0,83,18,15,113,0,146,48,0,48,194
08/14/2021,GNV,FL,ASO,ES,Federal Contract Tower,10,6,23,0,39,0,0,35,0,35,10,6,58,0,74,18,0,18,92
08/15/2021,GNV,FL,ASO,ES,Federal Contract Tower,18,3,17,0,38,0,0,46,0,46,18,3,63,0,84,13,0,13,97
08/16/2021,GNV,FL,ASO,ES,Federal Contract Tower,16,7,33,2,58,0,0,30,3,33,16,7,63,5,91,22,10,32,123
08/17/2021,GNV,FL,ASO,ES,Federal Contract Tower,14,9,35,12,70,0,2,18,4,24,14,11,53,16,94,10,10,20,114
08/18/2021,GNV,FL,ASO,ES,Federal Contract Tower,15,8,31,6,60,0,4,72,7,83,15,12,103,13,143,36,0,36,179
08/19/2021,GNV,FL,ASO,ES,Federal Contract Tower,18,7,25,8,58,0,2,81,6,89,18,9,106,14,147,60,8,68,215
08/20/2021,GNV,FL,ASO,ES,Federal Contract Tower,16,11,28,2,57,0,6,90,0,96,16,17,118,2,153,40,0,40,193
08/21/2021,GNV,FL,ASO,ES,Federal Contract Tower,11,8,25,1,45,0,0,103,0,103,11,8,128,1,148,48,0,48,196
08/22/2021,GNV,FL,ASO,ES,Federal Contract Tower,16,2,27,0,45,0,0,65,0,65,16,2,92,0,110,40,0,40,150
08/23/2021,GNV,FL,ASO,ES,Federal Contract Tower,13,11,39,2,65,0,4,47,4,55,13,15,86,6,120,50,10,60,180
08/24/2021,GNV,FL,ASO,ES,Federal Contract Tower,16,8,34,4,62,0,0,36,2,38,16,8,70,6,100,58,0,58,158
08/25/2021,GNV,FL,ASO,ES,Federal Contract Tower,16,4,25,1,46,0,0,43,2,45,16,4,68,3,91,38,0,38,129
08/26/2021,GNV,FL,ASO,ES,Federal Contract Tower,16,5,34,0,55,0,0,30,2,32,16,5,64,2,87,20,0,20,107
08/27/2021,GNV,FL,ASO,ES,Federal Contract Tower,16,6,39,3,64,0,1,11,4,16,16,7,50,7,80,18,0,18,98
08/28/2021,GNV,FL,ASO,ES,Federal Contract Tower,12,6,19,2,39,0,0,40,0,40,12,6,59,2,79,12,0,12,91
08/29/2021,GNV,FL,ASO,ES,Federal Contract Tower,16,6,33,0,55,0,0,34,0,34,16,6,67,0,89,34,0,34,123
08/30/2021,GNV,FL,ASO,ES,Federal Contract Tower,14,12,40,4,70,0,0,117,0,117,14,12,157,4,187,174,0,174,361
08/31/2021,GNV,FL,ASO,ES,Federal Contract Tower,14,6,28,6,54,0,0,57,3,60,14,6,85,9,114,30,0,30,144
09/01/2021,GNV,FL,ASO,ES,Federal Contract Tower,10,14,31,5,60,0,0,0,0,0,10,14,31,5,60,0,0,0,60
09/02/2021,GNV,FL,ASO,ES,Federal Contract Tower,15,8,30,0,53,0,2,30,0,32,15,10,60,0,85,12,0,12,97
09/03/2021,GNV,FL,ASO,ES,Federal Contract Tower,13,21,53,0,87,0,0,42,0,42,13,21,95,0,129,38,0,38,167
09/04/2021,GNV,FL,ASO,ES,Federal Contract Tower,12,18,30,0,60,0,0,128,2,130,12,18,158,2,190,42,0,42,232
09/05/2021,GNV,FL,ASO,ES,Federal Contract Tower,15,3,39,0,57,0,0,56,0,56,15,3,95,0,113,14,0,14,127
09/06/2021,GNV,FL,ASO,ES,Federal Contract Tower,16,2,15,0,33,0,0,71,0,71,16,2,86,0,104,46,0,46,150
09/07/2021,GNV,FL,ASO,ES,Federal Contract Tower,16,3,29,3,51,0,0,41,4,45,16,3,70,7,96,76,0,76,172
09/08/2021,GNV,FL,ASO,ES,Federal Contract Tower,15,13,39,0,67,0,4,64,3,71,15,17,103,3,138,50,0,50,188
09/09/2021,GNV,FL,ASO,ES,Federal Contract Tower,17,5,28,1,51,0,8,18,5,31,17,13,46,6,82,60,0,60,142
09/10/2021,GNV,FL,ASO,ES,Federal Contract Tower,16,10,50,2,78,0,3,45,6,54,16,13,95,8,132,72,0,72,204
09/11/2021,GNV,FL,ASO,ES,Federal Contract Tower,13,4,31,0,48,0,0,44,0,44,13,4,75,0,92,22,0,22,114
09/12/2021,GNV,FL,ASO,ES,Federal Contract Tower,19,5,38,0,62,0,0,87,2,89,19,5,125,2,151,64,0,64,215
09/13/2021,GNV,FL,ASO,ES,Federal Contract Tower,20,7,36,4,67,0,1,130,3,134,20,8,166,7,201,104,12,116,317
09/14/2021,GNV,FL,ASO,ES,Federal Contract Tower,18,7,26,7,58,0,0,56,1,57,18,7,82,8,115,86,0,86,201
09/15/2021,GNV,FL,ASO,ES,Federal Contract Tower,18,11,22,6,57,0,0,41,6,47,18,11,63,12,104,28,14,42,146
09/16/2021,GNV,FL,ASO,ES,Federal Contract Tower,22,6,25,2,55,0,0,37,14,51,22,6,62,16,106,28,18,46,152
09/17/2021,GNV,FL,ASO,ES,Federal Contract Tower,20,25,51,3,99,0,0,24,2,26,20,25,75,5,125,26,0,26,151
09/18/2021,GNV,FL,ASO,ES,Federal Contract Tower,19,39,131,2,191,0,0,27,2,29,19,39,158,4,220,0,0,0,220
09/19/2021,GNV,FL,ASO,ES,Federal Contract Tower,19,10,73,1,103,0,0,23,0,23,19,10,96,1,126,32,0,32,158
09/20/2021,GNV,FL,ASO,ES,Federal Contract Tower,20,8,19,5,52,0,0,13,0,13,20,8,32,5,65,26,0,26,91
09/21/2021,GNV,FL,ASO,ES,Federal Contract Tower,16,17,37,5,75,0,0,41,0,41,16,17,78,5,116,6,6,12,128
09/22/2021,GNV,FL,ASO,ES,Federal Contract Tower,16,13,50,2,81,0,0,67,1,68,16,13,117,3,149,98,0,98,247
09/23/2021,GNV,FL,ASO,ES,Federal Contract Tower,22,7,33,4,66,0,0,105,5,110,22,7,138,9,176,44,6,50,226
09/24/2021,GNV,FL,ASO,ES,Federal Contract Tower,19,14,62,2,97,0,6,98,3,107,19,20,160,5,204,88,4,92,296
09/25/2021,GNV,FL,ASO,ES,Federal Contract Tower,19,20,67,0,106,0,11,122,2,135,19,31,189,2,241,18,0,18,259
09/26/2021,GNV,FL,ASO,ES,Federal Contract Tower,20,6,49,0,75,0,0,139,0,139,20,6,188,0,214,32,0,32,246
09/27/2021,GNV,FL,ASO,ES,Federal Contract Tower,17,8,41,6,72,0,3,104,2,109,17,11,145,8,181,38,0,38,219
09/28/2021,GNV,FL,ASO,ES,Federal Contract Tower,16,12,25,2,55,0,5,110,8,123,16,17,135,10,178,88,6,94,272
09/29/2021,GNV,FL,ASO,ES,Federal Contract Tower,18,6,44,4,72,0,0,101,1,102,18,6,145,5,174,126,2,128,302
09/30/2021,GNV,FL,ASO,ES,Federal Contract Tower,20,12,32,2,66,0,10,96,4,110,20,22,128,6,176,40,0,40,216
10/01/2021,GNV,FL,ASO,ES,Federal Contract Tower,22,12,28,12,74,0,0,83,3,86,22,12,111,15,160,44,0,44,204
10/02/2021,GNV,FL,ASO,ES,Federal Contract Tower,16,3,28,2,49,0,0,71,10,81,16,3,99,12,130,52,0,52,182
10/03/2021,GNV,FL,ASO,ES,Federal Contract Tower,32,8,31,28,99,0,0,71,9,80,32,8,102,37,179,0,0,0,179
10/04/2021,GNV,FL,ASO,ES,Federal Contract Tower,20,12,22,2,56,0,6,67,0,73,20,18,89,2,129,24,0,24,153
10/05/2021,GNV,FL,ASO,ES,Federal Contract Tower,18,11,24,10,63,0,2,48,0,50,18,13,72,10,113,44,16,60,173
10/06/2021,GNV,FL,ASO,ES,Federal Contract Tower,16,5,27,2,50,0,0,45,8,53,16,5,72,10,103,12,0,12,115
10/07/2021,GNV,FL,ASO,ES,Federal Contract Tower,21,12,24,0,57,0,0,74,1,75,21,12,98,1,132,60,10,70,202
10/08/2021,GNV,FL,ASO,ES,Federal Contract Tower,22,13,53,0,88,0,0,42,4,46,22,13,95,4,134,0,0,0,134
10/09/2021,GNV,FL,ASO,ES,Federal Contract Tower,18,16,44,0,78,0,0,60,2,62,18,16,104,2,140,12,0,12,152
10/10/2021,GNV,FL,ASO,ES,Federal Contract Tower,21,1,56,0,78,0,0,111,1,112,21,1,167,1,190,52,0,52,242
10/11/2021,GNV,FL,ASO,ES,Federal Contract Tower,17,15,31,0,63,0,0,67,1,68,17,15,98,1,131,82,0,82,213
10/12/2021,GNV,FL,ASO,ES,Federal Contract Tower,15,15,39,5,74,0,0,75,4,79,15,15,114,9,153,98,8,106,259
10/13/2021,GNV,FL,ASO,ES,Federal Contract Tower,19,6,33,3,61,0,0,104,3,107,19,6,137,6,168,98,0,98,266
10/14/2021,GNV,FL,ASO,ES,Federal Contract Tower,19,15,30,5,69,0,5,66,5,76,19,20,96,10,145,85,12,97,242
10/15/2021,GNV,FL,ASO,ES,Federal Contract Tower,19,15,50,17,101,0,3,79,4,86,19,18,129,21,187,38,20,58,245
10/16/2021,GNV,FL,ASO,ES,Federal Contract Tower,14,14,27,7,62,0,0,86,0,86,14,14,113,7,148,18,0,18,166
10/17/2021,GNV,FL,ASO,ES,Federal Contract Tower,13,21,27,18,79,0,0,112,4,116,13,21,139,22,195,14,0,14,209
10/18/2021,GNV,FL,ASO,ES,Federal Contract Tower,19,8,30,6,63,0,0,99,7,106,19,8,129,13,169,32,0,32,201
10/19/2021,GNV,FL,ASO,ES,Federal Contract Tower,16,4,24,4,48,0,1,80,6,87,16,5,104,10,135,72,6,78,213
10/20/2021,GNV,FL,ASO,ES,Federal Contract Tower,13,15,23,14,65,0,10,89,15,114,13,25,112,29,179,34,74,108,287
10/21/2021,GNV,FL,ASO,ES,Federal Contract Tower,20,13,35,3,71,0,0,78,3,81,20,13,113,6,152,68,0,68,220
10/22/2021,GNV,FL,ASO,ES,Federal Contract Tower,24,15,31,14,84,0,0,83,4,87,24,15,114,18,171,78,0,78,249
10/23/2021,GNV,FL,ASO,ES,Federal Contract Tower,15,11,24,2,52,0,0,107,0,107,15,11,131,2,159,40,0,40,199
10/24/2021,GNV,FL,ASO,ES,Federal Contract Tower,16,13,27,8,64,0,0,73,0,73,16,13,100,8,137,8,0,8,145
10/25/2021,GNV,FL,ASO,ES,Federal Contract Tower,22,11,26,9,68,0,0,48,5,53,22,11,74,14,121,24,0,24,145
10/26/2021,GNV,FL,ASO,ES,Federal Contract Tower,18,13,39,13,83,0,0,106,14,120,18,13,145,27,203,106,8,114,317
10/27/2021,GNV,FL,ASO,ES,Federal Contract Tower,20,5,32,15,72,0,8,92,19,119,20,13,124,34,191,83,0,83,274
10/28/2021,GNV,FL,ASO,ES,Federal Contract Tower,18,16,27,0,61,0,0,0,0,0,18,16,27,0,61,0,0,0,61
10/29/2021,GNV,FL,ASO,ES,Federal Contract Tower,19,13,34,4,70,0,0,46,0,46,19,13,80,4,116,30,10,40,156
10/30/2021,GNV,FL,ASO,ES,Federal Contract Tower,16,8,20,0,44,0,0,74,0,74,16,8,94,0,118,32,0,32,150
10/31/2021,GNV,FL,ASO,ES,Federal Contract Tower,15,15,35,6,71,0,0,96,4,100,15,15,131,10,171,28,2,30,201
11/01/2021,GNV,FL,ASO,ES,Federal Contract Tower,18,9,20,2,49,0,0,82,0,82,18,9,102,2,131,32,0,32,163
11/02/2021,GNV,FL,ASO,ES,Federal Contract Tower,16,12,33,2,63,0,1,84,9,94,16,13,117,11,157,60,14,74,231
11/03/2021,GNV,FL,ASO,ES,Federal Contract Tower,16,18,38,0,72,0,0,96,6,102,16,18,134,6,174,58,2,60,234
11/04/2021,GNV,FL,ASO,ES,Federal Contract Tower,14,11,49,0,74,0,0,10,3,13,14,11,59,3,87,0,0,0,87
11/05/2021,GNV,FL,ASO,ES,Federal Contract Tower,11,24,15,0,50,0,0,1,0,1,11,24,16,0,51,0,0,0,51
11/06/2021,GNV,FL,ASO,ES,Federal Contract Tower,15,13,10,0,38,0,0,2,0,2,15,13,12,0,40,0,0,0,40
11/07/2021,GNV,FL,ASO,ES,Federal Contract Tower,22,9,37,0,68,0,0,73,0,73,22,9,110,0,141,10,0,10,151
11/09/2021,GNV,FL,ASO,ES,Federal Contract Tower,17,10,27,1,55,0,0,102,5,107,17,10,129,6,162,82,8,90,252
11/10/2021,GNV,FL,ASO,ES,Federal Contract Tower,18,9,32,13,72,0,0,115,9,124,18,9,147,22,196,78,0,78,274
11/11/2021,GNV,FL,ASO,ES,Federal Contract Tower,20,14,42,0,76,0,2,54,0,56,20,16,96,0,132,76,0,76,208
11/12/2021,GNV,FL,ASO,ES,Federal Contract Tower,18,14,49,4,85,0,0,34,0,34,18,14,83,4,119,80,0,80,199
11/13/2021,GNV,FL,ASO,ES,Federal Contract Tower,14,14,34,2,64,0,0,38,0,38,14,14,72,2,102,12,0,12,114
11/14/2021,GNV,FL,ASO,ES,Federal Contract Tower,18,12,38,2,70,0,0,112,0,112,18,12,150,2,182,94,0,94,276
11/15/2021,GNV,FL,ASO,ES,Federal Contract Tower,20,7,35,0,62,0,0,135,17,152,20,7,170,17,214,104,0,104,318
11/16/2021,GNV,FL,ASO,ES,Federal Contract Tower,15,18,31,1,65,0,2,136,15,153,15,20,167,16,218,86,28,114,332
11/17/2021,GNV,FL,ASO,ES,Federal Contract Tower,19,12,37,8,76,0,3,115,10,128,19,15,152,18,204,141,24,165,369
11/18/2021,GNV,FL,ASO,ES,Federal Contract Tower,17,11,38,6,72,0,0,63,0,63,17,11,101,6,135,50,10,60,195
11/19/2021,GNV,FL,ASO,ES,Federal Contract Tower,19,12,58,20,109,0,0,99,10,109,19,12,157,30,218,34,0,34,252
11/20/2021,GNV,FL,ASO,ES,Federal Contract Tower,16,10,36,0,62,0,0,40,3,43,16,10,76,3,105,18,0,18,123
11/21/2021,GNV,FL,ASO,ES,Federal Contract Tower,23,10,46,4,83,0,0,74,4,78,23,10,120,8,161,22,0,22,183
11/22/2021,GNV,FL,ASO,ES,Federal Contract Tower,14,14,57,0,85,0,0,48,0,48,14,14,105,0,133,84,0,84,217
11/23/2021,GNV,FL,ASO,ES,Federal Contract Tower,15,12,47,1,75,0,0,95,3,98,15,12,142,4,173,76,2,78,251
11/24/2021,GNV,FL,ASO,ES,Federal Contract Tower,18,13,45,0,76,0,14,146,0,160,18,27,191,0,236,106,0,106,342
11/25/2021,GNV,FL,ASO,ES,Federal Contract Tower,12,7,9,0,28,0,0,40,0,40,12,7,49,0,68,22,0,22,90
11/26/2021,GNV,FL,ASO,ES,Federal Contract Tower,14,10,29,0,53,0,2,38,0,40,14,12,67,0,93,30,0,30,123
11/27/2021,GNV,FL,ASO,ES,Federal Contract Tower,19,19,73,0,111,0,0,144,2,146,19,19,217,2,257,26,4,30,287
11/28/2021,GNV,FL,ASO,ES,Federal Contract Tower,18,14,51,5,88,0,0,98,0,98,18,14,149,5,186,48,0,48,234
11/29/2021,GNV,FL,ASO,ES,Federal Contract Tower,24,7,48,8,87,0,1,123,2,126,24,8,171,10,213,110,0,110,323
11/30/2021,GNV,FL,ASO,ES,Federal Contract Tower,18,15,50,0,83,0,1,111,3,115,18,16,161,3,198,46,0,46,244
12/01/2021,GNV,FL,ASO,ES,Federal Contract Tower,18,19,37,4,78,0,0,93,9,102,18,19,130,13,180,46,12,58,238
12/02/2021,GNV,FL,ASO,ES,Federal Contract Tower,21,14,46,6,87,0,0,129,4,133,21,14,175,10,220,40,0,40,260
12/03/2021,GNV,FL,ASO,ES,Federal Contract Tower,18,11,36,17,82,0,0,74,4,78,18,11,110,21,160,16,4,20,180
12/04/2021,GNV,FL,ASO,ES,Federal Contract Tower,14,5,41,8,68,0,0,57,4,61,14,5,98,12,129,2,0,2,131
12/05/2021,GNV,FL,ASO,ES,Federal Contract Tower,21,6,51,1,79,0,0,89,3,92,21,6,140,4,171,56,0,56,227
12/06/2021,GNV,FL,ASO,ES,Federal Contract Tower,18,9,41,10,78,0,0,100,4,104,18,9,141,14,182,120,12,132,314
12/07/2021,GNV,FL,ASO,ES,Federal Contract Tower,14,25,39,8,86,0,0,31,1,32,14,25,70,9,118,48,0,48,166
12/08/2021,GNV,FL,ASO,ES,Federal Contract Tower,18,15,39,2,74,0,0,31,3,34,18,15,70,5,108,2,0,2,110
12/09/2021,GNV,FL,ASO,ES,Federal Contract Tower,21,13,47,4,85,0,0,4,2,6,21,13,51,6,91,0,0,0,91
12/10/2021,GNV,FL,ASO,ES,Federal Contract Tower,14,16,38,31,99,0,0,102,11,113,14,16,140,42,212,44,14,58,270
12/11/2021,GNV,FL,ASO,ES,Federal Contract Tower,13,6,34,0,53,0,0,76,2,78,13,6,110,2,131,14,0,14,145
12/12/2021,GNV,FL,ASO,ES,Federal Contract Tower,18,4,33,6,61,0,0,9,4,13,18,4,42,10,74,0,0,0,74
12/13/2021,GNV,FL,ASO,ES,Federal Contract Tower,19,10,40,0,69,0,0,97,2,99,19,10,137,2,168,62,0,62,230
12/14/2021,GNV,FL,ASO,ES,Federal Contract Tower,13,12,39,0,64,0,0,37,0,37,13,12,76,0,101,74,0,74,175
12/15/2021,GNV,FL,ASO,ES,Federal Contract Tower,17,18,53,7,95,0,1,64,11,76,17,19,117,18,171,20,0,20,191
12/16/2021,GNV,FL,ASO,ES,Federal Contract Tower,19,19,25,1,64,0,0,65,6,71,19,19,90,7,135,98,0,98,233
12/17/2021,GNV,FL,ASO,ES,Federal Contract Tower,16,9,35,10,70,0,0,126,2,128,16,9,161,12,198,54,6,60,258
12/18/2021,GNV,FL,ASO,ES,Federal Contract Tower,13,10,32,18,73,0,0,74,0,74,13,10,106,18,147,22,24,46,193
12/19/2021,GNV,FL,ASO,ES,Federal Contract Tower,17,12,25,58,112,0,0,10,1,11,17,12,35,59,123,4,0,4,127
12/20/2021,GNV,FL,ASO,ES,Federal Contract Tower,17,6,34,0,57,0,0,5,0,5,17,6,39,0,62,0,0,0,62
12/21/2021,GNV,FL,ASO,ES,Federal Contract Tower,16,12,18,0,46,0,0,0,0,0,16,12,18,0,46,0,0,0,46
12/22/2021,GNV,FL,ASO,ES,Federal Contract Tower,17,13,41,7,78,0,0,60,5,65,17,13,101,12,143,64,0,64,207
12/23/2021,GNV,FL,ASO,ES,Federal Contract Tower,13,9,21,2,45,0,0,100,0,100,13,9,121,2,145,34,0,34,179
12/24/2021,GNV,FL,ASO,ES,Federal Contract Tower,12,8,17,0,37,0,0,52,0,52,12,8,69,0,89,26,0,26,115
12/25/2021,GNV,FL,ASO,ES,Federal Contract Tower,11,7,11,0,29,0,0,26,0,26,11,7,37,0,55,0,0,0,55
12/26/2021,GNV,FL,ASO,ES,Federal Contract Tower,9,15,23,0,47,0,0,55,0,55,9,15,78,0,102,0,0,0,102
12/27/2021,GNV,FL,ASO,ES,Federal Contract Tower,15,14,45,2,76,0,0,31,0,31,15,14,76,2,107,4,0,4,111
12/28/2021,GNV,FL,ASO,ES,Federal Contract Tower,17,9,39,21,86,2,1,63,1,67,19,10,102,22,153,38,6,44,197
12/29/2021,GNV,FL,ASO,ES,Federal Contract Tower,16,13,27,3,59,0,0,89,1,90,16,13,116,4,149,30,2,32,181
12/30/2021,GNV,FL,ASO,ES,Federal Contract Tower,17,11,38,0,66,0,0,27,0,27,17,11,65,0,93,0,0,0,93
12/31/2021,GNV,FL,ASO,ES,Federal Contract Tower,17,14,30,0,61,0,0,22,0,22,17,14,52,0,83,14,0,14,97
01/01/2022,GNV,FL,ASO,ES,Federal Contract Tower,14,5,15,0,34,0,0,25,0,25,14,5,40,0,59,2,0,2,61
01/02/2022,GNV,FL,ASO,ES,Federal Contract Tower,11,11,21,0,43,0,0,23,0,23,11,11,44,0,66,0,0,0,66
01/03/2022,GNV,FL,ASO,ES,Federal Contract Tower,15,11,29,0,55,0,0,70,0,70,15,11,99,0,125,22,0,22,147
01/04/2022,GNV,FL,ASO,ES,Federal Contract Tower,16,9,26,15,66,0,0,78,1,79,16,9,104,16,145,46,0,46,191
01/05/2022,GNV,FL,ASO,ES,Federal Contract Tower,18,7,39,5,69,0,0,6,7,13,18,7,45,12,82,0,0,0,82
01/06/2022,GNV,FL,ASO,ES,Federal Contract Tower,19,6,50,11,86,0,0,72,4,76,19,6,122,15,162,16,0,16,178
01/07/2022,GNV,FL,ASO,ES,Federal Contract Tower,17,6,26,14,63,0,0,52,7,59,17,6,78,21,122,76,0,76,198
01/08/2022,GNV,FL,ASO,ES,Federal Contract Tower,17,6,23,2,48,0,0,57,0,57,17,6,80,2,105,32,0,32,137
01/09/2022,GNV,FL,ASO,ES,Federal Contract Tower,19,11,14,4,48,0,0,61,10,71,19,11,75,14,119,22,8,30,149
01/10/2022,GNV,FL,ASO,ES,Federal Contract Tower,17,6,21,6,50,0,0,45,0,45,17,6,66,6,95,30,12,42,137
01/11/2022,GNV,FL,ASO,ES,Federal Contract Tower,17,6,21,4,48,0,0,70,0,70,17,6,91,4,118,54,0,54,172
01/12/2022,GNV,FL,ASO,ES,Federal Contract Tower,16,7,33,2,58,0,0,103,2,105,16,7,136,4,163,42,0,42,205
01/13/2022,GNV,FL,ASO,ES,Federal Contract Tower,19,8,57,2,86,0,1,95,5,101,19,9,152,7,187,86,0,86,273
01/14/2022,GNV,FL,ASO,ES,Federal Contract Tower,22,14,20,4,60,0,0,107,0,107,22,14,127,4,167,56,4,60,227
01/15/2022,GNV,FL,ASO,ES,Federal Contract Tower,18,13,20,0,51,0,0,95,0,95,18,13,115,0,146,60,0,60,206
01/16/2022,GNV,FL,ASO,ES,Federal Contract Tower,13,2,13,8,36,0,0,7,0,7,13,2,20,8,43,0,0,0,43
01/17/2022,GNV,FL,ASO,ES,Federal Contract Tower,16,5,25,2,48,0,0,45,0,45,16,5,70,2,93,8,0,8,101
01/18/2022,GNV,FL,ASO,ES,Federal Contract Tower,17,18,17,4,56,0,0,141,3,144,17,18,158,7,200,36,0,36,236
01/19/2022,GNV,FL,ASO,ES,Federal Contract Tower,17,8,35,5,65,0,2,128,6,136,17,10,163,11,201,84,6,90,291
01/20/2022,GNV,FL,ASO,ES,Federal Contract Tower,22,7,32,29,90,0,0,77,5,82,22,7,109,34,172,48,12,60,232
01/21/2022,GNV,FL,ASO,ES,Federal Contract Tower,19,6,30,0,55,0,0,0,0,0,19,6,30,0,55,0,0,0,55
01/22/2022,GNV,FL,ASO,ES,Federal Contract Tower,19,1,25,0,45,0,0,2,0,2,19,1,27,0,47,0,0,0,47
01/23/2022,GNV,FL,ASO,ES,Federal Contract Tower,19,6,43,0,68,0,0,51,3,54,19,6,94,3,122,22,0,22,144
01/24/2022,GNV,FL,ASO,ES,Federal Contract Tower,19,14,24,6,63,0,0,101,0,101,19,14,125,6,164,94,0,94,258
01/25/2022,GNV,FL,ASO,ES,Federal Contract Tower,16,8,36,2,62,0,0,33,0,33,16,8,69,2,95,16,0,16,111
01/26/2022,GNV,FL,ASO,ES,Federal Contract Tower,15,5,47,5,72,0,0,41,1,42,15,5,88,6,114,78,28,106,220
01/27/2022,GNV,FL,ASO,ES,Federal Contract Tower,18,17,41,0,76,0,0,5,5,10,18,17,46,5,86,11,2,13,99
01/28/2022,GNV,FL,ASO,ES,Federal Contract Tower,17,11,57,8,93,0,0,54,7,61,17,11,111,15,154,52,0,52,206
01/29/2022,GNV,FL,ASO,ES,Federal Contract Tower,17,8,24,3,52,0,0,68,2,70,17,8,92,5,122,25,2,27,149
01/30/2022,GNV,FL,ASO,ES,Federal Contract Tower,21,4,45,12,82,0,0,133,18,151,21,4,178,30,233,92,0,92,325
01/31/2022,GNV,FL,ASO,ES,Federal Contract Tower,17,19,44,0,80,0,0,106,0,106,17,19,150,0,186,62,0,62,248
02/01/2022,GNV,FL,ASO,ES,Federal Contract Tower,19,14,36,0,69,0,1,101,0,102,19,15,137,0,171,20,0,20,191
02/02/2022,GNV,FL,ASO,ES,Federal Contract Tower,18,11,33,4,66,0,0,83,0,83,18,11,116,4,149,56,6,62,211
02/03/2022,GNV,FL,ASO,ES,Federal Contract Tower,24,6,34,9,73,0,0,62,4,66,24,6,96,13,139,36,6,42,181
02/04/2022,GNV,FL,ASO,ES,Federal Contract Tower,18,26,25,2,71,0,0,37,3,40,18,26,62,5,111,10,0,10,121
02/05/2022,GNV,FL,ASO,ES,Federal Contract Tower,18,8,40,7,73,0,0,54,6,60,18,8,94,13,133,32,2,34,167
02/06/2022,GNV,FL,ASO,ES,Federal Contract Tower,23,13,21,6,63,0,0,0,0,0,23,13,21,6,63,0,0,0,63
02/07/2022,GNV,FL,ASO,ES,Federal Contract Tower,17,5,16,12,50,0,0,0,0,0,17,5,16,12,50,0,0,0,50
02/08/2022,GNV,FL,ASO,ES,Federal Contract Tower,16,6,22,0,44,0,1,19,0,20,16,7,41,0,64,30,0,30,94
02/09/2022,GNV,FL,ASO,ES,Federal Contract Tower,16,12,27,23,78,0,0,102,1,103,16,12,129,24,181,70,0,70,251
02/10/2022,GNV,FL,ASO,ES,Federal Contract Tower,22,13,39,16,90,0,0,113,1,114,22,13,152,17,204,102,2,104,308
02/11/2022,GNV,FL,ASO,ES,Federal Contract Tower,23,11,48,18,100,0,0,105,17,122,23,11,153,35,222,56,0,56,278
02/12/2022,GNV,FL,ASO,ES,Federal Contract Tower,19,11,28,0,58,0,0,84,0,84,19,11,112,0,142,54,0,54,196
02/13/2022,GNV,FL,ASO,ES,Federal Contract Tower,20,7,28,14,69,0,0,38,14,52,20,7,66,28,121,122,0,122,243
02/14/2022,GNV,FL,ASO,ES,Federal Contract Tower,20,5,29,13,67,0,0,105,4,109,20,5,134,17,176,192,0,192,368
02/15/2022,GNV,FL,ASO,ES,Federal Contract Tower,19,12,18,2,51,0,0,79,2,81,19,12,97,4,132,44,0,44,176
02/16/2022,GNV,FL,ASO,ES,Federal Contract Tower,15,3,35,8,61,0,0,88,9,97,15,3,123,17,158,86,10,96,254
02/17/2022,GNV,FL,ASO,ES,Federal Contract Tower,20,13,51,13,97,0,0,53,1,54,20,13,104,14,151,63,26,89,240
02/18/2022,GNV,FL,ASO,ES,Federal Contract Tower,21,13,36,6,76,0,0,2,2,4,21,13,38,8,80,16,0,16,96
02/19/2022,GNV,FL,ASO,ES,Federal Contract Tower,17,2,46,0,65,0,0,107,0,107,17,2,153,0,172,36,0,36,208
02/20/2022,GNV,FL,ASO,ES,Federal Contract Tower,21,10,31,7,69,0,0,94,10,104,21,10,125,17,173,44,4,48,221
02/21/2022,GNV,FL,ASO,ES,Federal Contract Tower,23,13,27,0,63,0,0,121,12,133,23,13,148,12,196,146,0,146,342
02/22/2022,GNV,FL,ASO,ES,Federal Contract Tower,17,5,18,3,43,0,0,92,3,95,17,5,110,6,138,70,0,70,208
02/23/2022,GNV,FL,ASO,ES,Federal Contract Tower,16,10,58,5,89,0,0,79,3,82,16,10,137,8,171,98,8,106,277
02/24/2022,GNV,FL,ASO,ES,Federal Contract Tower,18,13,32,11,74,0,0,91,0,91,18,13,123,11,165,60,10,70,235
02/25/2022,GNV,FL,ASO,ES,Federal Contract Tower,21,21,41,49,132,0,0,71,6,77,21,21,112,55,209,38,6,44,253
02/26/2022,GNV,FL,ASO,ES,Federal Contract Tower,17,7,36,0,60,0,0,128,4,132,17,7,164,4,192,34,0,34,226
02/27/2022,GNV,FL,ASO,ES,Federal Contract Tower,19,17,35,28,99,0,0,95,7,102,19,17,130,35,201,18,0,18,219
02/28/2022,GNV,FL,ASO,ES,Federal Contract Tower,24,24,29,0,77,0,0,1,0,1,24,24,30,0,78,0,0,0,78
03/01/2022,GNV,FL,ASO,ES,Federal Contract Tower,20,14,46,11,91,0,0,79,1,80,20,14,125,12,171,72,8,80,251
03/02/2022,GNV,FL,ASO,ES,Federal Contract Tower,15,13,26,12,66,0,1,113,6,120,15,14,139,18,186,80,2,82,268
03/03/2022,GNV,FL,ASO,ES,Federal Contract Tower,20,27,53,3,103,0,1,113,0,114,20,28,166,3,217,43,0,43,260
03/04/2022,GNV,FL,ASO,ES,Federal Contract Tower,22,14,32,6,74,0,2,122,6,130,22,16,154,12,204,26,0,26,230
03/05/2022,GNV,FL,ASO,ES,Federal Contract Tower,22,15,45,17,99,0,0,79,0,79,22,15,124,17,178,6,0,6,184
03/06/2022,GNV,FL,ASO,ES,Federal Contract Tower,17,11,32,0,60,0,0,102,3,105,17,11,134,3,165,26,0,26,191
03/07/2022,GNV,FL,ASO,ES,Federal Contract Tower,16,11,26,7,60,0,0,48,2,50,16,11,74,9,110,60,4,64,174
03/08/2022,GNV,FL,ASO,ES,Federal Contract Tower,16,10,23,10,59,0,0,31,4,35,16,10,54,14,94,50,10,60,154
03/09/2022,GNV,FL,ASO,ES,Federal Contract Tower,13,6,25,4,48,0,0,3,0,3,13,6,28,4,51,0,0,0,51
03/10/2022,GNV,FL,ASO,ES,Federal Contract Tower,17,14,13,8,52,0,0,8,0,8,17,14,21,8,60,6,0,6,66
03/11/2022,GNV,FL,ASO,ES,Federal Contract Tower,16,12,9,0,37,0,0,7,0,7,16,12,16,0,44,6,10,16,60
03/12/2022,GNV,FL,ASO,ES,Federal Contract Tower,15,15,12,4,46,0,0,13,0,13,15,15,25,4,59,2,0,2,61
03/13/2022,GNV,FL,ASO,ES,Federal Contract Tower,18,13,61,0,92,0,0,120,0,120,18,13,181,0,212,50,0,50,262
03/14/2022,GNV,FL,ASO,ES,Federal Contract Tower,17,25,31,7,80,0,0,97,6,103,17,25,128,13,183,52,21,73,256
03/15/2022,GNV,FL,ASO,ES,Federal Contract Tower,18,9,24,4,55,0,0,26,8,34,18,9,50,12,89,14,2,16,105
03/16/2022,GNV,FL,ASO,ES,Federal Contract Tower,14,13,43,6,76,0,0,28,0,28,14,13,71,6,104,4,0,4,108
03/17/2022,GNV,FL,ASO,ES,Federal Contract Tower,22,18,57,20,117,0,0,88,4,92,22,18,145,24,209,52,6,58,267
03/18/2022,GNV,FL,ASO,ES,Federal Contract Tower,13,14,40,3,70,0,0,55,3,58,13,14,95,6,128,56,0,56,184
03/19/2022,GNV,FL,ASO,ES,Federal Contract Tower,11,12,36,4,63,0,0,185,8,193,11,12,221,12,256,38,0,38,294
03/20/2022,GNV,FL,ASO,ES,Federal Contract Tower,21,11,44,1,77,0,0,109,1,110,21,11,153,2,187,46,0,46,233
03/21/2022,GNV,FL,ASO,ES,Federal Contract Tower,14,17,33,2,66,0,0,100,3,103,14,17,133,5,169,80,0,80,249
03/22/2022,GNV,FL,ASO,ES,Federal Contract Tower,14,11,28,7,60,0,0,97,2,99,14,11,125,9,159,36,0,36,195
03/23/2022,GNV,FL,ASO,ES,Federal Contract Tower,14,15,9,3,41,0,0,9,1,10,14,15,18,4,51,12,4,16,67
03/24/2022,GNV,FL,ASO,ES,Federal Contract Tower,18,5,16,0,39,0,0,0,0,0,18,5,16,0,39,4,0,4,43
03/25/2022,GNV,FL,ASO,ES,Federal Contract Tower,13,23,45,29,110,0,0,107,5,112,13,23,152,34,222,64,34,98,320
03/26/2022,GNV,FL,ASO,ES,Federal Contract Tower,15,15,20,4,54,0,0,111,0,111,15,15,131,4,165,34,6,40,205
03/27/2022,GNV,FL,ASO,ES,Federal Contract Tower,18,9,33,5,65,0,0,105,0,105,18,9,138,5,170,66,0,66,236
03/28/2022,GNV,FL,ASO,ES,Federal Contract Tower,18,12,38,12,80,0,0,96,6,102,18,12,134,18,182,94,12,106,288
03/29/2022,GNV,FL,ASO,ES,Federal Contract Tower,14,8,46,7,75,0,0,99,18,117,14,8,145,25,192,110,38,148,340
03/30/2022,GNV,FL,ASO,ES,Federal Contract Tower,14,9,50,4,77,0,0,72,12,84,14,9,122,16,161,62,0,62,223
03/31/2022,GNV,FL,ASO,ES,Federal Contract Tower,17,11,16,0,44,0,0,5,0,5,17,11,21,0,49,0,0,0,49
04/01/2022,GNV,FL,ASO,ES,Federal Contract Tower,21,10,58,26,115,0,0,68,14,82,21,10,126,40,197,98,26,124,321
04/02/2022,GNV,FL,ASO,ES,Federal Contract Tower,15,6,23,0,44,0,0,1,0,1,15,6,24,0,45,0,0,0,45
04/03/2022,GNV,FL,ASO,ES,Federal Contract Tower,17,18,37,3,75,0,0,108,9,117,17,18,145,12,192,14,12,26,218
04/04/2022,GNV,FL,ASO,ES,Federal Contract Tower,21,22,41,2,86,0,0,113,8,121,21,22,154,10,207,24,2,26,233
04/05/2022,GNV,FL,ASO,ES,Federal Contract Tower,18,13,21,5,57,0,0,30,9,39,18,13,51,14,96,0,6,6,102
04/06/2022,GNV,FL,ASO,ES,Federal Contract Tower,21,9,37,4,71,0,0,20,8,28,21,9,57,12,99,66,0,66,165
04/07/2022,GNV,FL,ASO,ES,Federal Contract Tower,20,26,20,5,71,0,0,21,3,24,20,26,41,8,95,0,0,0,95
04/08/2022,GNV,FL,ASO,ES,Federal Contract Tower,20,17,39,13,89,0,0,89,6,95,20,17,128,19,184,28,26,54,238
04/09/2022,GNV,FL,ASO,ES,Federal Contract Tower,20,6,29,6,61,0,0,66,5,71,20,6,95,11,132,4,0,4,136
04/10/2022,GNV,FL,ASO,ES,Federal Contract Tower,18,14,30,4,66,0,0,103,12,115,18,14,133,16,181,62,0,62,243
04/11/2022,GNV,FL,ASO,ES,Federal Contract Tower,20,14,18,4,56,0,0,126,1,127,20,14,144,5,183,64,0,64,247
04/12/2022,GNV,FL,ASO,ES,Federal Contract Tower,19,15,30,15,79,0,0,104,0,104,19,15,134,15,183,40,18,58,241
04/13/2022,GNV,FL,ASO,ES,Federal Contract Tower,16,15,28,16,75,0,0,86,2,88,16,15,114,18,163,58,8,66,229
04/14/2022,GNV,FL,ASO,ES,Federal Contract Tower,23,18,33,9,83,0,0,38,0,38,23,18,71,9,121,18,8,26,147
04/15/2022,GNV,FL,ASO,ES,Federal Contract Tower,19,19,59,5,102,0,0,79,3,82,19,19,138,8,184,96,18,114,298
04/16/2022,GNV,FL,ASO,ES,Federal Contract Tower,23,16,34,0,73,0,0,94,0,94,23,16,128,0,167,32,0,32,199
04/17/2022,GNV,FL,ASO,ES,Federal Contract Tower,19,12,26,3,60,0,0,31,3,34,19,12,57,6,94,26,0,26,120
04/18/2022,GNV,FL,ASO,ES,Federal Contract Tower,19,16,32,0,67,0,0,63,1,64,19,16,95,1,131,100,0,100,231
04/19/2022,GNV,FL,ASO,ES,Federal Contract Tower,21,19,50,8,98,0,0,113,11,124,21,19,163,19,222,48,16,64,286
04/20/2022,GNV,FL,ASO,ES,Federal Contract Tower,18,31,29,9,87,0,0,133,3,136,18,31,162,12,223,66,6,72,295
04/21/2022,GNV,FL,ASO,ES,Federal Contract Tower,19,13,42,6,80,0,0,85,0,85,19,13,127,6,165,100,0,100,265
04/22/2022,GNV,FL,ASO,ES,Federal Contract Tower,20,15,38,7,80,0,0,80,0,80,20,15,118,7,160,66,6,72,232
04/23/2022,GNV,FL,ASO,ES,Federal Contract Tower,19,4,38,0,61,0,0,114,0,114,19,4,152,0,175,82,0,82,257
04/24/2022,GNV,FL,ASO,ES,Federal Contract Tower,23,22,29,8,82,0,0,89,0,89,23,22,118,8,171,36,0,36,207
04/25/2022,GNV,FL,ASO,ES,Federal Contract Tower,17,12,31,6,66,0,0,112,0,112,17,12,143,6,178,64,10,74,252
04/26/2022,GNV,FL,ASO,ES,Federal Contract Tower,19,12,32,6,69,0,0,108,6,114,19,12,140,12,183,68,14,82,265
04/27/2022,GNV,FL,ASO,ES,Federal Contract Tower,21,21,15,4,61,0,0,72,2,74,21,21,87,6,135,46,0,46,181
04/28/2022,GNV,FL,ASO,ES,Federal Contract Tower,17,19,50,2,88,0,0,73,0,73,17,19,123,2,161,38,4,42,203
04/29/2022,GNV,FL,ASO,ES,Federal Contract Tower,22,16,40,2,80,0,1,100,3,104,22,17,140,5,184,30,8,38,222
04/30/2022,GNV,FL,ASO,ES,Federal Contract Tower,19,7,30,0,56,0,0,84,0,84,19,7,114,0,140,24,0,24,164
05/01/2022,GNV,FL,ASO,ES,Federal Contract Tower,22,9,26,10,67,0,0,50,3,53,22,9,76,13,120,34,0,34,154
05/02/2022,GNV,FL,ASO,ES,Federal Contract Tower,20,21,26,0,67,0,0,66,1,67,20,21,92,1,134,6,20,26,160
05/03/2022,GNV,FL,ASO,ES,Federal Contract Tower,16,13,25,8,62,0,0,103,0,103,16,13,128,8,165,24,10,34,199
05/04/2022,GNV,FL,ASO,ES,Federal Contract Tower,16,10,37,3,66,0,0,134,16,150,16,10,171,19,216,86,60,146,362
05/05/2022,GNV,FL,ASO,ES,Federal Contract Tower,20,18,22,16,76,0,0,116,3,119,20,18,138,19,195,100,48,148,343
05/06/2022,GNV,FL,ASO,ES,Federal Contract Tower,20,15,30,40,105,0,0,89,3,92,20,15,119,43,197,46,12,58,255
05/07/2022,GNV,FL,ASO,ES,Federal Contract Tower,16,9,27,0,52,0,0,71,0,71,16,9,98,0,123,14,0,14,137
05/08/2022,GNV,FL,ASO,ES,Federal Contract Tower,17,15,18,14,64,0,0,89,0,89,17,15,107,14,153,50,0,50,203
05/09/2022,GNV,FL,ASO,ES,Federal Contract Tower,19,10,27,0,56,0,0,77,10,87,19,10,104,10,143,28,0,28,171
05/10/2022,GNV,FL,ASO,ES,Federal Contract Tower,14,5,31,2,52,0,0,69,4,73,14,5,100,6,125,24,0,24,149
05/11/2022,GNV,FL,ASO,ES,Federal Contract Tower,20,11,24,3,58,0,0,87,5,92,20,11,111,8,150,42,0,42,192
05/12/2022,GNV,FL,ASO,ES,Federal Contract Tower,16,18,40,5,79,0,0,84,6,90,16,18,124,11,169,58,12,70,239
05/13/2022,GNV,FL,ASO,ES,Federal Contract Tower,19,18,27,0,64,0,0,58,2,60,19,18,85,2,124,80,0,80,204
05/14/2022,GNV,FL,ASO,ES,Federal Contract Tower,22,3,18,0,43,0,0,95,8,103,22,3,113,8,146,64,0,64,210
05/15/2022,GNV,FL,ASO,ES,Federal Contract Tower,20,13,24,1,58,0,0,31,11,42,20,13,55,12,100,20,0,20,120
05/16/2022,GNV,FL,ASO,ES,Federal Contract Tower,19,10,34,0,63,0,0,50,0,50,19,10,84,0,113,6,0,6,119
05/17/2022,GNV,FL,ASO,ES,Federal Contract Tower,14,16,44,2,76,0,0,77,2,79,14,16,121,4,155,14,0,14,169
05/18/2022,GNV,FL,ASO,ES,Federal Contract Tower,14,4,54,7,79,0,0,92,0,92,14,4,146,7,171,34,12,46,217
05/19/2022,GNV,FL,ASO,ES,Federal Contract Tower,19,12,42,2,75,0,0,81,2,83,19,12,123,4,158,48,0,48,206
05/20/2022,GNV,FL,ASO,ES,Federal Contract Tower,19,7,30,6,62,0,0,73,0,73,19,7,103,6,135,26,0,26,161
05/21/2022,GNV,FL,ASO,ES,Federal Contract Tower,16,9,17,0,42,0,0,22,0,22,16,9,39,0,64,16,0,16,80
05/22/2022,GNV,FL,ASO,ES,Federal Contract Tower,19,0,19,0,38,0,0,37,0,37,19,0,56,0,75,28,0,28,103
05/23/2022,GNV,FL,ASO,ES,Federal Contract Tower,14,2,19,2,37,0,0,68,0,68,14,2,87,2,105,74,0,74,179
05/24/2022,GNV,FL,ASO,ES,Federal Contract Tower,14,5,32,2,53,0,0,92,2,94,14,5,124,4,147,20,8,28,175
05/25/2022,GNV,FL,ASO,ES,Federal Contract Tower,16,6,51,2,75,0,0,124,0,124,16,6,175,2,199,64,0,64,263
05/26/2022,GNV,FL,ASO,ES,Federal Contract Tower,16,9,38,3,66,0,0,62,4,66,16,9,100,7,132,52,0,52,184
05/27/2022,GNV,FL,ASO,ES,Federal Contract Tower,20,6,30,0,56,0,0,31,0,31,20,6,61,0,87,0,0,0,87
05/28/2022,GNV,FL,ASO,ES,Federal Contract Tower,17,1,19,0,37,0,0,59,0,59,17,1,78,0,96,56,0,56,152
05/29/2022,GNV,FL,ASO,ES,Federal Contract Tower,17,1,26,0,44,0,0,100,0,100,17,1,126,0,144,36,0,36,180
05/30/2022,GNV,FL,ASO,ES,Federal Contract Tower,20,4,30,0,54,0,0,68,0,68,20,4,98,0,122,10,2,12,134
05/31/2022,GNV,FL,ASO,ES,Federal Contract Tower,14,7,38,2,61,0,0,61,4,65,14,7,99,6,126,34,0,34,160
06/01/2022,GNV,FL,ASO,ES,Federal Contract Tower,14,11,32,13,70,0,0,102,9,111,14,11,134,22,181,88,26,114,295
06/02/2022,GNV,FL,ASO,ES,Federal Contract Tower,19,12,30,12,73,0,0,120,8,128,19,12,150,20,201,48,50,98,299
06/03/2022,GNV,FL,ASO,ES,Federal Contract Tower,14,8,31,3,56,0,1,58,1,60,14,9,89,4,116,30,0,30,146
06/04/2022,GNV,FL,ASO,ES,Federal Contract Tower,15,10,26,0,51,0,0,60,0,60,15,10,86,0,111,48,0,48,159
06/05/2022,GNV,FL,ASO,ES,Federal Contract Tower,17,12,31,0,60,0,0,6,0,6,17,12,37,0,66,6,0,6,72
06/06/2022,GNV,FL,ASO,ES,Federal Contract Tower,23,10,17,0,50,0,0,46,0,46,23,10,63,0,96,46,0,46,142
06/07/2022,GNV,FL,ASO,ES,Federal Contract Tower,19,8,36,6,69,0,0,54,2,56,19,8,90,8,125,26,0,26,151
06/08/2022,GNV,FL,ASO,ES,Federal Contract Tower,16,5,29,4,54,0,0,81,3,84,16,5,110,7,138,56,6,62,200
06/09/2022,GNV,FL,ASO,ES,Federal Contract Tower,22,8,40,0,70,0,0,80,2,82,22,8,120,2,152,20,0,20,172
06/10/2022,GNV,FL,ASO,ES,Federal Contract Tower,16,14,28,3,61,0,0,41,11,52,16,14,69,14,113,38,2,40,153
06/11/2022,GNV,FL,ASO,ES,Federal Contract Tower,14,7,24,6,51,0,0,29,0,29,14,7,53,6,80,30,0,30,110
06/12/2022,GNV,FL,ASO,ES,Federal Contract Tower,18,9,28,0,55,0,0,21,0,21,18,9,49,0,76,16,0,16,92
06/13/2022,GNV,FL,ASO,ES,Federal Contract Tower,17,5,28,2,52,0,0,55,0,55,17,5,83,2,107,26,0,26,133
06/14/2022,GNV,FL,ASO,ES,Federal Contract Tower,18,8,28,0,54,0,0,76,0,76,18,8,104,0,130,80,0,80,210
06/15/2022,GNV,FL,ASO,ES,Federal Contract Tower,17,22,27,4,70,0,0,113,0,113,17,22,140,4,183,28,14,42,225
06/16/2022,GNV,FL,ASO,ES,Federal Contract Tower,20,4,47,13,84,0,0,81,3,84,20,4,128,16,168,84,16,100,268
06/17/2022,GNV,FL,ASO,ES,Federal Contract Tower,14,3,25,2,44,0,1,93,2,96,14,4,118,4,140,31,0,31,171
06/18/2022,GNV,FL,ASO,ES,Federal Contract Tower,15,6,20,0,41,0,0,59,0,59,15,6,79,0,100,70,0,70,170
06/19/2022,GNV,FL,ASO,ES,Federal Contract Tower,19,4,15,7,45,0,0,38,2,40,19,4,53,9,85,26,0,26,111
06/20/2022,GNV,FL,ASO,ES,Federal Contract Tower,18,7,20,0,45,0,0,76,0,76,18,7,96,0,121,40,0,40,161
06/21/2022,GNV,FL,ASO,ES,Federal Contract Tower,17,2,34,7,60,0,0,109,0,109,17,2,143,7,169,68,0,68,237
06/22/2022,GNV,FL,ASO,ES,Federal Contract Tower,17,7,22,24,70,0,0,107,9,116,17,7,129,33,186,42,56,98,284
06/23/2022,GNV,FL,ASO,ES,Federal Contract Tower,16,8,21,13,58,0,2,71,1,74,16,10,92,14,132,52,6,58,190
06/24/2022,GNV,FL,ASO,ES,Federal Contract Tower,19,4,25,4,52,0,0,41,0,41,19,4,66,4,93,8,34,42,135
06/25/2022,GNV,FL,ASO,ES,Federal Contract Tower,15,8,20,0,43,0,0,54,0,54,15,8,74,0,97,60,0,60,157
06/26/2022,GNV,FL,ASO,ES,Federal Contract Tower,16,5,35,0,56,0,0,86,0,86,16,5,121,0,142,26,0,26,168
06/27/2022,GNV,FL,ASO,ES,Federal Contract Tower,17,14,33,4,68,0,0,60,0,60,17,14,93,4,128,28,0,28,156
06/28/2022,GNV,FL,ASO,ES,Federal Contract Tower,20,4,26,0,50,0,0,76,0,76,20,4,102,0,126,74,0,74,200
06/29/2022,GNV,FL,ASO,ES,Federal Contract Tower,19,4,28,25,76,0,0,96,19,115,19,4,124,44,191,60,46,106,297
06/30/2022,GNV,FL,ASO,ES,Federal Contract Tower,16,15,43,5,79,0,0,60,2,62,16,15,103,7,141,72,14,86,227
07/01/2022,GNV,FL,ASO,ES,Federal Contract Tower,18,10,43,4,75,0,0,46,4,50,18,10,89,8,125,60,4,64,189
07/02/2022,GNV,FL,ASO,ES,Federal Contract Tower,16,5,21,0,42,0,0,56,0,56,16,5,77,0,98,14,0,14,112
07/03/2022,GNV,FL,ASO,ES,Federal Contract Tower,14,3,17,0,34,0,0,40,0,40,14,3,57,0,74,38,0,38,112
07/04/2022,GNV,FL,ASO,ES,Federal Contract Tower,11,1,9,0,21,0,0,38,0,38,11,1,47,0,59,52,0,52,111
07/05/2022,GNV,FL,ASO,ES,Federal Contract Tower,20,8,20,2,50,0,0,43,0,43,20,8,63,2,93,60,0,60,153
07/06/2022,GNV,FL,ASO,ES,Federal Contract Tower,11,10,28,6,55,0,0,65,0,65,11,10,93,6,120,36,0,36,156
07/07/2022,GNV,FL,ASO,ES,Federal Contract Tower,15,10,29,6,60,0,0,104,4,108,15,10,133,10,168,84,0,84,252
07/08/2022,GNV,FL,ASO,ES,Federal Contract Tower,11,5,25,0,41,0,4,89,6,99,11,9,114,6,140,42,20,62,202
07/09/2022,GNV,FL,ASO,ES,Federal Contract Tower,16,8,19,0,43,0,0,77,0,77,16,8,96,0,120,52,0,52,172
07/10/2022,GNV,FL,ASO,ES,Federal Contract Tower,14,4,22,0,40,0,0,31,6,37,14,4,53,6,77,8,0,8,85
07/11/2022,GNV,FL,ASO,ES,Federal Contract Tower,14,3,27,1,45,0,0,52,0,52,14,3,79,1,97,36,0,36,133
07/12/2022,GNV,FL,ASO,ES,Federal Contract Tower,17,12,35,3,67,0,0,75,4,79,17,12,110,7,146,112,28,140,286
07/13/2022,GNV,FL,ASO,ES,Federal Contract Tower,14,10,37,13,74,0,0,99,9,108,14,10,136,22,182,84,36,120,302
07/14/2022,GNV,FL,ASO,ES,Federal Contract Tower,18,4,30,8,60,0,0,74,4,78,18,4,104,12,138,94,0,94,232
07/15/2022,GNV,FL,ASO,ES,Federal Contract Tower,15,9,39,7,70,0,0,99,1,100,15,9,138,8,170,62,10,72,242
07/16/2022,GNV,FL,ASO,ES,Federal Contract Tower,17,3,25,1,46,0,0,38,1,39,17,3,63,2,85,42,0,42,127
07/17/2022,GNV,FL,ASO,ES,Federal Contract Tower,16,7,18,2,43,0,0,52,0,52,16,7,70,2,95,52,0,52,147
07/18/2022,GNV,FL,ASO,ES,Federal Contract Tower,16,8,22,0,46,0,0,24,0,24,16,8,46,0,70,14,0,14,84
07/19/2022,GNV,FL,ASO,ES,Federal Contract Tower,16,7,19,0,42,0,0,32,4,36,16,7,51,4,78,26,0,26,104
07/20/2022,GNV,FL,ASO,ES,Federal Contract Tower,15,5,32,0,52,0,0,30,4,34,15,5,62,4,86,0,0,0,86
07/21/2022,GNV,FL,ASO,ES,Federal Contract Tower,13,10,44,4,71,0,0,102,0,102,13,10,146,4,173,46,0,46,219
07/22/2022,GNV,FL,ASO,ES,Federal Contract Tower,18,12,44,4,78,0,0,64,1,65,18,12,108,5,143,26,0,26,169
07/23/2022,GNV,FL,ASO,ES,Federal Contract Tower,15,3,18,0,36,0,0,76,0,76,15,3,94,0,112,34,0,34,146
07/24/2022,GNV,FL,ASO,ES,Federal Contract Tower,16,4,15,6,41,0,0,40,2,42,16,4,55,8,83,12,0,12,95
07/25/2022,GNV,FL,ASO,ES,Federal Contract Tower,16,19,47,0,82,0,0,96,0,96,16,19,143,0,178,64,0,64,242
07/26/2022,GNV,FL,ASO,ES,Federal Contract Tower,15,8,22,4,49,0,1,64,4,69,15,9,86,8,118,78,0,78,196
07/27/2022,GNV,FL,ASO,ES,Federal Contract Tower,13,5,22,8,48,0,0,48,7,55,13,5,70,15,103,78,0,78,181
07/28/2022,GNV,FL,ASO,ES,Federal Contract Tower,15,2,45,9,71,0,0,82,4,86,15,2,127,13,157,100,0,100,257
07/29/2022,GNV,FL,ASO,ES,Federal Contract Tower,13,8,34,15,70,0,0,68,6,74,13,8,102,21,144,62,14,76,220
07/30/2022,GNV,FL,ASO,ES,Federal Contract Tower,15,5,21,0,41,0,0,93,0,93,15,5,114,0,134,46,0,46,180
07/31/2022,GNV,FL,ASO,ES,Federal Contract Tower,17,0,31,6,54,0,0,55,12,67,17,0,86,18,121,38,0,38,159
08/01/2022,GNV,FL,ASO,ES,Federal Contract Tower,14,10,23,3,50,0,0,57,1,58,14,10,80,4,108,54,0,54,162
08/02/2022,GNV,FL,ASO,ES,Federal Contract Tower,16,11,19,10,56,0,0,44,21,65,16,11,63,31,121,24,32,56,177
08/03/2022,GNV,FL,ASO,ES,Federal Contract Tower,15,4,24,13,56,0,2,53,0,55,15,6,77,13,111,22,16,38,149
08/04/2022,GNV,FL,ASO,ES,Federal Contract Tower,15,13,40,2,70,0,0,72,4,76,15,13,112,6,146,66,0,66,212
08/05/2022,GNV,FL,ASO,ES,Federal Contract Tower,15,3,32,16,66,0,0,63,13,76,15,3,95,29,142,66,6,72,214
08/06/2022,GNV,FL,ASO,ES,Federal Contract Tower,12,9,18,6,45,0,0,56,0,56,12,9,74,6,101,14,0,14,115
08/07/2022,GNV,FL,ASO,ES,Federal Contract Tower,15,1,31,8,55,0,0,51,2,53,15,1,82,10,108,20,0,20,128
08/08/2022,GNV,FL,ASO,ES,Federal Contract Tower,16,10,13,1,40,0,0,54,3,57,16,10,67,4,97,42,16,58,155
08/09/2022,GNV,FL,ASO,ES,Federal Contract Tower,14,6,25,0,45,0,0,50,2,52,14,6,75,2,97,124,0,124,221
08/10/2022,GNV,FL,ASO,ES,Federal Contract Tower,14,16,27,5,62,0,0,64,7,71,14,16,91,12,133,62,38,100,233
08/11/2022,GNV,FL,ASO,ES,Federal Contract Tower,17,15,34,0,66,0,0,47,1,48,17,15,81,1,114,66,0,66,180
08/12/2022,GNV,FL,ASO,ES,Federal Contract Tower,17,6,28,0,51,0,0,62,7,69,17,6,90,7,120,72,4,76,196
08/13/2022,GNV,FL,ASO,ES,Federal Contract Tower,15,7,16,0,38,0,0,53,0,53,15,7,69,0,91,24,0,24,115
08/14/2022,GNV,FL,ASO,ES,Federal Contract Tower,17,1,37,1,56,0,0,50,8,58,17,1,87,9,114,14,0,14,128
08/15/2022,GNV,FL,ASO,ES,Federal Contract Tower,14,12,24,2,52,0,0,93,2,95,14,12,117,4,147,102,0,102,249
08/16/2022,GNV,FL,ASO,ES,Federal Contract Tower,21,6,32,2,61,0,0,90,0,90,21,6,122,2,151,86,0,86,237
08/17/2022,GNV,FL,ASO,ES,Federal Contract Tower,18,13,26,4,61,0,2,58,3,63,18,15,84,7,124,36,4,40,164
08/18/2022,GNV,FL,ASO,ES,Federal Contract Tower,16,8,23,6,53,0,1,32,3,36,16,9,55,9,89,10,2,12,101
08/19/2022,GNV,FL,ASO,ES,Federal Contract Tower,17,6,21,7,51,0,53,9,0,62,17,59,30,7,113,102,0,102,215
08/20/2022,GNV,FL,ASO,ES,Federal Contract Tower,14,9,21,0,44,0,0,77,0,77,14,9,98,0,121,34,0,34,155
08/21/2022,GNV,FL,ASO,ES,Federal Contract Tower,19,8,18,0,45,0,0,60,0,60,19,8,78,0,105,76,0,76,181
08/22/2022,GNV,FL,ASO,ES,Federal Contract Tower,19,10,22,9,60,0,0,62,2,64,19,10,84,11,124,54,18,72,196
08/23/2022,GNV,FL,ASO,ES,Federal Contract Tower,22,11,21,1,55,0,0,54,0,54,22,11,75,1,109,84,0,84,193
08/24/2022,GNV,FL,ASO,ES,Federal Contract Tower,19,5,28,10,62,0,0,83,2,85,19,5,111,12,147,60,0,60,207
08/25/2022,GNV,FL,ASO,ES,Federal Contract Tower,17,18,26,24,85,0,0,59,4,63,17,18,85,28,148,32,36,68,216
08/26/2022,GNV,FL,ASO,ES,Federal Contract Tower,19,12,26,7,64,0,0,56,4,60,19,12,82,11,124,142,30,172,296
08/27/2022,GNV,FL,ASO,ES,Federal Contract Tower,16,5,57,0,78,0,0,20,0,20,16,5,77,0,98,74,0,74,172
08/28/2022,GNV,FL,ASO,ES,Federal Contract Tower,17,4,26,4,51,0,0,38,0,38,17,4,64,4,89,56,0,56,145
08/29/2022,GNV,FL,ASO,ES,Federal Contract Tower,18,7,29,14,68,0,0,64,0,64,18,7,93,14,132,68,14,82,214
08/30/2022,GNV,FL,ASO,ES,Federal Contract Tower,17,8,43,0,68,0,0,51,0,51,17,8,94,0,119,24,0,24,143
08/31/2022,GNV,FL,ASO,ES,Federal Contract Tower,19,6,36,4,65,0,0,40,0,40,19,6,76,4,105,124,0,124,229
09/01/2022,GNV,FL,ASO,ES,Federal Contract Tower,17,4,16,2,39,0,0,62,2,64,17,4,78,4,103,84,24,108,211
09/02/2022,GNV,FL,ASO,ES,Federal Contract Tower,18,5,37,0,60,0,0,31,0,31,18,5,68,0,91,22,0,22,113
09/03/2022,GNV,FL,ASO,ES,Federal Contract Tower,18,18,68,0,104,0,0,64,0,64,18,18,132,0,168,26,0,26,194
09/04/2022,GNV,FL,ASO,ES,Federal Contract Tower,21,8,22,0,51,0,0,57,0,57,21,8,79,0,108,16,0,16,124
09/05/2022,GNV,FL,ASO,ES,Federal Contract Tower,17,4,26,0,47,0,0,77,0,77,17,4,103,0,124,40,0,40,164
09/06/2022,GNV,FL,ASO,ES,Federal Contract Tower,17,7,23,8,55,0,0,98,0,98,17,7,121,8,153,116,8,124,277
09/07/2022,GNV,FL,ASO,ES,Federal Contract Tower,18,8,42,5,73,0,0,113,1,114,18,8,155,6,187,78,0,78,265
09/08/2022,GNV,FL,ASO,ES,Federal Contract Tower,20,7,21,4,52,0,2,13,0,15,20,9,34,4,67,16,0,16,83
09/09/2022,GNV,FL,ASO,ES,Federal Contract Tower,20,9,40,2,71,0,0,18,2,20,20,9,58,4,91,0,0,0,91
09/10/2022,GNV,FL,ASO,ES,Federal Contract Tower,19,14,61,0,94,0,0,41,0,41,19,14,102,0,135,20,0,20,155
09/11/2022,GNV,FL,ASO,ES,Federal Contract Tower,20,3,39,0,62,0,0,46,0,46,20,3,85,0,108,58,0,58,166
09/12/2022,GNV,FL,ASO,ES,Federal Contract Tower,19,6,31,5,61,0,0,31,0,31,19,6,62,5,92,34,8,42,134
09/13/2022,GNV,FL,ASO,ES,Federal Contract Tower,18,10,35,2,65,0,0,40,2,42,18,10,75,4,107,76,0,76,183
09/14/2022,GNV,FL,ASO,ES,Federal Contract Tower,18,12,32,15,77,0,2,50,4,56,18,14,82,19,133,36,22,58,191
09/15/2022,GNV,FL,ASO,ES,Federal Contract Tower,19,11,26,0,56,0,0,60,0,60,19,11,86,0,116,78,0,78,194
09/16/2022,GNV,FL,ASO,ES,Federal Contract Tower,19,5,41,6,71,0,0,48,3,51,19,5,89,9,122,78,0,78,200
09/17/2022,GNV,FL,ASO,ES,Federal Contract Tower,17,14,43,0,74,0,0,52,0,52,17,14,95,0,126,42,0,42,168
09/18/2022,GNV,FL,ASO,ES,Federal Contract Tower,19,6,51,5,81,0,0,10,2,12,19,6,61,7,93,0,0,0,93
09/19/2022,GNV,FL,ASO,ES,Federal Contract Tower,19,4,38,0,61,0,0,48,0,48,19,4,86,0,109,96,0,96,205
09/20/2022,GNV,FL,ASO,ES,Federal Contract Tower,18,6,37,6,67,0,0,71,0,71,18,6,108,6,138,90,0,90,228
09/21/2022,GNV,FL,ASO,ES,Federal Contract Tower,18,14,26,14,72,0,0,117,4,121,18,14,143,18,193,76,36,112,305
09/22/2022,GNV,FL,ASO,ES,Federal Contract Tower,19,15,45,9,88,0,0,89,6,95,19,15,134,15,183,80,4,84,267
09/23/2022,GNV,FL,ASO,ES,Federal Contract Tower,21,9,50,2,82,0,0,80,0,80,21,9,130,2,162,46,0,46,208
09/24/2022,GNV,FL,ASO,ES,Federal Contract Tower,20,4,29,0,53,0,0,126,0,126,20,4,155,0,179,20,0,20,199
09/25/2022,GNV,FL,ASO,ES,Federal Contract Tower,21,6,48,0,75,0,0,79,2,81,21,6,127,2,156,24,0,24,180
09/26/2022,GNV,FL,ASO,ES,Federal Contract Tower,20,5,34,2,61,0,0,127,0,127,20,5,161,2,188,16,0,16,204
09/27/2022,GNV,FL,ASO,ES,Federal Contract Tower,18,11,21,0,50,0,0,62,0,62,18,11,83,0,112,34,0,34,146
09/28/2022,GNV,FL,ASO,ES,Federal Contract Tower,11,2,3,0,16,0,0,0,0,0,11,2,3,0,16,0,0,0,16
09/29/2022,GNV,FL,ASO,ES,Federal Contract Tower,0,0,0,6,6,0,0,0,0,0,0,0,0,6,6,0,0,0,6
09/30/2022,GNV,FL,ASO,ES,Federal Contract Tower,11,8,14,2,35,0,1,25,4,30,11,9,39,6,65,6,0,6,71
10/01/2022,GNV,FL,ASO,ES,Federal Contract Tower,16,6,21,0,43,0,0,57,0,57,16,6,78,0,100,34,0,34,134
10/02/2022,GNV,FL,ASO,ES,Federal Contract Tower,26,7,28,0,61,0,0,88,0,88,26,7,116,0,149,36,0,36,185
10/03/2022,GNV,FL,ASO,ES,Federal Contract Tower,19,8,17,0,44,0,0,73,2,75,19,8,90,2,119,88,0,88,207
10/04/2022,GNV,FL,ASO,ES,Federal Contract Tower,18,25,31,2,76,0,1,90,0,91,18,26,121,2,167,30,0,30,197
10/05/2022,GNV,FL,ASO,ES,Federal Contract Tower,18,6,42,5,71,0,0,116,1,117,18,6,158,6,188,88,14,102,290
10/06/2022,GNV,FL,ASO,ES,Federal Contract Tower,18,13,53,2,86,0,0,133,0,133,18,13,186,2,219,78,0,78,297
10/07/2022,GNV,FL,ASO,ES,Federal Contract Tower,19,12,67,1,99,0,0,122,0,122,19,12,189,1,221,78,0,78,299
10/08/2022,GNV,FL,ASO,ES,Federal Contract Tower,15,13,36,0,64,1,0,128,0,129,16,13,164,0,193,26,0,26,219
10/09/2022,GNV,FL,ASO,ES,Federal Contract Tower,19,14,36,6,75,0,0,71,0,71,19,14,107,6,146,70,0,70,216
10/10/2022,GNV,FL,ASO,ES,Federal Contract Tower,18,6,23,1,48,0,0,105,0,105,18,6,128,1,153,86,0,86,239
10/11/2022,GNV,FL,ASO,ES,Federal Contract Tower,19,8,33,12,72,0,0,49,0,49,19,8,82,12,121,58,0,58,179
10/12/2022,GNV,FL,ASO,ES,Federal Contract Tower,18,11,35,15,79,0,0,80,1,81,18,11,115,16,160,92,0,92,252
10/13/2022,GNV,FL,ASO,ES,Federal Contract Tower,17,21,33,6,77,0,0,89,0,89,17,21,122,6,166,68,0,68,234
10/14/2022,GNV,FL,ASO,ES,Federal Contract Tower,21,14,68,5,108,0,0,144,0,144,21,14,212,5,252,58,0,58,310
10/15/2022,GNV,FL,ASO,ES,Federal Contract Tower,17,28,62,3,110,0,0,153,7,160,17,28,215,10,270,12,12,24,294
10/16/2022,GNV,FL,ASO,ES,Federal Contract Tower,22,6,57,4,89,0,0,117,0,117,22,6,174,4,206,32,14,46,252
10/17/2022,GNV,FL,ASO,ES,Federal Contract Tower,19,9,35,1,64,0,0,72,0,72,19,9,107,1,136,58,0,58,194
10/18/2022,GNV,FL,ASO,ES,Federal Contract Tower,18,11,46,0,75,0,0,111,0,111,18,11,157,0,186,72,0,72,258
10/19/2022,GNV,FL,ASO,ES,Federal Contract Tower,19,10,45,2,76,0,0,99,0,99,19,10,144,2,175,104,0,104,279
10/20/2022,GNV,FL,ASO,ES,Federal Contract Tower,17,12,29,0,58,0,0,112,0,112,17,12,141,0,170,58,0,58,228
10/21/2022,GNV,FL,ASO,ES,Federal Contract Tower,20,17,55,19,111,0,0,121,5,126,20,17,176,24,237,48,14,62,299
10/22/2022,GNV,FL,ASO,ES,Federal Contract Tower,16,9,29,0,54,0,0,96,2,98,16,9,125,2,152,16,8,24,176
10/23/2022,GNV,FL,ASO,ES,Federal Contract Tower,17,4,25,0,46,0,0,61,0,61,17,4,86,0,107,30,0,30,137
10/24/2022,GNV,FL,ASO,ES,Federal Contract Tower,18,11,40,0,69,0,0,72,0,72,18,11,112,0,141,60,0,60,201
10/25/2022,GNV,FL,ASO,ES,Federal Contract Tower,18,5,30,2,55,0,2,83,0,85,18,7,113,2,140,64,0,64,204
10/26/2022,GNV,FL,ASO,ES,Federal Contract Tower,19,7,35,4,65,0,0,86,0,86,19,7,121,4,151,98,0,98,249
10/27/2022,GNV,FL,ASO,ES,Federal Contract Tower,19,9,54,1,83,0,0,91,0,91,19,9,145,1,174,89,0,89,263
10/28/2022,GNV,FL,ASO,ES,Federal Contract Tower,19,18,52,3,92,0,0,22,0,22,19,18,74,3,114,20,0,20,134
10/29/2022,GNV,FL,ASO,ES,Federal Contract Tower,16,17,39,0,72,0,0,0,0,0,16,17,39,0,72,0,0,0,72
10/30/2022,GNV,FL,ASO,ES,Federal Contract Tower,16,4,34,0,54,0,0,31,0,31,16,4,65,0,85,40,0,40,125
10/31/2022,GNV,FL,ASO,ES,Federal Contract Tower,14,20,39,14,87,0,0,77,1,78,14,20,116,15,165,42,26,68,233
11/01/2022,GNV,FL,ASO,ES,Federal Contract Tower,17,10,54,6,87,0,0,113,2,115,17,10,167,8,202,52,0,52,254
11/02/2022,GNV,FL,ASO,ES,Federal Contract Tower,17,6,35,0,58,0,0,64,2,66,17,6,99,2,124,56,0,56,180
11/03/2022,GNV,FL,ASO,ES,Federal Contract Tower,18,9,27,1,55,0,0,74,5,79,18,9,101,6,134,72,0,72,206
11/04/2022,GNV,FL,ASO,ES,Federal Contract Tower,19,4,54,11,88,0,0,102,28,130,19,4,156,39,218,58,22,80,298
11/05/2022,GNV,FL,ASO,ES,Federal Contract Tower,18,9,28,2,57,0,0,54,0,54,18,9,82,2,111,46,0,46,157
11/06/2022,GNV,FL,ASO,ES,Federal Contract Tower,17,9,22,8,56,0,0,64,28,92,17,9,86,36,148,22,0,22,170
11/07/2022,GNV,FL,ASO,ES,Federal Contract Tower,15,13,26,3,57,0,0,80,6,86,15,13,106,9,143,26,2,28,171
11/08/2022,GNV,FL,ASO,ES,Federal Contract Tower,17,8,19,13,57,0,0,37,4,41,17,8,56,17,98,6,4,10,108
11/09/2022,GNV,FL,ASO,ES,Federal Contract Tower,12,2,14,0,28,0,0,0,0,0,12,2,14,0,28,0,0,0,28
11/10/2022,GNV,FL,ASO,ES,Federal Contract Tower,13,0,1,0,14,0,0,0,0,0,13,0,1,0,14,0,0,0,14
11/11/2022,GNV,FL,ASO,ES,Federal Contract Tower,20,10,52,15,97,0,0,24,3,27,20,10,76,18,124,2,0,2,126
11/12/2022,GNV,FL,ASO,ES,Federal Contract Tower,18,17,78,0,113,0,0,67,0,67,18,17,145,0,180,6,0,6,186
11/13/2022,GNV,FL,ASO,ES,Federal Contract Tower,17,13,61,0,91,0,0,41,0,41,17,13,102,0,132,26,0,26,158
11/14/2022,GNV,FL,ASO,ES,Federal Contract Tower,17,10,70,0,97,0,0,93,0,93,17,10,163,0,190,72,0,72,262
11/15/2022,GNV,FL,ASO,ES,Federal Contract Tower,17,11,29,9,66,0,0,31,2,33,17,11,60,11,99,66,14,80,179
11/16/2022,GNV,FL,ASO,ES,Federal Contract Tower,17,11,43,8,79,0,0,64,6,70,17,11,107,14,149,44,4,48,197
11/17/2022,GNV,FL,ASO,ES,Federal Contract Tower,16,10,39,9,74,0,0,134,12,146,16,10,173,21,220,80,24,104,324
11/18/2022,GNV,FL,ASO,ES,Federal Contract Tower,19,14,45,8,86,0,0,152,3,155,19,14,197,11,241,72,6,78,319
11/19/2022,GNV,FL,ASO,ES,Federal Contract Tower,17,6,40,0,63,0,0,108,2,110,17,6,148,2,173,80,0,80,253
11/20/2022,GNV,FL,ASO,ES,Federal Contract Tower,18,10,26,3,57,0,0,26,5,31,18,10,52,8,88,0,0,0,88
11/21/2022,GNV,FL,ASO,ES,Federal Contract Tower,18,11,47,8,84,0,0,70,2,72,18,11,117,10,156,46,0,46,202
11/22/2022,GNV,FL,ASO,ES,Federal Contract Tower,18,9,46,2,75,0,0,1,0,1,18,9,47,2,76,0,0,0,76
11/23/2022,GNV,FL,ASO,ES,Federal Contract Tower,19,9,35,5,68,0,0,27,0,27,19,9,62,5,95,12,0,12,107
11/24/2022,GNV,FL,ASO,ES,Federal Contract Tower,9,7,9,0,25,0,0,1,0,1,9,7,10,0,26,0,0,0,26
11/25/2022,GNV,FL,ASO,ES,Federal Contract Tower,16,4,29,0,49,0,0,13,0,13,16,4,42,0,62,6,0,6,68
11/26/2022,GNV,FL,ASO,ES,Federal Contract Tower,17,4,35,0,56,0,0,18,0,18,17,4,53,0,74,54,0,54,128
11/27/2022,GNV,FL,ASO,ES,Federal Contract Tower,17,11,29,0,57,0,1,15,0,16,17,12,44,0,73,16,0,16,89
11/28/2022,GNV,FL,ASO,ES,Federal Contract Tower,17,7,62,1,87,0,0,118,1,119,17,7,180,2,206,94,4,98,304
11/29/2022,GNV,FL,ASO,ES,Federal Contract Tower,17,11,39,2,69,0,0,127,1,128,17,11,166,3,197,58,46,104,301
11/30/2022,GNV,FL,ASO,ES,Federal Contract Tower,17,4,37,0,58,0,0,51,0,51,17,4,88,0,109,56,0,56,165
12/01/2022,GNV,FL,ASO,ES,Federal Contract Tower,17,10,34,3,64,0,0,108,1,109,17,10,142,4,173,52,0,52,225
12/02/2022,GNV,FL,ASO,ES,Federal Contract Tower,17,6,43,2,68,0,0,110,6,116,17,6,153,8,184,58,0,58,242
12/03/2022,GNV,FL,ASO,ES,Federal Contract Tower,15,3,30,11,59,0,0,137,0,137,15,3,167,11,196,82,20,102,298
12/04/2022,GNV,FL,ASO,ES,Federal Contract Tower,18,5,35,8,66,0,0,77,12,89,18,5,112,20,155,47,0,47,202
12/05/2022,GNV,FL,ASO,ES,Federal Contract Tower,18,9,53,0,80,0,0,42,0,42,18,9,95,0,122,56,0,56,178
12/06/2022,GNV,FL,ASO,ES,Federal Contract Tower,19,13,34,5,71,0,0,114,10,124,19,13,148,15,195,174,2,176,371
12/07/2022,GNV,FL,ASO,ES,Federal Contract Tower,19,13,35,6,73,0,0,117,2,119,19,13,152,8,192,46,4,50,242
12/08/2022,GNV,FL,ASO,ES,Federal Contract Tower,18,9,30,3,60,0,0,123,4,127,18,9,153,7,187,92,0,92,279
12/09/2022,GNV,FL,ASO,ES,Federal Contract Tower,17,11,39,9,76,0,0,103,17,120,17,11,142,26,196,56,2,58,254
12/10/2022,GNV,FL,ASO,ES,Federal Contract Tower,18,9,16,12,55,0,0,46,1,47,18,9,62,13,102,76,6,82,184
12/11/2022,GNV,FL,ASO,ES,Federal Contract Tower,19,8,52,11,90,0,0,2,0,2,19,8,54,11,92,0,0,0,92
12/12/2022,GNV,FL,ASO,ES,Federal Contract Tower,16,11,38,16,81,0,0,94,2,96,16,11,132,18,177,80,0,80,257
12/13/2022,GNV,FL,ASO,ES,Federal Contract Tower,18,14,58,6,96,0,0,50,0,50,18,14,108,6,146,56,0,56,202
12/14/2022,GNV,FL,ASO,ES,Federal Contract Tower,17,16,28,6,67,0,0,62,2,64,17,16,90,8,131,36,14,50,181
12/15/2022,GNV,FL,ASO,ES,Federal Contract Tower,21,11,45,6,83,0,0,8,2,10,21,11,53,8,93,16,0,16,109
12/16/2022,GNV,FL,ASO,ES,Federal Contract Tower,14,15,52,19,100,0,0,138,2,140,14,15,190,21,240,78,2,80,320
12/17/2022,GNV,FL,ASO,ES,Federal Contract Tower,11,11,28,2,52,0,0,97,0,97,11,11,125,2,149,62,0,62,211
12/18/2022,GNV,FL,ASO,ES,Federal Contract Tower,14,10,38,26,88,0,0,66,8,74,14,10,104,34,162,8,0,8,170
12/19/2022,GNV,FL,ASO,ES,Federal Contract Tower,16,14,31,2,63,0,0,106,2,108,16,14,137,4,171,36,2,38,209
12/20/2022,GNV,FL,ASO,ES,Federal Contract Tower,10,20,13,3,46,0,0,31,1,32,10,20,44,4,78,34,14,48,126
12/21/2022,GNV,FL,ASO,ES,Federal Contract Tower,13,15,24,0,52,0,0,0,0,0,13,15,24,0,52,0,0,0,52
12/22/2022,GNV,FL,ASO,ES,Federal Contract Tower,12,13,19,0,44,0,0,18,0,18,12,13,37,0,62,34,0,34,96
12/23/2022,GNV,FL,ASO,ES,Federal Contract Tower,14,8,24,0,46,0,0,20,0,20,14,8,44,0,66,0,10,10,76
12/24/2022,GNV,FL,ASO,ES,Federal Contract Tower,7,8,10,0,25,0,0,38,0,38,7,8,48,0,63,0,0,0,63
12/25/2022,GNV,FL,ASO,ES,Federal Contract Tower,10,14,8,0,32,0,0,19,0,19,10,14,27,0,51,2,0,2,53
12/26/2022,GNV,FL,ASO,ES,Federal Contract Tower,16,8,33,0,57,0,0,66,0,66,16,8,99,0,123,6,0,6,129
12/27/2022,GNV,FL,ASO,ES,Federal Contract Tower,15,12,23,2,52,0,0,83,2,85,15,12,106,4,137,36,0,36,173
12/28/2022,GNV,FL,ASO,ES,Federal Contract Tower,13,21,31,0,65,0,2,124,0,126,13,23,155,0,191,30,0,30,221
12/29/2022,GNV,FL,ASO,ES,Federal Contract Tower,15,16,35,2,68,0,2,102,0,104,15,18,137,2,172,44,0,44,216
12/30/2022,GNV,FL,ASO,ES,Federal Contract Tower,12,15,32,0,59,0,0,68,0,68,12,15,100,0,127,82,0,82,209
12/31/2022,GNV,FL,ASO,ES,Federal Contract Tower,8,6,20,0,34,0,0,4,0,4,8,6,24,0,38,0,0,0,38
01/01/2023,GNV,FL,ASO,ES,Federal Contract Tower,13,12,19,0,44,0,0,13,0,13,13,12,32,0,57,6,0,6,63
01/02/2023,GNV,FL,ASO,ES,Federal Contract Tower,18,11,32,0,61,0,0,54,0,54,18,11,86,0,115,38,0,38,153
01/03/2023,GNV,FL,ASO,ES,Federal Contract Tower,16,12,25,8,61,0,0,71,4,75,16,12,96,12,136,66,0,66,202
01/04/2023,GNV,FL,ASO,ES,Federal Contract Tower,15,7,33,0,55,0,0,6,0,6,15,7,39,0,61,0,0,0,61
01/05/2023,GNV,FL,ASO,ES,Federal Contract Tower,14,11,66,2,93,0,0,77,7,84,14,11,143,9,177,24,28,52,229
01/06/2023,GNV,FL,ASO,ES,Federal Contract Tower,14,13,42,44,113,0,0,125,6,131,14,13,167,50,244,88,12,100,344
01/07/2023,GNV,FL,ASO,ES,Federal Contract Tower,12,12,31,3,58,0,4,137,6,147,12,16,168,9,205,78,18,96,301
01/08/2023,GNV,FL,ASO,ES,Federal Contract Tower,12,18,44,22,96,0,0,83,18,101,12,18,127,40,197,74,2,76,273
01/09/2023,GNV,FL,ASO,ES,Federal Contract Tower,19,12,20,0,51,0,0,94,0,94,19,12,114,0,145,58,0,58,203
01/10/2023,GNV,FL,ASO,ES,Federal Contract Tower,15,10,35,2,62,0,0,134,6,140,15,10,169,8,202,124,26,150,352
01/11/2023,GNV,FL,ASO,ES,Federal Contract Tower,20,12,45,12,89,0,0,128,2,130,20,12,173,14,219,170,30,200,419
01/12/2023,GNV,FL,ASO,ES,Federal Contract Tower,17,10,45,6,78,0,0,108,2,110,17,10,153,8,188,70,0,70,258
01/13/2023,GNV,FL,ASO,ES,Federal Contract Tower,18,10,73,7,108,0,0,46,8,54,18,10,119,15,162,34,22,56,218
01/14/2023,GNV,FL,ASO,ES,Federal Contract Tower,9,13,48,0,70,0,0,70,0,70,9,13,118,0,140,20,0,20,160
01/15/2023,GNV,FL,ASO,ES,Federal Contract Tower,15,5,47,1,68,0,0,116,5,121,15,5,163,6,189,58,0,58,247
01/16/2023,GNV,FL,ASO,ES,Federal Contract Tower,17,7,49,2,75,0,0,117,0,117,17,7,166,2,192,62,0,62,254
01/17/2023,GNV,FL,ASO,ES,Federal Contract Tower,19,10,61,4,94,0,0,147,0,147,19,10,208,4,241,72,0,72,313
01/18/2023,GNV,FL,ASO,ES,Federal Contract Tower,19,12,35,14,80,0,0,112,3,115,19,12,147,17,195,72,40,112,307
01/19/2023,GNV,FL,ASO,ES,Federal Contract Tower,20,5,70,2,97,0,0,60,0,60,20,5,130,2,157,36,0,36,193
01/20/2023,GNV,FL,ASO,ES,Federal Contract Tower,19,12,41,5,77,0,0,102,6,108,19,12,143,11,185,16,0,16,201
01/21/2023,GNV,FL,ASO,ES,Federal Contract Tower,17,5,34,0,56,0,0,45,0,45,17,5,79,0,101,44,0,44,145
01/22/2023,GNV,FL,ASO,ES,Federal Contract Tower,20,2,17,12,51,0,0,18,1,19,20,2,35,13,70,28,0,28,98
01/23/2023,GNV,FL,ASO,ES,Federal Contract Tower,18,6,54,3,81,0,0,89,1,90,18,6,143,4,171,62,0,62,233
01/24/2023,GNV,FL,ASO,ES,Federal Contract Tower,17,11,39,0,67,0,0,113,0,113,17,11,152,0,180,32,0,32,212
01/25/2023,GNV,FL,ASO,ES,Federal Contract Tower,16,6,17,0,39,0,0,9,3,12,16,6,26,3,51,26,0,26,77
01/26/2023,GNV,FL,ASO,ES,Federal Contract Tower,17,20,68,4,109,0,0,127,2,129,17,20,195,6,238,86,8,94,332
01/27/2023,GNV,FL,ASO,ES,Federal Contract Tower,16,10,44,7,77,0,0,113,3,116,16,10,157,10,193,100,0,100,293
01/28/2023,GNV,FL,ASO,ES,Federal Contract Tower,13,8,30,20,71,0,0,107,2,109,13,8,137,22,180,102,12,114,294
01/29/2023,GNV,FL,ASO,ES,Federal Contract Tower,18,10,39,14,81,0,0,86,4,90,18,10,125,18,171,84,0,84,255
01/30/2023,GNV,FL,ASO,ES,Federal Contract Tower,17,19,35,19,90,0,0,103,4,107,17,19,138,23,197,148,52,200,397
01/31/2023,GNV,FL,ASO,ES,Federal Contract Tower,16,16,38,54,124,0,0,109,9,118,16,16,147,63,242,54,58,112,354
02/01/2023,GNV,FL,ASO,ES,Federal Contract Tower,14,25,33,45,117,0,0,97,6,103,14,25,130,51,220,32,44,76,296
02/02/2023,GNV,FL,ASO,ES,Federal Contract Tower,21,17,30,30,98,0,0,82,4,86,21,17,112,34,184,38,34,72,256
02/03/2023,GNV,FL,ASO,ES,Federal Contract Tower,17,14,30,10,71,0,0,11,16,27,17,14,41,26,98,0,0,0,98
02/04/2023,GNV,FL,ASO,ES,Federal Contract Tower,11,15,36,2,64,0,0,60,0,60,11,15,96,2,124,32,12,44,168
02/05/2023,GNV,FL,ASO,ES,Federal Contract Tower,14,11,39,15,79,0,0,45,7,52,14,11,84,22,131,24,0,24,155
02/06/2023,GNV,FL,ASO,ES,Federal Contract Tower,15,5,32,3,55,0,0,131,22,153,15,5,163,25,208,104,20,124,332
02/07/2023,GNV,FL,ASO,ES,Federal Contract Tower,13,13,35,2,63,0,0,126,2,128,13,13,161,4,191,42,4,46,237
02/08/2023,GNV,FL,ASO,ES,Federal Contract Tower,14,16,16,12,58,0,2,130,2,134,14,18,146,14,192,88,18,106,298
02/09/2023,GNV,FL,ASO,ES,Federal Contract Tower,16,6,59,14,95,0,0,82,1,83,16,6,141,15,178,26,38,64,242
02/10/2023,GNV,FL,ASO,ES,Federal Contract Tower,15,7,63,1,86,0,0,25,0,25,15,7,88,1,111,12,0,12,123
02/11/2023,GNV,FL,ASO,ES,Federal Contract Tower,17,6,23,1,47,0,0,0,0,0,17,6,23,1,47,0,0,0,47
02/12/2023,GNV,FL,ASO,ES,Federal Contract Tower,11,21,31,0,63,0,0,15,0,15,11,21,46,0,78,2,0,2,80
02/13/2023,GNV,FL,ASO,ES,Federal Contract Tower,14,7,43,0,64,0,0,137,2,139,14,7,180,2,203,74,0,74,277
02/14/2023,GNV,FL,ASO,ES,Federal Contract Tower,13,19,46,4,82,0,0,132,4,136,13,19,178,8,218,82,14,96,314
02/15/2023,GNV,FL,ASO,ES,Federal Contract Tower,14,18,41,0,73,0,0,102,1,103,14,18,143,1,176,46,24,70,246
02/16/2023,GNV,FL,ASO,ES,Federal Contract Tower,15,5,67,4,91,0,0,115,8,123,15,5,182,12,214,54,36,90,304
02/17/2023,GNV,FL,ASO,ES,Federal Contract Tower,9,28,29,17,83,0,0,35,1,36,9,28,64,18,119,22,0,22,141
02/18/2023,GNV,FL,ASO,ES,Federal Contract Tower,13,16,33,3,65,0,0,103,2,105,13,16,136,5,170,62,0,62,232
02/19/2023,GNV,FL,ASO,ES,Federal Contract Tower,13,13,34,4,64,0,0,96,2,98,13,13,130,6,162,30,0,30,192
02/20/2023,GNV,FL,ASO,ES,Federal Contract Tower,16,9,45,0,70,0,0,75,0,75,16,9,120,0,145,48,6,54,199
02/21/2023,GNV,FL,ASO,ES,Federal Contract Tower,12,31,54,2,99,0,0,63,0,63,12,31,117,2,162,32,2,34,196
02/22/2023,GNV,FL,ASO,ES,Federal Contract Tower,12,14,97,50,173,0,0,81,12,93,12,14,178,62,266,32,46,78,344
02/23/2023,GNV,FL,ASO,ES,Federal Contract Tower,15,20,69,21,125,0,0,97,5,102,15,20,166,26,227,58,20,78,305
02/24/2023,GNV,FL,ASO,ES,Federal Contract Tower,16,20,39,40,115,0,0,97,8,105,16,20,136,48,220,58,4,62,282
02/25/2023,GNV,FL,ASO,ES,Federal Contract Tower,17,20,37,10,84,0,2,100,0,102,17,22,137,10,186,44,0,44,230
02/26/2023,GNV,FL,ASO,ES,Federal Contract Tower,14,21,42,19,96,0,0,87,17,104,14,21,129,36,200,12,4,16,216
02/27/2023,GNV,FL,ASO,ES,Federal Contract Tower,22,6,58,2,88,0,0,78,4,82,22,6,136,6,170,16,8,24,194
02/28/2023,GNV,FL,ASO,ES,Federal Contract Tower,13,20,34,21,88,0,0,58,5,63,13,20,92,26,151,82,18,100,251
03/01/2023,GNV,FL,ASO,ES,Federal Contract Tower,16,17,73,14,120,0,0,101,3,104,16,17,174,17,224,64,36,100,324
03/02/2023,GNV,FL,ASO,ES,Federal Contract Tower,17,14,78,25,134,0,0,79,12,91,17,14,157,37,225,36,24,60,285
03/03/2023,GNV,FL,ASO,ES,Federal Contract Tower,16,11,27,5,59,0,0,55,7,62,16,11,82,12,121,6,0,6,127
03/04/2023,GNV,FL,ASO,ES,Federal Contract Tower,15,12,28,0,55,0,0,18,0,18,15,12,46,0,73,34,0,34,107
03/05/2023,GNV,FL,ASO,ES,Federal Contract Tower,17,6,57,8,88,0,0,35,0,35,17,6,92,8,123,40,0,40,163
03/06/2023,GNV,FL,ASO,ES,Federal Contract Tower,18,15,42,0,75,0,0,94,4,98,18,15,136,4,173,84,0,84,257
03/07/2023,GNV,FL,ASO,ES,Federal Contract Tower,15,16,50,9,90,0,0,89,8,97,15,16,139,17,187,52,0,52,239
03/08/2023,GNV,FL,ASO,ES,Federal Contract Tower,13,15,50,5,83,0,0,94,5,99,13,15,144,10,182,52,28,80,262
03/09/2023,GNV,FL,ASO,ES,Federal Contract Tower,17,17,51,30,115,0,0,135,3,138,17,17,186,33,253,78,0,78,331
03/10/2023,GNV,FL,ASO,ES,Federal Contract Tower,25,13,45,11,94,0,0,64,11,75,25,13,109,22,169,32,4,36,205
03/11/2023,GNV,FL,ASO,ES,Federal Contract Tower,16,23,67,0,106,0,0,128,4,132,16,23,195,4,238,46,0,46,284
03/12/2023,GNV,FL,ASO,ES,Federal Contract Tower,17,10,69,5,101,0,0,70,3,73,17,10,139,8,174,12,0,12,186
03/13/2023,GNV,FL,ASO,ES,Federal Contract Tower,16,13,19,0,48,0,0,5,0,5,16,13,24,0,53,0,0,0,53
03/14/2023,GNV,FL,ASO,ES,Federal Contract Tower,17,9,36,12,74,0,0,131,2,133,17,9,167,14,207,136,10,146,353
03/15/2023,GNV,FL,ASO,ES,Federal Contract Tower,16,17,36,10,79,0,0,125,4,129,16,17,161,14,208,88,16,104,312
03/16/2023,GNV,FL,ASO,ES,Federal Contract Tower,25,23,52,0,100,0,0,130,7,137,25,23,182,7,237,52,0,52,289
03/17/2023,GNV,FL,ASO,ES,Federal Contract Tower,16,10,31,6,63,0,0,74,4,78,16,10,105,10,141,12,0,12,153
03/18/2023,GNV,FL,ASO,ES,Federal Contract Tower,16,19,28,0,63,0,0,3,0,3,16,19,31,0,66,0,0,0,66
03/19/2023,GNV,FL,ASO,ES,Federal Contract Tower,14,13,43,7,77,0,0,75,3,78,14,13,118,10,155,20,0,20,175
03/20/2023,GNV,FL,ASO,ES,Federal Contract Tower,17,14,38,15,84,0,0,132,10,142,17,14,170,25,226,124,18,142,368
03/21/2023,GNV,FL,ASO,ES,Federal Contract Tower,14,11,38,15,78,0,0,85,7,92,14,11,123,22,170,142,16,158,328
03/22/2023,GNV,FL,ASO,ES,Federal Contract Tower,14,16,26,9,65,0,0,103,29,132,14,16,129,38,197,88,30,118,315
03/23/2023,GNV,FL,ASO,ES,Federal Contract Tower,16,15,29,7,67,0,0,142,14,156,16,15,171,21,223,72,0,72,295
03/24/2023,GNV,FL,ASO,ES,Federal Contract Tower,16,12,46,12,86,0,0,163,14,177,16,12,209,26,263,62,26,88,351
03/25/2023,GNV,FL,ASO,ES,Federal Contract Tower,17,23,41,4,85,0,2,150,3,155,17,25,191,7,240,28,6,34,274
03/26/2023,GNV,FL,ASO,ES,Federal Contract Tower,17,12,38,8,75,0,0,62,4,66,17,12,100,12,141,22,8,30,171
03/27/2023,GNV,FL,ASO,ES,Federal Contract Tower,18,22,37,29,106,0,0,92,5,97,18,22,129,34,203,120,10,130,333
03/28/2023,GNV,FL,ASO,ES,Federal Contract Tower,15,14,58,10,97,0,0,54,3,57,15,14,112,13,154,172,6,178,332
03/29/2023,GNV,FL,ASO,ES,Federal Contract Tower,13,10,37,7,67,0,0,141,3,144,13,10,178,10,211,172,18,190,401
03/30/2023,GNV,FL,ASO,ES,Federal Contract Tower,17,16,52,7,92,1,1,164,2,168,18,17,216,9,260,60,2,62,322
03/31/2023,GNV,FL,ASO,ES,Federal Contract Tower,16,7,37,21,81,0,0,118,10,128,16,7,155,31,209,58,20,78,287
04/01/2023,GNV,FL,ASO,ES,Federal Contract Tower,11,12,34,6,63,0,0,54,0,54,11,12,88,6,117,40,10,50,167
04/02/2023,GNV,FL,ASO,ES,Federal Contract Tower,16,13,55,3,87,0,0,82,1,83,16,13,137,4,170,40,0,40,210
04/03/2023,GNV,FL,ASO,ES,Federal Contract Tower,16,14,50,2,82,0,0,78,2,80,16,14,128,4,162,82,0,82,244
04/04/2023,GNV,FL,ASO,ES,Federal Contract Tower,15,10,39,9,73,0,0,77,2,79,15,10,116,11,152,62,12,74,226
04/05/2023,GNV,FL,ASO,ES,Federal Contract Tower,15,22,32,6,75,0,0,81,2,83,15,22,113,8,158,92,4,96,254
04/06/2023,GNV,FL,ASO,ES,Federal Contract Tower,16,16,35,11,78,0,0,135,5,140,16,16,170,16,218,72,8,80,298
04/07/2023,GNV,FL,ASO,ES,Federal Contract Tower,19,9,27,7,62,0,2,85,0,87,19,11,112,7,149,20,10,30,179
04/08/2023,GNV,FL,ASO,ES,Federal Contract Tower,13,10,26,6,55,0,0,53,2,55,13,10,79,8,110,36,4,40,150
04/09/2023,GNV,FL,ASO,ES,Federal Contract Tower,19,15,19,0,53,0,0,4,0,4,19,15,23,0,57,0,0,0,57
04/10/2023,GNV,FL,ASO,ES,Federal Contract Tower,16,14,21,2,53,0,0,8,2,10,16,14,29,4,63,14,28,42,105
04/11/2023,GNV,FL,ASO,ES,Federal Contract Tower,15,14,53,5,87,0,0,60,4,64,15,14,113,9,151,98,8,106,257
04/12/2023,GNV,FL,ASO,ES,Federal Contract Tower,14,13,36,2,65,0,0,63,10,73,14,13,99,12,138,54,0,54,192
04/13/2023,GNV,FL,ASO,ES,Federal Contract Tower,22,9,36,2,69,0,0,33,2,35,22,9,69,4,104,64,2,66,170
04/14/2023,GNV,FL,ASO,ES,Federal Contract Tower,17,17,48,10,92,0,0,92,12,104,17,17,140,22,196,78,20,98,294
04/15/2023,GNV,FL,ASO,ES,Federal Contract Tower,15,13,51,11,90,0,0,143,3,146,15,13,194,14,236,102,26,128,364
04/16/2023,GNV,FL,ASO,ES,Federal Contract Tower,22,20,51,13,106,0,0,57,3,60,22,20,108,16,166,46,0,46,212
04/17/2023,GNV,FL,ASO,ES,Federal Contract Tower,15,19,38,9,81,0,0,89,3,92,15,19,127,12,173,84,26,110,283
04/18/2023,GNV,FL,ASO,ES,Federal Contract Tower,15,10,28,10,63,0,0,155,0,155,15,10,183,10,218,98,0,98,316
04/19/2023,GNV,FL,ASO,ES,Federal Contract Tower,14,26,31,4,75,0,0,151,6,157,14,26,182,10,232,88,14,102,334
04/20/2023,GNV,FL,ASO,ES,Federal Contract Tower,20,10,44,13,87,0,0,129,0,129,20,10,173,13,216,52,0,52,268
04/21/2023,GNV,FL,ASO,ES,Federal Contract Tower,18,5,46,8,77,0,0,134,10,144,18,5,180,18,221,82,6,88,309
04/22/2023,GNV,FL,ASO,ES,Federal Contract Tower,14,10,40,1,65,0,0,88,3,91,14,10,128,4,156,42,0,42,198
04/23/2023,GNV,FL,ASO,ES,Federal Contract Tower,18,9,46,5,78,0,0,80,10,90,18,9,126,15,168,40,16,56,224
04/24/2023,GNV,FL,ASO,ES,Federal Contract Tower,15,11,42,0,68,0,0,77,2,79,15,11,119,2,147,78,34,112,259
04/25/2023,GNV,FL,ASO,ES,Federal Contract Tower,14,14,19,4,51,0,0,56,2,58,14,14,75,6,109,154,0,154,263
04/26/2023,GNV,FL,ASO,ES,Federal Contract Tower,14,25,37,4,80,0,0,113,7,120,14,25,150,11,200,98,0,98,298
04/27/2023,GNV,FL,ASO,ES,Federal Contract Tower,20,4,38,8,70,0,0,37,2,39,20,4,75,10,109,24,18,42,151
04/28/2023,GNV,FL,ASO,ES,Federal Contract Tower,17,19,32,10,78,0,0,65,0,65,17,19,97,10,143,50,0,50,193
04/29/2023,GNV,FL,ASO,ES,Federal Contract Tower,13,6,19,2,40,0,0,52,0,52,13,6,71,2,92,28,0,28,120
04/30/2023,GNV,FL,ASO,ES,Federal Contract Tower,22,10,25,0,57,0,0,28,2,30,22,10,53,2,87,12,0,12,99
05/01/2023,GNV,FL,ASO,ES,Federal Contract Tower,19,15,34,2,70,0,0,92,5,97,19,15,126,7,167,32,0,32,199
05/02/2023,GNV,FL,ASO,ES,Federal Contract Tower,14,16,37,2,69,0,0,146,5,151,14,16,183,7,220,76,16,92,312
05/03/2023,GNV,FL,ASO,ES,Federal Contract Tower,14,19,23,6,62,0,0,118,0,118,14,19,141,6,180,38,4,42,222
05/04/2023,GNV,FL,ASO,ES,Federal Contract Tower,20,11,54,2,87,0,0,148,4,152,20,11,202,6,239,112,18,130,369
05/05/2023,GNV,FL,ASO,ES,Federal Contract Tower,17,12,54,41,124,0,0,123,8,131,17,12,177,49,255,12,26,38,293
05/06/2023,GNV,FL,ASO,ES,Federal Contract Tower,12,16,30,0,58,0,0,60,4,64,12,16,90,4,122,44,0,44,166
05/07/2023,GNV,FL,ASO,ES,Federal Contract Tower,16,12,51,15,94,0,0,76,9,85,16,12,127,24,179,12,2,14,193
05/08/2023,GNV,FL,ASO,ES,Federal Contract Tower,15,13,36,8,72,0,0,107,2,109,15,13,143,10,181,64,0,64,245
05/09/2023,GNV,FL,ASO,ES,Federal Contract Tower,9,14,29,0,52,0,0,113,0,113,9,14,142,0,165,74,0,74,239
05/10/2023,GNV,FL,ASO,ES,Federal Contract Tower,15,8,30,10,63,0,0,65,4,69,15,8,95,14,132,50,0,50,182
05/11/2023,GNV,FL,ASO,ES,Federal Contract Tower,20,6,37,0,63,0,0,35,0,35,20,6,72,0,98,16,14,30,128
05/12/2023,GNV,FL,ASO,ES,Federal Contract Tower,18,23,38,8,87,0,0,64,4,68,18,23,102,12,155,48,0,48,203
05/13/2023,GNV,FL,ASO,ES,Federal Contract Tower,12,9,28,0,49,0,0,49,0,49,12,9,77,0,98,50,0,50,148
05/14/2023,GNV,FL,ASO,ES,Federal Contract Tower,19,13,22,9,63,0,6,63,3,72,19,19,85,12,135,40,0,40,175
05/15/2023,GNV,FL,ASO,ES,Federal Contract Tower,16,15,27,0,58,0,0,140,0,140,16,15,167,0,198,72,0,72,270
05/16/2023,GNV,FL,ASO,ES,Federal Contract Tower,13,11,23,6,53,0,0,66,0,66,13,11,89,6,119,52,0,52,171
05/17/2023,GNV,FL,ASO,ES,Federal Contract Tower,15,18,47,7,87,0,0,87,3,90,15,18,134,10,177,62,10,72,249
05/18/2023,GNV,FL,ASO,ES,Federal Contract Tower,17,5,43,0,65,0,0,59,0,59,17,5,102,0,124,120,0,120,244
05/19/2023,GNV,FL,ASO,ES,Federal Contract Tower,15,17,36,8,76,0,0,61,4,65,15,17,97,12,141,90,0,90,231
05/20/2023,GNV,FL,ASO,ES,Federal Contract Tower,18,4,22,8,52,0,0,63,0,63,18,4,85,8,115,18,4,22,137
05/21/2023,GNV,FL,ASO,ES,Federal Contract Tower,12,18,15,5,50,0,0,59,0,59,12,18,74,5,109,64,0,64,173
05/22/2023,GNV,FL,ASO,ES,Federal Contract Tower,15,14,27,2,58,0,0,30,0,30,15,14,57,2,88,40,10,50,138
05/23/2023,GNV,FL,ASO,ES,Federal Contract Tower,12,7,17,1,37,0,0,28,0,28,12,7,45,1,65,92,0,92,157
05/24/2023,GNV,FL,ASO,ES,Federal Contract Tower,10,15,29,1,55,0,0,26,4,30,10,15,55,5,85,46,0,46,131
05/25/2023,GNV,FL,ASO,ES,Federal Contract Tower,17,9,42,5,73,0,0,88,4,92,17,9,130,9,165,66,20,86,251
05/26/2023,GNV,FL,ASO,ES,Federal Contract Tower,17,12,33,0,62,0,0,6,0,6,17,12,39,0,68,4,0,4,72
05/27/2023,GNV,FL,ASO,ES,Federal Contract Tower,9,15,39,0,63,0,3,75,0,78,9,18,114,0,141,34,0,34,175
05/28/2023,GNV,FL,ASO,ES,Federal Contract Tower,17,8,26,0,51,0,0,103,0,103,17,8,129,0,154,58,0,58,212
05/29/2023,GNV,FL,ASO,ES,Federal Contract Tower,13,14,48,0,75,0,0,112,0,112,13,14,160,0,187,70,0,70,257
05/30/2023,GNV,FL,ASO,ES,Federal Contract Tower,14,14,41,5,74,0,0,107,3,110,14,14,148,8,184,50,4,54,238
05/31/2023,GNV,FL,ASO,ES,Federal Contract Tower,16,15,40,4,75,0,0,100,3,103,16,15,140,7,178,78,28,106,284
06/01/2023,GNV,FL,ASO,ES,Federal Contract Tower,18,3,38,0,59,0,0,57,2,59,18,3,95,2,118,48,0,48,166
06/02/2023,GNV,FL,ASO,ES,Federal Contract Tower,15,22,42,23,102,0,0,85,7,92,15,22,127,30,194,50,0,50,244
06/03/2023,GNV,FL,ASO,ES,Federal Contract Tower,11,9,36,0,56,0,0,50,0,50,11,9,86,0,106,62,0,62,168
06/04/2023,GNV,FL,ASO,ES,Federal Contract Tower,19,4,21,3,47,0,0,21,2,23,19,4,42,5,70,12,0,12,82
06/05/2023,GNV,FL,ASO,ES,Federal Contract Tower,18,19,37,2,76,0,0,97,4,101,18,19,134,6,177,104,8,112,289
06/06/2023,GNV,FL,ASO,ES,Federal Contract Tower,10,15,20,8,53,0,0,149,3,152,10,15,169,11,205,74,10,84,289
06/07/2023,GNV,FL,ASO,ES,Federal Contract Tower,14,15,30,6,65,0,0,72,1,73,14,15,102,7,138,68,14,82,220
06/08/2023,GNV,FL,ASO,ES,Federal Contract Tower,27,9,42,3,81,0,0,110,6,116,27,9,152,9,197,76,40,116,313
06/09/2023,GNV,FL,ASO,ES,Federal Contract Tower,16,29,42,9,96,0,0,60,2,62,16,29,102,11,158,26,22,48,206
06/10/2023,GNV,FL,ASO,ES,Federal Contract Tower,13,15,23,2,53,0,0,65,2,67,13,15,88,4,120,68,0,68,188
06/11/2023,GNV,FL,ASO,ES,Federal Contract Tower,20,18,15,1,54,0,0,64,6,70,20,18,79,7,124,58,0,58,182
06/12/2023,GNV,FL,ASO,ES,Federal Contract Tower,18,11,38,6,73,0,0,105,1,106,18,11,143,7,179,96,8,104,283
06/13/2023,GNV,FL,ASO,ES,Federal Contract Tower,11,17,42,4,74,0,0,94,4,98,11,17,136,8,172,42,10,52,224
06/14/2023,GNV,FL,ASO,ES,Federal Contract Tower,15,18,60,20,113,0,0,70,2,72,15,18,130,22,185,110,10,120,305
06/15/2023,GNV,FL,ASO,ES,Federal Contract Tower,18,6,34,1,59,0,0,27,0,27,18,6,61,1,86,68,0,68,154
06/16/2023,GNV,FL,ASO,ES,Federal Contract Tower,16,14,23,0,53,0,0,35,0,35,16,14,58,0,88,34,0,34,122
06/17/2023,GNV,FL,ASO,ES,Federal Contract Tower,9,13,9,0,31,0,0,31,0,31,9,13,40,0,62,8,0,8,70
06/18/2023,GNV,FL,ASO,ES,Federal Contract Tower,16,12,17,0,45,0,0,44,0,44,16,12,61,0,89,8,0,8,97
06/19/2023,GNV,FL,ASO,ES,Federal Contract Tower,16,19,16,0,51,0,0,79,0,79,16,19,95,0,130,36,0,36,166
06/20/2023,GNV,FL,ASO,ES,Federal Contract Tower,13,12,25,0,50,0,0,29,0,29,13,12,54,0,79,46,0,46,125
06/21/2023,GNV,FL,ASO,ES,Federal Contract Tower,14,19,19,16,68,0,0,36,0,36,14,19,55,16,104,56,12,68,172
06/22/2023,GNV,FL,ASO,ES,Federal Contract Tower,12,15,8,0,35,0,0,19,0,19,12,15,27,0,54,74,0,74,128
06/23/2023,GNV,FL,ASO,ES,Federal Contract Tower,16,9,31,0,56,0,0,36,3,39,16,9,67,3,95,38,0,38,133
06/24/2023,GNV,FL,ASO,ES,Federal Contract Tower,15,8,18,0,41,0,0,118,2,120,15,8,136,2,161,42,0,42,203
06/25/2023,GNV,FL,ASO,ES,Federal Contract Tower,17,16,20,0,53,0,0,111,4,115,17,16,131,4,168,66,0,66,234
06/26/2023,GNV,FL,ASO,ES,Federal Contract Tower,15,17,48,3,83,0,0,120,5,125,15,17,168,8,208,72,0,72,280
06/27/2023,GNV,FL,ASO,ES,Federal Contract Tower,13,20,30,2,65,0,0,88,6,94,13,20,118,8,159,50,0,50,209
06/28/2023,GNV,FL,ASO,ES,Federal Contract Tower,11,21,39,1,72,0,0,85,4,89,11,21,124,5,161,26,0,26,187
06/29/2023,GNV,FL,ASO,ES,Federal Contract Tower,12,15,47,0,74,0,0,112,2,114,12,15,159,2,188,46,0,46,234
06/30/2023,GNV,FL,ASO,ES,Federal Contract Tower,15,16,27,0,58,0,0,104,0,104,15,16,131,0,162,52,0,52,214
07/01/2023,GNV,FL,ASO,ES,Federal Contract Tower,15,10,20,7,52,0,0,74,1,75,15,10,94,8,127,50,0,50,177
07/02/2023,GNV,FL,ASO,ES,Federal Contract Tower,15,13,18,0,46,0,2,86,0,88,15,15,104,0,134,18,0,18,152
07/03/2023,GNV,FL,ASO,ES,Federal Contract Tower,15,11,27,0,53,0,0,66,0,66,15,11,93,0,119,58,0,58,177
07/04/2023,GNV,FL,ASO,ES,Federal Contract Tower,10,11,14,0,35,0,0,61,0,61,10,11,75,0,96,44,0,44,140
07/05/2023,GNV,FL,ASO,ES,Federal Contract Tower,12,19,20,17,68,0,0,61,0,61,12,19,81,17,129,16,0,16,145
07/06/2023,GNV,FL,ASO,ES,Federal Contract Tower,19,13,22,11,65,0,0,83,9,92,19,13,105,20,157,50,6,56,213
07/07/2023,GNV,FL,ASO,ES,Federal Contract Tower,14,19,31,36,100,0,0,65,15,80,14,19,96,51,180,18,0,18,198
07/08/2023,GNV,FL,ASO,ES,Federal Contract Tower,11,20,30,0,61,0,0,50,0,50,11,20,80,0,111,18,0,18,129
07/09/2023,GNV,FL,ASO,ES,Federal Contract Tower,17,7,20,21,65,0,0,49,6,55,17,7,69,27,120,28,0,28,148
07/10/2023,GNV,FL,ASO,ES,Federal Contract Tower,15,8,29,0,52,0,0,29,0,29,15,8,58,0,81,34,0,34,115
07/11/2023,GNV,FL,ASO,ES,Federal Contract Tower,11,15,55,0,81,0,0,38,0,38,11,15,93,0,119,66,0,66,185
07/12/2023,GNV,FL,ASO,ES,Federal Contract Tower,10,21,29,3,63,0,0,86,8,94,10,21,115,11,157,64,12,76,233
07/13/2023,GNV,FL,ASO,ES,Federal Contract Tower,16,9,56,8,89,0,0,95,5,100,16,9,151,13,189,56,12,68,257
07/14/2023,GNV,FL,ASO,ES,Federal Contract Tower,14,5,48,4,71,0,0,81,0,81,14,5,129,4,152,44,0,44,196
07/15/2023,GNV,FL,ASO,ES,Federal Contract Tower,10,10,28,0,48,0,0,57,0,57,10,10,85,0,105,26,0,26,131
07/16/2023,GNV,FL,ASO,ES,Federal Contract Tower,19,9,27,0,55,0,0,12,0,12,19,9,39,0,67,10,0,10,77
07/17/2023,GNV,FL,ASO,ES,Federal Contract Tower,10,28,27,0,65,0,0,48,1,49,10,28,75,1,114,24,2,26,140
07/18/2023,GNV,FL,ASO,ES,Federal Contract Tower,16,4,28,6,54,0,0,95,6,101,16,4,123,12,155,70,24,94,249
07/19/2023,GNV,FL,ASO,ES,Federal Contract Tower,16,18,32,5,71,0,0,96,4,100,16,18,128,9,171,6,28,34,205
07/20/2023,GNV,FL,ASO,ES,Federal Contract Tower,13,12,38,3,66,0,0,90,5,95,13,12,128,8,161,30,2,32,193
07/21/2023,GNV,FL,ASO,ES,Federal Contract Tower,16,7,59,16,98,0,0,129,0,129,16,7,188,16,227,16,6,22,249
07/22/2023,GNV,FL,ASO,ES,Federal Contract Tower,15,9,15,0,39,0,0,83,0,83,15,9,98,0,122,52,0,52,174
07/23/2023,GNV,FL,ASO,ES,Federal Contract Tower,17,10,16,0,43,0,0,9,4,13,17,10,25,4,56,0,0,0,56
07/24/2023,GNV,FL,ASO,ES,Federal Contract Tower,16,11,19,2,48,0,0,43,0,43,16,11,62,2,91,34,0,34,125
07/25/2023,GNV,FL,ASO,ES,Federal Contract Tower,13,15,30,0,58,0,0,48,0,48,13,15,78,0,106,102,0,102,208
07/26/2023,GNV,FL,ASO,ES,Federal Contract Tower,13,15,36,6,70,0,0,105,6,111,13,15,141,12,181,54,0,54,235
07/27/2023,GNV,FL,ASO,ES,Federal Contract Tower,17,9,35,3,64,0,0,61,2,63,17,9,96,5,127,42,2,44,171
07/28/2023,GNV,FL,ASO,ES,Federal Contract Tower,15,11,32,0,58,0,0,78,0,78,15,11,110,0,136,48,0,48,184
07/29/2023,GNV,FL,ASO,ES,Federal Contract Tower,14,7,38,0,59,0,0,80,2,82,14,7,118,2,141,56,1,57,198
07/30/2023,GNV,FL,ASO,ES,Federal Contract Tower,17,6,23,2,48,0,0,67,8,75,17,6,90,10,123,9,0,9,132
07/31/2023,GNV,FL,ASO,ES,Federal Contract Tower,16,14,17,0,47,0,0,65,2,67,16,14,82,2,114,44,0,44,158
08/01/2023,GNV,FL,ASO,ES,Federal Contract Tower,11,7,14,7,39,0,0,54,6,60,11,7,68,13,99,14,20,34,133
08/02/2023,GNV,FL,ASO,ES,Federal Contract Tower,11,13,26,2,52,0,0,78,17,95,11,13,104,19,147,82,0,82,229
08/03/2023,GNV,FL,ASO,ES,Federal Contract Tower,18,11,35,15,79,0,0,109,6,115,18,11,144,21,194,42,12,54,248
08/04/2023,GNV,FL,ASO,ES,Federal Contract Tower,12,12,18,4,46,0,0,81,0,81,12,12,99,4,127,50,0,50,177
08/05/2023,GNV,FL,ASO,ES,Federal Contract Tower,16,4,14,0,34,0,0,49,0,49,16,4,63,0,83,18,0,18,101
08/06/2023,GNV,FL,ASO,ES,Federal Contract Tower,18,3,37,0,58,0,0,70,4,74,18,3,107,4,132,38,0,38,170
08/07/2023,GNV,FL,ASO,ES,Federal Contract Tower,12,7,16,0,35,0,0,126,0,126,12,7,142,0,161,42,0,42,203
08/08/2023,GNV,FL,ASO,ES,Federal Contract Tower,14,8,52,4,78,0,0,79,10,89,14,8,131,14,167,34,0,34,201
08/09/2023,GNV,FL,ASO,ES,Federal Contract Tower,15,17,40,4,76,0,0,107,6,113,15,17,147,10,189,44,12,56,245
08/10/2023,GNV,FL,ASO,ES,Federal Contract Tower,15,13,51,4,83,0,0,107,2,109,15,13,158,6,192,62,0,62,254
08/11/2023,GNV,FL,ASO,ES,Federal Contract Tower,18,8,45,0,71,0,0,127,8,135,18,8,172,8,206,78,12,90,296
08/12/2023,GNV,FL,ASO,ES,Federal Contract Tower,12,14,27,0,53,0,0,70,0,70,12,14,97,0,123,22,0,22,145
08/13/2023,GNV,FL,ASO,ES,Federal Contract Tower,19,5,32,1,57,0,0,81,1,82,19,5,113,2,139,22,0,22,161
08/14/2023,GNV,FL,ASO,ES,Federal Contract Tower,19,5,29,8,61,0,0,89,2,91,19,5,118,10,152,56,10,66,218
08/15/2023,GNV,FL,ASO,ES,Federal Contract Tower,15,9,21,4,49,0,0,56,2,58,15,9,77,6,107,42,0,42,149
08/16/2023,GNV,FL,ASO,ES,Federal Contract Tower,14,16,32,16,78,0,0,36,11,47,14,16,68,27,125,32,14,46,171
08/17/2023,GNV,FL,ASO,ES,Federal Contract Tower,18,9,36,0,63,0,0,46,0,46,18,9,82,0,109,34,0,34,143
08/18/2023,GNV,FL,ASO,ES,Federal Contract Tower,18,23,44,6,91,0,0,73,4,77,18,23,117,10,168,10,0,10,178
08/19/2023,GNV,FL,ASO,ES,Federal Contract Tower,15,4,29,2,50,0,0,102,0,102,15,4,131,2,152,18,0,18,170
08/20/2023,GNV,FL,ASO,ES,Federal Contract Tower,16,6,27,0,49,0,0,33,0,33,16,6,60,0,82,4,0,4,86
08/21/2023,GNV,FL,ASO,ES,Federal Contract Tower,15,14,52,0,81,0,0,114,0,114,15,14,166,0,195,32,0,32,227
08/22/2023,GNV,FL,ASO,ES,Federal Contract Tower,15,9,29,2,55,0,0,118,4,122,15,9,147,6,177,50,0,50,227
08/23/2023,GNV,FL,ASO,ES,Federal Contract Tower,14,12,34,2,62,0,0,118,11,129,14,12,152,13,191,34,28,62,253
08/24/2023,GNV,FL,ASO,ES,Federal Contract Tower,18,9,49,2,78,0,0,123,2,125,18,9,172,4,203,76,4,80,283
08/25/2023,GNV,FL,ASO,ES,Federal Contract Tower,14,8,39,31,92,0,0,146,19,165,14,8,185,50,257,48,4,52,309
08/26/2023,GNV,FL,ASO,ES,Federal Contract Tower,18,11,22,2,53,0,0,95,0,95,18,11,117,2,148,38,0,38,186
08/27/2023,GNV,FL,ASO,ES,Federal Contract Tower,17,9,22,2,50,0,0,78,6,84,17,9,100,8,134,2,0,2,136
08/28/2023,GNV,FL,ASO,ES,Federal Contract Tower,17,8,20,0,45,0,0,56,3,59,17,8,76,3,104,28,0,28,132
08/29/2023,GNV,FL,ASO,ES,Federal Contract Tower,16,6,21,2,45,0,0,33,0,33,16,6,54,2,78,20,0,20,98
08/30/2023,GNV,FL,ASO,ES,Federal Contract Tower,0,0,0,0,0,0,0,0,0,0,0,0,0,0,0,0,0,0,0
08/31/2023,GNV,FL,ASO,ES,Federal Contract Tower,17,15,28,2,62,0,0,90,0,90,17,15,118,2,152,40,0,40,192
