01/01/2020,GPT,MS,ASO,CE,Combined TRACON& Tower with Radar,17,9,10,0,36,0,0,7,0,7,17,9,17,0,43,17,0,17,60
01/02/2020,GPT,MS,ASO,CE,Combined TRACON& Tower with Radar,21,11,13,5,50,0,0,0,1,1,21,11,13,6,51,0,0,0,51
01/03/2020,GPT,MS,ASO,CE,Combined TRACON& Tower with Radar,21,14,6,9,50,0,0,0,1,1,21,14,6,10,51,0,0,0,51
01/04/2020,GPT,MS,ASO,CE,Combined TRACON& Tower with Radar,23,9,7,32,71,0,0,15,14,29,23,9,22,46,100,16,0,16,116
01/05/2020,GPT,MS,ASO,CE,Combined TRACON& Tower with Radar,22,9,4,8,43,0,0,23,14,37,22,9,27,22,80,6,0,6,86
01/06/2020,GPT,MS,ASO,CE,Combined TRACON& Tower with Radar,26,13,8,41,88,0,0,15,9,24,26,13,23,50,112,24,8,32,144
01/07/2020,GPT,MS,ASO,CE,Combined TRACON& Tower with Radar,23,8,5,134,170,0,1,14,26,41,23,9,19,160,211,14,108,122,333
01/08/2020,GPT,MS,ASO,CE,Combined TRACON& Tower with Radar,23,8,15,121,167,0,4,19,15,38,23,12,34,136,205,18,50,68,273
01/09/2020,GPT,MS,ASO,CE,Combined TRACON& Tower with Radar,22,10,9,51,92,0,2,4,12,18,22,12,13,63,110,0,8,8,118
01/10/2020,GPT,MS,ASO,CE,Combined TRACON& Tower with Radar,20,7,6,12,45,0,0,1,0,1,20,7,7,12,46,0,0,0,46
01/11/2020,GPT,MS,ASO,CE,Combined TRACON& Tower with Radar,20,8,1,2,31,0,0,2,0,2,20,8,3,2,33,0,0,0,33
01/12/2020,GPT,MS,ASO,CE,Combined TRACON& Tower with Radar,20,12,7,11,50,0,0,2,0,2,20,12,9,11,52,10,0,10,62
01/13/2020,GPT,MS,ASO,CE,Combined TRACON& Tower with Radar,21,15,9,5,50,0,0,0,0,0,21,15,9,5,50,0,0,0,50
01/14/2020,GPT,MS,ASO,CE,Combined TRACON& Tower with Radar,24,4,16,11,55,0,0,0,0,0,24,4,16,11,55,0,0,0,55
01/15/2020,GPT,MS,ASO,CE,Combined TRACON& Tower with Radar,25,7,6,32,70,0,0,0,2,2,25,7,6,34,72,0,10,10,82
01/16/2020,GPT,MS,ASO,CE,Combined TRACON& Tower with Radar,22,11,13,109,155,0,0,0,0,0,22,11,13,109,155,20,2,22,177
01/17/2020,GPT,MS,ASO,CE,Combined TRACON& Tower with Radar,23,10,16,125,174,0,0,15,2,17,23,10,31,127,191,12,34,46,237
01/18/2020,GPT,MS,ASO,CE,Combined TRACON& Tower with Radar,17,8,10,12,47,0,0,1,1,2,17,8,11,13,49,0,0,0,49
01/19/2020,GPT,MS,ASO,CE,Combined TRACON& Tower with Radar,21,10,7,8,46,0,0,7,9,16,21,10,14,17,62,6,2,8,70
01/20/2020,GPT,MS,ASO,CE,Combined TRACON& Tower with Radar,22,9,7,0,38,0,0,4,0,4,22,9,11,0,42,6,0,6,48
01/21/2020,GPT,MS,ASO,CE,Combined TRACON& Tower with Radar,19,8,7,35,69,0,2,11,15,28,19,10,18,50,97,4,10,14,111
01/22/2020,GPT,MS,ASO,CE,Combined TRACON& Tower with Radar,21,12,15,132,180,0,2,5,14,21,21,14,20,146,201,0,32,32,233
01/23/2020,GPT,MS,ASO,CE,Combined TRACON& Tower with Radar,20,12,20,29,81,0,0,0,1,1,20,12,20,30,82,15,5,20,102
01/24/2020,GPT,MS,ASO,CE,Combined TRACON& Tower with Radar,22,11,14,119,166,0,3,18,7,28,22,14,32,126,194,28,46,74,268
01/25/2020,GPT,MS,ASO,CE,Combined TRACON& Tower with Radar,19,9,9,6,43,0,0,48,8,56,19,9,57,14,99,2,24,26,125
01/26/2020,GPT,MS,ASO,CE,Combined TRACON& Tower with Radar,21,10,7,5,43,0,0,2,0,2,21,10,9,5,45,12,0,12,57
01/27/2020,GPT,MS,ASO,CE,Combined TRACON& Tower with Radar,20,8,16,42,86,0,1,5,8,14,20,9,21,50,100,22,16,38,138
01/28/2020,GPT,MS,ASO,CE,Combined TRACON& Tower with Radar,28,10,18,52,108,0,1,23,14,38,28,11,41,66,146,20,26,46,192
01/29/2020,GPT,MS,ASO,CE,Combined TRACON& Tower with Radar,23,8,6,85,122,0,0,0,0,0,23,8,6,85,122,0,0,0,122
01/30/2020,GPT,MS,ASO,CE,Combined TRACON& Tower with Radar,24,11,10,54,99,0,6,13,15,34,24,17,23,69,133,0,40,40,173
01/31/2020,GPT,MS,ASO,CE,Combined TRACON& Tower with Radar,18,14,8,56,96,0,3,1,9,13,18,17,9,65,109,0,0,0,109
02/01/2020,GPT,MS,ASO,CE,Combined TRACON& Tower with Radar,17,9,12,49,87,0,3,27,14,44,17,12,39,63,131,12,2,14,145
02/02/2020,GPT,MS,ASO,CE,Combined TRACON& Tower with Radar,18,8,12,24,62,0,6,20,20,46,18,14,32,44,108,0,16,16,124
02/03/2020,GPT,MS,ASO,CE,Combined TRACON& Tower with Radar,23,12,16,56,107,0,4,22,24,50,23,16,38,80,157,22,74,96,253
02/04/2020,GPT,MS,ASO,CE,Combined TRACON& Tower with Radar,27,14,8,50,99,0,3,7,6,16,27,17,15,56,115,8,0,8,123
02/05/2020,GPT,MS,ASO,CE,Combined TRACON& Tower with Radar,21,11,4,0,36,0,1,0,0,1,21,12,4,0,37,0,0,0,37
02/06/2020,GPT,MS,ASO,CE,Combined TRACON& Tower with Radar,19,14,9,4,46,0,4,0,5,9,19,18,9,9,55,0,26,26,81
02/07/2020,GPT,MS,ASO,CE,Combined TRACON& Tower with Radar,19,13,15,61,108,0,7,17,33,57,19,20,32,94,165,32,30,62,227
02/08/2020,GPT,MS,ASO,CE,Combined TRACON& Tower with Radar,21,8,15,37,81,0,4,23,12,39,21,12,38,49,120,24,36,60,180
02/09/2020,GPT,MS,ASO,CE,Combined TRACON& Tower with Radar,20,8,18,82,128,0,2,10,32,44,20,10,28,114,172,0,18,18,190
02/10/2020,GPT,MS,ASO,CE,Combined TRACON& Tower with Radar,22,9,6,45,82,0,2,1,5,8,22,11,7,50,90,0,12,12,102
02/11/2020,GPT,MS,ASO,CE,Combined TRACON& Tower with Radar,21,14,1,34,70,0,0,0,1,1,21,14,1,35,71,0,8,8,79
02/12/2020,GPT,MS,ASO,CE,Combined TRACON& Tower with Radar,31,7,0,2,40,0,2,0,0,2,31,9,0,2,42,0,0,0,42
02/13/2020,GPT,MS,ASO,CE,Combined TRACON& Tower with Radar,31,11,14,74,130,0,1,1,8,10,31,12,15,82,140,28,0,28,168
02/14/2020,GPT,MS,ASO,CE,Combined TRACON& Tower with Radar,24,13,22,87,146,0,0,24,9,33,24,13,46,96,179,35,24,59,238
02/15/2020,GPT,MS,ASO,CE,Combined TRACON& Tower with Radar,19,12,9,15,55,0,0,30,11,41,19,12,39,26,96,49,4,53,149
02/16/2020,GPT,MS,ASO,CE,Combined TRACON& Tower with Radar,18,11,7,1,37,0,0,0,1,1,18,11,7,2,38,0,0,0,38
02/17/2020,GPT,MS,ASO,CE,Combined TRACON& Tower with Radar,23,11,17,3,54,0,0,3,0,3,23,11,20,3,57,0,0,0,57
02/18/2020,GPT,MS,ASO,CE,Combined TRACON& Tower with Radar,26,15,3,5,49,0,0,0,0,0,26,15,3,5,49,0,0,0,49
02/19/2020,GPT,MS,ASO,CE,Combined TRACON& Tower with Radar,23,13,8,32,76,0,0,0,2,2,23,13,8,34,78,36,30,66,144
02/20/2020,GPT,MS,ASO,CE,Combined TRACON& Tower with Radar,23,16,16,19,74,0,0,0,0,0,23,16,16,19,74,0,0,0,74
02/21/2020,GPT,MS,ASO,CE,Combined TRACON& Tower with Radar,22,14,23,97,156,0,1,14,14,29,22,15,37,111,185,26,18,44,229
02/22/2020,GPT,MS,ASO,CE,Combined TRACON& Tower with Radar,25,10,12,34,81,0,1,23,11,35,25,11,35,45,116,38,10,48,164
02/23/2020,GPT,MS,ASO,CE,Combined TRACON& Tower with Radar,23,12,17,39,91,0,2,9,10,21,23,14,26,49,112,34,18,52,164
02/24/2020,GPT,MS,ASO,CE,Combined TRACON& Tower with Radar,23,11,5,59,98,0,0,1,1,2,23,11,6,60,100,0,0,0,100
02/25/2020,GPT,MS,ASO,CE,Combined TRACON& Tower with Radar,21,13,11,57,102,0,1,13,8,22,21,14,24,65,124,18,0,18,142
02/26/2020,GPT,MS,ASO,CE,Combined TRACON& Tower with Radar,27,16,14,49,106,0,1,10,11,22,27,17,24,60,128,30,2,32,160
02/27/2020,GPT,MS,ASO,CE,Combined TRACON& Tower with Radar,20,12,18,52,102,0,0,16,23,39,20,12,34,75,141,14,6,20,161
02/28/2020,GPT,MS,ASO,CE,Combined TRACON& Tower with Radar,24,14,17,137,192,0,4,18,13,35,24,18,35,150,227,28,22,50,277
02/29/2020,GPT,MS,ASO,CE,Combined TRACON& Tower with Radar,23,9,5,40,77,0,0,21,26,47,23,9,26,66,124,34,64,98,222
03/01/2020,GPT,MS,ASO,CE,Combined TRACON& Tower with Radar,27,14,17,32,90,0,4,15,13,32,27,18,32,45,122,0,44,44,166
03/02/2020,GPT,MS,ASO,CE,Combined TRACON& Tower with Radar,28,11,8,73,120,0,3,11,26,40,28,14,19,99,160,19,20,39,199
03/03/2020,GPT,MS,ASO,CE,Combined TRACON& Tower with Radar,21,12,6,57,96,0,5,4,11,20,21,17,10,68,116,28,36,64,180
03/04/2020,GPT,MS,ASO,CE,Combined TRACON& Tower with Radar,25,13,4,7,49,0,0,0,0,0,25,13,4,7,49,0,0,0,49
03/05/2020,GPT,MS,ASO,CE,Combined TRACON& Tower with Radar,22,12,20,119,173,0,1,3,8,12,22,13,23,127,185,28,15,43,228
03/06/2020,GPT,MS,ASO,CE,Combined TRACON& Tower with Radar,20,14,20,108,162,0,2,20,24,46,20,16,40,132,208,0,0,0,208
03/07/2020,GPT,MS,ASO,CE,Combined TRACON& Tower with Radar,22,10,7,29,68,0,2,25,13,40,22,12,32,42,108,20,0,20,128
03/08/2020,GPT,MS,ASO,CE,Combined TRACON& Tower with Radar,20,17,19,67,123,0,0,25,23,48,20,17,44,90,171,14,50,64,235
03/09/2020,GPT,MS,ASO,CE,Combined TRACON& Tower with Radar,22,16,15,100,153,0,0,9,2,11,22,16,24,102,164,54,22,76,240
03/10/2020,GPT,MS,ASO,CE,Combined TRACON& Tower with Radar,18,14,11,46,89,0,0,0,4,4,18,14,11,50,93,0,0,0,93
03/11/2020,GPT,MS,ASO,CE,Combined TRACON& Tower with Radar,29,16,11,114,170,0,0,13,2,15,29,16,24,116,185,26,14,40,225
03/12/2020,GPT,MS,ASO,CE,Combined TRACON& Tower with Radar,21,18,17,47,103,0,1,3,5,9,21,19,20,52,112,38,5,43,155
03/13/2020,GPT,MS,ASO,CE,Combined TRACON& Tower with Radar,21,17,9,58,105,0,2,7,6,15,21,19,16,64,120,0,31,31,151
03/14/2020,GPT,MS,ASO,CE,Combined TRACON& Tower with Radar,23,6,10,52,91,0,0,3,3,6,23,6,13,55,97,30,0,30,127
03/15/2020,GPT,MS,ASO,CE,Combined TRACON& Tower with Radar,23,11,12,15,61,0,0,14,4,18,23,11,26,19,79,46,0,46,125
03/16/2020,GPT,MS,ASO,CE,Combined TRACON& Tower with Radar,21,11,6,171,209,0,2,7,12,21,21,13,13,183,230,27,76,103,333
03/17/2020,GPT,MS,ASO,CE,Combined TRACON& Tower with Radar,22,11,10,102,145,0,0,6,10,16,22,11,16,112,161,54,20,74,235
03/18/2020,GPT,MS,ASO,CE,Combined TRACON& Tower with Radar,23,14,3,144,184,0,0,8,0,8,23,14,11,144,192,40,10,50,242
03/19/2020,GPT,MS,ASO,CE,Combined TRACON& Tower with Radar,18,15,3,108,144,0,0,10,0,10,18,15,13,108,154,32,17,49,203
03/20/2020,GPT,MS,ASO,CE,Combined TRACON& Tower with Radar,17,12,6,97,132,0,0,2,5,7,17,12,8,102,139,0,0,0,139
03/21/2020,GPT,MS,ASO,CE,Combined TRACON& Tower with Radar,13,8,2,24,47,0,0,1,0,1,13,8,3,24,48,14,0,14,62
03/22/2020,GPT,MS,ASO,CE,Combined TRACON& Tower with Radar,15,9,5,13,42,0,1,6,3,10,15,10,11,16,52,63,0,63,115
03/23/2020,GPT,MS,ASO,CE,Combined TRACON& Tower with Radar,11,9,5,84,109,0,0,7,1,8,11,9,12,85,117,0,2,2,119
03/24/2020,GPT,MS,ASO,CE,Combined TRACON& Tower with Radar,11,10,6,44,71,0,0,11,25,36,11,10,17,69,107,0,66,66,173
03/25/2020,GPT,MS,ASO,CE,Combined TRACON& Tower with Radar,11,7,3,91,112,0,0,15,6,21,11,7,18,97,133,26,24,50,183
03/26/2020,GPT,MS,ASO,CE,Combined TRACON& Tower with Radar,15,6,5,77,103,0,0,24,18,42,15,6,29,95,145,2,28,30,175
03/27/2020,GPT,MS,ASO,CE,Combined TRACON& Tower with Radar,8,4,6,88,106,0,0,9,12,21,8,4,15,100,127,2,16,18,145
03/28/2020,GPT,MS,ASO,CE,Combined TRACON& Tower with Radar,5,3,4,29,41,0,0,5,1,6,5,3,9,30,47,2,18,20,67
03/29/2020,GPT,MS,ASO,CE,Combined TRACON& Tower with Radar,13,5,6,16,40,0,0,17,6,23,13,5,23,22,63,20,0,20,83
03/30/2020,GPT,MS,ASO,CE,Combined TRACON& Tower with Radar,9,6,3,90,108,0,2,15,24,41,9,8,18,114,149,0,8,8,157
03/31/2020,GPT,MS,ASO,CE,Combined TRACON& Tower with Radar,12,10,5,63,90,0,1,5,6,12,12,11,10,69,102,0,10,10,112
04/01/2020,GPT,MS,ASO,CE,Combined TRACON& Tower with Radar,11,9,4,65,89,0,2,12,24,38,11,11,16,89,127,28,42,70,197
04/02/2020,GPT,MS,ASO,CE,Combined TRACON& Tower with Radar,12,6,7,51,76,0,0,13,6,19,12,6,20,57,95,63,4,67,162
04/03/2020,GPT,MS,ASO,CE,Combined TRACON& Tower with Radar,7,9,6,56,78,0,0,10,9,19,7,9,16,65,97,90,40,130,227
04/04/2020,GPT,MS,ASO,CE,Combined TRACON& Tower with Radar,3,4,5,35,47,0,0,1,1,2,3,4,6,36,49,10,16,26,75
04/05/2020,GPT,MS,ASO,CE,Combined TRACON& Tower with Radar,10,6,3,8,27,0,1,2,19,22,10,7,5,27,49,0,0,0,49
04/06/2020,GPT,MS,ASO,CE,Combined TRACON& Tower with Radar,6,8,1,24,39,0,0,11,4,15,6,8,12,28,54,4,0,4,58
04/07/2020,GPT,MS,ASO,CE,Combined TRACON& Tower with Radar,9,12,4,58,83,0,0,1,0,1,9,12,5,58,84,18,0,18,102
04/08/2020,GPT,MS,ASO,CE,Combined TRACON& Tower with Radar,7,11,3,94,115,0,0,3,1,4,7,11,6,95,119,49,6,55,174
04/09/2020,GPT,MS,ASO,CE,Combined TRACON& Tower with Radar,8,8,4,75,95,0,3,9,3,15,8,11,13,78,110,18,10,28,138
04/10/2020,GPT,MS,ASO,CE,Combined TRACON& Tower with Radar,7,5,1,8,21,0,0,7,0,7,7,5,8,8,28,12,0,12,40
04/11/2020,GPT,MS,ASO,CE,Combined TRACON& Tower with Radar,3,9,1,3,16,0,3,10,2,15,3,12,11,5,31,0,0,0,31
04/12/2020,GPT,MS,ASO,CE,Combined TRACON& Tower with Radar,7,5,2,0,14,0,0,0,0,0,7,5,2,0,14,0,0,0,14
04/13/2020,GPT,MS,ASO,CE,Combined TRACON& Tower with Radar,7,5,3,85,100,0,5,21,20,46,7,10,24,105,146,26,36,62,208
04/14/2020,GPT,MS,ASO,CE,Combined TRACON& Tower with Radar,7,10,4,84,105,0,3,11,23,37,7,13,15,107,142,21,43,64,206
04/15/2020,GPT,MS,ASO,CE,Combined TRACON& Tower with Radar,7,10,4,112,133,0,0,24,9,33,7,10,28,121,166,22,10,32,198
04/16/2020,GPT,MS,ASO,CE,Combined TRACON& Tower with Radar,6,8,1,50,65,0,0,16,6,22,6,8,17,56,87,18,4,22,109
04/17/2020,GPT,MS,ASO,CE,Combined TRACON& Tower with Radar,7,10,6,81,104,0,0,7,7,14,7,10,13,88,118,0,17,17,135
04/18/2020,GPT,MS,ASO,CE,Combined TRACON& Tower with Radar,3,7,5,22,37,0,0,6,0,6,3,7,11,22,43,0,6,6,49
04/19/2020,GPT,MS,ASO,CE,Combined TRACON& Tower with Radar,7,8,0,0,15,0,0,0,0,0,7,8,0,0,15,0,0,0,15
04/20/2020,GPT,MS,ASO,CE,Combined TRACON& Tower with Radar,7,7,0,61,75,0,0,15,12,27,7,7,15,73,102,21,6,27,129
04/21/2020,GPT,MS,ASO,CE,Combined TRACON& Tower with Radar,7,8,15,93,123,0,0,17,13,30,7,8,32,106,153,1,28,29,182
04/22/2020,GPT,MS,ASO,CE,Combined TRACON& Tower with Radar,7,8,4,52,71,0,0,3,15,18,7,8,7,67,89,0,0,0,89
04/23/2020,GPT,MS,ASO,CE,Combined TRACON& Tower with Radar,4,8,3,7,22,0,0,0,0,0,4,8,3,7,22,0,0,0,22
04/24/2020,GPT,MS,ASO,CE,Combined TRACON& Tower with Radar,4,7,10,161,182,0,1,15,52,68,4,8,25,213,250,0,0,0,250
04/25/2020,GPT,MS,ASO,CE,Combined TRACON& Tower with Radar,2,7,5,61,75,0,0,18,4,22,2,7,23,65,97,0,0,0,97
04/26/2020,GPT,MS,ASO,CE,Combined TRACON& Tower with Radar,4,8,4,31,47,0,3,10,19,32,4,11,14,50,79,0,0,0,79
04/27/2020,GPT,MS,ASO,CE,Combined TRACON& Tower with Radar,2,8,12,138,160,0,6,13,15,34,2,14,25,153,194,0,0,0,194
04/28/2020,GPT,MS,ASO,CE,Combined TRACON& Tower with Radar,2,9,10,115,136,0,0,16,3,19,2,9,26,118,155,8,14,22,177
04/29/2020,GPT,MS,ASO,CE,Combined TRACON& Tower with Radar,4,9,0,76,89,0,0,1,0,1,4,9,1,76,90,0,0,0,90
04/30/2020,GPT,MS,ASO,CE,Combined TRACON& Tower with Radar,4,8,8,135,155,0,3,16,30,49,4,11,24,165,204,0,26,26,230
05/01/2020,GPT,MS,ASO,CE,Combined TRACON& Tower with Radar,7,13,3,122,145,0,4,19,21,44,7,17,22,143,189,4,28,32,221
05/02/2020,GPT,MS,ASO,CE,Combined TRACON& Tower with Radar,5,8,3,42,58,0,2,23,21,46,5,10,26,63,104,42,24,66,170
05/03/2020,GPT,MS,ASO,CE,Combined TRACON& Tower with Radar,5,6,5,9,25,0,4,14,11,29,5,10,19,20,54,4,0,4,58
05/04/2020,GPT,MS,ASO,CE,Combined TRACON& Tower with Radar,3,8,10,69,90,0,0,7,23,30,3,8,17,92,120,12,0,12,132
05/05/2020,GPT,MS,ASO,CE,Combined TRACON& Tower with Radar,3,10,2,129,144,0,5,10,10,25,3,15,12,139,169,2,26,28,197
05/06/2020,GPT,MS,ASO,CE,Combined TRACON& Tower with Radar,3,9,6,82,100,0,2,17,26,45,3,11,23,108,145,0,0,0,145
05/07/2020,GPT,MS,ASO,CE,Combined TRACON& Tower with Radar,4,7,12,102,125,0,6,16,26,48,4,13,28,128,173,15,18,33,206
05/08/2020,GPT,MS,ASO,CE,Combined TRACON& Tower with Radar,6,8,2,10,26,0,0,5,3,8,6,8,7,13,34,0,0,0,34
05/09/2020,GPT,MS,ASO,CE,Combined TRACON& Tower with Radar,4,8,2,55,69,0,0,10,15,25,4,8,12,70,94,10,0,10,104
05/10/2020,GPT,MS,ASO,CE,Combined TRACON& Tower with Radar,4,5,1,13,23,0,0,12,3,15,4,5,13,16,38,14,0,14,52
05/11/2020,GPT,MS,ASO,CE,Combined TRACON& Tower with Radar,6,11,3,131,151,0,10,14,30,54,6,21,17,161,205,24,42,66,271
05/12/2020,GPT,MS,ASO,CE,Combined TRACON& Tower with Radar,4,9,10,130,153,0,1,14,32,47,4,10,24,162,200,18,34,52,252
05/13/2020,GPT,MS,ASO,CE,Combined TRACON& Tower with Radar,6,12,15,93,126,0,3,10,17,30,6,15,25,110,156,28,11,39,195
05/14/2020,GPT,MS,ASO,CE,Combined TRACON& Tower with Radar,6,6,12,28,52,0,2,2,7,11,6,8,14,35,63,0,6,6,69
05/15/2020,GPT,MS,ASO,CE,Combined TRACON& Tower with Radar,6,6,1,59,72,0,0,4,2,6,6,6,5,61,78,0,0,0,78
05/16/2020,GPT,MS,ASO,CE,Combined TRACON& Tower with Radar,4,6,0,21,31,0,0,7,1,8,4,6,7,22,39,8,6,14,53
05/17/2020,GPT,MS,ASO,CE,Combined TRACON& Tower with Radar,6,5,0,16,27,0,2,1,0,3,6,7,1,16,30,0,0,0,30
05/18/2020,GPT,MS,ASO,CE,Combined TRACON& Tower with Radar,6,7,5,131,149,0,2,7,9,18,6,9,12,140,167,6,12,18,185
05/19/2020,GPT,MS,ASO,CE,Combined TRACON& Tower with Radar,6,7,9,103,125,0,4,23,23,50,6,11,32,126,175,32,12,44,219
05/20/2020,GPT,MS,ASO,CE,Combined TRACON& Tower with Radar,6,9,12,16,43,0,1,0,1,2,6,10,12,17,45,2,0,2,47
05/21/2020,GPT,MS,ASO,CE,Combined TRACON& Tower with Radar,8,9,10,132,159,0,5,6,7,18,8,14,16,139,177,4,0,4,181
05/22/2020,GPT,MS,ASO,CE,Combined TRACON& Tower with Radar,6,8,5,20,39,0,0,10,3,13,6,8,15,23,52,5,24,29,81
05/23/2020,GPT,MS,ASO,CE,Combined TRACON& Tower with Radar,6,6,15,18,45,0,1,13,0,14,6,7,28,18,59,28,0,28,87
05/24/2020,GPT,MS,ASO,CE,Combined TRACON& Tower with Radar,6,5,12,1,24,0,2,20,3,25,6,7,32,4,49,0,0,0,49
05/25/2020,GPT,MS,ASO,CE,Combined TRACON& Tower with Radar,6,6,7,0,19,0,0,4,0,4,6,6,11,0,23,24,0,24,47
05/26/2020,GPT,MS,ASO,CE,Combined TRACON& Tower with Radar,6,9,7,20,42,0,0,0,0,0,6,9,7,20,42,0,0,0,42
05/27/2020,GPT,MS,ASO,CE,Combined TRACON& Tower with Radar,6,12,5,2,25,0,1,3,0,4,6,13,8,2,29,14,0,14,43
05/28/2020,GPT,MS,ASO,CE,Combined TRACON& Tower with Radar,6,11,17,104,138,0,7,12,18,37,6,18,29,122,175,30,0,30,205
05/29/2020,GPT,MS,ASO,CE,Combined TRACON& Tower with Radar,10,8,9,72,99,0,2,14,13,29,10,10,23,85,128,14,23,37,165
05/30/2020,GPT,MS,ASO,CE,Combined TRACON& Tower with Radar,4,7,13,69,93,0,0,28,4,32,4,7,41,73,125,10,0,10,135
05/31/2020,GPT,MS,ASO,CE,Combined TRACON& Tower with Radar,6,12,13,49,80,0,2,33,15,50,6,14,46,64,130,64,12,76,206
06/01/2020,GPT,MS,ASO,CE,Combined TRACON& Tower with Radar,6,10,7,117,140,0,7,11,35,53,6,17,18,152,193,60,27,87,280
06/02/2020,GPT,MS,ASO,CE,Combined TRACON& Tower with Radar,7,10,10,51,78,0,0,9,6,15,7,10,19,57,93,14,5,19,112
06/03/2020,GPT,MS,ASO,CE,Combined TRACON& Tower with Radar,8,9,6,12,35,0,1,1,6,8,8,10,7,18,43,0,2,2,45
06/04/2020,GPT,MS,ASO,CE,Combined TRACON& Tower with Radar,7,9,12,46,74,0,4,9,9,22,7,13,21,55,96,6,26,32,128
06/05/2020,GPT,MS,ASO,CE,Combined TRACON& Tower with Radar,12,8,11,58,89,0,1,20,10,31,12,9,31,68,120,38,20,58,178
06/06/2020,GPT,MS,ASO,CE,Combined TRACON& Tower with Radar,8,5,0,2,15,0,0,4,0,4,8,5,4,2,19,0,0,0,19
06/07/2020,GPT,MS,ASO,CE,Combined TRACON& Tower with Radar,5,1,0,0,6,0,0,0,0,0,5,1,0,0,6,0,0,0,6
06/08/2020,GPT,MS,ASO,CE,Combined TRACON& Tower with Radar,14,9,1,0,24,0,0,0,0,0,14,9,1,0,24,0,0,0,24
06/09/2020,GPT,MS,ASO,CE,Combined TRACON& Tower with Radar,8,9,7,29,53,0,2,0,2,4,8,11,7,31,57,0,12,12,69
06/10/2020,GPT,MS,ASO,CE,Combined TRACON& Tower with Radar,6,6,7,77,96,0,0,9,10,19,6,6,16,87,115,0,6,6,121
06/11/2020,GPT,MS,ASO,CE,Combined TRACON& Tower with Radar,9,8,13,117,147,0,3,14,13,30,9,11,27,130,177,2,24,26,203
06/12/2020,GPT,MS,ASO,CE,Combined TRACON& Tower with Radar,13,9,17,117,156,0,5,20,31,56,13,14,37,148,212,8,44,52,264
06/13/2020,GPT,MS,ASO,CE,Combined TRACON& Tower with Radar,7,5,10,37,59,0,0,25,7,32,7,5,35,44,91,2,0,2,93
06/14/2020,GPT,MS,ASO,CE,Combined TRACON& Tower with Radar,10,6,12,41,69,0,5,18,14,37,10,11,30,55,106,50,0,50,156
06/15/2020,GPT,MS,ASO,CE,Combined TRACON& Tower with Radar,8,7,10,154,179,0,0,20,30,50,8,7,30,184,229,2,28,30,259
06/16/2020,GPT,MS,ASO,CE,Combined TRACON& Tower with Radar,7,8,14,103,132,0,9,32,29,70,7,17,46,132,202,10,36,46,248
06/17/2020,GPT,MS,ASO,CE,Combined TRACON& Tower with Radar,6,10,11,126,153,0,1,30,23,54,6,11,41,149,207,36,15,51,258
06/18/2020,GPT,MS,ASO,CE,Combined TRACON& Tower with Radar,10,11,13,94,128,0,2,30,10,42,10,13,43,104,170,24,36,60,230
06/19/2020,GPT,MS,ASO,CE,Combined TRACON& Tower with Radar,8,9,3,79,99,0,7,24,13,44,8,16,27,92,143,0,4,4,147
06/20/2020,GPT,MS,ASO,CE,Combined TRACON& Tower with Radar,10,5,17,30,62,1,0,18,3,22,11,5,35,33,84,16,0,16,100
06/21/2020,GPT,MS,ASO,CE,Combined TRACON& Tower with Radar,6,4,14,10,34,0,0,11,0,11,6,4,25,10,45,22,0,22,67
06/22/2020,GPT,MS,ASO,CE,Combined TRACON& Tower with Radar,8,7,7,44,66,0,0,5,1,6,8,7,12,45,72,30,0,30,102
06/23/2020,GPT,MS,ASO,CE,Combined TRACON& Tower with Radar,8,10,12,53,83,0,0,3,16,19,8,10,15,69,102,0,11,11,113
06/24/2020,GPT,MS,ASO,CE,Combined TRACON& Tower with Radar,9,6,10,20,45,0,0,3,0,3,9,6,13,20,48,0,0,0,48
06/25/2020,GPT,MS,ASO,CE,Combined TRACON& Tower with Radar,9,9,13,43,74,0,3,6,2,11,9,12,19,45,85,16,14,30,115
06/26/2020,GPT,MS,ASO,CE,Combined TRACON& Tower with Radar,10,9,8,151,178,0,1,7,1,9,10,10,15,152,187,16,0,16,203
06/27/2020,GPT,MS,ASO,CE,Combined TRACON& Tower with Radar,8,7,13,41,69,0,3,11,7,21,8,10,24,48,90,14,6,20,110
06/28/2020,GPT,MS,ASO,CE,Combined TRACON& Tower with Radar,10,8,19,21,58,0,0,12,11,23,10,8,31,32,81,0,4,4,85
06/29/2020,GPT,MS,ASO,CE,Combined TRACON& Tower with Radar,12,7,14,55,88,0,0,16,4,20,12,7,30,59,108,20,4,24,132
06/30/2020,GPT,MS,ASO,CE,Combined TRACON& Tower with Radar,7,11,13,191,222,0,1,16,29,46,7,12,29,220,268,0,15,15,283
07/01/2020,GPT,MS,ASO,CE,Combined TRACON& Tower with Radar,7,9,9,55,80,0,1,14,9,24,7,10,23,64,104,4,12,16,120
07/02/2020,GPT,MS,ASO,CE,Combined TRACON& Tower with Radar,9,8,4,48,69,0,0,11,1,12,9,8,15,49,81,4,2,6,87
07/03/2020,GPT,MS,ASO,CE,Combined TRACON& Tower with Radar,10,9,4,8,31,0,0,19,0,19,10,9,23,8,50,30,0,30,80
07/04/2020,GPT,MS,ASO,CE,Combined TRACON& Tower with Radar,8,6,0,0,14,0,0,8,0,8,8,6,8,0,22,14,0,14,36
07/05/2020,GPT,MS,ASO,CE,Combined TRACON& Tower with Radar,12,8,0,0,20,0,0,6,0,6,12,8,6,0,26,0,0,0,26
07/06/2020,GPT,MS,ASO,CE,Combined TRACON& Tower with Radar,10,8,8,8,34,0,0,3,0,3,10,8,11,8,37,0,0,0,37
07/07/2020,GPT,MS,ASO,CE,Combined TRACON& Tower with Radar,11,7,6,14,38,0,0,3,5,8,11,7,9,19,46,16,0,16,62
07/08/2020,GPT,MS,ASO,CE,Combined TRACON& Tower with Radar,14,8,9,38,69,0,0,6,11,17,14,8,15,49,86,8,16,24,110
07/09/2020,GPT,MS,ASO,CE,Combined TRACON& Tower with Radar,13,12,19,88,132,0,0,10,9,19,13,12,29,97,151,8,16,24,175
07/10/2020,GPT,MS,ASO,CE,Combined TRACON& Tower with Radar,13,7,14,82,116,0,2,11,20,33,13,9,25,102,149,42,0,42,191
07/11/2020,GPT,MS,ASO,CE,Combined TRACON& Tower with Radar,13,4,7,41,65,0,1,21,7,29,13,5,28,48,94,34,4,38,132
07/12/2020,GPT,MS,ASO,CE,Combined TRACON& Tower with Radar,13,4,11,32,60,0,1,6,12,19,13,5,17,44,79,8,0,8,87
07/13/2020,GPT,MS,ASO,CE,Combined TRACON& Tower with Radar,17,7,11,41,76,0,0,7,4,11,17,7,18,45,87,36,4,40,127
07/14/2020,GPT,MS,ASO,CE,Combined TRACON& Tower with Radar,14,7,4,25,50,0,0,11,4,15,14,7,15,29,65,28,16,44,109
07/15/2020,GPT,MS,ASO,CE,Combined TRACON& Tower with Radar,14,11,12,28,65,0,0,6,4,10,14,11,18,32,75,0,10,10,85
07/16/2020,GPT,MS,ASO,CE,Combined TRACON& Tower with Radar,13,7,14,51,85,0,2,24,19,45,13,9,38,70,130,16,8,24,154
07/17/2020,GPT,MS,ASO,CE,Combined TRACON& Tower with Radar,13,8,13,76,110,0,3,23,4,30,13,11,36,80,140,32,6,38,178
07/18/2020,GPT,MS,ASO,CE,Combined TRACON& Tower with Radar,16,5,5,64,90,0,1,17,5,23,16,6,22,69,113,16,32,48,161
07/19/2020,GPT,MS,ASO,CE,Combined TRACON& Tower with Radar,18,3,9,15,45,0,0,10,3,13,18,3,19,18,58,0,8,8,66
07/20/2020,GPT,MS,ASO,CE,Combined TRACON& Tower with Radar,14,8,6,65,93,0,1,7,5,13,14,9,13,70,106,31,16,47,153
07/21/2020,GPT,MS,ASO,CE,Combined TRACON& Tower with Radar,22,8,6,83,119,0,1,14,13,28,22,9,20,96,147,40,4,44,191
07/22/2020,GPT,MS,ASO,CE,Combined TRACON& Tower with Radar,20,7,18,93,138,0,4,13,11,28,20,11,31,104,166,44,16,60,226
07/23/2020,GPT,MS,ASO,CE,Combined TRACON& Tower with Radar,16,8,5,16,45,0,0,2,6,8,16,8,7,22,53,12,18,30,83
07/24/2020,GPT,MS,ASO,CE,Combined TRACON& Tower with Radar,22,7,2,11,42,0,1,2,0,3,22,8,4,11,45,0,0,0,45
07/25/2020,GPT,MS,ASO,CE,Combined TRACON& Tower with Radar,19,3,0,0,22,0,0,1,0,1,19,3,1,0,23,0,0,0,23
07/26/2020,GPT,MS,ASO,CE,Combined TRACON& Tower with Radar,17,3,7,1,28,0,0,0,0,0,17,3,7,1,28,0,0,0,28
07/27/2020,GPT,MS,ASO,CE,Combined TRACON& Tower with Radar,17,7,3,16,43,0,1,1,0,2,17,8,4,16,45,0,0,0,45
07/28/2020,GPT,MS,ASO,CE,Combined TRACON& Tower with Radar,18,6,8,27,59,0,0,1,0,1,18,6,9,27,60,0,0,0,60
07/29/2020,GPT,MS,ASO,CE,Combined TRACON& Tower with Radar,14,7,12,50,83,0,2,17,8,27,14,9,29,58,110,42,1,43,153
07/30/2020,GPT,MS,ASO,CE,Combined TRACON& Tower with Radar,20,11,13,90,134,0,8,20,10,38,20,19,33,100,172,38,6,44,216
07/31/2020,GPT,MS,ASO,CE,Combined TRACON& Tower with Radar,18,6,11,122,157,0,1,23,8,32,18,7,34,130,189,48,8,56,245
08/01/2020,GPT,MS,ASO,CE,Combined TRACON& Tower with Radar,19,3,13,23,58,0,0,16,0,16,19,3,29,23,74,18,0,18,92
08/02/2020,GPT,MS,ASO,CE,Combined TRACON& Tower with Radar,20,2,7,32,61,0,1,25,6,32,20,3,32,38,93,20,0,20,113
08/03/2020,GPT,MS,ASO,CE,Combined TRACON& Tower with Radar,16,5,10,89,120,0,3,12,5,20,16,8,22,94,140,24,2,26,166
08/04/2020,GPT,MS,ASO,CE,Combined TRACON& Tower with Radar,23,7,17,113,160,0,0,29,22,51,23,7,46,135,211,32,53,85,296
08/05/2020,GPT,MS,ASO,CE,Combined TRACON& Tower with Radar,15,6,15,125,161,0,1,11,24,36,15,7,26,149,197,28,32,60,257
08/06/2020,GPT,MS,ASO,CE,Combined TRACON& Tower with Radar,19,8,16,68,111,0,5,20,24,49,19,13,36,92,160,8,26,34,194
08/07/2020,GPT,MS,ASO,CE,Combined TRACON& Tower with Radar,17,10,9,98,134,0,7,20,11,38,17,17,29,109,172,20,2,22,194
08/08/2020,GPT,MS,ASO,CE,Combined TRACON& Tower with Radar,18,6,14,20,58,0,2,18,11,31,18,8,32,31,89,4,4,8,97
08/09/2020,GPT,MS,ASO,CE,Combined TRACON& Tower with Radar,21,5,5,24,55,0,1,12,11,24,21,6,17,35,79,8,0,8,87
08/10/2020,GPT,MS,ASO,CE,Combined TRACON& Tower with Radar,16,7,10,123,156,0,1,12,16,29,16,8,22,139,185,12,20,32,217
08/11/2020,GPT,MS,ASO,CE,Combined TRACON& Tower with Radar,16,7,12,62,97,0,1,20,12,33,16,8,32,74,130,30,4,34,164
08/12/2020,GPT,MS,ASO,CE,Combined TRACON& Tower with Radar,14,6,14,33,67,0,2,9,2,13,14,8,23,35,80,24,0,24,104
08/13/2020,GPT,MS,ASO,CE,Combined TRACON& Tower with Radar,18,6,13,54,91,0,4,8,3,15,18,10,21,57,106,0,36,36,142
08/14/2020,GPT,MS,ASO,CE,Combined TRACON& Tower with Radar,22,10,12,28,72,0,3,11,9,23,22,13,23,37,95,23,2,25,120
08/15/2020,GPT,MS,ASO,CE,Combined TRACON& Tower with Radar,17,5,6,30,58,0,0,13,0,13,17,5,19,30,71,0,0,0,71
08/16/2020,GPT,MS,ASO,CE,Combined TRACON& Tower with Radar,16,6,12,44,78,0,0,20,17,37,16,6,32,61,115,4,14,18,133
08/17/2020,GPT,MS,ASO,CE,Combined TRACON& Tower with Radar,19,8,12,94,133,0,2,13,29,44,19,10,25,123,177,52,4,56,233
08/18/2020,GPT,MS,ASO,CE,Combined TRACON& Tower with Radar,13,9,11,63,96,0,4,14,18,36,13,13,25,81,132,12,32,44,176
08/19/2020,GPT,MS,ASO,CE,Combined TRACON& Tower with Radar,14,6,15,53,88,0,3,6,4,13,14,9,21,57,101,22,20,42,143
08/20/2020,GPT,MS,ASO,CE,Combined TRACON& Tower with Radar,21,7,10,11,49,0,0,4,7,11,21,7,14,18,60,0,0,0,60
08/21/2020,GPT,MS,ASO,CE,Combined TRACON& Tower with Radar,22,7,10,72,111,0,2,22,20,44,22,9,32,92,155,0,28,28,183
08/22/2020,GPT,MS,ASO,CE,Combined TRACON& Tower with Radar,17,5,9,31,62,0,0,23,15,38,17,5,32,46,100,30,0,30,130
08/23/2020,GPT,MS,ASO,CE,Combined TRACON& Tower with Radar,16,11,8,0,35,0,2,1,0,3,16,13,9,0,38,0,0,0,38
08/24/2020,GPT,MS,ASO,CE,Combined TRACON& Tower with Radar,22,4,0,6,32,0,0,1,0,1,22,4,1,6,33,0,0,0,33
08/25/2020,GPT,MS,ASO,CE,Combined TRACON& Tower with Radar,17,7,2,12,38,0,0,0,1,1,17,7,2,13,39,0,0,0,39
08/26/2020,GPT,MS,ASO,CE,Combined TRACON& Tower with Radar,11,3,2,15,31,0,0,3,0,3,11,3,5,15,34,0,0,0,34
08/27/2020,GPT,MS,ASO,CE,Combined TRACON& Tower with Radar,21,3,8,0,32,0,2,3,0,5,21,5,11,0,37,0,0,0,37
08/28/2020,GPT,MS,ASO,CE,Combined TRACON& Tower with Radar,18,14,4,40,76,0,0,3,3,6,18,14,7,43,82,0,20,20,102
08/29/2020,GPT,MS,ASO,CE,Combined TRACON& Tower with Radar,18,9,3,9,39,0,0,5,6,11,18,9,8,15,50,0,0,0,50
08/30/2020,GPT,MS,ASO,CE,Combined TRACON& Tower with Radar,22,4,10,28,64,0,1,4,11,16,22,5,14,39,80,0,0,0,80
08/31/2020,GPT,MS,ASO,CE,Combined TRACON& Tower with Radar,23,7,7,104,141,0,0,13,7,20,23,7,20,111,161,4,48,52,213
09/01/2020,GPT,MS,ASO,CE,Combined TRACON& Tower with Radar,13,13,18,142,186,0,8,8,22,38,13,21,26,164,224,4,36,40,264
09/02/2020,GPT,MS,ASO,CE,Combined TRACON& Tower with Radar,12,6,8,93,119,0,1,9,9,19,12,7,17,102,138,0,42,42,180
09/03/2020,GPT,MS,ASO,CE,Combined TRACON& Tower with Radar,23,9,31,106,169,0,4,21,13,38,23,13,52,119,207,24,44,68,275
09/04/2020,GPT,MS,ASO,CE,Combined TRACON& Tower with Radar,18,6,12,21,57,0,0,9,2,11,18,6,21,23,68,0,6,6,74
09/05/2020,GPT,MS,ASO,CE,Combined TRACON& Tower with Radar,17,3,10,14,44,0,0,24,0,24,17,3,34,14,68,6,0,6,74
09/06/2020,GPT,MS,ASO,CE,Combined TRACON& Tower with Radar,18,4,4,23,49,0,0,8,2,10,18,4,12,25,59,18,0,18,77
09/07/2020,GPT,MS,ASO,CE,Combined TRACON& Tower with Radar,18,5,13,5,41,0,0,24,0,24,18,5,37,5,65,26,0,26,91
09/08/2020,GPT,MS,ASO,CE,Combined TRACON& Tower with Radar,14,6,9,58,87,0,3,17,14,34,14,9,26,72,121,22,20,42,163
09/09/2020,GPT,MS,ASO,CE,Combined TRACON& Tower with Radar,15,9,19,150,193,0,2,20,30,52,15,11,39,180,245,24,22,46,291
09/10/2020,GPT,MS,ASO,CE,Combined TRACON& Tower with Radar,18,10,14,124,166,0,1,19,28,48,18,11,33,152,214,51,40,91,305
09/11/2020,GPT,MS,ASO,CE,Combined TRACON& Tower with Radar,22,6,7,64,99,0,1,7,7,15,22,7,14,71,114,24,10,34,148
09/12/2020,GPT,MS,ASO,CE,Combined TRACON& Tower with Radar,19,5,4,23,51,0,0,8,0,8,19,5,12,23,59,0,8,8,67
09/13/2020,GPT,MS,ASO,CE,Combined TRACON& Tower with Radar,17,8,7,15,47,0,0,12,4,16,17,8,19,19,63,36,24,60,123
09/14/2020,GPT,MS,ASO,CE,Combined TRACON& Tower with Radar,22,3,4,0,29,0,0,0,0,0,22,3,4,0,29,0,0,0,29
09/16/2020,GPT,MS,ASO,CE,Combined TRACON& Tower with Radar,0,3,3,0,6,0,0,4,2,6,0,3,7,2,12,16,0,16,28
09/17/2020,GPT,MS,ASO,CE,Combined TRACON& Tower with Radar,14,4,18,13,49,0,1,7,7,15,14,5,25,20,64,0,0,0,64
09/18/2020,GPT,MS,ASO,CE,Combined TRACON& Tower with Radar,27,9,7,22,65,0,2,14,7,23,27,11,21,29,88,56,0,56,144
09/19/2020,GPT,MS,ASO,CE,Combined TRACON& Tower with Radar,20,8,10,2,40,0,0,1,0,1,20,8,11,2,41,0,0,0,41
09/20/2020,GPT,MS,ASO,CE,Combined TRACON& Tower with Radar,19,5,6,2,32,0,0,0,0,0,19,5,6,2,32,0,0,0,32
09/21/2020,GPT,MS,ASO,CE,Combined TRACON& Tower with Radar,20,5,4,12,41,0,0,0,0,0,20,5,4,12,41,0,0,0,41
09/22/2020,GPT,MS,ASO,CE,Combined TRACON& Tower with Radar,16,7,5,22,50,0,0,2,0,2,16,7,7,22,52,0,0,0,52
09/23/2020,GPT,MS,ASO,CE,Combined TRACON& Tower with Radar,13,6,10,46,75,0,0,4,1,5,13,6,14,47,80,0,0,0,80
09/24/2020,GPT,MS,ASO,CE,Combined TRACON& Tower with Radar,20,9,14,99,142,0,1,7,5,13,20,10,21,104,155,2,30,32,187
09/25/2020,GPT,MS,ASO,CE,Combined TRACON& Tower with Radar,19,8,13,146,186,0,0,20,6,26,19,8,33,152,212,20,67,87,299
09/26/2020,GPT,MS,ASO,CE,Combined TRACON& Tower with Radar,19,6,11,21,57,0,0,20,7,27,19,6,31,28,84,28,12,40,124
09/27/2020,GPT,MS,ASO,CE,Combined TRACON& Tower with Radar,20,5,16,32,73,0,0,6,3,9,20,5,22,35,82,8,0,8,90
09/28/2020,GPT,MS,ASO,CE,Combined TRACON& Tower with Radar,22,6,6,57,91,0,1,9,1,11,22,7,15,58,102,10,2,12,114
09/29/2020,GPT,MS,ASO,CE,Combined TRACON& Tower with Radar,15,7,16,86,124,0,1,11,16,28,15,8,27,102,152,4,8,12,164
09/30/2020,GPT,MS,ASO,CE,Combined TRACON& Tower with Radar,16,4,16,77,113,0,1,20,15,36,16,5,36,92,149,18,34,52,201
10/01/2020,GPT,MS,ASO,CE,Combined TRACON& Tower with Radar,24,6,14,112,156,0,0,14,23,37,24,6,28,135,193,10,22,32,225
10/02/2020,GPT,MS,ASO,CE,Combined TRACON& Tower with Radar,21,8,12,61,102,0,0,20,5,25,21,8,32,66,127,0,0,0,127
10/03/2020,GPT,MS,ASO,CE,Combined TRACON& Tower with Radar,18,6,10,46,80,0,2,21,8,31,18,8,31,54,111,6,0,6,117
10/04/2020,GPT,MS,ASO,CE,Combined TRACON& Tower with Radar,20,8,11,21,60,0,0,20,2,22,20,8,31,23,82,26,0,26,108
10/05/2020,GPT,MS,ASO,CE,Combined TRACON& Tower with Radar,22,5,11,74,112,0,0,15,7,22,22,5,26,81,134,0,44,44,178
10/06/2020,GPT,MS,ASO,CE,Combined TRACON& Tower with Radar,14,8,13,32,67,0,0,11,6,17,14,8,24,38,84,10,8,18,102
10/07/2020,GPT,MS,ASO,CE,Combined TRACON& Tower with Radar,11,7,8,26,52,0,1,21,11,33,11,8,29,37,85,4,32,36,121
10/08/2020,GPT,MS,ASO,CE,Combined TRACON& Tower with Radar,26,14,11,7,58,0,1,3,10,14,26,15,14,17,72,0,0,0,72
10/09/2020,GPT,MS,ASO,CE,Combined TRACON& Tower with Radar,20,6,2,3,31,0,1,0,0,1,20,7,2,3,32,0,0,0,32
10/10/2020,GPT,MS,ASO,CE,Combined TRACON& Tower with Radar,18,14,1,0,33,0,3,14,0,17,18,17,15,0,50,16,0,16,66
10/11/2020,GPT,MS,ASO,CE,Combined TRACON& Tower with Radar,20,7,14,0,41,0,4,19,0,23,20,11,33,0,64,42,0,42,106
10/12/2020,GPT,MS,ASO,CE,Combined TRACON& Tower with Radar,21,5,24,2,52,0,3,17,0,20,21,8,41,2,72,8,0,8,80
10/13/2020,GPT,MS,ASO,CE,Combined TRACON& Tower with Radar,16,6,14,61,97,0,1,27,17,45,16,7,41,78,142,30,0,30,172
10/14/2020,GPT,MS,ASO,CE,Combined TRACON& Tower with Radar,12,6,11,112,141,0,0,24,16,40,12,6,35,128,181,32,28,60,241
10/15/2020,GPT,MS,ASO,CE,Combined TRACON& Tower with Radar,24,11,15,108,158,0,5,21,13,39,24,16,36,121,197,20,16,36,233
10/16/2020,GPT,MS,ASO,CE,Combined TRACON& Tower with Radar,22,7,15,70,114,0,3,12,15,30,22,10,27,85,144,18,0,18,162
10/17/2020,GPT,MS,ASO,CE,Combined TRACON& Tower with Radar,22,7,9,13,51,0,1,8,15,24,22,8,17,28,75,18,10,28,103
10/18/2020,GPT,MS,ASO,CE,Combined TRACON& Tower with Radar,20,4,14,14,52,0,3,16,8,27,20,7,30,22,79,28,2,30,109
10/19/2020,GPT,MS,ASO,CE,Combined TRACON& Tower with Radar,20,7,10,60,97,0,0,14,9,23,20,7,24,69,120,2,24,26,146
10/20/2020,GPT,MS,ASO,CE,Combined TRACON& Tower with Radar,14,6,19,119,158,0,1,17,6,24,14,7,36,125,182,8,6,14,196
10/21/2020,GPT,MS,ASO,CE,Combined TRACON& Tower with Radar,21,6,13,81,121,0,1,8,3,12,21,7,21,84,133,0,0,0,133
10/22/2020,GPT,MS,ASO,CE,Combined TRACON& Tower with Radar,21,6,20,65,112,0,1,20,5,26,21,7,40,70,138,42,16,58,196
10/23/2020,GPT,MS,ASO,CE,Combined TRACON& Tower with Radar,23,8,18,64,113,0,0,6,8,14,23,8,24,72,127,0,14,14,141
10/24/2020,GPT,MS,ASO,CE,Combined TRACON& Tower with Radar,20,7,15,9,51,0,0,7,0,7,20,7,22,9,58,14,0,14,72
10/25/2020,GPT,MS,ASO,CE,Combined TRACON& Tower with Radar,19,4,22,0,45,0,0,7,0,7,19,4,29,0,52,14,0,14,66
10/26/2020,GPT,MS,ASO,CE,Combined TRACON& Tower with Radar,22,7,9,52,90,0,0,25,15,40,22,7,34,67,130,18,8,26,156
10/27/2020,GPT,MS,ASO,CE,Combined TRACON& Tower with Radar,14,7,19,2,42,0,0,4,0,4,14,7,23,2,46,15,0,15,61
10/28/2020,GPT,MS,ASO,CE,Combined TRACON& Tower with Radar,8,2,2,2,14,0,0,0,0,0,8,2,2,2,14,0,0,0,14
10/29/2020,GPT,MS,ASO,CE,Combined TRACON& Tower with Radar,17,6,5,2,30,0,0,1,0,1,17,6,6,2,31,0,0,0,31
10/30/2020,GPT,MS,ASO,CE,Combined TRACON& Tower with Radar,20,6,17,8,51,0,0,16,1,17,20,6,33,9,68,20,2,22,90
10/31/2020,GPT,MS,ASO,CE,Combined TRACON& Tower with Radar,12,5,6,2,25,0,0,18,0,18,12,5,24,2,43,54,0,54,97
11/01/2020,GPT,MS,ASO,CE,Combined TRACON& Tower with Radar,14,5,5,0,24,0,0,5,0,5,14,5,10,0,29,0,0,0,29
11/02/2020,GPT,MS,ASO,CE,Combined TRACON& Tower with Radar,15,5,17,33,70,0,2,22,6,30,15,7,39,39,100,6,4,10,110
11/03/2020,GPT,MS,ASO,CE,Combined TRACON& Tower with Radar,11,6,10,63,90,0,1,12,5,18,11,7,22,68,108,20,8,28,136
11/04/2020,GPT,MS,ASO,CE,Combined TRACON& Tower with Radar,14,7,2,56,79,0,1,16,14,31,14,8,18,70,110,14,8,22,132
11/05/2020,GPT,MS,ASO,CE,Combined TRACON& Tower with Radar,19,6,10,65,100,0,2,17,2,21,19,8,27,67,121,62,6,68,189
11/06/2020,GPT,MS,ASO,CE,Combined TRACON& Tower with Radar,25,7,12,51,95,0,0,13,17,30,25,7,25,68,125,6,0,6,131
11/07/2020,GPT,MS,ASO,CE,Combined TRACON& Tower with Radar,21,4,12,2,39,0,0,9,0,9,21,4,21,2,48,0,0,0,48
11/08/2020,GPT,MS,ASO,CE,Combined TRACON& Tower with Radar,24,4,11,6,45,0,1,11,7,19,24,5,22,13,64,12,0,12,76
11/09/2020,GPT,MS,ASO,CE,Combined TRACON& Tower with Radar,24,5,13,89,131,0,0,10,3,13,24,5,23,92,144,20,0,20,164
11/10/2020,GPT,MS,ASO,CE,Combined TRACON& Tower with Radar,18,6,10,85,119,0,0,6,0,6,18,6,16,85,125,8,0,8,133
11/11/2020,GPT,MS,ASO,CE,Combined TRACON& Tower with Radar,21,8,14,12,55,0,0,5,0,5,21,8,19,12,60,0,0,0,60
11/12/2020,GPT,MS,ASO,CE,Combined TRACON& Tower with Radar,23,9,21,61,114,0,5,18,18,41,23,14,39,79,155,20,26,46,201
11/13/2020,GPT,MS,ASO,CE,Combined TRACON& Tower with Radar,29,6,17,38,90,0,2,23,11,36,29,8,40,49,126,10,18,28,154
11/14/2020,GPT,MS,ASO,CE,Combined TRACON& Tower with Radar,22,5,18,21,66,0,2,22,9,33,22,7,40,30,99,12,18,30,129
11/15/2020,GPT,MS,ASO,CE,Combined TRACON& Tower with Radar,20,7,11,4,42,0,3,13,3,19,20,10,24,7,61,4,8,12,73
11/16/2020,GPT,MS,ASO,CE,Combined TRACON& Tower with Radar,26,7,12,51,96,0,2,15,15,32,26,9,27,66,128,14,16,30,158
11/17/2020,GPT,MS,ASO,CE,Combined TRACON& Tower with Radar,18,6,13,42,79,0,1,20,7,28,18,7,33,49,107,14,0,14,121
11/18/2020,GPT,MS,ASO,CE,Combined TRACON& Tower with Radar,18,8,12,30,68,0,0,20,5,25,18,8,32,35,93,16,2,18,111
11/19/2020,GPT,MS,ASO,CE,Combined TRACON& Tower with Radar,26,6,2,104,138,0,1,17,18,36,26,7,19,122,174,32,23,55,229
11/20/2020,GPT,MS,ASO,CE,Combined TRACON& Tower with Radar,24,6,13,56,99,0,2,20,6,28,24,8,33,62,127,36,0,36,163
11/21/2020,GPT,MS,ASO,CE,Combined TRACON& Tower with Radar,23,3,6,21,53,0,0,13,1,14,23,3,19,22,67,38,0,38,105
11/22/2020,GPT,MS,ASO,CE,Combined TRACON& Tower with Radar,27,6,5,7,45,0,0,29,3,32,27,6,34,10,77,31,0,31,108
11/23/2020,GPT,MS,ASO,CE,Combined TRACON& Tower with Radar,20,8,3,67,98,0,0,11,8,19,20,8,14,75,117,0,28,28,145
11/24/2020,GPT,MS,ASO,CE,Combined TRACON& Tower with Radar,21,7,5,54,87,0,1,6,8,15,21,8,11,62,102,45,14,59,161
11/25/2020,GPT,MS,ASO,CE,Combined TRACON& Tower with Radar,22,7,6,17,52,0,0,7,3,10,22,7,13,20,62,8,0,8,70
11/26/2020,GPT,MS,ASO,CE,Combined TRACON& Tower with Radar,13,4,0,0,17,0,0,2,0,2,13,4,2,0,19,0,0,0,19
11/27/2020,GPT,MS,ASO,CE,Combined TRACON& Tower with Radar,24,8,7,3,42,0,0,0,0,0,24,8,7,3,42,0,0,0,42
11/28/2020,GPT,MS,ASO,CE,Combined TRACON& Tower with Radar,25,5,4,0,34,0,0,3,0,3,25,5,7,0,37,0,0,0,37
11/29/2020,GPT,MS,ASO,CE,Combined TRACON& Tower with Radar,25,4,6,0,35,0,0,0,0,0,25,4,6,0,35,0,0,0,35
11/30/2020,GPT,MS,ASO,CE,Combined TRACON& Tower with Radar,25,11,9,81,126,0,0,6,6,12,25,11,15,87,138,20,26,46,184
12/01/2020,GPT,MS,ASO,CE,Combined TRACON& Tower with Radar,23,9,9,109,150,0,2,26,16,44,23,11,35,125,194,30,0,30,224
12/02/2020,GPT,MS,ASO,CE,Combined TRACON& Tower with Radar,14,12,15,111,152,0,0,7,23,30,14,12,22,134,182,10,65,75,257
12/03/2020,GPT,MS,ASO,CE,Combined TRACON& Tower with Radar,20,12,8,83,123,0,0,3,10,13,20,12,11,93,136,12,8,20,156
12/04/2020,GPT,MS,ASO,CE,Combined TRACON& Tower with Radar,24,15,13,81,133,0,0,6,8,14,24,15,19,89,147,22,16,38,185
12/05/2020,GPT,MS,ASO,CE,Combined TRACON& Tower with Radar,16,12,4,17,49,0,1,34,9,44,16,13,38,26,93,28,0,28,121
12/06/2020,GPT,MS,ASO,CE,Combined TRACON& Tower with Radar,22,10,14,4,50,0,0,20,2,22,22,10,34,6,72,20,13,33,105
12/07/2020,GPT,MS,ASO,CE,Combined TRACON& Tower with Radar,20,10,12,55,97,0,1,18,20,39,20,11,30,75,136,4,12,16,152
12/08/2020,GPT,MS,ASO,CE,Combined TRACON& Tower with Radar,17,12,5,75,109,0,0,14,35,49,17,12,19,110,158,29,23,52,210
12/09/2020,GPT,MS,ASO,CE,Combined TRACON& Tower with Radar,14,14,11,83,122,0,0,19,4,23,14,14,30,87,145,10,2,12,157
12/10/2020,GPT,MS,ASO,CE,Combined TRACON& Tower with Radar,18,12,7,67,104,0,0,7,23,30,18,12,14,90,134,12,4,16,150
12/11/2020,GPT,MS,ASO,CE,Combined TRACON& Tower with Radar,20,14,12,58,104,0,0,13,25,38,20,14,25,83,142,12,0,12,154
12/12/2020,GPT,MS,ASO,CE,Combined TRACON& Tower with Radar,18,7,10,14,49,0,0,4,0,4,18,7,14,14,53,0,0,0,53
12/13/2020,GPT,MS,ASO,CE,Combined TRACON& Tower with Radar,18,11,14,43,86,0,0,2,7,9,18,11,16,50,95,32,0,32,127
12/14/2020,GPT,MS,ASO,CE,Combined TRACON& Tower with Radar,19,10,17,138,184,0,0,6,4,10,19,10,23,142,194,0,12,12,206
12/15/2020,GPT,MS,ASO,CE,Combined TRACON& Tower with Radar,15,11,8,114,148,0,3,8,7,18,15,14,16,121,166,40,2,42,208
12/16/2020,GPT,MS,ASO,CE,Combined TRACON& Tower with Radar,14,12,6,86,118,0,0,4,6,10,14,12,10,92,128,0,72,72,200
12/17/2020,GPT,MS,ASO,CE,Combined TRACON& Tower with Radar,18,12,14,72,116,0,2,16,13,31,18,14,30,85,147,34,28,62,209
12/18/2020,GPT,MS,ASO,CE,Combined TRACON& Tower with Radar,18,11,14,62,105,0,1,19,16,36,18,12,33,78,141,32,0,32,173
12/19/2020,GPT,MS,ASO,CE,Combined TRACON& Tower with Radar,22,10,5,12,49,0,0,13,0,13,22,10,18,12,62,30,0,30,92
12/20/2020,GPT,MS,ASO,CE,Combined TRACON& Tower with Radar,20,14,0,20,54,0,1,1,0,2,20,15,1,20,56,12,0,12,68
12/21/2020,GPT,MS,ASO,CE,Combined TRACON& Tower with Radar,18,13,13,66,110,0,0,17,9,26,18,13,30,75,136,44,10,54,190
12/22/2020,GPT,MS,ASO,CE,Combined TRACON& Tower with Radar,16,12,9,38,75,0,3,36,8,47,16,15,45,46,122,67,27,94,216
12/23/2020,GPT,MS,ASO,CE,Combined TRACON& Tower with Radar,16,14,10,18,58,0,1,21,7,29,16,15,31,25,87,32,0,32,119
12/24/2020,GPT,MS,ASO,CE,Combined TRACON& Tower with Radar,14,8,0,0,22,0,2,2,0,4,14,10,2,0,26,0,0,0,26
12/25/2020,GPT,MS,ASO,CE,Combined TRACON& Tower with Radar,13,6,1,0,20,0,1,5,0,6,13,7,6,0,26,0,0,0,26
12/26/2020,GPT,MS,ASO,CE,Combined TRACON& Tower with Radar,20,13,7,0,40,0,0,19,0,19,20,13,26,0,59,10,0,10,69
12/27/2020,GPT,MS,ASO,CE,Combined TRACON& Tower with Radar,18,10,5,0,33,0,0,25,0,25,18,10,30,0,58,56,0,56,114
12/28/2020,GPT,MS,ASO,CE,Combined TRACON& Tower with Radar,14,14,6,15,49,0,0,7,2,9,14,14,13,17,58,30,0,30,88
12/29/2020,GPT,MS,ASO,CE,Combined TRACON& Tower with Radar,19,14,6,49,88,0,3,20,11,34,19,17,26,60,122,64,20,84,206
12/30/2020,GPT,MS,ASO,CE,Combined TRACON& Tower with Radar,20,13,17,44,94,0,1,3,22,26,20,14,20,66,120,16,20,36,156
12/31/2020,GPT,MS,ASO,CE,Combined TRACON& Tower with Radar,11,12,5,2,30,0,0,0,0,0,11,12,5,2,30,0,0,0,30
01/01/2021,GPT,MS,ASO,CE,Combined TRACON& Tower with Radar,11,7,3,0,21,0,0,12,0,12,11,7,15,0,33,0,0,0,33
01/02/2021,GPT,MS,ASO,CE,Combined TRACON& Tower with Radar,21,13,15,6,55,0,0,14,0,14,21,13,29,6,69,0,0,0,69
01/03/2021,GPT,MS,ASO,CE,Combined TRACON& Tower with Radar,18,10,8,0,36,0,0,22,0,22,18,10,30,0,58,54,0,54,112
01/04/2021,GPT,MS,ASO,CE,Combined TRACON& Tower with Radar,20,11,6,50,87,0,0,12,15,27,20,11,18,65,114,31,0,31,145
01/05/2021,GPT,MS,ASO,CE,Combined TRACON& Tower with Radar,10,16,5,45,76,0,1,17,12,30,10,17,22,57,106,22,6,28,134
01/06/2021,GPT,MS,ASO,CE,Combined TRACON& Tower with Radar,14,15,9,85,123,0,4,11,8,23,14,19,20,93,146,16,14,30,176
01/07/2021,GPT,MS,ASO,CE,Combined TRACON& Tower with Radar,16,12,3,123,154,0,1,0,8,9,16,13,3,131,163,0,0,0,163
01/08/2021,GPT,MS,ASO,CE,Combined TRACON& Tower with Radar,16,12,5,68,101,0,0,2,6,8,16,12,7,74,109,30,0,30,139
01/09/2021,GPT,MS,ASO,CE,Combined TRACON& Tower with Radar,13,14,3,22,52,0,1,10,17,28,13,15,13,39,80,28,4,32,112
01/10/2021,GPT,MS,ASO,CE,Combined TRACON& Tower with Radar,19,10,6,48,83,0,4,14,13,31,19,14,20,61,114,0,2,2,116
01/11/2021,GPT,MS,ASO,CE,Combined TRACON& Tower with Radar,17,10,5,8,40,0,0,0,0,0,17,10,5,8,40,0,0,0,40
01/12/2021,GPT,MS,ASO,CE,Combined TRACON& Tower with Radar,13,14,18,112,157,0,0,0,2,2,13,14,18,114,159,0,12,12,171
01/13/2021,GPT,MS,ASO,CE,Combined TRACON& Tower with Radar,9,12,9,88,118,0,1,19,19,39,9,13,28,107,157,32,33,65,222
01/14/2021,GPT,MS,ASO,CE,Combined TRACON& Tower with Radar,20,14,16,94,144,0,2,12,25,39,20,16,28,119,183,0,40,40,223
01/15/2021,GPT,MS,ASO,CE,Combined TRACON& Tower with Radar,18,13,15,46,92,0,0,4,5,9,18,13,19,51,101,2,12,14,115
01/16/2021,GPT,MS,ASO,CE,Combined TRACON& Tower with Radar,14,10,12,3,39,0,1,11,2,14,14,11,23,5,53,16,0,16,69
01/17/2021,GPT,MS,ASO,CE,Combined TRACON& Tower with Radar,16,10,9,10,45,0,1,18,0,19,16,11,27,10,64,24,0,24,88
01/18/2021,GPT,MS,ASO,CE,Combined TRACON& Tower with Radar,17,13,6,0,36,0,1,25,0,26,17,14,31,0,62,16,0,16,78
01/19/2021,GPT,MS,ASO,CE,Combined TRACON& Tower with Radar,16,11,10,98,135,0,1,19,19,39,16,12,29,117,174,46,46,92,266
01/20/2021,GPT,MS,ASO,CE,Combined TRACON& Tower with Radar,10,14,17,79,120,0,3,16,29,48,10,17,33,108,168,10,28,38,206
01/21/2021,GPT,MS,ASO,CE,Combined TRACON& Tower with Radar,18,16,11,101,146,0,0,4,10,14,18,16,15,111,160,0,36,36,196
01/22/2021,GPT,MS,ASO,CE,Combined TRACON& Tower with Radar,22,14,5,51,92,0,0,0,1,1,22,14,5,52,93,0,0,0,93
01/23/2021,GPT,MS,ASO,CE,Combined TRACON& Tower with Radar,16,9,4,23,52,0,0,4,9,13,16,9,8,32,65,0,0,0,65
01/24/2021,GPT,MS,ASO,CE,Combined TRACON& Tower with Radar,16,9,7,17,49,0,0,0,0,0,16,9,7,17,49,0,0,0,49
01/25/2021,GPT,MS,ASO,CE,Combined TRACON& Tower with Radar,18,34,4,64,120,0,0,0,0,0,18,34,4,64,120,0,0,0,120
01/26/2021,GPT,MS,ASO,CE,Combined TRACON& Tower with Radar,13,12,6,59,90,0,0,8,4,12,13,12,14,63,102,12,16,28,130
01/27/2021,GPT,MS,ASO,CE,Combined TRACON& Tower with Radar,10,17,8,121,156,0,1,11,14,26,10,18,19,135,182,4,0,4,186
01/28/2021,GPT,MS,ASO,CE,Combined TRACON& Tower with Radar,19,14,11,96,140,0,3,11,17,31,19,17,22,113,171,26,28,54,225
01/29/2021,GPT,MS,ASO,CE,Combined TRACON& Tower with Radar,27,14,12,95,148,0,2,26,33,61,27,16,38,128,209,4,4,8,217
01/30/2021,GPT,MS,ASO,CE,Combined TRACON& Tower with Radar,15,11,7,28,61,0,1,33,0,34,15,12,40,28,95,16,0,16,111
01/31/2021,GPT,MS,ASO,CE,Combined TRACON& Tower with Radar,19,10,11,37,77,0,2,1,8,11,19,12,12,45,88,19,0,19,107
02/01/2021,GPT,MS,ASO,CE,Combined TRACON& Tower with Radar,20,13,7,98,138,0,0,10,13,23,20,13,17,111,161,0,0,0,161
02/02/2021,GPT,MS,ASO,CE,Combined TRACON& Tower with Radar,14,15,5,138,172,0,0,18,17,35,14,15,23,155,207,33,71,104,311
02/03/2021,GPT,MS,ASO,CE,Combined TRACON& Tower with Radar,12,11,13,77,113,0,2,22,14,38,12,13,35,91,151,0,24,24,175
02/04/2021,GPT,MS,ASO,CE,Combined TRACON& Tower with Radar,17,11,5,72,105,0,2,9,6,17,17,13,14,78,122,22,36,58,180
02/05/2021,GPT,MS,ASO,CE,Combined TRACON& Tower with Radar,23,17,4,70,114,0,0,12,1,13,23,17,16,71,127,40,2,42,169
02/06/2021,GPT,MS,ASO,CE,Combined TRACON& Tower with Radar,15,8,4,0,27,0,0,0,0,0,15,8,4,0,27,0,0,0,27
02/07/2021,GPT,MS,ASO,CE,Combined TRACON& Tower with Radar,15,12,14,18,59,0,0,12,7,19,15,12,26,25,78,14,0,14,92
02/08/2021,GPT,MS,ASO,CE,Combined TRACON& Tower with Radar,18,13,16,63,110,0,0,12,9,21,18,13,28,72,131,8,0,8,139
02/09/2021,GPT,MS,ASO,CE,Combined TRACON& Tower with Radar,14,14,18,103,149,0,0,12,2,14,14,14,30,105,163,10,6,16,179
02/10/2021,GPT,MS,ASO,CE,Combined TRACON& Tower with Radar,13,13,6,2,34,0,0,0,0,0,13,13,6,2,34,0,0,0,34
02/11/2021,GPT,MS,ASO,CE,Combined TRACON& Tower with Radar,17,10,7,0,34,0,0,0,0,0,17,10,7,0,34,0,0,0,34
02/12/2021,GPT,MS,ASO,CE,Combined TRACON& Tower with Radar,17,14,7,6,44,0,0,0,0,0,17,14,7,6,44,0,0,0,44
02/13/2021,GPT,MS,ASO,CE,Combined TRACON& Tower with Radar,15,11,4,10,40,0,0,1,0,1,15,11,5,10,41,0,0,0,41
02/14/2021,GPT,MS,ASO,CE,Combined TRACON& Tower with Radar,17,5,10,10,42,0,0,3,0,3,17,5,13,10,45,14,0,14,59
02/15/2021,GPT,MS,ASO,CE,Combined TRACON& Tower with Radar,16,1,0,0,17,0,0,0,0,0,16,1,0,0,17,0,0,0,17
02/16/2021,GPT,MS,ASO,CE,Combined TRACON& Tower with Radar,13,1,10,109,133,0,1,7,20,28,13,2,17,129,161,0,56,56,217
02/17/2021,GPT,MS,ASO,CE,Combined TRACON& Tower with Radar,13,3,9,15,40,0,0,2,2,4,13,3,11,17,44,0,2,2,46
02/18/2021,GPT,MS,ASO,CE,Combined TRACON& Tower with Radar,17,9,5,59,90,0,0,2,0,2,17,9,7,59,92,0,0,0,92
02/19/2021,GPT,MS,ASO,CE,Combined TRACON& Tower with Radar,17,8,16,97,138,0,1,18,7,26,17,9,34,104,164,0,0,0,164
02/20/2021,GPT,MS,ASO,CE,Combined TRACON& Tower with Radar,18,13,11,14,56,0,4,38,2,44,18,17,49,16,100,34,0,34,134
02/21/2021,GPT,MS,ASO,CE,Combined TRACON& Tower with Radar,20,12,8,33,73,0,8,26,8,42,20,20,34,41,115,26,0,26,141
02/22/2021,GPT,MS,ASO,CE,Combined TRACON& Tower with Radar,18,15,13,94,140,0,3,20,6,29,18,18,33,100,169,36,0,36,205
02/23/2021,GPT,MS,ASO,CE,Combined TRACON& Tower with Radar,17,15,13,76,121,0,0,27,8,35,17,15,40,84,156,32,30,62,218
02/24/2021,GPT,MS,ASO,CE,Combined TRACON& Tower with Radar,18,12,21,77,128,0,1,33,16,50,18,13,54,93,178,42,18,60,238
02/25/2021,GPT,MS,ASO,CE,Combined TRACON& Tower with Radar,22,12,15,66,115,0,1,12,13,26,22,13,27,79,141,33,0,33,174
02/26/2021,GPT,MS,ASO,CE,Combined TRACON& Tower with Radar,16,17,7,77,117,0,1,4,3,8,16,18,11,80,125,0,0,0,125
02/27/2021,GPT,MS,ASO,CE,Combined TRACON& Tower with Radar,18,10,1,16,45,0,0,3,1,4,18,10,4,17,49,0,0,0,49
02/28/2021,GPT,MS,ASO,CE,Combined TRACON& Tower with Radar,17,11,15,16,59,0,0,11,7,18,17,11,26,23,77,24,0,24,101
03/01/2021,GPT,MS,ASO,CE,Combined TRACON& Tower with Radar,16,12,11,34,73,0,0,1,0,1,16,12,12,34,74,4,2,6,80
03/02/2021,GPT,MS,ASO,CE,Combined TRACON& Tower with Radar,14,10,3,27,54,0,0,0,1,1,14,10,3,28,55,0,0,0,55
03/03/2021,GPT,MS,ASO,CE,Combined TRACON& Tower with Radar,15,12,9,158,194,0,2,22,40,64,15,14,31,198,258,0,0,0,258
03/04/2021,GPT,MS,ASO,CE,Combined TRACON& Tower with Radar,19,15,33,79,146,0,5,28,24,57,19,20,61,103,203,16,24,40,243
03/05/2021,GPT,MS,ASO,CE,Combined TRACON& Tower with Radar,24,14,16,85,139,0,2,23,11,36,24,16,39,96,175,12,2,14,189
03/06/2021,GPT,MS,ASO,CE,Combined TRACON& Tower with Radar,17,13,4,39,73,0,1,13,12,26,17,14,17,51,99,32,0,32,131
03/07/2021,GPT,MS,ASO,CE,Combined TRACON& Tower with Radar,18,12,23,21,74,0,1,25,9,35,18,13,48,30,109,32,13,45,154
03/08/2021,GPT,MS,ASO,CE,Combined TRACON& Tower with Radar,18,11,8,73,110,0,0,24,8,32,18,11,32,81,142,58,7,65,207
03/09/2021,GPT,MS,ASO,CE,Combined TRACON& Tower with Radar,14,12,18,73,117,0,1,17,6,24,14,13,35,79,141,18,0,18,159
03/10/2021,GPT,MS,ASO,CE,Combined TRACON& Tower with Radar,14,13,14,80,121,0,1,15,15,31,14,14,29,95,152,2,28,30,182
03/11/2021,GPT,MS,ASO,CE,Combined TRACON& Tower with Radar,22,16,27,95,160,0,0,23,8,31,22,16,50,103,191,66,6,72,263
03/12/2021,GPT,MS,ASO,CE,Combined TRACON& Tower with Radar,18,15,13,85,131,0,2,23,17,42,18,17,36,102,173,32,4,36,209
03/13/2021,GPT,MS,ASO,CE,Combined TRACON& Tower with Radar,17,11,16,5,49,0,1,14,4,19,17,12,30,9,68,56,0,56,124
03/14/2021,GPT,MS,ASO,CE,Combined TRACON& Tower with Radar,18,15,18,28,79,0,0,17,0,17,18,15,35,28,96,42,8,50,146
03/15/2021,GPT,MS,ASO,CE,Combined TRACON& Tower with Radar,20,13,13,35,81,0,1,3,1,5,20,14,16,36,86,0,0,0,86
03/16/2021,GPT,MS,ASO,CE,Combined TRACON& Tower with Radar,15,14,9,82,120,0,0,4,3,7,15,14,13,85,127,0,0,0,127
03/17/2021,GPT,MS,ASO,CE,Combined TRACON& Tower with Radar,14,9,10,0,33,0,0,1,1,2,14,9,11,1,35,0,0,0,35
03/18/2021,GPT,MS,ASO,CE,Combined TRACON& Tower with Radar,16,17,33,93,159,0,3,3,3,9,16,20,36,96,168,4,80,84,252
03/19/2021,GPT,MS,ASO,CE,Combined TRACON& Tower with Radar,18,16,38,134,206,0,2,11,5,18,18,18,49,139,224,10,6,16,240
03/20/2021,GPT,MS,ASO,CE,Combined TRACON& Tower with Radar,18,11,8,15,52,0,2,14,5,21,18,13,22,20,73,0,0,0,73
03/21/2021,GPT,MS,ASO,CE,Combined TRACON& Tower with Radar,16,14,28,9,67,0,0,25,5,30,16,14,53,14,97,0,0,0,97
03/22/2021,GPT,MS,ASO,CE,Combined TRACON& Tower with Radar,18,10,18,99,145,0,0,22,3,25,18,10,40,102,170,26,49,75,245
03/23/2021,GPT,MS,ASO,CE,Combined TRACON& Tower with Radar,18,13,3,0,34,0,0,2,0,2,18,13,5,0,36,0,0,0,36
03/24/2021,GPT,MS,ASO,CE,Combined TRACON& Tower with Radar,14,15,8,29,66,0,0,1,1,2,14,15,9,30,68,0,0,0,68
03/25/2021,GPT,MS,ASO,CE,Combined TRACON& Tower with Radar,17,16,2,15,50,0,0,0,1,1,17,16,2,16,51,0,0,0,51
03/26/2021,GPT,MS,ASO,CE,Combined TRACON& Tower with Radar,22,16,12,71,121,0,0,0,2,2,22,16,12,73,123,0,0,0,123
03/27/2021,GPT,MS,ASO,CE,Combined TRACON& Tower with Radar,16,12,7,10,45,0,0,0,0,0,16,12,7,10,45,0,0,0,45
03/28/2021,GPT,MS,ASO,CE,Combined TRACON& Tower with Radar,17,13,19,7,56,0,0,3,8,11,17,13,22,15,67,33,0,33,100
03/29/2021,GPT,MS,ASO,CE,Combined TRACON& Tower with Radar,18,14,12,45,89,0,3,24,8,35,18,17,36,53,124,40,2,42,166
03/30/2021,GPT,MS,ASO,CE,Combined TRACON& Tower with Radar,14,13,13,34,74,0,1,1,1,3,14,14,14,35,77,0,0,0,77
03/31/2021,GPT,MS,ASO,CE,Combined TRACON& Tower with Radar,21,12,8,6,47,0,0,0,0,0,21,12,8,6,47,0,8,8,55
04/01/2021,GPT,MS,ASO,CE,Combined TRACON& Tower with Radar,21,11,10,67,109,0,2,13,9,24,21,13,23,76,133,8,0,8,141
04/02/2021,GPT,MS,ASO,CE,Combined TRACON& Tower with Radar,19,16,7,18,60,0,0,27,4,31,19,16,34,22,91,0,36,36,127
04/03/2021,GPT,MS,ASO,CE,Combined TRACON& Tower with Radar,18,8,12,5,43,0,3,15,1,19,18,11,27,6,62,56,8,64,126
04/04/2021,GPT,MS,ASO,CE,Combined TRACON& Tower with Radar,18,11,11,12,52,0,0,8,0,8,18,11,19,12,60,0,0,0,60
04/05/2021,GPT,MS,ASO,CE,Combined TRACON& Tower with Radar,23,13,12,113,161,0,0,17,11,28,23,13,29,124,189,22,14,36,225
04/06/2021,GPT,MS,ASO,CE,Combined TRACON& Tower with Radar,17,13,15,102,147,0,1,14,8,23,17,14,29,110,170,16,32,48,218
04/07/2021,GPT,MS,ASO,CE,Combined TRACON& Tower with Radar,21,14,13,123,171,0,2,13,4,19,21,16,26,127,190,36,48,84,274
04/08/2021,GPT,MS,ASO,CE,Combined TRACON& Tower with Radar,21,14,7,78,120,0,2,8,12,22,21,16,15,90,142,8,12,20,162
04/09/2021,GPT,MS,ASO,CE,Combined TRACON& Tower with Radar,21,12,9,16,58,0,2,0,3,5,21,14,9,19,63,0,0,0,63
04/10/2021,GPT,MS,ASO,CE,Combined TRACON& Tower with Radar,20,10,7,3,40,0,6,5,3,14,20,16,12,6,54,0,0,0,54
04/11/2021,GPT,MS,ASO,CE,Combined TRACON& Tower with Radar,17,13,18,6,54,0,3,35,15,53,17,16,53,21,107,46,20,66,173
04/12/2021,GPT,MS,ASO,CE,Combined TRACON& Tower with Radar,19,12,8,110,149,0,3,19,21,43,19,15,27,131,192,58,64,122,314
04/13/2021,GPT,MS,ASO,CE,Combined TRACON& Tower with Radar,19,11,25,25,80,0,0,9,3,12,19,11,34,28,92,2,2,4,96
04/14/2021,GPT,MS,ASO,CE,Combined TRACON& Tower with Radar,19,8,6,7,40,0,0,0,2,2,19,8,6,9,42,0,0,0,42
04/15/2021,GPT,MS,ASO,CE,Combined TRACON& Tower with Radar,21,11,15,20,67,0,2,3,2,7,21,13,18,22,74,0,0,0,74
04/16/2021,GPT,MS,ASO,CE,Combined TRACON& Tower with Radar,21,12,16,31,80,0,0,2,9,11,21,12,18,40,91,20,4,24,115
04/17/2021,GPT,MS,ASO,CE,Combined TRACON& Tower with Radar,17,13,7,8,45,0,1,1,2,4,17,14,8,10,49,0,0,0,49
04/18/2021,GPT,MS,ASO,CE,Combined TRACON& Tower with Radar,21,11,28,19,79,0,6,24,18,48,21,17,52,37,127,0,0,0,127
04/19/2021,GPT,MS,ASO,CE,Combined TRACON& Tower with Radar,19,12,21,79,131,0,2,16,12,30,19,14,37,91,161,12,1,13,174
04/20/2021,GPT,MS,ASO,CE,Combined TRACON& Tower with Radar,21,12,14,136,183,0,1,14,28,43,21,13,28,164,226,0,34,34,260
04/21/2021,GPT,MS,ASO,CE,Combined TRACON& Tower with Radar,20,9,15,67,111,0,2,23,21,46,20,11,38,88,157,6,40,46,203
04/22/2021,GPT,MS,ASO,CE,Combined TRACON& Tower with Radar,21,14,33,70,138,0,5,15,39,59,21,19,48,109,197,26,18,44,241
04/23/2021,GPT,MS,ASO,CE,Combined TRACON& Tower with Radar,21,13,11,63,108,0,0,12,6,18,21,13,23,69,126,12,0,12,138
04/24/2021,GPT,MS,ASO,CE,Combined TRACON& Tower with Radar,21,9,9,4,43,0,1,2,5,8,21,10,11,9,51,0,8,8,59
04/25/2021,GPT,MS,ASO,CE,Combined TRACON& Tower with Radar,17,15,21,20,73,0,4,30,10,44,17,19,51,30,117,26,5,31,148
04/26/2021,GPT,MS,ASO,CE,Combined TRACON& Tower with Radar,17,18,13,86,134,0,4,17,13,34,17,22,30,99,168,34,16,50,218
04/27/2021,GPT,MS,ASO,CE,Combined TRACON& Tower with Radar,17,14,16,124,171,0,4,7,19,30,17,18,23,143,201,56,24,80,281
04/28/2021,GPT,MS,ASO,CE,Combined TRACON& Tower with Radar,19,12,16,72,119,0,1,8,19,28,19,13,24,91,147,4,6,10,157
04/29/2021,GPT,MS,ASO,CE,Combined TRACON& Tower with Radar,17,13,18,126,174,0,2,7,10,19,17,15,25,136,193,0,6,6,199
04/30/2021,GPT,MS,ASO,CE,Combined TRACON& Tower with Radar,21,17,20,39,97,0,0,10,0,10,21,17,30,39,107,0,0,0,107
05/01/2021,GPT,MS,ASO,CE,Combined TRACON& Tower with Radar,19,16,5,14,54,0,3,18,0,21,19,19,23,14,75,2,0,2,77
05/02/2021,GPT,MS,ASO,CE,Combined TRACON& Tower with Radar,19,12,19,2,52,0,0,0,2,2,19,12,19,4,54,0,0,0,54
05/03/2021,GPT,MS,ASO,CE,Combined TRACON& Tower with Radar,23,19,14,56,112,0,2,0,2,4,23,21,14,58,116,0,0,0,116
05/04/2021,GPT,MS,ASO,CE,Combined TRACON& Tower with Radar,17,11,8,46,82,0,0,0,4,4,17,11,8,50,86,0,12,12,98
05/05/2021,GPT,MS,ASO,CE,Combined TRACON& Tower with Radar,23,13,11,44,91,0,0,0,18,18,23,13,11,62,109,0,18,18,127
05/06/2021,GPT,MS,ASO,CE,Combined TRACON& Tower with Radar,19,16,20,118,173,0,3,23,19,45,19,19,43,137,218,50,0,50,268
05/07/2021,GPT,MS,ASO,CE,Combined TRACON& Tower with Radar,21,11,12,72,116,0,0,36,10,46,21,11,48,82,162,62,15,77,239
05/08/2021,GPT,MS,ASO,CE,Combined TRACON& Tower with Radar,17,11,13,8,49,0,0,32,7,39,17,11,45,15,88,22,0,22,110
05/09/2021,GPT,MS,ASO,CE,Combined TRACON& Tower with Radar,19,12,16,7,54,0,0,6,1,7,19,12,22,8,61,0,0,0,61
05/10/2021,GPT,MS,ASO,CE,Combined TRACON& Tower with Radar,23,9,10,21,63,0,0,6,0,6,23,9,16,21,69,10,0,10,79
05/11/2021,GPT,MS,ASO,CE,Combined TRACON& Tower with Radar,17,7,3,16,43,0,0,5,5,10,17,7,8,21,53,0,0,0,53
05/12/2021,GPT,MS,ASO,CE,Combined TRACON& Tower with Radar,26,15,10,72,123,0,0,5,16,21,26,15,15,88,144,0,56,56,200
05/13/2021,GPT,MS,ASO,CE,Combined TRACON& Tower with Radar,21,14,16,111,162,0,1,26,16,43,21,15,42,127,205,40,24,64,269
05/14/2021,GPT,MS,ASO,CE,Combined TRACON& Tower with Radar,20,12,15,53,100,0,6,18,27,51,20,18,33,80,151,40,61,101,252
05/15/2021,GPT,MS,ASO,CE,Combined TRACON& Tower with Radar,18,13,19,13,63,0,0,24,6,30,18,13,43,19,93,12,12,24,117
05/16/2021,GPT,MS,ASO,CE,Combined TRACON& Tower with Radar,19,19,11,15,64,0,0,21,22,43,19,19,32,37,107,15,0,15,122
05/17/2021,GPT,MS,ASO,CE,Combined TRACON& Tower with Radar,19,11,7,31,68,0,1,6,0,7,19,12,13,31,75,6,0,6,81
05/18/2021,GPT,MS,ASO,CE,Combined TRACON& Tower with Radar,17,13,13,7,50,0,1,0,1,2,17,14,13,8,52,0,0,0,52
05/19/2021,GPT,MS,ASO,CE,Combined TRACON& Tower with Radar,21,13,13,13,60,0,0,3,3,6,21,13,16,16,66,0,0,0,66
05/20/2021,GPT,MS,ASO,CE,Combined TRACON& Tower with Radar,19,17,17,30,83,0,2,0,2,4,19,19,17,32,87,0,10,10,97
05/21/2021,GPT,MS,ASO,CE,Combined TRACON& Tower with Radar,17,14,8,86,125,0,1,1,21,23,17,15,9,107,148,2,10,12,160
05/22/2021,GPT,MS,ASO,CE,Combined TRACON& Tower with Radar,19,12,14,13,58,0,0,9,7,16,19,12,23,20,74,12,18,30,104
05/23/2021,GPT,MS,ASO,CE,Combined TRACON& Tower with Radar,19,12,25,38,94,0,2,30,12,44,19,14,55,50,138,33,4,37,175
05/24/2021,GPT,MS,ASO,CE,Combined TRACON& Tower with Radar,21,11,11,83,126,0,0,15,14,29,21,11,26,97,155,30,0,30,185
05/25/2021,GPT,MS,ASO,CE,Combined TRACON& Tower with Radar,20,14,23,157,214,0,3,15,17,35,20,17,38,174,249,10,16,26,275
05/26/2021,GPT,MS,ASO,CE,Combined TRACON& Tower with Radar,20,13,19,94,146,0,5,20,18,43,20,18,39,112,189,28,18,46,235
05/27/2021,GPT,MS,ASO,CE,Combined TRACON& Tower with Radar,17,14,30,116,177,0,6,20,13,39,17,20,50,129,216,12,55,67,283
05/28/2021,GPT,MS,ASO,CE,Combined TRACON& Tower with Radar,18,14,17,8,57,0,0,17,1,18,18,14,34,9,75,0,0,0,75
05/29/2021,GPT,MS,ASO,CE,Combined TRACON& Tower with Radar,17,20,10,0,47,0,1,22,1,24,17,21,32,1,71,2,0,2,73
05/30/2021,GPT,MS,ASO,CE,Combined TRACON& Tower with Radar,15,18,15,8,56,0,0,25,0,25,15,18,40,8,81,0,0,0,81
05/31/2021,GPT,MS,ASO,CE,Combined TRACON& Tower with Radar,18,10,7,0,35,0,0,7,0,7,18,10,14,0,42,6,0,6,48
06/01/2021,GPT,MS,ASO,CE,Combined TRACON& Tower with Radar,21,14,11,49,95,0,0,10,2,12,21,14,21,51,107,62,4,66,173
06/02/2021,GPT,MS,ASO,CE,Combined TRACON& Tower with Radar,21,12,16,34,83,0,0,4,0,4,21,12,20,34,87,0,4,4,91
06/03/2021,GPT,MS,ASO,CE,Combined TRACON& Tower with Radar,18,11,29,30,88,0,0,10,7,17,18,11,39,37,105,14,6,20,125
06/04/2021,GPT,MS,ASO,CE,Combined TRACON& Tower with Radar,19,14,11,24,68,0,0,7,6,13,19,14,18,30,81,0,6,6,87
06/05/2021,GPT,MS,ASO,CE,Combined TRACON& Tower with Radar,16,12,11,0,39,0,0,3,0,3,16,12,14,0,42,0,0,0,42
06/06/2021,GPT,MS,ASO,CE,Combined TRACON& Tower with Radar,15,16,10,5,46,0,0,0,0,0,15,16,10,5,46,0,0,0,46
06/07/2021,GPT,MS,ASO,CE,Combined TRACON& Tower with Radar,16,11,18,99,144,0,0,7,8,15,16,11,25,107,159,6,4,10,169
06/08/2021,GPT,MS,ASO,CE,Combined TRACON& Tower with Radar,17,18,21,50,106,0,1,3,3,7,17,19,24,53,113,18,0,18,131
06/09/2021,GPT,MS,ASO,CE,Combined TRACON& Tower with Radar,17,12,33,26,88,0,1,20,3,24,17,13,53,29,112,14,0,14,126
06/10/2021,GPT,MS,ASO,CE,Combined TRACON& Tower with Radar,17,14,11,65,107,0,0,21,22,43,17,14,32,87,150,30,48,78,228
06/11/2021,GPT,MS,ASO,CE,Combined TRACON& Tower with Radar,17,14,26,73,130,0,0,17,10,27,17,14,43,83,157,6,29,35,192
06/12/2021,GPT,MS,ASO,CE,Combined TRACON& Tower with Radar,15,13,9,9,46,0,0,21,3,24,15,13,30,12,70,18,0,18,88
06/13/2021,GPT,MS,ASO,CE,Combined TRACON& Tower with Radar,17,14,13,7,51,0,0,13,8,21,17,14,26,15,72,0,0,0,72
06/14/2021,GPT,MS,ASO,CE,Combined TRACON& Tower with Radar,19,12,25,70,126,0,0,13,10,23,19,12,38,80,149,46,18,64,213
06/15/2021,GPT,MS,ASO,CE,Combined TRACON& Tower with Radar,15,15,22,44,96,0,1,20,5,26,15,16,42,49,122,77,31,108,230
06/16/2021,GPT,MS,ASO,CE,Combined TRACON& Tower with Radar,21,13,17,112,163,0,3,25,22,50,21,16,42,134,213,72,16,88,301
06/17/2021,GPT,MS,ASO,CE,Combined TRACON& Tower with Radar,17,18,19,61,115,0,2,29,26,57,17,20,48,87,172,28,8,36,208
06/18/2021,GPT,MS,ASO,CE,Combined TRACON& Tower with Radar,17,13,3,0,33,0,0,0,0,0,17,13,3,0,33,0,0,0,33
06/19/2021,GPT,MS,ASO,CE,Combined TRACON& Tower with Radar,20,10,6,4,40,0,0,0,0,0,20,10,6,4,40,0,0,0,40
06/20/2021,GPT,MS,ASO,CE,Combined TRACON& Tower with Radar,17,14,7,2,40,0,0,7,2,9,17,14,14,4,49,0,0,0,49
06/21/2021,GPT,MS,ASO,CE,Combined TRACON& Tower with Radar,16,9,8,1,34,0,0,3,0,3,16,9,11,1,37,0,0,0,37
06/22/2021,GPT,MS,ASO,CE,Combined TRACON& Tower with Radar,15,12,4,86,117,0,0,5,2,7,15,12,9,88,124,18,12,30,154
06/23/2021,GPT,MS,ASO,CE,Combined TRACON& Tower with Radar,20,11,28,44,103,0,0,20,11,31,20,11,48,55,134,28,8,36,170
06/24/2021,GPT,MS,ASO,CE,Combined TRACON& Tower with Radar,19,17,10,45,91,0,0,13,9,22,19,17,23,54,113,10,12,22,135
06/25/2021,GPT,MS,ASO,CE,Combined TRACON& Tower with Radar,19,18,27,22,86,0,5,24,6,35,19,23,51,28,121,26,0,26,147
06/26/2021,GPT,MS,ASO,CE,Combined TRACON& Tower with Radar,17,11,11,10,49,0,6,29,7,42,17,17,40,17,91,36,0,36,127
06/27/2021,GPT,MS,ASO,CE,Combined TRACON& Tower with Radar,16,14,14,16,60,0,8,35,0,43,16,22,49,16,103,2,0,2,105
06/28/2021,GPT,MS,ASO,CE,Combined TRACON& Tower with Radar,16,13,9,23,61,0,2,12,1,15,16,15,21,24,76,14,3,17,93
06/29/2021,GPT,MS,ASO,CE,Combined TRACON& Tower with Radar,18,14,12,32,76,0,0,8,14,22,18,14,20,46,98,4,10,14,112
06/30/2021,GPT,MS,ASO,CE,Combined TRACON& Tower with Radar,21,16,23,58,118,0,0,9,8,17,21,16,32,66,135,0,49,49,184
07/01/2021,GPT,MS,ASO,CE,Combined TRACON& Tower with Radar,16,15,22,79,132,0,2,15,5,22,16,17,37,84,154,6,16,22,176
07/02/2021,GPT,MS,ASO,CE,Combined TRACON& Tower with Radar,21,12,11,2,46,0,0,13,1,14,21,12,24,3,60,2,0,2,62
07/03/2021,GPT,MS,ASO,CE,Combined TRACON& Tower with Radar,14,11,2,0,27,0,0,2,0,2,14,11,4,0,29,6,0,6,35
07/04/2021,GPT,MS,ASO,CE,Combined TRACON& Tower with Radar,14,12,1,0,27,0,0,6,0,6,14,12,7,0,33,4,0,4,37
07/05/2021,GPT,MS,ASO,CE,Combined TRACON& Tower with Radar,16,13,3,0,32,0,0,15,0,15,16,13,18,0,47,14,0,14,61
07/06/2021,GPT,MS,ASO,CE,Combined TRACON& Tower with Radar,15,11,4,19,49,0,0,1,0,1,15,11,5,19,50,0,0,0,50
07/07/2021,GPT,MS,ASO,CE,Combined TRACON& Tower with Radar,17,11,6,45,79,0,0,4,9,13,17,11,10,54,92,0,72,72,164
07/08/2021,GPT,MS,ASO,CE,Combined TRACON& Tower with Radar,14,18,26,112,170,0,4,10,10,24,14,22,36,122,194,8,40,48,242
07/09/2021,GPT,MS,ASO,CE,Combined TRACON& Tower with Radar,16,14,13,49,92,0,0,8,11,19,16,14,21,60,111,14,0,14,125
07/10/2021,GPT,MS,ASO,CE,Combined TRACON& Tower with Radar,12,16,8,5,41,0,2,7,10,19,12,18,15,15,60,12,0,12,72
07/11/2021,GPT,MS,ASO,CE,Combined TRACON& Tower with Radar,15,15,15,6,51,0,0,3,1,4,15,15,18,7,55,10,0,10,65
07/12/2021,GPT,MS,ASO,CE,Combined TRACON& Tower with Radar,21,15,16,13,65,0,0,14,3,17,21,15,30,16,82,18,6,24,106
07/13/2021,GPT,MS,ASO,CE,Combined TRACON& Tower with Radar,18,12,11,75,116,0,1,19,38,58,18,13,30,113,174,24,20,44,218
07/14/2021,GPT,MS,ASO,CE,Combined TRACON& Tower with Radar,19,14,14,87,134,0,0,32,20,52,19,14,46,107,186,19,38,57,243
07/15/2021,GPT,MS,ASO,CE,Combined TRACON& Tower with Radar,18,20,10,50,98,0,11,12,28,51,18,31,22,78,149,26,22,48,197
07/16/2021,GPT,MS,ASO,CE,Combined TRACON& Tower with Radar,16,20,4,5,45,0,0,9,2,11,16,20,13,7,56,0,0,0,56
07/17/2021,GPT,MS,ASO,CE,Combined TRACON& Tower with Radar,15,17,6,20,58,0,0,9,0,9,15,17,15,20,67,6,0,6,73
07/18/2021,GPT,MS,ASO,CE,Combined TRACON& Tower with Radar,16,15,7,4,42,0,0,0,0,0,16,15,7,4,42,11,0,11,53
07/19/2021,GPT,MS,ASO,CE,Combined TRACON& Tower with Radar,14,14,6,15,49,0,0,14,4,18,14,14,20,19,67,12,38,50,117
07/20/2021,GPT,MS,ASO,CE,Combined TRACON& Tower with Radar,15,12,17,87,131,0,2,11,11,24,15,14,28,98,155,18,8,26,181
07/21/2021,GPT,MS,ASO,CE,Combined TRACON& Tower with Radar,24,16,12,45,97,0,2,13,13,28,24,18,25,58,125,20,24,44,169
07/22/2021,GPT,MS,ASO,CE,Combined TRACON& Tower with Radar,15,21,18,81,135,0,3,28,21,52,15,24,46,102,187,0,0,0,187
07/23/2021,GPT,MS,ASO,CE,Combined TRACON& Tower with Radar,17,17,18,43,95,0,0,21,4,25,17,17,39,47,120,0,0,0,120
07/24/2021,GPT,MS,ASO,CE,Combined TRACON& Tower with Radar,17,12,14,6,49,0,0,25,1,26,17,12,39,7,75,0,0,0,75
07/25/2021,GPT,MS,ASO,CE,Combined TRACON& Tower with Radar,17,20,6,30,73,0,0,15,4,19,17,20,21,34,92,18,0,18,110
07/26/2021,GPT,MS,ASO,CE,Combined TRACON& Tower with Radar,14,13,7,105,139,0,1,38,20,59,14,14,45,125,198,0,36,36,234
07/27/2021,GPT,MS,ASO,CE,Combined TRACON& Tower with Radar,14,14,19,137,184,0,2,31,20,53,14,16,50,157,237,8,26,34,271
07/28/2021,GPT,MS,ASO,CE,Combined TRACON& Tower with Radar,19,13,13,32,77,0,1,27,7,35,19,14,40,39,112,6,16,22,134
07/29/2021,GPT,MS,ASO,CE,Combined TRACON& Tower with Radar,13,15,16,68,112,0,0,28,20,48,13,15,44,88,160,40,6,46,206
07/30/2021,GPT,MS,ASO,CE,Combined TRACON& Tower with Radar,16,13,14,33,76,0,3,17,4,24,16,16,31,37,100,35,4,39,139
07/31/2021,GPT,MS,ASO,CE,Combined TRACON& Tower with Radar,10,15,10,18,53,0,0,28,4,32,10,15,38,22,85,2,0,2,87
08/01/2021,GPT,MS,ASO,CE,Combined TRACON& Tower with Radar,17,8,20,0,45,0,0,8,3,11,17,8,28,3,56,6,0,6,62
08/02/2021,GPT,MS,ASO,CE,Combined TRACON& Tower with Radar,19,14,10,19,62,0,0,8,2,10,19,14,18,21,72,0,0,0,72
08/03/2021,GPT,MS,ASO,CE,Combined TRACON& Tower with Radar,12,14,7,18,51,0,0,9,0,9,12,14,16,18,60,0,0,0,60
08/04/2021,GPT,MS,ASO,CE,Combined TRACON& Tower with Radar,23,18,12,99,152,0,2,22,10,34,23,20,34,109,186,20,33,53,239
08/05/2021,GPT,MS,ASO,CE,Combined TRACON& Tower with Radar,14,17,24,101,156,0,0,11,16,27,14,17,35,117,183,10,4,14,197
08/06/2021,GPT,MS,ASO,CE,Combined TRACON& Tower with Radar,15,15,16,128,174,0,0,16,12,28,15,15,32,140,202,28,40,68,270
08/07/2021,GPT,MS,ASO,CE,Combined TRACON& Tower with Radar,15,11,0,26,52,0,0,24,5,29,15,11,24,31,81,22,0,22,103
08/08/2021,GPT,MS,ASO,CE,Combined TRACON& Tower with Radar,17,14,16,13,60,0,0,15,1,16,17,14,31,14,76,0,0,0,76
08/09/2021,GPT,MS,ASO,CE,Combined TRACON& Tower with Radar,13,21,17,110,161,0,5,19,44,68,13,26,36,154,229,24,16,40,269
08/10/2021,GPT,MS,ASO,CE,Combined TRACON& Tower with Radar,14,16,12,59,101,0,1,8,23,32,14,17,20,82,133,11,4,15,148
08/11/2021,GPT,MS,ASO,CE,Combined TRACON& Tower with Radar,17,19,14,102,152,0,1,16,14,31,17,20,30,116,183,16,4,20,203
08/12/2021,GPT,MS,ASO,CE,Combined TRACON& Tower with Radar,11,16,17,65,109,0,6,9,36,51,11,22,26,101,160,0,0,0,160
08/13/2021,GPT,MS,ASO,CE,Combined TRACON& Tower with Radar,18,21,18,89,146,0,1,21,26,48,18,22,39,115,194,30,0,30,224
08/14/2021,GPT,MS,ASO,CE,Combined TRACON& Tower with Radar,16,10,7,6,39,0,3,18,0,21,16,13,25,6,60,0,0,0,60
08/15/2021,GPT,MS,ASO,CE,Combined TRACON& Tower with Radar,16,14,10,8,48,0,0,14,0,14,16,14,24,8,62,14,0,14,76
08/16/2021,GPT,MS,ASO,CE,Combined TRACON& Tower with Radar,15,15,10,29,69,0,0,18,9,27,15,15,28,38,96,20,0,20,116
08/17/2021,GPT,MS,ASO,CE,Combined TRACON& Tower with Radar,15,13,18,112,158,0,8,26,28,62,15,21,44,140,220,0,0,0,220
08/18/2021,GPT,MS,ASO,CE,Combined TRACON& Tower with Radar,22,14,15,96,147,0,4,13,16,33,22,18,28,112,180,37,30,67,247
08/19/2021,GPT,MS,ASO,CE,Combined TRACON& Tower with Radar,16,16,18,27,77,0,4,13,19,36,16,20,31,46,113,36,0,36,149
08/20/2021,GPT,MS,ASO,CE,Combined TRACON& Tower with Radar,17,22,11,58,108,0,7,10,7,24,17,29,21,65,132,40,16,56,188
08/21/2021,GPT,MS,ASO,CE,Combined TRACON& Tower with Radar,15,11,10,15,51,0,0,24,14,38,15,11,34,29,89,8,0,8,97
08/22/2021,GPT,MS,ASO,CE,Combined TRACON& Tower with Radar,18,12,11,19,60,0,0,20,13,33,18,12,31,32,93,8,6,14,107
08/23/2021,GPT,MS,ASO,CE,Combined TRACON& Tower with Radar,18,17,8,85,128,0,0,14,10,24,18,17,22,95,152,31,5,36,188
08/24/2021,GPT,MS,ASO,CE,Combined TRACON& Tower with Radar,20,15,9,94,138,0,1,9,16,26,20,16,18,110,164,10,4,14,178
08/25/2021,GPT,MS,ASO,CE,Combined TRACON& Tower with Radar,15,16,18,47,96,0,0,10,18,28,15,16,28,65,124,36,42,78,202
08/26/2021,GPT,MS,ASO,CE,Combined TRACON& Tower with Radar,17,14,6,26,63,0,3,6,15,24,17,17,12,41,87,6,46,52,139
08/27/2021,GPT,MS,ASO,CE,Combined TRACON& Tower with Radar,23,18,6,1,48,0,0,3,0,3,23,18,9,1,51,0,0,0,51
08/28/2021,GPT,MS,ASO,CE,Combined TRACON& Tower with Radar,12,9,1,0,22,0,0,1,0,1,12,9,2,0,23,0,0,0,23
08/30/2021,GPT,MS,ASO,CE,Combined TRACON& Tower with Radar,7,0,4,0,11,0,0,0,0,0,7,0,4,0,11,0,0,0,11
08/31/2021,GPT,MS,ASO,CE,Combined TRACON& Tower with Radar,12,16,7,54,89,0,1,5,16,22,12,17,12,70,111,0,28,28,139
09/01/2021,GPT,MS,ASO,CE,Combined TRACON& Tower with Radar,15,21,15,23,74,0,4,16,26,46,15,25,31,49,120,8,6,14,134
09/02/2021,GPT,MS,ASO,CE,Combined TRACON& Tower with Radar,17,14,18,35,84,0,5,20,11,36,17,19,38,46,120,8,6,14,134
09/03/2021,GPT,MS,ASO,CE,Combined TRACON& Tower with Radar,17,20,14,9,60,0,2,23,3,28,17,22,37,12,88,36,12,48,136
09/04/2021,GPT,MS,ASO,CE,Combined TRACON& Tower with Radar,13,11,10,5,39,0,1,15,1,17,13,12,25,6,56,26,0,26,82
09/05/2021,GPT,MS,ASO,CE,Combined TRACON& Tower with Radar,15,12,11,5,43,0,2,11,1,14,15,14,22,6,57,0,0,0,57
09/06/2021,GPT,MS,ASO,CE,Combined TRACON& Tower with Radar,14,13,10,0,37,0,0,6,0,6,14,13,16,0,43,18,0,18,61
09/07/2021,GPT,MS,ASO,CE,Combined TRACON& Tower with Radar,16,20,16,59,111,0,0,7,15,22,16,20,23,74,133,0,0,0,133
09/08/2021,GPT,MS,ASO,CE,Combined TRACON& Tower with Radar,18,13,16,74,121,0,0,12,15,27,18,13,28,89,148,45,36,81,229
09/09/2021,GPT,MS,ASO,CE,Combined TRACON& Tower with Radar,16,20,16,137,189,0,1,18,24,43,16,21,34,161,232,20,39,59,291
09/10/2021,GPT,MS,ASO,CE,Combined TRACON& Tower with Radar,21,25,7,123,176,0,1,21,17,39,21,26,28,140,215,14,24,38,253
09/11/2021,GPT,MS,ASO,CE,Combined TRACON& Tower with Radar,20,5,8,23,56,0,2,35,4,41,20,7,43,27,97,30,2,32,129
09/12/2021,GPT,MS,ASO,CE,Combined TRACON& Tower with Radar,19,15,6,17,57,0,0,3,0,3,19,15,9,17,60,4,14,18,78
09/13/2021,GPT,MS,ASO,CE,Combined TRACON& Tower with Radar,20,21,12,68,121,0,1,8,7,16,20,22,20,75,137,21,0,21,158
09/14/2021,GPT,MS,ASO,CE,Combined TRACON& Tower with Radar,17,8,10,2,37,0,0,0,2,2,17,8,10,4,39,0,0,0,39
09/15/2021,GPT,MS,ASO,CE,Combined TRACON& Tower with Radar,21,14,4,0,39,0,0,0,0,0,21,14,4,0,39,0,0,0,39
09/16/2021,GPT,MS,ASO,CE,Combined TRACON& Tower with Radar,21,24,4,30,79,0,0,7,0,7,21,24,11,30,86,0,0,0,86
09/17/2021,GPT,MS,ASO,CE,Combined TRACON& Tower with Radar,26,20,11,4,61,0,0,4,0,4,26,20,15,4,65,0,0,0,65
09/18/2021,GPT,MS,ASO,CE,Combined TRACON& Tower with Radar,18,7,9,4,38,0,0,6,0,6,18,7,15,4,44,14,0,14,58
09/19/2021,GPT,MS,ASO,CE,Combined TRACON& Tower with Radar,20,16,11,4,51,0,0,11,0,11,20,16,22,4,62,20,0,20,82
09/20/2021,GPT,MS,ASO,CE,Combined TRACON& Tower with Radar,25,14,5,78,122,0,0,13,13,26,25,14,18,91,148,20,62,82,230
09/21/2021,GPT,MS,ASO,CE,Combined TRACON& Tower with Radar,17,17,15,65,114,0,0,8,1,9,17,17,23,66,123,2,16,18,141
09/22/2021,GPT,MS,ASO,CE,Combined TRACON& Tower with Radar,20,16,17,67,120,0,0,6,14,20,20,16,23,81,140,2,26,28,168
09/23/2021,GPT,MS,ASO,CE,Combined TRACON& Tower with Radar,25,16,20,52,113,0,0,28,15,43,25,16,48,67,156,2,8,10,166
09/24/2021,GPT,MS,ASO,CE,Combined TRACON& Tower with Radar,18,18,22,57,115,0,2,26,6,34,18,20,48,63,149,0,0,0,149
09/25/2021,GPT,MS,ASO,CE,Combined TRACON& Tower with Radar,19,5,20,3,47,0,0,23,1,24,19,5,43,4,71,0,0,0,71
09/26/2021,GPT,MS,ASO,CE,Combined TRACON& Tower with Radar,26,13,19,0,58,0,0,40,2,42,26,13,59,2,100,13,0,13,113
09/27/2021,GPT,MS,ASO,CE,Combined TRACON& Tower with Radar,22,14,11,79,126,0,0,20,15,35,22,14,31,94,161,20,28,48,209
09/28/2021,GPT,MS,ASO,CE,Combined TRACON& Tower with Radar,17,12,14,12,55,0,0,4,4,8,17,12,18,16,63,0,6,6,69
09/29/2021,GPT,MS,ASO,CE,Combined TRACON& Tower with Radar,20,13,10,4,47,0,0,4,2,6,20,13,14,6,53,18,6,24,77
09/30/2021,GPT,MS,ASO,CE,Combined TRACON& Tower with Radar,18,13,24,42,97,0,0,14,5,19,18,13,38,47,116,0,0,0,116
10/01/2021,GPT,MS,ASO,CE,Combined TRACON& Tower with Radar,25,15,13,45,98,0,0,17,3,20,25,15,30,48,118,20,0,20,138
10/02/2021,GPT,MS,ASO,CE,Combined TRACON& Tower with Radar,21,8,8,4,41,0,0,11,0,11,21,8,19,4,52,6,0,6,58
10/03/2021,GPT,MS,ASO,CE,Combined TRACON& Tower with Radar,18,15,15,0,48,0,0,6,1,7,18,15,21,1,55,2,0,2,57
10/04/2021,GPT,MS,ASO,CE,Combined TRACON& Tower with Radar,22,13,7,31,73,0,0,1,3,4,22,13,8,34,77,0,0,0,77
10/05/2021,GPT,MS,ASO,CE,Combined TRACON& Tower with Radar,15,11,23,101,150,0,0,8,6,14,15,11,31,107,164,22,54,76,240
10/06/2021,GPT,MS,ASO,CE,Combined TRACON& Tower with Radar,21,11,23,111,166,0,0,11,8,19,21,11,34,119,185,14,26,40,225
10/07/2021,GPT,MS,ASO,CE,Combined TRACON& Tower with Radar,22,16,39,104,181,0,0,20,12,32,22,16,59,116,213,0,0,0,213
10/08/2021,GPT,MS,ASO,CE,Combined TRACON& Tower with Radar,18,15,22,68,123,0,7,46,16,69,18,22,68,84,192,14,8,22,214
10/09/2021,GPT,MS,ASO,CE,Combined TRACON& Tower with Radar,12,14,14,0,40,0,1,42,0,43,12,15,56,0,83,0,0,0,83
10/10/2021,GPT,MS,ASO,CE,Combined TRACON& Tower with Radar,22,13,23,0,58,0,0,12,0,12,22,13,35,0,70,14,0,14,84
10/11/2021,GPT,MS,ASO,CE,Combined TRACON& Tower with Radar,16,13,16,0,45,0,0,15,0,15,16,13,31,0,60,0,0,0,60
10/12/2021,GPT,MS,ASO,CE,Combined TRACON& Tower with Radar,12,12,27,94,145,0,3,4,14,21,12,15,31,108,166,0,70,70,236
10/13/2021,GPT,MS,ASO,CE,Combined TRACON& Tower with Radar,17,11,31,133,192,0,4,15,1,20,17,15,46,134,212,4,26,30,242
10/14/2021,GPT,MS,ASO,CE,Combined TRACON& Tower with Radar,15,22,18,82,137,0,0,16,5,21,15,22,34,87,158,4,0,4,162
10/15/2021,GPT,MS,ASO,CE,Combined TRACON& Tower with Radar,24,18,24,133,199,0,0,12,7,19,24,18,36,140,218,18,84,102,320
10/16/2021,GPT,MS,ASO,CE,Combined TRACON& Tower with Radar,14,11,8,27,60,0,1,12,22,35,14,12,20,49,95,10,0,10,105
10/17/2021,GPT,MS,ASO,CE,Combined TRACON& Tower with Radar,19,16,14,41,90,0,0,8,60,68,19,16,22,101,158,21,14,35,193
10/18/2021,GPT,MS,ASO,CE,Combined TRACON& Tower with Radar,23,13,14,104,154,0,0,21,22,43,23,13,35,126,197,16,39,55,252
10/19/2021,GPT,MS,ASO,CE,Combined TRACON& Tower with Radar,13,29,33,69,144,0,7,22,26,55,13,36,55,95,199,8,0,8,207
10/20/2021,GPT,MS,ASO,CE,Combined TRACON& Tower with Radar,26,18,10,17,71,0,0,11,3,14,26,18,21,20,85,26,0,26,111
10/21/2021,GPT,MS,ASO,CE,Combined TRACON& Tower with Radar,23,20,22,43,108,0,0,16,20,36,23,20,38,63,144,0,0,0,144
10/22/2021,GPT,MS,ASO,CE,Combined TRACON& Tower with Radar,17,23,31,66,137,0,1,21,0,22,17,24,52,66,159,22,2,24,183
10/23/2021,GPT,MS,ASO,CE,Combined TRACON& Tower with Radar,12,14,6,13,45,0,4,18,3,25,12,18,24,16,70,20,0,20,90
10/24/2021,GPT,MS,ASO,CE,Combined TRACON& Tower with Radar,20,19,11,14,64,0,6,19,6,31,20,25,30,20,95,26,4,30,125
10/25/2021,GPT,MS,ASO,CE,Combined TRACON& Tower with Radar,20,18,17,110,165,0,2,13,13,28,20,20,30,123,193,51,26,77,270
10/26/2021,GPT,MS,ASO,CE,Combined TRACON& Tower with Radar,19,15,14,76,124,0,1,10,30,41,19,16,24,106,165,6,2,8,173
10/27/2021,GPT,MS,ASO,CE,Combined TRACON& Tower with Radar,17,14,8,57,96,0,0,11,3,14,17,14,19,60,110,0,0,0,110
10/28/2021,GPT,MS,ASO,CE,Combined TRACON& Tower with Radar,18,14,12,92,136,0,2,2,24,28,18,16,14,116,164,2,18,20,184
10/29/2021,GPT,MS,ASO,CE,Combined TRACON& Tower with Radar,20,14,22,110,166,0,0,1,11,12,20,14,23,121,178,0,44,44,222
10/30/2021,GPT,MS,ASO,CE,Combined TRACON& Tower with Radar,14,14,20,17,65,0,0,12,6,18,14,14,32,23,83,6,12,18,101
10/31/2021,GPT,MS,ASO,CE,Combined TRACON& Tower with Radar,15,14,20,4,53,0,2,18,10,30,15,16,38,14,83,30,0,30,113
11/01/2021,GPT,MS,ASO,CE,Combined TRACON& Tower with Radar,21,17,9,80,127,0,1,22,16,39,21,18,31,96,166,32,0,32,198
11/02/2021,GPT,MS,ASO,CE,Combined TRACON& Tower with Radar,19,12,14,95,140,0,3,14,32,49,19,15,28,127,189,0,8,8,197
11/03/2021,GPT,MS,ASO,CE,Combined TRACON& Tower with Radar,21,12,19,144,196,0,7,51,69,127,21,19,70,213,323,0,0,0,323
11/04/2021,GPT,MS,ASO,CE,Combined TRACON& Tower with Radar,32,16,25,157,230,0,6,19,69,94,32,22,44,226,324,0,0,0,324
11/05/2021,GPT,MS,ASO,CE,Combined TRACON& Tower with Radar,26,13,25,142,206,0,3,13,18,34,26,16,38,160,240,2,6,8,248
11/06/2021,GPT,MS,ASO,CE,Combined TRACON& Tower with Radar,15,12,17,41,85,0,0,17,8,25,15,12,34,49,110,0,38,38,148
11/07/2021,GPT,MS,ASO,CE,Combined TRACON& Tower with Radar,19,15,13,38,85,0,2,25,33,60,19,17,38,71,145,45,39,84,229
11/08/2021,GPT,MS,ASO,CE,Combined TRACON& Tower with Radar,15,16,23,104,158,0,1,16,15,32,15,17,39,119,190,32,87,119,309
11/09/2021,GPT,MS,ASO,CE,Combined TRACON& Tower with Radar,16,10,25,132,183,0,1,22,16,39,16,11,47,148,222,22,4,26,248
11/10/2021,GPT,MS,ASO,CE,Combined TRACON& Tower with Radar,18,12,13,111,154,0,2,24,15,41,18,14,37,126,195,26,42,68,263
11/11/2021,GPT,MS,ASO,CE,Combined TRACON& Tower with Radar,16,15,14,35,80,0,0,11,1,12,16,15,25,36,92,10,3,13,105
11/12/2021,GPT,MS,ASO,CE,Combined TRACON& Tower with Radar,18,20,20,26,84,0,0,27,0,27,18,20,47,26,111,12,0,12,123
11/13/2021,GPT,MS,ASO,CE,Combined TRACON& Tower with Radar,18,12,12,8,50,0,0,19,0,19,18,12,31,8,69,28,2,30,99
11/14/2021,GPT,MS,ASO,CE,Combined TRACON& Tower with Radar,17,17,6,0,40,0,0,24,0,24,17,17,30,0,64,64,0,64,128
11/15/2021,GPT,MS,ASO,CE,Combined TRACON& Tower with Radar,15,16,29,115,175,0,0,33,12,45,15,16,62,127,220,70,0,70,290
11/16/2021,GPT,MS,ASO,CE,Combined TRACON& Tower with Radar,22,10,15,89,136,0,5,21,37,63,22,15,36,126,199,18,34,52,251
11/17/2021,GPT,MS,ASO,CE,Combined TRACON& Tower with Radar,28,22,10,82,142,0,3,19,21,43,28,25,29,103,185,12,24,36,221
11/18/2021,GPT,MS,ASO,CE,Combined TRACON& Tower with Radar,17,22,10,70,119,0,0,10,12,22,17,22,20,82,141,48,2,50,191
11/19/2021,GPT,MS,ASO,CE,Combined TRACON& Tower with Radar,21,20,19,75,135,0,7,24,14,45,21,27,43,89,180,0,4,4,184
11/20/2021,GPT,MS,ASO,CE,Combined TRACON& Tower with Radar,10,11,8,18,47,0,0,28,0,28,10,11,36,18,75,4,4,8,83
11/21/2021,GPT,MS,ASO,CE,Combined TRACON& Tower with Radar,19,13,19,11,62,0,0,10,4,14,19,13,29,15,76,41,22,63,139
11/22/2021,GPT,MS,ASO,CE,Combined TRACON& Tower with Radar,14,14,8,105,141,0,1,5,5,11,14,15,13,110,152,5,8,13,165
11/23/2021,GPT,MS,ASO,CE,Combined TRACON& Tower with Radar,16,13,14,55,98,0,0,27,3,30,16,13,41,58,128,0,0,0,128
11/24/2021,GPT,MS,ASO,CE,Combined TRACON& Tower with Radar,17,16,24,15,72,0,0,21,1,22,17,16,45,16,94,44,4,48,142
11/25/2021,GPT,MS,ASO,CE,Combined TRACON& Tower with Radar,11,6,2,4,23,0,0,2,0,2,11,6,4,4,25,0,0,0,25
11/26/2021,GPT,MS,ASO,CE,Combined TRACON& Tower with Radar,17,10,13,0,40,0,0,10,0,10,17,10,23,0,50,0,0,0,50
11/27/2021,GPT,MS,ASO,CE,Combined TRACON& Tower with Radar,12,17,16,0,45,0,0,30,0,30,12,17,46,0,75,16,0,16,91
11/28/2021,GPT,MS,ASO,CE,Combined TRACON& Tower with Radar,20,10,13,0,43,0,0,0,0,0,20,10,13,0,43,0,0,0,43
11/29/2021,GPT,MS,ASO,CE,Combined TRACON& Tower with Radar,16,16,13,71,116,0,0,25,12,37,16,16,38,83,153,12,10,22,175
11/30/2021,GPT,MS,ASO,CE,Combined TRACON& Tower with Radar,18,16,8,113,155,0,2,13,21,36,18,18,21,134,191,20,14,34,225
12/01/2021,GPT,MS,ASO,CE,Combined TRACON& Tower with Radar,18,14,23,88,143,0,0,16,29,45,18,14,39,117,188,54,75,129,317
12/02/2021,GPT,MS,ASO,CE,Combined TRACON& Tower with Radar,20,18,11,105,154,0,2,12,9,23,20,20,23,114,177,14,10,24,201
12/03/2021,GPT,MS,ASO,CE,Combined TRACON& Tower with Radar,21,20,15,48,104,0,3,9,2,14,21,23,24,50,118,12,10,22,140
12/04/2021,GPT,MS,ASO,CE,Combined TRACON& Tower with Radar,22,10,12,29,73,0,0,20,15,35,22,10,32,44,108,0,30,30,138
12/05/2021,GPT,MS,ASO,CE,Combined TRACON& Tower with Radar,21,15,24,33,93,0,3,14,6,23,21,18,38,39,116,68,0,68,184
12/06/2021,GPT,MS,ASO,CE,Combined TRACON& Tower with Radar,23,16,11,50,100,0,0,6,0,6,23,16,17,50,106,28,0,28,134
12/07/2021,GPT,MS,ASO,CE,Combined TRACON& Tower with Radar,17,11,11,61,100,0,0,0,0,0,17,11,11,61,100,0,0,0,100
12/08/2021,GPT,MS,ASO,CE,Combined TRACON& Tower with Radar,18,11,25,64,118,0,0,8,3,11,18,11,33,67,129,12,0,12,141
12/09/2021,GPT,MS,ASO,CE,Combined TRACON& Tower with Radar,19,10,27,48,104,0,1,1,1,3,19,11,28,49,107,0,0,0,107
12/10/2021,GPT,MS,ASO,CE,Combined TRACON& Tower with Radar,20,11,17,84,132,0,5,6,0,11,20,16,23,84,143,16,0,16,159
12/11/2021,GPT,MS,ASO,CE,Combined TRACON& Tower with Radar,17,9,8,2,36,0,0,5,0,5,17,9,13,2,41,0,0,0,41
12/12/2021,GPT,MS,ASO,CE,Combined TRACON& Tower with Radar,21,8,14,17,60,0,0,40,8,48,21,8,54,25,108,35,12,47,155
12/13/2021,GPT,MS,ASO,CE,Combined TRACON& Tower with Radar,19,11,38,152,220,0,0,11,8,19,19,11,49,160,239,60,0,60,299
12/14/2021,GPT,MS,ASO,CE,Combined TRACON& Tower with Radar,14,15,14,150,193,0,3,0,0,3,14,18,14,150,196,8,18,26,222
12/15/2021,GPT,MS,ASO,CE,Combined TRACON& Tower with Radar,24,11,16,151,202,0,0,18,13,31,24,11,34,164,233,30,14,44,277
12/16/2021,GPT,MS,ASO,CE,Combined TRACON& Tower with Radar,22,12,15,104,153,0,0,19,7,26,22,12,34,111,179,24,34,58,237
12/17/2021,GPT,MS,ASO,CE,Combined TRACON& Tower with Radar,18,16,17,15,66,0,0,0,0,0,18,16,17,15,66,0,0,0,66
12/18/2021,GPT,MS,ASO,CE,Combined TRACON& Tower with Radar,11,10,5,0,26,0,0,0,0,0,11,10,5,0,26,0,0,0,26
12/19/2021,GPT,MS,ASO,CE,Combined TRACON& Tower with Radar,16,15,13,47,91,0,0,2,0,2,16,15,15,47,93,0,0,0,93
12/20/2021,GPT,MS,ASO,CE,Combined TRACON& Tower with Radar,16,15,19,47,97,0,3,12,11,26,16,18,31,58,123,2,76,78,201
12/21/2021,GPT,MS,ASO,CE,Combined TRACON& Tower with Radar,16,13,19,82,130,0,0,5,2,7,16,13,24,84,137,4,12,16,153
12/22/2021,GPT,MS,ASO,CE,Combined TRACON& Tower with Radar,20,13,10,59,102,0,3,33,4,40,20,16,43,63,142,0,0,0,142
12/23/2021,GPT,MS,ASO,CE,Combined TRACON& Tower with Radar,16,12,13,10,51,0,0,25,0,25,16,12,38,10,76,0,0,0,76
12/24/2021,GPT,MS,ASO,CE,Combined TRACON& Tower with Radar,12,9,3,0,24,0,0,12,0,12,12,9,15,0,36,0,0,0,36
12/25/2021,GPT,MS,ASO,CE,Combined TRACON& Tower with Radar,10,8,3,0,21,0,0,3,0,3,10,8,6,0,24,0,0,0,24
12/26/2021,GPT,MS,ASO,CE,Combined TRACON& Tower with Radar,20,14,11,2,47,0,2,10,3,15,20,16,21,5,62,0,0,0,62
12/27/2021,GPT,MS,ASO,CE,Combined TRACON& Tower with Radar,15,12,8,36,71,0,0,8,0,8,15,12,16,36,79,4,0,4,83
12/28/2021,GPT,MS,ASO,CE,Combined TRACON& Tower with Radar,16,12,18,32,78,0,1,1,1,3,16,13,19,33,81,0,0,0,81
12/29/2021,GPT,MS,ASO,CE,Combined TRACON& Tower with Radar,16,14,9,18,57,0,0,2,0,2,16,14,11,18,59,0,0,0,59
12/30/2021,GPT,MS,ASO,CE,Combined TRACON& Tower with Radar,17,11,12,6,46,0,0,8,0,8,17,11,20,6,54,12,0,12,66
12/31/2021,GPT,MS,ASO,CE,Combined TRACON& Tower with Radar,9,7,13,8,37,0,0,1,0,1,9,7,14,8,38,0,0,0,38
01/01/2022,GPT,MS,ASO,CE,Combined TRACON& Tower with Radar,9,7,7,0,23,0,0,5,0,5,9,7,12,0,28,0,0,0,28
01/02/2022,GPT,MS,ASO,CE,Combined TRACON& Tower with Radar,17,13,9,2,41,0,0,0,0,0,17,13,9,2,41,0,0,0,41
01/03/2022,GPT,MS,ASO,CE,Combined TRACON& Tower with Radar,18,12,20,12,62,0,0,20,1,21,18,12,40,13,83,8,0,8,91
01/04/2022,GPT,MS,ASO,CE,Combined TRACON& Tower with Radar,14,12,16,63,105,1,0,27,20,48,15,12,43,83,153,22,28,50,203
01/05/2022,GPT,MS,ASO,CE,Combined TRACON& Tower with Radar,17,12,10,62,101,0,0,16,7,23,17,12,26,69,124,63,37,100,224
01/06/2022,GPT,MS,ASO,CE,Combined TRACON& Tower with Radar,20,14,16,117,167,0,1,20,10,31,20,15,36,127,198,0,4,4,202
01/07/2022,GPT,MS,ASO,CE,Combined TRACON& Tower with Radar,18,17,9,68,112,0,2,27,4,33,18,19,36,72,145,6,18,24,169
01/08/2022,GPT,MS,ASO,CE,Combined TRACON& Tower with Radar,11,11,12,2,36,0,2,15,6,23,11,13,27,8,59,22,4,26,85
01/09/2022,GPT,MS,ASO,CE,Combined TRACON& Tower with Radar,16,11,11,4,42,0,0,0,0,0,16,11,11,4,42,0,0,0,42
01/10/2022,GPT,MS,ASO,CE,Combined TRACON& Tower with Radar,16,11,11,32,70,0,1,5,1,7,16,12,16,33,77,0,0,0,77
01/11/2022,GPT,MS,ASO,CE,Combined TRACON& Tower with Radar,16,12,11,115,154,0,0,13,11,24,16,12,24,126,178,0,6,6,184
01/12/2022,GPT,MS,ASO,CE,Combined TRACON& Tower with Radar,16,13,18,90,137,0,0,21,4,25,16,13,39,94,162,26,2,28,190
01/13/2022,GPT,MS,ASO,CE,Combined TRACON& Tower with Radar,18,14,11,78,121,0,2,17,8,27,18,16,28,86,148,0,24,24,172
01/14/2022,GPT,MS,ASO,CE,Combined TRACON& Tower with Radar,21,18,6,44,89,0,0,31,5,36,21,18,37,49,125,52,0,52,177
01/15/2022,GPT,MS,ASO,CE,Combined TRACON& Tower with Radar,9,10,5,0,24,0,0,11,0,11,9,10,16,0,35,10,0,10,45
01/16/2022,GPT,MS,ASO,CE,Combined TRACON& Tower with Radar,8,14,5,4,31,0,1,0,1,2,8,15,5,5,33,0,0,0,33
01/17/2022,GPT,MS,ASO,CE,Combined TRACON& Tower with Radar,19,13,16,8,56,0,0,23,0,23,19,13,39,8,79,6,0,6,85
01/18/2022,GPT,MS,ASO,CE,Combined TRACON& Tower with Radar,17,14,17,111,159,1,0,31,18,50,18,14,48,129,209,50,56,106,315
01/19/2022,GPT,MS,ASO,CE,Combined TRACON& Tower with Radar,14,15,18,93,140,0,2,21,11,34,14,17,39,104,174,46,40,86,260
01/20/2022,GPT,MS,ASO,CE,Combined TRACON& Tower with Radar,18,16,10,26,70,0,0,0,0,0,18,16,10,26,70,0,0,0,70
01/21/2022,GPT,MS,ASO,CE,Combined TRACON& Tower with Radar,19,14,20,16,69,0,0,2,10,12,19,14,22,26,81,0,12,12,93
01/22/2022,GPT,MS,ASO,CE,Combined TRACON& Tower with Radar,13,16,29,28,86,0,2,25,3,30,13,18,54,31,116,0,0,0,116
01/23/2022,GPT,MS,ASO,CE,Combined TRACON& Tower with Radar,18,13,7,27,65,0,1,25,17,43,18,14,32,44,108,57,0,57,165
01/24/2022,GPT,MS,ASO,CE,Combined TRACON& Tower with Radar,17,20,19,67,123,0,1,24,5,30,17,21,43,72,153,16,0,16,169
01/25/2022,GPT,MS,ASO,CE,Combined TRACON& Tower with Radar,20,14,14,25,73,0,3,8,1,12,20,17,22,26,85,0,0,0,85
01/26/2022,GPT,MS,ASO,CE,Combined TRACON& Tower with Radar,14,17,18,102,151,0,1,33,15,49,14,18,51,117,200,6,12,18,218
01/27/2022,GPT,MS,ASO,CE,Combined TRACON& Tower with Radar,17,12,27,79,135,0,3,40,19,62,17,15,67,98,197,28,28,56,253
01/28/2022,GPT,MS,ASO,CE,Combined TRACON& Tower with Radar,18,16,33,122,189,0,2,13,6,21,18,18,46,128,210,4,48,52,262
01/29/2022,GPT,MS,ASO,CE,Combined TRACON& Tower with Radar,12,12,11,10,45,0,0,26,2,28,12,12,37,12,73,10,0,10,83
01/30/2022,GPT,MS,ASO,CE,Combined TRACON& Tower with Radar,21,14,21,4,60,0,0,17,8,25,21,14,38,12,85,0,0,0,85
01/31/2022,GPT,MS,ASO,CE,Combined TRACON& Tower with Radar,17,11,16,84,128,0,1,25,7,33,17,12,41,91,161,21,18,39,200
02/01/2022,GPT,MS,ASO,CE,Combined TRACON& Tower with Radar,14,16,13,100,143,0,0,11,9,20,14,16,24,109,163,0,8,8,171
02/02/2022,GPT,MS,ASO,CE,Combined TRACON& Tower with Radar,13,13,6,19,51,0,0,0,1,1,13,13,6,20,52,0,0,0,52
02/03/2022,GPT,MS,ASO,CE,Combined TRACON& Tower with Radar,17,9,2,8,36,0,0,0,0,0,17,9,2,8,36,0,0,0,36
02/04/2022,GPT,MS,ASO,CE,Combined TRACON& Tower with Radar,14,17,7,12,50,0,0,0,0,0,14,17,7,12,50,0,0,0,50
02/05/2022,GPT,MS,ASO,CE,Combined TRACON& Tower with Radar,10,16,7,13,46,0,1,33,12,46,10,17,40,25,92,0,0,0,92
02/06/2022,GPT,MS,ASO,CE,Combined TRACON& Tower with Radar,14,22,12,4,52,0,0,33,9,42,14,22,45,13,94,20,2,22,116
02/07/2022,GPT,MS,ASO,CE,Combined TRACON& Tower with Radar,16,12,5,66,99,0,0,14,8,22,16,12,19,74,121,8,50,58,179
02/08/2022,GPT,MS,ASO,CE,Combined TRACON& Tower with Radar,20,15,14,134,183,0,8,15,20,43,20,23,29,154,226,0,50,50,276
02/09/2022,GPT,MS,ASO,CE,Combined TRACON& Tower with Radar,14,18,15,117,164,0,0,28,8,36,14,18,43,125,200,18,24,42,242
02/10/2022,GPT,MS,ASO,CE,Combined TRACON& Tower with Radar,14,17,17,90,138,0,1,30,22,53,14,18,47,112,191,24,10,34,225
02/11/2022,GPT,MS,ASO,CE,Combined TRACON& Tower with Radar,19,13,19,78,129,0,0,24,15,39,19,13,43,93,168,10,14,24,192
02/12/2022,GPT,MS,ASO,CE,Combined TRACON& Tower with Radar,11,12,12,37,72,0,2,19,6,27,11,14,31,43,99,0,16,16,115
02/13/2022,GPT,MS,ASO,CE,Combined TRACON& Tower with Radar,15,12,13,10,50,0,0,23,1,24,15,12,36,11,74,0,0,0,74
02/14/2022,GPT,MS,ASO,CE,Combined TRACON& Tower with Radar,18,15,15,75,123,0,1,13,11,25,18,16,28,86,148,6,0,6,154
02/15/2022,GPT,MS,ASO,CE,Combined TRACON& Tower with Radar,16,14,20,147,197,0,4,27,34,65,16,18,47,181,262,56,24,80,342
02/16/2022,GPT,MS,ASO,CE,Combined TRACON& Tower with Radar,14,14,17,68,113,0,3,12,8,23,14,17,29,76,136,16,16,32,168
02/17/2022,GPT,MS,ASO,CE,Combined TRACON& Tower with Radar,14,13,16,3,46,0,0,0,1,1,14,13,16,4,47,0,0,0,47
02/18/2022,GPT,MS,ASO,CE,Combined TRACON& Tower with Radar,18,18,41,126,203,0,1,16,6,23,18,19,57,132,226,0,24,24,250
02/19/2022,GPT,MS,ASO,CE,Combined TRACON& Tower with Radar,10,15,20,21,66,0,5,22,4,31,10,20,42,25,97,0,0,0,97
02/20/2022,GPT,MS,ASO,CE,Combined TRACON& Tower with Radar,15,12,21,22,70,0,0,24,2,26,15,12,45,24,96,14,0,14,110
02/21/2022,GPT,MS,ASO,CE,Combined TRACON& Tower with Radar,16,19,19,2,56,0,0,2,0,2,16,19,21,2,58,30,0,30,88
02/22/2022,GPT,MS,ASO,CE,Combined TRACON& Tower with Radar,20,19,17,100,156,0,0,2,0,2,20,19,19,100,158,0,0,0,158
02/23/2022,GPT,MS,ASO,CE,Combined TRACON& Tower with Radar,15,9,17,72,113,0,6,14,3,23,15,15,31,75,136,0,0,0,136
02/24/2022,GPT,MS,ASO,CE,Combined TRACON& Tower with Radar,23,11,16,116,166,0,2,0,0,2,23,13,16,116,168,0,0,0,168
02/25/2022,GPT,MS,ASO,CE,Combined TRACON& Tower with Radar,20,22,11,47,100,0,1,0,11,12,20,23,11,58,112,0,0,0,112
02/26/2022,GPT,MS,ASO,CE,Combined TRACON& Tower with Radar,10,19,25,7,61,0,0,2,0,2,10,19,27,7,63,0,0,0,63
02/27/2022,GPT,MS,ASO,CE,Combined TRACON& Tower with Radar,19,14,12,12,57,0,0,3,0,3,19,14,15,12,60,0,0,0,60
02/28/2022,GPT,MS,ASO,CE,Combined TRACON& Tower with Radar,14,16,15,136,181,0,0,25,14,39,14,16,40,150,220,0,0,0,220
03/01/2022,GPT,MS,ASO,CE,Combined TRACON& Tower with Radar,16,15,12,74,117,0,8,22,9,39,16,23,34,83,156,14,2,16,172
03/02/2022,GPT,MS,ASO,CE,Combined TRACON& Tower with Radar,12,19,14,82,127,0,0,22,23,45,12,19,36,105,172,8,8,16,188
03/03/2022,GPT,MS,ASO,CE,Combined TRACON& Tower with Radar,12,22,32,81,147,0,5,19,23,47,12,27,51,104,194,34,20,54,248
03/04/2022,GPT,MS,ASO,CE,Combined TRACON& Tower with Radar,13,21,13,63,110,0,0,17,14,31,13,21,30,77,141,8,24,32,173
03/05/2022,GPT,MS,ASO,CE,Combined TRACON& Tower with Radar,11,17,9,12,49,0,0,9,0,9,11,17,18,12,58,8,6,14,72
03/06/2022,GPT,MS,ASO,CE,Combined TRACON& Tower with Radar,15,11,25,9,60,0,0,7,1,8,15,11,32,10,68,4,0,4,72
03/07/2022,GPT,MS,ASO,CE,Combined TRACON& Tower with Radar,19,12,8,40,79,0,0,2,1,3,19,12,10,41,82,0,0,0,82
03/08/2022,GPT,MS,ASO,CE,Combined TRACON& Tower with Radar,16,15,21,86,138,0,0,0,0,0,16,15,21,86,138,0,0,0,138
03/09/2022,GPT,MS,ASO,CE,Combined TRACON& Tower with Radar,14,18,16,26,74,0,1,1,2,4,14,19,17,28,78,0,0,0,78
03/10/2022,GPT,MS,ASO,CE,Combined TRACON& Tower with Radar,17,23,15,126,181,0,1,25,19,45,17,24,40,145,226,16,6,22,248
03/11/2022,GPT,MS,ASO,CE,Combined TRACON& Tower with Radar,22,20,17,5,64,0,0,1,0,1,22,20,18,5,65,0,0,0,65
03/12/2022,GPT,MS,ASO,CE,Combined TRACON& Tower with Radar,15,14,11,6,46,0,1,10,0,11,15,15,21,6,57,2,0,2,59
03/13/2022,GPT,MS,ASO,CE,Combined TRACON& Tower with Radar,18,17,28,7,70,0,0,38,7,45,18,17,66,14,115,66,0,66,181
03/14/2022,GPT,MS,ASO,CE,Combined TRACON& Tower with Radar,17,14,12,111,154,0,0,22,6,28,17,14,34,117,182,10,39,49,231
03/15/2022,GPT,MS,ASO,CE,Combined TRACON& Tower with Radar,13,15,6,169,203,0,0,8,6,14,13,15,14,175,217,16,42,58,275
03/16/2022,GPT,MS,ASO,CE,Combined TRACON& Tower with Radar,14,14,30,198,256,0,0,21,12,33,14,14,51,210,289,14,58,72,361
03/17/2022,GPT,MS,ASO,CE,Combined TRACON& Tower with Radar,18,13,32,79,142,0,4,25,10,39,18,17,57,89,181,12,4,16,197
03/18/2022,GPT,MS,ASO,CE,Combined TRACON& Tower with Radar,25,18,21,14,78,0,0,2,0,2,25,18,23,14,80,0,0,0,80
03/19/2022,GPT,MS,ASO,CE,Combined TRACON& Tower with Radar,11,15,33,15,74,0,2,36,3,41,11,17,69,18,115,8,0,8,123
03/20/2022,GPT,MS,ASO,CE,Combined TRACON& Tower with Radar,18,14,22,1,55,0,0,38,2,40,18,14,60,3,95,30,0,30,125
03/21/2022,GPT,MS,ASO,CE,Combined TRACON& Tower with Radar,20,14,16,92,142,0,0,17,21,38,20,14,33,113,180,26,28,54,234
03/22/2022,GPT,MS,ASO,CE,Combined TRACON& Tower with Radar,13,10,7,22,52,0,0,0,1,1,13,10,7,23,53,0,4,4,57
03/23/2022,GPT,MS,ASO,CE,Combined TRACON& Tower with Radar,9,18,20,111,158,0,3,19,13,35,9,21,39,124,193,42,42,84,277
03/24/2022,GPT,MS,ASO,CE,Combined TRACON& Tower with Radar,13,18,23,128,182,0,4,13,13,30,13,22,36,141,212,0,18,18,230
03/25/2022,GPT,MS,ASO,CE,Combined TRACON& Tower with Radar,21,12,18,97,148,0,1,10,12,23,21,13,28,109,171,0,28,28,199
03/26/2022,GPT,MS,ASO,CE,Combined TRACON& Tower with Radar,14,11,6,12,43,0,0,29,11,40,14,11,35,23,83,28,8,36,119
03/27/2022,GPT,MS,ASO,CE,Combined TRACON& Tower with Radar,21,15,18,17,71,0,2,40,2,44,21,17,58,19,115,36,4,40,155
03/28/2022,GPT,MS,ASO,CE,Combined TRACON& Tower with Radar,16,14,9,84,123,0,0,16,19,35,16,14,25,103,158,28,4,32,190
03/29/2022,GPT,MS,ASO,CE,Combined TRACON& Tower with Radar,20,12,22,45,99,0,2,17,19,38,20,14,39,64,137,12,8,20,157
03/30/2022,GPT,MS,ASO,CE,Combined TRACON& Tower with Radar,8,9,20,17,54,0,0,0,3,3,8,9,20,20,57,0,14,14,71
03/31/2022,GPT,MS,ASO,CE,Combined TRACON& Tower with Radar,16,20,29,39,104,0,5,13,21,39,16,25,42,60,143,4,2,6,149
04/01/2022,GPT,MS,ASO,CE,Combined TRACON& Tower with Radar,15,14,13,82,124,0,0,20,13,33,15,14,33,95,157,2,16,18,175
04/02/2022,GPT,MS,ASO,CE,Combined TRACON& Tower with Radar,12,13,14,0,39,0,1,23,2,26,12,14,37,2,65,42,0,42,107
04/03/2022,GPT,MS,ASO,CE,Combined TRACON& Tower with Radar,18,22,23,10,73,0,0,25,2,27,18,22,48,12,100,44,14,58,158
04/04/2022,GPT,MS,ASO,CE,Combined TRACON& Tower with Radar,17,15,18,34,84,0,0,18,12,30,17,15,36,46,114,22,10,32,146
04/05/2022,GPT,MS,ASO,CE,Combined TRACON& Tower with Radar,22,14,13,24,73,0,0,1,4,5,22,14,14,28,78,0,0,0,78
04/06/2022,GPT,MS,ASO,CE,Combined TRACON& Tower with Radar,19,11,18,76,124,0,0,3,5,8,19,11,21,81,132,0,14,14,146
04/07/2022,GPT,MS,ASO,CE,Combined TRACON& Tower with Radar,18,10,23,111,162,0,1,17,19,37,18,11,40,130,199,6,74,80,279
04/08/2022,GPT,MS,ASO,CE,Combined TRACON& Tower with Radar,20,11,19,53,103,0,5,16,9,30,20,16,35,62,133,8,0,8,141
04/09/2022,GPT,MS,ASO,CE,Combined TRACON& Tower with Radar,14,7,6,6,33,0,3,20,0,23,14,10,26,6,56,20,0,20,76
04/10/2022,GPT,MS,ASO,CE,Combined TRACON& Tower with Radar,20,6,16,17,59,0,0,11,5,16,20,6,27,22,75,6,0,6,81
04/11/2022,GPT,MS,ASO,CE,Combined TRACON& Tower with Radar,26,8,21,20,75,0,0,8,2,10,26,8,29,22,85,6,0,6,91
04/12/2022,GPT,MS,ASO,CE,Combined TRACON& Tower with Radar,17,15,22,100,154,0,0,8,7,15,17,15,30,107,169,0,8,8,177
04/13/2022,GPT,MS,ASO,CE,Combined TRACON& Tower with Radar,15,11,17,62,105,0,0,3,2,5,15,11,20,64,110,0,8,8,118
04/14/2022,GPT,MS,ASO,CE,Combined TRACON& Tower with Radar,21,9,10,75,115,0,1,2,0,3,21,10,12,75,118,0,20,20,138
04/15/2022,GPT,MS,ASO,CE,Combined TRACON& Tower with Radar,26,8,12,18,64,0,0,17,7,24,26,8,29,25,88,14,20,34,122
04/16/2022,GPT,MS,ASO,CE,Combined TRACON& Tower with Radar,17,11,8,3,39,0,2,11,1,14,17,13,19,4,53,18,0,18,71
04/17/2022,GPT,MS,ASO,CE,Combined TRACON& Tower with Radar,19,6,1,2,28,0,0,3,0,3,19,6,4,2,31,0,0,0,31
04/18/2022,GPT,MS,ASO,CE,Combined TRACON& Tower with Radar,18,12,20,86,136,0,0,10,3,13,18,12,30,89,149,0,56,56,205
04/19/2022,GPT,MS,ASO,CE,Combined TRACON& Tower with Radar,20,13,16,87,136,0,2,20,11,33,20,15,36,98,169,0,4,4,173
04/20/2022,GPT,MS,ASO,CE,Combined TRACON& Tower with Radar,21,17,7,144,189,0,0,13,18,31,21,17,20,162,220,0,46,46,266
04/21/2022,GPT,MS,ASO,CE,Combined TRACON& Tower with Radar,20,13,20,129,182,0,4,15,28,47,20,17,35,157,229,14,54,68,297
04/22/2022,GPT,MS,ASO,CE,Combined TRACON& Tower with Radar,21,8,14,97,140,0,0,17,27,44,21,8,31,124,184,4,4,8,192
04/23/2022,GPT,MS,ASO,CE,Combined TRACON& Tower with Radar,15,8,19,27,69,0,1,18,2,21,15,9,37,29,90,0,0,0,90
04/24/2022,GPT,MS,ASO,CE,Combined TRACON& Tower with Radar,21,8,12,55,96,0,6,21,15,42,21,14,33,70,138,37,14,51,189
04/25/2022,GPT,MS,ASO,CE,Combined TRACON& Tower with Radar,16,7,10,93,126,0,3,21,22,46,16,10,31,115,172,50,8,58,230
04/26/2022,GPT,MS,ASO,CE,Combined TRACON& Tower with Radar,16,8,19,164,207,0,6,16,35,57,16,14,35,199,264,46,22,68,332
04/27/2022,GPT,MS,ASO,CE,Combined TRACON& Tower with Radar,17,8,23,78,126,0,6,35,27,68,17,14,58,105,194,33,24,57,251
04/28/2022,GPT,MS,ASO,CE,Combined TRACON& Tower with Radar,21,11,10,102,144,0,4,22,24,50,21,15,32,126,194,28,28,56,250
04/29/2022,GPT,MS,ASO,CE,Combined TRACON& Tower with Radar,24,9,17,59,109,0,2,8,13,23,24,11,25,72,132,12,16,28,160
04/30/2022,GPT,MS,ASO,CE,Combined TRACON& Tower with Radar,14,11,14,31,70,0,7,21,18,46,14,18,35,49,116,30,0,30,146
05/01/2022,GPT,MS,ASO,CE,Combined TRACON& Tower with Radar,21,9,12,39,81,0,3,9,23,35,21,12,21,62,116,4,12,16,132
05/02/2022,GPT,MS,ASO,CE,Combined TRACON& Tower with Radar,18,7,9,81,115,0,6,14,19,39,18,13,23,100,154,68,22,90,244
05/03/2022,GPT,MS,ASO,CE,Combined TRACON& Tower with Radar,23,8,9,84,124,0,7,12,22,41,23,15,21,106,165,38,31,69,234
05/04/2022,GPT,MS,ASO,CE,Combined TRACON& Tower with Radar,15,10,24,160,209,0,1,19,27,47,15,11,43,187,256,16,36,52,308
05/05/2022,GPT,MS,ASO,CE,Combined TRACON& Tower with Radar,13,8,15,93,129,0,0,10,20,30,13,8,25,113,159,12,14,26,185
05/06/2022,GPT,MS,ASO,CE,Combined TRACON& Tower with Radar,19,9,16,32,76,0,0,5,7,12,19,9,21,39,88,0,0,0,88
05/07/2022,GPT,MS,ASO,CE,Combined TRACON& Tower with Radar,17,8,12,1,38,0,0,36,3,39,17,8,48,4,77,34,0,34,111
05/08/2022,GPT,MS,ASO,CE,Combined TRACON& Tower with Radar,20,7,13,4,44,0,0,34,5,39,20,7,47,9,83,62,4,66,149
05/09/2022,GPT,MS,ASO,CE,Combined TRACON& Tower with Radar,23,9,29,61,122,0,0,11,2,13,23,9,40,63,135,44,22,66,201
05/10/2022,GPT,MS,ASO,CE,Combined TRACON& Tower with Radar,19,12,18,86,135,0,1,17,10,28,19,13,35,96,163,12,52,64,227
05/11/2022,GPT,MS,ASO,CE,Combined TRACON& Tower with Radar,16,10,18,89,133,0,0,28,7,35,16,10,46,96,168,42,56,98,266
05/12/2022,GPT,MS,ASO,CE,Combined TRACON& Tower with Radar,24,10,27,21,82,0,1,19,13,33,24,11,46,34,115,26,4,30,145
05/13/2022,GPT,MS,ASO,CE,Combined TRACON& Tower with Radar,24,9,20,33,86,0,0,21,9,30,24,9,41,42,116,39,2,41,157
05/14/2022,GPT,MS,ASO,CE,Combined TRACON& Tower with Radar,16,10,16,12,54,0,0,19,10,29,16,10,35,22,83,24,0,24,107
05/15/2022,GPT,MS,ASO,CE,Combined TRACON& Tower with Radar,17,6,15,33,71,0,0,13,9,22,17,6,28,42,93,16,0,16,109
05/16/2022,GPT,MS,ASO,CE,Combined TRACON& Tower with Radar,18,8,8,117,151,0,3,25,24,52,18,11,33,141,203,24,18,42,245
05/17/2022,GPT,MS,ASO,CE,Combined TRACON& Tower with Radar,18,14,7,81,120,0,0,25,7,32,18,14,32,88,152,22,26,48,200
05/18/2022,GPT,MS,ASO,CE,Combined TRACON& Tower with Radar,15,9,22,107,153,0,1,25,20,46,15,10,47,127,199,26,52,78,277
05/19/2022,GPT,MS,ASO,CE,Combined TRACON& Tower with Radar,19,8,15,111,153,0,0,34,7,41,19,8,49,118,194,22,0,22,216
05/20/2022,GPT,MS,ASO,CE,Combined TRACON& Tower with Radar,19,10,17,87,133,0,5,22,8,35,19,15,39,95,168,0,0,0,168
05/21/2022,GPT,MS,ASO,CE,Combined TRACON& Tower with Radar,18,12,14,18,62,0,0,1,1,2,18,12,15,19,64,8,0,8,72
05/22/2022,GPT,MS,ASO,CE,Combined TRACON& Tower with Radar,21,8,15,13,57,0,0,5,0,5,21,8,20,13,62,0,2,2,64
05/23/2022,GPT,MS,ASO,CE,Combined TRACON& Tower with Radar,17,11,13,9,50,0,0,14,0,14,17,11,27,9,64,20,0,20,84
05/24/2022,GPT,MS,ASO,CE,Combined TRACON& Tower with Radar,24,10,22,31,87,0,1,3,7,11,24,11,25,38,98,0,6,6,104
05/25/2022,GPT,MS,ASO,CE,Combined TRACON& Tower with Radar,19,8,8,9,44,0,0,3,4,7,19,8,11,13,51,32,6,38,89
05/26/2022,GPT,MS,ASO,CE,Combined TRACON& Tower with Radar,15,8,13,72,108,0,6,12,11,29,15,14,25,83,137,32,80,112,249
05/27/2022,GPT,MS,ASO,CE,Combined TRACON& Tower with Radar,20,10,17,0,47,0,2,27,3,32,20,12,44,3,79,0,0,0,79
05/28/2022,GPT,MS,ASO,CE,Combined TRACON& Tower with Radar,17,10,7,1,35,0,0,24,5,29,17,10,31,6,64,2,0,2,66
05/29/2022,GPT,MS,ASO,CE,Combined TRACON& Tower with Radar,15,6,6,28,55,0,4,18,0,22,15,10,24,28,77,24,6,30,107
05/30/2022,GPT,MS,ASO,CE,Combined TRACON& Tower with Radar,19,10,5,4,38,0,0,7,1,8,19,10,12,5,46,0,0,0,46
05/31/2022,GPT,MS,ASO,CE,Combined TRACON& Tower with Radar,23,8,18,49,98,0,0,14,19,33,23,8,32,68,131,0,0,0,131
06/01/2022,GPT,MS,ASO,CE,Combined TRACON& Tower with Radar,17,12,12,31,72,0,4,22,4,30,17,16,34,35,102,44,8,52,154
06/02/2022,GPT,MS,ASO,CE,Combined TRACON& Tower with Radar,20,13,13,78,124,0,0,21,10,31,20,13,34,88,155,52,14,66,221
06/03/2022,GPT,MS,ASO,CE,Combined TRACON& Tower with Radar,18,11,8,76,113,0,1,9,5,15,18,12,17,81,128,24,16,40,168
06/04/2022,GPT,MS,ASO,CE,Combined TRACON& Tower with Radar,16,8,24,17,65,0,2,22,5,29,16,10,46,22,94,0,18,18,112
06/05/2022,GPT,MS,ASO,CE,Combined TRACON& Tower with Radar,19,10,11,7,47,0,0,18,16,34,19,10,29,23,81,32,16,48,129
06/06/2022,GPT,MS,ASO,CE,Combined TRACON& Tower with Radar,15,9,11,76,111,0,0,14,21,35,15,9,25,97,146,12,38,50,196
06/07/2022,GPT,MS,ASO,CE,Combined TRACON& Tower with Radar,18,12,31,136,197,0,13,16,21,50,18,25,47,157,247,34,36,70,317
06/08/2022,GPT,MS,ASO,CE,Combined TRACON& Tower with Radar,18,17,31,148,214,0,5,25,32,62,18,22,56,180,276,0,86,86,362
06/09/2022,GPT,MS,ASO,CE,Combined TRACON& Tower with Radar,16,11,28,44,99,0,0,15,3,18,16,11,43,47,117,2,20,22,139
06/10/2022,GPT,MS,ASO,CE,Combined TRACON& Tower with Radar,16,13,15,33,77,0,0,9,3,12,16,13,24,36,89,22,0,22,111
06/11/2022,GPT,MS,ASO,CE,Combined TRACON& Tower with Radar,20,14,22,37,93,0,3,10,8,21,20,17,32,45,114,14,0,14,128
06/12/2022,GPT,MS,ASO,CE,Combined TRACON& Tower with Radar,17,7,23,28,75,0,1,15,5,21,17,8,38,33,96,22,0,22,118
06/13/2022,GPT,MS,ASO,CE,Combined TRACON& Tower with Radar,17,15,24,48,104,0,7,20,4,31,17,22,44,52,135,8,44,52,187
06/14/2022,GPT,MS,ASO,CE,Combined TRACON& Tower with Radar,23,12,19,101,155,0,7,36,14,57,23,19,55,115,212,14,16,30,242
06/15/2022,GPT,MS,ASO,CE,Combined TRACON& Tower with Radar,21,8,22,93,144,0,0,27,10,37,21,8,49,103,181,64,16,80,261
06/16/2022,GPT,MS,ASO,CE,Combined TRACON& Tower with Radar,18,12,15,41,86,0,1,21,12,34,18,13,36,53,120,66,40,106,226
06/17/2022,GPT,MS,ASO,CE,Combined TRACON& Tower with Radar,12,12,9,84,117,0,3,30,22,55,12,15,39,106,172,29,8,37,209
06/18/2022,GPT,MS,ASO,CE,Combined TRACON& Tower with Radar,18,10,12,4,44,0,0,19,0,19,18,10,31,4,63,22,0,22,85
06/19/2022,GPT,MS,ASO,CE,Combined TRACON& Tower with Radar,16,11,13,15,55,0,0,15,5,20,16,11,28,20,75,6,0,6,81
06/20/2022,GPT,MS,ASO,CE,Combined TRACON& Tower with Radar,15,11,10,6,42,0,1,28,1,30,15,12,38,7,72,25,0,25,97
06/21/2022,GPT,MS,ASO,CE,Combined TRACON& Tower with Radar,20,13,6,90,129,0,1,31,12,44,20,14,37,102,173,24,6,30,203
06/22/2022,GPT,MS,ASO,CE,Combined TRACON& Tower with Radar,19,11,14,74,118,0,5,20,18,43,19,16,34,92,161,17,8,25,186
06/23/2022,GPT,MS,ASO,CE,Combined TRACON& Tower with Radar,20,16,16,79,131,0,7,16,23,46,20,23,32,102,177,28,20,48,225
06/24/2022,GPT,MS,ASO,CE,Combined TRACON& Tower with Radar,16,11,18,65,110,0,3,16,8,27,16,14,34,73,137,24,0,24,161
06/25/2022,GPT,MS,ASO,CE,Combined TRACON& Tower with Radar,22,8,12,1,43,0,2,17,0,19,22,10,29,1,62,0,0,0,62
06/26/2022,GPT,MS,ASO,CE,Combined TRACON& Tower with Radar,13,10,12,6,41,0,0,4,0,4,13,10,16,6,45,4,0,4,49
06/27/2022,GPT,MS,ASO,CE,Combined TRACON& Tower with Radar,17,9,13,81,120,0,0,6,12,18,17,9,19,93,138,0,0,0,138
06/28/2022,GPT,MS,ASO,CE,Combined TRACON& Tower with Radar,14,8,12,105,139,0,2,9,13,24,14,10,21,118,163,80,45,125,288
06/29/2022,GPT,MS,ASO,CE,Combined TRACON& Tower with Radar,19,10,18,34,81,0,0,19,8,27,19,10,37,42,108,0,50,50,158
06/30/2022,GPT,MS,ASO,CE,Combined TRACON& Tower with Radar,18,8,13,41,80,0,0,5,2,7,18,8,18,43,87,12,10,22,109
07/01/2022,GPT,MS,ASO,CE,Combined TRACON& Tower with Radar,18,8,14,14,54,0,0,14,4,18,18,8,28,18,72,62,0,62,134
07/02/2022,GPT,MS,ASO,CE,Combined TRACON& Tower with Radar,14,9,14,0,37,0,0,11,0,11,14,9,25,0,48,18,0,18,66
07/03/2022,GPT,MS,ASO,CE,Combined TRACON& Tower with Radar,12,6,8,0,26,0,0,9,0,9,12,6,17,0,35,14,0,14,49
07/04/2022,GPT,MS,ASO,CE,Combined TRACON& Tower with Radar,16,7,5,1,29,0,0,13,0,13,16,7,18,1,42,0,0,0,42
07/05/2022,GPT,MS,ASO,CE,Combined TRACON& Tower with Radar,18,11,3,4,36,0,1,12,2,15,18,12,15,6,51,20,0,20,71
07/06/2022,GPT,MS,ASO,CE,Combined TRACON& Tower with Radar,18,8,5,64,95,0,1,17,8,26,18,9,22,72,121,101,12,113,234
07/07/2022,GPT,MS,ASO,CE,Combined TRACON& Tower with Radar,16,8,6,68,98,0,2,24,17,43,16,10,30,85,141,24,28,52,193
07/08/2022,GPT,MS,ASO,CE,Combined TRACON& Tower with Radar,19,9,8,59,95,0,1,25,27,53,19,10,33,86,148,2,18,20,168
07/09/2022,GPT,MS,ASO,CE,Combined TRACON& Tower with Radar,17,7,7,10,41,0,0,16,8,24,17,7,23,18,65,14,0,14,79
07/10/2022,GPT,MS,ASO,CE,Combined TRACON& Tower with Radar,16,5,15,8,44,0,0,13,0,13,16,5,28,8,57,0,0,0,57
07/11/2022,GPT,MS,ASO,CE,Combined TRACON& Tower with Radar,13,9,15,51,88,0,0,23,5,28,13,9,38,56,116,16,38,54,170
07/12/2022,GPT,MS,ASO,CE,Combined TRACON& Tower with Radar,20,10,12,31,73,0,0,14,4,18,20,10,26,35,91,16,6,22,113
07/13/2022,GPT,MS,ASO,CE,Combined TRACON& Tower with Radar,19,8,12,110,149,0,0,10,16,26,19,8,22,126,175,57,10,67,242
07/14/2022,GPT,MS,ASO,CE,Combined TRACON& Tower with Radar,13,15,16,35,79,0,4,11,9,24,13,19,27,44,103,20,0,20,123
07/15/2022,GPT,MS,ASO,CE,Combined TRACON& Tower with Radar,22,13,15,21,71,0,0,22,7,29,22,13,37,28,100,34,0,34,134
07/16/2022,GPT,MS,ASO,CE,Combined TRACON& Tower with Radar,17,9,10,5,41,0,0,10,1,11,17,9,20,6,52,22,4,26,78
07/17/2022,GPT,MS,ASO,CE,Combined TRACON& Tower with Radar,18,6,19,11,54,0,1,26,6,33,18,7,45,17,87,66,0,66,153
07/18/2022,GPT,MS,ASO,CE,Combined TRACON& Tower with Radar,20,7,16,20,63,0,0,11,3,14,20,7,27,23,77,0,0,0,77
07/19/2022,GPT,MS,ASO,CE,Combined TRACON& Tower with Radar,17,11,12,90,130,0,0,28,12,40,17,11,40,102,170,52,12,64,234
07/20/2022,GPT,MS,ASO,CE,Combined TRACON& Tower with Radar,21,10,8,52,91,0,0,31,11,42,21,10,39,63,133,46,34,80,213
07/21/2022,GPT,MS,ASO,CE,Combined TRACON& Tower with Radar,22,10,26,45,103,0,0,15,25,40,22,10,41,70,143,27,2,29,172
07/22/2022,GPT,MS,ASO,CE,Combined TRACON& Tower with Radar,21,10,10,40,81,0,2,12,12,26,21,12,22,52,107,14,0,14,121
07/23/2022,GPT,MS,ASO,CE,Combined TRACON& Tower with Radar,13,9,7,11,40,0,0,22,8,30,13,9,29,19,70,62,6,68,138
07/24/2022,GPT,MS,ASO,CE,Combined TRACON& Tower with Radar,16,8,7,4,35,0,1,16,4,21,16,9,23,8,56,74,0,74,130
07/25/2022,GPT,MS,ASO,CE,Combined TRACON& Tower with Radar,16,10,11,10,47,0,0,18,4,22,16,10,29,14,69,27,1,28,97
07/26/2022,GPT,MS,ASO,CE,Combined TRACON& Tower with Radar,20,8,9,60,97,0,2,9,10,21,20,10,18,70,118,26,0,26,144
07/27/2022,GPT,MS,ASO,CE,Combined TRACON& Tower with Radar,22,10,6,71,109,0,7,24,3,34,22,17,30,74,143,16,6,22,165
07/28/2022,GPT,MS,ASO,CE,Combined TRACON& Tower with Radar,16,8,11,21,56,0,0,10,11,21,16,8,21,32,77,1,0,1,78
07/29/2022,GPT,MS,ASO,CE,Combined TRACON& Tower with Radar,13,12,23,17,65,0,2,13,14,29,13,14,36,31,94,36,10,46,140
07/30/2022,GPT,MS,ASO,CE,Combined TRACON& Tower with Radar,18,7,5,2,32,0,0,21,0,21,18,7,26,2,53,48,0,48,101
07/31/2022,GPT,MS,ASO,CE,Combined TRACON& Tower with Radar,15,7,10,2,34,0,0,19,0,19,15,7,29,2,53,44,0,44,97
08/01/2022,GPT,MS,ASO,CE,Combined TRACON& Tower with Radar,17,9,10,21,57,0,2,9,0,11,17,11,19,21,68,28,0,28,96
08/02/2022,GPT,MS,ASO,CE,Combined TRACON& Tower with Radar,28,8,10,7,53,0,1,11,9,21,28,9,21,16,74,38,8,46,120
08/03/2022,GPT,MS,ASO,CE,Combined TRACON& Tower with Radar,17,8,6,15,46,0,0,17,6,23,17,8,23,21,69,2,10,12,81
08/04/2022,GPT,MS,ASO,CE,Combined TRACON& Tower with Radar,20,10,12,32,74,0,3,12,7,22,20,13,24,39,96,28,0,28,124
08/05/2022,GPT,MS,ASO,CE,Combined TRACON& Tower with Radar,21,12,22,64,119,0,0,31,15,46,21,12,53,79,165,24,0,24,189
08/06/2022,GPT,MS,ASO,CE,Combined TRACON& Tower with Radar,16,8,6,8,38,0,0,7,0,7,16,8,13,8,45,66,0,66,111
08/07/2022,GPT,MS,ASO,CE,Combined TRACON& Tower with Radar,12,7,16,4,39,0,0,29,2,31,12,7,45,6,70,80,6,86,156
08/08/2022,GPT,MS,ASO,CE,Combined TRACON& Tower with Radar,18,7,10,13,48,0,0,9,1,10,18,7,19,14,58,24,4,28,86
08/09/2022,GPT,MS,ASO,CE,Combined TRACON& Tower with Radar,15,9,21,47,92,0,0,14,22,36,15,9,35,69,128,34,16,50,178
08/10/2022,GPT,MS,ASO,CE,Combined TRACON& Tower with Radar,14,12,16,24,66,0,0,14,8,22,14,12,30,32,88,24,0,24,112
08/11/2022,GPT,MS,ASO,CE,Combined TRACON& Tower with Radar,15,9,12,16,52,0,0,18,7,25,15,9,30,23,77,68,0,68,145
08/12/2022,GPT,MS,ASO,CE,Combined TRACON& Tower with Radar,26,13,8,60,107,0,3,12,18,33,26,16,20,78,140,40,0,40,180
08/13/2022,GPT,MS,ASO,CE,Combined TRACON& Tower with Radar,16,12,15,11,54,0,0,9,2,11,16,12,24,13,65,28,0,28,93
08/14/2022,GPT,MS,ASO,CE,Combined TRACON& Tower with Radar,16,10,13,29,68,0,0,29,5,34,16,10,42,34,102,72,10,82,184
08/15/2022,GPT,MS,ASO,CE,Combined TRACON& Tower with Radar,14,12,13,52,91,0,3,28,3,34,14,15,41,55,125,30,0,30,155
08/16/2022,GPT,MS,ASO,CE,Combined TRACON& Tower with Radar,18,8,24,60,110,0,0,31,22,53,18,8,55,82,163,20,54,74,237
08/17/2022,GPT,MS,ASO,CE,Combined TRACON& Tower with Radar,24,7,19,30,80,0,3,17,4,24,24,10,36,34,104,18,2,20,124
08/18/2022,GPT,MS,ASO,CE,Combined TRACON& Tower with Radar,19,9,19,26,73,0,1,16,5,22,19,10,35,31,95,12,0,12,107
08/19/2022,GPT,MS,ASO,CE,Combined TRACON& Tower with Radar,16,6,22,19,63,0,1,18,5,24,16,7,40,24,87,30,0,30,117
08/20/2022,GPT,MS,ASO,CE,Combined TRACON& Tower with Radar,15,7,6,4,32,0,0,17,0,17,15,7,23,4,49,22,0,22,71
08/21/2022,GPT,MS,ASO,CE,Combined TRACON& Tower with Radar,15,4,23,8,50,0,2,12,0,14,15,6,35,8,64,54,0,54,118
08/22/2022,GPT,MS,ASO,CE,Combined TRACON& Tower with Radar,19,5,7,35,66,0,0,4,2,6,19,5,11,37,72,56,0,56,128
08/23/2022,GPT,MS,ASO,CE,Combined TRACON& Tower with Radar,15,5,11,9,40,0,0,8,0,8,15,5,19,9,48,6,0,6,54
08/24/2022,GPT,MS,ASO,CE,Combined TRACON& Tower with Radar,16,5,14,2,37,0,0,5,0,5,16,5,19,2,42,0,0,0,42
08/25/2022,GPT,MS,ASO,CE,Combined TRACON& Tower with Radar,17,7,10,6,40,0,0,4,0,4,17,7,14,6,44,0,0,0,44
08/26/2022,GPT,MS,ASO,CE,Combined TRACON& Tower with Radar,20,6,18,20,64,0,0,7,4,11,20,6,25,24,75,30,0,30,105
08/27/2022,GPT,MS,ASO,CE,Combined TRACON& Tower with Radar,12,9,22,7,50,0,0,15,0,15,12,9,37,7,65,34,0,34,99
08/28/2022,GPT,MS,ASO,CE,Combined TRACON& Tower with Radar,19,8,19,8,54,0,0,15,1,16,19,8,34,9,70,38,0,38,108
08/29/2022,GPT,MS,ASO,CE,Combined TRACON& Tower with Radar,20,9,9,88,126,0,0,25,27,52,20,9,34,115,178,44,6,50,228
08/30/2022,GPT,MS,ASO,CE,Combined TRACON& Tower with Radar,13,19,23,64,119,0,13,23,13,49,13,32,46,77,168,14,24,38,206
08/31/2022,GPT,MS,ASO,CE,Combined TRACON& Tower with Radar,18,7,16,96,137,0,0,35,19,54,18,7,51,115,191,38,32,70,261
09/01/2022,GPT,MS,ASO,CE,Combined TRACON& Tower with Radar,19,6,12,74,111,0,1,28,22,51,19,7,40,96,162,60,6,66,228
09/02/2022,GPT,MS,ASO,CE,Combined TRACON& Tower with Radar,20,8,10,58,96,0,0,37,3,40,20,8,47,61,136,46,8,54,190
09/03/2022,GPT,MS,ASO,CE,Combined TRACON& Tower with Radar,13,7,5,0,25,0,0,6,0,6,13,7,11,0,31,26,0,26,57
09/04/2022,GPT,MS,ASO,CE,Combined TRACON& Tower with Radar,16,6,6,0,28,0,0,17,0,17,16,6,23,0,45,68,0,68,113
09/05/2022,GPT,MS,ASO,CE,Combined TRACON& Tower with Radar,19,5,9,3,36,0,0,12,0,12,19,5,21,3,48,0,0,0,48
09/06/2022,GPT,MS,ASO,CE,Combined TRACON& Tower with Radar,15,11,9,56,91,0,1,14,10,25,15,12,23,66,116,32,0,32,148
09/07/2022,GPT,MS,ASO,CE,Combined TRACON& Tower with Radar,17,14,12,53,96,0,1,28,11,40,17,15,40,64,136,0,10,10,146
09/08/2022,GPT,MS,ASO,CE,Combined TRACON& Tower with Radar,19,11,6,78,114,0,0,8,15,23,19,11,14,93,137,48,10,58,195
09/09/2022,GPT,MS,ASO,CE,Combined TRACON& Tower with Radar,23,7,11,22,63,0,0,14,0,14,23,7,25,22,77,16,6,22,99
09/10/2022,GPT,MS,ASO,CE,Combined TRACON& Tower with Radar,18,8,10,30,66,0,4,27,11,42,18,12,37,41,108,70,14,84,192
09/11/2022,GPT,MS,ASO,CE,Combined TRACON& Tower with Radar,19,7,17,13,56,0,0,27,5,32,19,7,44,18,88,66,0,66,154
09/12/2022,GPT,MS,ASO,CE,Combined TRACON& Tower with Radar,22,8,11,113,154,0,8,30,16,54,22,16,41,129,208,52,30,82,290
09/13/2022,GPT,MS,ASO,CE,Combined TRACON& Tower with Radar,23,11,18,88,140,0,5,28,12,45,23,16,46,100,185,34,14,48,233
09/14/2022,GPT,MS,ASO,CE,Combined TRACON& Tower with Radar,18,8,13,78,117,0,1,27,21,49,18,9,40,99,166,64,20,84,250
09/15/2022,GPT,MS,ASO,CE,Combined TRACON& Tower with Radar,21,10,19,62,112,0,0,31,18,49,21,10,50,80,161,44,0,44,205
09/16/2022,GPT,MS,ASO,CE,Combined TRACON& Tower with Radar,25,17,8,43,93,0,4,37,13,54,25,21,45,56,147,40,16,56,203
09/17/2022,GPT,MS,ASO,CE,Combined TRACON& Tower with Radar,18,9,12,2,41,0,1,15,7,23,18,10,27,9,64,30,0,30,94
09/18/2022,GPT,MS,ASO,CE,Combined TRACON& Tower with Radar,24,7,19,4,54,0,0,23,5,28,24,7,42,9,82,32,0,32,114
09/19/2022,GPT,MS,ASO,CE,Combined TRACON& Tower with Radar,26,9,9,93,137,0,0,20,6,26,26,9,29,99,163,32,14,46,209
09/20/2022,GPT,MS,ASO,CE,Combined TRACON& Tower with Radar,17,9,14,125,165,0,7,27,27,61,17,16,41,152,226,24,52,76,302
09/21/2022,GPT,MS,ASO,CE,Combined TRACON& Tower with Radar,17,12,14,83,126,0,0,13,7,20,17,12,27,90,146,48,26,74,220
09/22/2022,GPT,MS,ASO,CE,Combined TRACON& Tower with Radar,29,10,25,128,192,0,2,21,33,56,29,12,46,161,248,15,72,87,335
09/23/2022,GPT,MS,ASO,CE,Combined TRACON& Tower with Radar,25,13,12,87,137,0,5,27,16,48,25,18,39,103,185,30,28,58,243
09/24/2022,GPT,MS,ASO,CE,Combined TRACON& Tower with Radar,16,10,6,15,47,0,0,18,2,20,16,10,24,17,67,40,0,40,107
09/25/2022,GPT,MS,ASO,CE,Combined TRACON& Tower with Radar,22,10,10,13,55,0,0,25,11,36,22,10,35,24,91,24,2,26,117
09/26/2022,GPT,MS,ASO,CE,Combined TRACON& Tower with Radar,22,9,11,80,122,0,2,16,15,33,22,11,27,95,155,4,16,20,175
09/27/2022,GPT,MS,ASO,CE,Combined TRACON& Tower with Radar,17,9,9,73,108,0,0,19,4,23,17,9,28,77,131,4,0,4,135
09/28/2022,GPT,MS,ASO,CE,Combined TRACON& Tower with Radar,21,9,17,28,75,0,0,7,0,7,21,9,24,28,82,0,0,0,82
09/29/2022,GPT,MS,ASO,CE,Combined TRACON& Tower with Radar,20,8,12,73,113,0,1,11,23,35,20,9,23,96,148,0,0,0,148
09/30/2022,GPT,MS,ASO,CE,Combined TRACON& Tower with Radar,22,11,18,49,100,0,0,30,5,35,22,11,48,54,135,38,0,38,173
10/01/2022,GPT,MS,ASO,CE,Combined TRACON& Tower with Radar,19,7,14,0,40,0,0,22,4,26,19,7,36,4,66,30,0,30,96
10/02/2022,GPT,MS,ASO,CE,Combined TRACON& Tower with Radar,17,9,16,15,57,0,0,16,8,24,17,9,32,23,81,34,6,40,121
10/03/2022,GPT,MS,ASO,CE,Combined TRACON& Tower with Radar,19,14,7,139,179,0,2,28,17,47,19,16,35,156,226,22,8,30,256
10/04/2022,GPT,MS,ASO,CE,Combined TRACON& Tower with Radar,16,9,8,88,121,0,4,29,18,51,16,13,37,106,172,40,20,60,232
10/05/2022,GPT,MS,ASO,CE,Combined TRACON& Tower with Radar,16,14,21,102,153,0,8,31,33,72,16,22,52,135,225,18,22,40,265
10/06/2022,GPT,MS,ASO,CE,Combined TRACON& Tower with Radar,19,11,15,123,168,0,1,36,27,64,19,12,51,150,232,101,43,144,376
10/07/2022,GPT,MS,ASO,CE,Combined TRACON& Tower with Radar,19,8,17,75,119,0,6,43,18,67,19,14,60,93,186,26,0,26,212
10/08/2022,GPT,MS,ASO,CE,Combined TRACON& Tower with Radar,16,8,12,3,39,0,8,65,5,78,16,16,77,8,117,46,0,46,163
10/09/2022,GPT,MS,ASO,CE,Combined TRACON& Tower with Radar,19,8,26,3,56,0,1,29,4,34,19,9,55,7,90,58,0,58,148
10/10/2022,GPT,MS,ASO,CE,Combined TRACON& Tower with Radar,28,11,6,15,60,0,0,24,1,25,28,11,30,16,85,20,0,20,105
10/11/2022,GPT,MS,ASO,CE,Combined TRACON& Tower with Radar,19,8,11,113,151,0,3,12,31,46,19,11,23,144,197,30,16,46,243
10/12/2022,GPT,MS,ASO,CE,Combined TRACON& Tower with Radar,22,8,8,26,64,0,0,8,5,13,22,8,16,31,77,0,0,0,77
10/13/2022,GPT,MS,ASO,CE,Combined TRACON& Tower with Radar,19,7,12,87,125,0,1,29,22,52,19,8,41,109,177,83,47,130,307
10/14/2022,GPT,MS,ASO,CE,Combined TRACON& Tower with Radar,20,8,38,77,143,0,2,17,10,29,20,10,55,87,172,72,24,96,268
10/15/2022,GPT,MS,ASO,CE,Combined TRACON& Tower with Radar,17,5,19,14,55,0,10,26,27,63,17,15,45,41,118,30,4,34,152
10/16/2022,GPT,MS,ASO,CE,Combined TRACON& Tower with Radar,22,10,23,14,69,0,0,19,16,35,22,10,42,30,104,24,4,28,132
10/17/2022,GPT,MS,ASO,CE,Combined TRACON& Tower with Radar,23,6,14,61,104,0,0,20,13,33,23,6,34,74,137,36,12,48,185
10/18/2022,GPT,MS,ASO,CE,Combined TRACON& Tower with Radar,19,10,11,51,91,0,3,12,15,30,19,13,23,66,121,36,2,38,159
10/19/2022,GPT,MS,ASO,CE,Combined TRACON& Tower with Radar,18,7,11,96,132,0,0,29,32,61,18,7,40,128,193,52,34,86,279
10/20/2022,GPT,MS,ASO,CE,Combined TRACON& Tower with Radar,23,10,17,111,161,0,2,23,31,56,23,12,40,142,217,26,81,107,324
10/21/2022,GPT,MS,ASO,CE,Combined TRACON& Tower with Radar,24,9,15,34,82,0,1,30,5,36,24,10,45,39,118,0,0,0,118
10/22/2022,GPT,MS,ASO,CE,Combined TRACON& Tower with Radar,18,7,12,0,37,0,0,23,2,25,18,7,35,2,62,40,0,40,102
10/23/2022,GPT,MS,ASO,CE,Combined TRACON& Tower with Radar,18,5,103,21,147,0,0,36,16,52,18,5,139,37,199,0,0,0,199
10/24/2022,GPT,MS,ASO,CE,Combined TRACON& Tower with Radar,15,6,12,81,114,0,0,18,12,30,15,6,30,93,144,46,38,84,228
10/25/2022,GPT,MS,ASO,CE,Combined TRACON& Tower with Radar,16,6,15,24,61,0,1,18,8,27,16,7,33,32,88,40,6,46,134
10/26/2022,GPT,MS,ASO,CE,Combined TRACON& Tower with Radar,20,6,11,107,144,0,0,30,20,50,20,6,41,127,194,48,12,60,254
10/27/2022,GPT,MS,ASO,CE,Combined TRACON& Tower with Radar,20,15,19,63,117,0,10,42,20,72,20,25,61,83,189,68,24,92,281
10/28/2022,GPT,MS,ASO,CE,Combined TRACON& Tower with Radar,24,9,17,78,128,0,7,24,19,50,24,16,41,97,178,7,49,56,234
10/29/2022,GPT,MS,ASO,CE,Combined TRACON& Tower with Radar,18,6,7,0,31,0,0,5,0,5,18,6,12,0,36,0,0,0,36
10/30/2022,GPT,MS,ASO,CE,Combined TRACON& Tower with Radar,20,6,16,22,64,0,0,17,2,19,20,6,33,24,83,34,0,34,117
10/31/2022,GPT,MS,ASO,CE,Combined TRACON& Tower with Radar,18,9,16,96,139,0,2,34,10,46,18,11,50,106,185,30,0,30,215
11/01/2022,GPT,MS,ASO,CE,Combined TRACON& Tower with Radar,20,9,13,104,146,0,0,27,19,46,20,9,40,123,192,58,8,66,258
11/02/2022,GPT,MS,ASO,CE,Combined TRACON& Tower with Radar,21,6,16,80,123,0,0,40,9,49,21,6,56,89,172,27,52,79,251
11/03/2022,GPT,MS,ASO,CE,Combined TRACON& Tower with Radar,27,9,14,115,165,0,2,35,21,58,27,11,49,136,223,68,56,124,347
11/04/2022,GPT,MS,ASO,CE,Combined TRACON& Tower with Radar,23,11,21,25,80,0,0,1,2,3,23,11,22,27,83,8,0,8,91
11/05/2022,GPT,MS,ASO,CE,Combined TRACON& Tower with Radar,17,12,0,2,31,0,0,4,1,5,17,12,4,3,36,0,0,0,36
11/06/2022,GPT,MS,ASO,CE,Combined TRACON& Tower with Radar,22,8,18,26,74,0,0,21,19,40,22,8,39,45,114,46,2,48,162
11/07/2022,GPT,MS,ASO,CE,Combined TRACON& Tower with Radar,19,5,20,83,127,0,0,9,19,28,19,5,29,102,155,33,10,43,198
11/08/2022,GPT,MS,ASO,CE,Combined TRACON& Tower with Radar,19,10,14,118,161,0,2,33,33,68,19,12,47,151,229,26,32,58,287
11/09/2022,GPT,MS,ASO,CE,Combined TRACON& Tower with Radar,22,9,16,110,157,0,2,20,36,58,22,11,36,146,215,38,46,84,299
11/10/2022,GPT,MS,ASO,CE,Combined TRACON& Tower with Radar,22,13,16,88,139,0,0,30,14,44,22,13,46,102,183,55,90,145,328
11/11/2022,GPT,MS,ASO,CE,Combined TRACON& Tower with Radar,21,10,23,15,69,0,0,21,3,24,21,10,44,18,93,54,0,54,147
11/12/2022,GPT,MS,ASO,CE,Combined TRACON& Tower with Radar,16,6,24,28,74,0,0,5,2,7,16,6,29,30,81,10,0,10,91
11/13/2022,GPT,MS,ASO,CE,Combined TRACON& Tower with Radar,26,11,18,4,59,0,0,24,4,28,26,11,42,8,87,74,0,74,161
11/14/2022,GPT,MS,ASO,CE,Combined TRACON& Tower with Radar,26,4,12,36,78,0,2,10,23,35,26,6,22,59,113,0,16,16,129
11/15/2022,GPT,MS,ASO,CE,Combined TRACON& Tower with Radar,21,7,12,138,178,0,0,0,2,2,21,7,12,140,180,0,52,52,232
11/16/2022,GPT,MS,ASO,CE,Combined TRACON& Tower with Radar,19,6,6,106,137,0,2,19,36,57,19,8,25,142,194,18,50,68,262
11/17/2022,GPT,MS,ASO,CE,Combined TRACON& Tower with Radar,22,8,26,49,105,0,1,23,26,50,22,9,49,75,155,100,0,100,255
11/18/2022,GPT,MS,ASO,CE,Combined TRACON& Tower with Radar,24,9,15,121,169,0,2,21,23,46,24,11,36,144,215,74,36,110,325
11/19/2022,GPT,MS,ASO,CE,Combined TRACON& Tower with Radar,17,6,7,0,30,0,0,8,0,8,17,6,15,0,38,0,0,0,38
11/20/2022,GPT,MS,ASO,CE,Combined TRACON& Tower with Radar,20,5,8,3,36,0,0,21,0,21,20,5,29,3,57,10,0,10,67
11/21/2022,GPT,MS,ASO,CE,Combined TRACON& Tower with Radar,22,8,13,115,158,0,0,21,23,44,22,8,34,138,202,35,44,79,281
11/22/2022,GPT,MS,ASO,CE,Combined TRACON& Tower with Radar,24,6,13,38,81,0,0,25,5,30,24,6,38,43,111,8,4,12,123
11/23/2022,GPT,MS,ASO,CE,Combined TRACON& Tower with Radar,19,8,20,0,47,0,0,23,0,23,19,8,43,0,70,14,0,14,84
11/24/2022,GPT,MS,ASO,CE,Combined TRACON& Tower with Radar,13,6,2,0,21,0,0,0,0,0,13,6,2,0,21,0,0,0,21
11/25/2022,GPT,MS,ASO,CE,Combined TRACON& Tower with Radar,24,13,5,0,42,0,0,0,0,0,24,13,5,0,42,0,0,0,42
11/26/2022,GPT,MS,ASO,CE,Combined TRACON& Tower with Radar,15,11,9,0,35,0,0,0,0,0,15,11,9,0,35,0,0,0,35
11/27/2022,GPT,MS,ASO,CE,Combined TRACON& Tower with Radar,25,7,14,0,46,0,0,27,0,27,25,7,41,0,73,14,0,14,87
11/28/2022,GPT,MS,ASO,CE,Combined TRACON& Tower with Radar,21,8,8,106,143,0,0,19,18,37,21,8,27,124,180,16,0,16,196
11/29/2022,GPT,MS,ASO,CE,Combined TRACON& Tower with Radar,18,5,4,54,81,0,0,0,0,0,18,5,4,54,81,0,0,0,81
11/30/2022,GPT,MS,ASO,CE,Combined TRACON& Tower with Radar,18,5,4,127,154,0,6,15,45,66,18,11,19,172,220,18,70,88,308
12/01/2022,GPT,MS,ASO,CE,Combined TRACON& Tower with Radar,19,8,9,134,170,0,1,10,16,27,19,9,19,150,197,28,4,32,229
12/02/2022,GPT,MS,ASO,CE,Combined TRACON& Tower with Radar,18,8,20,126,172,0,0,9,7,16,18,8,29,133,188,20,14,34,222
12/03/2022,GPT,MS,ASO,CE,Combined TRACON& Tower with Radar,21,8,8,5,42,0,0,0,0,0,21,8,8,5,42,0,0,0,42
12/04/2022,GPT,MS,ASO,CE,Combined TRACON& Tower with Radar,24,8,10,38,80,0,1,12,4,17,24,9,22,42,97,4,2,6,103
12/05/2022,GPT,MS,ASO,CE,Combined TRACON& Tower with Radar,26,5,18,25,74,0,0,0,0,0,26,5,18,25,74,0,0,0,74
12/06/2022,GPT,MS,ASO,CE,Combined TRACON& Tower with Radar,20,9,9,93,131,0,4,29,14,47,20,13,38,107,178,18,14,32,210
12/07/2022,GPT,MS,ASO,CE,Combined TRACON& Tower with Radar,17,8,19,125,169,0,0,17,13,30,17,8,36,138,199,24,38,62,261
12/08/2022,GPT,MS,ASO,CE,Combined TRACON& Tower with Radar,22,7,7,60,96,0,1,10,5,16,22,8,17,65,112,14,28,42,154
12/09/2022,GPT,MS,ASO,CE,Combined TRACON& Tower with Radar,25,8,17,62,112,0,1,8,0,9,25,9,25,62,121,34,10,44,165
12/10/2022,GPT,MS,ASO,CE,Combined TRACON& Tower with Radar,18,5,15,15,53,0,0,5,0,5,18,5,20,15,58,8,0,8,66
12/11/2022,GPT,MS,ASO,CE,Combined TRACON& Tower with Radar,18,5,8,1,32,0,0,0,0,0,18,5,8,1,32,0,0,0,32
12/12/2022,GPT,MS,ASO,CE,Combined TRACON& Tower with Radar,22,4,20,105,151,0,0,6,2,8,22,4,26,107,159,4,14,18,177
12/13/2022,GPT,MS,ASO,CE,Combined TRACON& Tower with Radar,16,9,15,132,172,0,0,1,2,3,16,9,16,134,175,2,30,32,207
12/14/2022,GPT,MS,ASO,CE,Combined TRACON& Tower with Radar,19,6,7,7,39,0,0,0,0,0,19,6,7,7,39,2,0,2,41
12/15/2022,GPT,MS,ASO,CE,Combined TRACON& Tower with Radar,18,12,19,59,108,0,3,28,19,50,18,15,47,78,158,34,2,36,194
12/16/2022,GPT,MS,ASO,CE,Combined TRACON& Tower with Radar,21,9,26,54,110,0,0,43,15,58,21,9,69,69,168,52,30,82,250
12/17/2022,GPT,MS,ASO,CE,Combined TRACON& Tower with Radar,21,5,13,16,55,0,0,32,5,37,21,5,45,21,92,30,0,30,122
12/18/2022,GPT,MS,ASO,CE,Combined TRACON& Tower with Radar,18,7,14,14,53,0,0,43,0,43,18,7,57,14,96,73,0,73,169
12/19/2022,GPT,MS,ASO,CE,Combined TRACON& Tower with Radar,18,6,5,31,60,0,2,10,7,19,18,8,15,38,79,8,2,10,89
12/20/2022,GPT,MS,ASO,CE,Combined TRACON& Tower with Radar,18,8,16,18,60,0,0,0,0,0,18,8,16,18,60,0,0,0,60
12/21/2022,GPT,MS,ASO,CE,Combined TRACON& Tower with Radar,18,10,18,42,88,0,0,1,0,1,18,10,19,42,89,0,0,0,89
12/22/2022,GPT,MS,ASO,CE,Combined TRACON& Tower with Radar,19,7,12,82,120,0,0,14,5,19,19,7,26,87,139,12,80,92,231
12/23/2022,GPT,MS,ASO,CE,Combined TRACON& Tower with Radar,20,7,7,2,36,0,0,6,0,6,20,7,13,2,42,6,0,6,48
12/24/2022,GPT,MS,ASO,CE,Combined TRACON& Tower with Radar,14,8,7,0,29,0,0,6,0,6,14,8,13,0,35,14,0,14,49
12/25/2022,GPT,MS,ASO,CE,Combined TRACON& Tower with Radar,12,4,2,0,18,0,0,7,0,7,12,4,9,0,25,12,0,12,37
12/26/2022,GPT,MS,ASO,CE,Combined TRACON& Tower with Radar,17,5,10,0,32,0,0,37,0,37,17,5,47,0,69,34,0,34,103
12/27/2022,GPT,MS,ASO,CE,Combined TRACON& Tower with Radar,14,9,8,21,52,0,2,30,9,41,14,11,38,30,93,46,8,54,147
12/28/2022,GPT,MS,ASO,CE,Combined TRACON& Tower with Radar,17,9,10,44,80,0,0,19,4,23,17,9,29,48,103,20,0,20,123
12/29/2022,GPT,MS,ASO,CE,Combined TRACON& Tower with Radar,14,7,14,51,86,0,0,25,2,27,14,7,39,53,113,18,0,18,131
12/30/2022,GPT,MS,ASO,CE,Combined TRACON& Tower with Radar,19,6,7,2,34,0,0,0,0,0,19,6,7,2,34,0,0,0,34
12/31/2022,GPT,MS,ASO,CE,Combined TRACON& Tower with Radar,11,4,5,0,20,0,0,0,0,0,11,4,5,0,20,0,0,0,20
01/01/2023,GPT,MS,ASO,CE,Combined TRACON& Tower with Radar,16,5,8,0,29,0,0,0,0,0,16,5,8,0,29,0,0,0,29
01/02/2023,GPT,MS,ASO,CE,Combined TRACON& Tower with Radar,15,8,12,2,37,0,0,0,0,0,15,8,12,2,37,0,0,0,37
01/03/2023,GPT,MS,ASO,CE,Combined TRACON& Tower with Radar,15,3,5,8,31,0,0,0,0,0,15,3,5,8,31,0,0,0,31
01/04/2023,GPT,MS,ASO,CE,Combined TRACON& Tower with Radar,16,9,5,158,188,0,4,25,23,52,16,13,30,181,240,36,58,94,334
01/05/2023,GPT,MS,ASO,CE,Combined TRACON& Tower with Radar,18,7,16,77,118,0,5,34,8,47,18,12,50,85,165,14,16,30,195
01/06/2023,GPT,MS,ASO,CE,Combined TRACON& Tower with Radar,18,6,13,105,142,0,0,33,14,47,18,6,46,119,189,29,42,71,260
01/07/2023,GPT,MS,ASO,CE,Combined TRACON& Tower with Radar,17,5,18,8,48,0,0,38,6,44,17,5,56,14,92,48,2,50,142
01/08/2023,GPT,MS,ASO,CE,Combined TRACON& Tower with Radar,16,4,6,3,29,0,0,10,0,10,16,4,16,3,39,34,0,34,73
01/09/2023,GPT,MS,ASO,CE,Combined TRACON& Tower with Radar,20,5,17,80,122,0,0,29,19,48,20,5,46,99,170,26,28,54,224
01/10/2023,GPT,MS,ASO,CE,Combined TRACON& Tower with Radar,18,6,14,143,181,0,0,35,13,48,18,6,49,156,229,14,0,14,243
01/11/2023,GPT,MS,ASO,CE,Combined TRACON& Tower with Radar,18,10,18,101,147,0,0,3,1,4,18,10,21,102,151,0,0,0,151
01/12/2023,GPT,MS,ASO,CE,Combined TRACON& Tower with Radar,18,9,12,19,58,0,0,9,1,10,18,9,21,20,68,0,0,0,68
01/13/2023,GPT,MS,ASO,CE,Combined TRACON& Tower with Radar,19,7,12,78,116,0,0,8,9,17,19,7,20,87,133,2,2,4,137
01/14/2023,GPT,MS,ASO,CE,Combined TRACON& Tower with Radar,16,7,6,16,45,0,1,41,9,51,16,8,47,25,96,24,0,24,120
01/15/2023,GPT,MS,ASO,CE,Combined TRACON& Tower with Radar,20,4,7,6,37,0,0,42,6,48,20,4,49,12,85,48,0,48,133
01/16/2023,GPT,MS,ASO,CE,Combined TRACON& Tower with Radar,24,6,18,8,56,0,0,26,0,26,24,6,44,8,82,26,0,26,108
01/17/2023,GPT,MS,ASO,CE,Combined TRACON& Tower with Radar,22,11,14,40,87,0,4,14,8,26,22,15,28,48,113,12,82,94,207
01/18/2023,GPT,MS,ASO,CE,Combined TRACON& Tower with Radar,22,9,7,127,165,0,0,6,7,13,22,9,13,134,178,0,0,0,178
01/19/2023,GPT,MS,ASO,CE,Combined TRACON& Tower with Radar,20,10,26,86,142,0,2,18,11,31,20,12,44,97,173,22,8,30,203
01/20/2023,GPT,MS,ASO,CE,Combined TRACON& Tower with Radar,18,9,19,57,103,0,4,27,20,51,18,13,46,77,154,42,48,90,244
01/21/2023,GPT,MS,ASO,CE,Combined TRACON& Tower with Radar,21,5,12,17,55,0,0,3,0,3,21,5,15,17,58,32,0,32,90
01/22/2023,GPT,MS,ASO,CE,Combined TRACON& Tower with Radar,16,4,4,28,52,0,0,3,8,11,16,4,7,36,63,0,0,0,63
01/23/2023,GPT,MS,ASO,CE,Combined TRACON& Tower with Radar,22,9,14,110,155,0,0,28,14,42,22,9,42,124,197,22,40,62,259
01/24/2023,GPT,MS,ASO,CE,Combined TRACON& Tower with Radar,21,5,12,33,71,0,0,9,11,20,21,5,21,44,91,0,30,30,121
01/25/2023,GPT,MS,ASO,CE,Combined TRACON& Tower with Radar,18,8,16,134,176,0,6,27,15,48,18,14,43,149,224,24,71,95,319
01/26/2023,GPT,MS,ASO,CE,Combined TRACON& Tower with Radar,19,7,21,81,128,0,0,20,18,38,19,7,41,99,166,22,50,72,238
01/27/2023,GPT,MS,ASO,CE,Combined TRACON& Tower with Radar,20,9,19,60,108,0,0,24,18,42,20,9,43,78,150,0,0,0,150
01/28/2023,GPT,MS,ASO,CE,Combined TRACON& Tower with Radar,19,7,22,47,95,0,0,35,8,43,19,7,57,55,138,54,0,54,192
01/29/2023,GPT,MS,ASO,CE,Combined TRACON& Tower with Radar,15,4,7,2,28,0,0,6,0,6,15,4,13,2,34,0,0,0,34
01/30/2023,GPT,MS,ASO,CE,Combined TRACON& Tower with Radar,18,3,12,15,48,0,0,0,0,0,18,3,12,15,48,0,0,0,48
01/31/2023,GPT,MS,ASO,CE,Combined TRACON& Tower with Radar,17,2,9,16,44,0,0,0,0,0,17,2,9,16,44,0,0,0,44
02/01/2023,GPT,MS,ASO,CE,Combined TRACON& Tower with Radar,16,6,14,60,96,0,0,0,0,0,16,6,14,60,96,0,0,0,96
02/02/2023,GPT,MS,ASO,CE,Combined TRACON& Tower with Radar,20,7,8,18,53,0,0,0,0,0,20,7,8,18,53,0,0,0,53
02/03/2023,GPT,MS,ASO,CE,Combined TRACON& Tower with Radar,20,7,31,68,126,0,0,23,26,49,20,7,54,94,175,16,11,27,202
02/04/2023,GPT,MS,ASO,CE,Combined TRACON& Tower with Radar,20,9,12,18,59,0,0,32,2,34,20,9,44,20,93,70,26,96,189
02/05/2023,GPT,MS,ASO,CE,Combined TRACON& Tower with Radar,20,8,14,40,82,0,0,46,7,53,20,8,60,47,135,59,0,59,194
02/06/2023,GPT,MS,ASO,CE,Combined TRACON& Tower with Radar,19,5,16,95,135,0,0,23,27,50,19,5,39,122,185,47,19,66,251
02/07/2023,GPT,MS,ASO,CE,Combined TRACON& Tower with Radar,15,8,18,66,107,0,0,7,3,10,15,8,25,69,117,28,20,48,165
02/08/2023,GPT,MS,ASO,CE,Combined TRACON& Tower with Radar,21,9,13,27,70,0,1,2,3,6,21,10,15,30,76,0,12,12,88
02/09/2023,GPT,MS,ASO,CE,Combined TRACON& Tower with Radar,19,7,28,104,158,0,0,6,4,10,19,7,34,108,168,21,86,107,275
02/10/2023,GPT,MS,ASO,CE,Combined TRACON& Tower with Radar,19,11,28,43,101,0,1,11,10,22,19,12,39,53,123,44,42,86,209
02/11/2023,GPT,MS,ASO,CE,Combined TRACON& Tower with Radar,18,6,18,4,46,0,0,0,0,0,18,6,18,4,46,0,0,0,46
02/12/2023,GPT,MS,ASO,CE,Combined TRACON& Tower with Radar,18,10,18,7,53,0,3,30,6,39,18,13,48,13,92,62,0,62,154
02/13/2023,GPT,MS,ASO,CE,Combined TRACON& Tower with Radar,22,7,38,61,128,0,1,34,1,36,22,8,72,62,164,74,14,88,252
02/14/2023,GPT,MS,ASO,CE,Combined TRACON& Tower with Radar,22,7,19,80,128,0,0,25,7,32,22,7,44,87,160,10,40,50,210
02/15/2023,GPT,MS,ASO,CE,Combined TRACON& Tower with Radar,19,11,13,39,82,0,1,21,10,32,19,12,34,49,114,24,0,24,138
02/16/2023,GPT,MS,ASO,CE,Combined TRACON& Tower with Radar,22,8,15,17,62,0,0,0,0,0,22,8,15,17,62,0,0,0,62
02/17/2023,GPT,MS,ASO,CE,Combined TRACON& Tower with Radar,22,5,21,16,64,0,0,11,9,20,22,5,32,25,84,0,0,0,84
02/18/2023,GPT,MS,ASO,CE,Combined TRACON& Tower with Radar,20,5,12,10,47,0,0,34,2,36,20,5,46,12,83,24,0,24,107
02/19/2023,GPT,MS,ASO,CE,Combined TRACON& Tower with Radar,17,6,20,7,50,0,4,35,0,39,17,10,55,7,89,0,0,0,89
02/20/2023,GPT,MS,ASO,CE,Combined TRACON& Tower with Radar,25,6,5,4,40,0,0,17,2,19,25,6,22,6,59,2,0,2,61
02/21/2023,GPT,MS,ASO,CE,Combined TRACON& Tower with Radar,20,7,17,78,122,0,1,12,6,19,20,8,29,84,141,28,6,34,175
02/22/2023,GPT,MS,ASO,CE,Combined TRACON& Tower with Radar,18,7,15,56,96,0,0,2,3,5,18,7,17,59,101,6,6,12,113
02/23/2023,GPT,MS,ASO,CE,Combined TRACON& Tower with Radar,25,8,14,81,128,0,0,0,4,4,25,8,14,85,132,0,0,0,132
02/24/2023,GPT,MS,ASO,CE,Combined TRACON& Tower with Radar,20,7,16,22,65,0,0,2,3,5,20,7,18,25,70,0,0,0,70
02/25/2023,GPT,MS,ASO,CE,Combined TRACON& Tower with Radar,19,6,5,23,53,0,0,13,6,19,19,6,18,29,72,18,0,18,90
02/26/2023,GPT,MS,ASO,CE,Combined TRACON& Tower with Radar,18,9,16,16,59,0,0,23,4,27,18,9,39,20,86,51,0,51,137
02/27/2023,GPT,MS,ASO,CE,Combined TRACON& Tower with Radar,19,12,12,64,107,0,0,5,5,10,19,12,17,69,117,2,0,2,119
02/28/2023,GPT,MS,ASO,CE,Combined TRACON& Tower with Radar,17,11,27,91,146,0,1,19,5,25,17,12,46,96,171,8,42,50,221
03/01/2023,GPT,MS,ASO,CE,Combined TRACON& Tower with Radar,23,9,20,58,110,0,0,7,1,8,23,9,27,59,118,34,0,34,152
03/02/2023,GPT,MS,ASO,CE,Combined TRACON& Tower with Radar,21,11,10,109,151,0,0,2,2,4,21,11,12,111,155,26,1,27,182
03/03/2023,GPT,MS,ASO,CE,Combined TRACON& Tower with Radar,24,9,12,52,97,0,0,6,13,19,24,9,18,65,116,10,26,36,152
03/04/2023,GPT,MS,ASO,CE,Combined TRACON& Tower with Radar,17,7,17,11,52,0,2,55,6,63,17,9,72,17,115,114,0,114,229
03/05/2023,GPT,MS,ASO,CE,Combined TRACON& Tower with Radar,21,10,10,11,52,0,0,46,19,65,21,10,56,30,117,105,0,105,222
03/06/2023,GPT,MS,ASO,CE,Combined TRACON& Tower with Radar,21,7,36,26,90,0,0,0,0,0,21,7,36,26,90,4,0,4,94
03/07/2023,GPT,MS,ASO,CE,Combined TRACON& Tower with Radar,20,13,16,63,112,0,6,21,10,37,20,19,37,73,149,48,8,56,205
03/08/2023,GPT,MS,ASO,CE,Combined TRACON& Tower with Radar,21,9,9,70,109,0,4,8,3,15,21,13,17,73,124,20,8,28,152
03/09/2023,GPT,MS,ASO,CE,Combined TRACON& Tower with Radar,23,15,16,52,106,0,0,17,0,17,23,15,33,52,123,38,0,38,161
03/10/2023,GPT,MS,ASO,CE,Combined TRACON& Tower with Radar,21,13,26,86,146,0,0,24,7,31,21,13,50,93,177,56,28,84,261
03/11/2023,GPT,MS,ASO,CE,Combined TRACON& Tower with Radar,19,11,14,13,57,0,0,22,4,26,19,11,36,17,83,86,4,90,173
03/12/2023,GPT,MS,ASO,CE,Combined TRACON& Tower with Radar,18,12,23,2,55,0,0,2,2,4,18,12,25,4,59,0,0,0,59
03/13/2023,GPT,MS,ASO,CE,Combined TRACON& Tower with Radar,24,7,18,64,113,0,0,26,11,37,24,7,44,75,150,26,16,42,192
03/14/2023,GPT,MS,ASO,CE,Combined TRACON& Tower with Radar,21,6,17,96,140,0,2,26,24,52,21,8,43,120,192,24,58,82,274
03/15/2023,GPT,MS,ASO,CE,Combined TRACON& Tower with Radar,21,11,14,88,134,0,0,41,16,57,21,11,55,104,191,74,64,138,329
03/16/2023,GPT,MS,ASO,CE,Combined TRACON& Tower with Radar,17,13,27,82,139,0,1,31,13,45,17,14,58,95,184,64,28,92,276
03/17/2023,GPT,MS,ASO,CE,Combined TRACON& Tower with Radar,22,9,13,0,44,0,0,1,2,3,22,9,14,2,47,0,0,0,47
03/18/2023,GPT,MS,ASO,CE,Combined TRACON& Tower with Radar,16,11,18,18,63,0,0,9,14,23,16,11,27,32,86,0,0,0,86
03/19/2023,GPT,MS,ASO,CE,Combined TRACON& Tower with Radar,20,6,35,15,76,0,0,25,10,35,20,6,60,25,111,48,0,48,159
03/20/2023,GPT,MS,ASO,CE,Combined TRACON& Tower with Radar,23,8,31,55,117,0,2,40,11,53,23,10,71,66,170,40,84,124,294
03/21/2023,GPT,MS,ASO,CE,Combined TRACON& Tower with Radar,23,9,34,82,148,0,0,31,15,46,23,9,65,97,194,46,48,94,288
03/22/2023,GPT,MS,ASO,CE,Combined TRACON& Tower with Radar,23,8,41,92,164,0,1,49,16,66,23,9,90,108,230,12,106,118,348
03/23/2023,GPT,MS,ASO,CE,Combined TRACON& Tower with Radar,18,9,37,60,124,0,0,4,0,4,18,9,41,60,128,0,0,0,128
03/24/2023,GPT,MS,ASO,CE,Combined TRACON& Tower with Radar,24,7,23,75,129,0,0,6,4,10,24,7,29,79,139,2,4,6,145
03/25/2023,GPT,MS,ASO,CE,Combined TRACON& Tower with Radar,19,7,22,3,51,0,0,16,2,18,19,7,38,5,69,0,0,0,69
03/26/2023,GPT,MS,ASO,CE,Combined TRACON& Tower with Radar,19,5,17,5,46,0,0,0,0,0,19,5,17,5,46,0,0,0,46
03/27/2023,GPT,MS,ASO,CE,Combined TRACON& Tower with Radar,30,5,19,26,80,0,1,6,1,8,30,6,25,27,88,2,14,16,104
03/28/2023,GPT,MS,ASO,CE,Combined TRACON& Tower with Radar,21,6,6,25,58,0,0,5,14,19,21,6,11,39,77,0,0,0,77
03/29/2023,GPT,MS,ASO,CE,Combined TRACON& Tower with Radar,23,8,14,43,88,0,0,35,16,51,23,8,49,59,139,12,44,56,195
03/30/2023,GPT,MS,ASO,CE,Combined TRACON& Tower with Radar,25,10,24,39,98,0,4,45,7,56,25,14,69,46,154,50,14,64,218
03/31/2023,GPT,MS,ASO,CE,Combined TRACON& Tower with Radar,20,8,19,104,151,0,1,18,3,22,20,9,37,107,173,24,16,40,213
04/01/2023,GPT,MS,ASO,CE,Combined TRACON& Tower with Radar,18,6,14,15,53,0,0,17,0,17,18,6,31,15,70,4,0,4,74
04/02/2023,GPT,MS,ASO,CE,Combined TRACON& Tower with Radar,20,9,19,22,70,0,1,24,6,31,20,10,43,28,101,0,0,0,101
04/03/2023,GPT,MS,ASO,CE,Combined TRACON& Tower with Radar,26,9,11,70,116,0,0,3,0,3,26,9,14,70,119,10,30,40,159
04/04/2023,GPT,MS,ASO,CE,Combined TRACON& Tower with Radar,22,10,23,71,126,0,0,0,0,0,22,10,23,71,126,0,0,0,126
04/05/2023,GPT,MS,ASO,CE,Combined TRACON& Tower with Radar,19,4,21,60,104,0,0,0,2,2,19,4,21,62,106,0,0,0,106
04/06/2023,GPT,MS,ASO,CE,Combined TRACON& Tower with Radar,19,12,11,29,71,2,0,8,2,12,21,12,19,31,83,0,0,0,83
04/07/2023,GPT,MS,ASO,CE,Combined TRACON& Tower with Radar,19,9,24,5,57,0,0,2,0,2,19,9,26,5,59,0,0,0,59
04/08/2023,GPT,MS,ASO,CE,Combined TRACON& Tower with Radar,21,6,15,4,46,0,0,1,0,1,21,6,16,4,47,4,0,4,51
04/09/2023,GPT,MS,ASO,CE,Combined TRACON& Tower with Radar,17,5,14,4,40,0,0,0,1,1,17,5,14,5,41,0,0,0,41
04/10/2023,GPT,MS,ASO,CE,Combined TRACON& Tower with Radar,19,12,19,36,86,0,2,21,1,24,19,14,40,37,110,2,0,2,112
04/11/2023,GPT,MS,ASO,CE,Combined TRACON& Tower with Radar,21,10,16,29,76,0,0,23,5,28,21,10,39,34,104,32,10,42,146
04/12/2023,GPT,MS,ASO,CE,Combined TRACON& Tower with Radar,18,12,21,29,80,0,0,20,8,28,18,12,41,37,108,32,0,32,140
04/13/2023,GPT,MS,ASO,CE,Combined TRACON& Tower with Radar,26,8,18,83,135,0,0,6,6,12,26,8,24,89,147,0,0,0,147
04/14/2023,GPT,MS,ASO,CE,Combined TRACON& Tower with Radar,20,8,27,42,97,0,4,40,20,64,20,12,67,62,161,56,22,78,239
04/15/2023,GPT,MS,ASO,CE,Combined TRACON& Tower with Radar,16,6,13,7,42,0,5,3,0,8,16,11,16,7,50,14,0,14,64
04/16/2023,GPT,MS,ASO,CE,Combined TRACON& Tower with Radar,19,10,26,5,60,0,4,20,19,43,19,14,46,24,103,0,0,0,103
04/17/2023,GPT,MS,ASO,CE,Combined TRACON& Tower with Radar,22,13,20,98,153,0,5,44,20,69,22,18,64,118,222,20,28,48,270
04/18/2023,GPT,MS,ASO,CE,Combined TRACON& Tower with Radar,22,11,24,57,114,0,0,32,34,66,22,11,56,91,180,28,18,46,226
04/19/2023,GPT,MS,ASO,CE,Combined TRACON& Tower with Radar,20,11,16,91,138,0,0,31,29,60,20,11,47,120,198,54,14,68,266
04/20/2023,GPT,MS,ASO,CE,Combined TRACON& Tower with Radar,26,17,21,44,108,0,0,23,11,34,26,17,44,55,142,50,6,56,198
04/21/2023,GPT,MS,ASO,CE,Combined TRACON& Tower with Radar,17,11,24,45,97,0,3,27,14,44,17,14,51,59,141,72,10,82,223
04/22/2023,GPT,MS,ASO,CE,Combined TRACON& Tower with Radar,15,12,17,3,47,0,2,24,14,40,15,14,41,17,87,12,2,14,101
04/23/2023,GPT,MS,ASO,CE,Combined TRACON& Tower with Radar,21,13,22,17,73,0,0,37,20,57,21,13,59,37,130,28,6,34,164
04/24/2023,GPT,MS,ASO,CE,Combined TRACON& Tower with Radar,24,6,6,64,100,0,0,31,33,64,24,6,37,97,164,48,12,60,224
04/25/2023,GPT,MS,ASO,CE,Combined TRACON& Tower with Radar,17,8,21,71,117,0,1,49,35,85,17,9,70,106,202,32,34,66,268
04/26/2023,GPT,MS,ASO,CE,Combined TRACON& Tower with Radar,18,13,17,90,138,0,0,30,28,58,18,13,47,118,196,20,16,36,232
04/27/2023,GPT,MS,ASO,CE,Combined TRACON& Tower with Radar,18,10,16,29,73,0,1,9,8,18,18,11,25,37,91,12,12,24,115
04/28/2023,GPT,MS,ASO,CE,Combined TRACON& Tower with Radar,16,12,17,53,98,0,1,36,16,53,16,13,53,69,151,12,26,38,189
04/29/2023,GPT,MS,ASO,CE,Combined TRACON& Tower with Radar,20,6,14,2,42,0,0,10,0,10,20,6,24,2,52,40,0,40,92
04/30/2023,GPT,MS,ASO,CE,Combined TRACON& Tower with Radar,20,6,21,2,49,0,1,22,3,26,20,7,43,5,75,28,0,28,103
05/01/2023,GPT,MS,ASO,CE,Combined TRACON& Tower with Radar,23,7,14,93,137,0,0,39,23,62,23,7,53,116,199,12,46,58,257
05/02/2023,GPT,MS,ASO,CE,Combined TRACON& Tower with Radar,19,7,24,87,137,0,1,46,18,65,19,8,70,105,202,43,24,67,269
05/03/2023,GPT,MS,ASO,CE,Combined TRACON& Tower with Radar,26,8,22,127,183,0,2,26,14,42,26,10,48,141,225,30,60,90,315
05/04/2023,GPT,MS,ASO,CE,Combined TRACON& Tower with Radar,19,7,24,62,112,0,0,37,17,54,19,7,61,79,166,50,0,50,216
05/05/2023,GPT,MS,ASO,CE,Combined TRACON& Tower with Radar,18,11,31,4,64,0,0,2,0,2,18,11,33,4,66,0,0,0,66
05/06/2023,GPT,MS,ASO,CE,Combined TRACON& Tower with Radar,18,8,12,0,38,0,0,2,0,2,18,8,14,0,40,0,0,0,40
05/07/2023,GPT,MS,ASO,CE,Combined TRACON& Tower with Radar,21,8,20,22,71,0,0,14,0,14,21,8,34,22,85,4,0,4,89
05/08/2023,GPT,MS,ASO,CE,Combined TRACON& Tower with Radar,19,7,25,37,88,0,0,5,0,5,19,7,30,37,93,12,0,12,105
05/09/2023,GPT,MS,ASO,CE,Combined TRACON& Tower with Radar,16,6,15,11,48,0,0,10,7,17,16,6,25,18,65,22,20,42,107
05/10/2023,GPT,MS,ASO,CE,Combined TRACON& Tower with Radar,18,9,25,107,159,0,0,23,1,24,18,9,48,108,183,30,38,68,251
05/11/2023,GPT,MS,ASO,CE,Combined TRACON& Tower with Radar,23,10,20,27,80,0,0,7,1,8,23,10,27,28,88,31,9,40,128
05/12/2023,GPT,MS,ASO,CE,Combined TRACON& Tower with Radar,17,11,16,89,133,0,0,21,12,33,17,11,37,101,166,2,32,34,200
05/13/2023,GPT,MS,ASO,CE,Combined TRACON& Tower with Radar,18,10,18,10,56,0,0,33,8,41,18,10,51,18,97,30,26,56,153
05/14/2023,GPT,MS,ASO,CE,Combined TRACON& Tower with Radar,19,5,15,20,59,0,0,27,15,42,19,5,42,35,101,36,0,36,137
05/15/2023,GPT,MS,ASO,CE,Combined TRACON& Tower with Radar,18,8,21,75,122,0,4,24,11,39,18,12,45,86,161,24,24,48,209
05/16/2023,GPT,MS,ASO,CE,Combined TRACON& Tower with Radar,15,11,10,79,115,0,4,26,17,47,15,15,36,96,162,24,10,34,196
05/17/2023,GPT,MS,ASO,CE,Combined TRACON& Tower with Radar,26,6,21,19,72,0,0,13,1,14,26,6,34,20,86,12,16,28,114
05/18/2023,GPT,MS,ASO,CE,Combined TRACON& Tower with Radar,20,11,17,61,109,0,0,27,23,50,20,11,44,84,159,34,30,64,223
05/19/2023,GPT,MS,ASO,CE,Combined TRACON& Tower with Radar,16,8,18,44,86,0,0,36,14,50,16,8,54,58,136,16,0,16,152
05/20/2023,GPT,MS,ASO,CE,Combined TRACON& Tower with Radar,22,9,12,18,61,0,4,32,7,43,22,13,44,25,104,20,6,26,130
05/21/2023,GPT,MS,ASO,CE,Combined TRACON& Tower with Radar,20,10,18,28,76,0,0,34,7,41,20,10,52,35,117,48,0,48,165
05/22/2023,GPT,MS,ASO,CE,Combined TRACON& Tower with Radar,23,7,9,94,133,0,0,29,12,41,23,7,38,106,174,70,32,102,276
05/23/2023,GPT,MS,ASO,CE,Combined TRACON& Tower with Radar,19,13,31,85,148,0,2,16,13,31,19,15,47,98,179,26,66,92,271
05/24/2023,GPT,MS,ASO,CE,Combined TRACON& Tower with Radar,19,10,19,73,121,0,1,15,9,25,19,11,34,82,146,0,6,6,152
05/25/2023,GPT,MS,ASO,CE,Combined TRACON& Tower with Radar,21,10,22,120,173,0,2,36,17,55,21,12,58,137,228,24,8,32,260
05/26/2023,GPT,MS,ASO,CE,Combined TRACON& Tower with Radar,18,11,28,45,102,0,0,32,13,45,18,11,60,58,147,50,0,50,197
05/27/2023,GPT,MS,ASO,CE,Combined TRACON& Tower with Radar,21,8,17,11,57,0,0,25,7,32,21,8,42,18,89,24,0,24,113
05/28/2023,GPT,MS,ASO,CE,Combined TRACON& Tower with Radar,21,11,17,18,67,0,2,26,9,37,21,13,43,27,104,38,0,38,142
05/29/2023,GPT,MS,ASO,CE,Combined TRACON& Tower with Radar,19,6,17,2,44,0,1,25,5,31,19,7,42,7,75,18,0,18,93
05/30/2023,GPT,MS,ASO,CE,Combined TRACON& Tower with Radar,17,8,9,62,96,0,1,28,3,32,17,9,37,65,128,48,2,50,178
05/31/2023,GPT,MS,ASO,CE,Combined TRACON& Tower with Radar,22,8,8,115,153,0,0,22,23,45,22,8,30,138,198,23,24,47,245
06/01/2023,GPT,MS,ASO,CE,Combined TRACON& Tower with Radar,26,8,22,107,163,0,1,24,11,36,26,9,46,118,199,38,0,38,237
06/02/2023,GPT,MS,ASO,CE,Combined TRACON& Tower with Radar,25,8,13,129,175,0,2,24,21,47,25,10,37,150,222,36,32,68,290
06/03/2023,GPT,MS,ASO,CE,Combined TRACON& Tower with Radar,20,7,10,18,55,0,0,28,2,30,20,7,38,20,85,58,0,58,143
06/04/2023,GPT,MS,ASO,CE,Combined TRACON& Tower with Radar,19,9,15,45,88,0,0,14,7,21,19,9,29,52,109,12,2,14,123
06/05/2023,GPT,MS,ASO,CE,Combined TRACON& Tower with Radar,21,9,21,69,120,0,0,35,18,53,21,9,56,87,173,54,26,80,253
06/06/2023,GPT,MS,ASO,CE,Combined TRACON& Tower with Radar,21,11,16,19,67,0,0,29,2,31,21,11,45,21,98,0,0,0,98
06/07/2023,GPT,MS,ASO,CE,Combined TRACON& Tower with Radar,24,10,37,93,164,0,5,35,23,63,24,15,72,116,227,18,12,30,257
06/08/2023,GPT,MS,ASO,CE,Combined TRACON& Tower with Radar,21,9,21,30,81,0,0,24,4,28,21,9,45,34,109,34,0,34,143
06/09/2023,GPT,MS,ASO,CE,Combined TRACON& Tower with Radar,18,8,18,47,91,0,1,27,10,38,18,9,45,57,129,35,0,35,164
06/10/2023,GPT,MS,ASO,CE,Combined TRACON& Tower with Radar,20,8,12,20,60,0,2,26,6,34,20,10,38,26,94,20,4,24,118
06/11/2023,GPT,MS,ASO,CE,Combined TRACON& Tower with Radar,16,13,37,54,120,0,4,37,2,43,16,17,74,56,163,38,0,38,201
06/12/2023,GPT,MS,ASO,CE,Combined TRACON& Tower with Radar,24,8,20,65,117,0,0,37,5,42,24,8,57,70,159,40,62,102,261
06/13/2023,GPT,MS,ASO,CE,Combined TRACON& Tower with Radar,26,7,16,41,90,0,0,48,10,58,26,7,64,51,148,126,28,154,302
06/14/2023,GPT,MS,ASO,CE,Combined TRACON& Tower with Radar,23,12,22,75,132,0,0,14,12,26,23,12,36,87,158,0,0,0,158
06/15/2023,GPT,MS,ASO,CE,Combined TRACON& Tower with Radar,20,15,21,3,59,0,0,9,4,13,20,15,30,7,72,0,0,0,72
06/16/2023,GPT,MS,ASO,CE,Combined TRACON& Tower with Radar,25,9,18,27,79,0,0,8,5,13,25,9,26,32,92,0,0,0,92
06/17/2023,GPT,MS,ASO,CE,Combined TRACON& Tower with Radar,20,13,7,2,42,0,0,16,3,19,20,13,23,5,61,0,0,0,61
06/18/2023,GPT,MS,ASO,CE,Combined TRACON& Tower with Radar,19,8,22,6,55,0,0,9,0,9,19,8,31,6,64,8,0,8,72
06/19/2023,GPT,MS,ASO,CE,Combined TRACON& Tower with Radar,23,8,13,0,44,0,0,3,0,3,23,8,16,0,47,0,0,0,47
06/20/2023,GPT,MS,ASO,CE,Combined TRACON& Tower with Radar,20,9,12,15,56,0,0,11,0,11,20,9,23,15,67,12,0,12,79
06/21/2023,GPT,MS,ASO,CE,Combined TRACON& Tower with Radar,23,8,27,93,151,0,2,28,22,52,23,10,55,115,203,32,74,106,309
06/22/2023,GPT,MS,ASO,CE,Combined TRACON& Tower with Radar,22,9,17,51,99,0,4,35,9,48,22,13,52,60,147,56,4,60,207
06/23/2023,GPT,MS,ASO,CE,Combined TRACON& Tower with Radar,20,13,17,66,116,0,7,27,0,34,20,20,44,66,150,44,0,44,194
06/24/2023,GPT,MS,ASO,CE,Combined TRACON& Tower with Radar,21,12,19,21,73,0,8,24,9,41,21,20,43,30,114,14,14,28,142
06/25/2023,GPT,MS,ASO,CE,Combined TRACON& Tower with Radar,21,10,13,4,48,0,0,26,7,33,21,10,39,11,81,14,0,14,95
06/26/2023,GPT,MS,ASO,CE,Combined TRACON& Tower with Radar,20,10,17,32,79,0,3,29,7,39,20,13,46,39,118,76,0,76,194
06/27/2023,GPT,MS,ASO,CE,Combined TRACON& Tower with Radar,19,10,12,99,140,0,2,19,34,55,19,12,31,133,195,52,38,90,285
06/28/2023,GPT,MS,ASO,CE,Combined TRACON& Tower with Radar,23,15,20,74,132,0,0,41,12,53,23,15,61,86,185,8,14,22,207
06/29/2023,GPT,MS,ASO,CE,Combined TRACON& Tower with Radar,18,8,15,63,104,0,0,45,13,58,18,8,60,76,162,20,8,28,190
06/30/2023,GPT,MS,ASO,CE,Combined TRACON& Tower with Radar,18,9,11,33,71,0,2,37,4,43,18,11,48,37,114,40,10,50,164
07/01/2023,GPT,MS,ASO,CE,Combined TRACON& Tower with Radar,26,8,10,4,48,0,0,38,1,39,26,8,48,5,87,0,0,0,87
07/02/2023,GPT,MS,ASO,CE,Combined TRACON& Tower with Radar,18,6,3,0,27,0,0,20,0,20,18,6,23,0,47,70,0,70,117
07/03/2023,GPT,MS,ASO,CE,Combined TRACON& Tower with Radar,18,7,7,0,32,0,0,10,1,11,18,7,17,1,43,12,0,12,55
07/04/2023,GPT,MS,ASO,CE,Combined TRACON& Tower with Radar,18,4,11,0,33,0,0,11,1,12,18,4,22,1,45,0,0,0,45
07/05/2023,GPT,MS,ASO,CE,Combined TRACON& Tower with Radar,20,10,6,26,62,0,1,12,11,24,20,11,18,37,86,0,0,0,86
07/06/2023,GPT,MS,ASO,CE,Combined TRACON& Tower with Radar,18,11,8,47,84,0,0,33,15,48,18,11,41,62,132,32,6,38,170
07/07/2023,GPT,MS,ASO,CE,Combined TRACON& Tower with Radar,22,10,15,92,139,0,0,31,10,41,22,10,46,102,180,0,0,0,180
07/08/2023,GPT,MS,ASO,CE,Combined TRACON& Tower with Radar,22,8,6,14,50,0,2,16,2,20,22,10,22,16,70,8,0,8,78
07/09/2023,GPT,MS,ASO,CE,Combined TRACON& Tower with Radar,18,7,12,12,49,0,0,8,0,8,18,7,20,12,57,18,0,18,75
07/10/2023,GPT,MS,ASO,CE,Combined TRACON& Tower with Radar,19,9,14,6,48,0,0,14,0,14,19,9,28,6,62,22,0,22,84
07/11/2023,GPT,MS,ASO,CE,Combined TRACON& Tower with Radar,18,8,9,34,69,0,4,21,8,33,18,12,30,42,102,30,12,42,144
07/12/2023,GPT,MS,ASO,CE,Combined TRACON& Tower with Radar,24,8,11,14,57,0,0,13,4,17,24,8,24,18,74,14,0,14,88
07/13/2023,GPT,MS,ASO,CE,Combined TRACON& Tower with Radar,21,7,27,26,81,0,0,22,18,40,21,7,49,44,121,18,5,23,144
07/14/2023,GPT,MS,ASO,CE,Combined TRACON& Tower with Radar,20,8,28,82,138,0,0,42,15,57,20,8,70,97,195,48,1,49,244
07/15/2023,GPT,MS,ASO,CE,Combined TRACON& Tower with Radar,24,7,6,47,84,0,4,42,5,51,24,11,48,52,135,0,0,0,135
07/16/2023,GPT,MS,ASO,CE,Combined TRACON& Tower with Radar,19,6,16,15,56,0,1,16,0,17,19,7,32,15,73,12,0,12,85
07/17/2023,GPT,MS,ASO,CE,Combined TRACON& Tower with Radar,18,9,18,80,125,0,1,39,25,65,18,10,57,105,190,65,22,87,277
07/18/2023,GPT,MS,ASO,CE,Combined TRACON& Tower with Radar,18,9,22,62,111,0,3,43,10,56,18,12,65,72,167,90,0,90,257
07/19/2023,GPT,MS,ASO,CE,Combined TRACON& Tower with Radar,27,11,20,90,148,0,0,53,10,63,27,11,73,100,211,46,66,112,323
07/20/2023,GPT,MS,ASO,CE,Combined TRACON& Tower with Radar,19,18,17,86,140,0,9,27,8,44,19,27,44,94,184,26,16,42,226
07/21/2023,GPT,MS,ASO,CE,Combined TRACON& Tower with Radar,18,15,18,108,159,0,1,25,18,44,18,16,43,126,203,10,50,60,263
07/22/2023,GPT,MS,ASO,CE,Combined TRACON& Tower with Radar,25,7,5,0,37,0,0,25,2,27,25,7,30,2,64,14,0,14,78
07/23/2023,GPT,MS,ASO,CE,Combined TRACON& Tower with Radar,18,11,15,20,64,0,0,18,1,19,18,11,33,21,83,0,0,0,83
07/24/2023,GPT,MS,ASO,CE,Combined TRACON& Tower with Radar,24,9,14,33,80,0,0,31,1,32,24,9,45,34,112,0,0,0,112
07/25/2023,GPT,MS,ASO,CE,Combined TRACON& Tower with Radar,18,9,23,73,123,0,2,30,14,46,18,11,53,87,169,0,0,0,169
07/26/2023,GPT,MS,ASO,CE,Combined TRACON& Tower with Radar,24,14,14,52,104,0,2,24,6,32,24,16,38,58,136,18,0,18,154
07/27/2023,GPT,MS,ASO,CE,Combined TRACON& Tower with Radar,22,18,14,74,128,0,6,38,15,59,22,24,52,89,187,28,26,54,241
07/28/2023,GPT,MS,ASO,CE,Combined TRACON& Tower with Radar,20,15,23,82,140,0,0,24,16,40,20,15,47,98,180,0,26,26,206
07/29/2023,GPT,MS,ASO,CE,Combined TRACON& Tower with Radar,26,12,8,24,70,0,0,30,16,46,26,12,38,40,116,40,14,54,170
07/30/2023,GPT,MS,ASO,CE,Combined TRACON& Tower with Radar,21,11,11,0,43,0,0,33,5,38,21,11,44,5,81,54,0,54,135
07/31/2023,GPT,MS,ASO,CE,Combined TRACON& Tower with Radar,19,7,8,92,126,0,0,34,7,41,19,7,42,99,167,28,4,32,199
08/01/2023,GPT,MS,ASO,CE,Combined TRACON& Tower with Radar,18,10,11,63,102,0,0,34,30,64,18,10,45,93,166,24,38,62,228
08/02/2023,GPT,MS,ASO,CE,Combined TRACON& Tower with Radar,20,15,14,73,122,0,0,25,26,51,20,15,39,99,173,48,68,116,289
08/03/2023,GPT,MS,ASO,CE,Combined TRACON& Tower with Radar,21,11,18,52,102,0,3,42,18,63,21,14,60,70,165,36,28,64,229
08/04/2023,GPT,MS,ASO,CE,Combined TRACON& Tower with Radar,21,11,15,110,157,0,1,38,16,55,21,12,53,126,212,32,74,106,318
08/05/2023,GPT,MS,ASO,CE,Combined TRACON& Tower with Radar,25,9,7,29,70,0,0,21,1,22,25,9,28,30,92,58,0,58,150
08/06/2023,GPT,MS,ASO,CE,Combined TRACON& Tower with Radar,21,9,7,17,54,0,0,24,1,25,21,9,31,18,79,34,0,34,113
08/07/2023,GPT,MS,ASO,CE,Combined TRACON& Tower with Radar,20,7,5,38,70,0,0,24,12,36,20,7,29,50,106,24,0,24,130
08/08/2023,GPT,MS,ASO,CE,Combined TRACON& Tower with Radar,17,13,9,62,101,0,2,28,23,53,17,15,37,85,154,14,36,50,204
08/09/2023,GPT,MS,ASO,CE,Combined TRACON& Tower with Radar,23,16,14,75,128,0,3,21,14,38,23,19,35,89,166,8,34,42,208
08/10/2023,GPT,MS,ASO,CE,Combined TRACON& Tower with Radar,22,10,11,56,99,0,1,31,10,42,22,11,42,66,141,51,24,75,216
08/11/2023,GPT,MS,ASO,CE,Combined TRACON& Tower with Radar,23,9,21,74,127,0,0,25,15,40,23,9,46,89,167,12,50,62,229
08/12/2023,GPT,MS,ASO,CE,Combined TRACON& Tower with Radar,23,8,15,9,55,0,0,27,9,36,23,8,42,18,91,50,0,50,141
08/13/2023,GPT,MS,ASO,CE,Combined TRACON& Tower with Radar,21,6,11,14,52,0,0,29,4,33,21,6,40,18,85,45,0,45,130
08/14/2023,GPT,MS,ASO,CE,Combined TRACON& Tower with Radar,20,7,10,56,93,0,0,32,14,46,20,7,42,70,139,12,14,26,165
08/15/2023,GPT,MS,ASO,CE,Combined TRACON& Tower with Radar,18,10,20,38,86,0,0,22,4,26,18,10,42,42,112,46,8,54,166
08/16/2023,GPT,MS,ASO,CE,Combined TRACON& Tower with Radar,25,10,10,49,94,0,2,38,11,51,25,12,48,60,145,42,30,72,217
08/17/2023,GPT,MS,ASO,CE,Combined TRACON& Tower with Radar,23,10,15,55,103,0,1,32,16,49,23,11,47,71,152,10,34,44,196
08/18/2023,GPT,MS,ASO,CE,Combined TRACON& Tower with Radar,18,10,21,96,145,0,1,23,13,37,18,11,44,109,182,8,36,44,226
08/19/2023,GPT,MS,ASO,CE,Combined TRACON& Tower with Radar,19,7,14,35,75,0,1,53,18,72,19,8,67,53,147,24,60,84,231
08/20/2023,GPT,MS,ASO,CE,Combined TRACON& Tower with Radar,20,7,10,31,68,0,0,28,1,29,20,7,38,32,97,52,0,52,149
08/21/2023,GPT,MS,ASO,CE,Combined TRACON& Tower with Radar,21,7,20,24,72,0,2,19,6,27,21,9,39,30,99,37,0,37,136
08/22/2023,GPT,MS,ASO,CE,Combined TRACON& Tower with Radar,23,6,16,75,120,0,0,29,8,37,23,6,45,83,157,80,0,80,237
08/23/2023,GPT,MS,ASO,CE,Combined TRACON& Tower with Radar,21,7,16,40,84,0,1,28,19,48,21,8,44,59,132,4,0,4,136
08/24/2023,GPT,MS,ASO,CE,Combined TRACON& Tower with Radar,25,6,28,25,84,0,0,32,10,42,25,6,60,35,126,18,0,18,144
08/25/2023,GPT,MS,ASO,CE,Combined TRACON& Tower with Radar,19,10,10,94,133,0,13,33,10,56,19,23,43,104,189,24,0,24,213
08/26/2023,GPT,MS,ASO,CE,Combined TRACON& Tower with Radar,20,6,8,5,39,0,0,12,7,19,20,6,20,12,58,34,0,34,92
08/27/2023,GPT,MS,ASO,CE,Combined TRACON& Tower with Radar,19,8,17,42,86,0,0,12,5,17,19,8,29,47,103,0,0,0,103
08/28/2023,GPT,MS,ASO,CE,Combined TRACON& Tower with Radar,23,6,8,16,53,0,0,13,2,15,23,6,21,18,68,0,12,12,80
08/29/2023,GPT,MS,ASO,CE,Combined TRACON& Tower with Radar,23,7,19,12,61,0,0,6,2,8,23,7,25,14,69,0,14,14,83
08/30/2023,GPT,MS,ASO,CE,Combined TRACON& Tower with Radar,19,7,12,104,142,0,1,21,9,31,19,8,33,113,173,6,22,28,201
08/31/2023,GPT,MS,ASO,CE,Combined TRACON& Tower with Radar,22,7,25,69,123,0,0,34,3,37,22,7,59,72,160,10,12,22,182
01/01/2020,GPT,MS,ASO,CE,Combined TRACON& Tower with Radar,17,9,10,0,36,0,0,7,0,7,17,9,17,0,43,17,0,17,60
01/02/2020,GPT,MS,ASO,CE,Combined TRACON& Tower with Radar,21,11,13,5,50,0,0,0,1,1,21,11,13,6,51,0,0,0,51
01/03/2020,GPT,MS,ASO,CE,Combined TRACON& Tower with Radar,21,14,6,9,50,0,0,0,1,1,21,14,6,10,51,0,0,0,51
01/04/2020,GPT,MS,ASO,CE,Combined TRACON& Tower with Radar,23,9,7,32,71,0,0,15,14,29,23,9,22,46,100,16,0,16,116
01/05/2020,GPT,MS,ASO,CE,Combined TRACON& Tower with Radar,22,9,4,8,43,0,0,23,14,37,22,9,27,22,80,6,0,6,86
01/06/2020,GPT,MS,ASO,CE,Combined TRACON& Tower with Radar,26,13,8,41,88,0,0,15,9,24,26,13,23,50,112,24,8,32,144
01/07/2020,GPT,MS,ASO,CE,Combined TRACON& Tower with Radar,23,8,5,134,170,0,1,14,26,41,23,9,19,160,211,14,108,122,333
01/08/2020,GPT,MS,ASO,CE,Combined TRACON& Tower with Radar,23,8,15,121,167,0,4,19,15,38,23,12,34,136,205,18,50,68,273
01/09/2020,GPT,MS,ASO,CE,Combined TRACON& Tower with Radar,22,10,9,51,92,0,2,4,12,18,22,12,13,63,110,0,8,8,118
01/10/2020,GPT,MS,ASO,CE,Combined TRACON& Tower with Radar,20,7,6,12,45,0,0,1,0,1,20,7,7,12,46,0,0,0,46
01/11/2020,GPT,MS,ASO,CE,Combined TRACON& Tower with Radar,20,8,1,2,31,0,0,2,0,2,20,8,3,2,33,0,0,0,33
01/12/2020,GPT,MS,ASO,CE,Combined TRACON& Tower with Radar,20,12,7,11,50,0,0,2,0,2,20,12,9,11,52,10,0,10,62
01/13/2020,GPT,MS,ASO,CE,Combined TRACON& Tower with Radar,21,15,9,5,50,0,0,0,0,0,21,15,9,5,50,0,0,0,50
01/14/2020,GPT,MS,ASO,CE,Combined TRACON& Tower with Radar,24,4,16,11,55,0,0,0,0,0,24,4,16,11,55,0,0,0,55
01/15/2020,GPT,MS,ASO,CE,Combined TRACON& Tower with Radar,25,7,6,32,70,0,0,0,2,2,25,7,6,34,72,0,10,10,82
01/16/2020,GPT,MS,ASO,CE,Combined TRACON& Tower with Radar,22,11,13,109,155,0,0,0,0,0,22,11,13,109,155,20,2,22,177
01/17/2020,GPT,MS,ASO,CE,Combined TRACON& Tower with Radar,23,10,16,125,174,0,0,15,2,17,23,10,31,127,191,12,34,46,237
01/18/2020,GPT,MS,ASO,CE,Combined TRACON& Tower with Radar,17,8,10,12,47,0,0,1,1,2,17,8,11,13,49,0,0,0,49
01/19/2020,GPT,MS,ASO,CE,Combined TRACON& Tower with Radar,21,10,7,8,46,0,0,7,9,16,21,10,14,17,62,6,2,8,70
01/20/2020,GPT,MS,ASO,CE,Combined TRACON& Tower with Radar,22,9,7,0,38,0,0,4,0,4,22,9,11,0,42,6,0,6,48
01/21/2020,GPT,MS,ASO,CE,Combined TRACON& Tower with Radar,19,8,7,35,69,0,2,11,15,28,19,10,18,50,97,4,10,14,111
01/22/2020,GPT,MS,ASO,CE,Combined TRACON& Tower with Radar,21,12,15,132,180,0,2,5,14,21,21,14,20,146,201,0,32,32,233
01/23/2020,GPT,MS,ASO,CE,Combined TRACON& Tower with Radar,20,12,20,29,81,0,0,0,1,1,20,12,20,30,82,15,5,20,102
01/24/2020,GPT,MS,ASO,CE,Combined TRACON& Tower with Radar,22,11,14,119,166,0,3,18,7,28,22,14,32,126,194,28,46,74,268
01/25/2020,GPT,MS,ASO,CE,Combined TRACON& Tower with Radar,19,9,9,6,43,0,0,48,8,56,19,9,57,14,99,2,24,26,125
01/26/2020,GPT,MS,ASO,CE,Combined TRACON& Tower with Radar,21,10,7,5,43,0,0,2,0,2,21,10,9,5,45,12,0,12,57
01/27/2020,GPT,MS,ASO,CE,Combined TRACON& Tower with Radar,20,8,16,42,86,0,1,5,8,14,20,9,21,50,100,22,16,38,138
01/28/2020,GPT,MS,ASO,CE,Combined TRACON& Tower with Radar,28,10,18,52,108,0,1,23,14,38,28,11,41,66,146,20,26,46,192
01/29/2020,GPT,MS,ASO,CE,Combined TRACON& Tower with Radar,23,8,6,85,122,0,0,0,0,0,23,8,6,85,122,0,0,0,122
01/30/2020,GPT,MS,ASO,CE,Combined TRACON& Tower with Radar,24,11,10,54,99,0,6,13,15,34,24,17,23,69,133,0,40,40,173
01/31/2020,GPT,MS,ASO,CE,Combined TRACON& Tower with Radar,18,14,8,56,96,0,3,1,9,13,18,17,9,65,109,0,0,0,109
02/01/2020,GPT,MS,ASO,CE,Combined TRACON& Tower with Radar,17,9,12,49,87,0,3,27,14,44,17,12,39,63,131,12,2,14,145
02/02/2020,GPT,MS,ASO,CE,Combined TRACON& Tower with Radar,18,8,12,24,62,0,6,20,20,46,18,14,32,44,108,0,16,16,124
02/03/2020,GPT,MS,ASO,CE,Combined TRACON& Tower with Radar,23,12,16,56,107,0,4,22,24,50,23,16,38,80,157,22,74,96,253
02/04/2020,GPT,MS,ASO,CE,Combined TRACON& Tower with Radar,27,14,8,50,99,0,3,7,6,16,27,17,15,56,115,8,0,8,123
02/05/2020,GPT,MS,ASO,CE,Combined TRACON& Tower with Radar,21,11,4,0,36,0,1,0,0,1,21,12,4,0,37,0,0,0,37
02/06/2020,GPT,MS,ASO,CE,Combined TRACON& Tower with Radar,19,14,9,4,46,0,4,0,5,9,19,18,9,9,55,0,26,26,81
02/07/2020,GPT,MS,ASO,CE,Combined TRACON& Tower with Radar,19,13,15,61,108,0,7,17,33,57,19,20,32,94,165,32,30,62,227
02/08/2020,GPT,MS,ASO,CE,Combined TRACON& Tower with Radar,21,8,15,37,81,0,4,23,12,39,21,12,38,49,120,24,36,60,180
02/09/2020,GPT,MS,ASO,CE,Combined TRACON& Tower with Radar,20,8,18,82,128,0,2,10,32,44,20,10,28,114,172,0,18,18,190
02/10/2020,GPT,MS,ASO,CE,Combined TRACON& Tower with Radar,22,9,6,45,82,0,2,1,5,8,22,11,7,50,90,0,12,12,102
02/11/2020,GPT,MS,ASO,CE,Combined TRACON& Tower with Radar,21,14,1,34,70,0,0,0,1,1,21,14,1,35,71,0,8,8,79
02/12/2020,GPT,MS,ASO,CE,Combined TRACON& Tower with Radar,31,7,0,2,40,0,2,0,0,2,31,9,0,2,42,0,0,0,42
02/13/2020,GPT,MS,ASO,CE,Combined TRACON& Tower with Radar,31,11,14,74,130,0,1,1,8,10,31,12,15,82,140,28,0,28,168
02/14/2020,GPT,MS,ASO,CE,Combined TRACON& Tower with Radar,24,13,22,87,146,0,0,24,9,33,24,13,46,96,179,35,24,59,238
02/15/2020,GPT,MS,ASO,CE,Combined TRACON& Tower with Radar,19,12,9,15,55,0,0,30,11,41,19,12,39,26,96,49,4,53,149
02/16/2020,GPT,MS,ASO,CE,Combined TRACON& Tower with Radar,18,11,7,1,37,0,0,0,1,1,18,11,7,2,38,0,0,0,38
02/17/2020,GPT,MS,ASO,CE,Combined TRACON& Tower with Radar,23,11,17,3,54,0,0,3,0,3,23,11,20,3,57,0,0,0,57
02/18/2020,GPT,MS,ASO,CE,Combined TRACON& Tower with Radar,26,15,3,5,49,0,0,0,0,0,26,15,3,5,49,0,0,0,49
02/19/2020,GPT,MS,ASO,CE,Combined TRACON& Tower with Radar,23,13,8,32,76,0,0,0,2,2,23,13,8,34,78,36,30,66,144
02/20/2020,GPT,MS,ASO,CE,Combined TRACON& Tower with Radar,23,16,16,19,74,0,0,0,0,0,23,16,16,19,74,0,0,0,74
02/21/2020,GPT,MS,ASO,CE,Combined TRACON& Tower with Radar,22,14,23,97,156,0,1,14,14,29,22,15,37,111,185,26,18,44,229
02/22/2020,GPT,MS,ASO,CE,Combined TRACON& Tower with Radar,25,10,12,34,81,0,1,23,11,35,25,11,35,45,116,38,10,48,164
02/23/2020,GPT,MS,ASO,CE,Combined TRACON& Tower with Radar,23,12,17,39,91,0,2,9,10,21,23,14,26,49,112,34,18,52,164
02/24/2020,GPT,MS,ASO,CE,Combined TRACON& Tower with Radar,23,11,5,59,98,0,0,1,1,2,23,11,6,60,100,0,0,0,100
02/25/2020,GPT,MS,ASO,CE,Combined TRACON& Tower with Radar,21,13,11,57,102,0,1,13,8,22,21,14,24,65,124,18,0,18,142
02/26/2020,GPT,MS,ASO,CE,Combined TRACON& Tower with Radar,27,16,14,49,106,0,1,10,11,22,27,17,24,60,128,30,2,32,160
02/27/2020,GPT,MS,ASO,CE,Combined TRACON& Tower with Radar,20,12,18,52,102,0,0,16,23,39,20,12,34,75,141,14,6,20,161
02/28/2020,GPT,MS,ASO,CE,Combined TRACON& Tower with Radar,24,14,17,137,192,0,4,18,13,35,24,18,35,150,227,28,22,50,277
02/29/2020,GPT,MS,ASO,CE,Combined TRACON& Tower with Radar,23,9,5,40,77,0,0,21,26,47,23,9,26,66,124,34,64,98,222
03/01/2020,GPT,MS,ASO,CE,Combined TRACON& Tower with Radar,27,14,17,32,90,0,4,15,13,32,27,18,32,45,122,0,44,44,166
03/02/2020,GPT,MS,ASO,CE,Combined TRACON& Tower with Radar,28,11,8,73,120,0,3,11,26,40,28,14,19,99,160,19,20,39,199
03/03/2020,GPT,MS,ASO,CE,Combined TRACON& Tower with Radar,21,12,6,57,96,0,5,4,11,20,21,17,10,68,116,28,36,64,180
03/04/2020,GPT,MS,ASO,CE,Combined TRACON& Tower with Radar,25,13,4,7,49,0,0,0,0,0,25,13,4,7,49,0,0,0,49
03/05/2020,GPT,MS,ASO,CE,Combined TRACON& Tower with Radar,22,12,20,119,173,0,1,3,8,12,22,13,23,127,185,28,15,43,228
03/06/2020,GPT,MS,ASO,CE,Combined TRACON& Tower with Radar,20,14,20,108,162,0,2,20,24,46,20,16,40,132,208,0,0,0,208
03/07/2020,GPT,MS,ASO,CE,Combined TRACON& Tower with Radar,22,10,7,29,68,0,2,25,13,40,22,12,32,42,108,20,0,20,128
03/08/2020,GPT,MS,ASO,CE,Combined TRACON& Tower with Radar,20,17,19,67,123,0,0,25,23,48,20,17,44,90,171,14,50,64,235
03/09/2020,GPT,MS,ASO,CE,Combined TRACON& Tower with Radar,22,16,15,100,153,0,0,9,2,11,22,16,24,102,164,54,22,76,240
03/10/2020,GPT,MS,ASO,CE,Combined TRACON& Tower with Radar,18,14,11,46,89,0,0,0,4,4,18,14,11,50,93,0,0,0,93
03/11/2020,GPT,MS,ASO,CE,Combined TRACON& Tower with Radar,29,16,11,114,170,0,0,13,2,15,29,16,24,116,185,26,14,40,225
03/12/2020,GPT,MS,ASO,CE,Combined TRACON& Tower with Radar,21,18,17,47,103,0,1,3,5,9,21,19,20,52,112,38,5,43,155
03/13/2020,GPT,MS,ASO,CE,Combined TRACON& Tower with Radar,21,17,9,58,105,0,2,7,6,15,21,19,16,64,120,0,31,31,151
03/14/2020,GPT,MS,ASO,CE,Combined TRACON& Tower with Radar,23,6,10,52,91,0,0,3,3,6,23,6,13,55,97,30,0,30,127
03/15/2020,GPT,MS,ASO,CE,Combined TRACON& Tower with Radar,23,11,12,15,61,0,0,14,4,18,23,11,26,19,79,46,0,46,125
03/16/2020,GPT,MS,ASO,CE,Combined TRACON& Tower with Radar,21,11,6,171,209,0,2,7,12,21,21,13,13,183,230,27,76,103,333
03/17/2020,GPT,MS,ASO,CE,Combined TRACON& Tower with Radar,22,11,10,102,145,0,0,6,10,16,22,11,16,112,161,54,20,74,235
03/18/2020,GPT,MS,ASO,CE,Combined TRACON& Tower with Radar,23,14,3,144,184,0,0,8,0,8,23,14,11,144,192,40,10,50,242
03/19/2020,GPT,MS,ASO,CE,Combined TRACON& Tower with Radar,18,15,3,108,144,0,0,10,0,10,18,15,13,108,154,32,17,49,203
03/20/2020,GPT,MS,ASO,CE,Combined TRACON& Tower with Radar,17,12,6,97,132,0,0,2,5,7,17,12,8,102,139,0,0,0,139
03/21/2020,GPT,MS,ASO,CE,Combined TRACON& Tower with Radar,13,8,2,24,47,0,0,1,0,1,13,8,3,24,48,14,0,14,62
03/22/2020,GPT,MS,ASO,CE,Combined TRACON& Tower with Radar,15,9,5,13,42,0,1,6,3,10,15,10,11,16,52,63,0,63,115
03/23/2020,GPT,MS,ASO,CE,Combined TRACON& Tower with Radar,11,9,5,84,109,0,0,7,1,8,11,9,12,85,117,0,2,2,119
03/24/2020,GPT,MS,ASO,CE,Combined TRACON& Tower with Radar,11,10,6,44,71,0,0,11,25,36,11,10,17,69,107,0,66,66,173
03/25/2020,GPT,MS,ASO,CE,Combined TRACON& Tower with Radar,11,7,3,91,112,0,0,15,6,21,11,7,18,97,133,26,24,50,183
03/26/2020,GPT,MS,ASO,CE,Combined TRACON& Tower with Radar,15,6,5,77,103,0,0,24,18,42,15,6,29,95,145,2,28,30,175
03/27/2020,GPT,MS,ASO,CE,Combined TRACON& Tower with Radar,8,4,6,88,106,0,0,9,12,21,8,4,15,100,127,2,16,18,145
03/28/2020,GPT,MS,ASO,CE,Combined TRACON& Tower with Radar,5,3,4,29,41,0,0,5,1,6,5,3,9,30,47,2,18,20,67
03/29/2020,GPT,MS,ASO,CE,Combined TRACON& Tower with Radar,13,5,6,16,40,0,0,17,6,23,13,5,23,22,63,20,0,20,83
03/30/2020,GPT,MS,ASO,CE,Combined TRACON& Tower with Radar,9,6,3,90,108,0,2,15,24,41,9,8,18,114,149,0,8,8,157
03/31/2020,GPT,MS,ASO,CE,Combined TRACON& Tower with Radar,12,10,5,63,90,0,1,5,6,12,12,11,10,69,102,0,10,10,112
04/01/2020,GPT,MS,ASO,CE,Combined TRACON& Tower with Radar,11,9,4,65,89,0,2,12,24,38,11,11,16,89,127,28,42,70,197
04/02/2020,GPT,MS,ASO,CE,Combined TRACON& Tower with Radar,12,6,7,51,76,0,0,13,6,19,12,6,20,57,95,63,4,67,162
04/03/2020,GPT,MS,ASO,CE,Combined TRACON& Tower with Radar,7,9,6,56,78,0,0,10,9,19,7,9,16,65,97,90,40,130,227
04/04/2020,GPT,MS,ASO,CE,Combined TRACON& Tower with Radar,3,4,5,35,47,0,0,1,1,2,3,4,6,36,49,10,16,26,75
04/05/2020,GPT,MS,ASO,CE,Combined TRACON& Tower with Radar,10,6,3,8,27,0,1,2,19,22,10,7,5,27,49,0,0,0,49
04/06/2020,GPT,MS,ASO,CE,Combined TRACON& Tower with Radar,6,8,1,24,39,0,0,11,4,15,6,8,12,28,54,4,0,4,58
04/07/2020,GPT,MS,ASO,CE,Combined TRACON& Tower with Radar,9,12,4,58,83,0,0,1,0,1,9,12,5,58,84,18,0,18,102
04/08/2020,GPT,MS,ASO,CE,Combined TRACON& Tower with Radar,7,11,3,94,115,0,0,3,1,4,7,11,6,95,119,49,6,55,174
04/09/2020,GPT,MS,ASO,CE,Combined TRACON& Tower with Radar,8,8,4,75,95,0,3,9,3,15,8,11,13,78,110,18,10,28,138
04/10/2020,GPT,MS,ASO,CE,Combined TRACON& Tower with Radar,7,5,1,8,21,0,0,7,0,7,7,5,8,8,28,12,0,12,40
04/11/2020,GPT,MS,ASO,CE,Combined TRACON& Tower with Radar,3,9,1,3,16,0,3,10,2,15,3,12,11,5,31,0,0,0,31
04/12/2020,GPT,MS,ASO,CE,Combined TRACON& Tower with Radar,7,5,2,0,14,0,0,0,0,0,7,5,2,0,14,0,0,0,14
04/13/2020,GPT,MS,ASO,CE,Combined TRACON& Tower with Radar,7,5,3,85,100,0,5,21,20,46,7,10,24,105,146,26,36,62,208
04/14/2020,GPT,MS,ASO,CE,Combined TRACON& Tower with Radar,7,10,4,84,105,0,3,11,23,37,7,13,15,107,142,21,43,64,206
04/15/2020,GPT,MS,ASO,CE,Combined TRACON& Tower with Radar,7,10,4,112,133,0,0,24,9,33,7,10,28,121,166,22,10,32,198
04/16/2020,GPT,MS,ASO,CE,Combined TRACON& Tower with Radar,6,8,1,50,65,0,0,16,6,22,6,8,17,56,87,18,4,22,109
04/17/2020,GPT,MS,ASO,CE,Combined TRACON& Tower with Radar,7,10,6,81,104,0,0,7,7,14,7,10,13,88,118,0,17,17,135
04/18/2020,GPT,MS,ASO,CE,Combined TRACON& Tower with Radar,3,7,5,22,37,0,0,6,0,6,3,7,11,22,43,0,6,6,49
04/19/2020,GPT,MS,ASO,CE,Combined TRACON& Tower with Radar,7,8,0,0,15,0,0,0,0,0,7,8,0,0,15,0,0,0,15
04/20/2020,GPT,MS,ASO,CE,Combined TRACON& Tower with Radar,7,7,0,61,75,0,0,15,12,27,7,7,15,73,102,21,6,27,129
04/21/2020,GPT,MS,ASO,CE,Combined TRACON& Tower with Radar,7,8,15,93,123,0,0,17,13,30,7,8,32,106,153,1,28,29,182
04/22/2020,GPT,MS,ASO,CE,Combined TRACON& Tower with Radar,7,8,4,52,71,0,0,3,15,18,7,8,7,67,89,0,0,0,89
04/23/2020,GPT,MS,ASO,CE,Combined TRACON& Tower with Radar,4,8,3,7,22,0,0,0,0,0,4,8,3,7,22,0,0,0,22
04/24/2020,GPT,MS,ASO,CE,Combined TRACON& Tower with Radar,4,7,10,161,182,0,1,15,52,68,4,8,25,213,250,0,0,0,250
04/25/2020,GPT,MS,ASO,CE,Combined TRACON& Tower with Radar,2,7,5,61,75,0,0,18,4,22,2,7,23,65,97,0,0,0,97
04/26/2020,GPT,MS,ASO,CE,Combined TRACON& Tower with Radar,4,8,4,31,47,0,3,10,19,32,4,11,14,50,79,0,0,0,79
04/27/2020,GPT,MS,ASO,CE,Combined TRACON& Tower with Radar,2,8,12,138,160,0,6,13,15,34,2,14,25,153,194,0,0,0,194
04/28/2020,GPT,MS,ASO,CE,Combined TRACON& Tower with Radar,2,9,10,115,136,0,0,16,3,19,2,9,26,118,155,8,14,22,177
04/29/2020,GPT,MS,ASO,CE,Combined TRACON& Tower with Radar,4,9,0,76,89,0,0,1,0,1,4,9,1,76,90,0,0,0,90
04/30/2020,GPT,MS,ASO,CE,Combined TRACON& Tower with Radar,4,8,8,135,155,0,3,16,30,49,4,11,24,165,204,0,26,26,230
05/01/2020,GPT,MS,ASO,CE,Combined TRACON& Tower with Radar,7,13,3,122,145,0,4,19,21,44,7,17,22,143,189,4,28,32,221
05/02/2020,GPT,MS,ASO,CE,Combined TRACON& Tower with Radar,5,8,3,42,58,0,2,23,21,46,5,10,26,63,104,42,24,66,170
05/03/2020,GPT,MS,ASO,CE,Combined TRACON& Tower with Radar,5,6,5,9,25,0,4,14,11,29,5,10,19,20,54,4,0,4,58
05/04/2020,GPT,MS,ASO,CE,Combined TRACON& Tower with Radar,3,8,10,69,90,0,0,7,23,30,3,8,17,92,120,12,0,12,132
05/05/2020,GPT,MS,ASO,CE,Combined TRACON& Tower with Radar,3,10,2,129,144,0,5,10,10,25,3,15,12,139,169,2,26,28,197
05/06/2020,GPT,MS,ASO,CE,Combined TRACON& Tower with Radar,3,9,6,82,100,0,2,17,26,45,3,11,23,108,145,0,0,0,145
05/07/2020,GPT,MS,ASO,CE,Combined TRACON& Tower with Radar,4,7,12,102,125,0,6,16,26,48,4,13,28,128,173,15,18,33,206
05/08/2020,GPT,MS,ASO,CE,Combined TRACON& Tower with Radar,6,8,2,10,26,0,0,5,3,8,6,8,7,13,34,0,0,0,34
05/09/2020,GPT,MS,ASO,CE,Combined TRACON& Tower with Radar,4,8,2,55,69,0,0,10,15,25,4,8,12,70,94,10,0,10,104
05/10/2020,GPT,MS,ASO,CE,Combined TRACON& Tower with Radar,4,5,1,13,23,0,0,12,3,15,4,5,13,16,38,14,0,14,52
05/11/2020,GPT,MS,ASO,CE,Combined TRACON& Tower with Radar,6,11,3,131,151,0,10,14,30,54,6,21,17,161,205,24,42,66,271
05/12/2020,GPT,MS,ASO,CE,Combined TRACON& Tower with Radar,4,9,10,130,153,0,1,14,32,47,4,10,24,162,200,18,34,52,252
05/13/2020,GPT,MS,ASO,CE,Combined TRACON& Tower with Radar,6,12,15,93,126,0,3,10,17,30,6,15,25,110,156,28,11,39,195
05/14/2020,GPT,MS,ASO,CE,Combined TRACON& Tower with Radar,6,6,12,28,52,0,2,2,7,11,6,8,14,35,63,0,6,6,69
05/15/2020,GPT,MS,ASO,CE,Combined TRACON& Tower with Radar,6,6,1,59,72,0,0,4,2,6,6,6,5,61,78,0,0,0,78
05/16/2020,GPT,MS,ASO,CE,Combined TRACON& Tower with Radar,4,6,0,21,31,0,0,7,1,8,4,6,7,22,39,8,6,14,53
05/17/2020,GPT,MS,ASO,CE,Combined TRACON& Tower with Radar,6,5,0,16,27,0,2,1,0,3,6,7,1,16,30,0,0,0,30
05/18/2020,GPT,MS,ASO,CE,Combined TRACON& Tower with Radar,6,7,5,131,149,0,2,7,9,18,6,9,12,140,167,6,12,18,185
05/19/2020,GPT,MS,ASO,CE,Combined TRACON& Tower with Radar,6,7,9,103,125,0,4,23,23,50,6,11,32,126,175,32,12,44,219
05/20/2020,GPT,MS,ASO,CE,Combined TRACON& Tower with Radar,6,9,12,16,43,0,1,0,1,2,6,10,12,17,45,2,0,2,47
05/21/2020,GPT,MS,ASO,CE,Combined TRACON& Tower with Radar,8,9,10,132,159,0,5,6,7,18,8,14,16,139,177,4,0,4,181
05/22/2020,GPT,MS,ASO,CE,Combined TRACON& Tower with Radar,6,8,5,20,39,0,0,10,3,13,6,8,15,23,52,5,24,29,81
05/23/2020,GPT,MS,ASO,CE,Combined TRACON& Tower with Radar,6,6,15,18,45,0,1,13,0,14,6,7,28,18,59,28,0,28,87
05/24/2020,GPT,MS,ASO,CE,Combined TRACON& Tower with Radar,6,5,12,1,24,0,2,20,3,25,6,7,32,4,49,0,0,0,49
05/25/2020,GPT,MS,ASO,CE,Combined TRACON& Tower with Radar,6,6,7,0,19,0,0,4,0,4,6,6,11,0,23,24,0,24,47
05/26/2020,GPT,MS,ASO,CE,Combined TRACON& Tower with Radar,6,9,7,20,42,0,0,0,0,0,6,9,7,20,42,0,0,0,42
05/27/2020,GPT,MS,ASO,CE,Combined TRACON& Tower with Radar,6,12,5,2,25,0,1,3,0,4,6,13,8,2,29,14,0,14,43
05/28/2020,GPT,MS,ASO,CE,Combined TRACON& Tower with Radar,6,11,17,104,138,0,7,12,18,37,6,18,29,122,175,30,0,30,205
05/29/2020,GPT,MS,ASO,CE,Combined TRACON& Tower with Radar,10,8,9,72,99,0,2,14,13,29,10,10,23,85,128,14,23,37,165
05/30/2020,GPT,MS,ASO,CE,Combined TRACON& Tower with Radar,4,7,13,69,93,0,0,28,4,32,4,7,41,73,125,10,0,10,135
05/31/2020,GPT,MS,ASO,CE,Combined TRACON& Tower with Radar,6,12,13,49,80,0,2,33,15,50,6,14,46,64,130,64,12,76,206
06/01/2020,GPT,MS,ASO,CE,Combined TRACON& Tower with Radar,6,10,7,117,140,0,7,11,35,53,6,17,18,152,193,60,27,87,280
06/02/2020,GPT,MS,ASO,CE,Combined TRACON& Tower with Radar,7,10,10,51,78,0,0,9,6,15,7,10,19,57,93,14,5,19,112
06/03/2020,GPT,MS,ASO,CE,Combined TRACON& Tower with Radar,8,9,6,12,35,0,1,1,6,8,8,10,7,18,43,0,2,2,45
06/04/2020,GPT,MS,ASO,CE,Combined TRACON& Tower with Radar,7,9,12,46,74,0,4,9,9,22,7,13,21,55,96,6,26,32,128
06/05/2020,GPT,MS,ASO,CE,Combined TRACON& Tower with Radar,12,8,11,58,89,0,1,20,10,31,12,9,31,68,120,38,20,58,178
06/06/2020,GPT,MS,ASO,CE,Combined TRACON& Tower with Radar,8,5,0,2,15,0,0,4,0,4,8,5,4,2,19,0,0,0,19
06/07/2020,GPT,MS,ASO,CE,Combined TRACON& Tower with Radar,5,1,0,0,6,0,0,0,0,0,5,1,0,0,6,0,0,0,6
06/08/2020,GPT,MS,ASO,CE,Combined TRACON& Tower with Radar,14,9,1,0,24,0,0,0,0,0,14,9,1,0,24,0,0,0,24
06/09/2020,GPT,MS,ASO,CE,Combined TRACON& Tower with Radar,8,9,7,29,53,0,2,0,2,4,8,11,7,31,57,0,12,12,69
06/10/2020,GPT,MS,ASO,CE,Combined TRACON& Tower with Radar,6,6,7,77,96,0,0,9,10,19,6,6,16,87,115,0,6,6,121
06/11/2020,GPT,MS,ASO,CE,Combined TRACON& Tower with Radar,9,8,13,117,147,0,3,14,13,30,9,11,27,130,177,2,24,26,203
06/12/2020,GPT,MS,ASO,CE,Combined TRACON& Tower with Radar,13,9,17,117,156,0,5,20,31,56,13,14,37,148,212,8,44,52,264
06/13/2020,GPT,MS,ASO,CE,Combined TRACON& Tower with Radar,7,5,10,37,59,0,0,25,7,32,7,5,35,44,91,2,0,2,93
06/14/2020,GPT,MS,ASO,CE,Combined TRACON& Tower with Radar,10,6,12,41,69,0,5,18,14,37,10,11,30,55,106,50,0,50,156
06/15/2020,GPT,MS,ASO,CE,Combined TRACON& Tower with Radar,8,7,10,154,179,0,0,20,30,50,8,7,30,184,229,2,28,30,259
06/16/2020,GPT,MS,ASO,CE,Combined TRACON& Tower with Radar,7,8,14,103,132,0,9,32,29,70,7,17,46,132,202,10,36,46,248
06/17/2020,GPT,MS,ASO,CE,Combined TRACON& Tower with Radar,6,10,11,126,153,0,1,30,23,54,6,11,41,149,207,36,15,51,258
06/18/2020,GPT,MS,ASO,CE,Combined TRACON& Tower with Radar,10,11,13,94,128,0,2,30,10,42,10,13,43,104,170,24,36,60,230
06/19/2020,GPT,MS,ASO,CE,Combined TRACON& Tower with Radar,8,9,3,79,99,0,7,24,13,44,8,16,27,92,143,0,4,4,147
06/20/2020,GPT,MS,ASO,CE,Combined TRACON& Tower with Radar,10,5,17,30,62,1,0,18,3,22,11,5,35,33,84,16,0,16,100
06/21/2020,GPT,MS,ASO,CE,Combined TRACON& Tower with Radar,6,4,14,10,34,0,0,11,0,11,6,4,25,10,45,22,0,22,67
06/22/2020,GPT,MS,ASO,CE,Combined TRACON& Tower with Radar,8,7,7,44,66,0,0,5,1,6,8,7,12,45,72,30,0,30,102
06/23/2020,GPT,MS,ASO,CE,Combined TRACON& Tower with Radar,8,10,12,53,83,0,0,3,16,19,8,10,15,69,102,0,11,11,113
06/24/2020,GPT,MS,ASO,CE,Combined TRACON& Tower with Radar,9,6,10,20,45,0,0,3,0,3,9,6,13,20,48,0,0,0,48
06/25/2020,GPT,MS,ASO,CE,Combined TRACON& Tower with Radar,9,9,13,43,74,0,3,6,2,11,9,12,19,45,85,16,14,30,115
06/26/2020,GPT,MS,ASO,CE,Combined TRACON& Tower with Radar,10,9,8,151,178,0,1,7,1,9,10,10,15,152,187,16,0,16,203
06/27/2020,GPT,MS,ASO,CE,Combined TRACON& Tower with Radar,8,7,13,41,69,0,3,11,7,21,8,10,24,48,90,14,6,20,110
06/28/2020,GPT,MS,ASO,CE,Combined TRACON& Tower with Radar,10,8,19,21,58,0,0,12,11,23,10,8,31,32,81,0,4,4,85
06/29/2020,GPT,MS,ASO,CE,Combined TRACON& Tower with Radar,12,7,14,55,88,0,0,16,4,20,12,7,30,59,108,20,4,24,132
06/30/2020,GPT,MS,ASO,CE,Combined TRACON& Tower with Radar,7,11,13,191,222,0,1,16,29,46,7,12,29,220,268,0,15,15,283
07/01/2020,GPT,MS,ASO,CE,Combined TRACON& Tower with Radar,7,9,9,55,80,0,1,14,9,24,7,10,23,64,104,4,12,16,120
07/02/2020,GPT,MS,ASO,CE,Combined TRACON& Tower with Radar,9,8,4,48,69,0,0,11,1,12,9,8,15,49,81,4,2,6,87
07/03/2020,GPT,MS,ASO,CE,Combined TRACON& Tower with Radar,10,9,4,8,31,0,0,19,0,19,10,9,23,8,50,30,0,30,80
07/04/2020,GPT,MS,ASO,CE,Combined TRACON& Tower with Radar,8,6,0,0,14,0,0,8,0,8,8,6,8,0,22,14,0,14,36
07/05/2020,GPT,MS,ASO,CE,Combined TRACON& Tower with Radar,12,8,0,0,20,0,0,6,0,6,12,8,6,0,26,0,0,0,26
07/06/2020,GPT,MS,ASO,CE,Combined TRACON& Tower with Radar,10,8,8,8,34,0,0,3,0,3,10,8,11,8,37,0,0,0,37
07/07/2020,GPT,MS,ASO,CE,Combined TRACON& Tower with Radar,11,7,6,14,38,0,0,3,5,8,11,7,9,19,46,16,0,16,62
07/08/2020,GPT,MS,ASO,CE,Combined TRACON& Tower with Radar,14,8,9,38,69,0,0,6,11,17,14,8,15,49,86,8,16,24,110
07/09/2020,GPT,MS,ASO,CE,Combined TRACON& Tower with Radar,13,12,19,88,132,0,0,10,9,19,13,12,29,97,151,8,16,24,175
07/10/2020,GPT,MS,ASO,CE,Combined TRACON& Tower with Radar,13,7,14,82,116,0,2,11,20,33,13,9,25,102,149,42,0,42,191
07/11/2020,GPT,MS,ASO,CE,Combined TRACON& Tower with Radar,13,4,7,41,65,0,1,21,7,29,13,5,28,48,94,34,4,38,132
07/12/2020,GPT,MS,ASO,CE,Combined TRACON& Tower with Radar,13,4,11,32,60,0,1,6,12,19,13,5,17,44,79,8,0,8,87
07/13/2020,GPT,MS,ASO,CE,Combined TRACON& Tower with Radar,17,7,11,41,76,0,0,7,4,11,17,7,18,45,87,36,4,40,127
07/14/2020,GPT,MS,ASO,CE,Combined TRACON& Tower with Radar,14,7,4,25,50,0,0,11,4,15,14,7,15,29,65,28,16,44,109
07/15/2020,GPT,MS,ASO,CE,Combined TRACON& Tower with Radar,14,11,12,28,65,0,0,6,4,10,14,11,18,32,75,0,10,10,85
07/16/2020,GPT,MS,ASO,CE,Combined TRACON& Tower with Radar,13,7,14,51,85,0,2,24,19,45,13,9,38,70,130,16,8,24,154
07/17/2020,GPT,MS,ASO,CE,Combined TRACON& Tower with Radar,13,8,13,76,110,0,3,23,4,30,13,11,36,80,140,32,6,38,178
07/18/2020,GPT,MS,ASO,CE,Combined TRACON& Tower with Radar,16,5,5,64,90,0,1,17,5,23,16,6,22,69,113,16,32,48,161
07/19/2020,GPT,MS,ASO,CE,Combined TRACON& Tower with Radar,18,3,9,15,45,0,0,10,3,13,18,3,19,18,58,0,8,8,66
07/20/2020,GPT,MS,ASO,CE,Combined TRACON& Tower with Radar,14,8,6,65,93,0,1,7,5,13,14,9,13,70,106,31,16,47,153
07/21/2020,GPT,MS,ASO,CE,Combined TRACON& Tower with Radar,22,8,6,83,119,0,1,14,13,28,22,9,20,96,147,40,4,44,191
07/22/2020,GPT,MS,ASO,CE,Combined TRACON& Tower with Radar,20,7,18,93,138,0,4,13,11,28,20,11,31,104,166,44,16,60,226
07/23/2020,GPT,MS,ASO,CE,Combined TRACON& Tower with Radar,16,8,5,16,45,0,0,2,6,8,16,8,7,22,53,12,18,30,83
07/24/2020,GPT,MS,ASO,CE,Combined TRACON& Tower with Radar,22,7,2,11,42,0,1,2,0,3,22,8,4,11,45,0,0,0,45
07/25/2020,GPT,MS,ASO,CE,Combined TRACON& Tower with Radar,19,3,0,0,22,0,0,1,0,1,19,3,1,0,23,0,0,0,23
07/26/2020,GPT,MS,ASO,CE,Combined TRACON& Tower with Radar,17,3,7,1,28,0,0,0,0,0,17,3,7,1,28,0,0,0,28
07/27/2020,GPT,MS,ASO,CE,Combined TRACON& Tower with Radar,17,7,3,16,43,0,1,1,0,2,17,8,4,16,45,0,0,0,45
07/28/2020,GPT,MS,ASO,CE,Combined TRACON& Tower with Radar,18,6,8,27,59,0,0,1,0,1,18,6,9,27,60,0,0,0,60
07/29/2020,GPT,MS,ASO,CE,Combined TRACON& Tower with Radar,14,7,12,50,83,0,2,17,8,27,14,9,29,58,110,42,1,43,153
07/30/2020,GPT,MS,ASO,CE,Combined TRACON& Tower with Radar,20,11,13,90,134,0,8,20,10,38,20,19,33,100,172,38,6,44,216
07/31/2020,GPT,MS,ASO,CE,Combined TRACON& Tower with Radar,18,6,11,122,157,0,1,23,8,32,18,7,34,130,189,48,8,56,245
08/01/2020,GPT,MS,ASO,CE,Combined TRACON& Tower with Radar,19,3,13,23,58,0,0,16,0,16,19,3,29,23,74,18,0,18,92
08/02/2020,GPT,MS,ASO,CE,Combined TRACON& Tower with Radar,20,2,7,32,61,0,1,25,6,32,20,3,32,38,93,20,0,20,113
08/03/2020,GPT,MS,ASO,CE,Combined TRACON& Tower with Radar,16,5,10,89,120,0,3,12,5,20,16,8,22,94,140,24,2,26,166
08/04/2020,GPT,MS,ASO,CE,Combined TRACON& Tower with Radar,23,7,17,113,160,0,0,29,22,51,23,7,46,135,211,32,53,85,296
08/05/2020,GPT,MS,ASO,CE,Combined TRACON& Tower with Radar,15,6,15,125,161,0,1,11,24,36,15,7,26,149,197,28,32,60,257
08/06/2020,GPT,MS,ASO,CE,Combined TRACON& Tower with Radar,19,8,16,68,111,0,5,20,24,49,19,13,36,92,160,8,26,34,194
08/07/2020,GPT,MS,ASO,CE,Combined TRACON& Tower with Radar,17,10,9,98,134,0,7,20,11,38,17,17,29,109,172,20,2,22,194
08/08/2020,GPT,MS,ASO,CE,Combined TRACON& Tower with Radar,18,6,14,20,58,0,2,18,11,31,18,8,32,31,89,4,4,8,97
08/09/2020,GPT,MS,ASO,CE,Combined TRACON& Tower with Radar,21,5,5,24,55,0,1,12,11,24,21,6,17,35,79,8,0,8,87
08/10/2020,GPT,MS,ASO,CE,Combined TRACON& Tower with Radar,16,7,10,123,156,0,1,12,16,29,16,8,22,139,185,12,20,32,217
08/11/2020,GPT,MS,ASO,CE,Combined TRACON& Tower with Radar,16,7,12,62,97,0,1,20,12,33,16,8,32,74,130,30,4,34,164
08/12/2020,GPT,MS,ASO,CE,Combined TRACON& Tower with Radar,14,6,14,33,67,0,2,9,2,13,14,8,23,35,80,24,0,24,104
08/13/2020,GPT,MS,ASO,CE,Combined TRACON& Tower with Radar,18,6,13,54,91,0,4,8,3,15,18,10,21,57,106,0,36,36,142
08/14/2020,GPT,MS,ASO,CE,Combined TRACON& Tower with Radar,22,10,12,28,72,0,3,11,9,23,22,13,23,37,95,23,2,25,120
08/15/2020,GPT,MS,ASO,CE,Combined TRACON& Tower with Radar,17,5,6,30,58,0,0,13,0,13,17,5,19,30,71,0,0,0,71
08/16/2020,GPT,MS,ASO,CE,Combined TRACON& Tower with Radar,16,6,12,44,78,0,0,20,17,37,16,6,32,61,115,4,14,18,133
08/17/2020,GPT,MS,ASO,CE,Combined TRACON& Tower with Radar,19,8,12,94,133,0,2,13,29,44,19,10,25,123,177,52,4,56,233
08/18/2020,GPT,MS,ASO,CE,Combined TRACON& Tower with Radar,13,9,11,63,96,0,4,14,18,36,13,13,25,81,132,12,32,44,176
08/19/2020,GPT,MS,ASO,CE,Combined TRACON& Tower with Radar,14,6,15,53,88,0,3,6,4,13,14,9,21,57,101,22,20,42,143
08/20/2020,GPT,MS,ASO,CE,Combined TRACON& Tower with Radar,21,7,10,11,49,0,0,4,7,11,21,7,14,18,60,0,0,0,60
08/21/2020,GPT,MS,ASO,CE,Combined TRACON& Tower with Radar,22,7,10,72,111,0,2,22,20,44,22,9,32,92,155,0,28,28,183
08/22/2020,GPT,MS,ASO,CE,Combined TRACON& Tower with Radar,17,5,9,31,62,0,0,23,15,38,17,5,32,46,100,30,0,30,130
08/23/2020,GPT,MS,ASO,CE,Combined TRACON& Tower with Radar,16,11,8,0,35,0,2,1,0,3,16,13,9,0,38,0,0,0,38
08/24/2020,GPT,MS,ASO,CE,Combined TRACON& Tower with Radar,22,4,0,6,32,0,0,1,0,1,22,4,1,6,33,0,0,0,33
08/25/2020,GPT,MS,ASO,CE,Combined TRACON& Tower with Radar,17,7,2,12,38,0,0,0,1,1,17,7,2,13,39,0,0,0,39
08/26/2020,GPT,MS,ASO,CE,Combined TRACON& Tower with Radar,11,3,2,15,31,0,0,3,0,3,11,3,5,15,34,0,0,0,34
08/27/2020,GPT,MS,ASO,CE,Combined TRACON& Tower with Radar,21,3,8,0,32,0,2,3,0,5,21,5,11,0,37,0,0,0,37
08/28/2020,GPT,MS,ASO,CE,Combined TRACON& Tower with Radar,18,14,4,40,76,0,0,3,3,6,18,14,7,43,82,0,20,20,102
08/29/2020,GPT,MS,ASO,CE,Combined TRACON& Tower with Radar,18,9,3,9,39,0,0,5,6,11,18,9,8,15,50,0,0,0,50
08/30/2020,GPT,MS,ASO,CE,Combined TRACON& Tower with Radar,22,4,10,28,64,0,1,4,11,16,22,5,14,39,80,0,0,0,80
08/31/2020,GPT,MS,ASO,CE,Combined TRACON& Tower with Radar,23,7,7,104,141,0,0,13,7,20,23,7,20,111,161,4,48,52,213
09/01/2020,GPT,MS,ASO,CE,Combined TRACON& Tower with Radar,13,13,18,142,186,0,8,8,22,38,13,21,26,164,224,4,36,40,264
09/02/2020,GPT,MS,ASO,CE,Combined TRACON& Tower with Radar,12,6,8,93,119,0,1,9,9,19,12,7,17,102,138,0,42,42,180
09/03/2020,GPT,MS,ASO,CE,Combined TRACON& Tower with Radar,23,9,31,106,169,0,4,21,13,38,23,13,52,119,207,24,44,68,275
09/04/2020,GPT,MS,ASO,CE,Combined TRACON& Tower with Radar,18,6,12,21,57,0,0,9,2,11,18,6,21,23,68,0,6,6,74
09/05/2020,GPT,MS,ASO,CE,Combined TRACON& Tower with Radar,17,3,10,14,44,0,0,24,0,24,17,3,34,14,68,6,0,6,74
09/06/2020,GPT,MS,ASO,CE,Combined TRACON& Tower with Radar,18,4,4,23,49,0,0,8,2,10,18,4,12,25,59,18,0,18,77
09/07/2020,GPT,MS,ASO,CE,Combined TRACON& Tower with Radar,18,5,13,5,41,0,0,24,0,24,18,5,37,5,65,26,0,26,91
09/08/2020,GPT,MS,ASO,CE,Combined TRACON& Tower with Radar,14,6,9,58,87,0,3,17,14,34,14,9,26,72,121,22,20,42,163
09/09/2020,GPT,MS,ASO,CE,Combined TRACON& Tower with Radar,15,9,19,150,193,0,2,20,30,52,15,11,39,180,245,24,22,46,291
09/10/2020,GPT,MS,ASO,CE,Combined TRACON& Tower with Radar,18,10,14,124,166,0,1,19,28,48,18,11,33,152,214,51,40,91,305
09/11/2020,GPT,MS,ASO,CE,Combined TRACON& Tower with Radar,22,6,7,64,99,0,1,7,7,15,22,7,14,71,114,24,10,34,148
09/12/2020,GPT,MS,ASO,CE,Combined TRACON& Tower with Radar,19,5,4,23,51,0,0,8,0,8,19,5,12,23,59,0,8,8,67
09/13/2020,GPT,MS,ASO,CE,Combined TRACON& Tower with Radar,17,8,7,15,47,0,0,12,4,16,17,8,19,19,63,36,24,60,123
09/14/2020,GPT,MS,ASO,CE,Combined TRACON& Tower with Radar,22,3,4,0,29,0,0,0,0,0,22,3,4,0,29,0,0,0,29
09/16/2020,GPT,MS,ASO,CE,Combined TRACON& Tower with Radar,0,3,3,0,6,0,0,4,2,6,0,3,7,2,12,16,0,16,28
09/17/2020,GPT,MS,ASO,CE,Combined TRACON& Tower with Radar,14,4,18,13,49,0,1,7,7,15,14,5,25,20,64,0,0,0,64
09/18/2020,GPT,MS,ASO,CE,Combined TRACON& Tower with Radar,27,9,7,22,65,0,2,14,7,23,27,11,21,29,88,56,0,56,144
09/19/2020,GPT,MS,ASO,CE,Combined TRACON& Tower with Radar,20,8,10,2,40,0,0,1,0,1,20,8,11,2,41,0,0,0,41
09/20/2020,GPT,MS,ASO,CE,Combined TRACON& Tower with Radar,19,5,6,2,32,0,0,0,0,0,19,5,6,2,32,0,0,0,32
09/21/2020,GPT,MS,ASO,CE,Combined TRACON& Tower with Radar,20,5,4,12,41,0,0,0,0,0,20,5,4,12,41,0,0,0,41
09/22/2020,GPT,MS,ASO,CE,Combined TRACON& Tower with Radar,16,7,5,22,50,0,0,2,0,2,16,7,7,22,52,0,0,0,52
09/23/2020,GPT,MS,ASO,CE,Combined TRACON& Tower with Radar,13,6,10,46,75,0,0,4,1,5,13,6,14,47,80,0,0,0,80
09/24/2020,GPT,MS,ASO,CE,Combined TRACON& Tower with Radar,20,9,14,99,142,0,1,7,5,13,20,10,21,104,155,2,30,32,187
09/25/2020,GPT,MS,ASO,CE,Combined TRACON& Tower with Radar,19,8,13,146,186,0,0,20,6,26,19,8,33,152,212,20,67,87,299
09/26/2020,GPT,MS,ASO,CE,Combined TRACON& Tower with Radar,19,6,11,21,57,0,0,20,7,27,19,6,31,28,84,28,12,40,124
09/27/2020,GPT,MS,ASO,CE,Combined TRACON& Tower with Radar,20,5,16,32,73,0,0,6,3,9,20,5,22,35,82,8,0,8,90
09/28/2020,GPT,MS,ASO,CE,Combined TRACON& Tower with Radar,22,6,6,57,91,0,1,9,1,11,22,7,15,58,102,10,2,12,114
09/29/2020,GPT,MS,ASO,CE,Combined TRACON& Tower with Radar,15,7,16,86,124,0,1,11,16,28,15,8,27,102,152,4,8,12,164
09/30/2020,GPT,MS,ASO,CE,Combined TRACON& Tower with Radar,16,4,16,77,113,0,1,20,15,36,16,5,36,92,149,18,34,52,201
10/01/2020,GPT,MS,ASO,CE,Combined TRACON& Tower with Radar,24,6,14,112,156,0,0,14,23,37,24,6,28,135,193,10,22,32,225
10/02/2020,GPT,MS,ASO,CE,Combined TRACON& Tower with Radar,21,8,12,61,102,0,0,20,5,25,21,8,32,66,127,0,0,0,127
10/03/2020,GPT,MS,ASO,CE,Combined TRACON& Tower with Radar,18,6,10,46,80,0,2,21,8,31,18,8,31,54,111,6,0,6,117
10/04/2020,GPT,MS,ASO,CE,Combined TRACON& Tower with Radar,20,8,11,21,60,0,0,20,2,22,20,8,31,23,82,26,0,26,108
10/05/2020,GPT,MS,ASO,CE,Combined TRACON& Tower with Radar,22,5,11,74,112,0,0,15,7,22,22,5,26,81,134,0,44,44,178
10/06/2020,GPT,MS,ASO,CE,Combined TRACON& Tower with Radar,14,8,13,32,67,0,0,11,6,17,14,8,24,38,84,10,8,18,102
10/07/2020,GPT,MS,ASO,CE,Combined TRACON& Tower with Radar,11,7,8,26,52,0,1,21,11,33,11,8,29,37,85,4,32,36,121
10/08/2020,GPT,MS,ASO,CE,Combined TRACON& Tower with Radar,26,14,11,7,58,0,1,3,10,14,26,15,14,17,72,0,0,0,72
10/09/2020,GPT,MS,ASO,CE,Combined TRACON& Tower with Radar,20,6,2,3,31,0,1,0,0,1,20,7,2,3,32,0,0,0,32
10/10/2020,GPT,MS,ASO,CE,Combined TRACON& Tower with Radar,18,14,1,0,33,0,3,14,0,17,18,17,15,0,50,16,0,16,66
10/11/2020,GPT,MS,ASO,CE,Combined TRACON& Tower with Radar,20,7,14,0,41,0,4,19,0,23,20,11,33,0,64,42,0,42,106
10/12/2020,GPT,MS,ASO,CE,Combined TRACON& Tower with Radar,21,5,24,2,52,0,3,17,0,20,21,8,41,2,72,8,0,8,80
10/13/2020,GPT,MS,ASO,CE,Combined TRACON& Tower with Radar,16,6,14,61,97,0,1,27,17,45,16,7,41,78,142,30,0,30,172
10/14/2020,GPT,MS,ASO,CE,Combined TRACON& Tower with Radar,12,6,11,112,141,0,0,24,16,40,12,6,35,128,181,32,28,60,241
10/15/2020,GPT,MS,ASO,CE,Combined TRACON& Tower with Radar,24,11,15,108,158,0,5,21,13,39,24,16,36,121,197,20,16,36,233
10/16/2020,GPT,MS,ASO,CE,Combined TRACON& Tower with Radar,22,7,15,70,114,0,3,12,15,30,22,10,27,85,144,18,0,18,162
10/17/2020,GPT,MS,ASO,CE,Combined TRACON& Tower with Radar,22,7,9,13,51,0,1,8,15,24,22,8,17,28,75,18,10,28,103
10/18/2020,GPT,MS,ASO,CE,Combined TRACON& Tower with Radar,20,4,14,14,52,0,3,16,8,27,20,7,30,22,79,28,2,30,109
10/19/2020,GPT,MS,ASO,CE,Combined TRACON& Tower with Radar,20,7,10,60,97,0,0,14,9,23,20,7,24,69,120,2,24,26,146
10/20/2020,GPT,MS,ASO,CE,Combined TRACON& Tower with Radar,14,6,19,119,158,0,1,17,6,24,14,7,36,125,182,8,6,14,196
10/21/2020,GPT,MS,ASO,CE,Combined TRACON& Tower with Radar,21,6,13,81,121,0,1,8,3,12,21,7,21,84,133,0,0,0,133
10/22/2020,GPT,MS,ASO,CE,Combined TRACON& Tower with Radar,21,6,20,65,112,0,1,20,5,26,21,7,40,70,138,42,16,58,196
10/23/2020,GPT,MS,ASO,CE,Combined TRACON& Tower with Radar,23,8,18,64,113,0,0,6,8,14,23,8,24,72,127,0,14,14,141
10/24/2020,GPT,MS,ASO,CE,Combined TRACON& Tower with Radar,20,7,15,9,51,0,0,7,0,7,20,7,22,9,58,14,0,14,72
10/25/2020,GPT,MS,ASO,CE,Combined TRACON& Tower with Radar,19,4,22,0,45,0,0,7,0,7,19,4,29,0,52,14,0,14,66
10/26/2020,GPT,MS,ASO,CE,Combined TRACON& Tower with Radar,22,7,9,52,90,0,0,25,15,40,22,7,34,67,130,18,8,26,156
10/27/2020,GPT,MS,ASO,CE,Combined TRACON& Tower with Radar,14,7,19,2,42,0,0,4,0,4,14,7,23,2,46,15,0,15,61
10/28/2020,GPT,MS,ASO,CE,Combined TRACON& Tower with Radar,8,2,2,2,14,0,0,0,0,0,8,2,2,2,14,0,0,0,14
10/29/2020,GPT,MS,ASO,CE,Combined TRACON& Tower with Radar,17,6,5,2,30,0,0,1,0,1,17,6,6,2,31,0,0,0,31
10/30/2020,GPT,MS,ASO,CE,Combined TRACON& Tower with Radar,20,6,17,8,51,0,0,16,1,17,20,6,33,9,68,20,2,22,90
10/31/2020,GPT,MS,ASO,CE,Combined TRACON& Tower with Radar,12,5,6,2,25,0,0,18,0,18,12,5,24,2,43,54,0,54,97
11/01/2020,GPT,MS,ASO,CE,Combined TRACON& Tower with Radar,14,5,5,0,24,0,0,5,0,5,14,5,10,0,29,0,0,0,29
11/02/2020,GPT,MS,ASO,CE,Combined TRACON& Tower with Radar,15,5,17,33,70,0,2,22,6,30,15,7,39,39,100,6,4,10,110
11/03/2020,GPT,MS,ASO,CE,Combined TRACON& Tower with Radar,11,6,10,63,90,0,1,12,5,18,11,7,22,68,108,20,8,28,136
11/04/2020,GPT,MS,ASO,CE,Combined TRACON& Tower with Radar,14,7,2,56,79,0,1,16,14,31,14,8,18,70,110,14,8,22,132
11/05/2020,GPT,MS,ASO,CE,Combined TRACON& Tower with Radar,19,6,10,65,100,0,2,17,2,21,19,8,27,67,121,62,6,68,189
11/06/2020,GPT,MS,ASO,CE,Combined TRACON& Tower with Radar,25,7,12,51,95,0,0,13,17,30,25,7,25,68,125,6,0,6,131
11/07/2020,GPT,MS,ASO,CE,Combined TRACON& Tower with Radar,21,4,12,2,39,0,0,9,0,9,21,4,21,2,48,0,0,0,48
11/08/2020,GPT,MS,ASO,CE,Combined TRACON& Tower with Radar,24,4,11,6,45,0,1,11,7,19,24,5,22,13,64,12,0,12,76
11/09/2020,GPT,MS,ASO,CE,Combined TRACON& Tower with Radar,24,5,13,89,131,0,0,10,3,13,24,5,23,92,144,20,0,20,164
11/10/2020,GPT,MS,ASO,CE,Combined TRACON& Tower with Radar,18,6,10,85,119,0,0,6,0,6,18,6,16,85,125,8,0,8,133
11/11/2020,GPT,MS,ASO,CE,Combined TRACON& Tower with Radar,21,8,14,12,55,0,0,5,0,5,21,8,19,12,60,0,0,0,60
11/12/2020,GPT,MS,ASO,CE,Combined TRACON& Tower with Radar,23,9,21,61,114,0,5,18,18,41,23,14,39,79,155,20,26,46,201
11/13/2020,GPT,MS,ASO,CE,Combined TRACON& Tower with Radar,29,6,17,38,90,0,2,23,11,36,29,8,40,49,126,10,18,28,154
11/14/2020,GPT,MS,ASO,CE,Combined TRACON& Tower with Radar,22,5,18,21,66,0,2,22,9,33,22,7,40,30,99,12,18,30,129
11/15/2020,GPT,MS,ASO,CE,Combined TRACON& Tower with Radar,20,7,11,4,42,0,3,13,3,19,20,10,24,7,61,4,8,12,73
11/16/2020,GPT,MS,ASO,CE,Combined TRACON& Tower with Radar,26,7,12,51,96,0,2,15,15,32,26,9,27,66,128,14,16,30,158
11/17/2020,GPT,MS,ASO,CE,Combined TRACON& Tower with Radar,18,6,13,42,79,0,1,20,7,28,18,7,33,49,107,14,0,14,121
11/18/2020,GPT,MS,ASO,CE,Combined TRACON& Tower with Radar,18,8,12,30,68,0,0,20,5,25,18,8,32,35,93,16,2,18,111
11/19/2020,GPT,MS,ASO,CE,Combined TRACON& Tower with Radar,26,6,2,104,138,0,1,17,18,36,26,7,19,122,174,32,23,55,229
11/20/2020,GPT,MS,ASO,CE,Combined TRACON& Tower with Radar,24,6,13,56,99,0,2,20,6,28,24,8,33,62,127,36,0,36,163
11/21/2020,GPT,MS,ASO,CE,Combined TRACON& Tower with Radar,23,3,6,21,53,0,0,13,1,14,23,3,19,22,67,38,0,38,105
11/22/2020,GPT,MS,ASO,CE,Combined TRACON& Tower with Radar,27,6,5,7,45,0,0,29,3,32,27,6,34,10,77,31,0,31,108
11/23/2020,GPT,MS,ASO,CE,Combined TRACON& Tower with Radar,20,8,3,67,98,0,0,11,8,19,20,8,14,75,117,0,28,28,145
11/24/2020,GPT,MS,ASO,CE,Combined TRACON& Tower with Radar,21,7,5,54,87,0,1,6,8,15,21,8,11,62,102,45,14,59,161
11/25/2020,GPT,MS,ASO,CE,Combined TRACON& Tower with Radar,22,7,6,17,52,0,0,7,3,10,22,7,13,20,62,8,0,8,70
11/26/2020,GPT,MS,ASO,CE,Combined TRACON& Tower with Radar,13,4,0,0,17,0,0,2,0,2,13,4,2,0,19,0,0,0,19
11/27/2020,GPT,MS,ASO,CE,Combined TRACON& Tower with Radar,24,8,7,3,42,0,0,0,0,0,24,8,7,3,42,0,0,0,42
11/28/2020,GPT,MS,ASO,CE,Combined TRACON& Tower with Radar,25,5,4,0,34,0,0,3,0,3,25,5,7,0,37,0,0,0,37
11/29/2020,GPT,MS,ASO,CE,Combined TRACON& Tower with Radar,25,4,6,0,35,0,0,0,0,0,25,4,6,0,35,0,0,0,35
11/30/2020,GPT,MS,ASO,CE,Combined TRACON& Tower with Radar,25,11,9,81,126,0,0,6,6,12,25,11,15,87,138,20,26,46,184
12/01/2020,GPT,MS,ASO,CE,Combined TRACON& Tower with Radar,23,9,9,109,150,0,2,26,16,44,23,11,35,125,194,30,0,30,224
12/02/2020,GPT,MS,ASO,CE,Combined TRACON& Tower with Radar,14,12,15,111,152,0,0,7,23,30,14,12,22,134,182,10,65,75,257
12/03/2020,GPT,MS,ASO,CE,Combined TRACON& Tower with Radar,20,12,8,83,123,0,0,3,10,13,20,12,11,93,136,12,8,20,156
12/04/2020,GPT,MS,ASO,CE,Combined TRACON& Tower with Radar,24,15,13,81,133,0,0,6,8,14,24,15,19,89,147,22,16,38,185
12/05/2020,GPT,MS,ASO,CE,Combined TRACON& Tower with Radar,16,12,4,17,49,0,1,34,9,44,16,13,38,26,93,28,0,28,121
12/06/2020,GPT,MS,ASO,CE,Combined TRACON& Tower with Radar,22,10,14,4,50,0,0,20,2,22,22,10,34,6,72,20,13,33,105
12/07/2020,GPT,MS,ASO,CE,Combined TRACON& Tower with Radar,20,10,12,55,97,0,1,18,20,39,20,11,30,75,136,4,12,16,152
12/08/2020,GPT,MS,ASO,CE,Combined TRACON& Tower with Radar,17,12,5,75,109,0,0,14,35,49,17,12,19,110,158,29,23,52,210
12/09/2020,GPT,MS,ASO,CE,Combined TRACON& Tower with Radar,14,14,11,83,122,0,0,19,4,23,14,14,30,87,145,10,2,12,157
12/10/2020,GPT,MS,ASO,CE,Combined TRACON& Tower with Radar,18,12,7,67,104,0,0,7,23,30,18,12,14,90,134,12,4,16,150
12/11/2020,GPT,MS,ASO,CE,Combined TRACON& Tower with Radar,20,14,12,58,104,0,0,13,25,38,20,14,25,83,142,12,0,12,154
12/12/2020,GPT,MS,ASO,CE,Combined TRACON& Tower with Radar,18,7,10,14,49,0,0,4,0,4,18,7,14,14,53,0,0,0,53
12/13/2020,GPT,MS,ASO,CE,Combined TRACON& Tower with Radar,18,11,14,43,86,0,0,2,7,9,18,11,16,50,95,32,0,32,127
12/14/2020,GPT,MS,ASO,CE,Combined TRACON& Tower with Radar,19,10,17,138,184,0,0,6,4,10,19,10,23,142,194,0,12,12,206
12/15/2020,GPT,MS,ASO,CE,Combined TRACON& Tower with Radar,15,11,8,114,148,0,3,8,7,18,15,14,16,121,166,40,2,42,208
12/16/2020,GPT,MS,ASO,CE,Combined TRACON& Tower with Radar,14,12,6,86,118,0,0,4,6,10,14,12,10,92,128,0,72,72,200
12/17/2020,GPT,MS,ASO,CE,Combined TRACON& Tower with Radar,18,12,14,72,116,0,2,16,13,31,18,14,30,85,147,34,28,62,209
12/18/2020,GPT,MS,ASO,CE,Combined TRACON& Tower with Radar,18,11,14,62,105,0,1,19,16,36,18,12,33,78,141,32,0,32,173
12/19/2020,GPT,MS,ASO,CE,Combined TRACON& Tower with Radar,22,10,5,12,49,0,0,13,0,13,22,10,18,12,62,30,0,30,92
12/20/2020,GPT,MS,ASO,CE,Combined TRACON& Tower with Radar,20,14,0,20,54,0,1,1,0,2,20,15,1,20,56,12,0,12,68
12/21/2020,GPT,MS,ASO,CE,Combined TRACON& Tower with Radar,18,13,13,66,110,0,0,17,9,26,18,13,30,75,136,44,10,54,190
12/22/2020,GPT,MS,ASO,CE,Combined TRACON& Tower with Radar,16,12,9,38,75,0,3,36,8,47,16,15,45,46,122,67,27,94,216
12/23/2020,GPT,MS,ASO,CE,Combined TRACON& Tower with Radar,16,14,10,18,58,0,1,21,7,29,16,15,31,25,87,32,0,32,119
12/24/2020,GPT,MS,ASO,CE,Combined TRACON& Tower with Radar,14,8,0,0,22,0,2,2,0,4,14,10,2,0,26,0,0,0,26
12/25/2020,GPT,MS,ASO,CE,Combined TRACON& Tower with Radar,13,6,1,0,20,0,1,5,0,6,13,7,6,0,26,0,0,0,26
12/26/2020,GPT,MS,ASO,CE,Combined TRACON& Tower with Radar,20,13,7,0,40,0,0,19,0,19,20,13,26,0,59,10,0,10,69
12/27/2020,GPT,MS,ASO,CE,Combined TRACON& Tower with Radar,18,10,5,0,33,0,0,25,0,25,18,10,30,0,58,56,0,56,114
12/28/2020,GPT,MS,ASO,CE,Combined TRACON& Tower with Radar,14,14,6,15,49,0,0,7,2,9,14,14,13,17,58,30,0,30,88
12/29/2020,GPT,MS,ASO,CE,Combined TRACON& Tower with Radar,19,14,6,49,88,0,3,20,11,34,19,17,26,60,122,64,20,84,206
12/30/2020,GPT,MS,ASO,CE,Combined TRACON& Tower with Radar,20,13,17,44,94,0,1,3,22,26,20,14,20,66,120,16,20,36,156
12/31/2020,GPT,MS,ASO,CE,Combined TRACON& Tower with Radar,11,12,5,2,30,0,0,0,0,0,11,12,5,2,30,0,0,0,30
01/01/2021,GPT,MS,ASO,CE,Combined TRACON& Tower with Radar,11,7,3,0,21,0,0,12,0,12,11,7,15,0,33,0,0,0,33
01/02/2021,GPT,MS,ASO,CE,Combined TRACON& Tower with Radar,21,13,15,6,55,0,0,14,0,14,21,13,29,6,69,0,0,0,69
01/03/2021,GPT,MS,ASO,CE,Combined TRACON& Tower with Radar,18,10,8,0,36,0,0,22,0,22,18,10,30,0,58,54,0,54,112
01/04/2021,GPT,MS,ASO,CE,Combined TRACON& Tower with Radar,20,11,6,50,87,0,0,12,15,27,20,11,18,65,114,31,0,31,145
01/05/2021,GPT,MS,ASO,CE,Combined TRACON& Tower with Radar,10,16,5,45,76,0,1,17,12,30,10,17,22,57,106,22,6,28,134
01/06/2021,GPT,MS,ASO,CE,Combined TRACON& Tower with Radar,14,15,9,85,123,0,4,11,8,23,14,19,20,93,146,16,14,30,176
01/07/2021,GPT,MS,ASO,CE,Combined TRACON& Tower with Radar,16,12,3,123,154,0,1,0,8,9,16,13,3,131,163,0,0,0,163
01/08/2021,GPT,MS,ASO,CE,Combined TRACON& Tower with Radar,16,12,5,68,101,0,0,2,6,8,16,12,7,74,109,30,0,30,139
01/09/2021,GPT,MS,ASO,CE,Combined TRACON& Tower with Radar,13,14,3,22,52,0,1,10,17,28,13,15,13,39,80,28,4,32,112
01/10/2021,GPT,MS,ASO,CE,Combined TRACON& Tower with Radar,19,10,6,48,83,0,4,14,13,31,19,14,20,61,114,0,2,2,116
01/11/2021,GPT,MS,ASO,CE,Combined TRACON& Tower with Radar,17,10,5,8,40,0,0,0,0,0,17,10,5,8,40,0,0,0,40
01/12/2021,GPT,MS,ASO,CE,Combined TRACON& Tower with Radar,13,14,18,112,157,0,0,0,2,2,13,14,18,114,159,0,12,12,171
01/13/2021,GPT,MS,ASO,CE,Combined TRACON& Tower with Radar,9,12,9,88,118,0,1,19,19,39,9,13,28,107,157,32,33,65,222
01/14/2021,GPT,MS,ASO,CE,Combined TRACON& Tower with Radar,20,14,16,94,144,0,2,12,25,39,20,16,28,119,183,0,40,40,223
01/15/2021,GPT,MS,ASO,CE,Combined TRACON& Tower with Radar,18,13,15,46,92,0,0,4,5,9,18,13,19,51,101,2,12,14,115
01/16/2021,GPT,MS,ASO,CE,Combined TRACON& Tower with Radar,14,10,12,3,39,0,1,11,2,14,14,11,23,5,53,16,0,16,69
01/17/2021,GPT,MS,ASO,CE,Combined TRACON& Tower with Radar,16,10,9,10,45,0,1,18,0,19,16,11,27,10,64,24,0,24,88
01/18/2021,GPT,MS,ASO,CE,Combined TRACON& Tower with Radar,17,13,6,0,36,0,1,25,0,26,17,14,31,0,62,16,0,16,78
01/19/2021,GPT,MS,ASO,CE,Combined TRACON& Tower with Radar,16,11,10,98,135,0,1,19,19,39,16,12,29,117,174,46,46,92,266
01/20/2021,GPT,MS,ASO,CE,Combined TRACON& Tower with Radar,10,14,17,79,120,0,3,16,29,48,10,17,33,108,168,10,28,38,206
01/21/2021,GPT,MS,ASO,CE,Combined TRACON& Tower with Radar,18,16,11,101,146,0,0,4,10,14,18,16,15,111,160,0,36,36,196
01/22/2021,GPT,MS,ASO,CE,Combined TRACON& Tower with Radar,22,14,5,51,92,0,0,0,1,1,22,14,5,52,93,0,0,0,93
01/23/2021,GPT,MS,ASO,CE,Combined TRACON& Tower with Radar,16,9,4,23,52,0,0,4,9,13,16,9,8,32,65,0,0,0,65
01/24/2021,GPT,MS,ASO,CE,Combined TRACON& Tower with Radar,16,9,7,17,49,0,0,0,0,0,16,9,7,17,49,0,0,0,49
01/25/2021,GPT,MS,ASO,CE,Combined TRACON& Tower with Radar,18,34,4,64,120,0,0,0,0,0,18,34,4,64,120,0,0,0,120
01/26/2021,GPT,MS,ASO,CE,Combined TRACON& Tower with Radar,13,12,6,59,90,0,0,8,4,12,13,12,14,63,102,12,16,28,130
01/27/2021,GPT,MS,ASO,CE,Combined TRACON& Tower with Radar,10,17,8,121,156,0,1,11,14,26,10,18,19,135,182,4,0,4,186
01/28/2021,GPT,MS,ASO,CE,Combined TRACON& Tower with Radar,19,14,11,96,140,0,3,11,17,31,19,17,22,113,171,26,28,54,225
01/29/2021,GPT,MS,ASO,CE,Combined TRACON& Tower with Radar,27,14,12,95,148,0,2,26,33,61,27,16,38,128,209,4,4,8,217
01/30/2021,GPT,MS,ASO,CE,Combined TRACON& Tower with Radar,15,11,7,28,61,0,1,33,0,34,15,12,40,28,95,16,0,16,111
01/31/2021,GPT,MS,ASO,CE,Combined TRACON& Tower with Radar,19,10,11,37,77,0,2,1,8,11,19,12,12,45,88,19,0,19,107
02/01/2021,GPT,MS,ASO,CE,Combined TRACON& Tower with Radar,20,13,7,98,138,0,0,10,13,23,20,13,17,111,161,0,0,0,161
02/02/2021,GPT,MS,ASO,CE,Combined TRACON& Tower with Radar,14,15,5,138,172,0,0,18,17,35,14,15,23,155,207,33,71,104,311
02/03/2021,GPT,MS,ASO,CE,Combined TRACON& Tower with Radar,12,11,13,77,113,0,2,22,14,38,12,13,35,91,151,0,24,24,175
02/04/2021,GPT,MS,ASO,CE,Combined TRACON& Tower with Radar,17,11,5,72,105,0,2,9,6,17,17,13,14,78,122,22,36,58,180
02/05/2021,GPT,MS,ASO,CE,Combined TRACON& Tower with Radar,23,17,4,70,114,0,0,12,1,13,23,17,16,71,127,40,2,42,169
02/06/2021,GPT,MS,ASO,CE,Combined TRACON& Tower with Radar,15,8,4,0,27,0,0,0,0,0,15,8,4,0,27,0,0,0,27
02/07/2021,GPT,MS,ASO,CE,Combined TRACON& Tower with Radar,15,12,14,18,59,0,0,12,7,19,15,12,26,25,78,14,0,14,92
02/08/2021,GPT,MS,ASO,CE,Combined TRACON& Tower with Radar,18,13,16,63,110,0,0,12,9,21,18,13,28,72,131,8,0,8,139
02/09/2021,GPT,MS,ASO,CE,Combined TRACON& Tower with Radar,14,14,18,103,149,0,0,12,2,14,14,14,30,105,163,10,6,16,179
02/10/2021,GPT,MS,ASO,CE,Combined TRACON& Tower with Radar,13,13,6,2,34,0,0,0,0,0,13,13,6,2,34,0,0,0,34
02/11/2021,GPT,MS,ASO,CE,Combined TRACON& Tower with Radar,17,10,7,0,34,0,0,0,0,0,17,10,7,0,34,0,0,0,34
02/12/2021,GPT,MS,ASO,CE,Combined TRACON& Tower with Radar,17,14,7,6,44,0,0,0,0,0,17,14,7,6,44,0,0,0,44
02/13/2021,GPT,MS,ASO,CE,Combined TRACON& Tower with Radar,15,11,4,10,40,0,0,1,0,1,15,11,5,10,41,0,0,0,41
02/14/2021,GPT,MS,ASO,CE,Combined TRACON& Tower with Radar,17,5,10,10,42,0,0,3,0,3,17,5,13,10,45,14,0,14,59
02/15/2021,GPT,MS,ASO,CE,Combined TRACON& Tower with Radar,16,1,0,0,17,0,0,0,0,0,16,1,0,0,17,0,0,0,17
02/16/2021,GPT,MS,ASO,CE,Combined TRACON& Tower with Radar,13,1,10,109,133,0,1,7,20,28,13,2,17,129,161,0,56,56,217
02/17/2021,GPT,MS,ASO,CE,Combined TRACON& Tower with Radar,13,3,9,15,40,0,0,2,2,4,13,3,11,17,44,0,2,2,46
02/18/2021,GPT,MS,ASO,CE,Combined TRACON& Tower with Radar,17,9,5,59,90,0,0,2,0,2,17,9,7,59,92,0,0,0,92
02/19/2021,GPT,MS,ASO,CE,Combined TRACON& Tower with Radar,17,8,16,97,138,0,1,18,7,26,17,9,34,104,164,0,0,0,164
02/20/2021,GPT,MS,ASO,CE,Combined TRACON& Tower with Radar,18,13,11,14,56,0,4,38,2,44,18,17,49,16,100,34,0,34,134
02/21/2021,GPT,MS,ASO,CE,Combined TRACON& Tower with Radar,20,12,8,33,73,0,8,26,8,42,20,20,34,41,115,26,0,26,141
02/22/2021,GPT,MS,ASO,CE,Combined TRACON& Tower with Radar,18,15,13,94,140,0,3,20,6,29,18,18,33,100,169,36,0,36,205
02/23/2021,GPT,MS,ASO,CE,Combined TRACON& Tower with Radar,17,15,13,76,121,0,0,27,8,35,17,15,40,84,156,32,30,62,218
02/24/2021,GPT,MS,ASO,CE,Combined TRACON& Tower with Radar,18,12,21,77,128,0,1,33,16,50,18,13,54,93,178,42,18,60,238
02/25/2021,GPT,MS,ASO,CE,Combined TRACON& Tower with Radar,22,12,15,66,115,0,1,12,13,26,22,13,27,79,141,33,0,33,174
02/26/2021,GPT,MS,ASO,CE,Combined TRACON& Tower with Radar,16,17,7,77,117,0,1,4,3,8,16,18,11,80,125,0,0,0,125
02/27/2021,GPT,MS,ASO,CE,Combined TRACON& Tower with Radar,18,10,1,16,45,0,0,3,1,4,18,10,4,17,49,0,0,0,49
02/28/2021,GPT,MS,ASO,CE,Combined TRACON& Tower with Radar,17,11,15,16,59,0,0,11,7,18,17,11,26,23,77,24,0,24,101
03/01/2021,GPT,MS,ASO,CE,Combined TRACON& Tower with Radar,16,12,11,34,73,0,0,1,0,1,16,12,12,34,74,4,2,6,80
03/02/2021,GPT,MS,ASO,CE,Combined TRACON& Tower with Radar,14,10,3,27,54,0,0,0,1,1,14,10,3,28,55,0,0,0,55
03/03/2021,GPT,MS,ASO,CE,Combined TRACON& Tower with Radar,15,12,9,158,194,0,2,22,40,64,15,14,31,198,258,0,0,0,258
03/04/2021,GPT,MS,ASO,CE,Combined TRACON& Tower with Radar,19,15,33,79,146,0,5,28,24,57,19,20,61,103,203,16,24,40,243
03/05/2021,GPT,MS,ASO,CE,Combined TRACON& Tower with Radar,24,14,16,85,139,0,2,23,11,36,24,16,39,96,175,12,2,14,189
03/06/2021,GPT,MS,ASO,CE,Combined TRACON& Tower with Radar,17,13,4,39,73,0,1,13,12,26,17,14,17,51,99,32,0,32,131
03/07/2021,GPT,MS,ASO,CE,Combined TRACON& Tower with Radar,18,12,23,21,74,0,1,25,9,35,18,13,48,30,109,32,13,45,154
03/08/2021,GPT,MS,ASO,CE,Combined TRACON& Tower with Radar,18,11,8,73,110,0,0,24,8,32,18,11,32,81,142,58,7,65,207
03/09/2021,GPT,MS,ASO,CE,Combined TRACON& Tower with Radar,14,12,18,73,117,0,1,17,6,24,14,13,35,79,141,18,0,18,159
03/10/2021,GPT,MS,ASO,CE,Combined TRACON& Tower with Radar,14,13,14,80,121,0,1,15,15,31,14,14,29,95,152,2,28,30,182
03/11/2021,GPT,MS,ASO,CE,Combined TRACON& Tower with Radar,22,16,27,95,160,0,0,23,8,31,22,16,50,103,191,66,6,72,263
03/12/2021,GPT,MS,ASO,CE,Combined TRACON& Tower with Radar,18,15,13,85,131,0,2,23,17,42,18,17,36,102,173,32,4,36,209
03/13/2021,GPT,MS,ASO,CE,Combined TRACON& Tower with Radar,17,11,16,5,49,0,1,14,4,19,17,12,30,9,68,56,0,56,124
03/14/2021,GPT,MS,ASO,CE,Combined TRACON& Tower with Radar,18,15,18,28,79,0,0,17,0,17,18,15,35,28,96,42,8,50,146
03/15/2021,GPT,MS,ASO,CE,Combined TRACON& Tower with Radar,20,13,13,35,81,0,1,3,1,5,20,14,16,36,86,0,0,0,86
03/16/2021,GPT,MS,ASO,CE,Combined TRACON& Tower with Radar,15,14,9,82,120,0,0,4,3,7,15,14,13,85,127,0,0,0,127
03/17/2021,GPT,MS,ASO,CE,Combined TRACON& Tower with Radar,14,9,10,0,33,0,0,1,1,2,14,9,11,1,35,0,0,0,35
03/18/2021,GPT,MS,ASO,CE,Combined TRACON& Tower with Radar,16,17,33,93,159,0,3,3,3,9,16,20,36,96,168,4,80,84,252
03/19/2021,GPT,MS,ASO,CE,Combined TRACON& Tower with Radar,18,16,38,134,206,0,2,11,5,18,18,18,49,139,224,10,6,16,240
03/20/2021,GPT,MS,ASO,CE,Combined TRACON& Tower with Radar,18,11,8,15,52,0,2,14,5,21,18,13,22,20,73,0,0,0,73
03/21/2021,GPT,MS,ASO,CE,Combined TRACON& Tower with Radar,16,14,28,9,67,0,0,25,5,30,16,14,53,14,97,0,0,0,97
03/22/2021,GPT,MS,ASO,CE,Combined TRACON& Tower with Radar,18,10,18,99,145,0,0,22,3,25,18,10,40,102,170,26,49,75,245
03/23/2021,GPT,MS,ASO,CE,Combined TRACON& Tower with Radar,18,13,3,0,34,0,0,2,0,2,18,13,5,0,36,0,0,0,36
03/24/2021,GPT,MS,ASO,CE,Combined TRACON& Tower with Radar,14,15,8,29,66,0,0,1,1,2,14,15,9,30,68,0,0,0,68
03/25/2021,GPT,MS,ASO,CE,Combined TRACON& Tower with Radar,17,16,2,15,50,0,0,0,1,1,17,16,2,16,51,0,0,0,51
03/26/2021,GPT,MS,ASO,CE,Combined TRACON& Tower with Radar,22,16,12,71,121,0,0,0,2,2,22,16,12,73,123,0,0,0,123
03/27/2021,GPT,MS,ASO,CE,Combined TRACON& Tower with Radar,16,12,7,10,45,0,0,0,0,0,16,12,7,10,45,0,0,0,45
03/28/2021,GPT,MS,ASO,CE,Combined TRACON& Tower with Radar,17,13,19,7,56,0,0,3,8,11,17,13,22,15,67,33,0,33,100
03/29/2021,GPT,MS,ASO,CE,Combined TRACON& Tower with Radar,18,14,12,45,89,0,3,24,8,35,18,17,36,53,124,40,2,42,166
03/30/2021,GPT,MS,ASO,CE,Combined TRACON& Tower with Radar,14,13,13,34,74,0,1,1,1,3,14,14,14,35,77,0,0,0,77
03/31/2021,GPT,MS,ASO,CE,Combined TRACON& Tower with Radar,21,12,8,6,47,0,0,0,0,0,21,12,8,6,47,0,8,8,55
04/01/2021,GPT,MS,ASO,CE,Combined TRACON& Tower with Radar,21,11,10,67,109,0,2,13,9,24,21,13,23,76,133,8,0,8,141
04/02/2021,GPT,MS,ASO,CE,Combined TRACON& Tower with Radar,19,16,7,18,60,0,0,27,4,31,19,16,34,22,91,0,36,36,127
04/03/2021,GPT,MS,ASO,CE,Combined TRACON& Tower with Radar,18,8,12,5,43,0,3,15,1,19,18,11,27,6,62,56,8,64,126
04/04/2021,GPT,MS,ASO,CE,Combined TRACON& Tower with Radar,18,11,11,12,52,0,0,8,0,8,18,11,19,12,60,0,0,0,60
04/05/2021,GPT,MS,ASO,CE,Combined TRACON& Tower with Radar,23,13,12,113,161,0,0,17,11,28,23,13,29,124,189,22,14,36,225
04/06/2021,GPT,MS,ASO,CE,Combined TRACON& Tower with Radar,17,13,15,102,147,0,1,14,8,23,17,14,29,110,170,16,32,48,218
04/07/2021,GPT,MS,ASO,CE,Combined TRACON& Tower with Radar,21,14,13,123,171,0,2,13,4,19,21,16,26,127,190,36,48,84,274
04/08/2021,GPT,MS,ASO,CE,Combined TRACON& Tower with Radar,21,14,7,78,120,0,2,8,12,22,21,16,15,90,142,8,12,20,162
04/09/2021,GPT,MS,ASO,CE,Combined TRACON& Tower with Radar,21,12,9,16,58,0,2,0,3,5,21,14,9,19,63,0,0,0,63
04/10/2021,GPT,MS,ASO,CE,Combined TRACON& Tower with Radar,20,10,7,3,40,0,6,5,3,14,20,16,12,6,54,0,0,0,54
04/11/2021,GPT,MS,ASO,CE,Combined TRACON& Tower with Radar,17,13,18,6,54,0,3,35,15,53,17,16,53,21,107,46,20,66,173
04/12/2021,GPT,MS,ASO,CE,Combined TRACON& Tower with Radar,19,12,8,110,149,0,3,19,21,43,19,15,27,131,192,58,64,122,314
04/13/2021,GPT,MS,ASO,CE,Combined TRACON& Tower with Radar,19,11,25,25,80,0,0,9,3,12,19,11,34,28,92,2,2,4,96
04/14/2021,GPT,MS,ASO,CE,Combined TRACON& Tower with Radar,19,8,6,7,40,0,0,0,2,2,19,8,6,9,42,0,0,0,42
04/15/2021,GPT,MS,ASO,CE,Combined TRACON& Tower with Radar,21,11,15,20,67,0,2,3,2,7,21,13,18,22,74,0,0,0,74
04/16/2021,GPT,MS,ASO,CE,Combined TRACON& Tower with Radar,21,12,16,31,80,0,0,2,9,11,21,12,18,40,91,20,4,24,115
04/17/2021,GPT,MS,ASO,CE,Combined TRACON& Tower with Radar,17,13,7,8,45,0,1,1,2,4,17,14,8,10,49,0,0,0,49
04/18/2021,GPT,MS,ASO,CE,Combined TRACON& Tower with Radar,21,11,28,19,79,0,6,24,18,48,21,17,52,37,127,0,0,0,127
04/19/2021,GPT,MS,ASO,CE,Combined TRACON& Tower with Radar,19,12,21,79,131,0,2,16,12,30,19,14,37,91,161,12,1,13,174
04/20/2021,GPT,MS,ASO,CE,Combined TRACON& Tower with Radar,21,12,14,136,183,0,1,14,28,43,21,13,28,164,226,0,34,34,260
04/21/2021,GPT,MS,ASO,CE,Combined TRACON& Tower with Radar,20,9,15,67,111,0,2,23,21,46,20,11,38,88,157,6,40,46,203
04/22/2021,GPT,MS,ASO,CE,Combined TRACON& Tower with Radar,21,14,33,70,138,0,5,15,39,59,21,19,48,109,197,26,18,44,241
04/23/2021,GPT,MS,ASO,CE,Combined TRACON& Tower with Radar,21,13,11,63,108,0,0,12,6,18,21,13,23,69,126,12,0,12,138
04/24/2021,GPT,MS,ASO,CE,Combined TRACON& Tower with Radar,21,9,9,4,43,0,1,2,5,8,21,10,11,9,51,0,8,8,59
04/25/2021,GPT,MS,ASO,CE,Combined TRACON& Tower with Radar,17,15,21,20,73,0,4,30,10,44,17,19,51,30,117,26,5,31,148
04/26/2021,GPT,MS,ASO,CE,Combined TRACON& Tower with Radar,17,18,13,86,134,0,4,17,13,34,17,22,30,99,168,34,16,50,218
04/27/2021,GPT,MS,ASO,CE,Combined TRACON& Tower with Radar,17,14,16,124,171,0,4,7,19,30,17,18,23,143,201,56,24,80,281
04/28/2021,GPT,MS,ASO,CE,Combined TRACON& Tower with Radar,19,12,16,72,119,0,1,8,19,28,19,13,24,91,147,4,6,10,157
04/29/2021,GPT,MS,ASO,CE,Combined TRACON& Tower with Radar,17,13,18,126,174,0,2,7,10,19,17,15,25,136,193,0,6,6,199
04/30/2021,GPT,MS,ASO,CE,Combined TRACON& Tower with Radar,21,17,20,39,97,0,0,10,0,10,21,17,30,39,107,0,0,0,107
05/01/2021,GPT,MS,ASO,CE,Combined TRACON& Tower with Radar,19,16,5,14,54,0,3,18,0,21,19,19,23,14,75,2,0,2,77
05/02/2021,GPT,MS,ASO,CE,Combined TRACON& Tower with Radar,19,12,19,2,52,0,0,0,2,2,19,12,19,4,54,0,0,0,54
05/03/2021,GPT,MS,ASO,CE,Combined TRACON& Tower with Radar,23,19,14,56,112,0,2,0,2,4,23,21,14,58,116,0,0,0,116
05/04/2021,GPT,MS,ASO,CE,Combined TRACON& Tower with Radar,17,11,8,46,82,0,0,0,4,4,17,11,8,50,86,0,12,12,98
05/05/2021,GPT,MS,ASO,CE,Combined TRACON& Tower with Radar,23,13,11,44,91,0,0,0,18,18,23,13,11,62,109,0,18,18,127
05/06/2021,GPT,MS,ASO,CE,Combined TRACON& Tower with Radar,19,16,20,118,173,0,3,23,19,45,19,19,43,137,218,50,0,50,268
05/07/2021,GPT,MS,ASO,CE,Combined TRACON& Tower with Radar,21,11,12,72,116,0,0,36,10,46,21,11,48,82,162,62,15,77,239
05/08/2021,GPT,MS,ASO,CE,Combined TRACON& Tower with Radar,17,11,13,8,49,0,0,32,7,39,17,11,45,15,88,22,0,22,110
05/09/2021,GPT,MS,ASO,CE,Combined TRACON& Tower with Radar,19,12,16,7,54,0,0,6,1,7,19,12,22,8,61,0,0,0,61
05/10/2021,GPT,MS,ASO,CE,Combined TRACON& Tower with Radar,23,9,10,21,63,0,0,6,0,6,23,9,16,21,69,10,0,10,79
05/11/2021,GPT,MS,ASO,CE,Combined TRACON& Tower with Radar,17,7,3,16,43,0,0,5,5,10,17,7,8,21,53,0,0,0,53
05/12/2021,GPT,MS,ASO,CE,Combined TRACON& Tower with Radar,26,15,10,72,123,0,0,5,16,21,26,15,15,88,144,0,56,56,200
05/13/2021,GPT,MS,ASO,CE,Combined TRACON& Tower with Radar,21,14,16,111,162,0,1,26,16,43,21,15,42,127,205,40,24,64,269
05/14/2021,GPT,MS,ASO,CE,Combined TRACON& Tower with Radar,20,12,15,53,100,0,6,18,27,51,20,18,33,80,151,40,61,101,252
05/15/2021,GPT,MS,ASO,CE,Combined TRACON& Tower with Radar,18,13,19,13,63,0,0,24,6,30,18,13,43,19,93,12,12,24,117
05/16/2021,GPT,MS,ASO,CE,Combined TRACON& Tower with Radar,19,19,11,15,64,0,0,21,22,43,19,19,32,37,107,15,0,15,122
05/17/2021,GPT,MS,ASO,CE,Combined TRACON& Tower with Radar,19,11,7,31,68,0,1,6,0,7,19,12,13,31,75,6,0,6,81
05/18/2021,GPT,MS,ASO,CE,Combined TRACON& Tower with Radar,17,13,13,7,50,0,1,0,1,2,17,14,13,8,52,0,0,0,52
05/19/2021,GPT,MS,ASO,CE,Combined TRACON& Tower with Radar,21,13,13,13,60,0,0,3,3,6,21,13,16,16,66,0,0,0,66
05/20/2021,GPT,MS,ASO,CE,Combined TRACON& Tower with Radar,19,17,17,30,83,0,2,0,2,4,19,19,17,32,87,0,10,10,97
05/21/2021,GPT,MS,ASO,CE,Combined TRACON& Tower with Radar,17,14,8,86,125,0,1,1,21,23,17,15,9,107,148,2,10,12,160
05/22/2021,GPT,MS,ASO,CE,Combined TRACON& Tower with Radar,19,12,14,13,58,0,0,9,7,16,19,12,23,20,74,12,18,30,104
05/23/2021,GPT,MS,ASO,CE,Combined TRACON& Tower with Radar,19,12,25,38,94,0,2,30,12,44,19,14,55,50,138,33,4,37,175
05/24/2021,GPT,MS,ASO,CE,Combined TRACON& Tower with Radar,21,11,11,83,126,0,0,15,14,29,21,11,26,97,155,30,0,30,185
05/25/2021,GPT,MS,ASO,CE,Combined TRACON& Tower with Radar,20,14,23,157,214,0,3,15,17,35,20,17,38,174,249,10,16,26,275
05/26/2021,GPT,MS,ASO,CE,Combined TRACON& Tower with Radar,20,13,19,94,146,0,5,20,18,43,20,18,39,112,189,28,18,46,235
05/27/2021,GPT,MS,ASO,CE,Combined TRACON& Tower with Radar,17,14,30,116,177,0,6,20,13,39,17,20,50,129,216,12,55,67,283
05/28/2021,GPT,MS,ASO,CE,Combined TRACON& Tower with Radar,18,14,17,8,57,0,0,17,1,18,18,14,34,9,75,0,0,0,75
05/29/2021,GPT,MS,ASO,CE,Combined TRACON& Tower with Radar,17,20,10,0,47,0,1,22,1,24,17,21,32,1,71,2,0,2,73
05/30/2021,GPT,MS,ASO,CE,Combined TRACON& Tower with Radar,15,18,15,8,56,0,0,25,0,25,15,18,40,8,81,0,0,0,81
05/31/2021,GPT,MS,ASO,CE,Combined TRACON& Tower with Radar,18,10,7,0,35,0,0,7,0,7,18,10,14,0,42,6,0,6,48
06/01/2021,GPT,MS,ASO,CE,Combined TRACON& Tower with Radar,21,14,11,49,95,0,0,10,2,12,21,14,21,51,107,62,4,66,173
06/02/2021,GPT,MS,ASO,CE,Combined TRACON& Tower with Radar,21,12,16,34,83,0,0,4,0,4,21,12,20,34,87,0,4,4,91
06/03/2021,GPT,MS,ASO,CE,Combined TRACON& Tower with Radar,18,11,29,30,88,0,0,10,7,17,18,11,39,37,105,14,6,20,125
06/04/2021,GPT,MS,ASO,CE,Combined TRACON& Tower with Radar,19,14,11,24,68,0,0,7,6,13,19,14,18,30,81,0,6,6,87
06/05/2021,GPT,MS,ASO,CE,Combined TRACON& Tower with Radar,16,12,11,0,39,0,0,3,0,3,16,12,14,0,42,0,0,0,42
06/06/2021,GPT,MS,ASO,CE,Combined TRACON& Tower with Radar,15,16,10,5,46,0,0,0,0,0,15,16,10,5,46,0,0,0,46
06/07/2021,GPT,MS,ASO,CE,Combined TRACON& Tower with Radar,16,11,18,99,144,0,0,7,8,15,16,11,25,107,159,6,4,10,169
06/08/2021,GPT,MS,ASO,CE,Combined TRACON& Tower with Radar,17,18,21,50,106,0,1,3,3,7,17,19,24,53,113,18,0,18,131
06/09/2021,GPT,MS,ASO,CE,Combined TRACON& Tower with Radar,17,12,33,26,88,0,1,20,3,24,17,13,53,29,112,14,0,14,126
06/10/2021,GPT,MS,ASO,CE,Combined TRACON& Tower with Radar,17,14,11,65,107,0,0,21,22,43,17,14,32,87,150,30,48,78,228
06/11/2021,GPT,MS,ASO,CE,Combined TRACON& Tower with Radar,17,14,26,73,130,0,0,17,10,27,17,14,43,83,157,6,29,35,192
06/12/2021,GPT,MS,ASO,CE,Combined TRACON& Tower with Radar,15,13,9,9,46,0,0,21,3,24,15,13,30,12,70,18,0,18,88
06/13/2021,GPT,MS,ASO,CE,Combined TRACON& Tower with Radar,17,14,13,7,51,0,0,13,8,21,17,14,26,15,72,0,0,0,72
06/14/2021,GPT,MS,ASO,CE,Combined TRACON& Tower with Radar,19,12,25,70,126,0,0,13,10,23,19,12,38,80,149,46,18,64,213
06/15/2021,GPT,MS,ASO,CE,Combined TRACON& Tower with Radar,15,15,22,44,96,0,1,20,5,26,15,16,42,49,122,77,31,108,230
06/16/2021,GPT,MS,ASO,CE,Combined TRACON& Tower with Radar,21,13,17,112,163,0,3,25,22,50,21,16,42,134,213,72,16,88,301
06/17/2021,GPT,MS,ASO,CE,Combined TRACON& Tower with Radar,17,18,19,61,115,0,2,29,26,57,17,20,48,87,172,28,8,36,208
06/18/2021,GPT,MS,ASO,CE,Combined TRACON& Tower with Radar,17,13,3,0,33,0,0,0,0,0,17,13,3,0,33,0,0,0,33
06/19/2021,GPT,MS,ASO,CE,Combined TRACON& Tower with Radar,20,10,6,4,40,0,0,0,0,0,20,10,6,4,40,0,0,0,40
06/20/2021,GPT,MS,ASO,CE,Combined TRACON& Tower with Radar,17,14,7,2,40,0,0,7,2,9,17,14,14,4,49,0,0,0,49
06/21/2021,GPT,MS,ASO,CE,Combined TRACON& Tower with Radar,16,9,8,1,34,0,0,3,0,3,16,9,11,1,37,0,0,0,37
06/22/2021,GPT,MS,ASO,CE,Combined TRACON& Tower with Radar,15,12,4,86,117,0,0,5,2,7,15,12,9,88,124,18,12,30,154
06/23/2021,GPT,MS,ASO,CE,Combined TRACON& Tower with Radar,20,11,28,44,103,0,0,20,11,31,20,11,48,55,134,28,8,36,170
06/24/2021,GPT,MS,ASO,CE,Combined TRACON& Tower with Radar,19,17,10,45,91,0,0,13,9,22,19,17,23,54,113,10,12,22,135
06/25/2021,GPT,MS,ASO,CE,Combined TRACON& Tower with Radar,19,18,27,22,86,0,5,24,6,35,19,23,51,28,121,26,0,26,147
06/26/2021,GPT,MS,ASO,CE,Combined TRACON& Tower with Radar,17,11,11,10,49,0,6,29,7,42,17,17,40,17,91,36,0,36,127
06/27/2021,GPT,MS,ASO,CE,Combined TRACON& Tower with Radar,16,14,14,16,60,0,8,35,0,43,16,22,49,16,103,2,0,2,105
06/28/2021,GPT,MS,ASO,CE,Combined TRACON& Tower with Radar,16,13,9,23,61,0,2,12,1,15,16,15,21,24,76,14,3,17,93
06/29/2021,GPT,MS,ASO,CE,Combined TRACON& Tower with Radar,18,14,12,32,76,0,0,8,14,22,18,14,20,46,98,4,10,14,112
06/30/2021,GPT,MS,ASO,CE,Combined TRACON& Tower with Radar,21,16,23,58,118,0,0,9,8,17,21,16,32,66,135,0,49,49,184
07/01/2021,GPT,MS,ASO,CE,Combined TRACON& Tower with Radar,16,15,22,79,132,0,2,15,5,22,16,17,37,84,154,6,16,22,176
07/02/2021,GPT,MS,ASO,CE,Combined TRACON& Tower with Radar,21,12,11,2,46,0,0,13,1,14,21,12,24,3,60,2,0,2,62
07/03/2021,GPT,MS,ASO,CE,Combined TRACON& Tower with Radar,14,11,2,0,27,0,0,2,0,2,14,11,4,0,29,6,0,6,35
07/04/2021,GPT,MS,ASO,CE,Combined TRACON& Tower with Radar,14,12,1,0,27,0,0,6,0,6,14,12,7,0,33,4,0,4,37
07/05/2021,GPT,MS,ASO,CE,Combined TRACON& Tower with Radar,16,13,3,0,32,0,0,15,0,15,16,13,18,0,47,14,0,14,61
07/06/2021,GPT,MS,ASO,CE,Combined TRACON& Tower with Radar,15,11,4,19,49,0,0,1,0,1,15,11,5,19,50,0,0,0,50
07/07/2021,GPT,MS,ASO,CE,Combined TRACON& Tower with Radar,17,11,6,45,79,0,0,4,9,13,17,11,10,54,92,0,72,72,164
07/08/2021,GPT,MS,ASO,CE,Combined TRACON& Tower with Radar,14,18,26,112,170,0,4,10,10,24,14,22,36,122,194,8,40,48,242
07/09/2021,GPT,MS,ASO,CE,Combined TRACON& Tower with Radar,16,14,13,49,92,0,0,8,11,19,16,14,21,60,111,14,0,14,125
07/10/2021,GPT,MS,ASO,CE,Combined TRACON& Tower with Radar,12,16,8,5,41,0,2,7,10,19,12,18,15,15,60,12,0,12,72
07/11/2021,GPT,MS,ASO,CE,Combined TRACON& Tower with Radar,15,15,15,6,51,0,0,3,1,4,15,15,18,7,55,10,0,10,65
07/12/2021,GPT,MS,ASO,CE,Combined TRACON& Tower with Radar,21,15,16,13,65,0,0,14,3,17,21,15,30,16,82,18,6,24,106
07/13/2021,GPT,MS,ASO,CE,Combined TRACON& Tower with Radar,18,12,11,75,116,0,1,19,38,58,18,13,30,113,174,24,20,44,218
07/14/2021,GPT,MS,ASO,CE,Combined TRACON& Tower with Radar,19,14,14,87,134,0,0,32,20,52,19,14,46,107,186,19,38,57,243
07/15/2021,GPT,MS,ASO,CE,Combined TRACON& Tower with Radar,18,20,10,50,98,0,11,12,28,51,18,31,22,78,149,26,22,48,197
07/16/2021,GPT,MS,ASO,CE,Combined TRACON& Tower with Radar,16,20,4,5,45,0,0,9,2,11,16,20,13,7,56,0,0,0,56
07/17/2021,GPT,MS,ASO,CE,Combined TRACON& Tower with Radar,15,17,6,20,58,0,0,9,0,9,15,17,15,20,67,6,0,6,73
07/18/2021,GPT,MS,ASO,CE,Combined TRACON& Tower with Radar,16,15,7,4,42,0,0,0,0,0,16,15,7,4,42,11,0,11,53
07/19/2021,GPT,MS,ASO,CE,Combined TRACON& Tower with Radar,14,14,6,15,49,0,0,14,4,18,14,14,20,19,67,12,38,50,117
07/20/2021,GPT,MS,ASO,CE,Combined TRACON& Tower with Radar,15,12,17,87,131,0,2,11,11,24,15,14,28,98,155,18,8,26,181
07/21/2021,GPT,MS,ASO,CE,Combined TRACON& Tower with Radar,24,16,12,45,97,0,2,13,13,28,24,18,25,58,125,20,24,44,169
07/22/2021,GPT,MS,ASO,CE,Combined TRACON& Tower with Radar,15,21,18,81,135,0,3,28,21,52,15,24,46,102,187,0,0,0,187
07/23/2021,GPT,MS,ASO,CE,Combined TRACON& Tower with Radar,17,17,18,43,95,0,0,21,4,25,17,17,39,47,120,0,0,0,120
07/24/2021,GPT,MS,ASO,CE,Combined TRACON& Tower with Radar,17,12,14,6,49,0,0,25,1,26,17,12,39,7,75,0,0,0,75
07/25/2021,GPT,MS,ASO,CE,Combined TRACON& Tower with Radar,17,20,6,30,73,0,0,15,4,19,17,20,21,34,92,18,0,18,110
07/26/2021,GPT,MS,ASO,CE,Combined TRACON& Tower with Radar,14,13,7,105,139,0,1,38,20,59,14,14,45,125,198,0,36,36,234
07/27/2021,GPT,MS,ASO,CE,Combined TRACON& Tower with Radar,14,14,19,137,184,0,2,31,20,53,14,16,50,157,237,8,26,34,271
07/28/2021,GPT,MS,ASO,CE,Combined TRACON& Tower with Radar,19,13,13,32,77,0,1,27,7,35,19,14,40,39,112,6,16,22,134
07/29/2021,GPT,MS,ASO,CE,Combined TRACON& Tower with Radar,13,15,16,68,112,0,0,28,20,48,13,15,44,88,160,40,6,46,206
07/30/2021,GPT,MS,ASO,CE,Combined TRACON& Tower with Radar,16,13,14,33,76,0,3,17,4,24,16,16,31,37,100,35,4,39,139
07/31/2021,GPT,MS,ASO,CE,Combined TRACON& Tower with Radar,10,15,10,18,53,0,0,28,4,32,10,15,38,22,85,2,0,2,87
08/01/2021,GPT,MS,ASO,CE,Combined TRACON& Tower with Radar,17,8,20,0,45,0,0,8,3,11,17,8,28,3,56,6,0,6,62
08/02/2021,GPT,MS,ASO,CE,Combined TRACON& Tower with Radar,19,14,10,19,62,0,0,8,2,10,19,14,18,21,72,0,0,0,72
08/03/2021,GPT,MS,ASO,CE,Combined TRACON& Tower with Radar,12,14,7,18,51,0,0,9,0,9,12,14,16,18,60,0,0,0,60
08/04/2021,GPT,MS,ASO,CE,Combined TRACON& Tower with Radar,23,18,12,99,152,0,2,22,10,34,23,20,34,109,186,20,33,53,239
08/05/2021,GPT,MS,ASO,CE,Combined TRACON& Tower with Radar,14,17,24,101,156,0,0,11,16,27,14,17,35,117,183,10,4,14,197
08/06/2021,GPT,MS,ASO,CE,Combined TRACON& Tower with Radar,15,15,16,128,174,0,0,16,12,28,15,15,32,140,202,28,40,68,270
08/07/2021,GPT,MS,ASO,CE,Combined TRACON& Tower with Radar,15,11,0,26,52,0,0,24,5,29,15,11,24,31,81,22,0,22,103
08/08/2021,GPT,MS,ASO,CE,Combined TRACON& Tower with Radar,17,14,16,13,60,0,0,15,1,16,17,14,31,14,76,0,0,0,76
08/09/2021,GPT,MS,ASO,CE,Combined TRACON& Tower with Radar,13,21,17,110,161,0,5,19,44,68,13,26,36,154,229,24,16,40,269
08/10/2021,GPT,MS,ASO,CE,Combined TRACON& Tower with Radar,14,16,12,59,101,0,1,8,23,32,14,17,20,82,133,11,4,15,148
08/11/2021,GPT,MS,ASO,CE,Combined TRACON& Tower with Radar,17,19,14,102,152,0,1,16,14,31,17,20,30,116,183,16,4,20,203
08/12/2021,GPT,MS,ASO,CE,Combined TRACON& Tower with Radar,11,16,17,65,109,0,6,9,36,51,11,22,26,101,160,0,0,0,160
08/13/2021,GPT,MS,ASO,CE,Combined TRACON& Tower with Radar,18,21,18,89,146,0,1,21,26,48,18,22,39,115,194,30,0,30,224
08/14/2021,GPT,MS,ASO,CE,Combined TRACON& Tower with Radar,16,10,7,6,39,0,3,18,0,21,16,13,25,6,60,0,0,0,60
08/15/2021,GPT,MS,ASO,CE,Combined TRACON& Tower with Radar,16,14,10,8,48,0,0,14,0,14,16,14,24,8,62,14,0,14,76
08/16/2021,GPT,MS,ASO,CE,Combined TRACON& Tower with Radar,15,15,10,29,69,0,0,18,9,27,15,15,28,38,96,20,0,20,116
08/17/2021,GPT,MS,ASO,CE,Combined TRACON& Tower with Radar,15,13,18,112,158,0,8,26,28,62,15,21,44,140,220,0,0,0,220
08/18/2021,GPT,MS,ASO,CE,Combined TRACON& Tower with Radar,22,14,15,96,147,0,4,13,16,33,22,18,28,112,180,37,30,67,247
08/19/2021,GPT,MS,ASO,CE,Combined TRACON& Tower with Radar,16,16,18,27,77,0,4,13,19,36,16,20,31,46,113,36,0,36,149
08/20/2021,GPT,MS,ASO,CE,Combined TRACON& Tower with Radar,17,22,11,58,108,0,7,10,7,24,17,29,21,65,132,40,16,56,188
08/21/2021,GPT,MS,ASO,CE,Combined TRACON& Tower with Radar,15,11,10,15,51,0,0,24,14,38,15,11,34,29,89,8,0,8,97
08/22/2021,GPT,MS,ASO,CE,Combined TRACON& Tower with Radar,18,12,11,19,60,0,0,20,13,33,18,12,31,32,93,8,6,14,107
08/23/2021,GPT,MS,ASO,CE,Combined TRACON& Tower with Radar,18,17,8,85,128,0,0,14,10,24,18,17,22,95,152,31,5,36,188
08/24/2021,GPT,MS,ASO,CE,Combined TRACON& Tower with Radar,20,15,9,94,138,0,1,9,16,26,20,16,18,110,164,10,4,14,178
08/25/2021,GPT,MS,ASO,CE,Combined TRACON& Tower with Radar,15,16,18,47,96,0,0,10,18,28,15,16,28,65,124,36,42,78,202
08/26/2021,GPT,MS,ASO,CE,Combined TRACON& Tower with Radar,17,14,6,26,63,0,3,6,15,24,17,17,12,41,87,6,46,52,139
08/27/2021,GPT,MS,ASO,CE,Combined TRACON& Tower with Radar,23,18,6,1,48,0,0,3,0,3,23,18,9,1,51,0,0,0,51
08/28/2021,GPT,MS,ASO,CE,Combined TRACON& Tower with Radar,12,9,1,0,22,0,0,1,0,1,12,9,2,0,23,0,0,0,23
08/30/2021,GPT,MS,ASO,CE,Combined TRACON& Tower with Radar,7,0,4,0,11,0,0,0,0,0,7,0,4,0,11,0,0,0,11
08/31/2021,GPT,MS,ASO,CE,Combined TRACON& Tower with Radar,12,16,7,54,89,0,1,5,16,22,12,17,12,70,111,0,28,28,139
09/01/2021,GPT,MS,ASO,CE,Combined TRACON& Tower with Radar,15,21,15,23,74,0,4,16,26,46,15,25,31,49,120,8,6,14,134
09/02/2021,GPT,MS,ASO,CE,Combined TRACON& Tower with Radar,17,14,18,35,84,0,5,20,11,36,17,19,38,46,120,8,6,14,134
09/03/2021,GPT,MS,ASO,CE,Combined TRACON& Tower with Radar,17,20,14,9,60,0,2,23,3,28,17,22,37,12,88,36,12,48,136
09/04/2021,GPT,MS,ASO,CE,Combined TRACON& Tower with Radar,13,11,10,5,39,0,1,15,1,17,13,12,25,6,56,26,0,26,82
09/05/2021,GPT,MS,ASO,CE,Combined TRACON& Tower with Radar,15,12,11,5,43,0,2,11,1,14,15,14,22,6,57,0,0,0,57
09/06/2021,GPT,MS,ASO,CE,Combined TRACON& Tower with Radar,14,13,10,0,37,0,0,6,0,6,14,13,16,0,43,18,0,18,61
09/07/2021,GPT,MS,ASO,CE,Combined TRACON& Tower with Radar,16,20,16,59,111,0,0,7,15,22,16,20,23,74,133,0,0,0,133
09/08/2021,GPT,MS,ASO,CE,Combined TRACON& Tower with Radar,18,13,16,74,121,0,0,12,15,27,18,13,28,89,148,45,36,81,229
09/09/2021,GPT,MS,ASO,CE,Combined TRACON& Tower with Radar,16,20,16,137,189,0,1,18,24,43,16,21,34,161,232,20,39,59,291
09/10/2021,GPT,MS,ASO,CE,Combined TRACON& Tower with Radar,21,25,7,123,176,0,1,21,17,39,21,26,28,140,215,14,24,38,253
09/11/2021,GPT,MS,ASO,CE,Combined TRACON& Tower with Radar,20,5,8,23,56,0,2,35,4,41,20,7,43,27,97,30,2,32,129
09/12/2021,GPT,MS,ASO,CE,Combined TRACON& Tower with Radar,19,15,6,17,57,0,0,3,0,3,19,15,9,17,60,4,14,18,78
09/13/2021,GPT,MS,ASO,CE,Combined TRACON& Tower with Radar,20,21,12,68,121,0,1,8,7,16,20,22,20,75,137,21,0,21,158
09/14/2021,GPT,MS,ASO,CE,Combined TRACON& Tower with Radar,17,8,10,2,37,0,0,0,2,2,17,8,10,4,39,0,0,0,39
09/15/2021,GPT,MS,ASO,CE,Combined TRACON& Tower with Radar,21,14,4,0,39,0,0,0,0,0,21,14,4,0,39,0,0,0,39
09/16/2021,GPT,MS,ASO,CE,Combined TRACON& Tower with Radar,21,24,4,30,79,0,0,7,0,7,21,24,11,30,86,0,0,0,86
09/17/2021,GPT,MS,ASO,CE,Combined TRACON& Tower with Radar,26,20,11,4,61,0,0,4,0,4,26,20,15,4,65,0,0,0,65
09/18/2021,GPT,MS,ASO,CE,Combined TRACON& Tower with Radar,18,7,9,4,38,0,0,6,0,6,18,7,15,4,44,14,0,14,58
09/19/2021,GPT,MS,ASO,CE,Combined TRACON& Tower with Radar,20,16,11,4,51,0,0,11,0,11,20,16,22,4,62,20,0,20,82
09/20/2021,GPT,MS,ASO,CE,Combined TRACON& Tower with Radar,25,14,5,78,122,0,0,13,13,26,25,14,18,91,148,20,62,82,230
09/21/2021,GPT,MS,ASO,CE,Combined TRACON& Tower with Radar,17,17,15,65,114,0,0,8,1,9,17,17,23,66,123,2,16,18,141
09/22/2021,GPT,MS,ASO,CE,Combined TRACON& Tower with Radar,20,16,17,67,120,0,0,6,14,20,20,16,23,81,140,2,26,28,168
09/23/2021,GPT,MS,ASO,CE,Combined TRACON& Tower with Radar,25,16,20,52,113,0,0,28,15,43,25,16,48,67,156,2,8,10,166
09/24/2021,GPT,MS,ASO,CE,Combined TRACON& Tower with Radar,18,18,22,57,115,0,2,26,6,34,18,20,48,63,149,0,0,0,149
09/25/2021,GPT,MS,ASO,CE,Combined TRACON& Tower with Radar,19,5,20,3,47,0,0,23,1,24,19,5,43,4,71,0,0,0,71
09/26/2021,GPT,MS,ASO,CE,Combined TRACON& Tower with Radar,26,13,19,0,58,0,0,40,2,42,26,13,59,2,100,13,0,13,113
09/27/2021,GPT,MS,ASO,CE,Combined TRACON& Tower with Radar,22,14,11,79,126,0,0,20,15,35,22,14,31,94,161,20,28,48,209
09/28/2021,GPT,MS,ASO,CE,Combined TRACON& Tower with Radar,17,12,14,12,55,0,0,4,4,8,17,12,18,16,63,0,6,6,69
09/29/2021,GPT,MS,ASO,CE,Combined TRACON& Tower with Radar,20,13,10,4,47,0,0,4,2,6,20,13,14,6,53,18,6,24,77
09/30/2021,GPT,MS,ASO,CE,Combined TRACON& Tower with Radar,18,13,24,42,97,0,0,14,5,19,18,13,38,47,116,0,0,0,116
10/01/2021,GPT,MS,ASO,CE,Combined TRACON& Tower with Radar,25,15,13,45,98,0,0,17,3,20,25,15,30,48,118,20,0,20,138
10/02/2021,GPT,MS,ASO,CE,Combined TRACON& Tower with Radar,21,8,8,4,41,0,0,11,0,11,21,8,19,4,52,6,0,6,58
10/03/2021,GPT,MS,ASO,CE,Combined TRACON& Tower with Radar,18,15,15,0,48,0,0,6,1,7,18,15,21,1,55,2,0,2,57
10/04/2021,GPT,MS,ASO,CE,Combined TRACON& Tower with Radar,22,13,7,31,73,0,0,1,3,4,22,13,8,34,77,0,0,0,77
10/05/2021,GPT,MS,ASO,CE,Combined TRACON& Tower with Radar,15,11,23,101,150,0,0,8,6,14,15,11,31,107,164,22,54,76,240
10/06/2021,GPT,MS,ASO,CE,Combined TRACON& Tower with Radar,21,11,23,111,166,0,0,11,8,19,21,11,34,119,185,14,26,40,225
10/07/2021,GPT,MS,ASO,CE,Combined TRACON& Tower with Radar,22,16,39,104,181,0,0,20,12,32,22,16,59,116,213,0,0,0,213
10/08/2021,GPT,MS,ASO,CE,Combined TRACON& Tower with Radar,18,15,22,68,123,0,7,46,16,69,18,22,68,84,192,14,8,22,214
10/09/2021,GPT,MS,ASO,CE,Combined TRACON& Tower with Radar,12,14,14,0,40,0,1,42,0,43,12,15,56,0,83,0,0,0,83
10/10/2021,GPT,MS,ASO,CE,Combined TRACON& Tower with Radar,22,13,23,0,58,0,0,12,0,12,22,13,35,0,70,14,0,14,84
10/11/2021,GPT,MS,ASO,CE,Combined TRACON& Tower with Radar,16,13,16,0,45,0,0,15,0,15,16,13,31,0,60,0,0,0,60
10/12/2021,GPT,MS,ASO,CE,Combined TRACON& Tower with Radar,12,12,27,94,145,0,3,4,14,21,12,15,31,108,166,0,70,70,236
10/13/2021,GPT,MS,ASO,CE,Combined TRACON& Tower with Radar,17,11,31,133,192,0,4,15,1,20,17,15,46,134,212,4,26,30,242
10/14/2021,GPT,MS,ASO,CE,Combined TRACON& Tower with Radar,15,22,18,82,137,0,0,16,5,21,15,22,34,87,158,4,0,4,162
10/15/2021,GPT,MS,ASO,CE,Combined TRACON& Tower with Radar,24,18,24,133,199,0,0,12,7,19,24,18,36,140,218,18,84,102,320
10/16/2021,GPT,MS,ASO,CE,Combined TRACON& Tower with Radar,14,11,8,27,60,0,1,12,22,35,14,12,20,49,95,10,0,10,105
10/17/2021,GPT,MS,ASO,CE,Combined TRACON& Tower with Radar,19,16,14,41,90,0,0,8,60,68,19,16,22,101,158,21,14,35,193
10/18/2021,GPT,MS,ASO,CE,Combined TRACON& Tower with Radar,23,13,14,104,154,0,0,21,22,43,23,13,35,126,197,16,39,55,252
10/19/2021,GPT,MS,ASO,CE,Combined TRACON& Tower with Radar,13,29,33,69,144,0,7,22,26,55,13,36,55,95,199,8,0,8,207
10/20/2021,GPT,MS,ASO,CE,Combined TRACON& Tower with Radar,26,18,10,17,71,0,0,11,3,14,26,18,21,20,85,26,0,26,111
10/21/2021,GPT,MS,ASO,CE,Combined TRACON& Tower with Radar,23,20,22,43,108,0,0,16,20,36,23,20,38,63,144,0,0,0,144
10/22/2021,GPT,MS,ASO,CE,Combined TRACON& Tower with Radar,17,23,31,66,137,0,1,21,0,22,17,24,52,66,159,22,2,24,183
10/23/2021,GPT,MS,ASO,CE,Combined TRACON& Tower with Radar,12,14,6,13,45,0,4,18,3,25,12,18,24,16,70,20,0,20,90
10/24/2021,GPT,MS,ASO,CE,Combined TRACON& Tower with Radar,20,19,11,14,64,0,6,19,6,31,20,25,30,20,95,26,4,30,125
10/25/2021,GPT,MS,ASO,CE,Combined TRACON& Tower with Radar,20,18,17,110,165,0,2,13,13,28,20,20,30,123,193,51,26,77,270
10/26/2021,GPT,MS,ASO,CE,Combined TRACON& Tower with Radar,19,15,14,76,124,0,1,10,30,41,19,16,24,106,165,6,2,8,173
10/27/2021,GPT,MS,ASO,CE,Combined TRACON& Tower with Radar,17,14,8,57,96,0,0,11,3,14,17,14,19,60,110,0,0,0,110
10/28/2021,GPT,MS,ASO,CE,Combined TRACON& Tower with Radar,18,14,12,92,136,0,2,2,24,28,18,16,14,116,164,2,18,20,184
10/29/2021,GPT,MS,ASO,CE,Combined TRACON& Tower with Radar,20,14,22,110,166,0,0,1,11,12,20,14,23,121,178,0,44,44,222
10/30/2021,GPT,MS,ASO,CE,Combined TRACON& Tower with Radar,14,14,20,17,65,0,0,12,6,18,14,14,32,23,83,6,12,18,101
10/31/2021,GPT,MS,ASO,CE,Combined TRACON& Tower with Radar,15,14,20,4,53,0,2,18,10,30,15,16,38,14,83,30,0,30,113
11/01/2021,GPT,MS,ASO,CE,Combined TRACON& Tower with Radar,21,17,9,80,127,0,1,22,16,39,21,18,31,96,166,32,0,32,198
11/02/2021,GPT,MS,ASO,CE,Combined TRACON& Tower with Radar,19,12,14,95,140,0,3,14,32,49,19,15,28,127,189,0,8,8,197
11/03/2021,GPT,MS,ASO,CE,Combined TRACON& Tower with Radar,21,12,19,144,196,0,7,51,69,127,21,19,70,213,323,0,0,0,323
11/04/2021,GPT,MS,ASO,CE,Combined TRACON& Tower with Radar,32,16,25,157,230,0,6,19,69,94,32,22,44,226,324,0,0,0,324
11/05/2021,GPT,MS,ASO,CE,Combined TRACON& Tower with Radar,26,13,25,142,206,0,3,13,18,34,26,16,38,160,240,2,6,8,248
11/06/2021,GPT,MS,ASO,CE,Combined TRACON& Tower with Radar,15,12,17,41,85,0,0,17,8,25,15,12,34,49,110,0,38,38,148
11/07/2021,GPT,MS,ASO,CE,Combined TRACON& Tower with Radar,19,15,13,38,85,0,2,25,33,60,19,17,38,71,145,45,39,84,229
11/08/2021,GPT,MS,ASO,CE,Combined TRACON& Tower with Radar,15,16,23,104,158,0,1,16,15,32,15,17,39,119,190,32,87,119,309
11/09/2021,GPT,MS,ASO,CE,Combined TRACON& Tower with Radar,16,10,25,132,183,0,1,22,16,39,16,11,47,148,222,22,4,26,248
11/10/2021,GPT,MS,ASO,CE,Combined TRACON& Tower with Radar,18,12,13,111,154,0,2,24,15,41,18,14,37,126,195,26,42,68,263
11/11/2021,GPT,MS,ASO,CE,Combined TRACON& Tower with Radar,16,15,14,35,80,0,0,11,1,12,16,15,25,36,92,10,3,13,105
11/12/2021,GPT,MS,ASO,CE,Combined TRACON& Tower with Radar,18,20,20,26,84,0,0,27,0,27,18,20,47,26,111,12,0,12,123
11/13/2021,GPT,MS,ASO,CE,Combined TRACON& Tower with Radar,18,12,12,8,50,0,0,19,0,19,18,12,31,8,69,28,2,30,99
11/14/2021,GPT,MS,ASO,CE,Combined TRACON& Tower with Radar,17,17,6,0,40,0,0,24,0,24,17,17,30,0,64,64,0,64,128
11/15/2021,GPT,MS,ASO,CE,Combined TRACON& Tower with Radar,15,16,29,115,175,0,0,33,12,45,15,16,62,127,220,70,0,70,290
11/16/2021,GPT,MS,ASO,CE,Combined TRACON& Tower with Radar,22,10,15,89,136,0,5,21,37,63,22,15,36,126,199,18,34,52,251
11/17/2021,GPT,MS,ASO,CE,Combined TRACON& Tower with Radar,28,22,10,82,142,0,3,19,21,43,28,25,29,103,185,12,24,36,221
11/18/2021,GPT,MS,ASO,CE,Combined TRACON& Tower with Radar,17,22,10,70,119,0,0,10,12,22,17,22,20,82,141,48,2,50,191
11/19/2021,GPT,MS,ASO,CE,Combined TRACON& Tower with Radar,21,20,19,75,135,0,7,24,14,45,21,27,43,89,180,0,4,4,184
11/20/2021,GPT,MS,ASO,CE,Combined TRACON& Tower with Radar,10,11,8,18,47,0,0,28,0,28,10,11,36,18,75,4,4,8,83
11/21/2021,GPT,MS,ASO,CE,Combined TRACON& Tower with Radar,19,13,19,11,62,0,0,10,4,14,19,13,29,15,76,41,22,63,139
11/22/2021,GPT,MS,ASO,CE,Combined TRACON& Tower with Radar,14,14,8,105,141,0,1,5,5,11,14,15,13,110,152,5,8,13,165
11/23/2021,GPT,MS,ASO,CE,Combined TRACON& Tower with Radar,16,13,14,55,98,0,0,27,3,30,16,13,41,58,128,0,0,0,128
11/24/2021,GPT,MS,ASO,CE,Combined TRACON& Tower with Radar,17,16,24,15,72,0,0,21,1,22,17,16,45,16,94,44,4,48,142
11/25/2021,GPT,MS,ASO,CE,Combined TRACON& Tower with Radar,11,6,2,4,23,0,0,2,0,2,11,6,4,4,25,0,0,0,25
11/26/2021,GPT,MS,ASO,CE,Combined TRACON& Tower with Radar,17,10,13,0,40,0,0,10,0,10,17,10,23,0,50,0,0,0,50
11/27/2021,GPT,MS,ASO,CE,Combined TRACON& Tower with Radar,12,17,16,0,45,0,0,30,0,30,12,17,46,0,75,16,0,16,91
11/28/2021,GPT,MS,ASO,CE,Combined TRACON& Tower with Radar,20,10,13,0,43,0,0,0,0,0,20,10,13,0,43,0,0,0,43
11/29/2021,GPT,MS,ASO,CE,Combined TRACON& Tower with Radar,16,16,13,71,116,0,0,25,12,37,16,16,38,83,153,12,10,22,175
11/30/2021,GPT,MS,ASO,CE,Combined TRACON& Tower with Radar,18,16,8,113,155,0,2,13,21,36,18,18,21,134,191,20,14,34,225
12/01/2021,GPT,MS,ASO,CE,Combined TRACON& Tower with Radar,18,14,23,88,143,0,0,16,29,45,18,14,39,117,188,54,75,129,317
12/02/2021,GPT,MS,ASO,CE,Combined TRACON& Tower with Radar,20,18,11,105,154,0,2,12,9,23,20,20,23,114,177,14,10,24,201
12/03/2021,GPT,MS,ASO,CE,Combined TRACON& Tower with Radar,21,20,15,48,104,0,3,9,2,14,21,23,24,50,118,12,10,22,140
12/04/2021,GPT,MS,ASO,CE,Combined TRACON& Tower with Radar,22,10,12,29,73,0,0,20,15,35,22,10,32,44,108,0,30,30,138
12/05/2021,GPT,MS,ASO,CE,Combined TRACON& Tower with Radar,21,15,24,33,93,0,3,14,6,23,21,18,38,39,116,68,0,68,184
12/06/2021,GPT,MS,ASO,CE,Combined TRACON& Tower with Radar,23,16,11,50,100,0,0,6,0,6,23,16,17,50,106,28,0,28,134
12/07/2021,GPT,MS,ASO,CE,Combined TRACON& Tower with Radar,17,11,11,61,100,0,0,0,0,0,17,11,11,61,100,0,0,0,100
12/08/2021,GPT,MS,ASO,CE,Combined TRACON& Tower with Radar,18,11,25,64,118,0,0,8,3,11,18,11,33,67,129,12,0,12,141
12/09/2021,GPT,MS,ASO,CE,Combined TRACON& Tower with Radar,19,10,27,48,104,0,1,1,1,3,19,11,28,49,107,0,0,0,107
12/10/2021,GPT,MS,ASO,CE,Combined TRACON& Tower with Radar,20,11,17,84,132,0,5,6,0,11,20,16,23,84,143,16,0,16,159
12/11/2021,GPT,MS,ASO,CE,Combined TRACON& Tower with Radar,17,9,8,2,36,0,0,5,0,5,17,9,13,2,41,0,0,0,41
12/12/2021,GPT,MS,ASO,CE,Combined TRACON& Tower with Radar,21,8,14,17,60,0,0,40,8,48,21,8,54,25,108,35,12,47,155
12/13/2021,GPT,MS,ASO,CE,Combined TRACON& Tower with Radar,19,11,38,152,220,0,0,11,8,19,19,11,49,160,239,60,0,60,299
12/14/2021,GPT,MS,ASO,CE,Combined TRACON& Tower with Radar,14,15,14,150,193,0,3,0,0,3,14,18,14,150,196,8,18,26,222
12/15/2021,GPT,MS,ASO,CE,Combined TRACON& Tower with Radar,24,11,16,151,202,0,0,18,13,31,24,11,34,164,233,30,14,44,277
12/16/2021,GPT,MS,ASO,CE,Combined TRACON& Tower with Radar,22,12,15,104,153,0,0,19,7,26,22,12,34,111,179,24,34,58,237
12/17/2021,GPT,MS,ASO,CE,Combined TRACON& Tower with Radar,18,16,17,15,66,0,0,0,0,0,18,16,17,15,66,0,0,0,66
12/18/2021,GPT,MS,ASO,CE,Combined TRACON& Tower with Radar,11,10,5,0,26,0,0,0,0,0,11,10,5,0,26,0,0,0,26
12/19/2021,GPT,MS,ASO,CE,Combined TRACON& Tower with Radar,16,15,13,47,91,0,0,2,0,2,16,15,15,47,93,0,0,0,93
12/20/2021,GPT,MS,ASO,CE,Combined TRACON& Tower with Radar,16,15,19,47,97,0,3,12,11,26,16,18,31,58,123,2,76,78,201
12/21/2021,GPT,MS,ASO,CE,Combined TRACON& Tower with Radar,16,13,19,82,130,0,0,5,2,7,16,13,24,84,137,4,12,16,153
12/22/2021,GPT,MS,ASO,CE,Combined TRACON& Tower with Radar,20,13,10,59,102,0,3,33,4,40,20,16,43,63,142,0,0,0,142
12/23/2021,GPT,MS,ASO,CE,Combined TRACON& Tower with Radar,16,12,13,10,51,0,0,25,0,25,16,12,38,10,76,0,0,0,76
12/24/2021,GPT,MS,ASO,CE,Combined TRACON& Tower with Radar,12,9,3,0,24,0,0,12,0,12,12,9,15,0,36,0,0,0,36
12/25/2021,GPT,MS,ASO,CE,Combined TRACON& Tower with Radar,10,8,3,0,21,0,0,3,0,3,10,8,6,0,24,0,0,0,24
12/26/2021,GPT,MS,ASO,CE,Combined TRACON& Tower with Radar,20,14,11,2,47,0,2,10,3,15,20,16,21,5,62,0,0,0,62
12/27/2021,GPT,MS,ASO,CE,Combined TRACON& Tower with Radar,15,12,8,36,71,0,0,8,0,8,15,12,16,36,79,4,0,4,83
12/28/2021,GPT,MS,ASO,CE,Combined TRACON& Tower with Radar,16,12,18,32,78,0,1,1,1,3,16,13,19,33,81,0,0,0,81
12/29/2021,GPT,MS,ASO,CE,Combined TRACON& Tower with Radar,16,14,9,18,57,0,0,2,0,2,16,14,11,18,59,0,0,0,59
12/30/2021,GPT,MS,ASO,CE,Combined TRACON& Tower with Radar,17,11,12,6,46,0,0,8,0,8,17,11,20,6,54,12,0,12,66
12/31/2021,GPT,MS,ASO,CE,Combined TRACON& Tower with Radar,9,7,13,8,37,0,0,1,0,1,9,7,14,8,38,0,0,0,38
01/01/2022,GPT,MS,ASO,CE,Combined TRACON& Tower with Radar,9,7,7,0,23,0,0,5,0,5,9,7,12,0,28,0,0,0,28
01/02/2022,GPT,MS,ASO,CE,Combined TRACON& Tower with Radar,17,13,9,2,41,0,0,0,0,0,17,13,9,2,41,0,0,0,41
01/03/2022,GPT,MS,ASO,CE,Combined TRACON& Tower with Radar,18,12,20,12,62,0,0,20,1,21,18,12,40,13,83,8,0,8,91
01/04/2022,GPT,MS,ASO,CE,Combined TRACON& Tower with Radar,14,12,16,63,105,1,0,27,20,48,15,12,43,83,153,22,28,50,203
01/05/2022,GPT,MS,ASO,CE,Combined TRACON& Tower with Radar,17,12,10,62,101,0,0,16,7,23,17,12,26,69,124,63,37,100,224
01/06/2022,GPT,MS,ASO,CE,Combined TRACON& Tower with Radar,20,14,16,117,167,0,1,20,10,31,20,15,36,127,198,0,4,4,202
01/07/2022,GPT,MS,ASO,CE,Combined TRACON& Tower with Radar,18,17,9,68,112,0,2,27,4,33,18,19,36,72,145,6,18,24,169
01/08/2022,GPT,MS,ASO,CE,Combined TRACON& Tower with Radar,11,11,12,2,36,0,2,15,6,23,11,13,27,8,59,22,4,26,85
01/09/2022,GPT,MS,ASO,CE,Combined TRACON& Tower with Radar,16,11,11,4,42,0,0,0,0,0,16,11,11,4,42,0,0,0,42
01/10/2022,GPT,MS,ASO,CE,Combined TRACON& Tower with Radar,16,11,11,32,70,0,1,5,1,7,16,12,16,33,77,0,0,0,77
01/11/2022,GPT,MS,ASO,CE,Combined TRACON& Tower with Radar,16,12,11,115,154,0,0,13,11,24,16,12,24,126,178,0,6,6,184
01/12/2022,GPT,MS,ASO,CE,Combined TRACON& Tower with Radar,16,13,18,90,137,0,0,21,4,25,16,13,39,94,162,26,2,28,190
01/13/2022,GPT,MS,ASO,CE,Combined TRACON& Tower with Radar,18,14,11,78,121,0,2,17,8,27,18,16,28,86,148,0,24,24,172
01/14/2022,GPT,MS,ASO,CE,Combined TRACON& Tower with Radar,21,18,6,44,89,0,0,31,5,36,21,18,37,49,125,52,0,52,177
01/15/2022,GPT,MS,ASO,CE,Combined TRACON& Tower with Radar,9,10,5,0,24,0,0,11,0,11,9,10,16,0,35,10,0,10,45
01/16/2022,GPT,MS,ASO,CE,Combined TRACON& Tower with Radar,8,14,5,4,31,0,1,0,1,2,8,15,5,5,33,0,0,0,33
01/17/2022,GPT,MS,ASO,CE,Combined TRACON& Tower with Radar,19,13,16,8,56,0,0,23,0,23,19,13,39,8,79,6,0,6,85
01/18/2022,GPT,MS,ASO,CE,Combined TRACON& Tower with Radar,17,14,17,111,159,1,0,31,18,50,18,14,48,129,209,50,56,106,315
01/19/2022,GPT,MS,ASO,CE,Combined TRACON& Tower with Radar,14,15,18,93,140,0,2,21,11,34,14,17,39,104,174,46,40,86,260
01/20/2022,GPT,MS,ASO,CE,Combined TRACON& Tower with Radar,18,16,10,26,70,0,0,0,0,0,18,16,10,26,70,0,0,0,70
01/21/2022,GPT,MS,ASO,CE,Combined TRACON& Tower with Radar,19,14,20,16,69,0,0,2,10,12,19,14,22,26,81,0,12,12,93
01/22/2022,GPT,MS,ASO,CE,Combined TRACON& Tower with Radar,13,16,29,28,86,0,2,25,3,30,13,18,54,31,116,0,0,0,116
01/23/2022,GPT,MS,ASO,CE,Combined TRACON& Tower with Radar,18,13,7,27,65,0,1,25,17,43,18,14,32,44,108,57,0,57,165
01/24/2022,GPT,MS,ASO,CE,Combined TRACON& Tower with Radar,17,20,19,67,123,0,1,24,5,30,17,21,43,72,153,16,0,16,169
01/25/2022,GPT,MS,ASO,CE,Combined TRACON& Tower with Radar,20,14,14,25,73,0,3,8,1,12,20,17,22,26,85,0,0,0,85
01/26/2022,GPT,MS,ASO,CE,Combined TRACON& Tower with Radar,14,17,18,102,151,0,1,33,15,49,14,18,51,117,200,6,12,18,218
01/27/2022,GPT,MS,ASO,CE,Combined TRACON& Tower with Radar,17,12,27,79,135,0,3,40,19,62,17,15,67,98,197,28,28,56,253
01/28/2022,GPT,MS,ASO,CE,Combined TRACON& Tower with Radar,18,16,33,122,189,0,2,13,6,21,18,18,46,128,210,4,48,52,262
01/29/2022,GPT,MS,ASO,CE,Combined TRACON& Tower with Radar,12,12,11,10,45,0,0,26,2,28,12,12,37,12,73,10,0,10,83
01/30/2022,GPT,MS,ASO,CE,Combined TRACON& Tower with Radar,21,14,21,4,60,0,0,17,8,25,21,14,38,12,85,0,0,0,85
01/31/2022,GPT,MS,ASO,CE,Combined TRACON& Tower with Radar,17,11,16,84,128,0,1,25,7,33,17,12,41,91,161,21,18,39,200
02/01/2022,GPT,MS,ASO,CE,Combined TRACON& Tower with Radar,14,16,13,100,143,0,0,11,9,20,14,16,24,109,163,0,8,8,171
02/02/2022,GPT,MS,ASO,CE,Combined TRACON& Tower with Radar,13,13,6,19,51,0,0,0,1,1,13,13,6,20,52,0,0,0,52
02/03/2022,GPT,MS,ASO,CE,Combined TRACON& Tower with Radar,17,9,2,8,36,0,0,0,0,0,17,9,2,8,36,0,0,0,36
02/04/2022,GPT,MS,ASO,CE,Combined TRACON& Tower with Radar,14,17,7,12,50,0,0,0,0,0,14,17,7,12,50,0,0,0,50
02/05/2022,GPT,MS,ASO,CE,Combined TRACON& Tower with Radar,10,16,7,13,46,0,1,33,12,46,10,17,40,25,92,0,0,0,92
02/06/2022,GPT,MS,ASO,CE,Combined TRACON& Tower with Radar,14,22,12,4,52,0,0,33,9,42,14,22,45,13,94,20,2,22,116
02/07/2022,GPT,MS,ASO,CE,Combined TRACON& Tower with Radar,16,12,5,66,99,0,0,14,8,22,16,12,19,74,121,8,50,58,179
02/08/2022,GPT,MS,ASO,CE,Combined TRACON& Tower with Radar,20,15,14,134,183,0,8,15,20,43,20,23,29,154,226,0,50,50,276
02/09/2022,GPT,MS,ASO,CE,Combined TRACON& Tower with Radar,14,18,15,117,164,0,0,28,8,36,14,18,43,125,200,18,24,42,242
02/10/2022,GPT,MS,ASO,CE,Combined TRACON& Tower with Radar,14,17,17,90,138,0,1,30,22,53,14,18,47,112,191,24,10,34,225
02/11/2022,GPT,MS,ASO,CE,Combined TRACON& Tower with Radar,19,13,19,78,129,0,0,24,15,39,19,13,43,93,168,10,14,24,192
02/12/2022,GPT,MS,ASO,CE,Combined TRACON& Tower with Radar,11,12,12,37,72,0,2,19,6,27,11,14,31,43,99,0,16,16,115
02/13/2022,GPT,MS,ASO,CE,Combined TRACON& Tower with Radar,15,12,13,10,50,0,0,23,1,24,15,12,36,11,74,0,0,0,74
02/14/2022,GPT,MS,ASO,CE,Combined TRACON& Tower with Radar,18,15,15,75,123,0,1,13,11,25,18,16,28,86,148,6,0,6,154
02/15/2022,GPT,MS,ASO,CE,Combined TRACON& Tower with Radar,16,14,20,147,197,0,4,27,34,65,16,18,47,181,262,56,24,80,342
02/16/2022,GPT,MS,ASO,CE,Combined TRACON& Tower with Radar,14,14,17,68,113,0,3,12,8,23,14,17,29,76,136,16,16,32,168
02/17/2022,GPT,MS,ASO,CE,Combined TRACON& Tower with Radar,14,13,16,3,46,0,0,0,1,1,14,13,16,4,47,0,0,0,47
02/18/2022,GPT,MS,ASO,CE,Combined TRACON& Tower with Radar,18,18,41,126,203,0,1,16,6,23,18,19,57,132,226,0,24,24,250
02/19/2022,GPT,MS,ASO,CE,Combined TRACON& Tower with Radar,10,15,20,21,66,0,5,22,4,31,10,20,42,25,97,0,0,0,97
02/20/2022,GPT,MS,ASO,CE,Combined TRACON& Tower with Radar,15,12,21,22,70,0,0,24,2,26,15,12,45,24,96,14,0,14,110
02/21/2022,GPT,MS,ASO,CE,Combined TRACON& Tower with Radar,16,19,19,2,56,0,0,2,0,2,16,19,21,2,58,30,0,30,88
02/22/2022,GPT,MS,ASO,CE,Combined TRACON& Tower with Radar,20,19,17,100,156,0,0,2,0,2,20,19,19,100,158,0,0,0,158
02/23/2022,GPT,MS,ASO,CE,Combined TRACON& Tower with Radar,15,9,17,72,113,0,6,14,3,23,15,15,31,75,136,0,0,0,136
02/24/2022,GPT,MS,ASO,CE,Combined TRACON& Tower with Radar,23,11,16,116,166,0,2,0,0,2,23,13,16,116,168,0,0,0,168
02/25/2022,GPT,MS,ASO,CE,Combined TRACON& Tower with Radar,20,22,11,47,100,0,1,0,11,12,20,23,11,58,112,0,0,0,112
02/26/2022,GPT,MS,ASO,CE,Combined TRACON& Tower with Radar,10,19,25,7,61,0,0,2,0,2,10,19,27,7,63,0,0,0,63
02/27/2022,GPT,MS,ASO,CE,Combined TRACON& Tower with Radar,19,14,12,12,57,0,0,3,0,3,19,14,15,12,60,0,0,0,60
02/28/2022,GPT,MS,ASO,CE,Combined TRACON& Tower with Radar,14,16,15,136,181,0,0,25,14,39,14,16,40,150,220,0,0,0,220
03/01/2022,GPT,MS,ASO,CE,Combined TRACON& Tower with Radar,16,15,12,74,117,0,8,22,9,39,16,23,34,83,156,14,2,16,172
03/02/2022,GPT,MS,ASO,CE,Combined TRACON& Tower with Radar,12,19,14,82,127,0,0,22,23,45,12,19,36,105,172,8,8,16,188
03/03/2022,GPT,MS,ASO,CE,Combined TRACON& Tower with Radar,12,22,32,81,147,0,5,19,23,47,12,27,51,104,194,34,20,54,248
03/04/2022,GPT,MS,ASO,CE,Combined TRACON& Tower with Radar,13,21,13,63,110,0,0,17,14,31,13,21,30,77,141,8,24,32,173
03/05/2022,GPT,MS,ASO,CE,Combined TRACON& Tower with Radar,11,17,9,12,49,0,0,9,0,9,11,17,18,12,58,8,6,14,72
03/06/2022,GPT,MS,ASO,CE,Combined TRACON& Tower with Radar,15,11,25,9,60,0,0,7,1,8,15,11,32,10,68,4,0,4,72
03/07/2022,GPT,MS,ASO,CE,Combined TRACON& Tower with Radar,19,12,8,40,79,0,0,2,1,3,19,12,10,41,82,0,0,0,82
03/08/2022,GPT,MS,ASO,CE,Combined TRACON& Tower with Radar,16,15,21,86,138,0,0,0,0,0,16,15,21,86,138,0,0,0,138
03/09/2022,GPT,MS,ASO,CE,Combined TRACON& Tower with Radar,14,18,16,26,74,0,1,1,2,4,14,19,17,28,78,0,0,0,78
03/10/2022,GPT,MS,ASO,CE,Combined TRACON& Tower with Radar,17,23,15,126,181,0,1,25,19,45,17,24,40,145,226,16,6,22,248
03/11/2022,GPT,MS,ASO,CE,Combined TRACON& Tower with Radar,22,20,17,5,64,0,0,1,0,1,22,20,18,5,65,0,0,0,65
03/12/2022,GPT,MS,ASO,CE,Combined TRACON& Tower with Radar,15,14,11,6,46,0,1,10,0,11,15,15,21,6,57,2,0,2,59
03/13/2022,GPT,MS,ASO,CE,Combined TRACON& Tower with Radar,18,17,28,7,70,0,0,38,7,45,18,17,66,14,115,66,0,66,181
03/14/2022,GPT,MS,ASO,CE,Combined TRACON& Tower with Radar,17,14,12,111,154,0,0,22,6,28,17,14,34,117,182,10,39,49,231
03/15/2022,GPT,MS,ASO,CE,Combined TRACON& Tower with Radar,13,15,6,169,203,0,0,8,6,14,13,15,14,175,217,16,42,58,275
03/16/2022,GPT,MS,ASO,CE,Combined TRACON& Tower with Radar,14,14,30,198,256,0,0,21,12,33,14,14,51,210,289,14,58,72,361
03/17/2022,GPT,MS,ASO,CE,Combined TRACON& Tower with Radar,18,13,32,79,142,0,4,25,10,39,18,17,57,89,181,12,4,16,197
03/18/2022,GPT,MS,ASO,CE,Combined TRACON& Tower with Radar,25,18,21,14,78,0,0,2,0,2,25,18,23,14,80,0,0,0,80
03/19/2022,GPT,MS,ASO,CE,Combined TRACON& Tower with Radar,11,15,33,15,74,0,2,36,3,41,11,17,69,18,115,8,0,8,123
03/20/2022,GPT,MS,ASO,CE,Combined TRACON& Tower with Radar,18,14,22,1,55,0,0,38,2,40,18,14,60,3,95,30,0,30,125
03/21/2022,GPT,MS,ASO,CE,Combined TRACON& Tower with Radar,20,14,16,92,142,0,0,17,21,38,20,14,33,113,180,26,28,54,234
03/22/2022,GPT,MS,ASO,CE,Combined TRACON& Tower with Radar,13,10,7,22,52,0,0,0,1,1,13,10,7,23,53,0,4,4,57
03/23/2022,GPT,MS,ASO,CE,Combined TRACON& Tower with Radar,9,18,20,111,158,0,3,19,13,35,9,21,39,124,193,42,42,84,277
03/24/2022,GPT,MS,ASO,CE,Combined TRACON& Tower with Radar,13,18,23,128,182,0,4,13,13,30,13,22,36,141,212,0,18,18,230
03/25/2022,GPT,MS,ASO,CE,Combined TRACON& Tower with Radar,21,12,18,97,148,0,1,10,12,23,21,13,28,109,171,0,28,28,199
03/26/2022,GPT,MS,ASO,CE,Combined TRACON& Tower with Radar,14,11,6,12,43,0,0,29,11,40,14,11,35,23,83,28,8,36,119
03/27/2022,GPT,MS,ASO,CE,Combined TRACON& Tower with Radar,21,15,18,17,71,0,2,40,2,44,21,17,58,19,115,36,4,40,155
03/28/2022,GPT,MS,ASO,CE,Combined TRACON& Tower with Radar,16,14,9,84,123,0,0,16,19,35,16,14,25,103,158,28,4,32,190
03/29/2022,GPT,MS,ASO,CE,Combined TRACON& Tower with Radar,20,12,22,45,99,0,2,17,19,38,20,14,39,64,137,12,8,20,157
03/30/2022,GPT,MS,ASO,CE,Combined TRACON& Tower with Radar,8,9,20,17,54,0,0,0,3,3,8,9,20,20,57,0,14,14,71
03/31/2022,GPT,MS,ASO,CE,Combined TRACON& Tower with Radar,16,20,29,39,104,0,5,13,21,39,16,25,42,60,143,4,2,6,149
04/01/2022,GPT,MS,ASO,CE,Combined TRACON& Tower with Radar,15,14,13,82,124,0,0,20,13,33,15,14,33,95,157,2,16,18,175
04/02/2022,GPT,MS,ASO,CE,Combined TRACON& Tower with Radar,12,13,14,0,39,0,1,23,2,26,12,14,37,2,65,42,0,42,107
04/03/2022,GPT,MS,ASO,CE,Combined TRACON& Tower with Radar,18,22,23,10,73,0,0,25,2,27,18,22,48,12,100,44,14,58,158
04/04/2022,GPT,MS,ASO,CE,Combined TRACON& Tower with Radar,17,15,18,34,84,0,0,18,12,30,17,15,36,46,114,22,10,32,146
04/05/2022,GPT,MS,ASO,CE,Combined TRACON& Tower with Radar,22,14,13,24,73,0,0,1,4,5,22,14,14,28,78,0,0,0,78
04/06/2022,GPT,MS,ASO,CE,Combined TRACON& Tower with Radar,19,11,18,76,124,0,0,3,5,8,19,11,21,81,132,0,14,14,146
04/07/2022,GPT,MS,ASO,CE,Combined TRACON& Tower with Radar,18,10,23,111,162,0,1,17,19,37,18,11,40,130,199,6,74,80,279
04/08/2022,GPT,MS,ASO,CE,Combined TRACON& Tower with Radar,20,11,19,53,103,0,5,16,9,30,20,16,35,62,133,8,0,8,141
04/09/2022,GPT,MS,ASO,CE,Combined TRACON& Tower with Radar,14,7,6,6,33,0,3,20,0,23,14,10,26,6,56,20,0,20,76
04/10/2022,GPT,MS,ASO,CE,Combined TRACON& Tower with Radar,20,6,16,17,59,0,0,11,5,16,20,6,27,22,75,6,0,6,81
04/11/2022,GPT,MS,ASO,CE,Combined TRACON& Tower with Radar,26,8,21,20,75,0,0,8,2,10,26,8,29,22,85,6,0,6,91
04/12/2022,GPT,MS,ASO,CE,Combined TRACON& Tower with Radar,17,15,22,100,154,0,0,8,7,15,17,15,30,107,169,0,8,8,177
04/13/2022,GPT,MS,ASO,CE,Combined TRACON& Tower with Radar,15,11,17,62,105,0,0,3,2,5,15,11,20,64,110,0,8,8,118
04/14/2022,GPT,MS,ASO,CE,Combined TRACON& Tower with Radar,21,9,10,75,115,0,1,2,0,3,21,10,12,75,118,0,20,20,138
04/15/2022,GPT,MS,ASO,CE,Combined TRACON& Tower with Radar,26,8,12,18,64,0,0,17,7,24,26,8,29,25,88,14,20,34,122
04/16/2022,GPT,MS,ASO,CE,Combined TRACON& Tower with Radar,17,11,8,3,39,0,2,11,1,14,17,13,19,4,53,18,0,18,71
04/17/2022,GPT,MS,ASO,CE,Combined TRACON& Tower with Radar,19,6,1,2,28,0,0,3,0,3,19,6,4,2,31,0,0,0,31
04/18/2022,GPT,MS,ASO,CE,Combined TRACON& Tower with Radar,18,12,20,86,136,0,0,10,3,13,18,12,30,89,149,0,56,56,205
04/19/2022,GPT,MS,ASO,CE,Combined TRACON& Tower with Radar,20,13,16,87,136,0,2,20,11,33,20,15,36,98,169,0,4,4,173
04/20/2022,GPT,MS,ASO,CE,Combined TRACON& Tower with Radar,21,17,7,144,189,0,0,13,18,31,21,17,20,162,220,0,46,46,266
04/21/2022,GPT,MS,ASO,CE,Combined TRACON& Tower with Radar,20,13,20,129,182,0,4,15,28,47,20,17,35,157,229,14,54,68,297
04/22/2022,GPT,MS,ASO,CE,Combined TRACON& Tower with Radar,21,8,14,97,140,0,0,17,27,44,21,8,31,124,184,4,4,8,192
04/23/2022,GPT,MS,ASO,CE,Combined TRACON& Tower with Radar,15,8,19,27,69,0,1,18,2,21,15,9,37,29,90,0,0,0,90
04/24/2022,GPT,MS,ASO,CE,Combined TRACON& Tower with Radar,21,8,12,55,96,0,6,21,15,42,21,14,33,70,138,37,14,51,189
04/25/2022,GPT,MS,ASO,CE,Combined TRACON& Tower with Radar,16,7,10,93,126,0,3,21,22,46,16,10,31,115,172,50,8,58,230
04/26/2022,GPT,MS,ASO,CE,Combined TRACON& Tower with Radar,16,8,19,164,207,0,6,16,35,57,16,14,35,199,264,46,22,68,332
04/27/2022,GPT,MS,ASO,CE,Combined TRACON& Tower with Radar,17,8,23,78,126,0,6,35,27,68,17,14,58,105,194,33,24,57,251
04/28/2022,GPT,MS,ASO,CE,Combined TRACON& Tower with Radar,21,11,10,102,144,0,4,22,24,50,21,15,32,126,194,28,28,56,250
04/29/2022,GPT,MS,ASO,CE,Combined TRACON& Tower with Radar,24,9,17,59,109,0,2,8,13,23,24,11,25,72,132,12,16,28,160
04/30/2022,GPT,MS,ASO,CE,Combined TRACON& Tower with Radar,14,11,14,31,70,0,7,21,18,46,14,18,35,49,116,30,0,30,146
05/01/2022,GPT,MS,ASO,CE,Combined TRACON& Tower with Radar,21,9,12,39,81,0,3,9,23,35,21,12,21,62,116,4,12,16,132
05/02/2022,GPT,MS,ASO,CE,Combined TRACON& Tower with Radar,18,7,9,81,115,0,6,14,19,39,18,13,23,100,154,68,22,90,244
05/03/2022,GPT,MS,ASO,CE,Combined TRACON& Tower with Radar,23,8,9,84,124,0,7,12,22,41,23,15,21,106,165,38,31,69,234
05/04/2022,GPT,MS,ASO,CE,Combined TRACON& Tower with Radar,15,10,24,160,209,0,1,19,27,47,15,11,43,187,256,16,36,52,308
05/05/2022,GPT,MS,ASO,CE,Combined TRACON& Tower with Radar,13,8,15,93,129,0,0,10,20,30,13,8,25,113,159,12,14,26,185
05/06/2022,GPT,MS,ASO,CE,Combined TRACON& Tower with Radar,19,9,16,32,76,0,0,5,7,12,19,9,21,39,88,0,0,0,88
05/07/2022,GPT,MS,ASO,CE,Combined TRACON& Tower with Radar,17,8,12,1,38,0,0,36,3,39,17,8,48,4,77,34,0,34,111
05/08/2022,GPT,MS,ASO,CE,Combined TRACON& Tower with Radar,20,7,13,4,44,0,0,34,5,39,20,7,47,9,83,62,4,66,149
05/09/2022,GPT,MS,ASO,CE,Combined TRACON& Tower with Radar,23,9,29,61,122,0,0,11,2,13,23,9,40,63,135,44,22,66,201
05/10/2022,GPT,MS,ASO,CE,Combined TRACON& Tower with Radar,19,12,18,86,135,0,1,17,10,28,19,13,35,96,163,12,52,64,227
05/11/2022,GPT,MS,ASO,CE,Combined TRACON& Tower with Radar,16,10,18,89,133,0,0,28,7,35,16,10,46,96,168,42,56,98,266
05/12/2022,GPT,MS,ASO,CE,Combined TRACON& Tower with Radar,24,10,27,21,82,0,1,19,13,33,24,11,46,34,115,26,4,30,145
05/13/2022,GPT,MS,ASO,CE,Combined TRACON& Tower with Radar,24,9,20,33,86,0,0,21,9,30,24,9,41,42,116,39,2,41,157
05/14/2022,GPT,MS,ASO,CE,Combined TRACON& Tower with Radar,16,10,16,12,54,0,0,19,10,29,16,10,35,22,83,24,0,24,107
05/15/2022,GPT,MS,ASO,CE,Combined TRACON& Tower with Radar,17,6,15,33,71,0,0,13,9,22,17,6,28,42,93,16,0,16,109
05/16/2022,GPT,MS,ASO,CE,Combined TRACON& Tower with Radar,18,8,8,117,151,0,3,25,24,52,18,11,33,141,203,24,18,42,245
05/17/2022,GPT,MS,ASO,CE,Combined TRACON& Tower with Radar,18,14,7,81,120,0,0,25,7,32,18,14,32,88,152,22,26,48,200
05/18/2022,GPT,MS,ASO,CE,Combined TRACON& Tower with Radar,15,9,22,107,153,0,1,25,20,46,15,10,47,127,199,26,52,78,277
05/19/2022,GPT,MS,ASO,CE,Combined TRACON& Tower with Radar,19,8,15,111,153,0,0,34,7,41,19,8,49,118,194,22,0,22,216
05/20/2022,GPT,MS,ASO,CE,Combined TRACON& Tower with Radar,19,10,17,87,133,0,5,22,8,35,19,15,39,95,168,0,0,0,168
05/21/2022,GPT,MS,ASO,CE,Combined TRACON& Tower with Radar,18,12,14,18,62,0,0,1,1,2,18,12,15,19,64,8,0,8,72
05/22/2022,GPT,MS,ASO,CE,Combined TRACON& Tower with Radar,21,8,15,13,57,0,0,5,0,5,21,8,20,13,62,0,2,2,64
05/23/2022,GPT,MS,ASO,CE,Combined TRACON& Tower with Radar,17,11,13,9,50,0,0,14,0,14,17,11,27,9,64,20,0,20,84
05/24/2022,GPT,MS,ASO,CE,Combined TRACON& Tower with Radar,24,10,22,31,87,0,1,3,7,11,24,11,25,38,98,0,6,6,104
05/25/2022,GPT,MS,ASO,CE,Combined TRACON& Tower with Radar,19,8,8,9,44,0,0,3,4,7,19,8,11,13,51,32,6,38,89
05/26/2022,GPT,MS,ASO,CE,Combined TRACON& Tower with Radar,15,8,13,72,108,0,6,12,11,29,15,14,25,83,137,32,80,112,249
05/27/2022,GPT,MS,ASO,CE,Combined TRACON& Tower with Radar,20,10,17,0,47,0,2,27,3,32,20,12,44,3,79,0,0,0,79
05/28/2022,GPT,MS,ASO,CE,Combined TRACON& Tower with Radar,17,10,7,1,35,0,0,24,5,29,17,10,31,6,64,2,0,2,66
05/29/2022,GPT,MS,ASO,CE,Combined TRACON& Tower with Radar,15,6,6,28,55,0,4,18,0,22,15,10,24,28,77,24,6,30,107
05/30/2022,GPT,MS,ASO,CE,Combined TRACON& Tower with Radar,19,10,5,4,38,0,0,7,1,8,19,10,12,5,46,0,0,0,46
05/31/2022,GPT,MS,ASO,CE,Combined TRACON& Tower with Radar,23,8,18,49,98,0,0,14,19,33,23,8,32,68,131,0,0,0,131
06/01/2022,GPT,MS,ASO,CE,Combined TRACON& Tower with Radar,17,12,12,31,72,0,4,22,4,30,17,16,34,35,102,44,8,52,154
06/02/2022,GPT,MS,ASO,CE,Combined TRACON& Tower with Radar,20,13,13,78,124,0,0,21,10,31,20,13,34,88,155,52,14,66,221
06/03/2022,GPT,MS,ASO,CE,Combined TRACON& Tower with Radar,18,11,8,76,113,0,1,9,5,15,18,12,17,81,128,24,16,40,168
06/04/2022,GPT,MS,ASO,CE,Combined TRACON& Tower with Radar,16,8,24,17,65,0,2,22,5,29,16,10,46,22,94,0,18,18,112
06/05/2022,GPT,MS,ASO,CE,Combined TRACON& Tower with Radar,19,10,11,7,47,0,0,18,16,34,19,10,29,23,81,32,16,48,129
06/06/2022,GPT,MS,ASO,CE,Combined TRACON& Tower with Radar,15,9,11,76,111,0,0,14,21,35,15,9,25,97,146,12,38,50,196
06/07/2022,GPT,MS,ASO,CE,Combined TRACON& Tower with Radar,18,12,31,136,197,0,13,16,21,50,18,25,47,157,247,34,36,70,317
06/08/2022,GPT,MS,ASO,CE,Combined TRACON& Tower with Radar,18,17,31,148,214,0,5,25,32,62,18,22,56,180,276,0,86,86,362
06/09/2022,GPT,MS,ASO,CE,Combined TRACON& Tower with Radar,16,11,28,44,99,0,0,15,3,18,16,11,43,47,117,2,20,22,139
06/10/2022,GPT,MS,ASO,CE,Combined TRACON& Tower with Radar,16,13,15,33,77,0,0,9,3,12,16,13,24,36,89,22,0,22,111
06/11/2022,GPT,MS,ASO,CE,Combined TRACON& Tower with Radar,20,14,22,37,93,0,3,10,8,21,20,17,32,45,114,14,0,14,128
06/12/2022,GPT,MS,ASO,CE,Combined TRACON& Tower with Radar,17,7,23,28,75,0,1,15,5,21,17,8,38,33,96,22,0,22,118
06/13/2022,GPT,MS,ASO,CE,Combined TRACON& Tower with Radar,17,15,24,48,104,0,7,20,4,31,17,22,44,52,135,8,44,52,187
06/14/2022,GPT,MS,ASO,CE,Combined TRACON& Tower with Radar,23,12,19,101,155,0,7,36,14,57,23,19,55,115,212,14,16,30,242
06/15/2022,GPT,MS,ASO,CE,Combined TRACON& Tower with Radar,21,8,22,93,144,0,0,27,10,37,21,8,49,103,181,64,16,80,261
06/16/2022,GPT,MS,ASO,CE,Combined TRACON& Tower with Radar,18,12,15,41,86,0,1,21,12,34,18,13,36,53,120,66,40,106,226
06/17/2022,GPT,MS,ASO,CE,Combined TRACON& Tower with Radar,12,12,9,84,117,0,3,30,22,55,12,15,39,106,172,29,8,37,209
06/18/2022,GPT,MS,ASO,CE,Combined TRACON& Tower with Radar,18,10,12,4,44,0,0,19,0,19,18,10,31,4,63,22,0,22,85
06/19/2022,GPT,MS,ASO,CE,Combined TRACON& Tower with Radar,16,11,13,15,55,0,0,15,5,20,16,11,28,20,75,6,0,6,81
06/20/2022,GPT,MS,ASO,CE,Combined TRACON& Tower with Radar,15,11,10,6,42,0,1,28,1,30,15,12,38,7,72,25,0,25,97
06/21/2022,GPT,MS,ASO,CE,Combined TRACON& Tower with Radar,20,13,6,90,129,0,1,31,12,44,20,14,37,102,173,24,6,30,203
06/22/2022,GPT,MS,ASO,CE,Combined TRACON& Tower with Radar,19,11,14,74,118,0,5,20,18,43,19,16,34,92,161,17,8,25,186
06/23/2022,GPT,MS,ASO,CE,Combined TRACON& Tower with Radar,20,16,16,79,131,0,7,16,23,46,20,23,32,102,177,28,20,48,225
06/24/2022,GPT,MS,ASO,CE,Combined TRACON& Tower with Radar,16,11,18,65,110,0,3,16,8,27,16,14,34,73,137,24,0,24,161
06/25/2022,GPT,MS,ASO,CE,Combined TRACON& Tower with Radar,22,8,12,1,43,0,2,17,0,19,22,10,29,1,62,0,0,0,62
06/26/2022,GPT,MS,ASO,CE,Combined TRACON& Tower with Radar,13,10,12,6,41,0,0,4,0,4,13,10,16,6,45,4,0,4,49
06/27/2022,GPT,MS,ASO,CE,Combined TRACON& Tower with Radar,17,9,13,81,120,0,0,6,12,18,17,9,19,93,138,0,0,0,138
06/28/2022,GPT,MS,ASO,CE,Combined TRACON& Tower with Radar,14,8,12,105,139,0,2,9,13,24,14,10,21,118,163,80,45,125,288
06/29/2022,GPT,MS,ASO,CE,Combined TRACON& Tower with Radar,19,10,18,34,81,0,0,19,8,27,19,10,37,42,108,0,50,50,158
06/30/2022,GPT,MS,ASO,CE,Combined TRACON& Tower with Radar,18,8,13,41,80,0,0,5,2,7,18,8,18,43,87,12,10,22,109
07/01/2022,GPT,MS,ASO,CE,Combined TRACON& Tower with Radar,18,8,14,14,54,0,0,14,4,18,18,8,28,18,72,62,0,62,134
07/02/2022,GPT,MS,ASO,CE,Combined TRACON& Tower with Radar,14,9,14,0,37,0,0,11,0,11,14,9,25,0,48,18,0,18,66
07/03/2022,GPT,MS,ASO,CE,Combined TRACON& Tower with Radar,12,6,8,0,26,0,0,9,0,9,12,6,17,0,35,14,0,14,49
07/04/2022,GPT,MS,ASO,CE,Combined TRACON& Tower with Radar,16,7,5,1,29,0,0,13,0,13,16,7,18,1,42,0,0,0,42
07/05/2022,GPT,MS,ASO,CE,Combined TRACON& Tower with Radar,18,11,3,4,36,0,1,12,2,15,18,12,15,6,51,20,0,20,71
07/06/2022,GPT,MS,ASO,CE,Combined TRACON& Tower with Radar,18,8,5,64,95,0,1,17,8,26,18,9,22,72,121,101,12,113,234
07/07/2022,GPT,MS,ASO,CE,Combined TRACON& Tower with Radar,16,8,6,68,98,0,2,24,17,43,16,10,30,85,141,24,28,52,193
07/08/2022,GPT,MS,ASO,CE,Combined TRACON& Tower with Radar,19,9,8,59,95,0,1,25,27,53,19,10,33,86,148,2,18,20,168
07/09/2022,GPT,MS,ASO,CE,Combined TRACON& Tower with Radar,17,7,7,10,41,0,0,16,8,24,17,7,23,18,65,14,0,14,79
07/10/2022,GPT,MS,ASO,CE,Combined TRACON& Tower with Radar,16,5,15,8,44,0,0,13,0,13,16,5,28,8,57,0,0,0,57
07/11/2022,GPT,MS,ASO,CE,Combined TRACON& Tower with Radar,13,9,15,51,88,0,0,23,5,28,13,9,38,56,116,16,38,54,170
07/12/2022,GPT,MS,ASO,CE,Combined TRACON& Tower with Radar,20,10,12,31,73,0,0,14,4,18,20,10,26,35,91,16,6,22,113
07/13/2022,GPT,MS,ASO,CE,Combined TRACON& Tower with Radar,19,8,12,110,149,0,0,10,16,26,19,8,22,126,175,57,10,67,242
07/14/2022,GPT,MS,ASO,CE,Combined TRACON& Tower with Radar,13,15,16,35,79,0,4,11,9,24,13,19,27,44,103,20,0,20,123
07/15/2022,GPT,MS,ASO,CE,Combined TRACON& Tower with Radar,22,13,15,21,71,0,0,22,7,29,22,13,37,28,100,34,0,34,134
07/16/2022,GPT,MS,ASO,CE,Combined TRACON& Tower with Radar,17,9,10,5,41,0,0,10,1,11,17,9,20,6,52,22,4,26,78
07/17/2022,GPT,MS,ASO,CE,Combined TRACON& Tower with Radar,18,6,19,11,54,0,1,26,6,33,18,7,45,17,87,66,0,66,153
07/18/2022,GPT,MS,ASO,CE,Combined TRACON& Tower with Radar,20,7,16,20,63,0,0,11,3,14,20,7,27,23,77,0,0,0,77
07/19/2022,GPT,MS,ASO,CE,Combined TRACON& Tower with Radar,17,11,12,90,130,0,0,28,12,40,17,11,40,102,170,52,12,64,234
07/20/2022,GPT,MS,ASO,CE,Combined TRACON& Tower with Radar,21,10,8,52,91,0,0,31,11,42,21,10,39,63,133,46,34,80,213
07/21/2022,GPT,MS,ASO,CE,Combined TRACON& Tower with Radar,22,10,26,45,103,0,0,15,25,40,22,10,41,70,143,27,2,29,172
07/22/2022,GPT,MS,ASO,CE,Combined TRACON& Tower with Radar,21,10,10,40,81,0,2,12,12,26,21,12,22,52,107,14,0,14,121
07/23/2022,GPT,MS,ASO,CE,Combined TRACON& Tower with Radar,13,9,7,11,40,0,0,22,8,30,13,9,29,19,70,62,6,68,138
07/24/2022,GPT,MS,ASO,CE,Combined TRACON& Tower with Radar,16,8,7,4,35,0,1,16,4,21,16,9,23,8,56,74,0,74,130
07/25/2022,GPT,MS,ASO,CE,Combined TRACON& Tower with Radar,16,10,11,10,47,0,0,18,4,22,16,10,29,14,69,27,1,28,97
07/26/2022,GPT,MS,ASO,CE,Combined TRACON& Tower with Radar,20,8,9,60,97,0,2,9,10,21,20,10,18,70,118,26,0,26,144
07/27/2022,GPT,MS,ASO,CE,Combined TRACON& Tower with Radar,22,10,6,71,109,0,7,24,3,34,22,17,30,74,143,16,6,22,165
07/28/2022,GPT,MS,ASO,CE,Combined TRACON& Tower with Radar,16,8,11,21,56,0,0,10,11,21,16,8,21,32,77,1,0,1,78
07/29/2022,GPT,MS,ASO,CE,Combined TRACON& Tower with Radar,13,12,23,17,65,0,2,13,14,29,13,14,36,31,94,36,10,46,140
07/30/2022,GPT,MS,ASO,CE,Combined TRACON& Tower with Radar,18,7,5,2,32,0,0,21,0,21,18,7,26,2,53,48,0,48,101
07/31/2022,GPT,MS,ASO,CE,Combined TRACON& Tower with Radar,15,7,10,2,34,0,0,19,0,19,15,7,29,2,53,44,0,44,97
08/01/2022,GPT,MS,ASO,CE,Combined TRACON& Tower with Radar,17,9,10,21,57,0,2,9,0,11,17,11,19,21,68,28,0,28,96
08/02/2022,GPT,MS,ASO,CE,Combined TRACON& Tower with Radar,28,8,10,7,53,0,1,11,9,21,28,9,21,16,74,38,8,46,120
08/03/2022,GPT,MS,ASO,CE,Combined TRACON& Tower with Radar,17,8,6,15,46,0,0,17,6,23,17,8,23,21,69,2,10,12,81
08/04/2022,GPT,MS,ASO,CE,Combined TRACON& Tower with Radar,20,10,12,32,74,0,3,12,7,22,20,13,24,39,96,28,0,28,124
08/05/2022,GPT,MS,ASO,CE,Combined TRACON& Tower with Radar,21,12,22,64,119,0,0,31,15,46,21,12,53,79,165,24,0,24,189
08/06/2022,GPT,MS,ASO,CE,Combined TRACON& Tower with Radar,16,8,6,8,38,0,0,7,0,7,16,8,13,8,45,66,0,66,111
08/07/2022,GPT,MS,ASO,CE,Combined TRACON& Tower with Radar,12,7,16,4,39,0,0,29,2,31,12,7,45,6,70,80,6,86,156
08/08/2022,GPT,MS,ASO,CE,Combined TRACON& Tower with Radar,18,7,10,13,48,0,0,9,1,10,18,7,19,14,58,24,4,28,86
08/09/2022,GPT,MS,ASO,CE,Combined TRACON& Tower with Radar,15,9,21,47,92,0,0,14,22,36,15,9,35,69,128,34,16,50,178
08/10/2022,GPT,MS,ASO,CE,Combined TRACON& Tower with Radar,14,12,16,24,66,0,0,14,8,22,14,12,30,32,88,24,0,24,112
08/11/2022,GPT,MS,ASO,CE,Combined TRACON& Tower with Radar,15,9,12,16,52,0,0,18,7,25,15,9,30,23,77,68,0,68,145
08/12/2022,GPT,MS,ASO,CE,Combined TRACON& Tower with Radar,26,13,8,60,107,0,3,12,18,33,26,16,20,78,140,40,0,40,180
08/13/2022,GPT,MS,ASO,CE,Combined TRACON& Tower with Radar,16,12,15,11,54,0,0,9,2,11,16,12,24,13,65,28,0,28,93
08/14/2022,GPT,MS,ASO,CE,Combined TRACON& Tower with Radar,16,10,13,29,68,0,0,29,5,34,16,10,42,34,102,72,10,82,184
08/15/2022,GPT,MS,ASO,CE,Combined TRACON& Tower with Radar,14,12,13,52,91,0,3,28,3,34,14,15,41,55,125,30,0,30,155
08/16/2022,GPT,MS,ASO,CE,Combined TRACON& Tower with Radar,18,8,24,60,110,0,0,31,22,53,18,8,55,82,163,20,54,74,237
08/17/2022,GPT,MS,ASO,CE,Combined TRACON& Tower with Radar,24,7,19,30,80,0,3,17,4,24,24,10,36,34,104,18,2,20,124
08/18/2022,GPT,MS,ASO,CE,Combined TRACON& Tower with Radar,19,9,19,26,73,0,1,16,5,22,19,10,35,31,95,12,0,12,107
08/19/2022,GPT,MS,ASO,CE,Combined TRACON& Tower with Radar,16,6,22,19,63,0,1,18,5,24,16,7,40,24,87,30,0,30,117
08/20/2022,GPT,MS,ASO,CE,Combined TRACON& Tower with Radar,15,7,6,4,32,0,0,17,0,17,15,7,23,4,49,22,0,22,71
08/21/2022,GPT,MS,ASO,CE,Combined TRACON& Tower with Radar,15,4,23,8,50,0,2,12,0,14,15,6,35,8,64,54,0,54,118
08/22/2022,GPT,MS,ASO,CE,Combined TRACON& Tower with Radar,19,5,7,35,66,0,0,4,2,6,19,5,11,37,72,56,0,56,128
08/23/2022,GPT,MS,ASO,CE,Combined TRACON& Tower with Radar,15,5,11,9,40,0,0,8,0,8,15,5,19,9,48,6,0,6,54
08/24/2022,GPT,MS,ASO,CE,Combined TRACON& Tower with Radar,16,5,14,2,37,0,0,5,0,5,16,5,19,2,42,0,0,0,42
08/25/2022,GPT,MS,ASO,CE,Combined TRACON& Tower with Radar,17,7,10,6,40,0,0,4,0,4,17,7,14,6,44,0,0,0,44
08/26/2022,GPT,MS,ASO,CE,Combined TRACON& Tower with Radar,20,6,18,20,64,0,0,7,4,11,20,6,25,24,75,30,0,30,105
08/27/2022,GPT,MS,ASO,CE,Combined TRACON& Tower with Radar,12,9,22,7,50,0,0,15,0,15,12,9,37,7,65,34,0,34,99
08/28/2022,GPT,MS,ASO,CE,Combined TRACON& Tower with Radar,19,8,19,8,54,0,0,15,1,16,19,8,34,9,70,38,0,38,108
08/29/2022,GPT,MS,ASO,CE,Combined TRACON& Tower with Radar,20,9,9,88,126,0,0,25,27,52,20,9,34,115,178,44,6,50,228
08/30/2022,GPT,MS,ASO,CE,Combined TRACON& Tower with Radar,13,19,23,64,119,0,13,23,13,49,13,32,46,77,168,14,24,38,206
08/31/2022,GPT,MS,ASO,CE,Combined TRACON& Tower with Radar,18,7,16,96,137,0,0,35,19,54,18,7,51,115,191,38,32,70,261
09/01/2022,GPT,MS,ASO,CE,Combined TRACON& Tower with Radar,19,6,12,74,111,0,1,28,22,51,19,7,40,96,162,60,6,66,228
09/02/2022,GPT,MS,ASO,CE,Combined TRACON& Tower with Radar,20,8,10,58,96,0,0,37,3,40,20,8,47,61,136,46,8,54,190
09/03/2022,GPT,MS,ASO,CE,Combined TRACON& Tower with Radar,13,7,5,0,25,0,0,6,0,6,13,7,11,0,31,26,0,26,57
09/04/2022,GPT,MS,ASO,CE,Combined TRACON& Tower with Radar,16,6,6,0,28,0,0,17,0,17,16,6,23,0,45,68,0,68,113
09/05/2022,GPT,MS,ASO,CE,Combined TRACON& Tower with Radar,19,5,9,3,36,0,0,12,0,12,19,5,21,3,48,0,0,0,48
09/06/2022,GPT,MS,ASO,CE,Combined TRACON& Tower with Radar,15,11,9,56,91,0,1,14,10,25,15,12,23,66,116,32,0,32,148
09/07/2022,GPT,MS,ASO,CE,Combined TRACON& Tower with Radar,17,14,12,53,96,0,1,28,11,40,17,15,40,64,136,0,10,10,146
09/08/2022,GPT,MS,ASO,CE,Combined TRACON& Tower with Radar,19,11,6,78,114,0,0,8,15,23,19,11,14,93,137,48,10,58,195
09/09/2022,GPT,MS,ASO,CE,Combined TRACON& Tower with Radar,23,7,11,22,63,0,0,14,0,14,23,7,25,22,77,16,6,22,99
09/10/2022,GPT,MS,ASO,CE,Combined TRACON& Tower with Radar,18,8,10,30,66,0,4,27,11,42,18,12,37,41,108,70,14,84,192
09/11/2022,GPT,MS,ASO,CE,Combined TRACON& Tower with Radar,19,7,17,13,56,0,0,27,5,32,19,7,44,18,88,66,0,66,154
09/12/2022,GPT,MS,ASO,CE,Combined TRACON& Tower with Radar,22,8,11,113,154,0,8,30,16,54,22,16,41,129,208,52,30,82,290
09/13/2022,GPT,MS,ASO,CE,Combined TRACON& Tower with Radar,23,11,18,88,140,0,5,28,12,45,23,16,46,100,185,34,14,48,233
09/14/2022,GPT,MS,ASO,CE,Combined TRACON& Tower with Radar,18,8,13,78,117,0,1,27,21,49,18,9,40,99,166,64,20,84,250
09/15/2022,GPT,MS,ASO,CE,Combined TRACON& Tower with Radar,21,10,19,62,112,0,0,31,18,49,21,10,50,80,161,44,0,44,205
09/16/2022,GPT,MS,ASO,CE,Combined TRACON& Tower with Radar,25,17,8,43,93,0,4,37,13,54,25,21,45,56,147,40,16,56,203
09/17/2022,GPT,MS,ASO,CE,Combined TRACON& Tower with Radar,18,9,12,2,41,0,1,15,7,23,18,10,27,9,64,30,0,30,94
09/18/2022,GPT,MS,ASO,CE,Combined TRACON& Tower with Radar,24,7,19,4,54,0,0,23,5,28,24,7,42,9,82,32,0,32,114
09/19/2022,GPT,MS,ASO,CE,Combined TRACON& Tower with Radar,26,9,9,93,137,0,0,20,6,26,26,9,29,99,163,32,14,46,209
09/20/2022,GPT,MS,ASO,CE,Combined TRACON& Tower with Radar,17,9,14,125,165,0,7,27,27,61,17,16,41,152,226,24,52,76,302
09/21/2022,GPT,MS,ASO,CE,Combined TRACON& Tower with Radar,17,12,14,83,126,0,0,13,7,20,17,12,27,90,146,48,26,74,220
09/22/2022,GPT,MS,ASO,CE,Combined TRACON& Tower with Radar,29,10,25,128,192,0,2,21,33,56,29,12,46,161,248,15,72,87,335
09/23/2022,GPT,MS,ASO,CE,Combined TRACON& Tower with Radar,25,13,12,87,137,0,5,27,16,48,25,18,39,103,185,30,28,58,243
09/24/2022,GPT,MS,ASO,CE,Combined TRACON& Tower with Radar,16,10,6,15,47,0,0,18,2,20,16,10,24,17,67,40,0,40,107
09/25/2022,GPT,MS,ASO,CE,Combined TRACON& Tower with Radar,22,10,10,13,55,0,0,25,11,36,22,10,35,24,91,24,2,26,117
09/26/2022,GPT,MS,ASO,CE,Combined TRACON& Tower with Radar,22,9,11,80,122,0,2,16,15,33,22,11,27,95,155,4,16,20,175
09/27/2022,GPT,MS,ASO,CE,Combined TRACON& Tower with Radar,17,9,9,73,108,0,0,19,4,23,17,9,28,77,131,4,0,4,135
09/28/2022,GPT,MS,ASO,CE,Combined TRACON& Tower with Radar,21,9,17,28,75,0,0,7,0,7,21,9,24,28,82,0,0,0,82
09/29/2022,GPT,MS,ASO,CE,Combined TRACON& Tower with Radar,20,8,12,73,113,0,1,11,23,35,20,9,23,96,148,0,0,0,148
09/30/2022,GPT,MS,ASO,CE,Combined TRACON& Tower with Radar,22,11,18,49,100,0,0,30,5,35,22,11,48,54,135,38,0,38,173
10/01/2022,GPT,MS,ASO,CE,Combined TRACON& Tower with Radar,19,7,14,0,40,0,0,22,4,26,19,7,36,4,66,30,0,30,96
10/02/2022,GPT,MS,ASO,CE,Combined TRACON& Tower with Radar,17,9,16,15,57,0,0,16,8,24,17,9,32,23,81,34,6,40,121
10/03/2022,GPT,MS,ASO,CE,Combined TRACON& Tower with Radar,19,14,7,139,179,0,2,28,17,47,19,16,35,156,226,22,8,30,256
10/04/2022,GPT,MS,ASO,CE,Combined TRACON& Tower with Radar,16,9,8,88,121,0,4,29,18,51,16,13,37,106,172,40,20,60,232
10/05/2022,GPT,MS,ASO,CE,Combined TRACON& Tower with Radar,16,14,21,102,153,0,8,31,33,72,16,22,52,135,225,18,22,40,265
10/06/2022,GPT,MS,ASO,CE,Combined TRACON& Tower with Radar,19,11,15,123,168,0,1,36,27,64,19,12,51,150,232,101,43,144,376
10/07/2022,GPT,MS,ASO,CE,Combined TRACON& Tower with Radar,19,8,17,75,119,0,6,43,18,67,19,14,60,93,186,26,0,26,212
10/08/2022,GPT,MS,ASO,CE,Combined TRACON& Tower with Radar,16,8,12,3,39,0,8,65,5,78,16,16,77,8,117,46,0,46,163
10/09/2022,GPT,MS,ASO,CE,Combined TRACON& Tower with Radar,19,8,26,3,56,0,1,29,4,34,19,9,55,7,90,58,0,58,148
10/10/2022,GPT,MS,ASO,CE,Combined TRACON& Tower with Radar,28,11,6,15,60,0,0,24,1,25,28,11,30,16,85,20,0,20,105
10/11/2022,GPT,MS,ASO,CE,Combined TRACON& Tower with Radar,19,8,11,113,151,0,3,12,31,46,19,11,23,144,197,30,16,46,243
10/12/2022,GPT,MS,ASO,CE,Combined TRACON& Tower with Radar,22,8,8,26,64,0,0,8,5,13,22,8,16,31,77,0,0,0,77
10/13/2022,GPT,MS,ASO,CE,Combined TRACON& Tower with Radar,19,7,12,87,125,0,1,29,22,52,19,8,41,109,177,83,47,130,307
10/14/2022,GPT,MS,ASO,CE,Combined TRACON& Tower with Radar,20,8,38,77,143,0,2,17,10,29,20,10,55,87,172,72,24,96,268
10/15/2022,GPT,MS,ASO,CE,Combined TRACON& Tower with Radar,17,5,19,14,55,0,10,26,27,63,17,15,45,41,118,30,4,34,152
10/16/2022,GPT,MS,ASO,CE,Combined TRACON& Tower with Radar,22,10,23,14,69,0,0,19,16,35,22,10,42,30,104,24,4,28,132
10/17/2022,GPT,MS,ASO,CE,Combined TRACON& Tower with Radar,23,6,14,61,104,0,0,20,13,33,23,6,34,74,137,36,12,48,185
10/18/2022,GPT,MS,ASO,CE,Combined TRACON& Tower with Radar,19,10,11,51,91,0,3,12,15,30,19,13,23,66,121,36,2,38,159
10/19/2022,GPT,MS,ASO,CE,Combined TRACON& Tower with Radar,18,7,11,96,132,0,0,29,32,61,18,7,40,128,193,52,34,86,279
10/20/2022,GPT,MS,ASO,CE,Combined TRACON& Tower with Radar,23,10,17,111,161,0,2,23,31,56,23,12,40,142,217,26,81,107,324
10/21/2022,GPT,MS,ASO,CE,Combined TRACON& Tower with Radar,24,9,15,34,82,0,1,30,5,36,24,10,45,39,118,0,0,0,118
10/22/2022,GPT,MS,ASO,CE,Combined TRACON& Tower with Radar,18,7,12,0,37,0,0,23,2,25,18,7,35,2,62,40,0,40,102
10/23/2022,GPT,MS,ASO,CE,Combined TRACON& Tower with Radar,18,5,103,21,147,0,0,36,16,52,18,5,139,37,199,0,0,0,199
10/24/2022,GPT,MS,ASO,CE,Combined TRACON& Tower with Radar,15,6,12,81,114,0,0,18,12,30,15,6,30,93,144,46,38,84,228
10/25/2022,GPT,MS,ASO,CE,Combined TRACON& Tower with Radar,16,6,15,24,61,0,1,18,8,27,16,7,33,32,88,40,6,46,134
10/26/2022,GPT,MS,ASO,CE,Combined TRACON& Tower with Radar,20,6,11,107,144,0,0,30,20,50,20,6,41,127,194,48,12,60,254
10/27/2022,GPT,MS,ASO,CE,Combined TRACON& Tower with Radar,20,15,19,63,117,0,10,42,20,72,20,25,61,83,189,68,24,92,281
10/28/2022,GPT,MS,ASO,CE,Combined TRACON& Tower with Radar,24,9,17,78,128,0,7,24,19,50,24,16,41,97,178,7,49,56,234
10/29/2022,GPT,MS,ASO,CE,Combined TRACON& Tower with Radar,18,6,7,0,31,0,0,5,0,5,18,6,12,0,36,0,0,0,36
10/30/2022,GPT,MS,ASO,CE,Combined TRACON& Tower with Radar,20,6,16,22,64,0,0,17,2,19,20,6,33,24,83,34,0,34,117
10/31/2022,GPT,MS,ASO,CE,Combined TRACON& Tower with Radar,18,9,16,96,139,0,2,34,10,46,18,11,50,106,185,30,0,30,215
11/01/2022,GPT,MS,ASO,CE,Combined TRACON& Tower with Radar,20,9,13,104,146,0,0,27,19,46,20,9,40,123,192,58,8,66,258
11/02/2022,GPT,MS,ASO,CE,Combined TRACON& Tower with Radar,21,6,16,80,123,0,0,40,9,49,21,6,56,89,172,27,52,79,251
11/03/2022,GPT,MS,ASO,CE,Combined TRACON& Tower with Radar,27,9,14,115,165,0,2,35,21,58,27,11,49,136,223,68,56,124,347
11/04/2022,GPT,MS,ASO,CE,Combined TRACON& Tower with Radar,23,11,21,25,80,0,0,1,2,3,23,11,22,27,83,8,0,8,91
11/05/2022,GPT,MS,ASO,CE,Combined TRACON& Tower with Radar,17,12,0,2,31,0,0,4,1,5,17,12,4,3,36,0,0,0,36
11/06/2022,GPT,MS,ASO,CE,Combined TRACON& Tower with Radar,22,8,18,26,74,0,0,21,19,40,22,8,39,45,114,46,2,48,162
11/07/2022,GPT,MS,ASO,CE,Combined TRACON& Tower with Radar,19,5,20,83,127,0,0,9,19,28,19,5,29,102,155,33,10,43,198
11/08/2022,GPT,MS,ASO,CE,Combined TRACON& Tower with Radar,19,10,14,118,161,0,2,33,33,68,19,12,47,151,229,26,32,58,287
11/09/2022,GPT,MS,ASO,CE,Combined TRACON& Tower with Radar,22,9,16,110,157,0,2,20,36,58,22,11,36,146,215,38,46,84,299
11/10/2022,GPT,MS,ASO,CE,Combined TRACON& Tower with Radar,22,13,16,88,139,0,0,30,14,44,22,13,46,102,183,55,90,145,328
11/11/2022,GPT,MS,ASO,CE,Combined TRACON& Tower with Radar,21,10,23,15,69,0,0,21,3,24,21,10,44,18,93,54,0,54,147
11/12/2022,GPT,MS,ASO,CE,Combined TRACON& Tower with Radar,16,6,24,28,74,0,0,5,2,7,16,6,29,30,81,10,0,10,91
11/13/2022,GPT,MS,ASO,CE,Combined TRACON& Tower with Radar,26,11,18,4,59,0,0,24,4,28,26,11,42,8,87,74,0,74,161
11/14/2022,GPT,MS,ASO,CE,Combined TRACON& Tower with Radar,26,4,12,36,78,0,2,10,23,35,26,6,22,59,113,0,16,16,129
11/15/2022,GPT,MS,ASO,CE,Combined TRACON& Tower with Radar,21,7,12,138,178,0,0,0,2,2,21,7,12,140,180,0,52,52,232
11/16/2022,GPT,MS,ASO,CE,Combined TRACON& Tower with Radar,19,6,6,106,137,0,2,19,36,57,19,8,25,142,194,18,50,68,262
11/17/2022,GPT,MS,ASO,CE,Combined TRACON& Tower with Radar,22,8,26,49,105,0,1,23,26,50,22,9,49,75,155,100,0,100,255
11/18/2022,GPT,MS,ASO,CE,Combined TRACON& Tower with Radar,24,9,15,121,169,0,2,21,23,46,24,11,36,144,215,74,36,110,325
11/19/2022,GPT,MS,ASO,CE,Combined TRACON& Tower with Radar,17,6,7,0,30,0,0,8,0,8,17,6,15,0,38,0,0,0,38
11/20/2022,GPT,MS,ASO,CE,Combined TRACON& Tower with Radar,20,5,8,3,36,0,0,21,0,21,20,5,29,3,57,10,0,10,67
11/21/2022,GPT,MS,ASO,CE,Combined TRACON& Tower with Radar,22,8,13,115,158,0,0,21,23,44,22,8,34,138,202,35,44,79,281
11/22/2022,GPT,MS,ASO,CE,Combined TRACON& Tower with Radar,24,6,13,38,81,0,0,25,5,30,24,6,38,43,111,8,4,12,123
11/23/2022,GPT,MS,ASO,CE,Combined TRACON& Tower with Radar,19,8,20,0,47,0,0,23,0,23,19,8,43,0,70,14,0,14,84
11/24/2022,GPT,MS,ASO,CE,Combined TRACON& Tower with Radar,13,6,2,0,21,0,0,0,0,0,13,6,2,0,21,0,0,0,21
11/25/2022,GPT,MS,ASO,CE,Combined TRACON& Tower with Radar,24,13,5,0,42,0,0,0,0,0,24,13,5,0,42,0,0,0,42
11/26/2022,GPT,MS,ASO,CE,Combined TRACON& Tower with Radar,15,11,9,0,35,0,0,0,0,0,15,11,9,0,35,0,0,0,35
11/27/2022,GPT,MS,ASO,CE,Combined TRACON& Tower with Radar,25,7,14,0,46,0,0,27,0,27,25,7,41,0,73,14,0,14,87
11/28/2022,GPT,MS,ASO,CE,Combined TRACON& Tower with Radar,21,8,8,106,143,0,0,19,18,37,21,8,27,124,180,16,0,16,196
11/29/2022,GPT,MS,ASO,CE,Combined TRACON& Tower with Radar,18,5,4,54,81,0,0,0,0,0,18,5,4,54,81,0,0,0,81
11/30/2022,GPT,MS,ASO,CE,Combined TRACON& Tower with Radar,18,5,4,127,154,0,6,15,45,66,18,11,19,172,220,18,70,88,308
12/01/2022,GPT,MS,ASO,CE,Combined TRACON& Tower with Radar,19,8,9,134,170,0,1,10,16,27,19,9,19,150,197,28,4,32,229
12/02/2022,GPT,MS,ASO,CE,Combined TRACON& Tower with Radar,18,8,20,126,172,0,0,9,7,16,18,8,29,133,188,20,14,34,222
12/03/2022,GPT,MS,ASO,CE,Combined TRACON& Tower with Radar,21,8,8,5,42,0,0,0,0,0,21,8,8,5,42,0,0,0,42
12/04/2022,GPT,MS,ASO,CE,Combined TRACON& Tower with Radar,24,8,10,38,80,0,1,12,4,17,24,9,22,42,97,4,2,6,103
12/05/2022,GPT,MS,ASO,CE,Combined TRACON& Tower with Radar,26,5,18,25,74,0,0,0,0,0,26,5,18,25,74,0,0,0,74
12/06/2022,GPT,MS,ASO,CE,Combined TRACON& Tower with Radar,20,9,9,93,131,0,4,29,14,47,20,13,38,107,178,18,14,32,210
12/07/2022,GPT,MS,ASO,CE,Combined TRACON& Tower with Radar,17,8,19,125,169,0,0,17,13,30,17,8,36,138,199,24,38,62,261
12/08/2022,GPT,MS,ASO,CE,Combined TRACON& Tower with Radar,22,7,7,60,96,0,1,10,5,16,22,8,17,65,112,14,28,42,154
12/09/2022,GPT,MS,ASO,CE,Combined TRACON& Tower with Radar,25,8,17,62,112,0,1,8,0,9,25,9,25,62,121,34,10,44,165
12/10/2022,GPT,MS,ASO,CE,Combined TRACON& Tower with Radar,18,5,15,15,53,0,0,5,0,5,18,5,20,15,58,8,0,8,66
12/11/2022,GPT,MS,ASO,CE,Combined TRACON& Tower with Radar,18,5,8,1,32,0,0,0,0,0,18,5,8,1,32,0,0,0,32
12/12/2022,GPT,MS,ASO,CE,Combined TRACON& Tower with Radar,22,4,20,105,151,0,0,6,2,8,22,4,26,107,159,4,14,18,177
12/13/2022,GPT,MS,ASO,CE,Combined TRACON& Tower with Radar,16,9,15,132,172,0,0,1,2,3,16,9,16,134,175,2,30,32,207
12/14/2022,GPT,MS,ASO,CE,Combined TRACON& Tower with Radar,19,6,7,7,39,0,0,0,0,0,19,6,7,7,39,2,0,2,41
12/15/2022,GPT,MS,ASO,CE,Combined TRACON& Tower with Radar,18,12,19,59,108,0,3,28,19,50,18,15,47,78,158,34,2,36,194
12/16/2022,GPT,MS,ASO,CE,Combined TRACON& Tower with Radar,21,9,26,54,110,0,0,43,15,58,21,9,69,69,168,52,30,82,250
12/17/2022,GPT,MS,ASO,CE,Combined TRACON& Tower with Radar,21,5,13,16,55,0,0,32,5,37,21,5,45,21,92,30,0,30,122
12/18/2022,GPT,MS,ASO,CE,Combined TRACON& Tower with Radar,18,7,14,14,53,0,0,43,0,43,18,7,57,14,96,73,0,73,169
12/19/2022,GPT,MS,ASO,CE,Combined TRACON& Tower with Radar,18,6,5,31,60,0,2,10,7,19,18,8,15,38,79,8,2,10,89
12/20/2022,GPT,MS,ASO,CE,Combined TRACON& Tower with Radar,18,8,16,18,60,0,0,0,0,0,18,8,16,18,60,0,0,0,60
12/21/2022,GPT,MS,ASO,CE,Combined TRACON& Tower with Radar,18,10,18,42,88,0,0,1,0,1,18,10,19,42,89,0,0,0,89
12/22/2022,GPT,MS,ASO,CE,Combined TRACON& Tower with Radar,19,7,12,82,120,0,0,14,5,19,19,7,26,87,139,12,80,92,231
12/23/2022,GPT,MS,ASO,CE,Combined TRACON& Tower with Radar,20,7,7,2,36,0,0,6,0,6,20,7,13,2,42,6,0,6,48
12/24/2022,GPT,MS,ASO,CE,Combined TRACON& Tower with Radar,14,8,7,0,29,0,0,6,0,6,14,8,13,0,35,14,0,14,49
12/25/2022,GPT,MS,ASO,CE,Combined TRACON& Tower with Radar,12,4,2,0,18,0,0,7,0,7,12,4,9,0,25,12,0,12,37
12/26/2022,GPT,MS,ASO,CE,Combined TRACON& Tower with Radar,17,5,10,0,32,0,0,37,0,37,17,5,47,0,69,34,0,34,103
12/27/2022,GPT,MS,ASO,CE,Combined TRACON& Tower with Radar,14,9,8,21,52,0,2,30,9,41,14,11,38,30,93,46,8,54,147
12/28/2022,GPT,MS,ASO,CE,Combined TRACON& Tower with Radar,17,9,10,44,80,0,0,19,4,23,17,9,29,48,103,20,0,20,123
12/29/2022,GPT,MS,ASO,CE,Combined TRACON& Tower with Radar,14,7,14,51,86,0,0,25,2,27,14,7,39,53,113,18,0,18,131
12/30/2022,GPT,MS,ASO,CE,Combined TRACON& Tower with Radar,19,6,7,2,34,0,0,0,0,0,19,6,7,2,34,0,0,0,34
12/31/2022,GPT,MS,ASO,CE,Combined TRACON& Tower with Radar,11,4,5,0,20,0,0,0,0,0,11,4,5,0,20,0,0,0,20
01/01/2023,GPT,MS,ASO,CE,Combined TRACON& Tower with Radar,16,5,8,0,29,0,0,0,0,0,16,5,8,0,29,0,0,0,29
01/02/2023,GPT,MS,ASO,CE,Combined TRACON& Tower with Radar,15,8,12,2,37,0,0,0,0,0,15,8,12,2,37,0,0,0,37
01/03/2023,GPT,MS,ASO,CE,Combined TRACON& Tower with Radar,15,3,5,8,31,0,0,0,0,0,15,3,5,8,31,0,0,0,31
01/04/2023,GPT,MS,ASO,CE,Combined TRACON& Tower with Radar,16,9,5,158,188,0,4,25,23,52,16,13,30,181,240,36,58,94,334
01/05/2023,GPT,MS,ASO,CE,Combined TRACON& Tower with Radar,18,7,16,77,118,0,5,34,8,47,18,12,50,85,165,14,16,30,195
01/06/2023,GPT,MS,ASO,CE,Combined TRACON& Tower with Radar,18,6,13,105,142,0,0,33,14,47,18,6,46,119,189,29,42,71,260
01/07/2023,GPT,MS,ASO,CE,Combined TRACON& Tower with Radar,17,5,18,8,48,0,0,38,6,44,17,5,56,14,92,48,2,50,142
01/08/2023,GPT,MS,ASO,CE,Combined TRACON& Tower with Radar,16,4,6,3,29,0,0,10,0,10,16,4,16,3,39,34,0,34,73
01/09/2023,GPT,MS,ASO,CE,Combined TRACON& Tower with Radar,20,5,17,80,122,0,0,29,19,48,20,5,46,99,170,26,28,54,224
01/10/2023,GPT,MS,ASO,CE,Combined TRACON& Tower with Radar,18,6,14,143,181,0,0,35,13,48,18,6,49,156,229,14,0,14,243
01/11/2023,GPT,MS,ASO,CE,Combined TRACON& Tower with Radar,18,10,18,101,147,0,0,3,1,4,18,10,21,102,151,0,0,0,151
01/12/2023,GPT,MS,ASO,CE,Combined TRACON& Tower with Radar,18,9,12,19,58,0,0,9,1,10,18,9,21,20,68,0,0,0,68
01/13/2023,GPT,MS,ASO,CE,Combined TRACON& Tower with Radar,19,7,12,78,116,0,0,8,9,17,19,7,20,87,133,2,2,4,137
01/14/2023,GPT,MS,ASO,CE,Combined TRACON& Tower with Radar,16,7,6,16,45,0,1,41,9,51,16,8,47,25,96,24,0,24,120
01/15/2023,GPT,MS,ASO,CE,Combined TRACON& Tower with Radar,20,4,7,6,37,0,0,42,6,48,20,4,49,12,85,48,0,48,133
01/16/2023,GPT,MS,ASO,CE,Combined TRACON& Tower with Radar,24,6,18,8,56,0,0,26,0,26,24,6,44,8,82,26,0,26,108
01/17/2023,GPT,MS,ASO,CE,Combined TRACON& Tower with Radar,22,11,14,40,87,0,4,14,8,26,22,15,28,48,113,12,82,94,207
01/18/2023,GPT,MS,ASO,CE,Combined TRACON& Tower with Radar,22,9,7,127,165,0,0,6,7,13,22,9,13,134,178,0,0,0,178
01/19/2023,GPT,MS,ASO,CE,Combined TRACON& Tower with Radar,20,10,26,86,142,0,2,18,11,31,20,12,44,97,173,22,8,30,203
01/20/2023,GPT,MS,ASO,CE,Combined TRACON& Tower with Radar,18,9,19,57,103,0,4,27,20,51,18,13,46,77,154,42,48,90,244
01/21/2023,GPT,MS,ASO,CE,Combined TRACON& Tower with Radar,21,5,12,17,55,0,0,3,0,3,21,5,15,17,58,32,0,32,90
01/22/2023,GPT,MS,ASO,CE,Combined TRACON& Tower with Radar,16,4,4,28,52,0,0,3,8,11,16,4,7,36,63,0,0,0,63
01/23/2023,GPT,MS,ASO,CE,Combined TRACON& Tower with Radar,22,9,14,110,155,0,0,28,14,42,22,9,42,124,197,22,40,62,259
01/24/2023,GPT,MS,ASO,CE,Combined TRACON& Tower with Radar,21,5,12,33,71,0,0,9,11,20,21,5,21,44,91,0,30,30,121
01/25/2023,GPT,MS,ASO,CE,Combined TRACON& Tower with Radar,18,8,16,134,176,0,6,27,15,48,18,14,43,149,224,24,71,95,319
01/26/2023,GPT,MS,ASO,CE,Combined TRACON& Tower with Radar,19,7,21,81,128,0,0,20,18,38,19,7,41,99,166,22,50,72,238
01/27/2023,GPT,MS,ASO,CE,Combined TRACON& Tower with Radar,20,9,19,60,108,0,0,24,18,42,20,9,43,78,150,0,0,0,150
01/28/2023,GPT,MS,ASO,CE,Combined TRACON& Tower with Radar,19,7,22,47,95,0,0,35,8,43,19,7,57,55,138,54,0,54,192
01/29/2023,GPT,MS,ASO,CE,Combined TRACON& Tower with Radar,15,4,7,2,28,0,0,6,0,6,15,4,13,2,34,0,0,0,34
01/30/2023,GPT,MS,ASO,CE,Combined TRACON& Tower with Radar,18,3,12,15,48,0,0,0,0,0,18,3,12,15,48,0,0,0,48
01/31/2023,GPT,MS,ASO,CE,Combined TRACON& Tower with Radar,17,2,9,16,44,0,0,0,0,0,17,2,9,16,44,0,0,0,44
02/01/2023,GPT,MS,ASO,CE,Combined TRACON& Tower with Radar,16,6,14,60,96,0,0,0,0,0,16,6,14,60,96,0,0,0,96
02/02/2023,GPT,MS,ASO,CE,Combined TRACON& Tower with Radar,20,7,8,18,53,0,0,0,0,0,20,7,8,18,53,0,0,0,53
02/03/2023,GPT,MS,ASO,CE,Combined TRACON& Tower with Radar,20,7,31,68,126,0,0,23,26,49,20,7,54,94,175,16,11,27,202
02/04/2023,GPT,MS,ASO,CE,Combined TRACON& Tower with Radar,20,9,12,18,59,0,0,32,2,34,20,9,44,20,93,70,26,96,189
02/05/2023,GPT,MS,ASO,CE,Combined TRACON& Tower with Radar,20,8,14,40,82,0,0,46,7,53,20,8,60,47,135,59,0,59,194
02/06/2023,GPT,MS,ASO,CE,Combined TRACON& Tower with Radar,19,5,16,95,135,0,0,23,27,50,19,5,39,122,185,47,19,66,251
02/07/2023,GPT,MS,ASO,CE,Combined TRACON& Tower with Radar,15,8,18,66,107,0,0,7,3,10,15,8,25,69,117,28,20,48,165
02/08/2023,GPT,MS,ASO,CE,Combined TRACON& Tower with Radar,21,9,13,27,70,0,1,2,3,6,21,10,15,30,76,0,12,12,88
02/09/2023,GPT,MS,ASO,CE,Combined TRACON& Tower with Radar,19,7,28,104,158,0,0,6,4,10,19,7,34,108,168,21,86,107,275
02/10/2023,GPT,MS,ASO,CE,Combined TRACON& Tower with Radar,19,11,28,43,101,0,1,11,10,22,19,12,39,53,123,44,42,86,209
02/11/2023,GPT,MS,ASO,CE,Combined TRACON& Tower with Radar,18,6,18,4,46,0,0,0,0,0,18,6,18,4,46,0,0,0,46
02/12/2023,GPT,MS,ASO,CE,Combined TRACON& Tower with Radar,18,10,18,7,53,0,3,30,6,39,18,13,48,13,92,62,0,62,154
02/13/2023,GPT,MS,ASO,CE,Combined TRACON& Tower with Radar,22,7,38,61,128,0,1,34,1,36,22,8,72,62,164,74,14,88,252
02/14/2023,GPT,MS,ASO,CE,Combined TRACON& Tower with Radar,22,7,19,80,128,0,0,25,7,32,22,7,44,87,160,10,40,50,210
02/15/2023,GPT,MS,ASO,CE,Combined TRACON& Tower with Radar,19,11,13,39,82,0,1,21,10,32,19,12,34,49,114,24,0,24,138
02/16/2023,GPT,MS,ASO,CE,Combined TRACON& Tower with Radar,22,8,15,17,62,0,0,0,0,0,22,8,15,17,62,0,0,0,62
02/17/2023,GPT,MS,ASO,CE,Combined TRACON& Tower with Radar,22,5,21,16,64,0,0,11,9,20,22,5,32,25,84,0,0,0,84
02/18/2023,GPT,MS,ASO,CE,Combined TRACON& Tower with Radar,20,5,12,10,47,0,0,34,2,36,20,5,46,12,83,24,0,24,107
02/19/2023,GPT,MS,ASO,CE,Combined TRACON& Tower with Radar,17,6,20,7,50,0,4,35,0,39,17,10,55,7,89,0,0,0,89
02/20/2023,GPT,MS,ASO,CE,Combined TRACON& Tower with Radar,25,6,5,4,40,0,0,17,2,19,25,6,22,6,59,2,0,2,61
02/21/2023,GPT,MS,ASO,CE,Combined TRACON& Tower with Radar,20,7,17,78,122,0,1,12,6,19,20,8,29,84,141,28,6,34,175
02/22/2023,GPT,MS,ASO,CE,Combined TRACON& Tower with Radar,18,7,15,56,96,0,0,2,3,5,18,7,17,59,101,6,6,12,113
02/23/2023,GPT,MS,ASO,CE,Combined TRACON& Tower with Radar,25,8,14,81,128,0,0,0,4,4,25,8,14,85,132,0,0,0,132
02/24/2023,GPT,MS,ASO,CE,Combined TRACON& Tower with Radar,20,7,16,22,65,0,0,2,3,5,20,7,18,25,70,0,0,0,70
02/25/2023,GPT,MS,ASO,CE,Combined TRACON& Tower with Radar,19,6,5,23,53,0,0,13,6,19,19,6,18,29,72,18,0,18,90
02/26/2023,GPT,MS,ASO,CE,Combined TRACON& Tower with Radar,18,9,16,16,59,0,0,23,4,27,18,9,39,20,86,51,0,51,137
02/27/2023,GPT,MS,ASO,CE,Combined TRACON& Tower with Radar,19,12,12,64,107,0,0,5,5,10,19,12,17,69,117,2,0,2,119
02/28/2023,GPT,MS,ASO,CE,Combined TRACON& Tower with Radar,17,11,27,91,146,0,1,19,5,25,17,12,46,96,171,8,42,50,221
03/01/2023,GPT,MS,ASO,CE,Combined TRACON& Tower with Radar,23,9,20,58,110,0,0,7,1,8,23,9,27,59,118,34,0,34,152
03/02/2023,GPT,MS,ASO,CE,Combined TRACON& Tower with Radar,21,11,10,109,151,0,0,2,2,4,21,11,12,111,155,26,1,27,182
03/03/2023,GPT,MS,ASO,CE,Combined TRACON& Tower with Radar,24,9,12,52,97,0,0,6,13,19,24,9,18,65,116,10,26,36,152
03/04/2023,GPT,MS,ASO,CE,Combined TRACON& Tower with Radar,17,7,17,11,52,0,2,55,6,63,17,9,72,17,115,114,0,114,229
03/05/2023,GPT,MS,ASO,CE,Combined TRACON& Tower with Radar,21,10,10,11,52,0,0,46,19,65,21,10,56,30,117,105,0,105,222
03/06/2023,GPT,MS,ASO,CE,Combined TRACON& Tower with Radar,21,7,36,26,90,0,0,0,0,0,21,7,36,26,90,4,0,4,94
03/07/2023,GPT,MS,ASO,CE,Combined TRACON& Tower with Radar,20,13,16,63,112,0,6,21,10,37,20,19,37,73,149,48,8,56,205
03/08/2023,GPT,MS,ASO,CE,Combined TRACON& Tower with Radar,21,9,9,70,109,0,4,8,3,15,21,13,17,73,124,20,8,28,152
03/09/2023,GPT,MS,ASO,CE,Combined TRACON& Tower with Radar,23,15,16,52,106,0,0,17,0,17,23,15,33,52,123,38,0,38,161
03/10/2023,GPT,MS,ASO,CE,Combined TRACON& Tower with Radar,21,13,26,86,146,0,0,24,7,31,21,13,50,93,177,56,28,84,261
03/11/2023,GPT,MS,ASO,CE,Combined TRACON& Tower with Radar,19,11,14,13,57,0,0,22,4,26,19,11,36,17,83,86,4,90,173
03/12/2023,GPT,MS,ASO,CE,Combined TRACON& Tower with Radar,18,12,23,2,55,0,0,2,2,4,18,12,25,4,59,0,0,0,59
03/13/2023,GPT,MS,ASO,CE,Combined TRACON& Tower with Radar,24,7,18,64,113,0,0,26,11,37,24,7,44,75,150,26,16,42,192
03/14/2023,GPT,MS,ASO,CE,Combined TRACON& Tower with Radar,21,6,17,96,140,0,2,26,24,52,21,8,43,120,192,24,58,82,274
03/15/2023,GPT,MS,ASO,CE,Combined TRACON& Tower with Radar,21,11,14,88,134,0,0,41,16,57,21,11,55,104,191,74,64,138,329
03/16/2023,GPT,MS,ASO,CE,Combined TRACON& Tower with Radar,17,13,27,82,139,0,1,31,13,45,17,14,58,95,184,64,28,92,276
03/17/2023,GPT,MS,ASO,CE,Combined TRACON& Tower with Radar,22,9,13,0,44,0,0,1,2,3,22,9,14,2,47,0,0,0,47
03/18/2023,GPT,MS,ASO,CE,Combined TRACON& Tower with Radar,16,11,18,18,63,0,0,9,14,23,16,11,27,32,86,0,0,0,86
03/19/2023,GPT,MS,ASO,CE,Combined TRACON& Tower with Radar,20,6,35,15,76,0,0,25,10,35,20,6,60,25,111,48,0,48,159
03/20/2023,GPT,MS,ASO,CE,Combined TRACON& Tower with Radar,23,8,31,55,117,0,2,40,11,53,23,10,71,66,170,40,84,124,294
03/21/2023,GPT,MS,ASO,CE,Combined TRACON& Tower with Radar,23,9,34,82,148,0,0,31,15,46,23,9,65,97,194,46,48,94,288
03/22/2023,GPT,MS,ASO,CE,Combined TRACON& Tower with Radar,23,8,41,92,164,0,1,49,16,66,23,9,90,108,230,12,106,118,348
03/23/2023,GPT,MS,ASO,CE,Combined TRACON& Tower with Radar,18,9,37,60,124,0,0,4,0,4,18,9,41,60,128,0,0,0,128
03/24/2023,GPT,MS,ASO,CE,Combined TRACON& Tower with Radar,24,7,23,75,129,0,0,6,4,10,24,7,29,79,139,2,4,6,145
03/25/2023,GPT,MS,ASO,CE,Combined TRACON& Tower with Radar,19,7,22,3,51,0,0,16,2,18,19,7,38,5,69,0,0,0,69
03/26/2023,GPT,MS,ASO,CE,Combined TRACON& Tower with Radar,19,5,17,5,46,0,0,0,0,0,19,5,17,5,46,0,0,0,46
03/27/2023,GPT,MS,ASO,CE,Combined TRACON& Tower with Radar,30,5,19,26,80,0,1,6,1,8,30,6,25,27,88,2,14,16,104
03/28/2023,GPT,MS,ASO,CE,Combined TRACON& Tower with Radar,21,6,6,25,58,0,0,5,14,19,21,6,11,39,77,0,0,0,77
03/29/2023,GPT,MS,ASO,CE,Combined TRACON& Tower with Radar,23,8,14,43,88,0,0,35,16,51,23,8,49,59,139,12,44,56,195
03/30/2023,GPT,MS,ASO,CE,Combined TRACON& Tower with Radar,25,10,24,39,98,0,4,45,7,56,25,14,69,46,154,50,14,64,218
03/31/2023,GPT,MS,ASO,CE,Combined TRACON& Tower with Radar,20,8,19,104,151,0,1,18,3,22,20,9,37,107,173,24,16,40,213
04/01/2023,GPT,MS,ASO,CE,Combined TRACON& Tower with Radar,18,6,14,15,53,0,0,17,0,17,18,6,31,15,70,4,0,4,74
04/02/2023,GPT,MS,ASO,CE,Combined TRACON& Tower with Radar,20,9,19,22,70,0,1,24,6,31,20,10,43,28,101,0,0,0,101
04/03/2023,GPT,MS,ASO,CE,Combined TRACON& Tower with Radar,26,9,11,70,116,0,0,3,0,3,26,9,14,70,119,10,30,40,159
04/04/2023,GPT,MS,ASO,CE,Combined TRACON& Tower with Radar,22,10,23,71,126,0,0,0,0,0,22,10,23,71,126,0,0,0,126
04/05/2023,GPT,MS,ASO,CE,Combined TRACON& Tower with Radar,19,4,21,60,104,0,0,0,2,2,19,4,21,62,106,0,0,0,106
04/06/2023,GPT,MS,ASO,CE,Combined TRACON& Tower with Radar,19,12,11,29,71,2,0,8,2,12,21,12,19,31,83,0,0,0,83
04/07/2023,GPT,MS,ASO,CE,Combined TRACON& Tower with Radar,19,9,24,5,57,0,0,2,0,2,19,9,26,5,59,0,0,0,59
04/08/2023,GPT,MS,ASO,CE,Combined TRACON& Tower with Radar,21,6,15,4,46,0,0,1,0,1,21,6,16,4,47,4,0,4,51
04/09/2023,GPT,MS,ASO,CE,Combined TRACON& Tower with Radar,17,5,14,4,40,0,0,0,1,1,17,5,14,5,41,0,0,0,41
04/10/2023,GPT,MS,ASO,CE,Combined TRACON& Tower with Radar,19,12,19,36,86,0,2,21,1,24,19,14,40,37,110,2,0,2,112
04/11/2023,GPT,MS,ASO,CE,Combined TRACON& Tower with Radar,21,10,16,29,76,0,0,23,5,28,21,10,39,34,104,32,10,42,146
04/12/2023,GPT,MS,ASO,CE,Combined TRACON& Tower with Radar,18,12,21,29,80,0,0,20,8,28,18,12,41,37,108,32,0,32,140
04/13/2023,GPT,MS,ASO,CE,Combined TRACON& Tower with Radar,26,8,18,83,135,0,0,6,6,12,26,8,24,89,147,0,0,0,147
04/14/2023,GPT,MS,ASO,CE,Combined TRACON& Tower with Radar,20,8,27,42,97,0,4,40,20,64,20,12,67,62,161,56,22,78,239
04/15/2023,GPT,MS,ASO,CE,Combined TRACON& Tower with Radar,16,6,13,7,42,0,5,3,0,8,16,11,16,7,50,14,0,14,64
04/16/2023,GPT,MS,ASO,CE,Combined TRACON& Tower with Radar,19,10,26,5,60,0,4,20,19,43,19,14,46,24,103,0,0,0,103
04/17/2023,GPT,MS,ASO,CE,Combined TRACON& Tower with Radar,22,13,20,98,153,0,5,44,20,69,22,18,64,118,222,20,28,48,270
04/18/2023,GPT,MS,ASO,CE,Combined TRACON& Tower with Radar,22,11,24,57,114,0,0,32,34,66,22,11,56,91,180,28,18,46,226
04/19/2023,GPT,MS,ASO,CE,Combined TRACON& Tower with Radar,20,11,16,91,138,0,0,31,29,60,20,11,47,120,198,54,14,68,266
04/20/2023,GPT,MS,ASO,CE,Combined TRACON& Tower with Radar,26,17,21,44,108,0,0,23,11,34,26,17,44,55,142,50,6,56,198
04/21/2023,GPT,MS,ASO,CE,Combined TRACON& Tower with Radar,17,11,24,45,97,0,3,27,14,44,17,14,51,59,141,72,10,82,223
04/22/2023,GPT,MS,ASO,CE,Combined TRACON& Tower with Radar,15,12,17,3,47,0,2,24,14,40,15,14,41,17,87,12,2,14,101
04/23/2023,GPT,MS,ASO,CE,Combined TRACON& Tower with Radar,21,13,22,17,73,0,0,37,20,57,21,13,59,37,130,28,6,34,164
04/24/2023,GPT,MS,ASO,CE,Combined TRACON& Tower with Radar,24,6,6,64,100,0,0,31,33,64,24,6,37,97,164,48,12,60,224
04/25/2023,GPT,MS,ASO,CE,Combined TRACON& Tower with Radar,17,8,21,71,117,0,1,49,35,85,17,9,70,106,202,32,34,66,268
04/26/2023,GPT,MS,ASO,CE,Combined TRACON& Tower with Radar,18,13,17,90,138,0,0,30,28,58,18,13,47,118,196,20,16,36,232
04/27/2023,GPT,MS,ASO,CE,Combined TRACON& Tower with Radar,18,10,16,29,73,0,1,9,8,18,18,11,25,37,91,12,12,24,115
04/28/2023,GPT,MS,ASO,CE,Combined TRACON& Tower with Radar,16,12,17,53,98,0,1,36,16,53,16,13,53,69,151,12,26,38,189
04/29/2023,GPT,MS,ASO,CE,Combined TRACON& Tower with Radar,20,6,14,2,42,0,0,10,0,10,20,6,24,2,52,40,0,40,92
04/30/2023,GPT,MS,ASO,CE,Combined TRACON& Tower with Radar,20,6,21,2,49,0,1,22,3,26,20,7,43,5,75,28,0,28,103
05/01/2023,GPT,MS,ASO,CE,Combined TRACON& Tower with Radar,23,7,14,93,137,0,0,39,23,62,23,7,53,116,199,12,46,58,257
05/02/2023,GPT,MS,ASO,CE,Combined TRACON& Tower with Radar,19,7,24,87,137,0,1,46,18,65,19,8,70,105,202,43,24,67,269
05/03/2023,GPT,MS,ASO,CE,Combined TRACON& Tower with Radar,26,8,22,127,183,0,2,26,14,42,26,10,48,141,225,30,60,90,315
05/04/2023,GPT,MS,ASO,CE,Combined TRACON& Tower with Radar,19,7,24,62,112,0,0,37,17,54,19,7,61,79,166,50,0,50,216
05/05/2023,GPT,MS,ASO,CE,Combined TRACON& Tower with Radar,18,11,31,4,64,0,0,2,0,2,18,11,33,4,66,0,0,0,66
05/06/2023,GPT,MS,ASO,CE,Combined TRACON& Tower with Radar,18,8,12,0,38,0,0,2,0,2,18,8,14,0,40,0,0,0,40
05/07/2023,GPT,MS,ASO,CE,Combined TRACON& Tower with Radar,21,8,20,22,71,0,0,14,0,14,21,8,34,22,85,4,0,4,89
05/08/2023,GPT,MS,ASO,CE,Combined TRACON& Tower with Radar,19,7,25,37,88,0,0,5,0,5,19,7,30,37,93,12,0,12,105
05/09/2023,GPT,MS,ASO,CE,Combined TRACON& Tower with Radar,16,6,15,11,48,0,0,10,7,17,16,6,25,18,65,22,20,42,107
05/10/2023,GPT,MS,ASO,CE,Combined TRACON& Tower with Radar,18,9,25,107,159,0,0,23,1,24,18,9,48,108,183,30,38,68,251
05/11/2023,GPT,MS,ASO,CE,Combined TRACON& Tower with Radar,23,10,20,27,80,0,0,7,1,8,23,10,27,28,88,31,9,40,128
05/12/2023,GPT,MS,ASO,CE,Combined TRACON& Tower with Radar,17,11,16,89,133,0,0,21,12,33,17,11,37,101,166,2,32,34,200
05/13/2023,GPT,MS,ASO,CE,Combined TRACON& Tower with Radar,18,10,18,10,56,0,0,33,8,41,18,10,51,18,97,30,26,56,153
05/14/2023,GPT,MS,ASO,CE,Combined TRACON& Tower with Radar,19,5,15,20,59,0,0,27,15,42,19,5,42,35,101,36,0,36,137
05/15/2023,GPT,MS,ASO,CE,Combined TRACON& Tower with Radar,18,8,21,75,122,0,4,24,11,39,18,12,45,86,161,24,24,48,209
05/16/2023,GPT,MS,ASO,CE,Combined TRACON& Tower with Radar,15,11,10,79,115,0,4,26,17,47,15,15,36,96,162,24,10,34,196
05/17/2023,GPT,MS,ASO,CE,Combined TRACON& Tower with Radar,26,6,21,19,72,0,0,13,1,14,26,6,34,20,86,12,16,28,114
05/18/2023,GPT,MS,ASO,CE,Combined TRACON& Tower with Radar,20,11,17,61,109,0,0,27,23,50,20,11,44,84,159,34,30,64,223
05/19/2023,GPT,MS,ASO,CE,Combined TRACON& Tower with Radar,16,8,18,44,86,0,0,36,14,50,16,8,54,58,136,16,0,16,152
05/20/2023,GPT,MS,ASO,CE,Combined TRACON& Tower with Radar,22,9,12,18,61,0,4,32,7,43,22,13,44,25,104,20,6,26,130
05/21/2023,GPT,MS,ASO,CE,Combined TRACON& Tower with Radar,20,10,18,28,76,0,0,34,7,41,20,10,52,35,117,48,0,48,165
05/22/2023,GPT,MS,ASO,CE,Combined TRACON& Tower with Radar,23,7,9,94,133,0,0,29,12,41,23,7,38,106,174,70,32,102,276
05/23/2023,GPT,MS,ASO,CE,Combined TRACON& Tower with Radar,19,13,31,85,148,0,2,16,13,31,19,15,47,98,179,26,66,92,271
05/24/2023,GPT,MS,ASO,CE,Combined TRACON& Tower with Radar,19,10,19,73,121,0,1,15,9,25,19,11,34,82,146,0,6,6,152
05/25/2023,GPT,MS,ASO,CE,Combined TRACON& Tower with Radar,21,10,22,120,173,0,2,36,17,55,21,12,58,137,228,24,8,32,260
05/26/2023,GPT,MS,ASO,CE,Combined TRACON& Tower with Radar,18,11,28,45,102,0,0,32,13,45,18,11,60,58,147,50,0,50,197
05/27/2023,GPT,MS,ASO,CE,Combined TRACON& Tower with Radar,21,8,17,11,57,0,0,25,7,32,21,8,42,18,89,24,0,24,113
05/28/2023,GPT,MS,ASO,CE,Combined TRACON& Tower with Radar,21,11,17,18,67,0,2,26,9,37,21,13,43,27,104,38,0,38,142
05/29/2023,GPT,MS,ASO,CE,Combined TRACON& Tower with Radar,19,6,17,2,44,0,1,25,5,31,19,7,42,7,75,18,0,18,93
05/30/2023,GPT,MS,ASO,CE,Combined TRACON& Tower with Radar,17,8,9,62,96,0,1,28,3,32,17,9,37,65,128,48,2,50,178
05/31/2023,GPT,MS,ASO,CE,Combined TRACON& Tower with Radar,22,8,8,115,153,0,0,22,23,45,22,8,30,138,198,23,24,47,245
06/01/2023,GPT,MS,ASO,CE,Combined TRACON& Tower with Radar,26,8,22,107,163,0,1,24,11,36,26,9,46,118,199,38,0,38,237
06/02/2023,GPT,MS,ASO,CE,Combined TRACON& Tower with Radar,25,8,13,129,175,0,2,24,21,47,25,10,37,150,222,36,32,68,290
06/03/2023,GPT,MS,ASO,CE,Combined TRACON& Tower with Radar,20,7,10,18,55,0,0,28,2,30,20,7,38,20,85,58,0,58,143
06/04/2023,GPT,MS,ASO,CE,Combined TRACON& Tower with Radar,19,9,15,45,88,0,0,14,7,21,19,9,29,52,109,12,2,14,123
06/05/2023,GPT,MS,ASO,CE,Combined TRACON& Tower with Radar,21,9,21,69,120,0,0,35,18,53,21,9,56,87,173,54,26,80,253
06/06/2023,GPT,MS,ASO,CE,Combined TRACON& Tower with Radar,21,11,16,19,67,0,0,29,2,31,21,11,45,21,98,0,0,0,98
06/07/2023,GPT,MS,ASO,CE,Combined TRACON& Tower with Radar,24,10,37,93,164,0,5,35,23,63,24,15,72,116,227,18,12,30,257
06/08/2023,GPT,MS,ASO,CE,Combined TRACON& Tower with Radar,21,9,21,30,81,0,0,24,4,28,21,9,45,34,109,34,0,34,143
06/09/2023,GPT,MS,ASO,CE,Combined TRACON& Tower with Radar,18,8,18,47,91,0,1,27,10,38,18,9,45,57,129,35,0,35,164
06/10/2023,GPT,MS,ASO,CE,Combined TRACON& Tower with Radar,20,8,12,20,60,0,2,26,6,34,20,10,38,26,94,20,4,24,118
06/11/2023,GPT,MS,ASO,CE,Combined TRACON& Tower with Radar,16,13,37,54,120,0,4,37,2,43,16,17,74,56,163,38,0,38,201
06/12/2023,GPT,MS,ASO,CE,Combined TRACON& Tower with Radar,24,8,20,65,117,0,0,37,5,42,24,8,57,70,159,40,62,102,261
06/13/2023,GPT,MS,ASO,CE,Combined TRACON& Tower with Radar,26,7,16,41,90,0,0,48,10,58,26,7,64,51,148,126,28,154,302
06/14/2023,GPT,MS,ASO,CE,Combined TRACON& Tower with Radar,23,12,22,75,132,0,0,14,12,26,23,12,36,87,158,0,0,0,158
06/15/2023,GPT,MS,ASO,CE,Combined TRACON& Tower with Radar,20,15,21,3,59,0,0,9,4,13,20,15,30,7,72,0,0,0,72
06/16/2023,GPT,MS,ASO,CE,Combined TRACON& Tower with Radar,25,9,18,27,79,0,0,8,5,13,25,9,26,32,92,0,0,0,92
06/17/2023,GPT,MS,ASO,CE,Combined TRACON& Tower with Radar,20,13,7,2,42,0,0,16,3,19,20,13,23,5,61,0,0,0,61
06/18/2023,GPT,MS,ASO,CE,Combined TRACON& Tower with Radar,19,8,22,6,55,0,0,9,0,9,19,8,31,6,64,8,0,8,72
06/19/2023,GPT,MS,ASO,CE,Combined TRACON& Tower with Radar,23,8,13,0,44,0,0,3,0,3,23,8,16,0,47,0,0,0,47
06/20/2023,GPT,MS,ASO,CE,Combined TRACON& Tower with Radar,20,9,12,15,56,0,0,11,0,11,20,9,23,15,67,12,0,12,79
06/21/2023,GPT,MS,ASO,CE,Combined TRACON& Tower with Radar,23,8,27,93,151,0,2,28,22,52,23,10,55,115,203,32,74,106,309
06/22/2023,GPT,MS,ASO,CE,Combined TRACON& Tower with Radar,22,9,17,51,99,0,4,35,9,48,22,13,52,60,147,56,4,60,207
06/23/2023,GPT,MS,ASO,CE,Combined TRACON& Tower with Radar,20,13,17,66,116,0,7,27,0,34,20,20,44,66,150,44,0,44,194
06/24/2023,GPT,MS,ASO,CE,Combined TRACON& Tower with Radar,21,12,19,21,73,0,8,24,9,41,21,20,43,30,114,14,14,28,142
06/25/2023,GPT,MS,ASO,CE,Combined TRACON& Tower with Radar,21,10,13,4,48,0,0,26,7,33,21,10,39,11,81,14,0,14,95
06/26/2023,GPT,MS,ASO,CE,Combined TRACON& Tower with Radar,20,10,17,32,79,0,3,29,7,39,20,13,46,39,118,76,0,76,194
06/27/2023,GPT,MS,ASO,CE,Combined TRACON& Tower with Radar,19,10,12,99,140,0,2,19,34,55,19,12,31,133,195,52,38,90,285
06/28/2023,GPT,MS,ASO,CE,Combined TRACON& Tower with Radar,23,15,20,74,132,0,0,41,12,53,23,15,61,86,185,8,14,22,207
06/29/2023,GPT,MS,ASO,CE,Combined TRACON& Tower with Radar,18,8,15,63,104,0,0,45,13,58,18,8,60,76,162,20,8,28,190
06/30/2023,GPT,MS,ASO,CE,Combined TRACON& Tower with Radar,18,9,11,33,71,0,2,37,4,43,18,11,48,37,114,40,10,50,164
07/01/2023,GPT,MS,ASO,CE,Combined TRACON& Tower with Radar,26,8,10,4,48,0,0,38,1,39,26,8,48,5,87,0,0,0,87
07/02/2023,GPT,MS,ASO,CE,Combined TRACON& Tower with Radar,18,6,3,0,27,0,0,20,0,20,18,6,23,0,47,70,0,70,117
07/03/2023,GPT,MS,ASO,CE,Combined TRACON& Tower with Radar,18,7,7,0,32,0,0,10,1,11,18,7,17,1,43,12,0,12,55
07/04/2023,GPT,MS,ASO,CE,Combined TRACON& Tower with Radar,18,4,11,0,33,0,0,11,1,12,18,4,22,1,45,0,0,0,45
07/05/2023,GPT,MS,ASO,CE,Combined TRACON& Tower with Radar,20,10,6,26,62,0,1,12,11,24,20,11,18,37,86,0,0,0,86
07/06/2023,GPT,MS,ASO,CE,Combined TRACON& Tower with Radar,18,11,8,47,84,0,0,33,15,48,18,11,41,62,132,32,6,38,170
07/07/2023,GPT,MS,ASO,CE,Combined TRACON& Tower with Radar,22,10,15,92,139,0,0,31,10,41,22,10,46,102,180,0,0,0,180
07/08/2023,GPT,MS,ASO,CE,Combined TRACON& Tower with Radar,22,8,6,14,50,0,2,16,2,20,22,10,22,16,70,8,0,8,78
07/09/2023,GPT,MS,ASO,CE,Combined TRACON& Tower with Radar,18,7,12,12,49,0,0,8,0,8,18,7,20,12,57,18,0,18,75
07/10/2023,GPT,MS,ASO,CE,Combined TRACON& Tower with Radar,19,9,14,6,48,0,0,14,0,14,19,9,28,6,62,22,0,22,84
07/11/2023,GPT,MS,ASO,CE,Combined TRACON& Tower with Radar,18,8,9,34,69,0,4,21,8,33,18,12,30,42,102,30,12,42,144
07/12/2023,GPT,MS,ASO,CE,Combined TRACON& Tower with Radar,24,8,11,14,57,0,0,13,4,17,24,8,24,18,74,14,0,14,88
07/13/2023,GPT,MS,ASO,CE,Combined TRACON& Tower with Radar,21,7,27,26,81,0,0,22,18,40,21,7,49,44,121,18,5,23,144
07/14/2023,GPT,MS,ASO,CE,Combined TRACON& Tower with Radar,20,8,28,82,138,0,0,42,15,57,20,8,70,97,195,48,1,49,244
07/15/2023,GPT,MS,ASO,CE,Combined TRACON& Tower with Radar,24,7,6,47,84,0,4,42,5,51,24,11,48,52,135,0,0,0,135
07/16/2023,GPT,MS,ASO,CE,Combined TRACON& Tower with Radar,19,6,16,15,56,0,1,16,0,17,19,7,32,15,73,12,0,12,85
07/17/2023,GPT,MS,ASO,CE,Combined TRACON& Tower with Radar,18,9,18,80,125,0,1,39,25,65,18,10,57,105,190,65,22,87,277
07/18/2023,GPT,MS,ASO,CE,Combined TRACON& Tower with Radar,18,9,22,62,111,0,3,43,10,56,18,12,65,72,167,90,0,90,257
07/19/2023,GPT,MS,ASO,CE,Combined TRACON& Tower with Radar,27,11,20,90,148,0,0,53,10,63,27,11,73,100,211,46,66,112,323
07/20/2023,GPT,MS,ASO,CE,Combined TRACON& Tower with Radar,19,18,17,86,140,0,9,27,8,44,19,27,44,94,184,26,16,42,226
07/21/2023,GPT,MS,ASO,CE,Combined TRACON& Tower with Radar,18,15,18,108,159,0,1,25,18,44,18,16,43,126,203,10,50,60,263
07/22/2023,GPT,MS,ASO,CE,Combined TRACON& Tower with Radar,25,7,5,0,37,0,0,25,2,27,25,7,30,2,64,14,0,14,78
07/23/2023,GPT,MS,ASO,CE,Combined TRACON& Tower with Radar,18,11,15,20,64,0,0,18,1,19,18,11,33,21,83,0,0,0,83
07/24/2023,GPT,MS,ASO,CE,Combined TRACON& Tower with Radar,24,9,14,33,80,0,0,31,1,32,24,9,45,34,112,0,0,0,112
07/25/2023,GPT,MS,ASO,CE,Combined TRACON& Tower with Radar,18,9,23,73,123,0,2,30,14,46,18,11,53,87,169,0,0,0,169
07/26/2023,GPT,MS,ASO,CE,Combined TRACON& Tower with Radar,24,14,14,52,104,0,2,24,6,32,24,16,38,58,136,18,0,18,154
07/27/2023,GPT,MS,ASO,CE,Combined TRACON& Tower with Radar,22,18,14,74,128,0,6,38,15,59,22,24,52,89,187,28,26,54,241
07/28/2023,GPT,MS,ASO,CE,Combined TRACON& Tower with Radar,20,15,23,82,140,0,0,24,16,40,20,15,47,98,180,0,26,26,206
07/29/2023,GPT,MS,ASO,CE,Combined TRACON& Tower with Radar,26,12,8,24,70,0,0,30,16,46,26,12,38,40,116,40,14,54,170
07/30/2023,GPT,MS,ASO,CE,Combined TRACON& Tower with Radar,21,11,11,0,43,0,0,33,5,38,21,11,44,5,81,54,0,54,135
07/31/2023,GPT,MS,ASO,CE,Combined TRACON& Tower with Radar,19,7,8,92,126,0,0,34,7,41,19,7,42,99,167,28,4,32,199
08/01/2023,GPT,MS,ASO,CE,Combined TRACON& Tower with Radar,18,10,11,63,102,0,0,34,30,64,18,10,45,93,166,24,38,62,228
08/02/2023,GPT,MS,ASO,CE,Combined TRACON& Tower with Radar,20,15,14,73,122,0,0,25,26,51,20,15,39,99,173,48,68,116,289
08/03/2023,GPT,MS,ASO,CE,Combined TRACON& Tower with Radar,21,11,18,52,102,0,3,42,18,63,21,14,60,70,165,36,28,64,229
08/04/2023,GPT,MS,ASO,CE,Combined TRACON& Tower with Radar,21,11,15,110,157,0,1,38,16,55,21,12,53,126,212,32,74,106,318
08/05/2023,GPT,MS,ASO,CE,Combined TRACON& Tower with Radar,25,9,7,29,70,0,0,21,1,22,25,9,28,30,92,58,0,58,150
08/06/2023,GPT,MS,ASO,CE,Combined TRACON& Tower with Radar,21,9,7,17,54,0,0,24,1,25,21,9,31,18,79,34,0,34,113
08/07/2023,GPT,MS,ASO,CE,Combined TRACON& Tower with Radar,20,7,5,38,70,0,0,24,12,36,20,7,29,50,106,24,0,24,130
08/08/2023,GPT,MS,ASO,CE,Combined TRACON& Tower with Radar,17,13,9,62,101,0,2,28,23,53,17,15,37,85,154,14,36,50,204
08/09/2023,GPT,MS,ASO,CE,Combined TRACON& Tower with Radar,23,16,14,75,128,0,3,21,14,38,23,19,35,89,166,8,34,42,208
08/10/2023,GPT,MS,ASO,CE,Combined TRACON& Tower with Radar,22,10,11,56,99,0,1,31,10,42,22,11,42,66,141,51,24,75,216
08/11/2023,GPT,MS,ASO,CE,Combined TRACON& Tower with Radar,23,9,21,74,127,0,0,25,15,40,23,9,46,89,167,12,50,62,229
08/12/2023,GPT,MS,ASO,CE,Combined TRACON& Tower with Radar,23,8,15,9,55,0,0,27,9,36,23,8,42,18,91,50,0,50,141
08/13/2023,GPT,MS,ASO,CE,Combined TRACON& Tower with Radar,21,6,11,14,52,0,0,29,4,33,21,6,40,18,85,45,0,45,130
08/14/2023,GPT,MS,ASO,CE,Combined TRACON& Tower with Radar,20,7,10,56,93,0,0,32,14,46,20,7,42,70,139,12,14,26,165
08/15/2023,GPT,MS,ASO,CE,Combined TRACON& Tower with Radar,18,10,20,38,86,0,0,22,4,26,18,10,42,42,112,46,8,54,166
08/16/2023,GPT,MS,ASO,CE,Combined TRACON& Tower with Radar,25,10,10,49,94,0,2,38,11,51,25,12,48,60,145,42,30,72,217
08/17/2023,GPT,MS,ASO,CE,Combined TRACON& Tower with Radar,23,10,15,55,103,0,1,32,16,49,23,11,47,71,152,10,34,44,196
08/18/2023,GPT,MS,ASO,CE,Combined TRACON& Tower with Radar,18,10,21,96,145,0,1,23,13,37,18,11,44,109,182,8,36,44,226
08/19/2023,GPT,MS,ASO,CE,Combined TRACON& Tower with Radar,19,7,14,35,75,0,1,53,18,72,19,8,67,53,147,24,60,84,231
08/20/2023,GPT,MS,ASO,CE,Combined TRACON& Tower with Radar,20,7,10,31,68,0,0,28,1,29,20,7,38,32,97,52,0,52,149
08/21/2023,GPT,MS,ASO,CE,Combined TRACON& Tower with Radar,21,7,20,24,72,0,2,19,6,27,21,9,39,30,99,37,0,37,136
08/22/2023,GPT,MS,ASO,CE,Combined TRACON& Tower with Radar,23,6,16,75,120,0,0,29,8,37,23,6,45,83,157,80,0,80,237
08/23/2023,GPT,MS,ASO,CE,Combined TRACON& Tower with Radar,21,7,16,40,84,0,1,28,19,48,21,8,44,59,132,4,0,4,136
08/24/2023,GPT,MS,ASO,CE,Combined TRACON& Tower with Radar,25,6,28,25,84,0,0,32,10,42,25,6,60,35,126,18,0,18,144
08/25/2023,GPT,MS,ASO,CE,Combined TRACON& Tower with Radar,19,10,10,94,133,0,13,33,10,56,19,23,43,104,189,24,0,24,213
08/26/2023,GPT,MS,ASO,CE,Combined TRACON& Tower with Radar,20,6,8,5,39,0,0,12,7,19,20,6,20,12,58,34,0,34,92
08/27/2023,GPT,MS,ASO,CE,Combined TRACON& Tower with Radar,19,8,17,42,86,0,0,12,5,17,19,8,29,47,103,0,0,0,103
08/28/2023,GPT,MS,ASO,CE,Combined TRACON& Tower with Radar,23,6,8,16,53,0,0,13,2,15,23,6,21,18,68,0,12,12,80
08/29/2023,GPT,MS,ASO,CE,Combined TRACON& Tower with Radar,23,7,19,12,61,0,0,6,2,8,23,7,25,14,69,0,14,14,83
08/30/2023,GPT,MS,ASO,CE,Combined TRACON& Tower with Radar,19,7,12,104,142,0,1,21,9,31,19,8,33,113,173,6,22,28,201
08/31/2023,GPT,MS,ASO,CE,Combined TRACON& Tower with Radar,22,7,25,69,123,0,0,34,3,37,22,7,59,72,160,10,12,22,182
