01/01/2020,GRI,NE,ACE,CE,Federal Contract Tower,0,5,2,0,7,0,0,6,0,6,0,5,8,0,13,0,0,0,13
01/02/2020,GRI,NE,ACE,CE,Federal Contract Tower,2,12,1,2,17,0,0,3,4,7,2,12,4,6,24,12,0,12,36
01/03/2020,GRI,NE,ACE,CE,Federal Contract Tower,0,10,12,0,22,0,0,8,2,10,0,10,20,2,32,0,2,2,34
01/04/2020,GRI,NE,ACE,CE,Federal Contract Tower,1,8,3,0,12,0,0,14,0,14,1,8,17,0,26,6,0,6,32
01/05/2020,GRI,NE,ACE,CE,Federal Contract Tower,2,3,1,0,6,0,0,5,0,5,2,3,6,0,11,0,0,0,11
01/06/2020,GRI,NE,ACE,CE,Federal Contract Tower,0,8,1,0,9,0,0,7,0,7,0,8,8,0,16,4,0,4,20
01/07/2020,GRI,NE,ACE,CE,Federal Contract Tower,0,8,6,0,14,0,0,9,8,17,0,8,15,8,31,28,0,28,59
01/08/2020,GRI,NE,ACE,CE,Federal Contract Tower,0,7,6,0,13,0,0,6,4,10,0,7,12,4,23,0,0,0,23
01/09/2020,GRI,NE,ACE,CE,Federal Contract Tower,2,11,4,0,17,0,0,10,0,10,2,11,14,0,27,40,0,40,67
01/10/2020,GRI,NE,ACE,CE,Federal Contract Tower,0,7,4,0,11,0,0,0,0,0,0,7,4,0,11,0,0,0,11
01/11/2020,GRI,NE,ACE,CE,Federal Contract Tower,0,6,7,0,13,0,0,6,0,6,0,6,13,0,19,18,0,18,37
01/12/2020,GRI,NE,ACE,CE,Federal Contract Tower,2,2,4,0,8,0,0,0,0,0,2,2,4,0,8,0,0,0,8
01/13/2020,GRI,NE,ACE,CE,Federal Contract Tower,1,6,8,0,15,0,0,0,0,0,1,6,8,0,15,0,0,0,15
01/14/2020,GRI,NE,ACE,CE,Federal Contract Tower,2,8,6,2,18,0,2,12,6,20,2,10,18,8,38,22,38,60,98
01/15/2020,GRI,NE,ACE,CE,Federal Contract Tower,0,7,7,1,15,0,0,3,5,8,0,7,10,6,23,0,2,2,25
01/16/2020,GRI,NE,ACE,CE,Federal Contract Tower,2,8,5,0,15,0,0,11,2,13,2,8,16,2,28,24,0,24,52
01/17/2020,GRI,NE,ACE,CE,Federal Contract Tower,4,9,0,0,13,0,0,0,0,0,4,9,0,0,13,0,0,0,13
01/18/2020,GRI,NE,ACE,CE,Federal Contract Tower,0,8,5,0,13,0,0,2,0,2,0,8,7,0,15,0,0,0,15
01/19/2020,GRI,NE,ACE,CE,Federal Contract Tower,2,3,3,0,8,0,0,11,0,11,2,3,14,0,19,8,0,8,27
01/20/2020,GRI,NE,ACE,CE,Federal Contract Tower,0,6,7,0,13,0,0,4,0,4,0,6,11,0,17,0,0,0,17
01/21/2020,GRI,NE,ACE,CE,Federal Contract Tower,2,10,4,2,18,0,0,0,4,4,2,10,4,6,22,0,6,6,28
01/22/2020,GRI,NE,ACE,CE,Federal Contract Tower,0,4,3,0,7,0,0,0,0,0,0,4,3,0,7,0,0,0,7
01/23/2020,GRI,NE,ACE,CE,Federal Contract Tower,2,8,6,0,16,0,0,0,0,0,2,8,6,0,16,0,0,0,16
01/24/2020,GRI,NE,ACE,CE,Federal Contract Tower,0,10,15,0,25,0,0,0,0,0,0,10,15,0,25,0,0,0,25
01/25/2020,GRI,NE,ACE,CE,Federal Contract Tower,0,7,4,0,11,0,0,2,0,2,0,7,6,0,13,0,0,0,13
01/26/2020,GRI,NE,ACE,CE,Federal Contract Tower,2,3,4,2,11,0,0,19,0,19,2,3,23,2,30,10,0,10,40
01/27/2020,GRI,NE,ACE,CE,Federal Contract Tower,0,10,5,2,17,0,0,0,4,4,0,10,5,6,21,0,44,44,65
01/28/2020,GRI,NE,ACE,CE,Federal Contract Tower,0,16,3,0,19,0,0,0,0,0,0,16,3,0,19,0,0,0,19
01/29/2020,GRI,NE,ACE,CE,Federal Contract Tower,0,10,7,0,17,0,0,5,3,8,0,10,12,3,25,4,0,4,29
01/30/2020,GRI,NE,ACE,CE,Federal Contract Tower,2,13,7,2,24,0,0,0,0,0,2,13,7,2,24,0,40,40,64
01/31/2020,GRI,NE,ACE,CE,Federal Contract Tower,0,7,6,0,13,0,0,0,0,0,0,7,6,0,13,82,0,82,95
02/01/2020,GRI,NE,ACE,CE,Federal Contract Tower,0,9,4,0,13,0,0,18,0,18,0,9,22,0,31,26,0,26,57
02/02/2020,GRI,NE,ACE,CE,Federal Contract Tower,2,2,1,0,5,0,0,16,0,16,2,2,17,0,21,12,0,12,33
02/03/2020,GRI,NE,ACE,CE,Federal Contract Tower,0,7,7,0,14,0,0,0,2,2,0,7,7,2,16,0,16,16,32
02/04/2020,GRI,NE,ACE,CE,Federal Contract Tower,0,9,9,0,18,0,0,1,6,7,0,9,10,6,25,0,14,14,39
02/05/2020,GRI,NE,ACE,CE,Federal Contract Tower,0,8,5,0,13,0,0,5,4,9,0,8,10,4,22,36,6,42,64
02/06/2020,GRI,NE,ACE,CE,Federal Contract Tower,2,8,5,0,15,0,0,16,6,22,2,8,21,6,37,22,10,32,69
02/07/2020,GRI,NE,ACE,CE,Federal Contract Tower,0,8,9,0,17,0,0,2,0,2,0,8,11,0,19,2,0,2,21
02/08/2020,GRI,NE,ACE,CE,Federal Contract Tower,0,8,3,0,11,0,0,8,2,10,0,8,11,2,21,22,0,22,43
02/09/2020,GRI,NE,ACE,CE,Federal Contract Tower,2,6,2,0,10,0,0,1,2,3,2,6,3,2,13,0,0,0,13
02/10/2020,GRI,NE,ACE,CE,Federal Contract Tower,0,6,1,0,7,0,0,4,0,4,0,6,5,0,11,0,0,0,11
02/11/2020,GRI,NE,ACE,CE,Federal Contract Tower,0,9,9,0,18,0,1,10,5,16,0,10,19,5,34,0,0,0,34
02/12/2020,GRI,NE,ACE,CE,Federal Contract Tower,2,8,8,0,18,0,0,4,0,4,2,8,12,0,22,0,0,0,22
02/13/2020,GRI,NE,ACE,CE,Federal Contract Tower,4,8,16,0,28,0,0,17,4,21,4,8,33,4,49,8,0,8,57
02/14/2020,GRI,NE,ACE,CE,Federal Contract Tower,2,7,8,0,17,0,0,0,2,2,2,7,8,2,19,0,0,0,19
02/15/2020,GRI,NE,ACE,CE,Federal Contract Tower,0,12,4,0,16,0,0,5,1,6,0,12,9,1,22,2,0,2,24
02/16/2020,GRI,NE,ACE,CE,Federal Contract Tower,2,2,5,0,9,0,0,2,1,3,2,2,7,1,12,22,0,22,34
02/17/2020,GRI,NE,ACE,CE,Federal Contract Tower,4,9,12,0,25,0,0,7,0,7,4,9,19,0,32,16,0,16,48
02/18/2020,GRI,NE,ACE,CE,Federal Contract Tower,0,9,13,0,22,0,0,8,4,12,0,9,21,4,34,20,0,20,54
02/19/2020,GRI,NE,ACE,CE,Federal Contract Tower,2,9,5,0,16,0,0,0,0,0,2,9,5,0,16,0,0,0,16
02/20/2020,GRI,NE,ACE,CE,Federal Contract Tower,2,9,7,0,18,0,0,15,9,24,2,9,22,9,42,18,8,26,68
02/21/2020,GRI,NE,ACE,CE,Federal Contract Tower,2,10,8,0,20,0,0,13,4,17,2,10,21,4,37,0,16,16,53
02/22/2020,GRI,NE,ACE,CE,Federal Contract Tower,0,9,6,0,15,0,0,16,0,16,0,9,22,0,31,18,0,18,49
02/23/2020,GRI,NE,ACE,CE,Federal Contract Tower,2,3,3,0,8,0,0,2,1,3,2,3,5,1,11,0,0,0,11
02/24/2020,GRI,NE,ACE,CE,Federal Contract Tower,2,5,8,0,15,0,0,5,4,9,2,5,13,4,24,6,2,8,32
02/25/2020,GRI,NE,ACE,CE,Federal Contract Tower,0,9,5,0,14,0,0,0,0,0,0,9,5,0,14,0,0,0,14
02/26/2020,GRI,NE,ACE,CE,Federal Contract Tower,2,8,10,0,20,0,0,14,0,14,2,8,24,0,34,14,0,14,48
02/27/2020,GRI,NE,ACE,CE,Federal Contract Tower,2,9,8,0,19,0,0,9,11,20,2,9,17,11,39,0,60,60,99
02/28/2020,GRI,NE,ACE,CE,Federal Contract Tower,2,7,6,3,18,0,0,19,5,24,2,7,25,8,42,16,4,20,62
02/29/2020,GRI,NE,ACE,CE,Federal Contract Tower,0,7,8,0,15,0,0,15,0,15,0,7,23,0,30,16,0,16,46
03/01/2020,GRI,NE,ACE,CE,Federal Contract Tower,2,2,4,0,8,0,0,12,0,12,2,2,16,0,20,0,0,0,20
03/02/2020,GRI,NE,ACE,CE,Federal Contract Tower,2,8,6,0,16,0,0,3,0,3,2,8,9,0,19,0,0,0,19
03/03/2020,GRI,NE,ACE,CE,Federal Contract Tower,0,9,2,0,11,0,1,3,0,4,0,10,5,0,15,8,12,20,35
03/04/2020,GRI,NE,ACE,CE,Federal Contract Tower,2,10,5,0,17,0,0,8,5,13,2,10,13,5,30,4,14,18,48
03/05/2020,GRI,NE,ACE,CE,Federal Contract Tower,2,11,5,1,19,0,0,5,1,6,2,11,10,2,25,12,0,12,37
03/06/2020,GRI,NE,ACE,CE,Federal Contract Tower,2,8,9,2,21,0,0,15,7,22,2,8,24,9,43,0,10,10,53
03/07/2020,GRI,NE,ACE,CE,Federal Contract Tower,0,10,4,0,14,0,0,5,0,5,0,10,9,0,19,0,0,0,19
03/08/2020,GRI,NE,ACE,CE,Federal Contract Tower,2,2,2,0,6,0,0,8,0,8,2,2,10,0,14,0,0,0,14
03/09/2020,GRI,NE,ACE,CE,Federal Contract Tower,2,6,7,0,15,0,0,0,0,0,2,6,7,0,15,0,0,0,15
03/10/2020,GRI,NE,ACE,CE,Federal Contract Tower,0,12,8,0,20,0,0,1,1,2,0,12,9,1,22,0,0,0,22
03/11/2020,GRI,NE,ACE,CE,Federal Contract Tower,2,8,4,0,14,0,0,6,4,10,2,8,10,4,24,0,4,4,28
03/12/2020,GRI,NE,ACE,CE,Federal Contract Tower,2,10,9,0,21,0,0,6,0,6,2,10,15,0,27,2,0,2,29
03/13/2020,GRI,NE,ACE,CE,Federal Contract Tower,2,8,6,0,16,0,0,9,4,13,2,8,15,4,29,24,2,26,55
03/14/2020,GRI,NE,ACE,CE,Federal Contract Tower,0,10,2,0,12,0,0,0,0,0,0,10,2,0,12,0,0,0,12
03/15/2020,GRI,NE,ACE,CE,Federal Contract Tower,0,9,1,0,10,0,0,0,0,0,0,9,1,0,10,0,0,0,10
03/16/2020,GRI,NE,ACE,CE,Federal Contract Tower,2,8,2,0,12,0,0,0,0,0,2,8,2,0,12,0,0,0,12
03/17/2020,GRI,NE,ACE,CE,Federal Contract Tower,0,8,3,0,11,0,0,0,4,4,0,8,3,4,15,0,0,0,15
03/18/2020,GRI,NE,ACE,CE,Federal Contract Tower,2,14,4,0,20,0,0,0,0,0,2,14,4,0,20,0,0,0,20
03/19/2020,GRI,NE,ACE,CE,Federal Contract Tower,0,7,1,0,8,0,0,0,0,0,0,7,1,0,8,0,0,0,8
03/20/2020,GRI,NE,ACE,CE,Federal Contract Tower,2,9,5,8,24,0,0,2,0,2,2,9,7,8,26,2,0,2,28
03/21/2020,GRI,NE,ACE,CE,Federal Contract Tower,0,8,6,0,14,0,0,14,0,14,0,8,20,0,28,26,0,26,54
03/22/2020,GRI,NE,ACE,CE,Federal Contract Tower,0,3,1,0,4,0,0,1,0,1,0,3,2,0,5,10,0,10,15
03/23/2020,GRI,NE,ACE,CE,Federal Contract Tower,2,6,4,2,14,0,0,0,0,0,2,6,4,2,14,0,0,0,14
03/24/2020,GRI,NE,ACE,CE,Federal Contract Tower,0,16,1,0,17,0,0,3,4,7,0,16,4,4,24,2,8,10,34
03/25/2020,GRI,NE,ACE,CE,Federal Contract Tower,0,8,5,0,13,0,0,14,4,18,0,8,19,4,31,26,0,26,57
03/26/2020,GRI,NE,ACE,CE,Federal Contract Tower,0,12,7,0,19,0,0,0,2,2,0,12,7,2,21,0,0,0,21
03/27/2020,GRI,NE,ACE,CE,Federal Contract Tower,0,11,2,0,13,0,0,0,0,0,0,11,2,0,13,0,0,0,13
03/28/2020,GRI,NE,ACE,CE,Federal Contract Tower,0,8,1,0,9,0,0,0,0,0,0,8,1,0,9,0,0,0,9
03/29/2020,GRI,NE,ACE,CE,Federal Contract Tower,0,3,0,0,3,0,0,30,0,30,0,3,30,0,33,10,0,10,43
03/30/2020,GRI,NE,ACE,CE,Federal Contract Tower,0,6,3,2,11,0,0,8,0,8,0,6,11,2,19,30,6,36,55
03/31/2020,GRI,NE,ACE,CE,Federal Contract Tower,0,10,1,0,11,0,0,14,3,17,0,10,15,3,28,28,4,32,60
04/01/2020,GRI,NE,ACE,CE,Federal Contract Tower,0,8,5,2,15,0,0,13,3,16,0,8,18,5,31,18,6,24,55
04/02/2020,GRI,NE,ACE,CE,Federal Contract Tower,0,12,1,0,13,0,0,0,0,0,0,12,1,0,13,0,0,0,13
04/03/2020,GRI,NE,ACE,CE,Federal Contract Tower,2,8,2,0,12,0,0,1,0,1,2,8,3,0,13,0,0,0,13
04/04/2020,GRI,NE,ACE,CE,Federal Contract Tower,0,8,11,0,19,0,0,14,0,14,0,8,25,0,33,6,0,6,39
04/05/2020,GRI,NE,ACE,CE,Federal Contract Tower,0,1,2,0,3,0,0,2,0,2,0,1,4,0,5,0,0,0,5
04/06/2020,GRI,NE,ACE,CE,Federal Contract Tower,0,6,2,0,8,0,0,9,0,9,0,6,11,0,17,18,0,18,35
04/07/2020,GRI,NE,ACE,CE,Federal Contract Tower,0,8,3,0,11,0,0,1,2,3,0,8,4,2,14,2,2,4,18
04/08/2020,GRI,NE,ACE,CE,Federal Contract Tower,0,8,5,0,13,0,0,7,2,9,0,8,12,2,22,0,0,0,22
04/09/2020,GRI,NE,ACE,CE,Federal Contract Tower,0,8,5,0,13,0,0,6,0,6,0,8,11,0,19,0,0,0,19
04/10/2020,GRI,NE,ACE,CE,Federal Contract Tower,2,6,4,2,14,0,2,13,0,15,2,8,17,2,29,16,0,16,45
04/11/2020,GRI,NE,ACE,CE,Federal Contract Tower,0,6,6,0,12,0,0,19,0,19,0,6,25,0,31,38,0,38,69
04/12/2020,GRI,NE,ACE,CE,Federal Contract Tower,0,3,0,0,3,0,0,0,0,0,0,3,0,0,3,0,0,0,3
04/13/2020,GRI,NE,ACE,CE,Federal Contract Tower,0,6,1,2,9,0,0,4,0,4,0,6,5,2,13,30,6,36,49
04/14/2020,GRI,NE,ACE,CE,Federal Contract Tower,0,9,1,0,10,0,6,7,1,14,0,15,8,1,24,0,20,20,44
04/15/2020,GRI,NE,ACE,CE,Federal Contract Tower,0,10,0,0,10,0,3,17,8,28,0,13,17,8,38,4,2,6,44
04/16/2020,GRI,NE,ACE,CE,Federal Contract Tower,0,8,2,0,10,0,0,0,0,0,0,8,2,0,10,0,0,0,10
04/17/2020,GRI,NE,ACE,CE,Federal Contract Tower,0,10,2,1,13,0,0,2,6,8,0,10,4,7,21,10,4,14,35
04/18/2020,GRI,NE,ACE,CE,Federal Contract Tower,0,7,6,0,13,0,0,10,0,10,0,7,16,0,23,32,0,32,55
04/19/2020,GRI,NE,ACE,CE,Federal Contract Tower,0,3,0,0,3,0,0,10,0,10,0,3,10,0,13,0,0,0,13
04/20/2020,GRI,NE,ACE,CE,Federal Contract Tower,0,5,1,0,6,0,2,1,0,3,0,7,2,0,9,18,0,18,27
04/21/2020,GRI,NE,ACE,CE,Federal Contract Tower,0,5,1,0,6,0,0,7,4,11,0,5,8,4,17,14,0,14,31
04/22/2020,GRI,NE,ACE,CE,Federal Contract Tower,0,9,8,0,17,0,0,7,0,7,0,9,15,0,24,2,0,2,26
04/23/2020,GRI,NE,ACE,CE,Federal Contract Tower,0,8,2,0,10,0,0,18,9,27,0,8,20,9,37,4,6,10,47
04/24/2020,GRI,NE,ACE,CE,Federal Contract Tower,0,5,4,0,9,0,0,2,0,2,0,5,6,0,11,0,0,0,11
04/25/2020,GRI,NE,ACE,CE,Federal Contract Tower,0,5,1,0,6,0,0,17,4,21,0,5,18,4,27,8,0,8,35
04/26/2020,GRI,NE,ACE,CE,Federal Contract Tower,0,0,2,0,2,0,0,0,0,0,0,0,2,0,2,0,0,0,2
04/27/2020,GRI,NE,ACE,CE,Federal Contract Tower,0,5,1,0,6,0,2,10,0,12,0,7,11,0,18,26,0,26,44
04/28/2020,GRI,NE,ACE,CE,Federal Contract Tower,0,7,7,0,14,0,0,6,2,8,0,7,13,2,22,0,0,0,22
04/29/2020,GRI,NE,ACE,CE,Federal Contract Tower,0,5,1,0,6,0,0,1,0,1,0,5,2,0,7,0,0,0,7
04/30/2020,GRI,NE,ACE,CE,Federal Contract Tower,0,7,1,0,8,0,0,25,4,29,0,7,26,4,37,14,0,14,51
05/01/2020,GRI,NE,ACE,CE,Federal Contract Tower,0,11,2,0,13,0,0,7,1,8,0,11,9,1,21,2,0,2,23
05/02/2020,GRI,NE,ACE,CE,Federal Contract Tower,0,5,3,0,8,0,0,10,0,10,0,5,13,0,18,42,0,42,60
05/03/2020,GRI,NE,ACE,CE,Federal Contract Tower,0,4,1,0,5,0,0,11,0,11,0,4,12,0,16,10,0,10,26
05/04/2020,GRI,NE,ACE,CE,Federal Contract Tower,0,5,1,0,6,0,0,6,0,6,0,5,7,0,12,0,0,0,12
05/05/2020,GRI,NE,ACE,CE,Federal Contract Tower,0,8,1,0,9,0,0,12,2,14,0,8,13,2,23,8,12,20,43
05/06/2020,GRI,NE,ACE,CE,Federal Contract Tower,0,8,8,0,16,0,0,12,6,18,0,8,20,6,34,20,2,22,56
05/07/2020,GRI,NE,ACE,CE,Federal Contract Tower,0,8,4,2,14,0,0,4,6,10,0,8,8,8,24,0,10,10,34
05/08/2020,GRI,NE,ACE,CE,Federal Contract Tower,2,9,3,0,14,0,0,15,0,15,2,9,18,0,29,30,0,30,59
05/09/2020,GRI,NE,ACE,CE,Federal Contract Tower,0,5,1,0,6,0,0,3,0,3,0,5,4,0,9,20,0,20,29
05/10/2020,GRI,NE,ACE,CE,Federal Contract Tower,2,2,1,0,5,0,0,18,0,18,2,2,19,0,23,6,0,6,29
05/11/2020,GRI,NE,ACE,CE,Federal Contract Tower,2,5,3,0,10,0,0,4,0,4,2,5,7,0,14,4,0,4,18
05/12/2020,GRI,NE,ACE,CE,Federal Contract Tower,0,9,7,2,18,0,0,9,0,9,0,9,16,2,27,8,2,10,37
05/13/2020,GRI,NE,ACE,CE,Federal Contract Tower,0,7,5,0,12,0,0,0,0,0,0,7,5,0,12,0,0,0,12
05/14/2020,GRI,NE,ACE,CE,Federal Contract Tower,2,9,5,1,17,0,0,9,0,9,2,9,14,1,26,4,0,4,30
05/15/2020,GRI,NE,ACE,CE,Federal Contract Tower,2,7,5,0,14,0,0,14,0,14,2,7,19,0,28,6,0,6,34
05/16/2020,GRI,NE,ACE,CE,Federal Contract Tower,0,5,2,0,7,0,0,1,0,1,0,5,3,0,8,0,0,0,8
05/17/2020,GRI,NE,ACE,CE,Federal Contract Tower,2,4,0,0,6,0,0,5,0,5,2,4,5,0,11,0,0,0,11
05/18/2020,GRI,NE,ACE,CE,Federal Contract Tower,2,6,6,0,14,0,0,4,0,4,2,6,10,0,18,0,0,0,18
05/19/2020,GRI,NE,ACE,CE,Federal Contract Tower,0,7,8,0,15,0,0,9,2,11,0,7,17,2,26,10,0,10,36
05/20/2020,GRI,NE,ACE,CE,Federal Contract Tower,0,12,8,1,21,0,0,11,6,17,0,12,19,7,38,0,2,2,40
05/21/2020,GRI,NE,ACE,CE,Federal Contract Tower,2,9,2,0,13,0,0,0,0,0,2,9,2,0,13,0,0,0,13
05/22/2020,GRI,NE,ACE,CE,Federal Contract Tower,2,10,1,0,13,0,0,0,0,0,2,10,1,0,13,0,0,0,13
05/23/2020,GRI,NE,ACE,CE,Federal Contract Tower,0,3,4,0,7,0,0,14,0,14,0,3,18,0,21,8,0,8,29
05/24/2020,GRI,NE,ACE,CE,Federal Contract Tower,2,2,0,0,4,0,0,1,0,1,2,2,1,0,5,10,0,10,15
05/25/2020,GRI,NE,ACE,CE,Federal Contract Tower,2,8,0,0,10,0,0,0,0,0,2,8,0,0,10,0,0,0,10
05/26/2020,GRI,NE,ACE,CE,Federal Contract Tower,0,6,0,4,10,0,0,18,10,28,0,6,18,14,38,14,12,26,64
05/27/2020,GRI,NE,ACE,CE,Federal Contract Tower,0,7,10,4,21,0,0,17,4,21,0,7,27,8,42,18,8,26,68
05/28/2020,GRI,NE,ACE,CE,Federal Contract Tower,2,10,3,2,17,0,5,19,2,26,2,15,22,4,43,4,4,8,51
05/29/2020,GRI,NE,ACE,CE,Federal Contract Tower,2,8,4,0,14,0,0,30,0,30,2,8,34,0,44,46,0,46,90
05/30/2020,GRI,NE,ACE,CE,Federal Contract Tower,0,5,4,0,9,0,0,4,0,4,0,5,8,0,13,2,0,2,15
05/31/2020,GRI,NE,ACE,CE,Federal Contract Tower,2,2,4,0,8,0,0,7,0,7,2,2,11,0,15,0,0,0,15
06/01/2020,GRI,NE,ACE,CE,Federal Contract Tower,2,8,10,0,20,0,0,3,0,3,2,8,13,0,23,0,0,0,23
06/02/2020,GRI,NE,ACE,CE,Federal Contract Tower,0,7,4,2,13,0,0,17,3,20,0,7,21,5,33,16,0,16,49
06/03/2020,GRI,NE,ACE,CE,Federal Contract Tower,0,9,5,2,16,0,0,21,7,28,0,9,26,9,44,20,2,22,66
06/04/2020,GRI,NE,ACE,CE,Federal Contract Tower,2,8,4,0,14,0,0,38,8,46,2,8,42,8,60,16,6,22,82
06/05/2020,GRI,NE,ACE,CE,Federal Contract Tower,1,10,3,0,14,0,1,16,3,20,1,11,19,3,34,22,26,48,82
06/06/2020,GRI,NE,ACE,CE,Federal Contract Tower,0,6,4,2,12,0,0,4,5,9,0,6,8,7,21,18,4,22,43
06/07/2020,GRI,NE,ACE,CE,Federal Contract Tower,2,3,1,0,6,0,0,1,0,1,2,3,2,0,7,0,0,0,7
06/08/2020,GRI,NE,ACE,CE,Federal Contract Tower,0,5,1,0,6,0,0,6,0,6,0,5,7,0,12,0,0,0,12
06/09/2020,GRI,NE,ACE,CE,Federal Contract Tower,0,5,2,0,7,0,0,0,0,0,0,5,2,0,7,0,0,0,7
06/10/2020,GRI,NE,ACE,CE,Federal Contract Tower,0,7,6,0,13,0,2,4,1,7,0,9,10,1,20,0,0,0,20
06/11/2020,GRI,NE,ACE,CE,Federal Contract Tower,2,9,6,4,21,0,0,48,7,55,2,9,54,11,76,50,2,52,128
06/12/2020,GRI,NE,ACE,CE,Federal Contract Tower,0,8,15,0,23,0,0,19,14,33,0,8,34,14,56,30,46,76,132
06/13/2020,GRI,NE,ACE,CE,Federal Contract Tower,0,8,7,2,17,0,0,13,7,20,0,8,20,9,37,36,44,80,117
06/14/2020,GRI,NE,ACE,CE,Federal Contract Tower,2,4,1,0,7,0,0,2,0,2,2,4,3,0,9,0,0,0,9
06/15/2020,GRI,NE,ACE,CE,Federal Contract Tower,0,6,3,1,10,0,0,5,0,5,0,6,8,1,15,4,0,4,19
06/16/2020,GRI,NE,ACE,CE,Federal Contract Tower,0,7,6,2,15,0,0,17,4,21,0,7,23,6,36,8,0,8,44
06/17/2020,GRI,NE,ACE,CE,Federal Contract Tower,0,10,4,0,14,0,1,15,3,19,0,11,19,3,33,2,0,2,35
06/18/2020,GRI,NE,ACE,CE,Federal Contract Tower,2,7,6,0,15,0,0,10,2,12,2,7,16,2,27,16,2,18,45
06/19/2020,GRI,NE,ACE,CE,Federal Contract Tower,3,7,12,2,24,0,0,10,2,12,3,7,22,4,36,26,0,26,62
06/20/2020,GRI,NE,ACE,CE,Federal Contract Tower,0,7,11,0,18,0,0,5,0,5,0,7,16,0,23,0,0,0,23
06/21/2020,GRI,NE,ACE,CE,Federal Contract Tower,2,3,1,0,6,0,0,9,0,9,2,3,10,0,15,8,0,8,23
06/22/2020,GRI,NE,ACE,CE,Federal Contract Tower,0,5,2,0,7,0,0,8,0,8,0,5,10,0,15,0,0,0,15
06/23/2020,GRI,NE,ACE,CE,Federal Contract Tower,2,8,5,0,15,0,1,11,4,16,2,9,16,4,31,18,12,30,61
06/24/2020,GRI,NE,ACE,CE,Federal Contract Tower,0,10,8,2,20,0,1,38,6,45,0,11,46,8,65,10,0,10,75
06/25/2020,GRI,NE,ACE,CE,Federal Contract Tower,2,8,10,0,20,0,0,19,4,23,2,8,29,4,43,12,16,28,71
06/26/2020,GRI,NE,ACE,CE,Federal Contract Tower,1,7,3,0,11,0,0,8,3,11,1,7,11,3,22,2,0,2,24
06/27/2020,GRI,NE,ACE,CE,Federal Contract Tower,0,6,5,0,11,0,0,14,2,16,0,6,19,2,27,22,0,22,49
06/28/2020,GRI,NE,ACE,CE,Federal Contract Tower,2,6,6,0,14,0,0,8,0,8,2,6,14,0,22,10,0,10,32
06/29/2020,GRI,NE,ACE,CE,Federal Contract Tower,0,5,2,0,7,0,0,6,0,6,0,5,8,0,13,0,0,0,13
06/30/2020,GRI,NE,ACE,CE,Federal Contract Tower,0,9,4,0,13,0,1,4,2,7,0,10,8,2,20,2,6,8,28
07/01/2020,GRI,NE,ACE,CE,Federal Contract Tower,0,9,4,0,13,0,1,26,5,32,0,10,30,5,45,36,4,40,85
07/02/2020,GRI,NE,ACE,CE,Federal Contract Tower,2,8,9,0,19,0,0,7,2,9,2,8,16,2,28,18,2,20,48
07/03/2020,GRI,NE,ACE,CE,Federal Contract Tower,2,10,2,0,14,0,2,12,0,14,2,12,14,0,28,0,0,0,28
07/04/2020,GRI,NE,ACE,CE,Federal Contract Tower,0,3,4,0,7,0,0,5,0,5,0,3,9,0,12,2,0,2,14
07/05/2020,GRI,NE,ACE,CE,Federal Contract Tower,2,3,2,0,7,0,0,3,0,3,2,3,5,0,10,6,0,6,16
07/06/2020,GRI,NE,ACE,CE,Federal Contract Tower,2,10,7,0,19,0,0,8,0,8,2,10,15,0,27,0,0,0,27
07/07/2020,GRI,NE,ACE,CE,Federal Contract Tower,0,7,8,2,17,0,1,19,4,24,0,8,27,6,41,30,0,30,71
07/08/2020,GRI,NE,ACE,CE,Federal Contract Tower,0,12,12,0,24,0,0,6,6,12,0,12,18,6,36,34,14,48,84
07/09/2020,GRI,NE,ACE,CE,Federal Contract Tower,2,15,1,0,18,0,0,12,7,19,2,15,13,7,37,4,0,4,41
07/10/2020,GRI,NE,ACE,CE,Federal Contract Tower,2,8,3,0,13,0,0,17,0,17,2,8,20,0,30,14,0,14,44
07/11/2020,GRI,NE,ACE,CE,Federal Contract Tower,0,7,3,0,10,0,0,6,0,6,0,7,9,0,16,18,0,18,34
07/12/2020,GRI,NE,ACE,CE,Federal Contract Tower,2,2,5,0,9,0,0,20,0,20,2,2,25,0,29,0,0,0,29
07/13/2020,GRI,NE,ACE,CE,Federal Contract Tower,2,7,6,1,16,0,0,10,0,10,2,7,16,1,26,10,0,10,36
07/14/2020,GRI,NE,ACE,CE,Federal Contract Tower,0,7,14,2,23,0,0,9,2,11,0,7,23,4,34,24,8,32,66
07/15/2020,GRI,NE,ACE,CE,Federal Contract Tower,0,11,11,1,23,0,0,21,1,22,0,11,32,2,45,36,6,42,87
07/16/2020,GRI,NE,ACE,CE,Federal Contract Tower,2,8,16,0,26,0,0,4,0,4,2,8,20,0,30,4,0,4,34
07/17/2020,GRI,NE,ACE,CE,Federal Contract Tower,2,8,8,0,18,0,0,19,2,21,2,8,27,2,39,18,0,18,57
07/18/2020,GRI,NE,ACE,CE,Federal Contract Tower,0,11,5,0,16,0,0,19,5,24,0,11,24,5,40,4,2,6,46
07/19/2020,GRI,NE,ACE,CE,Federal Contract Tower,2,2,5,2,11,0,0,10,9,19,2,2,15,11,30,24,0,24,54
07/20/2020,GRI,NE,ACE,CE,Federal Contract Tower,2,5,1,2,10,0,0,1,1,2,2,5,2,3,12,0,0,0,12
07/21/2020,GRI,NE,ACE,CE,Federal Contract Tower,0,7,9,0,16,0,0,19,1,20,0,7,28,1,36,8,0,8,44
07/22/2020,GRI,NE,ACE,CE,Federal Contract Tower,0,7,4,4,15,0,0,5,6,11,0,7,9,10,26,14,0,14,40
07/23/2020,GRI,NE,ACE,CE,Federal Contract Tower,2,8,9,0,19,0,0,18,7,25,2,8,27,7,44,0,0,0,44
07/24/2020,GRI,NE,ACE,CE,Federal Contract Tower,2,9,9,3,23,0,0,31,9,40,2,9,40,12,63,18,28,46,109
07/25/2020,GRI,NE,ACE,CE,Federal Contract Tower,0,7,3,0,10,0,0,3,0,3,0,7,6,0,13,0,0,0,13
07/26/2020,GRI,NE,ACE,CE,Federal Contract Tower,2,2,16,0,20,0,0,14,0,14,2,2,30,0,34,14,0,14,48
07/27/2020,GRI,NE,ACE,CE,Federal Contract Tower,2,5,7,0,14,0,0,12,0,12,2,5,19,0,26,74,0,74,100
07/28/2020,GRI,NE,ACE,CE,Federal Contract Tower,0,17,11,0,28,0,0,11,4,15,0,17,22,4,43,16,0,16,59
07/29/2020,GRI,NE,ACE,CE,Federal Contract Tower,0,12,8,0,20,0,0,9,2,11,0,12,17,2,31,8,0,8,39
07/30/2020,GRI,NE,ACE,CE,Federal Contract Tower,2,8,10,0,20,0,0,0,0,0,2,8,10,0,20,0,8,8,28
07/31/2020,GRI,NE,ACE,CE,Federal Contract Tower,2,7,3,0,12,0,0,28,8,36,2,7,31,8,48,38,0,38,86
08/01/2020,GRI,NE,ACE,CE,Federal Contract Tower,0,5,2,0,7,0,0,11,0,11,0,5,13,0,18,28,0,28,46
08/02/2020,GRI,NE,ACE,CE,Federal Contract Tower,4,4,3,0,11,0,0,11,0,11,4,4,14,0,22,8,0,8,30
08/03/2020,GRI,NE,ACE,CE,Federal Contract Tower,2,9,5,0,16,0,0,8,1,9,2,9,13,1,25,0,0,0,25
08/04/2020,GRI,NE,ACE,CE,Federal Contract Tower,0,7,4,2,13,0,0,20,4,24,0,7,24,6,37,38,0,38,75
08/05/2020,GRI,NE,ACE,CE,Federal Contract Tower,0,7,5,0,12,0,2,21,8,31,0,9,26,8,43,36,16,52,95
08/06/2020,GRI,NE,ACE,CE,Federal Contract Tower,4,7,7,0,18,0,0,0,0,0,4,7,7,0,18,14,10,24,42
08/07/2020,GRI,NE,ACE,CE,Federal Contract Tower,2,9,4,12,27,0,0,2,0,2,2,9,6,12,29,0,2,2,31
08/08/2020,GRI,NE,ACE,CE,Federal Contract Tower,0,7,11,0,18,0,0,8,0,8,0,7,19,0,26,6,0,6,32
08/09/2020,GRI,NE,ACE,CE,Federal Contract Tower,2,2,4,0,8,0,0,11,0,11,2,2,15,0,19,28,0,28,47
08/10/2020,GRI,NE,ACE,CE,Federal Contract Tower,2,5,11,0,18,0,0,6,2,8,2,5,17,2,26,0,4,4,30
08/11/2020,GRI,NE,ACE,CE,Federal Contract Tower,0,8,5,2,15,0,0,7,10,17,0,8,12,12,32,0,4,4,36
08/12/2020,GRI,NE,ACE,CE,Federal Contract Tower,0,11,3,4,18,0,0,13,7,20,0,11,16,11,38,6,14,20,58
08/13/2020,GRI,NE,ACE,CE,Federal Contract Tower,2,7,7,4,20,0,0,6,4,10,2,7,13,8,30,0,8,8,38
08/14/2020,GRI,NE,ACE,CE,Federal Contract Tower,2,7,9,0,18,0,0,11,4,15,2,7,20,4,33,0,30,30,63
08/15/2020,GRI,NE,ACE,CE,Federal Contract Tower,0,9,4,0,13,0,0,31,1,32,0,9,35,1,45,60,0,60,105
08/16/2020,GRI,NE,ACE,CE,Federal Contract Tower,2,2,4,0,8,0,0,3,3,6,2,2,7,3,14,10,0,10,24
08/17/2020,GRI,NE,ACE,CE,Federal Contract Tower,2,5,10,0,17,0,0,20,0,20,2,5,30,0,37,6,0,6,43
08/18/2020,GRI,NE,ACE,CE,Federal Contract Tower,0,8,7,4,19,0,0,8,4,12,0,8,15,8,31,18,0,18,49
08/19/2020,GRI,NE,ACE,CE,Federal Contract Tower,0,9,8,0,17,0,0,13,3,16,0,9,21,3,33,14,0,14,47
08/20/2020,GRI,NE,ACE,CE,Federal Contract Tower,0,8,6,3,17,0,0,15,8,23,0,8,21,11,40,8,16,24,64
08/21/2020,GRI,NE,ACE,CE,Federal Contract Tower,2,8,3,0,13,0,1,20,2,23,2,9,23,2,36,58,0,58,94
08/22/2020,GRI,NE,ACE,CE,Federal Contract Tower,0,6,6,0,12,0,0,12,3,15,0,6,18,3,27,10,0,10,37
08/23/2020,GRI,NE,ACE,CE,Federal Contract Tower,0,2,3,1,6,0,0,15,9,24,0,2,18,10,30,6,20,26,56
08/24/2020,GRI,NE,ACE,CE,Federal Contract Tower,2,5,5,1,13,0,0,15,0,15,2,5,20,1,28,14,0,14,42
08/25/2020,GRI,NE,ACE,CE,Federal Contract Tower,0,7,8,0,15,0,2,14,3,19,0,9,22,3,34,18,0,18,52
08/26/2020,GRI,NE,ACE,CE,Federal Contract Tower,0,11,5,0,16,0,0,8,2,10,0,11,13,2,26,4,0,4,30
08/27/2020,GRI,NE,ACE,CE,Federal Contract Tower,0,9,10,3,22,0,0,14,7,21,0,9,24,10,43,12,28,40,83
08/28/2020,GRI,NE,ACE,CE,Federal Contract Tower,2,7,4,1,14,0,0,21,16,37,2,7,25,17,51,8,2,10,61
08/29/2020,GRI,NE,ACE,CE,Federal Contract Tower,0,6,9,2,17,0,0,14,2,16,0,6,23,4,33,24,0,24,57
08/30/2020,GRI,NE,ACE,CE,Federal Contract Tower,0,4,2,0,6,0,0,9,2,11,0,4,11,2,17,12,0,12,29
08/31/2020,GRI,NE,ACE,CE,Federal Contract Tower,2,5,2,2,11,0,0,6,0,6,2,5,8,2,17,0,0,0,17
09/01/2020,GRI,NE,ACE,CE,Federal Contract Tower,0,9,8,6,23,0,0,15,6,21,0,9,23,12,44,70,2,72,116
09/02/2020,GRI,NE,ACE,CE,Federal Contract Tower,0,9,3,6,18,0,0,27,8,35,0,9,30,14,53,24,2,26,79
09/03/2020,GRI,NE,ACE,CE,Federal Contract Tower,0,9,10,1,20,0,1,16,3,20,0,10,26,4,40,52,0,52,92
09/04/2020,GRI,NE,ACE,CE,Federal Contract Tower,2,8,10,2,22,0,0,28,0,28,2,8,38,2,50,26,0,26,76
09/05/2020,GRI,NE,ACE,CE,Federal Contract Tower,0,7,6,0,13,0,0,16,0,16,0,7,22,0,29,2,0,2,31
09/06/2020,GRI,NE,ACE,CE,Federal Contract Tower,0,5,3,0,8,0,0,3,0,3,0,5,6,0,11,0,0,0,11
09/07/2020,GRI,NE,ACE,CE,Federal Contract Tower,2,2,7,0,11,0,0,2,0,2,2,2,9,0,13,2,0,2,15
09/08/2020,GRI,NE,ACE,CE,Federal Contract Tower,0,6,0,0,6,0,0,0,0,0,0,6,0,0,6,0,0,0,6
09/09/2020,GRI,NE,ACE,CE,Federal Contract Tower,0,17,6,4,27,0,1,0,2,3,0,18,6,6,30,0,4,4,34
09/10/2020,GRI,NE,ACE,CE,Federal Contract Tower,0,9,12,5,26,0,0,5,7,12,0,9,17,12,38,0,34,34,72
09/11/2020,GRI,NE,ACE,CE,Federal Contract Tower,2,11,10,3,26,0,0,2,0,2,2,11,12,3,28,14,0,14,42
09/12/2020,GRI,NE,ACE,CE,Federal Contract Tower,0,6,3,0,9,0,0,11,4,15,0,6,14,4,24,30,2,32,56
09/13/2020,GRI,NE,ACE,CE,Federal Contract Tower,2,2,9,0,13,0,0,19,0,19,2,2,28,0,32,6,0,6,38
09/14/2020,GRI,NE,ACE,CE,Federal Contract Tower,2,5,11,1,19,0,0,6,2,8,2,5,17,3,27,0,0,0,27
09/15/2020,GRI,NE,ACE,CE,Federal Contract Tower,0,11,7,1,19,0,0,7,2,9,0,11,14,3,28,6,0,6,34
09/16/2020,GRI,NE,ACE,CE,Federal Contract Tower,0,7,2,0,9,0,0,10,2,12,0,7,12,2,21,26,6,32,53
09/17/2020,GRI,NE,ACE,CE,Federal Contract Tower,2,9,7,3,21,0,0,14,2,16,2,9,21,5,37,50,6,56,93
09/18/2020,GRI,NE,ACE,CE,Federal Contract Tower,2,7,5,2,16,0,0,18,7,25,2,7,23,9,41,24,10,34,75
09/19/2020,GRI,NE,ACE,CE,Federal Contract Tower,0,7,2,0,9,0,0,7,0,7,0,7,9,0,16,0,0,0,16
09/20/2020,GRI,NE,ACE,CE,Federal Contract Tower,0,4,4,0,8,0,0,3,0,3,0,4,7,0,11,0,0,0,11
09/21/2020,GRI,NE,ACE,CE,Federal Contract Tower,2,5,8,0,15,0,0,3,0,3,2,5,11,0,18,0,0,0,18
09/22/2020,GRI,NE,ACE,CE,Federal Contract Tower,0,9,3,2,14,0,0,15,5,20,0,9,18,7,34,30,2,32,66
09/23/2020,GRI,NE,ACE,CE,Federal Contract Tower,0,7,8,1,16,0,0,6,2,8,0,7,14,3,24,0,0,0,24
09/24/2020,GRI,NE,ACE,CE,Federal Contract Tower,0,6,7,3,16,0,0,18,5,23,0,6,25,8,39,44,12,56,95
09/25/2020,GRI,NE,ACE,CE,Federal Contract Tower,2,7,10,0,19,0,2,14,3,19,2,9,24,3,38,10,2,12,50
09/26/2020,GRI,NE,ACE,CE,Federal Contract Tower,0,7,11,3,21,0,2,9,0,11,0,9,20,3,32,4,2,6,38
09/27/2020,GRI,NE,ACE,CE,Federal Contract Tower,0,2,10,1,13,0,2,4,0,6,0,4,14,1,19,4,0,4,23
09/28/2020,GRI,NE,ACE,CE,Federal Contract Tower,2,6,4,1,13,0,0,2,2,4,2,6,6,3,17,6,0,6,23
09/29/2020,GRI,NE,ACE,CE,Federal Contract Tower,0,11,1,0,12,0,0,19,8,27,0,11,20,8,39,34,0,34,73
09/30/2020,GRI,NE,ACE,CE,Federal Contract Tower,0,9,5,1,15,0,0,2,1,3,0,9,7,2,18,0,0,0,18
10/01/2020,GRI,NE,ACE,CE,Federal Contract Tower,0,7,4,0,11,0,0,19,15,34,0,7,23,15,45,30,44,74,119
10/02/2020,GRI,NE,ACE,CE,Federal Contract Tower,2,8,10,0,20,0,0,16,0,16,2,8,26,0,36,6,0,6,42
10/04/2020,GRI,NE,ACE,CE,Federal Contract Tower,2,2,5,0,9,0,0,6,0,6,2,2,11,0,15,2,0,2,17
10/05/2020,GRI,NE,ACE,CE,Federal Contract Tower,2,5,1,0,8,0,0,4,0,4,2,5,5,0,12,2,0,2,14
10/06/2020,GRI,NE,ACE,CE,Federal Contract Tower,0,12,5,2,19,0,0,19,3,22,0,12,24,5,41,16,14,30,71
10/07/2020,GRI,NE,ACE,CE,Federal Contract Tower,0,10,11,0,21,0,0,23,3,26,0,10,34,3,47,12,0,12,59
10/08/2020,GRI,NE,ACE,CE,Federal Contract Tower,2,11,4,2,19,0,0,13,13,26,2,11,17,15,45,8,0,8,53
10/09/2020,GRI,NE,ACE,CE,Federal Contract Tower,2,9,2,0,13,0,0,24,7,31,2,9,26,7,44,28,14,42,86
10/10/2020,GRI,NE,ACE,CE,Federal Contract Tower,0,6,7,0,13,0,0,11,0,11,0,6,18,0,24,4,0,4,28
10/11/2020,GRI,NE,ACE,CE,Federal Contract Tower,2,2,2,0,6,0,0,0,0,0,2,2,2,0,6,14,0,14,20
10/12/2020,GRI,NE,ACE,CE,Federal Contract Tower,2,4,3,0,9,0,1,3,0,4,2,5,6,0,13,0,0,0,13
10/13/2020,GRI,NE,ACE,CE,Federal Contract Tower,0,10,10,2,22,0,0,22,0,22,0,10,32,2,44,56,6,62,106
10/14/2020,GRI,NE,ACE,CE,Federal Contract Tower,0,10,5,3,18,0,0,5,2,7,0,10,10,5,25,0,0,0,25
10/15/2020,GRI,NE,ACE,CE,Federal Contract Tower,2,8,7,1,18,0,0,26,7,33,2,8,33,8,51,12,12,24,75
10/16/2020,GRI,NE,ACE,CE,Federal Contract Tower,2,12,6,0,20,0,0,24,8,32,2,12,30,8,52,12,0,12,64
10/17/2020,GRI,NE,ACE,CE,Federal Contract Tower,0,6,1,0,7,0,0,23,14,37,0,6,24,14,44,22,22,44,88
10/18/2020,GRI,NE,ACE,CE,Federal Contract Tower,1,2,5,2,10,0,0,14,0,14,1,2,19,2,24,0,0,0,24
10/19/2020,GRI,NE,ACE,CE,Federal Contract Tower,2,10,4,2,18,0,0,4,0,4,2,10,8,2,22,0,0,0,22
10/20/2020,GRI,NE,ACE,CE,Federal Contract Tower,0,10,1,0,11,0,2,11,2,15,0,12,12,2,26,10,0,10,36
10/21/2020,GRI,NE,ACE,CE,Federal Contract Tower,0,15,10,2,27,0,0,5,4,9,0,15,15,6,36,2,2,4,40
10/22/2020,GRI,NE,ACE,CE,Federal Contract Tower,4,10,3,0,17,0,0,0,0,0,4,10,3,0,17,0,0,0,17
10/23/2020,GRI,NE,ACE,CE,Federal Contract Tower,2,8,8,0,18,0,0,12,1,13,2,8,20,1,31,2,0,2,33
10/24/2020,GRI,NE,ACE,CE,Federal Contract Tower,0,6,2,0,8,0,0,7,0,7,0,6,9,0,15,0,0,0,15
10/25/2020,GRI,NE,ACE,CE,Federal Contract Tower,2,2,0,0,4,0,0,0,0,0,2,2,0,0,4,0,0,0,4
10/26/2020,GRI,NE,ACE,CE,Federal Contract Tower,4,8,9,0,21,0,0,4,0,4,4,8,13,0,25,2,0,2,27
10/27/2020,GRI,NE,ACE,CE,Federal Contract Tower,0,10,7,1,18,0,0,16,5,21,0,10,23,6,39,26,4,30,69
10/28/2020,GRI,NE,ACE,CE,Federal Contract Tower,0,8,4,0,12,0,0,12,3,15,0,8,16,3,27,10,0,10,37
10/29/2020,GRI,NE,ACE,CE,Federal Contract Tower,2,8,7,0,17,0,0,25,9,34,2,8,32,9,51,34,14,48,99
10/30/2020,GRI,NE,ACE,CE,Federal Contract Tower,2,7,7,0,16,0,0,24,0,24,2,7,31,0,40,30,0,30,70
10/31/2020,GRI,NE,ACE,CE,Federal Contract Tower,0,7,2,0,9,0,0,9,0,9,0,7,11,0,18,0,0,0,18
11/01/2020,GRI,NE,ACE,CE,Federal Contract Tower,2,3,0,0,5,0,0,13,0,13,2,3,13,0,18,4,0,4,22
11/02/2020,GRI,NE,ACE,CE,Federal Contract Tower,2,12,7,0,21,0,0,3,0,3,2,12,10,0,24,4,0,4,28
11/03/2020,GRI,NE,ACE,CE,Federal Contract Tower,0,12,9,0,21,0,0,15,2,17,0,12,24,2,38,12,0,12,50
11/04/2020,GRI,NE,ACE,CE,Federal Contract Tower,0,10,8,4,22,0,0,16,0,16,0,10,24,4,38,14,0,14,52
11/05/2020,GRI,NE,ACE,CE,Federal Contract Tower,2,11,15,3,31,0,0,29,7,36,2,11,44,10,67,16,4,20,87
11/06/2020,GRI,NE,ACE,CE,Federal Contract Tower,2,11,7,4,24,0,0,11,0,11,2,11,18,4,35,6,0,6,41
11/07/2020,GRI,NE,ACE,CE,Federal Contract Tower,0,7,0,0,7,0,0,1,0,1,0,7,1,0,8,0,16,16,24
11/08/2020,GRI,NE,ACE,CE,Federal Contract Tower,2,5,0,0,7,0,0,1,0,1,2,5,1,0,8,0,0,0,8
11/09/2020,GRI,NE,ACE,CE,Federal Contract Tower,2,6,0,0,8,0,0,0,0,0,2,6,0,0,8,0,0,0,8
11/10/2020,GRI,NE,ACE,CE,Federal Contract Tower,0,7,0,0,7,0,0,3,2,5,0,7,3,2,12,0,0,0,12
11/11/2020,GRI,NE,ACE,CE,Federal Contract Tower,0,8,3,0,11,0,0,14,0,14,0,8,17,0,25,0,0,0,25
11/12/2020,GRI,NE,ACE,CE,Federal Contract Tower,2,8,2,1,13,0,0,6,7,13,2,8,8,8,26,8,22,30,56
11/13/2020,GRI,NE,ACE,CE,Federal Contract Tower,2,8,2,0,12,0,0,8,1,9,2,8,10,1,21,0,4,4,25
11/14/2020,GRI,NE,ACE,CE,Federal Contract Tower,0,6,2,0,8,0,0,3,0,3,0,6,5,0,11,0,0,0,11
11/15/2020,GRI,NE,ACE,CE,Federal Contract Tower,2,4,0,0,6,0,0,0,0,0,2,4,0,0,6,0,0,0,6
11/16/2020,GRI,NE,ACE,CE,Federal Contract Tower,2,7,3,0,12,0,0,12,0,12,2,7,15,0,24,20,0,20,44
11/17/2020,GRI,NE,ACE,CE,Federal Contract Tower,0,9,4,0,13,0,0,6,5,11,0,9,10,5,24,0,0,0,24
11/18/2020,GRI,NE,ACE,CE,Federal Contract Tower,0,7,2,2,11,0,0,5,7,12,0,7,7,9,23,22,0,22,45
11/19/2020,GRI,NE,ACE,CE,Federal Contract Tower,2,9,5,0,16,0,0,21,13,34,2,9,26,13,50,26,0,26,76
11/20/2020,GRI,NE,ACE,CE,Federal Contract Tower,2,6,14,1,23,0,0,18,4,22,2,6,32,5,45,38,20,58,103
11/21/2020,GRI,NE,ACE,CE,Federal Contract Tower,0,9,6,0,15,0,0,2,3,5,0,9,8,3,20,0,0,0,20
11/22/2020,GRI,NE,ACE,CE,Federal Contract Tower,2,3,4,0,9,0,0,17,0,17,2,3,21,0,26,18,0,18,44
11/23/2020,GRI,NE,ACE,CE,Federal Contract Tower,0,7,3,0,10,0,0,1,0,1,0,7,4,0,11,0,0,0,11
11/24/2020,GRI,NE,ACE,CE,Federal Contract Tower,4,9,10,0,23,0,0,0,0,0,4,9,10,0,23,0,0,0,23
11/25/2020,GRI,NE,ACE,CE,Federal Contract Tower,0,16,6,0,22,0,0,9,7,16,0,16,15,7,38,20,12,32,70
11/26/2020,GRI,NE,ACE,CE,Federal Contract Tower,2,2,2,0,6,0,0,9,0,9,2,2,11,0,15,6,0,6,21
11/27/2020,GRI,NE,ACE,CE,Federal Contract Tower,2,12,2,0,16,0,0,9,0,9,2,12,11,0,25,10,0,10,35
11/28/2020,GRI,NE,ACE,CE,Federal Contract Tower,0,7,4,0,11,0,0,21,0,21,0,7,25,0,32,18,0,18,50
11/29/2020,GRI,NE,ACE,CE,Federal Contract Tower,2,9,0,0,11,0,0,3,0,3,2,9,3,0,14,0,0,0,14
11/30/2020,GRI,NE,ACE,CE,Federal Contract Tower,2,6,5,2,15,0,0,4,0,4,2,6,9,2,19,10,0,10,29
12/01/2020,GRI,NE,ACE,CE,Federal Contract Tower,0,11,8,0,19,0,0,12,6,18,0,11,20,6,37,20,10,30,67
12/02/2020,GRI,NE,ACE,CE,Federal Contract Tower,0,12,1,0,13,0,0,0,2,2,0,12,1,2,15,0,2,2,17
12/03/2020,GRI,NE,ACE,CE,Federal Contract Tower,2,11,4,0,17,0,0,10,6,16,2,11,14,6,33,23,4,27,60
12/04/2020,GRI,NE,ACE,CE,Federal Contract Tower,2,8,10,1,21,0,0,22,2,24,2,8,32,3,45,28,0,28,73
12/05/2020,GRI,NE,ACE,CE,Federal Contract Tower,0,7,3,1,11,0,0,6,10,16,0,7,9,11,27,14,10,24,51
12/06/2020,GRI,NE,ACE,CE,Federal Contract Tower,2,5,2,0,9,0,0,9,0,9,2,5,11,0,18,26,0,26,44
12/07/2020,GRI,NE,ACE,CE,Federal Contract Tower,2,7,1,0,10,0,0,6,0,6,2,7,7,0,16,14,0,14,30
12/08/2020,GRI,NE,ACE,CE,Federal Contract Tower,0,18,6,2,26,0,2,10,10,22,0,20,16,12,48,30,18,48,96
12/09/2020,GRI,NE,ACE,CE,Federal Contract Tower,0,11,4,0,15,0,2,14,0,16,0,13,18,0,31,6,0,6,37
12/10/2020,GRI,NE,ACE,CE,Federal Contract Tower,0,11,2,0,13,0,0,9,5,14,0,11,11,5,27,2,0,2,29
12/11/2020,GRI,NE,ACE,CE,Federal Contract Tower,2,8,0,0,10,0,0,0,0,0,2,8,0,0,10,0,0,0,10
12/12/2020,GRI,NE,ACE,CE,Federal Contract Tower,0,7,0,0,7,0,0,0,0,0,0,7,0,0,7,0,0,0,7
12/13/2020,GRI,NE,ACE,CE,Federal Contract Tower,0,5,0,0,5,0,0,1,0,1,0,5,1,0,6,2,0,2,8
12/14/2020,GRI,NE,ACE,CE,Federal Contract Tower,2,8,11,0,21,0,0,14,0,14,2,8,25,0,35,12,0,12,47
12/15/2020,GRI,NE,ACE,CE,Federal Contract Tower,0,11,7,0,18,0,0,0,0,0,0,11,7,0,18,0,0,0,18
12/16/2020,GRI,NE,ACE,CE,Federal Contract Tower,0,17,6,0,23,0,0,5,4,9,0,17,11,4,32,0,12,12,44
12/17/2020,GRI,NE,ACE,CE,Federal Contract Tower,2,9,7,0,18,0,0,18,4,22,2,9,25,4,40,52,20,72,112
12/18/2020,GRI,NE,ACE,CE,Federal Contract Tower,2,10,4,14,30,0,0,14,2,16,2,10,18,16,46,28,0,28,74
12/19/2020,GRI,NE,ACE,CE,Federal Contract Tower,0,6,1,0,7,0,0,3,0,3,0,6,4,0,10,0,0,0,10
12/20/2020,GRI,NE,ACE,CE,Federal Contract Tower,2,3,2,0,7,0,0,5,0,5,2,3,7,0,12,4,0,4,16
12/21/2020,GRI,NE,ACE,CE,Federal Contract Tower,2,8,5,0,15,0,2,12,0,14,2,10,17,0,29,24,0,24,53
12/22/2020,GRI,NE,ACE,CE,Federal Contract Tower,0,9,4,0,13,0,0,3,12,15,0,9,7,12,28,0,4,4,32
12/23/2020,GRI,NE,ACE,CE,Federal Contract Tower,0,7,2,0,9,0,0,0,0,0,0,7,2,0,9,0,0,0,9
12/24/2020,GRI,NE,ACE,CE,Federal Contract Tower,2,8,6,0,16,0,0,4,0,4,2,8,10,0,20,0,0,0,20
12/25/2020,GRI,NE,ACE,CE,Federal Contract Tower,2,1,0,0,3,0,0,1,0,1,2,1,1,0,4,0,0,0,4
12/26/2020,GRI,NE,ACE,CE,Federal Contract Tower,2,8,7,0,17,0,0,9,0,9,2,8,16,0,26,28,0,28,54
12/27/2020,GRI,NE,ACE,CE,Federal Contract Tower,1,3,0,0,4,0,0,1,0,1,1,3,1,0,5,0,0,0,5
12/28/2020,GRI,NE,ACE,CE,Federal Contract Tower,5,11,8,0,24,0,0,1,0,1,5,11,9,0,25,0,0,0,25
12/29/2020,GRI,NE,ACE,CE,Federal Contract Tower,0,9,0,0,9,0,0,0,0,0,0,9,0,0,9,0,0,0,9
12/30/2020,GRI,NE,ACE,CE,Federal Contract Tower,2,13,5,1,21,0,0,0,3,3,2,13,5,4,24,0,0,0,24
12/31/2020,GRI,NE,ACE,CE,Federal Contract Tower,2,10,3,0,15,0,0,10,4,14,2,10,13,4,29,4,6,10,39
01/01/2021,GRI,NE,ACE,CE,Federal Contract Tower,2,2,1,0,5,0,0,0,0,0,2,2,1,0,5,0,0,0,5
01/02/2021,GRI,NE,ACE,CE,Federal Contract Tower,2,7,6,0,15,0,0,15,0,15,2,7,21,0,30,14,0,14,44
01/03/2021,GRI,NE,ACE,CE,Federal Contract Tower,2,6,3,0,11,0,0,5,0,5,2,6,8,0,16,8,0,8,24
01/04/2021,GRI,NE,ACE,CE,Federal Contract Tower,0,6,7,0,13,0,0,8,0,8,0,6,15,0,21,6,0,6,27
01/05/2021,GRI,NE,ACE,CE,Federal Contract Tower,0,11,2,0,13,0,0,9,5,14,0,11,11,5,27,6,8,14,41
01/06/2021,GRI,NE,ACE,CE,Federal Contract Tower,0,10,1,0,11,0,0,5,0,5,0,10,6,0,16,0,0,0,16
01/07/2021,GRI,NE,ACE,CE,Federal Contract Tower,2,12,1,0,15,0,0,0,0,0,2,12,1,0,15,0,0,0,15
01/08/2021,GRI,NE,ACE,CE,Federal Contract Tower,1,12,6,0,19,0,0,0,0,0,1,12,6,0,19,0,0,0,19
01/09/2021,GRI,NE,ACE,CE,Federal Contract Tower,0,7,5,0,12,0,0,2,0,2,0,7,7,0,14,0,0,0,14
01/10/2021,GRI,NE,ACE,CE,Federal Contract Tower,2,5,4,0,11,0,0,0,0,0,2,5,4,0,11,0,0,0,11
01/11/2021,GRI,NE,ACE,CE,Federal Contract Tower,1,6,6,0,13,0,0,2,0,2,1,6,8,0,15,28,0,28,43
01/12/2021,GRI,NE,ACE,CE,Federal Contract Tower,0,15,9,0,24,0,1,19,14,34,0,16,28,14,58,4,8,12,70
01/13/2021,GRI,NE,ACE,CE,Federal Contract Tower,0,10,5,0,15,0,0,18,8,26,0,10,23,8,41,6,2,8,49
01/14/2021,GRI,NE,ACE,CE,Federal Contract Tower,2,9,1,0,12,0,0,0,0,0,2,9,1,0,12,0,0,0,12
01/15/2021,GRI,NE,ACE,CE,Federal Contract Tower,1,4,3,0,8,0,0,0,0,0,1,4,3,0,8,0,0,0,8
01/16/2021,GRI,NE,ACE,CE,Federal Contract Tower,0,6,2,0,8,0,0,17,0,17,0,6,19,0,25,6,0,6,31
01/17/2021,GRI,NE,ACE,CE,Federal Contract Tower,2,3,0,0,5,0,0,2,0,2,2,3,2,0,7,8,0,8,15
01/18/2021,GRI,NE,ACE,CE,Federal Contract Tower,1,6,3,0,10,0,0,2,0,2,1,6,5,0,12,4,0,4,16
01/19/2021,GRI,NE,ACE,CE,Federal Contract Tower,0,8,7,0,15,0,0,2,0,2,0,8,9,0,17,0,0,0,17
01/20/2021,GRI,NE,ACE,CE,Federal Contract Tower,0,10,1,0,11,0,3,10,10,23,0,13,11,10,34,6,6,12,46
01/21/2021,GRI,NE,ACE,CE,Federal Contract Tower,2,10,4,0,16,0,0,25,22,47,2,10,29,22,63,0,26,26,89
01/22/2021,GRI,NE,ACE,CE,Federal Contract Tower,1,10,4,0,15,0,0,0,0,0,1,10,4,0,15,0,0,0,15
01/23/2021,GRI,NE,ACE,CE,Federal Contract Tower,0,6,1,0,7,0,0,0,3,3,0,6,1,3,10,0,6,6,16
01/24/2021,GRI,NE,ACE,CE,Federal Contract Tower,2,3,2,6,13,0,0,0,0,0,2,3,2,6,13,0,0,0,13
01/25/2021,GRI,NE,ACE,CE,Federal Contract Tower,1,1,0,0,2,0,0,0,0,0,1,1,0,0,2,0,0,0,2
01/26/2021,GRI,NE,ACE,CE,Federal Contract Tower,0,8,3,0,11,0,0,0,0,0,0,8,3,0,11,0,0,0,11
01/27/2021,GRI,NE,ACE,CE,Federal Contract Tower,0,8,2,0,10,0,0,4,0,4,0,8,6,0,14,24,0,24,38
01/28/2021,GRI,NE,ACE,CE,Federal Contract Tower,2,9,2,0,13,0,0,0,0,0,2,9,2,0,13,0,8,8,21
01/29/2021,GRI,NE,ACE,CE,Federal Contract Tower,1,9,4,0,14,0,0,0,0,0,1,9,4,0,14,0,0,0,14
01/30/2021,GRI,NE,ACE,CE,Federal Contract Tower,0,5,0,0,5,0,0,0,0,0,0,5,0,0,5,0,0,0,5
01/31/2021,GRI,NE,ACE,CE,Federal Contract Tower,2,5,0,0,7,0,0,5,0,5,2,5,5,0,12,6,0,6,18
02/01/2021,GRI,NE,ACE,CE,Federal Contract Tower,0,9,8,0,17,0,0,0,0,0,0,9,8,0,17,0,0,0,17
02/02/2021,GRI,NE,ACE,CE,Federal Contract Tower,0,12,2,0,14,0,0,0,0,0,0,12,2,0,14,0,0,0,14
02/03/2021,GRI,NE,ACE,CE,Federal Contract Tower,0,5,3,0,8,0,0,9,4,13,0,5,12,4,21,6,4,10,31
02/04/2021,GRI,NE,ACE,CE,Federal Contract Tower,2,13,3,0,18,0,0,4,8,12,2,13,7,8,30,0,36,36,66
02/05/2021,GRI,NE,ACE,CE,Federal Contract Tower,3,10,5,0,18,0,0,20,10,30,3,10,25,10,48,20,2,22,70
02/06/2021,GRI,NE,ACE,CE,Federal Contract Tower,0,7,1,0,8,0,0,0,0,0,0,7,1,0,8,0,0,0,8
02/07/2021,GRI,NE,ACE,CE,Federal Contract Tower,4,3,1,0,8,0,0,0,0,0,4,3,1,0,8,0,0,0,8
02/08/2021,GRI,NE,ACE,CE,Federal Contract Tower,1,12,6,2,21,0,0,0,0,0,1,12,6,2,21,0,0,0,21
02/09/2021,GRI,NE,ACE,CE,Federal Contract Tower,2,9,11,0,22,0,0,3,2,5,2,9,14,2,27,0,10,10,37
02/10/2021,GRI,NE,ACE,CE,Federal Contract Tower,2,13,9,2,26,0,0,6,3,9,2,13,15,5,35,0,0,0,35
02/11/2021,GRI,NE,ACE,CE,Federal Contract Tower,2,9,10,0,21,0,0,0,0,0,2,9,10,0,21,0,0,0,21
02/12/2021,GRI,NE,ACE,CE,Federal Contract Tower,2,8,2,0,12,0,0,0,0,0,2,8,2,0,12,0,0,0,12
02/13/2021,GRI,NE,ACE,CE,Federal Contract Tower,0,7,0,0,7,0,0,0,0,0,0,7,0,0,7,0,0,0,7
02/14/2021,GRI,NE,ACE,CE,Federal Contract Tower,2,2,2,0,6,0,0,2,0,2,2,2,4,0,8,0,0,0,8
02/15/2021,GRI,NE,ACE,CE,Federal Contract Tower,2,3,1,0,6,0,0,0,0,0,2,3,1,0,6,0,0,0,6
02/16/2021,GRI,NE,ACE,CE,Federal Contract Tower,0,5,7,0,12,0,0,0,0,0,0,5,7,0,12,0,0,0,12
02/17/2021,GRI,NE,ACE,CE,Federal Contract Tower,0,4,9,0,13,0,0,2,9,11,0,4,11,9,24,0,54,54,78
02/18/2021,GRI,NE,ACE,CE,Federal Contract Tower,2,8,4,0,14,0,0,25,10,35,2,8,29,10,49,16,8,24,73
02/19/2021,GRI,NE,ACE,CE,Federal Contract Tower,2,8,9,0,19,0,0,23,6,29,2,8,32,6,48,2,2,4,52
02/20/2021,GRI,NE,ACE,CE,Federal Contract Tower,0,6,2,0,8,0,0,10,4,14,0,6,12,4,22,6,4,10,32
02/21/2021,GRI,NE,ACE,CE,Federal Contract Tower,2,3,3,0,8,0,0,0,0,0,2,3,3,0,8,0,0,0,8
02/22/2021,GRI,NE,ACE,CE,Federal Contract Tower,2,6,1,0,9,0,0,12,0,12,2,6,13,0,21,32,0,32,53
02/23/2021,GRI,NE,ACE,CE,Federal Contract Tower,0,8,3,1,12,0,0,9,3,12,0,8,12,4,24,36,14,50,74
02/24/2021,GRI,NE,ACE,CE,Federal Contract Tower,1,9,8,2,20,0,0,23,14,37,1,9,31,16,57,28,26,54,111
02/25/2021,GRI,NE,ACE,CE,Federal Contract Tower,2,11,2,0,15,0,2,36,15,53,2,13,38,15,68,36,48,84,152
02/26/2021,GRI,NE,ACE,CE,Federal Contract Tower,2,10,4,4,20,0,0,0,0,0,2,10,4,4,20,28,2,30,50
02/27/2021,GRI,NE,ACE,CE,Federal Contract Tower,0,7,7,0,14,0,2,9,1,12,0,9,16,1,26,18,0,18,44
02/28/2021,GRI,NE,ACE,CE,Federal Contract Tower,2,3,1,1,7,0,0,2,0,2,2,3,3,1,9,0,0,0,9
03/01/2021,GRI,NE,ACE,CE,Federal Contract Tower,2,8,5,1,16,0,0,11,0,11,2,8,16,1,27,10,0,10,37
03/02/2021,GRI,NE,ACE,CE,Federal Contract Tower,0,9,5,1,15,0,0,13,2,15,0,9,18,3,30,22,30,52,82
03/03/2021,GRI,NE,ACE,CE,Federal Contract Tower,1,8,10,0,19,0,0,35,2,37,1,8,45,2,56,74,0,74,130
03/04/2021,GRI,NE,ACE,CE,Federal Contract Tower,0,8,7,0,15,0,0,23,8,31,0,8,30,8,46,24,8,32,78
03/05/2021,GRI,NE,ACE,CE,Federal Contract Tower,2,8,5,4,19,0,0,21,0,21,2,8,26,4,40,8,0,8,48
03/06/2021,GRI,NE,ACE,CE,Federal Contract Tower,0,9,4,1,14,0,2,31,7,40,0,11,35,8,54,34,28,62,116
03/07/2021,GRI,NE,ACE,CE,Federal Contract Tower,0,3,4,0,7,0,0,3,0,3,0,3,7,0,10,0,0,0,10
03/08/2021,GRI,NE,ACE,CE,Federal Contract Tower,2,6,8,0,16,0,0,17,0,17,2,6,25,0,33,8,0,8,41
03/09/2021,GRI,NE,ACE,CE,Federal Contract Tower,0,10,7,0,17,0,0,24,5,29,0,10,31,5,46,8,4,12,58
03/10/2021,GRI,NE,ACE,CE,Federal Contract Tower,0,10,3,0,13,0,0,1,2,3,0,10,4,2,16,6,12,18,34
03/11/2021,GRI,NE,ACE,CE,Federal Contract Tower,0,8,10,2,20,0,2,30,14,46,0,10,40,16,66,10,14,24,90
03/12/2021,GRI,NE,ACE,CE,Federal Contract Tower,2,7,3,0,12,0,0,15,2,17,2,7,18,2,29,6,2,8,37
03/13/2021,GRI,NE,ACE,CE,Federal Contract Tower,0,7,0,0,7,0,0,1,0,1,0,7,1,0,8,0,0,0,8
03/14/2021,GRI,NE,ACE,CE,Federal Contract Tower,0,1,1,0,2,0,0,0,0,0,0,1,1,0,2,0,0,0,2
03/15/2021,GRI,NE,ACE,CE,Federal Contract Tower,2,7,3,0,12,0,0,0,0,0,2,7,3,0,12,0,0,0,12
03/16/2021,GRI,NE,ACE,CE,Federal Contract Tower,0,13,2,0,15,0,0,0,0,0,0,13,2,0,15,0,0,0,15
03/17/2021,GRI,NE,ACE,CE,Federal Contract Tower,0,10,3,0,13,0,0,0,4,4,0,10,3,4,17,0,0,0,17
03/18/2021,GRI,NE,ACE,CE,Federal Contract Tower,2,9,4,0,15,0,0,14,10,24,2,9,18,10,39,0,10,10,49
03/19/2021,GRI,NE,ACE,CE,Federal Contract Tower,2,9,5,13,29,0,2,44,4,50,2,11,49,17,79,44,6,50,129
03/20/2021,GRI,NE,ACE,CE,Federal Contract Tower,0,6,1,2,9,0,0,1,0,1,0,6,2,2,10,0,0,0,10
03/21/2021,GRI,NE,ACE,CE,Federal Contract Tower,0,2,2,0,4,0,0,12,1,13,0,2,14,1,17,0,0,0,17
03/22/2021,GRI,NE,ACE,CE,Federal Contract Tower,4,8,4,0,16,0,0,2,0,2,4,8,6,0,18,0,0,0,18
03/23/2021,GRI,NE,ACE,CE,Federal Contract Tower,0,8,4,0,12,0,0,0,0,0,0,8,4,0,12,0,0,0,12
03/24/2021,GRI,NE,ACE,CE,Federal Contract Tower,2,10,9,0,21,0,2,3,0,5,2,12,12,0,26,0,0,0,26
03/25/2021,GRI,NE,ACE,CE,Federal Contract Tower,0,8,9,0,17,0,0,19,16,35,0,8,28,16,52,12,34,46,98
03/26/2021,GRI,NE,ACE,CE,Federal Contract Tower,2,9,5,0,16,0,0,7,5,12,2,9,12,5,28,10,14,24,52
03/27/2021,GRI,NE,ACE,CE,Federal Contract Tower,0,9,2,0,11,0,0,3,2,5,0,9,5,2,16,0,0,0,16
03/28/2021,GRI,NE,ACE,CE,Federal Contract Tower,2,7,4,1,14,0,0,0,0,0,2,7,4,1,14,0,2,2,16
03/29/2021,GRI,NE,ACE,CE,Federal Contract Tower,2,7,2,0,11,0,0,13,0,13,2,7,15,0,24,26,0,26,50
03/30/2021,GRI,NE,ACE,CE,Federal Contract Tower,0,10,4,0,14,0,0,10,2,12,0,10,14,2,26,6,0,6,32
03/31/2021,GRI,NE,ACE,CE,Federal Contract Tower,0,11,7,0,18,0,1,22,6,29,0,12,29,6,47,46,22,68,115
04/01/2021,GRI,NE,ACE,CE,Federal Contract Tower,0,14,6,0,20,0,1,13,3,17,0,15,19,3,37,8,4,12,49
04/02/2021,GRI,NE,ACE,CE,Federal Contract Tower,2,13,4,0,19,0,1,4,0,5,2,14,8,0,24,0,0,0,24
04/03/2021,GRI,NE,ACE,CE,Federal Contract Tower,0,6,2,0,8,0,1,13,0,14,0,7,15,0,22,8,0,8,30
04/04/2021,GRI,NE,ACE,CE,Federal Contract Tower,0,3,4,0,7,0,0,19,0,19,0,3,23,0,26,16,0,16,42
04/05/2021,GRI,NE,ACE,CE,Federal Contract Tower,0,10,3,0,13,0,0,6,0,6,0,10,9,0,19,2,0,2,21
04/06/2021,GRI,NE,ACE,CE,Federal Contract Tower,0,13,4,0,17,0,1,3,4,8,0,14,7,4,25,0,20,20,45
04/07/2021,GRI,NE,ACE,CE,Federal Contract Tower,0,8,1,0,9,0,0,0,0,0,0,8,1,0,9,0,0,0,9
04/08/2021,GRI,NE,ACE,CE,Federal Contract Tower,0,11,7,3,21,0,0,5,2,7,0,11,12,5,28,0,2,2,30
04/09/2021,GRI,NE,ACE,CE,Federal Contract Tower,2,10,2,0,14,0,0,1,3,4,2,10,3,3,18,0,4,4,22
04/10/2021,GRI,NE,ACE,CE,Federal Contract Tower,0,7,13,0,20,0,0,11,5,16,0,7,24,5,36,22,0,22,58
04/11/2021,GRI,NE,ACE,CE,Federal Contract Tower,0,3,0,0,3,0,2,9,1,12,0,5,9,1,15,12,0,12,27
04/12/2021,GRI,NE,ACE,CE,Federal Contract Tower,4,6,3,0,13,0,0,5,0,5,4,6,8,0,18,4,0,4,22
04/13/2021,GRI,NE,ACE,CE,Federal Contract Tower,0,10,4,2,16,0,1,7,3,11,0,11,11,5,27,0,0,0,27
04/14/2021,GRI,NE,ACE,CE,Federal Contract Tower,0,11,2,1,14,0,0,10,6,16,0,11,12,7,30,0,2,2,32
04/15/2021,GRI,NE,ACE,CE,Federal Contract Tower,2,12,4,0,18,0,0,18,5,23,2,12,22,5,41,2,0,2,43
04/16/2021,GRI,NE,ACE,CE,Federal Contract Tower,4,12,6,0,22,0,0,0,0,0,4,12,6,0,22,0,0,0,22
04/17/2021,GRI,NE,ACE,CE,Federal Contract Tower,0,7,3,0,10,0,0,2,0,2,0,7,5,0,12,0,0,0,12
04/18/2021,GRI,NE,ACE,CE,Federal Contract Tower,0,3,3,0,6,0,0,5,4,9,0,3,8,4,15,8,0,8,23
04/19/2021,GRI,NE,ACE,CE,Federal Contract Tower,0,7,1,0,8,0,0,1,0,1,0,7,2,0,9,0,0,0,9
04/20/2021,GRI,NE,ACE,CE,Federal Contract Tower,0,12,9,0,21,0,1,12,2,15,0,13,21,2,36,22,0,22,58
04/21/2021,GRI,NE,ACE,CE,Federal Contract Tower,0,10,9,0,19,0,0,9,2,11,0,10,18,2,30,16,0,16,46
04/22/2021,GRI,NE,ACE,CE,Federal Contract Tower,2,13,11,0,26,0,1,2,8,11,2,14,13,8,37,2,8,10,47
04/23/2021,GRI,NE,ACE,CE,Federal Contract Tower,2,8,2,0,12,0,0,20,7,27,2,8,22,7,39,10,24,34,73
04/24/2021,GRI,NE,ACE,CE,Federal Contract Tower,0,7,2,0,9,0,0,16,0,16,0,7,18,0,25,20,0,20,45
04/25/2021,GRI,NE,ACE,CE,Federal Contract Tower,0,3,2,0,5,0,0,5,0,5,0,3,7,0,10,2,0,2,12
04/26/2021,GRI,NE,ACE,CE,Federal Contract Tower,0,8,8,0,16,0,0,10,0,10,0,8,18,0,26,8,0,8,34
04/27/2021,GRI,NE,ACE,CE,Federal Contract Tower,0,12,14,3,29,0,0,0,1,1,0,12,14,4,30,2,0,2,32
04/28/2021,GRI,NE,ACE,CE,Federal Contract Tower,0,8,9,0,17,0,0,0,1,1,0,8,9,1,18,0,0,0,18
04/29/2021,GRI,NE,ACE,CE,Federal Contract Tower,2,9,10,0,21,0,0,12,6,18,2,9,22,6,39,4,4,8,47
04/30/2021,GRI,NE,ACE,CE,Federal Contract Tower,2,21,8,0,31,0,0,13,5,18,2,21,21,5,49,10,2,12,61
05/01/2021,GRI,NE,ACE,CE,Federal Contract Tower,0,7,2,0,9,0,0,5,0,5,0,7,7,0,14,0,0,0,14
05/02/2021,GRI,NE,ACE,CE,Federal Contract Tower,0,4,2,0,6,0,0,4,2,6,0,4,6,2,12,0,0,0,12
05/03/2021,GRI,NE,ACE,CE,Federal Contract Tower,0,7,2,0,9,0,0,2,0,2,0,7,4,0,11,0,0,0,11
05/04/2021,GRI,NE,ACE,CE,Federal Contract Tower,0,10,4,3,17,0,0,15,6,21,0,10,19,9,38,26,10,36,74
05/05/2021,GRI,NE,ACE,CE,Federal Contract Tower,0,14,6,0,20,0,0,1,3,4,0,14,7,3,24,0,4,4,28
05/07/2021,GRI,NE,ACE,CE,Federal Contract Tower,2,13,9,2,26,0,0,0,0,0,2,13,9,2,26,0,4,4,30
05/08/2021,GRI,NE,ACE,CE,Federal Contract Tower,0,6,5,0,11,0,1,1,0,2,0,7,6,0,13,0,0,0,13
05/09/2021,GRI,NE,ACE,CE,Federal Contract Tower,0,3,5,0,8,0,0,0,0,0,0,3,5,0,8,0,0,0,8
05/10/2021,GRI,NE,ACE,CE,Federal Contract Tower,0,11,6,0,17,0,0,9,0,9,0,11,15,0,26,0,0,0,26
05/11/2021,GRI,NE,ACE,CE,Federal Contract Tower,0,5,3,2,10,0,2,12,5,19,0,7,15,7,29,10,0,10,39
05/12/2021,GRI,NE,ACE,CE,Federal Contract Tower,0,10,3,0,13,0,1,17,0,18,0,11,20,0,31,22,0,22,53
05/13/2021,GRI,NE,ACE,CE,Federal Contract Tower,4,9,9,0,22,0,0,20,2,22,4,9,29,2,44,14,12,26,70
05/14/2021,GRI,NE,ACE,CE,Federal Contract Tower,2,10,1,0,13,0,0,0,0,0,2,10,1,0,13,0,0,0,13
05/15/2021,GRI,NE,ACE,CE,Federal Contract Tower,0,6,4,2,12,0,0,6,0,6,0,6,10,2,18,0,0,0,18
05/16/2021,GRI,NE,ACE,CE,Federal Contract Tower,0,3,1,0,4,0,0,3,0,3,0,3,4,0,7,0,0,0,7
05/17/2021,GRI,NE,ACE,CE,Federal Contract Tower,4,8,5,0,17,0,0,2,0,2,4,8,7,0,19,0,0,0,19
05/18/2021,GRI,NE,ACE,CE,Federal Contract Tower,0,8,9,0,17,0,0,3,0,3,0,8,12,0,20,0,0,0,20
05/19/2021,GRI,NE,ACE,CE,Federal Contract Tower,0,12,6,1,19,0,0,3,3,6,0,12,9,4,25,0,10,10,35
05/20/2021,GRI,NE,ACE,CE,Federal Contract Tower,2,14,4,2,22,0,0,2,0,2,2,14,6,2,24,0,0,0,24
05/21/2021,GRI,NE,ACE,CE,Federal Contract Tower,2,13,3,5,23,0,0,4,0,4,2,13,7,5,27,0,0,0,27
05/22/2021,GRI,NE,ACE,CE,Federal Contract Tower,0,7,4,6,17,0,0,1,1,2,0,7,5,7,19,2,0,2,21
05/23/2021,GRI,NE,ACE,CE,Federal Contract Tower,0,3,3,0,6,0,0,9,0,9,0,3,12,0,15,10,0,10,25
05/24/2021,GRI,NE,ACE,CE,Federal Contract Tower,2,9,1,0,12,0,0,0,0,0,2,9,1,0,12,0,0,0,12
05/25/2021,GRI,NE,ACE,CE,Federal Contract Tower,0,14,5,1,20,0,0,11,7,18,0,14,16,8,38,0,10,10,48
05/26/2021,GRI,NE,ACE,CE,Federal Contract Tower,0,14,8,2,24,0,0,13,1,14,0,14,21,3,38,12,0,12,50
05/27/2021,GRI,NE,ACE,CE,Federal Contract Tower,2,11,12,0,25,0,0,4,2,6,2,11,16,2,31,4,0,4,35
05/28/2021,GRI,NE,ACE,CE,Federal Contract Tower,2,14,8,0,24,0,0,3,0,3,2,14,11,0,27,2,0,2,29
05/29/2021,GRI,NE,ACE,CE,Federal Contract Tower,0,7,3,0,10,0,0,2,0,2,0,7,5,0,12,0,0,0,12
05/30/2021,GRI,NE,ACE,CE,Federal Contract Tower,2,3,0,0,5,0,0,1,0,1,2,3,1,0,6,0,0,0,6
05/31/2021,GRI,NE,ACE,CE,Federal Contract Tower,0,3,6,0,9,0,0,7,0,7,0,3,13,0,16,26,0,26,42
06/01/2021,GRI,NE,ACE,CE,Federal Contract Tower,0,11,4,0,15,0,0,14,2,16,0,11,18,2,31,14,0,14,45
06/02/2021,GRI,NE,ACE,CE,Federal Contract Tower,0,10,9,6,25,0,1,25,6,32,0,11,34,12,57,14,0,14,71
06/03/2021,GRI,NE,ACE,CE,Federal Contract Tower,10,5,0,0,15,0,0,7,8,15,10,5,7,8,30,0,2,2,32
06/04/2021,GRI,NE,ACE,CE,Federal Contract Tower,0,14,8,0,22,0,0,5,0,5,0,14,13,0,27,0,0,0,27
06/05/2021,GRI,NE,ACE,CE,Federal Contract Tower,0,9,4,2,15,0,0,12,3,15,0,9,16,5,30,0,2,2,32
06/06/2021,GRI,NE,ACE,CE,Federal Contract Tower,0,3,4,0,7,0,0,6,2,8,0,3,10,2,15,6,0,6,21
06/07/2021,GRI,NE,ACE,CE,Federal Contract Tower,0,9,9,0,18,0,2,11,0,13,0,11,20,0,31,6,0,6,37
06/08/2021,GRI,NE,ACE,CE,Federal Contract Tower,0,10,11,0,21,0,0,9,3,12,0,10,20,3,33,12,0,12,45
06/09/2021,GRI,NE,ACE,CE,Federal Contract Tower,0,9,5,6,20,0,0,17,0,17,0,9,22,6,37,26,0,26,63
06/10/2021,GRI,NE,ACE,CE,Federal Contract Tower,0,9,7,0,16,0,0,0,0,0,0,9,7,0,16,20,0,20,36
06/11/2021,GRI,NE,ACE,CE,Federal Contract Tower,9,7,2,0,18,0,0,13,0,13,9,7,15,0,31,0,0,0,31
06/12/2021,GRI,NE,ACE,CE,Federal Contract Tower,1,7,4,0,12,0,0,21,6,27,1,7,25,6,39,18,0,18,57
06/13/2021,GRI,NE,ACE,CE,Federal Contract Tower,0,3,1,0,4,0,0,14,2,16,0,3,15,2,20,0,0,0,20
06/14/2021,GRI,NE,ACE,CE,Federal Contract Tower,0,4,5,0,9,0,0,8,1,9,0,4,13,1,18,12,0,12,30
06/15/2021,GRI,NE,ACE,CE,Federal Contract Tower,1,11,11,0,23,0,1,18,2,21,1,12,29,2,44,2,4,6,50
06/16/2021,GRI,NE,ACE,CE,Federal Contract Tower,0,10,7,0,17,0,0,16,6,22,0,10,23,6,39,6,0,6,45
06/17/2021,GRI,NE,ACE,CE,Federal Contract Tower,0,11,4,1,16,0,0,10,12,22,0,11,14,13,38,8,0,8,46
06/18/2021,GRI,NE,ACE,CE,Federal Contract Tower,0,10,6,0,16,0,0,12,4,16,0,10,18,4,32,10,0,10,42
06/19/2021,GRI,NE,ACE,CE,Federal Contract Tower,2,7,1,0,10,0,0,17,0,17,2,7,18,0,27,6,0,6,33
06/20/2021,GRI,NE,ACE,CE,Federal Contract Tower,0,3,2,0,5,0,0,0,0,0,0,3,2,0,5,0,0,0,5
06/21/2021,GRI,NE,ACE,CE,Federal Contract Tower,0,8,3,0,11,0,0,4,0,4,0,8,7,0,15,0,0,0,15
06/22/2021,GRI,NE,ACE,CE,Federal Contract Tower,0,11,9,0,20,0,0,0,0,0,0,11,9,0,20,0,0,0,20
06/23/2021,GRI,NE,ACE,CE,Federal Contract Tower,0,13,7,2,22,0,0,8,2,10,0,13,15,4,32,0,0,0,32
06/24/2021,GRI,NE,ACE,CE,Federal Contract Tower,0,14,13,0,27,0,2,17,5,24,0,16,30,5,51,18,14,32,83
06/25/2021,GRI,NE,ACE,CE,Federal Contract Tower,0,9,9,0,18,0,0,7,2,9,0,9,16,2,27,0,0,0,27
06/26/2021,GRI,NE,ACE,CE,Federal Contract Tower,0,7,6,0,13,0,0,0,0,0,0,7,6,0,13,0,0,0,13
06/27/2021,GRI,NE,ACE,CE,Federal Contract Tower,0,3,4,4,11,0,0,5,0,5,0,3,9,4,16,0,0,0,16
06/28/2021,GRI,NE,ACE,CE,Federal Contract Tower,0,8,7,0,15,0,0,12,0,12,0,8,19,0,27,18,0,18,45
06/29/2021,GRI,NE,ACE,CE,Federal Contract Tower,0,14,5,1,20,0,0,19,1,20,0,14,24,2,40,28,0,28,68
06/30/2021,GRI,NE,ACE,CE,Federal Contract Tower,0,10,9,0,19,0,0,9,3,12,0,10,18,3,31,2,0,2,33
07/01/2021,GRI,NE,ACE,CE,Federal Contract Tower,0,10,4,0,14,0,0,15,0,15,0,10,19,0,29,12,0,12,41
07/02/2021,GRI,NE,ACE,CE,Federal Contract Tower,0,9,5,0,14,0,0,8,0,8,0,9,13,0,22,22,0,22,44
07/03/2021,GRI,NE,ACE,CE,Federal Contract Tower,0,7,9,0,16,0,0,6,2,8,0,7,15,2,24,0,0,0,24
07/04/2021,GRI,NE,ACE,CE,Federal Contract Tower,0,3,2,1,6,0,0,7,0,7,0,3,9,1,13,0,6,6,19
07/05/2021,GRI,NE,ACE,CE,Federal Contract Tower,0,3,0,0,3,0,0,15,0,15,0,3,15,0,18,10,0,10,28
07/06/2021,GRI,NE,ACE,CE,Federal Contract Tower,0,9,6,0,15,0,0,2,1,3,0,9,8,1,18,2,0,2,20
07/07/2021,GRI,NE,ACE,CE,Federal Contract Tower,0,8,3,3,14,0,0,11,9,20,0,8,14,12,34,18,2,20,54
07/08/2021,GRI,NE,ACE,CE,Federal Contract Tower,0,11,5,0,16,0,0,12,0,12,0,11,17,0,28,34,0,34,62
07/09/2021,GRI,NE,ACE,CE,Federal Contract Tower,0,9,2,0,11,0,0,14,0,14,0,9,16,0,25,34,0,34,59
07/10/2021,GRI,NE,ACE,CE,Federal Contract Tower,0,7,3,0,10,0,0,7,0,7,0,7,10,0,17,18,0,18,35
07/11/2021,GRI,NE,ACE,CE,Federal Contract Tower,0,3,2,0,5,0,0,14,0,14,0,3,16,0,19,28,0,28,47
07/12/2021,GRI,NE,ACE,CE,Federal Contract Tower,0,6,4,2,12,0,0,13,0,13,0,6,17,2,25,12,8,20,45
07/13/2021,GRI,NE,ACE,CE,Federal Contract Tower,0,10,9,0,19,0,0,19,0,19,0,10,28,0,38,26,0,26,64
07/14/2021,GRI,NE,ACE,CE,Federal Contract Tower,2,12,8,0,22,0,0,3,6,9,2,12,11,6,31,2,0,2,33
07/15/2021,GRI,NE,ACE,CE,Federal Contract Tower,0,8,7,2,17,0,0,5,0,5,0,8,12,2,22,0,0,0,22
07/16/2021,GRI,NE,ACE,CE,Federal Contract Tower,0,10,5,3,18,0,0,10,1,11,0,10,15,4,29,20,8,28,57
07/17/2021,GRI,NE,ACE,CE,Federal Contract Tower,0,7,16,1,24,0,0,10,3,13,0,7,26,4,37,2,0,2,39
07/18/2021,GRI,NE,ACE,CE,Federal Contract Tower,0,3,2,0,5,0,0,9,0,9,0,3,11,0,14,36,0,36,50
07/19/2021,GRI,NE,ACE,CE,Federal Contract Tower,2,8,12,0,22,0,0,19,0,19,2,8,31,0,41,16,0,16,57
07/20/2021,GRI,NE,ACE,CE,Federal Contract Tower,0,8,9,0,17,0,0,16,0,16,0,8,25,0,33,12,0,12,45
07/21/2021,GRI,NE,ACE,CE,Federal Contract Tower,0,11,8,0,19,0,0,16,2,18,0,11,24,2,37,20,0,20,57
07/22/2021,GRI,NE,ACE,CE,Federal Contract Tower,0,9,7,0,16,0,0,16,0,16,0,9,23,0,32,16,0,16,48
07/23/2021,GRI,NE,ACE,CE,Federal Contract Tower,2,10,2,0,14,0,0,18,3,21,2,10,20,3,35,6,10,16,51
07/24/2021,GRI,NE,ACE,CE,Federal Contract Tower,0,7,12,0,19,0,0,7,3,10,0,7,19,3,29,12,0,12,41
07/25/2021,GRI,NE,ACE,CE,Federal Contract Tower,0,3,2,0,5,0,0,10,0,10,0,3,12,0,15,2,0,2,17
07/26/2021,GRI,NE,ACE,CE,Federal Contract Tower,0,6,9,0,15,0,0,3,0,3,0,6,12,0,18,6,0,6,24
07/27/2021,GRI,NE,ACE,CE,Federal Contract Tower,0,10,6,0,16,0,0,9,7,16,0,10,15,7,32,10,6,16,48
07/28/2021,GRI,NE,ACE,CE,Federal Contract Tower,0,10,8,0,18,0,0,10,2,12,0,10,18,2,30,0,0,0,30
07/29/2021,GRI,NE,ACE,CE,Federal Contract Tower,0,10,9,0,19,0,0,15,0,15,0,10,24,0,34,0,0,0,34
07/30/2021,GRI,NE,ACE,CE,Federal Contract Tower,0,8,12,0,20,0,0,14,0,14,0,8,26,0,34,0,0,0,34
07/31/2021,GRI,NE,ACE,CE,Federal Contract Tower,0,13,6,0,19,0,0,0,0,0,0,13,6,0,19,0,0,0,19
08/01/2021,GRI,NE,ACE,CE,Federal Contract Tower,0,5,7,0,12,0,0,9,0,9,0,5,16,0,21,20,0,20,41
08/02/2021,GRI,NE,ACE,CE,Federal Contract Tower,0,8,1,0,9,0,0,9,0,9,0,8,10,0,18,12,0,12,30
08/03/2021,GRI,NE,ACE,CE,Federal Contract Tower,0,9,6,0,15,0,0,11,2,13,0,9,17,2,28,16,0,16,44
08/04/2021,GRI,NE,ACE,CE,Federal Contract Tower,0,9,4,0,13,0,0,9,0,9,0,9,13,0,22,0,0,0,22
08/05/2021,GRI,NE,ACE,CE,Federal Contract Tower,0,8,1,0,9,0,0,18,0,18,0,8,19,0,27,12,0,12,39
08/06/2021,GRI,NE,ACE,CE,Federal Contract Tower,2,10,10,1,23,0,0,20,1,21,2,10,30,2,44,2,2,4,48
08/07/2021,GRI,NE,ACE,CE,Federal Contract Tower,0,7,1,0,8,0,0,7,3,10,0,7,8,3,18,0,0,0,18
08/08/2021,GRI,NE,ACE,CE,Federal Contract Tower,0,3,2,0,5,0,0,13,2,15,0,3,15,2,20,6,0,6,26
08/09/2021,GRI,NE,ACE,CE,Federal Contract Tower,2,6,11,0,19,0,0,14,0,14,2,6,25,0,33,22,0,22,55
08/10/2021,GRI,NE,ACE,CE,Federal Contract Tower,0,12,8,0,20,0,0,16,6,22,0,12,24,6,42,18,0,18,60
08/11/2021,GRI,NE,ACE,CE,Federal Contract Tower,0,6,3,2,11,0,2,10,1,13,0,8,13,3,24,12,0,12,36
08/12/2021,GRI,NE,ACE,CE,Federal Contract Tower,0,9,8,2,19,0,0,25,4,29,0,9,33,6,48,32,2,34,82
08/13/2021,GRI,NE,ACE,CE,Federal Contract Tower,2,9,12,0,23,0,0,26,0,26,2,9,38,0,49,56,0,56,105
08/14/2021,GRI,NE,ACE,CE,Federal Contract Tower,0,5,6,3,14,0,0,16,1,17,0,5,22,4,31,18,6,24,55
08/15/2021,GRI,NE,ACE,CE,Federal Contract Tower,0,5,5,0,10,0,0,14,0,14,0,5,19,0,24,0,0,0,24
08/16/2021,GRI,NE,ACE,CE,Federal Contract Tower,2,7,3,0,12,0,0,13,0,13,2,7,16,0,25,2,0,2,27
08/17/2021,GRI,NE,ACE,CE,Federal Contract Tower,0,8,12,3,23,0,4,12,7,23,0,12,24,10,46,0,4,4,50
08/18/2021,GRI,NE,ACE,CE,Federal Contract Tower,0,9,4,0,13,0,0,4,0,4,0,9,8,0,17,0,0,0,17
08/19/2021,GRI,NE,ACE,CE,Federal Contract Tower,4,10,15,0,29,0,0,4,3,7,4,10,19,3,36,0,6,6,42
08/20/2021,GRI,NE,ACE,CE,Federal Contract Tower,0,9,9,0,18,0,0,4,0,4,0,9,13,0,22,0,0,0,22
08/21/2021,GRI,NE,ACE,CE,Federal Contract Tower,0,8,2,0,10,0,0,12,0,12,0,8,14,0,22,6,0,6,28
08/22/2021,GRI,NE,ACE,CE,Federal Contract Tower,2,5,3,0,10,0,0,1,0,1,2,5,4,0,11,0,0,0,11
08/23/2021,GRI,NE,ACE,CE,Federal Contract Tower,2,7,4,6,19,0,0,4,0,4,2,7,8,6,23,18,0,18,41
08/24/2021,GRI,NE,ACE,CE,Federal Contract Tower,0,9,6,0,15,0,0,8,4,12,0,9,14,4,27,8,8,16,43
08/25/2021,GRI,NE,ACE,CE,Federal Contract Tower,0,10,9,1,20,0,0,6,0,6,0,10,15,1,26,14,0,14,40
08/26/2021,GRI,NE,ACE,CE,Federal Contract Tower,2,9,3,10,24,0,2,10,2,14,2,11,13,12,38,6,0,6,44
08/27/2021,GRI,NE,ACE,CE,Federal Contract Tower,0,11,5,2,18,0,0,11,4,15,0,11,16,6,33,26,6,32,65
08/28/2021,GRI,NE,ACE,CE,Federal Contract Tower,0,6,2,0,8,0,1,7,1,9,0,7,9,1,17,0,0,0,17
08/29/2021,GRI,NE,ACE,CE,Federal Contract Tower,2,3,5,0,10,0,0,6,0,6,2,3,11,0,16,0,0,0,16
08/30/2021,GRI,NE,ACE,CE,Federal Contract Tower,1,7,10,0,18,0,0,10,0,10,1,7,20,0,28,18,0,18,46
08/31/2021,GRI,NE,ACE,CE,Federal Contract Tower,0,9,5,0,14,0,2,24,2,28,0,11,29,2,42,14,0,14,56
09/01/2021,GRI,NE,ACE,CE,Federal Contract Tower,0,10,8,0,18,0,0,4,4,8,0,10,12,4,26,0,18,18,44
09/02/2021,GRI,NE,ACE,CE,Federal Contract Tower,2,15,7,0,24,0,0,1,0,1,2,15,8,0,25,0,0,0,25
09/03/2021,GRI,NE,ACE,CE,Federal Contract Tower,2,9,7,0,18,0,0,12,0,12,2,9,19,0,30,2,0,2,32
09/05/2021,GRI,NE,ACE,CE,Federal Contract Tower,2,3,5,0,10,0,0,10,0,10,2,3,15,0,20,0,0,0,20
09/06/2021,GRI,NE,ACE,CE,Federal Contract Tower,2,3,6,0,11,0,0,9,0,9,2,3,15,0,20,0,0,0,20
09/07/2021,GRI,NE,ACE,CE,Federal Contract Tower,0,7,5,0,12,0,4,8,1,13,0,11,13,1,25,8,0,8,33
09/08/2021,GRI,NE,ACE,CE,Federal Contract Tower,0,9,7,0,16,0,0,7,1,8,0,9,14,1,24,12,0,12,36
09/09/2021,GRI,NE,ACE,CE,Federal Contract Tower,2,9,4,0,15,0,0,10,4,14,2,9,14,4,29,16,10,26,55
09/10/2021,GRI,NE,ACE,CE,Federal Contract Tower,0,9,7,0,16,0,0,15,4,19,0,9,22,4,35,28,0,28,63
09/11/2021,GRI,NE,ACE,CE,Federal Contract Tower,0,8,6,0,14,0,0,12,6,18,0,8,18,6,32,14,0,14,46
09/12/2021,GRI,NE,ACE,CE,Federal Contract Tower,2,3,5,0,10,0,0,0,0,0,2,3,5,0,10,0,0,0,10
09/13/2021,GRI,NE,ACE,CE,Federal Contract Tower,0,6,9,2,17,0,0,9,0,9,0,6,18,2,26,26,0,26,52
09/14/2021,GRI,NE,ACE,CE,Federal Contract Tower,0,13,12,0,25,0,2,8,6,16,0,15,20,6,41,12,0,12,53
09/15/2021,GRI,NE,ACE,CE,Federal Contract Tower,0,9,17,0,26,0,2,30,4,36,0,11,47,4,62,6,0,6,68
09/16/2021,GRI,NE,ACE,CE,Federal Contract Tower,1,8,18,2,29,0,0,22,3,25,1,8,40,5,54,0,0,0,54
09/17/2021,GRI,NE,ACE,CE,Federal Contract Tower,1,8,4,0,13,0,0,16,9,25,1,8,20,9,38,8,0,8,46
09/18/2021,GRI,NE,ACE,CE,Federal Contract Tower,0,10,6,0,16,0,2,8,0,10,0,12,14,0,26,0,0,0,26
09/19/2021,GRI,NE,ACE,CE,Federal Contract Tower,4,3,5,0,12,0,2,1,0,3,4,5,6,0,15,0,0,0,15
09/20/2021,GRI,NE,ACE,CE,Federal Contract Tower,0,8,11,0,19,0,0,4,1,5,0,8,15,1,24,0,0,0,24
09/21/2021,GRI,NE,ACE,CE,Federal Contract Tower,0,9,14,0,23,0,4,15,2,21,0,13,29,2,44,12,0,12,56
09/22/2021,GRI,NE,ACE,CE,Federal Contract Tower,0,8,2,0,10,0,3,24,7,34,0,11,26,7,44,10,0,10,54
09/23/2021,GRI,NE,ACE,CE,Federal Contract Tower,2,11,15,0,28,0,0,9,4,13,2,11,24,4,41,20,10,30,71
09/24/2021,GRI,NE,ACE,CE,Federal Contract Tower,0,8,4,0,12,0,1,11,4,16,0,9,15,4,28,0,0,0,28
09/25/2021,GRI,NE,ACE,CE,Federal Contract Tower,0,8,7,0,15,0,2,0,0,2,0,10,7,0,17,0,0,0,17
09/26/2021,GRI,NE,ACE,CE,Federal Contract Tower,2,3,11,0,16,0,3,16,0,19,2,6,27,0,35,20,0,20,55
09/27/2021,GRI,NE,ACE,CE,Federal Contract Tower,2,7,8,0,17,0,2,15,0,17,2,9,23,0,34,6,0,6,40
09/28/2021,GRI,NE,ACE,CE,Federal Contract Tower,0,11,3,0,14,0,0,7,6,13,0,11,10,6,27,16,10,26,53
09/29/2021,GRI,NE,ACE,CE,Federal Contract Tower,0,8,6,0,14,0,0,8,1,9,0,8,14,1,23,16,0,16,39
09/30/2021,GRI,NE,ACE,CE,Federal Contract Tower,2,10,7,0,19,0,0,0,0,0,2,10,7,0,19,0,0,0,19
10/01/2021,GRI,NE,ACE,CE,Federal Contract Tower,2,10,2,1,15,0,0,1,0,1,2,10,3,1,16,0,0,0,16
10/02/2021,GRI,NE,ACE,CE,Federal Contract Tower,0,11,7,0,18,0,0,2,0,2,0,11,9,0,20,0,0,0,20
10/03/2021,GRI,NE,ACE,CE,Federal Contract Tower,2,5,3,0,10,0,1,12,0,13,2,6,15,0,23,6,0,6,29
10/04/2021,GRI,NE,ACE,CE,Federal Contract Tower,2,6,6,0,14,0,0,10,2,12,2,6,16,2,26,6,0,6,32
10/05/2021,GRI,NE,ACE,CE,Federal Contract Tower,0,11,7,2,20,0,0,10,0,10,0,11,17,2,30,10,0,10,40
10/06/2021,GRI,NE,ACE,CE,Federal Contract Tower,0,9,6,3,18,0,0,3,0,3,0,9,9,3,21,0,0,0,21
10/07/2021,GRI,NE,ACE,CE,Federal Contract Tower,2,10,8,0,20,0,0,0,0,0,2,10,8,0,20,10,4,14,34
10/08/2021,GRI,NE,ACE,CE,Federal Contract Tower,0,11,6,0,17,0,2,6,1,9,0,13,12,1,26,8,0,8,34
10/09/2021,GRI,NE,ACE,CE,Federal Contract Tower,0,7,9,0,16,0,0,14,0,14,0,7,23,0,30,10,0,10,40
10/10/2021,GRI,NE,ACE,CE,Federal Contract Tower,1,5,7,0,13,0,0,10,0,10,1,5,17,0,23,0,0,0,23
10/11/2021,GRI,NE,ACE,CE,Federal Contract Tower,0,9,18,0,27,0,0,20,0,20,0,9,38,0,47,38,0,38,85
10/12/2021,GRI,NE,ACE,CE,Federal Contract Tower,0,10,13,0,23,0,1,10,0,11,0,11,23,0,34,4,0,4,38
10/13/2021,GRI,NE,ACE,CE,Federal Contract Tower,0,8,3,0,11,0,0,0,0,0,0,8,3,0,11,0,0,0,11
10/14/2021,GRI,NE,ACE,CE,Federal Contract Tower,2,12,10,0,24,0,1,25,6,32,2,13,35,6,56,34,2,36,92
10/15/2021,GRI,NE,ACE,CE,Federal Contract Tower,0,12,6,0,18,0,0,0,0,0,0,12,6,0,18,0,12,12,30
10/16/2021,GRI,NE,ACE,CE,Federal Contract Tower,0,7,1,0,8,0,2,10,13,25,0,9,11,13,33,0,0,0,33
10/17/2021,GRI,NE,ACE,CE,Federal Contract Tower,0,3,9,0,12,0,0,7,0,7,0,3,16,0,19,0,0,0,19
10/18/2021,GRI,NE,ACE,CE,Federal Contract Tower,0,10,8,2,20,0,0,13,0,13,0,10,21,2,33,2,0,2,35
10/19/2021,GRI,NE,ACE,CE,Federal Contract Tower,0,10,9,2,21,0,0,7,0,7,0,10,16,2,28,0,0,0,28
10/20/2021,GRI,NE,ACE,CE,Federal Contract Tower,0,8,2,0,10,0,0,1,0,1,0,8,3,0,11,0,0,0,11
10/21/2021,GRI,NE,ACE,CE,Federal Contract Tower,0,11,5,3,19,0,0,17,6,23,0,11,22,9,42,16,0,16,58
10/22/2021,GRI,NE,ACE,CE,Federal Contract Tower,10,2,0,0,12,0,0,20,0,20,10,2,20,0,32,10,0,10,42
10/23/2021,GRI,NE,ACE,CE,Federal Contract Tower,0,7,2,0,9,0,2,5,0,7,0,9,7,0,16,2,0,2,18
10/24/2021,GRI,NE,ACE,CE,Federal Contract Tower,1,5,4,0,10,0,0,0,0,0,1,5,4,0,10,0,0,0,10
10/25/2021,GRI,NE,ACE,CE,Federal Contract Tower,0,6,11,0,17,0,0,0,0,0,0,6,11,0,17,0,0,0,17
10/26/2021,GRI,NE,ACE,CE,Federal Contract Tower,0,8,7,0,15,0,0,0,0,0,0,8,7,0,15,0,0,0,15
10/27/2021,GRI,NE,ACE,CE,Federal Contract Tower,0,10,4,0,14,0,0,0,0,0,0,10,4,0,14,0,0,0,14
10/28/2021,GRI,NE,ACE,CE,Federal Contract Tower,2,8,6,0,16,0,0,0,0,0,2,8,6,0,16,0,0,0,16
10/29/2021,GRI,NE,ACE,CE,Federal Contract Tower,0,11,5,0,16,0,0,20,9,29,0,11,25,9,45,8,22,30,75
10/30/2021,GRI,NE,ACE,CE,Federal Contract Tower,0,8,4,0,12,0,0,10,0,10,0,8,14,0,22,8,0,8,30
10/31/2021,GRI,NE,ACE,CE,Federal Contract Tower,2,3,1,0,6,0,0,6,0,6,2,3,7,0,12,0,0,0,12
11/01/2021,GRI,NE,ACE,CE,Federal Contract Tower,0,7,5,0,12,0,0,0,0,0,0,7,5,0,12,0,0,0,12
11/02/2021,GRI,NE,ACE,CE,Federal Contract Tower,0,10,8,0,18,0,0,3,12,15,0,10,11,12,33,6,10,16,49
11/03/2021,GRI,NE,ACE,CE,Federal Contract Tower,0,9,6,0,15,0,0,2,16,18,0,9,8,16,33,12,12,24,57
11/04/2021,GRI,NE,ACE,CE,Federal Contract Tower,2,11,6,2,21,0,0,17,11,28,2,11,23,13,49,2,0,2,51
11/05/2021,GRI,NE,ACE,CE,Federal Contract Tower,0,11,5,0,16,0,0,14,2,16,0,11,19,2,32,12,0,12,44
11/06/2021,GRI,NE,ACE,CE,Federal Contract Tower,0,7,1,4,12,0,2,6,4,12,0,9,7,8,24,2,0,2,26
11/07/2021,GRI,NE,ACE,CE,Federal Contract Tower,2,3,2,0,7,0,0,9,1,10,2,3,11,1,17,10,0,10,27
11/08/2021,GRI,NE,ACE,CE,Federal Contract Tower,1,7,3,0,11,0,0,9,0,9,1,7,12,0,20,2,0,2,22
11/09/2021,GRI,NE,ACE,CE,Federal Contract Tower,0,11,9,2,22,0,0,20,5,25,0,11,29,7,47,18,14,32,79
11/10/2021,GRI,NE,ACE,CE,Federal Contract Tower,0,10,13,0,23,0,0,3,0,3,0,10,16,0,26,0,0,0,26
11/11/2021,GRI,NE,ACE,CE,Federal Contract Tower,2,10,3,0,15,0,2,2,0,4,2,12,5,0,19,0,0,0,19
11/12/2021,GRI,NE,ACE,CE,Federal Contract Tower,0,10,10,0,20,0,0,0,0,0,0,10,10,0,20,0,0,0,20
11/13/2021,GRI,NE,ACE,CE,Federal Contract Tower,0,7,3,0,10,0,2,5,0,7,0,9,8,0,17,0,0,0,17
11/14/2021,GRI,NE,ACE,CE,Federal Contract Tower,2,3,6,0,11,0,0,3,0,3,2,3,9,0,14,0,0,0,14
11/15/2021,GRI,NE,ACE,CE,Federal Contract Tower,1,6,4,0,11,0,0,6,0,6,1,6,10,0,17,4,0,4,21
11/16/2021,GRI,NE,ACE,CE,Federal Contract Tower,0,10,6,0,16,0,0,9,9,18,0,10,15,9,34,16,0,16,50
11/17/2021,GRI,NE,ACE,CE,Federal Contract Tower,0,8,1,0,9,0,0,16,5,21,0,8,17,5,30,0,0,0,30
11/18/2021,GRI,NE,ACE,CE,Federal Contract Tower,0,9,2,1,12,0,0,10,5,15,0,9,12,6,27,8,0,8,35
11/19/2021,GRI,NE,ACE,CE,Federal Contract Tower,0,9,2,2,13,0,0,12,3,15,0,9,14,5,28,2,2,4,32
11/20/2021,GRI,NE,ACE,CE,Federal Contract Tower,0,9,5,0,14,0,0,16,0,16,0,9,21,0,30,12,0,12,42
11/21/2021,GRI,NE,ACE,CE,Federal Contract Tower,0,3,5,0,8,0,2,2,0,4,0,5,7,0,12,0,0,0,12
11/22/2021,GRI,NE,ACE,CE,Federal Contract Tower,2,7,2,0,11,0,0,10,0,10,2,7,12,0,21,4,0,4,25
11/23/2021,GRI,NE,ACE,CE,Federal Contract Tower,0,11,8,0,19,0,0,11,8,19,0,11,19,8,38,2,12,14,52
11/24/2021,GRI,NE,ACE,CE,Federal Contract Tower,4,11,5,0,20,0,0,17,2,19,4,11,22,2,39,4,0,4,43
11/25/2021,GRI,NE,ACE,CE,Federal Contract Tower,0,2,1,0,3,0,0,0,0,0,0,2,1,0,3,0,0,0,3
11/26/2021,GRI,NE,ACE,CE,Federal Contract Tower,2,7,2,0,11,0,2,5,0,7,2,9,7,0,18,6,0,6,24
11/27/2021,GRI,NE,ACE,CE,Federal Contract Tower,2,7,6,0,15,0,0,0,0,0,2,7,6,0,15,0,0,0,15
11/28/2021,GRI,NE,ACE,CE,Federal Contract Tower,2,3,4,0,9,0,0,6,0,6,2,3,10,0,15,6,0,6,21
11/29/2021,GRI,NE,ACE,CE,Federal Contract Tower,2,6,3,0,11,0,0,7,0,7,2,6,10,0,18,4,0,4,22
11/30/2021,GRI,NE,ACE,CE,Federal Contract Tower,0,12,12,0,24,0,0,6,6,12,0,12,18,6,36,2,12,14,50
12/01/2021,GRI,NE,ACE,CE,Federal Contract Tower,0,11,9,0,20,0,2,11,4,17,0,13,20,4,37,0,0,0,37
12/02/2021,GRI,NE,ACE,CE,Federal Contract Tower,12,5,3,0,20,0,0,33,13,46,12,5,36,13,66,16,14,30,96
12/03/2021,GRI,NE,ACE,CE,Federal Contract Tower,2,8,3,2,15,0,0,5,0,5,2,8,8,2,20,0,0,0,20
12/04/2021,GRI,NE,ACE,CE,Federal Contract Tower,0,6,4,0,10,0,0,1,0,1,0,6,5,0,11,0,0,0,11
12/05/2021,GRI,NE,ACE,CE,Federal Contract Tower,0,3,11,0,14,0,0,4,0,4,0,3,15,0,18,8,0,8,26
12/06/2021,GRI,NE,ACE,CE,Federal Contract Tower,2,6,8,3,19,0,0,8,1,9,2,6,16,4,28,0,0,0,28
12/07/2021,GRI,NE,ACE,CE,Federal Contract Tower,0,8,3,2,13,0,0,10,8,18,0,8,13,10,31,0,0,0,31
12/08/2021,GRI,NE,ACE,CE,Federal Contract Tower,0,14,7,2,23,0,1,5,8,14,0,15,12,10,37,6,6,12,49
12/09/2021,GRI,NE,ACE,CE,Federal Contract Tower,2,14,13,0,29,0,0,25,10,35,2,14,38,10,64,14,10,24,88
12/10/2021,GRI,NE,ACE,CE,Federal Contract Tower,2,15,2,0,19,0,0,0,0,0,2,15,2,0,19,0,0,0,19
12/11/2021,GRI,NE,ACE,CE,Federal Contract Tower,0,7,1,0,8,0,0,2,0,2,0,7,3,0,10,34,0,34,44
12/12/2021,GRI,NE,ACE,CE,Federal Contract Tower,0,3,1,0,4,0,0,4,0,4,0,3,5,0,8,0,0,0,8
12/13/2021,GRI,NE,ACE,CE,Federal Contract Tower,2,9,6,0,17,0,0,17,0,17,2,9,23,0,34,6,0,6,40
12/14/2021,GRI,NE,ACE,CE,Federal Contract Tower,0,9,6,1,16,0,0,12,10,22,0,9,18,11,38,14,4,18,56
12/15/2021,GRI,NE,ACE,CE,Federal Contract Tower,0,6,1,0,7,0,0,1,0,1,0,6,2,0,8,0,0,0,8
12/16/2021,GRI,NE,ACE,CE,Federal Contract Tower,0,8,12,0,20,0,0,3,11,14,0,8,15,11,34,8,18,26,60
12/17/2021,GRI,NE,ACE,CE,Federal Contract Tower,2,13,14,1,30,0,0,9,0,9,2,13,23,1,39,0,0,0,39
12/18/2021,GRI,NE,ACE,CE,Federal Contract Tower,0,10,7,0,17,0,0,12,0,12,0,10,19,0,29,50,0,50,79
12/19/2021,GRI,NE,ACE,CE,Federal Contract Tower,2,3,4,0,9,0,0,10,0,10,2,3,14,0,19,24,0,24,43
12/20/2021,GRI,NE,ACE,CE,Federal Contract Tower,2,7,2,0,11,0,2,4,0,6,2,9,6,0,17,4,0,4,21
12/21/2021,GRI,NE,ACE,CE,Federal Contract Tower,0,11,6,0,17,0,0,3,5,8,0,11,9,5,25,2,0,2,27
12/22/2021,GRI,NE,ACE,CE,Federal Contract Tower,2,13,2,2,19,0,2,13,4,19,2,15,15,6,38,12,6,18,56
12/23/2021,GRI,NE,ACE,CE,Federal Contract Tower,2,11,8,0,21,0,0,16,0,16,2,11,24,0,37,20,0,20,57
12/24/2021,GRI,NE,ACE,CE,Federal Contract Tower,0,6,3,0,9,0,0,10,0,10,0,6,13,0,19,6,0,6,25
12/25/2021,GRI,NE,ACE,CE,Federal Contract Tower,0,3,0,0,3,0,3,1,0,4,0,6,1,0,7,0,0,0,7
12/26/2021,GRI,NE,ACE,CE,Federal Contract Tower,2,7,13,0,22,0,0,2,0,2,2,7,15,0,24,0,0,0,24
12/27/2021,GRI,NE,ACE,CE,Federal Contract Tower,2,8,9,0,19,0,0,12,0,12,2,8,21,0,31,6,0,6,37
12/28/2021,GRI,NE,ACE,CE,Federal Contract Tower,0,9,5,0,14,0,0,9,0,9,0,9,14,0,23,0,0,0,23
12/29/2021,GRI,NE,ACE,CE,Federal Contract Tower,2,7,5,0,14,0,0,4,0,4,2,7,9,0,18,0,0,0,18
12/30/2021,GRI,NE,ACE,CE,Federal Contract Tower,3,12,5,0,20,0,0,11,0,11,3,12,16,0,31,12,0,12,43
12/31/2021,GRI,NE,ACE,CE,Federal Contract Tower,2,6,10,0,18,0,0,4,0,4,2,6,14,0,22,0,0,0,22
01/01/2022,GRI,NE,ACE,CE,Federal Contract Tower,0,3,0,0,3,0,0,0,0,0,0,3,0,0,3,0,0,0,3
01/02/2022,GRI,NE,ACE,CE,Federal Contract Tower,2,3,6,0,11,0,0,0,0,0,2,3,6,0,11,0,0,0,11
01/03/2022,GRI,NE,ACE,CE,Federal Contract Tower,0,10,6,0,16,0,0,2,0,2,0,10,8,0,18,0,0,0,18
01/04/2022,GRI,NE,ACE,CE,Federal Contract Tower,0,9,6,0,15,0,0,1,0,1,0,9,7,0,16,0,0,0,16
01/05/2022,GRI,NE,ACE,CE,Federal Contract Tower,0,10,7,0,17,0,0,0,0,0,0,10,7,0,17,0,4,4,21
01/06/2022,GRI,NE,ACE,CE,Federal Contract Tower,2,8,4,0,14,0,0,6,0,6,2,8,10,0,20,4,0,4,24
01/07/2022,GRI,NE,ACE,CE,Federal Contract Tower,2,11,9,0,22,0,2,7,0,9,2,13,16,0,31,6,0,6,37
01/08/2022,GRI,NE,ACE,CE,Federal Contract Tower,0,7,1,0,8,0,0,6,6,12,0,7,7,6,20,8,4,12,32
01/09/2022,GRI,NE,ACE,CE,Federal Contract Tower,2,3,2,0,7,0,0,6,2,8,2,3,8,2,15,6,0,6,21
01/10/2022,GRI,NE,ACE,CE,Federal Contract Tower,2,8,6,0,16,0,0,12,0,12,2,8,18,0,28,12,0,12,40
01/11/2022,GRI,NE,ACE,CE,Federal Contract Tower,0,8,3,0,11,0,0,7,9,16,0,8,10,9,27,8,32,40,67
01/12/2022,GRI,NE,ACE,CE,Federal Contract Tower,1,12,5,0,18,0,1,9,0,10,1,13,14,0,28,14,0,14,42
01/13/2022,GRI,NE,ACE,CE,Federal Contract Tower,2,8,13,5,28,0,0,6,13,19,2,8,19,18,47,0,16,16,63
01/14/2022,GRI,NE,ACE,CE,Federal Contract Tower,2,7,1,0,10,0,0,0,0,0,2,7,1,0,10,0,0,0,10
01/15/2022,GRI,NE,ACE,CE,Federal Contract Tower,0,7,5,0,12,0,0,5,0,5,0,7,10,0,17,4,0,4,21
01/16/2022,GRI,NE,ACE,CE,Federal Contract Tower,4,5,5,0,14,0,0,6,0,6,4,5,11,0,20,0,0,0,20
01/17/2022,GRI,NE,ACE,CE,Federal Contract Tower,0,6,1,0,7,0,0,6,0,6,0,6,7,0,13,2,0,2,15
01/18/2022,GRI,NE,ACE,CE,Federal Contract Tower,0,8,8,0,16,0,0,4,0,4,0,8,12,0,20,0,0,0,20
01/19/2022,GRI,NE,ACE,CE,Federal Contract Tower,1,8,4,1,14,0,0,1,1,2,1,8,5,2,16,0,0,0,16
01/20/2022,GRI,NE,ACE,CE,Federal Contract Tower,4,11,7,2,24,0,0,8,14,22,4,11,15,16,46,8,24,32,78
01/21/2022,GRI,NE,ACE,CE,Federal Contract Tower,2,11,7,0,20,0,0,2,4,6,2,11,9,4,26,6,0,6,32
01/22/2022,GRI,NE,ACE,CE,Federal Contract Tower,0,7,3,0,10,0,0,9,5,14,0,7,12,5,24,0,0,0,24
01/23/2022,GRI,NE,ACE,CE,Federal Contract Tower,2,3,0,0,5,0,0,4,0,4,2,3,4,0,9,0,0,0,9
01/24/2022,GRI,NE,ACE,CE,Federal Contract Tower,2,7,7,0,16,0,0,0,0,0,2,7,7,0,16,2,0,2,18
01/25/2022,GRI,NE,ACE,CE,Federal Contract Tower,0,12,5,0,17,0,0,2,7,9,0,12,7,7,26,2,16,18,44
01/26/2022,GRI,NE,ACE,CE,Federal Contract Tower,1,8,3,0,12,0,0,1,6,7,1,8,4,6,19,0,0,0,19
01/27/2022,GRI,NE,ACE,CE,Federal Contract Tower,2,10,6,0,18,0,0,3,18,21,2,10,9,18,39,0,54,54,93
01/28/2022,GRI,NE,ACE,CE,Federal Contract Tower,0,0,10,0,10,0,0,15,3,18,0,0,25,3,28,0,0,0,28
01/29/2022,GRI,NE,ACE,CE,Federal Contract Tower,0,7,3,0,10,0,0,3,0,3,0,7,6,0,13,0,0,0,13
01/30/2022,GRI,NE,ACE,CE,Federal Contract Tower,2,3,3,0,8,0,0,8,0,8,2,3,11,0,16,24,0,24,40
01/31/2022,GRI,NE,ACE,CE,Federal Contract Tower,2,6,7,0,15,0,0,6,0,6,2,6,13,0,21,0,0,0,21
02/01/2022,GRI,NE,ACE,CE,Federal Contract Tower,0,11,3,0,14,0,0,4,10,14,0,11,7,10,28,4,30,34,62
02/02/2022,GRI,NE,ACE,CE,Federal Contract Tower,1,10,11,1,23,0,2,0,3,5,1,12,11,4,28,0,4,4,32
02/03/2022,GRI,NE,ACE,CE,Federal Contract Tower,2,6,5,1,14,0,0,13,7,20,2,6,18,8,34,6,12,18,52
02/04/2022,GRI,NE,ACE,CE,Federal Contract Tower,0,7,8,2,17,0,2,11,4,17,0,9,19,6,34,2,0,2,36
02/05/2022,GRI,NE,ACE,CE,Federal Contract Tower,1,7,5,0,13,0,0,10,11,21,1,7,15,11,34,8,12,20,54
02/06/2022,GRI,NE,ACE,CE,Federal Contract Tower,4,4,9,0,17,0,0,6,0,6,4,4,15,0,23,10,0,10,33
02/07/2022,GRI,NE,ACE,CE,Federal Contract Tower,2,7,4,0,13,0,0,11,0,11,2,7,15,0,24,10,0,10,34
02/08/2022,GRI,NE,ACE,CE,Federal Contract Tower,0,12,4,0,16,0,0,2,0,2,0,12,6,0,18,0,0,0,18
02/09/2022,GRI,NE,ACE,CE,Federal Contract Tower,1,16,10,0,27,0,0,15,2,17,1,16,25,2,44,6,0,6,50
02/10/2022,GRI,NE,ACE,CE,Federal Contract Tower,3,18,7,2,30,0,1,22,8,31,3,19,29,10,61,0,14,14,75
02/11/2022,GRI,NE,ACE,CE,Federal Contract Tower,1,13,10,0,24,0,0,2,0,2,1,13,12,0,26,0,0,0,26
02/12/2022,GRI,NE,ACE,CE,Federal Contract Tower,0,9,7,0,16,0,2,32,0,34,0,11,39,0,50,0,0,0,50
02/13/2022,GRI,NE,ACE,CE,Federal Contract Tower,2,6,2,0,10,0,0,30,0,30,2,6,32,0,40,0,0,0,40
02/14/2022,GRI,NE,ACE,CE,Federal Contract Tower,2,6,4,0,12,0,0,38,0,38,2,6,42,0,50,8,0,8,58
02/15/2022,GRI,NE,ACE,CE,Federal Contract Tower,1,9,11,0,21,0,1,23,6,30,1,10,34,6,51,0,0,0,51
02/16/2022,GRI,NE,ACE,CE,Federal Contract Tower,5,11,4,0,20,0,1,3,1,5,5,12,7,1,25,0,0,0,25
02/17/2022,GRI,NE,ACE,CE,Federal Contract Tower,5,14,6,0,25,0,0,18,4,22,5,14,24,4,47,2,0,2,49
02/18/2022,GRI,NE,ACE,CE,Federal Contract Tower,0,7,3,0,10,0,0,7,0,7,0,7,10,0,17,0,0,0,17
02/19/2022,GRI,NE,ACE,CE,Federal Contract Tower,0,8,9,0,17,0,0,7,0,7,0,8,16,0,24,18,0,18,42
02/20/2022,GRI,NE,ACE,CE,Federal Contract Tower,2,4,0,0,6,0,0,11,0,11,2,4,11,0,17,64,0,64,81
02/21/2022,GRI,NE,ACE,CE,Federal Contract Tower,0,6,4,0,10,0,0,0,0,0,0,6,4,0,10,0,0,0,10
02/22/2022,GRI,NE,ACE,CE,Federal Contract Tower,4,12,1,0,17,0,0,0,0,0,4,12,1,0,17,0,0,0,17
02/23/2022,GRI,NE,ACE,CE,Federal Contract Tower,2,8,5,1,16,0,0,10,9,19,2,8,15,10,35,2,4,6,41
02/24/2022,GRI,NE,ACE,CE,Federal Contract Tower,2,11,7,0,20,0,0,0,0,0,2,11,7,0,20,0,26,26,46
02/25/2022,GRI,NE,ACE,CE,Federal Contract Tower,2,14,2,0,18,0,0,14,9,23,2,14,16,9,41,8,2,10,51
02/26/2022,GRI,NE,ACE,CE,Federal Contract Tower,0,6,5,0,11,0,0,15,0,15,0,6,20,0,26,16,0,16,42
02/27/2022,GRI,NE,ACE,CE,Federal Contract Tower,2,3,4,0,9,0,0,22,0,22,2,3,26,0,31,22,0,22,53
02/28/2022,GRI,NE,ACE,CE,Federal Contract Tower,0,11,1,0,12,0,0,9,0,9,0,11,10,0,21,72,0,72,93
03/01/2022,GRI,NE,ACE,CE,Federal Contract Tower,2,16,7,0,25,0,0,16,3,19,2,16,23,3,44,44,0,44,88
03/02/2022,GRI,NE,ACE,CE,Federal Contract Tower,0,14,6,0,20,0,0,27,5,32,0,14,33,5,52,12,0,12,64
03/03/2022,GRI,NE,ACE,CE,Federal Contract Tower,2,11,10,0,23,0,2,9,10,21,2,13,19,10,44,16,12,28,72
03/04/2022,GRI,NE,ACE,CE,Federal Contract Tower,0,13,4,0,17,0,0,7,0,7,0,13,11,0,24,4,0,4,28
03/05/2022,GRI,NE,ACE,CE,Federal Contract Tower,0,7,3,0,10,0,0,0,0,0,0,7,3,0,10,0,0,0,10
03/06/2022,GRI,NE,ACE,CE,Federal Contract Tower,2,3,2,0,7,0,0,2,0,2,2,3,4,0,9,8,0,8,17
03/07/2022,GRI,NE,ACE,CE,Federal Contract Tower,0,10,2,0,12,0,0,19,0,19,0,10,21,0,31,18,0,18,49
03/08/2022,GRI,NE,ACE,CE,Federal Contract Tower,0,11,8,2,21,0,0,7,0,7,0,11,15,2,28,8,4,12,40
03/09/2022,GRI,NE,ACE,CE,Federal Contract Tower,1,10,7,0,18,0,0,1,0,1,1,10,8,0,19,3,0,3,22
03/10/2022,GRI,NE,ACE,CE,Federal Contract Tower,2,9,4,1,16,0,0,1,4,5,2,9,5,5,21,0,2,2,23
03/11/2022,GRI,NE,ACE,CE,Federal Contract Tower,0,8,10,0,18,0,0,12,3,15,0,8,22,3,33,2,0,2,35
03/12/2022,GRI,NE,ACE,CE,Federal Contract Tower,2,7,2,0,11,0,0,6,0,6,2,7,8,0,17,8,0,8,25
03/13/2022,GRI,NE,ACE,CE,Federal Contract Tower,4,3,6,0,13,0,0,23,0,23,4,3,29,0,36,0,0,0,36
03/14/2022,GRI,NE,ACE,CE,Federal Contract Tower,0,8,5,2,15,0,0,11,0,11,0,8,16,2,26,0,0,0,26
03/15/2022,GRI,NE,ACE,CE,Federal Contract Tower,0,13,14,0,27,0,0,18,4,22,0,13,32,4,49,6,22,28,77
03/16/2022,GRI,NE,ACE,CE,Federal Contract Tower,2,8,3,1,14,0,2,23,2,27,2,10,26,3,41,32,4,36,77
03/17/2022,GRI,NE,ACE,CE,Federal Contract Tower,4,9,6,0,19,0,0,2,3,5,4,9,8,3,24,0,8,8,32
03/18/2022,GRI,NE,ACE,CE,Federal Contract Tower,0,13,8,2,23,0,0,13,2,15,0,13,21,4,38,10,0,10,48
03/19/2022,GRI,NE,ACE,CE,Federal Contract Tower,2,13,8,0,23,0,0,0,0,0,2,13,8,0,23,52,0,52,75
03/20/2022,GRI,NE,ACE,CE,Federal Contract Tower,2,8,9,0,19,0,0,11,0,11,2,8,20,0,30,4,0,4,34
03/21/2022,GRI,NE,ACE,CE,Federal Contract Tower,0,9,3,2,14,0,0,4,0,4,0,9,7,2,18,0,0,0,18
03/22/2022,GRI,NE,ACE,CE,Federal Contract Tower,0,12,3,0,15,0,0,2,0,2,0,12,5,0,17,0,0,0,17
03/23/2022,GRI,NE,ACE,CE,Federal Contract Tower,2,8,4,0,14,0,0,6,2,8,2,8,10,2,22,0,0,0,22
03/24/2022,GRI,NE,ACE,CE,Federal Contract Tower,2,7,6,0,15,0,0,26,12,38,2,7,32,12,53,24,4,28,81
03/25/2022,GRI,NE,ACE,CE,Federal Contract Tower,0,14,5,0,19,0,0,5,3,8,0,14,10,3,27,0,0,0,27
03/26/2022,GRI,NE,ACE,CE,Federal Contract Tower,0,7,3,0,10,0,0,32,0,32,0,7,35,0,42,24,0,24,66
03/27/2022,GRI,NE,ACE,CE,Federal Contract Tower,2,7,2,0,11,0,0,15,0,15,2,7,17,0,26,24,0,24,50
03/28/2022,GRI,NE,ACE,CE,Federal Contract Tower,1,8,8,2,19,0,0,13,1,14,1,8,21,3,33,6,16,22,55
03/29/2022,GRI,NE,ACE,CE,Federal Contract Tower,0,11,9,0,20,0,2,2,0,4,0,13,11,0,24,0,0,0,24
03/30/2022,GRI,NE,ACE,CE,Federal Contract Tower,2,6,9,0,17,0,0,0,3,3,2,6,9,3,20,0,4,4,24
03/31/2022,GRI,NE,ACE,CE,Federal Contract Tower,2,9,6,0,17,0,0,3,16,19,2,9,9,16,36,0,0,0,36
04/01/2022,GRI,NE,ACE,CE,Federal Contract Tower,0,8,8,0,16,0,0,21,6,27,0,8,29,6,43,4,2,6,49
04/02/2022,GRI,NE,ACE,CE,Federal Contract Tower,0,11,2,4,17,0,0,18,0,18,0,11,20,4,35,14,0,14,49
04/03/2022,GRI,NE,ACE,CE,Federal Contract Tower,2,3,6,0,11,0,0,14,2,16,2,3,20,2,27,4,0,4,31
04/04/2022,GRI,NE,ACE,CE,Federal Contract Tower,0,10,5,2,17,0,0,16,0,16,0,10,21,2,33,32,0,32,65
04/05/2022,GRI,NE,ACE,CE,Federal Contract Tower,0,11,6,0,17,0,0,4,0,4,0,11,10,0,21,0,0,0,21
04/06/2022,GRI,NE,ACE,CE,Federal Contract Tower,2,14,3,0,19,0,0,1,0,1,2,14,4,0,20,0,0,0,20
04/07/2022,GRI,NE,ACE,CE,Federal Contract Tower,4,13,6,0,23,0,0,0,0,0,4,13,6,0,23,0,0,0,23
04/08/2022,GRI,NE,ACE,CE,Federal Contract Tower,2,11,6,0,19,0,0,2,2,4,2,11,8,2,23,0,0,0,23
04/09/2022,GRI,NE,ACE,CE,Federal Contract Tower,0,7,5,0,12,0,0,4,2,6,0,7,9,2,18,7,0,7,25
04/10/2022,GRI,NE,ACE,CE,Federal Contract Tower,0,9,7,0,16,0,0,4,2,6,0,9,11,2,22,4,0,4,26
04/11/2022,GRI,NE,ACE,CE,Federal Contract Tower,0,10,5,0,15,0,0,10,0,10,0,10,15,0,25,38,0,38,63
04/12/2022,GRI,NE,ACE,CE,Federal Contract Tower,2,7,3,0,12,0,0,0,0,0,2,7,3,0,12,0,0,0,12
04/13/2022,GRI,NE,ACE,CE,Federal Contract Tower,2,15,11,1,29,0,1,6,0,7,2,16,17,1,36,2,2,4,40
04/14/2022,GRI,NE,ACE,CE,Federal Contract Tower,0,16,6,2,24,0,0,2,0,2,0,16,8,2,26,0,0,0,26
04/15/2022,GRI,NE,ACE,CE,Federal Contract Tower,0,12,4,0,16,0,2,30,4,36,0,14,34,4,52,52,0,52,104
04/16/2022,GRI,NE,ACE,CE,Federal Contract Tower,2,6,3,0,11,0,1,20,0,21,2,7,23,0,32,6,0,6,38
04/17/2022,GRI,NE,ACE,CE,Federal Contract Tower,2,3,0,0,5,0,0,1,0,1,2,3,1,0,6,0,0,0,6
04/18/2022,GRI,NE,ACE,CE,Federal Contract Tower,0,9,8,0,17,0,0,23,0,23,0,9,31,0,40,40,0,40,80
04/19/2022,GRI,NE,ACE,CE,Federal Contract Tower,0,11,7,0,18,0,0,1,0,1,0,11,8,0,19,0,0,0,19
04/20/2022,GRI,NE,ACE,CE,Federal Contract Tower,2,11,4,0,17,0,0,6,3,9,2,11,10,3,26,6,30,36,62
04/21/2022,GRI,NE,ACE,CE,Federal Contract Tower,2,15,7,2,26,0,9,17,0,26,2,24,24,2,52,14,0,14,66
04/22/2022,GRI,NE,ACE,CE,Federal Contract Tower,0,7,2,0,9,0,0,1,2,3,0,7,3,2,12,0,12,12,24
04/23/2022,GRI,NE,ACE,CE,Federal Contract Tower,0,6,3,0,9,0,0,0,13,13,0,6,3,13,22,0,0,0,22
04/24/2022,GRI,NE,ACE,CE,Federal Contract Tower,2,6,12,0,20,0,2,1,0,3,2,8,13,0,23,0,0,0,23
04/25/2022,GRI,NE,ACE,CE,Federal Contract Tower,0,6,9,0,15,0,0,2,0,2,0,6,11,0,17,0,0,0,17
04/26/2022,GRI,NE,ACE,CE,Federal Contract Tower,0,9,8,0,17,0,0,17,2,19,0,9,25,2,36,4,8,12,48
04/27/2022,GRI,NE,ACE,CE,Federal Contract Tower,2,8,8,0,18,0,0,24,10,34,2,8,32,10,52,14,4,18,70
04/28/2022,GRI,NE,ACE,CE,Federal Contract Tower,2,11,4,1,18,0,0,16,5,21,2,11,20,6,39,10,6,16,55
04/29/2022,GRI,NE,ACE,CE,Federal Contract Tower,0,8,9,0,17,0,0,1,2,3,0,8,10,2,20,0,0,0,20
04/30/2022,GRI,NE,ACE,CE,Federal Contract Tower,2,5,1,0,8,0,0,0,0,0,2,5,1,0,8,0,0,0,8
05/01/2022,GRI,NE,ACE,CE,Federal Contract Tower,2,3,9,0,14,0,0,9,0,9,2,3,18,0,23,8,0,8,31
05/02/2022,GRI,NE,ACE,CE,Federal Contract Tower,0,4,3,0,7,0,0,0,0,0,0,4,3,0,7,0,0,0,7
05/03/2022,GRI,NE,ACE,CE,Federal Contract Tower,0,12,5,2,19,0,0,10,0,10,0,12,15,2,29,72,0,72,101
05/04/2022,GRI,NE,ACE,CE,Federal Contract Tower,2,8,4,5,19,0,0,1,3,4,2,8,5,8,23,0,4,4,27
05/05/2022,GRI,NE,ACE,CE,Federal Contract Tower,2,12,4,0,18,0,0,0,0,0,2,12,4,0,18,0,0,0,18
05/06/2022,GRI,NE,ACE,CE,Federal Contract Tower,0,11,3,2,16,0,0,7,0,7,0,11,10,2,23,8,0,8,31
05/07/2022,GRI,NE,ACE,CE,Federal Contract Tower,2,7,5,0,14,0,0,1,0,1,2,7,6,0,15,0,0,0,15
05/08/2022,GRI,NE,ACE,CE,Federal Contract Tower,0,8,6,0,14,0,0,7,0,7,0,8,13,0,21,0,0,0,21
05/09/2022,GRI,NE,ACE,CE,Federal Contract Tower,0,6,7,0,13,0,0,13,0,13,0,6,20,0,26,32,0,32,58
05/10/2022,GRI,NE,ACE,CE,Federal Contract Tower,0,10,5,0,15,0,0,9,10,19,0,10,14,10,34,14,0,14,48
05/11/2022,GRI,NE,ACE,CE,Federal Contract Tower,2,12,7,7,28,0,0,6,9,15,2,12,13,16,43,8,30,38,81
05/12/2022,GRI,NE,ACE,CE,Federal Contract Tower,3,10,4,0,17,0,0,0,0,0,3,10,4,0,17,0,0,0,17
05/13/2022,GRI,NE,ACE,CE,Federal Contract Tower,0,10,7,1,18,0,2,11,1,14,0,12,18,2,32,6,0,6,38
05/14/2022,GRI,NE,ACE,CE,Federal Contract Tower,4,10,1,0,15,0,0,9,0,9,4,10,10,0,24,8,0,8,32
05/15/2022,GRI,NE,ACE,CE,Federal Contract Tower,2,7,3,0,12,0,2,8,0,10,2,9,11,0,22,28,0,28,50
05/16/2022,GRI,NE,ACE,CE,Federal Contract Tower,2,6,4,0,12,0,2,8,0,10,2,8,12,0,22,52,0,52,74
05/17/2022,GRI,NE,ACE,CE,Federal Contract Tower,0,13,6,0,19,0,0,3,9,12,0,13,9,9,31,20,22,42,73
05/18/2022,GRI,NE,ACE,CE,Federal Contract Tower,4,11,3,1,19,0,2,14,2,18,4,13,17,3,37,50,12,62,99
05/19/2022,GRI,NE,ACE,CE,Federal Contract Tower,2,12,3,0,17,0,0,3,2,5,2,12,6,2,22,0,0,0,22
05/20/2022,GRI,NE,ACE,CE,Federal Contract Tower,0,9,7,0,16,0,4,18,0,22,0,13,25,0,38,14,0,14,52
05/21/2022,GRI,NE,ACE,CE,Federal Contract Tower,0,7,4,0,11,0,0,5,0,5,0,7,9,0,16,0,0,0,16
05/22/2022,GRI,NE,ACE,CE,Federal Contract Tower,1,5,4,0,10,0,0,0,0,0,1,5,4,0,10,0,32,32,42
05/23/2022,GRI,NE,ACE,CE,Federal Contract Tower,0,7,4,1,12,0,1,4,0,5,0,8,8,1,17,16,0,16,33
05/24/2022,GRI,NE,ACE,CE,Federal Contract Tower,1,12,3,0,16,0,0,0,0,0,1,12,3,0,16,0,0,0,16
05/25/2022,GRI,NE,ACE,CE,Federal Contract Tower,4,9,4,4,21,0,0,0,0,0,4,9,4,4,21,0,0,0,21
05/26/2022,GRI,NE,ACE,CE,Federal Contract Tower,0,12,8,2,22,0,2,16,7,25,0,14,24,9,47,12,14,26,73
05/27/2022,GRI,NE,ACE,CE,Federal Contract Tower,0,8,2,0,10,0,0,30,0,30,0,8,32,0,40,34,0,34,74
05/28/2022,GRI,NE,ACE,CE,Federal Contract Tower,0,8,3,0,11,0,0,17,0,17,0,8,20,0,28,14,0,14,42
05/29/2022,GRI,NE,ACE,CE,Federal Contract Tower,0,3,4,0,7,0,0,9,0,9,0,3,13,0,16,6,0,6,22
05/30/2022,GRI,NE,ACE,CE,Federal Contract Tower,0,1,0,0,1,0,0,0,0,0,0,1,0,0,1,0,0,0,1
05/31/2022,GRI,NE,ACE,CE,Federal Contract Tower,0,9,6,2,17,0,1,9,0,10,0,10,15,2,27,40,4,44,71
06/01/2022,GRI,NE,ACE,CE,Federal Contract Tower,0,11,11,3,25,0,0,7,3,10,0,11,18,6,35,20,4,24,59
06/02/2022,GRI,NE,ACE,CE,Federal Contract Tower,6,13,5,1,25,0,0,15,4,19,6,13,20,5,44,24,0,24,68
06/03/2022,GRI,NE,ACE,CE,Federal Contract Tower,2,8,4,0,14,0,0,45,3,48,2,8,49,3,62,12,34,46,108
06/04/2022,GRI,NE,ACE,CE,Federal Contract Tower,0,6,5,0,11,0,0,15,7,22,0,6,20,7,33,2,20,22,55
06/05/2022,GRI,NE,ACE,CE,Federal Contract Tower,2,2,0,0,4,0,0,3,2,5,2,2,3,2,9,0,12,12,21
06/06/2022,GRI,NE,ACE,CE,Federal Contract Tower,2,5,6,1,14,0,0,0,0,0,2,5,6,1,14,14,0,14,28
06/07/2022,GRI,NE,ACE,CE,Federal Contract Tower,2,9,7,0,18,0,0,5,10,15,2,9,12,10,33,6,6,12,45
06/08/2022,GRI,NE,ACE,CE,Federal Contract Tower,0,8,4,0,12,0,0,22,2,24,0,8,26,2,36,36,82,118,154
06/09/2022,GRI,NE,ACE,CE,Federal Contract Tower,2,8,8,0,18,0,0,5,7,12,2,8,13,7,30,10,10,20,50
06/10/2022,GRI,NE,ACE,CE,Federal Contract Tower,2,9,4,0,15,0,0,21,7,28,2,9,25,7,43,62,0,62,105
06/11/2022,GRI,NE,ACE,CE,Federal Contract Tower,2,4,4,0,10,0,2,20,3,25,2,6,24,3,35,4,0,4,39
06/12/2022,GRI,NE,ACE,CE,Federal Contract Tower,2,3,9,0,14,0,0,5,1,6,2,3,14,1,20,0,0,0,20
06/13/2022,GRI,NE,ACE,CE,Federal Contract Tower,2,5,1,0,8,0,0,2,0,2,2,5,3,0,10,0,0,0,10
06/14/2022,GRI,NE,ACE,CE,Federal Contract Tower,0,7,4,0,11,0,0,3,1,4,0,7,7,1,15,0,0,0,15
06/15/2022,GRI,NE,ACE,CE,Federal Contract Tower,1,8,5,0,14,0,0,9,6,15,1,8,14,6,29,10,0,10,39
06/16/2022,GRI,NE,ACE,CE,Federal Contract Tower,0,9,7,0,16,0,0,12,4,16,0,9,19,4,32,0,12,12,44
06/17/2022,GRI,NE,ACE,CE,Federal Contract Tower,2,13,5,0,20,0,0,17,2,19,2,13,22,2,39,6,0,6,45
06/18/2022,GRI,NE,ACE,CE,Federal Contract Tower,0,6,3,0,9,0,0,8,0,8,0,6,11,0,17,4,0,4,21
06/19/2022,GRI,NE,ACE,CE,Federal Contract Tower,2,2,4,0,8,0,0,3,0,3,2,2,7,0,11,0,0,0,11
06/20/2022,GRI,NE,ACE,CE,Federal Contract Tower,2,5,4,0,11,0,0,3,0,3,2,5,7,0,14,0,0,0,14
06/21/2022,GRI,NE,ACE,CE,Federal Contract Tower,0,10,13,0,23,0,0,16,0,16,0,10,29,0,39,0,0,0,39
06/22/2022,GRI,NE,ACE,CE,Federal Contract Tower,0,11,6,0,17,0,0,15,2,17,0,11,21,2,34,2,0,2,36
06/23/2022,GRI,NE,ACE,CE,Federal Contract Tower,0,9,14,0,23,0,0,6,2,8,0,9,20,2,31,6,0,6,37
06/24/2022,GRI,NE,ACE,CE,Federal Contract Tower,2,9,5,0,16,0,0,12,0,12,2,9,17,0,28,0,0,0,28
06/25/2022,GRI,NE,ACE,CE,Federal Contract Tower,0,11,10,0,21,0,0,7,0,7,0,11,17,0,28,2,0,2,30
06/26/2022,GRI,NE,ACE,CE,Federal Contract Tower,2,4,8,0,14,0,0,6,0,6,2,4,14,0,20,14,0,14,34
06/27/2022,GRI,NE,ACE,CE,Federal Contract Tower,2,6,7,0,15,0,0,11,0,11,2,6,18,0,26,16,0,16,42
06/28/2022,GRI,NE,ACE,CE,Federal Contract Tower,0,8,6,0,14,0,0,22,0,22,0,8,28,0,36,14,0,14,50
06/29/2022,GRI,NE,ACE,CE,Federal Contract Tower,0,10,12,4,26,0,0,3,11,14,0,10,15,15,40,0,0,0,40
06/30/2022,GRI,NE,ACE,CE,Federal Contract Tower,0,18,6,0,24,0,0,13,0,13,0,18,19,0,37,0,0,0,37
07/01/2022,GRI,NE,ACE,CE,Federal Contract Tower,2,13,8,0,23,0,0,21,0,21,2,13,29,0,44,10,0,10,54
07/02/2022,GRI,NE,ACE,CE,Federal Contract Tower,0,8,7,2,17,0,0,6,0,6,0,8,13,2,23,12,12,24,47
07/03/2022,GRI,NE,ACE,CE,Federal Contract Tower,1,2,2,1,6,0,0,2,0,2,1,2,4,1,8,0,0,0,8
07/04/2022,GRI,NE,ACE,CE,Federal Contract Tower,2,2,0,0,4,0,0,0,0,0,2,2,0,0,4,0,0,0,4
07/05/2022,GRI,NE,ACE,CE,Federal Contract Tower,0,9,0,0,9,0,0,6,0,6,0,9,6,0,15,0,0,0,15
07/06/2022,GRI,NE,ACE,CE,Federal Contract Tower,0,9,4,0,13,0,0,4,0,4,0,9,8,0,17,0,0,0,17
07/07/2022,GRI,NE,ACE,CE,Federal Contract Tower,0,11,9,0,20,0,0,1,0,1,0,11,10,0,21,0,0,0,21
07/08/2022,GRI,NE,ACE,CE,Federal Contract Tower,2,9,7,0,18,0,0,3,0,3,2,9,10,0,21,0,0,0,21
07/09/2022,GRI,NE,ACE,CE,Federal Contract Tower,0,7,3,0,10,0,0,27,3,30,0,7,30,3,40,4,0,4,44
07/10/2022,GRI,NE,ACE,CE,Federal Contract Tower,2,4,2,0,8,0,0,5,0,5,2,4,7,0,13,0,0,0,13
07/11/2022,GRI,NE,ACE,CE,Federal Contract Tower,2,7,3,0,12,0,0,14,0,14,2,7,17,0,26,0,0,0,26
07/12/2022,GRI,NE,ACE,CE,Federal Contract Tower,0,13,5,0,18,0,0,26,0,26,0,13,31,0,44,22,0,22,66
07/13/2022,GRI,NE,ACE,CE,Federal Contract Tower,2,12,4,0,18,0,0,20,0,20,2,12,24,0,38,0,0,0,38
07/14/2022,GRI,NE,ACE,CE,Federal Contract Tower,0,15,8,0,23,0,0,10,0,10,0,15,18,0,33,0,0,0,33
07/15/2022,GRI,NE,ACE,CE,Federal Contract Tower,0,11,3,0,14,0,0,15,1,16,0,11,18,1,30,24,4,28,58
07/16/2022,GRI,NE,ACE,CE,Federal Contract Tower,0,6,3,0,9,0,0,3,4,7,0,6,6,4,16,0,0,0,16
07/17/2022,GRI,NE,ACE,CE,Federal Contract Tower,4,5,7,0,16,0,0,26,0,26,4,5,33,0,42,6,0,6,48
07/18/2022,GRI,NE,ACE,CE,Federal Contract Tower,2,8,4,0,14,0,0,9,0,9,2,8,13,0,23,8,0,8,31
07/19/2022,GRI,NE,ACE,CE,Federal Contract Tower,0,12,12,0,24,0,2,3,0,5,0,14,15,0,29,0,0,0,29
07/20/2022,GRI,NE,ACE,CE,Federal Contract Tower,0,12,11,1,24,0,2,19,3,24,0,14,30,4,48,6,0,6,54
07/21/2022,GRI,NE,ACE,CE,Federal Contract Tower,2,15,11,0,28,0,0,12,0,12,2,15,23,0,40,0,0,0,40
07/22/2022,GRI,NE,ACE,CE,Federal Contract Tower,3,13,8,0,24,0,0,7,0,7,3,13,15,0,31,6,0,6,37
07/23/2022,GRI,NE,ACE,CE,Federal Contract Tower,0,10,1,0,11,0,0,13,0,13,0,10,14,0,24,0,0,0,24
07/24/2022,GRI,NE,ACE,CE,Federal Contract Tower,2,6,3,0,11,0,0,21,0,21,2,6,24,0,32,0,14,14,46
07/25/2022,GRI,NE,ACE,CE,Federal Contract Tower,2,9,7,0,18,0,0,0,0,0,2,9,7,0,18,0,0,0,18
07/26/2022,GRI,NE,ACE,CE,Federal Contract Tower,0,11,7,2,20,0,0,5,0,5,0,11,12,2,25,2,12,14,39
07/27/2022,GRI,NE,ACE,CE,Federal Contract Tower,0,11,3,0,14,0,1,11,10,22,0,12,14,10,36,2,0,2,38
07/28/2022,GRI,NE,ACE,CE,Federal Contract Tower,0,13,9,0,22,0,0,14,2,16,0,13,23,2,38,0,0,0,38
07/29/2022,GRI,NE,ACE,CE,Federal Contract Tower,0,14,3,2,19,0,0,14,0,14,0,14,17,2,33,18,0,18,51
07/30/2022,GRI,NE,ACE,CE,Federal Contract Tower,0,6,10,0,16,0,0,17,0,17,0,6,27,0,33,6,0,6,39
07/31/2022,GRI,NE,ACE,CE,Federal Contract Tower,1,4,6,0,11,0,0,11,2,13,1,4,17,2,24,4,0,4,28
08/01/2022,GRI,NE,ACE,CE,Federal Contract Tower,2,7,3,0,12,0,0,19,3,22,2,7,22,3,34,14,0,14,48
08/02/2022,GRI,NE,ACE,CE,Federal Contract Tower,0,12,3,0,15,0,0,1,0,1,0,12,4,0,16,0,0,0,16
08/03/2022,GRI,NE,ACE,CE,Federal Contract Tower,0,10,6,0,16,0,0,25,0,25,0,10,31,0,41,16,0,16,57
08/04/2022,GRI,NE,ACE,CE,Federal Contract Tower,0,18,8,2,28,0,0,11,4,15,0,18,19,6,43,0,4,4,47
08/05/2022,GRI,NE,ACE,CE,Federal Contract Tower,2,14,10,0,26,0,0,16,0,16,2,14,26,0,42,10,0,10,52
08/06/2022,GRI,NE,ACE,CE,Federal Contract Tower,0,7,6,0,13,0,0,2,8,10,0,7,8,8,23,0,0,0,23
08/07/2022,GRI,NE,ACE,CE,Federal Contract Tower,2,6,5,0,13,0,0,3,0,3,2,6,8,0,16,0,0,0,16
08/08/2022,GRI,NE,ACE,CE,Federal Contract Tower,2,9,12,1,24,0,0,4,0,4,2,9,16,1,28,14,0,14,42
08/09/2022,GRI,NE,ACE,CE,Federal Contract Tower,2,15,7,0,24,0,0,24,0,24,2,15,31,0,48,8,0,8,56
08/10/2022,GRI,NE,ACE,CE,Federal Contract Tower,2,13,10,0,25,0,0,15,12,27,2,13,25,12,52,16,0,16,68
08/11/2022,GRI,NE,ACE,CE,Federal Contract Tower,2,12,7,2,23,0,0,18,3,21,2,12,25,5,44,10,2,12,56
08/12/2022,GRI,NE,ACE,CE,Federal Contract Tower,6,12,9,0,27,0,0,15,0,15,6,12,24,0,42,12,0,12,54
08/13/2022,GRI,NE,ACE,CE,Federal Contract Tower,0,10,6,2,18,0,0,15,0,15,0,10,21,2,33,0,0,0,33
08/14/2022,GRI,NE,ACE,CE,Federal Contract Tower,0,5,6,0,11,0,0,13,0,13,0,5,19,0,24,4,0,4,28
08/15/2022,GRI,NE,ACE,CE,Federal Contract Tower,2,10,6,0,18,0,0,1,0,1,2,10,7,0,19,0,0,0,19
08/16/2022,GRI,NE,ACE,CE,Federal Contract Tower,2,10,10,0,22,0,0,0,0,0,2,10,10,0,22,0,0,0,22
08/17/2022,GRI,NE,ACE,CE,Federal Contract Tower,4,15,13,0,32,0,0,22,10,32,4,15,35,10,64,16,0,16,80
08/18/2022,GRI,NE,ACE,CE,Federal Contract Tower,3,13,10,0,26,0,0,19,5,24,3,13,29,5,50,6,4,10,60
08/19/2022,GRI,NE,ACE,CE,Federal Contract Tower,2,12,4,0,18,0,0,20,8,28,2,12,24,8,46,8,2,10,56
08/20/2022,GRI,NE,ACE,CE,Federal Contract Tower,3,6,8,0,17,0,0,8,4,12,3,6,16,4,29,4,0,4,33
08/21/2022,GRI,NE,ACE,CE,Federal Contract Tower,9,0,2,0,11,0,0,12,0,12,9,0,14,0,23,0,0,0,23
08/22/2022,GRI,NE,ACE,CE,Federal Contract Tower,7,6,11,2,26,0,0,15,6,21,7,6,26,8,47,16,0,16,63
08/23/2022,GRI,NE,ACE,CE,Federal Contract Tower,6,9,7,3,25,0,0,9,0,9,6,9,16,3,34,8,0,8,42
08/24/2022,GRI,NE,ACE,CE,Federal Contract Tower,4,14,20,2,40,0,0,7,0,7,4,14,27,2,47,2,0,2,49
08/25/2022,GRI,NE,ACE,CE,Federal Contract Tower,6,12,9,2,29,0,0,5,7,12,6,12,14,9,41,0,0,0,41
08/26/2022,GRI,NE,ACE,CE,Federal Contract Tower,4,9,8,2,23,0,0,9,1,10,4,9,17,3,33,0,0,0,33
08/27/2022,GRI,NE,ACE,CE,Federal Contract Tower,3,6,3,0,12,0,0,0,0,0,3,6,3,0,12,0,0,0,12
08/28/2022,GRI,NE,ACE,CE,Federal Contract Tower,6,2,5,0,13,0,2,3,0,5,6,4,8,0,18,0,0,0,18
08/29/2022,GRI,NE,ACE,CE,Federal Contract Tower,4,7,8,0,19,0,0,13,0,13,4,7,21,0,32,4,0,4,36
08/30/2022,GRI,NE,ACE,CE,Federal Contract Tower,6,8,2,1,17,0,0,15,0,15,6,8,17,1,32,14,0,14,46
08/31/2022,GRI,NE,ACE,CE,Federal Contract Tower,4,15,11,0,30,0,0,9,0,9,4,15,20,0,39,2,0,2,41
09/01/2022,GRI,NE,ACE,CE,Federal Contract Tower,2,16,7,0,25,0,0,12,0,12,2,16,19,0,37,2,0,2,39
09/03/2022,GRI,NE,ACE,CE,Federal Contract Tower,7,10,2,0,19,0,0,14,0,14,7,10,16,0,33,14,0,14,47
09/04/2022,GRI,NE,ACE,CE,Federal Contract Tower,5,0,1,0,6,0,0,13,0,13,5,0,14,0,19,4,0,4,23
09/05/2022,GRI,NE,ACE,CE,Federal Contract Tower,3,8,5,0,16,0,0,4,0,4,3,8,9,0,20,0,0,0,20
09/06/2022,GRI,NE,ACE,CE,Federal Contract Tower,4,9,9,0,22,0,0,10,0,10,4,9,19,0,32,6,0,6,38
09/07/2022,GRI,NE,ACE,CE,Federal Contract Tower,4,17,9,0,30,0,0,22,6,28,4,17,31,6,58,8,0,8,66
09/08/2022,GRI,NE,ACE,CE,Federal Contract Tower,7,11,8,0,26,0,0,8,6,14,7,11,16,6,40,0,0,0,40
09/09/2022,GRI,NE,ACE,CE,Federal Contract Tower,6,10,4,1,21,0,0,4,0,4,6,10,8,1,25,6,0,6,31
09/10/2022,GRI,NE,ACE,CE,Federal Contract Tower,4,4,6,0,14,0,0,2,2,4,4,4,8,2,18,0,14,14,32
09/11/2022,GRI,NE,ACE,CE,Federal Contract Tower,2,0,4,0,6,0,0,7,8,15,2,0,11,8,21,0,0,0,21
09/12/2022,GRI,NE,ACE,CE,Federal Contract Tower,6,7,14,3,30,0,0,11,7,18,6,7,25,10,48,0,16,16,64
09/13/2022,GRI,NE,ACE,CE,Federal Contract Tower,3,18,16,0,37,0,0,14,4,18,3,18,30,4,55,4,0,4,59
09/14/2022,GRI,NE,ACE,CE,Federal Contract Tower,7,10,17,0,34,0,0,24,3,27,7,10,41,3,61,6,0,6,67
09/15/2022,GRI,NE,ACE,CE,Federal Contract Tower,8,9,14,4,35,0,0,6,4,10,8,9,20,8,45,0,0,0,45
09/16/2022,GRI,NE,ACE,CE,Federal Contract Tower,4,15,10,4,33,0,0,23,6,29,4,15,33,10,62,20,12,32,94
09/17/2022,GRI,NE,ACE,CE,Federal Contract Tower,2,6,3,0,11,0,0,7,2,9,2,6,10,2,20,2,0,2,22
09/18/2022,GRI,NE,ACE,CE,Federal Contract Tower,4,4,1,2,11,0,0,3,0,3,4,4,4,2,14,0,0,0,14
09/19/2022,GRI,NE,ACE,CE,Federal Contract Tower,8,7,8,0,23,0,0,2,2,4,8,7,10,2,27,0,6,6,33
09/20/2022,GRI,NE,ACE,CE,Federal Contract Tower,2,9,12,1,24,0,0,12,6,18,2,9,24,7,42,36,2,38,80
09/21/2022,GRI,NE,ACE,CE,Federal Contract Tower,6,5,8,0,19,0,0,4,3,7,6,5,12,3,26,0,0,0,26
09/22/2022,GRI,NE,ACE,CE,Federal Contract Tower,7,14,8,2,31,0,0,6,6,12,7,14,14,8,43,0,0,0,43
09/23/2022,GRI,NE,ACE,CE,Federal Contract Tower,5,11,10,2,28,0,2,8,2,12,5,13,18,4,40,0,0,0,40
09/24/2022,GRI,NE,ACE,CE,Federal Contract Tower,2,6,4,0,12,0,0,23,0,23,2,6,27,0,35,0,0,0,35
09/25/2022,GRI,NE,ACE,CE,Federal Contract Tower,4,2,8,0,14,0,0,7,0,7,4,2,15,0,21,0,0,0,21
09/26/2022,GRI,NE,ACE,CE,Federal Contract Tower,8,5,3,0,16,0,0,8,2,10,8,5,11,2,26,0,0,0,26
09/27/2022,GRI,NE,ACE,CE,Federal Contract Tower,2,9,11,0,22,0,2,11,2,15,2,11,22,2,37,12,0,12,49
09/28/2022,GRI,NE,ACE,CE,Federal Contract Tower,2,16,9,2,29,0,0,9,10,19,2,16,18,12,48,6,28,34,82
09/29/2022,GRI,NE,ACE,CE,Federal Contract Tower,4,11,6,0,21,0,0,16,6,22,4,11,22,6,43,0,10,10,53
09/30/2022,GRI,NE,ACE,CE,Federal Contract Tower,4,5,8,0,17,0,0,10,2,12,4,5,18,2,29,0,0,0,29
10/01/2022,GRI,NE,ACE,CE,Federal Contract Tower,2,5,2,0,9,0,0,8,0,8,2,5,10,0,17,0,0,0,17
10/02/2022,GRI,NE,ACE,CE,Federal Contract Tower,5,3,3,0,11,0,0,24,0,24,5,3,27,0,35,18,0,18,53
10/03/2022,GRI,NE,ACE,CE,Federal Contract Tower,4,5,13,0,22,0,0,9,2,11,4,5,22,2,33,0,0,0,33
10/04/2022,GRI,NE,ACE,CE,Federal Contract Tower,1,9,6,0,16,0,0,6,4,10,1,9,12,4,26,0,0,0,26
10/05/2022,GRI,NE,ACE,CE,Federal Contract Tower,2,11,5,1,19,0,0,12,5,17,2,11,17,6,36,4,8,12,48
10/06/2022,GRI,NE,ACE,CE,Federal Contract Tower,2,7,11,6,26,0,0,1,1,2,2,7,12,7,28,0,0,0,28
10/07/2022,GRI,NE,ACE,CE,Federal Contract Tower,4,7,5,0,16,0,0,23,0,23,4,7,28,0,39,10,0,10,49
10/08/2022,GRI,NE,ACE,CE,Federal Contract Tower,3,6,4,0,13,0,0,13,0,13,3,6,17,0,26,12,0,12,38
10/09/2022,GRI,NE,ACE,CE,Federal Contract Tower,2,0,6,0,8,0,2,36,0,38,2,2,42,0,46,18,0,18,64
10/10/2022,GRI,NE,ACE,CE,Federal Contract Tower,4,3,4,5,16,0,0,26,3,29,4,3,30,8,45,10,0,10,55
10/11/2022,GRI,NE,ACE,CE,Federal Contract Tower,6,5,7,0,18,0,0,6,0,6,6,5,13,0,24,0,0,0,24
10/12/2022,GRI,NE,ACE,CE,Federal Contract Tower,4,8,10,0,22,0,0,3,5,8,4,8,13,5,30,0,2,2,32
10/13/2022,GRI,NE,ACE,CE,Federal Contract Tower,4,7,12,0,23,0,0,6,3,9,4,7,18,3,32,0,0,0,32
10/14/2022,GRI,NE,ACE,CE,Federal Contract Tower,8,8,3,4,23,0,0,6,4,10,8,8,9,8,33,0,14,14,47
10/15/2022,GRI,NE,ACE,CE,Federal Contract Tower,2,5,4,0,11,0,0,9,6,15,2,5,13,6,26,0,2,2,28
10/16/2022,GRI,NE,ACE,CE,Federal Contract Tower,2,4,3,0,9,0,0,0,0,0,2,4,3,0,9,0,0,0,9
10/17/2022,GRI,NE,ACE,CE,Federal Contract Tower,4,8,9,1,22,0,0,15,2,17,4,8,24,3,39,8,4,12,51
10/18/2022,GRI,NE,ACE,CE,Federal Contract Tower,5,5,4,0,14,0,0,18,3,21,5,5,22,3,35,6,22,28,63
10/19/2022,GRI,NE,ACE,CE,Federal Contract Tower,2,7,11,1,21,0,1,25,11,37,2,8,36,12,58,14,0,14,72
10/20/2022,GRI,NE,ACE,CE,Federal Contract Tower,4,10,14,1,29,0,0,22,2,24,4,10,36,3,53,0,0,0,53
10/21/2022,GRI,NE,ACE,CE,Federal Contract Tower,6,7,4,0,17,0,0,20,0,20,6,7,24,0,37,34,0,34,71
10/22/2022,GRI,NE,ACE,CE,Federal Contract Tower,2,5,3,0,10,0,0,33,2,35,2,5,36,2,45,64,16,80,125
10/23/2022,GRI,NE,ACE,CE,Federal Contract Tower,2,1,5,0,8,0,0,4,0,4,2,1,9,0,12,0,0,0,12
10/24/2022,GRI,NE,ACE,CE,Federal Contract Tower,4,6,6,0,16,0,0,12,2,14,4,6,18,2,30,0,0,0,30
10/25/2022,GRI,NE,ACE,CE,Federal Contract Tower,3,9,9,0,21,0,0,10,0,10,3,9,19,0,31,26,0,26,57
10/26/2022,GRI,NE,ACE,CE,Federal Contract Tower,2,13,6,2,23,0,0,15,8,23,2,13,21,10,46,4,44,48,94
10/27/2022,GRI,NE,ACE,CE,Federal Contract Tower,5,8,6,0,19,0,0,5,2,7,5,8,11,2,26,0,0,0,26
10/28/2022,GRI,NE,ACE,CE,Federal Contract Tower,7,7,2,0,16,0,0,5,2,7,7,7,7,2,23,0,0,0,23
10/29/2022,GRI,NE,ACE,CE,Federal Contract Tower,1,4,2,0,7,0,0,15,3,18,1,4,17,3,25,8,0,8,33
10/30/2022,GRI,NE,ACE,CE,Federal Contract Tower,4,2,0,0,6,0,0,21,0,21,4,2,21,0,27,26,0,26,53
10/31/2022,GRI,NE,ACE,CE,Federal Contract Tower,5,5,2,0,12,0,0,24,0,24,5,5,26,0,36,14,0,14,50
11/01/2022,GRI,NE,ACE,CE,Federal Contract Tower,4,8,8,0,20,0,0,23,2,25,4,8,31,2,45,0,2,2,47
11/02/2022,GRI,NE,ACE,CE,Federal Contract Tower,2,9,5,0,16,0,0,7,2,9,2,9,12,2,25,0,0,0,25
11/03/2022,GRI,NE,ACE,CE,Federal Contract Tower,6,11,8,3,28,0,0,6,3,9,6,11,14,6,37,0,0,0,37
11/04/2022,GRI,NE,ACE,CE,Federal Contract Tower,5,7,4,0,16,0,0,3,9,12,5,7,7,9,28,0,2,2,30
11/05/2022,GRI,NE,ACE,CE,Federal Contract Tower,3,5,3,0,11,0,0,10,7,17,3,5,13,7,28,0,10,10,38
11/06/2022,GRI,NE,ACE,CE,Federal Contract Tower,5,0,2,0,7,0,0,5,0,5,5,0,7,0,12,8,0,8,20
11/07/2022,GRI,NE,ACE,CE,Federal Contract Tower,5,9,2,0,16,0,0,8,0,8,5,9,10,0,24,4,0,4,28
11/08/2022,GRI,NE,ACE,CE,Federal Contract Tower,5,5,7,0,17,0,0,2,0,2,5,5,9,0,19,0,0,0,19
11/09/2022,GRI,NE,ACE,CE,Federal Contract Tower,3,7,6,1,17,0,0,4,1,5,3,7,10,2,22,0,0,0,22
11/10/2022,GRI,NE,ACE,CE,Federal Contract Tower,5,10,0,0,15,0,0,3,0,3,5,10,3,0,18,0,0,0,18
11/11/2022,GRI,NE,ACE,CE,Federal Contract Tower,5,8,4,0,17,0,0,6,0,6,5,8,10,0,23,2,0,2,25
11/12/2022,GRI,NE,ACE,CE,Federal Contract Tower,5,4,2,0,11,0,0,7,0,7,5,4,9,0,18,0,0,0,18
11/13/2022,GRI,NE,ACE,CE,Federal Contract Tower,5,0,4,0,9,0,0,10,0,10,5,0,14,0,19,0,0,0,19
11/14/2022,GRI,NE,ACE,CE,Federal Contract Tower,7,7,2,0,16,0,0,14,0,14,7,7,16,0,30,6,0,6,36
11/15/2022,GRI,NE,ACE,CE,Federal Contract Tower,2,8,6,0,16,0,0,5,0,5,2,8,11,0,21,10,0,10,31
11/16/2022,GRI,NE,ACE,CE,Federal Contract Tower,6,8,3,2,19,0,0,15,10,25,6,8,18,12,44,12,0,12,56
11/17/2022,GRI,NE,ACE,CE,Federal Contract Tower,9,9,6,0,24,0,0,1,9,10,9,9,7,9,34,0,20,20,54
11/18/2022,GRI,NE,ACE,CE,Federal Contract Tower,5,5,4,2,16,0,0,8,6,14,5,5,12,8,30,14,12,26,56
11/19/2022,GRI,NE,ACE,CE,Federal Contract Tower,3,4,4,0,11,0,0,0,0,0,3,4,4,0,11,0,0,0,11
11/20/2022,GRI,NE,ACE,CE,Federal Contract Tower,3,2,4,0,9,0,0,2,0,2,3,2,6,0,11,0,0,0,11
11/21/2022,GRI,NE,ACE,CE,Federal Contract Tower,4,2,4,0,10,0,0,16,0,16,4,2,20,0,26,12,0,12,38
11/22/2022,GRI,NE,ACE,CE,Federal Contract Tower,5,8,13,0,26,0,0,15,6,21,5,8,28,6,47,38,4,42,89
11/24/2022,GRI,NE,ACE,CE,Federal Contract Tower,2,0,0,0,2,0,0,2,0,2,2,0,2,0,4,0,0,0,4
11/25/2022,GRI,NE,ACE,CE,Federal Contract Tower,3,7,2,0,12,0,0,5,0,5,3,7,7,0,17,12,0,12,29
11/26/2022,GRI,NE,ACE,CE,Federal Contract Tower,3,6,3,0,12,0,0,10,0,10,3,6,13,0,22,10,0,10,32
11/27/2022,GRI,NE,ACE,CE,Federal Contract Tower,3,0,9,0,12,0,0,9,0,9,3,0,18,0,21,0,0,0,21
11/28/2022,GRI,NE,ACE,CE,Federal Contract Tower,3,5,6,0,14,0,0,20,0,20,3,5,26,0,34,8,0,8,42
11/29/2022,GRI,NE,ACE,CE,Federal Contract Tower,3,3,4,0,10,0,0,0,0,0,3,3,4,0,10,0,0,0,10
11/30/2022,GRI,NE,ACE,CE,Federal Contract Tower,3,6,4,0,13,0,0,9,8,17,3,6,13,8,30,0,2,2,32
12/01/2022,GRI,NE,ACE,CE,Federal Contract Tower,3,8,7,2,20,0,0,4,12,16,3,8,11,14,36,0,4,4,40
12/02/2022,GRI,NE,ACE,CE,Federal Contract Tower,5,5,2,0,12,0,0,4,4,8,5,5,6,4,20,0,2,2,22
12/03/2022,GRI,NE,ACE,CE,Federal Contract Tower,3,4,4,0,11,0,0,10,10,20,3,4,14,10,31,24,16,40,71
12/04/2022,GRI,NE,ACE,CE,Federal Contract Tower,5,3,3,0,11,0,0,9,0,9,5,3,12,0,20,10,0,10,30
12/05/2022,GRI,NE,ACE,CE,Federal Contract Tower,5,5,3,0,13,0,0,12,0,12,5,5,15,0,25,18,0,18,43
12/06/2022,GRI,NE,ACE,CE,Federal Contract Tower,3,10,7,0,20,0,1,6,0,7,3,11,13,0,27,2,0,2,29
12/08/2022,GRI,NE,ACE,CE,Federal Contract Tower,3,4,3,0,10,0,0,0,0,0,3,4,3,0,10,0,0,0,10
12/09/2022,GRI,NE,ACE,CE,Federal Contract Tower,8,10,5,0,23,0,0,2,0,2,8,10,7,0,25,2,0,2,27
12/10/2022,GRI,NE,ACE,CE,Federal Contract Tower,3,4,3,0,10,0,0,5,0,5,3,4,8,0,15,8,0,8,23
12/11/2022,GRI,NE,ACE,CE,Federal Contract Tower,4,0,4,0,8,0,0,12,0,12,4,0,16,0,20,0,0,0,20
12/12/2022,GRI,NE,ACE,CE,Federal Contract Tower,4,4,1,0,9,0,0,0,0,0,4,4,1,0,9,0,0,0,9
12/13/2022,GRI,NE,ACE,CE,Federal Contract Tower,5,11,5,0,21,0,0,2,0,2,5,11,7,0,23,4,0,4,27
12/14/2022,GRI,NE,ACE,CE,Federal Contract Tower,3,9,4,0,16,0,0,0,4,4,3,9,4,4,20,0,0,0,20
12/15/2022,GRI,NE,ACE,CE,Federal Contract Tower,4,6,3,0,13,0,1,0,0,1,4,7,3,0,14,0,0,0,14
12/16/2022,GRI,NE,ACE,CE,Federal Contract Tower,4,8,3,0,15,0,0,0,0,0,4,8,3,0,15,0,0,0,15
12/17/2022,GRI,NE,ACE,CE,Federal Contract Tower,2,6,4,0,12,0,0,6,0,6,2,6,10,0,18,12,0,12,30
12/18/2022,GRI,NE,ACE,CE,Federal Contract Tower,2,1,8,0,11,0,0,7,0,7,2,1,15,0,18,0,0,0,18
12/19/2022,GRI,NE,ACE,CE,Federal Contract Tower,4,3,3,0,10,0,0,2,0,2,4,3,5,0,12,0,0,0,12
12/20/2022,GRI,NE,ACE,CE,Federal Contract Tower,2,10,4,0,16,0,0,18,13,31,2,10,22,13,47,10,6,16,63
12/21/2022,GRI,NE,ACE,CE,Federal Contract Tower,2,3,1,0,6,0,0,0,0,0,2,3,1,0,6,0,0,0,6
12/22/2022,GRI,NE,ACE,CE,Federal Contract Tower,2,2,3,0,7,0,0,0,0,0,2,2,3,0,7,0,0,0,7
12/23/2022,GRI,NE,ACE,CE,Federal Contract Tower,3,5,6,0,14,0,0,0,0,0,3,5,6,0,14,0,0,0,14
12/24/2022,GRI,NE,ACE,CE,Federal Contract Tower,3,5,2,0,10,0,0,5,0,5,3,5,7,0,15,0,0,0,15
12/25/2022,GRI,NE,ACE,CE,Federal Contract Tower,4,0,2,0,6,0,0,0,0,0,4,0,2,0,6,0,0,0,6
12/26/2022,GRI,NE,ACE,CE,Federal Contract Tower,4,2,6,0,12,0,0,8,0,8,4,2,14,0,20,0,0,0,20
12/27/2022,GRI,NE,ACE,CE,Federal Contract Tower,4,5,8,0,17,0,2,14,0,16,4,7,22,0,33,12,0,12,45
12/28/2022,GRI,NE,ACE,CE,Federal Contract Tower,4,6,7,0,17,0,1,22,5,28,4,7,29,5,45,4,0,4,49
12/29/2022,GRI,NE,ACE,CE,Federal Contract Tower,4,4,3,0,11,0,0,1,0,1,4,4,4,0,12,0,0,0,12
12/30/2022,GRI,NE,ACE,CE,Federal Contract Tower,2,11,1,0,14,0,0,5,0,5,2,11,6,0,19,0,0,0,19
12/31/2022,GRI,NE,ACE,CE,Federal Contract Tower,3,6,1,2,12,0,0,6,0,6,3,6,7,2,18,16,0,16,34
01/01/2023,GRI,NE,ACE,CE,Federal Contract Tower,3,0,0,0,3,0,0,8,0,8,3,0,8,0,11,14,0,14,25
01/02/2023,GRI,NE,ACE,CE,Federal Contract Tower,5,0,0,0,5,0,0,0,0,0,5,0,0,0,5,0,0,0,5
01/03/2023,GRI,NE,ACE,CE,Federal Contract Tower,5,3,3,0,11,0,0,0,0,0,5,3,3,0,11,0,0,0,11
01/04/2023,GRI,NE,ACE,CE,Federal Contract Tower,2,12,4,0,18,0,0,6,4,10,2,12,10,4,28,12,0,12,40
01/05/2023,GRI,NE,ACE,CE,Federal Contract Tower,4,8,4,0,16,0,0,2,8,10,4,8,6,8,26,16,0,16,42
01/06/2023,GRI,NE,ACE,CE,Federal Contract Tower,2,9,7,0,18,0,0,8,0,8,2,9,15,0,26,16,0,16,42
01/07/2023,GRI,NE,ACE,CE,Federal Contract Tower,2,6,1,0,9,0,0,17,3,20,2,6,18,3,29,20,4,24,53
01/08/2023,GRI,NE,ACE,CE,Federal Contract Tower,4,2,7,0,13,0,0,4,2,6,4,2,11,2,19,6,0,6,25
01/09/2023,GRI,NE,ACE,CE,Federal Contract Tower,2,3,8,0,13,0,0,19,0,19,2,3,27,0,32,2,0,2,34
01/10/2023,GRI,NE,ACE,CE,Federal Contract Tower,2,5,4,0,11,0,0,12,5,17,2,5,16,5,28,8,0,8,36
01/11/2023,GRI,NE,ACE,CE,Federal Contract Tower,2,11,5,0,18,0,14,6,0,20,2,25,11,0,38,34,2,36,74
01/12/2023,GRI,NE,ACE,CE,Federal Contract Tower,4,9,3,0,16,0,0,0,7,7,4,9,3,7,23,0,4,4,27
01/13/2023,GRI,NE,ACE,CE,Federal Contract Tower,3,11,4,0,18,0,0,3,0,3,3,11,7,0,21,10,0,10,31
01/14/2023,GRI,NE,ACE,CE,Federal Contract Tower,1,4,1,1,7,0,0,15,1,16,1,4,16,2,23,46,0,46,69
01/15/2023,GRI,NE,ACE,CE,Federal Contract Tower,5,0,4,0,9,0,0,16,0,16,5,0,20,0,25,10,0,10,35
01/16/2023,GRI,NE,ACE,CE,Federal Contract Tower,2,5,4,0,11,0,0,4,0,4,2,5,8,0,15,6,0,6,21
01/17/2023,GRI,NE,ACE,CE,Federal Contract Tower,2,7,7,0,16,0,0,1,0,1,2,7,8,0,17,0,0,0,17
01/18/2023,GRI,NE,ACE,CE,Federal Contract Tower,0,2,0,0,2,0,0,0,0,0,0,2,0,0,2,0,0,0,2
01/19/2023,GRI,NE,ACE,CE,Federal Contract Tower,4,8,15,2,29,0,0,2,0,2,4,8,17,2,31,4,0,4,35
01/20/2023,GRI,NE,ACE,CE,Federal Contract Tower,2,8,11,1,22,0,0,0,0,0,2,8,11,1,22,12,0,12,34
01/21/2023,GRI,NE,ACE,CE,Federal Contract Tower,2,7,4,3,16,0,0,3,2,5,2,7,7,5,21,14,0,14,35
01/22/2023,GRI,NE,ACE,CE,Federal Contract Tower,4,3,5,0,12,0,0,6,0,6,4,3,11,0,18,4,0,4,22
01/23/2023,GRI,NE,ACE,CE,Federal Contract Tower,2,5,3,0,10,0,0,9,0,9,2,5,12,0,19,26,0,26,45
01/24/2023,GRI,NE,ACE,CE,Federal Contract Tower,2,13,6,0,21,0,0,0,4,4,2,13,6,4,25,0,0,0,25
01/25/2023,GRI,NE,ACE,CE,Federal Contract Tower,2,5,3,0,10,0,0,0,0,0,2,5,3,0,10,0,0,0,10
01/26/2023,GRI,NE,ACE,CE,Federal Contract Tower,4,5,5,0,14,0,0,14,9,23,4,5,19,9,37,4,8,12,49
01/27/2023,GRI,NE,ACE,CE,Federal Contract Tower,2,6,1,0,9,0,0,7,0,7,2,6,8,0,16,8,0,8,24
01/28/2023,GRI,NE,ACE,CE,Federal Contract Tower,2,4,2,0,8,0,0,0,0,0,2,4,2,0,8,0,0,0,8
01/29/2023,GRI,NE,ACE,CE,Federal Contract Tower,4,2,5,0,11,0,0,0,0,0,4,2,5,0,11,0,0,0,11
01/30/2023,GRI,NE,ACE,CE,Federal Contract Tower,2,4,6,0,12,0,0,7,0,7,2,4,13,0,19,2,0,2,21
01/31/2023,GRI,NE,ACE,CE,Federal Contract Tower,1,5,2,0,8,0,0,11,0,11,1,5,13,0,19,14,0,14,33
02/01/2023,GRI,NE,ACE,CE,Federal Contract Tower,1,5,9,0,15,0,0,13,8,21,1,5,22,8,36,4,0,4,40
02/02/2023,GRI,NE,ACE,CE,Federal Contract Tower,4,9,3,0,16,0,0,5,7,12,4,9,8,7,28,0,0,0,28
02/03/2023,GRI,NE,ACE,CE,Federal Contract Tower,2,8,9,0,19,0,0,2,1,3,2,8,11,1,22,2,0,2,24
02/04/2023,GRI,NE,ACE,CE,Federal Contract Tower,4,7,4,2,17,0,0,17,7,24,4,7,21,9,41,6,2,8,49
02/05/2023,GRI,NE,ACE,CE,Federal Contract Tower,4,1,10,0,15,0,0,14,0,14,4,1,24,0,29,46,0,46,75
02/06/2023,GRI,NE,ACE,CE,Federal Contract Tower,2,5,4,0,11,0,0,10,4,14,2,5,14,4,25,4,0,4,29
02/07/2023,GRI,NE,ACE,CE,Federal Contract Tower,2,8,4,0,14,0,0,9,1,10,2,8,13,1,24,12,0,12,36
02/08/2023,GRI,NE,ACE,CE,Federal Contract Tower,4,7,8,0,19,0,4,23,8,35,4,11,31,8,54,20,0,20,74
02/09/2023,GRI,NE,ACE,CE,Federal Contract Tower,4,10,5,0,19,0,0,0,0,0,4,10,5,0,19,0,0,0,19
02/10/2023,GRI,NE,ACE,CE,Federal Contract Tower,2,6,10,0,18,0,0,16,2,18,2,6,26,2,36,18,0,18,54
02/11/2023,GRI,NE,ACE,CE,Federal Contract Tower,2,6,3,0,11,0,2,10,2,14,2,8,13,2,25,44,0,44,69
02/12/2023,GRI,NE,ACE,CE,Federal Contract Tower,4,2,2,0,8,0,0,8,0,8,4,2,10,0,16,14,0,14,30
02/13/2023,GRI,NE,ACE,CE,Federal Contract Tower,2,3,5,0,10,0,2,4,0,6,2,5,9,0,16,8,0,8,24
02/14/2023,GRI,NE,ACE,CE,Federal Contract Tower,2,6,4,0,12,0,0,0,0,0,2,6,4,0,12,0,0,0,12
02/15/2023,GRI,NE,ACE,CE,Federal Contract Tower,4,10,3,0,17,0,0,0,0,0,4,10,3,0,17,0,0,0,17
02/16/2023,GRI,NE,ACE,CE,Federal Contract Tower,2,8,2,0,12,0,1,0,5,6,2,9,2,5,18,0,0,0,18
02/17/2023,GRI,NE,ACE,CE,Federal Contract Tower,2,7,9,2,20,0,0,2,4,6,2,7,11,6,26,2,8,10,36
02/18/2023,GRI,NE,ACE,CE,Federal Contract Tower,4,9,5,0,18,0,0,12,0,12,4,9,17,0,30,18,0,18,48
02/19/2023,GRI,NE,ACE,CE,Federal Contract Tower,4,4,0,0,8,0,0,22,0,22,4,4,22,0,30,14,0,14,44
02/20/2023,GRI,NE,ACE,CE,Federal Contract Tower,2,6,7,0,15,0,0,11,0,11,2,6,18,0,26,0,0,0,26
02/21/2023,GRI,NE,ACE,CE,Federal Contract Tower,2,5,13,1,21,0,0,5,0,5,2,5,18,1,26,0,4,4,30
02/22/2023,GRI,NE,ACE,CE,Federal Contract Tower,4,9,6,0,19,0,0,1,0,1,4,9,7,0,20,0,0,0,20
02/23/2023,GRI,NE,ACE,CE,Federal Contract Tower,2,7,9,2,20,0,7,3,1,11,2,14,12,3,31,0,0,0,31
02/24/2023,GRI,NE,ACE,CE,Federal Contract Tower,2,6,5,0,13,0,0,4,0,4,2,6,9,0,17,0,0,0,17
02/25/2023,GRI,NE,ACE,CE,Federal Contract Tower,4,4,4,0,12,0,0,7,0,7,4,4,11,0,19,0,0,0,19
02/26/2023,GRI,NE,ACE,CE,Federal Contract Tower,5,4,3,0,12,0,0,8,0,8,5,4,11,0,20,18,0,18,38
02/27/2023,GRI,NE,ACE,CE,Federal Contract Tower,2,7,11,2,22,1,0,4,5,10,3,7,15,7,32,0,0,0,32
02/28/2023,GRI,NE,ACE,CE,Federal Contract Tower,2,11,5,0,18,0,1,10,2,13,2,12,15,2,31,10,0,10,41
03/01/2023,GRI,NE,ACE,CE,Federal Contract Tower,4,6,5,0,15,0,0,28,6,34,4,6,33,6,49,32,0,32,81
03/02/2023,GRI,NE,ACE,CE,Federal Contract Tower,2,9,5,3,19,0,1,2,6,9,2,10,7,9,28,28,2,30,58
03/03/2023,GRI,NE,ACE,CE,Federal Contract Tower,2,10,4,0,16,0,0,20,0,20,2,10,24,0,36,22,0,22,58
03/04/2023,GRI,NE,ACE,CE,Federal Contract Tower,4,4,0,0,8,0,0,24,4,28,4,4,24,4,36,12,0,12,48
03/05/2023,GRI,NE,ACE,CE,Federal Contract Tower,2,0,1,0,3,0,0,9,2,11,2,0,10,2,14,14,0,14,28
03/06/2023,GRI,NE,ACE,CE,Federal Contract Tower,4,5,11,0,20,0,0,0,0,0,4,5,11,0,20,0,0,0,20
03/07/2023,GRI,NE,ACE,CE,Federal Contract Tower,2,7,3,0,12,0,0,0,2,2,2,7,3,2,14,0,0,0,14
03/08/2023,GRI,NE,ACE,CE,Federal Contract Tower,4,2,10,0,16,0,0,0,2,2,4,2,10,2,18,0,20,20,38
03/09/2023,GRI,NE,ACE,CE,Federal Contract Tower,4,3,2,0,9,0,0,0,0,0,4,3,2,0,9,0,0,0,9
03/10/2023,GRI,NE,ACE,CE,Federal Contract Tower,4,6,5,0,15,0,0,4,5,9,4,6,9,5,24,0,0,0,24
03/11/2023,GRI,NE,ACE,CE,Federal Contract Tower,4,1,2,0,7,0,0,4,0,4,4,1,6,0,11,0,0,0,11
03/12/2023,GRI,NE,ACE,CE,Federal Contract Tower,4,2,1,0,7,0,0,9,0,9,4,2,10,0,16,14,0,14,30
03/13/2023,GRI,NE,ACE,CE,Federal Contract Tower,2,5,5,0,12,0,0,2,0,2,2,5,7,0,14,18,0,18,32
03/14/2023,GRI,NE,ACE,CE,Federal Contract Tower,2,8,8,0,18,0,0,10,0,10,2,8,18,0,28,0,0,0,28
03/15/2023,GRI,NE,ACE,CE,Federal Contract Tower,6,9,3,2,20,0,0,11,5,16,6,9,14,7,36,0,0,0,36
03/16/2023,GRI,NE,ACE,CE,Federal Contract Tower,4,2,4,0,10,0,0,0,0,0,4,2,4,0,10,0,0,0,10
03/17/2023,GRI,NE,ACE,CE,Federal Contract Tower,2,8,10,0,20,0,0,8,4,12,2,8,18,4,32,12,0,12,44
03/18/2023,GRI,NE,ACE,CE,Federal Contract Tower,4,4,11,0,19,0,0,5,0,5,4,4,16,0,24,0,0,0,24
03/19/2023,GRI,NE,ACE,CE,Federal Contract Tower,4,2,4,0,10,0,0,6,0,6,4,2,10,0,16,0,0,0,16
03/20/2023,GRI,NE,ACE,CE,Federal Contract Tower,2,5,4,2,13,0,2,30,6,38,2,7,34,8,51,38,0,38,89
03/21/2023,GRI,NE,ACE,CE,Federal Contract Tower,2,5,7,3,17,0,0,9,0,9,2,5,16,3,26,0,0,0,26
03/22/2023,GRI,NE,ACE,CE,Federal Contract Tower,4,10,7,1,22,0,0,18,3,21,4,10,25,4,43,24,0,24,67
03/23/2023,GRI,NE,ACE,CE,Federal Contract Tower,4,5,3,0,12,0,0,7,1,8,4,5,10,1,20,18,0,18,38
03/24/2023,GRI,NE,ACE,CE,Federal Contract Tower,3,7,3,1,14,0,2,20,2,24,3,9,23,3,38,20,20,40,78
03/25/2023,GRI,NE,ACE,CE,Federal Contract Tower,8,6,7,0,21,0,0,9,8,17,8,6,16,8,38,18,0,18,56
03/26/2023,GRI,NE,ACE,CE,Federal Contract Tower,4,2,0,0,6,0,0,0,9,9,4,2,0,9,15,0,4,4,19
03/27/2023,GRI,NE,ACE,CE,Federal Contract Tower,2,5,7,0,14,0,0,15,2,17,2,5,22,2,31,30,0,30,61
03/28/2023,GRI,NE,ACE,CE,Federal Contract Tower,2,5,4,0,11,0,0,22,4,26,2,5,26,4,37,0,0,0,37
03/29/2023,GRI,NE,ACE,CE,Federal Contract Tower,4,5,7,2,18,0,0,23,6,29,4,5,30,8,47,8,2,10,57
03/30/2023,GRI,NE,ACE,CE,Federal Contract Tower,4,8,4,1,17,0,0,8,7,15,4,8,12,8,32,0,4,4,36
03/31/2023,GRI,NE,ACE,CE,Federal Contract Tower,2,7,10,0,19,0,0,0,0,0,2,7,10,0,19,0,0,0,19
04/01/2023,GRI,NE,ACE,CE,Federal Contract Tower,4,4,5,0,13,0,0,19,1,20,4,4,24,1,33,20,0,20,53
04/02/2023,GRI,NE,ACE,CE,Federal Contract Tower,2,2,4,0,8,0,4,16,1,21,2,6,20,1,29,2,0,2,31
04/03/2023,GRI,NE,ACE,CE,Federal Contract Tower,2,3,5,2,12,0,0,9,2,11,2,3,14,4,23,4,0,4,27
04/04/2023,GRI,NE,ACE,CE,Federal Contract Tower,4,6,12,0,22,0,0,1,0,1,4,6,13,0,23,0,0,0,23
04/05/2023,GRI,NE,ACE,CE,Federal Contract Tower,5,5,11,0,21,0,2,9,0,11,5,7,20,0,32,0,0,0,32
04/06/2023,GRI,NE,ACE,CE,Federal Contract Tower,5,7,9,0,21,0,0,9,11,20,5,7,18,11,41,6,0,6,47
04/07/2023,GRI,NE,ACE,CE,Federal Contract Tower,3,5,2,0,10,0,0,2,0,2,3,5,4,0,12,0,0,0,12
04/08/2023,GRI,NE,ACE,CE,Federal Contract Tower,5,4,5,0,14,0,2,9,0,11,5,6,14,0,25,0,0,0,25
04/09/2023,GRI,NE,ACE,CE,Federal Contract Tower,5,0,5,0,10,0,0,6,0,6,5,0,11,0,16,0,0,0,16
04/10/2023,GRI,NE,ACE,CE,Federal Contract Tower,3,3,2,0,8,0,0,16,0,16,3,3,18,0,24,20,0,20,44
04/11/2023,GRI,NE,ACE,CE,Federal Contract Tower,3,5,4,0,12,0,0,12,2,14,3,5,16,2,26,0,0,0,26
04/12/2023,GRI,NE,ACE,CE,Federal Contract Tower,5,7,5,0,17,0,0,3,5,8,5,7,8,5,25,0,4,4,29
04/13/2023,GRI,NE,ACE,CE,Federal Contract Tower,5,6,7,0,18,0,0,6,0,6,5,6,13,0,24,0,0,0,24
04/14/2023,GRI,NE,ACE,CE,Federal Contract Tower,3,6,7,0,16,0,0,9,4,13,3,6,16,4,29,0,0,0,29
04/15/2023,GRI,NE,ACE,CE,Federal Contract Tower,5,4,3,0,12,0,0,1,0,1,5,4,4,0,13,0,0,0,13
04/16/2023,GRI,NE,ACE,CE,Federal Contract Tower,5,0,4,0,9,0,0,2,0,2,5,0,6,0,11,0,0,0,11
04/17/2023,GRI,NE,ACE,CE,Federal Contract Tower,3,4,3,0,10,0,2,24,0,26,3,6,27,0,36,26,0,26,62
04/18/2023,GRI,NE,ACE,CE,Federal Contract Tower,3,8,8,0,19,0,2,6,4,12,3,10,14,4,31,0,0,0,31
04/19/2023,GRI,NE,ACE,CE,Federal Contract Tower,5,6,8,0,19,0,0,5,17,22,5,6,13,17,41,0,2,2,43
04/20/2023,GRI,NE,ACE,CE,Federal Contract Tower,5,9,6,0,20,0,0,1,2,3,5,9,7,2,23,0,0,0,23
04/21/2023,GRI,NE,ACE,CE,Federal Contract Tower,3,7,3,0,13,0,0,7,0,7,3,7,10,0,20,0,0,0,20
04/22/2023,GRI,NE,ACE,CE,Federal Contract Tower,4,4,8,0,16,0,0,4,4,8,4,4,12,4,24,0,0,0,24
04/23/2023,GRI,NE,ACE,CE,Federal Contract Tower,5,4,2,0,11,0,6,13,0,19,5,10,15,0,30,2,0,2,32
04/24/2023,GRI,NE,ACE,CE,Federal Contract Tower,3,3,11,0,17,0,0,23,0,23,3,3,34,0,40,8,0,8,48
04/25/2023,GRI,NE,ACE,CE,Federal Contract Tower,3,5,6,4,18,0,0,6,4,10,3,5,12,8,28,10,0,10,38
04/26/2023,GRI,NE,ACE,CE,Federal Contract Tower,7,7,9,0,23,0,0,19,5,24,7,7,28,5,47,4,0,4,51
04/27/2023,GRI,NE,ACE,CE,Federal Contract Tower,5,7,9,1,22,0,0,8,2,10,5,7,17,3,32,0,0,0,32
04/28/2023,GRI,NE,ACE,CE,Federal Contract Tower,4,7,7,0,18,0,0,9,0,9,4,7,16,0,27,0,0,0,27
04/29/2023,GRI,NE,ACE,CE,Federal Contract Tower,5,4,6,0,15,0,0,8,0,8,5,4,14,0,23,0,0,0,23
04/30/2023,GRI,NE,ACE,CE,Federal Contract Tower,7,0,7,0,14,0,0,2,0,2,7,0,9,0,16,0,0,0,16
05/01/2023,GRI,NE,ACE,CE,Federal Contract Tower,3,3,5,0,11,0,0,12,0,12,3,3,17,0,23,10,0,10,33
05/02/2023,GRI,NE,ACE,CE,Federal Contract Tower,3,3,8,0,14,0,1,24,0,25,3,4,32,0,39,0,0,0,39
05/03/2023,GRI,NE,ACE,CE,Federal Contract Tower,5,3,7,0,15,0,0,19,0,19,5,3,26,0,34,10,0,10,44
05/04/2023,GRI,NE,ACE,CE,Federal Contract Tower,5,4,12,0,21,0,0,15,0,15,5,4,27,0,36,6,0,6,42
05/05/2023,GRI,NE,ACE,CE,Federal Contract Tower,3,7,4,0,14,0,0,3,0,3,3,7,7,0,17,0,0,0,17
05/06/2023,GRI,NE,ACE,CE,Federal Contract Tower,5,4,5,0,14,0,0,11,4,15,5,4,16,4,29,20,0,20,49
05/07/2023,GRI,NE,ACE,CE,Federal Contract Tower,5,0,3,2,10,0,0,12,0,12,5,0,15,2,22,0,0,0,22
05/08/2023,GRI,NE,ACE,CE,Federal Contract Tower,3,5,6,0,14,0,0,34,0,34,3,5,40,0,48,40,0,40,88
05/09/2023,GRI,NE,ACE,CE,Federal Contract Tower,3,6,8,0,17,0,0,6,0,6,3,6,14,0,23,0,0,0,23
05/10/2023,GRI,NE,ACE,CE,Federal Contract Tower,5,6,4,0,15,0,0,4,6,10,5,6,8,6,25,0,0,0,25
05/11/2023,GRI,NE,ACE,CE,Federal Contract Tower,5,9,6,2,22,0,0,1,0,1,5,9,7,2,23,0,0,0,23
05/12/2023,GRI,NE,ACE,CE,Federal Contract Tower,4,6,9,0,19,0,0,2,0,2,4,6,11,0,21,0,0,0,21
05/13/2023,GRI,NE,ACE,CE,Federal Contract Tower,5,6,9,0,20,0,0,6,0,6,5,6,15,0,26,0,0,0,26
05/14/2023,GRI,NE,ACE,CE,Federal Contract Tower,5,0,0,0,5,0,0,0,0,0,5,0,0,0,5,0,0,0,5
05/15/2023,GRI,NE,ACE,CE,Federal Contract Tower,3,4,10,0,17,0,0,0,0,0,3,4,10,0,17,0,0,0,17
05/16/2023,GRI,NE,ACE,CE,Federal Contract Tower,3,4,8,0,15,0,0,35,4,39,3,4,43,4,54,0,0,0,54
05/17/2023,GRI,NE,ACE,CE,Federal Contract Tower,3,4,18,1,26,0,0,32,14,46,3,4,50,15,72,4,0,4,76
05/18/2023,GRI,NE,ACE,CE,Federal Contract Tower,5,5,6,1,17,0,0,7,0,7,5,5,13,1,24,0,0,0,24
05/19/2023,GRI,NE,ACE,CE,Federal Contract Tower,3,4,4,0,11,0,0,9,2,11,3,4,13,2,22,0,2,2,24
05/20/2023,GRI,NE,ACE,CE,Federal Contract Tower,3,5,3,0,11,0,0,15,0,15,3,5,18,0,26,4,0,4,30
05/21/2023,GRI,NE,ACE,CE,Federal Contract Tower,5,0,4,0,9,0,0,7,0,7,5,0,11,0,16,0,0,0,16
05/22/2023,GRI,NE,ACE,CE,Federal Contract Tower,3,5,6,0,14,0,0,12,0,12,3,5,18,0,26,4,0,4,30
05/23/2023,GRI,NE,ACE,CE,Federal Contract Tower,3,4,5,0,12,0,0,24,8,32,3,4,29,8,44,4,0,4,48
05/24/2023,GRI,NE,ACE,CE,Federal Contract Tower,3,6,6,0,15,0,0,9,8,17,3,6,15,8,32,12,0,12,44
05/25/2023,GRI,NE,ACE,CE,Federal Contract Tower,3,6,4,0,13,0,0,7,0,7,3,6,11,0,20,0,0,0,20
05/26/2023,GRI,NE,ACE,CE,Federal Contract Tower,5,5,2,0,12,0,0,7,0,7,5,5,9,0,19,0,0,0,19
05/27/2023,GRI,NE,ACE,CE,Federal Contract Tower,3,4,0,0,7,0,0,17,0,17,3,4,17,0,24,0,0,0,24
05/28/2023,GRI,NE,ACE,CE,Federal Contract Tower,5,0,2,0,7,0,0,4,0,4,5,0,6,0,11,0,0,0,11
05/29/2023,GRI,NE,ACE,CE,Federal Contract Tower,3,0,6,0,9,0,0,11,0,11,3,0,17,0,20,12,0,12,32
05/30/2023,GRI,NE,ACE,CE,Federal Contract Tower,3,5,2,0,10,0,0,17,0,17,3,5,19,0,27,14,0,14,41
05/31/2023,GRI,NE,ACE,CE,Federal Contract Tower,3,3,7,0,13,0,0,15,8,23,3,3,22,8,36,0,24,24,60
06/01/2023,GRI,NE,ACE,CE,Federal Contract Tower,5,3,7,0,15,0,0,12,2,14,5,3,19,2,29,16,2,18,47
06/02/2023,GRI,NE,ACE,CE,Federal Contract Tower,1,3,4,0,8,0,2,7,2,11,1,5,11,2,19,0,0,0,19
06/03/2023,GRI,NE,ACE,CE,Federal Contract Tower,1,0,8,0,9,0,4,46,0,50,1,4,54,0,59,0,0,0,59
06/04/2023,GRI,NE,ACE,CE,Federal Contract Tower,5,0,0,0,5,0,5,20,2,27,5,5,20,2,32,0,0,0,32
06/05/2023,GRI,NE,ACE,CE,Federal Contract Tower,3,3,5,0,11,0,0,11,1,12,3,3,16,1,23,12,0,12,35
06/06/2023,GRI,NE,ACE,CE,Federal Contract Tower,3,4,7,0,14,0,0,26,0,26,3,4,33,0,40,12,0,12,52
06/07/2023,GRI,NE,ACE,CE,Federal Contract Tower,5,7,0,0,12,0,0,19,10,29,5,7,19,10,41,18,8,26,67
06/08/2023,GRI,NE,ACE,CE,Federal Contract Tower,5,7,5,1,18,0,0,15,1,16,5,7,20,2,34,8,0,8,42
06/09/2023,GRI,NE,ACE,CE,Federal Contract Tower,3,3,7,1,14,0,0,14,4,18,3,3,21,5,32,6,2,8,40
06/10/2023,GRI,NE,ACE,CE,Federal Contract Tower,3,6,2,0,11,0,0,2,11,13,3,6,4,11,24,0,2,2,26
06/11/2023,GRI,NE,ACE,CE,Federal Contract Tower,4,0,0,0,4,0,0,5,4,9,4,0,5,4,13,4,0,4,17
06/12/2023,GRI,NE,ACE,CE,Federal Contract Tower,3,6,0,0,9,0,0,25,0,25,3,6,25,0,34,34,0,34,68
06/13/2023,GRI,NE,ACE,CE,Federal Contract Tower,3,5,9,0,17,0,2,24,9,35,3,7,33,9,52,4,2,6,58
06/14/2023,GRI,NE,ACE,CE,Federal Contract Tower,3,7,10,3,23,0,4,18,4,26,3,11,28,7,49,14,0,14,63
06/15/2023,GRI,NE,ACE,CE,Federal Contract Tower,6,4,11,1,22,0,0,18,2,20,6,4,29,3,42,4,0,4,46
06/16/2023,GRI,NE,ACE,CE,Federal Contract Tower,3,4,4,0,11,0,0,6,4,10,3,4,10,4,21,0,3,3,24
06/17/2023,GRI,NE,ACE,CE,Federal Contract Tower,3,2,1,0,6,0,0,4,0,4,3,2,5,0,10,4,0,4,14
06/18/2023,GRI,NE,ACE,CE,Federal Contract Tower,5,0,7,0,12,0,4,5,0,9,5,4,12,0,21,10,0,10,31
06/19/2023,GRI,NE,ACE,CE,Federal Contract Tower,3,4,3,0,10,0,0,10,0,10,3,4,13,0,20,0,0,0,20
06/20/2023,GRI,NE,ACE,CE,Federal Contract Tower,3,8,7,0,18,0,0,6,0,6,3,8,13,0,24,6,0,6,30
06/21/2023,GRI,NE,ACE,CE,Federal Contract Tower,3,5,6,0,14,0,0,6,0,6,3,5,12,0,20,0,0,0,20
06/22/2023,GRI,NE,ACE,CE,Federal Contract Tower,5,5,9,1,20,0,0,14,4,18,5,5,23,5,38,52,8,60,98
06/23/2023,GRI,NE,ACE,CE,Federal Contract Tower,3,5,13,0,21,0,1,11,1,13,3,6,24,1,34,6,0,6,40
06/24/2023,GRI,NE,ACE,CE,Federal Contract Tower,3,2,11,0,16,0,0,18,0,18,3,2,29,0,34,4,0,4,38
06/25/2023,GRI,NE,ACE,CE,Federal Contract Tower,5,3,0,0,8,0,0,2,0,2,5,3,2,0,10,0,0,0,10
06/26/2023,GRI,NE,ACE,CE,Federal Contract Tower,5,3,6,0,14,0,0,0,0,0,5,3,6,0,14,8,0,8,22
06/27/2023,GRI,NE,ACE,CE,Federal Contract Tower,3,3,1,0,7,0,0,3,2,5,3,3,4,2,12,0,0,0,12
06/28/2023,GRI,NE,ACE,CE,Federal Contract Tower,3,5,11,2,21,0,0,22,1,23,3,5,33,3,44,4,0,4,48
06/29/2023,GRI,NE,ACE,CE,Federal Contract Tower,4,4,10,1,19,0,2,11,0,13,4,6,21,1,32,18,0,18,50
06/30/2023,GRI,NE,ACE,CE,Federal Contract Tower,5,4,10,0,19,0,0,8,0,8,5,4,18,0,27,0,6,6,33
07/01/2023,GRI,NE,ACE,CE,Federal Contract Tower,4,4,13,0,21,0,0,0,0,0,4,4,13,0,21,0,0,0,21
07/02/2023,GRI,NE,ACE,CE,Federal Contract Tower,5,7,7,2,21,0,0,29,0,29,5,7,36,2,50,10,0,10,60
07/03/2023,GRI,NE,ACE,CE,Federal Contract Tower,5,6,12,0,23,0,0,7,0,7,5,6,19,0,30,2,0,2,32
07/04/2023,GRI,NE,ACE,CE,Federal Contract Tower,3,2,1,0,6,0,0,12,0,12,3,2,13,0,18,4,0,4,22
07/05/2023,GRI,NE,ACE,CE,Federal Contract Tower,3,3,2,0,8,0,0,9,0,9,3,3,11,0,17,14,0,14,31
07/06/2023,GRI,NE,ACE,CE,Federal Contract Tower,5,6,13,2,26,0,0,24,4,28,5,6,37,6,54,22,14,36,90
07/07/2023,GRI,NE,ACE,CE,Federal Contract Tower,5,5,8,0,18,0,0,5,2,7,5,5,13,2,25,4,0,4,29
07/08/2023,GRI,NE,ACE,CE,Federal Contract Tower,3,8,3,1,15,0,0,19,1,20,3,8,22,2,35,6,0,6,41
07/09/2023,GRI,NE,ACE,CE,Federal Contract Tower,5,2,1,0,8,0,3,26,0,29,5,5,27,0,37,6,0,6,43
07/10/2023,GRI,NE,ACE,CE,Federal Contract Tower,3,3,8,0,14,0,0,8,0,8,3,3,16,0,22,0,0,0,22
07/11/2023,GRI,NE,ACE,CE,Federal Contract Tower,3,5,6,0,14,0,0,28,2,30,3,5,34,2,44,18,0,18,62
07/12/2023,GRI,NE,ACE,CE,Federal Contract Tower,3,10,5,0,18,0,0,9,2,11,3,10,14,2,29,6,0,6,35
07/13/2023,GRI,NE,ACE,CE,Federal Contract Tower,5,6,5,0,16,0,1,1,4,6,5,7,6,4,22,14,0,14,36
07/14/2023,GRI,NE,ACE,CE,Federal Contract Tower,3,5,6,0,14,0,1,7,0,8,3,6,13,0,22,0,0,0,22
07/15/2023,GRI,NE,ACE,CE,Federal Contract Tower,3,4,10,0,17,0,0,14,6,20,3,4,24,6,37,4,10,14,51
07/16/2023,GRI,NE,ACE,CE,Federal Contract Tower,5,1,2,0,8,0,3,10,1,14,5,4,12,1,22,0,0,0,22
07/17/2023,GRI,NE,ACE,CE,Federal Contract Tower,3,4,4,0,11,0,0,7,0,7,3,4,11,0,18,0,0,0,18
07/18/2023,GRI,NE,ACE,CE,Federal Contract Tower,3,7,8,0,18,0,0,11,2,13,3,7,19,2,31,6,0,6,37
07/19/2023,GRI,NE,ACE,CE,Federal Contract Tower,3,3,5,0,11,0,0,3,8,11,3,3,8,8,22,0,0,0,22
07/20/2023,GRI,NE,ACE,CE,Federal Contract Tower,5,8,13,0,26,0,0,19,6,25,5,8,32,6,51,8,0,8,59
07/21/2023,GRI,NE,ACE,CE,Federal Contract Tower,3,7,5,0,15,0,0,17,3,20,3,7,22,3,35,16,0,16,51
07/22/2023,GRI,NE,ACE,CE,Federal Contract Tower,3,4,8,0,15,0,0,8,4,12,3,4,16,4,27,6,0,6,33
07/23/2023,GRI,NE,ACE,CE,Federal Contract Tower,5,0,7,0,12,0,0,9,0,9,5,0,16,0,21,0,0,0,21
07/24/2023,GRI,NE,ACE,CE,Federal Contract Tower,2,3,2,0,7,0,0,18,0,18,2,3,20,0,25,8,0,8,33
07/25/2023,GRI,NE,ACE,CE,Federal Contract Tower,4,5,6,1,16,0,0,28,11,39,4,5,34,12,55,18,6,24,79
07/26/2023,GRI,NE,ACE,CE,Federal Contract Tower,3,3,7,0,13,0,2,21,4,27,3,5,28,4,40,16,0,16,56
07/27/2023,GRI,NE,ACE,CE,Federal Contract Tower,5,3,8,0,16,0,2,27,2,31,5,5,35,2,47,6,0,6,53
07/28/2023,GRI,NE,ACE,CE,Federal Contract Tower,3,5,2,0,10,0,0,23,0,23,3,5,25,0,33,10,0,10,43
07/29/2023,GRI,NE,ACE,CE,Federal Contract Tower,3,2,3,0,8,0,0,7,0,7,3,2,10,0,15,0,0,0,15
07/30/2023,GRI,NE,ACE,CE,Federal Contract Tower,5,2,4,0,11,0,0,10,0,10,5,2,14,0,21,0,0,0,21
07/31/2023,GRI,NE,ACE,CE,Federal Contract Tower,3,3,3,0,9,0,0,4,0,4,3,3,7,0,13,0,0,0,13
08/01/2023,GRI,NE,ACE,CE,Federal Contract Tower,3,5,11,4,23,0,0,3,0,3,3,5,14,4,26,0,0,0,26
08/02/2023,GRI,NE,ACE,CE,Federal Contract Tower,3,3,8,4,18,0,0,8,2,10,3,3,16,6,28,10,0,10,38
08/03/2023,GRI,NE,ACE,CE,Federal Contract Tower,5,5,1,0,11,0,0,1,6,7,5,5,2,6,18,0,0,0,18
08/04/2023,GRI,NE,ACE,CE,Federal Contract Tower,3,3,3,0,9,0,0,6,2,8,3,3,9,2,17,0,0,0,17
08/05/2023,GRI,NE,ACE,CE,Federal Contract Tower,3,4,9,1,17,0,2,10,7,19,3,6,19,8,36,0,0,0,36
08/06/2023,GRI,NE,ACE,CE,Federal Contract Tower,5,0,2,0,7,0,0,2,6,8,5,0,4,6,15,0,0,0,15
08/07/2023,GRI,NE,ACE,CE,Federal Contract Tower,3,7,2,0,12,0,0,9,2,11,3,7,11,2,23,16,0,16,39
08/08/2023,GRI,NE,ACE,CE,Federal Contract Tower,3,5,3,1,12,0,2,6,6,14,3,7,9,7,26,4,0,4,30
08/09/2023,GRI,NE,ACE,CE,Federal Contract Tower,3,3,12,0,18,0,0,9,6,15,3,3,21,6,33,8,0,8,41
08/10/2023,GRI,NE,ACE,CE,Federal Contract Tower,5,4,7,0,16,0,0,11,7,18,5,4,18,7,34,14,0,14,48
08/11/2023,GRI,NE,ACE,CE,Federal Contract Tower,3,4,2,0,9,0,0,18,2,20,3,4,20,2,29,8,0,8,37
08/12/2023,GRI,NE,ACE,CE,Federal Contract Tower,4,4,3,0,11,0,12,19,0,31,4,16,22,0,42,6,0,6,48
08/13/2023,GRI,NE,ACE,CE,Federal Contract Tower,6,2,7,0,15,0,0,11,0,11,6,2,18,0,26,0,0,0,26
08/14/2023,GRI,NE,ACE,CE,Federal Contract Tower,3,3,5,0,11,0,0,11,0,11,3,3,16,0,22,4,0,4,26
08/15/2023,GRI,NE,ACE,CE,Federal Contract Tower,3,7,10,1,21,0,0,15,1,16,3,7,25,2,37,6,0,6,43
08/16/2023,GRI,NE,ACE,CE,Federal Contract Tower,3,3,8,0,14,0,0,6,4,10,3,3,14,4,24,0,14,14,38
08/17/2023,GRI,NE,ACE,CE,Federal Contract Tower,7,3,6,0,16,0,0,16,4,20,7,3,22,4,36,0,0,0,36
08/18/2023,GRI,NE,ACE,CE,Federal Contract Tower,3,3,7,0,13,0,0,8,0,8,3,3,15,0,21,0,0,0,21
08/19/2023,GRI,NE,ACE,CE,Federal Contract Tower,3,4,6,0,13,0,0,8,0,8,3,4,14,0,21,4,0,4,25
08/20/2023,GRI,NE,ACE,CE,Federal Contract Tower,5,3,2,0,10,0,0,6,0,6,5,3,8,0,16,0,0,0,16
08/21/2023,GRI,NE,ACE,CE,Federal Contract Tower,4,6,15,0,25,0,2,2,0,4,4,8,17,0,29,0,0,0,29
08/22/2023,GRI,NE,ACE,CE,Federal Contract Tower,3,3,3,0,9,0,0,13,0,13,3,3,16,0,22,10,0,10,32
08/23/2023,GRI,NE,ACE,CE,Federal Contract Tower,4,8,9,1,22,0,0,8,3,11,4,8,17,4,33,12,2,14,47
08/24/2023,GRI,NE,ACE,CE,Federal Contract Tower,5,3,7,0,15,0,0,7,4,11,5,3,14,4,26,4,0,4,30
08/25/2023,GRI,NE,ACE,CE,Federal Contract Tower,3,3,8,0,14,0,2,9,2,13,3,5,17,2,27,10,0,10,37
08/26/2023,GRI,NE,ACE,CE,Federal Contract Tower,3,3,6,0,12,0,1,11,2,14,3,4,17,2,26,4,0,4,30
08/27/2023,GRI,NE,ACE,CE,Federal Contract Tower,5,0,2,0,7,0,6,10,2,18,5,6,12,2,25,0,0,0,25
08/28/2023,GRI,NE,ACE,CE,Federal Contract Tower,4,3,7,0,14,0,0,4,3,7,4,3,11,3,21,0,0,0,21
08/29/2023,GRI,NE,ACE,CE,Federal Contract Tower,4,5,10,3,22,0,10,17,3,30,4,15,27,6,52,6,0,6,58
08/30/2023,GRI,NE,ACE,CE,Federal Contract Tower,3,3,4,0,10,0,0,10,6,16,3,3,14,6,26,0,0,0,26
08/31/2023,GRI,NE,ACE,CE,Federal Contract Tower,5,3,3,0,11,0,0,10,4,14,5,3,13,4,25,0,4,4,29
01/01/2020,GRI,NE,ACE,CE,Federal Contract Tower,0,5,2,0,7,0,0,6,0,6,0,5,8,0,13,0,0,0,13
01/02/2020,GRI,NE,ACE,CE,Federal Contract Tower,2,12,1,2,17,0,0,3,4,7,2,12,4,6,24,12,0,12,36
01/03/2020,GRI,NE,ACE,CE,Federal Contract Tower,0,10,12,0,22,0,0,8,2,10,0,10,20,2,32,0,2,2,34
01/04/2020,GRI,NE,ACE,CE,Federal Contract Tower,1,8,3,0,12,0,0,14,0,14,1,8,17,0,26,6,0,6,32
01/05/2020,GRI,NE,ACE,CE,Federal Contract Tower,2,3,1,0,6,0,0,5,0,5,2,3,6,0,11,0,0,0,11
01/06/2020,GRI,NE,ACE,CE,Federal Contract Tower,0,8,1,0,9,0,0,7,0,7,0,8,8,0,16,4,0,4,20
01/07/2020,GRI,NE,ACE,CE,Federal Contract Tower,0,8,6,0,14,0,0,9,8,17,0,8,15,8,31,28,0,28,59
01/08/2020,GRI,NE,ACE,CE,Federal Contract Tower,0,7,6,0,13,0,0,6,4,10,0,7,12,4,23,0,0,0,23
01/09/2020,GRI,NE,ACE,CE,Federal Contract Tower,2,11,4,0,17,0,0,10,0,10,2,11,14,0,27,40,0,40,67
01/10/2020,GRI,NE,ACE,CE,Federal Contract Tower,0,7,4,0,11,0,0,0,0,0,0,7,4,0,11,0,0,0,11
01/11/2020,GRI,NE,ACE,CE,Federal Contract Tower,0,6,7,0,13,0,0,6,0,6,0,6,13,0,19,18,0,18,37
01/12/2020,GRI,NE,ACE,CE,Federal Contract Tower,2,2,4,0,8,0,0,0,0,0,2,2,4,0,8,0,0,0,8
01/13/2020,GRI,NE,ACE,CE,Federal Contract Tower,1,6,8,0,15,0,0,0,0,0,1,6,8,0,15,0,0,0,15
01/14/2020,GRI,NE,ACE,CE,Federal Contract Tower,2,8,6,2,18,0,2,12,6,20,2,10,18,8,38,22,38,60,98
01/15/2020,GRI,NE,ACE,CE,Federal Contract Tower,0,7,7,1,15,0,0,3,5,8,0,7,10,6,23,0,2,2,25
01/16/2020,GRI,NE,ACE,CE,Federal Contract Tower,2,8,5,0,15,0,0,11,2,13,2,8,16,2,28,24,0,24,52
01/17/2020,GRI,NE,ACE,CE,Federal Contract Tower,4,9,0,0,13,0,0,0,0,0,4,9,0,0,13,0,0,0,13
01/18/2020,GRI,NE,ACE,CE,Federal Contract Tower,0,8,5,0,13,0,0,2,0,2,0,8,7,0,15,0,0,0,15
01/19/2020,GRI,NE,ACE,CE,Federal Contract Tower,2,3,3,0,8,0,0,11,0,11,2,3,14,0,19,8,0,8,27
01/20/2020,GRI,NE,ACE,CE,Federal Contract Tower,0,6,7,0,13,0,0,4,0,4,0,6,11,0,17,0,0,0,17
01/21/2020,GRI,NE,ACE,CE,Federal Contract Tower,2,10,4,2,18,0,0,0,4,4,2,10,4,6,22,0,6,6,28
01/22/2020,GRI,NE,ACE,CE,Federal Contract Tower,0,4,3,0,7,0,0,0,0,0,0,4,3,0,7,0,0,0,7
01/23/2020,GRI,NE,ACE,CE,Federal Contract Tower,2,8,6,0,16,0,0,0,0,0,2,8,6,0,16,0,0,0,16
01/24/2020,GRI,NE,ACE,CE,Federal Contract Tower,0,10,15,0,25,0,0,0,0,0,0,10,15,0,25,0,0,0,25
01/25/2020,GRI,NE,ACE,CE,Federal Contract Tower,0,7,4,0,11,0,0,2,0,2,0,7,6,0,13,0,0,0,13
01/26/2020,GRI,NE,ACE,CE,Federal Contract Tower,2,3,4,2,11,0,0,19,0,19,2,3,23,2,30,10,0,10,40
01/27/2020,GRI,NE,ACE,CE,Federal Contract Tower,0,10,5,2,17,0,0,0,4,4,0,10,5,6,21,0,44,44,65
01/28/2020,GRI,NE,ACE,CE,Federal Contract Tower,0,16,3,0,19,0,0,0,0,0,0,16,3,0,19,0,0,0,19
01/29/2020,GRI,NE,ACE,CE,Federal Contract Tower,0,10,7,0,17,0,0,5,3,8,0,10,12,3,25,4,0,4,29
01/30/2020,GRI,NE,ACE,CE,Federal Contract Tower,2,13,7,2,24,0,0,0,0,0,2,13,7,2,24,0,40,40,64
01/31/2020,GRI,NE,ACE,CE,Federal Contract Tower,0,7,6,0,13,0,0,0,0,0,0,7,6,0,13,82,0,82,95
02/01/2020,GRI,NE,ACE,CE,Federal Contract Tower,0,9,4,0,13,0,0,18,0,18,0,9,22,0,31,26,0,26,57
02/02/2020,GRI,NE,ACE,CE,Federal Contract Tower,2,2,1,0,5,0,0,16,0,16,2,2,17,0,21,12,0,12,33
02/03/2020,GRI,NE,ACE,CE,Federal Contract Tower,0,7,7,0,14,0,0,0,2,2,0,7,7,2,16,0,16,16,32
02/04/2020,GRI,NE,ACE,CE,Federal Contract Tower,0,9,9,0,18,0,0,1,6,7,0,9,10,6,25,0,14,14,39
02/05/2020,GRI,NE,ACE,CE,Federal Contract Tower,0,8,5,0,13,0,0,5,4,9,0,8,10,4,22,36,6,42,64
02/06/2020,GRI,NE,ACE,CE,Federal Contract Tower,2,8,5,0,15,0,0,16,6,22,2,8,21,6,37,22,10,32,69
02/07/2020,GRI,NE,ACE,CE,Federal Contract Tower,0,8,9,0,17,0,0,2,0,2,0,8,11,0,19,2,0,2,21
02/08/2020,GRI,NE,ACE,CE,Federal Contract Tower,0,8,3,0,11,0,0,8,2,10,0,8,11,2,21,22,0,22,43
02/09/2020,GRI,NE,ACE,CE,Federal Contract Tower,2,6,2,0,10,0,0,1,2,3,2,6,3,2,13,0,0,0,13
02/10/2020,GRI,NE,ACE,CE,Federal Contract Tower,0,6,1,0,7,0,0,4,0,4,0,6,5,0,11,0,0,0,11
02/11/2020,GRI,NE,ACE,CE,Federal Contract Tower,0,9,9,0,18,0,1,10,5,16,0,10,19,5,34,0,0,0,34
02/12/2020,GRI,NE,ACE,CE,Federal Contract Tower,2,8,8,0,18,0,0,4,0,4,2,8,12,0,22,0,0,0,22
02/13/2020,GRI,NE,ACE,CE,Federal Contract Tower,4,8,16,0,28,0,0,17,4,21,4,8,33,4,49,8,0,8,57
02/14/2020,GRI,NE,ACE,CE,Federal Contract Tower,2,7,8,0,17,0,0,0,2,2,2,7,8,2,19,0,0,0,19
02/15/2020,GRI,NE,ACE,CE,Federal Contract Tower,0,12,4,0,16,0,0,5,1,6,0,12,9,1,22,2,0,2,24
02/16/2020,GRI,NE,ACE,CE,Federal Contract Tower,2,2,5,0,9,0,0,2,1,3,2,2,7,1,12,22,0,22,34
02/17/2020,GRI,NE,ACE,CE,Federal Contract Tower,4,9,12,0,25,0,0,7,0,7,4,9,19,0,32,16,0,16,48
02/18/2020,GRI,NE,ACE,CE,Federal Contract Tower,0,9,13,0,22,0,0,8,4,12,0,9,21,4,34,20,0,20,54
02/19/2020,GRI,NE,ACE,CE,Federal Contract Tower,2,9,5,0,16,0,0,0,0,0,2,9,5,0,16,0,0,0,16
02/20/2020,GRI,NE,ACE,CE,Federal Contract Tower,2,9,7,0,18,0,0,15,9,24,2,9,22,9,42,18,8,26,68
02/21/2020,GRI,NE,ACE,CE,Federal Contract Tower,2,10,8,0,20,0,0,13,4,17,2,10,21,4,37,0,16,16,53
02/22/2020,GRI,NE,ACE,CE,Federal Contract Tower,0,9,6,0,15,0,0,16,0,16,0,9,22,0,31,18,0,18,49
02/23/2020,GRI,NE,ACE,CE,Federal Contract Tower,2,3,3,0,8,0,0,2,1,3,2,3,5,1,11,0,0,0,11
02/24/2020,GRI,NE,ACE,CE,Federal Contract Tower,2,5,8,0,15,0,0,5,4,9,2,5,13,4,24,6,2,8,32
02/25/2020,GRI,NE,ACE,CE,Federal Contract Tower,0,9,5,0,14,0,0,0,0,0,0,9,5,0,14,0,0,0,14
02/26/2020,GRI,NE,ACE,CE,Federal Contract Tower,2,8,10,0,20,0,0,14,0,14,2,8,24,0,34,14,0,14,48
02/27/2020,GRI,NE,ACE,CE,Federal Contract Tower,2,9,8,0,19,0,0,9,11,20,2,9,17,11,39,0,60,60,99
02/28/2020,GRI,NE,ACE,CE,Federal Contract Tower,2,7,6,3,18,0,0,19,5,24,2,7,25,8,42,16,4,20,62
02/29/2020,GRI,NE,ACE,CE,Federal Contract Tower,0,7,8,0,15,0,0,15,0,15,0,7,23,0,30,16,0,16,46
03/01/2020,GRI,NE,ACE,CE,Federal Contract Tower,2,2,4,0,8,0,0,12,0,12,2,2,16,0,20,0,0,0,20
03/02/2020,GRI,NE,ACE,CE,Federal Contract Tower,2,8,6,0,16,0,0,3,0,3,2,8,9,0,19,0,0,0,19
03/03/2020,GRI,NE,ACE,CE,Federal Contract Tower,0,9,2,0,11,0,1,3,0,4,0,10,5,0,15,8,12,20,35
03/04/2020,GRI,NE,ACE,CE,Federal Contract Tower,2,10,5,0,17,0,0,8,5,13,2,10,13,5,30,4,14,18,48
03/05/2020,GRI,NE,ACE,CE,Federal Contract Tower,2,11,5,1,19,0,0,5,1,6,2,11,10,2,25,12,0,12,37
03/06/2020,GRI,NE,ACE,CE,Federal Contract Tower,2,8,9,2,21,0,0,15,7,22,2,8,24,9,43,0,10,10,53
03/07/2020,GRI,NE,ACE,CE,Federal Contract Tower,0,10,4,0,14,0,0,5,0,5,0,10,9,0,19,0,0,0,19
03/08/2020,GRI,NE,ACE,CE,Federal Contract Tower,2,2,2,0,6,0,0,8,0,8,2,2,10,0,14,0,0,0,14
03/09/2020,GRI,NE,ACE,CE,Federal Contract Tower,2,6,7,0,15,0,0,0,0,0,2,6,7,0,15,0,0,0,15
03/10/2020,GRI,NE,ACE,CE,Federal Contract Tower,0,12,8,0,20,0,0,1,1,2,0,12,9,1,22,0,0,0,22
03/11/2020,GRI,NE,ACE,CE,Federal Contract Tower,2,8,4,0,14,0,0,6,4,10,2,8,10,4,24,0,4,4,28
03/12/2020,GRI,NE,ACE,CE,Federal Contract Tower,2,10,9,0,21,0,0,6,0,6,2,10,15,0,27,2,0,2,29
03/13/2020,GRI,NE,ACE,CE,Federal Contract Tower,2,8,6,0,16,0,0,9,4,13,2,8,15,4,29,24,2,26,55
03/14/2020,GRI,NE,ACE,CE,Federal Contract Tower,0,10,2,0,12,0,0,0,0,0,0,10,2,0,12,0,0,0,12
03/15/2020,GRI,NE,ACE,CE,Federal Contract Tower,0,9,1,0,10,0,0,0,0,0,0,9,1,0,10,0,0,0,10
03/16/2020,GRI,NE,ACE,CE,Federal Contract Tower,2,8,2,0,12,0,0,0,0,0,2,8,2,0,12,0,0,0,12
03/17/2020,GRI,NE,ACE,CE,Federal Contract Tower,0,8,3,0,11,0,0,0,4,4,0,8,3,4,15,0,0,0,15
03/18/2020,GRI,NE,ACE,CE,Federal Contract Tower,2,14,4,0,20,0,0,0,0,0,2,14,4,0,20,0,0,0,20
03/19/2020,GRI,NE,ACE,CE,Federal Contract Tower,0,7,1,0,8,0,0,0,0,0,0,7,1,0,8,0,0,0,8
03/20/2020,GRI,NE,ACE,CE,Federal Contract Tower,2,9,5,8,24,0,0,2,0,2,2,9,7,8,26,2,0,2,28
03/21/2020,GRI,NE,ACE,CE,Federal Contract Tower,0,8,6,0,14,0,0,14,0,14,0,8,20,0,28,26,0,26,54
03/22/2020,GRI,NE,ACE,CE,Federal Contract Tower,0,3,1,0,4,0,0,1,0,1,0,3,2,0,5,10,0,10,15
03/23/2020,GRI,NE,ACE,CE,Federal Contract Tower,2,6,4,2,14,0,0,0,0,0,2,6,4,2,14,0,0,0,14
03/24/2020,GRI,NE,ACE,CE,Federal Contract Tower,0,16,1,0,17,0,0,3,4,7,0,16,4,4,24,2,8,10,34
03/25/2020,GRI,NE,ACE,CE,Federal Contract Tower,0,8,5,0,13,0,0,14,4,18,0,8,19,4,31,26,0,26,57
03/26/2020,GRI,NE,ACE,CE,Federal Contract Tower,0,12,7,0,19,0,0,0,2,2,0,12,7,2,21,0,0,0,21
03/27/2020,GRI,NE,ACE,CE,Federal Contract Tower,0,11,2,0,13,0,0,0,0,0,0,11,2,0,13,0,0,0,13
03/28/2020,GRI,NE,ACE,CE,Federal Contract Tower,0,8,1,0,9,0,0,0,0,0,0,8,1,0,9,0,0,0,9
03/29/2020,GRI,NE,ACE,CE,Federal Contract Tower,0,3,0,0,3,0,0,30,0,30,0,3,30,0,33,10,0,10,43
03/30/2020,GRI,NE,ACE,CE,Federal Contract Tower,0,6,3,2,11,0,0,8,0,8,0,6,11,2,19,30,6,36,55
03/31/2020,GRI,NE,ACE,CE,Federal Contract Tower,0,10,1,0,11,0,0,14,3,17,0,10,15,3,28,28,4,32,60
04/01/2020,GRI,NE,ACE,CE,Federal Contract Tower,0,8,5,2,15,0,0,13,3,16,0,8,18,5,31,18,6,24,55
04/02/2020,GRI,NE,ACE,CE,Federal Contract Tower,0,12,1,0,13,0,0,0,0,0,0,12,1,0,13,0,0,0,13
04/03/2020,GRI,NE,ACE,CE,Federal Contract Tower,2,8,2,0,12,0,0,1,0,1,2,8,3,0,13,0,0,0,13
04/04/2020,GRI,NE,ACE,CE,Federal Contract Tower,0,8,11,0,19,0,0,14,0,14,0,8,25,0,33,6,0,6,39
04/05/2020,GRI,NE,ACE,CE,Federal Contract Tower,0,1,2,0,3,0,0,2,0,2,0,1,4,0,5,0,0,0,5
04/06/2020,GRI,NE,ACE,CE,Federal Contract Tower,0,6,2,0,8,0,0,9,0,9,0,6,11,0,17,18,0,18,35
04/07/2020,GRI,NE,ACE,CE,Federal Contract Tower,0,8,3,0,11,0,0,1,2,3,0,8,4,2,14,2,2,4,18
04/08/2020,GRI,NE,ACE,CE,Federal Contract Tower,0,8,5,0,13,0,0,7,2,9,0,8,12,2,22,0,0,0,22
04/09/2020,GRI,NE,ACE,CE,Federal Contract Tower,0,8,5,0,13,0,0,6,0,6,0,8,11,0,19,0,0,0,19
04/10/2020,GRI,NE,ACE,CE,Federal Contract Tower,2,6,4,2,14,0,2,13,0,15,2,8,17,2,29,16,0,16,45
04/11/2020,GRI,NE,ACE,CE,Federal Contract Tower,0,6,6,0,12,0,0,19,0,19,0,6,25,0,31,38,0,38,69
04/12/2020,GRI,NE,ACE,CE,Federal Contract Tower,0,3,0,0,3,0,0,0,0,0,0,3,0,0,3,0,0,0,3
04/13/2020,GRI,NE,ACE,CE,Federal Contract Tower,0,6,1,2,9,0,0,4,0,4,0,6,5,2,13,30,6,36,49
04/14/2020,GRI,NE,ACE,CE,Federal Contract Tower,0,9,1,0,10,0,6,7,1,14,0,15,8,1,24,0,20,20,44
04/15/2020,GRI,NE,ACE,CE,Federal Contract Tower,0,10,0,0,10,0,3,17,8,28,0,13,17,8,38,4,2,6,44
04/16/2020,GRI,NE,ACE,CE,Federal Contract Tower,0,8,2,0,10,0,0,0,0,0,0,8,2,0,10,0,0,0,10
04/17/2020,GRI,NE,ACE,CE,Federal Contract Tower,0,10,2,1,13,0,0,2,6,8,0,10,4,7,21,10,4,14,35
04/18/2020,GRI,NE,ACE,CE,Federal Contract Tower,0,7,6,0,13,0,0,10,0,10,0,7,16,0,23,32,0,32,55
04/19/2020,GRI,NE,ACE,CE,Federal Contract Tower,0,3,0,0,3,0,0,10,0,10,0,3,10,0,13,0,0,0,13
04/20/2020,GRI,NE,ACE,CE,Federal Contract Tower,0,5,1,0,6,0,2,1,0,3,0,7,2,0,9,18,0,18,27
04/21/2020,GRI,NE,ACE,CE,Federal Contract Tower,0,5,1,0,6,0,0,7,4,11,0,5,8,4,17,14,0,14,31
04/22/2020,GRI,NE,ACE,CE,Federal Contract Tower,0,9,8,0,17,0,0,7,0,7,0,9,15,0,24,2,0,2,26
04/23/2020,GRI,NE,ACE,CE,Federal Contract Tower,0,8,2,0,10,0,0,18,9,27,0,8,20,9,37,4,6,10,47
04/24/2020,GRI,NE,ACE,CE,Federal Contract Tower,0,5,4,0,9,0,0,2,0,2,0,5,6,0,11,0,0,0,11
04/25/2020,GRI,NE,ACE,CE,Federal Contract Tower,0,5,1,0,6,0,0,17,4,21,0,5,18,4,27,8,0,8,35
04/26/2020,GRI,NE,ACE,CE,Federal Contract Tower,0,0,2,0,2,0,0,0,0,0,0,0,2,0,2,0,0,0,2
04/27/2020,GRI,NE,ACE,CE,Federal Contract Tower,0,5,1,0,6,0,2,10,0,12,0,7,11,0,18,26,0,26,44
04/28/2020,GRI,NE,ACE,CE,Federal Contract Tower,0,7,7,0,14,0,0,6,2,8,0,7,13,2,22,0,0,0,22
04/29/2020,GRI,NE,ACE,CE,Federal Contract Tower,0,5,1,0,6,0,0,1,0,1,0,5,2,0,7,0,0,0,7
04/30/2020,GRI,NE,ACE,CE,Federal Contract Tower,0,7,1,0,8,0,0,25,4,29,0,7,26,4,37,14,0,14,51
05/01/2020,GRI,NE,ACE,CE,Federal Contract Tower,0,11,2,0,13,0,0,7,1,8,0,11,9,1,21,2,0,2,23
05/02/2020,GRI,NE,ACE,CE,Federal Contract Tower,0,5,3,0,8,0,0,10,0,10,0,5,13,0,18,42,0,42,60
05/03/2020,GRI,NE,ACE,CE,Federal Contract Tower,0,4,1,0,5,0,0,11,0,11,0,4,12,0,16,10,0,10,26
05/04/2020,GRI,NE,ACE,CE,Federal Contract Tower,0,5,1,0,6,0,0,6,0,6,0,5,7,0,12,0,0,0,12
05/05/2020,GRI,NE,ACE,CE,Federal Contract Tower,0,8,1,0,9,0,0,12,2,14,0,8,13,2,23,8,12,20,43
05/06/2020,GRI,NE,ACE,CE,Federal Contract Tower,0,8,8,0,16,0,0,12,6,18,0,8,20,6,34,20,2,22,56
05/07/2020,GRI,NE,ACE,CE,Federal Contract Tower,0,8,4,2,14,0,0,4,6,10,0,8,8,8,24,0,10,10,34
05/08/2020,GRI,NE,ACE,CE,Federal Contract Tower,2,9,3,0,14,0,0,15,0,15,2,9,18,0,29,30,0,30,59
05/09/2020,GRI,NE,ACE,CE,Federal Contract Tower,0,5,1,0,6,0,0,3,0,3,0,5,4,0,9,20,0,20,29
05/10/2020,GRI,NE,ACE,CE,Federal Contract Tower,2,2,1,0,5,0,0,18,0,18,2,2,19,0,23,6,0,6,29
05/11/2020,GRI,NE,ACE,CE,Federal Contract Tower,2,5,3,0,10,0,0,4,0,4,2,5,7,0,14,4,0,4,18
05/12/2020,GRI,NE,ACE,CE,Federal Contract Tower,0,9,7,2,18,0,0,9,0,9,0,9,16,2,27,8,2,10,37
05/13/2020,GRI,NE,ACE,CE,Federal Contract Tower,0,7,5,0,12,0,0,0,0,0,0,7,5,0,12,0,0,0,12
05/14/2020,GRI,NE,ACE,CE,Federal Contract Tower,2,9,5,1,17,0,0,9,0,9,2,9,14,1,26,4,0,4,30
05/15/2020,GRI,NE,ACE,CE,Federal Contract Tower,2,7,5,0,14,0,0,14,0,14,2,7,19,0,28,6,0,6,34
05/16/2020,GRI,NE,ACE,CE,Federal Contract Tower,0,5,2,0,7,0,0,1,0,1,0,5,3,0,8,0,0,0,8
05/17/2020,GRI,NE,ACE,CE,Federal Contract Tower,2,4,0,0,6,0,0,5,0,5,2,4,5,0,11,0,0,0,11
05/18/2020,GRI,NE,ACE,CE,Federal Contract Tower,2,6,6,0,14,0,0,4,0,4,2,6,10,0,18,0,0,0,18
05/19/2020,GRI,NE,ACE,CE,Federal Contract Tower,0,7,8,0,15,0,0,9,2,11,0,7,17,2,26,10,0,10,36
05/20/2020,GRI,NE,ACE,CE,Federal Contract Tower,0,12,8,1,21,0,0,11,6,17,0,12,19,7,38,0,2,2,40
05/21/2020,GRI,NE,ACE,CE,Federal Contract Tower,2,9,2,0,13,0,0,0,0,0,2,9,2,0,13,0,0,0,13
05/22/2020,GRI,NE,ACE,CE,Federal Contract Tower,2,10,1,0,13,0,0,0,0,0,2,10,1,0,13,0,0,0,13
05/23/2020,GRI,NE,ACE,CE,Federal Contract Tower,0,3,4,0,7,0,0,14,0,14,0,3,18,0,21,8,0,8,29
05/24/2020,GRI,NE,ACE,CE,Federal Contract Tower,2,2,0,0,4,0,0,1,0,1,2,2,1,0,5,10,0,10,15
05/25/2020,GRI,NE,ACE,CE,Federal Contract Tower,2,8,0,0,10,0,0,0,0,0,2,8,0,0,10,0,0,0,10
05/26/2020,GRI,NE,ACE,CE,Federal Contract Tower,0,6,0,4,10,0,0,18,10,28,0,6,18,14,38,14,12,26,64
05/27/2020,GRI,NE,ACE,CE,Federal Contract Tower,0,7,10,4,21,0,0,17,4,21,0,7,27,8,42,18,8,26,68
05/28/2020,GRI,NE,ACE,CE,Federal Contract Tower,2,10,3,2,17,0,5,19,2,26,2,15,22,4,43,4,4,8,51
05/29/2020,GRI,NE,ACE,CE,Federal Contract Tower,2,8,4,0,14,0,0,30,0,30,2,8,34,0,44,46,0,46,90
05/30/2020,GRI,NE,ACE,CE,Federal Contract Tower,0,5,4,0,9,0,0,4,0,4,0,5,8,0,13,2,0,2,15
05/31/2020,GRI,NE,ACE,CE,Federal Contract Tower,2,2,4,0,8,0,0,7,0,7,2,2,11,0,15,0,0,0,15
06/01/2020,GRI,NE,ACE,CE,Federal Contract Tower,2,8,10,0,20,0,0,3,0,3,2,8,13,0,23,0,0,0,23
06/02/2020,GRI,NE,ACE,CE,Federal Contract Tower,0,7,4,2,13,0,0,17,3,20,0,7,21,5,33,16,0,16,49
06/03/2020,GRI,NE,ACE,CE,Federal Contract Tower,0,9,5,2,16,0,0,21,7,28,0,9,26,9,44,20,2,22,66
06/04/2020,GRI,NE,ACE,CE,Federal Contract Tower,2,8,4,0,14,0,0,38,8,46,2,8,42,8,60,16,6,22,82
06/05/2020,GRI,NE,ACE,CE,Federal Contract Tower,1,10,3,0,14,0,1,16,3,20,1,11,19,3,34,22,26,48,82
06/06/2020,GRI,NE,ACE,CE,Federal Contract Tower,0,6,4,2,12,0,0,4,5,9,0,6,8,7,21,18,4,22,43
06/07/2020,GRI,NE,ACE,CE,Federal Contract Tower,2,3,1,0,6,0,0,1,0,1,2,3,2,0,7,0,0,0,7
06/08/2020,GRI,NE,ACE,CE,Federal Contract Tower,0,5,1,0,6,0,0,6,0,6,0,5,7,0,12,0,0,0,12
06/09/2020,GRI,NE,ACE,CE,Federal Contract Tower,0,5,2,0,7,0,0,0,0,0,0,5,2,0,7,0,0,0,7
06/10/2020,GRI,NE,ACE,CE,Federal Contract Tower,0,7,6,0,13,0,2,4,1,7,0,9,10,1,20,0,0,0,20
06/11/2020,GRI,NE,ACE,CE,Federal Contract Tower,2,9,6,4,21,0,0,48,7,55,2,9,54,11,76,50,2,52,128
06/12/2020,GRI,NE,ACE,CE,Federal Contract Tower,0,8,15,0,23,0,0,19,14,33,0,8,34,14,56,30,46,76,132
06/13/2020,GRI,NE,ACE,CE,Federal Contract Tower,0,8,7,2,17,0,0,13,7,20,0,8,20,9,37,36,44,80,117
06/14/2020,GRI,NE,ACE,CE,Federal Contract Tower,2,4,1,0,7,0,0,2,0,2,2,4,3,0,9,0,0,0,9
06/15/2020,GRI,NE,ACE,CE,Federal Contract Tower,0,6,3,1,10,0,0,5,0,5,0,6,8,1,15,4,0,4,19
06/16/2020,GRI,NE,ACE,CE,Federal Contract Tower,0,7,6,2,15,0,0,17,4,21,0,7,23,6,36,8,0,8,44
06/17/2020,GRI,NE,ACE,CE,Federal Contract Tower,0,10,4,0,14,0,1,15,3,19,0,11,19,3,33,2,0,2,35
06/18/2020,GRI,NE,ACE,CE,Federal Contract Tower,2,7,6,0,15,0,0,10,2,12,2,7,16,2,27,16,2,18,45
06/19/2020,GRI,NE,ACE,CE,Federal Contract Tower,3,7,12,2,24,0,0,10,2,12,3,7,22,4,36,26,0,26,62
06/20/2020,GRI,NE,ACE,CE,Federal Contract Tower,0,7,11,0,18,0,0,5,0,5,0,7,16,0,23,0,0,0,23
06/21/2020,GRI,NE,ACE,CE,Federal Contract Tower,2,3,1,0,6,0,0,9,0,9,2,3,10,0,15,8,0,8,23
06/22/2020,GRI,NE,ACE,CE,Federal Contract Tower,0,5,2,0,7,0,0,8,0,8,0,5,10,0,15,0,0,0,15
06/23/2020,GRI,NE,ACE,CE,Federal Contract Tower,2,8,5,0,15,0,1,11,4,16,2,9,16,4,31,18,12,30,61
06/24/2020,GRI,NE,ACE,CE,Federal Contract Tower,0,10,8,2,20,0,1,38,6,45,0,11,46,8,65,10,0,10,75
06/25/2020,GRI,NE,ACE,CE,Federal Contract Tower,2,8,10,0,20,0,0,19,4,23,2,8,29,4,43,12,16,28,71
06/26/2020,GRI,NE,ACE,CE,Federal Contract Tower,1,7,3,0,11,0,0,8,3,11,1,7,11,3,22,2,0,2,24
06/27/2020,GRI,NE,ACE,CE,Federal Contract Tower,0,6,5,0,11,0,0,14,2,16,0,6,19,2,27,22,0,22,49
06/28/2020,GRI,NE,ACE,CE,Federal Contract Tower,2,6,6,0,14,0,0,8,0,8,2,6,14,0,22,10,0,10,32
06/29/2020,GRI,NE,ACE,CE,Federal Contract Tower,0,5,2,0,7,0,0,6,0,6,0,5,8,0,13,0,0,0,13
06/30/2020,GRI,NE,ACE,CE,Federal Contract Tower,0,9,4,0,13,0,1,4,2,7,0,10,8,2,20,2,6,8,28
07/01/2020,GRI,NE,ACE,CE,Federal Contract Tower,0,9,4,0,13,0,1,26,5,32,0,10,30,5,45,36,4,40,85
07/02/2020,GRI,NE,ACE,CE,Federal Contract Tower,2,8,9,0,19,0,0,7,2,9,2,8,16,2,28,18,2,20,48
07/03/2020,GRI,NE,ACE,CE,Federal Contract Tower,2,10,2,0,14,0,2,12,0,14,2,12,14,0,28,0,0,0,28
07/04/2020,GRI,NE,ACE,CE,Federal Contract Tower,0,3,4,0,7,0,0,5,0,5,0,3,9,0,12,2,0,2,14
07/05/2020,GRI,NE,ACE,CE,Federal Contract Tower,2,3,2,0,7,0,0,3,0,3,2,3,5,0,10,6,0,6,16
07/06/2020,GRI,NE,ACE,CE,Federal Contract Tower,2,10,7,0,19,0,0,8,0,8,2,10,15,0,27,0,0,0,27
07/07/2020,GRI,NE,ACE,CE,Federal Contract Tower,0,7,8,2,17,0,1,19,4,24,0,8,27,6,41,30,0,30,71
07/08/2020,GRI,NE,ACE,CE,Federal Contract Tower,0,12,12,0,24,0,0,6,6,12,0,12,18,6,36,34,14,48,84
07/09/2020,GRI,NE,ACE,CE,Federal Contract Tower,2,15,1,0,18,0,0,12,7,19,2,15,13,7,37,4,0,4,41
07/10/2020,GRI,NE,ACE,CE,Federal Contract Tower,2,8,3,0,13,0,0,17,0,17,2,8,20,0,30,14,0,14,44
07/11/2020,GRI,NE,ACE,CE,Federal Contract Tower,0,7,3,0,10,0,0,6,0,6,0,7,9,0,16,18,0,18,34
07/12/2020,GRI,NE,ACE,CE,Federal Contract Tower,2,2,5,0,9,0,0,20,0,20,2,2,25,0,29,0,0,0,29
07/13/2020,GRI,NE,ACE,CE,Federal Contract Tower,2,7,6,1,16,0,0,10,0,10,2,7,16,1,26,10,0,10,36
07/14/2020,GRI,NE,ACE,CE,Federal Contract Tower,0,7,14,2,23,0,0,9,2,11,0,7,23,4,34,24,8,32,66
07/15/2020,GRI,NE,ACE,CE,Federal Contract Tower,0,11,11,1,23,0,0,21,1,22,0,11,32,2,45,36,6,42,87
07/16/2020,GRI,NE,ACE,CE,Federal Contract Tower,2,8,16,0,26,0,0,4,0,4,2,8,20,0,30,4,0,4,34
07/17/2020,GRI,NE,ACE,CE,Federal Contract Tower,2,8,8,0,18,0,0,19,2,21,2,8,27,2,39,18,0,18,57
07/18/2020,GRI,NE,ACE,CE,Federal Contract Tower,0,11,5,0,16,0,0,19,5,24,0,11,24,5,40,4,2,6,46
07/19/2020,GRI,NE,ACE,CE,Federal Contract Tower,2,2,5,2,11,0,0,10,9,19,2,2,15,11,30,24,0,24,54
07/20/2020,GRI,NE,ACE,CE,Federal Contract Tower,2,5,1,2,10,0,0,1,1,2,2,5,2,3,12,0,0,0,12
07/21/2020,GRI,NE,ACE,CE,Federal Contract Tower,0,7,9,0,16,0,0,19,1,20,0,7,28,1,36,8,0,8,44
07/22/2020,GRI,NE,ACE,CE,Federal Contract Tower,0,7,4,4,15,0,0,5,6,11,0,7,9,10,26,14,0,14,40
07/23/2020,GRI,NE,ACE,CE,Federal Contract Tower,2,8,9,0,19,0,0,18,7,25,2,8,27,7,44,0,0,0,44
07/24/2020,GRI,NE,ACE,CE,Federal Contract Tower,2,9,9,3,23,0,0,31,9,40,2,9,40,12,63,18,28,46,109
07/25/2020,GRI,NE,ACE,CE,Federal Contract Tower,0,7,3,0,10,0,0,3,0,3,0,7,6,0,13,0,0,0,13
07/26/2020,GRI,NE,ACE,CE,Federal Contract Tower,2,2,16,0,20,0,0,14,0,14,2,2,30,0,34,14,0,14,48
07/27/2020,GRI,NE,ACE,CE,Federal Contract Tower,2,5,7,0,14,0,0,12,0,12,2,5,19,0,26,74,0,74,100
07/28/2020,GRI,NE,ACE,CE,Federal Contract Tower,0,17,11,0,28,0,0,11,4,15,0,17,22,4,43,16,0,16,59
07/29/2020,GRI,NE,ACE,CE,Federal Contract Tower,0,12,8,0,20,0,0,9,2,11,0,12,17,2,31,8,0,8,39
07/30/2020,GRI,NE,ACE,CE,Federal Contract Tower,2,8,10,0,20,0,0,0,0,0,2,8,10,0,20,0,8,8,28
07/31/2020,GRI,NE,ACE,CE,Federal Contract Tower,2,7,3,0,12,0,0,28,8,36,2,7,31,8,48,38,0,38,86
08/01/2020,GRI,NE,ACE,CE,Federal Contract Tower,0,5,2,0,7,0,0,11,0,11,0,5,13,0,18,28,0,28,46
08/02/2020,GRI,NE,ACE,CE,Federal Contract Tower,4,4,3,0,11,0,0,11,0,11,4,4,14,0,22,8,0,8,30
08/03/2020,GRI,NE,ACE,CE,Federal Contract Tower,2,9,5,0,16,0,0,8,1,9,2,9,13,1,25,0,0,0,25
08/04/2020,GRI,NE,ACE,CE,Federal Contract Tower,0,7,4,2,13,0,0,20,4,24,0,7,24,6,37,38,0,38,75
08/05/2020,GRI,NE,ACE,CE,Federal Contract Tower,0,7,5,0,12,0,2,21,8,31,0,9,26,8,43,36,16,52,95
08/06/2020,GRI,NE,ACE,CE,Federal Contract Tower,4,7,7,0,18,0,0,0,0,0,4,7,7,0,18,14,10,24,42
08/07/2020,GRI,NE,ACE,CE,Federal Contract Tower,2,9,4,12,27,0,0,2,0,2,2,9,6,12,29,0,2,2,31
08/08/2020,GRI,NE,ACE,CE,Federal Contract Tower,0,7,11,0,18,0,0,8,0,8,0,7,19,0,26,6,0,6,32
08/09/2020,GRI,NE,ACE,CE,Federal Contract Tower,2,2,4,0,8,0,0,11,0,11,2,2,15,0,19,28,0,28,47
08/10/2020,GRI,NE,ACE,CE,Federal Contract Tower,2,5,11,0,18,0,0,6,2,8,2,5,17,2,26,0,4,4,30
08/11/2020,GRI,NE,ACE,CE,Federal Contract Tower,0,8,5,2,15,0,0,7,10,17,0,8,12,12,32,0,4,4,36
08/12/2020,GRI,NE,ACE,CE,Federal Contract Tower,0,11,3,4,18,0,0,13,7,20,0,11,16,11,38,6,14,20,58
08/13/2020,GRI,NE,ACE,CE,Federal Contract Tower,2,7,7,4,20,0,0,6,4,10,2,7,13,8,30,0,8,8,38
08/14/2020,GRI,NE,ACE,CE,Federal Contract Tower,2,7,9,0,18,0,0,11,4,15,2,7,20,4,33,0,30,30,63
08/15/2020,GRI,NE,ACE,CE,Federal Contract Tower,0,9,4,0,13,0,0,31,1,32,0,9,35,1,45,60,0,60,105
08/16/2020,GRI,NE,ACE,CE,Federal Contract Tower,2,2,4,0,8,0,0,3,3,6,2,2,7,3,14,10,0,10,24
08/17/2020,GRI,NE,ACE,CE,Federal Contract Tower,2,5,10,0,17,0,0,20,0,20,2,5,30,0,37,6,0,6,43
08/18/2020,GRI,NE,ACE,CE,Federal Contract Tower,0,8,7,4,19,0,0,8,4,12,0,8,15,8,31,18,0,18,49
08/19/2020,GRI,NE,ACE,CE,Federal Contract Tower,0,9,8,0,17,0,0,13,3,16,0,9,21,3,33,14,0,14,47
08/20/2020,GRI,NE,ACE,CE,Federal Contract Tower,0,8,6,3,17,0,0,15,8,23,0,8,21,11,40,8,16,24,64
08/21/2020,GRI,NE,ACE,CE,Federal Contract Tower,2,8,3,0,13,0,1,20,2,23,2,9,23,2,36,58,0,58,94
08/22/2020,GRI,NE,ACE,CE,Federal Contract Tower,0,6,6,0,12,0,0,12,3,15,0,6,18,3,27,10,0,10,37
08/23/2020,GRI,NE,ACE,CE,Federal Contract Tower,0,2,3,1,6,0,0,15,9,24,0,2,18,10,30,6,20,26,56
08/24/2020,GRI,NE,ACE,CE,Federal Contract Tower,2,5,5,1,13,0,0,15,0,15,2,5,20,1,28,14,0,14,42
08/25/2020,GRI,NE,ACE,CE,Federal Contract Tower,0,7,8,0,15,0,2,14,3,19,0,9,22,3,34,18,0,18,52
08/26/2020,GRI,NE,ACE,CE,Federal Contract Tower,0,11,5,0,16,0,0,8,2,10,0,11,13,2,26,4,0,4,30
08/27/2020,GRI,NE,ACE,CE,Federal Contract Tower,0,9,10,3,22,0,0,14,7,21,0,9,24,10,43,12,28,40,83
08/28/2020,GRI,NE,ACE,CE,Federal Contract Tower,2,7,4,1,14,0,0,21,16,37,2,7,25,17,51,8,2,10,61
08/29/2020,GRI,NE,ACE,CE,Federal Contract Tower,0,6,9,2,17,0,0,14,2,16,0,6,23,4,33,24,0,24,57
08/30/2020,GRI,NE,ACE,CE,Federal Contract Tower,0,4,2,0,6,0,0,9,2,11,0,4,11,2,17,12,0,12,29
08/31/2020,GRI,NE,ACE,CE,Federal Contract Tower,2,5,2,2,11,0,0,6,0,6,2,5,8,2,17,0,0,0,17
09/01/2020,GRI,NE,ACE,CE,Federal Contract Tower,0,9,8,6,23,0,0,15,6,21,0,9,23,12,44,70,2,72,116
09/02/2020,GRI,NE,ACE,CE,Federal Contract Tower,0,9,3,6,18,0,0,27,8,35,0,9,30,14,53,24,2,26,79
09/03/2020,GRI,NE,ACE,CE,Federal Contract Tower,0,9,10,1,20,0,1,16,3,20,0,10,26,4,40,52,0,52,92
09/04/2020,GRI,NE,ACE,CE,Federal Contract Tower,2,8,10,2,22,0,0,28,0,28,2,8,38,2,50,26,0,26,76
09/05/2020,GRI,NE,ACE,CE,Federal Contract Tower,0,7,6,0,13,0,0,16,0,16,0,7,22,0,29,2,0,2,31
09/06/2020,GRI,NE,ACE,CE,Federal Contract Tower,0,5,3,0,8,0,0,3,0,3,0,5,6,0,11,0,0,0,11
09/07/2020,GRI,NE,ACE,CE,Federal Contract Tower,2,2,7,0,11,0,0,2,0,2,2,2,9,0,13,2,0,2,15
09/08/2020,GRI,NE,ACE,CE,Federal Contract Tower,0,6,0,0,6,0,0,0,0,0,0,6,0,0,6,0,0,0,6
09/09/2020,GRI,NE,ACE,CE,Federal Contract Tower,0,17,6,4,27,0,1,0,2,3,0,18,6,6,30,0,4,4,34
09/10/2020,GRI,NE,ACE,CE,Federal Contract Tower,0,9,12,5,26,0,0,5,7,12,0,9,17,12,38,0,34,34,72
09/11/2020,GRI,NE,ACE,CE,Federal Contract Tower,2,11,10,3,26,0,0,2,0,2,2,11,12,3,28,14,0,14,42
09/12/2020,GRI,NE,ACE,CE,Federal Contract Tower,0,6,3,0,9,0,0,11,4,15,0,6,14,4,24,30,2,32,56
09/13/2020,GRI,NE,ACE,CE,Federal Contract Tower,2,2,9,0,13,0,0,19,0,19,2,2,28,0,32,6,0,6,38
09/14/2020,GRI,NE,ACE,CE,Federal Contract Tower,2,5,11,1,19,0,0,6,2,8,2,5,17,3,27,0,0,0,27
09/15/2020,GRI,NE,ACE,CE,Federal Contract Tower,0,11,7,1,19,0,0,7,2,9,0,11,14,3,28,6,0,6,34
09/16/2020,GRI,NE,ACE,CE,Federal Contract Tower,0,7,2,0,9,0,0,10,2,12,0,7,12,2,21,26,6,32,53
09/17/2020,GRI,NE,ACE,CE,Federal Contract Tower,2,9,7,3,21,0,0,14,2,16,2,9,21,5,37,50,6,56,93
09/18/2020,GRI,NE,ACE,CE,Federal Contract Tower,2,7,5,2,16,0,0,18,7,25,2,7,23,9,41,24,10,34,75
09/19/2020,GRI,NE,ACE,CE,Federal Contract Tower,0,7,2,0,9,0,0,7,0,7,0,7,9,0,16,0,0,0,16
09/20/2020,GRI,NE,ACE,CE,Federal Contract Tower,0,4,4,0,8,0,0,3,0,3,0,4,7,0,11,0,0,0,11
09/21/2020,GRI,NE,ACE,CE,Federal Contract Tower,2,5,8,0,15,0,0,3,0,3,2,5,11,0,18,0,0,0,18
09/22/2020,GRI,NE,ACE,CE,Federal Contract Tower,0,9,3,2,14,0,0,15,5,20,0,9,18,7,34,30,2,32,66
09/23/2020,GRI,NE,ACE,CE,Federal Contract Tower,0,7,8,1,16,0,0,6,2,8,0,7,14,3,24,0,0,0,24
09/24/2020,GRI,NE,ACE,CE,Federal Contract Tower,0,6,7,3,16,0,0,18,5,23,0,6,25,8,39,44,12,56,95
09/25/2020,GRI,NE,ACE,CE,Federal Contract Tower,2,7,10,0,19,0,2,14,3,19,2,9,24,3,38,10,2,12,50
09/26/2020,GRI,NE,ACE,CE,Federal Contract Tower,0,7,11,3,21,0,2,9,0,11,0,9,20,3,32,4,2,6,38
09/27/2020,GRI,NE,ACE,CE,Federal Contract Tower,0,2,10,1,13,0,2,4,0,6,0,4,14,1,19,4,0,4,23
09/28/2020,GRI,NE,ACE,CE,Federal Contract Tower,2,6,4,1,13,0,0,2,2,4,2,6,6,3,17,6,0,6,23
09/29/2020,GRI,NE,ACE,CE,Federal Contract Tower,0,11,1,0,12,0,0,19,8,27,0,11,20,8,39,34,0,34,73
09/30/2020,GRI,NE,ACE,CE,Federal Contract Tower,0,9,5,1,15,0,0,2,1,3,0,9,7,2,18,0,0,0,18
10/01/2020,GRI,NE,ACE,CE,Federal Contract Tower,0,7,4,0,11,0,0,19,15,34,0,7,23,15,45,30,44,74,119
10/02/2020,GRI,NE,ACE,CE,Federal Contract Tower,2,8,10,0,20,0,0,16,0,16,2,8,26,0,36,6,0,6,42
10/04/2020,GRI,NE,ACE,CE,Federal Contract Tower,2,2,5,0,9,0,0,6,0,6,2,2,11,0,15,2,0,2,17
10/05/2020,GRI,NE,ACE,CE,Federal Contract Tower,2,5,1,0,8,0,0,4,0,4,2,5,5,0,12,2,0,2,14
10/06/2020,GRI,NE,ACE,CE,Federal Contract Tower,0,12,5,2,19,0,0,19,3,22,0,12,24,5,41,16,14,30,71
10/07/2020,GRI,NE,ACE,CE,Federal Contract Tower,0,10,11,0,21,0,0,23,3,26,0,10,34,3,47,12,0,12,59
10/08/2020,GRI,NE,ACE,CE,Federal Contract Tower,2,11,4,2,19,0,0,13,13,26,2,11,17,15,45,8,0,8,53
10/09/2020,GRI,NE,ACE,CE,Federal Contract Tower,2,9,2,0,13,0,0,24,7,31,2,9,26,7,44,28,14,42,86
10/10/2020,GRI,NE,ACE,CE,Federal Contract Tower,0,6,7,0,13,0,0,11,0,11,0,6,18,0,24,4,0,4,28
10/11/2020,GRI,NE,ACE,CE,Federal Contract Tower,2,2,2,0,6,0,0,0,0,0,2,2,2,0,6,14,0,14,20
10/12/2020,GRI,NE,ACE,CE,Federal Contract Tower,2,4,3,0,9,0,1,3,0,4,2,5,6,0,13,0,0,0,13
10/13/2020,GRI,NE,ACE,CE,Federal Contract Tower,0,10,10,2,22,0,0,22,0,22,0,10,32,2,44,56,6,62,106
10/14/2020,GRI,NE,ACE,CE,Federal Contract Tower,0,10,5,3,18,0,0,5,2,7,0,10,10,5,25,0,0,0,25
10/15/2020,GRI,NE,ACE,CE,Federal Contract Tower,2,8,7,1,18,0,0,26,7,33,2,8,33,8,51,12,12,24,75
10/16/2020,GRI,NE,ACE,CE,Federal Contract Tower,2,12,6,0,20,0,0,24,8,32,2,12,30,8,52,12,0,12,64
10/17/2020,GRI,NE,ACE,CE,Federal Contract Tower,0,6,1,0,7,0,0,23,14,37,0,6,24,14,44,22,22,44,88
10/18/2020,GRI,NE,ACE,CE,Federal Contract Tower,1,2,5,2,10,0,0,14,0,14,1,2,19,2,24,0,0,0,24
10/19/2020,GRI,NE,ACE,CE,Federal Contract Tower,2,10,4,2,18,0,0,4,0,4,2,10,8,2,22,0,0,0,22
10/20/2020,GRI,NE,ACE,CE,Federal Contract Tower,0,10,1,0,11,0,2,11,2,15,0,12,12,2,26,10,0,10,36
10/21/2020,GRI,NE,ACE,CE,Federal Contract Tower,0,15,10,2,27,0,0,5,4,9,0,15,15,6,36,2,2,4,40
10/22/2020,GRI,NE,ACE,CE,Federal Contract Tower,4,10,3,0,17,0,0,0,0,0,4,10,3,0,17,0,0,0,17
10/23/2020,GRI,NE,ACE,CE,Federal Contract Tower,2,8,8,0,18,0,0,12,1,13,2,8,20,1,31,2,0,2,33
10/24/2020,GRI,NE,ACE,CE,Federal Contract Tower,0,6,2,0,8,0,0,7,0,7,0,6,9,0,15,0,0,0,15
10/25/2020,GRI,NE,ACE,CE,Federal Contract Tower,2,2,0,0,4,0,0,0,0,0,2,2,0,0,4,0,0,0,4
10/26/2020,GRI,NE,ACE,CE,Federal Contract Tower,4,8,9,0,21,0,0,4,0,4,4,8,13,0,25,2,0,2,27
10/27/2020,GRI,NE,ACE,CE,Federal Contract Tower,0,10,7,1,18,0,0,16,5,21,0,10,23,6,39,26,4,30,69
10/28/2020,GRI,NE,ACE,CE,Federal Contract Tower,0,8,4,0,12,0,0,12,3,15,0,8,16,3,27,10,0,10,37
10/29/2020,GRI,NE,ACE,CE,Federal Contract Tower,2,8,7,0,17,0,0,25,9,34,2,8,32,9,51,34,14,48,99
10/30/2020,GRI,NE,ACE,CE,Federal Contract Tower,2,7,7,0,16,0,0,24,0,24,2,7,31,0,40,30,0,30,70
10/31/2020,GRI,NE,ACE,CE,Federal Contract Tower,0,7,2,0,9,0,0,9,0,9,0,7,11,0,18,0,0,0,18
11/01/2020,GRI,NE,ACE,CE,Federal Contract Tower,2,3,0,0,5,0,0,13,0,13,2,3,13,0,18,4,0,4,22
11/02/2020,GRI,NE,ACE,CE,Federal Contract Tower,2,12,7,0,21,0,0,3,0,3,2,12,10,0,24,4,0,4,28
11/03/2020,GRI,NE,ACE,CE,Federal Contract Tower,0,12,9,0,21,0,0,15,2,17,0,12,24,2,38,12,0,12,50
11/04/2020,GRI,NE,ACE,CE,Federal Contract Tower,0,10,8,4,22,0,0,16,0,16,0,10,24,4,38,14,0,14,52
11/05/2020,GRI,NE,ACE,CE,Federal Contract Tower,2,11,15,3,31,0,0,29,7,36,2,11,44,10,67,16,4,20,87
11/06/2020,GRI,NE,ACE,CE,Federal Contract Tower,2,11,7,4,24,0,0,11,0,11,2,11,18,4,35,6,0,6,41
11/07/2020,GRI,NE,ACE,CE,Federal Contract Tower,0,7,0,0,7,0,0,1,0,1,0,7,1,0,8,0,16,16,24
11/08/2020,GRI,NE,ACE,CE,Federal Contract Tower,2,5,0,0,7,0,0,1,0,1,2,5,1,0,8,0,0,0,8
11/09/2020,GRI,NE,ACE,CE,Federal Contract Tower,2,6,0,0,8,0,0,0,0,0,2,6,0,0,8,0,0,0,8
11/10/2020,GRI,NE,ACE,CE,Federal Contract Tower,0,7,0,0,7,0,0,3,2,5,0,7,3,2,12,0,0,0,12
11/11/2020,GRI,NE,ACE,CE,Federal Contract Tower,0,8,3,0,11,0,0,14,0,14,0,8,17,0,25,0,0,0,25
11/12/2020,GRI,NE,ACE,CE,Federal Contract Tower,2,8,2,1,13,0,0,6,7,13,2,8,8,8,26,8,22,30,56
11/13/2020,GRI,NE,ACE,CE,Federal Contract Tower,2,8,2,0,12,0,0,8,1,9,2,8,10,1,21,0,4,4,25
11/14/2020,GRI,NE,ACE,CE,Federal Contract Tower,0,6,2,0,8,0,0,3,0,3,0,6,5,0,11,0,0,0,11
11/15/2020,GRI,NE,ACE,CE,Federal Contract Tower,2,4,0,0,6,0,0,0,0,0,2,4,0,0,6,0,0,0,6
11/16/2020,GRI,NE,ACE,CE,Federal Contract Tower,2,7,3,0,12,0,0,12,0,12,2,7,15,0,24,20,0,20,44
11/17/2020,GRI,NE,ACE,CE,Federal Contract Tower,0,9,4,0,13,0,0,6,5,11,0,9,10,5,24,0,0,0,24
11/18/2020,GRI,NE,ACE,CE,Federal Contract Tower,0,7,2,2,11,0,0,5,7,12,0,7,7,9,23,22,0,22,45
11/19/2020,GRI,NE,ACE,CE,Federal Contract Tower,2,9,5,0,16,0,0,21,13,34,2,9,26,13,50,26,0,26,76
11/20/2020,GRI,NE,ACE,CE,Federal Contract Tower,2,6,14,1,23,0,0,18,4,22,2,6,32,5,45,38,20,58,103
11/21/2020,GRI,NE,ACE,CE,Federal Contract Tower,0,9,6,0,15,0,0,2,3,5,0,9,8,3,20,0,0,0,20
11/22/2020,GRI,NE,ACE,CE,Federal Contract Tower,2,3,4,0,9,0,0,17,0,17,2,3,21,0,26,18,0,18,44
11/23/2020,GRI,NE,ACE,CE,Federal Contract Tower,0,7,3,0,10,0,0,1,0,1,0,7,4,0,11,0,0,0,11
11/24/2020,GRI,NE,ACE,CE,Federal Contract Tower,4,9,10,0,23,0,0,0,0,0,4,9,10,0,23,0,0,0,23
11/25/2020,GRI,NE,ACE,CE,Federal Contract Tower,0,16,6,0,22,0,0,9,7,16,0,16,15,7,38,20,12,32,70
11/26/2020,GRI,NE,ACE,CE,Federal Contract Tower,2,2,2,0,6,0,0,9,0,9,2,2,11,0,15,6,0,6,21
11/27/2020,GRI,NE,ACE,CE,Federal Contract Tower,2,12,2,0,16,0,0,9,0,9,2,12,11,0,25,10,0,10,35
11/28/2020,GRI,NE,ACE,CE,Federal Contract Tower,0,7,4,0,11,0,0,21,0,21,0,7,25,0,32,18,0,18,50
11/29/2020,GRI,NE,ACE,CE,Federal Contract Tower,2,9,0,0,11,0,0,3,0,3,2,9,3,0,14,0,0,0,14
11/30/2020,GRI,NE,ACE,CE,Federal Contract Tower,2,6,5,2,15,0,0,4,0,4,2,6,9,2,19,10,0,10,29
12/01/2020,GRI,NE,ACE,CE,Federal Contract Tower,0,11,8,0,19,0,0,12,6,18,0,11,20,6,37,20,10,30,67
12/02/2020,GRI,NE,ACE,CE,Federal Contract Tower,0,12,1,0,13,0,0,0,2,2,0,12,1,2,15,0,2,2,17
12/03/2020,GRI,NE,ACE,CE,Federal Contract Tower,2,11,4,0,17,0,0,10,6,16,2,11,14,6,33,23,4,27,60
12/04/2020,GRI,NE,ACE,CE,Federal Contract Tower,2,8,10,1,21,0,0,22,2,24,2,8,32,3,45,28,0,28,73
12/05/2020,GRI,NE,ACE,CE,Federal Contract Tower,0,7,3,1,11,0,0,6,10,16,0,7,9,11,27,14,10,24,51
12/06/2020,GRI,NE,ACE,CE,Federal Contract Tower,2,5,2,0,9,0,0,9,0,9,2,5,11,0,18,26,0,26,44
12/07/2020,GRI,NE,ACE,CE,Federal Contract Tower,2,7,1,0,10,0,0,6,0,6,2,7,7,0,16,14,0,14,30
12/08/2020,GRI,NE,ACE,CE,Federal Contract Tower,0,18,6,2,26,0,2,10,10,22,0,20,16,12,48,30,18,48,96
12/09/2020,GRI,NE,ACE,CE,Federal Contract Tower,0,11,4,0,15,0,2,14,0,16,0,13,18,0,31,6,0,6,37
12/10/2020,GRI,NE,ACE,CE,Federal Contract Tower,0,11,2,0,13,0,0,9,5,14,0,11,11,5,27,2,0,2,29
12/11/2020,GRI,NE,ACE,CE,Federal Contract Tower,2,8,0,0,10,0,0,0,0,0,2,8,0,0,10,0,0,0,10
12/12/2020,GRI,NE,ACE,CE,Federal Contract Tower,0,7,0,0,7,0,0,0,0,0,0,7,0,0,7,0,0,0,7
12/13/2020,GRI,NE,ACE,CE,Federal Contract Tower,0,5,0,0,5,0,0,1,0,1,0,5,1,0,6,2,0,2,8
12/14/2020,GRI,NE,ACE,CE,Federal Contract Tower,2,8,11,0,21,0,0,14,0,14,2,8,25,0,35,12,0,12,47
12/15/2020,GRI,NE,ACE,CE,Federal Contract Tower,0,11,7,0,18,0,0,0,0,0,0,11,7,0,18,0,0,0,18
12/16/2020,GRI,NE,ACE,CE,Federal Contract Tower,0,17,6,0,23,0,0,5,4,9,0,17,11,4,32,0,12,12,44
12/17/2020,GRI,NE,ACE,CE,Federal Contract Tower,2,9,7,0,18,0,0,18,4,22,2,9,25,4,40,52,20,72,112
12/18/2020,GRI,NE,ACE,CE,Federal Contract Tower,2,10,4,14,30,0,0,14,2,16,2,10,18,16,46,28,0,28,74
12/19/2020,GRI,NE,ACE,CE,Federal Contract Tower,0,6,1,0,7,0,0,3,0,3,0,6,4,0,10,0,0,0,10
12/20/2020,GRI,NE,ACE,CE,Federal Contract Tower,2,3,2,0,7,0,0,5,0,5,2,3,7,0,12,4,0,4,16
12/21/2020,GRI,NE,ACE,CE,Federal Contract Tower,2,8,5,0,15,0,2,12,0,14,2,10,17,0,29,24,0,24,53
12/22/2020,GRI,NE,ACE,CE,Federal Contract Tower,0,9,4,0,13,0,0,3,12,15,0,9,7,12,28,0,4,4,32
12/23/2020,GRI,NE,ACE,CE,Federal Contract Tower,0,7,2,0,9,0,0,0,0,0,0,7,2,0,9,0,0,0,9
12/24/2020,GRI,NE,ACE,CE,Federal Contract Tower,2,8,6,0,16,0,0,4,0,4,2,8,10,0,20,0,0,0,20
12/25/2020,GRI,NE,ACE,CE,Federal Contract Tower,2,1,0,0,3,0,0,1,0,1,2,1,1,0,4,0,0,0,4
12/26/2020,GRI,NE,ACE,CE,Federal Contract Tower,2,8,7,0,17,0,0,9,0,9,2,8,16,0,26,28,0,28,54
12/27/2020,GRI,NE,ACE,CE,Federal Contract Tower,1,3,0,0,4,0,0,1,0,1,1,3,1,0,5,0,0,0,5
12/28/2020,GRI,NE,ACE,CE,Federal Contract Tower,5,11,8,0,24,0,0,1,0,1,5,11,9,0,25,0,0,0,25
12/29/2020,GRI,NE,ACE,CE,Federal Contract Tower,0,9,0,0,9,0,0,0,0,0,0,9,0,0,9,0,0,0,9
12/30/2020,GRI,NE,ACE,CE,Federal Contract Tower,2,13,5,1,21,0,0,0,3,3,2,13,5,4,24,0,0,0,24
12/31/2020,GRI,NE,ACE,CE,Federal Contract Tower,2,10,3,0,15,0,0,10,4,14,2,10,13,4,29,4,6,10,39
01/01/2021,GRI,NE,ACE,CE,Federal Contract Tower,2,2,1,0,5,0,0,0,0,0,2,2,1,0,5,0,0,0,5
01/02/2021,GRI,NE,ACE,CE,Federal Contract Tower,2,7,6,0,15,0,0,15,0,15,2,7,21,0,30,14,0,14,44
01/03/2021,GRI,NE,ACE,CE,Federal Contract Tower,2,6,3,0,11,0,0,5,0,5,2,6,8,0,16,8,0,8,24
01/04/2021,GRI,NE,ACE,CE,Federal Contract Tower,0,6,7,0,13,0,0,8,0,8,0,6,15,0,21,6,0,6,27
01/05/2021,GRI,NE,ACE,CE,Federal Contract Tower,0,11,2,0,13,0,0,9,5,14,0,11,11,5,27,6,8,14,41
01/06/2021,GRI,NE,ACE,CE,Federal Contract Tower,0,10,1,0,11,0,0,5,0,5,0,10,6,0,16,0,0,0,16
01/07/2021,GRI,NE,ACE,CE,Federal Contract Tower,2,12,1,0,15,0,0,0,0,0,2,12,1,0,15,0,0,0,15
01/08/2021,GRI,NE,ACE,CE,Federal Contract Tower,1,12,6,0,19,0,0,0,0,0,1,12,6,0,19,0,0,0,19
01/09/2021,GRI,NE,ACE,CE,Federal Contract Tower,0,7,5,0,12,0,0,2,0,2,0,7,7,0,14,0,0,0,14
01/10/2021,GRI,NE,ACE,CE,Federal Contract Tower,2,5,4,0,11,0,0,0,0,0,2,5,4,0,11,0,0,0,11
01/11/2021,GRI,NE,ACE,CE,Federal Contract Tower,1,6,6,0,13,0,0,2,0,2,1,6,8,0,15,28,0,28,43
01/12/2021,GRI,NE,ACE,CE,Federal Contract Tower,0,15,9,0,24,0,1,19,14,34,0,16,28,14,58,4,8,12,70
01/13/2021,GRI,NE,ACE,CE,Federal Contract Tower,0,10,5,0,15,0,0,18,8,26,0,10,23,8,41,6,2,8,49
01/14/2021,GRI,NE,ACE,CE,Federal Contract Tower,2,9,1,0,12,0,0,0,0,0,2,9,1,0,12,0,0,0,12
01/15/2021,GRI,NE,ACE,CE,Federal Contract Tower,1,4,3,0,8,0,0,0,0,0,1,4,3,0,8,0,0,0,8
01/16/2021,GRI,NE,ACE,CE,Federal Contract Tower,0,6,2,0,8,0,0,17,0,17,0,6,19,0,25,6,0,6,31
01/17/2021,GRI,NE,ACE,CE,Federal Contract Tower,2,3,0,0,5,0,0,2,0,2,2,3,2,0,7,8,0,8,15
01/18/2021,GRI,NE,ACE,CE,Federal Contract Tower,1,6,3,0,10,0,0,2,0,2,1,6,5,0,12,4,0,4,16
01/19/2021,GRI,NE,ACE,CE,Federal Contract Tower,0,8,7,0,15,0,0,2,0,2,0,8,9,0,17,0,0,0,17
01/20/2021,GRI,NE,ACE,CE,Federal Contract Tower,0,10,1,0,11,0,3,10,10,23,0,13,11,10,34,6,6,12,46
01/21/2021,GRI,NE,ACE,CE,Federal Contract Tower,2,10,4,0,16,0,0,25,22,47,2,10,29,22,63,0,26,26,89
01/22/2021,GRI,NE,ACE,CE,Federal Contract Tower,1,10,4,0,15,0,0,0,0,0,1,10,4,0,15,0,0,0,15
01/23/2021,GRI,NE,ACE,CE,Federal Contract Tower,0,6,1,0,7,0,0,0,3,3,0,6,1,3,10,0,6,6,16
01/24/2021,GRI,NE,ACE,CE,Federal Contract Tower,2,3,2,6,13,0,0,0,0,0,2,3,2,6,13,0,0,0,13
01/25/2021,GRI,NE,ACE,CE,Federal Contract Tower,1,1,0,0,2,0,0,0,0,0,1,1,0,0,2,0,0,0,2
01/26/2021,GRI,NE,ACE,CE,Federal Contract Tower,0,8,3,0,11,0,0,0,0,0,0,8,3,0,11,0,0,0,11
01/27/2021,GRI,NE,ACE,CE,Federal Contract Tower,0,8,2,0,10,0,0,4,0,4,0,8,6,0,14,24,0,24,38
01/28/2021,GRI,NE,ACE,CE,Federal Contract Tower,2,9,2,0,13,0,0,0,0,0,2,9,2,0,13,0,8,8,21
01/29/2021,GRI,NE,ACE,CE,Federal Contract Tower,1,9,4,0,14,0,0,0,0,0,1,9,4,0,14,0,0,0,14
01/30/2021,GRI,NE,ACE,CE,Federal Contract Tower,0,5,0,0,5,0,0,0,0,0,0,5,0,0,5,0,0,0,5
01/31/2021,GRI,NE,ACE,CE,Federal Contract Tower,2,5,0,0,7,0,0,5,0,5,2,5,5,0,12,6,0,6,18
02/01/2021,GRI,NE,ACE,CE,Federal Contract Tower,0,9,8,0,17,0,0,0,0,0,0,9,8,0,17,0,0,0,17
02/02/2021,GRI,NE,ACE,CE,Federal Contract Tower,0,12,2,0,14,0,0,0,0,0,0,12,2,0,14,0,0,0,14
02/03/2021,GRI,NE,ACE,CE,Federal Contract Tower,0,5,3,0,8,0,0,9,4,13,0,5,12,4,21,6,4,10,31
02/04/2021,GRI,NE,ACE,CE,Federal Contract Tower,2,13,3,0,18,0,0,4,8,12,2,13,7,8,30,0,36,36,66
02/05/2021,GRI,NE,ACE,CE,Federal Contract Tower,3,10,5,0,18,0,0,20,10,30,3,10,25,10,48,20,2,22,70
02/06/2021,GRI,NE,ACE,CE,Federal Contract Tower,0,7,1,0,8,0,0,0,0,0,0,7,1,0,8,0,0,0,8
02/07/2021,GRI,NE,ACE,CE,Federal Contract Tower,4,3,1,0,8,0,0,0,0,0,4,3,1,0,8,0,0,0,8
02/08/2021,GRI,NE,ACE,CE,Federal Contract Tower,1,12,6,2,21,0,0,0,0,0,1,12,6,2,21,0,0,0,21
02/09/2021,GRI,NE,ACE,CE,Federal Contract Tower,2,9,11,0,22,0,0,3,2,5,2,9,14,2,27,0,10,10,37
02/10/2021,GRI,NE,ACE,CE,Federal Contract Tower,2,13,9,2,26,0,0,6,3,9,2,13,15,5,35,0,0,0,35
02/11/2021,GRI,NE,ACE,CE,Federal Contract Tower,2,9,10,0,21,0,0,0,0,0,2,9,10,0,21,0,0,0,21
02/12/2021,GRI,NE,ACE,CE,Federal Contract Tower,2,8,2,0,12,0,0,0,0,0,2,8,2,0,12,0,0,0,12
02/13/2021,GRI,NE,ACE,CE,Federal Contract Tower,0,7,0,0,7,0,0,0,0,0,0,7,0,0,7,0,0,0,7
02/14/2021,GRI,NE,ACE,CE,Federal Contract Tower,2,2,2,0,6,0,0,2,0,2,2,2,4,0,8,0,0,0,8
02/15/2021,GRI,NE,ACE,CE,Federal Contract Tower,2,3,1,0,6,0,0,0,0,0,2,3,1,0,6,0,0,0,6
02/16/2021,GRI,NE,ACE,CE,Federal Contract Tower,0,5,7,0,12,0,0,0,0,0,0,5,7,0,12,0,0,0,12
02/17/2021,GRI,NE,ACE,CE,Federal Contract Tower,0,4,9,0,13,0,0,2,9,11,0,4,11,9,24,0,54,54,78
02/18/2021,GRI,NE,ACE,CE,Federal Contract Tower,2,8,4,0,14,0,0,25,10,35,2,8,29,10,49,16,8,24,73
02/19/2021,GRI,NE,ACE,CE,Federal Contract Tower,2,8,9,0,19,0,0,23,6,29,2,8,32,6,48,2,2,4,52
02/20/2021,GRI,NE,ACE,CE,Federal Contract Tower,0,6,2,0,8,0,0,10,4,14,0,6,12,4,22,6,4,10,32
02/21/2021,GRI,NE,ACE,CE,Federal Contract Tower,2,3,3,0,8,0,0,0,0,0,2,3,3,0,8,0,0,0,8
02/22/2021,GRI,NE,ACE,CE,Federal Contract Tower,2,6,1,0,9,0,0,12,0,12,2,6,13,0,21,32,0,32,53
02/23/2021,GRI,NE,ACE,CE,Federal Contract Tower,0,8,3,1,12,0,0,9,3,12,0,8,12,4,24,36,14,50,74
02/24/2021,GRI,NE,ACE,CE,Federal Contract Tower,1,9,8,2,20,0,0,23,14,37,1,9,31,16,57,28,26,54,111
02/25/2021,GRI,NE,ACE,CE,Federal Contract Tower,2,11,2,0,15,0,2,36,15,53,2,13,38,15,68,36,48,84,152
02/26/2021,GRI,NE,ACE,CE,Federal Contract Tower,2,10,4,4,20,0,0,0,0,0,2,10,4,4,20,28,2,30,50
02/27/2021,GRI,NE,ACE,CE,Federal Contract Tower,0,7,7,0,14,0,2,9,1,12,0,9,16,1,26,18,0,18,44
02/28/2021,GRI,NE,ACE,CE,Federal Contract Tower,2,3,1,1,7,0,0,2,0,2,2,3,3,1,9,0,0,0,9
03/01/2021,GRI,NE,ACE,CE,Federal Contract Tower,2,8,5,1,16,0,0,11,0,11,2,8,16,1,27,10,0,10,37
03/02/2021,GRI,NE,ACE,CE,Federal Contract Tower,0,9,5,1,15,0,0,13,2,15,0,9,18,3,30,22,30,52,82
03/03/2021,GRI,NE,ACE,CE,Federal Contract Tower,1,8,10,0,19,0,0,35,2,37,1,8,45,2,56,74,0,74,130
03/04/2021,GRI,NE,ACE,CE,Federal Contract Tower,0,8,7,0,15,0,0,23,8,31,0,8,30,8,46,24,8,32,78
03/05/2021,GRI,NE,ACE,CE,Federal Contract Tower,2,8,5,4,19,0,0,21,0,21,2,8,26,4,40,8,0,8,48
03/06/2021,GRI,NE,ACE,CE,Federal Contract Tower,0,9,4,1,14,0,2,31,7,40,0,11,35,8,54,34,28,62,116
03/07/2021,GRI,NE,ACE,CE,Federal Contract Tower,0,3,4,0,7,0,0,3,0,3,0,3,7,0,10,0,0,0,10
03/08/2021,GRI,NE,ACE,CE,Federal Contract Tower,2,6,8,0,16,0,0,17,0,17,2,6,25,0,33,8,0,8,41
03/09/2021,GRI,NE,ACE,CE,Federal Contract Tower,0,10,7,0,17,0,0,24,5,29,0,10,31,5,46,8,4,12,58
03/10/2021,GRI,NE,ACE,CE,Federal Contract Tower,0,10,3,0,13,0,0,1,2,3,0,10,4,2,16,6,12,18,34
03/11/2021,GRI,NE,ACE,CE,Federal Contract Tower,0,8,10,2,20,0,2,30,14,46,0,10,40,16,66,10,14,24,90
03/12/2021,GRI,NE,ACE,CE,Federal Contract Tower,2,7,3,0,12,0,0,15,2,17,2,7,18,2,29,6,2,8,37
03/13/2021,GRI,NE,ACE,CE,Federal Contract Tower,0,7,0,0,7,0,0,1,0,1,0,7,1,0,8,0,0,0,8
03/14/2021,GRI,NE,ACE,CE,Federal Contract Tower,0,1,1,0,2,0,0,0,0,0,0,1,1,0,2,0,0,0,2
03/15/2021,GRI,NE,ACE,CE,Federal Contract Tower,2,7,3,0,12,0,0,0,0,0,2,7,3,0,12,0,0,0,12
03/16/2021,GRI,NE,ACE,CE,Federal Contract Tower,0,13,2,0,15,0,0,0,0,0,0,13,2,0,15,0,0,0,15
03/17/2021,GRI,NE,ACE,CE,Federal Contract Tower,0,10,3,0,13,0,0,0,4,4,0,10,3,4,17,0,0,0,17
03/18/2021,GRI,NE,ACE,CE,Federal Contract Tower,2,9,4,0,15,0,0,14,10,24,2,9,18,10,39,0,10,10,49
03/19/2021,GRI,NE,ACE,CE,Federal Contract Tower,2,9,5,13,29,0,2,44,4,50,2,11,49,17,79,44,6,50,129
03/20/2021,GRI,NE,ACE,CE,Federal Contract Tower,0,6,1,2,9,0,0,1,0,1,0,6,2,2,10,0,0,0,10
03/21/2021,GRI,NE,ACE,CE,Federal Contract Tower,0,2,2,0,4,0,0,12,1,13,0,2,14,1,17,0,0,0,17
03/22/2021,GRI,NE,ACE,CE,Federal Contract Tower,4,8,4,0,16,0,0,2,0,2,4,8,6,0,18,0,0,0,18
03/23/2021,GRI,NE,ACE,CE,Federal Contract Tower,0,8,4,0,12,0,0,0,0,0,0,8,4,0,12,0,0,0,12
03/24/2021,GRI,NE,ACE,CE,Federal Contract Tower,2,10,9,0,21,0,2,3,0,5,2,12,12,0,26,0,0,0,26
03/25/2021,GRI,NE,ACE,CE,Federal Contract Tower,0,8,9,0,17,0,0,19,16,35,0,8,28,16,52,12,34,46,98
03/26/2021,GRI,NE,ACE,CE,Federal Contract Tower,2,9,5,0,16,0,0,7,5,12,2,9,12,5,28,10,14,24,52
03/27/2021,GRI,NE,ACE,CE,Federal Contract Tower,0,9,2,0,11,0,0,3,2,5,0,9,5,2,16,0,0,0,16
03/28/2021,GRI,NE,ACE,CE,Federal Contract Tower,2,7,4,1,14,0,0,0,0,0,2,7,4,1,14,0,2,2,16
03/29/2021,GRI,NE,ACE,CE,Federal Contract Tower,2,7,2,0,11,0,0,13,0,13,2,7,15,0,24,26,0,26,50
03/30/2021,GRI,NE,ACE,CE,Federal Contract Tower,0,10,4,0,14,0,0,10,2,12,0,10,14,2,26,6,0,6,32
03/31/2021,GRI,NE,ACE,CE,Federal Contract Tower,0,11,7,0,18,0,1,22,6,29,0,12,29,6,47,46,22,68,115
04/01/2021,GRI,NE,ACE,CE,Federal Contract Tower,0,14,6,0,20,0,1,13,3,17,0,15,19,3,37,8,4,12,49
04/02/2021,GRI,NE,ACE,CE,Federal Contract Tower,2,13,4,0,19,0,1,4,0,5,2,14,8,0,24,0,0,0,24
04/03/2021,GRI,NE,ACE,CE,Federal Contract Tower,0,6,2,0,8,0,1,13,0,14,0,7,15,0,22,8,0,8,30
04/04/2021,GRI,NE,ACE,CE,Federal Contract Tower,0,3,4,0,7,0,0,19,0,19,0,3,23,0,26,16,0,16,42
04/05/2021,GRI,NE,ACE,CE,Federal Contract Tower,0,10,3,0,13,0,0,6,0,6,0,10,9,0,19,2,0,2,21
04/06/2021,GRI,NE,ACE,CE,Federal Contract Tower,0,13,4,0,17,0,1,3,4,8,0,14,7,4,25,0,20,20,45
04/07/2021,GRI,NE,ACE,CE,Federal Contract Tower,0,8,1,0,9,0,0,0,0,0,0,8,1,0,9,0,0,0,9
04/08/2021,GRI,NE,ACE,CE,Federal Contract Tower,0,11,7,3,21,0,0,5,2,7,0,11,12,5,28,0,2,2,30
04/09/2021,GRI,NE,ACE,CE,Federal Contract Tower,2,10,2,0,14,0,0,1,3,4,2,10,3,3,18,0,4,4,22
04/10/2021,GRI,NE,ACE,CE,Federal Contract Tower,0,7,13,0,20,0,0,11,5,16,0,7,24,5,36,22,0,22,58
04/11/2021,GRI,NE,ACE,CE,Federal Contract Tower,0,3,0,0,3,0,2,9,1,12,0,5,9,1,15,12,0,12,27
04/12/2021,GRI,NE,ACE,CE,Federal Contract Tower,4,6,3,0,13,0,0,5,0,5,4,6,8,0,18,4,0,4,22
04/13/2021,GRI,NE,ACE,CE,Federal Contract Tower,0,10,4,2,16,0,1,7,3,11,0,11,11,5,27,0,0,0,27
04/14/2021,GRI,NE,ACE,CE,Federal Contract Tower,0,11,2,1,14,0,0,10,6,16,0,11,12,7,30,0,2,2,32
04/15/2021,GRI,NE,ACE,CE,Federal Contract Tower,2,12,4,0,18,0,0,18,5,23,2,12,22,5,41,2,0,2,43
04/16/2021,GRI,NE,ACE,CE,Federal Contract Tower,4,12,6,0,22,0,0,0,0,0,4,12,6,0,22,0,0,0,22
04/17/2021,GRI,NE,ACE,CE,Federal Contract Tower,0,7,3,0,10,0,0,2,0,2,0,7,5,0,12,0,0,0,12
04/18/2021,GRI,NE,ACE,CE,Federal Contract Tower,0,3,3,0,6,0,0,5,4,9,0,3,8,4,15,8,0,8,23
04/19/2021,GRI,NE,ACE,CE,Federal Contract Tower,0,7,1,0,8,0,0,1,0,1,0,7,2,0,9,0,0,0,9
04/20/2021,GRI,NE,ACE,CE,Federal Contract Tower,0,12,9,0,21,0,1,12,2,15,0,13,21,2,36,22,0,22,58
04/21/2021,GRI,NE,ACE,CE,Federal Contract Tower,0,10,9,0,19,0,0,9,2,11,0,10,18,2,30,16,0,16,46
04/22/2021,GRI,NE,ACE,CE,Federal Contract Tower,2,13,11,0,26,0,1,2,8,11,2,14,13,8,37,2,8,10,47
04/23/2021,GRI,NE,ACE,CE,Federal Contract Tower,2,8,2,0,12,0,0,20,7,27,2,8,22,7,39,10,24,34,73
04/24/2021,GRI,NE,ACE,CE,Federal Contract Tower,0,7,2,0,9,0,0,16,0,16,0,7,18,0,25,20,0,20,45
04/25/2021,GRI,NE,ACE,CE,Federal Contract Tower,0,3,2,0,5,0,0,5,0,5,0,3,7,0,10,2,0,2,12
04/26/2021,GRI,NE,ACE,CE,Federal Contract Tower,0,8,8,0,16,0,0,10,0,10,0,8,18,0,26,8,0,8,34
04/27/2021,GRI,NE,ACE,CE,Federal Contract Tower,0,12,14,3,29,0,0,0,1,1,0,12,14,4,30,2,0,2,32
04/28/2021,GRI,NE,ACE,CE,Federal Contract Tower,0,8,9,0,17,0,0,0,1,1,0,8,9,1,18,0,0,0,18
04/29/2021,GRI,NE,ACE,CE,Federal Contract Tower,2,9,10,0,21,0,0,12,6,18,2,9,22,6,39,4,4,8,47
04/30/2021,GRI,NE,ACE,CE,Federal Contract Tower,2,21,8,0,31,0,0,13,5,18,2,21,21,5,49,10,2,12,61
05/01/2021,GRI,NE,ACE,CE,Federal Contract Tower,0,7,2,0,9,0,0,5,0,5,0,7,7,0,14,0,0,0,14
05/02/2021,GRI,NE,ACE,CE,Federal Contract Tower,0,4,2,0,6,0,0,4,2,6,0,4,6,2,12,0,0,0,12
05/03/2021,GRI,NE,ACE,CE,Federal Contract Tower,0,7,2,0,9,0,0,2,0,2,0,7,4,0,11,0,0,0,11
05/04/2021,GRI,NE,ACE,CE,Federal Contract Tower,0,10,4,3,17,0,0,15,6,21,0,10,19,9,38,26,10,36,74
05/05/2021,GRI,NE,ACE,CE,Federal Contract Tower,0,14,6,0,20,0,0,1,3,4,0,14,7,3,24,0,4,4,28
05/07/2021,GRI,NE,ACE,CE,Federal Contract Tower,2,13,9,2,26,0,0,0,0,0,2,13,9,2,26,0,4,4,30
05/08/2021,GRI,NE,ACE,CE,Federal Contract Tower,0,6,5,0,11,0,1,1,0,2,0,7,6,0,13,0,0,0,13
05/09/2021,GRI,NE,ACE,CE,Federal Contract Tower,0,3,5,0,8,0,0,0,0,0,0,3,5,0,8,0,0,0,8
05/10/2021,GRI,NE,ACE,CE,Federal Contract Tower,0,11,6,0,17,0,0,9,0,9,0,11,15,0,26,0,0,0,26
05/11/2021,GRI,NE,ACE,CE,Federal Contract Tower,0,5,3,2,10,0,2,12,5,19,0,7,15,7,29,10,0,10,39
05/12/2021,GRI,NE,ACE,CE,Federal Contract Tower,0,10,3,0,13,0,1,17,0,18,0,11,20,0,31,22,0,22,53
05/13/2021,GRI,NE,ACE,CE,Federal Contract Tower,4,9,9,0,22,0,0,20,2,22,4,9,29,2,44,14,12,26,70
05/14/2021,GRI,NE,ACE,CE,Federal Contract Tower,2,10,1,0,13,0,0,0,0,0,2,10,1,0,13,0,0,0,13
05/15/2021,GRI,NE,ACE,CE,Federal Contract Tower,0,6,4,2,12,0,0,6,0,6,0,6,10,2,18,0,0,0,18
05/16/2021,GRI,NE,ACE,CE,Federal Contract Tower,0,3,1,0,4,0,0,3,0,3,0,3,4,0,7,0,0,0,7
05/17/2021,GRI,NE,ACE,CE,Federal Contract Tower,4,8,5,0,17,0,0,2,0,2,4,8,7,0,19,0,0,0,19
05/18/2021,GRI,NE,ACE,CE,Federal Contract Tower,0,8,9,0,17,0,0,3,0,3,0,8,12,0,20,0,0,0,20
05/19/2021,GRI,NE,ACE,CE,Federal Contract Tower,0,12,6,1,19,0,0,3,3,6,0,12,9,4,25,0,10,10,35
05/20/2021,GRI,NE,ACE,CE,Federal Contract Tower,2,14,4,2,22,0,0,2,0,2,2,14,6,2,24,0,0,0,24
05/21/2021,GRI,NE,ACE,CE,Federal Contract Tower,2,13,3,5,23,0,0,4,0,4,2,13,7,5,27,0,0,0,27
05/22/2021,GRI,NE,ACE,CE,Federal Contract Tower,0,7,4,6,17,0,0,1,1,2,0,7,5,7,19,2,0,2,21
05/23/2021,GRI,NE,ACE,CE,Federal Contract Tower,0,3,3,0,6,0,0,9,0,9,0,3,12,0,15,10,0,10,25
05/24/2021,GRI,NE,ACE,CE,Federal Contract Tower,2,9,1,0,12,0,0,0,0,0,2,9,1,0,12,0,0,0,12
05/25/2021,GRI,NE,ACE,CE,Federal Contract Tower,0,14,5,1,20,0,0,11,7,18,0,14,16,8,38,0,10,10,48
05/26/2021,GRI,NE,ACE,CE,Federal Contract Tower,0,14,8,2,24,0,0,13,1,14,0,14,21,3,38,12,0,12,50
05/27/2021,GRI,NE,ACE,CE,Federal Contract Tower,2,11,12,0,25,0,0,4,2,6,2,11,16,2,31,4,0,4,35
05/28/2021,GRI,NE,ACE,CE,Federal Contract Tower,2,14,8,0,24,0,0,3,0,3,2,14,11,0,27,2,0,2,29
05/29/2021,GRI,NE,ACE,CE,Federal Contract Tower,0,7,3,0,10,0,0,2,0,2,0,7,5,0,12,0,0,0,12
05/30/2021,GRI,NE,ACE,CE,Federal Contract Tower,2,3,0,0,5,0,0,1,0,1,2,3,1,0,6,0,0,0,6
05/31/2021,GRI,NE,ACE,CE,Federal Contract Tower,0,3,6,0,9,0,0,7,0,7,0,3,13,0,16,26,0,26,42
06/01/2021,GRI,NE,ACE,CE,Federal Contract Tower,0,11,4,0,15,0,0,14,2,16,0,11,18,2,31,14,0,14,45
06/02/2021,GRI,NE,ACE,CE,Federal Contract Tower,0,10,9,6,25,0,1,25,6,32,0,11,34,12,57,14,0,14,71
06/03/2021,GRI,NE,ACE,CE,Federal Contract Tower,10,5,0,0,15,0,0,7,8,15,10,5,7,8,30,0,2,2,32
06/04/2021,GRI,NE,ACE,CE,Federal Contract Tower,0,14,8,0,22,0,0,5,0,5,0,14,13,0,27,0,0,0,27
06/05/2021,GRI,NE,ACE,CE,Federal Contract Tower,0,9,4,2,15,0,0,12,3,15,0,9,16,5,30,0,2,2,32
06/06/2021,GRI,NE,ACE,CE,Federal Contract Tower,0,3,4,0,7,0,0,6,2,8,0,3,10,2,15,6,0,6,21
06/07/2021,GRI,NE,ACE,CE,Federal Contract Tower,0,9,9,0,18,0,2,11,0,13,0,11,20,0,31,6,0,6,37
06/08/2021,GRI,NE,ACE,CE,Federal Contract Tower,0,10,11,0,21,0,0,9,3,12,0,10,20,3,33,12,0,12,45
06/09/2021,GRI,NE,ACE,CE,Federal Contract Tower,0,9,5,6,20,0,0,17,0,17,0,9,22,6,37,26,0,26,63
06/10/2021,GRI,NE,ACE,CE,Federal Contract Tower,0,9,7,0,16,0,0,0,0,0,0,9,7,0,16,20,0,20,36
06/11/2021,GRI,NE,ACE,CE,Federal Contract Tower,9,7,2,0,18,0,0,13,0,13,9,7,15,0,31,0,0,0,31
06/12/2021,GRI,NE,ACE,CE,Federal Contract Tower,1,7,4,0,12,0,0,21,6,27,1,7,25,6,39,18,0,18,57
06/13/2021,GRI,NE,ACE,CE,Federal Contract Tower,0,3,1,0,4,0,0,14,2,16,0,3,15,2,20,0,0,0,20
06/14/2021,GRI,NE,ACE,CE,Federal Contract Tower,0,4,5,0,9,0,0,8,1,9,0,4,13,1,18,12,0,12,30
06/15/2021,GRI,NE,ACE,CE,Federal Contract Tower,1,11,11,0,23,0,1,18,2,21,1,12,29,2,44,2,4,6,50
06/16/2021,GRI,NE,ACE,CE,Federal Contract Tower,0,10,7,0,17,0,0,16,6,22,0,10,23,6,39,6,0,6,45
06/17/2021,GRI,NE,ACE,CE,Federal Contract Tower,0,11,4,1,16,0,0,10,12,22,0,11,14,13,38,8,0,8,46
06/18/2021,GRI,NE,ACE,CE,Federal Contract Tower,0,10,6,0,16,0,0,12,4,16,0,10,18,4,32,10,0,10,42
06/19/2021,GRI,NE,ACE,CE,Federal Contract Tower,2,7,1,0,10,0,0,17,0,17,2,7,18,0,27,6,0,6,33
06/20/2021,GRI,NE,ACE,CE,Federal Contract Tower,0,3,2,0,5,0,0,0,0,0,0,3,2,0,5,0,0,0,5
06/21/2021,GRI,NE,ACE,CE,Federal Contract Tower,0,8,3,0,11,0,0,4,0,4,0,8,7,0,15,0,0,0,15
06/22/2021,GRI,NE,ACE,CE,Federal Contract Tower,0,11,9,0,20,0,0,0,0,0,0,11,9,0,20,0,0,0,20
06/23/2021,GRI,NE,ACE,CE,Federal Contract Tower,0,13,7,2,22,0,0,8,2,10,0,13,15,4,32,0,0,0,32
06/24/2021,GRI,NE,ACE,CE,Federal Contract Tower,0,14,13,0,27,0,2,17,5,24,0,16,30,5,51,18,14,32,83
06/25/2021,GRI,NE,ACE,CE,Federal Contract Tower,0,9,9,0,18,0,0,7,2,9,0,9,16,2,27,0,0,0,27
06/26/2021,GRI,NE,ACE,CE,Federal Contract Tower,0,7,6,0,13,0,0,0,0,0,0,7,6,0,13,0,0,0,13
06/27/2021,GRI,NE,ACE,CE,Federal Contract Tower,0,3,4,4,11,0,0,5,0,5,0,3,9,4,16,0,0,0,16
06/28/2021,GRI,NE,ACE,CE,Federal Contract Tower,0,8,7,0,15,0,0,12,0,12,0,8,19,0,27,18,0,18,45
06/29/2021,GRI,NE,ACE,CE,Federal Contract Tower,0,14,5,1,20,0,0,19,1,20,0,14,24,2,40,28,0,28,68
06/30/2021,GRI,NE,ACE,CE,Federal Contract Tower,0,10,9,0,19,0,0,9,3,12,0,10,18,3,31,2,0,2,33
07/01/2021,GRI,NE,ACE,CE,Federal Contract Tower,0,10,4,0,14,0,0,15,0,15,0,10,19,0,29,12,0,12,41
07/02/2021,GRI,NE,ACE,CE,Federal Contract Tower,0,9,5,0,14,0,0,8,0,8,0,9,13,0,22,22,0,22,44
07/03/2021,GRI,NE,ACE,CE,Federal Contract Tower,0,7,9,0,16,0,0,6,2,8,0,7,15,2,24,0,0,0,24
07/04/2021,GRI,NE,ACE,CE,Federal Contract Tower,0,3,2,1,6,0,0,7,0,7,0,3,9,1,13,0,6,6,19
07/05/2021,GRI,NE,ACE,CE,Federal Contract Tower,0,3,0,0,3,0,0,15,0,15,0,3,15,0,18,10,0,10,28
07/06/2021,GRI,NE,ACE,CE,Federal Contract Tower,0,9,6,0,15,0,0,2,1,3,0,9,8,1,18,2,0,2,20
07/07/2021,GRI,NE,ACE,CE,Federal Contract Tower,0,8,3,3,14,0,0,11,9,20,0,8,14,12,34,18,2,20,54
07/08/2021,GRI,NE,ACE,CE,Federal Contract Tower,0,11,5,0,16,0,0,12,0,12,0,11,17,0,28,34,0,34,62
07/09/2021,GRI,NE,ACE,CE,Federal Contract Tower,0,9,2,0,11,0,0,14,0,14,0,9,16,0,25,34,0,34,59
07/10/2021,GRI,NE,ACE,CE,Federal Contract Tower,0,7,3,0,10,0,0,7,0,7,0,7,10,0,17,18,0,18,35
07/11/2021,GRI,NE,ACE,CE,Federal Contract Tower,0,3,2,0,5,0,0,14,0,14,0,3,16,0,19,28,0,28,47
07/12/2021,GRI,NE,ACE,CE,Federal Contract Tower,0,6,4,2,12,0,0,13,0,13,0,6,17,2,25,12,8,20,45
07/13/2021,GRI,NE,ACE,CE,Federal Contract Tower,0,10,9,0,19,0,0,19,0,19,0,10,28,0,38,26,0,26,64
07/14/2021,GRI,NE,ACE,CE,Federal Contract Tower,2,12,8,0,22,0,0,3,6,9,2,12,11,6,31,2,0,2,33
07/15/2021,GRI,NE,ACE,CE,Federal Contract Tower,0,8,7,2,17,0,0,5,0,5,0,8,12,2,22,0,0,0,22
07/16/2021,GRI,NE,ACE,CE,Federal Contract Tower,0,10,5,3,18,0,0,10,1,11,0,10,15,4,29,20,8,28,57
07/17/2021,GRI,NE,ACE,CE,Federal Contract Tower,0,7,16,1,24,0,0,10,3,13,0,7,26,4,37,2,0,2,39
07/18/2021,GRI,NE,ACE,CE,Federal Contract Tower,0,3,2,0,5,0,0,9,0,9,0,3,11,0,14,36,0,36,50
07/19/2021,GRI,NE,ACE,CE,Federal Contract Tower,2,8,12,0,22,0,0,19,0,19,2,8,31,0,41,16,0,16,57
07/20/2021,GRI,NE,ACE,CE,Federal Contract Tower,0,8,9,0,17,0,0,16,0,16,0,8,25,0,33,12,0,12,45
07/21/2021,GRI,NE,ACE,CE,Federal Contract Tower,0,11,8,0,19,0,0,16,2,18,0,11,24,2,37,20,0,20,57
07/22/2021,GRI,NE,ACE,CE,Federal Contract Tower,0,9,7,0,16,0,0,16,0,16,0,9,23,0,32,16,0,16,48
07/23/2021,GRI,NE,ACE,CE,Federal Contract Tower,2,10,2,0,14,0,0,18,3,21,2,10,20,3,35,6,10,16,51
07/24/2021,GRI,NE,ACE,CE,Federal Contract Tower,0,7,12,0,19,0,0,7,3,10,0,7,19,3,29,12,0,12,41
07/25/2021,GRI,NE,ACE,CE,Federal Contract Tower,0,3,2,0,5,0,0,10,0,10,0,3,12,0,15,2,0,2,17
07/26/2021,GRI,NE,ACE,CE,Federal Contract Tower,0,6,9,0,15,0,0,3,0,3,0,6,12,0,18,6,0,6,24
07/27/2021,GRI,NE,ACE,CE,Federal Contract Tower,0,10,6,0,16,0,0,9,7,16,0,10,15,7,32,10,6,16,48
07/28/2021,GRI,NE,ACE,CE,Federal Contract Tower,0,10,8,0,18,0,0,10,2,12,0,10,18,2,30,0,0,0,30
07/29/2021,GRI,NE,ACE,CE,Federal Contract Tower,0,10,9,0,19,0,0,15,0,15,0,10,24,0,34,0,0,0,34
07/30/2021,GRI,NE,ACE,CE,Federal Contract Tower,0,8,12,0,20,0,0,14,0,14,0,8,26,0,34,0,0,0,34
07/31/2021,GRI,NE,ACE,CE,Federal Contract Tower,0,13,6,0,19,0,0,0,0,0,0,13,6,0,19,0,0,0,19
08/01/2021,GRI,NE,ACE,CE,Federal Contract Tower,0,5,7,0,12,0,0,9,0,9,0,5,16,0,21,20,0,20,41
08/02/2021,GRI,NE,ACE,CE,Federal Contract Tower,0,8,1,0,9,0,0,9,0,9,0,8,10,0,18,12,0,12,30
08/03/2021,GRI,NE,ACE,CE,Federal Contract Tower,0,9,6,0,15,0,0,11,2,13,0,9,17,2,28,16,0,16,44
08/04/2021,GRI,NE,ACE,CE,Federal Contract Tower,0,9,4,0,13,0,0,9,0,9,0,9,13,0,22,0,0,0,22
08/05/2021,GRI,NE,ACE,CE,Federal Contract Tower,0,8,1,0,9,0,0,18,0,18,0,8,19,0,27,12,0,12,39
08/06/2021,GRI,NE,ACE,CE,Federal Contract Tower,2,10,10,1,23,0,0,20,1,21,2,10,30,2,44,2,2,4,48
08/07/2021,GRI,NE,ACE,CE,Federal Contract Tower,0,7,1,0,8,0,0,7,3,10,0,7,8,3,18,0,0,0,18
08/08/2021,GRI,NE,ACE,CE,Federal Contract Tower,0,3,2,0,5,0,0,13,2,15,0,3,15,2,20,6,0,6,26
08/09/2021,GRI,NE,ACE,CE,Federal Contract Tower,2,6,11,0,19,0,0,14,0,14,2,6,25,0,33,22,0,22,55
08/10/2021,GRI,NE,ACE,CE,Federal Contract Tower,0,12,8,0,20,0,0,16,6,22,0,12,24,6,42,18,0,18,60
08/11/2021,GRI,NE,ACE,CE,Federal Contract Tower,0,6,3,2,11,0,2,10,1,13,0,8,13,3,24,12,0,12,36
08/12/2021,GRI,NE,ACE,CE,Federal Contract Tower,0,9,8,2,19,0,0,25,4,29,0,9,33,6,48,32,2,34,82
08/13/2021,GRI,NE,ACE,CE,Federal Contract Tower,2,9,12,0,23,0,0,26,0,26,2,9,38,0,49,56,0,56,105
08/14/2021,GRI,NE,ACE,CE,Federal Contract Tower,0,5,6,3,14,0,0,16,1,17,0,5,22,4,31,18,6,24,55
08/15/2021,GRI,NE,ACE,CE,Federal Contract Tower,0,5,5,0,10,0,0,14,0,14,0,5,19,0,24,0,0,0,24
08/16/2021,GRI,NE,ACE,CE,Federal Contract Tower,2,7,3,0,12,0,0,13,0,13,2,7,16,0,25,2,0,2,27
08/17/2021,GRI,NE,ACE,CE,Federal Contract Tower,0,8,12,3,23,0,4,12,7,23,0,12,24,10,46,0,4,4,50
08/18/2021,GRI,NE,ACE,CE,Federal Contract Tower,0,9,4,0,13,0,0,4,0,4,0,9,8,0,17,0,0,0,17
08/19/2021,GRI,NE,ACE,CE,Federal Contract Tower,4,10,15,0,29,0,0,4,3,7,4,10,19,3,36,0,6,6,42
08/20/2021,GRI,NE,ACE,CE,Federal Contract Tower,0,9,9,0,18,0,0,4,0,4,0,9,13,0,22,0,0,0,22
08/21/2021,GRI,NE,ACE,CE,Federal Contract Tower,0,8,2,0,10,0,0,12,0,12,0,8,14,0,22,6,0,6,28
08/22/2021,GRI,NE,ACE,CE,Federal Contract Tower,2,5,3,0,10,0,0,1,0,1,2,5,4,0,11,0,0,0,11
08/23/2021,GRI,NE,ACE,CE,Federal Contract Tower,2,7,4,6,19,0,0,4,0,4,2,7,8,6,23,18,0,18,41
08/24/2021,GRI,NE,ACE,CE,Federal Contract Tower,0,9,6,0,15,0,0,8,4,12,0,9,14,4,27,8,8,16,43
08/25/2021,GRI,NE,ACE,CE,Federal Contract Tower,0,10,9,1,20,0,0,6,0,6,0,10,15,1,26,14,0,14,40
08/26/2021,GRI,NE,ACE,CE,Federal Contract Tower,2,9,3,10,24,0,2,10,2,14,2,11,13,12,38,6,0,6,44
08/27/2021,GRI,NE,ACE,CE,Federal Contract Tower,0,11,5,2,18,0,0,11,4,15,0,11,16,6,33,26,6,32,65
08/28/2021,GRI,NE,ACE,CE,Federal Contract Tower,0,6,2,0,8,0,1,7,1,9,0,7,9,1,17,0,0,0,17
08/29/2021,GRI,NE,ACE,CE,Federal Contract Tower,2,3,5,0,10,0,0,6,0,6,2,3,11,0,16,0,0,0,16
08/30/2021,GRI,NE,ACE,CE,Federal Contract Tower,1,7,10,0,18,0,0,10,0,10,1,7,20,0,28,18,0,18,46
08/31/2021,GRI,NE,ACE,CE,Federal Contract Tower,0,9,5,0,14,0,2,24,2,28,0,11,29,2,42,14,0,14,56
09/01/2021,GRI,NE,ACE,CE,Federal Contract Tower,0,10,8,0,18,0,0,4,4,8,0,10,12,4,26,0,18,18,44
09/02/2021,GRI,NE,ACE,CE,Federal Contract Tower,2,15,7,0,24,0,0,1,0,1,2,15,8,0,25,0,0,0,25
09/03/2021,GRI,NE,ACE,CE,Federal Contract Tower,2,9,7,0,18,0,0,12,0,12,2,9,19,0,30,2,0,2,32
09/05/2021,GRI,NE,ACE,CE,Federal Contract Tower,2,3,5,0,10,0,0,10,0,10,2,3,15,0,20,0,0,0,20
09/06/2021,GRI,NE,ACE,CE,Federal Contract Tower,2,3,6,0,11,0,0,9,0,9,2,3,15,0,20,0,0,0,20
09/07/2021,GRI,NE,ACE,CE,Federal Contract Tower,0,7,5,0,12,0,4,8,1,13,0,11,13,1,25,8,0,8,33
09/08/2021,GRI,NE,ACE,CE,Federal Contract Tower,0,9,7,0,16,0,0,7,1,8,0,9,14,1,24,12,0,12,36
09/09/2021,GRI,NE,ACE,CE,Federal Contract Tower,2,9,4,0,15,0,0,10,4,14,2,9,14,4,29,16,10,26,55
09/10/2021,GRI,NE,ACE,CE,Federal Contract Tower,0,9,7,0,16,0,0,15,4,19,0,9,22,4,35,28,0,28,63
09/11/2021,GRI,NE,ACE,CE,Federal Contract Tower,0,8,6,0,14,0,0,12,6,18,0,8,18,6,32,14,0,14,46
09/12/2021,GRI,NE,ACE,CE,Federal Contract Tower,2,3,5,0,10,0,0,0,0,0,2,3,5,0,10,0,0,0,10
09/13/2021,GRI,NE,ACE,CE,Federal Contract Tower,0,6,9,2,17,0,0,9,0,9,0,6,18,2,26,26,0,26,52
09/14/2021,GRI,NE,ACE,CE,Federal Contract Tower,0,13,12,0,25,0,2,8,6,16,0,15,20,6,41,12,0,12,53
09/15/2021,GRI,NE,ACE,CE,Federal Contract Tower,0,9,17,0,26,0,2,30,4,36,0,11,47,4,62,6,0,6,68
09/16/2021,GRI,NE,ACE,CE,Federal Contract Tower,1,8,18,2,29,0,0,22,3,25,1,8,40,5,54,0,0,0,54
09/17/2021,GRI,NE,ACE,CE,Federal Contract Tower,1,8,4,0,13,0,0,16,9,25,1,8,20,9,38,8,0,8,46
09/18/2021,GRI,NE,ACE,CE,Federal Contract Tower,0,10,6,0,16,0,2,8,0,10,0,12,14,0,26,0,0,0,26
09/19/2021,GRI,NE,ACE,CE,Federal Contract Tower,4,3,5,0,12,0,2,1,0,3,4,5,6,0,15,0,0,0,15
09/20/2021,GRI,NE,ACE,CE,Federal Contract Tower,0,8,11,0,19,0,0,4,1,5,0,8,15,1,24,0,0,0,24
09/21/2021,GRI,NE,ACE,CE,Federal Contract Tower,0,9,14,0,23,0,4,15,2,21,0,13,29,2,44,12,0,12,56
09/22/2021,GRI,NE,ACE,CE,Federal Contract Tower,0,8,2,0,10,0,3,24,7,34,0,11,26,7,44,10,0,10,54
09/23/2021,GRI,NE,ACE,CE,Federal Contract Tower,2,11,15,0,28,0,0,9,4,13,2,11,24,4,41,20,10,30,71
09/24/2021,GRI,NE,ACE,CE,Federal Contract Tower,0,8,4,0,12,0,1,11,4,16,0,9,15,4,28,0,0,0,28
09/25/2021,GRI,NE,ACE,CE,Federal Contract Tower,0,8,7,0,15,0,2,0,0,2,0,10,7,0,17,0,0,0,17
09/26/2021,GRI,NE,ACE,CE,Federal Contract Tower,2,3,11,0,16,0,3,16,0,19,2,6,27,0,35,20,0,20,55
09/27/2021,GRI,NE,ACE,CE,Federal Contract Tower,2,7,8,0,17,0,2,15,0,17,2,9,23,0,34,6,0,6,40
09/28/2021,GRI,NE,ACE,CE,Federal Contract Tower,0,11,3,0,14,0,0,7,6,13,0,11,10,6,27,16,10,26,53
09/29/2021,GRI,NE,ACE,CE,Federal Contract Tower,0,8,6,0,14,0,0,8,1,9,0,8,14,1,23,16,0,16,39
09/30/2021,GRI,NE,ACE,CE,Federal Contract Tower,2,10,7,0,19,0,0,0,0,0,2,10,7,0,19,0,0,0,19
10/01/2021,GRI,NE,ACE,CE,Federal Contract Tower,2,10,2,1,15,0,0,1,0,1,2,10,3,1,16,0,0,0,16
10/02/2021,GRI,NE,ACE,CE,Federal Contract Tower,0,11,7,0,18,0,0,2,0,2,0,11,9,0,20,0,0,0,20
10/03/2021,GRI,NE,ACE,CE,Federal Contract Tower,2,5,3,0,10,0,1,12,0,13,2,6,15,0,23,6,0,6,29
10/04/2021,GRI,NE,ACE,CE,Federal Contract Tower,2,6,6,0,14,0,0,10,2,12,2,6,16,2,26,6,0,6,32
10/05/2021,GRI,NE,ACE,CE,Federal Contract Tower,0,11,7,2,20,0,0,10,0,10,0,11,17,2,30,10,0,10,40
10/06/2021,GRI,NE,ACE,CE,Federal Contract Tower,0,9,6,3,18,0,0,3,0,3,0,9,9,3,21,0,0,0,21
10/07/2021,GRI,NE,ACE,CE,Federal Contract Tower,2,10,8,0,20,0,0,0,0,0,2,10,8,0,20,10,4,14,34
10/08/2021,GRI,NE,ACE,CE,Federal Contract Tower,0,11,6,0,17,0,2,6,1,9,0,13,12,1,26,8,0,8,34
10/09/2021,GRI,NE,ACE,CE,Federal Contract Tower,0,7,9,0,16,0,0,14,0,14,0,7,23,0,30,10,0,10,40
10/10/2021,GRI,NE,ACE,CE,Federal Contract Tower,1,5,7,0,13,0,0,10,0,10,1,5,17,0,23,0,0,0,23
10/11/2021,GRI,NE,ACE,CE,Federal Contract Tower,0,9,18,0,27,0,0,20,0,20,0,9,38,0,47,38,0,38,85
10/12/2021,GRI,NE,ACE,CE,Federal Contract Tower,0,10,13,0,23,0,1,10,0,11,0,11,23,0,34,4,0,4,38
10/13/2021,GRI,NE,ACE,CE,Federal Contract Tower,0,8,3,0,11,0,0,0,0,0,0,8,3,0,11,0,0,0,11
10/14/2021,GRI,NE,ACE,CE,Federal Contract Tower,2,12,10,0,24,0,1,25,6,32,2,13,35,6,56,34,2,36,92
10/15/2021,GRI,NE,ACE,CE,Federal Contract Tower,0,12,6,0,18,0,0,0,0,0,0,12,6,0,18,0,12,12,30
10/16/2021,GRI,NE,ACE,CE,Federal Contract Tower,0,7,1,0,8,0,2,10,13,25,0,9,11,13,33,0,0,0,33
10/17/2021,GRI,NE,ACE,CE,Federal Contract Tower,0,3,9,0,12,0,0,7,0,7,0,3,16,0,19,0,0,0,19
10/18/2021,GRI,NE,ACE,CE,Federal Contract Tower,0,10,8,2,20,0,0,13,0,13,0,10,21,2,33,2,0,2,35
10/19/2021,GRI,NE,ACE,CE,Federal Contract Tower,0,10,9,2,21,0,0,7,0,7,0,10,16,2,28,0,0,0,28
10/20/2021,GRI,NE,ACE,CE,Federal Contract Tower,0,8,2,0,10,0,0,1,0,1,0,8,3,0,11,0,0,0,11
10/21/2021,GRI,NE,ACE,CE,Federal Contract Tower,0,11,5,3,19,0,0,17,6,23,0,11,22,9,42,16,0,16,58
10/22/2021,GRI,NE,ACE,CE,Federal Contract Tower,10,2,0,0,12,0,0,20,0,20,10,2,20,0,32,10,0,10,42
10/23/2021,GRI,NE,ACE,CE,Federal Contract Tower,0,7,2,0,9,0,2,5,0,7,0,9,7,0,16,2,0,2,18
10/24/2021,GRI,NE,ACE,CE,Federal Contract Tower,1,5,4,0,10,0,0,0,0,0,1,5,4,0,10,0,0,0,10
10/25/2021,GRI,NE,ACE,CE,Federal Contract Tower,0,6,11,0,17,0,0,0,0,0,0,6,11,0,17,0,0,0,17
10/26/2021,GRI,NE,ACE,CE,Federal Contract Tower,0,8,7,0,15,0,0,0,0,0,0,8,7,0,15,0,0,0,15
10/27/2021,GRI,NE,ACE,CE,Federal Contract Tower,0,10,4,0,14,0,0,0,0,0,0,10,4,0,14,0,0,0,14
10/28/2021,GRI,NE,ACE,CE,Federal Contract Tower,2,8,6,0,16,0,0,0,0,0,2,8,6,0,16,0,0,0,16
10/29/2021,GRI,NE,ACE,CE,Federal Contract Tower,0,11,5,0,16,0,0,20,9,29,0,11,25,9,45,8,22,30,75
10/30/2021,GRI,NE,ACE,CE,Federal Contract Tower,0,8,4,0,12,0,0,10,0,10,0,8,14,0,22,8,0,8,30
10/31/2021,GRI,NE,ACE,CE,Federal Contract Tower,2,3,1,0,6,0,0,6,0,6,2,3,7,0,12,0,0,0,12
11/01/2021,GRI,NE,ACE,CE,Federal Contract Tower,0,7,5,0,12,0,0,0,0,0,0,7,5,0,12,0,0,0,12
11/02/2021,GRI,NE,ACE,CE,Federal Contract Tower,0,10,8,0,18,0,0,3,12,15,0,10,11,12,33,6,10,16,49
11/03/2021,GRI,NE,ACE,CE,Federal Contract Tower,0,9,6,0,15,0,0,2,16,18,0,9,8,16,33,12,12,24,57
11/04/2021,GRI,NE,ACE,CE,Federal Contract Tower,2,11,6,2,21,0,0,17,11,28,2,11,23,13,49,2,0,2,51
11/05/2021,GRI,NE,ACE,CE,Federal Contract Tower,0,11,5,0,16,0,0,14,2,16,0,11,19,2,32,12,0,12,44
11/06/2021,GRI,NE,ACE,CE,Federal Contract Tower,0,7,1,4,12,0,2,6,4,12,0,9,7,8,24,2,0,2,26
11/07/2021,GRI,NE,ACE,CE,Federal Contract Tower,2,3,2,0,7,0,0,9,1,10,2,3,11,1,17,10,0,10,27
11/08/2021,GRI,NE,ACE,CE,Federal Contract Tower,1,7,3,0,11,0,0,9,0,9,1,7,12,0,20,2,0,2,22
11/09/2021,GRI,NE,ACE,CE,Federal Contract Tower,0,11,9,2,22,0,0,20,5,25,0,11,29,7,47,18,14,32,79
11/10/2021,GRI,NE,ACE,CE,Federal Contract Tower,0,10,13,0,23,0,0,3,0,3,0,10,16,0,26,0,0,0,26
11/11/2021,GRI,NE,ACE,CE,Federal Contract Tower,2,10,3,0,15,0,2,2,0,4,2,12,5,0,19,0,0,0,19
11/12/2021,GRI,NE,ACE,CE,Federal Contract Tower,0,10,10,0,20,0,0,0,0,0,0,10,10,0,20,0,0,0,20
11/13/2021,GRI,NE,ACE,CE,Federal Contract Tower,0,7,3,0,10,0,2,5,0,7,0,9,8,0,17,0,0,0,17
11/14/2021,GRI,NE,ACE,CE,Federal Contract Tower,2,3,6,0,11,0,0,3,0,3,2,3,9,0,14,0,0,0,14
11/15/2021,GRI,NE,ACE,CE,Federal Contract Tower,1,6,4,0,11,0,0,6,0,6,1,6,10,0,17,4,0,4,21
11/16/2021,GRI,NE,ACE,CE,Federal Contract Tower,0,10,6,0,16,0,0,9,9,18,0,10,15,9,34,16,0,16,50
11/17/2021,GRI,NE,ACE,CE,Federal Contract Tower,0,8,1,0,9,0,0,16,5,21,0,8,17,5,30,0,0,0,30
11/18/2021,GRI,NE,ACE,CE,Federal Contract Tower,0,9,2,1,12,0,0,10,5,15,0,9,12,6,27,8,0,8,35
11/19/2021,GRI,NE,ACE,CE,Federal Contract Tower,0,9,2,2,13,0,0,12,3,15,0,9,14,5,28,2,2,4,32
11/20/2021,GRI,NE,ACE,CE,Federal Contract Tower,0,9,5,0,14,0,0,16,0,16,0,9,21,0,30,12,0,12,42
11/21/2021,GRI,NE,ACE,CE,Federal Contract Tower,0,3,5,0,8,0,2,2,0,4,0,5,7,0,12,0,0,0,12
11/22/2021,GRI,NE,ACE,CE,Federal Contract Tower,2,7,2,0,11,0,0,10,0,10,2,7,12,0,21,4,0,4,25
11/23/2021,GRI,NE,ACE,CE,Federal Contract Tower,0,11,8,0,19,0,0,11,8,19,0,11,19,8,38,2,12,14,52
11/24/2021,GRI,NE,ACE,CE,Federal Contract Tower,4,11,5,0,20,0,0,17,2,19,4,11,22,2,39,4,0,4,43
11/25/2021,GRI,NE,ACE,CE,Federal Contract Tower,0,2,1,0,3,0,0,0,0,0,0,2,1,0,3,0,0,0,3
11/26/2021,GRI,NE,ACE,CE,Federal Contract Tower,2,7,2,0,11,0,2,5,0,7,2,9,7,0,18,6,0,6,24
11/27/2021,GRI,NE,ACE,CE,Federal Contract Tower,2,7,6,0,15,0,0,0,0,0,2,7,6,0,15,0,0,0,15
11/28/2021,GRI,NE,ACE,CE,Federal Contract Tower,2,3,4,0,9,0,0,6,0,6,2,3,10,0,15,6,0,6,21
11/29/2021,GRI,NE,ACE,CE,Federal Contract Tower,2,6,3,0,11,0,0,7,0,7,2,6,10,0,18,4,0,4,22
11/30/2021,GRI,NE,ACE,CE,Federal Contract Tower,0,12,12,0,24,0,0,6,6,12,0,12,18,6,36,2,12,14,50
12/01/2021,GRI,NE,ACE,CE,Federal Contract Tower,0,11,9,0,20,0,2,11,4,17,0,13,20,4,37,0,0,0,37
12/02/2021,GRI,NE,ACE,CE,Federal Contract Tower,12,5,3,0,20,0,0,33,13,46,12,5,36,13,66,16,14,30,96
12/03/2021,GRI,NE,ACE,CE,Federal Contract Tower,2,8,3,2,15,0,0,5,0,5,2,8,8,2,20,0,0,0,20
12/04/2021,GRI,NE,ACE,CE,Federal Contract Tower,0,6,4,0,10,0,0,1,0,1,0,6,5,0,11,0,0,0,11
12/05/2021,GRI,NE,ACE,CE,Federal Contract Tower,0,3,11,0,14,0,0,4,0,4,0,3,15,0,18,8,0,8,26
12/06/2021,GRI,NE,ACE,CE,Federal Contract Tower,2,6,8,3,19,0,0,8,1,9,2,6,16,4,28,0,0,0,28
12/07/2021,GRI,NE,ACE,CE,Federal Contract Tower,0,8,3,2,13,0,0,10,8,18,0,8,13,10,31,0,0,0,31
12/08/2021,GRI,NE,ACE,CE,Federal Contract Tower,0,14,7,2,23,0,1,5,8,14,0,15,12,10,37,6,6,12,49
12/09/2021,GRI,NE,ACE,CE,Federal Contract Tower,2,14,13,0,29,0,0,25,10,35,2,14,38,10,64,14,10,24,88
12/10/2021,GRI,NE,ACE,CE,Federal Contract Tower,2,15,2,0,19,0,0,0,0,0,2,15,2,0,19,0,0,0,19
12/11/2021,GRI,NE,ACE,CE,Federal Contract Tower,0,7,1,0,8,0,0,2,0,2,0,7,3,0,10,34,0,34,44
12/12/2021,GRI,NE,ACE,CE,Federal Contract Tower,0,3,1,0,4,0,0,4,0,4,0,3,5,0,8,0,0,0,8
12/13/2021,GRI,NE,ACE,CE,Federal Contract Tower,2,9,6,0,17,0,0,17,0,17,2,9,23,0,34,6,0,6,40
12/14/2021,GRI,NE,ACE,CE,Federal Contract Tower,0,9,6,1,16,0,0,12,10,22,0,9,18,11,38,14,4,18,56
12/15/2021,GRI,NE,ACE,CE,Federal Contract Tower,0,6,1,0,7,0,0,1,0,1,0,6,2,0,8,0,0,0,8
12/16/2021,GRI,NE,ACE,CE,Federal Contract Tower,0,8,12,0,20,0,0,3,11,14,0,8,15,11,34,8,18,26,60
12/17/2021,GRI,NE,ACE,CE,Federal Contract Tower,2,13,14,1,30,0,0,9,0,9,2,13,23,1,39,0,0,0,39
12/18/2021,GRI,NE,ACE,CE,Federal Contract Tower,0,10,7,0,17,0,0,12,0,12,0,10,19,0,29,50,0,50,79
12/19/2021,GRI,NE,ACE,CE,Federal Contract Tower,2,3,4,0,9,0,0,10,0,10,2,3,14,0,19,24,0,24,43
12/20/2021,GRI,NE,ACE,CE,Federal Contract Tower,2,7,2,0,11,0,2,4,0,6,2,9,6,0,17,4,0,4,21
12/21/2021,GRI,NE,ACE,CE,Federal Contract Tower,0,11,6,0,17,0,0,3,5,8,0,11,9,5,25,2,0,2,27
12/22/2021,GRI,NE,ACE,CE,Federal Contract Tower,2,13,2,2,19,0,2,13,4,19,2,15,15,6,38,12,6,18,56
12/23/2021,GRI,NE,ACE,CE,Federal Contract Tower,2,11,8,0,21,0,0,16,0,16,2,11,24,0,37,20,0,20,57
12/24/2021,GRI,NE,ACE,CE,Federal Contract Tower,0,6,3,0,9,0,0,10,0,10,0,6,13,0,19,6,0,6,25
12/25/2021,GRI,NE,ACE,CE,Federal Contract Tower,0,3,0,0,3,0,3,1,0,4,0,6,1,0,7,0,0,0,7
12/26/2021,GRI,NE,ACE,CE,Federal Contract Tower,2,7,13,0,22,0,0,2,0,2,2,7,15,0,24,0,0,0,24
12/27/2021,GRI,NE,ACE,CE,Federal Contract Tower,2,8,9,0,19,0,0,12,0,12,2,8,21,0,31,6,0,6,37
12/28/2021,GRI,NE,ACE,CE,Federal Contract Tower,0,9,5,0,14,0,0,9,0,9,0,9,14,0,23,0,0,0,23
12/29/2021,GRI,NE,ACE,CE,Federal Contract Tower,2,7,5,0,14,0,0,4,0,4,2,7,9,0,18,0,0,0,18
12/30/2021,GRI,NE,ACE,CE,Federal Contract Tower,3,12,5,0,20,0,0,11,0,11,3,12,16,0,31,12,0,12,43
12/31/2021,GRI,NE,ACE,CE,Federal Contract Tower,2,6,10,0,18,0,0,4,0,4,2,6,14,0,22,0,0,0,22
01/01/2022,GRI,NE,ACE,CE,Federal Contract Tower,0,3,0,0,3,0,0,0,0,0,0,3,0,0,3,0,0,0,3
01/02/2022,GRI,NE,ACE,CE,Federal Contract Tower,2,3,6,0,11,0,0,0,0,0,2,3,6,0,11,0,0,0,11
01/03/2022,GRI,NE,ACE,CE,Federal Contract Tower,0,10,6,0,16,0,0,2,0,2,0,10,8,0,18,0,0,0,18
01/04/2022,GRI,NE,ACE,CE,Federal Contract Tower,0,9,6,0,15,0,0,1,0,1,0,9,7,0,16,0,0,0,16
01/05/2022,GRI,NE,ACE,CE,Federal Contract Tower,0,10,7,0,17,0,0,0,0,0,0,10,7,0,17,0,4,4,21
01/06/2022,GRI,NE,ACE,CE,Federal Contract Tower,2,8,4,0,14,0,0,6,0,6,2,8,10,0,20,4,0,4,24
01/07/2022,GRI,NE,ACE,CE,Federal Contract Tower,2,11,9,0,22,0,2,7,0,9,2,13,16,0,31,6,0,6,37
01/08/2022,GRI,NE,ACE,CE,Federal Contract Tower,0,7,1,0,8,0,0,6,6,12,0,7,7,6,20,8,4,12,32
01/09/2022,GRI,NE,ACE,CE,Federal Contract Tower,2,3,2,0,7,0,0,6,2,8,2,3,8,2,15,6,0,6,21
01/10/2022,GRI,NE,ACE,CE,Federal Contract Tower,2,8,6,0,16,0,0,12,0,12,2,8,18,0,28,12,0,12,40
01/11/2022,GRI,NE,ACE,CE,Federal Contract Tower,0,8,3,0,11,0,0,7,9,16,0,8,10,9,27,8,32,40,67
01/12/2022,GRI,NE,ACE,CE,Federal Contract Tower,1,12,5,0,18,0,1,9,0,10,1,13,14,0,28,14,0,14,42
01/13/2022,GRI,NE,ACE,CE,Federal Contract Tower,2,8,13,5,28,0,0,6,13,19,2,8,19,18,47,0,16,16,63
01/14/2022,GRI,NE,ACE,CE,Federal Contract Tower,2,7,1,0,10,0,0,0,0,0,2,7,1,0,10,0,0,0,10
01/15/2022,GRI,NE,ACE,CE,Federal Contract Tower,0,7,5,0,12,0,0,5,0,5,0,7,10,0,17,4,0,4,21
01/16/2022,GRI,NE,ACE,CE,Federal Contract Tower,4,5,5,0,14,0,0,6,0,6,4,5,11,0,20,0,0,0,20
01/17/2022,GRI,NE,ACE,CE,Federal Contract Tower,0,6,1,0,7,0,0,6,0,6,0,6,7,0,13,2,0,2,15
01/18/2022,GRI,NE,ACE,CE,Federal Contract Tower,0,8,8,0,16,0,0,4,0,4,0,8,12,0,20,0,0,0,20
01/19/2022,GRI,NE,ACE,CE,Federal Contract Tower,1,8,4,1,14,0,0,1,1,2,1,8,5,2,16,0,0,0,16
01/20/2022,GRI,NE,ACE,CE,Federal Contract Tower,4,11,7,2,24,0,0,8,14,22,4,11,15,16,46,8,24,32,78
01/21/2022,GRI,NE,ACE,CE,Federal Contract Tower,2,11,7,0,20,0,0,2,4,6,2,11,9,4,26,6,0,6,32
01/22/2022,GRI,NE,ACE,CE,Federal Contract Tower,0,7,3,0,10,0,0,9,5,14,0,7,12,5,24,0,0,0,24
01/23/2022,GRI,NE,ACE,CE,Federal Contract Tower,2,3,0,0,5,0,0,4,0,4,2,3,4,0,9,0,0,0,9
01/24/2022,GRI,NE,ACE,CE,Federal Contract Tower,2,7,7,0,16,0,0,0,0,0,2,7,7,0,16,2,0,2,18
01/25/2022,GRI,NE,ACE,CE,Federal Contract Tower,0,12,5,0,17,0,0,2,7,9,0,12,7,7,26,2,16,18,44
01/26/2022,GRI,NE,ACE,CE,Federal Contract Tower,1,8,3,0,12,0,0,1,6,7,1,8,4,6,19,0,0,0,19
01/27/2022,GRI,NE,ACE,CE,Federal Contract Tower,2,10,6,0,18,0,0,3,18,21,2,10,9,18,39,0,54,54,93
01/28/2022,GRI,NE,ACE,CE,Federal Contract Tower,0,0,10,0,10,0,0,15,3,18,0,0,25,3,28,0,0,0,28
01/29/2022,GRI,NE,ACE,CE,Federal Contract Tower,0,7,3,0,10,0,0,3,0,3,0,7,6,0,13,0,0,0,13
01/30/2022,GRI,NE,ACE,CE,Federal Contract Tower,2,3,3,0,8,0,0,8,0,8,2,3,11,0,16,24,0,24,40
01/31/2022,GRI,NE,ACE,CE,Federal Contract Tower,2,6,7,0,15,0,0,6,0,6,2,6,13,0,21,0,0,0,21
02/01/2022,GRI,NE,ACE,CE,Federal Contract Tower,0,11,3,0,14,0,0,4,10,14,0,11,7,10,28,4,30,34,62
02/02/2022,GRI,NE,ACE,CE,Federal Contract Tower,1,10,11,1,23,0,2,0,3,5,1,12,11,4,28,0,4,4,32
02/03/2022,GRI,NE,ACE,CE,Federal Contract Tower,2,6,5,1,14,0,0,13,7,20,2,6,18,8,34,6,12,18,52
02/04/2022,GRI,NE,ACE,CE,Federal Contract Tower,0,7,8,2,17,0,2,11,4,17,0,9,19,6,34,2,0,2,36
02/05/2022,GRI,NE,ACE,CE,Federal Contract Tower,1,7,5,0,13,0,0,10,11,21,1,7,15,11,34,8,12,20,54
02/06/2022,GRI,NE,ACE,CE,Federal Contract Tower,4,4,9,0,17,0,0,6,0,6,4,4,15,0,23,10,0,10,33
02/07/2022,GRI,NE,ACE,CE,Federal Contract Tower,2,7,4,0,13,0,0,11,0,11,2,7,15,0,24,10,0,10,34
02/08/2022,GRI,NE,ACE,CE,Federal Contract Tower,0,12,4,0,16,0,0,2,0,2,0,12,6,0,18,0,0,0,18
02/09/2022,GRI,NE,ACE,CE,Federal Contract Tower,1,16,10,0,27,0,0,15,2,17,1,16,25,2,44,6,0,6,50
02/10/2022,GRI,NE,ACE,CE,Federal Contract Tower,3,18,7,2,30,0,1,22,8,31,3,19,29,10,61,0,14,14,75
02/11/2022,GRI,NE,ACE,CE,Federal Contract Tower,1,13,10,0,24,0,0,2,0,2,1,13,12,0,26,0,0,0,26
02/12/2022,GRI,NE,ACE,CE,Federal Contract Tower,0,9,7,0,16,0,2,32,0,34,0,11,39,0,50,0,0,0,50
02/13/2022,GRI,NE,ACE,CE,Federal Contract Tower,2,6,2,0,10,0,0,30,0,30,2,6,32,0,40,0,0,0,40
02/14/2022,GRI,NE,ACE,CE,Federal Contract Tower,2,6,4,0,12,0,0,38,0,38,2,6,42,0,50,8,0,8,58
02/15/2022,GRI,NE,ACE,CE,Federal Contract Tower,1,9,11,0,21,0,1,23,6,30,1,10,34,6,51,0,0,0,51
02/16/2022,GRI,NE,ACE,CE,Federal Contract Tower,5,11,4,0,20,0,1,3,1,5,5,12,7,1,25,0,0,0,25
02/17/2022,GRI,NE,ACE,CE,Federal Contract Tower,5,14,6,0,25,0,0,18,4,22,5,14,24,4,47,2,0,2,49
02/18/2022,GRI,NE,ACE,CE,Federal Contract Tower,0,7,3,0,10,0,0,7,0,7,0,7,10,0,17,0,0,0,17
02/19/2022,GRI,NE,ACE,CE,Federal Contract Tower,0,8,9,0,17,0,0,7,0,7,0,8,16,0,24,18,0,18,42
02/20/2022,GRI,NE,ACE,CE,Federal Contract Tower,2,4,0,0,6,0,0,11,0,11,2,4,11,0,17,64,0,64,81
02/21/2022,GRI,NE,ACE,CE,Federal Contract Tower,0,6,4,0,10,0,0,0,0,0,0,6,4,0,10,0,0,0,10
02/22/2022,GRI,NE,ACE,CE,Federal Contract Tower,4,12,1,0,17,0,0,0,0,0,4,12,1,0,17,0,0,0,17
02/23/2022,GRI,NE,ACE,CE,Federal Contract Tower,2,8,5,1,16,0,0,10,9,19,2,8,15,10,35,2,4,6,41
02/24/2022,GRI,NE,ACE,CE,Federal Contract Tower,2,11,7,0,20,0,0,0,0,0,2,11,7,0,20,0,26,26,46
02/25/2022,GRI,NE,ACE,CE,Federal Contract Tower,2,14,2,0,18,0,0,14,9,23,2,14,16,9,41,8,2,10,51
02/26/2022,GRI,NE,ACE,CE,Federal Contract Tower,0,6,5,0,11,0,0,15,0,15,0,6,20,0,26,16,0,16,42
02/27/2022,GRI,NE,ACE,CE,Federal Contract Tower,2,3,4,0,9,0,0,22,0,22,2,3,26,0,31,22,0,22,53
02/28/2022,GRI,NE,ACE,CE,Federal Contract Tower,0,11,1,0,12,0,0,9,0,9,0,11,10,0,21,72,0,72,93
03/01/2022,GRI,NE,ACE,CE,Federal Contract Tower,2,16,7,0,25,0,0,16,3,19,2,16,23,3,44,44,0,44,88
03/02/2022,GRI,NE,ACE,CE,Federal Contract Tower,0,14,6,0,20,0,0,27,5,32,0,14,33,5,52,12,0,12,64
03/03/2022,GRI,NE,ACE,CE,Federal Contract Tower,2,11,10,0,23,0,2,9,10,21,2,13,19,10,44,16,12,28,72
03/04/2022,GRI,NE,ACE,CE,Federal Contract Tower,0,13,4,0,17,0,0,7,0,7,0,13,11,0,24,4,0,4,28
03/05/2022,GRI,NE,ACE,CE,Federal Contract Tower,0,7,3,0,10,0,0,0,0,0,0,7,3,0,10,0,0,0,10
03/06/2022,GRI,NE,ACE,CE,Federal Contract Tower,2,3,2,0,7,0,0,2,0,2,2,3,4,0,9,8,0,8,17
03/07/2022,GRI,NE,ACE,CE,Federal Contract Tower,0,10,2,0,12,0,0,19,0,19,0,10,21,0,31,18,0,18,49
03/08/2022,GRI,NE,ACE,CE,Federal Contract Tower,0,11,8,2,21,0,0,7,0,7,0,11,15,2,28,8,4,12,40
03/09/2022,GRI,NE,ACE,CE,Federal Contract Tower,1,10,7,0,18,0,0,1,0,1,1,10,8,0,19,3,0,3,22
03/10/2022,GRI,NE,ACE,CE,Federal Contract Tower,2,9,4,1,16,0,0,1,4,5,2,9,5,5,21,0,2,2,23
03/11/2022,GRI,NE,ACE,CE,Federal Contract Tower,0,8,10,0,18,0,0,12,3,15,0,8,22,3,33,2,0,2,35
03/12/2022,GRI,NE,ACE,CE,Federal Contract Tower,2,7,2,0,11,0,0,6,0,6,2,7,8,0,17,8,0,8,25
03/13/2022,GRI,NE,ACE,CE,Federal Contract Tower,4,3,6,0,13,0,0,23,0,23,4,3,29,0,36,0,0,0,36
03/14/2022,GRI,NE,ACE,CE,Federal Contract Tower,0,8,5,2,15,0,0,11,0,11,0,8,16,2,26,0,0,0,26
03/15/2022,GRI,NE,ACE,CE,Federal Contract Tower,0,13,14,0,27,0,0,18,4,22,0,13,32,4,49,6,22,28,77
03/16/2022,GRI,NE,ACE,CE,Federal Contract Tower,2,8,3,1,14,0,2,23,2,27,2,10,26,3,41,32,4,36,77
03/17/2022,GRI,NE,ACE,CE,Federal Contract Tower,4,9,6,0,19,0,0,2,3,5,4,9,8,3,24,0,8,8,32
03/18/2022,GRI,NE,ACE,CE,Federal Contract Tower,0,13,8,2,23,0,0,13,2,15,0,13,21,4,38,10,0,10,48
03/19/2022,GRI,NE,ACE,CE,Federal Contract Tower,2,13,8,0,23,0,0,0,0,0,2,13,8,0,23,52,0,52,75
03/20/2022,GRI,NE,ACE,CE,Federal Contract Tower,2,8,9,0,19,0,0,11,0,11,2,8,20,0,30,4,0,4,34
03/21/2022,GRI,NE,ACE,CE,Federal Contract Tower,0,9,3,2,14,0,0,4,0,4,0,9,7,2,18,0,0,0,18
03/22/2022,GRI,NE,ACE,CE,Federal Contract Tower,0,12,3,0,15,0,0,2,0,2,0,12,5,0,17,0,0,0,17
03/23/2022,GRI,NE,ACE,CE,Federal Contract Tower,2,8,4,0,14,0,0,6,2,8,2,8,10,2,22,0,0,0,22
03/24/2022,GRI,NE,ACE,CE,Federal Contract Tower,2,7,6,0,15,0,0,26,12,38,2,7,32,12,53,24,4,28,81
03/25/2022,GRI,NE,ACE,CE,Federal Contract Tower,0,14,5,0,19,0,0,5,3,8,0,14,10,3,27,0,0,0,27
03/26/2022,GRI,NE,ACE,CE,Federal Contract Tower,0,7,3,0,10,0,0,32,0,32,0,7,35,0,42,24,0,24,66
03/27/2022,GRI,NE,ACE,CE,Federal Contract Tower,2,7,2,0,11,0,0,15,0,15,2,7,17,0,26,24,0,24,50
03/28/2022,GRI,NE,ACE,CE,Federal Contract Tower,1,8,8,2,19,0,0,13,1,14,1,8,21,3,33,6,16,22,55
03/29/2022,GRI,NE,ACE,CE,Federal Contract Tower,0,11,9,0,20,0,2,2,0,4,0,13,11,0,24,0,0,0,24
03/30/2022,GRI,NE,ACE,CE,Federal Contract Tower,2,6,9,0,17,0,0,0,3,3,2,6,9,3,20,0,4,4,24
03/31/2022,GRI,NE,ACE,CE,Federal Contract Tower,2,9,6,0,17,0,0,3,16,19,2,9,9,16,36,0,0,0,36
04/01/2022,GRI,NE,ACE,CE,Federal Contract Tower,0,8,8,0,16,0,0,21,6,27,0,8,29,6,43,4,2,6,49
04/02/2022,GRI,NE,ACE,CE,Federal Contract Tower,0,11,2,4,17,0,0,18,0,18,0,11,20,4,35,14,0,14,49
04/03/2022,GRI,NE,ACE,CE,Federal Contract Tower,2,3,6,0,11,0,0,14,2,16,2,3,20,2,27,4,0,4,31
04/04/2022,GRI,NE,ACE,CE,Federal Contract Tower,0,10,5,2,17,0,0,16,0,16,0,10,21,2,33,32,0,32,65
04/05/2022,GRI,NE,ACE,CE,Federal Contract Tower,0,11,6,0,17,0,0,4,0,4,0,11,10,0,21,0,0,0,21
04/06/2022,GRI,NE,ACE,CE,Federal Contract Tower,2,14,3,0,19,0,0,1,0,1,2,14,4,0,20,0,0,0,20
04/07/2022,GRI,NE,ACE,CE,Federal Contract Tower,4,13,6,0,23,0,0,0,0,0,4,13,6,0,23,0,0,0,23
04/08/2022,GRI,NE,ACE,CE,Federal Contract Tower,2,11,6,0,19,0,0,2,2,4,2,11,8,2,23,0,0,0,23
04/09/2022,GRI,NE,ACE,CE,Federal Contract Tower,0,7,5,0,12,0,0,4,2,6,0,7,9,2,18,7,0,7,25
04/10/2022,GRI,NE,ACE,CE,Federal Contract Tower,0,9,7,0,16,0,0,4,2,6,0,9,11,2,22,4,0,4,26
04/11/2022,GRI,NE,ACE,CE,Federal Contract Tower,0,10,5,0,15,0,0,10,0,10,0,10,15,0,25,38,0,38,63
04/12/2022,GRI,NE,ACE,CE,Federal Contract Tower,2,7,3,0,12,0,0,0,0,0,2,7,3,0,12,0,0,0,12
04/13/2022,GRI,NE,ACE,CE,Federal Contract Tower,2,15,11,1,29,0,1,6,0,7,2,16,17,1,36,2,2,4,40
04/14/2022,GRI,NE,ACE,CE,Federal Contract Tower,0,16,6,2,24,0,0,2,0,2,0,16,8,2,26,0,0,0,26
04/15/2022,GRI,NE,ACE,CE,Federal Contract Tower,0,12,4,0,16,0,2,30,4,36,0,14,34,4,52,52,0,52,104
04/16/2022,GRI,NE,ACE,CE,Federal Contract Tower,2,6,3,0,11,0,1,20,0,21,2,7,23,0,32,6,0,6,38
04/17/2022,GRI,NE,ACE,CE,Federal Contract Tower,2,3,0,0,5,0,0,1,0,1,2,3,1,0,6,0,0,0,6
04/18/2022,GRI,NE,ACE,CE,Federal Contract Tower,0,9,8,0,17,0,0,23,0,23,0,9,31,0,40,40,0,40,80
04/19/2022,GRI,NE,ACE,CE,Federal Contract Tower,0,11,7,0,18,0,0,1,0,1,0,11,8,0,19,0,0,0,19
04/20/2022,GRI,NE,ACE,CE,Federal Contract Tower,2,11,4,0,17,0,0,6,3,9,2,11,10,3,26,6,30,36,62
04/21/2022,GRI,NE,ACE,CE,Federal Contract Tower,2,15,7,2,26,0,9,17,0,26,2,24,24,2,52,14,0,14,66
04/22/2022,GRI,NE,ACE,CE,Federal Contract Tower,0,7,2,0,9,0,0,1,2,3,0,7,3,2,12,0,12,12,24
04/23/2022,GRI,NE,ACE,CE,Federal Contract Tower,0,6,3,0,9,0,0,0,13,13,0,6,3,13,22,0,0,0,22
04/24/2022,GRI,NE,ACE,CE,Federal Contract Tower,2,6,12,0,20,0,2,1,0,3,2,8,13,0,23,0,0,0,23
04/25/2022,GRI,NE,ACE,CE,Federal Contract Tower,0,6,9,0,15,0,0,2,0,2,0,6,11,0,17,0,0,0,17
04/26/2022,GRI,NE,ACE,CE,Federal Contract Tower,0,9,8,0,17,0,0,17,2,19,0,9,25,2,36,4,8,12,48
04/27/2022,GRI,NE,ACE,CE,Federal Contract Tower,2,8,8,0,18,0,0,24,10,34,2,8,32,10,52,14,4,18,70
04/28/2022,GRI,NE,ACE,CE,Federal Contract Tower,2,11,4,1,18,0,0,16,5,21,2,11,20,6,39,10,6,16,55
04/29/2022,GRI,NE,ACE,CE,Federal Contract Tower,0,8,9,0,17,0,0,1,2,3,0,8,10,2,20,0,0,0,20
04/30/2022,GRI,NE,ACE,CE,Federal Contract Tower,2,5,1,0,8,0,0,0,0,0,2,5,1,0,8,0,0,0,8
05/01/2022,GRI,NE,ACE,CE,Federal Contract Tower,2,3,9,0,14,0,0,9,0,9,2,3,18,0,23,8,0,8,31
05/02/2022,GRI,NE,ACE,CE,Federal Contract Tower,0,4,3,0,7,0,0,0,0,0,0,4,3,0,7,0,0,0,7
05/03/2022,GRI,NE,ACE,CE,Federal Contract Tower,0,12,5,2,19,0,0,10,0,10,0,12,15,2,29,72,0,72,101
05/04/2022,GRI,NE,ACE,CE,Federal Contract Tower,2,8,4,5,19,0,0,1,3,4,2,8,5,8,23,0,4,4,27
05/05/2022,GRI,NE,ACE,CE,Federal Contract Tower,2,12,4,0,18,0,0,0,0,0,2,12,4,0,18,0,0,0,18
05/06/2022,GRI,NE,ACE,CE,Federal Contract Tower,0,11,3,2,16,0,0,7,0,7,0,11,10,2,23,8,0,8,31
05/07/2022,GRI,NE,ACE,CE,Federal Contract Tower,2,7,5,0,14,0,0,1,0,1,2,7,6,0,15,0,0,0,15
05/08/2022,GRI,NE,ACE,CE,Federal Contract Tower,0,8,6,0,14,0,0,7,0,7,0,8,13,0,21,0,0,0,21
05/09/2022,GRI,NE,ACE,CE,Federal Contract Tower,0,6,7,0,13,0,0,13,0,13,0,6,20,0,26,32,0,32,58
05/10/2022,GRI,NE,ACE,CE,Federal Contract Tower,0,10,5,0,15,0,0,9,10,19,0,10,14,10,34,14,0,14,48
05/11/2022,GRI,NE,ACE,CE,Federal Contract Tower,2,12,7,7,28,0,0,6,9,15,2,12,13,16,43,8,30,38,81
05/12/2022,GRI,NE,ACE,CE,Federal Contract Tower,3,10,4,0,17,0,0,0,0,0,3,10,4,0,17,0,0,0,17
05/13/2022,GRI,NE,ACE,CE,Federal Contract Tower,0,10,7,1,18,0,2,11,1,14,0,12,18,2,32,6,0,6,38
05/14/2022,GRI,NE,ACE,CE,Federal Contract Tower,4,10,1,0,15,0,0,9,0,9,4,10,10,0,24,8,0,8,32
05/15/2022,GRI,NE,ACE,CE,Federal Contract Tower,2,7,3,0,12,0,2,8,0,10,2,9,11,0,22,28,0,28,50
05/16/2022,GRI,NE,ACE,CE,Federal Contract Tower,2,6,4,0,12,0,2,8,0,10,2,8,12,0,22,52,0,52,74
05/17/2022,GRI,NE,ACE,CE,Federal Contract Tower,0,13,6,0,19,0,0,3,9,12,0,13,9,9,31,20,22,42,73
05/18/2022,GRI,NE,ACE,CE,Federal Contract Tower,4,11,3,1,19,0,2,14,2,18,4,13,17,3,37,50,12,62,99
05/19/2022,GRI,NE,ACE,CE,Federal Contract Tower,2,12,3,0,17,0,0,3,2,5,2,12,6,2,22,0,0,0,22
05/20/2022,GRI,NE,ACE,CE,Federal Contract Tower,0,9,7,0,16,0,4,18,0,22,0,13,25,0,38,14,0,14,52
05/21/2022,GRI,NE,ACE,CE,Federal Contract Tower,0,7,4,0,11,0,0,5,0,5,0,7,9,0,16,0,0,0,16
05/22/2022,GRI,NE,ACE,CE,Federal Contract Tower,1,5,4,0,10,0,0,0,0,0,1,5,4,0,10,0,32,32,42
05/23/2022,GRI,NE,ACE,CE,Federal Contract Tower,0,7,4,1,12,0,1,4,0,5,0,8,8,1,17,16,0,16,33
05/24/2022,GRI,NE,ACE,CE,Federal Contract Tower,1,12,3,0,16,0,0,0,0,0,1,12,3,0,16,0,0,0,16
05/25/2022,GRI,NE,ACE,CE,Federal Contract Tower,4,9,4,4,21,0,0,0,0,0,4,9,4,4,21,0,0,0,21
05/26/2022,GRI,NE,ACE,CE,Federal Contract Tower,0,12,8,2,22,0,2,16,7,25,0,14,24,9,47,12,14,26,73
05/27/2022,GRI,NE,ACE,CE,Federal Contract Tower,0,8,2,0,10,0,0,30,0,30,0,8,32,0,40,34,0,34,74
05/28/2022,GRI,NE,ACE,CE,Federal Contract Tower,0,8,3,0,11,0,0,17,0,17,0,8,20,0,28,14,0,14,42
05/29/2022,GRI,NE,ACE,CE,Federal Contract Tower,0,3,4,0,7,0,0,9,0,9,0,3,13,0,16,6,0,6,22
05/30/2022,GRI,NE,ACE,CE,Federal Contract Tower,0,1,0,0,1,0,0,0,0,0,0,1,0,0,1,0,0,0,1
05/31/2022,GRI,NE,ACE,CE,Federal Contract Tower,0,9,6,2,17,0,1,9,0,10,0,10,15,2,27,40,4,44,71
06/01/2022,GRI,NE,ACE,CE,Federal Contract Tower,0,11,11,3,25,0,0,7,3,10,0,11,18,6,35,20,4,24,59
06/02/2022,GRI,NE,ACE,CE,Federal Contract Tower,6,13,5,1,25,0,0,15,4,19,6,13,20,5,44,24,0,24,68
06/03/2022,GRI,NE,ACE,CE,Federal Contract Tower,2,8,4,0,14,0,0,45,3,48,2,8,49,3,62,12,34,46,108
06/04/2022,GRI,NE,ACE,CE,Federal Contract Tower,0,6,5,0,11,0,0,15,7,22,0,6,20,7,33,2,20,22,55
06/05/2022,GRI,NE,ACE,CE,Federal Contract Tower,2,2,0,0,4,0,0,3,2,5,2,2,3,2,9,0,12,12,21
06/06/2022,GRI,NE,ACE,CE,Federal Contract Tower,2,5,6,1,14,0,0,0,0,0,2,5,6,1,14,14,0,14,28
06/07/2022,GRI,NE,ACE,CE,Federal Contract Tower,2,9,7,0,18,0,0,5,10,15,2,9,12,10,33,6,6,12,45
06/08/2022,GRI,NE,ACE,CE,Federal Contract Tower,0,8,4,0,12,0,0,22,2,24,0,8,26,2,36,36,82,118,154
06/09/2022,GRI,NE,ACE,CE,Federal Contract Tower,2,8,8,0,18,0,0,5,7,12,2,8,13,7,30,10,10,20,50
06/10/2022,GRI,NE,ACE,CE,Federal Contract Tower,2,9,4,0,15,0,0,21,7,28,2,9,25,7,43,62,0,62,105
06/11/2022,GRI,NE,ACE,CE,Federal Contract Tower,2,4,4,0,10,0,2,20,3,25,2,6,24,3,35,4,0,4,39
06/12/2022,GRI,NE,ACE,CE,Federal Contract Tower,2,3,9,0,14,0,0,5,1,6,2,3,14,1,20,0,0,0,20
06/13/2022,GRI,NE,ACE,CE,Federal Contract Tower,2,5,1,0,8,0,0,2,0,2,2,5,3,0,10,0,0,0,10
06/14/2022,GRI,NE,ACE,CE,Federal Contract Tower,0,7,4,0,11,0,0,3,1,4,0,7,7,1,15,0,0,0,15
06/15/2022,GRI,NE,ACE,CE,Federal Contract Tower,1,8,5,0,14,0,0,9,6,15,1,8,14,6,29,10,0,10,39
06/16/2022,GRI,NE,ACE,CE,Federal Contract Tower,0,9,7,0,16,0,0,12,4,16,0,9,19,4,32,0,12,12,44
06/17/2022,GRI,NE,ACE,CE,Federal Contract Tower,2,13,5,0,20,0,0,17,2,19,2,13,22,2,39,6,0,6,45
06/18/2022,GRI,NE,ACE,CE,Federal Contract Tower,0,6,3,0,9,0,0,8,0,8,0,6,11,0,17,4,0,4,21
06/19/2022,GRI,NE,ACE,CE,Federal Contract Tower,2,2,4,0,8,0,0,3,0,3,2,2,7,0,11,0,0,0,11
06/20/2022,GRI,NE,ACE,CE,Federal Contract Tower,2,5,4,0,11,0,0,3,0,3,2,5,7,0,14,0,0,0,14
06/21/2022,GRI,NE,ACE,CE,Federal Contract Tower,0,10,13,0,23,0,0,16,0,16,0,10,29,0,39,0,0,0,39
06/22/2022,GRI,NE,ACE,CE,Federal Contract Tower,0,11,6,0,17,0,0,15,2,17,0,11,21,2,34,2,0,2,36
06/23/2022,GRI,NE,ACE,CE,Federal Contract Tower,0,9,14,0,23,0,0,6,2,8,0,9,20,2,31,6,0,6,37
06/24/2022,GRI,NE,ACE,CE,Federal Contract Tower,2,9,5,0,16,0,0,12,0,12,2,9,17,0,28,0,0,0,28
06/25/2022,GRI,NE,ACE,CE,Federal Contract Tower,0,11,10,0,21,0,0,7,0,7,0,11,17,0,28,2,0,2,30
06/26/2022,GRI,NE,ACE,CE,Federal Contract Tower,2,4,8,0,14,0,0,6,0,6,2,4,14,0,20,14,0,14,34
06/27/2022,GRI,NE,ACE,CE,Federal Contract Tower,2,6,7,0,15,0,0,11,0,11,2,6,18,0,26,16,0,16,42
06/28/2022,GRI,NE,ACE,CE,Federal Contract Tower,0,8,6,0,14,0,0,22,0,22,0,8,28,0,36,14,0,14,50
06/29/2022,GRI,NE,ACE,CE,Federal Contract Tower,0,10,12,4,26,0,0,3,11,14,0,10,15,15,40,0,0,0,40
06/30/2022,GRI,NE,ACE,CE,Federal Contract Tower,0,18,6,0,24,0,0,13,0,13,0,18,19,0,37,0,0,0,37
07/01/2022,GRI,NE,ACE,CE,Federal Contract Tower,2,13,8,0,23,0,0,21,0,21,2,13,29,0,44,10,0,10,54
07/02/2022,GRI,NE,ACE,CE,Federal Contract Tower,0,8,7,2,17,0,0,6,0,6,0,8,13,2,23,12,12,24,47
07/03/2022,GRI,NE,ACE,CE,Federal Contract Tower,1,2,2,1,6,0,0,2,0,2,1,2,4,1,8,0,0,0,8
07/04/2022,GRI,NE,ACE,CE,Federal Contract Tower,2,2,0,0,4,0,0,0,0,0,2,2,0,0,4,0,0,0,4
07/05/2022,GRI,NE,ACE,CE,Federal Contract Tower,0,9,0,0,9,0,0,6,0,6,0,9,6,0,15,0,0,0,15
07/06/2022,GRI,NE,ACE,CE,Federal Contract Tower,0,9,4,0,13,0,0,4,0,4,0,9,8,0,17,0,0,0,17
07/07/2022,GRI,NE,ACE,CE,Federal Contract Tower,0,11,9,0,20,0,0,1,0,1,0,11,10,0,21,0,0,0,21
07/08/2022,GRI,NE,ACE,CE,Federal Contract Tower,2,9,7,0,18,0,0,3,0,3,2,9,10,0,21,0,0,0,21
07/09/2022,GRI,NE,ACE,CE,Federal Contract Tower,0,7,3,0,10,0,0,27,3,30,0,7,30,3,40,4,0,4,44
07/10/2022,GRI,NE,ACE,CE,Federal Contract Tower,2,4,2,0,8,0,0,5,0,5,2,4,7,0,13,0,0,0,13
07/11/2022,GRI,NE,ACE,CE,Federal Contract Tower,2,7,3,0,12,0,0,14,0,14,2,7,17,0,26,0,0,0,26
07/12/2022,GRI,NE,ACE,CE,Federal Contract Tower,0,13,5,0,18,0,0,26,0,26,0,13,31,0,44,22,0,22,66
07/13/2022,GRI,NE,ACE,CE,Federal Contract Tower,2,12,4,0,18,0,0,20,0,20,2,12,24,0,38,0,0,0,38
07/14/2022,GRI,NE,ACE,CE,Federal Contract Tower,0,15,8,0,23,0,0,10,0,10,0,15,18,0,33,0,0,0,33
07/15/2022,GRI,NE,ACE,CE,Federal Contract Tower,0,11,3,0,14,0,0,15,1,16,0,11,18,1,30,24,4,28,58
07/16/2022,GRI,NE,ACE,CE,Federal Contract Tower,0,6,3,0,9,0,0,3,4,7,0,6,6,4,16,0,0,0,16
07/17/2022,GRI,NE,ACE,CE,Federal Contract Tower,4,5,7,0,16,0,0,26,0,26,4,5,33,0,42,6,0,6,48
07/18/2022,GRI,NE,ACE,CE,Federal Contract Tower,2,8,4,0,14,0,0,9,0,9,2,8,13,0,23,8,0,8,31
07/19/2022,GRI,NE,ACE,CE,Federal Contract Tower,0,12,12,0,24,0,2,3,0,5,0,14,15,0,29,0,0,0,29
07/20/2022,GRI,NE,ACE,CE,Federal Contract Tower,0,12,11,1,24,0,2,19,3,24,0,14,30,4,48,6,0,6,54
07/21/2022,GRI,NE,ACE,CE,Federal Contract Tower,2,15,11,0,28,0,0,12,0,12,2,15,23,0,40,0,0,0,40
07/22/2022,GRI,NE,ACE,CE,Federal Contract Tower,3,13,8,0,24,0,0,7,0,7,3,13,15,0,31,6,0,6,37
07/23/2022,GRI,NE,ACE,CE,Federal Contract Tower,0,10,1,0,11,0,0,13,0,13,0,10,14,0,24,0,0,0,24
07/24/2022,GRI,NE,ACE,CE,Federal Contract Tower,2,6,3,0,11,0,0,21,0,21,2,6,24,0,32,0,14,14,46
07/25/2022,GRI,NE,ACE,CE,Federal Contract Tower,2,9,7,0,18,0,0,0,0,0,2,9,7,0,18,0,0,0,18
07/26/2022,GRI,NE,ACE,CE,Federal Contract Tower,0,11,7,2,20,0,0,5,0,5,0,11,12,2,25,2,12,14,39
07/27/2022,GRI,NE,ACE,CE,Federal Contract Tower,0,11,3,0,14,0,1,11,10,22,0,12,14,10,36,2,0,2,38
07/28/2022,GRI,NE,ACE,CE,Federal Contract Tower,0,13,9,0,22,0,0,14,2,16,0,13,23,2,38,0,0,0,38
07/29/2022,GRI,NE,ACE,CE,Federal Contract Tower,0,14,3,2,19,0,0,14,0,14,0,14,17,2,33,18,0,18,51
07/30/2022,GRI,NE,ACE,CE,Federal Contract Tower,0,6,10,0,16,0,0,17,0,17,0,6,27,0,33,6,0,6,39
07/31/2022,GRI,NE,ACE,CE,Federal Contract Tower,1,4,6,0,11,0,0,11,2,13,1,4,17,2,24,4,0,4,28
08/01/2022,GRI,NE,ACE,CE,Federal Contract Tower,2,7,3,0,12,0,0,19,3,22,2,7,22,3,34,14,0,14,48
08/02/2022,GRI,NE,ACE,CE,Federal Contract Tower,0,12,3,0,15,0,0,1,0,1,0,12,4,0,16,0,0,0,16
08/03/2022,GRI,NE,ACE,CE,Federal Contract Tower,0,10,6,0,16,0,0,25,0,25,0,10,31,0,41,16,0,16,57
08/04/2022,GRI,NE,ACE,CE,Federal Contract Tower,0,18,8,2,28,0,0,11,4,15,0,18,19,6,43,0,4,4,47
08/05/2022,GRI,NE,ACE,CE,Federal Contract Tower,2,14,10,0,26,0,0,16,0,16,2,14,26,0,42,10,0,10,52
08/06/2022,GRI,NE,ACE,CE,Federal Contract Tower,0,7,6,0,13,0,0,2,8,10,0,7,8,8,23,0,0,0,23
08/07/2022,GRI,NE,ACE,CE,Federal Contract Tower,2,6,5,0,13,0,0,3,0,3,2,6,8,0,16,0,0,0,16
08/08/2022,GRI,NE,ACE,CE,Federal Contract Tower,2,9,12,1,24,0,0,4,0,4,2,9,16,1,28,14,0,14,42
08/09/2022,GRI,NE,ACE,CE,Federal Contract Tower,2,15,7,0,24,0,0,24,0,24,2,15,31,0,48,8,0,8,56
08/10/2022,GRI,NE,ACE,CE,Federal Contract Tower,2,13,10,0,25,0,0,15,12,27,2,13,25,12,52,16,0,16,68
08/11/2022,GRI,NE,ACE,CE,Federal Contract Tower,2,12,7,2,23,0,0,18,3,21,2,12,25,5,44,10,2,12,56
08/12/2022,GRI,NE,ACE,CE,Federal Contract Tower,6,12,9,0,27,0,0,15,0,15,6,12,24,0,42,12,0,12,54
08/13/2022,GRI,NE,ACE,CE,Federal Contract Tower,0,10,6,2,18,0,0,15,0,15,0,10,21,2,33,0,0,0,33
08/14/2022,GRI,NE,ACE,CE,Federal Contract Tower,0,5,6,0,11,0,0,13,0,13,0,5,19,0,24,4,0,4,28
08/15/2022,GRI,NE,ACE,CE,Federal Contract Tower,2,10,6,0,18,0,0,1,0,1,2,10,7,0,19,0,0,0,19
08/16/2022,GRI,NE,ACE,CE,Federal Contract Tower,2,10,10,0,22,0,0,0,0,0,2,10,10,0,22,0,0,0,22
08/17/2022,GRI,NE,ACE,CE,Federal Contract Tower,4,15,13,0,32,0,0,22,10,32,4,15,35,10,64,16,0,16,80
08/18/2022,GRI,NE,ACE,CE,Federal Contract Tower,3,13,10,0,26,0,0,19,5,24,3,13,29,5,50,6,4,10,60
08/19/2022,GRI,NE,ACE,CE,Federal Contract Tower,2,12,4,0,18,0,0,20,8,28,2,12,24,8,46,8,2,10,56
08/20/2022,GRI,NE,ACE,CE,Federal Contract Tower,3,6,8,0,17,0,0,8,4,12,3,6,16,4,29,4,0,4,33
08/21/2022,GRI,NE,ACE,CE,Federal Contract Tower,9,0,2,0,11,0,0,12,0,12,9,0,14,0,23,0,0,0,23
08/22/2022,GRI,NE,ACE,CE,Federal Contract Tower,7,6,11,2,26,0,0,15,6,21,7,6,26,8,47,16,0,16,63
08/23/2022,GRI,NE,ACE,CE,Federal Contract Tower,6,9,7,3,25,0,0,9,0,9,6,9,16,3,34,8,0,8,42
08/24/2022,GRI,NE,ACE,CE,Federal Contract Tower,4,14,20,2,40,0,0,7,0,7,4,14,27,2,47,2,0,2,49
08/25/2022,GRI,NE,ACE,CE,Federal Contract Tower,6,12,9,2,29,0,0,5,7,12,6,12,14,9,41,0,0,0,41
08/26/2022,GRI,NE,ACE,CE,Federal Contract Tower,4,9,8,2,23,0,0,9,1,10,4,9,17,3,33,0,0,0,33
08/27/2022,GRI,NE,ACE,CE,Federal Contract Tower,3,6,3,0,12,0,0,0,0,0,3,6,3,0,12,0,0,0,12
08/28/2022,GRI,NE,ACE,CE,Federal Contract Tower,6,2,5,0,13,0,2,3,0,5,6,4,8,0,18,0,0,0,18
08/29/2022,GRI,NE,ACE,CE,Federal Contract Tower,4,7,8,0,19,0,0,13,0,13,4,7,21,0,32,4,0,4,36
08/30/2022,GRI,NE,ACE,CE,Federal Contract Tower,6,8,2,1,17,0,0,15,0,15,6,8,17,1,32,14,0,14,46
08/31/2022,GRI,NE,ACE,CE,Federal Contract Tower,4,15,11,0,30,0,0,9,0,9,4,15,20,0,39,2,0,2,41
09/01/2022,GRI,NE,ACE,CE,Federal Contract Tower,2,16,7,0,25,0,0,12,0,12,2,16,19,0,37,2,0,2,39
09/03/2022,GRI,NE,ACE,CE,Federal Contract Tower,7,10,2,0,19,0,0,14,0,14,7,10,16,0,33,14,0,14,47
09/04/2022,GRI,NE,ACE,CE,Federal Contract Tower,5,0,1,0,6,0,0,13,0,13,5,0,14,0,19,4,0,4,23
09/05/2022,GRI,NE,ACE,CE,Federal Contract Tower,3,8,5,0,16,0,0,4,0,4,3,8,9,0,20,0,0,0,20
09/06/2022,GRI,NE,ACE,CE,Federal Contract Tower,4,9,9,0,22,0,0,10,0,10,4,9,19,0,32,6,0,6,38
09/07/2022,GRI,NE,ACE,CE,Federal Contract Tower,4,17,9,0,30,0,0,22,6,28,4,17,31,6,58,8,0,8,66
09/08/2022,GRI,NE,ACE,CE,Federal Contract Tower,7,11,8,0,26,0,0,8,6,14,7,11,16,6,40,0,0,0,40
09/09/2022,GRI,NE,ACE,CE,Federal Contract Tower,6,10,4,1,21,0,0,4,0,4,6,10,8,1,25,6,0,6,31
09/10/2022,GRI,NE,ACE,CE,Federal Contract Tower,4,4,6,0,14,0,0,2,2,4,4,4,8,2,18,0,14,14,32
09/11/2022,GRI,NE,ACE,CE,Federal Contract Tower,2,0,4,0,6,0,0,7,8,15,2,0,11,8,21,0,0,0,21
09/12/2022,GRI,NE,ACE,CE,Federal Contract Tower,6,7,14,3,30,0,0,11,7,18,6,7,25,10,48,0,16,16,64
09/13/2022,GRI,NE,ACE,CE,Federal Contract Tower,3,18,16,0,37,0,0,14,4,18,3,18,30,4,55,4,0,4,59
09/14/2022,GRI,NE,ACE,CE,Federal Contract Tower,7,10,17,0,34,0,0,24,3,27,7,10,41,3,61,6,0,6,67
09/15/2022,GRI,NE,ACE,CE,Federal Contract Tower,8,9,14,4,35,0,0,6,4,10,8,9,20,8,45,0,0,0,45
09/16/2022,GRI,NE,ACE,CE,Federal Contract Tower,4,15,10,4,33,0,0,23,6,29,4,15,33,10,62,20,12,32,94
09/17/2022,GRI,NE,ACE,CE,Federal Contract Tower,2,6,3,0,11,0,0,7,2,9,2,6,10,2,20,2,0,2,22
09/18/2022,GRI,NE,ACE,CE,Federal Contract Tower,4,4,1,2,11,0,0,3,0,3,4,4,4,2,14,0,0,0,14
09/19/2022,GRI,NE,ACE,CE,Federal Contract Tower,8,7,8,0,23,0,0,2,2,4,8,7,10,2,27,0,6,6,33
09/20/2022,GRI,NE,ACE,CE,Federal Contract Tower,2,9,12,1,24,0,0,12,6,18,2,9,24,7,42,36,2,38,80
09/21/2022,GRI,NE,ACE,CE,Federal Contract Tower,6,5,8,0,19,0,0,4,3,7,6,5,12,3,26,0,0,0,26
09/22/2022,GRI,NE,ACE,CE,Federal Contract Tower,7,14,8,2,31,0,0,6,6,12,7,14,14,8,43,0,0,0,43
09/23/2022,GRI,NE,ACE,CE,Federal Contract Tower,5,11,10,2,28,0,2,8,2,12,5,13,18,4,40,0,0,0,40
09/24/2022,GRI,NE,ACE,CE,Federal Contract Tower,2,6,4,0,12,0,0,23,0,23,2,6,27,0,35,0,0,0,35
09/25/2022,GRI,NE,ACE,CE,Federal Contract Tower,4,2,8,0,14,0,0,7,0,7,4,2,15,0,21,0,0,0,21
09/26/2022,GRI,NE,ACE,CE,Federal Contract Tower,8,5,3,0,16,0,0,8,2,10,8,5,11,2,26,0,0,0,26
09/27/2022,GRI,NE,ACE,CE,Federal Contract Tower,2,9,11,0,22,0,2,11,2,15,2,11,22,2,37,12,0,12,49
09/28/2022,GRI,NE,ACE,CE,Federal Contract Tower,2,16,9,2,29,0,0,9,10,19,2,16,18,12,48,6,28,34,82
09/29/2022,GRI,NE,ACE,CE,Federal Contract Tower,4,11,6,0,21,0,0,16,6,22,4,11,22,6,43,0,10,10,53
09/30/2022,GRI,NE,ACE,CE,Federal Contract Tower,4,5,8,0,17,0,0,10,2,12,4,5,18,2,29,0,0,0,29
10/01/2022,GRI,NE,ACE,CE,Federal Contract Tower,2,5,2,0,9,0,0,8,0,8,2,5,10,0,17,0,0,0,17
10/02/2022,GRI,NE,ACE,CE,Federal Contract Tower,5,3,3,0,11,0,0,24,0,24,5,3,27,0,35,18,0,18,53
10/03/2022,GRI,NE,ACE,CE,Federal Contract Tower,4,5,13,0,22,0,0,9,2,11,4,5,22,2,33,0,0,0,33
10/04/2022,GRI,NE,ACE,CE,Federal Contract Tower,1,9,6,0,16,0,0,6,4,10,1,9,12,4,26,0,0,0,26
10/05/2022,GRI,NE,ACE,CE,Federal Contract Tower,2,11,5,1,19,0,0,12,5,17,2,11,17,6,36,4,8,12,48
10/06/2022,GRI,NE,ACE,CE,Federal Contract Tower,2,7,11,6,26,0,0,1,1,2,2,7,12,7,28,0,0,0,28
10/07/2022,GRI,NE,ACE,CE,Federal Contract Tower,4,7,5,0,16,0,0,23,0,23,4,7,28,0,39,10,0,10,49
10/08/2022,GRI,NE,ACE,CE,Federal Contract Tower,3,6,4,0,13,0,0,13,0,13,3,6,17,0,26,12,0,12,38
10/09/2022,GRI,NE,ACE,CE,Federal Contract Tower,2,0,6,0,8,0,2,36,0,38,2,2,42,0,46,18,0,18,64
10/10/2022,GRI,NE,ACE,CE,Federal Contract Tower,4,3,4,5,16,0,0,26,3,29,4,3,30,8,45,10,0,10,55
10/11/2022,GRI,NE,ACE,CE,Federal Contract Tower,6,5,7,0,18,0,0,6,0,6,6,5,13,0,24,0,0,0,24
10/12/2022,GRI,NE,ACE,CE,Federal Contract Tower,4,8,10,0,22,0,0,3,5,8,4,8,13,5,30,0,2,2,32
10/13/2022,GRI,NE,ACE,CE,Federal Contract Tower,4,7,12,0,23,0,0,6,3,9,4,7,18,3,32,0,0,0,32
10/14/2022,GRI,NE,ACE,CE,Federal Contract Tower,8,8,3,4,23,0,0,6,4,10,8,8,9,8,33,0,14,14,47
10/15/2022,GRI,NE,ACE,CE,Federal Contract Tower,2,5,4,0,11,0,0,9,6,15,2,5,13,6,26,0,2,2,28
10/16/2022,GRI,NE,ACE,CE,Federal Contract Tower,2,4,3,0,9,0,0,0,0,0,2,4,3,0,9,0,0,0,9
10/17/2022,GRI,NE,ACE,CE,Federal Contract Tower,4,8,9,1,22,0,0,15,2,17,4,8,24,3,39,8,4,12,51
10/18/2022,GRI,NE,ACE,CE,Federal Contract Tower,5,5,4,0,14,0,0,18,3,21,5,5,22,3,35,6,22,28,63
10/19/2022,GRI,NE,ACE,CE,Federal Contract Tower,2,7,11,1,21,0,1,25,11,37,2,8,36,12,58,14,0,14,72
10/20/2022,GRI,NE,ACE,CE,Federal Contract Tower,4,10,14,1,29,0,0,22,2,24,4,10,36,3,53,0,0,0,53
10/21/2022,GRI,NE,ACE,CE,Federal Contract Tower,6,7,4,0,17,0,0,20,0,20,6,7,24,0,37,34,0,34,71
10/22/2022,GRI,NE,ACE,CE,Federal Contract Tower,2,5,3,0,10,0,0,33,2,35,2,5,36,2,45,64,16,80,125
10/23/2022,GRI,NE,ACE,CE,Federal Contract Tower,2,1,5,0,8,0,0,4,0,4,2,1,9,0,12,0,0,0,12
10/24/2022,GRI,NE,ACE,CE,Federal Contract Tower,4,6,6,0,16,0,0,12,2,14,4,6,18,2,30,0,0,0,30
10/25/2022,GRI,NE,ACE,CE,Federal Contract Tower,3,9,9,0,21,0,0,10,0,10,3,9,19,0,31,26,0,26,57
10/26/2022,GRI,NE,ACE,CE,Federal Contract Tower,2,13,6,2,23,0,0,15,8,23,2,13,21,10,46,4,44,48,94
10/27/2022,GRI,NE,ACE,CE,Federal Contract Tower,5,8,6,0,19,0,0,5,2,7,5,8,11,2,26,0,0,0,26
10/28/2022,GRI,NE,ACE,CE,Federal Contract Tower,7,7,2,0,16,0,0,5,2,7,7,7,7,2,23,0,0,0,23
10/29/2022,GRI,NE,ACE,CE,Federal Contract Tower,1,4,2,0,7,0,0,15,3,18,1,4,17,3,25,8,0,8,33
10/30/2022,GRI,NE,ACE,CE,Federal Contract Tower,4,2,0,0,6,0,0,21,0,21,4,2,21,0,27,26,0,26,53
10/31/2022,GRI,NE,ACE,CE,Federal Contract Tower,5,5,2,0,12,0,0,24,0,24,5,5,26,0,36,14,0,14,50
11/01/2022,GRI,NE,ACE,CE,Federal Contract Tower,4,8,8,0,20,0,0,23,2,25,4,8,31,2,45,0,2,2,47
11/02/2022,GRI,NE,ACE,CE,Federal Contract Tower,2,9,5,0,16,0,0,7,2,9,2,9,12,2,25,0,0,0,25
11/03/2022,GRI,NE,ACE,CE,Federal Contract Tower,6,11,8,3,28,0,0,6,3,9,6,11,14,6,37,0,0,0,37
11/04/2022,GRI,NE,ACE,CE,Federal Contract Tower,5,7,4,0,16,0,0,3,9,12,5,7,7,9,28,0,2,2,30
11/05/2022,GRI,NE,ACE,CE,Federal Contract Tower,3,5,3,0,11,0,0,10,7,17,3,5,13,7,28,0,10,10,38
11/06/2022,GRI,NE,ACE,CE,Federal Contract Tower,5,0,2,0,7,0,0,5,0,5,5,0,7,0,12,8,0,8,20
11/07/2022,GRI,NE,ACE,CE,Federal Contract Tower,5,9,2,0,16,0,0,8,0,8,5,9,10,0,24,4,0,4,28
11/08/2022,GRI,NE,ACE,CE,Federal Contract Tower,5,5,7,0,17,0,0,2,0,2,5,5,9,0,19,0,0,0,19
11/09/2022,GRI,NE,ACE,CE,Federal Contract Tower,3,7,6,1,17,0,0,4,1,5,3,7,10,2,22,0,0,0,22
11/10/2022,GRI,NE,ACE,CE,Federal Contract Tower,5,10,0,0,15,0,0,3,0,3,5,10,3,0,18,0,0,0,18
11/11/2022,GRI,NE,ACE,CE,Federal Contract Tower,5,8,4,0,17,0,0,6,0,6,5,8,10,0,23,2,0,2,25
11/12/2022,GRI,NE,ACE,CE,Federal Contract Tower,5,4,2,0,11,0,0,7,0,7,5,4,9,0,18,0,0,0,18
11/13/2022,GRI,NE,ACE,CE,Federal Contract Tower,5,0,4,0,9,0,0,10,0,10,5,0,14,0,19,0,0,0,19
11/14/2022,GRI,NE,ACE,CE,Federal Contract Tower,7,7,2,0,16,0,0,14,0,14,7,7,16,0,30,6,0,6,36
11/15/2022,GRI,NE,ACE,CE,Federal Contract Tower,2,8,6,0,16,0,0,5,0,5,2,8,11,0,21,10,0,10,31
11/16/2022,GRI,NE,ACE,CE,Federal Contract Tower,6,8,3,2,19,0,0,15,10,25,6,8,18,12,44,12,0,12,56
11/17/2022,GRI,NE,ACE,CE,Federal Contract Tower,9,9,6,0,24,0,0,1,9,10,9,9,7,9,34,0,20,20,54
11/18/2022,GRI,NE,ACE,CE,Federal Contract Tower,5,5,4,2,16,0,0,8,6,14,5,5,12,8,30,14,12,26,56
11/19/2022,GRI,NE,ACE,CE,Federal Contract Tower,3,4,4,0,11,0,0,0,0,0,3,4,4,0,11,0,0,0,11
11/20/2022,GRI,NE,ACE,CE,Federal Contract Tower,3,2,4,0,9,0,0,2,0,2,3,2,6,0,11,0,0,0,11
11/21/2022,GRI,NE,ACE,CE,Federal Contract Tower,4,2,4,0,10,0,0,16,0,16,4,2,20,0,26,12,0,12,38
11/22/2022,GRI,NE,ACE,CE,Federal Contract Tower,5,8,13,0,26,0,0,15,6,21,5,8,28,6,47,38,4,42,89
11/24/2022,GRI,NE,ACE,CE,Federal Contract Tower,2,0,0,0,2,0,0,2,0,2,2,0,2,0,4,0,0,0,4
11/25/2022,GRI,NE,ACE,CE,Federal Contract Tower,3,7,2,0,12,0,0,5,0,5,3,7,7,0,17,12,0,12,29
11/26/2022,GRI,NE,ACE,CE,Federal Contract Tower,3,6,3,0,12,0,0,10,0,10,3,6,13,0,22,10,0,10,32
11/27/2022,GRI,NE,ACE,CE,Federal Contract Tower,3,0,9,0,12,0,0,9,0,9,3,0,18,0,21,0,0,0,21
11/28/2022,GRI,NE,ACE,CE,Federal Contract Tower,3,5,6,0,14,0,0,20,0,20,3,5,26,0,34,8,0,8,42
11/29/2022,GRI,NE,ACE,CE,Federal Contract Tower,3,3,4,0,10,0,0,0,0,0,3,3,4,0,10,0,0,0,10
11/30/2022,GRI,NE,ACE,CE,Federal Contract Tower,3,6,4,0,13,0,0,9,8,17,3,6,13,8,30,0,2,2,32
12/01/2022,GRI,NE,ACE,CE,Federal Contract Tower,3,8,7,2,20,0,0,4,12,16,3,8,11,14,36,0,4,4,40
12/02/2022,GRI,NE,ACE,CE,Federal Contract Tower,5,5,2,0,12,0,0,4,4,8,5,5,6,4,20,0,2,2,22
12/03/2022,GRI,NE,ACE,CE,Federal Contract Tower,3,4,4,0,11,0,0,10,10,20,3,4,14,10,31,24,16,40,71
12/04/2022,GRI,NE,ACE,CE,Federal Contract Tower,5,3,3,0,11,0,0,9,0,9,5,3,12,0,20,10,0,10,30
12/05/2022,GRI,NE,ACE,CE,Federal Contract Tower,5,5,3,0,13,0,0,12,0,12,5,5,15,0,25,18,0,18,43
12/06/2022,GRI,NE,ACE,CE,Federal Contract Tower,3,10,7,0,20,0,1,6,0,7,3,11,13,0,27,2,0,2,29
12/08/2022,GRI,NE,ACE,CE,Federal Contract Tower,3,4,3,0,10,0,0,0,0,0,3,4,3,0,10,0,0,0,10
12/09/2022,GRI,NE,ACE,CE,Federal Contract Tower,8,10,5,0,23,0,0,2,0,2,8,10,7,0,25,2,0,2,27
12/10/2022,GRI,NE,ACE,CE,Federal Contract Tower,3,4,3,0,10,0,0,5,0,5,3,4,8,0,15,8,0,8,23
12/11/2022,GRI,NE,ACE,CE,Federal Contract Tower,4,0,4,0,8,0,0,12,0,12,4,0,16,0,20,0,0,0,20
12/12/2022,GRI,NE,ACE,CE,Federal Contract Tower,4,4,1,0,9,0,0,0,0,0,4,4,1,0,9,0,0,0,9
12/13/2022,GRI,NE,ACE,CE,Federal Contract Tower,5,11,5,0,21,0,0,2,0,2,5,11,7,0,23,4,0,4,27
12/14/2022,GRI,NE,ACE,CE,Federal Contract Tower,3,9,4,0,16,0,0,0,4,4,3,9,4,4,20,0,0,0,20
12/15/2022,GRI,NE,ACE,CE,Federal Contract Tower,4,6,3,0,13,0,1,0,0,1,4,7,3,0,14,0,0,0,14
12/16/2022,GRI,NE,ACE,CE,Federal Contract Tower,4,8,3,0,15,0,0,0,0,0,4,8,3,0,15,0,0,0,15
12/17/2022,GRI,NE,ACE,CE,Federal Contract Tower,2,6,4,0,12,0,0,6,0,6,2,6,10,0,18,12,0,12,30
12/18/2022,GRI,NE,ACE,CE,Federal Contract Tower,2,1,8,0,11,0,0,7,0,7,2,1,15,0,18,0,0,0,18
12/19/2022,GRI,NE,ACE,CE,Federal Contract Tower,4,3,3,0,10,0,0,2,0,2,4,3,5,0,12,0,0,0,12
12/20/2022,GRI,NE,ACE,CE,Federal Contract Tower,2,10,4,0,16,0,0,18,13,31,2,10,22,13,47,10,6,16,63
12/21/2022,GRI,NE,ACE,CE,Federal Contract Tower,2,3,1,0,6,0,0,0,0,0,2,3,1,0,6,0,0,0,6
12/22/2022,GRI,NE,ACE,CE,Federal Contract Tower,2,2,3,0,7,0,0,0,0,0,2,2,3,0,7,0,0,0,7
12/23/2022,GRI,NE,ACE,CE,Federal Contract Tower,3,5,6,0,14,0,0,0,0,0,3,5,6,0,14,0,0,0,14
12/24/2022,GRI,NE,ACE,CE,Federal Contract Tower,3,5,2,0,10,0,0,5,0,5,3,5,7,0,15,0,0,0,15
12/25/2022,GRI,NE,ACE,CE,Federal Contract Tower,4,0,2,0,6,0,0,0,0,0,4,0,2,0,6,0,0,0,6
12/26/2022,GRI,NE,ACE,CE,Federal Contract Tower,4,2,6,0,12,0,0,8,0,8,4,2,14,0,20,0,0,0,20
12/27/2022,GRI,NE,ACE,CE,Federal Contract Tower,4,5,8,0,17,0,2,14,0,16,4,7,22,0,33,12,0,12,45
12/28/2022,GRI,NE,ACE,CE,Federal Contract Tower,4,6,7,0,17,0,1,22,5,28,4,7,29,5,45,4,0,4,49
12/29/2022,GRI,NE,ACE,CE,Federal Contract Tower,4,4,3,0,11,0,0,1,0,1,4,4,4,0,12,0,0,0,12
12/30/2022,GRI,NE,ACE,CE,Federal Contract Tower,2,11,1,0,14,0,0,5,0,5,2,11,6,0,19,0,0,0,19
12/31/2022,GRI,NE,ACE,CE,Federal Contract Tower,3,6,1,2,12,0,0,6,0,6,3,6,7,2,18,16,0,16,34
01/01/2023,GRI,NE,ACE,CE,Federal Contract Tower,3,0,0,0,3,0,0,8,0,8,3,0,8,0,11,14,0,14,25
01/02/2023,GRI,NE,ACE,CE,Federal Contract Tower,5,0,0,0,5,0,0,0,0,0,5,0,0,0,5,0,0,0,5
01/03/2023,GRI,NE,ACE,CE,Federal Contract Tower,5,3,3,0,11,0,0,0,0,0,5,3,3,0,11,0,0,0,11
01/04/2023,GRI,NE,ACE,CE,Federal Contract Tower,2,12,4,0,18,0,0,6,4,10,2,12,10,4,28,12,0,12,40
01/05/2023,GRI,NE,ACE,CE,Federal Contract Tower,4,8,4,0,16,0,0,2,8,10,4,8,6,8,26,16,0,16,42
01/06/2023,GRI,NE,ACE,CE,Federal Contract Tower,2,9,7,0,18,0,0,8,0,8,2,9,15,0,26,16,0,16,42
01/07/2023,GRI,NE,ACE,CE,Federal Contract Tower,2,6,1,0,9,0,0,17,3,20,2,6,18,3,29,20,4,24,53
01/08/2023,GRI,NE,ACE,CE,Federal Contract Tower,4,2,7,0,13,0,0,4,2,6,4,2,11,2,19,6,0,6,25
01/09/2023,GRI,NE,ACE,CE,Federal Contract Tower,2,3,8,0,13,0,0,19,0,19,2,3,27,0,32,2,0,2,34
01/10/2023,GRI,NE,ACE,CE,Federal Contract Tower,2,5,4,0,11,0,0,12,5,17,2,5,16,5,28,8,0,8,36
01/11/2023,GRI,NE,ACE,CE,Federal Contract Tower,2,11,5,0,18,0,14,6,0,20,2,25,11,0,38,34,2,36,74
01/12/2023,GRI,NE,ACE,CE,Federal Contract Tower,4,9,3,0,16,0,0,0,7,7,4,9,3,7,23,0,4,4,27
01/13/2023,GRI,NE,ACE,CE,Federal Contract Tower,3,11,4,0,18,0,0,3,0,3,3,11,7,0,21,10,0,10,31
01/14/2023,GRI,NE,ACE,CE,Federal Contract Tower,1,4,1,1,7,0,0,15,1,16,1,4,16,2,23,46,0,46,69
01/15/2023,GRI,NE,ACE,CE,Federal Contract Tower,5,0,4,0,9,0,0,16,0,16,5,0,20,0,25,10,0,10,35
01/16/2023,GRI,NE,ACE,CE,Federal Contract Tower,2,5,4,0,11,0,0,4,0,4,2,5,8,0,15,6,0,6,21
01/17/2023,GRI,NE,ACE,CE,Federal Contract Tower,2,7,7,0,16,0,0,1,0,1,2,7,8,0,17,0,0,0,17
01/18/2023,GRI,NE,ACE,CE,Federal Contract Tower,0,2,0,0,2,0,0,0,0,0,0,2,0,0,2,0,0,0,2
01/19/2023,GRI,NE,ACE,CE,Federal Contract Tower,4,8,15,2,29,0,0,2,0,2,4,8,17,2,31,4,0,4,35
01/20/2023,GRI,NE,ACE,CE,Federal Contract Tower,2,8,11,1,22,0,0,0,0,0,2,8,11,1,22,12,0,12,34
01/21/2023,GRI,NE,ACE,CE,Federal Contract Tower,2,7,4,3,16,0,0,3,2,5,2,7,7,5,21,14,0,14,35
01/22/2023,GRI,NE,ACE,CE,Federal Contract Tower,4,3,5,0,12,0,0,6,0,6,4,3,11,0,18,4,0,4,22
01/23/2023,GRI,NE,ACE,CE,Federal Contract Tower,2,5,3,0,10,0,0,9,0,9,2,5,12,0,19,26,0,26,45
01/24/2023,GRI,NE,ACE,CE,Federal Contract Tower,2,13,6,0,21,0,0,0,4,4,2,13,6,4,25,0,0,0,25
01/25/2023,GRI,NE,ACE,CE,Federal Contract Tower,2,5,3,0,10,0,0,0,0,0,2,5,3,0,10,0,0,0,10
01/26/2023,GRI,NE,ACE,CE,Federal Contract Tower,4,5,5,0,14,0,0,14,9,23,4,5,19,9,37,4,8,12,49
01/27/2023,GRI,NE,ACE,CE,Federal Contract Tower,2,6,1,0,9,0,0,7,0,7,2,6,8,0,16,8,0,8,24
01/28/2023,GRI,NE,ACE,CE,Federal Contract Tower,2,4,2,0,8,0,0,0,0,0,2,4,2,0,8,0,0,0,8
01/29/2023,GRI,NE,ACE,CE,Federal Contract Tower,4,2,5,0,11,0,0,0,0,0,4,2,5,0,11,0,0,0,11
01/30/2023,GRI,NE,ACE,CE,Federal Contract Tower,2,4,6,0,12,0,0,7,0,7,2,4,13,0,19,2,0,2,21
01/31/2023,GRI,NE,ACE,CE,Federal Contract Tower,1,5,2,0,8,0,0,11,0,11,1,5,13,0,19,14,0,14,33
02/01/2023,GRI,NE,ACE,CE,Federal Contract Tower,1,5,9,0,15,0,0,13,8,21,1,5,22,8,36,4,0,4,40
02/02/2023,GRI,NE,ACE,CE,Federal Contract Tower,4,9,3,0,16,0,0,5,7,12,4,9,8,7,28,0,0,0,28
02/03/2023,GRI,NE,ACE,CE,Federal Contract Tower,2,8,9,0,19,0,0,2,1,3,2,8,11,1,22,2,0,2,24
02/04/2023,GRI,NE,ACE,CE,Federal Contract Tower,4,7,4,2,17,0,0,17,7,24,4,7,21,9,41,6,2,8,49
02/05/2023,GRI,NE,ACE,CE,Federal Contract Tower,4,1,10,0,15,0,0,14,0,14,4,1,24,0,29,46,0,46,75
02/06/2023,GRI,NE,ACE,CE,Federal Contract Tower,2,5,4,0,11,0,0,10,4,14,2,5,14,4,25,4,0,4,29
02/07/2023,GRI,NE,ACE,CE,Federal Contract Tower,2,8,4,0,14,0,0,9,1,10,2,8,13,1,24,12,0,12,36
02/08/2023,GRI,NE,ACE,CE,Federal Contract Tower,4,7,8,0,19,0,4,23,8,35,4,11,31,8,54,20,0,20,74
02/09/2023,GRI,NE,ACE,CE,Federal Contract Tower,4,10,5,0,19,0,0,0,0,0,4,10,5,0,19,0,0,0,19
02/10/2023,GRI,NE,ACE,CE,Federal Contract Tower,2,6,10,0,18,0,0,16,2,18,2,6,26,2,36,18,0,18,54
02/11/2023,GRI,NE,ACE,CE,Federal Contract Tower,2,6,3,0,11,0,2,10,2,14,2,8,13,2,25,44,0,44,69
02/12/2023,GRI,NE,ACE,CE,Federal Contract Tower,4,2,2,0,8,0,0,8,0,8,4,2,10,0,16,14,0,14,30
02/13/2023,GRI,NE,ACE,CE,Federal Contract Tower,2,3,5,0,10,0,2,4,0,6,2,5,9,0,16,8,0,8,24
02/14/2023,GRI,NE,ACE,CE,Federal Contract Tower,2,6,4,0,12,0,0,0,0,0,2,6,4,0,12,0,0,0,12
02/15/2023,GRI,NE,ACE,CE,Federal Contract Tower,4,10,3,0,17,0,0,0,0,0,4,10,3,0,17,0,0,0,17
02/16/2023,GRI,NE,ACE,CE,Federal Contract Tower,2,8,2,0,12,0,1,0,5,6,2,9,2,5,18,0,0,0,18
02/17/2023,GRI,NE,ACE,CE,Federal Contract Tower,2,7,9,2,20,0,0,2,4,6,2,7,11,6,26,2,8,10,36
02/18/2023,GRI,NE,ACE,CE,Federal Contract Tower,4,9,5,0,18,0,0,12,0,12,4,9,17,0,30,18,0,18,48
02/19/2023,GRI,NE,ACE,CE,Federal Contract Tower,4,4,0,0,8,0,0,22,0,22,4,4,22,0,30,14,0,14,44
02/20/2023,GRI,NE,ACE,CE,Federal Contract Tower,2,6,7,0,15,0,0,11,0,11,2,6,18,0,26,0,0,0,26
02/21/2023,GRI,NE,ACE,CE,Federal Contract Tower,2,5,13,1,21,0,0,5,0,5,2,5,18,1,26,0,4,4,30
02/22/2023,GRI,NE,ACE,CE,Federal Contract Tower,4,9,6,0,19,0,0,1,0,1,4,9,7,0,20,0,0,0,20
02/23/2023,GRI,NE,ACE,CE,Federal Contract Tower,2,7,9,2,20,0,7,3,1,11,2,14,12,3,31,0,0,0,31
02/24/2023,GRI,NE,ACE,CE,Federal Contract Tower,2,6,5,0,13,0,0,4,0,4,2,6,9,0,17,0,0,0,17
02/25/2023,GRI,NE,ACE,CE,Federal Contract Tower,4,4,4,0,12,0,0,7,0,7,4,4,11,0,19,0,0,0,19
02/26/2023,GRI,NE,ACE,CE,Federal Contract Tower,5,4,3,0,12,0,0,8,0,8,5,4,11,0,20,18,0,18,38
02/27/2023,GRI,NE,ACE,CE,Federal Contract Tower,2,7,11,2,22,1,0,4,5,10,3,7,15,7,32,0,0,0,32
02/28/2023,GRI,NE,ACE,CE,Federal Contract Tower,2,11,5,0,18,0,1,10,2,13,2,12,15,2,31,10,0,10,41
03/01/2023,GRI,NE,ACE,CE,Federal Contract Tower,4,6,5,0,15,0,0,28,6,34,4,6,33,6,49,32,0,32,81
03/02/2023,GRI,NE,ACE,CE,Federal Contract Tower,2,9,5,3,19,0,1,2,6,9,2,10,7,9,28,28,2,30,58
03/03/2023,GRI,NE,ACE,CE,Federal Contract Tower,2,10,4,0,16,0,0,20,0,20,2,10,24,0,36,22,0,22,58
03/04/2023,GRI,NE,ACE,CE,Federal Contract Tower,4,4,0,0,8,0,0,24,4,28,4,4,24,4,36,12,0,12,48
03/05/2023,GRI,NE,ACE,CE,Federal Contract Tower,2,0,1,0,3,0,0,9,2,11,2,0,10,2,14,14,0,14,28
03/06/2023,GRI,NE,ACE,CE,Federal Contract Tower,4,5,11,0,20,0,0,0,0,0,4,5,11,0,20,0,0,0,20
03/07/2023,GRI,NE,ACE,CE,Federal Contract Tower,2,7,3,0,12,0,0,0,2,2,2,7,3,2,14,0,0,0,14
03/08/2023,GRI,NE,ACE,CE,Federal Contract Tower,4,2,10,0,16,0,0,0,2,2,4,2,10,2,18,0,20,20,38
03/09/2023,GRI,NE,ACE,CE,Federal Contract Tower,4,3,2,0,9,0,0,0,0,0,4,3,2,0,9,0,0,0,9
03/10/2023,GRI,NE,ACE,CE,Federal Contract Tower,4,6,5,0,15,0,0,4,5,9,4,6,9,5,24,0,0,0,24
03/11/2023,GRI,NE,ACE,CE,Federal Contract Tower,4,1,2,0,7,0,0,4,0,4,4,1,6,0,11,0,0,0,11
03/12/2023,GRI,NE,ACE,CE,Federal Contract Tower,4,2,1,0,7,0,0,9,0,9,4,2,10,0,16,14,0,14,30
03/13/2023,GRI,NE,ACE,CE,Federal Contract Tower,2,5,5,0,12,0,0,2,0,2,2,5,7,0,14,18,0,18,32
03/14/2023,GRI,NE,ACE,CE,Federal Contract Tower,2,8,8,0,18,0,0,10,0,10,2,8,18,0,28,0,0,0,28
03/15/2023,GRI,NE,ACE,CE,Federal Contract Tower,6,9,3,2,20,0,0,11,5,16,6,9,14,7,36,0,0,0,36
03/16/2023,GRI,NE,ACE,CE,Federal Contract Tower,4,2,4,0,10,0,0,0,0,0,4,2,4,0,10,0,0,0,10
03/17/2023,GRI,NE,ACE,CE,Federal Contract Tower,2,8,10,0,20,0,0,8,4,12,2,8,18,4,32,12,0,12,44
03/18/2023,GRI,NE,ACE,CE,Federal Contract Tower,4,4,11,0,19,0,0,5,0,5,4,4,16,0,24,0,0,0,24
03/19/2023,GRI,NE,ACE,CE,Federal Contract Tower,4,2,4,0,10,0,0,6,0,6,4,2,10,0,16,0,0,0,16
03/20/2023,GRI,NE,ACE,CE,Federal Contract Tower,2,5,4,2,13,0,2,30,6,38,2,7,34,8,51,38,0,38,89
03/21/2023,GRI,NE,ACE,CE,Federal Contract Tower,2,5,7,3,17,0,0,9,0,9,2,5,16,3,26,0,0,0,26
03/22/2023,GRI,NE,ACE,CE,Federal Contract Tower,4,10,7,1,22,0,0,18,3,21,4,10,25,4,43,24,0,24,67
03/23/2023,GRI,NE,ACE,CE,Federal Contract Tower,4,5,3,0,12,0,0,7,1,8,4,5,10,1,20,18,0,18,38
03/24/2023,GRI,NE,ACE,CE,Federal Contract Tower,3,7,3,1,14,0,2,20,2,24,3,9,23,3,38,20,20,40,78
03/25/2023,GRI,NE,ACE,CE,Federal Contract Tower,8,6,7,0,21,0,0,9,8,17,8,6,16,8,38,18,0,18,56
03/26/2023,GRI,NE,ACE,CE,Federal Contract Tower,4,2,0,0,6,0,0,0,9,9,4,2,0,9,15,0,4,4,19
03/27/2023,GRI,NE,ACE,CE,Federal Contract Tower,2,5,7,0,14,0,0,15,2,17,2,5,22,2,31,30,0,30,61
03/28/2023,GRI,NE,ACE,CE,Federal Contract Tower,2,5,4,0,11,0,0,22,4,26,2,5,26,4,37,0,0,0,37
03/29/2023,GRI,NE,ACE,CE,Federal Contract Tower,4,5,7,2,18,0,0,23,6,29,4,5,30,8,47,8,2,10,57
03/30/2023,GRI,NE,ACE,CE,Federal Contract Tower,4,8,4,1,17,0,0,8,7,15,4,8,12,8,32,0,4,4,36
03/31/2023,GRI,NE,ACE,CE,Federal Contract Tower,2,7,10,0,19,0,0,0,0,0,2,7,10,0,19,0,0,0,19
04/01/2023,GRI,NE,ACE,CE,Federal Contract Tower,4,4,5,0,13,0,0,19,1,20,4,4,24,1,33,20,0,20,53
04/02/2023,GRI,NE,ACE,CE,Federal Contract Tower,2,2,4,0,8,0,4,16,1,21,2,6,20,1,29,2,0,2,31
04/03/2023,GRI,NE,ACE,CE,Federal Contract Tower,2,3,5,2,12,0,0,9,2,11,2,3,14,4,23,4,0,4,27
04/04/2023,GRI,NE,ACE,CE,Federal Contract Tower,4,6,12,0,22,0,0,1,0,1,4,6,13,0,23,0,0,0,23
04/05/2023,GRI,NE,ACE,CE,Federal Contract Tower,5,5,11,0,21,0,2,9,0,11,5,7,20,0,32,0,0,0,32
04/06/2023,GRI,NE,ACE,CE,Federal Contract Tower,5,7,9,0,21,0,0,9,11,20,5,7,18,11,41,6,0,6,47
04/07/2023,GRI,NE,ACE,CE,Federal Contract Tower,3,5,2,0,10,0,0,2,0,2,3,5,4,0,12,0,0,0,12
04/08/2023,GRI,NE,ACE,CE,Federal Contract Tower,5,4,5,0,14,0,2,9,0,11,5,6,14,0,25,0,0,0,25
04/09/2023,GRI,NE,ACE,CE,Federal Contract Tower,5,0,5,0,10,0,0,6,0,6,5,0,11,0,16,0,0,0,16
04/10/2023,GRI,NE,ACE,CE,Federal Contract Tower,3,3,2,0,8,0,0,16,0,16,3,3,18,0,24,20,0,20,44
04/11/2023,GRI,NE,ACE,CE,Federal Contract Tower,3,5,4,0,12,0,0,12,2,14,3,5,16,2,26,0,0,0,26
04/12/2023,GRI,NE,ACE,CE,Federal Contract Tower,5,7,5,0,17,0,0,3,5,8,5,7,8,5,25,0,4,4,29
04/13/2023,GRI,NE,ACE,CE,Federal Contract Tower,5,6,7,0,18,0,0,6,0,6,5,6,13,0,24,0,0,0,24
04/14/2023,GRI,NE,ACE,CE,Federal Contract Tower,3,6,7,0,16,0,0,9,4,13,3,6,16,4,29,0,0,0,29
04/15/2023,GRI,NE,ACE,CE,Federal Contract Tower,5,4,3,0,12,0,0,1,0,1,5,4,4,0,13,0,0,0,13
04/16/2023,GRI,NE,ACE,CE,Federal Contract Tower,5,0,4,0,9,0,0,2,0,2,5,0,6,0,11,0,0,0,11
04/17/2023,GRI,NE,ACE,CE,Federal Contract Tower,3,4,3,0,10,0,2,24,0,26,3,6,27,0,36,26,0,26,62
04/18/2023,GRI,NE,ACE,CE,Federal Contract Tower,3,8,8,0,19,0,2,6,4,12,3,10,14,4,31,0,0,0,31
04/19/2023,GRI,NE,ACE,CE,Federal Contract Tower,5,6,8,0,19,0,0,5,17,22,5,6,13,17,41,0,2,2,43
04/20/2023,GRI,NE,ACE,CE,Federal Contract Tower,5,9,6,0,20,0,0,1,2,3,5,9,7,2,23,0,0,0,23
04/21/2023,GRI,NE,ACE,CE,Federal Contract Tower,3,7,3,0,13,0,0,7,0,7,3,7,10,0,20,0,0,0,20
04/22/2023,GRI,NE,ACE,CE,Federal Contract Tower,4,4,8,0,16,0,0,4,4,8,4,4,12,4,24,0,0,0,24
04/23/2023,GRI,NE,ACE,CE,Federal Contract Tower,5,4,2,0,11,0,6,13,0,19,5,10,15,0,30,2,0,2,32
04/24/2023,GRI,NE,ACE,CE,Federal Contract Tower,3,3,11,0,17,0,0,23,0,23,3,3,34,0,40,8,0,8,48
04/25/2023,GRI,NE,ACE,CE,Federal Contract Tower,3,5,6,4,18,0,0,6,4,10,3,5,12,8,28,10,0,10,38
04/26/2023,GRI,NE,ACE,CE,Federal Contract Tower,7,7,9,0,23,0,0,19,5,24,7,7,28,5,47,4,0,4,51
04/27/2023,GRI,NE,ACE,CE,Federal Contract Tower,5,7,9,1,22,0,0,8,2,10,5,7,17,3,32,0,0,0,32
04/28/2023,GRI,NE,ACE,CE,Federal Contract Tower,4,7,7,0,18,0,0,9,0,9,4,7,16,0,27,0,0,0,27
04/29/2023,GRI,NE,ACE,CE,Federal Contract Tower,5,4,6,0,15,0,0,8,0,8,5,4,14,0,23,0,0,0,23
04/30/2023,GRI,NE,ACE,CE,Federal Contract Tower,7,0,7,0,14,0,0,2,0,2,7,0,9,0,16,0,0,0,16
05/01/2023,GRI,NE,ACE,CE,Federal Contract Tower,3,3,5,0,11,0,0,12,0,12,3,3,17,0,23,10,0,10,33
05/02/2023,GRI,NE,ACE,CE,Federal Contract Tower,3,3,8,0,14,0,1,24,0,25,3,4,32,0,39,0,0,0,39
05/03/2023,GRI,NE,ACE,CE,Federal Contract Tower,5,3,7,0,15,0,0,19,0,19,5,3,26,0,34,10,0,10,44
05/04/2023,GRI,NE,ACE,CE,Federal Contract Tower,5,4,12,0,21,0,0,15,0,15,5,4,27,0,36,6,0,6,42
05/05/2023,GRI,NE,ACE,CE,Federal Contract Tower,3,7,4,0,14,0,0,3,0,3,3,7,7,0,17,0,0,0,17
05/06/2023,GRI,NE,ACE,CE,Federal Contract Tower,5,4,5,0,14,0,0,11,4,15,5,4,16,4,29,20,0,20,49
05/07/2023,GRI,NE,ACE,CE,Federal Contract Tower,5,0,3,2,10,0,0,12,0,12,5,0,15,2,22,0,0,0,22
05/08/2023,GRI,NE,ACE,CE,Federal Contract Tower,3,5,6,0,14,0,0,34,0,34,3,5,40,0,48,40,0,40,88
05/09/2023,GRI,NE,ACE,CE,Federal Contract Tower,3,6,8,0,17,0,0,6,0,6,3,6,14,0,23,0,0,0,23
05/10/2023,GRI,NE,ACE,CE,Federal Contract Tower,5,6,4,0,15,0,0,4,6,10,5,6,8,6,25,0,0,0,25
05/11/2023,GRI,NE,ACE,CE,Federal Contract Tower,5,9,6,2,22,0,0,1,0,1,5,9,7,2,23,0,0,0,23
05/12/2023,GRI,NE,ACE,CE,Federal Contract Tower,4,6,9,0,19,0,0,2,0,2,4,6,11,0,21,0,0,0,21
05/13/2023,GRI,NE,ACE,CE,Federal Contract Tower,5,6,9,0,20,0,0,6,0,6,5,6,15,0,26,0,0,0,26
05/14/2023,GRI,NE,ACE,CE,Federal Contract Tower,5,0,0,0,5,0,0,0,0,0,5,0,0,0,5,0,0,0,5
05/15/2023,GRI,NE,ACE,CE,Federal Contract Tower,3,4,10,0,17,0,0,0,0,0,3,4,10,0,17,0,0,0,17
05/16/2023,GRI,NE,ACE,CE,Federal Contract Tower,3,4,8,0,15,0,0,35,4,39,3,4,43,4,54,0,0,0,54
05/17/2023,GRI,NE,ACE,CE,Federal Contract Tower,3,4,18,1,26,0,0,32,14,46,3,4,50,15,72,4,0,4,76
05/18/2023,GRI,NE,ACE,CE,Federal Contract Tower,5,5,6,1,17,0,0,7,0,7,5,5,13,1,24,0,0,0,24
05/19/2023,GRI,NE,ACE,CE,Federal Contract Tower,3,4,4,0,11,0,0,9,2,11,3,4,13,2,22,0,2,2,24
05/20/2023,GRI,NE,ACE,CE,Federal Contract Tower,3,5,3,0,11,0,0,15,0,15,3,5,18,0,26,4,0,4,30
05/21/2023,GRI,NE,ACE,CE,Federal Contract Tower,5,0,4,0,9,0,0,7,0,7,5,0,11,0,16,0,0,0,16
05/22/2023,GRI,NE,ACE,CE,Federal Contract Tower,3,5,6,0,14,0,0,12,0,12,3,5,18,0,26,4,0,4,30
05/23/2023,GRI,NE,ACE,CE,Federal Contract Tower,3,4,5,0,12,0,0,24,8,32,3,4,29,8,44,4,0,4,48
05/24/2023,GRI,NE,ACE,CE,Federal Contract Tower,3,6,6,0,15,0,0,9,8,17,3,6,15,8,32,12,0,12,44
05/25/2023,GRI,NE,ACE,CE,Federal Contract Tower,3,6,4,0,13,0,0,7,0,7,3,6,11,0,20,0,0,0,20
05/26/2023,GRI,NE,ACE,CE,Federal Contract Tower,5,5,2,0,12,0,0,7,0,7,5,5,9,0,19,0,0,0,19
05/27/2023,GRI,NE,ACE,CE,Federal Contract Tower,3,4,0,0,7,0,0,17,0,17,3,4,17,0,24,0,0,0,24
05/28/2023,GRI,NE,ACE,CE,Federal Contract Tower,5,0,2,0,7,0,0,4,0,4,5,0,6,0,11,0,0,0,11
05/29/2023,GRI,NE,ACE,CE,Federal Contract Tower,3,0,6,0,9,0,0,11,0,11,3,0,17,0,20,12,0,12,32
05/30/2023,GRI,NE,ACE,CE,Federal Contract Tower,3,5,2,0,10,0,0,17,0,17,3,5,19,0,27,14,0,14,41
05/31/2023,GRI,NE,ACE,CE,Federal Contract Tower,3,3,7,0,13,0,0,15,8,23,3,3,22,8,36,0,24,24,60
06/01/2023,GRI,NE,ACE,CE,Federal Contract Tower,5,3,7,0,15,0,0,12,2,14,5,3,19,2,29,16,2,18,47
06/02/2023,GRI,NE,ACE,CE,Federal Contract Tower,1,3,4,0,8,0,2,7,2,11,1,5,11,2,19,0,0,0,19
06/03/2023,GRI,NE,ACE,CE,Federal Contract Tower,1,0,8,0,9,0,4,46,0,50,1,4,54,0,59,0,0,0,59
06/04/2023,GRI,NE,ACE,CE,Federal Contract Tower,5,0,0,0,5,0,5,20,2,27,5,5,20,2,32,0,0,0,32
06/05/2023,GRI,NE,ACE,CE,Federal Contract Tower,3,3,5,0,11,0,0,11,1,12,3,3,16,1,23,12,0,12,35
06/06/2023,GRI,NE,ACE,CE,Federal Contract Tower,3,4,7,0,14,0,0,26,0,26,3,4,33,0,40,12,0,12,52
06/07/2023,GRI,NE,ACE,CE,Federal Contract Tower,5,7,0,0,12,0,0,19,10,29,5,7,19,10,41,18,8,26,67
06/08/2023,GRI,NE,ACE,CE,Federal Contract Tower,5,7,5,1,18,0,0,15,1,16,5,7,20,2,34,8,0,8,42
06/09/2023,GRI,NE,ACE,CE,Federal Contract Tower,3,3,7,1,14,0,0,14,4,18,3,3,21,5,32,6,2,8,40
06/10/2023,GRI,NE,ACE,CE,Federal Contract Tower,3,6,2,0,11,0,0,2,11,13,3,6,4,11,24,0,2,2,26
06/11/2023,GRI,NE,ACE,CE,Federal Contract Tower,4,0,0,0,4,0,0,5,4,9,4,0,5,4,13,4,0,4,17
06/12/2023,GRI,NE,ACE,CE,Federal Contract Tower,3,6,0,0,9,0,0,25,0,25,3,6,25,0,34,34,0,34,68
06/13/2023,GRI,NE,ACE,CE,Federal Contract Tower,3,5,9,0,17,0,2,24,9,35,3,7,33,9,52,4,2,6,58
06/14/2023,GRI,NE,ACE,CE,Federal Contract Tower,3,7,10,3,23,0,4,18,4,26,3,11,28,7,49,14,0,14,63
06/15/2023,GRI,NE,ACE,CE,Federal Contract Tower,6,4,11,1,22,0,0,18,2,20,6,4,29,3,42,4,0,4,46
06/16/2023,GRI,NE,ACE,CE,Federal Contract Tower,3,4,4,0,11,0,0,6,4,10,3,4,10,4,21,0,3,3,24
06/17/2023,GRI,NE,ACE,CE,Federal Contract Tower,3,2,1,0,6,0,0,4,0,4,3,2,5,0,10,4,0,4,14
06/18/2023,GRI,NE,ACE,CE,Federal Contract Tower,5,0,7,0,12,0,4,5,0,9,5,4,12,0,21,10,0,10,31
06/19/2023,GRI,NE,ACE,CE,Federal Contract Tower,3,4,3,0,10,0,0,10,0,10,3,4,13,0,20,0,0,0,20
06/20/2023,GRI,NE,ACE,CE,Federal Contract Tower,3,8,7,0,18,0,0,6,0,6,3,8,13,0,24,6,0,6,30
06/21/2023,GRI,NE,ACE,CE,Federal Contract Tower,3,5,6,0,14,0,0,6,0,6,3,5,12,0,20,0,0,0,20
06/22/2023,GRI,NE,ACE,CE,Federal Contract Tower,5,5,9,1,20,0,0,14,4,18,5,5,23,5,38,52,8,60,98
06/23/2023,GRI,NE,ACE,CE,Federal Contract Tower,3,5,13,0,21,0,1,11,1,13,3,6,24,1,34,6,0,6,40
06/24/2023,GRI,NE,ACE,CE,Federal Contract Tower,3,2,11,0,16,0,0,18,0,18,3,2,29,0,34,4,0,4,38
06/25/2023,GRI,NE,ACE,CE,Federal Contract Tower,5,3,0,0,8,0,0,2,0,2,5,3,2,0,10,0,0,0,10
06/26/2023,GRI,NE,ACE,CE,Federal Contract Tower,5,3,6,0,14,0,0,0,0,0,5,3,6,0,14,8,0,8,22
06/27/2023,GRI,NE,ACE,CE,Federal Contract Tower,3,3,1,0,7,0,0,3,2,5,3,3,4,2,12,0,0,0,12
06/28/2023,GRI,NE,ACE,CE,Federal Contract Tower,3,5,11,2,21,0,0,22,1,23,3,5,33,3,44,4,0,4,48
06/29/2023,GRI,NE,ACE,CE,Federal Contract Tower,4,4,10,1,19,0,2,11,0,13,4,6,21,1,32,18,0,18,50
06/30/2023,GRI,NE,ACE,CE,Federal Contract Tower,5,4,10,0,19,0,0,8,0,8,5,4,18,0,27,0,6,6,33
07/01/2023,GRI,NE,ACE,CE,Federal Contract Tower,4,4,13,0,21,0,0,0,0,0,4,4,13,0,21,0,0,0,21
07/02/2023,GRI,NE,ACE,CE,Federal Contract Tower,5,7,7,2,21,0,0,29,0,29,5,7,36,2,50,10,0,10,60
07/03/2023,GRI,NE,ACE,CE,Federal Contract Tower,5,6,12,0,23,0,0,7,0,7,5,6,19,0,30,2,0,2,32
07/04/2023,GRI,NE,ACE,CE,Federal Contract Tower,3,2,1,0,6,0,0,12,0,12,3,2,13,0,18,4,0,4,22
07/05/2023,GRI,NE,ACE,CE,Federal Contract Tower,3,3,2,0,8,0,0,9,0,9,3,3,11,0,17,14,0,14,31
07/06/2023,GRI,NE,ACE,CE,Federal Contract Tower,5,6,13,2,26,0,0,24,4,28,5,6,37,6,54,22,14,36,90
07/07/2023,GRI,NE,ACE,CE,Federal Contract Tower,5,5,8,0,18,0,0,5,2,7,5,5,13,2,25,4,0,4,29
07/08/2023,GRI,NE,ACE,CE,Federal Contract Tower,3,8,3,1,15,0,0,19,1,20,3,8,22,2,35,6,0,6,41
07/09/2023,GRI,NE,ACE,CE,Federal Contract Tower,5,2,1,0,8,0,3,26,0,29,5,5,27,0,37,6,0,6,43
07/10/2023,GRI,NE,ACE,CE,Federal Contract Tower,3,3,8,0,14,0,0,8,0,8,3,3,16,0,22,0,0,0,22
07/11/2023,GRI,NE,ACE,CE,Federal Contract Tower,3,5,6,0,14,0,0,28,2,30,3,5,34,2,44,18,0,18,62
07/12/2023,GRI,NE,ACE,CE,Federal Contract Tower,3,10,5,0,18,0,0,9,2,11,3,10,14,2,29,6,0,6,35
07/13/2023,GRI,NE,ACE,CE,Federal Contract Tower,5,6,5,0,16,0,1,1,4,6,5,7,6,4,22,14,0,14,36
07/14/2023,GRI,NE,ACE,CE,Federal Contract Tower,3,5,6,0,14,0,1,7,0,8,3,6,13,0,22,0,0,0,22
07/15/2023,GRI,NE,ACE,CE,Federal Contract Tower,3,4,10,0,17,0,0,14,6,20,3,4,24,6,37,4,10,14,51
07/16/2023,GRI,NE,ACE,CE,Federal Contract Tower,5,1,2,0,8,0,3,10,1,14,5,4,12,1,22,0,0,0,22
07/17/2023,GRI,NE,ACE,CE,Federal Contract Tower,3,4,4,0,11,0,0,7,0,7,3,4,11,0,18,0,0,0,18
07/18/2023,GRI,NE,ACE,CE,Federal Contract Tower,3,7,8,0,18,0,0,11,2,13,3,7,19,2,31,6,0,6,37
07/19/2023,GRI,NE,ACE,CE,Federal Contract Tower,3,3,5,0,11,0,0,3,8,11,3,3,8,8,22,0,0,0,22
07/20/2023,GRI,NE,ACE,CE,Federal Contract Tower,5,8,13,0,26,0,0,19,6,25,5,8,32,6,51,8,0,8,59
07/21/2023,GRI,NE,ACE,CE,Federal Contract Tower,3,7,5,0,15,0,0,17,3,20,3,7,22,3,35,16,0,16,51
07/22/2023,GRI,NE,ACE,CE,Federal Contract Tower,3,4,8,0,15,0,0,8,4,12,3,4,16,4,27,6,0,6,33
07/23/2023,GRI,NE,ACE,CE,Federal Contract Tower,5,0,7,0,12,0,0,9,0,9,5,0,16,0,21,0,0,0,21
07/24/2023,GRI,NE,ACE,CE,Federal Contract Tower,2,3,2,0,7,0,0,18,0,18,2,3,20,0,25,8,0,8,33
07/25/2023,GRI,NE,ACE,CE,Federal Contract Tower,4,5,6,1,16,0,0,28,11,39,4,5,34,12,55,18,6,24,79
07/26/2023,GRI,NE,ACE,CE,Federal Contract Tower,3,3,7,0,13,0,2,21,4,27,3,5,28,4,40,16,0,16,56
07/27/2023,GRI,NE,ACE,CE,Federal Contract Tower,5,3,8,0,16,0,2,27,2,31,5,5,35,2,47,6,0,6,53
07/28/2023,GRI,NE,ACE,CE,Federal Contract Tower,3,5,2,0,10,0,0,23,0,23,3,5,25,0,33,10,0,10,43
07/29/2023,GRI,NE,ACE,CE,Federal Contract Tower,3,2,3,0,8,0,0,7,0,7,3,2,10,0,15,0,0,0,15
07/30/2023,GRI,NE,ACE,CE,Federal Contract Tower,5,2,4,0,11,0,0,10,0,10,5,2,14,0,21,0,0,0,21
07/31/2023,GRI,NE,ACE,CE,Federal Contract Tower,3,3,3,0,9,0,0,4,0,4,3,3,7,0,13,0,0,0,13
08/01/2023,GRI,NE,ACE,CE,Federal Contract Tower,3,5,11,4,23,0,0,3,0,3,3,5,14,4,26,0,0,0,26
08/02/2023,GRI,NE,ACE,CE,Federal Contract Tower,3,3,8,4,18,0,0,8,2,10,3,3,16,6,28,10,0,10,38
08/03/2023,GRI,NE,ACE,CE,Federal Contract Tower,5,5,1,0,11,0,0,1,6,7,5,5,2,6,18,0,0,0,18
08/04/2023,GRI,NE,ACE,CE,Federal Contract Tower,3,3,3,0,9,0,0,6,2,8,3,3,9,2,17,0,0,0,17
08/05/2023,GRI,NE,ACE,CE,Federal Contract Tower,3,4,9,1,17,0,2,10,7,19,3,6,19,8,36,0,0,0,36
08/06/2023,GRI,NE,ACE,CE,Federal Contract Tower,5,0,2,0,7,0,0,2,6,8,5,0,4,6,15,0,0,0,15
08/07/2023,GRI,NE,ACE,CE,Federal Contract Tower,3,7,2,0,12,0,0,9,2,11,3,7,11,2,23,16,0,16,39
08/08/2023,GRI,NE,ACE,CE,Federal Contract Tower,3,5,3,1,12,0,2,6,6,14,3,7,9,7,26,4,0,4,30
08/09/2023,GRI,NE,ACE,CE,Federal Contract Tower,3,3,12,0,18,0,0,9,6,15,3,3,21,6,33,8,0,8,41
08/10/2023,GRI,NE,ACE,CE,Federal Contract Tower,5,4,7,0,16,0,0,11,7,18,5,4,18,7,34,14,0,14,48
08/11/2023,GRI,NE,ACE,CE,Federal Contract Tower,3,4,2,0,9,0,0,18,2,20,3,4,20,2,29,8,0,8,37
08/12/2023,GRI,NE,ACE,CE,Federal Contract Tower,4,4,3,0,11,0,12,19,0,31,4,16,22,0,42,6,0,6,48
08/13/2023,GRI,NE,ACE,CE,Federal Contract Tower,6,2,7,0,15,0,0,11,0,11,6,2,18,0,26,0,0,0,26
08/14/2023,GRI,NE,ACE,CE,Federal Contract Tower,3,3,5,0,11,0,0,11,0,11,3,3,16,0,22,4,0,4,26
08/15/2023,GRI,NE,ACE,CE,Federal Contract Tower,3,7,10,1,21,0,0,15,1,16,3,7,25,2,37,6,0,6,43
08/16/2023,GRI,NE,ACE,CE,Federal Contract Tower,3,3,8,0,14,0,0,6,4,10,3,3,14,4,24,0,14,14,38
08/17/2023,GRI,NE,ACE,CE,Federal Contract Tower,7,3,6,0,16,0,0,16,4,20,7,3,22,4,36,0,0,0,36
08/18/2023,GRI,NE,ACE,CE,Federal Contract Tower,3,3,7,0,13,0,0,8,0,8,3,3,15,0,21,0,0,0,21
08/19/2023,GRI,NE,ACE,CE,Federal Contract Tower,3,4,6,0,13,0,0,8,0,8,3,4,14,0,21,4,0,4,25
08/20/2023,GRI,NE,ACE,CE,Federal Contract Tower,5,3,2,0,10,0,0,6,0,6,5,3,8,0,16,0,0,0,16
08/21/2023,GRI,NE,ACE,CE,Federal Contract Tower,4,6,15,0,25,0,2,2,0,4,4,8,17,0,29,0,0,0,29
08/22/2023,GRI,NE,ACE,CE,Federal Contract Tower,3,3,3,0,9,0,0,13,0,13,3,3,16,0,22,10,0,10,32
08/23/2023,GRI,NE,ACE,CE,Federal Contract Tower,4,8,9,1,22,0,0,8,3,11,4,8,17,4,33,12,2,14,47
08/24/2023,GRI,NE,ACE,CE,Federal Contract Tower,5,3,7,0,15,0,0,7,4,11,5,3,14,4,26,4,0,4,30
08/25/2023,GRI,NE,ACE,CE,Federal Contract Tower,3,3,8,0,14,0,2,9,2,13,3,5,17,2,27,10,0,10,37
08/26/2023,GRI,NE,ACE,CE,Federal Contract Tower,3,3,6,0,12,0,1,11,2,14,3,4,17,2,26,4,0,4,30
08/27/2023,GRI,NE,ACE,CE,Federal Contract Tower,5,0,2,0,7,0,6,10,2,18,5,6,12,2,25,0,0,0,25
08/28/2023,GRI,NE,ACE,CE,Federal Contract Tower,4,3,7,0,14,0,0,4,3,7,4,3,11,3,21,0,0,0,21
08/29/2023,GRI,NE,ACE,CE,Federal Contract Tower,4,5,10,3,22,0,10,17,3,30,4,15,27,6,52,6,0,6,58
08/30/2023,GRI,NE,ACE,CE,Federal Contract Tower,3,3,4,0,10,0,0,10,6,16,3,3,14,6,26,0,0,0,26
08/31/2023,GRI,NE,ACE,CE,Federal Contract Tower,5,3,3,0,11,0,0,10,4,14,5,3,13,4,25,0,4,4,29
