01/02/2020,GSN,MP,AWP,WE,Federal Contract Tower,25,1,3,0,29,0,68,93,0,161,25,69,96,0,190,0,0,0,190
01/03/2020,GSN,MP,AWP,WE,Federal Contract Tower,21,5,3,0,29,0,105,153,0,258,21,110,156,0,287,0,0,0,287
01/04/2020,GSN,MP,AWP,WE,Federal Contract Tower,23,8,1,0,32,0,78,114,0,192,23,86,115,0,224,0,0,0,224
01/05/2020,GSN,MP,AWP,WE,Federal Contract Tower,23,0,0,0,23,0,62,173,0,235,23,62,173,0,258,0,0,0,258
01/06/2020,GSN,MP,AWP,WE,Federal Contract Tower,22,2,9,0,33,0,91,103,0,194,22,93,112,0,227,0,0,0,227
01/07/2020,GSN,MP,AWP,WE,Federal Contract Tower,23,8,7,0,38,0,72,145,0,217,23,80,152,0,255,0,0,0,255
01/09/2020,GSN,MP,AWP,WE,Federal Contract Tower,24,0,4,0,28,0,51,108,0,159,24,51,112,0,187,4,0,4,191
01/10/2020,GSN,MP,AWP,WE,Federal Contract Tower,22,3,8,0,33,0,98,90,0,188,22,101,98,0,221,0,0,0,221
01/11/2020,GSN,MP,AWP,WE,Federal Contract Tower,23,4,3,0,30,0,58,137,0,195,23,62,140,0,225,0,0,0,225
01/12/2020,GSN,MP,AWP,WE,Federal Contract Tower,22,6,0,0,28,0,86,159,0,245,22,92,159,0,273,0,0,0,273
01/13/2020,GSN,MP,AWP,WE,Federal Contract Tower,18,4,7,0,29,0,97,110,0,207,18,101,117,0,236,0,0,0,236
01/14/2020,GSN,MP,AWP,WE,Federal Contract Tower,26,3,5,0,34,0,87,159,0,246,26,90,164,0,280,10,0,10,290
01/16/2020,GSN,MP,AWP,WE,Federal Contract Tower,24,6,6,0,36,0,113,110,0,223,24,119,116,0,259,0,0,0,259
01/17/2020,GSN,MP,AWP,WE,Federal Contract Tower,22,4,5,0,31,0,115,201,0,316,22,119,206,0,347,0,0,0,347
01/18/2020,GSN,MP,AWP,WE,Federal Contract Tower,23,0,5,0,28,0,112,213,0,325,23,112,218,0,353,0,0,0,353
01/19/2020,GSN,MP,AWP,WE,Federal Contract Tower,24,8,0,0,32,0,82,154,0,236,24,90,154,0,268,0,0,0,268
01/20/2020,GSN,MP,AWP,WE,Federal Contract Tower,24,6,8,0,38,0,103,183,0,286,24,109,191,0,324,0,0,0,324
01/21/2020,GSN,MP,AWP,WE,Federal Contract Tower,22,0,2,0,24,0,130,130,0,260,22,130,132,0,284,0,0,0,284
01/23/2020,GSN,MP,AWP,WE,Federal Contract Tower,28,2,8,0,38,0,127,210,0,337,28,129,218,0,375,2,0,2,377
01/24/2020,GSN,MP,AWP,WE,Federal Contract Tower,26,8,5,0,39,0,151,241,0,392,26,159,246,0,431,0,0,0,431
01/25/2020,GSN,MP,AWP,WE,Federal Contract Tower,25,3,5,0,33,0,142,229,0,371,25,145,234,0,404,0,0,0,404
01/26/2020,GSN,MP,AWP,WE,Federal Contract Tower,24,3,1,0,28,0,176,190,0,366,24,179,191,0,394,0,0,0,394
01/27/2020,GSN,MP,AWP,WE,Federal Contract Tower,24,8,6,0,38,0,126,218,0,344,24,134,224,0,382,0,0,0,382
01/28/2020,GSN,MP,AWP,WE,Federal Contract Tower,25,8,8,0,41,0,146,170,0,316,25,154,178,0,357,4,0,4,361
01/30/2020,GSN,MP,AWP,WE,Federal Contract Tower,27,0,6,0,33,0,109,170,0,279,27,109,176,0,312,0,0,0,312
01/31/2020,GSN,MP,AWP,WE,Federal Contract Tower,24,5,5,0,34,0,72,99,0,171,24,77,104,0,205,0,0,0,205
02/01/2020,GSN,MP,AWP,WE,Federal Contract Tower,20,9,5,0,34,0,52,46,0,98,20,61,51,0,132,0,0,0,132
02/02/2020,GSN,MP,AWP,WE,Federal Contract Tower,20,7,0,0,27,0,24,7,0,31,20,31,7,0,58,0,0,0,58
02/03/2020,GSN,MP,AWP,WE,Federal Contract Tower,20,17,0,0,37,0,35,40,2,77,20,52,40,2,114,0,0,0,114
02/04/2020,GSN,MP,AWP,WE,Federal Contract Tower,20,9,5,0,34,0,54,43,0,97,20,63,48,0,131,0,0,0,131
02/05/2020,GSN,MP,AWP,WE,Federal Contract Tower,20,8,6,1,35,0,56,12,1,69,20,64,18,2,104,0,0,0,104
02/08/2020,GSN,MP,AWP,WE,Federal Contract Tower,22,6,2,0,30,0,32,29,0,61,22,38,31,0,91,0,0,0,91
02/09/2020,GSN,MP,AWP,WE,Federal Contract Tower,18,8,0,0,26,0,20,13,0,33,18,28,13,0,59,0,0,0,59
02/11/2020,GSN,MP,AWP,WE,Federal Contract Tower,20,0,5,4,29,0,54,25,2,81,20,54,30,6,110,0,0,0,110
02/12/2020,GSN,MP,AWP,WE,Federal Contract Tower,18,8,4,0,30,0,57,15,0,72,18,65,19,0,102,0,0,0,102
02/14/2020,GSN,MP,AWP,WE,Federal Contract Tower,18,4,4,1,27,0,102,27,2,131,18,106,31,3,158,0,0,0,158
02/15/2020,GSN,MP,AWP,WE,Federal Contract Tower,20,0,5,1,26,0,82,45,0,127,20,82,50,1,153,0,0,0,153
02/16/2020,GSN,MP,AWP,WE,Federal Contract Tower,18,5,1,1,25,0,63,43,0,106,18,68,44,1,131,0,0,0,131
02/17/2020,GSN,MP,AWP,WE,Federal Contract Tower,18,4,5,2,29,0,41,63,14,118,18,45,68,16,147,0,0,0,147
02/18/2020,GSN,MP,AWP,WE,Federal Contract Tower,18,0,6,0,24,0,42,24,10,76,18,42,30,10,100,0,0,0,100
02/19/2020,GSN,MP,AWP,WE,Federal Contract Tower,16,0,9,1,26,0,60,13,1,74,16,60,22,2,100,6,0,6,106
02/21/2020,GSN,MP,AWP,WE,Federal Contract Tower,18,2,2,3,25,0,54,12,5,71,18,56,14,8,96,0,0,0,96
02/22/2020,GSN,MP,AWP,WE,Federal Contract Tower,20,1,4,0,25,0,31,15,2,48,20,32,19,2,73,0,0,0,73
02/23/2020,GSN,MP,AWP,WE,Federal Contract Tower,18,4,0,2,24,0,26,7,0,33,18,30,7,2,57,0,0,0,57
02/24/2020,GSN,MP,AWP,WE,Federal Contract Tower,18,10,0,0,28,0,36,24,0,60,18,46,24,0,88,0,0,0,88
02/25/2020,GSN,MP,AWP,WE,Federal Contract Tower,20,3,6,0,29,0,46,7,2,55,20,49,13,2,84,0,0,0,84
02/26/2020,GSN,MP,AWP,WE,Federal Contract Tower,18,4,6,0,28,0,55,17,0,72,18,59,23,0,100,4,0,4,104
02/28/2020,GSN,MP,AWP,WE,Federal Contract Tower,16,3,4,0,23,0,61,15,1,77,16,64,19,1,100,2,0,2,102
02/29/2020,GSN,MP,AWP,WE,Federal Contract Tower,18,9,4,0,31,0,36,15,2,53,18,45,19,2,84,0,0,0,84
03/01/2020,GSN,MP,AWP,WE,Federal Contract Tower,14,11,0,0,25,0,25,11,0,36,14,36,11,0,61,0,0,0,61
03/02/2020,GSN,MP,AWP,WE,Federal Contract Tower,12,6,7,2,27,0,44,17,2,63,12,50,24,4,90,0,0,0,90
03/03/2020,GSN,MP,AWP,WE,Federal Contract Tower,10,4,3,1,18,0,38,19,14,71,10,42,22,15,89,0,0,0,89
03/04/2020,GSN,MP,AWP,WE,Federal Contract Tower,8,2,6,0,16,0,38,19,0,57,8,40,25,0,73,0,0,0,73
03/05/2020,GSN,MP,AWP,WE,Federal Contract Tower,10,6,6,1,23,0,45,17,1,63,10,51,23,2,86,0,6,6,92
03/07/2020,GSN,MP,AWP,WE,Federal Contract Tower,10,4,4,0,18,0,39,6,0,45,10,43,10,0,63,0,0,0,63
03/08/2020,GSN,MP,AWP,WE,Federal Contract Tower,10,4,0,0,14,0,35,32,0,67,10,39,32,0,81,0,0,0,81
03/09/2020,GSN,MP,AWP,WE,Federal Contract Tower,10,2,6,0,18,0,27,12,0,39,10,29,18,0,57,0,0,0,57
03/10/2020,GSN,MP,AWP,WE,Federal Contract Tower,10,2,0,0,12,0,39,25,0,64,10,41,25,0,76,0,0,0,76
03/11/2020,GSN,MP,AWP,WE,Federal Contract Tower,8,0,3,0,11,0,53,18,0,71,8,53,21,0,82,0,0,0,82
03/12/2020,GSN,MP,AWP,WE,Federal Contract Tower,10,6,4,0,20,0,51,2,0,53,10,57,6,0,73,0,0,0,73
03/14/2020,GSN,MP,AWP,WE,Federal Contract Tower,8,6,2,0,16,0,61,18,0,79,8,67,20,0,95,0,0,0,95
03/15/2020,GSN,MP,AWP,WE,Federal Contract Tower,10,5,0,0,15,0,24,16,0,40,10,29,16,0,55,0,0,0,55
03/16/2020,GSN,MP,AWP,WE,Federal Contract Tower,8,1,6,0,15,0,43,20,0,63,8,44,26,0,78,0,0,0,78
03/17/2020,GSN,MP,AWP,WE,Federal Contract Tower,6,0,5,0,11,0,25,18,0,43,6,25,23,0,54,0,0,0,54
03/18/2020,GSN,MP,AWP,WE,Federal Contract Tower,4,6,6,0,16,0,24,11,0,35,4,30,17,0,51,0,0,0,51
03/19/2020,GSN,MP,AWP,WE,Federal Contract Tower,12,4,2,0,18,0,17,18,0,35,12,21,20,0,53,0,0,0,53
03/20/2020,GSN,MP,AWP,WE,Federal Contract Tower,4,2,5,0,11,0,27,8,0,35,4,29,13,0,46,0,0,0,46
03/21/2020,GSN,MP,AWP,WE,Federal Contract Tower,6,2,4,0,12,0,16,3,0,19,6,18,7,0,31,0,0,0,31
03/22/2020,GSN,MP,AWP,WE,Federal Contract Tower,8,0,4,0,12,0,6,2,0,8,8,6,6,0,20,0,0,0,20
03/23/2020,GSN,MP,AWP,WE,Federal Contract Tower,4,0,3,0,7,0,10,4,0,14,4,10,7,0,21,0,0,0,21
03/24/2020,GSN,MP,AWP,WE,Federal Contract Tower,2,0,3,0,5,0,7,10,0,17,2,7,13,0,22,0,0,0,22
03/25/2020,GSN,MP,AWP,WE,Federal Contract Tower,2,0,6,2,10,0,6,2,0,8,2,6,8,2,18,0,0,0,18
03/26/2020,GSN,MP,AWP,WE,Federal Contract Tower,2,1,4,0,7,0,8,11,0,19,2,9,15,0,26,0,0,0,26
03/28/2020,GSN,MP,AWP,WE,Federal Contract Tower,0,0,2,0,2,0,15,6,0,21,0,15,8,0,23,0,0,0,23
03/29/2020,GSN,MP,AWP,WE,Federal Contract Tower,2,0,0,0,2,0,9,3,0,12,2,9,3,0,14,0,0,0,14
03/30/2020,GSN,MP,AWP,WE,Federal Contract Tower,0,0,10,0,10,0,12,7,0,19,0,12,17,0,29,0,0,0,29
03/31/2020,GSN,MP,AWP,WE,Federal Contract Tower,0,0,5,0,5,0,10,14,0,24,0,10,19,0,29,0,0,0,29
04/01/2020,GSN,MP,AWP,WE,Federal Contract Tower,0,0,4,0,4,0,11,7,0,18,0,11,11,0,22,0,0,0,22
04/02/2020,GSN,MP,AWP,WE,Federal Contract Tower,0,0,4,0,4,0,15,5,0,20,0,15,9,0,24,0,0,0,24
04/05/2020,GSN,MP,AWP,WE,Federal Contract Tower,2,0,0,0,2,0,0,3,0,3,2,0,3,0,5,0,0,0,5
04/06/2020,GSN,MP,AWP,WE,Federal Contract Tower,0,0,9,0,9,0,0,7,0,7,0,0,16,0,16,0,0,0,16
04/07/2020,GSN,MP,AWP,WE,Federal Contract Tower,0,0,3,0,3,0,1,11,0,12,0,1,14,0,15,0,0,0,15
04/08/2020,GSN,MP,AWP,WE,Federal Contract Tower,0,0,5,0,5,0,2,9,4,15,0,2,14,4,20,0,0,0,20
04/09/2020,GSN,MP,AWP,WE,Federal Contract Tower,4,0,0,0,4,0,6,7,0,13,4,6,7,0,17,0,0,0,17
04/10/2020,GSN,MP,AWP,WE,Federal Contract Tower,0,0,5,0,5,0,5,4,0,9,0,5,9,0,14,0,0,0,14
04/12/2020,GSN,MP,AWP,WE,Federal Contract Tower,0,0,0,0,0,0,0,2,0,2,0,0,2,0,2,0,0,0,2
04/13/2020,GSN,MP,AWP,WE,Federal Contract Tower,0,4,9,0,13,0,6,5,0,11,0,10,14,0,24,0,0,0,24
04/14/2020,GSN,MP,AWP,WE,Federal Contract Tower,2,0,4,0,6,0,6,11,0,17,2,6,15,0,23,0,0,0,23
04/15/2020,GSN,MP,AWP,WE,Federal Contract Tower,0,0,4,0,4,0,3,11,0,14,0,3,15,0,18,0,0,0,18
04/16/2020,GSN,MP,AWP,WE,Federal Contract Tower,0,0,6,0,6,0,0,10,0,10,0,0,16,0,16,0,0,0,16
04/17/2020,GSN,MP,AWP,WE,Federal Contract Tower,0,0,5,0,5,0,1,14,0,15,0,1,19,0,20,0,0,0,20
04/18/2020,GSN,MP,AWP,WE,Federal Contract Tower,2,4,0,0,6,0,2,12,0,14,2,6,12,0,20,0,0,0,20
04/19/2020,GSN,MP,AWP,WE,Federal Contract Tower,0,2,0,0,2,0,3,3,0,6,0,5,3,0,8,0,0,0,8
04/20/2020,GSN,MP,AWP,WE,Federal Contract Tower,4,0,4,0,8,0,4,4,0,8,4,4,8,0,16,0,0,0,16
04/21/2020,GSN,MP,AWP,WE,Federal Contract Tower,0,0,5,0,5,0,2,9,0,11,0,2,14,0,16,0,0,0,16
04/22/2020,GSN,MP,AWP,WE,Federal Contract Tower,2,0,5,0,7,0,1,4,0,5,2,1,9,0,12,0,0,0,12
04/23/2020,GSN,MP,AWP,WE,Federal Contract Tower,0,2,6,0,8,0,1,9,0,10,0,3,15,0,18,0,0,0,18
04/24/2020,GSN,MP,AWP,WE,Federal Contract Tower,2,0,9,0,11,0,0,21,0,21,2,0,30,0,32,0,0,0,32
04/26/2020,GSN,MP,AWP,WE,Federal Contract Tower,0,2,0,0,2,0,1,3,0,4,0,3,3,0,6,0,0,0,6
04/27/2020,GSN,MP,AWP,WE,Federal Contract Tower,0,2,10,0,12,0,0,2,0,2,0,2,12,0,14,0,0,0,14
04/28/2020,GSN,MP,AWP,WE,Federal Contract Tower,0,0,1,0,1,0,0,14,0,14,0,0,15,0,15,0,0,0,15
04/29/2020,GSN,MP,AWP,WE,Federal Contract Tower,2,0,8,0,10,0,5,5,0,10,2,5,13,0,20,0,0,0,20
04/30/2020,GSN,MP,AWP,WE,Federal Contract Tower,0,2,4,0,6,0,3,7,0,10,0,5,11,0,16,0,0,0,16
05/01/2020,GSN,MP,AWP,WE,Federal Contract Tower,2,0,9,0,11,0,7,12,0,19,2,7,21,0,30,0,0,0,30
05/02/2020,GSN,MP,AWP,WE,Federal Contract Tower,4,0,2,0,6,0,2,14,0,16,4,2,16,0,22,0,0,0,22
05/04/2020,GSN,MP,AWP,WE,Federal Contract Tower,2,0,8,0,10,0,2,6,0,8,2,2,14,0,18,0,0,0,18
05/05/2020,GSN,MP,AWP,WE,Federal Contract Tower,0,0,5,0,5,0,6,13,0,19,0,6,18,0,24,0,0,0,24
05/06/2020,GSN,MP,AWP,WE,Federal Contract Tower,0,0,8,0,8,0,1,12,0,13,0,1,20,0,21,0,0,0,21
05/07/2020,GSN,MP,AWP,WE,Federal Contract Tower,2,2,0,0,4,0,5,18,0,23,2,7,18,0,27,0,0,0,27
05/08/2020,GSN,MP,AWP,WE,Federal Contract Tower,0,3,7,1,11,0,3,15,2,20,0,6,22,3,31,0,0,0,31
05/09/2020,GSN,MP,AWP,WE,Federal Contract Tower,2,0,2,0,4,0,9,7,0,16,2,9,9,0,20,0,0,0,20
05/10/2020,GSN,MP,AWP,WE,Federal Contract Tower,0,1,0,0,1,0,1,4,0,5,0,2,4,0,6,0,0,0,6
05/11/2020,GSN,MP,AWP,WE,Federal Contract Tower,4,0,8,0,12,0,5,4,0,9,4,5,12,0,21,0,0,0,21
05/12/2020,GSN,MP,AWP,WE,Federal Contract Tower,2,0,5,0,7,0,1,8,0,9,2,1,13,0,16,0,0,0,16
05/13/2020,GSN,MP,AWP,WE,Federal Contract Tower,0,0,8,0,8,0,1,10,0,11,0,1,18,0,19,0,0,0,19
05/14/2020,GSN,MP,AWP,WE,Federal Contract Tower,2,0,2,0,4,0,0,10,0,10,2,0,12,0,14,0,0,0,14
05/15/2020,GSN,MP,AWP,WE,Federal Contract Tower,0,2,7,0,9,0,4,14,0,18,0,6,21,0,27,0,0,0,27
05/16/2020,GSN,MP,AWP,WE,Federal Contract Tower,2,1,2,0,5,0,4,7,4,15,2,5,9,4,20,0,0,0,20
05/17/2020,GSN,MP,AWP,WE,Federal Contract Tower,0,0,0,0,0,0,2,4,0,6,0,2,4,0,6,0,0,0,6
05/18/2020,GSN,MP,AWP,WE,Federal Contract Tower,2,2,7,0,11,0,0,8,0,8,2,2,15,0,19,0,0,0,19
05/19/2020,GSN,MP,AWP,WE,Federal Contract Tower,0,0,5,0,5,0,4,12,0,16,0,4,17,0,21,0,0,0,21
05/20/2020,GSN,MP,AWP,WE,Federal Contract Tower,0,0,8,0,8,0,5,14,0,19,0,5,22,0,27,0,0,0,27
05/21/2020,GSN,MP,AWP,WE,Federal Contract Tower,2,0,6,0,8,0,2,8,0,10,2,2,14,0,18,0,0,0,18
05/22/2020,GSN,MP,AWP,WE,Federal Contract Tower,4,0,9,3,16,0,17,22,0,39,4,17,31,3,55,0,0,0,55
05/23/2020,GSN,MP,AWP,WE,Federal Contract Tower,2,1,2,8,13,0,22,14,0,36,2,23,16,8,49,0,0,0,49
05/24/2020,GSN,MP,AWP,WE,Federal Contract Tower,0,3,0,0,3,0,8,6,0,14,0,11,6,0,17,0,0,0,17
05/25/2020,GSN,MP,AWP,WE,Federal Contract Tower,2,0,10,0,12,0,18,4,0,22,2,18,14,0,34,0,0,0,34
05/26/2020,GSN,MP,AWP,WE,Federal Contract Tower,1,1,3,0,5,0,8,15,0,23,1,9,18,0,28,0,0,0,28
05/27/2020,GSN,MP,AWP,WE,Federal Contract Tower,3,1,10,0,14,0,13,10,0,23,3,14,20,0,37,0,0,0,37
05/28/2020,GSN,MP,AWP,WE,Federal Contract Tower,2,0,3,0,5,0,14,16,0,30,2,14,19,0,35,0,0,0,35
05/29/2020,GSN,MP,AWP,WE,Federal Contract Tower,0,0,7,0,7,0,13,19,0,32,0,13,26,0,39,0,0,0,39
05/30/2020,GSN,MP,AWP,WE,Federal Contract Tower,2,0,4,0,6,0,15,16,0,31,2,15,20,0,37,0,0,0,37
05/31/2020,GSN,MP,AWP,WE,Federal Contract Tower,0,2,0,0,2,0,10,2,0,12,0,12,2,0,14,0,0,0,14
06/02/2020,GSN,MP,AWP,WE,Federal Contract Tower,0,0,3,0,3,0,13,12,0,25,0,13,15,0,28,0,0,0,28
06/03/2020,GSN,MP,AWP,WE,Federal Contract Tower,0,1,4,0,5,0,14,21,0,35,0,15,25,0,40,0,0,0,40
06/04/2020,GSN,MP,AWP,WE,Federal Contract Tower,4,0,6,0,10,0,25,12,0,37,4,25,18,0,47,0,0,0,47
06/05/2020,GSN,MP,AWP,WE,Federal Contract Tower,0,2,8,0,10,0,21,14,0,35,0,23,22,0,45,0,0,0,45
06/06/2020,GSN,MP,AWP,WE,Federal Contract Tower,4,0,2,0,6,0,23,17,0,40,4,23,19,0,46,0,0,0,46
06/07/2020,GSN,MP,AWP,WE,Federal Contract Tower,0,0,0,0,0,0,19,9,0,28,0,19,9,0,28,0,0,0,28
06/09/2020,GSN,MP,AWP,WE,Federal Contract Tower,0,0,9,0,9,0,33,16,0,49,0,33,25,0,58,12,0,12,70
06/10/2020,GSN,MP,AWP,WE,Federal Contract Tower,0,0,10,1,11,0,12,7,3,22,0,12,17,4,33,0,0,0,33
06/11/2020,GSN,MP,AWP,WE,Federal Contract Tower,2,1,6,2,11,0,19,8,1,28,2,20,14,3,39,0,0,0,39
06/12/2020,GSN,MP,AWP,WE,Federal Contract Tower,0,2,9,0,11,0,18,15,0,33,0,20,24,0,44,0,0,0,44
06/13/2020,GSN,MP,AWP,WE,Federal Contract Tower,2,1,6,0,9,0,25,2,0,27,2,26,8,0,36,0,0,0,36
06/14/2020,GSN,MP,AWP,WE,Federal Contract Tower,0,0,0,0,0,0,17,4,0,21,0,17,4,0,21,0,0,0,21
06/16/2020,GSN,MP,AWP,WE,Federal Contract Tower,0,3,3,0,6,0,20,9,0,29,0,23,12,0,35,0,0,0,35
06/17/2020,GSN,MP,AWP,WE,Federal Contract Tower,0,0,11,0,11,0,11,11,0,22,0,11,22,0,33,0,0,0,33
06/18/2020,GSN,MP,AWP,WE,Federal Contract Tower,4,2,6,0,12,0,21,18,0,39,4,23,24,0,51,0,0,0,51
06/19/2020,GSN,MP,AWP,WE,Federal Contract Tower,0,4,11,0,15,0,47,14,0,61,0,51,25,0,76,0,0,0,76
06/20/2020,GSN,MP,AWP,WE,Federal Contract Tower,2,0,2,0,4,0,22,8,0,30,2,22,10,0,34,0,0,0,34
06/21/2020,GSN,MP,AWP,WE,Federal Contract Tower,0,0,1,0,1,0,19,4,2,25,0,19,5,2,26,0,0,0,26
06/22/2020,GSN,MP,AWP,WE,Federal Contract Tower,2,12,0,0,14,0,21,21,2,44,2,33,21,2,58,0,2,2,60
06/23/2020,GSN,MP,AWP,WE,Federal Contract Tower,0,1,6,0,7,0,26,14,0,40,0,27,20,0,47,20,0,20,67
06/24/2020,GSN,MP,AWP,WE,Federal Contract Tower,0,0,8,0,8,0,8,26,4,38,0,8,34,4,46,0,0,0,46
06/25/2020,GSN,MP,AWP,WE,Federal Contract Tower,2,1,6,0,9,0,23,6,0,29,2,24,12,0,38,0,0,0,38
06/26/2020,GSN,MP,AWP,WE,Federal Contract Tower,0,1,4,0,5,0,30,26,4,60,0,31,30,4,65,0,0,0,65
06/27/2020,GSN,MP,AWP,WE,Federal Contract Tower,2,1,4,0,7,0,25,9,0,34,2,26,13,0,41,0,0,0,41
06/28/2020,GSN,MP,AWP,WE,Federal Contract Tower,0,0,0,0,0,0,14,9,0,23,0,14,9,0,23,0,0,0,23
06/29/2020,GSN,MP,AWP,WE,Federal Contract Tower,2,0,8,0,10,0,29,3,0,32,2,29,11,0,42,0,0,0,42
06/30/2020,GSN,MP,AWP,WE,Federal Contract Tower,0,5,0,0,5,0,20,11,0,31,0,25,11,0,36,0,0,0,36
07/01/2020,GSN,MP,AWP,WE,Federal Contract Tower,0,1,13,0,14,0,29,15,0,44,0,30,28,0,58,0,0,0,58
07/02/2020,GSN,MP,AWP,WE,Federal Contract Tower,2,2,8,0,12,0,13,31,0,44,2,15,39,0,56,0,0,0,56
07/03/2020,GSN,MP,AWP,WE,Federal Contract Tower,0,1,8,0,9,0,44,31,0,75,0,45,39,0,84,0,0,0,84
07/04/2020,GSN,MP,AWP,WE,Federal Contract Tower,2,0,7,0,9,0,55,12,0,67,2,55,19,0,76,0,0,0,76
07/05/2020,GSN,MP,AWP,WE,Federal Contract Tower,0,0,0,0,0,0,24,11,0,35,0,24,11,0,35,0,0,0,35
07/06/2020,GSN,MP,AWP,WE,Federal Contract Tower,4,0,11,1,16,0,35,7,5,47,4,35,18,6,63,0,0,0,63
07/08/2020,GSN,MP,AWP,WE,Federal Contract Tower,0,2,8,0,10,0,28,15,0,43,0,30,23,0,53,0,0,0,53
07/09/2020,GSN,MP,AWP,WE,Federal Contract Tower,2,3,3,0,8,0,16,17,0,33,2,19,20,0,41,0,0,0,41
07/10/2020,GSN,MP,AWP,WE,Federal Contract Tower,0,2,5,0,7,0,34,14,0,48,0,36,19,0,55,0,0,0,55
07/11/2020,GSN,MP,AWP,WE,Federal Contract Tower,2,2,4,0,8,0,18,19,0,37,2,20,23,0,45,0,0,0,45
07/12/2020,GSN,MP,AWP,WE,Federal Contract Tower,0,1,2,0,3,0,16,7,0,23,0,17,9,0,26,0,0,0,26
07/13/2020,GSN,MP,AWP,WE,Federal Contract Tower,2,0,8,0,10,0,30,11,0,41,2,30,19,0,51,0,0,0,51
07/15/2020,GSN,MP,AWP,WE,Federal Contract Tower,0,0,6,0,6,0,27,10,0,37,0,27,16,0,43,0,0,0,43
07/16/2020,GSN,MP,AWP,WE,Federal Contract Tower,2,3,3,0,8,0,13,10,0,23,2,16,13,0,31,0,0,0,31
07/17/2020,GSN,MP,AWP,WE,Federal Contract Tower,0,2,4,0,6,0,35,10,0,45,0,37,14,0,51,0,0,0,51
07/18/2020,GSN,MP,AWP,WE,Federal Contract Tower,2,0,4,0,6,0,19,19,0,38,2,19,23,0,44,0,0,0,44
07/19/2020,GSN,MP,AWP,WE,Federal Contract Tower,0,1,0,0,1,0,22,10,0,32,0,23,10,0,33,0,0,0,33
07/20/2020,GSN,MP,AWP,WE,Federal Contract Tower,2,0,11,0,13,0,33,13,0,46,2,33,24,0,59,0,0,0,59
07/22/2020,GSN,MP,AWP,WE,Federal Contract Tower,0,5,10,0,15,0,28,17,0,45,0,33,27,0,60,2,0,2,62
07/23/2020,GSN,MP,AWP,WE,Federal Contract Tower,2,3,8,0,13,0,29,11,0,40,2,32,19,0,53,0,0,0,53
07/24/2020,GSN,MP,AWP,WE,Federal Contract Tower,0,2,8,0,10,0,30,12,0,42,0,32,20,0,52,0,0,0,52
07/25/2020,GSN,MP,AWP,WE,Federal Contract Tower,2,0,4,0,6,0,31,10,0,41,2,31,14,0,47,0,0,0,47
07/26/2020,GSN,MP,AWP,WE,Federal Contract Tower,0,2,0,0,2,0,28,2,0,30,0,30,2,0,32,0,0,0,32
07/27/2020,GSN,MP,AWP,WE,Federal Contract Tower,3,0,12,0,15,0,31,8,4,43,3,31,20,4,58,0,0,0,58
07/29/2020,GSN,MP,AWP,WE,Federal Contract Tower,0,2,6,0,8,0,32,13,0,45,0,34,19,0,53,0,0,0,53
07/30/2020,GSN,MP,AWP,WE,Federal Contract Tower,2,0,4,0,6,0,24,14,0,38,2,24,18,0,44,0,0,0,44
07/31/2020,GSN,MP,AWP,WE,Federal Contract Tower,0,1,11,0,12,0,53,7,0,60,0,54,18,0,72,0,0,0,72
08/01/2020,GSN,MP,AWP,WE,Federal Contract Tower,2,0,2,0,4,0,29,5,0,34,2,29,7,0,38,0,0,0,38
08/02/2020,GSN,MP,AWP,WE,Federal Contract Tower,0,0,0,0,0,0,23,3,0,26,0,23,3,0,26,0,0,0,26
08/03/2020,GSN,MP,AWP,WE,Federal Contract Tower,2,0,10,0,12,0,38,4,0,42,2,38,14,0,54,0,0,0,54
08/04/2020,GSN,MP,AWP,WE,Federal Contract Tower,0,1,6,0,7,0,38,17,2,57,0,39,23,2,64,0,0,0,64
08/06/2020,GSN,MP,AWP,WE,Federal Contract Tower,2,0,6,0,8,0,45,14,0,59,2,45,20,0,67,0,0,0,67
08/07/2020,GSN,MP,AWP,WE,Federal Contract Tower,0,0,9,0,9,0,45,11,0,56,0,45,20,0,65,0,0,0,65
08/08/2020,GSN,MP,AWP,WE,Federal Contract Tower,2,0,4,0,6,0,33,20,0,53,2,33,24,0,59,0,0,0,59
08/09/2020,GSN,MP,AWP,WE,Federal Contract Tower,0,0,0,0,0,0,29,5,0,34,0,29,5,0,34,0,0,0,34
08/10/2020,GSN,MP,AWP,WE,Federal Contract Tower,4,14,0,0,18,0,42,13,0,55,4,56,13,0,73,0,0,0,73
08/11/2020,GSN,MP,AWP,WE,Federal Contract Tower,0,0,4,0,4,0,36,15,0,51,0,36,19,0,55,0,0,0,55
08/13/2020,GSN,MP,AWP,WE,Federal Contract Tower,2,0,4,3,9,0,32,22,0,54,2,32,26,3,63,4,0,4,67
08/14/2020,GSN,MP,AWP,WE,Federal Contract Tower,0,0,7,0,7,0,39,15,2,56,0,39,22,2,63,0,0,0,63
08/15/2020,GSN,MP,AWP,WE,Federal Contract Tower,2,0,4,0,6,0,43,11,0,54,2,43,15,0,60,0,0,0,60
08/16/2020,GSN,MP,AWP,WE,Federal Contract Tower,0,0,0,1,1,0,37,10,5,52,0,37,10,6,53,0,0,0,53
08/17/2020,GSN,MP,AWP,WE,Federal Contract Tower,2,0,11,0,13,0,36,17,0,53,2,36,28,0,66,0,0,0,66
08/18/2020,GSN,MP,AWP,WE,Federal Contract Tower,0,0,5,0,5,0,36,9,0,45,0,36,14,0,50,0,0,0,50
08/20/2020,GSN,MP,AWP,WE,Federal Contract Tower,2,0,5,0,7,0,28,14,0,42,2,28,19,0,49,0,0,0,49
08/21/2020,GSN,MP,AWP,WE,Federal Contract Tower,0,0,8,1,9,0,47,15,0,62,0,47,23,1,71,0,0,0,71
08/22/2020,GSN,MP,AWP,WE,Federal Contract Tower,2,0,4,0,6,0,24,21,0,45,2,24,25,0,51,0,0,0,51
08/23/2020,GSN,MP,AWP,WE,Federal Contract Tower,0,0,0,0,0,0,20,10,0,30,0,20,10,0,30,0,0,0,30
08/24/2020,GSN,MP,AWP,WE,Federal Contract Tower,2,2,14,0,18,0,28,7,4,39,2,30,21,4,57,0,0,0,57
08/25/2020,GSN,MP,AWP,WE,Federal Contract Tower,0,0,5,0,5,0,25,8,0,33,0,25,13,0,38,0,0,0,38
08/27/2020,GSN,MP,AWP,WE,Federal Contract Tower,4,7,8,0,19,0,24,12,0,36,4,31,20,0,55,0,0,0,55
08/28/2020,GSN,MP,AWP,WE,Federal Contract Tower,0,11,9,0,20,0,29,9,0,38,0,40,18,0,58,0,0,0,58
08/29/2020,GSN,MP,AWP,WE,Federal Contract Tower,2,1,6,0,9,0,45,11,0,56,2,46,17,0,65,0,0,0,65
08/30/2020,GSN,MP,AWP,WE,Federal Contract Tower,0,0,0,0,0,0,21,7,0,28,0,21,7,0,28,4,0,4,32
08/31/2020,GSN,MP,AWP,WE,Federal Contract Tower,2,1,14,0,17,0,30,10,0,40,2,31,24,0,57,0,0,0,57
09/01/2020,GSN,MP,AWP,WE,Federal Contract Tower,0,0,0,0,0,0,21,7,0,28,0,21,7,0,28,0,0,0,28
09/02/2020,GSN,MP,AWP,WE,Federal Contract Tower,0,0,10,0,10,0,35,16,0,51,0,35,26,0,61,0,0,0,61
09/03/2020,GSN,MP,AWP,WE,Federal Contract Tower,2,0,8,0,10,0,28,16,0,44,2,28,24,0,54,0,0,0,54
09/05/2020,GSN,MP,AWP,WE,Federal Contract Tower,2,0,6,0,8,0,29,12,0,41,2,29,18,0,49,0,0,0,49
09/06/2020,GSN,MP,AWP,WE,Federal Contract Tower,0,0,0,0,0,0,17,10,0,27,0,17,10,0,27,0,0,0,27
09/07/2020,GSN,MP,AWP,WE,Federal Contract Tower,2,3,12,0,17,0,24,13,0,37,2,27,25,0,54,0,0,0,54
09/08/2020,GSN,MP,AWP,WE,Federal Contract Tower,0,0,7,0,7,0,34,13,0,47,0,34,20,0,54,0,0,0,54
09/09/2020,GSN,MP,AWP,WE,Federal Contract Tower,2,0,12,0,14,0,35,13,0,48,2,35,25,0,62,0,0,0,62
09/10/2020,GSN,MP,AWP,WE,Federal Contract Tower,2,1,12,0,15,0,34,12,0,46,2,35,24,0,61,0,0,0,61
09/12/2020,GSN,MP,AWP,WE,Federal Contract Tower,2,0,5,0,7,0,35,25,0,60,2,35,30,0,67,0,0,0,67
09/13/2020,GSN,MP,AWP,WE,Federal Contract Tower,0,0,1,0,1,0,25,22,0,47,0,25,23,0,48,0,0,0,48
09/14/2020,GSN,MP,AWP,WE,Federal Contract Tower,4,3,12,0,19,0,27,9,0,36,4,30,21,0,55,0,0,0,55
09/15/2020,GSN,MP,AWP,WE,Federal Contract Tower,2,0,9,0,11,0,34,15,0,49,2,34,24,0,60,0,0,0,60
09/16/2020,GSN,MP,AWP,WE,Federal Contract Tower,0,1,8,2,11,0,32,16,0,48,0,33,24,2,59,0,0,0,59
09/17/2020,GSN,MP,AWP,WE,Federal Contract Tower,2,1,6,0,9,0,30,13,0,43,2,31,19,0,52,0,0,0,52
09/19/2020,GSN,MP,AWP,WE,Federal Contract Tower,2,0,6,0,8,0,47,24,0,71,2,47,30,0,79,0,0,0,79
09/20/2020,GSN,MP,AWP,WE,Federal Contract Tower,0,0,0,0,0,0,29,13,2,44,0,29,13,2,44,0,0,0,44
09/21/2020,GSN,MP,AWP,WE,Federal Contract Tower,2,4,10,0,16,0,26,9,0,35,2,30,19,0,51,0,0,0,51
09/22/2020,GSN,MP,AWP,WE,Federal Contract Tower,0,2,9,0,11,0,26,16,0,42,0,28,25,0,53,0,0,0,53
09/23/2020,GSN,MP,AWP,WE,Federal Contract Tower,0,0,11,0,11,0,38,16,0,54,0,38,27,0,65,0,0,0,65
09/24/2020,GSN,MP,AWP,WE,Federal Contract Tower,4,0,6,0,10,0,44,19,0,63,4,44,25,0,73,0,0,0,73
09/26/2020,GSN,MP,AWP,WE,Federal Contract Tower,2,0,6,3,11,0,35,23,0,58,2,35,29,3,69,2,0,2,71
09/27/2020,GSN,MP,AWP,WE,Federal Contract Tower,0,0,0,0,0,0,36,20,0,56,0,36,20,0,56,0,0,0,56
09/28/2020,GSN,MP,AWP,WE,Federal Contract Tower,2,3,12,0,17,0,26,20,0,46,2,29,32,0,63,0,0,0,63
09/29/2020,GSN,MP,AWP,WE,Federal Contract Tower,0,2,8,0,10,0,25,17,0,42,0,27,25,0,52,0,0,0,52
09/30/2020,GSN,MP,AWP,WE,Federal Contract Tower,0,1,9,0,10,0,40,11,0,51,0,41,20,0,61,0,0,0,61
10/01/2020,GSN,MP,AWP,WE,Federal Contract Tower,4,1,6,0,11,0,27,8,0,35,4,28,14,0,46,2,0,2,48
10/04/2020,GSN,MP,AWP,WE,Federal Contract Tower,0,0,0,0,0,0,28,11,0,39,0,28,11,0,39,0,0,0,39
10/05/2020,GSN,MP,AWP,WE,Federal Contract Tower,2,4,12,0,18,0,24,6,0,30,2,28,18,0,48,0,0,0,48
10/06/2020,GSN,MP,AWP,WE,Federal Contract Tower,0,4,7,0,11,0,30,17,0,47,0,34,24,0,58,0,0,0,58
10/07/2020,GSN,MP,AWP,WE,Federal Contract Tower,0,2,12,0,14,0,32,17,0,49,0,34,29,0,63,0,0,0,63
10/08/2020,GSN,MP,AWP,WE,Federal Contract Tower,4,7,8,0,19,0,22,20,0,42,4,29,28,0,61,0,0,0,61
10/09/2020,GSN,MP,AWP,WE,Federal Contract Tower,0,7,10,4,21,0,51,9,0,60,0,58,19,4,81,0,0,0,81
10/11/2020,GSN,MP,AWP,WE,Federal Contract Tower,0,0,1,0,1,0,29,7,0,36,0,29,8,0,37,0,0,0,37
10/12/2020,GSN,MP,AWP,WE,Federal Contract Tower,4,0,11,0,15,0,40,13,0,53,4,40,24,0,68,0,0,0,68
10/13/2020,GSN,MP,AWP,WE,Federal Contract Tower,0,2,7,0,9,0,37,8,0,45,0,39,15,0,54,0,0,0,54
10/14/2020,GSN,MP,AWP,WE,Federal Contract Tower,0,5,5,0,10,0,34,10,0,44,0,39,15,0,54,0,0,0,54
10/15/2020,GSN,MP,AWP,WE,Federal Contract Tower,2,3,8,0,13,0,33,16,0,49,2,36,24,0,62,2,0,2,64
10/16/2020,GSN,MP,AWP,WE,Federal Contract Tower,0,5,10,0,15,0,47,8,0,55,0,52,18,0,70,0,0,0,70
10/17/2020,GSN,MP,AWP,WE,Federal Contract Tower,2,8,0,0,10,0,28,15,0,43,2,36,15,0,53,2,0,2,55
10/18/2020,GSN,MP,AWP,WE,Federal Contract Tower,0,0,0,0,0,0,29,7,0,36,0,29,7,0,36,0,0,0,36
10/19/2020,GSN,MP,AWP,WE,Federal Contract Tower,2,2,17,0,21,0,30,24,0,54,2,32,41,0,75,0,0,0,75
10/20/2020,GSN,MP,AWP,WE,Federal Contract Tower,0,2,8,0,10,0,49,11,0,60,0,51,19,0,70,0,0,0,70
10/21/2020,GSN,MP,AWP,WE,Federal Contract Tower,0,5,10,0,15,0,34,10,0,44,0,39,20,0,59,0,0,0,59
10/22/2020,GSN,MP,AWP,WE,Federal Contract Tower,2,4,8,0,14,0,35,18,0,53,2,39,26,0,67,0,0,0,67
10/23/2020,GSN,MP,AWP,WE,Federal Contract Tower,0,5,7,0,12,0,47,22,0,69,0,52,29,0,81,2,0,2,83
10/24/2020,GSN,MP,AWP,WE,Federal Contract Tower,2,8,0,0,10,0,39,28,0,67,2,47,28,0,77,0,0,0,77
10/25/2020,GSN,MP,AWP,WE,Federal Contract Tower,0,2,1,0,3,0,27,6,0,33,0,29,7,0,36,0,0,0,36
10/26/2020,GSN,MP,AWP,WE,Federal Contract Tower,2,6,14,0,22,0,31,17,0,48,2,37,31,0,70,0,0,0,70
10/27/2020,GSN,MP,AWP,WE,Federal Contract Tower,2,5,11,0,18,0,25,15,0,40,2,30,26,0,58,0,0,0,58
10/28/2020,GSN,MP,AWP,WE,Federal Contract Tower,0,2,12,0,14,0,29,11,0,40,0,31,23,0,54,0,0,0,54
10/29/2020,GSN,MP,AWP,WE,Federal Contract Tower,2,1,8,0,11,0,32,11,0,43,2,33,19,0,54,0,0,0,54
10/30/2020,GSN,MP,AWP,WE,Federal Contract Tower,0,2,9,0,11,0,38,13,0,51,0,40,22,0,62,0,0,0,62
10/31/2020,GSN,MP,AWP,WE,Federal Contract Tower,2,1,12,0,15,0,29,11,0,40,2,30,23,0,55,0,0,0,55
11/02/2020,GSN,MP,AWP,WE,Federal Contract Tower,2,6,13,0,21,0,34,7,0,41,2,40,20,0,62,0,0,0,62
11/03/2020,GSN,MP,AWP,WE,Federal Contract Tower,0,3,9,0,12,0,30,17,0,47,0,33,26,0,59,0,0,0,59
11/04/2020,GSN,MP,AWP,WE,Federal Contract Tower,0,1,12,0,13,0,34,7,0,41,0,35,19,0,54,0,0,0,54
11/05/2020,GSN,MP,AWP,WE,Federal Contract Tower,2,1,6,0,9,0,26,9,0,35,2,27,15,0,44,0,0,0,44
11/06/2020,GSN,MP,AWP,WE,Federal Contract Tower,0,7,7,0,14,0,40,13,0,53,0,47,20,0,67,0,0,0,67
11/07/2020,GSN,MP,AWP,WE,Federal Contract Tower,2,2,8,0,12,0,27,16,0,43,2,29,24,0,55,0,0,0,55
11/09/2020,GSN,MP,AWP,WE,Federal Contract Tower,2,5,15,0,22,0,29,9,0,38,2,34,24,0,60,0,0,0,60
11/10/2020,GSN,MP,AWP,WE,Federal Contract Tower,0,0,3,0,3,0,33,13,0,46,0,33,16,0,49,0,0,0,49
11/11/2020,GSN,MP,AWP,WE,Federal Contract Tower,0,1,10,0,11,0,35,6,0,41,0,36,16,0,52,0,0,0,52
11/12/2020,GSN,MP,AWP,WE,Federal Contract Tower,2,0,6,1,9,0,35,12,0,47,2,35,18,1,56,0,0,0,56
11/13/2020,GSN,MP,AWP,WE,Federal Contract Tower,0,7,8,0,15,0,49,8,0,57,0,56,16,0,72,6,0,6,78
11/14/2020,GSN,MP,AWP,WE,Federal Contract Tower,2,0,12,0,14,0,26,2,0,28,2,26,14,0,42,0,0,0,42
11/15/2020,GSN,MP,AWP,WE,Federal Contract Tower,0,2,0,0,2,0,17,10,0,27,0,19,10,0,29,0,0,0,29
11/16/2020,GSN,MP,AWP,WE,Federal Contract Tower,2,6,8,0,16,0,33,11,0,44,2,39,19,0,60,0,0,0,60
11/17/2020,GSN,MP,AWP,WE,Federal Contract Tower,0,1,6,0,7,0,34,15,0,49,0,35,21,0,56,0,0,0,56
11/18/2020,GSN,MP,AWP,WE,Federal Contract Tower,0,5,6,0,11,0,34,18,2,54,0,39,24,2,65,0,0,0,65
11/19/2020,GSN,MP,AWP,WE,Federal Contract Tower,2,9,4,0,15,0,26,21,0,47,2,35,25,0,62,0,0,0,62
11/20/2020,GSN,MP,AWP,WE,Federal Contract Tower,0,8,8,0,16,0,34,25,0,59,0,42,33,0,75,0,0,0,75
11/21/2020,GSN,MP,AWP,WE,Federal Contract Tower,2,2,8,0,12,0,31,28,0,59,2,33,36,0,71,0,0,0,71
11/23/2020,GSN,MP,AWP,WE,Federal Contract Tower,2,3,10,2,17,0,36,13,0,49,2,39,23,2,66,0,0,0,66
11/24/2020,GSN,MP,AWP,WE,Federal Contract Tower,0,4,7,0,11,0,32,14,0,46,0,36,21,0,57,0,0,0,57
11/25/2020,GSN,MP,AWP,WE,Federal Contract Tower,0,7,6,0,13,0,44,15,0,59,0,51,21,0,72,0,0,0,72
11/26/2020,GSN,MP,AWP,WE,Federal Contract Tower,2,0,4,0,6,0,20,15,0,35,2,20,19,0,41,0,0,0,41
11/27/2020,GSN,MP,AWP,WE,Federal Contract Tower,0,5,9,0,14,0,39,14,2,55,0,44,23,2,69,0,0,0,69
11/28/2020,GSN,MP,AWP,WE,Federal Contract Tower,3,0,4,0,7,0,34,7,0,41,3,34,11,0,48,0,0,0,48
11/29/2020,GSN,MP,AWP,WE,Federal Contract Tower,1,0,0,0,1,0,34,8,0,42,1,34,8,0,43,0,0,0,43
11/30/2020,GSN,MP,AWP,WE,Federal Contract Tower,4,17,0,0,21,0,26,18,0,44,4,43,18,0,65,0,0,0,65
12/01/2020,GSN,MP,AWP,WE,Federal Contract Tower,0,4,3,0,7,0,28,16,0,44,0,32,19,0,51,0,0,0,51
12/02/2020,GSN,MP,AWP,WE,Federal Contract Tower,0,5,9,0,14,0,28,21,0,49,0,33,30,0,63,0,0,0,63
12/03/2020,GSN,MP,AWP,WE,Federal Contract Tower,2,5,8,0,15,0,20,5,0,25,2,25,13,0,40,0,0,0,40
12/04/2020,GSN,MP,AWP,WE,Federal Contract Tower,0,1,8,0,9,0,46,29,0,75,0,47,37,0,84,0,0,0,84
12/05/2020,GSN,MP,AWP,WE,Federal Contract Tower,2,2,8,0,12,0,36,23,0,59,2,38,31,0,71,0,0,0,71
12/06/2020,GSN,MP,AWP,WE,Federal Contract Tower,0,0,0,0,0,0,21,14,0,35,0,21,14,0,35,0,0,0,35
12/08/2020,GSN,MP,AWP,WE,Federal Contract Tower,0,2,7,0,9,0,44,18,0,62,0,46,25,0,71,0,0,0,71
12/09/2020,GSN,MP,AWP,WE,Federal Contract Tower,0,6,11,0,17,0,30,16,4,50,0,36,27,4,67,0,0,0,67
12/10/2020,GSN,MP,AWP,WE,Federal Contract Tower,2,1,8,1,12,0,35,18,0,53,2,36,26,1,65,0,0,0,65
12/11/2020,GSN,MP,AWP,WE,Federal Contract Tower,2,0,6,4,12,0,59,25,4,88,2,59,31,8,100,0,0,0,100
12/12/2020,GSN,MP,AWP,WE,Federal Contract Tower,2,0,3,0,5,0,31,11,0,42,2,31,14,0,47,0,0,0,47
12/13/2020,GSN,MP,AWP,WE,Federal Contract Tower,0,0,0,0,0,0,25,14,0,39,0,25,14,0,39,0,0,0,39
12/15/2020,GSN,MP,AWP,WE,Federal Contract Tower,0,5,7,0,12,0,31,12,0,43,0,36,19,0,55,0,0,0,55
12/16/2020,GSN,MP,AWP,WE,Federal Contract Tower,0,0,10,0,10,0,37,15,0,52,0,37,25,0,62,0,0,0,62
12/17/2020,GSN,MP,AWP,WE,Federal Contract Tower,2,0,6,2,10,0,50,13,0,63,2,50,19,2,73,0,8,8,81
12/18/2020,GSN,MP,AWP,WE,Federal Contract Tower,0,7,7,0,14,0,52,17,0,69,0,59,24,0,83,0,0,0,83
12/19/2020,GSN,MP,AWP,WE,Federal Contract Tower,2,2,5,0,9,0,41,38,0,79,2,43,43,0,88,0,0,0,88
12/20/2020,GSN,MP,AWP,WE,Federal Contract Tower,0,4,0,0,4,0,32,14,0,46,0,36,14,0,50,0,0,0,50
12/22/2020,GSN,MP,AWP,WE,Federal Contract Tower,3,9,2,0,14,0,45,16,0,61,3,54,18,0,75,0,0,0,75
12/23/2020,GSN,MP,AWP,WE,Federal Contract Tower,0,12,12,0,24,0,51,11,0,62,0,63,23,0,86,0,0,0,86
12/24/2020,GSN,MP,AWP,WE,Federal Contract Tower,2,4,7,0,13,0,38,27,0,65,2,42,34,0,78,0,0,0,78
12/25/2020,GSN,MP,AWP,WE,Federal Contract Tower,0,6,12,0,18,0,16,11,0,27,0,22,23,0,45,0,0,0,45
12/26/2020,GSN,MP,AWP,WE,Federal Contract Tower,2,0,6,0,8,0,28,11,0,39,2,28,17,0,47,0,0,0,47
12/27/2020,GSN,MP,AWP,WE,Federal Contract Tower,0,0,0,0,0,0,22,9,0,31,0,22,9,0,31,0,0,0,31
12/29/2020,GSN,MP,AWP,WE,Federal Contract Tower,0,0,10,0,10,0,32,20,0,52,0,32,30,0,62,0,0,0,62
12/30/2020,GSN,MP,AWP,WE,Federal Contract Tower,0,8,9,0,17,0,42,16,0,58,0,50,25,0,75,0,0,0,75
12/31/2020,GSN,MP,AWP,WE,Federal Contract Tower,2,6,3,0,11,0,60,17,0,77,2,66,20,0,88,0,0,0,88
01/01/2021,GSN,MP,AWP,WE,Federal Contract Tower,0,6,8,0,14,0,23,10,0,33,0,29,18,0,47,0,0,0,47
01/02/2021,GSN,MP,AWP,WE,Federal Contract Tower,2,0,3,0,5,0,33,25,0,58,2,33,28,0,63,0,0,0,63
01/03/2021,GSN,MP,AWP,WE,Federal Contract Tower,0,0,0,0,0,0,42,19,0,61,0,42,19,0,61,0,0,0,61
01/04/2021,GSN,MP,AWP,WE,Federal Contract Tower,2,0,11,0,13,0,34,21,0,55,2,34,32,0,68,0,0,0,68
01/05/2021,GSN,MP,AWP,WE,Federal Contract Tower,0,7,3,0,10,0,32,6,0,38,0,39,9,0,48,0,0,0,48
01/06/2021,GSN,MP,AWP,WE,Federal Contract Tower,0,6,8,0,14,0,31,12,0,43,0,37,20,0,57,0,0,0,57
01/07/2021,GSN,MP,AWP,WE,Federal Contract Tower,2,6,6,0,14,0,28,12,0,40,2,34,18,0,54,0,0,0,54
01/08/2021,GSN,MP,AWP,WE,Federal Contract Tower,0,6,6,0,12,0,33,19,0,52,0,39,25,0,64,0,0,0,64
01/09/2021,GSN,MP,AWP,WE,Federal Contract Tower,2,0,4,0,6,0,35,8,0,43,2,35,12,0,49,0,0,0,49
01/10/2021,GSN,MP,AWP,WE,Federal Contract Tower,0,0,0,0,0,0,32,11,0,43,0,32,11,0,43,0,0,0,43
01/11/2021,GSN,MP,AWP,WE,Federal Contract Tower,2,5,15,0,22,0,33,28,0,61,2,38,43,0,83,0,0,0,83
01/12/2021,GSN,MP,AWP,WE,Federal Contract Tower,0,11,0,0,11,0,40,12,0,52,0,51,12,0,63,0,0,0,63
01/13/2021,GSN,MP,AWP,WE,Federal Contract Tower,1,4,10,0,15,0,34,13,0,47,1,38,23,0,62,0,0,0,62
01/14/2021,GSN,MP,AWP,WE,Federal Contract Tower,2,6,3,3,14,0,31,8,6,45,2,37,11,9,59,0,10,10,69
01/15/2021,GSN,MP,AWP,WE,Federal Contract Tower,2,0,11,0,13,0,67,11,0,78,2,67,22,0,91,0,0,0,91
01/16/2021,GSN,MP,AWP,WE,Federal Contract Tower,2,0,5,0,7,0,46,11,0,57,2,46,16,0,64,0,0,0,64
01/17/2021,GSN,MP,AWP,WE,Federal Contract Tower,0,2,0,0,2,0,47,8,0,55,0,49,8,0,57,0,0,0,57
01/18/2021,GSN,MP,AWP,WE,Federal Contract Tower,2,6,7,0,15,0,36,11,0,47,2,42,18,0,62,0,0,0,62
01/20/2021,GSN,MP,AWP,WE,Federal Contract Tower,0,4,9,1,14,0,34,17,1,52,0,38,26,2,66,0,14,14,80
01/21/2021,GSN,MP,AWP,WE,Federal Contract Tower,2,0,6,0,8,0,40,11,0,51,2,40,17,0,59,0,0,0,59
01/22/2021,GSN,MP,AWP,WE,Federal Contract Tower,0,0,8,2,10,0,50,20,6,76,0,50,28,8,86,0,14,14,100
01/23/2021,GSN,MP,AWP,WE,Federal Contract Tower,2,4,11,8,25,0,27,10,0,37,2,31,21,8,62,0,0,0,62
01/24/2021,GSN,MP,AWP,WE,Federal Contract Tower,0,6,0,0,6,0,21,10,0,31,0,27,10,0,37,0,0,0,37
01/25/2021,GSN,MP,AWP,WE,Federal Contract Tower,2,2,16,0,20,0,38,21,0,59,2,40,37,0,79,0,0,0,79
01/27/2021,GSN,MP,AWP,WE,Federal Contract Tower,0,0,9,0,9,0,32,8,2,42,0,32,17,2,51,0,0,0,51
01/28/2021,GSN,MP,AWP,WE,Federal Contract Tower,2,0,6,0,8,0,29,12,0,41,2,29,18,0,49,0,0,0,49
01/29/2021,GSN,MP,AWP,WE,Federal Contract Tower,0,6,9,0,15,0,37,17,0,54,0,43,26,0,69,0,0,0,69
01/30/2021,GSN,MP,AWP,WE,Federal Contract Tower,2,2,6,0,10,0,31,14,0,45,2,33,20,0,55,0,0,0,55
01/31/2021,GSN,MP,AWP,WE,Federal Contract Tower,0,4,0,0,4,0,27,12,0,39,0,31,12,0,43,0,0,0,43
02/01/2021,GSN,MP,AWP,WE,Federal Contract Tower,2,6,10,0,18,0,24,12,0,36,2,30,22,0,54,0,0,0,54
02/02/2021,GSN,MP,AWP,WE,Federal Contract Tower,0,3,5,0,8,0,30,16,0,46,0,33,21,0,54,0,0,0,54
02/03/2021,GSN,MP,AWP,WE,Federal Contract Tower,0,15,0,0,15,0,28,15,0,43,0,43,15,0,58,0,0,0,58
02/04/2021,GSN,MP,AWP,WE,Federal Contract Tower,2,2,6,0,10,0,30,19,0,49,2,32,25,0,59,0,0,0,59
02/05/2021,GSN,MP,AWP,WE,Federal Contract Tower,0,6,3,0,9,0,49,12,0,61,0,55,15,0,70,0,0,0,70
02/06/2021,GSN,MP,AWP,WE,Federal Contract Tower,2,1,9,0,12,0,29,12,0,41,2,30,21,0,53,0,0,0,53
02/07/2021,GSN,MP,AWP,WE,Federal Contract Tower,0,0,0,0,0,0,38,17,0,55,0,38,17,0,55,0,0,0,55
02/08/2021,GSN,MP,AWP,WE,Federal Contract Tower,2,0,10,0,12,0,35,16,0,51,2,35,26,0,63,0,0,0,63
02/09/2021,GSN,MP,AWP,WE,Federal Contract Tower,0,1,7,0,8,0,42,12,0,54,0,43,19,0,62,0,0,0,62
02/10/2021,GSN,MP,AWP,WE,Federal Contract Tower,0,9,0,0,9,0,31,21,0,52,0,40,21,0,61,10,0,10,71
02/11/2021,GSN,MP,AWP,WE,Federal Contract Tower,2,6,11,1,20,0,52,16,0,68,2,58,27,1,88,10,0,10,98
02/12/2021,GSN,MP,AWP,WE,Federal Contract Tower,0,8,5,0,13,0,83,56,0,139,0,91,61,0,152,0,0,0,152
02/13/2021,GSN,MP,AWP,WE,Federal Contract Tower,2,4,7,0,13,0,96,38,0,134,2,100,45,0,147,0,0,0,147
02/14/2021,GSN,MP,AWP,WE,Federal Contract Tower,0,0,0,0,0,0,81,38,0,119,0,81,38,0,119,0,0,0,119
02/15/2021,GSN,MP,AWP,WE,Federal Contract Tower,2,0,12,0,14,0,80,25,0,105,2,80,37,0,119,0,0,0,119
02/16/2021,GSN,MP,AWP,WE,Federal Contract Tower,0,6,7,1,14,0,41,18,1,60,0,47,25,2,74,0,2,2,76
02/17/2021,GSN,MP,AWP,WE,Federal Contract Tower,0,12,0,0,12,0,40,10,0,50,0,52,10,0,62,0,0,0,62
02/18/2021,GSN,MP,AWP,WE,Federal Contract Tower,2,6,7,0,15,0,35,15,0,50,2,41,22,0,65,0,0,0,65
02/19/2021,GSN,MP,AWP,WE,Federal Contract Tower,0,1,7,1,9,0,49,18,4,71,0,50,25,5,80,0,0,0,80
02/20/2021,GSN,MP,AWP,WE,Federal Contract Tower,2,0,4,0,6,0,34,12,4,50,2,34,16,4,56,0,0,0,56
02/21/2021,GSN,MP,AWP,WE,Federal Contract Tower,0,0,0,0,0,0,25,17,0,42,0,25,17,0,42,0,0,0,42
02/22/2021,GSN,MP,AWP,WE,Federal Contract Tower,2,5,5,10,22,0,0,0,0,0,2,5,5,10,22,0,0,0,22
02/23/2021,GSN,MP,AWP,WE,Federal Contract Tower,0,0,7,0,7,0,28,17,0,45,0,28,24,0,52,0,0,0,52
02/24/2021,GSN,MP,AWP,WE,Federal Contract Tower,10,0,0,0,10,0,41,14,0,55,10,41,14,0,65,0,0,0,65
02/25/2021,GSN,MP,AWP,WE,Federal Contract Tower,2,4,6,0,12,0,34,14,0,48,2,38,20,0,60,0,0,0,60
02/26/2021,GSN,MP,AWP,WE,Federal Contract Tower,0,8,7,0,15,0,50,24,0,74,0,58,31,0,89,0,0,0,89
02/27/2021,GSN,MP,AWP,WE,Federal Contract Tower,2,4,4,0,10,0,43,8,2,53,2,47,12,2,63,0,2,2,65
02/28/2021,GSN,MP,AWP,WE,Federal Contract Tower,0,2,0,0,2,0,27,17,0,44,0,29,17,0,46,0,0,0,46
03/01/2021,GSN,MP,AWP,WE,Federal Contract Tower,2,6,12,0,20,0,32,11,0,43,2,38,23,0,63,0,0,0,63
03/02/2021,GSN,MP,AWP,WE,Federal Contract Tower,0,3,6,0,9,0,33,12,0,45,0,36,18,0,54,0,0,0,54
03/03/2021,GSN,MP,AWP,WE,Federal Contract Tower,0,0,6,0,6,0,51,15,0,66,0,51,21,0,72,0,0,0,72
03/04/2021,GSN,MP,AWP,WE,Federal Contract Tower,2,0,2,0,4,0,48,29,0,77,2,48,31,0,81,0,0,0,81
03/06/2021,GSN,MP,AWP,WE,Federal Contract Tower,2,0,7,0,9,0,38,19,0,57,2,38,26,0,66,0,0,0,66
03/07/2021,GSN,MP,AWP,WE,Federal Contract Tower,0,0,0,0,0,0,30,13,0,43,0,30,13,0,43,0,0,0,43
03/08/2021,GSN,MP,AWP,WE,Federal Contract Tower,2,6,10,0,18,0,31,7,0,38,2,37,17,0,56,0,0,0,56
03/09/2021,GSN,MP,AWP,WE,Federal Contract Tower,6,6,0,0,12,0,35,12,0,47,6,41,12,0,59,0,0,0,59
03/10/2021,GSN,MP,AWP,WE,Federal Contract Tower,0,5,7,0,12,0,39,11,8,58,0,44,18,8,70,0,0,0,70
03/11/2021,GSN,MP,AWP,WE,Federal Contract Tower,2,6,5,0,13,0,51,14,0,65,2,57,19,0,78,0,0,0,78
03/12/2021,GSN,MP,AWP,WE,Federal Contract Tower,0,16,2,0,18,0,73,25,0,98,0,89,27,0,116,0,0,0,116
03/13/2021,GSN,MP,AWP,WE,Federal Contract Tower,2,0,6,0,8,0,62,22,0,84,2,62,28,0,92,0,0,0,92
03/14/2021,GSN,MP,AWP,WE,Federal Contract Tower,0,0,0,0,0,0,40,16,0,56,0,40,16,0,56,0,0,0,56
03/15/2021,GSN,MP,AWP,WE,Federal Contract Tower,2,6,12,0,20,0,27,9,0,36,2,33,21,0,56,0,0,0,56
03/16/2021,GSN,MP,AWP,WE,Federal Contract Tower,0,6,9,0,15,0,36,17,0,53,0,42,26,0,68,0,0,0,68
03/17/2021,GSN,MP,AWP,WE,Federal Contract Tower,0,4,8,0,12,0,42,9,0,51,0,46,17,0,63,0,0,0,63
03/18/2021,GSN,MP,AWP,WE,Federal Contract Tower,2,9,1,10,22,0,48,16,0,64,2,57,17,10,86,0,0,0,86
03/19/2021,GSN,MP,AWP,WE,Federal Contract Tower,4,17,0,0,21,0,49,13,0,62,4,66,13,0,83,0,0,0,83
03/20/2021,GSN,MP,AWP,WE,Federal Contract Tower,2,0,6,0,8,0,33,8,0,41,2,33,14,0,49,0,0,0,49
03/21/2021,GSN,MP,AWP,WE,Federal Contract Tower,0,0,0,0,0,0,17,9,0,26,0,17,9,0,26,0,0,0,26
03/22/2021,GSN,MP,AWP,WE,Federal Contract Tower,3,6,14,0,23,0,26,6,0,32,3,32,20,0,55,0,0,0,55
03/23/2021,GSN,MP,AWP,WE,Federal Contract Tower,0,7,7,0,14,0,30,18,0,48,0,37,25,0,62,0,0,0,62
03/24/2021,GSN,MP,AWP,WE,Federal Contract Tower,0,7,9,0,16,0,29,6,0,35,0,36,15,0,51,0,0,0,51
03/25/2021,GSN,MP,AWP,WE,Federal Contract Tower,3,4,6,0,13,0,39,13,0,52,3,43,19,0,65,0,0,0,65
03/26/2021,GSN,MP,AWP,WE,Federal Contract Tower,2,11,0,0,13,0,36,16,0,52,2,47,16,0,65,0,0,0,65
03/27/2021,GSN,MP,AWP,WE,Federal Contract Tower,2,0,6,0,8,0,24,13,0,37,2,24,19,0,45,0,0,0,45
03/28/2021,GSN,MP,AWP,WE,Federal Contract Tower,0,1,0,0,1,0,25,7,0,32,0,26,7,0,33,0,0,0,33
03/29/2021,GSN,MP,AWP,WE,Federal Contract Tower,2,2,11,0,15,0,36,5,0,41,2,38,16,0,56,0,0,0,56
03/30/2021,GSN,MP,AWP,WE,Federal Contract Tower,0,4,5,0,9,0,35,14,0,49,0,39,19,0,58,0,0,0,58
03/31/2021,GSN,MP,AWP,WE,Federal Contract Tower,0,5,10,0,15,0,34,17,0,51,0,39,27,0,66,0,0,0,66
04/01/2021,GSN,MP,AWP,WE,Federal Contract Tower,2,9,0,0,11,0,32,10,0,42,2,41,10,0,53,0,0,0,53
04/02/2021,GSN,MP,AWP,WE,Federal Contract Tower,2,10,0,12,24,0,23,13,0,36,2,33,13,12,60,0,0,0,60
04/03/2021,GSN,MP,AWP,WE,Federal Contract Tower,2,0,6,0,8,0,31,6,0,37,2,31,12,0,45,0,0,0,45
04/04/2021,GSN,MP,AWP,WE,Federal Contract Tower,0,2,0,0,2,0,26,12,0,38,0,28,12,0,40,0,0,0,40
04/05/2021,GSN,MP,AWP,WE,Federal Contract Tower,2,2,12,0,16,0,37,17,0,54,2,39,29,0,70,0,0,0,70
04/06/2021,GSN,MP,AWP,WE,Federal Contract Tower,0,1,5,0,6,0,33,11,0,44,0,34,16,0,50,0,0,0,50
04/07/2021,GSN,MP,AWP,WE,Federal Contract Tower,0,0,9,0,9,0,41,16,0,57,0,41,25,0,66,0,0,0,66
04/08/2021,GSN,MP,AWP,WE,Federal Contract Tower,2,1,4,0,7,0,42,15,0,57,2,43,19,0,64,0,0,0,64
04/09/2021,GSN,MP,AWP,WE,Federal Contract Tower,2,12,0,0,14,0,70,13,0,83,2,82,13,0,97,0,0,0,97
04/10/2021,GSN,MP,AWP,WE,Federal Contract Tower,2,0,2,0,4,0,36,22,0,58,2,36,24,0,62,0,0,0,62
04/11/2021,GSN,MP,AWP,WE,Federal Contract Tower,0,0,0,0,0,0,40,8,0,48,0,40,8,0,48,0,0,0,48
04/12/2021,GSN,MP,AWP,WE,Federal Contract Tower,2,0,12,0,14,0,46,12,0,58,2,46,24,0,72,0,0,0,72
04/13/2021,GSN,MP,AWP,WE,Federal Contract Tower,0,0,9,0,9,0,32,12,0,44,0,32,21,0,53,0,0,0,53
04/14/2021,GSN,MP,AWP,WE,Federal Contract Tower,0,0,4,0,4,0,43,18,0,61,0,43,22,0,65,0,0,0,65
04/15/2021,GSN,MP,AWP,WE,Federal Contract Tower,2,4,0,0,6,0,47,18,0,65,2,51,18,0,71,0,0,0,71
04/16/2021,GSN,MP,AWP,WE,Federal Contract Tower,2,13,2,0,17,0,88,9,0,97,2,101,11,0,114,0,0,0,114
04/17/2021,GSN,MP,AWP,WE,Federal Contract Tower,2,0,6,0,8,0,56,13,0,69,2,56,19,0,77,0,0,0,77
04/18/2021,GSN,MP,AWP,WE,Federal Contract Tower,0,0,0,0,0,0,46,19,0,65,0,46,19,0,65,0,0,0,65
04/19/2021,GSN,MP,AWP,WE,Federal Contract Tower,2,0,14,0,16,0,54,16,0,70,2,54,30,0,86,0,0,0,86
04/20/2021,GSN,MP,AWP,WE,Federal Contract Tower,0,0,11,0,11,0,50,28,1,79,0,50,39,1,90,0,0,0,90
04/21/2021,GSN,MP,AWP,WE,Federal Contract Tower,0,0,12,1,13,0,48,14,1,63,0,48,26,2,76,0,0,0,76
04/22/2021,GSN,MP,AWP,WE,Federal Contract Tower,2,4,0,0,6,0,64,17,0,81,2,68,17,0,87,0,0,0,87
04/23/2021,GSN,MP,AWP,WE,Federal Contract Tower,2,5,0,0,7,0,75,19,2,96,2,80,19,2,103,4,0,4,107
04/24/2021,GSN,MP,AWP,WE,Federal Contract Tower,2,0,6,0,8,0,50,26,0,76,2,50,32,0,84,0,0,0,84
04/25/2021,GSN,MP,AWP,WE,Federal Contract Tower,0,0,0,0,0,0,44,11,0,55,0,44,11,0,55,0,0,0,55
04/26/2021,GSN,MP,AWP,WE,Federal Contract Tower,2,0,16,0,18,0,40,5,0,45,2,40,21,0,63,0,0,0,63
04/27/2021,GSN,MP,AWP,WE,Federal Contract Tower,2,0,11,0,13,0,35,25,0,60,2,35,36,0,73,0,0,0,73
04/28/2021,GSN,MP,AWP,WE,Federal Contract Tower,0,0,12,0,12,0,56,10,0,66,0,56,22,0,78,0,0,0,78
04/29/2021,GSN,MP,AWP,WE,Federal Contract Tower,2,6,0,0,8,0,47,13,0,60,2,53,13,0,68,10,0,10,78
04/30/2021,GSN,MP,AWP,WE,Federal Contract Tower,2,13,0,0,15,0,92,42,2,136,2,105,42,2,151,0,0,0,151
05/01/2021,GSN,MP,AWP,WE,Federal Contract Tower,4,2,0,0,6,0,58,23,0,81,4,60,23,0,87,2,0,2,89
05/02/2021,GSN,MP,AWP,WE,Federal Contract Tower,0,0,0,0,0,0,75,36,0,111,0,75,36,0,111,0,0,0,111
05/03/2021,GSN,MP,AWP,WE,Federal Contract Tower,2,0,7,0,9,0,55,40,0,95,2,55,47,0,104,0,0,0,104
05/04/2021,GSN,MP,AWP,WE,Federal Contract Tower,2,0,11,0,13,0,39,16,0,55,2,39,27,0,68,0,0,0,68
05/05/2021,GSN,MP,AWP,WE,Federal Contract Tower,0,2,8,0,10,0,41,16,0,57,0,43,24,0,67,0,0,0,67
05/06/2021,GSN,MP,AWP,WE,Federal Contract Tower,2,0,6,0,8,0,53,19,0,72,2,53,25,0,80,2,0,2,82
05/07/2021,GSN,MP,AWP,WE,Federal Contract Tower,2,0,7,0,9,0,86,25,0,111,2,86,32,0,120,0,0,0,120
05/08/2021,GSN,MP,AWP,WE,Federal Contract Tower,2,4,0,2,8,0,61,21,0,82,2,65,21,2,90,0,0,0,90
05/09/2021,GSN,MP,AWP,WE,Federal Contract Tower,0,0,0,0,0,0,48,28,0,76,0,48,28,0,76,0,0,0,76
05/10/2021,GSN,MP,AWP,WE,Federal Contract Tower,2,0,12,2,16,0,54,18,2,74,2,54,30,4,90,0,0,0,90
05/11/2021,GSN,MP,AWP,WE,Federal Contract Tower,0,0,9,0,9,0,55,22,0,77,0,55,31,0,86,0,0,0,86
05/12/2021,GSN,MP,AWP,WE,Federal Contract Tower,0,0,8,0,8,0,22,58,0,80,0,22,66,0,88,0,0,0,88
05/13/2021,GSN,MP,AWP,WE,Federal Contract Tower,2,3,0,0,5,0,42,14,0,56,2,45,14,0,61,0,0,0,61
05/14/2021,GSN,MP,AWP,WE,Federal Contract Tower,2,7,0,0,9,0,70,26,0,96,2,77,26,0,105,0,0,0,105
05/15/2021,GSN,MP,AWP,WE,Federal Contract Tower,2,10,1,0,13,0,53,14,0,67,2,63,15,0,80,0,0,0,80
05/16/2021,GSN,MP,AWP,WE,Federal Contract Tower,0,0,0,0,0,0,43,10,0,53,0,43,10,0,53,0,0,0,53
05/17/2021,GSN,MP,AWP,WE,Federal Contract Tower,2,0,11,2,15,0,39,25,0,64,2,39,36,2,79,0,0,0,79
05/18/2021,GSN,MP,AWP,WE,Federal Contract Tower,0,0,4,0,4,0,35,28,0,63,0,35,32,0,67,0,0,0,67
05/19/2021,GSN,MP,AWP,WE,Federal Contract Tower,0,0,6,0,6,0,53,24,0,77,0,53,30,0,83,0,0,0,83
05/20/2021,GSN,MP,AWP,WE,Federal Contract Tower,2,5,0,0,7,0,57,23,0,80,2,62,23,0,87,0,0,0,87
05/21/2021,GSN,MP,AWP,WE,Federal Contract Tower,2,7,0,0,9,0,64,22,0,86,2,71,22,0,95,0,0,0,95
05/22/2021,GSN,MP,AWP,WE,Federal Contract Tower,2,3,0,0,5,0,49,37,0,86,2,52,37,0,91,0,0,0,91
05/23/2021,GSN,MP,AWP,WE,Federal Contract Tower,0,0,0,0,0,0,37,15,0,52,0,37,15,0,52,0,0,0,52
05/24/2021,GSN,MP,AWP,WE,Federal Contract Tower,2,0,8,0,10,0,45,32,0,77,2,45,40,0,87,0,0,0,87
05/25/2021,GSN,MP,AWP,WE,Federal Contract Tower,2,6,6,0,14,0,37,16,2,55,2,43,22,2,69,0,0,0,69
05/26/2021,GSN,MP,AWP,WE,Federal Contract Tower,0,1,4,2,7,0,51,13,0,64,0,52,17,2,71,0,0,0,71
05/27/2021,GSN,MP,AWP,WE,Federal Contract Tower,2,0,4,4,10,0,53,11,2,66,2,53,15,6,76,0,0,0,76
05/28/2021,GSN,MP,AWP,WE,Federal Contract Tower,2,4,0,0,6,0,63,11,0,74,2,67,11,0,80,0,0,0,80
05/29/2021,GSN,MP,AWP,WE,Federal Contract Tower,2,3,0,0,5,0,56,22,0,78,2,59,22,0,83,0,0,0,83
05/30/2021,GSN,MP,AWP,WE,Federal Contract Tower,0,0,0,0,0,0,40,10,0,50,0,40,10,0,50,2,0,2,52
05/31/2021,GSN,MP,AWP,WE,Federal Contract Tower,2,1,8,6,17,0,49,18,2,69,2,50,26,8,86,0,0,0,86
06/01/2021,GSN,MP,AWP,WE,Federal Contract Tower,0,1,3,8,12,0,46,17,6,69,0,47,20,14,81,0,0,0,81
06/02/2021,GSN,MP,AWP,WE,Federal Contract Tower,0,0,7,0,7,0,39,17,0,56,0,39,24,0,63,0,0,0,63
06/03/2021,GSN,MP,AWP,WE,Federal Contract Tower,2,0,4,0,6,0,38,14,0,52,2,38,18,0,58,0,0,0,58
06/04/2021,GSN,MP,AWP,WE,Federal Contract Tower,2,1,3,0,6,0,60,20,0,80,2,61,23,0,86,0,0,0,86
06/05/2021,GSN,MP,AWP,WE,Federal Contract Tower,0,4,2,0,6,0,54,27,0,81,0,58,29,0,87,0,0,0,87
06/06/2021,GSN,MP,AWP,WE,Federal Contract Tower,0,0,0,0,0,0,42,17,0,59,0,42,17,0,59,0,0,0,59
06/07/2021,GSN,MP,AWP,WE,Federal Contract Tower,2,0,8,2,12,0,41,10,0,51,2,41,18,2,63,0,0,0,63
06/08/2021,GSN,MP,AWP,WE,Federal Contract Tower,2,0,3,2,7,0,42,18,0,60,2,42,21,2,67,0,0,0,67
06/09/2021,GSN,MP,AWP,WE,Federal Contract Tower,0,0,6,0,6,0,43,15,0,58,0,43,21,0,64,0,0,0,64
06/10/2021,GSN,MP,AWP,WE,Federal Contract Tower,2,0,4,0,6,0,41,15,0,56,2,41,19,0,62,0,0,0,62
06/11/2021,GSN,MP,AWP,WE,Federal Contract Tower,2,0,5,0,7,0,57,31,0,88,2,57,36,0,95,0,0,0,95
06/12/2021,GSN,MP,AWP,WE,Federal Contract Tower,2,4,0,0,6,0,44,15,0,59,2,48,15,0,65,0,0,0,65
06/13/2021,GSN,MP,AWP,WE,Federal Contract Tower,0,0,0,0,0,0,51,13,0,64,0,51,13,0,64,0,0,0,64
06/14/2021,GSN,MP,AWP,WE,Federal Contract Tower,0,2,9,0,11,0,45,17,0,62,0,47,26,0,73,0,0,0,73
06/15/2021,GSN,MP,AWP,WE,Federal Contract Tower,0,2,4,0,6,0,38,19,0,57,0,40,23,0,63,6,0,6,69
06/16/2021,GSN,MP,AWP,WE,Federal Contract Tower,0,0,6,0,6,0,51,19,0,70,0,51,25,0,76,0,0,0,76
06/17/2021,GSN,MP,AWP,WE,Federal Contract Tower,2,0,4,0,6,0,51,24,0,75,2,51,28,0,81,0,0,0,81
06/18/2021,GSN,MP,AWP,WE,Federal Contract Tower,2,0,6,0,8,0,74,33,0,107,2,74,39,0,115,0,0,0,115
06/19/2021,GSN,MP,AWP,WE,Federal Contract Tower,2,4,0,0,6,0,54,15,0,69,2,58,15,0,75,0,0,0,75
06/20/2021,GSN,MP,AWP,WE,Federal Contract Tower,0,2,0,0,2,0,60,26,0,86,0,62,26,0,88,0,0,0,88
06/21/2021,GSN,MP,AWP,WE,Federal Contract Tower,2,0,6,0,8,0,62,25,0,87,2,62,31,0,95,8,0,8,103
06/22/2021,GSN,MP,AWP,WE,Federal Contract Tower,0,9,7,0,16,0,29,6,0,35,0,38,13,0,51,0,0,0,51
06/23/2021,GSN,MP,AWP,WE,Federal Contract Tower,0,0,4,2,6,0,60,14,0,74,0,60,18,2,80,0,0,0,80
06/24/2021,GSN,MP,AWP,WE,Federal Contract Tower,2,0,2,0,4,0,59,27,0,86,2,59,29,0,90,0,0,0,90
06/25/2021,GSN,MP,AWP,WE,Federal Contract Tower,2,2,3,0,7,0,72,19,0,91,2,74,22,0,98,0,0,0,98
06/26/2021,GSN,MP,AWP,WE,Federal Contract Tower,2,10,0,0,12,0,65,15,4,84,2,75,15,4,96,0,0,0,96
06/27/2021,GSN,MP,AWP,WE,Federal Contract Tower,0,0,0,0,0,0,46,5,0,51,0,46,5,0,51,0,0,0,51
06/28/2021,GSN,MP,AWP,WE,Federal Contract Tower,3,0,10,0,13,0,55,12,0,67,3,55,22,0,80,0,0,0,80
06/29/2021,GSN,MP,AWP,WE,Federal Contract Tower,0,0,6,0,6,0,40,16,0,56,0,40,22,0,62,0,0,0,62
06/30/2021,GSN,MP,AWP,WE,Federal Contract Tower,0,0,2,2,4,0,44,25,4,73,0,44,27,6,77,0,0,0,77
07/01/2021,GSN,MP,AWP,WE,Federal Contract Tower,0,0,4,0,4,0,58,11,0,69,0,58,15,0,73,0,0,0,73
07/02/2021,GSN,MP,AWP,WE,Federal Contract Tower,2,0,7,0,9,0,85,11,0,96,2,85,18,0,105,0,0,0,105
07/03/2021,GSN,MP,AWP,WE,Federal Contract Tower,2,0,1,0,3,0,48,18,0,66,2,48,19,0,69,0,0,0,69
07/04/2021,GSN,MP,AWP,WE,Federal Contract Tower,2,6,0,0,8,0,45,8,0,53,2,51,8,0,61,0,0,0,61
07/05/2021,GSN,MP,AWP,WE,Federal Contract Tower,2,4,0,0,6,0,60,10,0,70,2,64,10,0,76,0,0,0,76
07/06/2021,GSN,MP,AWP,WE,Federal Contract Tower,0,0,0,0,0,0,70,12,0,82,0,70,12,0,82,0,0,0,82
07/07/2021,GSN,MP,AWP,WE,Federal Contract Tower,2,4,3,0,9,0,56,19,0,75,2,60,22,0,84,0,0,0,84
07/08/2021,GSN,MP,AWP,WE,Federal Contract Tower,0,0,2,0,2,0,72,17,0,89,0,72,19,0,91,0,0,0,91
07/09/2021,GSN,MP,AWP,WE,Federal Contract Tower,2,0,4,0,6,0,82,21,0,103,2,82,25,0,109,0,0,0,109
07/10/2021,GSN,MP,AWP,WE,Federal Contract Tower,2,0,4,0,6,0,48,8,0,56,2,48,12,0,62,0,0,0,62
07/11/2021,GSN,MP,AWP,WE,Federal Contract Tower,2,0,0,0,2,0,56,27,0,83,2,56,27,0,85,0,0,0,85
07/12/2021,GSN,MP,AWP,WE,Federal Contract Tower,2,6,0,0,8,0,57,18,0,75,2,63,18,0,83,0,0,0,83
07/13/2021,GSN,MP,AWP,WE,Federal Contract Tower,0,1,6,1,8,0,59,35,1,95,0,60,41,2,103,0,0,0,103
07/14/2021,GSN,MP,AWP,WE,Federal Contract Tower,2,3,6,0,11,0,53,16,0,69,2,56,22,0,80,0,0,0,80
07/15/2021,GSN,MP,AWP,WE,Federal Contract Tower,0,4,5,0,9,0,62,18,0,80,0,66,23,0,89,0,0,0,89
07/16/2021,GSN,MP,AWP,WE,Federal Contract Tower,2,0,3,0,5,0,75,18,0,93,2,75,21,0,98,0,0,0,98
07/17/2021,GSN,MP,AWP,WE,Federal Contract Tower,4,0,2,0,6,0,62,9,0,71,4,62,11,0,77,0,0,0,77
07/18/2021,GSN,MP,AWP,WE,Federal Contract Tower,2,0,0,0,2,0,69,17,4,90,2,69,17,4,92,0,0,0,92
07/19/2021,GSN,MP,AWP,WE,Federal Contract Tower,2,6,2,0,10,0,53,10,0,63,2,59,12,0,73,0,0,0,73
07/20/2021,GSN,MP,AWP,WE,Federal Contract Tower,0,7,6,0,13,0,29,7,0,36,0,36,13,0,49,0,0,0,49
07/21/2021,GSN,MP,AWP,WE,Federal Contract Tower,2,3,8,0,13,0,46,10,0,56,2,49,18,0,69,0,0,0,69
07/22/2021,GSN,MP,AWP,WE,Federal Contract Tower,0,1,1,0,2,0,46,15,0,61,0,47,16,0,63,0,0,0,63
07/23/2021,GSN,MP,AWP,WE,Federal Contract Tower,2,1,6,0,9,0,84,25,0,109,2,85,31,0,118,0,0,0,118
07/24/2021,GSN,MP,AWP,WE,Federal Contract Tower,6,0,5,0,11,0,49,6,0,55,6,49,11,0,66,0,0,0,66
07/25/2021,GSN,MP,AWP,WE,Federal Contract Tower,2,0,0,0,2,0,56,8,0,64,2,56,8,0,66,0,0,0,66
07/26/2021,GSN,MP,AWP,WE,Federal Contract Tower,2,6,0,1,9,0,58,4,3,65,2,64,4,4,74,0,0,0,74
07/27/2021,GSN,MP,AWP,WE,Federal Contract Tower,0,0,4,0,4,0,55,22,2,79,0,55,26,2,83,0,0,0,83
07/28/2021,GSN,MP,AWP,WE,Federal Contract Tower,2,0,4,0,6,0,52,22,0,74,2,52,26,0,80,0,0,0,80
07/29/2021,GSN,MP,AWP,WE,Federal Contract Tower,2,2,0,1,5,0,52,13,0,65,2,54,13,1,70,0,0,0,70
07/30/2021,GSN,MP,AWP,WE,Federal Contract Tower,2,0,4,0,6,0,71,28,0,99,2,71,32,0,105,0,0,0,105
07/31/2021,GSN,MP,AWP,WE,Federal Contract Tower,6,0,2,0,8,0,59,15,2,76,6,59,17,2,84,0,0,0,84
08/01/2021,GSN,MP,AWP,WE,Federal Contract Tower,2,0,0,0,2,0,62,13,2,77,2,62,13,2,79,0,0,0,79
08/02/2021,GSN,MP,AWP,WE,Federal Contract Tower,2,7,0,0,9,0,58,15,10,83,2,65,15,10,92,0,0,0,92
08/03/2021,GSN,MP,AWP,WE,Federal Contract Tower,2,3,0,1,6,0,56,8,5,69,2,59,8,6,75,0,0,0,75
08/04/2021,GSN,MP,AWP,WE,Federal Contract Tower,2,0,6,0,8,0,61,7,0,68,2,61,13,0,76,0,0,0,76
08/05/2021,GSN,MP,AWP,WE,Federal Contract Tower,4,0,4,0,8,0,54,12,0,66,4,54,16,0,74,0,0,0,74
08/06/2021,GSN,MP,AWP,WE,Federal Contract Tower,2,0,4,0,6,0,58,14,0,72,2,58,18,0,78,0,0,0,78
08/07/2021,GSN,MP,AWP,WE,Federal Contract Tower,6,1,4,0,11,0,56,9,0,65,6,57,13,0,76,0,0,0,76
08/08/2021,GSN,MP,AWP,WE,Federal Contract Tower,2,0,0,0,2,0,39,7,0,46,2,39,7,0,48,0,0,0,48
08/09/2021,GSN,MP,AWP,WE,Federal Contract Tower,2,6,0,0,8,0,60,15,0,75,2,66,15,0,83,0,2,2,85
08/10/2021,GSN,MP,AWP,WE,Federal Contract Tower,2,4,0,2,8,0,75,7,0,82,2,79,7,2,90,2,0,2,92
08/11/2021,GSN,MP,AWP,WE,Federal Contract Tower,2,2,8,2,14,0,53,16,2,71,2,55,24,4,85,2,0,2,87
08/12/2021,GSN,MP,AWP,WE,Federal Contract Tower,4,0,3,2,9,0,67,17,0,84,4,67,20,2,93,0,0,0,93
08/13/2021,GSN,MP,AWP,WE,Federal Contract Tower,2,0,4,2,8,0,110,32,0,142,2,110,36,2,150,0,0,0,150
08/14/2021,GSN,MP,AWP,WE,Federal Contract Tower,6,0,4,0,10,0,89,12,0,101,6,89,16,0,111,0,0,0,111
08/15/2021,GSN,MP,AWP,WE,Federal Contract Tower,2,3,0,0,5,0,91,26,0,117,2,94,26,0,122,0,0,0,122
08/16/2021,GSN,MP,AWP,WE,Federal Contract Tower,2,10,0,0,12,0,68,8,0,76,2,78,8,0,88,0,0,0,88
08/17/2021,GSN,MP,AWP,WE,Federal Contract Tower,2,9,0,0,11,0,36,6,0,42,2,45,6,0,53,0,0,0,53
08/18/2021,GSN,MP,AWP,WE,Federal Contract Tower,2,4,13,0,19,0,56,25,0,81,2,60,38,0,100,0,0,0,100
08/19/2021,GSN,MP,AWP,WE,Federal Contract Tower,4,1,1,0,6,0,52,14,0,66,4,53,15,0,72,0,0,0,72
08/20/2021,GSN,MP,AWP,WE,Federal Contract Tower,2,0,3,4,9,0,61,19,0,80,2,61,22,4,89,0,0,0,89
08/21/2021,GSN,MP,AWP,WE,Federal Contract Tower,6,3,3,0,12,0,41,17,0,58,6,44,20,0,70,0,0,0,70
08/22/2021,GSN,MP,AWP,WE,Federal Contract Tower,2,0,0,0,2,0,44,9,0,53,2,44,9,0,55,0,0,0,55
08/23/2021,GSN,MP,AWP,WE,Federal Contract Tower,2,8,0,0,10,0,43,15,0,58,2,51,15,0,68,0,4,4,72
08/24/2021,GSN,MP,AWP,WE,Federal Contract Tower,2,4,0,2,8,0,38,12,2,52,2,42,12,4,60,0,0,0,60
08/25/2021,GSN,MP,AWP,WE,Federal Contract Tower,2,1,0,0,3,0,41,22,0,63,2,42,22,0,66,0,0,0,66
08/26/2021,GSN,MP,AWP,WE,Federal Contract Tower,4,7,5,0,16,0,49,7,0,56,4,56,12,0,72,0,0,0,72
08/27/2021,GSN,MP,AWP,WE,Federal Contract Tower,2,1,4,0,7,0,63,14,0,77,2,64,18,0,84,0,0,0,84
08/28/2021,GSN,MP,AWP,WE,Federal Contract Tower,6,2,0,0,8,0,58,19,0,77,6,60,19,0,85,0,0,0,85
08/29/2021,GSN,MP,AWP,WE,Federal Contract Tower,2,1,0,0,3,0,45,18,0,63,2,46,18,0,66,0,0,0,66
08/30/2021,GSN,MP,AWP,WE,Federal Contract Tower,2,3,10,0,15,0,44,15,0,59,2,47,25,0,74,0,0,0,74
08/31/2021,GSN,MP,AWP,WE,Federal Contract Tower,2,4,0,0,6,0,45,12,0,57,2,49,12,0,63,4,0,4,67
09/01/2021,GSN,MP,AWP,WE,Federal Contract Tower,2,6,0,0,8,0,56,9,0,65,2,62,9,0,73,0,0,0,73
09/02/2021,GSN,MP,AWP,WE,Federal Contract Tower,4,1,4,0,9,0,38,19,0,57,4,39,23,0,66,0,0,0,66
09/03/2021,GSN,MP,AWP,WE,Federal Contract Tower,2,2,8,0,12,0,74,21,0,95,2,76,29,0,107,0,0,0,107
09/04/2021,GSN,MP,AWP,WE,Federal Contract Tower,6,2,2,0,10,0,72,18,0,90,6,74,20,0,100,0,0,0,100
09/05/2021,GSN,MP,AWP,WE,Federal Contract Tower,2,0,0,0,2,0,55,20,0,75,2,55,20,0,77,0,0,0,77
09/06/2021,GSN,MP,AWP,WE,Federal Contract Tower,2,0,7,0,9,0,57,20,0,77,2,57,27,0,86,0,0,0,86
09/07/2021,GSN,MP,AWP,WE,Federal Contract Tower,2,6,0,0,8,0,53,15,0,68,2,59,15,0,76,0,0,0,76
09/08/2021,GSN,MP,AWP,WE,Federal Contract Tower,2,6,0,0,8,0,62,13,0,75,2,68,13,0,83,0,0,0,83
09/09/2021,GSN,MP,AWP,WE,Federal Contract Tower,4,0,6,0,10,0,68,23,0,91,4,68,29,0,101,0,0,0,101
09/10/2021,GSN,MP,AWP,WE,Federal Contract Tower,2,0,6,0,8,0,75,16,0,91,2,75,22,0,99,0,0,0,99
09/11/2021,GSN,MP,AWP,WE,Federal Contract Tower,6,0,2,0,8,0,48,12,0,60,6,48,14,0,68,0,0,0,68
09/12/2021,GSN,MP,AWP,WE,Federal Contract Tower,2,0,0,0,2,0,44,13,0,57,2,44,13,0,59,0,0,0,59
09/13/2021,GSN,MP,AWP,WE,Federal Contract Tower,2,1,10,0,13,0,52,5,0,57,2,53,15,0,70,0,0,0,70
09/14/2021,GSN,MP,AWP,WE,Federal Contract Tower,2,9,0,0,11,0,44,12,0,56,2,53,12,0,67,0,0,0,67
09/15/2021,GSN,MP,AWP,WE,Federal Contract Tower,2,12,0,0,14,0,50,15,0,65,2,62,15,0,79,0,0,0,79
09/16/2021,GSN,MP,AWP,WE,Federal Contract Tower,4,1,2,0,7,0,43,26,0,69,4,44,28,0,76,0,0,0,76
09/17/2021,GSN,MP,AWP,WE,Federal Contract Tower,2,0,3,0,5,0,94,27,0,121,2,94,30,0,126,0,0,0,126
09/18/2021,GSN,MP,AWP,WE,Federal Contract Tower,6,0,2,0,8,0,58,13,0,71,6,58,15,0,79,0,0,0,79
09/19/2021,GSN,MP,AWP,WE,Federal Contract Tower,2,1,0,0,3,0,50,17,0,67,2,51,17,0,70,0,0,0,70
09/20/2021,GSN,MP,AWP,WE,Federal Contract Tower,2,1,8,0,11,0,57,6,0,63,2,58,14,0,74,18,0,18,92
09/21/2021,GSN,MP,AWP,WE,Federal Contract Tower,2,6,0,0,8,0,62,15,0,77,2,68,15,0,85,0,0,0,85
09/22/2021,GSN,MP,AWP,WE,Federal Contract Tower,2,9,0,0,11,0,62,17,0,79,2,71,17,0,90,0,0,0,90
09/23/2021,GSN,MP,AWP,WE,Federal Contract Tower,2,4,8,0,14,0,13,1,0,14,2,17,9,0,28,0,0,0,28
09/24/2021,GSN,MP,AWP,WE,Federal Contract Tower,4,1,5,0,10,0,87,24,0,111,4,88,29,0,121,0,0,0,121
09/25/2021,GSN,MP,AWP,WE,Federal Contract Tower,6,5,6,0,17,0,50,10,0,60,6,55,16,0,77,0,0,0,77
09/26/2021,GSN,MP,AWP,WE,Federal Contract Tower,2,7,0,0,9,0,40,9,0,49,2,47,9,0,58,0,0,0,58
09/27/2021,GSN,MP,AWP,WE,Federal Contract Tower,2,1,12,0,15,0,56,13,0,69,2,57,25,0,84,0,0,0,84
09/28/2021,GSN,MP,AWP,WE,Federal Contract Tower,2,7,0,0,9,0,53,3,0,56,2,60,3,0,65,0,0,0,65
09/29/2021,GSN,MP,AWP,WE,Federal Contract Tower,2,15,0,0,17,0,44,9,0,53,2,59,9,0,70,0,0,0,70
09/30/2021,GSN,MP,AWP,WE,Federal Contract Tower,4,0,4,0,8,0,65,16,0,81,4,65,20,0,89,0,0,0,89
10/02/2021,GSN,MP,AWP,WE,Federal Contract Tower,6,1,0,0,7,0,66,16,3,85,6,67,16,3,92,0,0,0,92
10/03/2021,GSN,MP,AWP,WE,Federal Contract Tower,2,6,0,0,8,0,46,9,0,55,2,52,9,0,63,0,0,0,63
10/04/2021,GSN,MP,AWP,WE,Federal Contract Tower,2,7,10,0,19,0,44,18,0,62,2,51,28,0,81,0,0,0,81
10/05/2021,GSN,MP,AWP,WE,Federal Contract Tower,2,1,7,1,11,0,43,12,0,55,2,44,19,1,66,0,0,0,66
10/06/2021,GSN,MP,AWP,WE,Federal Contract Tower,2,8,0,0,10,0,68,40,0,108,2,76,40,0,118,0,0,0,118
10/07/2021,GSN,MP,AWP,WE,Federal Contract Tower,4,14,0,0,18,0,48,14,0,62,4,62,14,0,80,0,0,0,80
10/08/2021,GSN,MP,AWP,WE,Federal Contract Tower,2,19,0,0,21,0,143,32,0,175,2,162,32,0,196,0,0,0,196
10/09/2021,GSN,MP,AWP,WE,Federal Contract Tower,6,0,6,0,12,0,66,15,0,81,6,66,21,0,93,0,0,0,93
10/10/2021,GSN,MP,AWP,WE,Federal Contract Tower,2,6,0,0,8,0,40,16,0,56,2,46,16,0,64,0,0,0,64
10/11/2021,GSN,MP,AWP,WE,Federal Contract Tower,2,2,9,0,13,0,68,15,0,83,2,70,24,0,96,0,0,0,96
10/12/2021,GSN,MP,AWP,WE,Federal Contract Tower,2,8,11,0,21,0,43,13,0,56,2,51,24,0,77,0,0,0,77
10/13/2021,GSN,MP,AWP,WE,Federal Contract Tower,2,10,0,0,12,0,84,37,0,121,2,94,37,0,133,0,0,0,133
10/14/2021,GSN,MP,AWP,WE,Federal Contract Tower,4,7,0,0,11,0,59,12,0,71,4,66,12,0,82,2,0,2,84
10/15/2021,GSN,MP,AWP,WE,Federal Contract Tower,2,7,0,0,9,0,137,38,0,175,2,144,38,0,184,0,0,0,184
10/16/2021,GSN,MP,AWP,WE,Federal Contract Tower,6,1,4,0,11,0,66,19,0,85,6,67,23,0,96,0,0,0,96
10/17/2021,GSN,MP,AWP,WE,Federal Contract Tower,2,0,0,0,2,0,56,11,0,67,2,56,11,0,69,0,0,0,69
10/18/2021,GSN,MP,AWP,WE,Federal Contract Tower,2,0,5,0,7,0,47,13,0,60,2,47,18,0,67,0,0,0,67
10/19/2021,GSN,MP,AWP,WE,Federal Contract Tower,2,7,9,1,19,0,44,16,1,61,2,51,25,2,80,0,0,0,80
10/20/2021,GSN,MP,AWP,WE,Federal Contract Tower,2,14,0,0,16,0,78,40,0,118,2,92,40,0,134,0,0,0,134
10/21/2021,GSN,MP,AWP,WE,Federal Contract Tower,4,10,0,0,14,0,65,7,0,72,4,75,7,0,86,0,0,0,86
10/22/2021,GSN,MP,AWP,WE,Federal Contract Tower,2,12,0,0,14,0,152,50,0,202,2,164,50,0,216,2,0,2,218
10/23/2021,GSN,MP,AWP,WE,Federal Contract Tower,6,0,6,0,12,0,57,16,0,73,6,57,22,0,85,0,0,0,85
10/24/2021,GSN,MP,AWP,WE,Federal Contract Tower,2,4,0,0,6,0,68,16,0,84,2,72,16,0,90,0,0,0,90
10/25/2021,GSN,MP,AWP,WE,Federal Contract Tower,4,8,0,0,12,0,57,22,0,79,4,65,22,0,91,0,0,0,91
10/26/2021,GSN,MP,AWP,WE,Federal Contract Tower,2,4,10,0,16,0,53,15,0,68,2,57,25,0,84,0,0,0,84
10/27/2021,GSN,MP,AWP,WE,Federal Contract Tower,2,9,0,0,11,0,84,45,0,129,2,93,45,0,140,0,0,0,140
10/28/2021,GSN,MP,AWP,WE,Federal Contract Tower,4,6,0,0,10,0,63,7,2,72,4,69,7,2,82,2,0,2,84
10/29/2021,GSN,MP,AWP,WE,Federal Contract Tower,2,10,0,0,12,0,117,38,4,159,2,127,38,4,171,0,0,0,171
10/30/2021,GSN,MP,AWP,WE,Federal Contract Tower,6,0,2,0,8,0,49,16,0,65,6,49,18,0,73,4,0,4,77
10/31/2021,GSN,MP,AWP,WE,Federal Contract Tower,2,0,0,0,2,0,40,4,0,44,2,40,4,0,46,0,0,0,46
11/01/2021,GSN,MP,AWP,WE,Federal Contract Tower,2,1,10,0,13,0,44,13,0,57,2,45,23,0,70,0,0,0,70
11/02/2021,GSN,MP,AWP,WE,Federal Contract Tower,2,6,7,0,15,0,44,9,0,53,2,50,16,0,68,0,0,0,68
11/03/2021,GSN,MP,AWP,WE,Federal Contract Tower,2,4,12,0,18,0,78,31,0,109,2,82,43,0,127,0,0,0,127
11/04/2021,GSN,MP,AWP,WE,Federal Contract Tower,4,0,4,0,8,0,48,12,0,60,4,48,16,0,68,0,0,0,68
11/05/2021,GSN,MP,AWP,WE,Federal Contract Tower,2,8,0,0,10,0,137,52,0,189,2,145,52,0,199,2,0,2,201
11/06/2021,GSN,MP,AWP,WE,Federal Contract Tower,6,6,2,0,14,0,52,10,0,62,6,58,12,0,76,0,0,0,76
11/07/2021,GSN,MP,AWP,WE,Federal Contract Tower,2,0,0,0,2,0,49,13,0,62,2,49,13,0,64,0,0,0,64
11/08/2021,GSN,MP,AWP,WE,Federal Contract Tower,2,0,9,0,11,0,54,12,0,66,2,54,21,0,77,0,0,0,77
11/09/2021,GSN,MP,AWP,WE,Federal Contract Tower,2,1,9,0,12,0,54,13,6,73,2,55,22,6,85,0,0,0,85
11/10/2021,GSN,MP,AWP,WE,Federal Contract Tower,2,0,8,0,10,0,82,38,0,120,2,82,46,0,130,0,0,0,130
11/11/2021,GSN,MP,AWP,WE,Federal Contract Tower,4,4,0,0,8,0,40,12,0,52,4,44,12,0,60,0,0,0,60
11/12/2021,GSN,MP,AWP,WE,Federal Contract Tower,4,10,0,0,14,0,65,11,0,76,4,75,11,0,90,0,0,0,90
11/14/2021,GSN,MP,AWP,WE,Federal Contract Tower,2,0,0,0,2,0,45,7,0,52,2,45,7,0,54,0,0,0,54
11/15/2021,GSN,MP,AWP,WE,Federal Contract Tower,2,0,8,0,10,0,48,8,0,56,2,48,16,0,66,0,0,0,66
11/16/2021,GSN,MP,AWP,WE,Federal Contract Tower,2,4,10,0,16,0,41,7,0,48,2,45,17,0,64,0,0,0,64
11/17/2021,GSN,MP,AWP,WE,Federal Contract Tower,2,0,6,0,8,0,83,36,0,119,2,83,42,0,127,0,0,0,127
11/18/2021,GSN,MP,AWP,WE,Federal Contract Tower,4,2,2,0,8,0,56,20,0,76,4,58,22,0,84,0,0,0,84
11/19/2021,GSN,MP,AWP,WE,Federal Contract Tower,4,5,0,0,9,0,139,42,0,181,4,144,42,0,190,0,0,0,190
11/20/2021,GSN,MP,AWP,WE,Federal Contract Tower,6,0,2,0,8,0,52,18,0,70,6,52,20,0,78,0,0,0,78
11/21/2021,GSN,MP,AWP,WE,Federal Contract Tower,2,0,0,0,2,0,41,12,0,53,2,41,12,0,55,0,0,0,55
11/22/2021,GSN,MP,AWP,WE,Federal Contract Tower,2,0,9,0,11,0,55,9,0,64,2,55,18,0,75,0,0,0,75
11/23/2021,GSN,MP,AWP,WE,Federal Contract Tower,2,0,3,0,5,0,51,18,0,69,2,51,21,0,74,0,0,0,74
11/24/2021,GSN,MP,AWP,WE,Federal Contract Tower,2,0,9,0,11,0,123,30,0,153,2,123,39,0,164,0,0,0,164
11/25/2021,GSN,MP,AWP,WE,Federal Contract Tower,4,11,0,0,15,0,42,16,0,58,4,53,16,0,73,0,0,0,73
11/26/2021,GSN,MP,AWP,WE,Federal Contract Tower,4,8,0,0,12,0,120,51,0,171,4,128,51,0,183,0,0,0,183
11/27/2021,GSN,MP,AWP,WE,Federal Contract Tower,6,0,6,0,12,0,57,19,0,76,6,57,25,0,88,0,0,0,88
11/28/2021,GSN,MP,AWP,WE,Federal Contract Tower,2,1,2,0,5,0,45,6,0,51,2,46,8,0,56,0,0,0,56
11/29/2021,GSN,MP,AWP,WE,Federal Contract Tower,2,0,15,0,17,0,34,13,0,47,2,34,28,0,64,0,0,0,64
11/30/2021,GSN,MP,AWP,WE,Federal Contract Tower,4,0,7,0,11,0,30,11,0,41,4,30,18,0,52,0,0,0,52
12/01/2021,GSN,MP,AWP,WE,Federal Contract Tower,2,0,7,0,9,0,56,32,0,88,2,56,39,0,97,0,0,0,97
12/02/2021,GSN,MP,AWP,WE,Federal Contract Tower,6,0,5,0,11,0,10,15,0,25,6,10,20,0,36,0,0,0,36
12/03/2021,GSN,MP,AWP,WE,Federal Contract Tower,4,0,4,0,8,0,0,8,0,8,4,0,12,0,16,0,0,0,16
12/04/2021,GSN,MP,AWP,WE,Federal Contract Tower,6,0,8,0,14,0,1,1,0,2,6,1,9,0,16,0,0,0,16
12/05/2021,GSN,MP,AWP,WE,Federal Contract Tower,2,0,2,0,4,0,0,0,0,0,2,0,2,0,4,0,0,0,4
12/06/2021,GSN,MP,AWP,WE,Federal Contract Tower,2,0,10,0,12,0,0,12,0,12,2,0,22,0,24,0,0,0,24
12/07/2021,GSN,MP,AWP,WE,Federal Contract Tower,2,0,11,0,13,0,0,8,0,8,2,0,19,0,21,0,0,0,21
12/08/2021,GSN,MP,AWP,WE,Federal Contract Tower,2,0,7,0,9,0,4,2,0,6,2,4,9,0,15,0,0,0,15
12/09/2021,GSN,MP,AWP,WE,Federal Contract Tower,4,0,9,0,13,0,3,2,0,5,4,3,11,0,18,0,0,0,18
12/10/2021,GSN,MP,AWP,WE,Federal Contract Tower,4,0,8,0,12,0,52,26,0,78,4,52,34,0,90,0,0,0,90
12/11/2021,GSN,MP,AWP,WE,Federal Contract Tower,6,12,0,0,18,0,15,2,0,17,6,27,2,0,35,0,0,0,35
12/12/2021,GSN,MP,AWP,WE,Federal Contract Tower,2,0,0,0,2,0,24,8,0,32,2,24,8,0,34,0,0,0,34
12/13/2021,GSN,MP,AWP,WE,Federal Contract Tower,2,0,10,0,12,0,16,20,0,36,2,16,30,0,48,0,0,0,48
12/14/2021,GSN,MP,AWP,WE,Federal Contract Tower,2,0,10,0,12,0,39,19,0,58,2,39,29,0,70,0,0,0,70
12/15/2021,GSN,MP,AWP,WE,Federal Contract Tower,2,0,11,0,13,0,51,29,0,80,2,51,40,0,93,0,0,0,93
12/16/2021,GSN,MP,AWP,WE,Federal Contract Tower,4,0,9,0,13,0,30,18,0,48,4,30,27,0,61,0,0,0,61
12/17/2021,GSN,MP,AWP,WE,Federal Contract Tower,4,0,7,0,11,0,70,28,0,98,4,70,35,0,109,0,0,0,109
12/18/2021,GSN,MP,AWP,WE,Federal Contract Tower,6,5,0,0,11,0,24,17,0,41,6,29,17,0,52,14,0,14,66
12/19/2021,GSN,MP,AWP,WE,Federal Contract Tower,2,0,0,0,2,0,37,8,0,45,2,37,8,0,47,0,0,0,47
12/20/2021,GSN,MP,AWP,WE,Federal Contract Tower,2,0,12,0,14,0,42,28,0,70,2,42,40,0,84,0,0,0,84
12/21/2021,GSN,MP,AWP,WE,Federal Contract Tower,2,0,13,0,15,0,60,42,0,102,2,60,55,0,117,0,0,0,117
12/22/2021,GSN,MP,AWP,WE,Federal Contract Tower,2,10,0,0,12,0,54,34,0,88,2,64,34,0,100,0,0,0,100
12/23/2021,GSN,MP,AWP,WE,Federal Contract Tower,4,0,13,0,17,0,72,20,0,92,4,72,33,0,109,0,0,0,109
12/24/2021,GSN,MP,AWP,WE,Federal Contract Tower,4,0,11,0,15,0,54,27,0,81,4,54,38,0,96,0,0,0,96
12/25/2021,GSN,MP,AWP,WE,Federal Contract Tower,6,0,0,0,6,0,25,6,0,31,6,25,6,0,37,0,0,0,37
12/26/2021,GSN,MP,AWP,WE,Federal Contract Tower,2,0,0,0,2,0,32,6,0,38,2,32,6,0,40,0,0,0,40
12/27/2021,GSN,MP,AWP,WE,Federal Contract Tower,2,0,10,0,12,0,27,23,0,50,2,27,33,0,62,0,0,0,62
12/28/2021,GSN,MP,AWP,WE,Federal Contract Tower,2,0,9,0,11,0,38,25,0,63,2,38,34,0,74,0,0,0,74
12/29/2021,GSN,MP,AWP,WE,Federal Contract Tower,4,0,7,0,11,0,36,19,0,55,4,36,26,0,66,0,0,0,66
12/30/2021,GSN,MP,AWP,WE,Federal Contract Tower,4,0,9,0,13,0,62,19,0,81,4,62,28,0,94,0,0,0,94
12/31/2021,GSN,MP,AWP,WE,Federal Contract Tower,4,0,7,0,11,0,49,14,0,63,4,49,21,0,74,0,0,0,74
01/01/2022,GSN,MP,AWP,WE,Federal Contract Tower,6,3,0,2,11,0,22,9,0,31,6,25,9,2,42,0,0,0,42
01/02/2022,GSN,MP,AWP,WE,Federal Contract Tower,2,5,0,2,9,0,34,5,0,39,2,39,5,2,48,0,0,0,48
01/03/2022,GSN,MP,AWP,WE,Federal Contract Tower,2,1,16,0,19,0,35,12,0,47,2,36,28,0,66,0,0,0,66
01/04/2022,GSN,MP,AWP,WE,Federal Contract Tower,2,0,8,0,10,0,48,20,0,68,2,48,28,0,78,0,0,0,78
01/05/2022,GSN,MP,AWP,WE,Federal Contract Tower,6,0,11,0,17,0,38,11,0,49,6,38,22,0,66,0,0,0,66
01/06/2022,GSN,MP,AWP,WE,Federal Contract Tower,4,0,7,0,11,0,42,9,0,51,4,42,16,0,62,0,0,0,62
01/07/2022,GSN,MP,AWP,WE,Federal Contract Tower,4,0,9,0,13,0,50,4,0,54,4,50,13,0,67,0,0,0,67
01/08/2022,GSN,MP,AWP,WE,Federal Contract Tower,4,4,0,0,8,0,44,15,0,59,4,48,15,0,67,0,0,0,67
01/09/2022,GSN,MP,AWP,WE,Federal Contract Tower,2,0,0,0,2,0,22,11,0,33,2,22,11,0,35,0,0,0,35
01/10/2022,GSN,MP,AWP,WE,Federal Contract Tower,2,6,9,0,17,0,36,14,0,50,2,42,23,0,67,2,0,2,69
01/11/2022,GSN,MP,AWP,WE,Federal Contract Tower,2,0,8,0,10,0,33,20,0,53,2,33,28,0,63,0,0,0,63
01/12/2022,GSN,MP,AWP,WE,Federal Contract Tower,6,0,6,0,12,0,47,23,0,70,6,47,29,0,82,0,0,0,82
01/13/2022,GSN,MP,AWP,WE,Federal Contract Tower,2,0,10,0,12,0,49,23,4,76,2,49,33,4,88,0,0,0,88
01/14/2022,GSN,MP,AWP,WE,Federal Contract Tower,2,0,7,0,9,0,52,14,0,66,2,52,21,0,75,0,0,0,75
01/15/2022,GSN,MP,AWP,WE,Federal Contract Tower,4,8,0,0,12,0,43,9,0,52,4,51,9,0,64,0,0,0,64
01/16/2022,GSN,MP,AWP,WE,Federal Contract Tower,2,0,0,0,2,0,27,11,0,38,2,27,11,0,40,0,0,0,40
01/17/2022,GSN,MP,AWP,WE,Federal Contract Tower,2,6,12,0,20,0,54,7,0,61,2,60,19,0,81,2,0,2,83
01/18/2022,GSN,MP,AWP,WE,Federal Contract Tower,2,0,12,0,14,0,41,11,0,52,2,41,23,0,66,0,0,0,66
01/19/2022,GSN,MP,AWP,WE,Federal Contract Tower,6,0,7,0,13,0,59,9,0,68,6,59,16,0,81,0,0,0,81
01/20/2022,GSN,MP,AWP,WE,Federal Contract Tower,4,10,0,0,14,0,40,10,0,50,4,50,10,0,64,0,0,0,64
01/21/2022,GSN,MP,AWP,WE,Federal Contract Tower,4,0,11,0,15,0,74,18,0,92,4,74,29,0,107,0,0,0,107
01/22/2022,GSN,MP,AWP,WE,Federal Contract Tower,4,6,0,0,10,0,39,7,0,46,4,45,7,0,56,0,0,0,56
01/23/2022,GSN,MP,AWP,WE,Federal Contract Tower,4,1,0,0,5,0,36,2,0,38,4,37,2,0,43,0,0,0,43
01/24/2022,GSN,MP,AWP,WE,Federal Contract Tower,2,6,9,0,17,0,29,13,0,42,2,35,22,0,59,0,0,0,59
01/25/2022,GSN,MP,AWP,WE,Federal Contract Tower,2,0,9,0,11,0,36,21,0,57,2,36,30,0,68,0,0,0,68
01/26/2022,GSN,MP,AWP,WE,Federal Contract Tower,4,0,7,0,11,0,45,16,0,61,4,45,23,0,72,0,0,0,72
01/27/2022,GSN,MP,AWP,WE,Federal Contract Tower,2,0,7,0,9,0,44,15,0,59,2,44,22,0,68,0,0,0,68
01/28/2022,GSN,MP,AWP,WE,Federal Contract Tower,2,11,0,0,13,0,0,0,0,0,2,11,0,0,13,0,0,0,13
01/29/2022,GSN,MP,AWP,WE,Federal Contract Tower,8,0,4,0,12,0,55,13,0,68,8,55,17,0,80,0,0,0,80
01/30/2022,GSN,MP,AWP,WE,Federal Contract Tower,4,0,0,0,4,0,37,12,0,49,4,37,12,0,53,0,0,0,53
01/31/2022,GSN,MP,AWP,WE,Federal Contract Tower,2,7,0,0,9,0,50,15,2,67,2,57,15,2,76,0,0,0,76
02/01/2022,GSN,MP,AWP,WE,Federal Contract Tower,2,0,4,0,6,0,31,25,6,62,2,31,29,6,68,0,0,0,68
02/02/2022,GSN,MP,AWP,WE,Federal Contract Tower,8,0,11,0,19,0,32,21,0,53,8,32,32,0,72,0,0,0,72
02/03/2022,GSN,MP,AWP,WE,Federal Contract Tower,2,7,0,4,13,0,47,16,12,75,2,54,16,16,88,0,0,0,88
02/04/2022,GSN,MP,AWP,WE,Federal Contract Tower,2,0,5,2,9,0,63,28,1,92,2,63,33,3,101,0,0,0,101
02/05/2022,GSN,MP,AWP,WE,Federal Contract Tower,4,0,1,0,5,0,35,23,6,64,4,35,24,6,69,0,0,0,69
02/06/2022,GSN,MP,AWP,WE,Federal Contract Tower,8,0,0,0,8,0,40,7,6,53,8,40,7,6,61,4,0,4,65
02/07/2022,GSN,MP,AWP,WE,Federal Contract Tower,2,3,0,0,5,0,53,7,5,65,2,56,7,5,70,0,0,0,70
02/08/2022,GSN,MP,AWP,WE,Federal Contract Tower,2,1,5,5,13,0,55,14,8,77,2,56,19,13,90,0,0,0,90
02/09/2022,GSN,MP,AWP,WE,Federal Contract Tower,4,0,2,1,7,0,50,33,16,99,4,50,35,17,106,0,0,0,106
02/10/2022,GSN,MP,AWP,WE,Federal Contract Tower,6,0,4,1,11,0,38,6,13,57,6,38,10,14,68,0,18,18,86
02/11/2022,GSN,MP,AWP,WE,Federal Contract Tower,2,0,4,3,9,0,45,20,5,70,2,45,24,8,79,0,0,0,79
02/12/2022,GSN,MP,AWP,WE,Federal Contract Tower,4,0,1,0,5,0,41,12,0,53,4,41,13,0,58,0,0,0,58
02/13/2022,GSN,MP,AWP,WE,Federal Contract Tower,6,0,0,0,6,0,27,5,0,32,6,27,5,0,38,0,0,0,38
02/14/2022,GSN,MP,AWP,WE,Federal Contract Tower,4,3,0,3,10,0,43,7,3,53,4,46,7,6,63,0,0,0,63
02/15/2022,GSN,MP,AWP,WE,Federal Contract Tower,2,0,4,1,7,0,40,21,4,65,2,40,25,5,72,0,0,0,72
02/16/2022,GSN,MP,AWP,WE,Federal Contract Tower,6,0,4,1,11,0,43,23,1,67,6,43,27,2,78,0,0,0,78
02/17/2022,GSN,MP,AWP,WE,Federal Contract Tower,4,0,5,1,10,0,50,8,1,59,4,50,13,2,69,0,0,0,69
02/18/2022,GSN,MP,AWP,WE,Federal Contract Tower,4,0,4,0,8,0,74,21,2,97,4,74,25,2,105,0,0,0,105
02/19/2022,GSN,MP,AWP,WE,Federal Contract Tower,4,5,0,0,9,0,56,8,0,64,4,61,8,0,73,0,0,0,73
02/20/2022,GSN,MP,AWP,WE,Federal Contract Tower,6,0,0,0,6,0,31,5,0,36,6,31,5,0,42,0,0,0,42
02/21/2022,GSN,MP,AWP,WE,Federal Contract Tower,2,6,0,0,8,0,43,9,0,52,2,49,9,0,60,0,0,0,60
02/22/2022,GSN,MP,AWP,WE,Federal Contract Tower,4,0,6,4,14,0,55,28,2,85,4,55,34,6,99,0,0,0,99
02/23/2022,GSN,MP,AWP,WE,Federal Contract Tower,4,0,8,0,12,0,58,13,0,71,4,58,21,0,83,0,0,0,83
02/24/2022,GSN,MP,AWP,WE,Federal Contract Tower,4,3,6,0,13,0,42,10,0,52,4,45,16,0,65,0,0,0,65
02/25/2022,GSN,MP,AWP,WE,Federal Contract Tower,2,0,3,0,5,0,71,27,0,98,2,71,30,0,103,0,0,0,103
02/26/2022,GSN,MP,AWP,WE,Federal Contract Tower,6,0,4,0,10,0,39,9,0,48,6,39,13,0,58,0,0,0,58
02/27/2022,GSN,MP,AWP,WE,Federal Contract Tower,6,0,0,0,6,0,44,6,0,50,6,44,6,0,56,0,0,0,56
02/28/2022,GSN,MP,AWP,WE,Federal Contract Tower,2,4,0,0,6,0,52,17,0,69,2,56,17,0,75,0,0,0,75
03/01/2022,GSN,MP,AWP,WE,Federal Contract Tower,2,7,0,0,9,0,59,12,0,71,2,66,12,0,80,0,0,0,80
03/02/2022,GSN,MP,AWP,WE,Federal Contract Tower,6,5,1,0,12,0,42,14,0,56,6,47,15,0,68,0,0,0,68
03/03/2022,GSN,MP,AWP,WE,Federal Contract Tower,4,6,2,2,14,0,53,12,0,65,4,59,14,2,79,0,0,0,79
03/04/2022,GSN,MP,AWP,WE,Federal Contract Tower,2,2,10,0,14,0,47,13,0,60,2,49,23,0,74,0,0,0,74
03/05/2022,GSN,MP,AWP,WE,Federal Contract Tower,4,1,4,0,9,0,52,16,2,70,4,53,20,2,79,0,8,8,87
03/06/2022,GSN,MP,AWP,WE,Federal Contract Tower,8,0,0,0,8,0,35,8,0,43,8,35,8,0,51,0,0,0,51
03/07/2022,GSN,MP,AWP,WE,Federal Contract Tower,2,2,0,0,4,0,39,15,0,54,2,41,15,0,58,0,0,0,58
03/08/2022,GSN,MP,AWP,WE,Federal Contract Tower,2,5,0,0,7,0,38,6,0,44,2,43,6,0,51,0,0,0,51
03/09/2022,GSN,MP,AWP,WE,Federal Contract Tower,4,0,4,0,8,0,49,13,0,62,4,49,17,0,70,0,0,0,70
03/10/2022,GSN,MP,AWP,WE,Federal Contract Tower,6,0,1,0,7,0,64,22,0,86,6,64,23,0,93,0,0,0,93
03/11/2022,GSN,MP,AWP,WE,Federal Contract Tower,2,5,7,4,18,0,79,20,4,103,2,84,27,8,121,0,0,0,121
03/12/2022,GSN,MP,AWP,WE,Federal Contract Tower,4,1,6,0,11,0,86,31,0,117,4,87,37,0,128,0,0,0,128
03/13/2022,GSN,MP,AWP,WE,Federal Contract Tower,6,0,0,0,6,0,96,39,0,135,6,96,39,0,141,0,0,0,141
03/14/2022,GSN,MP,AWP,WE,Federal Contract Tower,4,6,0,0,10,0,71,13,0,84,4,77,13,0,94,0,0,0,94
03/15/2022,GSN,MP,AWP,WE,Federal Contract Tower,2,3,0,8,13,0,66,11,0,77,2,69,11,8,90,0,0,0,90
03/16/2022,GSN,MP,AWP,WE,Federal Contract Tower,6,0,4,3,13,0,58,8,1,67,6,58,12,4,80,0,0,0,80
03/17/2022,GSN,MP,AWP,WE,Federal Contract Tower,4,0,3,4,11,0,60,15,2,77,4,60,18,6,88,0,0,0,88
03/18/2022,GSN,MP,AWP,WE,Federal Contract Tower,6,0,4,0,10,0,72,19,0,91,6,72,23,0,101,0,0,0,101
03/19/2022,GSN,MP,AWP,WE,Federal Contract Tower,6,0,1,0,7,0,49,22,0,71,6,49,23,0,78,6,0,6,84
03/20/2022,GSN,MP,AWP,WE,Federal Contract Tower,6,0,1,0,7,0,40,7,0,47,6,40,8,0,54,0,0,0,54
03/21/2022,GSN,MP,AWP,WE,Federal Contract Tower,2,2,0,0,4,0,61,12,0,73,2,63,12,0,77,0,0,0,77
03/22/2022,GSN,MP,AWP,WE,Federal Contract Tower,4,1,0,0,5,0,59,13,0,72,4,60,13,0,77,0,0,0,77
03/23/2022,GSN,MP,AWP,WE,Federal Contract Tower,6,0,4,0,10,0,54,11,4,69,6,54,15,4,79,0,0,0,79
03/24/2022,GSN,MP,AWP,WE,Federal Contract Tower,4,0,0,0,4,0,61,23,5,89,4,61,23,5,93,0,0,0,93
03/25/2022,GSN,MP,AWP,WE,Federal Contract Tower,2,0,4,0,6,0,85,17,0,102,2,85,21,0,108,0,0,0,108
03/26/2022,GSN,MP,AWP,WE,Federal Contract Tower,6,0,3,0,9,0,63,21,0,84,6,63,24,0,93,0,0,0,93
03/27/2022,GSN,MP,AWP,WE,Federal Contract Tower,6,0,0,0,6,0,48,6,0,54,6,48,6,0,60,0,0,0,60
03/28/2022,GSN,MP,AWP,WE,Federal Contract Tower,2,2,0,0,4,0,46,22,0,68,2,48,22,0,72,0,0,0,72
03/29/2022,GSN,MP,AWP,WE,Federal Contract Tower,2,1,0,0,3,0,66,15,0,81,2,67,15,0,84,0,0,0,84
03/30/2022,GSN,MP,AWP,WE,Federal Contract Tower,12,0,4,0,16,0,64,20,0,84,12,64,24,0,100,12,0,12,112
03/31/2022,GSN,MP,AWP,WE,Federal Contract Tower,4,0,2,0,6,0,89,25,0,114,4,89,27,0,120,0,0,0,120
04/01/2022,GSN,MP,AWP,WE,Federal Contract Tower,2,0,4,0,6,0,98,18,0,116,2,98,22,0,122,0,0,0,122
04/02/2022,GSN,MP,AWP,WE,Federal Contract Tower,8,0,4,0,12,0,77,12,0,89,8,77,16,0,101,0,0,0,101
04/03/2022,GSN,MP,AWP,WE,Federal Contract Tower,8,0,0,0,8,0,52,18,0,70,8,52,18,0,78,0,0,0,78
04/04/2022,GSN,MP,AWP,WE,Federal Contract Tower,2,1,3,0,6,0,54,4,0,58,2,55,7,0,64,0,0,0,64
04/05/2022,GSN,MP,AWP,WE,Federal Contract Tower,2,1,0,0,3,0,49,1,0,50,2,50,1,0,53,0,0,0,53
04/06/2022,GSN,MP,AWP,WE,Federal Contract Tower,12,4,0,0,16,0,56,10,0,66,12,60,10,0,82,0,0,0,82
04/07/2022,GSN,MP,AWP,WE,Federal Contract Tower,4,0,3,0,7,0,60,24,0,84,4,60,27,0,91,0,0,0,91
04/08/2022,GSN,MP,AWP,WE,Federal Contract Tower,2,0,5,0,7,0,69,35,0,104,2,69,40,0,111,4,0,4,115
04/09/2022,GSN,MP,AWP,WE,Federal Contract Tower,8,1,7,0,16,0,78,30,0,108,8,79,37,0,124,0,0,0,124
04/10/2022,GSN,MP,AWP,WE,Federal Contract Tower,8,2,0,0,10,0,36,16,0,52,8,38,16,0,62,0,0,0,62
04/11/2022,GSN,MP,AWP,WE,Federal Contract Tower,2,2,14,1,19,0,45,8,0,53,2,47,22,1,72,0,0,0,72
04/12/2022,GSN,MP,AWP,WE,Federal Contract Tower,2,10,0,0,12,0,49,16,0,65,2,59,16,0,77,0,0,0,77
04/13/2022,GSN,MP,AWP,WE,Federal Contract Tower,12,4,0,1,17,0,66,4,0,70,12,70,4,1,87,2,0,2,89
04/14/2022,GSN,MP,AWP,WE,Federal Contract Tower,4,0,1,0,5,0,49,22,0,71,4,49,23,0,76,4,0,4,80
04/15/2022,GSN,MP,AWP,WE,Federal Contract Tower,2,0,4,0,6,0,46,14,0,60,2,46,18,0,66,0,0,0,66
04/16/2022,GSN,MP,AWP,WE,Federal Contract Tower,8,0,4,0,12,0,41,19,0,60,8,41,23,0,72,0,0,0,72
04/17/2022,GSN,MP,AWP,WE,Federal Contract Tower,8,0,0,0,8,0,37,28,0,65,8,37,28,0,73,0,0,0,73
04/18/2022,GSN,MP,AWP,WE,Federal Contract Tower,2,0,4,0,6,0,64,16,0,80,2,64,20,0,86,0,0,0,86
04/19/2022,GSN,MP,AWP,WE,Federal Contract Tower,2,3,0,0,5,0,67,14,0,81,2,70,14,0,86,0,0,0,86
04/20/2022,GSN,MP,AWP,WE,Federal Contract Tower,10,3,0,0,13,0,77,14,0,91,10,80,14,0,104,0,0,0,104
04/21/2022,GSN,MP,AWP,WE,Federal Contract Tower,4,0,2,0,6,0,38,25,0,63,4,38,27,0,69,2,0,2,71
04/22/2022,GSN,MP,AWP,WE,Federal Contract Tower,2,0,5,0,7,0,85,23,0,108,2,85,28,0,115,0,0,0,115
04/23/2022,GSN,MP,AWP,WE,Federal Contract Tower,8,0,0,0,8,0,61,20,0,81,8,61,20,0,89,0,0,0,89
04/24/2022,GSN,MP,AWP,WE,Federal Contract Tower,6,0,0,0,6,0,52,10,0,62,6,52,10,0,68,0,0,0,68
04/25/2022,GSN,MP,AWP,WE,Federal Contract Tower,2,0,7,0,9,0,53,21,0,74,2,53,28,0,83,0,0,0,83
04/26/2022,GSN,MP,AWP,WE,Federal Contract Tower,2,3,0,0,5,0,56,24,0,80,2,59,24,0,85,2,0,2,87
04/27/2022,GSN,MP,AWP,WE,Federal Contract Tower,10,1,6,0,17,0,57,14,0,71,10,58,20,0,88,0,0,0,88
04/28/2022,GSN,MP,AWP,WE,Federal Contract Tower,4,0,6,0,10,0,62,11,0,73,4,62,17,0,83,2,0,2,85
04/29/2022,GSN,MP,AWP,WE,Federal Contract Tower,2,0,11,0,13,0,77,39,0,116,2,77,50,0,129,0,0,0,129
04/30/2022,GSN,MP,AWP,WE,Federal Contract Tower,10,0,0,0,10,0,77,29,0,106,10,77,29,0,116,0,0,0,116
05/01/2022,GSN,MP,AWP,WE,Federal Contract Tower,8,0,6,0,14,0,65,19,0,84,8,65,25,0,98,0,0,0,98
05/02/2022,GSN,MP,AWP,WE,Federal Contract Tower,2,0,0,0,2,0,74,22,0,96,2,74,22,0,98,0,0,0,98
05/03/2022,GSN,MP,AWP,WE,Federal Contract Tower,2,0,0,0,2,0,52,28,0,80,2,52,28,0,82,0,0,0,82
05/04/2022,GSN,MP,AWP,WE,Federal Contract Tower,10,3,0,0,13,0,56,30,0,86,10,59,30,0,99,0,0,0,99
05/05/2022,GSN,MP,AWP,WE,Federal Contract Tower,4,0,0,0,4,0,58,43,0,101,4,58,43,0,105,4,0,4,109
05/06/2022,GSN,MP,AWP,WE,Federal Contract Tower,2,0,4,0,6,0,60,35,0,95,2,60,39,0,101,0,0,0,101
05/07/2022,GSN,MP,AWP,WE,Federal Contract Tower,8,0,4,0,12,0,69,15,0,84,8,69,19,0,96,0,0,0,96
05/08/2022,GSN,MP,AWP,WE,Federal Contract Tower,6,0,0,0,6,0,82,21,0,103,6,82,21,0,109,0,0,0,109
05/09/2022,GSN,MP,AWP,WE,Federal Contract Tower,2,0,5,0,7,0,65,25,0,90,2,65,30,0,97,0,0,0,97
05/10/2022,GSN,MP,AWP,WE,Federal Contract Tower,2,0,2,0,4,0,49,33,0,82,2,49,35,0,86,0,0,0,86
05/11/2022,GSN,MP,AWP,WE,Federal Contract Tower,10,0,0,0,10,0,47,15,0,62,10,47,15,0,72,0,0,0,72
05/12/2022,GSN,MP,AWP,WE,Federal Contract Tower,4,0,2,0,6,0,60,19,0,79,4,60,21,0,85,0,0,0,85
05/13/2022,GSN,MP,AWP,WE,Federal Contract Tower,2,0,2,0,4,0,76,22,0,98,2,76,24,0,102,0,0,0,102
05/14/2022,GSN,MP,AWP,WE,Federal Contract Tower,8,0,0,0,8,0,65,34,0,99,8,65,34,0,107,0,0,0,107
05/15/2022,GSN,MP,AWP,WE,Federal Contract Tower,6,0,0,0,6,0,49,18,0,67,6,49,18,0,73,0,0,0,73
05/16/2022,GSN,MP,AWP,WE,Federal Contract Tower,2,0,6,0,8,0,42,28,0,70,2,42,34,0,78,42,0,42,120
05/17/2022,GSN,MP,AWP,WE,Federal Contract Tower,2,0,0,0,2,0,55,25,0,80,2,55,25,0,82,14,0,14,96
05/18/2022,GSN,MP,AWP,WE,Federal Contract Tower,10,0,0,0,10,0,68,18,0,86,10,68,18,0,96,19,0,19,115
05/19/2022,GSN,MP,AWP,WE,Federal Contract Tower,4,0,5,0,9,0,59,18,0,77,4,59,23,0,86,2,0,2,88
05/20/2022,GSN,MP,AWP,WE,Federal Contract Tower,4,1,0,0,5,0,93,29,0,122,4,94,29,0,127,0,0,0,127
05/21/2022,GSN,MP,AWP,WE,Federal Contract Tower,8,0,1,0,9,0,96,27,0,123,8,96,28,0,132,0,0,0,132
05/22/2022,GSN,MP,AWP,WE,Federal Contract Tower,6,0,0,0,6,0,74,20,0,94,6,74,20,0,100,0,0,0,100
05/23/2022,GSN,MP,AWP,WE,Federal Contract Tower,2,0,0,0,2,0,65,18,0,83,2,65,18,0,85,0,0,0,85
05/24/2022,GSN,MP,AWP,WE,Federal Contract Tower,2,0,0,0,2,0,48,29,0,77,2,48,29,0,79,0,0,0,79
05/25/2022,GSN,MP,AWP,WE,Federal Contract Tower,10,0,0,0,10,0,59,14,0,73,10,59,14,0,83,0,5,5,88
05/26/2022,GSN,MP,AWP,WE,Federal Contract Tower,4,0,0,0,4,0,83,23,0,106,4,83,23,0,110,0,0,0,110
05/27/2022,GSN,MP,AWP,WE,Federal Contract Tower,2,0,0,0,2,0,78,33,0,111,2,78,33,0,113,0,0,0,113
05/28/2022,GSN,MP,AWP,WE,Federal Contract Tower,10,0,0,0,10,0,79,36,0,115,10,79,36,0,125,0,0,0,125
05/29/2022,GSN,MP,AWP,WE,Federal Contract Tower,6,0,0,0,6,0,64,12,0,76,6,64,12,0,82,0,0,0,82
05/30/2022,GSN,MP,AWP,WE,Federal Contract Tower,2,0,0,0,2,0,66,38,2,106,2,66,38,2,108,0,0,0,108
05/31/2022,GSN,MP,AWP,WE,Federal Contract Tower,2,0,0,0,2,0,74,74,0,148,2,74,74,0,150,0,0,0,150
06/01/2022,GSN,MP,AWP,WE,Federal Contract Tower,14,0,0,0,14,0,63,25,1,89,14,63,25,1,103,0,0,0,103
06/02/2022,GSN,MP,AWP,WE,Federal Contract Tower,4,0,0,0,4,0,69,23,0,92,4,69,23,0,96,0,2,2,98
06/03/2022,GSN,MP,AWP,WE,Federal Contract Tower,2,0,0,2,4,0,104,34,0,138,2,104,34,2,142,2,0,2,144
06/04/2022,GSN,MP,AWP,WE,Federal Contract Tower,12,0,0,0,12,0,65,23,0,88,12,65,23,0,100,0,0,0,100
06/05/2022,GSN,MP,AWP,WE,Federal Contract Tower,8,2,0,0,10,0,66,17,0,83,8,68,17,0,93,0,0,0,93
06/06/2022,GSN,MP,AWP,WE,Federal Contract Tower,2,0,0,0,2,0,69,33,0,102,2,69,33,0,104,0,0,0,104
06/07/2022,GSN,MP,AWP,WE,Federal Contract Tower,2,0,0,0,2,0,63,33,6,102,2,63,33,6,104,0,0,0,104
06/08/2022,GSN,MP,AWP,WE,Federal Contract Tower,12,0,0,0,12,0,61,4,0,65,12,61,4,0,77,0,0,0,77
06/09/2022,GSN,MP,AWP,WE,Federal Contract Tower,4,1,0,0,5,0,74,6,0,80,4,75,6,0,85,0,0,0,85
06/10/2022,GSN,MP,AWP,WE,Federal Contract Tower,2,2,0,0,4,0,85,21,0,106,2,87,21,0,110,0,0,0,110
06/11/2022,GSN,MP,AWP,WE,Federal Contract Tower,12,0,1,0,13,0,77,24,0,101,12,77,25,0,114,2,0,2,116
06/12/2022,GSN,MP,AWP,WE,Federal Contract Tower,8,0,0,0,8,0,58,11,0,69,8,58,11,0,77,0,0,0,77
06/13/2022,GSN,MP,AWP,WE,Federal Contract Tower,3,0,0,0,3,0,50,35,0,85,3,50,35,0,88,0,0,0,88
06/14/2022,GSN,MP,AWP,WE,Federal Contract Tower,3,0,4,0,7,0,52,30,0,82,3,52,34,0,89,0,0,0,89
06/15/2022,GSN,MP,AWP,WE,Federal Contract Tower,16,0,1,0,17,0,74,18,0,92,16,74,19,0,109,0,0,0,109
06/16/2022,GSN,MP,AWP,WE,Federal Contract Tower,9,2,0,0,11,0,69,19,0,88,9,71,19,0,99,0,0,0,99
06/17/2022,GSN,MP,AWP,WE,Federal Contract Tower,2,3,0,0,5,0,85,27,0,112,2,88,27,0,117,0,0,0,117
06/18/2022,GSN,MP,AWP,WE,Federal Contract Tower,12,0,5,0,17,0,80,26,0,106,12,80,31,0,123,0,0,0,123
06/19/2022,GSN,MP,AWP,WE,Federal Contract Tower,6,0,0,0,6,0,59,20,0,79,6,59,20,0,85,0,0,0,85
06/20/2022,GSN,MP,AWP,WE,Federal Contract Tower,2,0,2,0,4,0,63,22,0,85,2,63,24,0,89,0,0,0,89
06/21/2022,GSN,MP,AWP,WE,Federal Contract Tower,2,0,3,0,5,0,70,27,0,97,2,70,30,0,102,0,0,0,102
06/22/2022,GSN,MP,AWP,WE,Federal Contract Tower,12,0,4,0,16,0,68,9,2,79,12,68,13,2,95,0,0,0,95
06/23/2022,GSN,MP,AWP,WE,Federal Contract Tower,4,12,0,0,16,0,71,27,0,98,4,83,27,0,114,0,0,0,114
06/24/2022,GSN,MP,AWP,WE,Federal Contract Tower,2,1,0,0,3,0,85,32,0,117,2,86,32,0,120,0,0,0,120
06/25/2022,GSN,MP,AWP,WE,Federal Contract Tower,13,0,1,0,14,0,71,19,0,90,13,71,20,0,104,0,0,0,104
06/26/2022,GSN,MP,AWP,WE,Federal Contract Tower,11,0,0,0,11,0,47,24,0,71,11,47,24,0,82,0,0,0,82
06/27/2022,GSN,MP,AWP,WE,Federal Contract Tower,6,0,7,0,13,0,67,52,0,119,6,67,59,0,132,0,0,0,132
06/28/2022,GSN,MP,AWP,WE,Federal Contract Tower,2,0,2,0,4,0,63,24,0,87,2,63,26,0,91,0,0,0,91
06/29/2022,GSN,MP,AWP,WE,Federal Contract Tower,12,0,4,0,16,0,62,16,2,80,12,62,20,2,96,0,0,0,96
06/30/2022,GSN,MP,AWP,WE,Federal Contract Tower,4,1,0,0,5,0,74,14,0,88,4,75,14,0,93,0,0,0,93
07/01/2022,GSN,MP,AWP,WE,Federal Contract Tower,2,3,0,1,6,0,94,26,7,127,2,97,26,8,133,0,0,0,133
07/02/2022,GSN,MP,AWP,WE,Federal Contract Tower,12,3,0,0,15,0,78,16,0,94,12,81,16,0,109,0,0,0,109
07/03/2022,GSN,MP,AWP,WE,Federal Contract Tower,8,1,1,0,10,0,59,8,0,67,8,60,9,0,77,0,0,0,77
07/04/2022,GSN,MP,AWP,WE,Federal Contract Tower,2,0,4,0,6,0,62,49,0,111,2,62,53,0,117,0,0,0,117
07/05/2022,GSN,MP,AWP,WE,Federal Contract Tower,2,0,0,0,2,0,65,38,0,103,2,65,38,0,105,0,0,0,105
07/06/2022,GSN,MP,AWP,WE,Federal Contract Tower,10,0,0,0,10,0,59,24,0,83,10,59,24,0,93,0,0,0,93
07/07/2022,GSN,MP,AWP,WE,Federal Contract Tower,6,0,4,0,10,0,63,14,0,77,6,63,18,0,87,0,0,0,87
07/08/2022,GSN,MP,AWP,WE,Federal Contract Tower,2,0,0,0,2,0,89,23,0,112,2,89,23,0,114,0,0,0,114
07/09/2022,GSN,MP,AWP,WE,Federal Contract Tower,10,4,0,0,14,0,48,19,0,67,10,52,19,0,81,0,0,0,81
07/10/2022,GSN,MP,AWP,WE,Federal Contract Tower,8,0,0,0,8,0,45,19,0,64,8,45,19,0,72,2,0,2,74
07/11/2022,GSN,MP,AWP,WE,Federal Contract Tower,2,0,2,0,4,0,64,33,0,97,2,64,35,0,101,0,0,0,101
07/12/2022,GSN,MP,AWP,WE,Federal Contract Tower,2,0,0,0,2,0,54,36,0,90,2,54,36,0,92,0,0,0,92
07/13/2022,GSN,MP,AWP,WE,Federal Contract Tower,10,0,4,0,14,0,65,13,0,78,10,65,17,0,92,0,0,0,92
07/14/2022,GSN,MP,AWP,WE,Federal Contract Tower,6,0,0,0,6,0,64,7,0,71,6,64,7,0,77,0,0,0,77
07/15/2022,GSN,MP,AWP,WE,Federal Contract Tower,2,0,2,0,4,0,66,30,0,96,2,66,32,0,100,10,0,10,110
07/16/2022,GSN,MP,AWP,WE,Federal Contract Tower,10,4,0,0,14,0,82,10,0,92,10,86,10,0,106,0,0,0,106
07/17/2022,GSN,MP,AWP,WE,Federal Contract Tower,8,0,0,0,8,0,48,29,0,77,8,48,29,0,85,0,0,0,85
07/18/2022,GSN,MP,AWP,WE,Federal Contract Tower,2,0,5,0,7,0,54,31,0,85,2,54,36,0,92,0,0,0,92
07/19/2022,GSN,MP,AWP,WE,Federal Contract Tower,2,0,2,0,4,0,46,20,0,66,2,46,22,0,70,0,0,0,70
07/20/2022,GSN,MP,AWP,WE,Federal Contract Tower,12,0,3,0,15,0,64,7,0,71,12,64,10,0,86,0,0,0,86
07/21/2022,GSN,MP,AWP,WE,Federal Contract Tower,6,0,1,0,7,0,74,16,0,90,6,74,17,0,97,0,0,0,97
07/22/2022,GSN,MP,AWP,WE,Federal Contract Tower,4,0,2,0,6,0,72,15,0,87,4,72,17,0,93,0,0,0,93
07/23/2022,GSN,MP,AWP,WE,Federal Contract Tower,10,2,0,0,12,0,64,24,0,88,10,66,24,0,100,0,0,0,100
07/24/2022,GSN,MP,AWP,WE,Federal Contract Tower,10,0,1,0,11,0,51,13,0,64,10,51,14,0,75,0,0,0,75
07/25/2022,GSN,MP,AWP,WE,Federal Contract Tower,4,0,7,0,11,0,61,20,0,81,4,61,27,0,92,0,0,0,92
07/26/2022,GSN,MP,AWP,WE,Federal Contract Tower,4,2,7,0,13,0,34,3,0,37,4,36,10,0,50,0,0,0,50
07/27/2022,GSN,MP,AWP,WE,Federal Contract Tower,12,2,7,0,21,0,52,23,0,75,12,54,30,0,96,0,0,0,96
07/28/2022,GSN,MP,AWP,WE,Federal Contract Tower,6,0,0,0,6,0,61,24,0,85,6,61,24,0,91,4,0,4,95
07/29/2022,GSN,MP,AWP,WE,Federal Contract Tower,6,0,3,0,9,0,76,11,0,87,6,76,14,0,96,0,0,0,96
07/30/2022,GSN,MP,AWP,WE,Federal Contract Tower,10,0,0,0,10,0,61,28,0,89,10,61,28,0,99,0,0,0,99
07/31/2022,GSN,MP,AWP,WE,Federal Contract Tower,10,0,0,0,10,0,53,17,0,70,10,53,17,0,80,0,0,0,80
08/01/2022,GSN,MP,AWP,WE,Federal Contract Tower,6,0,1,0,7,0,55,26,0,81,6,55,27,0,88,0,0,0,88
08/02/2022,GSN,MP,AWP,WE,Federal Contract Tower,6,0,0,0,6,0,52,29,6,87,6,52,29,6,93,0,0,0,93
08/03/2022,GSN,MP,AWP,WE,Federal Contract Tower,12,0,0,0,12,0,50,24,0,74,12,50,24,0,86,0,0,0,86
08/04/2022,GSN,MP,AWP,WE,Federal Contract Tower,6,0,0,1,7,0,69,11,0,80,6,69,11,1,87,0,0,0,87
08/05/2022,GSN,MP,AWP,WE,Federal Contract Tower,6,0,4,0,10,0,96,8,0,104,6,96,12,0,114,0,0,0,114
08/06/2022,GSN,MP,AWP,WE,Federal Contract Tower,11,3,0,0,14,0,64,24,0,88,11,67,24,0,102,0,2,2,104
08/07/2022,GSN,MP,AWP,WE,Federal Contract Tower,11,2,0,0,13,0,51,17,0,68,11,53,17,0,81,0,0,0,81
08/08/2022,GSN,MP,AWP,WE,Federal Contract Tower,6,1,0,0,7,0,72,16,0,88,6,73,16,0,95,0,0,0,95
08/09/2022,GSN,MP,AWP,WE,Federal Contract Tower,4,0,2,1,7,0,64,35,2,101,4,64,37,3,108,0,4,4,112
08/10/2022,GSN,MP,AWP,WE,Federal Contract Tower,12,0,3,0,15,0,62,23,0,85,12,62,26,0,100,0,0,0,100
08/11/2022,GSN,MP,AWP,WE,Federal Contract Tower,6,0,2,0,8,0,69,23,0,92,6,69,25,0,100,0,0,0,100
08/12/2022,GSN,MP,AWP,WE,Federal Contract Tower,6,0,0,0,6,0,105,48,0,153,6,105,48,0,159,0,0,0,159
08/13/2022,GSN,MP,AWP,WE,Federal Contract Tower,10,0,3,0,13,0,83,39,0,122,10,83,42,0,135,0,0,0,135
08/14/2022,GSN,MP,AWP,WE,Federal Contract Tower,10,1,0,0,11,0,103,44,0,147,10,104,44,0,158,0,0,0,158
08/15/2022,GSN,MP,AWP,WE,Federal Contract Tower,8,0,0,5,13,0,58,28,0,86,8,58,28,5,99,0,0,0,99
08/16/2022,GSN,MP,AWP,WE,Federal Contract Tower,4,1,9,0,14,0,77,50,4,131,4,78,59,4,145,0,0,0,145
08/17/2022,GSN,MP,AWP,WE,Federal Contract Tower,12,1,4,0,17,0,85,27,0,112,12,86,31,0,129,0,0,0,129
08/18/2022,GSN,MP,AWP,WE,Federal Contract Tower,6,0,1,0,7,0,61,37,1,99,6,61,38,1,106,0,0,0,106
08/19/2022,GSN,MP,AWP,WE,Federal Contract Tower,2,4,0,0,6,0,97,32,0,129,2,101,32,0,135,0,0,0,135
08/20/2022,GSN,MP,AWP,WE,Federal Contract Tower,10,4,4,0,18,0,55,33,0,88,10,59,37,0,106,0,0,0,106
08/21/2022,GSN,MP,AWP,WE,Federal Contract Tower,10,4,0,0,14,0,56,25,0,81,10,60,25,0,95,0,0,0,95
08/22/2022,GSN,MP,AWP,WE,Federal Contract Tower,2,5,3,0,10,0,61,11,0,72,2,66,14,0,82,2,0,2,84
08/23/2022,GSN,MP,AWP,WE,Federal Contract Tower,2,6,5,0,13,0,56,32,2,90,2,62,37,2,103,0,0,0,103
08/24/2022,GSN,MP,AWP,WE,Federal Contract Tower,12,3,0,0,15,0,68,48,2,118,12,71,48,2,133,0,0,0,133
08/25/2022,GSN,MP,AWP,WE,Federal Contract Tower,6,6,0,0,12,0,53,30,0,83,6,59,30,0,95,0,0,0,95
08/26/2022,GSN,MP,AWP,WE,Federal Contract Tower,2,7,0,0,9,0,76,14,0,90,2,83,14,0,99,0,0,0,99
08/27/2022,GSN,MP,AWP,WE,Federal Contract Tower,10,5,0,0,15,0,72,35,0,107,10,77,35,0,122,0,0,0,122
08/28/2022,GSN,MP,AWP,WE,Federal Contract Tower,10,3,0,0,13,0,58,15,0,73,10,61,15,0,86,0,0,0,86
08/29/2022,GSN,MP,AWP,WE,Federal Contract Tower,2,3,0,0,5,0,65,27,0,92,2,68,27,0,97,0,0,0,97
08/30/2022,GSN,MP,AWP,WE,Federal Contract Tower,2,4,1,0,7,0,50,23,0,73,2,54,24,0,80,0,0,0,80
08/31/2022,GSN,MP,AWP,WE,Federal Contract Tower,12,9,5,0,26,0,32,17,0,49,12,41,22,0,75,0,0,0,75
09/01/2022,GSN,MP,AWP,WE,Federal Contract Tower,6,11,0,0,17,0,37,22,0,59,6,48,22,0,76,0,0,0,76
09/02/2022,GSN,MP,AWP,WE,Federal Contract Tower,4,6,0,0,10,0,100,33,0,133,4,106,33,0,143,0,0,0,143
09/03/2022,GSN,MP,AWP,WE,Federal Contract Tower,10,0,0,0,10,0,92,19,0,111,10,92,19,0,121,0,0,0,121
09/04/2022,GSN,MP,AWP,WE,Federal Contract Tower,10,0,1,0,11,0,50,7,0,57,10,50,8,0,68,0,0,0,68
09/05/2022,GSN,MP,AWP,WE,Federal Contract Tower,4,1,0,0,5,0,76,35,0,111,4,77,35,0,116,2,4,6,122
09/06/2022,GSN,MP,AWP,WE,Federal Contract Tower,2,0,0,0,2,0,62,19,0,81,2,62,19,0,83,2,0,2,85
09/07/2022,GSN,MP,AWP,WE,Federal Contract Tower,14,0,0,0,14,0,53,27,0,80,14,53,27,0,94,2,0,2,96
09/08/2022,GSN,MP,AWP,WE,Federal Contract Tower,6,0,0,0,6,0,77,39,0,116,6,77,39,0,122,0,0,0,122
09/09/2022,GSN,MP,AWP,WE,Federal Contract Tower,8,0,0,0,8,0,76,38,0,114,8,76,38,0,122,0,0,0,122
09/10/2022,GSN,MP,AWP,WE,Federal Contract Tower,10,0,2,0,12,0,63,19,0,82,10,63,21,0,94,0,0,0,94
09/11/2022,GSN,MP,AWP,WE,Federal Contract Tower,10,0,0,0,10,0,51,21,0,72,10,51,21,0,82,2,0,2,84
09/12/2022,GSN,MP,AWP,WE,Federal Contract Tower,8,11,0,0,19,0,62,34,0,96,8,73,34,0,115,0,0,0,115
09/13/2022,GSN,MP,AWP,WE,Federal Contract Tower,2,14,0,0,16,0,64,17,0,81,2,78,17,0,97,0,0,0,97
09/14/2022,GSN,MP,AWP,WE,Federal Contract Tower,14,10,6,0,30,0,54,11,0,65,14,64,17,0,95,0,0,0,95
09/15/2022,GSN,MP,AWP,WE,Federal Contract Tower,4,13,4,0,21,0,58,25,0,83,4,71,29,0,104,0,0,0,104
09/16/2022,GSN,MP,AWP,WE,Federal Contract Tower,4,10,1,0,15,0,66,24,0,90,4,76,25,0,105,0,0,0,105
09/17/2022,GSN,MP,AWP,WE,Federal Contract Tower,8,6,6,0,20,0,63,14,0,77,8,69,20,0,97,0,0,0,97
09/18/2022,GSN,MP,AWP,WE,Federal Contract Tower,8,0,0,0,8,0,57,16,0,73,8,57,16,0,81,0,0,0,81
09/19/2022,GSN,MP,AWP,WE,Federal Contract Tower,6,15,0,0,21,0,36,5,0,41,6,51,5,0,62,0,0,0,62
09/20/2022,GSN,MP,AWP,WE,Federal Contract Tower,2,10,0,0,12,0,50,12,0,62,2,60,12,0,74,0,0,0,74
09/21/2022,GSN,MP,AWP,WE,Federal Contract Tower,12,0,0,0,12,0,76,26,0,102,12,76,26,0,114,0,0,0,114
09/22/2022,GSN,MP,AWP,WE,Federal Contract Tower,6,3,5,0,14,0,67,11,0,78,6,70,16,0,92,0,0,0,92
09/23/2022,GSN,MP,AWP,WE,Federal Contract Tower,4,8,3,0,15,0,101,19,0,120,4,109,22,0,135,0,0,0,135
09/24/2022,GSN,MP,AWP,WE,Federal Contract Tower,10,1,4,0,15,0,70,29,0,99,10,71,33,0,114,0,0,0,114
09/25/2022,GSN,MP,AWP,WE,Federal Contract Tower,8,3,1,2,14,0,64,21,0,85,8,67,22,2,99,0,0,0,99
09/26/2022,GSN,MP,AWP,WE,Federal Contract Tower,4,10,0,0,14,0,67,19,0,86,4,77,19,0,100,0,4,4,104
09/27/2022,GSN,MP,AWP,WE,Federal Contract Tower,2,8,0,0,10,0,59,21,0,80,2,67,21,0,90,0,0,0,90
09/28/2022,GSN,MP,AWP,WE,Federal Contract Tower,12,8,0,0,20,0,55,26,0,81,12,63,26,0,101,0,0,0,101
09/29/2022,GSN,MP,AWP,WE,Federal Contract Tower,6,6,0,0,12,0,54,22,0,76,6,60,22,0,88,2,0,2,90
09/30/2022,GSN,MP,AWP,WE,Federal Contract Tower,4,7,0,0,11,0,84,26,0,110,4,91,26,0,121,0,0,0,121
10/01/2022,GSN,MP,AWP,WE,Federal Contract Tower,10,7,0,0,17,0,59,20,0,79,10,66,20,0,96,0,0,0,96
10/02/2022,GSN,MP,AWP,WE,Federal Contract Tower,8,3,0,0,11,0,50,21,0,71,8,53,21,0,82,0,0,0,82
10/03/2022,GSN,MP,AWP,WE,Federal Contract Tower,6,3,2,0,11,0,53,22,0,75,6,56,24,0,86,0,0,0,86
10/04/2022,GSN,MP,AWP,WE,Federal Contract Tower,4,5,0,0,9,0,84,15,0,99,4,89,15,0,108,0,0,0,108
10/05/2022,GSN,MP,AWP,WE,Federal Contract Tower,12,0,0,0,12,0,72,10,0,82,12,72,10,0,94,0,0,0,94
10/06/2022,GSN,MP,AWP,WE,Federal Contract Tower,6,2,0,0,8,0,58,15,0,73,6,60,15,0,81,0,0,0,81
10/07/2022,GSN,MP,AWP,WE,Federal Contract Tower,6,12,0,0,18,0,62,30,0,92,6,74,30,0,110,0,0,0,110
10/08/2022,GSN,MP,AWP,WE,Federal Contract Tower,10,12,0,0,22,0,51,17,0,68,10,63,17,0,90,0,0,0,90
10/09/2022,GSN,MP,AWP,WE,Federal Contract Tower,8,8,0,0,16,0,53,26,0,79,8,61,26,0,95,0,0,0,95
10/10/2022,GSN,MP,AWP,WE,Federal Contract Tower,6,9,2,0,17,0,66,25,0,91,6,75,27,0,108,0,0,0,108
10/11/2022,GSN,MP,AWP,WE,Federal Contract Tower,6,12,0,0,18,0,79,6,0,85,6,91,6,0,103,0,0,0,103
10/12/2022,GSN,MP,AWP,WE,Federal Contract Tower,12,7,0,0,19,0,59,12,0,71,12,66,12,0,90,0,0,0,90
10/13/2022,GSN,MP,AWP,WE,Federal Contract Tower,7,1,5,0,13,0,59,18,0,77,7,60,23,0,90,0,0,0,90
10/14/2022,GSN,MP,AWP,WE,Federal Contract Tower,7,8,6,0,21,0,96,29,0,125,7,104,35,0,146,0,0,0,146
10/15/2022,GSN,MP,AWP,WE,Federal Contract Tower,9,17,0,0,26,0,55,11,0,66,9,72,11,0,92,0,0,0,92
10/16/2022,GSN,MP,AWP,WE,Federal Contract Tower,8,5,0,0,13,0,47,9,0,56,8,52,9,0,69,0,0,0,69
10/17/2022,GSN,MP,AWP,WE,Federal Contract Tower,6,6,0,0,12,0,61,21,0,82,6,67,21,0,94,0,0,0,94
10/18/2022,GSN,MP,AWP,WE,Federal Contract Tower,4,13,0,0,17,0,50,16,0,66,4,63,16,0,83,4,0,4,87
10/19/2022,GSN,MP,AWP,WE,Federal Contract Tower,12,11,0,0,23,0,60,14,0,74,12,71,14,0,97,0,0,0,97
10/20/2022,GSN,MP,AWP,WE,Federal Contract Tower,6,0,7,0,13,0,52,24,0,76,6,52,31,0,89,0,0,0,89
10/21/2022,GSN,MP,AWP,WE,Federal Contract Tower,6,7,3,0,16,0,81,18,0,99,6,88,21,0,115,0,0,0,115
10/22/2022,GSN,MP,AWP,WE,Federal Contract Tower,10,9,0,0,19,0,70,29,0,99,10,79,29,0,118,0,0,0,118
10/23/2022,GSN,MP,AWP,WE,Federal Contract Tower,8,8,0,0,16,0,81,16,0,97,8,89,16,0,113,0,0,0,113
10/24/2022,GSN,MP,AWP,WE,Federal Contract Tower,6,14,0,0,20,0,65,14,0,79,6,79,14,0,99,0,0,0,99
10/25/2022,GSN,MP,AWP,WE,Federal Contract Tower,4,3,0,0,7,0,63,7,0,70,4,66,7,0,77,2,0,2,79
10/26/2022,GSN,MP,AWP,WE,Federal Contract Tower,12,6,0,0,18,0,77,12,0,89,12,83,12,0,107,0,0,0,107
10/27/2022,GSN,MP,AWP,WE,Federal Contract Tower,6,0,0,0,6,0,59,23,2,84,6,59,23,2,90,20,0,20,110
10/28/2022,GSN,MP,AWP,WE,Federal Contract Tower,8,3,2,0,13,0,98,32,0,130,8,101,34,0,143,10,0,10,153
10/29/2022,GSN,MP,AWP,WE,Federal Contract Tower,10,4,4,0,18,0,74,37,0,111,10,78,41,0,129,0,0,0,129
10/30/2022,GSN,MP,AWP,WE,Federal Contract Tower,6,2,0,0,8,0,54,11,0,65,6,56,11,0,73,0,0,0,73
10/31/2022,GSN,MP,AWP,WE,Federal Contract Tower,6,4,5,2,17,0,53,17,0,70,6,57,22,2,87,0,0,0,87
11/01/2022,GSN,MP,AWP,WE,Federal Contract Tower,4,8,1,0,13,0,56,16,2,74,4,64,17,2,87,0,0,0,87
11/02/2022,GSN,MP,AWP,WE,Federal Contract Tower,10,11,0,0,21,0,56,19,0,75,10,67,19,0,96,13,0,13,109
11/03/2022,GSN,MP,AWP,WE,Federal Contract Tower,6,8,1,0,15,0,80,9,0,89,6,88,10,0,104,0,0,0,104
11/04/2022,GSN,MP,AWP,WE,Federal Contract Tower,6,3,0,0,9,0,77,33,0,110,6,80,33,0,119,0,0,0,119
11/05/2022,GSN,MP,AWP,WE,Federal Contract Tower,8,8,2,2,20,0,63,43,4,110,8,71,45,6,130,0,0,0,130
11/06/2022,GSN,MP,AWP,WE,Federal Contract Tower,5,9,0,0,14,0,44,8,0,52,5,53,8,0,66,4,0,4,70
11/07/2022,GSN,MP,AWP,WE,Federal Contract Tower,9,6,0,3,18,0,62,6,3,71,9,68,6,6,89,0,0,0,89
11/08/2022,GSN,MP,AWP,WE,Federal Contract Tower,4,10,0,3,17,0,62,16,1,79,4,72,16,4,96,0,0,0,96
11/09/2022,GSN,MP,AWP,WE,Federal Contract Tower,10,12,0,0,22,0,64,12,0,76,10,76,12,0,98,0,0,0,98
11/10/2022,GSN,MP,AWP,WE,Federal Contract Tower,6,8,2,0,16,0,62,21,0,83,6,70,23,0,99,10,0,10,109
11/11/2022,GSN,MP,AWP,WE,Federal Contract Tower,6,4,8,0,18,0,55,33,0,88,6,59,41,0,106,24,0,24,130
11/12/2022,GSN,MP,AWP,WE,Federal Contract Tower,8,2,1,4,15,0,50,41,0,91,8,52,42,4,106,0,0,0,106
11/13/2022,GSN,MP,AWP,WE,Federal Contract Tower,6,4,0,0,10,0,43,11,0,54,6,47,11,0,64,0,0,0,64
11/14/2022,GSN,MP,AWP,WE,Federal Contract Tower,6,0,0,0,6,0,87,17,0,104,6,87,17,0,110,0,0,0,110
11/15/2022,GSN,MP,AWP,WE,Federal Contract Tower,4,1,0,0,5,0,69,16,0,85,4,70,16,0,90,6,0,6,96
11/16/2022,GSN,MP,AWP,WE,Federal Contract Tower,10,8,0,0,18,0,62,7,0,69,10,70,7,0,87,2,0,2,89
11/17/2022,GSN,MP,AWP,WE,Federal Contract Tower,6,7,4,2,19,0,71,17,0,88,6,78,21,2,107,0,0,0,107
11/18/2022,GSN,MP,AWP,WE,Federal Contract Tower,6,8,0,0,14,0,72,28,0,100,6,80,28,0,114,0,0,0,114
11/19/2022,GSN,MP,AWP,WE,Federal Contract Tower,8,6,0,0,14,0,51,22,0,73,8,57,22,0,87,0,0,0,87
11/20/2022,GSN,MP,AWP,WE,Federal Contract Tower,6,7,0,0,13,0,52,12,0,64,6,59,12,0,77,2,0,2,79
11/21/2022,GSN,MP,AWP,WE,Federal Contract Tower,6,8,4,0,18,0,85,15,0,100,6,93,19,0,118,0,0,0,118
11/22/2022,GSN,MP,AWP,WE,Federal Contract Tower,4,9,0,0,13,0,94,17,0,111,4,103,17,0,124,0,0,0,124
11/23/2022,GSN,MP,AWP,WE,Federal Contract Tower,10,8,0,0,18,0,75,36,0,111,10,83,36,0,129,0,0,0,129
11/24/2022,GSN,MP,AWP,WE,Federal Contract Tower,6,8,0,0,14,0,58,25,0,83,6,66,25,0,97,0,0,0,97
11/25/2022,GSN,MP,AWP,WE,Federal Contract Tower,6,1,0,0,7,0,66,22,0,88,6,67,22,0,95,0,0,0,95
11/26/2022,GSN,MP,AWP,WE,Federal Contract Tower,8,11,2,0,21,0,42,47,0,89,8,53,49,0,110,0,0,0,110
11/27/2022,GSN,MP,AWP,WE,Federal Contract Tower,6,9,0,0,15,0,52,9,0,61,6,61,9,0,76,0,0,0,76
11/28/2022,GSN,MP,AWP,WE,Federal Contract Tower,6,10,0,0,16,0,72,14,0,86,6,82,14,0,102,0,0,0,102
11/29/2022,GSN,MP,AWP,WE,Federal Contract Tower,5,10,4,0,19,0,61,16,2,79,5,71,20,2,98,0,0,0,98
11/30/2022,GSN,MP,AWP,WE,Federal Contract Tower,10,6,0,0,16,0,65,15,0,80,10,71,15,0,96,4,0,4,100
12/01/2022,GSN,MP,AWP,WE,Federal Contract Tower,6,0,6,0,12,0,71,19,0,90,6,71,25,0,102,0,0,0,102
12/02/2022,GSN,MP,AWP,WE,Federal Contract Tower,6,2,6,0,14,0,75,22,0,97,6,77,28,0,111,0,0,0,111
12/03/2022,GSN,MP,AWP,WE,Federal Contract Tower,8,8,1,0,17,0,62,29,0,91,8,70,30,0,108,0,0,0,108
12/04/2022,GSN,MP,AWP,WE,Federal Contract Tower,6,8,0,0,14,0,46,21,0,67,6,54,21,0,81,0,0,0,81
12/05/2022,GSN,MP,AWP,WE,Federal Contract Tower,6,13,0,0,19,0,51,26,0,77,6,64,26,0,96,0,0,0,96
12/06/2022,GSN,MP,AWP,WE,Federal Contract Tower,4,8,3,0,15,0,53,28,0,81,4,61,31,0,96,0,0,0,96
12/07/2022,GSN,MP,AWP,WE,Federal Contract Tower,10,7,4,0,21,0,56,18,0,74,10,63,22,0,95,0,0,0,95
12/08/2022,GSN,MP,AWP,WE,Federal Contract Tower,9,8,5,0,22,0,46,28,0,74,9,54,33,0,96,2,0,2,98
12/09/2022,GSN,MP,AWP,WE,Federal Contract Tower,6,9,3,0,18,0,61,21,0,82,6,70,24,0,100,0,0,0,100
12/10/2022,GSN,MP,AWP,WE,Federal Contract Tower,8,0,4,0,12,0,78,38,0,116,8,78,42,0,128,0,0,0,128
12/11/2022,GSN,MP,AWP,WE,Federal Contract Tower,6,5,2,0,13,0,52,8,0,60,6,57,10,0,73,6,0,6,79
12/12/2022,GSN,MP,AWP,WE,Federal Contract Tower,6,4,0,0,10,0,58,20,0,78,6,62,20,0,88,6,0,6,94
12/13/2022,GSN,MP,AWP,WE,Federal Contract Tower,4,4,1,0,9,0,58,22,0,80,4,62,23,0,89,0,0,0,89
12/14/2022,GSN,MP,AWP,WE,Federal Contract Tower,11,9,5,1,26,0,72,16,0,88,11,81,21,1,114,0,0,0,114
12/15/2022,GSN,MP,AWP,WE,Federal Contract Tower,6,8,0,1,15,0,60,23,0,83,6,68,23,1,98,4,0,4,102
12/16/2022,GSN,MP,AWP,WE,Federal Contract Tower,6,10,6,0,22,0,70,18,0,88,6,80,24,0,110,0,0,0,110
12/17/2022,GSN,MP,AWP,WE,Federal Contract Tower,10,8,4,0,22,0,76,15,0,91,10,84,19,0,113,0,0,0,113
12/18/2022,GSN,MP,AWP,WE,Federal Contract Tower,6,2,0,0,8,0,73,10,0,83,6,75,10,0,91,0,0,0,91
12/19/2022,GSN,MP,AWP,WE,Federal Contract Tower,6,8,0,0,14,0,59,24,0,83,6,67,24,0,97,2,0,2,99
12/20/2022,GSN,MP,AWP,WE,Federal Contract Tower,4,3,2,0,9,0,70,14,0,84,4,73,16,0,93,0,0,0,93
12/21/2022,GSN,MP,AWP,WE,Federal Contract Tower,10,12,4,0,26,0,59,22,0,81,10,71,26,0,107,0,0,0,107
12/22/2022,GSN,MP,AWP,WE,Federal Contract Tower,6,13,0,0,19,0,67,15,0,82,6,80,15,0,101,0,0,0,101
12/23/2022,GSN,MP,AWP,WE,Federal Contract Tower,6,9,0,0,15,0,83,26,0,109,6,92,26,0,124,0,0,0,124
12/24/2022,GSN,MP,AWP,WE,Federal Contract Tower,8,7,1,0,16,0,49,26,0,75,8,56,27,0,91,0,0,0,91
12/25/2022,GSN,MP,AWP,WE,Federal Contract Tower,6,6,0,0,12,0,41,14,0,55,6,47,14,0,67,0,0,0,67
12/26/2022,GSN,MP,AWP,WE,Federal Contract Tower,6,22,0,0,28,0,50,8,0,58,6,72,8,0,86,0,0,0,86
12/27/2022,GSN,MP,AWP,WE,Federal Contract Tower,4,10,5,0,19,0,59,8,0,67,4,69,13,0,86,0,0,0,86
12/28/2022,GSN,MP,AWP,WE,Federal Contract Tower,10,5,5,0,20,0,62,5,0,67,10,67,10,0,87,0,0,0,87
12/29/2022,GSN,MP,AWP,WE,Federal Contract Tower,6,4,0,0,10,0,69,14,0,83,6,73,14,0,93,0,0,0,93
12/30/2022,GSN,MP,AWP,WE,Federal Contract Tower,6,5,0,0,11,0,87,24,0,111,6,92,24,0,122,4,0,4,126
12/31/2022,GSN,MP,AWP,WE,Federal Contract Tower,8,3,5,0,16,0,56,8,0,64,8,59,13,0,80,0,0,0,80
01/01/2023,GSN,MP,AWP,WE,Federal Contract Tower,6,4,0,0,10,0,43,19,0,62,6,47,19,0,72,0,0,0,72
01/02/2023,GSN,MP,AWP,WE,Federal Contract Tower,6,12,0,0,18,0,55,19,0,74,6,67,19,0,92,0,0,0,92
01/03/2023,GSN,MP,AWP,WE,Federal Contract Tower,4,3,1,0,8,0,64,30,0,94,4,67,31,0,102,0,0,0,102
01/04/2023,GSN,MP,AWP,WE,Federal Contract Tower,8,8,6,0,22,0,59,8,0,67,8,67,14,0,89,0,0,0,89
01/05/2023,GSN,MP,AWP,WE,Federal Contract Tower,6,10,1,0,17,0,61,11,0,72,6,71,12,0,89,0,0,0,89
01/06/2023,GSN,MP,AWP,WE,Federal Contract Tower,8,6,0,0,14,0,83,6,0,89,8,89,6,0,103,0,0,0,103
01/07/2023,GSN,MP,AWP,WE,Federal Contract Tower,6,4,0,0,10,0,51,21,0,72,6,55,21,0,82,0,0,0,82
01/08/2023,GSN,MP,AWP,WE,Federal Contract Tower,6,10,0,0,16,0,46,8,0,54,6,56,8,0,70,0,0,0,70
01/09/2023,GSN,MP,AWP,WE,Federal Contract Tower,0,8,19,0,27,0,36,20,0,56,0,44,39,0,83,0,0,0,83
01/10/2023,GSN,MP,AWP,WE,Federal Contract Tower,4,9,6,0,19,0,54,26,0,80,4,63,32,0,99,0,0,0,99
01/11/2023,GSN,MP,AWP,WE,Federal Contract Tower,8,12,3,0,23,0,51,7,0,58,8,63,10,0,81,0,0,0,81
01/12/2023,GSN,MP,AWP,WE,Federal Contract Tower,6,22,0,0,28,0,17,0,0,17,6,39,0,0,45,0,0,0,45
01/13/2023,GSN,MP,AWP,WE,Federal Contract Tower,8,27,0,0,35,0,35,3,0,38,8,62,3,0,73,0,0,0,73
01/14/2023,GSN,MP,AWP,WE,Federal Contract Tower,6,11,6,0,23,0,53,16,0,69,6,64,22,0,92,0,0,0,92
01/15/2023,GSN,MP,AWP,WE,Federal Contract Tower,6,12,0,0,18,0,40,12,0,52,6,52,12,0,70,12,0,12,82
01/16/2023,GSN,MP,AWP,WE,Federal Contract Tower,8,10,0,0,18,0,0,0,0,0,8,10,0,0,18,0,0,0,18
01/17/2023,GSN,MP,AWP,WE,Federal Contract Tower,4,8,3,0,15,0,60,34,2,96,4,68,37,2,111,0,0,0,111
01/18/2023,GSN,MP,AWP,WE,Federal Contract Tower,8,13,0,0,21,0,66,18,2,86,8,79,18,2,107,2,0,2,109
01/19/2023,GSN,MP,AWP,WE,Federal Contract Tower,6,11,6,0,23,0,56,23,0,79,6,67,29,0,102,4,0,4,106
01/20/2023,GSN,MP,AWP,WE,Federal Contract Tower,8,9,4,0,21,0,54,34,0,88,8,63,38,0,109,16,0,16,125
01/21/2023,GSN,MP,AWP,WE,Federal Contract Tower,10,14,4,0,28,0,52,39,0,91,10,66,43,0,119,0,0,0,119
01/22/2023,GSN,MP,AWP,WE,Federal Contract Tower,6,18,0,0,24,0,37,25,0,62,6,55,25,0,86,0,0,0,86
01/23/2023,GSN,MP,AWP,WE,Federal Contract Tower,8,10,0,0,18,0,54,28,0,82,8,64,28,0,100,0,0,0,100
01/24/2023,GSN,MP,AWP,WE,Federal Contract Tower,8,8,1,0,17,0,53,21,0,74,8,61,22,0,91,0,0,0,91
01/25/2023,GSN,MP,AWP,WE,Federal Contract Tower,8,12,0,0,20,0,50,20,0,70,8,62,20,0,90,0,0,0,90
01/26/2023,GSN,MP,AWP,WE,Federal Contract Tower,6,7,7,0,20,0,68,15,0,83,6,75,22,0,103,0,0,0,103
01/27/2023,GSN,MP,AWP,WE,Federal Contract Tower,8,11,0,0,19,0,99,9,0,108,8,110,9,0,127,0,0,0,127
01/28/2023,GSN,MP,AWP,WE,Federal Contract Tower,6,10,0,0,16,0,71,30,0,101,6,81,30,0,117,8,0,8,125
01/29/2023,GSN,MP,AWP,WE,Federal Contract Tower,6,8,1,0,15,0,49,23,0,72,6,57,24,0,87,0,0,0,87
01/30/2023,GSN,MP,AWP,WE,Federal Contract Tower,8,8,3,0,19,0,47,32,0,79,8,55,35,0,98,0,0,0,98
01/31/2023,GSN,MP,AWP,WE,Federal Contract Tower,4,9,0,0,13,0,42,23,0,65,4,51,23,0,78,2,0,2,80
02/01/2023,GSN,MP,AWP,WE,Federal Contract Tower,8,12,4,0,24,0,61,9,0,70,8,73,13,0,94,0,0,0,94
02/02/2023,GSN,MP,AWP,WE,Federal Contract Tower,8,10,4,0,22,0,50,7,0,57,8,60,11,0,79,0,0,0,79
02/03/2023,GSN,MP,AWP,WE,Federal Contract Tower,10,12,0,0,22,0,56,18,0,74,10,68,18,0,96,0,0,0,96
02/04/2023,GSN,MP,AWP,WE,Federal Contract Tower,6,13,0,1,20,0,52,19,1,72,6,65,19,2,92,0,14,14,106
02/05/2023,GSN,MP,AWP,WE,Federal Contract Tower,8,8,0,0,16,23,19,0,0,42,31,27,0,0,58,0,0,0,58
02/06/2023,GSN,MP,AWP,WE,Federal Contract Tower,10,10,5,0,25,0,51,36,0,87,10,61,41,0,112,0,0,0,112
02/07/2023,GSN,MP,AWP,WE,Federal Contract Tower,4,14,0,0,18,0,41,16,3,60,4,55,16,3,78,14,0,14,92
02/08/2023,GSN,MP,AWP,WE,Federal Contract Tower,8,9,4,1,22,0,61,39,2,102,8,70,43,3,124,0,0,0,124
02/09/2023,GSN,MP,AWP,WE,Federal Contract Tower,8,9,3,0,20,0,60,17,5,82,8,69,20,5,102,18,0,18,120
02/10/2023,GSN,MP,AWP,WE,Federal Contract Tower,10,15,0,3,28,0,77,17,0,94,10,92,17,3,122,10,12,22,144
02/11/2023,GSN,MP,AWP,WE,Federal Contract Tower,6,14,1,2,23,0,64,19,0,83,6,78,20,2,106,0,0,0,106
02/12/2023,GSN,MP,AWP,WE,Federal Contract Tower,8,8,1,5,22,0,47,31,1,79,8,55,32,6,101,0,0,0,101
02/13/2023,GSN,MP,AWP,WE,Federal Contract Tower,10,11,3,2,26,0,46,34,4,84,10,57,37,6,110,0,0,0,110
02/14/2023,GSN,MP,AWP,WE,Federal Contract Tower,4,7,0,4,15,0,54,28,6,88,4,61,28,10,103,2,8,10,113
02/15/2023,GSN,MP,AWP,WE,Federal Contract Tower,8,23,4,4,39,0,38,6,0,44,8,61,10,4,83,0,0,0,83
02/16/2023,GSN,MP,AWP,WE,Federal Contract Tower,8,12,10,2,32,0,62,22,2,86,8,74,32,4,118,12,0,12,130
02/17/2023,GSN,MP,AWP,WE,Federal Contract Tower,10,15,0,1,26,0,107,31,0,138,10,122,31,1,164,0,3,3,167
02/18/2023,GSN,MP,AWP,WE,Federal Contract Tower,6,14,0,2,22,0,93,36,8,137,6,107,36,10,159,0,0,0,159
02/19/2023,GSN,MP,AWP,WE,Federal Contract Tower,0,8,7,0,15,0,72,38,1,111,0,80,45,1,126,0,0,0,126
02/20/2023,GSN,MP,AWP,WE,Federal Contract Tower,10,12,9,0,31,0,62,44,0,106,10,74,53,0,137,20,0,20,157
02/21/2023,GSN,MP,AWP,WE,Federal Contract Tower,4,21,0,0,25,0,57,24,0,81,4,78,24,0,106,20,0,20,126
02/22/2023,GSN,MP,AWP,WE,Federal Contract Tower,10,12,4,0,26,0,53,14,0,67,10,65,18,0,93,28,0,28,121
02/23/2023,GSN,MP,AWP,WE,Federal Contract Tower,8,11,2,2,23,0,65,16,3,84,8,76,18,5,107,0,0,0,107
02/24/2023,GSN,MP,AWP,WE,Federal Contract Tower,10,10,0,0,20,0,82,21,0,103,10,92,21,0,123,0,4,4,127
02/25/2023,GSN,MP,AWP,WE,Federal Contract Tower,8,14,0,0,22,0,59,21,0,80,8,73,21,0,102,2,0,2,104
02/26/2023,GSN,MP,AWP,WE,Federal Contract Tower,8,8,0,4,20,0,69,9,0,78,8,77,9,4,98,0,0,0,98
02/27/2023,GSN,MP,AWP,WE,Federal Contract Tower,10,12,2,0,24,0,47,40,0,87,10,59,42,0,111,0,0,0,111
02/28/2023,GSN,MP,AWP,WE,Federal Contract Tower,6,13,5,0,24,0,37,14,0,51,6,50,19,0,75,0,0,0,75
03/01/2023,GSN,MP,AWP,WE,Federal Contract Tower,10,16,0,0,26,0,59,20,0,79,10,75,20,0,105,4,0,4,109
03/02/2023,GSN,MP,AWP,WE,Federal Contract Tower,8,15,0,0,23,0,62,37,0,99,8,77,37,0,122,20,0,20,142
03/03/2023,GSN,MP,AWP,WE,Federal Contract Tower,8,14,0,0,22,0,66,14,2,82,8,80,14,2,104,0,0,0,104
03/04/2023,GSN,MP,AWP,WE,Federal Contract Tower,4,10,0,0,14,0,56,27,0,83,4,66,27,0,97,0,0,0,97
03/05/2023,GSN,MP,AWP,WE,Federal Contract Tower,8,9,3,0,20,0,32,15,0,47,8,41,18,0,67,0,0,0,67
03/06/2023,GSN,MP,AWP,WE,Federal Contract Tower,8,11,8,0,27,0,47,12,2,61,8,58,20,2,88,0,0,0,88
03/07/2023,GSN,MP,AWP,WE,Federal Contract Tower,4,9,3,0,16,0,75,21,2,98,4,84,24,2,114,0,0,0,114
03/08/2023,GSN,MP,AWP,WE,Federal Contract Tower,6,7,6,0,19,0,60,11,0,71,6,67,17,0,90,0,0,0,90
03/09/2023,GSN,MP,AWP,WE,Federal Contract Tower,8,9,6,0,23,0,80,22,1,103,8,89,28,1,126,0,0,0,126
03/10/2023,GSN,MP,AWP,WE,Federal Contract Tower,8,10,1,0,19,0,75,17,0,92,8,85,18,0,111,0,0,0,111
03/11/2023,GSN,MP,AWP,WE,Federal Contract Tower,4,8,0,0,12,0,62,25,0,87,4,70,25,0,99,0,0,0,99
03/12/2023,GSN,MP,AWP,WE,Federal Contract Tower,8,7,0,0,15,0,50,4,0,54,8,57,4,0,69,0,0,0,69
03/13/2023,GSN,MP,AWP,WE,Federal Contract Tower,8,10,4,0,22,0,59,13,0,72,8,69,17,0,94,0,0,0,94
03/14/2023,GSN,MP,AWP,WE,Federal Contract Tower,4,7,7,2,20,0,57,22,0,79,4,64,29,2,99,0,0,0,99
03/15/2023,GSN,MP,AWP,WE,Federal Contract Tower,6,17,0,0,23,0,48,12,0,60,6,65,12,0,83,0,0,0,83
03/16/2023,GSN,MP,AWP,WE,Federal Contract Tower,8,8,0,0,16,0,73,17,2,92,8,81,17,2,108,0,0,0,108
03/17/2023,GSN,MP,AWP,WE,Federal Contract Tower,8,16,0,0,24,0,68,23,2,93,8,84,23,2,117,0,0,0,117
03/18/2023,GSN,MP,AWP,WE,Federal Contract Tower,4,10,0,0,14,0,87,18,0,105,4,97,18,0,119,0,0,0,119
03/19/2023,GSN,MP,AWP,WE,Federal Contract Tower,8,4,0,0,12,0,71,5,0,76,8,75,5,0,88,0,0,0,88
03/20/2023,GSN,MP,AWP,WE,Federal Contract Tower,10,9,7,0,26,0,49,15,0,64,10,58,22,0,90,0,0,0,90
03/21/2023,GSN,MP,AWP,WE,Federal Contract Tower,4,4,3,0,11,0,111,26,0,137,4,115,29,0,148,0,0,0,148
03/22/2023,GSN,MP,AWP,WE,Federal Contract Tower,6,9,0,0,15,0,89,45,0,134,6,98,45,0,149,0,0,0,149
03/23/2023,GSN,MP,AWP,WE,Federal Contract Tower,10,0,0,0,10,0,79,42,2,123,10,79,42,2,133,2,0,2,135
03/24/2023,GSN,MP,AWP,WE,Federal Contract Tower,7,11,1,0,19,0,76,4,0,80,7,87,5,0,99,0,0,0,99
03/25/2023,GSN,MP,AWP,WE,Federal Contract Tower,4,6,0,0,10,0,42,11,0,53,4,48,11,0,63,2,0,2,65
03/26/2023,GSN,MP,AWP,WE,Federal Contract Tower,8,3,0,0,11,0,68,13,0,81,8,71,13,0,92,0,0,0,92
03/27/2023,GSN,MP,AWP,WE,Federal Contract Tower,8,5,1,0,14,0,59,12,0,71,8,64,13,0,85,0,0,0,85
03/28/2023,GSN,MP,AWP,WE,Federal Contract Tower,4,4,2,0,10,0,59,38,0,97,4,63,40,0,107,0,0,0,107
03/29/2023,GSN,MP,AWP,WE,Federal Contract Tower,5,12,0,0,17,0,42,18,0,60,5,54,18,0,77,10,0,10,87
03/30/2023,GSN,MP,AWP,WE,Federal Contract Tower,8,1,6,0,15,0,58,26,0,84,8,59,32,0,99,0,0,0,99
03/31/2023,GSN,MP,AWP,WE,Federal Contract Tower,8,1,5,0,14,0,80,10,0,90,8,81,15,0,104,14,0,14,118
04/01/2023,GSN,MP,AWP,WE,Federal Contract Tower,4,3,0,0,7,0,72,25,0,97,4,75,25,0,104,0,0,0,104
04/02/2023,GSN,MP,AWP,WE,Federal Contract Tower,8,0,0,0,8,0,49,10,0,59,8,49,10,0,67,2,0,2,69
04/03/2023,GSN,MP,AWP,WE,Federal Contract Tower,8,12,0,0,20,0,46,8,0,54,8,58,8,0,74,0,0,0,74
04/04/2023,GSN,MP,AWP,WE,Federal Contract Tower,4,0,7,0,11,0,58,17,0,75,4,58,24,0,86,0,0,0,86
04/05/2023,GSN,MP,AWP,WE,Federal Contract Tower,6,0,6,0,12,0,64,18,0,82,6,64,24,0,94,0,0,0,94
04/06/2023,GSN,MP,AWP,WE,Federal Contract Tower,8,2,6,0,16,0,67,3,0,70,8,69,9,0,86,0,0,0,86
04/07/2023,GSN,MP,AWP,WE,Federal Contract Tower,8,1,4,0,13,0,62,8,0,70,8,63,12,0,83,0,0,0,83
04/08/2023,GSN,MP,AWP,WE,Federal Contract Tower,4,2,0,0,6,0,37,12,0,49,4,39,12,0,55,0,0,0,55
04/09/2023,GSN,MP,AWP,WE,Federal Contract Tower,8,0,0,0,8,0,33,14,0,47,8,33,14,0,55,2,0,2,57
04/10/2023,GSN,MP,AWP,WE,Federal Contract Tower,8,0,0,0,8,0,67,20,0,87,8,67,20,0,95,0,0,0,95
04/11/2023,GSN,MP,AWP,WE,Federal Contract Tower,4,0,6,0,10,0,60,21,0,81,4,60,27,0,91,0,0,0,91
04/12/2023,GSN,MP,AWP,WE,Federal Contract Tower,6,0,4,0,10,0,66,20,0,86,6,66,24,0,96,0,0,0,96
04/13/2023,GSN,MP,AWP,WE,Federal Contract Tower,10,0,0,0,10,0,52,26,0,78,10,52,26,0,88,0,0,0,88
04/14/2023,GSN,MP,AWP,WE,Federal Contract Tower,9,0,0,0,9,0,99,28,0,127,9,99,28,0,136,0,0,0,136
04/15/2023,GSN,MP,AWP,WE,Federal Contract Tower,6,4,0,0,10,0,75,40,0,115,6,79,40,0,125,0,0,0,125
04/16/2023,GSN,MP,AWP,WE,Federal Contract Tower,10,0,0,0,10,0,45,15,0,60,10,45,15,0,70,6,0,6,76
04/17/2023,GSN,MP,AWP,WE,Federal Contract Tower,10,8,0,0,18,0,47,16,0,63,10,55,16,0,81,0,0,0,81
04/18/2023,GSN,MP,AWP,WE,Federal Contract Tower,6,0,6,0,12,0,43,21,0,64,6,43,27,0,76,0,0,0,76
04/19/2023,GSN,MP,AWP,WE,Federal Contract Tower,8,1,3,0,12,0,46,35,0,81,8,47,38,0,93,0,0,0,93
04/20/2023,GSN,MP,AWP,WE,Federal Contract Tower,10,0,1,0,11,0,56,25,0,81,10,56,26,0,92,0,0,0,92
04/21/2023,GSN,MP,AWP,WE,Federal Contract Tower,10,0,2,0,12,0,76,22,0,98,10,76,24,0,110,0,0,0,110
04/22/2023,GSN,MP,AWP,WE,Federal Contract Tower,6,7,0,0,13,0,56,19,0,75,6,63,19,0,88,0,0,0,88
04/23/2023,GSN,MP,AWP,WE,Federal Contract Tower,10,2,0,0,12,0,41,16,0,57,10,43,16,0,69,0,0,0,69
04/24/2023,GSN,MP,AWP,WE,Federal Contract Tower,10,3,0,0,13,0,50,19,0,69,10,53,19,0,82,0,0,0,82
04/25/2023,GSN,MP,AWP,WE,Federal Contract Tower,6,0,4,0,10,0,55,21,2,78,6,55,25,2,88,0,0,0,88
04/26/2023,GSN,MP,AWP,WE,Federal Contract Tower,8,0,7,0,15,0,56,9,0,65,8,56,16,0,80,0,0,0,80
04/27/2023,GSN,MP,AWP,WE,Federal Contract Tower,10,2,4,0,16,0,58,18,0,76,10,60,22,0,92,0,0,0,92
04/28/2023,GSN,MP,AWP,WE,Federal Contract Tower,10,0,6,0,16,0,80,26,0,106,10,80,32,0,122,0,0,0,122
04/29/2023,GSN,MP,AWP,WE,Federal Contract Tower,8,0,3,0,11,0,85,32,2,119,8,85,35,2,130,0,0,0,130
04/30/2023,GSN,MP,AWP,WE,Federal Contract Tower,10,0,0,0,10,0,61,39,0,100,10,61,39,0,110,2,2,4,114
05/01/2023,GSN,MP,AWP,WE,Federal Contract Tower,12,5,0,0,17,0,54,51,0,105,12,59,51,0,122,2,0,2,124
05/02/2023,GSN,MP,AWP,WE,Federal Contract Tower,8,6,1,0,15,0,64,71,0,135,8,70,72,0,150,0,0,0,150
05/03/2023,GSN,MP,AWP,WE,Federal Contract Tower,10,0,4,0,14,0,55,43,0,98,10,55,47,0,112,0,0,0,112
05/04/2023,GSN,MP,AWP,WE,Federal Contract Tower,10,0,2,0,12,0,78,44,0,122,10,78,46,0,134,0,0,0,134
05/05/2023,GSN,MP,AWP,WE,Federal Contract Tower,12,0,0,0,12,0,118,40,0,158,12,118,40,0,170,2,0,2,172
05/06/2023,GSN,MP,AWP,WE,Federal Contract Tower,8,0,4,0,12,0,92,44,0,136,8,92,48,0,148,0,0,0,148
05/07/2023,GSN,MP,AWP,WE,Federal Contract Tower,10,0,1,0,11,0,44,30,0,74,10,44,31,0,85,0,0,0,85
05/08/2023,GSN,MP,AWP,WE,Federal Contract Tower,12,2,0,0,14,0,61,28,0,89,12,63,28,0,103,2,0,2,105
05/09/2023,GSN,MP,AWP,WE,Federal Contract Tower,8,2,0,0,10,0,63,23,0,86,8,65,23,0,96,0,0,0,96
05/10/2023,GSN,MP,AWP,WE,Federal Contract Tower,10,0,9,0,19,0,55,24,0,79,10,55,33,0,98,0,0,0,98
05/11/2023,GSN,MP,AWP,WE,Federal Contract Tower,10,0,4,0,14,0,69,31,0,100,10,69,35,0,114,0,0,0,114
05/12/2023,GSN,MP,AWP,WE,Federal Contract Tower,12,0,3,0,15,0,78,35,0,113,12,78,38,0,128,0,0,0,128
05/13/2023,GSN,MP,AWP,WE,Federal Contract Tower,8,0,3,0,11,0,67,30,0,97,8,67,33,0,108,0,0,0,108
05/14/2023,GSN,MP,AWP,WE,Federal Contract Tower,10,0,0,0,10,0,63,10,0,73,10,63,10,0,83,0,0,0,83
05/15/2023,GSN,MP,AWP,WE,Federal Contract Tower,21,2,0,0,23,0,0,0,0,0,21,2,0,0,23,0,0,0,23
05/16/2023,GSN,MP,AWP,WE,Federal Contract Tower,8,6,0,0,14,0,59,20,0,79,8,65,20,0,93,0,0,0,93
05/17/2023,GSN,MP,AWP,WE,Federal Contract Tower,10,0,3,0,13,0,56,21,0,77,10,56,24,0,90,0,0,0,90
05/18/2023,GSN,MP,AWP,WE,Federal Contract Tower,10,0,2,0,12,0,68,20,0,88,10,68,22,0,100,0,0,0,100
05/19/2023,GSN,MP,AWP,WE,Federal Contract Tower,12,0,4,0,16,0,80,30,0,110,12,80,34,0,126,0,0,0,126
05/20/2023,GSN,MP,AWP,WE,Federal Contract Tower,8,0,3,0,11,0,73,38,0,111,8,73,41,0,122,0,0,0,122
05/21/2023,GSN,MP,AWP,WE,Federal Contract Tower,10,0,0,0,10,0,50,13,0,63,10,50,13,0,73,0,0,0,73
05/22/2023,GSN,MP,AWP,WE,Federal Contract Tower,12,0,0,0,12,0,39,16,0,55,12,39,16,0,67,0,0,0,67
05/23/2023,GSN,MP,AWP,WE,Federal Contract Tower,6,0,0,0,6,0,2,0,0,2,6,2,0,0,8,0,0,0,8
05/24/2023,GSN,MP,AWP,WE,Federal Contract Tower,0,0,0,0,0,0,0,0,0,0,0,0,0,0,0,0,0,0,0
05/25/2023,GSN,MP,AWP,WE,Federal Contract Tower,0,0,0,3,3,0,0,0,0,0,0,0,0,3,3,0,0,0,3
05/26/2023,GSN,MP,AWP,WE,Federal Contract Tower,16,0,5,2,23,0,29,11,0,40,16,29,16,2,63,0,0,0,63
05/27/2023,GSN,MP,AWP,WE,Federal Contract Tower,6,0,3,2,11,0,67,26,4,97,6,67,29,6,108,0,0,0,108
05/28/2023,GSN,MP,AWP,WE,Federal Contract Tower,8,0,0,2,10,0,42,16,4,62,8,42,16,6,72,0,0,0,72
05/29/2023,GSN,MP,AWP,WE,Federal Contract Tower,8,0,7,0,15,0,61,19,2,82,8,61,26,2,97,0,0,0,97
05/30/2023,GSN,MP,AWP,WE,Federal Contract Tower,9,0,2,2,13,0,58,22,5,85,9,58,24,7,98,0,0,0,98
05/31/2023,GSN,MP,AWP,WE,Federal Contract Tower,6,0,4,3,13,0,62,37,0,99,6,62,41,3,112,0,0,0,112
06/01/2023,GSN,MP,AWP,WE,Federal Contract Tower,11,0,2,0,13,0,61,39,2,102,11,61,41,2,115,0,0,0,115
06/02/2023,GSN,MP,AWP,WE,Federal Contract Tower,15,0,1,0,16,0,90,36,1,127,15,90,37,1,143,0,0,0,143
06/03/2023,GSN,MP,AWP,WE,Federal Contract Tower,10,0,4,0,14,0,74,48,0,122,10,74,52,0,136,0,0,0,136
06/04/2023,GSN,MP,AWP,WE,Federal Contract Tower,12,0,0,3,15,0,0,0,0,0,12,0,0,3,15,0,0,0,15
06/06/2023,GSN,MP,AWP,WE,Federal Contract Tower,10,4,0,0,14,0,71,19,0,90,10,75,19,0,104,2,0,2,106
06/07/2023,GSN,MP,AWP,WE,Federal Contract Tower,12,5,1,0,18,0,74,23,0,97,12,79,24,0,115,0,0,0,115
06/08/2023,GSN,MP,AWP,WE,Federal Contract Tower,12,0,5,0,17,0,70,39,0,109,12,70,44,0,126,0,0,0,126
06/09/2023,GSN,MP,AWP,WE,Federal Contract Tower,13,0,3,0,16,0,82,32,0,114,13,82,35,0,130,0,0,0,130
06/10/2023,GSN,MP,AWP,WE,Federal Contract Tower,8,0,4,0,12,0,50,28,0,78,8,50,32,0,90,0,0,0,90
06/11/2023,GSN,MP,AWP,WE,Federal Contract Tower,10,0,0,0,10,0,61,12,0,73,10,61,12,0,83,0,0,0,83
06/12/2023,GSN,MP,AWP,WE,Federal Contract Tower,14,0,7,0,21,0,71,21,0,92,14,71,28,0,113,0,0,0,113
06/13/2023,GSN,MP,AWP,WE,Federal Contract Tower,8,6,0,0,14,0,79,28,0,107,8,85,28,0,121,2,0,2,123
06/14/2023,GSN,MP,AWP,WE,Federal Contract Tower,10,3,0,1,14,0,72,14,1,87,10,75,14,2,101,0,0,0,101
06/15/2023,GSN,MP,AWP,WE,Federal Contract Tower,12,0,2,0,14,0,73,30,0,103,12,73,32,0,117,0,0,0,117
06/16/2023,GSN,MP,AWP,WE,Federal Contract Tower,12,0,4,0,16,0,81,23,0,104,12,81,27,0,120,0,0,0,120
06/17/2023,GSN,MP,AWP,WE,Federal Contract Tower,8,0,6,0,14,0,74,28,0,102,8,74,34,0,116,0,0,0,116
06/18/2023,GSN,MP,AWP,WE,Federal Contract Tower,10,0,0,0,10,0,65,23,0,88,10,65,23,0,98,0,0,0,98
06/19/2023,GSN,MP,AWP,WE,Federal Contract Tower,14,0,4,0,18,0,66,42,0,108,14,66,46,0,126,0,0,0,126
06/20/2023,GSN,MP,AWP,WE,Federal Contract Tower,8,2,0,0,10,0,72,37,0,109,8,74,37,0,119,2,0,2,121
06/21/2023,GSN,MP,AWP,WE,Federal Contract Tower,10,0,1,0,11,0,62,21,0,83,10,62,22,0,94,0,0,0,94
06/22/2023,GSN,MP,AWP,WE,Federal Contract Tower,12,0,2,0,14,0,57,34,0,91,12,57,36,0,105,0,0,0,105
06/23/2023,GSN,MP,AWP,WE,Federal Contract Tower,12,0,3,0,15,0,74,34,0,108,12,74,37,0,123,0,0,0,123
06/24/2023,GSN,MP,AWP,WE,Federal Contract Tower,8,0,3,0,11,0,49,30,0,79,8,49,33,0,90,0,0,0,90
06/25/2023,GSN,MP,AWP,WE,Federal Contract Tower,10,0,0,0,10,0,47,7,0,54,10,47,7,0,64,0,0,0,64
06/26/2023,GSN,MP,AWP,WE,Federal Contract Tower,14,0,3,0,17,0,51,35,0,86,14,51,38,0,103,0,0,0,103
06/27/2023,GSN,MP,AWP,WE,Federal Contract Tower,8,1,0,0,9,0,56,46,0,102,8,57,46,0,111,0,0,0,111
06/28/2023,GSN,MP,AWP,WE,Federal Contract Tower,10,0,3,0,13,0,57,21,0,78,10,57,24,0,91,0,0,0,91
06/29/2023,GSN,MP,AWP,WE,Federal Contract Tower,12,0,1,0,13,0,66,43,0,109,12,66,44,0,122,0,0,0,122
06/30/2023,GSN,MP,AWP,WE,Federal Contract Tower,14,0,3,0,17,0,85,41,0,126,14,85,44,0,143,0,0,0,143
07/01/2023,GSN,MP,AWP,WE,Federal Contract Tower,10,0,0,0,10,0,52,82,2,136,10,52,82,2,146,0,0,0,146
07/02/2023,GSN,MP,AWP,WE,Federal Contract Tower,12,0,0,0,12,0,63,19,2,84,12,63,19,2,96,0,0,0,96
07/03/2023,GSN,MP,AWP,WE,Federal Contract Tower,16,0,2,0,18,0,59,41,6,106,16,59,43,6,124,0,0,0,124
07/04/2023,GSN,MP,AWP,WE,Federal Contract Tower,12,0,1,0,13,0,54,26,2,82,12,54,27,2,95,0,0,0,95
07/05/2023,GSN,MP,AWP,WE,Federal Contract Tower,14,0,0,0,14,0,77,48,0,125,14,77,48,0,139,2,0,2,141
07/06/2023,GSN,MP,AWP,WE,Federal Contract Tower,14,0,1,0,15,0,60,57,4,121,14,60,58,4,136,0,0,0,136
07/07/2023,GSN,MP,AWP,WE,Federal Contract Tower,14,0,4,0,18,0,66,31,0,97,14,66,35,0,115,0,0,0,115
07/08/2023,GSN,MP,AWP,WE,Federal Contract Tower,12,1,4,1,18,0,49,34,4,87,12,50,38,5,105,0,0,0,105
07/09/2023,GSN,MP,AWP,WE,Federal Contract Tower,12,0,0,4,16,0,51,23,8,82,12,51,23,12,98,0,0,0,98
07/10/2023,GSN,MP,AWP,WE,Federal Contract Tower,16,0,9,0,25,0,63,35,6,104,16,63,44,6,129,0,0,0,129
07/11/2023,GSN,MP,AWP,WE,Federal Contract Tower,12,2,5,2,21,0,64,21,0,85,12,66,26,2,106,0,0,0,106
07/12/2023,GSN,MP,AWP,WE,Federal Contract Tower,14,0,1,0,15,0,75,34,0,109,14,75,35,0,124,0,0,0,124
07/13/2023,GSN,MP,AWP,WE,Federal Contract Tower,14,0,1,0,15,0,81,41,0,122,14,81,42,0,137,0,0,0,137
07/14/2023,GSN,MP,AWP,WE,Federal Contract Tower,14,0,3,1,18,0,66,45,15,126,14,66,48,16,144,0,0,0,144
07/15/2023,GSN,MP,AWP,WE,Federal Contract Tower,12,0,3,0,15,0,59,34,0,93,12,59,37,0,108,0,0,0,108
07/16/2023,GSN,MP,AWP,WE,Federal Contract Tower,13,0,0,0,13,0,53,20,8,81,13,53,20,8,94,0,0,0,94
07/17/2023,GSN,MP,AWP,WE,Federal Contract Tower,16,0,2,0,18,0,61,45,8,114,16,61,47,8,132,0,0,0,132
07/18/2023,GSN,MP,AWP,WE,Federal Contract Tower,12,0,2,1,15,0,100,50,1,151,12,100,52,2,166,0,12,12,178
07/19/2023,GSN,MP,AWP,WE,Federal Contract Tower,14,0,0,0,14,0,77,15,2,94,14,77,15,2,108,0,0,0,108
07/20/2023,GSN,MP,AWP,WE,Federal Contract Tower,16,1,1,0,18,0,69,60,0,129,16,70,61,0,147,0,0,0,147
07/21/2023,GSN,MP,AWP,WE,Federal Contract Tower,14,0,2,0,16,0,89,25,0,114,14,89,27,0,130,0,0,0,130
07/22/2023,GSN,MP,AWP,WE,Federal Contract Tower,10,0,2,1,13,0,82,47,0,129,10,82,49,1,142,0,0,0,142
07/23/2023,GSN,MP,AWP,WE,Federal Contract Tower,12,0,0,2,14,0,63,20,0,83,12,63,20,2,97,0,0,0,97
07/24/2023,GSN,MP,AWP,WE,Federal Contract Tower,18,0,5,0,23,0,52,43,0,95,18,52,48,0,118,0,0,0,118
07/25/2023,GSN,MP,AWP,WE,Federal Contract Tower,10,0,8,0,18,0,69,26,2,97,10,69,34,2,115,0,0,0,115
07/27/2023,GSN,MP,AWP,WE,Federal Contract Tower,17,0,10,0,27,0,62,38,0,100,17,62,48,0,127,0,0,0,127
07/28/2023,GSN,MP,AWP,WE,Federal Contract Tower,16,0,8,0,24,0,80,52,0,132,16,80,60,0,156,0,0,0,156
07/29/2023,GSN,MP,AWP,WE,Federal Contract Tower,10,0,4,0,14,0,67,44,0,111,10,67,48,0,125,0,0,0,125
07/30/2023,GSN,MP,AWP,WE,Federal Contract Tower,12,0,2,0,14,0,57,18,0,75,12,57,20,0,89,0,0,0,89
07/31/2023,GSN,MP,AWP,WE,Federal Contract Tower,18,0,2,0,20,0,59,40,0,99,18,59,42,0,119,0,0,0,119
08/01/2023,GSN,MP,AWP,WE,Federal Contract Tower,10,0,3,2,15,0,55,19,2,76,10,55,22,4,91,0,0,0,91
08/02/2023,GSN,MP,AWP,WE,Federal Contract Tower,12,0,5,0,17,0,74,24,0,98,12,74,29,0,115,0,0,0,115
08/03/2023,GSN,MP,AWP,WE,Federal Contract Tower,14,2,0,0,16,0,64,34,0,98,14,66,34,0,114,0,0,0,114
08/04/2023,GSN,MP,AWP,WE,Federal Contract Tower,16,4,0,0,20,0,70,20,0,90,16,74,20,0,110,0,0,0,110
08/05/2023,GSN,MP,AWP,WE,Federal Contract Tower,10,0,3,0,13,0,52,32,0,84,10,52,35,0,97,0,0,0,97
08/06/2023,GSN,MP,AWP,WE,Federal Contract Tower,12,0,0,0,12,0,64,30,0,94,12,64,30,0,106,0,0,0,106
08/07/2023,GSN,MP,AWP,WE,Federal Contract Tower,18,0,4,0,22,0,75,58,0,133,18,75,62,0,155,0,0,0,155
08/08/2023,GSN,MP,AWP,WE,Federal Contract Tower,10,0,2,0,12,0,67,54,0,121,10,67,56,0,133,0,0,0,133
08/09/2023,GSN,MP,AWP,WE,Federal Contract Tower,12,6,0,0,18,0,89,14,0,103,12,95,14,0,121,0,0,0,121
08/10/2023,GSN,MP,AWP,WE,Federal Contract Tower,14,5,0,0,19,0,67,20,0,87,14,72,20,0,106,0,0,0,106
08/11/2023,GSN,MP,AWP,WE,Federal Contract Tower,18,7,0,0,25,0,0,0,0,0,18,7,0,0,25,0,0,0,25
08/12/2023,GSN,MP,AWP,WE,Federal Contract Tower,10,0,7,0,17,0,105,37,0,142,10,105,44,0,159,0,0,0,159
08/13/2023,GSN,MP,AWP,WE,Federal Contract Tower,12,0,0,0,12,0,78,26,0,104,12,78,26,0,116,0,0,0,116
08/14/2023,GSN,MP,AWP,WE,Federal Contract Tower,18,0,10,0,28,0,72,40,0,112,18,72,50,0,140,0,0,0,140
08/15/2023,GSN,MP,AWP,WE,Federal Contract Tower,10,0,4,0,14,0,89,54,0,143,10,89,58,0,157,0,0,0,157
08/16/2023,GSN,MP,AWP,WE,Federal Contract Tower,11,1,0,0,12,0,83,37,2,122,11,84,37,2,134,0,0,0,134
08/17/2023,GSN,MP,AWP,WE,Federal Contract Tower,14,2,2,0,18,0,79,62,2,143,14,81,64,2,161,14,0,14,175
08/18/2023,GSN,MP,AWP,WE,Federal Contract Tower,16,1,3,0,20,0,95,33,0,128,16,96,36,0,148,8,0,8,156
08/19/2023,GSN,MP,AWP,WE,Federal Contract Tower,10,0,9,0,19,0,75,59,0,134,10,75,68,0,153,0,0,0,153
08/20/2023,GSN,MP,AWP,WE,Federal Contract Tower,12,0,0,0,12,0,44,13,0,57,12,44,13,0,69,0,0,0,69
08/21/2023,GSN,MP,AWP,WE,Federal Contract Tower,18,0,4,0,22,0,0,0,0,0,18,0,4,0,22,0,0,0,22
08/22/2023,GSN,MP,AWP,WE,Federal Contract Tower,10,0,0,0,10,0,65,40,6,111,10,65,40,6,121,0,0,0,121
08/23/2023,GSN,MP,AWP,WE,Federal Contract Tower,12,0,2,0,14,0,54,39,0,93,12,54,41,0,107,0,0,0,107
08/24/2023,GSN,MP,AWP,WE,Federal Contract Tower,14,1,0,0,15,0,68,41,0,109,14,69,41,0,124,0,0,0,124
08/25/2023,GSN,MP,AWP,WE,Federal Contract Tower,14,3,0,0,17,0,77,38,0,115,14,80,38,0,132,0,0,0,132
08/26/2023,GSN,MP,AWP,WE,Federal Contract Tower,10,0,2,0,12,0,43,37,0,80,10,43,39,0,92,0,0,0,92
08/27/2023,GSN,MP,AWP,WE,Federal Contract Tower,12,0,0,0,12,0,38,12,0,50,12,38,12,0,62,0,0,0,62
08/28/2023,GSN,MP,AWP,WE,Federal Contract Tower,15,0,6,0,21,0,44,48,0,92,15,44,54,0,113,0,0,0,113
08/29/2023,GSN,MP,AWP,WE,Federal Contract Tower,11,0,1,0,12,0,41,15,0,56,11,41,16,0,68,0,0,0,68
08/30/2023,GSN,MP,AWP,WE,Federal Contract Tower,12,0,1,0,13,0,67,17,0,84,12,67,18,0,97,0,0,0,97
08/31/2023,GSN,MP,AWP,WE,Federal Contract Tower,14,5,0,0,19,0,67,29,0,96,14,72,29,0,115,0,0,0,115
01/02/2020,GSN,MP,AWP,WE,Federal Contract Tower,25,1,3,0,29,0,68,93,0,161,25,69,96,0,190,0,0,0,190
01/03/2020,GSN,MP,AWP,WE,Federal Contract Tower,21,5,3,0,29,0,105,153,0,258,21,110,156,0,287,0,0,0,287
01/04/2020,GSN,MP,AWP,WE,Federal Contract Tower,23,8,1,0,32,0,78,114,0,192,23,86,115,0,224,0,0,0,224
01/05/2020,GSN,MP,AWP,WE,Federal Contract Tower,23,0,0,0,23,0,62,173,0,235,23,62,173,0,258,0,0,0,258
01/06/2020,GSN,MP,AWP,WE,Federal Contract Tower,22,2,9,0,33,0,91,103,0,194,22,93,112,0,227,0,0,0,227
01/07/2020,GSN,MP,AWP,WE,Federal Contract Tower,23,8,7,0,38,0,72,145,0,217,23,80,152,0,255,0,0,0,255
01/09/2020,GSN,MP,AWP,WE,Federal Contract Tower,24,0,4,0,28,0,51,108,0,159,24,51,112,0,187,4,0,4,191
01/10/2020,GSN,MP,AWP,WE,Federal Contract Tower,22,3,8,0,33,0,98,90,0,188,22,101,98,0,221,0,0,0,221
01/11/2020,GSN,MP,AWP,WE,Federal Contract Tower,23,4,3,0,30,0,58,137,0,195,23,62,140,0,225,0,0,0,225
01/12/2020,GSN,MP,AWP,WE,Federal Contract Tower,22,6,0,0,28,0,86,159,0,245,22,92,159,0,273,0,0,0,273
01/13/2020,GSN,MP,AWP,WE,Federal Contract Tower,18,4,7,0,29,0,97,110,0,207,18,101,117,0,236,0,0,0,236
01/14/2020,GSN,MP,AWP,WE,Federal Contract Tower,26,3,5,0,34,0,87,159,0,246,26,90,164,0,280,10,0,10,290
01/16/2020,GSN,MP,AWP,WE,Federal Contract Tower,24,6,6,0,36,0,113,110,0,223,24,119,116,0,259,0,0,0,259
01/17/2020,GSN,MP,AWP,WE,Federal Contract Tower,22,4,5,0,31,0,115,201,0,316,22,119,206,0,347,0,0,0,347
01/18/2020,GSN,MP,AWP,WE,Federal Contract Tower,23,0,5,0,28,0,112,213,0,325,23,112,218,0,353,0,0,0,353
01/19/2020,GSN,MP,AWP,WE,Federal Contract Tower,24,8,0,0,32,0,82,154,0,236,24,90,154,0,268,0,0,0,268
01/20/2020,GSN,MP,AWP,WE,Federal Contract Tower,24,6,8,0,38,0,103,183,0,286,24,109,191,0,324,0,0,0,324
01/21/2020,GSN,MP,AWP,WE,Federal Contract Tower,22,0,2,0,24,0,130,130,0,260,22,130,132,0,284,0,0,0,284
01/23/2020,GSN,MP,AWP,WE,Federal Contract Tower,28,2,8,0,38,0,127,210,0,337,28,129,218,0,375,2,0,2,377
01/24/2020,GSN,MP,AWP,WE,Federal Contract Tower,26,8,5,0,39,0,151,241,0,392,26,159,246,0,431,0,0,0,431
01/25/2020,GSN,MP,AWP,WE,Federal Contract Tower,25,3,5,0,33,0,142,229,0,371,25,145,234,0,404,0,0,0,404
01/26/2020,GSN,MP,AWP,WE,Federal Contract Tower,24,3,1,0,28,0,176,190,0,366,24,179,191,0,394,0,0,0,394
01/27/2020,GSN,MP,AWP,WE,Federal Contract Tower,24,8,6,0,38,0,126,218,0,344,24,134,224,0,382,0,0,0,382
01/28/2020,GSN,MP,AWP,WE,Federal Contract Tower,25,8,8,0,41,0,146,170,0,316,25,154,178,0,357,4,0,4,361
01/30/2020,GSN,MP,AWP,WE,Federal Contract Tower,27,0,6,0,33,0,109,170,0,279,27,109,176,0,312,0,0,0,312
01/31/2020,GSN,MP,AWP,WE,Federal Contract Tower,24,5,5,0,34,0,72,99,0,171,24,77,104,0,205,0,0,0,205
02/01/2020,GSN,MP,AWP,WE,Federal Contract Tower,20,9,5,0,34,0,52,46,0,98,20,61,51,0,132,0,0,0,132
02/02/2020,GSN,MP,AWP,WE,Federal Contract Tower,20,7,0,0,27,0,24,7,0,31,20,31,7,0,58,0,0,0,58
02/03/2020,GSN,MP,AWP,WE,Federal Contract Tower,20,17,0,0,37,0,35,40,2,77,20,52,40,2,114,0,0,0,114
02/04/2020,GSN,MP,AWP,WE,Federal Contract Tower,20,9,5,0,34,0,54,43,0,97,20,63,48,0,131,0,0,0,131
02/05/2020,GSN,MP,AWP,WE,Federal Contract Tower,20,8,6,1,35,0,56,12,1,69,20,64,18,2,104,0,0,0,104
02/08/2020,GSN,MP,AWP,WE,Federal Contract Tower,22,6,2,0,30,0,32,29,0,61,22,38,31,0,91,0,0,0,91
02/09/2020,GSN,MP,AWP,WE,Federal Contract Tower,18,8,0,0,26,0,20,13,0,33,18,28,13,0,59,0,0,0,59
02/11/2020,GSN,MP,AWP,WE,Federal Contract Tower,20,0,5,4,29,0,54,25,2,81,20,54,30,6,110,0,0,0,110
02/12/2020,GSN,MP,AWP,WE,Federal Contract Tower,18,8,4,0,30,0,57,15,0,72,18,65,19,0,102,0,0,0,102
02/14/2020,GSN,MP,AWP,WE,Federal Contract Tower,18,4,4,1,27,0,102,27,2,131,18,106,31,3,158,0,0,0,158
02/15/2020,GSN,MP,AWP,WE,Federal Contract Tower,20,0,5,1,26,0,82,45,0,127,20,82,50,1,153,0,0,0,153
02/16/2020,GSN,MP,AWP,WE,Federal Contract Tower,18,5,1,1,25,0,63,43,0,106,18,68,44,1,131,0,0,0,131
02/17/2020,GSN,MP,AWP,WE,Federal Contract Tower,18,4,5,2,29,0,41,63,14,118,18,45,68,16,147,0,0,0,147
02/18/2020,GSN,MP,AWP,WE,Federal Contract Tower,18,0,6,0,24,0,42,24,10,76,18,42,30,10,100,0,0,0,100
02/19/2020,GSN,MP,AWP,WE,Federal Contract Tower,16,0,9,1,26,0,60,13,1,74,16,60,22,2,100,6,0,6,106
02/21/2020,GSN,MP,AWP,WE,Federal Contract Tower,18,2,2,3,25,0,54,12,5,71,18,56,14,8,96,0,0,0,96
02/22/2020,GSN,MP,AWP,WE,Federal Contract Tower,20,1,4,0,25,0,31,15,2,48,20,32,19,2,73,0,0,0,73
02/23/2020,GSN,MP,AWP,WE,Federal Contract Tower,18,4,0,2,24,0,26,7,0,33,18,30,7,2,57,0,0,0,57
02/24/2020,GSN,MP,AWP,WE,Federal Contract Tower,18,10,0,0,28,0,36,24,0,60,18,46,24,0,88,0,0,0,88
02/25/2020,GSN,MP,AWP,WE,Federal Contract Tower,20,3,6,0,29,0,46,7,2,55,20,49,13,2,84,0,0,0,84
02/26/2020,GSN,MP,AWP,WE,Federal Contract Tower,18,4,6,0,28,0,55,17,0,72,18,59,23,0,100,4,0,4,104
02/28/2020,GSN,MP,AWP,WE,Federal Contract Tower,16,3,4,0,23,0,61,15,1,77,16,64,19,1,100,2,0,2,102
02/29/2020,GSN,MP,AWP,WE,Federal Contract Tower,18,9,4,0,31,0,36,15,2,53,18,45,19,2,84,0,0,0,84
03/01/2020,GSN,MP,AWP,WE,Federal Contract Tower,14,11,0,0,25,0,25,11,0,36,14,36,11,0,61,0,0,0,61
03/02/2020,GSN,MP,AWP,WE,Federal Contract Tower,12,6,7,2,27,0,44,17,2,63,12,50,24,4,90,0,0,0,90
03/03/2020,GSN,MP,AWP,WE,Federal Contract Tower,10,4,3,1,18,0,38,19,14,71,10,42,22,15,89,0,0,0,89
03/04/2020,GSN,MP,AWP,WE,Federal Contract Tower,8,2,6,0,16,0,38,19,0,57,8,40,25,0,73,0,0,0,73
03/05/2020,GSN,MP,AWP,WE,Federal Contract Tower,10,6,6,1,23,0,45,17,1,63,10,51,23,2,86,0,6,6,92
03/07/2020,GSN,MP,AWP,WE,Federal Contract Tower,10,4,4,0,18,0,39,6,0,45,10,43,10,0,63,0,0,0,63
03/08/2020,GSN,MP,AWP,WE,Federal Contract Tower,10,4,0,0,14,0,35,32,0,67,10,39,32,0,81,0,0,0,81
03/09/2020,GSN,MP,AWP,WE,Federal Contract Tower,10,2,6,0,18,0,27,12,0,39,10,29,18,0,57,0,0,0,57
03/10/2020,GSN,MP,AWP,WE,Federal Contract Tower,10,2,0,0,12,0,39,25,0,64,10,41,25,0,76,0,0,0,76
03/11/2020,GSN,MP,AWP,WE,Federal Contract Tower,8,0,3,0,11,0,53,18,0,71,8,53,21,0,82,0,0,0,82
03/12/2020,GSN,MP,AWP,WE,Federal Contract Tower,10,6,4,0,20,0,51,2,0,53,10,57,6,0,73,0,0,0,73
03/14/2020,GSN,MP,AWP,WE,Federal Contract Tower,8,6,2,0,16,0,61,18,0,79,8,67,20,0,95,0,0,0,95
03/15/2020,GSN,MP,AWP,WE,Federal Contract Tower,10,5,0,0,15,0,24,16,0,40,10,29,16,0,55,0,0,0,55
03/16/2020,GSN,MP,AWP,WE,Federal Contract Tower,8,1,6,0,15,0,43,20,0,63,8,44,26,0,78,0,0,0,78
03/17/2020,GSN,MP,AWP,WE,Federal Contract Tower,6,0,5,0,11,0,25,18,0,43,6,25,23,0,54,0,0,0,54
03/18/2020,GSN,MP,AWP,WE,Federal Contract Tower,4,6,6,0,16,0,24,11,0,35,4,30,17,0,51,0,0,0,51
03/19/2020,GSN,MP,AWP,WE,Federal Contract Tower,12,4,2,0,18,0,17,18,0,35,12,21,20,0,53,0,0,0,53
03/20/2020,GSN,MP,AWP,WE,Federal Contract Tower,4,2,5,0,11,0,27,8,0,35,4,29,13,0,46,0,0,0,46
03/21/2020,GSN,MP,AWP,WE,Federal Contract Tower,6,2,4,0,12,0,16,3,0,19,6,18,7,0,31,0,0,0,31
03/22/2020,GSN,MP,AWP,WE,Federal Contract Tower,8,0,4,0,12,0,6,2,0,8,8,6,6,0,20,0,0,0,20
03/23/2020,GSN,MP,AWP,WE,Federal Contract Tower,4,0,3,0,7,0,10,4,0,14,4,10,7,0,21,0,0,0,21
03/24/2020,GSN,MP,AWP,WE,Federal Contract Tower,2,0,3,0,5,0,7,10,0,17,2,7,13,0,22,0,0,0,22
03/25/2020,GSN,MP,AWP,WE,Federal Contract Tower,2,0,6,2,10,0,6,2,0,8,2,6,8,2,18,0,0,0,18
03/26/2020,GSN,MP,AWP,WE,Federal Contract Tower,2,1,4,0,7,0,8,11,0,19,2,9,15,0,26,0,0,0,26
03/28/2020,GSN,MP,AWP,WE,Federal Contract Tower,0,0,2,0,2,0,15,6,0,21,0,15,8,0,23,0,0,0,23
03/29/2020,GSN,MP,AWP,WE,Federal Contract Tower,2,0,0,0,2,0,9,3,0,12,2,9,3,0,14,0,0,0,14
03/30/2020,GSN,MP,AWP,WE,Federal Contract Tower,0,0,10,0,10,0,12,7,0,19,0,12,17,0,29,0,0,0,29
03/31/2020,GSN,MP,AWP,WE,Federal Contract Tower,0,0,5,0,5,0,10,14,0,24,0,10,19,0,29,0,0,0,29
04/01/2020,GSN,MP,AWP,WE,Federal Contract Tower,0,0,4,0,4,0,11,7,0,18,0,11,11,0,22,0,0,0,22
04/02/2020,GSN,MP,AWP,WE,Federal Contract Tower,0,0,4,0,4,0,15,5,0,20,0,15,9,0,24,0,0,0,24
04/05/2020,GSN,MP,AWP,WE,Federal Contract Tower,2,0,0,0,2,0,0,3,0,3,2,0,3,0,5,0,0,0,5
04/06/2020,GSN,MP,AWP,WE,Federal Contract Tower,0,0,9,0,9,0,0,7,0,7,0,0,16,0,16,0,0,0,16
04/07/2020,GSN,MP,AWP,WE,Federal Contract Tower,0,0,3,0,3,0,1,11,0,12,0,1,14,0,15,0,0,0,15
04/08/2020,GSN,MP,AWP,WE,Federal Contract Tower,0,0,5,0,5,0,2,9,4,15,0,2,14,4,20,0,0,0,20
04/09/2020,GSN,MP,AWP,WE,Federal Contract Tower,4,0,0,0,4,0,6,7,0,13,4,6,7,0,17,0,0,0,17
04/10/2020,GSN,MP,AWP,WE,Federal Contract Tower,0,0,5,0,5,0,5,4,0,9,0,5,9,0,14,0,0,0,14
04/12/2020,GSN,MP,AWP,WE,Federal Contract Tower,0,0,0,0,0,0,0,2,0,2,0,0,2,0,2,0,0,0,2
04/13/2020,GSN,MP,AWP,WE,Federal Contract Tower,0,4,9,0,13,0,6,5,0,11,0,10,14,0,24,0,0,0,24
04/14/2020,GSN,MP,AWP,WE,Federal Contract Tower,2,0,4,0,6,0,6,11,0,17,2,6,15,0,23,0,0,0,23
04/15/2020,GSN,MP,AWP,WE,Federal Contract Tower,0,0,4,0,4,0,3,11,0,14,0,3,15,0,18,0,0,0,18
04/16/2020,GSN,MP,AWP,WE,Federal Contract Tower,0,0,6,0,6,0,0,10,0,10,0,0,16,0,16,0,0,0,16
04/17/2020,GSN,MP,AWP,WE,Federal Contract Tower,0,0,5,0,5,0,1,14,0,15,0,1,19,0,20,0,0,0,20
04/18/2020,GSN,MP,AWP,WE,Federal Contract Tower,2,4,0,0,6,0,2,12,0,14,2,6,12,0,20,0,0,0,20
04/19/2020,GSN,MP,AWP,WE,Federal Contract Tower,0,2,0,0,2,0,3,3,0,6,0,5,3,0,8,0,0,0,8
04/20/2020,GSN,MP,AWP,WE,Federal Contract Tower,4,0,4,0,8,0,4,4,0,8,4,4,8,0,16,0,0,0,16
04/21/2020,GSN,MP,AWP,WE,Federal Contract Tower,0,0,5,0,5,0,2,9,0,11,0,2,14,0,16,0,0,0,16
04/22/2020,GSN,MP,AWP,WE,Federal Contract Tower,2,0,5,0,7,0,1,4,0,5,2,1,9,0,12,0,0,0,12
04/23/2020,GSN,MP,AWP,WE,Federal Contract Tower,0,2,6,0,8,0,1,9,0,10,0,3,15,0,18,0,0,0,18
04/24/2020,GSN,MP,AWP,WE,Federal Contract Tower,2,0,9,0,11,0,0,21,0,21,2,0,30,0,32,0,0,0,32
04/26/2020,GSN,MP,AWP,WE,Federal Contract Tower,0,2,0,0,2,0,1,3,0,4,0,3,3,0,6,0,0,0,6
04/27/2020,GSN,MP,AWP,WE,Federal Contract Tower,0,2,10,0,12,0,0,2,0,2,0,2,12,0,14,0,0,0,14
04/28/2020,GSN,MP,AWP,WE,Federal Contract Tower,0,0,1,0,1,0,0,14,0,14,0,0,15,0,15,0,0,0,15
04/29/2020,GSN,MP,AWP,WE,Federal Contract Tower,2,0,8,0,10,0,5,5,0,10,2,5,13,0,20,0,0,0,20
04/30/2020,GSN,MP,AWP,WE,Federal Contract Tower,0,2,4,0,6,0,3,7,0,10,0,5,11,0,16,0,0,0,16
05/01/2020,GSN,MP,AWP,WE,Federal Contract Tower,2,0,9,0,11,0,7,12,0,19,2,7,21,0,30,0,0,0,30
05/02/2020,GSN,MP,AWP,WE,Federal Contract Tower,4,0,2,0,6,0,2,14,0,16,4,2,16,0,22,0,0,0,22
05/04/2020,GSN,MP,AWP,WE,Federal Contract Tower,2,0,8,0,10,0,2,6,0,8,2,2,14,0,18,0,0,0,18
05/05/2020,GSN,MP,AWP,WE,Federal Contract Tower,0,0,5,0,5,0,6,13,0,19,0,6,18,0,24,0,0,0,24
05/06/2020,GSN,MP,AWP,WE,Federal Contract Tower,0,0,8,0,8,0,1,12,0,13,0,1,20,0,21,0,0,0,21
05/07/2020,GSN,MP,AWP,WE,Federal Contract Tower,2,2,0,0,4,0,5,18,0,23,2,7,18,0,27,0,0,0,27
05/08/2020,GSN,MP,AWP,WE,Federal Contract Tower,0,3,7,1,11,0,3,15,2,20,0,6,22,3,31,0,0,0,31
05/09/2020,GSN,MP,AWP,WE,Federal Contract Tower,2,0,2,0,4,0,9,7,0,16,2,9,9,0,20,0,0,0,20
05/10/2020,GSN,MP,AWP,WE,Federal Contract Tower,0,1,0,0,1,0,1,4,0,5,0,2,4,0,6,0,0,0,6
05/11/2020,GSN,MP,AWP,WE,Federal Contract Tower,4,0,8,0,12,0,5,4,0,9,4,5,12,0,21,0,0,0,21
05/12/2020,GSN,MP,AWP,WE,Federal Contract Tower,2,0,5,0,7,0,1,8,0,9,2,1,13,0,16,0,0,0,16
05/13/2020,GSN,MP,AWP,WE,Federal Contract Tower,0,0,8,0,8,0,1,10,0,11,0,1,18,0,19,0,0,0,19
05/14/2020,GSN,MP,AWP,WE,Federal Contract Tower,2,0,2,0,4,0,0,10,0,10,2,0,12,0,14,0,0,0,14
05/15/2020,GSN,MP,AWP,WE,Federal Contract Tower,0,2,7,0,9,0,4,14,0,18,0,6,21,0,27,0,0,0,27
05/16/2020,GSN,MP,AWP,WE,Federal Contract Tower,2,1,2,0,5,0,4,7,4,15,2,5,9,4,20,0,0,0,20
05/17/2020,GSN,MP,AWP,WE,Federal Contract Tower,0,0,0,0,0,0,2,4,0,6,0,2,4,0,6,0,0,0,6
05/18/2020,GSN,MP,AWP,WE,Federal Contract Tower,2,2,7,0,11,0,0,8,0,8,2,2,15,0,19,0,0,0,19
05/19/2020,GSN,MP,AWP,WE,Federal Contract Tower,0,0,5,0,5,0,4,12,0,16,0,4,17,0,21,0,0,0,21
05/20/2020,GSN,MP,AWP,WE,Federal Contract Tower,0,0,8,0,8,0,5,14,0,19,0,5,22,0,27,0,0,0,27
05/21/2020,GSN,MP,AWP,WE,Federal Contract Tower,2,0,6,0,8,0,2,8,0,10,2,2,14,0,18,0,0,0,18
05/22/2020,GSN,MP,AWP,WE,Federal Contract Tower,4,0,9,3,16,0,17,22,0,39,4,17,31,3,55,0,0,0,55
05/23/2020,GSN,MP,AWP,WE,Federal Contract Tower,2,1,2,8,13,0,22,14,0,36,2,23,16,8,49,0,0,0,49
05/24/2020,GSN,MP,AWP,WE,Federal Contract Tower,0,3,0,0,3,0,8,6,0,14,0,11,6,0,17,0,0,0,17
05/25/2020,GSN,MP,AWP,WE,Federal Contract Tower,2,0,10,0,12,0,18,4,0,22,2,18,14,0,34,0,0,0,34
05/26/2020,GSN,MP,AWP,WE,Federal Contract Tower,1,1,3,0,5,0,8,15,0,23,1,9,18,0,28,0,0,0,28
05/27/2020,GSN,MP,AWP,WE,Federal Contract Tower,3,1,10,0,14,0,13,10,0,23,3,14,20,0,37,0,0,0,37
05/28/2020,GSN,MP,AWP,WE,Federal Contract Tower,2,0,3,0,5,0,14,16,0,30,2,14,19,0,35,0,0,0,35
05/29/2020,GSN,MP,AWP,WE,Federal Contract Tower,0,0,7,0,7,0,13,19,0,32,0,13,26,0,39,0,0,0,39
05/30/2020,GSN,MP,AWP,WE,Federal Contract Tower,2,0,4,0,6,0,15,16,0,31,2,15,20,0,37,0,0,0,37
05/31/2020,GSN,MP,AWP,WE,Federal Contract Tower,0,2,0,0,2,0,10,2,0,12,0,12,2,0,14,0,0,0,14
06/02/2020,GSN,MP,AWP,WE,Federal Contract Tower,0,0,3,0,3,0,13,12,0,25,0,13,15,0,28,0,0,0,28
06/03/2020,GSN,MP,AWP,WE,Federal Contract Tower,0,1,4,0,5,0,14,21,0,35,0,15,25,0,40,0,0,0,40
06/04/2020,GSN,MP,AWP,WE,Federal Contract Tower,4,0,6,0,10,0,25,12,0,37,4,25,18,0,47,0,0,0,47
06/05/2020,GSN,MP,AWP,WE,Federal Contract Tower,0,2,8,0,10,0,21,14,0,35,0,23,22,0,45,0,0,0,45
06/06/2020,GSN,MP,AWP,WE,Federal Contract Tower,4,0,2,0,6,0,23,17,0,40,4,23,19,0,46,0,0,0,46
06/07/2020,GSN,MP,AWP,WE,Federal Contract Tower,0,0,0,0,0,0,19,9,0,28,0,19,9,0,28,0,0,0,28
06/09/2020,GSN,MP,AWP,WE,Federal Contract Tower,0,0,9,0,9,0,33,16,0,49,0,33,25,0,58,12,0,12,70
06/10/2020,GSN,MP,AWP,WE,Federal Contract Tower,0,0,10,1,11,0,12,7,3,22,0,12,17,4,33,0,0,0,33
06/11/2020,GSN,MP,AWP,WE,Federal Contract Tower,2,1,6,2,11,0,19,8,1,28,2,20,14,3,39,0,0,0,39
06/12/2020,GSN,MP,AWP,WE,Federal Contract Tower,0,2,9,0,11,0,18,15,0,33,0,20,24,0,44,0,0,0,44
06/13/2020,GSN,MP,AWP,WE,Federal Contract Tower,2,1,6,0,9,0,25,2,0,27,2,26,8,0,36,0,0,0,36
06/14/2020,GSN,MP,AWP,WE,Federal Contract Tower,0,0,0,0,0,0,17,4,0,21,0,17,4,0,21,0,0,0,21
06/16/2020,GSN,MP,AWP,WE,Federal Contract Tower,0,3,3,0,6,0,20,9,0,29,0,23,12,0,35,0,0,0,35
06/17/2020,GSN,MP,AWP,WE,Federal Contract Tower,0,0,11,0,11,0,11,11,0,22,0,11,22,0,33,0,0,0,33
06/18/2020,GSN,MP,AWP,WE,Federal Contract Tower,4,2,6,0,12,0,21,18,0,39,4,23,24,0,51,0,0,0,51
06/19/2020,GSN,MP,AWP,WE,Federal Contract Tower,0,4,11,0,15,0,47,14,0,61,0,51,25,0,76,0,0,0,76
06/20/2020,GSN,MP,AWP,WE,Federal Contract Tower,2,0,2,0,4,0,22,8,0,30,2,22,10,0,34,0,0,0,34
06/21/2020,GSN,MP,AWP,WE,Federal Contract Tower,0,0,1,0,1,0,19,4,2,25,0,19,5,2,26,0,0,0,26
06/22/2020,GSN,MP,AWP,WE,Federal Contract Tower,2,12,0,0,14,0,21,21,2,44,2,33,21,2,58,0,2,2,60
06/23/2020,GSN,MP,AWP,WE,Federal Contract Tower,0,1,6,0,7,0,26,14,0,40,0,27,20,0,47,20,0,20,67
06/24/2020,GSN,MP,AWP,WE,Federal Contract Tower,0,0,8,0,8,0,8,26,4,38,0,8,34,4,46,0,0,0,46
06/25/2020,GSN,MP,AWP,WE,Federal Contract Tower,2,1,6,0,9,0,23,6,0,29,2,24,12,0,38,0,0,0,38
06/26/2020,GSN,MP,AWP,WE,Federal Contract Tower,0,1,4,0,5,0,30,26,4,60,0,31,30,4,65,0,0,0,65
06/27/2020,GSN,MP,AWP,WE,Federal Contract Tower,2,1,4,0,7,0,25,9,0,34,2,26,13,0,41,0,0,0,41
06/28/2020,GSN,MP,AWP,WE,Federal Contract Tower,0,0,0,0,0,0,14,9,0,23,0,14,9,0,23,0,0,0,23
06/29/2020,GSN,MP,AWP,WE,Federal Contract Tower,2,0,8,0,10,0,29,3,0,32,2,29,11,0,42,0,0,0,42
06/30/2020,GSN,MP,AWP,WE,Federal Contract Tower,0,5,0,0,5,0,20,11,0,31,0,25,11,0,36,0,0,0,36
07/01/2020,GSN,MP,AWP,WE,Federal Contract Tower,0,1,13,0,14,0,29,15,0,44,0,30,28,0,58,0,0,0,58
07/02/2020,GSN,MP,AWP,WE,Federal Contract Tower,2,2,8,0,12,0,13,31,0,44,2,15,39,0,56,0,0,0,56
07/03/2020,GSN,MP,AWP,WE,Federal Contract Tower,0,1,8,0,9,0,44,31,0,75,0,45,39,0,84,0,0,0,84
07/04/2020,GSN,MP,AWP,WE,Federal Contract Tower,2,0,7,0,9,0,55,12,0,67,2,55,19,0,76,0,0,0,76
07/05/2020,GSN,MP,AWP,WE,Federal Contract Tower,0,0,0,0,0,0,24,11,0,35,0,24,11,0,35,0,0,0,35
07/06/2020,GSN,MP,AWP,WE,Federal Contract Tower,4,0,11,1,16,0,35,7,5,47,4,35,18,6,63,0,0,0,63
07/08/2020,GSN,MP,AWP,WE,Federal Contract Tower,0,2,8,0,10,0,28,15,0,43,0,30,23,0,53,0,0,0,53
07/09/2020,GSN,MP,AWP,WE,Federal Contract Tower,2,3,3,0,8,0,16,17,0,33,2,19,20,0,41,0,0,0,41
07/10/2020,GSN,MP,AWP,WE,Federal Contract Tower,0,2,5,0,7,0,34,14,0,48,0,36,19,0,55,0,0,0,55
07/11/2020,GSN,MP,AWP,WE,Federal Contract Tower,2,2,4,0,8,0,18,19,0,37,2,20,23,0,45,0,0,0,45
07/12/2020,GSN,MP,AWP,WE,Federal Contract Tower,0,1,2,0,3,0,16,7,0,23,0,17,9,0,26,0,0,0,26
07/13/2020,GSN,MP,AWP,WE,Federal Contract Tower,2,0,8,0,10,0,30,11,0,41,2,30,19,0,51,0,0,0,51
07/15/2020,GSN,MP,AWP,WE,Federal Contract Tower,0,0,6,0,6,0,27,10,0,37,0,27,16,0,43,0,0,0,43
07/16/2020,GSN,MP,AWP,WE,Federal Contract Tower,2,3,3,0,8,0,13,10,0,23,2,16,13,0,31,0,0,0,31
07/17/2020,GSN,MP,AWP,WE,Federal Contract Tower,0,2,4,0,6,0,35,10,0,45,0,37,14,0,51,0,0,0,51
07/18/2020,GSN,MP,AWP,WE,Federal Contract Tower,2,0,4,0,6,0,19,19,0,38,2,19,23,0,44,0,0,0,44
07/19/2020,GSN,MP,AWP,WE,Federal Contract Tower,0,1,0,0,1,0,22,10,0,32,0,23,10,0,33,0,0,0,33
07/20/2020,GSN,MP,AWP,WE,Federal Contract Tower,2,0,11,0,13,0,33,13,0,46,2,33,24,0,59,0,0,0,59
07/22/2020,GSN,MP,AWP,WE,Federal Contract Tower,0,5,10,0,15,0,28,17,0,45,0,33,27,0,60,2,0,2,62
07/23/2020,GSN,MP,AWP,WE,Federal Contract Tower,2,3,8,0,13,0,29,11,0,40,2,32,19,0,53,0,0,0,53
07/24/2020,GSN,MP,AWP,WE,Federal Contract Tower,0,2,8,0,10,0,30,12,0,42,0,32,20,0,52,0,0,0,52
07/25/2020,GSN,MP,AWP,WE,Federal Contract Tower,2,0,4,0,6,0,31,10,0,41,2,31,14,0,47,0,0,0,47
07/26/2020,GSN,MP,AWP,WE,Federal Contract Tower,0,2,0,0,2,0,28,2,0,30,0,30,2,0,32,0,0,0,32
07/27/2020,GSN,MP,AWP,WE,Federal Contract Tower,3,0,12,0,15,0,31,8,4,43,3,31,20,4,58,0,0,0,58
07/29/2020,GSN,MP,AWP,WE,Federal Contract Tower,0,2,6,0,8,0,32,13,0,45,0,34,19,0,53,0,0,0,53
07/30/2020,GSN,MP,AWP,WE,Federal Contract Tower,2,0,4,0,6,0,24,14,0,38,2,24,18,0,44,0,0,0,44
07/31/2020,GSN,MP,AWP,WE,Federal Contract Tower,0,1,11,0,12,0,53,7,0,60,0,54,18,0,72,0,0,0,72
08/01/2020,GSN,MP,AWP,WE,Federal Contract Tower,2,0,2,0,4,0,29,5,0,34,2,29,7,0,38,0,0,0,38
08/02/2020,GSN,MP,AWP,WE,Federal Contract Tower,0,0,0,0,0,0,23,3,0,26,0,23,3,0,26,0,0,0,26
08/03/2020,GSN,MP,AWP,WE,Federal Contract Tower,2,0,10,0,12,0,38,4,0,42,2,38,14,0,54,0,0,0,54
08/04/2020,GSN,MP,AWP,WE,Federal Contract Tower,0,1,6,0,7,0,38,17,2,57,0,39,23,2,64,0,0,0,64
08/06/2020,GSN,MP,AWP,WE,Federal Contract Tower,2,0,6,0,8,0,45,14,0,59,2,45,20,0,67,0,0,0,67
08/07/2020,GSN,MP,AWP,WE,Federal Contract Tower,0,0,9,0,9,0,45,11,0,56,0,45,20,0,65,0,0,0,65
08/08/2020,GSN,MP,AWP,WE,Federal Contract Tower,2,0,4,0,6,0,33,20,0,53,2,33,24,0,59,0,0,0,59
08/09/2020,GSN,MP,AWP,WE,Federal Contract Tower,0,0,0,0,0,0,29,5,0,34,0,29,5,0,34,0,0,0,34
08/10/2020,GSN,MP,AWP,WE,Federal Contract Tower,4,14,0,0,18,0,42,13,0,55,4,56,13,0,73,0,0,0,73
08/11/2020,GSN,MP,AWP,WE,Federal Contract Tower,0,0,4,0,4,0,36,15,0,51,0,36,19,0,55,0,0,0,55
08/13/2020,GSN,MP,AWP,WE,Federal Contract Tower,2,0,4,3,9,0,32,22,0,54,2,32,26,3,63,4,0,4,67
08/14/2020,GSN,MP,AWP,WE,Federal Contract Tower,0,0,7,0,7,0,39,15,2,56,0,39,22,2,63,0,0,0,63
08/15/2020,GSN,MP,AWP,WE,Federal Contract Tower,2,0,4,0,6,0,43,11,0,54,2,43,15,0,60,0,0,0,60
08/16/2020,GSN,MP,AWP,WE,Federal Contract Tower,0,0,0,1,1,0,37,10,5,52,0,37,10,6,53,0,0,0,53
08/17/2020,GSN,MP,AWP,WE,Federal Contract Tower,2,0,11,0,13,0,36,17,0,53,2,36,28,0,66,0,0,0,66
08/18/2020,GSN,MP,AWP,WE,Federal Contract Tower,0,0,5,0,5,0,36,9,0,45,0,36,14,0,50,0,0,0,50
08/20/2020,GSN,MP,AWP,WE,Federal Contract Tower,2,0,5,0,7,0,28,14,0,42,2,28,19,0,49,0,0,0,49
08/21/2020,GSN,MP,AWP,WE,Federal Contract Tower,0,0,8,1,9,0,47,15,0,62,0,47,23,1,71,0,0,0,71
08/22/2020,GSN,MP,AWP,WE,Federal Contract Tower,2,0,4,0,6,0,24,21,0,45,2,24,25,0,51,0,0,0,51
08/23/2020,GSN,MP,AWP,WE,Federal Contract Tower,0,0,0,0,0,0,20,10,0,30,0,20,10,0,30,0,0,0,30
08/24/2020,GSN,MP,AWP,WE,Federal Contract Tower,2,2,14,0,18,0,28,7,4,39,2,30,21,4,57,0,0,0,57
08/25/2020,GSN,MP,AWP,WE,Federal Contract Tower,0,0,5,0,5,0,25,8,0,33,0,25,13,0,38,0,0,0,38
08/27/2020,GSN,MP,AWP,WE,Federal Contract Tower,4,7,8,0,19,0,24,12,0,36,4,31,20,0,55,0,0,0,55
08/28/2020,GSN,MP,AWP,WE,Federal Contract Tower,0,11,9,0,20,0,29,9,0,38,0,40,18,0,58,0,0,0,58
08/29/2020,GSN,MP,AWP,WE,Federal Contract Tower,2,1,6,0,9,0,45,11,0,56,2,46,17,0,65,0,0,0,65
08/30/2020,GSN,MP,AWP,WE,Federal Contract Tower,0,0,0,0,0,0,21,7,0,28,0,21,7,0,28,4,0,4,32
08/31/2020,GSN,MP,AWP,WE,Federal Contract Tower,2,1,14,0,17,0,30,10,0,40,2,31,24,0,57,0,0,0,57
09/01/2020,GSN,MP,AWP,WE,Federal Contract Tower,0,0,0,0,0,0,21,7,0,28,0,21,7,0,28,0,0,0,28
09/02/2020,GSN,MP,AWP,WE,Federal Contract Tower,0,0,10,0,10,0,35,16,0,51,0,35,26,0,61,0,0,0,61
09/03/2020,GSN,MP,AWP,WE,Federal Contract Tower,2,0,8,0,10,0,28,16,0,44,2,28,24,0,54,0,0,0,54
09/05/2020,GSN,MP,AWP,WE,Federal Contract Tower,2,0,6,0,8,0,29,12,0,41,2,29,18,0,49,0,0,0,49
09/06/2020,GSN,MP,AWP,WE,Federal Contract Tower,0,0,0,0,0,0,17,10,0,27,0,17,10,0,27,0,0,0,27
09/07/2020,GSN,MP,AWP,WE,Federal Contract Tower,2,3,12,0,17,0,24,13,0,37,2,27,25,0,54,0,0,0,54
09/08/2020,GSN,MP,AWP,WE,Federal Contract Tower,0,0,7,0,7,0,34,13,0,47,0,34,20,0,54,0,0,0,54
09/09/2020,GSN,MP,AWP,WE,Federal Contract Tower,2,0,12,0,14,0,35,13,0,48,2,35,25,0,62,0,0,0,62
09/10/2020,GSN,MP,AWP,WE,Federal Contract Tower,2,1,12,0,15,0,34,12,0,46,2,35,24,0,61,0,0,0,61
09/12/2020,GSN,MP,AWP,WE,Federal Contract Tower,2,0,5,0,7,0,35,25,0,60,2,35,30,0,67,0,0,0,67
09/13/2020,GSN,MP,AWP,WE,Federal Contract Tower,0,0,1,0,1,0,25,22,0,47,0,25,23,0,48,0,0,0,48
09/14/2020,GSN,MP,AWP,WE,Federal Contract Tower,4,3,12,0,19,0,27,9,0,36,4,30,21,0,55,0,0,0,55
09/15/2020,GSN,MP,AWP,WE,Federal Contract Tower,2,0,9,0,11,0,34,15,0,49,2,34,24,0,60,0,0,0,60
09/16/2020,GSN,MP,AWP,WE,Federal Contract Tower,0,1,8,2,11,0,32,16,0,48,0,33,24,2,59,0,0,0,59
09/17/2020,GSN,MP,AWP,WE,Federal Contract Tower,2,1,6,0,9,0,30,13,0,43,2,31,19,0,52,0,0,0,52
09/19/2020,GSN,MP,AWP,WE,Federal Contract Tower,2,0,6,0,8,0,47,24,0,71,2,47,30,0,79,0,0,0,79
09/20/2020,GSN,MP,AWP,WE,Federal Contract Tower,0,0,0,0,0,0,29,13,2,44,0,29,13,2,44,0,0,0,44
09/21/2020,GSN,MP,AWP,WE,Federal Contract Tower,2,4,10,0,16,0,26,9,0,35,2,30,19,0,51,0,0,0,51
09/22/2020,GSN,MP,AWP,WE,Federal Contract Tower,0,2,9,0,11,0,26,16,0,42,0,28,25,0,53,0,0,0,53
09/23/2020,GSN,MP,AWP,WE,Federal Contract Tower,0,0,11,0,11,0,38,16,0,54,0,38,27,0,65,0,0,0,65
09/24/2020,GSN,MP,AWP,WE,Federal Contract Tower,4,0,6,0,10,0,44,19,0,63,4,44,25,0,73,0,0,0,73
09/26/2020,GSN,MP,AWP,WE,Federal Contract Tower,2,0,6,3,11,0,35,23,0,58,2,35,29,3,69,2,0,2,71
09/27/2020,GSN,MP,AWP,WE,Federal Contract Tower,0,0,0,0,0,0,36,20,0,56,0,36,20,0,56,0,0,0,56
09/28/2020,GSN,MP,AWP,WE,Federal Contract Tower,2,3,12,0,17,0,26,20,0,46,2,29,32,0,63,0,0,0,63
09/29/2020,GSN,MP,AWP,WE,Federal Contract Tower,0,2,8,0,10,0,25,17,0,42,0,27,25,0,52,0,0,0,52
09/30/2020,GSN,MP,AWP,WE,Federal Contract Tower,0,1,9,0,10,0,40,11,0,51,0,41,20,0,61,0,0,0,61
10/01/2020,GSN,MP,AWP,WE,Federal Contract Tower,4,1,6,0,11,0,27,8,0,35,4,28,14,0,46,2,0,2,48
10/04/2020,GSN,MP,AWP,WE,Federal Contract Tower,0,0,0,0,0,0,28,11,0,39,0,28,11,0,39,0,0,0,39
10/05/2020,GSN,MP,AWP,WE,Federal Contract Tower,2,4,12,0,18,0,24,6,0,30,2,28,18,0,48,0,0,0,48
10/06/2020,GSN,MP,AWP,WE,Federal Contract Tower,0,4,7,0,11,0,30,17,0,47,0,34,24,0,58,0,0,0,58
10/07/2020,GSN,MP,AWP,WE,Federal Contract Tower,0,2,12,0,14,0,32,17,0,49,0,34,29,0,63,0,0,0,63
10/08/2020,GSN,MP,AWP,WE,Federal Contract Tower,4,7,8,0,19,0,22,20,0,42,4,29,28,0,61,0,0,0,61
10/09/2020,GSN,MP,AWP,WE,Federal Contract Tower,0,7,10,4,21,0,51,9,0,60,0,58,19,4,81,0,0,0,81
10/11/2020,GSN,MP,AWP,WE,Federal Contract Tower,0,0,1,0,1,0,29,7,0,36,0,29,8,0,37,0,0,0,37
10/12/2020,GSN,MP,AWP,WE,Federal Contract Tower,4,0,11,0,15,0,40,13,0,53,4,40,24,0,68,0,0,0,68
10/13/2020,GSN,MP,AWP,WE,Federal Contract Tower,0,2,7,0,9,0,37,8,0,45,0,39,15,0,54,0,0,0,54
10/14/2020,GSN,MP,AWP,WE,Federal Contract Tower,0,5,5,0,10,0,34,10,0,44,0,39,15,0,54,0,0,0,54
10/15/2020,GSN,MP,AWP,WE,Federal Contract Tower,2,3,8,0,13,0,33,16,0,49,2,36,24,0,62,2,0,2,64
10/16/2020,GSN,MP,AWP,WE,Federal Contract Tower,0,5,10,0,15,0,47,8,0,55,0,52,18,0,70,0,0,0,70
10/17/2020,GSN,MP,AWP,WE,Federal Contract Tower,2,8,0,0,10,0,28,15,0,43,2,36,15,0,53,2,0,2,55
10/18/2020,GSN,MP,AWP,WE,Federal Contract Tower,0,0,0,0,0,0,29,7,0,36,0,29,7,0,36,0,0,0,36
10/19/2020,GSN,MP,AWP,WE,Federal Contract Tower,2,2,17,0,21,0,30,24,0,54,2,32,41,0,75,0,0,0,75
10/20/2020,GSN,MP,AWP,WE,Federal Contract Tower,0,2,8,0,10,0,49,11,0,60,0,51,19,0,70,0,0,0,70
10/21/2020,GSN,MP,AWP,WE,Federal Contract Tower,0,5,10,0,15,0,34,10,0,44,0,39,20,0,59,0,0,0,59
10/22/2020,GSN,MP,AWP,WE,Federal Contract Tower,2,4,8,0,14,0,35,18,0,53,2,39,26,0,67,0,0,0,67
10/23/2020,GSN,MP,AWP,WE,Federal Contract Tower,0,5,7,0,12,0,47,22,0,69,0,52,29,0,81,2,0,2,83
10/24/2020,GSN,MP,AWP,WE,Federal Contract Tower,2,8,0,0,10,0,39,28,0,67,2,47,28,0,77,0,0,0,77
10/25/2020,GSN,MP,AWP,WE,Federal Contract Tower,0,2,1,0,3,0,27,6,0,33,0,29,7,0,36,0,0,0,36
10/26/2020,GSN,MP,AWP,WE,Federal Contract Tower,2,6,14,0,22,0,31,17,0,48,2,37,31,0,70,0,0,0,70
10/27/2020,GSN,MP,AWP,WE,Federal Contract Tower,2,5,11,0,18,0,25,15,0,40,2,30,26,0,58,0,0,0,58
10/28/2020,GSN,MP,AWP,WE,Federal Contract Tower,0,2,12,0,14,0,29,11,0,40,0,31,23,0,54,0,0,0,54
10/29/2020,GSN,MP,AWP,WE,Federal Contract Tower,2,1,8,0,11,0,32,11,0,43,2,33,19,0,54,0,0,0,54
10/30/2020,GSN,MP,AWP,WE,Federal Contract Tower,0,2,9,0,11,0,38,13,0,51,0,40,22,0,62,0,0,0,62
10/31/2020,GSN,MP,AWP,WE,Federal Contract Tower,2,1,12,0,15,0,29,11,0,40,2,30,23,0,55,0,0,0,55
11/02/2020,GSN,MP,AWP,WE,Federal Contract Tower,2,6,13,0,21,0,34,7,0,41,2,40,20,0,62,0,0,0,62
11/03/2020,GSN,MP,AWP,WE,Federal Contract Tower,0,3,9,0,12,0,30,17,0,47,0,33,26,0,59,0,0,0,59
11/04/2020,GSN,MP,AWP,WE,Federal Contract Tower,0,1,12,0,13,0,34,7,0,41,0,35,19,0,54,0,0,0,54
11/05/2020,GSN,MP,AWP,WE,Federal Contract Tower,2,1,6,0,9,0,26,9,0,35,2,27,15,0,44,0,0,0,44
11/06/2020,GSN,MP,AWP,WE,Federal Contract Tower,0,7,7,0,14,0,40,13,0,53,0,47,20,0,67,0,0,0,67
11/07/2020,GSN,MP,AWP,WE,Federal Contract Tower,2,2,8,0,12,0,27,16,0,43,2,29,24,0,55,0,0,0,55
11/09/2020,GSN,MP,AWP,WE,Federal Contract Tower,2,5,15,0,22,0,29,9,0,38,2,34,24,0,60,0,0,0,60
11/10/2020,GSN,MP,AWP,WE,Federal Contract Tower,0,0,3,0,3,0,33,13,0,46,0,33,16,0,49,0,0,0,49
11/11/2020,GSN,MP,AWP,WE,Federal Contract Tower,0,1,10,0,11,0,35,6,0,41,0,36,16,0,52,0,0,0,52
11/12/2020,GSN,MP,AWP,WE,Federal Contract Tower,2,0,6,1,9,0,35,12,0,47,2,35,18,1,56,0,0,0,56
11/13/2020,GSN,MP,AWP,WE,Federal Contract Tower,0,7,8,0,15,0,49,8,0,57,0,56,16,0,72,6,0,6,78
11/14/2020,GSN,MP,AWP,WE,Federal Contract Tower,2,0,12,0,14,0,26,2,0,28,2,26,14,0,42,0,0,0,42
11/15/2020,GSN,MP,AWP,WE,Federal Contract Tower,0,2,0,0,2,0,17,10,0,27,0,19,10,0,29,0,0,0,29
11/16/2020,GSN,MP,AWP,WE,Federal Contract Tower,2,6,8,0,16,0,33,11,0,44,2,39,19,0,60,0,0,0,60
11/17/2020,GSN,MP,AWP,WE,Federal Contract Tower,0,1,6,0,7,0,34,15,0,49,0,35,21,0,56,0,0,0,56
11/18/2020,GSN,MP,AWP,WE,Federal Contract Tower,0,5,6,0,11,0,34,18,2,54,0,39,24,2,65,0,0,0,65
11/19/2020,GSN,MP,AWP,WE,Federal Contract Tower,2,9,4,0,15,0,26,21,0,47,2,35,25,0,62,0,0,0,62
11/20/2020,GSN,MP,AWP,WE,Federal Contract Tower,0,8,8,0,16,0,34,25,0,59,0,42,33,0,75,0,0,0,75
11/21/2020,GSN,MP,AWP,WE,Federal Contract Tower,2,2,8,0,12,0,31,28,0,59,2,33,36,0,71,0,0,0,71
11/23/2020,GSN,MP,AWP,WE,Federal Contract Tower,2,3,10,2,17,0,36,13,0,49,2,39,23,2,66,0,0,0,66
11/24/2020,GSN,MP,AWP,WE,Federal Contract Tower,0,4,7,0,11,0,32,14,0,46,0,36,21,0,57,0,0,0,57
11/25/2020,GSN,MP,AWP,WE,Federal Contract Tower,0,7,6,0,13,0,44,15,0,59,0,51,21,0,72,0,0,0,72
11/26/2020,GSN,MP,AWP,WE,Federal Contract Tower,2,0,4,0,6,0,20,15,0,35,2,20,19,0,41,0,0,0,41
11/27/2020,GSN,MP,AWP,WE,Federal Contract Tower,0,5,9,0,14,0,39,14,2,55,0,44,23,2,69,0,0,0,69
11/28/2020,GSN,MP,AWP,WE,Federal Contract Tower,3,0,4,0,7,0,34,7,0,41,3,34,11,0,48,0,0,0,48
11/29/2020,GSN,MP,AWP,WE,Federal Contract Tower,1,0,0,0,1,0,34,8,0,42,1,34,8,0,43,0,0,0,43
11/30/2020,GSN,MP,AWP,WE,Federal Contract Tower,4,17,0,0,21,0,26,18,0,44,4,43,18,0,65,0,0,0,65
12/01/2020,GSN,MP,AWP,WE,Federal Contract Tower,0,4,3,0,7,0,28,16,0,44,0,32,19,0,51,0,0,0,51
12/02/2020,GSN,MP,AWP,WE,Federal Contract Tower,0,5,9,0,14,0,28,21,0,49,0,33,30,0,63,0,0,0,63
12/03/2020,GSN,MP,AWP,WE,Federal Contract Tower,2,5,8,0,15,0,20,5,0,25,2,25,13,0,40,0,0,0,40
12/04/2020,GSN,MP,AWP,WE,Federal Contract Tower,0,1,8,0,9,0,46,29,0,75,0,47,37,0,84,0,0,0,84
12/05/2020,GSN,MP,AWP,WE,Federal Contract Tower,2,2,8,0,12,0,36,23,0,59,2,38,31,0,71,0,0,0,71
12/06/2020,GSN,MP,AWP,WE,Federal Contract Tower,0,0,0,0,0,0,21,14,0,35,0,21,14,0,35,0,0,0,35
12/08/2020,GSN,MP,AWP,WE,Federal Contract Tower,0,2,7,0,9,0,44,18,0,62,0,46,25,0,71,0,0,0,71
12/09/2020,GSN,MP,AWP,WE,Federal Contract Tower,0,6,11,0,17,0,30,16,4,50,0,36,27,4,67,0,0,0,67
12/10/2020,GSN,MP,AWP,WE,Federal Contract Tower,2,1,8,1,12,0,35,18,0,53,2,36,26,1,65,0,0,0,65
12/11/2020,GSN,MP,AWP,WE,Federal Contract Tower,2,0,6,4,12,0,59,25,4,88,2,59,31,8,100,0,0,0,100
12/12/2020,GSN,MP,AWP,WE,Federal Contract Tower,2,0,3,0,5,0,31,11,0,42,2,31,14,0,47,0,0,0,47
12/13/2020,GSN,MP,AWP,WE,Federal Contract Tower,0,0,0,0,0,0,25,14,0,39,0,25,14,0,39,0,0,0,39
12/15/2020,GSN,MP,AWP,WE,Federal Contract Tower,0,5,7,0,12,0,31,12,0,43,0,36,19,0,55,0,0,0,55
12/16/2020,GSN,MP,AWP,WE,Federal Contract Tower,0,0,10,0,10,0,37,15,0,52,0,37,25,0,62,0,0,0,62
12/17/2020,GSN,MP,AWP,WE,Federal Contract Tower,2,0,6,2,10,0,50,13,0,63,2,50,19,2,73,0,8,8,81
12/18/2020,GSN,MP,AWP,WE,Federal Contract Tower,0,7,7,0,14,0,52,17,0,69,0,59,24,0,83,0,0,0,83
12/19/2020,GSN,MP,AWP,WE,Federal Contract Tower,2,2,5,0,9,0,41,38,0,79,2,43,43,0,88,0,0,0,88
12/20/2020,GSN,MP,AWP,WE,Federal Contract Tower,0,4,0,0,4,0,32,14,0,46,0,36,14,0,50,0,0,0,50
12/22/2020,GSN,MP,AWP,WE,Federal Contract Tower,3,9,2,0,14,0,45,16,0,61,3,54,18,0,75,0,0,0,75
12/23/2020,GSN,MP,AWP,WE,Federal Contract Tower,0,12,12,0,24,0,51,11,0,62,0,63,23,0,86,0,0,0,86
12/24/2020,GSN,MP,AWP,WE,Federal Contract Tower,2,4,7,0,13,0,38,27,0,65,2,42,34,0,78,0,0,0,78
12/25/2020,GSN,MP,AWP,WE,Federal Contract Tower,0,6,12,0,18,0,16,11,0,27,0,22,23,0,45,0,0,0,45
12/26/2020,GSN,MP,AWP,WE,Federal Contract Tower,2,0,6,0,8,0,28,11,0,39,2,28,17,0,47,0,0,0,47
12/27/2020,GSN,MP,AWP,WE,Federal Contract Tower,0,0,0,0,0,0,22,9,0,31,0,22,9,0,31,0,0,0,31
12/29/2020,GSN,MP,AWP,WE,Federal Contract Tower,0,0,10,0,10,0,32,20,0,52,0,32,30,0,62,0,0,0,62
12/30/2020,GSN,MP,AWP,WE,Federal Contract Tower,0,8,9,0,17,0,42,16,0,58,0,50,25,0,75,0,0,0,75
12/31/2020,GSN,MP,AWP,WE,Federal Contract Tower,2,6,3,0,11,0,60,17,0,77,2,66,20,0,88,0,0,0,88
01/01/2021,GSN,MP,AWP,WE,Federal Contract Tower,0,6,8,0,14,0,23,10,0,33,0,29,18,0,47,0,0,0,47
01/02/2021,GSN,MP,AWP,WE,Federal Contract Tower,2,0,3,0,5,0,33,25,0,58,2,33,28,0,63,0,0,0,63
01/03/2021,GSN,MP,AWP,WE,Federal Contract Tower,0,0,0,0,0,0,42,19,0,61,0,42,19,0,61,0,0,0,61
01/04/2021,GSN,MP,AWP,WE,Federal Contract Tower,2,0,11,0,13,0,34,21,0,55,2,34,32,0,68,0,0,0,68
01/05/2021,GSN,MP,AWP,WE,Federal Contract Tower,0,7,3,0,10,0,32,6,0,38,0,39,9,0,48,0,0,0,48
01/06/2021,GSN,MP,AWP,WE,Federal Contract Tower,0,6,8,0,14,0,31,12,0,43,0,37,20,0,57,0,0,0,57
01/07/2021,GSN,MP,AWP,WE,Federal Contract Tower,2,6,6,0,14,0,28,12,0,40,2,34,18,0,54,0,0,0,54
01/08/2021,GSN,MP,AWP,WE,Federal Contract Tower,0,6,6,0,12,0,33,19,0,52,0,39,25,0,64,0,0,0,64
01/09/2021,GSN,MP,AWP,WE,Federal Contract Tower,2,0,4,0,6,0,35,8,0,43,2,35,12,0,49,0,0,0,49
01/10/2021,GSN,MP,AWP,WE,Federal Contract Tower,0,0,0,0,0,0,32,11,0,43,0,32,11,0,43,0,0,0,43
01/11/2021,GSN,MP,AWP,WE,Federal Contract Tower,2,5,15,0,22,0,33,28,0,61,2,38,43,0,83,0,0,0,83
01/12/2021,GSN,MP,AWP,WE,Federal Contract Tower,0,11,0,0,11,0,40,12,0,52,0,51,12,0,63,0,0,0,63
01/13/2021,GSN,MP,AWP,WE,Federal Contract Tower,1,4,10,0,15,0,34,13,0,47,1,38,23,0,62,0,0,0,62
01/14/2021,GSN,MP,AWP,WE,Federal Contract Tower,2,6,3,3,14,0,31,8,6,45,2,37,11,9,59,0,10,10,69
01/15/2021,GSN,MP,AWP,WE,Federal Contract Tower,2,0,11,0,13,0,67,11,0,78,2,67,22,0,91,0,0,0,91
01/16/2021,GSN,MP,AWP,WE,Federal Contract Tower,2,0,5,0,7,0,46,11,0,57,2,46,16,0,64,0,0,0,64
01/17/2021,GSN,MP,AWP,WE,Federal Contract Tower,0,2,0,0,2,0,47,8,0,55,0,49,8,0,57,0,0,0,57
01/18/2021,GSN,MP,AWP,WE,Federal Contract Tower,2,6,7,0,15,0,36,11,0,47,2,42,18,0,62,0,0,0,62
01/20/2021,GSN,MP,AWP,WE,Federal Contract Tower,0,4,9,1,14,0,34,17,1,52,0,38,26,2,66,0,14,14,80
01/21/2021,GSN,MP,AWP,WE,Federal Contract Tower,2,0,6,0,8,0,40,11,0,51,2,40,17,0,59,0,0,0,59
01/22/2021,GSN,MP,AWP,WE,Federal Contract Tower,0,0,8,2,10,0,50,20,6,76,0,50,28,8,86,0,14,14,100
01/23/2021,GSN,MP,AWP,WE,Federal Contract Tower,2,4,11,8,25,0,27,10,0,37,2,31,21,8,62,0,0,0,62
01/24/2021,GSN,MP,AWP,WE,Federal Contract Tower,0,6,0,0,6,0,21,10,0,31,0,27,10,0,37,0,0,0,37
01/25/2021,GSN,MP,AWP,WE,Federal Contract Tower,2,2,16,0,20,0,38,21,0,59,2,40,37,0,79,0,0,0,79
01/27/2021,GSN,MP,AWP,WE,Federal Contract Tower,0,0,9,0,9,0,32,8,2,42,0,32,17,2,51,0,0,0,51
01/28/2021,GSN,MP,AWP,WE,Federal Contract Tower,2,0,6,0,8,0,29,12,0,41,2,29,18,0,49,0,0,0,49
01/29/2021,GSN,MP,AWP,WE,Federal Contract Tower,0,6,9,0,15,0,37,17,0,54,0,43,26,0,69,0,0,0,69
01/30/2021,GSN,MP,AWP,WE,Federal Contract Tower,2,2,6,0,10,0,31,14,0,45,2,33,20,0,55,0,0,0,55
01/31/2021,GSN,MP,AWP,WE,Federal Contract Tower,0,4,0,0,4,0,27,12,0,39,0,31,12,0,43,0,0,0,43
02/01/2021,GSN,MP,AWP,WE,Federal Contract Tower,2,6,10,0,18,0,24,12,0,36,2,30,22,0,54,0,0,0,54
02/02/2021,GSN,MP,AWP,WE,Federal Contract Tower,0,3,5,0,8,0,30,16,0,46,0,33,21,0,54,0,0,0,54
02/03/2021,GSN,MP,AWP,WE,Federal Contract Tower,0,15,0,0,15,0,28,15,0,43,0,43,15,0,58,0,0,0,58
02/04/2021,GSN,MP,AWP,WE,Federal Contract Tower,2,2,6,0,10,0,30,19,0,49,2,32,25,0,59,0,0,0,59
02/05/2021,GSN,MP,AWP,WE,Federal Contract Tower,0,6,3,0,9,0,49,12,0,61,0,55,15,0,70,0,0,0,70
02/06/2021,GSN,MP,AWP,WE,Federal Contract Tower,2,1,9,0,12,0,29,12,0,41,2,30,21,0,53,0,0,0,53
02/07/2021,GSN,MP,AWP,WE,Federal Contract Tower,0,0,0,0,0,0,38,17,0,55,0,38,17,0,55,0,0,0,55
02/08/2021,GSN,MP,AWP,WE,Federal Contract Tower,2,0,10,0,12,0,35,16,0,51,2,35,26,0,63,0,0,0,63
02/09/2021,GSN,MP,AWP,WE,Federal Contract Tower,0,1,7,0,8,0,42,12,0,54,0,43,19,0,62,0,0,0,62
02/10/2021,GSN,MP,AWP,WE,Federal Contract Tower,0,9,0,0,9,0,31,21,0,52,0,40,21,0,61,10,0,10,71
02/11/2021,GSN,MP,AWP,WE,Federal Contract Tower,2,6,11,1,20,0,52,16,0,68,2,58,27,1,88,10,0,10,98
02/12/2021,GSN,MP,AWP,WE,Federal Contract Tower,0,8,5,0,13,0,83,56,0,139,0,91,61,0,152,0,0,0,152
02/13/2021,GSN,MP,AWP,WE,Federal Contract Tower,2,4,7,0,13,0,96,38,0,134,2,100,45,0,147,0,0,0,147
02/14/2021,GSN,MP,AWP,WE,Federal Contract Tower,0,0,0,0,0,0,81,38,0,119,0,81,38,0,119,0,0,0,119
02/15/2021,GSN,MP,AWP,WE,Federal Contract Tower,2,0,12,0,14,0,80,25,0,105,2,80,37,0,119,0,0,0,119
02/16/2021,GSN,MP,AWP,WE,Federal Contract Tower,0,6,7,1,14,0,41,18,1,60,0,47,25,2,74,0,2,2,76
02/17/2021,GSN,MP,AWP,WE,Federal Contract Tower,0,12,0,0,12,0,40,10,0,50,0,52,10,0,62,0,0,0,62
02/18/2021,GSN,MP,AWP,WE,Federal Contract Tower,2,6,7,0,15,0,35,15,0,50,2,41,22,0,65,0,0,0,65
02/19/2021,GSN,MP,AWP,WE,Federal Contract Tower,0,1,7,1,9,0,49,18,4,71,0,50,25,5,80,0,0,0,80
02/20/2021,GSN,MP,AWP,WE,Federal Contract Tower,2,0,4,0,6,0,34,12,4,50,2,34,16,4,56,0,0,0,56
02/21/2021,GSN,MP,AWP,WE,Federal Contract Tower,0,0,0,0,0,0,25,17,0,42,0,25,17,0,42,0,0,0,42
02/22/2021,GSN,MP,AWP,WE,Federal Contract Tower,2,5,5,10,22,0,0,0,0,0,2,5,5,10,22,0,0,0,22
02/23/2021,GSN,MP,AWP,WE,Federal Contract Tower,0,0,7,0,7,0,28,17,0,45,0,28,24,0,52,0,0,0,52
02/24/2021,GSN,MP,AWP,WE,Federal Contract Tower,10,0,0,0,10,0,41,14,0,55,10,41,14,0,65,0,0,0,65
02/25/2021,GSN,MP,AWP,WE,Federal Contract Tower,2,4,6,0,12,0,34,14,0,48,2,38,20,0,60,0,0,0,60
02/26/2021,GSN,MP,AWP,WE,Federal Contract Tower,0,8,7,0,15,0,50,24,0,74,0,58,31,0,89,0,0,0,89
02/27/2021,GSN,MP,AWP,WE,Federal Contract Tower,2,4,4,0,10,0,43,8,2,53,2,47,12,2,63,0,2,2,65
02/28/2021,GSN,MP,AWP,WE,Federal Contract Tower,0,2,0,0,2,0,27,17,0,44,0,29,17,0,46,0,0,0,46
03/01/2021,GSN,MP,AWP,WE,Federal Contract Tower,2,6,12,0,20,0,32,11,0,43,2,38,23,0,63,0,0,0,63
03/02/2021,GSN,MP,AWP,WE,Federal Contract Tower,0,3,6,0,9,0,33,12,0,45,0,36,18,0,54,0,0,0,54
03/03/2021,GSN,MP,AWP,WE,Federal Contract Tower,0,0,6,0,6,0,51,15,0,66,0,51,21,0,72,0,0,0,72
03/04/2021,GSN,MP,AWP,WE,Federal Contract Tower,2,0,2,0,4,0,48,29,0,77,2,48,31,0,81,0,0,0,81
03/06/2021,GSN,MP,AWP,WE,Federal Contract Tower,2,0,7,0,9,0,38,19,0,57,2,38,26,0,66,0,0,0,66
03/07/2021,GSN,MP,AWP,WE,Federal Contract Tower,0,0,0,0,0,0,30,13,0,43,0,30,13,0,43,0,0,0,43
03/08/2021,GSN,MP,AWP,WE,Federal Contract Tower,2,6,10,0,18,0,31,7,0,38,2,37,17,0,56,0,0,0,56
03/09/2021,GSN,MP,AWP,WE,Federal Contract Tower,6,6,0,0,12,0,35,12,0,47,6,41,12,0,59,0,0,0,59
03/10/2021,GSN,MP,AWP,WE,Federal Contract Tower,0,5,7,0,12,0,39,11,8,58,0,44,18,8,70,0,0,0,70
03/11/2021,GSN,MP,AWP,WE,Federal Contract Tower,2,6,5,0,13,0,51,14,0,65,2,57,19,0,78,0,0,0,78
03/12/2021,GSN,MP,AWP,WE,Federal Contract Tower,0,16,2,0,18,0,73,25,0,98,0,89,27,0,116,0,0,0,116
03/13/2021,GSN,MP,AWP,WE,Federal Contract Tower,2,0,6,0,8,0,62,22,0,84,2,62,28,0,92,0,0,0,92
03/14/2021,GSN,MP,AWP,WE,Federal Contract Tower,0,0,0,0,0,0,40,16,0,56,0,40,16,0,56,0,0,0,56
03/15/2021,GSN,MP,AWP,WE,Federal Contract Tower,2,6,12,0,20,0,27,9,0,36,2,33,21,0,56,0,0,0,56
03/16/2021,GSN,MP,AWP,WE,Federal Contract Tower,0,6,9,0,15,0,36,17,0,53,0,42,26,0,68,0,0,0,68
03/17/2021,GSN,MP,AWP,WE,Federal Contract Tower,0,4,8,0,12,0,42,9,0,51,0,46,17,0,63,0,0,0,63
03/18/2021,GSN,MP,AWP,WE,Federal Contract Tower,2,9,1,10,22,0,48,16,0,64,2,57,17,10,86,0,0,0,86
03/19/2021,GSN,MP,AWP,WE,Federal Contract Tower,4,17,0,0,21,0,49,13,0,62,4,66,13,0,83,0,0,0,83
03/20/2021,GSN,MP,AWP,WE,Federal Contract Tower,2,0,6,0,8,0,33,8,0,41,2,33,14,0,49,0,0,0,49
03/21/2021,GSN,MP,AWP,WE,Federal Contract Tower,0,0,0,0,0,0,17,9,0,26,0,17,9,0,26,0,0,0,26
03/22/2021,GSN,MP,AWP,WE,Federal Contract Tower,3,6,14,0,23,0,26,6,0,32,3,32,20,0,55,0,0,0,55
03/23/2021,GSN,MP,AWP,WE,Federal Contract Tower,0,7,7,0,14,0,30,18,0,48,0,37,25,0,62,0,0,0,62
03/24/2021,GSN,MP,AWP,WE,Federal Contract Tower,0,7,9,0,16,0,29,6,0,35,0,36,15,0,51,0,0,0,51
03/25/2021,GSN,MP,AWP,WE,Federal Contract Tower,3,4,6,0,13,0,39,13,0,52,3,43,19,0,65,0,0,0,65
03/26/2021,GSN,MP,AWP,WE,Federal Contract Tower,2,11,0,0,13,0,36,16,0,52,2,47,16,0,65,0,0,0,65
03/27/2021,GSN,MP,AWP,WE,Federal Contract Tower,2,0,6,0,8,0,24,13,0,37,2,24,19,0,45,0,0,0,45
03/28/2021,GSN,MP,AWP,WE,Federal Contract Tower,0,1,0,0,1,0,25,7,0,32,0,26,7,0,33,0,0,0,33
03/29/2021,GSN,MP,AWP,WE,Federal Contract Tower,2,2,11,0,15,0,36,5,0,41,2,38,16,0,56,0,0,0,56
03/30/2021,GSN,MP,AWP,WE,Federal Contract Tower,0,4,5,0,9,0,35,14,0,49,0,39,19,0,58,0,0,0,58
03/31/2021,GSN,MP,AWP,WE,Federal Contract Tower,0,5,10,0,15,0,34,17,0,51,0,39,27,0,66,0,0,0,66
04/01/2021,GSN,MP,AWP,WE,Federal Contract Tower,2,9,0,0,11,0,32,10,0,42,2,41,10,0,53,0,0,0,53
04/02/2021,GSN,MP,AWP,WE,Federal Contract Tower,2,10,0,12,24,0,23,13,0,36,2,33,13,12,60,0,0,0,60
04/03/2021,GSN,MP,AWP,WE,Federal Contract Tower,2,0,6,0,8,0,31,6,0,37,2,31,12,0,45,0,0,0,45
04/04/2021,GSN,MP,AWP,WE,Federal Contract Tower,0,2,0,0,2,0,26,12,0,38,0,28,12,0,40,0,0,0,40
04/05/2021,GSN,MP,AWP,WE,Federal Contract Tower,2,2,12,0,16,0,37,17,0,54,2,39,29,0,70,0,0,0,70
04/06/2021,GSN,MP,AWP,WE,Federal Contract Tower,0,1,5,0,6,0,33,11,0,44,0,34,16,0,50,0,0,0,50
04/07/2021,GSN,MP,AWP,WE,Federal Contract Tower,0,0,9,0,9,0,41,16,0,57,0,41,25,0,66,0,0,0,66
04/08/2021,GSN,MP,AWP,WE,Federal Contract Tower,2,1,4,0,7,0,42,15,0,57,2,43,19,0,64,0,0,0,64
04/09/2021,GSN,MP,AWP,WE,Federal Contract Tower,2,12,0,0,14,0,70,13,0,83,2,82,13,0,97,0,0,0,97
04/10/2021,GSN,MP,AWP,WE,Federal Contract Tower,2,0,2,0,4,0,36,22,0,58,2,36,24,0,62,0,0,0,62
04/11/2021,GSN,MP,AWP,WE,Federal Contract Tower,0,0,0,0,0,0,40,8,0,48,0,40,8,0,48,0,0,0,48
04/12/2021,GSN,MP,AWP,WE,Federal Contract Tower,2,0,12,0,14,0,46,12,0,58,2,46,24,0,72,0,0,0,72
04/13/2021,GSN,MP,AWP,WE,Federal Contract Tower,0,0,9,0,9,0,32,12,0,44,0,32,21,0,53,0,0,0,53
04/14/2021,GSN,MP,AWP,WE,Federal Contract Tower,0,0,4,0,4,0,43,18,0,61,0,43,22,0,65,0,0,0,65
04/15/2021,GSN,MP,AWP,WE,Federal Contract Tower,2,4,0,0,6,0,47,18,0,65,2,51,18,0,71,0,0,0,71
04/16/2021,GSN,MP,AWP,WE,Federal Contract Tower,2,13,2,0,17,0,88,9,0,97,2,101,11,0,114,0,0,0,114
04/17/2021,GSN,MP,AWP,WE,Federal Contract Tower,2,0,6,0,8,0,56,13,0,69,2,56,19,0,77,0,0,0,77
04/18/2021,GSN,MP,AWP,WE,Federal Contract Tower,0,0,0,0,0,0,46,19,0,65,0,46,19,0,65,0,0,0,65
04/19/2021,GSN,MP,AWP,WE,Federal Contract Tower,2,0,14,0,16,0,54,16,0,70,2,54,30,0,86,0,0,0,86
04/20/2021,GSN,MP,AWP,WE,Federal Contract Tower,0,0,11,0,11,0,50,28,1,79,0,50,39,1,90,0,0,0,90
04/21/2021,GSN,MP,AWP,WE,Federal Contract Tower,0,0,12,1,13,0,48,14,1,63,0,48,26,2,76,0,0,0,76
04/22/2021,GSN,MP,AWP,WE,Federal Contract Tower,2,4,0,0,6,0,64,17,0,81,2,68,17,0,87,0,0,0,87
04/23/2021,GSN,MP,AWP,WE,Federal Contract Tower,2,5,0,0,7,0,75,19,2,96,2,80,19,2,103,4,0,4,107
04/24/2021,GSN,MP,AWP,WE,Federal Contract Tower,2,0,6,0,8,0,50,26,0,76,2,50,32,0,84,0,0,0,84
04/25/2021,GSN,MP,AWP,WE,Federal Contract Tower,0,0,0,0,0,0,44,11,0,55,0,44,11,0,55,0,0,0,55
04/26/2021,GSN,MP,AWP,WE,Federal Contract Tower,2,0,16,0,18,0,40,5,0,45,2,40,21,0,63,0,0,0,63
04/27/2021,GSN,MP,AWP,WE,Federal Contract Tower,2,0,11,0,13,0,35,25,0,60,2,35,36,0,73,0,0,0,73
04/28/2021,GSN,MP,AWP,WE,Federal Contract Tower,0,0,12,0,12,0,56,10,0,66,0,56,22,0,78,0,0,0,78
04/29/2021,GSN,MP,AWP,WE,Federal Contract Tower,2,6,0,0,8,0,47,13,0,60,2,53,13,0,68,10,0,10,78
04/30/2021,GSN,MP,AWP,WE,Federal Contract Tower,2,13,0,0,15,0,92,42,2,136,2,105,42,2,151,0,0,0,151
05/01/2021,GSN,MP,AWP,WE,Federal Contract Tower,4,2,0,0,6,0,58,23,0,81,4,60,23,0,87,2,0,2,89
05/02/2021,GSN,MP,AWP,WE,Federal Contract Tower,0,0,0,0,0,0,75,36,0,111,0,75,36,0,111,0,0,0,111
05/03/2021,GSN,MP,AWP,WE,Federal Contract Tower,2,0,7,0,9,0,55,40,0,95,2,55,47,0,104,0,0,0,104
05/04/2021,GSN,MP,AWP,WE,Federal Contract Tower,2,0,11,0,13,0,39,16,0,55,2,39,27,0,68,0,0,0,68
05/05/2021,GSN,MP,AWP,WE,Federal Contract Tower,0,2,8,0,10,0,41,16,0,57,0,43,24,0,67,0,0,0,67
05/06/2021,GSN,MP,AWP,WE,Federal Contract Tower,2,0,6,0,8,0,53,19,0,72,2,53,25,0,80,2,0,2,82
05/07/2021,GSN,MP,AWP,WE,Federal Contract Tower,2,0,7,0,9,0,86,25,0,111,2,86,32,0,120,0,0,0,120
05/08/2021,GSN,MP,AWP,WE,Federal Contract Tower,2,4,0,2,8,0,61,21,0,82,2,65,21,2,90,0,0,0,90
05/09/2021,GSN,MP,AWP,WE,Federal Contract Tower,0,0,0,0,0,0,48,28,0,76,0,48,28,0,76,0,0,0,76
05/10/2021,GSN,MP,AWP,WE,Federal Contract Tower,2,0,12,2,16,0,54,18,2,74,2,54,30,4,90,0,0,0,90
05/11/2021,GSN,MP,AWP,WE,Federal Contract Tower,0,0,9,0,9,0,55,22,0,77,0,55,31,0,86,0,0,0,86
05/12/2021,GSN,MP,AWP,WE,Federal Contract Tower,0,0,8,0,8,0,22,58,0,80,0,22,66,0,88,0,0,0,88
05/13/2021,GSN,MP,AWP,WE,Federal Contract Tower,2,3,0,0,5,0,42,14,0,56,2,45,14,0,61,0,0,0,61
05/14/2021,GSN,MP,AWP,WE,Federal Contract Tower,2,7,0,0,9,0,70,26,0,96,2,77,26,0,105,0,0,0,105
05/15/2021,GSN,MP,AWP,WE,Federal Contract Tower,2,10,1,0,13,0,53,14,0,67,2,63,15,0,80,0,0,0,80
05/16/2021,GSN,MP,AWP,WE,Federal Contract Tower,0,0,0,0,0,0,43,10,0,53,0,43,10,0,53,0,0,0,53
05/17/2021,GSN,MP,AWP,WE,Federal Contract Tower,2,0,11,2,15,0,39,25,0,64,2,39,36,2,79,0,0,0,79
05/18/2021,GSN,MP,AWP,WE,Federal Contract Tower,0,0,4,0,4,0,35,28,0,63,0,35,32,0,67,0,0,0,67
05/19/2021,GSN,MP,AWP,WE,Federal Contract Tower,0,0,6,0,6,0,53,24,0,77,0,53,30,0,83,0,0,0,83
05/20/2021,GSN,MP,AWP,WE,Federal Contract Tower,2,5,0,0,7,0,57,23,0,80,2,62,23,0,87,0,0,0,87
05/21/2021,GSN,MP,AWP,WE,Federal Contract Tower,2,7,0,0,9,0,64,22,0,86,2,71,22,0,95,0,0,0,95
05/22/2021,GSN,MP,AWP,WE,Federal Contract Tower,2,3,0,0,5,0,49,37,0,86,2,52,37,0,91,0,0,0,91
05/23/2021,GSN,MP,AWP,WE,Federal Contract Tower,0,0,0,0,0,0,37,15,0,52,0,37,15,0,52,0,0,0,52
05/24/2021,GSN,MP,AWP,WE,Federal Contract Tower,2,0,8,0,10,0,45,32,0,77,2,45,40,0,87,0,0,0,87
05/25/2021,GSN,MP,AWP,WE,Federal Contract Tower,2,6,6,0,14,0,37,16,2,55,2,43,22,2,69,0,0,0,69
05/26/2021,GSN,MP,AWP,WE,Federal Contract Tower,0,1,4,2,7,0,51,13,0,64,0,52,17,2,71,0,0,0,71
05/27/2021,GSN,MP,AWP,WE,Federal Contract Tower,2,0,4,4,10,0,53,11,2,66,2,53,15,6,76,0,0,0,76
05/28/2021,GSN,MP,AWP,WE,Federal Contract Tower,2,4,0,0,6,0,63,11,0,74,2,67,11,0,80,0,0,0,80
05/29/2021,GSN,MP,AWP,WE,Federal Contract Tower,2,3,0,0,5,0,56,22,0,78,2,59,22,0,83,0,0,0,83
05/30/2021,GSN,MP,AWP,WE,Federal Contract Tower,0,0,0,0,0,0,40,10,0,50,0,40,10,0,50,2,0,2,52
05/31/2021,GSN,MP,AWP,WE,Federal Contract Tower,2,1,8,6,17,0,49,18,2,69,2,50,26,8,86,0,0,0,86
06/01/2021,GSN,MP,AWP,WE,Federal Contract Tower,0,1,3,8,12,0,46,17,6,69,0,47,20,14,81,0,0,0,81
06/02/2021,GSN,MP,AWP,WE,Federal Contract Tower,0,0,7,0,7,0,39,17,0,56,0,39,24,0,63,0,0,0,63
06/03/2021,GSN,MP,AWP,WE,Federal Contract Tower,2,0,4,0,6,0,38,14,0,52,2,38,18,0,58,0,0,0,58
06/04/2021,GSN,MP,AWP,WE,Federal Contract Tower,2,1,3,0,6,0,60,20,0,80,2,61,23,0,86,0,0,0,86
06/05/2021,GSN,MP,AWP,WE,Federal Contract Tower,0,4,2,0,6,0,54,27,0,81,0,58,29,0,87,0,0,0,87
06/06/2021,GSN,MP,AWP,WE,Federal Contract Tower,0,0,0,0,0,0,42,17,0,59,0,42,17,0,59,0,0,0,59
06/07/2021,GSN,MP,AWP,WE,Federal Contract Tower,2,0,8,2,12,0,41,10,0,51,2,41,18,2,63,0,0,0,63
06/08/2021,GSN,MP,AWP,WE,Federal Contract Tower,2,0,3,2,7,0,42,18,0,60,2,42,21,2,67,0,0,0,67
06/09/2021,GSN,MP,AWP,WE,Federal Contract Tower,0,0,6,0,6,0,43,15,0,58,0,43,21,0,64,0,0,0,64
06/10/2021,GSN,MP,AWP,WE,Federal Contract Tower,2,0,4,0,6,0,41,15,0,56,2,41,19,0,62,0,0,0,62
06/11/2021,GSN,MP,AWP,WE,Federal Contract Tower,2,0,5,0,7,0,57,31,0,88,2,57,36,0,95,0,0,0,95
06/12/2021,GSN,MP,AWP,WE,Federal Contract Tower,2,4,0,0,6,0,44,15,0,59,2,48,15,0,65,0,0,0,65
06/13/2021,GSN,MP,AWP,WE,Federal Contract Tower,0,0,0,0,0,0,51,13,0,64,0,51,13,0,64,0,0,0,64
06/14/2021,GSN,MP,AWP,WE,Federal Contract Tower,0,2,9,0,11,0,45,17,0,62,0,47,26,0,73,0,0,0,73
06/15/2021,GSN,MP,AWP,WE,Federal Contract Tower,0,2,4,0,6,0,38,19,0,57,0,40,23,0,63,6,0,6,69
06/16/2021,GSN,MP,AWP,WE,Federal Contract Tower,0,0,6,0,6,0,51,19,0,70,0,51,25,0,76,0,0,0,76
06/17/2021,GSN,MP,AWP,WE,Federal Contract Tower,2,0,4,0,6,0,51,24,0,75,2,51,28,0,81,0,0,0,81
06/18/2021,GSN,MP,AWP,WE,Federal Contract Tower,2,0,6,0,8,0,74,33,0,107,2,74,39,0,115,0,0,0,115
06/19/2021,GSN,MP,AWP,WE,Federal Contract Tower,2,4,0,0,6,0,54,15,0,69,2,58,15,0,75,0,0,0,75
06/20/2021,GSN,MP,AWP,WE,Federal Contract Tower,0,2,0,0,2,0,60,26,0,86,0,62,26,0,88,0,0,0,88
06/21/2021,GSN,MP,AWP,WE,Federal Contract Tower,2,0,6,0,8,0,62,25,0,87,2,62,31,0,95,8,0,8,103
06/22/2021,GSN,MP,AWP,WE,Federal Contract Tower,0,9,7,0,16,0,29,6,0,35,0,38,13,0,51,0,0,0,51
06/23/2021,GSN,MP,AWP,WE,Federal Contract Tower,0,0,4,2,6,0,60,14,0,74,0,60,18,2,80,0,0,0,80
06/24/2021,GSN,MP,AWP,WE,Federal Contract Tower,2,0,2,0,4,0,59,27,0,86,2,59,29,0,90,0,0,0,90
06/25/2021,GSN,MP,AWP,WE,Federal Contract Tower,2,2,3,0,7,0,72,19,0,91,2,74,22,0,98,0,0,0,98
06/26/2021,GSN,MP,AWP,WE,Federal Contract Tower,2,10,0,0,12,0,65,15,4,84,2,75,15,4,96,0,0,0,96
06/27/2021,GSN,MP,AWP,WE,Federal Contract Tower,0,0,0,0,0,0,46,5,0,51,0,46,5,0,51,0,0,0,51
06/28/2021,GSN,MP,AWP,WE,Federal Contract Tower,3,0,10,0,13,0,55,12,0,67,3,55,22,0,80,0,0,0,80
06/29/2021,GSN,MP,AWP,WE,Federal Contract Tower,0,0,6,0,6,0,40,16,0,56,0,40,22,0,62,0,0,0,62
06/30/2021,GSN,MP,AWP,WE,Federal Contract Tower,0,0,2,2,4,0,44,25,4,73,0,44,27,6,77,0,0,0,77
07/01/2021,GSN,MP,AWP,WE,Federal Contract Tower,0,0,4,0,4,0,58,11,0,69,0,58,15,0,73,0,0,0,73
07/02/2021,GSN,MP,AWP,WE,Federal Contract Tower,2,0,7,0,9,0,85,11,0,96,2,85,18,0,105,0,0,0,105
07/03/2021,GSN,MP,AWP,WE,Federal Contract Tower,2,0,1,0,3,0,48,18,0,66,2,48,19,0,69,0,0,0,69
07/04/2021,GSN,MP,AWP,WE,Federal Contract Tower,2,6,0,0,8,0,45,8,0,53,2,51,8,0,61,0,0,0,61
07/05/2021,GSN,MP,AWP,WE,Federal Contract Tower,2,4,0,0,6,0,60,10,0,70,2,64,10,0,76,0,0,0,76
07/06/2021,GSN,MP,AWP,WE,Federal Contract Tower,0,0,0,0,0,0,70,12,0,82,0,70,12,0,82,0,0,0,82
07/07/2021,GSN,MP,AWP,WE,Federal Contract Tower,2,4,3,0,9,0,56,19,0,75,2,60,22,0,84,0,0,0,84
07/08/2021,GSN,MP,AWP,WE,Federal Contract Tower,0,0,2,0,2,0,72,17,0,89,0,72,19,0,91,0,0,0,91
07/09/2021,GSN,MP,AWP,WE,Federal Contract Tower,2,0,4,0,6,0,82,21,0,103,2,82,25,0,109,0,0,0,109
07/10/2021,GSN,MP,AWP,WE,Federal Contract Tower,2,0,4,0,6,0,48,8,0,56,2,48,12,0,62,0,0,0,62
07/11/2021,GSN,MP,AWP,WE,Federal Contract Tower,2,0,0,0,2,0,56,27,0,83,2,56,27,0,85,0,0,0,85
07/12/2021,GSN,MP,AWP,WE,Federal Contract Tower,2,6,0,0,8,0,57,18,0,75,2,63,18,0,83,0,0,0,83
07/13/2021,GSN,MP,AWP,WE,Federal Contract Tower,0,1,6,1,8,0,59,35,1,95,0,60,41,2,103,0,0,0,103
07/14/2021,GSN,MP,AWP,WE,Federal Contract Tower,2,3,6,0,11,0,53,16,0,69,2,56,22,0,80,0,0,0,80
07/15/2021,GSN,MP,AWP,WE,Federal Contract Tower,0,4,5,0,9,0,62,18,0,80,0,66,23,0,89,0,0,0,89
07/16/2021,GSN,MP,AWP,WE,Federal Contract Tower,2,0,3,0,5,0,75,18,0,93,2,75,21,0,98,0,0,0,98
07/17/2021,GSN,MP,AWP,WE,Federal Contract Tower,4,0,2,0,6,0,62,9,0,71,4,62,11,0,77,0,0,0,77
07/18/2021,GSN,MP,AWP,WE,Federal Contract Tower,2,0,0,0,2,0,69,17,4,90,2,69,17,4,92,0,0,0,92
07/19/2021,GSN,MP,AWP,WE,Federal Contract Tower,2,6,2,0,10,0,53,10,0,63,2,59,12,0,73,0,0,0,73
07/20/2021,GSN,MP,AWP,WE,Federal Contract Tower,0,7,6,0,13,0,29,7,0,36,0,36,13,0,49,0,0,0,49
07/21/2021,GSN,MP,AWP,WE,Federal Contract Tower,2,3,8,0,13,0,46,10,0,56,2,49,18,0,69,0,0,0,69
07/22/2021,GSN,MP,AWP,WE,Federal Contract Tower,0,1,1,0,2,0,46,15,0,61,0,47,16,0,63,0,0,0,63
07/23/2021,GSN,MP,AWP,WE,Federal Contract Tower,2,1,6,0,9,0,84,25,0,109,2,85,31,0,118,0,0,0,118
07/24/2021,GSN,MP,AWP,WE,Federal Contract Tower,6,0,5,0,11,0,49,6,0,55,6,49,11,0,66,0,0,0,66
07/25/2021,GSN,MP,AWP,WE,Federal Contract Tower,2,0,0,0,2,0,56,8,0,64,2,56,8,0,66,0,0,0,66
07/26/2021,GSN,MP,AWP,WE,Federal Contract Tower,2,6,0,1,9,0,58,4,3,65,2,64,4,4,74,0,0,0,74
07/27/2021,GSN,MP,AWP,WE,Federal Contract Tower,0,0,4,0,4,0,55,22,2,79,0,55,26,2,83,0,0,0,83
07/28/2021,GSN,MP,AWP,WE,Federal Contract Tower,2,0,4,0,6,0,52,22,0,74,2,52,26,0,80,0,0,0,80
07/29/2021,GSN,MP,AWP,WE,Federal Contract Tower,2,2,0,1,5,0,52,13,0,65,2,54,13,1,70,0,0,0,70
07/30/2021,GSN,MP,AWP,WE,Federal Contract Tower,2,0,4,0,6,0,71,28,0,99,2,71,32,0,105,0,0,0,105
07/31/2021,GSN,MP,AWP,WE,Federal Contract Tower,6,0,2,0,8,0,59,15,2,76,6,59,17,2,84,0,0,0,84
08/01/2021,GSN,MP,AWP,WE,Federal Contract Tower,2,0,0,0,2,0,62,13,2,77,2,62,13,2,79,0,0,0,79
08/02/2021,GSN,MP,AWP,WE,Federal Contract Tower,2,7,0,0,9,0,58,15,10,83,2,65,15,10,92,0,0,0,92
08/03/2021,GSN,MP,AWP,WE,Federal Contract Tower,2,3,0,1,6,0,56,8,5,69,2,59,8,6,75,0,0,0,75
08/04/2021,GSN,MP,AWP,WE,Federal Contract Tower,2,0,6,0,8,0,61,7,0,68,2,61,13,0,76,0,0,0,76
08/05/2021,GSN,MP,AWP,WE,Federal Contract Tower,4,0,4,0,8,0,54,12,0,66,4,54,16,0,74,0,0,0,74
08/06/2021,GSN,MP,AWP,WE,Federal Contract Tower,2,0,4,0,6,0,58,14,0,72,2,58,18,0,78,0,0,0,78
08/07/2021,GSN,MP,AWP,WE,Federal Contract Tower,6,1,4,0,11,0,56,9,0,65,6,57,13,0,76,0,0,0,76
08/08/2021,GSN,MP,AWP,WE,Federal Contract Tower,2,0,0,0,2,0,39,7,0,46,2,39,7,0,48,0,0,0,48
08/09/2021,GSN,MP,AWP,WE,Federal Contract Tower,2,6,0,0,8,0,60,15,0,75,2,66,15,0,83,0,2,2,85
08/10/2021,GSN,MP,AWP,WE,Federal Contract Tower,2,4,0,2,8,0,75,7,0,82,2,79,7,2,90,2,0,2,92
08/11/2021,GSN,MP,AWP,WE,Federal Contract Tower,2,2,8,2,14,0,53,16,2,71,2,55,24,4,85,2,0,2,87
08/12/2021,GSN,MP,AWP,WE,Federal Contract Tower,4,0,3,2,9,0,67,17,0,84,4,67,20,2,93,0,0,0,93
08/13/2021,GSN,MP,AWP,WE,Federal Contract Tower,2,0,4,2,8,0,110,32,0,142,2,110,36,2,150,0,0,0,150
08/14/2021,GSN,MP,AWP,WE,Federal Contract Tower,6,0,4,0,10,0,89,12,0,101,6,89,16,0,111,0,0,0,111
08/15/2021,GSN,MP,AWP,WE,Federal Contract Tower,2,3,0,0,5,0,91,26,0,117,2,94,26,0,122,0,0,0,122
08/16/2021,GSN,MP,AWP,WE,Federal Contract Tower,2,10,0,0,12,0,68,8,0,76,2,78,8,0,88,0,0,0,88
08/17/2021,GSN,MP,AWP,WE,Federal Contract Tower,2,9,0,0,11,0,36,6,0,42,2,45,6,0,53,0,0,0,53
08/18/2021,GSN,MP,AWP,WE,Federal Contract Tower,2,4,13,0,19,0,56,25,0,81,2,60,38,0,100,0,0,0,100
08/19/2021,GSN,MP,AWP,WE,Federal Contract Tower,4,1,1,0,6,0,52,14,0,66,4,53,15,0,72,0,0,0,72
08/20/2021,GSN,MP,AWP,WE,Federal Contract Tower,2,0,3,4,9,0,61,19,0,80,2,61,22,4,89,0,0,0,89
08/21/2021,GSN,MP,AWP,WE,Federal Contract Tower,6,3,3,0,12,0,41,17,0,58,6,44,20,0,70,0,0,0,70
08/22/2021,GSN,MP,AWP,WE,Federal Contract Tower,2,0,0,0,2,0,44,9,0,53,2,44,9,0,55,0,0,0,55
08/23/2021,GSN,MP,AWP,WE,Federal Contract Tower,2,8,0,0,10,0,43,15,0,58,2,51,15,0,68,0,4,4,72
08/24/2021,GSN,MP,AWP,WE,Federal Contract Tower,2,4,0,2,8,0,38,12,2,52,2,42,12,4,60,0,0,0,60
08/25/2021,GSN,MP,AWP,WE,Federal Contract Tower,2,1,0,0,3,0,41,22,0,63,2,42,22,0,66,0,0,0,66
08/26/2021,GSN,MP,AWP,WE,Federal Contract Tower,4,7,5,0,16,0,49,7,0,56,4,56,12,0,72,0,0,0,72
08/27/2021,GSN,MP,AWP,WE,Federal Contract Tower,2,1,4,0,7,0,63,14,0,77,2,64,18,0,84,0,0,0,84
08/28/2021,GSN,MP,AWP,WE,Federal Contract Tower,6,2,0,0,8,0,58,19,0,77,6,60,19,0,85,0,0,0,85
08/29/2021,GSN,MP,AWP,WE,Federal Contract Tower,2,1,0,0,3,0,45,18,0,63,2,46,18,0,66,0,0,0,66
08/30/2021,GSN,MP,AWP,WE,Federal Contract Tower,2,3,10,0,15,0,44,15,0,59,2,47,25,0,74,0,0,0,74
08/31/2021,GSN,MP,AWP,WE,Federal Contract Tower,2,4,0,0,6,0,45,12,0,57,2,49,12,0,63,4,0,4,67
09/01/2021,GSN,MP,AWP,WE,Federal Contract Tower,2,6,0,0,8,0,56,9,0,65,2,62,9,0,73,0,0,0,73
09/02/2021,GSN,MP,AWP,WE,Federal Contract Tower,4,1,4,0,9,0,38,19,0,57,4,39,23,0,66,0,0,0,66
09/03/2021,GSN,MP,AWP,WE,Federal Contract Tower,2,2,8,0,12,0,74,21,0,95,2,76,29,0,107,0,0,0,107
09/04/2021,GSN,MP,AWP,WE,Federal Contract Tower,6,2,2,0,10,0,72,18,0,90,6,74,20,0,100,0,0,0,100
09/05/2021,GSN,MP,AWP,WE,Federal Contract Tower,2,0,0,0,2,0,55,20,0,75,2,55,20,0,77,0,0,0,77
09/06/2021,GSN,MP,AWP,WE,Federal Contract Tower,2,0,7,0,9,0,57,20,0,77,2,57,27,0,86,0,0,0,86
09/07/2021,GSN,MP,AWP,WE,Federal Contract Tower,2,6,0,0,8,0,53,15,0,68,2,59,15,0,76,0,0,0,76
09/08/2021,GSN,MP,AWP,WE,Federal Contract Tower,2,6,0,0,8,0,62,13,0,75,2,68,13,0,83,0,0,0,83
09/09/2021,GSN,MP,AWP,WE,Federal Contract Tower,4,0,6,0,10,0,68,23,0,91,4,68,29,0,101,0,0,0,101
09/10/2021,GSN,MP,AWP,WE,Federal Contract Tower,2,0,6,0,8,0,75,16,0,91,2,75,22,0,99,0,0,0,99
09/11/2021,GSN,MP,AWP,WE,Federal Contract Tower,6,0,2,0,8,0,48,12,0,60,6,48,14,0,68,0,0,0,68
09/12/2021,GSN,MP,AWP,WE,Federal Contract Tower,2,0,0,0,2,0,44,13,0,57,2,44,13,0,59,0,0,0,59
09/13/2021,GSN,MP,AWP,WE,Federal Contract Tower,2,1,10,0,13,0,52,5,0,57,2,53,15,0,70,0,0,0,70
09/14/2021,GSN,MP,AWP,WE,Federal Contract Tower,2,9,0,0,11,0,44,12,0,56,2,53,12,0,67,0,0,0,67
09/15/2021,GSN,MP,AWP,WE,Federal Contract Tower,2,12,0,0,14,0,50,15,0,65,2,62,15,0,79,0,0,0,79
09/16/2021,GSN,MP,AWP,WE,Federal Contract Tower,4,1,2,0,7,0,43,26,0,69,4,44,28,0,76,0,0,0,76
09/17/2021,GSN,MP,AWP,WE,Federal Contract Tower,2,0,3,0,5,0,94,27,0,121,2,94,30,0,126,0,0,0,126
09/18/2021,GSN,MP,AWP,WE,Federal Contract Tower,6,0,2,0,8,0,58,13,0,71,6,58,15,0,79,0,0,0,79
09/19/2021,GSN,MP,AWP,WE,Federal Contract Tower,2,1,0,0,3,0,50,17,0,67,2,51,17,0,70,0,0,0,70
09/20/2021,GSN,MP,AWP,WE,Federal Contract Tower,2,1,8,0,11,0,57,6,0,63,2,58,14,0,74,18,0,18,92
09/21/2021,GSN,MP,AWP,WE,Federal Contract Tower,2,6,0,0,8,0,62,15,0,77,2,68,15,0,85,0,0,0,85
09/22/2021,GSN,MP,AWP,WE,Federal Contract Tower,2,9,0,0,11,0,62,17,0,79,2,71,17,0,90,0,0,0,90
09/23/2021,GSN,MP,AWP,WE,Federal Contract Tower,2,4,8,0,14,0,13,1,0,14,2,17,9,0,28,0,0,0,28
09/24/2021,GSN,MP,AWP,WE,Federal Contract Tower,4,1,5,0,10,0,87,24,0,111,4,88,29,0,121,0,0,0,121
09/25/2021,GSN,MP,AWP,WE,Federal Contract Tower,6,5,6,0,17,0,50,10,0,60,6,55,16,0,77,0,0,0,77
09/26/2021,GSN,MP,AWP,WE,Federal Contract Tower,2,7,0,0,9,0,40,9,0,49,2,47,9,0,58,0,0,0,58
09/27/2021,GSN,MP,AWP,WE,Federal Contract Tower,2,1,12,0,15,0,56,13,0,69,2,57,25,0,84,0,0,0,84
09/28/2021,GSN,MP,AWP,WE,Federal Contract Tower,2,7,0,0,9,0,53,3,0,56,2,60,3,0,65,0,0,0,65
09/29/2021,GSN,MP,AWP,WE,Federal Contract Tower,2,15,0,0,17,0,44,9,0,53,2,59,9,0,70,0,0,0,70
09/30/2021,GSN,MP,AWP,WE,Federal Contract Tower,4,0,4,0,8,0,65,16,0,81,4,65,20,0,89,0,0,0,89
10/02/2021,GSN,MP,AWP,WE,Federal Contract Tower,6,1,0,0,7,0,66,16,3,85,6,67,16,3,92,0,0,0,92
10/03/2021,GSN,MP,AWP,WE,Federal Contract Tower,2,6,0,0,8,0,46,9,0,55,2,52,9,0,63,0,0,0,63
10/04/2021,GSN,MP,AWP,WE,Federal Contract Tower,2,7,10,0,19,0,44,18,0,62,2,51,28,0,81,0,0,0,81
10/05/2021,GSN,MP,AWP,WE,Federal Contract Tower,2,1,7,1,11,0,43,12,0,55,2,44,19,1,66,0,0,0,66
10/06/2021,GSN,MP,AWP,WE,Federal Contract Tower,2,8,0,0,10,0,68,40,0,108,2,76,40,0,118,0,0,0,118
10/07/2021,GSN,MP,AWP,WE,Federal Contract Tower,4,14,0,0,18,0,48,14,0,62,4,62,14,0,80,0,0,0,80
10/08/2021,GSN,MP,AWP,WE,Federal Contract Tower,2,19,0,0,21,0,143,32,0,175,2,162,32,0,196,0,0,0,196
10/09/2021,GSN,MP,AWP,WE,Federal Contract Tower,6,0,6,0,12,0,66,15,0,81,6,66,21,0,93,0,0,0,93
10/10/2021,GSN,MP,AWP,WE,Federal Contract Tower,2,6,0,0,8,0,40,16,0,56,2,46,16,0,64,0,0,0,64
10/11/2021,GSN,MP,AWP,WE,Federal Contract Tower,2,2,9,0,13,0,68,15,0,83,2,70,24,0,96,0,0,0,96
10/12/2021,GSN,MP,AWP,WE,Federal Contract Tower,2,8,11,0,21,0,43,13,0,56,2,51,24,0,77,0,0,0,77
10/13/2021,GSN,MP,AWP,WE,Federal Contract Tower,2,10,0,0,12,0,84,37,0,121,2,94,37,0,133,0,0,0,133
10/14/2021,GSN,MP,AWP,WE,Federal Contract Tower,4,7,0,0,11,0,59,12,0,71,4,66,12,0,82,2,0,2,84
10/15/2021,GSN,MP,AWP,WE,Federal Contract Tower,2,7,0,0,9,0,137,38,0,175,2,144,38,0,184,0,0,0,184
10/16/2021,GSN,MP,AWP,WE,Federal Contract Tower,6,1,4,0,11,0,66,19,0,85,6,67,23,0,96,0,0,0,96
10/17/2021,GSN,MP,AWP,WE,Federal Contract Tower,2,0,0,0,2,0,56,11,0,67,2,56,11,0,69,0,0,0,69
10/18/2021,GSN,MP,AWP,WE,Federal Contract Tower,2,0,5,0,7,0,47,13,0,60,2,47,18,0,67,0,0,0,67
10/19/2021,GSN,MP,AWP,WE,Federal Contract Tower,2,7,9,1,19,0,44,16,1,61,2,51,25,2,80,0,0,0,80
10/20/2021,GSN,MP,AWP,WE,Federal Contract Tower,2,14,0,0,16,0,78,40,0,118,2,92,40,0,134,0,0,0,134
10/21/2021,GSN,MP,AWP,WE,Federal Contract Tower,4,10,0,0,14,0,65,7,0,72,4,75,7,0,86,0,0,0,86
10/22/2021,GSN,MP,AWP,WE,Federal Contract Tower,2,12,0,0,14,0,152,50,0,202,2,164,50,0,216,2,0,2,218
10/23/2021,GSN,MP,AWP,WE,Federal Contract Tower,6,0,6,0,12,0,57,16,0,73,6,57,22,0,85,0,0,0,85
10/24/2021,GSN,MP,AWP,WE,Federal Contract Tower,2,4,0,0,6,0,68,16,0,84,2,72,16,0,90,0,0,0,90
10/25/2021,GSN,MP,AWP,WE,Federal Contract Tower,4,8,0,0,12,0,57,22,0,79,4,65,22,0,91,0,0,0,91
10/26/2021,GSN,MP,AWP,WE,Federal Contract Tower,2,4,10,0,16,0,53,15,0,68,2,57,25,0,84,0,0,0,84
10/27/2021,GSN,MP,AWP,WE,Federal Contract Tower,2,9,0,0,11,0,84,45,0,129,2,93,45,0,140,0,0,0,140
10/28/2021,GSN,MP,AWP,WE,Federal Contract Tower,4,6,0,0,10,0,63,7,2,72,4,69,7,2,82,2,0,2,84
10/29/2021,GSN,MP,AWP,WE,Federal Contract Tower,2,10,0,0,12,0,117,38,4,159,2,127,38,4,171,0,0,0,171
10/30/2021,GSN,MP,AWP,WE,Federal Contract Tower,6,0,2,0,8,0,49,16,0,65,6,49,18,0,73,4,0,4,77
10/31/2021,GSN,MP,AWP,WE,Federal Contract Tower,2,0,0,0,2,0,40,4,0,44,2,40,4,0,46,0,0,0,46
11/01/2021,GSN,MP,AWP,WE,Federal Contract Tower,2,1,10,0,13,0,44,13,0,57,2,45,23,0,70,0,0,0,70
11/02/2021,GSN,MP,AWP,WE,Federal Contract Tower,2,6,7,0,15,0,44,9,0,53,2,50,16,0,68,0,0,0,68
11/03/2021,GSN,MP,AWP,WE,Federal Contract Tower,2,4,12,0,18,0,78,31,0,109,2,82,43,0,127,0,0,0,127
11/04/2021,GSN,MP,AWP,WE,Federal Contract Tower,4,0,4,0,8,0,48,12,0,60,4,48,16,0,68,0,0,0,68
11/05/2021,GSN,MP,AWP,WE,Federal Contract Tower,2,8,0,0,10,0,137,52,0,189,2,145,52,0,199,2,0,2,201
11/06/2021,GSN,MP,AWP,WE,Federal Contract Tower,6,6,2,0,14,0,52,10,0,62,6,58,12,0,76,0,0,0,76
11/07/2021,GSN,MP,AWP,WE,Federal Contract Tower,2,0,0,0,2,0,49,13,0,62,2,49,13,0,64,0,0,0,64
11/08/2021,GSN,MP,AWP,WE,Federal Contract Tower,2,0,9,0,11,0,54,12,0,66,2,54,21,0,77,0,0,0,77
11/09/2021,GSN,MP,AWP,WE,Federal Contract Tower,2,1,9,0,12,0,54,13,6,73,2,55,22,6,85,0,0,0,85
11/10/2021,GSN,MP,AWP,WE,Federal Contract Tower,2,0,8,0,10,0,82,38,0,120,2,82,46,0,130,0,0,0,130
11/11/2021,GSN,MP,AWP,WE,Federal Contract Tower,4,4,0,0,8,0,40,12,0,52,4,44,12,0,60,0,0,0,60
11/12/2021,GSN,MP,AWP,WE,Federal Contract Tower,4,10,0,0,14,0,65,11,0,76,4,75,11,0,90,0,0,0,90
11/14/2021,GSN,MP,AWP,WE,Federal Contract Tower,2,0,0,0,2,0,45,7,0,52,2,45,7,0,54,0,0,0,54
11/15/2021,GSN,MP,AWP,WE,Federal Contract Tower,2,0,8,0,10,0,48,8,0,56,2,48,16,0,66,0,0,0,66
11/16/2021,GSN,MP,AWP,WE,Federal Contract Tower,2,4,10,0,16,0,41,7,0,48,2,45,17,0,64,0,0,0,64
11/17/2021,GSN,MP,AWP,WE,Federal Contract Tower,2,0,6,0,8,0,83,36,0,119,2,83,42,0,127,0,0,0,127
11/18/2021,GSN,MP,AWP,WE,Federal Contract Tower,4,2,2,0,8,0,56,20,0,76,4,58,22,0,84,0,0,0,84
11/19/2021,GSN,MP,AWP,WE,Federal Contract Tower,4,5,0,0,9,0,139,42,0,181,4,144,42,0,190,0,0,0,190
11/20/2021,GSN,MP,AWP,WE,Federal Contract Tower,6,0,2,0,8,0,52,18,0,70,6,52,20,0,78,0,0,0,78
11/21/2021,GSN,MP,AWP,WE,Federal Contract Tower,2,0,0,0,2,0,41,12,0,53,2,41,12,0,55,0,0,0,55
11/22/2021,GSN,MP,AWP,WE,Federal Contract Tower,2,0,9,0,11,0,55,9,0,64,2,55,18,0,75,0,0,0,75
11/23/2021,GSN,MP,AWP,WE,Federal Contract Tower,2,0,3,0,5,0,51,18,0,69,2,51,21,0,74,0,0,0,74
11/24/2021,GSN,MP,AWP,WE,Federal Contract Tower,2,0,9,0,11,0,123,30,0,153,2,123,39,0,164,0,0,0,164
11/25/2021,GSN,MP,AWP,WE,Federal Contract Tower,4,11,0,0,15,0,42,16,0,58,4,53,16,0,73,0,0,0,73
11/26/2021,GSN,MP,AWP,WE,Federal Contract Tower,4,8,0,0,12,0,120,51,0,171,4,128,51,0,183,0,0,0,183
11/27/2021,GSN,MP,AWP,WE,Federal Contract Tower,6,0,6,0,12,0,57,19,0,76,6,57,25,0,88,0,0,0,88
11/28/2021,GSN,MP,AWP,WE,Federal Contract Tower,2,1,2,0,5,0,45,6,0,51,2,46,8,0,56,0,0,0,56
11/29/2021,GSN,MP,AWP,WE,Federal Contract Tower,2,0,15,0,17,0,34,13,0,47,2,34,28,0,64,0,0,0,64
11/30/2021,GSN,MP,AWP,WE,Federal Contract Tower,4,0,7,0,11,0,30,11,0,41,4,30,18,0,52,0,0,0,52
12/01/2021,GSN,MP,AWP,WE,Federal Contract Tower,2,0,7,0,9,0,56,32,0,88,2,56,39,0,97,0,0,0,97
12/02/2021,GSN,MP,AWP,WE,Federal Contract Tower,6,0,5,0,11,0,10,15,0,25,6,10,20,0,36,0,0,0,36
12/03/2021,GSN,MP,AWP,WE,Federal Contract Tower,4,0,4,0,8,0,0,8,0,8,4,0,12,0,16,0,0,0,16
12/04/2021,GSN,MP,AWP,WE,Federal Contract Tower,6,0,8,0,14,0,1,1,0,2,6,1,9,0,16,0,0,0,16
12/05/2021,GSN,MP,AWP,WE,Federal Contract Tower,2,0,2,0,4,0,0,0,0,0,2,0,2,0,4,0,0,0,4
12/06/2021,GSN,MP,AWP,WE,Federal Contract Tower,2,0,10,0,12,0,0,12,0,12,2,0,22,0,24,0,0,0,24
12/07/2021,GSN,MP,AWP,WE,Federal Contract Tower,2,0,11,0,13,0,0,8,0,8,2,0,19,0,21,0,0,0,21
12/08/2021,GSN,MP,AWP,WE,Federal Contract Tower,2,0,7,0,9,0,4,2,0,6,2,4,9,0,15,0,0,0,15
12/09/2021,GSN,MP,AWP,WE,Federal Contract Tower,4,0,9,0,13,0,3,2,0,5,4,3,11,0,18,0,0,0,18
12/10/2021,GSN,MP,AWP,WE,Federal Contract Tower,4,0,8,0,12,0,52,26,0,78,4,52,34,0,90,0,0,0,90
12/11/2021,GSN,MP,AWP,WE,Federal Contract Tower,6,12,0,0,18,0,15,2,0,17,6,27,2,0,35,0,0,0,35
12/12/2021,GSN,MP,AWP,WE,Federal Contract Tower,2,0,0,0,2,0,24,8,0,32,2,24,8,0,34,0,0,0,34
12/13/2021,GSN,MP,AWP,WE,Federal Contract Tower,2,0,10,0,12,0,16,20,0,36,2,16,30,0,48,0,0,0,48
12/14/2021,GSN,MP,AWP,WE,Federal Contract Tower,2,0,10,0,12,0,39,19,0,58,2,39,29,0,70,0,0,0,70
12/15/2021,GSN,MP,AWP,WE,Federal Contract Tower,2,0,11,0,13,0,51,29,0,80,2,51,40,0,93,0,0,0,93
12/16/2021,GSN,MP,AWP,WE,Federal Contract Tower,4,0,9,0,13,0,30,18,0,48,4,30,27,0,61,0,0,0,61
12/17/2021,GSN,MP,AWP,WE,Federal Contract Tower,4,0,7,0,11,0,70,28,0,98,4,70,35,0,109,0,0,0,109
12/18/2021,GSN,MP,AWP,WE,Federal Contract Tower,6,5,0,0,11,0,24,17,0,41,6,29,17,0,52,14,0,14,66
12/19/2021,GSN,MP,AWP,WE,Federal Contract Tower,2,0,0,0,2,0,37,8,0,45,2,37,8,0,47,0,0,0,47
12/20/2021,GSN,MP,AWP,WE,Federal Contract Tower,2,0,12,0,14,0,42,28,0,70,2,42,40,0,84,0,0,0,84
12/21/2021,GSN,MP,AWP,WE,Federal Contract Tower,2,0,13,0,15,0,60,42,0,102,2,60,55,0,117,0,0,0,117
12/22/2021,GSN,MP,AWP,WE,Federal Contract Tower,2,10,0,0,12,0,54,34,0,88,2,64,34,0,100,0,0,0,100
12/23/2021,GSN,MP,AWP,WE,Federal Contract Tower,4,0,13,0,17,0,72,20,0,92,4,72,33,0,109,0,0,0,109
12/24/2021,GSN,MP,AWP,WE,Federal Contract Tower,4,0,11,0,15,0,54,27,0,81,4,54,38,0,96,0,0,0,96
12/25/2021,GSN,MP,AWP,WE,Federal Contract Tower,6,0,0,0,6,0,25,6,0,31,6,25,6,0,37,0,0,0,37
12/26/2021,GSN,MP,AWP,WE,Federal Contract Tower,2,0,0,0,2,0,32,6,0,38,2,32,6,0,40,0,0,0,40
12/27/2021,GSN,MP,AWP,WE,Federal Contract Tower,2,0,10,0,12,0,27,23,0,50,2,27,33,0,62,0,0,0,62
12/28/2021,GSN,MP,AWP,WE,Federal Contract Tower,2,0,9,0,11,0,38,25,0,63,2,38,34,0,74,0,0,0,74
12/29/2021,GSN,MP,AWP,WE,Federal Contract Tower,4,0,7,0,11,0,36,19,0,55,4,36,26,0,66,0,0,0,66
12/30/2021,GSN,MP,AWP,WE,Federal Contract Tower,4,0,9,0,13,0,62,19,0,81,4,62,28,0,94,0,0,0,94
12/31/2021,GSN,MP,AWP,WE,Federal Contract Tower,4,0,7,0,11,0,49,14,0,63,4,49,21,0,74,0,0,0,74
01/01/2022,GSN,MP,AWP,WE,Federal Contract Tower,6,3,0,2,11,0,22,9,0,31,6,25,9,2,42,0,0,0,42
01/02/2022,GSN,MP,AWP,WE,Federal Contract Tower,2,5,0,2,9,0,34,5,0,39,2,39,5,2,48,0,0,0,48
01/03/2022,GSN,MP,AWP,WE,Federal Contract Tower,2,1,16,0,19,0,35,12,0,47,2,36,28,0,66,0,0,0,66
01/04/2022,GSN,MP,AWP,WE,Federal Contract Tower,2,0,8,0,10,0,48,20,0,68,2,48,28,0,78,0,0,0,78
01/05/2022,GSN,MP,AWP,WE,Federal Contract Tower,6,0,11,0,17,0,38,11,0,49,6,38,22,0,66,0,0,0,66
01/06/2022,GSN,MP,AWP,WE,Federal Contract Tower,4,0,7,0,11,0,42,9,0,51,4,42,16,0,62,0,0,0,62
01/07/2022,GSN,MP,AWP,WE,Federal Contract Tower,4,0,9,0,13,0,50,4,0,54,4,50,13,0,67,0,0,0,67
01/08/2022,GSN,MP,AWP,WE,Federal Contract Tower,4,4,0,0,8,0,44,15,0,59,4,48,15,0,67,0,0,0,67
01/09/2022,GSN,MP,AWP,WE,Federal Contract Tower,2,0,0,0,2,0,22,11,0,33,2,22,11,0,35,0,0,0,35
01/10/2022,GSN,MP,AWP,WE,Federal Contract Tower,2,6,9,0,17,0,36,14,0,50,2,42,23,0,67,2,0,2,69
01/11/2022,GSN,MP,AWP,WE,Federal Contract Tower,2,0,8,0,10,0,33,20,0,53,2,33,28,0,63,0,0,0,63
01/12/2022,GSN,MP,AWP,WE,Federal Contract Tower,6,0,6,0,12,0,47,23,0,70,6,47,29,0,82,0,0,0,82
01/13/2022,GSN,MP,AWP,WE,Federal Contract Tower,2,0,10,0,12,0,49,23,4,76,2,49,33,4,88,0,0,0,88
01/14/2022,GSN,MP,AWP,WE,Federal Contract Tower,2,0,7,0,9,0,52,14,0,66,2,52,21,0,75,0,0,0,75
01/15/2022,GSN,MP,AWP,WE,Federal Contract Tower,4,8,0,0,12,0,43,9,0,52,4,51,9,0,64,0,0,0,64
01/16/2022,GSN,MP,AWP,WE,Federal Contract Tower,2,0,0,0,2,0,27,11,0,38,2,27,11,0,40,0,0,0,40
01/17/2022,GSN,MP,AWP,WE,Federal Contract Tower,2,6,12,0,20,0,54,7,0,61,2,60,19,0,81,2,0,2,83
01/18/2022,GSN,MP,AWP,WE,Federal Contract Tower,2,0,12,0,14,0,41,11,0,52,2,41,23,0,66,0,0,0,66
01/19/2022,GSN,MP,AWP,WE,Federal Contract Tower,6,0,7,0,13,0,59,9,0,68,6,59,16,0,81,0,0,0,81
01/20/2022,GSN,MP,AWP,WE,Federal Contract Tower,4,10,0,0,14,0,40,10,0,50,4,50,10,0,64,0,0,0,64
01/21/2022,GSN,MP,AWP,WE,Federal Contract Tower,4,0,11,0,15,0,74,18,0,92,4,74,29,0,107,0,0,0,107
01/22/2022,GSN,MP,AWP,WE,Federal Contract Tower,4,6,0,0,10,0,39,7,0,46,4,45,7,0,56,0,0,0,56
01/23/2022,GSN,MP,AWP,WE,Federal Contract Tower,4,1,0,0,5,0,36,2,0,38,4,37,2,0,43,0,0,0,43
01/24/2022,GSN,MP,AWP,WE,Federal Contract Tower,2,6,9,0,17,0,29,13,0,42,2,35,22,0,59,0,0,0,59
01/25/2022,GSN,MP,AWP,WE,Federal Contract Tower,2,0,9,0,11,0,36,21,0,57,2,36,30,0,68,0,0,0,68
01/26/2022,GSN,MP,AWP,WE,Federal Contract Tower,4,0,7,0,11,0,45,16,0,61,4,45,23,0,72,0,0,0,72
01/27/2022,GSN,MP,AWP,WE,Federal Contract Tower,2,0,7,0,9,0,44,15,0,59,2,44,22,0,68,0,0,0,68
01/28/2022,GSN,MP,AWP,WE,Federal Contract Tower,2,11,0,0,13,0,0,0,0,0,2,11,0,0,13,0,0,0,13
01/29/2022,GSN,MP,AWP,WE,Federal Contract Tower,8,0,4,0,12,0,55,13,0,68,8,55,17,0,80,0,0,0,80
01/30/2022,GSN,MP,AWP,WE,Federal Contract Tower,4,0,0,0,4,0,37,12,0,49,4,37,12,0,53,0,0,0,53
01/31/2022,GSN,MP,AWP,WE,Federal Contract Tower,2,7,0,0,9,0,50,15,2,67,2,57,15,2,76,0,0,0,76
02/01/2022,GSN,MP,AWP,WE,Federal Contract Tower,2,0,4,0,6,0,31,25,6,62,2,31,29,6,68,0,0,0,68
02/02/2022,GSN,MP,AWP,WE,Federal Contract Tower,8,0,11,0,19,0,32,21,0,53,8,32,32,0,72,0,0,0,72
02/03/2022,GSN,MP,AWP,WE,Federal Contract Tower,2,7,0,4,13,0,47,16,12,75,2,54,16,16,88,0,0,0,88
02/04/2022,GSN,MP,AWP,WE,Federal Contract Tower,2,0,5,2,9,0,63,28,1,92,2,63,33,3,101,0,0,0,101
02/05/2022,GSN,MP,AWP,WE,Federal Contract Tower,4,0,1,0,5,0,35,23,6,64,4,35,24,6,69,0,0,0,69
02/06/2022,GSN,MP,AWP,WE,Federal Contract Tower,8,0,0,0,8,0,40,7,6,53,8,40,7,6,61,4,0,4,65
02/07/2022,GSN,MP,AWP,WE,Federal Contract Tower,2,3,0,0,5,0,53,7,5,65,2,56,7,5,70,0,0,0,70
02/08/2022,GSN,MP,AWP,WE,Federal Contract Tower,2,1,5,5,13,0,55,14,8,77,2,56,19,13,90,0,0,0,90
02/09/2022,GSN,MP,AWP,WE,Federal Contract Tower,4,0,2,1,7,0,50,33,16,99,4,50,35,17,106,0,0,0,106
02/10/2022,GSN,MP,AWP,WE,Federal Contract Tower,6,0,4,1,11,0,38,6,13,57,6,38,10,14,68,0,18,18,86
02/11/2022,GSN,MP,AWP,WE,Federal Contract Tower,2,0,4,3,9,0,45,20,5,70,2,45,24,8,79,0,0,0,79
02/12/2022,GSN,MP,AWP,WE,Federal Contract Tower,4,0,1,0,5,0,41,12,0,53,4,41,13,0,58,0,0,0,58
02/13/2022,GSN,MP,AWP,WE,Federal Contract Tower,6,0,0,0,6,0,27,5,0,32,6,27,5,0,38,0,0,0,38
02/14/2022,GSN,MP,AWP,WE,Federal Contract Tower,4,3,0,3,10,0,43,7,3,53,4,46,7,6,63,0,0,0,63
02/15/2022,GSN,MP,AWP,WE,Federal Contract Tower,2,0,4,1,7,0,40,21,4,65,2,40,25,5,72,0,0,0,72
02/16/2022,GSN,MP,AWP,WE,Federal Contract Tower,6,0,4,1,11,0,43,23,1,67,6,43,27,2,78,0,0,0,78
02/17/2022,GSN,MP,AWP,WE,Federal Contract Tower,4,0,5,1,10,0,50,8,1,59,4,50,13,2,69,0,0,0,69
02/18/2022,GSN,MP,AWP,WE,Federal Contract Tower,4,0,4,0,8,0,74,21,2,97,4,74,25,2,105,0,0,0,105
02/19/2022,GSN,MP,AWP,WE,Federal Contract Tower,4,5,0,0,9,0,56,8,0,64,4,61,8,0,73,0,0,0,73
02/20/2022,GSN,MP,AWP,WE,Federal Contract Tower,6,0,0,0,6,0,31,5,0,36,6,31,5,0,42,0,0,0,42
02/21/2022,GSN,MP,AWP,WE,Federal Contract Tower,2,6,0,0,8,0,43,9,0,52,2,49,9,0,60,0,0,0,60
02/22/2022,GSN,MP,AWP,WE,Federal Contract Tower,4,0,6,4,14,0,55,28,2,85,4,55,34,6,99,0,0,0,99
02/23/2022,GSN,MP,AWP,WE,Federal Contract Tower,4,0,8,0,12,0,58,13,0,71,4,58,21,0,83,0,0,0,83
02/24/2022,GSN,MP,AWP,WE,Federal Contract Tower,4,3,6,0,13,0,42,10,0,52,4,45,16,0,65,0,0,0,65
02/25/2022,GSN,MP,AWP,WE,Federal Contract Tower,2,0,3,0,5,0,71,27,0,98,2,71,30,0,103,0,0,0,103
02/26/2022,GSN,MP,AWP,WE,Federal Contract Tower,6,0,4,0,10,0,39,9,0,48,6,39,13,0,58,0,0,0,58
02/27/2022,GSN,MP,AWP,WE,Federal Contract Tower,6,0,0,0,6,0,44,6,0,50,6,44,6,0,56,0,0,0,56
02/28/2022,GSN,MP,AWP,WE,Federal Contract Tower,2,4,0,0,6,0,52,17,0,69,2,56,17,0,75,0,0,0,75
03/01/2022,GSN,MP,AWP,WE,Federal Contract Tower,2,7,0,0,9,0,59,12,0,71,2,66,12,0,80,0,0,0,80
03/02/2022,GSN,MP,AWP,WE,Federal Contract Tower,6,5,1,0,12,0,42,14,0,56,6,47,15,0,68,0,0,0,68
03/03/2022,GSN,MP,AWP,WE,Federal Contract Tower,4,6,2,2,14,0,53,12,0,65,4,59,14,2,79,0,0,0,79
03/04/2022,GSN,MP,AWP,WE,Federal Contract Tower,2,2,10,0,14,0,47,13,0,60,2,49,23,0,74,0,0,0,74
03/05/2022,GSN,MP,AWP,WE,Federal Contract Tower,4,1,4,0,9,0,52,16,2,70,4,53,20,2,79,0,8,8,87
03/06/2022,GSN,MP,AWP,WE,Federal Contract Tower,8,0,0,0,8,0,35,8,0,43,8,35,8,0,51,0,0,0,51
03/07/2022,GSN,MP,AWP,WE,Federal Contract Tower,2,2,0,0,4,0,39,15,0,54,2,41,15,0,58,0,0,0,58
03/08/2022,GSN,MP,AWP,WE,Federal Contract Tower,2,5,0,0,7,0,38,6,0,44,2,43,6,0,51,0,0,0,51
03/09/2022,GSN,MP,AWP,WE,Federal Contract Tower,4,0,4,0,8,0,49,13,0,62,4,49,17,0,70,0,0,0,70
03/10/2022,GSN,MP,AWP,WE,Federal Contract Tower,6,0,1,0,7,0,64,22,0,86,6,64,23,0,93,0,0,0,93
03/11/2022,GSN,MP,AWP,WE,Federal Contract Tower,2,5,7,4,18,0,79,20,4,103,2,84,27,8,121,0,0,0,121
03/12/2022,GSN,MP,AWP,WE,Federal Contract Tower,4,1,6,0,11,0,86,31,0,117,4,87,37,0,128,0,0,0,128
03/13/2022,GSN,MP,AWP,WE,Federal Contract Tower,6,0,0,0,6,0,96,39,0,135,6,96,39,0,141,0,0,0,141
03/14/2022,GSN,MP,AWP,WE,Federal Contract Tower,4,6,0,0,10,0,71,13,0,84,4,77,13,0,94,0,0,0,94
03/15/2022,GSN,MP,AWP,WE,Federal Contract Tower,2,3,0,8,13,0,66,11,0,77,2,69,11,8,90,0,0,0,90
03/16/2022,GSN,MP,AWP,WE,Federal Contract Tower,6,0,4,3,13,0,58,8,1,67,6,58,12,4,80,0,0,0,80
03/17/2022,GSN,MP,AWP,WE,Federal Contract Tower,4,0,3,4,11,0,60,15,2,77,4,60,18,6,88,0,0,0,88
03/18/2022,GSN,MP,AWP,WE,Federal Contract Tower,6,0,4,0,10,0,72,19,0,91,6,72,23,0,101,0,0,0,101
03/19/2022,GSN,MP,AWP,WE,Federal Contract Tower,6,0,1,0,7,0,49,22,0,71,6,49,23,0,78,6,0,6,84
03/20/2022,GSN,MP,AWP,WE,Federal Contract Tower,6,0,1,0,7,0,40,7,0,47,6,40,8,0,54,0,0,0,54
03/21/2022,GSN,MP,AWP,WE,Federal Contract Tower,2,2,0,0,4,0,61,12,0,73,2,63,12,0,77,0,0,0,77
03/22/2022,GSN,MP,AWP,WE,Federal Contract Tower,4,1,0,0,5,0,59,13,0,72,4,60,13,0,77,0,0,0,77
03/23/2022,GSN,MP,AWP,WE,Federal Contract Tower,6,0,4,0,10,0,54,11,4,69,6,54,15,4,79,0,0,0,79
03/24/2022,GSN,MP,AWP,WE,Federal Contract Tower,4,0,0,0,4,0,61,23,5,89,4,61,23,5,93,0,0,0,93
03/25/2022,GSN,MP,AWP,WE,Federal Contract Tower,2,0,4,0,6,0,85,17,0,102,2,85,21,0,108,0,0,0,108
03/26/2022,GSN,MP,AWP,WE,Federal Contract Tower,6,0,3,0,9,0,63,21,0,84,6,63,24,0,93,0,0,0,93
03/27/2022,GSN,MP,AWP,WE,Federal Contract Tower,6,0,0,0,6,0,48,6,0,54,6,48,6,0,60,0,0,0,60
03/28/2022,GSN,MP,AWP,WE,Federal Contract Tower,2,2,0,0,4,0,46,22,0,68,2,48,22,0,72,0,0,0,72
03/29/2022,GSN,MP,AWP,WE,Federal Contract Tower,2,1,0,0,3,0,66,15,0,81,2,67,15,0,84,0,0,0,84
03/30/2022,GSN,MP,AWP,WE,Federal Contract Tower,12,0,4,0,16,0,64,20,0,84,12,64,24,0,100,12,0,12,112
03/31/2022,GSN,MP,AWP,WE,Federal Contract Tower,4,0,2,0,6,0,89,25,0,114,4,89,27,0,120,0,0,0,120
04/01/2022,GSN,MP,AWP,WE,Federal Contract Tower,2,0,4,0,6,0,98,18,0,116,2,98,22,0,122,0,0,0,122
04/02/2022,GSN,MP,AWP,WE,Federal Contract Tower,8,0,4,0,12,0,77,12,0,89,8,77,16,0,101,0,0,0,101
04/03/2022,GSN,MP,AWP,WE,Federal Contract Tower,8,0,0,0,8,0,52,18,0,70,8,52,18,0,78,0,0,0,78
04/04/2022,GSN,MP,AWP,WE,Federal Contract Tower,2,1,3,0,6,0,54,4,0,58,2,55,7,0,64,0,0,0,64
04/05/2022,GSN,MP,AWP,WE,Federal Contract Tower,2,1,0,0,3,0,49,1,0,50,2,50,1,0,53,0,0,0,53
04/06/2022,GSN,MP,AWP,WE,Federal Contract Tower,12,4,0,0,16,0,56,10,0,66,12,60,10,0,82,0,0,0,82
04/07/2022,GSN,MP,AWP,WE,Federal Contract Tower,4,0,3,0,7,0,60,24,0,84,4,60,27,0,91,0,0,0,91
04/08/2022,GSN,MP,AWP,WE,Federal Contract Tower,2,0,5,0,7,0,69,35,0,104,2,69,40,0,111,4,0,4,115
04/09/2022,GSN,MP,AWP,WE,Federal Contract Tower,8,1,7,0,16,0,78,30,0,108,8,79,37,0,124,0,0,0,124
04/10/2022,GSN,MP,AWP,WE,Federal Contract Tower,8,2,0,0,10,0,36,16,0,52,8,38,16,0,62,0,0,0,62
04/11/2022,GSN,MP,AWP,WE,Federal Contract Tower,2,2,14,1,19,0,45,8,0,53,2,47,22,1,72,0,0,0,72
04/12/2022,GSN,MP,AWP,WE,Federal Contract Tower,2,10,0,0,12,0,49,16,0,65,2,59,16,0,77,0,0,0,77
04/13/2022,GSN,MP,AWP,WE,Federal Contract Tower,12,4,0,1,17,0,66,4,0,70,12,70,4,1,87,2,0,2,89
04/14/2022,GSN,MP,AWP,WE,Federal Contract Tower,4,0,1,0,5,0,49,22,0,71,4,49,23,0,76,4,0,4,80
04/15/2022,GSN,MP,AWP,WE,Federal Contract Tower,2,0,4,0,6,0,46,14,0,60,2,46,18,0,66,0,0,0,66
04/16/2022,GSN,MP,AWP,WE,Federal Contract Tower,8,0,4,0,12,0,41,19,0,60,8,41,23,0,72,0,0,0,72
04/17/2022,GSN,MP,AWP,WE,Federal Contract Tower,8,0,0,0,8,0,37,28,0,65,8,37,28,0,73,0,0,0,73
04/18/2022,GSN,MP,AWP,WE,Federal Contract Tower,2,0,4,0,6,0,64,16,0,80,2,64,20,0,86,0,0,0,86
04/19/2022,GSN,MP,AWP,WE,Federal Contract Tower,2,3,0,0,5,0,67,14,0,81,2,70,14,0,86,0,0,0,86
04/20/2022,GSN,MP,AWP,WE,Federal Contract Tower,10,3,0,0,13,0,77,14,0,91,10,80,14,0,104,0,0,0,104
04/21/2022,GSN,MP,AWP,WE,Federal Contract Tower,4,0,2,0,6,0,38,25,0,63,4,38,27,0,69,2,0,2,71
04/22/2022,GSN,MP,AWP,WE,Federal Contract Tower,2,0,5,0,7,0,85,23,0,108,2,85,28,0,115,0,0,0,115
04/23/2022,GSN,MP,AWP,WE,Federal Contract Tower,8,0,0,0,8,0,61,20,0,81,8,61,20,0,89,0,0,0,89
04/24/2022,GSN,MP,AWP,WE,Federal Contract Tower,6,0,0,0,6,0,52,10,0,62,6,52,10,0,68,0,0,0,68
04/25/2022,GSN,MP,AWP,WE,Federal Contract Tower,2,0,7,0,9,0,53,21,0,74,2,53,28,0,83,0,0,0,83
04/26/2022,GSN,MP,AWP,WE,Federal Contract Tower,2,3,0,0,5,0,56,24,0,80,2,59,24,0,85,2,0,2,87
04/27/2022,GSN,MP,AWP,WE,Federal Contract Tower,10,1,6,0,17,0,57,14,0,71,10,58,20,0,88,0,0,0,88
04/28/2022,GSN,MP,AWP,WE,Federal Contract Tower,4,0,6,0,10,0,62,11,0,73,4,62,17,0,83,2,0,2,85
04/29/2022,GSN,MP,AWP,WE,Federal Contract Tower,2,0,11,0,13,0,77,39,0,116,2,77,50,0,129,0,0,0,129
04/30/2022,GSN,MP,AWP,WE,Federal Contract Tower,10,0,0,0,10,0,77,29,0,106,10,77,29,0,116,0,0,0,116
05/01/2022,GSN,MP,AWP,WE,Federal Contract Tower,8,0,6,0,14,0,65,19,0,84,8,65,25,0,98,0,0,0,98
05/02/2022,GSN,MP,AWP,WE,Federal Contract Tower,2,0,0,0,2,0,74,22,0,96,2,74,22,0,98,0,0,0,98
05/03/2022,GSN,MP,AWP,WE,Federal Contract Tower,2,0,0,0,2,0,52,28,0,80,2,52,28,0,82,0,0,0,82
05/04/2022,GSN,MP,AWP,WE,Federal Contract Tower,10,3,0,0,13,0,56,30,0,86,10,59,30,0,99,0,0,0,99
05/05/2022,GSN,MP,AWP,WE,Federal Contract Tower,4,0,0,0,4,0,58,43,0,101,4,58,43,0,105,4,0,4,109
05/06/2022,GSN,MP,AWP,WE,Federal Contract Tower,2,0,4,0,6,0,60,35,0,95,2,60,39,0,101,0,0,0,101
05/07/2022,GSN,MP,AWP,WE,Federal Contract Tower,8,0,4,0,12,0,69,15,0,84,8,69,19,0,96,0,0,0,96
05/08/2022,GSN,MP,AWP,WE,Federal Contract Tower,6,0,0,0,6,0,82,21,0,103,6,82,21,0,109,0,0,0,109
05/09/2022,GSN,MP,AWP,WE,Federal Contract Tower,2,0,5,0,7,0,65,25,0,90,2,65,30,0,97,0,0,0,97
05/10/2022,GSN,MP,AWP,WE,Federal Contract Tower,2,0,2,0,4,0,49,33,0,82,2,49,35,0,86,0,0,0,86
05/11/2022,GSN,MP,AWP,WE,Federal Contract Tower,10,0,0,0,10,0,47,15,0,62,10,47,15,0,72,0,0,0,72
05/12/2022,GSN,MP,AWP,WE,Federal Contract Tower,4,0,2,0,6,0,60,19,0,79,4,60,21,0,85,0,0,0,85
05/13/2022,GSN,MP,AWP,WE,Federal Contract Tower,2,0,2,0,4,0,76,22,0,98,2,76,24,0,102,0,0,0,102
05/14/2022,GSN,MP,AWP,WE,Federal Contract Tower,8,0,0,0,8,0,65,34,0,99,8,65,34,0,107,0,0,0,107
05/15/2022,GSN,MP,AWP,WE,Federal Contract Tower,6,0,0,0,6,0,49,18,0,67,6,49,18,0,73,0,0,0,73
05/16/2022,GSN,MP,AWP,WE,Federal Contract Tower,2,0,6,0,8,0,42,28,0,70,2,42,34,0,78,42,0,42,120
05/17/2022,GSN,MP,AWP,WE,Federal Contract Tower,2,0,0,0,2,0,55,25,0,80,2,55,25,0,82,14,0,14,96
05/18/2022,GSN,MP,AWP,WE,Federal Contract Tower,10,0,0,0,10,0,68,18,0,86,10,68,18,0,96,19,0,19,115
05/19/2022,GSN,MP,AWP,WE,Federal Contract Tower,4,0,5,0,9,0,59,18,0,77,4,59,23,0,86,2,0,2,88
05/20/2022,GSN,MP,AWP,WE,Federal Contract Tower,4,1,0,0,5,0,93,29,0,122,4,94,29,0,127,0,0,0,127
05/21/2022,GSN,MP,AWP,WE,Federal Contract Tower,8,0,1,0,9,0,96,27,0,123,8,96,28,0,132,0,0,0,132
05/22/2022,GSN,MP,AWP,WE,Federal Contract Tower,6,0,0,0,6,0,74,20,0,94,6,74,20,0,100,0,0,0,100
05/23/2022,GSN,MP,AWP,WE,Federal Contract Tower,2,0,0,0,2,0,65,18,0,83,2,65,18,0,85,0,0,0,85
05/24/2022,GSN,MP,AWP,WE,Federal Contract Tower,2,0,0,0,2,0,48,29,0,77,2,48,29,0,79,0,0,0,79
05/25/2022,GSN,MP,AWP,WE,Federal Contract Tower,10,0,0,0,10,0,59,14,0,73,10,59,14,0,83,0,5,5,88
05/26/2022,GSN,MP,AWP,WE,Federal Contract Tower,4,0,0,0,4,0,83,23,0,106,4,83,23,0,110,0,0,0,110
05/27/2022,GSN,MP,AWP,WE,Federal Contract Tower,2,0,0,0,2,0,78,33,0,111,2,78,33,0,113,0,0,0,113
05/28/2022,GSN,MP,AWP,WE,Federal Contract Tower,10,0,0,0,10,0,79,36,0,115,10,79,36,0,125,0,0,0,125
05/29/2022,GSN,MP,AWP,WE,Federal Contract Tower,6,0,0,0,6,0,64,12,0,76,6,64,12,0,82,0,0,0,82
05/30/2022,GSN,MP,AWP,WE,Federal Contract Tower,2,0,0,0,2,0,66,38,2,106,2,66,38,2,108,0,0,0,108
05/31/2022,GSN,MP,AWP,WE,Federal Contract Tower,2,0,0,0,2,0,74,74,0,148,2,74,74,0,150,0,0,0,150
06/01/2022,GSN,MP,AWP,WE,Federal Contract Tower,14,0,0,0,14,0,63,25,1,89,14,63,25,1,103,0,0,0,103
06/02/2022,GSN,MP,AWP,WE,Federal Contract Tower,4,0,0,0,4,0,69,23,0,92,4,69,23,0,96,0,2,2,98
06/03/2022,GSN,MP,AWP,WE,Federal Contract Tower,2,0,0,2,4,0,104,34,0,138,2,104,34,2,142,2,0,2,144
06/04/2022,GSN,MP,AWP,WE,Federal Contract Tower,12,0,0,0,12,0,65,23,0,88,12,65,23,0,100,0,0,0,100
06/05/2022,GSN,MP,AWP,WE,Federal Contract Tower,8,2,0,0,10,0,66,17,0,83,8,68,17,0,93,0,0,0,93
06/06/2022,GSN,MP,AWP,WE,Federal Contract Tower,2,0,0,0,2,0,69,33,0,102,2,69,33,0,104,0,0,0,104
06/07/2022,GSN,MP,AWP,WE,Federal Contract Tower,2,0,0,0,2,0,63,33,6,102,2,63,33,6,104,0,0,0,104
06/08/2022,GSN,MP,AWP,WE,Federal Contract Tower,12,0,0,0,12,0,61,4,0,65,12,61,4,0,77,0,0,0,77
06/09/2022,GSN,MP,AWP,WE,Federal Contract Tower,4,1,0,0,5,0,74,6,0,80,4,75,6,0,85,0,0,0,85
06/10/2022,GSN,MP,AWP,WE,Federal Contract Tower,2,2,0,0,4,0,85,21,0,106,2,87,21,0,110,0,0,0,110
06/11/2022,GSN,MP,AWP,WE,Federal Contract Tower,12,0,1,0,13,0,77,24,0,101,12,77,25,0,114,2,0,2,116
06/12/2022,GSN,MP,AWP,WE,Federal Contract Tower,8,0,0,0,8,0,58,11,0,69,8,58,11,0,77,0,0,0,77
06/13/2022,GSN,MP,AWP,WE,Federal Contract Tower,3,0,0,0,3,0,50,35,0,85,3,50,35,0,88,0,0,0,88
06/14/2022,GSN,MP,AWP,WE,Federal Contract Tower,3,0,4,0,7,0,52,30,0,82,3,52,34,0,89,0,0,0,89
06/15/2022,GSN,MP,AWP,WE,Federal Contract Tower,16,0,1,0,17,0,74,18,0,92,16,74,19,0,109,0,0,0,109
06/16/2022,GSN,MP,AWP,WE,Federal Contract Tower,9,2,0,0,11,0,69,19,0,88,9,71,19,0,99,0,0,0,99
06/17/2022,GSN,MP,AWP,WE,Federal Contract Tower,2,3,0,0,5,0,85,27,0,112,2,88,27,0,117,0,0,0,117
06/18/2022,GSN,MP,AWP,WE,Federal Contract Tower,12,0,5,0,17,0,80,26,0,106,12,80,31,0,123,0,0,0,123
06/19/2022,GSN,MP,AWP,WE,Federal Contract Tower,6,0,0,0,6,0,59,20,0,79,6,59,20,0,85,0,0,0,85
06/20/2022,GSN,MP,AWP,WE,Federal Contract Tower,2,0,2,0,4,0,63,22,0,85,2,63,24,0,89,0,0,0,89
06/21/2022,GSN,MP,AWP,WE,Federal Contract Tower,2,0,3,0,5,0,70,27,0,97,2,70,30,0,102,0,0,0,102
06/22/2022,GSN,MP,AWP,WE,Federal Contract Tower,12,0,4,0,16,0,68,9,2,79,12,68,13,2,95,0,0,0,95
06/23/2022,GSN,MP,AWP,WE,Federal Contract Tower,4,12,0,0,16,0,71,27,0,98,4,83,27,0,114,0,0,0,114
06/24/2022,GSN,MP,AWP,WE,Federal Contract Tower,2,1,0,0,3,0,85,32,0,117,2,86,32,0,120,0,0,0,120
06/25/2022,GSN,MP,AWP,WE,Federal Contract Tower,13,0,1,0,14,0,71,19,0,90,13,71,20,0,104,0,0,0,104
06/26/2022,GSN,MP,AWP,WE,Federal Contract Tower,11,0,0,0,11,0,47,24,0,71,11,47,24,0,82,0,0,0,82
06/27/2022,GSN,MP,AWP,WE,Federal Contract Tower,6,0,7,0,13,0,67,52,0,119,6,67,59,0,132,0,0,0,132
06/28/2022,GSN,MP,AWP,WE,Federal Contract Tower,2,0,2,0,4,0,63,24,0,87,2,63,26,0,91,0,0,0,91
06/29/2022,GSN,MP,AWP,WE,Federal Contract Tower,12,0,4,0,16,0,62,16,2,80,12,62,20,2,96,0,0,0,96
06/30/2022,GSN,MP,AWP,WE,Federal Contract Tower,4,1,0,0,5,0,74,14,0,88,4,75,14,0,93,0,0,0,93
07/01/2022,GSN,MP,AWP,WE,Federal Contract Tower,2,3,0,1,6,0,94,26,7,127,2,97,26,8,133,0,0,0,133
07/02/2022,GSN,MP,AWP,WE,Federal Contract Tower,12,3,0,0,15,0,78,16,0,94,12,81,16,0,109,0,0,0,109
07/03/2022,GSN,MP,AWP,WE,Federal Contract Tower,8,1,1,0,10,0,59,8,0,67,8,60,9,0,77,0,0,0,77
07/04/2022,GSN,MP,AWP,WE,Federal Contract Tower,2,0,4,0,6,0,62,49,0,111,2,62,53,0,117,0,0,0,117
07/05/2022,GSN,MP,AWP,WE,Federal Contract Tower,2,0,0,0,2,0,65,38,0,103,2,65,38,0,105,0,0,0,105
07/06/2022,GSN,MP,AWP,WE,Federal Contract Tower,10,0,0,0,10,0,59,24,0,83,10,59,24,0,93,0,0,0,93
07/07/2022,GSN,MP,AWP,WE,Federal Contract Tower,6,0,4,0,10,0,63,14,0,77,6,63,18,0,87,0,0,0,87
07/08/2022,GSN,MP,AWP,WE,Federal Contract Tower,2,0,0,0,2,0,89,23,0,112,2,89,23,0,114,0,0,0,114
07/09/2022,GSN,MP,AWP,WE,Federal Contract Tower,10,4,0,0,14,0,48,19,0,67,10,52,19,0,81,0,0,0,81
07/10/2022,GSN,MP,AWP,WE,Federal Contract Tower,8,0,0,0,8,0,45,19,0,64,8,45,19,0,72,2,0,2,74
07/11/2022,GSN,MP,AWP,WE,Federal Contract Tower,2,0,2,0,4,0,64,33,0,97,2,64,35,0,101,0,0,0,101
07/12/2022,GSN,MP,AWP,WE,Federal Contract Tower,2,0,0,0,2,0,54,36,0,90,2,54,36,0,92,0,0,0,92
07/13/2022,GSN,MP,AWP,WE,Federal Contract Tower,10,0,4,0,14,0,65,13,0,78,10,65,17,0,92,0,0,0,92
07/14/2022,GSN,MP,AWP,WE,Federal Contract Tower,6,0,0,0,6,0,64,7,0,71,6,64,7,0,77,0,0,0,77
07/15/2022,GSN,MP,AWP,WE,Federal Contract Tower,2,0,2,0,4,0,66,30,0,96,2,66,32,0,100,10,0,10,110
07/16/2022,GSN,MP,AWP,WE,Federal Contract Tower,10,4,0,0,14,0,82,10,0,92,10,86,10,0,106,0,0,0,106
07/17/2022,GSN,MP,AWP,WE,Federal Contract Tower,8,0,0,0,8,0,48,29,0,77,8,48,29,0,85,0,0,0,85
07/18/2022,GSN,MP,AWP,WE,Federal Contract Tower,2,0,5,0,7,0,54,31,0,85,2,54,36,0,92,0,0,0,92
07/19/2022,GSN,MP,AWP,WE,Federal Contract Tower,2,0,2,0,4,0,46,20,0,66,2,46,22,0,70,0,0,0,70
07/20/2022,GSN,MP,AWP,WE,Federal Contract Tower,12,0,3,0,15,0,64,7,0,71,12,64,10,0,86,0,0,0,86
07/21/2022,GSN,MP,AWP,WE,Federal Contract Tower,6,0,1,0,7,0,74,16,0,90,6,74,17,0,97,0,0,0,97
07/22/2022,GSN,MP,AWP,WE,Federal Contract Tower,4,0,2,0,6,0,72,15,0,87,4,72,17,0,93,0,0,0,93
07/23/2022,GSN,MP,AWP,WE,Federal Contract Tower,10,2,0,0,12,0,64,24,0,88,10,66,24,0,100,0,0,0,100
07/24/2022,GSN,MP,AWP,WE,Federal Contract Tower,10,0,1,0,11,0,51,13,0,64,10,51,14,0,75,0,0,0,75
07/25/2022,GSN,MP,AWP,WE,Federal Contract Tower,4,0,7,0,11,0,61,20,0,81,4,61,27,0,92,0,0,0,92
07/26/2022,GSN,MP,AWP,WE,Federal Contract Tower,4,2,7,0,13,0,34,3,0,37,4,36,10,0,50,0,0,0,50
07/27/2022,GSN,MP,AWP,WE,Federal Contract Tower,12,2,7,0,21,0,52,23,0,75,12,54,30,0,96,0,0,0,96
07/28/2022,GSN,MP,AWP,WE,Federal Contract Tower,6,0,0,0,6,0,61,24,0,85,6,61,24,0,91,4,0,4,95
07/29/2022,GSN,MP,AWP,WE,Federal Contract Tower,6,0,3,0,9,0,76,11,0,87,6,76,14,0,96,0,0,0,96
07/30/2022,GSN,MP,AWP,WE,Federal Contract Tower,10,0,0,0,10,0,61,28,0,89,10,61,28,0,99,0,0,0,99
07/31/2022,GSN,MP,AWP,WE,Federal Contract Tower,10,0,0,0,10,0,53,17,0,70,10,53,17,0,80,0,0,0,80
08/01/2022,GSN,MP,AWP,WE,Federal Contract Tower,6,0,1,0,7,0,55,26,0,81,6,55,27,0,88,0,0,0,88
08/02/2022,GSN,MP,AWP,WE,Federal Contract Tower,6,0,0,0,6,0,52,29,6,87,6,52,29,6,93,0,0,0,93
08/03/2022,GSN,MP,AWP,WE,Federal Contract Tower,12,0,0,0,12,0,50,24,0,74,12,50,24,0,86,0,0,0,86
08/04/2022,GSN,MP,AWP,WE,Federal Contract Tower,6,0,0,1,7,0,69,11,0,80,6,69,11,1,87,0,0,0,87
08/05/2022,GSN,MP,AWP,WE,Federal Contract Tower,6,0,4,0,10,0,96,8,0,104,6,96,12,0,114,0,0,0,114
08/06/2022,GSN,MP,AWP,WE,Federal Contract Tower,11,3,0,0,14,0,64,24,0,88,11,67,24,0,102,0,2,2,104
08/07/2022,GSN,MP,AWP,WE,Federal Contract Tower,11,2,0,0,13,0,51,17,0,68,11,53,17,0,81,0,0,0,81
08/08/2022,GSN,MP,AWP,WE,Federal Contract Tower,6,1,0,0,7,0,72,16,0,88,6,73,16,0,95,0,0,0,95
08/09/2022,GSN,MP,AWP,WE,Federal Contract Tower,4,0,2,1,7,0,64,35,2,101,4,64,37,3,108,0,4,4,112
08/10/2022,GSN,MP,AWP,WE,Federal Contract Tower,12,0,3,0,15,0,62,23,0,85,12,62,26,0,100,0,0,0,100
08/11/2022,GSN,MP,AWP,WE,Federal Contract Tower,6,0,2,0,8,0,69,23,0,92,6,69,25,0,100,0,0,0,100
08/12/2022,GSN,MP,AWP,WE,Federal Contract Tower,6,0,0,0,6,0,105,48,0,153,6,105,48,0,159,0,0,0,159
08/13/2022,GSN,MP,AWP,WE,Federal Contract Tower,10,0,3,0,13,0,83,39,0,122,10,83,42,0,135,0,0,0,135
08/14/2022,GSN,MP,AWP,WE,Federal Contract Tower,10,1,0,0,11,0,103,44,0,147,10,104,44,0,158,0,0,0,158
08/15/2022,GSN,MP,AWP,WE,Federal Contract Tower,8,0,0,5,13,0,58,28,0,86,8,58,28,5,99,0,0,0,99
08/16/2022,GSN,MP,AWP,WE,Federal Contract Tower,4,1,9,0,14,0,77,50,4,131,4,78,59,4,145,0,0,0,145
08/17/2022,GSN,MP,AWP,WE,Federal Contract Tower,12,1,4,0,17,0,85,27,0,112,12,86,31,0,129,0,0,0,129
08/18/2022,GSN,MP,AWP,WE,Federal Contract Tower,6,0,1,0,7,0,61,37,1,99,6,61,38,1,106,0,0,0,106
08/19/2022,GSN,MP,AWP,WE,Federal Contract Tower,2,4,0,0,6,0,97,32,0,129,2,101,32,0,135,0,0,0,135
08/20/2022,GSN,MP,AWP,WE,Federal Contract Tower,10,4,4,0,18,0,55,33,0,88,10,59,37,0,106,0,0,0,106
08/21/2022,GSN,MP,AWP,WE,Federal Contract Tower,10,4,0,0,14,0,56,25,0,81,10,60,25,0,95,0,0,0,95
08/22/2022,GSN,MP,AWP,WE,Federal Contract Tower,2,5,3,0,10,0,61,11,0,72,2,66,14,0,82,2,0,2,84
08/23/2022,GSN,MP,AWP,WE,Federal Contract Tower,2,6,5,0,13,0,56,32,2,90,2,62,37,2,103,0,0,0,103
08/24/2022,GSN,MP,AWP,WE,Federal Contract Tower,12,3,0,0,15,0,68,48,2,118,12,71,48,2,133,0,0,0,133
08/25/2022,GSN,MP,AWP,WE,Federal Contract Tower,6,6,0,0,12,0,53,30,0,83,6,59,30,0,95,0,0,0,95
08/26/2022,GSN,MP,AWP,WE,Federal Contract Tower,2,7,0,0,9,0,76,14,0,90,2,83,14,0,99,0,0,0,99
08/27/2022,GSN,MP,AWP,WE,Federal Contract Tower,10,5,0,0,15,0,72,35,0,107,10,77,35,0,122,0,0,0,122
08/28/2022,GSN,MP,AWP,WE,Federal Contract Tower,10,3,0,0,13,0,58,15,0,73,10,61,15,0,86,0,0,0,86
08/29/2022,GSN,MP,AWP,WE,Federal Contract Tower,2,3,0,0,5,0,65,27,0,92,2,68,27,0,97,0,0,0,97
08/30/2022,GSN,MP,AWP,WE,Federal Contract Tower,2,4,1,0,7,0,50,23,0,73,2,54,24,0,80,0,0,0,80
08/31/2022,GSN,MP,AWP,WE,Federal Contract Tower,12,9,5,0,26,0,32,17,0,49,12,41,22,0,75,0,0,0,75
09/01/2022,GSN,MP,AWP,WE,Federal Contract Tower,6,11,0,0,17,0,37,22,0,59,6,48,22,0,76,0,0,0,76
09/02/2022,GSN,MP,AWP,WE,Federal Contract Tower,4,6,0,0,10,0,100,33,0,133,4,106,33,0,143,0,0,0,143
09/03/2022,GSN,MP,AWP,WE,Federal Contract Tower,10,0,0,0,10,0,92,19,0,111,10,92,19,0,121,0,0,0,121
09/04/2022,GSN,MP,AWP,WE,Federal Contract Tower,10,0,1,0,11,0,50,7,0,57,10,50,8,0,68,0,0,0,68
09/05/2022,GSN,MP,AWP,WE,Federal Contract Tower,4,1,0,0,5,0,76,35,0,111,4,77,35,0,116,2,4,6,122
09/06/2022,GSN,MP,AWP,WE,Federal Contract Tower,2,0,0,0,2,0,62,19,0,81,2,62,19,0,83,2,0,2,85
09/07/2022,GSN,MP,AWP,WE,Federal Contract Tower,14,0,0,0,14,0,53,27,0,80,14,53,27,0,94,2,0,2,96
09/08/2022,GSN,MP,AWP,WE,Federal Contract Tower,6,0,0,0,6,0,77,39,0,116,6,77,39,0,122,0,0,0,122
09/09/2022,GSN,MP,AWP,WE,Federal Contract Tower,8,0,0,0,8,0,76,38,0,114,8,76,38,0,122,0,0,0,122
09/10/2022,GSN,MP,AWP,WE,Federal Contract Tower,10,0,2,0,12,0,63,19,0,82,10,63,21,0,94,0,0,0,94
09/11/2022,GSN,MP,AWP,WE,Federal Contract Tower,10,0,0,0,10,0,51,21,0,72,10,51,21,0,82,2,0,2,84
09/12/2022,GSN,MP,AWP,WE,Federal Contract Tower,8,11,0,0,19,0,62,34,0,96,8,73,34,0,115,0,0,0,115
09/13/2022,GSN,MP,AWP,WE,Federal Contract Tower,2,14,0,0,16,0,64,17,0,81,2,78,17,0,97,0,0,0,97
09/14/2022,GSN,MP,AWP,WE,Federal Contract Tower,14,10,6,0,30,0,54,11,0,65,14,64,17,0,95,0,0,0,95
09/15/2022,GSN,MP,AWP,WE,Federal Contract Tower,4,13,4,0,21,0,58,25,0,83,4,71,29,0,104,0,0,0,104
09/16/2022,GSN,MP,AWP,WE,Federal Contract Tower,4,10,1,0,15,0,66,24,0,90,4,76,25,0,105,0,0,0,105
09/17/2022,GSN,MP,AWP,WE,Federal Contract Tower,8,6,6,0,20,0,63,14,0,77,8,69,20,0,97,0,0,0,97
09/18/2022,GSN,MP,AWP,WE,Federal Contract Tower,8,0,0,0,8,0,57,16,0,73,8,57,16,0,81,0,0,0,81
09/19/2022,GSN,MP,AWP,WE,Federal Contract Tower,6,15,0,0,21,0,36,5,0,41,6,51,5,0,62,0,0,0,62
09/20/2022,GSN,MP,AWP,WE,Federal Contract Tower,2,10,0,0,12,0,50,12,0,62,2,60,12,0,74,0,0,0,74
09/21/2022,GSN,MP,AWP,WE,Federal Contract Tower,12,0,0,0,12,0,76,26,0,102,12,76,26,0,114,0,0,0,114
09/22/2022,GSN,MP,AWP,WE,Federal Contract Tower,6,3,5,0,14,0,67,11,0,78,6,70,16,0,92,0,0,0,92
09/23/2022,GSN,MP,AWP,WE,Federal Contract Tower,4,8,3,0,15,0,101,19,0,120,4,109,22,0,135,0,0,0,135
09/24/2022,GSN,MP,AWP,WE,Federal Contract Tower,10,1,4,0,15,0,70,29,0,99,10,71,33,0,114,0,0,0,114
09/25/2022,GSN,MP,AWP,WE,Federal Contract Tower,8,3,1,2,14,0,64,21,0,85,8,67,22,2,99,0,0,0,99
09/26/2022,GSN,MP,AWP,WE,Federal Contract Tower,4,10,0,0,14,0,67,19,0,86,4,77,19,0,100,0,4,4,104
09/27/2022,GSN,MP,AWP,WE,Federal Contract Tower,2,8,0,0,10,0,59,21,0,80,2,67,21,0,90,0,0,0,90
09/28/2022,GSN,MP,AWP,WE,Federal Contract Tower,12,8,0,0,20,0,55,26,0,81,12,63,26,0,101,0,0,0,101
09/29/2022,GSN,MP,AWP,WE,Federal Contract Tower,6,6,0,0,12,0,54,22,0,76,6,60,22,0,88,2,0,2,90
09/30/2022,GSN,MP,AWP,WE,Federal Contract Tower,4,7,0,0,11,0,84,26,0,110,4,91,26,0,121,0,0,0,121
10/01/2022,GSN,MP,AWP,WE,Federal Contract Tower,10,7,0,0,17,0,59,20,0,79,10,66,20,0,96,0,0,0,96
10/02/2022,GSN,MP,AWP,WE,Federal Contract Tower,8,3,0,0,11,0,50,21,0,71,8,53,21,0,82,0,0,0,82
10/03/2022,GSN,MP,AWP,WE,Federal Contract Tower,6,3,2,0,11,0,53,22,0,75,6,56,24,0,86,0,0,0,86
10/04/2022,GSN,MP,AWP,WE,Federal Contract Tower,4,5,0,0,9,0,84,15,0,99,4,89,15,0,108,0,0,0,108
10/05/2022,GSN,MP,AWP,WE,Federal Contract Tower,12,0,0,0,12,0,72,10,0,82,12,72,10,0,94,0,0,0,94
10/06/2022,GSN,MP,AWP,WE,Federal Contract Tower,6,2,0,0,8,0,58,15,0,73,6,60,15,0,81,0,0,0,81
10/07/2022,GSN,MP,AWP,WE,Federal Contract Tower,6,12,0,0,18,0,62,30,0,92,6,74,30,0,110,0,0,0,110
10/08/2022,GSN,MP,AWP,WE,Federal Contract Tower,10,12,0,0,22,0,51,17,0,68,10,63,17,0,90,0,0,0,90
10/09/2022,GSN,MP,AWP,WE,Federal Contract Tower,8,8,0,0,16,0,53,26,0,79,8,61,26,0,95,0,0,0,95
10/10/2022,GSN,MP,AWP,WE,Federal Contract Tower,6,9,2,0,17,0,66,25,0,91,6,75,27,0,108,0,0,0,108
10/11/2022,GSN,MP,AWP,WE,Federal Contract Tower,6,12,0,0,18,0,79,6,0,85,6,91,6,0,103,0,0,0,103
10/12/2022,GSN,MP,AWP,WE,Federal Contract Tower,12,7,0,0,19,0,59,12,0,71,12,66,12,0,90,0,0,0,90
10/13/2022,GSN,MP,AWP,WE,Federal Contract Tower,7,1,5,0,13,0,59,18,0,77,7,60,23,0,90,0,0,0,90
10/14/2022,GSN,MP,AWP,WE,Federal Contract Tower,7,8,6,0,21,0,96,29,0,125,7,104,35,0,146,0,0,0,146
10/15/2022,GSN,MP,AWP,WE,Federal Contract Tower,9,17,0,0,26,0,55,11,0,66,9,72,11,0,92,0,0,0,92
10/16/2022,GSN,MP,AWP,WE,Federal Contract Tower,8,5,0,0,13,0,47,9,0,56,8,52,9,0,69,0,0,0,69
10/17/2022,GSN,MP,AWP,WE,Federal Contract Tower,6,6,0,0,12,0,61,21,0,82,6,67,21,0,94,0,0,0,94
10/18/2022,GSN,MP,AWP,WE,Federal Contract Tower,4,13,0,0,17,0,50,16,0,66,4,63,16,0,83,4,0,4,87
10/19/2022,GSN,MP,AWP,WE,Federal Contract Tower,12,11,0,0,23,0,60,14,0,74,12,71,14,0,97,0,0,0,97
10/20/2022,GSN,MP,AWP,WE,Federal Contract Tower,6,0,7,0,13,0,52,24,0,76,6,52,31,0,89,0,0,0,89
10/21/2022,GSN,MP,AWP,WE,Federal Contract Tower,6,7,3,0,16,0,81,18,0,99,6,88,21,0,115,0,0,0,115
10/22/2022,GSN,MP,AWP,WE,Federal Contract Tower,10,9,0,0,19,0,70,29,0,99,10,79,29,0,118,0,0,0,118
10/23/2022,GSN,MP,AWP,WE,Federal Contract Tower,8,8,0,0,16,0,81,16,0,97,8,89,16,0,113,0,0,0,113
10/24/2022,GSN,MP,AWP,WE,Federal Contract Tower,6,14,0,0,20,0,65,14,0,79,6,79,14,0,99,0,0,0,99
10/25/2022,GSN,MP,AWP,WE,Federal Contract Tower,4,3,0,0,7,0,63,7,0,70,4,66,7,0,77,2,0,2,79
10/26/2022,GSN,MP,AWP,WE,Federal Contract Tower,12,6,0,0,18,0,77,12,0,89,12,83,12,0,107,0,0,0,107
10/27/2022,GSN,MP,AWP,WE,Federal Contract Tower,6,0,0,0,6,0,59,23,2,84,6,59,23,2,90,20,0,20,110
10/28/2022,GSN,MP,AWP,WE,Federal Contract Tower,8,3,2,0,13,0,98,32,0,130,8,101,34,0,143,10,0,10,153
10/29/2022,GSN,MP,AWP,WE,Federal Contract Tower,10,4,4,0,18,0,74,37,0,111,10,78,41,0,129,0,0,0,129
10/30/2022,GSN,MP,AWP,WE,Federal Contract Tower,6,2,0,0,8,0,54,11,0,65,6,56,11,0,73,0,0,0,73
10/31/2022,GSN,MP,AWP,WE,Federal Contract Tower,6,4,5,2,17,0,53,17,0,70,6,57,22,2,87,0,0,0,87
11/01/2022,GSN,MP,AWP,WE,Federal Contract Tower,4,8,1,0,13,0,56,16,2,74,4,64,17,2,87,0,0,0,87
11/02/2022,GSN,MP,AWP,WE,Federal Contract Tower,10,11,0,0,21,0,56,19,0,75,10,67,19,0,96,13,0,13,109
11/03/2022,GSN,MP,AWP,WE,Federal Contract Tower,6,8,1,0,15,0,80,9,0,89,6,88,10,0,104,0,0,0,104
11/04/2022,GSN,MP,AWP,WE,Federal Contract Tower,6,3,0,0,9,0,77,33,0,110,6,80,33,0,119,0,0,0,119
11/05/2022,GSN,MP,AWP,WE,Federal Contract Tower,8,8,2,2,20,0,63,43,4,110,8,71,45,6,130,0,0,0,130
11/06/2022,GSN,MP,AWP,WE,Federal Contract Tower,5,9,0,0,14,0,44,8,0,52,5,53,8,0,66,4,0,4,70
11/07/2022,GSN,MP,AWP,WE,Federal Contract Tower,9,6,0,3,18,0,62,6,3,71,9,68,6,6,89,0,0,0,89
11/08/2022,GSN,MP,AWP,WE,Federal Contract Tower,4,10,0,3,17,0,62,16,1,79,4,72,16,4,96,0,0,0,96
11/09/2022,GSN,MP,AWP,WE,Federal Contract Tower,10,12,0,0,22,0,64,12,0,76,10,76,12,0,98,0,0,0,98
11/10/2022,GSN,MP,AWP,WE,Federal Contract Tower,6,8,2,0,16,0,62,21,0,83,6,70,23,0,99,10,0,10,109
11/11/2022,GSN,MP,AWP,WE,Federal Contract Tower,6,4,8,0,18,0,55,33,0,88,6,59,41,0,106,24,0,24,130
11/12/2022,GSN,MP,AWP,WE,Federal Contract Tower,8,2,1,4,15,0,50,41,0,91,8,52,42,4,106,0,0,0,106
11/13/2022,GSN,MP,AWP,WE,Federal Contract Tower,6,4,0,0,10,0,43,11,0,54,6,47,11,0,64,0,0,0,64
11/14/2022,GSN,MP,AWP,WE,Federal Contract Tower,6,0,0,0,6,0,87,17,0,104,6,87,17,0,110,0,0,0,110
11/15/2022,GSN,MP,AWP,WE,Federal Contract Tower,4,1,0,0,5,0,69,16,0,85,4,70,16,0,90,6,0,6,96
11/16/2022,GSN,MP,AWP,WE,Federal Contract Tower,10,8,0,0,18,0,62,7,0,69,10,70,7,0,87,2,0,2,89
11/17/2022,GSN,MP,AWP,WE,Federal Contract Tower,6,7,4,2,19,0,71,17,0,88,6,78,21,2,107,0,0,0,107
11/18/2022,GSN,MP,AWP,WE,Federal Contract Tower,6,8,0,0,14,0,72,28,0,100,6,80,28,0,114,0,0,0,114
11/19/2022,GSN,MP,AWP,WE,Federal Contract Tower,8,6,0,0,14,0,51,22,0,73,8,57,22,0,87,0,0,0,87
11/20/2022,GSN,MP,AWP,WE,Federal Contract Tower,6,7,0,0,13,0,52,12,0,64,6,59,12,0,77,2,0,2,79
11/21/2022,GSN,MP,AWP,WE,Federal Contract Tower,6,8,4,0,18,0,85,15,0,100,6,93,19,0,118,0,0,0,118
11/22/2022,GSN,MP,AWP,WE,Federal Contract Tower,4,9,0,0,13,0,94,17,0,111,4,103,17,0,124,0,0,0,124
11/23/2022,GSN,MP,AWP,WE,Federal Contract Tower,10,8,0,0,18,0,75,36,0,111,10,83,36,0,129,0,0,0,129
11/24/2022,GSN,MP,AWP,WE,Federal Contract Tower,6,8,0,0,14,0,58,25,0,83,6,66,25,0,97,0,0,0,97
11/25/2022,GSN,MP,AWP,WE,Federal Contract Tower,6,1,0,0,7,0,66,22,0,88,6,67,22,0,95,0,0,0,95
11/26/2022,GSN,MP,AWP,WE,Federal Contract Tower,8,11,2,0,21,0,42,47,0,89,8,53,49,0,110,0,0,0,110
11/27/2022,GSN,MP,AWP,WE,Federal Contract Tower,6,9,0,0,15,0,52,9,0,61,6,61,9,0,76,0,0,0,76
11/28/2022,GSN,MP,AWP,WE,Federal Contract Tower,6,10,0,0,16,0,72,14,0,86,6,82,14,0,102,0,0,0,102
11/29/2022,GSN,MP,AWP,WE,Federal Contract Tower,5,10,4,0,19,0,61,16,2,79,5,71,20,2,98,0,0,0,98
11/30/2022,GSN,MP,AWP,WE,Federal Contract Tower,10,6,0,0,16,0,65,15,0,80,10,71,15,0,96,4,0,4,100
12/01/2022,GSN,MP,AWP,WE,Federal Contract Tower,6,0,6,0,12,0,71,19,0,90,6,71,25,0,102,0,0,0,102
12/02/2022,GSN,MP,AWP,WE,Federal Contract Tower,6,2,6,0,14,0,75,22,0,97,6,77,28,0,111,0,0,0,111
12/03/2022,GSN,MP,AWP,WE,Federal Contract Tower,8,8,1,0,17,0,62,29,0,91,8,70,30,0,108,0,0,0,108
12/04/2022,GSN,MP,AWP,WE,Federal Contract Tower,6,8,0,0,14,0,46,21,0,67,6,54,21,0,81,0,0,0,81
12/05/2022,GSN,MP,AWP,WE,Federal Contract Tower,6,13,0,0,19,0,51,26,0,77,6,64,26,0,96,0,0,0,96
12/06/2022,GSN,MP,AWP,WE,Federal Contract Tower,4,8,3,0,15,0,53,28,0,81,4,61,31,0,96,0,0,0,96
12/07/2022,GSN,MP,AWP,WE,Federal Contract Tower,10,7,4,0,21,0,56,18,0,74,10,63,22,0,95,0,0,0,95
12/08/2022,GSN,MP,AWP,WE,Federal Contract Tower,9,8,5,0,22,0,46,28,0,74,9,54,33,0,96,2,0,2,98
12/09/2022,GSN,MP,AWP,WE,Federal Contract Tower,6,9,3,0,18,0,61,21,0,82,6,70,24,0,100,0,0,0,100
12/10/2022,GSN,MP,AWP,WE,Federal Contract Tower,8,0,4,0,12,0,78,38,0,116,8,78,42,0,128,0,0,0,128
12/11/2022,GSN,MP,AWP,WE,Federal Contract Tower,6,5,2,0,13,0,52,8,0,60,6,57,10,0,73,6,0,6,79
12/12/2022,GSN,MP,AWP,WE,Federal Contract Tower,6,4,0,0,10,0,58,20,0,78,6,62,20,0,88,6,0,6,94
12/13/2022,GSN,MP,AWP,WE,Federal Contract Tower,4,4,1,0,9,0,58,22,0,80,4,62,23,0,89,0,0,0,89
12/14/2022,GSN,MP,AWP,WE,Federal Contract Tower,11,9,5,1,26,0,72,16,0,88,11,81,21,1,114,0,0,0,114
12/15/2022,GSN,MP,AWP,WE,Federal Contract Tower,6,8,0,1,15,0,60,23,0,83,6,68,23,1,98,4,0,4,102
12/16/2022,GSN,MP,AWP,WE,Federal Contract Tower,6,10,6,0,22,0,70,18,0,88,6,80,24,0,110,0,0,0,110
12/17/2022,GSN,MP,AWP,WE,Federal Contract Tower,10,8,4,0,22,0,76,15,0,91,10,84,19,0,113,0,0,0,113
12/18/2022,GSN,MP,AWP,WE,Federal Contract Tower,6,2,0,0,8,0,73,10,0,83,6,75,10,0,91,0,0,0,91
12/19/2022,GSN,MP,AWP,WE,Federal Contract Tower,6,8,0,0,14,0,59,24,0,83,6,67,24,0,97,2,0,2,99
12/20/2022,GSN,MP,AWP,WE,Federal Contract Tower,4,3,2,0,9,0,70,14,0,84,4,73,16,0,93,0,0,0,93
12/21/2022,GSN,MP,AWP,WE,Federal Contract Tower,10,12,4,0,26,0,59,22,0,81,10,71,26,0,107,0,0,0,107
12/22/2022,GSN,MP,AWP,WE,Federal Contract Tower,6,13,0,0,19,0,67,15,0,82,6,80,15,0,101,0,0,0,101
12/23/2022,GSN,MP,AWP,WE,Federal Contract Tower,6,9,0,0,15,0,83,26,0,109,6,92,26,0,124,0,0,0,124
12/24/2022,GSN,MP,AWP,WE,Federal Contract Tower,8,7,1,0,16,0,49,26,0,75,8,56,27,0,91,0,0,0,91
12/25/2022,GSN,MP,AWP,WE,Federal Contract Tower,6,6,0,0,12,0,41,14,0,55,6,47,14,0,67,0,0,0,67
12/26/2022,GSN,MP,AWP,WE,Federal Contract Tower,6,22,0,0,28,0,50,8,0,58,6,72,8,0,86,0,0,0,86
12/27/2022,GSN,MP,AWP,WE,Federal Contract Tower,4,10,5,0,19,0,59,8,0,67,4,69,13,0,86,0,0,0,86
12/28/2022,GSN,MP,AWP,WE,Federal Contract Tower,10,5,5,0,20,0,62,5,0,67,10,67,10,0,87,0,0,0,87
12/29/2022,GSN,MP,AWP,WE,Federal Contract Tower,6,4,0,0,10,0,69,14,0,83,6,73,14,0,93,0,0,0,93
12/30/2022,GSN,MP,AWP,WE,Federal Contract Tower,6,5,0,0,11,0,87,24,0,111,6,92,24,0,122,4,0,4,126
12/31/2022,GSN,MP,AWP,WE,Federal Contract Tower,8,3,5,0,16,0,56,8,0,64,8,59,13,0,80,0,0,0,80
01/01/2023,GSN,MP,AWP,WE,Federal Contract Tower,6,4,0,0,10,0,43,19,0,62,6,47,19,0,72,0,0,0,72
01/02/2023,GSN,MP,AWP,WE,Federal Contract Tower,6,12,0,0,18,0,55,19,0,74,6,67,19,0,92,0,0,0,92
01/03/2023,GSN,MP,AWP,WE,Federal Contract Tower,4,3,1,0,8,0,64,30,0,94,4,67,31,0,102,0,0,0,102
01/04/2023,GSN,MP,AWP,WE,Federal Contract Tower,8,8,6,0,22,0,59,8,0,67,8,67,14,0,89,0,0,0,89
01/05/2023,GSN,MP,AWP,WE,Federal Contract Tower,6,10,1,0,17,0,61,11,0,72,6,71,12,0,89,0,0,0,89
01/06/2023,GSN,MP,AWP,WE,Federal Contract Tower,8,6,0,0,14,0,83,6,0,89,8,89,6,0,103,0,0,0,103
01/07/2023,GSN,MP,AWP,WE,Federal Contract Tower,6,4,0,0,10,0,51,21,0,72,6,55,21,0,82,0,0,0,82
01/08/2023,GSN,MP,AWP,WE,Federal Contract Tower,6,10,0,0,16,0,46,8,0,54,6,56,8,0,70,0,0,0,70
01/09/2023,GSN,MP,AWP,WE,Federal Contract Tower,0,8,19,0,27,0,36,20,0,56,0,44,39,0,83,0,0,0,83
01/10/2023,GSN,MP,AWP,WE,Federal Contract Tower,4,9,6,0,19,0,54,26,0,80,4,63,32,0,99,0,0,0,99
01/11/2023,GSN,MP,AWP,WE,Federal Contract Tower,8,12,3,0,23,0,51,7,0,58,8,63,10,0,81,0,0,0,81
01/12/2023,GSN,MP,AWP,WE,Federal Contract Tower,6,22,0,0,28,0,17,0,0,17,6,39,0,0,45,0,0,0,45
01/13/2023,GSN,MP,AWP,WE,Federal Contract Tower,8,27,0,0,35,0,35,3,0,38,8,62,3,0,73,0,0,0,73
01/14/2023,GSN,MP,AWP,WE,Federal Contract Tower,6,11,6,0,23,0,53,16,0,69,6,64,22,0,92,0,0,0,92
01/15/2023,GSN,MP,AWP,WE,Federal Contract Tower,6,12,0,0,18,0,40,12,0,52,6,52,12,0,70,12,0,12,82
01/16/2023,GSN,MP,AWP,WE,Federal Contract Tower,8,10,0,0,18,0,0,0,0,0,8,10,0,0,18,0,0,0,18
01/17/2023,GSN,MP,AWP,WE,Federal Contract Tower,4,8,3,0,15,0,60,34,2,96,4,68,37,2,111,0,0,0,111
01/18/2023,GSN,MP,AWP,WE,Federal Contract Tower,8,13,0,0,21,0,66,18,2,86,8,79,18,2,107,2,0,2,109
01/19/2023,GSN,MP,AWP,WE,Federal Contract Tower,6,11,6,0,23,0,56,23,0,79,6,67,29,0,102,4,0,4,106
01/20/2023,GSN,MP,AWP,WE,Federal Contract Tower,8,9,4,0,21,0,54,34,0,88,8,63,38,0,109,16,0,16,125
01/21/2023,GSN,MP,AWP,WE,Federal Contract Tower,10,14,4,0,28,0,52,39,0,91,10,66,43,0,119,0,0,0,119
01/22/2023,GSN,MP,AWP,WE,Federal Contract Tower,6,18,0,0,24,0,37,25,0,62,6,55,25,0,86,0,0,0,86
01/23/2023,GSN,MP,AWP,WE,Federal Contract Tower,8,10,0,0,18,0,54,28,0,82,8,64,28,0,100,0,0,0,100
01/24/2023,GSN,MP,AWP,WE,Federal Contract Tower,8,8,1,0,17,0,53,21,0,74,8,61,22,0,91,0,0,0,91
01/25/2023,GSN,MP,AWP,WE,Federal Contract Tower,8,12,0,0,20,0,50,20,0,70,8,62,20,0,90,0,0,0,90
01/26/2023,GSN,MP,AWP,WE,Federal Contract Tower,6,7,7,0,20,0,68,15,0,83,6,75,22,0,103,0,0,0,103
01/27/2023,GSN,MP,AWP,WE,Federal Contract Tower,8,11,0,0,19,0,99,9,0,108,8,110,9,0,127,0,0,0,127
01/28/2023,GSN,MP,AWP,WE,Federal Contract Tower,6,10,0,0,16,0,71,30,0,101,6,81,30,0,117,8,0,8,125
01/29/2023,GSN,MP,AWP,WE,Federal Contract Tower,6,8,1,0,15,0,49,23,0,72,6,57,24,0,87,0,0,0,87
01/30/2023,GSN,MP,AWP,WE,Federal Contract Tower,8,8,3,0,19,0,47,32,0,79,8,55,35,0,98,0,0,0,98
01/31/2023,GSN,MP,AWP,WE,Federal Contract Tower,4,9,0,0,13,0,42,23,0,65,4,51,23,0,78,2,0,2,80
02/01/2023,GSN,MP,AWP,WE,Federal Contract Tower,8,12,4,0,24,0,61,9,0,70,8,73,13,0,94,0,0,0,94
02/02/2023,GSN,MP,AWP,WE,Federal Contract Tower,8,10,4,0,22,0,50,7,0,57,8,60,11,0,79,0,0,0,79
02/03/2023,GSN,MP,AWP,WE,Federal Contract Tower,10,12,0,0,22,0,56,18,0,74,10,68,18,0,96,0,0,0,96
02/04/2023,GSN,MP,AWP,WE,Federal Contract Tower,6,13,0,1,20,0,52,19,1,72,6,65,19,2,92,0,14,14,106
02/05/2023,GSN,MP,AWP,WE,Federal Contract Tower,8,8,0,0,16,23,19,0,0,42,31,27,0,0,58,0,0,0,58
02/06/2023,GSN,MP,AWP,WE,Federal Contract Tower,10,10,5,0,25,0,51,36,0,87,10,61,41,0,112,0,0,0,112
02/07/2023,GSN,MP,AWP,WE,Federal Contract Tower,4,14,0,0,18,0,41,16,3,60,4,55,16,3,78,14,0,14,92
02/08/2023,GSN,MP,AWP,WE,Federal Contract Tower,8,9,4,1,22,0,61,39,2,102,8,70,43,3,124,0,0,0,124
02/09/2023,GSN,MP,AWP,WE,Federal Contract Tower,8,9,3,0,20,0,60,17,5,82,8,69,20,5,102,18,0,18,120
02/10/2023,GSN,MP,AWP,WE,Federal Contract Tower,10,15,0,3,28,0,77,17,0,94,10,92,17,3,122,10,12,22,144
02/11/2023,GSN,MP,AWP,WE,Federal Contract Tower,6,14,1,2,23,0,64,19,0,83,6,78,20,2,106,0,0,0,106
02/12/2023,GSN,MP,AWP,WE,Federal Contract Tower,8,8,1,5,22,0,47,31,1,79,8,55,32,6,101,0,0,0,101
02/13/2023,GSN,MP,AWP,WE,Federal Contract Tower,10,11,3,2,26,0,46,34,4,84,10,57,37,6,110,0,0,0,110
02/14/2023,GSN,MP,AWP,WE,Federal Contract Tower,4,7,0,4,15,0,54,28,6,88,4,61,28,10,103,2,8,10,113
02/15/2023,GSN,MP,AWP,WE,Federal Contract Tower,8,23,4,4,39,0,38,6,0,44,8,61,10,4,83,0,0,0,83
02/16/2023,GSN,MP,AWP,WE,Federal Contract Tower,8,12,10,2,32,0,62,22,2,86,8,74,32,4,118,12,0,12,130
02/17/2023,GSN,MP,AWP,WE,Federal Contract Tower,10,15,0,1,26,0,107,31,0,138,10,122,31,1,164,0,3,3,167
02/18/2023,GSN,MP,AWP,WE,Federal Contract Tower,6,14,0,2,22,0,93,36,8,137,6,107,36,10,159,0,0,0,159
02/19/2023,GSN,MP,AWP,WE,Federal Contract Tower,0,8,7,0,15,0,72,38,1,111,0,80,45,1,126,0,0,0,126
02/20/2023,GSN,MP,AWP,WE,Federal Contract Tower,10,12,9,0,31,0,62,44,0,106,10,74,53,0,137,20,0,20,157
02/21/2023,GSN,MP,AWP,WE,Federal Contract Tower,4,21,0,0,25,0,57,24,0,81,4,78,24,0,106,20,0,20,126
02/22/2023,GSN,MP,AWP,WE,Federal Contract Tower,10,12,4,0,26,0,53,14,0,67,10,65,18,0,93,28,0,28,121
02/23/2023,GSN,MP,AWP,WE,Federal Contract Tower,8,11,2,2,23,0,65,16,3,84,8,76,18,5,107,0,0,0,107
02/24/2023,GSN,MP,AWP,WE,Federal Contract Tower,10,10,0,0,20,0,82,21,0,103,10,92,21,0,123,0,4,4,127
02/25/2023,GSN,MP,AWP,WE,Federal Contract Tower,8,14,0,0,22,0,59,21,0,80,8,73,21,0,102,2,0,2,104
02/26/2023,GSN,MP,AWP,WE,Federal Contract Tower,8,8,0,4,20,0,69,9,0,78,8,77,9,4,98,0,0,0,98
02/27/2023,GSN,MP,AWP,WE,Federal Contract Tower,10,12,2,0,24,0,47,40,0,87,10,59,42,0,111,0,0,0,111
02/28/2023,GSN,MP,AWP,WE,Federal Contract Tower,6,13,5,0,24,0,37,14,0,51,6,50,19,0,75,0,0,0,75
03/01/2023,GSN,MP,AWP,WE,Federal Contract Tower,10,16,0,0,26,0,59,20,0,79,10,75,20,0,105,4,0,4,109
03/02/2023,GSN,MP,AWP,WE,Federal Contract Tower,8,15,0,0,23,0,62,37,0,99,8,77,37,0,122,20,0,20,142
03/03/2023,GSN,MP,AWP,WE,Federal Contract Tower,8,14,0,0,22,0,66,14,2,82,8,80,14,2,104,0,0,0,104
03/04/2023,GSN,MP,AWP,WE,Federal Contract Tower,4,10,0,0,14,0,56,27,0,83,4,66,27,0,97,0,0,0,97
03/05/2023,GSN,MP,AWP,WE,Federal Contract Tower,8,9,3,0,20,0,32,15,0,47,8,41,18,0,67,0,0,0,67
03/06/2023,GSN,MP,AWP,WE,Federal Contract Tower,8,11,8,0,27,0,47,12,2,61,8,58,20,2,88,0,0,0,88
03/07/2023,GSN,MP,AWP,WE,Federal Contract Tower,4,9,3,0,16,0,75,21,2,98,4,84,24,2,114,0,0,0,114
03/08/2023,GSN,MP,AWP,WE,Federal Contract Tower,6,7,6,0,19,0,60,11,0,71,6,67,17,0,90,0,0,0,90
03/09/2023,GSN,MP,AWP,WE,Federal Contract Tower,8,9,6,0,23,0,80,22,1,103,8,89,28,1,126,0,0,0,126
03/10/2023,GSN,MP,AWP,WE,Federal Contract Tower,8,10,1,0,19,0,75,17,0,92,8,85,18,0,111,0,0,0,111
03/11/2023,GSN,MP,AWP,WE,Federal Contract Tower,4,8,0,0,12,0,62,25,0,87,4,70,25,0,99,0,0,0,99
03/12/2023,GSN,MP,AWP,WE,Federal Contract Tower,8,7,0,0,15,0,50,4,0,54,8,57,4,0,69,0,0,0,69
03/13/2023,GSN,MP,AWP,WE,Federal Contract Tower,8,10,4,0,22,0,59,13,0,72,8,69,17,0,94,0,0,0,94
03/14/2023,GSN,MP,AWP,WE,Federal Contract Tower,4,7,7,2,20,0,57,22,0,79,4,64,29,2,99,0,0,0,99
03/15/2023,GSN,MP,AWP,WE,Federal Contract Tower,6,17,0,0,23,0,48,12,0,60,6,65,12,0,83,0,0,0,83
03/16/2023,GSN,MP,AWP,WE,Federal Contract Tower,8,8,0,0,16,0,73,17,2,92,8,81,17,2,108,0,0,0,108
03/17/2023,GSN,MP,AWP,WE,Federal Contract Tower,8,16,0,0,24,0,68,23,2,93,8,84,23,2,117,0,0,0,117
03/18/2023,GSN,MP,AWP,WE,Federal Contract Tower,4,10,0,0,14,0,87,18,0,105,4,97,18,0,119,0,0,0,119
03/19/2023,GSN,MP,AWP,WE,Federal Contract Tower,8,4,0,0,12,0,71,5,0,76,8,75,5,0,88,0,0,0,88
03/20/2023,GSN,MP,AWP,WE,Federal Contract Tower,10,9,7,0,26,0,49,15,0,64,10,58,22,0,90,0,0,0,90
03/21/2023,GSN,MP,AWP,WE,Federal Contract Tower,4,4,3,0,11,0,111,26,0,137,4,115,29,0,148,0,0,0,148
03/22/2023,GSN,MP,AWP,WE,Federal Contract Tower,6,9,0,0,15,0,89,45,0,134,6,98,45,0,149,0,0,0,149
03/23/2023,GSN,MP,AWP,WE,Federal Contract Tower,10,0,0,0,10,0,79,42,2,123,10,79,42,2,133,2,0,2,135
03/24/2023,GSN,MP,AWP,WE,Federal Contract Tower,7,11,1,0,19,0,76,4,0,80,7,87,5,0,99,0,0,0,99
03/25/2023,GSN,MP,AWP,WE,Federal Contract Tower,4,6,0,0,10,0,42,11,0,53,4,48,11,0,63,2,0,2,65
03/26/2023,GSN,MP,AWP,WE,Federal Contract Tower,8,3,0,0,11,0,68,13,0,81,8,71,13,0,92,0,0,0,92
03/27/2023,GSN,MP,AWP,WE,Federal Contract Tower,8,5,1,0,14,0,59,12,0,71,8,64,13,0,85,0,0,0,85
03/28/2023,GSN,MP,AWP,WE,Federal Contract Tower,4,4,2,0,10,0,59,38,0,97,4,63,40,0,107,0,0,0,107
03/29/2023,GSN,MP,AWP,WE,Federal Contract Tower,5,12,0,0,17,0,42,18,0,60,5,54,18,0,77,10,0,10,87
03/30/2023,GSN,MP,AWP,WE,Federal Contract Tower,8,1,6,0,15,0,58,26,0,84,8,59,32,0,99,0,0,0,99
03/31/2023,GSN,MP,AWP,WE,Federal Contract Tower,8,1,5,0,14,0,80,10,0,90,8,81,15,0,104,14,0,14,118
04/01/2023,GSN,MP,AWP,WE,Federal Contract Tower,4,3,0,0,7,0,72,25,0,97,4,75,25,0,104,0,0,0,104
04/02/2023,GSN,MP,AWP,WE,Federal Contract Tower,8,0,0,0,8,0,49,10,0,59,8,49,10,0,67,2,0,2,69
04/03/2023,GSN,MP,AWP,WE,Federal Contract Tower,8,12,0,0,20,0,46,8,0,54,8,58,8,0,74,0,0,0,74
04/04/2023,GSN,MP,AWP,WE,Federal Contract Tower,4,0,7,0,11,0,58,17,0,75,4,58,24,0,86,0,0,0,86
04/05/2023,GSN,MP,AWP,WE,Federal Contract Tower,6,0,6,0,12,0,64,18,0,82,6,64,24,0,94,0,0,0,94
04/06/2023,GSN,MP,AWP,WE,Federal Contract Tower,8,2,6,0,16,0,67,3,0,70,8,69,9,0,86,0,0,0,86
04/07/2023,GSN,MP,AWP,WE,Federal Contract Tower,8,1,4,0,13,0,62,8,0,70,8,63,12,0,83,0,0,0,83
04/08/2023,GSN,MP,AWP,WE,Federal Contract Tower,4,2,0,0,6,0,37,12,0,49,4,39,12,0,55,0,0,0,55
04/09/2023,GSN,MP,AWP,WE,Federal Contract Tower,8,0,0,0,8,0,33,14,0,47,8,33,14,0,55,2,0,2,57
04/10/2023,GSN,MP,AWP,WE,Federal Contract Tower,8,0,0,0,8,0,67,20,0,87,8,67,20,0,95,0,0,0,95
04/11/2023,GSN,MP,AWP,WE,Federal Contract Tower,4,0,6,0,10,0,60,21,0,81,4,60,27,0,91,0,0,0,91
04/12/2023,GSN,MP,AWP,WE,Federal Contract Tower,6,0,4,0,10,0,66,20,0,86,6,66,24,0,96,0,0,0,96
04/13/2023,GSN,MP,AWP,WE,Federal Contract Tower,10,0,0,0,10,0,52,26,0,78,10,52,26,0,88,0,0,0,88
04/14/2023,GSN,MP,AWP,WE,Federal Contract Tower,9,0,0,0,9,0,99,28,0,127,9,99,28,0,136,0,0,0,136
04/15/2023,GSN,MP,AWP,WE,Federal Contract Tower,6,4,0,0,10,0,75,40,0,115,6,79,40,0,125,0,0,0,125
04/16/2023,GSN,MP,AWP,WE,Federal Contract Tower,10,0,0,0,10,0,45,15,0,60,10,45,15,0,70,6,0,6,76
04/17/2023,GSN,MP,AWP,WE,Federal Contract Tower,10,8,0,0,18,0,47,16,0,63,10,55,16,0,81,0,0,0,81
04/18/2023,GSN,MP,AWP,WE,Federal Contract Tower,6,0,6,0,12,0,43,21,0,64,6,43,27,0,76,0,0,0,76
04/19/2023,GSN,MP,AWP,WE,Federal Contract Tower,8,1,3,0,12,0,46,35,0,81,8,47,38,0,93,0,0,0,93
04/20/2023,GSN,MP,AWP,WE,Federal Contract Tower,10,0,1,0,11,0,56,25,0,81,10,56,26,0,92,0,0,0,92
04/21/2023,GSN,MP,AWP,WE,Federal Contract Tower,10,0,2,0,12,0,76,22,0,98,10,76,24,0,110,0,0,0,110
04/22/2023,GSN,MP,AWP,WE,Federal Contract Tower,6,7,0,0,13,0,56,19,0,75,6,63,19,0,88,0,0,0,88
04/23/2023,GSN,MP,AWP,WE,Federal Contract Tower,10,2,0,0,12,0,41,16,0,57,10,43,16,0,69,0,0,0,69
04/24/2023,GSN,MP,AWP,WE,Federal Contract Tower,10,3,0,0,13,0,50,19,0,69,10,53,19,0,82,0,0,0,82
04/25/2023,GSN,MP,AWP,WE,Federal Contract Tower,6,0,4,0,10,0,55,21,2,78,6,55,25,2,88,0,0,0,88
04/26/2023,GSN,MP,AWP,WE,Federal Contract Tower,8,0,7,0,15,0,56,9,0,65,8,56,16,0,80,0,0,0,80
04/27/2023,GSN,MP,AWP,WE,Federal Contract Tower,10,2,4,0,16,0,58,18,0,76,10,60,22,0,92,0,0,0,92
04/28/2023,GSN,MP,AWP,WE,Federal Contract Tower,10,0,6,0,16,0,80,26,0,106,10,80,32,0,122,0,0,0,122
04/29/2023,GSN,MP,AWP,WE,Federal Contract Tower,8,0,3,0,11,0,85,32,2,119,8,85,35,2,130,0,0,0,130
04/30/2023,GSN,MP,AWP,WE,Federal Contract Tower,10,0,0,0,10,0,61,39,0,100,10,61,39,0,110,2,2,4,114
05/01/2023,GSN,MP,AWP,WE,Federal Contract Tower,12,5,0,0,17,0,54,51,0,105,12,59,51,0,122,2,0,2,124
05/02/2023,GSN,MP,AWP,WE,Federal Contract Tower,8,6,1,0,15,0,64,71,0,135,8,70,72,0,150,0,0,0,150
05/03/2023,GSN,MP,AWP,WE,Federal Contract Tower,10,0,4,0,14,0,55,43,0,98,10,55,47,0,112,0,0,0,112
05/04/2023,GSN,MP,AWP,WE,Federal Contract Tower,10,0,2,0,12,0,78,44,0,122,10,78,46,0,134,0,0,0,134
05/05/2023,GSN,MP,AWP,WE,Federal Contract Tower,12,0,0,0,12,0,118,40,0,158,12,118,40,0,170,2,0,2,172
05/06/2023,GSN,MP,AWP,WE,Federal Contract Tower,8,0,4,0,12,0,92,44,0,136,8,92,48,0,148,0,0,0,148
05/07/2023,GSN,MP,AWP,WE,Federal Contract Tower,10,0,1,0,11,0,44,30,0,74,10,44,31,0,85,0,0,0,85
05/08/2023,GSN,MP,AWP,WE,Federal Contract Tower,12,2,0,0,14,0,61,28,0,89,12,63,28,0,103,2,0,2,105
05/09/2023,GSN,MP,AWP,WE,Federal Contract Tower,8,2,0,0,10,0,63,23,0,86,8,65,23,0,96,0,0,0,96
05/10/2023,GSN,MP,AWP,WE,Federal Contract Tower,10,0,9,0,19,0,55,24,0,79,10,55,33,0,98,0,0,0,98
05/11/2023,GSN,MP,AWP,WE,Federal Contract Tower,10,0,4,0,14,0,69,31,0,100,10,69,35,0,114,0,0,0,114
05/12/2023,GSN,MP,AWP,WE,Federal Contract Tower,12,0,3,0,15,0,78,35,0,113,12,78,38,0,128,0,0,0,128
05/13/2023,GSN,MP,AWP,WE,Federal Contract Tower,8,0,3,0,11,0,67,30,0,97,8,67,33,0,108,0,0,0,108
05/14/2023,GSN,MP,AWP,WE,Federal Contract Tower,10,0,0,0,10,0,63,10,0,73,10,63,10,0,83,0,0,0,83
05/15/2023,GSN,MP,AWP,WE,Federal Contract Tower,21,2,0,0,23,0,0,0,0,0,21,2,0,0,23,0,0,0,23
05/16/2023,GSN,MP,AWP,WE,Federal Contract Tower,8,6,0,0,14,0,59,20,0,79,8,65,20,0,93,0,0,0,93
05/17/2023,GSN,MP,AWP,WE,Federal Contract Tower,10,0,3,0,13,0,56,21,0,77,10,56,24,0,90,0,0,0,90
05/18/2023,GSN,MP,AWP,WE,Federal Contract Tower,10,0,2,0,12,0,68,20,0,88,10,68,22,0,100,0,0,0,100
05/19/2023,GSN,MP,AWP,WE,Federal Contract Tower,12,0,4,0,16,0,80,30,0,110,12,80,34,0,126,0,0,0,126
05/20/2023,GSN,MP,AWP,WE,Federal Contract Tower,8,0,3,0,11,0,73,38,0,111,8,73,41,0,122,0,0,0,122
05/21/2023,GSN,MP,AWP,WE,Federal Contract Tower,10,0,0,0,10,0,50,13,0,63,10,50,13,0,73,0,0,0,73
05/22/2023,GSN,MP,AWP,WE,Federal Contract Tower,12,0,0,0,12,0,39,16,0,55,12,39,16,0,67,0,0,0,67
05/23/2023,GSN,MP,AWP,WE,Federal Contract Tower,6,0,0,0,6,0,2,0,0,2,6,2,0,0,8,0,0,0,8
05/24/2023,GSN,MP,AWP,WE,Federal Contract Tower,0,0,0,0,0,0,0,0,0,0,0,0,0,0,0,0,0,0,0
05/25/2023,GSN,MP,AWP,WE,Federal Contract Tower,0,0,0,3,3,0,0,0,0,0,0,0,0,3,3,0,0,0,3
05/26/2023,GSN,MP,AWP,WE,Federal Contract Tower,16,0,5,2,23,0,29,11,0,40,16,29,16,2,63,0,0,0,63
05/27/2023,GSN,MP,AWP,WE,Federal Contract Tower,6,0,3,2,11,0,67,26,4,97,6,67,29,6,108,0,0,0,108
05/28/2023,GSN,MP,AWP,WE,Federal Contract Tower,8,0,0,2,10,0,42,16,4,62,8,42,16,6,72,0,0,0,72
05/29/2023,GSN,MP,AWP,WE,Federal Contract Tower,8,0,7,0,15,0,61,19,2,82,8,61,26,2,97,0,0,0,97
05/30/2023,GSN,MP,AWP,WE,Federal Contract Tower,9,0,2,2,13,0,58,22,5,85,9,58,24,7,98,0,0,0,98
05/31/2023,GSN,MP,AWP,WE,Federal Contract Tower,6,0,4,3,13,0,62,37,0,99,6,62,41,3,112,0,0,0,112
06/01/2023,GSN,MP,AWP,WE,Federal Contract Tower,11,0,2,0,13,0,61,39,2,102,11,61,41,2,115,0,0,0,115
06/02/2023,GSN,MP,AWP,WE,Federal Contract Tower,15,0,1,0,16,0,90,36,1,127,15,90,37,1,143,0,0,0,143
06/03/2023,GSN,MP,AWP,WE,Federal Contract Tower,10,0,4,0,14,0,74,48,0,122,10,74,52,0,136,0,0,0,136
06/04/2023,GSN,MP,AWP,WE,Federal Contract Tower,12,0,0,3,15,0,0,0,0,0,12,0,0,3,15,0,0,0,15
06/06/2023,GSN,MP,AWP,WE,Federal Contract Tower,10,4,0,0,14,0,71,19,0,90,10,75,19,0,104,2,0,2,106
06/07/2023,GSN,MP,AWP,WE,Federal Contract Tower,12,5,1,0,18,0,74,23,0,97,12,79,24,0,115,0,0,0,115
06/08/2023,GSN,MP,AWP,WE,Federal Contract Tower,12,0,5,0,17,0,70,39,0,109,12,70,44,0,126,0,0,0,126
06/09/2023,GSN,MP,AWP,WE,Federal Contract Tower,13,0,3,0,16,0,82,32,0,114,13,82,35,0,130,0,0,0,130
06/10/2023,GSN,MP,AWP,WE,Federal Contract Tower,8,0,4,0,12,0,50,28,0,78,8,50,32,0,90,0,0,0,90
06/11/2023,GSN,MP,AWP,WE,Federal Contract Tower,10,0,0,0,10,0,61,12,0,73,10,61,12,0,83,0,0,0,83
06/12/2023,GSN,MP,AWP,WE,Federal Contract Tower,14,0,7,0,21,0,71,21,0,92,14,71,28,0,113,0,0,0,113
06/13/2023,GSN,MP,AWP,WE,Federal Contract Tower,8,6,0,0,14,0,79,28,0,107,8,85,28,0,121,2,0,2,123
06/14/2023,GSN,MP,AWP,WE,Federal Contract Tower,10,3,0,1,14,0,72,14,1,87,10,75,14,2,101,0,0,0,101
06/15/2023,GSN,MP,AWP,WE,Federal Contract Tower,12,0,2,0,14,0,73,30,0,103,12,73,32,0,117,0,0,0,117
06/16/2023,GSN,MP,AWP,WE,Federal Contract Tower,12,0,4,0,16,0,81,23,0,104,12,81,27,0,120,0,0,0,120
06/17/2023,GSN,MP,AWP,WE,Federal Contract Tower,8,0,6,0,14,0,74,28,0,102,8,74,34,0,116,0,0,0,116
06/18/2023,GSN,MP,AWP,WE,Federal Contract Tower,10,0,0,0,10,0,65,23,0,88,10,65,23,0,98,0,0,0,98
06/19/2023,GSN,MP,AWP,WE,Federal Contract Tower,14,0,4,0,18,0,66,42,0,108,14,66,46,0,126,0,0,0,126
06/20/2023,GSN,MP,AWP,WE,Federal Contract Tower,8,2,0,0,10,0,72,37,0,109,8,74,37,0,119,2,0,2,121
06/21/2023,GSN,MP,AWP,WE,Federal Contract Tower,10,0,1,0,11,0,62,21,0,83,10,62,22,0,94,0,0,0,94
06/22/2023,GSN,MP,AWP,WE,Federal Contract Tower,12,0,2,0,14,0,57,34,0,91,12,57,36,0,105,0,0,0,105
06/23/2023,GSN,MP,AWP,WE,Federal Contract Tower,12,0,3,0,15,0,74,34,0,108,12,74,37,0,123,0,0,0,123
06/24/2023,GSN,MP,AWP,WE,Federal Contract Tower,8,0,3,0,11,0,49,30,0,79,8,49,33,0,90,0,0,0,90
06/25/2023,GSN,MP,AWP,WE,Federal Contract Tower,10,0,0,0,10,0,47,7,0,54,10,47,7,0,64,0,0,0,64
06/26/2023,GSN,MP,AWP,WE,Federal Contract Tower,14,0,3,0,17,0,51,35,0,86,14,51,38,0,103,0,0,0,103
06/27/2023,GSN,MP,AWP,WE,Federal Contract Tower,8,1,0,0,9,0,56,46,0,102,8,57,46,0,111,0,0,0,111
06/28/2023,GSN,MP,AWP,WE,Federal Contract Tower,10,0,3,0,13,0,57,21,0,78,10,57,24,0,91,0,0,0,91
06/29/2023,GSN,MP,AWP,WE,Federal Contract Tower,12,0,1,0,13,0,66,43,0,109,12,66,44,0,122,0,0,0,122
06/30/2023,GSN,MP,AWP,WE,Federal Contract Tower,14,0,3,0,17,0,85,41,0,126,14,85,44,0,143,0,0,0,143
07/01/2023,GSN,MP,AWP,WE,Federal Contract Tower,10,0,0,0,10,0,52,82,2,136,10,52,82,2,146,0,0,0,146
07/02/2023,GSN,MP,AWP,WE,Federal Contract Tower,12,0,0,0,12,0,63,19,2,84,12,63,19,2,96,0,0,0,96
07/03/2023,GSN,MP,AWP,WE,Federal Contract Tower,16,0,2,0,18,0,59,41,6,106,16,59,43,6,124,0,0,0,124
07/04/2023,GSN,MP,AWP,WE,Federal Contract Tower,12,0,1,0,13,0,54,26,2,82,12,54,27,2,95,0,0,0,95
07/05/2023,GSN,MP,AWP,WE,Federal Contract Tower,14,0,0,0,14,0,77,48,0,125,14,77,48,0,139,2,0,2,141
07/06/2023,GSN,MP,AWP,WE,Federal Contract Tower,14,0,1,0,15,0,60,57,4,121,14,60,58,4,136,0,0,0,136
07/07/2023,GSN,MP,AWP,WE,Federal Contract Tower,14,0,4,0,18,0,66,31,0,97,14,66,35,0,115,0,0,0,115
07/08/2023,GSN,MP,AWP,WE,Federal Contract Tower,12,1,4,1,18,0,49,34,4,87,12,50,38,5,105,0,0,0,105
07/09/2023,GSN,MP,AWP,WE,Federal Contract Tower,12,0,0,4,16,0,51,23,8,82,12,51,23,12,98,0,0,0,98
07/10/2023,GSN,MP,AWP,WE,Federal Contract Tower,16,0,9,0,25,0,63,35,6,104,16,63,44,6,129,0,0,0,129
07/11/2023,GSN,MP,AWP,WE,Federal Contract Tower,12,2,5,2,21,0,64,21,0,85,12,66,26,2,106,0,0,0,106
07/12/2023,GSN,MP,AWP,WE,Federal Contract Tower,14,0,1,0,15,0,75,34,0,109,14,75,35,0,124,0,0,0,124
07/13/2023,GSN,MP,AWP,WE,Federal Contract Tower,14,0,1,0,15,0,81,41,0,122,14,81,42,0,137,0,0,0,137
07/14/2023,GSN,MP,AWP,WE,Federal Contract Tower,14,0,3,1,18,0,66,45,15,126,14,66,48,16,144,0,0,0,144
07/15/2023,GSN,MP,AWP,WE,Federal Contract Tower,12,0,3,0,15,0,59,34,0,93,12,59,37,0,108,0,0,0,108
07/16/2023,GSN,MP,AWP,WE,Federal Contract Tower,13,0,0,0,13,0,53,20,8,81,13,53,20,8,94,0,0,0,94
07/17/2023,GSN,MP,AWP,WE,Federal Contract Tower,16,0,2,0,18,0,61,45,8,114,16,61,47,8,132,0,0,0,132
07/18/2023,GSN,MP,AWP,WE,Federal Contract Tower,12,0,2,1,15,0,100,50,1,151,12,100,52,2,166,0,12,12,178
07/19/2023,GSN,MP,AWP,WE,Federal Contract Tower,14,0,0,0,14,0,77,15,2,94,14,77,15,2,108,0,0,0,108
07/20/2023,GSN,MP,AWP,WE,Federal Contract Tower,16,1,1,0,18,0,69,60,0,129,16,70,61,0,147,0,0,0,147
07/21/2023,GSN,MP,AWP,WE,Federal Contract Tower,14,0,2,0,16,0,89,25,0,114,14,89,27,0,130,0,0,0,130
07/22/2023,GSN,MP,AWP,WE,Federal Contract Tower,10,0,2,1,13,0,82,47,0,129,10,82,49,1,142,0,0,0,142
07/23/2023,GSN,MP,AWP,WE,Federal Contract Tower,12,0,0,2,14,0,63,20,0,83,12,63,20,2,97,0,0,0,97
07/24/2023,GSN,MP,AWP,WE,Federal Contract Tower,18,0,5,0,23,0,52,43,0,95,18,52,48,0,118,0,0,0,118
07/25/2023,GSN,MP,AWP,WE,Federal Contract Tower,10,0,8,0,18,0,69,26,2,97,10,69,34,2,115,0,0,0,115
07/27/2023,GSN,MP,AWP,WE,Federal Contract Tower,17,0,10,0,27,0,62,38,0,100,17,62,48,0,127,0,0,0,127
07/28/2023,GSN,MP,AWP,WE,Federal Contract Tower,16,0,8,0,24,0,80,52,0,132,16,80,60,0,156,0,0,0,156
07/29/2023,GSN,MP,AWP,WE,Federal Contract Tower,10,0,4,0,14,0,67,44,0,111,10,67,48,0,125,0,0,0,125
07/30/2023,GSN,MP,AWP,WE,Federal Contract Tower,12,0,2,0,14,0,57,18,0,75,12,57,20,0,89,0,0,0,89
07/31/2023,GSN,MP,AWP,WE,Federal Contract Tower,18,0,2,0,20,0,59,40,0,99,18,59,42,0,119,0,0,0,119
08/01/2023,GSN,MP,AWP,WE,Federal Contract Tower,10,0,3,2,15,0,55,19,2,76,10,55,22,4,91,0,0,0,91
08/02/2023,GSN,MP,AWP,WE,Federal Contract Tower,12,0,5,0,17,0,74,24,0,98,12,74,29,0,115,0,0,0,115
08/03/2023,GSN,MP,AWP,WE,Federal Contract Tower,14,2,0,0,16,0,64,34,0,98,14,66,34,0,114,0,0,0,114
08/04/2023,GSN,MP,AWP,WE,Federal Contract Tower,16,4,0,0,20,0,70,20,0,90,16,74,20,0,110,0,0,0,110
08/05/2023,GSN,MP,AWP,WE,Federal Contract Tower,10,0,3,0,13,0,52,32,0,84,10,52,35,0,97,0,0,0,97
08/06/2023,GSN,MP,AWP,WE,Federal Contract Tower,12,0,0,0,12,0,64,30,0,94,12,64,30,0,106,0,0,0,106
08/07/2023,GSN,MP,AWP,WE,Federal Contract Tower,18,0,4,0,22,0,75,58,0,133,18,75,62,0,155,0,0,0,155
08/08/2023,GSN,MP,AWP,WE,Federal Contract Tower,10,0,2,0,12,0,67,54,0,121,10,67,56,0,133,0,0,0,133
08/09/2023,GSN,MP,AWP,WE,Federal Contract Tower,12,6,0,0,18,0,89,14,0,103,12,95,14,0,121,0,0,0,121
08/10/2023,GSN,MP,AWP,WE,Federal Contract Tower,14,5,0,0,19,0,67,20,0,87,14,72,20,0,106,0,0,0,106
08/11/2023,GSN,MP,AWP,WE,Federal Contract Tower,18,7,0,0,25,0,0,0,0,0,18,7,0,0,25,0,0,0,25
08/12/2023,GSN,MP,AWP,WE,Federal Contract Tower,10,0,7,0,17,0,105,37,0,142,10,105,44,0,159,0,0,0,159
08/13/2023,GSN,MP,AWP,WE,Federal Contract Tower,12,0,0,0,12,0,78,26,0,104,12,78,26,0,116,0,0,0,116
08/14/2023,GSN,MP,AWP,WE,Federal Contract Tower,18,0,10,0,28,0,72,40,0,112,18,72,50,0,140,0,0,0,140
08/15/2023,GSN,MP,AWP,WE,Federal Contract Tower,10,0,4,0,14,0,89,54,0,143,10,89,58,0,157,0,0,0,157
08/16/2023,GSN,MP,AWP,WE,Federal Contract Tower,11,1,0,0,12,0,83,37,2,122,11,84,37,2,134,0,0,0,134
08/17/2023,GSN,MP,AWP,WE,Federal Contract Tower,14,2,2,0,18,0,79,62,2,143,14,81,64,2,161,14,0,14,175
08/18/2023,GSN,MP,AWP,WE,Federal Contract Tower,16,1,3,0,20,0,95,33,0,128,16,96,36,0,148,8,0,8,156
08/19/2023,GSN,MP,AWP,WE,Federal Contract Tower,10,0,9,0,19,0,75,59,0,134,10,75,68,0,153,0,0,0,153
08/20/2023,GSN,MP,AWP,WE,Federal Contract Tower,12,0,0,0,12,0,44,13,0,57,12,44,13,0,69,0,0,0,69
08/21/2023,GSN,MP,AWP,WE,Federal Contract Tower,18,0,4,0,22,0,0,0,0,0,18,0,4,0,22,0,0,0,22
08/22/2023,GSN,MP,AWP,WE,Federal Contract Tower,10,0,0,0,10,0,65,40,6,111,10,65,40,6,121,0,0,0,121
08/23/2023,GSN,MP,AWP,WE,Federal Contract Tower,12,0,2,0,14,0,54,39,0,93,12,54,41,0,107,0,0,0,107
08/24/2023,GSN,MP,AWP,WE,Federal Contract Tower,14,1,0,0,15,0,68,41,0,109,14,69,41,0,124,0,0,0,124
08/25/2023,GSN,MP,AWP,WE,Federal Contract Tower,14,3,0,0,17,0,77,38,0,115,14,80,38,0,132,0,0,0,132
08/26/2023,GSN,MP,AWP,WE,Federal Contract Tower,10,0,2,0,12,0,43,37,0,80,10,43,39,0,92,0,0,0,92
08/27/2023,GSN,MP,AWP,WE,Federal Contract Tower,12,0,0,0,12,0,38,12,0,50,12,38,12,0,62,0,0,0,62
08/28/2023,GSN,MP,AWP,WE,Federal Contract Tower,15,0,6,0,21,0,44,48,0,92,15,44,54,0,113,0,0,0,113
08/29/2023,GSN,MP,AWP,WE,Federal Contract Tower,11,0,1,0,12,0,41,15,0,56,11,41,16,0,68,0,0,0,68
08/30/2023,GSN,MP,AWP,WE,Federal Contract Tower,12,0,1,0,13,0,67,17,0,84,12,67,18,0,97,0,0,0,97
08/31/2023,GSN,MP,AWP,WE,Federal Contract Tower,14,5,0,0,19,0,67,29,0,96,14,72,29,0,115,0,0,0,115
