01/01/2020,GSP,SC,ASO,ES,Combined TRACON& Tower with Radar,63,17,8,0,88,0,3,7,0,10,63,20,15,0,98,0,0,0,98
01/02/2020,GSP,SC,ASO,ES,Combined TRACON& Tower with Radar,85,30,15,0,130,0,2,0,0,2,85,32,15,0,132,0,0,0,132
01/03/2020,GSP,SC,ASO,ES,Combined TRACON& Tower with Radar,84,37,5,0,126,0,0,0,0,0,84,37,5,0,126,0,0,0,126
01/04/2020,GSP,SC,ASO,ES,Combined TRACON& Tower with Radar,68,24,11,0,103,0,0,3,0,3,68,24,14,0,106,0,0,0,106
01/05/2020,GSP,SC,ASO,ES,Combined TRACON& Tower with Radar,81,17,11,0,109,0,2,7,2,11,81,19,18,2,120,0,0,0,120
01/06/2020,GSP,SC,ASO,ES,Combined TRACON& Tower with Radar,86,28,15,2,131,0,0,4,0,4,86,28,19,2,135,0,0,0,135
01/07/2020,GSP,SC,ASO,ES,Combined TRACON& Tower with Radar,91,22,21,1,135,0,4,1,1,6,91,26,22,2,141,0,0,0,141
01/08/2020,GSP,SC,ASO,ES,Combined TRACON& Tower with Radar,84,29,25,27,165,0,2,19,1,22,84,31,44,28,187,20,14,34,221
01/09/2020,GSP,SC,ASO,ES,Combined TRACON& Tower with Radar,98,23,23,7,151,0,0,10,5,15,98,23,33,12,166,0,8,8,174
01/10/2020,GSP,SC,ASO,ES,Combined TRACON& Tower with Radar,94,21,28,6,149,0,2,3,2,7,94,23,31,8,156,0,0,0,156
01/11/2020,GSP,SC,ASO,ES,Combined TRACON& Tower with Radar,70,20,7,29,126,0,0,0,0,0,70,20,7,29,126,0,0,0,126
01/12/2020,GSP,SC,ASO,ES,Combined TRACON& Tower with Radar,88,19,8,2,117,0,2,3,0,5,88,21,11,2,122,0,0,0,122
01/13/2020,GSP,SC,ASO,ES,Combined TRACON& Tower with Radar,86,28,21,0,135,0,2,0,0,2,86,30,21,0,137,0,0,0,137
01/14/2020,GSP,SC,ASO,ES,Combined TRACON& Tower with Radar,108,30,23,0,161,0,0,0,0,0,108,30,23,0,161,0,0,0,161
01/15/2020,GSP,SC,ASO,ES,Combined TRACON& Tower with Radar,85,32,17,2,136,0,0,0,0,0,85,32,17,2,136,0,0,0,136
01/16/2020,GSP,SC,ASO,ES,Combined TRACON& Tower with Radar,93,29,15,14,151,0,2,5,3,10,93,31,20,17,161,0,0,0,161
01/17/2020,GSP,SC,ASO,ES,Combined TRACON& Tower with Radar,87,33,22,28,170,0,7,10,0,17,87,40,32,28,187,0,0,0,187
01/18/2020,GSP,SC,ASO,ES,Combined TRACON& Tower with Radar,55,19,2,0,76,0,0,0,0,0,55,19,2,0,76,0,0,0,76
01/19/2020,GSP,SC,ASO,ES,Combined TRACON& Tower with Radar,71,22,11,4,108,0,3,6,0,9,71,25,17,4,117,0,0,0,117
01/20/2020,GSP,SC,ASO,ES,Combined TRACON& Tower with Radar,85,30,24,0,139,0,4,7,0,11,85,34,31,0,150,0,0,0,150
01/21/2020,GSP,SC,ASO,ES,Combined TRACON& Tower with Radar,83,21,16,11,131,0,3,10,0,13,83,24,26,11,144,8,0,8,152
01/22/2020,GSP,SC,ASO,ES,Combined TRACON& Tower with Radar,86,31,25,5,147,0,2,13,3,18,86,33,38,8,165,0,0,0,165
01/23/2020,GSP,SC,ASO,ES,Combined TRACON& Tower with Radar,94,27,25,8,154,0,0,6,0,6,94,27,31,8,160,0,4,4,164
01/24/2020,GSP,SC,ASO,ES,Combined TRACON& Tower with Radar,90,29,16,0,135,0,0,0,0,0,90,29,16,0,135,0,0,0,135
01/25/2020,GSP,SC,ASO,ES,Combined TRACON& Tower with Radar,62,17,5,2,86,0,0,4,0,4,62,17,9,2,90,0,0,0,90
01/26/2020,GSP,SC,ASO,ES,Combined TRACON& Tower with Radar,88,24,19,2,133,0,0,21,0,21,88,24,40,2,154,12,0,12,166
01/27/2020,GSP,SC,ASO,ES,Combined TRACON& Tower with Radar,100,21,23,13,157,0,0,6,2,8,100,21,29,15,165,0,6,6,171
01/28/2020,GSP,SC,ASO,ES,Combined TRACON& Tower with Radar,85,28,30,18,161,0,1,7,0,8,85,29,37,18,169,0,0,0,169
01/29/2020,GSP,SC,ASO,ES,Combined TRACON& Tower with Radar,83,31,30,19,163,0,2,7,2,11,83,33,37,21,174,0,0,0,174
01/30/2020,GSP,SC,ASO,ES,Combined TRACON& Tower with Radar,95,36,31,2,164,0,1,7,0,8,95,37,38,2,172,0,0,0,172
01/31/2020,GSP,SC,ASO,ES,Combined TRACON& Tower with Radar,87,35,21,4,147,0,0,1,1,2,87,35,22,5,149,0,0,0,149
02/01/2020,GSP,SC,ASO,ES,Combined TRACON& Tower with Radar,54,18,8,2,82,0,0,3,0,3,54,18,11,2,85,0,0,0,85
02/02/2020,GSP,SC,ASO,ES,Combined TRACON& Tower with Radar,80,21,17,0,118,0,0,6,0,6,80,21,23,0,124,0,0,0,124
02/03/2020,GSP,SC,ASO,ES,Combined TRACON& Tower with Radar,86,34,12,0,132,0,1,5,0,6,86,35,17,0,138,0,0,0,138
02/04/2020,GSP,SC,ASO,ES,Combined TRACON& Tower with Radar,84,23,23,1,131,0,1,3,2,6,84,24,26,3,137,0,0,0,137
02/05/2020,GSP,SC,ASO,ES,Combined TRACON& Tower with Radar,82,25,13,13,133,0,0,0,0,0,82,25,13,13,133,0,0,0,133
02/06/2020,GSP,SC,ASO,ES,Combined TRACON& Tower with Radar,84,30,10,0,124,0,0,0,0,0,84,30,10,0,124,0,0,0,124
02/07/2020,GSP,SC,ASO,ES,Combined TRACON& Tower with Radar,82,27,13,25,147,0,1,5,0,6,82,28,18,25,153,0,0,0,153
02/08/2020,GSP,SC,ASO,ES,Combined TRACON& Tower with Radar,58,26,11,2,97,0,0,5,0,5,58,26,16,2,102,0,0,0,102
02/09/2020,GSP,SC,ASO,ES,Combined TRACON& Tower with Radar,85,26,5,0,116,1,0,6,0,7,86,26,11,0,123,10,0,10,133
02/10/2020,GSP,SC,ASO,ES,Combined TRACON& Tower with Radar,90,22,17,4,133,0,0,11,0,11,90,22,28,4,144,0,0,0,144
02/11/2020,GSP,SC,ASO,ES,Combined TRACON& Tower with Radar,87,18,16,0,121,0,0,1,0,1,87,18,17,0,122,0,0,0,122
02/12/2020,GSP,SC,ASO,ES,Combined TRACON& Tower with Radar,83,38,22,0,143,0,0,0,0,0,83,38,22,0,143,0,0,0,143
02/13/2020,GSP,SC,ASO,ES,Combined TRACON& Tower with Radar,97,29,25,2,153,0,0,1,0,1,97,29,26,2,154,0,0,0,154
02/14/2020,GSP,SC,ASO,ES,Combined TRACON& Tower with Radar,87,27,17,0,131,0,2,8,0,10,87,29,25,0,141,0,0,0,141
02/15/2020,GSP,SC,ASO,ES,Combined TRACON& Tower with Radar,57,23,6,0,86,0,3,3,3,9,57,26,9,3,95,0,0,0,95
02/16/2020,GSP,SC,ASO,ES,Combined TRACON& Tower with Radar,78,27,17,0,122,0,3,3,0,6,78,30,20,0,128,12,0,12,140
02/17/2020,GSP,SC,ASO,ES,Combined TRACON& Tower with Radar,94,25,14,0,133,0,3,5,0,8,94,28,19,0,141,0,0,0,141
02/18/2020,GSP,SC,ASO,ES,Combined TRACON& Tower with Radar,95,28,26,0,149,0,0,0,0,0,95,28,26,0,149,0,0,0,149
02/19/2020,GSP,SC,ASO,ES,Combined TRACON& Tower with Radar,91,25,16,7,139,0,1,4,1,6,91,26,20,8,145,0,0,0,145
02/20/2020,GSP,SC,ASO,ES,Combined TRACON& Tower with Radar,97,30,25,0,152,0,0,0,0,0,97,30,25,0,152,0,0,0,152
02/21/2020,GSP,SC,ASO,ES,Combined TRACON& Tower with Radar,89,33,27,3,152,0,3,13,1,17,89,36,40,4,169,0,0,0,169
02/22/2020,GSP,SC,ASO,ES,Combined TRACON& Tower with Radar,59,23,11,0,93,0,0,17,0,17,59,23,28,0,110,0,0,0,110
02/23/2020,GSP,SC,ASO,ES,Combined TRACON& Tower with Radar,85,27,10,0,122,0,3,5,0,8,85,30,15,0,130,0,0,0,130
02/24/2020,GSP,SC,ASO,ES,Combined TRACON& Tower with Radar,91,35,18,3,147,0,0,3,0,3,91,35,21,3,150,0,0,0,150
02/25/2020,GSP,SC,ASO,ES,Combined TRACON& Tower with Radar,86,27,30,2,145,0,2,5,0,7,86,29,35,2,152,0,0,0,152
02/26/2020,GSP,SC,ASO,ES,Combined TRACON& Tower with Radar,87,40,22,23,172,0,0,3,11,14,87,40,25,34,186,0,20,20,206
02/27/2020,GSP,SC,ASO,ES,Combined TRACON& Tower with Radar,92,38,27,13,170,0,3,13,0,16,92,41,40,13,186,0,0,0,186
02/28/2020,GSP,SC,ASO,ES,Combined TRACON& Tower with Radar,94,32,31,11,168,0,3,8,0,11,94,35,39,11,179,0,0,0,179
02/29/2020,GSP,SC,ASO,ES,Combined TRACON& Tower with Radar,67,29,12,0,108,0,2,5,1,8,67,31,17,1,116,0,0,0,116
03/01/2020,GSP,SC,ASO,ES,Combined TRACON& Tower with Radar,84,30,18,2,134,0,2,12,0,14,84,32,30,2,148,0,0,0,148
03/02/2020,GSP,SC,ASO,ES,Combined TRACON& Tower with Radar,92,33,28,0,153,0,0,2,0,2,92,33,30,0,155,0,0,0,155
03/03/2020,GSP,SC,ASO,ES,Combined TRACON& Tower with Radar,90,37,17,2,146,0,0,4,0,4,90,37,21,2,150,0,0,0,150
03/04/2020,GSP,SC,ASO,ES,Combined TRACON& Tower with Radar,95,31,29,6,161,0,1,5,1,7,95,32,34,7,168,0,0,0,168
03/05/2020,GSP,SC,ASO,ES,Combined TRACON& Tower with Radar,98,27,23,0,148,0,0,1,0,1,98,27,24,0,149,0,0,0,149
03/06/2020,GSP,SC,ASO,ES,Combined TRACON& Tower with Radar,95,38,14,0,147,0,0,4,0,4,95,38,18,0,151,0,0,0,151
03/07/2020,GSP,SC,ASO,ES,Combined TRACON& Tower with Radar,58,23,18,7,106,0,2,13,0,15,58,25,31,7,121,20,0,20,141
03/08/2020,GSP,SC,ASO,ES,Combined TRACON& Tower with Radar,87,30,22,0,139,1,4,12,0,17,88,34,34,0,156,0,0,0,156
03/09/2020,GSP,SC,ASO,ES,Combined TRACON& Tower with Radar,92,29,16,16,153,0,2,11,3,16,92,31,27,19,169,0,30,30,199
03/10/2020,GSP,SC,ASO,ES,Combined TRACON& Tower with Radar,93,28,24,0,145,0,2,2,0,4,93,30,26,0,149,0,0,0,149
03/11/2020,GSP,SC,ASO,ES,Combined TRACON& Tower with Radar,90,27,34,14,165,0,3,7,0,10,90,30,41,14,175,0,0,0,175
03/12/2020,GSP,SC,ASO,ES,Combined TRACON& Tower with Radar,95,31,25,0,151,0,0,11,2,13,95,31,36,2,164,0,0,0,164
03/13/2020,GSP,SC,ASO,ES,Combined TRACON& Tower with Radar,89,25,12,17,143,0,3,1,0,4,89,28,13,17,147,12,0,12,159
03/14/2020,GSP,SC,ASO,ES,Combined TRACON& Tower with Radar,60,21,7,0,88,0,2,5,0,7,60,23,12,0,95,0,0,0,95
03/15/2020,GSP,SC,ASO,ES,Combined TRACON& Tower with Radar,88,24,11,0,123,0,0,4,0,4,88,24,15,0,127,0,0,0,127
03/16/2020,GSP,SC,ASO,ES,Combined TRACON& Tower with Radar,97,24,13,4,138,0,0,2,0,2,97,24,15,4,140,0,12,12,152
03/17/2020,GSP,SC,ASO,ES,Combined TRACON& Tower with Radar,90,28,7,0,125,0,0,1,0,1,90,28,8,0,126,4,0,4,130
03/18/2020,GSP,SC,ASO,ES,Combined TRACON& Tower with Radar,88,38,14,0,140,0,0,0,0,0,88,38,14,0,140,0,0,0,140
03/19/2020,GSP,SC,ASO,ES,Combined TRACON& Tower with Radar,95,28,18,0,141,0,1,19,1,21,95,29,37,1,162,0,0,0,162
03/20/2020,GSP,SC,ASO,ES,Combined TRACON& Tower with Radar,84,20,13,2,119,0,1,9,0,10,84,21,22,2,129,20,0,20,149
03/21/2020,GSP,SC,ASO,ES,Combined TRACON& Tower with Radar,48,15,16,0,79,0,3,11,0,14,48,18,27,0,93,0,0,0,93
03/22/2020,GSP,SC,ASO,ES,Combined TRACON& Tower with Radar,67,14,7,2,90,0,6,0,0,6,67,20,7,2,96,0,0,0,96
03/23/2020,GSP,SC,ASO,ES,Combined TRACON& Tower with Radar,65,19,3,0,87,0,0,0,0,0,65,19,3,0,87,0,0,0,87
03/24/2020,GSP,SC,ASO,ES,Combined TRACON& Tower with Radar,55,14,1,0,70,0,0,0,0,0,55,14,1,0,70,0,0,0,70
03/25/2020,GSP,SC,ASO,ES,Combined TRACON& Tower with Radar,57,14,8,6,85,0,0,3,1,4,57,14,11,7,89,0,0,0,89
03/26/2020,GSP,SC,ASO,ES,Combined TRACON& Tower with Radar,58,9,12,1,80,0,0,1,2,3,58,9,13,3,83,0,0,0,83
03/27/2020,GSP,SC,ASO,ES,Combined TRACON& Tower with Radar,43,5,17,10,75,0,2,2,0,4,43,7,19,10,79,0,0,0,79
03/28/2020,GSP,SC,ASO,ES,Combined TRACON& Tower with Radar,44,8,0,0,52,0,1,3,0,4,44,9,3,0,56,0,0,0,56
03/29/2020,GSP,SC,ASO,ES,Combined TRACON& Tower with Radar,49,7,0,0,56,0,1,2,0,3,49,8,2,0,59,0,0,0,59
03/30/2020,GSP,SC,ASO,ES,Combined TRACON& Tower with Radar,47,9,4,2,62,0,2,5,0,7,47,11,9,2,69,8,0,8,77
03/31/2020,GSP,SC,ASO,ES,Combined TRACON& Tower with Radar,50,11,21,0,82,0,1,3,1,5,50,12,24,1,87,0,0,0,87
04/01/2020,GSP,SC,ASO,ES,Combined TRACON& Tower with Radar,49,7,6,1,63,0,0,4,0,4,49,7,10,1,67,0,0,0,67
04/02/2020,GSP,SC,ASO,ES,Combined TRACON& Tower with Radar,51,4,13,2,70,0,2,6,0,8,51,6,19,2,78,0,0,0,78
04/03/2020,GSP,SC,ASO,ES,Combined TRACON& Tower with Radar,36,8,11,0,55,0,6,7,0,13,36,14,18,0,68,0,0,0,68
04/04/2020,GSP,SC,ASO,ES,Combined TRACON& Tower with Radar,33,8,6,0,47,0,0,4,0,4,33,8,10,0,51,0,0,0,51
04/05/2020,GSP,SC,ASO,ES,Combined TRACON& Tower with Radar,37,5,7,0,49,0,0,4,0,4,37,5,11,0,53,0,0,0,53
04/06/2020,GSP,SC,ASO,ES,Combined TRACON& Tower with Radar,35,4,17,0,56,0,0,9,0,9,35,4,26,0,65,0,0,0,65
04/07/2020,GSP,SC,ASO,ES,Combined TRACON& Tower with Radar,38,7,6,0,51,0,0,10,2,12,38,7,16,2,63,0,0,0,63
04/08/2020,GSP,SC,ASO,ES,Combined TRACON& Tower with Radar,41,7,4,9,61,0,1,3,1,5,41,8,7,10,66,0,12,12,78
04/09/2020,GSP,SC,ASO,ES,Combined TRACON& Tower with Radar,36,4,4,3,47,0,2,3,2,7,36,6,7,5,54,0,0,0,54
04/10/2020,GSP,SC,ASO,ES,Combined TRACON& Tower with Radar,34,4,0,0,38,0,2,6,0,8,34,6,6,0,46,0,0,0,46
04/11/2020,GSP,SC,ASO,ES,Combined TRACON& Tower with Radar,28,2,5,0,35,0,1,3,0,4,28,3,8,0,39,0,0,0,39
04/12/2020,GSP,SC,ASO,ES,Combined TRACON& Tower with Radar,30,3,0,0,33,0,0,2,0,2,30,3,2,0,35,0,0,0,35
04/13/2020,GSP,SC,ASO,ES,Combined TRACON& Tower with Radar,33,8,5,0,46,0,0,4,0,4,33,8,9,0,50,0,0,0,50
04/14/2020,GSP,SC,ASO,ES,Combined TRACON& Tower with Radar,30,6,6,12,54,0,2,9,0,11,30,8,15,12,65,0,0,0,65
04/15/2020,GSP,SC,ASO,ES,Combined TRACON& Tower with Radar,31,5,6,19,61,0,3,8,0,11,31,8,14,19,72,0,0,0,72
04/16/2020,GSP,SC,ASO,ES,Combined TRACON& Tower with Radar,31,5,12,0,48,0,3,13,2,18,31,8,25,2,66,0,0,0,66
04/17/2020,GSP,SC,ASO,ES,Combined TRACON& Tower with Radar,32,0,11,0,43,0,5,4,4,13,32,5,15,4,56,0,0,0,56
04/18/2020,GSP,SC,ASO,ES,Combined TRACON& Tower with Radar,22,0,6,0,28,0,3,3,0,6,22,3,9,0,34,0,0,0,34
04/19/2020,GSP,SC,ASO,ES,Combined TRACON& Tower with Radar,20,3,1,22,46,0,0,1,2,3,20,3,2,24,49,0,0,0,49
04/20/2020,GSP,SC,ASO,ES,Combined TRACON& Tower with Radar,29,0,7,0,36,0,0,1,0,1,29,0,8,0,37,0,0,0,37
04/21/2020,GSP,SC,ASO,ES,Combined TRACON& Tower with Radar,30,5,5,2,42,0,2,3,0,5,30,7,8,2,47,0,0,0,47
04/22/2020,GSP,SC,ASO,ES,Combined TRACON& Tower with Radar,31,8,19,12,70,0,3,8,2,13,31,11,27,14,83,0,12,12,95
04/23/2020,GSP,SC,ASO,ES,Combined TRACON& Tower with Radar,34,2,5,0,41,0,0,0,0,0,34,2,5,0,41,0,0,0,41
04/24/2020,GSP,SC,ASO,ES,Combined TRACON& Tower with Radar,27,4,9,2,42,0,2,3,0,5,27,6,12,2,47,0,0,0,47
04/25/2020,GSP,SC,ASO,ES,Combined TRACON& Tower with Radar,24,8,4,0,36,0,1,5,0,6,24,9,9,0,42,0,0,0,42
04/26/2020,GSP,SC,ASO,ES,Combined TRACON& Tower with Radar,26,6,7,0,39,0,0,1,0,1,26,6,8,0,40,0,0,0,40
04/27/2020,GSP,SC,ASO,ES,Combined TRACON& Tower with Radar,27,7,12,5,51,0,0,12,0,12,27,7,24,5,63,0,0,0,63
04/28/2020,GSP,SC,ASO,ES,Combined TRACON& Tower with Radar,33,6,6,29,74,0,3,8,27,38,33,9,14,56,112,12,0,12,124
04/29/2020,GSP,SC,ASO,ES,Combined TRACON& Tower with Radar,30,6,10,12,58,0,0,3,3,6,30,6,13,15,64,0,0,0,64
04/30/2020,GSP,SC,ASO,ES,Combined TRACON& Tower with Radar,32,10,11,7,60,0,1,4,5,10,32,11,15,12,70,0,0,0,70
05/01/2020,GSP,SC,ASO,ES,Combined TRACON& Tower with Radar,35,13,7,0,55,0,0,5,0,5,35,13,12,0,60,0,0,0,60
05/02/2020,GSP,SC,ASO,ES,Combined TRACON& Tower with Radar,28,5,10,0,43,0,1,8,0,9,28,6,18,0,52,0,0,0,52
05/03/2020,GSP,SC,ASO,ES,Combined TRACON& Tower with Radar,34,3,9,0,46,0,0,9,0,9,34,3,18,0,55,0,0,0,55
05/04/2020,GSP,SC,ASO,ES,Combined TRACON& Tower with Radar,37,3,14,1,55,0,0,0,1,1,37,3,14,2,56,0,0,0,56
05/05/2020,GSP,SC,ASO,ES,Combined TRACON& Tower with Radar,30,6,15,0,51,0,0,8,0,8,30,6,23,0,59,0,0,0,59
05/06/2020,GSP,SC,ASO,ES,Combined TRACON& Tower with Radar,39,6,12,9,66,0,3,1,2,6,39,9,13,11,72,0,0,0,72
05/07/2020,GSP,SC,ASO,ES,Combined TRACON& Tower with Radar,35,15,13,2,65,0,6,18,0,24,35,21,31,2,89,20,0,20,109
05/08/2020,GSP,SC,ASO,ES,Combined TRACON& Tower with Radar,31,11,13,6,61,0,0,7,0,7,31,11,20,6,68,0,0,0,68
05/09/2020,GSP,SC,ASO,ES,Combined TRACON& Tower with Radar,25,3,9,0,37,0,0,6,0,6,25,3,15,0,43,0,0,0,43
05/10/2020,GSP,SC,ASO,ES,Combined TRACON& Tower with Radar,30,10,9,2,51,0,0,6,0,6,30,10,15,2,57,0,0,0,57
05/11/2020,GSP,SC,ASO,ES,Combined TRACON& Tower with Radar,34,14,12,8,68,0,6,3,0,9,34,20,15,8,77,0,0,0,77
05/12/2020,GSP,SC,ASO,ES,Combined TRACON& Tower with Radar,30,6,20,19,75,0,2,16,4,22,30,8,36,23,97,0,0,0,97
05/13/2020,GSP,SC,ASO,ES,Combined TRACON& Tower with Radar,36,11,14,17,78,0,0,5,3,8,36,11,19,20,86,0,34,34,120
05/14/2020,GSP,SC,ASO,ES,Combined TRACON& Tower with Radar,45,10,17,24,96,0,1,4,2,7,45,11,21,26,103,0,22,22,125
05/15/2020,GSP,SC,ASO,ES,Combined TRACON& Tower with Radar,32,6,19,0,57,0,0,6,0,6,32,6,25,0,63,0,0,0,63
05/16/2020,GSP,SC,ASO,ES,Combined TRACON& Tower with Radar,21,2,6,0,29,0,2,15,0,17,21,4,21,0,46,0,0,0,46
05/17/2020,GSP,SC,ASO,ES,Combined TRACON& Tower with Radar,29,10,7,0,46,0,0,10,0,10,29,10,17,0,56,0,0,0,56
05/18/2020,GSP,SC,ASO,ES,Combined TRACON& Tower with Radar,30,9,5,0,44,0,0,0,0,0,30,9,5,0,44,0,0,0,44
05/19/2020,GSP,SC,ASO,ES,Combined TRACON& Tower with Radar,27,4,7,10,48,0,0,0,0,0,27,4,7,10,48,0,0,0,48
05/20/2020,GSP,SC,ASO,ES,Combined TRACON& Tower with Radar,36,14,6,1,57,0,0,0,0,0,36,14,6,1,57,0,0,0,57
05/21/2020,GSP,SC,ASO,ES,Combined TRACON& Tower with Radar,38,10,16,6,70,0,3,3,2,8,38,13,19,8,78,0,0,0,78
05/22/2020,GSP,SC,ASO,ES,Combined TRACON& Tower with Radar,35,13,15,0,63,0,0,4,2,6,35,13,19,2,69,0,0,0,69
05/23/2020,GSP,SC,ASO,ES,Combined TRACON& Tower with Radar,25,3,10,0,38,0,1,5,2,8,25,4,15,2,46,0,0,0,46
05/24/2020,GSP,SC,ASO,ES,Combined TRACON& Tower with Radar,32,8,10,0,50,0,0,6,0,6,32,8,16,0,56,0,0,0,56
05/25/2020,GSP,SC,ASO,ES,Combined TRACON& Tower with Radar,31,9,10,0,50,0,0,0,0,0,31,9,10,0,50,0,0,0,50
05/26/2020,GSP,SC,ASO,ES,Combined TRACON& Tower with Radar,27,16,18,7,68,0,0,1,1,2,27,16,19,8,70,0,6,6,76
05/27/2020,GSP,SC,ASO,ES,Combined TRACON& Tower with Radar,34,12,15,0,61,0,0,3,0,3,34,12,18,0,64,0,0,0,64
05/28/2020,GSP,SC,ASO,ES,Combined TRACON& Tower with Radar,39,16,14,0,69,0,2,5,0,7,39,18,19,0,76,6,0,6,82
05/29/2020,GSP,SC,ASO,ES,Combined TRACON& Tower with Radar,36,13,7,8,64,0,0,2,0,2,36,13,9,8,66,0,0,0,66
05/30/2020,GSP,SC,ASO,ES,Combined TRACON& Tower with Radar,23,6,8,0,37,0,2,5,0,7,23,8,13,0,44,0,0,0,44
05/31/2020,GSP,SC,ASO,ES,Combined TRACON& Tower with Radar,31,12,14,0,57,0,4,7,0,11,31,16,21,0,68,0,0,0,68
06/01/2020,GSP,SC,ASO,ES,Combined TRACON& Tower with Radar,36,8,13,13,70,0,1,17,0,18,36,9,30,13,88,12,0,12,100
06/02/2020,GSP,SC,ASO,ES,Combined TRACON& Tower with Radar,36,12,20,3,71,0,1,11,0,12,36,13,31,3,83,16,0,16,99
06/03/2020,GSP,SC,ASO,ES,Combined TRACON& Tower with Radar,41,14,29,6,90,0,2,24,0,26,41,16,53,6,116,16,0,16,132
06/04/2020,GSP,SC,ASO,ES,Combined TRACON& Tower with Radar,42,7,21,0,70,0,0,9,0,9,42,7,30,0,79,0,0,0,79
06/05/2020,GSP,SC,ASO,ES,Combined TRACON& Tower with Radar,36,17,7,2,62,0,0,0,1,1,36,17,7,3,63,0,6,6,69
06/06/2020,GSP,SC,ASO,ES,Combined TRACON& Tower with Radar,29,10,8,0,47,0,0,5,0,5,29,10,13,0,52,0,0,0,52
06/07/2020,GSP,SC,ASO,ES,Combined TRACON& Tower with Radar,35,11,12,0,58,0,2,6,0,8,35,13,18,0,66,0,0,0,66
06/08/2020,GSP,SC,ASO,ES,Combined TRACON& Tower with Radar,39,16,9,6,70,0,1,3,0,4,39,17,12,6,74,0,0,0,74
06/09/2020,GSP,SC,ASO,ES,Combined TRACON& Tower with Radar,36,8,23,0,67,0,0,9,2,11,36,8,32,2,78,0,0,0,78
06/10/2020,GSP,SC,ASO,ES,Combined TRACON& Tower with Radar,39,9,31,12,91,0,0,1,0,1,39,9,32,12,92,0,0,0,92
06/11/2020,GSP,SC,ASO,ES,Combined TRACON& Tower with Radar,40,13,13,17,83,0,0,1,7,8,40,13,14,24,91,0,30,30,121
06/12/2020,GSP,SC,ASO,ES,Combined TRACON& Tower with Radar,38,12,15,6,71,0,1,9,0,10,38,13,24,6,81,0,10,10,91
06/13/2020,GSP,SC,ASO,ES,Combined TRACON& Tower with Radar,27,8,3,0,38,0,0,7,0,7,27,8,10,0,45,12,0,12,57
06/14/2020,GSP,SC,ASO,ES,Combined TRACON& Tower with Radar,35,10,10,0,55,0,1,3,0,4,35,11,13,0,59,0,0,0,59
06/15/2020,GSP,SC,ASO,ES,Combined TRACON& Tower with Radar,36,16,15,0,67,0,4,4,0,8,36,20,19,0,75,0,0,0,75
06/16/2020,GSP,SC,ASO,ES,Combined TRACON& Tower with Radar,35,10,1,0,46,0,0,1,0,1,35,10,2,0,47,0,0,0,47
06/17/2020,GSP,SC,ASO,ES,Combined TRACON& Tower with Radar,37,12,24,2,75,0,0,0,6,6,37,12,24,8,81,0,0,0,81
06/18/2020,GSP,SC,ASO,ES,Combined TRACON& Tower with Radar,41,21,15,8,85,0,0,2,0,2,41,21,17,8,87,0,0,0,87
06/19/2020,GSP,SC,ASO,ES,Combined TRACON& Tower with Radar,38,10,20,0,68,0,2,13,0,15,38,12,33,0,83,10,0,10,93
06/20/2020,GSP,SC,ASO,ES,Combined TRACON& Tower with Radar,27,8,7,0,42,0,0,12,0,12,27,8,19,0,54,0,0,0,54
06/21/2020,GSP,SC,ASO,ES,Combined TRACON& Tower with Radar,37,17,11,0,65,0,0,4,0,4,37,17,15,0,69,0,0,0,69
06/22/2020,GSP,SC,ASO,ES,Combined TRACON& Tower with Radar,38,12,11,0,61,0,0,5,1,6,38,12,16,1,67,0,0,0,67
06/23/2020,GSP,SC,ASO,ES,Combined TRACON& Tower with Radar,36,15,35,0,86,0,0,5,0,5,36,15,40,0,91,0,0,0,91
06/24/2020,GSP,SC,ASO,ES,Combined TRACON& Tower with Radar,36,22,27,15,100,0,0,3,5,8,36,22,30,20,108,0,22,22,130
06/25/2020,GSP,SC,ASO,ES,Combined TRACON& Tower with Radar,39,10,17,10,76,0,0,4,0,4,39,10,21,10,80,8,20,28,108
06/26/2020,GSP,SC,ASO,ES,Combined TRACON& Tower with Radar,38,14,28,3,83,0,0,8,3,11,38,14,36,6,94,24,0,24,118
06/27/2020,GSP,SC,ASO,ES,Combined TRACON& Tower with Radar,28,10,14,1,53,0,0,0,1,1,28,10,14,2,54,0,8,8,62
06/28/2020,GSP,SC,ASO,ES,Combined TRACON& Tower with Radar,34,10,5,0,49,0,0,4,1,5,34,10,9,1,54,0,0,0,54
06/29/2020,GSP,SC,ASO,ES,Combined TRACON& Tower with Radar,39,17,12,1,69,0,2,3,4,9,39,19,15,5,78,0,16,16,94
06/30/2020,GSP,SC,ASO,ES,Combined TRACON& Tower with Radar,34,17,13,6,70,0,4,5,4,13,34,21,18,10,83,0,14,14,97
07/01/2020,GSP,SC,ASO,ES,Combined TRACON& Tower with Radar,35,16,14,0,65,0,0,4,0,4,35,16,18,0,69,0,0,0,69
07/02/2020,GSP,SC,ASO,ES,Combined TRACON& Tower with Radar,54,14,10,1,79,0,2,10,2,14,54,16,20,3,93,0,0,0,93
07/03/2020,GSP,SC,ASO,ES,Combined TRACON& Tower with Radar,42,11,10,0,63,0,2,5,3,10,42,13,15,3,73,0,0,0,73
07/04/2020,GSP,SC,ASO,ES,Combined TRACON& Tower with Radar,29,5,4,0,38,0,0,6,0,6,29,5,10,0,44,10,0,10,54
07/05/2020,GSP,SC,ASO,ES,Combined TRACON& Tower with Radar,39,14,18,0,71,0,2,4,0,6,39,16,22,0,77,0,0,0,77
07/06/2020,GSP,SC,ASO,ES,Combined TRACON& Tower with Radar,39,18,20,0,77,0,0,0,1,1,39,18,20,1,78,0,0,0,78
07/07/2020,GSP,SC,ASO,ES,Combined TRACON& Tower with Radar,42,21,13,0,76,0,0,0,0,0,42,21,13,0,76,0,0,0,76
07/08/2020,GSP,SC,ASO,ES,Combined TRACON& Tower with Radar,42,14,24,10,90,0,0,3,3,6,42,14,27,13,96,0,16,16,112
07/09/2020,GSP,SC,ASO,ES,Combined TRACON& Tower with Radar,53,25,16,2,96,0,2,2,4,8,53,27,18,6,104,0,0,0,104
07/10/2020,GSP,SC,ASO,ES,Combined TRACON& Tower with Radar,51,20,13,0,84,0,0,9,0,9,51,20,22,0,93,10,0,10,103
07/11/2020,GSP,SC,ASO,ES,Combined TRACON& Tower with Radar,44,11,9,0,64,0,0,12,0,12,44,11,21,0,76,12,0,12,88
07/12/2020,GSP,SC,ASO,ES,Combined TRACON& Tower with Radar,43,21,10,0,74,0,1,9,0,10,43,22,19,0,84,6,0,6,90
07/13/2020,GSP,SC,ASO,ES,Combined TRACON& Tower with Radar,49,23,18,2,92,0,0,13,0,13,49,23,31,2,105,0,0,0,105
07/14/2020,GSP,SC,ASO,ES,Combined TRACON& Tower with Radar,44,12,11,0,67,0,3,8,2,13,44,15,19,2,80,0,0,0,80
07/15/2020,GSP,SC,ASO,ES,Combined TRACON& Tower with Radar,41,15,28,0,84,0,3,8,0,11,41,18,36,0,95,0,0,0,95
07/16/2020,GSP,SC,ASO,ES,Combined TRACON& Tower with Radar,50,16,25,8,99,0,5,11,0,16,50,21,36,8,115,0,0,0,115
07/17/2020,GSP,SC,ASO,ES,Combined TRACON& Tower with Radar,50,19,13,2,84,0,0,11,0,11,50,19,24,2,95,22,0,22,117
07/18/2020,GSP,SC,ASO,ES,Combined TRACON& Tower with Radar,43,12,3,2,60,0,2,14,0,16,43,14,17,2,76,0,0,0,76
07/19/2020,GSP,SC,ASO,ES,Combined TRACON& Tower with Radar,46,24,12,0,82,0,2,10,0,12,46,26,22,0,94,0,0,0,94
07/20/2020,GSP,SC,ASO,ES,Combined TRACON& Tower with Radar,63,14,16,9,102,0,2,9,0,11,63,16,25,9,113,10,10,20,133
07/21/2020,GSP,SC,ASO,ES,Combined TRACON& Tower with Radar,42,16,19,35,112,0,4,4,5,13,42,20,23,40,125,12,46,58,183
07/22/2020,GSP,SC,ASO,ES,Combined TRACON& Tower with Radar,42,15,13,10,80,0,0,7,1,8,42,15,20,11,88,10,14,24,112
07/23/2020,GSP,SC,ASO,ES,Combined TRACON& Tower with Radar,52,21,17,6,96,0,6,6,7,19,52,27,23,13,115,0,14,14,129
07/24/2020,GSP,SC,ASO,ES,Combined TRACON& Tower with Radar,47,18,11,2,78,0,0,4,0,4,47,18,15,2,82,0,0,0,82
07/25/2020,GSP,SC,ASO,ES,Combined TRACON& Tower with Radar,47,11,12,0,70,0,0,3,0,3,47,11,15,0,73,0,0,0,73
07/26/2020,GSP,SC,ASO,ES,Combined TRACON& Tower with Radar,45,14,10,0,69,0,2,6,0,8,45,16,16,0,77,0,0,0,77
07/27/2020,GSP,SC,ASO,ES,Combined TRACON& Tower with Radar,49,21,10,0,80,0,1,6,0,7,49,22,16,0,87,0,0,0,87
07/28/2020,GSP,SC,ASO,ES,Combined TRACON& Tower with Radar,43,14,16,21,94,0,0,9,4,13,43,14,25,25,107,0,0,0,107
07/29/2020,GSP,SC,ASO,ES,Combined TRACON& Tower with Radar,44,18,15,2,79,0,0,8,6,14,44,18,23,8,93,0,0,0,93
07/30/2020,GSP,SC,ASO,ES,Combined TRACON& Tower with Radar,48,20,19,2,89,0,0,1,0,1,48,20,20,2,90,0,0,0,90
07/31/2020,GSP,SC,ASO,ES,Combined TRACON& Tower with Radar,47,18,20,13,98,0,0,7,1,8,47,18,27,14,106,8,0,8,114
08/01/2020,GSP,SC,ASO,ES,Combined TRACON& Tower with Radar,45,18,14,0,77,0,1,4,2,7,45,19,18,2,84,0,0,0,84
08/02/2020,GSP,SC,ASO,ES,Combined TRACON& Tower with Radar,47,20,15,0,82,0,5,0,0,5,47,25,15,0,87,0,0,0,87
08/03/2020,GSP,SC,ASO,ES,Combined TRACON& Tower with Radar,52,21,11,1,85,0,0,0,0,0,52,21,11,1,85,0,0,0,85
08/04/2020,GSP,SC,ASO,ES,Combined TRACON& Tower with Radar,45,22,20,6,93,0,2,21,6,29,45,24,41,12,122,0,0,0,122
08/05/2020,GSP,SC,ASO,ES,Combined TRACON& Tower with Radar,46,14,17,5,82,0,0,6,4,10,46,14,23,9,92,0,0,0,92
08/06/2020,GSP,SC,ASO,ES,Combined TRACON& Tower with Radar,56,16,26,1,99,0,1,3,1,5,56,17,29,2,104,0,0,0,104
08/07/2020,GSP,SC,ASO,ES,Combined TRACON& Tower with Radar,61,19,22,1,103,0,2,6,1,9,61,21,28,2,112,12,0,12,124
08/08/2020,GSP,SC,ASO,ES,Combined TRACON& Tower with Radar,51,15,12,0,78,0,0,13,2,15,51,15,25,2,93,0,0,0,93
08/09/2020,GSP,SC,ASO,ES,Combined TRACON& Tower with Radar,47,17,15,0,79,0,1,13,0,14,47,18,28,0,93,0,0,0,93
08/10/2020,GSP,SC,ASO,ES,Combined TRACON& Tower with Radar,56,22,17,0,95,0,1,12,3,16,56,23,29,3,111,0,0,0,111
08/11/2020,GSP,SC,ASO,ES,Combined TRACON& Tower with Radar,50,15,19,0,84,0,2,10,0,12,50,17,29,0,96,0,0,0,96
08/12/2020,GSP,SC,ASO,ES,Combined TRACON& Tower with Radar,47,13,19,12,91,0,1,5,2,8,47,14,24,14,99,0,0,0,99
08/13/2020,GSP,SC,ASO,ES,Combined TRACON& Tower with Radar,63,20,15,2,100,0,0,7,0,7,63,20,22,2,107,8,0,8,115
08/14/2020,GSP,SC,ASO,ES,Combined TRACON& Tower with Radar,56,25,20,10,111,0,0,5,1,6,56,25,25,11,117,0,26,26,143
08/15/2020,GSP,SC,ASO,ES,Combined TRACON& Tower with Radar,48,16,9,0,73,0,2,1,0,3,48,18,10,0,76,6,0,6,82
08/16/2020,GSP,SC,ASO,ES,Combined TRACON& Tower with Radar,48,24,20,0,92,0,0,6,2,8,48,24,26,2,100,20,0,20,120
08/17/2020,GSP,SC,ASO,ES,Combined TRACON& Tower with Radar,56,16,14,0,86,0,1,9,4,14,56,17,23,4,100,0,0,0,100
08/18/2020,GSP,SC,ASO,ES,Combined TRACON& Tower with Radar,47,18,10,12,87,0,2,10,0,12,47,20,20,12,99,12,0,12,111
08/19/2020,GSP,SC,ASO,ES,Combined TRACON& Tower with Radar,47,16,27,22,112,0,0,10,10,20,47,16,37,32,132,6,36,42,174
08/20/2020,GSP,SC,ASO,ES,Combined TRACON& Tower with Radar,58,24,14,1,97,0,1,1,7,9,58,25,15,8,106,0,0,0,106
08/21/2020,GSP,SC,ASO,ES,Combined TRACON& Tower with Radar,54,16,9,1,80,0,2,0,0,2,54,18,9,1,82,0,0,0,82
08/22/2020,GSP,SC,ASO,ES,Combined TRACON& Tower with Radar,47,18,16,5,86,0,0,1,5,6,47,18,17,10,92,0,0,0,92
08/23/2020,GSP,SC,ASO,ES,Combined TRACON& Tower with Radar,53,23,14,8,98,0,1,4,4,9,53,24,18,12,107,0,0,0,107
08/24/2020,GSP,SC,ASO,ES,Combined TRACON& Tower with Radar,54,18,12,6,90,0,1,6,7,14,54,19,18,13,104,0,0,0,104
08/25/2020,GSP,SC,ASO,ES,Combined TRACON& Tower with Radar,44,15,16,3,78,0,0,11,1,12,44,15,27,4,90,0,0,0,90
08/26/2020,GSP,SC,ASO,ES,Combined TRACON& Tower with Radar,43,18,14,6,81,0,3,16,0,19,43,21,30,6,100,6,0,6,106
08/27/2020,GSP,SC,ASO,ES,Combined TRACON& Tower with Radar,54,23,14,4,95,0,2,22,1,25,54,25,36,5,120,14,0,14,134
08/28/2020,GSP,SC,ASO,ES,Combined TRACON& Tower with Radar,52,21,10,0,83,0,2,5,1,8,52,23,15,1,91,0,0,0,91
08/29/2020,GSP,SC,ASO,ES,Combined TRACON& Tower with Radar,50,12,8,0,70,0,0,5,2,7,50,12,13,2,77,0,0,0,77
08/30/2020,GSP,SC,ASO,ES,Combined TRACON& Tower with Radar,59,24,9,0,92,0,0,11,4,15,59,24,20,4,107,0,0,0,107
08/31/2020,GSP,SC,ASO,ES,Combined TRACON& Tower with Radar,57,26,18,17,118,0,2,0,1,3,57,28,18,18,121,0,0,0,121
09/01/2020,GSP,SC,ASO,ES,Combined TRACON& Tower with Radar,44,15,12,7,78,0,2,5,1,8,44,17,17,8,86,4,0,4,90
09/02/2020,GSP,SC,ASO,ES,Combined TRACON& Tower with Radar,45,19,21,24,109,0,0,6,4,10,45,19,27,28,119,0,10,10,129
09/03/2020,GSP,SC,ASO,ES,Combined TRACON& Tower with Radar,59,30,25,2,116,0,4,12,1,17,59,34,37,3,133,0,0,0,133
09/04/2020,GSP,SC,ASO,ES,Combined TRACON& Tower with Radar,51,23,24,1,99,0,1,10,0,11,51,24,34,1,110,0,0,0,110
09/05/2020,GSP,SC,ASO,ES,Combined TRACON& Tower with Radar,43,14,6,0,63,0,2,6,0,8,43,16,12,0,71,0,0,0,71
09/06/2020,GSP,SC,ASO,ES,Combined TRACON& Tower with Radar,44,12,13,0,69,0,0,3,0,3,44,12,16,0,72,0,0,0,72
09/07/2020,GSP,SC,ASO,ES,Combined TRACON& Tower with Radar,44,19,21,0,84,0,2,11,0,13,44,21,32,0,97,0,0,0,97
09/08/2020,GSP,SC,ASO,ES,Combined TRACON& Tower with Radar,42,18,22,0,82,0,0,3,0,3,42,18,25,0,85,16,0,16,101
09/09/2020,GSP,SC,ASO,ES,Combined TRACON& Tower with Radar,54,11,17,0,82,0,1,0,0,1,54,12,17,0,83,0,0,0,83
09/10/2020,GSP,SC,ASO,ES,Combined TRACON& Tower with Radar,60,10,9,0,79,0,0,2,0,2,60,10,11,0,81,8,0,8,89
09/11/2020,GSP,SC,ASO,ES,Combined TRACON& Tower with Radar,56,12,16,19,103,0,0,7,9,16,56,12,23,28,119,0,20,20,139
09/12/2020,GSP,SC,ASO,ES,Combined TRACON& Tower with Radar,49,10,6,4,69,0,0,0,0,0,49,10,6,4,69,0,0,0,69
09/13/2020,GSP,SC,ASO,ES,Combined TRACON& Tower with Radar,50,21,15,1,87,0,0,1,0,1,50,21,16,1,88,0,0,0,88
09/14/2020,GSP,SC,ASO,ES,Combined TRACON& Tower with Radar,54,14,23,0,91,0,4,5,0,9,54,18,28,0,100,0,0,0,100
09/15/2020,GSP,SC,ASO,ES,Combined TRACON& Tower with Radar,49,16,27,7,99,0,0,10,2,12,49,16,37,9,111,6,8,14,125
09/16/2020,GSP,SC,ASO,ES,Combined TRACON& Tower with Radar,54,14,24,11,103,0,0,2,3,5,54,14,26,14,108,0,0,0,108
09/17/2020,GSP,SC,ASO,ES,Combined TRACON& Tower with Radar,57,15,15,0,87,0,0,0,0,0,57,15,15,0,87,0,0,0,87
09/18/2020,GSP,SC,ASO,ES,Combined TRACON& Tower with Radar,56,11,17,4,88,0,1,9,0,10,56,12,26,4,98,12,0,12,110
09/19/2020,GSP,SC,ASO,ES,Combined TRACON& Tower with Radar,46,5,9,7,67,0,3,6,0,9,46,8,15,7,76,0,0,0,76
09/20/2020,GSP,SC,ASO,ES,Combined TRACON& Tower with Radar,50,13,21,0,84,0,0,18,0,18,50,13,39,0,102,4,0,4,106
09/21/2020,GSP,SC,ASO,ES,Combined TRACON& Tower with Radar,54,12,21,15,102,0,0,10,0,10,54,12,31,15,112,0,0,0,112
09/22/2020,GSP,SC,ASO,ES,Combined TRACON& Tower with Radar,51,13,14,15,93,0,2,18,1,21,51,15,32,16,114,14,15,29,143
09/23/2020,GSP,SC,ASO,ES,Combined TRACON& Tower with Radar,54,13,23,5,95,0,5,9,5,19,54,18,32,10,114,0,0,0,114
09/24/2020,GSP,SC,ASO,ES,Combined TRACON& Tower with Radar,62,15,15,2,94,0,2,9,0,11,62,17,24,2,105,0,0,0,105
09/25/2020,GSP,SC,ASO,ES,Combined TRACON& Tower with Radar,56,9,14,4,83,0,0,0,0,0,56,9,14,4,83,0,0,0,83
09/26/2020,GSP,SC,ASO,ES,Combined TRACON& Tower with Radar,47,15,13,0,75,0,0,3,0,3,47,15,16,0,78,0,0,0,78
09/27/2020,GSP,SC,ASO,ES,Combined TRACON& Tower with Radar,51,16,14,0,81,0,0,2,0,2,51,16,16,0,83,0,0,0,83
09/28/2020,GSP,SC,ASO,ES,Combined TRACON& Tower with Radar,53,16,24,0,93,0,1,1,0,2,53,17,25,0,95,0,0,0,95
09/29/2020,GSP,SC,ASO,ES,Combined TRACON& Tower with Radar,54,13,18,4,89,0,0,0,0,0,54,13,18,4,89,0,0,0,89
09/30/2020,GSP,SC,ASO,ES,Combined TRACON& Tower with Radar,54,11,17,16,98,0,5,7,0,12,54,16,24,16,110,0,0,0,110
10/01/2020,GSP,SC,ASO,ES,Combined TRACON& Tower with Radar,57,20,21,0,98,0,1,11,0,12,57,21,32,0,110,0,0,0,110
10/02/2020,GSP,SC,ASO,ES,Combined TRACON& Tower with Radar,58,14,15,9,96,0,3,7,3,13,58,17,22,12,109,0,0,0,109
10/03/2020,GSP,SC,ASO,ES,Combined TRACON& Tower with Radar,50,9,7,14,80,0,2,5,0,7,50,11,12,14,87,0,0,0,87
10/04/2020,GSP,SC,ASO,ES,Combined TRACON& Tower with Radar,54,17,17,4,92,0,1,13,0,14,54,18,30,4,106,0,0,0,106
10/05/2020,GSP,SC,ASO,ES,Combined TRACON& Tower with Radar,59,14,23,0,96,0,3,13,0,16,59,17,36,0,112,4,0,4,116
10/06/2020,GSP,SC,ASO,ES,Combined TRACON& Tower with Radar,50,5,24,24,103,0,4,7,5,16,50,9,31,29,119,0,32,32,151
10/07/2020,GSP,SC,ASO,ES,Combined TRACON& Tower with Radar,45,8,19,6,78,0,0,11,0,11,45,8,30,6,89,12,0,12,101
10/08/2020,GSP,SC,ASO,ES,Combined TRACON& Tower with Radar,56,19,33,31,139,0,5,10,3,18,56,24,43,34,157,4,12,16,173
10/09/2020,GSP,SC,ASO,ES,Combined TRACON& Tower with Radar,53,15,26,0,94,0,0,7,0,7,53,15,33,0,101,0,0,0,101
10/10/2020,GSP,SC,ASO,ES,Combined TRACON& Tower with Radar,43,15,9,0,67,0,0,0,0,0,43,15,9,0,67,0,0,0,67
10/11/2020,GSP,SC,ASO,ES,Combined TRACON& Tower with Radar,50,13,16,0,79,0,0,0,0,0,50,13,16,0,79,0,0,0,79
10/12/2020,GSP,SC,ASO,ES,Combined TRACON& Tower with Radar,54,12,25,0,91,0,1,5,5,11,54,13,30,5,102,0,0,0,102
10/13/2020,GSP,SC,ASO,ES,Combined TRACON& Tower with Radar,46,13,25,8,92,0,0,10,5,15,46,13,35,13,107,20,0,20,127
10/14/2020,GSP,SC,ASO,ES,Combined TRACON& Tower with Radar,43,13,33,21,110,0,0,14,2,16,43,13,47,23,126,0,0,0,126
10/15/2020,GSP,SC,ASO,ES,Combined TRACON& Tower with Radar,57,17,28,14,116,0,0,1,0,1,57,17,29,14,117,0,0,0,117
10/16/2020,GSP,SC,ASO,ES,Combined TRACON& Tower with Radar,51,16,20,16,103,0,2,5,1,8,51,18,25,17,111,10,6,16,127
10/17/2020,GSP,SC,ASO,ES,Combined TRACON& Tower with Radar,40,15,9,8,72,0,0,7,1,8,40,15,16,9,80,0,14,14,94
10/18/2020,GSP,SC,ASO,ES,Combined TRACON& Tower with Radar,46,21,12,4,83,0,4,10,0,14,46,25,22,4,97,0,0,0,97
10/19/2020,GSP,SC,ASO,ES,Combined TRACON& Tower with Radar,55,11,18,6,90,0,1,11,4,16,55,12,29,10,106,0,12,12,118
10/20/2020,GSP,SC,ASO,ES,Combined TRACON& Tower with Radar,47,16,15,17,95,0,0,19,0,19,47,16,34,17,114,0,0,0,114
10/21/2020,GSP,SC,ASO,ES,Combined TRACON& Tower with Radar,45,12,35,4,96,0,1,9,0,10,45,13,44,4,106,0,0,0,106
10/22/2020,GSP,SC,ASO,ES,Combined TRACON& Tower with Radar,54,12,27,1,94,0,2,10,1,13,54,14,37,2,107,0,0,0,107
10/23/2020,GSP,SC,ASO,ES,Combined TRACON& Tower with Radar,53,10,29,4,96,0,3,10,0,13,53,13,39,4,109,0,4,4,113
10/24/2020,GSP,SC,ASO,ES,Combined TRACON& Tower with Radar,40,15,11,0,66,0,3,4,0,7,40,18,15,0,73,0,0,0,73
10/25/2020,GSP,SC,ASO,ES,Combined TRACON& Tower with Radar,45,18,17,0,80,0,0,0,0,0,45,18,17,0,80,0,0,0,80
10/26/2020,GSP,SC,ASO,ES,Combined TRACON& Tower with Radar,50,18,25,0,93,0,1,6,0,7,50,19,31,0,100,20,0,20,120
10/27/2020,GSP,SC,ASO,ES,Combined TRACON& Tower with Radar,43,12,14,0,69,0,0,4,0,4,43,12,18,0,73,0,0,0,73
10/28/2020,GSP,SC,ASO,ES,Combined TRACON& Tower with Radar,49,9,11,1,70,0,0,0,0,0,49,9,11,1,70,0,0,0,70
10/29/2020,GSP,SC,ASO,ES,Combined TRACON& Tower with Radar,56,18,19,1,94,0,0,0,0,0,56,18,19,1,94,0,0,0,94
10/30/2020,GSP,SC,ASO,ES,Combined TRACON& Tower with Radar,49,21,26,1,97,0,4,5,1,10,49,25,31,2,107,0,4,4,111
10/31/2020,GSP,SC,ASO,ES,Combined TRACON& Tower with Radar,30,10,11,0,51,0,2,3,0,5,30,12,14,0,56,0,0,0,56
11/01/2020,GSP,SC,ASO,ES,Combined TRACON& Tower with Radar,44,16,12,0,72,0,5,2,0,7,44,21,14,0,79,0,0,0,79
11/02/2020,GSP,SC,ASO,ES,Combined TRACON& Tower with Radar,50,5,13,5,73,0,0,7,2,9,50,5,20,7,82,0,0,0,82
11/03/2020,GSP,SC,ASO,ES,Combined TRACON& Tower with Radar,41,8,14,0,63,0,1,10,2,13,41,9,24,2,76,0,0,0,76
11/04/2020,GSP,SC,ASO,ES,Combined TRACON& Tower with Radar,41,9,18,8,76,2,0,10,9,21,43,9,28,17,97,0,0,0,97
11/05/2020,GSP,SC,ASO,ES,Combined TRACON& Tower with Radar,58,24,26,9,117,0,2,10,0,12,58,26,36,9,129,19,0,19,148
11/06/2020,GSP,SC,ASO,ES,Combined TRACON& Tower with Radar,63,7,21,23,114,0,5,13,3,21,63,12,34,26,135,0,0,0,135
11/07/2020,GSP,SC,ASO,ES,Combined TRACON& Tower with Radar,45,7,4,0,56,0,2,5,2,9,45,9,9,2,65,0,0,0,65
11/08/2020,GSP,SC,ASO,ES,Combined TRACON& Tower with Radar,60,13,7,16,96,0,0,1,0,1,60,13,8,16,97,0,16,16,113
11/09/2020,GSP,SC,ASO,ES,Combined TRACON& Tower with Radar,68,9,18,0,95,0,2,4,0,6,68,11,22,0,101,0,0,0,101
11/10/2020,GSP,SC,ASO,ES,Combined TRACON& Tower with Radar,50,4,23,0,77,0,0,0,0,0,50,4,23,0,77,0,0,0,77
11/11/2020,GSP,SC,ASO,ES,Combined TRACON& Tower with Radar,50,7,30,0,87,0,0,1,0,1,50,7,31,0,88,0,0,0,88
11/12/2020,GSP,SC,ASO,ES,Combined TRACON& Tower with Radar,70,19,10,6,105,0,0,3,0,3,70,19,13,6,108,0,0,0,108
11/13/2020,GSP,SC,ASO,ES,Combined TRACON& Tower with Radar,64,15,20,7,106,0,0,8,44,52,64,15,28,51,158,0,0,0,158
11/14/2020,GSP,SC,ASO,ES,Combined TRACON& Tower with Radar,48,8,10,0,66,0,0,2,0,2,48,8,12,0,68,0,0,0,68
11/15/2020,GSP,SC,ASO,ES,Combined TRACON& Tower with Radar,59,5,5,0,69,0,0,3,0,3,59,5,8,0,72,0,0,0,72
11/16/2020,GSP,SC,ASO,ES,Combined TRACON& Tower with Radar,67,14,27,0,108,0,2,6,0,8,67,16,33,0,116,0,0,0,116
11/17/2020,GSP,SC,ASO,ES,Combined TRACON& Tower with Radar,50,7,15,19,91,0,5,5,13,23,50,12,20,32,114,0,12,12,126
11/18/2020,GSP,SC,ASO,ES,Combined TRACON& Tower with Radar,48,8,17,18,91,0,2,9,0,11,48,10,26,18,102,6,0,6,108
11/19/2020,GSP,SC,ASO,ES,Combined TRACON& Tower with Radar,68,18,22,4,112,0,2,16,0,18,68,20,38,4,130,0,0,0,130
11/20/2020,GSP,SC,ASO,ES,Combined TRACON& Tower with Radar,69,7,19,11,106,0,0,9,0,9,69,7,28,11,115,0,12,12,127
11/21/2020,GSP,SC,ASO,ES,Combined TRACON& Tower with Radar,51,7,17,0,75,0,0,14,1,15,51,7,31,1,90,0,0,0,90
11/22/2020,GSP,SC,ASO,ES,Combined TRACON& Tower with Radar,63,12,30,1,106,0,2,11,0,13,63,14,41,1,119,0,0,0,119
11/23/2020,GSP,SC,ASO,ES,Combined TRACON& Tower with Radar,54,5,10,0,69,0,4,8,0,12,54,9,18,0,81,4,0,4,85
11/24/2020,GSP,SC,ASO,ES,Combined TRACON& Tower with Radar,70,11,11,19,111,0,0,7,3,10,70,11,18,22,121,0,30,30,151
11/25/2020,GSP,SC,ASO,ES,Combined TRACON& Tower with Radar,69,15,20,0,104,0,0,1,0,1,69,15,21,0,105,0,0,0,105
11/26/2020,GSP,SC,ASO,ES,Combined TRACON& Tower with Radar,26,3,1,0,30,0,0,4,0,4,26,3,5,0,34,0,0,0,34
11/27/2020,GSP,SC,ASO,ES,Combined TRACON& Tower with Radar,51,9,7,0,67,0,1,10,0,11,51,10,17,0,78,0,28,28,106
11/28/2020,GSP,SC,ASO,ES,Combined TRACON& Tower with Radar,57,14,9,0,80,0,0,6,0,6,57,14,15,0,86,0,0,0,86
11/29/2020,GSP,SC,ASO,ES,Combined TRACON& Tower with Radar,73,17,18,0,108,0,3,3,0,6,73,20,21,0,114,0,0,0,114
11/30/2020,GSP,SC,ASO,ES,Combined TRACON& Tower with Radar,66,9,11,2,88,0,2,3,0,5,66,11,14,2,93,0,0,0,93
12/01/2020,GSP,SC,ASO,ES,Combined TRACON& Tower with Radar,64,6,16,21,107,0,1,6,0,7,64,7,22,21,114,0,18,18,132
12/02/2020,GSP,SC,ASO,ES,Combined TRACON& Tower with Radar,55,7,19,21,102,0,4,6,9,19,55,11,25,30,121,0,32,32,153
12/03/2020,GSP,SC,ASO,ES,Combined TRACON& Tower with Radar,68,7,19,14,108,0,0,8,0,8,68,7,27,14,116,0,22,22,138
12/04/2020,GSP,SC,ASO,ES,Combined TRACON& Tower with Radar,69,10,19,7,105,0,0,2,5,7,69,10,21,12,112,0,8,8,120
12/05/2020,GSP,SC,ASO,ES,Combined TRACON& Tower with Radar,41,6,3,0,50,0,4,9,2,15,41,10,12,2,65,6,0,6,71
12/06/2020,GSP,SC,ASO,ES,Combined TRACON& Tower with Radar,57,11,10,0,78,0,0,12,0,12,57,11,22,0,90,0,0,0,90
12/07/2020,GSP,SC,ASO,ES,Combined TRACON& Tower with Radar,68,8,13,6,95,0,1,3,0,4,68,9,16,6,99,0,0,0,99
12/08/2020,GSP,SC,ASO,ES,Combined TRACON& Tower with Radar,54,8,17,11,90,0,4,34,11,49,54,12,51,22,139,0,8,8,147
12/09/2020,GSP,SC,ASO,ES,Combined TRACON& Tower with Radar,51,10,16,8,85,0,0,13,2,15,51,10,29,10,100,0,12,12,112
12/10/2020,GSP,SC,ASO,ES,Combined TRACON& Tower with Radar,64,7,16,15,102,0,0,4,0,4,64,7,20,15,106,0,0,0,106
12/11/2020,GSP,SC,ASO,ES,Combined TRACON& Tower with Radar,69,9,18,9,105,0,0,15,1,16,69,9,33,10,121,0,0,0,121
12/12/2020,GSP,SC,ASO,ES,Combined TRACON& Tower with Radar,42,6,18,0,66,0,1,13,0,14,42,7,31,0,80,0,0,0,80
12/13/2020,GSP,SC,ASO,ES,Combined TRACON& Tower with Radar,60,7,15,0,82,0,3,17,1,21,60,10,32,1,103,0,8,8,111
12/14/2020,GSP,SC,ASO,ES,Combined TRACON& Tower with Radar,65,12,15,0,92,0,1,4,0,5,65,13,19,0,97,4,0,4,101
12/15/2020,GSP,SC,ASO,ES,Combined TRACON& Tower with Radar,57,7,17,17,98,0,2,6,23,31,57,9,23,40,129,0,0,0,129
12/16/2020,GSP,SC,ASO,ES,Combined TRACON& Tower with Radar,50,8,16,3,77,0,0,0,0,0,50,8,16,3,77,0,0,0,77
12/17/2020,GSP,SC,ASO,ES,Combined TRACON& Tower with Radar,66,15,30,12,123,0,2,6,1,9,66,17,36,13,132,0,0,0,132
12/18/2020,GSP,SC,ASO,ES,Combined TRACON& Tower with Radar,68,21,14,0,103,0,2,11,1,14,68,23,25,1,117,0,0,0,117
12/19/2020,GSP,SC,ASO,ES,Combined TRACON& Tower with Radar,64,13,17,0,94,0,7,10,0,17,64,20,27,0,111,0,0,0,111
12/20/2020,GSP,SC,ASO,ES,Combined TRACON& Tower with Radar,62,16,18,0,96,0,0,3,0,3,62,16,21,0,99,12,0,12,111
12/21/2020,GSP,SC,ASO,ES,Combined TRACON& Tower with Radar,63,15,9,0,87,0,0,8,0,8,63,15,17,0,95,0,0,0,95
12/22/2020,GSP,SC,ASO,ES,Combined TRACON& Tower with Radar,69,17,14,0,100,0,0,10,0,10,69,17,24,0,110,6,0,6,116
12/23/2020,GSP,SC,ASO,ES,Combined TRACON& Tower with Radar,66,17,6,7,96,0,8,6,0,14,66,25,12,7,110,0,8,8,118
12/24/2020,GSP,SC,ASO,ES,Combined TRACON& Tower with Radar,49,10,3,0,62,0,0,0,0,0,49,10,3,0,62,0,0,0,62
12/25/2020,GSP,SC,ASO,ES,Combined TRACON& Tower with Radar,30,5,1,0,36,0,0,1,0,1,30,5,2,0,37,0,0,0,37
12/26/2020,GSP,SC,ASO,ES,Combined TRACON& Tower with Radar,56,13,8,0,77,0,1,5,0,6,56,14,13,0,83,0,0,0,83
12/27/2020,GSP,SC,ASO,ES,Combined TRACON& Tower with Radar,62,16,20,0,98,0,0,11,0,11,62,16,31,0,109,0,0,0,109
12/28/2020,GSP,SC,ASO,ES,Combined TRACON& Tower with Radar,61,12,8,0,81,0,3,4,0,7,61,15,12,0,88,0,0,0,88
12/29/2020,GSP,SC,ASO,ES,Combined TRACON& Tower with Radar,69,14,8,0,91,0,0,13,0,13,69,14,21,0,104,0,0,0,104
12/30/2020,GSP,SC,ASO,ES,Combined TRACON& Tower with Radar,68,17,23,0,108,0,0,2,0,2,68,17,25,0,110,0,0,0,110
12/31/2020,GSP,SC,ASO,ES,Combined TRACON& Tower with Radar,46,9,6,0,61,0,0,0,0,0,46,9,6,0,61,0,0,0,61
01/01/2021,GSP,SC,ASO,ES,Combined TRACON& Tower with Radar,37,8,3,0,48,0,0,0,0,0,37,8,3,0,48,0,0,0,48
01/02/2021,GSP,SC,ASO,ES,Combined TRACON& Tower with Radar,62,14,19,4,99,0,0,8,0,8,62,14,27,4,107,0,0,0,107
01/03/2021,GSP,SC,ASO,ES,Combined TRACON& Tower with Radar,59,14,12,0,85,0,0,6,0,6,59,14,18,0,91,0,0,0,91
01/04/2021,GSP,SC,ASO,ES,Combined TRACON& Tower with Radar,63,17,12,2,94,0,1,2,0,3,63,18,14,2,97,0,0,0,97
01/05/2021,GSP,SC,ASO,ES,Combined TRACON& Tower with Radar,47,6,19,20,92,0,1,4,0,5,47,7,23,20,97,0,0,0,97
01/06/2021,GSP,SC,ASO,ES,Combined TRACON& Tower with Radar,49,5,17,9,80,0,0,12,1,13,49,5,29,10,93,0,0,0,93
01/07/2021,GSP,SC,ASO,ES,Combined TRACON& Tower with Radar,62,12,17,0,91,0,0,4,0,4,62,12,21,0,95,0,0,0,95
01/08/2021,GSP,SC,ASO,ES,Combined TRACON& Tower with Radar,56,13,15,0,84,0,0,0,0,0,56,13,15,0,84,0,0,0,84
01/09/2021,GSP,SC,ASO,ES,Combined TRACON& Tower with Radar,39,7,6,0,52,0,4,3,0,7,39,11,9,0,59,0,0,0,59
01/10/2021,GSP,SC,ASO,ES,Combined TRACON& Tower with Radar,52,9,6,0,67,0,0,7,0,7,52,9,13,0,74,0,0,0,74
01/11/2021,GSP,SC,ASO,ES,Combined TRACON& Tower with Radar,57,11,21,6,95,0,0,0,0,0,57,11,21,6,95,0,0,0,95
01/12/2021,GSP,SC,ASO,ES,Combined TRACON& Tower with Radar,45,17,27,0,89,0,2,3,0,5,45,19,30,0,94,0,0,0,94
01/13/2021,GSP,SC,ASO,ES,Combined TRACON& Tower with Radar,51,8,23,5,87,0,0,11,8,19,51,8,34,13,106,0,44,44,150
01/14/2021,GSP,SC,ASO,ES,Combined TRACON& Tower with Radar,58,20,17,14,109,0,0,3,3,6,58,20,20,17,115,0,0,0,115
01/15/2021,GSP,SC,ASO,ES,Combined TRACON& Tower with Radar,60,22,13,2,97,0,2,4,0,6,60,24,17,2,103,0,0,0,103
01/16/2021,GSP,SC,ASO,ES,Combined TRACON& Tower with Radar,44,7,7,2,60,0,0,1,0,1,44,7,8,2,61,0,0,0,61
01/17/2021,GSP,SC,ASO,ES,Combined TRACON& Tower with Radar,48,12,15,0,75,0,0,4,0,4,48,12,19,0,79,0,0,0,79
01/18/2021,GSP,SC,ASO,ES,Combined TRACON& Tower with Radar,56,15,12,0,83,0,3,15,0,18,56,18,27,0,101,0,0,0,101
01/19/2021,GSP,SC,ASO,ES,Combined TRACON& Tower with Radar,45,8,20,0,73,0,1,4,0,5,45,9,24,0,78,0,0,0,78
01/20/2021,GSP,SC,ASO,ES,Combined TRACON& Tower with Radar,48,5,10,4,67,0,6,44,0,50,48,11,54,4,117,12,0,12,129
01/21/2021,GSP,SC,ASO,ES,Combined TRACON& Tower with Radar,59,18,21,13,111,0,0,4,1,5,59,18,25,14,116,0,0,0,116
01/22/2021,GSP,SC,ASO,ES,Combined TRACON& Tower with Radar,55,10,15,38,118,0,1,5,8,14,55,11,20,46,132,0,16,16,148
01/23/2021,GSP,SC,ASO,ES,Combined TRACON& Tower with Radar,42,8,5,22,77,0,2,18,2,22,42,10,23,24,99,20,6,26,125
01/24/2021,GSP,SC,ASO,ES,Combined TRACON& Tower with Radar,53,19,7,5,84,0,0,9,3,12,53,19,16,8,96,0,0,0,96
01/25/2021,GSP,SC,ASO,ES,Combined TRACON& Tower with Radar,59,22,21,0,102,0,0,0,0,0,59,22,21,0,102,0,0,0,102
01/26/2021,GSP,SC,ASO,ES,Combined TRACON& Tower with Radar,51,8,26,0,85,0,0,1,1,2,51,8,27,1,87,0,0,0,87
01/27/2021,GSP,SC,ASO,ES,Combined TRACON& Tower with Radar,50,15,16,1,82,0,0,2,0,2,50,15,18,1,84,0,0,0,84
01/28/2021,GSP,SC,ASO,ES,Combined TRACON& Tower with Radar,53,20,28,12,113,0,4,8,0,12,53,24,36,12,125,0,8,8,133
01/29/2021,GSP,SC,ASO,ES,Combined TRACON& Tower with Radar,57,22,13,12,104,0,1,10,2,13,57,23,23,14,117,0,26,26,143
01/30/2021,GSP,SC,ASO,ES,Combined TRACON& Tower with Radar,40,11,8,0,59,0,4,8,0,12,40,15,16,0,71,0,0,0,71
01/31/2021,GSP,SC,ASO,ES,Combined TRACON& Tower with Radar,49,9,7,0,65,0,0,0,0,0,49,9,7,0,65,0,0,0,65
02/01/2021,GSP,SC,ASO,ES,Combined TRACON& Tower with Radar,59,9,18,0,86,0,0,2,2,4,59,9,20,2,90,0,0,0,90
02/02/2021,GSP,SC,ASO,ES,Combined TRACON& Tower with Radar,49,6,14,5,74,0,4,4,3,11,49,10,18,8,85,0,0,0,85
02/03/2021,GSP,SC,ASO,ES,Combined TRACON& Tower with Radar,50,16,13,0,79,0,0,14,3,17,50,16,27,3,96,24,0,24,120
02/04/2021,GSP,SC,ASO,ES,Combined TRACON& Tower with Radar,60,19,20,16,115,0,1,18,0,19,60,20,38,16,134,0,0,0,134
02/05/2021,GSP,SC,ASO,ES,Combined TRACON& Tower with Radar,60,11,17,4,92,0,1,12,0,13,60,12,29,4,105,6,0,6,111
02/06/2021,GSP,SC,ASO,ES,Combined TRACON& Tower with Radar,40,4,15,0,59,0,0,8,0,8,40,4,23,0,67,0,0,0,67
02/07/2021,GSP,SC,ASO,ES,Combined TRACON& Tower with Radar,48,6,21,0,75,0,3,8,0,11,48,9,29,0,86,0,0,0,86
02/08/2021,GSP,SC,ASO,ES,Combined TRACON& Tower with Radar,56,15,26,0,97,0,1,15,2,18,56,16,41,2,115,12,0,12,127
02/09/2021,GSP,SC,ASO,ES,Combined TRACON& Tower with Radar,48,10,28,20,106,0,0,3,0,3,48,10,31,20,109,0,0,0,109
02/10/2021,GSP,SC,ASO,ES,Combined TRACON& Tower with Radar,50,7,18,22,97,0,3,2,0,5,50,10,20,22,102,0,0,0,102
02/11/2021,GSP,SC,ASO,ES,Combined TRACON& Tower with Radar,68,14,10,0,92,0,0,0,0,0,68,14,10,0,92,0,0,0,92
02/12/2021,GSP,SC,ASO,ES,Combined TRACON& Tower with Radar,65,14,26,2,107,0,0,0,0,0,65,14,26,2,107,0,0,0,107
02/13/2021,GSP,SC,ASO,ES,Combined TRACON& Tower with Radar,43,10,10,0,63,0,0,0,0,0,43,10,10,0,63,0,0,0,63
02/14/2021,GSP,SC,ASO,ES,Combined TRACON& Tower with Radar,49,16,9,0,74,0,0,0,0,0,49,16,9,0,74,0,0,0,74
02/15/2021,GSP,SC,ASO,ES,Combined TRACON& Tower with Radar,50,12,22,0,84,0,0,0,0,0,50,12,22,0,84,0,0,0,84
02/16/2021,GSP,SC,ASO,ES,Combined TRACON& Tower with Radar,37,24,31,16,108,0,1,19,0,20,37,25,50,16,128,0,0,0,128
02/17/2021,GSP,SC,ASO,ES,Combined TRACON& Tower with Radar,51,15,18,15,99,0,1,13,0,14,51,16,31,15,113,0,0,0,113
02/18/2021,GSP,SC,ASO,ES,Combined TRACON& Tower with Radar,57,26,22,0,105,0,0,0,0,0,57,26,22,0,105,0,0,0,105
02/19/2021,GSP,SC,ASO,ES,Combined TRACON& Tower with Radar,72,18,14,10,114,1,0,5,4,10,73,18,19,14,124,0,6,6,130
02/20/2021,GSP,SC,ASO,ES,Combined TRACON& Tower with Radar,45,11,11,2,69,0,2,6,5,13,45,13,17,7,82,0,0,0,82
02/21/2021,GSP,SC,ASO,ES,Combined TRACON& Tower with Radar,69,27,27,2,125,0,1,18,6,25,69,28,45,8,150,10,0,10,160
02/22/2021,GSP,SC,ASO,ES,Combined TRACON& Tower with Radar,68,14,22,14,118,0,0,2,0,2,68,14,24,14,120,0,0,0,120
02/23/2021,GSP,SC,ASO,ES,Combined TRACON& Tower with Radar,62,13,20,0,95,0,7,4,0,11,62,20,24,0,106,0,0,0,106
02/24/2021,GSP,SC,ASO,ES,Combined TRACON& Tower with Radar,53,11,31,17,112,0,8,11,3,22,53,19,42,20,134,10,0,10,144
02/25/2021,GSP,SC,ASO,ES,Combined TRACON& Tower with Radar,74,12,34,26,146,0,2,14,1,17,74,14,48,27,163,0,20,20,183
02/26/2021,GSP,SC,ASO,ES,Combined TRACON& Tower with Radar,72,20,14,0,106,0,0,0,0,0,72,20,14,0,106,0,0,0,106
02/27/2021,GSP,SC,ASO,ES,Combined TRACON& Tower with Radar,49,10,13,2,74,0,0,1,0,1,49,10,14,2,75,0,0,0,75
02/28/2021,GSP,SC,ASO,ES,Combined TRACON& Tower with Radar,65,16,14,0,95,0,7,2,0,9,65,23,16,0,104,6,0,6,110
03/01/2021,GSP,SC,ASO,ES,Combined TRACON& Tower with Radar,69,11,25,7,112,0,0,3,3,6,69,11,28,10,118,0,57,57,175
03/02/2021,GSP,SC,ASO,ES,Combined TRACON& Tower with Radar,62,16,38,2,118,0,2,12,1,15,62,18,50,3,133,0,0,0,133
03/03/2021,GSP,SC,ASO,ES,Combined TRACON& Tower with Radar,62,7,20,11,100,0,0,8,14,22,62,7,28,25,122,0,0,0,122
03/04/2021,GSP,SC,ASO,ES,Combined TRACON& Tower with Radar,74,16,20,6,116,0,0,6,1,7,74,16,26,7,123,0,16,16,139
03/05/2021,GSP,SC,ASO,ES,Combined TRACON& Tower with Radar,81,13,20,11,125,0,1,10,1,12,81,14,30,12,137,0,0,0,137
03/06/2021,GSP,SC,ASO,ES,Combined TRACON& Tower with Radar,61,9,16,0,86,0,0,10,0,10,61,9,26,0,96,8,0,8,104
03/07/2021,GSP,SC,ASO,ES,Combined TRACON& Tower with Radar,71,11,12,0,94,0,0,10,0,10,71,11,22,0,104,0,0,0,104
03/08/2021,GSP,SC,ASO,ES,Combined TRACON& Tower with Radar,66,12,14,5,97,0,4,14,6,24,66,16,28,11,121,0,18,18,139
03/09/2021,GSP,SC,ASO,ES,Combined TRACON& Tower with Radar,56,11,23,29,119,0,0,17,0,17,56,11,40,29,136,0,0,0,136
03/10/2021,GSP,SC,ASO,ES,Combined TRACON& Tower with Radar,60,21,21,10,112,0,1,9,0,10,60,22,30,10,122,0,0,0,122
03/11/2021,GSP,SC,ASO,ES,Combined TRACON& Tower with Radar,75,16,28,11,130,0,0,7,9,16,75,16,35,20,146,0,28,28,174
03/12/2021,GSP,SC,ASO,ES,Combined TRACON& Tower with Radar,75,19,22,30,146,0,0,9,2,11,75,19,31,32,157,14,6,20,177
03/13/2021,GSP,SC,ASO,ES,Combined TRACON& Tower with Radar,55,19,13,2,89,0,4,3,0,7,55,23,16,2,96,0,0,0,96
03/14/2021,GSP,SC,ASO,ES,Combined TRACON& Tower with Radar,62,9,16,18,105,0,0,8,6,14,62,9,24,24,119,0,0,0,119
03/15/2021,GSP,SC,ASO,ES,Combined TRACON& Tower with Radar,72,22,14,15,123,0,1,6,0,7,72,23,20,15,130,0,0,0,130
03/16/2021,GSP,SC,ASO,ES,Combined TRACON& Tower with Radar,60,22,12,0,94,0,0,0,0,0,60,22,12,0,94,0,0,0,94
03/17/2021,GSP,SC,ASO,ES,Combined TRACON& Tower with Radar,64,26,13,0,103,0,0,0,0,0,64,26,13,0,103,0,0,0,103
03/18/2021,GSP,SC,ASO,ES,Combined TRACON& Tower with Radar,78,17,20,0,115,0,1,0,0,1,78,18,20,0,116,0,0,0,116
03/19/2021,GSP,SC,ASO,ES,Combined TRACON& Tower with Radar,79,18,15,8,120,0,3,2,0,5,79,21,17,8,125,0,0,0,125
03/20/2021,GSP,SC,ASO,ES,Combined TRACON& Tower with Radar,58,13,18,1,90,0,0,7,1,8,58,13,25,2,98,0,0,0,98
03/21/2021,GSP,SC,ASO,ES,Combined TRACON& Tower with Radar,60,20,14,0,94,0,2,3,0,5,60,22,17,0,99,0,0,0,99
03/22/2021,GSP,SC,ASO,ES,Combined TRACON& Tower with Radar,67,12,30,0,109,0,3,9,0,12,67,15,39,0,121,0,0,0,121
03/23/2021,GSP,SC,ASO,ES,Combined TRACON& Tower with Radar,59,17,23,17,116,0,1,2,2,5,59,18,25,19,121,0,10,10,131
03/24/2021,GSP,SC,ASO,ES,Combined TRACON& Tower with Radar,65,23,14,2,104,0,0,0,0,0,65,23,14,2,104,0,0,0,104
03/25/2021,GSP,SC,ASO,ES,Combined TRACON& Tower with Radar,68,23,22,12,125,0,0,0,0,0,68,23,22,12,125,0,0,0,125
03/26/2021,GSP,SC,ASO,ES,Combined TRACON& Tower with Radar,77,22,18,1,118,0,1,4,4,9,77,23,22,5,127,0,22,22,149
03/27/2021,GSP,SC,ASO,ES,Combined TRACON& Tower with Radar,55,18,3,0,76,0,0,2,0,2,55,18,5,0,78,0,0,0,78
03/28/2021,GSP,SC,ASO,ES,Combined TRACON& Tower with Radar,74,25,12,1,112,0,0,3,0,3,74,25,15,1,115,0,0,0,115
03/29/2021,GSP,SC,ASO,ES,Combined TRACON& Tower with Radar,74,20,12,0,106,0,3,12,0,15,74,23,24,0,121,0,0,0,121
03/30/2021,GSP,SC,ASO,ES,Combined TRACON& Tower with Radar,67,20,20,23,130,0,7,9,3,19,67,27,29,26,149,4,20,24,173
03/31/2021,GSP,SC,ASO,ES,Combined TRACON& Tower with Radar,68,15,14,0,97,0,0,0,0,0,68,15,14,0,97,0,0,0,97
04/01/2021,GSP,SC,ASO,ES,Combined TRACON& Tower with Radar,75,24,29,6,134,0,0,5,6,11,75,24,34,12,145,0,0,0,145
04/02/2021,GSP,SC,ASO,ES,Combined TRACON& Tower with Radar,84,21,17,0,122,0,0,9,0,9,84,21,26,0,131,6,0,6,137
04/03/2021,GSP,SC,ASO,ES,Combined TRACON& Tower with Radar,65,13,9,0,87,0,1,6,0,7,65,14,15,0,94,0,0,0,94
04/04/2021,GSP,SC,ASO,ES,Combined TRACON& Tower with Radar,75,23,9,0,107,0,0,4,0,4,75,23,13,0,111,0,0,0,111
04/05/2021,GSP,SC,ASO,ES,Combined TRACON& Tower with Radar,74,26,24,1,125,0,5,13,1,19,74,31,37,2,144,0,0,0,144
04/06/2021,GSP,SC,ASO,ES,Combined TRACON& Tower with Radar,66,20,16,10,112,0,0,17,1,18,66,20,33,11,130,0,0,0,130
04/07/2021,GSP,SC,ASO,ES,Combined TRACON& Tower with Radar,84,20,18,42,164,0,6,11,2,19,84,26,29,44,183,40,30,70,253
04/08/2021,GSP,SC,ASO,ES,Combined TRACON& Tower with Radar,84,21,19,20,144,2,2,12,4,20,86,23,31,24,164,0,36,36,200
04/09/2021,GSP,SC,ASO,ES,Combined TRACON& Tower with Radar,86,18,18,0,122,0,3,11,0,14,86,21,29,0,136,0,0,0,136
04/10/2021,GSP,SC,ASO,ES,Combined TRACON& Tower with Radar,67,10,5,0,82,0,0,1,0,1,67,10,6,0,83,0,0,0,83
04/11/2021,GSP,SC,ASO,ES,Combined TRACON& Tower with Radar,70,24,14,0,108,0,3,8,2,13,70,27,22,2,121,4,0,4,125
04/12/2021,GSP,SC,ASO,ES,Combined TRACON& Tower with Radar,79,23,25,0,127,0,2,10,0,12,79,25,35,0,139,0,0,0,139
04/13/2021,GSP,SC,ASO,ES,Combined TRACON& Tower with Radar,64,10,40,15,129,0,2,23,2,27,64,12,63,17,156,0,0,0,156
04/14/2021,GSP,SC,ASO,ES,Combined TRACON& Tower with Radar,72,14,14,0,100,0,1,12,0,13,72,15,26,0,113,0,0,0,113
04/15/2021,GSP,SC,ASO,ES,Combined TRACON& Tower with Radar,87,15,32,0,134,0,0,6,0,6,87,15,38,0,140,0,0,0,140
04/16/2021,GSP,SC,ASO,ES,Combined TRACON& Tower with Radar,87,30,28,9,154,0,3,17,2,22,87,33,45,11,176,18,0,18,194
04/17/2021,GSP,SC,ASO,ES,Combined TRACON& Tower with Radar,63,18,9,9,99,0,0,11,0,11,63,18,20,9,110,0,0,0,110
04/18/2021,GSP,SC,ASO,ES,Combined TRACON& Tower with Radar,74,21,12,18,125,0,1,20,0,21,74,22,32,18,146,0,10,10,156
04/19/2021,GSP,SC,ASO,ES,Combined TRACON& Tower with Radar,75,26,30,0,131,0,0,20,0,20,75,26,50,0,151,24,0,24,175
04/20/2021,GSP,SC,ASO,ES,Combined TRACON& Tower with Radar,65,13,20,10,108,0,3,23,0,26,65,16,43,10,134,0,0,0,134
04/21/2021,GSP,SC,ASO,ES,Combined TRACON& Tower with Radar,75,15,16,12,118,0,0,12,0,12,75,15,28,12,130,0,0,0,130
04/22/2021,GSP,SC,ASO,ES,Combined TRACON& Tower with Radar,80,30,18,14,142,0,8,5,1,14,80,38,23,15,156,6,0,6,162
04/23/2021,GSP,SC,ASO,ES,Combined TRACON& Tower with Radar,60,38,23,6,127,0,1,20,2,23,60,39,43,8,150,12,0,12,162
04/24/2021,GSP,SC,ASO,ES,Combined TRACON& Tower with Radar,60,15,11,0,86,0,0,0,0,0,60,15,11,0,86,0,0,0,86
04/25/2021,GSP,SC,ASO,ES,Combined TRACON& Tower with Radar,67,28,11,3,109,0,0,8,1,9,67,28,19,4,118,0,0,0,118
04/26/2021,GSP,SC,ASO,ES,Combined TRACON& Tower with Radar,78,28,20,11,137,0,1,12,0,13,78,29,32,11,150,14,0,14,164
04/27/2021,GSP,SC,ASO,ES,Combined TRACON& Tower with Radar,65,24,24,12,125,0,0,12,3,15,65,24,36,15,140,0,0,0,140
04/28/2021,GSP,SC,ASO,ES,Combined TRACON& Tower with Radar,75,21,21,22,139,0,9,4,3,16,75,30,25,25,155,0,0,0,155
04/29/2021,GSP,SC,ASO,ES,Combined TRACON& Tower with Radar,78,27,19,4,128,0,4,6,0,10,78,31,25,4,138,6,0,6,144
04/30/2021,GSP,SC,ASO,ES,Combined TRACON& Tower with Radar,82,23,28,1,134,0,2,16,0,18,82,25,44,1,152,0,0,0,152
05/01/2021,GSP,SC,ASO,ES,Combined TRACON& Tower with Radar,63,13,13,1,90,0,1,15,0,16,63,14,28,1,106,14,0,14,120
05/02/2021,GSP,SC,ASO,ES,Combined TRACON& Tower with Radar,69,26,17,0,112,0,0,15,0,15,69,26,32,0,127,0,0,0,127
05/03/2021,GSP,SC,ASO,ES,Combined TRACON& Tower with Radar,73,24,22,0,119,0,0,0,0,0,73,24,22,0,119,0,0,0,119
05/04/2021,GSP,SC,ASO,ES,Combined TRACON& Tower with Radar,73,16,7,0,96,0,0,0,0,0,73,16,7,0,96,0,0,0,96
05/05/2021,GSP,SC,ASO,ES,Combined TRACON& Tower with Radar,75,23,24,9,131,0,10,7,0,17,75,33,31,9,148,0,0,0,148
05/06/2021,GSP,SC,ASO,ES,Combined TRACON& Tower with Radar,81,24,37,0,142,0,3,17,0,20,81,27,54,0,162,18,0,18,180
05/07/2021,GSP,SC,ASO,ES,Combined TRACON& Tower with Radar,82,27,13,6,128,0,1,8,0,9,82,28,21,6,137,0,0,0,137
05/08/2021,GSP,SC,ASO,ES,Combined TRACON& Tower with Radar,69,15,22,0,106,0,0,18,0,18,69,15,40,0,124,0,0,0,124
05/09/2021,GSP,SC,ASO,ES,Combined TRACON& Tower with Radar,83,27,16,2,128,0,8,10,0,18,83,35,26,2,146,0,0,0,146
05/10/2021,GSP,SC,ASO,ES,Combined TRACON& Tower with Radar,77,27,9,0,113,0,0,1,2,3,77,27,10,2,116,0,0,0,116
05/11/2021,GSP,SC,ASO,ES,Combined TRACON& Tower with Radar,63,11,18,0,92,0,0,8,4,12,63,11,26,4,104,0,0,0,104
05/12/2021,GSP,SC,ASO,ES,Combined TRACON& Tower with Radar,71,19,19,3,112,0,0,1,1,2,71,19,20,4,114,0,0,0,114
05/13/2021,GSP,SC,ASO,ES,Combined TRACON& Tower with Radar,78,25,18,0,121,0,4,10,2,16,78,29,28,2,137,0,0,0,137
05/14/2021,GSP,SC,ASO,ES,Combined TRACON& Tower with Radar,77,25,25,6,133,0,2,10,1,13,77,27,35,7,146,0,0,0,146
05/15/2021,GSP,SC,ASO,ES,Combined TRACON& Tower with Radar,63,18,11,1,93,0,1,5,2,8,63,19,16,3,101,0,0,0,101
05/16/2021,GSP,SC,ASO,ES,Combined TRACON& Tower with Radar,74,27,24,0,125,0,0,6,0,6,74,27,30,0,131,4,0,4,135
05/17/2021,GSP,SC,ASO,ES,Combined TRACON& Tower with Radar,76,20,21,2,119,0,2,4,3,9,76,22,25,5,128,0,0,0,128
05/18/2021,GSP,SC,ASO,ES,Combined TRACON& Tower with Radar,69,12,20,0,101,0,0,7,2,9,69,12,27,2,110,0,0,0,110
05/19/2021,GSP,SC,ASO,ES,Combined TRACON& Tower with Radar,72,24,30,0,126,0,1,15,0,16,72,25,45,0,142,0,0,0,142
05/20/2021,GSP,SC,ASO,ES,Combined TRACON& Tower with Radar,81,35,55,1,172,0,6,9,2,17,81,41,64,3,189,0,0,0,189
05/21/2021,GSP,SC,ASO,ES,Combined TRACON& Tower with Radar,82,25,18,4,129,0,2,8,0,10,82,27,26,4,139,0,0,0,139
05/22/2021,GSP,SC,ASO,ES,Combined TRACON& Tower with Radar,66,14,6,0,86,0,0,1,0,1,66,14,7,0,87,0,0,0,87
05/23/2021,GSP,SC,ASO,ES,Combined TRACON& Tower with Radar,71,24,16,1,112,0,5,9,0,14,71,29,25,1,126,0,0,0,126
05/24/2021,GSP,SC,ASO,ES,Combined TRACON& Tower with Radar,76,16,22,4,118,0,1,6,0,7,76,17,28,4,125,0,0,0,125
05/25/2021,GSP,SC,ASO,ES,Combined TRACON& Tower with Radar,79,23,28,2,132,0,5,12,2,19,79,28,40,4,151,0,0,0,151
05/26/2021,GSP,SC,ASO,ES,Combined TRACON& Tower with Radar,77,15,26,0,118,0,1,16,0,17,77,16,42,0,135,0,0,0,135
05/27/2021,GSP,SC,ASO,ES,Combined TRACON& Tower with Radar,83,22,28,2,135,1,1,12,0,14,84,23,40,2,149,0,0,0,149
05/28/2021,GSP,SC,ASO,ES,Combined TRACON& Tower with Radar,82,22,27,6,137,0,2,9,0,11,82,24,36,6,148,0,0,0,148
05/29/2021,GSP,SC,ASO,ES,Combined TRACON& Tower with Radar,65,19,8,4,96,0,0,2,0,2,65,19,10,4,98,0,0,0,98
05/30/2021,GSP,SC,ASO,ES,Combined TRACON& Tower with Radar,62,14,11,4,91,0,0,4,2,6,62,14,15,6,97,0,0,0,97
05/31/2021,GSP,SC,ASO,ES,Combined TRACON& Tower with Radar,72,22,17,0,111,0,8,25,0,33,72,30,42,0,144,0,0,0,144
06/01/2021,GSP,SC,ASO,ES,Combined TRACON& Tower with Radar,69,18,31,6,124,0,3,6,2,11,69,21,37,8,135,0,0,0,135
06/02/2021,GSP,SC,ASO,ES,Combined TRACON& Tower with Radar,75,21,24,16,136,0,0,5,2,7,75,21,29,18,143,0,0,0,143
06/03/2021,GSP,SC,ASO,ES,Combined TRACON& Tower with Radar,77,26,19,7,129,0,0,1,0,1,77,26,20,7,130,0,0,0,130
06/04/2021,GSP,SC,ASO,ES,Combined TRACON& Tower with Radar,80,20,26,12,138,0,1,18,0,19,80,21,44,12,157,0,0,0,157
06/05/2021,GSP,SC,ASO,ES,Combined TRACON& Tower with Radar,56,21,15,0,92,0,2,5,0,7,56,23,20,0,99,0,0,0,99
06/06/2021,GSP,SC,ASO,ES,Combined TRACON& Tower with Radar,71,20,9,0,100,0,0,2,0,2,71,20,11,0,102,0,0,0,102
06/07/2021,GSP,SC,ASO,ES,Combined TRACON& Tower with Radar,68,30,23,0,121,0,1,0,0,1,68,31,23,0,122,0,0,0,122
06/08/2021,GSP,SC,ASO,ES,Combined TRACON& Tower with Radar,70,28,37,4,139,0,0,1,0,1,70,28,38,4,140,0,0,0,140
06/09/2021,GSP,SC,ASO,ES,Combined TRACON& Tower with Radar,68,28,25,16,137,0,0,5,2,7,68,28,30,18,144,0,0,0,144
06/10/2021,GSP,SC,ASO,ES,Combined TRACON& Tower with Radar,71,31,36,4,142,0,0,1,0,1,71,31,37,4,143,0,0,0,143
06/11/2021,GSP,SC,ASO,ES,Combined TRACON& Tower with Radar,78,29,27,0,134,0,0,11,0,11,78,29,38,0,145,0,0,0,145
06/12/2021,GSP,SC,ASO,ES,Combined TRACON& Tower with Radar,56,27,10,0,93,0,3,3,1,7,56,30,13,1,100,0,0,0,100
06/13/2021,GSP,SC,ASO,ES,Combined TRACON& Tower with Radar,68,40,26,8,142,0,0,16,0,16,68,40,42,8,158,0,0,0,158
06/14/2021,GSP,SC,ASO,ES,Combined TRACON& Tower with Radar,69,25,22,4,120,0,2,6,2,10,69,27,28,6,130,0,0,0,130
06/15/2021,GSP,SC,ASO,ES,Combined TRACON& Tower with Radar,68,29,16,0,113,0,4,13,0,17,68,33,29,0,130,12,0,12,142
06/16/2021,GSP,SC,ASO,ES,Combined TRACON& Tower with Radar,71,22,22,1,116,0,3,7,0,10,71,25,29,1,126,0,0,0,126
06/17/2021,GSP,SC,ASO,ES,Combined TRACON& Tower with Radar,74,35,23,0,132,0,6,8,0,14,74,41,31,0,146,10,0,10,156
06/18/2021,GSP,SC,ASO,ES,Combined TRACON& Tower with Radar,79,22,19,2,122,0,2,9,0,11,79,24,28,2,133,0,0,0,133
06/19/2021,GSP,SC,ASO,ES,Combined TRACON& Tower with Radar,56,20,18,0,94,0,1,6,0,7,56,21,24,0,101,0,0,0,101
06/20/2021,GSP,SC,ASO,ES,Combined TRACON& Tower with Radar,68,25,8,0,101,0,0,0,0,0,68,25,8,0,101,0,0,0,101
06/21/2021,GSP,SC,ASO,ES,Combined TRACON& Tower with Radar,67,27,28,18,140,0,5,1,0,6,67,32,29,18,146,0,0,0,146
06/22/2021,GSP,SC,ASO,ES,Combined TRACON& Tower with Radar,67,29,21,0,117,0,3,2,0,5,67,32,23,0,122,0,0,0,122
06/23/2021,GSP,SC,ASO,ES,Combined TRACON& Tower with Radar,73,31,46,6,156,0,3,6,21,30,73,34,52,27,186,0,0,0,186
06/24/2021,GSP,SC,ASO,ES,Combined TRACON& Tower with Radar,81,35,39,0,155,0,2,6,0,8,81,37,45,0,163,0,0,0,163
06/25/2021,GSP,SC,ASO,ES,Combined TRACON& Tower with Radar,78,24,33,0,135,0,1,5,0,6,78,25,38,0,141,0,0,0,141
06/26/2021,GSP,SC,ASO,ES,Combined TRACON& Tower with Radar,59,27,23,6,115,0,0,8,2,10,59,27,31,8,125,0,41,41,166
06/27/2021,GSP,SC,ASO,ES,Combined TRACON& Tower with Radar,66,29,22,0,117,0,0,4,0,4,66,29,26,0,121,0,0,0,121
06/28/2021,GSP,SC,ASO,ES,Combined TRACON& Tower with Radar,69,33,27,2,131,0,1,20,0,21,69,34,47,2,152,0,0,0,152
06/29/2021,GSP,SC,ASO,ES,Combined TRACON& Tower with Radar,69,25,32,11,137,0,0,3,3,6,69,25,35,14,143,0,0,0,143
06/30/2021,GSP,SC,ASO,ES,Combined TRACON& Tower with Radar,69,40,19,15,143,0,10,5,22,37,69,50,24,37,180,0,20,20,200
07/01/2021,GSP,SC,ASO,ES,Combined TRACON& Tower with Radar,72,44,21,13,150,0,1,6,9,16,72,45,27,22,166,0,0,0,166
07/02/2021,GSP,SC,ASO,ES,Combined TRACON& Tower with Radar,78,22,8,1,109,0,3,0,0,3,78,25,8,1,112,0,0,0,112
07/03/2021,GSP,SC,ASO,ES,Combined TRACON& Tower with Radar,55,26,9,2,92,0,5,6,0,11,55,31,15,2,103,0,0,0,103
07/04/2021,GSP,SC,ASO,ES,Combined TRACON& Tower with Radar,58,13,9,1,81,0,1,5,1,7,58,14,14,2,88,0,0,0,88
07/05/2021,GSP,SC,ASO,ES,Combined TRACON& Tower with Radar,72,30,18,1,121,0,0,10,0,10,72,30,28,1,131,0,0,0,131
07/06/2021,GSP,SC,ASO,ES,Combined TRACON& Tower with Radar,77,16,22,0,115,0,2,14,0,16,77,18,36,0,131,0,0,0,131
07/07/2021,GSP,SC,ASO,ES,Combined TRACON& Tower with Radar,83,28,20,1,132,0,0,17,1,18,83,28,37,2,150,0,0,0,150
07/08/2021,GSP,SC,ASO,ES,Combined TRACON& Tower with Radar,79,24,14,1,118,0,0,2,2,4,79,24,16,3,122,0,0,0,122
07/09/2021,GSP,SC,ASO,ES,Combined TRACON& Tower with Radar,93,17,14,0,124,0,0,4,3,7,93,17,18,3,131,0,0,0,131
07/10/2021,GSP,SC,ASO,ES,Combined TRACON& Tower with Radar,61,24,11,4,100,1,0,15,7,23,62,24,26,11,123,0,0,0,123
07/11/2021,GSP,SC,ASO,ES,Combined TRACON& Tower with Radar,74,20,22,2,118,0,0,14,1,15,74,20,36,3,133,20,0,20,153
07/12/2021,GSP,SC,ASO,ES,Combined TRACON& Tower with Radar,77,32,22,6,137,0,3,4,5,12,77,35,26,11,149,0,22,22,171
07/13/2021,GSP,SC,ASO,ES,Combined TRACON& Tower with Radar,83,25,35,13,156,0,3,5,1,9,83,28,40,14,165,0,0,0,165
07/14/2021,GSP,SC,ASO,ES,Combined TRACON& Tower with Radar,78,31,29,0,138,0,3,14,0,17,78,34,43,0,155,0,0,0,155
07/15/2021,GSP,SC,ASO,ES,Combined TRACON& Tower with Radar,83,18,28,8,137,0,0,9,0,9,83,18,37,8,146,10,0,10,156
07/16/2021,GSP,SC,ASO,ES,Combined TRACON& Tower with Radar,82,18,38,2,140,0,0,4,0,4,82,18,42,2,144,0,0,0,144
07/17/2021,GSP,SC,ASO,ES,Combined TRACON& Tower with Radar,65,28,14,1,108,0,0,11,1,12,65,28,25,2,120,8,0,8,128
07/18/2021,GSP,SC,ASO,ES,Combined TRACON& Tower with Radar,78,20,17,0,115,0,3,8,0,11,78,23,25,0,126,0,0,0,126
07/19/2021,GSP,SC,ASO,ES,Combined TRACON& Tower with Radar,81,23,25,0,129,0,0,1,0,1,81,23,26,0,130,0,0,0,130
07/20/2021,GSP,SC,ASO,ES,Combined TRACON& Tower with Radar,81,20,22,0,123,0,0,2,0,2,81,20,24,0,125,0,0,0,125
07/21/2021,GSP,SC,ASO,ES,Combined TRACON& Tower with Radar,81,22,26,0,129,0,1,7,0,8,81,23,33,0,137,0,0,0,137
07/22/2021,GSP,SC,ASO,ES,Combined TRACON& Tower with Radar,80,31,19,32,162,0,0,12,2,14,80,31,31,34,176,0,0,0,176
07/23/2021,GSP,SC,ASO,ES,Combined TRACON& Tower with Radar,91,23,29,19,162,0,3,4,1,8,91,26,33,20,170,0,0,0,170
07/24/2021,GSP,SC,ASO,ES,Combined TRACON& Tower with Radar,61,22,15,0,98,0,0,0,1,1,61,22,15,1,99,0,0,0,99
07/25/2021,GSP,SC,ASO,ES,Combined TRACON& Tower with Radar,82,34,17,1,134,0,2,2,0,4,82,36,19,1,138,0,0,0,138
07/26/2021,GSP,SC,ASO,ES,Combined TRACON& Tower with Radar,74,22,22,0,118,0,1,4,0,5,74,23,26,0,123,0,0,0,123
07/27/2021,GSP,SC,ASO,ES,Combined TRACON& Tower with Radar,89,25,17,0,131,0,1,2,0,3,89,26,19,0,134,0,0,0,134
07/28/2021,GSP,SC,ASO,ES,Combined TRACON& Tower with Radar,87,17,18,7,129,0,1,7,4,12,87,18,25,11,141,0,18,18,159
07/29/2021,GSP,SC,ASO,ES,Combined TRACON& Tower with Radar,80,38,35,0,153,0,4,10,0,14,80,42,45,0,167,16,0,16,183
07/30/2021,GSP,SC,ASO,ES,Combined TRACON& Tower with Radar,87,26,14,6,133,0,1,6,4,11,87,27,20,10,144,0,0,0,144
07/31/2021,GSP,SC,ASO,ES,Combined TRACON& Tower with Radar,61,26,9,15,111,0,2,7,4,13,61,28,16,19,124,0,0,0,124
08/01/2021,GSP,SC,ASO,ES,Combined TRACON& Tower with Radar,74,28,7,2,111,0,0,3,12,15,74,28,10,14,126,0,0,0,126
08/02/2021,GSP,SC,ASO,ES,Combined TRACON& Tower with Radar,79,21,22,10,132,0,2,6,0,8,79,23,28,10,140,0,0,0,140
08/03/2021,GSP,SC,ASO,ES,Combined TRACON& Tower with Radar,84,21,26,0,131,0,2,1,0,3,84,23,27,0,134,0,0,0,134
08/04/2021,GSP,SC,ASO,ES,Combined TRACON& Tower with Radar,86,34,34,0,154,0,2,11,0,13,86,36,45,0,167,0,0,0,167
08/05/2021,GSP,SC,ASO,ES,Combined TRACON& Tower with Radar,86,27,29,2,144,0,4,8,0,12,86,31,37,2,156,20,0,20,176
08/06/2021,GSP,SC,ASO,ES,Combined TRACON& Tower with Radar,81,26,7,6,120,0,0,8,1,9,81,26,15,7,129,6,0,6,135
08/07/2021,GSP,SC,ASO,ES,Combined TRACON& Tower with Radar,67,21,12,5,105,0,0,5,1,6,67,21,17,6,111,0,0,0,111
08/08/2021,GSP,SC,ASO,ES,Combined TRACON& Tower with Radar,72,25,9,0,106,0,0,13,0,13,72,25,22,0,119,0,0,0,119
08/09/2021,GSP,SC,ASO,ES,Combined TRACON& Tower with Radar,75,25,29,22,151,0,0,8,11,19,75,25,37,33,170,0,0,0,170
08/10/2021,GSP,SC,ASO,ES,Combined TRACON& Tower with Radar,79,22,24,14,139,0,2,8,1,11,79,24,32,15,150,0,0,0,150
08/11/2021,GSP,SC,ASO,ES,Combined TRACON& Tower with Radar,84,23,18,8,133,0,1,6,0,7,84,24,24,8,140,0,0,0,140
08/12/2021,GSP,SC,ASO,ES,Combined TRACON& Tower with Radar,75,29,28,12,144,0,2,7,16,25,75,31,35,28,169,0,0,0,169
08/13/2021,GSP,SC,ASO,ES,Combined TRACON& Tower with Radar,85,30,18,5,138,0,3,14,0,17,85,33,32,5,155,16,0,16,171
08/14/2021,GSP,SC,ASO,ES,Combined TRACON& Tower with Radar,59,21,7,0,87,0,1,3,0,4,59,22,10,0,91,0,0,0,91
08/15/2021,GSP,SC,ASO,ES,Combined TRACON& Tower with Radar,69,25,17,0,111,0,0,9,0,9,69,25,26,0,120,0,0,0,120
08/16/2021,GSP,SC,ASO,ES,Combined TRACON& Tower with Radar,92,28,16,0,136,0,0,2,0,2,92,28,18,0,138,0,0,0,138
08/17/2021,GSP,SC,ASO,ES,Combined TRACON& Tower with Radar,82,25,10,0,117,0,3,0,0,3,82,28,10,0,120,0,0,0,120
08/18/2021,GSP,SC,ASO,ES,Combined TRACON& Tower with Radar,83,20,22,4,129,0,4,9,0,13,83,24,31,4,142,0,0,0,142
08/19/2021,GSP,SC,ASO,ES,Combined TRACON& Tower with Radar,90,28,36,13,167,1,4,14,5,24,91,32,50,18,191,8,0,8,199
08/20/2021,GSP,SC,ASO,ES,Combined TRACON& Tower with Radar,89,28,14,3,134,0,0,7,5,12,89,28,21,8,146,0,0,0,146
08/21/2021,GSP,SC,ASO,ES,Combined TRACON& Tower with Radar,68,22,15,0,105,0,1,0,4,5,68,23,15,4,110,0,0,0,110
08/22/2021,GSP,SC,ASO,ES,Combined TRACON& Tower with Radar,87,30,10,0,127,0,2,5,0,7,87,32,15,0,134,0,0,0,134
08/23/2021,GSP,SC,ASO,ES,Combined TRACON& Tower with Radar,79,27,23,14,143,0,0,7,8,15,79,27,30,22,158,0,0,0,158
08/24/2021,GSP,SC,ASO,ES,Combined TRACON& Tower with Radar,77,22,32,8,139,0,2,8,5,15,77,24,40,13,154,0,0,0,154
08/25/2021,GSP,SC,ASO,ES,Combined TRACON& Tower with Radar,86,31,24,10,151,0,1,5,1,7,86,32,29,11,158,0,0,0,158
08/26/2021,GSP,SC,ASO,ES,Combined TRACON& Tower with Radar,88,37,30,12,167,1,1,13,8,23,89,38,43,20,190,0,0,0,190
08/27/2021,GSP,SC,ASO,ES,Combined TRACON& Tower with Radar,85,27,19,5,136,0,4,17,3,24,85,31,36,8,160,0,0,0,160
08/28/2021,GSP,SC,ASO,ES,Combined TRACON& Tower with Radar,68,14,8,0,90,0,0,8,0,8,68,14,16,0,98,0,0,0,98
08/29/2021,GSP,SC,ASO,ES,Combined TRACON& Tower with Radar,76,28,7,2,113,0,0,7,2,9,76,28,14,4,122,0,0,0,122
08/30/2021,GSP,SC,ASO,ES,Combined TRACON& Tower with Radar,82,33,21,0,136,0,4,3,0,7,82,37,24,0,143,0,0,0,143
08/31/2021,GSP,SC,ASO,ES,Combined TRACON& Tower with Radar,81,18,22,0,121,0,2,1,0,3,81,20,23,0,124,0,0,0,124
09/01/2021,GSP,SC,ASO,ES,Combined TRACON& Tower with Radar,93,25,18,0,136,0,3,1,0,4,93,28,19,0,140,0,0,0,140
09/02/2021,GSP,SC,ASO,ES,Combined TRACON& Tower with Radar,88,32,34,0,154,0,5,7,0,12,88,37,41,0,166,0,0,0,166
09/03/2021,GSP,SC,ASO,ES,Combined TRACON& Tower with Radar,81,30,15,0,126,1,1,17,0,19,82,31,32,0,145,0,0,0,145
09/04/2021,GSP,SC,ASO,ES,Combined TRACON& Tower with Radar,62,16,19,0,97,0,1,1,0,2,62,17,20,0,99,0,0,0,99
09/05/2021,GSP,SC,ASO,ES,Combined TRACON& Tower with Radar,60,17,2,0,79,0,0,3,0,3,60,17,5,0,82,0,0,0,82
09/06/2021,GSP,SC,ASO,ES,Combined TRACON& Tower with Radar,75,24,21,0,120,0,0,7,3,10,75,24,28,3,130,0,0,0,130
09/07/2021,GSP,SC,ASO,ES,Combined TRACON& Tower with Radar,70,18,30,0,118,0,5,8,0,13,70,23,38,0,131,0,0,0,131
09/08/2021,GSP,SC,ASO,ES,Combined TRACON& Tower with Radar,80,22,24,0,126,0,4,3,0,7,80,26,27,0,133,0,0,0,133
09/09/2021,GSP,SC,ASO,ES,Combined TRACON& Tower with Radar,85,28,29,3,145,0,3,8,1,12,85,31,37,4,157,0,0,0,157
09/10/2021,GSP,SC,ASO,ES,Combined TRACON& Tower with Radar,81,26,17,2,126,0,4,13,7,24,81,30,30,9,150,10,0,10,160
09/11/2021,GSP,SC,ASO,ES,Combined TRACON& Tower with Radar,64,16,13,3,96,0,0,20,2,22,64,16,33,5,118,28,38,66,184
09/12/2021,GSP,SC,ASO,ES,Combined TRACON& Tower with Radar,80,26,12,18,136,0,1,7,4,12,80,27,19,22,148,0,10,10,158
09/13/2021,GSP,SC,ASO,ES,Combined TRACON& Tower with Radar,78,24,14,4,120,0,1,14,0,15,78,25,28,4,135,0,0,0,135
09/14/2021,GSP,SC,ASO,ES,Combined TRACON& Tower with Radar,74,28,28,31,161,0,0,9,1,10,74,28,37,32,171,0,24,24,195
09/15/2021,GSP,SC,ASO,ES,Combined TRACON& Tower with Radar,77,19,15,7,118,0,0,12,3,15,77,19,27,10,133,6,12,18,151
09/16/2021,GSP,SC,ASO,ES,Combined TRACON& Tower with Radar,85,27,29,2,143,0,2,0,0,2,85,29,29,2,145,0,0,0,145
09/17/2021,GSP,SC,ASO,ES,Combined TRACON& Tower with Radar,82,28,18,21,149,0,5,4,12,21,82,33,22,33,170,0,6,6,176
09/18/2021,GSP,SC,ASO,ES,Combined TRACON& Tower with Radar,68,19,10,0,97,0,3,2,0,5,68,22,12,0,102,0,0,0,102
09/19/2021,GSP,SC,ASO,ES,Combined TRACON& Tower with Radar,81,22,32,2,137,0,2,2,0,4,81,24,34,2,141,0,0,0,141
09/20/2021,GSP,SC,ASO,ES,Combined TRACON& Tower with Radar,84,26,12,6,128,0,0,2,0,2,84,26,14,6,130,0,0,0,130
09/21/2021,GSP,SC,ASO,ES,Combined TRACON& Tower with Radar,76,21,23,0,120,0,0,0,0,0,76,21,23,0,120,0,0,0,120
09/22/2021,GSP,SC,ASO,ES,Combined TRACON& Tower with Radar,80,26,21,0,127,0,0,1,0,1,80,26,22,0,128,0,0,0,128
09/23/2021,GSP,SC,ASO,ES,Combined TRACON& Tower with Radar,87,21,21,2,131,0,4,14,1,19,87,25,35,3,150,0,0,0,150
09/24/2021,GSP,SC,ASO,ES,Combined TRACON& Tower with Radar,87,37,23,12,159,0,1,30,0,31,87,38,53,12,190,30,0,30,220
09/25/2021,GSP,SC,ASO,ES,Combined TRACON& Tower with Radar,69,18,9,0,96,0,3,24,0,27,69,21,33,0,123,2,0,2,125
09/26/2021,GSP,SC,ASO,ES,Combined TRACON& Tower with Radar,76,20,15,0,111,0,2,10,0,12,76,22,25,0,123,24,0,24,147
09/27/2021,GSP,SC,ASO,ES,Combined TRACON& Tower with Radar,80,18,21,2,121,0,4,12,1,17,80,22,33,3,138,10,0,10,148
09/28/2021,GSP,SC,ASO,ES,Combined TRACON& Tower with Radar,74,15,26,0,115,0,1,20,0,21,74,16,46,0,136,0,0,0,136
09/29/2021,GSP,SC,ASO,ES,Combined TRACON& Tower with Radar,79,34,23,0,136,0,2,4,2,8,79,36,27,2,144,6,0,6,150
09/30/2021,GSP,SC,ASO,ES,Combined TRACON& Tower with Radar,91,37,43,5,176,0,4,13,2,19,91,41,56,7,195,0,0,0,195
10/01/2021,GSP,SC,ASO,ES,Combined TRACON& Tower with Radar,81,23,32,18,154,0,0,16,8,24,81,23,48,26,178,0,0,0,178
10/02/2021,GSP,SC,ASO,ES,Combined TRACON& Tower with Radar,67,17,9,13,106,0,0,8,3,11,67,17,17,16,117,0,0,0,117
10/03/2021,GSP,SC,ASO,ES,Combined TRACON& Tower with Radar,74,22,15,3,114,0,0,4,4,8,74,22,19,7,122,0,0,0,122
10/04/2021,GSP,SC,ASO,ES,Combined TRACON& Tower with Radar,79,30,14,0,123,0,3,4,4,11,79,33,18,4,134,0,0,0,134
10/05/2021,GSP,SC,ASO,ES,Combined TRACON& Tower with Radar,77,18,17,0,112,0,0,0,0,0,77,18,17,0,112,0,0,0,112
10/06/2021,GSP,SC,ASO,ES,Combined TRACON& Tower with Radar,86,21,40,0,147,0,0,1,0,1,86,21,41,0,148,0,0,0,148
10/07/2021,GSP,SC,ASO,ES,Combined TRACON& Tower with Radar,92,25,28,0,145,0,0,0,0,0,92,25,28,0,145,0,0,0,145
10/08/2021,GSP,SC,ASO,ES,Combined TRACON& Tower with Radar,84,22,24,0,130,0,0,1,0,1,84,22,25,0,131,0,0,0,131
10/09/2021,GSP,SC,ASO,ES,Combined TRACON& Tower with Radar,77,9,18,0,104,0,2,5,2,9,77,11,23,2,113,0,0,0,113
10/10/2021,GSP,SC,ASO,ES,Combined TRACON& Tower with Radar,84,15,25,1,125,0,0,5,0,5,84,15,30,1,130,0,0,0,130
10/11/2021,GSP,SC,ASO,ES,Combined TRACON& Tower with Radar,85,19,24,1,129,0,2,3,0,5,85,21,27,1,134,0,0,0,134
10/12/2021,GSP,SC,ASO,ES,Combined TRACON& Tower with Radar,83,21,32,5,141,0,0,5,3,8,83,21,37,8,149,0,0,0,149
10/13/2021,GSP,SC,ASO,ES,Combined TRACON& Tower with Radar,94,21,20,6,141,0,0,16,0,16,94,21,36,6,157,0,0,0,157
10/14/2021,GSP,SC,ASO,ES,Combined TRACON& Tower with Radar,98,20,33,6,157,0,0,14,4,18,98,20,47,10,175,0,0,0,175
10/15/2021,GSP,SC,ASO,ES,Combined TRACON& Tower with Radar,96,25,28,32,181,0,2,12,5,19,96,27,40,37,200,0,0,0,200
10/16/2021,GSP,SC,ASO,ES,Combined TRACON& Tower with Radar,78,20,7,0,105,1,1,5,0,7,79,21,12,0,112,0,0,0,112
10/17/2021,GSP,SC,ASO,ES,Combined TRACON& Tower with Radar,89,31,25,8,153,0,2,25,0,27,89,33,50,8,180,4,0,4,184
10/18/2021,GSP,SC,ASO,ES,Combined TRACON& Tower with Radar,89,21,31,0,141,0,0,9,0,9,89,21,40,0,150,0,0,0,150
10/19/2021,GSP,SC,ASO,ES,Combined TRACON& Tower with Radar,87,18,22,0,127,0,4,21,0,25,87,22,43,0,152,0,0,0,152
10/20/2021,GSP,SC,ASO,ES,Combined TRACON& Tower with Radar,88,14,24,12,138,0,9,10,2,21,88,23,34,14,159,0,0,0,159
10/21/2021,GSP,SC,ASO,ES,Combined TRACON& Tower with Radar,92,30,34,0,156,0,3,10,1,14,92,33,44,1,170,0,0,0,170
10/22/2021,GSP,SC,ASO,ES,Combined TRACON& Tower with Radar,92,22,36,0,150,0,5,6,0,11,92,27,42,0,161,0,0,0,161
10/23/2021,GSP,SC,ASO,ES,Combined TRACON& Tower with Radar,77,8,14,1,100,0,0,11,0,11,77,8,25,1,111,0,0,0,111
10/24/2021,GSP,SC,ASO,ES,Combined TRACON& Tower with Radar,84,33,38,2,157,0,3,10,0,13,84,36,48,2,170,0,0,0,170
10/25/2021,GSP,SC,ASO,ES,Combined TRACON& Tower with Radar,89,26,18,13,146,0,0,3,0,3,89,26,21,13,149,0,0,0,149
10/26/2021,GSP,SC,ASO,ES,Combined TRACON& Tower with Radar,84,28,28,1,141,0,2,5,4,11,84,30,33,5,152,0,0,0,152
10/27/2021,GSP,SC,ASO,ES,Combined TRACON& Tower with Radar,87,25,27,7,146,0,3,28,2,33,87,28,55,9,179,0,0,0,179
10/28/2021,GSP,SC,ASO,ES,Combined TRACON& Tower with Radar,97,22,33,0,152,0,0,0,0,0,97,22,33,0,152,0,0,0,152
10/29/2021,GSP,SC,ASO,ES,Combined TRACON& Tower with Radar,96,18,24,0,138,0,5,0,1,6,96,23,24,1,144,0,0,0,144
10/30/2021,GSP,SC,ASO,ES,Combined TRACON& Tower with Radar,76,10,13,2,101,0,0,1,0,1,76,10,14,2,102,0,0,0,102
10/31/2021,GSP,SC,ASO,ES,Combined TRACON& Tower with Radar,69,23,7,1,100,0,1,4,1,6,69,24,11,2,106,0,0,0,106
11/01/2021,GSP,SC,ASO,ES,Combined TRACON& Tower with Radar,85,18,15,9,127,0,0,16,4,20,85,18,31,13,147,0,6,6,153
11/02/2021,GSP,SC,ASO,ES,Combined TRACON& Tower with Radar,78,22,30,16,146,0,3,6,3,12,78,25,36,19,158,0,0,0,158
11/03/2021,GSP,SC,ASO,ES,Combined TRACON& Tower with Radar,80,28,25,18,151,0,3,8,1,12,80,31,33,19,163,0,2,2,165
11/04/2021,GSP,SC,ASO,ES,Combined TRACON& Tower with Radar,93,24,29,0,146,0,0,2,0,2,93,24,31,0,148,0,0,0,148
11/05/2021,GSP,SC,ASO,ES,Combined TRACON& Tower with Radar,101,20,19,27,167,0,5,7,3,15,101,25,26,30,182,0,0,0,182
11/06/2021,GSP,SC,ASO,ES,Combined TRACON& Tower with Radar,69,14,4,5,92,0,0,4,7,11,69,14,8,12,103,0,0,0,103
11/07/2021,GSP,SC,ASO,ES,Combined TRACON& Tower with Radar,78,24,22,10,134,0,0,10,1,11,78,24,32,11,145,12,0,12,157
11/08/2021,GSP,SC,ASO,ES,Combined TRACON& Tower with Radar,95,16,26,17,154,0,1,10,2,13,95,17,36,19,167,0,0,0,167
11/09/2021,GSP,SC,ASO,ES,Combined TRACON& Tower with Radar,77,14,23,7,121,0,2,12,5,19,77,16,35,12,140,24,12,36,176
11/10/2021,GSP,SC,ASO,ES,Combined TRACON& Tower with Radar,82,18,26,5,131,0,1,15,3,19,82,19,41,8,150,42,12,54,204
11/11/2021,GSP,SC,ASO,ES,Combined TRACON& Tower with Radar,91,29,20,0,140,0,2,3,0,5,91,31,23,0,145,0,0,0,145
11/12/2021,GSP,SC,ASO,ES,Combined TRACON& Tower with Radar,90,32,24,1,147,0,3,12,3,18,90,35,36,4,165,22,0,22,187
11/13/2021,GSP,SC,ASO,ES,Combined TRACON& Tower with Radar,61,24,9,0,94,0,0,16,0,16,61,24,25,0,110,10,0,10,120
11/14/2021,GSP,SC,ASO,ES,Combined TRACON& Tower with Radar,77,24,15,0,116,0,1,8,0,9,77,25,23,0,125,0,0,0,125
11/15/2021,GSP,SC,ASO,ES,Combined TRACON& Tower with Radar,90,27,29,11,157,0,1,15,0,16,90,28,44,11,173,0,0,0,173
11/16/2021,GSP,SC,ASO,ES,Combined TRACON& Tower with Radar,79,26,22,0,127,0,4,5,0,9,79,30,27,0,136,6,0,6,142
11/17/2021,GSP,SC,ASO,ES,Combined TRACON& Tower with Radar,89,28,17,10,144,0,3,10,2,15,89,31,27,12,159,0,0,0,159
11/18/2021,GSP,SC,ASO,ES,Combined TRACON& Tower with Radar,86,25,38,19,168,0,3,40,2,45,86,28,78,21,213,10,0,10,223
11/19/2021,GSP,SC,ASO,ES,Combined TRACON& Tower with Radar,89,24,30,3,146,0,0,19,5,24,89,24,49,8,170,10,0,10,180
11/20/2021,GSP,SC,ASO,ES,Combined TRACON& Tower with Radar,68,24,16,10,118,0,1,6,2,9,68,25,22,12,127,0,0,0,127
11/21/2021,GSP,SC,ASO,ES,Combined TRACON& Tower with Radar,76,26,25,0,127,0,0,4,0,4,76,26,29,0,131,0,0,0,131
11/22/2021,GSP,SC,ASO,ES,Combined TRACON& Tower with Radar,82,24,15,3,124,0,2,8,4,14,82,26,23,7,138,0,0,0,138
11/23/2021,GSP,SC,ASO,ES,Combined TRACON& Tower with Radar,86,18,25,11,140,0,2,8,4,14,86,20,33,15,154,0,16,16,170
11/24/2021,GSP,SC,ASO,ES,Combined TRACON& Tower with Radar,96,31,25,2,154,0,0,12,2,14,96,31,37,4,168,0,10,10,178
11/25/2021,GSP,SC,ASO,ES,Combined TRACON& Tower with Radar,44,6,8,0,58,0,0,3,0,3,44,6,11,0,61,0,0,0,61
11/26/2021,GSP,SC,ASO,ES,Combined TRACON& Tower with Radar,68,13,7,0,88,1,0,4,0,5,69,13,11,0,93,0,0,0,93
11/27/2021,GSP,SC,ASO,ES,Combined TRACON& Tower with Radar,74,28,16,0,118,1,1,10,0,12,75,29,26,0,130,0,0,0,130
11/28/2021,GSP,SC,ASO,ES,Combined TRACON& Tower with Radar,86,34,30,0,150,0,1,10,0,11,86,35,40,0,161,0,0,0,161
11/29/2021,GSP,SC,ASO,ES,Combined TRACON& Tower with Radar,88,53,21,4,166,0,4,6,2,12,88,57,27,6,178,0,0,0,178
11/30/2021,GSP,SC,ASO,ES,Combined TRACON& Tower with Radar,93,21,33,3,150,0,3,10,5,18,93,24,43,8,168,0,0,0,168
12/01/2021,GSP,SC,ASO,ES,Combined TRACON& Tower with Radar,93,18,29,17,157,0,0,7,2,9,93,18,36,19,166,0,0,0,166
12/02/2021,GSP,SC,ASO,ES,Combined TRACON& Tower with Radar,92,33,26,14,165,0,0,5,2,7,92,33,31,16,172,0,20,20,192
12/03/2021,GSP,SC,ASO,ES,Combined TRACON& Tower with Radar,94,34,22,26,176,0,0,11,1,12,94,34,33,27,188,10,0,10,198
12/04/2021,GSP,SC,ASO,ES,Combined TRACON& Tower with Radar,61,20,17,22,120,0,0,8,6,14,61,20,25,28,134,12,30,42,176
12/05/2021,GSP,SC,ASO,ES,Combined TRACON& Tower with Radar,79,36,18,1,134,0,0,4,1,5,79,36,22,2,139,4,0,4,143
12/06/2021,GSP,SC,ASO,ES,Combined TRACON& Tower with Radar,88,22,25,0,135,1,0,0,0,1,89,22,25,0,136,0,0,0,136
12/07/2021,GSP,SC,ASO,ES,Combined TRACON& Tower with Radar,82,23,20,14,139,0,0,6,0,6,82,23,26,14,145,0,0,0,145
12/08/2021,GSP,SC,ASO,ES,Combined TRACON& Tower with Radar,84,21,27,4,136,0,0,3,0,3,84,21,30,4,139,0,0,0,139
12/09/2021,GSP,SC,ASO,ES,Combined TRACON& Tower with Radar,93,26,41,0,160,0,1,6,0,7,93,27,47,0,167,0,0,0,167
12/10/2021,GSP,SC,ASO,ES,Combined TRACON& Tower with Radar,88,37,29,0,154,0,0,0,0,0,88,37,29,0,154,0,0,0,154
12/11/2021,GSP,SC,ASO,ES,Combined TRACON& Tower with Radar,61,21,6,0,88,0,0,0,0,0,61,21,6,0,88,0,0,0,88
12/12/2021,GSP,SC,ASO,ES,Combined TRACON& Tower with Radar,75,29,8,4,116,0,0,8,1,9,75,29,16,5,125,0,0,0,125
12/13/2021,GSP,SC,ASO,ES,Combined TRACON& Tower with Radar,84,29,26,33,172,0,1,10,4,15,84,30,36,37,187,0,0,0,187
12/14/2021,GSP,SC,ASO,ES,Combined TRACON& Tower with Radar,82,19,21,15,137,0,5,11,9,25,82,24,32,24,162,0,38,38,200
12/15/2021,GSP,SC,ASO,ES,Combined TRACON& Tower with Radar,82,29,20,10,141,0,0,10,10,20,82,29,30,20,161,18,10,28,189
12/16/2021,GSP,SC,ASO,ES,Combined TRACON& Tower with Radar,90,26,38,18,172,0,0,5,2,7,90,26,43,20,179,0,33,33,212
12/17/2021,GSP,SC,ASO,ES,Combined TRACON& Tower with Radar,86,29,37,0,152,0,0,5,0,5,86,29,42,0,157,0,0,0,157
12/18/2021,GSP,SC,ASO,ES,Combined TRACON& Tower with Radar,54,18,15,0,87,0,0,0,0,0,54,18,15,0,87,0,0,0,87
12/19/2021,GSP,SC,ASO,ES,Combined TRACON& Tower with Radar,68,31,8,1,108,0,5,5,0,10,68,36,13,1,118,0,0,0,118
12/20/2021,GSP,SC,ASO,ES,Combined TRACON& Tower with Radar,77,22,19,2,120,0,0,15,2,17,77,22,34,4,137,0,0,0,137
12/21/2021,GSP,SC,ASO,ES,Combined TRACON& Tower with Radar,75,31,21,0,127,0,2,4,0,6,75,33,25,0,133,0,0,0,133
12/22/2021,GSP,SC,ASO,ES,Combined TRACON& Tower with Radar,81,23,19,8,131,0,0,9,0,9,81,23,28,8,140,22,0,22,162
12/23/2021,GSP,SC,ASO,ES,Combined TRACON& Tower with Radar,79,29,19,0,127,0,0,9,0,9,79,29,28,0,136,0,0,0,136
12/24/2021,GSP,SC,ASO,ES,Combined TRACON& Tower with Radar,62,20,8,0,90,0,3,3,0,6,62,23,11,0,96,0,0,0,96
12/25/2021,GSP,SC,ASO,ES,Combined TRACON& Tower with Radar,49,14,2,0,65,0,0,0,0,0,49,14,2,0,65,0,0,0,65
12/26/2021,GSP,SC,ASO,ES,Combined TRACON& Tower with Radar,58,25,29,0,112,0,0,9,0,9,58,25,38,0,121,0,0,0,121
12/27/2021,GSP,SC,ASO,ES,Combined TRACON& Tower with Radar,66,17,9,0,92,0,0,2,0,2,66,17,11,0,94,0,0,0,94
12/28/2021,GSP,SC,ASO,ES,Combined TRACON& Tower with Radar,64,17,21,0,102,0,3,5,0,8,64,20,26,0,110,0,0,0,110
12/29/2021,GSP,SC,ASO,ES,Combined TRACON& Tower with Radar,80,20,10,0,110,0,0,0,0,0,80,20,10,0,110,0,0,0,110
12/30/2021,GSP,SC,ASO,ES,Combined TRACON& Tower with Radar,69,25,17,0,111,0,0,0,0,0,69,25,17,0,111,0,0,0,111
12/31/2021,GSP,SC,ASO,ES,Combined TRACON& Tower with Radar,62,15,16,0,93,0,0,2,2,4,62,15,18,2,97,0,0,0,97
01/01/2022,GSP,SC,ASO,ES,Combined TRACON& Tower with Radar,51,17,1,0,69,0,0,0,0,0,51,17,1,0,69,0,0,0,69
01/02/2022,GSP,SC,ASO,ES,Combined TRACON& Tower with Radar,57,28,29,0,114,0,0,0,0,0,57,28,29,0,114,0,0,0,114
01/03/2022,GSP,SC,ASO,ES,Combined TRACON& Tower with Radar,61,21,10,0,92,0,0,6,6,12,61,21,16,6,104,6,0,6,110
01/04/2022,GSP,SC,ASO,ES,Combined TRACON& Tower with Radar,64,28,19,9,120,0,1,10,5,16,64,29,29,14,136,0,38,38,174
01/05/2022,GSP,SC,ASO,ES,Combined TRACON& Tower with Radar,61,19,12,0,92,0,1,11,2,14,61,20,23,2,106,0,0,0,106
01/06/2022,GSP,SC,ASO,ES,Combined TRACON& Tower with Radar,71,21,14,2,108,0,1,1,0,2,71,22,15,2,110,0,0,0,110
01/07/2022,GSP,SC,ASO,ES,Combined TRACON& Tower with Radar,69,19,15,10,113,0,2,8,1,11,69,21,23,11,124,0,0,0,124
01/08/2022,GSP,SC,ASO,ES,Combined TRACON& Tower with Radar,50,18,10,4,82,0,0,7,0,7,50,18,17,4,89,0,0,0,89
01/09/2022,GSP,SC,ASO,ES,Combined TRACON& Tower with Radar,67,25,5,0,97,0,0,0,0,0,67,25,5,0,97,0,0,0,97
01/10/2022,GSP,SC,ASO,ES,Combined TRACON& Tower with Radar,66,23,11,10,110,1,1,11,0,13,67,24,22,10,123,0,6,6,129
01/11/2022,GSP,SC,ASO,ES,Combined TRACON& Tower with Radar,75,23,25,0,123,0,1,6,2,9,75,24,31,2,132,0,0,0,132
01/12/2022,GSP,SC,ASO,ES,Combined TRACON& Tower with Radar,83,17,14,2,116,0,0,12,1,13,83,17,26,3,129,0,0,0,129
01/13/2022,GSP,SC,ASO,ES,Combined TRACON& Tower with Radar,87,20,13,2,122,1,0,4,0,5,88,20,17,2,127,0,0,0,127
01/14/2022,GSP,SC,ASO,ES,Combined TRACON& Tower with Radar,85,27,15,7,134,0,2,14,1,17,85,29,29,8,151,0,8,8,159
01/15/2022,GSP,SC,ASO,ES,Combined TRACON& Tower with Radar,58,20,9,0,87,0,0,7,0,7,58,20,16,0,94,0,0,0,94
01/16/2022,GSP,SC,ASO,ES,Combined TRACON& Tower with Radar,0,0,2,0,2,0,0,0,0,0,0,0,2,0,2,0,0,0,2
01/17/2022,GSP,SC,ASO,ES,Combined TRACON& Tower with Radar,63,18,35,0,116,0,0,2,2,4,63,18,37,2,120,0,0,0,120
01/18/2022,GSP,SC,ASO,ES,Combined TRACON& Tower with Radar,92,19,23,16,150,0,2,9,1,12,92,21,32,17,162,0,0,0,162
01/19/2022,GSP,SC,ASO,ES,Combined TRACON& Tower with Radar,82,23,25,0,130,0,0,13,0,13,82,23,38,0,143,0,0,0,143
01/20/2022,GSP,SC,ASO,ES,Combined TRACON& Tower with Radar,79,20,21,0,120,0,0,1,0,1,79,20,22,0,121,0,0,0,121
01/21/2022,GSP,SC,ASO,ES,Combined TRACON& Tower with Radar,87,27,10,0,124,0,0,1,0,1,87,27,11,0,125,0,0,0,125
01/22/2022,GSP,SC,ASO,ES,Combined TRACON& Tower with Radar,61,15,25,0,101,0,0,8,4,12,61,15,33,4,113,0,0,0,113
01/23/2022,GSP,SC,ASO,ES,Combined TRACON& Tower with Radar,71,25,17,0,113,0,1,5,0,6,71,26,22,0,119,0,0,0,119
01/24/2022,GSP,SC,ASO,ES,Combined TRACON& Tower with Radar,83,18,15,0,116,0,8,25,1,34,83,26,40,1,150,0,0,0,150
01/25/2022,GSP,SC,ASO,ES,Combined TRACON& Tower with Radar,77,22,25,13,137,0,0,17,8,25,77,22,42,21,162,32,34,66,228
01/26/2022,GSP,SC,ASO,ES,Combined TRACON& Tower with Radar,77,30,28,21,156,0,2,5,0,7,77,32,33,21,163,0,0,0,163
01/27/2022,GSP,SC,ASO,ES,Combined TRACON& Tower with Radar,88,37,23,2,150,0,1,15,0,16,88,38,38,2,166,0,0,0,166
01/28/2022,GSP,SC,ASO,ES,Combined TRACON& Tower with Radar,91,32,24,0,147,0,0,8,3,11,91,32,32,3,158,0,0,0,158
01/29/2022,GSP,SC,ASO,ES,Combined TRACON& Tower with Radar,53,11,10,0,74,1,0,1,0,2,54,11,11,0,76,0,0,0,76
01/30/2022,GSP,SC,ASO,ES,Combined TRACON& Tower with Radar,71,25,20,0,116,0,0,5,0,5,71,25,25,0,121,0,0,0,121
01/31/2022,GSP,SC,ASO,ES,Combined TRACON& Tower with Radar,82,25,22,2,131,0,6,12,0,18,82,31,34,2,149,0,0,0,149
02/01/2022,GSP,SC,ASO,ES,Combined TRACON& Tower with Radar,76,23,18,10,127,0,2,9,0,11,76,25,27,10,138,0,0,0,138
02/02/2022,GSP,SC,ASO,ES,Combined TRACON& Tower with Radar,79,31,20,29,159,0,0,1,0,1,79,31,21,29,160,0,0,0,160
02/03/2022,GSP,SC,ASO,ES,Combined TRACON& Tower with Radar,74,19,12,8,113,0,0,0,0,0,74,19,12,8,113,0,0,0,113
02/04/2022,GSP,SC,ASO,ES,Combined TRACON& Tower with Radar,65,20,18,0,103,0,0,6,0,6,65,20,24,0,109,0,0,0,109
02/05/2022,GSP,SC,ASO,ES,Combined TRACON& Tower with Radar,66,15,11,0,92,0,1,4,1,6,66,16,15,1,98,0,0,0,98
02/06/2022,GSP,SC,ASO,ES,Combined TRACON& Tower with Radar,78,20,14,3,115,0,2,2,0,4,78,22,16,3,119,0,0,0,119
02/07/2022,GSP,SC,ASO,ES,Combined TRACON& Tower with Radar,87,27,29,9,152,0,0,4,3,7,87,27,33,12,159,0,0,0,159
02/08/2022,GSP,SC,ASO,ES,Combined TRACON& Tower with Radar,80,25,24,30,159,0,1,7,0,8,80,26,31,30,167,0,0,0,167
02/09/2022,GSP,SC,ASO,ES,Combined TRACON& Tower with Radar,85,33,39,7,164,1,4,21,0,26,86,37,60,7,190,0,0,0,190
02/10/2022,GSP,SC,ASO,ES,Combined TRACON& Tower with Radar,85,25,35,1,146,0,0,9,1,10,85,25,44,2,156,0,0,0,156
02/11/2022,GSP,SC,ASO,ES,Combined TRACON& Tower with Radar,84,20,24,39,167,1,1,12,10,24,85,21,36,49,191,0,0,0,191
02/12/2022,GSP,SC,ASO,ES,Combined TRACON& Tower with Radar,58,10,5,0,73,0,0,6,0,6,58,10,11,0,79,0,0,0,79
02/13/2022,GSP,SC,ASO,ES,Combined TRACON& Tower with Radar,71,15,14,0,100,0,0,2,0,2,71,15,16,0,102,0,0,0,102
02/14/2022,GSP,SC,ASO,ES,Combined TRACON& Tower with Radar,82,24,22,0,128,0,1,12,0,13,82,25,34,0,141,0,0,0,141
02/15/2022,GSP,SC,ASO,ES,Combined TRACON& Tower with Radar,81,23,20,4,128,0,2,13,2,17,81,25,33,6,145,0,0,0,145
02/16/2022,GSP,SC,ASO,ES,Combined TRACON& Tower with Radar,83,23,30,12,148,0,1,6,0,7,83,24,36,12,155,0,0,0,155
02/17/2022,GSP,SC,ASO,ES,Combined TRACON& Tower with Radar,89,30,30,2,151,0,1,2,0,3,89,31,32,2,154,0,0,0,154
02/18/2022,GSP,SC,ASO,ES,Combined TRACON& Tower with Radar,88,31,17,3,139,0,6,3,2,11,88,37,20,5,150,0,8,8,158
02/19/2022,GSP,SC,ASO,ES,Combined TRACON& Tower with Radar,62,14,4,1,81,0,2,8,0,10,62,16,12,1,91,0,0,0,91
02/20/2022,GSP,SC,ASO,ES,Combined TRACON& Tower with Radar,69,27,13,9,118,0,1,12,0,13,69,28,25,9,131,0,0,0,131
02/21/2022,GSP,SC,ASO,ES,Combined TRACON& Tower with Radar,81,21,37,0,139,0,3,6,0,9,81,24,43,0,148,0,0,0,148
02/22/2022,GSP,SC,ASO,ES,Combined TRACON& Tower with Radar,76,18,25,0,119,0,0,4,0,4,76,18,29,0,123,0,0,0,123
02/23/2022,GSP,SC,ASO,ES,Combined TRACON& Tower with Radar,74,28,18,2,122,0,0,2,0,2,74,28,20,2,124,0,0,0,124
02/24/2022,GSP,SC,ASO,ES,Combined TRACON& Tower with Radar,79,17,24,2,122,0,0,0,0,0,79,17,24,2,122,0,0,0,122
02/25/2022,GSP,SC,ASO,ES,Combined TRACON& Tower with Radar,80,21,25,4,130,0,0,10,6,16,80,21,35,10,146,0,0,0,146
02/26/2022,GSP,SC,ASO,ES,Combined TRACON& Tower with Radar,63,11,14,5,93,0,0,18,3,21,63,11,32,8,114,54,14,68,182
02/27/2022,GSP,SC,ASO,ES,Combined TRACON& Tower with Radar,75,18,24,0,117,0,0,0,0,0,75,18,24,0,117,0,0,0,117
02/28/2022,GSP,SC,ASO,ES,Combined TRACON& Tower with Radar,82,28,22,0,132,0,3,7,0,10,82,31,29,0,142,0,0,0,142
03/01/2022,GSP,SC,ASO,ES,Combined TRACON& Tower with Radar,78,21,17,8,124,0,2,7,4,13,78,23,24,12,137,0,44,44,181
03/02/2022,GSP,SC,ASO,ES,Combined TRACON& Tower with Radar,81,29,31,0,141,0,1,19,0,20,81,30,50,0,161,21,0,21,182
03/03/2022,GSP,SC,ASO,ES,Combined TRACON& Tower with Radar,85,25,49,36,195,0,9,12,9,30,85,34,61,45,225,0,22,22,247
03/04/2022,GSP,SC,ASO,ES,Combined TRACON& Tower with Radar,85,16,30,8,139,0,0,15,0,15,85,16,45,8,154,0,12,12,166
03/05/2022,GSP,SC,ASO,ES,Combined TRACON& Tower with Radar,64,10,9,0,83,0,3,7,0,10,64,13,16,0,93,0,20,20,113
03/06/2022,GSP,SC,ASO,ES,Combined TRACON& Tower with Radar,71,27,22,0,120,0,6,9,0,15,71,33,31,0,135,0,0,0,135
03/07/2022,GSP,SC,ASO,ES,Combined TRACON& Tower with Radar,77,18,18,7,120,0,0,8,0,8,77,18,26,7,128,30,0,30,158
03/08/2022,GSP,SC,ASO,ES,Combined TRACON& Tower with Radar,73,17,29,2,121,0,1,10,0,11,73,18,39,2,132,0,0,0,132
03/09/2022,GSP,SC,ASO,ES,Combined TRACON& Tower with Radar,71,9,23,2,105,0,1,0,0,1,71,10,23,2,106,0,0,0,106
03/10/2022,GSP,SC,ASO,ES,Combined TRACON& Tower with Radar,86,34,40,0,160,0,0,0,0,0,86,34,40,0,160,0,0,0,160
03/11/2022,GSP,SC,ASO,ES,Combined TRACON& Tower with Radar,89,24,17,2,132,0,0,0,0,0,89,24,17,2,132,0,0,0,132
03/12/2022,GSP,SC,ASO,ES,Combined TRACON& Tower with Radar,59,14,17,0,90,0,0,3,0,3,59,14,20,0,93,0,0,0,93
03/13/2022,GSP,SC,ASO,ES,Combined TRACON& Tower with Radar,70,26,23,4,123,0,0,14,0,14,70,26,37,4,137,18,0,18,155
03/14/2022,GSP,SC,ASO,ES,Combined TRACON& Tower with Radar,80,13,24,1,118,0,1,31,1,33,80,14,55,2,151,0,0,0,151
03/15/2022,GSP,SC,ASO,ES,Combined TRACON& Tower with Radar,76,17,22,6,121,1,2,13,0,16,77,19,35,6,137,0,0,0,137
03/16/2022,GSP,SC,ASO,ES,Combined TRACON& Tower with Radar,86,15,26,0,127,0,0,0,0,0,86,15,26,0,127,0,0,0,127
03/17/2022,GSP,SC,ASO,ES,Combined TRACON& Tower with Radar,82,39,37,33,191,1,1,9,6,17,83,40,46,39,208,16,20,36,244
03/18/2022,GSP,SC,ASO,ES,Combined TRACON& Tower with Radar,95,21,25,8,149,0,0,7,0,7,95,21,32,8,156,0,0,0,156
03/19/2022,GSP,SC,ASO,ES,Combined TRACON& Tower with Radar,70,20,14,0,104,0,0,0,0,0,70,20,14,0,104,0,0,0,104
03/20/2022,GSP,SC,ASO,ES,Combined TRACON& Tower with Radar,83,23,22,0,128,0,5,16,0,21,83,28,38,0,149,16,0,16,165
03/21/2022,GSP,SC,ASO,ES,Combined TRACON& Tower with Radar,80,17,27,13,137,0,0,29,7,36,80,17,56,20,173,10,10,20,193
03/22/2022,GSP,SC,ASO,ES,Combined TRACON& Tower with Radar,69,14,19,10,112,0,0,10,4,14,69,14,29,14,126,0,20,20,146
03/23/2022,GSP,SC,ASO,ES,Combined TRACON& Tower with Radar,76,16,15,0,107,0,1,0,0,1,76,17,15,0,108,0,0,0,108
03/24/2022,GSP,SC,ASO,ES,Combined TRACON& Tower with Radar,85,25,36,2,148,0,2,12,0,14,85,27,48,2,162,0,0,0,162
03/25/2022,GSP,SC,ASO,ES,Combined TRACON& Tower with Radar,87,13,19,8,127,0,0,2,0,2,87,13,21,8,129,14,0,14,143
03/26/2022,GSP,SC,ASO,ES,Combined TRACON& Tower with Radar,71,16,11,0,98,0,0,4,4,8,71,16,15,4,106,0,0,0,106
03/27/2022,GSP,SC,ASO,ES,Combined TRACON& Tower with Radar,73,27,22,0,122,0,0,3,6,9,73,27,25,6,131,0,0,0,131
03/28/2022,GSP,SC,ASO,ES,Combined TRACON& Tower with Radar,85,12,28,0,125,0,3,20,0,23,85,15,48,0,148,12,0,12,160
03/29/2022,GSP,SC,ASO,ES,Combined TRACON& Tower with Radar,79,15,25,32,151,0,2,18,14,34,79,17,43,46,185,0,40,40,225
03/30/2022,GSP,SC,ASO,ES,Combined TRACON& Tower with Radar,83,21,20,0,124,0,0,2,0,2,83,21,22,0,126,0,0,0,126
03/31/2022,GSP,SC,ASO,ES,Combined TRACON& Tower with Radar,82,27,23,19,151,0,5,1,0,6,82,32,24,19,157,0,0,0,157
04/01/2022,GSP,SC,ASO,ES,Combined TRACON& Tower with Radar,91,25,27,18,161,0,3,16,0,19,91,28,43,18,180,0,0,0,180
04/02/2022,GSP,SC,ASO,ES,Combined TRACON& Tower with Radar,60,15,4,0,79,6,0,13,0,19,66,15,17,0,98,20,0,20,118
04/03/2022,GSP,SC,ASO,ES,Combined TRACON& Tower with Radar,69,24,18,3,114,0,1,9,1,11,69,25,27,4,125,0,0,0,125
04/04/2022,GSP,SC,ASO,ES,Combined TRACON& Tower with Radar,73,21,25,1,120,0,1,12,1,14,73,22,37,2,134,0,0,0,134
04/05/2022,GSP,SC,ASO,ES,Combined TRACON& Tower with Radar,78,18,22,0,118,0,0,0,0,0,78,18,22,0,118,0,0,0,118
04/06/2022,GSP,SC,ASO,ES,Combined TRACON& Tower with Radar,74,21,44,8,147,0,0,9,8,17,74,21,53,16,164,16,22,38,202
04/07/2022,GSP,SC,ASO,ES,Combined TRACON& Tower with Radar,83,28,41,2,154,0,2,30,0,32,83,30,71,2,186,10,0,10,196
04/08/2022,GSP,SC,ASO,ES,Combined TRACON& Tower with Radar,87,24,30,0,141,0,1,8,1,10,87,25,38,1,151,0,0,0,151
04/09/2022,GSP,SC,ASO,ES,Combined TRACON& Tower with Radar,58,22,11,0,91,0,0,5,0,5,58,22,16,0,96,0,0,0,96
04/10/2022,GSP,SC,ASO,ES,Combined TRACON& Tower with Radar,67,28,11,0,106,0,1,9,0,10,67,29,20,0,116,0,0,0,116
04/11/2022,GSP,SC,ASO,ES,Combined TRACON& Tower with Radar,79,18,29,6,132,0,0,28,3,31,79,18,57,9,163,0,0,0,163
04/12/2022,GSP,SC,ASO,ES,Combined TRACON& Tower with Radar,82,25,18,1,126,0,0,8,0,8,82,25,26,1,134,0,0,0,134
04/13/2022,GSP,SC,ASO,ES,Combined TRACON& Tower with Radar,74,24,23,8,129,1,1,5,0,7,75,25,28,8,136,0,0,0,136
04/14/2022,GSP,SC,ASO,ES,Combined TRACON& Tower with Radar,80,29,39,3,151,0,0,5,1,6,80,29,44,4,157,0,0,0,157
04/15/2022,GSP,SC,ASO,ES,Combined TRACON& Tower with Radar,78,18,14,0,110,0,3,8,0,11,78,21,22,0,121,10,0,10,131
04/16/2022,GSP,SC,ASO,ES,Combined TRACON& Tower with Radar,57,13,6,0,76,0,0,0,0,0,57,13,6,0,76,0,0,0,76
04/17/2022,GSP,SC,ASO,ES,Combined TRACON& Tower with Radar,70,13,9,0,92,0,0,3,0,3,70,13,12,0,95,0,0,0,95
04/18/2022,GSP,SC,ASO,ES,Combined TRACON& Tower with Radar,82,25,29,0,136,0,4,6,0,10,82,29,35,0,146,0,0,0,146
04/19/2022,GSP,SC,ASO,ES,Combined TRACON& Tower with Radar,81,16,17,5,119,0,0,12,5,17,81,16,29,10,136,0,0,0,136
04/20/2022,GSP,SC,ASO,ES,Combined TRACON& Tower with Radar,85,24,34,8,151,0,0,19,2,21,85,24,53,10,172,54,0,54,226
04/21/2022,GSP,SC,ASO,ES,Combined TRACON& Tower with Radar,87,27,33,16,163,0,4,19,2,25,87,31,52,18,188,30,0,30,218
04/22/2022,GSP,SC,ASO,ES,Combined TRACON& Tower with Radar,84,26,42,10,162,0,2,22,14,38,84,28,64,24,200,0,0,0,200
04/23/2022,GSP,SC,ASO,ES,Combined TRACON& Tower with Radar,62,25,11,1,99,0,1,10,6,17,62,26,21,7,116,0,4,4,120
04/24/2022,GSP,SC,ASO,ES,Combined TRACON& Tower with Radar,77,19,25,1,122,0,1,4,1,6,77,20,29,2,128,0,0,0,128
04/25/2022,GSP,SC,ASO,ES,Combined TRACON& Tower with Radar,85,25,32,7,149,0,4,23,3,30,85,29,55,10,179,0,12,12,191
04/26/2022,GSP,SC,ASO,ES,Combined TRACON& Tower with Radar,83,14,28,21,146,0,3,6,0,9,83,17,34,21,155,0,0,0,155
04/27/2022,GSP,SC,ASO,ES,Combined TRACON& Tower with Radar,82,18,26,5,131,0,1,14,6,21,82,19,40,11,152,0,0,0,152
04/28/2022,GSP,SC,ASO,ES,Combined TRACON& Tower with Radar,85,27,32,3,147,32,0,24,3,59,117,27,56,6,206,22,74,96,302
04/29/2022,GSP,SC,ASO,ES,Combined TRACON& Tower with Radar,85,21,15,23,144,0,2,10,0,12,85,23,25,23,156,4,8,12,168
04/30/2022,GSP,SC,ASO,ES,Combined TRACON& Tower with Radar,61,17,13,0,91,0,5,7,0,12,61,22,20,0,103,0,0,0,103
05/01/2022,GSP,SC,ASO,ES,Combined TRACON& Tower with Radar,71,19,22,0,112,0,0,4,0,4,71,19,26,0,116,0,0,0,116
05/02/2022,GSP,SC,ASO,ES,Combined TRACON& Tower with Radar,85,19,36,8,148,0,0,19,0,19,85,19,55,8,167,0,0,0,167
05/03/2022,GSP,SC,ASO,ES,Combined TRACON& Tower with Radar,78,18,27,4,127,0,0,9,0,9,78,18,36,4,136,4,0,4,140
05/04/2022,GSP,SC,ASO,ES,Combined TRACON& Tower with Radar,79,31,37,1,148,0,4,15,1,20,79,35,52,2,168,14,0,14,182
05/05/2022,GSP,SC,ASO,ES,Combined TRACON& Tower with Radar,85,24,37,10,156,0,4,12,6,22,85,28,49,16,178,12,30,42,220
05/06/2022,GSP,SC,ASO,ES,Combined TRACON& Tower with Radar,99,13,21,0,133,0,1,1,0,2,99,14,22,0,135,10,0,10,145
05/07/2022,GSP,SC,ASO,ES,Combined TRACON& Tower with Radar,71,6,21,0,98,0,0,5,0,5,71,6,26,0,103,0,0,0,103
05/08/2022,GSP,SC,ASO,ES,Combined TRACON& Tower with Radar,73,17,26,0,116,0,1,6,0,7,73,18,32,0,123,0,0,0,123
05/09/2022,GSP,SC,ASO,ES,Combined TRACON& Tower with Radar,91,9,25,17,142,0,0,17,2,19,91,9,42,19,161,8,6,14,175
05/10/2022,GSP,SC,ASO,ES,Combined TRACON& Tower with Radar,85,6,30,14,135,0,2,10,0,12,85,8,40,14,147,0,0,0,147
05/11/2022,GSP,SC,ASO,ES,Combined TRACON& Tower with Radar,87,20,35,2,144,1,3,12,1,17,88,23,47,3,161,0,0,0,161
05/12/2022,GSP,SC,ASO,ES,Combined TRACON& Tower with Radar,88,15,38,0,141,1,14,11,3,29,89,29,49,3,170,0,0,0,170
05/13/2022,GSP,SC,ASO,ES,Combined TRACON& Tower with Radar,95,26,39,0,160,0,2,5,2,9,95,28,44,2,169,0,0,0,169
05/14/2022,GSP,SC,ASO,ES,Combined TRACON& Tower with Radar,74,5,9,2,90,0,0,5,0,5,74,5,14,2,95,0,0,0,95
05/15/2022,GSP,SC,ASO,ES,Combined TRACON& Tower with Radar,75,20,34,1,130,0,0,15,1,16,75,20,49,2,146,0,0,0,146
05/16/2022,GSP,SC,ASO,ES,Combined TRACON& Tower with Radar,79,13,20,10,122,1,3,16,0,20,80,16,36,10,142,3,0,3,145
05/17/2022,GSP,SC,ASO,ES,Combined TRACON& Tower with Radar,88,14,11,4,117,0,0,14,0,14,88,14,25,4,131,0,0,0,131
05/18/2022,GSP,SC,ASO,ES,Combined TRACON& Tower with Radar,88,13,24,4,129,0,2,20,3,25,88,15,44,7,154,33,16,49,203
05/19/2022,GSP,SC,ASO,ES,Combined TRACON& Tower with Radar,90,20,20,0,130,0,2,8,0,10,90,22,28,0,140,0,0,0,140
05/20/2022,GSP,SC,ASO,ES,Combined TRACON& Tower with Radar,88,16,27,39,170,0,1,8,4,13,88,17,35,43,183,18,12,30,213
05/21/2022,GSP,SC,ASO,ES,Combined TRACON& Tower with Radar,68,10,13,16,107,0,0,1,1,2,68,10,14,17,109,0,6,6,115
05/22/2022,GSP,SC,ASO,ES,Combined TRACON& Tower with Radar,71,17,14,6,108,0,0,1,0,1,71,17,15,6,109,0,0,0,109
05/23/2022,GSP,SC,ASO,ES,Combined TRACON& Tower with Radar,91,20,19,1,131,0,1,0,0,1,91,21,19,1,132,0,0,0,132
05/24/2022,GSP,SC,ASO,ES,Combined TRACON& Tower with Radar,91,15,43,2,151,0,0,7,1,8,91,15,50,3,159,12,0,12,171
05/25/2022,GSP,SC,ASO,ES,Combined TRACON& Tower with Radar,86,8,22,4,120,0,0,0,0,0,86,8,22,4,120,14,0,14,134
05/26/2022,GSP,SC,ASO,ES,Combined TRACON& Tower with Radar,90,23,35,0,148,0,0,0,0,0,90,23,35,0,148,0,0,0,148
05/27/2022,GSP,SC,ASO,ES,Combined TRACON& Tower with Radar,89,28,36,0,153,0,0,5,2,7,89,28,41,2,160,0,0,0,160
05/28/2022,GSP,SC,ASO,ES,Combined TRACON& Tower with Radar,64,8,6,0,78,0,0,9,0,9,64,8,15,0,87,0,0,0,87
05/29/2022,GSP,SC,ASO,ES,Combined TRACON& Tower with Radar,69,9,7,0,85,0,2,14,3,19,69,11,21,3,104,0,0,0,104
05/30/2022,GSP,SC,ASO,ES,Combined TRACON& Tower with Radar,89,20,20,1,130,0,0,17,0,17,89,20,37,1,147,0,0,0,147
05/31/2022,GSP,SC,ASO,ES,Combined TRACON& Tower with Radar,81,4,29,12,126,0,2,12,0,14,81,6,41,12,140,0,0,0,140
06/01/2022,GSP,SC,ASO,ES,Combined TRACON& Tower with Radar,84,16,17,17,134,0,1,6,0,7,84,17,23,17,141,12,0,12,153
06/02/2022,GSP,SC,ASO,ES,Combined TRACON& Tower with Radar,89,19,18,0,126,0,0,15,0,15,89,19,33,0,141,8,0,8,149
06/03/2022,GSP,SC,ASO,ES,Combined TRACON& Tower with Radar,75,19,28,10,132,0,0,1,2,3,75,19,29,12,135,0,12,12,147
06/04/2022,GSP,SC,ASO,ES,Combined TRACON& Tower with Radar,66,10,9,1,86,0,2,2,0,4,66,12,11,1,90,0,0,0,90
06/05/2022,GSP,SC,ASO,ES,Combined TRACON& Tower with Radar,72,21,19,6,118,0,1,7,2,10,72,22,26,8,128,0,0,0,128
06/06/2022,GSP,SC,ASO,ES,Combined TRACON& Tower with Radar,92,17,20,20,149,0,5,12,1,18,92,22,32,21,167,3,18,21,188
06/07/2022,GSP,SC,ASO,ES,Combined TRACON& Tower with Radar,73,11,31,0,115,0,3,2,0,5,73,14,33,0,120,0,0,0,120
06/08/2022,GSP,SC,ASO,ES,Combined TRACON& Tower with Radar,79,20,38,4,141,0,1,7,0,8,79,21,45,4,149,0,0,0,149
06/09/2022,GSP,SC,ASO,ES,Combined TRACON& Tower with Radar,87,22,34,8,151,0,1,12,7,20,87,23,46,15,171,12,32,44,215
06/10/2022,GSP,SC,ASO,ES,Combined TRACON& Tower with Radar,80,23,27,13,143,0,2,11,6,19,80,25,38,19,162,12,0,12,174
06/11/2022,GSP,SC,ASO,ES,Combined TRACON& Tower with Radar,60,16,14,2,92,0,0,8,0,8,60,16,22,2,100,0,0,0,100
06/12/2022,GSP,SC,ASO,ES,Combined TRACON& Tower with Radar,69,23,29,13,134,0,6,14,0,20,69,29,43,13,154,38,0,38,192
06/13/2022,GSP,SC,ASO,ES,Combined TRACON& Tower with Radar,86,23,15,0,124,0,0,13,0,13,86,23,28,0,137,14,0,14,151
06/14/2022,GSP,SC,ASO,ES,Combined TRACON& Tower with Radar,75,20,35,0,130,1,0,6,0,7,76,20,41,0,137,0,0,0,137
06/15/2022,GSP,SC,ASO,ES,Combined TRACON& Tower with Radar,82,15,23,15,135,0,2,10,3,15,82,17,33,18,150,0,0,0,150
06/16/2022,GSP,SC,ASO,ES,Combined TRACON& Tower with Radar,75,22,21,5,123,0,0,10,2,12,75,22,31,7,135,18,0,18,153
06/17/2022,GSP,SC,ASO,ES,Combined TRACON& Tower with Radar,68,28,22,0,118,0,3,8,0,11,68,31,30,0,129,4,0,4,133
06/18/2022,GSP,SC,ASO,ES,Combined TRACON& Tower with Radar,58,12,4,0,74,0,3,7,0,10,58,15,11,0,84,0,0,0,84
06/19/2022,GSP,SC,ASO,ES,Combined TRACON& Tower with Radar,71,16,14,0,101,0,0,13,0,13,71,16,27,0,114,0,0,0,114
06/20/2022,GSP,SC,ASO,ES,Combined TRACON& Tower with Radar,86,11,23,4,124,0,2,5,0,7,86,13,28,4,131,0,0,0,131
06/21/2022,GSP,SC,ASO,ES,Combined TRACON& Tower with Radar,78,11,38,16,143,0,1,18,2,21,78,12,56,18,164,0,0,0,164
06/22/2022,GSP,SC,ASO,ES,Combined TRACON& Tower with Radar,67,24,21,0,112,0,3,11,1,15,67,27,32,1,127,0,0,0,127
06/23/2022,GSP,SC,ASO,ES,Combined TRACON& Tower with Radar,80,20,26,18,144,1,2,8,1,12,81,22,34,19,156,0,31,31,187
06/24/2022,GSP,SC,ASO,ES,Combined TRACON& Tower with Radar,81,21,33,16,151,0,2,1,0,3,81,23,34,16,154,0,0,0,154
06/25/2022,GSP,SC,ASO,ES,Combined TRACON& Tower with Radar,63,15,14,0,92,0,1,7,0,8,63,16,21,0,100,36,0,36,136
06/26/2022,GSP,SC,ASO,ES,Combined TRACON& Tower with Radar,70,34,20,2,126,0,1,2,2,5,70,35,22,4,131,0,0,0,131
06/27/2022,GSP,SC,ASO,ES,Combined TRACON& Tower with Radar,78,17,18,2,115,0,0,3,1,4,78,17,21,3,119,0,0,0,119
06/28/2022,GSP,SC,ASO,ES,Combined TRACON& Tower with Radar,77,13,19,2,111,0,0,13,0,13,77,13,32,2,124,0,0,0,124
06/29/2022,GSP,SC,ASO,ES,Combined TRACON& Tower with Radar,80,18,22,5,125,0,2,4,1,7,80,20,26,6,132,0,0,0,132
06/30/2022,GSP,SC,ASO,ES,Combined TRACON& Tower with Radar,87,30,24,0,141,0,0,9,0,9,87,30,33,0,150,8,0,8,158
07/01/2022,GSP,SC,ASO,ES,Combined TRACON& Tower with Radar,80,24,28,2,134,0,3,7,0,10,80,27,35,2,144,0,0,0,144
07/02/2022,GSP,SC,ASO,ES,Combined TRACON& Tower with Radar,52,13,16,0,81,0,0,7,0,7,52,13,23,0,88,0,0,0,88
07/03/2022,GSP,SC,ASO,ES,Combined TRACON& Tower with Radar,60,18,13,0,91,0,0,6,1,7,60,18,19,1,98,0,0,0,98
07/04/2022,GSP,SC,ASO,ES,Combined TRACON& Tower with Radar,71,12,6,1,90,0,0,4,0,4,71,12,10,1,94,0,0,0,94
07/05/2022,GSP,SC,ASO,ES,Combined TRACON& Tower with Radar,74,15,14,0,103,0,2,1,0,3,74,17,15,0,106,0,0,0,106
07/06/2022,GSP,SC,ASO,ES,Combined TRACON& Tower with Radar,65,17,13,10,105,0,0,4,2,6,65,17,17,12,111,0,0,0,111
07/07/2022,GSP,SC,ASO,ES,Combined TRACON& Tower with Radar,73,21,17,11,122,1,0,9,3,13,74,21,26,14,135,0,0,0,135
07/08/2022,GSP,SC,ASO,ES,Combined TRACON& Tower with Radar,73,14,18,10,115,0,2,11,0,13,73,16,29,10,128,0,0,0,128
07/09/2022,GSP,SC,ASO,ES,Combined TRACON& Tower with Radar,68,20,5,0,93,0,0,7,0,7,68,20,12,0,100,0,0,0,100
07/10/2022,GSP,SC,ASO,ES,Combined TRACON& Tower with Radar,70,20,8,0,98,0,0,2,0,2,70,20,10,0,100,0,0,0,100
07/11/2022,GSP,SC,ASO,ES,Combined TRACON& Tower with Radar,82,21,27,8,138,0,0,6,0,6,82,21,33,8,144,0,0,0,144
07/12/2022,GSP,SC,ASO,ES,Combined TRACON& Tower with Radar,68,30,16,18,132,1,1,12,0,14,69,31,28,18,146,0,0,0,146
07/13/2022,GSP,SC,ASO,ES,Combined TRACON& Tower with Radar,81,19,31,2,133,0,0,2,0,2,81,19,33,2,135,0,0,0,135
07/14/2022,GSP,SC,ASO,ES,Combined TRACON& Tower with Radar,83,23,36,20,162,0,0,12,0,12,83,23,48,20,174,23,0,23,197
07/15/2022,GSP,SC,ASO,ES,Combined TRACON& Tower with Radar,79,22,11,33,145,1,3,23,4,31,80,25,34,37,176,26,6,32,208
07/16/2022,GSP,SC,ASO,ES,Combined TRACON& Tower with Radar,69,7,18,0,94,0,1,7,0,8,69,8,25,0,102,0,0,0,102
07/17/2022,GSP,SC,ASO,ES,Combined TRACON& Tower with Radar,70,24,14,0,108,0,3,5,0,8,70,27,19,0,116,0,0,0,116
07/18/2022,GSP,SC,ASO,ES,Combined TRACON& Tower with Radar,70,16,25,29,140,0,1,10,11,22,70,17,35,40,162,0,70,70,232
07/19/2022,GSP,SC,ASO,ES,Combined TRACON& Tower with Radar,72,19,35,0,126,0,1,16,2,19,72,20,51,2,145,0,0,0,145
07/20/2022,GSP,SC,ASO,ES,Combined TRACON& Tower with Radar,72,23,25,1,121,0,0,7,1,8,72,23,32,2,129,10,0,10,139
07/21/2022,GSP,SC,ASO,ES,Combined TRACON& Tower with Radar,81,20,27,4,132,0,1,3,0,4,81,21,30,4,136,0,0,0,136
07/22/2022,GSP,SC,ASO,ES,Combined TRACON& Tower with Radar,79,21,22,4,126,0,3,10,2,15,79,24,32,6,141,0,12,12,153
07/23/2022,GSP,SC,ASO,ES,Combined TRACON& Tower with Radar,66,8,16,0,90,0,3,13,0,16,66,11,29,0,106,12,0,12,118
07/24/2022,GSP,SC,ASO,ES,Combined TRACON& Tower with Radar,61,24,19,0,104,0,4,4,0,8,61,28,23,0,112,0,0,0,112
07/25/2022,GSP,SC,ASO,ES,Combined TRACON& Tower with Radar,82,18,26,0,126,0,0,11,0,11,82,18,37,0,137,0,0,0,137
07/26/2022,GSP,SC,ASO,ES,Combined TRACON& Tower with Radar,77,26,21,0,124,0,1,10,0,11,77,27,31,0,135,0,0,0,135
07/27/2022,GSP,SC,ASO,ES,Combined TRACON& Tower with Radar,72,19,37,0,128,0,2,11,1,14,72,21,48,1,142,0,0,0,142
07/28/2022,GSP,SC,ASO,ES,Combined TRACON& Tower with Radar,82,21,32,8,143,0,2,9,2,13,82,23,41,10,156,0,0,0,156
07/29/2022,GSP,SC,ASO,ES,Combined TRACON& Tower with Radar,82,22,21,16,141,0,0,9,0,9,82,22,30,16,150,12,0,12,162
07/30/2022,GSP,SC,ASO,ES,Combined TRACON& Tower with Radar,63,11,7,0,81,0,1,10,0,11,63,12,17,0,92,28,0,28,120
07/31/2022,GSP,SC,ASO,ES,Combined TRACON& Tower with Radar,71,28,16,0,115,0,2,6,0,8,71,30,22,0,123,20,0,20,143
08/01/2022,GSP,SC,ASO,ES,Combined TRACON& Tower with Radar,81,14,20,10,125,0,0,4,2,6,81,14,24,12,131,0,0,0,131
08/02/2022,GSP,SC,ASO,ES,Combined TRACON& Tower with Radar,74,15,20,12,121,0,0,13,7,20,74,15,33,19,141,18,36,54,195
08/03/2022,GSP,SC,ASO,ES,Combined TRACON& Tower with Radar,70,17,22,1,110,0,1,12,2,15,70,18,34,3,125,12,0,12,137
08/04/2022,GSP,SC,ASO,ES,Combined TRACON& Tower with Radar,88,20,19,2,129,0,0,11,2,13,88,20,30,4,142,0,0,0,142
08/05/2022,GSP,SC,ASO,ES,Combined TRACON& Tower with Radar,76,16,30,29,151,0,3,8,5,16,76,19,38,34,167,16,4,20,187
08/06/2022,GSP,SC,ASO,ES,Combined TRACON& Tower with Radar,71,9,11,0,91,0,0,3,0,3,71,9,14,0,94,22,0,22,116
08/07/2022,GSP,SC,ASO,ES,Combined TRACON& Tower with Radar,62,23,20,17,122,0,3,4,1,8,62,26,24,18,130,0,8,8,138
08/08/2022,GSP,SC,ASO,ES,Combined TRACON& Tower with Radar,74,14,27,18,133,0,0,8,2,10,74,14,35,20,143,0,8,8,151
08/09/2022,GSP,SC,ASO,ES,Combined TRACON& Tower with Radar,70,15,24,2,111,0,1,10,5,16,70,16,34,7,127,0,0,0,127
08/10/2022,GSP,SC,ASO,ES,Combined TRACON& Tower with Radar,68,16,27,4,115,0,1,12,2,15,68,17,39,6,130,16,0,16,146
08/11/2022,GSP,SC,ASO,ES,Combined TRACON& Tower with Radar,74,23,24,8,129,0,0,14,6,20,74,23,38,14,149,8,52,60,209
08/12/2022,GSP,SC,ASO,ES,Combined TRACON& Tower with Radar,83,18,20,0,121,0,1,3,0,4,83,19,23,0,125,0,0,0,125
08/13/2022,GSP,SC,ASO,ES,Combined TRACON& Tower with Radar,62,9,11,3,85,0,2,11,2,15,62,11,22,5,100,6,3,9,109
08/14/2022,GSP,SC,ASO,ES,Combined TRACON& Tower with Radar,70,19,26,1,116,0,0,32,0,32,70,19,58,1,148,28,0,28,176
08/15/2022,GSP,SC,ASO,ES,Combined TRACON& Tower with Radar,82,21,32,6,141,0,3,11,0,14,82,24,43,6,155,0,0,0,155
08/16/2022,GSP,SC,ASO,ES,Combined TRACON& Tower with Radar,81,18,33,9,141,0,2,0,0,2,81,20,33,9,143,0,0,0,143
08/17/2022,GSP,SC,ASO,ES,Combined TRACON& Tower with Radar,73,11,33,6,123,0,0,13,0,13,73,11,46,6,136,34,0,34,170
08/18/2022,GSP,SC,ASO,ES,Combined TRACON& Tower with Radar,78,23,15,0,116,0,0,13,2,15,78,23,28,2,131,0,0,0,131
08/19/2022,GSP,SC,ASO,ES,Combined TRACON& Tower with Radar,82,8,32,6,128,1,2,0,0,3,83,10,32,6,131,0,0,0,131
08/20/2022,GSP,SC,ASO,ES,Combined TRACON& Tower with Radar,67,8,18,2,95,0,0,5,0,5,67,8,23,2,100,0,0,0,100
08/21/2022,GSP,SC,ASO,ES,Combined TRACON& Tower with Radar,71,15,24,0,110,0,0,2,0,2,71,15,26,0,112,20,0,20,132
08/22/2022,GSP,SC,ASO,ES,Combined TRACON& Tower with Radar,73,9,26,13,121,0,1,8,2,11,73,10,34,15,132,0,4,4,136
08/23/2022,GSP,SC,ASO,ES,Combined TRACON& Tower with Radar,77,10,30,13,130,0,0,11,1,12,77,10,41,14,142,0,20,20,162
08/24/2022,GSP,SC,ASO,ES,Combined TRACON& Tower with Radar,80,16,20,7,123,0,1,6,2,9,80,17,26,9,132,0,0,0,132
08/25/2022,GSP,SC,ASO,ES,Combined TRACON& Tower with Radar,81,21,24,0,126,0,0,10,0,10,81,21,34,0,136,13,0,13,149
08/26/2022,GSP,SC,ASO,ES,Combined TRACON& Tower with Radar,79,21,29,0,129,0,0,11,0,11,79,21,40,0,140,8,0,8,148
08/27/2022,GSP,SC,ASO,ES,Combined TRACON& Tower with Radar,67,12,12,1,92,1,0,8,1,10,68,12,20,2,102,0,0,0,102
08/28/2022,GSP,SC,ASO,ES,Combined TRACON& Tower with Radar,81,29,10,0,120,0,0,1,1,2,81,29,11,1,122,0,0,0,122
08/29/2022,GSP,SC,ASO,ES,Combined TRACON& Tower with Radar,85,13,21,10,129,0,0,7,0,7,85,13,28,10,136,10,4,14,150
08/30/2022,GSP,SC,ASO,ES,Combined TRACON& Tower with Radar,75,14,19,0,108,0,2,8,0,10,75,16,27,0,118,0,0,0,118
08/31/2022,GSP,SC,ASO,ES,Combined TRACON& Tower with Radar,69,16,27,0,112,1,2,14,3,20,70,18,41,3,132,50,0,50,182
09/01/2022,GSP,SC,ASO,ES,Combined TRACON& Tower with Radar,83,20,24,19,146,0,2,11,5,18,83,22,35,24,164,4,26,30,194
09/02/2022,GSP,SC,ASO,ES,Combined TRACON& Tower with Radar,80,21,23,6,130,0,1,3,0,4,80,22,26,6,134,0,0,0,134
09/03/2022,GSP,SC,ASO,ES,Combined TRACON& Tower with Radar,61,8,7,0,76,0,0,6,0,6,61,8,13,0,82,0,0,0,82
09/04/2022,GSP,SC,ASO,ES,Combined TRACON& Tower with Radar,62,8,13,0,83,0,0,2,0,2,62,8,15,0,85,0,0,0,85
09/05/2022,GSP,SC,ASO,ES,Combined TRACON& Tower with Radar,72,15,17,0,104,0,0,3,0,3,72,15,20,0,107,0,0,0,107
09/06/2022,GSP,SC,ASO,ES,Combined TRACON& Tower with Radar,79,15,23,0,117,0,0,5,1,6,79,15,28,1,123,0,0,0,123
09/07/2022,GSP,SC,ASO,ES,Combined TRACON& Tower with Radar,78,12,27,0,117,0,0,10,0,10,78,12,37,0,127,0,0,0,127
09/08/2022,GSP,SC,ASO,ES,Combined TRACON& Tower with Radar,84,20,32,4,140,0,0,7,6,13,84,20,39,10,153,8,28,36,189
09/09/2022,GSP,SC,ASO,ES,Combined TRACON& Tower with Radar,80,19,13,25,137,0,0,9,2,11,80,19,22,27,148,0,4,4,152
09/10/2022,GSP,SC,ASO,ES,Combined TRACON& Tower with Radar,67,6,7,1,81,0,0,0,0,0,67,6,7,1,81,0,0,0,81
09/11/2022,GSP,SC,ASO,ES,Combined TRACON& Tower with Radar,77,23,10,7,117,1,0,0,0,1,78,23,10,7,118,0,0,0,118
09/12/2022,GSP,SC,ASO,ES,Combined TRACON& Tower with Radar,87,17,34,7,145,0,0,5,3,8,87,17,39,10,153,0,0,0,153
09/13/2022,GSP,SC,ASO,ES,Combined TRACON& Tower with Radar,79,16,27,0,122,0,0,6,4,10,79,16,33,4,132,0,0,0,132
09/14/2022,GSP,SC,ASO,ES,Combined TRACON& Tower with Radar,78,12,23,4,117,0,0,12,4,16,78,12,35,8,133,0,0,0,133
09/15/2022,GSP,SC,ASO,ES,Combined TRACON& Tower with Radar,88,22,39,13,162,0,2,10,3,15,88,24,49,16,177,28,10,38,215
09/16/2022,GSP,SC,ASO,ES,Combined TRACON& Tower with Radar,80,20,19,18,137,0,2,11,1,14,80,22,30,19,151,4,2,6,157
09/17/2022,GSP,SC,ASO,ES,Combined TRACON& Tower with Radar,63,10,19,1,93,0,0,9,4,13,63,10,28,5,106,0,0,0,106
09/18/2022,GSP,SC,ASO,ES,Combined TRACON& Tower with Radar,71,23,24,19,137,0,0,15,1,16,71,23,39,20,153,6,0,6,159
09/19/2022,GSP,SC,ASO,ES,Combined TRACON& Tower with Radar,79,14,29,10,132,0,0,11,5,16,79,14,40,15,148,0,29,29,177
09/20/2022,GSP,SC,ASO,ES,Combined TRACON& Tower with Radar,77,16,23,8,124,0,4,13,0,17,77,20,36,8,141,8,10,18,159
09/21/2022,GSP,SC,ASO,ES,Combined TRACON& Tower with Radar,76,21,21,12,130,0,6,19,2,27,76,27,40,14,157,10,14,24,181
09/22/2022,GSP,SC,ASO,ES,Combined TRACON& Tower with Radar,82,22,39,0,143,0,0,14,0,14,82,22,53,0,157,0,0,0,157
09/23/2022,GSP,SC,ASO,ES,Combined TRACON& Tower with Radar,80,22,20,6,128,0,9,7,11,27,80,31,27,17,155,5,14,19,174
09/24/2022,GSP,SC,ASO,ES,Combined TRACON& Tower with Radar,62,14,8,10,94,0,5,13,3,21,62,19,21,13,115,0,12,12,127
09/25/2022,GSP,SC,ASO,ES,Combined TRACON& Tower with Radar,71,23,21,2,117,0,0,18,0,18,71,23,39,2,135,6,0,6,141
09/26/2022,GSP,SC,ASO,ES,Combined TRACON& Tower with Radar,78,11,25,2,116,0,3,12,0,15,78,14,37,2,131,0,0,0,131
09/27/2022,GSP,SC,ASO,ES,Combined TRACON& Tower with Radar,78,19,23,0,120,1,2,16,0,19,79,21,39,0,139,12,0,12,151
09/28/2022,GSP,SC,ASO,ES,Combined TRACON& Tower with Radar,81,11,33,6,131,0,5,5,1,11,81,16,38,7,142,0,0,0,142
09/29/2022,GSP,SC,ASO,ES,Combined TRACON& Tower with Radar,88,18,21,0,127,0,2,3,0,5,88,20,24,0,132,0,0,0,132
09/30/2022,GSP,SC,ASO,ES,Combined TRACON& Tower with Radar,79,13,17,0,109,0,0,0,0,0,79,13,17,0,109,0,0,0,109
10/01/2022,GSP,SC,ASO,ES,Combined TRACON& Tower with Radar,65,8,16,0,89,0,0,5,2,7,65,8,21,2,96,0,0,0,96
10/02/2022,GSP,SC,ASO,ES,Combined TRACON& Tower with Radar,75,22,4,0,101,0,0,2,2,4,75,22,6,2,105,0,0,0,105
10/03/2022,GSP,SC,ASO,ES,Combined TRACON& Tower with Radar,81,17,25,8,131,0,1,4,2,7,81,18,29,10,138,0,0,0,138
10/04/2022,GSP,SC,ASO,ES,Combined TRACON& Tower with Radar,80,14,21,44,159,0,3,6,6,15,80,17,27,50,174,6,24,30,204
10/05/2022,GSP,SC,ASO,ES,Combined TRACON& Tower with Radar,76,21,28,7,132,0,0,11,4,15,76,21,39,11,147,6,10,16,163
10/06/2022,GSP,SC,ASO,ES,Combined TRACON& Tower with Radar,89,30,23,2,144,0,9,12,8,29,89,39,35,10,173,18,0,18,191
10/07/2022,GSP,SC,ASO,ES,Combined TRACON& Tower with Radar,83,29,39,4,155,0,2,13,0,15,83,31,52,4,170,24,0,24,194
10/08/2022,GSP,SC,ASO,ES,Combined TRACON& Tower with Radar,65,7,18,0,90,0,0,6,0,6,65,7,24,0,96,0,0,0,96
10/09/2022,GSP,SC,ASO,ES,Combined TRACON& Tower with Radar,75,28,19,0,122,0,0,8,0,8,75,28,27,0,130,6,0,6,136
10/10/2022,GSP,SC,ASO,ES,Combined TRACON& Tower with Radar,78,23,18,2,121,0,2,6,0,8,78,25,24,2,129,8,0,8,137
10/11/2022,GSP,SC,ASO,ES,Combined TRACON& Tower with Radar,74,16,30,14,134,0,1,10,0,11,74,17,40,14,145,0,0,0,145
10/12/2022,GSP,SC,ASO,ES,Combined TRACON& Tower with Radar,74,25,29,0,128,0,0,0,0,0,74,25,29,0,128,0,0,0,128
10/13/2022,GSP,SC,ASO,ES,Combined TRACON& Tower with Radar,83,18,33,1,135,0,0,6,2,8,83,18,39,3,143,0,0,0,143
10/14/2022,GSP,SC,ASO,ES,Combined TRACON& Tower with Radar,87,23,26,4,140,0,3,14,0,17,87,26,40,4,157,6,8,14,171
10/15/2022,GSP,SC,ASO,ES,Combined TRACON& Tower with Radar,64,12,17,0,93,0,2,13,2,17,64,14,30,2,110,0,14,14,124
10/16/2022,GSP,SC,ASO,ES,Combined TRACON& Tower with Radar,76,26,38,8,148,0,0,5,3,8,76,26,43,11,156,0,0,0,156
10/17/2022,GSP,SC,ASO,ES,Combined TRACON& Tower with Radar,77,18,29,0,124,0,0,13,2,15,77,18,42,2,139,23,0,23,162
10/18/2022,GSP,SC,ASO,ES,Combined TRACON& Tower with Radar,76,16,26,11,129,0,0,4,0,4,76,16,30,11,133,8,0,8,141
10/19/2022,GSP,SC,ASO,ES,Combined TRACON& Tower with Radar,74,25,25,4,128,0,0,11,0,11,74,25,36,4,139,18,0,18,157
10/20/2022,GSP,SC,ASO,ES,Combined TRACON& Tower with Radar,79,21,30,17,147,0,3,15,11,29,79,24,45,28,176,0,20,20,196
10/21/2022,GSP,SC,ASO,ES,Combined TRACON& Tower with Radar,81,26,39,12,158,0,2,11,2,15,81,28,50,14,173,8,0,8,181
10/22/2022,GSP,SC,ASO,ES,Combined TRACON& Tower with Radar,63,11,6,7,87,0,5,8,0,13,63,16,14,7,100,6,8,14,114
10/23/2022,GSP,SC,ASO,ES,Combined TRACON& Tower with Radar,78,26,16,1,121,0,2,5,0,7,78,28,21,1,128,0,0,0,128
10/24/2022,GSP,SC,ASO,ES,Combined TRACON& Tower with Radar,74,22,32,10,138,0,2,9,4,15,74,24,41,14,153,0,18,18,171
10/25/2022,GSP,SC,ASO,ES,Combined TRACON& Tower with Radar,71,14,29,0,114,0,0,9,0,9,71,14,38,0,123,0,0,0,123
10/26/2022,GSP,SC,ASO,ES,Combined TRACON& Tower with Radar,74,9,22,4,109,0,0,5,0,5,74,9,27,4,114,0,0,0,114
10/27/2022,GSP,SC,ASO,ES,Combined TRACON& Tower with Radar,84,21,21,2,128,0,3,16,2,21,84,24,37,4,149,0,0,0,149
10/28/2022,GSP,SC,ASO,ES,Combined TRACON& Tower with Radar,86,21,26,2,135,0,7,9,0,16,86,28,35,2,151,0,0,0,151
10/29/2022,GSP,SC,ASO,ES,Combined TRACON& Tower with Radar,57,13,15,0,85,0,0,2,1,3,57,13,17,1,88,0,0,0,88
10/30/2022,GSP,SC,ASO,ES,Combined TRACON& Tower with Radar,65,31,16,0,112,0,0,0,0,0,65,31,16,0,112,0,0,0,112
10/31/2022,GSP,SC,ASO,ES,Combined TRACON& Tower with Radar,69,15,24,4,112,0,0,0,0,0,69,15,24,4,112,0,0,0,112
11/01/2022,GSP,SC,ASO,ES,Combined TRACON& Tower with Radar,72,23,8,2,105,0,0,13,3,16,72,23,21,5,121,0,0,0,121
11/02/2022,GSP,SC,ASO,ES,Combined TRACON& Tower with Radar,70,24,33,21,148,0,7,16,0,23,70,31,49,21,171,0,0,0,171
11/03/2022,GSP,SC,ASO,ES,Combined TRACON& Tower with Radar,75,29,29,3,136,0,3,17,1,21,75,32,46,4,157,4,0,4,161
11/04/2022,GSP,SC,ASO,ES,Combined TRACON& Tower with Radar,81,27,21,47,176,0,0,4,8,12,81,27,25,55,188,0,0,0,188
11/05/2022,GSP,SC,ASO,ES,Combined TRACON& Tower with Radar,60,18,12,0,90,0,0,0,0,0,60,18,12,0,90,0,0,0,90
11/06/2022,GSP,SC,ASO,ES,Combined TRACON& Tower with Radar,68,26,21,0,115,0,0,0,0,0,68,26,21,0,115,0,0,0,115
11/07/2022,GSP,SC,ASO,ES,Combined TRACON& Tower with Radar,71,24,27,10,132,0,0,6,2,8,71,24,33,12,140,0,28,28,168
11/08/2022,GSP,SC,ASO,ES,Combined TRACON& Tower with Radar,71,14,23,0,108,0,4,21,0,25,71,18,44,0,133,0,0,0,133
11/09/2022,GSP,SC,ASO,ES,Combined TRACON& Tower with Radar,71,24,34,3,132,0,2,5,1,8,71,26,39,4,140,0,0,0,140
11/10/2022,GSP,SC,ASO,ES,Combined TRACON& Tower with Radar,73,27,18,0,118,0,0,0,0,0,73,27,18,0,118,0,0,0,118
11/11/2022,GSP,SC,ASO,ES,Combined TRACON& Tower with Radar,76,22,21,0,119,0,0,0,0,0,76,22,21,0,119,0,0,0,119
11/12/2022,GSP,SC,ASO,ES,Combined TRACON& Tower with Radar,60,15,15,1,91,0,4,6,0,10,60,19,21,1,101,20,0,20,121
11/13/2022,GSP,SC,ASO,ES,Combined TRACON& Tower with Radar,63,30,13,0,106,0,4,5,2,11,63,34,18,2,117,0,0,0,117
11/14/2022,GSP,SC,ASO,ES,Combined TRACON& Tower with Radar,75,23,18,2,118,0,2,10,2,14,75,25,28,4,132,0,0,0,132
11/15/2022,GSP,SC,ASO,ES,Combined TRACON& Tower with Radar,74,19,20,0,113,0,0,0,0,0,74,19,20,0,113,0,0,0,113
11/16/2022,GSP,SC,ASO,ES,Combined TRACON& Tower with Radar,74,23,29,20,146,0,4,5,4,13,74,27,34,24,159,0,69,69,228
11/17/2022,GSP,SC,ASO,ES,Combined TRACON& Tower with Radar,77,24,25,45,171,0,0,12,4,16,77,24,37,49,187,0,32,32,219
11/18/2022,GSP,SC,ASO,ES,Combined TRACON& Tower with Radar,79,23,19,37,158,0,6,4,4,14,79,29,23,41,172,0,28,28,200
11/19/2022,GSP,SC,ASO,ES,Combined TRACON& Tower with Radar,63,23,18,3,107,0,1,23,6,30,63,24,41,9,137,6,0,6,143
11/20/2022,GSP,SC,ASO,ES,Combined TRACON& Tower with Radar,66,23,16,1,106,0,0,7,2,9,66,23,23,3,115,0,0,0,115
11/21/2022,GSP,SC,ASO,ES,Combined TRACON& Tower with Radar,75,22,24,8,129,0,0,4,2,6,75,22,28,10,135,0,0,0,135
11/22/2022,GSP,SC,ASO,ES,Combined TRACON& Tower with Radar,78,14,35,9,136,0,0,4,1,5,78,14,39,10,141,0,0,0,141
11/23/2022,GSP,SC,ASO,ES,Combined TRACON& Tower with Radar,83,23,34,0,140,0,2,5,0,7,83,25,39,0,147,0,0,0,147
11/24/2022,GSP,SC,ASO,ES,Combined TRACON& Tower with Radar,51,8,8,0,67,0,0,3,0,3,51,8,11,0,70,0,0,0,70
11/25/2022,GSP,SC,ASO,ES,Combined TRACON& Tower with Radar,61,21,15,0,97,0,1,2,0,3,61,22,17,0,100,0,0,0,100
11/26/2022,GSP,SC,ASO,ES,Combined TRACON& Tower with Radar,68,21,14,0,103,0,2,12,0,14,68,23,26,0,117,6,0,6,123
11/27/2022,GSP,SC,ASO,ES,Combined TRACON& Tower with Radar,73,21,23,0,117,0,0,1,0,1,73,21,24,0,118,0,0,0,118
11/28/2022,GSP,SC,ASO,ES,Combined TRACON& Tower with Radar,77,21,25,18,141,0,0,10,0,10,77,21,35,18,151,0,0,0,151
11/29/2022,GSP,SC,ASO,ES,Combined TRACON& Tower with Radar,80,16,24,16,136,0,1,8,12,21,80,17,32,28,157,0,38,38,195
11/30/2022,GSP,SC,ASO,ES,Combined TRACON& Tower with Radar,70,8,31,9,118,0,0,3,2,5,70,8,34,11,123,0,16,16,139
12/01/2022,GSP,SC,ASO,ES,Combined TRACON& Tower with Radar,83,16,32,50,181,0,0,6,4,10,83,16,38,54,191,20,24,44,235
12/02/2022,GSP,SC,ASO,ES,Combined TRACON& Tower with Radar,89,19,23,0,131,0,3,5,0,8,89,22,28,0,139,0,0,0,139
12/03/2022,GSP,SC,ASO,ES,Combined TRACON& Tower with Radar,66,9,13,0,88,0,0,0,0,0,66,9,13,0,88,0,0,0,88
12/04/2022,GSP,SC,ASO,ES,Combined TRACON& Tower with Radar,68,13,18,0,99,0,2,3,0,5,68,15,21,0,104,16,0,16,120
12/05/2022,GSP,SC,ASO,ES,Combined TRACON& Tower with Radar,82,15,26,7,130,0,2,0,1,3,82,17,26,8,133,0,6,6,139
12/06/2022,GSP,SC,ASO,ES,Combined TRACON& Tower with Radar,76,16,29,0,121,0,0,0,0,0,76,16,29,0,121,0,0,0,121
12/07/2022,GSP,SC,ASO,ES,Combined TRACON& Tower with Radar,78,19,29,0,126,0,0,0,0,0,78,19,29,0,126,0,0,0,126
12/08/2022,GSP,SC,ASO,ES,Combined TRACON& Tower with Radar,83,24,22,0,129,0,0,2,0,2,83,24,24,0,131,0,0,0,131
12/09/2022,GSP,SC,ASO,ES,Combined TRACON& Tower with Radar,84,12,19,0,115,0,0,0,0,0,84,12,19,0,115,0,0,0,115
12/10/2022,GSP,SC,ASO,ES,Combined TRACON& Tower with Radar,62,17,6,2,87,0,0,0,0,0,62,17,6,2,87,0,0,0,87
12/11/2022,GSP,SC,ASO,ES,Combined TRACON& Tower with Radar,70,10,15,0,95,0,0,2,0,2,70,10,17,0,97,8,0,8,105
12/12/2022,GSP,SC,ASO,ES,Combined TRACON& Tower with Radar,80,9,29,0,118,0,2,10,2,14,80,11,39,2,132,0,0,0,132
12/13/2022,GSP,SC,ASO,ES,Combined TRACON& Tower with Radar,76,17,30,4,127,0,2,13,0,15,76,19,43,4,142,10,0,10,152
12/14/2022,GSP,SC,ASO,ES,Combined TRACON& Tower with Radar,75,23,21,0,119,0,0,0,0,0,75,23,21,0,119,0,0,0,119
12/15/2022,GSP,SC,ASO,ES,Combined TRACON& Tower with Radar,79,25,22,17,143,0,0,0,0,0,79,25,22,17,143,0,0,0,143
12/16/2022,GSP,SC,ASO,ES,Combined TRACON& Tower with Radar,74,18,40,0,132,0,0,12,4,16,74,18,52,4,148,24,0,24,172
12/17/2022,GSP,SC,ASO,ES,Combined TRACON& Tower with Radar,76,12,19,0,107,0,0,5,3,8,76,12,24,3,115,0,0,0,115
12/18/2022,GSP,SC,ASO,ES,Combined TRACON& Tower with Radar,63,21,16,0,100,0,2,4,0,6,63,23,20,0,106,0,0,0,106
12/19/2022,GSP,SC,ASO,ES,Combined TRACON& Tower with Radar,65,15,25,8,113,0,2,11,3,16,65,17,36,11,129,0,8,8,137
12/20/2022,GSP,SC,ASO,ES,Combined TRACON& Tower with Radar,71,14,27,3,115,0,0,6,10,16,71,14,33,13,131,0,30,30,161
12/21/2022,GSP,SC,ASO,ES,Combined TRACON& Tower with Radar,68,17,36,14,135,0,5,6,0,11,68,22,42,14,146,8,24,32,178
12/22/2022,GSP,SC,ASO,ES,Combined TRACON& Tower with Radar,72,19,22,2,115,0,0,0,0,0,72,19,22,2,115,0,0,0,115
12/23/2022,GSP,SC,ASO,ES,Combined TRACON& Tower with Radar,65,21,15,0,101,0,1,6,0,7,65,22,21,0,108,0,0,0,108
12/24/2022,GSP,SC,ASO,ES,Combined TRACON& Tower with Radar,45,12,7,0,64,0,0,3,0,3,45,12,10,0,67,0,0,0,67
12/25/2022,GSP,SC,ASO,ES,Combined TRACON& Tower with Radar,52,14,2,0,68,0,0,0,0,0,52,14,2,0,68,0,0,0,68
12/26/2022,GSP,SC,ASO,ES,Combined TRACON& Tower with Radar,56,23,30,0,109,0,3,9,0,12,56,26,39,0,121,4,0,4,125
12/27/2022,GSP,SC,ASO,ES,Combined TRACON& Tower with Radar,60,12,26,2,100,0,1,7,0,8,60,13,33,2,108,0,0,0,108
12/28/2022,GSP,SC,ASO,ES,Combined TRACON& Tower with Radar,57,22,28,0,107,0,0,5,0,5,57,22,33,0,112,0,0,0,112
12/29/2022,GSP,SC,ASO,ES,Combined TRACON& Tower with Radar,67,18,19,10,114,0,0,4,0,4,67,18,23,10,118,6,0,6,124
12/30/2022,GSP,SC,ASO,ES,Combined TRACON& Tower with Radar,65,20,21,0,106,0,0,2,0,2,65,20,23,0,108,16,0,16,124
12/31/2022,GSP,SC,ASO,ES,Combined TRACON& Tower with Radar,54,15,6,0,75,0,0,0,0,0,54,15,6,0,75,0,0,0,75
01/01/2023,GSP,SC,ASO,ES,Combined TRACON& Tower with Radar,48,13,11,0,72,0,0,0,0,0,48,13,11,0,72,0,0,0,72
01/02/2023,GSP,SC,ASO,ES,Combined TRACON& Tower with Radar,56,16,10,0,82,0,2,7,0,9,56,18,17,0,91,0,0,0,91
01/03/2023,GSP,SC,ASO,ES,Combined TRACON& Tower with Radar,61,17,20,0,98,0,0,0,0,0,61,17,20,0,98,0,0,0,98
01/04/2023,GSP,SC,ASO,ES,Combined TRACON& Tower with Radar,60,19,13,8,100,0,0,1,1,2,60,19,14,9,102,0,0,0,102
01/05/2023,GSP,SC,ASO,ES,Combined TRACON& Tower with Radar,68,17,36,5,126,0,0,34,1,35,68,17,70,6,161,8,10,18,179
01/06/2023,GSP,SC,ASO,ES,Combined TRACON& Tower with Radar,65,13,15,12,105,0,1,10,1,12,65,14,25,13,117,0,10,10,127
01/07/2023,GSP,SC,ASO,ES,Combined TRACON& Tower with Radar,65,8,12,0,85,0,1,8,0,9,65,9,20,0,94,16,0,16,110
01/08/2023,GSP,SC,ASO,ES,Combined TRACON& Tower with Radar,64,17,14,4,99,0,3,4,0,7,64,20,18,4,106,0,0,0,106
01/09/2023,GSP,SC,ASO,ES,Combined TRACON& Tower with Radar,74,17,29,0,120,0,0,2,2,4,74,17,31,2,124,0,0,0,124
01/10/2023,GSP,SC,ASO,ES,Combined TRACON& Tower with Radar,80,14,22,15,131,0,0,3,0,3,80,14,25,15,134,0,0,0,134
01/11/2023,GSP,SC,ASO,ES,Combined TRACON& Tower with Radar,72,13,28,22,135,0,1,9,2,12,72,14,37,24,147,16,6,22,169
01/12/2023,GSP,SC,ASO,ES,Combined TRACON& Tower with Radar,80,27,21,2,130,0,1,0,0,1,80,28,21,2,131,0,0,0,131
01/13/2023,GSP,SC,ASO,ES,Combined TRACON& Tower with Radar,87,21,27,0,135,0,1,5,0,6,87,22,32,0,141,11,0,11,152
01/14/2023,GSP,SC,ASO,ES,Combined TRACON& Tower with Radar,68,10,11,0,89,0,3,7,1,11,68,13,18,1,100,0,0,0,100
01/15/2023,GSP,SC,ASO,ES,Combined TRACON& Tower with Radar,66,17,20,0,103,0,0,9,1,10,66,17,29,1,113,0,0,0,113
01/16/2023,GSP,SC,ASO,ES,Combined TRACON& Tower with Radar,77,15,29,0,121,0,0,14,0,14,77,15,43,0,135,34,0,34,169
01/17/2023,GSP,SC,ASO,ES,Combined TRACON& Tower with Radar,81,21,23,2,127,0,0,0,2,2,81,21,23,4,129,0,0,0,129
01/18/2023,GSP,SC,ASO,ES,Combined TRACON& Tower with Radar,77,22,27,31,157,0,0,1,1,2,77,22,28,32,159,0,7,7,166
01/19/2023,GSP,SC,ASO,ES,Combined TRACON& Tower with Radar,82,21,28,4,135,0,0,7,1,8,82,21,35,5,143,0,0,0,143
01/20/2023,GSP,SC,ASO,ES,Combined TRACON& Tower with Radar,81,11,24,12,128,0,0,22,2,24,81,11,46,14,152,24,0,24,176
01/21/2023,GSP,SC,ASO,ES,Combined TRACON& Tower with Radar,61,15,17,0,93,1,0,17,0,18,62,15,34,0,111,46,0,46,157
01/22/2023,GSP,SC,ASO,ES,Combined TRACON& Tower with Radar,66,15,14,0,95,0,0,0,0,0,66,15,14,0,95,0,0,0,95
01/23/2023,GSP,SC,ASO,ES,Combined TRACON& Tower with Radar,80,18,29,14,141,0,2,15,1,18,80,20,44,15,159,26,0,26,185
01/24/2023,GSP,SC,ASO,ES,Combined TRACON& Tower with Radar,76,16,22,27,141,0,0,11,1,12,76,16,33,28,153,0,0,0,153
01/25/2023,GSP,SC,ASO,ES,Combined TRACON& Tower with Radar,72,22,12,2,108,0,0,0,1,1,72,22,12,3,109,0,0,0,109
01/26/2023,GSP,SC,ASO,ES,Combined TRACON& Tower with Radar,79,20,50,28,177,0,3,11,4,18,79,23,61,32,195,4,0,4,199
01/27/2023,GSP,SC,ASO,ES,Combined TRACON& Tower with Radar,83,12,13,10,118,0,0,11,1,12,83,12,24,11,130,12,10,22,152
01/28/2023,GSP,SC,ASO,ES,Combined TRACON& Tower with Radar,63,15,14,0,92,0,0,7,0,7,63,15,21,0,99,38,0,38,137
01/29/2023,GSP,SC,ASO,ES,Combined TRACON& Tower with Radar,72,23,29,1,125,0,0,1,0,1,72,23,30,1,126,0,0,0,126
01/30/2023,GSP,SC,ASO,ES,Combined TRACON& Tower with Radar,76,7,25,20,128,0,2,4,0,6,76,9,29,20,134,0,6,6,140
01/31/2023,GSP,SC,ASO,ES,Combined TRACON& Tower with Radar,70,20,14,0,104,0,1,0,0,1,70,21,14,0,105,0,0,0,105
02/01/2023,GSP,SC,ASO,ES,Combined TRACON& Tower with Radar,72,25,33,9,139,0,0,3,1,4,72,25,36,10,143,0,0,0,143
02/02/2023,GSP,SC,ASO,ES,Combined TRACON& Tower with Radar,79,16,16,2,113,0,0,0,0,0,79,16,16,2,113,0,0,0,113
02/03/2023,GSP,SC,ASO,ES,Combined TRACON& Tower with Radar,80,12,13,0,105,0,0,4,2,6,80,12,17,2,111,0,0,0,111
02/04/2023,GSP,SC,ASO,ES,Combined TRACON& Tower with Radar,64,12,12,5,93,0,1,16,0,17,64,13,28,5,110,18,0,18,128
02/05/2023,GSP,SC,ASO,ES,Combined TRACON& Tower with Radar,67,14,12,2,95,0,0,9,2,11,67,14,21,4,106,0,0,0,106
02/06/2023,GSP,SC,ASO,ES,Combined TRACON& Tower with Radar,76,10,32,0,118,0,0,10,0,10,76,10,42,0,128,46,0,46,174
02/07/2023,GSP,SC,ASO,ES,Combined TRACON& Tower with Radar,72,14,31,5,122,0,0,13,3,16,72,14,44,8,138,28,0,28,166
02/08/2023,GSP,SC,ASO,ES,Combined TRACON& Tower with Radar,75,11,32,21,139,0,1,9,3,13,75,12,41,24,152,2,8,10,162
02/09/2023,GSP,SC,ASO,ES,Combined TRACON& Tower with Radar,80,14,26,8,128,0,1,0,0,1,80,15,26,8,129,0,0,0,129
02/10/2023,GSP,SC,ASO,ES,Combined TRACON& Tower with Radar,81,6,26,11,124,0,4,17,2,23,81,10,43,13,147,4,26,30,177
02/11/2023,GSP,SC,ASO,ES,Combined TRACON& Tower with Radar,60,6,11,2,79,0,0,2,0,2,60,6,13,2,81,0,0,0,81
02/12/2023,GSP,SC,ASO,ES,Combined TRACON& Tower with Radar,65,13,9,0,87,0,0,0,0,0,65,13,9,0,87,0,0,0,87
02/13/2023,GSP,SC,ASO,ES,Combined TRACON& Tower with Radar,73,12,43,0,128,0,0,17,0,17,73,12,60,0,145,0,0,0,145
02/14/2023,GSP,SC,ASO,ES,Combined TRACON& Tower with Radar,69,13,24,9,115,0,0,12,5,17,69,13,36,14,132,0,10,10,142
02/15/2023,GSP,SC,ASO,ES,Combined TRACON& Tower with Radar,75,19,35,0,129,0,0,7,0,7,75,19,42,0,136,12,0,12,148
02/16/2023,GSP,SC,ASO,ES,Combined TRACON& Tower with Radar,77,16,24,6,123,0,0,10,0,10,77,16,34,6,133,0,0,0,133
02/17/2023,GSP,SC,ASO,ES,Combined TRACON& Tower with Radar,74,20,25,0,119,0,0,0,0,0,74,20,25,0,119,0,0,0,119
02/18/2023,GSP,SC,ASO,ES,Combined TRACON& Tower with Radar,62,13,18,0,93,0,1,2,0,3,62,14,20,0,96,0,0,0,96
02/19/2023,GSP,SC,ASO,ES,Combined TRACON& Tower with Radar,63,15,13,1,92,0,0,1,0,1,63,15,14,1,93,0,0,0,93
02/20/2023,GSP,SC,ASO,ES,Combined TRACON& Tower with Radar,76,13,27,0,116,0,2,9,2,13,76,15,36,2,129,0,0,0,129
02/21/2023,GSP,SC,ASO,ES,Combined TRACON& Tower with Radar,77,14,32,11,134,0,2,8,1,11,77,16,40,12,145,0,6,6,151
02/22/2023,GSP,SC,ASO,ES,Combined TRACON& Tower with Radar,80,4,24,4,112,0,0,1,0,1,80,4,25,4,113,0,0,0,113
02/23/2023,GSP,SC,ASO,ES,Combined TRACON& Tower with Radar,81,13,25,8,127,0,0,2,2,4,81,13,27,10,131,0,10,10,141
02/24/2023,GSP,SC,ASO,ES,Combined TRACON& Tower with Radar,80,12,23,13,128,0,0,1,3,4,80,12,24,16,132,0,6,6,138
02/25/2023,GSP,SC,ASO,ES,Combined TRACON& Tower with Radar,73,8,12,0,93,0,0,0,0,0,73,8,12,0,93,0,0,0,93
02/26/2023,GSP,SC,ASO,ES,Combined TRACON& Tower with Radar,72,7,12,1,92,0,0,7,0,7,72,7,19,1,99,16,0,16,115
02/27/2023,GSP,SC,ASO,ES,Combined TRACON& Tower with Radar,81,6,10,1,98,0,0,0,1,1,81,6,10,2,99,0,0,0,99
02/28/2023,GSP,SC,ASO,ES,Combined TRACON& Tower with Radar,79,12,15,3,109,0,0,6,8,14,79,12,21,11,123,0,8,8,131
03/01/2023,GSP,SC,ASO,ES,Combined TRACON& Tower with Radar,87,20,30,10,147,0,0,4,0,4,87,20,34,10,151,12,0,12,163
03/02/2023,GSP,SC,ASO,ES,Combined TRACON& Tower with Radar,97,13,34,0,144,0,0,3,0,3,97,13,37,0,147,12,0,12,159
03/03/2023,GSP,SC,ASO,ES,Combined TRACON& Tower with Radar,82,11,34,4,131,0,0,0,0,0,82,11,34,4,131,0,0,0,131
03/04/2023,GSP,SC,ASO,ES,Combined TRACON& Tower with Radar,65,10,12,3,90,0,0,5,0,5,65,10,17,3,95,16,0,16,111
03/05/2023,GSP,SC,ASO,ES,Combined TRACON& Tower with Radar,75,17,24,0,116,0,0,5,0,5,75,17,29,0,121,20,0,20,141
03/06/2023,GSP,SC,ASO,ES,Combined TRACON& Tower with Radar,84,10,23,4,121,0,3,3,2,8,84,13,26,6,129,0,0,0,129
03/07/2023,GSP,SC,ASO,ES,Combined TRACON& Tower with Radar,75,22,26,14,137,0,1,4,0,5,75,23,30,14,142,0,0,0,142
03/08/2023,GSP,SC,ASO,ES,Combined TRACON& Tower with Radar,77,9,16,27,129,1,2,11,5,19,78,11,27,32,148,0,8,8,156
03/09/2023,GSP,SC,ASO,ES,Combined TRACON& Tower with Radar,86,13,34,12,145,0,0,7,2,9,86,13,41,14,154,4,0,4,158
03/10/2023,GSP,SC,ASO,ES,Combined TRACON& Tower with Radar,86,6,21,0,113,0,0,4,0,4,86,6,25,0,117,0,0,0,117
03/11/2023,GSP,SC,ASO,ES,Combined TRACON& Tower with Radar,67,12,10,0,89,0,0,3,0,3,67,12,13,0,92,6,0,6,98
03/12/2023,GSP,SC,ASO,ES,Combined TRACON& Tower with Radar,73,15,8,0,96,0,0,0,0,0,73,15,8,0,96,0,0,0,96
03/13/2023,GSP,SC,ASO,ES,Combined TRACON& Tower with Radar,85,14,31,4,134,0,0,5,6,11,85,14,36,10,145,0,13,13,158
03/14/2023,GSP,SC,ASO,ES,Combined TRACON& Tower with Radar,89,26,36,0,151,0,3,6,0,9,89,29,42,0,160,4,0,4,164
03/15/2023,GSP,SC,ASO,ES,Combined TRACON& Tower with Radar,82,15,33,0,130,0,0,8,0,8,82,15,41,0,138,44,0,44,182
03/16/2023,GSP,SC,ASO,ES,Combined TRACON& Tower with Radar,89,15,31,11,146,0,12,30,1,43,89,27,61,12,189,16,0,16,205
03/17/2023,GSP,SC,ASO,ES,Combined TRACON& Tower with Radar,87,15,18,1,121,0,0,0,0,0,87,15,18,1,121,0,0,0,121
03/18/2023,GSP,SC,ASO,ES,Combined TRACON& Tower with Radar,72,14,13,1,100,0,0,11,0,11,72,14,24,1,111,12,0,12,123
03/19/2023,GSP,SC,ASO,ES,Combined TRACON& Tower with Radar,77,13,24,3,117,0,1,13,3,17,77,14,37,6,134,12,0,12,146
03/20/2023,GSP,SC,ASO,ES,Combined TRACON& Tower with Radar,91,10,29,12,142,0,0,13,0,13,91,10,42,12,155,12,24,36,191
03/21/2023,GSP,SC,ASO,ES,Combined TRACON& Tower with Radar,81,17,27,2,127,0,0,10,0,10,81,17,37,2,137,5,0,5,142
03/22/2023,GSP,SC,ASO,ES,Combined TRACON& Tower with Radar,91,8,19,12,130,0,0,2,0,2,91,8,21,12,132,0,0,0,132
03/23/2023,GSP,SC,ASO,ES,Combined TRACON& Tower with Radar,91,16,28,4,139,0,3,7,6,16,91,19,35,10,155,0,8,8,163
03/24/2023,GSP,SC,ASO,ES,Combined TRACON& Tower with Radar,85,7,33,4,129,0,0,14,2,16,85,7,47,6,145,0,0,0,145
03/25/2023,GSP,SC,ASO,ES,Combined TRACON& Tower with Radar,77,9,28,0,114,0,0,8,1,9,77,9,36,1,123,0,0,0,123
03/26/2023,GSP,SC,ASO,ES,Combined TRACON& Tower with Radar,81,10,27,1,119,0,1,5,2,8,81,11,32,3,127,0,0,0,127
03/27/2023,GSP,SC,ASO,ES,Combined TRACON& Tower with Radar,87,8,25,1,121,0,3,2,2,7,87,11,27,3,128,0,0,0,128
03/28/2023,GSP,SC,ASO,ES,Combined TRACON& Tower with Radar,80,16,40,0,136,0,3,6,2,11,80,19,46,2,147,0,0,0,147
03/29/2023,GSP,SC,ASO,ES,Combined TRACON& Tower with Radar,81,7,36,11,135,0,3,8,4,15,81,10,44,15,150,18,20,38,188
03/30/2023,GSP,SC,ASO,ES,Combined TRACON& Tower with Radar,87,16,33,8,144,0,2,14,0,16,87,18,47,8,160,10,0,10,170
03/31/2023,GSP,SC,ASO,ES,Combined TRACON& Tower with Radar,86,16,24,0,126,0,0,6,0,6,86,16,30,0,132,0,0,0,132
04/01/2023,GSP,SC,ASO,ES,Combined TRACON& Tower with Radar,72,14,8,0,94,0,0,3,4,7,72,14,11,4,101,0,0,0,101
04/02/2023,GSP,SC,ASO,ES,Combined TRACON& Tower with Radar,75,9,17,6,107,0,0,17,0,17,75,9,34,6,124,8,0,8,132
04/03/2023,GSP,SC,ASO,ES,Combined TRACON& Tower with Radar,84,15,34,4,137,0,1,6,0,7,84,16,40,4,144,32,0,32,176
04/04/2023,GSP,SC,ASO,ES,Combined TRACON& Tower with Radar,78,20,34,2,134,0,1,6,0,7,78,21,40,2,141,0,0,0,141
04/05/2023,GSP,SC,ASO,ES,Combined TRACON& Tower with Radar,76,15,35,5,131,0,2,8,1,11,76,17,43,6,142,16,0,16,158
04/06/2023,GSP,SC,ASO,ES,Combined TRACON& Tower with Radar,81,22,24,12,139,0,3,13,3,19,81,25,37,15,158,6,0,6,164
04/07/2023,GSP,SC,ASO,ES,Combined TRACON& Tower with Radar,85,16,6,0,107,0,0,0,0,0,85,16,6,0,107,0,0,0,107
04/08/2023,GSP,SC,ASO,ES,Combined TRACON& Tower with Radar,66,10,7,0,83,0,0,0,1,1,66,10,7,1,84,0,0,0,84
04/09/2023,GSP,SC,ASO,ES,Combined TRACON& Tower with Radar,74,19,4,0,97,0,3,1,0,4,74,22,5,0,101,0,0,0,101
04/10/2023,GSP,SC,ASO,ES,Combined TRACON& Tower with Radar,80,18,23,0,121,0,2,7,0,9,80,20,30,0,130,0,0,0,130
04/11/2023,GSP,SC,ASO,ES,Combined TRACON& Tower with Radar,75,11,30,0,116,0,0,12,0,12,75,11,42,0,128,38,0,38,166
04/12/2023,GSP,SC,ASO,ES,Combined TRACON& Tower with Radar,81,14,38,21,154,0,1,27,20,48,81,15,65,41,202,24,34,58,260
04/13/2023,GSP,SC,ASO,ES,Combined TRACON& Tower with Radar,89,21,26,0,136,0,0,15,4,19,89,21,41,4,155,10,0,10,165
04/14/2023,GSP,SC,ASO,ES,Combined TRACON& Tower with Radar,84,19,23,4,130,0,0,0,1,1,84,19,23,5,131,0,0,0,131
04/15/2023,GSP,SC,ASO,ES,Combined TRACON& Tower with Radar,64,5,23,2,94,0,2,5,8,15,64,7,28,10,109,0,0,0,109
04/16/2023,GSP,SC,ASO,ES,Combined TRACON& Tower with Radar,79,17,10,1,107,0,2,7,0,9,79,19,17,1,116,6,0,6,122
04/17/2023,GSP,SC,ASO,ES,Combined TRACON& Tower with Radar,81,10,18,9,118,0,3,12,2,17,81,13,30,11,135,0,0,0,135
04/18/2023,GSP,SC,ASO,ES,Combined TRACON& Tower with Radar,77,10,19,9,115,0,2,12,3,17,77,12,31,12,132,0,0,0,132
04/19/2023,GSP,SC,ASO,ES,Combined TRACON& Tower with Radar,85,16,25,4,130,0,4,10,2,16,85,20,35,6,146,0,30,30,176
04/20/2023,GSP,SC,ASO,ES,Combined TRACON& Tower with Radar,83,23,34,6,146,0,1,26,9,36,83,24,60,15,182,34,36,70,252
04/21/2023,GSP,SC,ASO,ES,Combined TRACON& Tower with Radar,85,24,23,46,178,0,6,10,8,24,85,30,33,54,202,0,38,38,240
04/22/2023,GSP,SC,ASO,ES,Combined TRACON& Tower with Radar,64,10,7,5,86,0,2,0,1,3,64,12,7,6,89,0,0,0,89
04/23/2023,GSP,SC,ASO,ES,Combined TRACON& Tower with Radar,80,24,9,1,114,0,2,10,0,12,80,26,19,1,126,8,0,8,134
04/24/2023,GSP,SC,ASO,ES,Combined TRACON& Tower with Radar,81,11,26,13,131,0,0,14,24,38,81,11,40,37,169,0,16,16,185
04/25/2023,GSP,SC,ASO,ES,Combined TRACON& Tower with Radar,77,9,16,4,106,0,4,18,2,24,77,13,34,6,130,0,0,0,130
04/26/2023,GSP,SC,ASO,ES,Combined TRACON& Tower with Radar,80,12,19,0,111,1,1,6,0,8,81,13,25,0,119,0,0,0,119
04/27/2023,GSP,SC,ASO,ES,Combined TRACON& Tower with Radar,83,18,17,0,118,0,0,0,0,0,83,18,17,0,118,0,0,0,118
04/28/2023,GSP,SC,ASO,ES,Combined TRACON& Tower with Radar,85,8,22,5,120,0,0,0,1,1,85,8,22,6,121,0,0,0,121
04/29/2023,GSP,SC,ASO,ES,Combined TRACON& Tower with Radar,65,9,4,0,78,0,0,3,0,3,65,9,7,0,81,4,0,4,85
04/30/2023,GSP,SC,ASO,ES,Combined TRACON& Tower with Radar,79,15,17,0,111,0,0,3,0,3,79,15,20,0,114,8,0,8,122
05/01/2023,GSP,SC,ASO,ES,Combined TRACON& Tower with Radar,86,8,17,10,121,0,0,5,0,5,86,8,22,10,126,0,0,0,126
05/02/2023,GSP,SC,ASO,ES,Combined TRACON& Tower with Radar,75,10,26,0,111,0,0,12,0,12,75,10,38,0,123,0,0,0,123
05/03/2023,GSP,SC,ASO,ES,Combined TRACON& Tower with Radar,83,12,28,2,125,0,2,14,0,16,83,14,42,2,141,8,0,8,149
05/04/2023,GSP,SC,ASO,ES,Combined TRACON& Tower with Radar,84,17,30,15,146,0,2,10,3,15,84,19,40,18,161,5,0,5,166
05/05/2023,GSP,SC,ASO,ES,Combined TRACON& Tower with Radar,92,13,29,10,144,0,3,12,0,15,92,16,41,10,159,20,0,20,179
05/06/2023,GSP,SC,ASO,ES,Combined TRACON& Tower with Radar,77,15,19,0,111,0,0,9,0,9,77,15,28,0,120,0,0,0,120
05/07/2023,GSP,SC,ASO,ES,Combined TRACON& Tower with Radar,81,18,17,11,127,0,1,3,1,5,81,19,20,12,132,0,0,0,132
05/08/2023,GSP,SC,ASO,ES,Combined TRACON& Tower with Radar,87,17,29,11,144,0,0,11,13,24,87,17,40,24,168,0,16,16,184
05/09/2023,GSP,SC,ASO,ES,Combined TRACON& Tower with Radar,79,13,22,2,116,0,0,4,0,4,79,13,26,2,120,0,0,0,120
05/10/2023,GSP,SC,ASO,ES,Combined TRACON& Tower with Radar,86,14,25,0,125,0,3,6,4,13,86,17,31,4,138,0,0,0,138
05/11/2023,GSP,SC,ASO,ES,Combined TRACON& Tower with Radar,89,17,21,2,129,0,0,13,2,15,89,17,34,4,144,0,0,0,144
05/12/2023,GSP,SC,ASO,ES,Combined TRACON& Tower with Radar,87,11,15,2,115,0,0,1,0,1,87,11,16,2,116,0,0,0,116
05/13/2023,GSP,SC,ASO,ES,Combined TRACON& Tower with Radar,66,11,21,0,98,0,0,1,0,1,66,11,22,0,99,0,0,0,99
05/14/2023,GSP,SC,ASO,ES,Combined TRACON& Tower with Radar,82,20,22,0,124,0,2,7,0,9,82,22,29,0,133,10,0,10,143
05/15/2023,GSP,SC,ASO,ES,Combined TRACON& Tower with Radar,83,14,29,8,134,0,2,5,0,7,83,16,34,8,141,0,0,0,141
05/16/2023,GSP,SC,ASO,ES,Combined TRACON& Tower with Radar,75,24,21,12,132,0,0,1,2,3,75,24,22,14,135,0,0,0,135
05/17/2023,GSP,SC,ASO,ES,Combined TRACON& Tower with Radar,86,14,28,14,142,0,2,5,2,9,86,16,33,16,151,17,16,33,184
05/18/2023,GSP,SC,ASO,ES,Combined TRACON& Tower with Radar,88,16,32,1,137,0,2,2,0,4,88,18,34,1,141,0,0,0,141
05/19/2023,GSP,SC,ASO,ES,Combined TRACON& Tower with Radar,90,13,28,12,143,0,0,4,0,4,90,13,32,12,147,14,24,38,185
05/20/2023,GSP,SC,ASO,ES,Combined TRACON& Tower with Radar,71,9,22,0,102,0,2,4,2,8,71,11,26,2,110,0,0,0,110
05/21/2023,GSP,SC,ASO,ES,Combined TRACON& Tower with Radar,82,15,21,6,124,0,1,4,1,6,82,16,25,7,130,0,0,0,130
05/22/2023,GSP,SC,ASO,ES,Combined TRACON& Tower with Radar,84,8,46,18,156,0,2,15,54,71,84,10,61,72,227,31,20,51,278
05/23/2023,GSP,SC,ASO,ES,Combined TRACON& Tower with Radar,81,13,35,3,132,0,2,5,2,9,81,15,40,5,141,16,0,16,157
05/24/2023,GSP,SC,ASO,ES,Combined TRACON& Tower with Radar,85,12,22,7,126,0,3,8,1,12,85,15,30,8,138,0,26,26,164
05/25/2023,GSP,SC,ASO,ES,Combined TRACON& Tower with Radar,92,21,38,8,159,0,0,13,0,13,92,21,51,8,172,13,4,17,189
05/26/2023,GSP,SC,ASO,ES,Combined TRACON& Tower with Radar,92,12,26,1,131,0,0,9,1,10,92,12,35,2,141,2,0,2,143
05/27/2023,GSP,SC,ASO,ES,Combined TRACON& Tower with Radar,66,10,7,0,83,0,0,1,0,1,66,10,8,0,84,0,0,0,84
05/28/2023,GSP,SC,ASO,ES,Combined TRACON& Tower with Radar,77,15,7,0,99,0,0,1,0,1,77,15,8,0,100,0,0,0,100
05/29/2023,GSP,SC,ASO,ES,Combined TRACON& Tower with Radar,82,12,16,0,110,0,2,4,0,6,82,14,20,0,116,0,0,0,116
05/30/2023,GSP,SC,ASO,ES,Combined TRACON& Tower with Radar,76,11,25,5,117,0,0,2,0,2,76,11,27,5,119,0,0,0,119
05/31/2023,GSP,SC,ASO,ES,Combined TRACON& Tower with Radar,85,13,23,21,142,0,1,3,2,6,85,14,26,23,148,8,10,18,166
06/01/2023,GSP,SC,ASO,ES,Combined TRACON& Tower with Radar,84,12,38,3,137,0,4,16,3,23,84,16,54,6,160,42,20,62,222
06/02/2023,GSP,SC,ASO,ES,Combined TRACON& Tower with Radar,88,13,21,21,143,0,0,4,4,8,88,13,25,25,151,0,14,14,165
06/03/2023,GSP,SC,ASO,ES,Combined TRACON& Tower with Radar,70,6,14,7,97,0,2,4,3,9,70,8,18,10,106,0,0,0,106
06/04/2023,GSP,SC,ASO,ES,Combined TRACON& Tower with Radar,81,18,14,0,113,1,0,1,2,4,82,18,15,2,117,0,0,0,117
06/05/2023,GSP,SC,ASO,ES,Combined TRACON& Tower with Radar,83,10,22,12,127,0,0,7,0,7,83,10,29,12,134,18,0,18,152
06/06/2023,GSP,SC,ASO,ES,Combined TRACON& Tower with Radar,85,16,25,0,126,0,0,10,0,10,85,16,35,0,136,0,0,0,136
06/07/2023,GSP,SC,ASO,ES,Combined TRACON& Tower with Radar,88,11,33,15,147,0,2,9,3,14,88,13,42,18,161,10,48,58,219
06/08/2023,GSP,SC,ASO,ES,Combined TRACON& Tower with Radar,90,19,25,10,144,0,2,9,2,13,90,21,34,12,157,8,36,44,201
06/09/2023,GSP,SC,ASO,ES,Combined TRACON& Tower with Radar,88,10,21,7,126,0,0,11,0,11,88,10,32,7,137,32,0,32,169
06/10/2023,GSP,SC,ASO,ES,Combined TRACON& Tower with Radar,76,13,12,0,101,0,0,9,4,13,76,13,21,4,114,22,0,22,136
06/11/2023,GSP,SC,ASO,ES,Combined TRACON& Tower with Radar,77,28,14,1,120,0,0,0,0,0,77,28,14,1,120,0,0,0,120
06/12/2023,GSP,SC,ASO,ES,Combined TRACON& Tower with Radar,86,6,35,17,144,0,0,2,4,6,86,6,37,21,150,0,16,16,166
06/13/2023,GSP,SC,ASO,ES,Combined TRACON& Tower with Radar,87,14,31,21,153,0,2,8,0,10,87,16,39,21,163,40,0,40,203
06/14/2023,GSP,SC,ASO,ES,Combined TRACON& Tower with Radar,83,13,30,0,126,0,2,5,0,7,83,15,35,0,133,0,0,0,133
06/15/2023,GSP,SC,ASO,ES,Combined TRACON& Tower with Radar,85,18,19,0,122,0,0,8,0,8,85,18,27,0,130,20,0,20,150
06/16/2023,GSP,SC,ASO,ES,Combined TRACON& Tower with Radar,95,7,33,2,137,0,3,13,3,19,95,10,46,5,156,6,0,6,162
06/17/2023,GSP,SC,ASO,ES,Combined TRACON& Tower with Radar,69,9,18,0,96,0,3,2,2,7,69,12,20,2,103,0,0,0,103
06/18/2023,GSP,SC,ASO,ES,Combined TRACON& Tower with Radar,78,14,16,0,108,0,2,4,0,6,78,16,20,0,114,0,0,0,114
06/19/2023,GSP,SC,ASO,ES,Combined TRACON& Tower with Radar,86,9,24,0,119,0,0,1,0,1,86,9,25,0,120,0,0,0,120
06/20/2023,GSP,SC,ASO,ES,Combined TRACON& Tower with Radar,81,12,20,0,113,0,0,0,0,0,81,12,20,0,113,0,0,0,113
06/21/2023,GSP,SC,ASO,ES,Combined TRACON& Tower with Radar,87,11,24,0,122,0,0,0,0,0,87,11,24,0,122,0,0,0,122
06/22/2023,GSP,SC,ASO,ES,Combined TRACON& Tower with Radar,94,21,25,0,140,0,0,0,0,0,94,21,25,0,140,0,0,0,140
06/23/2023,GSP,SC,ASO,ES,Combined TRACON& Tower with Radar,90,12,12,6,120,0,0,7,0,7,90,12,19,6,127,14,0,14,141
06/24/2023,GSP,SC,ASO,ES,Combined TRACON& Tower with Radar,72,9,7,0,88,0,0,5,3,8,72,9,12,3,96,24,0,24,120
06/25/2023,GSP,SC,ASO,ES,Combined TRACON& Tower with Radar,72,16,13,0,101,0,2,6,0,8,72,18,19,0,109,0,0,0,109
06/26/2023,GSP,SC,ASO,ES,Combined TRACON& Tower with Radar,85,15,31,5,136,0,0,21,1,22,85,15,52,6,158,0,0,0,158
06/27/2023,GSP,SC,ASO,ES,Combined TRACON& Tower with Radar,66,17,33,37,153,0,0,18,2,20,66,17,51,39,173,0,22,22,195
06/28/2023,GSP,SC,ASO,ES,Combined TRACON& Tower with Radar,86,18,32,34,170,0,0,29,6,35,86,18,61,40,205,104,16,120,325
06/29/2023,GSP,SC,ASO,ES,Combined TRACON& Tower with Radar,89,21,28,6,144,0,0,15,0,15,89,21,43,6,159,16,0,16,175
06/30/2023,GSP,SC,ASO,ES,Combined TRACON& Tower with Radar,88,11,19,6,124,0,0,6,0,6,88,11,25,6,130,0,12,12,142
07/01/2023,GSP,SC,ASO,ES,Combined TRACON& Tower with Radar,72,11,32,0,115,0,0,7,0,7,72,11,39,0,122,20,0,20,142
07/02/2023,GSP,SC,ASO,ES,Combined TRACON& Tower with Radar,69,15,9,0,93,0,0,8,0,8,69,15,17,0,101,4,0,4,105
07/03/2023,GSP,SC,ASO,ES,Combined TRACON& Tower with Radar,70,5,17,2,94,0,2,9,0,11,70,7,26,2,105,0,0,0,105
07/04/2023,GSP,SC,ASO,ES,Combined TRACON& Tower with Radar,57,9,2,1,69,0,0,10,1,11,57,9,12,2,80,0,0,0,80
07/05/2023,GSP,SC,ASO,ES,Combined TRACON& Tower with Radar,85,21,20,8,134,0,0,16,2,18,85,21,36,10,152,4,0,4,156
07/06/2023,GSP,SC,ASO,ES,Combined TRACON& Tower with Radar,90,15,22,24,151,0,2,7,10,19,90,17,29,34,170,0,44,44,214
07/07/2023,GSP,SC,ASO,ES,Combined TRACON& Tower with Radar,86,10,20,17,133,0,1,8,0,9,86,11,28,17,142,0,6,6,148
07/08/2023,GSP,SC,ASO,ES,Combined TRACON& Tower with Radar,70,12,10,0,92,0,5,17,0,22,70,17,27,0,114,14,0,14,128
07/09/2023,GSP,SC,ASO,ES,Combined TRACON& Tower with Radar,82,13,18,0,113,0,1,6,2,9,82,14,24,2,122,0,0,0,122
07/10/2023,GSP,SC,ASO,ES,Combined TRACON& Tower with Radar,86,18,19,0,123,0,7,13,0,20,86,25,32,0,143,8,0,8,151
07/11/2023,GSP,SC,ASO,ES,Combined TRACON& Tower with Radar,87,14,29,0,130,0,0,14,0,14,87,14,43,0,144,0,0,0,144
07/12/2023,GSP,SC,ASO,ES,Combined TRACON& Tower with Radar,87,16,26,26,155,0,1,6,10,17,87,17,32,36,172,0,48,48,220
07/13/2023,GSP,SC,ASO,ES,Combined TRACON& Tower with Radar,93,21,26,6,146,0,0,6,2,8,93,21,32,8,154,0,0,0,154
07/14/2023,GSP,SC,ASO,ES,Combined TRACON& Tower with Radar,83,12,13,23,131,0,0,12,5,17,83,12,25,28,148,56,24,80,228
07/15/2023,GSP,SC,ASO,ES,Combined TRACON& Tower with Radar,74,10,17,0,101,0,0,5,0,5,74,10,22,0,106,0,0,0,106
07/16/2023,GSP,SC,ASO,ES,Combined TRACON& Tower with Radar,79,24,28,29,160,0,3,1,4,8,79,27,29,33,168,8,27,35,203
07/17/2023,GSP,SC,ASO,ES,Combined TRACON& Tower with Radar,91,13,27,2,133,0,0,9,0,9,91,13,36,2,142,20,0,20,162
07/18/2023,GSP,SC,ASO,ES,Combined TRACON& Tower with Radar,79,25,29,7,140,0,0,6,3,9,79,25,35,10,149,0,16,16,165
07/19/2023,GSP,SC,ASO,ES,Combined TRACON& Tower with Radar,86,25,19,12,142,0,0,14,0,14,86,25,33,12,156,8,20,28,184
07/20/2023,GSP,SC,ASO,ES,Combined TRACON& Tower with Radar,93,15,28,4,140,0,1,3,0,4,93,16,31,4,144,0,0,0,144
07/21/2023,GSP,SC,ASO,ES,Combined TRACON& Tower with Radar,96,12,20,29,157,0,5,5,4,14,96,17,25,33,171,0,14,14,185
07/22/2023,GSP,SC,ASO,ES,Combined TRACON& Tower with Radar,80,11,16,0,107,0,6,10,0,16,80,17,26,0,123,19,0,19,142
07/23/2023,GSP,SC,ASO,ES,Combined TRACON& Tower with Radar,92,31,17,2,142,0,1,4,0,5,92,32,21,2,147,0,0,0,147
07/24/2023,GSP,SC,ASO,ES,Combined TRACON& Tower with Radar,86,24,29,16,155,0,1,7,0,8,86,25,36,16,163,10,0,10,173
07/25/2023,GSP,SC,ASO,ES,Combined TRACON& Tower with Radar,74,14,19,4,111,0,0,11,2,13,74,14,30,6,124,12,0,12,136
07/26/2023,GSP,SC,ASO,ES,Combined TRACON& Tower with Radar,90,19,18,24,151,0,1,10,6,17,90,20,28,30,168,30,10,40,208
07/27/2023,GSP,SC,ASO,ES,Combined TRACON& Tower with Radar,86,21,30,23,160,0,0,19,0,19,86,21,49,23,179,9,8,17,196
07/28/2023,GSP,SC,ASO,ES,Combined TRACON& Tower with Radar,93,19,20,41,173,0,2,15,3,20,93,21,35,44,193,10,4,14,207
07/29/2023,GSP,SC,ASO,ES,Combined TRACON& Tower with Radar,71,5,4,3,83,0,4,4,3,11,71,9,8,6,94,16,0,16,110
07/30/2023,GSP,SC,ASO,ES,Combined TRACON& Tower with Radar,89,20,3,0,112,0,0,1,0,1,89,20,4,0,113,0,0,0,113
07/31/2023,GSP,SC,ASO,ES,Combined TRACON& Tower with Radar,89,14,15,8,126,0,2,13,0,15,89,16,28,8,141,0,0,0,141
08/01/2023,GSP,SC,ASO,ES,Combined TRACON& Tower with Radar,84,15,18,3,120,0,5,13,1,19,84,20,31,4,139,18,18,36,175
08/02/2023,GSP,SC,ASO,ES,Combined TRACON& Tower with Radar,91,12,23,3,129,0,0,7,1,8,91,12,30,4,137,0,0,0,137
08/03/2023,GSP,SC,ASO,ES,Combined TRACON& Tower with Radar,95,26,34,0,155,0,0,0,0,0,95,26,34,0,155,0,0,0,155
08/04/2023,GSP,SC,ASO,ES,Combined TRACON& Tower with Radar,96,17,16,18,147,0,1,0,0,1,96,18,16,18,148,0,0,0,148
08/05/2023,GSP,SC,ASO,ES,Combined TRACON& Tower with Radar,67,6,15,0,88,0,5,6,0,11,67,11,21,0,99,16,0,16,115
08/06/2023,GSP,SC,ASO,ES,Combined TRACON& Tower with Radar,86,12,11,0,109,0,0,3,0,3,86,12,14,0,112,0,0,0,112
08/07/2023,GSP,SC,ASO,ES,Combined TRACON& Tower with Radar,75,22,20,0,117,0,4,5,3,12,75,26,25,3,129,0,0,0,129
08/08/2023,GSP,SC,ASO,ES,Combined TRACON& Tower with Radar,80,18,25,9,132,0,2,17,8,27,80,20,42,17,159,0,9,9,168
08/09/2023,GSP,SC,ASO,ES,Combined TRACON& Tower with Radar,88,15,24,60,187,0,0,12,16,28,88,15,36,76,215,0,30,30,245
08/10/2023,GSP,SC,ASO,ES,Combined TRACON& Tower with Radar,89,21,18,4,132,0,0,10,4,14,89,21,28,8,146,36,0,36,182
08/11/2023,GSP,SC,ASO,ES,Combined TRACON& Tower with Radar,93,15,23,0,131,0,0,8,0,8,93,15,31,0,139,0,0,0,139
08/12/2023,GSP,SC,ASO,ES,Combined TRACON& Tower with Radar,77,12,6,0,95,0,0,16,0,16,77,12,22,0,111,29,0,29,140
08/13/2023,GSP,SC,ASO,ES,Combined TRACON& Tower with Radar,85,24,13,0,122,0,0,19,0,19,85,24,32,0,141,93,0,93,234
08/14/2023,GSP,SC,ASO,ES,Combined TRACON& Tower with Radar,84,10,27,4,125,0,2,9,0,11,84,12,36,4,136,0,0,0,136
08/15/2023,GSP,SC,ASO,ES,Combined TRACON& Tower with Radar,81,20,18,14,133,0,0,10,0,10,81,20,28,14,143,8,0,8,151
08/16/2023,GSP,SC,ASO,ES,Combined TRACON& Tower with Radar,92,15,34,3,144,0,0,11,4,15,92,15,45,7,159,0,0,0,159
08/17/2023,GSP,SC,ASO,ES,Combined TRACON& Tower with Radar,90,30,30,10,160,0,2,14,3,19,90,32,44,13,179,0,16,16,195
08/18/2023,GSP,SC,ASO,ES,Combined TRACON& Tower with Radar,92,11,20,11,134,0,0,6,1,7,92,11,26,12,141,0,26,26,167
08/19/2023,GSP,SC,ASO,ES,Combined TRACON& Tower with Radar,67,16,9,3,95,0,2,9,0,11,67,18,18,3,106,0,0,0,106
08/20/2023,GSP,SC,ASO,ES,Combined TRACON& Tower with Radar,90,17,17,3,127,0,3,14,1,18,90,20,31,4,145,14,0,14,159
08/21/2023,GSP,SC,ASO,ES,Combined TRACON& Tower with Radar,85,15,20,0,120,0,1,10,2,13,85,16,30,2,133,0,0,0,133
08/22/2023,GSP,SC,ASO,ES,Combined TRACON& Tower with Radar,84,11,28,3,126,0,1,19,3,23,84,12,47,6,149,0,10,10,159
08/23/2023,GSP,SC,ASO,ES,Combined TRACON& Tower with Radar,90,15,38,5,148,0,1,21,1,23,90,16,59,6,171,2,15,17,188
08/24/2023,GSP,SC,ASO,ES,Combined TRACON& Tower with Radar,94,14,32,4,144,0,0,15,6,21,94,14,47,10,165,34,4,38,203
08/25/2023,GSP,SC,ASO,ES,Combined TRACON& Tower with Radar,88,19,25,17,149,0,0,11,1,12,88,19,36,18,161,14,22,36,197
08/26/2023,GSP,SC,ASO,ES,Combined TRACON& Tower with Radar,70,12,12,0,94,0,0,11,2,13,70,12,23,2,107,0,0,0,107
08/27/2023,GSP,SC,ASO,ES,Combined TRACON& Tower with Radar,84,15,16,0,115,0,0,10,1,11,84,15,26,1,126,0,0,0,126
08/28/2023,GSP,SC,ASO,ES,Combined TRACON& Tower with Radar,101,14,31,2,148,0,0,5,0,5,101,14,36,2,153,0,0,0,153
08/29/2023,GSP,SC,ASO,ES,Combined TRACON& Tower with Radar,84,15,23,0,122,1,0,7,0,8,85,15,30,0,130,6,0,6,136
08/30/2023,GSP,SC,ASO,ES,Combined TRACON& Tower with Radar,91,10,19,0,120,0,0,0,0,0,91,10,19,0,120,0,0,0,120
08/31/2023,GSP,SC,ASO,ES,Combined TRACON& Tower with Radar,95,17,37,1,150,0,0,20,5,25,95,17,57,6,175,31,26,57,232
01/01/2020,GSP,SC,ASO,ES,Combined TRACON& Tower with Radar,63,17,8,0,88,0,3,7,0,10,63,20,15,0,98,0,0,0,98
01/02/2020,GSP,SC,ASO,ES,Combined TRACON& Tower with Radar,85,30,15,0,130,0,2,0,0,2,85,32,15,0,132,0,0,0,132
01/03/2020,GSP,SC,ASO,ES,Combined TRACON& Tower with Radar,84,37,5,0,126,0,0,0,0,0,84,37,5,0,126,0,0,0,126
01/04/2020,GSP,SC,ASO,ES,Combined TRACON& Tower with Radar,68,24,11,0,103,0,0,3,0,3,68,24,14,0,106,0,0,0,106
01/05/2020,GSP,SC,ASO,ES,Combined TRACON& Tower with Radar,81,17,11,0,109,0,2,7,2,11,81,19,18,2,120,0,0,0,120
01/06/2020,GSP,SC,ASO,ES,Combined TRACON& Tower with Radar,86,28,15,2,131,0,0,4,0,4,86,28,19,2,135,0,0,0,135
01/07/2020,GSP,SC,ASO,ES,Combined TRACON& Tower with Radar,91,22,21,1,135,0,4,1,1,6,91,26,22,2,141,0,0,0,141
01/08/2020,GSP,SC,ASO,ES,Combined TRACON& Tower with Radar,84,29,25,27,165,0,2,19,1,22,84,31,44,28,187,20,14,34,221
01/09/2020,GSP,SC,ASO,ES,Combined TRACON& Tower with Radar,98,23,23,7,151,0,0,10,5,15,98,23,33,12,166,0,8,8,174
01/10/2020,GSP,SC,ASO,ES,Combined TRACON& Tower with Radar,94,21,28,6,149,0,2,3,2,7,94,23,31,8,156,0,0,0,156
01/11/2020,GSP,SC,ASO,ES,Combined TRACON& Tower with Radar,70,20,7,29,126,0,0,0,0,0,70,20,7,29,126,0,0,0,126
01/12/2020,GSP,SC,ASO,ES,Combined TRACON& Tower with Radar,88,19,8,2,117,0,2,3,0,5,88,21,11,2,122,0,0,0,122
01/13/2020,GSP,SC,ASO,ES,Combined TRACON& Tower with Radar,86,28,21,0,135,0,2,0,0,2,86,30,21,0,137,0,0,0,137
01/14/2020,GSP,SC,ASO,ES,Combined TRACON& Tower with Radar,108,30,23,0,161,0,0,0,0,0,108,30,23,0,161,0,0,0,161
01/15/2020,GSP,SC,ASO,ES,Combined TRACON& Tower with Radar,85,32,17,2,136,0,0,0,0,0,85,32,17,2,136,0,0,0,136
01/16/2020,GSP,SC,ASO,ES,Combined TRACON& Tower with Radar,93,29,15,14,151,0,2,5,3,10,93,31,20,17,161,0,0,0,161
01/17/2020,GSP,SC,ASO,ES,Combined TRACON& Tower with Radar,87,33,22,28,170,0,7,10,0,17,87,40,32,28,187,0,0,0,187
01/18/2020,GSP,SC,ASO,ES,Combined TRACON& Tower with Radar,55,19,2,0,76,0,0,0,0,0,55,19,2,0,76,0,0,0,76
01/19/2020,GSP,SC,ASO,ES,Combined TRACON& Tower with Radar,71,22,11,4,108,0,3,6,0,9,71,25,17,4,117,0,0,0,117
01/20/2020,GSP,SC,ASO,ES,Combined TRACON& Tower with Radar,85,30,24,0,139,0,4,7,0,11,85,34,31,0,150,0,0,0,150
01/21/2020,GSP,SC,ASO,ES,Combined TRACON& Tower with Radar,83,21,16,11,131,0,3,10,0,13,83,24,26,11,144,8,0,8,152
01/22/2020,GSP,SC,ASO,ES,Combined TRACON& Tower with Radar,86,31,25,5,147,0,2,13,3,18,86,33,38,8,165,0,0,0,165
01/23/2020,GSP,SC,ASO,ES,Combined TRACON& Tower with Radar,94,27,25,8,154,0,0,6,0,6,94,27,31,8,160,0,4,4,164
01/24/2020,GSP,SC,ASO,ES,Combined TRACON& Tower with Radar,90,29,16,0,135,0,0,0,0,0,90,29,16,0,135,0,0,0,135
01/25/2020,GSP,SC,ASO,ES,Combined TRACON& Tower with Radar,62,17,5,2,86,0,0,4,0,4,62,17,9,2,90,0,0,0,90
01/26/2020,GSP,SC,ASO,ES,Combined TRACON& Tower with Radar,88,24,19,2,133,0,0,21,0,21,88,24,40,2,154,12,0,12,166
01/27/2020,GSP,SC,ASO,ES,Combined TRACON& Tower with Radar,100,21,23,13,157,0,0,6,2,8,100,21,29,15,165,0,6,6,171
01/28/2020,GSP,SC,ASO,ES,Combined TRACON& Tower with Radar,85,28,30,18,161,0,1,7,0,8,85,29,37,18,169,0,0,0,169
01/29/2020,GSP,SC,ASO,ES,Combined TRACON& Tower with Radar,83,31,30,19,163,0,2,7,2,11,83,33,37,21,174,0,0,0,174
01/30/2020,GSP,SC,ASO,ES,Combined TRACON& Tower with Radar,95,36,31,2,164,0,1,7,0,8,95,37,38,2,172,0,0,0,172
01/31/2020,GSP,SC,ASO,ES,Combined TRACON& Tower with Radar,87,35,21,4,147,0,0,1,1,2,87,35,22,5,149,0,0,0,149
02/01/2020,GSP,SC,ASO,ES,Combined TRACON& Tower with Radar,54,18,8,2,82,0,0,3,0,3,54,18,11,2,85,0,0,0,85
02/02/2020,GSP,SC,ASO,ES,Combined TRACON& Tower with Radar,80,21,17,0,118,0,0,6,0,6,80,21,23,0,124,0,0,0,124
02/03/2020,GSP,SC,ASO,ES,Combined TRACON& Tower with Radar,86,34,12,0,132,0,1,5,0,6,86,35,17,0,138,0,0,0,138
02/04/2020,GSP,SC,ASO,ES,Combined TRACON& Tower with Radar,84,23,23,1,131,0,1,3,2,6,84,24,26,3,137,0,0,0,137
02/05/2020,GSP,SC,ASO,ES,Combined TRACON& Tower with Radar,82,25,13,13,133,0,0,0,0,0,82,25,13,13,133,0,0,0,133
02/06/2020,GSP,SC,ASO,ES,Combined TRACON& Tower with Radar,84,30,10,0,124,0,0,0,0,0,84,30,10,0,124,0,0,0,124
02/07/2020,GSP,SC,ASO,ES,Combined TRACON& Tower with Radar,82,27,13,25,147,0,1,5,0,6,82,28,18,25,153,0,0,0,153
02/08/2020,GSP,SC,ASO,ES,Combined TRACON& Tower with Radar,58,26,11,2,97,0,0,5,0,5,58,26,16,2,102,0,0,0,102
02/09/2020,GSP,SC,ASO,ES,Combined TRACON& Tower with Radar,85,26,5,0,116,1,0,6,0,7,86,26,11,0,123,10,0,10,133
02/10/2020,GSP,SC,ASO,ES,Combined TRACON& Tower with Radar,90,22,17,4,133,0,0,11,0,11,90,22,28,4,144,0,0,0,144
02/11/2020,GSP,SC,ASO,ES,Combined TRACON& Tower with Radar,87,18,16,0,121,0,0,1,0,1,87,18,17,0,122,0,0,0,122
02/12/2020,GSP,SC,ASO,ES,Combined TRACON& Tower with Radar,83,38,22,0,143,0,0,0,0,0,83,38,22,0,143,0,0,0,143
02/13/2020,GSP,SC,ASO,ES,Combined TRACON& Tower with Radar,97,29,25,2,153,0,0,1,0,1,97,29,26,2,154,0,0,0,154
02/14/2020,GSP,SC,ASO,ES,Combined TRACON& Tower with Radar,87,27,17,0,131,0,2,8,0,10,87,29,25,0,141,0,0,0,141
02/15/2020,GSP,SC,ASO,ES,Combined TRACON& Tower with Radar,57,23,6,0,86,0,3,3,3,9,57,26,9,3,95,0,0,0,95
02/16/2020,GSP,SC,ASO,ES,Combined TRACON& Tower with Radar,78,27,17,0,122,0,3,3,0,6,78,30,20,0,128,12,0,12,140
02/17/2020,GSP,SC,ASO,ES,Combined TRACON& Tower with Radar,94,25,14,0,133,0,3,5,0,8,94,28,19,0,141,0,0,0,141
02/18/2020,GSP,SC,ASO,ES,Combined TRACON& Tower with Radar,95,28,26,0,149,0,0,0,0,0,95,28,26,0,149,0,0,0,149
02/19/2020,GSP,SC,ASO,ES,Combined TRACON& Tower with Radar,91,25,16,7,139,0,1,4,1,6,91,26,20,8,145,0,0,0,145
02/20/2020,GSP,SC,ASO,ES,Combined TRACON& Tower with Radar,97,30,25,0,152,0,0,0,0,0,97,30,25,0,152,0,0,0,152
02/21/2020,GSP,SC,ASO,ES,Combined TRACON& Tower with Radar,89,33,27,3,152,0,3,13,1,17,89,36,40,4,169,0,0,0,169
02/22/2020,GSP,SC,ASO,ES,Combined TRACON& Tower with Radar,59,23,11,0,93,0,0,17,0,17,59,23,28,0,110,0,0,0,110
02/23/2020,GSP,SC,ASO,ES,Combined TRACON& Tower with Radar,85,27,10,0,122,0,3,5,0,8,85,30,15,0,130,0,0,0,130
02/24/2020,GSP,SC,ASO,ES,Combined TRACON& Tower with Radar,91,35,18,3,147,0,0,3,0,3,91,35,21,3,150,0,0,0,150
02/25/2020,GSP,SC,ASO,ES,Combined TRACON& Tower with Radar,86,27,30,2,145,0,2,5,0,7,86,29,35,2,152,0,0,0,152
02/26/2020,GSP,SC,ASO,ES,Combined TRACON& Tower with Radar,87,40,22,23,172,0,0,3,11,14,87,40,25,34,186,0,20,20,206
02/27/2020,GSP,SC,ASO,ES,Combined TRACON& Tower with Radar,92,38,27,13,170,0,3,13,0,16,92,41,40,13,186,0,0,0,186
02/28/2020,GSP,SC,ASO,ES,Combined TRACON& Tower with Radar,94,32,31,11,168,0,3,8,0,11,94,35,39,11,179,0,0,0,179
02/29/2020,GSP,SC,ASO,ES,Combined TRACON& Tower with Radar,67,29,12,0,108,0,2,5,1,8,67,31,17,1,116,0,0,0,116
03/01/2020,GSP,SC,ASO,ES,Combined TRACON& Tower with Radar,84,30,18,2,134,0,2,12,0,14,84,32,30,2,148,0,0,0,148
03/02/2020,GSP,SC,ASO,ES,Combined TRACON& Tower with Radar,92,33,28,0,153,0,0,2,0,2,92,33,30,0,155,0,0,0,155
03/03/2020,GSP,SC,ASO,ES,Combined TRACON& Tower with Radar,90,37,17,2,146,0,0,4,0,4,90,37,21,2,150,0,0,0,150
03/04/2020,GSP,SC,ASO,ES,Combined TRACON& Tower with Radar,95,31,29,6,161,0,1,5,1,7,95,32,34,7,168,0,0,0,168
03/05/2020,GSP,SC,ASO,ES,Combined TRACON& Tower with Radar,98,27,23,0,148,0,0,1,0,1,98,27,24,0,149,0,0,0,149
03/06/2020,GSP,SC,ASO,ES,Combined TRACON& Tower with Radar,95,38,14,0,147,0,0,4,0,4,95,38,18,0,151,0,0,0,151
03/07/2020,GSP,SC,ASO,ES,Combined TRACON& Tower with Radar,58,23,18,7,106,0,2,13,0,15,58,25,31,7,121,20,0,20,141
03/08/2020,GSP,SC,ASO,ES,Combined TRACON& Tower with Radar,87,30,22,0,139,1,4,12,0,17,88,34,34,0,156,0,0,0,156
03/09/2020,GSP,SC,ASO,ES,Combined TRACON& Tower with Radar,92,29,16,16,153,0,2,11,3,16,92,31,27,19,169,0,30,30,199
03/10/2020,GSP,SC,ASO,ES,Combined TRACON& Tower with Radar,93,28,24,0,145,0,2,2,0,4,93,30,26,0,149,0,0,0,149
03/11/2020,GSP,SC,ASO,ES,Combined TRACON& Tower with Radar,90,27,34,14,165,0,3,7,0,10,90,30,41,14,175,0,0,0,175
03/12/2020,GSP,SC,ASO,ES,Combined TRACON& Tower with Radar,95,31,25,0,151,0,0,11,2,13,95,31,36,2,164,0,0,0,164
03/13/2020,GSP,SC,ASO,ES,Combined TRACON& Tower with Radar,89,25,12,17,143,0,3,1,0,4,89,28,13,17,147,12,0,12,159
03/14/2020,GSP,SC,ASO,ES,Combined TRACON& Tower with Radar,60,21,7,0,88,0,2,5,0,7,60,23,12,0,95,0,0,0,95
03/15/2020,GSP,SC,ASO,ES,Combined TRACON& Tower with Radar,88,24,11,0,123,0,0,4,0,4,88,24,15,0,127,0,0,0,127
03/16/2020,GSP,SC,ASO,ES,Combined TRACON& Tower with Radar,97,24,13,4,138,0,0,2,0,2,97,24,15,4,140,0,12,12,152
03/17/2020,GSP,SC,ASO,ES,Combined TRACON& Tower with Radar,90,28,7,0,125,0,0,1,0,1,90,28,8,0,126,4,0,4,130
03/18/2020,GSP,SC,ASO,ES,Combined TRACON& Tower with Radar,88,38,14,0,140,0,0,0,0,0,88,38,14,0,140,0,0,0,140
03/19/2020,GSP,SC,ASO,ES,Combined TRACON& Tower with Radar,95,28,18,0,141,0,1,19,1,21,95,29,37,1,162,0,0,0,162
03/20/2020,GSP,SC,ASO,ES,Combined TRACON& Tower with Radar,84,20,13,2,119,0,1,9,0,10,84,21,22,2,129,20,0,20,149
03/21/2020,GSP,SC,ASO,ES,Combined TRACON& Tower with Radar,48,15,16,0,79,0,3,11,0,14,48,18,27,0,93,0,0,0,93
03/22/2020,GSP,SC,ASO,ES,Combined TRACON& Tower with Radar,67,14,7,2,90,0,6,0,0,6,67,20,7,2,96,0,0,0,96
03/23/2020,GSP,SC,ASO,ES,Combined TRACON& Tower with Radar,65,19,3,0,87,0,0,0,0,0,65,19,3,0,87,0,0,0,87
03/24/2020,GSP,SC,ASO,ES,Combined TRACON& Tower with Radar,55,14,1,0,70,0,0,0,0,0,55,14,1,0,70,0,0,0,70
03/25/2020,GSP,SC,ASO,ES,Combined TRACON& Tower with Radar,57,14,8,6,85,0,0,3,1,4,57,14,11,7,89,0,0,0,89
03/26/2020,GSP,SC,ASO,ES,Combined TRACON& Tower with Radar,58,9,12,1,80,0,0,1,2,3,58,9,13,3,83,0,0,0,83
03/27/2020,GSP,SC,ASO,ES,Combined TRACON& Tower with Radar,43,5,17,10,75,0,2,2,0,4,43,7,19,10,79,0,0,0,79
03/28/2020,GSP,SC,ASO,ES,Combined TRACON& Tower with Radar,44,8,0,0,52,0,1,3,0,4,44,9,3,0,56,0,0,0,56
03/29/2020,GSP,SC,ASO,ES,Combined TRACON& Tower with Radar,49,7,0,0,56,0,1,2,0,3,49,8,2,0,59,0,0,0,59
03/30/2020,GSP,SC,ASO,ES,Combined TRACON& Tower with Radar,47,9,4,2,62,0,2,5,0,7,47,11,9,2,69,8,0,8,77
03/31/2020,GSP,SC,ASO,ES,Combined TRACON& Tower with Radar,50,11,21,0,82,0,1,3,1,5,50,12,24,1,87,0,0,0,87
04/01/2020,GSP,SC,ASO,ES,Combined TRACON& Tower with Radar,49,7,6,1,63,0,0,4,0,4,49,7,10,1,67,0,0,0,67
04/02/2020,GSP,SC,ASO,ES,Combined TRACON& Tower with Radar,51,4,13,2,70,0,2,6,0,8,51,6,19,2,78,0,0,0,78
04/03/2020,GSP,SC,ASO,ES,Combined TRACON& Tower with Radar,36,8,11,0,55,0,6,7,0,13,36,14,18,0,68,0,0,0,68
04/04/2020,GSP,SC,ASO,ES,Combined TRACON& Tower with Radar,33,8,6,0,47,0,0,4,0,4,33,8,10,0,51,0,0,0,51
04/05/2020,GSP,SC,ASO,ES,Combined TRACON& Tower with Radar,37,5,7,0,49,0,0,4,0,4,37,5,11,0,53,0,0,0,53
04/06/2020,GSP,SC,ASO,ES,Combined TRACON& Tower with Radar,35,4,17,0,56,0,0,9,0,9,35,4,26,0,65,0,0,0,65
04/07/2020,GSP,SC,ASO,ES,Combined TRACON& Tower with Radar,38,7,6,0,51,0,0,10,2,12,38,7,16,2,63,0,0,0,63
04/08/2020,GSP,SC,ASO,ES,Combined TRACON& Tower with Radar,41,7,4,9,61,0,1,3,1,5,41,8,7,10,66,0,12,12,78
04/09/2020,GSP,SC,ASO,ES,Combined TRACON& Tower with Radar,36,4,4,3,47,0,2,3,2,7,36,6,7,5,54,0,0,0,54
04/10/2020,GSP,SC,ASO,ES,Combined TRACON& Tower with Radar,34,4,0,0,38,0,2,6,0,8,34,6,6,0,46,0,0,0,46
04/11/2020,GSP,SC,ASO,ES,Combined TRACON& Tower with Radar,28,2,5,0,35,0,1,3,0,4,28,3,8,0,39,0,0,0,39
04/12/2020,GSP,SC,ASO,ES,Combined TRACON& Tower with Radar,30,3,0,0,33,0,0,2,0,2,30,3,2,0,35,0,0,0,35
04/13/2020,GSP,SC,ASO,ES,Combined TRACON& Tower with Radar,33,8,5,0,46,0,0,4,0,4,33,8,9,0,50,0,0,0,50
04/14/2020,GSP,SC,ASO,ES,Combined TRACON& Tower with Radar,30,6,6,12,54,0,2,9,0,11,30,8,15,12,65,0,0,0,65
04/15/2020,GSP,SC,ASO,ES,Combined TRACON& Tower with Radar,31,5,6,19,61,0,3,8,0,11,31,8,14,19,72,0,0,0,72
04/16/2020,GSP,SC,ASO,ES,Combined TRACON& Tower with Radar,31,5,12,0,48,0,3,13,2,18,31,8,25,2,66,0,0,0,66
04/17/2020,GSP,SC,ASO,ES,Combined TRACON& Tower with Radar,32,0,11,0,43,0,5,4,4,13,32,5,15,4,56,0,0,0,56
04/18/2020,GSP,SC,ASO,ES,Combined TRACON& Tower with Radar,22,0,6,0,28,0,3,3,0,6,22,3,9,0,34,0,0,0,34
04/19/2020,GSP,SC,ASO,ES,Combined TRACON& Tower with Radar,20,3,1,22,46,0,0,1,2,3,20,3,2,24,49,0,0,0,49
04/20/2020,GSP,SC,ASO,ES,Combined TRACON& Tower with Radar,29,0,7,0,36,0,0,1,0,1,29,0,8,0,37,0,0,0,37
04/21/2020,GSP,SC,ASO,ES,Combined TRACON& Tower with Radar,30,5,5,2,42,0,2,3,0,5,30,7,8,2,47,0,0,0,47
04/22/2020,GSP,SC,ASO,ES,Combined TRACON& Tower with Radar,31,8,19,12,70,0,3,8,2,13,31,11,27,14,83,0,12,12,95
04/23/2020,GSP,SC,ASO,ES,Combined TRACON& Tower with Radar,34,2,5,0,41,0,0,0,0,0,34,2,5,0,41,0,0,0,41
04/24/2020,GSP,SC,ASO,ES,Combined TRACON& Tower with Radar,27,4,9,2,42,0,2,3,0,5,27,6,12,2,47,0,0,0,47
04/25/2020,GSP,SC,ASO,ES,Combined TRACON& Tower with Radar,24,8,4,0,36,0,1,5,0,6,24,9,9,0,42,0,0,0,42
04/26/2020,GSP,SC,ASO,ES,Combined TRACON& Tower with Radar,26,6,7,0,39,0,0,1,0,1,26,6,8,0,40,0,0,0,40
04/27/2020,GSP,SC,ASO,ES,Combined TRACON& Tower with Radar,27,7,12,5,51,0,0,12,0,12,27,7,24,5,63,0,0,0,63
04/28/2020,GSP,SC,ASO,ES,Combined TRACON& Tower with Radar,33,6,6,29,74,0,3,8,27,38,33,9,14,56,112,12,0,12,124
04/29/2020,GSP,SC,ASO,ES,Combined TRACON& Tower with Radar,30,6,10,12,58,0,0,3,3,6,30,6,13,15,64,0,0,0,64
04/30/2020,GSP,SC,ASO,ES,Combined TRACON& Tower with Radar,32,10,11,7,60,0,1,4,5,10,32,11,15,12,70,0,0,0,70
05/01/2020,GSP,SC,ASO,ES,Combined TRACON& Tower with Radar,35,13,7,0,55,0,0,5,0,5,35,13,12,0,60,0,0,0,60
05/02/2020,GSP,SC,ASO,ES,Combined TRACON& Tower with Radar,28,5,10,0,43,0,1,8,0,9,28,6,18,0,52,0,0,0,52
05/03/2020,GSP,SC,ASO,ES,Combined TRACON& Tower with Radar,34,3,9,0,46,0,0,9,0,9,34,3,18,0,55,0,0,0,55
05/04/2020,GSP,SC,ASO,ES,Combined TRACON& Tower with Radar,37,3,14,1,55,0,0,0,1,1,37,3,14,2,56,0,0,0,56
05/05/2020,GSP,SC,ASO,ES,Combined TRACON& Tower with Radar,30,6,15,0,51,0,0,8,0,8,30,6,23,0,59,0,0,0,59
05/06/2020,GSP,SC,ASO,ES,Combined TRACON& Tower with Radar,39,6,12,9,66,0,3,1,2,6,39,9,13,11,72,0,0,0,72
05/07/2020,GSP,SC,ASO,ES,Combined TRACON& Tower with Radar,35,15,13,2,65,0,6,18,0,24,35,21,31,2,89,20,0,20,109
05/08/2020,GSP,SC,ASO,ES,Combined TRACON& Tower with Radar,31,11,13,6,61,0,0,7,0,7,31,11,20,6,68,0,0,0,68
05/09/2020,GSP,SC,ASO,ES,Combined TRACON& Tower with Radar,25,3,9,0,37,0,0,6,0,6,25,3,15,0,43,0,0,0,43
05/10/2020,GSP,SC,ASO,ES,Combined TRACON& Tower with Radar,30,10,9,2,51,0,0,6,0,6,30,10,15,2,57,0,0,0,57
05/11/2020,GSP,SC,ASO,ES,Combined TRACON& Tower with Radar,34,14,12,8,68,0,6,3,0,9,34,20,15,8,77,0,0,0,77
05/12/2020,GSP,SC,ASO,ES,Combined TRACON& Tower with Radar,30,6,20,19,75,0,2,16,4,22,30,8,36,23,97,0,0,0,97
05/13/2020,GSP,SC,ASO,ES,Combined TRACON& Tower with Radar,36,11,14,17,78,0,0,5,3,8,36,11,19,20,86,0,34,34,120
05/14/2020,GSP,SC,ASO,ES,Combined TRACON& Tower with Radar,45,10,17,24,96,0,1,4,2,7,45,11,21,26,103,0,22,22,125
05/15/2020,GSP,SC,ASO,ES,Combined TRACON& Tower with Radar,32,6,19,0,57,0,0,6,0,6,32,6,25,0,63,0,0,0,63
05/16/2020,GSP,SC,ASO,ES,Combined TRACON& Tower with Radar,21,2,6,0,29,0,2,15,0,17,21,4,21,0,46,0,0,0,46
05/17/2020,GSP,SC,ASO,ES,Combined TRACON& Tower with Radar,29,10,7,0,46,0,0,10,0,10,29,10,17,0,56,0,0,0,56
05/18/2020,GSP,SC,ASO,ES,Combined TRACON& Tower with Radar,30,9,5,0,44,0,0,0,0,0,30,9,5,0,44,0,0,0,44
05/19/2020,GSP,SC,ASO,ES,Combined TRACON& Tower with Radar,27,4,7,10,48,0,0,0,0,0,27,4,7,10,48,0,0,0,48
05/20/2020,GSP,SC,ASO,ES,Combined TRACON& Tower with Radar,36,14,6,1,57,0,0,0,0,0,36,14,6,1,57,0,0,0,57
05/21/2020,GSP,SC,ASO,ES,Combined TRACON& Tower with Radar,38,10,16,6,70,0,3,3,2,8,38,13,19,8,78,0,0,0,78
05/22/2020,GSP,SC,ASO,ES,Combined TRACON& Tower with Radar,35,13,15,0,63,0,0,4,2,6,35,13,19,2,69,0,0,0,69
05/23/2020,GSP,SC,ASO,ES,Combined TRACON& Tower with Radar,25,3,10,0,38,0,1,5,2,8,25,4,15,2,46,0,0,0,46
05/24/2020,GSP,SC,ASO,ES,Combined TRACON& Tower with Radar,32,8,10,0,50,0,0,6,0,6,32,8,16,0,56,0,0,0,56
05/25/2020,GSP,SC,ASO,ES,Combined TRACON& Tower with Radar,31,9,10,0,50,0,0,0,0,0,31,9,10,0,50,0,0,0,50
05/26/2020,GSP,SC,ASO,ES,Combined TRACON& Tower with Radar,27,16,18,7,68,0,0,1,1,2,27,16,19,8,70,0,6,6,76
05/27/2020,GSP,SC,ASO,ES,Combined TRACON& Tower with Radar,34,12,15,0,61,0,0,3,0,3,34,12,18,0,64,0,0,0,64
05/28/2020,GSP,SC,ASO,ES,Combined TRACON& Tower with Radar,39,16,14,0,69,0,2,5,0,7,39,18,19,0,76,6,0,6,82
05/29/2020,GSP,SC,ASO,ES,Combined TRACON& Tower with Radar,36,13,7,8,64,0,0,2,0,2,36,13,9,8,66,0,0,0,66
05/30/2020,GSP,SC,ASO,ES,Combined TRACON& Tower with Radar,23,6,8,0,37,0,2,5,0,7,23,8,13,0,44,0,0,0,44
05/31/2020,GSP,SC,ASO,ES,Combined TRACON& Tower with Radar,31,12,14,0,57,0,4,7,0,11,31,16,21,0,68,0,0,0,68
06/01/2020,GSP,SC,ASO,ES,Combined TRACON& Tower with Radar,36,8,13,13,70,0,1,17,0,18,36,9,30,13,88,12,0,12,100
06/02/2020,GSP,SC,ASO,ES,Combined TRACON& Tower with Radar,36,12,20,3,71,0,1,11,0,12,36,13,31,3,83,16,0,16,99
06/03/2020,GSP,SC,ASO,ES,Combined TRACON& Tower with Radar,41,14,29,6,90,0,2,24,0,26,41,16,53,6,116,16,0,16,132
06/04/2020,GSP,SC,ASO,ES,Combined TRACON& Tower with Radar,42,7,21,0,70,0,0,9,0,9,42,7,30,0,79,0,0,0,79
06/05/2020,GSP,SC,ASO,ES,Combined TRACON& Tower with Radar,36,17,7,2,62,0,0,0,1,1,36,17,7,3,63,0,6,6,69
06/06/2020,GSP,SC,ASO,ES,Combined TRACON& Tower with Radar,29,10,8,0,47,0,0,5,0,5,29,10,13,0,52,0,0,0,52
06/07/2020,GSP,SC,ASO,ES,Combined TRACON& Tower with Radar,35,11,12,0,58,0,2,6,0,8,35,13,18,0,66,0,0,0,66
06/08/2020,GSP,SC,ASO,ES,Combined TRACON& Tower with Radar,39,16,9,6,70,0,1,3,0,4,39,17,12,6,74,0,0,0,74
06/09/2020,GSP,SC,ASO,ES,Combined TRACON& Tower with Radar,36,8,23,0,67,0,0,9,2,11,36,8,32,2,78,0,0,0,78
06/10/2020,GSP,SC,ASO,ES,Combined TRACON& Tower with Radar,39,9,31,12,91,0,0,1,0,1,39,9,32,12,92,0,0,0,92
06/11/2020,GSP,SC,ASO,ES,Combined TRACON& Tower with Radar,40,13,13,17,83,0,0,1,7,8,40,13,14,24,91,0,30,30,121
06/12/2020,GSP,SC,ASO,ES,Combined TRACON& Tower with Radar,38,12,15,6,71,0,1,9,0,10,38,13,24,6,81,0,10,10,91
06/13/2020,GSP,SC,ASO,ES,Combined TRACON& Tower with Radar,27,8,3,0,38,0,0,7,0,7,27,8,10,0,45,12,0,12,57
06/14/2020,GSP,SC,ASO,ES,Combined TRACON& Tower with Radar,35,10,10,0,55,0,1,3,0,4,35,11,13,0,59,0,0,0,59
06/15/2020,GSP,SC,ASO,ES,Combined TRACON& Tower with Radar,36,16,15,0,67,0,4,4,0,8,36,20,19,0,75,0,0,0,75
06/16/2020,GSP,SC,ASO,ES,Combined TRACON& Tower with Radar,35,10,1,0,46,0,0,1,0,1,35,10,2,0,47,0,0,0,47
06/17/2020,GSP,SC,ASO,ES,Combined TRACON& Tower with Radar,37,12,24,2,75,0,0,0,6,6,37,12,24,8,81,0,0,0,81
06/18/2020,GSP,SC,ASO,ES,Combined TRACON& Tower with Radar,41,21,15,8,85,0,0,2,0,2,41,21,17,8,87,0,0,0,87
06/19/2020,GSP,SC,ASO,ES,Combined TRACON& Tower with Radar,38,10,20,0,68,0,2,13,0,15,38,12,33,0,83,10,0,10,93
06/20/2020,GSP,SC,ASO,ES,Combined TRACON& Tower with Radar,27,8,7,0,42,0,0,12,0,12,27,8,19,0,54,0,0,0,54
06/21/2020,GSP,SC,ASO,ES,Combined TRACON& Tower with Radar,37,17,11,0,65,0,0,4,0,4,37,17,15,0,69,0,0,0,69
06/22/2020,GSP,SC,ASO,ES,Combined TRACON& Tower with Radar,38,12,11,0,61,0,0,5,1,6,38,12,16,1,67,0,0,0,67
06/23/2020,GSP,SC,ASO,ES,Combined TRACON& Tower with Radar,36,15,35,0,86,0,0,5,0,5,36,15,40,0,91,0,0,0,91
06/24/2020,GSP,SC,ASO,ES,Combined TRACON& Tower with Radar,36,22,27,15,100,0,0,3,5,8,36,22,30,20,108,0,22,22,130
06/25/2020,GSP,SC,ASO,ES,Combined TRACON& Tower with Radar,39,10,17,10,76,0,0,4,0,4,39,10,21,10,80,8,20,28,108
06/26/2020,GSP,SC,ASO,ES,Combined TRACON& Tower with Radar,38,14,28,3,83,0,0,8,3,11,38,14,36,6,94,24,0,24,118
06/27/2020,GSP,SC,ASO,ES,Combined TRACON& Tower with Radar,28,10,14,1,53,0,0,0,1,1,28,10,14,2,54,0,8,8,62
06/28/2020,GSP,SC,ASO,ES,Combined TRACON& Tower with Radar,34,10,5,0,49,0,0,4,1,5,34,10,9,1,54,0,0,0,54
06/29/2020,GSP,SC,ASO,ES,Combined TRACON& Tower with Radar,39,17,12,1,69,0,2,3,4,9,39,19,15,5,78,0,16,16,94
06/30/2020,GSP,SC,ASO,ES,Combined TRACON& Tower with Radar,34,17,13,6,70,0,4,5,4,13,34,21,18,10,83,0,14,14,97
07/01/2020,GSP,SC,ASO,ES,Combined TRACON& Tower with Radar,35,16,14,0,65,0,0,4,0,4,35,16,18,0,69,0,0,0,69
07/02/2020,GSP,SC,ASO,ES,Combined TRACON& Tower with Radar,54,14,10,1,79,0,2,10,2,14,54,16,20,3,93,0,0,0,93
07/03/2020,GSP,SC,ASO,ES,Combined TRACON& Tower with Radar,42,11,10,0,63,0,2,5,3,10,42,13,15,3,73,0,0,0,73
07/04/2020,GSP,SC,ASO,ES,Combined TRACON& Tower with Radar,29,5,4,0,38,0,0,6,0,6,29,5,10,0,44,10,0,10,54
07/05/2020,GSP,SC,ASO,ES,Combined TRACON& Tower with Radar,39,14,18,0,71,0,2,4,0,6,39,16,22,0,77,0,0,0,77
07/06/2020,GSP,SC,ASO,ES,Combined TRACON& Tower with Radar,39,18,20,0,77,0,0,0,1,1,39,18,20,1,78,0,0,0,78
07/07/2020,GSP,SC,ASO,ES,Combined TRACON& Tower with Radar,42,21,13,0,76,0,0,0,0,0,42,21,13,0,76,0,0,0,76
07/08/2020,GSP,SC,ASO,ES,Combined TRACON& Tower with Radar,42,14,24,10,90,0,0,3,3,6,42,14,27,13,96,0,16,16,112
07/09/2020,GSP,SC,ASO,ES,Combined TRACON& Tower with Radar,53,25,16,2,96,0,2,2,4,8,53,27,18,6,104,0,0,0,104
07/10/2020,GSP,SC,ASO,ES,Combined TRACON& Tower with Radar,51,20,13,0,84,0,0,9,0,9,51,20,22,0,93,10,0,10,103
07/11/2020,GSP,SC,ASO,ES,Combined TRACON& Tower with Radar,44,11,9,0,64,0,0,12,0,12,44,11,21,0,76,12,0,12,88
07/12/2020,GSP,SC,ASO,ES,Combined TRACON& Tower with Radar,43,21,10,0,74,0,1,9,0,10,43,22,19,0,84,6,0,6,90
07/13/2020,GSP,SC,ASO,ES,Combined TRACON& Tower with Radar,49,23,18,2,92,0,0,13,0,13,49,23,31,2,105,0,0,0,105
07/14/2020,GSP,SC,ASO,ES,Combined TRACON& Tower with Radar,44,12,11,0,67,0,3,8,2,13,44,15,19,2,80,0,0,0,80
07/15/2020,GSP,SC,ASO,ES,Combined TRACON& Tower with Radar,41,15,28,0,84,0,3,8,0,11,41,18,36,0,95,0,0,0,95
07/16/2020,GSP,SC,ASO,ES,Combined TRACON& Tower with Radar,50,16,25,8,99,0,5,11,0,16,50,21,36,8,115,0,0,0,115
07/17/2020,GSP,SC,ASO,ES,Combined TRACON& Tower with Radar,50,19,13,2,84,0,0,11,0,11,50,19,24,2,95,22,0,22,117
07/18/2020,GSP,SC,ASO,ES,Combined TRACON& Tower with Radar,43,12,3,2,60,0,2,14,0,16,43,14,17,2,76,0,0,0,76
07/19/2020,GSP,SC,ASO,ES,Combined TRACON& Tower with Radar,46,24,12,0,82,0,2,10,0,12,46,26,22,0,94,0,0,0,94
07/20/2020,GSP,SC,ASO,ES,Combined TRACON& Tower with Radar,63,14,16,9,102,0,2,9,0,11,63,16,25,9,113,10,10,20,133
07/21/2020,GSP,SC,ASO,ES,Combined TRACON& Tower with Radar,42,16,19,35,112,0,4,4,5,13,42,20,23,40,125,12,46,58,183
07/22/2020,GSP,SC,ASO,ES,Combined TRACON& Tower with Radar,42,15,13,10,80,0,0,7,1,8,42,15,20,11,88,10,14,24,112
07/23/2020,GSP,SC,ASO,ES,Combined TRACON& Tower with Radar,52,21,17,6,96,0,6,6,7,19,52,27,23,13,115,0,14,14,129
07/24/2020,GSP,SC,ASO,ES,Combined TRACON& Tower with Radar,47,18,11,2,78,0,0,4,0,4,47,18,15,2,82,0,0,0,82
07/25/2020,GSP,SC,ASO,ES,Combined TRACON& Tower with Radar,47,11,12,0,70,0,0,3,0,3,47,11,15,0,73,0,0,0,73
07/26/2020,GSP,SC,ASO,ES,Combined TRACON& Tower with Radar,45,14,10,0,69,0,2,6,0,8,45,16,16,0,77,0,0,0,77
07/27/2020,GSP,SC,ASO,ES,Combined TRACON& Tower with Radar,49,21,10,0,80,0,1,6,0,7,49,22,16,0,87,0,0,0,87
07/28/2020,GSP,SC,ASO,ES,Combined TRACON& Tower with Radar,43,14,16,21,94,0,0,9,4,13,43,14,25,25,107,0,0,0,107
07/29/2020,GSP,SC,ASO,ES,Combined TRACON& Tower with Radar,44,18,15,2,79,0,0,8,6,14,44,18,23,8,93,0,0,0,93
07/30/2020,GSP,SC,ASO,ES,Combined TRACON& Tower with Radar,48,20,19,2,89,0,0,1,0,1,48,20,20,2,90,0,0,0,90
07/31/2020,GSP,SC,ASO,ES,Combined TRACON& Tower with Radar,47,18,20,13,98,0,0,7,1,8,47,18,27,14,106,8,0,8,114
08/01/2020,GSP,SC,ASO,ES,Combined TRACON& Tower with Radar,45,18,14,0,77,0,1,4,2,7,45,19,18,2,84,0,0,0,84
08/02/2020,GSP,SC,ASO,ES,Combined TRACON& Tower with Radar,47,20,15,0,82,0,5,0,0,5,47,25,15,0,87,0,0,0,87
08/03/2020,GSP,SC,ASO,ES,Combined TRACON& Tower with Radar,52,21,11,1,85,0,0,0,0,0,52,21,11,1,85,0,0,0,85
08/04/2020,GSP,SC,ASO,ES,Combined TRACON& Tower with Radar,45,22,20,6,93,0,2,21,6,29,45,24,41,12,122,0,0,0,122
08/05/2020,GSP,SC,ASO,ES,Combined TRACON& Tower with Radar,46,14,17,5,82,0,0,6,4,10,46,14,23,9,92,0,0,0,92
08/06/2020,GSP,SC,ASO,ES,Combined TRACON& Tower with Radar,56,16,26,1,99,0,1,3,1,5,56,17,29,2,104,0,0,0,104
08/07/2020,GSP,SC,ASO,ES,Combined TRACON& Tower with Radar,61,19,22,1,103,0,2,6,1,9,61,21,28,2,112,12,0,12,124
08/08/2020,GSP,SC,ASO,ES,Combined TRACON& Tower with Radar,51,15,12,0,78,0,0,13,2,15,51,15,25,2,93,0,0,0,93
08/09/2020,GSP,SC,ASO,ES,Combined TRACON& Tower with Radar,47,17,15,0,79,0,1,13,0,14,47,18,28,0,93,0,0,0,93
08/10/2020,GSP,SC,ASO,ES,Combined TRACON& Tower with Radar,56,22,17,0,95,0,1,12,3,16,56,23,29,3,111,0,0,0,111
08/11/2020,GSP,SC,ASO,ES,Combined TRACON& Tower with Radar,50,15,19,0,84,0,2,10,0,12,50,17,29,0,96,0,0,0,96
08/12/2020,GSP,SC,ASO,ES,Combined TRACON& Tower with Radar,47,13,19,12,91,0,1,5,2,8,47,14,24,14,99,0,0,0,99
08/13/2020,GSP,SC,ASO,ES,Combined TRACON& Tower with Radar,63,20,15,2,100,0,0,7,0,7,63,20,22,2,107,8,0,8,115
08/14/2020,GSP,SC,ASO,ES,Combined TRACON& Tower with Radar,56,25,20,10,111,0,0,5,1,6,56,25,25,11,117,0,26,26,143
08/15/2020,GSP,SC,ASO,ES,Combined TRACON& Tower with Radar,48,16,9,0,73,0,2,1,0,3,48,18,10,0,76,6,0,6,82
08/16/2020,GSP,SC,ASO,ES,Combined TRACON& Tower with Radar,48,24,20,0,92,0,0,6,2,8,48,24,26,2,100,20,0,20,120
08/17/2020,GSP,SC,ASO,ES,Combined TRACON& Tower with Radar,56,16,14,0,86,0,1,9,4,14,56,17,23,4,100,0,0,0,100
08/18/2020,GSP,SC,ASO,ES,Combined TRACON& Tower with Radar,47,18,10,12,87,0,2,10,0,12,47,20,20,12,99,12,0,12,111
08/19/2020,GSP,SC,ASO,ES,Combined TRACON& Tower with Radar,47,16,27,22,112,0,0,10,10,20,47,16,37,32,132,6,36,42,174
08/20/2020,GSP,SC,ASO,ES,Combined TRACON& Tower with Radar,58,24,14,1,97,0,1,1,7,9,58,25,15,8,106,0,0,0,106
08/21/2020,GSP,SC,ASO,ES,Combined TRACON& Tower with Radar,54,16,9,1,80,0,2,0,0,2,54,18,9,1,82,0,0,0,82
08/22/2020,GSP,SC,ASO,ES,Combined TRACON& Tower with Radar,47,18,16,5,86,0,0,1,5,6,47,18,17,10,92,0,0,0,92
08/23/2020,GSP,SC,ASO,ES,Combined TRACON& Tower with Radar,53,23,14,8,98,0,1,4,4,9,53,24,18,12,107,0,0,0,107
08/24/2020,GSP,SC,ASO,ES,Combined TRACON& Tower with Radar,54,18,12,6,90,0,1,6,7,14,54,19,18,13,104,0,0,0,104
08/25/2020,GSP,SC,ASO,ES,Combined TRACON& Tower with Radar,44,15,16,3,78,0,0,11,1,12,44,15,27,4,90,0,0,0,90
08/26/2020,GSP,SC,ASO,ES,Combined TRACON& Tower with Radar,43,18,14,6,81,0,3,16,0,19,43,21,30,6,100,6,0,6,106
08/27/2020,GSP,SC,ASO,ES,Combined TRACON& Tower with Radar,54,23,14,4,95,0,2,22,1,25,54,25,36,5,120,14,0,14,134
08/28/2020,GSP,SC,ASO,ES,Combined TRACON& Tower with Radar,52,21,10,0,83,0,2,5,1,8,52,23,15,1,91,0,0,0,91
08/29/2020,GSP,SC,ASO,ES,Combined TRACON& Tower with Radar,50,12,8,0,70,0,0,5,2,7,50,12,13,2,77,0,0,0,77
08/30/2020,GSP,SC,ASO,ES,Combined TRACON& Tower with Radar,59,24,9,0,92,0,0,11,4,15,59,24,20,4,107,0,0,0,107
08/31/2020,GSP,SC,ASO,ES,Combined TRACON& Tower with Radar,57,26,18,17,118,0,2,0,1,3,57,28,18,18,121,0,0,0,121
09/01/2020,GSP,SC,ASO,ES,Combined TRACON& Tower with Radar,44,15,12,7,78,0,2,5,1,8,44,17,17,8,86,4,0,4,90
09/02/2020,GSP,SC,ASO,ES,Combined TRACON& Tower with Radar,45,19,21,24,109,0,0,6,4,10,45,19,27,28,119,0,10,10,129
09/03/2020,GSP,SC,ASO,ES,Combined TRACON& Tower with Radar,59,30,25,2,116,0,4,12,1,17,59,34,37,3,133,0,0,0,133
09/04/2020,GSP,SC,ASO,ES,Combined TRACON& Tower with Radar,51,23,24,1,99,0,1,10,0,11,51,24,34,1,110,0,0,0,110
09/05/2020,GSP,SC,ASO,ES,Combined TRACON& Tower with Radar,43,14,6,0,63,0,2,6,0,8,43,16,12,0,71,0,0,0,71
09/06/2020,GSP,SC,ASO,ES,Combined TRACON& Tower with Radar,44,12,13,0,69,0,0,3,0,3,44,12,16,0,72,0,0,0,72
09/07/2020,GSP,SC,ASO,ES,Combined TRACON& Tower with Radar,44,19,21,0,84,0,2,11,0,13,44,21,32,0,97,0,0,0,97
09/08/2020,GSP,SC,ASO,ES,Combined TRACON& Tower with Radar,42,18,22,0,82,0,0,3,0,3,42,18,25,0,85,16,0,16,101
09/09/2020,GSP,SC,ASO,ES,Combined TRACON& Tower with Radar,54,11,17,0,82,0,1,0,0,1,54,12,17,0,83,0,0,0,83
09/10/2020,GSP,SC,ASO,ES,Combined TRACON& Tower with Radar,60,10,9,0,79,0,0,2,0,2,60,10,11,0,81,8,0,8,89
09/11/2020,GSP,SC,ASO,ES,Combined TRACON& Tower with Radar,56,12,16,19,103,0,0,7,9,16,56,12,23,28,119,0,20,20,139
09/12/2020,GSP,SC,ASO,ES,Combined TRACON& Tower with Radar,49,10,6,4,69,0,0,0,0,0,49,10,6,4,69,0,0,0,69
09/13/2020,GSP,SC,ASO,ES,Combined TRACON& Tower with Radar,50,21,15,1,87,0,0,1,0,1,50,21,16,1,88,0,0,0,88
09/14/2020,GSP,SC,ASO,ES,Combined TRACON& Tower with Radar,54,14,23,0,91,0,4,5,0,9,54,18,28,0,100,0,0,0,100
09/15/2020,GSP,SC,ASO,ES,Combined TRACON& Tower with Radar,49,16,27,7,99,0,0,10,2,12,49,16,37,9,111,6,8,14,125
09/16/2020,GSP,SC,ASO,ES,Combined TRACON& Tower with Radar,54,14,24,11,103,0,0,2,3,5,54,14,26,14,108,0,0,0,108
09/17/2020,GSP,SC,ASO,ES,Combined TRACON& Tower with Radar,57,15,15,0,87,0,0,0,0,0,57,15,15,0,87,0,0,0,87
09/18/2020,GSP,SC,ASO,ES,Combined TRACON& Tower with Radar,56,11,17,4,88,0,1,9,0,10,56,12,26,4,98,12,0,12,110
09/19/2020,GSP,SC,ASO,ES,Combined TRACON& Tower with Radar,46,5,9,7,67,0,3,6,0,9,46,8,15,7,76,0,0,0,76
09/20/2020,GSP,SC,ASO,ES,Combined TRACON& Tower with Radar,50,13,21,0,84,0,0,18,0,18,50,13,39,0,102,4,0,4,106
09/21/2020,GSP,SC,ASO,ES,Combined TRACON& Tower with Radar,54,12,21,15,102,0,0,10,0,10,54,12,31,15,112,0,0,0,112
09/22/2020,GSP,SC,ASO,ES,Combined TRACON& Tower with Radar,51,13,14,15,93,0,2,18,1,21,51,15,32,16,114,14,15,29,143
09/23/2020,GSP,SC,ASO,ES,Combined TRACON& Tower with Radar,54,13,23,5,95,0,5,9,5,19,54,18,32,10,114,0,0,0,114
09/24/2020,GSP,SC,ASO,ES,Combined TRACON& Tower with Radar,62,15,15,2,94,0,2,9,0,11,62,17,24,2,105,0,0,0,105
09/25/2020,GSP,SC,ASO,ES,Combined TRACON& Tower with Radar,56,9,14,4,83,0,0,0,0,0,56,9,14,4,83,0,0,0,83
09/26/2020,GSP,SC,ASO,ES,Combined TRACON& Tower with Radar,47,15,13,0,75,0,0,3,0,3,47,15,16,0,78,0,0,0,78
09/27/2020,GSP,SC,ASO,ES,Combined TRACON& Tower with Radar,51,16,14,0,81,0,0,2,0,2,51,16,16,0,83,0,0,0,83
09/28/2020,GSP,SC,ASO,ES,Combined TRACON& Tower with Radar,53,16,24,0,93,0,1,1,0,2,53,17,25,0,95,0,0,0,95
09/29/2020,GSP,SC,ASO,ES,Combined TRACON& Tower with Radar,54,13,18,4,89,0,0,0,0,0,54,13,18,4,89,0,0,0,89
09/30/2020,GSP,SC,ASO,ES,Combined TRACON& Tower with Radar,54,11,17,16,98,0,5,7,0,12,54,16,24,16,110,0,0,0,110
10/01/2020,GSP,SC,ASO,ES,Combined TRACON& Tower with Radar,57,20,21,0,98,0,1,11,0,12,57,21,32,0,110,0,0,0,110
10/02/2020,GSP,SC,ASO,ES,Combined TRACON& Tower with Radar,58,14,15,9,96,0,3,7,3,13,58,17,22,12,109,0,0,0,109
10/03/2020,GSP,SC,ASO,ES,Combined TRACON& Tower with Radar,50,9,7,14,80,0,2,5,0,7,50,11,12,14,87,0,0,0,87
10/04/2020,GSP,SC,ASO,ES,Combined TRACON& Tower with Radar,54,17,17,4,92,0,1,13,0,14,54,18,30,4,106,0,0,0,106
10/05/2020,GSP,SC,ASO,ES,Combined TRACON& Tower with Radar,59,14,23,0,96,0,3,13,0,16,59,17,36,0,112,4,0,4,116
10/06/2020,GSP,SC,ASO,ES,Combined TRACON& Tower with Radar,50,5,24,24,103,0,4,7,5,16,50,9,31,29,119,0,32,32,151
10/07/2020,GSP,SC,ASO,ES,Combined TRACON& Tower with Radar,45,8,19,6,78,0,0,11,0,11,45,8,30,6,89,12,0,12,101
10/08/2020,GSP,SC,ASO,ES,Combined TRACON& Tower with Radar,56,19,33,31,139,0,5,10,3,18,56,24,43,34,157,4,12,16,173
10/09/2020,GSP,SC,ASO,ES,Combined TRACON& Tower with Radar,53,15,26,0,94,0,0,7,0,7,53,15,33,0,101,0,0,0,101
10/10/2020,GSP,SC,ASO,ES,Combined TRACON& Tower with Radar,43,15,9,0,67,0,0,0,0,0,43,15,9,0,67,0,0,0,67
10/11/2020,GSP,SC,ASO,ES,Combined TRACON& Tower with Radar,50,13,16,0,79,0,0,0,0,0,50,13,16,0,79,0,0,0,79
10/12/2020,GSP,SC,ASO,ES,Combined TRACON& Tower with Radar,54,12,25,0,91,0,1,5,5,11,54,13,30,5,102,0,0,0,102
10/13/2020,GSP,SC,ASO,ES,Combined TRACON& Tower with Radar,46,13,25,8,92,0,0,10,5,15,46,13,35,13,107,20,0,20,127
10/14/2020,GSP,SC,ASO,ES,Combined TRACON& Tower with Radar,43,13,33,21,110,0,0,14,2,16,43,13,47,23,126,0,0,0,126
10/15/2020,GSP,SC,ASO,ES,Combined TRACON& Tower with Radar,57,17,28,14,116,0,0,1,0,1,57,17,29,14,117,0,0,0,117
10/16/2020,GSP,SC,ASO,ES,Combined TRACON& Tower with Radar,51,16,20,16,103,0,2,5,1,8,51,18,25,17,111,10,6,16,127
10/17/2020,GSP,SC,ASO,ES,Combined TRACON& Tower with Radar,40,15,9,8,72,0,0,7,1,8,40,15,16,9,80,0,14,14,94
10/18/2020,GSP,SC,ASO,ES,Combined TRACON& Tower with Radar,46,21,12,4,83,0,4,10,0,14,46,25,22,4,97,0,0,0,97
10/19/2020,GSP,SC,ASO,ES,Combined TRACON& Tower with Radar,55,11,18,6,90,0,1,11,4,16,55,12,29,10,106,0,12,12,118
10/20/2020,GSP,SC,ASO,ES,Combined TRACON& Tower with Radar,47,16,15,17,95,0,0,19,0,19,47,16,34,17,114,0,0,0,114
10/21/2020,GSP,SC,ASO,ES,Combined TRACON& Tower with Radar,45,12,35,4,96,0,1,9,0,10,45,13,44,4,106,0,0,0,106
10/22/2020,GSP,SC,ASO,ES,Combined TRACON& Tower with Radar,54,12,27,1,94,0,2,10,1,13,54,14,37,2,107,0,0,0,107
10/23/2020,GSP,SC,ASO,ES,Combined TRACON& Tower with Radar,53,10,29,4,96,0,3,10,0,13,53,13,39,4,109,0,4,4,113
10/24/2020,GSP,SC,ASO,ES,Combined TRACON& Tower with Radar,40,15,11,0,66,0,3,4,0,7,40,18,15,0,73,0,0,0,73
10/25/2020,GSP,SC,ASO,ES,Combined TRACON& Tower with Radar,45,18,17,0,80,0,0,0,0,0,45,18,17,0,80,0,0,0,80
10/26/2020,GSP,SC,ASO,ES,Combined TRACON& Tower with Radar,50,18,25,0,93,0,1,6,0,7,50,19,31,0,100,20,0,20,120
10/27/2020,GSP,SC,ASO,ES,Combined TRACON& Tower with Radar,43,12,14,0,69,0,0,4,0,4,43,12,18,0,73,0,0,0,73
10/28/2020,GSP,SC,ASO,ES,Combined TRACON& Tower with Radar,49,9,11,1,70,0,0,0,0,0,49,9,11,1,70,0,0,0,70
10/29/2020,GSP,SC,ASO,ES,Combined TRACON& Tower with Radar,56,18,19,1,94,0,0,0,0,0,56,18,19,1,94,0,0,0,94
10/30/2020,GSP,SC,ASO,ES,Combined TRACON& Tower with Radar,49,21,26,1,97,0,4,5,1,10,49,25,31,2,107,0,4,4,111
10/31/2020,GSP,SC,ASO,ES,Combined TRACON& Tower with Radar,30,10,11,0,51,0,2,3,0,5,30,12,14,0,56,0,0,0,56
11/01/2020,GSP,SC,ASO,ES,Combined TRACON& Tower with Radar,44,16,12,0,72,0,5,2,0,7,44,21,14,0,79,0,0,0,79
11/02/2020,GSP,SC,ASO,ES,Combined TRACON& Tower with Radar,50,5,13,5,73,0,0,7,2,9,50,5,20,7,82,0,0,0,82
11/03/2020,GSP,SC,ASO,ES,Combined TRACON& Tower with Radar,41,8,14,0,63,0,1,10,2,13,41,9,24,2,76,0,0,0,76
11/04/2020,GSP,SC,ASO,ES,Combined TRACON& Tower with Radar,41,9,18,8,76,2,0,10,9,21,43,9,28,17,97,0,0,0,97
11/05/2020,GSP,SC,ASO,ES,Combined TRACON& Tower with Radar,58,24,26,9,117,0,2,10,0,12,58,26,36,9,129,19,0,19,148
11/06/2020,GSP,SC,ASO,ES,Combined TRACON& Tower with Radar,63,7,21,23,114,0,5,13,3,21,63,12,34,26,135,0,0,0,135
11/07/2020,GSP,SC,ASO,ES,Combined TRACON& Tower with Radar,45,7,4,0,56,0,2,5,2,9,45,9,9,2,65,0,0,0,65
11/08/2020,GSP,SC,ASO,ES,Combined TRACON& Tower with Radar,60,13,7,16,96,0,0,1,0,1,60,13,8,16,97,0,16,16,113
11/09/2020,GSP,SC,ASO,ES,Combined TRACON& Tower with Radar,68,9,18,0,95,0,2,4,0,6,68,11,22,0,101,0,0,0,101
11/10/2020,GSP,SC,ASO,ES,Combined TRACON& Tower with Radar,50,4,23,0,77,0,0,0,0,0,50,4,23,0,77,0,0,0,77
11/11/2020,GSP,SC,ASO,ES,Combined TRACON& Tower with Radar,50,7,30,0,87,0,0,1,0,1,50,7,31,0,88,0,0,0,88
11/12/2020,GSP,SC,ASO,ES,Combined TRACON& Tower with Radar,70,19,10,6,105,0,0,3,0,3,70,19,13,6,108,0,0,0,108
11/13/2020,GSP,SC,ASO,ES,Combined TRACON& Tower with Radar,64,15,20,7,106,0,0,8,44,52,64,15,28,51,158,0,0,0,158
11/14/2020,GSP,SC,ASO,ES,Combined TRACON& Tower with Radar,48,8,10,0,66,0,0,2,0,2,48,8,12,0,68,0,0,0,68
11/15/2020,GSP,SC,ASO,ES,Combined TRACON& Tower with Radar,59,5,5,0,69,0,0,3,0,3,59,5,8,0,72,0,0,0,72
11/16/2020,GSP,SC,ASO,ES,Combined TRACON& Tower with Radar,67,14,27,0,108,0,2,6,0,8,67,16,33,0,116,0,0,0,116
11/17/2020,GSP,SC,ASO,ES,Combined TRACON& Tower with Radar,50,7,15,19,91,0,5,5,13,23,50,12,20,32,114,0,12,12,126
11/18/2020,GSP,SC,ASO,ES,Combined TRACON& Tower with Radar,48,8,17,18,91,0,2,9,0,11,48,10,26,18,102,6,0,6,108
11/19/2020,GSP,SC,ASO,ES,Combined TRACON& Tower with Radar,68,18,22,4,112,0,2,16,0,18,68,20,38,4,130,0,0,0,130
11/20/2020,GSP,SC,ASO,ES,Combined TRACON& Tower with Radar,69,7,19,11,106,0,0,9,0,9,69,7,28,11,115,0,12,12,127
11/21/2020,GSP,SC,ASO,ES,Combined TRACON& Tower with Radar,51,7,17,0,75,0,0,14,1,15,51,7,31,1,90,0,0,0,90
11/22/2020,GSP,SC,ASO,ES,Combined TRACON& Tower with Radar,63,12,30,1,106,0,2,11,0,13,63,14,41,1,119,0,0,0,119
11/23/2020,GSP,SC,ASO,ES,Combined TRACON& Tower with Radar,54,5,10,0,69,0,4,8,0,12,54,9,18,0,81,4,0,4,85
11/24/2020,GSP,SC,ASO,ES,Combined TRACON& Tower with Radar,70,11,11,19,111,0,0,7,3,10,70,11,18,22,121,0,30,30,151
11/25/2020,GSP,SC,ASO,ES,Combined TRACON& Tower with Radar,69,15,20,0,104,0,0,1,0,1,69,15,21,0,105,0,0,0,105
11/26/2020,GSP,SC,ASO,ES,Combined TRACON& Tower with Radar,26,3,1,0,30,0,0,4,0,4,26,3,5,0,34,0,0,0,34
11/27/2020,GSP,SC,ASO,ES,Combined TRACON& Tower with Radar,51,9,7,0,67,0,1,10,0,11,51,10,17,0,78,0,28,28,106
11/28/2020,GSP,SC,ASO,ES,Combined TRACON& Tower with Radar,57,14,9,0,80,0,0,6,0,6,57,14,15,0,86,0,0,0,86
11/29/2020,GSP,SC,ASO,ES,Combined TRACON& Tower with Radar,73,17,18,0,108,0,3,3,0,6,73,20,21,0,114,0,0,0,114
11/30/2020,GSP,SC,ASO,ES,Combined TRACON& Tower with Radar,66,9,11,2,88,0,2,3,0,5,66,11,14,2,93,0,0,0,93
12/01/2020,GSP,SC,ASO,ES,Combined TRACON& Tower with Radar,64,6,16,21,107,0,1,6,0,7,64,7,22,21,114,0,18,18,132
12/02/2020,GSP,SC,ASO,ES,Combined TRACON& Tower with Radar,55,7,19,21,102,0,4,6,9,19,55,11,25,30,121,0,32,32,153
12/03/2020,GSP,SC,ASO,ES,Combined TRACON& Tower with Radar,68,7,19,14,108,0,0,8,0,8,68,7,27,14,116,0,22,22,138
12/04/2020,GSP,SC,ASO,ES,Combined TRACON& Tower with Radar,69,10,19,7,105,0,0,2,5,7,69,10,21,12,112,0,8,8,120
12/05/2020,GSP,SC,ASO,ES,Combined TRACON& Tower with Radar,41,6,3,0,50,0,4,9,2,15,41,10,12,2,65,6,0,6,71
12/06/2020,GSP,SC,ASO,ES,Combined TRACON& Tower with Radar,57,11,10,0,78,0,0,12,0,12,57,11,22,0,90,0,0,0,90
12/07/2020,GSP,SC,ASO,ES,Combined TRACON& Tower with Radar,68,8,13,6,95,0,1,3,0,4,68,9,16,6,99,0,0,0,99
12/08/2020,GSP,SC,ASO,ES,Combined TRACON& Tower with Radar,54,8,17,11,90,0,4,34,11,49,54,12,51,22,139,0,8,8,147
12/09/2020,GSP,SC,ASO,ES,Combined TRACON& Tower with Radar,51,10,16,8,85,0,0,13,2,15,51,10,29,10,100,0,12,12,112
12/10/2020,GSP,SC,ASO,ES,Combined TRACON& Tower with Radar,64,7,16,15,102,0,0,4,0,4,64,7,20,15,106,0,0,0,106
12/11/2020,GSP,SC,ASO,ES,Combined TRACON& Tower with Radar,69,9,18,9,105,0,0,15,1,16,69,9,33,10,121,0,0,0,121
12/12/2020,GSP,SC,ASO,ES,Combined TRACON& Tower with Radar,42,6,18,0,66,0,1,13,0,14,42,7,31,0,80,0,0,0,80
12/13/2020,GSP,SC,ASO,ES,Combined TRACON& Tower with Radar,60,7,15,0,82,0,3,17,1,21,60,10,32,1,103,0,8,8,111
12/14/2020,GSP,SC,ASO,ES,Combined TRACON& Tower with Radar,65,12,15,0,92,0,1,4,0,5,65,13,19,0,97,4,0,4,101
12/15/2020,GSP,SC,ASO,ES,Combined TRACON& Tower with Radar,57,7,17,17,98,0,2,6,23,31,57,9,23,40,129,0,0,0,129
12/16/2020,GSP,SC,ASO,ES,Combined TRACON& Tower with Radar,50,8,16,3,77,0,0,0,0,0,50,8,16,3,77,0,0,0,77
12/17/2020,GSP,SC,ASO,ES,Combined TRACON& Tower with Radar,66,15,30,12,123,0,2,6,1,9,66,17,36,13,132,0,0,0,132
12/18/2020,GSP,SC,ASO,ES,Combined TRACON& Tower with Radar,68,21,14,0,103,0,2,11,1,14,68,23,25,1,117,0,0,0,117
12/19/2020,GSP,SC,ASO,ES,Combined TRACON& Tower with Radar,64,13,17,0,94,0,7,10,0,17,64,20,27,0,111,0,0,0,111
12/20/2020,GSP,SC,ASO,ES,Combined TRACON& Tower with Radar,62,16,18,0,96,0,0,3,0,3,62,16,21,0,99,12,0,12,111
12/21/2020,GSP,SC,ASO,ES,Combined TRACON& Tower with Radar,63,15,9,0,87,0,0,8,0,8,63,15,17,0,95,0,0,0,95
12/22/2020,GSP,SC,ASO,ES,Combined TRACON& Tower with Radar,69,17,14,0,100,0,0,10,0,10,69,17,24,0,110,6,0,6,116
12/23/2020,GSP,SC,ASO,ES,Combined TRACON& Tower with Radar,66,17,6,7,96,0,8,6,0,14,66,25,12,7,110,0,8,8,118
12/24/2020,GSP,SC,ASO,ES,Combined TRACON& Tower with Radar,49,10,3,0,62,0,0,0,0,0,49,10,3,0,62,0,0,0,62
12/25/2020,GSP,SC,ASO,ES,Combined TRACON& Tower with Radar,30,5,1,0,36,0,0,1,0,1,30,5,2,0,37,0,0,0,37
12/26/2020,GSP,SC,ASO,ES,Combined TRACON& Tower with Radar,56,13,8,0,77,0,1,5,0,6,56,14,13,0,83,0,0,0,83
12/27/2020,GSP,SC,ASO,ES,Combined TRACON& Tower with Radar,62,16,20,0,98,0,0,11,0,11,62,16,31,0,109,0,0,0,109
12/28/2020,GSP,SC,ASO,ES,Combined TRACON& Tower with Radar,61,12,8,0,81,0,3,4,0,7,61,15,12,0,88,0,0,0,88
12/29/2020,GSP,SC,ASO,ES,Combined TRACON& Tower with Radar,69,14,8,0,91,0,0,13,0,13,69,14,21,0,104,0,0,0,104
12/30/2020,GSP,SC,ASO,ES,Combined TRACON& Tower with Radar,68,17,23,0,108,0,0,2,0,2,68,17,25,0,110,0,0,0,110
12/31/2020,GSP,SC,ASO,ES,Combined TRACON& Tower with Radar,46,9,6,0,61,0,0,0,0,0,46,9,6,0,61,0,0,0,61
01/01/2021,GSP,SC,ASO,ES,Combined TRACON& Tower with Radar,37,8,3,0,48,0,0,0,0,0,37,8,3,0,48,0,0,0,48
01/02/2021,GSP,SC,ASO,ES,Combined TRACON& Tower with Radar,62,14,19,4,99,0,0,8,0,8,62,14,27,4,107,0,0,0,107
01/03/2021,GSP,SC,ASO,ES,Combined TRACON& Tower with Radar,59,14,12,0,85,0,0,6,0,6,59,14,18,0,91,0,0,0,91
01/04/2021,GSP,SC,ASO,ES,Combined TRACON& Tower with Radar,63,17,12,2,94,0,1,2,0,3,63,18,14,2,97,0,0,0,97
01/05/2021,GSP,SC,ASO,ES,Combined TRACON& Tower with Radar,47,6,19,20,92,0,1,4,0,5,47,7,23,20,97,0,0,0,97
01/06/2021,GSP,SC,ASO,ES,Combined TRACON& Tower with Radar,49,5,17,9,80,0,0,12,1,13,49,5,29,10,93,0,0,0,93
01/07/2021,GSP,SC,ASO,ES,Combined TRACON& Tower with Radar,62,12,17,0,91,0,0,4,0,4,62,12,21,0,95,0,0,0,95
01/08/2021,GSP,SC,ASO,ES,Combined TRACON& Tower with Radar,56,13,15,0,84,0,0,0,0,0,56,13,15,0,84,0,0,0,84
01/09/2021,GSP,SC,ASO,ES,Combined TRACON& Tower with Radar,39,7,6,0,52,0,4,3,0,7,39,11,9,0,59,0,0,0,59
01/10/2021,GSP,SC,ASO,ES,Combined TRACON& Tower with Radar,52,9,6,0,67,0,0,7,0,7,52,9,13,0,74,0,0,0,74
01/11/2021,GSP,SC,ASO,ES,Combined TRACON& Tower with Radar,57,11,21,6,95,0,0,0,0,0,57,11,21,6,95,0,0,0,95
01/12/2021,GSP,SC,ASO,ES,Combined TRACON& Tower with Radar,45,17,27,0,89,0,2,3,0,5,45,19,30,0,94,0,0,0,94
01/13/2021,GSP,SC,ASO,ES,Combined TRACON& Tower with Radar,51,8,23,5,87,0,0,11,8,19,51,8,34,13,106,0,44,44,150
01/14/2021,GSP,SC,ASO,ES,Combined TRACON& Tower with Radar,58,20,17,14,109,0,0,3,3,6,58,20,20,17,115,0,0,0,115
01/15/2021,GSP,SC,ASO,ES,Combined TRACON& Tower with Radar,60,22,13,2,97,0,2,4,0,6,60,24,17,2,103,0,0,0,103
01/16/2021,GSP,SC,ASO,ES,Combined TRACON& Tower with Radar,44,7,7,2,60,0,0,1,0,1,44,7,8,2,61,0,0,0,61
01/17/2021,GSP,SC,ASO,ES,Combined TRACON& Tower with Radar,48,12,15,0,75,0,0,4,0,4,48,12,19,0,79,0,0,0,79
01/18/2021,GSP,SC,ASO,ES,Combined TRACON& Tower with Radar,56,15,12,0,83,0,3,15,0,18,56,18,27,0,101,0,0,0,101
01/19/2021,GSP,SC,ASO,ES,Combined TRACON& Tower with Radar,45,8,20,0,73,0,1,4,0,5,45,9,24,0,78,0,0,0,78
01/20/2021,GSP,SC,ASO,ES,Combined TRACON& Tower with Radar,48,5,10,4,67,0,6,44,0,50,48,11,54,4,117,12,0,12,129
01/21/2021,GSP,SC,ASO,ES,Combined TRACON& Tower with Radar,59,18,21,13,111,0,0,4,1,5,59,18,25,14,116,0,0,0,116
01/22/2021,GSP,SC,ASO,ES,Combined TRACON& Tower with Radar,55,10,15,38,118,0,1,5,8,14,55,11,20,46,132,0,16,16,148
01/23/2021,GSP,SC,ASO,ES,Combined TRACON& Tower with Radar,42,8,5,22,77,0,2,18,2,22,42,10,23,24,99,20,6,26,125
01/24/2021,GSP,SC,ASO,ES,Combined TRACON& Tower with Radar,53,19,7,5,84,0,0,9,3,12,53,19,16,8,96,0,0,0,96
01/25/2021,GSP,SC,ASO,ES,Combined TRACON& Tower with Radar,59,22,21,0,102,0,0,0,0,0,59,22,21,0,102,0,0,0,102
01/26/2021,GSP,SC,ASO,ES,Combined TRACON& Tower with Radar,51,8,26,0,85,0,0,1,1,2,51,8,27,1,87,0,0,0,87
01/27/2021,GSP,SC,ASO,ES,Combined TRACON& Tower with Radar,50,15,16,1,82,0,0,2,0,2,50,15,18,1,84,0,0,0,84
01/28/2021,GSP,SC,ASO,ES,Combined TRACON& Tower with Radar,53,20,28,12,113,0,4,8,0,12,53,24,36,12,125,0,8,8,133
01/29/2021,GSP,SC,ASO,ES,Combined TRACON& Tower with Radar,57,22,13,12,104,0,1,10,2,13,57,23,23,14,117,0,26,26,143
01/30/2021,GSP,SC,ASO,ES,Combined TRACON& Tower with Radar,40,11,8,0,59,0,4,8,0,12,40,15,16,0,71,0,0,0,71
01/31/2021,GSP,SC,ASO,ES,Combined TRACON& Tower with Radar,49,9,7,0,65,0,0,0,0,0,49,9,7,0,65,0,0,0,65
02/01/2021,GSP,SC,ASO,ES,Combined TRACON& Tower with Radar,59,9,18,0,86,0,0,2,2,4,59,9,20,2,90,0,0,0,90
02/02/2021,GSP,SC,ASO,ES,Combined TRACON& Tower with Radar,49,6,14,5,74,0,4,4,3,11,49,10,18,8,85,0,0,0,85
02/03/2021,GSP,SC,ASO,ES,Combined TRACON& Tower with Radar,50,16,13,0,79,0,0,14,3,17,50,16,27,3,96,24,0,24,120
02/04/2021,GSP,SC,ASO,ES,Combined TRACON& Tower with Radar,60,19,20,16,115,0,1,18,0,19,60,20,38,16,134,0,0,0,134
02/05/2021,GSP,SC,ASO,ES,Combined TRACON& Tower with Radar,60,11,17,4,92,0,1,12,0,13,60,12,29,4,105,6,0,6,111
02/06/2021,GSP,SC,ASO,ES,Combined TRACON& Tower with Radar,40,4,15,0,59,0,0,8,0,8,40,4,23,0,67,0,0,0,67
02/07/2021,GSP,SC,ASO,ES,Combined TRACON& Tower with Radar,48,6,21,0,75,0,3,8,0,11,48,9,29,0,86,0,0,0,86
02/08/2021,GSP,SC,ASO,ES,Combined TRACON& Tower with Radar,56,15,26,0,97,0,1,15,2,18,56,16,41,2,115,12,0,12,127
02/09/2021,GSP,SC,ASO,ES,Combined TRACON& Tower with Radar,48,10,28,20,106,0,0,3,0,3,48,10,31,20,109,0,0,0,109
02/10/2021,GSP,SC,ASO,ES,Combined TRACON& Tower with Radar,50,7,18,22,97,0,3,2,0,5,50,10,20,22,102,0,0,0,102
02/11/2021,GSP,SC,ASO,ES,Combined TRACON& Tower with Radar,68,14,10,0,92,0,0,0,0,0,68,14,10,0,92,0,0,0,92
02/12/2021,GSP,SC,ASO,ES,Combined TRACON& Tower with Radar,65,14,26,2,107,0,0,0,0,0,65,14,26,2,107,0,0,0,107
02/13/2021,GSP,SC,ASO,ES,Combined TRACON& Tower with Radar,43,10,10,0,63,0,0,0,0,0,43,10,10,0,63,0,0,0,63
02/14/2021,GSP,SC,ASO,ES,Combined TRACON& Tower with Radar,49,16,9,0,74,0,0,0,0,0,49,16,9,0,74,0,0,0,74
02/15/2021,GSP,SC,ASO,ES,Combined TRACON& Tower with Radar,50,12,22,0,84,0,0,0,0,0,50,12,22,0,84,0,0,0,84
02/16/2021,GSP,SC,ASO,ES,Combined TRACON& Tower with Radar,37,24,31,16,108,0,1,19,0,20,37,25,50,16,128,0,0,0,128
02/17/2021,GSP,SC,ASO,ES,Combined TRACON& Tower with Radar,51,15,18,15,99,0,1,13,0,14,51,16,31,15,113,0,0,0,113
02/18/2021,GSP,SC,ASO,ES,Combined TRACON& Tower with Radar,57,26,22,0,105,0,0,0,0,0,57,26,22,0,105,0,0,0,105
02/19/2021,GSP,SC,ASO,ES,Combined TRACON& Tower with Radar,72,18,14,10,114,1,0,5,4,10,73,18,19,14,124,0,6,6,130
02/20/2021,GSP,SC,ASO,ES,Combined TRACON& Tower with Radar,45,11,11,2,69,0,2,6,5,13,45,13,17,7,82,0,0,0,82
02/21/2021,GSP,SC,ASO,ES,Combined TRACON& Tower with Radar,69,27,27,2,125,0,1,18,6,25,69,28,45,8,150,10,0,10,160
02/22/2021,GSP,SC,ASO,ES,Combined TRACON& Tower with Radar,68,14,22,14,118,0,0,2,0,2,68,14,24,14,120,0,0,0,120
02/23/2021,GSP,SC,ASO,ES,Combined TRACON& Tower with Radar,62,13,20,0,95,0,7,4,0,11,62,20,24,0,106,0,0,0,106
02/24/2021,GSP,SC,ASO,ES,Combined TRACON& Tower with Radar,53,11,31,17,112,0,8,11,3,22,53,19,42,20,134,10,0,10,144
02/25/2021,GSP,SC,ASO,ES,Combined TRACON& Tower with Radar,74,12,34,26,146,0,2,14,1,17,74,14,48,27,163,0,20,20,183
02/26/2021,GSP,SC,ASO,ES,Combined TRACON& Tower with Radar,72,20,14,0,106,0,0,0,0,0,72,20,14,0,106,0,0,0,106
02/27/2021,GSP,SC,ASO,ES,Combined TRACON& Tower with Radar,49,10,13,2,74,0,0,1,0,1,49,10,14,2,75,0,0,0,75
02/28/2021,GSP,SC,ASO,ES,Combined TRACON& Tower with Radar,65,16,14,0,95,0,7,2,0,9,65,23,16,0,104,6,0,6,110
03/01/2021,GSP,SC,ASO,ES,Combined TRACON& Tower with Radar,69,11,25,7,112,0,0,3,3,6,69,11,28,10,118,0,57,57,175
03/02/2021,GSP,SC,ASO,ES,Combined TRACON& Tower with Radar,62,16,38,2,118,0,2,12,1,15,62,18,50,3,133,0,0,0,133
03/03/2021,GSP,SC,ASO,ES,Combined TRACON& Tower with Radar,62,7,20,11,100,0,0,8,14,22,62,7,28,25,122,0,0,0,122
03/04/2021,GSP,SC,ASO,ES,Combined TRACON& Tower with Radar,74,16,20,6,116,0,0,6,1,7,74,16,26,7,123,0,16,16,139
03/05/2021,GSP,SC,ASO,ES,Combined TRACON& Tower with Radar,81,13,20,11,125,0,1,10,1,12,81,14,30,12,137,0,0,0,137
03/06/2021,GSP,SC,ASO,ES,Combined TRACON& Tower with Radar,61,9,16,0,86,0,0,10,0,10,61,9,26,0,96,8,0,8,104
03/07/2021,GSP,SC,ASO,ES,Combined TRACON& Tower with Radar,71,11,12,0,94,0,0,10,0,10,71,11,22,0,104,0,0,0,104
03/08/2021,GSP,SC,ASO,ES,Combined TRACON& Tower with Radar,66,12,14,5,97,0,4,14,6,24,66,16,28,11,121,0,18,18,139
03/09/2021,GSP,SC,ASO,ES,Combined TRACON& Tower with Radar,56,11,23,29,119,0,0,17,0,17,56,11,40,29,136,0,0,0,136
03/10/2021,GSP,SC,ASO,ES,Combined TRACON& Tower with Radar,60,21,21,10,112,0,1,9,0,10,60,22,30,10,122,0,0,0,122
03/11/2021,GSP,SC,ASO,ES,Combined TRACON& Tower with Radar,75,16,28,11,130,0,0,7,9,16,75,16,35,20,146,0,28,28,174
03/12/2021,GSP,SC,ASO,ES,Combined TRACON& Tower with Radar,75,19,22,30,146,0,0,9,2,11,75,19,31,32,157,14,6,20,177
03/13/2021,GSP,SC,ASO,ES,Combined TRACON& Tower with Radar,55,19,13,2,89,0,4,3,0,7,55,23,16,2,96,0,0,0,96
03/14/2021,GSP,SC,ASO,ES,Combined TRACON& Tower with Radar,62,9,16,18,105,0,0,8,6,14,62,9,24,24,119,0,0,0,119
03/15/2021,GSP,SC,ASO,ES,Combined TRACON& Tower with Radar,72,22,14,15,123,0,1,6,0,7,72,23,20,15,130,0,0,0,130
03/16/2021,GSP,SC,ASO,ES,Combined TRACON& Tower with Radar,60,22,12,0,94,0,0,0,0,0,60,22,12,0,94,0,0,0,94
03/17/2021,GSP,SC,ASO,ES,Combined TRACON& Tower with Radar,64,26,13,0,103,0,0,0,0,0,64,26,13,0,103,0,0,0,103
03/18/2021,GSP,SC,ASO,ES,Combined TRACON& Tower with Radar,78,17,20,0,115,0,1,0,0,1,78,18,20,0,116,0,0,0,116
03/19/2021,GSP,SC,ASO,ES,Combined TRACON& Tower with Radar,79,18,15,8,120,0,3,2,0,5,79,21,17,8,125,0,0,0,125
03/20/2021,GSP,SC,ASO,ES,Combined TRACON& Tower with Radar,58,13,18,1,90,0,0,7,1,8,58,13,25,2,98,0,0,0,98
03/21/2021,GSP,SC,ASO,ES,Combined TRACON& Tower with Radar,60,20,14,0,94,0,2,3,0,5,60,22,17,0,99,0,0,0,99
03/22/2021,GSP,SC,ASO,ES,Combined TRACON& Tower with Radar,67,12,30,0,109,0,3,9,0,12,67,15,39,0,121,0,0,0,121
03/23/2021,GSP,SC,ASO,ES,Combined TRACON& Tower with Radar,59,17,23,17,116,0,1,2,2,5,59,18,25,19,121,0,10,10,131
03/24/2021,GSP,SC,ASO,ES,Combined TRACON& Tower with Radar,65,23,14,2,104,0,0,0,0,0,65,23,14,2,104,0,0,0,104
03/25/2021,GSP,SC,ASO,ES,Combined TRACON& Tower with Radar,68,23,22,12,125,0,0,0,0,0,68,23,22,12,125,0,0,0,125
03/26/2021,GSP,SC,ASO,ES,Combined TRACON& Tower with Radar,77,22,18,1,118,0,1,4,4,9,77,23,22,5,127,0,22,22,149
03/27/2021,GSP,SC,ASO,ES,Combined TRACON& Tower with Radar,55,18,3,0,76,0,0,2,0,2,55,18,5,0,78,0,0,0,78
03/28/2021,GSP,SC,ASO,ES,Combined TRACON& Tower with Radar,74,25,12,1,112,0,0,3,0,3,74,25,15,1,115,0,0,0,115
03/29/2021,GSP,SC,ASO,ES,Combined TRACON& Tower with Radar,74,20,12,0,106,0,3,12,0,15,74,23,24,0,121,0,0,0,121
03/30/2021,GSP,SC,ASO,ES,Combined TRACON& Tower with Radar,67,20,20,23,130,0,7,9,3,19,67,27,29,26,149,4,20,24,173
03/31/2021,GSP,SC,ASO,ES,Combined TRACON& Tower with Radar,68,15,14,0,97,0,0,0,0,0,68,15,14,0,97,0,0,0,97
04/01/2021,GSP,SC,ASO,ES,Combined TRACON& Tower with Radar,75,24,29,6,134,0,0,5,6,11,75,24,34,12,145,0,0,0,145
04/02/2021,GSP,SC,ASO,ES,Combined TRACON& Tower with Radar,84,21,17,0,122,0,0,9,0,9,84,21,26,0,131,6,0,6,137
04/03/2021,GSP,SC,ASO,ES,Combined TRACON& Tower with Radar,65,13,9,0,87,0,1,6,0,7,65,14,15,0,94,0,0,0,94
04/04/2021,GSP,SC,ASO,ES,Combined TRACON& Tower with Radar,75,23,9,0,107,0,0,4,0,4,75,23,13,0,111,0,0,0,111
04/05/2021,GSP,SC,ASO,ES,Combined TRACON& Tower with Radar,74,26,24,1,125,0,5,13,1,19,74,31,37,2,144,0,0,0,144
04/06/2021,GSP,SC,ASO,ES,Combined TRACON& Tower with Radar,66,20,16,10,112,0,0,17,1,18,66,20,33,11,130,0,0,0,130
04/07/2021,GSP,SC,ASO,ES,Combined TRACON& Tower with Radar,84,20,18,42,164,0,6,11,2,19,84,26,29,44,183,40,30,70,253
04/08/2021,GSP,SC,ASO,ES,Combined TRACON& Tower with Radar,84,21,19,20,144,2,2,12,4,20,86,23,31,24,164,0,36,36,200
04/09/2021,GSP,SC,ASO,ES,Combined TRACON& Tower with Radar,86,18,18,0,122,0,3,11,0,14,86,21,29,0,136,0,0,0,136
04/10/2021,GSP,SC,ASO,ES,Combined TRACON& Tower with Radar,67,10,5,0,82,0,0,1,0,1,67,10,6,0,83,0,0,0,83
04/11/2021,GSP,SC,ASO,ES,Combined TRACON& Tower with Radar,70,24,14,0,108,0,3,8,2,13,70,27,22,2,121,4,0,4,125
04/12/2021,GSP,SC,ASO,ES,Combined TRACON& Tower with Radar,79,23,25,0,127,0,2,10,0,12,79,25,35,0,139,0,0,0,139
04/13/2021,GSP,SC,ASO,ES,Combined TRACON& Tower with Radar,64,10,40,15,129,0,2,23,2,27,64,12,63,17,156,0,0,0,156
04/14/2021,GSP,SC,ASO,ES,Combined TRACON& Tower with Radar,72,14,14,0,100,0,1,12,0,13,72,15,26,0,113,0,0,0,113
04/15/2021,GSP,SC,ASO,ES,Combined TRACON& Tower with Radar,87,15,32,0,134,0,0,6,0,6,87,15,38,0,140,0,0,0,140
04/16/2021,GSP,SC,ASO,ES,Combined TRACON& Tower with Radar,87,30,28,9,154,0,3,17,2,22,87,33,45,11,176,18,0,18,194
04/17/2021,GSP,SC,ASO,ES,Combined TRACON& Tower with Radar,63,18,9,9,99,0,0,11,0,11,63,18,20,9,110,0,0,0,110
04/18/2021,GSP,SC,ASO,ES,Combined TRACON& Tower with Radar,74,21,12,18,125,0,1,20,0,21,74,22,32,18,146,0,10,10,156
04/19/2021,GSP,SC,ASO,ES,Combined TRACON& Tower with Radar,75,26,30,0,131,0,0,20,0,20,75,26,50,0,151,24,0,24,175
04/20/2021,GSP,SC,ASO,ES,Combined TRACON& Tower with Radar,65,13,20,10,108,0,3,23,0,26,65,16,43,10,134,0,0,0,134
04/21/2021,GSP,SC,ASO,ES,Combined TRACON& Tower with Radar,75,15,16,12,118,0,0,12,0,12,75,15,28,12,130,0,0,0,130
04/22/2021,GSP,SC,ASO,ES,Combined TRACON& Tower with Radar,80,30,18,14,142,0,8,5,1,14,80,38,23,15,156,6,0,6,162
04/23/2021,GSP,SC,ASO,ES,Combined TRACON& Tower with Radar,60,38,23,6,127,0,1,20,2,23,60,39,43,8,150,12,0,12,162
04/24/2021,GSP,SC,ASO,ES,Combined TRACON& Tower with Radar,60,15,11,0,86,0,0,0,0,0,60,15,11,0,86,0,0,0,86
04/25/2021,GSP,SC,ASO,ES,Combined TRACON& Tower with Radar,67,28,11,3,109,0,0,8,1,9,67,28,19,4,118,0,0,0,118
04/26/2021,GSP,SC,ASO,ES,Combined TRACON& Tower with Radar,78,28,20,11,137,0,1,12,0,13,78,29,32,11,150,14,0,14,164
04/27/2021,GSP,SC,ASO,ES,Combined TRACON& Tower with Radar,65,24,24,12,125,0,0,12,3,15,65,24,36,15,140,0,0,0,140
04/28/2021,GSP,SC,ASO,ES,Combined TRACON& Tower with Radar,75,21,21,22,139,0,9,4,3,16,75,30,25,25,155,0,0,0,155
04/29/2021,GSP,SC,ASO,ES,Combined TRACON& Tower with Radar,78,27,19,4,128,0,4,6,0,10,78,31,25,4,138,6,0,6,144
04/30/2021,GSP,SC,ASO,ES,Combined TRACON& Tower with Radar,82,23,28,1,134,0,2,16,0,18,82,25,44,1,152,0,0,0,152
05/01/2021,GSP,SC,ASO,ES,Combined TRACON& Tower with Radar,63,13,13,1,90,0,1,15,0,16,63,14,28,1,106,14,0,14,120
05/02/2021,GSP,SC,ASO,ES,Combined TRACON& Tower with Radar,69,26,17,0,112,0,0,15,0,15,69,26,32,0,127,0,0,0,127
05/03/2021,GSP,SC,ASO,ES,Combined TRACON& Tower with Radar,73,24,22,0,119,0,0,0,0,0,73,24,22,0,119,0,0,0,119
05/04/2021,GSP,SC,ASO,ES,Combined TRACON& Tower with Radar,73,16,7,0,96,0,0,0,0,0,73,16,7,0,96,0,0,0,96
05/05/2021,GSP,SC,ASO,ES,Combined TRACON& Tower with Radar,75,23,24,9,131,0,10,7,0,17,75,33,31,9,148,0,0,0,148
05/06/2021,GSP,SC,ASO,ES,Combined TRACON& Tower with Radar,81,24,37,0,142,0,3,17,0,20,81,27,54,0,162,18,0,18,180
05/07/2021,GSP,SC,ASO,ES,Combined TRACON& Tower with Radar,82,27,13,6,128,0,1,8,0,9,82,28,21,6,137,0,0,0,137
05/08/2021,GSP,SC,ASO,ES,Combined TRACON& Tower with Radar,69,15,22,0,106,0,0,18,0,18,69,15,40,0,124,0,0,0,124
05/09/2021,GSP,SC,ASO,ES,Combined TRACON& Tower with Radar,83,27,16,2,128,0,8,10,0,18,83,35,26,2,146,0,0,0,146
05/10/2021,GSP,SC,ASO,ES,Combined TRACON& Tower with Radar,77,27,9,0,113,0,0,1,2,3,77,27,10,2,116,0,0,0,116
05/11/2021,GSP,SC,ASO,ES,Combined TRACON& Tower with Radar,63,11,18,0,92,0,0,8,4,12,63,11,26,4,104,0,0,0,104
05/12/2021,GSP,SC,ASO,ES,Combined TRACON& Tower with Radar,71,19,19,3,112,0,0,1,1,2,71,19,20,4,114,0,0,0,114
05/13/2021,GSP,SC,ASO,ES,Combined TRACON& Tower with Radar,78,25,18,0,121,0,4,10,2,16,78,29,28,2,137,0,0,0,137
05/14/2021,GSP,SC,ASO,ES,Combined TRACON& Tower with Radar,77,25,25,6,133,0,2,10,1,13,77,27,35,7,146,0,0,0,146
05/15/2021,GSP,SC,ASO,ES,Combined TRACON& Tower with Radar,63,18,11,1,93,0,1,5,2,8,63,19,16,3,101,0,0,0,101
05/16/2021,GSP,SC,ASO,ES,Combined TRACON& Tower with Radar,74,27,24,0,125,0,0,6,0,6,74,27,30,0,131,4,0,4,135
05/17/2021,GSP,SC,ASO,ES,Combined TRACON& Tower with Radar,76,20,21,2,119,0,2,4,3,9,76,22,25,5,128,0,0,0,128
05/18/2021,GSP,SC,ASO,ES,Combined TRACON& Tower with Radar,69,12,20,0,101,0,0,7,2,9,69,12,27,2,110,0,0,0,110
05/19/2021,GSP,SC,ASO,ES,Combined TRACON& Tower with Radar,72,24,30,0,126,0,1,15,0,16,72,25,45,0,142,0,0,0,142
05/20/2021,GSP,SC,ASO,ES,Combined TRACON& Tower with Radar,81,35,55,1,172,0,6,9,2,17,81,41,64,3,189,0,0,0,189
05/21/2021,GSP,SC,ASO,ES,Combined TRACON& Tower with Radar,82,25,18,4,129,0,2,8,0,10,82,27,26,4,139,0,0,0,139
05/22/2021,GSP,SC,ASO,ES,Combined TRACON& Tower with Radar,66,14,6,0,86,0,0,1,0,1,66,14,7,0,87,0,0,0,87
05/23/2021,GSP,SC,ASO,ES,Combined TRACON& Tower with Radar,71,24,16,1,112,0,5,9,0,14,71,29,25,1,126,0,0,0,126
05/24/2021,GSP,SC,ASO,ES,Combined TRACON& Tower with Radar,76,16,22,4,118,0,1,6,0,7,76,17,28,4,125,0,0,0,125
05/25/2021,GSP,SC,ASO,ES,Combined TRACON& Tower with Radar,79,23,28,2,132,0,5,12,2,19,79,28,40,4,151,0,0,0,151
05/26/2021,GSP,SC,ASO,ES,Combined TRACON& Tower with Radar,77,15,26,0,118,0,1,16,0,17,77,16,42,0,135,0,0,0,135
05/27/2021,GSP,SC,ASO,ES,Combined TRACON& Tower with Radar,83,22,28,2,135,1,1,12,0,14,84,23,40,2,149,0,0,0,149
05/28/2021,GSP,SC,ASO,ES,Combined TRACON& Tower with Radar,82,22,27,6,137,0,2,9,0,11,82,24,36,6,148,0,0,0,148
05/29/2021,GSP,SC,ASO,ES,Combined TRACON& Tower with Radar,65,19,8,4,96,0,0,2,0,2,65,19,10,4,98,0,0,0,98
05/30/2021,GSP,SC,ASO,ES,Combined TRACON& Tower with Radar,62,14,11,4,91,0,0,4,2,6,62,14,15,6,97,0,0,0,97
05/31/2021,GSP,SC,ASO,ES,Combined TRACON& Tower with Radar,72,22,17,0,111,0,8,25,0,33,72,30,42,0,144,0,0,0,144
06/01/2021,GSP,SC,ASO,ES,Combined TRACON& Tower with Radar,69,18,31,6,124,0,3,6,2,11,69,21,37,8,135,0,0,0,135
06/02/2021,GSP,SC,ASO,ES,Combined TRACON& Tower with Radar,75,21,24,16,136,0,0,5,2,7,75,21,29,18,143,0,0,0,143
06/03/2021,GSP,SC,ASO,ES,Combined TRACON& Tower with Radar,77,26,19,7,129,0,0,1,0,1,77,26,20,7,130,0,0,0,130
06/04/2021,GSP,SC,ASO,ES,Combined TRACON& Tower with Radar,80,20,26,12,138,0,1,18,0,19,80,21,44,12,157,0,0,0,157
06/05/2021,GSP,SC,ASO,ES,Combined TRACON& Tower with Radar,56,21,15,0,92,0,2,5,0,7,56,23,20,0,99,0,0,0,99
06/06/2021,GSP,SC,ASO,ES,Combined TRACON& Tower with Radar,71,20,9,0,100,0,0,2,0,2,71,20,11,0,102,0,0,0,102
06/07/2021,GSP,SC,ASO,ES,Combined TRACON& Tower with Radar,68,30,23,0,121,0,1,0,0,1,68,31,23,0,122,0,0,0,122
06/08/2021,GSP,SC,ASO,ES,Combined TRACON& Tower with Radar,70,28,37,4,139,0,0,1,0,1,70,28,38,4,140,0,0,0,140
06/09/2021,GSP,SC,ASO,ES,Combined TRACON& Tower with Radar,68,28,25,16,137,0,0,5,2,7,68,28,30,18,144,0,0,0,144
06/10/2021,GSP,SC,ASO,ES,Combined TRACON& Tower with Radar,71,31,36,4,142,0,0,1,0,1,71,31,37,4,143,0,0,0,143
06/11/2021,GSP,SC,ASO,ES,Combined TRACON& Tower with Radar,78,29,27,0,134,0,0,11,0,11,78,29,38,0,145,0,0,0,145
06/12/2021,GSP,SC,ASO,ES,Combined TRACON& Tower with Radar,56,27,10,0,93,0,3,3,1,7,56,30,13,1,100,0,0,0,100
06/13/2021,GSP,SC,ASO,ES,Combined TRACON& Tower with Radar,68,40,26,8,142,0,0,16,0,16,68,40,42,8,158,0,0,0,158
06/14/2021,GSP,SC,ASO,ES,Combined TRACON& Tower with Radar,69,25,22,4,120,0,2,6,2,10,69,27,28,6,130,0,0,0,130
06/15/2021,GSP,SC,ASO,ES,Combined TRACON& Tower with Radar,68,29,16,0,113,0,4,13,0,17,68,33,29,0,130,12,0,12,142
06/16/2021,GSP,SC,ASO,ES,Combined TRACON& Tower with Radar,71,22,22,1,116,0,3,7,0,10,71,25,29,1,126,0,0,0,126
06/17/2021,GSP,SC,ASO,ES,Combined TRACON& Tower with Radar,74,35,23,0,132,0,6,8,0,14,74,41,31,0,146,10,0,10,156
06/18/2021,GSP,SC,ASO,ES,Combined TRACON& Tower with Radar,79,22,19,2,122,0,2,9,0,11,79,24,28,2,133,0,0,0,133
06/19/2021,GSP,SC,ASO,ES,Combined TRACON& Tower with Radar,56,20,18,0,94,0,1,6,0,7,56,21,24,0,101,0,0,0,101
06/20/2021,GSP,SC,ASO,ES,Combined TRACON& Tower with Radar,68,25,8,0,101,0,0,0,0,0,68,25,8,0,101,0,0,0,101
06/21/2021,GSP,SC,ASO,ES,Combined TRACON& Tower with Radar,67,27,28,18,140,0,5,1,0,6,67,32,29,18,146,0,0,0,146
06/22/2021,GSP,SC,ASO,ES,Combined TRACON& Tower with Radar,67,29,21,0,117,0,3,2,0,5,67,32,23,0,122,0,0,0,122
06/23/2021,GSP,SC,ASO,ES,Combined TRACON& Tower with Radar,73,31,46,6,156,0,3,6,21,30,73,34,52,27,186,0,0,0,186
06/24/2021,GSP,SC,ASO,ES,Combined TRACON& Tower with Radar,81,35,39,0,155,0,2,6,0,8,81,37,45,0,163,0,0,0,163
06/25/2021,GSP,SC,ASO,ES,Combined TRACON& Tower with Radar,78,24,33,0,135,0,1,5,0,6,78,25,38,0,141,0,0,0,141
06/26/2021,GSP,SC,ASO,ES,Combined TRACON& Tower with Radar,59,27,23,6,115,0,0,8,2,10,59,27,31,8,125,0,41,41,166
06/27/2021,GSP,SC,ASO,ES,Combined TRACON& Tower with Radar,66,29,22,0,117,0,0,4,0,4,66,29,26,0,121,0,0,0,121
06/28/2021,GSP,SC,ASO,ES,Combined TRACON& Tower with Radar,69,33,27,2,131,0,1,20,0,21,69,34,47,2,152,0,0,0,152
06/29/2021,GSP,SC,ASO,ES,Combined TRACON& Tower with Radar,69,25,32,11,137,0,0,3,3,6,69,25,35,14,143,0,0,0,143
06/30/2021,GSP,SC,ASO,ES,Combined TRACON& Tower with Radar,69,40,19,15,143,0,10,5,22,37,69,50,24,37,180,0,20,20,200
07/01/2021,GSP,SC,ASO,ES,Combined TRACON& Tower with Radar,72,44,21,13,150,0,1,6,9,16,72,45,27,22,166,0,0,0,166
07/02/2021,GSP,SC,ASO,ES,Combined TRACON& Tower with Radar,78,22,8,1,109,0,3,0,0,3,78,25,8,1,112,0,0,0,112
07/03/2021,GSP,SC,ASO,ES,Combined TRACON& Tower with Radar,55,26,9,2,92,0,5,6,0,11,55,31,15,2,103,0,0,0,103
07/04/2021,GSP,SC,ASO,ES,Combined TRACON& Tower with Radar,58,13,9,1,81,0,1,5,1,7,58,14,14,2,88,0,0,0,88
07/05/2021,GSP,SC,ASO,ES,Combined TRACON& Tower with Radar,72,30,18,1,121,0,0,10,0,10,72,30,28,1,131,0,0,0,131
07/06/2021,GSP,SC,ASO,ES,Combined TRACON& Tower with Radar,77,16,22,0,115,0,2,14,0,16,77,18,36,0,131,0,0,0,131
07/07/2021,GSP,SC,ASO,ES,Combined TRACON& Tower with Radar,83,28,20,1,132,0,0,17,1,18,83,28,37,2,150,0,0,0,150
07/08/2021,GSP,SC,ASO,ES,Combined TRACON& Tower with Radar,79,24,14,1,118,0,0,2,2,4,79,24,16,3,122,0,0,0,122
07/09/2021,GSP,SC,ASO,ES,Combined TRACON& Tower with Radar,93,17,14,0,124,0,0,4,3,7,93,17,18,3,131,0,0,0,131
07/10/2021,GSP,SC,ASO,ES,Combined TRACON& Tower with Radar,61,24,11,4,100,1,0,15,7,23,62,24,26,11,123,0,0,0,123
07/11/2021,GSP,SC,ASO,ES,Combined TRACON& Tower with Radar,74,20,22,2,118,0,0,14,1,15,74,20,36,3,133,20,0,20,153
07/12/2021,GSP,SC,ASO,ES,Combined TRACON& Tower with Radar,77,32,22,6,137,0,3,4,5,12,77,35,26,11,149,0,22,22,171
07/13/2021,GSP,SC,ASO,ES,Combined TRACON& Tower with Radar,83,25,35,13,156,0,3,5,1,9,83,28,40,14,165,0,0,0,165
07/14/2021,GSP,SC,ASO,ES,Combined TRACON& Tower with Radar,78,31,29,0,138,0,3,14,0,17,78,34,43,0,155,0,0,0,155
07/15/2021,GSP,SC,ASO,ES,Combined TRACON& Tower with Radar,83,18,28,8,137,0,0,9,0,9,83,18,37,8,146,10,0,10,156
07/16/2021,GSP,SC,ASO,ES,Combined TRACON& Tower with Radar,82,18,38,2,140,0,0,4,0,4,82,18,42,2,144,0,0,0,144
07/17/2021,GSP,SC,ASO,ES,Combined TRACON& Tower with Radar,65,28,14,1,108,0,0,11,1,12,65,28,25,2,120,8,0,8,128
07/18/2021,GSP,SC,ASO,ES,Combined TRACON& Tower with Radar,78,20,17,0,115,0,3,8,0,11,78,23,25,0,126,0,0,0,126
07/19/2021,GSP,SC,ASO,ES,Combined TRACON& Tower with Radar,81,23,25,0,129,0,0,1,0,1,81,23,26,0,130,0,0,0,130
07/20/2021,GSP,SC,ASO,ES,Combined TRACON& Tower with Radar,81,20,22,0,123,0,0,2,0,2,81,20,24,0,125,0,0,0,125
07/21/2021,GSP,SC,ASO,ES,Combined TRACON& Tower with Radar,81,22,26,0,129,0,1,7,0,8,81,23,33,0,137,0,0,0,137
07/22/2021,GSP,SC,ASO,ES,Combined TRACON& Tower with Radar,80,31,19,32,162,0,0,12,2,14,80,31,31,34,176,0,0,0,176
07/23/2021,GSP,SC,ASO,ES,Combined TRACON& Tower with Radar,91,23,29,19,162,0,3,4,1,8,91,26,33,20,170,0,0,0,170
07/24/2021,GSP,SC,ASO,ES,Combined TRACON& Tower with Radar,61,22,15,0,98,0,0,0,1,1,61,22,15,1,99,0,0,0,99
07/25/2021,GSP,SC,ASO,ES,Combined TRACON& Tower with Radar,82,34,17,1,134,0,2,2,0,4,82,36,19,1,138,0,0,0,138
07/26/2021,GSP,SC,ASO,ES,Combined TRACON& Tower with Radar,74,22,22,0,118,0,1,4,0,5,74,23,26,0,123,0,0,0,123
07/27/2021,GSP,SC,ASO,ES,Combined TRACON& Tower with Radar,89,25,17,0,131,0,1,2,0,3,89,26,19,0,134,0,0,0,134
07/28/2021,GSP,SC,ASO,ES,Combined TRACON& Tower with Radar,87,17,18,7,129,0,1,7,4,12,87,18,25,11,141,0,18,18,159
07/29/2021,GSP,SC,ASO,ES,Combined TRACON& Tower with Radar,80,38,35,0,153,0,4,10,0,14,80,42,45,0,167,16,0,16,183
07/30/2021,GSP,SC,ASO,ES,Combined TRACON& Tower with Radar,87,26,14,6,133,0,1,6,4,11,87,27,20,10,144,0,0,0,144
07/31/2021,GSP,SC,ASO,ES,Combined TRACON& Tower with Radar,61,26,9,15,111,0,2,7,4,13,61,28,16,19,124,0,0,0,124
08/01/2021,GSP,SC,ASO,ES,Combined TRACON& Tower with Radar,74,28,7,2,111,0,0,3,12,15,74,28,10,14,126,0,0,0,126
08/02/2021,GSP,SC,ASO,ES,Combined TRACON& Tower with Radar,79,21,22,10,132,0,2,6,0,8,79,23,28,10,140,0,0,0,140
08/03/2021,GSP,SC,ASO,ES,Combined TRACON& Tower with Radar,84,21,26,0,131,0,2,1,0,3,84,23,27,0,134,0,0,0,134
08/04/2021,GSP,SC,ASO,ES,Combined TRACON& Tower with Radar,86,34,34,0,154,0,2,11,0,13,86,36,45,0,167,0,0,0,167
08/05/2021,GSP,SC,ASO,ES,Combined TRACON& Tower with Radar,86,27,29,2,144,0,4,8,0,12,86,31,37,2,156,20,0,20,176
08/06/2021,GSP,SC,ASO,ES,Combined TRACON& Tower with Radar,81,26,7,6,120,0,0,8,1,9,81,26,15,7,129,6,0,6,135
08/07/2021,GSP,SC,ASO,ES,Combined TRACON& Tower with Radar,67,21,12,5,105,0,0,5,1,6,67,21,17,6,111,0,0,0,111
08/08/2021,GSP,SC,ASO,ES,Combined TRACON& Tower with Radar,72,25,9,0,106,0,0,13,0,13,72,25,22,0,119,0,0,0,119
08/09/2021,GSP,SC,ASO,ES,Combined TRACON& Tower with Radar,75,25,29,22,151,0,0,8,11,19,75,25,37,33,170,0,0,0,170
08/10/2021,GSP,SC,ASO,ES,Combined TRACON& Tower with Radar,79,22,24,14,139,0,2,8,1,11,79,24,32,15,150,0,0,0,150
08/11/2021,GSP,SC,ASO,ES,Combined TRACON& Tower with Radar,84,23,18,8,133,0,1,6,0,7,84,24,24,8,140,0,0,0,140
08/12/2021,GSP,SC,ASO,ES,Combined TRACON& Tower with Radar,75,29,28,12,144,0,2,7,16,25,75,31,35,28,169,0,0,0,169
08/13/2021,GSP,SC,ASO,ES,Combined TRACON& Tower with Radar,85,30,18,5,138,0,3,14,0,17,85,33,32,5,155,16,0,16,171
08/14/2021,GSP,SC,ASO,ES,Combined TRACON& Tower with Radar,59,21,7,0,87,0,1,3,0,4,59,22,10,0,91,0,0,0,91
08/15/2021,GSP,SC,ASO,ES,Combined TRACON& Tower with Radar,69,25,17,0,111,0,0,9,0,9,69,25,26,0,120,0,0,0,120
08/16/2021,GSP,SC,ASO,ES,Combined TRACON& Tower with Radar,92,28,16,0,136,0,0,2,0,2,92,28,18,0,138,0,0,0,138
08/17/2021,GSP,SC,ASO,ES,Combined TRACON& Tower with Radar,82,25,10,0,117,0,3,0,0,3,82,28,10,0,120,0,0,0,120
08/18/2021,GSP,SC,ASO,ES,Combined TRACON& Tower with Radar,83,20,22,4,129,0,4,9,0,13,83,24,31,4,142,0,0,0,142
08/19/2021,GSP,SC,ASO,ES,Combined TRACON& Tower with Radar,90,28,36,13,167,1,4,14,5,24,91,32,50,18,191,8,0,8,199
08/20/2021,GSP,SC,ASO,ES,Combined TRACON& Tower with Radar,89,28,14,3,134,0,0,7,5,12,89,28,21,8,146,0,0,0,146
08/21/2021,GSP,SC,ASO,ES,Combined TRACON& Tower with Radar,68,22,15,0,105,0,1,0,4,5,68,23,15,4,110,0,0,0,110
08/22/2021,GSP,SC,ASO,ES,Combined TRACON& Tower with Radar,87,30,10,0,127,0,2,5,0,7,87,32,15,0,134,0,0,0,134
08/23/2021,GSP,SC,ASO,ES,Combined TRACON& Tower with Radar,79,27,23,14,143,0,0,7,8,15,79,27,30,22,158,0,0,0,158
08/24/2021,GSP,SC,ASO,ES,Combined TRACON& Tower with Radar,77,22,32,8,139,0,2,8,5,15,77,24,40,13,154,0,0,0,154
08/25/2021,GSP,SC,ASO,ES,Combined TRACON& Tower with Radar,86,31,24,10,151,0,1,5,1,7,86,32,29,11,158,0,0,0,158
08/26/2021,GSP,SC,ASO,ES,Combined TRACON& Tower with Radar,88,37,30,12,167,1,1,13,8,23,89,38,43,20,190,0,0,0,190
08/27/2021,GSP,SC,ASO,ES,Combined TRACON& Tower with Radar,85,27,19,5,136,0,4,17,3,24,85,31,36,8,160,0,0,0,160
08/28/2021,GSP,SC,ASO,ES,Combined TRACON& Tower with Radar,68,14,8,0,90,0,0,8,0,8,68,14,16,0,98,0,0,0,98
08/29/2021,GSP,SC,ASO,ES,Combined TRACON& Tower with Radar,76,28,7,2,113,0,0,7,2,9,76,28,14,4,122,0,0,0,122
08/30/2021,GSP,SC,ASO,ES,Combined TRACON& Tower with Radar,82,33,21,0,136,0,4,3,0,7,82,37,24,0,143,0,0,0,143
08/31/2021,GSP,SC,ASO,ES,Combined TRACON& Tower with Radar,81,18,22,0,121,0,2,1,0,3,81,20,23,0,124,0,0,0,124
09/01/2021,GSP,SC,ASO,ES,Combined TRACON& Tower with Radar,93,25,18,0,136,0,3,1,0,4,93,28,19,0,140,0,0,0,140
09/02/2021,GSP,SC,ASO,ES,Combined TRACON& Tower with Radar,88,32,34,0,154,0,5,7,0,12,88,37,41,0,166,0,0,0,166
09/03/2021,GSP,SC,ASO,ES,Combined TRACON& Tower with Radar,81,30,15,0,126,1,1,17,0,19,82,31,32,0,145,0,0,0,145
09/04/2021,GSP,SC,ASO,ES,Combined TRACON& Tower with Radar,62,16,19,0,97,0,1,1,0,2,62,17,20,0,99,0,0,0,99
09/05/2021,GSP,SC,ASO,ES,Combined TRACON& Tower with Radar,60,17,2,0,79,0,0,3,0,3,60,17,5,0,82,0,0,0,82
09/06/2021,GSP,SC,ASO,ES,Combined TRACON& Tower with Radar,75,24,21,0,120,0,0,7,3,10,75,24,28,3,130,0,0,0,130
09/07/2021,GSP,SC,ASO,ES,Combined TRACON& Tower with Radar,70,18,30,0,118,0,5,8,0,13,70,23,38,0,131,0,0,0,131
09/08/2021,GSP,SC,ASO,ES,Combined TRACON& Tower with Radar,80,22,24,0,126,0,4,3,0,7,80,26,27,0,133,0,0,0,133
09/09/2021,GSP,SC,ASO,ES,Combined TRACON& Tower with Radar,85,28,29,3,145,0,3,8,1,12,85,31,37,4,157,0,0,0,157
09/10/2021,GSP,SC,ASO,ES,Combined TRACON& Tower with Radar,81,26,17,2,126,0,4,13,7,24,81,30,30,9,150,10,0,10,160
09/11/2021,GSP,SC,ASO,ES,Combined TRACON& Tower with Radar,64,16,13,3,96,0,0,20,2,22,64,16,33,5,118,28,38,66,184
09/12/2021,GSP,SC,ASO,ES,Combined TRACON& Tower with Radar,80,26,12,18,136,0,1,7,4,12,80,27,19,22,148,0,10,10,158
09/13/2021,GSP,SC,ASO,ES,Combined TRACON& Tower with Radar,78,24,14,4,120,0,1,14,0,15,78,25,28,4,135,0,0,0,135
09/14/2021,GSP,SC,ASO,ES,Combined TRACON& Tower with Radar,74,28,28,31,161,0,0,9,1,10,74,28,37,32,171,0,24,24,195
09/15/2021,GSP,SC,ASO,ES,Combined TRACON& Tower with Radar,77,19,15,7,118,0,0,12,3,15,77,19,27,10,133,6,12,18,151
09/16/2021,GSP,SC,ASO,ES,Combined TRACON& Tower with Radar,85,27,29,2,143,0,2,0,0,2,85,29,29,2,145,0,0,0,145
09/17/2021,GSP,SC,ASO,ES,Combined TRACON& Tower with Radar,82,28,18,21,149,0,5,4,12,21,82,33,22,33,170,0,6,6,176
09/18/2021,GSP,SC,ASO,ES,Combined TRACON& Tower with Radar,68,19,10,0,97,0,3,2,0,5,68,22,12,0,102,0,0,0,102
09/19/2021,GSP,SC,ASO,ES,Combined TRACON& Tower with Radar,81,22,32,2,137,0,2,2,0,4,81,24,34,2,141,0,0,0,141
09/20/2021,GSP,SC,ASO,ES,Combined TRACON& Tower with Radar,84,26,12,6,128,0,0,2,0,2,84,26,14,6,130,0,0,0,130
09/21/2021,GSP,SC,ASO,ES,Combined TRACON& Tower with Radar,76,21,23,0,120,0,0,0,0,0,76,21,23,0,120,0,0,0,120
09/22/2021,GSP,SC,ASO,ES,Combined TRACON& Tower with Radar,80,26,21,0,127,0,0,1,0,1,80,26,22,0,128,0,0,0,128
09/23/2021,GSP,SC,ASO,ES,Combined TRACON& Tower with Radar,87,21,21,2,131,0,4,14,1,19,87,25,35,3,150,0,0,0,150
09/24/2021,GSP,SC,ASO,ES,Combined TRACON& Tower with Radar,87,37,23,12,159,0,1,30,0,31,87,38,53,12,190,30,0,30,220
09/25/2021,GSP,SC,ASO,ES,Combined TRACON& Tower with Radar,69,18,9,0,96,0,3,24,0,27,69,21,33,0,123,2,0,2,125
09/26/2021,GSP,SC,ASO,ES,Combined TRACON& Tower with Radar,76,20,15,0,111,0,2,10,0,12,76,22,25,0,123,24,0,24,147
09/27/2021,GSP,SC,ASO,ES,Combined TRACON& Tower with Radar,80,18,21,2,121,0,4,12,1,17,80,22,33,3,138,10,0,10,148
09/28/2021,GSP,SC,ASO,ES,Combined TRACON& Tower with Radar,74,15,26,0,115,0,1,20,0,21,74,16,46,0,136,0,0,0,136
09/29/2021,GSP,SC,ASO,ES,Combined TRACON& Tower with Radar,79,34,23,0,136,0,2,4,2,8,79,36,27,2,144,6,0,6,150
09/30/2021,GSP,SC,ASO,ES,Combined TRACON& Tower with Radar,91,37,43,5,176,0,4,13,2,19,91,41,56,7,195,0,0,0,195
10/01/2021,GSP,SC,ASO,ES,Combined TRACON& Tower with Radar,81,23,32,18,154,0,0,16,8,24,81,23,48,26,178,0,0,0,178
10/02/2021,GSP,SC,ASO,ES,Combined TRACON& Tower with Radar,67,17,9,13,106,0,0,8,3,11,67,17,17,16,117,0,0,0,117
10/03/2021,GSP,SC,ASO,ES,Combined TRACON& Tower with Radar,74,22,15,3,114,0,0,4,4,8,74,22,19,7,122,0,0,0,122
10/04/2021,GSP,SC,ASO,ES,Combined TRACON& Tower with Radar,79,30,14,0,123,0,3,4,4,11,79,33,18,4,134,0,0,0,134
10/05/2021,GSP,SC,ASO,ES,Combined TRACON& Tower with Radar,77,18,17,0,112,0,0,0,0,0,77,18,17,0,112,0,0,0,112
10/06/2021,GSP,SC,ASO,ES,Combined TRACON& Tower with Radar,86,21,40,0,147,0,0,1,0,1,86,21,41,0,148,0,0,0,148
10/07/2021,GSP,SC,ASO,ES,Combined TRACON& Tower with Radar,92,25,28,0,145,0,0,0,0,0,92,25,28,0,145,0,0,0,145
10/08/2021,GSP,SC,ASO,ES,Combined TRACON& Tower with Radar,84,22,24,0,130,0,0,1,0,1,84,22,25,0,131,0,0,0,131
10/09/2021,GSP,SC,ASO,ES,Combined TRACON& Tower with Radar,77,9,18,0,104,0,2,5,2,9,77,11,23,2,113,0,0,0,113
10/10/2021,GSP,SC,ASO,ES,Combined TRACON& Tower with Radar,84,15,25,1,125,0,0,5,0,5,84,15,30,1,130,0,0,0,130
10/11/2021,GSP,SC,ASO,ES,Combined TRACON& Tower with Radar,85,19,24,1,129,0,2,3,0,5,85,21,27,1,134,0,0,0,134
10/12/2021,GSP,SC,ASO,ES,Combined TRACON& Tower with Radar,83,21,32,5,141,0,0,5,3,8,83,21,37,8,149,0,0,0,149
10/13/2021,GSP,SC,ASO,ES,Combined TRACON& Tower with Radar,94,21,20,6,141,0,0,16,0,16,94,21,36,6,157,0,0,0,157
10/14/2021,GSP,SC,ASO,ES,Combined TRACON& Tower with Radar,98,20,33,6,157,0,0,14,4,18,98,20,47,10,175,0,0,0,175
10/15/2021,GSP,SC,ASO,ES,Combined TRACON& Tower with Radar,96,25,28,32,181,0,2,12,5,19,96,27,40,37,200,0,0,0,200
10/16/2021,GSP,SC,ASO,ES,Combined TRACON& Tower with Radar,78,20,7,0,105,1,1,5,0,7,79,21,12,0,112,0,0,0,112
10/17/2021,GSP,SC,ASO,ES,Combined TRACON& Tower with Radar,89,31,25,8,153,0,2,25,0,27,89,33,50,8,180,4,0,4,184
10/18/2021,GSP,SC,ASO,ES,Combined TRACON& Tower with Radar,89,21,31,0,141,0,0,9,0,9,89,21,40,0,150,0,0,0,150
10/19/2021,GSP,SC,ASO,ES,Combined TRACON& Tower with Radar,87,18,22,0,127,0,4,21,0,25,87,22,43,0,152,0,0,0,152
10/20/2021,GSP,SC,ASO,ES,Combined TRACON& Tower with Radar,88,14,24,12,138,0,9,10,2,21,88,23,34,14,159,0,0,0,159
10/21/2021,GSP,SC,ASO,ES,Combined TRACON& Tower with Radar,92,30,34,0,156,0,3,10,1,14,92,33,44,1,170,0,0,0,170
10/22/2021,GSP,SC,ASO,ES,Combined TRACON& Tower with Radar,92,22,36,0,150,0,5,6,0,11,92,27,42,0,161,0,0,0,161
10/23/2021,GSP,SC,ASO,ES,Combined TRACON& Tower with Radar,77,8,14,1,100,0,0,11,0,11,77,8,25,1,111,0,0,0,111
10/24/2021,GSP,SC,ASO,ES,Combined TRACON& Tower with Radar,84,33,38,2,157,0,3,10,0,13,84,36,48,2,170,0,0,0,170
10/25/2021,GSP,SC,ASO,ES,Combined TRACON& Tower with Radar,89,26,18,13,146,0,0,3,0,3,89,26,21,13,149,0,0,0,149
10/26/2021,GSP,SC,ASO,ES,Combined TRACON& Tower with Radar,84,28,28,1,141,0,2,5,4,11,84,30,33,5,152,0,0,0,152
10/27/2021,GSP,SC,ASO,ES,Combined TRACON& Tower with Radar,87,25,27,7,146,0,3,28,2,33,87,28,55,9,179,0,0,0,179
10/28/2021,GSP,SC,ASO,ES,Combined TRACON& Tower with Radar,97,22,33,0,152,0,0,0,0,0,97,22,33,0,152,0,0,0,152
10/29/2021,GSP,SC,ASO,ES,Combined TRACON& Tower with Radar,96,18,24,0,138,0,5,0,1,6,96,23,24,1,144,0,0,0,144
10/30/2021,GSP,SC,ASO,ES,Combined TRACON& Tower with Radar,76,10,13,2,101,0,0,1,0,1,76,10,14,2,102,0,0,0,102
10/31/2021,GSP,SC,ASO,ES,Combined TRACON& Tower with Radar,69,23,7,1,100,0,1,4,1,6,69,24,11,2,106,0,0,0,106
11/01/2021,GSP,SC,ASO,ES,Combined TRACON& Tower with Radar,85,18,15,9,127,0,0,16,4,20,85,18,31,13,147,0,6,6,153
11/02/2021,GSP,SC,ASO,ES,Combined TRACON& Tower with Radar,78,22,30,16,146,0,3,6,3,12,78,25,36,19,158,0,0,0,158
11/03/2021,GSP,SC,ASO,ES,Combined TRACON& Tower with Radar,80,28,25,18,151,0,3,8,1,12,80,31,33,19,163,0,2,2,165
11/04/2021,GSP,SC,ASO,ES,Combined TRACON& Tower with Radar,93,24,29,0,146,0,0,2,0,2,93,24,31,0,148,0,0,0,148
11/05/2021,GSP,SC,ASO,ES,Combined TRACON& Tower with Radar,101,20,19,27,167,0,5,7,3,15,101,25,26,30,182,0,0,0,182
11/06/2021,GSP,SC,ASO,ES,Combined TRACON& Tower with Radar,69,14,4,5,92,0,0,4,7,11,69,14,8,12,103,0,0,0,103
11/07/2021,GSP,SC,ASO,ES,Combined TRACON& Tower with Radar,78,24,22,10,134,0,0,10,1,11,78,24,32,11,145,12,0,12,157
11/08/2021,GSP,SC,ASO,ES,Combined TRACON& Tower with Radar,95,16,26,17,154,0,1,10,2,13,95,17,36,19,167,0,0,0,167
11/09/2021,GSP,SC,ASO,ES,Combined TRACON& Tower with Radar,77,14,23,7,121,0,2,12,5,19,77,16,35,12,140,24,12,36,176
11/10/2021,GSP,SC,ASO,ES,Combined TRACON& Tower with Radar,82,18,26,5,131,0,1,15,3,19,82,19,41,8,150,42,12,54,204
11/11/2021,GSP,SC,ASO,ES,Combined TRACON& Tower with Radar,91,29,20,0,140,0,2,3,0,5,91,31,23,0,145,0,0,0,145
11/12/2021,GSP,SC,ASO,ES,Combined TRACON& Tower with Radar,90,32,24,1,147,0,3,12,3,18,90,35,36,4,165,22,0,22,187
11/13/2021,GSP,SC,ASO,ES,Combined TRACON& Tower with Radar,61,24,9,0,94,0,0,16,0,16,61,24,25,0,110,10,0,10,120
11/14/2021,GSP,SC,ASO,ES,Combined TRACON& Tower with Radar,77,24,15,0,116,0,1,8,0,9,77,25,23,0,125,0,0,0,125
11/15/2021,GSP,SC,ASO,ES,Combined TRACON& Tower with Radar,90,27,29,11,157,0,1,15,0,16,90,28,44,11,173,0,0,0,173
11/16/2021,GSP,SC,ASO,ES,Combined TRACON& Tower with Radar,79,26,22,0,127,0,4,5,0,9,79,30,27,0,136,6,0,6,142
11/17/2021,GSP,SC,ASO,ES,Combined TRACON& Tower with Radar,89,28,17,10,144,0,3,10,2,15,89,31,27,12,159,0,0,0,159
11/18/2021,GSP,SC,ASO,ES,Combined TRACON& Tower with Radar,86,25,38,19,168,0,3,40,2,45,86,28,78,21,213,10,0,10,223
11/19/2021,GSP,SC,ASO,ES,Combined TRACON& Tower with Radar,89,24,30,3,146,0,0,19,5,24,89,24,49,8,170,10,0,10,180
11/20/2021,GSP,SC,ASO,ES,Combined TRACON& Tower with Radar,68,24,16,10,118,0,1,6,2,9,68,25,22,12,127,0,0,0,127
11/21/2021,GSP,SC,ASO,ES,Combined TRACON& Tower with Radar,76,26,25,0,127,0,0,4,0,4,76,26,29,0,131,0,0,0,131
11/22/2021,GSP,SC,ASO,ES,Combined TRACON& Tower with Radar,82,24,15,3,124,0,2,8,4,14,82,26,23,7,138,0,0,0,138
11/23/2021,GSP,SC,ASO,ES,Combined TRACON& Tower with Radar,86,18,25,11,140,0,2,8,4,14,86,20,33,15,154,0,16,16,170
11/24/2021,GSP,SC,ASO,ES,Combined TRACON& Tower with Radar,96,31,25,2,154,0,0,12,2,14,96,31,37,4,168,0,10,10,178
11/25/2021,GSP,SC,ASO,ES,Combined TRACON& Tower with Radar,44,6,8,0,58,0,0,3,0,3,44,6,11,0,61,0,0,0,61
11/26/2021,GSP,SC,ASO,ES,Combined TRACON& Tower with Radar,68,13,7,0,88,1,0,4,0,5,69,13,11,0,93,0,0,0,93
11/27/2021,GSP,SC,ASO,ES,Combined TRACON& Tower with Radar,74,28,16,0,118,1,1,10,0,12,75,29,26,0,130,0,0,0,130
11/28/2021,GSP,SC,ASO,ES,Combined TRACON& Tower with Radar,86,34,30,0,150,0,1,10,0,11,86,35,40,0,161,0,0,0,161
11/29/2021,GSP,SC,ASO,ES,Combined TRACON& Tower with Radar,88,53,21,4,166,0,4,6,2,12,88,57,27,6,178,0,0,0,178
11/30/2021,GSP,SC,ASO,ES,Combined TRACON& Tower with Radar,93,21,33,3,150,0,3,10,5,18,93,24,43,8,168,0,0,0,168
12/01/2021,GSP,SC,ASO,ES,Combined TRACON& Tower with Radar,93,18,29,17,157,0,0,7,2,9,93,18,36,19,166,0,0,0,166
12/02/2021,GSP,SC,ASO,ES,Combined TRACON& Tower with Radar,92,33,26,14,165,0,0,5,2,7,92,33,31,16,172,0,20,20,192
12/03/2021,GSP,SC,ASO,ES,Combined TRACON& Tower with Radar,94,34,22,26,176,0,0,11,1,12,94,34,33,27,188,10,0,10,198
12/04/2021,GSP,SC,ASO,ES,Combined TRACON& Tower with Radar,61,20,17,22,120,0,0,8,6,14,61,20,25,28,134,12,30,42,176
12/05/2021,GSP,SC,ASO,ES,Combined TRACON& Tower with Radar,79,36,18,1,134,0,0,4,1,5,79,36,22,2,139,4,0,4,143
12/06/2021,GSP,SC,ASO,ES,Combined TRACON& Tower with Radar,88,22,25,0,135,1,0,0,0,1,89,22,25,0,136,0,0,0,136
12/07/2021,GSP,SC,ASO,ES,Combined TRACON& Tower with Radar,82,23,20,14,139,0,0,6,0,6,82,23,26,14,145,0,0,0,145
12/08/2021,GSP,SC,ASO,ES,Combined TRACON& Tower with Radar,84,21,27,4,136,0,0,3,0,3,84,21,30,4,139,0,0,0,139
12/09/2021,GSP,SC,ASO,ES,Combined TRACON& Tower with Radar,93,26,41,0,160,0,1,6,0,7,93,27,47,0,167,0,0,0,167
12/10/2021,GSP,SC,ASO,ES,Combined TRACON& Tower with Radar,88,37,29,0,154,0,0,0,0,0,88,37,29,0,154,0,0,0,154
12/11/2021,GSP,SC,ASO,ES,Combined TRACON& Tower with Radar,61,21,6,0,88,0,0,0,0,0,61,21,6,0,88,0,0,0,88
12/12/2021,GSP,SC,ASO,ES,Combined TRACON& Tower with Radar,75,29,8,4,116,0,0,8,1,9,75,29,16,5,125,0,0,0,125
12/13/2021,GSP,SC,ASO,ES,Combined TRACON& Tower with Radar,84,29,26,33,172,0,1,10,4,15,84,30,36,37,187,0,0,0,187
12/14/2021,GSP,SC,ASO,ES,Combined TRACON& Tower with Radar,82,19,21,15,137,0,5,11,9,25,82,24,32,24,162,0,38,38,200
12/15/2021,GSP,SC,ASO,ES,Combined TRACON& Tower with Radar,82,29,20,10,141,0,0,10,10,20,82,29,30,20,161,18,10,28,189
12/16/2021,GSP,SC,ASO,ES,Combined TRACON& Tower with Radar,90,26,38,18,172,0,0,5,2,7,90,26,43,20,179,0,33,33,212
12/17/2021,GSP,SC,ASO,ES,Combined TRACON& Tower with Radar,86,29,37,0,152,0,0,5,0,5,86,29,42,0,157,0,0,0,157
12/18/2021,GSP,SC,ASO,ES,Combined TRACON& Tower with Radar,54,18,15,0,87,0,0,0,0,0,54,18,15,0,87,0,0,0,87
12/19/2021,GSP,SC,ASO,ES,Combined TRACON& Tower with Radar,68,31,8,1,108,0,5,5,0,10,68,36,13,1,118,0,0,0,118
12/20/2021,GSP,SC,ASO,ES,Combined TRACON& Tower with Radar,77,22,19,2,120,0,0,15,2,17,77,22,34,4,137,0,0,0,137
12/21/2021,GSP,SC,ASO,ES,Combined TRACON& Tower with Radar,75,31,21,0,127,0,2,4,0,6,75,33,25,0,133,0,0,0,133
12/22/2021,GSP,SC,ASO,ES,Combined TRACON& Tower with Radar,81,23,19,8,131,0,0,9,0,9,81,23,28,8,140,22,0,22,162
12/23/2021,GSP,SC,ASO,ES,Combined TRACON& Tower with Radar,79,29,19,0,127,0,0,9,0,9,79,29,28,0,136,0,0,0,136
12/24/2021,GSP,SC,ASO,ES,Combined TRACON& Tower with Radar,62,20,8,0,90,0,3,3,0,6,62,23,11,0,96,0,0,0,96
12/25/2021,GSP,SC,ASO,ES,Combined TRACON& Tower with Radar,49,14,2,0,65,0,0,0,0,0,49,14,2,0,65,0,0,0,65
12/26/2021,GSP,SC,ASO,ES,Combined TRACON& Tower with Radar,58,25,29,0,112,0,0,9,0,9,58,25,38,0,121,0,0,0,121
12/27/2021,GSP,SC,ASO,ES,Combined TRACON& Tower with Radar,66,17,9,0,92,0,0,2,0,2,66,17,11,0,94,0,0,0,94
12/28/2021,GSP,SC,ASO,ES,Combined TRACON& Tower with Radar,64,17,21,0,102,0,3,5,0,8,64,20,26,0,110,0,0,0,110
12/29/2021,GSP,SC,ASO,ES,Combined TRACON& Tower with Radar,80,20,10,0,110,0,0,0,0,0,80,20,10,0,110,0,0,0,110
12/30/2021,GSP,SC,ASO,ES,Combined TRACON& Tower with Radar,69,25,17,0,111,0,0,0,0,0,69,25,17,0,111,0,0,0,111
12/31/2021,GSP,SC,ASO,ES,Combined TRACON& Tower with Radar,62,15,16,0,93,0,0,2,2,4,62,15,18,2,97,0,0,0,97
01/01/2022,GSP,SC,ASO,ES,Combined TRACON& Tower with Radar,51,17,1,0,69,0,0,0,0,0,51,17,1,0,69,0,0,0,69
01/02/2022,GSP,SC,ASO,ES,Combined TRACON& Tower with Radar,57,28,29,0,114,0,0,0,0,0,57,28,29,0,114,0,0,0,114
01/03/2022,GSP,SC,ASO,ES,Combined TRACON& Tower with Radar,61,21,10,0,92,0,0,6,6,12,61,21,16,6,104,6,0,6,110
01/04/2022,GSP,SC,ASO,ES,Combined TRACON& Tower with Radar,64,28,19,9,120,0,1,10,5,16,64,29,29,14,136,0,38,38,174
01/05/2022,GSP,SC,ASO,ES,Combined TRACON& Tower with Radar,61,19,12,0,92,0,1,11,2,14,61,20,23,2,106,0,0,0,106
01/06/2022,GSP,SC,ASO,ES,Combined TRACON& Tower with Radar,71,21,14,2,108,0,1,1,0,2,71,22,15,2,110,0,0,0,110
01/07/2022,GSP,SC,ASO,ES,Combined TRACON& Tower with Radar,69,19,15,10,113,0,2,8,1,11,69,21,23,11,124,0,0,0,124
01/08/2022,GSP,SC,ASO,ES,Combined TRACON& Tower with Radar,50,18,10,4,82,0,0,7,0,7,50,18,17,4,89,0,0,0,89
01/09/2022,GSP,SC,ASO,ES,Combined TRACON& Tower with Radar,67,25,5,0,97,0,0,0,0,0,67,25,5,0,97,0,0,0,97
01/10/2022,GSP,SC,ASO,ES,Combined TRACON& Tower with Radar,66,23,11,10,110,1,1,11,0,13,67,24,22,10,123,0,6,6,129
01/11/2022,GSP,SC,ASO,ES,Combined TRACON& Tower with Radar,75,23,25,0,123,0,1,6,2,9,75,24,31,2,132,0,0,0,132
01/12/2022,GSP,SC,ASO,ES,Combined TRACON& Tower with Radar,83,17,14,2,116,0,0,12,1,13,83,17,26,3,129,0,0,0,129
01/13/2022,GSP,SC,ASO,ES,Combined TRACON& Tower with Radar,87,20,13,2,122,1,0,4,0,5,88,20,17,2,127,0,0,0,127
01/14/2022,GSP,SC,ASO,ES,Combined TRACON& Tower with Radar,85,27,15,7,134,0,2,14,1,17,85,29,29,8,151,0,8,8,159
01/15/2022,GSP,SC,ASO,ES,Combined TRACON& Tower with Radar,58,20,9,0,87,0,0,7,0,7,58,20,16,0,94,0,0,0,94
01/16/2022,GSP,SC,ASO,ES,Combined TRACON& Tower with Radar,0,0,2,0,2,0,0,0,0,0,0,0,2,0,2,0,0,0,2
01/17/2022,GSP,SC,ASO,ES,Combined TRACON& Tower with Radar,63,18,35,0,116,0,0,2,2,4,63,18,37,2,120,0,0,0,120
01/18/2022,GSP,SC,ASO,ES,Combined TRACON& Tower with Radar,92,19,23,16,150,0,2,9,1,12,92,21,32,17,162,0,0,0,162
01/19/2022,GSP,SC,ASO,ES,Combined TRACON& Tower with Radar,82,23,25,0,130,0,0,13,0,13,82,23,38,0,143,0,0,0,143
01/20/2022,GSP,SC,ASO,ES,Combined TRACON& Tower with Radar,79,20,21,0,120,0,0,1,0,1,79,20,22,0,121,0,0,0,121
01/21/2022,GSP,SC,ASO,ES,Combined TRACON& Tower with Radar,87,27,10,0,124,0,0,1,0,1,87,27,11,0,125,0,0,0,125
01/22/2022,GSP,SC,ASO,ES,Combined TRACON& Tower with Radar,61,15,25,0,101,0,0,8,4,12,61,15,33,4,113,0,0,0,113
01/23/2022,GSP,SC,ASO,ES,Combined TRACON& Tower with Radar,71,25,17,0,113,0,1,5,0,6,71,26,22,0,119,0,0,0,119
01/24/2022,GSP,SC,ASO,ES,Combined TRACON& Tower with Radar,83,18,15,0,116,0,8,25,1,34,83,26,40,1,150,0,0,0,150
01/25/2022,GSP,SC,ASO,ES,Combined TRACON& Tower with Radar,77,22,25,13,137,0,0,17,8,25,77,22,42,21,162,32,34,66,228
01/26/2022,GSP,SC,ASO,ES,Combined TRACON& Tower with Radar,77,30,28,21,156,0,2,5,0,7,77,32,33,21,163,0,0,0,163
01/27/2022,GSP,SC,ASO,ES,Combined TRACON& Tower with Radar,88,37,23,2,150,0,1,15,0,16,88,38,38,2,166,0,0,0,166
01/28/2022,GSP,SC,ASO,ES,Combined TRACON& Tower with Radar,91,32,24,0,147,0,0,8,3,11,91,32,32,3,158,0,0,0,158
01/29/2022,GSP,SC,ASO,ES,Combined TRACON& Tower with Radar,53,11,10,0,74,1,0,1,0,2,54,11,11,0,76,0,0,0,76
01/30/2022,GSP,SC,ASO,ES,Combined TRACON& Tower with Radar,71,25,20,0,116,0,0,5,0,5,71,25,25,0,121,0,0,0,121
01/31/2022,GSP,SC,ASO,ES,Combined TRACON& Tower with Radar,82,25,22,2,131,0,6,12,0,18,82,31,34,2,149,0,0,0,149
02/01/2022,GSP,SC,ASO,ES,Combined TRACON& Tower with Radar,76,23,18,10,127,0,2,9,0,11,76,25,27,10,138,0,0,0,138
02/02/2022,GSP,SC,ASO,ES,Combined TRACON& Tower with Radar,79,31,20,29,159,0,0,1,0,1,79,31,21,29,160,0,0,0,160
02/03/2022,GSP,SC,ASO,ES,Combined TRACON& Tower with Radar,74,19,12,8,113,0,0,0,0,0,74,19,12,8,113,0,0,0,113
02/04/2022,GSP,SC,ASO,ES,Combined TRACON& Tower with Radar,65,20,18,0,103,0,0,6,0,6,65,20,24,0,109,0,0,0,109
02/05/2022,GSP,SC,ASO,ES,Combined TRACON& Tower with Radar,66,15,11,0,92,0,1,4,1,6,66,16,15,1,98,0,0,0,98
02/06/2022,GSP,SC,ASO,ES,Combined TRACON& Tower with Radar,78,20,14,3,115,0,2,2,0,4,78,22,16,3,119,0,0,0,119
02/07/2022,GSP,SC,ASO,ES,Combined TRACON& Tower with Radar,87,27,29,9,152,0,0,4,3,7,87,27,33,12,159,0,0,0,159
02/08/2022,GSP,SC,ASO,ES,Combined TRACON& Tower with Radar,80,25,24,30,159,0,1,7,0,8,80,26,31,30,167,0,0,0,167
02/09/2022,GSP,SC,ASO,ES,Combined TRACON& Tower with Radar,85,33,39,7,164,1,4,21,0,26,86,37,60,7,190,0,0,0,190
02/10/2022,GSP,SC,ASO,ES,Combined TRACON& Tower with Radar,85,25,35,1,146,0,0,9,1,10,85,25,44,2,156,0,0,0,156
02/11/2022,GSP,SC,ASO,ES,Combined TRACON& Tower with Radar,84,20,24,39,167,1,1,12,10,24,85,21,36,49,191,0,0,0,191
02/12/2022,GSP,SC,ASO,ES,Combined TRACON& Tower with Radar,58,10,5,0,73,0,0,6,0,6,58,10,11,0,79,0,0,0,79
02/13/2022,GSP,SC,ASO,ES,Combined TRACON& Tower with Radar,71,15,14,0,100,0,0,2,0,2,71,15,16,0,102,0,0,0,102
02/14/2022,GSP,SC,ASO,ES,Combined TRACON& Tower with Radar,82,24,22,0,128,0,1,12,0,13,82,25,34,0,141,0,0,0,141
02/15/2022,GSP,SC,ASO,ES,Combined TRACON& Tower with Radar,81,23,20,4,128,0,2,13,2,17,81,25,33,6,145,0,0,0,145
02/16/2022,GSP,SC,ASO,ES,Combined TRACON& Tower with Radar,83,23,30,12,148,0,1,6,0,7,83,24,36,12,155,0,0,0,155
02/17/2022,GSP,SC,ASO,ES,Combined TRACON& Tower with Radar,89,30,30,2,151,0,1,2,0,3,89,31,32,2,154,0,0,0,154
02/18/2022,GSP,SC,ASO,ES,Combined TRACON& Tower with Radar,88,31,17,3,139,0,6,3,2,11,88,37,20,5,150,0,8,8,158
02/19/2022,GSP,SC,ASO,ES,Combined TRACON& Tower with Radar,62,14,4,1,81,0,2,8,0,10,62,16,12,1,91,0,0,0,91
02/20/2022,GSP,SC,ASO,ES,Combined TRACON& Tower with Radar,69,27,13,9,118,0,1,12,0,13,69,28,25,9,131,0,0,0,131
02/21/2022,GSP,SC,ASO,ES,Combined TRACON& Tower with Radar,81,21,37,0,139,0,3,6,0,9,81,24,43,0,148,0,0,0,148
02/22/2022,GSP,SC,ASO,ES,Combined TRACON& Tower with Radar,76,18,25,0,119,0,0,4,0,4,76,18,29,0,123,0,0,0,123
02/23/2022,GSP,SC,ASO,ES,Combined TRACON& Tower with Radar,74,28,18,2,122,0,0,2,0,2,74,28,20,2,124,0,0,0,124
02/24/2022,GSP,SC,ASO,ES,Combined TRACON& Tower with Radar,79,17,24,2,122,0,0,0,0,0,79,17,24,2,122,0,0,0,122
02/25/2022,GSP,SC,ASO,ES,Combined TRACON& Tower with Radar,80,21,25,4,130,0,0,10,6,16,80,21,35,10,146,0,0,0,146
02/26/2022,GSP,SC,ASO,ES,Combined TRACON& Tower with Radar,63,11,14,5,93,0,0,18,3,21,63,11,32,8,114,54,14,68,182
02/27/2022,GSP,SC,ASO,ES,Combined TRACON& Tower with Radar,75,18,24,0,117,0,0,0,0,0,75,18,24,0,117,0,0,0,117
02/28/2022,GSP,SC,ASO,ES,Combined TRACON& Tower with Radar,82,28,22,0,132,0,3,7,0,10,82,31,29,0,142,0,0,0,142
03/01/2022,GSP,SC,ASO,ES,Combined TRACON& Tower with Radar,78,21,17,8,124,0,2,7,4,13,78,23,24,12,137,0,44,44,181
03/02/2022,GSP,SC,ASO,ES,Combined TRACON& Tower with Radar,81,29,31,0,141,0,1,19,0,20,81,30,50,0,161,21,0,21,182
03/03/2022,GSP,SC,ASO,ES,Combined TRACON& Tower with Radar,85,25,49,36,195,0,9,12,9,30,85,34,61,45,225,0,22,22,247
03/04/2022,GSP,SC,ASO,ES,Combined TRACON& Tower with Radar,85,16,30,8,139,0,0,15,0,15,85,16,45,8,154,0,12,12,166
03/05/2022,GSP,SC,ASO,ES,Combined TRACON& Tower with Radar,64,10,9,0,83,0,3,7,0,10,64,13,16,0,93,0,20,20,113
03/06/2022,GSP,SC,ASO,ES,Combined TRACON& Tower with Radar,71,27,22,0,120,0,6,9,0,15,71,33,31,0,135,0,0,0,135
03/07/2022,GSP,SC,ASO,ES,Combined TRACON& Tower with Radar,77,18,18,7,120,0,0,8,0,8,77,18,26,7,128,30,0,30,158
03/08/2022,GSP,SC,ASO,ES,Combined TRACON& Tower with Radar,73,17,29,2,121,0,1,10,0,11,73,18,39,2,132,0,0,0,132
03/09/2022,GSP,SC,ASO,ES,Combined TRACON& Tower with Radar,71,9,23,2,105,0,1,0,0,1,71,10,23,2,106,0,0,0,106
03/10/2022,GSP,SC,ASO,ES,Combined TRACON& Tower with Radar,86,34,40,0,160,0,0,0,0,0,86,34,40,0,160,0,0,0,160
03/11/2022,GSP,SC,ASO,ES,Combined TRACON& Tower with Radar,89,24,17,2,132,0,0,0,0,0,89,24,17,2,132,0,0,0,132
03/12/2022,GSP,SC,ASO,ES,Combined TRACON& Tower with Radar,59,14,17,0,90,0,0,3,0,3,59,14,20,0,93,0,0,0,93
03/13/2022,GSP,SC,ASO,ES,Combined TRACON& Tower with Radar,70,26,23,4,123,0,0,14,0,14,70,26,37,4,137,18,0,18,155
03/14/2022,GSP,SC,ASO,ES,Combined TRACON& Tower with Radar,80,13,24,1,118,0,1,31,1,33,80,14,55,2,151,0,0,0,151
03/15/2022,GSP,SC,ASO,ES,Combined TRACON& Tower with Radar,76,17,22,6,121,1,2,13,0,16,77,19,35,6,137,0,0,0,137
03/16/2022,GSP,SC,ASO,ES,Combined TRACON& Tower with Radar,86,15,26,0,127,0,0,0,0,0,86,15,26,0,127,0,0,0,127
03/17/2022,GSP,SC,ASO,ES,Combined TRACON& Tower with Radar,82,39,37,33,191,1,1,9,6,17,83,40,46,39,208,16,20,36,244
03/18/2022,GSP,SC,ASO,ES,Combined TRACON& Tower with Radar,95,21,25,8,149,0,0,7,0,7,95,21,32,8,156,0,0,0,156
03/19/2022,GSP,SC,ASO,ES,Combined TRACON& Tower with Radar,70,20,14,0,104,0,0,0,0,0,70,20,14,0,104,0,0,0,104
03/20/2022,GSP,SC,ASO,ES,Combined TRACON& Tower with Radar,83,23,22,0,128,0,5,16,0,21,83,28,38,0,149,16,0,16,165
03/21/2022,GSP,SC,ASO,ES,Combined TRACON& Tower with Radar,80,17,27,13,137,0,0,29,7,36,80,17,56,20,173,10,10,20,193
03/22/2022,GSP,SC,ASO,ES,Combined TRACON& Tower with Radar,69,14,19,10,112,0,0,10,4,14,69,14,29,14,126,0,20,20,146
03/23/2022,GSP,SC,ASO,ES,Combined TRACON& Tower with Radar,76,16,15,0,107,0,1,0,0,1,76,17,15,0,108,0,0,0,108
03/24/2022,GSP,SC,ASO,ES,Combined TRACON& Tower with Radar,85,25,36,2,148,0,2,12,0,14,85,27,48,2,162,0,0,0,162
03/25/2022,GSP,SC,ASO,ES,Combined TRACON& Tower with Radar,87,13,19,8,127,0,0,2,0,2,87,13,21,8,129,14,0,14,143
03/26/2022,GSP,SC,ASO,ES,Combined TRACON& Tower with Radar,71,16,11,0,98,0,0,4,4,8,71,16,15,4,106,0,0,0,106
03/27/2022,GSP,SC,ASO,ES,Combined TRACON& Tower with Radar,73,27,22,0,122,0,0,3,6,9,73,27,25,6,131,0,0,0,131
03/28/2022,GSP,SC,ASO,ES,Combined TRACON& Tower with Radar,85,12,28,0,125,0,3,20,0,23,85,15,48,0,148,12,0,12,160
03/29/2022,GSP,SC,ASO,ES,Combined TRACON& Tower with Radar,79,15,25,32,151,0,2,18,14,34,79,17,43,46,185,0,40,40,225
03/30/2022,GSP,SC,ASO,ES,Combined TRACON& Tower with Radar,83,21,20,0,124,0,0,2,0,2,83,21,22,0,126,0,0,0,126
03/31/2022,GSP,SC,ASO,ES,Combined TRACON& Tower with Radar,82,27,23,19,151,0,5,1,0,6,82,32,24,19,157,0,0,0,157
04/01/2022,GSP,SC,ASO,ES,Combined TRACON& Tower with Radar,91,25,27,18,161,0,3,16,0,19,91,28,43,18,180,0,0,0,180
04/02/2022,GSP,SC,ASO,ES,Combined TRACON& Tower with Radar,60,15,4,0,79,6,0,13,0,19,66,15,17,0,98,20,0,20,118
04/03/2022,GSP,SC,ASO,ES,Combined TRACON& Tower with Radar,69,24,18,3,114,0,1,9,1,11,69,25,27,4,125,0,0,0,125
04/04/2022,GSP,SC,ASO,ES,Combined TRACON& Tower with Radar,73,21,25,1,120,0,1,12,1,14,73,22,37,2,134,0,0,0,134
04/05/2022,GSP,SC,ASO,ES,Combined TRACON& Tower with Radar,78,18,22,0,118,0,0,0,0,0,78,18,22,0,118,0,0,0,118
04/06/2022,GSP,SC,ASO,ES,Combined TRACON& Tower with Radar,74,21,44,8,147,0,0,9,8,17,74,21,53,16,164,16,22,38,202
04/07/2022,GSP,SC,ASO,ES,Combined TRACON& Tower with Radar,83,28,41,2,154,0,2,30,0,32,83,30,71,2,186,10,0,10,196
04/08/2022,GSP,SC,ASO,ES,Combined TRACON& Tower with Radar,87,24,30,0,141,0,1,8,1,10,87,25,38,1,151,0,0,0,151
04/09/2022,GSP,SC,ASO,ES,Combined TRACON& Tower with Radar,58,22,11,0,91,0,0,5,0,5,58,22,16,0,96,0,0,0,96
04/10/2022,GSP,SC,ASO,ES,Combined TRACON& Tower with Radar,67,28,11,0,106,0,1,9,0,10,67,29,20,0,116,0,0,0,116
04/11/2022,GSP,SC,ASO,ES,Combined TRACON& Tower with Radar,79,18,29,6,132,0,0,28,3,31,79,18,57,9,163,0,0,0,163
04/12/2022,GSP,SC,ASO,ES,Combined TRACON& Tower with Radar,82,25,18,1,126,0,0,8,0,8,82,25,26,1,134,0,0,0,134
04/13/2022,GSP,SC,ASO,ES,Combined TRACON& Tower with Radar,74,24,23,8,129,1,1,5,0,7,75,25,28,8,136,0,0,0,136
04/14/2022,GSP,SC,ASO,ES,Combined TRACON& Tower with Radar,80,29,39,3,151,0,0,5,1,6,80,29,44,4,157,0,0,0,157
04/15/2022,GSP,SC,ASO,ES,Combined TRACON& Tower with Radar,78,18,14,0,110,0,3,8,0,11,78,21,22,0,121,10,0,10,131
04/16/2022,GSP,SC,ASO,ES,Combined TRACON& Tower with Radar,57,13,6,0,76,0,0,0,0,0,57,13,6,0,76,0,0,0,76
04/17/2022,GSP,SC,ASO,ES,Combined TRACON& Tower with Radar,70,13,9,0,92,0,0,3,0,3,70,13,12,0,95,0,0,0,95
04/18/2022,GSP,SC,ASO,ES,Combined TRACON& Tower with Radar,82,25,29,0,136,0,4,6,0,10,82,29,35,0,146,0,0,0,146
04/19/2022,GSP,SC,ASO,ES,Combined TRACON& Tower with Radar,81,16,17,5,119,0,0,12,5,17,81,16,29,10,136,0,0,0,136
04/20/2022,GSP,SC,ASO,ES,Combined TRACON& Tower with Radar,85,24,34,8,151,0,0,19,2,21,85,24,53,10,172,54,0,54,226
04/21/2022,GSP,SC,ASO,ES,Combined TRACON& Tower with Radar,87,27,33,16,163,0,4,19,2,25,87,31,52,18,188,30,0,30,218
04/22/2022,GSP,SC,ASO,ES,Combined TRACON& Tower with Radar,84,26,42,10,162,0,2,22,14,38,84,28,64,24,200,0,0,0,200
04/23/2022,GSP,SC,ASO,ES,Combined TRACON& Tower with Radar,62,25,11,1,99,0,1,10,6,17,62,26,21,7,116,0,4,4,120
04/24/2022,GSP,SC,ASO,ES,Combined TRACON& Tower with Radar,77,19,25,1,122,0,1,4,1,6,77,20,29,2,128,0,0,0,128
04/25/2022,GSP,SC,ASO,ES,Combined TRACON& Tower with Radar,85,25,32,7,149,0,4,23,3,30,85,29,55,10,179,0,12,12,191
04/26/2022,GSP,SC,ASO,ES,Combined TRACON& Tower with Radar,83,14,28,21,146,0,3,6,0,9,83,17,34,21,155,0,0,0,155
04/27/2022,GSP,SC,ASO,ES,Combined TRACON& Tower with Radar,82,18,26,5,131,0,1,14,6,21,82,19,40,11,152,0,0,0,152
04/28/2022,GSP,SC,ASO,ES,Combined TRACON& Tower with Radar,85,27,32,3,147,32,0,24,3,59,117,27,56,6,206,22,74,96,302
04/29/2022,GSP,SC,ASO,ES,Combined TRACON& Tower with Radar,85,21,15,23,144,0,2,10,0,12,85,23,25,23,156,4,8,12,168
04/30/2022,GSP,SC,ASO,ES,Combined TRACON& Tower with Radar,61,17,13,0,91,0,5,7,0,12,61,22,20,0,103,0,0,0,103
05/01/2022,GSP,SC,ASO,ES,Combined TRACON& Tower with Radar,71,19,22,0,112,0,0,4,0,4,71,19,26,0,116,0,0,0,116
05/02/2022,GSP,SC,ASO,ES,Combined TRACON& Tower with Radar,85,19,36,8,148,0,0,19,0,19,85,19,55,8,167,0,0,0,167
05/03/2022,GSP,SC,ASO,ES,Combined TRACON& Tower with Radar,78,18,27,4,127,0,0,9,0,9,78,18,36,4,136,4,0,4,140
05/04/2022,GSP,SC,ASO,ES,Combined TRACON& Tower with Radar,79,31,37,1,148,0,4,15,1,20,79,35,52,2,168,14,0,14,182
05/05/2022,GSP,SC,ASO,ES,Combined TRACON& Tower with Radar,85,24,37,10,156,0,4,12,6,22,85,28,49,16,178,12,30,42,220
05/06/2022,GSP,SC,ASO,ES,Combined TRACON& Tower with Radar,99,13,21,0,133,0,1,1,0,2,99,14,22,0,135,10,0,10,145
05/07/2022,GSP,SC,ASO,ES,Combined TRACON& Tower with Radar,71,6,21,0,98,0,0,5,0,5,71,6,26,0,103,0,0,0,103
05/08/2022,GSP,SC,ASO,ES,Combined TRACON& Tower with Radar,73,17,26,0,116,0,1,6,0,7,73,18,32,0,123,0,0,0,123
05/09/2022,GSP,SC,ASO,ES,Combined TRACON& Tower with Radar,91,9,25,17,142,0,0,17,2,19,91,9,42,19,161,8,6,14,175
05/10/2022,GSP,SC,ASO,ES,Combined TRACON& Tower with Radar,85,6,30,14,135,0,2,10,0,12,85,8,40,14,147,0,0,0,147
05/11/2022,GSP,SC,ASO,ES,Combined TRACON& Tower with Radar,87,20,35,2,144,1,3,12,1,17,88,23,47,3,161,0,0,0,161
05/12/2022,GSP,SC,ASO,ES,Combined TRACON& Tower with Radar,88,15,38,0,141,1,14,11,3,29,89,29,49,3,170,0,0,0,170
05/13/2022,GSP,SC,ASO,ES,Combined TRACON& Tower with Radar,95,26,39,0,160,0,2,5,2,9,95,28,44,2,169,0,0,0,169
05/14/2022,GSP,SC,ASO,ES,Combined TRACON& Tower with Radar,74,5,9,2,90,0,0,5,0,5,74,5,14,2,95,0,0,0,95
05/15/2022,GSP,SC,ASO,ES,Combined TRACON& Tower with Radar,75,20,34,1,130,0,0,15,1,16,75,20,49,2,146,0,0,0,146
05/16/2022,GSP,SC,ASO,ES,Combined TRACON& Tower with Radar,79,13,20,10,122,1,3,16,0,20,80,16,36,10,142,3,0,3,145
05/17/2022,GSP,SC,ASO,ES,Combined TRACON& Tower with Radar,88,14,11,4,117,0,0,14,0,14,88,14,25,4,131,0,0,0,131
05/18/2022,GSP,SC,ASO,ES,Combined TRACON& Tower with Radar,88,13,24,4,129,0,2,20,3,25,88,15,44,7,154,33,16,49,203
05/19/2022,GSP,SC,ASO,ES,Combined TRACON& Tower with Radar,90,20,20,0,130,0,2,8,0,10,90,22,28,0,140,0,0,0,140
05/20/2022,GSP,SC,ASO,ES,Combined TRACON& Tower with Radar,88,16,27,39,170,0,1,8,4,13,88,17,35,43,183,18,12,30,213
05/21/2022,GSP,SC,ASO,ES,Combined TRACON& Tower with Radar,68,10,13,16,107,0,0,1,1,2,68,10,14,17,109,0,6,6,115
05/22/2022,GSP,SC,ASO,ES,Combined TRACON& Tower with Radar,71,17,14,6,108,0,0,1,0,1,71,17,15,6,109,0,0,0,109
05/23/2022,GSP,SC,ASO,ES,Combined TRACON& Tower with Radar,91,20,19,1,131,0,1,0,0,1,91,21,19,1,132,0,0,0,132
05/24/2022,GSP,SC,ASO,ES,Combined TRACON& Tower with Radar,91,15,43,2,151,0,0,7,1,8,91,15,50,3,159,12,0,12,171
05/25/2022,GSP,SC,ASO,ES,Combined TRACON& Tower with Radar,86,8,22,4,120,0,0,0,0,0,86,8,22,4,120,14,0,14,134
05/26/2022,GSP,SC,ASO,ES,Combined TRACON& Tower with Radar,90,23,35,0,148,0,0,0,0,0,90,23,35,0,148,0,0,0,148
05/27/2022,GSP,SC,ASO,ES,Combined TRACON& Tower with Radar,89,28,36,0,153,0,0,5,2,7,89,28,41,2,160,0,0,0,160
05/28/2022,GSP,SC,ASO,ES,Combined TRACON& Tower with Radar,64,8,6,0,78,0,0,9,0,9,64,8,15,0,87,0,0,0,87
05/29/2022,GSP,SC,ASO,ES,Combined TRACON& Tower with Radar,69,9,7,0,85,0,2,14,3,19,69,11,21,3,104,0,0,0,104
05/30/2022,GSP,SC,ASO,ES,Combined TRACON& Tower with Radar,89,20,20,1,130,0,0,17,0,17,89,20,37,1,147,0,0,0,147
05/31/2022,GSP,SC,ASO,ES,Combined TRACON& Tower with Radar,81,4,29,12,126,0,2,12,0,14,81,6,41,12,140,0,0,0,140
06/01/2022,GSP,SC,ASO,ES,Combined TRACON& Tower with Radar,84,16,17,17,134,0,1,6,0,7,84,17,23,17,141,12,0,12,153
06/02/2022,GSP,SC,ASO,ES,Combined TRACON& Tower with Radar,89,19,18,0,126,0,0,15,0,15,89,19,33,0,141,8,0,8,149
06/03/2022,GSP,SC,ASO,ES,Combined TRACON& Tower with Radar,75,19,28,10,132,0,0,1,2,3,75,19,29,12,135,0,12,12,147
06/04/2022,GSP,SC,ASO,ES,Combined TRACON& Tower with Radar,66,10,9,1,86,0,2,2,0,4,66,12,11,1,90,0,0,0,90
06/05/2022,GSP,SC,ASO,ES,Combined TRACON& Tower with Radar,72,21,19,6,118,0,1,7,2,10,72,22,26,8,128,0,0,0,128
06/06/2022,GSP,SC,ASO,ES,Combined TRACON& Tower with Radar,92,17,20,20,149,0,5,12,1,18,92,22,32,21,167,3,18,21,188
06/07/2022,GSP,SC,ASO,ES,Combined TRACON& Tower with Radar,73,11,31,0,115,0,3,2,0,5,73,14,33,0,120,0,0,0,120
06/08/2022,GSP,SC,ASO,ES,Combined TRACON& Tower with Radar,79,20,38,4,141,0,1,7,0,8,79,21,45,4,149,0,0,0,149
06/09/2022,GSP,SC,ASO,ES,Combined TRACON& Tower with Radar,87,22,34,8,151,0,1,12,7,20,87,23,46,15,171,12,32,44,215
06/10/2022,GSP,SC,ASO,ES,Combined TRACON& Tower with Radar,80,23,27,13,143,0,2,11,6,19,80,25,38,19,162,12,0,12,174
06/11/2022,GSP,SC,ASO,ES,Combined TRACON& Tower with Radar,60,16,14,2,92,0,0,8,0,8,60,16,22,2,100,0,0,0,100
06/12/2022,GSP,SC,ASO,ES,Combined TRACON& Tower with Radar,69,23,29,13,134,0,6,14,0,20,69,29,43,13,154,38,0,38,192
06/13/2022,GSP,SC,ASO,ES,Combined TRACON& Tower with Radar,86,23,15,0,124,0,0,13,0,13,86,23,28,0,137,14,0,14,151
06/14/2022,GSP,SC,ASO,ES,Combined TRACON& Tower with Radar,75,20,35,0,130,1,0,6,0,7,76,20,41,0,137,0,0,0,137
06/15/2022,GSP,SC,ASO,ES,Combined TRACON& Tower with Radar,82,15,23,15,135,0,2,10,3,15,82,17,33,18,150,0,0,0,150
06/16/2022,GSP,SC,ASO,ES,Combined TRACON& Tower with Radar,75,22,21,5,123,0,0,10,2,12,75,22,31,7,135,18,0,18,153
06/17/2022,GSP,SC,ASO,ES,Combined TRACON& Tower with Radar,68,28,22,0,118,0,3,8,0,11,68,31,30,0,129,4,0,4,133
06/18/2022,GSP,SC,ASO,ES,Combined TRACON& Tower with Radar,58,12,4,0,74,0,3,7,0,10,58,15,11,0,84,0,0,0,84
06/19/2022,GSP,SC,ASO,ES,Combined TRACON& Tower with Radar,71,16,14,0,101,0,0,13,0,13,71,16,27,0,114,0,0,0,114
06/20/2022,GSP,SC,ASO,ES,Combined TRACON& Tower with Radar,86,11,23,4,124,0,2,5,0,7,86,13,28,4,131,0,0,0,131
06/21/2022,GSP,SC,ASO,ES,Combined TRACON& Tower with Radar,78,11,38,16,143,0,1,18,2,21,78,12,56,18,164,0,0,0,164
06/22/2022,GSP,SC,ASO,ES,Combined TRACON& Tower with Radar,67,24,21,0,112,0,3,11,1,15,67,27,32,1,127,0,0,0,127
06/23/2022,GSP,SC,ASO,ES,Combined TRACON& Tower with Radar,80,20,26,18,144,1,2,8,1,12,81,22,34,19,156,0,31,31,187
06/24/2022,GSP,SC,ASO,ES,Combined TRACON& Tower with Radar,81,21,33,16,151,0,2,1,0,3,81,23,34,16,154,0,0,0,154
06/25/2022,GSP,SC,ASO,ES,Combined TRACON& Tower with Radar,63,15,14,0,92,0,1,7,0,8,63,16,21,0,100,36,0,36,136
06/26/2022,GSP,SC,ASO,ES,Combined TRACON& Tower with Radar,70,34,20,2,126,0,1,2,2,5,70,35,22,4,131,0,0,0,131
06/27/2022,GSP,SC,ASO,ES,Combined TRACON& Tower with Radar,78,17,18,2,115,0,0,3,1,4,78,17,21,3,119,0,0,0,119
06/28/2022,GSP,SC,ASO,ES,Combined TRACON& Tower with Radar,77,13,19,2,111,0,0,13,0,13,77,13,32,2,124,0,0,0,124
06/29/2022,GSP,SC,ASO,ES,Combined TRACON& Tower with Radar,80,18,22,5,125,0,2,4,1,7,80,20,26,6,132,0,0,0,132
06/30/2022,GSP,SC,ASO,ES,Combined TRACON& Tower with Radar,87,30,24,0,141,0,0,9,0,9,87,30,33,0,150,8,0,8,158
07/01/2022,GSP,SC,ASO,ES,Combined TRACON& Tower with Radar,80,24,28,2,134,0,3,7,0,10,80,27,35,2,144,0,0,0,144
07/02/2022,GSP,SC,ASO,ES,Combined TRACON& Tower with Radar,52,13,16,0,81,0,0,7,0,7,52,13,23,0,88,0,0,0,88
07/03/2022,GSP,SC,ASO,ES,Combined TRACON& Tower with Radar,60,18,13,0,91,0,0,6,1,7,60,18,19,1,98,0,0,0,98
07/04/2022,GSP,SC,ASO,ES,Combined TRACON& Tower with Radar,71,12,6,1,90,0,0,4,0,4,71,12,10,1,94,0,0,0,94
07/05/2022,GSP,SC,ASO,ES,Combined TRACON& Tower with Radar,74,15,14,0,103,0,2,1,0,3,74,17,15,0,106,0,0,0,106
07/06/2022,GSP,SC,ASO,ES,Combined TRACON& Tower with Radar,65,17,13,10,105,0,0,4,2,6,65,17,17,12,111,0,0,0,111
07/07/2022,GSP,SC,ASO,ES,Combined TRACON& Tower with Radar,73,21,17,11,122,1,0,9,3,13,74,21,26,14,135,0,0,0,135
07/08/2022,GSP,SC,ASO,ES,Combined TRACON& Tower with Radar,73,14,18,10,115,0,2,11,0,13,73,16,29,10,128,0,0,0,128
07/09/2022,GSP,SC,ASO,ES,Combined TRACON& Tower with Radar,68,20,5,0,93,0,0,7,0,7,68,20,12,0,100,0,0,0,100
07/10/2022,GSP,SC,ASO,ES,Combined TRACON& Tower with Radar,70,20,8,0,98,0,0,2,0,2,70,20,10,0,100,0,0,0,100
07/11/2022,GSP,SC,ASO,ES,Combined TRACON& Tower with Radar,82,21,27,8,138,0,0,6,0,6,82,21,33,8,144,0,0,0,144
07/12/2022,GSP,SC,ASO,ES,Combined TRACON& Tower with Radar,68,30,16,18,132,1,1,12,0,14,69,31,28,18,146,0,0,0,146
07/13/2022,GSP,SC,ASO,ES,Combined TRACON& Tower with Radar,81,19,31,2,133,0,0,2,0,2,81,19,33,2,135,0,0,0,135
07/14/2022,GSP,SC,ASO,ES,Combined TRACON& Tower with Radar,83,23,36,20,162,0,0,12,0,12,83,23,48,20,174,23,0,23,197
07/15/2022,GSP,SC,ASO,ES,Combined TRACON& Tower with Radar,79,22,11,33,145,1,3,23,4,31,80,25,34,37,176,26,6,32,208
07/16/2022,GSP,SC,ASO,ES,Combined TRACON& Tower with Radar,69,7,18,0,94,0,1,7,0,8,69,8,25,0,102,0,0,0,102
07/17/2022,GSP,SC,ASO,ES,Combined TRACON& Tower with Radar,70,24,14,0,108,0,3,5,0,8,70,27,19,0,116,0,0,0,116
07/18/2022,GSP,SC,ASO,ES,Combined TRACON& Tower with Radar,70,16,25,29,140,0,1,10,11,22,70,17,35,40,162,0,70,70,232
07/19/2022,GSP,SC,ASO,ES,Combined TRACON& Tower with Radar,72,19,35,0,126,0,1,16,2,19,72,20,51,2,145,0,0,0,145
07/20/2022,GSP,SC,ASO,ES,Combined TRACON& Tower with Radar,72,23,25,1,121,0,0,7,1,8,72,23,32,2,129,10,0,10,139
07/21/2022,GSP,SC,ASO,ES,Combined TRACON& Tower with Radar,81,20,27,4,132,0,1,3,0,4,81,21,30,4,136,0,0,0,136
07/22/2022,GSP,SC,ASO,ES,Combined TRACON& Tower with Radar,79,21,22,4,126,0,3,10,2,15,79,24,32,6,141,0,12,12,153
07/23/2022,GSP,SC,ASO,ES,Combined TRACON& Tower with Radar,66,8,16,0,90,0,3,13,0,16,66,11,29,0,106,12,0,12,118
07/24/2022,GSP,SC,ASO,ES,Combined TRACON& Tower with Radar,61,24,19,0,104,0,4,4,0,8,61,28,23,0,112,0,0,0,112
07/25/2022,GSP,SC,ASO,ES,Combined TRACON& Tower with Radar,82,18,26,0,126,0,0,11,0,11,82,18,37,0,137,0,0,0,137
07/26/2022,GSP,SC,ASO,ES,Combined TRACON& Tower with Radar,77,26,21,0,124,0,1,10,0,11,77,27,31,0,135,0,0,0,135
07/27/2022,GSP,SC,ASO,ES,Combined TRACON& Tower with Radar,72,19,37,0,128,0,2,11,1,14,72,21,48,1,142,0,0,0,142
07/28/2022,GSP,SC,ASO,ES,Combined TRACON& Tower with Radar,82,21,32,8,143,0,2,9,2,13,82,23,41,10,156,0,0,0,156
07/29/2022,GSP,SC,ASO,ES,Combined TRACON& Tower with Radar,82,22,21,16,141,0,0,9,0,9,82,22,30,16,150,12,0,12,162
07/30/2022,GSP,SC,ASO,ES,Combined TRACON& Tower with Radar,63,11,7,0,81,0,1,10,0,11,63,12,17,0,92,28,0,28,120
07/31/2022,GSP,SC,ASO,ES,Combined TRACON& Tower with Radar,71,28,16,0,115,0,2,6,0,8,71,30,22,0,123,20,0,20,143
08/01/2022,GSP,SC,ASO,ES,Combined TRACON& Tower with Radar,81,14,20,10,125,0,0,4,2,6,81,14,24,12,131,0,0,0,131
08/02/2022,GSP,SC,ASO,ES,Combined TRACON& Tower with Radar,74,15,20,12,121,0,0,13,7,20,74,15,33,19,141,18,36,54,195
08/03/2022,GSP,SC,ASO,ES,Combined TRACON& Tower with Radar,70,17,22,1,110,0,1,12,2,15,70,18,34,3,125,12,0,12,137
08/04/2022,GSP,SC,ASO,ES,Combined TRACON& Tower with Radar,88,20,19,2,129,0,0,11,2,13,88,20,30,4,142,0,0,0,142
08/05/2022,GSP,SC,ASO,ES,Combined TRACON& Tower with Radar,76,16,30,29,151,0,3,8,5,16,76,19,38,34,167,16,4,20,187
08/06/2022,GSP,SC,ASO,ES,Combined TRACON& Tower with Radar,71,9,11,0,91,0,0,3,0,3,71,9,14,0,94,22,0,22,116
08/07/2022,GSP,SC,ASO,ES,Combined TRACON& Tower with Radar,62,23,20,17,122,0,3,4,1,8,62,26,24,18,130,0,8,8,138
08/08/2022,GSP,SC,ASO,ES,Combined TRACON& Tower with Radar,74,14,27,18,133,0,0,8,2,10,74,14,35,20,143,0,8,8,151
08/09/2022,GSP,SC,ASO,ES,Combined TRACON& Tower with Radar,70,15,24,2,111,0,1,10,5,16,70,16,34,7,127,0,0,0,127
08/10/2022,GSP,SC,ASO,ES,Combined TRACON& Tower with Radar,68,16,27,4,115,0,1,12,2,15,68,17,39,6,130,16,0,16,146
08/11/2022,GSP,SC,ASO,ES,Combined TRACON& Tower with Radar,74,23,24,8,129,0,0,14,6,20,74,23,38,14,149,8,52,60,209
08/12/2022,GSP,SC,ASO,ES,Combined TRACON& Tower with Radar,83,18,20,0,121,0,1,3,0,4,83,19,23,0,125,0,0,0,125
08/13/2022,GSP,SC,ASO,ES,Combined TRACON& Tower with Radar,62,9,11,3,85,0,2,11,2,15,62,11,22,5,100,6,3,9,109
08/14/2022,GSP,SC,ASO,ES,Combined TRACON& Tower with Radar,70,19,26,1,116,0,0,32,0,32,70,19,58,1,148,28,0,28,176
08/15/2022,GSP,SC,ASO,ES,Combined TRACON& Tower with Radar,82,21,32,6,141,0,3,11,0,14,82,24,43,6,155,0,0,0,155
08/16/2022,GSP,SC,ASO,ES,Combined TRACON& Tower with Radar,81,18,33,9,141,0,2,0,0,2,81,20,33,9,143,0,0,0,143
08/17/2022,GSP,SC,ASO,ES,Combined TRACON& Tower with Radar,73,11,33,6,123,0,0,13,0,13,73,11,46,6,136,34,0,34,170
08/18/2022,GSP,SC,ASO,ES,Combined TRACON& Tower with Radar,78,23,15,0,116,0,0,13,2,15,78,23,28,2,131,0,0,0,131
08/19/2022,GSP,SC,ASO,ES,Combined TRACON& Tower with Radar,82,8,32,6,128,1,2,0,0,3,83,10,32,6,131,0,0,0,131
08/20/2022,GSP,SC,ASO,ES,Combined TRACON& Tower with Radar,67,8,18,2,95,0,0,5,0,5,67,8,23,2,100,0,0,0,100
08/21/2022,GSP,SC,ASO,ES,Combined TRACON& Tower with Radar,71,15,24,0,110,0,0,2,0,2,71,15,26,0,112,20,0,20,132
08/22/2022,GSP,SC,ASO,ES,Combined TRACON& Tower with Radar,73,9,26,13,121,0,1,8,2,11,73,10,34,15,132,0,4,4,136
08/23/2022,GSP,SC,ASO,ES,Combined TRACON& Tower with Radar,77,10,30,13,130,0,0,11,1,12,77,10,41,14,142,0,20,20,162
08/24/2022,GSP,SC,ASO,ES,Combined TRACON& Tower with Radar,80,16,20,7,123,0,1,6,2,9,80,17,26,9,132,0,0,0,132
08/25/2022,GSP,SC,ASO,ES,Combined TRACON& Tower with Radar,81,21,24,0,126,0,0,10,0,10,81,21,34,0,136,13,0,13,149
08/26/2022,GSP,SC,ASO,ES,Combined TRACON& Tower with Radar,79,21,29,0,129,0,0,11,0,11,79,21,40,0,140,8,0,8,148
08/27/2022,GSP,SC,ASO,ES,Combined TRACON& Tower with Radar,67,12,12,1,92,1,0,8,1,10,68,12,20,2,102,0,0,0,102
08/28/2022,GSP,SC,ASO,ES,Combined TRACON& Tower with Radar,81,29,10,0,120,0,0,1,1,2,81,29,11,1,122,0,0,0,122
08/29/2022,GSP,SC,ASO,ES,Combined TRACON& Tower with Radar,85,13,21,10,129,0,0,7,0,7,85,13,28,10,136,10,4,14,150
08/30/2022,GSP,SC,ASO,ES,Combined TRACON& Tower with Radar,75,14,19,0,108,0,2,8,0,10,75,16,27,0,118,0,0,0,118
08/31/2022,GSP,SC,ASO,ES,Combined TRACON& Tower with Radar,69,16,27,0,112,1,2,14,3,20,70,18,41,3,132,50,0,50,182
09/01/2022,GSP,SC,ASO,ES,Combined TRACON& Tower with Radar,83,20,24,19,146,0,2,11,5,18,83,22,35,24,164,4,26,30,194
09/02/2022,GSP,SC,ASO,ES,Combined TRACON& Tower with Radar,80,21,23,6,130,0,1,3,0,4,80,22,26,6,134,0,0,0,134
09/03/2022,GSP,SC,ASO,ES,Combined TRACON& Tower with Radar,61,8,7,0,76,0,0,6,0,6,61,8,13,0,82,0,0,0,82
09/04/2022,GSP,SC,ASO,ES,Combined TRACON& Tower with Radar,62,8,13,0,83,0,0,2,0,2,62,8,15,0,85,0,0,0,85
09/05/2022,GSP,SC,ASO,ES,Combined TRACON& Tower with Radar,72,15,17,0,104,0,0,3,0,3,72,15,20,0,107,0,0,0,107
09/06/2022,GSP,SC,ASO,ES,Combined TRACON& Tower with Radar,79,15,23,0,117,0,0,5,1,6,79,15,28,1,123,0,0,0,123
09/07/2022,GSP,SC,ASO,ES,Combined TRACON& Tower with Radar,78,12,27,0,117,0,0,10,0,10,78,12,37,0,127,0,0,0,127
09/08/2022,GSP,SC,ASO,ES,Combined TRACON& Tower with Radar,84,20,32,4,140,0,0,7,6,13,84,20,39,10,153,8,28,36,189
09/09/2022,GSP,SC,ASO,ES,Combined TRACON& Tower with Radar,80,19,13,25,137,0,0,9,2,11,80,19,22,27,148,0,4,4,152
09/10/2022,GSP,SC,ASO,ES,Combined TRACON& Tower with Radar,67,6,7,1,81,0,0,0,0,0,67,6,7,1,81,0,0,0,81
09/11/2022,GSP,SC,ASO,ES,Combined TRACON& Tower with Radar,77,23,10,7,117,1,0,0,0,1,78,23,10,7,118,0,0,0,118
09/12/2022,GSP,SC,ASO,ES,Combined TRACON& Tower with Radar,87,17,34,7,145,0,0,5,3,8,87,17,39,10,153,0,0,0,153
09/13/2022,GSP,SC,ASO,ES,Combined TRACON& Tower with Radar,79,16,27,0,122,0,0,6,4,10,79,16,33,4,132,0,0,0,132
09/14/2022,GSP,SC,ASO,ES,Combined TRACON& Tower with Radar,78,12,23,4,117,0,0,12,4,16,78,12,35,8,133,0,0,0,133
09/15/2022,GSP,SC,ASO,ES,Combined TRACON& Tower with Radar,88,22,39,13,162,0,2,10,3,15,88,24,49,16,177,28,10,38,215
09/16/2022,GSP,SC,ASO,ES,Combined TRACON& Tower with Radar,80,20,19,18,137,0,2,11,1,14,80,22,30,19,151,4,2,6,157
09/17/2022,GSP,SC,ASO,ES,Combined TRACON& Tower with Radar,63,10,19,1,93,0,0,9,4,13,63,10,28,5,106,0,0,0,106
09/18/2022,GSP,SC,ASO,ES,Combined TRACON& Tower with Radar,71,23,24,19,137,0,0,15,1,16,71,23,39,20,153,6,0,6,159
09/19/2022,GSP,SC,ASO,ES,Combined TRACON& Tower with Radar,79,14,29,10,132,0,0,11,5,16,79,14,40,15,148,0,29,29,177
09/20/2022,GSP,SC,ASO,ES,Combined TRACON& Tower with Radar,77,16,23,8,124,0,4,13,0,17,77,20,36,8,141,8,10,18,159
09/21/2022,GSP,SC,ASO,ES,Combined TRACON& Tower with Radar,76,21,21,12,130,0,6,19,2,27,76,27,40,14,157,10,14,24,181
09/22/2022,GSP,SC,ASO,ES,Combined TRACON& Tower with Radar,82,22,39,0,143,0,0,14,0,14,82,22,53,0,157,0,0,0,157
09/23/2022,GSP,SC,ASO,ES,Combined TRACON& Tower with Radar,80,22,20,6,128,0,9,7,11,27,80,31,27,17,155,5,14,19,174
09/24/2022,GSP,SC,ASO,ES,Combined TRACON& Tower with Radar,62,14,8,10,94,0,5,13,3,21,62,19,21,13,115,0,12,12,127
09/25/2022,GSP,SC,ASO,ES,Combined TRACON& Tower with Radar,71,23,21,2,117,0,0,18,0,18,71,23,39,2,135,6,0,6,141
09/26/2022,GSP,SC,ASO,ES,Combined TRACON& Tower with Radar,78,11,25,2,116,0,3,12,0,15,78,14,37,2,131,0,0,0,131
09/27/2022,GSP,SC,ASO,ES,Combined TRACON& Tower with Radar,78,19,23,0,120,1,2,16,0,19,79,21,39,0,139,12,0,12,151
09/28/2022,GSP,SC,ASO,ES,Combined TRACON& Tower with Radar,81,11,33,6,131,0,5,5,1,11,81,16,38,7,142,0,0,0,142
09/29/2022,GSP,SC,ASO,ES,Combined TRACON& Tower with Radar,88,18,21,0,127,0,2,3,0,5,88,20,24,0,132,0,0,0,132
09/30/2022,GSP,SC,ASO,ES,Combined TRACON& Tower with Radar,79,13,17,0,109,0,0,0,0,0,79,13,17,0,109,0,0,0,109
10/01/2022,GSP,SC,ASO,ES,Combined TRACON& Tower with Radar,65,8,16,0,89,0,0,5,2,7,65,8,21,2,96,0,0,0,96
10/02/2022,GSP,SC,ASO,ES,Combined TRACON& Tower with Radar,75,22,4,0,101,0,0,2,2,4,75,22,6,2,105,0,0,0,105
10/03/2022,GSP,SC,ASO,ES,Combined TRACON& Tower with Radar,81,17,25,8,131,0,1,4,2,7,81,18,29,10,138,0,0,0,138
10/04/2022,GSP,SC,ASO,ES,Combined TRACON& Tower with Radar,80,14,21,44,159,0,3,6,6,15,80,17,27,50,174,6,24,30,204
10/05/2022,GSP,SC,ASO,ES,Combined TRACON& Tower with Radar,76,21,28,7,132,0,0,11,4,15,76,21,39,11,147,6,10,16,163
10/06/2022,GSP,SC,ASO,ES,Combined TRACON& Tower with Radar,89,30,23,2,144,0,9,12,8,29,89,39,35,10,173,18,0,18,191
10/07/2022,GSP,SC,ASO,ES,Combined TRACON& Tower with Radar,83,29,39,4,155,0,2,13,0,15,83,31,52,4,170,24,0,24,194
10/08/2022,GSP,SC,ASO,ES,Combined TRACON& Tower with Radar,65,7,18,0,90,0,0,6,0,6,65,7,24,0,96,0,0,0,96
10/09/2022,GSP,SC,ASO,ES,Combined TRACON& Tower with Radar,75,28,19,0,122,0,0,8,0,8,75,28,27,0,130,6,0,6,136
10/10/2022,GSP,SC,ASO,ES,Combined TRACON& Tower with Radar,78,23,18,2,121,0,2,6,0,8,78,25,24,2,129,8,0,8,137
10/11/2022,GSP,SC,ASO,ES,Combined TRACON& Tower with Radar,74,16,30,14,134,0,1,10,0,11,74,17,40,14,145,0,0,0,145
10/12/2022,GSP,SC,ASO,ES,Combined TRACON& Tower with Radar,74,25,29,0,128,0,0,0,0,0,74,25,29,0,128,0,0,0,128
10/13/2022,GSP,SC,ASO,ES,Combined TRACON& Tower with Radar,83,18,33,1,135,0,0,6,2,8,83,18,39,3,143,0,0,0,143
10/14/2022,GSP,SC,ASO,ES,Combined TRACON& Tower with Radar,87,23,26,4,140,0,3,14,0,17,87,26,40,4,157,6,8,14,171
10/15/2022,GSP,SC,ASO,ES,Combined TRACON& Tower with Radar,64,12,17,0,93,0,2,13,2,17,64,14,30,2,110,0,14,14,124
10/16/2022,GSP,SC,ASO,ES,Combined TRACON& Tower with Radar,76,26,38,8,148,0,0,5,3,8,76,26,43,11,156,0,0,0,156
10/17/2022,GSP,SC,ASO,ES,Combined TRACON& Tower with Radar,77,18,29,0,124,0,0,13,2,15,77,18,42,2,139,23,0,23,162
10/18/2022,GSP,SC,ASO,ES,Combined TRACON& Tower with Radar,76,16,26,11,129,0,0,4,0,4,76,16,30,11,133,8,0,8,141
10/19/2022,GSP,SC,ASO,ES,Combined TRACON& Tower with Radar,74,25,25,4,128,0,0,11,0,11,74,25,36,4,139,18,0,18,157
10/20/2022,GSP,SC,ASO,ES,Combined TRACON& Tower with Radar,79,21,30,17,147,0,3,15,11,29,79,24,45,28,176,0,20,20,196
10/21/2022,GSP,SC,ASO,ES,Combined TRACON& Tower with Radar,81,26,39,12,158,0,2,11,2,15,81,28,50,14,173,8,0,8,181
10/22/2022,GSP,SC,ASO,ES,Combined TRACON& Tower with Radar,63,11,6,7,87,0,5,8,0,13,63,16,14,7,100,6,8,14,114
10/23/2022,GSP,SC,ASO,ES,Combined TRACON& Tower with Radar,78,26,16,1,121,0,2,5,0,7,78,28,21,1,128,0,0,0,128
10/24/2022,GSP,SC,ASO,ES,Combined TRACON& Tower with Radar,74,22,32,10,138,0,2,9,4,15,74,24,41,14,153,0,18,18,171
10/25/2022,GSP,SC,ASO,ES,Combined TRACON& Tower with Radar,71,14,29,0,114,0,0,9,0,9,71,14,38,0,123,0,0,0,123
10/26/2022,GSP,SC,ASO,ES,Combined TRACON& Tower with Radar,74,9,22,4,109,0,0,5,0,5,74,9,27,4,114,0,0,0,114
10/27/2022,GSP,SC,ASO,ES,Combined TRACON& Tower with Radar,84,21,21,2,128,0,3,16,2,21,84,24,37,4,149,0,0,0,149
10/28/2022,GSP,SC,ASO,ES,Combined TRACON& Tower with Radar,86,21,26,2,135,0,7,9,0,16,86,28,35,2,151,0,0,0,151
10/29/2022,GSP,SC,ASO,ES,Combined TRACON& Tower with Radar,57,13,15,0,85,0,0,2,1,3,57,13,17,1,88,0,0,0,88
10/30/2022,GSP,SC,ASO,ES,Combined TRACON& Tower with Radar,65,31,16,0,112,0,0,0,0,0,65,31,16,0,112,0,0,0,112
10/31/2022,GSP,SC,ASO,ES,Combined TRACON& Tower with Radar,69,15,24,4,112,0,0,0,0,0,69,15,24,4,112,0,0,0,112
11/01/2022,GSP,SC,ASO,ES,Combined TRACON& Tower with Radar,72,23,8,2,105,0,0,13,3,16,72,23,21,5,121,0,0,0,121
11/02/2022,GSP,SC,ASO,ES,Combined TRACON& Tower with Radar,70,24,33,21,148,0,7,16,0,23,70,31,49,21,171,0,0,0,171
11/03/2022,GSP,SC,ASO,ES,Combined TRACON& Tower with Radar,75,29,29,3,136,0,3,17,1,21,75,32,46,4,157,4,0,4,161
11/04/2022,GSP,SC,ASO,ES,Combined TRACON& Tower with Radar,81,27,21,47,176,0,0,4,8,12,81,27,25,55,188,0,0,0,188
11/05/2022,GSP,SC,ASO,ES,Combined TRACON& Tower with Radar,60,18,12,0,90,0,0,0,0,0,60,18,12,0,90,0,0,0,90
11/06/2022,GSP,SC,ASO,ES,Combined TRACON& Tower with Radar,68,26,21,0,115,0,0,0,0,0,68,26,21,0,115,0,0,0,115
11/07/2022,GSP,SC,ASO,ES,Combined TRACON& Tower with Radar,71,24,27,10,132,0,0,6,2,8,71,24,33,12,140,0,28,28,168
11/08/2022,GSP,SC,ASO,ES,Combined TRACON& Tower with Radar,71,14,23,0,108,0,4,21,0,25,71,18,44,0,133,0,0,0,133
11/09/2022,GSP,SC,ASO,ES,Combined TRACON& Tower with Radar,71,24,34,3,132,0,2,5,1,8,71,26,39,4,140,0,0,0,140
11/10/2022,GSP,SC,ASO,ES,Combined TRACON& Tower with Radar,73,27,18,0,118,0,0,0,0,0,73,27,18,0,118,0,0,0,118
11/11/2022,GSP,SC,ASO,ES,Combined TRACON& Tower with Radar,76,22,21,0,119,0,0,0,0,0,76,22,21,0,119,0,0,0,119
11/12/2022,GSP,SC,ASO,ES,Combined TRACON& Tower with Radar,60,15,15,1,91,0,4,6,0,10,60,19,21,1,101,20,0,20,121
11/13/2022,GSP,SC,ASO,ES,Combined TRACON& Tower with Radar,63,30,13,0,106,0,4,5,2,11,63,34,18,2,117,0,0,0,117
11/14/2022,GSP,SC,ASO,ES,Combined TRACON& Tower with Radar,75,23,18,2,118,0,2,10,2,14,75,25,28,4,132,0,0,0,132
11/15/2022,GSP,SC,ASO,ES,Combined TRACON& Tower with Radar,74,19,20,0,113,0,0,0,0,0,74,19,20,0,113,0,0,0,113
11/16/2022,GSP,SC,ASO,ES,Combined TRACON& Tower with Radar,74,23,29,20,146,0,4,5,4,13,74,27,34,24,159,0,69,69,228
11/17/2022,GSP,SC,ASO,ES,Combined TRACON& Tower with Radar,77,24,25,45,171,0,0,12,4,16,77,24,37,49,187,0,32,32,219
11/18/2022,GSP,SC,ASO,ES,Combined TRACON& Tower with Radar,79,23,19,37,158,0,6,4,4,14,79,29,23,41,172,0,28,28,200
11/19/2022,GSP,SC,ASO,ES,Combined TRACON& Tower with Radar,63,23,18,3,107,0,1,23,6,30,63,24,41,9,137,6,0,6,143
11/20/2022,GSP,SC,ASO,ES,Combined TRACON& Tower with Radar,66,23,16,1,106,0,0,7,2,9,66,23,23,3,115,0,0,0,115
11/21/2022,GSP,SC,ASO,ES,Combined TRACON& Tower with Radar,75,22,24,8,129,0,0,4,2,6,75,22,28,10,135,0,0,0,135
11/22/2022,GSP,SC,ASO,ES,Combined TRACON& Tower with Radar,78,14,35,9,136,0,0,4,1,5,78,14,39,10,141,0,0,0,141
11/23/2022,GSP,SC,ASO,ES,Combined TRACON& Tower with Radar,83,23,34,0,140,0,2,5,0,7,83,25,39,0,147,0,0,0,147
11/24/2022,GSP,SC,ASO,ES,Combined TRACON& Tower with Radar,51,8,8,0,67,0,0,3,0,3,51,8,11,0,70,0,0,0,70
11/25/2022,GSP,SC,ASO,ES,Combined TRACON& Tower with Radar,61,21,15,0,97,0,1,2,0,3,61,22,17,0,100,0,0,0,100
11/26/2022,GSP,SC,ASO,ES,Combined TRACON& Tower with Radar,68,21,14,0,103,0,2,12,0,14,68,23,26,0,117,6,0,6,123
11/27/2022,GSP,SC,ASO,ES,Combined TRACON& Tower with Radar,73,21,23,0,117,0,0,1,0,1,73,21,24,0,118,0,0,0,118
11/28/2022,GSP,SC,ASO,ES,Combined TRACON& Tower with Radar,77,21,25,18,141,0,0,10,0,10,77,21,35,18,151,0,0,0,151
11/29/2022,GSP,SC,ASO,ES,Combined TRACON& Tower with Radar,80,16,24,16,136,0,1,8,12,21,80,17,32,28,157,0,38,38,195
11/30/2022,GSP,SC,ASO,ES,Combined TRACON& Tower with Radar,70,8,31,9,118,0,0,3,2,5,70,8,34,11,123,0,16,16,139
12/01/2022,GSP,SC,ASO,ES,Combined TRACON& Tower with Radar,83,16,32,50,181,0,0,6,4,10,83,16,38,54,191,20,24,44,235
12/02/2022,GSP,SC,ASO,ES,Combined TRACON& Tower with Radar,89,19,23,0,131,0,3,5,0,8,89,22,28,0,139,0,0,0,139
12/03/2022,GSP,SC,ASO,ES,Combined TRACON& Tower with Radar,66,9,13,0,88,0,0,0,0,0,66,9,13,0,88,0,0,0,88
12/04/2022,GSP,SC,ASO,ES,Combined TRACON& Tower with Radar,68,13,18,0,99,0,2,3,0,5,68,15,21,0,104,16,0,16,120
12/05/2022,GSP,SC,ASO,ES,Combined TRACON& Tower with Radar,82,15,26,7,130,0,2,0,1,3,82,17,26,8,133,0,6,6,139
12/06/2022,GSP,SC,ASO,ES,Combined TRACON& Tower with Radar,76,16,29,0,121,0,0,0,0,0,76,16,29,0,121,0,0,0,121
12/07/2022,GSP,SC,ASO,ES,Combined TRACON& Tower with Radar,78,19,29,0,126,0,0,0,0,0,78,19,29,0,126,0,0,0,126
12/08/2022,GSP,SC,ASO,ES,Combined TRACON& Tower with Radar,83,24,22,0,129,0,0,2,0,2,83,24,24,0,131,0,0,0,131
12/09/2022,GSP,SC,ASO,ES,Combined TRACON& Tower with Radar,84,12,19,0,115,0,0,0,0,0,84,12,19,0,115,0,0,0,115
12/10/2022,GSP,SC,ASO,ES,Combined TRACON& Tower with Radar,62,17,6,2,87,0,0,0,0,0,62,17,6,2,87,0,0,0,87
12/11/2022,GSP,SC,ASO,ES,Combined TRACON& Tower with Radar,70,10,15,0,95,0,0,2,0,2,70,10,17,0,97,8,0,8,105
12/12/2022,GSP,SC,ASO,ES,Combined TRACON& Tower with Radar,80,9,29,0,118,0,2,10,2,14,80,11,39,2,132,0,0,0,132
12/13/2022,GSP,SC,ASO,ES,Combined TRACON& Tower with Radar,76,17,30,4,127,0,2,13,0,15,76,19,43,4,142,10,0,10,152
12/14/2022,GSP,SC,ASO,ES,Combined TRACON& Tower with Radar,75,23,21,0,119,0,0,0,0,0,75,23,21,0,119,0,0,0,119
12/15/2022,GSP,SC,ASO,ES,Combined TRACON& Tower with Radar,79,25,22,17,143,0,0,0,0,0,79,25,22,17,143,0,0,0,143
12/16/2022,GSP,SC,ASO,ES,Combined TRACON& Tower with Radar,74,18,40,0,132,0,0,12,4,16,74,18,52,4,148,24,0,24,172
12/17/2022,GSP,SC,ASO,ES,Combined TRACON& Tower with Radar,76,12,19,0,107,0,0,5,3,8,76,12,24,3,115,0,0,0,115
12/18/2022,GSP,SC,ASO,ES,Combined TRACON& Tower with Radar,63,21,16,0,100,0,2,4,0,6,63,23,20,0,106,0,0,0,106
12/19/2022,GSP,SC,ASO,ES,Combined TRACON& Tower with Radar,65,15,25,8,113,0,2,11,3,16,65,17,36,11,129,0,8,8,137
12/20/2022,GSP,SC,ASO,ES,Combined TRACON& Tower with Radar,71,14,27,3,115,0,0,6,10,16,71,14,33,13,131,0,30,30,161
12/21/2022,GSP,SC,ASO,ES,Combined TRACON& Tower with Radar,68,17,36,14,135,0,5,6,0,11,68,22,42,14,146,8,24,32,178
12/22/2022,GSP,SC,ASO,ES,Combined TRACON& Tower with Radar,72,19,22,2,115,0,0,0,0,0,72,19,22,2,115,0,0,0,115
12/23/2022,GSP,SC,ASO,ES,Combined TRACON& Tower with Radar,65,21,15,0,101,0,1,6,0,7,65,22,21,0,108,0,0,0,108
12/24/2022,GSP,SC,ASO,ES,Combined TRACON& Tower with Radar,45,12,7,0,64,0,0,3,0,3,45,12,10,0,67,0,0,0,67
12/25/2022,GSP,SC,ASO,ES,Combined TRACON& Tower with Radar,52,14,2,0,68,0,0,0,0,0,52,14,2,0,68,0,0,0,68
12/26/2022,GSP,SC,ASO,ES,Combined TRACON& Tower with Radar,56,23,30,0,109,0,3,9,0,12,56,26,39,0,121,4,0,4,125
12/27/2022,GSP,SC,ASO,ES,Combined TRACON& Tower with Radar,60,12,26,2,100,0,1,7,0,8,60,13,33,2,108,0,0,0,108
12/28/2022,GSP,SC,ASO,ES,Combined TRACON& Tower with Radar,57,22,28,0,107,0,0,5,0,5,57,22,33,0,112,0,0,0,112
12/29/2022,GSP,SC,ASO,ES,Combined TRACON& Tower with Radar,67,18,19,10,114,0,0,4,0,4,67,18,23,10,118,6,0,6,124
12/30/2022,GSP,SC,ASO,ES,Combined TRACON& Tower with Radar,65,20,21,0,106,0,0,2,0,2,65,20,23,0,108,16,0,16,124
12/31/2022,GSP,SC,ASO,ES,Combined TRACON& Tower with Radar,54,15,6,0,75,0,0,0,0,0,54,15,6,0,75,0,0,0,75
01/01/2023,GSP,SC,ASO,ES,Combined TRACON& Tower with Radar,48,13,11,0,72,0,0,0,0,0,48,13,11,0,72,0,0,0,72
01/02/2023,GSP,SC,ASO,ES,Combined TRACON& Tower with Radar,56,16,10,0,82,0,2,7,0,9,56,18,17,0,91,0,0,0,91
01/03/2023,GSP,SC,ASO,ES,Combined TRACON& Tower with Radar,61,17,20,0,98,0,0,0,0,0,61,17,20,0,98,0,0,0,98
01/04/2023,GSP,SC,ASO,ES,Combined TRACON& Tower with Radar,60,19,13,8,100,0,0,1,1,2,60,19,14,9,102,0,0,0,102
01/05/2023,GSP,SC,ASO,ES,Combined TRACON& Tower with Radar,68,17,36,5,126,0,0,34,1,35,68,17,70,6,161,8,10,18,179
01/06/2023,GSP,SC,ASO,ES,Combined TRACON& Tower with Radar,65,13,15,12,105,0,1,10,1,12,65,14,25,13,117,0,10,10,127
01/07/2023,GSP,SC,ASO,ES,Combined TRACON& Tower with Radar,65,8,12,0,85,0,1,8,0,9,65,9,20,0,94,16,0,16,110
01/08/2023,GSP,SC,ASO,ES,Combined TRACON& Tower with Radar,64,17,14,4,99,0,3,4,0,7,64,20,18,4,106,0,0,0,106
01/09/2023,GSP,SC,ASO,ES,Combined TRACON& Tower with Radar,74,17,29,0,120,0,0,2,2,4,74,17,31,2,124,0,0,0,124
01/10/2023,GSP,SC,ASO,ES,Combined TRACON& Tower with Radar,80,14,22,15,131,0,0,3,0,3,80,14,25,15,134,0,0,0,134
01/11/2023,GSP,SC,ASO,ES,Combined TRACON& Tower with Radar,72,13,28,22,135,0,1,9,2,12,72,14,37,24,147,16,6,22,169
01/12/2023,GSP,SC,ASO,ES,Combined TRACON& Tower with Radar,80,27,21,2,130,0,1,0,0,1,80,28,21,2,131,0,0,0,131
01/13/2023,GSP,SC,ASO,ES,Combined TRACON& Tower with Radar,87,21,27,0,135,0,1,5,0,6,87,22,32,0,141,11,0,11,152
01/14/2023,GSP,SC,ASO,ES,Combined TRACON& Tower with Radar,68,10,11,0,89,0,3,7,1,11,68,13,18,1,100,0,0,0,100
01/15/2023,GSP,SC,ASO,ES,Combined TRACON& Tower with Radar,66,17,20,0,103,0,0,9,1,10,66,17,29,1,113,0,0,0,113
01/16/2023,GSP,SC,ASO,ES,Combined TRACON& Tower with Radar,77,15,29,0,121,0,0,14,0,14,77,15,43,0,135,34,0,34,169
01/17/2023,GSP,SC,ASO,ES,Combined TRACON& Tower with Radar,81,21,23,2,127,0,0,0,2,2,81,21,23,4,129,0,0,0,129
01/18/2023,GSP,SC,ASO,ES,Combined TRACON& Tower with Radar,77,22,27,31,157,0,0,1,1,2,77,22,28,32,159,0,7,7,166
01/19/2023,GSP,SC,ASO,ES,Combined TRACON& Tower with Radar,82,21,28,4,135,0,0,7,1,8,82,21,35,5,143,0,0,0,143
01/20/2023,GSP,SC,ASO,ES,Combined TRACON& Tower with Radar,81,11,24,12,128,0,0,22,2,24,81,11,46,14,152,24,0,24,176
01/21/2023,GSP,SC,ASO,ES,Combined TRACON& Tower with Radar,61,15,17,0,93,1,0,17,0,18,62,15,34,0,111,46,0,46,157
01/22/2023,GSP,SC,ASO,ES,Combined TRACON& Tower with Radar,66,15,14,0,95,0,0,0,0,0,66,15,14,0,95,0,0,0,95
01/23/2023,GSP,SC,ASO,ES,Combined TRACON& Tower with Radar,80,18,29,14,141,0,2,15,1,18,80,20,44,15,159,26,0,26,185
01/24/2023,GSP,SC,ASO,ES,Combined TRACON& Tower with Radar,76,16,22,27,141,0,0,11,1,12,76,16,33,28,153,0,0,0,153
01/25/2023,GSP,SC,ASO,ES,Combined TRACON& Tower with Radar,72,22,12,2,108,0,0,0,1,1,72,22,12,3,109,0,0,0,109
01/26/2023,GSP,SC,ASO,ES,Combined TRACON& Tower with Radar,79,20,50,28,177,0,3,11,4,18,79,23,61,32,195,4,0,4,199
01/27/2023,GSP,SC,ASO,ES,Combined TRACON& Tower with Radar,83,12,13,10,118,0,0,11,1,12,83,12,24,11,130,12,10,22,152
01/28/2023,GSP,SC,ASO,ES,Combined TRACON& Tower with Radar,63,15,14,0,92,0,0,7,0,7,63,15,21,0,99,38,0,38,137
01/29/2023,GSP,SC,ASO,ES,Combined TRACON& Tower with Radar,72,23,29,1,125,0,0,1,0,1,72,23,30,1,126,0,0,0,126
01/30/2023,GSP,SC,ASO,ES,Combined TRACON& Tower with Radar,76,7,25,20,128,0,2,4,0,6,76,9,29,20,134,0,6,6,140
01/31/2023,GSP,SC,ASO,ES,Combined TRACON& Tower with Radar,70,20,14,0,104,0,1,0,0,1,70,21,14,0,105,0,0,0,105
02/01/2023,GSP,SC,ASO,ES,Combined TRACON& Tower with Radar,72,25,33,9,139,0,0,3,1,4,72,25,36,10,143,0,0,0,143
02/02/2023,GSP,SC,ASO,ES,Combined TRACON& Tower with Radar,79,16,16,2,113,0,0,0,0,0,79,16,16,2,113,0,0,0,113
02/03/2023,GSP,SC,ASO,ES,Combined TRACON& Tower with Radar,80,12,13,0,105,0,0,4,2,6,80,12,17,2,111,0,0,0,111
02/04/2023,GSP,SC,ASO,ES,Combined TRACON& Tower with Radar,64,12,12,5,93,0,1,16,0,17,64,13,28,5,110,18,0,18,128
02/05/2023,GSP,SC,ASO,ES,Combined TRACON& Tower with Radar,67,14,12,2,95,0,0,9,2,11,67,14,21,4,106,0,0,0,106
02/06/2023,GSP,SC,ASO,ES,Combined TRACON& Tower with Radar,76,10,32,0,118,0,0,10,0,10,76,10,42,0,128,46,0,46,174
02/07/2023,GSP,SC,ASO,ES,Combined TRACON& Tower with Radar,72,14,31,5,122,0,0,13,3,16,72,14,44,8,138,28,0,28,166
02/08/2023,GSP,SC,ASO,ES,Combined TRACON& Tower with Radar,75,11,32,21,139,0,1,9,3,13,75,12,41,24,152,2,8,10,162
02/09/2023,GSP,SC,ASO,ES,Combined TRACON& Tower with Radar,80,14,26,8,128,0,1,0,0,1,80,15,26,8,129,0,0,0,129
02/10/2023,GSP,SC,ASO,ES,Combined TRACON& Tower with Radar,81,6,26,11,124,0,4,17,2,23,81,10,43,13,147,4,26,30,177
02/11/2023,GSP,SC,ASO,ES,Combined TRACON& Tower with Radar,60,6,11,2,79,0,0,2,0,2,60,6,13,2,81,0,0,0,81
02/12/2023,GSP,SC,ASO,ES,Combined TRACON& Tower with Radar,65,13,9,0,87,0,0,0,0,0,65,13,9,0,87,0,0,0,87
02/13/2023,GSP,SC,ASO,ES,Combined TRACON& Tower with Radar,73,12,43,0,128,0,0,17,0,17,73,12,60,0,145,0,0,0,145
02/14/2023,GSP,SC,ASO,ES,Combined TRACON& Tower with Radar,69,13,24,9,115,0,0,12,5,17,69,13,36,14,132,0,10,10,142
02/15/2023,GSP,SC,ASO,ES,Combined TRACON& Tower with Radar,75,19,35,0,129,0,0,7,0,7,75,19,42,0,136,12,0,12,148
02/16/2023,GSP,SC,ASO,ES,Combined TRACON& Tower with Radar,77,16,24,6,123,0,0,10,0,10,77,16,34,6,133,0,0,0,133
02/17/2023,GSP,SC,ASO,ES,Combined TRACON& Tower with Radar,74,20,25,0,119,0,0,0,0,0,74,20,25,0,119,0,0,0,119
02/18/2023,GSP,SC,ASO,ES,Combined TRACON& Tower with Radar,62,13,18,0,93,0,1,2,0,3,62,14,20,0,96,0,0,0,96
02/19/2023,GSP,SC,ASO,ES,Combined TRACON& Tower with Radar,63,15,13,1,92,0,0,1,0,1,63,15,14,1,93,0,0,0,93
02/20/2023,GSP,SC,ASO,ES,Combined TRACON& Tower with Radar,76,13,27,0,116,0,2,9,2,13,76,15,36,2,129,0,0,0,129
02/21/2023,GSP,SC,ASO,ES,Combined TRACON& Tower with Radar,77,14,32,11,134,0,2,8,1,11,77,16,40,12,145,0,6,6,151
02/22/2023,GSP,SC,ASO,ES,Combined TRACON& Tower with Radar,80,4,24,4,112,0,0,1,0,1,80,4,25,4,113,0,0,0,113
02/23/2023,GSP,SC,ASO,ES,Combined TRACON& Tower with Radar,81,13,25,8,127,0,0,2,2,4,81,13,27,10,131,0,10,10,141
02/24/2023,GSP,SC,ASO,ES,Combined TRACON& Tower with Radar,80,12,23,13,128,0,0,1,3,4,80,12,24,16,132,0,6,6,138
02/25/2023,GSP,SC,ASO,ES,Combined TRACON& Tower with Radar,73,8,12,0,93,0,0,0,0,0,73,8,12,0,93,0,0,0,93
02/26/2023,GSP,SC,ASO,ES,Combined TRACON& Tower with Radar,72,7,12,1,92,0,0,7,0,7,72,7,19,1,99,16,0,16,115
02/27/2023,GSP,SC,ASO,ES,Combined TRACON& Tower with Radar,81,6,10,1,98,0,0,0,1,1,81,6,10,2,99,0,0,0,99
02/28/2023,GSP,SC,ASO,ES,Combined TRACON& Tower with Radar,79,12,15,3,109,0,0,6,8,14,79,12,21,11,123,0,8,8,131
03/01/2023,GSP,SC,ASO,ES,Combined TRACON& Tower with Radar,87,20,30,10,147,0,0,4,0,4,87,20,34,10,151,12,0,12,163
03/02/2023,GSP,SC,ASO,ES,Combined TRACON& Tower with Radar,97,13,34,0,144,0,0,3,0,3,97,13,37,0,147,12,0,12,159
03/03/2023,GSP,SC,ASO,ES,Combined TRACON& Tower with Radar,82,11,34,4,131,0,0,0,0,0,82,11,34,4,131,0,0,0,131
03/04/2023,GSP,SC,ASO,ES,Combined TRACON& Tower with Radar,65,10,12,3,90,0,0,5,0,5,65,10,17,3,95,16,0,16,111
03/05/2023,GSP,SC,ASO,ES,Combined TRACON& Tower with Radar,75,17,24,0,116,0,0,5,0,5,75,17,29,0,121,20,0,20,141
03/06/2023,GSP,SC,ASO,ES,Combined TRACON& Tower with Radar,84,10,23,4,121,0,3,3,2,8,84,13,26,6,129,0,0,0,129
03/07/2023,GSP,SC,ASO,ES,Combined TRACON& Tower with Radar,75,22,26,14,137,0,1,4,0,5,75,23,30,14,142,0,0,0,142
03/08/2023,GSP,SC,ASO,ES,Combined TRACON& Tower with Radar,77,9,16,27,129,1,2,11,5,19,78,11,27,32,148,0,8,8,156
03/09/2023,GSP,SC,ASO,ES,Combined TRACON& Tower with Radar,86,13,34,12,145,0,0,7,2,9,86,13,41,14,154,4,0,4,158
03/10/2023,GSP,SC,ASO,ES,Combined TRACON& Tower with Radar,86,6,21,0,113,0,0,4,0,4,86,6,25,0,117,0,0,0,117
03/11/2023,GSP,SC,ASO,ES,Combined TRACON& Tower with Radar,67,12,10,0,89,0,0,3,0,3,67,12,13,0,92,6,0,6,98
03/12/2023,GSP,SC,ASO,ES,Combined TRACON& Tower with Radar,73,15,8,0,96,0,0,0,0,0,73,15,8,0,96,0,0,0,96
03/13/2023,GSP,SC,ASO,ES,Combined TRACON& Tower with Radar,85,14,31,4,134,0,0,5,6,11,85,14,36,10,145,0,13,13,158
03/14/2023,GSP,SC,ASO,ES,Combined TRACON& Tower with Radar,89,26,36,0,151,0,3,6,0,9,89,29,42,0,160,4,0,4,164
03/15/2023,GSP,SC,ASO,ES,Combined TRACON& Tower with Radar,82,15,33,0,130,0,0,8,0,8,82,15,41,0,138,44,0,44,182
03/16/2023,GSP,SC,ASO,ES,Combined TRACON& Tower with Radar,89,15,31,11,146,0,12,30,1,43,89,27,61,12,189,16,0,16,205
03/17/2023,GSP,SC,ASO,ES,Combined TRACON& Tower with Radar,87,15,18,1,121,0,0,0,0,0,87,15,18,1,121,0,0,0,121
03/18/2023,GSP,SC,ASO,ES,Combined TRACON& Tower with Radar,72,14,13,1,100,0,0,11,0,11,72,14,24,1,111,12,0,12,123
03/19/2023,GSP,SC,ASO,ES,Combined TRACON& Tower with Radar,77,13,24,3,117,0,1,13,3,17,77,14,37,6,134,12,0,12,146
03/20/2023,GSP,SC,ASO,ES,Combined TRACON& Tower with Radar,91,10,29,12,142,0,0,13,0,13,91,10,42,12,155,12,24,36,191
03/21/2023,GSP,SC,ASO,ES,Combined TRACON& Tower with Radar,81,17,27,2,127,0,0,10,0,10,81,17,37,2,137,5,0,5,142
03/22/2023,GSP,SC,ASO,ES,Combined TRACON& Tower with Radar,91,8,19,12,130,0,0,2,0,2,91,8,21,12,132,0,0,0,132
03/23/2023,GSP,SC,ASO,ES,Combined TRACON& Tower with Radar,91,16,28,4,139,0,3,7,6,16,91,19,35,10,155,0,8,8,163
03/24/2023,GSP,SC,ASO,ES,Combined TRACON& Tower with Radar,85,7,33,4,129,0,0,14,2,16,85,7,47,6,145,0,0,0,145
03/25/2023,GSP,SC,ASO,ES,Combined TRACON& Tower with Radar,77,9,28,0,114,0,0,8,1,9,77,9,36,1,123,0,0,0,123
03/26/2023,GSP,SC,ASO,ES,Combined TRACON& Tower with Radar,81,10,27,1,119,0,1,5,2,8,81,11,32,3,127,0,0,0,127
03/27/2023,GSP,SC,ASO,ES,Combined TRACON& Tower with Radar,87,8,25,1,121,0,3,2,2,7,87,11,27,3,128,0,0,0,128
03/28/2023,GSP,SC,ASO,ES,Combined TRACON& Tower with Radar,80,16,40,0,136,0,3,6,2,11,80,19,46,2,147,0,0,0,147
03/29/2023,GSP,SC,ASO,ES,Combined TRACON& Tower with Radar,81,7,36,11,135,0,3,8,4,15,81,10,44,15,150,18,20,38,188
03/30/2023,GSP,SC,ASO,ES,Combined TRACON& Tower with Radar,87,16,33,8,144,0,2,14,0,16,87,18,47,8,160,10,0,10,170
03/31/2023,GSP,SC,ASO,ES,Combined TRACON& Tower with Radar,86,16,24,0,126,0,0,6,0,6,86,16,30,0,132,0,0,0,132
04/01/2023,GSP,SC,ASO,ES,Combined TRACON& Tower with Radar,72,14,8,0,94,0,0,3,4,7,72,14,11,4,101,0,0,0,101
04/02/2023,GSP,SC,ASO,ES,Combined TRACON& Tower with Radar,75,9,17,6,107,0,0,17,0,17,75,9,34,6,124,8,0,8,132
04/03/2023,GSP,SC,ASO,ES,Combined TRACON& Tower with Radar,84,15,34,4,137,0,1,6,0,7,84,16,40,4,144,32,0,32,176
04/04/2023,GSP,SC,ASO,ES,Combined TRACON& Tower with Radar,78,20,34,2,134,0,1,6,0,7,78,21,40,2,141,0,0,0,141
04/05/2023,GSP,SC,ASO,ES,Combined TRACON& Tower with Radar,76,15,35,5,131,0,2,8,1,11,76,17,43,6,142,16,0,16,158
04/06/2023,GSP,SC,ASO,ES,Combined TRACON& Tower with Radar,81,22,24,12,139,0,3,13,3,19,81,25,37,15,158,6,0,6,164
04/07/2023,GSP,SC,ASO,ES,Combined TRACON& Tower with Radar,85,16,6,0,107,0,0,0,0,0,85,16,6,0,107,0,0,0,107
04/08/2023,GSP,SC,ASO,ES,Combined TRACON& Tower with Radar,66,10,7,0,83,0,0,0,1,1,66,10,7,1,84,0,0,0,84
04/09/2023,GSP,SC,ASO,ES,Combined TRACON& Tower with Radar,74,19,4,0,97,0,3,1,0,4,74,22,5,0,101,0,0,0,101
04/10/2023,GSP,SC,ASO,ES,Combined TRACON& Tower with Radar,80,18,23,0,121,0,2,7,0,9,80,20,30,0,130,0,0,0,130
04/11/2023,GSP,SC,ASO,ES,Combined TRACON& Tower with Radar,75,11,30,0,116,0,0,12,0,12,75,11,42,0,128,38,0,38,166
04/12/2023,GSP,SC,ASO,ES,Combined TRACON& Tower with Radar,81,14,38,21,154,0,1,27,20,48,81,15,65,41,202,24,34,58,260
04/13/2023,GSP,SC,ASO,ES,Combined TRACON& Tower with Radar,89,21,26,0,136,0,0,15,4,19,89,21,41,4,155,10,0,10,165
04/14/2023,GSP,SC,ASO,ES,Combined TRACON& Tower with Radar,84,19,23,4,130,0,0,0,1,1,84,19,23,5,131,0,0,0,131
04/15/2023,GSP,SC,ASO,ES,Combined TRACON& Tower with Radar,64,5,23,2,94,0,2,5,8,15,64,7,28,10,109,0,0,0,109
04/16/2023,GSP,SC,ASO,ES,Combined TRACON& Tower with Radar,79,17,10,1,107,0,2,7,0,9,79,19,17,1,116,6,0,6,122
04/17/2023,GSP,SC,ASO,ES,Combined TRACON& Tower with Radar,81,10,18,9,118,0,3,12,2,17,81,13,30,11,135,0,0,0,135
04/18/2023,GSP,SC,ASO,ES,Combined TRACON& Tower with Radar,77,10,19,9,115,0,2,12,3,17,77,12,31,12,132,0,0,0,132
04/19/2023,GSP,SC,ASO,ES,Combined TRACON& Tower with Radar,85,16,25,4,130,0,4,10,2,16,85,20,35,6,146,0,30,30,176
04/20/2023,GSP,SC,ASO,ES,Combined TRACON& Tower with Radar,83,23,34,6,146,0,1,26,9,36,83,24,60,15,182,34,36,70,252
04/21/2023,GSP,SC,ASO,ES,Combined TRACON& Tower with Radar,85,24,23,46,178,0,6,10,8,24,85,30,33,54,202,0,38,38,240
04/22/2023,GSP,SC,ASO,ES,Combined TRACON& Tower with Radar,64,10,7,5,86,0,2,0,1,3,64,12,7,6,89,0,0,0,89
04/23/2023,GSP,SC,ASO,ES,Combined TRACON& Tower with Radar,80,24,9,1,114,0,2,10,0,12,80,26,19,1,126,8,0,8,134
04/24/2023,GSP,SC,ASO,ES,Combined TRACON& Tower with Radar,81,11,26,13,131,0,0,14,24,38,81,11,40,37,169,0,16,16,185
04/25/2023,GSP,SC,ASO,ES,Combined TRACON& Tower with Radar,77,9,16,4,106,0,4,18,2,24,77,13,34,6,130,0,0,0,130
04/26/2023,GSP,SC,ASO,ES,Combined TRACON& Tower with Radar,80,12,19,0,111,1,1,6,0,8,81,13,25,0,119,0,0,0,119
04/27/2023,GSP,SC,ASO,ES,Combined TRACON& Tower with Radar,83,18,17,0,118,0,0,0,0,0,83,18,17,0,118,0,0,0,118
04/28/2023,GSP,SC,ASO,ES,Combined TRACON& Tower with Radar,85,8,22,5,120,0,0,0,1,1,85,8,22,6,121,0,0,0,121
04/29/2023,GSP,SC,ASO,ES,Combined TRACON& Tower with Radar,65,9,4,0,78,0,0,3,0,3,65,9,7,0,81,4,0,4,85
04/30/2023,GSP,SC,ASO,ES,Combined TRACON& Tower with Radar,79,15,17,0,111,0,0,3,0,3,79,15,20,0,114,8,0,8,122
05/01/2023,GSP,SC,ASO,ES,Combined TRACON& Tower with Radar,86,8,17,10,121,0,0,5,0,5,86,8,22,10,126,0,0,0,126
05/02/2023,GSP,SC,ASO,ES,Combined TRACON& Tower with Radar,75,10,26,0,111,0,0,12,0,12,75,10,38,0,123,0,0,0,123
05/03/2023,GSP,SC,ASO,ES,Combined TRACON& Tower with Radar,83,12,28,2,125,0,2,14,0,16,83,14,42,2,141,8,0,8,149
05/04/2023,GSP,SC,ASO,ES,Combined TRACON& Tower with Radar,84,17,30,15,146,0,2,10,3,15,84,19,40,18,161,5,0,5,166
05/05/2023,GSP,SC,ASO,ES,Combined TRACON& Tower with Radar,92,13,29,10,144,0,3,12,0,15,92,16,41,10,159,20,0,20,179
05/06/2023,GSP,SC,ASO,ES,Combined TRACON& Tower with Radar,77,15,19,0,111,0,0,9,0,9,77,15,28,0,120,0,0,0,120
05/07/2023,GSP,SC,ASO,ES,Combined TRACON& Tower with Radar,81,18,17,11,127,0,1,3,1,5,81,19,20,12,132,0,0,0,132
05/08/2023,GSP,SC,ASO,ES,Combined TRACON& Tower with Radar,87,17,29,11,144,0,0,11,13,24,87,17,40,24,168,0,16,16,184
05/09/2023,GSP,SC,ASO,ES,Combined TRACON& Tower with Radar,79,13,22,2,116,0,0,4,0,4,79,13,26,2,120,0,0,0,120
05/10/2023,GSP,SC,ASO,ES,Combined TRACON& Tower with Radar,86,14,25,0,125,0,3,6,4,13,86,17,31,4,138,0,0,0,138
05/11/2023,GSP,SC,ASO,ES,Combined TRACON& Tower with Radar,89,17,21,2,129,0,0,13,2,15,89,17,34,4,144,0,0,0,144
05/12/2023,GSP,SC,ASO,ES,Combined TRACON& Tower with Radar,87,11,15,2,115,0,0,1,0,1,87,11,16,2,116,0,0,0,116
05/13/2023,GSP,SC,ASO,ES,Combined TRACON& Tower with Radar,66,11,21,0,98,0,0,1,0,1,66,11,22,0,99,0,0,0,99
05/14/2023,GSP,SC,ASO,ES,Combined TRACON& Tower with Radar,82,20,22,0,124,0,2,7,0,9,82,22,29,0,133,10,0,10,143
05/15/2023,GSP,SC,ASO,ES,Combined TRACON& Tower with Radar,83,14,29,8,134,0,2,5,0,7,83,16,34,8,141,0,0,0,141
05/16/2023,GSP,SC,ASO,ES,Combined TRACON& Tower with Radar,75,24,21,12,132,0,0,1,2,3,75,24,22,14,135,0,0,0,135
05/17/2023,GSP,SC,ASO,ES,Combined TRACON& Tower with Radar,86,14,28,14,142,0,2,5,2,9,86,16,33,16,151,17,16,33,184
05/18/2023,GSP,SC,ASO,ES,Combined TRACON& Tower with Radar,88,16,32,1,137,0,2,2,0,4,88,18,34,1,141,0,0,0,141
05/19/2023,GSP,SC,ASO,ES,Combined TRACON& Tower with Radar,90,13,28,12,143,0,0,4,0,4,90,13,32,12,147,14,24,38,185
05/20/2023,GSP,SC,ASO,ES,Combined TRACON& Tower with Radar,71,9,22,0,102,0,2,4,2,8,71,11,26,2,110,0,0,0,110
05/21/2023,GSP,SC,ASO,ES,Combined TRACON& Tower with Radar,82,15,21,6,124,0,1,4,1,6,82,16,25,7,130,0,0,0,130
05/22/2023,GSP,SC,ASO,ES,Combined TRACON& Tower with Radar,84,8,46,18,156,0,2,15,54,71,84,10,61,72,227,31,20,51,278
05/23/2023,GSP,SC,ASO,ES,Combined TRACON& Tower with Radar,81,13,35,3,132,0,2,5,2,9,81,15,40,5,141,16,0,16,157
05/24/2023,GSP,SC,ASO,ES,Combined TRACON& Tower with Radar,85,12,22,7,126,0,3,8,1,12,85,15,30,8,138,0,26,26,164
05/25/2023,GSP,SC,ASO,ES,Combined TRACON& Tower with Radar,92,21,38,8,159,0,0,13,0,13,92,21,51,8,172,13,4,17,189
05/26/2023,GSP,SC,ASO,ES,Combined TRACON& Tower with Radar,92,12,26,1,131,0,0,9,1,10,92,12,35,2,141,2,0,2,143
05/27/2023,GSP,SC,ASO,ES,Combined TRACON& Tower with Radar,66,10,7,0,83,0,0,1,0,1,66,10,8,0,84,0,0,0,84
05/28/2023,GSP,SC,ASO,ES,Combined TRACON& Tower with Radar,77,15,7,0,99,0,0,1,0,1,77,15,8,0,100,0,0,0,100
05/29/2023,GSP,SC,ASO,ES,Combined TRACON& Tower with Radar,82,12,16,0,110,0,2,4,0,6,82,14,20,0,116,0,0,0,116
05/30/2023,GSP,SC,ASO,ES,Combined TRACON& Tower with Radar,76,11,25,5,117,0,0,2,0,2,76,11,27,5,119,0,0,0,119
05/31/2023,GSP,SC,ASO,ES,Combined TRACON& Tower with Radar,85,13,23,21,142,0,1,3,2,6,85,14,26,23,148,8,10,18,166
06/01/2023,GSP,SC,ASO,ES,Combined TRACON& Tower with Radar,84,12,38,3,137,0,4,16,3,23,84,16,54,6,160,42,20,62,222
06/02/2023,GSP,SC,ASO,ES,Combined TRACON& Tower with Radar,88,13,21,21,143,0,0,4,4,8,88,13,25,25,151,0,14,14,165
06/03/2023,GSP,SC,ASO,ES,Combined TRACON& Tower with Radar,70,6,14,7,97,0,2,4,3,9,70,8,18,10,106,0,0,0,106
06/04/2023,GSP,SC,ASO,ES,Combined TRACON& Tower with Radar,81,18,14,0,113,1,0,1,2,4,82,18,15,2,117,0,0,0,117
06/05/2023,GSP,SC,ASO,ES,Combined TRACON& Tower with Radar,83,10,22,12,127,0,0,7,0,7,83,10,29,12,134,18,0,18,152
06/06/2023,GSP,SC,ASO,ES,Combined TRACON& Tower with Radar,85,16,25,0,126,0,0,10,0,10,85,16,35,0,136,0,0,0,136
06/07/2023,GSP,SC,ASO,ES,Combined TRACON& Tower with Radar,88,11,33,15,147,0,2,9,3,14,88,13,42,18,161,10,48,58,219
06/08/2023,GSP,SC,ASO,ES,Combined TRACON& Tower with Radar,90,19,25,10,144,0,2,9,2,13,90,21,34,12,157,8,36,44,201
06/09/2023,GSP,SC,ASO,ES,Combined TRACON& Tower with Radar,88,10,21,7,126,0,0,11,0,11,88,10,32,7,137,32,0,32,169
06/10/2023,GSP,SC,ASO,ES,Combined TRACON& Tower with Radar,76,13,12,0,101,0,0,9,4,13,76,13,21,4,114,22,0,22,136
06/11/2023,GSP,SC,ASO,ES,Combined TRACON& Tower with Radar,77,28,14,1,120,0,0,0,0,0,77,28,14,1,120,0,0,0,120
06/12/2023,GSP,SC,ASO,ES,Combined TRACON& Tower with Radar,86,6,35,17,144,0,0,2,4,6,86,6,37,21,150,0,16,16,166
06/13/2023,GSP,SC,ASO,ES,Combined TRACON& Tower with Radar,87,14,31,21,153,0,2,8,0,10,87,16,39,21,163,40,0,40,203
06/14/2023,GSP,SC,ASO,ES,Combined TRACON& Tower with Radar,83,13,30,0,126,0,2,5,0,7,83,15,35,0,133,0,0,0,133
06/15/2023,GSP,SC,ASO,ES,Combined TRACON& Tower with Radar,85,18,19,0,122,0,0,8,0,8,85,18,27,0,130,20,0,20,150
06/16/2023,GSP,SC,ASO,ES,Combined TRACON& Tower with Radar,95,7,33,2,137,0,3,13,3,19,95,10,46,5,156,6,0,6,162
06/17/2023,GSP,SC,ASO,ES,Combined TRACON& Tower with Radar,69,9,18,0,96,0,3,2,2,7,69,12,20,2,103,0,0,0,103
06/18/2023,GSP,SC,ASO,ES,Combined TRACON& Tower with Radar,78,14,16,0,108,0,2,4,0,6,78,16,20,0,114,0,0,0,114
06/19/2023,GSP,SC,ASO,ES,Combined TRACON& Tower with Radar,86,9,24,0,119,0,0,1,0,1,86,9,25,0,120,0,0,0,120
06/20/2023,GSP,SC,ASO,ES,Combined TRACON& Tower with Radar,81,12,20,0,113,0,0,0,0,0,81,12,20,0,113,0,0,0,113
06/21/2023,GSP,SC,ASO,ES,Combined TRACON& Tower with Radar,87,11,24,0,122,0,0,0,0,0,87,11,24,0,122,0,0,0,122
06/22/2023,GSP,SC,ASO,ES,Combined TRACON& Tower with Radar,94,21,25,0,140,0,0,0,0,0,94,21,25,0,140,0,0,0,140
06/23/2023,GSP,SC,ASO,ES,Combined TRACON& Tower with Radar,90,12,12,6,120,0,0,7,0,7,90,12,19,6,127,14,0,14,141
06/24/2023,GSP,SC,ASO,ES,Combined TRACON& Tower with Radar,72,9,7,0,88,0,0,5,3,8,72,9,12,3,96,24,0,24,120
06/25/2023,GSP,SC,ASO,ES,Combined TRACON& Tower with Radar,72,16,13,0,101,0,2,6,0,8,72,18,19,0,109,0,0,0,109
06/26/2023,GSP,SC,ASO,ES,Combined TRACON& Tower with Radar,85,15,31,5,136,0,0,21,1,22,85,15,52,6,158,0,0,0,158
06/27/2023,GSP,SC,ASO,ES,Combined TRACON& Tower with Radar,66,17,33,37,153,0,0,18,2,20,66,17,51,39,173,0,22,22,195
06/28/2023,GSP,SC,ASO,ES,Combined TRACON& Tower with Radar,86,18,32,34,170,0,0,29,6,35,86,18,61,40,205,104,16,120,325
06/29/2023,GSP,SC,ASO,ES,Combined TRACON& Tower with Radar,89,21,28,6,144,0,0,15,0,15,89,21,43,6,159,16,0,16,175
06/30/2023,GSP,SC,ASO,ES,Combined TRACON& Tower with Radar,88,11,19,6,124,0,0,6,0,6,88,11,25,6,130,0,12,12,142
07/01/2023,GSP,SC,ASO,ES,Combined TRACON& Tower with Radar,72,11,32,0,115,0,0,7,0,7,72,11,39,0,122,20,0,20,142
07/02/2023,GSP,SC,ASO,ES,Combined TRACON& Tower with Radar,69,15,9,0,93,0,0,8,0,8,69,15,17,0,101,4,0,4,105
07/03/2023,GSP,SC,ASO,ES,Combined TRACON& Tower with Radar,70,5,17,2,94,0,2,9,0,11,70,7,26,2,105,0,0,0,105
07/04/2023,GSP,SC,ASO,ES,Combined TRACON& Tower with Radar,57,9,2,1,69,0,0,10,1,11,57,9,12,2,80,0,0,0,80
07/05/2023,GSP,SC,ASO,ES,Combined TRACON& Tower with Radar,85,21,20,8,134,0,0,16,2,18,85,21,36,10,152,4,0,4,156
07/06/2023,GSP,SC,ASO,ES,Combined TRACON& Tower with Radar,90,15,22,24,151,0,2,7,10,19,90,17,29,34,170,0,44,44,214
07/07/2023,GSP,SC,ASO,ES,Combined TRACON& Tower with Radar,86,10,20,17,133,0,1,8,0,9,86,11,28,17,142,0,6,6,148
07/08/2023,GSP,SC,ASO,ES,Combined TRACON& Tower with Radar,70,12,10,0,92,0,5,17,0,22,70,17,27,0,114,14,0,14,128
07/09/2023,GSP,SC,ASO,ES,Combined TRACON& Tower with Radar,82,13,18,0,113,0,1,6,2,9,82,14,24,2,122,0,0,0,122
07/10/2023,GSP,SC,ASO,ES,Combined TRACON& Tower with Radar,86,18,19,0,123,0,7,13,0,20,86,25,32,0,143,8,0,8,151
07/11/2023,GSP,SC,ASO,ES,Combined TRACON& Tower with Radar,87,14,29,0,130,0,0,14,0,14,87,14,43,0,144,0,0,0,144
07/12/2023,GSP,SC,ASO,ES,Combined TRACON& Tower with Radar,87,16,26,26,155,0,1,6,10,17,87,17,32,36,172,0,48,48,220
07/13/2023,GSP,SC,ASO,ES,Combined TRACON& Tower with Radar,93,21,26,6,146,0,0,6,2,8,93,21,32,8,154,0,0,0,154
07/14/2023,GSP,SC,ASO,ES,Combined TRACON& Tower with Radar,83,12,13,23,131,0,0,12,5,17,83,12,25,28,148,56,24,80,228
07/15/2023,GSP,SC,ASO,ES,Combined TRACON& Tower with Radar,74,10,17,0,101,0,0,5,0,5,74,10,22,0,106,0,0,0,106
07/16/2023,GSP,SC,ASO,ES,Combined TRACON& Tower with Radar,79,24,28,29,160,0,3,1,4,8,79,27,29,33,168,8,27,35,203
07/17/2023,GSP,SC,ASO,ES,Combined TRACON& Tower with Radar,91,13,27,2,133,0,0,9,0,9,91,13,36,2,142,20,0,20,162
07/18/2023,GSP,SC,ASO,ES,Combined TRACON& Tower with Radar,79,25,29,7,140,0,0,6,3,9,79,25,35,10,149,0,16,16,165
07/19/2023,GSP,SC,ASO,ES,Combined TRACON& Tower with Radar,86,25,19,12,142,0,0,14,0,14,86,25,33,12,156,8,20,28,184
07/20/2023,GSP,SC,ASO,ES,Combined TRACON& Tower with Radar,93,15,28,4,140,0,1,3,0,4,93,16,31,4,144,0,0,0,144
07/21/2023,GSP,SC,ASO,ES,Combined TRACON& Tower with Radar,96,12,20,29,157,0,5,5,4,14,96,17,25,33,171,0,14,14,185
07/22/2023,GSP,SC,ASO,ES,Combined TRACON& Tower with Radar,80,11,16,0,107,0,6,10,0,16,80,17,26,0,123,19,0,19,142
07/23/2023,GSP,SC,ASO,ES,Combined TRACON& Tower with Radar,92,31,17,2,142,0,1,4,0,5,92,32,21,2,147,0,0,0,147
07/24/2023,GSP,SC,ASO,ES,Combined TRACON& Tower with Radar,86,24,29,16,155,0,1,7,0,8,86,25,36,16,163,10,0,10,173
07/25/2023,GSP,SC,ASO,ES,Combined TRACON& Tower with Radar,74,14,19,4,111,0,0,11,2,13,74,14,30,6,124,12,0,12,136
07/26/2023,GSP,SC,ASO,ES,Combined TRACON& Tower with Radar,90,19,18,24,151,0,1,10,6,17,90,20,28,30,168,30,10,40,208
07/27/2023,GSP,SC,ASO,ES,Combined TRACON& Tower with Radar,86,21,30,23,160,0,0,19,0,19,86,21,49,23,179,9,8,17,196
07/28/2023,GSP,SC,ASO,ES,Combined TRACON& Tower with Radar,93,19,20,41,173,0,2,15,3,20,93,21,35,44,193,10,4,14,207
07/29/2023,GSP,SC,ASO,ES,Combined TRACON& Tower with Radar,71,5,4,3,83,0,4,4,3,11,71,9,8,6,94,16,0,16,110
07/30/2023,GSP,SC,ASO,ES,Combined TRACON& Tower with Radar,89,20,3,0,112,0,0,1,0,1,89,20,4,0,113,0,0,0,113
07/31/2023,GSP,SC,ASO,ES,Combined TRACON& Tower with Radar,89,14,15,8,126,0,2,13,0,15,89,16,28,8,141,0,0,0,141
08/01/2023,GSP,SC,ASO,ES,Combined TRACON& Tower with Radar,84,15,18,3,120,0,5,13,1,19,84,20,31,4,139,18,18,36,175
08/02/2023,GSP,SC,ASO,ES,Combined TRACON& Tower with Radar,91,12,23,3,129,0,0,7,1,8,91,12,30,4,137,0,0,0,137
08/03/2023,GSP,SC,ASO,ES,Combined TRACON& Tower with Radar,95,26,34,0,155,0,0,0,0,0,95,26,34,0,155,0,0,0,155
08/04/2023,GSP,SC,ASO,ES,Combined TRACON& Tower with Radar,96,17,16,18,147,0,1,0,0,1,96,18,16,18,148,0,0,0,148
08/05/2023,GSP,SC,ASO,ES,Combined TRACON& Tower with Radar,67,6,15,0,88,0,5,6,0,11,67,11,21,0,99,16,0,16,115
08/06/2023,GSP,SC,ASO,ES,Combined TRACON& Tower with Radar,86,12,11,0,109,0,0,3,0,3,86,12,14,0,112,0,0,0,112
08/07/2023,GSP,SC,ASO,ES,Combined TRACON& Tower with Radar,75,22,20,0,117,0,4,5,3,12,75,26,25,3,129,0,0,0,129
08/08/2023,GSP,SC,ASO,ES,Combined TRACON& Tower with Radar,80,18,25,9,132,0,2,17,8,27,80,20,42,17,159,0,9,9,168
08/09/2023,GSP,SC,ASO,ES,Combined TRACON& Tower with Radar,88,15,24,60,187,0,0,12,16,28,88,15,36,76,215,0,30,30,245
08/10/2023,GSP,SC,ASO,ES,Combined TRACON& Tower with Radar,89,21,18,4,132,0,0,10,4,14,89,21,28,8,146,36,0,36,182
08/11/2023,GSP,SC,ASO,ES,Combined TRACON& Tower with Radar,93,15,23,0,131,0,0,8,0,8,93,15,31,0,139,0,0,0,139
08/12/2023,GSP,SC,ASO,ES,Combined TRACON& Tower with Radar,77,12,6,0,95,0,0,16,0,16,77,12,22,0,111,29,0,29,140
08/13/2023,GSP,SC,ASO,ES,Combined TRACON& Tower with Radar,85,24,13,0,122,0,0,19,0,19,85,24,32,0,141,93,0,93,234
08/14/2023,GSP,SC,ASO,ES,Combined TRACON& Tower with Radar,84,10,27,4,125,0,2,9,0,11,84,12,36,4,136,0,0,0,136
08/15/2023,GSP,SC,ASO,ES,Combined TRACON& Tower with Radar,81,20,18,14,133,0,0,10,0,10,81,20,28,14,143,8,0,8,151
08/16/2023,GSP,SC,ASO,ES,Combined TRACON& Tower with Radar,92,15,34,3,144,0,0,11,4,15,92,15,45,7,159,0,0,0,159
08/17/2023,GSP,SC,ASO,ES,Combined TRACON& Tower with Radar,90,30,30,10,160,0,2,14,3,19,90,32,44,13,179,0,16,16,195
08/18/2023,GSP,SC,ASO,ES,Combined TRACON& Tower with Radar,92,11,20,11,134,0,0,6,1,7,92,11,26,12,141,0,26,26,167
08/19/2023,GSP,SC,ASO,ES,Combined TRACON& Tower with Radar,67,16,9,3,95,0,2,9,0,11,67,18,18,3,106,0,0,0,106
08/20/2023,GSP,SC,ASO,ES,Combined TRACON& Tower with Radar,90,17,17,3,127,0,3,14,1,18,90,20,31,4,145,14,0,14,159
08/21/2023,GSP,SC,ASO,ES,Combined TRACON& Tower with Radar,85,15,20,0,120,0,1,10,2,13,85,16,30,2,133,0,0,0,133
08/22/2023,GSP,SC,ASO,ES,Combined TRACON& Tower with Radar,84,11,28,3,126,0,1,19,3,23,84,12,47,6,149,0,10,10,159
08/23/2023,GSP,SC,ASO,ES,Combined TRACON& Tower with Radar,90,15,38,5,148,0,1,21,1,23,90,16,59,6,171,2,15,17,188
08/24/2023,GSP,SC,ASO,ES,Combined TRACON& Tower with Radar,94,14,32,4,144,0,0,15,6,21,94,14,47,10,165,34,4,38,203
08/25/2023,GSP,SC,ASO,ES,Combined TRACON& Tower with Radar,88,19,25,17,149,0,0,11,1,12,88,19,36,18,161,14,22,36,197
08/26/2023,GSP,SC,ASO,ES,Combined TRACON& Tower with Radar,70,12,12,0,94,0,0,11,2,13,70,12,23,2,107,0,0,0,107
08/27/2023,GSP,SC,ASO,ES,Combined TRACON& Tower with Radar,84,15,16,0,115,0,0,10,1,11,84,15,26,1,126,0,0,0,126
08/28/2023,GSP,SC,ASO,ES,Combined TRACON& Tower with Radar,101,14,31,2,148,0,0,5,0,5,101,14,36,2,153,0,0,0,153
08/29/2023,GSP,SC,ASO,ES,Combined TRACON& Tower with Radar,84,15,23,0,122,1,0,7,0,8,85,15,30,0,130,6,0,6,136
08/30/2023,GSP,SC,ASO,ES,Combined TRACON& Tower with Radar,91,10,19,0,120,0,0,0,0,0,91,10,19,0,120,0,0,0,120
08/31/2023,GSP,SC,ASO,ES,Combined TRACON& Tower with Radar,95,17,37,1,150,0,0,20,5,25,95,17,57,6,175,31,26,57,232
