01/01/2020,GTF,MT,ANM,WE,Combined TRACON& Tower with Radar,6,20,4,0,30,0,0,0,0,0,6,20,4,0,30,0,0,0,30
01/02/2020,GTF,MT,ANM,WE,Combined TRACON& Tower with Radar,11,36,2,6,55,0,0,2,4,6,11,36,4,10,61,4,0,4,65
01/03/2020,GTF,MT,ANM,WE,Combined TRACON& Tower with Radar,13,39,1,0,53,0,1,1,0,2,13,40,2,0,55,0,0,0,55
01/04/2020,GTF,MT,ANM,WE,Combined TRACON& Tower with Radar,8,27,2,0,37,0,1,0,0,1,8,28,2,0,38,0,0,0,38
01/05/2020,GTF,MT,ANM,WE,Combined TRACON& Tower with Radar,10,11,5,0,26,0,0,2,0,2,10,11,7,0,28,0,0,0,28
01/06/2020,GTF,MT,ANM,WE,Combined TRACON& Tower with Radar,12,29,6,0,47,0,3,6,2,11,12,32,12,2,58,2,0,2,60
01/07/2020,GTF,MT,ANM,WE,Combined TRACON& Tower with Radar,11,38,8,5,62,0,1,3,10,14,11,39,11,15,76,42,24,66,142
01/08/2020,GTF,MT,ANM,WE,Combined TRACON& Tower with Radar,11,27,11,7,56,0,1,10,3,14,11,28,21,10,70,0,10,10,80
01/09/2020,GTF,MT,ANM,WE,Combined TRACON& Tower with Radar,16,29,7,11,63,0,2,0,0,2,16,31,7,11,65,0,2,2,67
01/10/2020,GTF,MT,ANM,WE,Combined TRACON& Tower with Radar,14,31,15,5,65,0,2,14,6,22,14,33,29,11,87,20,0,20,107
01/11/2020,GTF,MT,ANM,WE,Combined TRACON& Tower with Radar,8,17,2,0,27,0,4,8,0,12,8,21,10,0,39,14,0,14,53
01/12/2020,GTF,MT,ANM,WE,Combined TRACON& Tower with Radar,13,9,3,0,25,0,2,0,0,2,13,11,3,0,27,0,0,0,27
01/13/2020,GTF,MT,ANM,WE,Combined TRACON& Tower with Radar,13,26,4,0,43,0,1,0,0,1,13,27,4,0,44,0,0,0,44
01/14/2020,GTF,MT,ANM,WE,Combined TRACON& Tower with Radar,8,37,14,3,62,0,0,2,0,2,8,37,16,3,64,0,0,0,64
01/15/2020,GTF,MT,ANM,WE,Combined TRACON& Tower with Radar,14,33,14,5,66,0,2,9,6,17,14,35,23,11,83,0,16,16,99
01/16/2020,GTF,MT,ANM,WE,Combined TRACON& Tower with Radar,16,27,11,9,63,0,4,4,4,12,16,31,15,13,75,2,6,8,83
01/17/2020,GTF,MT,ANM,WE,Combined TRACON& Tower with Radar,14,26,6,2,48,0,4,2,2,8,14,30,8,4,56,0,0,0,56
01/18/2020,GTF,MT,ANM,WE,Combined TRACON& Tower with Radar,9,24,7,0,40,0,1,2,0,3,9,25,9,0,43,0,0,0,43
01/19/2020,GTF,MT,ANM,WE,Combined TRACON& Tower with Radar,11,10,6,0,27,0,0,10,0,10,11,10,16,0,37,22,0,22,59
01/20/2020,GTF,MT,ANM,WE,Combined TRACON& Tower with Radar,12,16,8,0,36,0,2,11,0,13,12,18,19,0,49,2,10,12,61
01/21/2020,GTF,MT,ANM,WE,Combined TRACON& Tower with Radar,10,41,10,32,93,0,1,15,4,20,10,42,25,36,113,0,0,0,113
01/22/2020,GTF,MT,ANM,WE,Combined TRACON& Tower with Radar,12,34,12,10,68,0,0,10,10,20,12,34,22,20,88,6,14,20,108
01/23/2020,GTF,MT,ANM,WE,Combined TRACON& Tower with Radar,16,26,7,1,50,0,1,11,5,17,16,27,18,6,67,42,0,42,109
01/24/2020,GTF,MT,ANM,WE,Combined TRACON& Tower with Radar,14,28,7,1,50,0,3,7,0,10,14,31,14,1,60,10,0,10,70
01/25/2020,GTF,MT,ANM,WE,Combined TRACON& Tower with Radar,9,20,17,2,48,0,1,8,2,11,9,21,25,4,59,0,0,0,59
01/26/2020,GTF,MT,ANM,WE,Combined TRACON& Tower with Radar,13,11,6,1,31,0,0,24,0,24,13,11,30,1,55,0,0,0,55
01/27/2020,GTF,MT,ANM,WE,Combined TRACON& Tower with Radar,12,21,9,27,69,0,3,1,8,12,12,24,10,35,81,50,48,98,179
01/28/2020,GTF,MT,ANM,WE,Combined TRACON& Tower with Radar,13,34,4,7,58,0,0,4,6,10,13,34,8,13,68,14,6,20,88
01/29/2020,GTF,MT,ANM,WE,Combined TRACON& Tower with Radar,12,37,9,9,67,0,0,8,4,12,12,37,17,13,79,0,8,8,87
01/30/2020,GTF,MT,ANM,WE,Combined TRACON& Tower with Radar,16,31,9,16,72,0,0,10,10,20,16,31,19,26,92,6,68,74,166
01/31/2020,GTF,MT,ANM,WE,Combined TRACON& Tower with Radar,12,27,14,0,53,0,0,2,0,2,12,27,16,0,55,1,0,1,56
02/01/2020,GTF,MT,ANM,WE,Combined TRACON& Tower with Radar,8,17,9,0,34,0,0,3,0,3,8,17,12,0,37,2,0,2,39
02/02/2020,GTF,MT,ANM,WE,Combined TRACON& Tower with Radar,13,16,5,0,34,0,0,5,0,5,13,16,10,0,39,0,0,0,39
02/03/2020,GTF,MT,ANM,WE,Combined TRACON& Tower with Radar,13,19,15,0,47,0,1,11,1,13,13,20,26,1,60,12,0,12,72
02/04/2020,GTF,MT,ANM,WE,Combined TRACON& Tower with Radar,10,31,8,21,70,0,3,14,11,28,10,34,22,32,98,12,40,52,150
02/05/2020,GTF,MT,ANM,WE,Combined TRACON& Tower with Radar,10,29,12,20,71,0,4,6,8,18,10,33,18,28,89,0,26,26,115
02/06/2020,GTF,MT,ANM,WE,Combined TRACON& Tower with Radar,16,29,11,30,86,0,1,0,7,8,16,30,11,37,94,0,56,56,150
02/07/2020,GTF,MT,ANM,WE,Combined TRACON& Tower with Radar,17,30,11,3,61,0,1,7,0,8,17,31,18,3,69,8,0,8,77
02/08/2020,GTF,MT,ANM,WE,Combined TRACON& Tower with Radar,9,19,0,2,30,0,1,2,0,3,9,20,2,2,33,0,0,0,33
02/09/2020,GTF,MT,ANM,WE,Combined TRACON& Tower with Radar,12,5,3,3,23,0,1,13,3,17,12,6,16,6,40,12,12,24,64
02/10/2020,GTF,MT,ANM,WE,Combined TRACON& Tower with Radar,12,21,12,9,54,0,2,7,7,16,12,23,19,16,70,14,4,18,88
02/11/2020,GTF,MT,ANM,WE,Combined TRACON& Tower with Radar,12,32,7,4,55,0,2,5,3,10,12,34,12,7,65,0,0,0,65
02/12/2020,GTF,MT,ANM,WE,Combined TRACON& Tower with Radar,10,33,14,6,63,0,2,1,4,7,10,35,15,10,70,16,6,22,92
02/13/2020,GTF,MT,ANM,WE,Combined TRACON& Tower with Radar,15,31,4,13,63,0,5,10,8,23,15,36,14,21,86,4,8,12,98
02/14/2020,GTF,MT,ANM,WE,Combined TRACON& Tower with Radar,12,31,3,0,46,0,1,3,2,6,12,32,6,2,52,0,0,0,52
02/15/2020,GTF,MT,ANM,WE,Combined TRACON& Tower with Radar,6,29,4,0,39,0,0,7,0,7,6,29,11,0,46,0,0,0,46
02/16/2020,GTF,MT,ANM,WE,Combined TRACON& Tower with Radar,10,13,2,0,25,0,0,6,0,6,10,13,8,0,31,14,0,14,45
02/17/2020,GTF,MT,ANM,WE,Combined TRACON& Tower with Radar,11,18,10,0,39,0,1,11,0,12,11,19,21,0,51,20,0,20,71
02/18/2020,GTF,MT,ANM,WE,Combined TRACON& Tower with Radar,9,33,8,3,53,0,1,1,2,4,9,34,9,5,57,10,10,20,77
02/19/2020,GTF,MT,ANM,WE,Combined TRACON& Tower with Radar,8,34,18,9,69,0,3,11,12,26,8,37,29,21,95,48,0,48,143
02/20/2020,GTF,MT,ANM,WE,Combined TRACON& Tower with Radar,14,26,3,4,47,0,3,18,6,27,14,29,21,10,74,44,12,56,130
02/21/2020,GTF,MT,ANM,WE,Combined TRACON& Tower with Radar,14,26,6,5,51,0,1,6,1,8,14,27,12,6,59,6,0,6,65
02/22/2020,GTF,MT,ANM,WE,Combined TRACON& Tower with Radar,6,21,6,0,33,0,1,8,1,10,6,22,14,1,43,24,0,24,67
02/23/2020,GTF,MT,ANM,WE,Combined TRACON& Tower with Radar,12,11,2,0,25,0,1,15,0,16,12,12,17,0,41,70,0,70,111
02/24/2020,GTF,MT,ANM,WE,Combined TRACON& Tower with Radar,8,19,8,0,35,0,0,0,0,0,8,19,8,0,35,4,0,4,39
02/25/2020,GTF,MT,ANM,WE,Combined TRACON& Tower with Radar,12,35,8,15,70,0,2,5,8,15,12,37,13,23,85,48,10,58,143
02/26/2020,GTF,MT,ANM,WE,Combined TRACON& Tower with Radar,8,33,11,5,57,0,0,4,3,7,8,33,15,8,64,12,0,12,76
02/27/2020,GTF,MT,ANM,WE,Combined TRACON& Tower with Radar,14,31,12,5,62,0,1,21,13,35,14,32,33,18,97,6,16,22,119
02/28/2020,GTF,MT,ANM,WE,Combined TRACON& Tower with Radar,12,26,7,2,47,0,3,21,3,27,12,29,28,5,74,39,4,43,117
02/29/2020,GTF,MT,ANM,WE,Combined TRACON& Tower with Radar,6,18,4,0,28,0,0,6,0,6,6,18,10,0,34,30,0,30,64
03/01/2020,GTF,MT,ANM,WE,Combined TRACON& Tower with Radar,10,13,7,0,30,0,4,24,0,28,10,17,31,0,58,30,0,30,88
03/02/2020,GTF,MT,ANM,WE,Combined TRACON& Tower with Radar,10,25,13,9,57,0,3,4,3,10,10,28,17,12,67,2,22,24,91
03/03/2020,GTF,MT,ANM,WE,Combined TRACON& Tower with Radar,6,32,1,2,41,0,3,2,5,10,6,35,3,7,51,0,12,12,63
03/04/2020,GTF,MT,ANM,WE,Combined TRACON& Tower with Radar,8,29,1,0,38,0,1,0,0,1,8,30,1,0,39,8,0,8,47
03/05/2020,GTF,MT,ANM,WE,Combined TRACON& Tower with Radar,14,27,9,8,58,0,3,23,8,34,14,30,32,16,92,62,4,66,158
03/06/2020,GTF,MT,ANM,WE,Combined TRACON& Tower with Radar,12,28,13,7,60,0,1,23,6,30,12,29,36,13,90,26,0,26,116
03/07/2020,GTF,MT,ANM,WE,Combined TRACON& Tower with Radar,6,18,5,2,31,0,1,0,2,3,6,19,5,4,34,16,4,20,54
03/08/2020,GTF,MT,ANM,WE,Combined TRACON& Tower with Radar,10,12,9,0,31,0,1,11,0,12,10,13,20,0,43,44,0,44,87
03/09/2020,GTF,MT,ANM,WE,Combined TRACON& Tower with Radar,10,25,14,2,51,0,1,9,2,12,10,26,23,4,63,22,0,22,85
03/10/2020,GTF,MT,ANM,WE,Combined TRACON& Tower with Radar,8,33,5,0,46,0,1,4,4,9,8,34,9,4,55,4,0,4,59
03/11/2020,GTF,MT,ANM,WE,Combined TRACON& Tower with Radar,10,33,12,2,57,0,3,5,0,8,10,36,17,2,65,0,0,0,65
03/12/2020,GTF,MT,ANM,WE,Combined TRACON& Tower with Radar,14,33,13,7,67,0,2,7,19,28,14,35,20,26,95,0,40,40,135
03/13/2020,GTF,MT,ANM,WE,Combined TRACON& Tower with Radar,14,29,1,0,44,0,1,0,0,1,14,30,1,0,45,0,0,0,45
03/14/2020,GTF,MT,ANM,WE,Combined TRACON& Tower with Radar,6,18,1,0,25,0,0,0,0,0,6,18,1,0,25,0,0,0,25
03/15/2020,GTF,MT,ANM,WE,Combined TRACON& Tower with Radar,9,15,3,0,27,0,1,1,0,2,9,16,4,0,29,0,0,0,29
03/16/2020,GTF,MT,ANM,WE,Combined TRACON& Tower with Radar,14,23,9,2,48,0,2,8,8,18,14,25,17,10,66,34,18,52,118
03/17/2020,GTF,MT,ANM,WE,Combined TRACON& Tower with Radar,11,34,4,4,53,0,2,8,6,16,11,36,12,10,69,4,20,24,93
03/18/2020,GTF,MT,ANM,WE,Combined TRACON& Tower with Radar,10,31,4,0,45,0,1,2,0,3,10,32,6,0,48,4,0,4,52
03/19/2020,GTF,MT,ANM,WE,Combined TRACON& Tower with Radar,13,31,2,3,49,0,0,0,0,0,13,31,2,3,49,0,0,0,49
03/20/2020,GTF,MT,ANM,WE,Combined TRACON& Tower with Radar,8,29,6,4,47,0,2,17,10,29,8,31,23,14,76,0,0,0,76
03/21/2020,GTF,MT,ANM,WE,Combined TRACON& Tower with Radar,7,19,10,0,36,0,1,14,0,15,7,20,24,0,51,2,0,2,53
03/22/2020,GTF,MT,ANM,WE,Combined TRACON& Tower with Radar,9,9,0,0,18,0,0,11,0,11,9,9,11,0,29,10,0,10,39
03/23/2020,GTF,MT,ANM,WE,Combined TRACON& Tower with Radar,9,26,5,12,52,0,1,7,12,20,9,27,12,24,72,18,0,18,90
03/24/2020,GTF,MT,ANM,WE,Combined TRACON& Tower with Radar,12,39,6,2,59,0,1,2,5,8,12,40,8,7,67,0,0,0,67
03/25/2020,GTF,MT,ANM,WE,Combined TRACON& Tower with Radar,11,37,8,8,64,0,0,2,7,9,11,37,10,15,73,18,16,34,107
03/26/2020,GTF,MT,ANM,WE,Combined TRACON& Tower with Radar,10,32,14,2,58,0,0,9,10,19,10,32,23,12,77,20,0,20,97
03/27/2020,GTF,MT,ANM,WE,Combined TRACON& Tower with Radar,10,22,7,0,39,0,2,17,10,29,10,24,24,10,68,0,0,0,68
03/28/2020,GTF,MT,ANM,WE,Combined TRACON& Tower with Radar,5,11,6,0,22,0,0,2,0,2,5,11,8,0,24,10,0,10,34
03/29/2020,GTF,MT,ANM,WE,Combined TRACON& Tower with Radar,8,8,0,0,16,0,0,3,0,3,8,8,3,0,19,0,0,0,19
03/30/2020,GTF,MT,ANM,WE,Combined TRACON& Tower with Radar,7,26,3,2,38,0,1,4,7,12,7,27,7,9,50,0,0,0,50
03/31/2020,GTF,MT,ANM,WE,Combined TRACON& Tower with Radar,7,32,1,1,41,0,1,0,7,8,7,33,1,8,49,0,0,0,49
04/01/2020,GTF,MT,ANM,WE,Combined TRACON& Tower with Radar,8,30,3,4,45,0,1,2,12,15,8,31,5,16,60,0,24,24,84
04/02/2020,GTF,MT,ANM,WE,Combined TRACON& Tower with Radar,11,25,0,3,39,0,1,4,8,13,11,26,4,11,52,0,6,6,58
04/03/2020,GTF,MT,ANM,WE,Combined TRACON& Tower with Radar,8,22,5,0,35,0,2,9,4,15,8,24,14,4,50,2,0,2,52
04/04/2020,GTF,MT,ANM,WE,Combined TRACON& Tower with Radar,6,11,2,0,19,0,0,3,0,3,6,11,5,0,22,16,0,16,38
04/05/2020,GTF,MT,ANM,WE,Combined TRACON& Tower with Radar,8,11,3,0,22,0,0,20,0,20,8,11,23,0,42,14,0,14,56
04/06/2020,GTF,MT,ANM,WE,Combined TRACON& Tower with Radar,4,15,3,2,24,0,2,7,7,16,4,17,10,9,40,0,0,0,40
04/07/2020,GTF,MT,ANM,WE,Combined TRACON& Tower with Radar,8,28,0,8,44,0,1,8,7,16,8,29,8,15,60,0,20,20,80
04/08/2020,GTF,MT,ANM,WE,Combined TRACON& Tower with Radar,8,20,5,12,45,0,3,12,9,24,8,23,17,21,69,54,24,78,147
04/09/2020,GTF,MT,ANM,WE,Combined TRACON& Tower with Radar,8,17,4,5,34,0,1,15,7,23,8,18,19,12,57,30,18,48,105
04/10/2020,GTF,MT,ANM,WE,Combined TRACON& Tower with Radar,8,23,1,7,39,0,4,14,2,20,8,27,15,9,59,26,22,48,107
04/11/2020,GTF,MT,ANM,WE,Combined TRACON& Tower with Radar,6,12,2,0,20,0,0,0,0,0,6,12,2,0,20,0,0,0,20
04/12/2020,GTF,MT,ANM,WE,Combined TRACON& Tower with Radar,7,3,2,0,12,0,1,0,0,1,7,4,2,0,13,0,0,0,13
04/13/2020,GTF,MT,ANM,WE,Combined TRACON& Tower with Radar,3,16,3,3,25,0,1,4,4,9,3,17,7,7,34,16,0,16,50
04/14/2020,GTF,MT,ANM,WE,Combined TRACON& Tower with Radar,8,25,1,10,44,0,4,4,15,23,8,29,5,25,67,8,6,14,81
04/15/2020,GTF,MT,ANM,WE,Combined TRACON& Tower with Radar,6,28,1,0,35,0,1,0,0,1,6,29,1,0,36,4,0,4,40
04/16/2020,GTF,MT,ANM,WE,Combined TRACON& Tower with Radar,8,19,4,0,31,0,2,12,2,16,8,21,16,2,47,32,0,32,79
04/17/2020,GTF,MT,ANM,WE,Combined TRACON& Tower with Radar,8,19,12,0,39,0,0,27,0,27,8,19,39,0,66,12,0,12,78
04/18/2020,GTF,MT,ANM,WE,Combined TRACON& Tower with Radar,4,13,6,0,23,0,1,0,0,1,4,14,6,0,24,0,0,0,24
04/19/2020,GTF,MT,ANM,WE,Combined TRACON& Tower with Radar,6,4,8,0,18,0,2,24,1,27,6,6,32,1,45,42,0,42,87
04/20/2020,GTF,MT,ANM,WE,Combined TRACON& Tower with Radar,4,16,8,0,28,0,1,9,0,10,4,17,17,0,38,2,0,2,40
04/21/2020,GTF,MT,ANM,WE,Combined TRACON& Tower with Radar,8,28,10,3,49,0,0,22,9,31,8,28,32,12,80,36,0,36,116
04/22/2020,GTF,MT,ANM,WE,Combined TRACON& Tower with Radar,6,24,2,4,36,0,0,4,7,11,6,24,6,11,47,18,0,18,65
04/23/2020,GTF,MT,ANM,WE,Combined TRACON& Tower with Radar,10,22,7,5,44,0,0,3,6,9,10,22,10,11,53,10,0,10,63
04/24/2020,GTF,MT,ANM,WE,Combined TRACON& Tower with Radar,6,22,5,0,33,0,0,7,3,10,6,22,12,3,43,16,0,16,59
04/25/2020,GTF,MT,ANM,WE,Combined TRACON& Tower with Radar,6,13,1,0,20,0,0,11,0,11,6,13,12,0,31,0,0,0,31
04/26/2020,GTF,MT,ANM,WE,Combined TRACON& Tower with Radar,3,7,0,0,10,0,0,7,0,7,3,7,7,0,17,2,0,2,19
04/27/2020,GTF,MT,ANM,WE,Combined TRACON& Tower with Radar,3,15,2,8,28,0,1,4,21,26,3,16,6,29,54,22,4,26,80
04/28/2020,GTF,MT,ANM,WE,Combined TRACON& Tower with Radar,6,23,3,0,32,0,1,13,4,18,6,24,16,4,50,14,0,14,64
04/29/2020,GTF,MT,ANM,WE,Combined TRACON& Tower with Radar,8,22,2,2,34,0,2,28,10,40,8,24,30,12,74,72,12,84,158
04/30/2020,GTF,MT,ANM,WE,Combined TRACON& Tower with Radar,10,20,2,0,32,0,4,7,4,15,10,24,9,4,47,0,0,0,47
05/01/2020,GTF,MT,ANM,WE,Combined TRACON& Tower with Radar,5,27,13,33,78,0,3,21,3,27,5,30,34,36,105,48,0,48,153
05/02/2020,GTF,MT,ANM,WE,Combined TRACON& Tower with Radar,2,10,2,0,14,0,6,23,0,29,2,16,25,0,43,36,0,36,79
05/03/2020,GTF,MT,ANM,WE,Combined TRACON& Tower with Radar,6,11,4,0,21,0,0,1,0,1,6,11,5,0,22,0,0,0,22
05/04/2020,GTF,MT,ANM,WE,Combined TRACON& Tower with Radar,2,15,3,4,24,0,3,13,11,27,2,18,16,15,51,14,4,18,69
05/05/2020,GTF,MT,ANM,WE,Combined TRACON& Tower with Radar,6,24,4,7,41,0,1,24,7,32,6,25,28,14,73,30,2,32,105
05/06/2020,GTF,MT,ANM,WE,Combined TRACON& Tower with Radar,6,25,7,3,41,0,2,7,6,15,6,27,14,9,56,30,0,30,86
05/07/2020,GTF,MT,ANM,WE,Combined TRACON& Tower with Radar,10,26,23,0,59,0,1,14,0,15,10,27,37,0,74,12,0,12,86
05/08/2020,GTF,MT,ANM,WE,Combined TRACON& Tower with Radar,6,29,19,0,54,0,2,6,2,10,6,31,25,2,64,0,0,0,64
05/09/2020,GTF,MT,ANM,WE,Combined TRACON& Tower with Radar,4,11,7,0,22,0,2,19,0,21,4,13,26,0,43,34,0,34,77
05/10/2020,GTF,MT,ANM,WE,Combined TRACON& Tower with Radar,6,7,0,0,13,0,0,7,0,7,6,7,7,0,20,8,0,8,28
05/11/2020,GTF,MT,ANM,WE,Combined TRACON& Tower with Radar,4,16,6,17,43,0,2,9,16,27,4,18,15,33,70,22,34,56,126
05/12/2020,GTF,MT,ANM,WE,Combined TRACON& Tower with Radar,6,27,4,1,38,0,0,0,0,0,6,27,4,1,38,16,0,16,54
05/13/2020,GTF,MT,ANM,WE,Combined TRACON& Tower with Radar,6,28,9,11,54,0,0,6,6,12,6,28,15,17,66,26,0,26,92
05/14/2020,GTF,MT,ANM,WE,Combined TRACON& Tower with Radar,8,23,10,26,67,0,3,27,17,47,8,26,37,43,114,86,18,104,218
05/15/2020,GTF,MT,ANM,WE,Combined TRACON& Tower with Radar,8,28,4,2,42,0,2,11,3,16,8,30,15,5,58,6,0,6,64
05/16/2020,GTF,MT,ANM,WE,Combined TRACON& Tower with Radar,4,14,7,0,25,0,0,35,0,35,4,14,42,0,60,32,0,32,92
05/17/2020,GTF,MT,ANM,WE,Combined TRACON& Tower with Radar,2,4,0,0,6,0,1,16,0,17,2,5,16,0,23,12,0,12,35
05/18/2020,GTF,MT,ANM,WE,Combined TRACON& Tower with Radar,6,19,10,13,48,0,5,19,0,24,6,24,29,13,72,34,14,48,120
05/19/2020,GTF,MT,ANM,WE,Combined TRACON& Tower with Radar,6,23,6,4,39,0,4,27,2,33,6,27,33,6,72,28,0,28,100
05/20/2020,GTF,MT,ANM,WE,Combined TRACON& Tower with Radar,6,21,11,13,51,0,1,3,6,10,6,22,14,19,61,12,0,12,73
05/21/2020,GTF,MT,ANM,WE,Combined TRACON& Tower with Radar,6,24,3,5,38,0,1,2,3,6,6,25,5,8,44,0,0,0,44
05/22/2020,GTF,MT,ANM,WE,Combined TRACON& Tower with Radar,8,23,6,0,37,0,1,8,2,11,8,24,14,2,48,20,0,20,68
05/23/2020,GTF,MT,ANM,WE,Combined TRACON& Tower with Radar,2,11,4,0,17,0,0,11,0,11,2,11,15,0,28,10,0,10,38
05/24/2020,GTF,MT,ANM,WE,Combined TRACON& Tower with Radar,4,12,7,0,23,0,0,13,0,13,4,12,20,0,36,34,0,34,70
05/25/2020,GTF,MT,ANM,WE,Combined TRACON& Tower with Radar,4,4,8,0,16,0,0,15,0,15,4,4,23,0,31,56,0,56,87
05/26/2020,GTF,MT,ANM,WE,Combined TRACON& Tower with Radar,4,18,1,9,32,0,3,6,13,22,4,21,7,22,54,2,2,4,58
05/27/2020,GTF,MT,ANM,WE,Combined TRACON& Tower with Radar,6,32,5,1,44,0,2,16,4,22,6,34,21,5,66,54,8,62,128
05/28/2020,GTF,MT,ANM,WE,Combined TRACON& Tower with Radar,8,29,11,5,53,0,3,31,5,39,8,32,42,10,92,10,4,14,106
05/29/2020,GTF,MT,ANM,WE,Combined TRACON& Tower with Radar,12,22,8,4,46,0,1,24,6,31,12,23,32,10,77,48,0,48,125
05/30/2020,GTF,MT,ANM,WE,Combined TRACON& Tower with Radar,6,13,1,0,20,0,2,15,0,17,6,15,16,0,37,8,0,8,45
05/31/2020,GTF,MT,ANM,WE,Combined TRACON& Tower with Radar,6,11,2,0,19,0,0,3,0,3,6,11,5,0,22,0,0,0,22
06/01/2020,GTF,MT,ANM,WE,Combined TRACON& Tower with Radar,8,16,7,4,35,0,3,22,8,33,8,19,29,12,68,48,0,48,116
06/02/2020,GTF,MT,ANM,WE,Combined TRACON& Tower with Radar,9,29,14,11,63,0,0,25,12,37,9,29,39,23,100,38,16,54,154
06/03/2020,GTF,MT,ANM,WE,Combined TRACON& Tower with Radar,9,24,3,3,39,0,3,20,11,34,9,27,23,14,73,0,10,10,83
06/04/2020,GTF,MT,ANM,WE,Combined TRACON& Tower with Radar,8,27,14,0,49,0,3,23,5,31,8,30,37,5,80,48,2,50,130
06/05/2020,GTF,MT,ANM,WE,Combined TRACON& Tower with Radar,14,23,10,7,54,0,1,14,2,17,14,24,24,9,71,28,6,34,105
06/06/2020,GTF,MT,ANM,WE,Combined TRACON& Tower with Radar,4,15,2,2,23,0,3,7,1,11,4,18,9,3,34,16,0,16,50
06/07/2020,GTF,MT,ANM,WE,Combined TRACON& Tower with Radar,4,11,5,0,20,0,2,10,0,12,4,13,15,0,32,24,0,24,56
06/08/2020,GTF,MT,ANM,WE,Combined TRACON& Tower with Radar,10,25,12,0,47,0,10,0,0,10,10,35,12,0,57,8,0,8,65
06/09/2020,GTF,MT,ANM,WE,Combined TRACON& Tower with Radar,10,25,3,6,44,0,5,19,10,34,10,30,22,16,78,30,6,36,114
06/10/2020,GTF,MT,ANM,WE,Combined TRACON& Tower with Radar,8,28,8,10,54,0,6,15,7,28,8,34,23,17,82,6,16,22,104
06/11/2020,GTF,MT,ANM,WE,Combined TRACON& Tower with Radar,8,29,15,40,92,0,2,21,16,39,8,31,36,56,131,80,68,148,279
06/12/2020,GTF,MT,ANM,WE,Combined TRACON& Tower with Radar,12,29,4,2,47,0,5,24,8,37,12,34,28,10,84,4,0,4,88
06/13/2020,GTF,MT,ANM,WE,Combined TRACON& Tower with Radar,7,11,3,0,21,0,0,3,2,5,7,11,6,2,26,0,0,0,26
06/14/2020,GTF,MT,ANM,WE,Combined TRACON& Tower with Radar,4,11,7,0,22,0,3,1,0,4,4,14,8,0,26,0,0,0,26
06/15/2020,GTF,MT,ANM,WE,Combined TRACON& Tower with Radar,8,22,11,34,75,0,1,11,5,17,8,23,22,39,92,0,6,6,98
06/16/2020,GTF,MT,ANM,WE,Combined TRACON& Tower with Radar,8,31,11,8,58,0,3,12,8,23,8,34,23,16,81,90,2,92,173
06/17/2020,GTF,MT,ANM,WE,Combined TRACON& Tower with Radar,8,27,14,5,54,0,3,6,1,10,8,30,20,6,64,34,2,36,100
06/18/2020,GTF,MT,ANM,WE,Combined TRACON& Tower with Radar,10,32,7,1,50,0,1,6,1,8,10,33,13,2,58,16,0,16,74
06/19/2020,GTF,MT,ANM,WE,Combined TRACON& Tower with Radar,12,21,12,0,45,0,3,20,0,23,12,24,32,0,68,52,0,52,120
06/20/2020,GTF,MT,ANM,WE,Combined TRACON& Tower with Radar,6,18,8,0,32,0,0,17,0,17,6,18,25,0,49,48,0,48,97
06/21/2020,GTF,MT,ANM,WE,Combined TRACON& Tower with Radar,4,7,2,0,13,0,0,13,0,13,4,7,15,0,26,12,0,12,38
06/22/2020,GTF,MT,ANM,WE,Combined TRACON& Tower with Radar,8,23,12,4,47,0,1,23,4,28,8,24,35,8,75,40,0,40,115
06/23/2020,GTF,MT,ANM,WE,Combined TRACON& Tower with Radar,8,31,23,2,64,0,4,33,5,42,8,35,56,7,106,12,0,12,118
06/24/2020,GTF,MT,ANM,WE,Combined TRACON& Tower with Radar,8,27,12,10,57,0,5,26,12,43,8,32,38,22,100,30,22,52,152
06/25/2020,GTF,MT,ANM,WE,Combined TRACON& Tower with Radar,8,25,27,22,82,0,4,21,4,29,8,29,48,26,111,12,16,28,139
06/26/2020,GTF,MT,ANM,WE,Combined TRACON& Tower with Radar,10,33,11,0,54,0,0,17,0,17,10,33,28,0,71,32,0,32,103
06/27/2020,GTF,MT,ANM,WE,Combined TRACON& Tower with Radar,6,17,8,0,31,0,2,9,0,11,6,19,17,0,42,38,0,38,80
06/28/2020,GTF,MT,ANM,WE,Combined TRACON& Tower with Radar,6,9,18,0,33,0,1,8,0,9,6,10,26,0,42,4,0,4,46
06/29/2020,GTF,MT,ANM,WE,Combined TRACON& Tower with Radar,10,24,29,3,66,0,0,0,1,1,10,24,29,4,67,0,0,0,67
06/30/2020,GTF,MT,ANM,WE,Combined TRACON& Tower with Radar,9,29,4,8,50,0,1,13,10,24,9,30,17,18,74,34,8,42,116
07/01/2020,GTF,MT,ANM,WE,Combined TRACON& Tower with Radar,10,22,16,7,55,0,1,12,6,19,10,23,28,13,74,4,10,14,88
07/02/2020,GTF,MT,ANM,WE,Combined TRACON& Tower with Radar,14,21,11,0,46,0,1,10,4,15,14,22,21,4,61,20,0,20,81
07/03/2020,GTF,MT,ANM,WE,Combined TRACON& Tower with Radar,11,20,1,0,32,0,6,25,0,31,11,26,26,0,63,34,0,34,97
07/04/2020,GTF,MT,ANM,WE,Combined TRACON& Tower with Radar,7,7,2,0,16,0,1,16,0,17,7,8,18,0,33,0,0,0,33
07/05/2020,GTF,MT,ANM,WE,Combined TRACON& Tower with Radar,6,7,5,0,18,0,0,24,0,24,6,7,29,0,42,30,0,30,72
07/06/2020,GTF,MT,ANM,WE,Combined TRACON& Tower with Radar,11,22,8,6,47,0,1,22,2,25,11,23,30,8,72,30,0,30,102
07/07/2020,GTF,MT,ANM,WE,Combined TRACON& Tower with Radar,10,37,12,2,61,0,2,15,1,18,10,39,27,3,79,34,0,34,113
07/08/2020,GTF,MT,ANM,WE,Combined TRACON& Tower with Radar,7,34,7,10,58,0,1,23,12,36,7,35,30,22,94,18,0,18,112
07/09/2020,GTF,MT,ANM,WE,Combined TRACON& Tower with Radar,10,37,11,25,83,0,3,22,9,34,10,40,33,34,117,44,34,78,195
07/10/2020,GTF,MT,ANM,WE,Combined TRACON& Tower with Radar,12,29,6,1,48,0,5,13,3,21,12,34,19,4,69,22,10,32,101
07/11/2020,GTF,MT,ANM,WE,Combined TRACON& Tower with Radar,5,19,15,2,41,0,0,24,0,24,5,19,39,2,65,24,0,24,89
07/12/2020,GTF,MT,ANM,WE,Combined TRACON& Tower with Radar,9,11,9,2,31,0,0,13,0,13,9,11,22,2,44,20,0,20,64
07/13/2020,GTF,MT,ANM,WE,Combined TRACON& Tower with Radar,12,32,11,21,76,0,2,27,10,39,12,34,38,31,115,44,28,72,187
07/14/2020,GTF,MT,ANM,WE,Combined TRACON& Tower with Radar,8,38,20,16,82,0,2,34,11,47,8,40,54,27,129,62,30,92,221
07/15/2020,GTF,MT,ANM,WE,Combined TRACON& Tower with Radar,11,34,14,19,78,0,2,47,6,55,11,36,61,25,133,28,18,46,179
07/16/2020,GTF,MT,ANM,WE,Combined TRACON& Tower with Radar,13,35,14,11,73,0,0,34,3,37,13,35,48,14,110,42,0,42,152
07/17/2020,GTF,MT,ANM,WE,Combined TRACON& Tower with Radar,13,37,11,1,62,0,1,21,0,22,13,38,32,1,84,54,0,54,138
07/18/2020,GTF,MT,ANM,WE,Combined TRACON& Tower with Radar,8,19,17,1,45,0,1,30,0,31,8,20,47,1,76,32,0,32,108
07/19/2020,GTF,MT,ANM,WE,Combined TRACON& Tower with Radar,10,12,10,0,32,0,0,20,0,20,10,12,30,0,52,0,0,0,52
07/20/2020,GTF,MT,ANM,WE,Combined TRACON& Tower with Radar,12,24,7,1,44,0,1,16,3,20,12,25,23,4,64,20,0,20,84
07/21/2020,GTF,MT,ANM,WE,Combined TRACON& Tower with Radar,11,34,23,10,78,0,3,27,8,38,11,37,50,18,116,48,16,64,180
07/22/2020,GTF,MT,ANM,WE,Combined TRACON& Tower with Radar,11,29,10,7,57,0,1,25,6,32,11,30,35,13,89,42,4,46,135
07/23/2020,GTF,MT,ANM,WE,Combined TRACON& Tower with Radar,16,23,9,7,55,0,5,23,8,36,16,28,32,15,91,42,2,44,135
07/24/2020,GTF,MT,ANM,WE,Combined TRACON& Tower with Radar,13,29,7,6,55,0,1,22,10,33,13,30,29,16,88,26,0,26,114
07/25/2020,GTF,MT,ANM,WE,Combined TRACON& Tower with Radar,7,20,9,0,36,0,0,19,1,20,7,20,28,1,56,50,0,50,106
07/26/2020,GTF,MT,ANM,WE,Combined TRACON& Tower with Radar,8,11,7,0,26,0,0,12,0,12,8,11,19,0,38,32,0,32,70
07/27/2020,GTF,MT,ANM,WE,Combined TRACON& Tower with Radar,12,27,7,5,51,0,4,18,12,34,12,31,25,17,85,44,18,62,147
07/28/2020,GTF,MT,ANM,WE,Combined TRACON& Tower with Radar,12,29,11,29,81,0,1,19,8,28,12,30,30,37,109,48,14,62,171
07/29/2020,GTF,MT,ANM,WE,Combined TRACON& Tower with Radar,12,31,8,17,68,0,1,16,15,32,12,32,24,32,100,24,36,60,160
07/30/2020,GTF,MT,ANM,WE,Combined TRACON& Tower with Radar,12,37,17,1,67,0,3,22,1,26,12,40,39,2,93,50,0,50,143
07/31/2020,GTF,MT,ANM,WE,Combined TRACON& Tower with Radar,13,33,14,0,60,0,5,46,0,51,13,38,60,0,111,40,0,40,151
08/01/2020,GTF,MT,ANM,WE,Combined TRACON& Tower with Radar,8,19,10,0,37,0,0,25,0,25,8,19,35,0,62,24,0,24,86
08/02/2020,GTF,MT,ANM,WE,Combined TRACON& Tower with Radar,10,11,12,0,33,0,0,13,0,13,10,11,25,0,46,0,0,0,46
08/03/2020,GTF,MT,ANM,WE,Combined TRACON& Tower with Radar,13,25,14,6,58,0,3,14,5,22,13,28,28,11,80,22,6,28,108
08/04/2020,GTF,MT,ANM,WE,Combined TRACON& Tower with Radar,12,35,14,9,70,0,1,20,9,30,12,36,34,18,100,62,10,72,172
08/05/2020,GTF,MT,ANM,WE,Combined TRACON& Tower with Radar,9,33,10,7,59,0,2,27,10,39,9,35,37,17,98,50,14,64,162
08/06/2020,GTF,MT,ANM,WE,Combined TRACON& Tower with Radar,14,30,16,1,61,1,2,14,5,22,15,32,30,6,83,24,0,24,107
08/07/2020,GTF,MT,ANM,WE,Combined TRACON& Tower with Radar,16,25,2,2,45,0,3,12,2,17,16,28,14,4,62,20,0,20,82
08/08/2020,GTF,MT,ANM,WE,Combined TRACON& Tower with Radar,10,20,2,2,34,0,0,31,3,34,10,20,33,5,68,14,2,16,84
08/09/2020,GTF,MT,ANM,WE,Combined TRACON& Tower with Radar,12,8,13,0,33,0,0,17,0,17,12,8,30,0,50,0,0,0,50
08/10/2020,GTF,MT,ANM,WE,Combined TRACON& Tower with Radar,15,21,19,7,62,0,1,25,9,35,15,22,44,16,97,24,10,34,131
08/11/2020,GTF,MT,ANM,WE,Combined TRACON& Tower with Radar,11,32,6,5,54,0,1,16,6,23,11,33,22,11,77,34,14,48,125
08/12/2020,GTF,MT,ANM,WE,Combined TRACON& Tower with Radar,10,30,9,7,56,0,2,10,9,21,10,32,19,16,77,20,4,24,101
08/13/2020,GTF,MT,ANM,WE,Combined TRACON& Tower with Radar,12,33,6,2,53,0,1,20,4,25,12,34,26,6,78,20,0,20,98
08/14/2020,GTF,MT,ANM,WE,Combined TRACON& Tower with Radar,16,30,17,12,75,0,3,23,5,31,16,33,40,17,106,36,10,46,152
08/15/2020,GTF,MT,ANM,WE,Combined TRACON& Tower with Radar,8,16,4,6,34,0,0,23,0,23,8,16,27,6,57,32,4,36,93
08/16/2020,GTF,MT,ANM,WE,Combined TRACON& Tower with Radar,10,12,8,2,32,0,0,18,0,18,10,12,26,2,50,32,0,32,82
08/17/2020,GTF,MT,ANM,WE,Combined TRACON& Tower with Radar,12,20,13,20,65,0,3,12,8,23,12,23,25,28,88,38,22,60,148
08/18/2020,GTF,MT,ANM,WE,Combined TRACON& Tower with Radar,10,43,9,7,69,0,2,17,15,34,10,45,26,22,103,34,12,46,149
08/19/2020,GTF,MT,ANM,WE,Combined TRACON& Tower with Radar,10,34,23,5,72,0,4,21,6,31,10,38,44,11,103,24,0,24,127
08/20/2020,GTF,MT,ANM,WE,Combined TRACON& Tower with Radar,16,35,6,5,62,0,3,14,9,26,16,38,20,14,88,36,18,54,142
08/21/2020,GTF,MT,ANM,WE,Combined TRACON& Tower with Radar,13,32,9,4,58,0,1,24,1,26,13,33,33,5,84,12,0,12,96
08/22/2020,GTF,MT,ANM,WE,Combined TRACON& Tower with Radar,10,19,4,0,33,0,1,11,0,12,10,20,15,0,45,30,0,30,75
08/23/2020,GTF,MT,ANM,WE,Combined TRACON& Tower with Radar,10,14,7,0,31,0,0,14,0,14,10,14,21,0,45,42,0,42,87
08/24/2020,GTF,MT,ANM,WE,Combined TRACON& Tower with Radar,8,22,7,2,39,0,1,15,4,20,8,23,22,6,59,22,12,34,93
08/25/2020,GTF,MT,ANM,WE,Combined TRACON& Tower with Radar,8,39,6,7,60,0,2,12,6,20,8,41,18,13,80,12,8,20,100
08/26/2020,GTF,MT,ANM,WE,Combined TRACON& Tower with Radar,8,34,7,1,50,0,1,15,15,31,8,35,22,16,81,38,42,80,161
08/27/2020,GTF,MT,ANM,WE,Combined TRACON& Tower with Radar,13,31,17,1,62,0,1,17,5,23,13,32,34,6,85,36,0,36,121
08/28/2020,GTF,MT,ANM,WE,Combined TRACON& Tower with Radar,12,28,3,1,44,0,1,15,0,16,12,29,18,1,60,26,0,26,86
08/29/2020,GTF,MT,ANM,WE,Combined TRACON& Tower with Radar,8,17,8,0,33,0,0,14,0,14,8,17,22,0,47,0,0,0,47
08/30/2020,GTF,MT,ANM,WE,Combined TRACON& Tower with Radar,9,15,6,1,31,0,0,5,0,5,9,15,11,1,36,0,0,0,36
08/31/2020,GTF,MT,ANM,WE,Combined TRACON& Tower with Radar,7,31,13,8,59,0,4,16,5,25,7,35,29,13,84,40,30,70,154
09/01/2020,GTF,MT,ANM,WE,Combined TRACON& Tower with Radar,11,39,15,2,67,0,1,21,4,26,11,40,36,6,93,26,4,30,123
09/02/2020,GTF,MT,ANM,WE,Combined TRACON& Tower with Radar,11,29,9,0,49,0,2,13,1,16,11,31,22,1,65,32,0,32,97
09/03/2020,GTF,MT,ANM,WE,Combined TRACON& Tower with Radar,15,29,10,1,55,0,1,43,0,44,15,30,53,1,99,70,0,70,169
09/04/2020,GTF,MT,ANM,WE,Combined TRACON& Tower with Radar,16,26,17,0,59,0,1,32,0,33,16,27,49,0,92,26,0,26,118
09/05/2020,GTF,MT,ANM,WE,Combined TRACON& Tower with Radar,9,18,8,0,35,0,0,25,0,25,9,18,33,0,60,16,0,16,76
09/06/2020,GTF,MT,ANM,WE,Combined TRACON& Tower with Radar,12,11,15,0,38,0,0,21,0,21,12,11,36,0,59,12,0,12,71
09/07/2020,GTF,MT,ANM,WE,Combined TRACON& Tower with Radar,10,9,16,0,35,0,0,4,0,4,10,9,20,0,39,0,0,0,39
09/08/2020,GTF,MT,ANM,WE,Combined TRACON& Tower with Radar,9,27,26,24,86,0,1,41,7,49,9,28,67,31,135,48,2,50,185
09/09/2020,GTF,MT,ANM,WE,Combined TRACON& Tower with Radar,16,32,16,8,72,0,2,32,7,41,16,34,48,15,113,94,44,138,251
09/10/2020,GTF,MT,ANM,WE,Combined TRACON& Tower with Radar,16,34,11,29,90,0,2,25,15,42,16,36,36,44,132,40,24,64,196
09/11/2020,GTF,MT,ANM,WE,Combined TRACON& Tower with Radar,15,30,10,12,67,0,2,36,4,42,15,32,46,16,109,46,4,50,159
09/12/2020,GTF,MT,ANM,WE,Combined TRACON& Tower with Radar,9,24,9,0,42,0,3,23,6,32,9,27,32,6,74,22,0,22,96
09/13/2020,GTF,MT,ANM,WE,Combined TRACON& Tower with Radar,10,16,16,1,43,0,2,15,3,20,10,18,31,4,63,0,0,0,63
09/14/2020,GTF,MT,ANM,WE,Combined TRACON& Tower with Radar,12,27,28,29,96,0,1,8,3,12,12,28,36,32,108,30,38,68,176
09/15/2020,GTF,MT,ANM,WE,Combined TRACON& Tower with Radar,12,44,29,8,93,0,1,16,11,28,12,45,45,19,121,18,4,22,143
09/16/2020,GTF,MT,ANM,WE,Combined TRACON& Tower with Radar,10,44,20,17,91,0,1,30,14,45,10,45,50,31,136,58,16,74,210
09/17/2020,GTF,MT,ANM,WE,Combined TRACON& Tower with Radar,16,36,10,11,73,0,0,12,11,23,16,36,22,22,96,70,14,84,180
09/18/2020,GTF,MT,ANM,WE,Combined TRACON& Tower with Radar,12,35,4,8,59,0,0,14,1,15,12,35,18,9,74,24,6,30,104
09/19/2020,GTF,MT,ANM,WE,Combined TRACON& Tower with Radar,10,18,1,2,31,0,0,11,0,11,10,18,12,2,42,40,0,40,82
09/20/2020,GTF,MT,ANM,WE,Combined TRACON& Tower with Radar,10,12,5,2,29,0,0,5,0,5,10,12,10,2,34,16,0,16,50
09/21/2020,GTF,MT,ANM,WE,Combined TRACON& Tower with Radar,9,26,15,2,52,0,0,19,13,32,9,26,34,15,84,46,26,72,156
09/22/2020,GTF,MT,ANM,WE,Combined TRACON& Tower with Radar,13,37,15,27,92,0,0,24,11,35,13,37,39,38,127,36,12,48,175
09/23/2020,GTF,MT,ANM,WE,Combined TRACON& Tower with Radar,12,32,19,5,68,0,0,29,9,38,12,32,48,14,106,32,14,46,152
09/24/2020,GTF,MT,ANM,WE,Combined TRACON& Tower with Radar,14,33,8,6,61,0,2,7,5,14,14,35,15,11,75,6,0,6,81
09/25/2020,GTF,MT,ANM,WE,Combined TRACON& Tower with Radar,14,30,10,1,55,0,0,9,0,9,14,30,19,1,64,14,0,14,78
09/26/2020,GTF,MT,ANM,WE,Combined TRACON& Tower with Radar,9,20,7,0,36,0,0,1,0,1,9,20,8,0,37,0,0,0,37
09/27/2020,GTF,MT,ANM,WE,Combined TRACON& Tower with Radar,9,17,6,0,32,0,0,12,0,12,9,17,18,0,44,18,0,18,62
09/28/2020,GTF,MT,ANM,WE,Combined TRACON& Tower with Radar,11,26,17,5,59,0,1,20,3,24,11,27,37,8,83,32,0,32,115
09/29/2020,GTF,MT,ANM,WE,Combined TRACON& Tower with Radar,9,39,10,5,63,0,1,20,12,33,9,40,30,17,96,46,18,64,160
09/30/2020,GTF,MT,ANM,WE,Combined TRACON& Tower with Radar,10,29,20,12,71,0,0,16,10,26,10,29,36,22,97,50,26,76,173
10/01/2020,GTF,MT,ANM,WE,Combined TRACON& Tower with Radar,14,28,10,20,72,0,0,14,2,16,14,28,24,22,88,40,26,66,154
10/02/2020,GTF,MT,ANM,WE,Combined TRACON& Tower with Radar,12,29,7,8,56,0,0,17,10,27,12,29,24,18,83,46,16,62,145
10/03/2020,GTF,MT,ANM,WE,Combined TRACON& Tower with Radar,8,23,2,1,34,0,1,21,6,28,8,24,23,7,62,12,0,12,74
10/04/2020,GTF,MT,ANM,WE,Combined TRACON& Tower with Radar,11,21,7,0,39,0,1,10,0,11,11,22,17,0,50,42,0,42,92
10/05/2020,GTF,MT,ANM,WE,Combined TRACON& Tower with Radar,9,27,7,28,71,0,0,24,4,28,9,27,31,32,99,44,38,82,181
10/06/2020,GTF,MT,ANM,WE,Combined TRACON& Tower with Radar,9,28,21,15,73,0,3,25,12,40,9,31,46,27,113,32,14,46,159
10/07/2020,GTF,MT,ANM,WE,Combined TRACON& Tower with Radar,10,37,20,15,82,0,2,28,9,39,10,39,48,24,121,54,0,54,175
10/08/2020,GTF,MT,ANM,WE,Combined TRACON& Tower with Radar,12,31,14,17,74,0,0,16,7,23,12,31,30,24,97,50,16,66,163
10/09/2020,GTF,MT,ANM,WE,Combined TRACON& Tower with Radar,11,37,10,1,59,0,0,19,4,23,11,37,29,5,82,58,0,58,140
10/10/2020,GTF,MT,ANM,WE,Combined TRACON& Tower with Radar,7,19,10,0,36,0,0,12,0,12,7,19,22,0,48,12,0,12,60
10/11/2020,GTF,MT,ANM,WE,Combined TRACON& Tower with Radar,8,14,7,0,29,0,1,7,0,8,8,15,14,0,37,6,0,6,43
10/12/2020,GTF,MT,ANM,WE,Combined TRACON& Tower with Radar,8,27,8,0,43,0,1,5,0,6,8,28,13,0,49,20,0,20,69
10/13/2020,GTF,MT,ANM,WE,Combined TRACON& Tower with Radar,7,32,15,0,54,0,0,8,0,8,7,32,23,0,62,110,0,110,172
10/14/2020,GTF,MT,ANM,WE,Combined TRACON& Tower with Radar,9,29,11,6,55,0,5,8,2,15,9,34,19,8,70,16,0,16,86
10/15/2020,GTF,MT,ANM,WE,Combined TRACON& Tower with Radar,12,32,12,17,73,0,2,32,8,42,12,34,44,25,115,88,0,88,203
10/16/2020,GTF,MT,ANM,WE,Combined TRACON& Tower with Radar,11,31,9,0,51,0,1,3,0,4,11,32,12,0,55,36,0,36,91
10/17/2020,GTF,MT,ANM,WE,Combined TRACON& Tower with Radar,7,16,4,0,27,0,0,0,0,0,7,16,4,0,27,0,0,0,27
10/18/2020,GTF,MT,ANM,WE,Combined TRACON& Tower with Radar,8,15,5,0,28,0,0,0,0,0,8,15,5,0,28,0,0,0,28
10/19/2020,GTF,MT,ANM,WE,Combined TRACON& Tower with Radar,7,21,17,3,48,0,2,4,0,6,7,23,21,3,54,4,0,4,58
10/20/2020,GTF,MT,ANM,WE,Combined TRACON& Tower with Radar,8,33,11,4,56,0,1,1,0,2,8,34,12,4,58,6,0,6,64
10/21/2020,GTF,MT,ANM,WE,Combined TRACON& Tower with Radar,8,22,6,3,39,0,1,0,0,1,8,23,6,3,40,0,0,0,40
10/22/2020,GTF,MT,ANM,WE,Combined TRACON& Tower with Radar,14,20,3,6,43,0,1,0,0,1,14,21,3,6,44,0,0,0,44
10/23/2020,GTF,MT,ANM,WE,Combined TRACON& Tower with Radar,10,26,8,2,46,0,1,8,0,9,10,27,16,2,55,16,0,16,71
10/24/2020,GTF,MT,ANM,WE,Combined TRACON& Tower with Radar,6,16,1,0,23,0,0,0,0,0,6,16,1,0,23,0,0,0,23
10/25/2020,GTF,MT,ANM,WE,Combined TRACON& Tower with Radar,8,11,4,0,23,0,1,9,0,10,8,12,13,0,33,2,0,2,35
10/26/2020,GTF,MT,ANM,WE,Combined TRACON& Tower with Radar,7,18,8,2,35,0,2,16,0,18,7,20,24,2,53,30,0,30,83
10/27/2020,GTF,MT,ANM,WE,Combined TRACON& Tower with Radar,12,20,5,0,37,0,1,5,0,6,12,21,10,0,43,0,0,0,43
10/28/2020,GTF,MT,ANM,WE,Combined TRACON& Tower with Radar,8,32,15,9,64,0,0,15,13,28,8,32,30,22,92,88,48,136,228
10/29/2020,GTF,MT,ANM,WE,Combined TRACON& Tower with Radar,14,30,20,2,66,0,1,29,8,38,14,31,49,10,104,40,0,40,144
10/30/2020,GTF,MT,ANM,WE,Combined TRACON& Tower with Radar,10,33,12,4,59,0,1,9,1,11,10,34,21,5,70,26,0,26,96
10/31/2020,GTF,MT,ANM,WE,Combined TRACON& Tower with Radar,5,23,11,0,39,0,0,24,0,24,5,23,35,0,63,58,0,58,121
11/01/2020,GTF,MT,ANM,WE,Combined TRACON& Tower with Radar,8,9,6,0,23,0,0,13,0,13,8,9,19,0,36,6,0,6,42
11/02/2020,GTF,MT,ANM,WE,Combined TRACON& Tower with Radar,4,29,6,2,41,0,0,21,4,25,4,29,27,6,66,30,0,30,96
11/03/2020,GTF,MT,ANM,WE,Combined TRACON& Tower with Radar,6,29,4,10,49,0,1,20,6,27,6,30,24,16,76,80,12,92,168
11/04/2020,GTF,MT,ANM,WE,Combined TRACON& Tower with Radar,11,26,5,5,47,0,0,10,5,15,11,26,15,10,62,46,2,48,110
11/05/2020,GTF,MT,ANM,WE,Combined TRACON& Tower with Radar,12,28,12,4,56,0,0,6,5,11,12,28,18,9,67,0,10,10,77
11/06/2020,GTF,MT,ANM,WE,Combined TRACON& Tower with Radar,9,31,23,4,67,0,0,8,5,13,9,31,31,9,80,60,0,60,140
11/07/2020,GTF,MT,ANM,WE,Combined TRACON& Tower with Radar,7,14,8,0,29,0,1,0,0,1,7,15,8,0,30,10,0,10,40
11/08/2020,GTF,MT,ANM,WE,Combined TRACON& Tower with Radar,4,10,1,0,15,0,0,0,0,0,4,10,1,0,15,0,0,0,15
11/09/2020,GTF,MT,ANM,WE,Combined TRACON& Tower with Radar,8,23,9,2,42,0,1,16,2,19,8,24,25,4,61,4,0,4,65
11/10/2020,GTF,MT,ANM,WE,Combined TRACON& Tower with Radar,8,34,10,7,59,0,1,16,10,27,8,35,26,17,86,56,16,72,158
11/11/2020,GTF,MT,ANM,WE,Combined TRACON& Tower with Radar,10,25,22,0,57,0,2,9,0,11,10,27,31,0,68,72,0,72,140
11/12/2020,GTF,MT,ANM,WE,Combined TRACON& Tower with Radar,12,34,7,12,65,0,0,8,18,26,12,34,15,30,91,36,30,66,157
11/13/2020,GTF,MT,ANM,WE,Combined TRACON& Tower with Radar,9,35,8,5,57,0,0,2,2,4,9,35,10,7,61,0,0,0,61
11/14/2020,GTF,MT,ANM,WE,Combined TRACON& Tower with Radar,7,18,1,0,26,0,0,1,0,1,7,18,2,0,27,18,0,18,45
11/15/2020,GTF,MT,ANM,WE,Combined TRACON& Tower with Radar,13,6,3,0,22,0,0,3,0,3,13,6,6,0,25,0,0,0,25
11/16/2020,GTF,MT,ANM,WE,Combined TRACON& Tower with Radar,11,20,8,7,46,0,0,11,8,19,11,20,19,15,65,32,44,76,141
11/17/2020,GTF,MT,ANM,WE,Combined TRACON& Tower with Radar,11,25,3,2,41,0,0,6,6,12,11,25,9,8,53,0,18,18,71
11/18/2020,GTF,MT,ANM,WE,Combined TRACON& Tower with Radar,7,26,12,7,52,0,2,5,9,16,7,28,17,16,68,2,26,28,96
11/19/2020,GTF,MT,ANM,WE,Combined TRACON& Tower with Radar,12,28,7,0,47,0,0,4,1,5,12,28,11,1,52,0,14,14,66
11/20/2020,GTF,MT,ANM,WE,Combined TRACON& Tower with Radar,16,23,5,1,45,0,3,8,3,14,16,26,13,4,59,50,4,54,113
11/21/2020,GTF,MT,ANM,WE,Combined TRACON& Tower with Radar,14,15,4,0,33,0,1,5,0,6,14,16,9,0,39,38,0,38,77
11/22/2020,GTF,MT,ANM,WE,Combined TRACON& Tower with Radar,14,7,3,1,25,0,0,9,0,9,14,7,12,1,34,42,0,42,76
11/23/2020,GTF,MT,ANM,WE,Combined TRACON& Tower with Radar,13,20,8,5,46,0,1,8,14,23,13,21,16,19,69,32,24,56,125
11/24/2020,GTF,MT,ANM,WE,Combined TRACON& Tower with Radar,15,27,3,5,50,1,0,9,5,15,16,27,12,10,65,34,10,44,109
11/25/2020,GTF,MT,ANM,WE,Combined TRACON& Tower with Radar,17,18,5,0,40,0,0,2,0,2,17,18,7,0,42,4,4,8,50
11/26/2020,GTF,MT,ANM,WE,Combined TRACON& Tower with Radar,5,7,2,0,14,0,0,5,0,5,5,7,7,0,19,12,0,12,31
11/27/2020,GTF,MT,ANM,WE,Combined TRACON& Tower with Radar,15,24,2,0,41,0,0,2,0,2,15,24,4,0,43,8,0,8,51
11/28/2020,GTF,MT,ANM,WE,Combined TRACON& Tower with Radar,12,14,2,0,28,0,1,6,0,7,12,15,8,0,35,8,0,8,43
11/29/2020,GTF,MT,ANM,WE,Combined TRACON& Tower with Radar,17,10,12,0,39,0,0,15,0,15,17,10,27,0,54,34,0,34,88
11/30/2020,GTF,MT,ANM,WE,Combined TRACON& Tower with Radar,11,20,7,2,40,0,0,11,0,11,11,20,18,2,51,10,0,10,61
12/01/2020,GTF,MT,ANM,WE,Combined TRACON& Tower with Radar,13,30,1,2,46,0,1,6,18,25,13,31,7,20,71,56,24,80,151
12/02/2020,GTF,MT,ANM,WE,Combined TRACON& Tower with Radar,8,31,8,9,56,0,1,12,10,23,8,32,20,19,79,68,18,86,165
12/03/2020,GTF,MT,ANM,WE,Combined TRACON& Tower with Radar,11,34,10,8,63,0,1,13,8,22,11,35,23,16,85,22,28,50,135
12/04/2020,GTF,MT,ANM,WE,Combined TRACON& Tower with Radar,11,26,12,0,49,0,1,32,2,35,11,27,44,2,84,40,0,40,124
12/05/2020,GTF,MT,ANM,WE,Combined TRACON& Tower with Radar,7,24,8,4,43,0,0,23,4,27,7,24,31,8,70,64,0,64,134
12/06/2020,GTF,MT,ANM,WE,Combined TRACON& Tower with Radar,10,14,6,1,31,0,1,13,0,14,10,15,19,1,45,0,0,0,45
12/07/2020,GTF,MT,ANM,WE,Combined TRACON& Tower with Radar,7,25,5,6,43,0,0,8,5,13,7,25,13,11,56,0,10,10,66
12/08/2020,GTF,MT,ANM,WE,Combined TRACON& Tower with Radar,7,33,13,2,55,0,0,5,1,6,7,33,18,3,61,0,0,0,61
12/09/2020,GTF,MT,ANM,WE,Combined TRACON& Tower with Radar,7,38,3,3,51,0,1,5,5,11,7,39,8,8,62,18,4,22,84
12/10/2020,GTF,MT,ANM,WE,Combined TRACON& Tower with Radar,10,32,7,1,50,0,1,15,3,19,10,33,22,4,69,52,0,52,121
12/11/2020,GTF,MT,ANM,WE,Combined TRACON& Tower with Radar,13,25,2,2,42,0,0,0,0,0,13,25,2,2,42,0,0,0,42
12/12/2020,GTF,MT,ANM,WE,Combined TRACON& Tower with Radar,7,20,2,0,29,0,0,9,0,9,7,20,11,0,38,0,0,0,38
12/13/2020,GTF,MT,ANM,WE,Combined TRACON& Tower with Radar,8,15,1,0,24,0,0,0,0,0,8,15,1,0,24,12,24,36,60
12/14/2020,GTF,MT,ANM,WE,Combined TRACON& Tower with Radar,5,21,12,12,50,0,0,11,6,17,5,21,23,18,67,14,0,14,81
12/15/2020,GTF,MT,ANM,WE,Combined TRACON& Tower with Radar,7,43,13,6,69,0,7,9,3,19,7,50,22,9,88,0,0,0,88
12/16/2020,GTF,MT,ANM,WE,Combined TRACON& Tower with Radar,8,33,12,10,63,0,2,12,3,17,8,35,24,13,80,0,24,24,104
12/17/2020,GTF,MT,ANM,WE,Combined TRACON& Tower with Radar,11,31,11,9,62,0,0,11,3,14,11,31,22,12,76,0,18,18,94
12/18/2020,GTF,MT,ANM,WE,Combined TRACON& Tower with Radar,10,33,11,1,55,0,3,11,0,14,10,36,22,1,69,22,0,22,91
12/19/2020,GTF,MT,ANM,WE,Combined TRACON& Tower with Radar,11,24,6,0,41,0,0,1,0,1,11,24,7,0,42,0,0,0,42
12/20/2020,GTF,MT,ANM,WE,Combined TRACON& Tower with Radar,7,17,7,0,31,0,0,2,0,2,7,17,9,0,33,0,0,0,33
12/21/2020,GTF,MT,ANM,WE,Combined TRACON& Tower with Radar,13,18,14,3,48,0,1,6,0,7,13,19,20,3,55,10,0,10,65
12/22/2020,GTF,MT,ANM,WE,Combined TRACON& Tower with Radar,9,49,3,1,62,0,0,1,1,2,9,49,4,2,64,0,0,0,64
12/23/2020,GTF,MT,ANM,WE,Combined TRACON& Tower with Radar,15,32,10,2,59,0,0,17,8,25,15,32,27,10,84,30,12,42,126
12/24/2020,GTF,MT,ANM,WE,Combined TRACON& Tower with Radar,8,26,1,0,35,0,0,2,0,2,8,26,3,0,37,10,0,10,47
12/25/2020,GTF,MT,ANM,WE,Combined TRACON& Tower with Radar,4,8,0,0,12,0,1,8,0,9,4,9,8,0,21,14,0,14,35
12/26/2020,GTF,MT,ANM,WE,Combined TRACON& Tower with Radar,11,26,2,0,39,0,0,7,0,7,11,26,9,0,46,2,0,2,48
12/27/2020,GTF,MT,ANM,WE,Combined TRACON& Tower with Radar,10,15,2,0,27,0,0,13,0,13,10,15,15,0,40,66,0,66,106
12/28/2020,GTF,MT,ANM,WE,Combined TRACON& Tower with Radar,11,23,11,1,46,0,0,18,8,26,11,23,29,9,72,44,8,52,124
12/29/2020,GTF,MT,ANM,WE,Combined TRACON& Tower with Radar,8,32,6,4,50,0,0,25,16,41,8,32,31,20,91,98,2,100,191
12/30/2020,GTF,MT,ANM,WE,Combined TRACON& Tower with Radar,12,29,7,7,55,0,0,6,6,12,12,29,13,13,67,0,12,12,79
12/31/2020,GTF,MT,ANM,WE,Combined TRACON& Tower with Radar,8,22,5,34,69,0,0,10,0,10,8,22,15,34,79,40,42,82,161
01/01/2021,GTF,MT,ANM,WE,Combined TRACON& Tower with Radar,5,10,7,0,22,0,0,8,0,8,5,10,15,0,30,40,0,40,70
01/02/2021,GTF,MT,ANM,WE,Combined TRACON& Tower with Radar,9,18,2,0,29,0,0,0,0,0,9,18,2,0,29,0,0,0,29
01/03/2021,GTF,MT,ANM,WE,Combined TRACON& Tower with Radar,8,15,4,0,27,0,3,0,0,3,8,18,4,0,30,0,0,0,30
01/04/2021,GTF,MT,ANM,WE,Combined TRACON& Tower with Radar,8,22,5,0,35,0,2,12,0,14,8,24,17,0,49,36,0,36,85
01/05/2021,GTF,MT,ANM,WE,Combined TRACON& Tower with Radar,7,29,7,7,50,0,2,4,6,12,7,31,11,13,62,16,22,38,100
01/06/2021,GTF,MT,ANM,WE,Combined TRACON& Tower with Radar,9,32,6,14,61,0,0,4,6,10,9,32,10,20,71,0,12,12,83
01/07/2021,GTF,MT,ANM,WE,Combined TRACON& Tower with Radar,12,25,3,0,40,0,2,0,0,2,12,27,3,0,42,0,0,0,42
01/08/2021,GTF,MT,ANM,WE,Combined TRACON& Tower with Radar,14,28,11,0,53,0,0,11,2,13,14,28,22,2,66,86,0,86,152
01/09/2021,GTF,MT,ANM,WE,Combined TRACON& Tower with Radar,10,18,9,1,38,0,0,18,3,21,10,18,27,4,59,34,6,40,99
01/10/2021,GTF,MT,ANM,WE,Combined TRACON& Tower with Radar,12,17,6,0,35,0,1,8,0,9,12,18,14,0,44,28,10,38,82
01/11/2021,GTF,MT,ANM,WE,Combined TRACON& Tower with Radar,7,30,6,7,50,0,1,9,9,19,7,31,15,16,69,12,0,12,81
01/12/2021,GTF,MT,ANM,WE,Combined TRACON& Tower with Radar,8,31,8,2,49,0,0,5,2,7,8,31,13,4,56,0,0,0,56
01/13/2021,GTF,MT,ANM,WE,Combined TRACON& Tower with Radar,6,18,3,0,27,0,0,1,0,1,6,18,4,0,28,0,0,0,28
01/14/2021,GTF,MT,ANM,WE,Combined TRACON& Tower with Radar,13,37,14,2,66,0,0,28,2,30,13,37,42,4,96,54,0,54,150
01/15/2021,GTF,MT,ANM,WE,Combined TRACON& Tower with Radar,11,25,9,9,54,0,0,7,0,7,11,25,16,9,61,64,20,84,145
01/16/2021,GTF,MT,ANM,WE,Combined TRACON& Tower with Radar,6,18,9,4,37,0,0,24,0,24,6,18,33,4,61,14,0,14,75
01/17/2021,GTF,MT,ANM,WE,Combined TRACON& Tower with Radar,10,14,0,1,25,0,0,1,0,1,10,14,1,1,26,0,0,0,26
01/18/2021,GTF,MT,ANM,WE,Combined TRACON& Tower with Radar,8,23,10,2,43,0,3,6,0,9,8,26,16,2,52,42,0,42,94
01/19/2021,GTF,MT,ANM,WE,Combined TRACON& Tower with Radar,8,25,6,7,46,0,0,3,2,5,8,25,9,9,51,14,22,36,87
01/20/2021,GTF,MT,ANM,WE,Combined TRACON& Tower with Radar,8,28,8,19,63,0,0,3,12,15,8,28,11,31,78,24,18,42,120
01/21/2021,GTF,MT,ANM,WE,Combined TRACON& Tower with Radar,11,25,11,23,70,0,0,20,12,32,11,25,31,35,102,112,4,116,218
01/22/2021,GTF,MT,ANM,WE,Combined TRACON& Tower with Radar,11,31,8,13,63,0,2,11,3,16,11,33,19,16,79,50,0,50,129
01/23/2021,GTF,MT,ANM,WE,Combined TRACON& Tower with Radar,7,20,6,2,35,0,0,17,1,18,7,20,23,3,53,4,0,4,57
01/24/2021,GTF,MT,ANM,WE,Combined TRACON& Tower with Radar,11,8,4,1,24,0,0,12,0,12,11,8,16,1,36,82,0,82,118
01/25/2021,GTF,MT,ANM,WE,Combined TRACON& Tower with Radar,11,18,12,20,61,0,2,3,2,7,11,20,15,22,68,70,0,70,138
01/26/2021,GTF,MT,ANM,WE,Combined TRACON& Tower with Radar,9,27,11,7,54,0,3,7,7,17,9,30,18,14,71,102,14,116,187
01/27/2021,GTF,MT,ANM,WE,Combined TRACON& Tower with Radar,8,24,19,34,85,0,0,17,8,25,8,24,36,42,110,34,62,96,206
01/28/2021,GTF,MT,ANM,WE,Combined TRACON& Tower with Radar,13,29,17,14,73,0,1,18,6,25,13,30,35,20,98,30,0,30,128
01/29/2021,GTF,MT,ANM,WE,Combined TRACON& Tower with Radar,11,28,7,1,47,0,1,14,2,17,11,29,21,3,64,72,0,72,136
01/30/2021,GTF,MT,ANM,WE,Combined TRACON& Tower with Radar,8,20,4,0,32,0,0,13,0,13,8,20,17,0,45,70,0,70,115
01/31/2021,GTF,MT,ANM,WE,Combined TRACON& Tower with Radar,8,13,0,0,21,0,0,17,0,17,8,13,17,0,38,18,0,18,56
02/01/2021,GTF,MT,ANM,WE,Combined TRACON& Tower with Radar,8,25,19,20,72,0,0,13,2,15,8,25,32,22,87,22,0,22,109
02/02/2021,GTF,MT,ANM,WE,Combined TRACON& Tower with Radar,8,28,11,12,59,0,1,9,15,25,8,29,20,27,84,38,26,64,148
02/03/2021,GTF,MT,ANM,WE,Combined TRACON& Tower with Radar,8,29,8,20,65,0,1,0,6,7,8,30,8,26,72,30,34,64,136
02/04/2021,GTF,MT,ANM,WE,Combined TRACON& Tower with Radar,13,27,4,5,49,0,0,8,9,17,13,27,12,14,66,52,6,58,124
02/05/2021,GTF,MT,ANM,WE,Combined TRACON& Tower with Radar,9,30,5,0,44,0,0,0,0,0,9,30,5,0,44,0,0,0,44
02/06/2021,GTF,MT,ANM,WE,Combined TRACON& Tower with Radar,6,16,0,0,22,0,0,0,0,0,6,16,0,0,22,0,0,0,22
02/07/2021,GTF,MT,ANM,WE,Combined TRACON& Tower with Radar,7,15,2,1,25,0,0,0,0,0,7,15,2,1,25,0,0,0,25
02/08/2021,GTF,MT,ANM,WE,Combined TRACON& Tower with Radar,9,25,6,5,45,0,0,0,1,1,9,25,6,6,46,0,0,0,46
02/09/2021,GTF,MT,ANM,WE,Combined TRACON& Tower with Radar,8,27,9,1,45,0,0,6,0,6,8,27,15,1,51,0,0,0,51
02/10/2021,GTF,MT,ANM,WE,Combined TRACON& Tower with Radar,7,26,9,2,44,0,0,1,2,3,7,26,10,4,47,0,0,0,47
02/11/2021,GTF,MT,ANM,WE,Combined TRACON& Tower with Radar,11,33,9,14,67,0,1,3,5,9,11,34,12,19,76,4,0,4,80
02/12/2021,GTF,MT,ANM,WE,Combined TRACON& Tower with Radar,9,26,8,3,46,0,0,1,0,1,9,26,9,3,47,0,0,0,47
02/13/2021,GTF,MT,ANM,WE,Combined TRACON& Tower with Radar,5,25,0,0,30,0,0,1,0,1,5,25,1,0,31,0,0,0,31
02/14/2021,GTF,MT,ANM,WE,Combined TRACON& Tower with Radar,9,8,2,0,19,0,0,2,0,2,9,8,4,0,21,38,0,38,59
02/15/2021,GTF,MT,ANM,WE,Combined TRACON& Tower with Radar,7,28,8,0,43,0,0,4,0,4,7,28,12,0,47,28,0,28,75
02/16/2021,GTF,MT,ANM,WE,Combined TRACON& Tower with Radar,6,28,10,10,54,0,1,6,10,17,6,29,16,20,71,102,6,108,179
02/17/2021,GTF,MT,ANM,WE,Combined TRACON& Tower with Radar,6,29,4,14,53,0,2,0,5,7,6,31,4,19,60,0,12,12,72
02/18/2021,GTF,MT,ANM,WE,Combined TRACON& Tower with Radar,10,30,12,2,54,0,0,15,10,25,10,30,27,12,79,38,12,50,129
02/19/2021,GTF,MT,ANM,WE,Combined TRACON& Tower with Radar,10,29,3,1,43,0,0,5,3,8,10,29,8,4,51,8,0,8,59
02/20/2021,GTF,MT,ANM,WE,Combined TRACON& Tower with Radar,8,16,3,0,27,0,0,6,0,6,8,16,9,0,33,38,0,38,71
02/21/2021,GTF,MT,ANM,WE,Combined TRACON& Tower with Radar,10,21,6,1,38,0,2,0,0,2,10,23,6,1,40,0,0,0,40
02/22/2021,GTF,MT,ANM,WE,Combined TRACON& Tower with Radar,10,22,7,3,42,0,3,1,3,7,10,25,8,6,49,0,0,0,49
02/23/2021,GTF,MT,ANM,WE,Combined TRACON& Tower with Radar,9,28,5,2,44,0,0,4,5,9,9,28,9,7,53,26,0,26,79
02/24/2021,GTF,MT,ANM,WE,Combined TRACON& Tower with Radar,9,29,13,13,64,0,0,10,17,27,9,29,23,30,91,64,42,106,197
02/25/2021,GTF,MT,ANM,WE,Combined TRACON& Tower with Radar,14,29,4,4,51,0,0,0,0,0,14,29,4,4,51,0,0,0,51
02/26/2021,GTF,MT,ANM,WE,Combined TRACON& Tower with Radar,12,29,2,2,45,0,1,4,8,13,12,30,6,10,58,34,0,34,92
02/27/2021,GTF,MT,ANM,WE,Combined TRACON& Tower with Radar,8,25,2,0,35,0,1,2,0,3,8,26,4,0,38,24,0,24,62
02/28/2021,GTF,MT,ANM,WE,Combined TRACON& Tower with Radar,10,14,3,0,27,0,0,7,0,7,10,14,10,0,34,4,0,4,38
03/01/2021,GTF,MT,ANM,WE,Combined TRACON& Tower with Radar,12,20,16,12,60,0,3,15,3,21,12,23,31,15,81,4,0,4,85
03/02/2021,GTF,MT,ANM,WE,Combined TRACON& Tower with Radar,10,33,6,6,55,0,2,7,6,15,10,35,13,12,70,0,12,12,82
03/03/2021,GTF,MT,ANM,WE,Combined TRACON& Tower with Radar,9,30,13,9,61,0,1,41,13,55,9,31,54,22,116,40,6,46,162
03/04/2021,GTF,MT,ANM,WE,Combined TRACON& Tower with Radar,15,27,14,11,67,0,0,31,11,42,15,27,45,22,109,62,40,102,211
03/05/2021,GTF,MT,ANM,WE,Combined TRACON& Tower with Radar,13,38,15,1,67,0,0,24,2,26,13,38,39,3,93,48,0,48,141
03/06/2021,GTF,MT,ANM,WE,Combined TRACON& Tower with Radar,9,16,9,2,36,0,0,11,2,13,9,16,20,4,49,12,2,14,63
03/07/2021,GTF,MT,ANM,WE,Combined TRACON& Tower with Radar,12,12,3,0,27,0,0,14,1,15,12,12,17,1,42,20,0,20,62
03/08/2021,GTF,MT,ANM,WE,Combined TRACON& Tower with Radar,10,23,18,21,72,0,1,4,2,7,10,24,22,23,79,22,0,22,101
03/09/2021,GTF,MT,ANM,WE,Combined TRACON& Tower with Radar,12,27,19,4,62,0,0,12,16,28,12,27,31,20,90,68,32,100,190
03/10/2021,GTF,MT,ANM,WE,Combined TRACON& Tower with Radar,10,37,9,22,78,0,4,22,12,38,10,41,31,34,116,106,12,118,234
03/11/2021,GTF,MT,ANM,WE,Combined TRACON& Tower with Radar,14,26,9,1,50,0,4,15,3,22,14,30,24,4,72,104,0,104,176
03/12/2021,GTF,MT,ANM,WE,Combined TRACON& Tower with Radar,12,31,10,8,61,0,0,20,4,24,12,31,30,12,85,60,10,70,155
03/13/2021,GTF,MT,ANM,WE,Combined TRACON& Tower with Radar,10,17,8,0,35,0,1,32,1,34,10,18,40,1,69,100,0,100,169
03/14/2021,GTF,MT,ANM,WE,Combined TRACON& Tower with Radar,9,11,5,1,26,0,0,20,0,20,9,11,25,1,46,34,0,34,80
03/15/2021,GTF,MT,ANM,WE,Combined TRACON& Tower with Radar,11,24,14,7,56,0,3,7,12,22,11,27,21,19,78,58,2,60,138
03/16/2021,GTF,MT,ANM,WE,Combined TRACON& Tower with Radar,12,27,8,8,55,0,1,10,20,31,12,28,18,28,86,124,16,140,226
03/17/2021,GTF,MT,ANM,WE,Combined TRACON& Tower with Radar,11,28,7,3,49,0,0,15,6,21,11,28,22,9,70,2,0,2,72
03/18/2021,GTF,MT,ANM,WE,Combined TRACON& Tower with Radar,14,29,14,18,75,0,0,16,10,26,14,29,30,28,101,10,22,32,133
03/19/2021,GTF,MT,ANM,WE,Combined TRACON& Tower with Radar,14,30,13,4,61,0,1,7,4,12,14,31,20,8,73,0,0,0,73
03/20/2021,GTF,MT,ANM,WE,Combined TRACON& Tower with Radar,11,16,7,0,34,0,0,7,1,8,11,16,14,1,42,20,0,20,62
03/21/2021,GTF,MT,ANM,WE,Combined TRACON& Tower with Radar,16,12,4,0,32,0,0,10,0,10,16,12,14,0,42,8,0,8,50
03/22/2021,GTF,MT,ANM,WE,Combined TRACON& Tower with Radar,9,24,8,9,50,0,1,2,6,9,9,25,10,15,59,38,24,62,121
03/23/2021,GTF,MT,ANM,WE,Combined TRACON& Tower with Radar,12,26,2,6,46,0,1,0,10,11,12,27,2,16,57,4,8,12,69
03/24/2021,GTF,MT,ANM,WE,Combined TRACON& Tower with Radar,10,44,7,7,68,0,0,10,7,17,10,44,17,14,85,26,4,30,115
03/25/2021,GTF,MT,ANM,WE,Combined TRACON& Tower with Radar,14,28,10,8,60,0,1,0,2,3,14,29,10,10,63,0,0,0,63
03/26/2021,GTF,MT,ANM,WE,Combined TRACON& Tower with Radar,13,26,9,2,50,0,0,13,6,19,13,26,22,8,69,24,0,24,93
03/27/2021,GTF,MT,ANM,WE,Combined TRACON& Tower with Radar,12,20,4,1,37,0,0,5,0,5,12,20,9,1,42,0,0,0,42
03/28/2021,GTF,MT,ANM,WE,Combined TRACON& Tower with Radar,10,13,3,0,26,0,1,3,0,4,10,14,6,0,30,0,0,0,30
03/29/2021,GTF,MT,ANM,WE,Combined TRACON& Tower with Radar,11,20,5,1,37,0,0,0,0,0,11,20,5,1,37,0,0,0,37
03/30/2021,GTF,MT,ANM,WE,Combined TRACON& Tower with Radar,14,27,13,6,60,0,0,10,7,17,14,27,23,13,77,58,0,58,135
03/31/2021,GTF,MT,ANM,WE,Combined TRACON& Tower with Radar,12,28,5,22,67,0,0,21,17,38,12,28,26,39,105,46,54,100,205
04/01/2021,GTF,MT,ANM,WE,Combined TRACON& Tower with Radar,14,30,6,2,52,0,2,15,5,22,14,32,21,7,74,30,0,30,104
04/02/2021,GTF,MT,ANM,WE,Combined TRACON& Tower with Radar,12,30,9,0,51,0,3,15,2,20,12,33,24,2,71,38,0,38,109
04/03/2021,GTF,MT,ANM,WE,Combined TRACON& Tower with Radar,8,20,5,0,33,0,0,14,0,14,8,20,19,0,47,14,0,14,61
04/04/2021,GTF,MT,ANM,WE,Combined TRACON& Tower with Radar,11,14,1,0,26,0,0,6,0,6,11,14,7,0,32,4,0,4,36
04/05/2021,GTF,MT,ANM,WE,Combined TRACON& Tower with Radar,12,26,11,7,56,0,2,0,6,8,12,28,11,13,64,0,24,24,88
04/06/2021,GTF,MT,ANM,WE,Combined TRACON& Tower with Radar,15,33,13,9,70,0,0,17,17,34,15,33,30,26,104,46,26,72,176
04/07/2021,GTF,MT,ANM,WE,Combined TRACON& Tower with Radar,12,31,8,5,56,0,0,14,18,32,12,31,22,23,88,24,42,66,154
04/08/2021,GTF,MT,ANM,WE,Combined TRACON& Tower with Radar,14,37,7,1,59,0,3,3,3,9,14,40,10,4,68,12,0,12,80
04/09/2021,GTF,MT,ANM,WE,Combined TRACON& Tower with Radar,12,35,13,3,63,0,2,13,4,19,12,37,26,7,82,12,0,12,94
04/10/2021,GTF,MT,ANM,WE,Combined TRACON& Tower with Radar,8,21,0,0,29,0,3,1,0,4,8,24,1,0,33,0,0,0,33
04/11/2021,GTF,MT,ANM,WE,Combined TRACON& Tower with Radar,10,12,6,2,30,0,1,7,0,8,10,13,13,2,38,0,0,0,38
04/12/2021,GTF,MT,ANM,WE,Combined TRACON& Tower with Radar,10,25,19,4,58,0,1,19,8,28,10,26,38,12,86,58,24,82,168
04/13/2021,GTF,MT,ANM,WE,Combined TRACON& Tower with Radar,12,35,14,21,82,0,1,9,11,21,12,36,23,32,103,60,46,106,209
04/14/2021,GTF,MT,ANM,WE,Combined TRACON& Tower with Radar,12,37,16,19,84,0,0,1,1,2,12,37,17,20,86,0,10,10,96
04/15/2021,GTF,MT,ANM,WE,Combined TRACON& Tower with Radar,16,30,15,0,61,0,1,6,0,7,16,31,21,0,68,20,0,20,88
04/16/2021,GTF,MT,ANM,WE,Combined TRACON& Tower with Radar,12,29,11,2,54,0,0,26,3,29,12,29,37,5,83,28,0,28,111
04/17/2021,GTF,MT,ANM,WE,Combined TRACON& Tower with Radar,8,22,10,0,40,0,0,33,2,35,8,22,43,2,75,12,0,12,87
04/18/2021,GTF,MT,ANM,WE,Combined TRACON& Tower with Radar,10,11,6,1,28,0,1,8,0,9,10,12,14,1,37,24,0,24,61
04/19/2021,GTF,MT,ANM,WE,Combined TRACON& Tower with Radar,10,21,13,1,45,0,2,12,2,16,10,23,25,3,61,0,0,0,61
04/20/2021,GTF,MT,ANM,WE,Combined TRACON& Tower with Radar,12,39,12,8,71,0,0,20,14,34,12,39,32,22,105,56,6,62,167
04/21/2021,GTF,MT,ANM,WE,Combined TRACON& Tower with Radar,12,33,17,9,71,0,0,43,13,56,12,33,60,22,127,42,0,42,169
04/22/2021,GTF,MT,ANM,WE,Combined TRACON& Tower with Radar,14,28,10,1,53,0,1,3,3,7,14,29,13,4,60,4,0,4,64
04/23/2021,GTF,MT,ANM,WE,Combined TRACON& Tower with Radar,14,23,3,2,42,0,1,7,1,9,14,24,10,3,51,14,0,14,65
04/24/2021,GTF,MT,ANM,WE,Combined TRACON& Tower with Radar,10,19,5,4,38,0,0,0,0,0,10,19,5,4,38,4,0,4,42
04/25/2021,GTF,MT,ANM,WE,Combined TRACON& Tower with Radar,12,15,3,0,30,0,0,2,0,2,12,15,5,0,32,0,0,0,32
04/26/2021,GTF,MT,ANM,WE,Combined TRACON& Tower with Radar,10,25,10,12,57,0,0,13,8,21,10,25,23,20,78,58,8,66,144
04/27/2021,GTF,MT,ANM,WE,Combined TRACON& Tower with Radar,12,38,9,5,64,0,0,29,14,43,12,38,38,19,107,56,4,60,167
04/28/2021,GTF,MT,ANM,WE,Combined TRACON& Tower with Radar,14,30,15,5,64,0,0,15,7,22,14,30,30,12,86,18,0,18,104
04/29/2021,GTF,MT,ANM,WE,Combined TRACON& Tower with Radar,14,27,14,5,60,0,2,20,8,30,14,29,34,13,90,16,12,28,118
04/30/2021,GTF,MT,ANM,WE,Combined TRACON& Tower with Radar,12,34,6,1,53,0,3,7,1,11,12,37,13,2,64,0,0,0,64
05/01/2021,GTF,MT,ANM,WE,Combined TRACON& Tower with Radar,8,22,10,0,40,0,0,10,5,15,8,22,20,5,55,32,0,32,87
05/02/2021,GTF,MT,ANM,WE,Combined TRACON& Tower with Radar,10,9,2,1,22,0,0,4,0,4,10,9,6,1,26,2,0,2,28
05/03/2021,GTF,MT,ANM,WE,Combined TRACON& Tower with Radar,10,30,16,16,72,0,0,30,9,39,10,30,46,25,111,46,22,68,179
05/04/2021,GTF,MT,ANM,WE,Combined TRACON& Tower with Radar,13,37,15,6,71,0,8,11,7,26,13,45,26,13,97,64,2,66,163
05/05/2021,GTF,MT,ANM,WE,Combined TRACON& Tower with Radar,12,38,11,28,89,0,2,17,7,26,12,40,28,35,115,94,12,106,221
05/06/2021,GTF,MT,ANM,WE,Combined TRACON& Tower with Radar,12,31,13,4,60,0,4,51,5,60,12,35,64,9,120,54,0,54,174
05/07/2021,GTF,MT,ANM,WE,Combined TRACON& Tower with Radar,12,34,5,1,52,0,0,3,0,3,12,34,8,1,55,2,0,2,57
05/08/2021,GTF,MT,ANM,WE,Combined TRACON& Tower with Radar,8,20,2,0,30,0,0,0,0,0,8,20,2,0,30,16,0,16,46
05/09/2021,GTF,MT,ANM,WE,Combined TRACON& Tower with Radar,10,12,0,0,22,0,0,2,0,2,10,12,2,0,24,4,0,4,28
05/10/2021,GTF,MT,ANM,WE,Combined TRACON& Tower with Radar,10,27,7,6,50,0,1,28,3,32,10,28,35,9,82,82,2,84,166
05/11/2021,GTF,MT,ANM,WE,Combined TRACON& Tower with Radar,12,30,12,18,72,0,0,21,10,31,12,30,33,28,103,72,0,72,175
05/12/2021,GTF,MT,ANM,WE,Combined TRACON& Tower with Radar,14,27,20,22,83,0,2,34,16,52,14,29,54,38,135,66,48,114,249
05/13/2021,GTF,MT,ANM,WE,Combined TRACON& Tower with Radar,14,27,9,9,59,0,1,25,10,36,14,28,34,19,95,46,6,52,147
05/14/2021,GTF,MT,ANM,WE,Combined TRACON& Tower with Radar,12,27,16,2,57,0,1,39,3,43,12,28,55,5,100,68,0,68,168
05/15/2021,GTF,MT,ANM,WE,Combined TRACON& Tower with Radar,7,20,12,0,39,0,2,35,0,37,7,22,47,0,76,72,0,72,148
05/16/2021,GTF,MT,ANM,WE,Combined TRACON& Tower with Radar,11,14,7,0,32,0,0,33,1,34,11,14,40,1,66,22,0,22,88
05/17/2021,GTF,MT,ANM,WE,Combined TRACON& Tower with Radar,10,26,22,5,63,0,0,43,7,50,10,26,65,12,113,40,20,60,173
05/18/2021,GTF,MT,ANM,WE,Combined TRACON& Tower with Radar,12,36,9,4,61,0,0,26,7,33,12,36,35,11,94,6,0,6,100
05/19/2021,GTF,MT,ANM,WE,Combined TRACON& Tower with Radar,12,31,14,15,72,0,3,10,5,18,12,34,24,20,90,12,0,12,102
05/20/2021,GTF,MT,ANM,WE,Combined TRACON& Tower with Radar,14,31,9,5,59,0,0,0,0,0,14,31,9,5,59,0,0,0,59
05/21/2021,GTF,MT,ANM,WE,Combined TRACON& Tower with Radar,12,30,3,3,48,0,0,0,0,0,12,30,3,3,48,0,0,0,48
05/22/2021,GTF,MT,ANM,WE,Combined TRACON& Tower with Radar,8,19,10,2,39,0,1,6,2,9,8,20,16,4,48,26,0,26,74
05/23/2021,GTF,MT,ANM,WE,Combined TRACON& Tower with Radar,10,19,2,1,32,0,0,4,0,4,10,19,6,1,36,4,0,4,40
05/24/2021,GTF,MT,ANM,WE,Combined TRACON& Tower with Radar,12,25,19,5,61,0,0,6,5,11,12,25,25,10,72,0,6,6,78
05/25/2021,GTF,MT,ANM,WE,Combined TRACON& Tower with Radar,12,32,14,6,64,0,2,18,6,26,12,34,32,12,90,40,0,40,130
05/26/2021,GTF,MT,ANM,WE,Combined TRACON& Tower with Radar,12,28,18,6,64,0,1,3,4,8,12,29,21,10,72,30,0,30,102
05/27/2021,GTF,MT,ANM,WE,Combined TRACON& Tower with Radar,12,28,17,9,66,0,4,43,8,55,12,32,60,17,121,64,22,86,207
05/28/2021,GTF,MT,ANM,WE,Combined TRACON& Tower with Radar,14,35,9,2,60,0,0,10,0,10,14,35,19,2,70,0,0,0,70
05/29/2021,GTF,MT,ANM,WE,Combined TRACON& Tower with Radar,10,23,16,0,49,0,2,26,0,28,10,25,42,0,77,0,0,0,77
05/30/2021,GTF,MT,ANM,WE,Combined TRACON& Tower with Radar,10,9,10,0,29,0,0,33,0,33,10,9,43,0,62,6,0,6,68
05/31/2021,GTF,MT,ANM,WE,Combined TRACON& Tower with Radar,10,16,5,0,31,0,0,34,0,34,10,16,39,0,65,4,0,4,69
06/01/2021,GTF,MT,ANM,WE,Combined TRACON& Tower with Radar,8,25,15,7,55,0,0,37,19,56,8,25,52,26,111,34,16,50,161
06/02/2021,GTF,MT,ANM,WE,Combined TRACON& Tower with Radar,12,35,15,24,86,0,2,41,21,64,12,37,56,45,150,54,32,86,236
06/03/2021,GTF,MT,ANM,WE,Combined TRACON& Tower with Radar,13,38,14,12,77,0,3,30,10,43,13,41,44,22,120,86,36,122,242
06/04/2021,GTF,MT,ANM,WE,Combined TRACON& Tower with Radar,15,28,9,0,52,0,2,21,5,28,15,30,30,5,80,8,0,8,88
06/05/2021,GTF,MT,ANM,WE,Combined TRACON& Tower with Radar,10,28,6,0,44,0,0,10,6,16,10,28,16,6,60,10,0,10,70
06/06/2021,GTF,MT,ANM,WE,Combined TRACON& Tower with Radar,10,22,3,0,35,0,0,10,0,10,10,22,13,0,45,0,0,0,45
06/07/2021,GTF,MT,ANM,WE,Combined TRACON& Tower with Radar,14,28,12,3,57,0,5,21,11,37,14,33,33,14,94,46,2,48,142
06/08/2021,GTF,MT,ANM,WE,Combined TRACON& Tower with Radar,12,43,23,3,81,0,2,14,9,25,12,45,37,12,106,48,18,66,172
06/09/2021,GTF,MT,ANM,WE,Combined TRACON& Tower with Radar,14,38,15,8,75,0,0,9,19,28,14,38,24,27,103,64,24,88,191
06/10/2021,GTF,MT,ANM,WE,Combined TRACON& Tower with Radar,12,36,14,2,64,0,1,6,7,14,12,37,20,9,78,2,0,2,80
06/11/2021,GTF,MT,ANM,WE,Combined TRACON& Tower with Radar,16,28,20,3,67,0,0,22,7,29,16,28,42,10,96,46,4,50,146
06/12/2021,GTF,MT,ANM,WE,Combined TRACON& Tower with Radar,10,25,10,1,46,0,0,28,0,28,10,25,38,1,74,2,0,2,76
06/13/2021,GTF,MT,ANM,WE,Combined TRACON& Tower with Radar,13,22,6,0,41,0,2,39,0,41,13,24,45,0,82,18,0,18,100
06/14/2021,GTF,MT,ANM,WE,Combined TRACON& Tower with Radar,13,27,14,9,63,0,1,28,8,37,13,28,42,17,100,38,16,54,154
06/15/2021,GTF,MT,ANM,WE,Combined TRACON& Tower with Radar,15,30,10,9,64,0,0,17,14,31,15,30,27,23,95,18,0,18,113
06/16/2021,GTF,MT,ANM,WE,Combined TRACON& Tower with Radar,14,34,7,7,62,0,2,39,11,52,14,36,46,18,114,36,36,72,186
06/17/2021,GTF,MT,ANM,WE,Combined TRACON& Tower with Radar,14,38,18,11,81,0,0,36,6,42,14,38,54,17,123,14,2,16,139
06/18/2021,GTF,MT,ANM,WE,Combined TRACON& Tower with Radar,16,35,12,1,64,0,5,36,5,46,16,40,48,6,110,46,0,46,156
06/19/2021,GTF,MT,ANM,WE,Combined TRACON& Tower with Radar,10,31,6,0,47,0,0,22,0,22,10,31,28,0,69,0,0,0,69
06/20/2021,GTF,MT,ANM,WE,Combined TRACON& Tower with Radar,10,18,14,0,42,0,2,7,0,9,10,20,21,0,51,24,0,24,75
06/21/2021,GTF,MT,ANM,WE,Combined TRACON& Tower with Radar,13,27,5,9,54,0,1,18,2,21,13,28,23,11,75,36,10,46,121
06/22/2021,GTF,MT,ANM,WE,Combined TRACON& Tower with Radar,15,29,9,13,66,0,1,27,9,37,15,30,36,22,103,50,8,58,161
06/23/2021,GTF,MT,ANM,WE,Combined TRACON& Tower with Radar,16,33,15,15,79,0,1,23,10,34,16,34,38,25,113,28,16,44,157
06/24/2021,GTF,MT,ANM,WE,Combined TRACON& Tower with Radar,14,33,14,4,65,0,1,19,7,27,14,34,33,11,92,28,0,28,120
06/25/2021,GTF,MT,ANM,WE,Combined TRACON& Tower with Radar,14,32,12,2,60,0,1,36,4,41,14,33,48,6,101,20,0,20,121
06/26/2021,GTF,MT,ANM,WE,Combined TRACON& Tower with Radar,9,22,10,0,41,0,0,35,3,38,9,22,45,3,79,20,0,20,99
06/27/2021,GTF,MT,ANM,WE,Combined TRACON& Tower with Radar,11,19,11,0,41,0,2,24,0,26,11,21,35,0,67,8,0,8,75
06/28/2021,GTF,MT,ANM,WE,Combined TRACON& Tower with Radar,11,29,16,37,93,0,0,23,9,32,11,29,39,46,125,72,46,118,243
06/29/2021,GTF,MT,ANM,WE,Combined TRACON& Tower with Radar,15,30,12,7,64,0,1,22,16,39,15,31,34,23,103,32,42,74,177
06/30/2021,GTF,MT,ANM,WE,Combined TRACON& Tower with Radar,14,34,19,6,73,0,1,20,13,34,14,35,39,19,107,56,14,70,177
07/01/2021,GTF,MT,ANM,WE,Combined TRACON& Tower with Radar,17,26,35,2,80,0,1,22,6,29,17,27,57,8,109,36,0,36,145
07/02/2021,GTF,MT,ANM,WE,Combined TRACON& Tower with Radar,19,28,9,0,56,0,1,12,2,15,19,29,21,2,71,6,0,6,77
07/03/2021,GTF,MT,ANM,WE,Combined TRACON& Tower with Radar,10,23,11,0,44,0,1,16,0,17,10,24,27,0,61,0,0,0,61
07/04/2021,GTF,MT,ANM,WE,Combined TRACON& Tower with Radar,11,17,3,0,31,0,2,26,2,30,11,19,29,2,61,24,0,24,85
07/05/2021,GTF,MT,ANM,WE,Combined TRACON& Tower with Radar,12,16,9,0,37,0,2,16,0,18,12,18,25,0,55,48,0,48,103
07/06/2021,GTF,MT,ANM,WE,Combined TRACON& Tower with Radar,14,26,22,9,71,0,5,20,9,34,14,31,42,18,105,6,10,16,121
07/07/2021,GTF,MT,ANM,WE,Combined TRACON& Tower with Radar,19,30,24,11,84,0,2,18,13,33,19,32,42,24,117,28,12,40,157
07/08/2021,GTF,MT,ANM,WE,Combined TRACON& Tower with Radar,16,34,16,4,70,0,0,31,9,40,16,34,47,13,110,18,0,18,128
07/09/2021,GTF,MT,ANM,WE,Combined TRACON& Tower with Radar,16,33,5,3,57,0,2,19,7,28,16,35,24,10,85,10,2,12,97
07/10/2021,GTF,MT,ANM,WE,Combined TRACON& Tower with Radar,10,33,17,6,66,0,3,27,3,33,10,36,44,9,99,36,0,36,135
07/11/2021,GTF,MT,ANM,WE,Combined TRACON& Tower with Radar,11,17,14,0,42,0,0,25,2,27,11,17,39,2,69,6,0,6,75
07/12/2021,GTF,MT,ANM,WE,Combined TRACON& Tower with Radar,14,27,25,2,68,0,1,19,6,26,14,28,44,8,94,42,0,42,136
07/13/2021,GTF,MT,ANM,WE,Combined TRACON& Tower with Radar,17,40,18,24,99,0,2,11,10,23,17,42,29,34,122,6,56,62,184
07/14/2021,GTF,MT,ANM,WE,Combined TRACON& Tower with Radar,18,37,11,9,75,0,2,35,5,42,18,39,46,14,117,44,0,44,161
07/15/2021,GTF,MT,ANM,WE,Combined TRACON& Tower with Radar,16,31,9,3,59,0,0,29,5,34,16,31,38,8,93,42,0,42,135
07/16/2021,GTF,MT,ANM,WE,Combined TRACON& Tower with Radar,16,43,11,2,72,0,0,10,2,12,16,43,21,4,84,0,0,0,84
07/17/2021,GTF,MT,ANM,WE,Combined TRACON& Tower with Radar,10,27,10,0,47,0,0,14,0,14,10,27,24,0,61,0,0,0,61
07/18/2021,GTF,MT,ANM,WE,Combined TRACON& Tower with Radar,11,12,10,0,33,0,0,19,0,19,11,12,29,0,52,0,0,0,52
07/19/2021,GTF,MT,ANM,WE,Combined TRACON& Tower with Radar,12,31,21,6,70,0,1,21,9,31,12,32,42,15,101,56,4,60,161
07/20/2021,GTF,MT,ANM,WE,Combined TRACON& Tower with Radar,24,38,13,26,101,0,2,12,14,28,24,40,25,40,129,64,50,114,243
07/21/2021,GTF,MT,ANM,WE,Combined TRACON& Tower with Radar,16,34,11,4,65,0,1,26,4,31,16,35,37,8,96,32,6,38,134
07/22/2021,GTF,MT,ANM,WE,Combined TRACON& Tower with Radar,19,42,27,22,110,0,2,39,14,55,19,44,66,36,165,56,24,80,245
07/23/2021,GTF,MT,ANM,WE,Combined TRACON& Tower with Radar,17,36,17,0,70,0,3,28,4,35,17,39,45,4,105,32,0,32,137
07/24/2021,GTF,MT,ANM,WE,Combined TRACON& Tower with Radar,12,25,7,0,44,0,0,21,2,23,12,25,28,2,67,44,0,44,111
07/25/2021,GTF,MT,ANM,WE,Combined TRACON& Tower with Radar,11,17,11,0,39,0,6,27,0,33,11,23,38,0,72,44,0,44,116
07/26/2021,GTF,MT,ANM,WE,Combined TRACON& Tower with Radar,14,32,21,11,78,0,1,26,13,40,14,33,47,24,118,14,6,20,138
07/27/2021,GTF,MT,ANM,WE,Combined TRACON& Tower with Radar,20,29,20,7,76,1,6,15,10,32,21,35,35,17,108,12,0,12,120
07/28/2021,GTF,MT,ANM,WE,Combined TRACON& Tower with Radar,18,33,28,14,93,0,0,15,9,24,18,33,43,23,117,16,30,46,163
07/29/2021,GTF,MT,ANM,WE,Combined TRACON& Tower with Radar,15,34,16,7,72,0,3,16,8,27,15,37,32,15,99,16,8,24,123
07/30/2021,GTF,MT,ANM,WE,Combined TRACON& Tower with Radar,17,30,24,2,73,2,0,34,2,38,19,30,58,4,111,30,0,30,141
07/31/2021,GTF,MT,ANM,WE,Combined TRACON& Tower with Radar,10,29,16,0,55,0,0,17,0,17,10,29,33,0,72,6,0,6,78
08/01/2021,GTF,MT,ANM,WE,Combined TRACON& Tower with Radar,10,19,19,1,49,1,1,11,2,15,11,20,30,3,64,0,0,0,64
08/02/2021,GTF,MT,ANM,WE,Combined TRACON& Tower with Radar,14,27,17,8,66,0,3,10,4,17,14,30,27,12,83,14,2,16,99
08/03/2021,GTF,MT,ANM,WE,Combined TRACON& Tower with Radar,14,34,18,3,69,0,2,13,3,18,14,36,31,6,87,16,0,16,103
08/04/2021,GTF,MT,ANM,WE,Combined TRACON& Tower with Radar,14,41,22,4,81,0,4,13,7,24,14,45,35,11,105,26,0,26,131
08/05/2021,GTF,MT,ANM,WE,Combined TRACON& Tower with Radar,12,34,18,2,66,0,3,28,5,36,12,37,46,7,102,46,0,46,148
08/06/2021,GTF,MT,ANM,WE,Combined TRACON& Tower with Radar,21,32,17,1,71,0,4,27,1,32,21,36,44,2,103,44,0,44,147
08/07/2021,GTF,MT,ANM,WE,Combined TRACON& Tower with Radar,11,27,10,0,48,0,3,17,6,26,11,30,27,6,74,14,0,14,88
08/08/2021,GTF,MT,ANM,WE,Combined TRACON& Tower with Radar,11,25,12,0,48,0,2,2,1,5,11,27,14,1,53,10,0,10,63
08/09/2021,GTF,MT,ANM,WE,Combined TRACON& Tower with Radar,12,25,14,6,57,0,1,15,10,26,12,26,29,16,83,18,8,26,109
08/10/2021,GTF,MT,ANM,WE,Combined TRACON& Tower with Radar,15,37,22,4,78,0,0,19,13,32,15,37,41,17,110,16,6,22,132
08/11/2021,GTF,MT,ANM,WE,Combined TRACON& Tower with Radar,14,41,13,18,86,1,0,27,8,36,15,41,40,26,122,6,28,34,156
08/12/2021,GTF,MT,ANM,WE,Combined TRACON& Tower with Radar,13,36,27,11,87,0,0,32,6,38,13,36,59,17,125,58,22,80,205
08/13/2021,GTF,MT,ANM,WE,Combined TRACON& Tower with Radar,17,39,12,1,69,0,0,27,6,33,17,39,39,7,102,24,0,24,126
08/14/2021,GTF,MT,ANM,WE,Combined TRACON& Tower with Radar,12,30,23,0,65,0,0,13,0,13,12,30,36,0,78,0,0,0,78
08/15/2021,GTF,MT,ANM,WE,Combined TRACON& Tower with Radar,11,27,24,0,62,0,0,10,0,10,11,27,34,0,72,0,0,0,72
08/16/2021,GTF,MT,ANM,WE,Combined TRACON& Tower with Radar,13,34,23,0,70,0,4,17,0,21,13,38,40,0,91,20,0,20,111
08/17/2021,GTF,MT,ANM,WE,Combined TRACON& Tower with Radar,13,42,17,10,82,0,1,11,1,13,13,43,28,11,95,0,0,0,95
08/18/2021,GTF,MT,ANM,WE,Combined TRACON& Tower with Radar,14,39,22,5,80,0,1,2,0,3,14,40,24,5,83,0,0,0,83
08/19/2021,GTF,MT,ANM,WE,Combined TRACON& Tower with Radar,16,39,25,18,98,0,1,26,6,33,16,40,51,24,131,18,14,32,163
08/20/2021,GTF,MT,ANM,WE,Combined TRACON& Tower with Radar,15,41,18,1,75,0,1,5,0,6,15,42,23,1,81,0,0,0,81
08/21/2021,GTF,MT,ANM,WE,Combined TRACON& Tower with Radar,10,25,12,1,48,0,2,4,0,6,10,27,16,1,54,22,0,22,76
08/22/2021,GTF,MT,ANM,WE,Combined TRACON& Tower with Radar,13,21,11,0,45,0,0,24,0,24,13,21,35,0,69,10,0,10,79
08/23/2021,GTF,MT,ANM,WE,Combined TRACON& Tower with Radar,12,28,25,9,74,0,1,32,9,42,12,29,57,18,116,0,8,8,124
08/24/2021,GTF,MT,ANM,WE,Combined TRACON& Tower with Radar,15,35,14,7,71,0,0,33,9,42,15,35,47,16,113,16,14,30,143
08/25/2021,GTF,MT,ANM,WE,Combined TRACON& Tower with Radar,14,34,18,19,85,0,0,16,11,27,14,34,34,30,112,62,34,96,208
08/26/2021,GTF,MT,ANM,WE,Combined TRACON& Tower with Radar,15,37,11,2,65,0,1,23,4,28,15,38,34,6,93,38,0,38,131
08/27/2021,GTF,MT,ANM,WE,Combined TRACON& Tower with Radar,15,39,13,3,70,0,0,7,4,11,15,39,20,7,81,26,0,26,107
08/28/2021,GTF,MT,ANM,WE,Combined TRACON& Tower with Radar,10,25,21,0,56,0,0,24,0,24,10,25,45,0,80,36,0,36,116
08/29/2021,GTF,MT,ANM,WE,Combined TRACON& Tower with Radar,13,15,30,3,61,0,0,32,0,32,13,15,62,3,93,8,0,8,101
08/30/2021,GTF,MT,ANM,WE,Combined TRACON& Tower with Radar,13,29,16,5,63,0,0,32,9,41,13,29,48,14,104,36,16,52,156
08/31/2021,GTF,MT,ANM,WE,Combined TRACON& Tower with Radar,14,37,15,9,75,0,0,15,6,21,14,37,30,15,96,66,0,66,162
09/01/2021,GTF,MT,ANM,WE,Combined TRACON& Tower with Radar,14,36,21,9,80,0,0,18,11,29,14,36,39,20,109,14,8,22,131
09/02/2021,GTF,MT,ANM,WE,Combined TRACON& Tower with Radar,15,33,15,0,63,0,0,22,1,23,15,33,37,1,86,20,0,20,106
09/03/2021,GTF,MT,ANM,WE,Combined TRACON& Tower with Radar,15,29,11,0,55,0,0,34,6,40,15,29,45,6,95,28,0,28,123
09/04/2021,GTF,MT,ANM,WE,Combined TRACON& Tower with Radar,10,24,10,0,44,0,0,30,0,30,10,24,40,0,74,12,0,12,86
09/05/2021,GTF,MT,ANM,WE,Combined TRACON& Tower with Radar,13,12,14,0,39,0,0,17,0,17,13,12,31,0,56,4,0,4,60
09/06/2021,GTF,MT,ANM,WE,Combined TRACON& Tower with Radar,10,14,16,0,40,0,0,11,2,13,10,14,27,2,53,8,0,8,61
09/07/2021,GTF,MT,ANM,WE,Combined TRACON& Tower with Radar,9,25,13,10,57,0,2,32,10,44,9,27,45,20,101,46,22,68,169
09/08/2021,GTF,MT,ANM,WE,Combined TRACON& Tower with Radar,13,33,33,13,92,0,1,31,7,39,13,34,64,20,131,30,14,44,175
09/09/2021,GTF,MT,ANM,WE,Combined TRACON& Tower with Radar,11,41,21,16,89,0,0,13,11,24,11,41,34,27,113,26,22,48,161
09/10/2021,GTF,MT,ANM,WE,Combined TRACON& Tower with Radar,12,48,13,3,76,0,2,11,2,15,12,50,24,5,91,20,0,20,111
09/11/2021,GTF,MT,ANM,WE,Combined TRACON& Tower with Radar,9,30,7,0,46,0,2,11,6,19,9,32,18,6,65,0,0,0,65
09/12/2021,GTF,MT,ANM,WE,Combined TRACON& Tower with Radar,9,19,8,0,36,0,0,18,0,18,9,19,26,0,54,24,0,24,78
09/13/2021,GTF,MT,ANM,WE,Combined TRACON& Tower with Radar,9,29,15,13,66,0,1,19,15,35,9,30,34,28,101,42,28,70,171
09/14/2021,GTF,MT,ANM,WE,Combined TRACON& Tower with Radar,11,40,12,21,84,0,1,23,12,36,11,41,35,33,120,22,72,94,214
09/15/2021,GTF,MT,ANM,WE,Combined TRACON& Tower with Radar,13,32,11,12,68,0,0,7,9,16,13,32,18,21,84,0,12,12,96
09/16/2021,GTF,MT,ANM,WE,Combined TRACON& Tower with Radar,12,42,17,3,74,0,2,20,5,27,12,44,37,8,101,2,0,2,103
09/17/2021,GTF,MT,ANM,WE,Combined TRACON& Tower with Radar,11,40,20,4,75,0,2,18,4,24,11,42,38,8,99,0,0,0,99
09/18/2021,GTF,MT,ANM,WE,Combined TRACON& Tower with Radar,11,28,7,0,46,0,4,4,0,8,11,32,11,0,54,0,0,0,54
09/19/2021,GTF,MT,ANM,WE,Combined TRACON& Tower with Radar,8,23,13,0,44,0,0,11,0,11,8,23,24,0,55,0,0,0,55
09/20/2021,GTF,MT,ANM,WE,Combined TRACON& Tower with Radar,13,33,13,4,63,0,2,20,8,30,13,35,33,12,93,0,0,0,93
09/21/2021,GTF,MT,ANM,WE,Combined TRACON& Tower with Radar,12,37,13,4,66,0,4,31,3,38,12,41,44,7,104,10,0,10,114
09/22/2021,GTF,MT,ANM,WE,Combined TRACON& Tower with Radar,12,36,8,0,56,0,4,14,0,18,12,40,22,0,74,4,0,4,78
09/23/2021,GTF,MT,ANM,WE,Combined TRACON& Tower with Radar,13,45,14,5,77,0,2,27,6,35,13,47,41,11,112,2,0,2,114
09/24/2021,GTF,MT,ANM,WE,Combined TRACON& Tower with Radar,13,38,10,1,62,0,0,33,2,35,13,38,43,3,97,2,0,2,99
09/25/2021,GTF,MT,ANM,WE,Combined TRACON& Tower with Radar,9,31,10,3,53,0,1,32,0,33,9,32,42,3,86,0,0,0,86
09/26/2021,GTF,MT,ANM,WE,Combined TRACON& Tower with Radar,11,26,12,2,51,0,2,26,0,28,11,28,38,2,79,0,0,0,79
09/27/2021,GTF,MT,ANM,WE,Combined TRACON& Tower with Radar,9,33,27,20,89,0,0,22,8,30,9,33,49,28,119,0,10,10,129
09/28/2021,GTF,MT,ANM,WE,Combined TRACON& Tower with Radar,13,36,6,2,57,0,2,14,4,20,13,38,20,6,77,16,0,16,93
09/29/2021,GTF,MT,ANM,WE,Combined TRACON& Tower with Radar,12,34,30,14,90,0,0,17,4,21,12,34,47,18,111,8,4,12,123
09/30/2021,GTF,MT,ANM,WE,Combined TRACON& Tower with Radar,14,42,16,1,73,0,0,43,2,45,14,42,59,3,118,12,0,12,130
10/01/2021,GTF,MT,ANM,WE,Combined TRACON& Tower with Radar,11,37,18,2,68,0,1,29,6,36,11,38,47,8,104,38,0,38,142
10/02/2021,GTF,MT,ANM,WE,Combined TRACON& Tower with Radar,8,25,13,1,47,0,2,20,1,23,8,27,33,2,70,4,4,8,78
10/03/2021,GTF,MT,ANM,WE,Combined TRACON& Tower with Radar,7,15,11,0,33,0,4,26,0,30,7,19,37,0,63,6,0,6,69
10/04/2021,GTF,MT,ANM,WE,Combined TRACON& Tower with Radar,7,33,27,8,75,0,4,35,6,45,7,37,62,14,120,49,20,69,189
10/05/2021,GTF,MT,ANM,WE,Combined TRACON& Tower with Radar,11,43,21,14,89,0,2,29,12,43,11,45,50,26,132,30,20,50,182
10/06/2021,GTF,MT,ANM,WE,Combined TRACON& Tower with Radar,10,32,6,6,54,0,0,25,7,32,10,32,31,13,86,18,20,38,124
10/07/2021,GTF,MT,ANM,WE,Combined TRACON& Tower with Radar,10,40,13,1,64,0,2,14,6,22,10,42,27,7,86,32,0,32,118
10/08/2021,GTF,MT,ANM,WE,Combined TRACON& Tower with Radar,8,33,14,4,59,0,2,22,5,29,8,35,36,9,88,74,0,74,162
10/09/2021,GTF,MT,ANM,WE,Combined TRACON& Tower with Radar,6,26,11,0,43,0,0,29,0,29,6,26,40,0,72,38,0,38,110
10/10/2021,GTF,MT,ANM,WE,Combined TRACON& Tower with Radar,9,15,8,0,32,0,0,14,0,14,9,15,22,0,46,0,0,0,46
10/11/2021,GTF,MT,ANM,WE,Combined TRACON& Tower with Radar,8,25,13,0,46,0,1,14,0,15,8,26,27,0,61,12,0,12,73
10/12/2021,GTF,MT,ANM,WE,Combined TRACON& Tower with Radar,8,44,13,0,65,0,3,21,4,28,8,47,34,4,93,0,0,0,93
10/13/2021,GTF,MT,ANM,WE,Combined TRACON& Tower with Radar,8,40,12,7,67,0,0,18,9,27,8,40,30,16,94,20,6,26,120
10/14/2021,GTF,MT,ANM,WE,Combined TRACON& Tower with Radar,10,44,11,4,69,0,0,9,10,19,10,44,20,14,88,12,28,40,128
10/15/2021,GTF,MT,ANM,WE,Combined TRACON& Tower with Radar,9,35,19,11,74,0,0,6,9,15,9,35,25,20,89,12,2,14,103
10/16/2021,GTF,MT,ANM,WE,Combined TRACON& Tower with Radar,7,23,10,2,42,0,0,22,1,23,7,23,32,3,65,10,0,10,75
10/17/2021,GTF,MT,ANM,WE,Combined TRACON& Tower with Radar,5,19,9,1,34,0,0,23,0,23,5,19,32,1,57,8,0,8,65
10/18/2021,GTF,MT,ANM,WE,Combined TRACON& Tower with Radar,7,30,15,15,67,0,4,27,7,38,7,34,42,22,105,36,26,62,167
10/19/2021,GTF,MT,ANM,WE,Combined TRACON& Tower with Radar,8,45,25,19,97,0,0,10,4,14,8,45,35,23,111,8,0,8,119
10/20/2021,GTF,MT,ANM,WE,Combined TRACON& Tower with Radar,10,37,32,12,91,0,1,43,12,56,10,38,75,24,147,54,30,84,231
10/21/2021,GTF,MT,ANM,WE,Combined TRACON& Tower with Radar,11,28,21,2,62,0,4,30,2,36,11,32,51,4,98,22,0,22,120
10/22/2021,GTF,MT,ANM,WE,Combined TRACON& Tower with Radar,15,38,21,3,77,0,2,43,1,46,15,40,64,4,123,52,0,52,175
10/23/2021,GTF,MT,ANM,WE,Combined TRACON& Tower with Radar,7,34,8,0,49,0,1,7,0,8,7,35,15,0,57,16,0,16,73
10/24/2021,GTF,MT,ANM,WE,Combined TRACON& Tower with Radar,5,16,12,0,33,0,0,28,0,28,5,16,40,0,61,0,0,0,61
10/25/2021,GTF,MT,ANM,WE,Combined TRACON& Tower with Radar,5,35,22,16,78,0,0,8,6,14,5,35,30,22,92,28,40,68,160
10/26/2021,GTF,MT,ANM,WE,Combined TRACON& Tower with Radar,8,37,15,8,68,0,2,5,6,13,8,39,20,14,81,4,62,66,147
10/27/2021,GTF,MT,ANM,WE,Combined TRACON& Tower with Radar,8,33,23,8,72,0,0,7,8,15,8,33,30,16,87,12,0,12,99
10/28/2021,GTF,MT,ANM,WE,Combined TRACON& Tower with Radar,10,42,27,2,81,0,1,23,6,30,10,43,50,8,111,8,6,14,125
10/29/2021,GTF,MT,ANM,WE,Combined TRACON& Tower with Radar,8,39,12,1,60,0,1,5,1,7,8,40,17,2,67,0,0,0,67
10/30/2021,GTF,MT,ANM,WE,Combined TRACON& Tower with Radar,6,25,10,2,43,0,1,4,0,5,6,26,14,2,48,0,0,0,48
10/31/2021,GTF,MT,ANM,WE,Combined TRACON& Tower with Radar,7,24,9,0,40,0,0,14,0,14,7,24,23,0,54,24,0,24,78
11/01/2021,GTF,MT,ANM,WE,Combined TRACON& Tower with Radar,5,27,13,4,49,0,2,23,8,33,5,29,36,12,82,90,0,90,172
11/02/2021,GTF,MT,ANM,WE,Combined TRACON& Tower with Radar,8,36,14,21,79,0,2,30,9,41,8,38,44,30,120,32,12,44,164
11/03/2021,GTF,MT,ANM,WE,Combined TRACON& Tower with Radar,8,28,14,10,60,0,3,27,10,40,8,31,41,20,100,26,4,30,130
11/04/2021,GTF,MT,ANM,WE,Combined TRACON& Tower with Radar,10,31,14,32,87,0,2,13,17,32,10,33,27,49,119,44,54,98,217
11/05/2021,GTF,MT,ANM,WE,Combined TRACON& Tower with Radar,8,30,6,4,48,0,0,4,0,4,8,30,10,4,52,0,0,0,52
11/06/2021,GTF,MT,ANM,WE,Combined TRACON& Tower with Radar,6,28,10,4,48,0,0,26,2,28,6,28,36,6,76,10,0,10,86
11/07/2021,GTF,MT,ANM,WE,Combined TRACON& Tower with Radar,8,15,8,1,32,0,0,12,0,12,8,15,20,1,44,6,0,6,50
11/08/2021,GTF,MT,ANM,WE,Combined TRACON& Tower with Radar,6,25,15,17,63,0,2,16,9,27,6,27,31,26,90,66,10,76,166
11/09/2021,GTF,MT,ANM,WE,Combined TRACON& Tower with Radar,8,40,12,6,66,0,0,22,9,31,8,40,34,15,97,62,0,62,159
11/10/2021,GTF,MT,ANM,WE,Combined TRACON& Tower with Radar,10,28,8,5,51,0,2,7,8,17,10,30,15,13,68,0,0,0,68
11/11/2021,GTF,MT,ANM,WE,Combined TRACON& Tower with Radar,10,25,24,0,59,0,1,12,0,13,10,26,36,0,72,54,0,54,126
11/12/2021,GTF,MT,ANM,WE,Combined TRACON& Tower with Radar,8,33,5,0,46,0,0,11,4,15,8,33,16,4,61,44,0,44,105
11/13/2021,GTF,MT,ANM,WE,Combined TRACON& Tower with Radar,4,24,9,6,43,0,0,10,1,11,4,24,19,7,54,0,0,0,54
11/14/2021,GTF,MT,ANM,WE,Combined TRACON& Tower with Radar,8,19,6,0,33,0,2,2,0,4,8,21,8,0,37,0,0,0,37
11/15/2021,GTF,MT,ANM,WE,Combined TRACON& Tower with Radar,6,24,13,10,53,0,0,9,2,11,6,24,22,12,64,12,0,12,76
11/16/2021,GTF,MT,ANM,WE,Combined TRACON& Tower with Radar,8,24,6,4,42,0,1,3,2,6,8,25,9,6,48,22,0,22,70
11/17/2021,GTF,MT,ANM,WE,Combined TRACON& Tower with Radar,8,37,23,7,75,0,0,22,6,28,8,37,45,13,103,30,12,42,145
11/18/2021,GTF,MT,ANM,WE,Combined TRACON& Tower with Radar,10,31,15,6,62,0,1,21,9,31,10,32,36,15,93,14,4,18,111
11/19/2021,GTF,MT,ANM,WE,Combined TRACON& Tower with Radar,10,26,16,15,67,0,2,14,9,25,10,28,30,24,92,62,26,88,180
11/20/2021,GTF,MT,ANM,WE,Combined TRACON& Tower with Radar,4,22,7,0,33,0,0,11,0,11,4,22,18,0,44,26,0,26,70
11/21/2021,GTF,MT,ANM,WE,Combined TRACON& Tower with Radar,7,16,14,0,37,0,1,3,1,5,7,17,17,1,42,0,0,0,42
11/22/2021,GTF,MT,ANM,WE,Combined TRACON& Tower with Radar,5,31,12,5,53,0,0,14,9,23,5,31,26,14,76,38,18,56,132
11/23/2021,GTF,MT,ANM,WE,Combined TRACON& Tower with Radar,12,26,11,4,53,0,2,7,14,23,12,28,18,18,76,36,0,36,112
11/24/2021,GTF,MT,ANM,WE,Combined TRACON& Tower with Radar,10,32,12,4,58,0,1,12,6,19,10,33,24,10,77,10,14,24,101
11/25/2021,GTF,MT,ANM,WE,Combined TRACON& Tower with Radar,4,9,6,0,19,0,0,2,0,2,4,9,8,0,21,50,0,50,71
11/26/2021,GTF,MT,ANM,WE,Combined TRACON& Tower with Radar,6,27,2,0,35,0,0,1,0,1,6,27,3,0,36,0,0,0,36
11/27/2021,GTF,MT,ANM,WE,Combined TRACON& Tower with Radar,4,18,15,0,37,0,0,11,0,11,4,18,26,0,48,0,0,0,48
11/28/2021,GTF,MT,ANM,WE,Combined TRACON& Tower with Radar,9,14,7,0,30,0,0,1,0,1,9,14,8,0,31,0,0,0,31
11/29/2021,GTF,MT,ANM,WE,Combined TRACON& Tower with Radar,3,44,17,4,68,0,0,11,4,15,3,44,28,8,83,36,0,36,119
11/30/2021,GTF,MT,ANM,WE,Combined TRACON& Tower with Radar,6,52,12,6,76,0,0,7,2,9,6,52,19,8,85,6,2,8,93
12/01/2021,GTF,MT,ANM,WE,Combined TRACON& Tower with Radar,7,49,6,0,62,0,0,7,0,7,7,49,13,0,69,10,0,10,79
12/02/2021,GTF,MT,ANM,WE,Combined TRACON& Tower with Radar,12,30,8,11,61,0,0,4,6,10,12,30,12,17,71,4,10,14,85
12/03/2021,GTF,MT,ANM,WE,Combined TRACON& Tower with Radar,6,32,9,10,57,0,1,14,4,19,6,33,23,14,76,38,30,68,144
12/04/2021,GTF,MT,ANM,WE,Combined TRACON& Tower with Radar,6,17,10,0,33,0,1,0,2,3,6,18,10,2,36,0,0,0,36
12/05/2021,GTF,MT,ANM,WE,Combined TRACON& Tower with Radar,12,17,4,8,41,0,0,0,0,0,12,17,4,8,41,4,0,4,45
12/06/2021,GTF,MT,ANM,WE,Combined TRACON& Tower with Radar,6,20,13,13,52,0,2,0,2,4,6,22,13,15,56,2,0,2,58
12/07/2021,GTF,MT,ANM,WE,Combined TRACON& Tower with Radar,7,31,18,18,74,0,0,9,8,17,7,31,27,26,91,30,14,44,135
12/08/2021,GTF,MT,ANM,WE,Combined TRACON& Tower with Radar,9,36,12,2,59,0,0,1,2,3,9,36,13,4,62,0,0,0,62
12/09/2021,GTF,MT,ANM,WE,Combined TRACON& Tower with Radar,12,39,10,5,66,0,1,18,5,24,12,40,28,10,90,26,0,26,116
12/10/2021,GTF,MT,ANM,WE,Combined TRACON& Tower with Radar,7,34,13,0,54,0,0,10,2,12,7,34,23,2,66,34,0,34,100
12/11/2021,GTF,MT,ANM,WE,Combined TRACON& Tower with Radar,8,11,5,2,26,0,0,2,0,2,8,11,7,2,28,0,0,0,28
12/12/2021,GTF,MT,ANM,WE,Combined TRACON& Tower with Radar,10,12,2,2,26,0,1,0,0,1,10,13,2,2,27,10,0,10,37
12/13/2021,GTF,MT,ANM,WE,Combined TRACON& Tower with Radar,5,24,11,24,64,0,0,15,6,21,5,24,26,30,85,92,14,106,191
12/14/2021,GTF,MT,ANM,WE,Combined TRACON& Tower with Radar,6,26,31,28,91,0,4,2,0,6,6,30,33,28,97,2,2,4,101
12/15/2021,GTF,MT,ANM,WE,Combined TRACON& Tower with Radar,6,36,24,13,79,0,1,22,5,28,6,37,46,18,107,10,0,10,117
12/16/2021,GTF,MT,ANM,WE,Combined TRACON& Tower with Radar,11,29,18,3,61,0,3,9,8,20,11,32,27,11,81,60,14,74,155
12/17/2021,GTF,MT,ANM,WE,Combined TRACON& Tower with Radar,8,27,13,5,53,0,1,10,4,15,8,28,23,9,68,0,0,0,68
12/18/2021,GTF,MT,ANM,WE,Combined TRACON& Tower with Radar,6,23,5,0,34,0,0,6,0,6,6,23,11,0,40,16,0,16,56
12/19/2021,GTF,MT,ANM,WE,Combined TRACON& Tower with Radar,7,8,6,0,21,0,0,1,0,1,7,8,7,0,22,0,0,0,22
12/20/2021,GTF,MT,ANM,WE,Combined TRACON& Tower with Radar,7,26,17,13,63,0,0,12,8,20,7,26,29,21,83,16,14,30,113
12/21/2021,GTF,MT,ANM,WE,Combined TRACON& Tower with Radar,10,33,8,8,59,0,1,13,9,23,10,34,21,17,82,36,22,58,140
12/22/2021,GTF,MT,ANM,WE,Combined TRACON& Tower with Radar,8,33,18,4,63,0,1,7,2,10,8,34,25,6,73,6,0,6,79
12/23/2021,GTF,MT,ANM,WE,Combined TRACON& Tower with Radar,12,38,8,0,58,0,1,0,0,1,12,39,8,0,59,14,0,14,73
12/24/2021,GTF,MT,ANM,WE,Combined TRACON& Tower with Radar,6,26,5,0,37,0,1,2,0,3,6,27,7,0,40,8,4,12,52
12/25/2021,GTF,MT,ANM,WE,Combined TRACON& Tower with Radar,2,12,2,0,16,0,1,0,0,1,2,13,2,0,17,0,0,0,17
12/26/2021,GTF,MT,ANM,WE,Combined TRACON& Tower with Radar,5,13,2,0,20,0,0,0,0,0,5,13,2,0,20,0,0,0,20
12/27/2021,GTF,MT,ANM,WE,Combined TRACON& Tower with Radar,7,28,10,2,47,0,1,0,2,3,7,29,10,4,50,0,0,0,50
12/28/2021,GTF,MT,ANM,WE,Combined TRACON& Tower with Radar,8,32,7,3,50,0,2,12,5,19,8,34,19,8,69,104,10,114,183
12/29/2021,GTF,MT,ANM,WE,Combined TRACON& Tower with Radar,7,34,1,2,44,0,2,1,2,5,7,36,2,4,49,0,0,0,49
12/30/2021,GTF,MT,ANM,WE,Combined TRACON& Tower with Radar,5,30,8,0,43,0,0,1,0,1,5,30,9,0,44,6,0,6,50
12/31/2021,GTF,MT,ANM,WE,Combined TRACON& Tower with Radar,4,30,2,0,36,0,0,7,0,7,4,30,9,0,43,12,0,12,55
01/01/2022,GTF,MT,ANM,WE,Combined TRACON& Tower with Radar,4,14,4,0,22,0,1,6,0,7,4,15,10,0,29,20,0,20,49
01/02/2022,GTF,MT,ANM,WE,Combined TRACON& Tower with Radar,7,12,7,0,26,0,0,8,0,8,7,12,15,0,34,4,0,4,38
01/03/2022,GTF,MT,ANM,WE,Combined TRACON& Tower with Radar,7,17,7,0,31,0,1,3,0,4,7,18,10,0,35,11,0,11,46
01/04/2022,GTF,MT,ANM,WE,Combined TRACON& Tower with Radar,10,31,10,2,53,0,0,5,0,5,10,31,15,2,58,0,0,0,58
01/05/2022,GTF,MT,ANM,WE,Combined TRACON& Tower with Radar,9,34,7,15,65,0,0,0,5,5,9,34,7,20,70,0,26,26,96
01/06/2022,GTF,MT,ANM,WE,Combined TRACON& Tower with Radar,13,23,8,1,45,0,0,0,3,3,13,23,8,4,48,0,0,0,48
01/07/2022,GTF,MT,ANM,WE,Combined TRACON& Tower with Radar,8,27,3,1,39,0,1,0,5,6,8,28,3,6,45,0,0,0,45
01/08/2022,GTF,MT,ANM,WE,Combined TRACON& Tower with Radar,6,14,4,0,24,0,0,10,0,10,6,14,14,0,34,2,0,2,36
01/09/2022,GTF,MT,ANM,WE,Combined TRACON& Tower with Radar,11,12,14,0,37,0,0,10,0,10,11,12,24,0,47,8,0,8,55
01/10/2022,GTF,MT,ANM,WE,Combined TRACON& Tower with Radar,10,19,15,5,49,1,0,10,7,18,11,19,25,12,67,0,8,8,75
01/11/2022,GTF,MT,ANM,WE,Combined TRACON& Tower with Radar,8,23,4,2,37,0,0,5,2,7,8,23,9,4,44,0,0,0,44
01/12/2022,GTF,MT,ANM,WE,Combined TRACON& Tower with Radar,6,31,16,0,53,0,0,4,0,4,6,31,20,0,57,0,0,0,57
01/13/2022,GTF,MT,ANM,WE,Combined TRACON& Tower with Radar,13,25,7,1,46,0,0,15,14,29,13,25,22,15,75,30,2,32,107
01/14/2022,GTF,MT,ANM,WE,Combined TRACON& Tower with Radar,11,33,5,2,51,0,0,31,3,34,11,33,36,5,85,86,10,96,181
01/15/2022,GTF,MT,ANM,WE,Combined TRACON& Tower with Radar,8,16,7,1,32,0,0,2,0,2,8,16,9,1,34,0,0,0,34
01/16/2022,GTF,MT,ANM,WE,Combined TRACON& Tower with Radar,12,11,7,0,30,0,1,23,0,24,12,12,30,0,54,40,0,40,94
01/17/2022,GTF,MT,ANM,WE,Combined TRACON& Tower with Radar,8,18,9,0,35,0,0,2,0,2,8,18,11,0,37,0,0,0,37
01/18/2022,GTF,MT,ANM,WE,Combined TRACON& Tower with Radar,7,25,7,2,41,0,1,0,0,1,7,26,7,2,42,0,0,0,42
01/19/2022,GTF,MT,ANM,WE,Combined TRACON& Tower with Radar,12,28,17,8,65,0,0,20,19,39,12,28,37,27,104,82,28,110,214
01/20/2022,GTF,MT,ANM,WE,Combined TRACON& Tower with Radar,12,27,7,8,54,0,1,1,6,8,12,28,8,14,62,10,16,26,88
01/21/2022,GTF,MT,ANM,WE,Combined TRACON& Tower with Radar,10,28,17,6,61,0,2,18,2,22,10,30,35,8,83,74,0,74,157
01/22/2022,GTF,MT,ANM,WE,Combined TRACON& Tower with Radar,6,23,4,0,33,0,0,9,0,9,6,23,13,0,42,10,0,10,52
01/23/2022,GTF,MT,ANM,WE,Combined TRACON& Tower with Radar,11,13,11,0,35,0,0,11,0,11,11,13,22,0,46,8,0,8,54
01/24/2022,GTF,MT,ANM,WE,Combined TRACON& Tower with Radar,7,25,18,11,61,0,1,0,5,6,7,26,18,16,67,4,12,16,83
01/25/2022,GTF,MT,ANM,WE,Combined TRACON& Tower with Radar,11,29,14,4,58,0,3,19,12,34,11,32,33,16,92,80,0,80,172
01/26/2022,GTF,MT,ANM,WE,Combined TRACON& Tower with Radar,13,29,22,11,75,0,1,17,11,29,13,30,39,22,104,32,10,42,146
01/27/2022,GTF,MT,ANM,WE,Combined TRACON& Tower with Radar,12,22,9,1,44,0,0,7,3,10,12,22,16,4,54,28,0,28,82
01/28/2022,GTF,MT,ANM,WE,Combined TRACON& Tower with Radar,11,23,8,0,42,0,3,4,0,7,11,26,12,0,49,0,0,0,49
01/29/2022,GTF,MT,ANM,WE,Combined TRACON& Tower with Radar,7,17,8,0,32,0,0,10,0,10,7,17,18,0,42,0,0,0,42
01/30/2022,GTF,MT,ANM,WE,Combined TRACON& Tower with Radar,9,10,1,0,20,0,1,7,0,8,9,11,8,0,28,0,0,0,28
01/31/2022,GTF,MT,ANM,WE,Combined TRACON& Tower with Radar,7,22,9,4,42,0,1,0,6,7,7,23,9,10,49,0,6,6,55
02/01/2022,GTF,MT,ANM,WE,Combined TRACON& Tower with Radar,10,26,5,4,45,0,0,0,0,0,10,26,5,4,45,0,0,0,45
02/02/2022,GTF,MT,ANM,WE,Combined TRACON& Tower with Radar,12,26,8,6,52,0,0,13,9,22,12,26,21,15,74,0,14,14,88
02/03/2022,GTF,MT,ANM,WE,Combined TRACON& Tower with Radar,10,27,10,7,54,0,1,12,13,26,10,28,22,20,80,48,12,60,140
02/04/2022,GTF,MT,ANM,WE,Combined TRACON& Tower with Radar,9,21,4,9,43,0,0,1,6,7,9,21,5,15,50,0,12,12,62
02/05/2022,GTF,MT,ANM,WE,Combined TRACON& Tower with Radar,7,22,3,0,32,0,0,1,0,1,7,22,4,0,33,0,0,0,33
02/06/2022,GTF,MT,ANM,WE,Combined TRACON& Tower with Radar,8,8,6,0,22,0,0,6,0,6,8,8,12,0,28,18,0,18,46
02/07/2022,GTF,MT,ANM,WE,Combined TRACON& Tower with Radar,7,26,7,2,42,0,1,2,2,5,7,27,9,4,47,0,0,0,47
02/08/2022,GTF,MT,ANM,WE,Combined TRACON& Tower with Radar,10,33,13,10,66,0,0,14,12,26,10,33,27,22,92,42,28,70,162
02/09/2022,GTF,MT,ANM,WE,Combined TRACON& Tower with Radar,10,25,14,5,54,0,0,12,7,19,10,25,26,12,73,36,12,48,121
02/10/2022,GTF,MT,ANM,WE,Combined TRACON& Tower with Radar,14,22,2,1,39,0,1,1,1,3,14,23,3,2,42,0,0,0,42
02/11/2022,GTF,MT,ANM,WE,Combined TRACON& Tower with Radar,8,37,19,2,66,0,2,18,2,22,8,39,37,4,88,40,0,40,128
02/12/2022,GTF,MT,ANM,WE,Combined TRACON& Tower with Radar,4,20,0,0,24,0,0,9,0,9,4,20,9,0,33,22,0,22,55
02/13/2022,GTF,MT,ANM,WE,Combined TRACON& Tower with Radar,8,13,9,0,30,0,0,23,0,23,8,13,32,0,53,8,0,8,61
02/14/2022,GTF,MT,ANM,WE,Combined TRACON& Tower with Radar,8,30,18,21,77,0,1,16,18,35,8,31,34,39,112,92,16,108,220
02/15/2022,GTF,MT,ANM,WE,Combined TRACON& Tower with Radar,8,33,24,15,80,0,0,0,11,11,8,33,24,26,91,0,18,18,109
02/16/2022,GTF,MT,ANM,WE,Combined TRACON& Tower with Radar,8,34,4,13,59,0,1,1,3,5,8,35,5,16,64,14,0,14,78
02/17/2022,GTF,MT,ANM,WE,Combined TRACON& Tower with Radar,10,34,9,6,59,0,0,4,6,10,10,34,13,12,69,6,0,6,75
02/18/2022,GTF,MT,ANM,WE,Combined TRACON& Tower with Radar,8,29,6,0,43,0,1,6,0,7,8,30,12,0,50,66,0,66,116
02/19/2022,GTF,MT,ANM,WE,Combined TRACON& Tower with Radar,4,27,2,0,33,0,0,5,0,5,4,27,7,0,38,0,0,0,38
02/20/2022,GTF,MT,ANM,WE,Combined TRACON& Tower with Radar,7,14,1,0,22,0,1,0,0,1,7,15,1,0,23,0,0,0,23
02/21/2022,GTF,MT,ANM,WE,Combined TRACON& Tower with Radar,4,25,3,0,32,0,0,1,0,1,4,25,4,0,33,0,0,0,33
02/22/2022,GTF,MT,ANM,WE,Combined TRACON& Tower with Radar,7,32,8,4,51,0,0,1,2,3,7,32,9,6,54,14,0,14,68
02/23/2022,GTF,MT,ANM,WE,Combined TRACON& Tower with Radar,6,26,12,10,54,0,3,14,7,24,6,29,26,17,78,34,0,34,112
02/24/2022,GTF,MT,ANM,WE,Combined TRACON& Tower with Radar,10,28,30,9,77,0,0,1,2,3,10,28,31,11,80,0,0,0,80
02/25/2022,GTF,MT,ANM,WE,Combined TRACON& Tower with Radar,10,39,10,4,63,0,1,15,2,18,10,40,25,6,81,54,0,54,135
02/26/2022,GTF,MT,ANM,WE,Combined TRACON& Tower with Radar,4,20,1,1,26,0,0,13,1,14,4,20,14,2,40,8,0,8,48
02/27/2022,GTF,MT,ANM,WE,Combined TRACON& Tower with Radar,7,16,7,0,30,0,2,6,0,8,7,18,13,0,38,0,0,0,38
02/28/2022,GTF,MT,ANM,WE,Combined TRACON& Tower with Radar,5,22,11,3,41,0,4,4,4,12,5,26,15,7,53,8,0,8,61
03/01/2022,GTF,MT,ANM,WE,Combined TRACON& Tower with Radar,8,26,6,13,53,0,2,7,11,20,8,28,13,24,73,0,10,10,83
03/02/2022,GTF,MT,ANM,WE,Combined TRACON& Tower with Radar,8,24,8,4,44,0,4,12,0,16,8,28,20,4,60,84,0,84,144
03/03/2022,GTF,MT,ANM,WE,Combined TRACON& Tower with Radar,12,17,7,6,42,0,0,0,0,0,12,17,7,6,42,0,0,0,42
03/04/2022,GTF,MT,ANM,WE,Combined TRACON& Tower with Radar,10,26,5,2,43,0,0,1,3,4,10,26,6,5,47,32,0,32,79
03/05/2022,GTF,MT,ANM,WE,Combined TRACON& Tower with Radar,4,26,6,6,42,0,0,3,0,3,4,26,9,6,45,34,0,34,79
03/06/2022,GTF,MT,ANM,WE,Combined TRACON& Tower with Radar,7,15,3,0,25,0,0,3,0,3,7,15,6,0,28,8,0,8,36
03/07/2022,GTF,MT,ANM,WE,Combined TRACON& Tower with Radar,7,21,17,9,54,0,1,15,10,26,7,22,32,19,80,6,10,16,96
03/08/2022,GTF,MT,ANM,WE,Combined TRACON& Tower with Radar,11,29,15,8,63,0,0,0,3,3,11,29,15,11,66,0,18,18,84
03/09/2022,GTF,MT,ANM,WE,Combined TRACON& Tower with Radar,11,34,18,5,68,0,3,6,10,19,11,37,24,15,87,64,14,78,165
03/10/2022,GTF,MT,ANM,WE,Combined TRACON& Tower with Radar,14,29,12,3,58,0,0,18,7,25,14,29,30,10,83,22,0,22,105
03/11/2022,GTF,MT,ANM,WE,Combined TRACON& Tower with Radar,10,29,15,2,56,0,2,24,5,31,10,31,39,7,87,48,0,48,135
03/12/2022,GTF,MT,ANM,WE,Combined TRACON& Tower with Radar,4,21,12,0,37,0,0,12,0,12,4,21,24,0,49,0,0,0,49
03/13/2022,GTF,MT,ANM,WE,Combined TRACON& Tower with Radar,7,21,6,1,35,0,2,3,0,5,7,23,9,1,40,20,0,20,60
03/14/2022,GTF,MT,ANM,WE,Combined TRACON& Tower with Radar,7,25,8,5,45,0,0,7,2,9,7,25,15,7,54,0,8,8,62
03/15/2022,GTF,MT,ANM,WE,Combined TRACON& Tower with Radar,8,28,19,5,60,0,0,12,8,20,8,28,31,13,80,8,32,40,120
03/16/2022,GTF,MT,ANM,WE,Combined TRACON& Tower with Radar,10,28,11,20,69,0,1,19,15,35,10,29,30,35,104,48,10,58,162
03/17/2022,GTF,MT,ANM,WE,Combined TRACON& Tower with Radar,12,27,17,13,69,0,0,22,12,34,12,27,39,25,103,32,14,46,149
03/18/2022,GTF,MT,ANM,WE,Combined TRACON& Tower with Radar,10,33,4,4,51,0,1,23,1,25,10,34,27,5,76,16,0,16,92
03/19/2022,GTF,MT,ANM,WE,Combined TRACON& Tower with Radar,4,20,5,0,29,0,0,20,0,20,4,20,25,0,49,46,0,46,95
03/20/2022,GTF,MT,ANM,WE,Combined TRACON& Tower with Radar,5,21,6,0,32,0,0,7,0,7,5,21,13,0,39,16,0,16,55
03/21/2022,GTF,MT,ANM,WE,Combined TRACON& Tower with Radar,5,20,14,15,54,0,0,5,12,17,5,20,19,27,71,36,58,94,165
03/22/2022,GTF,MT,ANM,WE,Combined TRACON& Tower with Radar,12,26,13,17,68,0,0,19,10,29,12,26,32,27,97,70,22,92,189
03/23/2022,GTF,MT,ANM,WE,Combined TRACON& Tower with Radar,10,31,18,26,85,0,2,17,12,31,10,33,35,38,116,66,48,114,230
03/24/2022,GTF,MT,ANM,WE,Combined TRACON& Tower with Radar,12,27,20,3,62,0,0,12,5,17,12,27,32,8,79,52,0,52,131
03/25/2022,GTF,MT,ANM,WE,Combined TRACON& Tower with Radar,10,27,18,1,56,0,1,21,3,25,10,28,39,4,81,10,0,10,91
03/26/2022,GTF,MT,ANM,WE,Combined TRACON& Tower with Radar,6,18,12,0,36,0,0,21,0,21,6,18,33,0,57,14,0,14,71
03/27/2022,GTF,MT,ANM,WE,Combined TRACON& Tower with Radar,10,15,6,0,31,0,2,28,0,30,10,17,34,0,61,24,0,24,85
03/28/2022,GTF,MT,ANM,WE,Combined TRACON& Tower with Radar,9,25,18,3,55,0,1,9,5,15,9,26,27,8,70,20,0,20,90
03/29/2022,GTF,MT,ANM,WE,Combined TRACON& Tower with Radar,12,26,10,9,57,0,0,6,5,11,12,26,16,14,68,0,18,18,86
03/30/2022,GTF,MT,ANM,WE,Combined TRACON& Tower with Radar,12,33,3,10,58,0,1,12,13,26,12,34,15,23,84,26,28,54,138
03/31/2022,GTF,MT,ANM,WE,Combined TRACON& Tower with Radar,14,20,7,13,54,0,0,15,12,27,14,20,22,25,81,10,10,20,101
04/01/2022,GTF,MT,ANM,WE,Combined TRACON& Tower with Radar,12,30,7,4,53,0,2,20,4,26,12,32,27,8,79,20,0,20,99
04/02/2022,GTF,MT,ANM,WE,Combined TRACON& Tower with Radar,8,25,0,4,37,0,1,10,2,13,8,26,10,6,50,4,44,48,98
04/03/2022,GTF,MT,ANM,WE,Combined TRACON& Tower with Radar,9,18,9,0,36,0,0,10,0,10,9,18,19,0,46,0,0,0,46
04/04/2022,GTF,MT,ANM,WE,Combined TRACON& Tower with Radar,9,17,11,6,43,0,1,7,2,10,9,18,18,8,53,16,0,16,69
04/05/2022,GTF,MT,ANM,WE,Combined TRACON& Tower with Radar,8,35,5,0,48,0,0,1,0,1,8,35,6,0,49,0,0,0,49
04/06/2022,GTF,MT,ANM,WE,Combined TRACON& Tower with Radar,12,30,14,15,71,0,2,16,9,27,12,32,30,24,98,14,14,28,126
04/07/2022,GTF,MT,ANM,WE,Combined TRACON& Tower with Radar,14,30,35,2,81,0,5,45,2,52,14,35,80,4,133,94,0,94,227
04/08/2022,GTF,MT,ANM,WE,Combined TRACON& Tower with Radar,14,22,8,4,48,0,0,13,2,15,14,22,21,6,63,48,6,54,117
04/09/2022,GTF,MT,ANM,WE,Combined TRACON& Tower with Radar,9,25,4,0,38,0,0,0,0,0,9,25,4,0,38,0,0,0,38
04/10/2022,GTF,MT,ANM,WE,Combined TRACON& Tower with Radar,12,12,4,0,28,0,0,3,0,3,12,12,7,0,31,0,0,0,31
04/11/2022,GTF,MT,ANM,WE,Combined TRACON& Tower with Radar,11,22,11,12,56,0,0,10,3,13,11,22,21,15,69,32,4,36,105
04/12/2022,GTF,MT,ANM,WE,Combined TRACON& Tower with Radar,12,19,7,2,40,0,0,0,0,0,12,19,7,2,40,0,0,0,40
04/13/2022,GTF,MT,ANM,WE,Combined TRACON& Tower with Radar,13,34,9,8,64,0,0,1,1,2,13,34,10,9,66,4,0,4,70
04/14/2022,GTF,MT,ANM,WE,Combined TRACON& Tower with Radar,18,25,9,13,65,0,0,12,2,14,18,25,21,15,79,56,16,72,151
04/15/2022,GTF,MT,ANM,WE,Combined TRACON& Tower with Radar,13,34,15,1,63,0,2,12,3,17,13,36,27,4,80,16,0,16,96
04/16/2022,GTF,MT,ANM,WE,Combined TRACON& Tower with Radar,8,18,6,0,32,0,0,10,0,10,8,18,16,0,42,26,0,26,68
04/17/2022,GTF,MT,ANM,WE,Combined TRACON& Tower with Radar,11,11,4,0,26,0,0,1,1,2,11,11,5,1,28,0,0,0,28
04/18/2022,GTF,MT,ANM,WE,Combined TRACON& Tower with Radar,10,25,15,20,70,0,0,23,9,32,10,25,38,29,102,52,56,108,210
04/19/2022,GTF,MT,ANM,WE,Combined TRACON& Tower with Radar,13,27,15,13,68,0,0,7,10,17,13,27,22,23,85,0,0,0,85
04/20/2022,GTF,MT,ANM,WE,Combined TRACON& Tower with Radar,12,30,19,2,63,0,0,16,4,20,12,30,35,6,83,28,16,44,127
04/21/2022,GTF,MT,ANM,WE,Combined TRACON& Tower with Radar,14,32,20,2,68,0,0,13,3,16,14,32,33,5,84,24,0,24,108
04/22/2022,GTF,MT,ANM,WE,Combined TRACON& Tower with Radar,12,32,3,4,51,0,0,12,4,16,12,32,15,8,67,14,0,14,81
04/23/2022,GTF,MT,ANM,WE,Combined TRACON& Tower with Radar,8,22,1,0,31,0,0,5,0,5,8,22,6,0,36,0,0,0,36
04/24/2022,GTF,MT,ANM,WE,Combined TRACON& Tower with Radar,11,21,10,0,42,0,1,35,0,36,11,22,45,0,78,0,0,0,78
04/25/2022,GTF,MT,ANM,WE,Combined TRACON& Tower with Radar,9,21,17,0,47,0,2,17,6,25,9,23,34,6,72,10,12,22,94
04/26/2022,GTF,MT,ANM,WE,Combined TRACON& Tower with Radar,12,29,12,7,60,0,2,17,11,30,12,31,29,18,90,48,40,88,178
04/27/2022,GTF,MT,ANM,WE,Combined TRACON& Tower with Radar,12,25,12,6,55,0,0,15,6,21,12,25,27,12,76,2,0,2,78
04/28/2022,GTF,MT,ANM,WE,Combined TRACON& Tower with Radar,13,33,9,1,56,0,0,22,3,25,13,33,31,4,81,70,0,70,151
04/29/2022,GTF,MT,ANM,WE,Combined TRACON& Tower with Radar,15,25,17,1,58,0,0,2,0,2,15,25,19,1,60,12,0,12,72
04/30/2022,GTF,MT,ANM,WE,Combined TRACON& Tower with Radar,8,20,9,0,37,0,0,27,2,29,8,20,36,2,66,4,0,4,70
05/01/2022,GTF,MT,ANM,WE,Combined TRACON& Tower with Radar,11,26,6,0,43,0,1,9,0,10,11,27,15,0,53,8,0,8,61
05/02/2022,GTF,MT,ANM,WE,Combined TRACON& Tower with Radar,11,19,14,6,50,0,4,18,8,30,11,23,32,14,80,28,14,42,122
05/03/2022,GTF,MT,ANM,WE,Combined TRACON& Tower with Radar,12,29,11,6,58,0,1,14,9,24,12,30,25,15,82,14,24,38,120
05/04/2022,GTF,MT,ANM,WE,Combined TRACON& Tower with Radar,12,27,13,20,72,0,3,28,14,45,12,30,41,34,117,40,0,40,157
05/05/2022,GTF,MT,ANM,WE,Combined TRACON& Tower with Radar,12,26,10,7,55,0,4,10,12,26,12,30,20,19,81,14,18,32,113
05/06/2022,GTF,MT,ANM,WE,Combined TRACON& Tower with Radar,14,27,5,3,49,0,0,2,0,2,14,27,7,3,51,0,0,0,51
05/07/2022,GTF,MT,ANM,WE,Combined TRACON& Tower with Radar,13,18,3,0,34,0,0,7,0,7,13,18,10,0,41,14,0,14,55
05/08/2022,GTF,MT,ANM,WE,Combined TRACON& Tower with Radar,12,6,2,0,20,0,0,5,0,5,12,6,7,0,25,0,0,0,25
05/09/2022,GTF,MT,ANM,WE,Combined TRACON& Tower with Radar,9,20,14,2,45,0,1,9,4,14,9,21,23,6,59,20,0,20,79
05/10/2022,GTF,MT,ANM,WE,Combined TRACON& Tower with Radar,16,33,16,6,71,0,0,19,11,30,16,33,35,17,101,22,2,24,125
05/11/2022,GTF,MT,ANM,WE,Combined TRACON& Tower with Radar,14,28,8,10,60,0,0,25,11,36,14,28,33,21,96,32,22,54,150
05/12/2022,GTF,MT,ANM,WE,Combined TRACON& Tower with Radar,12,24,19,11,66,0,0,5,7,12,12,24,24,18,78,0,0,0,78
05/13/2022,GTF,MT,ANM,WE,Combined TRACON& Tower with Radar,14,23,6,1,44,0,0,7,2,9,14,23,13,3,53,0,0,0,53
05/14/2022,GTF,MT,ANM,WE,Combined TRACON& Tower with Radar,12,17,0,3,32,0,0,5,0,5,12,17,5,3,37,10,0,10,47
05/15/2022,GTF,MT,ANM,WE,Combined TRACON& Tower with Radar,11,15,6,2,34,0,1,22,1,24,11,16,28,3,58,4,0,4,62
05/16/2022,GTF,MT,ANM,WE,Combined TRACON& Tower with Radar,9,23,23,7,62,0,0,18,7,25,9,23,41,14,87,52,4,56,143
05/17/2022,GTF,MT,ANM,WE,Combined TRACON& Tower with Radar,14,29,15,6,64,0,4,22,6,32,14,33,37,12,96,46,0,46,142
05/18/2022,GTF,MT,ANM,WE,Combined TRACON& Tower with Radar,14,31,26,0,71,0,1,19,2,22,14,32,45,2,93,20,0,20,113
05/19/2022,GTF,MT,ANM,WE,Combined TRACON& Tower with Radar,11,20,9,0,40,0,0,2,0,2,11,20,11,0,42,0,0,0,42
05/20/2022,GTF,MT,ANM,WE,Combined TRACON& Tower with Radar,12,30,8,0,50,0,0,6,0,6,12,30,14,0,56,40,0,40,96
05/21/2022,GTF,MT,ANM,WE,Combined TRACON& Tower with Radar,8,17,7,0,32,0,0,31,0,31,8,17,38,0,63,8,0,8,71
05/22/2022,GTF,MT,ANM,WE,Combined TRACON& Tower with Radar,11,12,12,0,35,0,0,22,0,22,11,12,34,0,57,2,0,2,59
05/23/2022,GTF,MT,ANM,WE,Combined TRACON& Tower with Radar,11,18,12,2,43,0,2,26,6,34,11,20,38,8,77,56,0,56,133
05/24/2022,GTF,MT,ANM,WE,Combined TRACON& Tower with Radar,12,29,15,4,60,0,1,36,10,47,12,30,51,14,107,24,0,24,131
05/25/2022,GTF,MT,ANM,WE,Combined TRACON& Tower with Radar,12,24,13,5,54,0,3,12,12,27,12,27,25,17,81,36,10,46,127
05/26/2022,GTF,MT,ANM,WE,Combined TRACON& Tower with Radar,12,27,23,4,66,0,3,41,3,47,12,30,64,7,113,20,0,20,133
05/27/2022,GTF,MT,ANM,WE,Combined TRACON& Tower with Radar,13,26,5,0,44,0,0,4,2,6,13,26,9,2,50,14,0,14,64
05/28/2022,GTF,MT,ANM,WE,Combined TRACON& Tower with Radar,9,19,4,0,32,0,0,14,0,14,9,19,18,0,46,4,0,4,50
05/29/2022,GTF,MT,ANM,WE,Combined TRACON& Tower with Radar,9,12,4,2,27,0,0,3,0,3,9,12,7,2,30,0,0,0,30
05/30/2022,GTF,MT,ANM,WE,Combined TRACON& Tower with Radar,8,15,28,0,51,0,0,3,0,3,8,15,31,0,54,18,0,18,72
05/31/2022,GTF,MT,ANM,WE,Combined TRACON& Tower with Radar,5,25,32,3,65,0,0,35,1,36,5,25,67,4,101,47,0,47,148
06/01/2022,GTF,MT,ANM,WE,Combined TRACON& Tower with Radar,12,23,25,1,61,0,2,43,3,48,12,25,68,4,109,52,0,52,161
06/02/2022,GTF,MT,ANM,WE,Combined TRACON& Tower with Radar,11,27,21,4,63,0,0,36,3,39,11,27,57,7,102,62,8,70,172
06/03/2022,GTF,MT,ANM,WE,Combined TRACON& Tower with Radar,10,28,21,0,59,0,0,21,0,21,10,28,42,0,80,76,0,76,156
06/04/2022,GTF,MT,ANM,WE,Combined TRACON& Tower with Radar,8,21,20,3,52,0,0,15,5,20,8,21,35,8,72,14,0,14,86
06/05/2022,GTF,MT,ANM,WE,Combined TRACON& Tower with Radar,9,13,6,1,29,0,0,22,0,22,9,13,28,1,51,6,0,6,57
06/06/2022,GTF,MT,ANM,WE,Combined TRACON& Tower with Radar,7,21,22,4,54,0,0,24,4,28,7,21,46,8,82,16,0,16,98
06/07/2022,GTF,MT,ANM,WE,Combined TRACON& Tower with Radar,14,33,19,4,70,0,0,26,11,37,14,33,45,15,107,50,8,58,165
06/08/2022,GTF,MT,ANM,WE,Combined TRACON& Tower with Radar,10,27,19,2,58,0,2,25,4,31,10,29,44,6,89,8,0,8,97
06/09/2022,GTF,MT,ANM,WE,Combined TRACON& Tower with Radar,12,30,18,17,77,0,0,37,5,42,12,30,55,22,119,20,34,54,173
06/10/2022,GTF,MT,ANM,WE,Combined TRACON& Tower with Radar,10,33,10,0,53,0,0,14,0,14,10,33,24,0,67,0,0,0,67
06/11/2022,GTF,MT,ANM,WE,Combined TRACON& Tower with Radar,9,18,9,1,37,0,0,9,3,12,9,18,18,4,49,0,4,4,53
06/12/2022,GTF,MT,ANM,WE,Combined TRACON& Tower with Radar,9,14,15,0,38,0,0,13,2,15,9,14,28,2,53,0,6,6,59
06/13/2022,GTF,MT,ANM,WE,Combined TRACON& Tower with Radar,8,24,8,3,43,0,1,11,3,15,8,25,19,6,58,20,0,20,78
06/14/2022,GTF,MT,ANM,WE,Combined TRACON& Tower with Radar,10,28,10,6,54,0,0,0,4,4,10,28,10,10,58,0,0,0,58
06/15/2022,GTF,MT,ANM,WE,Combined TRACON& Tower with Radar,13,30,10,2,55,0,0,4,4,8,13,30,14,6,63,0,0,0,63
06/16/2022,GTF,MT,ANM,WE,Combined TRACON& Tower with Radar,10,32,19,8,69,0,7,30,5,42,10,39,49,13,111,50,0,50,161
06/17/2022,GTF,MT,ANM,WE,Combined TRACON& Tower with Radar,12,33,13,9,67,0,0,33,0,33,12,33,46,9,100,29,4,33,133
06/18/2022,GTF,MT,ANM,WE,Combined TRACON& Tower with Radar,8,25,8,0,41,0,0,25,0,25,8,25,33,0,66,20,0,20,86
06/19/2022,GTF,MT,ANM,WE,Combined TRACON& Tower with Radar,9,11,4,0,24,0,0,11,0,11,9,11,15,0,35,2,0,2,37
06/20/2022,GTF,MT,ANM,WE,Combined TRACON& Tower with Radar,9,23,24,0,56,0,0,2,0,2,9,23,26,0,58,0,0,0,58
06/21/2022,GTF,MT,ANM,WE,Combined TRACON& Tower with Radar,10,22,16,12,60,0,2,16,7,25,10,24,32,19,85,32,0,32,117
06/22/2022,GTF,MT,ANM,WE,Combined TRACON& Tower with Radar,10,21,15,5,51,0,0,29,10,39,10,21,44,15,90,12,0,12,102
06/23/2022,GTF,MT,ANM,WE,Combined TRACON& Tower with Radar,10,25,17,5,57,0,0,32,4,36,10,25,49,9,93,34,0,34,127
06/24/2022,GTF,MT,ANM,WE,Combined TRACON& Tower with Radar,10,29,18,7,64,0,0,30,1,31,10,29,48,8,95,46,8,54,149
06/25/2022,GTF,MT,ANM,WE,Combined TRACON& Tower with Radar,8,24,5,0,37,0,0,38,1,39,8,24,43,1,76,66,0,66,142
06/26/2022,GTF,MT,ANM,WE,Combined TRACON& Tower with Radar,7,16,18,0,41,0,0,33,0,33,7,16,51,0,74,6,0,6,80
06/27/2022,GTF,MT,ANM,WE,Combined TRACON& Tower with Radar,7,22,22,1,52,0,1,27,3,31,7,23,49,4,83,26,0,26,109
06/28/2022,GTF,MT,ANM,WE,Combined TRACON& Tower with Radar,12,25,15,3,55,0,1,29,7,37,12,26,44,10,92,76,0,76,168
06/29/2022,GTF,MT,ANM,WE,Combined TRACON& Tower with Radar,10,34,16,4,64,0,0,16,2,18,10,34,32,6,82,44,0,44,126
06/30/2022,GTF,MT,ANM,WE,Combined TRACON& Tower with Radar,11,32,12,12,67,0,0,36,6,42,11,32,48,18,109,66,36,102,211
07/01/2022,GTF,MT,ANM,WE,Combined TRACON& Tower with Radar,11,25,7,1,44,0,0,34,3,37,11,25,41,4,81,62,0,62,143
07/02/2022,GTF,MT,ANM,WE,Combined TRACON& Tower with Radar,8,21,5,2,36,0,1,23,0,24,8,22,28,2,60,10,0,10,70
07/03/2022,GTF,MT,ANM,WE,Combined TRACON& Tower with Radar,7,17,7,0,31,0,0,3,0,3,7,17,10,0,34,0,0,0,34
07/04/2022,GTF,MT,ANM,WE,Combined TRACON& Tower with Radar,6,11,8,0,25,0,0,11,2,13,6,11,19,2,38,12,0,12,50
07/05/2022,GTF,MT,ANM,WE,Combined TRACON& Tower with Radar,5,24,25,4,58,0,0,26,10,36,5,24,51,14,94,30,32,62,156
07/06/2022,GTF,MT,ANM,WE,Combined TRACON& Tower with Radar,10,27,28,4,69,0,0,43,6,49,10,27,71,10,118,56,0,56,174
07/07/2022,GTF,MT,ANM,WE,Combined TRACON& Tower with Radar,10,23,18,6,57,0,0,33,20,53,10,23,51,26,110,50,2,52,162
07/08/2022,GTF,MT,ANM,WE,Combined TRACON& Tower with Radar,9,30,15,0,54,0,0,41,2,43,9,30,56,2,97,66,0,66,163
07/09/2022,GTF,MT,ANM,WE,Combined TRACON& Tower with Radar,8,23,13,2,46,0,0,20,0,20,8,23,33,2,66,10,0,10,76
07/10/2022,GTF,MT,ANM,WE,Combined TRACON& Tower with Radar,7,18,12,2,39,0,0,15,0,15,7,18,27,2,54,16,0,16,70
07/11/2022,GTF,MT,ANM,WE,Combined TRACON& Tower with Radar,7,21,21,4,53,0,1,24,5,30,7,22,45,9,83,58,12,70,153
07/12/2022,GTF,MT,ANM,WE,Combined TRACON& Tower with Radar,10,28,26,6,70,0,1,41,8,50,10,29,67,14,120,16,24,40,160
07/13/2022,GTF,MT,ANM,WE,Combined TRACON& Tower with Radar,10,38,17,2,67,0,3,23,6,32,10,41,40,8,99,26,0,26,125
07/14/2022,GTF,MT,ANM,WE,Combined TRACON& Tower with Radar,10,28,21,5,64,0,1,27,5,33,10,29,48,10,97,40,4,44,141
07/15/2022,GTF,MT,ANM,WE,Combined TRACON& Tower with Radar,8,30,10,2,50,0,0,26,4,30,8,30,36,6,80,14,0,14,94
07/16/2022,GTF,MT,ANM,WE,Combined TRACON& Tower with Radar,10,20,14,0,44,0,1,28,2,31,10,21,42,2,75,20,0,20,95
07/17/2022,GTF,MT,ANM,WE,Combined TRACON& Tower with Radar,9,13,19,7,48,0,0,25,0,25,9,13,44,7,73,4,0,4,77
07/18/2022,GTF,MT,ANM,WE,Combined TRACON& Tower with Radar,7,21,21,5,54,0,1,8,2,11,7,22,29,7,65,8,0,8,73
07/19/2022,GTF,MT,ANM,WE,Combined TRACON& Tower with Radar,10,28,20,7,65,0,0,36,7,43,10,28,56,14,108,67,4,71,179
07/20/2022,GTF,MT,ANM,WE,Combined TRACON& Tower with Radar,10,23,15,7,55,0,0,41,8,49,10,23,56,15,104,32,0,32,136
07/21/2022,GTF,MT,ANM,WE,Combined TRACON& Tower with Radar,10,22,30,13,75,0,3,46,14,63,10,25,76,27,138,40,10,50,188
07/22/2022,GTF,MT,ANM,WE,Combined TRACON& Tower with Radar,10,34,4,0,48,0,3,17,20,40,10,37,21,20,88,18,0,18,106
07/23/2022,GTF,MT,ANM,WE,Combined TRACON& Tower with Radar,10,21,5,0,36,0,1,36,9,46,10,22,41,9,82,4,0,4,86
07/24/2022,GTF,MT,ANM,WE,Combined TRACON& Tower with Radar,7,17,6,6,36,0,1,33,16,50,7,18,39,22,86,0,0,0,86
07/25/2022,GTF,MT,ANM,WE,Combined TRACON& Tower with Radar,7,18,20,6,51,0,5,39,9,53,7,23,59,15,104,81,0,81,185
07/26/2022,GTF,MT,ANM,WE,Combined TRACON& Tower with Radar,10,22,19,12,63,0,0,21,5,26,10,22,40,17,89,33,0,33,122
07/27/2022,GTF,MT,ANM,WE,Combined TRACON& Tower with Radar,10,25,18,0,53,0,0,38,2,40,10,25,56,2,93,76,0,76,169
07/28/2022,GTF,MT,ANM,WE,Combined TRACON& Tower with Radar,10,25,24,3,62,0,0,33,2,35,10,25,57,5,97,36,0,36,133
07/29/2022,GTF,MT,ANM,WE,Combined TRACON& Tower with Radar,10,34,21,1,66,0,0,36,3,39,10,34,57,4,105,32,0,32,137
07/30/2022,GTF,MT,ANM,WE,Combined TRACON& Tower with Radar,8,13,9,1,31,0,1,24,0,25,8,14,33,1,56,20,0,20,76
07/31/2022,GTF,MT,ANM,WE,Combined TRACON& Tower with Radar,4,12,7,2,25,0,1,31,0,32,4,13,38,2,57,20,0,20,77
08/01/2022,GTF,MT,ANM,WE,Combined TRACON& Tower with Radar,8,19,18,2,47,0,0,21,3,24,8,19,39,5,71,20,0,20,91
08/02/2022,GTF,MT,ANM,WE,Combined TRACON& Tower with Radar,12,24,13,6,55,0,0,6,6,12,12,24,19,12,67,6,0,6,73
08/03/2022,GTF,MT,ANM,WE,Combined TRACON& Tower with Radar,10,29,11,6,56,0,0,17,7,24,10,29,28,13,80,32,2,34,114
08/04/2022,GTF,MT,ANM,WE,Combined TRACON& Tower with Radar,10,31,15,0,56,0,4,19,2,25,10,35,34,2,81,66,0,66,147
08/05/2022,GTF,MT,ANM,WE,Combined TRACON& Tower with Radar,12,27,23,4,66,0,1,29,5,35,12,28,52,9,101,58,4,62,163
08/06/2022,GTF,MT,ANM,WE,Combined TRACON& Tower with Radar,9,20,9,0,38,0,0,17,2,19,9,20,26,2,57,18,0,18,75
08/07/2022,GTF,MT,ANM,WE,Combined TRACON& Tower with Radar,6,16,10,0,32,0,0,17,0,17,6,16,27,0,49,34,0,34,83
08/08/2022,GTF,MT,ANM,WE,Combined TRACON& Tower with Radar,5,19,14,4,42,0,0,17,12,29,5,19,31,16,71,32,10,42,113
08/09/2022,GTF,MT,ANM,WE,Combined TRACON& Tower with Radar,11,32,13,9,65,0,4,36,7,47,11,36,49,16,112,54,0,54,166
08/10/2022,GTF,MT,ANM,WE,Combined TRACON& Tower with Radar,11,34,23,0,68,0,1,25,4,30,11,35,48,4,98,62,0,62,160
08/11/2022,GTF,MT,ANM,WE,Combined TRACON& Tower with Radar,10,43,21,1,75,0,0,14,6,20,10,43,35,7,95,30,0,30,125
08/12/2022,GTF,MT,ANM,WE,Combined TRACON& Tower with Radar,12,30,8,2,52,0,0,23,4,27,12,30,31,6,79,56,0,56,135
08/13/2022,GTF,MT,ANM,WE,Combined TRACON& Tower with Radar,8,23,8,3,42,0,0,16,3,19,8,23,24,6,61,0,0,0,61
08/14/2022,GTF,MT,ANM,WE,Combined TRACON& Tower with Radar,7,18,7,1,33,0,0,22,0,22,7,18,29,1,55,0,0,0,55
08/15/2022,GTF,MT,ANM,WE,Combined TRACON& Tower with Radar,7,18,20,25,70,0,0,29,6,35,7,18,49,31,105,66,34,100,205
08/16/2022,GTF,MT,ANM,WE,Combined TRACON& Tower with Radar,10,26,15,16,67,0,0,38,2,40,10,26,53,18,107,44,12,56,163
08/17/2022,GTF,MT,ANM,WE,Combined TRACON& Tower with Radar,10,24,10,6,50,0,2,21,10,33,10,26,31,16,83,16,10,26,109
08/18/2022,GTF,MT,ANM,WE,Combined TRACON& Tower with Radar,10,27,28,10,75,0,1,35,6,42,10,28,63,16,117,50,18,68,185
08/19/2022,GTF,MT,ANM,WE,Combined TRACON& Tower with Radar,10,31,8,9,58,0,1,19,0,20,10,32,27,9,78,66,0,66,144
08/20/2022,GTF,MT,ANM,WE,Combined TRACON& Tower with Radar,8,19,14,1,42,0,1,24,1,26,8,20,38,2,68,4,0,4,72
08/21/2022,GTF,MT,ANM,WE,Combined TRACON& Tower with Radar,7,21,15,1,44,0,0,17,0,17,7,21,32,1,61,0,0,0,61
08/22/2022,GTF,MT,ANM,WE,Combined TRACON& Tower with Radar,7,20,16,2,45,0,1,25,5,31,7,21,41,7,76,2,0,2,78
08/23/2022,GTF,MT,ANM,WE,Combined TRACON& Tower with Radar,10,38,10,6,64,0,1,21,4,26,10,39,31,10,90,28,4,32,122
08/24/2022,GTF,MT,ANM,WE,Combined TRACON& Tower with Radar,10,25,12,1,48,0,1,6,1,8,10,26,18,2,56,8,0,8,64
08/25/2022,GTF,MT,ANM,WE,Combined TRACON& Tower with Radar,11,29,20,1,61,0,0,21,7,28,11,29,41,8,89,50,0,50,139
08/26/2022,GTF,MT,ANM,WE,Combined TRACON& Tower with Radar,11,27,15,6,59,0,0,17,9,26,11,27,32,15,85,30,12,42,127
08/27/2022,GTF,MT,ANM,WE,Combined TRACON& Tower with Radar,8,25,16,4,53,0,0,15,0,15,8,25,31,4,68,0,0,0,68
08/28/2022,GTF,MT,ANM,WE,Combined TRACON& Tower with Radar,7,17,15,1,40,0,0,15,0,15,7,17,30,1,55,0,0,0,55
08/29/2022,GTF,MT,ANM,WE,Combined TRACON& Tower with Radar,7,21,15,9,52,0,1,20,3,24,7,22,35,12,76,36,16,52,128
08/30/2022,GTF,MT,ANM,WE,Combined TRACON& Tower with Radar,12,23,7,7,49,0,1,18,6,25,12,24,25,13,74,44,28,72,146
08/31/2022,GTF,MT,ANM,WE,Combined TRACON& Tower with Radar,10,32,8,9,59,0,2,29,10,41,10,34,37,19,100,40,0,40,140
09/01/2022,GTF,MT,ANM,WE,Combined TRACON& Tower with Radar,12,28,14,10,64,0,0,40,7,47,12,28,54,17,111,32,16,48,159
09/02/2022,GTF,MT,ANM,WE,Combined TRACON& Tower with Radar,10,29,7,0,46,0,1,13,0,14,10,30,20,0,60,0,0,0,60
09/03/2022,GTF,MT,ANM,WE,Combined TRACON& Tower with Radar,8,18,3,0,29,0,1,25,0,26,8,19,28,0,55,32,0,32,87
09/04/2022,GTF,MT,ANM,WE,Combined TRACON& Tower with Radar,7,8,7,4,26,0,0,9,0,9,7,8,16,4,35,10,0,10,45
09/05/2022,GTF,MT,ANM,WE,Combined TRACON& Tower with Radar,8,10,13,0,31,0,0,16,1,17,8,10,29,1,48,16,0,16,64
09/06/2022,GTF,MT,ANM,WE,Combined TRACON& Tower with Radar,8,25,13,10,56,0,0,30,2,32,8,25,43,12,88,34,20,54,142
09/07/2022,GTF,MT,ANM,WE,Combined TRACON& Tower with Radar,14,29,10,4,57,0,0,18,2,20,14,29,28,6,77,14,0,14,91
09/08/2022,GTF,MT,ANM,WE,Combined TRACON& Tower with Radar,14,25,21,17,77,0,1,25,7,33,14,26,46,24,110,16,20,36,146
09/09/2022,GTF,MT,ANM,WE,Combined TRACON& Tower with Radar,13,25,12,5,55,0,0,22,2,24,13,25,34,7,79,32,6,38,117
09/10/2022,GTF,MT,ANM,WE,Combined TRACON& Tower with Radar,8,16,6,1,31,0,0,35,2,37,8,16,41,3,68,20,0,20,88
09/11/2022,GTF,MT,ANM,WE,Combined TRACON& Tower with Radar,9,14,22,3,48,0,0,17,4,21,9,14,39,7,69,6,6,12,81
09/12/2022,GTF,MT,ANM,WE,Combined TRACON& Tower with Radar,12,21,24,11,68,0,1,24,4,29,12,22,48,15,97,92,0,92,189
09/13/2022,GTF,MT,ANM,WE,Combined TRACON& Tower with Radar,14,26,20,11,71,0,0,30,8,38,14,26,50,19,109,54,0,54,163
09/14/2022,GTF,MT,ANM,WE,Combined TRACON& Tower with Radar,14,21,27,1,63,0,0,15,6,21,14,21,42,7,84,12,0,12,96
09/15/2022,GTF,MT,ANM,WE,Combined TRACON& Tower with Radar,16,27,10,5,58,0,0,32,5,37,16,27,42,10,95,20,0,20,115
09/16/2022,GTF,MT,ANM,WE,Combined TRACON& Tower with Radar,14,25,14,6,59,0,0,11,2,13,14,25,25,8,72,48,0,48,120
09/17/2022,GTF,MT,ANM,WE,Combined TRACON& Tower with Radar,10,16,14,0,40,0,0,17,0,17,10,16,31,0,57,22,0,22,79
09/18/2022,GTF,MT,ANM,WE,Combined TRACON& Tower with Radar,9,9,12,0,30,0,0,10,0,10,9,9,22,0,40,16,0,16,56
09/19/2022,GTF,MT,ANM,WE,Combined TRACON& Tower with Radar,11,21,32,1,65,0,0,5,3,8,11,21,37,4,73,8,0,8,81
09/20/2022,GTF,MT,ANM,WE,Combined TRACON& Tower with Radar,14,38,34,12,98,0,0,16,8,24,14,38,50,20,122,58,6,64,186
09/21/2022,GTF,MT,ANM,WE,Combined TRACON& Tower with Radar,14,28,15,3,60,0,0,31,7,38,14,28,46,10,98,30,0,30,128
09/22/2022,GTF,MT,ANM,WE,Combined TRACON& Tower with Radar,14,32,11,6,63,0,0,13,14,27,14,32,24,20,90,28,18,46,136
09/23/2022,GTF,MT,ANM,WE,Combined TRACON& Tower with Radar,14,31,9,1,55,0,0,11,1,12,14,31,20,2,67,28,0,28,95
09/24/2022,GTF,MT,ANM,WE,Combined TRACON& Tower with Radar,8,14,9,1,32,0,0,20,1,21,8,14,29,2,53,14,0,14,67
09/25/2022,GTF,MT,ANM,WE,Combined TRACON& Tower with Radar,9,12,7,0,28,0,0,38,0,38,9,12,45,0,66,18,0,18,84
09/26/2022,GTF,MT,ANM,WE,Combined TRACON& Tower with Radar,11,18,9,5,43,0,0,30,5,35,11,18,39,10,78,32,0,32,110
09/27/2022,GTF,MT,ANM,WE,Combined TRACON& Tower with Radar,14,26,6,46,92,0,1,22,11,34,14,27,28,57,126,42,30,72,198
09/28/2022,GTF,MT,ANM,WE,Combined TRACON& Tower with Radar,14,22,11,5,52,0,0,23,4,27,14,22,34,9,79,58,0,58,137
09/29/2022,GTF,MT,ANM,WE,Combined TRACON& Tower with Radar,14,22,9,3,48,0,0,12,3,15,14,22,21,6,63,8,0,8,71
09/30/2022,GTF,MT,ANM,WE,Combined TRACON& Tower with Radar,14,27,2,0,43,0,0,2,2,4,14,27,4,2,47,0,0,0,47
10/01/2022,GTF,MT,ANM,WE,Combined TRACON& Tower with Radar,10,19,9,0,38,0,0,1,0,1,10,19,10,0,39,0,0,0,39
10/02/2022,GTF,MT,ANM,WE,Combined TRACON& Tower with Radar,11,11,16,0,38,0,0,7,0,7,11,11,23,0,45,46,0,46,91
10/03/2022,GTF,MT,ANM,WE,Combined TRACON& Tower with Radar,11,26,22,3,62,0,2,20,7,29,11,28,42,10,91,48,12,60,151
10/04/2022,GTF,MT,ANM,WE,Combined TRACON& Tower with Radar,14,24,14,0,52,0,3,32,6,41,14,27,46,6,93,70,0,70,163
10/05/2022,GTF,MT,ANM,WE,Combined TRACON& Tower with Radar,15,23,18,5,61,0,1,26,11,38,15,24,44,16,99,68,0,68,167
10/06/2022,GTF,MT,ANM,WE,Combined TRACON& Tower with Radar,22,18,14,5,59,0,0,25,5,30,22,18,39,10,89,0,0,0,89
10/07/2022,GTF,MT,ANM,WE,Combined TRACON& Tower with Radar,20,28,20,2,70,0,1,16,2,19,20,29,36,4,89,8,0,8,97
10/08/2022,GTF,MT,ANM,WE,Combined TRACON& Tower with Radar,14,22,13,0,49,0,1,35,0,36,14,23,48,0,85,24,0,24,109
10/09/2022,GTF,MT,ANM,WE,Combined TRACON& Tower with Radar,19,5,5,0,29,0,2,17,0,19,19,7,22,0,48,0,0,0,48
10/10/2022,GTF,MT,ANM,WE,Combined TRACON& Tower with Radar,17,8,21,0,46,0,0,13,0,13,17,8,34,0,59,0,0,0,59
10/11/2022,GTF,MT,ANM,WE,Combined TRACON& Tower with Radar,16,19,18,5,58,0,0,30,5,35,16,19,48,10,93,0,0,0,93
10/12/2022,GTF,MT,ANM,WE,Combined TRACON& Tower with Radar,20,21,23,6,70,0,0,29,5,34,20,21,52,11,104,0,0,0,104
10/13/2022,GTF,MT,ANM,WE,Combined TRACON& Tower with Radar,22,18,8,0,48,0,0,22,3,25,22,18,30,3,73,0,0,0,73
10/14/2022,GTF,MT,ANM,WE,Combined TRACON& Tower with Radar,20,25,17,6,68,0,0,34,6,40,20,25,51,12,108,0,0,0,108
10/15/2022,GTF,MT,ANM,WE,Combined TRACON& Tower with Radar,14,15,9,1,39,0,0,18,0,18,14,15,27,1,57,0,0,0,57
10/16/2022,GTF,MT,ANM,WE,Combined TRACON& Tower with Radar,21,5,3,1,30,0,0,27,0,27,21,5,30,1,57,0,0,0,57
10/17/2022,GTF,MT,ANM,WE,Combined TRACON& Tower with Radar,17,7,6,12,42,0,0,25,4,29,17,7,31,16,71,0,0,0,71
10/18/2022,GTF,MT,ANM,WE,Combined TRACON& Tower with Radar,18,17,6,2,43,0,0,23,2,25,18,17,29,4,68,28,0,28,96
10/19/2022,GTF,MT,ANM,WE,Combined TRACON& Tower with Radar,18,17,17,2,54,0,2,39,6,47,18,19,56,8,101,46,0,46,147
10/20/2022,GTF,MT,ANM,WE,Combined TRACON& Tower with Radar,24,23,12,4,63,0,0,22,10,32,24,23,34,14,95,30,0,30,125
10/21/2022,GTF,MT,ANM,WE,Combined TRACON& Tower with Radar,20,24,14,0,58,0,0,12,0,12,20,24,26,0,70,6,0,6,76
10/22/2022,GTF,MT,ANM,WE,Combined TRACON& Tower with Radar,14,11,3,0,28,0,0,0,0,0,14,11,3,0,28,0,0,0,28
10/23/2022,GTF,MT,ANM,WE,Combined TRACON& Tower with Radar,19,10,0,0,29,0,0,0,0,0,19,10,0,0,29,0,0,0,29
10/24/2022,GTF,MT,ANM,WE,Combined TRACON& Tower with Radar,19,7,5,2,33,0,1,4,2,7,19,8,9,4,40,24,0,24,64
10/25/2022,GTF,MT,ANM,WE,Combined TRACON& Tower with Radar,18,22,14,0,54,0,0,3,0,3,18,22,17,0,57,36,0,36,93
10/26/2022,GTF,MT,ANM,WE,Combined TRACON& Tower with Radar,17,17,14,8,56,0,0,24,8,32,17,17,38,16,88,0,0,0,88
10/27/2022,GTF,MT,ANM,WE,Combined TRACON& Tower with Radar,25,15,16,6,62,0,0,2,8,10,25,15,18,14,72,0,0,0,72
10/28/2022,GTF,MT,ANM,WE,Combined TRACON& Tower with Radar,20,18,5,0,43,0,0,11,0,11,20,18,16,0,54,4,0,4,58
10/29/2022,GTF,MT,ANM,WE,Combined TRACON& Tower with Radar,14,12,10,0,36,0,0,9,0,9,14,12,19,0,45,10,0,10,55
10/30/2022,GTF,MT,ANM,WE,Combined TRACON& Tower with Radar,15,3,6,0,24,0,0,3,0,3,15,3,9,0,27,0,0,0,27
10/31/2022,GTF,MT,ANM,WE,Combined TRACON& Tower with Radar,13,15,12,3,43,0,1,9,3,13,13,16,21,6,56,0,0,0,56
11/01/2022,GTF,MT,ANM,WE,Combined TRACON& Tower with Radar,16,19,8,23,66,0,0,22,9,31,16,19,30,32,97,53,24,77,174
11/02/2022,GTF,MT,ANM,WE,Combined TRACON& Tower with Radar,16,15,6,1,38,0,0,0,1,1,16,15,6,2,39,0,0,0,39
11/03/2022,GTF,MT,ANM,WE,Combined TRACON& Tower with Radar,20,26,5,2,53,0,0,24,4,28,20,26,29,6,81,88,0,88,169
11/04/2022,GTF,MT,ANM,WE,Combined TRACON& Tower with Radar,18,12,1,0,31,0,0,5,4,9,18,12,6,4,40,0,0,0,40
11/05/2022,GTF,MT,ANM,WE,Combined TRACON& Tower with Radar,10,8,1,1,20,0,0,2,0,2,10,8,3,1,22,0,0,0,22
11/06/2022,GTF,MT,ANM,WE,Combined TRACON& Tower with Radar,15,10,7,1,33,0,0,2,0,2,15,10,9,1,35,12,0,12,47
11/07/2022,GTF,MT,ANM,WE,Combined TRACON& Tower with Radar,13,14,7,1,35,0,0,0,1,1,13,14,7,2,36,0,0,0,36
11/08/2022,GTF,MT,ANM,WE,Combined TRACON& Tower with Radar,15,24,6,0,45,0,0,0,0,0,15,24,6,0,45,30,32,62,107
11/09/2022,GTF,MT,ANM,WE,Combined TRACON& Tower with Radar,17,9,0,1,27,0,0,0,0,0,17,9,0,1,27,0,0,0,27
11/10/2022,GTF,MT,ANM,WE,Combined TRACON& Tower with Radar,20,20,7,5,52,0,0,15,5,20,20,20,22,10,72,0,0,0,72
11/11/2022,GTF,MT,ANM,WE,Combined TRACON& Tower with Radar,18,20,16,0,54,0,1,31,0,32,18,21,47,0,86,63,0,63,149
11/12/2022,GTF,MT,ANM,WE,Combined TRACON& Tower with Radar,12,18,2,0,32,0,0,13,0,13,12,18,15,0,45,48,0,48,93
11/13/2022,GTF,MT,ANM,WE,Combined TRACON& Tower with Radar,17,6,4,0,27,0,0,3,2,5,17,6,7,2,32,16,0,16,48
11/14/2022,GTF,MT,ANM,WE,Combined TRACON& Tower with Radar,15,16,5,6,42,0,0,5,6,11,15,16,10,12,53,0,0,0,53
11/15/2022,GTF,MT,ANM,WE,Combined TRACON& Tower with Radar,16,18,9,14,57,0,1,21,9,31,16,19,30,23,88,48,16,64,152
11/16/2022,GTF,MT,ANM,WE,Combined TRACON& Tower with Radar,14,25,14,4,57,0,0,10,2,12,14,25,24,6,69,8,0,8,77
11/17/2022,GTF,MT,ANM,WE,Combined TRACON& Tower with Radar,18,20,4,11,53,0,0,9,0,9,18,20,13,11,62,42,0,42,104
11/18/2022,GTF,MT,ANM,WE,Combined TRACON& Tower with Radar,20,20,7,4,51,0,5,6,2,13,20,25,13,6,64,10,0,10,74
11/19/2022,GTF,MT,ANM,WE,Combined TRACON& Tower with Radar,12,12,3,0,27,0,0,11,0,11,12,12,14,0,38,18,0,18,56
11/20/2022,GTF,MT,ANM,WE,Combined TRACON& Tower with Radar,17,1,8,0,26,0,0,7,0,7,17,1,15,0,33,4,0,4,37
11/21/2022,GTF,MT,ANM,WE,Combined TRACON& Tower with Radar,13,13,13,9,48,0,0,13,5,18,13,13,26,14,66,34,10,44,110
11/22/2022,GTF,MT,ANM,WE,Combined TRACON& Tower with Radar,18,26,20,5,69,0,0,14,4,18,18,26,34,9,87,20,0,20,107
11/23/2022,GTF,MT,ANM,WE,Combined TRACON& Tower with Radar,20,22,6,4,52,0,0,2,4,6,20,22,8,8,58,0,0,0,58
11/24/2022,GTF,MT,ANM,WE,Combined TRACON& Tower with Radar,6,4,2,0,12,0,0,0,0,0,6,4,2,0,12,0,0,0,12
11/25/2022,GTF,MT,ANM,WE,Combined TRACON& Tower with Radar,14,13,6,0,33,0,0,2,0,2,14,13,8,0,35,0,0,0,35
11/26/2022,GTF,MT,ANM,WE,Combined TRACON& Tower with Radar,16,11,4,0,31,0,0,2,0,2,16,11,6,0,33,6,0,6,39
11/27/2022,GTF,MT,ANM,WE,Combined TRACON& Tower with Radar,17,15,3,0,35,0,0,3,0,3,17,15,6,0,38,0,0,0,38
11/28/2022,GTF,MT,ANM,WE,Combined TRACON& Tower with Radar,13,10,15,2,40,0,0,0,0,0,13,10,15,2,40,26,10,36,76
11/29/2022,GTF,MT,ANM,WE,Combined TRACON& Tower with Radar,16,29,9,9,63,0,2,11,1,14,16,31,20,10,77,12,0,12,89
11/30/2022,GTF,MT,ANM,WE,Combined TRACON& Tower with Radar,16,22,18,3,59,0,0,15,7,22,16,22,33,10,81,30,0,30,111
12/01/2022,GTF,MT,ANM,WE,Combined TRACON& Tower with Radar,20,22,6,2,50,0,0,1,0,1,20,22,7,2,51,8,0,8,59
12/02/2022,GTF,MT,ANM,WE,Combined TRACON& Tower with Radar,19,19,12,5,55,0,0,9,5,14,19,19,21,10,69,0,0,0,69
12/03/2022,GTF,MT,ANM,WE,Combined TRACON& Tower with Radar,12,14,2,1,29,0,6,13,0,19,12,20,15,1,48,20,0,20,68
12/04/2022,GTF,MT,ANM,WE,Combined TRACON& Tower with Radar,21,4,6,1,32,0,0,12,0,12,21,4,18,1,44,6,0,6,50
12/05/2022,GTF,MT,ANM,WE,Combined TRACON& Tower with Radar,15,14,9,3,41,0,0,5,3,8,15,14,14,6,49,16,0,16,65
12/06/2022,GTF,MT,ANM,WE,Combined TRACON& Tower with Radar,16,24,7,2,49,0,0,0,2,2,16,24,7,4,51,0,0,0,51
12/07/2022,GTF,MT,ANM,WE,Combined TRACON& Tower with Radar,16,20,9,12,57,0,0,13,3,16,16,20,22,15,73,30,10,40,113
12/08/2022,GTF,MT,ANM,WE,Combined TRACON& Tower with Radar,22,24,9,17,72,0,0,8,19,27,22,24,17,36,99,54,36,90,189
12/09/2022,GTF,MT,ANM,WE,Combined TRACON& Tower with Radar,18,22,6,8,54,0,0,9,6,15,18,22,15,14,69,104,0,104,173
12/10/2022,GTF,MT,ANM,WE,Combined TRACON& Tower with Radar,14,11,7,2,34,0,2,17,0,19,14,13,24,2,53,6,0,6,59
12/11/2022,GTF,MT,ANM,WE,Combined TRACON& Tower with Radar,19,5,2,0,26,0,0,8,0,8,19,5,10,0,34,28,0,28,62
12/12/2022,GTF,MT,ANM,WE,Combined TRACON& Tower with Radar,17,18,8,0,43,0,0,3,0,3,17,18,11,0,46,16,0,16,62
12/13/2022,GTF,MT,ANM,WE,Combined TRACON& Tower with Radar,16,23,11,22,72,0,0,15,2,17,16,23,26,24,89,64,2,66,155
12/14/2022,GTF,MT,ANM,WE,Combined TRACON& Tower with Radar,16,22,6,0,44,0,0,0,2,2,16,22,6,2,46,0,0,0,46
12/15/2022,GTF,MT,ANM,WE,Combined TRACON& Tower with Radar,18,27,12,7,64,0,0,6,7,13,18,27,18,14,77,4,26,30,107
12/16/2022,GTF,MT,ANM,WE,Combined TRACON& Tower with Radar,18,27,12,9,66,0,0,16,4,20,18,27,28,13,86,22,4,26,112
12/17/2022,GTF,MT,ANM,WE,Combined TRACON& Tower with Radar,16,15,10,1,42,0,0,4,0,4,16,15,14,1,46,4,0,4,50
12/18/2022,GTF,MT,ANM,WE,Combined TRACON& Tower with Radar,13,6,6,0,25,0,0,1,0,1,13,6,7,0,26,0,0,0,26
12/19/2022,GTF,MT,ANM,WE,Combined TRACON& Tower with Radar,15,14,12,3,44,0,0,0,2,2,15,14,12,5,46,0,0,0,46
12/20/2022,GTF,MT,ANM,WE,Combined TRACON& Tower with Radar,14,20,6,0,40,0,0,0,0,0,14,20,6,0,40,0,0,0,40
12/21/2022,GTF,MT,ANM,WE,Combined TRACON& Tower with Radar,11,21,21,0,53,0,0,0,0,0,11,21,21,0,53,0,0,0,53
12/22/2022,GTF,MT,ANM,WE,Combined TRACON& Tower with Radar,21,20,4,1,46,0,0,3,1,4,21,20,7,2,50,0,0,0,50
12/23/2022,GTF,MT,ANM,WE,Combined TRACON& Tower with Radar,12,23,4,0,39,0,0,3,0,3,12,23,7,0,42,0,0,0,42
12/24/2022,GTF,MT,ANM,WE,Combined TRACON& Tower with Radar,16,12,4,0,32,0,0,4,0,4,16,12,8,0,36,0,0,0,36
12/25/2022,GTF,MT,ANM,WE,Combined TRACON& Tower with Radar,10,6,4,0,20,0,0,1,0,1,10,6,5,0,21,0,0,0,21
12/26/2022,GTF,MT,ANM,WE,Combined TRACON& Tower with Radar,20,13,14,0,47,0,0,3,0,3,20,13,17,0,50,24,0,24,74
12/27/2022,GTF,MT,ANM,WE,Combined TRACON& Tower with Radar,22,19,8,2,51,0,0,5,4,9,22,19,13,6,60,6,0,6,66
12/28/2022,GTF,MT,ANM,WE,Combined TRACON& Tower with Radar,20,22,5,15,62,0,0,2,3,5,20,22,7,18,67,0,12,12,79
12/29/2022,GTF,MT,ANM,WE,Combined TRACON& Tower with Radar,22,18,11,0,51,0,0,15,2,17,22,18,26,2,68,24,0,24,92
12/30/2022,GTF,MT,ANM,WE,Combined TRACON& Tower with Radar,16,23,9,0,48,0,0,9,2,11,16,23,18,2,59,16,0,16,75
12/31/2022,GTF,MT,ANM,WE,Combined TRACON& Tower with Radar,17,14,5,0,36,0,0,4,0,4,17,14,9,0,40,36,0,36,76
01/01/2023,GTF,MT,ANM,WE,Combined TRACON& Tower with Radar,10,6,0,0,16,0,0,13,0,13,10,6,13,0,29,44,0,44,73
01/02/2023,GTF,MT,ANM,WE,Combined TRACON& Tower with Radar,12,5,10,0,27,0,0,18,0,18,12,5,28,0,45,14,0,14,59
01/03/2023,GTF,MT,ANM,WE,Combined TRACON& Tower with Radar,17,11,10,2,40,0,0,10,4,14,17,11,20,6,54,12,0,12,66
01/04/2023,GTF,MT,ANM,WE,Combined TRACON& Tower with Radar,18,19,11,10,58,0,0,19,6,25,18,19,30,16,83,30,20,50,133
01/05/2023,GTF,MT,ANM,WE,Combined TRACON& Tower with Radar,22,16,22,19,79,0,0,24,4,28,22,16,46,23,107,72,32,104,211
01/06/2023,GTF,MT,ANM,WE,Combined TRACON& Tower with Radar,20,22,6,4,52,0,0,16,0,16,20,22,22,4,68,30,8,38,106
01/07/2023,GTF,MT,ANM,WE,Combined TRACON& Tower with Radar,14,14,4,3,35,0,0,18,2,20,14,14,22,5,55,8,0,8,63
01/08/2023,GTF,MT,ANM,WE,Combined TRACON& Tower with Radar,17,7,3,2,29,0,0,6,1,7,17,7,9,3,36,4,0,4,40
01/09/2023,GTF,MT,ANM,WE,Combined TRACON& Tower with Radar,17,8,6,14,45,0,1,15,7,23,17,9,21,21,68,18,0,18,86
01/10/2023,GTF,MT,ANM,WE,Combined TRACON& Tower with Radar,18,17,6,11,52,0,0,16,17,33,18,17,22,28,85,28,8,36,121
01/11/2023,GTF,MT,ANM,WE,Combined TRACON& Tower with Radar,18,16,7,7,48,0,0,21,11,32,18,16,28,18,80,40,18,58,138
01/12/2023,GTF,MT,ANM,WE,Combined TRACON& Tower with Radar,22,18,16,30,86,0,0,10,3,13,22,18,26,33,99,10,8,18,117
01/13/2023,GTF,MT,ANM,WE,Combined TRACON& Tower with Radar,18,17,9,5,49,0,2,25,3,30,18,19,34,8,79,30,0,30,109
01/14/2023,GTF,MT,ANM,WE,Combined TRACON& Tower with Radar,12,10,1,1,24,0,1,8,0,9,12,11,9,1,33,6,0,6,39
01/15/2023,GTF,MT,ANM,WE,Combined TRACON& Tower with Radar,15,5,6,1,27,0,0,18,0,18,15,5,24,1,45,60,0,60,105
01/16/2023,GTF,MT,ANM,WE,Combined TRACON& Tower with Radar,15,8,15,2,40,0,0,4,2,6,15,8,19,4,46,0,0,0,46
01/17/2023,GTF,MT,ANM,WE,Combined TRACON& Tower with Radar,17,16,16,5,54,0,1,11,9,21,17,17,27,14,75,48,18,66,141
01/18/2023,GTF,MT,ANM,WE,Combined TRACON& Tower with Radar,19,17,14,7,57,0,0,10,12,22,19,17,24,19,79,10,6,16,95
01/19/2023,GTF,MT,ANM,WE,Combined TRACON& Tower with Radar,20,13,10,5,48,0,0,9,5,14,20,13,19,10,62,18,10,28,90
01/20/2023,GTF,MT,ANM,WE,Combined TRACON& Tower with Radar,20,20,8,6,54,0,1,10,4,15,20,21,18,10,69,2,16,18,87
01/21/2023,GTF,MT,ANM,WE,Combined TRACON& Tower with Radar,12,16,6,0,34,0,0,4,0,4,12,16,10,0,38,0,0,0,38
01/22/2023,GTF,MT,ANM,WE,Combined TRACON& Tower with Radar,17,8,4,0,29,0,0,1,0,1,17,8,5,0,30,0,0,0,30
01/23/2023,GTF,MT,ANM,WE,Combined TRACON& Tower with Radar,15,18,7,11,51,0,0,8,7,15,15,18,15,18,66,0,20,20,86
01/24/2023,GTF,MT,ANM,WE,Combined TRACON& Tower with Radar,18,22,7,9,56,0,0,6,17,23,18,22,13,26,79,36,32,68,147
01/25/2023,GTF,MT,ANM,WE,Combined TRACON& Tower with Radar,18,17,13,13,61,0,0,8,7,15,18,17,21,20,76,18,12,30,106
01/26/2023,GTF,MT,ANM,WE,Combined TRACON& Tower with Radar,19,17,10,1,47,0,0,5,1,6,19,17,15,2,53,0,0,0,53
01/27/2023,GTF,MT,ANM,WE,Combined TRACON& Tower with Radar,19,17,0,0,36,0,0,0,0,0,19,17,0,0,36,0,0,0,36
01/28/2023,GTF,MT,ANM,WE,Combined TRACON& Tower with Radar,12,12,3,0,27,0,0,0,0,0,12,12,3,0,27,0,0,0,27
01/29/2023,GTF,MT,ANM,WE,Combined TRACON& Tower with Radar,16,2,8,0,26,0,0,5,0,5,16,2,13,0,31,0,0,0,31
01/30/2023,GTF,MT,ANM,WE,Combined TRACON& Tower with Radar,15,11,6,6,38,0,0,11,2,13,15,11,17,8,51,0,14,14,65
01/31/2023,GTF,MT,ANM,WE,Combined TRACON& Tower with Radar,16,26,6,4,52,0,0,9,3,12,16,26,15,7,64,14,0,14,78
02/01/2023,GTF,MT,ANM,WE,Combined TRACON& Tower with Radar,14,19,13,1,47,0,1,9,1,11,14,20,22,2,58,6,0,6,64
02/02/2023,GTF,MT,ANM,WE,Combined TRACON& Tower with Radar,18,16,23,3,60,0,1,18,4,23,18,17,41,7,83,22,2,24,107
02/03/2023,GTF,MT,ANM,WE,Combined TRACON& Tower with Radar,19,20,14,13,66,0,0,12,3,15,19,20,26,16,81,74,8,82,163
02/04/2023,GTF,MT,ANM,WE,Combined TRACON& Tower with Radar,15,13,7,2,37,0,1,4,0,5,15,14,11,2,42,4,0,4,46
02/05/2023,GTF,MT,ANM,WE,Combined TRACON& Tower with Radar,16,9,5,1,31,0,0,1,0,1,16,9,6,1,32,4,0,4,36
02/06/2023,GTF,MT,ANM,WE,Combined TRACON& Tower with Radar,15,13,5,5,38,0,0,7,4,11,15,13,12,9,49,12,8,20,69
02/07/2023,GTF,MT,ANM,WE,Combined TRACON& Tower with Radar,18,15,5,6,44,0,0,19,4,23,18,15,24,10,67,44,0,44,111
02/08/2023,GTF,MT,ANM,WE,Combined TRACON& Tower with Radar,18,16,4,6,44,0,0,2,4,6,18,16,6,10,50,6,0,6,56
02/09/2023,GTF,MT,ANM,WE,Combined TRACON& Tower with Radar,20,14,10,4,48,0,0,24,2,26,20,14,34,6,74,22,0,22,96
02/10/2023,GTF,MT,ANM,WE,Combined TRACON& Tower with Radar,18,19,7,12,56,0,0,14,3,17,18,19,21,15,73,18,0,18,91
02/11/2023,GTF,MT,ANM,WE,Combined TRACON& Tower with Radar,12,13,6,2,33,0,1,17,2,20,12,14,23,4,53,25,0,25,78
02/12/2023,GTF,MT,ANM,WE,Combined TRACON& Tower with Radar,15,2,7,0,24,0,0,5,0,5,15,2,12,0,29,0,0,0,29
02/13/2023,GTF,MT,ANM,WE,Combined TRACON& Tower with Radar,13,11,11,3,38,0,1,5,3,9,13,12,16,6,47,1,14,15,62
02/14/2023,GTF,MT,ANM,WE,Combined TRACON& Tower with Radar,16,20,16,10,62,0,0,8,6,14,16,20,24,16,76,36,16,52,128
02/15/2023,GTF,MT,ANM,WE,Combined TRACON& Tower with Radar,20,21,11,6,58,0,2,22,10,34,20,23,33,16,92,42,6,48,140
02/16/2023,GTF,MT,ANM,WE,Combined TRACON& Tower with Radar,20,18,15,5,58,0,2,13,11,26,20,20,28,16,84,36,6,42,126
02/17/2023,GTF,MT,ANM,WE,Combined TRACON& Tower with Radar,19,21,5,5,50,0,2,9,3,14,19,23,14,8,64,0,0,0,64
02/18/2023,GTF,MT,ANM,WE,Combined TRACON& Tower with Radar,14,14,0,0,28,0,0,3,0,3,14,14,3,0,31,0,0,0,31
02/19/2023,GTF,MT,ANM,WE,Combined TRACON& Tower with Radar,17,6,6,0,29,0,0,3,0,3,17,6,9,0,32,0,0,0,32
02/20/2023,GTF,MT,ANM,WE,Combined TRACON& Tower with Radar,17,16,4,0,37,0,0,0,0,0,17,16,4,0,37,40,0,40,77
02/21/2023,GTF,MT,ANM,WE,Combined TRACON& Tower with Radar,19,21,2,0,42,0,0,0,0,0,19,21,2,0,42,0,0,0,42
02/22/2023,GTF,MT,ANM,WE,Combined TRACON& Tower with Radar,19,20,11,1,51,0,0,0,0,0,19,20,11,1,51,0,0,0,51
02/23/2023,GTF,MT,ANM,WE,Combined TRACON& Tower with Radar,30,16,12,0,58,0,0,5,0,5,30,16,17,0,63,0,0,0,63
02/24/2023,GTF,MT,ANM,WE,Combined TRACON& Tower with Radar,22,21,12,0,55,0,1,6,0,7,22,22,18,0,62,6,0,6,68
02/25/2023,GTF,MT,ANM,WE,Combined TRACON& Tower with Radar,14,9,5,6,34,0,1,7,5,13,14,10,12,11,47,2,0,2,49
02/26/2023,GTF,MT,ANM,WE,Combined TRACON& Tower with Radar,19,9,10,1,39,0,0,18,1,19,19,9,28,2,58,24,2,26,84
02/27/2023,GTF,MT,ANM,WE,Combined TRACON& Tower with Radar,20,13,12,13,58,0,0,17,14,31,20,13,29,27,89,64,36,100,189
02/28/2023,GTF,MT,ANM,WE,Combined TRACON& Tower with Radar,19,28,12,5,64,0,0,17,11,28,19,28,29,16,92,50,20,70,162
03/01/2023,GTF,MT,ANM,WE,Combined TRACON& Tower with Radar,18,23,17,3,61,0,0,14,7,21,18,23,31,10,82,56,0,56,138
03/02/2023,GTF,MT,ANM,WE,Combined TRACON& Tower with Radar,21,24,16,11,72,0,0,9,15,24,21,24,25,26,96,6,24,30,126
03/03/2023,GTF,MT,ANM,WE,Combined TRACON& Tower with Radar,24,13,11,1,49,0,0,9,4,13,24,13,20,5,62,14,4,18,80
03/04/2023,GTF,MT,ANM,WE,Combined TRACON& Tower with Radar,14,11,6,5,36,0,0,25,3,28,14,11,31,8,64,12,4,16,80
03/05/2023,GTF,MT,ANM,WE,Combined TRACON& Tower with Radar,19,1,11,0,31,0,0,1,0,1,19,1,12,0,32,0,0,0,32
03/06/2023,GTF,MT,ANM,WE,Combined TRACON& Tower with Radar,18,8,10,1,37,0,0,0,1,1,18,8,10,2,38,12,0,12,50
03/07/2023,GTF,MT,ANM,WE,Combined TRACON& Tower with Radar,19,21,21,6,67,0,0,10,9,19,19,21,31,15,86,66,16,82,168
03/08/2023,GTF,MT,ANM,WE,Combined TRACON& Tower with Radar,20,13,8,3,44,0,0,1,0,1,20,13,9,3,45,47,0,47,92
03/09/2023,GTF,MT,ANM,WE,Combined TRACON& Tower with Radar,22,16,13,3,54,0,2,15,5,22,22,18,28,8,76,2,0,2,78
03/10/2023,GTF,MT,ANM,WE,Combined TRACON& Tower with Radar,21,12,6,1,40,0,0,1,0,1,21,12,7,1,41,0,0,0,41
03/11/2023,GTF,MT,ANM,WE,Combined TRACON& Tower with Radar,14,15,8,0,37,0,0,9,0,9,14,15,17,0,46,18,0,18,64
03/12/2023,GTF,MT,ANM,WE,Combined TRACON& Tower with Radar,19,1,4,2,26,0,0,17,0,17,19,1,21,2,43,16,0,16,59
03/13/2023,GTF,MT,ANM,WE,Combined TRACON& Tower with Radar,19,11,21,6,57,0,0,19,11,30,19,11,40,17,87,45,0,45,132
03/14/2023,GTF,MT,ANM,WE,Combined TRACON& Tower with Radar,18,19,17,15,69,0,2,11,2,15,18,21,28,17,84,16,0,16,100
03/15/2023,GTF,MT,ANM,WE,Combined TRACON& Tower with Radar,18,17,2,5,42,0,0,0,3,3,18,17,2,8,45,32,0,32,77
03/16/2023,GTF,MT,ANM,WE,Combined TRACON& Tower with Radar,20,24,15,1,60,0,1,27,6,34,20,25,42,7,94,30,0,30,124
03/17/2023,GTF,MT,ANM,WE,Combined TRACON& Tower with Radar,20,23,4,3,50,0,0,32,10,42,20,23,36,13,92,2,28,30,122
03/18/2023,GTF,MT,ANM,WE,Combined TRACON& Tower with Radar,14,17,12,1,44,0,0,19,0,19,14,17,31,1,63,4,12,16,79
03/19/2023,GTF,MT,ANM,WE,Combined TRACON& Tower with Radar,19,6,14,0,39,0,4,20,0,24,19,10,34,0,63,10,0,10,73
03/20/2023,GTF,MT,ANM,WE,Combined TRACON& Tower with Radar,17,20,18,21,76,0,0,3,2,5,17,20,21,23,81,22,26,48,129
03/21/2023,GTF,MT,ANM,WE,Combined TRACON& Tower with Radar,18,15,9,12,54,0,0,19,10,29,18,15,28,22,83,52,24,76,159
03/22/2023,GTF,MT,ANM,WE,Combined TRACON& Tower with Radar,18,20,21,15,74,0,2,17,9,28,18,22,38,24,102,57,24,81,183
03/23/2023,GTF,MT,ANM,WE,Combined TRACON& Tower with Radar,20,15,14,13,62,0,0,24,14,38,20,15,38,27,100,28,30,58,158
03/24/2023,GTF,MT,ANM,WE,Combined TRACON& Tower with Radar,19,19,19,0,57,0,0,10,2,12,19,19,29,2,69,56,0,56,125
03/25/2023,GTF,MT,ANM,WE,Combined TRACON& Tower with Radar,15,12,7,0,34,0,2,8,0,10,15,14,15,0,44,8,2,10,54
03/26/2023,GTF,MT,ANM,WE,Combined TRACON& Tower with Radar,19,8,5,0,32,0,0,3,0,3,19,8,8,0,35,8,0,8,43
03/27/2023,GTF,MT,ANM,WE,Combined TRACON& Tower with Radar,17,13,18,10,58,0,0,20,4,24,17,13,38,14,82,12,0,12,94
03/28/2023,GTF,MT,ANM,WE,Combined TRACON& Tower with Radar,18,16,11,11,56,0,0,9,9,18,18,16,20,20,74,90,22,112,186
03/29/2023,GTF,MT,ANM,WE,Combined TRACON& Tower with Radar,18,18,19,34,89,0,1,10,13,24,18,19,29,47,113,44,54,98,211
03/30/2023,GTF,MT,ANM,WE,Combined TRACON& Tower with Radar,20,12,10,7,49,0,0,1,0,1,20,12,11,7,50,0,0,0,50
03/31/2023,GTF,MT,ANM,WE,Combined TRACON& Tower with Radar,19,17,17,3,56,0,0,18,6,24,19,17,35,9,80,16,0,16,96
04/01/2023,GTF,MT,ANM,WE,Combined TRACON& Tower with Radar,13,13,11,1,38,0,0,2,4,6,13,13,13,5,44,4,0,4,48
04/02/2023,GTF,MT,ANM,WE,Combined TRACON& Tower with Radar,19,5,10,2,36,0,1,7,2,10,19,6,17,4,46,10,0,10,56
04/03/2023,GTF,MT,ANM,WE,Combined TRACON& Tower with Radar,17,11,16,8,52,0,0,11,10,21,17,11,27,18,73,84,32,116,189
04/04/2023,GTF,MT,ANM,WE,Combined TRACON& Tower with Radar,18,21,15,9,63,0,0,7,4,11,18,21,22,13,74,102,24,126,200
04/05/2023,GTF,MT,ANM,WE,Combined TRACON& Tower with Radar,18,21,14,14,67,0,0,21,14,35,18,21,35,28,102,26,26,52,154
04/06/2023,GTF,MT,ANM,WE,Combined TRACON& Tower with Radar,20,19,15,2,56,0,5,35,6,46,20,24,50,8,102,13,0,13,115
04/07/2023,GTF,MT,ANM,WE,Combined TRACON& Tower with Radar,20,23,7,23,73,0,0,23,4,27,20,23,30,27,100,16,10,26,126
04/08/2023,GTF,MT,ANM,WE,Combined TRACON& Tower with Radar,14,23,7,0,44,0,0,8,0,8,14,23,15,0,52,0,0,0,52
04/09/2023,GTF,MT,ANM,WE,Combined TRACON& Tower with Radar,19,5,5,0,29,0,2,5,0,7,19,7,10,0,36,0,0,0,36
04/10/2023,GTF,MT,ANM,WE,Combined TRACON& Tower with Radar,17,14,5,7,43,0,0,15,11,26,17,14,20,18,69,10,0,10,79
04/11/2023,GTF,MT,ANM,WE,Combined TRACON& Tower with Radar,18,16,14,3,51,0,0,6,5,11,18,16,20,8,62,6,12,18,80
04/12/2023,GTF,MT,ANM,WE,Combined TRACON& Tower with Radar,20,27,14,7,68,0,2,13,5,20,20,29,27,12,88,68,10,78,166
04/13/2023,GTF,MT,ANM,WE,Combined TRACON& Tower with Radar,20,14,5,0,39,0,0,0,0,0,20,14,5,0,39,0,0,0,39
04/14/2023,GTF,MT,ANM,WE,Combined TRACON& Tower with Radar,20,23,10,1,54,0,0,13,2,15,20,23,23,3,69,74,0,74,143
04/15/2023,GTF,MT,ANM,WE,Combined TRACON& Tower with Radar,14,15,9,1,39,0,1,37,0,38,14,16,46,1,77,46,0,46,123
04/16/2023,GTF,MT,ANM,WE,Combined TRACON& Tower with Radar,21,6,7,1,35,0,0,21,0,21,21,6,28,1,56,28,0,28,84
04/17/2023,GTF,MT,ANM,WE,Combined TRACON& Tower with Radar,17,12,4,17,50,0,0,14,6,20,17,12,18,23,70,26,6,32,102
04/18/2023,GTF,MT,ANM,WE,Combined TRACON& Tower with Radar,18,16,10,4,48,0,0,1,6,7,18,16,11,10,55,20,8,28,83
04/19/2023,GTF,MT,ANM,WE,Combined TRACON& Tower with Radar,20,10,7,0,37,0,0,0,0,0,20,10,7,0,37,0,0,0,37
04/20/2023,GTF,MT,ANM,WE,Combined TRACON& Tower with Radar,20,22,6,0,48,0,0,1,0,1,20,22,7,0,49,0,0,0,49
04/21/2023,GTF,MT,ANM,WE,Combined TRACON& Tower with Radar,20,16,6,0,42,0,0,1,0,1,20,16,7,0,43,18,0,18,61
04/22/2023,GTF,MT,ANM,WE,Combined TRACON& Tower with Radar,14,12,6,2,34,0,2,24,2,28,14,14,30,4,62,26,0,26,88
04/23/2023,GTF,MT,ANM,WE,Combined TRACON& Tower with Radar,19,9,10,0,38,0,1,22,0,23,19,10,32,0,61,48,0,48,109
04/24/2023,GTF,MT,ANM,WE,Combined TRACON& Tower with Radar,17,14,12,0,43,0,0,12,0,12,17,14,24,0,55,44,0,44,99
04/25/2023,GTF,MT,ANM,WE,Combined TRACON& Tower with Radar,18,22,7,10,57,0,0,27,12,39,18,22,34,22,96,92,20,112,208
04/26/2023,GTF,MT,ANM,WE,Combined TRACON& Tower with Radar,18,25,15,11,69,0,0,19,9,28,18,25,34,20,97,52,12,64,161
04/27/2023,GTF,MT,ANM,WE,Combined TRACON& Tower with Radar,20,18,13,1,52,0,1,0,2,3,20,19,13,3,55,22,0,22,77
04/28/2023,GTF,MT,ANM,WE,Combined TRACON& Tower with Radar,20,18,3,0,41,0,3,27,5,35,20,21,30,5,76,60,0,60,136
04/29/2023,GTF,MT,ANM,WE,Combined TRACON& Tower with Radar,14,11,2,0,27,0,0,18,0,18,14,11,20,0,45,58,0,58,103
04/30/2023,GTF,MT,ANM,WE,Combined TRACON& Tower with Radar,19,7,3,0,29,0,0,26,8,34,19,7,29,8,63,14,0,14,77
05/01/2023,GTF,MT,ANM,WE,Combined TRACON& Tower with Radar,17,14,14,6,51,0,0,30,19,49,17,14,44,25,100,58,12,70,170
05/02/2023,GTF,MT,ANM,WE,Combined TRACON& Tower with Radar,18,21,14,15,68,0,0,25,23,48,18,21,39,38,116,46,28,74,190
05/03/2023,GTF,MT,ANM,WE,Combined TRACON& Tower with Radar,18,15,9,14,56,0,0,17,26,43,18,15,26,40,99,44,34,78,177
05/04/2023,GTF,MT,ANM,WE,Combined TRACON& Tower with Radar,22,19,5,7,53,0,0,25,17,42,22,19,30,24,95,44,8,52,147
05/05/2023,GTF,MT,ANM,WE,Combined TRACON& Tower with Radar,20,15,2,5,42,0,0,7,6,13,20,15,9,11,55,16,0,16,71
05/06/2023,GTF,MT,ANM,WE,Combined TRACON& Tower with Radar,14,20,5,1,40,0,1,1,1,3,14,21,6,2,43,0,0,0,43
05/07/2023,GTF,MT,ANM,WE,Combined TRACON& Tower with Radar,19,4,5,0,28,0,0,18,0,18,19,4,23,0,46,18,0,18,64
05/08/2023,GTF,MT,ANM,WE,Combined TRACON& Tower with Radar,17,15,14,6,52,0,2,14,10,26,17,17,28,16,78,64,16,80,158
05/09/2023,GTF,MT,ANM,WE,Combined TRACON& Tower with Radar,18,21,5,7,51,0,0,16,10,26,18,21,21,17,77,38,50,88,165
05/10/2023,GTF,MT,ANM,WE,Combined TRACON& Tower with Radar,17,22,6,12,57,0,0,35,9,44,17,22,41,21,101,60,20,80,181
05/11/2023,GTF,MT,ANM,WE,Combined TRACON& Tower with Radar,19,17,10,12,58,0,0,11,1,12,19,17,21,13,70,74,4,78,148
05/12/2023,GTF,MT,ANM,WE,Combined TRACON& Tower with Radar,19,20,13,0,52,0,0,26,3,29,19,20,39,3,81,52,0,52,133
05/13/2023,GTF,MT,ANM,WE,Combined TRACON& Tower with Radar,17,15,9,0,41,0,0,6,0,6,17,15,15,0,47,4,0,4,51
05/14/2023,GTF,MT,ANM,WE,Combined TRACON& Tower with Radar,19,8,7,0,34,0,0,7,0,7,19,8,14,0,41,8,0,8,49
05/15/2023,GTF,MT,ANM,WE,Combined TRACON& Tower with Radar,17,19,19,16,71,0,1,18,14,33,17,20,37,30,104,60,28,88,192
05/16/2023,GTF,MT,ANM,WE,Combined TRACON& Tower with Radar,18,12,9,9,48,0,0,25,9,34,18,12,34,18,82,22,4,26,108
05/17/2023,GTF,MT,ANM,WE,Combined TRACON& Tower with Radar,19,16,20,3,58,0,0,28,11,39,19,16,48,14,97,24,16,40,137
05/18/2023,GTF,MT,ANM,WE,Combined TRACON& Tower with Radar,18,18,19,9,64,1,0,21,7,29,19,18,40,16,93,58,6,64,157
05/19/2023,GTF,MT,ANM,WE,Combined TRACON& Tower with Radar,21,19,20,2,62,0,0,21,4,25,21,19,41,6,87,32,14,46,133
05/20/2023,GTF,MT,ANM,WE,Combined TRACON& Tower with Radar,14,14,10,0,38,0,0,13,0,13,14,14,23,0,51,8,0,8,59
05/21/2023,GTF,MT,ANM,WE,Combined TRACON& Tower with Radar,18,9,12,4,43,0,1,10,1,12,18,10,22,5,55,22,0,22,77
05/22/2023,GTF,MT,ANM,WE,Combined TRACON& Tower with Radar,17,9,22,2,50,0,0,18,2,20,17,9,40,4,70,70,0,70,140
05/23/2023,GTF,MT,ANM,WE,Combined TRACON& Tower with Radar,18,24,19,5,66,0,0,31,3,34,18,24,50,8,100,42,0,42,142
05/24/2023,GTF,MT,ANM,WE,Combined TRACON& Tower with Radar,18,23,16,4,61,0,0,14,3,17,18,23,30,7,78,30,0,30,108
05/25/2023,GTF,MT,ANM,WE,Combined TRACON& Tower with Radar,20,14,11,2,47,0,0,13,4,17,20,14,24,6,64,30,0,30,94
05/26/2023,GTF,MT,ANM,WE,Combined TRACON& Tower with Radar,22,23,14,0,59,0,0,11,2,13,22,23,25,2,72,24,0,24,96
05/27/2023,GTF,MT,ANM,WE,Combined TRACON& Tower with Radar,15,12,6,0,33,0,0,1,0,1,15,12,7,0,34,0,0,0,34
05/28/2023,GTF,MT,ANM,WE,Combined TRACON& Tower with Radar,16,9,7,0,32,0,0,15,0,15,16,9,22,0,47,18,0,18,65
05/29/2023,GTF,MT,ANM,WE,Combined TRACON& Tower with Radar,16,9,15,0,40,0,0,21,0,21,16,9,36,0,61,58,0,58,119
05/30/2023,GTF,MT,ANM,WE,Combined TRACON& Tower with Radar,16,14,18,5,53,0,2,24,12,38,16,16,42,17,91,40,0,40,131
05/31/2023,GTF,MT,ANM,WE,Combined TRACON& Tower with Radar,19,13,15,7,54,0,2,19,22,43,19,15,34,29,97,14,42,56,153
06/01/2023,GTF,MT,ANM,WE,Combined TRACON& Tower with Radar,19,11,17,3,50,0,0,17,5,22,19,11,34,8,72,54,0,54,126
06/02/2023,GTF,MT,ANM,WE,Combined TRACON& Tower with Radar,22,18,12,0,52,0,0,1,0,1,22,18,13,0,53,0,0,0,53
06/03/2023,GTF,MT,ANM,WE,Combined TRACON& Tower with Radar,17,11,0,4,32,0,0,1,0,1,17,11,1,4,33,6,0,6,39
06/04/2023,GTF,MT,ANM,WE,Combined TRACON& Tower with Radar,17,6,8,4,35,0,0,31,2,33,17,6,39,6,68,16,0,16,84
06/05/2023,GTF,MT,ANM,WE,Combined TRACON& Tower with Radar,18,18,13,0,49,0,0,19,7,26,18,18,32,7,75,14,2,16,91
06/06/2023,GTF,MT,ANM,WE,Combined TRACON& Tower with Radar,20,16,13,14,63,0,0,18,9,27,20,16,31,23,90,14,0,14,104
06/07/2023,GTF,MT,ANM,WE,Combined TRACON& Tower with Radar,20,19,17,3,59,0,3,25,9,37,20,22,42,12,96,36,0,36,132
06/08/2023,GTF,MT,ANM,WE,Combined TRACON& Tower with Radar,20,18,16,8,62,0,0,10,7,17,20,18,26,15,79,0,0,0,79
06/09/2023,GTF,MT,ANM,WE,Combined TRACON& Tower with Radar,24,19,7,2,52,0,0,7,0,7,24,19,14,2,59,30,0,30,89
06/10/2023,GTF,MT,ANM,WE,Combined TRACON& Tower with Radar,19,22,10,0,51,0,7,5,5,17,19,29,15,5,68,0,0,0,68
06/11/2023,GTF,MT,ANM,WE,Combined TRACON& Tower with Radar,17,10,11,0,38,0,0,13,0,13,17,10,24,0,51,36,0,36,87
06/12/2023,GTF,MT,ANM,WE,Combined TRACON& Tower with Radar,18,16,17,16,67,0,0,28,12,40,18,16,45,28,107,60,4,64,171
06/13/2023,GTF,MT,ANM,WE,Combined TRACON& Tower with Radar,20,16,11,8,55,0,0,27,16,43,20,16,38,24,98,46,32,78,176
06/14/2023,GTF,MT,ANM,WE,Combined TRACON& Tower with Radar,20,16,14,7,57,0,0,13,8,21,20,16,27,15,78,6,48,54,132
06/15/2023,GTF,MT,ANM,WE,Combined TRACON& Tower with Radar,22,17,13,1,53,0,0,26,3,29,22,17,39,4,82,48,10,58,140
06/16/2023,GTF,MT,ANM,WE,Combined TRACON& Tower with Radar,22,16,6,18,62,0,0,24,8,32,22,16,30,26,94,52,10,62,156
06/17/2023,GTF,MT,ANM,WE,Combined TRACON& Tower with Radar,19,10,12,0,41,0,0,3,0,3,19,10,15,0,44,0,0,0,44
06/18/2023,GTF,MT,ANM,WE,Combined TRACON& Tower with Radar,17,7,2,1,27,0,0,2,0,2,17,7,4,1,29,30,0,30,59
06/19/2023,GTF,MT,ANM,WE,Combined TRACON& Tower with Radar,18,7,23,1,49,0,0,17,0,17,18,7,40,1,66,60,0,60,126
06/20/2023,GTF,MT,ANM,WE,Combined TRACON& Tower with Radar,20,17,14,10,61,0,0,22,7,29,20,17,36,17,90,68,20,88,178
06/21/2023,GTF,MT,ANM,WE,Combined TRACON& Tower with Radar,20,15,18,9,62,0,0,37,9,46,20,15,55,18,108,32,6,38,146
06/22/2023,GTF,MT,ANM,WE,Combined TRACON& Tower with Radar,22,13,18,12,65,0,2,39,8,49,22,15,57,20,114,94,10,104,218
06/23/2023,GTF,MT,ANM,WE,Combined TRACON& Tower with Radar,21,15,10,3,49,0,0,8,5,13,21,15,18,8,62,72,0,72,134
06/24/2023,GTF,MT,ANM,WE,Combined TRACON& Tower with Radar,20,11,6,2,39,0,1,21,0,22,20,12,27,2,61,0,0,0,61
06/25/2023,GTF,MT,ANM,WE,Combined TRACON& Tower with Radar,17,14,11,3,45,0,0,13,0,13,17,14,24,3,58,14,0,14,72
06/26/2023,GTF,MT,ANM,WE,Combined TRACON& Tower with Radar,17,9,14,7,47,0,0,18,8,26,17,9,32,15,73,50,0,50,123
06/27/2023,GTF,MT,ANM,WE,Combined TRACON& Tower with Radar,20,23,8,3,54,0,0,24,17,41,20,23,32,20,95,72,16,88,183
06/28/2023,GTF,MT,ANM,WE,Combined TRACON& Tower with Radar,21,21,8,10,60,0,0,17,13,30,21,21,25,23,90,28,4,32,122
06/29/2023,GTF,MT,ANM,WE,Combined TRACON& Tower with Radar,19,16,7,6,48,0,2,41,8,51,19,18,48,14,99,58,2,60,159
06/30/2023,GTF,MT,ANM,WE,Combined TRACON& Tower with Radar,21,14,16,2,53,0,0,21,4,25,21,14,37,6,78,70,0,70,148
07/01/2023,GTF,MT,ANM,WE,Combined TRACON& Tower with Radar,22,17,22,0,61,0,0,21,0,21,22,17,43,0,82,0,0,0,82
07/02/2023,GTF,MT,ANM,WE,Combined TRACON& Tower with Radar,14,8,8,0,30,0,0,16,0,16,14,8,24,0,46,2,0,2,48
07/03/2023,GTF,MT,ANM,WE,Combined TRACON& Tower with Radar,16,12,3,0,31,0,3,14,4,21,16,15,17,4,52,0,0,0,52
07/04/2023,GTF,MT,ANM,WE,Combined TRACON& Tower with Radar,12,4,6,2,24,0,0,12,2,14,12,4,18,4,38,0,0,0,38
07/05/2023,GTF,MT,ANM,WE,Combined TRACON& Tower with Radar,20,15,16,3,54,0,1,22,6,29,20,16,38,9,83,22,0,22,105
07/06/2023,GTF,MT,ANM,WE,Combined TRACON& Tower with Radar,17,17,13,9,56,0,0,27,9,36,17,17,40,18,92,62,16,78,170
07/07/2023,GTF,MT,ANM,WE,Combined TRACON& Tower with Radar,21,18,14,1,54,0,0,24,3,27,21,18,38,4,81,32,0,32,113
07/08/2023,GTF,MT,ANM,WE,Combined TRACON& Tower with Radar,19,13,3,4,39,0,0,30,0,30,19,13,33,4,69,10,0,10,79
07/09/2023,GTF,MT,ANM,WE,Combined TRACON& Tower with Radar,16,10,10,4,40,0,0,23,0,23,16,10,33,4,63,20,0,20,83
07/10/2023,GTF,MT,ANM,WE,Combined TRACON& Tower with Radar,17,17,20,0,54,0,1,23,8,32,17,18,43,8,86,56,0,56,142
07/11/2023,GTF,MT,ANM,WE,Combined TRACON& Tower with Radar,20,19,15,6,60,0,0,24,13,37,20,19,39,19,97,68,0,68,165
07/12/2023,GTF,MT,ANM,WE,Combined TRACON& Tower with Radar,20,20,15,8,63,0,1,24,11,36,20,21,39,19,99,54,38,92,191
07/13/2023,GTF,MT,ANM,WE,Combined TRACON& Tower with Radar,19,17,25,2,63,0,1,24,14,39,19,18,49,16,102,30,6,36,138
07/14/2023,GTF,MT,ANM,WE,Combined TRACON& Tower with Radar,22,18,15,4,59,0,1,20,6,27,22,19,35,10,86,56,16,72,158
07/15/2023,GTF,MT,ANM,WE,Combined TRACON& Tower with Radar,20,13,21,0,54,0,0,17,0,17,20,13,38,0,71,16,0,16,87
07/16/2023,GTF,MT,ANM,WE,Combined TRACON& Tower with Radar,17,11,12,7,47,0,0,17,1,18,17,11,29,8,65,30,6,36,101
07/17/2023,GTF,MT,ANM,WE,Combined TRACON& Tower with Radar,18,12,18,4,52,0,0,13,14,27,18,12,31,18,79,14,2,16,95
07/18/2023,GTF,MT,ANM,WE,Combined TRACON& Tower with Radar,20,21,20,10,71,0,1,25,11,37,20,22,45,21,108,36,0,36,144
07/19/2023,GTF,MT,ANM,WE,Combined TRACON& Tower with Radar,20,18,15,6,59,0,1,44,10,55,20,19,59,16,114,76,28,104,218
07/20/2023,GTF,MT,ANM,WE,Combined TRACON& Tower with Radar,20,21,13,8,62,0,0,27,9,36,20,21,40,17,98,34,32,66,164
07/21/2023,GTF,MT,ANM,WE,Combined TRACON& Tower with Radar,21,16,10,4,51,0,0,47,3,50,21,16,57,7,101,44,0,44,145
07/22/2023,GTF,MT,ANM,WE,Combined TRACON& Tower with Radar,20,9,7,0,36,0,0,10,0,10,20,9,17,0,46,12,1,13,59
07/23/2023,GTF,MT,ANM,WE,Combined TRACON& Tower with Radar,17,6,9,4,36,0,0,19,1,20,17,6,28,5,56,20,0,20,76
07/24/2023,GTF,MT,ANM,WE,Combined TRACON& Tower with Radar,18,15,24,5,62,0,3,27,8,38,18,18,51,13,100,70,8,78,178
07/25/2023,GTF,MT,ANM,WE,Combined TRACON& Tower with Radar,20,18,25,10,73,0,0,18,12,30,20,18,43,22,103,32,8,40,143
07/26/2023,GTF,MT,ANM,WE,Combined TRACON& Tower with Radar,19,25,9,6,59,0,1,24,4,29,19,26,33,10,88,54,18,72,160
07/27/2023,GTF,MT,ANM,WE,Combined TRACON& Tower with Radar,17,13,23,4,57,0,1,34,4,39,17,14,57,8,96,36,0,36,132
07/28/2023,GTF,MT,ANM,WE,Combined TRACON& Tower with Radar,17,20,10,3,50,0,0,29,4,33,17,20,39,7,83,24,4,28,111
07/29/2023,GTF,MT,ANM,WE,Combined TRACON& Tower with Radar,21,9,14,0,44,0,0,21,0,21,21,9,35,0,65,14,0,14,79
07/30/2023,GTF,MT,ANM,WE,Combined TRACON& Tower with Radar,17,4,17,3,41,0,0,7,0,7,17,4,24,3,48,0,0,0,48
07/31/2023,GTF,MT,ANM,WE,Combined TRACON& Tower with Radar,18,17,30,13,78,0,0,21,16,37,18,17,51,29,115,16,58,74,189
08/01/2023,GTF,MT,ANM,WE,Combined TRACON& Tower with Radar,20,23,28,15,86,0,0,25,25,50,20,23,53,40,136,16,50,66,202
08/02/2023,GTF,MT,ANM,WE,Combined TRACON& Tower with Radar,20,18,14,23,75,0,0,29,25,54,20,18,43,48,129,92,24,116,245
08/03/2023,GTF,MT,ANM,WE,Combined TRACON& Tower with Radar,20,16,28,4,68,0,0,25,7,32,20,16,53,11,100,62,18,80,180
08/04/2023,GTF,MT,ANM,WE,Combined TRACON& Tower with Radar,22,17,9,0,48,0,1,15,2,18,22,18,24,2,66,42,0,42,108
08/05/2023,GTF,MT,ANM,WE,Combined TRACON& Tower with Radar,19,8,3,0,30,0,0,7,2,9,19,8,10,2,39,6,0,6,45
08/06/2023,GTF,MT,ANM,WE,Combined TRACON& Tower with Radar,17,4,11,0,32,0,0,6,0,6,17,4,17,0,38,0,0,0,38
08/07/2023,GTF,MT,ANM,WE,Combined TRACON& Tower with Radar,18,13,17,1,49,0,0,17,3,20,18,13,34,4,69,68,0,68,137
08/08/2023,GTF,MT,ANM,WE,Combined TRACON& Tower with Radar,19,23,18,0,60,0,2,20,6,28,19,25,38,6,88,76,16,92,180
08/09/2023,GTF,MT,ANM,WE,Combined TRACON& Tower with Radar,18,19,12,2,51,0,2,13,10,25,18,21,25,12,76,54,20,74,150
08/10/2023,GTF,MT,ANM,WE,Combined TRACON& Tower with Radar,18,13,13,6,50,0,2,23,10,35,18,15,36,16,85,32,8,40,125
08/11/2023,GTF,MT,ANM,WE,Combined TRACON& Tower with Radar,20,15,16,19,70,0,0,40,9,49,20,15,56,28,119,42,24,66,185
08/12/2023,GTF,MT,ANM,WE,Combined TRACON& Tower with Radar,18,16,8,0,42,0,0,19,4,23,18,16,27,4,65,6,0,6,71
08/13/2023,GTF,MT,ANM,WE,Combined TRACON& Tower with Radar,17,2,20,1,40,0,0,9,0,9,17,2,29,1,49,6,0,6,55
08/14/2023,GTF,MT,ANM,WE,Combined TRACON& Tower with Radar,17,8,14,14,53,0,0,24,8,32,17,8,38,22,85,0,10,10,95
08/15/2023,GTF,MT,ANM,WE,Combined TRACON& Tower with Radar,18,25,18,15,76,0,0,21,19,40,18,25,39,34,116,20,60,80,196
08/16/2023,GTF,MT,ANM,WE,Combined TRACON& Tower with Radar,18,21,18,14,71,0,0,26,10,36,18,21,44,24,107,48,18,66,173
08/17/2023,GTF,MT,ANM,WE,Combined TRACON& Tower with Radar,18,20,16,9,63,0,1,12,7,20,18,21,28,16,83,12,16,28,111
08/18/2023,GTF,MT,ANM,WE,Combined TRACON& Tower with Radar,21,18,8,0,47,0,0,8,2,10,21,18,16,2,57,22,0,22,79
08/19/2023,GTF,MT,ANM,WE,Combined TRACON& Tower with Radar,19,17,16,5,57,0,0,11,1,12,19,17,27,6,69,0,8,8,77
08/20/2023,GTF,MT,ANM,WE,Combined TRACON& Tower with Radar,17,11,28,0,56,0,0,17,0,17,17,11,45,0,73,20,0,20,93
08/21/2023,GTF,MT,ANM,WE,Combined TRACON& Tower with Radar,17,12,16,2,47,0,0,0,2,2,17,12,16,4,49,18,0,18,67
08/22/2023,GTF,MT,ANM,WE,Combined TRACON& Tower with Radar,18,18,19,9,64,0,0,15,6,21,18,18,34,15,85,8,6,14,99
08/23/2023,GTF,MT,ANM,WE,Combined TRACON& Tower with Radar,20,20,17,14,71,0,0,27,7,34,20,20,44,21,105,34,16,50,155
08/24/2023,GTF,MT,ANM,WE,Combined TRACON& Tower with Radar,21,15,19,10,65,0,0,42,10,52,21,15,61,20,117,60,0,60,177
08/25/2023,GTF,MT,ANM,WE,Combined TRACON& Tower with Radar,21,16,8,0,45,0,0,29,5,34,21,16,37,5,79,70,0,70,149
08/26/2023,GTF,MT,ANM,WE,Combined TRACON& Tower with Radar,18,15,15,0,48,0,0,13,0,13,18,15,28,0,61,18,0,18,79
08/27/2023,GTF,MT,ANM,WE,Combined TRACON& Tower with Radar,17,4,13,0,34,0,0,17,2,19,17,4,30,2,53,0,0,0,53
08/28/2023,GTF,MT,ANM,WE,Combined TRACON& Tower with Radar,18,11,21,6,56,0,0,34,16,50,18,11,55,22,106,88,6,94,200
08/29/2023,GTF,MT,ANM,WE,Combined TRACON& Tower with Radar,20,14,15,1,50,0,0,16,7,23,20,14,31,8,73,14,0,14,87
08/30/2023,GTF,MT,ANM,WE,Combined TRACON& Tower with Radar,20,19,12,3,54,0,0,3,3,6,20,19,15,6,60,0,0,0,60
08/31/2023,GTF,MT,ANM,WE,Combined TRACON& Tower with Radar,20,18,12,14,64,0,0,15,7,22,20,18,27,21,86,0,0,0,86
01/01/2020,GTF,MT,ANM,WE,Combined TRACON& Tower with Radar,6,20,4,0,30,0,0,0,0,0,6,20,4,0,30,0,0,0,30
01/02/2020,GTF,MT,ANM,WE,Combined TRACON& Tower with Radar,11,36,2,6,55,0,0,2,4,6,11,36,4,10,61,4,0,4,65
01/03/2020,GTF,MT,ANM,WE,Combined TRACON& Tower with Radar,13,39,1,0,53,0,1,1,0,2,13,40,2,0,55,0,0,0,55
01/04/2020,GTF,MT,ANM,WE,Combined TRACON& Tower with Radar,8,27,2,0,37,0,1,0,0,1,8,28,2,0,38,0,0,0,38
01/05/2020,GTF,MT,ANM,WE,Combined TRACON& Tower with Radar,10,11,5,0,26,0,0,2,0,2,10,11,7,0,28,0,0,0,28
01/06/2020,GTF,MT,ANM,WE,Combined TRACON& Tower with Radar,12,29,6,0,47,0,3,6,2,11,12,32,12,2,58,2,0,2,60
01/07/2020,GTF,MT,ANM,WE,Combined TRACON& Tower with Radar,11,38,8,5,62,0,1,3,10,14,11,39,11,15,76,42,24,66,142
01/08/2020,GTF,MT,ANM,WE,Combined TRACON& Tower with Radar,11,27,11,7,56,0,1,10,3,14,11,28,21,10,70,0,10,10,80
01/09/2020,GTF,MT,ANM,WE,Combined TRACON& Tower with Radar,16,29,7,11,63,0,2,0,0,2,16,31,7,11,65,0,2,2,67
01/10/2020,GTF,MT,ANM,WE,Combined TRACON& Tower with Radar,14,31,15,5,65,0,2,14,6,22,14,33,29,11,87,20,0,20,107
01/11/2020,GTF,MT,ANM,WE,Combined TRACON& Tower with Radar,8,17,2,0,27,0,4,8,0,12,8,21,10,0,39,14,0,14,53
01/12/2020,GTF,MT,ANM,WE,Combined TRACON& Tower with Radar,13,9,3,0,25,0,2,0,0,2,13,11,3,0,27,0,0,0,27
01/13/2020,GTF,MT,ANM,WE,Combined TRACON& Tower with Radar,13,26,4,0,43,0,1,0,0,1,13,27,4,0,44,0,0,0,44
01/14/2020,GTF,MT,ANM,WE,Combined TRACON& Tower with Radar,8,37,14,3,62,0,0,2,0,2,8,37,16,3,64,0,0,0,64
01/15/2020,GTF,MT,ANM,WE,Combined TRACON& Tower with Radar,14,33,14,5,66,0,2,9,6,17,14,35,23,11,83,0,16,16,99
01/16/2020,GTF,MT,ANM,WE,Combined TRACON& Tower with Radar,16,27,11,9,63,0,4,4,4,12,16,31,15,13,75,2,6,8,83
01/17/2020,GTF,MT,ANM,WE,Combined TRACON& Tower with Radar,14,26,6,2,48,0,4,2,2,8,14,30,8,4,56,0,0,0,56
01/18/2020,GTF,MT,ANM,WE,Combined TRACON& Tower with Radar,9,24,7,0,40,0,1,2,0,3,9,25,9,0,43,0,0,0,43
01/19/2020,GTF,MT,ANM,WE,Combined TRACON& Tower with Radar,11,10,6,0,27,0,0,10,0,10,11,10,16,0,37,22,0,22,59
01/20/2020,GTF,MT,ANM,WE,Combined TRACON& Tower with Radar,12,16,8,0,36,0,2,11,0,13,12,18,19,0,49,2,10,12,61
01/21/2020,GTF,MT,ANM,WE,Combined TRACON& Tower with Radar,10,41,10,32,93,0,1,15,4,20,10,42,25,36,113,0,0,0,113
01/22/2020,GTF,MT,ANM,WE,Combined TRACON& Tower with Radar,12,34,12,10,68,0,0,10,10,20,12,34,22,20,88,6,14,20,108
01/23/2020,GTF,MT,ANM,WE,Combined TRACON& Tower with Radar,16,26,7,1,50,0,1,11,5,17,16,27,18,6,67,42,0,42,109
01/24/2020,GTF,MT,ANM,WE,Combined TRACON& Tower with Radar,14,28,7,1,50,0,3,7,0,10,14,31,14,1,60,10,0,10,70
01/25/2020,GTF,MT,ANM,WE,Combined TRACON& Tower with Radar,9,20,17,2,48,0,1,8,2,11,9,21,25,4,59,0,0,0,59
01/26/2020,GTF,MT,ANM,WE,Combined TRACON& Tower with Radar,13,11,6,1,31,0,0,24,0,24,13,11,30,1,55,0,0,0,55
01/27/2020,GTF,MT,ANM,WE,Combined TRACON& Tower with Radar,12,21,9,27,69,0,3,1,8,12,12,24,10,35,81,50,48,98,179
01/28/2020,GTF,MT,ANM,WE,Combined TRACON& Tower with Radar,13,34,4,7,58,0,0,4,6,10,13,34,8,13,68,14,6,20,88
01/29/2020,GTF,MT,ANM,WE,Combined TRACON& Tower with Radar,12,37,9,9,67,0,0,8,4,12,12,37,17,13,79,0,8,8,87
01/30/2020,GTF,MT,ANM,WE,Combined TRACON& Tower with Radar,16,31,9,16,72,0,0,10,10,20,16,31,19,26,92,6,68,74,166
01/31/2020,GTF,MT,ANM,WE,Combined TRACON& Tower with Radar,12,27,14,0,53,0,0,2,0,2,12,27,16,0,55,1,0,1,56
02/01/2020,GTF,MT,ANM,WE,Combined TRACON& Tower with Radar,8,17,9,0,34,0,0,3,0,3,8,17,12,0,37,2,0,2,39
02/02/2020,GTF,MT,ANM,WE,Combined TRACON& Tower with Radar,13,16,5,0,34,0,0,5,0,5,13,16,10,0,39,0,0,0,39
02/03/2020,GTF,MT,ANM,WE,Combined TRACON& Tower with Radar,13,19,15,0,47,0,1,11,1,13,13,20,26,1,60,12,0,12,72
02/04/2020,GTF,MT,ANM,WE,Combined TRACON& Tower with Radar,10,31,8,21,70,0,3,14,11,28,10,34,22,32,98,12,40,52,150
02/05/2020,GTF,MT,ANM,WE,Combined TRACON& Tower with Radar,10,29,12,20,71,0,4,6,8,18,10,33,18,28,89,0,26,26,115
02/06/2020,GTF,MT,ANM,WE,Combined TRACON& Tower with Radar,16,29,11,30,86,0,1,0,7,8,16,30,11,37,94,0,56,56,150
02/07/2020,GTF,MT,ANM,WE,Combined TRACON& Tower with Radar,17,30,11,3,61,0,1,7,0,8,17,31,18,3,69,8,0,8,77
02/08/2020,GTF,MT,ANM,WE,Combined TRACON& Tower with Radar,9,19,0,2,30,0,1,2,0,3,9,20,2,2,33,0,0,0,33
02/09/2020,GTF,MT,ANM,WE,Combined TRACON& Tower with Radar,12,5,3,3,23,0,1,13,3,17,12,6,16,6,40,12,12,24,64
02/10/2020,GTF,MT,ANM,WE,Combined TRACON& Tower with Radar,12,21,12,9,54,0,2,7,7,16,12,23,19,16,70,14,4,18,88
02/11/2020,GTF,MT,ANM,WE,Combined TRACON& Tower with Radar,12,32,7,4,55,0,2,5,3,10,12,34,12,7,65,0,0,0,65
02/12/2020,GTF,MT,ANM,WE,Combined TRACON& Tower with Radar,10,33,14,6,63,0,2,1,4,7,10,35,15,10,70,16,6,22,92
02/13/2020,GTF,MT,ANM,WE,Combined TRACON& Tower with Radar,15,31,4,13,63,0,5,10,8,23,15,36,14,21,86,4,8,12,98
02/14/2020,GTF,MT,ANM,WE,Combined TRACON& Tower with Radar,12,31,3,0,46,0,1,3,2,6,12,32,6,2,52,0,0,0,52
02/15/2020,GTF,MT,ANM,WE,Combined TRACON& Tower with Radar,6,29,4,0,39,0,0,7,0,7,6,29,11,0,46,0,0,0,46
02/16/2020,GTF,MT,ANM,WE,Combined TRACON& Tower with Radar,10,13,2,0,25,0,0,6,0,6,10,13,8,0,31,14,0,14,45
02/17/2020,GTF,MT,ANM,WE,Combined TRACON& Tower with Radar,11,18,10,0,39,0,1,11,0,12,11,19,21,0,51,20,0,20,71
02/18/2020,GTF,MT,ANM,WE,Combined TRACON& Tower with Radar,9,33,8,3,53,0,1,1,2,4,9,34,9,5,57,10,10,20,77
02/19/2020,GTF,MT,ANM,WE,Combined TRACON& Tower with Radar,8,34,18,9,69,0,3,11,12,26,8,37,29,21,95,48,0,48,143
02/20/2020,GTF,MT,ANM,WE,Combined TRACON& Tower with Radar,14,26,3,4,47,0,3,18,6,27,14,29,21,10,74,44,12,56,130
02/21/2020,GTF,MT,ANM,WE,Combined TRACON& Tower with Radar,14,26,6,5,51,0,1,6,1,8,14,27,12,6,59,6,0,6,65
02/22/2020,GTF,MT,ANM,WE,Combined TRACON& Tower with Radar,6,21,6,0,33,0,1,8,1,10,6,22,14,1,43,24,0,24,67
02/23/2020,GTF,MT,ANM,WE,Combined TRACON& Tower with Radar,12,11,2,0,25,0,1,15,0,16,12,12,17,0,41,70,0,70,111
02/24/2020,GTF,MT,ANM,WE,Combined TRACON& Tower with Radar,8,19,8,0,35,0,0,0,0,0,8,19,8,0,35,4,0,4,39
02/25/2020,GTF,MT,ANM,WE,Combined TRACON& Tower with Radar,12,35,8,15,70,0,2,5,8,15,12,37,13,23,85,48,10,58,143
02/26/2020,GTF,MT,ANM,WE,Combined TRACON& Tower with Radar,8,33,11,5,57,0,0,4,3,7,8,33,15,8,64,12,0,12,76
02/27/2020,GTF,MT,ANM,WE,Combined TRACON& Tower with Radar,14,31,12,5,62,0,1,21,13,35,14,32,33,18,97,6,16,22,119
02/28/2020,GTF,MT,ANM,WE,Combined TRACON& Tower with Radar,12,26,7,2,47,0,3,21,3,27,12,29,28,5,74,39,4,43,117
02/29/2020,GTF,MT,ANM,WE,Combined TRACON& Tower with Radar,6,18,4,0,28,0,0,6,0,6,6,18,10,0,34,30,0,30,64
03/01/2020,GTF,MT,ANM,WE,Combined TRACON& Tower with Radar,10,13,7,0,30,0,4,24,0,28,10,17,31,0,58,30,0,30,88
03/02/2020,GTF,MT,ANM,WE,Combined TRACON& Tower with Radar,10,25,13,9,57,0,3,4,3,10,10,28,17,12,67,2,22,24,91
03/03/2020,GTF,MT,ANM,WE,Combined TRACON& Tower with Radar,6,32,1,2,41,0,3,2,5,10,6,35,3,7,51,0,12,12,63
03/04/2020,GTF,MT,ANM,WE,Combined TRACON& Tower with Radar,8,29,1,0,38,0,1,0,0,1,8,30,1,0,39,8,0,8,47
03/05/2020,GTF,MT,ANM,WE,Combined TRACON& Tower with Radar,14,27,9,8,58,0,3,23,8,34,14,30,32,16,92,62,4,66,158
03/06/2020,GTF,MT,ANM,WE,Combined TRACON& Tower with Radar,12,28,13,7,60,0,1,23,6,30,12,29,36,13,90,26,0,26,116
03/07/2020,GTF,MT,ANM,WE,Combined TRACON& Tower with Radar,6,18,5,2,31,0,1,0,2,3,6,19,5,4,34,16,4,20,54
03/08/2020,GTF,MT,ANM,WE,Combined TRACON& Tower with Radar,10,12,9,0,31,0,1,11,0,12,10,13,20,0,43,44,0,44,87
03/09/2020,GTF,MT,ANM,WE,Combined TRACON& Tower with Radar,10,25,14,2,51,0,1,9,2,12,10,26,23,4,63,22,0,22,85
03/10/2020,GTF,MT,ANM,WE,Combined TRACON& Tower with Radar,8,33,5,0,46,0,1,4,4,9,8,34,9,4,55,4,0,4,59
03/11/2020,GTF,MT,ANM,WE,Combined TRACON& Tower with Radar,10,33,12,2,57,0,3,5,0,8,10,36,17,2,65,0,0,0,65
03/12/2020,GTF,MT,ANM,WE,Combined TRACON& Tower with Radar,14,33,13,7,67,0,2,7,19,28,14,35,20,26,95,0,40,40,135
03/13/2020,GTF,MT,ANM,WE,Combined TRACON& Tower with Radar,14,29,1,0,44,0,1,0,0,1,14,30,1,0,45,0,0,0,45
03/14/2020,GTF,MT,ANM,WE,Combined TRACON& Tower with Radar,6,18,1,0,25,0,0,0,0,0,6,18,1,0,25,0,0,0,25
03/15/2020,GTF,MT,ANM,WE,Combined TRACON& Tower with Radar,9,15,3,0,27,0,1,1,0,2,9,16,4,0,29,0,0,0,29
03/16/2020,GTF,MT,ANM,WE,Combined TRACON& Tower with Radar,14,23,9,2,48,0,2,8,8,18,14,25,17,10,66,34,18,52,118
03/17/2020,GTF,MT,ANM,WE,Combined TRACON& Tower with Radar,11,34,4,4,53,0,2,8,6,16,11,36,12,10,69,4,20,24,93
03/18/2020,GTF,MT,ANM,WE,Combined TRACON& Tower with Radar,10,31,4,0,45,0,1,2,0,3,10,32,6,0,48,4,0,4,52
03/19/2020,GTF,MT,ANM,WE,Combined TRACON& Tower with Radar,13,31,2,3,49,0,0,0,0,0,13,31,2,3,49,0,0,0,49
03/20/2020,GTF,MT,ANM,WE,Combined TRACON& Tower with Radar,8,29,6,4,47,0,2,17,10,29,8,31,23,14,76,0,0,0,76
03/21/2020,GTF,MT,ANM,WE,Combined TRACON& Tower with Radar,7,19,10,0,36,0,1,14,0,15,7,20,24,0,51,2,0,2,53
03/22/2020,GTF,MT,ANM,WE,Combined TRACON& Tower with Radar,9,9,0,0,18,0,0,11,0,11,9,9,11,0,29,10,0,10,39
03/23/2020,GTF,MT,ANM,WE,Combined TRACON& Tower with Radar,9,26,5,12,52,0,1,7,12,20,9,27,12,24,72,18,0,18,90
03/24/2020,GTF,MT,ANM,WE,Combined TRACON& Tower with Radar,12,39,6,2,59,0,1,2,5,8,12,40,8,7,67,0,0,0,67
03/25/2020,GTF,MT,ANM,WE,Combined TRACON& Tower with Radar,11,37,8,8,64,0,0,2,7,9,11,37,10,15,73,18,16,34,107
03/26/2020,GTF,MT,ANM,WE,Combined TRACON& Tower with Radar,10,32,14,2,58,0,0,9,10,19,10,32,23,12,77,20,0,20,97
03/27/2020,GTF,MT,ANM,WE,Combined TRACON& Tower with Radar,10,22,7,0,39,0,2,17,10,29,10,24,24,10,68,0,0,0,68
03/28/2020,GTF,MT,ANM,WE,Combined TRACON& Tower with Radar,5,11,6,0,22,0,0,2,0,2,5,11,8,0,24,10,0,10,34
03/29/2020,GTF,MT,ANM,WE,Combined TRACON& Tower with Radar,8,8,0,0,16,0,0,3,0,3,8,8,3,0,19,0,0,0,19
03/30/2020,GTF,MT,ANM,WE,Combined TRACON& Tower with Radar,7,26,3,2,38,0,1,4,7,12,7,27,7,9,50,0,0,0,50
03/31/2020,GTF,MT,ANM,WE,Combined TRACON& Tower with Radar,7,32,1,1,41,0,1,0,7,8,7,33,1,8,49,0,0,0,49
04/01/2020,GTF,MT,ANM,WE,Combined TRACON& Tower with Radar,8,30,3,4,45,0,1,2,12,15,8,31,5,16,60,0,24,24,84
04/02/2020,GTF,MT,ANM,WE,Combined TRACON& Tower with Radar,11,25,0,3,39,0,1,4,8,13,11,26,4,11,52,0,6,6,58
04/03/2020,GTF,MT,ANM,WE,Combined TRACON& Tower with Radar,8,22,5,0,35,0,2,9,4,15,8,24,14,4,50,2,0,2,52
04/04/2020,GTF,MT,ANM,WE,Combined TRACON& Tower with Radar,6,11,2,0,19,0,0,3,0,3,6,11,5,0,22,16,0,16,38
04/05/2020,GTF,MT,ANM,WE,Combined TRACON& Tower with Radar,8,11,3,0,22,0,0,20,0,20,8,11,23,0,42,14,0,14,56
04/06/2020,GTF,MT,ANM,WE,Combined TRACON& Tower with Radar,4,15,3,2,24,0,2,7,7,16,4,17,10,9,40,0,0,0,40
04/07/2020,GTF,MT,ANM,WE,Combined TRACON& Tower with Radar,8,28,0,8,44,0,1,8,7,16,8,29,8,15,60,0,20,20,80
04/08/2020,GTF,MT,ANM,WE,Combined TRACON& Tower with Radar,8,20,5,12,45,0,3,12,9,24,8,23,17,21,69,54,24,78,147
04/09/2020,GTF,MT,ANM,WE,Combined TRACON& Tower with Radar,8,17,4,5,34,0,1,15,7,23,8,18,19,12,57,30,18,48,105
04/10/2020,GTF,MT,ANM,WE,Combined TRACON& Tower with Radar,8,23,1,7,39,0,4,14,2,20,8,27,15,9,59,26,22,48,107
04/11/2020,GTF,MT,ANM,WE,Combined TRACON& Tower with Radar,6,12,2,0,20,0,0,0,0,0,6,12,2,0,20,0,0,0,20
04/12/2020,GTF,MT,ANM,WE,Combined TRACON& Tower with Radar,7,3,2,0,12,0,1,0,0,1,7,4,2,0,13,0,0,0,13
04/13/2020,GTF,MT,ANM,WE,Combined TRACON& Tower with Radar,3,16,3,3,25,0,1,4,4,9,3,17,7,7,34,16,0,16,50
04/14/2020,GTF,MT,ANM,WE,Combined TRACON& Tower with Radar,8,25,1,10,44,0,4,4,15,23,8,29,5,25,67,8,6,14,81
04/15/2020,GTF,MT,ANM,WE,Combined TRACON& Tower with Radar,6,28,1,0,35,0,1,0,0,1,6,29,1,0,36,4,0,4,40
04/16/2020,GTF,MT,ANM,WE,Combined TRACON& Tower with Radar,8,19,4,0,31,0,2,12,2,16,8,21,16,2,47,32,0,32,79
04/17/2020,GTF,MT,ANM,WE,Combined TRACON& Tower with Radar,8,19,12,0,39,0,0,27,0,27,8,19,39,0,66,12,0,12,78
04/18/2020,GTF,MT,ANM,WE,Combined TRACON& Tower with Radar,4,13,6,0,23,0,1,0,0,1,4,14,6,0,24,0,0,0,24
04/19/2020,GTF,MT,ANM,WE,Combined TRACON& Tower with Radar,6,4,8,0,18,0,2,24,1,27,6,6,32,1,45,42,0,42,87
04/20/2020,GTF,MT,ANM,WE,Combined TRACON& Tower with Radar,4,16,8,0,28,0,1,9,0,10,4,17,17,0,38,2,0,2,40
04/21/2020,GTF,MT,ANM,WE,Combined TRACON& Tower with Radar,8,28,10,3,49,0,0,22,9,31,8,28,32,12,80,36,0,36,116
04/22/2020,GTF,MT,ANM,WE,Combined TRACON& Tower with Radar,6,24,2,4,36,0,0,4,7,11,6,24,6,11,47,18,0,18,65
04/23/2020,GTF,MT,ANM,WE,Combined TRACON& Tower with Radar,10,22,7,5,44,0,0,3,6,9,10,22,10,11,53,10,0,10,63
04/24/2020,GTF,MT,ANM,WE,Combined TRACON& Tower with Radar,6,22,5,0,33,0,0,7,3,10,6,22,12,3,43,16,0,16,59
04/25/2020,GTF,MT,ANM,WE,Combined TRACON& Tower with Radar,6,13,1,0,20,0,0,11,0,11,6,13,12,0,31,0,0,0,31
04/26/2020,GTF,MT,ANM,WE,Combined TRACON& Tower with Radar,3,7,0,0,10,0,0,7,0,7,3,7,7,0,17,2,0,2,19
04/27/2020,GTF,MT,ANM,WE,Combined TRACON& Tower with Radar,3,15,2,8,28,0,1,4,21,26,3,16,6,29,54,22,4,26,80
04/28/2020,GTF,MT,ANM,WE,Combined TRACON& Tower with Radar,6,23,3,0,32,0,1,13,4,18,6,24,16,4,50,14,0,14,64
04/29/2020,GTF,MT,ANM,WE,Combined TRACON& Tower with Radar,8,22,2,2,34,0,2,28,10,40,8,24,30,12,74,72,12,84,158
04/30/2020,GTF,MT,ANM,WE,Combined TRACON& Tower with Radar,10,20,2,0,32,0,4,7,4,15,10,24,9,4,47,0,0,0,47
05/01/2020,GTF,MT,ANM,WE,Combined TRACON& Tower with Radar,5,27,13,33,78,0,3,21,3,27,5,30,34,36,105,48,0,48,153
05/02/2020,GTF,MT,ANM,WE,Combined TRACON& Tower with Radar,2,10,2,0,14,0,6,23,0,29,2,16,25,0,43,36,0,36,79
05/03/2020,GTF,MT,ANM,WE,Combined TRACON& Tower with Radar,6,11,4,0,21,0,0,1,0,1,6,11,5,0,22,0,0,0,22
05/04/2020,GTF,MT,ANM,WE,Combined TRACON& Tower with Radar,2,15,3,4,24,0,3,13,11,27,2,18,16,15,51,14,4,18,69
05/05/2020,GTF,MT,ANM,WE,Combined TRACON& Tower with Radar,6,24,4,7,41,0,1,24,7,32,6,25,28,14,73,30,2,32,105
05/06/2020,GTF,MT,ANM,WE,Combined TRACON& Tower with Radar,6,25,7,3,41,0,2,7,6,15,6,27,14,9,56,30,0,30,86
05/07/2020,GTF,MT,ANM,WE,Combined TRACON& Tower with Radar,10,26,23,0,59,0,1,14,0,15,10,27,37,0,74,12,0,12,86
05/08/2020,GTF,MT,ANM,WE,Combined TRACON& Tower with Radar,6,29,19,0,54,0,2,6,2,10,6,31,25,2,64,0,0,0,64
05/09/2020,GTF,MT,ANM,WE,Combined TRACON& Tower with Radar,4,11,7,0,22,0,2,19,0,21,4,13,26,0,43,34,0,34,77
05/10/2020,GTF,MT,ANM,WE,Combined TRACON& Tower with Radar,6,7,0,0,13,0,0,7,0,7,6,7,7,0,20,8,0,8,28
05/11/2020,GTF,MT,ANM,WE,Combined TRACON& Tower with Radar,4,16,6,17,43,0,2,9,16,27,4,18,15,33,70,22,34,56,126
05/12/2020,GTF,MT,ANM,WE,Combined TRACON& Tower with Radar,6,27,4,1,38,0,0,0,0,0,6,27,4,1,38,16,0,16,54
05/13/2020,GTF,MT,ANM,WE,Combined TRACON& Tower with Radar,6,28,9,11,54,0,0,6,6,12,6,28,15,17,66,26,0,26,92
05/14/2020,GTF,MT,ANM,WE,Combined TRACON& Tower with Radar,8,23,10,26,67,0,3,27,17,47,8,26,37,43,114,86,18,104,218
05/15/2020,GTF,MT,ANM,WE,Combined TRACON& Tower with Radar,8,28,4,2,42,0,2,11,3,16,8,30,15,5,58,6,0,6,64
05/16/2020,GTF,MT,ANM,WE,Combined TRACON& Tower with Radar,4,14,7,0,25,0,0,35,0,35,4,14,42,0,60,32,0,32,92
05/17/2020,GTF,MT,ANM,WE,Combined TRACON& Tower with Radar,2,4,0,0,6,0,1,16,0,17,2,5,16,0,23,12,0,12,35
05/18/2020,GTF,MT,ANM,WE,Combined TRACON& Tower with Radar,6,19,10,13,48,0,5,19,0,24,6,24,29,13,72,34,14,48,120
05/19/2020,GTF,MT,ANM,WE,Combined TRACON& Tower with Radar,6,23,6,4,39,0,4,27,2,33,6,27,33,6,72,28,0,28,100
05/20/2020,GTF,MT,ANM,WE,Combined TRACON& Tower with Radar,6,21,11,13,51,0,1,3,6,10,6,22,14,19,61,12,0,12,73
05/21/2020,GTF,MT,ANM,WE,Combined TRACON& Tower with Radar,6,24,3,5,38,0,1,2,3,6,6,25,5,8,44,0,0,0,44
05/22/2020,GTF,MT,ANM,WE,Combined TRACON& Tower with Radar,8,23,6,0,37,0,1,8,2,11,8,24,14,2,48,20,0,20,68
05/23/2020,GTF,MT,ANM,WE,Combined TRACON& Tower with Radar,2,11,4,0,17,0,0,11,0,11,2,11,15,0,28,10,0,10,38
05/24/2020,GTF,MT,ANM,WE,Combined TRACON& Tower with Radar,4,12,7,0,23,0,0,13,0,13,4,12,20,0,36,34,0,34,70
05/25/2020,GTF,MT,ANM,WE,Combined TRACON& Tower with Radar,4,4,8,0,16,0,0,15,0,15,4,4,23,0,31,56,0,56,87
05/26/2020,GTF,MT,ANM,WE,Combined TRACON& Tower with Radar,4,18,1,9,32,0,3,6,13,22,4,21,7,22,54,2,2,4,58
05/27/2020,GTF,MT,ANM,WE,Combined TRACON& Tower with Radar,6,32,5,1,44,0,2,16,4,22,6,34,21,5,66,54,8,62,128
05/28/2020,GTF,MT,ANM,WE,Combined TRACON& Tower with Radar,8,29,11,5,53,0,3,31,5,39,8,32,42,10,92,10,4,14,106
05/29/2020,GTF,MT,ANM,WE,Combined TRACON& Tower with Radar,12,22,8,4,46,0,1,24,6,31,12,23,32,10,77,48,0,48,125
05/30/2020,GTF,MT,ANM,WE,Combined TRACON& Tower with Radar,6,13,1,0,20,0,2,15,0,17,6,15,16,0,37,8,0,8,45
05/31/2020,GTF,MT,ANM,WE,Combined TRACON& Tower with Radar,6,11,2,0,19,0,0,3,0,3,6,11,5,0,22,0,0,0,22
06/01/2020,GTF,MT,ANM,WE,Combined TRACON& Tower with Radar,8,16,7,4,35,0,3,22,8,33,8,19,29,12,68,48,0,48,116
06/02/2020,GTF,MT,ANM,WE,Combined TRACON& Tower with Radar,9,29,14,11,63,0,0,25,12,37,9,29,39,23,100,38,16,54,154
06/03/2020,GTF,MT,ANM,WE,Combined TRACON& Tower with Radar,9,24,3,3,39,0,3,20,11,34,9,27,23,14,73,0,10,10,83
06/04/2020,GTF,MT,ANM,WE,Combined TRACON& Tower with Radar,8,27,14,0,49,0,3,23,5,31,8,30,37,5,80,48,2,50,130
06/05/2020,GTF,MT,ANM,WE,Combined TRACON& Tower with Radar,14,23,10,7,54,0,1,14,2,17,14,24,24,9,71,28,6,34,105
06/06/2020,GTF,MT,ANM,WE,Combined TRACON& Tower with Radar,4,15,2,2,23,0,3,7,1,11,4,18,9,3,34,16,0,16,50
06/07/2020,GTF,MT,ANM,WE,Combined TRACON& Tower with Radar,4,11,5,0,20,0,2,10,0,12,4,13,15,0,32,24,0,24,56
06/08/2020,GTF,MT,ANM,WE,Combined TRACON& Tower with Radar,10,25,12,0,47,0,10,0,0,10,10,35,12,0,57,8,0,8,65
06/09/2020,GTF,MT,ANM,WE,Combined TRACON& Tower with Radar,10,25,3,6,44,0,5,19,10,34,10,30,22,16,78,30,6,36,114
06/10/2020,GTF,MT,ANM,WE,Combined TRACON& Tower with Radar,8,28,8,10,54,0,6,15,7,28,8,34,23,17,82,6,16,22,104
06/11/2020,GTF,MT,ANM,WE,Combined TRACON& Tower with Radar,8,29,15,40,92,0,2,21,16,39,8,31,36,56,131,80,68,148,279
06/12/2020,GTF,MT,ANM,WE,Combined TRACON& Tower with Radar,12,29,4,2,47,0,5,24,8,37,12,34,28,10,84,4,0,4,88
06/13/2020,GTF,MT,ANM,WE,Combined TRACON& Tower with Radar,7,11,3,0,21,0,0,3,2,5,7,11,6,2,26,0,0,0,26
06/14/2020,GTF,MT,ANM,WE,Combined TRACON& Tower with Radar,4,11,7,0,22,0,3,1,0,4,4,14,8,0,26,0,0,0,26
06/15/2020,GTF,MT,ANM,WE,Combined TRACON& Tower with Radar,8,22,11,34,75,0,1,11,5,17,8,23,22,39,92,0,6,6,98
06/16/2020,GTF,MT,ANM,WE,Combined TRACON& Tower with Radar,8,31,11,8,58,0,3,12,8,23,8,34,23,16,81,90,2,92,173
06/17/2020,GTF,MT,ANM,WE,Combined TRACON& Tower with Radar,8,27,14,5,54,0,3,6,1,10,8,30,20,6,64,34,2,36,100
06/18/2020,GTF,MT,ANM,WE,Combined TRACON& Tower with Radar,10,32,7,1,50,0,1,6,1,8,10,33,13,2,58,16,0,16,74
06/19/2020,GTF,MT,ANM,WE,Combined TRACON& Tower with Radar,12,21,12,0,45,0,3,20,0,23,12,24,32,0,68,52,0,52,120
06/20/2020,GTF,MT,ANM,WE,Combined TRACON& Tower with Radar,6,18,8,0,32,0,0,17,0,17,6,18,25,0,49,48,0,48,97
06/21/2020,GTF,MT,ANM,WE,Combined TRACON& Tower with Radar,4,7,2,0,13,0,0,13,0,13,4,7,15,0,26,12,0,12,38
06/22/2020,GTF,MT,ANM,WE,Combined TRACON& Tower with Radar,8,23,12,4,47,0,1,23,4,28,8,24,35,8,75,40,0,40,115
06/23/2020,GTF,MT,ANM,WE,Combined TRACON& Tower with Radar,8,31,23,2,64,0,4,33,5,42,8,35,56,7,106,12,0,12,118
06/24/2020,GTF,MT,ANM,WE,Combined TRACON& Tower with Radar,8,27,12,10,57,0,5,26,12,43,8,32,38,22,100,30,22,52,152
06/25/2020,GTF,MT,ANM,WE,Combined TRACON& Tower with Radar,8,25,27,22,82,0,4,21,4,29,8,29,48,26,111,12,16,28,139
06/26/2020,GTF,MT,ANM,WE,Combined TRACON& Tower with Radar,10,33,11,0,54,0,0,17,0,17,10,33,28,0,71,32,0,32,103
06/27/2020,GTF,MT,ANM,WE,Combined TRACON& Tower with Radar,6,17,8,0,31,0,2,9,0,11,6,19,17,0,42,38,0,38,80
06/28/2020,GTF,MT,ANM,WE,Combined TRACON& Tower with Radar,6,9,18,0,33,0,1,8,0,9,6,10,26,0,42,4,0,4,46
06/29/2020,GTF,MT,ANM,WE,Combined TRACON& Tower with Radar,10,24,29,3,66,0,0,0,1,1,10,24,29,4,67,0,0,0,67
06/30/2020,GTF,MT,ANM,WE,Combined TRACON& Tower with Radar,9,29,4,8,50,0,1,13,10,24,9,30,17,18,74,34,8,42,116
07/01/2020,GTF,MT,ANM,WE,Combined TRACON& Tower with Radar,10,22,16,7,55,0,1,12,6,19,10,23,28,13,74,4,10,14,88
07/02/2020,GTF,MT,ANM,WE,Combined TRACON& Tower with Radar,14,21,11,0,46,0,1,10,4,15,14,22,21,4,61,20,0,20,81
07/03/2020,GTF,MT,ANM,WE,Combined TRACON& Tower with Radar,11,20,1,0,32,0,6,25,0,31,11,26,26,0,63,34,0,34,97
07/04/2020,GTF,MT,ANM,WE,Combined TRACON& Tower with Radar,7,7,2,0,16,0,1,16,0,17,7,8,18,0,33,0,0,0,33
07/05/2020,GTF,MT,ANM,WE,Combined TRACON& Tower with Radar,6,7,5,0,18,0,0,24,0,24,6,7,29,0,42,30,0,30,72
07/06/2020,GTF,MT,ANM,WE,Combined TRACON& Tower with Radar,11,22,8,6,47,0,1,22,2,25,11,23,30,8,72,30,0,30,102
07/07/2020,GTF,MT,ANM,WE,Combined TRACON& Tower with Radar,10,37,12,2,61,0,2,15,1,18,10,39,27,3,79,34,0,34,113
07/08/2020,GTF,MT,ANM,WE,Combined TRACON& Tower with Radar,7,34,7,10,58,0,1,23,12,36,7,35,30,22,94,18,0,18,112
07/09/2020,GTF,MT,ANM,WE,Combined TRACON& Tower with Radar,10,37,11,25,83,0,3,22,9,34,10,40,33,34,117,44,34,78,195
07/10/2020,GTF,MT,ANM,WE,Combined TRACON& Tower with Radar,12,29,6,1,48,0,5,13,3,21,12,34,19,4,69,22,10,32,101
07/11/2020,GTF,MT,ANM,WE,Combined TRACON& Tower with Radar,5,19,15,2,41,0,0,24,0,24,5,19,39,2,65,24,0,24,89
07/12/2020,GTF,MT,ANM,WE,Combined TRACON& Tower with Radar,9,11,9,2,31,0,0,13,0,13,9,11,22,2,44,20,0,20,64
07/13/2020,GTF,MT,ANM,WE,Combined TRACON& Tower with Radar,12,32,11,21,76,0,2,27,10,39,12,34,38,31,115,44,28,72,187
07/14/2020,GTF,MT,ANM,WE,Combined TRACON& Tower with Radar,8,38,20,16,82,0,2,34,11,47,8,40,54,27,129,62,30,92,221
07/15/2020,GTF,MT,ANM,WE,Combined TRACON& Tower with Radar,11,34,14,19,78,0,2,47,6,55,11,36,61,25,133,28,18,46,179
07/16/2020,GTF,MT,ANM,WE,Combined TRACON& Tower with Radar,13,35,14,11,73,0,0,34,3,37,13,35,48,14,110,42,0,42,152
07/17/2020,GTF,MT,ANM,WE,Combined TRACON& Tower with Radar,13,37,11,1,62,0,1,21,0,22,13,38,32,1,84,54,0,54,138
07/18/2020,GTF,MT,ANM,WE,Combined TRACON& Tower with Radar,8,19,17,1,45,0,1,30,0,31,8,20,47,1,76,32,0,32,108
07/19/2020,GTF,MT,ANM,WE,Combined TRACON& Tower with Radar,10,12,10,0,32,0,0,20,0,20,10,12,30,0,52,0,0,0,52
07/20/2020,GTF,MT,ANM,WE,Combined TRACON& Tower with Radar,12,24,7,1,44,0,1,16,3,20,12,25,23,4,64,20,0,20,84
07/21/2020,GTF,MT,ANM,WE,Combined TRACON& Tower with Radar,11,34,23,10,78,0,3,27,8,38,11,37,50,18,116,48,16,64,180
07/22/2020,GTF,MT,ANM,WE,Combined TRACON& Tower with Radar,11,29,10,7,57,0,1,25,6,32,11,30,35,13,89,42,4,46,135
07/23/2020,GTF,MT,ANM,WE,Combined TRACON& Tower with Radar,16,23,9,7,55,0,5,23,8,36,16,28,32,15,91,42,2,44,135
07/24/2020,GTF,MT,ANM,WE,Combined TRACON& Tower with Radar,13,29,7,6,55,0,1,22,10,33,13,30,29,16,88,26,0,26,114
07/25/2020,GTF,MT,ANM,WE,Combined TRACON& Tower with Radar,7,20,9,0,36,0,0,19,1,20,7,20,28,1,56,50,0,50,106
07/26/2020,GTF,MT,ANM,WE,Combined TRACON& Tower with Radar,8,11,7,0,26,0,0,12,0,12,8,11,19,0,38,32,0,32,70
07/27/2020,GTF,MT,ANM,WE,Combined TRACON& Tower with Radar,12,27,7,5,51,0,4,18,12,34,12,31,25,17,85,44,18,62,147
07/28/2020,GTF,MT,ANM,WE,Combined TRACON& Tower with Radar,12,29,11,29,81,0,1,19,8,28,12,30,30,37,109,48,14,62,171
07/29/2020,GTF,MT,ANM,WE,Combined TRACON& Tower with Radar,12,31,8,17,68,0,1,16,15,32,12,32,24,32,100,24,36,60,160
07/30/2020,GTF,MT,ANM,WE,Combined TRACON& Tower with Radar,12,37,17,1,67,0,3,22,1,26,12,40,39,2,93,50,0,50,143
07/31/2020,GTF,MT,ANM,WE,Combined TRACON& Tower with Radar,13,33,14,0,60,0,5,46,0,51,13,38,60,0,111,40,0,40,151
08/01/2020,GTF,MT,ANM,WE,Combined TRACON& Tower with Radar,8,19,10,0,37,0,0,25,0,25,8,19,35,0,62,24,0,24,86
08/02/2020,GTF,MT,ANM,WE,Combined TRACON& Tower with Radar,10,11,12,0,33,0,0,13,0,13,10,11,25,0,46,0,0,0,46
08/03/2020,GTF,MT,ANM,WE,Combined TRACON& Tower with Radar,13,25,14,6,58,0,3,14,5,22,13,28,28,11,80,22,6,28,108
08/04/2020,GTF,MT,ANM,WE,Combined TRACON& Tower with Radar,12,35,14,9,70,0,1,20,9,30,12,36,34,18,100,62,10,72,172
08/05/2020,GTF,MT,ANM,WE,Combined TRACON& Tower with Radar,9,33,10,7,59,0,2,27,10,39,9,35,37,17,98,50,14,64,162
08/06/2020,GTF,MT,ANM,WE,Combined TRACON& Tower with Radar,14,30,16,1,61,1,2,14,5,22,15,32,30,6,83,24,0,24,107
08/07/2020,GTF,MT,ANM,WE,Combined TRACON& Tower with Radar,16,25,2,2,45,0,3,12,2,17,16,28,14,4,62,20,0,20,82
08/08/2020,GTF,MT,ANM,WE,Combined TRACON& Tower with Radar,10,20,2,2,34,0,0,31,3,34,10,20,33,5,68,14,2,16,84
08/09/2020,GTF,MT,ANM,WE,Combined TRACON& Tower with Radar,12,8,13,0,33,0,0,17,0,17,12,8,30,0,50,0,0,0,50
08/10/2020,GTF,MT,ANM,WE,Combined TRACON& Tower with Radar,15,21,19,7,62,0,1,25,9,35,15,22,44,16,97,24,10,34,131
08/11/2020,GTF,MT,ANM,WE,Combined TRACON& Tower with Radar,11,32,6,5,54,0,1,16,6,23,11,33,22,11,77,34,14,48,125
08/12/2020,GTF,MT,ANM,WE,Combined TRACON& Tower with Radar,10,30,9,7,56,0,2,10,9,21,10,32,19,16,77,20,4,24,101
08/13/2020,GTF,MT,ANM,WE,Combined TRACON& Tower with Radar,12,33,6,2,53,0,1,20,4,25,12,34,26,6,78,20,0,20,98
08/14/2020,GTF,MT,ANM,WE,Combined TRACON& Tower with Radar,16,30,17,12,75,0,3,23,5,31,16,33,40,17,106,36,10,46,152
08/15/2020,GTF,MT,ANM,WE,Combined TRACON& Tower with Radar,8,16,4,6,34,0,0,23,0,23,8,16,27,6,57,32,4,36,93
08/16/2020,GTF,MT,ANM,WE,Combined TRACON& Tower with Radar,10,12,8,2,32,0,0,18,0,18,10,12,26,2,50,32,0,32,82
08/17/2020,GTF,MT,ANM,WE,Combined TRACON& Tower with Radar,12,20,13,20,65,0,3,12,8,23,12,23,25,28,88,38,22,60,148
08/18/2020,GTF,MT,ANM,WE,Combined TRACON& Tower with Radar,10,43,9,7,69,0,2,17,15,34,10,45,26,22,103,34,12,46,149
08/19/2020,GTF,MT,ANM,WE,Combined TRACON& Tower with Radar,10,34,23,5,72,0,4,21,6,31,10,38,44,11,103,24,0,24,127
08/20/2020,GTF,MT,ANM,WE,Combined TRACON& Tower with Radar,16,35,6,5,62,0,3,14,9,26,16,38,20,14,88,36,18,54,142
08/21/2020,GTF,MT,ANM,WE,Combined TRACON& Tower with Radar,13,32,9,4,58,0,1,24,1,26,13,33,33,5,84,12,0,12,96
08/22/2020,GTF,MT,ANM,WE,Combined TRACON& Tower with Radar,10,19,4,0,33,0,1,11,0,12,10,20,15,0,45,30,0,30,75
08/23/2020,GTF,MT,ANM,WE,Combined TRACON& Tower with Radar,10,14,7,0,31,0,0,14,0,14,10,14,21,0,45,42,0,42,87
08/24/2020,GTF,MT,ANM,WE,Combined TRACON& Tower with Radar,8,22,7,2,39,0,1,15,4,20,8,23,22,6,59,22,12,34,93
08/25/2020,GTF,MT,ANM,WE,Combined TRACON& Tower with Radar,8,39,6,7,60,0,2,12,6,20,8,41,18,13,80,12,8,20,100
08/26/2020,GTF,MT,ANM,WE,Combined TRACON& Tower with Radar,8,34,7,1,50,0,1,15,15,31,8,35,22,16,81,38,42,80,161
08/27/2020,GTF,MT,ANM,WE,Combined TRACON& Tower with Radar,13,31,17,1,62,0,1,17,5,23,13,32,34,6,85,36,0,36,121
08/28/2020,GTF,MT,ANM,WE,Combined TRACON& Tower with Radar,12,28,3,1,44,0,1,15,0,16,12,29,18,1,60,26,0,26,86
08/29/2020,GTF,MT,ANM,WE,Combined TRACON& Tower with Radar,8,17,8,0,33,0,0,14,0,14,8,17,22,0,47,0,0,0,47
08/30/2020,GTF,MT,ANM,WE,Combined TRACON& Tower with Radar,9,15,6,1,31,0,0,5,0,5,9,15,11,1,36,0,0,0,36
08/31/2020,GTF,MT,ANM,WE,Combined TRACON& Tower with Radar,7,31,13,8,59,0,4,16,5,25,7,35,29,13,84,40,30,70,154
09/01/2020,GTF,MT,ANM,WE,Combined TRACON& Tower with Radar,11,39,15,2,67,0,1,21,4,26,11,40,36,6,93,26,4,30,123
09/02/2020,GTF,MT,ANM,WE,Combined TRACON& Tower with Radar,11,29,9,0,49,0,2,13,1,16,11,31,22,1,65,32,0,32,97
09/03/2020,GTF,MT,ANM,WE,Combined TRACON& Tower with Radar,15,29,10,1,55,0,1,43,0,44,15,30,53,1,99,70,0,70,169
09/04/2020,GTF,MT,ANM,WE,Combined TRACON& Tower with Radar,16,26,17,0,59,0,1,32,0,33,16,27,49,0,92,26,0,26,118
09/05/2020,GTF,MT,ANM,WE,Combined TRACON& Tower with Radar,9,18,8,0,35,0,0,25,0,25,9,18,33,0,60,16,0,16,76
09/06/2020,GTF,MT,ANM,WE,Combined TRACON& Tower with Radar,12,11,15,0,38,0,0,21,0,21,12,11,36,0,59,12,0,12,71
09/07/2020,GTF,MT,ANM,WE,Combined TRACON& Tower with Radar,10,9,16,0,35,0,0,4,0,4,10,9,20,0,39,0,0,0,39
09/08/2020,GTF,MT,ANM,WE,Combined TRACON& Tower with Radar,9,27,26,24,86,0,1,41,7,49,9,28,67,31,135,48,2,50,185
09/09/2020,GTF,MT,ANM,WE,Combined TRACON& Tower with Radar,16,32,16,8,72,0,2,32,7,41,16,34,48,15,113,94,44,138,251
09/10/2020,GTF,MT,ANM,WE,Combined TRACON& Tower with Radar,16,34,11,29,90,0,2,25,15,42,16,36,36,44,132,40,24,64,196
09/11/2020,GTF,MT,ANM,WE,Combined TRACON& Tower with Radar,15,30,10,12,67,0,2,36,4,42,15,32,46,16,109,46,4,50,159
09/12/2020,GTF,MT,ANM,WE,Combined TRACON& Tower with Radar,9,24,9,0,42,0,3,23,6,32,9,27,32,6,74,22,0,22,96
09/13/2020,GTF,MT,ANM,WE,Combined TRACON& Tower with Radar,10,16,16,1,43,0,2,15,3,20,10,18,31,4,63,0,0,0,63
09/14/2020,GTF,MT,ANM,WE,Combined TRACON& Tower with Radar,12,27,28,29,96,0,1,8,3,12,12,28,36,32,108,30,38,68,176
09/15/2020,GTF,MT,ANM,WE,Combined TRACON& Tower with Radar,12,44,29,8,93,0,1,16,11,28,12,45,45,19,121,18,4,22,143
09/16/2020,GTF,MT,ANM,WE,Combined TRACON& Tower with Radar,10,44,20,17,91,0,1,30,14,45,10,45,50,31,136,58,16,74,210
09/17/2020,GTF,MT,ANM,WE,Combined TRACON& Tower with Radar,16,36,10,11,73,0,0,12,11,23,16,36,22,22,96,70,14,84,180
09/18/2020,GTF,MT,ANM,WE,Combined TRACON& Tower with Radar,12,35,4,8,59,0,0,14,1,15,12,35,18,9,74,24,6,30,104
09/19/2020,GTF,MT,ANM,WE,Combined TRACON& Tower with Radar,10,18,1,2,31,0,0,11,0,11,10,18,12,2,42,40,0,40,82
09/20/2020,GTF,MT,ANM,WE,Combined TRACON& Tower with Radar,10,12,5,2,29,0,0,5,0,5,10,12,10,2,34,16,0,16,50
09/21/2020,GTF,MT,ANM,WE,Combined TRACON& Tower with Radar,9,26,15,2,52,0,0,19,13,32,9,26,34,15,84,46,26,72,156
09/22/2020,GTF,MT,ANM,WE,Combined TRACON& Tower with Radar,13,37,15,27,92,0,0,24,11,35,13,37,39,38,127,36,12,48,175
09/23/2020,GTF,MT,ANM,WE,Combined TRACON& Tower with Radar,12,32,19,5,68,0,0,29,9,38,12,32,48,14,106,32,14,46,152
09/24/2020,GTF,MT,ANM,WE,Combined TRACON& Tower with Radar,14,33,8,6,61,0,2,7,5,14,14,35,15,11,75,6,0,6,81
09/25/2020,GTF,MT,ANM,WE,Combined TRACON& Tower with Radar,14,30,10,1,55,0,0,9,0,9,14,30,19,1,64,14,0,14,78
09/26/2020,GTF,MT,ANM,WE,Combined TRACON& Tower with Radar,9,20,7,0,36,0,0,1,0,1,9,20,8,0,37,0,0,0,37
09/27/2020,GTF,MT,ANM,WE,Combined TRACON& Tower with Radar,9,17,6,0,32,0,0,12,0,12,9,17,18,0,44,18,0,18,62
09/28/2020,GTF,MT,ANM,WE,Combined TRACON& Tower with Radar,11,26,17,5,59,0,1,20,3,24,11,27,37,8,83,32,0,32,115
09/29/2020,GTF,MT,ANM,WE,Combined TRACON& Tower with Radar,9,39,10,5,63,0,1,20,12,33,9,40,30,17,96,46,18,64,160
09/30/2020,GTF,MT,ANM,WE,Combined TRACON& Tower with Radar,10,29,20,12,71,0,0,16,10,26,10,29,36,22,97,50,26,76,173
10/01/2020,GTF,MT,ANM,WE,Combined TRACON& Tower with Radar,14,28,10,20,72,0,0,14,2,16,14,28,24,22,88,40,26,66,154
10/02/2020,GTF,MT,ANM,WE,Combined TRACON& Tower with Radar,12,29,7,8,56,0,0,17,10,27,12,29,24,18,83,46,16,62,145
10/03/2020,GTF,MT,ANM,WE,Combined TRACON& Tower with Radar,8,23,2,1,34,0,1,21,6,28,8,24,23,7,62,12,0,12,74
10/04/2020,GTF,MT,ANM,WE,Combined TRACON& Tower with Radar,11,21,7,0,39,0,1,10,0,11,11,22,17,0,50,42,0,42,92
10/05/2020,GTF,MT,ANM,WE,Combined TRACON& Tower with Radar,9,27,7,28,71,0,0,24,4,28,9,27,31,32,99,44,38,82,181
10/06/2020,GTF,MT,ANM,WE,Combined TRACON& Tower with Radar,9,28,21,15,73,0,3,25,12,40,9,31,46,27,113,32,14,46,159
10/07/2020,GTF,MT,ANM,WE,Combined TRACON& Tower with Radar,10,37,20,15,82,0,2,28,9,39,10,39,48,24,121,54,0,54,175
10/08/2020,GTF,MT,ANM,WE,Combined TRACON& Tower with Radar,12,31,14,17,74,0,0,16,7,23,12,31,30,24,97,50,16,66,163
10/09/2020,GTF,MT,ANM,WE,Combined TRACON& Tower with Radar,11,37,10,1,59,0,0,19,4,23,11,37,29,5,82,58,0,58,140
10/10/2020,GTF,MT,ANM,WE,Combined TRACON& Tower with Radar,7,19,10,0,36,0,0,12,0,12,7,19,22,0,48,12,0,12,60
10/11/2020,GTF,MT,ANM,WE,Combined TRACON& Tower with Radar,8,14,7,0,29,0,1,7,0,8,8,15,14,0,37,6,0,6,43
10/12/2020,GTF,MT,ANM,WE,Combined TRACON& Tower with Radar,8,27,8,0,43,0,1,5,0,6,8,28,13,0,49,20,0,20,69
10/13/2020,GTF,MT,ANM,WE,Combined TRACON& Tower with Radar,7,32,15,0,54,0,0,8,0,8,7,32,23,0,62,110,0,110,172
10/14/2020,GTF,MT,ANM,WE,Combined TRACON& Tower with Radar,9,29,11,6,55,0,5,8,2,15,9,34,19,8,70,16,0,16,86
10/15/2020,GTF,MT,ANM,WE,Combined TRACON& Tower with Radar,12,32,12,17,73,0,2,32,8,42,12,34,44,25,115,88,0,88,203
10/16/2020,GTF,MT,ANM,WE,Combined TRACON& Tower with Radar,11,31,9,0,51,0,1,3,0,4,11,32,12,0,55,36,0,36,91
10/17/2020,GTF,MT,ANM,WE,Combined TRACON& Tower with Radar,7,16,4,0,27,0,0,0,0,0,7,16,4,0,27,0,0,0,27
10/18/2020,GTF,MT,ANM,WE,Combined TRACON& Tower with Radar,8,15,5,0,28,0,0,0,0,0,8,15,5,0,28,0,0,0,28
10/19/2020,GTF,MT,ANM,WE,Combined TRACON& Tower with Radar,7,21,17,3,48,0,2,4,0,6,7,23,21,3,54,4,0,4,58
10/20/2020,GTF,MT,ANM,WE,Combined TRACON& Tower with Radar,8,33,11,4,56,0,1,1,0,2,8,34,12,4,58,6,0,6,64
10/21/2020,GTF,MT,ANM,WE,Combined TRACON& Tower with Radar,8,22,6,3,39,0,1,0,0,1,8,23,6,3,40,0,0,0,40
10/22/2020,GTF,MT,ANM,WE,Combined TRACON& Tower with Radar,14,20,3,6,43,0,1,0,0,1,14,21,3,6,44,0,0,0,44
10/23/2020,GTF,MT,ANM,WE,Combined TRACON& Tower with Radar,10,26,8,2,46,0,1,8,0,9,10,27,16,2,55,16,0,16,71
10/24/2020,GTF,MT,ANM,WE,Combined TRACON& Tower with Radar,6,16,1,0,23,0,0,0,0,0,6,16,1,0,23,0,0,0,23
10/25/2020,GTF,MT,ANM,WE,Combined TRACON& Tower with Radar,8,11,4,0,23,0,1,9,0,10,8,12,13,0,33,2,0,2,35
10/26/2020,GTF,MT,ANM,WE,Combined TRACON& Tower with Radar,7,18,8,2,35,0,2,16,0,18,7,20,24,2,53,30,0,30,83
10/27/2020,GTF,MT,ANM,WE,Combined TRACON& Tower with Radar,12,20,5,0,37,0,1,5,0,6,12,21,10,0,43,0,0,0,43
10/28/2020,GTF,MT,ANM,WE,Combined TRACON& Tower with Radar,8,32,15,9,64,0,0,15,13,28,8,32,30,22,92,88,48,136,228
10/29/2020,GTF,MT,ANM,WE,Combined TRACON& Tower with Radar,14,30,20,2,66,0,1,29,8,38,14,31,49,10,104,40,0,40,144
10/30/2020,GTF,MT,ANM,WE,Combined TRACON& Tower with Radar,10,33,12,4,59,0,1,9,1,11,10,34,21,5,70,26,0,26,96
10/31/2020,GTF,MT,ANM,WE,Combined TRACON& Tower with Radar,5,23,11,0,39,0,0,24,0,24,5,23,35,0,63,58,0,58,121
11/01/2020,GTF,MT,ANM,WE,Combined TRACON& Tower with Radar,8,9,6,0,23,0,0,13,0,13,8,9,19,0,36,6,0,6,42
11/02/2020,GTF,MT,ANM,WE,Combined TRACON& Tower with Radar,4,29,6,2,41,0,0,21,4,25,4,29,27,6,66,30,0,30,96
11/03/2020,GTF,MT,ANM,WE,Combined TRACON& Tower with Radar,6,29,4,10,49,0,1,20,6,27,6,30,24,16,76,80,12,92,168
11/04/2020,GTF,MT,ANM,WE,Combined TRACON& Tower with Radar,11,26,5,5,47,0,0,10,5,15,11,26,15,10,62,46,2,48,110
11/05/2020,GTF,MT,ANM,WE,Combined TRACON& Tower with Radar,12,28,12,4,56,0,0,6,5,11,12,28,18,9,67,0,10,10,77
11/06/2020,GTF,MT,ANM,WE,Combined TRACON& Tower with Radar,9,31,23,4,67,0,0,8,5,13,9,31,31,9,80,60,0,60,140
11/07/2020,GTF,MT,ANM,WE,Combined TRACON& Tower with Radar,7,14,8,0,29,0,1,0,0,1,7,15,8,0,30,10,0,10,40
11/08/2020,GTF,MT,ANM,WE,Combined TRACON& Tower with Radar,4,10,1,0,15,0,0,0,0,0,4,10,1,0,15,0,0,0,15
11/09/2020,GTF,MT,ANM,WE,Combined TRACON& Tower with Radar,8,23,9,2,42,0,1,16,2,19,8,24,25,4,61,4,0,4,65
11/10/2020,GTF,MT,ANM,WE,Combined TRACON& Tower with Radar,8,34,10,7,59,0,1,16,10,27,8,35,26,17,86,56,16,72,158
11/11/2020,GTF,MT,ANM,WE,Combined TRACON& Tower with Radar,10,25,22,0,57,0,2,9,0,11,10,27,31,0,68,72,0,72,140
11/12/2020,GTF,MT,ANM,WE,Combined TRACON& Tower with Radar,12,34,7,12,65,0,0,8,18,26,12,34,15,30,91,36,30,66,157
11/13/2020,GTF,MT,ANM,WE,Combined TRACON& Tower with Radar,9,35,8,5,57,0,0,2,2,4,9,35,10,7,61,0,0,0,61
11/14/2020,GTF,MT,ANM,WE,Combined TRACON& Tower with Radar,7,18,1,0,26,0,0,1,0,1,7,18,2,0,27,18,0,18,45
11/15/2020,GTF,MT,ANM,WE,Combined TRACON& Tower with Radar,13,6,3,0,22,0,0,3,0,3,13,6,6,0,25,0,0,0,25
11/16/2020,GTF,MT,ANM,WE,Combined TRACON& Tower with Radar,11,20,8,7,46,0,0,11,8,19,11,20,19,15,65,32,44,76,141
11/17/2020,GTF,MT,ANM,WE,Combined TRACON& Tower with Radar,11,25,3,2,41,0,0,6,6,12,11,25,9,8,53,0,18,18,71
11/18/2020,GTF,MT,ANM,WE,Combined TRACON& Tower with Radar,7,26,12,7,52,0,2,5,9,16,7,28,17,16,68,2,26,28,96
11/19/2020,GTF,MT,ANM,WE,Combined TRACON& Tower with Radar,12,28,7,0,47,0,0,4,1,5,12,28,11,1,52,0,14,14,66
11/20/2020,GTF,MT,ANM,WE,Combined TRACON& Tower with Radar,16,23,5,1,45,0,3,8,3,14,16,26,13,4,59,50,4,54,113
11/21/2020,GTF,MT,ANM,WE,Combined TRACON& Tower with Radar,14,15,4,0,33,0,1,5,0,6,14,16,9,0,39,38,0,38,77
11/22/2020,GTF,MT,ANM,WE,Combined TRACON& Tower with Radar,14,7,3,1,25,0,0,9,0,9,14,7,12,1,34,42,0,42,76
11/23/2020,GTF,MT,ANM,WE,Combined TRACON& Tower with Radar,13,20,8,5,46,0,1,8,14,23,13,21,16,19,69,32,24,56,125
11/24/2020,GTF,MT,ANM,WE,Combined TRACON& Tower with Radar,15,27,3,5,50,1,0,9,5,15,16,27,12,10,65,34,10,44,109
11/25/2020,GTF,MT,ANM,WE,Combined TRACON& Tower with Radar,17,18,5,0,40,0,0,2,0,2,17,18,7,0,42,4,4,8,50
11/26/2020,GTF,MT,ANM,WE,Combined TRACON& Tower with Radar,5,7,2,0,14,0,0,5,0,5,5,7,7,0,19,12,0,12,31
11/27/2020,GTF,MT,ANM,WE,Combined TRACON& Tower with Radar,15,24,2,0,41,0,0,2,0,2,15,24,4,0,43,8,0,8,51
11/28/2020,GTF,MT,ANM,WE,Combined TRACON& Tower with Radar,12,14,2,0,28,0,1,6,0,7,12,15,8,0,35,8,0,8,43
11/29/2020,GTF,MT,ANM,WE,Combined TRACON& Tower with Radar,17,10,12,0,39,0,0,15,0,15,17,10,27,0,54,34,0,34,88
11/30/2020,GTF,MT,ANM,WE,Combined TRACON& Tower with Radar,11,20,7,2,40,0,0,11,0,11,11,20,18,2,51,10,0,10,61
12/01/2020,GTF,MT,ANM,WE,Combined TRACON& Tower with Radar,13,30,1,2,46,0,1,6,18,25,13,31,7,20,71,56,24,80,151
12/02/2020,GTF,MT,ANM,WE,Combined TRACON& Tower with Radar,8,31,8,9,56,0,1,12,10,23,8,32,20,19,79,68,18,86,165
12/03/2020,GTF,MT,ANM,WE,Combined TRACON& Tower with Radar,11,34,10,8,63,0,1,13,8,22,11,35,23,16,85,22,28,50,135
12/04/2020,GTF,MT,ANM,WE,Combined TRACON& Tower with Radar,11,26,12,0,49,0,1,32,2,35,11,27,44,2,84,40,0,40,124
12/05/2020,GTF,MT,ANM,WE,Combined TRACON& Tower with Radar,7,24,8,4,43,0,0,23,4,27,7,24,31,8,70,64,0,64,134
12/06/2020,GTF,MT,ANM,WE,Combined TRACON& Tower with Radar,10,14,6,1,31,0,1,13,0,14,10,15,19,1,45,0,0,0,45
12/07/2020,GTF,MT,ANM,WE,Combined TRACON& Tower with Radar,7,25,5,6,43,0,0,8,5,13,7,25,13,11,56,0,10,10,66
12/08/2020,GTF,MT,ANM,WE,Combined TRACON& Tower with Radar,7,33,13,2,55,0,0,5,1,6,7,33,18,3,61,0,0,0,61
12/09/2020,GTF,MT,ANM,WE,Combined TRACON& Tower with Radar,7,38,3,3,51,0,1,5,5,11,7,39,8,8,62,18,4,22,84
12/10/2020,GTF,MT,ANM,WE,Combined TRACON& Tower with Radar,10,32,7,1,50,0,1,15,3,19,10,33,22,4,69,52,0,52,121
12/11/2020,GTF,MT,ANM,WE,Combined TRACON& Tower with Radar,13,25,2,2,42,0,0,0,0,0,13,25,2,2,42,0,0,0,42
12/12/2020,GTF,MT,ANM,WE,Combined TRACON& Tower with Radar,7,20,2,0,29,0,0,9,0,9,7,20,11,0,38,0,0,0,38
12/13/2020,GTF,MT,ANM,WE,Combined TRACON& Tower with Radar,8,15,1,0,24,0,0,0,0,0,8,15,1,0,24,12,24,36,60
12/14/2020,GTF,MT,ANM,WE,Combined TRACON& Tower with Radar,5,21,12,12,50,0,0,11,6,17,5,21,23,18,67,14,0,14,81
12/15/2020,GTF,MT,ANM,WE,Combined TRACON& Tower with Radar,7,43,13,6,69,0,7,9,3,19,7,50,22,9,88,0,0,0,88
12/16/2020,GTF,MT,ANM,WE,Combined TRACON& Tower with Radar,8,33,12,10,63,0,2,12,3,17,8,35,24,13,80,0,24,24,104
12/17/2020,GTF,MT,ANM,WE,Combined TRACON& Tower with Radar,11,31,11,9,62,0,0,11,3,14,11,31,22,12,76,0,18,18,94
12/18/2020,GTF,MT,ANM,WE,Combined TRACON& Tower with Radar,10,33,11,1,55,0,3,11,0,14,10,36,22,1,69,22,0,22,91
12/19/2020,GTF,MT,ANM,WE,Combined TRACON& Tower with Radar,11,24,6,0,41,0,0,1,0,1,11,24,7,0,42,0,0,0,42
12/20/2020,GTF,MT,ANM,WE,Combined TRACON& Tower with Radar,7,17,7,0,31,0,0,2,0,2,7,17,9,0,33,0,0,0,33
12/21/2020,GTF,MT,ANM,WE,Combined TRACON& Tower with Radar,13,18,14,3,48,0,1,6,0,7,13,19,20,3,55,10,0,10,65
12/22/2020,GTF,MT,ANM,WE,Combined TRACON& Tower with Radar,9,49,3,1,62,0,0,1,1,2,9,49,4,2,64,0,0,0,64
12/23/2020,GTF,MT,ANM,WE,Combined TRACON& Tower with Radar,15,32,10,2,59,0,0,17,8,25,15,32,27,10,84,30,12,42,126
12/24/2020,GTF,MT,ANM,WE,Combined TRACON& Tower with Radar,8,26,1,0,35,0,0,2,0,2,8,26,3,0,37,10,0,10,47
12/25/2020,GTF,MT,ANM,WE,Combined TRACON& Tower with Radar,4,8,0,0,12,0,1,8,0,9,4,9,8,0,21,14,0,14,35
12/26/2020,GTF,MT,ANM,WE,Combined TRACON& Tower with Radar,11,26,2,0,39,0,0,7,0,7,11,26,9,0,46,2,0,2,48
12/27/2020,GTF,MT,ANM,WE,Combined TRACON& Tower with Radar,10,15,2,0,27,0,0,13,0,13,10,15,15,0,40,66,0,66,106
12/28/2020,GTF,MT,ANM,WE,Combined TRACON& Tower with Radar,11,23,11,1,46,0,0,18,8,26,11,23,29,9,72,44,8,52,124
12/29/2020,GTF,MT,ANM,WE,Combined TRACON& Tower with Radar,8,32,6,4,50,0,0,25,16,41,8,32,31,20,91,98,2,100,191
12/30/2020,GTF,MT,ANM,WE,Combined TRACON& Tower with Radar,12,29,7,7,55,0,0,6,6,12,12,29,13,13,67,0,12,12,79
12/31/2020,GTF,MT,ANM,WE,Combined TRACON& Tower with Radar,8,22,5,34,69,0,0,10,0,10,8,22,15,34,79,40,42,82,161
01/01/2021,GTF,MT,ANM,WE,Combined TRACON& Tower with Radar,5,10,7,0,22,0,0,8,0,8,5,10,15,0,30,40,0,40,70
01/02/2021,GTF,MT,ANM,WE,Combined TRACON& Tower with Radar,9,18,2,0,29,0,0,0,0,0,9,18,2,0,29,0,0,0,29
01/03/2021,GTF,MT,ANM,WE,Combined TRACON& Tower with Radar,8,15,4,0,27,0,3,0,0,3,8,18,4,0,30,0,0,0,30
01/04/2021,GTF,MT,ANM,WE,Combined TRACON& Tower with Radar,8,22,5,0,35,0,2,12,0,14,8,24,17,0,49,36,0,36,85
01/05/2021,GTF,MT,ANM,WE,Combined TRACON& Tower with Radar,7,29,7,7,50,0,2,4,6,12,7,31,11,13,62,16,22,38,100
01/06/2021,GTF,MT,ANM,WE,Combined TRACON& Tower with Radar,9,32,6,14,61,0,0,4,6,10,9,32,10,20,71,0,12,12,83
01/07/2021,GTF,MT,ANM,WE,Combined TRACON& Tower with Radar,12,25,3,0,40,0,2,0,0,2,12,27,3,0,42,0,0,0,42
01/08/2021,GTF,MT,ANM,WE,Combined TRACON& Tower with Radar,14,28,11,0,53,0,0,11,2,13,14,28,22,2,66,86,0,86,152
01/09/2021,GTF,MT,ANM,WE,Combined TRACON& Tower with Radar,10,18,9,1,38,0,0,18,3,21,10,18,27,4,59,34,6,40,99
01/10/2021,GTF,MT,ANM,WE,Combined TRACON& Tower with Radar,12,17,6,0,35,0,1,8,0,9,12,18,14,0,44,28,10,38,82
01/11/2021,GTF,MT,ANM,WE,Combined TRACON& Tower with Radar,7,30,6,7,50,0,1,9,9,19,7,31,15,16,69,12,0,12,81
01/12/2021,GTF,MT,ANM,WE,Combined TRACON& Tower with Radar,8,31,8,2,49,0,0,5,2,7,8,31,13,4,56,0,0,0,56
01/13/2021,GTF,MT,ANM,WE,Combined TRACON& Tower with Radar,6,18,3,0,27,0,0,1,0,1,6,18,4,0,28,0,0,0,28
01/14/2021,GTF,MT,ANM,WE,Combined TRACON& Tower with Radar,13,37,14,2,66,0,0,28,2,30,13,37,42,4,96,54,0,54,150
01/15/2021,GTF,MT,ANM,WE,Combined TRACON& Tower with Radar,11,25,9,9,54,0,0,7,0,7,11,25,16,9,61,64,20,84,145
01/16/2021,GTF,MT,ANM,WE,Combined TRACON& Tower with Radar,6,18,9,4,37,0,0,24,0,24,6,18,33,4,61,14,0,14,75
01/17/2021,GTF,MT,ANM,WE,Combined TRACON& Tower with Radar,10,14,0,1,25,0,0,1,0,1,10,14,1,1,26,0,0,0,26
01/18/2021,GTF,MT,ANM,WE,Combined TRACON& Tower with Radar,8,23,10,2,43,0,3,6,0,9,8,26,16,2,52,42,0,42,94
01/19/2021,GTF,MT,ANM,WE,Combined TRACON& Tower with Radar,8,25,6,7,46,0,0,3,2,5,8,25,9,9,51,14,22,36,87
01/20/2021,GTF,MT,ANM,WE,Combined TRACON& Tower with Radar,8,28,8,19,63,0,0,3,12,15,8,28,11,31,78,24,18,42,120
01/21/2021,GTF,MT,ANM,WE,Combined TRACON& Tower with Radar,11,25,11,23,70,0,0,20,12,32,11,25,31,35,102,112,4,116,218
01/22/2021,GTF,MT,ANM,WE,Combined TRACON& Tower with Radar,11,31,8,13,63,0,2,11,3,16,11,33,19,16,79,50,0,50,129
01/23/2021,GTF,MT,ANM,WE,Combined TRACON& Tower with Radar,7,20,6,2,35,0,0,17,1,18,7,20,23,3,53,4,0,4,57
01/24/2021,GTF,MT,ANM,WE,Combined TRACON& Tower with Radar,11,8,4,1,24,0,0,12,0,12,11,8,16,1,36,82,0,82,118
01/25/2021,GTF,MT,ANM,WE,Combined TRACON& Tower with Radar,11,18,12,20,61,0,2,3,2,7,11,20,15,22,68,70,0,70,138
01/26/2021,GTF,MT,ANM,WE,Combined TRACON& Tower with Radar,9,27,11,7,54,0,3,7,7,17,9,30,18,14,71,102,14,116,187
01/27/2021,GTF,MT,ANM,WE,Combined TRACON& Tower with Radar,8,24,19,34,85,0,0,17,8,25,8,24,36,42,110,34,62,96,206
01/28/2021,GTF,MT,ANM,WE,Combined TRACON& Tower with Radar,13,29,17,14,73,0,1,18,6,25,13,30,35,20,98,30,0,30,128
01/29/2021,GTF,MT,ANM,WE,Combined TRACON& Tower with Radar,11,28,7,1,47,0,1,14,2,17,11,29,21,3,64,72,0,72,136
01/30/2021,GTF,MT,ANM,WE,Combined TRACON& Tower with Radar,8,20,4,0,32,0,0,13,0,13,8,20,17,0,45,70,0,70,115
01/31/2021,GTF,MT,ANM,WE,Combined TRACON& Tower with Radar,8,13,0,0,21,0,0,17,0,17,8,13,17,0,38,18,0,18,56
02/01/2021,GTF,MT,ANM,WE,Combined TRACON& Tower with Radar,8,25,19,20,72,0,0,13,2,15,8,25,32,22,87,22,0,22,109
02/02/2021,GTF,MT,ANM,WE,Combined TRACON& Tower with Radar,8,28,11,12,59,0,1,9,15,25,8,29,20,27,84,38,26,64,148
02/03/2021,GTF,MT,ANM,WE,Combined TRACON& Tower with Radar,8,29,8,20,65,0,1,0,6,7,8,30,8,26,72,30,34,64,136
02/04/2021,GTF,MT,ANM,WE,Combined TRACON& Tower with Radar,13,27,4,5,49,0,0,8,9,17,13,27,12,14,66,52,6,58,124
02/05/2021,GTF,MT,ANM,WE,Combined TRACON& Tower with Radar,9,30,5,0,44,0,0,0,0,0,9,30,5,0,44,0,0,0,44
02/06/2021,GTF,MT,ANM,WE,Combined TRACON& Tower with Radar,6,16,0,0,22,0,0,0,0,0,6,16,0,0,22,0,0,0,22
02/07/2021,GTF,MT,ANM,WE,Combined TRACON& Tower with Radar,7,15,2,1,25,0,0,0,0,0,7,15,2,1,25,0,0,0,25
02/08/2021,GTF,MT,ANM,WE,Combined TRACON& Tower with Radar,9,25,6,5,45,0,0,0,1,1,9,25,6,6,46,0,0,0,46
02/09/2021,GTF,MT,ANM,WE,Combined TRACON& Tower with Radar,8,27,9,1,45,0,0,6,0,6,8,27,15,1,51,0,0,0,51
02/10/2021,GTF,MT,ANM,WE,Combined TRACON& Tower with Radar,7,26,9,2,44,0,0,1,2,3,7,26,10,4,47,0,0,0,47
02/11/2021,GTF,MT,ANM,WE,Combined TRACON& Tower with Radar,11,33,9,14,67,0,1,3,5,9,11,34,12,19,76,4,0,4,80
02/12/2021,GTF,MT,ANM,WE,Combined TRACON& Tower with Radar,9,26,8,3,46,0,0,1,0,1,9,26,9,3,47,0,0,0,47
02/13/2021,GTF,MT,ANM,WE,Combined TRACON& Tower with Radar,5,25,0,0,30,0,0,1,0,1,5,25,1,0,31,0,0,0,31
02/14/2021,GTF,MT,ANM,WE,Combined TRACON& Tower with Radar,9,8,2,0,19,0,0,2,0,2,9,8,4,0,21,38,0,38,59
02/15/2021,GTF,MT,ANM,WE,Combined TRACON& Tower with Radar,7,28,8,0,43,0,0,4,0,4,7,28,12,0,47,28,0,28,75
02/16/2021,GTF,MT,ANM,WE,Combined TRACON& Tower with Radar,6,28,10,10,54,0,1,6,10,17,6,29,16,20,71,102,6,108,179
02/17/2021,GTF,MT,ANM,WE,Combined TRACON& Tower with Radar,6,29,4,14,53,0,2,0,5,7,6,31,4,19,60,0,12,12,72
02/18/2021,GTF,MT,ANM,WE,Combined TRACON& Tower with Radar,10,30,12,2,54,0,0,15,10,25,10,30,27,12,79,38,12,50,129
02/19/2021,GTF,MT,ANM,WE,Combined TRACON& Tower with Radar,10,29,3,1,43,0,0,5,3,8,10,29,8,4,51,8,0,8,59
02/20/2021,GTF,MT,ANM,WE,Combined TRACON& Tower with Radar,8,16,3,0,27,0,0,6,0,6,8,16,9,0,33,38,0,38,71
02/21/2021,GTF,MT,ANM,WE,Combined TRACON& Tower with Radar,10,21,6,1,38,0,2,0,0,2,10,23,6,1,40,0,0,0,40
02/22/2021,GTF,MT,ANM,WE,Combined TRACON& Tower with Radar,10,22,7,3,42,0,3,1,3,7,10,25,8,6,49,0,0,0,49
02/23/2021,GTF,MT,ANM,WE,Combined TRACON& Tower with Radar,9,28,5,2,44,0,0,4,5,9,9,28,9,7,53,26,0,26,79
02/24/2021,GTF,MT,ANM,WE,Combined TRACON& Tower with Radar,9,29,13,13,64,0,0,10,17,27,9,29,23,30,91,64,42,106,197
02/25/2021,GTF,MT,ANM,WE,Combined TRACON& Tower with Radar,14,29,4,4,51,0,0,0,0,0,14,29,4,4,51,0,0,0,51
02/26/2021,GTF,MT,ANM,WE,Combined TRACON& Tower with Radar,12,29,2,2,45,0,1,4,8,13,12,30,6,10,58,34,0,34,92
02/27/2021,GTF,MT,ANM,WE,Combined TRACON& Tower with Radar,8,25,2,0,35,0,1,2,0,3,8,26,4,0,38,24,0,24,62
02/28/2021,GTF,MT,ANM,WE,Combined TRACON& Tower with Radar,10,14,3,0,27,0,0,7,0,7,10,14,10,0,34,4,0,4,38
03/01/2021,GTF,MT,ANM,WE,Combined TRACON& Tower with Radar,12,20,16,12,60,0,3,15,3,21,12,23,31,15,81,4,0,4,85
03/02/2021,GTF,MT,ANM,WE,Combined TRACON& Tower with Radar,10,33,6,6,55,0,2,7,6,15,10,35,13,12,70,0,12,12,82
03/03/2021,GTF,MT,ANM,WE,Combined TRACON& Tower with Radar,9,30,13,9,61,0,1,41,13,55,9,31,54,22,116,40,6,46,162
03/04/2021,GTF,MT,ANM,WE,Combined TRACON& Tower with Radar,15,27,14,11,67,0,0,31,11,42,15,27,45,22,109,62,40,102,211
03/05/2021,GTF,MT,ANM,WE,Combined TRACON& Tower with Radar,13,38,15,1,67,0,0,24,2,26,13,38,39,3,93,48,0,48,141
03/06/2021,GTF,MT,ANM,WE,Combined TRACON& Tower with Radar,9,16,9,2,36,0,0,11,2,13,9,16,20,4,49,12,2,14,63
03/07/2021,GTF,MT,ANM,WE,Combined TRACON& Tower with Radar,12,12,3,0,27,0,0,14,1,15,12,12,17,1,42,20,0,20,62
03/08/2021,GTF,MT,ANM,WE,Combined TRACON& Tower with Radar,10,23,18,21,72,0,1,4,2,7,10,24,22,23,79,22,0,22,101
03/09/2021,GTF,MT,ANM,WE,Combined TRACON& Tower with Radar,12,27,19,4,62,0,0,12,16,28,12,27,31,20,90,68,32,100,190
03/10/2021,GTF,MT,ANM,WE,Combined TRACON& Tower with Radar,10,37,9,22,78,0,4,22,12,38,10,41,31,34,116,106,12,118,234
03/11/2021,GTF,MT,ANM,WE,Combined TRACON& Tower with Radar,14,26,9,1,50,0,4,15,3,22,14,30,24,4,72,104,0,104,176
03/12/2021,GTF,MT,ANM,WE,Combined TRACON& Tower with Radar,12,31,10,8,61,0,0,20,4,24,12,31,30,12,85,60,10,70,155
03/13/2021,GTF,MT,ANM,WE,Combined TRACON& Tower with Radar,10,17,8,0,35,0,1,32,1,34,10,18,40,1,69,100,0,100,169
03/14/2021,GTF,MT,ANM,WE,Combined TRACON& Tower with Radar,9,11,5,1,26,0,0,20,0,20,9,11,25,1,46,34,0,34,80
03/15/2021,GTF,MT,ANM,WE,Combined TRACON& Tower with Radar,11,24,14,7,56,0,3,7,12,22,11,27,21,19,78,58,2,60,138
03/16/2021,GTF,MT,ANM,WE,Combined TRACON& Tower with Radar,12,27,8,8,55,0,1,10,20,31,12,28,18,28,86,124,16,140,226
03/17/2021,GTF,MT,ANM,WE,Combined TRACON& Tower with Radar,11,28,7,3,49,0,0,15,6,21,11,28,22,9,70,2,0,2,72
03/18/2021,GTF,MT,ANM,WE,Combined TRACON& Tower with Radar,14,29,14,18,75,0,0,16,10,26,14,29,30,28,101,10,22,32,133
03/19/2021,GTF,MT,ANM,WE,Combined TRACON& Tower with Radar,14,30,13,4,61,0,1,7,4,12,14,31,20,8,73,0,0,0,73
03/20/2021,GTF,MT,ANM,WE,Combined TRACON& Tower with Radar,11,16,7,0,34,0,0,7,1,8,11,16,14,1,42,20,0,20,62
03/21/2021,GTF,MT,ANM,WE,Combined TRACON& Tower with Radar,16,12,4,0,32,0,0,10,0,10,16,12,14,0,42,8,0,8,50
03/22/2021,GTF,MT,ANM,WE,Combined TRACON& Tower with Radar,9,24,8,9,50,0,1,2,6,9,9,25,10,15,59,38,24,62,121
03/23/2021,GTF,MT,ANM,WE,Combined TRACON& Tower with Radar,12,26,2,6,46,0,1,0,10,11,12,27,2,16,57,4,8,12,69
03/24/2021,GTF,MT,ANM,WE,Combined TRACON& Tower with Radar,10,44,7,7,68,0,0,10,7,17,10,44,17,14,85,26,4,30,115
03/25/2021,GTF,MT,ANM,WE,Combined TRACON& Tower with Radar,14,28,10,8,60,0,1,0,2,3,14,29,10,10,63,0,0,0,63
03/26/2021,GTF,MT,ANM,WE,Combined TRACON& Tower with Radar,13,26,9,2,50,0,0,13,6,19,13,26,22,8,69,24,0,24,93
03/27/2021,GTF,MT,ANM,WE,Combined TRACON& Tower with Radar,12,20,4,1,37,0,0,5,0,5,12,20,9,1,42,0,0,0,42
03/28/2021,GTF,MT,ANM,WE,Combined TRACON& Tower with Radar,10,13,3,0,26,0,1,3,0,4,10,14,6,0,30,0,0,0,30
03/29/2021,GTF,MT,ANM,WE,Combined TRACON& Tower with Radar,11,20,5,1,37,0,0,0,0,0,11,20,5,1,37,0,0,0,37
03/30/2021,GTF,MT,ANM,WE,Combined TRACON& Tower with Radar,14,27,13,6,60,0,0,10,7,17,14,27,23,13,77,58,0,58,135
03/31/2021,GTF,MT,ANM,WE,Combined TRACON& Tower with Radar,12,28,5,22,67,0,0,21,17,38,12,28,26,39,105,46,54,100,205
04/01/2021,GTF,MT,ANM,WE,Combined TRACON& Tower with Radar,14,30,6,2,52,0,2,15,5,22,14,32,21,7,74,30,0,30,104
04/02/2021,GTF,MT,ANM,WE,Combined TRACON& Tower with Radar,12,30,9,0,51,0,3,15,2,20,12,33,24,2,71,38,0,38,109
04/03/2021,GTF,MT,ANM,WE,Combined TRACON& Tower with Radar,8,20,5,0,33,0,0,14,0,14,8,20,19,0,47,14,0,14,61
04/04/2021,GTF,MT,ANM,WE,Combined TRACON& Tower with Radar,11,14,1,0,26,0,0,6,0,6,11,14,7,0,32,4,0,4,36
04/05/2021,GTF,MT,ANM,WE,Combined TRACON& Tower with Radar,12,26,11,7,56,0,2,0,6,8,12,28,11,13,64,0,24,24,88
04/06/2021,GTF,MT,ANM,WE,Combined TRACON& Tower with Radar,15,33,13,9,70,0,0,17,17,34,15,33,30,26,104,46,26,72,176
04/07/2021,GTF,MT,ANM,WE,Combined TRACON& Tower with Radar,12,31,8,5,56,0,0,14,18,32,12,31,22,23,88,24,42,66,154
04/08/2021,GTF,MT,ANM,WE,Combined TRACON& Tower with Radar,14,37,7,1,59,0,3,3,3,9,14,40,10,4,68,12,0,12,80
04/09/2021,GTF,MT,ANM,WE,Combined TRACON& Tower with Radar,12,35,13,3,63,0,2,13,4,19,12,37,26,7,82,12,0,12,94
04/10/2021,GTF,MT,ANM,WE,Combined TRACON& Tower with Radar,8,21,0,0,29,0,3,1,0,4,8,24,1,0,33,0,0,0,33
04/11/2021,GTF,MT,ANM,WE,Combined TRACON& Tower with Radar,10,12,6,2,30,0,1,7,0,8,10,13,13,2,38,0,0,0,38
04/12/2021,GTF,MT,ANM,WE,Combined TRACON& Tower with Radar,10,25,19,4,58,0,1,19,8,28,10,26,38,12,86,58,24,82,168
04/13/2021,GTF,MT,ANM,WE,Combined TRACON& Tower with Radar,12,35,14,21,82,0,1,9,11,21,12,36,23,32,103,60,46,106,209
04/14/2021,GTF,MT,ANM,WE,Combined TRACON& Tower with Radar,12,37,16,19,84,0,0,1,1,2,12,37,17,20,86,0,10,10,96
04/15/2021,GTF,MT,ANM,WE,Combined TRACON& Tower with Radar,16,30,15,0,61,0,1,6,0,7,16,31,21,0,68,20,0,20,88
04/16/2021,GTF,MT,ANM,WE,Combined TRACON& Tower with Radar,12,29,11,2,54,0,0,26,3,29,12,29,37,5,83,28,0,28,111
04/17/2021,GTF,MT,ANM,WE,Combined TRACON& Tower with Radar,8,22,10,0,40,0,0,33,2,35,8,22,43,2,75,12,0,12,87
04/18/2021,GTF,MT,ANM,WE,Combined TRACON& Tower with Radar,10,11,6,1,28,0,1,8,0,9,10,12,14,1,37,24,0,24,61
04/19/2021,GTF,MT,ANM,WE,Combined TRACON& Tower with Radar,10,21,13,1,45,0,2,12,2,16,10,23,25,3,61,0,0,0,61
04/20/2021,GTF,MT,ANM,WE,Combined TRACON& Tower with Radar,12,39,12,8,71,0,0,20,14,34,12,39,32,22,105,56,6,62,167
04/21/2021,GTF,MT,ANM,WE,Combined TRACON& Tower with Radar,12,33,17,9,71,0,0,43,13,56,12,33,60,22,127,42,0,42,169
04/22/2021,GTF,MT,ANM,WE,Combined TRACON& Tower with Radar,14,28,10,1,53,0,1,3,3,7,14,29,13,4,60,4,0,4,64
04/23/2021,GTF,MT,ANM,WE,Combined TRACON& Tower with Radar,14,23,3,2,42,0,1,7,1,9,14,24,10,3,51,14,0,14,65
04/24/2021,GTF,MT,ANM,WE,Combined TRACON& Tower with Radar,10,19,5,4,38,0,0,0,0,0,10,19,5,4,38,4,0,4,42
04/25/2021,GTF,MT,ANM,WE,Combined TRACON& Tower with Radar,12,15,3,0,30,0,0,2,0,2,12,15,5,0,32,0,0,0,32
04/26/2021,GTF,MT,ANM,WE,Combined TRACON& Tower with Radar,10,25,10,12,57,0,0,13,8,21,10,25,23,20,78,58,8,66,144
04/27/2021,GTF,MT,ANM,WE,Combined TRACON& Tower with Radar,12,38,9,5,64,0,0,29,14,43,12,38,38,19,107,56,4,60,167
04/28/2021,GTF,MT,ANM,WE,Combined TRACON& Tower with Radar,14,30,15,5,64,0,0,15,7,22,14,30,30,12,86,18,0,18,104
04/29/2021,GTF,MT,ANM,WE,Combined TRACON& Tower with Radar,14,27,14,5,60,0,2,20,8,30,14,29,34,13,90,16,12,28,118
04/30/2021,GTF,MT,ANM,WE,Combined TRACON& Tower with Radar,12,34,6,1,53,0,3,7,1,11,12,37,13,2,64,0,0,0,64
05/01/2021,GTF,MT,ANM,WE,Combined TRACON& Tower with Radar,8,22,10,0,40,0,0,10,5,15,8,22,20,5,55,32,0,32,87
05/02/2021,GTF,MT,ANM,WE,Combined TRACON& Tower with Radar,10,9,2,1,22,0,0,4,0,4,10,9,6,1,26,2,0,2,28
05/03/2021,GTF,MT,ANM,WE,Combined TRACON& Tower with Radar,10,30,16,16,72,0,0,30,9,39,10,30,46,25,111,46,22,68,179
05/04/2021,GTF,MT,ANM,WE,Combined TRACON& Tower with Radar,13,37,15,6,71,0,8,11,7,26,13,45,26,13,97,64,2,66,163
05/05/2021,GTF,MT,ANM,WE,Combined TRACON& Tower with Radar,12,38,11,28,89,0,2,17,7,26,12,40,28,35,115,94,12,106,221
05/06/2021,GTF,MT,ANM,WE,Combined TRACON& Tower with Radar,12,31,13,4,60,0,4,51,5,60,12,35,64,9,120,54,0,54,174
05/07/2021,GTF,MT,ANM,WE,Combined TRACON& Tower with Radar,12,34,5,1,52,0,0,3,0,3,12,34,8,1,55,2,0,2,57
05/08/2021,GTF,MT,ANM,WE,Combined TRACON& Tower with Radar,8,20,2,0,30,0,0,0,0,0,8,20,2,0,30,16,0,16,46
05/09/2021,GTF,MT,ANM,WE,Combined TRACON& Tower with Radar,10,12,0,0,22,0,0,2,0,2,10,12,2,0,24,4,0,4,28
05/10/2021,GTF,MT,ANM,WE,Combined TRACON& Tower with Radar,10,27,7,6,50,0,1,28,3,32,10,28,35,9,82,82,2,84,166
05/11/2021,GTF,MT,ANM,WE,Combined TRACON& Tower with Radar,12,30,12,18,72,0,0,21,10,31,12,30,33,28,103,72,0,72,175
05/12/2021,GTF,MT,ANM,WE,Combined TRACON& Tower with Radar,14,27,20,22,83,0,2,34,16,52,14,29,54,38,135,66,48,114,249
05/13/2021,GTF,MT,ANM,WE,Combined TRACON& Tower with Radar,14,27,9,9,59,0,1,25,10,36,14,28,34,19,95,46,6,52,147
05/14/2021,GTF,MT,ANM,WE,Combined TRACON& Tower with Radar,12,27,16,2,57,0,1,39,3,43,12,28,55,5,100,68,0,68,168
05/15/2021,GTF,MT,ANM,WE,Combined TRACON& Tower with Radar,7,20,12,0,39,0,2,35,0,37,7,22,47,0,76,72,0,72,148
05/16/2021,GTF,MT,ANM,WE,Combined TRACON& Tower with Radar,11,14,7,0,32,0,0,33,1,34,11,14,40,1,66,22,0,22,88
05/17/2021,GTF,MT,ANM,WE,Combined TRACON& Tower with Radar,10,26,22,5,63,0,0,43,7,50,10,26,65,12,113,40,20,60,173
05/18/2021,GTF,MT,ANM,WE,Combined TRACON& Tower with Radar,12,36,9,4,61,0,0,26,7,33,12,36,35,11,94,6,0,6,100
05/19/2021,GTF,MT,ANM,WE,Combined TRACON& Tower with Radar,12,31,14,15,72,0,3,10,5,18,12,34,24,20,90,12,0,12,102
05/20/2021,GTF,MT,ANM,WE,Combined TRACON& Tower with Radar,14,31,9,5,59,0,0,0,0,0,14,31,9,5,59,0,0,0,59
05/21/2021,GTF,MT,ANM,WE,Combined TRACON& Tower with Radar,12,30,3,3,48,0,0,0,0,0,12,30,3,3,48,0,0,0,48
05/22/2021,GTF,MT,ANM,WE,Combined TRACON& Tower with Radar,8,19,10,2,39,0,1,6,2,9,8,20,16,4,48,26,0,26,74
05/23/2021,GTF,MT,ANM,WE,Combined TRACON& Tower with Radar,10,19,2,1,32,0,0,4,0,4,10,19,6,1,36,4,0,4,40
05/24/2021,GTF,MT,ANM,WE,Combined TRACON& Tower with Radar,12,25,19,5,61,0,0,6,5,11,12,25,25,10,72,0,6,6,78
05/25/2021,GTF,MT,ANM,WE,Combined TRACON& Tower with Radar,12,32,14,6,64,0,2,18,6,26,12,34,32,12,90,40,0,40,130
05/26/2021,GTF,MT,ANM,WE,Combined TRACON& Tower with Radar,12,28,18,6,64,0,1,3,4,8,12,29,21,10,72,30,0,30,102
05/27/2021,GTF,MT,ANM,WE,Combined TRACON& Tower with Radar,12,28,17,9,66,0,4,43,8,55,12,32,60,17,121,64,22,86,207
05/28/2021,GTF,MT,ANM,WE,Combined TRACON& Tower with Radar,14,35,9,2,60,0,0,10,0,10,14,35,19,2,70,0,0,0,70
05/29/2021,GTF,MT,ANM,WE,Combined TRACON& Tower with Radar,10,23,16,0,49,0,2,26,0,28,10,25,42,0,77,0,0,0,77
05/30/2021,GTF,MT,ANM,WE,Combined TRACON& Tower with Radar,10,9,10,0,29,0,0,33,0,33,10,9,43,0,62,6,0,6,68
05/31/2021,GTF,MT,ANM,WE,Combined TRACON& Tower with Radar,10,16,5,0,31,0,0,34,0,34,10,16,39,0,65,4,0,4,69
06/01/2021,GTF,MT,ANM,WE,Combined TRACON& Tower with Radar,8,25,15,7,55,0,0,37,19,56,8,25,52,26,111,34,16,50,161
06/02/2021,GTF,MT,ANM,WE,Combined TRACON& Tower with Radar,12,35,15,24,86,0,2,41,21,64,12,37,56,45,150,54,32,86,236
06/03/2021,GTF,MT,ANM,WE,Combined TRACON& Tower with Radar,13,38,14,12,77,0,3,30,10,43,13,41,44,22,120,86,36,122,242
06/04/2021,GTF,MT,ANM,WE,Combined TRACON& Tower with Radar,15,28,9,0,52,0,2,21,5,28,15,30,30,5,80,8,0,8,88
06/05/2021,GTF,MT,ANM,WE,Combined TRACON& Tower with Radar,10,28,6,0,44,0,0,10,6,16,10,28,16,6,60,10,0,10,70
06/06/2021,GTF,MT,ANM,WE,Combined TRACON& Tower with Radar,10,22,3,0,35,0,0,10,0,10,10,22,13,0,45,0,0,0,45
06/07/2021,GTF,MT,ANM,WE,Combined TRACON& Tower with Radar,14,28,12,3,57,0,5,21,11,37,14,33,33,14,94,46,2,48,142
06/08/2021,GTF,MT,ANM,WE,Combined TRACON& Tower with Radar,12,43,23,3,81,0,2,14,9,25,12,45,37,12,106,48,18,66,172
06/09/2021,GTF,MT,ANM,WE,Combined TRACON& Tower with Radar,14,38,15,8,75,0,0,9,19,28,14,38,24,27,103,64,24,88,191
06/10/2021,GTF,MT,ANM,WE,Combined TRACON& Tower with Radar,12,36,14,2,64,0,1,6,7,14,12,37,20,9,78,2,0,2,80
06/11/2021,GTF,MT,ANM,WE,Combined TRACON& Tower with Radar,16,28,20,3,67,0,0,22,7,29,16,28,42,10,96,46,4,50,146
06/12/2021,GTF,MT,ANM,WE,Combined TRACON& Tower with Radar,10,25,10,1,46,0,0,28,0,28,10,25,38,1,74,2,0,2,76
06/13/2021,GTF,MT,ANM,WE,Combined TRACON& Tower with Radar,13,22,6,0,41,0,2,39,0,41,13,24,45,0,82,18,0,18,100
06/14/2021,GTF,MT,ANM,WE,Combined TRACON& Tower with Radar,13,27,14,9,63,0,1,28,8,37,13,28,42,17,100,38,16,54,154
06/15/2021,GTF,MT,ANM,WE,Combined TRACON& Tower with Radar,15,30,10,9,64,0,0,17,14,31,15,30,27,23,95,18,0,18,113
06/16/2021,GTF,MT,ANM,WE,Combined TRACON& Tower with Radar,14,34,7,7,62,0,2,39,11,52,14,36,46,18,114,36,36,72,186
06/17/2021,GTF,MT,ANM,WE,Combined TRACON& Tower with Radar,14,38,18,11,81,0,0,36,6,42,14,38,54,17,123,14,2,16,139
06/18/2021,GTF,MT,ANM,WE,Combined TRACON& Tower with Radar,16,35,12,1,64,0,5,36,5,46,16,40,48,6,110,46,0,46,156
06/19/2021,GTF,MT,ANM,WE,Combined TRACON& Tower with Radar,10,31,6,0,47,0,0,22,0,22,10,31,28,0,69,0,0,0,69
06/20/2021,GTF,MT,ANM,WE,Combined TRACON& Tower with Radar,10,18,14,0,42,0,2,7,0,9,10,20,21,0,51,24,0,24,75
06/21/2021,GTF,MT,ANM,WE,Combined TRACON& Tower with Radar,13,27,5,9,54,0,1,18,2,21,13,28,23,11,75,36,10,46,121
06/22/2021,GTF,MT,ANM,WE,Combined TRACON& Tower with Radar,15,29,9,13,66,0,1,27,9,37,15,30,36,22,103,50,8,58,161
06/23/2021,GTF,MT,ANM,WE,Combined TRACON& Tower with Radar,16,33,15,15,79,0,1,23,10,34,16,34,38,25,113,28,16,44,157
06/24/2021,GTF,MT,ANM,WE,Combined TRACON& Tower with Radar,14,33,14,4,65,0,1,19,7,27,14,34,33,11,92,28,0,28,120
06/25/2021,GTF,MT,ANM,WE,Combined TRACON& Tower with Radar,14,32,12,2,60,0,1,36,4,41,14,33,48,6,101,20,0,20,121
06/26/2021,GTF,MT,ANM,WE,Combined TRACON& Tower with Radar,9,22,10,0,41,0,0,35,3,38,9,22,45,3,79,20,0,20,99
06/27/2021,GTF,MT,ANM,WE,Combined TRACON& Tower with Radar,11,19,11,0,41,0,2,24,0,26,11,21,35,0,67,8,0,8,75
06/28/2021,GTF,MT,ANM,WE,Combined TRACON& Tower with Radar,11,29,16,37,93,0,0,23,9,32,11,29,39,46,125,72,46,118,243
06/29/2021,GTF,MT,ANM,WE,Combined TRACON& Tower with Radar,15,30,12,7,64,0,1,22,16,39,15,31,34,23,103,32,42,74,177
06/30/2021,GTF,MT,ANM,WE,Combined TRACON& Tower with Radar,14,34,19,6,73,0,1,20,13,34,14,35,39,19,107,56,14,70,177
07/01/2021,GTF,MT,ANM,WE,Combined TRACON& Tower with Radar,17,26,35,2,80,0,1,22,6,29,17,27,57,8,109,36,0,36,145
07/02/2021,GTF,MT,ANM,WE,Combined TRACON& Tower with Radar,19,28,9,0,56,0,1,12,2,15,19,29,21,2,71,6,0,6,77
07/03/2021,GTF,MT,ANM,WE,Combined TRACON& Tower with Radar,10,23,11,0,44,0,1,16,0,17,10,24,27,0,61,0,0,0,61
07/04/2021,GTF,MT,ANM,WE,Combined TRACON& Tower with Radar,11,17,3,0,31,0,2,26,2,30,11,19,29,2,61,24,0,24,85
07/05/2021,GTF,MT,ANM,WE,Combined TRACON& Tower with Radar,12,16,9,0,37,0,2,16,0,18,12,18,25,0,55,48,0,48,103
07/06/2021,GTF,MT,ANM,WE,Combined TRACON& Tower with Radar,14,26,22,9,71,0,5,20,9,34,14,31,42,18,105,6,10,16,121
07/07/2021,GTF,MT,ANM,WE,Combined TRACON& Tower with Radar,19,30,24,11,84,0,2,18,13,33,19,32,42,24,117,28,12,40,157
07/08/2021,GTF,MT,ANM,WE,Combined TRACON& Tower with Radar,16,34,16,4,70,0,0,31,9,40,16,34,47,13,110,18,0,18,128
07/09/2021,GTF,MT,ANM,WE,Combined TRACON& Tower with Radar,16,33,5,3,57,0,2,19,7,28,16,35,24,10,85,10,2,12,97
07/10/2021,GTF,MT,ANM,WE,Combined TRACON& Tower with Radar,10,33,17,6,66,0,3,27,3,33,10,36,44,9,99,36,0,36,135
07/11/2021,GTF,MT,ANM,WE,Combined TRACON& Tower with Radar,11,17,14,0,42,0,0,25,2,27,11,17,39,2,69,6,0,6,75
07/12/2021,GTF,MT,ANM,WE,Combined TRACON& Tower with Radar,14,27,25,2,68,0,1,19,6,26,14,28,44,8,94,42,0,42,136
07/13/2021,GTF,MT,ANM,WE,Combined TRACON& Tower with Radar,17,40,18,24,99,0,2,11,10,23,17,42,29,34,122,6,56,62,184
07/14/2021,GTF,MT,ANM,WE,Combined TRACON& Tower with Radar,18,37,11,9,75,0,2,35,5,42,18,39,46,14,117,44,0,44,161
07/15/2021,GTF,MT,ANM,WE,Combined TRACON& Tower with Radar,16,31,9,3,59,0,0,29,5,34,16,31,38,8,93,42,0,42,135
07/16/2021,GTF,MT,ANM,WE,Combined TRACON& Tower with Radar,16,43,11,2,72,0,0,10,2,12,16,43,21,4,84,0,0,0,84
07/17/2021,GTF,MT,ANM,WE,Combined TRACON& Tower with Radar,10,27,10,0,47,0,0,14,0,14,10,27,24,0,61,0,0,0,61
07/18/2021,GTF,MT,ANM,WE,Combined TRACON& Tower with Radar,11,12,10,0,33,0,0,19,0,19,11,12,29,0,52,0,0,0,52
07/19/2021,GTF,MT,ANM,WE,Combined TRACON& Tower with Radar,12,31,21,6,70,0,1,21,9,31,12,32,42,15,101,56,4,60,161
07/20/2021,GTF,MT,ANM,WE,Combined TRACON& Tower with Radar,24,38,13,26,101,0,2,12,14,28,24,40,25,40,129,64,50,114,243
07/21/2021,GTF,MT,ANM,WE,Combined TRACON& Tower with Radar,16,34,11,4,65,0,1,26,4,31,16,35,37,8,96,32,6,38,134
07/22/2021,GTF,MT,ANM,WE,Combined TRACON& Tower with Radar,19,42,27,22,110,0,2,39,14,55,19,44,66,36,165,56,24,80,245
07/23/2021,GTF,MT,ANM,WE,Combined TRACON& Tower with Radar,17,36,17,0,70,0,3,28,4,35,17,39,45,4,105,32,0,32,137
07/24/2021,GTF,MT,ANM,WE,Combined TRACON& Tower with Radar,12,25,7,0,44,0,0,21,2,23,12,25,28,2,67,44,0,44,111
07/25/2021,GTF,MT,ANM,WE,Combined TRACON& Tower with Radar,11,17,11,0,39,0,6,27,0,33,11,23,38,0,72,44,0,44,116
07/26/2021,GTF,MT,ANM,WE,Combined TRACON& Tower with Radar,14,32,21,11,78,0,1,26,13,40,14,33,47,24,118,14,6,20,138
07/27/2021,GTF,MT,ANM,WE,Combined TRACON& Tower with Radar,20,29,20,7,76,1,6,15,10,32,21,35,35,17,108,12,0,12,120
07/28/2021,GTF,MT,ANM,WE,Combined TRACON& Tower with Radar,18,33,28,14,93,0,0,15,9,24,18,33,43,23,117,16,30,46,163
07/29/2021,GTF,MT,ANM,WE,Combined TRACON& Tower with Radar,15,34,16,7,72,0,3,16,8,27,15,37,32,15,99,16,8,24,123
07/30/2021,GTF,MT,ANM,WE,Combined TRACON& Tower with Radar,17,30,24,2,73,2,0,34,2,38,19,30,58,4,111,30,0,30,141
07/31/2021,GTF,MT,ANM,WE,Combined TRACON& Tower with Radar,10,29,16,0,55,0,0,17,0,17,10,29,33,0,72,6,0,6,78
08/01/2021,GTF,MT,ANM,WE,Combined TRACON& Tower with Radar,10,19,19,1,49,1,1,11,2,15,11,20,30,3,64,0,0,0,64
08/02/2021,GTF,MT,ANM,WE,Combined TRACON& Tower with Radar,14,27,17,8,66,0,3,10,4,17,14,30,27,12,83,14,2,16,99
08/03/2021,GTF,MT,ANM,WE,Combined TRACON& Tower with Radar,14,34,18,3,69,0,2,13,3,18,14,36,31,6,87,16,0,16,103
08/04/2021,GTF,MT,ANM,WE,Combined TRACON& Tower with Radar,14,41,22,4,81,0,4,13,7,24,14,45,35,11,105,26,0,26,131
08/05/2021,GTF,MT,ANM,WE,Combined TRACON& Tower with Radar,12,34,18,2,66,0,3,28,5,36,12,37,46,7,102,46,0,46,148
08/06/2021,GTF,MT,ANM,WE,Combined TRACON& Tower with Radar,21,32,17,1,71,0,4,27,1,32,21,36,44,2,103,44,0,44,147
08/07/2021,GTF,MT,ANM,WE,Combined TRACON& Tower with Radar,11,27,10,0,48,0,3,17,6,26,11,30,27,6,74,14,0,14,88
08/08/2021,GTF,MT,ANM,WE,Combined TRACON& Tower with Radar,11,25,12,0,48,0,2,2,1,5,11,27,14,1,53,10,0,10,63
08/09/2021,GTF,MT,ANM,WE,Combined TRACON& Tower with Radar,12,25,14,6,57,0,1,15,10,26,12,26,29,16,83,18,8,26,109
08/10/2021,GTF,MT,ANM,WE,Combined TRACON& Tower with Radar,15,37,22,4,78,0,0,19,13,32,15,37,41,17,110,16,6,22,132
08/11/2021,GTF,MT,ANM,WE,Combined TRACON& Tower with Radar,14,41,13,18,86,1,0,27,8,36,15,41,40,26,122,6,28,34,156
08/12/2021,GTF,MT,ANM,WE,Combined TRACON& Tower with Radar,13,36,27,11,87,0,0,32,6,38,13,36,59,17,125,58,22,80,205
08/13/2021,GTF,MT,ANM,WE,Combined TRACON& Tower with Radar,17,39,12,1,69,0,0,27,6,33,17,39,39,7,102,24,0,24,126
08/14/2021,GTF,MT,ANM,WE,Combined TRACON& Tower with Radar,12,30,23,0,65,0,0,13,0,13,12,30,36,0,78,0,0,0,78
08/15/2021,GTF,MT,ANM,WE,Combined TRACON& Tower with Radar,11,27,24,0,62,0,0,10,0,10,11,27,34,0,72,0,0,0,72
08/16/2021,GTF,MT,ANM,WE,Combined TRACON& Tower with Radar,13,34,23,0,70,0,4,17,0,21,13,38,40,0,91,20,0,20,111
08/17/2021,GTF,MT,ANM,WE,Combined TRACON& Tower with Radar,13,42,17,10,82,0,1,11,1,13,13,43,28,11,95,0,0,0,95
08/18/2021,GTF,MT,ANM,WE,Combined TRACON& Tower with Radar,14,39,22,5,80,0,1,2,0,3,14,40,24,5,83,0,0,0,83
08/19/2021,GTF,MT,ANM,WE,Combined TRACON& Tower with Radar,16,39,25,18,98,0,1,26,6,33,16,40,51,24,131,18,14,32,163
08/20/2021,GTF,MT,ANM,WE,Combined TRACON& Tower with Radar,15,41,18,1,75,0,1,5,0,6,15,42,23,1,81,0,0,0,81
08/21/2021,GTF,MT,ANM,WE,Combined TRACON& Tower with Radar,10,25,12,1,48,0,2,4,0,6,10,27,16,1,54,22,0,22,76
08/22/2021,GTF,MT,ANM,WE,Combined TRACON& Tower with Radar,13,21,11,0,45,0,0,24,0,24,13,21,35,0,69,10,0,10,79
08/23/2021,GTF,MT,ANM,WE,Combined TRACON& Tower with Radar,12,28,25,9,74,0,1,32,9,42,12,29,57,18,116,0,8,8,124
08/24/2021,GTF,MT,ANM,WE,Combined TRACON& Tower with Radar,15,35,14,7,71,0,0,33,9,42,15,35,47,16,113,16,14,30,143
08/25/2021,GTF,MT,ANM,WE,Combined TRACON& Tower with Radar,14,34,18,19,85,0,0,16,11,27,14,34,34,30,112,62,34,96,208
08/26/2021,GTF,MT,ANM,WE,Combined TRACON& Tower with Radar,15,37,11,2,65,0,1,23,4,28,15,38,34,6,93,38,0,38,131
08/27/2021,GTF,MT,ANM,WE,Combined TRACON& Tower with Radar,15,39,13,3,70,0,0,7,4,11,15,39,20,7,81,26,0,26,107
08/28/2021,GTF,MT,ANM,WE,Combined TRACON& Tower with Radar,10,25,21,0,56,0,0,24,0,24,10,25,45,0,80,36,0,36,116
08/29/2021,GTF,MT,ANM,WE,Combined TRACON& Tower with Radar,13,15,30,3,61,0,0,32,0,32,13,15,62,3,93,8,0,8,101
08/30/2021,GTF,MT,ANM,WE,Combined TRACON& Tower with Radar,13,29,16,5,63,0,0,32,9,41,13,29,48,14,104,36,16,52,156
08/31/2021,GTF,MT,ANM,WE,Combined TRACON& Tower with Radar,14,37,15,9,75,0,0,15,6,21,14,37,30,15,96,66,0,66,162
09/01/2021,GTF,MT,ANM,WE,Combined TRACON& Tower with Radar,14,36,21,9,80,0,0,18,11,29,14,36,39,20,109,14,8,22,131
09/02/2021,GTF,MT,ANM,WE,Combined TRACON& Tower with Radar,15,33,15,0,63,0,0,22,1,23,15,33,37,1,86,20,0,20,106
09/03/2021,GTF,MT,ANM,WE,Combined TRACON& Tower with Radar,15,29,11,0,55,0,0,34,6,40,15,29,45,6,95,28,0,28,123
09/04/2021,GTF,MT,ANM,WE,Combined TRACON& Tower with Radar,10,24,10,0,44,0,0,30,0,30,10,24,40,0,74,12,0,12,86
09/05/2021,GTF,MT,ANM,WE,Combined TRACON& Tower with Radar,13,12,14,0,39,0,0,17,0,17,13,12,31,0,56,4,0,4,60
09/06/2021,GTF,MT,ANM,WE,Combined TRACON& Tower with Radar,10,14,16,0,40,0,0,11,2,13,10,14,27,2,53,8,0,8,61
09/07/2021,GTF,MT,ANM,WE,Combined TRACON& Tower with Radar,9,25,13,10,57,0,2,32,10,44,9,27,45,20,101,46,22,68,169
09/08/2021,GTF,MT,ANM,WE,Combined TRACON& Tower with Radar,13,33,33,13,92,0,1,31,7,39,13,34,64,20,131,30,14,44,175
09/09/2021,GTF,MT,ANM,WE,Combined TRACON& Tower with Radar,11,41,21,16,89,0,0,13,11,24,11,41,34,27,113,26,22,48,161
09/10/2021,GTF,MT,ANM,WE,Combined TRACON& Tower with Radar,12,48,13,3,76,0,2,11,2,15,12,50,24,5,91,20,0,20,111
09/11/2021,GTF,MT,ANM,WE,Combined TRACON& Tower with Radar,9,30,7,0,46,0,2,11,6,19,9,32,18,6,65,0,0,0,65
09/12/2021,GTF,MT,ANM,WE,Combined TRACON& Tower with Radar,9,19,8,0,36,0,0,18,0,18,9,19,26,0,54,24,0,24,78
09/13/2021,GTF,MT,ANM,WE,Combined TRACON& Tower with Radar,9,29,15,13,66,0,1,19,15,35,9,30,34,28,101,42,28,70,171
09/14/2021,GTF,MT,ANM,WE,Combined TRACON& Tower with Radar,11,40,12,21,84,0,1,23,12,36,11,41,35,33,120,22,72,94,214
09/15/2021,GTF,MT,ANM,WE,Combined TRACON& Tower with Radar,13,32,11,12,68,0,0,7,9,16,13,32,18,21,84,0,12,12,96
09/16/2021,GTF,MT,ANM,WE,Combined TRACON& Tower with Radar,12,42,17,3,74,0,2,20,5,27,12,44,37,8,101,2,0,2,103
09/17/2021,GTF,MT,ANM,WE,Combined TRACON& Tower with Radar,11,40,20,4,75,0,2,18,4,24,11,42,38,8,99,0,0,0,99
09/18/2021,GTF,MT,ANM,WE,Combined TRACON& Tower with Radar,11,28,7,0,46,0,4,4,0,8,11,32,11,0,54,0,0,0,54
09/19/2021,GTF,MT,ANM,WE,Combined TRACON& Tower with Radar,8,23,13,0,44,0,0,11,0,11,8,23,24,0,55,0,0,0,55
09/20/2021,GTF,MT,ANM,WE,Combined TRACON& Tower with Radar,13,33,13,4,63,0,2,20,8,30,13,35,33,12,93,0,0,0,93
09/21/2021,GTF,MT,ANM,WE,Combined TRACON& Tower with Radar,12,37,13,4,66,0,4,31,3,38,12,41,44,7,104,10,0,10,114
09/22/2021,GTF,MT,ANM,WE,Combined TRACON& Tower with Radar,12,36,8,0,56,0,4,14,0,18,12,40,22,0,74,4,0,4,78
09/23/2021,GTF,MT,ANM,WE,Combined TRACON& Tower with Radar,13,45,14,5,77,0,2,27,6,35,13,47,41,11,112,2,0,2,114
09/24/2021,GTF,MT,ANM,WE,Combined TRACON& Tower with Radar,13,38,10,1,62,0,0,33,2,35,13,38,43,3,97,2,0,2,99
09/25/2021,GTF,MT,ANM,WE,Combined TRACON& Tower with Radar,9,31,10,3,53,0,1,32,0,33,9,32,42,3,86,0,0,0,86
09/26/2021,GTF,MT,ANM,WE,Combined TRACON& Tower with Radar,11,26,12,2,51,0,2,26,0,28,11,28,38,2,79,0,0,0,79
09/27/2021,GTF,MT,ANM,WE,Combined TRACON& Tower with Radar,9,33,27,20,89,0,0,22,8,30,9,33,49,28,119,0,10,10,129
09/28/2021,GTF,MT,ANM,WE,Combined TRACON& Tower with Radar,13,36,6,2,57,0,2,14,4,20,13,38,20,6,77,16,0,16,93
09/29/2021,GTF,MT,ANM,WE,Combined TRACON& Tower with Radar,12,34,30,14,90,0,0,17,4,21,12,34,47,18,111,8,4,12,123
09/30/2021,GTF,MT,ANM,WE,Combined TRACON& Tower with Radar,14,42,16,1,73,0,0,43,2,45,14,42,59,3,118,12,0,12,130
10/01/2021,GTF,MT,ANM,WE,Combined TRACON& Tower with Radar,11,37,18,2,68,0,1,29,6,36,11,38,47,8,104,38,0,38,142
10/02/2021,GTF,MT,ANM,WE,Combined TRACON& Tower with Radar,8,25,13,1,47,0,2,20,1,23,8,27,33,2,70,4,4,8,78
10/03/2021,GTF,MT,ANM,WE,Combined TRACON& Tower with Radar,7,15,11,0,33,0,4,26,0,30,7,19,37,0,63,6,0,6,69
10/04/2021,GTF,MT,ANM,WE,Combined TRACON& Tower with Radar,7,33,27,8,75,0,4,35,6,45,7,37,62,14,120,49,20,69,189
10/05/2021,GTF,MT,ANM,WE,Combined TRACON& Tower with Radar,11,43,21,14,89,0,2,29,12,43,11,45,50,26,132,30,20,50,182
10/06/2021,GTF,MT,ANM,WE,Combined TRACON& Tower with Radar,10,32,6,6,54,0,0,25,7,32,10,32,31,13,86,18,20,38,124
10/07/2021,GTF,MT,ANM,WE,Combined TRACON& Tower with Radar,10,40,13,1,64,0,2,14,6,22,10,42,27,7,86,32,0,32,118
10/08/2021,GTF,MT,ANM,WE,Combined TRACON& Tower with Radar,8,33,14,4,59,0,2,22,5,29,8,35,36,9,88,74,0,74,162
10/09/2021,GTF,MT,ANM,WE,Combined TRACON& Tower with Radar,6,26,11,0,43,0,0,29,0,29,6,26,40,0,72,38,0,38,110
10/10/2021,GTF,MT,ANM,WE,Combined TRACON& Tower with Radar,9,15,8,0,32,0,0,14,0,14,9,15,22,0,46,0,0,0,46
10/11/2021,GTF,MT,ANM,WE,Combined TRACON& Tower with Radar,8,25,13,0,46,0,1,14,0,15,8,26,27,0,61,12,0,12,73
10/12/2021,GTF,MT,ANM,WE,Combined TRACON& Tower with Radar,8,44,13,0,65,0,3,21,4,28,8,47,34,4,93,0,0,0,93
10/13/2021,GTF,MT,ANM,WE,Combined TRACON& Tower with Radar,8,40,12,7,67,0,0,18,9,27,8,40,30,16,94,20,6,26,120
10/14/2021,GTF,MT,ANM,WE,Combined TRACON& Tower with Radar,10,44,11,4,69,0,0,9,10,19,10,44,20,14,88,12,28,40,128
10/15/2021,GTF,MT,ANM,WE,Combined TRACON& Tower with Radar,9,35,19,11,74,0,0,6,9,15,9,35,25,20,89,12,2,14,103
10/16/2021,GTF,MT,ANM,WE,Combined TRACON& Tower with Radar,7,23,10,2,42,0,0,22,1,23,7,23,32,3,65,10,0,10,75
10/17/2021,GTF,MT,ANM,WE,Combined TRACON& Tower with Radar,5,19,9,1,34,0,0,23,0,23,5,19,32,1,57,8,0,8,65
10/18/2021,GTF,MT,ANM,WE,Combined TRACON& Tower with Radar,7,30,15,15,67,0,4,27,7,38,7,34,42,22,105,36,26,62,167
10/19/2021,GTF,MT,ANM,WE,Combined TRACON& Tower with Radar,8,45,25,19,97,0,0,10,4,14,8,45,35,23,111,8,0,8,119
10/20/2021,GTF,MT,ANM,WE,Combined TRACON& Tower with Radar,10,37,32,12,91,0,1,43,12,56,10,38,75,24,147,54,30,84,231
10/21/2021,GTF,MT,ANM,WE,Combined TRACON& Tower with Radar,11,28,21,2,62,0,4,30,2,36,11,32,51,4,98,22,0,22,120
10/22/2021,GTF,MT,ANM,WE,Combined TRACON& Tower with Radar,15,38,21,3,77,0,2,43,1,46,15,40,64,4,123,52,0,52,175
10/23/2021,GTF,MT,ANM,WE,Combined TRACON& Tower with Radar,7,34,8,0,49,0,1,7,0,8,7,35,15,0,57,16,0,16,73
10/24/2021,GTF,MT,ANM,WE,Combined TRACON& Tower with Radar,5,16,12,0,33,0,0,28,0,28,5,16,40,0,61,0,0,0,61
10/25/2021,GTF,MT,ANM,WE,Combined TRACON& Tower with Radar,5,35,22,16,78,0,0,8,6,14,5,35,30,22,92,28,40,68,160
10/26/2021,GTF,MT,ANM,WE,Combined TRACON& Tower with Radar,8,37,15,8,68,0,2,5,6,13,8,39,20,14,81,4,62,66,147
10/27/2021,GTF,MT,ANM,WE,Combined TRACON& Tower with Radar,8,33,23,8,72,0,0,7,8,15,8,33,30,16,87,12,0,12,99
10/28/2021,GTF,MT,ANM,WE,Combined TRACON& Tower with Radar,10,42,27,2,81,0,1,23,6,30,10,43,50,8,111,8,6,14,125
10/29/2021,GTF,MT,ANM,WE,Combined TRACON& Tower with Radar,8,39,12,1,60,0,1,5,1,7,8,40,17,2,67,0,0,0,67
10/30/2021,GTF,MT,ANM,WE,Combined TRACON& Tower with Radar,6,25,10,2,43,0,1,4,0,5,6,26,14,2,48,0,0,0,48
10/31/2021,GTF,MT,ANM,WE,Combined TRACON& Tower with Radar,7,24,9,0,40,0,0,14,0,14,7,24,23,0,54,24,0,24,78
11/01/2021,GTF,MT,ANM,WE,Combined TRACON& Tower with Radar,5,27,13,4,49,0,2,23,8,33,5,29,36,12,82,90,0,90,172
11/02/2021,GTF,MT,ANM,WE,Combined TRACON& Tower with Radar,8,36,14,21,79,0,2,30,9,41,8,38,44,30,120,32,12,44,164
11/03/2021,GTF,MT,ANM,WE,Combined TRACON& Tower with Radar,8,28,14,10,60,0,3,27,10,40,8,31,41,20,100,26,4,30,130
11/04/2021,GTF,MT,ANM,WE,Combined TRACON& Tower with Radar,10,31,14,32,87,0,2,13,17,32,10,33,27,49,119,44,54,98,217
11/05/2021,GTF,MT,ANM,WE,Combined TRACON& Tower with Radar,8,30,6,4,48,0,0,4,0,4,8,30,10,4,52,0,0,0,52
11/06/2021,GTF,MT,ANM,WE,Combined TRACON& Tower with Radar,6,28,10,4,48,0,0,26,2,28,6,28,36,6,76,10,0,10,86
11/07/2021,GTF,MT,ANM,WE,Combined TRACON& Tower with Radar,8,15,8,1,32,0,0,12,0,12,8,15,20,1,44,6,0,6,50
11/08/2021,GTF,MT,ANM,WE,Combined TRACON& Tower with Radar,6,25,15,17,63,0,2,16,9,27,6,27,31,26,90,66,10,76,166
11/09/2021,GTF,MT,ANM,WE,Combined TRACON& Tower with Radar,8,40,12,6,66,0,0,22,9,31,8,40,34,15,97,62,0,62,159
11/10/2021,GTF,MT,ANM,WE,Combined TRACON& Tower with Radar,10,28,8,5,51,0,2,7,8,17,10,30,15,13,68,0,0,0,68
11/11/2021,GTF,MT,ANM,WE,Combined TRACON& Tower with Radar,10,25,24,0,59,0,1,12,0,13,10,26,36,0,72,54,0,54,126
11/12/2021,GTF,MT,ANM,WE,Combined TRACON& Tower with Radar,8,33,5,0,46,0,0,11,4,15,8,33,16,4,61,44,0,44,105
11/13/2021,GTF,MT,ANM,WE,Combined TRACON& Tower with Radar,4,24,9,6,43,0,0,10,1,11,4,24,19,7,54,0,0,0,54
11/14/2021,GTF,MT,ANM,WE,Combined TRACON& Tower with Radar,8,19,6,0,33,0,2,2,0,4,8,21,8,0,37,0,0,0,37
11/15/2021,GTF,MT,ANM,WE,Combined TRACON& Tower with Radar,6,24,13,10,53,0,0,9,2,11,6,24,22,12,64,12,0,12,76
11/16/2021,GTF,MT,ANM,WE,Combined TRACON& Tower with Radar,8,24,6,4,42,0,1,3,2,6,8,25,9,6,48,22,0,22,70
11/17/2021,GTF,MT,ANM,WE,Combined TRACON& Tower with Radar,8,37,23,7,75,0,0,22,6,28,8,37,45,13,103,30,12,42,145
11/18/2021,GTF,MT,ANM,WE,Combined TRACON& Tower with Radar,10,31,15,6,62,0,1,21,9,31,10,32,36,15,93,14,4,18,111
11/19/2021,GTF,MT,ANM,WE,Combined TRACON& Tower with Radar,10,26,16,15,67,0,2,14,9,25,10,28,30,24,92,62,26,88,180
11/20/2021,GTF,MT,ANM,WE,Combined TRACON& Tower with Radar,4,22,7,0,33,0,0,11,0,11,4,22,18,0,44,26,0,26,70
11/21/2021,GTF,MT,ANM,WE,Combined TRACON& Tower with Radar,7,16,14,0,37,0,1,3,1,5,7,17,17,1,42,0,0,0,42
11/22/2021,GTF,MT,ANM,WE,Combined TRACON& Tower with Radar,5,31,12,5,53,0,0,14,9,23,5,31,26,14,76,38,18,56,132
11/23/2021,GTF,MT,ANM,WE,Combined TRACON& Tower with Radar,12,26,11,4,53,0,2,7,14,23,12,28,18,18,76,36,0,36,112
11/24/2021,GTF,MT,ANM,WE,Combined TRACON& Tower with Radar,10,32,12,4,58,0,1,12,6,19,10,33,24,10,77,10,14,24,101
11/25/2021,GTF,MT,ANM,WE,Combined TRACON& Tower with Radar,4,9,6,0,19,0,0,2,0,2,4,9,8,0,21,50,0,50,71
11/26/2021,GTF,MT,ANM,WE,Combined TRACON& Tower with Radar,6,27,2,0,35,0,0,1,0,1,6,27,3,0,36,0,0,0,36
11/27/2021,GTF,MT,ANM,WE,Combined TRACON& Tower with Radar,4,18,15,0,37,0,0,11,0,11,4,18,26,0,48,0,0,0,48
11/28/2021,GTF,MT,ANM,WE,Combined TRACON& Tower with Radar,9,14,7,0,30,0,0,1,0,1,9,14,8,0,31,0,0,0,31
11/29/2021,GTF,MT,ANM,WE,Combined TRACON& Tower with Radar,3,44,17,4,68,0,0,11,4,15,3,44,28,8,83,36,0,36,119
11/30/2021,GTF,MT,ANM,WE,Combined TRACON& Tower with Radar,6,52,12,6,76,0,0,7,2,9,6,52,19,8,85,6,2,8,93
12/01/2021,GTF,MT,ANM,WE,Combined TRACON& Tower with Radar,7,49,6,0,62,0,0,7,0,7,7,49,13,0,69,10,0,10,79
12/02/2021,GTF,MT,ANM,WE,Combined TRACON& Tower with Radar,12,30,8,11,61,0,0,4,6,10,12,30,12,17,71,4,10,14,85
12/03/2021,GTF,MT,ANM,WE,Combined TRACON& Tower with Radar,6,32,9,10,57,0,1,14,4,19,6,33,23,14,76,38,30,68,144
12/04/2021,GTF,MT,ANM,WE,Combined TRACON& Tower with Radar,6,17,10,0,33,0,1,0,2,3,6,18,10,2,36,0,0,0,36
12/05/2021,GTF,MT,ANM,WE,Combined TRACON& Tower with Radar,12,17,4,8,41,0,0,0,0,0,12,17,4,8,41,4,0,4,45
12/06/2021,GTF,MT,ANM,WE,Combined TRACON& Tower with Radar,6,20,13,13,52,0,2,0,2,4,6,22,13,15,56,2,0,2,58
12/07/2021,GTF,MT,ANM,WE,Combined TRACON& Tower with Radar,7,31,18,18,74,0,0,9,8,17,7,31,27,26,91,30,14,44,135
12/08/2021,GTF,MT,ANM,WE,Combined TRACON& Tower with Radar,9,36,12,2,59,0,0,1,2,3,9,36,13,4,62,0,0,0,62
12/09/2021,GTF,MT,ANM,WE,Combined TRACON& Tower with Radar,12,39,10,5,66,0,1,18,5,24,12,40,28,10,90,26,0,26,116
12/10/2021,GTF,MT,ANM,WE,Combined TRACON& Tower with Radar,7,34,13,0,54,0,0,10,2,12,7,34,23,2,66,34,0,34,100
12/11/2021,GTF,MT,ANM,WE,Combined TRACON& Tower with Radar,8,11,5,2,26,0,0,2,0,2,8,11,7,2,28,0,0,0,28
12/12/2021,GTF,MT,ANM,WE,Combined TRACON& Tower with Radar,10,12,2,2,26,0,1,0,0,1,10,13,2,2,27,10,0,10,37
12/13/2021,GTF,MT,ANM,WE,Combined TRACON& Tower with Radar,5,24,11,24,64,0,0,15,6,21,5,24,26,30,85,92,14,106,191
12/14/2021,GTF,MT,ANM,WE,Combined TRACON& Tower with Radar,6,26,31,28,91,0,4,2,0,6,6,30,33,28,97,2,2,4,101
12/15/2021,GTF,MT,ANM,WE,Combined TRACON& Tower with Radar,6,36,24,13,79,0,1,22,5,28,6,37,46,18,107,10,0,10,117
12/16/2021,GTF,MT,ANM,WE,Combined TRACON& Tower with Radar,11,29,18,3,61,0,3,9,8,20,11,32,27,11,81,60,14,74,155
12/17/2021,GTF,MT,ANM,WE,Combined TRACON& Tower with Radar,8,27,13,5,53,0,1,10,4,15,8,28,23,9,68,0,0,0,68
12/18/2021,GTF,MT,ANM,WE,Combined TRACON& Tower with Radar,6,23,5,0,34,0,0,6,0,6,6,23,11,0,40,16,0,16,56
12/19/2021,GTF,MT,ANM,WE,Combined TRACON& Tower with Radar,7,8,6,0,21,0,0,1,0,1,7,8,7,0,22,0,0,0,22
12/20/2021,GTF,MT,ANM,WE,Combined TRACON& Tower with Radar,7,26,17,13,63,0,0,12,8,20,7,26,29,21,83,16,14,30,113
12/21/2021,GTF,MT,ANM,WE,Combined TRACON& Tower with Radar,10,33,8,8,59,0,1,13,9,23,10,34,21,17,82,36,22,58,140
12/22/2021,GTF,MT,ANM,WE,Combined TRACON& Tower with Radar,8,33,18,4,63,0,1,7,2,10,8,34,25,6,73,6,0,6,79
12/23/2021,GTF,MT,ANM,WE,Combined TRACON& Tower with Radar,12,38,8,0,58,0,1,0,0,1,12,39,8,0,59,14,0,14,73
12/24/2021,GTF,MT,ANM,WE,Combined TRACON& Tower with Radar,6,26,5,0,37,0,1,2,0,3,6,27,7,0,40,8,4,12,52
12/25/2021,GTF,MT,ANM,WE,Combined TRACON& Tower with Radar,2,12,2,0,16,0,1,0,0,1,2,13,2,0,17,0,0,0,17
12/26/2021,GTF,MT,ANM,WE,Combined TRACON& Tower with Radar,5,13,2,0,20,0,0,0,0,0,5,13,2,0,20,0,0,0,20
12/27/2021,GTF,MT,ANM,WE,Combined TRACON& Tower with Radar,7,28,10,2,47,0,1,0,2,3,7,29,10,4,50,0,0,0,50
12/28/2021,GTF,MT,ANM,WE,Combined TRACON& Tower with Radar,8,32,7,3,50,0,2,12,5,19,8,34,19,8,69,104,10,114,183
12/29/2021,GTF,MT,ANM,WE,Combined TRACON& Tower with Radar,7,34,1,2,44,0,2,1,2,5,7,36,2,4,49,0,0,0,49
12/30/2021,GTF,MT,ANM,WE,Combined TRACON& Tower with Radar,5,30,8,0,43,0,0,1,0,1,5,30,9,0,44,6,0,6,50
12/31/2021,GTF,MT,ANM,WE,Combined TRACON& Tower with Radar,4,30,2,0,36,0,0,7,0,7,4,30,9,0,43,12,0,12,55
01/01/2022,GTF,MT,ANM,WE,Combined TRACON& Tower with Radar,4,14,4,0,22,0,1,6,0,7,4,15,10,0,29,20,0,20,49
01/02/2022,GTF,MT,ANM,WE,Combined TRACON& Tower with Radar,7,12,7,0,26,0,0,8,0,8,7,12,15,0,34,4,0,4,38
01/03/2022,GTF,MT,ANM,WE,Combined TRACON& Tower with Radar,7,17,7,0,31,0,1,3,0,4,7,18,10,0,35,11,0,11,46
01/04/2022,GTF,MT,ANM,WE,Combined TRACON& Tower with Radar,10,31,10,2,53,0,0,5,0,5,10,31,15,2,58,0,0,0,58
01/05/2022,GTF,MT,ANM,WE,Combined TRACON& Tower with Radar,9,34,7,15,65,0,0,0,5,5,9,34,7,20,70,0,26,26,96
01/06/2022,GTF,MT,ANM,WE,Combined TRACON& Tower with Radar,13,23,8,1,45,0,0,0,3,3,13,23,8,4,48,0,0,0,48
01/07/2022,GTF,MT,ANM,WE,Combined TRACON& Tower with Radar,8,27,3,1,39,0,1,0,5,6,8,28,3,6,45,0,0,0,45
01/08/2022,GTF,MT,ANM,WE,Combined TRACON& Tower with Radar,6,14,4,0,24,0,0,10,0,10,6,14,14,0,34,2,0,2,36
01/09/2022,GTF,MT,ANM,WE,Combined TRACON& Tower with Radar,11,12,14,0,37,0,0,10,0,10,11,12,24,0,47,8,0,8,55
01/10/2022,GTF,MT,ANM,WE,Combined TRACON& Tower with Radar,10,19,15,5,49,1,0,10,7,18,11,19,25,12,67,0,8,8,75
01/11/2022,GTF,MT,ANM,WE,Combined TRACON& Tower with Radar,8,23,4,2,37,0,0,5,2,7,8,23,9,4,44,0,0,0,44
01/12/2022,GTF,MT,ANM,WE,Combined TRACON& Tower with Radar,6,31,16,0,53,0,0,4,0,4,6,31,20,0,57,0,0,0,57
01/13/2022,GTF,MT,ANM,WE,Combined TRACON& Tower with Radar,13,25,7,1,46,0,0,15,14,29,13,25,22,15,75,30,2,32,107
01/14/2022,GTF,MT,ANM,WE,Combined TRACON& Tower with Radar,11,33,5,2,51,0,0,31,3,34,11,33,36,5,85,86,10,96,181
01/15/2022,GTF,MT,ANM,WE,Combined TRACON& Tower with Radar,8,16,7,1,32,0,0,2,0,2,8,16,9,1,34,0,0,0,34
01/16/2022,GTF,MT,ANM,WE,Combined TRACON& Tower with Radar,12,11,7,0,30,0,1,23,0,24,12,12,30,0,54,40,0,40,94
01/17/2022,GTF,MT,ANM,WE,Combined TRACON& Tower with Radar,8,18,9,0,35,0,0,2,0,2,8,18,11,0,37,0,0,0,37
01/18/2022,GTF,MT,ANM,WE,Combined TRACON& Tower with Radar,7,25,7,2,41,0,1,0,0,1,7,26,7,2,42,0,0,0,42
01/19/2022,GTF,MT,ANM,WE,Combined TRACON& Tower with Radar,12,28,17,8,65,0,0,20,19,39,12,28,37,27,104,82,28,110,214
01/20/2022,GTF,MT,ANM,WE,Combined TRACON& Tower with Radar,12,27,7,8,54,0,1,1,6,8,12,28,8,14,62,10,16,26,88
01/21/2022,GTF,MT,ANM,WE,Combined TRACON& Tower with Radar,10,28,17,6,61,0,2,18,2,22,10,30,35,8,83,74,0,74,157
01/22/2022,GTF,MT,ANM,WE,Combined TRACON& Tower with Radar,6,23,4,0,33,0,0,9,0,9,6,23,13,0,42,10,0,10,52
01/23/2022,GTF,MT,ANM,WE,Combined TRACON& Tower with Radar,11,13,11,0,35,0,0,11,0,11,11,13,22,0,46,8,0,8,54
01/24/2022,GTF,MT,ANM,WE,Combined TRACON& Tower with Radar,7,25,18,11,61,0,1,0,5,6,7,26,18,16,67,4,12,16,83
01/25/2022,GTF,MT,ANM,WE,Combined TRACON& Tower with Radar,11,29,14,4,58,0,3,19,12,34,11,32,33,16,92,80,0,80,172
01/26/2022,GTF,MT,ANM,WE,Combined TRACON& Tower with Radar,13,29,22,11,75,0,1,17,11,29,13,30,39,22,104,32,10,42,146
01/27/2022,GTF,MT,ANM,WE,Combined TRACON& Tower with Radar,12,22,9,1,44,0,0,7,3,10,12,22,16,4,54,28,0,28,82
01/28/2022,GTF,MT,ANM,WE,Combined TRACON& Tower with Radar,11,23,8,0,42,0,3,4,0,7,11,26,12,0,49,0,0,0,49
01/29/2022,GTF,MT,ANM,WE,Combined TRACON& Tower with Radar,7,17,8,0,32,0,0,10,0,10,7,17,18,0,42,0,0,0,42
01/30/2022,GTF,MT,ANM,WE,Combined TRACON& Tower with Radar,9,10,1,0,20,0,1,7,0,8,9,11,8,0,28,0,0,0,28
01/31/2022,GTF,MT,ANM,WE,Combined TRACON& Tower with Radar,7,22,9,4,42,0,1,0,6,7,7,23,9,10,49,0,6,6,55
02/01/2022,GTF,MT,ANM,WE,Combined TRACON& Tower with Radar,10,26,5,4,45,0,0,0,0,0,10,26,5,4,45,0,0,0,45
02/02/2022,GTF,MT,ANM,WE,Combined TRACON& Tower with Radar,12,26,8,6,52,0,0,13,9,22,12,26,21,15,74,0,14,14,88
02/03/2022,GTF,MT,ANM,WE,Combined TRACON& Tower with Radar,10,27,10,7,54,0,1,12,13,26,10,28,22,20,80,48,12,60,140
02/04/2022,GTF,MT,ANM,WE,Combined TRACON& Tower with Radar,9,21,4,9,43,0,0,1,6,7,9,21,5,15,50,0,12,12,62
02/05/2022,GTF,MT,ANM,WE,Combined TRACON& Tower with Radar,7,22,3,0,32,0,0,1,0,1,7,22,4,0,33,0,0,0,33
02/06/2022,GTF,MT,ANM,WE,Combined TRACON& Tower with Radar,8,8,6,0,22,0,0,6,0,6,8,8,12,0,28,18,0,18,46
02/07/2022,GTF,MT,ANM,WE,Combined TRACON& Tower with Radar,7,26,7,2,42,0,1,2,2,5,7,27,9,4,47,0,0,0,47
02/08/2022,GTF,MT,ANM,WE,Combined TRACON& Tower with Radar,10,33,13,10,66,0,0,14,12,26,10,33,27,22,92,42,28,70,162
02/09/2022,GTF,MT,ANM,WE,Combined TRACON& Tower with Radar,10,25,14,5,54,0,0,12,7,19,10,25,26,12,73,36,12,48,121
02/10/2022,GTF,MT,ANM,WE,Combined TRACON& Tower with Radar,14,22,2,1,39,0,1,1,1,3,14,23,3,2,42,0,0,0,42
02/11/2022,GTF,MT,ANM,WE,Combined TRACON& Tower with Radar,8,37,19,2,66,0,2,18,2,22,8,39,37,4,88,40,0,40,128
02/12/2022,GTF,MT,ANM,WE,Combined TRACON& Tower with Radar,4,20,0,0,24,0,0,9,0,9,4,20,9,0,33,22,0,22,55
02/13/2022,GTF,MT,ANM,WE,Combined TRACON& Tower with Radar,8,13,9,0,30,0,0,23,0,23,8,13,32,0,53,8,0,8,61
02/14/2022,GTF,MT,ANM,WE,Combined TRACON& Tower with Radar,8,30,18,21,77,0,1,16,18,35,8,31,34,39,112,92,16,108,220
02/15/2022,GTF,MT,ANM,WE,Combined TRACON& Tower with Radar,8,33,24,15,80,0,0,0,11,11,8,33,24,26,91,0,18,18,109
02/16/2022,GTF,MT,ANM,WE,Combined TRACON& Tower with Radar,8,34,4,13,59,0,1,1,3,5,8,35,5,16,64,14,0,14,78
02/17/2022,GTF,MT,ANM,WE,Combined TRACON& Tower with Radar,10,34,9,6,59,0,0,4,6,10,10,34,13,12,69,6,0,6,75
02/18/2022,GTF,MT,ANM,WE,Combined TRACON& Tower with Radar,8,29,6,0,43,0,1,6,0,7,8,30,12,0,50,66,0,66,116
02/19/2022,GTF,MT,ANM,WE,Combined TRACON& Tower with Radar,4,27,2,0,33,0,0,5,0,5,4,27,7,0,38,0,0,0,38
02/20/2022,GTF,MT,ANM,WE,Combined TRACON& Tower with Radar,7,14,1,0,22,0,1,0,0,1,7,15,1,0,23,0,0,0,23
02/21/2022,GTF,MT,ANM,WE,Combined TRACON& Tower with Radar,4,25,3,0,32,0,0,1,0,1,4,25,4,0,33,0,0,0,33
02/22/2022,GTF,MT,ANM,WE,Combined TRACON& Tower with Radar,7,32,8,4,51,0,0,1,2,3,7,32,9,6,54,14,0,14,68
02/23/2022,GTF,MT,ANM,WE,Combined TRACON& Tower with Radar,6,26,12,10,54,0,3,14,7,24,6,29,26,17,78,34,0,34,112
02/24/2022,GTF,MT,ANM,WE,Combined TRACON& Tower with Radar,10,28,30,9,77,0,0,1,2,3,10,28,31,11,80,0,0,0,80
02/25/2022,GTF,MT,ANM,WE,Combined TRACON& Tower with Radar,10,39,10,4,63,0,1,15,2,18,10,40,25,6,81,54,0,54,135
02/26/2022,GTF,MT,ANM,WE,Combined TRACON& Tower with Radar,4,20,1,1,26,0,0,13,1,14,4,20,14,2,40,8,0,8,48
02/27/2022,GTF,MT,ANM,WE,Combined TRACON& Tower with Radar,7,16,7,0,30,0,2,6,0,8,7,18,13,0,38,0,0,0,38
02/28/2022,GTF,MT,ANM,WE,Combined TRACON& Tower with Radar,5,22,11,3,41,0,4,4,4,12,5,26,15,7,53,8,0,8,61
03/01/2022,GTF,MT,ANM,WE,Combined TRACON& Tower with Radar,8,26,6,13,53,0,2,7,11,20,8,28,13,24,73,0,10,10,83
03/02/2022,GTF,MT,ANM,WE,Combined TRACON& Tower with Radar,8,24,8,4,44,0,4,12,0,16,8,28,20,4,60,84,0,84,144
03/03/2022,GTF,MT,ANM,WE,Combined TRACON& Tower with Radar,12,17,7,6,42,0,0,0,0,0,12,17,7,6,42,0,0,0,42
03/04/2022,GTF,MT,ANM,WE,Combined TRACON& Tower with Radar,10,26,5,2,43,0,0,1,3,4,10,26,6,5,47,32,0,32,79
03/05/2022,GTF,MT,ANM,WE,Combined TRACON& Tower with Radar,4,26,6,6,42,0,0,3,0,3,4,26,9,6,45,34,0,34,79
03/06/2022,GTF,MT,ANM,WE,Combined TRACON& Tower with Radar,7,15,3,0,25,0,0,3,0,3,7,15,6,0,28,8,0,8,36
03/07/2022,GTF,MT,ANM,WE,Combined TRACON& Tower with Radar,7,21,17,9,54,0,1,15,10,26,7,22,32,19,80,6,10,16,96
03/08/2022,GTF,MT,ANM,WE,Combined TRACON& Tower with Radar,11,29,15,8,63,0,0,0,3,3,11,29,15,11,66,0,18,18,84
03/09/2022,GTF,MT,ANM,WE,Combined TRACON& Tower with Radar,11,34,18,5,68,0,3,6,10,19,11,37,24,15,87,64,14,78,165
03/10/2022,GTF,MT,ANM,WE,Combined TRACON& Tower with Radar,14,29,12,3,58,0,0,18,7,25,14,29,30,10,83,22,0,22,105
03/11/2022,GTF,MT,ANM,WE,Combined TRACON& Tower with Radar,10,29,15,2,56,0,2,24,5,31,10,31,39,7,87,48,0,48,135
03/12/2022,GTF,MT,ANM,WE,Combined TRACON& Tower with Radar,4,21,12,0,37,0,0,12,0,12,4,21,24,0,49,0,0,0,49
03/13/2022,GTF,MT,ANM,WE,Combined TRACON& Tower with Radar,7,21,6,1,35,0,2,3,0,5,7,23,9,1,40,20,0,20,60
03/14/2022,GTF,MT,ANM,WE,Combined TRACON& Tower with Radar,7,25,8,5,45,0,0,7,2,9,7,25,15,7,54,0,8,8,62
03/15/2022,GTF,MT,ANM,WE,Combined TRACON& Tower with Radar,8,28,19,5,60,0,0,12,8,20,8,28,31,13,80,8,32,40,120
03/16/2022,GTF,MT,ANM,WE,Combined TRACON& Tower with Radar,10,28,11,20,69,0,1,19,15,35,10,29,30,35,104,48,10,58,162
03/17/2022,GTF,MT,ANM,WE,Combined TRACON& Tower with Radar,12,27,17,13,69,0,0,22,12,34,12,27,39,25,103,32,14,46,149
03/18/2022,GTF,MT,ANM,WE,Combined TRACON& Tower with Radar,10,33,4,4,51,0,1,23,1,25,10,34,27,5,76,16,0,16,92
03/19/2022,GTF,MT,ANM,WE,Combined TRACON& Tower with Radar,4,20,5,0,29,0,0,20,0,20,4,20,25,0,49,46,0,46,95
03/20/2022,GTF,MT,ANM,WE,Combined TRACON& Tower with Radar,5,21,6,0,32,0,0,7,0,7,5,21,13,0,39,16,0,16,55
03/21/2022,GTF,MT,ANM,WE,Combined TRACON& Tower with Radar,5,20,14,15,54,0,0,5,12,17,5,20,19,27,71,36,58,94,165
03/22/2022,GTF,MT,ANM,WE,Combined TRACON& Tower with Radar,12,26,13,17,68,0,0,19,10,29,12,26,32,27,97,70,22,92,189
03/23/2022,GTF,MT,ANM,WE,Combined TRACON& Tower with Radar,10,31,18,26,85,0,2,17,12,31,10,33,35,38,116,66,48,114,230
03/24/2022,GTF,MT,ANM,WE,Combined TRACON& Tower with Radar,12,27,20,3,62,0,0,12,5,17,12,27,32,8,79,52,0,52,131
03/25/2022,GTF,MT,ANM,WE,Combined TRACON& Tower with Radar,10,27,18,1,56,0,1,21,3,25,10,28,39,4,81,10,0,10,91
03/26/2022,GTF,MT,ANM,WE,Combined TRACON& Tower with Radar,6,18,12,0,36,0,0,21,0,21,6,18,33,0,57,14,0,14,71
03/27/2022,GTF,MT,ANM,WE,Combined TRACON& Tower with Radar,10,15,6,0,31,0,2,28,0,30,10,17,34,0,61,24,0,24,85
03/28/2022,GTF,MT,ANM,WE,Combined TRACON& Tower with Radar,9,25,18,3,55,0,1,9,5,15,9,26,27,8,70,20,0,20,90
03/29/2022,GTF,MT,ANM,WE,Combined TRACON& Tower with Radar,12,26,10,9,57,0,0,6,5,11,12,26,16,14,68,0,18,18,86
03/30/2022,GTF,MT,ANM,WE,Combined TRACON& Tower with Radar,12,33,3,10,58,0,1,12,13,26,12,34,15,23,84,26,28,54,138
03/31/2022,GTF,MT,ANM,WE,Combined TRACON& Tower with Radar,14,20,7,13,54,0,0,15,12,27,14,20,22,25,81,10,10,20,101
04/01/2022,GTF,MT,ANM,WE,Combined TRACON& Tower with Radar,12,30,7,4,53,0,2,20,4,26,12,32,27,8,79,20,0,20,99
04/02/2022,GTF,MT,ANM,WE,Combined TRACON& Tower with Radar,8,25,0,4,37,0,1,10,2,13,8,26,10,6,50,4,44,48,98
04/03/2022,GTF,MT,ANM,WE,Combined TRACON& Tower with Radar,9,18,9,0,36,0,0,10,0,10,9,18,19,0,46,0,0,0,46
04/04/2022,GTF,MT,ANM,WE,Combined TRACON& Tower with Radar,9,17,11,6,43,0,1,7,2,10,9,18,18,8,53,16,0,16,69
04/05/2022,GTF,MT,ANM,WE,Combined TRACON& Tower with Radar,8,35,5,0,48,0,0,1,0,1,8,35,6,0,49,0,0,0,49
04/06/2022,GTF,MT,ANM,WE,Combined TRACON& Tower with Radar,12,30,14,15,71,0,2,16,9,27,12,32,30,24,98,14,14,28,126
04/07/2022,GTF,MT,ANM,WE,Combined TRACON& Tower with Radar,14,30,35,2,81,0,5,45,2,52,14,35,80,4,133,94,0,94,227
04/08/2022,GTF,MT,ANM,WE,Combined TRACON& Tower with Radar,14,22,8,4,48,0,0,13,2,15,14,22,21,6,63,48,6,54,117
04/09/2022,GTF,MT,ANM,WE,Combined TRACON& Tower with Radar,9,25,4,0,38,0,0,0,0,0,9,25,4,0,38,0,0,0,38
04/10/2022,GTF,MT,ANM,WE,Combined TRACON& Tower with Radar,12,12,4,0,28,0,0,3,0,3,12,12,7,0,31,0,0,0,31
04/11/2022,GTF,MT,ANM,WE,Combined TRACON& Tower with Radar,11,22,11,12,56,0,0,10,3,13,11,22,21,15,69,32,4,36,105
04/12/2022,GTF,MT,ANM,WE,Combined TRACON& Tower with Radar,12,19,7,2,40,0,0,0,0,0,12,19,7,2,40,0,0,0,40
04/13/2022,GTF,MT,ANM,WE,Combined TRACON& Tower with Radar,13,34,9,8,64,0,0,1,1,2,13,34,10,9,66,4,0,4,70
04/14/2022,GTF,MT,ANM,WE,Combined TRACON& Tower with Radar,18,25,9,13,65,0,0,12,2,14,18,25,21,15,79,56,16,72,151
04/15/2022,GTF,MT,ANM,WE,Combined TRACON& Tower with Radar,13,34,15,1,63,0,2,12,3,17,13,36,27,4,80,16,0,16,96
04/16/2022,GTF,MT,ANM,WE,Combined TRACON& Tower with Radar,8,18,6,0,32,0,0,10,0,10,8,18,16,0,42,26,0,26,68
04/17/2022,GTF,MT,ANM,WE,Combined TRACON& Tower with Radar,11,11,4,0,26,0,0,1,1,2,11,11,5,1,28,0,0,0,28
04/18/2022,GTF,MT,ANM,WE,Combined TRACON& Tower with Radar,10,25,15,20,70,0,0,23,9,32,10,25,38,29,102,52,56,108,210
04/19/2022,GTF,MT,ANM,WE,Combined TRACON& Tower with Radar,13,27,15,13,68,0,0,7,10,17,13,27,22,23,85,0,0,0,85
04/20/2022,GTF,MT,ANM,WE,Combined TRACON& Tower with Radar,12,30,19,2,63,0,0,16,4,20,12,30,35,6,83,28,16,44,127
04/21/2022,GTF,MT,ANM,WE,Combined TRACON& Tower with Radar,14,32,20,2,68,0,0,13,3,16,14,32,33,5,84,24,0,24,108
04/22/2022,GTF,MT,ANM,WE,Combined TRACON& Tower with Radar,12,32,3,4,51,0,0,12,4,16,12,32,15,8,67,14,0,14,81
04/23/2022,GTF,MT,ANM,WE,Combined TRACON& Tower with Radar,8,22,1,0,31,0,0,5,0,5,8,22,6,0,36,0,0,0,36
04/24/2022,GTF,MT,ANM,WE,Combined TRACON& Tower with Radar,11,21,10,0,42,0,1,35,0,36,11,22,45,0,78,0,0,0,78
04/25/2022,GTF,MT,ANM,WE,Combined TRACON& Tower with Radar,9,21,17,0,47,0,2,17,6,25,9,23,34,6,72,10,12,22,94
04/26/2022,GTF,MT,ANM,WE,Combined TRACON& Tower with Radar,12,29,12,7,60,0,2,17,11,30,12,31,29,18,90,48,40,88,178
04/27/2022,GTF,MT,ANM,WE,Combined TRACON& Tower with Radar,12,25,12,6,55,0,0,15,6,21,12,25,27,12,76,2,0,2,78
04/28/2022,GTF,MT,ANM,WE,Combined TRACON& Tower with Radar,13,33,9,1,56,0,0,22,3,25,13,33,31,4,81,70,0,70,151
04/29/2022,GTF,MT,ANM,WE,Combined TRACON& Tower with Radar,15,25,17,1,58,0,0,2,0,2,15,25,19,1,60,12,0,12,72
04/30/2022,GTF,MT,ANM,WE,Combined TRACON& Tower with Radar,8,20,9,0,37,0,0,27,2,29,8,20,36,2,66,4,0,4,70
05/01/2022,GTF,MT,ANM,WE,Combined TRACON& Tower with Radar,11,26,6,0,43,0,1,9,0,10,11,27,15,0,53,8,0,8,61
05/02/2022,GTF,MT,ANM,WE,Combined TRACON& Tower with Radar,11,19,14,6,50,0,4,18,8,30,11,23,32,14,80,28,14,42,122
05/03/2022,GTF,MT,ANM,WE,Combined TRACON& Tower with Radar,12,29,11,6,58,0,1,14,9,24,12,30,25,15,82,14,24,38,120
05/04/2022,GTF,MT,ANM,WE,Combined TRACON& Tower with Radar,12,27,13,20,72,0,3,28,14,45,12,30,41,34,117,40,0,40,157
05/05/2022,GTF,MT,ANM,WE,Combined TRACON& Tower with Radar,12,26,10,7,55,0,4,10,12,26,12,30,20,19,81,14,18,32,113
05/06/2022,GTF,MT,ANM,WE,Combined TRACON& Tower with Radar,14,27,5,3,49,0,0,2,0,2,14,27,7,3,51,0,0,0,51
05/07/2022,GTF,MT,ANM,WE,Combined TRACON& Tower with Radar,13,18,3,0,34,0,0,7,0,7,13,18,10,0,41,14,0,14,55
05/08/2022,GTF,MT,ANM,WE,Combined TRACON& Tower with Radar,12,6,2,0,20,0,0,5,0,5,12,6,7,0,25,0,0,0,25
05/09/2022,GTF,MT,ANM,WE,Combined TRACON& Tower with Radar,9,20,14,2,45,0,1,9,4,14,9,21,23,6,59,20,0,20,79
05/10/2022,GTF,MT,ANM,WE,Combined TRACON& Tower with Radar,16,33,16,6,71,0,0,19,11,30,16,33,35,17,101,22,2,24,125
05/11/2022,GTF,MT,ANM,WE,Combined TRACON& Tower with Radar,14,28,8,10,60,0,0,25,11,36,14,28,33,21,96,32,22,54,150
05/12/2022,GTF,MT,ANM,WE,Combined TRACON& Tower with Radar,12,24,19,11,66,0,0,5,7,12,12,24,24,18,78,0,0,0,78
05/13/2022,GTF,MT,ANM,WE,Combined TRACON& Tower with Radar,14,23,6,1,44,0,0,7,2,9,14,23,13,3,53,0,0,0,53
05/14/2022,GTF,MT,ANM,WE,Combined TRACON& Tower with Radar,12,17,0,3,32,0,0,5,0,5,12,17,5,3,37,10,0,10,47
05/15/2022,GTF,MT,ANM,WE,Combined TRACON& Tower with Radar,11,15,6,2,34,0,1,22,1,24,11,16,28,3,58,4,0,4,62
05/16/2022,GTF,MT,ANM,WE,Combined TRACON& Tower with Radar,9,23,23,7,62,0,0,18,7,25,9,23,41,14,87,52,4,56,143
05/17/2022,GTF,MT,ANM,WE,Combined TRACON& Tower with Radar,14,29,15,6,64,0,4,22,6,32,14,33,37,12,96,46,0,46,142
05/18/2022,GTF,MT,ANM,WE,Combined TRACON& Tower with Radar,14,31,26,0,71,0,1,19,2,22,14,32,45,2,93,20,0,20,113
05/19/2022,GTF,MT,ANM,WE,Combined TRACON& Tower with Radar,11,20,9,0,40,0,0,2,0,2,11,20,11,0,42,0,0,0,42
05/20/2022,GTF,MT,ANM,WE,Combined TRACON& Tower with Radar,12,30,8,0,50,0,0,6,0,6,12,30,14,0,56,40,0,40,96
05/21/2022,GTF,MT,ANM,WE,Combined TRACON& Tower with Radar,8,17,7,0,32,0,0,31,0,31,8,17,38,0,63,8,0,8,71
05/22/2022,GTF,MT,ANM,WE,Combined TRACON& Tower with Radar,11,12,12,0,35,0,0,22,0,22,11,12,34,0,57,2,0,2,59
05/23/2022,GTF,MT,ANM,WE,Combined TRACON& Tower with Radar,11,18,12,2,43,0,2,26,6,34,11,20,38,8,77,56,0,56,133
05/24/2022,GTF,MT,ANM,WE,Combined TRACON& Tower with Radar,12,29,15,4,60,0,1,36,10,47,12,30,51,14,107,24,0,24,131
05/25/2022,GTF,MT,ANM,WE,Combined TRACON& Tower with Radar,12,24,13,5,54,0,3,12,12,27,12,27,25,17,81,36,10,46,127
05/26/2022,GTF,MT,ANM,WE,Combined TRACON& Tower with Radar,12,27,23,4,66,0,3,41,3,47,12,30,64,7,113,20,0,20,133
05/27/2022,GTF,MT,ANM,WE,Combined TRACON& Tower with Radar,13,26,5,0,44,0,0,4,2,6,13,26,9,2,50,14,0,14,64
05/28/2022,GTF,MT,ANM,WE,Combined TRACON& Tower with Radar,9,19,4,0,32,0,0,14,0,14,9,19,18,0,46,4,0,4,50
05/29/2022,GTF,MT,ANM,WE,Combined TRACON& Tower with Radar,9,12,4,2,27,0,0,3,0,3,9,12,7,2,30,0,0,0,30
05/30/2022,GTF,MT,ANM,WE,Combined TRACON& Tower with Radar,8,15,28,0,51,0,0,3,0,3,8,15,31,0,54,18,0,18,72
05/31/2022,GTF,MT,ANM,WE,Combined TRACON& Tower with Radar,5,25,32,3,65,0,0,35,1,36,5,25,67,4,101,47,0,47,148
06/01/2022,GTF,MT,ANM,WE,Combined TRACON& Tower with Radar,12,23,25,1,61,0,2,43,3,48,12,25,68,4,109,52,0,52,161
06/02/2022,GTF,MT,ANM,WE,Combined TRACON& Tower with Radar,11,27,21,4,63,0,0,36,3,39,11,27,57,7,102,62,8,70,172
06/03/2022,GTF,MT,ANM,WE,Combined TRACON& Tower with Radar,10,28,21,0,59,0,0,21,0,21,10,28,42,0,80,76,0,76,156
06/04/2022,GTF,MT,ANM,WE,Combined TRACON& Tower with Radar,8,21,20,3,52,0,0,15,5,20,8,21,35,8,72,14,0,14,86
06/05/2022,GTF,MT,ANM,WE,Combined TRACON& Tower with Radar,9,13,6,1,29,0,0,22,0,22,9,13,28,1,51,6,0,6,57
06/06/2022,GTF,MT,ANM,WE,Combined TRACON& Tower with Radar,7,21,22,4,54,0,0,24,4,28,7,21,46,8,82,16,0,16,98
06/07/2022,GTF,MT,ANM,WE,Combined TRACON& Tower with Radar,14,33,19,4,70,0,0,26,11,37,14,33,45,15,107,50,8,58,165
06/08/2022,GTF,MT,ANM,WE,Combined TRACON& Tower with Radar,10,27,19,2,58,0,2,25,4,31,10,29,44,6,89,8,0,8,97
06/09/2022,GTF,MT,ANM,WE,Combined TRACON& Tower with Radar,12,30,18,17,77,0,0,37,5,42,12,30,55,22,119,20,34,54,173
06/10/2022,GTF,MT,ANM,WE,Combined TRACON& Tower with Radar,10,33,10,0,53,0,0,14,0,14,10,33,24,0,67,0,0,0,67
06/11/2022,GTF,MT,ANM,WE,Combined TRACON& Tower with Radar,9,18,9,1,37,0,0,9,3,12,9,18,18,4,49,0,4,4,53
06/12/2022,GTF,MT,ANM,WE,Combined TRACON& Tower with Radar,9,14,15,0,38,0,0,13,2,15,9,14,28,2,53,0,6,6,59
06/13/2022,GTF,MT,ANM,WE,Combined TRACON& Tower with Radar,8,24,8,3,43,0,1,11,3,15,8,25,19,6,58,20,0,20,78
06/14/2022,GTF,MT,ANM,WE,Combined TRACON& Tower with Radar,10,28,10,6,54,0,0,0,4,4,10,28,10,10,58,0,0,0,58
06/15/2022,GTF,MT,ANM,WE,Combined TRACON& Tower with Radar,13,30,10,2,55,0,0,4,4,8,13,30,14,6,63,0,0,0,63
06/16/2022,GTF,MT,ANM,WE,Combined TRACON& Tower with Radar,10,32,19,8,69,0,7,30,5,42,10,39,49,13,111,50,0,50,161
06/17/2022,GTF,MT,ANM,WE,Combined TRACON& Tower with Radar,12,33,13,9,67,0,0,33,0,33,12,33,46,9,100,29,4,33,133
06/18/2022,GTF,MT,ANM,WE,Combined TRACON& Tower with Radar,8,25,8,0,41,0,0,25,0,25,8,25,33,0,66,20,0,20,86
06/19/2022,GTF,MT,ANM,WE,Combined TRACON& Tower with Radar,9,11,4,0,24,0,0,11,0,11,9,11,15,0,35,2,0,2,37
06/20/2022,GTF,MT,ANM,WE,Combined TRACON& Tower with Radar,9,23,24,0,56,0,0,2,0,2,9,23,26,0,58,0,0,0,58
06/21/2022,GTF,MT,ANM,WE,Combined TRACON& Tower with Radar,10,22,16,12,60,0,2,16,7,25,10,24,32,19,85,32,0,32,117
06/22/2022,GTF,MT,ANM,WE,Combined TRACON& Tower with Radar,10,21,15,5,51,0,0,29,10,39,10,21,44,15,90,12,0,12,102
06/23/2022,GTF,MT,ANM,WE,Combined TRACON& Tower with Radar,10,25,17,5,57,0,0,32,4,36,10,25,49,9,93,34,0,34,127
06/24/2022,GTF,MT,ANM,WE,Combined TRACON& Tower with Radar,10,29,18,7,64,0,0,30,1,31,10,29,48,8,95,46,8,54,149
06/25/2022,GTF,MT,ANM,WE,Combined TRACON& Tower with Radar,8,24,5,0,37,0,0,38,1,39,8,24,43,1,76,66,0,66,142
06/26/2022,GTF,MT,ANM,WE,Combined TRACON& Tower with Radar,7,16,18,0,41,0,0,33,0,33,7,16,51,0,74,6,0,6,80
06/27/2022,GTF,MT,ANM,WE,Combined TRACON& Tower with Radar,7,22,22,1,52,0,1,27,3,31,7,23,49,4,83,26,0,26,109
06/28/2022,GTF,MT,ANM,WE,Combined TRACON& Tower with Radar,12,25,15,3,55,0,1,29,7,37,12,26,44,10,92,76,0,76,168
06/29/2022,GTF,MT,ANM,WE,Combined TRACON& Tower with Radar,10,34,16,4,64,0,0,16,2,18,10,34,32,6,82,44,0,44,126
06/30/2022,GTF,MT,ANM,WE,Combined TRACON& Tower with Radar,11,32,12,12,67,0,0,36,6,42,11,32,48,18,109,66,36,102,211
07/01/2022,GTF,MT,ANM,WE,Combined TRACON& Tower with Radar,11,25,7,1,44,0,0,34,3,37,11,25,41,4,81,62,0,62,143
07/02/2022,GTF,MT,ANM,WE,Combined TRACON& Tower with Radar,8,21,5,2,36,0,1,23,0,24,8,22,28,2,60,10,0,10,70
07/03/2022,GTF,MT,ANM,WE,Combined TRACON& Tower with Radar,7,17,7,0,31,0,0,3,0,3,7,17,10,0,34,0,0,0,34
07/04/2022,GTF,MT,ANM,WE,Combined TRACON& Tower with Radar,6,11,8,0,25,0,0,11,2,13,6,11,19,2,38,12,0,12,50
07/05/2022,GTF,MT,ANM,WE,Combined TRACON& Tower with Radar,5,24,25,4,58,0,0,26,10,36,5,24,51,14,94,30,32,62,156
07/06/2022,GTF,MT,ANM,WE,Combined TRACON& Tower with Radar,10,27,28,4,69,0,0,43,6,49,10,27,71,10,118,56,0,56,174
07/07/2022,GTF,MT,ANM,WE,Combined TRACON& Tower with Radar,10,23,18,6,57,0,0,33,20,53,10,23,51,26,110,50,2,52,162
07/08/2022,GTF,MT,ANM,WE,Combined TRACON& Tower with Radar,9,30,15,0,54,0,0,41,2,43,9,30,56,2,97,66,0,66,163
07/09/2022,GTF,MT,ANM,WE,Combined TRACON& Tower with Radar,8,23,13,2,46,0,0,20,0,20,8,23,33,2,66,10,0,10,76
07/10/2022,GTF,MT,ANM,WE,Combined TRACON& Tower with Radar,7,18,12,2,39,0,0,15,0,15,7,18,27,2,54,16,0,16,70
07/11/2022,GTF,MT,ANM,WE,Combined TRACON& Tower with Radar,7,21,21,4,53,0,1,24,5,30,7,22,45,9,83,58,12,70,153
07/12/2022,GTF,MT,ANM,WE,Combined TRACON& Tower with Radar,10,28,26,6,70,0,1,41,8,50,10,29,67,14,120,16,24,40,160
07/13/2022,GTF,MT,ANM,WE,Combined TRACON& Tower with Radar,10,38,17,2,67,0,3,23,6,32,10,41,40,8,99,26,0,26,125
07/14/2022,GTF,MT,ANM,WE,Combined TRACON& Tower with Radar,10,28,21,5,64,0,1,27,5,33,10,29,48,10,97,40,4,44,141
07/15/2022,GTF,MT,ANM,WE,Combined TRACON& Tower with Radar,8,30,10,2,50,0,0,26,4,30,8,30,36,6,80,14,0,14,94
07/16/2022,GTF,MT,ANM,WE,Combined TRACON& Tower with Radar,10,20,14,0,44,0,1,28,2,31,10,21,42,2,75,20,0,20,95
07/17/2022,GTF,MT,ANM,WE,Combined TRACON& Tower with Radar,9,13,19,7,48,0,0,25,0,25,9,13,44,7,73,4,0,4,77
07/18/2022,GTF,MT,ANM,WE,Combined TRACON& Tower with Radar,7,21,21,5,54,0,1,8,2,11,7,22,29,7,65,8,0,8,73
07/19/2022,GTF,MT,ANM,WE,Combined TRACON& Tower with Radar,10,28,20,7,65,0,0,36,7,43,10,28,56,14,108,67,4,71,179
07/20/2022,GTF,MT,ANM,WE,Combined TRACON& Tower with Radar,10,23,15,7,55,0,0,41,8,49,10,23,56,15,104,32,0,32,136
07/21/2022,GTF,MT,ANM,WE,Combined TRACON& Tower with Radar,10,22,30,13,75,0,3,46,14,63,10,25,76,27,138,40,10,50,188
07/22/2022,GTF,MT,ANM,WE,Combined TRACON& Tower with Radar,10,34,4,0,48,0,3,17,20,40,10,37,21,20,88,18,0,18,106
07/23/2022,GTF,MT,ANM,WE,Combined TRACON& Tower with Radar,10,21,5,0,36,0,1,36,9,46,10,22,41,9,82,4,0,4,86
07/24/2022,GTF,MT,ANM,WE,Combined TRACON& Tower with Radar,7,17,6,6,36,0,1,33,16,50,7,18,39,22,86,0,0,0,86
07/25/2022,GTF,MT,ANM,WE,Combined TRACON& Tower with Radar,7,18,20,6,51,0,5,39,9,53,7,23,59,15,104,81,0,81,185
07/26/2022,GTF,MT,ANM,WE,Combined TRACON& Tower with Radar,10,22,19,12,63,0,0,21,5,26,10,22,40,17,89,33,0,33,122
07/27/2022,GTF,MT,ANM,WE,Combined TRACON& Tower with Radar,10,25,18,0,53,0,0,38,2,40,10,25,56,2,93,76,0,76,169
07/28/2022,GTF,MT,ANM,WE,Combined TRACON& Tower with Radar,10,25,24,3,62,0,0,33,2,35,10,25,57,5,97,36,0,36,133
07/29/2022,GTF,MT,ANM,WE,Combined TRACON& Tower with Radar,10,34,21,1,66,0,0,36,3,39,10,34,57,4,105,32,0,32,137
07/30/2022,GTF,MT,ANM,WE,Combined TRACON& Tower with Radar,8,13,9,1,31,0,1,24,0,25,8,14,33,1,56,20,0,20,76
07/31/2022,GTF,MT,ANM,WE,Combined TRACON& Tower with Radar,4,12,7,2,25,0,1,31,0,32,4,13,38,2,57,20,0,20,77
08/01/2022,GTF,MT,ANM,WE,Combined TRACON& Tower with Radar,8,19,18,2,47,0,0,21,3,24,8,19,39,5,71,20,0,20,91
08/02/2022,GTF,MT,ANM,WE,Combined TRACON& Tower with Radar,12,24,13,6,55,0,0,6,6,12,12,24,19,12,67,6,0,6,73
08/03/2022,GTF,MT,ANM,WE,Combined TRACON& Tower with Radar,10,29,11,6,56,0,0,17,7,24,10,29,28,13,80,32,2,34,114
08/04/2022,GTF,MT,ANM,WE,Combined TRACON& Tower with Radar,10,31,15,0,56,0,4,19,2,25,10,35,34,2,81,66,0,66,147
08/05/2022,GTF,MT,ANM,WE,Combined TRACON& Tower with Radar,12,27,23,4,66,0,1,29,5,35,12,28,52,9,101,58,4,62,163
08/06/2022,GTF,MT,ANM,WE,Combined TRACON& Tower with Radar,9,20,9,0,38,0,0,17,2,19,9,20,26,2,57,18,0,18,75
08/07/2022,GTF,MT,ANM,WE,Combined TRACON& Tower with Radar,6,16,10,0,32,0,0,17,0,17,6,16,27,0,49,34,0,34,83
08/08/2022,GTF,MT,ANM,WE,Combined TRACON& Tower with Radar,5,19,14,4,42,0,0,17,12,29,5,19,31,16,71,32,10,42,113
08/09/2022,GTF,MT,ANM,WE,Combined TRACON& Tower with Radar,11,32,13,9,65,0,4,36,7,47,11,36,49,16,112,54,0,54,166
08/10/2022,GTF,MT,ANM,WE,Combined TRACON& Tower with Radar,11,34,23,0,68,0,1,25,4,30,11,35,48,4,98,62,0,62,160
08/11/2022,GTF,MT,ANM,WE,Combined TRACON& Tower with Radar,10,43,21,1,75,0,0,14,6,20,10,43,35,7,95,30,0,30,125
08/12/2022,GTF,MT,ANM,WE,Combined TRACON& Tower with Radar,12,30,8,2,52,0,0,23,4,27,12,30,31,6,79,56,0,56,135
08/13/2022,GTF,MT,ANM,WE,Combined TRACON& Tower with Radar,8,23,8,3,42,0,0,16,3,19,8,23,24,6,61,0,0,0,61
08/14/2022,GTF,MT,ANM,WE,Combined TRACON& Tower with Radar,7,18,7,1,33,0,0,22,0,22,7,18,29,1,55,0,0,0,55
08/15/2022,GTF,MT,ANM,WE,Combined TRACON& Tower with Radar,7,18,20,25,70,0,0,29,6,35,7,18,49,31,105,66,34,100,205
08/16/2022,GTF,MT,ANM,WE,Combined TRACON& Tower with Radar,10,26,15,16,67,0,0,38,2,40,10,26,53,18,107,44,12,56,163
08/17/2022,GTF,MT,ANM,WE,Combined TRACON& Tower with Radar,10,24,10,6,50,0,2,21,10,33,10,26,31,16,83,16,10,26,109
08/18/2022,GTF,MT,ANM,WE,Combined TRACON& Tower with Radar,10,27,28,10,75,0,1,35,6,42,10,28,63,16,117,50,18,68,185
08/19/2022,GTF,MT,ANM,WE,Combined TRACON& Tower with Radar,10,31,8,9,58,0,1,19,0,20,10,32,27,9,78,66,0,66,144
08/20/2022,GTF,MT,ANM,WE,Combined TRACON& Tower with Radar,8,19,14,1,42,0,1,24,1,26,8,20,38,2,68,4,0,4,72
08/21/2022,GTF,MT,ANM,WE,Combined TRACON& Tower with Radar,7,21,15,1,44,0,0,17,0,17,7,21,32,1,61,0,0,0,61
08/22/2022,GTF,MT,ANM,WE,Combined TRACON& Tower with Radar,7,20,16,2,45,0,1,25,5,31,7,21,41,7,76,2,0,2,78
08/23/2022,GTF,MT,ANM,WE,Combined TRACON& Tower with Radar,10,38,10,6,64,0,1,21,4,26,10,39,31,10,90,28,4,32,122
08/24/2022,GTF,MT,ANM,WE,Combined TRACON& Tower with Radar,10,25,12,1,48,0,1,6,1,8,10,26,18,2,56,8,0,8,64
08/25/2022,GTF,MT,ANM,WE,Combined TRACON& Tower with Radar,11,29,20,1,61,0,0,21,7,28,11,29,41,8,89,50,0,50,139
08/26/2022,GTF,MT,ANM,WE,Combined TRACON& Tower with Radar,11,27,15,6,59,0,0,17,9,26,11,27,32,15,85,30,12,42,127
08/27/2022,GTF,MT,ANM,WE,Combined TRACON& Tower with Radar,8,25,16,4,53,0,0,15,0,15,8,25,31,4,68,0,0,0,68
08/28/2022,GTF,MT,ANM,WE,Combined TRACON& Tower with Radar,7,17,15,1,40,0,0,15,0,15,7,17,30,1,55,0,0,0,55
08/29/2022,GTF,MT,ANM,WE,Combined TRACON& Tower with Radar,7,21,15,9,52,0,1,20,3,24,7,22,35,12,76,36,16,52,128
08/30/2022,GTF,MT,ANM,WE,Combined TRACON& Tower with Radar,12,23,7,7,49,0,1,18,6,25,12,24,25,13,74,44,28,72,146
08/31/2022,GTF,MT,ANM,WE,Combined TRACON& Tower with Radar,10,32,8,9,59,0,2,29,10,41,10,34,37,19,100,40,0,40,140
09/01/2022,GTF,MT,ANM,WE,Combined TRACON& Tower with Radar,12,28,14,10,64,0,0,40,7,47,12,28,54,17,111,32,16,48,159
09/02/2022,GTF,MT,ANM,WE,Combined TRACON& Tower with Radar,10,29,7,0,46,0,1,13,0,14,10,30,20,0,60,0,0,0,60
09/03/2022,GTF,MT,ANM,WE,Combined TRACON& Tower with Radar,8,18,3,0,29,0,1,25,0,26,8,19,28,0,55,32,0,32,87
09/04/2022,GTF,MT,ANM,WE,Combined TRACON& Tower with Radar,7,8,7,4,26,0,0,9,0,9,7,8,16,4,35,10,0,10,45
09/05/2022,GTF,MT,ANM,WE,Combined TRACON& Tower with Radar,8,10,13,0,31,0,0,16,1,17,8,10,29,1,48,16,0,16,64
09/06/2022,GTF,MT,ANM,WE,Combined TRACON& Tower with Radar,8,25,13,10,56,0,0,30,2,32,8,25,43,12,88,34,20,54,142
09/07/2022,GTF,MT,ANM,WE,Combined TRACON& Tower with Radar,14,29,10,4,57,0,0,18,2,20,14,29,28,6,77,14,0,14,91
09/08/2022,GTF,MT,ANM,WE,Combined TRACON& Tower with Radar,14,25,21,17,77,0,1,25,7,33,14,26,46,24,110,16,20,36,146
09/09/2022,GTF,MT,ANM,WE,Combined TRACON& Tower with Radar,13,25,12,5,55,0,0,22,2,24,13,25,34,7,79,32,6,38,117
09/10/2022,GTF,MT,ANM,WE,Combined TRACON& Tower with Radar,8,16,6,1,31,0,0,35,2,37,8,16,41,3,68,20,0,20,88
09/11/2022,GTF,MT,ANM,WE,Combined TRACON& Tower with Radar,9,14,22,3,48,0,0,17,4,21,9,14,39,7,69,6,6,12,81
09/12/2022,GTF,MT,ANM,WE,Combined TRACON& Tower with Radar,12,21,24,11,68,0,1,24,4,29,12,22,48,15,97,92,0,92,189
09/13/2022,GTF,MT,ANM,WE,Combined TRACON& Tower with Radar,14,26,20,11,71,0,0,30,8,38,14,26,50,19,109,54,0,54,163
09/14/2022,GTF,MT,ANM,WE,Combined TRACON& Tower with Radar,14,21,27,1,63,0,0,15,6,21,14,21,42,7,84,12,0,12,96
09/15/2022,GTF,MT,ANM,WE,Combined TRACON& Tower with Radar,16,27,10,5,58,0,0,32,5,37,16,27,42,10,95,20,0,20,115
09/16/2022,GTF,MT,ANM,WE,Combined TRACON& Tower with Radar,14,25,14,6,59,0,0,11,2,13,14,25,25,8,72,48,0,48,120
09/17/2022,GTF,MT,ANM,WE,Combined TRACON& Tower with Radar,10,16,14,0,40,0,0,17,0,17,10,16,31,0,57,22,0,22,79
09/18/2022,GTF,MT,ANM,WE,Combined TRACON& Tower with Radar,9,9,12,0,30,0,0,10,0,10,9,9,22,0,40,16,0,16,56
09/19/2022,GTF,MT,ANM,WE,Combined TRACON& Tower with Radar,11,21,32,1,65,0,0,5,3,8,11,21,37,4,73,8,0,8,81
09/20/2022,GTF,MT,ANM,WE,Combined TRACON& Tower with Radar,14,38,34,12,98,0,0,16,8,24,14,38,50,20,122,58,6,64,186
09/21/2022,GTF,MT,ANM,WE,Combined TRACON& Tower with Radar,14,28,15,3,60,0,0,31,7,38,14,28,46,10,98,30,0,30,128
09/22/2022,GTF,MT,ANM,WE,Combined TRACON& Tower with Radar,14,32,11,6,63,0,0,13,14,27,14,32,24,20,90,28,18,46,136
09/23/2022,GTF,MT,ANM,WE,Combined TRACON& Tower with Radar,14,31,9,1,55,0,0,11,1,12,14,31,20,2,67,28,0,28,95
09/24/2022,GTF,MT,ANM,WE,Combined TRACON& Tower with Radar,8,14,9,1,32,0,0,20,1,21,8,14,29,2,53,14,0,14,67
09/25/2022,GTF,MT,ANM,WE,Combined TRACON& Tower with Radar,9,12,7,0,28,0,0,38,0,38,9,12,45,0,66,18,0,18,84
09/26/2022,GTF,MT,ANM,WE,Combined TRACON& Tower with Radar,11,18,9,5,43,0,0,30,5,35,11,18,39,10,78,32,0,32,110
09/27/2022,GTF,MT,ANM,WE,Combined TRACON& Tower with Radar,14,26,6,46,92,0,1,22,11,34,14,27,28,57,126,42,30,72,198
09/28/2022,GTF,MT,ANM,WE,Combined TRACON& Tower with Radar,14,22,11,5,52,0,0,23,4,27,14,22,34,9,79,58,0,58,137
09/29/2022,GTF,MT,ANM,WE,Combined TRACON& Tower with Radar,14,22,9,3,48,0,0,12,3,15,14,22,21,6,63,8,0,8,71
09/30/2022,GTF,MT,ANM,WE,Combined TRACON& Tower with Radar,14,27,2,0,43,0,0,2,2,4,14,27,4,2,47,0,0,0,47
10/01/2022,GTF,MT,ANM,WE,Combined TRACON& Tower with Radar,10,19,9,0,38,0,0,1,0,1,10,19,10,0,39,0,0,0,39
10/02/2022,GTF,MT,ANM,WE,Combined TRACON& Tower with Radar,11,11,16,0,38,0,0,7,0,7,11,11,23,0,45,46,0,46,91
10/03/2022,GTF,MT,ANM,WE,Combined TRACON& Tower with Radar,11,26,22,3,62,0,2,20,7,29,11,28,42,10,91,48,12,60,151
10/04/2022,GTF,MT,ANM,WE,Combined TRACON& Tower with Radar,14,24,14,0,52,0,3,32,6,41,14,27,46,6,93,70,0,70,163
10/05/2022,GTF,MT,ANM,WE,Combined TRACON& Tower with Radar,15,23,18,5,61,0,1,26,11,38,15,24,44,16,99,68,0,68,167
10/06/2022,GTF,MT,ANM,WE,Combined TRACON& Tower with Radar,22,18,14,5,59,0,0,25,5,30,22,18,39,10,89,0,0,0,89
10/07/2022,GTF,MT,ANM,WE,Combined TRACON& Tower with Radar,20,28,20,2,70,0,1,16,2,19,20,29,36,4,89,8,0,8,97
10/08/2022,GTF,MT,ANM,WE,Combined TRACON& Tower with Radar,14,22,13,0,49,0,1,35,0,36,14,23,48,0,85,24,0,24,109
10/09/2022,GTF,MT,ANM,WE,Combined TRACON& Tower with Radar,19,5,5,0,29,0,2,17,0,19,19,7,22,0,48,0,0,0,48
10/10/2022,GTF,MT,ANM,WE,Combined TRACON& Tower with Radar,17,8,21,0,46,0,0,13,0,13,17,8,34,0,59,0,0,0,59
10/11/2022,GTF,MT,ANM,WE,Combined TRACON& Tower with Radar,16,19,18,5,58,0,0,30,5,35,16,19,48,10,93,0,0,0,93
10/12/2022,GTF,MT,ANM,WE,Combined TRACON& Tower with Radar,20,21,23,6,70,0,0,29,5,34,20,21,52,11,104,0,0,0,104
10/13/2022,GTF,MT,ANM,WE,Combined TRACON& Tower with Radar,22,18,8,0,48,0,0,22,3,25,22,18,30,3,73,0,0,0,73
10/14/2022,GTF,MT,ANM,WE,Combined TRACON& Tower with Radar,20,25,17,6,68,0,0,34,6,40,20,25,51,12,108,0,0,0,108
10/15/2022,GTF,MT,ANM,WE,Combined TRACON& Tower with Radar,14,15,9,1,39,0,0,18,0,18,14,15,27,1,57,0,0,0,57
10/16/2022,GTF,MT,ANM,WE,Combined TRACON& Tower with Radar,21,5,3,1,30,0,0,27,0,27,21,5,30,1,57,0,0,0,57
10/17/2022,GTF,MT,ANM,WE,Combined TRACON& Tower with Radar,17,7,6,12,42,0,0,25,4,29,17,7,31,16,71,0,0,0,71
10/18/2022,GTF,MT,ANM,WE,Combined TRACON& Tower with Radar,18,17,6,2,43,0,0,23,2,25,18,17,29,4,68,28,0,28,96
10/19/2022,GTF,MT,ANM,WE,Combined TRACON& Tower with Radar,18,17,17,2,54,0,2,39,6,47,18,19,56,8,101,46,0,46,147
10/20/2022,GTF,MT,ANM,WE,Combined TRACON& Tower with Radar,24,23,12,4,63,0,0,22,10,32,24,23,34,14,95,30,0,30,125
10/21/2022,GTF,MT,ANM,WE,Combined TRACON& Tower with Radar,20,24,14,0,58,0,0,12,0,12,20,24,26,0,70,6,0,6,76
10/22/2022,GTF,MT,ANM,WE,Combined TRACON& Tower with Radar,14,11,3,0,28,0,0,0,0,0,14,11,3,0,28,0,0,0,28
10/23/2022,GTF,MT,ANM,WE,Combined TRACON& Tower with Radar,19,10,0,0,29,0,0,0,0,0,19,10,0,0,29,0,0,0,29
10/24/2022,GTF,MT,ANM,WE,Combined TRACON& Tower with Radar,19,7,5,2,33,0,1,4,2,7,19,8,9,4,40,24,0,24,64
10/25/2022,GTF,MT,ANM,WE,Combined TRACON& Tower with Radar,18,22,14,0,54,0,0,3,0,3,18,22,17,0,57,36,0,36,93
10/26/2022,GTF,MT,ANM,WE,Combined TRACON& Tower with Radar,17,17,14,8,56,0,0,24,8,32,17,17,38,16,88,0,0,0,88
10/27/2022,GTF,MT,ANM,WE,Combined TRACON& Tower with Radar,25,15,16,6,62,0,0,2,8,10,25,15,18,14,72,0,0,0,72
10/28/2022,GTF,MT,ANM,WE,Combined TRACON& Tower with Radar,20,18,5,0,43,0,0,11,0,11,20,18,16,0,54,4,0,4,58
10/29/2022,GTF,MT,ANM,WE,Combined TRACON& Tower with Radar,14,12,10,0,36,0,0,9,0,9,14,12,19,0,45,10,0,10,55
10/30/2022,GTF,MT,ANM,WE,Combined TRACON& Tower with Radar,15,3,6,0,24,0,0,3,0,3,15,3,9,0,27,0,0,0,27
10/31/2022,GTF,MT,ANM,WE,Combined TRACON& Tower with Radar,13,15,12,3,43,0,1,9,3,13,13,16,21,6,56,0,0,0,56
11/01/2022,GTF,MT,ANM,WE,Combined TRACON& Tower with Radar,16,19,8,23,66,0,0,22,9,31,16,19,30,32,97,53,24,77,174
11/02/2022,GTF,MT,ANM,WE,Combined TRACON& Tower with Radar,16,15,6,1,38,0,0,0,1,1,16,15,6,2,39,0,0,0,39
11/03/2022,GTF,MT,ANM,WE,Combined TRACON& Tower with Radar,20,26,5,2,53,0,0,24,4,28,20,26,29,6,81,88,0,88,169
11/04/2022,GTF,MT,ANM,WE,Combined TRACON& Tower with Radar,18,12,1,0,31,0,0,5,4,9,18,12,6,4,40,0,0,0,40
11/05/2022,GTF,MT,ANM,WE,Combined TRACON& Tower with Radar,10,8,1,1,20,0,0,2,0,2,10,8,3,1,22,0,0,0,22
11/06/2022,GTF,MT,ANM,WE,Combined TRACON& Tower with Radar,15,10,7,1,33,0,0,2,0,2,15,10,9,1,35,12,0,12,47
11/07/2022,GTF,MT,ANM,WE,Combined TRACON& Tower with Radar,13,14,7,1,35,0,0,0,1,1,13,14,7,2,36,0,0,0,36
11/08/2022,GTF,MT,ANM,WE,Combined TRACON& Tower with Radar,15,24,6,0,45,0,0,0,0,0,15,24,6,0,45,30,32,62,107
11/09/2022,GTF,MT,ANM,WE,Combined TRACON& Tower with Radar,17,9,0,1,27,0,0,0,0,0,17,9,0,1,27,0,0,0,27
11/10/2022,GTF,MT,ANM,WE,Combined TRACON& Tower with Radar,20,20,7,5,52,0,0,15,5,20,20,20,22,10,72,0,0,0,72
11/11/2022,GTF,MT,ANM,WE,Combined TRACON& Tower with Radar,18,20,16,0,54,0,1,31,0,32,18,21,47,0,86,63,0,63,149
11/12/2022,GTF,MT,ANM,WE,Combined TRACON& Tower with Radar,12,18,2,0,32,0,0,13,0,13,12,18,15,0,45,48,0,48,93
11/13/2022,GTF,MT,ANM,WE,Combined TRACON& Tower with Radar,17,6,4,0,27,0,0,3,2,5,17,6,7,2,32,16,0,16,48
11/14/2022,GTF,MT,ANM,WE,Combined TRACON& Tower with Radar,15,16,5,6,42,0,0,5,6,11,15,16,10,12,53,0,0,0,53
11/15/2022,GTF,MT,ANM,WE,Combined TRACON& Tower with Radar,16,18,9,14,57,0,1,21,9,31,16,19,30,23,88,48,16,64,152
11/16/2022,GTF,MT,ANM,WE,Combined TRACON& Tower with Radar,14,25,14,4,57,0,0,10,2,12,14,25,24,6,69,8,0,8,77
11/17/2022,GTF,MT,ANM,WE,Combined TRACON& Tower with Radar,18,20,4,11,53,0,0,9,0,9,18,20,13,11,62,42,0,42,104
11/18/2022,GTF,MT,ANM,WE,Combined TRACON& Tower with Radar,20,20,7,4,51,0,5,6,2,13,20,25,13,6,64,10,0,10,74
11/19/2022,GTF,MT,ANM,WE,Combined TRACON& Tower with Radar,12,12,3,0,27,0,0,11,0,11,12,12,14,0,38,18,0,18,56
11/20/2022,GTF,MT,ANM,WE,Combined TRACON& Tower with Radar,17,1,8,0,26,0,0,7,0,7,17,1,15,0,33,4,0,4,37
11/21/2022,GTF,MT,ANM,WE,Combined TRACON& Tower with Radar,13,13,13,9,48,0,0,13,5,18,13,13,26,14,66,34,10,44,110
11/22/2022,GTF,MT,ANM,WE,Combined TRACON& Tower with Radar,18,26,20,5,69,0,0,14,4,18,18,26,34,9,87,20,0,20,107
11/23/2022,GTF,MT,ANM,WE,Combined TRACON& Tower with Radar,20,22,6,4,52,0,0,2,4,6,20,22,8,8,58,0,0,0,58
11/24/2022,GTF,MT,ANM,WE,Combined TRACON& Tower with Radar,6,4,2,0,12,0,0,0,0,0,6,4,2,0,12,0,0,0,12
11/25/2022,GTF,MT,ANM,WE,Combined TRACON& Tower with Radar,14,13,6,0,33,0,0,2,0,2,14,13,8,0,35,0,0,0,35
11/26/2022,GTF,MT,ANM,WE,Combined TRACON& Tower with Radar,16,11,4,0,31,0,0,2,0,2,16,11,6,0,33,6,0,6,39
11/27/2022,GTF,MT,ANM,WE,Combined TRACON& Tower with Radar,17,15,3,0,35,0,0,3,0,3,17,15,6,0,38,0,0,0,38
11/28/2022,GTF,MT,ANM,WE,Combined TRACON& Tower with Radar,13,10,15,2,40,0,0,0,0,0,13,10,15,2,40,26,10,36,76
11/29/2022,GTF,MT,ANM,WE,Combined TRACON& Tower with Radar,16,29,9,9,63,0,2,11,1,14,16,31,20,10,77,12,0,12,89
11/30/2022,GTF,MT,ANM,WE,Combined TRACON& Tower with Radar,16,22,18,3,59,0,0,15,7,22,16,22,33,10,81,30,0,30,111
12/01/2022,GTF,MT,ANM,WE,Combined TRACON& Tower with Radar,20,22,6,2,50,0,0,1,0,1,20,22,7,2,51,8,0,8,59
12/02/2022,GTF,MT,ANM,WE,Combined TRACON& Tower with Radar,19,19,12,5,55,0,0,9,5,14,19,19,21,10,69,0,0,0,69
12/03/2022,GTF,MT,ANM,WE,Combined TRACON& Tower with Radar,12,14,2,1,29,0,6,13,0,19,12,20,15,1,48,20,0,20,68
12/04/2022,GTF,MT,ANM,WE,Combined TRACON& Tower with Radar,21,4,6,1,32,0,0,12,0,12,21,4,18,1,44,6,0,6,50
12/05/2022,GTF,MT,ANM,WE,Combined TRACON& Tower with Radar,15,14,9,3,41,0,0,5,3,8,15,14,14,6,49,16,0,16,65
12/06/2022,GTF,MT,ANM,WE,Combined TRACON& Tower with Radar,16,24,7,2,49,0,0,0,2,2,16,24,7,4,51,0,0,0,51
12/07/2022,GTF,MT,ANM,WE,Combined TRACON& Tower with Radar,16,20,9,12,57,0,0,13,3,16,16,20,22,15,73,30,10,40,113
12/08/2022,GTF,MT,ANM,WE,Combined TRACON& Tower with Radar,22,24,9,17,72,0,0,8,19,27,22,24,17,36,99,54,36,90,189
12/09/2022,GTF,MT,ANM,WE,Combined TRACON& Tower with Radar,18,22,6,8,54,0,0,9,6,15,18,22,15,14,69,104,0,104,173
12/10/2022,GTF,MT,ANM,WE,Combined TRACON& Tower with Radar,14,11,7,2,34,0,2,17,0,19,14,13,24,2,53,6,0,6,59
12/11/2022,GTF,MT,ANM,WE,Combined TRACON& Tower with Radar,19,5,2,0,26,0,0,8,0,8,19,5,10,0,34,28,0,28,62
12/12/2022,GTF,MT,ANM,WE,Combined TRACON& Tower with Radar,17,18,8,0,43,0,0,3,0,3,17,18,11,0,46,16,0,16,62
12/13/2022,GTF,MT,ANM,WE,Combined TRACON& Tower with Radar,16,23,11,22,72,0,0,15,2,17,16,23,26,24,89,64,2,66,155
12/14/2022,GTF,MT,ANM,WE,Combined TRACON& Tower with Radar,16,22,6,0,44,0,0,0,2,2,16,22,6,2,46,0,0,0,46
12/15/2022,GTF,MT,ANM,WE,Combined TRACON& Tower with Radar,18,27,12,7,64,0,0,6,7,13,18,27,18,14,77,4,26,30,107
12/16/2022,GTF,MT,ANM,WE,Combined TRACON& Tower with Radar,18,27,12,9,66,0,0,16,4,20,18,27,28,13,86,22,4,26,112
12/17/2022,GTF,MT,ANM,WE,Combined TRACON& Tower with Radar,16,15,10,1,42,0,0,4,0,4,16,15,14,1,46,4,0,4,50
12/18/2022,GTF,MT,ANM,WE,Combined TRACON& Tower with Radar,13,6,6,0,25,0,0,1,0,1,13,6,7,0,26,0,0,0,26
12/19/2022,GTF,MT,ANM,WE,Combined TRACON& Tower with Radar,15,14,12,3,44,0,0,0,2,2,15,14,12,5,46,0,0,0,46
12/20/2022,GTF,MT,ANM,WE,Combined TRACON& Tower with Radar,14,20,6,0,40,0,0,0,0,0,14,20,6,0,40,0,0,0,40
12/21/2022,GTF,MT,ANM,WE,Combined TRACON& Tower with Radar,11,21,21,0,53,0,0,0,0,0,11,21,21,0,53,0,0,0,53
12/22/2022,GTF,MT,ANM,WE,Combined TRACON& Tower with Radar,21,20,4,1,46,0,0,3,1,4,21,20,7,2,50,0,0,0,50
12/23/2022,GTF,MT,ANM,WE,Combined TRACON& Tower with Radar,12,23,4,0,39,0,0,3,0,3,12,23,7,0,42,0,0,0,42
12/24/2022,GTF,MT,ANM,WE,Combined TRACON& Tower with Radar,16,12,4,0,32,0,0,4,0,4,16,12,8,0,36,0,0,0,36
12/25/2022,GTF,MT,ANM,WE,Combined TRACON& Tower with Radar,10,6,4,0,20,0,0,1,0,1,10,6,5,0,21,0,0,0,21
12/26/2022,GTF,MT,ANM,WE,Combined TRACON& Tower with Radar,20,13,14,0,47,0,0,3,0,3,20,13,17,0,50,24,0,24,74
12/27/2022,GTF,MT,ANM,WE,Combined TRACON& Tower with Radar,22,19,8,2,51,0,0,5,4,9,22,19,13,6,60,6,0,6,66
12/28/2022,GTF,MT,ANM,WE,Combined TRACON& Tower with Radar,20,22,5,15,62,0,0,2,3,5,20,22,7,18,67,0,12,12,79
12/29/2022,GTF,MT,ANM,WE,Combined TRACON& Tower with Radar,22,18,11,0,51,0,0,15,2,17,22,18,26,2,68,24,0,24,92
12/30/2022,GTF,MT,ANM,WE,Combined TRACON& Tower with Radar,16,23,9,0,48,0,0,9,2,11,16,23,18,2,59,16,0,16,75
12/31/2022,GTF,MT,ANM,WE,Combined TRACON& Tower with Radar,17,14,5,0,36,0,0,4,0,4,17,14,9,0,40,36,0,36,76
01/01/2023,GTF,MT,ANM,WE,Combined TRACON& Tower with Radar,10,6,0,0,16,0,0,13,0,13,10,6,13,0,29,44,0,44,73
01/02/2023,GTF,MT,ANM,WE,Combined TRACON& Tower with Radar,12,5,10,0,27,0,0,18,0,18,12,5,28,0,45,14,0,14,59
01/03/2023,GTF,MT,ANM,WE,Combined TRACON& Tower with Radar,17,11,10,2,40,0,0,10,4,14,17,11,20,6,54,12,0,12,66
01/04/2023,GTF,MT,ANM,WE,Combined TRACON& Tower with Radar,18,19,11,10,58,0,0,19,6,25,18,19,30,16,83,30,20,50,133
01/05/2023,GTF,MT,ANM,WE,Combined TRACON& Tower with Radar,22,16,22,19,79,0,0,24,4,28,22,16,46,23,107,72,32,104,211
01/06/2023,GTF,MT,ANM,WE,Combined TRACON& Tower with Radar,20,22,6,4,52,0,0,16,0,16,20,22,22,4,68,30,8,38,106
01/07/2023,GTF,MT,ANM,WE,Combined TRACON& Tower with Radar,14,14,4,3,35,0,0,18,2,20,14,14,22,5,55,8,0,8,63
01/08/2023,GTF,MT,ANM,WE,Combined TRACON& Tower with Radar,17,7,3,2,29,0,0,6,1,7,17,7,9,3,36,4,0,4,40
01/09/2023,GTF,MT,ANM,WE,Combined TRACON& Tower with Radar,17,8,6,14,45,0,1,15,7,23,17,9,21,21,68,18,0,18,86
01/10/2023,GTF,MT,ANM,WE,Combined TRACON& Tower with Radar,18,17,6,11,52,0,0,16,17,33,18,17,22,28,85,28,8,36,121
01/11/2023,GTF,MT,ANM,WE,Combined TRACON& Tower with Radar,18,16,7,7,48,0,0,21,11,32,18,16,28,18,80,40,18,58,138
01/12/2023,GTF,MT,ANM,WE,Combined TRACON& Tower with Radar,22,18,16,30,86,0,0,10,3,13,22,18,26,33,99,10,8,18,117
01/13/2023,GTF,MT,ANM,WE,Combined TRACON& Tower with Radar,18,17,9,5,49,0,2,25,3,30,18,19,34,8,79,30,0,30,109
01/14/2023,GTF,MT,ANM,WE,Combined TRACON& Tower with Radar,12,10,1,1,24,0,1,8,0,9,12,11,9,1,33,6,0,6,39
01/15/2023,GTF,MT,ANM,WE,Combined TRACON& Tower with Radar,15,5,6,1,27,0,0,18,0,18,15,5,24,1,45,60,0,60,105
01/16/2023,GTF,MT,ANM,WE,Combined TRACON& Tower with Radar,15,8,15,2,40,0,0,4,2,6,15,8,19,4,46,0,0,0,46
01/17/2023,GTF,MT,ANM,WE,Combined TRACON& Tower with Radar,17,16,16,5,54,0,1,11,9,21,17,17,27,14,75,48,18,66,141
01/18/2023,GTF,MT,ANM,WE,Combined TRACON& Tower with Radar,19,17,14,7,57,0,0,10,12,22,19,17,24,19,79,10,6,16,95
01/19/2023,GTF,MT,ANM,WE,Combined TRACON& Tower with Radar,20,13,10,5,48,0,0,9,5,14,20,13,19,10,62,18,10,28,90
01/20/2023,GTF,MT,ANM,WE,Combined TRACON& Tower with Radar,20,20,8,6,54,0,1,10,4,15,20,21,18,10,69,2,16,18,87
01/21/2023,GTF,MT,ANM,WE,Combined TRACON& Tower with Radar,12,16,6,0,34,0,0,4,0,4,12,16,10,0,38,0,0,0,38
01/22/2023,GTF,MT,ANM,WE,Combined TRACON& Tower with Radar,17,8,4,0,29,0,0,1,0,1,17,8,5,0,30,0,0,0,30
01/23/2023,GTF,MT,ANM,WE,Combined TRACON& Tower with Radar,15,18,7,11,51,0,0,8,7,15,15,18,15,18,66,0,20,20,86
01/24/2023,GTF,MT,ANM,WE,Combined TRACON& Tower with Radar,18,22,7,9,56,0,0,6,17,23,18,22,13,26,79,36,32,68,147
01/25/2023,GTF,MT,ANM,WE,Combined TRACON& Tower with Radar,18,17,13,13,61,0,0,8,7,15,18,17,21,20,76,18,12,30,106
01/26/2023,GTF,MT,ANM,WE,Combined TRACON& Tower with Radar,19,17,10,1,47,0,0,5,1,6,19,17,15,2,53,0,0,0,53
01/27/2023,GTF,MT,ANM,WE,Combined TRACON& Tower with Radar,19,17,0,0,36,0,0,0,0,0,19,17,0,0,36,0,0,0,36
01/28/2023,GTF,MT,ANM,WE,Combined TRACON& Tower with Radar,12,12,3,0,27,0,0,0,0,0,12,12,3,0,27,0,0,0,27
01/29/2023,GTF,MT,ANM,WE,Combined TRACON& Tower with Radar,16,2,8,0,26,0,0,5,0,5,16,2,13,0,31,0,0,0,31
01/30/2023,GTF,MT,ANM,WE,Combined TRACON& Tower with Radar,15,11,6,6,38,0,0,11,2,13,15,11,17,8,51,0,14,14,65
01/31/2023,GTF,MT,ANM,WE,Combined TRACON& Tower with Radar,16,26,6,4,52,0,0,9,3,12,16,26,15,7,64,14,0,14,78
02/01/2023,GTF,MT,ANM,WE,Combined TRACON& Tower with Radar,14,19,13,1,47,0,1,9,1,11,14,20,22,2,58,6,0,6,64
02/02/2023,GTF,MT,ANM,WE,Combined TRACON& Tower with Radar,18,16,23,3,60,0,1,18,4,23,18,17,41,7,83,22,2,24,107
02/03/2023,GTF,MT,ANM,WE,Combined TRACON& Tower with Radar,19,20,14,13,66,0,0,12,3,15,19,20,26,16,81,74,8,82,163
02/04/2023,GTF,MT,ANM,WE,Combined TRACON& Tower with Radar,15,13,7,2,37,0,1,4,0,5,15,14,11,2,42,4,0,4,46
02/05/2023,GTF,MT,ANM,WE,Combined TRACON& Tower with Radar,16,9,5,1,31,0,0,1,0,1,16,9,6,1,32,4,0,4,36
02/06/2023,GTF,MT,ANM,WE,Combined TRACON& Tower with Radar,15,13,5,5,38,0,0,7,4,11,15,13,12,9,49,12,8,20,69
02/07/2023,GTF,MT,ANM,WE,Combined TRACON& Tower with Radar,18,15,5,6,44,0,0,19,4,23,18,15,24,10,67,44,0,44,111
02/08/2023,GTF,MT,ANM,WE,Combined TRACON& Tower with Radar,18,16,4,6,44,0,0,2,4,6,18,16,6,10,50,6,0,6,56
02/09/2023,GTF,MT,ANM,WE,Combined TRACON& Tower with Radar,20,14,10,4,48,0,0,24,2,26,20,14,34,6,74,22,0,22,96
02/10/2023,GTF,MT,ANM,WE,Combined TRACON& Tower with Radar,18,19,7,12,56,0,0,14,3,17,18,19,21,15,73,18,0,18,91
02/11/2023,GTF,MT,ANM,WE,Combined TRACON& Tower with Radar,12,13,6,2,33,0,1,17,2,20,12,14,23,4,53,25,0,25,78
02/12/2023,GTF,MT,ANM,WE,Combined TRACON& Tower with Radar,15,2,7,0,24,0,0,5,0,5,15,2,12,0,29,0,0,0,29
02/13/2023,GTF,MT,ANM,WE,Combined TRACON& Tower with Radar,13,11,11,3,38,0,1,5,3,9,13,12,16,6,47,1,14,15,62
02/14/2023,GTF,MT,ANM,WE,Combined TRACON& Tower with Radar,16,20,16,10,62,0,0,8,6,14,16,20,24,16,76,36,16,52,128
02/15/2023,GTF,MT,ANM,WE,Combined TRACON& Tower with Radar,20,21,11,6,58,0,2,22,10,34,20,23,33,16,92,42,6,48,140
02/16/2023,GTF,MT,ANM,WE,Combined TRACON& Tower with Radar,20,18,15,5,58,0,2,13,11,26,20,20,28,16,84,36,6,42,126
02/17/2023,GTF,MT,ANM,WE,Combined TRACON& Tower with Radar,19,21,5,5,50,0,2,9,3,14,19,23,14,8,64,0,0,0,64
02/18/2023,GTF,MT,ANM,WE,Combined TRACON& Tower with Radar,14,14,0,0,28,0,0,3,0,3,14,14,3,0,31,0,0,0,31
02/19/2023,GTF,MT,ANM,WE,Combined TRACON& Tower with Radar,17,6,6,0,29,0,0,3,0,3,17,6,9,0,32,0,0,0,32
02/20/2023,GTF,MT,ANM,WE,Combined TRACON& Tower with Radar,17,16,4,0,37,0,0,0,0,0,17,16,4,0,37,40,0,40,77
02/21/2023,GTF,MT,ANM,WE,Combined TRACON& Tower with Radar,19,21,2,0,42,0,0,0,0,0,19,21,2,0,42,0,0,0,42
02/22/2023,GTF,MT,ANM,WE,Combined TRACON& Tower with Radar,19,20,11,1,51,0,0,0,0,0,19,20,11,1,51,0,0,0,51
02/23/2023,GTF,MT,ANM,WE,Combined TRACON& Tower with Radar,30,16,12,0,58,0,0,5,0,5,30,16,17,0,63,0,0,0,63
02/24/2023,GTF,MT,ANM,WE,Combined TRACON& Tower with Radar,22,21,12,0,55,0,1,6,0,7,22,22,18,0,62,6,0,6,68
02/25/2023,GTF,MT,ANM,WE,Combined TRACON& Tower with Radar,14,9,5,6,34,0,1,7,5,13,14,10,12,11,47,2,0,2,49
02/26/2023,GTF,MT,ANM,WE,Combined TRACON& Tower with Radar,19,9,10,1,39,0,0,18,1,19,19,9,28,2,58,24,2,26,84
02/27/2023,GTF,MT,ANM,WE,Combined TRACON& Tower with Radar,20,13,12,13,58,0,0,17,14,31,20,13,29,27,89,64,36,100,189
02/28/2023,GTF,MT,ANM,WE,Combined TRACON& Tower with Radar,19,28,12,5,64,0,0,17,11,28,19,28,29,16,92,50,20,70,162
03/01/2023,GTF,MT,ANM,WE,Combined TRACON& Tower with Radar,18,23,17,3,61,0,0,14,7,21,18,23,31,10,82,56,0,56,138
03/02/2023,GTF,MT,ANM,WE,Combined TRACON& Tower with Radar,21,24,16,11,72,0,0,9,15,24,21,24,25,26,96,6,24,30,126
03/03/2023,GTF,MT,ANM,WE,Combined TRACON& Tower with Radar,24,13,11,1,49,0,0,9,4,13,24,13,20,5,62,14,4,18,80
03/04/2023,GTF,MT,ANM,WE,Combined TRACON& Tower with Radar,14,11,6,5,36,0,0,25,3,28,14,11,31,8,64,12,4,16,80
03/05/2023,GTF,MT,ANM,WE,Combined TRACON& Tower with Radar,19,1,11,0,31,0,0,1,0,1,19,1,12,0,32,0,0,0,32
03/06/2023,GTF,MT,ANM,WE,Combined TRACON& Tower with Radar,18,8,10,1,37,0,0,0,1,1,18,8,10,2,38,12,0,12,50
03/07/2023,GTF,MT,ANM,WE,Combined TRACON& Tower with Radar,19,21,21,6,67,0,0,10,9,19,19,21,31,15,86,66,16,82,168
03/08/2023,GTF,MT,ANM,WE,Combined TRACON& Tower with Radar,20,13,8,3,44,0,0,1,0,1,20,13,9,3,45,47,0,47,92
03/09/2023,GTF,MT,ANM,WE,Combined TRACON& Tower with Radar,22,16,13,3,54,0,2,15,5,22,22,18,28,8,76,2,0,2,78
03/10/2023,GTF,MT,ANM,WE,Combined TRACON& Tower with Radar,21,12,6,1,40,0,0,1,0,1,21,12,7,1,41,0,0,0,41
03/11/2023,GTF,MT,ANM,WE,Combined TRACON& Tower with Radar,14,15,8,0,37,0,0,9,0,9,14,15,17,0,46,18,0,18,64
03/12/2023,GTF,MT,ANM,WE,Combined TRACON& Tower with Radar,19,1,4,2,26,0,0,17,0,17,19,1,21,2,43,16,0,16,59
03/13/2023,GTF,MT,ANM,WE,Combined TRACON& Tower with Radar,19,11,21,6,57,0,0,19,11,30,19,11,40,17,87,45,0,45,132
03/14/2023,GTF,MT,ANM,WE,Combined TRACON& Tower with Radar,18,19,17,15,69,0,2,11,2,15,18,21,28,17,84,16,0,16,100
03/15/2023,GTF,MT,ANM,WE,Combined TRACON& Tower with Radar,18,17,2,5,42,0,0,0,3,3,18,17,2,8,45,32,0,32,77
03/16/2023,GTF,MT,ANM,WE,Combined TRACON& Tower with Radar,20,24,15,1,60,0,1,27,6,34,20,25,42,7,94,30,0,30,124
03/17/2023,GTF,MT,ANM,WE,Combined TRACON& Tower with Radar,20,23,4,3,50,0,0,32,10,42,20,23,36,13,92,2,28,30,122
03/18/2023,GTF,MT,ANM,WE,Combined TRACON& Tower with Radar,14,17,12,1,44,0,0,19,0,19,14,17,31,1,63,4,12,16,79
03/19/2023,GTF,MT,ANM,WE,Combined TRACON& Tower with Radar,19,6,14,0,39,0,4,20,0,24,19,10,34,0,63,10,0,10,73
03/20/2023,GTF,MT,ANM,WE,Combined TRACON& Tower with Radar,17,20,18,21,76,0,0,3,2,5,17,20,21,23,81,22,26,48,129
03/21/2023,GTF,MT,ANM,WE,Combined TRACON& Tower with Radar,18,15,9,12,54,0,0,19,10,29,18,15,28,22,83,52,24,76,159
03/22/2023,GTF,MT,ANM,WE,Combined TRACON& Tower with Radar,18,20,21,15,74,0,2,17,9,28,18,22,38,24,102,57,24,81,183
03/23/2023,GTF,MT,ANM,WE,Combined TRACON& Tower with Radar,20,15,14,13,62,0,0,24,14,38,20,15,38,27,100,28,30,58,158
03/24/2023,GTF,MT,ANM,WE,Combined TRACON& Tower with Radar,19,19,19,0,57,0,0,10,2,12,19,19,29,2,69,56,0,56,125
03/25/2023,GTF,MT,ANM,WE,Combined TRACON& Tower with Radar,15,12,7,0,34,0,2,8,0,10,15,14,15,0,44,8,2,10,54
03/26/2023,GTF,MT,ANM,WE,Combined TRACON& Tower with Radar,19,8,5,0,32,0,0,3,0,3,19,8,8,0,35,8,0,8,43
03/27/2023,GTF,MT,ANM,WE,Combined TRACON& Tower with Radar,17,13,18,10,58,0,0,20,4,24,17,13,38,14,82,12,0,12,94
03/28/2023,GTF,MT,ANM,WE,Combined TRACON& Tower with Radar,18,16,11,11,56,0,0,9,9,18,18,16,20,20,74,90,22,112,186
03/29/2023,GTF,MT,ANM,WE,Combined TRACON& Tower with Radar,18,18,19,34,89,0,1,10,13,24,18,19,29,47,113,44,54,98,211
03/30/2023,GTF,MT,ANM,WE,Combined TRACON& Tower with Radar,20,12,10,7,49,0,0,1,0,1,20,12,11,7,50,0,0,0,50
03/31/2023,GTF,MT,ANM,WE,Combined TRACON& Tower with Radar,19,17,17,3,56,0,0,18,6,24,19,17,35,9,80,16,0,16,96
04/01/2023,GTF,MT,ANM,WE,Combined TRACON& Tower with Radar,13,13,11,1,38,0,0,2,4,6,13,13,13,5,44,4,0,4,48
04/02/2023,GTF,MT,ANM,WE,Combined TRACON& Tower with Radar,19,5,10,2,36,0,1,7,2,10,19,6,17,4,46,10,0,10,56
04/03/2023,GTF,MT,ANM,WE,Combined TRACON& Tower with Radar,17,11,16,8,52,0,0,11,10,21,17,11,27,18,73,84,32,116,189
04/04/2023,GTF,MT,ANM,WE,Combined TRACON& Tower with Radar,18,21,15,9,63,0,0,7,4,11,18,21,22,13,74,102,24,126,200
04/05/2023,GTF,MT,ANM,WE,Combined TRACON& Tower with Radar,18,21,14,14,67,0,0,21,14,35,18,21,35,28,102,26,26,52,154
04/06/2023,GTF,MT,ANM,WE,Combined TRACON& Tower with Radar,20,19,15,2,56,0,5,35,6,46,20,24,50,8,102,13,0,13,115
04/07/2023,GTF,MT,ANM,WE,Combined TRACON& Tower with Radar,20,23,7,23,73,0,0,23,4,27,20,23,30,27,100,16,10,26,126
04/08/2023,GTF,MT,ANM,WE,Combined TRACON& Tower with Radar,14,23,7,0,44,0,0,8,0,8,14,23,15,0,52,0,0,0,52
04/09/2023,GTF,MT,ANM,WE,Combined TRACON& Tower with Radar,19,5,5,0,29,0,2,5,0,7,19,7,10,0,36,0,0,0,36
04/10/2023,GTF,MT,ANM,WE,Combined TRACON& Tower with Radar,17,14,5,7,43,0,0,15,11,26,17,14,20,18,69,10,0,10,79
04/11/2023,GTF,MT,ANM,WE,Combined TRACON& Tower with Radar,18,16,14,3,51,0,0,6,5,11,18,16,20,8,62,6,12,18,80
04/12/2023,GTF,MT,ANM,WE,Combined TRACON& Tower with Radar,20,27,14,7,68,0,2,13,5,20,20,29,27,12,88,68,10,78,166
04/13/2023,GTF,MT,ANM,WE,Combined TRACON& Tower with Radar,20,14,5,0,39,0,0,0,0,0,20,14,5,0,39,0,0,0,39
04/14/2023,GTF,MT,ANM,WE,Combined TRACON& Tower with Radar,20,23,10,1,54,0,0,13,2,15,20,23,23,3,69,74,0,74,143
04/15/2023,GTF,MT,ANM,WE,Combined TRACON& Tower with Radar,14,15,9,1,39,0,1,37,0,38,14,16,46,1,77,46,0,46,123
04/16/2023,GTF,MT,ANM,WE,Combined TRACON& Tower with Radar,21,6,7,1,35,0,0,21,0,21,21,6,28,1,56,28,0,28,84
04/17/2023,GTF,MT,ANM,WE,Combined TRACON& Tower with Radar,17,12,4,17,50,0,0,14,6,20,17,12,18,23,70,26,6,32,102
04/18/2023,GTF,MT,ANM,WE,Combined TRACON& Tower with Radar,18,16,10,4,48,0,0,1,6,7,18,16,11,10,55,20,8,28,83
04/19/2023,GTF,MT,ANM,WE,Combined TRACON& Tower with Radar,20,10,7,0,37,0,0,0,0,0,20,10,7,0,37,0,0,0,37
04/20/2023,GTF,MT,ANM,WE,Combined TRACON& Tower with Radar,20,22,6,0,48,0,0,1,0,1,20,22,7,0,49,0,0,0,49
04/21/2023,GTF,MT,ANM,WE,Combined TRACON& Tower with Radar,20,16,6,0,42,0,0,1,0,1,20,16,7,0,43,18,0,18,61
04/22/2023,GTF,MT,ANM,WE,Combined TRACON& Tower with Radar,14,12,6,2,34,0,2,24,2,28,14,14,30,4,62,26,0,26,88
04/23/2023,GTF,MT,ANM,WE,Combined TRACON& Tower with Radar,19,9,10,0,38,0,1,22,0,23,19,10,32,0,61,48,0,48,109
04/24/2023,GTF,MT,ANM,WE,Combined TRACON& Tower with Radar,17,14,12,0,43,0,0,12,0,12,17,14,24,0,55,44,0,44,99
04/25/2023,GTF,MT,ANM,WE,Combined TRACON& Tower with Radar,18,22,7,10,57,0,0,27,12,39,18,22,34,22,96,92,20,112,208
04/26/2023,GTF,MT,ANM,WE,Combined TRACON& Tower with Radar,18,25,15,11,69,0,0,19,9,28,18,25,34,20,97,52,12,64,161
04/27/2023,GTF,MT,ANM,WE,Combined TRACON& Tower with Radar,20,18,13,1,52,0,1,0,2,3,20,19,13,3,55,22,0,22,77
04/28/2023,GTF,MT,ANM,WE,Combined TRACON& Tower with Radar,20,18,3,0,41,0,3,27,5,35,20,21,30,5,76,60,0,60,136
04/29/2023,GTF,MT,ANM,WE,Combined TRACON& Tower with Radar,14,11,2,0,27,0,0,18,0,18,14,11,20,0,45,58,0,58,103
04/30/2023,GTF,MT,ANM,WE,Combined TRACON& Tower with Radar,19,7,3,0,29,0,0,26,8,34,19,7,29,8,63,14,0,14,77
05/01/2023,GTF,MT,ANM,WE,Combined TRACON& Tower with Radar,17,14,14,6,51,0,0,30,19,49,17,14,44,25,100,58,12,70,170
05/02/2023,GTF,MT,ANM,WE,Combined TRACON& Tower with Radar,18,21,14,15,68,0,0,25,23,48,18,21,39,38,116,46,28,74,190
05/03/2023,GTF,MT,ANM,WE,Combined TRACON& Tower with Radar,18,15,9,14,56,0,0,17,26,43,18,15,26,40,99,44,34,78,177
05/04/2023,GTF,MT,ANM,WE,Combined TRACON& Tower with Radar,22,19,5,7,53,0,0,25,17,42,22,19,30,24,95,44,8,52,147
05/05/2023,GTF,MT,ANM,WE,Combined TRACON& Tower with Radar,20,15,2,5,42,0,0,7,6,13,20,15,9,11,55,16,0,16,71
05/06/2023,GTF,MT,ANM,WE,Combined TRACON& Tower with Radar,14,20,5,1,40,0,1,1,1,3,14,21,6,2,43,0,0,0,43
05/07/2023,GTF,MT,ANM,WE,Combined TRACON& Tower with Radar,19,4,5,0,28,0,0,18,0,18,19,4,23,0,46,18,0,18,64
05/08/2023,GTF,MT,ANM,WE,Combined TRACON& Tower with Radar,17,15,14,6,52,0,2,14,10,26,17,17,28,16,78,64,16,80,158
05/09/2023,GTF,MT,ANM,WE,Combined TRACON& Tower with Radar,18,21,5,7,51,0,0,16,10,26,18,21,21,17,77,38,50,88,165
05/10/2023,GTF,MT,ANM,WE,Combined TRACON& Tower with Radar,17,22,6,12,57,0,0,35,9,44,17,22,41,21,101,60,20,80,181
05/11/2023,GTF,MT,ANM,WE,Combined TRACON& Tower with Radar,19,17,10,12,58,0,0,11,1,12,19,17,21,13,70,74,4,78,148
05/12/2023,GTF,MT,ANM,WE,Combined TRACON& Tower with Radar,19,20,13,0,52,0,0,26,3,29,19,20,39,3,81,52,0,52,133
05/13/2023,GTF,MT,ANM,WE,Combined TRACON& Tower with Radar,17,15,9,0,41,0,0,6,0,6,17,15,15,0,47,4,0,4,51
05/14/2023,GTF,MT,ANM,WE,Combined TRACON& Tower with Radar,19,8,7,0,34,0,0,7,0,7,19,8,14,0,41,8,0,8,49
05/15/2023,GTF,MT,ANM,WE,Combined TRACON& Tower with Radar,17,19,19,16,71,0,1,18,14,33,17,20,37,30,104,60,28,88,192
05/16/2023,GTF,MT,ANM,WE,Combined TRACON& Tower with Radar,18,12,9,9,48,0,0,25,9,34,18,12,34,18,82,22,4,26,108
05/17/2023,GTF,MT,ANM,WE,Combined TRACON& Tower with Radar,19,16,20,3,58,0,0,28,11,39,19,16,48,14,97,24,16,40,137
05/18/2023,GTF,MT,ANM,WE,Combined TRACON& Tower with Radar,18,18,19,9,64,1,0,21,7,29,19,18,40,16,93,58,6,64,157
05/19/2023,GTF,MT,ANM,WE,Combined TRACON& Tower with Radar,21,19,20,2,62,0,0,21,4,25,21,19,41,6,87,32,14,46,133
05/20/2023,GTF,MT,ANM,WE,Combined TRACON& Tower with Radar,14,14,10,0,38,0,0,13,0,13,14,14,23,0,51,8,0,8,59
05/21/2023,GTF,MT,ANM,WE,Combined TRACON& Tower with Radar,18,9,12,4,43,0,1,10,1,12,18,10,22,5,55,22,0,22,77
05/22/2023,GTF,MT,ANM,WE,Combined TRACON& Tower with Radar,17,9,22,2,50,0,0,18,2,20,17,9,40,4,70,70,0,70,140
05/23/2023,GTF,MT,ANM,WE,Combined TRACON& Tower with Radar,18,24,19,5,66,0,0,31,3,34,18,24,50,8,100,42,0,42,142
05/24/2023,GTF,MT,ANM,WE,Combined TRACON& Tower with Radar,18,23,16,4,61,0,0,14,3,17,18,23,30,7,78,30,0,30,108
05/25/2023,GTF,MT,ANM,WE,Combined TRACON& Tower with Radar,20,14,11,2,47,0,0,13,4,17,20,14,24,6,64,30,0,30,94
05/26/2023,GTF,MT,ANM,WE,Combined TRACON& Tower with Radar,22,23,14,0,59,0,0,11,2,13,22,23,25,2,72,24,0,24,96
05/27/2023,GTF,MT,ANM,WE,Combined TRACON& Tower with Radar,15,12,6,0,33,0,0,1,0,1,15,12,7,0,34,0,0,0,34
05/28/2023,GTF,MT,ANM,WE,Combined TRACON& Tower with Radar,16,9,7,0,32,0,0,15,0,15,16,9,22,0,47,18,0,18,65
05/29/2023,GTF,MT,ANM,WE,Combined TRACON& Tower with Radar,16,9,15,0,40,0,0,21,0,21,16,9,36,0,61,58,0,58,119
05/30/2023,GTF,MT,ANM,WE,Combined TRACON& Tower with Radar,16,14,18,5,53,0,2,24,12,38,16,16,42,17,91,40,0,40,131
05/31/2023,GTF,MT,ANM,WE,Combined TRACON& Tower with Radar,19,13,15,7,54,0,2,19,22,43,19,15,34,29,97,14,42,56,153
06/01/2023,GTF,MT,ANM,WE,Combined TRACON& Tower with Radar,19,11,17,3,50,0,0,17,5,22,19,11,34,8,72,54,0,54,126
06/02/2023,GTF,MT,ANM,WE,Combined TRACON& Tower with Radar,22,18,12,0,52,0,0,1,0,1,22,18,13,0,53,0,0,0,53
06/03/2023,GTF,MT,ANM,WE,Combined TRACON& Tower with Radar,17,11,0,4,32,0,0,1,0,1,17,11,1,4,33,6,0,6,39
06/04/2023,GTF,MT,ANM,WE,Combined TRACON& Tower with Radar,17,6,8,4,35,0,0,31,2,33,17,6,39,6,68,16,0,16,84
06/05/2023,GTF,MT,ANM,WE,Combined TRACON& Tower with Radar,18,18,13,0,49,0,0,19,7,26,18,18,32,7,75,14,2,16,91
06/06/2023,GTF,MT,ANM,WE,Combined TRACON& Tower with Radar,20,16,13,14,63,0,0,18,9,27,20,16,31,23,90,14,0,14,104
06/07/2023,GTF,MT,ANM,WE,Combined TRACON& Tower with Radar,20,19,17,3,59,0,3,25,9,37,20,22,42,12,96,36,0,36,132
06/08/2023,GTF,MT,ANM,WE,Combined TRACON& Tower with Radar,20,18,16,8,62,0,0,10,7,17,20,18,26,15,79,0,0,0,79
06/09/2023,GTF,MT,ANM,WE,Combined TRACON& Tower with Radar,24,19,7,2,52,0,0,7,0,7,24,19,14,2,59,30,0,30,89
06/10/2023,GTF,MT,ANM,WE,Combined TRACON& Tower with Radar,19,22,10,0,51,0,7,5,5,17,19,29,15,5,68,0,0,0,68
06/11/2023,GTF,MT,ANM,WE,Combined TRACON& Tower with Radar,17,10,11,0,38,0,0,13,0,13,17,10,24,0,51,36,0,36,87
06/12/2023,GTF,MT,ANM,WE,Combined TRACON& Tower with Radar,18,16,17,16,67,0,0,28,12,40,18,16,45,28,107,60,4,64,171
06/13/2023,GTF,MT,ANM,WE,Combined TRACON& Tower with Radar,20,16,11,8,55,0,0,27,16,43,20,16,38,24,98,46,32,78,176
06/14/2023,GTF,MT,ANM,WE,Combined TRACON& Tower with Radar,20,16,14,7,57,0,0,13,8,21,20,16,27,15,78,6,48,54,132
06/15/2023,GTF,MT,ANM,WE,Combined TRACON& Tower with Radar,22,17,13,1,53,0,0,26,3,29,22,17,39,4,82,48,10,58,140
06/16/2023,GTF,MT,ANM,WE,Combined TRACON& Tower with Radar,22,16,6,18,62,0,0,24,8,32,22,16,30,26,94,52,10,62,156
06/17/2023,GTF,MT,ANM,WE,Combined TRACON& Tower with Radar,19,10,12,0,41,0,0,3,0,3,19,10,15,0,44,0,0,0,44
06/18/2023,GTF,MT,ANM,WE,Combined TRACON& Tower with Radar,17,7,2,1,27,0,0,2,0,2,17,7,4,1,29,30,0,30,59
06/19/2023,GTF,MT,ANM,WE,Combined TRACON& Tower with Radar,18,7,23,1,49,0,0,17,0,17,18,7,40,1,66,60,0,60,126
06/20/2023,GTF,MT,ANM,WE,Combined TRACON& Tower with Radar,20,17,14,10,61,0,0,22,7,29,20,17,36,17,90,68,20,88,178
06/21/2023,GTF,MT,ANM,WE,Combined TRACON& Tower with Radar,20,15,18,9,62,0,0,37,9,46,20,15,55,18,108,32,6,38,146
06/22/2023,GTF,MT,ANM,WE,Combined TRACON& Tower with Radar,22,13,18,12,65,0,2,39,8,49,22,15,57,20,114,94,10,104,218
06/23/2023,GTF,MT,ANM,WE,Combined TRACON& Tower with Radar,21,15,10,3,49,0,0,8,5,13,21,15,18,8,62,72,0,72,134
06/24/2023,GTF,MT,ANM,WE,Combined TRACON& Tower with Radar,20,11,6,2,39,0,1,21,0,22,20,12,27,2,61,0,0,0,61
06/25/2023,GTF,MT,ANM,WE,Combined TRACON& Tower with Radar,17,14,11,3,45,0,0,13,0,13,17,14,24,3,58,14,0,14,72
06/26/2023,GTF,MT,ANM,WE,Combined TRACON& Tower with Radar,17,9,14,7,47,0,0,18,8,26,17,9,32,15,73,50,0,50,123
06/27/2023,GTF,MT,ANM,WE,Combined TRACON& Tower with Radar,20,23,8,3,54,0,0,24,17,41,20,23,32,20,95,72,16,88,183
06/28/2023,GTF,MT,ANM,WE,Combined TRACON& Tower with Radar,21,21,8,10,60,0,0,17,13,30,21,21,25,23,90,28,4,32,122
06/29/2023,GTF,MT,ANM,WE,Combined TRACON& Tower with Radar,19,16,7,6,48,0,2,41,8,51,19,18,48,14,99,58,2,60,159
06/30/2023,GTF,MT,ANM,WE,Combined TRACON& Tower with Radar,21,14,16,2,53,0,0,21,4,25,21,14,37,6,78,70,0,70,148
07/01/2023,GTF,MT,ANM,WE,Combined TRACON& Tower with Radar,22,17,22,0,61,0,0,21,0,21,22,17,43,0,82,0,0,0,82
07/02/2023,GTF,MT,ANM,WE,Combined TRACON& Tower with Radar,14,8,8,0,30,0,0,16,0,16,14,8,24,0,46,2,0,2,48
07/03/2023,GTF,MT,ANM,WE,Combined TRACON& Tower with Radar,16,12,3,0,31,0,3,14,4,21,16,15,17,4,52,0,0,0,52
07/04/2023,GTF,MT,ANM,WE,Combined TRACON& Tower with Radar,12,4,6,2,24,0,0,12,2,14,12,4,18,4,38,0,0,0,38
07/05/2023,GTF,MT,ANM,WE,Combined TRACON& Tower with Radar,20,15,16,3,54,0,1,22,6,29,20,16,38,9,83,22,0,22,105
07/06/2023,GTF,MT,ANM,WE,Combined TRACON& Tower with Radar,17,17,13,9,56,0,0,27,9,36,17,17,40,18,92,62,16,78,170
07/07/2023,GTF,MT,ANM,WE,Combined TRACON& Tower with Radar,21,18,14,1,54,0,0,24,3,27,21,18,38,4,81,32,0,32,113
07/08/2023,GTF,MT,ANM,WE,Combined TRACON& Tower with Radar,19,13,3,4,39,0,0,30,0,30,19,13,33,4,69,10,0,10,79
07/09/2023,GTF,MT,ANM,WE,Combined TRACON& Tower with Radar,16,10,10,4,40,0,0,23,0,23,16,10,33,4,63,20,0,20,83
07/10/2023,GTF,MT,ANM,WE,Combined TRACON& Tower with Radar,17,17,20,0,54,0,1,23,8,32,17,18,43,8,86,56,0,56,142
07/11/2023,GTF,MT,ANM,WE,Combined TRACON& Tower with Radar,20,19,15,6,60,0,0,24,13,37,20,19,39,19,97,68,0,68,165
07/12/2023,GTF,MT,ANM,WE,Combined TRACON& Tower with Radar,20,20,15,8,63,0,1,24,11,36,20,21,39,19,99,54,38,92,191
07/13/2023,GTF,MT,ANM,WE,Combined TRACON& Tower with Radar,19,17,25,2,63,0,1,24,14,39,19,18,49,16,102,30,6,36,138
07/14/2023,GTF,MT,ANM,WE,Combined TRACON& Tower with Radar,22,18,15,4,59,0,1,20,6,27,22,19,35,10,86,56,16,72,158
07/15/2023,GTF,MT,ANM,WE,Combined TRACON& Tower with Radar,20,13,21,0,54,0,0,17,0,17,20,13,38,0,71,16,0,16,87
07/16/2023,GTF,MT,ANM,WE,Combined TRACON& Tower with Radar,17,11,12,7,47,0,0,17,1,18,17,11,29,8,65,30,6,36,101
07/17/2023,GTF,MT,ANM,WE,Combined TRACON& Tower with Radar,18,12,18,4,52,0,0,13,14,27,18,12,31,18,79,14,2,16,95
07/18/2023,GTF,MT,ANM,WE,Combined TRACON& Tower with Radar,20,21,20,10,71,0,1,25,11,37,20,22,45,21,108,36,0,36,144
07/19/2023,GTF,MT,ANM,WE,Combined TRACON& Tower with Radar,20,18,15,6,59,0,1,44,10,55,20,19,59,16,114,76,28,104,218
07/20/2023,GTF,MT,ANM,WE,Combined TRACON& Tower with Radar,20,21,13,8,62,0,0,27,9,36,20,21,40,17,98,34,32,66,164
07/21/2023,GTF,MT,ANM,WE,Combined TRACON& Tower with Radar,21,16,10,4,51,0,0,47,3,50,21,16,57,7,101,44,0,44,145
07/22/2023,GTF,MT,ANM,WE,Combined TRACON& Tower with Radar,20,9,7,0,36,0,0,10,0,10,20,9,17,0,46,12,1,13,59
07/23/2023,GTF,MT,ANM,WE,Combined TRACON& Tower with Radar,17,6,9,4,36,0,0,19,1,20,17,6,28,5,56,20,0,20,76
07/24/2023,GTF,MT,ANM,WE,Combined TRACON& Tower with Radar,18,15,24,5,62,0,3,27,8,38,18,18,51,13,100,70,8,78,178
07/25/2023,GTF,MT,ANM,WE,Combined TRACON& Tower with Radar,20,18,25,10,73,0,0,18,12,30,20,18,43,22,103,32,8,40,143
07/26/2023,GTF,MT,ANM,WE,Combined TRACON& Tower with Radar,19,25,9,6,59,0,1,24,4,29,19,26,33,10,88,54,18,72,160
07/27/2023,GTF,MT,ANM,WE,Combined TRACON& Tower with Radar,17,13,23,4,57,0,1,34,4,39,17,14,57,8,96,36,0,36,132
07/28/2023,GTF,MT,ANM,WE,Combined TRACON& Tower with Radar,17,20,10,3,50,0,0,29,4,33,17,20,39,7,83,24,4,28,111
07/29/2023,GTF,MT,ANM,WE,Combined TRACON& Tower with Radar,21,9,14,0,44,0,0,21,0,21,21,9,35,0,65,14,0,14,79
07/30/2023,GTF,MT,ANM,WE,Combined TRACON& Tower with Radar,17,4,17,3,41,0,0,7,0,7,17,4,24,3,48,0,0,0,48
07/31/2023,GTF,MT,ANM,WE,Combined TRACON& Tower with Radar,18,17,30,13,78,0,0,21,16,37,18,17,51,29,115,16,58,74,189
08/01/2023,GTF,MT,ANM,WE,Combined TRACON& Tower with Radar,20,23,28,15,86,0,0,25,25,50,20,23,53,40,136,16,50,66,202
08/02/2023,GTF,MT,ANM,WE,Combined TRACON& Tower with Radar,20,18,14,23,75,0,0,29,25,54,20,18,43,48,129,92,24,116,245
08/03/2023,GTF,MT,ANM,WE,Combined TRACON& Tower with Radar,20,16,28,4,68,0,0,25,7,32,20,16,53,11,100,62,18,80,180
08/04/2023,GTF,MT,ANM,WE,Combined TRACON& Tower with Radar,22,17,9,0,48,0,1,15,2,18,22,18,24,2,66,42,0,42,108
08/05/2023,GTF,MT,ANM,WE,Combined TRACON& Tower with Radar,19,8,3,0,30,0,0,7,2,9,19,8,10,2,39,6,0,6,45
08/06/2023,GTF,MT,ANM,WE,Combined TRACON& Tower with Radar,17,4,11,0,32,0,0,6,0,6,17,4,17,0,38,0,0,0,38
08/07/2023,GTF,MT,ANM,WE,Combined TRACON& Tower with Radar,18,13,17,1,49,0,0,17,3,20,18,13,34,4,69,68,0,68,137
08/08/2023,GTF,MT,ANM,WE,Combined TRACON& Tower with Radar,19,23,18,0,60,0,2,20,6,28,19,25,38,6,88,76,16,92,180
08/09/2023,GTF,MT,ANM,WE,Combined TRACON& Tower with Radar,18,19,12,2,51,0,2,13,10,25,18,21,25,12,76,54,20,74,150
08/10/2023,GTF,MT,ANM,WE,Combined TRACON& Tower with Radar,18,13,13,6,50,0,2,23,10,35,18,15,36,16,85,32,8,40,125
08/11/2023,GTF,MT,ANM,WE,Combined TRACON& Tower with Radar,20,15,16,19,70,0,0,40,9,49,20,15,56,28,119,42,24,66,185
08/12/2023,GTF,MT,ANM,WE,Combined TRACON& Tower with Radar,18,16,8,0,42,0,0,19,4,23,18,16,27,4,65,6,0,6,71
08/13/2023,GTF,MT,ANM,WE,Combined TRACON& Tower with Radar,17,2,20,1,40,0,0,9,0,9,17,2,29,1,49,6,0,6,55
08/14/2023,GTF,MT,ANM,WE,Combined TRACON& Tower with Radar,17,8,14,14,53,0,0,24,8,32,17,8,38,22,85,0,10,10,95
08/15/2023,GTF,MT,ANM,WE,Combined TRACON& Tower with Radar,18,25,18,15,76,0,0,21,19,40,18,25,39,34,116,20,60,80,196
08/16/2023,GTF,MT,ANM,WE,Combined TRACON& Tower with Radar,18,21,18,14,71,0,0,26,10,36,18,21,44,24,107,48,18,66,173
08/17/2023,GTF,MT,ANM,WE,Combined TRACON& Tower with Radar,18,20,16,9,63,0,1,12,7,20,18,21,28,16,83,12,16,28,111
08/18/2023,GTF,MT,ANM,WE,Combined TRACON& Tower with Radar,21,18,8,0,47,0,0,8,2,10,21,18,16,2,57,22,0,22,79
08/19/2023,GTF,MT,ANM,WE,Combined TRACON& Tower with Radar,19,17,16,5,57,0,0,11,1,12,19,17,27,6,69,0,8,8,77
08/20/2023,GTF,MT,ANM,WE,Combined TRACON& Tower with Radar,17,11,28,0,56,0,0,17,0,17,17,11,45,0,73,20,0,20,93
08/21/2023,GTF,MT,ANM,WE,Combined TRACON& Tower with Radar,17,12,16,2,47,0,0,0,2,2,17,12,16,4,49,18,0,18,67
08/22/2023,GTF,MT,ANM,WE,Combined TRACON& Tower with Radar,18,18,19,9,64,0,0,15,6,21,18,18,34,15,85,8,6,14,99
08/23/2023,GTF,MT,ANM,WE,Combined TRACON& Tower with Radar,20,20,17,14,71,0,0,27,7,34,20,20,44,21,105,34,16,50,155
08/24/2023,GTF,MT,ANM,WE,Combined TRACON& Tower with Radar,21,15,19,10,65,0,0,42,10,52,21,15,61,20,117,60,0,60,177
08/25/2023,GTF,MT,ANM,WE,Combined TRACON& Tower with Radar,21,16,8,0,45,0,0,29,5,34,21,16,37,5,79,70,0,70,149
08/26/2023,GTF,MT,ANM,WE,Combined TRACON& Tower with Radar,18,15,15,0,48,0,0,13,0,13,18,15,28,0,61,18,0,18,79
08/27/2023,GTF,MT,ANM,WE,Combined TRACON& Tower with Radar,17,4,13,0,34,0,0,17,2,19,17,4,30,2,53,0,0,0,53
08/28/2023,GTF,MT,ANM,WE,Combined TRACON& Tower with Radar,18,11,21,6,56,0,0,34,16,50,18,11,55,22,106,88,6,94,200
08/29/2023,GTF,MT,ANM,WE,Combined TRACON& Tower with Radar,20,14,15,1,50,0,0,16,7,23,20,14,31,8,73,14,0,14,87
08/30/2023,GTF,MT,ANM,WE,Combined TRACON& Tower with Radar,20,19,12,3,54,0,0,3,3,6,20,19,15,6,60,0,0,0,60
08/31/2023,GTF,MT,ANM,WE,Combined TRACON& Tower with Radar,20,18,12,14,64,0,0,15,7,22,20,18,27,21,86,0,0,0,86
