01/01/2020,GTR,MS,ASO,CE,Federal Contract Tower,1,4,1,0,6,0,0,8,0,8,1,4,9,0,14,6,0,6,20
01/02/2020,GTR,MS,ASO,CE,Federal Contract Tower,0,7,7,0,14,0,0,0,0,0,0,7,7,0,14,0,0,0,14
01/03/2020,GTR,MS,ASO,CE,Federal Contract Tower,0,6,4,13,23,0,0,0,0,0,0,6,4,13,23,0,0,0,23
01/04/2020,GTR,MS,ASO,CE,Federal Contract Tower,0,8,7,0,15,0,2,4,4,10,0,10,11,4,25,4,0,4,29
01/05/2020,GTR,MS,ASO,CE,Federal Contract Tower,0,6,1,7,14,0,2,12,4,18,0,8,13,11,32,20,32,52,84
01/06/2020,GTR,MS,ASO,CE,Federal Contract Tower,0,7,5,60,72,0,5,24,41,70,0,12,29,101,142,2,122,124,266
01/07/2020,GTR,MS,ASO,CE,Federal Contract Tower,0,6,3,56,65,0,2,22,27,51,0,8,25,83,116,4,172,176,292
01/08/2020,GTR,MS,ASO,CE,Federal Contract Tower,0,9,7,32,48,0,2,35,26,63,0,11,42,58,111,60,92,152,263
01/09/2020,GTR,MS,ASO,CE,Federal Contract Tower,0,7,9,38,54,0,0,26,31,57,0,7,35,69,111,2,136,138,249
01/10/2020,GTR,MS,ASO,CE,Federal Contract Tower,0,7,10,14,31,0,1,6,10,17,0,8,16,24,48,4,30,34,82
01/11/2020,GTR,MS,ASO,CE,Federal Contract Tower,0,5,0,0,5,0,2,0,0,2,0,7,0,0,7,0,0,0,7
01/12/2020,GTR,MS,ASO,CE,Federal Contract Tower,0,5,8,0,13,0,2,11,0,13,0,7,19,0,26,26,0,26,52
01/13/2020,GTR,MS,ASO,CE,Federal Contract Tower,2,6,8,29,45,0,0,2,9,11,2,6,10,38,56,4,22,26,82
01/14/2020,GTR,MS,ASO,CE,Federal Contract Tower,1,8,9,59,77,0,0,0,1,1,1,8,9,60,78,0,66,66,144
01/15/2020,GTR,MS,ASO,CE,Federal Contract Tower,0,8,11,61,80,0,0,7,28,35,0,8,18,89,115,0,82,82,197
01/16/2020,GTR,MS,ASO,CE,Federal Contract Tower,0,7,3,50,60,0,2,23,20,45,0,9,26,70,105,6,88,94,199
01/17/2020,GTR,MS,ASO,CE,Federal Contract Tower,0,9,5,41,55,0,0,26,32,58,0,9,31,73,113,20,138,158,271
01/18/2020,GTR,MS,ASO,CE,Federal Contract Tower,0,5,0,7,12,0,0,0,1,1,0,5,0,8,13,0,0,0,13
01/19/2020,GTR,MS,ASO,CE,Federal Contract Tower,1,6,0,25,32,0,0,12,10,22,1,6,12,35,54,18,84,102,156
01/20/2020,GTR,MS,ASO,CE,Federal Contract Tower,0,7,1,15,23,0,0,20,8,28,0,7,21,23,51,26,34,60,111
01/21/2020,GTR,MS,ASO,CE,Federal Contract Tower,3,11,4,63,81,0,2,9,30,41,3,13,13,93,122,6,102,108,230
01/22/2020,GTR,MS,ASO,CE,Federal Contract Tower,1,11,2,28,42,0,0,15,24,39,1,11,17,52,81,16,70,86,167
01/23/2020,GTR,MS,ASO,CE,Federal Contract Tower,0,7,7,22,36,0,0,1,18,19,0,7,8,40,55,1,56,57,112
01/24/2020,GTR,MS,ASO,CE,Federal Contract Tower,0,8,8,27,43,0,1,13,24,38,0,9,21,51,81,16,48,64,145
01/25/2020,GTR,MS,ASO,CE,Federal Contract Tower,0,6,2,10,18,0,2,11,2,15,0,8,13,12,33,12,28,40,73
01/26/2020,GTR,MS,ASO,CE,Federal Contract Tower,0,7,5,8,20,0,2,13,9,24,0,9,18,17,44,6,10,16,60
01/27/2020,GTR,MS,ASO,CE,Federal Contract Tower,0,8,4,33,45,0,2,17,16,35,0,10,21,49,80,9,59,68,148
01/28/2020,GTR,MS,ASO,CE,Federal Contract Tower,0,11,4,13,28,0,0,26,47,73,0,11,30,60,101,45,64,109,210
01/29/2020,GTR,MS,ASO,CE,Federal Contract Tower,0,7,5,62,74,0,0,11,24,35,0,7,16,86,109,6,182,188,297
01/30/2020,GTR,MS,ASO,CE,Federal Contract Tower,0,7,9,16,32,0,2,30,10,42,0,9,39,26,74,30,28,58,132
01/31/2020,GTR,MS,ASO,CE,Federal Contract Tower,1,10,4,35,50,0,0,12,21,33,1,10,16,56,83,16,108,124,207
02/01/2020,GTR,MS,ASO,ES,Federal Contract Tower,1,3,4,11,19,0,2,29,5,36,1,5,33,16,55,48,10,58,113
02/02/2020,GTR,MS,ASO,ES,Federal Contract Tower,0,6,3,6,15,0,1,75,16,92,0,7,78,22,107,48,96,144,251
02/03/2020,GTR,MS,ASO,ES,Federal Contract Tower,0,9,3,45,57,0,0,22,36,58,0,9,25,81,115,6,110,116,231
02/04/2020,GTR,MS,ASO,ES,Federal Contract Tower,0,10,9,16,35,0,2,6,6,14,0,12,15,22,49,4,42,46,95
02/05/2020,GTR,MS,ASO,ES,Federal Contract Tower,0,7,3,0,10,0,0,2,0,2,0,7,5,0,12,2,0,2,14
02/06/2020,GTR,MS,ASO,ES,Federal Contract Tower,0,6,8,32,46,0,0,2,0,2,0,6,10,32,48,2,0,2,50
02/07/2020,GTR,MS,ASO,ES,Federal Contract Tower,1,9,6,18,34,0,3,11,13,27,1,12,17,31,61,38,87,125,186
02/08/2020,GTR,MS,ASO,ES,Federal Contract Tower,3,5,3,25,36,0,0,69,21,90,3,5,72,46,126,94,76,170,296
02/09/2020,GTR,MS,ASO,ES,Federal Contract Tower,2,5,1,20,28,0,0,22,11,33,2,5,23,31,61,90,20,110,171
02/10/2020,GTR,MS,ASO,ES,Federal Contract Tower,0,11,1,0,12,0,0,0,0,0,0,11,1,0,12,0,0,0,12
02/11/2020,GTR,MS,ASO,ES,Federal Contract Tower,0,9,12,17,38,0,0,0,0,0,0,9,12,17,38,2,6,8,46
02/12/2020,GTR,MS,ASO,ES,Federal Contract Tower,0,10,8,0,18,0,0,8,0,8,0,10,16,0,26,20,0,20,46
02/13/2020,GTR,MS,ASO,ES,Federal Contract Tower,0,7,16,70,93,0,0,10,16,26,0,7,26,86,119,18,96,114,233
02/14/2020,GTR,MS,ASO,ES,Federal Contract Tower,1,8,3,33,45,0,4,26,23,53,1,12,29,56,98,28,106,134,232
02/15/2020,GTR,MS,ASO,ES,Federal Contract Tower,0,10,1,29,40,0,2,35,15,52,0,12,36,44,92,39,82,121,213
02/16/2020,GTR,MS,ASO,ES,Federal Contract Tower,0,6,3,8,17,0,5,43,10,58,0,11,46,18,75,60,45,105,180
02/17/2020,GTR,MS,ASO,ES,Federal Contract Tower,0,8,9,15,32,0,0,14,1,15,0,8,23,16,47,28,12,40,87
02/18/2020,GTR,MS,ASO,ES,Federal Contract Tower,0,9,8,0,17,0,0,0,0,0,0,9,8,0,17,0,0,0,17
02/19/2020,GTR,MS,ASO,ES,Federal Contract Tower,0,9,9,60,78,0,0,13,18,31,0,9,22,78,109,6,68,74,183
02/20/2020,GTR,MS,ASO,ES,Federal Contract Tower,0,10,2,0,12,0,0,0,0,0,0,10,2,0,12,0,0,0,12
02/21/2020,GTR,MS,ASO,ES,Federal Contract Tower,0,8,5,61,74,0,3,28,49,80,0,11,33,110,154,16,172,188,342
02/22/2020,GTR,MS,ASO,ES,Federal Contract Tower,0,6,2,38,46,0,1,26,41,68,0,7,28,79,114,35,95,130,244
02/23/2020,GTR,MS,ASO,ES,Federal Contract Tower,0,7,1,42,50,0,1,14,9,24,0,8,15,51,74,55,58,113,187
02/24/2020,GTR,MS,ASO,ES,Federal Contract Tower,0,10,2,23,35,0,0,2,17,19,0,10,4,40,54,6,20,26,80
02/25/2020,GTR,MS,ASO,ES,Federal Contract Tower,0,9,7,53,69,0,0,37,30,67,0,9,44,83,136,62,142,204,340
02/26/2020,GTR,MS,ASO,ES,Federal Contract Tower,0,11,1,42,54,0,0,37,4,41,0,11,38,46,95,4,92,96,191
02/27/2020,GTR,MS,ASO,ES,Federal Contract Tower,0,7,13,43,63,0,0,46,36,82,0,7,59,79,145,66,70,136,281
02/28/2020,GTR,MS,ASO,ES,Federal Contract Tower,0,13,5,32,50,0,0,17,23,40,0,13,22,55,90,20,108,128,218
02/29/2020,GTR,MS,ASO,ES,Federal Contract Tower,0,7,7,24,38,0,1,41,12,54,0,8,48,36,92,38,83,121,213
03/01/2020,GTR,MS,ASO,ES,Federal Contract Tower,0,6,3,19,28,0,2,9,10,21,0,8,12,29,49,2,42,44,93
03/02/2020,GTR,MS,ASO,ES,Federal Contract Tower,0,10,2,63,75,0,0,12,13,25,0,10,14,76,100,8,124,132,232
03/03/2020,GTR,MS,ASO,ES,Federal Contract Tower,0,8,6,73,87,0,0,14,33,47,0,8,20,106,134,4,274,278,412
03/05/2020,GTR,MS,ASO,ES,Federal Contract Tower,0,9,4,46,59,0,0,16,12,28,0,9,20,58,87,9,29,38,125
03/06/2020,GTR,MS,ASO,ES,Federal Contract Tower,0,7,6,36,49,0,0,28,32,60,0,7,34,68,109,8,46,54,163
03/07/2020,GTR,MS,ASO,ES,Federal Contract Tower,0,5,3,10,18,0,2,24,3,29,0,7,27,13,47,30,10,40,87
03/08/2020,GTR,MS,ASO,ES,Federal Contract Tower,0,9,6,5,20,0,4,29,1,34,0,13,35,6,54,34,2,36,90
03/09/2020,GTR,MS,ASO,ES,Federal Contract Tower,0,7,6,41,54,0,0,20,37,57,0,7,26,78,111,6,76,82,193
03/10/2020,GTR,MS,ASO,ES,Federal Contract Tower,0,7,3,21,31,0,3,9,13,25,0,10,12,34,56,0,58,58,114
03/11/2020,GTR,MS,ASO,ES,Federal Contract Tower,0,8,2,28,38,0,0,15,2,17,0,8,17,30,55,2,20,22,77
03/12/2020,GTR,MS,ASO,ES,Federal Contract Tower,0,9,9,48,66,0,3,32,19,54,0,12,41,67,120,20,262,282,402
03/13/2020,GTR,MS,ASO,ES,Federal Contract Tower,0,7,4,12,23,0,0,19,0,19,0,7,23,12,42,17,0,17,59
03/14/2020,GTR,MS,ASO,ES,Federal Contract Tower,0,6,5,23,34,0,0,18,6,24,0,6,23,29,58,14,64,78,136
03/16/2020,GTR,MS,ASO,ES,Federal Contract Tower,0,7,6,42,55,0,2,63,20,85,0,9,69,62,140,70,80,150,290
03/17/2020,GTR,MS,ASO,ES,Federal Contract Tower,0,7,7,20,34,0,0,47,11,58,0,7,54,31,92,26,80,106,198
03/18/2020,GTR,MS,ASO,ES,Federal Contract Tower,0,7,8,40,55,0,1,19,11,31,0,8,27,51,86,6,0,6,92
03/19/2020,GTR,MS,ASO,ES,Federal Contract Tower,0,7,2,27,36,0,1,15,8,24,0,8,17,35,60,9,53,62,122
03/20/2020,GTR,MS,ASO,ES,Federal Contract Tower,0,5,0,14,19,0,0,4,0,4,0,5,4,14,23,16,12,28,51
03/21/2020,GTR,MS,ASO,ES,Federal Contract Tower,0,5,7,0,12,0,0,8,0,8,0,5,15,0,20,18,0,18,38
03/22/2020,GTR,MS,ASO,ES,Federal Contract Tower,0,5,0,0,5,0,0,29,0,29,0,5,29,0,34,0,0,0,34
03/23/2020,GTR,MS,ASO,ES,Federal Contract Tower,0,8,4,8,20,0,0,0,0,0,0,8,4,8,20,4,8,12,32
03/24/2020,GTR,MS,ASO,ES,Federal Contract Tower,0,5,8,40,53,0,2,6,8,16,0,7,14,48,69,8,46,54,123
03/25/2020,GTR,MS,ASO,ES,Federal Contract Tower,0,4,1,31,36,0,0,6,9,15,0,4,7,40,51,0,122,122,173
03/26/2020,GTR,MS,ASO,ES,Federal Contract Tower,0,3,2,20,25,0,0,23,9,32,0,3,25,29,57,13,43,56,113
03/27/2020,GTR,MS,ASO,ES,Federal Contract Tower,0,3,2,9,14,0,0,26,4,30,0,3,28,13,44,7,27,34,78
03/28/2020,GTR,MS,ASO,ES,Federal Contract Tower,0,4,2,16,22,0,0,14,11,25,0,4,16,27,47,34,64,98,145
03/29/2020,GTR,MS,ASO,ES,Federal Contract Tower,0,3,0,0,3,0,0,24,0,24,0,3,24,0,27,23,0,23,50
03/30/2020,GTR,MS,ASO,ES,Federal Contract Tower,0,4,5,17,26,0,0,23,14,37,0,4,28,31,63,16,72,88,151
03/31/2020,GTR,MS,ASO,ES,Federal Contract Tower,0,3,6,20,29,0,0,3,4,7,0,3,9,24,36,6,16,22,58
04/01/2020,GTR,MS,ASO,ES,Federal Contract Tower,0,3,0,8,11,0,0,43,11,54,0,3,43,19,65,28,30,58,123
04/02/2020,GTR,MS,ASO,ES,Federal Contract Tower,0,4,3,10,17,0,1,24,12,37,0,5,27,22,54,15,27,42,96
04/03/2020,GTR,MS,ASO,ES,Federal Contract Tower,0,4,2,22,28,0,0,28,20,48,0,4,30,42,76,19,116,135,211
04/04/2020,GTR,MS,ASO,ES,Federal Contract Tower,0,3,29,0,32,2,14,14,0,30,2,17,43,0,62,9,88,97,159
04/05/2020,GTR,MS,ASO,ES,Federal Contract Tower,0,4,0,0,4,0,1,12,0,13,0,5,12,0,17,8,0,8,25
04/06/2020,GTR,MS,ASO,ES,Federal Contract Tower,0,4,4,14,22,0,0,23,21,44,0,4,27,35,66,18,48,66,132
04/07/2020,GTR,MS,ASO,ES,Federal Contract Tower,0,4,8,3,15,0,0,2,1,3,0,4,10,4,18,2,12,14,32
04/08/2020,GTR,MS,ASO,ES,Federal Contract Tower,0,4,6,10,20,0,0,1,1,2,0,4,7,11,22,0,18,18,40
04/09/2020,GTR,MS,ASO,ES,Federal Contract Tower,0,4,8,14,26,0,0,6,14,20,0,4,14,28,46,10,85,95,141
04/10/2020,GTR,MS,ASO,ES,Federal Contract Tower,0,4,2,17,23,0,0,15,22,37,0,4,17,39,60,24,54,78,138
04/11/2020,GTR,MS,ASO,ES,Federal Contract Tower,0,4,2,13,19,0,0,10,14,24,0,4,12,27,43,20,62,82,125
04/12/2020,GTR,MS,ASO,ES,Federal Contract Tower,0,3,0,0,3,0,0,0,0,0,0,3,0,0,3,0,0,0,3
04/13/2020,GTR,MS,ASO,ES,Federal Contract Tower,0,4,8,23,35,0,0,3,13,16,0,4,11,36,51,4,60,64,115
04/14/2020,GTR,MS,ASO,ES,Federal Contract Tower,0,4,0,12,16,0,0,6,17,23,0,4,6,29,39,12,34,46,85
04/15/2020,GTR,MS,ASO,ES,Federal Contract Tower,0,4,2,26,32,0,1,23,18,42,0,5,25,44,74,42,62,104,178
04/16/2020,GTR,MS,ASO,ES,Federal Contract Tower,0,3,8,13,24,0,1,18,16,35,0,4,26,29,59,11,54,65,124
04/17/2020,GTR,MS,ASO,ES,Federal Contract Tower,0,4,1,20,25,0,1,13,17,31,0,5,14,37,56,13,41,54,110
04/18/2020,GTR,MS,ASO,ES,Federal Contract Tower,0,4,2,16,22,0,0,18,9,27,0,4,20,25,49,10,34,44,93
04/19/2020,GTR,MS,ASO,ES,Federal Contract Tower,0,2,0,0,2,0,0,0,0,0,0,2,0,0,2,0,0,0,2
04/20/2020,GTR,MS,ASO,ES,Federal Contract Tower,0,2,8,28,38,0,3,21,27,51,0,5,29,55,89,28,68,96,185
04/21/2020,GTR,MS,ASO,ES,Federal Contract Tower,0,4,6,30,40,0,3,31,26,60,0,7,37,56,100,30,106,136,236
04/22/2020,GTR,MS,ASO,ES,Federal Contract Tower,0,4,0,46,50,0,0,8,26,34,0,4,8,72,84,2,130,132,216
04/23/2020,GTR,MS,ASO,ES,Federal Contract Tower,0,4,2,34,40,0,0,2,9,11,0,4,4,43,51,0,18,18,69
04/24/2020,GTR,MS,ASO,ES,Federal Contract Tower,0,4,1,22,27,0,0,28,26,54,0,4,29,48,81,31,76,107,188
04/25/2020,GTR,MS,ASO,ES,Federal Contract Tower,0,3,1,37,41,0,3,0,5,8,0,6,1,42,49,14,32,46,95
04/26/2020,GTR,MS,ASO,ES,Federal Contract Tower,0,1,0,6,7,0,1,16,0,17,0,2,16,6,24,26,6,32,56
04/27/2020,GTR,MS,ASO,ES,Federal Contract Tower,0,2,3,20,25,0,2,47,20,69,0,4,50,40,94,34,82,116,210
04/28/2020,GTR,MS,ASO,ES,Federal Contract Tower,0,5,5,23,33,0,2,37,16,55,0,7,42,39,88,70,40,110,198
04/29/2020,GTR,MS,ASO,ES,Federal Contract Tower,0,4,2,57,63,0,2,7,8,17,0,6,9,65,80,12,82,94,174
04/30/2020,GTR,MS,ASO,ES,Federal Contract Tower,0,4,3,31,38,0,0,25,25,50,0,4,28,56,88,27,36,63,151
05/01/2020,GTR,MS,ASO,ES,Federal Contract Tower,0,2,5,17,24,0,2,42,19,63,0,4,47,36,87,29,64,93,180
05/02/2020,GTR,MS,ASO,ES,Federal Contract Tower,0,3,2,30,35,0,0,38,21,59,0,3,40,51,94,31,27,58,152
05/03/2020,GTR,MS,ASO,ES,Federal Contract Tower,0,2,2,0,4,0,0,38,0,38,0,2,40,0,42,68,0,68,110
05/04/2020,GTR,MS,ASO,ES,Federal Contract Tower,0,3,6,36,45,0,2,42,19,63,0,5,48,55,108,34,68,102,210
05/05/2020,GTR,MS,ASO,ES,Federal Contract Tower,0,3,10,26,39,0,3,7,6,16,0,6,17,32,55,0,6,6,61
05/06/2020,GTR,MS,ASO,ES,Federal Contract Tower,0,2,4,27,33,0,7,11,29,47,0,9,15,56,80,6,78,84,164
05/07/2020,GTR,MS,ASO,ES,Federal Contract Tower,0,2,5,30,37,0,1,23,18,42,0,3,28,48,79,18,39,57,136
05/08/2020,GTR,MS,ASO,ES,Federal Contract Tower,0,2,2,24,28,0,0,1,0,1,0,2,3,24,29,0,2,2,31
05/09/2020,GTR,MS,ASO,ES,Federal Contract Tower,0,2,2,31,35,0,6,12,13,31,0,8,14,44,66,22,60,82,148
05/10/2020,GTR,MS,ASO,ES,Federal Contract Tower,0,2,2,0,4,0,0,16,0,16,0,2,18,0,20,0,0,0,20
05/11/2020,GTR,MS,ASO,ES,Federal Contract Tower,0,2,0,13,15,0,2,17,5,24,0,4,17,18,39,14,18,32,71
05/12/2020,GTR,MS,ASO,ES,Federal Contract Tower,0,2,4,36,42,0,0,22,29,51,0,2,26,65,93,66,94,160,253
05/13/2020,GTR,MS,ASO,ES,Federal Contract Tower,0,2,6,37,45,0,2,24,22,48,0,4,30,59,93,34,108,142,235
05/14/2020,GTR,MS,ASO,ES,Federal Contract Tower,0,4,0,32,36,0,0,12,15,27,0,4,12,47,63,0,33,33,96
05/15/2020,GTR,MS,ASO,ES,Federal Contract Tower,0,0,0,68,68,0,4,8,10,22,0,4,8,78,90,2,115,117,207
05/16/2020,GTR,MS,ASO,ES,Federal Contract Tower,0,2,7,37,46,0,0,6,22,28,0,2,13,59,74,10,58,68,142
05/17/2020,GTR,MS,ASO,ES,Federal Contract Tower,0,2,10,2,14,0,1,11,0,12,0,3,21,2,26,2,0,2,28
05/18/2020,GTR,MS,ASO,ES,Federal Contract Tower,0,2,1,32,35,0,2,10,0,12,0,4,11,32,47,14,24,38,85
05/19/2020,GTR,MS,ASO,ES,Federal Contract Tower,0,5,3,38,46,0,2,36,26,64,0,7,39,64,110,26,106,132,242
05/20/2020,GTR,MS,ASO,ES,Federal Contract Tower,0,2,7,62,71,0,3,67,43,113,0,5,74,105,184,2,134,136,320
05/21/2020,GTR,MS,ASO,ES,Federal Contract Tower,0,2,8,51,61,0,0,20,33,53,0,2,28,84,114,13,82,95,209
05/22/2020,GTR,MS,ASO,ES,Federal Contract Tower,0,4,6,0,10,0,0,18,0,18,0,4,24,0,28,0,0,0,28
05/23/2020,GTR,MS,ASO,ES,Federal Contract Tower,0,0,4,0,4,0,1,6,0,7,0,1,10,0,11,0,0,0,11
05/24/2020,GTR,MS,ASO,ES,Federal Contract Tower,0,4,0,0,4,0,5,7,0,12,0,9,7,0,16,4,0,4,20
05/25/2020,GTR,MS,ASO,ES,Federal Contract Tower,0,2,2,0,4,0,4,8,0,12,0,6,10,0,16,2,0,2,18
05/26/2020,GTR,MS,ASO,ES,Federal Contract Tower,0,4,2,8,14,0,0,7,0,7,0,4,9,8,21,0,0,0,21
05/27/2020,GTR,MS,ASO,ES,Federal Contract Tower,0,6,3,51,60,0,0,9,18,27,0,6,12,69,87,7,71,78,165
05/28/2020,GTR,MS,ASO,ES,Federal Contract Tower,0,4,3,28,35,0,0,10,13,23,0,4,13,41,58,11,39,50,108
05/29/2020,GTR,MS,ASO,ES,Federal Contract Tower,0,2,2,47,51,0,0,17,38,55,0,2,19,85,106,8,123,131,237
05/30/2020,GTR,MS,ASO,ES,Federal Contract Tower,0,3,1,0,4,0,0,18,0,18,0,3,19,0,22,12,0,12,34
06/01/2020,GTR,MS,ASO,ES,Federal Contract Tower,0,4,0,58,62,0,1,21,35,57,0,5,21,93,119,8,100,108,227
06/02/2020,GTR,MS,ASO,ES,Federal Contract Tower,0,4,7,59,70,0,0,37,25,62,0,4,44,84,132,27,76,103,235
06/03/2020,GTR,MS,ASO,ES,Federal Contract Tower,0,2,6,75,83,0,0,22,28,50,0,2,28,103,133,24,94,118,251
06/04/2020,GTR,MS,ASO,ES,Federal Contract Tower,0,4,7,34,45,0,1,15,8,24,0,5,22,42,69,0,51,51,120
06/05/2020,GTR,MS,ASO,ES,Federal Contract Tower,0,6,3,24,33,0,0,24,10,34,0,6,27,34,67,0,85,85,152
06/06/2020,GTR,MS,ASO,ES,Federal Contract Tower,2,0,5,19,26,0,3,30,7,40,2,3,35,26,66,30,70,100,166
06/07/2020,GTR,MS,ASO,ES,Federal Contract Tower,0,2,4,27,33,0,1,4,14,19,0,3,8,41,52,4,56,60,112
06/08/2020,GTR,MS,ASO,ES,Federal Contract Tower,0,2,1,1,4,0,0,0,0,0,0,2,1,1,4,0,0,0,4
06/09/2020,GTR,MS,ASO,ES,Federal Contract Tower,0,4,5,33,42,0,0,3,17,20,0,4,8,50,62,0,20,20,82
06/11/2020,GTR,MS,ASO,ES,Federal Contract Tower,0,4,4,52,60,0,2,23,40,65,0,6,27,92,125,4,141,145,270
06/12/2020,GTR,MS,ASO,ES,Federal Contract Tower,0,2,0,44,46,0,0,12,45,57,0,2,12,89,103,4,156,160,263
06/13/2020,GTR,MS,ASO,ES,Federal Contract Tower,0,2,1,32,35,0,5,5,26,36,0,7,6,58,71,2,74,76,147
06/14/2020,GTR,MS,ASO,ES,Federal Contract Tower,0,2,0,27,29,0,2,30,4,36,0,4,30,31,65,22,14,36,101
06/15/2020,GTR,MS,ASO,ES,Federal Contract Tower,0,2,6,107,115,0,11,21,32,64,0,13,27,139,179,20,170,190,369
06/16/2020,GTR,MS,ASO,ES,Federal Contract Tower,0,2,5,75,82,0,2,27,30,59,0,4,32,105,141,30,152,182,323
06/17/2020,GTR,MS,ASO,ES,Federal Contract Tower,0,5,9,65,79,0,3,38,36,77,0,8,47,101,156,32,110,142,298
06/18/2020,GTR,MS,ASO,ES,Federal Contract Tower,0,7,7,59,73,0,6,15,24,45,0,13,22,83,118,10,107,117,235
06/19/2020,GTR,MS,ASO,ES,Federal Contract Tower,0,3,1,62,66,0,1,23,47,71,0,4,24,109,137,6,173,179,316
06/20/2020,GTR,MS,ASO,ES,Federal Contract Tower,0,3,2,28,33,0,1,27,20,48,0,4,29,48,81,18,62,80,161
06/21/2020,GTR,MS,ASO,ES,Federal Contract Tower,0,2,4,37,43,0,0,11,8,19,0,2,15,45,62,24,24,48,110
06/22/2020,GTR,MS,ASO,ES,Federal Contract Tower,0,4,2,126,132,0,0,27,30,57,0,4,29,156,189,30,232,262,451
06/23/2020,GTR,MS,ASO,ES,Federal Contract Tower,2,2,5,82,91,0,1,41,10,52,2,3,46,92,143,34,98,132,275
06/24/2020,GTR,MS,ASO,ES,Federal Contract Tower,0,4,4,62,70,0,0,10,16,26,0,4,14,78,96,0,164,164,260
06/25/2020,GTR,MS,ASO,ES,Federal Contract Tower,0,4,6,52,62,0,0,6,9,15,0,4,12,61,77,0,58,58,135
06/26/2020,GTR,MS,ASO,ES,Federal Contract Tower,0,2,3,43,48,0,0,7,16,23,0,2,10,59,71,0,40,40,111
06/27/2020,GTR,MS,ASO,ES,Federal Contract Tower,0,2,4,51,57,0,0,12,14,26,0,2,16,65,83,0,38,38,121
06/28/2020,GTR,MS,ASO,ES,Federal Contract Tower,0,5,3,40,48,0,1,28,2,31,0,6,31,42,79,6,22,28,107
06/29/2020,GTR,MS,ASO,ES,Federal Contract Tower,0,6,7,75,88,0,0,46,52,98,0,6,53,127,186,42,198,240,426
06/30/2020,GTR,MS,ASO,ES,Federal Contract Tower,0,2,5,64,71,0,1,49,44,94,0,3,54,108,165,16,162,178,343
07/01/2020,GTR,MS,ASO,ES,Federal Contract Tower,0,2,4,19,25,0,0,14,7,21,0,2,18,26,46,10,26,36,82
07/02/2020,GTR,MS,ASO,ES,Federal Contract Tower,0,2,5,24,31,0,0,47,15,62,0,2,52,39,93,2,40,42,135
07/03/2020,GTR,MS,ASO,ES,Federal Contract Tower,0,3,0,0,3,0,1,20,0,21,0,4,20,0,24,4,0,4,28
07/04/2020,GTR,MS,ASO,ES,Federal Contract Tower,0,3,1,0,4,0,1,5,18,24,0,4,6,18,28,0,0,0,28
07/05/2020,GTR,MS,ASO,ES,Federal Contract Tower,0,5,4,0,9,0,0,8,0,8,0,5,12,0,17,6,0,6,23
07/06/2020,GTR,MS,ASO,ES,Federal Contract Tower,0,6,3,0,9,0,0,54,0,54,0,6,57,0,63,6,0,6,69
07/07/2020,GTR,MS,ASO,ES,Federal Contract Tower,0,3,5,65,73,0,0,23,36,59,0,3,28,101,132,4,210,214,346
07/08/2020,GTR,MS,ASO,ES,Federal Contract Tower,0,4,3,86,93,0,0,41,37,78,0,4,44,123,171,20,266,286,457
07/09/2020,GTR,MS,ASO,ES,Federal Contract Tower,0,3,5,16,24,0,0,23,6,29,0,3,28,22,53,8,16,24,77
07/10/2020,GTR,MS,ASO,ES,Federal Contract Tower,0,3,2,60,65,0,1,45,42,88,0,4,47,102,153,10,118,128,281
07/11/2020,GTR,MS,ASO,ES,Federal Contract Tower,0,4,5,17,26,0,4,27,29,60,0,8,32,46,86,10,64,74,160
07/12/2020,GTR,MS,ASO,ES,Federal Contract Tower,0,4,3,15,22,0,2,11,1,14,0,6,14,16,36,12,28,40,76
07/13/2020,GTR,MS,ASO,ES,Federal Contract Tower,0,4,3,55,62,0,0,23,37,60,0,4,26,92,122,30,124,154,276
07/14/2020,GTR,MS,ASO,ES,Federal Contract Tower,0,4,2,77,83,0,1,29,32,62,0,5,31,109,145,12,121,133,278
07/15/2020,GTR,MS,ASO,ES,Federal Contract Tower,0,6,14,44,64,0,1,18,31,50,0,7,32,75,114,16,112,128,242
07/16/2020,GTR,MS,ASO,ES,Federal Contract Tower,0,4,8,78,90,0,0,19,33,52,0,4,27,111,142,40,189,229,371
07/17/2020,GTR,MS,ASO,ES,Federal Contract Tower,0,4,4,63,71,0,2,22,31,55,0,6,26,94,126,2,188,190,316
07/18/2020,GTR,MS,ASO,ES,Federal Contract Tower,0,3,2,11,16,0,1,21,7,29,0,4,23,18,45,2,38,40,85
07/19/2020,GTR,MS,ASO,ES,Federal Contract Tower,0,4,1,8,13,0,1,5,9,15,0,5,6,17,28,0,16,16,44
07/20/2020,GTR,MS,ASO,ES,Federal Contract Tower,0,4,4,49,57,0,0,15,31,46,0,4,19,80,103,14,144,158,261
07/21/2020,GTR,MS,ASO,ES,Federal Contract Tower,0,3,5,29,37,0,2,23,21,46,0,5,28,50,83,0,100,100,183
07/22/2020,GTR,MS,ASO,ES,Federal Contract Tower,0,3,0,46,49,0,3,14,28,45,0,6,14,74,94,6,150,156,250
07/23/2020,GTR,MS,ASO,ES,Federal Contract Tower,0,4,3,49,56,0,1,22,37,60,0,5,25,86,116,16,184,200,316
07/24/2020,GTR,MS,ASO,ES,Federal Contract Tower,0,5,3,59,67,0,1,38,11,50,0,6,41,70,117,0,48,48,165
07/25/2020,GTR,MS,ASO,ES,Federal Contract Tower,0,3,2,14,19,0,4,18,15,37,0,7,20,29,56,42,66,108,164
07/26/2020,GTR,MS,ASO,ES,Federal Contract Tower,0,5,0,9,14,0,0,14,4,18,0,5,14,13,32,10,6,16,48
07/27/2020,GTR,MS,ASO,ES,Federal Contract Tower,0,8,7,31,46,0,1,33,18,52,0,9,40,49,98,4,40,44,142
07/28/2020,GTR,MS,ASO,ES,Federal Contract Tower,0,6,10,28,44,0,7,19,5,31,0,13,29,33,75,14,62,76,151
07/29/2020,GTR,MS,ASO,ES,Federal Contract Tower,0,4,14,39,57,0,0,9,12,21,0,4,23,51,78,8,42,50,128
07/30/2020,GTR,MS,ASO,ES,Federal Contract Tower,0,8,1,20,29,0,1,31,14,46,0,9,32,34,75,22,80,102,177
07/31/2020,GTR,MS,ASO,ES,Federal Contract Tower,0,3,2,56,61,0,3,43,24,70,0,6,45,80,131,18,252,270,401
08/01/2020,GTR,MS,ASO,ES,Federal Contract Tower,0,4,5,28,37,0,1,9,2,12,0,5,14,30,49,10,66,76,125
08/02/2020,GTR,MS,ASO,ES,Federal Contract Tower,0,6,4,29,39,0,0,31,8,39,0,6,35,37,78,46,38,84,162
08/03/2020,GTR,MS,ASO,ES,Federal Contract Tower,0,6,1,49,56,0,2,30,33,65,0,8,31,82,121,6,110,116,237
08/04/2020,GTR,MS,ASO,ES,Federal Contract Tower,0,4,4,77,85,0,3,54,41,98,0,7,58,118,183,22,164,186,369
08/05/2020,GTR,MS,ASO,ES,Federal Contract Tower,0,7,1,50,58,0,4,27,37,68,0,11,28,87,126,8,170,178,304
08/06/2020,GTR,MS,ASO,ES,Federal Contract Tower,0,6,0,34,40,0,0,27,37,64,0,6,27,71,104,20,92,112,216
08/07/2020,GTR,MS,ASO,ES,Federal Contract Tower,0,3,2,36,41,0,4,9,29,42,0,7,11,65,83,24,110,134,217
08/08/2020,GTR,MS,ASO,ES,Federal Contract Tower,0,6,1,2,9,0,1,18,0,19,0,7,19,2,28,12,4,16,44
08/09/2020,GTR,MS,ASO,ES,Federal Contract Tower,0,4,3,2,9,0,0,15,1,16,0,4,18,3,25,0,0,0,25
08/10/2020,GTR,MS,ASO,ES,Federal Contract Tower,0,4,2,53,59,0,0,20,26,46,0,4,22,79,105,16,88,104,209
08/11/2020,GTR,MS,ASO,ES,Federal Contract Tower,0,4,3,75,82,0,0,24,34,58,0,4,27,109,140,10,92,102,242
08/12/2020,GTR,MS,ASO,ES,Federal Contract Tower,0,6,8,76,90,0,0,17,35,52,0,6,25,111,142,18,150,168,310
08/13/2020,GTR,MS,ASO,ES,Federal Contract Tower,0,5,4,66,75,0,1,37,15,53,0,6,41,81,128,8,68,76,204
08/14/2020,GTR,MS,ASO,ES,Federal Contract Tower,0,6,2,25,33,0,2,26,6,34,0,8,28,31,67,8,76,84,151
08/15/2020,GTR,MS,ASO,ES,Federal Contract Tower,0,6,5,13,24,0,5,18,5,28,0,11,23,18,52,18,38,56,108
08/16/2020,GTR,MS,ASO,ES,Federal Contract Tower,0,4,0,8,12,0,4,10,1,15,0,8,10,9,27,8,18,26,53
08/17/2020,GTR,MS,ASO,ES,Federal Contract Tower,0,6,3,54,63,0,1,28,38,67,0,7,31,92,130,10,226,236,366
08/18/2020,GTR,MS,ASO,ES,Federal Contract Tower,0,7,4,44,55,0,2,46,32,80,0,9,50,76,135,30,104,134,269
08/19/2020,GTR,MS,ASO,ES,Federal Contract Tower,0,7,2,68,77,0,4,29,35,68,0,11,31,103,145,10,212,222,367
08/20/2020,GTR,MS,ASO,ES,Federal Contract Tower,0,9,4,84,97,0,2,34,43,79,0,11,38,127,176,8,244,252,428
08/21/2020,GTR,MS,ASO,ES,Federal Contract Tower,0,6,1,65,72,0,0,11,6,17,0,6,12,71,89,0,62,62,151
08/22/2020,GTR,MS,ASO,ES,Federal Contract Tower,0,4,2,17,23,0,6,14,5,25,0,10,16,22,48,12,24,36,84
08/23/2020,GTR,MS,ASO,ES,Federal Contract Tower,0,6,3,13,22,0,0,24,2,26,0,6,27,15,48,10,16,26,74
08/24/2020,GTR,MS,ASO,ES,Federal Contract Tower,0,9,2,51,62,0,2,20,32,54,0,11,22,83,116,4,178,182,298
08/25/2020,GTR,MS,ASO,ES,Federal Contract Tower,0,4,7,53,64,0,0,2,0,2,0,4,9,53,66,2,34,36,102
08/26/2020,GTR,MS,ASO,ES,Federal Contract Tower,0,7,4,49,60,0,3,9,7,19,0,10,13,56,79,12,148,160,239
08/27/2020,GTR,MS,ASO,ES,Federal Contract Tower,0,6,1,58,65,0,0,17,27,44,0,6,18,85,109,6,102,108,217
08/28/2020,GTR,MS,ASO,ES,Federal Contract Tower,0,4,4,42,50,0,2,0,15,17,0,6,4,57,67,2,82,84,151
08/29/2020,GTR,MS,ASO,ES,Federal Contract Tower,0,4,2,0,6,0,1,38,1,40,0,5,40,1,46,10,0,10,56
08/30/2020,GTR,MS,ASO,ES,Federal Contract Tower,0,3,2,0,5,0,2,8,0,10,0,5,10,0,15,0,0,0,15
08/31/2020,GTR,MS,ASO,ES,Federal Contract Tower,0,9,6,58,73,0,4,20,41,65,0,13,26,99,138,2,194,196,334
09/01/2020,GTR,MS,ASO,ES,Federal Contract Tower,0,4,5,64,73,0,0,29,25,54,0,4,34,89,127,44,188,232,359
09/02/2020,GTR,MS,ASO,ES,Federal Contract Tower,0,4,9,69,82,0,3,15,29,47,0,7,24,98,129,6,214,220,349
09/03/2020,GTR,MS,ASO,ES,Federal Contract Tower,0,6,3,30,39,0,6,22,17,45,0,12,25,47,84,8,162,170,254
09/04/2020,GTR,MS,ASO,ES,Federal Contract Tower,0,4,1,2,7,0,0,29,0,29,0,4,30,2,36,18,12,30,66
09/05/2020,GTR,MS,ASO,ES,Federal Contract Tower,0,4,6,0,10,0,0,17,2,19,0,4,23,2,29,10,4,14,43
09/06/2020,GTR,MS,ASO,ES,Federal Contract Tower,0,6,0,0,6,0,0,7,0,7,0,6,7,0,13,6,0,6,19
09/07/2020,GTR,MS,ASO,ES,Federal Contract Tower,0,4,6,5,15,0,4,9,6,19,0,8,15,11,34,0,20,20,54
09/08/2020,GTR,MS,ASO,ES,Federal Contract Tower,0,4,4,53,61,0,1,19,37,57,0,5,23,90,118,16,126,142,260
09/09/2020,GTR,MS,ASO,ES,Federal Contract Tower,0,4,5,48,57,0,2,38,41,81,0,6,43,89,138,4,148,152,290
09/10/2020,GTR,MS,ASO,ES,Federal Contract Tower,0,3,5,51,59,0,0,26,20,46,0,3,31,71,105,16,84,100,205
09/11/2020,GTR,MS,ASO,ES,Federal Contract Tower,0,4,5,31,40,0,0,24,16,40,0,4,29,47,80,2,66,68,148
09/12/2020,GTR,MS,ASO,ES,Federal Contract Tower,0,4,0,13,17,0,4,15,1,20,0,8,15,14,37,16,4,20,57
09/13/2020,GTR,MS,ASO,ES,Federal Contract Tower,0,6,4,21,31,0,2,26,2,30,0,8,30,23,61,10,18,28,89
09/14/2020,GTR,MS,ASO,ES,Federal Contract Tower,0,5,9,23,37,0,2,24,18,44,0,7,33,41,81,24,106,130,211
09/15/2020,GTR,MS,ASO,ES,Federal Contract Tower,0,4,3,37,44,0,6,33,23,62,0,10,36,60,106,20,134,154,260
09/16/2020,GTR,MS,ASO,ES,Federal Contract Tower,0,3,2,24,29,0,0,21,17,38,0,3,23,41,67,0,20,20,87
09/17/2020,GTR,MS,ASO,ES,Federal Contract Tower,0,3,1,32,36,0,1,22,22,45,0,4,23,54,81,14,74,88,169
09/18/2020,GTR,MS,ASO,ES,Federal Contract Tower,0,7,4,32,43,0,1,30,34,65,0,8,34,66,108,22,96,118,226
09/19/2020,GTR,MS,ASO,ES,Federal Contract Tower,0,4,4,23,31,0,0,47,15,62,0,4,51,38,93,54,52,106,199
09/20/2020,GTR,MS,ASO,ES,Federal Contract Tower,0,6,0,25,31,0,1,15,14,30,0,7,15,39,61,16,40,56,117
09/21/2020,GTR,MS,ASO,ES,Federal Contract Tower,0,8,5,41,54,0,0,12,46,58,0,8,17,87,112,4,132,136,248
09/22/2020,GTR,MS,ASO,ES,Federal Contract Tower,0,6,3,32,41,0,3,21,22,46,0,9,24,54,87,16,84,100,187
09/23/2020,GTR,MS,ASO,ES,Federal Contract Tower,0,7,2,57,66,0,0,3,26,29,0,7,5,83,95,0,112,112,207
09/24/2020,GTR,MS,ASO,ES,Federal Contract Tower,0,6,2,19,27,0,0,4,0,4,0,6,6,19,31,0,0,0,31
09/25/2020,GTR,MS,ASO,ES,Federal Contract Tower,2,6,7,70,85,0,0,46,6,52,2,6,53,76,137,0,48,48,185
09/26/2020,GTR,MS,ASO,ES,Federal Contract Tower,0,7,3,12,22,0,2,28,1,31,0,9,31,13,53,8,12,20,73
09/27/2020,GTR,MS,ASO,ES,Federal Contract Tower,0,5,6,19,30,0,2,32,11,45,0,7,38,30,75,12,30,42,117
09/28/2020,GTR,MS,ASO,ES,Federal Contract Tower,0,6,3,70,79,0,2,4,13,19,0,8,7,83,98,0,62,62,160
09/29/2020,GTR,MS,ASO,ES,Federal Contract Tower,0,6,2,36,44,0,2,39,30,71,0,8,41,66,115,32,92,124,239
09/30/2020,GTR,MS,ASO,ES,Federal Contract Tower,0,4,2,37,43,0,0,26,27,53,0,4,28,64,96,10,72,82,178
10/01/2020,GTR,MS,ASO,ES,Federal Contract Tower,0,8,5,33,46,0,1,26,27,54,0,9,31,60,100,8,76,84,184
10/02/2020,GTR,MS,ASO,ES,Federal Contract Tower,0,7,2,40,49,0,1,24,20,45,0,8,26,60,94,8,62,70,164
10/03/2020,GTR,MS,ASO,ES,Federal Contract Tower,0,6,5,5,16,0,1,21,1,23,0,7,26,6,39,10,8,18,57
10/04/2020,GTR,MS,ASO,ES,Federal Contract Tower,0,9,3,1,13,0,0,11,1,12,0,9,14,2,25,14,2,16,41
10/05/2020,GTR,MS,ASO,ES,Federal Contract Tower,0,8,6,39,53,0,3,15,26,44,0,11,21,65,97,28,80,108,205
10/06/2020,GTR,MS,ASO,ES,Federal Contract Tower,0,6,3,46,55,0,0,20,33,53,0,6,23,79,108,30,94,124,232
10/07/2020,GTR,MS,ASO,ES,Federal Contract Tower,0,6,3,38,47,0,4,22,32,58,0,10,25,70,105,12,98,110,215
10/08/2020,GTR,MS,ASO,ES,Federal Contract Tower,0,8,6,3,17,0,2,13,0,15,0,10,19,3,32,4,4,8,40
10/09/2020,GTR,MS,ASO,ES,Federal Contract Tower,2,6,8,3,19,0,4,8,0,12,2,10,16,3,31,4,0,4,35
10/10/2020,GTR,MS,ASO,ES,Federal Contract Tower,0,6,1,0,7,0,2,0,0,2,0,8,1,0,9,0,0,0,9
10/11/2020,GTR,MS,ASO,ES,Federal Contract Tower,0,10,4,6,20,0,3,2,2,7,0,13,6,8,27,0,10,10,37
10/12/2020,GTR,MS,ASO,ES,Federal Contract Tower,0,6,5,0,11,0,1,18,0,19,0,7,23,0,30,14,0,14,44
10/13/2020,GTR,MS,ASO,ES,Federal Contract Tower,0,6,6,34,46,0,0,17,20,37,0,6,23,54,83,8,96,104,187
10/14/2020,GTR,MS,ASO,ES,Federal Contract Tower,0,7,4,37,48,0,3,19,25,47,0,10,23,62,95,14,126,140,235
10/15/2020,GTR,MS,ASO,ES,Federal Contract Tower,0,7,0,21,28,0,0,39,30,69,0,7,39,51,97,8,102,110,207
10/16/2020,GTR,MS,ASO,ES,Federal Contract Tower,2,8,9,35,54,0,2,8,14,24,2,10,17,49,78,10,80,90,168
10/17/2020,GTR,MS,ASO,ES,Federal Contract Tower,1,7,10,15,33,0,1,23,9,33,1,8,33,24,66,8,48,56,122
10/18/2020,GTR,MS,ASO,ES,Federal Contract Tower,2,6,4,19,31,0,4,15,10,29,2,10,19,29,60,0,28,28,88
10/19/2020,GTR,MS,ASO,ES,Federal Contract Tower,0,6,4,39,49,0,2,31,33,66,0,8,35,72,115,28,160,188,303
10/20/2020,GTR,MS,ASO,ES,Federal Contract Tower,0,8,5,27,40,0,3,43,30,76,0,11,48,57,116,20,76,96,212
10/21/2020,GTR,MS,ASO,ES,Federal Contract Tower,0,6,8,36,50,0,2,42,34,78,0,8,50,70,128,8,116,124,252
10/22/2020,GTR,MS,ASO,ES,Federal Contract Tower,0,6,0,41,47,0,5,22,33,60,0,11,22,74,107,14,88,102,209
10/23/2020,GTR,MS,ASO,ES,Federal Contract Tower,0,8,9,46,63,0,1,20,39,60,0,9,29,85,123,6,136,142,265
10/24/2020,GTR,MS,ASO,ES,Federal Contract Tower,0,6,10,5,21,0,0,0,0,0,0,6,10,5,21,0,4,4,25
10/25/2020,GTR,MS,ASO,ES,Federal Contract Tower,0,8,7,13,28,0,1,0,0,1,0,9,7,13,29,0,0,0,29
10/26/2020,GTR,MS,ASO,ES,Federal Contract Tower,0,8,2,41,51,0,0,9,4,13,0,8,11,45,64,8,38,46,110
10/27/2020,GTR,MS,ASO,ES,Federal Contract Tower,0,6,11,20,37,0,0,0,0,0,0,6,11,20,37,0,0,0,37
10/28/2020,GTR,MS,ASO,ES,Federal Contract Tower,0,7,0,0,7,0,0,0,0,0,0,7,0,0,7,0,0,0,7
10/29/2020,GTR,MS,ASO,ES,Federal Contract Tower,0,6,2,15,23,0,0,2,8,10,0,6,4,23,33,0,22,22,55
10/30/2020,GTR,MS,ASO,ES,Federal Contract Tower,0,6,3,36,45,0,0,11,21,32,0,6,14,57,77,12,50,62,139
10/31/2020,GTR,MS,ASO,ES,Federal Contract Tower,0,4,2,6,12,0,2,25,4,31,0,6,27,10,43,30,14,44,87
11/01/2020,GTR,MS,ASO,ES,Federal Contract Tower,0,6,2,6,14,0,4,5,6,15,0,10,7,12,29,4,8,12,41
11/02/2020,GTR,MS,ASO,ES,Federal Contract Tower,0,7,1,40,48,0,3,21,41,65,0,10,22,81,113,28,92,120,233
11/03/2020,GTR,MS,ASO,ES,Federal Contract Tower,0,2,1,34,37,0,0,19,27,46,0,2,20,61,83,12,68,80,163
11/04/2020,GTR,MS,ASO,ES,Federal Contract Tower,0,5,2,37,44,0,2,12,25,39,0,7,14,62,83,14,76,90,173
11/05/2020,GTR,MS,ASO,ES,Federal Contract Tower,0,9,4,46,59,0,2,17,36,55,0,11,21,82,114,2,90,92,206
11/06/2020,GTR,MS,ASO,ES,Federal Contract Tower,0,10,4,52,66,0,3,18,27,48,0,13,22,79,114,0,94,94,208
11/07/2020,GTR,MS,ASO,ES,Federal Contract Tower,1,6,1,0,8,0,1,13,6,20,1,7,14,6,28,12,10,22,50
11/08/2020,GTR,MS,ASO,ES,Federal Contract Tower,0,8,8,7,23,0,3,3,4,10,0,11,11,11,33,0,18,18,51
11/09/2020,GTR,MS,ASO,ES,Federal Contract Tower,0,12,2,32,46,0,2,10,16,28,0,14,12,48,74,12,90,102,176
11/10/2020,GTR,MS,ASO,ES,Federal Contract Tower,0,7,4,47,58,0,1,0,1,2,0,8,4,48,60,2,38,40,100
11/11/2020,GTR,MS,ASO,ES,Federal Contract Tower,0,6,5,8,19,0,5,0,2,7,0,11,5,10,26,0,20,20,46
11/12/2020,GTR,MS,ASO,ES,Federal Contract Tower,0,11,7,42,60,0,1,17,12,30,0,12,24,54,90,22,84,106,196
11/13/2020,GTR,MS,ASO,ES,Federal Contract Tower,0,7,4,22,33,0,0,33,17,50,0,7,37,39,83,16,46,62,145
11/14/2020,GTR,MS,ASO,ES,Federal Contract Tower,0,7,8,6,21,0,0,18,6,24,0,7,26,12,45,4,44,48,93
11/15/2020,GTR,MS,ASO,ES,Federal Contract Tower,0,7,4,9,20,0,0,4,6,10,0,7,8,15,30,2,30,32,62
11/16/2020,GTR,MS,ASO,ES,Federal Contract Tower,0,10,1,38,49,0,5,29,26,60,0,15,30,64,109,26,100,126,235
11/17/2020,GTR,MS,ASO,ES,Federal Contract Tower,0,5,0,38,43,0,0,19,24,43,0,5,19,62,86,2,72,74,160
11/18/2020,GTR,MS,ASO,ES,Federal Contract Tower,0,6,6,65,77,0,1,17,32,50,0,7,23,97,127,6,96,102,229
11/19/2020,GTR,MS,ASO,ES,Federal Contract Tower,0,8,4,60,72,0,2,24,30,56,0,10,28,90,128,18,78,96,224
11/20/2020,GTR,MS,ASO,ES,Federal Contract Tower,2,7,11,54,74,0,3,24,31,58,2,10,35,85,132,14,78,92,224
11/21/2020,GTR,MS,ASO,ES,Federal Contract Tower,0,7,0,19,26,0,1,39,5,45,0,8,39,24,71,38,54,92,163
11/22/2020,GTR,MS,ASO,ES,Federal Contract Tower,0,11,3,15,29,0,4,22,7,33,0,15,25,22,62,24,70,94,156
11/23/2020,GTR,MS,ASO,ES,Federal Contract Tower,0,7,0,41,48,0,0,18,25,43,0,7,18,66,91,22,118,140,231
11/24/2020,GTR,MS,ASO,ES,Federal Contract Tower,0,7,3,35,45,0,2,13,27,42,0,9,16,62,87,24,90,114,201
11/25/2020,GTR,MS,ASO,ES,Federal Contract Tower,0,7,9,0,16,0,1,0,0,1,0,8,9,0,17,0,0,0,17
11/26/2020,GTR,MS,ASO,ES,Federal Contract Tower,0,6,1,0,7,0,0,5,0,5,0,6,6,0,12,0,0,0,12
11/27/2020,GTR,MS,ASO,ES,Federal Contract Tower,0,5,4,0,9,0,0,1,0,1,0,5,5,0,10,0,0,0,10
11/28/2020,GTR,MS,ASO,ES,Federal Contract Tower,0,9,2,0,11,0,0,8,0,8,0,9,10,0,19,6,0,6,25
11/29/2020,GTR,MS,ASO,ES,Federal Contract Tower,0,9,4,0,13,0,0,0,0,0,0,9,4,0,13,0,0,0,13
11/30/2020,GTR,MS,ASO,ES,Federal Contract Tower,0,7,0,30,37,0,0,0,16,16,0,7,0,46,53,0,52,52,105
12/01/2020,GTR,MS,ASO,ES,Federal Contract Tower,0,11,2,22,35,0,4,18,18,40,0,15,20,40,75,6,64,70,145
12/02/2020,GTR,MS,ASO,ES,Federal Contract Tower,0,8,0,24,32,0,2,19,25,46,0,10,19,49,78,12,54,66,144
12/03/2020,GTR,MS,ASO,ES,Federal Contract Tower,0,6,2,29,37,0,0,9,22,31,0,6,11,51,68,24,56,80,148
12/04/2020,GTR,MS,ASO,ES,Federal Contract Tower,0,7,6,33,46,0,0,3,5,8,0,7,9,38,54,0,34,34,88
12/05/2020,GTR,MS,ASO,ES,Federal Contract Tower,0,4,4,6,14,0,4,11,2,17,0,8,15,8,31,20,4,24,55
12/06/2020,GTR,MS,ASO,ES,Federal Contract Tower,0,6,1,6,13,0,7,5,0,12,0,13,6,6,25,10,0,10,35
12/07/2020,GTR,MS,ASO,ES,Federal Contract Tower,0,7,6,16,29,0,4,22,18,44,0,11,28,34,73,20,56,76,149
12/08/2020,GTR,MS,ASO,ES,Federal Contract Tower,0,6,0,28,34,0,2,22,22,46,0,8,22,50,80,22,74,96,176
12/09/2020,GTR,MS,ASO,ES,Federal Contract Tower,0,7,2,40,49,0,3,10,26,39,0,10,12,66,88,30,76,106,194
12/10/2020,GTR,MS,ASO,ES,Federal Contract Tower,0,9,1,33,43,0,5,19,21,45,0,14,20,54,88,18,56,74,162
12/11/2020,GTR,MS,ASO,ES,Federal Contract Tower,0,6,0,40,46,0,0,17,24,41,0,6,17,64,87,2,148,150,237
12/12/2020,GTR,MS,ASO,ES,Federal Contract Tower,0,4,4,4,12,0,1,1,0,2,0,5,5,4,14,0,0,0,14
12/13/2020,GTR,MS,ASO,ES,Federal Contract Tower,0,9,1,2,12,0,3,4,11,18,0,12,5,13,30,8,6,14,44
12/14/2020,GTR,MS,ASO,ES,Federal Contract Tower,0,10,8,20,38,0,2,4,10,16,0,12,12,30,54,8,36,44,98
12/15/2020,GTR,MS,ASO,ES,Federal Contract Tower,0,6,8,43,57,0,2,13,24,39,0,8,21,67,96,2,138,140,236
12/16/2020,GTR,MS,ASO,ES,Federal Contract Tower,0,8,0,3,11,0,2,0,0,2,0,10,0,3,13,0,0,0,13
12/17/2020,GTR,MS,ASO,ES,Federal Contract Tower,0,8,5,54,67,0,2,16,27,45,0,10,21,81,112,2,108,110,222
12/18/2020,GTR,MS,ASO,ES,Federal Contract Tower,2,5,1,29,37,0,2,15,24,41,2,7,16,53,78,8,70,78,156
12/19/2020,GTR,MS,ASO,ES,Federal Contract Tower,2,6,5,14,27,0,3,6,5,14,2,9,11,19,41,0,10,10,51
12/20/2020,GTR,MS,ASO,ES,Federal Contract Tower,0,6,2,15,23,0,0,1,0,1,0,6,3,15,24,0,6,6,30
12/21/2020,GTR,MS,ASO,ES,Federal Contract Tower,0,8,8,28,44,0,0,4,25,29,0,8,12,53,73,0,56,56,129
12/22/2020,GTR,MS,ASO,ES,Federal Contract Tower,0,7,3,22,32,0,0,37,19,56,0,7,40,41,88,2,78,80,168
12/23/2020,GTR,MS,ASO,ES,Federal Contract Tower,0,7,2,0,9,0,2,1,0,3,0,9,3,0,12,0,0,0,12
12/24/2020,GTR,MS,ASO,ES,Federal Contract Tower,0,4,0,0,4,0,4,3,0,7,0,8,3,0,11,0,0,0,11
12/25/2020,GTR,MS,ASO,ES,Federal Contract Tower,0,2,0,0,2,0,2,0,0,2,0,4,0,0,4,0,0,0,4
12/26/2020,GTR,MS,ASO,ES,Federal Contract Tower,0,6,3,0,9,0,1,9,0,10,0,7,12,0,19,6,0,6,25
12/27/2020,GTR,MS,ASO,ES,Federal Contract Tower,0,6,3,0,9,0,1,12,0,13,0,7,15,0,22,2,0,2,24
12/28/2020,GTR,MS,ASO,ES,Federal Contract Tower,0,6,3,0,9,0,1,7,0,8,0,7,10,0,17,4,0,4,21
12/29/2020,GTR,MS,ASO,ES,Federal Contract Tower,0,7,3,8,18,0,0,6,2,8,0,7,9,10,26,8,8,16,42
12/30/2020,GTR,MS,ASO,ES,Federal Contract Tower,2,6,5,10,23,0,5,10,5,20,2,11,15,15,43,16,30,46,89
12/31/2020,GTR,MS,ASO,ES,Federal Contract Tower,2,3,2,5,12,0,0,3,0,3,2,3,5,5,15,0,0,0,15
01/01/2021,GTR,MS,ASO,ES,Federal Contract Tower,0,3,3,0,6,0,1,0,0,1,0,4,3,0,7,0,0,0,7
01/02/2021,GTR,MS,ASO,ES,Federal Contract Tower,0,7,4,0,11,0,3,2,0,5,0,10,6,0,16,14,0,14,30
01/03/2021,GTR,MS,ASO,ES,Federal Contract Tower,0,7,0,0,7,0,4,12,0,16,0,11,12,0,23,4,0,4,27
01/04/2021,GTR,MS,ASO,ES,Federal Contract Tower,0,6,4,0,10,0,0,7,0,7,0,6,11,0,17,2,0,2,19
01/05/2021,GTR,MS,ASO,ES,Federal Contract Tower,0,5,3,71,79,0,4,13,37,54,0,9,16,108,133,10,146,156,289
01/06/2021,GTR,MS,ASO,ES,Federal Contract Tower,0,5,2,51,58,0,1,16,38,55,0,6,18,89,113,8,134,142,255
01/07/2021,GTR,MS,ASO,ES,Federal Contract Tower,0,5,2,2,9,0,0,1,0,1,0,5,3,2,10,0,0,0,10
01/08/2021,GTR,MS,ASO,ES,Federal Contract Tower,0,5,3,10,18,0,2,5,1,8,0,7,8,11,26,0,24,24,50
01/09/2021,GTR,MS,ASO,ES,Federal Contract Tower,0,4,0,3,7,0,4,15,1,20,0,8,15,4,27,12,0,12,39
01/10/2021,GTR,MS,ASO,ES,Federal Contract Tower,0,5,0,1,6,0,2,17,1,20,0,7,17,2,26,18,0,18,44
01/11/2021,GTR,MS,ASO,ES,Federal Contract Tower,2,3,1,0,6,0,0,0,0,0,2,3,1,0,6,0,0,0,6
01/12/2021,GTR,MS,ASO,ES,Federal Contract Tower,2,7,0,36,45,0,2,18,24,44,2,9,18,60,89,12,130,142,231
01/13/2021,GTR,MS,ASO,ES,Federal Contract Tower,1,9,2,22,34,0,3,7,12,22,1,12,9,34,56,4,96,100,156
01/14/2021,GTR,MS,ASO,ES,Federal Contract Tower,0,9,7,37,53,0,0,18,26,44,0,9,25,63,97,30,70,100,197
01/15/2021,GTR,MS,ASO,ES,Federal Contract Tower,1,5,1,42,49,0,5,6,25,36,1,10,7,67,85,6,80,86,171
01/16/2021,GTR,MS,ASO,ES,Federal Contract Tower,1,5,2,8,16,0,8,11,0,19,1,13,13,8,35,0,8,8,43
01/17/2021,GTR,MS,ASO,ES,Federal Contract Tower,0,3,4,17,24,0,2,6,15,23,0,5,10,32,47,2,16,18,65
01/18/2021,GTR,MS,ASO,ES,Federal Contract Tower,0,7,3,24,34,0,2,20,25,47,0,9,23,49,81,14,42,56,137
01/19/2021,GTR,MS,ASO,ES,Federal Contract Tower,0,7,4,73,84,0,3,6,22,31,0,10,10,95,115,12,62,74,189
01/20/2021,GTR,MS,ASO,ES,Federal Contract Tower,0,5,1,37,43,0,0,22,30,52,0,5,23,67,95,34,104,138,233
01/21/2021,GTR,MS,ASO,ES,Federal Contract Tower,0,5,5,14,24,0,0,0,0,0,0,5,5,14,24,0,0,0,24
01/22/2021,GTR,MS,ASO,ES,Federal Contract Tower,0,5,10,41,56,0,0,12,13,25,0,5,22,54,81,2,72,74,155
01/23/2021,GTR,MS,ASO,ES,Federal Contract Tower,0,3,2,39,44,0,3,21,28,52,0,6,23,67,96,26,72,98,194
01/24/2021,GTR,MS,ASO,ES,Federal Contract Tower,0,5,10,35,50,0,0,0,1,1,0,5,10,36,51,0,16,16,67
01/25/2021,GTR,MS,ASO,ES,Federal Contract Tower,2,5,7,21,35,0,1,2,2,5,2,6,9,23,40,0,30,30,70
01/26/2021,GTR,MS,ASO,ES,Federal Contract Tower,0,4,6,36,46,0,6,22,40,68,0,10,28,76,114,14,94,108,222
01/27/2021,GTR,MS,ASO,ES,Federal Contract Tower,0,4,5,41,50,0,1,9,24,34,0,5,14,65,84,6,94,100,184
01/28/2021,GTR,MS,ASO,ES,Federal Contract Tower,0,9,17,36,62,0,0,28,40,68,0,9,45,76,130,36,118,154,284
01/29/2021,GTR,MS,ASO,ES,Federal Contract Tower,0,5,5,18,28,0,3,21,29,53,0,8,26,47,81,14,102,116,197
01/30/2021,GTR,MS,ASO,ES,Federal Contract Tower,0,3,3,10,16,0,2,5,10,17,0,5,8,20,33,6,50,56,89
01/31/2021,GTR,MS,ASO,ES,Federal Contract Tower,0,7,0,12,19,0,0,10,5,15,0,7,10,17,34,10,18,28,62
02/01/2021,GTR,MS,ASO,ES,Federal Contract Tower,0,7,4,60,71,0,0,0,46,46,0,7,4,106,117,0,128,128,245
02/02/2021,GTR,MS,ASO,ES,Federal Contract Tower,0,3,2,42,47,0,0,18,37,55,0,3,20,79,102,50,164,214,316
02/03/2021,GTR,MS,ASO,ES,Federal Contract Tower,0,3,3,35,41,0,0,21,36,57,0,3,24,71,98,10,96,106,204
02/04/2021,GTR,MS,ASO,ES,Federal Contract Tower,0,5,6,37,48,0,3,11,28,42,0,8,17,65,90,14,176,190,280
02/05/2021,GTR,MS,ASO,ES,Federal Contract Tower,0,7,3,33,43,0,1,25,29,55,0,8,28,62,98,30,86,116,214
02/06/2021,GTR,MS,ASO,ES,Federal Contract Tower,0,3,2,7,12,0,0,9,1,10,0,3,11,8,22,6,4,10,32
02/07/2021,GTR,MS,ASO,ES,Federal Contract Tower,0,3,4,15,22,0,2,5,4,11,0,5,9,19,33,2,14,16,49
02/08/2021,GTR,MS,ASO,ES,Federal Contract Tower,0,7,2,32,41,0,2,12,24,38,0,9,14,56,79,14,102,116,195
02/09/2021,GTR,MS,ASO,ES,Federal Contract Tower,0,8,3,44,55,0,3,34,41,78,0,11,37,85,133,18,256,274,407
02/10/2021,GTR,MS,ASO,ES,Federal Contract Tower,0,3,0,44,47,0,0,32,34,66,0,3,32,78,113,24,190,214,327
02/11/2021,GTR,MS,ASO,ES,Federal Contract Tower,0,7,1,4,12,0,0,0,0,0,0,7,1,4,12,0,0,0,12
02/12/2021,GTR,MS,ASO,ES,Federal Contract Tower,2,9,4,6,21,0,0,0,0,0,2,9,4,6,21,0,0,0,21
02/13/2021,GTR,MS,ASO,ES,Federal Contract Tower,2,0,1,0,3,0,0,0,0,0,2,0,1,0,3,0,0,0,3
02/14/2021,GTR,MS,ASO,ES,Federal Contract Tower,0,3,2,0,5,0,0,0,0,0,0,3,2,0,5,0,0,0,5
02/15/2021,GTR,MS,ASO,ES,Federal Contract Tower,0,0,0,0,0,0,0,0,0,0,0,0,0,0,0,0,0,0,0
02/16/2021,GTR,MS,ASO,ES,Federal Contract Tower,0,0,0,0,0,0,0,0,0,0,0,0,0,0,0,0,0,0,0
02/17/2021,GTR,MS,ASO,ES,Federal Contract Tower,0,0,0,0,0,0,0,0,0,0,0,0,0,0,0,0,0,0,0
02/18/2021,GTR,MS,ASO,ES,Federal Contract Tower,0,4,0,0,4,0,0,0,0,0,0,4,0,0,4,0,0,0,4
02/19/2021,GTR,MS,ASO,ES,Federal Contract Tower,0,6,6,23,35,0,4,1,6,11,0,10,7,29,46,0,28,28,74
02/20/2021,GTR,MS,ASO,ES,Federal Contract Tower,0,3,6,0,9,0,5,19,0,24,0,8,25,0,33,46,0,46,79
02/21/2021,GTR,MS,ASO,ES,Federal Contract Tower,0,7,2,0,9,0,2,19,0,21,0,9,21,0,30,26,0,26,56
02/22/2021,GTR,MS,ASO,ES,Federal Contract Tower,0,7,15,4,26,0,3,24,1,28,0,10,39,5,54,18,0,18,72
02/23/2021,GTR,MS,ASO,ES,Federal Contract Tower,0,7,4,88,99,0,1,30,56,87,0,8,34,144,186,12,274,286,472
02/24/2021,GTR,MS,ASO,ES,Federal Contract Tower,0,3,4,45,52,0,4,53,49,106,0,7,57,94,158,34,134,168,326
02/25/2021,GTR,MS,ASO,ES,Federal Contract Tower,0,7,4,57,68,0,0,44,25,69,0,7,48,82,137,14,94,108,245
02/26/2021,GTR,MS,ASO,ES,Federal Contract Tower,0,5,5,15,25,0,0,4,2,6,0,5,9,17,31,0,12,12,43
02/27/2021,GTR,MS,ASO,ES,Federal Contract Tower,0,3,5,15,23,0,6,49,4,59,0,9,54,19,82,16,20,36,118
02/28/2021,GTR,MS,ASO,ES,Federal Contract Tower,0,5,12,8,25,0,3,10,6,19,0,8,22,14,44,24,14,38,82
03/01/2021,GTR,MS,ASO,ES,Federal Contract Tower,0,10,2,39,51,0,0,4,3,7,0,10,6,42,58,0,36,36,94
03/02/2021,GTR,MS,ASO,ES,Federal Contract Tower,0,3,8,34,45,0,0,9,26,35,0,3,17,60,80,8,112,120,200
03/03/2021,GTR,MS,ASO,ES,Federal Contract Tower,0,4,11,60,75,0,1,35,11,47,0,5,46,71,122,34,100,134,256
03/04/2021,GTR,MS,ASO,ES,Federal Contract Tower,0,11,3,39,53,0,0,53,21,74,0,11,56,60,127,46,56,102,229
03/05/2021,GTR,MS,ASO,ES,Federal Contract Tower,0,8,1,42,51,0,4,37,32,73,0,12,38,74,124,20,82,102,226
03/06/2021,GTR,MS,ASO,ES,Federal Contract Tower,0,3,4,11,18,0,0,15,11,26,0,3,19,22,44,12,36,48,92
03/07/2021,GTR,MS,ASO,ES,Federal Contract Tower,0,7,1,15,23,0,4,41,7,52,0,11,42,22,75,6,30,36,111
03/08/2021,GTR,MS,ASO,ES,Federal Contract Tower,0,7,3,25,35,0,2,43,28,73,0,9,46,53,108,50,102,152,260
03/09/2021,GTR,MS,ASO,ES,Federal Contract Tower,0,4,6,18,28,0,1,48,17,66,0,5,54,35,94,10,48,58,152
03/10/2021,GTR,MS,ASO,ES,Federal Contract Tower,0,3,0,34,37,0,0,26,30,56,0,3,26,64,93,14,158,172,265
03/11/2021,GTR,MS,ASO,ES,Federal Contract Tower,0,7,5,45,57,0,8,28,41,77,0,15,33,86,134,28,92,120,254
03/12/2021,GTR,MS,ASO,ES,Federal Contract Tower,0,5,6,35,46,0,2,38,24,64,0,7,44,59,110,24,128,152,262
03/13/2021,GTR,MS,ASO,ES,Federal Contract Tower,0,3,1,12,16,0,6,34,5,45,0,9,35,17,61,18,14,32,93
03/14/2021,GTR,MS,ASO,ES,Federal Contract Tower,0,5,9,10,24,0,2,8,7,17,0,7,17,17,41,6,58,64,105
03/15/2021,GTR,MS,ASO,ES,Federal Contract Tower,0,7,7,6,20,0,1,7,1,9,0,8,14,7,29,20,0,20,49
03/16/2021,GTR,MS,ASO,ES,Federal Contract Tower,0,3,8,3,14,0,0,18,0,18,0,3,26,3,32,26,0,26,58
03/17/2021,GTR,MS,ASO,ES,Federal Contract Tower,0,3,1,0,4,0,0,0,0,0,0,3,1,0,4,0,0,0,4
03/18/2021,GTR,MS,ASO,ES,Federal Contract Tower,0,8,9,0,17,0,0,14,8,22,0,8,23,8,39,10,8,18,57
03/19/2021,GTR,MS,ASO,ES,Federal Contract Tower,0,3,7,39,49,0,0,3,15,18,0,3,10,54,67,2,82,84,151
03/20/2021,GTR,MS,ASO,ES,Federal Contract Tower,0,3,2,16,21,0,1,23,16,40,0,4,25,32,61,40,36,76,137
03/21/2021,GTR,MS,ASO,ES,Federal Contract Tower,0,8,3,6,17,0,2,29,13,44,0,10,32,19,61,27,20,47,108
03/22/2021,GTR,MS,ASO,ES,Federal Contract Tower,0,7,4,39,50,0,1,25,33,59,0,8,29,72,109,20,142,162,271
03/23/2021,GTR,MS,ASO,ES,Federal Contract Tower,0,3,9,11,23,0,0,5,0,5,0,3,14,11,28,12,0,12,40
03/24/2021,GTR,MS,ASO,ES,Federal Contract Tower,0,4,11,4,19,0,0,43,0,43,0,4,54,4,62,14,0,14,76
03/25/2021,GTR,MS,ASO,ES,Federal Contract Tower,2,8,2,0,12,0,0,4,0,4,2,8,6,0,16,2,0,2,18
03/26/2021,GTR,MS,ASO,ES,Federal Contract Tower,0,10,2,7,19,0,2,31,3,36,0,12,33,10,55,2,10,12,67
03/27/2021,GTR,MS,ASO,ES,Federal Contract Tower,0,4,3,10,17,0,4,0,6,10,0,8,3,16,27,0,48,48,75
03/28/2021,GTR,MS,ASO,ES,Federal Contract Tower,2,7,4,24,37,0,4,1,0,5,2,11,5,24,42,0,6,6,48
03/29/2021,GTR,MS,ASO,ES,Federal Contract Tower,0,9,10,49,68,0,1,39,48,88,0,10,49,97,156,34,146,180,336
03/30/2021,GTR,MS,ASO,ES,Federal Contract Tower,0,3,0,65,68,0,1,16,51,68,0,4,16,116,136,18,208,226,362
03/31/2021,GTR,MS,ASO,ES,Federal Contract Tower,0,6,0,14,20,0,2,0,7,9,0,8,0,21,29,0,36,36,65
04/01/2021,GTR,MS,ASO,ES,Federal Contract Tower,0,7,6,33,46,0,2,16,25,43,0,9,22,58,89,0,74,74,163
04/02/2021,GTR,MS,ASO,ES,Federal Contract Tower,0,5,2,1,8,0,3,24,0,27,0,8,26,1,35,12,0,12,47
04/03/2021,GTR,MS,ASO,ES,Federal Contract Tower,0,3,1,5,9,0,2,27,0,29,0,5,28,5,38,12,0,12,50
04/04/2021,GTR,MS,ASO,ES,Federal Contract Tower,0,5,2,2,9,0,0,8,2,10,0,5,10,4,19,6,6,12,31
04/05/2021,GTR,MS,ASO,ES,Federal Contract Tower,0,5,18,36,59,0,0,9,36,45,0,5,27,72,104,0,86,86,190
04/06/2021,GTR,MS,ASO,ES,Federal Contract Tower,0,5,2,43,50,0,0,53,36,89,0,5,55,79,139,12,256,268,407
04/07/2021,GTR,MS,ASO,ES,Federal Contract Tower,0,3,15,37,55,0,3,20,23,46,0,6,35,60,101,8,78,86,187
04/08/2021,GTR,MS,ASO,ES,Federal Contract Tower,0,7,10,45,62,0,0,21,22,43,0,7,31,67,105,14,100,114,219
04/09/2021,GTR,MS,ASO,ES,Federal Contract Tower,0,7,10,32,49,0,0,13,6,19,0,7,23,38,68,0,16,16,84
04/10/2021,GTR,MS,ASO,ES,Federal Contract Tower,0,3,2,0,5,0,1,6,0,7,0,4,8,0,12,4,0,4,16
04/11/2021,GTR,MS,ASO,ES,Federal Contract Tower,0,5,5,4,14,0,0,27,10,37,0,5,32,14,51,10,10,20,71
04/12/2021,GTR,MS,ASO,ES,Federal Contract Tower,0,8,12,47,67,0,0,40,38,78,0,8,52,85,145,24,100,124,269
04/13/2021,GTR,MS,ASO,ES,Federal Contract Tower,0,7,6,35,48,0,0,43,29,72,0,7,49,64,120,10,112,122,242
04/14/2021,GTR,MS,ASO,ES,Federal Contract Tower,0,7,12,31,50,0,0,10,12,22,0,7,22,43,72,0,98,98,170
04/15/2021,GTR,MS,ASO,ES,Federal Contract Tower,1,8,8,23,40,0,0,17,24,41,1,8,25,47,81,4,34,38,119
04/16/2021,GTR,MS,ASO,ES,Federal Contract Tower,0,6,2,28,36,0,0,21,22,43,0,6,23,50,79,12,150,162,241
04/17/2021,GTR,MS,ASO,ES,Federal Contract Tower,0,3,4,5,12,0,3,12,2,17,0,6,16,7,29,14,12,26,55
04/18/2021,GTR,MS,ASO,ES,Federal Contract Tower,0,10,0,12,22,0,0,14,28,42,0,10,14,40,64,2,20,22,86
04/19/2021,GTR,MS,ASO,ES,Federal Contract Tower,0,7,9,32,48,0,0,15,30,45,0,7,24,62,93,18,108,126,219
04/20/2021,GTR,MS,ASO,ES,Federal Contract Tower,0,8,2,34,44,0,0,46,36,82,0,8,48,70,126,14,176,190,316
04/21/2021,GTR,MS,ASO,ES,Federal Contract Tower,0,6,6,33,45,0,0,13,35,48,0,6,19,68,93,26,150,176,269
04/22/2021,GTR,MS,ASO,ES,Federal Contract Tower,0,6,5,45,56,0,2,29,38,69,0,8,34,83,125,16,146,162,287
04/23/2021,GTR,MS,ASO,ES,Federal Contract Tower,0,5,7,51,63,0,4,3,42,49,0,9,10,93,112,0,114,114,226
04/24/2021,GTR,MS,ASO,ES,Federal Contract Tower,0,3,3,10,16,0,2,2,6,10,0,5,5,16,26,0,10,10,36
04/25/2021,GTR,MS,ASO,ES,Federal Contract Tower,0,8,4,7,19,0,3,7,13,23,0,11,11,20,42,2,54,56,98
04/26/2021,GTR,MS,ASO,ES,Federal Contract Tower,0,6,8,71,85,0,2,23,14,39,0,8,31,85,124,20,50,70,194
04/27/2021,GTR,MS,ASO,ES,Federal Contract Tower,0,5,3,46,54,0,4,16,24,44,0,9,19,70,98,10,132,142,240
04/28/2021,GTR,MS,ASO,ES,Federal Contract Tower,0,7,3,74,84,0,3,11,7,21,0,10,14,81,105,2,78,80,185
04/29/2021,GTR,MS,ASO,ES,Federal Contract Tower,1,8,10,69,88,0,0,17,11,28,1,8,27,80,116,0,24,24,140
04/30/2021,GTR,MS,ASO,ES,Federal Contract Tower,0,9,3,70,82,0,1,8,10,19,0,10,11,80,101,2,30,32,133
05/01/2021,GTR,MS,ASO,ES,Federal Contract Tower,0,3,0,6,9,0,7,0,5,12,0,10,0,11,21,0,8,8,29
05/02/2021,GTR,MS,ASO,ES,Federal Contract Tower,0,7,2,18,27,0,0,9,4,13,0,7,11,22,40,24,18,42,82
05/03/2021,GTR,MS,ASO,ES,Federal Contract Tower,0,8,8,62,78,0,2,9,2,13,0,10,17,64,91,0,0,0,91
05/04/2021,GTR,MS,ASO,ES,Federal Contract Tower,0,7,3,22,32,0,0,2,0,2,0,7,5,22,34,0,0,0,34
05/05/2021,GTR,MS,ASO,ES,Federal Contract Tower,0,8,7,25,40,0,2,11,7,20,0,10,18,32,60,6,20,26,86
05/06/2021,GTR,MS,ASO,ES,Federal Contract Tower,0,5,9,67,81,0,2,16,21,39,0,7,25,88,120,2,36,38,158
05/07/2021,GTR,MS,ASO,ES,Federal Contract Tower,0,5,7,56,68,0,6,32,15,53,0,11,39,71,121,18,38,56,177
05/08/2021,GTR,MS,ASO,ES,Federal Contract Tower,0,5,12,14,31,0,2,38,15,55,0,7,50,29,86,4,42,46,132
05/09/2021,GTR,MS,ASO,ES,Federal Contract Tower,0,7,6,33,46,0,2,25,9,36,0,9,31,42,82,4,14,18,100
05/10/2021,GTR,MS,ASO,ES,Federal Contract Tower,0,7,7,61,75,0,0,0,0,0,0,7,7,61,75,0,0,0,75
05/11/2021,GTR,MS,ASO,ES,Federal Contract Tower,0,6,4,61,71,0,0,4,0,4,0,6,8,61,75,2,0,2,77
05/12/2021,GTR,MS,ASO,ES,Federal Contract Tower,0,7,9,63,79,0,2,21,11,34,0,9,30,74,113,10,34,44,157
05/13/2021,GTR,MS,ASO,ES,Federal Contract Tower,0,7,3,61,71,0,2,40,25,67,0,9,43,86,138,4,48,52,190
05/14/2021,GTR,MS,ASO,ES,Federal Contract Tower,0,7,2,57,66,0,4,30,6,40,0,11,32,63,106,4,22,26,132
05/16/2021,GTR,MS,ASO,ES,Federal Contract Tower,0,6,5,33,44,0,2,23,5,30,0,8,28,38,74,36,18,54,128
05/17/2021,GTR,MS,ASO,ES,Federal Contract Tower,0,7,4,33,44,0,3,13,26,42,0,10,17,59,86,2,110,112,198
05/18/2021,GTR,MS,ASO,ES,Federal Contract Tower,0,5,1,39,45,0,1,1,26,28,0,6,2,65,73,0,54,54,127
05/19/2021,GTR,MS,ASO,ES,Federal Contract Tower,0,7,3,20,30,0,2,9,22,33,0,9,12,42,63,8,82,90,153
05/20/2021,GTR,MS,ASO,ES,Federal Contract Tower,2,5,2,24,33,0,0,15,22,37,2,5,17,46,70,8,82,90,160
05/21/2021,GTR,MS,ASO,ES,Federal Contract Tower,0,4,7,26,37,0,6,21,23,50,0,10,28,49,87,2,126,128,215
05/22/2021,GTR,MS,ASO,ES,Federal Contract Tower,0,5,1,2,8,0,8,18,2,28,0,13,19,4,36,2,0,2,38
05/23/2021,GTR,MS,ASO,ES,Federal Contract Tower,0,10,3,10,23,0,6,9,0,15,0,16,12,10,38,20,6,26,64
05/24/2021,GTR,MS,ASO,ES,Federal Contract Tower,0,10,8,26,44,0,2,11,33,46,0,12,19,59,90,4,80,84,174
05/25/2021,GTR,MS,ASO,ES,Federal Contract Tower,0,9,5,30,44,0,2,27,30,59,0,11,32,60,103,28,72,100,203
05/26/2021,GTR,MS,ASO,ES,Federal Contract Tower,0,10,6,42,58,0,1,28,31,60,0,11,34,73,118,0,182,182,300
05/27/2021,GTR,MS,ASO,ES,Federal Contract Tower,0,5,2,30,37,0,0,25,27,52,0,5,27,57,89,12,134,146,235
05/28/2021,GTR,MS,ASO,ES,Federal Contract Tower,0,5,5,5,15,0,0,17,3,20,0,5,22,8,35,46,22,68,103
05/29/2021,GTR,MS,ASO,ES,Federal Contract Tower,0,3,2,4,9,0,4,4,1,9,0,7,6,5,18,6,2,8,26
05/30/2021,GTR,MS,ASO,ES,Federal Contract Tower,0,5,0,2,7,0,3,0,2,5,0,8,0,4,12,0,46,46,58
05/31/2021,GTR,MS,ASO,ES,Federal Contract Tower,0,5,4,0,9,0,2,47,2,51,0,7,51,2,60,10,0,10,70
06/01/2021,GTR,MS,ASO,ES,Federal Contract Tower,0,7,4,42,53,0,2,68,35,105,0,9,72,77,158,74,98,172,330
06/02/2021,GTR,MS,ASO,ES,Federal Contract Tower,2,6,5,7,20,0,0,14,0,14,2,6,19,7,34,4,0,4,38
06/03/2021,GTR,MS,ASO,ES,Federal Contract Tower,0,5,7,33,45,0,0,30,34,64,0,5,37,67,109,24,158,182,291
06/04/2021,GTR,MS,ASO,ES,Federal Contract Tower,0,7,5,24,36,0,2,36,23,61,0,9,41,47,97,4,58,62,159
06/05/2021,GTR,MS,ASO,ES,Federal Contract Tower,0,5,3,25,33,0,1,20,4,25,0,6,23,29,58,6,10,16,74
06/06/2021,GTR,MS,ASO,ES,Federal Contract Tower,0,5,2,8,15,0,0,0,1,1,0,5,2,9,16,0,0,0,16
06/07/2021,GTR,MS,ASO,ES,Federal Contract Tower,0,7,10,48,65,0,0,29,6,35,0,7,39,54,100,20,44,64,164
06/08/2021,GTR,MS,ASO,ES,Federal Contract Tower,0,7,6,33,46,0,0,13,9,22,0,7,19,42,68,6,30,36,104
06/09/2021,GTR,MS,ASO,ES,Federal Contract Tower,0,6,3,13,22,0,0,3,0,3,0,6,6,13,25,0,10,10,35
06/10/2021,GTR,MS,ASO,ES,Federal Contract Tower,2,6,1,47,56,0,2,3,6,11,2,8,4,53,67,0,28,28,95
06/11/2021,GTR,MS,ASO,ES,Federal Contract Tower,0,6,2,36,44,0,3,12,8,23,0,9,14,44,67,16,34,50,117
06/12/2021,GTR,MS,ASO,ES,Federal Contract Tower,0,5,1,30,36,0,1,17,8,26,0,6,18,38,62,14,8,22,84
06/13/2021,GTR,MS,ASO,ES,Federal Contract Tower,0,7,3,15,25,0,2,9,1,12,0,9,12,16,37,4,2,6,43
06/14/2021,GTR,MS,ASO,ES,Federal Contract Tower,0,7,3,45,55,0,5,22,34,61,0,12,25,79,116,6,128,134,250
06/15/2021,GTR,MS,ASO,ES,Federal Contract Tower,2,9,3,15,29,0,3,28,16,47,2,12,31,31,76,8,74,82,158
06/16/2021,GTR,MS,ASO,ES,Federal Contract Tower,0,11,7,30,48,0,2,8,34,44,0,13,15,64,92,0,76,76,168
06/17/2021,GTR,MS,ASO,ES,Federal Contract Tower,0,7,4,26,37,0,3,20,26,49,0,10,24,52,86,10,66,76,162
06/18/2021,GTR,MS,ASO,ES,Federal Contract Tower,0,7,2,6,15,0,2,52,15,69,0,9,54,21,84,14,24,38,122
06/19/2021,GTR,MS,ASO,ES,Federal Contract Tower,0,5,1,0,6,0,0,0,0,0,0,5,1,0,6,0,0,0,6
06/20/2021,GTR,MS,ASO,ES,Federal Contract Tower,0,5,4,18,27,0,3,34,4,41,0,8,38,22,68,8,32,40,108
06/21/2021,GTR,MS,ASO,ES,Federal Contract Tower,0,11,5,52,68,0,4,17,17,38,0,15,22,69,106,6,170,176,282
06/22/2021,GTR,MS,ASO,ES,Federal Contract Tower,0,5,2,39,46,0,0,20,15,35,0,5,22,54,81,24,138,162,243
06/23/2021,GTR,MS,ASO,ES,Federal Contract Tower,0,7,7,19,33,0,2,25,21,48,0,9,32,40,81,24,80,104,185
06/24/2021,GTR,MS,ASO,ES,Federal Contract Tower,0,5,2,37,44,0,0,38,32,70,0,5,40,69,114,50,98,148,262
06/25/2021,GTR,MS,ASO,ES,Federal Contract Tower,0,8,5,47,60,0,1,53,8,62,0,9,58,55,122,4,28,32,154
06/26/2021,GTR,MS,ASO,ES,Federal Contract Tower,0,3,3,21,27,0,0,20,6,26,0,3,23,27,53,12,88,100,153
06/27/2021,GTR,MS,ASO,ES,Federal Contract Tower,0,8,0,13,21,0,4,14,9,27,0,12,14,22,48,0,14,14,62
06/28/2021,GTR,MS,ASO,ES,Federal Contract Tower,0,8,4,32,44,0,6,42,22,70,0,14,46,54,114,12,98,110,224
06/29/2021,GTR,MS,ASO,ES,Federal Contract Tower,0,5,3,18,26,0,3,45,17,65,0,8,48,35,91,12,40,52,143
06/30/2021,GTR,MS,ASO,ES,Federal Contract Tower,0,5,3,21,29,0,0,35,23,58,0,5,38,44,87,4,76,80,167
07/01/2021,GTR,MS,ASO,ES,Federal Contract Tower,2,12,7,56,77,0,0,101,29,130,2,12,108,85,207,0,136,136,343
07/02/2021,GTR,MS,ASO,ES,Federal Contract Tower,0,9,4,4,17,0,1,2,0,3,0,10,6,4,20,0,0,0,20
07/03/2021,GTR,MS,ASO,ES,Federal Contract Tower,0,3,3,0,6,0,3,29,0,32,0,6,32,0,38,30,0,30,68
07/04/2021,GTR,MS,ASO,ES,Federal Contract Tower,0,3,4,0,7,0,4,8,0,12,0,7,12,0,19,12,0,12,31
07/05/2021,GTR,MS,ASO,ES,Federal Contract Tower,0,5,6,2,13,0,8,29,7,44,0,13,35,9,57,2,6,8,65
07/06/2021,GTR,MS,ASO,ES,Federal Contract Tower,0,8,13,35,56,0,1,5,12,18,0,9,18,47,74,0,80,80,154
07/07/2021,GTR,MS,ASO,ES,Federal Contract Tower,0,7,3,12,22,0,2,0,2,4,0,9,3,14,26,0,38,38,64
07/08/2021,GTR,MS,ASO,ES,Federal Contract Tower,0,5,1,40,46,0,0,31,18,49,0,5,32,58,95,28,34,62,157
07/09/2021,GTR,MS,ASO,ES,Federal Contract Tower,0,5,5,61,71,0,0,50,35,85,0,5,55,96,156,14,170,184,340
07/10/2021,GTR,MS,ASO,ES,Federal Contract Tower,0,3,6,24,33,0,0,22,5,27,0,3,28,29,60,12,18,30,90
07/11/2021,GTR,MS,ASO,ES,Federal Contract Tower,0,6,3,28,37,0,0,0,13,13,0,6,3,41,50,0,60,60,110
07/12/2021,GTR,MS,ASO,ES,Federal Contract Tower,0,6,3,48,57,0,0,11,30,41,0,6,14,78,98,0,204,204,302
07/13/2021,GTR,MS,ASO,ES,Federal Contract Tower,0,5,4,24,33,0,4,24,19,47,0,9,28,43,80,2,62,64,144
07/14/2021,GTR,MS,ASO,ES,Federal Contract Tower,0,7,5,34,46,0,2,34,34,70,0,9,39,68,116,36,138,174,290
07/15/2021,GTR,MS,ASO,ES,Federal Contract Tower,0,5,4,26,35,0,2,20,28,50,0,7,24,54,85,2,76,78,163
07/16/2021,GTR,MS,ASO,ES,Federal Contract Tower,0,9,3,16,28,0,0,26,16,42,0,9,29,32,70,10,4,14,84
07/17/2021,GTR,MS,ASO,ES,Federal Contract Tower,0,3,2,31,36,0,0,12,4,16,0,3,14,35,52,18,34,52,104
07/18/2021,GTR,MS,ASO,ES,Federal Contract Tower,0,12,2,27,41,0,0,4,1,5,0,12,6,28,46,0,2,2,48
07/19/2021,GTR,MS,ASO,ES,Federal Contract Tower,0,9,3,42,54,0,2,3,23,28,0,11,6,65,82,4,110,114,196
07/20/2021,GTR,MS,ASO,ES,Federal Contract Tower,0,8,4,75,87,0,0,10,8,18,0,8,14,83,105,2,42,44,149
07/21/2021,GTR,MS,ASO,ES,Federal Contract Tower,0,10,3,48,61,0,2,21,20,43,0,12,24,68,104,0,58,58,162
07/22/2021,GTR,MS,ASO,ES,Federal Contract Tower,0,5,4,39,48,0,2,50,17,69,0,7,54,56,117,16,24,40,157
07/23/2021,GTR,MS,ASO,ES,Federal Contract Tower,0,10,2,35,47,0,2,26,29,57,0,12,28,64,104,12,47,59,163
07/24/2021,GTR,MS,ASO,ES,Federal Contract Tower,0,3,4,34,41,0,0,33,23,56,0,3,37,57,97,0,28,28,125
07/25/2021,GTR,MS,ASO,ES,Federal Contract Tower,0,7,2,39,48,0,0,27,6,33,0,7,29,45,81,2,30,32,113
07/26/2021,GTR,MS,ASO,ES,Federal Contract Tower,0,8,1,27,36,0,3,20,17,40,0,11,21,44,76,0,50,50,126
07/27/2021,GTR,MS,ASO,ES,Federal Contract Tower,0,10,11,47,68,0,2,54,23,79,0,12,65,70,147,24,136,160,307
07/28/2021,GTR,MS,ASO,ES,Federal Contract Tower,0,7,3,41,51,0,1,34,26,61,0,8,37,67,112,34,64,98,210
07/29/2021,GTR,MS,ASO,ES,Federal Contract Tower,0,6,4,39,49,0,7,19,31,57,0,13,23,70,106,35,116,151,257
07/30/2021,GTR,MS,ASO,ES,Federal Contract Tower,0,7,4,42,53,0,0,48,28,76,0,7,52,70,129,20,132,152,281
07/31/2021,GTR,MS,ASO,ES,Federal Contract Tower,0,4,7,12,23,0,0,19,4,23,0,4,26,16,46,4,2,6,52
08/01/2021,GTR,MS,ASO,ES,Federal Contract Tower,0,5,4,8,17,0,3,10,4,17,0,8,14,12,34,32,12,44,78
08/02/2021,GTR,MS,ASO,ES,Federal Contract Tower,0,7,0,35,42,0,2,6,1,9,0,9,6,36,51,10,32,42,93
08/03/2021,GTR,MS,ASO,ES,Federal Contract Tower,0,5,5,40,50,0,0,61,29,90,0,5,66,69,140,6,92,98,238
08/04/2021,GTR,MS,ASO,ES,Federal Contract Tower,0,7,8,27,42,0,0,85,22,107,0,7,93,49,149,0,58,58,207
08/05/2021,GTR,MS,ASO,ES,Federal Contract Tower,0,7,4,32,43,0,7,44,25,76,0,14,48,57,119,0,54,54,173
08/06/2021,GTR,MS,ASO,ES,Federal Contract Tower,0,7,7,19,33,0,0,28,22,50,0,7,35,41,83,16,44,60,143
08/07/2021,GTR,MS,ASO,ES,Federal Contract Tower,0,3,0,14,17,0,2,27,3,32,0,5,27,17,49,2,18,20,69
08/08/2021,GTR,MS,ASO,ES,Federal Contract Tower,0,5,3,3,11,0,5,14,0,19,0,10,17,3,30,40,0,40,70
08/09/2021,GTR,MS,ASO,ES,Federal Contract Tower,0,8,3,57,68,0,2,42,38,82,0,10,45,95,150,10,134,144,294
08/10/2021,GTR,MS,ASO,ES,Federal Contract Tower,0,7,14,24,45,0,1,51,28,80,0,8,65,52,125,38,62,100,225
08/11/2021,GTR,MS,ASO,ES,Federal Contract Tower,0,6,4,20,30,0,2,32,27,61,0,8,36,47,91,4,42,46,137
08/12/2021,GTR,MS,ASO,ES,Federal Contract Tower,0,5,7,40,52,0,3,16,34,53,0,8,23,74,105,2,112,114,219
08/13/2021,GTR,MS,ASO,ES,Federal Contract Tower,0,7,4,56,67,0,6,36,30,72,0,13,40,86,139,14,132,146,285
08/14/2021,GTR,MS,ASO,ES,Federal Contract Tower,0,3,3,12,18,0,5,34,6,45,0,8,37,18,63,16,20,36,99
08/15/2021,GTR,MS,ASO,ES,Federal Contract Tower,0,8,1,16,25,0,0,6,0,6,0,8,7,16,31,0,10,10,41
08/16/2021,GTR,MS,ASO,ES,Federal Contract Tower,0,6,5,39,50,0,6,19,7,32,0,12,24,46,82,2,62,64,146
08/17/2021,GTR,MS,ASO,ES,Federal Contract Tower,0,9,0,36,45,0,2,57,35,94,0,11,57,71,139,4,74,78,217
08/18/2021,GTR,MS,ASO,ES,Federal Contract Tower,0,7,4,51,62,0,2,14,26,42,0,9,18,77,104,8,78,86,190
08/19/2021,GTR,MS,ASO,ES,Federal Contract Tower,0,9,8,30,47,0,0,10,4,14,0,9,18,34,61,0,4,4,65
08/20/2021,GTR,MS,ASO,ES,Federal Contract Tower,0,9,8,46,63,0,0,0,2,2,0,9,8,48,65,0,32,32,97
08/21/2021,GTR,MS,ASO,ES,Federal Contract Tower,0,3,6,10,19,0,4,35,3,42,0,7,41,13,61,14,38,52,113
08/22/2021,GTR,MS,ASO,ES,Federal Contract Tower,0,5,3,11,19,0,2,6,3,11,0,7,9,14,30,10,10,20,50
08/23/2021,GTR,MS,ASO,ES,Federal Contract Tower,0,5,3,35,43,0,6,35,31,72,0,11,38,66,115,22,146,168,283
08/24/2021,GTR,MS,ASO,ES,Federal Contract Tower,0,6,6,33,45,0,4,40,29,73,0,10,46,62,118,24,74,98,216
08/25/2021,GTR,MS,ASO,ES,Federal Contract Tower,0,8,2,20,30,0,3,22,15,40,0,11,24,35,70,38,46,84,154
08/26/2021,GTR,MS,ASO,ES,Federal Contract Tower,0,5,2,34,41,0,2,19,19,40,0,7,21,53,81,2,62,64,145
08/27/2021,GTR,MS,ASO,ES,Federal Contract Tower,0,8,6,24,38,0,0,28,23,51,0,8,34,47,89,0,42,42,131
08/28/2021,GTR,MS,ASO,ES,Federal Contract Tower,0,4,5,26,35,0,0,20,14,34,0,4,25,40,69,8,20,28,97
08/29/2021,GTR,MS,ASO,ES,Federal Contract Tower,0,7,5,24,36,0,0,2,6,8,0,7,7,30,44,0,14,14,58
08/30/2021,GTR,MS,ASO,ES,Federal Contract Tower,0,5,0,0,5,0,0,0,0,0,0,5,0,0,5,0,0,0,5
08/31/2021,GTR,MS,ASO,ES,Federal Contract Tower,0,6,3,3,12,0,5,1,0,6,0,11,4,3,18,0,0,0,18
09/01/2021,GTR,MS,ASO,ES,Federal Contract Tower,0,14,5,31,50,0,0,21,24,45,0,14,26,55,95,10,54,64,159
09/02/2021,GTR,MS,ASO,ES,Federal Contract Tower,0,5,2,47,54,0,4,25,44,73,0,9,27,91,127,8,82,90,217
09/03/2021,GTR,MS,ASO,ES,Federal Contract Tower,0,12,0,13,25,0,0,18,17,35,0,12,18,30,60,0,12,12,72
09/04/2021,GTR,MS,ASO,ES,Federal Contract Tower,0,4,4,4,12,0,2,13,10,25,0,6,17,14,37,4,8,12,49
09/05/2021,GTR,MS,ASO,ES,Federal Contract Tower,0,5,5,3,13,0,0,17,1,18,0,5,22,4,31,6,20,26,57
09/06/2021,GTR,MS,ASO,ES,Federal Contract Tower,0,3,5,4,12,0,0,15,2,17,0,3,20,6,29,8,10,18,47
09/07/2021,GTR,MS,ASO,ES,Federal Contract Tower,0,11,7,44,62,0,0,15,31,46,0,11,22,75,108,8,78,86,194
09/08/2021,GTR,MS,ASO,ES,Federal Contract Tower,0,3,3,25,31,0,5,17,22,44,0,8,20,47,75,16,54,70,145
09/09/2021,GTR,MS,ASO,ES,Federal Contract Tower,0,5,10,30,45,0,5,41,19,65,0,10,51,49,110,34,90,124,234
09/10/2021,GTR,MS,ASO,ES,Federal Contract Tower,1,7,3,37,48,0,4,41,14,59,1,11,44,51,107,26,14,40,147
09/11/2021,GTR,MS,ASO,ES,Federal Contract Tower,0,6,8,13,27,0,5,17,12,34,0,11,25,25,61,19,62,81,142
09/12/2021,GTR,MS,ASO,ES,Federal Contract Tower,0,8,6,17,31,0,2,4,1,7,0,10,10,18,38,2,0,2,40
09/13/2021,GTR,MS,ASO,ES,Federal Contract Tower,0,8,3,70,81,0,2,23,14,39,0,10,26,84,120,34,38,72,192
09/14/2021,GTR,MS,ASO,ES,Federal Contract Tower,0,8,2,61,71,0,2,38,11,51,0,10,40,72,122,10,96,106,228
09/15/2021,GTR,MS,ASO,ES,Federal Contract Tower,0,8,2,52,62,0,4,13,9,26,0,12,15,61,88,10,80,90,178
09/16/2021,GTR,MS,ASO,ES,Federal Contract Tower,0,9,7,47,63,0,0,3,0,3,0,9,10,47,66,0,0,0,66
09/17/2021,GTR,MS,ASO,ES,Federal Contract Tower,0,7,8,70,85,0,1,8,4,13,0,8,16,74,98,0,22,22,120
09/18/2021,GTR,MS,ASO,ES,Federal Contract Tower,0,4,3,21,28,0,2,2,4,8,0,6,5,25,36,0,20,20,56
09/19/2021,GTR,MS,ASO,ES,Federal Contract Tower,0,5,4,28,37,0,4,9,2,15,0,9,13,30,52,18,16,34,86
09/20/2021,GTR,MS,ASO,ES,Federal Contract Tower,0,13,5,59,77,0,1,9,7,17,0,14,14,66,94,2,28,30,124
09/21/2021,GTR,MS,ASO,ES,Federal Contract Tower,0,6,4,56,66,0,0,4,3,7,0,6,8,59,73,2,4,6,79
09/22/2021,GTR,MS,ASO,ES,Federal Contract Tower,0,6,10,52,68,0,7,11,12,30,0,13,21,64,98,56,30,86,184
09/23/2021,GTR,MS,ASO,ES,Federal Contract Tower,0,5,4,65,74,0,3,32,7,42,0,8,36,72,116,22,14,36,152
09/24/2021,GTR,MS,ASO,ES,Federal Contract Tower,1,7,16,43,67,0,3,38,2,43,1,10,54,45,110,12,8,20,130
09/25/2021,GTR,MS,ASO,ES,Federal Contract Tower,1,5,1,7,14,0,2,43,5,50,1,7,44,12,64,2,26,28,92
09/26/2021,GTR,MS,ASO,ES,Federal Contract Tower,0,9,8,9,26,0,2,6,4,12,0,11,14,13,38,10,2,12,50
09/27/2021,GTR,MS,ASO,ES,Federal Contract Tower,0,7,4,51,62,0,4,42,5,51,0,11,46,56,113,34,10,44,157
09/28/2021,GTR,MS,ASO,ES,Federal Contract Tower,0,8,6,63,77,0,9,18,9,36,0,17,24,72,113,4,82,86,199
09/29/2021,GTR,MS,ASO,ES,Federal Contract Tower,0,7,3,48,58,0,3,24,16,43,0,10,27,64,101,8,4,12,113
09/30/2021,GTR,MS,ASO,ES,Federal Contract Tower,0,9,5,53,67,0,2,7,3,12,0,11,12,56,79,0,4,4,83
10/01/2021,GTR,MS,ASO,ES,Federal Contract Tower,2,7,3,46,58,0,4,26,11,41,2,11,29,57,99,6,18,24,123
10/02/2021,GTR,MS,ASO,ES,Federal Contract Tower,0,8,1,12,21,0,1,20,9,30,0,9,21,21,51,2,8,10,61
10/03/2021,GTR,MS,ASO,ES,Federal Contract Tower,0,6,3,18,27,0,0,5,0,5,0,6,8,18,32,0,6,6,38
10/04/2021,GTR,MS,ASO,ES,Federal Contract Tower,0,8,7,60,75,0,2,25,4,31,0,10,32,64,106,2,10,12,118
10/05/2021,GTR,MS,ASO,ES,Federal Contract Tower,0,6,8,55,69,0,4,5,6,15,0,10,13,61,84,10,16,26,110
10/06/2021,GTR,MS,ASO,ES,Federal Contract Tower,0,11,12,60,83,0,3,22,7,32,0,14,34,67,115,12,10,22,137
10/07/2021,GTR,MS,ASO,ES,Federal Contract Tower,0,5,2,47,54,0,0,19,4,23,0,5,21,51,77,10,14,24,101
10/08/2021,GTR,MS,ASO,ES,Federal Contract Tower,0,9,6,36,51,0,3,28,8,39,0,12,34,44,90,20,70,90,180
10/09/2021,GTR,MS,ASO,ES,Federal Contract Tower,0,9,2,4,15,0,1,19,6,26,0,10,21,10,41,2,8,10,51
10/10/2021,GTR,MS,ASO,ES,Federal Contract Tower,0,7,4,1,12,0,3,16,0,19,0,10,20,1,31,2,0,2,33
10/11/2021,GTR,MS,ASO,ES,Federal Contract Tower,0,11,10,5,26,0,2,23,1,26,0,13,33,6,52,52,2,54,106
10/12/2021,GTR,MS,ASO,ES,Federal Contract Tower,0,9,5,61,75,0,4,19,2,25,0,13,24,63,100,4,16,20,120
10/13/2021,GTR,MS,ASO,ES,Federal Contract Tower,0,9,4,52,65,0,1,35,9,45,0,10,39,61,110,70,82,152,262
10/14/2021,GTR,MS,ASO,ES,Federal Contract Tower,0,5,11,62,78,0,0,39,3,42,0,5,50,65,120,12,4,16,136
10/15/2021,GTR,MS,ASO,ES,Federal Contract Tower,0,11,9,30,50,0,1,62,3,66,0,12,71,33,116,14,2,16,132
10/16/2021,GTR,MS,ASO,ES,Federal Contract Tower,0,4,2,4,10,0,7,5,2,14,0,11,7,6,24,18,8,26,50
10/17/2021,GTR,MS,ASO,ES,Federal Contract Tower,0,15,14,1,30,0,4,20,8,32,0,19,34,9,62,42,8,50,112
10/18/2021,GTR,MS,ASO,ES,Federal Contract Tower,0,10,1,21,32,0,7,60,19,86,0,17,61,40,118,30,50,80,198
10/19/2021,GTR,MS,ASO,ES,Federal Contract Tower,0,8,6,24,38,0,0,40,26,66,0,8,46,50,104,26,66,92,196
10/20/2021,GTR,MS,ASO,ES,Federal Contract Tower,0,6,1,17,24,0,0,25,25,50,0,6,26,42,74,18,58,76,150
10/21/2021,GTR,MS,ASO,ES,Federal Contract Tower,0,5,7,34,46,0,0,15,22,37,0,5,22,56,83,8,86,94,177
10/22/2021,GTR,MS,ASO,ES,Federal Contract Tower,2,7,11,0,20,0,2,46,0,48,2,9,57,0,68,0,0,0,68
10/23/2021,GTR,MS,ASO,ES,Federal Contract Tower,0,3,3,0,6,0,0,23,0,23,0,3,26,0,29,8,0,8,37
10/24/2021,GTR,MS,ASO,ES,Federal Contract Tower,0,6,5,1,12,0,1,2,3,6,0,7,7,4,18,0,14,14,32
10/25/2021,GTR,MS,ASO,ES,Federal Contract Tower,0,11,8,2,21,0,2,8,2,12,0,13,16,4,33,16,4,20,53
10/26/2021,GTR,MS,ASO,ES,Federal Contract Tower,0,5,4,37,46,0,5,32,23,60,0,10,36,60,106,14,88,102,208
10/27/2021,GTR,MS,ASO,ES,Federal Contract Tower,0,11,8,43,62,0,1,30,18,49,0,12,38,61,111,6,48,54,165
10/28/2021,GTR,MS,ASO,ES,Federal Contract Tower,0,8,4,15,27,0,2,7,13,22,0,10,11,28,49,0,14,14,63
10/29/2021,GTR,MS,ASO,ES,Federal Contract Tower,1,8,12,13,34,0,0,0,0,0,1,8,12,13,34,0,0,0,34
10/30/2021,GTR,MS,ASO,ES,Federal Contract Tower,0,5,5,1,11,0,0,7,1,8,0,5,12,2,19,2,0,2,21
10/31/2021,GTR,MS,ASO,ES,Federal Contract Tower,0,12,1,6,19,0,3,18,0,21,0,15,19,6,40,22,0,22,62
11/01/2021,GTR,MS,ASO,ES,Federal Contract Tower,0,7,0,35,42,0,2,19,19,40,0,9,19,54,82,2,134,136,218
11/02/2021,GTR,MS,ASO,ES,Federal Contract Tower,0,5,8,38,51,0,2,24,27,53,0,7,32,65,104,6,92,98,202
11/03/2021,GTR,MS,ASO,ES,Federal Contract Tower,0,8,4,24,36,0,0,5,14,19,0,8,9,38,55,2,34,36,91
11/04/2021,GTR,MS,ASO,ES,Federal Contract Tower,0,7,4,56,67,0,0,24,15,39,0,7,28,71,106,18,154,172,278
11/05/2021,GTR,MS,ASO,ES,Federal Contract Tower,2,7,5,47,61,0,1,9,10,20,2,8,14,57,81,0,82,82,163
11/06/2021,GTR,MS,ASO,ES,Federal Contract Tower,0,3,0,16,19,0,2,15,5,22,0,5,15,21,41,2,38,40,81
11/07/2021,GTR,MS,ASO,ES,Federal Contract Tower,0,7,2,21,30,0,2,19,7,28,0,9,21,28,58,12,42,54,112
11/08/2021,GTR,MS,ASO,ES,Federal Contract Tower,0,7,3,48,58,0,1,31,27,59,0,8,34,75,117,12,126,138,255
11/09/2021,GTR,MS,ASO,ES,Federal Contract Tower,0,12,1,20,33,0,2,37,28,67,0,14,38,48,100,8,64,72,172
11/10/2021,GTR,MS,ASO,ES,Federal Contract Tower,0,6,1,53,60,0,4,29,26,59,0,10,30,79,119,12,122,134,253
11/11/2021,GTR,MS,ASO,ES,Federal Contract Tower,0,7,5,11,23,0,0,2,0,2,0,7,7,11,25,0,2,2,27
11/12/2021,GTR,MS,ASO,ES,Federal Contract Tower,0,10,4,33,47,0,6,20,19,45,0,16,24,52,92,24,56,80,172
11/13/2021,GTR,MS,ASO,ES,Federal Contract Tower,0,3,1,16,20,0,3,8,9,20,0,6,9,25,40,0,22,22,62
11/14/2021,GTR,MS,ASO,ES,Federal Contract Tower,0,5,2,7,14,0,18,19,1,38,0,23,21,8,52,38,0,38,90
11/15/2021,GTR,MS,ASO,ES,Federal Contract Tower,0,6,3,30,39,0,2,25,20,47,0,8,28,50,86,54,62,116,202
11/16/2021,GTR,MS,ASO,ES,Federal Contract Tower,0,6,2,32,40,0,0,19,28,47,0,6,21,60,87,26,60,86,173
11/17/2021,GTR,MS,ASO,ES,Federal Contract Tower,0,5,6,36,47,0,4,30,25,59,0,9,36,61,106,40,104,144,250
11/18/2021,GTR,MS,ASO,ES,Federal Contract Tower,0,7,5,24,36,0,0,10,13,23,0,7,15,37,59,6,0,6,65
11/19/2021,GTR,MS,ASO,ES,Federal Contract Tower,0,11,4,31,46,0,2,33,19,54,0,13,37,50,100,60,100,160,260
11/20/2021,GTR,MS,ASO,ES,Federal Contract Tower,0,5,2,12,19,0,5,23,5,33,0,10,25,17,52,28,20,48,100
11/21/2021,GTR,MS,ASO,ES,Federal Contract Tower,0,5,2,13,20,0,7,16,4,27,0,12,18,17,47,22,30,52,99
11/22/2021,GTR,MS,ASO,ES,Federal Contract Tower,0,5,3,33,41,0,0,7,18,25,0,5,10,51,66,16,52,68,134
11/23/2021,GTR,MS,ASO,ES,Federal Contract Tower,2,8,2,39,51,0,2,27,24,53,2,10,29,63,104,28,46,74,178
11/24/2021,GTR,MS,ASO,ES,Federal Contract Tower,0,5,8,11,24,0,2,24,9,35,0,7,32,20,59,26,20,46,105
11/25/2021,GTR,MS,ASO,ES,Federal Contract Tower,0,4,1,0,5,0,0,0,0,0,0,4,1,0,5,0,0,0,5
11/26/2021,GTR,MS,ASO,ES,Federal Contract Tower,0,7,2,0,9,0,0,29,0,29,0,7,31,0,38,24,0,24,62
11/27/2021,GTR,MS,ASO,ES,Federal Contract Tower,1,5,0,0,6,0,1,29,0,30,1,6,29,0,36,26,0,26,62
11/28/2021,GTR,MS,ASO,ES,Federal Contract Tower,0,7,6,0,13,0,2,30,0,32,0,9,36,0,45,62,0,62,107
11/29/2021,GTR,MS,ASO,ES,Federal Contract Tower,0,13,1,37,51,0,2,29,35,66,0,15,30,72,117,14,72,86,203
11/30/2021,GTR,MS,ASO,ES,Federal Contract Tower,0,6,4,30,40,0,1,40,30,71,0,7,44,60,111,28,38,66,177
12/01/2021,GTR,MS,ASO,ES,Federal Contract Tower,0,6,8,44,58,0,0,24,24,48,0,6,32,68,106,6,64,70,176
12/02/2021,GTR,MS,ASO,ES,Federal Contract Tower,0,6,7,25,38,0,2,22,18,42,0,8,29,43,80,22,30,52,132
12/03/2021,GTR,MS,ASO,ES,Federal Contract Tower,0,9,9,30,48,0,5,20,11,36,0,14,29,41,84,16,22,38,122
12/04/2021,GTR,MS,ASO,ES,Federal Contract Tower,2,7,5,38,52,0,0,4,0,4,2,7,9,38,56,0,28,28,84
12/05/2021,GTR,MS,ASO,ES,Federal Contract Tower,1,5,6,13,25,0,0,6,1,7,1,5,12,14,32,10,6,16,48
12/06/2021,GTR,MS,ASO,ES,Federal Contract Tower,2,7,4,29,42,0,0,0,3,3,2,7,4,32,45,0,44,44,89
12/07/2021,GTR,MS,ASO,ES,Federal Contract Tower,0,4,0,26,30,0,5,11,10,26,0,9,11,36,56,6,38,44,100
12/08/2021,GTR,MS,ASO,ES,Federal Contract Tower,0,5,5,37,47,0,1,34,25,60,0,6,39,62,107,15,112,127,234
12/09/2021,GTR,MS,ASO,ES,Federal Contract Tower,0,6,6,24,36,2,4,34,25,65,2,10,40,49,101,108,80,188,289
12/10/2021,GTR,MS,ASO,ES,Federal Contract Tower,0,9,4,2,15,0,4,11,0,15,0,13,15,2,30,0,0,0,30
12/11/2021,GTR,MS,ASO,ES,Federal Contract Tower,0,5,3,0,8,0,4,1,0,5,0,9,4,0,13,0,0,0,13
12/12/2021,GTR,MS,ASO,ES,Federal Contract Tower,0,9,1,0,10,0,2,24,5,31,0,11,25,5,41,48,10,58,99
12/13/2021,GTR,MS,ASO,ES,Federal Contract Tower,0,7,4,40,51,0,2,28,42,72,0,9,32,82,123,22,74,96,219
12/14/2021,GTR,MS,ASO,ES,Federal Contract Tower,0,5,1,44,50,0,8,21,28,57,0,13,22,72,107,43,95,138,245
12/15/2021,GTR,MS,ASO,ES,Federal Contract Tower,0,7,6,60,73,0,0,10,34,44,0,7,16,94,117,28,174,202,319
12/16/2021,GTR,MS,ASO,ES,Federal Contract Tower,0,10,6,25,41,0,3,11,3,17,0,13,17,28,58,8,12,20,78
12/17/2021,GTR,MS,ASO,ES,Federal Contract Tower,0,9,4,41,54,0,1,1,6,8,0,10,5,47,62,0,36,36,98
12/18/2021,GTR,MS,ASO,ES,Federal Contract Tower,0,4,3,3,10,0,0,1,0,1,0,4,4,3,11,0,14,14,25
12/19/2021,GTR,MS,ASO,ES,Federal Contract Tower,0,6,4,7,17,0,0,14,3,17,0,6,18,10,34,48,22,70,104
12/20/2021,GTR,MS,ASO,ES,Federal Contract Tower,0,9,4,18,31,0,0,10,0,10,0,9,14,18,41,0,8,8,49
12/21/2021,GTR,MS,ASO,ES,Federal Contract Tower,0,8,2,32,42,0,1,2,3,6,0,9,4,35,48,0,44,44,92
12/22/2021,GTR,MS,ASO,ES,Federal Contract Tower,0,9,1,21,31,0,2,17,15,34,0,11,18,36,65,8,48,56,121
12/23/2021,GTR,MS,ASO,ES,Federal Contract Tower,0,6,7,2,15,0,4,13,0,17,0,10,20,2,32,42,0,42,74
12/24/2021,GTR,MS,ASO,ES,Federal Contract Tower,0,3,0,0,3,0,0,6,0,6,0,3,6,0,9,0,0,0,9
12/25/2021,GTR,MS,ASO,ES,Federal Contract Tower,0,3,2,0,5,0,3,0,0,3,0,6,2,0,8,0,0,0,8
12/26/2021,GTR,MS,ASO,ES,Federal Contract Tower,0,5,2,0,7,0,2,1,0,3,0,7,3,0,10,0,0,0,10
12/27/2021,GTR,MS,ASO,ES,Federal Contract Tower,0,5,0,0,5,0,4,0,0,4,0,9,0,0,9,0,0,0,9
12/28/2021,GTR,MS,ASO,ES,Federal Contract Tower,0,6,0,4,10,0,0,2,0,2,0,6,2,4,12,0,2,2,14
12/29/2021,GTR,MS,ASO,ES,Federal Contract Tower,0,8,2,0,10,0,0,1,0,1,0,8,3,0,11,2,0,2,13
12/30/2021,GTR,MS,ASO,ES,Federal Contract Tower,0,9,11,5,25,0,2,6,1,9,0,11,17,6,34,12,6,18,52
12/31/2021,GTR,MS,ASO,ES,Federal Contract Tower,0,3,1,0,4,0,2,5,0,7,0,5,6,0,11,12,0,12,23
01/01/2022,GTR,MS,ASO,ES,Federal Contract Tower,0,4,0,0,4,0,2,1,0,3,0,6,1,0,7,0,0,0,7
01/02/2022,GTR,MS,ASO,ES,Federal Contract Tower,0,6,4,0,10,0,0,0,0,0,0,6,4,0,10,0,0,0,10
01/03/2022,GTR,MS,ASO,ES,Federal Contract Tower,2,4,4,0,10,0,2,2,0,4,2,6,6,0,14,20,0,20,34
01/04/2022,GTR,MS,ASO,ES,Federal Contract Tower,0,11,2,39,52,0,8,12,20,40,0,19,14,59,92,18,80,98,190
01/05/2022,GTR,MS,ASO,ES,Federal Contract Tower,0,7,3,39,49,0,2,15,26,43,0,9,18,65,92,4,110,114,206
01/06/2022,GTR,MS,ASO,ES,Federal Contract Tower,0,5,1,2,8,0,0,0,0,0,0,5,1,2,8,0,0,0,8
01/07/2022,GTR,MS,ASO,ES,Federal Contract Tower,2,4,6,42,54,0,1,22,30,53,2,5,28,72,107,16,122,138,245
01/08/2022,GTR,MS,ASO,ES,Federal Contract Tower,2,5,4,26,37,0,3,15,22,40,2,8,19,48,77,8,118,126,203
01/09/2022,GTR,MS,ASO,ES,Federal Contract Tower,2,5,2,4,13,0,0,0,0,0,2,5,2,4,13,0,4,4,17
01/10/2022,GTR,MS,ASO,ES,Federal Contract Tower,0,13,7,40,60,0,3,20,36,59,0,16,27,76,119,28,102,130,249
01/11/2022,GTR,MS,ASO,ES,Federal Contract Tower,0,5,7,36,48,0,0,10,18,28,0,5,17,54,76,4,62,66,142
01/12/2022,GTR,MS,ASO,ES,Federal Contract Tower,0,8,10,42,60,0,2,15,22,39,0,10,25,64,99,58,88,146,245
01/13/2022,GTR,MS,ASO,ES,Federal Contract Tower,0,8,7,2,17,0,3,22,0,25,0,11,29,2,42,4,0,4,46
01/14/2022,GTR,MS,ASO,ES,Federal Contract Tower,0,6,6,32,44,2,0,15,35,52,2,6,21,67,96,26,102,128,224
01/15/2022,GTR,MS,ASO,ES,Federal Contract Tower,0,5,1,1,7,0,0,2,0,2,0,5,3,1,9,2,0,2,11
01/16/2022,GTR,MS,ASO,ES,Federal Contract Tower,0,2,2,0,4,0,0,0,0,0,0,2,2,0,4,0,0,0,4
01/17/2022,GTR,MS,ASO,ES,Federal Contract Tower,0,7,0,3,10,0,3,12,0,15,0,10,12,3,25,16,0,16,41
01/18/2022,GTR,MS,ASO,ES,Federal Contract Tower,0,6,6,45,57,0,6,17,36,59,0,12,23,81,116,30,92,122,238
01/19/2022,GTR,MS,ASO,ES,Federal Contract Tower,0,5,4,32,41,0,2,11,21,34,0,7,15,53,75,4,64,68,143
01/20/2022,GTR,MS,ASO,ES,Federal Contract Tower,0,5,7,30,42,0,1,7,21,29,0,6,14,51,71,12,98,110,181
01/21/2022,GTR,MS,ASO,ES,Federal Contract Tower,0,6,8,47,61,0,0,11,23,34,0,6,19,70,95,4,132,136,231
01/22/2022,GTR,MS,ASO,ES,Federal Contract Tower,0,5,3,9,17,0,0,20,4,24,0,5,23,13,41,46,24,70,111
01/23/2022,GTR,MS,ASO,ES,Federal Contract Tower,0,6,6,5,17,0,0,11,1,12,0,6,17,6,29,4,0,4,33
01/24/2022,GTR,MS,ASO,ES,Federal Contract Tower,0,8,6,32,46,0,2,24,32,58,0,10,30,64,104,36,82,118,222
01/25/2022,GTR,MS,ASO,ES,Federal Contract Tower,0,5,3,29,37,0,2,3,24,29,0,7,6,53,66,0,42,42,108
01/26/2022,GTR,MS,ASO,ES,Federal Contract Tower,0,6,11,38,55,0,2,1,22,25,0,8,12,60,80,2,58,60,140
01/27/2022,GTR,MS,ASO,ES,Federal Contract Tower,0,5,8,58,71,0,2,8,46,56,0,7,16,104,127,2,150,152,279
01/28/2022,GTR,MS,ASO,ES,Federal Contract Tower,0,9,6,40,55,0,2,6,23,31,0,11,12,63,86,8,146,154,240
01/29/2022,GTR,MS,ASO,ES,Federal Contract Tower,2,4,4,19,29,0,2,11,19,32,2,6,15,38,61,2,26,28,89
01/30/2022,GTR,MS,ASO,ES,Federal Contract Tower,2,6,0,16,24,0,2,6,7,15,2,8,6,23,39,10,38,48,87
01/31/2022,GTR,MS,ASO,ES,Federal Contract Tower,0,10,6,25,41,0,4,23,29,56,0,14,29,54,97,44,70,114,211
02/01/2022,GTR,MS,ASO,ES,Federal Contract Tower,0,7,7,31,45,0,8,10,26,44,0,15,17,57,89,10,96,106,195
02/02/2022,GTR,MS,ASO,ES,Federal Contract Tower,0,7,2,8,17,0,0,0,0,0,0,7,2,8,17,0,0,0,17
02/03/2022,GTR,MS,ASO,ES,Federal Contract Tower,0,7,0,0,7,0,0,0,0,0,0,7,0,0,7,0,0,0,7
02/04/2022,GTR,MS,ASO,ES,Federal Contract Tower,0,7,3,1,11,0,0,0,0,0,0,7,3,1,11,0,0,0,11
02/05/2022,GTR,MS,ASO,ES,Federal Contract Tower,0,3,0,2,5,0,2,14,0,16,0,5,14,2,21,24,16,40,61
02/06/2022,GTR,MS,ASO,ES,Federal Contract Tower,0,6,2,0,8,0,2,10,1,13,0,8,12,1,21,10,0,10,31
02/07/2022,GTR,MS,ASO,ES,Federal Contract Tower,0,7,6,36,49,0,3,21,31,55,0,10,27,67,104,10,96,106,210
02/08/2022,GTR,MS,ASO,ES,Federal Contract Tower,2,5,0,25,32,0,4,42,24,70,2,9,42,49,102,24,82,106,208
02/09/2022,GTR,MS,ASO,ES,Federal Contract Tower,2,8,5,47,62,0,0,18,29,47,2,8,23,76,109,22,108,130,239
02/10/2022,GTR,MS,ASO,ES,Federal Contract Tower,1,5,3,32,41,0,2,24,27,53,1,7,27,59,94,12,114,126,220
02/11/2022,GTR,MS,ASO,ES,Federal Contract Tower,0,11,2,31,44,0,2,16,32,50,0,13,18,63,94,37,126,163,257
02/12/2022,GTR,MS,ASO,ES,Federal Contract Tower,0,8,3,15,26,0,2,17,1,20,0,10,20,16,46,62,12,74,120
02/13/2022,GTR,MS,ASO,ES,Federal Contract Tower,0,4,2,7,13,0,0,9,8,17,0,4,11,15,30,22,18,40,70
02/14/2022,GTR,MS,ASO,ES,Federal Contract Tower,0,8,1,27,36,0,0,40,9,49,0,8,41,36,85,18,44,62,147
02/15/2022,GTR,MS,ASO,ES,Federal Contract Tower,0,5,9,25,39,0,0,15,29,44,0,5,24,54,83,10,74,84,167
02/16/2022,GTR,MS,ASO,ES,Federal Contract Tower,0,6,5,48,59,0,3,11,40,54,0,9,16,88,113,20,144,164,277
02/17/2022,GTR,MS,ASO,ES,Federal Contract Tower,0,5,6,14,25,0,0,0,0,0,0,5,6,14,25,0,0,0,25
02/18/2022,GTR,MS,ASO,ES,Federal Contract Tower,2,5,11,47,65,0,0,9,16,25,2,5,20,63,90,4,66,70,160
02/19/2022,GTR,MS,ASO,ES,Federal Contract Tower,0,6,2,12,20,0,2,17,2,21,0,8,19,14,41,24,24,48,89
02/20/2022,GTR,MS,ASO,ES,Federal Contract Tower,0,5,3,6,14,0,0,17,3,20,0,5,20,9,34,76,18,94,128
02/21/2022,GTR,MS,ASO,ES,Federal Contract Tower,0,7,5,9,21,0,0,0,0,0,0,7,5,9,21,0,0,0,21
02/22/2022,GTR,MS,ASO,ES,Federal Contract Tower,0,6,3,36,45,0,0,7,15,22,0,6,10,51,67,24,44,68,135
02/23/2022,GTR,MS,ASO,ES,Federal Contract Tower,0,7,2,24,33,0,0,0,0,0,0,7,2,24,33,0,0,0,33
02/24/2022,GTR,MS,ASO,ES,Federal Contract Tower,0,7,3,44,54,0,0,0,2,2,0,7,3,46,56,0,24,24,80
02/25/2022,GTR,MS,ASO,ES,Federal Contract Tower,2,9,2,74,87,0,2,10,30,42,2,11,12,104,129,16,82,98,227
02/26/2022,GTR,MS,ASO,ES,Federal Contract Tower,2,5,1,6,14,0,0,25,0,25,2,5,26,6,39,64,2,66,105
02/27/2022,GTR,MS,ASO,ES,Federal Contract Tower,0,7,8,13,28,0,0,0,0,0,0,7,8,13,28,2,6,8,36
02/28/2022,GTR,MS,ASO,ES,Federal Contract Tower,0,5,13,22,40,0,0,20,24,44,0,5,33,46,84,19,38,57,141
03/01/2022,GTR,MS,ASO,ES,Federal Contract Tower,0,5,11,30,46,0,2,32,20,54,0,7,43,50,100,22,58,80,180
03/02/2022,GTR,MS,ASO,ES,Federal Contract Tower,0,5,3,17,25,0,1,31,33,65,0,6,34,50,90,52,186,238,328
03/03/2022,GTR,MS,ASO,ES,Federal Contract Tower,0,5,10,27,42,0,0,28,20,48,0,5,38,47,90,18,88,106,196
03/04/2022,GTR,MS,ASO,ES,Federal Contract Tower,0,12,5,27,44,0,4,43,28,75,0,16,48,55,119,14,140,154,273
03/05/2022,GTR,MS,ASO,ES,Federal Contract Tower,0,3,0,13,16,0,6,16,4,26,0,9,16,17,42,10,16,26,68
03/06/2022,GTR,MS,ASO,ES,Federal Contract Tower,0,6,6,24,36,0,6,17,8,31,0,12,23,32,67,34,44,78,145
03/07/2022,GTR,MS,ASO,ES,Federal Contract Tower,0,10,8,29,47,0,0,1,2,3,0,10,9,31,50,0,24,24,74
03/08/2022,GTR,MS,ASO,ES,Federal Contract Tower,0,12,5,32,49,0,0,1,11,12,0,12,6,43,61,4,24,28,89
03/09/2022,GTR,MS,ASO,ES,Federal Contract Tower,0,12,5,32,49,0,1,1,16,18,0,13,6,48,67,0,48,48,115
03/10/2022,GTR,MS,ASO,ES,Federal Contract Tower,0,11,7,24,42,0,0,49,20,69,0,11,56,44,111,41,52,93,204
03/11/2022,GTR,MS,ASO,ES,Federal Contract Tower,0,14,4,33,51,0,3,27,21,51,0,17,31,54,102,52,94,146,248
03/12/2022,GTR,MS,ASO,ES,Federal Contract Tower,0,6,2,2,10,0,0,0,2,2,0,6,2,4,12,0,0,0,12
03/13/2022,GTR,MS,ASO,ES,Federal Contract Tower,0,5,2,15,22,0,0,5,8,13,0,5,7,23,35,8,22,30,65
03/14/2022,GTR,MS,ASO,ES,Federal Contract Tower,0,10,1,24,35,0,0,9,22,31,0,10,10,46,66,2,56,58,124
03/15/2022,GTR,MS,ASO,ES,Federal Contract Tower,0,9,7,9,25,0,0,4,0,4,0,9,11,9,29,0,0,0,29
03/16/2022,GTR,MS,ASO,ES,Federal Contract Tower,0,5,6,23,34,0,0,16,12,28,0,5,22,35,62,26,38,64,126
03/17/2022,GTR,MS,ASO,ES,Federal Contract Tower,2,4,3,26,35,0,1,20,22,43,2,5,23,48,78,18,102,120,198
03/18/2022,GTR,MS,ASO,ES,Federal Contract Tower,0,8,3,30,41,0,2,4,23,29,0,10,7,53,70,0,106,106,176
03/19/2022,GTR,MS,ASO,ES,Federal Contract Tower,0,3,7,6,16,0,2,6,2,10,0,5,13,8,26,2,52,54,80
03/20/2022,GTR,MS,ASO,ES,Federal Contract Tower,2,5,1,7,15,0,2,22,4,28,2,7,23,11,43,20,12,32,75
03/21/2022,GTR,MS,ASO,ES,Federal Contract Tower,0,7,3,25,35,0,2,9,16,27,0,9,12,41,62,6,86,92,154
03/22/2022,GTR,MS,ASO,ES,Federal Contract Tower,0,5,2,7,14,0,0,0,3,3,0,5,2,10,17,0,6,6,23
03/23/2022,GTR,MS,ASO,ES,Federal Contract Tower,0,9,3,15,27,0,1,5,14,20,0,10,8,29,47,2,38,40,87
03/24/2022,GTR,MS,ASO,ES,Federal Contract Tower,0,9,11,38,58,0,2,23,29,54,0,11,34,67,112,12,70,82,194
03/25/2022,GTR,MS,ASO,ES,Federal Contract Tower,0,8,5,27,40,0,0,44,17,61,0,8,49,44,101,2,118,120,221
03/26/2022,GTR,MS,ASO,ES,Federal Contract Tower,0,5,5,5,15,0,2,39,4,45,0,7,44,9,60,58,24,82,142
03/27/2022,GTR,MS,ASO,ES,Federal Contract Tower,0,11,6,13,30,0,3,37,4,44,0,14,43,17,74,60,6,66,140
03/28/2022,GTR,MS,ASO,ES,Federal Contract Tower,0,6,8,34,48,0,1,52,7,60,0,7,60,41,108,32,22,54,162
03/29/2022,GTR,MS,ASO,ES,Federal Contract Tower,0,7,6,3,16,0,0,21,0,21,0,7,27,3,37,34,16,50,87
03/30/2022,GTR,MS,ASO,ES,Federal Contract Tower,0,5,0,0,5,0,0,0,0,0,0,5,0,0,5,0,0,0,5
03/31/2022,GTR,MS,ASO,ES,Federal Contract Tower,2,13,7,4,26,0,0,26,3,29,2,13,33,7,55,52,8,60,115
04/01/2022,GTR,MS,ASO,ES,Federal Contract Tower,0,9,9,35,53,0,2,30,16,48,0,11,39,51,101,18,74,92,193
04/02/2022,GTR,MS,ASO,ES,Federal Contract Tower,0,4,2,3,9,0,0,31,1,32,0,4,33,4,41,28,0,28,69
04/03/2022,GTR,MS,ASO,ES,Federal Contract Tower,0,7,10,6,23,0,0,8,2,10,0,7,18,8,33,6,6,12,45
04/04/2022,GTR,MS,ASO,ES,Federal Contract Tower,0,4,11,17,32,0,2,31,15,48,0,6,42,32,80,28,56,84,164
04/05/2022,GTR,MS,ASO,ES,Federal Contract Tower,0,7,0,22,29,0,2,5,8,15,0,9,5,30,44,4,38,42,86
04/06/2022,GTR,MS,ASO,ES,Federal Contract Tower,0,7,6,33,46,0,0,5,7,12,0,7,11,40,58,2,69,71,129
04/07/2022,GTR,MS,ASO,ES,Federal Contract Tower,0,5,6,21,32,0,0,10,22,32,0,5,16,43,64,6,124,130,194
04/08/2022,GTR,MS,ASO,ES,Federal Contract Tower,0,9,6,38,53,0,1,4,17,22,0,10,10,55,75,2,76,78,153
04/09/2022,GTR,MS,ASO,ES,Federal Contract Tower,0,5,8,14,27,0,0,23,4,27,0,5,31,18,54,46,22,68,122
04/10/2022,GTR,MS,ASO,ES,Federal Contract Tower,0,7,0,13,20,0,0,27,13,40,0,7,27,26,60,66,68,134,194
04/11/2022,GTR,MS,ASO,ES,Federal Contract Tower,0,9,3,37,49,0,2,15,22,39,0,11,18,59,88,8,110,118,206
04/12/2022,GTR,MS,ASO,ES,Federal Contract Tower,0,5,5,21,31,0,0,11,10,21,0,5,16,31,52,10,32,42,94
04/13/2022,GTR,MS,ASO,ES,Federal Contract Tower,0,7,11,26,44,0,0,2,29,31,0,7,13,55,75,0,58,58,133
04/14/2022,GTR,MS,ASO,ES,Federal Contract Tower,0,5,5,58,68,0,1,14,29,44,0,6,19,87,112,26,148,174,286
04/15/2022,GTR,MS,ASO,ES,Federal Contract Tower,0,5,4,18,27,0,0,13,10,23,0,5,17,28,50,2,38,40,90
04/16/2022,GTR,MS,ASO,ES,Federal Contract Tower,0,3,6,0,9,0,0,0,0,0,0,3,6,0,9,0,0,0,9
04/17/2022,GTR,MS,ASO,ES,Federal Contract Tower,0,7,2,0,9,0,0,0,0,0,0,7,2,0,9,0,0,0,9
04/18/2022,GTR,MS,ASO,ES,Federal Contract Tower,0,7,7,27,41,0,0,9,23,32,0,7,16,50,73,2,122,124,197
04/19/2022,GTR,MS,ASO,ES,Federal Contract Tower,0,7,6,27,40,0,0,33,27,60,0,7,39,54,100,40,58,98,198
04/20/2022,GTR,MS,ASO,ES,Federal Contract Tower,0,10,7,50,67,0,0,5,28,33,0,10,12,78,100,2,88,90,190
04/21/2022,GTR,MS,ASO,ES,Federal Contract Tower,0,5,6,25,36,0,0,39,27,66,0,5,45,52,102,14,82,96,198
04/22/2022,GTR,MS,ASO,ES,Federal Contract Tower,0,7,12,37,56,0,0,26,31,57,0,7,38,68,113,6,86,92,205
04/23/2022,GTR,MS,ASO,ES,Federal Contract Tower,0,5,12,12,29,0,0,9,8,17,0,5,21,20,46,4,18,22,68
04/24/2022,GTR,MS,ASO,ES,Federal Contract Tower,0,5,6,6,17,0,0,13,6,19,0,5,19,12,36,26,4,30,66
04/25/2022,GTR,MS,ASO,ES,Federal Contract Tower,0,8,6,44,58,0,0,5,25,30,0,8,11,69,88,10,121,131,219
04/26/2022,GTR,MS,ASO,ES,Federal Contract Tower,0,10,2,31,43,0,0,12,22,34,0,10,14,53,77,0,82,82,159
04/27/2022,GTR,MS,ASO,ES,Federal Contract Tower,0,6,3,21,30,0,2,16,16,34,0,8,19,37,64,6,76,82,146
04/28/2022,GTR,MS,ASO,ES,Federal Contract Tower,2,8,3,27,40,0,4,20,23,47,2,12,23,50,87,38,67,105,192
04/29/2022,GTR,MS,ASO,ES,Federal Contract Tower,0,8,8,36,52,0,3,24,48,75,0,11,32,84,127,6,332,338,465
04/30/2022,GTR,MS,ASO,ES,Federal Contract Tower,0,5,2,15,22,0,1,5,1,7,0,6,7,16,29,10,24,34,63
05/01/2022,GTR,MS,ASO,ES,Federal Contract Tower,1,5,4,6,16,0,2,11,10,23,1,7,15,16,39,8,18,26,65
05/02/2022,GTR,MS,ASO,ES,Federal Contract Tower,0,5,5,10,20,0,4,9,9,22,0,9,14,19,42,26,54,80,122
05/03/2022,GTR,MS,ASO,ES,Federal Contract Tower,0,5,5,13,23,0,0,15,9,24,0,5,20,22,47,46,26,72,119
05/04/2022,GTR,MS,ASO,ES,Federal Contract Tower,0,7,10,19,36,0,2,22,23,47,0,9,32,42,83,42,64,106,189
05/05/2022,GTR,MS,ASO,ES,Federal Contract Tower,0,4,9,30,43,0,5,10,25,40,0,9,19,55,83,20,146,166,249
05/06/2022,GTR,MS,ASO,ES,Federal Contract Tower,0,11,6,21,38,0,3,1,14,18,0,14,7,35,56,4,34,38,94
05/07/2022,GTR,MS,ASO,ES,Federal Contract Tower,0,6,6,3,15,0,1,13,1,15,0,7,19,4,30,6,10,16,46
05/08/2022,GTR,MS,ASO,ES,Federal Contract Tower,0,10,1,1,12,0,4,3,0,7,0,14,4,1,19,30,0,30,49
05/09/2022,GTR,MS,ASO,ES,Federal Contract Tower,0,5,7,30,42,0,2,14,21,37,0,7,21,51,79,28,100,128,207
05/10/2022,GTR,MS,ASO,ES,Federal Contract Tower,0,9,5,29,43,0,1,20,21,42,0,10,25,50,85,40,66,106,191
05/11/2022,GTR,MS,ASO,ES,Federal Contract Tower,0,5,6,35,46,0,3,23,23,49,0,8,29,58,95,38,72,110,205
05/12/2022,GTR,MS,ASO,ES,Federal Contract Tower,1,10,9,30,50,0,2,6,15,23,1,12,15,45,73,22,102,124,197
05/13/2022,GTR,MS,ASO,ES,Federal Contract Tower,0,6,10,52,68,0,0,12,30,42,0,6,22,82,110,6,154,160,270
05/14/2022,GTR,MS,ASO,ES,Federal Contract Tower,0,5,3,16,24,0,0,11,3,14,0,5,14,19,38,2,12,14,52
05/15/2022,GTR,MS,ASO,ES,Federal Contract Tower,2,6,4,19,31,0,1,11,7,19,2,7,15,26,50,12,30,42,92
05/16/2022,GTR,MS,ASO,ES,Federal Contract Tower,0,7,3,35,45,0,4,42,29,75,0,11,45,64,120,46,132,178,298
05/17/2022,GTR,MS,ASO,ES,Federal Contract Tower,0,11,5,19,35,0,2,25,15,42,0,13,30,34,77,34,72,106,183
05/18/2022,GTR,MS,ASO,ES,Federal Contract Tower,0,14,5,31,50,0,3,28,22,53,0,17,33,53,103,32,62,94,197
05/19/2022,GTR,MS,ASO,ES,Federal Contract Tower,0,11,4,30,45,0,2,9,24,35,0,13,13,54,80,0,68,68,148
05/20/2022,GTR,MS,ASO,ES,Federal Contract Tower,0,8,4,32,44,0,2,15,15,32,0,10,19,47,76,10,82,92,168
05/21/2022,GTR,MS,ASO,ES,Federal Contract Tower,0,7,3,22,32,0,3,9,23,35,0,10,12,45,67,4,86,90,157
05/22/2022,GTR,MS,ASO,ES,Federal Contract Tower,0,6,0,13,19,0,0,2,11,13,0,6,2,24,32,2,36,38,70
05/23/2022,GTR,MS,ASO,ES,Federal Contract Tower,0,12,10,45,67,0,3,22,14,39,0,15,32,59,106,26,98,124,230
05/24/2022,GTR,MS,ASO,ES,Federal Contract Tower,0,7,5,40,52,0,2,5,15,22,0,9,10,55,74,0,44,44,118
05/25/2022,GTR,MS,ASO,ES,Federal Contract Tower,0,5,2,13,20,0,0,0,7,7,0,5,2,20,27,0,14,14,41
05/26/2022,GTR,MS,ASO,ES,Federal Contract Tower,0,5,2,21,28,0,4,10,12,26,0,9,12,33,54,8,58,66,120
05/27/2022,GTR,MS,ASO,ES,Federal Contract Tower,0,6,2,0,8,0,3,26,1,30,0,9,28,1,38,20,6,26,64
05/28/2022,GTR,MS,ASO,ES,Federal Contract Tower,0,5,1,0,6,0,0,8,0,8,0,5,9,0,14,16,0,16,30
05/29/2022,GTR,MS,ASO,ES,Federal Contract Tower,0,5,0,4,9,0,2,8,4,14,0,7,8,8,23,2,0,2,25
05/30/2022,GTR,MS,ASO,ES,Federal Contract Tower,0,4,3,0,7,0,3,9,0,12,0,7,12,0,19,0,0,0,19
05/31/2022,GTR,MS,ASO,ES,Federal Contract Tower,0,6,6,44,56,0,4,4,37,45,0,10,10,81,101,0,158,158,259
06/01/2022,GTR,MS,ASO,ES,Federal Contract Tower,0,7,5,41,53,0,8,22,27,57,0,15,27,68,110,16,128,144,254
06/02/2022,GTR,MS,ASO,ES,Federal Contract Tower,0,6,4,19,29,0,7,4,2,13,0,13,8,21,42,0,16,16,58
06/03/2022,GTR,MS,ASO,ES,Federal Contract Tower,0,11,5,28,44,0,0,11,17,28,0,11,16,45,72,4,56,60,132
06/04/2022,GTR,MS,ASO,ES,Federal Contract Tower,0,4,1,12,17,0,1,14,6,21,0,5,15,18,38,0,40,40,78
06/05/2022,GTR,MS,ASO,ES,Federal Contract Tower,0,5,4,5,14,0,3,4,8,15,0,8,8,13,29,4,28,32,61
06/06/2022,GTR,MS,ASO,ES,Federal Contract Tower,0,8,8,24,40,0,4,20,27,51,0,12,28,51,91,12,112,124,215
06/07/2022,GTR,MS,ASO,ES,Federal Contract Tower,0,5,5,19,29,0,1,26,24,51,0,6,31,43,80,22,96,118,198
06/08/2022,GTR,MS,ASO,ES,Federal Contract Tower,0,8,4,35,47,0,2,125,37,164,0,10,129,72,211,8,150,158,369
06/09/2022,GTR,MS,ASO,ES,Federal Contract Tower,0,7,17,37,61,0,0,33,11,44,0,7,50,48,105,0,37,37,142
06/10/2022,GTR,MS,ASO,ES,Federal Contract Tower,0,8,3,29,40,0,5,7,22,34,0,13,10,51,74,0,116,116,190
06/11/2022,GTR,MS,ASO,ES,Federal Contract Tower,0,6,6,18,30,0,0,7,8,15,0,6,13,26,45,16,60,76,121
06/12/2022,GTR,MS,ASO,ES,Federal Contract Tower,0,6,2,14,22,0,0,4,6,10,0,6,6,20,32,0,16,16,48
06/13/2022,GTR,MS,ASO,ES,Federal Contract Tower,0,8,4,33,45,0,3,12,31,46,0,11,16,64,91,4,116,120,211
06/14/2022,GTR,MS,ASO,ES,Federal Contract Tower,0,7,4,15,26,0,7,18,17,42,0,14,22,32,68,46,38,84,152
06/15/2022,GTR,MS,ASO,ES,Federal Contract Tower,0,7,6,22,35,0,3,65,21,89,0,10,71,43,124,56,92,148,272
06/16/2022,GTR,MS,ASO,ES,Federal Contract Tower,0,8,11,24,43,0,8,8,22,38,0,16,19,46,81,32,87,119,200
06/17/2022,GTR,MS,ASO,ES,Federal Contract Tower,0,11,0,15,26,0,0,5,11,16,0,11,5,26,42,2,26,28,70
06/18/2022,GTR,MS,ASO,ES,Federal Contract Tower,0,6,1,2,9,0,3,12,1,16,0,9,13,3,25,8,6,14,39
06/19/2022,GTR,MS,ASO,ES,Federal Contract Tower,0,4,4,3,11,0,0,11,2,13,0,4,15,5,24,8,34,42,66
06/20/2022,GTR,MS,ASO,ES,Federal Contract Tower,0,7,6,3,16,0,3,19,3,25,0,10,25,6,41,0,20,20,61
06/21/2022,GTR,MS,ASO,ES,Federal Contract Tower,0,5,5,35,45,0,1,21,32,54,0,6,26,67,99,12,100,112,211
06/22/2022,GTR,MS,ASO,ES,Federal Contract Tower,0,7,3,29,39,0,2,18,34,54,0,9,21,63,93,10,88,98,191
06/23/2022,GTR,MS,ASO,ES,Federal Contract Tower,0,5,8,28,41,0,3,30,26,59,0,8,38,54,100,16,56,72,172
06/24/2022,GTR,MS,ASO,ES,Federal Contract Tower,0,7,5,28,40,0,3,18,20,41,0,10,23,48,81,2,72,74,155
06/25/2022,GTR,MS,ASO,ES,Federal Contract Tower,0,3,5,1,9,0,2,25,7,34,0,5,30,8,43,2,14,16,59
06/26/2022,GTR,MS,ASO,ES,Federal Contract Tower,0,6,5,17,28,0,0,7,10,17,0,6,12,27,45,0,22,22,67
06/27/2022,GTR,MS,ASO,ES,Federal Contract Tower,0,7,11,37,55,0,2,6,20,28,0,9,17,57,83,10,100,110,193
06/28/2022,GTR,MS,ASO,ES,Federal Contract Tower,0,9,4,31,44,0,9,22,22,53,0,18,26,53,97,60,120,180,277
06/29/2022,GTR,MS,ASO,ES,Federal Contract Tower,0,7,11,38,56,0,2,32,34,68,0,9,43,72,124,56,130,186,310
06/30/2022,GTR,MS,ASO,ES,Federal Contract Tower,0,11,9,39,59,0,5,10,13,28,0,16,19,52,87,18,52,70,157
07/01/2022,GTR,MS,ASO,ES,Federal Contract Tower,0,6,8,0,14,0,3,26,14,43,0,9,34,14,57,0,0,0,57
07/02/2022,GTR,MS,ASO,ES,Federal Contract Tower,0,4,0,0,4,0,6,3,0,9,0,10,3,0,13,0,0,0,13
07/03/2022,GTR,MS,ASO,ES,Federal Contract Tower,0,3,0,0,3,0,2,1,0,3,0,5,1,0,6,0,0,0,6
07/04/2022,GTR,MS,ASO,ES,Federal Contract Tower,0,3,0,0,3,0,2,0,0,2,0,5,0,0,5,0,0,0,5
07/05/2022,GTR,MS,ASO,ES,Federal Contract Tower,0,9,1,59,69,0,0,25,33,58,0,9,26,92,127,4,128,132,259
07/06/2022,GTR,MS,ASO,ES,Federal Contract Tower,0,3,7,44,54,0,5,21,32,58,0,8,28,76,112,4,122,126,238
07/07/2022,GTR,MS,ASO,ES,Federal Contract Tower,0,3,4,27,34,0,6,9,24,39,0,9,13,51,73,18,98,116,189
07/08/2022,GTR,MS,ASO,ES,Federal Contract Tower,0,3,1,36,40,0,0,28,21,49,0,3,29,57,89,0,64,64,153
07/09/2022,GTR,MS,ASO,ES,Federal Contract Tower,0,5,3,4,12,0,2,11,2,15,0,7,14,6,27,0,32,32,59
07/10/2022,GTR,MS,ASO,ES,Federal Contract Tower,0,8,2,6,16,0,0,2,0,2,0,8,4,6,18,14,0,14,32
07/11/2022,GTR,MS,ASO,ES,Federal Contract Tower,0,6,3,38,47,0,2,24,29,55,0,8,27,67,102,16,96,112,214
07/12/2022,GTR,MS,ASO,ES,Federal Contract Tower,0,6,6,27,39,0,4,5,16,25,0,10,11,43,64,0,82,82,146
07/13/2022,GTR,MS,ASO,ES,Federal Contract Tower,0,7,3,23,33,0,0,12,8,20,0,7,15,31,53,12,104,116,169
07/14/2022,GTR,MS,ASO,ES,Federal Contract Tower,0,5,10,31,46,0,4,33,36,73,0,9,43,67,119,36,216,252,371
07/15/2022,GTR,MS,ASO,ES,Federal Contract Tower,0,5,5,26,36,0,2,15,24,41,0,7,20,50,77,8,54,62,139
07/16/2022,GTR,MS,ASO,ES,Federal Contract Tower,0,3,5,12,20,0,0,9,6,15,0,3,14,18,35,2,36,38,73
07/17/2022,GTR,MS,ASO,ES,Federal Contract Tower,0,7,2,12,21,0,1,8,2,11,0,8,10,14,32,20,2,22,54
07/18/2022,GTR,MS,ASO,ES,Federal Contract Tower,0,7,0,18,25,0,2,7,11,20,0,9,7,29,45,0,70,70,115
07/19/2022,GTR,MS,ASO,ES,Federal Contract Tower,0,6,4,24,34,0,0,16,11,27,0,6,20,35,61,4,66,70,131
07/20/2022,GTR,MS,ASO,ES,Federal Contract Tower,0,8,10,16,34,0,7,33,19,59,0,15,43,35,93,56,34,90,183
07/21/2022,GTR,MS,ASO,ES,Federal Contract Tower,0,8,3,29,40,0,2,20,23,45,0,10,23,52,85,8,82,90,175
07/22/2022,GTR,MS,ASO,ES,Federal Contract Tower,0,5,3,47,55,0,4,26,18,48,0,9,29,65,103,24,50,74,177
07/23/2022,GTR,MS,ASO,ES,Federal Contract Tower,0,3,1,20,24,0,5,11,7,23,0,8,12,27,47,12,24,36,83
07/24/2022,GTR,MS,ASO,ES,Federal Contract Tower,0,3,3,8,14,0,1,15,5,21,0,4,18,13,35,4,4,8,43
07/25/2022,GTR,MS,ASO,ES,Federal Contract Tower,0,7,4,41,52,0,1,14,23,38,0,8,18,64,90,20,128,148,238
07/26/2022,GTR,MS,ASO,ES,Federal Contract Tower,0,5,10,30,45,0,1,16,14,31,0,6,26,44,76,6,66,72,148
07/27/2022,GTR,MS,ASO,ES,Federal Contract Tower,0,6,8,21,35,0,1,29,21,51,0,7,37,42,86,18,60,78,164
07/28/2022,GTR,MS,ASO,ES,Federal Contract Tower,0,6,5,19,30,0,0,19,12,31,0,6,24,31,61,0,38,38,99
07/29/2022,GTR,MS,ASO,ES,Federal Contract Tower,0,7,4,23,34,0,1,9,16,26,0,8,13,39,60,0,27,27,87
07/30/2022,GTR,MS,ASO,ES,Federal Contract Tower,0,1,6,2,9,0,0,4,0,4,0,1,10,2,13,0,0,0,13
07/31/2022,GTR,MS,ASO,ES,Federal Contract Tower,0,7,5,8,20,0,4,3,2,9,0,11,8,10,29,14,22,36,65
08/01/2022,GTR,MS,ASO,ES,Federal Contract Tower,0,6,5,40,51,0,0,22,27,49,0,6,27,67,100,10,84,94,194
08/02/2022,GTR,MS,ASO,ES,Federal Contract Tower,0,7,4,20,31,0,0,13,13,26,0,7,17,33,57,4,74,78,135
08/03/2022,GTR,MS,ASO,ES,Federal Contract Tower,0,4,6,33,43,0,0,9,13,22,0,4,15,46,65,8,62,70,135
08/04/2022,GTR,MS,ASO,ES,Federal Contract Tower,0,6,6,48,60,0,1,21,22,44,0,7,27,70,104,4,122,126,230
08/05/2022,GTR,MS,ASO,ES,Federal Contract Tower,0,7,6,35,48,0,1,13,31,45,0,8,19,66,93,4,84,88,181
08/06/2022,GTR,MS,ASO,ES,Federal Contract Tower,0,3,5,2,10,0,2,16,2,20,0,5,21,4,30,4,32,36,66
08/07/2022,GTR,MS,ASO,ES,Federal Contract Tower,0,5,8,2,15,0,0,2,4,6,0,5,10,6,21,0,34,34,55
08/08/2022,GTR,MS,ASO,ES,Federal Contract Tower,0,5,6,58,69,0,0,18,50,68,0,5,24,108,137,10,130,140,277
08/09/2022,GTR,MS,ASO,ES,Federal Contract Tower,0,5,11,36,52,0,0,13,10,23,0,5,24,46,75,0,24,24,99
08/10/2022,GTR,MS,ASO,ES,Federal Contract Tower,0,5,13,26,44,0,0,4,9,13,0,5,17,35,57,2,24,26,83
08/11/2022,GTR,MS,ASO,ES,Federal Contract Tower,0,5,13,27,45,0,0,4,7,11,0,5,17,34,56,12,40,52,108
08/12/2022,GTR,MS,ASO,ES,Federal Contract Tower,0,8,14,38,60,0,5,13,30,48,0,13,27,68,108,0,92,92,200
08/13/2022,GTR,MS,ASO,ES,Federal Contract Tower,1,4,6,21,32,0,3,14,9,26,1,7,20,30,58,10,62,72,130
08/14/2022,GTR,MS,ASO,ES,Federal Contract Tower,0,7,4,21,32,0,2,8,11,21,0,9,12,32,53,2,42,44,97
08/15/2022,GTR,MS,ASO,ES,Federal Contract Tower,0,4,6,23,33,0,4,6,21,31,0,8,12,44,64,6,84,90,154
08/16/2022,GTR,MS,ASO,ES,Federal Contract Tower,0,12,9,41,62,0,3,24,21,48,0,15,33,62,110,8,94,102,212
08/17/2022,GTR,MS,ASO,ES,Federal Contract Tower,0,5,9,10,24,0,1,1,5,7,0,6,10,15,31,2,10,12,43
08/18/2022,GTR,MS,ASO,ES,Federal Contract Tower,0,9,10,26,45,0,11,21,25,57,0,20,31,51,102,10,82,92,194
08/19/2022,GTR,MS,ASO,ES,Federal Contract Tower,0,12,7,40,59,0,1,10,21,32,0,13,17,61,91,6,84,90,181
08/20/2022,GTR,MS,ASO,ES,Federal Contract Tower,0,5,4,0,9,0,1,3,0,4,0,6,7,0,13,2,0,2,15
08/21/2022,GTR,MS,ASO,ES,Federal Contract Tower,0,9,0,0,9,0,0,0,0,0,0,9,0,0,9,0,0,0,9
08/22/2022,GTR,MS,ASO,ES,Federal Contract Tower,0,6,2,22,30,0,0,0,0,0,0,6,2,22,30,0,22,22,52
08/23/2022,GTR,MS,ASO,ES,Federal Contract Tower,0,7,1,12,20,0,0,0,2,2,0,7,1,14,22,0,12,12,34
08/24/2022,GTR,MS,ASO,ES,Federal Contract Tower,0,8,8,15,31,0,4,10,5,19,0,12,18,20,50,22,40,62,112
08/25/2022,GTR,MS,ASO,ES,Federal Contract Tower,0,5,6,43,54,0,0,7,18,25,0,5,13,61,79,6,60,66,145
08/26/2022,GTR,MS,ASO,ES,Federal Contract Tower,0,5,13,49,67,0,0,2,20,22,0,5,15,69,89,4,118,122,211
08/27/2022,GTR,MS,ASO,ES,Federal Contract Tower,0,3,3,14,20,0,0,32,11,43,0,3,35,25,63,4,22,26,89
08/28/2022,GTR,MS,ASO,ES,Federal Contract Tower,0,6,2,8,16,0,0,11,8,19,0,6,13,16,35,6,18,24,59
08/29/2022,GTR,MS,ASO,ES,Federal Contract Tower,0,12,4,27,43,0,7,28,17,52,0,19,32,44,95,30,70,100,195
08/30/2022,GTR,MS,ASO,ES,Federal Contract Tower,0,6,3,40,49,0,2,22,24,48,0,8,25,64,97,8,82,90,187
08/31/2022,GTR,MS,ASO,ES,Federal Contract Tower,0,8,3,34,45,0,3,35,21,59,0,11,38,55,104,22,56,78,182
09/01/2022,GTR,MS,ASO,ES,Federal Contract Tower,0,5,6,32,43,0,9,29,29,67,0,14,35,61,110,0,114,114,224
09/02/2022,GTR,MS,ASO,ES,Federal Contract Tower,0,5,3,12,20,0,3,28,11,42,0,8,31,23,62,8,28,36,98
09/03/2022,GTR,MS,ASO,ES,Federal Contract Tower,0,4,2,2,8,0,6,3,0,9,0,10,5,2,17,2,0,2,19
09/04/2022,GTR,MS,ASO,ES,Federal Contract Tower,0,3,2,0,5,0,0,5,0,5,0,3,7,0,10,4,0,4,14
09/05/2022,GTR,MS,ASO,ES,Federal Contract Tower,0,5,5,8,18,0,0,3,0,3,0,5,8,8,21,0,0,0,21
09/06/2022,GTR,MS,ASO,ES,Federal Contract Tower,0,4,0,65,69,0,0,0,0,0,0,4,0,65,69,0,154,154,223
09/07/2022,GTR,MS,ASO,ES,Federal Contract Tower,0,4,11,31,46,0,0,9,16,25,0,4,20,47,71,10,174,184,255
09/08/2022,GTR,MS,ASO,ES,Federal Contract Tower,0,6,9,20,35,0,4,12,31,47,0,10,21,51,82,8,68,76,158
09/09/2022,GTR,MS,ASO,ES,Federal Contract Tower,2,3,4,40,49,0,2,10,10,22,2,5,14,50,71,2,94,96,167
09/11/2022,GTR,MS,ASO,ES,Federal Contract Tower,2,11,4,8,25,0,0,6,0,6,2,11,10,8,31,8,0,8,39
09/12/2022,GTR,MS,ASO,ES,Federal Contract Tower,0,5,5,47,57,0,0,18,35,53,0,5,23,82,110,6,96,102,212
09/13/2022,GTR,MS,ASO,ES,Federal Contract Tower,0,9,7,36,52,0,4,47,30,81,0,13,54,66,133,10,66,76,209
09/14/2022,GTR,MS,ASO,ES,Federal Contract Tower,0,8,3,40,51,0,5,12,27,44,0,13,15,67,95,8,74,82,177
09/15/2022,GTR,MS,ASO,ES,Federal Contract Tower,0,7,7,37,51,0,20,18,36,74,0,27,25,73,125,14,142,156,281
09/16/2022,GTR,MS,ASO,ES,Federal Contract Tower,2,6,6,32,46,0,3,8,19,30,2,9,14,51,76,4,60,64,140
09/17/2022,GTR,MS,ASO,ES,Federal Contract Tower,0,4,5,5,14,0,0,11,3,14,0,4,16,8,28,0,16,16,44
09/18/2022,GTR,MS,ASO,ES,Federal Contract Tower,0,7,8,7,22,0,2,7,3,12,0,9,15,10,34,6,4,10,44
09/19/2022,GTR,MS,ASO,ES,Federal Contract Tower,0,7,6,52,65,0,4,26,32,62,0,11,32,84,127,6,106,112,239
09/20/2022,GTR,MS,ASO,ES,Federal Contract Tower,0,5,2,77,84,0,1,33,38,72,0,6,35,115,156,12,164,176,332
09/21/2022,GTR,MS,ASO,ES,Federal Contract Tower,0,5,8,57,70,0,3,36,34,73,0,8,44,91,143,0,122,122,265
09/23/2022,GTR,MS,ASO,ES,Federal Contract Tower,1,10,7,30,48,0,1,17,30,48,1,11,24,60,96,16,80,96,192
09/24/2022,GTR,MS,ASO,ES,Federal Contract Tower,0,7,2,19,28,0,6,13,10,29,0,13,15,29,57,6,44,50,107
09/25/2022,GTR,MS,ASO,ES,Federal Contract Tower,0,5,3,6,14,0,4,6,4,14,0,9,9,10,28,8,4,12,40
09/26/2022,GTR,MS,ASO,ES,Federal Contract Tower,0,7,3,32,42,0,3,22,18,43,0,10,25,50,85,8,64,72,157
09/27/2022,GTR,MS,ASO,ES,Federal Contract Tower,0,5,2,36,43,0,2,31,32,65,0,7,33,68,108,24,96,120,228
09/28/2022,GTR,MS,ASO,ES,Federal Contract Tower,0,10,5,39,54,0,4,14,27,45,0,14,19,66,99,4,124,128,227
09/29/2022,GTR,MS,ASO,ES,Federal Contract Tower,0,10,9,20,39,0,4,9,24,37,0,14,18,44,76,6,50,56,132
09/30/2022,GTR,MS,ASO,ES,Federal Contract Tower,0,11,12,22,45,0,2,9,24,35,0,13,21,46,80,12,56,68,148
10/01/2022,GTR,MS,ASO,ES,Federal Contract Tower,4,8,6,2,20,0,2,5,0,7,4,10,11,2,27,2,0,2,29
10/02/2022,GTR,MS,ASO,ES,Federal Contract Tower,0,9,11,8,28,0,0,7,5,12,0,9,18,13,40,2,18,20,60
10/03/2022,GTR,MS,ASO,ES,Federal Contract Tower,0,5,15,49,69,0,6,15,29,50,0,11,30,78,119,10,84,94,213
10/04/2022,GTR,MS,ASO,ES,Federal Contract Tower,1,5,4,36,46,0,0,19,30,49,1,5,23,66,95,12,94,106,201
10/05/2022,GTR,MS,ASO,ES,Federal Contract Tower,0,5,5,47,57,0,0,22,31,53,0,5,27,78,110,6,94,100,210
10/06/2022,GTR,MS,ASO,ES,Federal Contract Tower,0,7,4,40,51,0,0,20,26,46,0,7,24,66,97,0,64,64,161
10/07/2022,GTR,MS,ASO,ES,Federal Contract Tower,2,7,9,33,51,0,0,13,27,40,2,7,22,60,91,20,66,86,177
10/08/2022,GTR,MS,ASO,ES,Federal Contract Tower,2,5,2,3,12,0,1,18,1,20,2,6,20,4,32,8,2,10,42
10/09/2022,GTR,MS,ASO,ES,Federal Contract Tower,0,10,2,5,17,0,0,11,1,12,0,10,13,6,29,0,8,8,37
10/10/2022,GTR,MS,ASO,ES,Federal Contract Tower,0,5,5,4,14,0,0,12,3,15,0,5,17,7,29,4,14,18,47
10/11/2022,GTR,MS,ASO,ES,Federal Contract Tower,0,5,6,31,42,0,0,12,25,37,0,5,18,56,79,6,100,106,185
10/12/2022,GTR,MS,ASO,ES,Federal Contract Tower,0,5,3,55,63,0,2,5,17,24,0,7,8,72,87,0,62,62,149
10/13/2022,GTR,MS,ASO,ES,Federal Contract Tower,0,10,7,40,57,0,4,7,37,48,0,14,14,77,105,2,86,88,193
10/14/2022,GTR,MS,ASO,ES,Federal Contract Tower,1,5,8,51,65,0,3,28,36,67,1,8,36,87,132,22,102,124,256
10/15/2022,GTR,MS,ASO,ES,Federal Contract Tower,0,3,0,4,7,0,2,25,2,29,0,5,25,6,36,8,4,12,48
10/16/2022,GTR,MS,ASO,ES,Federal Contract Tower,0,5,7,3,15,0,7,13,2,22,0,12,20,5,37,14,12,26,63
10/17/2022,GTR,MS,ASO,ES,Federal Contract Tower,0,5,6,50,61,0,8,15,34,57,0,13,21,84,118,14,108,122,240
10/18/2022,GTR,MS,ASO,ES,Federal Contract Tower,0,7,4,43,54,0,3,11,32,46,0,10,15,75,100,8,88,96,196
10/19/2022,GTR,MS,ASO,ES,Federal Contract Tower,0,4,10,88,102,0,2,15,42,59,0,6,25,130,161,18,120,138,299
10/20/2022,GTR,MS,ASO,ES,Federal Contract Tower,0,5,4,80,89,0,5,21,41,67,0,10,25,121,156,33,220,253,409
10/21/2022,GTR,MS,ASO,ES,Federal Contract Tower,0,8,13,35,56,2,0,25,28,55,2,8,38,63,111,18,100,118,229
10/22/2022,GTR,MS,ASO,ES,Federal Contract Tower,0,4,0,6,10,0,3,6,3,12,0,7,6,9,22,22,38,60,82
10/23/2022,GTR,MS,ASO,ES,Federal Contract Tower,0,5,1,15,21,0,1,7,5,13,0,6,8,20,34,18,50,68,102
10/24/2022,GTR,MS,ASO,ES,Federal Contract Tower,0,8,4,52,64,0,3,17,41,61,0,11,21,93,125,20,122,142,267
10/25/2022,GTR,MS,ASO,ES,Federal Contract Tower,0,3,5,7,15,0,2,0,2,4,0,5,5,9,19,10,28,38,57
10/26/2022,GTR,MS,ASO,ES,Federal Contract Tower,0,5,11,66,82,0,6,14,39,59,0,11,25,105,141,10,128,138,279
10/27/2022,GTR,MS,ASO,ES,Federal Contract Tower,0,5,5,59,69,0,4,44,41,89,0,9,49,100,158,20,102,122,280
10/28/2022,GTR,MS,ASO,ES,Federal Contract Tower,0,7,3,38,48,0,0,11,28,39,0,7,14,66,87,12,60,72,159
10/29/2022,GTR,MS,ASO,ES,Federal Contract Tower,0,3,3,0,6,0,0,0,0,0,0,3,3,0,6,0,0,0,6
10/30/2022,GTR,MS,ASO,ES,Federal Contract Tower,0,3,7,0,10,0,0,2,0,2,0,3,9,0,12,14,0,14,26
10/31/2022,GTR,MS,ASO,ES,Federal Contract Tower,0,3,3,68,74,0,4,5,31,40,0,7,8,99,114,10,136,146,260
11/01/2022,GTR,MS,ASO,ES,Federal Contract Tower,0,6,2,56,64,0,2,10,37,49,0,8,12,93,113,4,136,140,253
11/02/2022,GTR,MS,ASO,ES,Federal Contract Tower,0,9,4,55,68,0,0,7,49,56,0,9,11,104,124,22,102,124,248
11/03/2022,GTR,MS,ASO,ES,Federal Contract Tower,0,10,7,32,49,0,3,13,29,45,0,13,20,61,94,10,100,110,204
11/04/2022,GTR,MS,ASO,ES,Federal Contract Tower,1,7,10,37,55,0,1,17,21,39,1,8,27,58,94,0,96,96,190
11/05/2022,GTR,MS,ASO,ES,Federal Contract Tower,0,4,0,2,6,0,0,0,0,0,0,4,0,2,6,0,0,0,6
11/06/2022,GTR,MS,ASO,ES,Federal Contract Tower,0,4,7,4,15,0,2,4,1,7,0,6,11,5,22,12,2,14,36
11/07/2022,GTR,MS,ASO,ES,Federal Contract Tower,0,4,8,30,42,0,1,2,14,17,0,5,10,44,59,0,94,94,153
11/08/2022,GTR,MS,ASO,ES,Federal Contract Tower,0,3,3,49,55,0,4,15,26,45,0,7,18,75,100,36,112,148,248
11/09/2022,GTR,MS,ASO,ES,Federal Contract Tower,0,9,11,44,64,0,3,13,34,50,0,12,24,78,114,16,122,138,252
11/10/2022,GTR,MS,ASO,ES,Federal Contract Tower,0,6,6,49,61,0,7,27,26,60,0,13,33,75,121,50,42,92,213
11/11/2022,GTR,MS,ASO,ES,Federal Contract Tower,4,7,10,2,23,0,2,11,8,21,4,9,21,10,44,2,16,18,62
11/12/2022,GTR,MS,ASO,ES,Federal Contract Tower,0,11,9,0,20,0,1,2,0,3,0,12,11,0,23,0,0,0,23
11/13/2022,GTR,MS,ASO,ES,Federal Contract Tower,0,10,7,2,19,0,0,9,0,9,0,10,16,2,28,0,0,0,28
11/14/2022,GTR,MS,ASO,ES,Federal Contract Tower,0,10,5,76,91,0,0,20,37,57,0,10,25,113,148,16,121,137,285
11/15/2022,GTR,MS,ASO,ES,Federal Contract Tower,0,8,4,36,48,0,0,3,0,3,0,8,7,36,51,2,36,38,89
11/16/2022,GTR,MS,ASO,ES,Federal Contract Tower,0,6,12,50,68,0,5,18,40,63,0,11,30,90,131,26,120,146,277
11/17/2022,GTR,MS,ASO,ES,Federal Contract Tower,0,8,4,33,45,0,6,11,30,47,0,14,15,63,92,8,96,104,196
11/18/2022,GTR,MS,ASO,ES,Federal Contract Tower,0,6,7,26,39,0,2,5,15,22,0,8,12,41,61,8,62,70,131
11/19/2022,GTR,MS,ASO,ES,Federal Contract Tower,0,4,0,22,26,0,6,14,4,24,0,10,14,26,50,44,30,74,124
11/20/2022,GTR,MS,ASO,ES,Federal Contract Tower,0,7,5,9,21,0,5,8,11,24,0,12,13,20,45,4,26,30,75
11/21/2022,GTR,MS,ASO,ES,Federal Contract Tower,0,7,5,43,55,0,3,15,27,45,0,10,20,70,100,10,122,132,232
11/22/2022,GTR,MS,ASO,ES,Federal Contract Tower,0,7,7,35,49,0,3,33,34,70,0,10,40,69,119,16,124,140,259
11/23/2022,GTR,MS,ASO,ES,Federal Contract Tower,0,7,2,39,48,0,4,18,20,42,0,11,20,59,90,32,50,82,172
11/24/2022,GTR,MS,ASO,ES,Federal Contract Tower,0,4,0,0,4,0,0,0,0,0,0,4,0,0,4,0,0,0,4
11/25/2022,GTR,MS,ASO,ES,Federal Contract Tower,0,5,2,4,11,0,0,0,0,0,0,5,2,4,11,0,0,0,11
11/26/2022,GTR,MS,ASO,ES,Federal Contract Tower,0,5,2,0,7,0,0,0,0,0,0,5,2,0,7,0,0,0,7
11/27/2022,GTR,MS,ASO,ES,Federal Contract Tower,0,8,4,0,12,0,2,1,0,3,0,10,5,0,15,0,0,0,15
11/28/2022,GTR,MS,ASO,ES,Federal Contract Tower,0,6,2,12,20,0,1,22,16,39,0,7,24,28,59,36,26,62,121
11/29/2022,GTR,MS,ASO,ES,Federal Contract Tower,0,13,0,1,14,0,0,6,0,6,0,13,6,1,20,0,0,0,20
11/30/2022,GTR,MS,ASO,ES,Federal Contract Tower,0,7,3,11,21,0,0,29,4,33,0,7,32,15,54,18,22,40,94
12/01/2022,GTR,MS,ASO,ES,Federal Contract Tower,0,10,13,54,77,0,0,11,26,37,0,10,24,80,114,8,118,126,240
12/02/2022,GTR,MS,ASO,ES,Federal Contract Tower,0,6,9,62,77,0,3,18,29,50,0,9,27,91,127,10,134,144,271
12/03/2022,GTR,MS,ASO,ES,Federal Contract Tower,0,9,0,42,51,0,0,2,11,13,0,9,2,53,64,6,78,84,148
12/04/2022,GTR,MS,ASO,ES,Federal Contract Tower,0,5,5,17,27,0,4,10,9,23,0,9,15,26,50,20,14,34,84
12/05/2022,GTR,MS,ASO,ES,Federal Contract Tower,0,10,8,15,33,0,1,0,0,1,0,11,8,15,34,2,12,14,48
12/06/2022,GTR,MS,ASO,ES,Federal Contract Tower,0,7,11,54,72,0,1,2,20,23,0,8,13,74,95,6,92,98,193
12/07/2022,GTR,MS,ASO,ES,Federal Contract Tower,0,7,11,59,77,0,0,14,25,39,0,7,25,84,116,0,180,180,296
12/08/2022,GTR,MS,ASO,ES,Federal Contract Tower,0,7,11,53,71,0,3,23,18,44,0,10,34,71,115,24,114,138,253
12/09/2022,GTR,MS,ASO,ES,Federal Contract Tower,0,6,0,44,50,0,7,4,10,21,0,13,4,54,71,0,50,50,121
12/10/2022,GTR,MS,ASO,ES,Federal Contract Tower,0,3,1,16,20,0,0,5,3,8,0,3,6,19,28,0,22,22,50
12/11/2022,GTR,MS,ASO,ES,Federal Contract Tower,0,9,3,7,19,0,0,0,0,0,0,9,3,7,19,0,0,0,19
12/12/2022,GTR,MS,ASO,ES,Federal Contract Tower,0,12,5,61,78,0,0,0,0,0,0,12,5,61,78,0,8,8,86
12/13/2022,GTR,MS,ASO,ES,Federal Contract Tower,0,10,3,43,56,0,0,0,0,0,0,10,3,43,56,0,14,14,70
12/14/2022,GTR,MS,ASO,ES,Federal Contract Tower,0,7,6,0,13,0,0,0,0,0,0,7,6,0,13,0,0,0,13
12/15/2022,GTR,MS,ASO,ES,Federal Contract Tower,0,5,9,86,100,0,0,23,42,65,0,5,32,128,165,20,160,180,345
12/16/2022,GTR,MS,ASO,ES,Federal Contract Tower,0,7,7,64,78,0,1,33,48,82,0,8,40,112,160,22,146,168,328
12/17/2022,GTR,MS,ASO,ES,Federal Contract Tower,0,3,2,19,24,0,0,18,14,32,0,3,20,33,56,8,38,46,102
12/18/2022,GTR,MS,ASO,ES,Federal Contract Tower,0,5,0,7,12,0,2,11,2,15,0,7,11,9,27,16,2,18,45
12/19/2022,GTR,MS,ASO,ES,Federal Contract Tower,0,5,9,47,61,0,0,9,38,47,0,5,18,85,108,4,128,132,240
12/20/2022,GTR,MS,ASO,ES,Federal Contract Tower,0,14,18,9,41,0,0,0,0,0,0,14,18,9,41,0,6,6,47
12/21/2022,GTR,MS,ASO,ES,Federal Contract Tower,0,7,3,55,65,0,0,14,3,17,0,7,17,58,82,4,24,28,110
12/22/2022,GTR,MS,ASO,ES,Federal Contract Tower,0,8,4,0,12,0,0,7,0,7,0,8,11,0,19,2,0,2,21
12/23/2022,GTR,MS,ASO,ES,Federal Contract Tower,0,5,1,0,6,0,2,1,0,3,0,7,2,0,9,0,0,0,9
12/24/2022,GTR,MS,ASO,ES,Federal Contract Tower,0,4,0,0,4,0,0,0,0,0,0,4,0,0,4,0,0,0,4
12/25/2022,GTR,MS,ASO,ES,Federal Contract Tower,0,3,0,0,3,0,1,0,0,1,0,4,0,0,4,0,0,0,4
12/26/2022,GTR,MS,ASO,ES,Federal Contract Tower,0,1,4,0,5,0,2,5,0,7,0,3,9,0,12,2,0,2,14
12/27/2022,GTR,MS,ASO,ES,Federal Contract Tower,2,6,0,0,8,0,2,9,0,11,2,8,9,0,19,2,0,2,21
12/28/2022,GTR,MS,ASO,ES,Federal Contract Tower,0,8,3,0,11,0,4,4,0,8,0,12,7,0,19,0,0,0,19
12/29/2022,GTR,MS,ASO,ES,Federal Contract Tower,0,5,0,2,7,0,1,5,2,8,0,6,5,4,15,8,4,12,27
12/30/2022,GTR,MS,ASO,ES,Federal Contract Tower,0,11,4,0,15,0,2,0,0,2,0,13,4,0,17,0,0,0,17
12/31/2022,GTR,MS,ASO,ES,Federal Contract Tower,0,5,0,0,5,0,2,2,0,4,0,7,2,0,9,0,0,0,9
01/01/2023,GTR,MS,ASO,ES,Federal Contract Tower,0,5,3,0,8,0,3,9,0,12,0,8,12,0,20,6,0,6,26
01/02/2023,GTR,MS,ASO,ES,Federal Contract Tower,4,7,8,0,19,0,2,0,0,2,4,9,8,0,21,0,0,0,21
01/03/2023,GTR,MS,ASO,ES,Federal Contract Tower,0,5,2,0,7,0,0,1,0,1,0,5,3,0,8,0,0,0,8
01/04/2023,GTR,MS,ASO,ES,Federal Contract Tower,0,9,4,71,84,0,2,13,57,72,0,11,17,128,156,10,174,184,340
01/05/2023,GTR,MS,ASO,ES,Federal Contract Tower,0,5,4,47,56,0,2,10,29,41,0,7,14,76,97,10,102,112,209
01/06/2023,GTR,MS,ASO,ES,Federal Contract Tower,0,5,3,47,55,0,2,30,41,73,0,7,33,88,128,30,150,180,308
01/07/2023,GTR,MS,ASO,ES,Federal Contract Tower,0,6,2,11,19,0,2,6,1,9,0,8,8,12,28,24,62,86,114
01/08/2023,GTR,MS,ASO,ES,Federal Contract Tower,0,8,3,8,19,0,0,0,0,0,0,8,3,8,19,0,4,4,23
01/09/2023,GTR,MS,ASO,ES,Federal Contract Tower,0,8,9,62,79,0,3,8,43,54,0,11,17,105,133,26,174,200,333
01/10/2023,GTR,MS,ASO,ES,Federal Contract Tower,0,6,5,35,46,0,8,14,33,55,0,14,19,68,101,12,102,114,215
01/11/2023,GTR,MS,ASO,ES,Federal Contract Tower,0,7,21,51,79,0,2,9,23,34,0,9,30,74,113,0,130,130,243
01/12/2023,GTR,MS,ASO,ES,Federal Contract Tower,0,9,3,6,18,0,0,3,2,5,0,9,6,8,23,2,4,6,29
01/13/2023,GTR,MS,ASO,ES,Federal Contract Tower,0,5,6,29,40,0,1,8,26,35,0,6,14,55,75,0,34,34,109
01/14/2023,GTR,MS,ASO,ES,Federal Contract Tower,0,3,0,7,10,0,1,9,2,12,0,4,9,9,22,4,28,32,54
01/15/2023,GTR,MS,ASO,ES,Federal Contract Tower,0,3,8,2,13,0,2,10,5,17,0,5,18,7,30,24,18,42,72
01/16/2023,GTR,MS,ASO,ES,Federal Contract Tower,1,7,4,4,16,0,2,7,4,13,1,9,11,8,29,0,16,16,45
01/17/2023,GTR,MS,ASO,ES,Federal Contract Tower,0,6,0,60,66,0,6,4,19,29,0,12,4,79,95,0,86,86,181
01/18/2023,GTR,MS,ASO,ES,Federal Contract Tower,0,7,3,27,37,0,0,0,2,2,0,7,3,29,39,2,28,30,69
01/19/2023,GTR,MS,ASO,ES,Federal Contract Tower,0,7,2,17,26,0,0,7,19,26,0,7,9,36,52,0,90,90,142
01/20/2023,GTR,MS,ASO,ES,Federal Contract Tower,0,9,3,51,63,0,2,3,38,43,0,11,6,89,106,2,154,156,262
01/21/2023,GTR,MS,ASO,ES,Federal Contract Tower,1,5,0,5,11,0,2,2,1,5,1,7,2,6,16,0,0,0,16
01/22/2023,GTR,MS,ASO,ES,Federal Contract Tower,2,5,2,2,11,0,2,0,0,2,2,7,2,2,13,2,0,2,15
01/23/2023,GTR,MS,ASO,ES,Federal Contract Tower,0,10,10,79,99,0,7,9,45,61,0,17,19,124,160,6,197,203,363
01/24/2023,GTR,MS,ASO,ES,Federal Contract Tower,0,9,6,47,62,0,0,6,24,30,0,9,12,71,92,4,84,88,180
01/25/2023,GTR,MS,ASO,ES,Federal Contract Tower,0,6,3,33,42,0,2,0,14,16,0,8,3,47,58,0,40,40,98
01/26/2023,GTR,MS,ASO,ES,Federal Contract Tower,0,6,6,57,69,0,1,6,35,42,0,7,12,92,111,4,144,148,259
01/27/2023,GTR,MS,ASO,ES,Federal Contract Tower,0,8,8,51,67,0,0,4,23,27,0,8,12,74,94,0,102,102,196
01/28/2023,GTR,MS,ASO,ES,Federal Contract Tower,2,4,1,28,35,0,0,8,16,24,2,4,9,44,59,16,62,78,137
01/29/2023,GTR,MS,ASO,ES,Federal Contract Tower,0,9,0,19,28,0,0,0,0,0,0,9,0,19,28,0,4,4,32
01/30/2023,GTR,MS,ASO,ES,Federal Contract Tower,0,6,7,16,29,0,0,0,0,0,0,6,7,16,29,0,4,4,33
01/31/2023,GTR,MS,ASO,ES,Federal Contract Tower,0,6,4,6,16,0,0,0,0,0,0,6,4,6,16,0,0,0,16
02/01/2023,GTR,MS,ASO,ES,Federal Contract Tower,0,5,4,0,9,0,0,4,0,4,0,5,8,0,13,0,0,0,13
02/02/2023,GTR,MS,ASO,ES,Federal Contract Tower,0,4,3,1,8,0,0,0,0,0,0,4,3,1,8,0,0,0,8
02/03/2023,GTR,MS,ASO,ES,Federal Contract Tower,0,5,7,43,55,0,3,19,25,47,0,8,26,68,102,17,98,115,217
02/04/2023,GTR,MS,ASO,ES,Federal Contract Tower,0,3,4,11,18,0,1,13,1,15,0,4,17,12,33,2,24,26,59
02/05/2023,GTR,MS,ASO,ES,Federal Contract Tower,2,7,4,6,19,0,2,10,4,16,2,9,14,10,35,4,4,8,43
02/06/2023,GTR,MS,ASO,ES,Federal Contract Tower,1,7,7,37,52,0,7,20,25,52,1,14,27,62,104,14,76,90,194
02/07/2023,GTR,MS,ASO,ES,Federal Contract Tower,0,8,9,37,54,0,1,30,35,66,0,9,39,72,120,2,86,88,208
02/08/2023,GTR,MS,ASO,ES,Federal Contract Tower,0,6,7,62,75,0,0,0,8,8,0,6,7,70,83,0,70,70,153
02/09/2023,GTR,MS,ASO,ES,Federal Contract Tower,0,4,4,68,76,0,4,7,42,53,0,8,11,110,129,4,132,136,265
02/10/2023,GTR,MS,ASO,ES,Federal Contract Tower,0,6,6,50,62,0,3,28,19,50,0,9,34,69,112,24,142,166,278
02/11/2023,GTR,MS,ASO,ES,Federal Contract Tower,0,5,0,4,9,0,0,0,0,0,0,5,0,4,9,0,16,16,25
02/12/2023,GTR,MS,ASO,ES,Federal Contract Tower,1,4,0,14,19,0,6,6,7,19,1,10,6,21,38,8,24,32,70
02/13/2023,GTR,MS,ASO,ES,Federal Contract Tower,0,3,2,55,60,0,0,22,35,57,0,3,24,90,117,14,124,138,255
02/14/2023,GTR,MS,ASO,ES,Federal Contract Tower,0,12,11,76,99,0,4,2,42,48,0,16,13,118,147,2,156,158,305
02/15/2023,GTR,MS,ASO,ES,Federal Contract Tower,0,9,13,46,68,0,0,1,0,1,0,9,14,46,69,2,38,40,109
02/16/2023,GTR,MS,ASO,ES,Federal Contract Tower,0,7,2,0,9,0,0,0,0,0,0,7,2,0,9,2,0,2,11
02/17/2023,GTR,MS,ASO,ES,Federal Contract Tower,0,5,7,47,59,0,0,8,30,38,0,5,15,77,97,24,82,106,203
02/18/2023,GTR,MS,ASO,ES,Federal Contract Tower,0,4,0,6,10,0,5,14,6,25,0,9,14,12,35,0,34,34,69
02/19/2023,GTR,MS,ASO,ES,Federal Contract Tower,0,4,0,12,16,0,7,34,10,51,0,11,34,22,67,4,34,38,105
02/20/2023,GTR,MS,ASO,ES,Federal Contract Tower,0,5,3,7,15,0,1,14,12,27,0,6,17,19,42,10,22,32,74
02/21/2023,GTR,MS,ASO,ES,Federal Contract Tower,0,8,5,62,75,0,3,14,18,35,0,11,19,80,110,4,84,88,198
02/22/2023,GTR,MS,ASO,ES,Federal Contract Tower,0,8,2,29,39,0,0,5,29,34,0,8,7,58,73,0,134,134,207
02/23/2023,GTR,MS,ASO,ES,Federal Contract Tower,0,10,5,77,92,0,0,10,32,42,0,10,15,109,134,4,152,156,290
02/24/2023,GTR,MS,ASO,ES,Federal Contract Tower,0,7,7,46,60,0,1,15,23,39,0,8,22,69,99,0,66,66,165
02/25/2023,GTR,MS,ASO,ES,Federal Contract Tower,2,4,1,0,7,0,6,28,0,34,2,10,29,0,41,0,0,0,41
02/26/2023,GTR,MS,ASO,ES,Federal Contract Tower,2,9,0,17,28,0,2,12,6,20,2,11,12,23,48,0,28,28,76
02/27/2023,GTR,MS,ASO,ES,Federal Contract Tower,1,5,5,1,12,0,0,2,1,3,1,5,7,2,15,0,2,2,17
02/28/2023,GTR,MS,ASO,ES,Federal Contract Tower,0,10,10,52,72,0,2,36,32,70,0,12,46,84,142,36,116,152,294
03/01/2023,GTR,MS,ASO,ES,Federal Contract Tower,0,7,5,85,97,0,0,25,32,57,0,7,30,117,154,0,122,122,276
03/02/2023,GTR,MS,ASO,ES,Federal Contract Tower,0,6,5,19,30,0,0,0,0,0,0,6,5,19,30,0,0,0,30
03/03/2023,GTR,MS,ASO,ES,Federal Contract Tower,0,7,4,3,14,0,3,0,2,5,0,10,4,5,19,0,6,6,25
03/04/2023,GTR,MS,ASO,ES,Federal Contract Tower,0,4,1,3,8,0,2,39,1,42,0,6,40,4,50,14,0,14,64
03/05/2023,GTR,MS,ASO,ES,Federal Contract Tower,0,5,8,1,14,0,7,24,0,31,0,12,32,1,45,46,0,46,91
03/06/2023,GTR,MS,ASO,ES,Federal Contract Tower,0,5,8,69,82,0,6,7,42,55,0,11,15,111,137,0,138,138,275
03/07/2023,GTR,MS,ASO,ES,Federal Contract Tower,0,6,4,52,62,0,4,24,34,62,0,10,28,86,124,18,96,114,238
03/08/2023,GTR,MS,ASO,ES,Federal Contract Tower,0,5,6,34,45,0,4,26,19,49,0,9,32,53,94,0,52,52,146
03/09/2023,GTR,MS,ASO,ES,Federal Contract Tower,0,5,6,92,103,0,0,19,17,36,0,5,25,109,139,0,88,88,227
03/10/2023,GTR,MS,ASO,ES,Federal Contract Tower,0,8,12,85,105,0,8,18,15,41,0,16,30,100,146,2,100,102,248
03/11/2023,GTR,MS,ASO,ES,Federal Contract Tower,0,4,5,8,17,0,3,30,10,43,0,7,35,18,60,10,6,16,76
03/12/2023,GTR,MS,ASO,ES,Federal Contract Tower,0,6,2,5,13,0,0,0,0,0,0,6,2,5,13,0,0,0,13
03/13/2023,GTR,MS,ASO,ES,Federal Contract Tower,3,9,2,48,62,0,6,16,30,52,3,15,18,78,114,2,50,52,166
03/14/2023,GTR,MS,ASO,ES,Federal Contract Tower,0,6,6,42,54,0,0,27,39,66,0,6,33,81,120,48,64,112,232
03/15/2023,GTR,MS,ASO,ES,Federal Contract Tower,1,7,9,56,73,0,3,24,43,70,1,10,33,99,143,0,128,128,271
03/16/2023,GTR,MS,ASO,ES,Federal Contract Tower,0,5,8,54,67,0,0,43,34,77,0,5,51,88,144,1,116,117,261
03/17/2023,GTR,MS,ASO,ES,Federal Contract Tower,0,5,4,7,16,0,0,0,1,1,0,5,4,8,17,0,2,2,19
03/18/2023,GTR,MS,ASO,ES,Federal Contract Tower,0,4,0,2,6,0,1,8,2,11,0,5,8,4,17,20,8,28,45
03/19/2023,GTR,MS,ASO,ES,Federal Contract Tower,0,6,7,30,43,0,1,37,11,49,0,7,44,41,92,4,134,138,230
03/20/2023,GTR,MS,ASO,ES,Federal Contract Tower,0,4,7,25,36,0,0,35,27,62,0,4,42,52,98,0,114,114,212
03/21/2023,GTR,MS,ASO,ES,Federal Contract Tower,0,5,4,49,58,9,36,39,0,84,9,41,43,49,142,8,102,110,252
03/22/2023,GTR,MS,ASO,ES,Federal Contract Tower,0,8,4,42,54,0,1,27,28,56,0,9,31,70,110,0,130,130,240
03/23/2023,GTR,MS,ASO,ES,Federal Contract Tower,0,7,13,20,40,0,0,23,30,53,0,7,36,50,93,6,72,78,171
03/25/2023,GTR,MS,ASO,ES,Federal Contract Tower,0,8,7,2,17,0,4,11,5,20,0,12,18,7,37,2,0,2,39
03/26/2023,GTR,MS,ASO,ES,Federal Contract Tower,0,9,5,44,58,0,0,14,11,25,0,9,19,55,83,0,80,80,163
03/27/2023,GTR,MS,ASO,ES,Federal Contract Tower,0,10,4,65,79,0,8,23,32,63,0,18,27,97,142,8,130,138,280
03/28/2023,GTR,MS,ASO,ES,Federal Contract Tower,0,14,4,39,57,0,2,13,35,50,0,16,17,74,107,14,100,114,221
03/29/2023,GTR,MS,ASO,ES,Federal Contract Tower,0,8,5,26,39,0,2,36,33,71,0,10,41,59,110,24,76,100,210
03/30/2023,GTR,MS,ASO,ES,Federal Contract Tower,0,7,3,35,45,0,0,33,27,60,0,7,36,62,105,16,86,102,207
03/31/2023,GTR,MS,ASO,ES,Federal Contract Tower,0,6,9,3,18,0,0,15,1,16,0,6,24,4,34,0,0,0,34
04/01/2023,GTR,MS,ASO,ES,Federal Contract Tower,0,5,8,2,15,0,1,9,0,10,0,6,17,2,25,0,0,0,25
04/02/2023,GTR,MS,ASO,ES,Federal Contract Tower,0,6,1,14,21,0,2,8,7,17,0,8,9,21,38,6,18,24,62
04/03/2023,GTR,MS,ASO,ES,Federal Contract Tower,4,1,5,44,54,0,2,1,6,9,4,3,6,50,63,0,38,38,101
04/04/2023,GTR,MS,ASO,ES,Federal Contract Tower,4,2,18,44,68,0,0,5,31,36,4,2,23,75,104,6,80,86,190
04/05/2023,GTR,MS,ASO,ES,Federal Contract Tower,4,1,6,71,82,0,2,14,36,52,4,3,20,107,134,2,160,162,296
04/06/2023,GTR,MS,ASO,ES,Federal Contract Tower,4,0,6,16,26,0,0,20,0,20,4,0,26,16,46,2,4,6,52
04/07/2023,GTR,MS,ASO,ES,Federal Contract Tower,4,2,1,5,12,0,0,0,0,0,4,2,1,5,12,0,0,0,12
04/08/2023,GTR,MS,ASO,ES,Federal Contract Tower,2,1,1,0,4,0,0,0,0,0,2,1,1,0,4,0,0,0,4
04/09/2023,GTR,MS,ASO,ES,Federal Contract Tower,4,0,3,0,7,0,2,0,0,2,4,2,3,0,9,0,0,0,9
04/10/2023,GTR,MS,ASO,ES,Federal Contract Tower,4,1,5,56,66,0,2,11,45,58,4,3,16,101,124,16,158,174,298
04/11/2023,GTR,MS,ASO,ES,Federal Contract Tower,7,1,8,35,51,0,5,15,31,51,7,6,23,66,102,6,122,128,230
04/12/2023,GTR,MS,ASO,ES,Federal Contract Tower,4,5,3,27,39,0,2,22,22,46,4,7,25,49,85,22,62,84,169
04/13/2023,GTR,MS,ASO,ES,Federal Contract Tower,3,4,6,12,25,0,0,2,8,10,3,4,8,20,35,0,30,30,65
04/14/2023,GTR,MS,ASO,ES,Federal Contract Tower,4,4,5,34,47,0,2,21,20,43,4,6,26,54,90,2,118,120,210
04/15/2023,GTR,MS,ASO,ES,Federal Contract Tower,4,0,1,3,8,0,2,5,2,9,4,2,6,5,17,10,0,10,27
04/16/2023,GTR,MS,ASO,ES,Federal Contract Tower,4,2,2,2,10,0,2,2,14,18,4,4,4,16,28,0,0,0,28
04/17/2023,GTR,MS,ASO,ES,Federal Contract Tower,4,3,6,39,52,0,2,15,44,61,4,5,21,83,113,10,168,178,291
04/18/2023,GTR,MS,ASO,ES,Federal Contract Tower,4,4,4,28,40,0,4,40,20,64,4,8,44,48,104,8,68,76,180
04/19/2023,GTR,MS,ASO,ES,Federal Contract Tower,4,2,10,39,55,0,0,13,38,51,4,2,23,77,106,6,118,124,230
04/20/2023,GTR,MS,ASO,ES,Federal Contract Tower,4,2,4,27,37,0,4,8,37,49,4,6,12,64,86,8,88,96,182
04/21/2023,GTR,MS,ASO,ES,Federal Contract Tower,4,2,6,22,34,0,1,16,6,23,4,3,22,28,57,0,28,28,85
04/22/2023,GTR,MS,ASO,ES,Federal Contract Tower,4,4,3,4,15,0,3,5,3,11,4,7,8,7,26,0,28,28,54
04/23/2023,GTR,MS,ASO,ES,Federal Contract Tower,4,0,1,9,14,0,6,7,10,23,4,6,8,19,37,0,18,18,55
04/24/2023,GTR,MS,ASO,ES,Federal Contract Tower,4,3,6,45,58,0,3,3,35,41,4,6,9,80,99,24,124,148,247
04/25/2023,GTR,MS,ASO,ES,Federal Contract Tower,4,3,2,53,62,0,4,23,44,71,4,7,25,97,133,18,124,142,275
04/26/2023,GTR,MS,ASO,ES,Federal Contract Tower,4,4,2,52,62,0,2,4,40,46,4,6,6,92,108,8,148,156,264
04/27/2023,GTR,MS,ASO,ES,Federal Contract Tower,4,5,6,10,25,0,0,2,6,8,4,5,8,16,33,0,30,30,63
04/28/2023,GTR,MS,ASO,ES,Federal Contract Tower,4,1,8,55,68,0,3,14,24,41,4,4,22,79,109,0,102,102,211
04/29/2023,GTR,MS,ASO,ES,Federal Contract Tower,4,4,1,5,14,0,4,8,1,13,4,8,9,6,27,0,18,18,45
04/30/2023,GTR,MS,ASO,ES,Federal Contract Tower,4,3,9,11,27,0,5,0,6,11,4,8,9,17,38,0,12,12,50
05/01/2023,GTR,MS,ASO,ES,Federal Contract Tower,4,1,15,47,67,0,2,18,47,67,4,3,33,94,134,8,122,130,264
05/02/2023,GTR,MS,ASO,ES,Federal Contract Tower,4,0,7,41,52,0,2,10,35,47,4,2,17,76,99,2,92,94,193
05/03/2023,GTR,MS,ASO,ES,Federal Contract Tower,4,2,3,45,54,0,1,17,37,55,4,3,20,82,109,24,136,160,269
05/04/2023,GTR,MS,ASO,ES,Federal Contract Tower,4,3,5,32,44,0,0,21,31,52,4,3,26,63,96,14,96,110,206
05/05/2023,GTR,MS,ASO,ES,Federal Contract Tower,4,3,7,60,74,0,2,8,24,34,4,5,15,84,108,6,122,128,236
05/06/2023,GTR,MS,ASO,ES,Federal Contract Tower,4,1,1,2,8,0,4,3,1,8,4,5,4,3,16,0,16,16,32
05/07/2023,GTR,MS,ASO,ES,Federal Contract Tower,6,0,4,4,14,0,1,4,1,6,6,1,8,5,20,2,4,6,26
05/08/2023,GTR,MS,ASO,ES,Federal Contract Tower,4,2,3,45,54,0,2,6,12,20,4,4,9,57,74,8,46,54,128
05/09/2023,GTR,MS,ASO,ES,Federal Contract Tower,4,2,10,52,68,0,0,17,38,55,4,2,27,90,123,24,108,132,255
05/10/2023,GTR,MS,ASO,ES,Federal Contract Tower,4,6,8,62,80,0,0,22,35,57,4,6,30,97,137,8,104,112,249
05/11/2023,GTR,MS,ASO,ES,Federal Contract Tower,4,2,9,76,91,0,0,0,15,15,4,2,9,91,106,0,89,89,195
05/12/2023,GTR,MS,ASO,ES,Federal Contract Tower,4,3,6,38,51,0,2,9,16,27,4,5,15,54,78,6,84,90,168
05/13/2023,GTR,MS,ASO,ES,Federal Contract Tower,4,4,6,3,17,0,7,5,2,14,4,11,11,5,31,0,8,8,39
05/14/2023,GTR,MS,ASO,ES,Federal Contract Tower,4,3,4,5,16,0,7,8,6,21,4,10,12,11,37,10,46,56,93
05/15/2023,GTR,MS,ASO,ES,Federal Contract Tower,4,3,7,15,29,0,0,2,13,15,4,3,9,28,44,0,76,76,120
05/16/2023,GTR,MS,ASO,ES,Federal Contract Tower,4,0,4,46,54,0,0,6,35,41,4,0,10,81,95,0,158,158,253
05/17/2023,GTR,MS,ASO,ES,Federal Contract Tower,6,6,2,69,83,0,0,3,35,38,6,6,5,104,121,0,126,126,247
05/18/2023,GTR,MS,ASO,ES,Federal Contract Tower,4,2,7,40,53,0,0,5,3,8,4,2,12,43,61,2,40,42,103
05/19/2023,GTR,MS,ASO,ES,Federal Contract Tower,4,1,25,34,64,0,0,3,5,8,4,1,28,39,72,0,32,32,104
05/20/2023,GTR,MS,ASO,ES,Federal Contract Tower,4,4,3,9,20,0,1,2,2,5,4,5,5,11,25,0,40,40,65
05/21/2023,GTR,MS,ASO,ES,Federal Contract Tower,4,0,3,11,18,0,4,3,14,21,4,4,6,25,39,0,18,18,57
05/22/2023,GTR,MS,ASO,ES,Federal Contract Tower,4,2,14,48,68,0,1,6,24,31,4,3,20,72,99,0,68,68,167
05/23/2023,GTR,MS,ASO,ES,Federal Contract Tower,4,11,14,49,78,0,0,0,0,0,4,11,14,49,78,0,52,52,130
05/24/2023,GTR,MS,ASO,ES,Federal Contract Tower,4,0,3,54,61,0,0,43,18,61,4,0,46,72,122,14,68,82,204
05/25/2023,GTR,MS,ASO,ES,Federal Contract Tower,4,0,9,47,60,0,0,28,28,56,4,0,37,75,116,20,82,102,218
05/26/2023,GTR,MS,ASO,ES,Federal Contract Tower,4,2,5,0,11,0,0,29,0,29,4,2,34,0,40,10,0,10,50
05/27/2023,GTR,MS,ASO,ES,Federal Contract Tower,4,2,5,0,11,0,0,6,0,6,4,2,11,0,17,4,0,4,21
05/28/2023,GTR,MS,ASO,ES,Federal Contract Tower,4,0,6,0,10,0,0,0,0,0,4,0,6,0,10,0,0,0,10
05/29/2023,GTR,MS,ASO,ES,Federal Contract Tower,4,1,0,0,5,0,3,7,0,10,4,4,7,0,15,18,0,18,33
05/30/2023,GTR,MS,ASO,ES,Federal Contract Tower,4,0,4,91,99,0,1,4,33,38,4,1,8,124,137,14,138,152,289
05/31/2023,GTR,MS,ASO,ES,Federal Contract Tower,4,0,3,10,17,0,1,14,7,22,4,1,17,17,39,22,12,34,73
06/01/2023,GTR,MS,ASO,ES,Federal Contract Tower,4,0,5,27,36,0,0,16,28,44,4,0,21,55,80,24,70,94,174
06/02/2023,GTR,MS,ASO,ES,Federal Contract Tower,4,0,4,58,66,0,5,17,32,54,4,5,21,90,120,2,96,98,218
06/03/2023,GTR,MS,ASO,ES,Federal Contract Tower,4,1,0,8,13,0,2,2,1,5,4,3,2,9,18,0,0,0,18
06/04/2023,GTR,MS,ASO,ES,Federal Contract Tower,4,1,4,7,16,0,6,8,7,21,4,7,12,14,37,8,20,28,65
06/05/2023,GTR,MS,ASO,ES,Federal Contract Tower,4,3,3,26,36,0,0,21,15,36,4,3,24,41,72,18,65,83,155
06/06/2023,GTR,MS,ASO,ES,Federal Contract Tower,4,4,5,44,57,0,4,28,47,79,4,8,33,91,136,22,110,132,268
06/07/2023,GTR,MS,ASO,ES,Federal Contract Tower,4,5,6,50,65,0,5,10,40,55,4,10,16,90,120,6,154,160,280
06/08/2023,GTR,MS,ASO,ES,Federal Contract Tower,4,5,2,28,39,0,0,7,25,32,4,5,9,53,71,16,74,90,161
06/09/2023,GTR,MS,ASO,ES,Federal Contract Tower,4,4,10,30,48,0,4,1,21,26,4,8,11,51,74,0,58,58,132
06/10/2023,GTR,MS,ASO,ES,Federal Contract Tower,4,4,0,11,19,0,2,5,6,13,4,6,5,17,32,0,20,20,52
06/11/2023,GTR,MS,ASO,ES,Federal Contract Tower,4,0,5,6,15,0,0,2,5,7,4,0,7,11,22,0,40,40,62
06/12/2023,GTR,MS,ASO,ES,Federal Contract Tower,4,6,2,96,108,0,0,26,27,53,4,6,28,123,161,0,138,138,299
06/13/2023,GTR,MS,ASO,ES,Federal Contract Tower,4,1,3,40,48,0,0,39,26,65,4,1,42,66,113,22,82,104,217
06/14/2023,GTR,MS,ASO,ES,Federal Contract Tower,4,1,4,45,54,0,0,27,14,41,4,1,31,59,95,16,54,70,165
06/15/2023,GTR,MS,ASO,ES,Federal Contract Tower,4,5,2,78,89,0,0,46,18,64,4,5,48,96,153,40,98,138,291
06/16/2023,GTR,MS,ASO,ES,Federal Contract Tower,4,0,9,18,31,0,1,15,22,38,4,1,24,40,69,0,44,44,113
06/17/2023,GTR,MS,ASO,ES,Federal Contract Tower,4,0,3,0,7,0,0,7,0,7,4,0,10,0,14,6,0,6,20
06/18/2023,GTR,MS,ASO,ES,Federal Contract Tower,4,0,6,0,10,0,0,0,0,0,4,0,6,0,10,0,0,0,10
06/19/2023,GTR,MS,ASO,ES,Federal Contract Tower,4,2,6,0,12,0,5,24,0,29,4,7,30,0,41,38,0,38,79
06/20/2023,GTR,MS,ASO,ES,Federal Contract Tower,4,1,1,35,41,0,3,20,17,40,4,4,21,52,81,0,84,84,165
06/21/2023,GTR,MS,ASO,ES,Federal Contract Tower,4,3,9,49,65,0,0,6,18,24,4,3,15,67,89,16,82,98,187
06/22/2023,GTR,MS,ASO,ES,Federal Contract Tower,4,0,14,66,84,0,4,6,17,27,4,4,20,83,111,26,98,124,235
06/23/2023,GTR,MS,ASO,ES,Federal Contract Tower,4,0,1,19,24,0,2,58,22,82,4,2,59,41,106,56,38,94,200
06/24/2023,GTR,MS,ASO,ES,Federal Contract Tower,4,0,2,0,6,0,2,41,0,43,4,2,43,0,49,0,0,0,49
06/25/2023,GTR,MS,ASO,ES,Federal Contract Tower,4,0,3,0,7,0,3,22,2,27,4,3,25,2,34,14,26,40,74
06/26/2023,GTR,MS,ASO,ES,Federal Contract Tower,2,1,9,111,123,0,2,18,43,63,2,3,27,154,186,18,114,132,318
06/27/2023,GTR,MS,ASO,ES,Federal Contract Tower,4,0,4,78,86,0,4,25,45,74,4,4,29,123,160,42,166,208,368
06/28/2023,GTR,MS,ASO,ES,Federal Contract Tower,4,3,0,78,85,0,0,10,49,59,4,3,10,127,144,14,164,178,322
06/29/2023,GTR,MS,ASO,ES,Federal Contract Tower,4,3,10,92,109,0,2,16,33,51,4,5,26,125,160,28,132,160,320
06/30/2023,GTR,MS,ASO,ES,Federal Contract Tower,4,2,4,42,52,0,2,11,14,27,4,4,15,56,79,18,78,96,175
07/01/2023,GTR,MS,ASO,ES,Federal Contract Tower,4,0,2,0,6,0,3,6,8,17,4,3,8,8,23,0,0,0,23
07/02/2023,GTR,MS,ASO,ES,Federal Contract Tower,4,2,4,0,10,0,3,3,0,6,4,5,7,0,16,2,0,2,18
07/03/2023,GTR,MS,ASO,ES,Federal Contract Tower,4,1,4,0,9,0,2,28,0,30,4,3,32,0,39,14,0,14,53
07/04/2023,GTR,MS,ASO,ES,Federal Contract Tower,4,0,1,0,5,0,0,15,2,17,4,0,16,2,22,0,0,0,22
07/05/2023,GTR,MS,ASO,ES,Federal Contract Tower,4,1,2,42,49,0,0,44,19,63,4,1,46,61,112,14,46,60,172
07/06/2023,GTR,MS,ASO,ES,Federal Contract Tower,4,1,7,47,59,0,0,5,21,26,4,1,12,68,85,18,100,118,203
07/07/2023,GTR,MS,ASO,ES,Federal Contract Tower,4,0,2,44,50,0,0,10,12,22,4,0,12,56,72,22,68,90,162
07/08/2023,GTR,MS,ASO,ES,Federal Contract Tower,4,0,2,2,8,0,1,3,1,5,4,1,5,3,13,8,0,8,21
07/09/2023,GTR,MS,ASO,ES,Federal Contract Tower,4,2,6,16,28,0,0,6,2,8,4,2,12,18,36,0,36,36,72
07/10/2023,GTR,MS,ASO,ES,Federal Contract Tower,4,1,23,61,89,0,0,9,20,29,4,1,32,81,118,32,54,86,204
07/11/2023,GTR,MS,ASO,ES,Federal Contract Tower,4,1,9,54,68,0,2,37,35,74,4,3,46,89,142,16,120,136,278
07/12/2023,GTR,MS,ASO,ES,Federal Contract Tower,4,2,7,20,33,0,0,7,9,16,4,2,14,29,49,0,98,98,147
07/13/2023,GTR,MS,ASO,ES,Federal Contract Tower,6,3,30,0,39,0,1,4,3,8,6,4,34,3,47,0,6,6,53
07/14/2023,GTR,MS,ASO,ES,Federal Contract Tower,4,0,7,11,22,0,0,7,3,10,4,0,14,14,32,10,10,20,52
07/15/2023,GTR,MS,ASO,ES,Federal Contract Tower,4,2,0,5,11,0,3,10,0,13,4,5,10,5,24,20,50,70,94
07/16/2023,GTR,MS,ASO,ES,Federal Contract Tower,4,4,8,5,21,0,0,2,2,4,4,4,10,7,25,14,4,18,43
07/17/2023,GTR,MS,ASO,ES,Federal Contract Tower,4,2,2,55,63,0,0,10,28,38,4,2,12,83,101,8,80,88,189
07/18/2023,GTR,MS,ASO,ES,Federal Contract Tower,4,0,2,33,39,0,6,24,21,51,4,6,26,54,90,0,70,70,160
07/19/2023,GTR,MS,ASO,ES,Federal Contract Tower,4,7,5,32,48,0,2,10,17,29,4,9,15,49,77,2,108,110,187
07/20/2023,GTR,MS,ASO,ES,Federal Contract Tower,4,6,1,40,51,0,4,6,20,30,4,10,7,60,81,4,80,84,165
07/21/2023,GTR,MS,ASO,ES,Federal Contract Tower,4,4,49,0,57,0,0,19,27,46,4,4,68,27,103,12,76,88,191
07/22/2023,GTR,MS,ASO,ES,Federal Contract Tower,4,0,2,2,8,0,0,7,0,7,4,0,9,2,15,0,0,0,15
07/23/2023,GTR,MS,ASO,ES,Federal Contract Tower,4,0,4,10,18,0,7,9,2,18,4,7,13,12,36,0,4,4,40
07/24/2023,GTR,MS,ASO,ES,Federal Contract Tower,4,2,7,56,69,0,0,6,40,46,4,2,13,96,115,0,134,134,249
07/25/2023,GTR,MS,ASO,ES,Federal Contract Tower,4,0,8,43,55,0,0,4,36,40,4,0,12,79,95,2,120,122,217
07/26/2023,GTR,MS,ASO,ES,Federal Contract Tower,4,0,4,56,64,0,2,10,33,45,4,2,14,89,109,0,142,142,251
07/27/2023,GTR,MS,ASO,ES,Federal Contract Tower,4,2,8,49,63,0,0,10,43,53,4,2,18,92,116,0,200,200,316
07/28/2023,GTR,MS,ASO,ES,Federal Contract Tower,4,1,9,67,81,0,9,11,22,42,4,10,20,89,123,36,98,134,257
07/29/2023,GTR,MS,ASO,ES,Federal Contract Tower,4,0,3,1,8,0,0,9,0,9,4,0,12,1,17,6,0,6,23
07/30/2023,GTR,MS,ASO,ES,Federal Contract Tower,4,0,2,19,25,0,3,7,2,12,4,3,9,21,37,34,42,76,113
07/31/2023,GTR,MS,ASO,ES,Federal Contract Tower,4,0,7,54,65,0,1,34,38,73,4,1,41,92,138,0,150,150,288
08/01/2023,GTR,MS,ASO,ES,Federal Contract Tower,4,0,16,62,82,0,1,12,38,51,4,1,28,100,133,0,116,116,249
08/02/2023,GTR,MS,ASO,ES,Federal Contract Tower,4,0,0,62,66,0,1,7,42,50,4,1,7,104,116,6,198,204,320
08/03/2023,GTR,MS,ASO,ES,Federal Contract Tower,4,0,2,50,56,0,0,12,41,53,4,0,14,91,109,20,120,140,249
08/04/2023,GTR,MS,ASO,ES,Federal Contract Tower,4,2,5,42,53,0,0,6,24,30,4,2,11,66,83,6,70,76,159
08/05/2023,GTR,MS,ASO,ES,Federal Contract Tower,4,0,0,4,8,0,0,7,1,8,4,0,7,5,16,10,12,22,38
08/06/2023,GTR,MS,ASO,ES,Federal Contract Tower,2,0,2,9,13,0,0,4,3,7,2,0,6,12,20,0,20,20,40
08/07/2023,GTR,MS,ASO,ES,Federal Contract Tower,5,1,5,31,42,0,2,19,11,32,5,3,24,42,74,24,50,74,148
08/08/2023,GTR,MS,ASO,ES,Federal Contract Tower,2,1,2,12,17,0,3,7,4,14,2,4,9,16,31,12,28,40,71
08/09/2023,GTR,MS,ASO,ES,Federal Contract Tower,3,2,7,59,71,0,1,22,24,47,3,3,29,83,118,14,130,144,262
08/10/2023,GTR,MS,ASO,ES,Federal Contract Tower,4,0,0,41,45,0,1,10,13,24,4,1,10,54,69,0,74,74,143
08/11/2023,GTR,MS,ASO,ES,Federal Contract Tower,4,1,11,61,77,0,2,12,26,40,4,3,23,87,117,0,118,118,235
08/12/2023,GTR,MS,ASO,ES,Federal Contract Tower,4,0,4,4,12,0,2,13,4,19,4,2,17,8,31,10,16,26,57
08/13/2023,GTR,MS,ASO,ES,Federal Contract Tower,4,2,5,3,14,0,2,10,2,14,4,4,15,5,28,4,20,24,52
08/14/2023,GTR,MS,ASO,ES,Federal Contract Tower,4,1,8,27,40,0,2,4,21,27,4,3,12,48,67,2,76,78,145
08/15/2023,GTR,MS,ASO,ES,Federal Contract Tower,4,0,8,30,42,0,2,3,21,26,4,2,11,51,68,0,72,72,140
08/16/2023,GTR,MS,ASO,ES,Federal Contract Tower,4,0,0,14,18,0,7,11,6,24,4,7,11,20,42,2,32,34,76
08/17/2023,GTR,MS,ASO,ES,Federal Contract Tower,4,2,4,23,33,0,0,10,18,28,4,2,14,41,61,14,72,86,147
08/18/2023,GTR,MS,ASO,ES,Federal Contract Tower,4,0,7,24,35,0,5,18,30,53,4,5,25,54,88,11,70,81,169
08/19/2023,GTR,MS,ASO,ES,Federal Contract Tower,4,0,0,11,15,0,5,8,10,23,4,5,8,21,38,0,48,48,86
08/20/2023,GTR,MS,ASO,ES,Federal Contract Tower,4,0,2,21,27,0,1,1,18,20,4,1,3,39,47,0,40,40,87
08/21/2023,GTR,MS,ASO,ES,Federal Contract Tower,4,0,7,48,59,0,1,8,40,49,4,1,15,88,108,6,174,180,288
08/22/2023,GTR,MS,ASO,ES,Federal Contract Tower,4,1,4,51,60,0,1,37,32,70,4,2,41,83,130,16,136,152,282
08/23/2023,GTR,MS,ASO,ES,Federal Contract Tower,4,1,12,0,17,0,3,17,2,22,4,4,29,2,39,28,0,28,67
08/25/2023,GTR,MS,ASO,ES,Federal Contract Tower,4,5,2,36,47,0,1,9,17,27,4,6,11,53,74,0,66,66,140
08/26/2023,GTR,MS,ASO,ES,Federal Contract Tower,3,1,2,0,6,0,2,7,0,9,3,3,9,0,15,14,0,14,29
08/27/2023,GTR,MS,ASO,ES,Federal Contract Tower,4,2,5,9,20,0,0,5,3,8,4,2,10,12,28,12,20,32,60
08/28/2023,GTR,MS,ASO,ES,Federal Contract Tower,2,0,7,37,46,0,7,13,12,32,2,7,20,49,78,24,76,100,178
08/29/2023,GTR,MS,ASO,ES,Federal Contract Tower,4,0,13,62,79,0,4,20,21,45,4,4,33,83,124,46,96,142,266
08/30/2023,GTR,MS,ASO,ES,Federal Contract Tower,4,0,3,44,51,0,3,14,29,46,4,3,17,73,97,20,92,112,209
08/31/2023,GTR,MS,ASO,ES,Federal Contract Tower,4,2,3,60,69,0,1,18,23,42,4,3,21,83,111,48,108,156,267
01/01/2020,GTR,MS,ASO,CE,Federal Contract Tower,1,4,1,0,6,0,0,8,0,8,1,4,9,0,14,6,0,6,20
01/02/2020,GTR,MS,ASO,CE,Federal Contract Tower,0,7,7,0,14,0,0,0,0,0,0,7,7,0,14,0,0,0,14
01/03/2020,GTR,MS,ASO,CE,Federal Contract Tower,0,6,4,13,23,0,0,0,0,0,0,6,4,13,23,0,0,0,23
01/04/2020,GTR,MS,ASO,CE,Federal Contract Tower,0,8,7,0,15,0,2,4,4,10,0,10,11,4,25,4,0,4,29
01/05/2020,GTR,MS,ASO,CE,Federal Contract Tower,0,6,1,7,14,0,2,12,4,18,0,8,13,11,32,20,32,52,84
01/06/2020,GTR,MS,ASO,CE,Federal Contract Tower,0,7,5,60,72,0,5,24,41,70,0,12,29,101,142,2,122,124,266
01/07/2020,GTR,MS,ASO,CE,Federal Contract Tower,0,6,3,56,65,0,2,22,27,51,0,8,25,83,116,4,172,176,292
01/08/2020,GTR,MS,ASO,CE,Federal Contract Tower,0,9,7,32,48,0,2,35,26,63,0,11,42,58,111,60,92,152,263
01/09/2020,GTR,MS,ASO,CE,Federal Contract Tower,0,7,9,38,54,0,0,26,31,57,0,7,35,69,111,2,136,138,249
01/10/2020,GTR,MS,ASO,CE,Federal Contract Tower,0,7,10,14,31,0,1,6,10,17,0,8,16,24,48,4,30,34,82
01/11/2020,GTR,MS,ASO,CE,Federal Contract Tower,0,5,0,0,5,0,2,0,0,2,0,7,0,0,7,0,0,0,7
01/12/2020,GTR,MS,ASO,CE,Federal Contract Tower,0,5,8,0,13,0,2,11,0,13,0,7,19,0,26,26,0,26,52
01/13/2020,GTR,MS,ASO,CE,Federal Contract Tower,2,6,8,29,45,0,0,2,9,11,2,6,10,38,56,4,22,26,82
01/14/2020,GTR,MS,ASO,CE,Federal Contract Tower,1,8,9,59,77,0,0,0,1,1,1,8,9,60,78,0,66,66,144
01/15/2020,GTR,MS,ASO,CE,Federal Contract Tower,0,8,11,61,80,0,0,7,28,35,0,8,18,89,115,0,82,82,197
01/16/2020,GTR,MS,ASO,CE,Federal Contract Tower,0,7,3,50,60,0,2,23,20,45,0,9,26,70,105,6,88,94,199
01/17/2020,GTR,MS,ASO,CE,Federal Contract Tower,0,9,5,41,55,0,0,26,32,58,0,9,31,73,113,20,138,158,271
01/18/2020,GTR,MS,ASO,CE,Federal Contract Tower,0,5,0,7,12,0,0,0,1,1,0,5,0,8,13,0,0,0,13
01/19/2020,GTR,MS,ASO,CE,Federal Contract Tower,1,6,0,25,32,0,0,12,10,22,1,6,12,35,54,18,84,102,156
01/20/2020,GTR,MS,ASO,CE,Federal Contract Tower,0,7,1,15,23,0,0,20,8,28,0,7,21,23,51,26,34,60,111
01/21/2020,GTR,MS,ASO,CE,Federal Contract Tower,3,11,4,63,81,0,2,9,30,41,3,13,13,93,122,6,102,108,230
01/22/2020,GTR,MS,ASO,CE,Federal Contract Tower,1,11,2,28,42,0,0,15,24,39,1,11,17,52,81,16,70,86,167
01/23/2020,GTR,MS,ASO,CE,Federal Contract Tower,0,7,7,22,36,0,0,1,18,19,0,7,8,40,55,1,56,57,112
01/24/2020,GTR,MS,ASO,CE,Federal Contract Tower,0,8,8,27,43,0,1,13,24,38,0,9,21,51,81,16,48,64,145
01/25/2020,GTR,MS,ASO,CE,Federal Contract Tower,0,6,2,10,18,0,2,11,2,15,0,8,13,12,33,12,28,40,73
01/26/2020,GTR,MS,ASO,CE,Federal Contract Tower,0,7,5,8,20,0,2,13,9,24,0,9,18,17,44,6,10,16,60
01/27/2020,GTR,MS,ASO,CE,Federal Contract Tower,0,8,4,33,45,0,2,17,16,35,0,10,21,49,80,9,59,68,148
01/28/2020,GTR,MS,ASO,CE,Federal Contract Tower,0,11,4,13,28,0,0,26,47,73,0,11,30,60,101,45,64,109,210
01/29/2020,GTR,MS,ASO,CE,Federal Contract Tower,0,7,5,62,74,0,0,11,24,35,0,7,16,86,109,6,182,188,297
01/30/2020,GTR,MS,ASO,CE,Federal Contract Tower,0,7,9,16,32,0,2,30,10,42,0,9,39,26,74,30,28,58,132
01/31/2020,GTR,MS,ASO,CE,Federal Contract Tower,1,10,4,35,50,0,0,12,21,33,1,10,16,56,83,16,108,124,207
02/01/2020,GTR,MS,ASO,ES,Federal Contract Tower,1,3,4,11,19,0,2,29,5,36,1,5,33,16,55,48,10,58,113
02/02/2020,GTR,MS,ASO,ES,Federal Contract Tower,0,6,3,6,15,0,1,75,16,92,0,7,78,22,107,48,96,144,251
02/03/2020,GTR,MS,ASO,ES,Federal Contract Tower,0,9,3,45,57,0,0,22,36,58,0,9,25,81,115,6,110,116,231
02/04/2020,GTR,MS,ASO,ES,Federal Contract Tower,0,10,9,16,35,0,2,6,6,14,0,12,15,22,49,4,42,46,95
02/05/2020,GTR,MS,ASO,ES,Federal Contract Tower,0,7,3,0,10,0,0,2,0,2,0,7,5,0,12,2,0,2,14
02/06/2020,GTR,MS,ASO,ES,Federal Contract Tower,0,6,8,32,46,0,0,2,0,2,0,6,10,32,48,2,0,2,50
02/07/2020,GTR,MS,ASO,ES,Federal Contract Tower,1,9,6,18,34,0,3,11,13,27,1,12,17,31,61,38,87,125,186
02/08/2020,GTR,MS,ASO,ES,Federal Contract Tower,3,5,3,25,36,0,0,69,21,90,3,5,72,46,126,94,76,170,296
02/09/2020,GTR,MS,ASO,ES,Federal Contract Tower,2,5,1,20,28,0,0,22,11,33,2,5,23,31,61,90,20,110,171
02/10/2020,GTR,MS,ASO,ES,Federal Contract Tower,0,11,1,0,12,0,0,0,0,0,0,11,1,0,12,0,0,0,12
02/11/2020,GTR,MS,ASO,ES,Federal Contract Tower,0,9,12,17,38,0,0,0,0,0,0,9,12,17,38,2,6,8,46
02/12/2020,GTR,MS,ASO,ES,Federal Contract Tower,0,10,8,0,18,0,0,8,0,8,0,10,16,0,26,20,0,20,46
02/13/2020,GTR,MS,ASO,ES,Federal Contract Tower,0,7,16,70,93,0,0,10,16,26,0,7,26,86,119,18,96,114,233
02/14/2020,GTR,MS,ASO,ES,Federal Contract Tower,1,8,3,33,45,0,4,26,23,53,1,12,29,56,98,28,106,134,232
02/15/2020,GTR,MS,ASO,ES,Federal Contract Tower,0,10,1,29,40,0,2,35,15,52,0,12,36,44,92,39,82,121,213
02/16/2020,GTR,MS,ASO,ES,Federal Contract Tower,0,6,3,8,17,0,5,43,10,58,0,11,46,18,75,60,45,105,180
02/17/2020,GTR,MS,ASO,ES,Federal Contract Tower,0,8,9,15,32,0,0,14,1,15,0,8,23,16,47,28,12,40,87
02/18/2020,GTR,MS,ASO,ES,Federal Contract Tower,0,9,8,0,17,0,0,0,0,0,0,9,8,0,17,0,0,0,17
02/19/2020,GTR,MS,ASO,ES,Federal Contract Tower,0,9,9,60,78,0,0,13,18,31,0,9,22,78,109,6,68,74,183
02/20/2020,GTR,MS,ASO,ES,Federal Contract Tower,0,10,2,0,12,0,0,0,0,0,0,10,2,0,12,0,0,0,12
02/21/2020,GTR,MS,ASO,ES,Federal Contract Tower,0,8,5,61,74,0,3,28,49,80,0,11,33,110,154,16,172,188,342
02/22/2020,GTR,MS,ASO,ES,Federal Contract Tower,0,6,2,38,46,0,1,26,41,68,0,7,28,79,114,35,95,130,244
02/23/2020,GTR,MS,ASO,ES,Federal Contract Tower,0,7,1,42,50,0,1,14,9,24,0,8,15,51,74,55,58,113,187
02/24/2020,GTR,MS,ASO,ES,Federal Contract Tower,0,10,2,23,35,0,0,2,17,19,0,10,4,40,54,6,20,26,80
02/25/2020,GTR,MS,ASO,ES,Federal Contract Tower,0,9,7,53,69,0,0,37,30,67,0,9,44,83,136,62,142,204,340
02/26/2020,GTR,MS,ASO,ES,Federal Contract Tower,0,11,1,42,54,0,0,37,4,41,0,11,38,46,95,4,92,96,191
02/27/2020,GTR,MS,ASO,ES,Federal Contract Tower,0,7,13,43,63,0,0,46,36,82,0,7,59,79,145,66,70,136,281
02/28/2020,GTR,MS,ASO,ES,Federal Contract Tower,0,13,5,32,50,0,0,17,23,40,0,13,22,55,90,20,108,128,218
02/29/2020,GTR,MS,ASO,ES,Federal Contract Tower,0,7,7,24,38,0,1,41,12,54,0,8,48,36,92,38,83,121,213
03/01/2020,GTR,MS,ASO,ES,Federal Contract Tower,0,6,3,19,28,0,2,9,10,21,0,8,12,29,49,2,42,44,93
03/02/2020,GTR,MS,ASO,ES,Federal Contract Tower,0,10,2,63,75,0,0,12,13,25,0,10,14,76,100,8,124,132,232
03/03/2020,GTR,MS,ASO,ES,Federal Contract Tower,0,8,6,73,87,0,0,14,33,47,0,8,20,106,134,4,274,278,412
03/05/2020,GTR,MS,ASO,ES,Federal Contract Tower,0,9,4,46,59,0,0,16,12,28,0,9,20,58,87,9,29,38,125
03/06/2020,GTR,MS,ASO,ES,Federal Contract Tower,0,7,6,36,49,0,0,28,32,60,0,7,34,68,109,8,46,54,163
03/07/2020,GTR,MS,ASO,ES,Federal Contract Tower,0,5,3,10,18,0,2,24,3,29,0,7,27,13,47,30,10,40,87
03/08/2020,GTR,MS,ASO,ES,Federal Contract Tower,0,9,6,5,20,0,4,29,1,34,0,13,35,6,54,34,2,36,90
03/09/2020,GTR,MS,ASO,ES,Federal Contract Tower,0,7,6,41,54,0,0,20,37,57,0,7,26,78,111,6,76,82,193
03/10/2020,GTR,MS,ASO,ES,Federal Contract Tower,0,7,3,21,31,0,3,9,13,25,0,10,12,34,56,0,58,58,114
03/11/2020,GTR,MS,ASO,ES,Federal Contract Tower,0,8,2,28,38,0,0,15,2,17,0,8,17,30,55,2,20,22,77
03/12/2020,GTR,MS,ASO,ES,Federal Contract Tower,0,9,9,48,66,0,3,32,19,54,0,12,41,67,120,20,262,282,402
03/13/2020,GTR,MS,ASO,ES,Federal Contract Tower,0,7,4,12,23,0,0,19,0,19,0,7,23,12,42,17,0,17,59
03/14/2020,GTR,MS,ASO,ES,Federal Contract Tower,0,6,5,23,34,0,0,18,6,24,0,6,23,29,58,14,64,78,136
03/16/2020,GTR,MS,ASO,ES,Federal Contract Tower,0,7,6,42,55,0,2,63,20,85,0,9,69,62,140,70,80,150,290
03/17/2020,GTR,MS,ASO,ES,Federal Contract Tower,0,7,7,20,34,0,0,47,11,58,0,7,54,31,92,26,80,106,198
03/18/2020,GTR,MS,ASO,ES,Federal Contract Tower,0,7,8,40,55,0,1,19,11,31,0,8,27,51,86,6,0,6,92
03/19/2020,GTR,MS,ASO,ES,Federal Contract Tower,0,7,2,27,36,0,1,15,8,24,0,8,17,35,60,9,53,62,122
03/20/2020,GTR,MS,ASO,ES,Federal Contract Tower,0,5,0,14,19,0,0,4,0,4,0,5,4,14,23,16,12,28,51
03/21/2020,GTR,MS,ASO,ES,Federal Contract Tower,0,5,7,0,12,0,0,8,0,8,0,5,15,0,20,18,0,18,38
03/22/2020,GTR,MS,ASO,ES,Federal Contract Tower,0,5,0,0,5,0,0,29,0,29,0,5,29,0,34,0,0,0,34
03/23/2020,GTR,MS,ASO,ES,Federal Contract Tower,0,8,4,8,20,0,0,0,0,0,0,8,4,8,20,4,8,12,32
03/24/2020,GTR,MS,ASO,ES,Federal Contract Tower,0,5,8,40,53,0,2,6,8,16,0,7,14,48,69,8,46,54,123
03/25/2020,GTR,MS,ASO,ES,Federal Contract Tower,0,4,1,31,36,0,0,6,9,15,0,4,7,40,51,0,122,122,173
03/26/2020,GTR,MS,ASO,ES,Federal Contract Tower,0,3,2,20,25,0,0,23,9,32,0,3,25,29,57,13,43,56,113
03/27/2020,GTR,MS,ASO,ES,Federal Contract Tower,0,3,2,9,14,0,0,26,4,30,0,3,28,13,44,7,27,34,78
03/28/2020,GTR,MS,ASO,ES,Federal Contract Tower,0,4,2,16,22,0,0,14,11,25,0,4,16,27,47,34,64,98,145
03/29/2020,GTR,MS,ASO,ES,Federal Contract Tower,0,3,0,0,3,0,0,24,0,24,0,3,24,0,27,23,0,23,50
03/30/2020,GTR,MS,ASO,ES,Federal Contract Tower,0,4,5,17,26,0,0,23,14,37,0,4,28,31,63,16,72,88,151
03/31/2020,GTR,MS,ASO,ES,Federal Contract Tower,0,3,6,20,29,0,0,3,4,7,0,3,9,24,36,6,16,22,58
04/01/2020,GTR,MS,ASO,ES,Federal Contract Tower,0,3,0,8,11,0,0,43,11,54,0,3,43,19,65,28,30,58,123
04/02/2020,GTR,MS,ASO,ES,Federal Contract Tower,0,4,3,10,17,0,1,24,12,37,0,5,27,22,54,15,27,42,96
04/03/2020,GTR,MS,ASO,ES,Federal Contract Tower,0,4,2,22,28,0,0,28,20,48,0,4,30,42,76,19,116,135,211
04/04/2020,GTR,MS,ASO,ES,Federal Contract Tower,0,3,29,0,32,2,14,14,0,30,2,17,43,0,62,9,88,97,159
04/05/2020,GTR,MS,ASO,ES,Federal Contract Tower,0,4,0,0,4,0,1,12,0,13,0,5,12,0,17,8,0,8,25
04/06/2020,GTR,MS,ASO,ES,Federal Contract Tower,0,4,4,14,22,0,0,23,21,44,0,4,27,35,66,18,48,66,132
04/07/2020,GTR,MS,ASO,ES,Federal Contract Tower,0,4,8,3,15,0,0,2,1,3,0,4,10,4,18,2,12,14,32
04/08/2020,GTR,MS,ASO,ES,Federal Contract Tower,0,4,6,10,20,0,0,1,1,2,0,4,7,11,22,0,18,18,40
04/09/2020,GTR,MS,ASO,ES,Federal Contract Tower,0,4,8,14,26,0,0,6,14,20,0,4,14,28,46,10,85,95,141
04/10/2020,GTR,MS,ASO,ES,Federal Contract Tower,0,4,2,17,23,0,0,15,22,37,0,4,17,39,60,24,54,78,138
04/11/2020,GTR,MS,ASO,ES,Federal Contract Tower,0,4,2,13,19,0,0,10,14,24,0,4,12,27,43,20,62,82,125
04/12/2020,GTR,MS,ASO,ES,Federal Contract Tower,0,3,0,0,3,0,0,0,0,0,0,3,0,0,3,0,0,0,3
04/13/2020,GTR,MS,ASO,ES,Federal Contract Tower,0,4,8,23,35,0,0,3,13,16,0,4,11,36,51,4,60,64,115
04/14/2020,GTR,MS,ASO,ES,Federal Contract Tower,0,4,0,12,16,0,0,6,17,23,0,4,6,29,39,12,34,46,85
04/15/2020,GTR,MS,ASO,ES,Federal Contract Tower,0,4,2,26,32,0,1,23,18,42,0,5,25,44,74,42,62,104,178
04/16/2020,GTR,MS,ASO,ES,Federal Contract Tower,0,3,8,13,24,0,1,18,16,35,0,4,26,29,59,11,54,65,124
04/17/2020,GTR,MS,ASO,ES,Federal Contract Tower,0,4,1,20,25,0,1,13,17,31,0,5,14,37,56,13,41,54,110
04/18/2020,GTR,MS,ASO,ES,Federal Contract Tower,0,4,2,16,22,0,0,18,9,27,0,4,20,25,49,10,34,44,93
04/19/2020,GTR,MS,ASO,ES,Federal Contract Tower,0,2,0,0,2,0,0,0,0,0,0,2,0,0,2,0,0,0,2
04/20/2020,GTR,MS,ASO,ES,Federal Contract Tower,0,2,8,28,38,0,3,21,27,51,0,5,29,55,89,28,68,96,185
04/21/2020,GTR,MS,ASO,ES,Federal Contract Tower,0,4,6,30,40,0,3,31,26,60,0,7,37,56,100,30,106,136,236
04/22/2020,GTR,MS,ASO,ES,Federal Contract Tower,0,4,0,46,50,0,0,8,26,34,0,4,8,72,84,2,130,132,216
04/23/2020,GTR,MS,ASO,ES,Federal Contract Tower,0,4,2,34,40,0,0,2,9,11,0,4,4,43,51,0,18,18,69
04/24/2020,GTR,MS,ASO,ES,Federal Contract Tower,0,4,1,22,27,0,0,28,26,54,0,4,29,48,81,31,76,107,188
04/25/2020,GTR,MS,ASO,ES,Federal Contract Tower,0,3,1,37,41,0,3,0,5,8,0,6,1,42,49,14,32,46,95
04/26/2020,GTR,MS,ASO,ES,Federal Contract Tower,0,1,0,6,7,0,1,16,0,17,0,2,16,6,24,26,6,32,56
04/27/2020,GTR,MS,ASO,ES,Federal Contract Tower,0,2,3,20,25,0,2,47,20,69,0,4,50,40,94,34,82,116,210
04/28/2020,GTR,MS,ASO,ES,Federal Contract Tower,0,5,5,23,33,0,2,37,16,55,0,7,42,39,88,70,40,110,198
04/29/2020,GTR,MS,ASO,ES,Federal Contract Tower,0,4,2,57,63,0,2,7,8,17,0,6,9,65,80,12,82,94,174
04/30/2020,GTR,MS,ASO,ES,Federal Contract Tower,0,4,3,31,38,0,0,25,25,50,0,4,28,56,88,27,36,63,151
05/01/2020,GTR,MS,ASO,ES,Federal Contract Tower,0,2,5,17,24,0,2,42,19,63,0,4,47,36,87,29,64,93,180
05/02/2020,GTR,MS,ASO,ES,Federal Contract Tower,0,3,2,30,35,0,0,38,21,59,0,3,40,51,94,31,27,58,152
05/03/2020,GTR,MS,ASO,ES,Federal Contract Tower,0,2,2,0,4,0,0,38,0,38,0,2,40,0,42,68,0,68,110
05/04/2020,GTR,MS,ASO,ES,Federal Contract Tower,0,3,6,36,45,0,2,42,19,63,0,5,48,55,108,34,68,102,210
05/05/2020,GTR,MS,ASO,ES,Federal Contract Tower,0,3,10,26,39,0,3,7,6,16,0,6,17,32,55,0,6,6,61
05/06/2020,GTR,MS,ASO,ES,Federal Contract Tower,0,2,4,27,33,0,7,11,29,47,0,9,15,56,80,6,78,84,164
05/07/2020,GTR,MS,ASO,ES,Federal Contract Tower,0,2,5,30,37,0,1,23,18,42,0,3,28,48,79,18,39,57,136
05/08/2020,GTR,MS,ASO,ES,Federal Contract Tower,0,2,2,24,28,0,0,1,0,1,0,2,3,24,29,0,2,2,31
05/09/2020,GTR,MS,ASO,ES,Federal Contract Tower,0,2,2,31,35,0,6,12,13,31,0,8,14,44,66,22,60,82,148
05/10/2020,GTR,MS,ASO,ES,Federal Contract Tower,0,2,2,0,4,0,0,16,0,16,0,2,18,0,20,0,0,0,20
05/11/2020,GTR,MS,ASO,ES,Federal Contract Tower,0,2,0,13,15,0,2,17,5,24,0,4,17,18,39,14,18,32,71
05/12/2020,GTR,MS,ASO,ES,Federal Contract Tower,0,2,4,36,42,0,0,22,29,51,0,2,26,65,93,66,94,160,253
05/13/2020,GTR,MS,ASO,ES,Federal Contract Tower,0,2,6,37,45,0,2,24,22,48,0,4,30,59,93,34,108,142,235
05/14/2020,GTR,MS,ASO,ES,Federal Contract Tower,0,4,0,32,36,0,0,12,15,27,0,4,12,47,63,0,33,33,96
05/15/2020,GTR,MS,ASO,ES,Federal Contract Tower,0,0,0,68,68,0,4,8,10,22,0,4,8,78,90,2,115,117,207
05/16/2020,GTR,MS,ASO,ES,Federal Contract Tower,0,2,7,37,46,0,0,6,22,28,0,2,13,59,74,10,58,68,142
05/17/2020,GTR,MS,ASO,ES,Federal Contract Tower,0,2,10,2,14,0,1,11,0,12,0,3,21,2,26,2,0,2,28
05/18/2020,GTR,MS,ASO,ES,Federal Contract Tower,0,2,1,32,35,0,2,10,0,12,0,4,11,32,47,14,24,38,85
05/19/2020,GTR,MS,ASO,ES,Federal Contract Tower,0,5,3,38,46,0,2,36,26,64,0,7,39,64,110,26,106,132,242
05/20/2020,GTR,MS,ASO,ES,Federal Contract Tower,0,2,7,62,71,0,3,67,43,113,0,5,74,105,184,2,134,136,320
05/21/2020,GTR,MS,ASO,ES,Federal Contract Tower,0,2,8,51,61,0,0,20,33,53,0,2,28,84,114,13,82,95,209
05/22/2020,GTR,MS,ASO,ES,Federal Contract Tower,0,4,6,0,10,0,0,18,0,18,0,4,24,0,28,0,0,0,28
05/23/2020,GTR,MS,ASO,ES,Federal Contract Tower,0,0,4,0,4,0,1,6,0,7,0,1,10,0,11,0,0,0,11
05/24/2020,GTR,MS,ASO,ES,Federal Contract Tower,0,4,0,0,4,0,5,7,0,12,0,9,7,0,16,4,0,4,20
05/25/2020,GTR,MS,ASO,ES,Federal Contract Tower,0,2,2,0,4,0,4,8,0,12,0,6,10,0,16,2,0,2,18
05/26/2020,GTR,MS,ASO,ES,Federal Contract Tower,0,4,2,8,14,0,0,7,0,7,0,4,9,8,21,0,0,0,21
05/27/2020,GTR,MS,ASO,ES,Federal Contract Tower,0,6,3,51,60,0,0,9,18,27,0,6,12,69,87,7,71,78,165
05/28/2020,GTR,MS,ASO,ES,Federal Contract Tower,0,4,3,28,35,0,0,10,13,23,0,4,13,41,58,11,39,50,108
05/29/2020,GTR,MS,ASO,ES,Federal Contract Tower,0,2,2,47,51,0,0,17,38,55,0,2,19,85,106,8,123,131,237
05/30/2020,GTR,MS,ASO,ES,Federal Contract Tower,0,3,1,0,4,0,0,18,0,18,0,3,19,0,22,12,0,12,34
06/01/2020,GTR,MS,ASO,ES,Federal Contract Tower,0,4,0,58,62,0,1,21,35,57,0,5,21,93,119,8,100,108,227
06/02/2020,GTR,MS,ASO,ES,Federal Contract Tower,0,4,7,59,70,0,0,37,25,62,0,4,44,84,132,27,76,103,235
06/03/2020,GTR,MS,ASO,ES,Federal Contract Tower,0,2,6,75,83,0,0,22,28,50,0,2,28,103,133,24,94,118,251
06/04/2020,GTR,MS,ASO,ES,Federal Contract Tower,0,4,7,34,45,0,1,15,8,24,0,5,22,42,69,0,51,51,120
06/05/2020,GTR,MS,ASO,ES,Federal Contract Tower,0,6,3,24,33,0,0,24,10,34,0,6,27,34,67,0,85,85,152
06/06/2020,GTR,MS,ASO,ES,Federal Contract Tower,2,0,5,19,26,0,3,30,7,40,2,3,35,26,66,30,70,100,166
06/07/2020,GTR,MS,ASO,ES,Federal Contract Tower,0,2,4,27,33,0,1,4,14,19,0,3,8,41,52,4,56,60,112
06/08/2020,GTR,MS,ASO,ES,Federal Contract Tower,0,2,1,1,4,0,0,0,0,0,0,2,1,1,4,0,0,0,4
06/09/2020,GTR,MS,ASO,ES,Federal Contract Tower,0,4,5,33,42,0,0,3,17,20,0,4,8,50,62,0,20,20,82
06/11/2020,GTR,MS,ASO,ES,Federal Contract Tower,0,4,4,52,60,0,2,23,40,65,0,6,27,92,125,4,141,145,270
06/12/2020,GTR,MS,ASO,ES,Federal Contract Tower,0,2,0,44,46,0,0,12,45,57,0,2,12,89,103,4,156,160,263
06/13/2020,GTR,MS,ASO,ES,Federal Contract Tower,0,2,1,32,35,0,5,5,26,36,0,7,6,58,71,2,74,76,147
06/14/2020,GTR,MS,ASO,ES,Federal Contract Tower,0,2,0,27,29,0,2,30,4,36,0,4,30,31,65,22,14,36,101
06/15/2020,GTR,MS,ASO,ES,Federal Contract Tower,0,2,6,107,115,0,11,21,32,64,0,13,27,139,179,20,170,190,369
06/16/2020,GTR,MS,ASO,ES,Federal Contract Tower,0,2,5,75,82,0,2,27,30,59,0,4,32,105,141,30,152,182,323
06/17/2020,GTR,MS,ASO,ES,Federal Contract Tower,0,5,9,65,79,0,3,38,36,77,0,8,47,101,156,32,110,142,298
06/18/2020,GTR,MS,ASO,ES,Federal Contract Tower,0,7,7,59,73,0,6,15,24,45,0,13,22,83,118,10,107,117,235
06/19/2020,GTR,MS,ASO,ES,Federal Contract Tower,0,3,1,62,66,0,1,23,47,71,0,4,24,109,137,6,173,179,316
06/20/2020,GTR,MS,ASO,ES,Federal Contract Tower,0,3,2,28,33,0,1,27,20,48,0,4,29,48,81,18,62,80,161
06/21/2020,GTR,MS,ASO,ES,Federal Contract Tower,0,2,4,37,43,0,0,11,8,19,0,2,15,45,62,24,24,48,110
06/22/2020,GTR,MS,ASO,ES,Federal Contract Tower,0,4,2,126,132,0,0,27,30,57,0,4,29,156,189,30,232,262,451
06/23/2020,GTR,MS,ASO,ES,Federal Contract Tower,2,2,5,82,91,0,1,41,10,52,2,3,46,92,143,34,98,132,275
06/24/2020,GTR,MS,ASO,ES,Federal Contract Tower,0,4,4,62,70,0,0,10,16,26,0,4,14,78,96,0,164,164,260
06/25/2020,GTR,MS,ASO,ES,Federal Contract Tower,0,4,6,52,62,0,0,6,9,15,0,4,12,61,77,0,58,58,135
06/26/2020,GTR,MS,ASO,ES,Federal Contract Tower,0,2,3,43,48,0,0,7,16,23,0,2,10,59,71,0,40,40,111
06/27/2020,GTR,MS,ASO,ES,Federal Contract Tower,0,2,4,51,57,0,0,12,14,26,0,2,16,65,83,0,38,38,121
06/28/2020,GTR,MS,ASO,ES,Federal Contract Tower,0,5,3,40,48,0,1,28,2,31,0,6,31,42,79,6,22,28,107
06/29/2020,GTR,MS,ASO,ES,Federal Contract Tower,0,6,7,75,88,0,0,46,52,98,0,6,53,127,186,42,198,240,426
06/30/2020,GTR,MS,ASO,ES,Federal Contract Tower,0,2,5,64,71,0,1,49,44,94,0,3,54,108,165,16,162,178,343
07/01/2020,GTR,MS,ASO,ES,Federal Contract Tower,0,2,4,19,25,0,0,14,7,21,0,2,18,26,46,10,26,36,82
07/02/2020,GTR,MS,ASO,ES,Federal Contract Tower,0,2,5,24,31,0,0,47,15,62,0,2,52,39,93,2,40,42,135
07/03/2020,GTR,MS,ASO,ES,Federal Contract Tower,0,3,0,0,3,0,1,20,0,21,0,4,20,0,24,4,0,4,28
07/04/2020,GTR,MS,ASO,ES,Federal Contract Tower,0,3,1,0,4,0,1,5,18,24,0,4,6,18,28,0,0,0,28
07/05/2020,GTR,MS,ASO,ES,Federal Contract Tower,0,5,4,0,9,0,0,8,0,8,0,5,12,0,17,6,0,6,23
07/06/2020,GTR,MS,ASO,ES,Federal Contract Tower,0,6,3,0,9,0,0,54,0,54,0,6,57,0,63,6,0,6,69
07/07/2020,GTR,MS,ASO,ES,Federal Contract Tower,0,3,5,65,73,0,0,23,36,59,0,3,28,101,132,4,210,214,346
07/08/2020,GTR,MS,ASO,ES,Federal Contract Tower,0,4,3,86,93,0,0,41,37,78,0,4,44,123,171,20,266,286,457
07/09/2020,GTR,MS,ASO,ES,Federal Contract Tower,0,3,5,16,24,0,0,23,6,29,0,3,28,22,53,8,16,24,77
07/10/2020,GTR,MS,ASO,ES,Federal Contract Tower,0,3,2,60,65,0,1,45,42,88,0,4,47,102,153,10,118,128,281
07/11/2020,GTR,MS,ASO,ES,Federal Contract Tower,0,4,5,17,26,0,4,27,29,60,0,8,32,46,86,10,64,74,160
07/12/2020,GTR,MS,ASO,ES,Federal Contract Tower,0,4,3,15,22,0,2,11,1,14,0,6,14,16,36,12,28,40,76
07/13/2020,GTR,MS,ASO,ES,Federal Contract Tower,0,4,3,55,62,0,0,23,37,60,0,4,26,92,122,30,124,154,276
07/14/2020,GTR,MS,ASO,ES,Federal Contract Tower,0,4,2,77,83,0,1,29,32,62,0,5,31,109,145,12,121,133,278
07/15/2020,GTR,MS,ASO,ES,Federal Contract Tower,0,6,14,44,64,0,1,18,31,50,0,7,32,75,114,16,112,128,242
07/16/2020,GTR,MS,ASO,ES,Federal Contract Tower,0,4,8,78,90,0,0,19,33,52,0,4,27,111,142,40,189,229,371
07/17/2020,GTR,MS,ASO,ES,Federal Contract Tower,0,4,4,63,71,0,2,22,31,55,0,6,26,94,126,2,188,190,316
07/18/2020,GTR,MS,ASO,ES,Federal Contract Tower,0,3,2,11,16,0,1,21,7,29,0,4,23,18,45,2,38,40,85
07/19/2020,GTR,MS,ASO,ES,Federal Contract Tower,0,4,1,8,13,0,1,5,9,15,0,5,6,17,28,0,16,16,44
07/20/2020,GTR,MS,ASO,ES,Federal Contract Tower,0,4,4,49,57,0,0,15,31,46,0,4,19,80,103,14,144,158,261
07/21/2020,GTR,MS,ASO,ES,Federal Contract Tower,0,3,5,29,37,0,2,23,21,46,0,5,28,50,83,0,100,100,183
07/22/2020,GTR,MS,ASO,ES,Federal Contract Tower,0,3,0,46,49,0,3,14,28,45,0,6,14,74,94,6,150,156,250
07/23/2020,GTR,MS,ASO,ES,Federal Contract Tower,0,4,3,49,56,0,1,22,37,60,0,5,25,86,116,16,184,200,316
07/24/2020,GTR,MS,ASO,ES,Federal Contract Tower,0,5,3,59,67,0,1,38,11,50,0,6,41,70,117,0,48,48,165
07/25/2020,GTR,MS,ASO,ES,Federal Contract Tower,0,3,2,14,19,0,4,18,15,37,0,7,20,29,56,42,66,108,164
07/26/2020,GTR,MS,ASO,ES,Federal Contract Tower,0,5,0,9,14,0,0,14,4,18,0,5,14,13,32,10,6,16,48
07/27/2020,GTR,MS,ASO,ES,Federal Contract Tower,0,8,7,31,46,0,1,33,18,52,0,9,40,49,98,4,40,44,142
07/28/2020,GTR,MS,ASO,ES,Federal Contract Tower,0,6,10,28,44,0,7,19,5,31,0,13,29,33,75,14,62,76,151
07/29/2020,GTR,MS,ASO,ES,Federal Contract Tower,0,4,14,39,57,0,0,9,12,21,0,4,23,51,78,8,42,50,128
07/30/2020,GTR,MS,ASO,ES,Federal Contract Tower,0,8,1,20,29,0,1,31,14,46,0,9,32,34,75,22,80,102,177
07/31/2020,GTR,MS,ASO,ES,Federal Contract Tower,0,3,2,56,61,0,3,43,24,70,0,6,45,80,131,18,252,270,401
08/01/2020,GTR,MS,ASO,ES,Federal Contract Tower,0,4,5,28,37,0,1,9,2,12,0,5,14,30,49,10,66,76,125
08/02/2020,GTR,MS,ASO,ES,Federal Contract Tower,0,6,4,29,39,0,0,31,8,39,0,6,35,37,78,46,38,84,162
08/03/2020,GTR,MS,ASO,ES,Federal Contract Tower,0,6,1,49,56,0,2,30,33,65,0,8,31,82,121,6,110,116,237
08/04/2020,GTR,MS,ASO,ES,Federal Contract Tower,0,4,4,77,85,0,3,54,41,98,0,7,58,118,183,22,164,186,369
08/05/2020,GTR,MS,ASO,ES,Federal Contract Tower,0,7,1,50,58,0,4,27,37,68,0,11,28,87,126,8,170,178,304
08/06/2020,GTR,MS,ASO,ES,Federal Contract Tower,0,6,0,34,40,0,0,27,37,64,0,6,27,71,104,20,92,112,216
08/07/2020,GTR,MS,ASO,ES,Federal Contract Tower,0,3,2,36,41,0,4,9,29,42,0,7,11,65,83,24,110,134,217
08/08/2020,GTR,MS,ASO,ES,Federal Contract Tower,0,6,1,2,9,0,1,18,0,19,0,7,19,2,28,12,4,16,44
08/09/2020,GTR,MS,ASO,ES,Federal Contract Tower,0,4,3,2,9,0,0,15,1,16,0,4,18,3,25,0,0,0,25
08/10/2020,GTR,MS,ASO,ES,Federal Contract Tower,0,4,2,53,59,0,0,20,26,46,0,4,22,79,105,16,88,104,209
08/11/2020,GTR,MS,ASO,ES,Federal Contract Tower,0,4,3,75,82,0,0,24,34,58,0,4,27,109,140,10,92,102,242
08/12/2020,GTR,MS,ASO,ES,Federal Contract Tower,0,6,8,76,90,0,0,17,35,52,0,6,25,111,142,18,150,168,310
08/13/2020,GTR,MS,ASO,ES,Federal Contract Tower,0,5,4,66,75,0,1,37,15,53,0,6,41,81,128,8,68,76,204
08/14/2020,GTR,MS,ASO,ES,Federal Contract Tower,0,6,2,25,33,0,2,26,6,34,0,8,28,31,67,8,76,84,151
08/15/2020,GTR,MS,ASO,ES,Federal Contract Tower,0,6,5,13,24,0,5,18,5,28,0,11,23,18,52,18,38,56,108
08/16/2020,GTR,MS,ASO,ES,Federal Contract Tower,0,4,0,8,12,0,4,10,1,15,0,8,10,9,27,8,18,26,53
08/17/2020,GTR,MS,ASO,ES,Federal Contract Tower,0,6,3,54,63,0,1,28,38,67,0,7,31,92,130,10,226,236,366
08/18/2020,GTR,MS,ASO,ES,Federal Contract Tower,0,7,4,44,55,0,2,46,32,80,0,9,50,76,135,30,104,134,269
08/19/2020,GTR,MS,ASO,ES,Federal Contract Tower,0,7,2,68,77,0,4,29,35,68,0,11,31,103,145,10,212,222,367
08/20/2020,GTR,MS,ASO,ES,Federal Contract Tower,0,9,4,84,97,0,2,34,43,79,0,11,38,127,176,8,244,252,428
08/21/2020,GTR,MS,ASO,ES,Federal Contract Tower,0,6,1,65,72,0,0,11,6,17,0,6,12,71,89,0,62,62,151
08/22/2020,GTR,MS,ASO,ES,Federal Contract Tower,0,4,2,17,23,0,6,14,5,25,0,10,16,22,48,12,24,36,84
08/23/2020,GTR,MS,ASO,ES,Federal Contract Tower,0,6,3,13,22,0,0,24,2,26,0,6,27,15,48,10,16,26,74
08/24/2020,GTR,MS,ASO,ES,Federal Contract Tower,0,9,2,51,62,0,2,20,32,54,0,11,22,83,116,4,178,182,298
08/25/2020,GTR,MS,ASO,ES,Federal Contract Tower,0,4,7,53,64,0,0,2,0,2,0,4,9,53,66,2,34,36,102
08/26/2020,GTR,MS,ASO,ES,Federal Contract Tower,0,7,4,49,60,0,3,9,7,19,0,10,13,56,79,12,148,160,239
08/27/2020,GTR,MS,ASO,ES,Federal Contract Tower,0,6,1,58,65,0,0,17,27,44,0,6,18,85,109,6,102,108,217
08/28/2020,GTR,MS,ASO,ES,Federal Contract Tower,0,4,4,42,50,0,2,0,15,17,0,6,4,57,67,2,82,84,151
08/29/2020,GTR,MS,ASO,ES,Federal Contract Tower,0,4,2,0,6,0,1,38,1,40,0,5,40,1,46,10,0,10,56
08/30/2020,GTR,MS,ASO,ES,Federal Contract Tower,0,3,2,0,5,0,2,8,0,10,0,5,10,0,15,0,0,0,15
08/31/2020,GTR,MS,ASO,ES,Federal Contract Tower,0,9,6,58,73,0,4,20,41,65,0,13,26,99,138,2,194,196,334
09/01/2020,GTR,MS,ASO,ES,Federal Contract Tower,0,4,5,64,73,0,0,29,25,54,0,4,34,89,127,44,188,232,359
09/02/2020,GTR,MS,ASO,ES,Federal Contract Tower,0,4,9,69,82,0,3,15,29,47,0,7,24,98,129,6,214,220,349
09/03/2020,GTR,MS,ASO,ES,Federal Contract Tower,0,6,3,30,39,0,6,22,17,45,0,12,25,47,84,8,162,170,254
09/04/2020,GTR,MS,ASO,ES,Federal Contract Tower,0,4,1,2,7,0,0,29,0,29,0,4,30,2,36,18,12,30,66
09/05/2020,GTR,MS,ASO,ES,Federal Contract Tower,0,4,6,0,10,0,0,17,2,19,0,4,23,2,29,10,4,14,43
09/06/2020,GTR,MS,ASO,ES,Federal Contract Tower,0,6,0,0,6,0,0,7,0,7,0,6,7,0,13,6,0,6,19
09/07/2020,GTR,MS,ASO,ES,Federal Contract Tower,0,4,6,5,15,0,4,9,6,19,0,8,15,11,34,0,20,20,54
09/08/2020,GTR,MS,ASO,ES,Federal Contract Tower,0,4,4,53,61,0,1,19,37,57,0,5,23,90,118,16,126,142,260
09/09/2020,GTR,MS,ASO,ES,Federal Contract Tower,0,4,5,48,57,0,2,38,41,81,0,6,43,89,138,4,148,152,290
09/10/2020,GTR,MS,ASO,ES,Federal Contract Tower,0,3,5,51,59,0,0,26,20,46,0,3,31,71,105,16,84,100,205
09/11/2020,GTR,MS,ASO,ES,Federal Contract Tower,0,4,5,31,40,0,0,24,16,40,0,4,29,47,80,2,66,68,148
09/12/2020,GTR,MS,ASO,ES,Federal Contract Tower,0,4,0,13,17,0,4,15,1,20,0,8,15,14,37,16,4,20,57
09/13/2020,GTR,MS,ASO,ES,Federal Contract Tower,0,6,4,21,31,0,2,26,2,30,0,8,30,23,61,10,18,28,89
09/14/2020,GTR,MS,ASO,ES,Federal Contract Tower,0,5,9,23,37,0,2,24,18,44,0,7,33,41,81,24,106,130,211
09/15/2020,GTR,MS,ASO,ES,Federal Contract Tower,0,4,3,37,44,0,6,33,23,62,0,10,36,60,106,20,134,154,260
09/16/2020,GTR,MS,ASO,ES,Federal Contract Tower,0,3,2,24,29,0,0,21,17,38,0,3,23,41,67,0,20,20,87
09/17/2020,GTR,MS,ASO,ES,Federal Contract Tower,0,3,1,32,36,0,1,22,22,45,0,4,23,54,81,14,74,88,169
09/18/2020,GTR,MS,ASO,ES,Federal Contract Tower,0,7,4,32,43,0,1,30,34,65,0,8,34,66,108,22,96,118,226
09/19/2020,GTR,MS,ASO,ES,Federal Contract Tower,0,4,4,23,31,0,0,47,15,62,0,4,51,38,93,54,52,106,199
09/20/2020,GTR,MS,ASO,ES,Federal Contract Tower,0,6,0,25,31,0,1,15,14,30,0,7,15,39,61,16,40,56,117
09/21/2020,GTR,MS,ASO,ES,Federal Contract Tower,0,8,5,41,54,0,0,12,46,58,0,8,17,87,112,4,132,136,248
09/22/2020,GTR,MS,ASO,ES,Federal Contract Tower,0,6,3,32,41,0,3,21,22,46,0,9,24,54,87,16,84,100,187
09/23/2020,GTR,MS,ASO,ES,Federal Contract Tower,0,7,2,57,66,0,0,3,26,29,0,7,5,83,95,0,112,112,207
09/24/2020,GTR,MS,ASO,ES,Federal Contract Tower,0,6,2,19,27,0,0,4,0,4,0,6,6,19,31,0,0,0,31
09/25/2020,GTR,MS,ASO,ES,Federal Contract Tower,2,6,7,70,85,0,0,46,6,52,2,6,53,76,137,0,48,48,185
09/26/2020,GTR,MS,ASO,ES,Federal Contract Tower,0,7,3,12,22,0,2,28,1,31,0,9,31,13,53,8,12,20,73
09/27/2020,GTR,MS,ASO,ES,Federal Contract Tower,0,5,6,19,30,0,2,32,11,45,0,7,38,30,75,12,30,42,117
09/28/2020,GTR,MS,ASO,ES,Federal Contract Tower,0,6,3,70,79,0,2,4,13,19,0,8,7,83,98,0,62,62,160
09/29/2020,GTR,MS,ASO,ES,Federal Contract Tower,0,6,2,36,44,0,2,39,30,71,0,8,41,66,115,32,92,124,239
09/30/2020,GTR,MS,ASO,ES,Federal Contract Tower,0,4,2,37,43,0,0,26,27,53,0,4,28,64,96,10,72,82,178
10/01/2020,GTR,MS,ASO,ES,Federal Contract Tower,0,8,5,33,46,0,1,26,27,54,0,9,31,60,100,8,76,84,184
10/02/2020,GTR,MS,ASO,ES,Federal Contract Tower,0,7,2,40,49,0,1,24,20,45,0,8,26,60,94,8,62,70,164
10/03/2020,GTR,MS,ASO,ES,Federal Contract Tower,0,6,5,5,16,0,1,21,1,23,0,7,26,6,39,10,8,18,57
10/04/2020,GTR,MS,ASO,ES,Federal Contract Tower,0,9,3,1,13,0,0,11,1,12,0,9,14,2,25,14,2,16,41
10/05/2020,GTR,MS,ASO,ES,Federal Contract Tower,0,8,6,39,53,0,3,15,26,44,0,11,21,65,97,28,80,108,205
10/06/2020,GTR,MS,ASO,ES,Federal Contract Tower,0,6,3,46,55,0,0,20,33,53,0,6,23,79,108,30,94,124,232
10/07/2020,GTR,MS,ASO,ES,Federal Contract Tower,0,6,3,38,47,0,4,22,32,58,0,10,25,70,105,12,98,110,215
10/08/2020,GTR,MS,ASO,ES,Federal Contract Tower,0,8,6,3,17,0,2,13,0,15,0,10,19,3,32,4,4,8,40
10/09/2020,GTR,MS,ASO,ES,Federal Contract Tower,2,6,8,3,19,0,4,8,0,12,2,10,16,3,31,4,0,4,35
10/10/2020,GTR,MS,ASO,ES,Federal Contract Tower,0,6,1,0,7,0,2,0,0,2,0,8,1,0,9,0,0,0,9
10/11/2020,GTR,MS,ASO,ES,Federal Contract Tower,0,10,4,6,20,0,3,2,2,7,0,13,6,8,27,0,10,10,37
10/12/2020,GTR,MS,ASO,ES,Federal Contract Tower,0,6,5,0,11,0,1,18,0,19,0,7,23,0,30,14,0,14,44
10/13/2020,GTR,MS,ASO,ES,Federal Contract Tower,0,6,6,34,46,0,0,17,20,37,0,6,23,54,83,8,96,104,187
10/14/2020,GTR,MS,ASO,ES,Federal Contract Tower,0,7,4,37,48,0,3,19,25,47,0,10,23,62,95,14,126,140,235
10/15/2020,GTR,MS,ASO,ES,Federal Contract Tower,0,7,0,21,28,0,0,39,30,69,0,7,39,51,97,8,102,110,207
10/16/2020,GTR,MS,ASO,ES,Federal Contract Tower,2,8,9,35,54,0,2,8,14,24,2,10,17,49,78,10,80,90,168
10/17/2020,GTR,MS,ASO,ES,Federal Contract Tower,1,7,10,15,33,0,1,23,9,33,1,8,33,24,66,8,48,56,122
10/18/2020,GTR,MS,ASO,ES,Federal Contract Tower,2,6,4,19,31,0,4,15,10,29,2,10,19,29,60,0,28,28,88
10/19/2020,GTR,MS,ASO,ES,Federal Contract Tower,0,6,4,39,49,0,2,31,33,66,0,8,35,72,115,28,160,188,303
10/20/2020,GTR,MS,ASO,ES,Federal Contract Tower,0,8,5,27,40,0,3,43,30,76,0,11,48,57,116,20,76,96,212
10/21/2020,GTR,MS,ASO,ES,Federal Contract Tower,0,6,8,36,50,0,2,42,34,78,0,8,50,70,128,8,116,124,252
10/22/2020,GTR,MS,ASO,ES,Federal Contract Tower,0,6,0,41,47,0,5,22,33,60,0,11,22,74,107,14,88,102,209
10/23/2020,GTR,MS,ASO,ES,Federal Contract Tower,0,8,9,46,63,0,1,20,39,60,0,9,29,85,123,6,136,142,265
10/24/2020,GTR,MS,ASO,ES,Federal Contract Tower,0,6,10,5,21,0,0,0,0,0,0,6,10,5,21,0,4,4,25
10/25/2020,GTR,MS,ASO,ES,Federal Contract Tower,0,8,7,13,28,0,1,0,0,1,0,9,7,13,29,0,0,0,29
10/26/2020,GTR,MS,ASO,ES,Federal Contract Tower,0,8,2,41,51,0,0,9,4,13,0,8,11,45,64,8,38,46,110
10/27/2020,GTR,MS,ASO,ES,Federal Contract Tower,0,6,11,20,37,0,0,0,0,0,0,6,11,20,37,0,0,0,37
10/28/2020,GTR,MS,ASO,ES,Federal Contract Tower,0,7,0,0,7,0,0,0,0,0,0,7,0,0,7,0,0,0,7
10/29/2020,GTR,MS,ASO,ES,Federal Contract Tower,0,6,2,15,23,0,0,2,8,10,0,6,4,23,33,0,22,22,55
10/30/2020,GTR,MS,ASO,ES,Federal Contract Tower,0,6,3,36,45,0,0,11,21,32,0,6,14,57,77,12,50,62,139
10/31/2020,GTR,MS,ASO,ES,Federal Contract Tower,0,4,2,6,12,0,2,25,4,31,0,6,27,10,43,30,14,44,87
11/01/2020,GTR,MS,ASO,ES,Federal Contract Tower,0,6,2,6,14,0,4,5,6,15,0,10,7,12,29,4,8,12,41
11/02/2020,GTR,MS,ASO,ES,Federal Contract Tower,0,7,1,40,48,0,3,21,41,65,0,10,22,81,113,28,92,120,233
11/03/2020,GTR,MS,ASO,ES,Federal Contract Tower,0,2,1,34,37,0,0,19,27,46,0,2,20,61,83,12,68,80,163
11/04/2020,GTR,MS,ASO,ES,Federal Contract Tower,0,5,2,37,44,0,2,12,25,39,0,7,14,62,83,14,76,90,173
11/05/2020,GTR,MS,ASO,ES,Federal Contract Tower,0,9,4,46,59,0,2,17,36,55,0,11,21,82,114,2,90,92,206
11/06/2020,GTR,MS,ASO,ES,Federal Contract Tower,0,10,4,52,66,0,3,18,27,48,0,13,22,79,114,0,94,94,208
11/07/2020,GTR,MS,ASO,ES,Federal Contract Tower,1,6,1,0,8,0,1,13,6,20,1,7,14,6,28,12,10,22,50
11/08/2020,GTR,MS,ASO,ES,Federal Contract Tower,0,8,8,7,23,0,3,3,4,10,0,11,11,11,33,0,18,18,51
11/09/2020,GTR,MS,ASO,ES,Federal Contract Tower,0,12,2,32,46,0,2,10,16,28,0,14,12,48,74,12,90,102,176
11/10/2020,GTR,MS,ASO,ES,Federal Contract Tower,0,7,4,47,58,0,1,0,1,2,0,8,4,48,60,2,38,40,100
11/11/2020,GTR,MS,ASO,ES,Federal Contract Tower,0,6,5,8,19,0,5,0,2,7,0,11,5,10,26,0,20,20,46
11/12/2020,GTR,MS,ASO,ES,Federal Contract Tower,0,11,7,42,60,0,1,17,12,30,0,12,24,54,90,22,84,106,196
11/13/2020,GTR,MS,ASO,ES,Federal Contract Tower,0,7,4,22,33,0,0,33,17,50,0,7,37,39,83,16,46,62,145
11/14/2020,GTR,MS,ASO,ES,Federal Contract Tower,0,7,8,6,21,0,0,18,6,24,0,7,26,12,45,4,44,48,93
11/15/2020,GTR,MS,ASO,ES,Federal Contract Tower,0,7,4,9,20,0,0,4,6,10,0,7,8,15,30,2,30,32,62
11/16/2020,GTR,MS,ASO,ES,Federal Contract Tower,0,10,1,38,49,0,5,29,26,60,0,15,30,64,109,26,100,126,235
11/17/2020,GTR,MS,ASO,ES,Federal Contract Tower,0,5,0,38,43,0,0,19,24,43,0,5,19,62,86,2,72,74,160
11/18/2020,GTR,MS,ASO,ES,Federal Contract Tower,0,6,6,65,77,0,1,17,32,50,0,7,23,97,127,6,96,102,229
11/19/2020,GTR,MS,ASO,ES,Federal Contract Tower,0,8,4,60,72,0,2,24,30,56,0,10,28,90,128,18,78,96,224
11/20/2020,GTR,MS,ASO,ES,Federal Contract Tower,2,7,11,54,74,0,3,24,31,58,2,10,35,85,132,14,78,92,224
11/21/2020,GTR,MS,ASO,ES,Federal Contract Tower,0,7,0,19,26,0,1,39,5,45,0,8,39,24,71,38,54,92,163
11/22/2020,GTR,MS,ASO,ES,Federal Contract Tower,0,11,3,15,29,0,4,22,7,33,0,15,25,22,62,24,70,94,156
11/23/2020,GTR,MS,ASO,ES,Federal Contract Tower,0,7,0,41,48,0,0,18,25,43,0,7,18,66,91,22,118,140,231
11/24/2020,GTR,MS,ASO,ES,Federal Contract Tower,0,7,3,35,45,0,2,13,27,42,0,9,16,62,87,24,90,114,201
11/25/2020,GTR,MS,ASO,ES,Federal Contract Tower,0,7,9,0,16,0,1,0,0,1,0,8,9,0,17,0,0,0,17
11/26/2020,GTR,MS,ASO,ES,Federal Contract Tower,0,6,1,0,7,0,0,5,0,5,0,6,6,0,12,0,0,0,12
11/27/2020,GTR,MS,ASO,ES,Federal Contract Tower,0,5,4,0,9,0,0,1,0,1,0,5,5,0,10,0,0,0,10
11/28/2020,GTR,MS,ASO,ES,Federal Contract Tower,0,9,2,0,11,0,0,8,0,8,0,9,10,0,19,6,0,6,25
11/29/2020,GTR,MS,ASO,ES,Federal Contract Tower,0,9,4,0,13,0,0,0,0,0,0,9,4,0,13,0,0,0,13
11/30/2020,GTR,MS,ASO,ES,Federal Contract Tower,0,7,0,30,37,0,0,0,16,16,0,7,0,46,53,0,52,52,105
12/01/2020,GTR,MS,ASO,ES,Federal Contract Tower,0,11,2,22,35,0,4,18,18,40,0,15,20,40,75,6,64,70,145
12/02/2020,GTR,MS,ASO,ES,Federal Contract Tower,0,8,0,24,32,0,2,19,25,46,0,10,19,49,78,12,54,66,144
12/03/2020,GTR,MS,ASO,ES,Federal Contract Tower,0,6,2,29,37,0,0,9,22,31,0,6,11,51,68,24,56,80,148
12/04/2020,GTR,MS,ASO,ES,Federal Contract Tower,0,7,6,33,46,0,0,3,5,8,0,7,9,38,54,0,34,34,88
12/05/2020,GTR,MS,ASO,ES,Federal Contract Tower,0,4,4,6,14,0,4,11,2,17,0,8,15,8,31,20,4,24,55
12/06/2020,GTR,MS,ASO,ES,Federal Contract Tower,0,6,1,6,13,0,7,5,0,12,0,13,6,6,25,10,0,10,35
12/07/2020,GTR,MS,ASO,ES,Federal Contract Tower,0,7,6,16,29,0,4,22,18,44,0,11,28,34,73,20,56,76,149
12/08/2020,GTR,MS,ASO,ES,Federal Contract Tower,0,6,0,28,34,0,2,22,22,46,0,8,22,50,80,22,74,96,176
12/09/2020,GTR,MS,ASO,ES,Federal Contract Tower,0,7,2,40,49,0,3,10,26,39,0,10,12,66,88,30,76,106,194
12/10/2020,GTR,MS,ASO,ES,Federal Contract Tower,0,9,1,33,43,0,5,19,21,45,0,14,20,54,88,18,56,74,162
12/11/2020,GTR,MS,ASO,ES,Federal Contract Tower,0,6,0,40,46,0,0,17,24,41,0,6,17,64,87,2,148,150,237
12/12/2020,GTR,MS,ASO,ES,Federal Contract Tower,0,4,4,4,12,0,1,1,0,2,0,5,5,4,14,0,0,0,14
12/13/2020,GTR,MS,ASO,ES,Federal Contract Tower,0,9,1,2,12,0,3,4,11,18,0,12,5,13,30,8,6,14,44
12/14/2020,GTR,MS,ASO,ES,Federal Contract Tower,0,10,8,20,38,0,2,4,10,16,0,12,12,30,54,8,36,44,98
12/15/2020,GTR,MS,ASO,ES,Federal Contract Tower,0,6,8,43,57,0,2,13,24,39,0,8,21,67,96,2,138,140,236
12/16/2020,GTR,MS,ASO,ES,Federal Contract Tower,0,8,0,3,11,0,2,0,0,2,0,10,0,3,13,0,0,0,13
12/17/2020,GTR,MS,ASO,ES,Federal Contract Tower,0,8,5,54,67,0,2,16,27,45,0,10,21,81,112,2,108,110,222
12/18/2020,GTR,MS,ASO,ES,Federal Contract Tower,2,5,1,29,37,0,2,15,24,41,2,7,16,53,78,8,70,78,156
12/19/2020,GTR,MS,ASO,ES,Federal Contract Tower,2,6,5,14,27,0,3,6,5,14,2,9,11,19,41,0,10,10,51
12/20/2020,GTR,MS,ASO,ES,Federal Contract Tower,0,6,2,15,23,0,0,1,0,1,0,6,3,15,24,0,6,6,30
12/21/2020,GTR,MS,ASO,ES,Federal Contract Tower,0,8,8,28,44,0,0,4,25,29,0,8,12,53,73,0,56,56,129
12/22/2020,GTR,MS,ASO,ES,Federal Contract Tower,0,7,3,22,32,0,0,37,19,56,0,7,40,41,88,2,78,80,168
12/23/2020,GTR,MS,ASO,ES,Federal Contract Tower,0,7,2,0,9,0,2,1,0,3,0,9,3,0,12,0,0,0,12
12/24/2020,GTR,MS,ASO,ES,Federal Contract Tower,0,4,0,0,4,0,4,3,0,7,0,8,3,0,11,0,0,0,11
12/25/2020,GTR,MS,ASO,ES,Federal Contract Tower,0,2,0,0,2,0,2,0,0,2,0,4,0,0,4,0,0,0,4
12/26/2020,GTR,MS,ASO,ES,Federal Contract Tower,0,6,3,0,9,0,1,9,0,10,0,7,12,0,19,6,0,6,25
12/27/2020,GTR,MS,ASO,ES,Federal Contract Tower,0,6,3,0,9,0,1,12,0,13,0,7,15,0,22,2,0,2,24
12/28/2020,GTR,MS,ASO,ES,Federal Contract Tower,0,6,3,0,9,0,1,7,0,8,0,7,10,0,17,4,0,4,21
12/29/2020,GTR,MS,ASO,ES,Federal Contract Tower,0,7,3,8,18,0,0,6,2,8,0,7,9,10,26,8,8,16,42
12/30/2020,GTR,MS,ASO,ES,Federal Contract Tower,2,6,5,10,23,0,5,10,5,20,2,11,15,15,43,16,30,46,89
12/31/2020,GTR,MS,ASO,ES,Federal Contract Tower,2,3,2,5,12,0,0,3,0,3,2,3,5,5,15,0,0,0,15
01/01/2021,GTR,MS,ASO,ES,Federal Contract Tower,0,3,3,0,6,0,1,0,0,1,0,4,3,0,7,0,0,0,7
01/02/2021,GTR,MS,ASO,ES,Federal Contract Tower,0,7,4,0,11,0,3,2,0,5,0,10,6,0,16,14,0,14,30
01/03/2021,GTR,MS,ASO,ES,Federal Contract Tower,0,7,0,0,7,0,4,12,0,16,0,11,12,0,23,4,0,4,27
01/04/2021,GTR,MS,ASO,ES,Federal Contract Tower,0,6,4,0,10,0,0,7,0,7,0,6,11,0,17,2,0,2,19
01/05/2021,GTR,MS,ASO,ES,Federal Contract Tower,0,5,3,71,79,0,4,13,37,54,0,9,16,108,133,10,146,156,289
01/06/2021,GTR,MS,ASO,ES,Federal Contract Tower,0,5,2,51,58,0,1,16,38,55,0,6,18,89,113,8,134,142,255
01/07/2021,GTR,MS,ASO,ES,Federal Contract Tower,0,5,2,2,9,0,0,1,0,1,0,5,3,2,10,0,0,0,10
01/08/2021,GTR,MS,ASO,ES,Federal Contract Tower,0,5,3,10,18,0,2,5,1,8,0,7,8,11,26,0,24,24,50
01/09/2021,GTR,MS,ASO,ES,Federal Contract Tower,0,4,0,3,7,0,4,15,1,20,0,8,15,4,27,12,0,12,39
01/10/2021,GTR,MS,ASO,ES,Federal Contract Tower,0,5,0,1,6,0,2,17,1,20,0,7,17,2,26,18,0,18,44
01/11/2021,GTR,MS,ASO,ES,Federal Contract Tower,2,3,1,0,6,0,0,0,0,0,2,3,1,0,6,0,0,0,6
01/12/2021,GTR,MS,ASO,ES,Federal Contract Tower,2,7,0,36,45,0,2,18,24,44,2,9,18,60,89,12,130,142,231
01/13/2021,GTR,MS,ASO,ES,Federal Contract Tower,1,9,2,22,34,0,3,7,12,22,1,12,9,34,56,4,96,100,156
01/14/2021,GTR,MS,ASO,ES,Federal Contract Tower,0,9,7,37,53,0,0,18,26,44,0,9,25,63,97,30,70,100,197
01/15/2021,GTR,MS,ASO,ES,Federal Contract Tower,1,5,1,42,49,0,5,6,25,36,1,10,7,67,85,6,80,86,171
01/16/2021,GTR,MS,ASO,ES,Federal Contract Tower,1,5,2,8,16,0,8,11,0,19,1,13,13,8,35,0,8,8,43
01/17/2021,GTR,MS,ASO,ES,Federal Contract Tower,0,3,4,17,24,0,2,6,15,23,0,5,10,32,47,2,16,18,65
01/18/2021,GTR,MS,ASO,ES,Federal Contract Tower,0,7,3,24,34,0,2,20,25,47,0,9,23,49,81,14,42,56,137
01/19/2021,GTR,MS,ASO,ES,Federal Contract Tower,0,7,4,73,84,0,3,6,22,31,0,10,10,95,115,12,62,74,189
01/20/2021,GTR,MS,ASO,ES,Federal Contract Tower,0,5,1,37,43,0,0,22,30,52,0,5,23,67,95,34,104,138,233
01/21/2021,GTR,MS,ASO,ES,Federal Contract Tower,0,5,5,14,24,0,0,0,0,0,0,5,5,14,24,0,0,0,24
01/22/2021,GTR,MS,ASO,ES,Federal Contract Tower,0,5,10,41,56,0,0,12,13,25,0,5,22,54,81,2,72,74,155
01/23/2021,GTR,MS,ASO,ES,Federal Contract Tower,0,3,2,39,44,0,3,21,28,52,0,6,23,67,96,26,72,98,194
01/24/2021,GTR,MS,ASO,ES,Federal Contract Tower,0,5,10,35,50,0,0,0,1,1,0,5,10,36,51,0,16,16,67
01/25/2021,GTR,MS,ASO,ES,Federal Contract Tower,2,5,7,21,35,0,1,2,2,5,2,6,9,23,40,0,30,30,70
01/26/2021,GTR,MS,ASO,ES,Federal Contract Tower,0,4,6,36,46,0,6,22,40,68,0,10,28,76,114,14,94,108,222
01/27/2021,GTR,MS,ASO,ES,Federal Contract Tower,0,4,5,41,50,0,1,9,24,34,0,5,14,65,84,6,94,100,184
01/28/2021,GTR,MS,ASO,ES,Federal Contract Tower,0,9,17,36,62,0,0,28,40,68,0,9,45,76,130,36,118,154,284
01/29/2021,GTR,MS,ASO,ES,Federal Contract Tower,0,5,5,18,28,0,3,21,29,53,0,8,26,47,81,14,102,116,197
01/30/2021,GTR,MS,ASO,ES,Federal Contract Tower,0,3,3,10,16,0,2,5,10,17,0,5,8,20,33,6,50,56,89
01/31/2021,GTR,MS,ASO,ES,Federal Contract Tower,0,7,0,12,19,0,0,10,5,15,0,7,10,17,34,10,18,28,62
02/01/2021,GTR,MS,ASO,ES,Federal Contract Tower,0,7,4,60,71,0,0,0,46,46,0,7,4,106,117,0,128,128,245
02/02/2021,GTR,MS,ASO,ES,Federal Contract Tower,0,3,2,42,47,0,0,18,37,55,0,3,20,79,102,50,164,214,316
02/03/2021,GTR,MS,ASO,ES,Federal Contract Tower,0,3,3,35,41,0,0,21,36,57,0,3,24,71,98,10,96,106,204
02/04/2021,GTR,MS,ASO,ES,Federal Contract Tower,0,5,6,37,48,0,3,11,28,42,0,8,17,65,90,14,176,190,280
02/05/2021,GTR,MS,ASO,ES,Federal Contract Tower,0,7,3,33,43,0,1,25,29,55,0,8,28,62,98,30,86,116,214
02/06/2021,GTR,MS,ASO,ES,Federal Contract Tower,0,3,2,7,12,0,0,9,1,10,0,3,11,8,22,6,4,10,32
02/07/2021,GTR,MS,ASO,ES,Federal Contract Tower,0,3,4,15,22,0,2,5,4,11,0,5,9,19,33,2,14,16,49
02/08/2021,GTR,MS,ASO,ES,Federal Contract Tower,0,7,2,32,41,0,2,12,24,38,0,9,14,56,79,14,102,116,195
02/09/2021,GTR,MS,ASO,ES,Federal Contract Tower,0,8,3,44,55,0,3,34,41,78,0,11,37,85,133,18,256,274,407
02/10/2021,GTR,MS,ASO,ES,Federal Contract Tower,0,3,0,44,47,0,0,32,34,66,0,3,32,78,113,24,190,214,327
02/11/2021,GTR,MS,ASO,ES,Federal Contract Tower,0,7,1,4,12,0,0,0,0,0,0,7,1,4,12,0,0,0,12
02/12/2021,GTR,MS,ASO,ES,Federal Contract Tower,2,9,4,6,21,0,0,0,0,0,2,9,4,6,21,0,0,0,21
02/13/2021,GTR,MS,ASO,ES,Federal Contract Tower,2,0,1,0,3,0,0,0,0,0,2,0,1,0,3,0,0,0,3
02/14/2021,GTR,MS,ASO,ES,Federal Contract Tower,0,3,2,0,5,0,0,0,0,0,0,3,2,0,5,0,0,0,5
02/15/2021,GTR,MS,ASO,ES,Federal Contract Tower,0,0,0,0,0,0,0,0,0,0,0,0,0,0,0,0,0,0,0
02/16/2021,GTR,MS,ASO,ES,Federal Contract Tower,0,0,0,0,0,0,0,0,0,0,0,0,0,0,0,0,0,0,0
02/17/2021,GTR,MS,ASO,ES,Federal Contract Tower,0,0,0,0,0,0,0,0,0,0,0,0,0,0,0,0,0,0,0
02/18/2021,GTR,MS,ASO,ES,Federal Contract Tower,0,4,0,0,4,0,0,0,0,0,0,4,0,0,4,0,0,0,4
02/19/2021,GTR,MS,ASO,ES,Federal Contract Tower,0,6,6,23,35,0,4,1,6,11,0,10,7,29,46,0,28,28,74
02/20/2021,GTR,MS,ASO,ES,Federal Contract Tower,0,3,6,0,9,0,5,19,0,24,0,8,25,0,33,46,0,46,79
02/21/2021,GTR,MS,ASO,ES,Federal Contract Tower,0,7,2,0,9,0,2,19,0,21,0,9,21,0,30,26,0,26,56
02/22/2021,GTR,MS,ASO,ES,Federal Contract Tower,0,7,15,4,26,0,3,24,1,28,0,10,39,5,54,18,0,18,72
02/23/2021,GTR,MS,ASO,ES,Federal Contract Tower,0,7,4,88,99,0,1,30,56,87,0,8,34,144,186,12,274,286,472
02/24/2021,GTR,MS,ASO,ES,Federal Contract Tower,0,3,4,45,52,0,4,53,49,106,0,7,57,94,158,34,134,168,326
02/25/2021,GTR,MS,ASO,ES,Federal Contract Tower,0,7,4,57,68,0,0,44,25,69,0,7,48,82,137,14,94,108,245
02/26/2021,GTR,MS,ASO,ES,Federal Contract Tower,0,5,5,15,25,0,0,4,2,6,0,5,9,17,31,0,12,12,43
02/27/2021,GTR,MS,ASO,ES,Federal Contract Tower,0,3,5,15,23,0,6,49,4,59,0,9,54,19,82,16,20,36,118
02/28/2021,GTR,MS,ASO,ES,Federal Contract Tower,0,5,12,8,25,0,3,10,6,19,0,8,22,14,44,24,14,38,82
03/01/2021,GTR,MS,ASO,ES,Federal Contract Tower,0,10,2,39,51,0,0,4,3,7,0,10,6,42,58,0,36,36,94
03/02/2021,GTR,MS,ASO,ES,Federal Contract Tower,0,3,8,34,45,0,0,9,26,35,0,3,17,60,80,8,112,120,200
03/03/2021,GTR,MS,ASO,ES,Federal Contract Tower,0,4,11,60,75,0,1,35,11,47,0,5,46,71,122,34,100,134,256
03/04/2021,GTR,MS,ASO,ES,Federal Contract Tower,0,11,3,39,53,0,0,53,21,74,0,11,56,60,127,46,56,102,229
03/05/2021,GTR,MS,ASO,ES,Federal Contract Tower,0,8,1,42,51,0,4,37,32,73,0,12,38,74,124,20,82,102,226
03/06/2021,GTR,MS,ASO,ES,Federal Contract Tower,0,3,4,11,18,0,0,15,11,26,0,3,19,22,44,12,36,48,92
03/07/2021,GTR,MS,ASO,ES,Federal Contract Tower,0,7,1,15,23,0,4,41,7,52,0,11,42,22,75,6,30,36,111
03/08/2021,GTR,MS,ASO,ES,Federal Contract Tower,0,7,3,25,35,0,2,43,28,73,0,9,46,53,108,50,102,152,260
03/09/2021,GTR,MS,ASO,ES,Federal Contract Tower,0,4,6,18,28,0,1,48,17,66,0,5,54,35,94,10,48,58,152
03/10/2021,GTR,MS,ASO,ES,Federal Contract Tower,0,3,0,34,37,0,0,26,30,56,0,3,26,64,93,14,158,172,265
03/11/2021,GTR,MS,ASO,ES,Federal Contract Tower,0,7,5,45,57,0,8,28,41,77,0,15,33,86,134,28,92,120,254
03/12/2021,GTR,MS,ASO,ES,Federal Contract Tower,0,5,6,35,46,0,2,38,24,64,0,7,44,59,110,24,128,152,262
03/13/2021,GTR,MS,ASO,ES,Federal Contract Tower,0,3,1,12,16,0,6,34,5,45,0,9,35,17,61,18,14,32,93
03/14/2021,GTR,MS,ASO,ES,Federal Contract Tower,0,5,9,10,24,0,2,8,7,17,0,7,17,17,41,6,58,64,105
03/15/2021,GTR,MS,ASO,ES,Federal Contract Tower,0,7,7,6,20,0,1,7,1,9,0,8,14,7,29,20,0,20,49
03/16/2021,GTR,MS,ASO,ES,Federal Contract Tower,0,3,8,3,14,0,0,18,0,18,0,3,26,3,32,26,0,26,58
03/17/2021,GTR,MS,ASO,ES,Federal Contract Tower,0,3,1,0,4,0,0,0,0,0,0,3,1,0,4,0,0,0,4
03/18/2021,GTR,MS,ASO,ES,Federal Contract Tower,0,8,9,0,17,0,0,14,8,22,0,8,23,8,39,10,8,18,57
03/19/2021,GTR,MS,ASO,ES,Federal Contract Tower,0,3,7,39,49,0,0,3,15,18,0,3,10,54,67,2,82,84,151
03/20/2021,GTR,MS,ASO,ES,Federal Contract Tower,0,3,2,16,21,0,1,23,16,40,0,4,25,32,61,40,36,76,137
03/21/2021,GTR,MS,ASO,ES,Federal Contract Tower,0,8,3,6,17,0,2,29,13,44,0,10,32,19,61,27,20,47,108
03/22/2021,GTR,MS,ASO,ES,Federal Contract Tower,0,7,4,39,50,0,1,25,33,59,0,8,29,72,109,20,142,162,271
03/23/2021,GTR,MS,ASO,ES,Federal Contract Tower,0,3,9,11,23,0,0,5,0,5,0,3,14,11,28,12,0,12,40
03/24/2021,GTR,MS,ASO,ES,Federal Contract Tower,0,4,11,4,19,0,0,43,0,43,0,4,54,4,62,14,0,14,76
03/25/2021,GTR,MS,ASO,ES,Federal Contract Tower,2,8,2,0,12,0,0,4,0,4,2,8,6,0,16,2,0,2,18
03/26/2021,GTR,MS,ASO,ES,Federal Contract Tower,0,10,2,7,19,0,2,31,3,36,0,12,33,10,55,2,10,12,67
03/27/2021,GTR,MS,ASO,ES,Federal Contract Tower,0,4,3,10,17,0,4,0,6,10,0,8,3,16,27,0,48,48,75
03/28/2021,GTR,MS,ASO,ES,Federal Contract Tower,2,7,4,24,37,0,4,1,0,5,2,11,5,24,42,0,6,6,48
03/29/2021,GTR,MS,ASO,ES,Federal Contract Tower,0,9,10,49,68,0,1,39,48,88,0,10,49,97,156,34,146,180,336
03/30/2021,GTR,MS,ASO,ES,Federal Contract Tower,0,3,0,65,68,0,1,16,51,68,0,4,16,116,136,18,208,226,362
03/31/2021,GTR,MS,ASO,ES,Federal Contract Tower,0,6,0,14,20,0,2,0,7,9,0,8,0,21,29,0,36,36,65
04/01/2021,GTR,MS,ASO,ES,Federal Contract Tower,0,7,6,33,46,0,2,16,25,43,0,9,22,58,89,0,74,74,163
04/02/2021,GTR,MS,ASO,ES,Federal Contract Tower,0,5,2,1,8,0,3,24,0,27,0,8,26,1,35,12,0,12,47
04/03/2021,GTR,MS,ASO,ES,Federal Contract Tower,0,3,1,5,9,0,2,27,0,29,0,5,28,5,38,12,0,12,50
04/04/2021,GTR,MS,ASO,ES,Federal Contract Tower,0,5,2,2,9,0,0,8,2,10,0,5,10,4,19,6,6,12,31
04/05/2021,GTR,MS,ASO,ES,Federal Contract Tower,0,5,18,36,59,0,0,9,36,45,0,5,27,72,104,0,86,86,190
04/06/2021,GTR,MS,ASO,ES,Federal Contract Tower,0,5,2,43,50,0,0,53,36,89,0,5,55,79,139,12,256,268,407
04/07/2021,GTR,MS,ASO,ES,Federal Contract Tower,0,3,15,37,55,0,3,20,23,46,0,6,35,60,101,8,78,86,187
04/08/2021,GTR,MS,ASO,ES,Federal Contract Tower,0,7,10,45,62,0,0,21,22,43,0,7,31,67,105,14,100,114,219
04/09/2021,GTR,MS,ASO,ES,Federal Contract Tower,0,7,10,32,49,0,0,13,6,19,0,7,23,38,68,0,16,16,84
04/10/2021,GTR,MS,ASO,ES,Federal Contract Tower,0,3,2,0,5,0,1,6,0,7,0,4,8,0,12,4,0,4,16
04/11/2021,GTR,MS,ASO,ES,Federal Contract Tower,0,5,5,4,14,0,0,27,10,37,0,5,32,14,51,10,10,20,71
04/12/2021,GTR,MS,ASO,ES,Federal Contract Tower,0,8,12,47,67,0,0,40,38,78,0,8,52,85,145,24,100,124,269
04/13/2021,GTR,MS,ASO,ES,Federal Contract Tower,0,7,6,35,48,0,0,43,29,72,0,7,49,64,120,10,112,122,242
04/14/2021,GTR,MS,ASO,ES,Federal Contract Tower,0,7,12,31,50,0,0,10,12,22,0,7,22,43,72,0,98,98,170
04/15/2021,GTR,MS,ASO,ES,Federal Contract Tower,1,8,8,23,40,0,0,17,24,41,1,8,25,47,81,4,34,38,119
04/16/2021,GTR,MS,ASO,ES,Federal Contract Tower,0,6,2,28,36,0,0,21,22,43,0,6,23,50,79,12,150,162,241
04/17/2021,GTR,MS,ASO,ES,Federal Contract Tower,0,3,4,5,12,0,3,12,2,17,0,6,16,7,29,14,12,26,55
04/18/2021,GTR,MS,ASO,ES,Federal Contract Tower,0,10,0,12,22,0,0,14,28,42,0,10,14,40,64,2,20,22,86
04/19/2021,GTR,MS,ASO,ES,Federal Contract Tower,0,7,9,32,48,0,0,15,30,45,0,7,24,62,93,18,108,126,219
04/20/2021,GTR,MS,ASO,ES,Federal Contract Tower,0,8,2,34,44,0,0,46,36,82,0,8,48,70,126,14,176,190,316
04/21/2021,GTR,MS,ASO,ES,Federal Contract Tower,0,6,6,33,45,0,0,13,35,48,0,6,19,68,93,26,150,176,269
04/22/2021,GTR,MS,ASO,ES,Federal Contract Tower,0,6,5,45,56,0,2,29,38,69,0,8,34,83,125,16,146,162,287
04/23/2021,GTR,MS,ASO,ES,Federal Contract Tower,0,5,7,51,63,0,4,3,42,49,0,9,10,93,112,0,114,114,226
04/24/2021,GTR,MS,ASO,ES,Federal Contract Tower,0,3,3,10,16,0,2,2,6,10,0,5,5,16,26,0,10,10,36
04/25/2021,GTR,MS,ASO,ES,Federal Contract Tower,0,8,4,7,19,0,3,7,13,23,0,11,11,20,42,2,54,56,98
04/26/2021,GTR,MS,ASO,ES,Federal Contract Tower,0,6,8,71,85,0,2,23,14,39,0,8,31,85,124,20,50,70,194
04/27/2021,GTR,MS,ASO,ES,Federal Contract Tower,0,5,3,46,54,0,4,16,24,44,0,9,19,70,98,10,132,142,240
04/28/2021,GTR,MS,ASO,ES,Federal Contract Tower,0,7,3,74,84,0,3,11,7,21,0,10,14,81,105,2,78,80,185
04/29/2021,GTR,MS,ASO,ES,Federal Contract Tower,1,8,10,69,88,0,0,17,11,28,1,8,27,80,116,0,24,24,140
04/30/2021,GTR,MS,ASO,ES,Federal Contract Tower,0,9,3,70,82,0,1,8,10,19,0,10,11,80,101,2,30,32,133
05/01/2021,GTR,MS,ASO,ES,Federal Contract Tower,0,3,0,6,9,0,7,0,5,12,0,10,0,11,21,0,8,8,29
05/02/2021,GTR,MS,ASO,ES,Federal Contract Tower,0,7,2,18,27,0,0,9,4,13,0,7,11,22,40,24,18,42,82
05/03/2021,GTR,MS,ASO,ES,Federal Contract Tower,0,8,8,62,78,0,2,9,2,13,0,10,17,64,91,0,0,0,91
05/04/2021,GTR,MS,ASO,ES,Federal Contract Tower,0,7,3,22,32,0,0,2,0,2,0,7,5,22,34,0,0,0,34
05/05/2021,GTR,MS,ASO,ES,Federal Contract Tower,0,8,7,25,40,0,2,11,7,20,0,10,18,32,60,6,20,26,86
05/06/2021,GTR,MS,ASO,ES,Federal Contract Tower,0,5,9,67,81,0,2,16,21,39,0,7,25,88,120,2,36,38,158
05/07/2021,GTR,MS,ASO,ES,Federal Contract Tower,0,5,7,56,68,0,6,32,15,53,0,11,39,71,121,18,38,56,177
05/08/2021,GTR,MS,ASO,ES,Federal Contract Tower,0,5,12,14,31,0,2,38,15,55,0,7,50,29,86,4,42,46,132
05/09/2021,GTR,MS,ASO,ES,Federal Contract Tower,0,7,6,33,46,0,2,25,9,36,0,9,31,42,82,4,14,18,100
05/10/2021,GTR,MS,ASO,ES,Federal Contract Tower,0,7,7,61,75,0,0,0,0,0,0,7,7,61,75,0,0,0,75
05/11/2021,GTR,MS,ASO,ES,Federal Contract Tower,0,6,4,61,71,0,0,4,0,4,0,6,8,61,75,2,0,2,77
05/12/2021,GTR,MS,ASO,ES,Federal Contract Tower,0,7,9,63,79,0,2,21,11,34,0,9,30,74,113,10,34,44,157
05/13/2021,GTR,MS,ASO,ES,Federal Contract Tower,0,7,3,61,71,0,2,40,25,67,0,9,43,86,138,4,48,52,190
05/14/2021,GTR,MS,ASO,ES,Federal Contract Tower,0,7,2,57,66,0,4,30,6,40,0,11,32,63,106,4,22,26,132
05/16/2021,GTR,MS,ASO,ES,Federal Contract Tower,0,6,5,33,44,0,2,23,5,30,0,8,28,38,74,36,18,54,128
05/17/2021,GTR,MS,ASO,ES,Federal Contract Tower,0,7,4,33,44,0,3,13,26,42,0,10,17,59,86,2,110,112,198
05/18/2021,GTR,MS,ASO,ES,Federal Contract Tower,0,5,1,39,45,0,1,1,26,28,0,6,2,65,73,0,54,54,127
05/19/2021,GTR,MS,ASO,ES,Federal Contract Tower,0,7,3,20,30,0,2,9,22,33,0,9,12,42,63,8,82,90,153
05/20/2021,GTR,MS,ASO,ES,Federal Contract Tower,2,5,2,24,33,0,0,15,22,37,2,5,17,46,70,8,82,90,160
05/21/2021,GTR,MS,ASO,ES,Federal Contract Tower,0,4,7,26,37,0,6,21,23,50,0,10,28,49,87,2,126,128,215
05/22/2021,GTR,MS,ASO,ES,Federal Contract Tower,0,5,1,2,8,0,8,18,2,28,0,13,19,4,36,2,0,2,38
05/23/2021,GTR,MS,ASO,ES,Federal Contract Tower,0,10,3,10,23,0,6,9,0,15,0,16,12,10,38,20,6,26,64
05/24/2021,GTR,MS,ASO,ES,Federal Contract Tower,0,10,8,26,44,0,2,11,33,46,0,12,19,59,90,4,80,84,174
05/25/2021,GTR,MS,ASO,ES,Federal Contract Tower,0,9,5,30,44,0,2,27,30,59,0,11,32,60,103,28,72,100,203
05/26/2021,GTR,MS,ASO,ES,Federal Contract Tower,0,10,6,42,58,0,1,28,31,60,0,11,34,73,118,0,182,182,300
05/27/2021,GTR,MS,ASO,ES,Federal Contract Tower,0,5,2,30,37,0,0,25,27,52,0,5,27,57,89,12,134,146,235
05/28/2021,GTR,MS,ASO,ES,Federal Contract Tower,0,5,5,5,15,0,0,17,3,20,0,5,22,8,35,46,22,68,103
05/29/2021,GTR,MS,ASO,ES,Federal Contract Tower,0,3,2,4,9,0,4,4,1,9,0,7,6,5,18,6,2,8,26
05/30/2021,GTR,MS,ASO,ES,Federal Contract Tower,0,5,0,2,7,0,3,0,2,5,0,8,0,4,12,0,46,46,58
05/31/2021,GTR,MS,ASO,ES,Federal Contract Tower,0,5,4,0,9,0,2,47,2,51,0,7,51,2,60,10,0,10,70
06/01/2021,GTR,MS,ASO,ES,Federal Contract Tower,0,7,4,42,53,0,2,68,35,105,0,9,72,77,158,74,98,172,330
06/02/2021,GTR,MS,ASO,ES,Federal Contract Tower,2,6,5,7,20,0,0,14,0,14,2,6,19,7,34,4,0,4,38
06/03/2021,GTR,MS,ASO,ES,Federal Contract Tower,0,5,7,33,45,0,0,30,34,64,0,5,37,67,109,24,158,182,291
06/04/2021,GTR,MS,ASO,ES,Federal Contract Tower,0,7,5,24,36,0,2,36,23,61,0,9,41,47,97,4,58,62,159
06/05/2021,GTR,MS,ASO,ES,Federal Contract Tower,0,5,3,25,33,0,1,20,4,25,0,6,23,29,58,6,10,16,74
06/06/2021,GTR,MS,ASO,ES,Federal Contract Tower,0,5,2,8,15,0,0,0,1,1,0,5,2,9,16,0,0,0,16
06/07/2021,GTR,MS,ASO,ES,Federal Contract Tower,0,7,10,48,65,0,0,29,6,35,0,7,39,54,100,20,44,64,164
06/08/2021,GTR,MS,ASO,ES,Federal Contract Tower,0,7,6,33,46,0,0,13,9,22,0,7,19,42,68,6,30,36,104
06/09/2021,GTR,MS,ASO,ES,Federal Contract Tower,0,6,3,13,22,0,0,3,0,3,0,6,6,13,25,0,10,10,35
06/10/2021,GTR,MS,ASO,ES,Federal Contract Tower,2,6,1,47,56,0,2,3,6,11,2,8,4,53,67,0,28,28,95
06/11/2021,GTR,MS,ASO,ES,Federal Contract Tower,0,6,2,36,44,0,3,12,8,23,0,9,14,44,67,16,34,50,117
06/12/2021,GTR,MS,ASO,ES,Federal Contract Tower,0,5,1,30,36,0,1,17,8,26,0,6,18,38,62,14,8,22,84
06/13/2021,GTR,MS,ASO,ES,Federal Contract Tower,0,7,3,15,25,0,2,9,1,12,0,9,12,16,37,4,2,6,43
06/14/2021,GTR,MS,ASO,ES,Federal Contract Tower,0,7,3,45,55,0,5,22,34,61,0,12,25,79,116,6,128,134,250
06/15/2021,GTR,MS,ASO,ES,Federal Contract Tower,2,9,3,15,29,0,3,28,16,47,2,12,31,31,76,8,74,82,158
06/16/2021,GTR,MS,ASO,ES,Federal Contract Tower,0,11,7,30,48,0,2,8,34,44,0,13,15,64,92,0,76,76,168
06/17/2021,GTR,MS,ASO,ES,Federal Contract Tower,0,7,4,26,37,0,3,20,26,49,0,10,24,52,86,10,66,76,162
06/18/2021,GTR,MS,ASO,ES,Federal Contract Tower,0,7,2,6,15,0,2,52,15,69,0,9,54,21,84,14,24,38,122
06/19/2021,GTR,MS,ASO,ES,Federal Contract Tower,0,5,1,0,6,0,0,0,0,0,0,5,1,0,6,0,0,0,6
06/20/2021,GTR,MS,ASO,ES,Federal Contract Tower,0,5,4,18,27,0,3,34,4,41,0,8,38,22,68,8,32,40,108
06/21/2021,GTR,MS,ASO,ES,Federal Contract Tower,0,11,5,52,68,0,4,17,17,38,0,15,22,69,106,6,170,176,282
06/22/2021,GTR,MS,ASO,ES,Federal Contract Tower,0,5,2,39,46,0,0,20,15,35,0,5,22,54,81,24,138,162,243
06/23/2021,GTR,MS,ASO,ES,Federal Contract Tower,0,7,7,19,33,0,2,25,21,48,0,9,32,40,81,24,80,104,185
06/24/2021,GTR,MS,ASO,ES,Federal Contract Tower,0,5,2,37,44,0,0,38,32,70,0,5,40,69,114,50,98,148,262
06/25/2021,GTR,MS,ASO,ES,Federal Contract Tower,0,8,5,47,60,0,1,53,8,62,0,9,58,55,122,4,28,32,154
06/26/2021,GTR,MS,ASO,ES,Federal Contract Tower,0,3,3,21,27,0,0,20,6,26,0,3,23,27,53,12,88,100,153
06/27/2021,GTR,MS,ASO,ES,Federal Contract Tower,0,8,0,13,21,0,4,14,9,27,0,12,14,22,48,0,14,14,62
06/28/2021,GTR,MS,ASO,ES,Federal Contract Tower,0,8,4,32,44,0,6,42,22,70,0,14,46,54,114,12,98,110,224
06/29/2021,GTR,MS,ASO,ES,Federal Contract Tower,0,5,3,18,26,0,3,45,17,65,0,8,48,35,91,12,40,52,143
06/30/2021,GTR,MS,ASO,ES,Federal Contract Tower,0,5,3,21,29,0,0,35,23,58,0,5,38,44,87,4,76,80,167
07/01/2021,GTR,MS,ASO,ES,Federal Contract Tower,2,12,7,56,77,0,0,101,29,130,2,12,108,85,207,0,136,136,343
07/02/2021,GTR,MS,ASO,ES,Federal Contract Tower,0,9,4,4,17,0,1,2,0,3,0,10,6,4,20,0,0,0,20
07/03/2021,GTR,MS,ASO,ES,Federal Contract Tower,0,3,3,0,6,0,3,29,0,32,0,6,32,0,38,30,0,30,68
07/04/2021,GTR,MS,ASO,ES,Federal Contract Tower,0,3,4,0,7,0,4,8,0,12,0,7,12,0,19,12,0,12,31
07/05/2021,GTR,MS,ASO,ES,Federal Contract Tower,0,5,6,2,13,0,8,29,7,44,0,13,35,9,57,2,6,8,65
07/06/2021,GTR,MS,ASO,ES,Federal Contract Tower,0,8,13,35,56,0,1,5,12,18,0,9,18,47,74,0,80,80,154
07/07/2021,GTR,MS,ASO,ES,Federal Contract Tower,0,7,3,12,22,0,2,0,2,4,0,9,3,14,26,0,38,38,64
07/08/2021,GTR,MS,ASO,ES,Federal Contract Tower,0,5,1,40,46,0,0,31,18,49,0,5,32,58,95,28,34,62,157
07/09/2021,GTR,MS,ASO,ES,Federal Contract Tower,0,5,5,61,71,0,0,50,35,85,0,5,55,96,156,14,170,184,340
07/10/2021,GTR,MS,ASO,ES,Federal Contract Tower,0,3,6,24,33,0,0,22,5,27,0,3,28,29,60,12,18,30,90
07/11/2021,GTR,MS,ASO,ES,Federal Contract Tower,0,6,3,28,37,0,0,0,13,13,0,6,3,41,50,0,60,60,110
07/12/2021,GTR,MS,ASO,ES,Federal Contract Tower,0,6,3,48,57,0,0,11,30,41,0,6,14,78,98,0,204,204,302
07/13/2021,GTR,MS,ASO,ES,Federal Contract Tower,0,5,4,24,33,0,4,24,19,47,0,9,28,43,80,2,62,64,144
07/14/2021,GTR,MS,ASO,ES,Federal Contract Tower,0,7,5,34,46,0,2,34,34,70,0,9,39,68,116,36,138,174,290
07/15/2021,GTR,MS,ASO,ES,Federal Contract Tower,0,5,4,26,35,0,2,20,28,50,0,7,24,54,85,2,76,78,163
07/16/2021,GTR,MS,ASO,ES,Federal Contract Tower,0,9,3,16,28,0,0,26,16,42,0,9,29,32,70,10,4,14,84
07/17/2021,GTR,MS,ASO,ES,Federal Contract Tower,0,3,2,31,36,0,0,12,4,16,0,3,14,35,52,18,34,52,104
07/18/2021,GTR,MS,ASO,ES,Federal Contract Tower,0,12,2,27,41,0,0,4,1,5,0,12,6,28,46,0,2,2,48
07/19/2021,GTR,MS,ASO,ES,Federal Contract Tower,0,9,3,42,54,0,2,3,23,28,0,11,6,65,82,4,110,114,196
07/20/2021,GTR,MS,ASO,ES,Federal Contract Tower,0,8,4,75,87,0,0,10,8,18,0,8,14,83,105,2,42,44,149
07/21/2021,GTR,MS,ASO,ES,Federal Contract Tower,0,10,3,48,61,0,2,21,20,43,0,12,24,68,104,0,58,58,162
07/22/2021,GTR,MS,ASO,ES,Federal Contract Tower,0,5,4,39,48,0,2,50,17,69,0,7,54,56,117,16,24,40,157
07/23/2021,GTR,MS,ASO,ES,Federal Contract Tower,0,10,2,35,47,0,2,26,29,57,0,12,28,64,104,12,47,59,163
07/24/2021,GTR,MS,ASO,ES,Federal Contract Tower,0,3,4,34,41,0,0,33,23,56,0,3,37,57,97,0,28,28,125
07/25/2021,GTR,MS,ASO,ES,Federal Contract Tower,0,7,2,39,48,0,0,27,6,33,0,7,29,45,81,2,30,32,113
07/26/2021,GTR,MS,ASO,ES,Federal Contract Tower,0,8,1,27,36,0,3,20,17,40,0,11,21,44,76,0,50,50,126
07/27/2021,GTR,MS,ASO,ES,Federal Contract Tower,0,10,11,47,68,0,2,54,23,79,0,12,65,70,147,24,136,160,307
07/28/2021,GTR,MS,ASO,ES,Federal Contract Tower,0,7,3,41,51,0,1,34,26,61,0,8,37,67,112,34,64,98,210
07/29/2021,GTR,MS,ASO,ES,Federal Contract Tower,0,6,4,39,49,0,7,19,31,57,0,13,23,70,106,35,116,151,257
07/30/2021,GTR,MS,ASO,ES,Federal Contract Tower,0,7,4,42,53,0,0,48,28,76,0,7,52,70,129,20,132,152,281
07/31/2021,GTR,MS,ASO,ES,Federal Contract Tower,0,4,7,12,23,0,0,19,4,23,0,4,26,16,46,4,2,6,52
08/01/2021,GTR,MS,ASO,ES,Federal Contract Tower,0,5,4,8,17,0,3,10,4,17,0,8,14,12,34,32,12,44,78
08/02/2021,GTR,MS,ASO,ES,Federal Contract Tower,0,7,0,35,42,0,2,6,1,9,0,9,6,36,51,10,32,42,93
08/03/2021,GTR,MS,ASO,ES,Federal Contract Tower,0,5,5,40,50,0,0,61,29,90,0,5,66,69,140,6,92,98,238
08/04/2021,GTR,MS,ASO,ES,Federal Contract Tower,0,7,8,27,42,0,0,85,22,107,0,7,93,49,149,0,58,58,207
08/05/2021,GTR,MS,ASO,ES,Federal Contract Tower,0,7,4,32,43,0,7,44,25,76,0,14,48,57,119,0,54,54,173
08/06/2021,GTR,MS,ASO,ES,Federal Contract Tower,0,7,7,19,33,0,0,28,22,50,0,7,35,41,83,16,44,60,143
08/07/2021,GTR,MS,ASO,ES,Federal Contract Tower,0,3,0,14,17,0,2,27,3,32,0,5,27,17,49,2,18,20,69
08/08/2021,GTR,MS,ASO,ES,Federal Contract Tower,0,5,3,3,11,0,5,14,0,19,0,10,17,3,30,40,0,40,70
08/09/2021,GTR,MS,ASO,ES,Federal Contract Tower,0,8,3,57,68,0,2,42,38,82,0,10,45,95,150,10,134,144,294
08/10/2021,GTR,MS,ASO,ES,Federal Contract Tower,0,7,14,24,45,0,1,51,28,80,0,8,65,52,125,38,62,100,225
08/11/2021,GTR,MS,ASO,ES,Federal Contract Tower,0,6,4,20,30,0,2,32,27,61,0,8,36,47,91,4,42,46,137
08/12/2021,GTR,MS,ASO,ES,Federal Contract Tower,0,5,7,40,52,0,3,16,34,53,0,8,23,74,105,2,112,114,219
08/13/2021,GTR,MS,ASO,ES,Federal Contract Tower,0,7,4,56,67,0,6,36,30,72,0,13,40,86,139,14,132,146,285
08/14/2021,GTR,MS,ASO,ES,Federal Contract Tower,0,3,3,12,18,0,5,34,6,45,0,8,37,18,63,16,20,36,99
08/15/2021,GTR,MS,ASO,ES,Federal Contract Tower,0,8,1,16,25,0,0,6,0,6,0,8,7,16,31,0,10,10,41
08/16/2021,GTR,MS,ASO,ES,Federal Contract Tower,0,6,5,39,50,0,6,19,7,32,0,12,24,46,82,2,62,64,146
08/17/2021,GTR,MS,ASO,ES,Federal Contract Tower,0,9,0,36,45,0,2,57,35,94,0,11,57,71,139,4,74,78,217
08/18/2021,GTR,MS,ASO,ES,Federal Contract Tower,0,7,4,51,62,0,2,14,26,42,0,9,18,77,104,8,78,86,190
08/19/2021,GTR,MS,ASO,ES,Federal Contract Tower,0,9,8,30,47,0,0,10,4,14,0,9,18,34,61,0,4,4,65
08/20/2021,GTR,MS,ASO,ES,Federal Contract Tower,0,9,8,46,63,0,0,0,2,2,0,9,8,48,65,0,32,32,97
08/21/2021,GTR,MS,ASO,ES,Federal Contract Tower,0,3,6,10,19,0,4,35,3,42,0,7,41,13,61,14,38,52,113
08/22/2021,GTR,MS,ASO,ES,Federal Contract Tower,0,5,3,11,19,0,2,6,3,11,0,7,9,14,30,10,10,20,50
08/23/2021,GTR,MS,ASO,ES,Federal Contract Tower,0,5,3,35,43,0,6,35,31,72,0,11,38,66,115,22,146,168,283
08/24/2021,GTR,MS,ASO,ES,Federal Contract Tower,0,6,6,33,45,0,4,40,29,73,0,10,46,62,118,24,74,98,216
08/25/2021,GTR,MS,ASO,ES,Federal Contract Tower,0,8,2,20,30,0,3,22,15,40,0,11,24,35,70,38,46,84,154
08/26/2021,GTR,MS,ASO,ES,Federal Contract Tower,0,5,2,34,41,0,2,19,19,40,0,7,21,53,81,2,62,64,145
08/27/2021,GTR,MS,ASO,ES,Federal Contract Tower,0,8,6,24,38,0,0,28,23,51,0,8,34,47,89,0,42,42,131
08/28/2021,GTR,MS,ASO,ES,Federal Contract Tower,0,4,5,26,35,0,0,20,14,34,0,4,25,40,69,8,20,28,97
08/29/2021,GTR,MS,ASO,ES,Federal Contract Tower,0,7,5,24,36,0,0,2,6,8,0,7,7,30,44,0,14,14,58
08/30/2021,GTR,MS,ASO,ES,Federal Contract Tower,0,5,0,0,5,0,0,0,0,0,0,5,0,0,5,0,0,0,5
08/31/2021,GTR,MS,ASO,ES,Federal Contract Tower,0,6,3,3,12,0,5,1,0,6,0,11,4,3,18,0,0,0,18
09/01/2021,GTR,MS,ASO,ES,Federal Contract Tower,0,14,5,31,50,0,0,21,24,45,0,14,26,55,95,10,54,64,159
09/02/2021,GTR,MS,ASO,ES,Federal Contract Tower,0,5,2,47,54,0,4,25,44,73,0,9,27,91,127,8,82,90,217
09/03/2021,GTR,MS,ASO,ES,Federal Contract Tower,0,12,0,13,25,0,0,18,17,35,0,12,18,30,60,0,12,12,72
09/04/2021,GTR,MS,ASO,ES,Federal Contract Tower,0,4,4,4,12,0,2,13,10,25,0,6,17,14,37,4,8,12,49
09/05/2021,GTR,MS,ASO,ES,Federal Contract Tower,0,5,5,3,13,0,0,17,1,18,0,5,22,4,31,6,20,26,57
09/06/2021,GTR,MS,ASO,ES,Federal Contract Tower,0,3,5,4,12,0,0,15,2,17,0,3,20,6,29,8,10,18,47
09/07/2021,GTR,MS,ASO,ES,Federal Contract Tower,0,11,7,44,62,0,0,15,31,46,0,11,22,75,108,8,78,86,194
09/08/2021,GTR,MS,ASO,ES,Federal Contract Tower,0,3,3,25,31,0,5,17,22,44,0,8,20,47,75,16,54,70,145
09/09/2021,GTR,MS,ASO,ES,Federal Contract Tower,0,5,10,30,45,0,5,41,19,65,0,10,51,49,110,34,90,124,234
09/10/2021,GTR,MS,ASO,ES,Federal Contract Tower,1,7,3,37,48,0,4,41,14,59,1,11,44,51,107,26,14,40,147
09/11/2021,GTR,MS,ASO,ES,Federal Contract Tower,0,6,8,13,27,0,5,17,12,34,0,11,25,25,61,19,62,81,142
09/12/2021,GTR,MS,ASO,ES,Federal Contract Tower,0,8,6,17,31,0,2,4,1,7,0,10,10,18,38,2,0,2,40
09/13/2021,GTR,MS,ASO,ES,Federal Contract Tower,0,8,3,70,81,0,2,23,14,39,0,10,26,84,120,34,38,72,192
09/14/2021,GTR,MS,ASO,ES,Federal Contract Tower,0,8,2,61,71,0,2,38,11,51,0,10,40,72,122,10,96,106,228
09/15/2021,GTR,MS,ASO,ES,Federal Contract Tower,0,8,2,52,62,0,4,13,9,26,0,12,15,61,88,10,80,90,178
09/16/2021,GTR,MS,ASO,ES,Federal Contract Tower,0,9,7,47,63,0,0,3,0,3,0,9,10,47,66,0,0,0,66
09/17/2021,GTR,MS,ASO,ES,Federal Contract Tower,0,7,8,70,85,0,1,8,4,13,0,8,16,74,98,0,22,22,120
09/18/2021,GTR,MS,ASO,ES,Federal Contract Tower,0,4,3,21,28,0,2,2,4,8,0,6,5,25,36,0,20,20,56
09/19/2021,GTR,MS,ASO,ES,Federal Contract Tower,0,5,4,28,37,0,4,9,2,15,0,9,13,30,52,18,16,34,86
09/20/2021,GTR,MS,ASO,ES,Federal Contract Tower,0,13,5,59,77,0,1,9,7,17,0,14,14,66,94,2,28,30,124
09/21/2021,GTR,MS,ASO,ES,Federal Contract Tower,0,6,4,56,66,0,0,4,3,7,0,6,8,59,73,2,4,6,79
09/22/2021,GTR,MS,ASO,ES,Federal Contract Tower,0,6,10,52,68,0,7,11,12,30,0,13,21,64,98,56,30,86,184
09/23/2021,GTR,MS,ASO,ES,Federal Contract Tower,0,5,4,65,74,0,3,32,7,42,0,8,36,72,116,22,14,36,152
09/24/2021,GTR,MS,ASO,ES,Federal Contract Tower,1,7,16,43,67,0,3,38,2,43,1,10,54,45,110,12,8,20,130
09/25/2021,GTR,MS,ASO,ES,Federal Contract Tower,1,5,1,7,14,0,2,43,5,50,1,7,44,12,64,2,26,28,92
09/26/2021,GTR,MS,ASO,ES,Federal Contract Tower,0,9,8,9,26,0,2,6,4,12,0,11,14,13,38,10,2,12,50
09/27/2021,GTR,MS,ASO,ES,Federal Contract Tower,0,7,4,51,62,0,4,42,5,51,0,11,46,56,113,34,10,44,157
09/28/2021,GTR,MS,ASO,ES,Federal Contract Tower,0,8,6,63,77,0,9,18,9,36,0,17,24,72,113,4,82,86,199
09/29/2021,GTR,MS,ASO,ES,Federal Contract Tower,0,7,3,48,58,0,3,24,16,43,0,10,27,64,101,8,4,12,113
09/30/2021,GTR,MS,ASO,ES,Federal Contract Tower,0,9,5,53,67,0,2,7,3,12,0,11,12,56,79,0,4,4,83
10/01/2021,GTR,MS,ASO,ES,Federal Contract Tower,2,7,3,46,58,0,4,26,11,41,2,11,29,57,99,6,18,24,123
10/02/2021,GTR,MS,ASO,ES,Federal Contract Tower,0,8,1,12,21,0,1,20,9,30,0,9,21,21,51,2,8,10,61
10/03/2021,GTR,MS,ASO,ES,Federal Contract Tower,0,6,3,18,27,0,0,5,0,5,0,6,8,18,32,0,6,6,38
10/04/2021,GTR,MS,ASO,ES,Federal Contract Tower,0,8,7,60,75,0,2,25,4,31,0,10,32,64,106,2,10,12,118
10/05/2021,GTR,MS,ASO,ES,Federal Contract Tower,0,6,8,55,69,0,4,5,6,15,0,10,13,61,84,10,16,26,110
10/06/2021,GTR,MS,ASO,ES,Federal Contract Tower,0,11,12,60,83,0,3,22,7,32,0,14,34,67,115,12,10,22,137
10/07/2021,GTR,MS,ASO,ES,Federal Contract Tower,0,5,2,47,54,0,0,19,4,23,0,5,21,51,77,10,14,24,101
10/08/2021,GTR,MS,ASO,ES,Federal Contract Tower,0,9,6,36,51,0,3,28,8,39,0,12,34,44,90,20,70,90,180
10/09/2021,GTR,MS,ASO,ES,Federal Contract Tower,0,9,2,4,15,0,1,19,6,26,0,10,21,10,41,2,8,10,51
10/10/2021,GTR,MS,ASO,ES,Federal Contract Tower,0,7,4,1,12,0,3,16,0,19,0,10,20,1,31,2,0,2,33
10/11/2021,GTR,MS,ASO,ES,Federal Contract Tower,0,11,10,5,26,0,2,23,1,26,0,13,33,6,52,52,2,54,106
10/12/2021,GTR,MS,ASO,ES,Federal Contract Tower,0,9,5,61,75,0,4,19,2,25,0,13,24,63,100,4,16,20,120
10/13/2021,GTR,MS,ASO,ES,Federal Contract Tower,0,9,4,52,65,0,1,35,9,45,0,10,39,61,110,70,82,152,262
10/14/2021,GTR,MS,ASO,ES,Federal Contract Tower,0,5,11,62,78,0,0,39,3,42,0,5,50,65,120,12,4,16,136
10/15/2021,GTR,MS,ASO,ES,Federal Contract Tower,0,11,9,30,50,0,1,62,3,66,0,12,71,33,116,14,2,16,132
10/16/2021,GTR,MS,ASO,ES,Federal Contract Tower,0,4,2,4,10,0,7,5,2,14,0,11,7,6,24,18,8,26,50
10/17/2021,GTR,MS,ASO,ES,Federal Contract Tower,0,15,14,1,30,0,4,20,8,32,0,19,34,9,62,42,8,50,112
10/18/2021,GTR,MS,ASO,ES,Federal Contract Tower,0,10,1,21,32,0,7,60,19,86,0,17,61,40,118,30,50,80,198
10/19/2021,GTR,MS,ASO,ES,Federal Contract Tower,0,8,6,24,38,0,0,40,26,66,0,8,46,50,104,26,66,92,196
10/20/2021,GTR,MS,ASO,ES,Federal Contract Tower,0,6,1,17,24,0,0,25,25,50,0,6,26,42,74,18,58,76,150
10/21/2021,GTR,MS,ASO,ES,Federal Contract Tower,0,5,7,34,46,0,0,15,22,37,0,5,22,56,83,8,86,94,177
10/22/2021,GTR,MS,ASO,ES,Federal Contract Tower,2,7,11,0,20,0,2,46,0,48,2,9,57,0,68,0,0,0,68
10/23/2021,GTR,MS,ASO,ES,Federal Contract Tower,0,3,3,0,6,0,0,23,0,23,0,3,26,0,29,8,0,8,37
10/24/2021,GTR,MS,ASO,ES,Federal Contract Tower,0,6,5,1,12,0,1,2,3,6,0,7,7,4,18,0,14,14,32
10/25/2021,GTR,MS,ASO,ES,Federal Contract Tower,0,11,8,2,21,0,2,8,2,12,0,13,16,4,33,16,4,20,53
10/26/2021,GTR,MS,ASO,ES,Federal Contract Tower,0,5,4,37,46,0,5,32,23,60,0,10,36,60,106,14,88,102,208
10/27/2021,GTR,MS,ASO,ES,Federal Contract Tower,0,11,8,43,62,0,1,30,18,49,0,12,38,61,111,6,48,54,165
10/28/2021,GTR,MS,ASO,ES,Federal Contract Tower,0,8,4,15,27,0,2,7,13,22,0,10,11,28,49,0,14,14,63
10/29/2021,GTR,MS,ASO,ES,Federal Contract Tower,1,8,12,13,34,0,0,0,0,0,1,8,12,13,34,0,0,0,34
10/30/2021,GTR,MS,ASO,ES,Federal Contract Tower,0,5,5,1,11,0,0,7,1,8,0,5,12,2,19,2,0,2,21
10/31/2021,GTR,MS,ASO,ES,Federal Contract Tower,0,12,1,6,19,0,3,18,0,21,0,15,19,6,40,22,0,22,62
11/01/2021,GTR,MS,ASO,ES,Federal Contract Tower,0,7,0,35,42,0,2,19,19,40,0,9,19,54,82,2,134,136,218
11/02/2021,GTR,MS,ASO,ES,Federal Contract Tower,0,5,8,38,51,0,2,24,27,53,0,7,32,65,104,6,92,98,202
11/03/2021,GTR,MS,ASO,ES,Federal Contract Tower,0,8,4,24,36,0,0,5,14,19,0,8,9,38,55,2,34,36,91
11/04/2021,GTR,MS,ASO,ES,Federal Contract Tower,0,7,4,56,67,0,0,24,15,39,0,7,28,71,106,18,154,172,278
11/05/2021,GTR,MS,ASO,ES,Federal Contract Tower,2,7,5,47,61,0,1,9,10,20,2,8,14,57,81,0,82,82,163
11/06/2021,GTR,MS,ASO,ES,Federal Contract Tower,0,3,0,16,19,0,2,15,5,22,0,5,15,21,41,2,38,40,81
11/07/2021,GTR,MS,ASO,ES,Federal Contract Tower,0,7,2,21,30,0,2,19,7,28,0,9,21,28,58,12,42,54,112
11/08/2021,GTR,MS,ASO,ES,Federal Contract Tower,0,7,3,48,58,0,1,31,27,59,0,8,34,75,117,12,126,138,255
11/09/2021,GTR,MS,ASO,ES,Federal Contract Tower,0,12,1,20,33,0,2,37,28,67,0,14,38,48,100,8,64,72,172
11/10/2021,GTR,MS,ASO,ES,Federal Contract Tower,0,6,1,53,60,0,4,29,26,59,0,10,30,79,119,12,122,134,253
11/11/2021,GTR,MS,ASO,ES,Federal Contract Tower,0,7,5,11,23,0,0,2,0,2,0,7,7,11,25,0,2,2,27
11/12/2021,GTR,MS,ASO,ES,Federal Contract Tower,0,10,4,33,47,0,6,20,19,45,0,16,24,52,92,24,56,80,172
11/13/2021,GTR,MS,ASO,ES,Federal Contract Tower,0,3,1,16,20,0,3,8,9,20,0,6,9,25,40,0,22,22,62
11/14/2021,GTR,MS,ASO,ES,Federal Contract Tower,0,5,2,7,14,0,18,19,1,38,0,23,21,8,52,38,0,38,90
11/15/2021,GTR,MS,ASO,ES,Federal Contract Tower,0,6,3,30,39,0,2,25,20,47,0,8,28,50,86,54,62,116,202
11/16/2021,GTR,MS,ASO,ES,Federal Contract Tower,0,6,2,32,40,0,0,19,28,47,0,6,21,60,87,26,60,86,173
11/17/2021,GTR,MS,ASO,ES,Federal Contract Tower,0,5,6,36,47,0,4,30,25,59,0,9,36,61,106,40,104,144,250
11/18/2021,GTR,MS,ASO,ES,Federal Contract Tower,0,7,5,24,36,0,0,10,13,23,0,7,15,37,59,6,0,6,65
11/19/2021,GTR,MS,ASO,ES,Federal Contract Tower,0,11,4,31,46,0,2,33,19,54,0,13,37,50,100,60,100,160,260
11/20/2021,GTR,MS,ASO,ES,Federal Contract Tower,0,5,2,12,19,0,5,23,5,33,0,10,25,17,52,28,20,48,100
11/21/2021,GTR,MS,ASO,ES,Federal Contract Tower,0,5,2,13,20,0,7,16,4,27,0,12,18,17,47,22,30,52,99
11/22/2021,GTR,MS,ASO,ES,Federal Contract Tower,0,5,3,33,41,0,0,7,18,25,0,5,10,51,66,16,52,68,134
11/23/2021,GTR,MS,ASO,ES,Federal Contract Tower,2,8,2,39,51,0,2,27,24,53,2,10,29,63,104,28,46,74,178
11/24/2021,GTR,MS,ASO,ES,Federal Contract Tower,0,5,8,11,24,0,2,24,9,35,0,7,32,20,59,26,20,46,105
11/25/2021,GTR,MS,ASO,ES,Federal Contract Tower,0,4,1,0,5,0,0,0,0,0,0,4,1,0,5,0,0,0,5
11/26/2021,GTR,MS,ASO,ES,Federal Contract Tower,0,7,2,0,9,0,0,29,0,29,0,7,31,0,38,24,0,24,62
11/27/2021,GTR,MS,ASO,ES,Federal Contract Tower,1,5,0,0,6,0,1,29,0,30,1,6,29,0,36,26,0,26,62
11/28/2021,GTR,MS,ASO,ES,Federal Contract Tower,0,7,6,0,13,0,2,30,0,32,0,9,36,0,45,62,0,62,107
11/29/2021,GTR,MS,ASO,ES,Federal Contract Tower,0,13,1,37,51,0,2,29,35,66,0,15,30,72,117,14,72,86,203
11/30/2021,GTR,MS,ASO,ES,Federal Contract Tower,0,6,4,30,40,0,1,40,30,71,0,7,44,60,111,28,38,66,177
12/01/2021,GTR,MS,ASO,ES,Federal Contract Tower,0,6,8,44,58,0,0,24,24,48,0,6,32,68,106,6,64,70,176
12/02/2021,GTR,MS,ASO,ES,Federal Contract Tower,0,6,7,25,38,0,2,22,18,42,0,8,29,43,80,22,30,52,132
12/03/2021,GTR,MS,ASO,ES,Federal Contract Tower,0,9,9,30,48,0,5,20,11,36,0,14,29,41,84,16,22,38,122
12/04/2021,GTR,MS,ASO,ES,Federal Contract Tower,2,7,5,38,52,0,0,4,0,4,2,7,9,38,56,0,28,28,84
12/05/2021,GTR,MS,ASO,ES,Federal Contract Tower,1,5,6,13,25,0,0,6,1,7,1,5,12,14,32,10,6,16,48
12/06/2021,GTR,MS,ASO,ES,Federal Contract Tower,2,7,4,29,42,0,0,0,3,3,2,7,4,32,45,0,44,44,89
12/07/2021,GTR,MS,ASO,ES,Federal Contract Tower,0,4,0,26,30,0,5,11,10,26,0,9,11,36,56,6,38,44,100
12/08/2021,GTR,MS,ASO,ES,Federal Contract Tower,0,5,5,37,47,0,1,34,25,60,0,6,39,62,107,15,112,127,234
12/09/2021,GTR,MS,ASO,ES,Federal Contract Tower,0,6,6,24,36,2,4,34,25,65,2,10,40,49,101,108,80,188,289
12/10/2021,GTR,MS,ASO,ES,Federal Contract Tower,0,9,4,2,15,0,4,11,0,15,0,13,15,2,30,0,0,0,30
12/11/2021,GTR,MS,ASO,ES,Federal Contract Tower,0,5,3,0,8,0,4,1,0,5,0,9,4,0,13,0,0,0,13
12/12/2021,GTR,MS,ASO,ES,Federal Contract Tower,0,9,1,0,10,0,2,24,5,31,0,11,25,5,41,48,10,58,99
12/13/2021,GTR,MS,ASO,ES,Federal Contract Tower,0,7,4,40,51,0,2,28,42,72,0,9,32,82,123,22,74,96,219
12/14/2021,GTR,MS,ASO,ES,Federal Contract Tower,0,5,1,44,50,0,8,21,28,57,0,13,22,72,107,43,95,138,245
12/15/2021,GTR,MS,ASO,ES,Federal Contract Tower,0,7,6,60,73,0,0,10,34,44,0,7,16,94,117,28,174,202,319
12/16/2021,GTR,MS,ASO,ES,Federal Contract Tower,0,10,6,25,41,0,3,11,3,17,0,13,17,28,58,8,12,20,78
12/17/2021,GTR,MS,ASO,ES,Federal Contract Tower,0,9,4,41,54,0,1,1,6,8,0,10,5,47,62,0,36,36,98
12/18/2021,GTR,MS,ASO,ES,Federal Contract Tower,0,4,3,3,10,0,0,1,0,1,0,4,4,3,11,0,14,14,25
12/19/2021,GTR,MS,ASO,ES,Federal Contract Tower,0,6,4,7,17,0,0,14,3,17,0,6,18,10,34,48,22,70,104
12/20/2021,GTR,MS,ASO,ES,Federal Contract Tower,0,9,4,18,31,0,0,10,0,10,0,9,14,18,41,0,8,8,49
12/21/2021,GTR,MS,ASO,ES,Federal Contract Tower,0,8,2,32,42,0,1,2,3,6,0,9,4,35,48,0,44,44,92
12/22/2021,GTR,MS,ASO,ES,Federal Contract Tower,0,9,1,21,31,0,2,17,15,34,0,11,18,36,65,8,48,56,121
12/23/2021,GTR,MS,ASO,ES,Federal Contract Tower,0,6,7,2,15,0,4,13,0,17,0,10,20,2,32,42,0,42,74
12/24/2021,GTR,MS,ASO,ES,Federal Contract Tower,0,3,0,0,3,0,0,6,0,6,0,3,6,0,9,0,0,0,9
12/25/2021,GTR,MS,ASO,ES,Federal Contract Tower,0,3,2,0,5,0,3,0,0,3,0,6,2,0,8,0,0,0,8
12/26/2021,GTR,MS,ASO,ES,Federal Contract Tower,0,5,2,0,7,0,2,1,0,3,0,7,3,0,10,0,0,0,10
12/27/2021,GTR,MS,ASO,ES,Federal Contract Tower,0,5,0,0,5,0,4,0,0,4,0,9,0,0,9,0,0,0,9
12/28/2021,GTR,MS,ASO,ES,Federal Contract Tower,0,6,0,4,10,0,0,2,0,2,0,6,2,4,12,0,2,2,14
12/29/2021,GTR,MS,ASO,ES,Federal Contract Tower,0,8,2,0,10,0,0,1,0,1,0,8,3,0,11,2,0,2,13
12/30/2021,GTR,MS,ASO,ES,Federal Contract Tower,0,9,11,5,25,0,2,6,1,9,0,11,17,6,34,12,6,18,52
12/31/2021,GTR,MS,ASO,ES,Federal Contract Tower,0,3,1,0,4,0,2,5,0,7,0,5,6,0,11,12,0,12,23
01/01/2022,GTR,MS,ASO,ES,Federal Contract Tower,0,4,0,0,4,0,2,1,0,3,0,6,1,0,7,0,0,0,7
01/02/2022,GTR,MS,ASO,ES,Federal Contract Tower,0,6,4,0,10,0,0,0,0,0,0,6,4,0,10,0,0,0,10
01/03/2022,GTR,MS,ASO,ES,Federal Contract Tower,2,4,4,0,10,0,2,2,0,4,2,6,6,0,14,20,0,20,34
01/04/2022,GTR,MS,ASO,ES,Federal Contract Tower,0,11,2,39,52,0,8,12,20,40,0,19,14,59,92,18,80,98,190
01/05/2022,GTR,MS,ASO,ES,Federal Contract Tower,0,7,3,39,49,0,2,15,26,43,0,9,18,65,92,4,110,114,206
01/06/2022,GTR,MS,ASO,ES,Federal Contract Tower,0,5,1,2,8,0,0,0,0,0,0,5,1,2,8,0,0,0,8
01/07/2022,GTR,MS,ASO,ES,Federal Contract Tower,2,4,6,42,54,0,1,22,30,53,2,5,28,72,107,16,122,138,245
01/08/2022,GTR,MS,ASO,ES,Federal Contract Tower,2,5,4,26,37,0,3,15,22,40,2,8,19,48,77,8,118,126,203
01/09/2022,GTR,MS,ASO,ES,Federal Contract Tower,2,5,2,4,13,0,0,0,0,0,2,5,2,4,13,0,4,4,17
01/10/2022,GTR,MS,ASO,ES,Federal Contract Tower,0,13,7,40,60,0,3,20,36,59,0,16,27,76,119,28,102,130,249
01/11/2022,GTR,MS,ASO,ES,Federal Contract Tower,0,5,7,36,48,0,0,10,18,28,0,5,17,54,76,4,62,66,142
01/12/2022,GTR,MS,ASO,ES,Federal Contract Tower,0,8,10,42,60,0,2,15,22,39,0,10,25,64,99,58,88,146,245
01/13/2022,GTR,MS,ASO,ES,Federal Contract Tower,0,8,7,2,17,0,3,22,0,25,0,11,29,2,42,4,0,4,46
01/14/2022,GTR,MS,ASO,ES,Federal Contract Tower,0,6,6,32,44,2,0,15,35,52,2,6,21,67,96,26,102,128,224
01/15/2022,GTR,MS,ASO,ES,Federal Contract Tower,0,5,1,1,7,0,0,2,0,2,0,5,3,1,9,2,0,2,11
01/16/2022,GTR,MS,ASO,ES,Federal Contract Tower,0,2,2,0,4,0,0,0,0,0,0,2,2,0,4,0,0,0,4
01/17/2022,GTR,MS,ASO,ES,Federal Contract Tower,0,7,0,3,10,0,3,12,0,15,0,10,12,3,25,16,0,16,41
01/18/2022,GTR,MS,ASO,ES,Federal Contract Tower,0,6,6,45,57,0,6,17,36,59,0,12,23,81,116,30,92,122,238
01/19/2022,GTR,MS,ASO,ES,Federal Contract Tower,0,5,4,32,41,0,2,11,21,34,0,7,15,53,75,4,64,68,143
01/20/2022,GTR,MS,ASO,ES,Federal Contract Tower,0,5,7,30,42,0,1,7,21,29,0,6,14,51,71,12,98,110,181
01/21/2022,GTR,MS,ASO,ES,Federal Contract Tower,0,6,8,47,61,0,0,11,23,34,0,6,19,70,95,4,132,136,231
01/22/2022,GTR,MS,ASO,ES,Federal Contract Tower,0,5,3,9,17,0,0,20,4,24,0,5,23,13,41,46,24,70,111
01/23/2022,GTR,MS,ASO,ES,Federal Contract Tower,0,6,6,5,17,0,0,11,1,12,0,6,17,6,29,4,0,4,33
01/24/2022,GTR,MS,ASO,ES,Federal Contract Tower,0,8,6,32,46,0,2,24,32,58,0,10,30,64,104,36,82,118,222
01/25/2022,GTR,MS,ASO,ES,Federal Contract Tower,0,5,3,29,37,0,2,3,24,29,0,7,6,53,66,0,42,42,108
01/26/2022,GTR,MS,ASO,ES,Federal Contract Tower,0,6,11,38,55,0,2,1,22,25,0,8,12,60,80,2,58,60,140
01/27/2022,GTR,MS,ASO,ES,Federal Contract Tower,0,5,8,58,71,0,2,8,46,56,0,7,16,104,127,2,150,152,279
01/28/2022,GTR,MS,ASO,ES,Federal Contract Tower,0,9,6,40,55,0,2,6,23,31,0,11,12,63,86,8,146,154,240
01/29/2022,GTR,MS,ASO,ES,Federal Contract Tower,2,4,4,19,29,0,2,11,19,32,2,6,15,38,61,2,26,28,89
01/30/2022,GTR,MS,ASO,ES,Federal Contract Tower,2,6,0,16,24,0,2,6,7,15,2,8,6,23,39,10,38,48,87
01/31/2022,GTR,MS,ASO,ES,Federal Contract Tower,0,10,6,25,41,0,4,23,29,56,0,14,29,54,97,44,70,114,211
02/01/2022,GTR,MS,ASO,ES,Federal Contract Tower,0,7,7,31,45,0,8,10,26,44,0,15,17,57,89,10,96,106,195
02/02/2022,GTR,MS,ASO,ES,Federal Contract Tower,0,7,2,8,17,0,0,0,0,0,0,7,2,8,17,0,0,0,17
02/03/2022,GTR,MS,ASO,ES,Federal Contract Tower,0,7,0,0,7,0,0,0,0,0,0,7,0,0,7,0,0,0,7
02/04/2022,GTR,MS,ASO,ES,Federal Contract Tower,0,7,3,1,11,0,0,0,0,0,0,7,3,1,11,0,0,0,11
02/05/2022,GTR,MS,ASO,ES,Federal Contract Tower,0,3,0,2,5,0,2,14,0,16,0,5,14,2,21,24,16,40,61
02/06/2022,GTR,MS,ASO,ES,Federal Contract Tower,0,6,2,0,8,0,2,10,1,13,0,8,12,1,21,10,0,10,31
02/07/2022,GTR,MS,ASO,ES,Federal Contract Tower,0,7,6,36,49,0,3,21,31,55,0,10,27,67,104,10,96,106,210
02/08/2022,GTR,MS,ASO,ES,Federal Contract Tower,2,5,0,25,32,0,4,42,24,70,2,9,42,49,102,24,82,106,208
02/09/2022,GTR,MS,ASO,ES,Federal Contract Tower,2,8,5,47,62,0,0,18,29,47,2,8,23,76,109,22,108,130,239
02/10/2022,GTR,MS,ASO,ES,Federal Contract Tower,1,5,3,32,41,0,2,24,27,53,1,7,27,59,94,12,114,126,220
02/11/2022,GTR,MS,ASO,ES,Federal Contract Tower,0,11,2,31,44,0,2,16,32,50,0,13,18,63,94,37,126,163,257
02/12/2022,GTR,MS,ASO,ES,Federal Contract Tower,0,8,3,15,26,0,2,17,1,20,0,10,20,16,46,62,12,74,120
02/13/2022,GTR,MS,ASO,ES,Federal Contract Tower,0,4,2,7,13,0,0,9,8,17,0,4,11,15,30,22,18,40,70
02/14/2022,GTR,MS,ASO,ES,Federal Contract Tower,0,8,1,27,36,0,0,40,9,49,0,8,41,36,85,18,44,62,147
02/15/2022,GTR,MS,ASO,ES,Federal Contract Tower,0,5,9,25,39,0,0,15,29,44,0,5,24,54,83,10,74,84,167
02/16/2022,GTR,MS,ASO,ES,Federal Contract Tower,0,6,5,48,59,0,3,11,40,54,0,9,16,88,113,20,144,164,277
02/17/2022,GTR,MS,ASO,ES,Federal Contract Tower,0,5,6,14,25,0,0,0,0,0,0,5,6,14,25,0,0,0,25
02/18/2022,GTR,MS,ASO,ES,Federal Contract Tower,2,5,11,47,65,0,0,9,16,25,2,5,20,63,90,4,66,70,160
02/19/2022,GTR,MS,ASO,ES,Federal Contract Tower,0,6,2,12,20,0,2,17,2,21,0,8,19,14,41,24,24,48,89
02/20/2022,GTR,MS,ASO,ES,Federal Contract Tower,0,5,3,6,14,0,0,17,3,20,0,5,20,9,34,76,18,94,128
02/21/2022,GTR,MS,ASO,ES,Federal Contract Tower,0,7,5,9,21,0,0,0,0,0,0,7,5,9,21,0,0,0,21
02/22/2022,GTR,MS,ASO,ES,Federal Contract Tower,0,6,3,36,45,0,0,7,15,22,0,6,10,51,67,24,44,68,135
02/23/2022,GTR,MS,ASO,ES,Federal Contract Tower,0,7,2,24,33,0,0,0,0,0,0,7,2,24,33,0,0,0,33
02/24/2022,GTR,MS,ASO,ES,Federal Contract Tower,0,7,3,44,54,0,0,0,2,2,0,7,3,46,56,0,24,24,80
02/25/2022,GTR,MS,ASO,ES,Federal Contract Tower,2,9,2,74,87,0,2,10,30,42,2,11,12,104,129,16,82,98,227
02/26/2022,GTR,MS,ASO,ES,Federal Contract Tower,2,5,1,6,14,0,0,25,0,25,2,5,26,6,39,64,2,66,105
02/27/2022,GTR,MS,ASO,ES,Federal Contract Tower,0,7,8,13,28,0,0,0,0,0,0,7,8,13,28,2,6,8,36
02/28/2022,GTR,MS,ASO,ES,Federal Contract Tower,0,5,13,22,40,0,0,20,24,44,0,5,33,46,84,19,38,57,141
03/01/2022,GTR,MS,ASO,ES,Federal Contract Tower,0,5,11,30,46,0,2,32,20,54,0,7,43,50,100,22,58,80,180
03/02/2022,GTR,MS,ASO,ES,Federal Contract Tower,0,5,3,17,25,0,1,31,33,65,0,6,34,50,90,52,186,238,328
03/03/2022,GTR,MS,ASO,ES,Federal Contract Tower,0,5,10,27,42,0,0,28,20,48,0,5,38,47,90,18,88,106,196
03/04/2022,GTR,MS,ASO,ES,Federal Contract Tower,0,12,5,27,44,0,4,43,28,75,0,16,48,55,119,14,140,154,273
03/05/2022,GTR,MS,ASO,ES,Federal Contract Tower,0,3,0,13,16,0,6,16,4,26,0,9,16,17,42,10,16,26,68
03/06/2022,GTR,MS,ASO,ES,Federal Contract Tower,0,6,6,24,36,0,6,17,8,31,0,12,23,32,67,34,44,78,145
03/07/2022,GTR,MS,ASO,ES,Federal Contract Tower,0,10,8,29,47,0,0,1,2,3,0,10,9,31,50,0,24,24,74
03/08/2022,GTR,MS,ASO,ES,Federal Contract Tower,0,12,5,32,49,0,0,1,11,12,0,12,6,43,61,4,24,28,89
03/09/2022,GTR,MS,ASO,ES,Federal Contract Tower,0,12,5,32,49,0,1,1,16,18,0,13,6,48,67,0,48,48,115
03/10/2022,GTR,MS,ASO,ES,Federal Contract Tower,0,11,7,24,42,0,0,49,20,69,0,11,56,44,111,41,52,93,204
03/11/2022,GTR,MS,ASO,ES,Federal Contract Tower,0,14,4,33,51,0,3,27,21,51,0,17,31,54,102,52,94,146,248
03/12/2022,GTR,MS,ASO,ES,Federal Contract Tower,0,6,2,2,10,0,0,0,2,2,0,6,2,4,12,0,0,0,12
03/13/2022,GTR,MS,ASO,ES,Federal Contract Tower,0,5,2,15,22,0,0,5,8,13,0,5,7,23,35,8,22,30,65
03/14/2022,GTR,MS,ASO,ES,Federal Contract Tower,0,10,1,24,35,0,0,9,22,31,0,10,10,46,66,2,56,58,124
03/15/2022,GTR,MS,ASO,ES,Federal Contract Tower,0,9,7,9,25,0,0,4,0,4,0,9,11,9,29,0,0,0,29
03/16/2022,GTR,MS,ASO,ES,Federal Contract Tower,0,5,6,23,34,0,0,16,12,28,0,5,22,35,62,26,38,64,126
03/17/2022,GTR,MS,ASO,ES,Federal Contract Tower,2,4,3,26,35,0,1,20,22,43,2,5,23,48,78,18,102,120,198
03/18/2022,GTR,MS,ASO,ES,Federal Contract Tower,0,8,3,30,41,0,2,4,23,29,0,10,7,53,70,0,106,106,176
03/19/2022,GTR,MS,ASO,ES,Federal Contract Tower,0,3,7,6,16,0,2,6,2,10,0,5,13,8,26,2,52,54,80
03/20/2022,GTR,MS,ASO,ES,Federal Contract Tower,2,5,1,7,15,0,2,22,4,28,2,7,23,11,43,20,12,32,75
03/21/2022,GTR,MS,ASO,ES,Federal Contract Tower,0,7,3,25,35,0,2,9,16,27,0,9,12,41,62,6,86,92,154
03/22/2022,GTR,MS,ASO,ES,Federal Contract Tower,0,5,2,7,14,0,0,0,3,3,0,5,2,10,17,0,6,6,23
03/23/2022,GTR,MS,ASO,ES,Federal Contract Tower,0,9,3,15,27,0,1,5,14,20,0,10,8,29,47,2,38,40,87
03/24/2022,GTR,MS,ASO,ES,Federal Contract Tower,0,9,11,38,58,0,2,23,29,54,0,11,34,67,112,12,70,82,194
03/25/2022,GTR,MS,ASO,ES,Federal Contract Tower,0,8,5,27,40,0,0,44,17,61,0,8,49,44,101,2,118,120,221
03/26/2022,GTR,MS,ASO,ES,Federal Contract Tower,0,5,5,5,15,0,2,39,4,45,0,7,44,9,60,58,24,82,142
03/27/2022,GTR,MS,ASO,ES,Federal Contract Tower,0,11,6,13,30,0,3,37,4,44,0,14,43,17,74,60,6,66,140
03/28/2022,GTR,MS,ASO,ES,Federal Contract Tower,0,6,8,34,48,0,1,52,7,60,0,7,60,41,108,32,22,54,162
03/29/2022,GTR,MS,ASO,ES,Federal Contract Tower,0,7,6,3,16,0,0,21,0,21,0,7,27,3,37,34,16,50,87
03/30/2022,GTR,MS,ASO,ES,Federal Contract Tower,0,5,0,0,5,0,0,0,0,0,0,5,0,0,5,0,0,0,5
03/31/2022,GTR,MS,ASO,ES,Federal Contract Tower,2,13,7,4,26,0,0,26,3,29,2,13,33,7,55,52,8,60,115
04/01/2022,GTR,MS,ASO,ES,Federal Contract Tower,0,9,9,35,53,0,2,30,16,48,0,11,39,51,101,18,74,92,193
04/02/2022,GTR,MS,ASO,ES,Federal Contract Tower,0,4,2,3,9,0,0,31,1,32,0,4,33,4,41,28,0,28,69
04/03/2022,GTR,MS,ASO,ES,Federal Contract Tower,0,7,10,6,23,0,0,8,2,10,0,7,18,8,33,6,6,12,45
04/04/2022,GTR,MS,ASO,ES,Federal Contract Tower,0,4,11,17,32,0,2,31,15,48,0,6,42,32,80,28,56,84,164
04/05/2022,GTR,MS,ASO,ES,Federal Contract Tower,0,7,0,22,29,0,2,5,8,15,0,9,5,30,44,4,38,42,86
04/06/2022,GTR,MS,ASO,ES,Federal Contract Tower,0,7,6,33,46,0,0,5,7,12,0,7,11,40,58,2,69,71,129
04/07/2022,GTR,MS,ASO,ES,Federal Contract Tower,0,5,6,21,32,0,0,10,22,32,0,5,16,43,64,6,124,130,194
04/08/2022,GTR,MS,ASO,ES,Federal Contract Tower,0,9,6,38,53,0,1,4,17,22,0,10,10,55,75,2,76,78,153
04/09/2022,GTR,MS,ASO,ES,Federal Contract Tower,0,5,8,14,27,0,0,23,4,27,0,5,31,18,54,46,22,68,122
04/10/2022,GTR,MS,ASO,ES,Federal Contract Tower,0,7,0,13,20,0,0,27,13,40,0,7,27,26,60,66,68,134,194
04/11/2022,GTR,MS,ASO,ES,Federal Contract Tower,0,9,3,37,49,0,2,15,22,39,0,11,18,59,88,8,110,118,206
04/12/2022,GTR,MS,ASO,ES,Federal Contract Tower,0,5,5,21,31,0,0,11,10,21,0,5,16,31,52,10,32,42,94
04/13/2022,GTR,MS,ASO,ES,Federal Contract Tower,0,7,11,26,44,0,0,2,29,31,0,7,13,55,75,0,58,58,133
04/14/2022,GTR,MS,ASO,ES,Federal Contract Tower,0,5,5,58,68,0,1,14,29,44,0,6,19,87,112,26,148,174,286
04/15/2022,GTR,MS,ASO,ES,Federal Contract Tower,0,5,4,18,27,0,0,13,10,23,0,5,17,28,50,2,38,40,90
04/16/2022,GTR,MS,ASO,ES,Federal Contract Tower,0,3,6,0,9,0,0,0,0,0,0,3,6,0,9,0,0,0,9
04/17/2022,GTR,MS,ASO,ES,Federal Contract Tower,0,7,2,0,9,0,0,0,0,0,0,7,2,0,9,0,0,0,9
04/18/2022,GTR,MS,ASO,ES,Federal Contract Tower,0,7,7,27,41,0,0,9,23,32,0,7,16,50,73,2,122,124,197
04/19/2022,GTR,MS,ASO,ES,Federal Contract Tower,0,7,6,27,40,0,0,33,27,60,0,7,39,54,100,40,58,98,198
04/20/2022,GTR,MS,ASO,ES,Federal Contract Tower,0,10,7,50,67,0,0,5,28,33,0,10,12,78,100,2,88,90,190
04/21/2022,GTR,MS,ASO,ES,Federal Contract Tower,0,5,6,25,36,0,0,39,27,66,0,5,45,52,102,14,82,96,198
04/22/2022,GTR,MS,ASO,ES,Federal Contract Tower,0,7,12,37,56,0,0,26,31,57,0,7,38,68,113,6,86,92,205
04/23/2022,GTR,MS,ASO,ES,Federal Contract Tower,0,5,12,12,29,0,0,9,8,17,0,5,21,20,46,4,18,22,68
04/24/2022,GTR,MS,ASO,ES,Federal Contract Tower,0,5,6,6,17,0,0,13,6,19,0,5,19,12,36,26,4,30,66
04/25/2022,GTR,MS,ASO,ES,Federal Contract Tower,0,8,6,44,58,0,0,5,25,30,0,8,11,69,88,10,121,131,219
04/26/2022,GTR,MS,ASO,ES,Federal Contract Tower,0,10,2,31,43,0,0,12,22,34,0,10,14,53,77,0,82,82,159
04/27/2022,GTR,MS,ASO,ES,Federal Contract Tower,0,6,3,21,30,0,2,16,16,34,0,8,19,37,64,6,76,82,146
04/28/2022,GTR,MS,ASO,ES,Federal Contract Tower,2,8,3,27,40,0,4,20,23,47,2,12,23,50,87,38,67,105,192
04/29/2022,GTR,MS,ASO,ES,Federal Contract Tower,0,8,8,36,52,0,3,24,48,75,0,11,32,84,127,6,332,338,465
04/30/2022,GTR,MS,ASO,ES,Federal Contract Tower,0,5,2,15,22,0,1,5,1,7,0,6,7,16,29,10,24,34,63
05/01/2022,GTR,MS,ASO,ES,Federal Contract Tower,1,5,4,6,16,0,2,11,10,23,1,7,15,16,39,8,18,26,65
05/02/2022,GTR,MS,ASO,ES,Federal Contract Tower,0,5,5,10,20,0,4,9,9,22,0,9,14,19,42,26,54,80,122
05/03/2022,GTR,MS,ASO,ES,Federal Contract Tower,0,5,5,13,23,0,0,15,9,24,0,5,20,22,47,46,26,72,119
05/04/2022,GTR,MS,ASO,ES,Federal Contract Tower,0,7,10,19,36,0,2,22,23,47,0,9,32,42,83,42,64,106,189
05/05/2022,GTR,MS,ASO,ES,Federal Contract Tower,0,4,9,30,43,0,5,10,25,40,0,9,19,55,83,20,146,166,249
05/06/2022,GTR,MS,ASO,ES,Federal Contract Tower,0,11,6,21,38,0,3,1,14,18,0,14,7,35,56,4,34,38,94
05/07/2022,GTR,MS,ASO,ES,Federal Contract Tower,0,6,6,3,15,0,1,13,1,15,0,7,19,4,30,6,10,16,46
05/08/2022,GTR,MS,ASO,ES,Federal Contract Tower,0,10,1,1,12,0,4,3,0,7,0,14,4,1,19,30,0,30,49
05/09/2022,GTR,MS,ASO,ES,Federal Contract Tower,0,5,7,30,42,0,2,14,21,37,0,7,21,51,79,28,100,128,207
05/10/2022,GTR,MS,ASO,ES,Federal Contract Tower,0,9,5,29,43,0,1,20,21,42,0,10,25,50,85,40,66,106,191
05/11/2022,GTR,MS,ASO,ES,Federal Contract Tower,0,5,6,35,46,0,3,23,23,49,0,8,29,58,95,38,72,110,205
05/12/2022,GTR,MS,ASO,ES,Federal Contract Tower,1,10,9,30,50,0,2,6,15,23,1,12,15,45,73,22,102,124,197
05/13/2022,GTR,MS,ASO,ES,Federal Contract Tower,0,6,10,52,68,0,0,12,30,42,0,6,22,82,110,6,154,160,270
05/14/2022,GTR,MS,ASO,ES,Federal Contract Tower,0,5,3,16,24,0,0,11,3,14,0,5,14,19,38,2,12,14,52
05/15/2022,GTR,MS,ASO,ES,Federal Contract Tower,2,6,4,19,31,0,1,11,7,19,2,7,15,26,50,12,30,42,92
05/16/2022,GTR,MS,ASO,ES,Federal Contract Tower,0,7,3,35,45,0,4,42,29,75,0,11,45,64,120,46,132,178,298
05/17/2022,GTR,MS,ASO,ES,Federal Contract Tower,0,11,5,19,35,0,2,25,15,42,0,13,30,34,77,34,72,106,183
05/18/2022,GTR,MS,ASO,ES,Federal Contract Tower,0,14,5,31,50,0,3,28,22,53,0,17,33,53,103,32,62,94,197
05/19/2022,GTR,MS,ASO,ES,Federal Contract Tower,0,11,4,30,45,0,2,9,24,35,0,13,13,54,80,0,68,68,148
05/20/2022,GTR,MS,ASO,ES,Federal Contract Tower,0,8,4,32,44,0,2,15,15,32,0,10,19,47,76,10,82,92,168
05/21/2022,GTR,MS,ASO,ES,Federal Contract Tower,0,7,3,22,32,0,3,9,23,35,0,10,12,45,67,4,86,90,157
05/22/2022,GTR,MS,ASO,ES,Federal Contract Tower,0,6,0,13,19,0,0,2,11,13,0,6,2,24,32,2,36,38,70
05/23/2022,GTR,MS,ASO,ES,Federal Contract Tower,0,12,10,45,67,0,3,22,14,39,0,15,32,59,106,26,98,124,230
05/24/2022,GTR,MS,ASO,ES,Federal Contract Tower,0,7,5,40,52,0,2,5,15,22,0,9,10,55,74,0,44,44,118
05/25/2022,GTR,MS,ASO,ES,Federal Contract Tower,0,5,2,13,20,0,0,0,7,7,0,5,2,20,27,0,14,14,41
05/26/2022,GTR,MS,ASO,ES,Federal Contract Tower,0,5,2,21,28,0,4,10,12,26,0,9,12,33,54,8,58,66,120
05/27/2022,GTR,MS,ASO,ES,Federal Contract Tower,0,6,2,0,8,0,3,26,1,30,0,9,28,1,38,20,6,26,64
05/28/2022,GTR,MS,ASO,ES,Federal Contract Tower,0,5,1,0,6,0,0,8,0,8,0,5,9,0,14,16,0,16,30
05/29/2022,GTR,MS,ASO,ES,Federal Contract Tower,0,5,0,4,9,0,2,8,4,14,0,7,8,8,23,2,0,2,25
05/30/2022,GTR,MS,ASO,ES,Federal Contract Tower,0,4,3,0,7,0,3,9,0,12,0,7,12,0,19,0,0,0,19
05/31/2022,GTR,MS,ASO,ES,Federal Contract Tower,0,6,6,44,56,0,4,4,37,45,0,10,10,81,101,0,158,158,259
06/01/2022,GTR,MS,ASO,ES,Federal Contract Tower,0,7,5,41,53,0,8,22,27,57,0,15,27,68,110,16,128,144,254
06/02/2022,GTR,MS,ASO,ES,Federal Contract Tower,0,6,4,19,29,0,7,4,2,13,0,13,8,21,42,0,16,16,58
06/03/2022,GTR,MS,ASO,ES,Federal Contract Tower,0,11,5,28,44,0,0,11,17,28,0,11,16,45,72,4,56,60,132
06/04/2022,GTR,MS,ASO,ES,Federal Contract Tower,0,4,1,12,17,0,1,14,6,21,0,5,15,18,38,0,40,40,78
06/05/2022,GTR,MS,ASO,ES,Federal Contract Tower,0,5,4,5,14,0,3,4,8,15,0,8,8,13,29,4,28,32,61
06/06/2022,GTR,MS,ASO,ES,Federal Contract Tower,0,8,8,24,40,0,4,20,27,51,0,12,28,51,91,12,112,124,215
06/07/2022,GTR,MS,ASO,ES,Federal Contract Tower,0,5,5,19,29,0,1,26,24,51,0,6,31,43,80,22,96,118,198
06/08/2022,GTR,MS,ASO,ES,Federal Contract Tower,0,8,4,35,47,0,2,125,37,164,0,10,129,72,211,8,150,158,369
06/09/2022,GTR,MS,ASO,ES,Federal Contract Tower,0,7,17,37,61,0,0,33,11,44,0,7,50,48,105,0,37,37,142
06/10/2022,GTR,MS,ASO,ES,Federal Contract Tower,0,8,3,29,40,0,5,7,22,34,0,13,10,51,74,0,116,116,190
06/11/2022,GTR,MS,ASO,ES,Federal Contract Tower,0,6,6,18,30,0,0,7,8,15,0,6,13,26,45,16,60,76,121
06/12/2022,GTR,MS,ASO,ES,Federal Contract Tower,0,6,2,14,22,0,0,4,6,10,0,6,6,20,32,0,16,16,48
06/13/2022,GTR,MS,ASO,ES,Federal Contract Tower,0,8,4,33,45,0,3,12,31,46,0,11,16,64,91,4,116,120,211
06/14/2022,GTR,MS,ASO,ES,Federal Contract Tower,0,7,4,15,26,0,7,18,17,42,0,14,22,32,68,46,38,84,152
06/15/2022,GTR,MS,ASO,ES,Federal Contract Tower,0,7,6,22,35,0,3,65,21,89,0,10,71,43,124,56,92,148,272
06/16/2022,GTR,MS,ASO,ES,Federal Contract Tower,0,8,11,24,43,0,8,8,22,38,0,16,19,46,81,32,87,119,200
06/17/2022,GTR,MS,ASO,ES,Federal Contract Tower,0,11,0,15,26,0,0,5,11,16,0,11,5,26,42,2,26,28,70
06/18/2022,GTR,MS,ASO,ES,Federal Contract Tower,0,6,1,2,9,0,3,12,1,16,0,9,13,3,25,8,6,14,39
06/19/2022,GTR,MS,ASO,ES,Federal Contract Tower,0,4,4,3,11,0,0,11,2,13,0,4,15,5,24,8,34,42,66
06/20/2022,GTR,MS,ASO,ES,Federal Contract Tower,0,7,6,3,16,0,3,19,3,25,0,10,25,6,41,0,20,20,61
06/21/2022,GTR,MS,ASO,ES,Federal Contract Tower,0,5,5,35,45,0,1,21,32,54,0,6,26,67,99,12,100,112,211
06/22/2022,GTR,MS,ASO,ES,Federal Contract Tower,0,7,3,29,39,0,2,18,34,54,0,9,21,63,93,10,88,98,191
06/23/2022,GTR,MS,ASO,ES,Federal Contract Tower,0,5,8,28,41,0,3,30,26,59,0,8,38,54,100,16,56,72,172
06/24/2022,GTR,MS,ASO,ES,Federal Contract Tower,0,7,5,28,40,0,3,18,20,41,0,10,23,48,81,2,72,74,155
06/25/2022,GTR,MS,ASO,ES,Federal Contract Tower,0,3,5,1,9,0,2,25,7,34,0,5,30,8,43,2,14,16,59
06/26/2022,GTR,MS,ASO,ES,Federal Contract Tower,0,6,5,17,28,0,0,7,10,17,0,6,12,27,45,0,22,22,67
06/27/2022,GTR,MS,ASO,ES,Federal Contract Tower,0,7,11,37,55,0,2,6,20,28,0,9,17,57,83,10,100,110,193
06/28/2022,GTR,MS,ASO,ES,Federal Contract Tower,0,9,4,31,44,0,9,22,22,53,0,18,26,53,97,60,120,180,277
06/29/2022,GTR,MS,ASO,ES,Federal Contract Tower,0,7,11,38,56,0,2,32,34,68,0,9,43,72,124,56,130,186,310
06/30/2022,GTR,MS,ASO,ES,Federal Contract Tower,0,11,9,39,59,0,5,10,13,28,0,16,19,52,87,18,52,70,157
07/01/2022,GTR,MS,ASO,ES,Federal Contract Tower,0,6,8,0,14,0,3,26,14,43,0,9,34,14,57,0,0,0,57
07/02/2022,GTR,MS,ASO,ES,Federal Contract Tower,0,4,0,0,4,0,6,3,0,9,0,10,3,0,13,0,0,0,13
07/03/2022,GTR,MS,ASO,ES,Federal Contract Tower,0,3,0,0,3,0,2,1,0,3,0,5,1,0,6,0,0,0,6
07/04/2022,GTR,MS,ASO,ES,Federal Contract Tower,0,3,0,0,3,0,2,0,0,2,0,5,0,0,5,0,0,0,5
07/05/2022,GTR,MS,ASO,ES,Federal Contract Tower,0,9,1,59,69,0,0,25,33,58,0,9,26,92,127,4,128,132,259
07/06/2022,GTR,MS,ASO,ES,Federal Contract Tower,0,3,7,44,54,0,5,21,32,58,0,8,28,76,112,4,122,126,238
07/07/2022,GTR,MS,ASO,ES,Federal Contract Tower,0,3,4,27,34,0,6,9,24,39,0,9,13,51,73,18,98,116,189
07/08/2022,GTR,MS,ASO,ES,Federal Contract Tower,0,3,1,36,40,0,0,28,21,49,0,3,29,57,89,0,64,64,153
07/09/2022,GTR,MS,ASO,ES,Federal Contract Tower,0,5,3,4,12,0,2,11,2,15,0,7,14,6,27,0,32,32,59
07/10/2022,GTR,MS,ASO,ES,Federal Contract Tower,0,8,2,6,16,0,0,2,0,2,0,8,4,6,18,14,0,14,32
07/11/2022,GTR,MS,ASO,ES,Federal Contract Tower,0,6,3,38,47,0,2,24,29,55,0,8,27,67,102,16,96,112,214
07/12/2022,GTR,MS,ASO,ES,Federal Contract Tower,0,6,6,27,39,0,4,5,16,25,0,10,11,43,64,0,82,82,146
07/13/2022,GTR,MS,ASO,ES,Federal Contract Tower,0,7,3,23,33,0,0,12,8,20,0,7,15,31,53,12,104,116,169
07/14/2022,GTR,MS,ASO,ES,Federal Contract Tower,0,5,10,31,46,0,4,33,36,73,0,9,43,67,119,36,216,252,371
07/15/2022,GTR,MS,ASO,ES,Federal Contract Tower,0,5,5,26,36,0,2,15,24,41,0,7,20,50,77,8,54,62,139
07/16/2022,GTR,MS,ASO,ES,Federal Contract Tower,0,3,5,12,20,0,0,9,6,15,0,3,14,18,35,2,36,38,73
07/17/2022,GTR,MS,ASO,ES,Federal Contract Tower,0,7,2,12,21,0,1,8,2,11,0,8,10,14,32,20,2,22,54
07/18/2022,GTR,MS,ASO,ES,Federal Contract Tower,0,7,0,18,25,0,2,7,11,20,0,9,7,29,45,0,70,70,115
07/19/2022,GTR,MS,ASO,ES,Federal Contract Tower,0,6,4,24,34,0,0,16,11,27,0,6,20,35,61,4,66,70,131
07/20/2022,GTR,MS,ASO,ES,Federal Contract Tower,0,8,10,16,34,0,7,33,19,59,0,15,43,35,93,56,34,90,183
07/21/2022,GTR,MS,ASO,ES,Federal Contract Tower,0,8,3,29,40,0,2,20,23,45,0,10,23,52,85,8,82,90,175
07/22/2022,GTR,MS,ASO,ES,Federal Contract Tower,0,5,3,47,55,0,4,26,18,48,0,9,29,65,103,24,50,74,177
07/23/2022,GTR,MS,ASO,ES,Federal Contract Tower,0,3,1,20,24,0,5,11,7,23,0,8,12,27,47,12,24,36,83
07/24/2022,GTR,MS,ASO,ES,Federal Contract Tower,0,3,3,8,14,0,1,15,5,21,0,4,18,13,35,4,4,8,43
07/25/2022,GTR,MS,ASO,ES,Federal Contract Tower,0,7,4,41,52,0,1,14,23,38,0,8,18,64,90,20,128,148,238
07/26/2022,GTR,MS,ASO,ES,Federal Contract Tower,0,5,10,30,45,0,1,16,14,31,0,6,26,44,76,6,66,72,148
07/27/2022,GTR,MS,ASO,ES,Federal Contract Tower,0,6,8,21,35,0,1,29,21,51,0,7,37,42,86,18,60,78,164
07/28/2022,GTR,MS,ASO,ES,Federal Contract Tower,0,6,5,19,30,0,0,19,12,31,0,6,24,31,61,0,38,38,99
07/29/2022,GTR,MS,ASO,ES,Federal Contract Tower,0,7,4,23,34,0,1,9,16,26,0,8,13,39,60,0,27,27,87
07/30/2022,GTR,MS,ASO,ES,Federal Contract Tower,0,1,6,2,9,0,0,4,0,4,0,1,10,2,13,0,0,0,13
07/31/2022,GTR,MS,ASO,ES,Federal Contract Tower,0,7,5,8,20,0,4,3,2,9,0,11,8,10,29,14,22,36,65
08/01/2022,GTR,MS,ASO,ES,Federal Contract Tower,0,6,5,40,51,0,0,22,27,49,0,6,27,67,100,10,84,94,194
08/02/2022,GTR,MS,ASO,ES,Federal Contract Tower,0,7,4,20,31,0,0,13,13,26,0,7,17,33,57,4,74,78,135
08/03/2022,GTR,MS,ASO,ES,Federal Contract Tower,0,4,6,33,43,0,0,9,13,22,0,4,15,46,65,8,62,70,135
08/04/2022,GTR,MS,ASO,ES,Federal Contract Tower,0,6,6,48,60,0,1,21,22,44,0,7,27,70,104,4,122,126,230
08/05/2022,GTR,MS,ASO,ES,Federal Contract Tower,0,7,6,35,48,0,1,13,31,45,0,8,19,66,93,4,84,88,181
08/06/2022,GTR,MS,ASO,ES,Federal Contract Tower,0,3,5,2,10,0,2,16,2,20,0,5,21,4,30,4,32,36,66
08/07/2022,GTR,MS,ASO,ES,Federal Contract Tower,0,5,8,2,15,0,0,2,4,6,0,5,10,6,21,0,34,34,55
08/08/2022,GTR,MS,ASO,ES,Federal Contract Tower,0,5,6,58,69,0,0,18,50,68,0,5,24,108,137,10,130,140,277
08/09/2022,GTR,MS,ASO,ES,Federal Contract Tower,0,5,11,36,52,0,0,13,10,23,0,5,24,46,75,0,24,24,99
08/10/2022,GTR,MS,ASO,ES,Federal Contract Tower,0,5,13,26,44,0,0,4,9,13,0,5,17,35,57,2,24,26,83
08/11/2022,GTR,MS,ASO,ES,Federal Contract Tower,0,5,13,27,45,0,0,4,7,11,0,5,17,34,56,12,40,52,108
08/12/2022,GTR,MS,ASO,ES,Federal Contract Tower,0,8,14,38,60,0,5,13,30,48,0,13,27,68,108,0,92,92,200
08/13/2022,GTR,MS,ASO,ES,Federal Contract Tower,1,4,6,21,32,0,3,14,9,26,1,7,20,30,58,10,62,72,130
08/14/2022,GTR,MS,ASO,ES,Federal Contract Tower,0,7,4,21,32,0,2,8,11,21,0,9,12,32,53,2,42,44,97
08/15/2022,GTR,MS,ASO,ES,Federal Contract Tower,0,4,6,23,33,0,4,6,21,31,0,8,12,44,64,6,84,90,154
08/16/2022,GTR,MS,ASO,ES,Federal Contract Tower,0,12,9,41,62,0,3,24,21,48,0,15,33,62,110,8,94,102,212
08/17/2022,GTR,MS,ASO,ES,Federal Contract Tower,0,5,9,10,24,0,1,1,5,7,0,6,10,15,31,2,10,12,43
08/18/2022,GTR,MS,ASO,ES,Federal Contract Tower,0,9,10,26,45,0,11,21,25,57,0,20,31,51,102,10,82,92,194
08/19/2022,GTR,MS,ASO,ES,Federal Contract Tower,0,12,7,40,59,0,1,10,21,32,0,13,17,61,91,6,84,90,181
08/20/2022,GTR,MS,ASO,ES,Federal Contract Tower,0,5,4,0,9,0,1,3,0,4,0,6,7,0,13,2,0,2,15
08/21/2022,GTR,MS,ASO,ES,Federal Contract Tower,0,9,0,0,9,0,0,0,0,0,0,9,0,0,9,0,0,0,9
08/22/2022,GTR,MS,ASO,ES,Federal Contract Tower,0,6,2,22,30,0,0,0,0,0,0,6,2,22,30,0,22,22,52
08/23/2022,GTR,MS,ASO,ES,Federal Contract Tower,0,7,1,12,20,0,0,0,2,2,0,7,1,14,22,0,12,12,34
08/24/2022,GTR,MS,ASO,ES,Federal Contract Tower,0,8,8,15,31,0,4,10,5,19,0,12,18,20,50,22,40,62,112
08/25/2022,GTR,MS,ASO,ES,Federal Contract Tower,0,5,6,43,54,0,0,7,18,25,0,5,13,61,79,6,60,66,145
08/26/2022,GTR,MS,ASO,ES,Federal Contract Tower,0,5,13,49,67,0,0,2,20,22,0,5,15,69,89,4,118,122,211
08/27/2022,GTR,MS,ASO,ES,Federal Contract Tower,0,3,3,14,20,0,0,32,11,43,0,3,35,25,63,4,22,26,89
08/28/2022,GTR,MS,ASO,ES,Federal Contract Tower,0,6,2,8,16,0,0,11,8,19,0,6,13,16,35,6,18,24,59
08/29/2022,GTR,MS,ASO,ES,Federal Contract Tower,0,12,4,27,43,0,7,28,17,52,0,19,32,44,95,30,70,100,195
08/30/2022,GTR,MS,ASO,ES,Federal Contract Tower,0,6,3,40,49,0,2,22,24,48,0,8,25,64,97,8,82,90,187
08/31/2022,GTR,MS,ASO,ES,Federal Contract Tower,0,8,3,34,45,0,3,35,21,59,0,11,38,55,104,22,56,78,182
09/01/2022,GTR,MS,ASO,ES,Federal Contract Tower,0,5,6,32,43,0,9,29,29,67,0,14,35,61,110,0,114,114,224
09/02/2022,GTR,MS,ASO,ES,Federal Contract Tower,0,5,3,12,20,0,3,28,11,42,0,8,31,23,62,8,28,36,98
09/03/2022,GTR,MS,ASO,ES,Federal Contract Tower,0,4,2,2,8,0,6,3,0,9,0,10,5,2,17,2,0,2,19
09/04/2022,GTR,MS,ASO,ES,Federal Contract Tower,0,3,2,0,5,0,0,5,0,5,0,3,7,0,10,4,0,4,14
09/05/2022,GTR,MS,ASO,ES,Federal Contract Tower,0,5,5,8,18,0,0,3,0,3,0,5,8,8,21,0,0,0,21
09/06/2022,GTR,MS,ASO,ES,Federal Contract Tower,0,4,0,65,69,0,0,0,0,0,0,4,0,65,69,0,154,154,223
09/07/2022,GTR,MS,ASO,ES,Federal Contract Tower,0,4,11,31,46,0,0,9,16,25,0,4,20,47,71,10,174,184,255
09/08/2022,GTR,MS,ASO,ES,Federal Contract Tower,0,6,9,20,35,0,4,12,31,47,0,10,21,51,82,8,68,76,158
09/09/2022,GTR,MS,ASO,ES,Federal Contract Tower,2,3,4,40,49,0,2,10,10,22,2,5,14,50,71,2,94,96,167
09/11/2022,GTR,MS,ASO,ES,Federal Contract Tower,2,11,4,8,25,0,0,6,0,6,2,11,10,8,31,8,0,8,39
09/12/2022,GTR,MS,ASO,ES,Federal Contract Tower,0,5,5,47,57,0,0,18,35,53,0,5,23,82,110,6,96,102,212
09/13/2022,GTR,MS,ASO,ES,Federal Contract Tower,0,9,7,36,52,0,4,47,30,81,0,13,54,66,133,10,66,76,209
09/14/2022,GTR,MS,ASO,ES,Federal Contract Tower,0,8,3,40,51,0,5,12,27,44,0,13,15,67,95,8,74,82,177
09/15/2022,GTR,MS,ASO,ES,Federal Contract Tower,0,7,7,37,51,0,20,18,36,74,0,27,25,73,125,14,142,156,281
09/16/2022,GTR,MS,ASO,ES,Federal Contract Tower,2,6,6,32,46,0,3,8,19,30,2,9,14,51,76,4,60,64,140
09/17/2022,GTR,MS,ASO,ES,Federal Contract Tower,0,4,5,5,14,0,0,11,3,14,0,4,16,8,28,0,16,16,44
09/18/2022,GTR,MS,ASO,ES,Federal Contract Tower,0,7,8,7,22,0,2,7,3,12,0,9,15,10,34,6,4,10,44
09/19/2022,GTR,MS,ASO,ES,Federal Contract Tower,0,7,6,52,65,0,4,26,32,62,0,11,32,84,127,6,106,112,239
09/20/2022,GTR,MS,ASO,ES,Federal Contract Tower,0,5,2,77,84,0,1,33,38,72,0,6,35,115,156,12,164,176,332
09/21/2022,GTR,MS,ASO,ES,Federal Contract Tower,0,5,8,57,70,0,3,36,34,73,0,8,44,91,143,0,122,122,265
09/23/2022,GTR,MS,ASO,ES,Federal Contract Tower,1,10,7,30,48,0,1,17,30,48,1,11,24,60,96,16,80,96,192
09/24/2022,GTR,MS,ASO,ES,Federal Contract Tower,0,7,2,19,28,0,6,13,10,29,0,13,15,29,57,6,44,50,107
09/25/2022,GTR,MS,ASO,ES,Federal Contract Tower,0,5,3,6,14,0,4,6,4,14,0,9,9,10,28,8,4,12,40
09/26/2022,GTR,MS,ASO,ES,Federal Contract Tower,0,7,3,32,42,0,3,22,18,43,0,10,25,50,85,8,64,72,157
09/27/2022,GTR,MS,ASO,ES,Federal Contract Tower,0,5,2,36,43,0,2,31,32,65,0,7,33,68,108,24,96,120,228
09/28/2022,GTR,MS,ASO,ES,Federal Contract Tower,0,10,5,39,54,0,4,14,27,45,0,14,19,66,99,4,124,128,227
09/29/2022,GTR,MS,ASO,ES,Federal Contract Tower,0,10,9,20,39,0,4,9,24,37,0,14,18,44,76,6,50,56,132
09/30/2022,GTR,MS,ASO,ES,Federal Contract Tower,0,11,12,22,45,0,2,9,24,35,0,13,21,46,80,12,56,68,148
10/01/2022,GTR,MS,ASO,ES,Federal Contract Tower,4,8,6,2,20,0,2,5,0,7,4,10,11,2,27,2,0,2,29
10/02/2022,GTR,MS,ASO,ES,Federal Contract Tower,0,9,11,8,28,0,0,7,5,12,0,9,18,13,40,2,18,20,60
10/03/2022,GTR,MS,ASO,ES,Federal Contract Tower,0,5,15,49,69,0,6,15,29,50,0,11,30,78,119,10,84,94,213
10/04/2022,GTR,MS,ASO,ES,Federal Contract Tower,1,5,4,36,46,0,0,19,30,49,1,5,23,66,95,12,94,106,201
10/05/2022,GTR,MS,ASO,ES,Federal Contract Tower,0,5,5,47,57,0,0,22,31,53,0,5,27,78,110,6,94,100,210
10/06/2022,GTR,MS,ASO,ES,Federal Contract Tower,0,7,4,40,51,0,0,20,26,46,0,7,24,66,97,0,64,64,161
10/07/2022,GTR,MS,ASO,ES,Federal Contract Tower,2,7,9,33,51,0,0,13,27,40,2,7,22,60,91,20,66,86,177
10/08/2022,GTR,MS,ASO,ES,Federal Contract Tower,2,5,2,3,12,0,1,18,1,20,2,6,20,4,32,8,2,10,42
10/09/2022,GTR,MS,ASO,ES,Federal Contract Tower,0,10,2,5,17,0,0,11,1,12,0,10,13,6,29,0,8,8,37
10/10/2022,GTR,MS,ASO,ES,Federal Contract Tower,0,5,5,4,14,0,0,12,3,15,0,5,17,7,29,4,14,18,47
10/11/2022,GTR,MS,ASO,ES,Federal Contract Tower,0,5,6,31,42,0,0,12,25,37,0,5,18,56,79,6,100,106,185
10/12/2022,GTR,MS,ASO,ES,Federal Contract Tower,0,5,3,55,63,0,2,5,17,24,0,7,8,72,87,0,62,62,149
10/13/2022,GTR,MS,ASO,ES,Federal Contract Tower,0,10,7,40,57,0,4,7,37,48,0,14,14,77,105,2,86,88,193
10/14/2022,GTR,MS,ASO,ES,Federal Contract Tower,1,5,8,51,65,0,3,28,36,67,1,8,36,87,132,22,102,124,256
10/15/2022,GTR,MS,ASO,ES,Federal Contract Tower,0,3,0,4,7,0,2,25,2,29,0,5,25,6,36,8,4,12,48
10/16/2022,GTR,MS,ASO,ES,Federal Contract Tower,0,5,7,3,15,0,7,13,2,22,0,12,20,5,37,14,12,26,63
10/17/2022,GTR,MS,ASO,ES,Federal Contract Tower,0,5,6,50,61,0,8,15,34,57,0,13,21,84,118,14,108,122,240
10/18/2022,GTR,MS,ASO,ES,Federal Contract Tower,0,7,4,43,54,0,3,11,32,46,0,10,15,75,100,8,88,96,196
10/19/2022,GTR,MS,ASO,ES,Federal Contract Tower,0,4,10,88,102,0,2,15,42,59,0,6,25,130,161,18,120,138,299
10/20/2022,GTR,MS,ASO,ES,Federal Contract Tower,0,5,4,80,89,0,5,21,41,67,0,10,25,121,156,33,220,253,409
10/21/2022,GTR,MS,ASO,ES,Federal Contract Tower,0,8,13,35,56,2,0,25,28,55,2,8,38,63,111,18,100,118,229
10/22/2022,GTR,MS,ASO,ES,Federal Contract Tower,0,4,0,6,10,0,3,6,3,12,0,7,6,9,22,22,38,60,82
10/23/2022,GTR,MS,ASO,ES,Federal Contract Tower,0,5,1,15,21,0,1,7,5,13,0,6,8,20,34,18,50,68,102
10/24/2022,GTR,MS,ASO,ES,Federal Contract Tower,0,8,4,52,64,0,3,17,41,61,0,11,21,93,125,20,122,142,267
10/25/2022,GTR,MS,ASO,ES,Federal Contract Tower,0,3,5,7,15,0,2,0,2,4,0,5,5,9,19,10,28,38,57
10/26/2022,GTR,MS,ASO,ES,Federal Contract Tower,0,5,11,66,82,0,6,14,39,59,0,11,25,105,141,10,128,138,279
10/27/2022,GTR,MS,ASO,ES,Federal Contract Tower,0,5,5,59,69,0,4,44,41,89,0,9,49,100,158,20,102,122,280
10/28/2022,GTR,MS,ASO,ES,Federal Contract Tower,0,7,3,38,48,0,0,11,28,39,0,7,14,66,87,12,60,72,159
10/29/2022,GTR,MS,ASO,ES,Federal Contract Tower,0,3,3,0,6,0,0,0,0,0,0,3,3,0,6,0,0,0,6
10/30/2022,GTR,MS,ASO,ES,Federal Contract Tower,0,3,7,0,10,0,0,2,0,2,0,3,9,0,12,14,0,14,26
10/31/2022,GTR,MS,ASO,ES,Federal Contract Tower,0,3,3,68,74,0,4,5,31,40,0,7,8,99,114,10,136,146,260
11/01/2022,GTR,MS,ASO,ES,Federal Contract Tower,0,6,2,56,64,0,2,10,37,49,0,8,12,93,113,4,136,140,253
11/02/2022,GTR,MS,ASO,ES,Federal Contract Tower,0,9,4,55,68,0,0,7,49,56,0,9,11,104,124,22,102,124,248
11/03/2022,GTR,MS,ASO,ES,Federal Contract Tower,0,10,7,32,49,0,3,13,29,45,0,13,20,61,94,10,100,110,204
11/04/2022,GTR,MS,ASO,ES,Federal Contract Tower,1,7,10,37,55,0,1,17,21,39,1,8,27,58,94,0,96,96,190
11/05/2022,GTR,MS,ASO,ES,Federal Contract Tower,0,4,0,2,6,0,0,0,0,0,0,4,0,2,6,0,0,0,6
11/06/2022,GTR,MS,ASO,ES,Federal Contract Tower,0,4,7,4,15,0,2,4,1,7,0,6,11,5,22,12,2,14,36
11/07/2022,GTR,MS,ASO,ES,Federal Contract Tower,0,4,8,30,42,0,1,2,14,17,0,5,10,44,59,0,94,94,153
11/08/2022,GTR,MS,ASO,ES,Federal Contract Tower,0,3,3,49,55,0,4,15,26,45,0,7,18,75,100,36,112,148,248
11/09/2022,GTR,MS,ASO,ES,Federal Contract Tower,0,9,11,44,64,0,3,13,34,50,0,12,24,78,114,16,122,138,252
11/10/2022,GTR,MS,ASO,ES,Federal Contract Tower,0,6,6,49,61,0,7,27,26,60,0,13,33,75,121,50,42,92,213
11/11/2022,GTR,MS,ASO,ES,Federal Contract Tower,4,7,10,2,23,0,2,11,8,21,4,9,21,10,44,2,16,18,62
11/12/2022,GTR,MS,ASO,ES,Federal Contract Tower,0,11,9,0,20,0,1,2,0,3,0,12,11,0,23,0,0,0,23
11/13/2022,GTR,MS,ASO,ES,Federal Contract Tower,0,10,7,2,19,0,0,9,0,9,0,10,16,2,28,0,0,0,28
11/14/2022,GTR,MS,ASO,ES,Federal Contract Tower,0,10,5,76,91,0,0,20,37,57,0,10,25,113,148,16,121,137,285
11/15/2022,GTR,MS,ASO,ES,Federal Contract Tower,0,8,4,36,48,0,0,3,0,3,0,8,7,36,51,2,36,38,89
11/16/2022,GTR,MS,ASO,ES,Federal Contract Tower,0,6,12,50,68,0,5,18,40,63,0,11,30,90,131,26,120,146,277
11/17/2022,GTR,MS,ASO,ES,Federal Contract Tower,0,8,4,33,45,0,6,11,30,47,0,14,15,63,92,8,96,104,196
11/18/2022,GTR,MS,ASO,ES,Federal Contract Tower,0,6,7,26,39,0,2,5,15,22,0,8,12,41,61,8,62,70,131
11/19/2022,GTR,MS,ASO,ES,Federal Contract Tower,0,4,0,22,26,0,6,14,4,24,0,10,14,26,50,44,30,74,124
11/20/2022,GTR,MS,ASO,ES,Federal Contract Tower,0,7,5,9,21,0,5,8,11,24,0,12,13,20,45,4,26,30,75
11/21/2022,GTR,MS,ASO,ES,Federal Contract Tower,0,7,5,43,55,0,3,15,27,45,0,10,20,70,100,10,122,132,232
11/22/2022,GTR,MS,ASO,ES,Federal Contract Tower,0,7,7,35,49,0,3,33,34,70,0,10,40,69,119,16,124,140,259
11/23/2022,GTR,MS,ASO,ES,Federal Contract Tower,0,7,2,39,48,0,4,18,20,42,0,11,20,59,90,32,50,82,172
11/24/2022,GTR,MS,ASO,ES,Federal Contract Tower,0,4,0,0,4,0,0,0,0,0,0,4,0,0,4,0,0,0,4
11/25/2022,GTR,MS,ASO,ES,Federal Contract Tower,0,5,2,4,11,0,0,0,0,0,0,5,2,4,11,0,0,0,11
11/26/2022,GTR,MS,ASO,ES,Federal Contract Tower,0,5,2,0,7,0,0,0,0,0,0,5,2,0,7,0,0,0,7
11/27/2022,GTR,MS,ASO,ES,Federal Contract Tower,0,8,4,0,12,0,2,1,0,3,0,10,5,0,15,0,0,0,15
11/28/2022,GTR,MS,ASO,ES,Federal Contract Tower,0,6,2,12,20,0,1,22,16,39,0,7,24,28,59,36,26,62,121
11/29/2022,GTR,MS,ASO,ES,Federal Contract Tower,0,13,0,1,14,0,0,6,0,6,0,13,6,1,20,0,0,0,20
11/30/2022,GTR,MS,ASO,ES,Federal Contract Tower,0,7,3,11,21,0,0,29,4,33,0,7,32,15,54,18,22,40,94
12/01/2022,GTR,MS,ASO,ES,Federal Contract Tower,0,10,13,54,77,0,0,11,26,37,0,10,24,80,114,8,118,126,240
12/02/2022,GTR,MS,ASO,ES,Federal Contract Tower,0,6,9,62,77,0,3,18,29,50,0,9,27,91,127,10,134,144,271
12/03/2022,GTR,MS,ASO,ES,Federal Contract Tower,0,9,0,42,51,0,0,2,11,13,0,9,2,53,64,6,78,84,148
12/04/2022,GTR,MS,ASO,ES,Federal Contract Tower,0,5,5,17,27,0,4,10,9,23,0,9,15,26,50,20,14,34,84
12/05/2022,GTR,MS,ASO,ES,Federal Contract Tower,0,10,8,15,33,0,1,0,0,1,0,11,8,15,34,2,12,14,48
12/06/2022,GTR,MS,ASO,ES,Federal Contract Tower,0,7,11,54,72,0,1,2,20,23,0,8,13,74,95,6,92,98,193
12/07/2022,GTR,MS,ASO,ES,Federal Contract Tower,0,7,11,59,77,0,0,14,25,39,0,7,25,84,116,0,180,180,296
12/08/2022,GTR,MS,ASO,ES,Federal Contract Tower,0,7,11,53,71,0,3,23,18,44,0,10,34,71,115,24,114,138,253
12/09/2022,GTR,MS,ASO,ES,Federal Contract Tower,0,6,0,44,50,0,7,4,10,21,0,13,4,54,71,0,50,50,121
12/10/2022,GTR,MS,ASO,ES,Federal Contract Tower,0,3,1,16,20,0,0,5,3,8,0,3,6,19,28,0,22,22,50
12/11/2022,GTR,MS,ASO,ES,Federal Contract Tower,0,9,3,7,19,0,0,0,0,0,0,9,3,7,19,0,0,0,19
12/12/2022,GTR,MS,ASO,ES,Federal Contract Tower,0,12,5,61,78,0,0,0,0,0,0,12,5,61,78,0,8,8,86
12/13/2022,GTR,MS,ASO,ES,Federal Contract Tower,0,10,3,43,56,0,0,0,0,0,0,10,3,43,56,0,14,14,70
12/14/2022,GTR,MS,ASO,ES,Federal Contract Tower,0,7,6,0,13,0,0,0,0,0,0,7,6,0,13,0,0,0,13
12/15/2022,GTR,MS,ASO,ES,Federal Contract Tower,0,5,9,86,100,0,0,23,42,65,0,5,32,128,165,20,160,180,345
12/16/2022,GTR,MS,ASO,ES,Federal Contract Tower,0,7,7,64,78,0,1,33,48,82,0,8,40,112,160,22,146,168,328
12/17/2022,GTR,MS,ASO,ES,Federal Contract Tower,0,3,2,19,24,0,0,18,14,32,0,3,20,33,56,8,38,46,102
12/18/2022,GTR,MS,ASO,ES,Federal Contract Tower,0,5,0,7,12,0,2,11,2,15,0,7,11,9,27,16,2,18,45
12/19/2022,GTR,MS,ASO,ES,Federal Contract Tower,0,5,9,47,61,0,0,9,38,47,0,5,18,85,108,4,128,132,240
12/20/2022,GTR,MS,ASO,ES,Federal Contract Tower,0,14,18,9,41,0,0,0,0,0,0,14,18,9,41,0,6,6,47
12/21/2022,GTR,MS,ASO,ES,Federal Contract Tower,0,7,3,55,65,0,0,14,3,17,0,7,17,58,82,4,24,28,110
12/22/2022,GTR,MS,ASO,ES,Federal Contract Tower,0,8,4,0,12,0,0,7,0,7,0,8,11,0,19,2,0,2,21
12/23/2022,GTR,MS,ASO,ES,Federal Contract Tower,0,5,1,0,6,0,2,1,0,3,0,7,2,0,9,0,0,0,9
12/24/2022,GTR,MS,ASO,ES,Federal Contract Tower,0,4,0,0,4,0,0,0,0,0,0,4,0,0,4,0,0,0,4
12/25/2022,GTR,MS,ASO,ES,Federal Contract Tower,0,3,0,0,3,0,1,0,0,1,0,4,0,0,4,0,0,0,4
12/26/2022,GTR,MS,ASO,ES,Federal Contract Tower,0,1,4,0,5,0,2,5,0,7,0,3,9,0,12,2,0,2,14
12/27/2022,GTR,MS,ASO,ES,Federal Contract Tower,2,6,0,0,8,0,2,9,0,11,2,8,9,0,19,2,0,2,21
12/28/2022,GTR,MS,ASO,ES,Federal Contract Tower,0,8,3,0,11,0,4,4,0,8,0,12,7,0,19,0,0,0,19
12/29/2022,GTR,MS,ASO,ES,Federal Contract Tower,0,5,0,2,7,0,1,5,2,8,0,6,5,4,15,8,4,12,27
12/30/2022,GTR,MS,ASO,ES,Federal Contract Tower,0,11,4,0,15,0,2,0,0,2,0,13,4,0,17,0,0,0,17
12/31/2022,GTR,MS,ASO,ES,Federal Contract Tower,0,5,0,0,5,0,2,2,0,4,0,7,2,0,9,0,0,0,9
01/01/2023,GTR,MS,ASO,ES,Federal Contract Tower,0,5,3,0,8,0,3,9,0,12,0,8,12,0,20,6,0,6,26
01/02/2023,GTR,MS,ASO,ES,Federal Contract Tower,4,7,8,0,19,0,2,0,0,2,4,9,8,0,21,0,0,0,21
01/03/2023,GTR,MS,ASO,ES,Federal Contract Tower,0,5,2,0,7,0,0,1,0,1,0,5,3,0,8,0,0,0,8
01/04/2023,GTR,MS,ASO,ES,Federal Contract Tower,0,9,4,71,84,0,2,13,57,72,0,11,17,128,156,10,174,184,340
01/05/2023,GTR,MS,ASO,ES,Federal Contract Tower,0,5,4,47,56,0,2,10,29,41,0,7,14,76,97,10,102,112,209
01/06/2023,GTR,MS,ASO,ES,Federal Contract Tower,0,5,3,47,55,0,2,30,41,73,0,7,33,88,128,30,150,180,308
01/07/2023,GTR,MS,ASO,ES,Federal Contract Tower,0,6,2,11,19,0,2,6,1,9,0,8,8,12,28,24,62,86,114
01/08/2023,GTR,MS,ASO,ES,Federal Contract Tower,0,8,3,8,19,0,0,0,0,0,0,8,3,8,19,0,4,4,23
01/09/2023,GTR,MS,ASO,ES,Federal Contract Tower,0,8,9,62,79,0,3,8,43,54,0,11,17,105,133,26,174,200,333
01/10/2023,GTR,MS,ASO,ES,Federal Contract Tower,0,6,5,35,46,0,8,14,33,55,0,14,19,68,101,12,102,114,215
01/11/2023,GTR,MS,ASO,ES,Federal Contract Tower,0,7,21,51,79,0,2,9,23,34,0,9,30,74,113,0,130,130,243
01/12/2023,GTR,MS,ASO,ES,Federal Contract Tower,0,9,3,6,18,0,0,3,2,5,0,9,6,8,23,2,4,6,29
01/13/2023,GTR,MS,ASO,ES,Federal Contract Tower,0,5,6,29,40,0,1,8,26,35,0,6,14,55,75,0,34,34,109
01/14/2023,GTR,MS,ASO,ES,Federal Contract Tower,0,3,0,7,10,0,1,9,2,12,0,4,9,9,22,4,28,32,54
01/15/2023,GTR,MS,ASO,ES,Federal Contract Tower,0,3,8,2,13,0,2,10,5,17,0,5,18,7,30,24,18,42,72
01/16/2023,GTR,MS,ASO,ES,Federal Contract Tower,1,7,4,4,16,0,2,7,4,13,1,9,11,8,29,0,16,16,45
01/17/2023,GTR,MS,ASO,ES,Federal Contract Tower,0,6,0,60,66,0,6,4,19,29,0,12,4,79,95,0,86,86,181
01/18/2023,GTR,MS,ASO,ES,Federal Contract Tower,0,7,3,27,37,0,0,0,2,2,0,7,3,29,39,2,28,30,69
01/19/2023,GTR,MS,ASO,ES,Federal Contract Tower,0,7,2,17,26,0,0,7,19,26,0,7,9,36,52,0,90,90,142
01/20/2023,GTR,MS,ASO,ES,Federal Contract Tower,0,9,3,51,63,0,2,3,38,43,0,11,6,89,106,2,154,156,262
01/21/2023,GTR,MS,ASO,ES,Federal Contract Tower,1,5,0,5,11,0,2,2,1,5,1,7,2,6,16,0,0,0,16
01/22/2023,GTR,MS,ASO,ES,Federal Contract Tower,2,5,2,2,11,0,2,0,0,2,2,7,2,2,13,2,0,2,15
01/23/2023,GTR,MS,ASO,ES,Federal Contract Tower,0,10,10,79,99,0,7,9,45,61,0,17,19,124,160,6,197,203,363
01/24/2023,GTR,MS,ASO,ES,Federal Contract Tower,0,9,6,47,62,0,0,6,24,30,0,9,12,71,92,4,84,88,180
01/25/2023,GTR,MS,ASO,ES,Federal Contract Tower,0,6,3,33,42,0,2,0,14,16,0,8,3,47,58,0,40,40,98
01/26/2023,GTR,MS,ASO,ES,Federal Contract Tower,0,6,6,57,69,0,1,6,35,42,0,7,12,92,111,4,144,148,259
01/27/2023,GTR,MS,ASO,ES,Federal Contract Tower,0,8,8,51,67,0,0,4,23,27,0,8,12,74,94,0,102,102,196
01/28/2023,GTR,MS,ASO,ES,Federal Contract Tower,2,4,1,28,35,0,0,8,16,24,2,4,9,44,59,16,62,78,137
01/29/2023,GTR,MS,ASO,ES,Federal Contract Tower,0,9,0,19,28,0,0,0,0,0,0,9,0,19,28,0,4,4,32
01/30/2023,GTR,MS,ASO,ES,Federal Contract Tower,0,6,7,16,29,0,0,0,0,0,0,6,7,16,29,0,4,4,33
01/31/2023,GTR,MS,ASO,ES,Federal Contract Tower,0,6,4,6,16,0,0,0,0,0,0,6,4,6,16,0,0,0,16
02/01/2023,GTR,MS,ASO,ES,Federal Contract Tower,0,5,4,0,9,0,0,4,0,4,0,5,8,0,13,0,0,0,13
02/02/2023,GTR,MS,ASO,ES,Federal Contract Tower,0,4,3,1,8,0,0,0,0,0,0,4,3,1,8,0,0,0,8
02/03/2023,GTR,MS,ASO,ES,Federal Contract Tower,0,5,7,43,55,0,3,19,25,47,0,8,26,68,102,17,98,115,217
02/04/2023,GTR,MS,ASO,ES,Federal Contract Tower,0,3,4,11,18,0,1,13,1,15,0,4,17,12,33,2,24,26,59
02/05/2023,GTR,MS,ASO,ES,Federal Contract Tower,2,7,4,6,19,0,2,10,4,16,2,9,14,10,35,4,4,8,43
02/06/2023,GTR,MS,ASO,ES,Federal Contract Tower,1,7,7,37,52,0,7,20,25,52,1,14,27,62,104,14,76,90,194
02/07/2023,GTR,MS,ASO,ES,Federal Contract Tower,0,8,9,37,54,0,1,30,35,66,0,9,39,72,120,2,86,88,208
02/08/2023,GTR,MS,ASO,ES,Federal Contract Tower,0,6,7,62,75,0,0,0,8,8,0,6,7,70,83,0,70,70,153
02/09/2023,GTR,MS,ASO,ES,Federal Contract Tower,0,4,4,68,76,0,4,7,42,53,0,8,11,110,129,4,132,136,265
02/10/2023,GTR,MS,ASO,ES,Federal Contract Tower,0,6,6,50,62,0,3,28,19,50,0,9,34,69,112,24,142,166,278
02/11/2023,GTR,MS,ASO,ES,Federal Contract Tower,0,5,0,4,9,0,0,0,0,0,0,5,0,4,9,0,16,16,25
02/12/2023,GTR,MS,ASO,ES,Federal Contract Tower,1,4,0,14,19,0,6,6,7,19,1,10,6,21,38,8,24,32,70
02/13/2023,GTR,MS,ASO,ES,Federal Contract Tower,0,3,2,55,60,0,0,22,35,57,0,3,24,90,117,14,124,138,255
02/14/2023,GTR,MS,ASO,ES,Federal Contract Tower,0,12,11,76,99,0,4,2,42,48,0,16,13,118,147,2,156,158,305
02/15/2023,GTR,MS,ASO,ES,Federal Contract Tower,0,9,13,46,68,0,0,1,0,1,0,9,14,46,69,2,38,40,109
02/16/2023,GTR,MS,ASO,ES,Federal Contract Tower,0,7,2,0,9,0,0,0,0,0,0,7,2,0,9,2,0,2,11
02/17/2023,GTR,MS,ASO,ES,Federal Contract Tower,0,5,7,47,59,0,0,8,30,38,0,5,15,77,97,24,82,106,203
02/18/2023,GTR,MS,ASO,ES,Federal Contract Tower,0,4,0,6,10,0,5,14,6,25,0,9,14,12,35,0,34,34,69
02/19/2023,GTR,MS,ASO,ES,Federal Contract Tower,0,4,0,12,16,0,7,34,10,51,0,11,34,22,67,4,34,38,105
02/20/2023,GTR,MS,ASO,ES,Federal Contract Tower,0,5,3,7,15,0,1,14,12,27,0,6,17,19,42,10,22,32,74
02/21/2023,GTR,MS,ASO,ES,Federal Contract Tower,0,8,5,62,75,0,3,14,18,35,0,11,19,80,110,4,84,88,198
02/22/2023,GTR,MS,ASO,ES,Federal Contract Tower,0,8,2,29,39,0,0,5,29,34,0,8,7,58,73,0,134,134,207
02/23/2023,GTR,MS,ASO,ES,Federal Contract Tower,0,10,5,77,92,0,0,10,32,42,0,10,15,109,134,4,152,156,290
02/24/2023,GTR,MS,ASO,ES,Federal Contract Tower,0,7,7,46,60,0,1,15,23,39,0,8,22,69,99,0,66,66,165
02/25/2023,GTR,MS,ASO,ES,Federal Contract Tower,2,4,1,0,7,0,6,28,0,34,2,10,29,0,41,0,0,0,41
02/26/2023,GTR,MS,ASO,ES,Federal Contract Tower,2,9,0,17,28,0,2,12,6,20,2,11,12,23,48,0,28,28,76
02/27/2023,GTR,MS,ASO,ES,Federal Contract Tower,1,5,5,1,12,0,0,2,1,3,1,5,7,2,15,0,2,2,17
02/28/2023,GTR,MS,ASO,ES,Federal Contract Tower,0,10,10,52,72,0,2,36,32,70,0,12,46,84,142,36,116,152,294
03/01/2023,GTR,MS,ASO,ES,Federal Contract Tower,0,7,5,85,97,0,0,25,32,57,0,7,30,117,154,0,122,122,276
03/02/2023,GTR,MS,ASO,ES,Federal Contract Tower,0,6,5,19,30,0,0,0,0,0,0,6,5,19,30,0,0,0,30
03/03/2023,GTR,MS,ASO,ES,Federal Contract Tower,0,7,4,3,14,0,3,0,2,5,0,10,4,5,19,0,6,6,25
03/04/2023,GTR,MS,ASO,ES,Federal Contract Tower,0,4,1,3,8,0,2,39,1,42,0,6,40,4,50,14,0,14,64
03/05/2023,GTR,MS,ASO,ES,Federal Contract Tower,0,5,8,1,14,0,7,24,0,31,0,12,32,1,45,46,0,46,91
03/06/2023,GTR,MS,ASO,ES,Federal Contract Tower,0,5,8,69,82,0,6,7,42,55,0,11,15,111,137,0,138,138,275
03/07/2023,GTR,MS,ASO,ES,Federal Contract Tower,0,6,4,52,62,0,4,24,34,62,0,10,28,86,124,18,96,114,238
03/08/2023,GTR,MS,ASO,ES,Federal Contract Tower,0,5,6,34,45,0,4,26,19,49,0,9,32,53,94,0,52,52,146
03/09/2023,GTR,MS,ASO,ES,Federal Contract Tower,0,5,6,92,103,0,0,19,17,36,0,5,25,109,139,0,88,88,227
03/10/2023,GTR,MS,ASO,ES,Federal Contract Tower,0,8,12,85,105,0,8,18,15,41,0,16,30,100,146,2,100,102,248
03/11/2023,GTR,MS,ASO,ES,Federal Contract Tower,0,4,5,8,17,0,3,30,10,43,0,7,35,18,60,10,6,16,76
03/12/2023,GTR,MS,ASO,ES,Federal Contract Tower,0,6,2,5,13,0,0,0,0,0,0,6,2,5,13,0,0,0,13
03/13/2023,GTR,MS,ASO,ES,Federal Contract Tower,3,9,2,48,62,0,6,16,30,52,3,15,18,78,114,2,50,52,166
03/14/2023,GTR,MS,ASO,ES,Federal Contract Tower,0,6,6,42,54,0,0,27,39,66,0,6,33,81,120,48,64,112,232
03/15/2023,GTR,MS,ASO,ES,Federal Contract Tower,1,7,9,56,73,0,3,24,43,70,1,10,33,99,143,0,128,128,271
03/16/2023,GTR,MS,ASO,ES,Federal Contract Tower,0,5,8,54,67,0,0,43,34,77,0,5,51,88,144,1,116,117,261
03/17/2023,GTR,MS,ASO,ES,Federal Contract Tower,0,5,4,7,16,0,0,0,1,1,0,5,4,8,17,0,2,2,19
03/18/2023,GTR,MS,ASO,ES,Federal Contract Tower,0,4,0,2,6,0,1,8,2,11,0,5,8,4,17,20,8,28,45
03/19/2023,GTR,MS,ASO,ES,Federal Contract Tower,0,6,7,30,43,0,1,37,11,49,0,7,44,41,92,4,134,138,230
03/20/2023,GTR,MS,ASO,ES,Federal Contract Tower,0,4,7,25,36,0,0,35,27,62,0,4,42,52,98,0,114,114,212
03/21/2023,GTR,MS,ASO,ES,Federal Contract Tower,0,5,4,49,58,9,36,39,0,84,9,41,43,49,142,8,102,110,252
03/22/2023,GTR,MS,ASO,ES,Federal Contract Tower,0,8,4,42,54,0,1,27,28,56,0,9,31,70,110,0,130,130,240
03/23/2023,GTR,MS,ASO,ES,Federal Contract Tower,0,7,13,20,40,0,0,23,30,53,0,7,36,50,93,6,72,78,171
03/25/2023,GTR,MS,ASO,ES,Federal Contract Tower,0,8,7,2,17,0,4,11,5,20,0,12,18,7,37,2,0,2,39
03/26/2023,GTR,MS,ASO,ES,Federal Contract Tower,0,9,5,44,58,0,0,14,11,25,0,9,19,55,83,0,80,80,163
03/27/2023,GTR,MS,ASO,ES,Federal Contract Tower,0,10,4,65,79,0,8,23,32,63,0,18,27,97,142,8,130,138,280
03/28/2023,GTR,MS,ASO,ES,Federal Contract Tower,0,14,4,39,57,0,2,13,35,50,0,16,17,74,107,14,100,114,221
03/29/2023,GTR,MS,ASO,ES,Federal Contract Tower,0,8,5,26,39,0,2,36,33,71,0,10,41,59,110,24,76,100,210
03/30/2023,GTR,MS,ASO,ES,Federal Contract Tower,0,7,3,35,45,0,0,33,27,60,0,7,36,62,105,16,86,102,207
03/31/2023,GTR,MS,ASO,ES,Federal Contract Tower,0,6,9,3,18,0,0,15,1,16,0,6,24,4,34,0,0,0,34
04/01/2023,GTR,MS,ASO,ES,Federal Contract Tower,0,5,8,2,15,0,1,9,0,10,0,6,17,2,25,0,0,0,25
04/02/2023,GTR,MS,ASO,ES,Federal Contract Tower,0,6,1,14,21,0,2,8,7,17,0,8,9,21,38,6,18,24,62
04/03/2023,GTR,MS,ASO,ES,Federal Contract Tower,4,1,5,44,54,0,2,1,6,9,4,3,6,50,63,0,38,38,101
04/04/2023,GTR,MS,ASO,ES,Federal Contract Tower,4,2,18,44,68,0,0,5,31,36,4,2,23,75,104,6,80,86,190
04/05/2023,GTR,MS,ASO,ES,Federal Contract Tower,4,1,6,71,82,0,2,14,36,52,4,3,20,107,134,2,160,162,296
04/06/2023,GTR,MS,ASO,ES,Federal Contract Tower,4,0,6,16,26,0,0,20,0,20,4,0,26,16,46,2,4,6,52
04/07/2023,GTR,MS,ASO,ES,Federal Contract Tower,4,2,1,5,12,0,0,0,0,0,4,2,1,5,12,0,0,0,12
04/08/2023,GTR,MS,ASO,ES,Federal Contract Tower,2,1,1,0,4,0,0,0,0,0,2,1,1,0,4,0,0,0,4
04/09/2023,GTR,MS,ASO,ES,Federal Contract Tower,4,0,3,0,7,0,2,0,0,2,4,2,3,0,9,0,0,0,9
04/10/2023,GTR,MS,ASO,ES,Federal Contract Tower,4,1,5,56,66,0,2,11,45,58,4,3,16,101,124,16,158,174,298
04/11/2023,GTR,MS,ASO,ES,Federal Contract Tower,7,1,8,35,51,0,5,15,31,51,7,6,23,66,102,6,122,128,230
04/12/2023,GTR,MS,ASO,ES,Federal Contract Tower,4,5,3,27,39,0,2,22,22,46,4,7,25,49,85,22,62,84,169
04/13/2023,GTR,MS,ASO,ES,Federal Contract Tower,3,4,6,12,25,0,0,2,8,10,3,4,8,20,35,0,30,30,65
04/14/2023,GTR,MS,ASO,ES,Federal Contract Tower,4,4,5,34,47,0,2,21,20,43,4,6,26,54,90,2,118,120,210
04/15/2023,GTR,MS,ASO,ES,Federal Contract Tower,4,0,1,3,8,0,2,5,2,9,4,2,6,5,17,10,0,10,27
04/16/2023,GTR,MS,ASO,ES,Federal Contract Tower,4,2,2,2,10,0,2,2,14,18,4,4,4,16,28,0,0,0,28
04/17/2023,GTR,MS,ASO,ES,Federal Contract Tower,4,3,6,39,52,0,2,15,44,61,4,5,21,83,113,10,168,178,291
04/18/2023,GTR,MS,ASO,ES,Federal Contract Tower,4,4,4,28,40,0,4,40,20,64,4,8,44,48,104,8,68,76,180
04/19/2023,GTR,MS,ASO,ES,Federal Contract Tower,4,2,10,39,55,0,0,13,38,51,4,2,23,77,106,6,118,124,230
04/20/2023,GTR,MS,ASO,ES,Federal Contract Tower,4,2,4,27,37,0,4,8,37,49,4,6,12,64,86,8,88,96,182
04/21/2023,GTR,MS,ASO,ES,Federal Contract Tower,4,2,6,22,34,0,1,16,6,23,4,3,22,28,57,0,28,28,85
04/22/2023,GTR,MS,ASO,ES,Federal Contract Tower,4,4,3,4,15,0,3,5,3,11,4,7,8,7,26,0,28,28,54
04/23/2023,GTR,MS,ASO,ES,Federal Contract Tower,4,0,1,9,14,0,6,7,10,23,4,6,8,19,37,0,18,18,55
04/24/2023,GTR,MS,ASO,ES,Federal Contract Tower,4,3,6,45,58,0,3,3,35,41,4,6,9,80,99,24,124,148,247
04/25/2023,GTR,MS,ASO,ES,Federal Contract Tower,4,3,2,53,62,0,4,23,44,71,4,7,25,97,133,18,124,142,275
04/26/2023,GTR,MS,ASO,ES,Federal Contract Tower,4,4,2,52,62,0,2,4,40,46,4,6,6,92,108,8,148,156,264
04/27/2023,GTR,MS,ASO,ES,Federal Contract Tower,4,5,6,10,25,0,0,2,6,8,4,5,8,16,33,0,30,30,63
04/28/2023,GTR,MS,ASO,ES,Federal Contract Tower,4,1,8,55,68,0,3,14,24,41,4,4,22,79,109,0,102,102,211
04/29/2023,GTR,MS,ASO,ES,Federal Contract Tower,4,4,1,5,14,0,4,8,1,13,4,8,9,6,27,0,18,18,45
04/30/2023,GTR,MS,ASO,ES,Federal Contract Tower,4,3,9,11,27,0,5,0,6,11,4,8,9,17,38,0,12,12,50
05/01/2023,GTR,MS,ASO,ES,Federal Contract Tower,4,1,15,47,67,0,2,18,47,67,4,3,33,94,134,8,122,130,264
05/02/2023,GTR,MS,ASO,ES,Federal Contract Tower,4,0,7,41,52,0,2,10,35,47,4,2,17,76,99,2,92,94,193
05/03/2023,GTR,MS,ASO,ES,Federal Contract Tower,4,2,3,45,54,0,1,17,37,55,4,3,20,82,109,24,136,160,269
05/04/2023,GTR,MS,ASO,ES,Federal Contract Tower,4,3,5,32,44,0,0,21,31,52,4,3,26,63,96,14,96,110,206
05/05/2023,GTR,MS,ASO,ES,Federal Contract Tower,4,3,7,60,74,0,2,8,24,34,4,5,15,84,108,6,122,128,236
05/06/2023,GTR,MS,ASO,ES,Federal Contract Tower,4,1,1,2,8,0,4,3,1,8,4,5,4,3,16,0,16,16,32
05/07/2023,GTR,MS,ASO,ES,Federal Contract Tower,6,0,4,4,14,0,1,4,1,6,6,1,8,5,20,2,4,6,26
05/08/2023,GTR,MS,ASO,ES,Federal Contract Tower,4,2,3,45,54,0,2,6,12,20,4,4,9,57,74,8,46,54,128
05/09/2023,GTR,MS,ASO,ES,Federal Contract Tower,4,2,10,52,68,0,0,17,38,55,4,2,27,90,123,24,108,132,255
05/10/2023,GTR,MS,ASO,ES,Federal Contract Tower,4,6,8,62,80,0,0,22,35,57,4,6,30,97,137,8,104,112,249
05/11/2023,GTR,MS,ASO,ES,Federal Contract Tower,4,2,9,76,91,0,0,0,15,15,4,2,9,91,106,0,89,89,195
05/12/2023,GTR,MS,ASO,ES,Federal Contract Tower,4,3,6,38,51,0,2,9,16,27,4,5,15,54,78,6,84,90,168
05/13/2023,GTR,MS,ASO,ES,Federal Contract Tower,4,4,6,3,17,0,7,5,2,14,4,11,11,5,31,0,8,8,39
05/14/2023,GTR,MS,ASO,ES,Federal Contract Tower,4,3,4,5,16,0,7,8,6,21,4,10,12,11,37,10,46,56,93
05/15/2023,GTR,MS,ASO,ES,Federal Contract Tower,4,3,7,15,29,0,0,2,13,15,4,3,9,28,44,0,76,76,120
05/16/2023,GTR,MS,ASO,ES,Federal Contract Tower,4,0,4,46,54,0,0,6,35,41,4,0,10,81,95,0,158,158,253
05/17/2023,GTR,MS,ASO,ES,Federal Contract Tower,6,6,2,69,83,0,0,3,35,38,6,6,5,104,121,0,126,126,247
05/18/2023,GTR,MS,ASO,ES,Federal Contract Tower,4,2,7,40,53,0,0,5,3,8,4,2,12,43,61,2,40,42,103
05/19/2023,GTR,MS,ASO,ES,Federal Contract Tower,4,1,25,34,64,0,0,3,5,8,4,1,28,39,72,0,32,32,104
05/20/2023,GTR,MS,ASO,ES,Federal Contract Tower,4,4,3,9,20,0,1,2,2,5,4,5,5,11,25,0,40,40,65
05/21/2023,GTR,MS,ASO,ES,Federal Contract Tower,4,0,3,11,18,0,4,3,14,21,4,4,6,25,39,0,18,18,57
05/22/2023,GTR,MS,ASO,ES,Federal Contract Tower,4,2,14,48,68,0,1,6,24,31,4,3,20,72,99,0,68,68,167
05/23/2023,GTR,MS,ASO,ES,Federal Contract Tower,4,11,14,49,78,0,0,0,0,0,4,11,14,49,78,0,52,52,130
05/24/2023,GTR,MS,ASO,ES,Federal Contract Tower,4,0,3,54,61,0,0,43,18,61,4,0,46,72,122,14,68,82,204
05/25/2023,GTR,MS,ASO,ES,Federal Contract Tower,4,0,9,47,60,0,0,28,28,56,4,0,37,75,116,20,82,102,218
05/26/2023,GTR,MS,ASO,ES,Federal Contract Tower,4,2,5,0,11,0,0,29,0,29,4,2,34,0,40,10,0,10,50
05/27/2023,GTR,MS,ASO,ES,Federal Contract Tower,4,2,5,0,11,0,0,6,0,6,4,2,11,0,17,4,0,4,21
05/28/2023,GTR,MS,ASO,ES,Federal Contract Tower,4,0,6,0,10,0,0,0,0,0,4,0,6,0,10,0,0,0,10
05/29/2023,GTR,MS,ASO,ES,Federal Contract Tower,4,1,0,0,5,0,3,7,0,10,4,4,7,0,15,18,0,18,33
05/30/2023,GTR,MS,ASO,ES,Federal Contract Tower,4,0,4,91,99,0,1,4,33,38,4,1,8,124,137,14,138,152,289
05/31/2023,GTR,MS,ASO,ES,Federal Contract Tower,4,0,3,10,17,0,1,14,7,22,4,1,17,17,39,22,12,34,73
06/01/2023,GTR,MS,ASO,ES,Federal Contract Tower,4,0,5,27,36,0,0,16,28,44,4,0,21,55,80,24,70,94,174
06/02/2023,GTR,MS,ASO,ES,Federal Contract Tower,4,0,4,58,66,0,5,17,32,54,4,5,21,90,120,2,96,98,218
06/03/2023,GTR,MS,ASO,ES,Federal Contract Tower,4,1,0,8,13,0,2,2,1,5,4,3,2,9,18,0,0,0,18
06/04/2023,GTR,MS,ASO,ES,Federal Contract Tower,4,1,4,7,16,0,6,8,7,21,4,7,12,14,37,8,20,28,65
06/05/2023,GTR,MS,ASO,ES,Federal Contract Tower,4,3,3,26,36,0,0,21,15,36,4,3,24,41,72,18,65,83,155
06/06/2023,GTR,MS,ASO,ES,Federal Contract Tower,4,4,5,44,57,0,4,28,47,79,4,8,33,91,136,22,110,132,268
06/07/2023,GTR,MS,ASO,ES,Federal Contract Tower,4,5,6,50,65,0,5,10,40,55,4,10,16,90,120,6,154,160,280
06/08/2023,GTR,MS,ASO,ES,Federal Contract Tower,4,5,2,28,39,0,0,7,25,32,4,5,9,53,71,16,74,90,161
06/09/2023,GTR,MS,ASO,ES,Federal Contract Tower,4,4,10,30,48,0,4,1,21,26,4,8,11,51,74,0,58,58,132
06/10/2023,GTR,MS,ASO,ES,Federal Contract Tower,4,4,0,11,19,0,2,5,6,13,4,6,5,17,32,0,20,20,52
06/11/2023,GTR,MS,ASO,ES,Federal Contract Tower,4,0,5,6,15,0,0,2,5,7,4,0,7,11,22,0,40,40,62
06/12/2023,GTR,MS,ASO,ES,Federal Contract Tower,4,6,2,96,108,0,0,26,27,53,4,6,28,123,161,0,138,138,299
06/13/2023,GTR,MS,ASO,ES,Federal Contract Tower,4,1,3,40,48,0,0,39,26,65,4,1,42,66,113,22,82,104,217
06/14/2023,GTR,MS,ASO,ES,Federal Contract Tower,4,1,4,45,54,0,0,27,14,41,4,1,31,59,95,16,54,70,165
06/15/2023,GTR,MS,ASO,ES,Federal Contract Tower,4,5,2,78,89,0,0,46,18,64,4,5,48,96,153,40,98,138,291
06/16/2023,GTR,MS,ASO,ES,Federal Contract Tower,4,0,9,18,31,0,1,15,22,38,4,1,24,40,69,0,44,44,113
06/17/2023,GTR,MS,ASO,ES,Federal Contract Tower,4,0,3,0,7,0,0,7,0,7,4,0,10,0,14,6,0,6,20
06/18/2023,GTR,MS,ASO,ES,Federal Contract Tower,4,0,6,0,10,0,0,0,0,0,4,0,6,0,10,0,0,0,10
06/19/2023,GTR,MS,ASO,ES,Federal Contract Tower,4,2,6,0,12,0,5,24,0,29,4,7,30,0,41,38,0,38,79
06/20/2023,GTR,MS,ASO,ES,Federal Contract Tower,4,1,1,35,41,0,3,20,17,40,4,4,21,52,81,0,84,84,165
06/21/2023,GTR,MS,ASO,ES,Federal Contract Tower,4,3,9,49,65,0,0,6,18,24,4,3,15,67,89,16,82,98,187
06/22/2023,GTR,MS,ASO,ES,Federal Contract Tower,4,0,14,66,84,0,4,6,17,27,4,4,20,83,111,26,98,124,235
06/23/2023,GTR,MS,ASO,ES,Federal Contract Tower,4,0,1,19,24,0,2,58,22,82,4,2,59,41,106,56,38,94,200
06/24/2023,GTR,MS,ASO,ES,Federal Contract Tower,4,0,2,0,6,0,2,41,0,43,4,2,43,0,49,0,0,0,49
06/25/2023,GTR,MS,ASO,ES,Federal Contract Tower,4,0,3,0,7,0,3,22,2,27,4,3,25,2,34,14,26,40,74
06/26/2023,GTR,MS,ASO,ES,Federal Contract Tower,2,1,9,111,123,0,2,18,43,63,2,3,27,154,186,18,114,132,318
06/27/2023,GTR,MS,ASO,ES,Federal Contract Tower,4,0,4,78,86,0,4,25,45,74,4,4,29,123,160,42,166,208,368
06/28/2023,GTR,MS,ASO,ES,Federal Contract Tower,4,3,0,78,85,0,0,10,49,59,4,3,10,127,144,14,164,178,322
06/29/2023,GTR,MS,ASO,ES,Federal Contract Tower,4,3,10,92,109,0,2,16,33,51,4,5,26,125,160,28,132,160,320
06/30/2023,GTR,MS,ASO,ES,Federal Contract Tower,4,2,4,42,52,0,2,11,14,27,4,4,15,56,79,18,78,96,175
07/01/2023,GTR,MS,ASO,ES,Federal Contract Tower,4,0,2,0,6,0,3,6,8,17,4,3,8,8,23,0,0,0,23
07/02/2023,GTR,MS,ASO,ES,Federal Contract Tower,4,2,4,0,10,0,3,3,0,6,4,5,7,0,16,2,0,2,18
07/03/2023,GTR,MS,ASO,ES,Federal Contract Tower,4,1,4,0,9,0,2,28,0,30,4,3,32,0,39,14,0,14,53
07/04/2023,GTR,MS,ASO,ES,Federal Contract Tower,4,0,1,0,5,0,0,15,2,17,4,0,16,2,22,0,0,0,22
07/05/2023,GTR,MS,ASO,ES,Federal Contract Tower,4,1,2,42,49,0,0,44,19,63,4,1,46,61,112,14,46,60,172
07/06/2023,GTR,MS,ASO,ES,Federal Contract Tower,4,1,7,47,59,0,0,5,21,26,4,1,12,68,85,18,100,118,203
07/07/2023,GTR,MS,ASO,ES,Federal Contract Tower,4,0,2,44,50,0,0,10,12,22,4,0,12,56,72,22,68,90,162
07/08/2023,GTR,MS,ASO,ES,Federal Contract Tower,4,0,2,2,8,0,1,3,1,5,4,1,5,3,13,8,0,8,21
07/09/2023,GTR,MS,ASO,ES,Federal Contract Tower,4,2,6,16,28,0,0,6,2,8,4,2,12,18,36,0,36,36,72
07/10/2023,GTR,MS,ASO,ES,Federal Contract Tower,4,1,23,61,89,0,0,9,20,29,4,1,32,81,118,32,54,86,204
07/11/2023,GTR,MS,ASO,ES,Federal Contract Tower,4,1,9,54,68,0,2,37,35,74,4,3,46,89,142,16,120,136,278
07/12/2023,GTR,MS,ASO,ES,Federal Contract Tower,4,2,7,20,33,0,0,7,9,16,4,2,14,29,49,0,98,98,147
07/13/2023,GTR,MS,ASO,ES,Federal Contract Tower,6,3,30,0,39,0,1,4,3,8,6,4,34,3,47,0,6,6,53
07/14/2023,GTR,MS,ASO,ES,Federal Contract Tower,4,0,7,11,22,0,0,7,3,10,4,0,14,14,32,10,10,20,52
07/15/2023,GTR,MS,ASO,ES,Federal Contract Tower,4,2,0,5,11,0,3,10,0,13,4,5,10,5,24,20,50,70,94
07/16/2023,GTR,MS,ASO,ES,Federal Contract Tower,4,4,8,5,21,0,0,2,2,4,4,4,10,7,25,14,4,18,43
07/17/2023,GTR,MS,ASO,ES,Federal Contract Tower,4,2,2,55,63,0,0,10,28,38,4,2,12,83,101,8,80,88,189
07/18/2023,GTR,MS,ASO,ES,Federal Contract Tower,4,0,2,33,39,0,6,24,21,51,4,6,26,54,90,0,70,70,160
07/19/2023,GTR,MS,ASO,ES,Federal Contract Tower,4,7,5,32,48,0,2,10,17,29,4,9,15,49,77,2,108,110,187
07/20/2023,GTR,MS,ASO,ES,Federal Contract Tower,4,6,1,40,51,0,4,6,20,30,4,10,7,60,81,4,80,84,165
07/21/2023,GTR,MS,ASO,ES,Federal Contract Tower,4,4,49,0,57,0,0,19,27,46,4,4,68,27,103,12,76,88,191
07/22/2023,GTR,MS,ASO,ES,Federal Contract Tower,4,0,2,2,8,0,0,7,0,7,4,0,9,2,15,0,0,0,15
07/23/2023,GTR,MS,ASO,ES,Federal Contract Tower,4,0,4,10,18,0,7,9,2,18,4,7,13,12,36,0,4,4,40
07/24/2023,GTR,MS,ASO,ES,Federal Contract Tower,4,2,7,56,69,0,0,6,40,46,4,2,13,96,115,0,134,134,249
07/25/2023,GTR,MS,ASO,ES,Federal Contract Tower,4,0,8,43,55,0,0,4,36,40,4,0,12,79,95,2,120,122,217
07/26/2023,GTR,MS,ASO,ES,Federal Contract Tower,4,0,4,56,64,0,2,10,33,45,4,2,14,89,109,0,142,142,251
07/27/2023,GTR,MS,ASO,ES,Federal Contract Tower,4,2,8,49,63,0,0,10,43,53,4,2,18,92,116,0,200,200,316
07/28/2023,GTR,MS,ASO,ES,Federal Contract Tower,4,1,9,67,81,0,9,11,22,42,4,10,20,89,123,36,98,134,257
07/29/2023,GTR,MS,ASO,ES,Federal Contract Tower,4,0,3,1,8,0,0,9,0,9,4,0,12,1,17,6,0,6,23
07/30/2023,GTR,MS,ASO,ES,Federal Contract Tower,4,0,2,19,25,0,3,7,2,12,4,3,9,21,37,34,42,76,113
07/31/2023,GTR,MS,ASO,ES,Federal Contract Tower,4,0,7,54,65,0,1,34,38,73,4,1,41,92,138,0,150,150,288
08/01/2023,GTR,MS,ASO,ES,Federal Contract Tower,4,0,16,62,82,0,1,12,38,51,4,1,28,100,133,0,116,116,249
08/02/2023,GTR,MS,ASO,ES,Federal Contract Tower,4,0,0,62,66,0,1,7,42,50,4,1,7,104,116,6,198,204,320
08/03/2023,GTR,MS,ASO,ES,Federal Contract Tower,4,0,2,50,56,0,0,12,41,53,4,0,14,91,109,20,120,140,249
08/04/2023,GTR,MS,ASO,ES,Federal Contract Tower,4,2,5,42,53,0,0,6,24,30,4,2,11,66,83,6,70,76,159
08/05/2023,GTR,MS,ASO,ES,Federal Contract Tower,4,0,0,4,8,0,0,7,1,8,4,0,7,5,16,10,12,22,38
08/06/2023,GTR,MS,ASO,ES,Federal Contract Tower,2,0,2,9,13,0,0,4,3,7,2,0,6,12,20,0,20,20,40
08/07/2023,GTR,MS,ASO,ES,Federal Contract Tower,5,1,5,31,42,0,2,19,11,32,5,3,24,42,74,24,50,74,148
08/08/2023,GTR,MS,ASO,ES,Federal Contract Tower,2,1,2,12,17,0,3,7,4,14,2,4,9,16,31,12,28,40,71
08/09/2023,GTR,MS,ASO,ES,Federal Contract Tower,3,2,7,59,71,0,1,22,24,47,3,3,29,83,118,14,130,144,262
08/10/2023,GTR,MS,ASO,ES,Federal Contract Tower,4,0,0,41,45,0,1,10,13,24,4,1,10,54,69,0,74,74,143
08/11/2023,GTR,MS,ASO,ES,Federal Contract Tower,4,1,11,61,77,0,2,12,26,40,4,3,23,87,117,0,118,118,235
08/12/2023,GTR,MS,ASO,ES,Federal Contract Tower,4,0,4,4,12,0,2,13,4,19,4,2,17,8,31,10,16,26,57
08/13/2023,GTR,MS,ASO,ES,Federal Contract Tower,4,2,5,3,14,0,2,10,2,14,4,4,15,5,28,4,20,24,52
08/14/2023,GTR,MS,ASO,ES,Federal Contract Tower,4,1,8,27,40,0,2,4,21,27,4,3,12,48,67,2,76,78,145
08/15/2023,GTR,MS,ASO,ES,Federal Contract Tower,4,0,8,30,42,0,2,3,21,26,4,2,11,51,68,0,72,72,140
08/16/2023,GTR,MS,ASO,ES,Federal Contract Tower,4,0,0,14,18,0,7,11,6,24,4,7,11,20,42,2,32,34,76
08/17/2023,GTR,MS,ASO,ES,Federal Contract Tower,4,2,4,23,33,0,0,10,18,28,4,2,14,41,61,14,72,86,147
08/18/2023,GTR,MS,ASO,ES,Federal Contract Tower,4,0,7,24,35,0,5,18,30,53,4,5,25,54,88,11,70,81,169
08/19/2023,GTR,MS,ASO,ES,Federal Contract Tower,4,0,0,11,15,0,5,8,10,23,4,5,8,21,38,0,48,48,86
08/20/2023,GTR,MS,ASO,ES,Federal Contract Tower,4,0,2,21,27,0,1,1,18,20,4,1,3,39,47,0,40,40,87
08/21/2023,GTR,MS,ASO,ES,Federal Contract Tower,4,0,7,48,59,0,1,8,40,49,4,1,15,88,108,6,174,180,288
08/22/2023,GTR,MS,ASO,ES,Federal Contract Tower,4,1,4,51,60,0,1,37,32,70,4,2,41,83,130,16,136,152,282
08/23/2023,GTR,MS,ASO,ES,Federal Contract Tower,4,1,12,0,17,0,3,17,2,22,4,4,29,2,39,28,0,28,67
08/25/2023,GTR,MS,ASO,ES,Federal Contract Tower,4,5,2,36,47,0,1,9,17,27,4,6,11,53,74,0,66,66,140
08/26/2023,GTR,MS,ASO,ES,Federal Contract Tower,3,1,2,0,6,0,2,7,0,9,3,3,9,0,15,14,0,14,29
08/27/2023,GTR,MS,ASO,ES,Federal Contract Tower,4,2,5,9,20,0,0,5,3,8,4,2,10,12,28,12,20,32,60
08/28/2023,GTR,MS,ASO,ES,Federal Contract Tower,2,0,7,37,46,0,7,13,12,32,2,7,20,49,78,24,76,100,178
08/29/2023,GTR,MS,ASO,ES,Federal Contract Tower,4,0,13,62,79,0,4,20,21,45,4,4,33,83,124,46,96,142,266
08/30/2023,GTR,MS,ASO,ES,Federal Contract Tower,4,0,3,44,51,0,3,14,29,46,4,3,17,73,97,20,92,112,209
08/31/2023,GTR,MS,ASO,ES,Federal Contract Tower,4,2,3,60,69,0,1,18,23,42,4,3,21,83,111,48,108,156,267
