01/01/2020,GUM,GU,AWP,WE,Federal Contract Tower,85,0,4,0,89,0,4,78,0,82,85,4,82,0,171,30,0,30,201
01/02/2020,GUM,GU,AWP,WE,Federal Contract Tower,89,0,5,0,94,0,3,90,0,93,89,3,95,0,187,59,0,59,246
01/03/2020,GUM,GU,AWP,WE,Federal Contract Tower,84,4,5,0,93,0,0,56,0,56,84,4,61,0,149,28,0,28,177
01/04/2020,GUM,GU,AWP,WE,Federal Contract Tower,76,5,2,0,83,0,0,58,0,58,76,5,60,0,141,54,0,54,195
01/05/2020,GUM,GU,AWP,WE,Federal Contract Tower,82,0,0,7,89,0,2,47,3,52,82,2,47,10,141,23,0,23,164
01/06/2020,GUM,GU,AWP,WE,Federal Contract Tower,65,0,12,5,82,0,0,74,7,81,65,0,86,12,163,44,0,44,207
01/07/2020,GUM,GU,AWP,WE,Federal Contract Tower,72,2,6,0,80,0,2,28,12,42,72,4,34,12,122,22,0,22,144
01/08/2020,GUM,GU,AWP,WE,Federal Contract Tower,78,5,10,8,101,0,0,0,0,0,78,5,10,8,101,8,0,8,109
01/09/2020,GUM,GU,AWP,WE,Federal Contract Tower,64,1,6,3,74,0,0,54,4,58,64,1,60,7,132,54,0,54,186
01/10/2020,GUM,GU,AWP,WE,Federal Contract Tower,73,2,8,0,83,0,0,68,0,68,73,2,76,0,151,68,0,68,219
01/11/2020,GUM,GU,AWP,WE,Federal Contract Tower,77,2,12,0,91,0,0,63,0,63,77,2,75,0,154,44,0,44,198
01/12/2020,GUM,GU,AWP,WE,Federal Contract Tower,71,2,9,0,82,0,0,48,0,48,71,2,57,0,130,67,0,67,197
01/13/2020,GUM,GU,AWP,WE,Federal Contract Tower,54,2,15,14,85,0,8,66,4,78,54,10,81,18,163,32,0,32,195
01/14/2020,GUM,GU,AWP,WE,Federal Contract Tower,83,0,21,2,106,0,2,79,2,83,83,2,100,4,189,44,0,44,233
01/15/2020,GUM,GU,AWP,WE,Federal Contract Tower,78,4,11,7,100,0,0,0,0,0,78,4,11,7,100,70,0,70,170
01/16/2020,GUM,GU,AWP,WE,Federal Contract Tower,71,2,10,2,85,0,0,58,2,60,71,2,68,4,145,93,0,93,238
01/17/2020,GUM,GU,AWP,WE,Federal Contract Tower,76,2,9,0,87,0,1,66,0,67,76,3,75,0,154,116,0,116,270
01/18/2020,GUM,GU,AWP,WE,Federal Contract Tower,76,1,13,2,92,0,0,44,8,52,76,1,57,10,144,110,0,110,254
01/19/2020,GUM,GU,AWP,WE,Federal Contract Tower,81,2,8,8,99,0,0,52,5,57,81,2,60,13,156,94,0,94,250
01/20/2020,GUM,GU,AWP,WE,Federal Contract Tower,71,4,8,7,90,0,0,72,5,77,71,4,80,12,167,132,0,132,299
01/21/2020,GUM,GU,AWP,WE,Federal Contract Tower,76,0,2,2,80,0,0,78,4,82,76,0,80,6,162,108,0,108,270
01/22/2020,GUM,GU,AWP,WE,Federal Contract Tower,95,2,8,4,109,0,2,52,0,54,95,4,60,4,163,38,0,38,201
01/23/2020,GUM,GU,AWP,WE,Federal Contract Tower,76,0,7,0,83,0,0,63,0,63,76,0,70,0,146,106,6,112,258
01/24/2020,GUM,GU,AWP,WE,Federal Contract Tower,79,2,8,0,89,0,0,68,0,68,79,2,76,0,157,48,0,48,205
01/25/2020,GUM,GU,AWP,WE,Federal Contract Tower,76,1,4,0,81,0,0,82,0,82,76,1,86,0,163,66,0,66,229
01/26/2020,GUM,GU,AWP,WE,Federal Contract Tower,73,3,3,0,79,0,0,46,0,46,73,3,49,0,125,46,0,46,171
01/27/2020,GUM,GU,AWP,WE,Federal Contract Tower,69,3,8,0,80,0,1,78,0,79,69,4,86,0,159,24,0,24,183
01/28/2020,GUM,GU,AWP,WE,Federal Contract Tower,78,2,13,0,93,0,0,79,0,79,78,2,92,0,172,48,0,48,220
01/29/2020,GUM,GU,AWP,WE,Federal Contract Tower,76,1,5,0,82,0,0,72,0,72,76,1,77,0,154,30,0,30,184
01/30/2020,GUM,GU,AWP,WE,Federal Contract Tower,74,0,15,0,89,0,0,119,0,119,74,0,134,0,208,26,0,26,234
01/31/2020,GUM,GU,AWP,WE,Federal Contract Tower,81,0,3,0,84,0,0,79,0,79,81,0,82,0,163,16,0,16,179
02/01/2020,GUM,GU,AWP,WE,Federal Contract Tower,88,0,6,0,94,0,0,30,0,30,88,0,36,0,124,16,0,16,140
02/02/2020,GUM,GU,AWP,WE,Federal Contract Tower,73,0,1,1,75,0,0,6,0,6,73,0,7,1,81,16,0,16,97
02/03/2020,GUM,GU,AWP,WE,Federal Contract Tower,72,5,11,3,91,0,1,17,1,19,72,6,28,4,110,12,0,12,122
02/04/2020,GUM,GU,AWP,WE,Federal Contract Tower,79,2,6,2,89,0,0,58,8,66,79,2,64,10,155,6,0,6,161
02/05/2020,GUM,GU,AWP,WE,Federal Contract Tower,74,3,7,4,88,0,4,77,1,82,74,7,84,5,170,40,0,40,210
02/06/2020,GUM,GU,AWP,WE,Federal Contract Tower,73,0,7,1,81,0,0,66,3,69,73,0,73,4,150,38,0,38,188
02/07/2020,GUM,GU,AWP,WE,Federal Contract Tower,74,0,9,2,85,0,0,74,8,82,74,0,83,10,167,8,0,8,175
02/08/2020,GUM,GU,AWP,WE,Federal Contract Tower,76,2,2,0,80,0,0,42,0,42,76,2,44,0,122,64,0,64,186
02/09/2020,GUM,GU,AWP,WE,Federal Contract Tower,74,2,7,0,83,0,0,64,0,64,74,2,71,0,147,140,0,140,287
02/10/2020,GUM,GU,AWP,WE,Federal Contract Tower,72,0,8,4,84,0,0,74,0,74,72,0,82,4,158,38,0,38,196
02/11/2020,GUM,GU,AWP,WE,Federal Contract Tower,78,0,10,6,94,0,4,60,3,67,78,4,70,9,161,34,0,34,195
02/12/2020,GUM,GU,AWP,WE,Federal Contract Tower,73,4,8,3,88,0,0,54,1,55,73,4,62,4,143,44,4,48,191
02/13/2020,GUM,GU,AWP,WE,Federal Contract Tower,72,2,9,5,88,0,0,51,0,51,72,2,60,5,139,42,1,43,182
02/14/2020,GUM,GU,AWP,WE,Federal Contract Tower,74,2,13,2,91,0,0,38,0,38,74,2,51,2,129,52,0,52,181
02/15/2020,GUM,GU,AWP,WE,Federal Contract Tower,76,0,11,1,88,0,3,65,0,68,76,3,76,1,156,60,0,60,216
02/16/2020,GUM,GU,AWP,WE,Federal Contract Tower,74,0,4,1,79,0,0,41,0,41,74,0,45,1,120,20,0,20,140
02/17/2020,GUM,GU,AWP,WE,Federal Contract Tower,63,0,8,3,74,0,2,38,0,40,63,2,46,3,114,30,0,30,144
02/18/2020,GUM,GU,AWP,WE,Federal Contract Tower,69,0,10,0,79,0,1,41,0,42,69,1,51,0,121,50,18,68,189
02/19/2020,GUM,GU,AWP,WE,Federal Contract Tower,72,0,8,4,84,0,1,45,3,49,72,1,53,7,133,74,0,74,207
02/20/2020,GUM,GU,AWP,WE,Federal Contract Tower,66,3,9,10,88,0,1,51,0,52,66,4,60,10,140,47,0,47,187
02/21/2020,GUM,GU,AWP,WE,Federal Contract Tower,73,0,8,0,81,0,0,33,0,33,73,0,41,0,114,30,0,30,144
02/22/2020,GUM,GU,AWP,WE,Federal Contract Tower,72,1,6,1,80,0,0,66,0,66,72,1,72,1,146,46,0,46,192
02/23/2020,GUM,GU,AWP,WE,Federal Contract Tower,73,0,2,1,76,0,0,54,0,54,73,0,56,1,130,14,0,14,144
02/24/2020,GUM,GU,AWP,WE,Federal Contract Tower,65,0,10,0,75,0,1,43,0,44,65,1,53,0,119,58,0,58,177
02/25/2020,GUM,GU,AWP,WE,Federal Contract Tower,72,3,6,9,90,0,0,46,2,48,72,3,52,11,138,68,12,80,218
02/26/2020,GUM,GU,AWP,WE,Federal Contract Tower,65,1,6,2,74,0,6,52,0,58,65,7,58,2,132,58,0,58,190
02/27/2020,GUM,GU,AWP,WE,Federal Contract Tower,69,0,4,0,73,0,0,0,0,0,69,0,4,0,73,45,0,45,118
02/28/2020,GUM,GU,AWP,WE,Federal Contract Tower,70,0,6,0,76,0,0,53,0,53,70,0,59,0,129,65,44,109,238
02/29/2020,GUM,GU,AWP,WE,Federal Contract Tower,72,2,4,0,78,0,0,34,0,34,72,2,38,0,112,52,0,52,164
03/01/2020,GUM,GU,AWP,WE,Federal Contract Tower,73,0,6,0,79,0,0,46,0,46,73,0,52,0,125,26,0,26,151
03/02/2020,GUM,GU,AWP,WE,Federal Contract Tower,55,2,8,11,76,0,6,3,0,9,55,8,11,11,85,22,0,22,107
03/03/2020,GUM,GU,AWP,WE,Federal Contract Tower,58,2,4,7,71,0,4,24,0,28,58,6,28,7,99,0,2,2,101
03/04/2020,GUM,GU,AWP,WE,Federal Contract Tower,56,4,6,0,66,0,2,55,0,57,56,6,61,0,123,60,0,60,183
03/05/2020,GUM,GU,AWP,WE,Federal Contract Tower,64,0,8,0,72,0,0,43,0,43,64,0,51,0,115,34,0,34,149
03/06/2020,GUM,GU,AWP,WE,Federal Contract Tower,57,2,6,0,65,0,4,58,0,62,57,6,64,0,127,36,0,36,163
03/07/2020,GUM,GU,AWP,WE,Federal Contract Tower,60,4,4,2,70,0,2,38,0,40,60,6,42,2,110,42,0,42,152
03/08/2020,GUM,GU,AWP,WE,Federal Contract Tower,55,2,2,0,59,38,4,0,0,42,93,6,2,0,101,72,0,72,173
03/09/2020,GUM,GU,AWP,WE,Federal Contract Tower,46,2,11,0,59,0,0,20,0,20,46,2,31,0,79,36,0,36,115
03/10/2020,GUM,GU,AWP,WE,Federal Contract Tower,50,0,5,4,59,0,2,29,4,35,50,2,34,8,94,34,0,34,128
03/11/2020,GUM,GU,AWP,WE,Federal Contract Tower,52,0,3,7,62,0,0,35,1,36,52,0,38,8,98,30,13,43,141
03/12/2020,GUM,GU,AWP,WE,Federal Contract Tower,48,2,4,1,55,0,0,34,0,34,48,2,38,1,89,82,0,82,171
03/13/2020,GUM,GU,AWP,WE,Federal Contract Tower,52,2,4,0,58,0,3,32,0,35,52,5,36,0,93,128,0,128,221
03/14/2020,GUM,GU,AWP,WE,Federal Contract Tower,54,2,2,4,62,38,0,0,0,38,92,2,2,4,100,94,0,94,194
03/15/2020,GUM,GU,AWP,WE,Federal Contract Tower,48,2,0,0,50,2,0,28,0,30,50,2,28,0,80,75,0,75,155
03/16/2020,GUM,GU,AWP,WE,Federal Contract Tower,50,0,9,2,61,0,2,18,0,20,50,2,27,2,81,86,0,86,167
03/17/2020,GUM,GU,AWP,WE,Federal Contract Tower,52,2,6,0,60,0,0,20,0,20,52,2,26,0,80,64,0,64,144
03/18/2020,GUM,GU,AWP,WE,Federal Contract Tower,47,2,23,0,72,0,0,11,0,11,47,2,34,0,83,88,0,88,171
03/19/2020,GUM,GU,AWP,WE,Federal Contract Tower,46,2,2,0,50,0,0,7,0,7,46,2,9,0,57,78,0,78,135
03/20/2020,GUM,GU,AWP,WE,Federal Contract Tower,41,0,15,0,56,0,2,8,0,10,41,2,23,0,66,72,0,72,138
03/21/2020,GUM,GU,AWP,WE,Federal Contract Tower,25,0,8,0,33,0,0,0,0,0,25,0,8,0,33,44,0,44,77
03/22/2020,GUM,GU,AWP,WE,Federal Contract Tower,23,0,2,0,25,0,0,0,0,0,23,0,2,0,25,12,0,12,37
03/23/2020,GUM,GU,AWP,WE,Federal Contract Tower,12,0,4,0,16,0,0,2,0,2,12,0,6,0,18,0,0,0,18
03/24/2020,GUM,GU,AWP,WE,Federal Contract Tower,6,0,3,2,11,0,0,1,0,1,6,0,4,2,12,0,0,0,12
03/25/2020,GUM,GU,AWP,WE,Federal Contract Tower,7,0,8,0,15,0,0,4,2,6,7,0,12,2,21,0,0,0,21
03/26/2020,GUM,GU,AWP,WE,Federal Contract Tower,11,0,6,0,17,0,0,0,0,0,11,0,6,0,17,0,0,0,17
03/27/2020,GUM,GU,AWP,WE,Federal Contract Tower,6,2,7,0,15,0,0,4,0,4,6,2,11,0,19,0,0,0,19
03/28/2020,GUM,GU,AWP,WE,Federal Contract Tower,12,0,2,0,14,0,0,2,0,2,12,0,4,0,16,0,0,0,16
03/29/2020,GUM,GU,AWP,WE,Federal Contract Tower,17,0,0,0,17,0,0,0,0,0,17,0,0,0,17,2,0,2,19
03/30/2020,GUM,GU,AWP,WE,Federal Contract Tower,9,0,9,0,18,0,0,5,0,5,9,0,14,0,23,0,0,0,23
03/31/2020,GUM,GU,AWP,WE,Federal Contract Tower,6,0,7,0,13,0,0,2,0,2,6,0,9,0,15,0,0,0,15
04/01/2020,GUM,GU,AWP,WE,Federal Contract Tower,7,0,4,0,11,0,0,4,0,4,7,0,8,0,15,0,0,0,15
04/02/2020,GUM,GU,AWP,WE,Federal Contract Tower,6,0,4,0,10,0,0,5,0,5,6,0,9,0,15,0,0,0,15
04/03/2020,GUM,GU,AWP,WE,Federal Contract Tower,8,0,8,0,16,0,2,6,0,8,8,2,14,0,24,0,0,0,24
04/04/2020,GUM,GU,AWP,WE,Federal Contract Tower,5,2,2,0,9,0,0,0,0,0,5,2,2,0,9,0,0,0,9
04/05/2020,GUM,GU,AWP,WE,Federal Contract Tower,9,0,0,0,9,0,0,2,0,2,9,0,2,0,11,0,0,0,11
04/06/2020,GUM,GU,AWP,WE,Federal Contract Tower,5,0,10,2,17,0,0,4,24,28,5,0,14,26,45,0,0,0,45
04/07/2020,GUM,GU,AWP,WE,Federal Contract Tower,4,0,5,1,10,0,2,0,1,3,4,2,5,2,13,0,6,6,19
04/08/2020,GUM,GU,AWP,WE,Federal Contract Tower,8,0,5,0,13,0,0,5,0,5,8,0,10,0,18,0,0,0,18
04/09/2020,GUM,GU,AWP,WE,Federal Contract Tower,6,0,2,0,8,0,0,8,0,8,6,0,10,0,16,0,0,0,16
04/10/2020,GUM,GU,AWP,WE,Federal Contract Tower,7,0,5,0,12,0,0,4,2,6,7,0,9,2,18,0,0,0,18
04/11/2020,GUM,GU,AWP,WE,Federal Contract Tower,8,0,2,0,10,0,0,2,0,2,8,0,4,0,12,0,0,0,12
04/12/2020,GUM,GU,AWP,WE,Federal Contract Tower,7,0,0,0,7,0,0,0,0,0,7,0,0,0,7,0,0,0,7
04/13/2020,GUM,GU,AWP,WE,Federal Contract Tower,8,3,9,8,28,0,0,3,0,3,8,3,12,8,31,0,0,0,31
04/14/2020,GUM,GU,AWP,WE,Federal Contract Tower,6,0,5,0,11,0,1,2,0,3,6,1,7,0,14,0,0,0,14
04/15/2020,GUM,GU,AWP,WE,Federal Contract Tower,6,0,4,0,10,0,0,0,0,0,6,0,4,0,10,0,0,0,10
04/16/2020,GUM,GU,AWP,WE,Federal Contract Tower,10,0,6,2,18,0,0,10,2,12,10,0,16,4,30,0,10,10,40
04/17/2020,GUM,GU,AWP,WE,Federal Contract Tower,5,0,7,11,23,0,0,12,1,13,5,0,19,12,36,0,0,0,36
04/18/2020,GUM,GU,AWP,WE,Federal Contract Tower,5,0,4,0,9,0,0,0,0,0,5,0,4,0,9,0,0,0,9
04/19/2020,GUM,GU,AWP,WE,Federal Contract Tower,7,0,2,0,9,0,1,1,0,2,7,1,3,0,11,0,0,0,11
04/20/2020,GUM,GU,AWP,WE,Federal Contract Tower,5,0,4,4,13,0,0,4,0,4,5,0,8,4,17,0,0,0,17
04/21/2020,GUM,GU,AWP,WE,Federal Contract Tower,3,0,10,0,13,0,0,4,0,4,3,0,14,0,17,0,0,0,17
04/22/2020,GUM,GU,AWP,WE,Federal Contract Tower,7,1,4,0,12,0,0,5,0,5,7,1,9,0,17,0,0,0,17
04/23/2020,GUM,GU,AWP,WE,Federal Contract Tower,7,2,6,2,17,0,1,6,0,7,7,3,12,2,24,0,0,0,24
04/24/2020,GUM,GU,AWP,WE,Federal Contract Tower,6,0,9,0,15,0,0,6,0,6,6,0,15,0,21,0,0,0,21
04/25/2020,GUM,GU,AWP,WE,Federal Contract Tower,9,0,2,0,11,0,0,0,0,0,9,0,2,0,11,0,0,0,11
04/26/2020,GUM,GU,AWP,WE,Federal Contract Tower,5,5,2,0,12,0,1,1,0,2,5,6,3,0,14,0,0,0,14
04/27/2020,GUM,GU,AWP,WE,Federal Contract Tower,4,1,13,0,18,0,0,0,0,0,4,1,13,0,18,0,0,0,18
04/28/2020,GUM,GU,AWP,WE,Federal Contract Tower,3,0,2,2,7,0,0,3,0,3,3,0,5,2,10,0,0,0,10
04/29/2020,GUM,GU,AWP,WE,Federal Contract Tower,9,0,9,1,19,0,0,4,2,6,9,0,13,3,25,0,0,0,25
04/30/2020,GUM,GU,AWP,WE,Federal Contract Tower,6,0,4,2,12,0,0,6,2,8,6,0,10,4,20,0,12,12,32
05/01/2020,GUM,GU,AWP,WE,Federal Contract Tower,6,0,9,0,15,0,7,8,2,17,6,7,17,2,32,0,2,2,34
05/02/2020,GUM,GU,AWP,WE,Federal Contract Tower,9,0,2,0,11,0,2,0,0,2,9,2,2,0,13,0,0,0,13
05/03/2020,GUM,GU,AWP,WE,Federal Contract Tower,9,0,0,0,9,0,0,0,0,0,9,0,0,0,9,0,0,0,9
05/04/2020,GUM,GU,AWP,WE,Federal Contract Tower,9,0,8,5,22,0,0,2,0,2,9,0,10,5,24,0,5,5,29
05/05/2020,GUM,GU,AWP,WE,Federal Contract Tower,10,0,7,0,17,0,2,1,0,3,10,2,8,0,20,0,0,0,20
05/06/2020,GUM,GU,AWP,WE,Federal Contract Tower,13,0,10,0,23,0,0,4,0,4,13,0,14,0,27,0,0,0,27
05/07/2020,GUM,GU,AWP,WE,Federal Contract Tower,15,0,2,0,17,0,0,8,0,8,15,0,10,0,25,0,0,0,25
05/08/2020,GUM,GU,AWP,WE,Federal Contract Tower,13,3,7,0,23,0,1,5,4,10,13,4,12,4,33,0,10,10,43
05/09/2020,GUM,GU,AWP,WE,Federal Contract Tower,14,0,2,0,16,0,0,2,0,2,14,0,4,0,18,0,0,0,18
05/10/2020,GUM,GU,AWP,WE,Federal Contract Tower,14,0,1,0,15,0,0,0,0,0,14,0,1,0,15,0,0,0,15
05/11/2020,GUM,GU,AWP,WE,Federal Contract Tower,11,0,8,0,19,0,2,2,0,4,11,2,10,0,23,0,0,0,23
05/12/2020,GUM,GU,AWP,WE,Federal Contract Tower,13,0,7,0,20,0,0,0,0,0,13,0,7,0,20,0,0,0,20
05/13/2020,GUM,GU,AWP,WE,Federal Contract Tower,12,0,10,0,22,0,0,6,0,6,12,0,16,0,28,0,0,0,28
05/14/2020,GUM,GU,AWP,WE,Federal Contract Tower,17,0,3,0,20,0,0,8,10,18,17,0,11,10,38,0,2,2,40
05/15/2020,GUM,GU,AWP,WE,Federal Contract Tower,10,0,8,6,24,0,0,6,10,16,10,0,14,16,40,0,0,0,40
05/16/2020,GUM,GU,AWP,WE,Federal Contract Tower,14,0,4,0,18,0,0,0,0,0,14,0,4,0,18,0,0,0,18
05/17/2020,GUM,GU,AWP,WE,Federal Contract Tower,15,0,1,0,16,0,0,2,0,2,15,0,3,0,18,0,0,0,18
05/18/2020,GUM,GU,AWP,WE,Federal Contract Tower,10,2,10,0,22,0,0,2,4,6,10,2,12,4,28,0,0,0,28
05/19/2020,GUM,GU,AWP,WE,Federal Contract Tower,12,0,5,0,17,0,0,0,0,0,12,0,5,0,17,0,0,0,17
05/20/2020,GUM,GU,AWP,WE,Federal Contract Tower,13,0,9,0,22,0,0,3,0,3,13,0,12,0,25,0,0,0,25
05/21/2020,GUM,GU,AWP,WE,Federal Contract Tower,20,2,7,10,39,0,2,6,0,8,20,4,13,10,47,0,0,0,47
05/22/2020,GUM,GU,AWP,WE,Federal Contract Tower,16,0,12,0,28,0,0,10,0,10,16,0,22,0,38,0,0,0,38
05/23/2020,GUM,GU,AWP,WE,Federal Contract Tower,14,2,7,0,23,0,0,0,4,4,14,2,7,4,27,0,6,6,33
05/24/2020,GUM,GU,AWP,WE,Federal Contract Tower,10,0,4,0,14,0,2,1,0,3,10,2,5,0,17,0,0,0,17
05/26/2020,GUM,GU,AWP,WE,Federal Contract Tower,13,1,6,0,20,0,0,3,0,3,13,1,9,0,23,0,0,0,23
05/27/2020,GUM,GU,AWP,WE,Federal Contract Tower,16,0,10,0,26,0,0,2,0,2,16,0,12,0,28,0,0,0,28
05/28/2020,GUM,GU,AWP,WE,Federal Contract Tower,17,1,3,3,24,0,2,5,3,10,17,3,8,6,34,0,22,22,56
05/29/2020,GUM,GU,AWP,WE,Federal Contract Tower,13,0,10,1,24,0,2,7,9,18,13,2,17,10,42,0,0,0,42
05/30/2020,GUM,GU,AWP,WE,Federal Contract Tower,15,0,5,16,36,0,0,0,0,0,15,0,5,16,36,0,4,4,40
05/31/2020,GUM,GU,AWP,WE,Federal Contract Tower,11,2,0,0,13,0,0,0,0,0,11,2,0,0,13,0,0,0,13
06/01/2020,GUM,GU,AWP,WE,Federal Contract Tower,12,0,7,0,19,0,2,2,2,6,12,2,9,2,25,10,0,10,35
06/02/2020,GUM,GU,AWP,WE,Federal Contract Tower,12,0,4,5,21,0,0,4,1,5,12,0,8,6,26,10,0,10,36
06/03/2020,GUM,GU,AWP,WE,Federal Contract Tower,11,0,4,1,16,0,2,4,2,8,11,2,8,3,24,0,8,8,32
06/04/2020,GUM,GU,AWP,WE,Federal Contract Tower,18,0,6,2,26,0,2,8,9,19,18,2,14,11,45,0,0,0,45
06/05/2020,GUM,GU,AWP,WE,Federal Contract Tower,18,0,14,0,32,0,0,12,9,21,18,0,26,9,53,0,4,4,57
06/06/2020,GUM,GU,AWP,WE,Federal Contract Tower,15,0,7,0,22,0,2,1,2,5,15,2,8,2,27,1,8,9,36
06/07/2020,GUM,GU,AWP,WE,Federal Contract Tower,12,0,0,0,12,0,0,2,0,2,12,0,2,0,14,0,8,8,22
06/08/2020,GUM,GU,AWP,WE,Federal Contract Tower,13,0,12,0,25,0,2,6,0,8,13,2,18,0,33,2,0,2,35
06/09/2020,GUM,GU,AWP,WE,Federal Contract Tower,13,0,13,14,40,0,2,2,0,4,13,2,15,14,44,0,0,0,44
06/10/2020,GUM,GU,AWP,WE,Federal Contract Tower,15,0,11,0,26,0,0,10,2,12,15,0,21,2,38,0,0,0,38
06/11/2020,GUM,GU,AWP,WE,Federal Contract Tower,17,0,9,2,28,0,0,8,2,10,17,0,17,4,38,0,22,22,60
06/12/2020,GUM,GU,AWP,WE,Federal Contract Tower,15,2,14,0,31,0,2,7,0,9,15,4,21,0,40,6,0,6,46
06/13/2020,GUM,GU,AWP,WE,Federal Contract Tower,16,0,6,2,24,0,0,2,0,2,16,0,8,2,26,2,0,2,28
06/14/2020,GUM,GU,AWP,WE,Federal Contract Tower,9,0,0,2,11,0,0,2,2,4,9,0,2,4,15,8,0,8,23
06/15/2020,GUM,GU,AWP,WE,Federal Contract Tower,13,2,8,0,23,0,0,3,1,4,13,2,11,1,27,12,0,12,39
06/16/2020,GUM,GU,AWP,WE,Federal Contract Tower,16,2,5,0,23,0,4,2,0,6,16,6,7,0,29,12,0,12,41
06/17/2020,GUM,GU,AWP,WE,Federal Contract Tower,17,0,14,0,31,0,2,0,6,8,17,2,14,6,39,0,0,0,39
06/18/2020,GUM,GU,AWP,WE,Federal Contract Tower,19,0,6,6,31,0,0,16,8,24,19,0,22,14,55,16,0,16,71
06/19/2020,GUM,GU,AWP,WE,Federal Contract Tower,13,3,12,0,28,0,2,31,0,33,13,5,43,0,61,0,0,0,61
06/20/2020,GUM,GU,AWP,WE,Federal Contract Tower,17,0,8,0,25,0,0,1,8,9,17,0,9,8,34,11,0,11,45
06/21/2020,GUM,GU,AWP,WE,Federal Contract Tower,11,0,0,0,11,0,0,6,0,6,11,0,6,0,17,4,0,4,21
06/22/2020,GUM,GU,AWP,WE,Federal Contract Tower,12,0,12,0,24,0,0,4,0,4,12,0,16,0,28,0,0,0,28
06/23/2020,GUM,GU,AWP,WE,Federal Contract Tower,12,0,10,2,24,0,0,0,0,0,12,0,10,2,24,0,0,0,24
06/24/2020,GUM,GU,AWP,WE,Federal Contract Tower,15,0,8,0,23,0,4,0,0,4,15,4,8,0,27,0,0,0,27
06/25/2020,GUM,GU,AWP,WE,Federal Contract Tower,19,0,6,0,25,0,0,12,0,12,19,0,18,0,37,6,0,6,43
06/26/2020,GUM,GU,AWP,WE,Federal Contract Tower,13,1,7,0,21,0,1,11,4,16,13,2,18,4,37,0,0,0,37
06/27/2020,GUM,GU,AWP,WE,Federal Contract Tower,22,0,4,0,26,0,0,2,0,2,22,0,6,0,28,0,0,0,28
06/28/2020,GUM,GU,AWP,WE,Federal Contract Tower,14,0,0,0,14,0,0,4,0,4,14,0,4,0,18,6,0,6,24
06/29/2020,GUM,GU,AWP,WE,Federal Contract Tower,12,0,9,0,21,0,0,0,0,0,12,0,9,0,21,0,0,0,21
06/30/2020,GUM,GU,AWP,WE,Federal Contract Tower,8,0,8,3,19,0,2,2,6,10,8,2,10,9,29,0,0,0,29
07/01/2020,GUM,GU,AWP,WE,Federal Contract Tower,16,0,12,0,28,0,0,2,0,2,16,0,14,0,30,0,0,0,30
07/02/2020,GUM,GU,AWP,WE,Federal Contract Tower,19,0,10,0,29,0,0,8,4,12,19,0,18,4,41,14,0,14,55
07/03/2020,GUM,GU,AWP,WE,Federal Contract Tower,12,0,12,0,24,0,2,13,0,15,12,2,25,0,39,0,0,0,39
07/04/2020,GUM,GU,AWP,WE,Federal Contract Tower,16,0,6,0,22,0,0,4,0,4,16,0,10,0,26,20,0,20,46
07/05/2020,GUM,GU,AWP,WE,Federal Contract Tower,18,0,0,0,18,0,0,4,0,4,18,0,4,0,22,6,0,6,28
07/06/2020,GUM,GU,AWP,WE,Federal Contract Tower,13,0,12,1,26,0,0,2,2,4,13,0,14,3,30,40,0,40,70
07/07/2020,GUM,GU,AWP,WE,Federal Contract Tower,7,0,6,0,13,0,1,5,0,6,7,1,11,0,19,0,0,0,19
07/08/2020,GUM,GU,AWP,WE,Federal Contract Tower,13,0,9,0,22,0,0,2,0,2,13,0,11,0,24,0,8,8,32
07/09/2020,GUM,GU,AWP,WE,Federal Contract Tower,22,2,7,2,33,0,0,2,4,6,22,2,9,6,39,0,0,0,39
07/10/2020,GUM,GU,AWP,WE,Federal Contract Tower,13,0,8,0,21,0,0,10,0,10,13,0,18,0,31,12,0,12,43
07/11/2020,GUM,GU,AWP,WE,Federal Contract Tower,19,0,4,0,23,0,0,5,0,5,19,0,9,0,28,7,0,7,35
07/12/2020,GUM,GU,AWP,WE,Federal Contract Tower,19,0,2,0,21,0,3,3,0,6,19,3,5,0,27,6,0,6,33
07/13/2020,GUM,GU,AWP,WE,Federal Contract Tower,13,0,14,0,27,0,0,0,0,0,13,0,14,0,27,0,0,0,27
07/14/2020,GUM,GU,AWP,WE,Federal Contract Tower,10,2,7,0,19,0,0,9,0,9,10,2,16,0,28,11,6,17,45
07/15/2020,GUM,GU,AWP,WE,Federal Contract Tower,19,0,8,0,27,0,0,6,0,6,19,0,14,0,33,0,0,0,33
07/16/2020,GUM,GU,AWP,WE,Federal Contract Tower,26,1,6,2,35,0,0,13,0,13,26,1,19,2,48,8,0,8,56
07/17/2020,GUM,GU,AWP,WE,Federal Contract Tower,19,2,4,0,25,0,0,17,0,17,19,2,21,0,42,0,0,0,42
07/18/2020,GUM,GU,AWP,WE,Federal Contract Tower,25,0,4,0,29,0,0,4,0,4,25,0,8,0,33,19,0,19,52
07/19/2020,GUM,GU,AWP,WE,Federal Contract Tower,24,0,0,0,24,0,0,4,0,4,24,0,4,0,28,14,0,14,42
07/20/2020,GUM,GU,AWP,WE,Federal Contract Tower,21,0,13,0,34,0,0,9,0,9,21,0,22,0,43,6,0,6,49
07/21/2020,GUM,GU,AWP,WE,Federal Contract Tower,11,0,7,0,18,0,0,2,0,2,11,0,9,0,20,12,0,12,32
07/22/2020,GUM,GU,AWP,WE,Federal Contract Tower,25,0,10,0,35,0,0,6,0,6,25,0,16,0,41,22,0,22,63
07/23/2020,GUM,GU,AWP,WE,Federal Contract Tower,30,2,13,0,45,0,0,13,0,13,30,2,26,0,58,54,0,54,112
07/24/2020,GUM,GU,AWP,WE,Federal Contract Tower,24,1,9,18,52,0,2,3,0,5,24,3,12,18,57,60,0,60,117
07/25/2020,GUM,GU,AWP,WE,Federal Contract Tower,24,0,5,0,29,0,1,4,0,5,24,1,9,0,34,34,0,34,68
07/26/2020,GUM,GU,AWP,WE,Federal Contract Tower,31,2,0,0,33,0,0,0,0,0,31,2,0,0,33,60,0,60,93
07/27/2020,GUM,GU,AWP,WE,Federal Contract Tower,23,0,12,0,35,0,0,0,0,0,23,0,12,0,35,48,0,48,83
07/28/2020,GUM,GU,AWP,WE,Federal Contract Tower,10,0,6,0,16,0,0,0,0,0,10,0,6,0,16,0,0,0,16
07/29/2020,GUM,GU,AWP,WE,Federal Contract Tower,21,0,7,1,29,0,2,4,0,6,21,2,11,1,35,20,6,26,61
07/30/2020,GUM,GU,AWP,WE,Federal Contract Tower,25,0,6,1,32,0,0,16,6,22,25,0,22,7,54,8,0,8,62
07/31/2020,GUM,GU,AWP,WE,Federal Contract Tower,26,1,12,0,39,0,1,3,0,4,26,2,15,0,43,10,0,10,53
08/01/2020,GUM,GU,AWP,WE,Federal Contract Tower,21,0,2,0,23,0,0,2,0,2,21,0,4,0,25,27,0,27,52
08/02/2020,GUM,GU,AWP,WE,Federal Contract Tower,32,0,0,0,32,0,1,4,0,5,32,1,4,0,37,21,0,21,58
08/03/2020,GUM,GU,AWP,WE,Federal Contract Tower,29,0,11,0,40,0,0,0,0,0,29,0,11,0,40,34,0,34,74
08/04/2020,GUM,GU,AWP,WE,Federal Contract Tower,16,0,10,0,26,0,0,1,0,1,16,0,11,0,27,8,14,22,49
08/05/2020,GUM,GU,AWP,WE,Federal Contract Tower,22,0,9,0,31,0,0,2,0,2,22,0,11,0,33,10,0,10,43
08/06/2020,GUM,GU,AWP,WE,Federal Contract Tower,33,0,9,0,42,0,0,8,0,8,33,0,17,0,50,16,0,16,66
08/07/2020,GUM,GU,AWP,WE,Federal Contract Tower,22,0,10,0,32,0,7,2,0,9,22,7,12,0,41,18,0,18,59
08/08/2020,GUM,GU,AWP,WE,Federal Contract Tower,24,0,12,0,36,0,0,0,0,0,24,0,12,0,36,14,0,14,50
08/09/2020,GUM,GU,AWP,WE,Federal Contract Tower,27,0,1,0,28,0,2,2,0,4,27,2,3,0,32,12,0,12,44
08/10/2020,GUM,GU,AWP,WE,Federal Contract Tower,23,0,21,0,44,0,0,2,1,3,23,0,23,1,47,6,0,6,53
08/11/2020,GUM,GU,AWP,WE,Federal Contract Tower,15,3,7,0,25,0,0,2,0,2,15,3,9,0,27,14,0,14,41
08/12/2020,GUM,GU,AWP,WE,Federal Contract Tower,20,1,10,0,31,0,0,4,0,4,20,1,14,0,35,0,0,0,35
08/13/2020,GUM,GU,AWP,WE,Federal Contract Tower,24,0,4,0,28,0,0,10,0,10,24,0,14,0,38,18,0,18,56
08/14/2020,GUM,GU,AWP,WE,Federal Contract Tower,26,0,11,0,37,0,0,8,0,8,26,0,19,0,45,12,0,12,57
08/15/2020,GUM,GU,AWP,WE,Federal Contract Tower,24,0,4,0,28,0,0,2,0,2,24,0,6,0,30,0,0,0,30
08/16/2020,GUM,GU,AWP,WE,Federal Contract Tower,23,0,0,0,23,0,2,2,2,6,23,2,2,2,29,0,0,0,29
08/17/2020,GUM,GU,AWP,WE,Federal Contract Tower,25,2,12,0,39,0,0,2,0,2,25,2,14,0,41,0,0,0,41
08/18/2020,GUM,GU,AWP,WE,Federal Contract Tower,17,0,9,2,28,0,0,2,0,2,17,0,11,2,30,0,0,0,30
08/19/2020,GUM,GU,AWP,WE,Federal Contract Tower,21,1,13,0,35,0,2,2,0,4,21,3,15,0,39,0,0,0,39
08/20/2020,GUM,GU,AWP,WE,Federal Contract Tower,27,0,4,0,31,0,0,6,0,6,27,0,10,0,37,6,0,6,43
08/21/2020,GUM,GU,AWP,WE,Federal Contract Tower,25,0,8,0,33,0,0,5,0,5,25,0,13,0,38,0,0,0,38
08/22/2020,GUM,GU,AWP,WE,Federal Contract Tower,26,0,6,0,32,0,0,0,0,0,26,0,6,0,32,0,0,0,32
08/23/2020,GUM,GU,AWP,WE,Federal Contract Tower,25,0,2,0,27,0,0,2,0,2,25,0,4,0,29,0,0,0,29
08/24/2020,GUM,GU,AWP,WE,Federal Contract Tower,30,0,16,0,46,0,0,0,0,0,30,0,16,0,46,0,0,0,46
08/25/2020,GUM,GU,AWP,WE,Federal Contract Tower,16,0,8,5,29,0,0,2,2,4,16,0,10,7,33,10,0,10,43
08/26/2020,GUM,GU,AWP,WE,Federal Contract Tower,22,0,11,2,35,0,0,2,0,2,22,0,13,2,37,0,14,14,51
08/27/2020,GUM,GU,AWP,WE,Federal Contract Tower,31,0,8,0,39,0,0,7,0,7,31,0,15,0,46,0,0,0,46
08/28/2020,GUM,GU,AWP,WE,Federal Contract Tower,25,2,11,0,38,0,0,0,0,0,25,2,11,0,38,0,0,0,38
08/29/2020,GUM,GU,AWP,WE,Federal Contract Tower,25,1,5,0,31,0,0,5,0,5,25,1,10,0,36,0,0,0,36
08/30/2020,GUM,GU,AWP,WE,Federal Contract Tower,22,0,0,0,22,0,0,4,0,4,22,0,4,0,26,10,0,10,36
08/31/2020,GUM,GU,AWP,WE,Federal Contract Tower,28,0,15,0,43,0,0,0,2,2,28,0,15,2,45,0,0,0,45
09/01/2020,GUM,GU,AWP,WE,Federal Contract Tower,17,0,10,0,27,0,0,4,0,4,17,0,14,0,31,0,0,0,31
09/02/2020,GUM,GU,AWP,WE,Federal Contract Tower,21,0,15,0,36,0,2,0,0,2,21,2,15,0,38,12,0,12,50
09/03/2020,GUM,GU,AWP,WE,Federal Contract Tower,27,0,8,0,35,0,4,2,0,6,27,4,10,0,41,17,0,17,58
09/04/2020,GUM,GU,AWP,WE,Federal Contract Tower,23,1,9,0,33,0,1,6,2,9,23,2,15,2,42,6,0,6,48
09/05/2020,GUM,GU,AWP,WE,Federal Contract Tower,28,0,10,0,38,0,0,0,0,0,28,0,10,0,38,0,0,0,38
09/06/2020,GUM,GU,AWP,WE,Federal Contract Tower,25,0,2,0,27,0,0,4,0,4,25,0,6,0,31,6,0,6,37
09/07/2020,GUM,GU,AWP,WE,Federal Contract Tower,26,0,12,0,38,0,0,4,0,4,26,0,16,0,42,0,0,0,42
09/08/2020,GUM,GU,AWP,WE,Federal Contract Tower,15,0,12,0,27,0,0,0,0,0,15,0,12,0,27,14,0,14,41
09/09/2020,GUM,GU,AWP,WE,Federal Contract Tower,24,0,12,4,40,0,0,4,0,4,24,0,16,4,44,0,0,0,44
09/10/2020,GUM,GU,AWP,WE,Federal Contract Tower,30,0,12,0,42,0,0,10,0,10,30,0,22,0,52,10,0,10,62
09/11/2020,GUM,GU,AWP,WE,Federal Contract Tower,29,1,15,0,45,0,3,13,3,19,29,4,28,3,64,0,2,2,66
09/12/2020,GUM,GU,AWP,WE,Federal Contract Tower,32,1,7,0,40,0,0,0,0,0,32,1,7,0,40,0,0,0,40
09/13/2020,GUM,GU,AWP,WE,Federal Contract Tower,32,0,1,0,33,0,0,2,0,2,32,0,3,0,35,0,0,0,35
09/14/2020,GUM,GU,AWP,WE,Federal Contract Tower,27,0,12,0,39,0,0,0,0,0,27,0,12,0,39,0,0,0,39
09/15/2020,GUM,GU,AWP,WE,Federal Contract Tower,19,0,11,0,30,0,0,4,0,4,19,0,15,0,34,0,0,0,34
09/16/2020,GUM,GU,AWP,WE,Federal Contract Tower,19,0,10,1,30,0,0,0,0,0,19,0,10,1,30,0,0,0,30
09/17/2020,GUM,GU,AWP,WE,Federal Contract Tower,31,0,6,0,37,0,0,3,0,3,31,0,9,0,40,6,0,6,46
09/18/2020,GUM,GU,AWP,WE,Federal Contract Tower,31,0,12,1,44,0,3,10,0,13,31,3,22,1,57,60,0,60,117
09/19/2020,GUM,GU,AWP,WE,Federal Contract Tower,44,0,7,4,55,0,0,4,3,7,44,0,11,7,62,27,10,37,99
09/20/2020,GUM,GU,AWP,WE,Federal Contract Tower,31,1,1,1,34,0,1,1,0,2,31,2,2,1,36,58,0,58,94
09/21/2020,GUM,GU,AWP,WE,Federal Contract Tower,33,0,10,0,43,0,0,0,2,2,33,0,10,2,45,40,2,42,87
09/22/2020,GUM,GU,AWP,WE,Federal Contract Tower,23,0,10,0,33,0,2,0,0,2,23,2,10,0,35,42,14,56,91
09/23/2020,GUM,GU,AWP,WE,Federal Contract Tower,28,2,12,0,42,0,0,5,0,5,28,2,17,0,47,74,0,74,121
09/24/2020,GUM,GU,AWP,WE,Federal Contract Tower,28,0,7,4,39,0,0,16,0,16,28,0,23,4,55,68,0,68,123
09/25/2020,GUM,GU,AWP,WE,Federal Contract Tower,29,0,10,0,39,0,0,20,0,20,29,0,30,0,59,70,0,70,129
09/26/2020,GUM,GU,AWP,WE,Federal Contract Tower,28,0,6,0,34,0,0,4,0,4,28,0,10,0,38,60,0,60,98
09/27/2020,GUM,GU,AWP,WE,Federal Contract Tower,28,0,2,0,30,0,0,0,0,0,28,0,2,0,30,6,0,6,36
09/28/2020,GUM,GU,AWP,WE,Federal Contract Tower,28,0,14,1,43,0,0,2,1,3,28,0,16,2,46,0,17,17,63
09/29/2020,GUM,GU,AWP,WE,Federal Contract Tower,17,1,15,1,34,0,3,2,3,8,17,4,17,4,42,0,6,6,48
09/30/2020,GUM,GU,AWP,WE,Federal Contract Tower,25,0,17,6,48,0,0,4,0,4,25,0,21,6,52,0,0,0,52
10/01/2020,GUM,GU,AWP,WE,Federal Contract Tower,32,0,8,3,43,0,0,6,3,9,32,0,14,6,52,0,0,0,52
10/02/2020,GUM,GU,AWP,WE,Federal Contract Tower,27,0,10,0,37,0,1,5,0,6,27,1,15,0,43,0,0,0,43
10/03/2020,GUM,GU,AWP,WE,Federal Contract Tower,30,0,4,0,34,0,0,0,0,0,30,0,4,0,34,0,0,0,34
10/04/2020,GUM,GU,AWP,WE,Federal Contract Tower,17,0,0,0,17,0,0,0,0,0,17,0,0,0,17,0,0,0,17
10/05/2020,GUM,GU,AWP,WE,Federal Contract Tower,18,0,14,0,32,0,0,2,0,2,18,0,16,0,34,0,0,0,34
10/06/2020,GUM,GU,AWP,WE,Federal Contract Tower,10,0,8,2,20,0,0,1,2,3,10,0,9,4,23,0,0,0,23
10/07/2020,GUM,GU,AWP,WE,Federal Contract Tower,14,0,12,0,26,0,0,3,4,7,14,0,15,4,33,0,0,0,33
10/08/2020,GUM,GU,AWP,WE,Federal Contract Tower,24,0,9,3,36,0,0,8,0,8,24,0,17,3,44,0,0,0,44
10/09/2020,GUM,GU,AWP,WE,Federal Contract Tower,19,0,15,0,34,0,0,2,0,2,19,0,17,0,36,0,0,0,36
10/10/2020,GUM,GU,AWP,WE,Federal Contract Tower,26,0,7,0,33,0,0,3,0,3,26,0,10,0,36,0,0,0,36
10/11/2020,GUM,GU,AWP,WE,Federal Contract Tower,20,0,0,0,20,0,0,2,0,2,20,0,2,0,22,14,0,14,36
10/12/2020,GUM,GU,AWP,WE,Federal Contract Tower,25,0,13,1,39,0,0,2,0,2,25,0,15,1,41,2,0,2,43
10/13/2020,GUM,GU,AWP,WE,Federal Contract Tower,12,0,14,3,29,0,0,2,0,2,12,0,16,3,31,0,0,0,31
10/14/2020,GUM,GU,AWP,WE,Federal Contract Tower,17,0,10,0,27,0,0,5,2,7,17,0,15,2,34,0,0,0,34
10/15/2020,GUM,GU,AWP,WE,Federal Contract Tower,27,0,8,2,37,0,0,10,0,10,27,0,18,2,47,18,0,18,65
10/16/2020,GUM,GU,AWP,WE,Federal Contract Tower,25,0,13,0,38,0,0,3,0,3,25,0,16,0,41,0,0,0,41
10/17/2020,GUM,GU,AWP,WE,Federal Contract Tower,27,2,4,3,36,0,2,3,0,5,27,4,7,3,41,4,0,4,45
10/18/2020,GUM,GU,AWP,WE,Federal Contract Tower,18,0,0,0,18,0,0,2,0,2,18,0,2,0,20,0,0,0,20
10/19/2020,GUM,GU,AWP,WE,Federal Contract Tower,23,0,18,2,43,0,0,2,0,2,23,0,20,2,45,2,0,2,47
10/20/2020,GUM,GU,AWP,WE,Federal Contract Tower,15,0,13,1,29,0,0,11,2,13,15,0,24,3,42,0,2,2,44
10/21/2020,GUM,GU,AWP,WE,Federal Contract Tower,19,1,10,0,30,0,0,6,0,6,19,1,16,0,36,0,0,0,36
10/22/2020,GUM,GU,AWP,WE,Federal Contract Tower,23,0,9,0,32,0,0,12,0,12,23,0,21,0,44,0,0,0,44
10/23/2020,GUM,GU,AWP,WE,Federal Contract Tower,22,1,19,0,42,0,0,0,0,0,22,1,19,0,42,0,0,0,42
10/24/2020,GUM,GU,AWP,WE,Federal Contract Tower,24,0,5,0,29,0,0,3,0,3,24,0,8,0,32,46,0,46,78
10/25/2020,GUM,GU,AWP,WE,Federal Contract Tower,17,0,3,0,20,0,0,0,0,0,17,0,3,0,20,64,0,64,84
10/26/2020,GUM,GU,AWP,WE,Federal Contract Tower,38,2,17,0,57,0,0,6,4,10,38,2,23,4,67,47,0,47,114
10/27/2020,GUM,GU,AWP,WE,Federal Contract Tower,17,0,12,0,29,0,0,0,0,0,17,0,12,0,29,40,0,40,69
10/28/2020,GUM,GU,AWP,WE,Federal Contract Tower,18,0,16,0,34,0,0,8,0,8,18,0,24,0,42,62,0,62,104
10/29/2020,GUM,GU,AWP,WE,Federal Contract Tower,23,1,11,4,39,0,0,0,0,0,23,1,11,4,39,97,2,99,138
10/30/2020,GUM,GU,AWP,WE,Federal Contract Tower,25,0,16,0,41,0,4,0,0,4,25,4,16,0,45,70,0,70,115
10/31/2020,GUM,GU,AWP,WE,Federal Contract Tower,23,0,15,0,38,0,0,2,0,2,23,0,17,0,40,72,0,72,112
11/01/2020,GUM,GU,AWP,WE,Federal Contract Tower,16,0,5,0,21,0,0,5,0,5,16,0,10,0,26,60,0,60,86
11/02/2020,GUM,GU,AWP,WE,Federal Contract Tower,22,0,13,6,41,0,0,7,2,9,22,0,20,8,50,26,2,28,78
11/03/2020,GUM,GU,AWP,WE,Federal Contract Tower,18,0,10,1,29,0,0,5,9,14,18,0,15,10,43,11,0,11,54
11/04/2020,GUM,GU,AWP,WE,Federal Contract Tower,18,0,25,6,49,0,0,8,2,10,18,0,33,8,59,4,0,4,63
11/05/2020,GUM,GU,AWP,WE,Federal Contract Tower,23,0,7,0,30,0,0,7,0,7,23,0,14,0,37,4,0,4,41
11/06/2020,GUM,GU,AWP,WE,Federal Contract Tower,20,1,10,0,31,0,0,9,0,9,20,1,19,0,40,18,0,18,58
11/07/2020,GUM,GU,AWP,WE,Federal Contract Tower,22,0,9,0,31,0,0,4,0,4,22,0,13,0,35,0,0,0,35
11/08/2020,GUM,GU,AWP,WE,Federal Contract Tower,17,0,0,0,17,0,0,5,0,5,17,0,5,0,22,0,0,0,22
11/10/2020,GUM,GU,AWP,WE,Federal Contract Tower,13,2,4,1,20,0,0,4,1,5,13,2,8,2,25,0,10,10,35
11/11/2020,GUM,GU,AWP,WE,Federal Contract Tower,19,1,11,0,31,0,0,7,0,7,19,1,18,0,38,0,0,0,38
11/12/2020,GUM,GU,AWP,WE,Federal Contract Tower,22,0,7,0,29,0,0,6,0,6,22,0,13,0,35,0,6,6,41
11/13/2020,GUM,GU,AWP,WE,Federal Contract Tower,20,0,11,0,31,0,2,5,0,7,20,2,16,0,38,10,0,10,48
11/14/2020,GUM,GU,AWP,WE,Federal Contract Tower,23,0,0,0,23,0,0,6,2,8,23,0,6,2,31,8,4,12,43
11/15/2020,GUM,GU,AWP,WE,Federal Contract Tower,18,0,2,2,22,0,0,2,0,2,18,0,4,2,24,5,0,5,29
11/16/2020,GUM,GU,AWP,WE,Federal Contract Tower,23,0,16,7,46,0,0,10,0,10,23,0,26,7,56,6,12,18,74
11/17/2020,GUM,GU,AWP,WE,Federal Contract Tower,15,0,11,1,27,0,0,14,0,14,15,0,25,1,41,30,0,30,71
11/18/2020,GUM,GU,AWP,WE,Federal Contract Tower,21,0,12,1,34,0,0,10,0,10,21,0,22,1,44,44,0,44,88
11/19/2020,GUM,GU,AWP,WE,Federal Contract Tower,25,0,11,0,36,0,0,12,2,14,25,0,23,2,50,0,0,0,50
11/20/2020,GUM,GU,AWP,WE,Federal Contract Tower,19,0,8,0,27,0,0,12,0,12,19,0,20,0,39,32,0,32,71
11/21/2020,GUM,GU,AWP,WE,Federal Contract Tower,22,0,13,0,35,0,2,3,0,5,22,2,16,0,40,28,0,28,68
11/22/2020,GUM,GU,AWP,WE,Federal Contract Tower,23,0,0,0,23,0,1,3,0,4,23,1,3,0,27,4,0,4,31
11/23/2020,GUM,GU,AWP,WE,Federal Contract Tower,24,0,10,0,34,0,0,6,0,6,24,0,16,0,40,4,0,4,44
11/24/2020,GUM,GU,AWP,WE,Federal Contract Tower,12,0,6,1,19,0,0,8,5,13,12,0,14,6,32,22,0,22,54
11/25/2020,GUM,GU,AWP,WE,Federal Contract Tower,18,0,12,0,30,0,0,6,0,6,18,0,18,0,36,12,0,12,48
11/26/2020,GUM,GU,AWP,WE,Federal Contract Tower,24,0,4,0,28,0,0,2,0,2,24,0,6,0,30,18,0,18,48
11/27/2020,GUM,GU,AWP,WE,Federal Contract Tower,24,0,9,0,33,0,0,10,0,10,24,0,19,0,43,12,0,12,55
11/28/2020,GUM,GU,AWP,WE,Federal Contract Tower,25,0,3,0,28,0,0,2,0,2,25,0,5,0,30,0,0,0,30
11/29/2020,GUM,GU,AWP,WE,Federal Contract Tower,23,0,0,0,23,0,0,2,0,2,23,0,2,0,25,6,0,6,31
11/30/2020,GUM,GU,AWP,WE,Federal Contract Tower,28,0,13,1,42,0,0,5,0,5,28,0,18,1,47,10,19,29,76
12/01/2020,GUM,GU,AWP,WE,Federal Contract Tower,18,0,5,0,23,0,0,8,17,25,18,0,13,17,48,72,8,80,128
12/02/2020,GUM,GU,AWP,WE,Federal Contract Tower,18,0,10,1,29,0,0,10,7,17,18,0,20,8,46,58,18,76,122
12/03/2020,GUM,GU,AWP,WE,Federal Contract Tower,31,0,9,5,45,0,1,9,6,16,31,1,18,11,61,66,0,66,127
12/04/2020,GUM,GU,AWP,WE,Federal Contract Tower,28,0,8,2,38,0,2,8,0,10,28,2,16,2,48,55,0,55,103
12/05/2020,GUM,GU,AWP,WE,Federal Contract Tower,25,0,9,0,34,0,2,4,0,6,25,2,13,0,40,52,0,52,92
12/06/2020,GUM,GU,AWP,WE,Federal Contract Tower,22,0,1,0,23,0,0,4,0,4,22,0,5,0,27,102,0,102,129
12/07/2020,GUM,GU,AWP,WE,Federal Contract Tower,29,1,13,0,43,0,2,9,0,11,29,3,22,0,54,76,0,76,130
12/08/2020,GUM,GU,AWP,WE,Federal Contract Tower,15,0,8,0,23,0,0,6,0,6,15,0,14,0,29,48,0,48,77
12/09/2020,GUM,GU,AWP,WE,Federal Contract Tower,17,3,10,0,30,0,0,11,0,11,17,3,21,0,41,58,2,60,101
12/10/2020,GUM,GU,AWP,WE,Federal Contract Tower,26,1,13,8,48,0,0,6,6,12,26,1,19,14,60,0,2,2,62
12/11/2020,GUM,GU,AWP,WE,Federal Contract Tower,28,0,10,1,39,0,0,9,0,9,28,0,19,1,48,8,0,8,56
12/12/2020,GUM,GU,AWP,WE,Federal Contract Tower,23,0,8,0,31,0,0,4,0,4,23,0,12,0,35,0,0,0,35
12/13/2020,GUM,GU,AWP,WE,Federal Contract Tower,21,0,0,0,21,0,0,6,0,6,21,0,6,0,27,10,0,10,37
12/14/2020,GUM,GU,AWP,WE,Federal Contract Tower,38,0,17,10,65,0,0,3,0,3,38,0,20,10,68,8,0,8,76
12/15/2020,GUM,GU,AWP,WE,Federal Contract Tower,17,0,9,1,27,0,3,5,0,8,17,3,14,1,35,0,0,0,35
12/16/2020,GUM,GU,AWP,WE,Federal Contract Tower,22,0,13,3,38,0,0,8,4,12,22,0,21,7,50,16,6,22,72
12/17/2020,GUM,GU,AWP,WE,Federal Contract Tower,26,0,8,0,34,0,0,14,0,14,26,0,22,0,48,1,0,1,49
12/18/2020,GUM,GU,AWP,WE,Federal Contract Tower,32,1,9,0,42,0,2,10,0,12,32,3,19,0,54,14,0,14,68
12/19/2020,GUM,GU,AWP,WE,Federal Contract Tower,24,0,7,0,31,0,0,7,0,7,24,0,14,0,38,11,0,11,49
12/20/2020,GUM,GU,AWP,WE,Federal Contract Tower,25,1,0,0,26,0,0,2,0,2,25,1,2,0,28,8,0,8,36
12/21/2020,GUM,GU,AWP,WE,Federal Contract Tower,35,0,12,4,51,0,0,12,0,12,35,0,24,4,63,14,0,14,77
12/22/2020,GUM,GU,AWP,WE,Federal Contract Tower,18,0,10,1,29,0,0,5,2,7,18,0,15,3,36,10,12,22,58
12/24/2020,GUM,GU,AWP,WE,Federal Contract Tower,29,0,9,0,38,0,0,12,0,12,29,0,21,0,50,0,0,0,50
12/25/2020,GUM,GU,AWP,WE,Federal Contract Tower,22,0,12,0,34,0,0,0,0,0,22,0,12,0,34,0,0,0,34
12/26/2020,GUM,GU,AWP,WE,Federal Contract Tower,21,0,6,0,27,0,0,2,0,2,21,0,8,0,29,16,0,16,45
12/27/2020,GUM,GU,AWP,WE,Federal Contract Tower,20,0,0,0,20,0,0,2,0,2,20,0,2,0,22,0,0,0,22
12/28/2020,GUM,GU,AWP,WE,Federal Contract Tower,28,0,14,0,42,0,0,4,0,4,28,0,18,0,46,2,0,2,48
12/29/2020,GUM,GU,AWP,WE,Federal Contract Tower,16,0,11,0,27,0,0,6,0,6,16,0,17,0,33,1,0,1,34
12/30/2020,GUM,GU,AWP,WE,Federal Contract Tower,16,0,7,0,23,0,0,13,0,13,16,0,20,0,36,37,0,37,73
12/31/2020,GUM,GU,AWP,WE,Federal Contract Tower,27,0,4,0,31,0,0,17,0,17,27,0,21,0,48,1,0,1,49
01/01/2021,GUM,GU,AWP,WE,Federal Contract Tower,20,0,8,0,28,0,0,8,0,8,20,0,16,0,36,2,0,2,38
01/02/2021,GUM,GU,AWP,WE,Federal Contract Tower,22,0,2,1,25,0,0,4,0,4,22,0,6,1,29,26,0,26,55
01/03/2021,GUM,GU,AWP,WE,Federal Contract Tower,0,20,0,1,21,0,0,2,0,2,0,20,2,1,23,0,0,0,23
01/04/2021,GUM,GU,AWP,WE,Federal Contract Tower,29,0,11,0,40,0,0,3,0,3,29,0,14,0,43,14,0,14,57
01/05/2021,GUM,GU,AWP,WE,Federal Contract Tower,10,1,4,1,16,0,0,3,0,3,10,1,7,1,19,0,0,0,19
01/06/2021,GUM,GU,AWP,WE,Federal Contract Tower,13,0,8,3,24,0,0,7,0,7,13,0,15,3,31,14,0,14,45
01/07/2021,GUM,GU,AWP,WE,Federal Contract Tower,20,0,6,3,29,0,0,16,2,18,20,0,22,5,47,14,0,14,61
01/08/2021,GUM,GU,AWP,WE,Federal Contract Tower,16,0,8,0,24,0,0,10,0,10,16,0,18,0,34,0,0,0,34
01/09/2021,GUM,GU,AWP,WE,Federal Contract Tower,15,0,9,0,24,0,0,7,0,7,15,0,16,0,31,18,0,18,49
01/10/2021,GUM,GU,AWP,WE,Federal Contract Tower,12,0,0,0,12,0,0,2,0,2,12,0,2,0,14,22,0,22,36
01/11/2021,GUM,GU,AWP,WE,Federal Contract Tower,23,0,16,0,39,0,0,4,4,8,23,0,20,4,47,8,10,18,65
01/12/2021,GUM,GU,AWP,WE,Federal Contract Tower,5,0,7,0,12,0,0,5,0,5,5,0,12,0,17,2,22,24,41
01/13/2021,GUM,GU,AWP,WE,Federal Contract Tower,16,0,11,2,29,0,0,5,0,5,16,0,16,2,34,0,0,0,34
01/14/2021,GUM,GU,AWP,WE,Federal Contract Tower,24,0,3,0,27,0,0,18,2,20,24,0,21,2,47,86,11,97,144
01/15/2021,GUM,GU,AWP,WE,Federal Contract Tower,16,0,13,0,29,0,0,11,0,11,16,0,24,0,40,60,0,60,100
01/16/2021,GUM,GU,AWP,WE,Federal Contract Tower,16,0,7,0,23,0,0,3,0,3,16,0,10,0,26,89,0,89,115
01/17/2021,GUM,GU,AWP,WE,Federal Contract Tower,16,0,0,0,16,0,0,4,0,4,16,0,4,0,20,74,0,74,94
01/18/2021,GUM,GU,AWP,WE,Federal Contract Tower,20,0,7,0,27,0,0,1,0,1,20,0,8,0,28,58,0,58,86
01/19/2021,GUM,GU,AWP,WE,Federal Contract Tower,6,0,15,5,26,0,0,5,1,6,6,0,20,6,32,58,0,58,90
01/20/2021,GUM,GU,AWP,WE,Federal Contract Tower,16,0,10,4,30,0,0,6,1,7,16,0,16,5,37,52,0,52,89
01/21/2021,GUM,GU,AWP,WE,Federal Contract Tower,18,0,6,0,24,0,0,2,0,2,18,0,8,0,26,0,12,12,38
01/22/2021,GUM,GU,AWP,WE,Federal Contract Tower,17,0,9,1,27,0,0,14,0,14,17,0,23,1,41,17,6,23,64
01/23/2021,GUM,GU,AWP,WE,Federal Contract Tower,13,0,11,0,24,0,0,1,0,1,13,0,12,0,25,15,0,15,40
01/24/2021,GUM,GU,AWP,WE,Federal Contract Tower,14,0,1,0,15,0,0,2,0,2,14,0,3,0,17,20,0,20,37
01/25/2021,GUM,GU,AWP,WE,Federal Contract Tower,19,2,13,9,43,0,0,5,7,12,19,2,18,16,55,0,12,12,67
01/26/2021,GUM,GU,AWP,WE,Federal Contract Tower,8,2,11,2,23,0,1,2,2,5,8,3,13,4,28,0,16,16,44
01/27/2021,GUM,GU,AWP,WE,Federal Contract Tower,15,0,10,0,25,0,0,6,0,6,15,0,16,0,31,10,22,32,63
01/28/2021,GUM,GU,AWP,WE,Federal Contract Tower,18,0,6,0,24,1,0,4,0,5,19,0,10,0,29,14,0,14,43
01/29/2021,GUM,GU,AWP,WE,Federal Contract Tower,18,0,10,0,28,0,0,9,0,9,18,0,19,0,37,7,0,7,44
01/30/2021,GUM,GU,AWP,WE,Federal Contract Tower,22,0,6,0,28,0,0,0,1,1,22,0,6,1,29,19,0,19,48
01/31/2021,GUM,GU,AWP,WE,Federal Contract Tower,13,0,0,0,13,0,0,2,0,2,13,0,2,0,15,28,0,28,43
02/01/2021,GUM,GU,AWP,WE,Federal Contract Tower,20,0,11,1,32,0,0,0,0,0,20,0,11,1,32,16,6,22,54
02/02/2021,GUM,GU,AWP,WE,Federal Contract Tower,7,0,7,0,14,0,0,7,2,9,7,0,14,2,23,0,24,24,47
02/03/2021,GUM,GU,AWP,WE,Federal Contract Tower,11,0,15,4,30,0,0,3,0,3,11,0,18,4,33,3,8,11,44
02/04/2021,GUM,GU,AWP,WE,Federal Contract Tower,12,0,5,3,20,0,0,16,23,39,12,0,21,26,59,14,10,24,83
02/05/2021,GUM,GU,AWP,WE,Federal Contract Tower,15,0,4,0,19,0,0,6,0,6,15,0,10,0,25,1,0,1,26
02/06/2021,GUM,GU,AWP,WE,Federal Contract Tower,14,0,10,1,25,0,2,3,0,5,14,2,13,1,30,11,0,11,41
02/07/2021,GUM,GU,AWP,WE,Federal Contract Tower,11,0,0,2,13,0,0,2,0,2,11,0,2,2,15,14,0,14,29
02/08/2021,GUM,GU,AWP,WE,Federal Contract Tower,26,0,10,2,38,0,1,1,0,2,26,1,11,2,40,0,0,0,40
02/09/2021,GUM,GU,AWP,WE,Federal Contract Tower,5,0,8,2,15,0,0,4,0,4,5,0,12,2,19,6,16,22,41
02/10/2021,GUM,GU,AWP,WE,Federal Contract Tower,11,0,5,6,22,0,0,10,0,10,11,0,15,6,32,0,16,16,48
02/11/2021,GUM,GU,AWP,WE,Federal Contract Tower,14,0,11,0,25,0,0,14,0,14,14,0,25,0,39,12,14,26,65
02/12/2021,GUM,GU,AWP,WE,Federal Contract Tower,14,0,7,0,21,0,0,5,0,5,14,0,12,0,26,12,0,12,38
02/13/2021,GUM,GU,AWP,WE,Federal Contract Tower,16,0,9,0,25,0,0,7,0,7,16,0,16,0,32,27,0,27,59
02/15/2021,GUM,GU,AWP,WE,Federal Contract Tower,15,0,16,1,32,0,0,0,0,0,15,0,16,1,32,8,0,8,40
02/16/2021,GUM,GU,AWP,WE,Federal Contract Tower,0,5,8,5,18,0,0,4,2,6,0,5,12,7,24,2,2,4,28
02/17/2021,GUM,GU,AWP,WE,Federal Contract Tower,8,0,6,2,16,0,0,4,1,5,8,0,10,3,21,0,28,28,49
02/18/2021,GUM,GU,AWP,WE,Federal Contract Tower,19,0,7,0,26,0,0,19,0,19,19,0,26,0,45,6,0,6,51
02/19/2021,GUM,GU,AWP,WE,Federal Contract Tower,11,0,8,1,20,0,0,0,0,0,11,0,8,1,20,15,0,15,35
02/20/2021,GUM,GU,AWP,WE,Federal Contract Tower,12,0,4,6,22,0,0,5,0,5,12,0,9,6,27,12,0,12,39
02/21/2021,GUM,GU,AWP,WE,Federal Contract Tower,7,0,0,0,7,0,0,8,0,8,7,0,8,0,15,12,0,12,27
02/22/2021,GUM,GU,AWP,WE,Federal Contract Tower,15,0,8,4,27,0,0,4,1,5,15,0,12,5,32,18,28,46,78
02/23/2021,GUM,GU,AWP,WE,Federal Contract Tower,4,0,8,1,13,0,0,9,1,10,4,0,17,2,23,18,0,18,41
02/24/2021,GUM,GU,AWP,WE,Federal Contract Tower,8,0,9,0,17,0,0,16,8,24,8,0,25,8,41,0,0,0,41
02/25/2021,GUM,GU,AWP,WE,Federal Contract Tower,13,0,8,4,25,0,0,13,4,17,13,0,21,8,42,0,0,0,42
02/26/2021,GUM,GU,AWP,WE,Federal Contract Tower,12,0,8,0,20,0,0,9,0,9,12,0,17,0,29,13,0,13,42
02/27/2021,GUM,GU,AWP,WE,Federal Contract Tower,15,0,5,0,20,1,0,5,3,9,16,0,10,3,29,15,0,15,44
02/28/2021,GUM,GU,AWP,WE,Federal Contract Tower,10,0,2,0,12,0,0,7,0,7,10,0,9,0,19,16,0,16,35
03/01/2021,GUM,GU,AWP,WE,Federal Contract Tower,16,0,14,5,35,0,0,9,1,10,16,0,23,6,45,0,6,6,51
03/02/2021,GUM,GU,AWP,WE,Federal Contract Tower,4,0,6,1,11,0,0,3,4,7,4,0,9,5,18,0,0,0,18
03/03/2021,GUM,GU,AWP,WE,Federal Contract Tower,8,0,5,0,13,0,2,6,0,8,8,2,11,0,21,31,2,33,54
03/04/2021,GUM,GU,AWP,WE,Federal Contract Tower,15,0,6,0,21,0,1,14,3,18,15,1,20,3,39,26,0,26,65
03/05/2021,GUM,GU,AWP,WE,Federal Contract Tower,17,0,7,0,24,0,0,10,0,10,17,0,17,0,34,18,0,18,52
03/06/2021,GUM,GU,AWP,WE,Federal Contract Tower,15,0,9,2,26,0,0,7,0,7,15,0,16,2,33,34,0,34,67
03/07/2021,GUM,GU,AWP,WE,Federal Contract Tower,15,0,3,0,18,0,0,12,0,12,15,0,15,0,30,39,0,39,69
03/08/2021,GUM,GU,AWP,WE,Federal Contract Tower,17,0,10,3,30,0,0,2,2,4,17,0,12,5,34,24,0,24,58
03/09/2021,GUM,GU,AWP,WE,Federal Contract Tower,6,3,6,6,21,0,0,5,2,7,6,3,11,8,28,8,0,8,36
03/10/2021,GUM,GU,AWP,WE,Federal Contract Tower,10,0,10,2,22,0,0,0,2,2,10,0,10,4,24,0,0,0,24
03/11/2021,GUM,GU,AWP,WE,Federal Contract Tower,15,0,6,0,21,0,0,4,0,4,15,0,10,0,25,0,8,8,33
03/12/2021,GUM,GU,AWP,WE,Federal Contract Tower,17,0,11,4,32,0,0,6,0,6,17,0,17,4,38,16,0,16,54
03/13/2021,GUM,GU,AWP,WE,Federal Contract Tower,19,0,5,1,25,0,0,2,0,2,19,0,7,1,27,5,0,5,32
03/14/2021,GUM,GU,AWP,WE,Federal Contract Tower,11,0,4,2,17,0,0,0,0,0,11,0,4,2,17,28,0,28,45
03/15/2021,GUM,GU,AWP,WE,Federal Contract Tower,17,0,12,9,38,0,0,6,4,10,17,0,18,13,48,0,0,0,48
03/16/2021,GUM,GU,AWP,WE,Federal Contract Tower,8,0,10,1,19,0,0,4,0,4,8,0,14,1,23,10,0,10,33
03/17/2021,GUM,GU,AWP,WE,Federal Contract Tower,14,0,8,3,25,0,0,4,8,12,14,0,12,11,37,0,0,0,37
03/19/2021,GUM,GU,AWP,WE,Federal Contract Tower,17,0,11,0,28,0,0,5,0,5,17,0,16,0,33,20,0,20,53
03/20/2021,GUM,GU,AWP,WE,Federal Contract Tower,17,0,7,0,24,0,0,6,0,6,17,0,13,0,30,36,0,36,66
03/21/2021,GUM,GU,AWP,WE,Federal Contract Tower,15,0,1,0,16,0,0,0,0,0,15,0,1,0,16,20,0,20,36
03/22/2021,GUM,GU,AWP,WE,Federal Contract Tower,19,0,16,0,35,0,0,2,4,6,19,0,18,4,41,10,10,20,61
03/23/2021,GUM,GU,AWP,WE,Federal Contract Tower,7,2,9,3,21,0,0,2,0,2,7,2,11,3,23,4,0,4,27
03/24/2021,GUM,GU,AWP,WE,Federal Contract Tower,10,2,10,0,22,0,2,0,1,3,10,4,10,1,25,0,20,20,45
03/25/2021,GUM,GU,AWP,WE,Federal Contract Tower,17,0,7,0,24,0,0,12,3,15,17,0,19,3,39,0,4,4,43
03/26/2021,GUM,GU,AWP,WE,Federal Contract Tower,17,0,12,0,29,0,0,9,0,9,17,0,21,0,38,12,0,12,50
03/27/2021,GUM,GU,AWP,WE,Federal Contract Tower,20,1,7,1,29,0,0,1,0,1,20,1,8,1,30,0,0,0,30
03/28/2021,GUM,GU,AWP,WE,Federal Contract Tower,13,0,2,0,15,0,0,0,0,0,13,0,2,0,15,10,0,10,25
03/29/2021,GUM,GU,AWP,WE,Federal Contract Tower,16,0,12,0,28,0,0,0,4,4,16,0,12,4,32,0,0,0,32
03/30/2021,GUM,GU,AWP,WE,Federal Contract Tower,13,0,6,0,19,0,2,4,6,12,13,2,10,6,31,10,0,10,41
03/31/2021,GUM,GU,AWP,WE,Federal Contract Tower,12,0,10,2,24,0,0,2,3,5,12,0,12,5,29,4,0,4,33
04/01/2021,GUM,GU,AWP,WE,Federal Contract Tower,11,0,6,0,17,0,0,14,0,14,11,0,20,0,31,12,0,12,43
04/02/2021,GUM,GU,AWP,WE,Federal Contract Tower,19,0,11,0,30,0,0,6,0,6,19,0,17,0,36,0,0,0,36
04/03/2021,GUM,GU,AWP,WE,Federal Contract Tower,15,0,6,1,22,0,0,2,0,2,15,0,8,1,24,30,0,30,54
04/04/2021,GUM,GU,AWP,WE,Federal Contract Tower,11,0,1,0,12,0,0,0,0,0,11,0,1,0,12,12,0,12,24
04/06/2021,GUM,GU,AWP,WE,Federal Contract Tower,7,0,8,1,16,0,0,7,0,7,7,0,15,1,23,0,0,0,23
04/07/2021,GUM,GU,AWP,WE,Federal Contract Tower,20,0,7,1,28,0,0,7,4,11,20,0,14,5,39,26,16,42,81
04/08/2021,GUM,GU,AWP,WE,Federal Contract Tower,15,0,4,3,22,0,2,10,8,20,15,2,14,11,42,74,0,74,116
04/09/2021,GUM,GU,AWP,WE,Federal Contract Tower,17,0,10,0,27,0,0,8,0,8,17,0,18,0,35,75,0,75,110
04/10/2021,GUM,GU,AWP,WE,Federal Contract Tower,17,0,3,0,20,0,0,5,0,5,17,0,8,0,25,76,0,76,101
04/11/2021,GUM,GU,AWP,WE,Federal Contract Tower,12,0,0,0,12,0,0,2,0,2,12,0,2,0,14,66,0,66,80
04/12/2021,GUM,GU,AWP,WE,Federal Contract Tower,19,0,18,1,38,0,0,4,7,11,19,0,22,8,49,50,12,62,111
04/13/2021,GUM,GU,AWP,WE,Federal Contract Tower,8,0,11,0,19,0,0,4,0,4,8,0,15,0,23,30,0,30,53
04/14/2021,GUM,GU,AWP,WE,Federal Contract Tower,13,0,7,0,20,0,0,10,1,11,13,0,17,1,31,0,7,7,38
04/15/2021,GUM,GU,AWP,WE,Federal Contract Tower,16,0,7,4,27,0,0,11,16,27,16,0,18,20,54,0,18,18,72
04/16/2021,GUM,GU,AWP,WE,Federal Contract Tower,16,0,17,0,33,0,0,8,0,8,16,0,25,0,41,19,0,19,60
04/17/2021,GUM,GU,AWP,WE,Federal Contract Tower,15,0,0,0,15,0,0,8,2,10,15,0,8,2,25,4,0,4,29
04/18/2021,GUM,GU,AWP,WE,Federal Contract Tower,11,0,1,0,12,0,0,6,2,8,11,0,7,2,20,0,18,18,38
04/19/2021,GUM,GU,AWP,WE,Federal Contract Tower,17,0,15,3,35,0,0,5,2,7,17,0,20,5,42,0,10,10,52
04/20/2021,GUM,GU,AWP,WE,Federal Contract Tower,6,0,13,1,20,0,0,7,1,8,6,0,20,2,28,0,16,16,44
04/21/2021,GUM,GU,AWP,WE,Federal Contract Tower,14,0,16,10,40,0,0,10,0,10,14,0,26,10,50,0,0,0,50
04/22/2021,GUM,GU,AWP,WE,Federal Contract Tower,11,0,4,3,18,0,0,17,0,17,11,0,21,3,35,0,0,0,35
04/23/2021,GUM,GU,AWP,WE,Federal Contract Tower,19,0,6,0,25,0,0,13,0,13,19,0,19,0,38,0,0,0,38
04/24/2021,GUM,GU,AWP,WE,Federal Contract Tower,18,1,7,0,26,0,0,3,0,3,18,1,10,0,29,0,0,0,29
04/25/2021,GUM,GU,AWP,WE,Federal Contract Tower,12,0,5,0,17,0,0,3,1,4,12,0,8,1,21,6,0,6,27
04/28/2021,GUM,GU,AWP,WE,Federal Contract Tower,16,0,13,1,30,0,1,7,5,13,16,1,20,6,43,8,7,15,58
04/29/2021,GUM,GU,AWP,WE,Federal Contract Tower,14,0,8,1,23,0,0,12,4,16,14,0,20,5,39,10,5,15,54
04/30/2021,GUM,GU,AWP,WE,Federal Contract Tower,17,0,14,1,32,0,2,6,0,8,17,2,20,1,40,16,0,16,56
05/01/2021,GUM,GU,AWP,WE,Federal Contract Tower,21,0,2,0,23,0,0,0,0,0,21,0,2,0,23,0,0,0,23
05/02/2021,GUM,GU,AWP,WE,Federal Contract Tower,12,0,1,2,15,0,0,2,0,2,12,0,3,2,17,0,0,0,17
05/03/2021,GUM,GU,AWP,WE,Federal Contract Tower,18,0,9,0,27,0,0,13,0,13,18,0,22,0,40,0,0,0,40
05/04/2021,GUM,GU,AWP,WE,Federal Contract Tower,9,0,11,0,20,0,0,13,0,13,9,0,24,0,33,0,0,0,33
05/05/2021,GUM,GU,AWP,WE,Federal Contract Tower,13,2,9,2,26,0,0,6,1,7,13,2,15,3,33,2,0,2,35
05/06/2021,GUM,GU,AWP,WE,Federal Contract Tower,14,0,6,2,22,0,0,14,1,15,14,0,20,3,37,10,0,10,47
05/07/2021,GUM,GU,AWP,WE,Federal Contract Tower,20,0,8,0,28,0,0,8,0,8,20,0,16,0,36,12,0,12,48
05/08/2021,GUM,GU,AWP,WE,Federal Contract Tower,21,0,5,0,26,0,0,11,0,11,21,0,16,0,37,2,0,2,39
05/09/2021,GUM,GU,AWP,WE,Federal Contract Tower,21,0,0,0,21,0,0,2,0,2,21,0,2,0,23,12,0,12,35
05/10/2021,GUM,GU,AWP,WE,Federal Contract Tower,27,0,13,16,56,0,0,9,2,11,27,0,22,18,67,6,0,6,73
05/11/2021,GUM,GU,AWP,WE,Federal Contract Tower,15,0,10,1,26,0,0,6,0,6,15,0,16,1,32,0,12,12,44
05/12/2021,GUM,GU,AWP,WE,Federal Contract Tower,24,0,10,2,36,0,0,6,3,9,24,0,16,5,45,0,4,4,49
05/13/2021,GUM,GU,AWP,WE,Federal Contract Tower,0,0,0,0,0,0,0,0,0,0,0,0,0,0,0,0,0,0,0
05/14/2021,GUM,GU,AWP,WE,Federal Contract Tower,19,0,7,2,28,0,0,11,0,11,19,0,18,2,39,5,0,5,44
05/15/2021,GUM,GU,AWP,WE,Federal Contract Tower,20,0,5,0,25,0,0,2,0,2,20,0,7,0,27,0,0,0,27
05/16/2021,GUM,GU,AWP,WE,Federal Contract Tower,15,0,4,0,19,0,0,4,0,4,15,0,8,0,23,12,0,12,35
05/17/2021,GUM,GU,AWP,WE,Federal Contract Tower,17,0,14,0,31,0,0,7,2,9,17,0,21,2,40,6,2,8,48
05/18/2021,GUM,GU,AWP,WE,Federal Contract Tower,15,1,5,0,21,0,4,2,0,6,15,5,7,0,27,0,0,0,27
05/19/2021,GUM,GU,AWP,WE,Federal Contract Tower,20,0,9,9,38,0,2,7,1,10,20,2,16,10,48,0,0,0,48
05/20/2021,GUM,GU,AWP,WE,Federal Contract Tower,22,0,5,2,29,0,0,20,0,20,22,0,25,2,49,0,4,4,53
05/21/2021,GUM,GU,AWP,WE,Federal Contract Tower,19,0,9,0,28,0,0,9,0,9,19,0,18,0,37,8,0,8,45
05/22/2021,GUM,GU,AWP,WE,Federal Contract Tower,20,0,2,0,22,0,0,3,0,3,20,0,5,0,25,4,0,4,29
05/23/2021,GUM,GU,AWP,WE,Federal Contract Tower,17,0,0,0,17,0,0,4,0,4,17,0,4,0,21,30,0,30,51
05/24/2021,GUM,GU,AWP,WE,Federal Contract Tower,20,0,9,7,36,0,2,11,3,16,20,2,20,10,52,8,0,8,60
05/25/2021,GUM,GU,AWP,WE,Federal Contract Tower,13,0,6,3,22,0,0,6,2,8,13,0,12,5,30,12,14,26,56
05/26/2021,GUM,GU,AWP,WE,Federal Contract Tower,19,0,4,12,35,0,0,11,3,14,19,0,15,15,49,0,0,0,49
05/27/2021,GUM,GU,AWP,WE,Federal Contract Tower,19,0,4,0,23,0,0,12,0,12,19,0,16,0,35,0,0,0,35
05/28/2021,GUM,GU,AWP,WE,Federal Contract Tower,19,0,7,6,32,0,0,11,0,11,19,0,18,6,43,18,0,18,61
05/29/2021,GUM,GU,AWP,WE,Federal Contract Tower,19,0,4,0,23,0,0,6,0,6,19,0,10,0,29,0,0,0,29
05/30/2021,GUM,GU,AWP,WE,Federal Contract Tower,19,0,0,0,19,0,0,2,0,2,19,0,2,0,21,4,0,4,25
05/31/2021,GUM,GU,AWP,WE,Federal Contract Tower,17,0,9,6,32,0,0,6,0,6,17,0,15,6,38,12,0,12,50
06/01/2021,GUM,GU,AWP,WE,Federal Contract Tower,9,0,5,4,18,0,0,9,0,9,9,0,14,4,27,0,0,0,27
06/02/2021,GUM,GU,AWP,WE,Federal Contract Tower,18,0,6,3,27,0,0,0,0,0,18,0,6,3,27,0,6,6,33
06/03/2021,GUM,GU,AWP,WE,Federal Contract Tower,14,0,9,4,27,0,0,30,22,52,14,0,39,26,79,44,0,44,123
06/04/2021,GUM,GU,AWP,WE,Federal Contract Tower,14,0,5,2,21,0,2,13,0,15,14,2,18,2,36,3,0,3,39
06/05/2021,GUM,GU,AWP,WE,Federal Contract Tower,20,0,4,0,24,0,0,4,0,4,20,0,8,0,28,14,0,14,42
06/06/2021,GUM,GU,AWP,WE,Federal Contract Tower,12,0,0,0,12,0,0,0,0,0,12,0,0,0,12,10,0,10,22
06/07/2021,GUM,GU,AWP,WE,Federal Contract Tower,17,0,10,0,27,0,0,8,2,10,17,0,18,2,37,6,6,12,49
06/08/2021,GUM,GU,AWP,WE,Federal Contract Tower,12,0,5,3,20,0,0,7,0,7,12,0,12,3,27,6,0,6,33
06/09/2021,GUM,GU,AWP,WE,Federal Contract Tower,16,0,6,3,25,0,0,10,0,10,16,0,16,3,35,0,0,0,35
06/10/2021,GUM,GU,AWP,WE,Federal Contract Tower,20,0,4,10,34,0,0,14,3,17,20,0,18,13,51,2,0,2,53
06/11/2021,GUM,GU,AWP,WE,Federal Contract Tower,16,0,7,0,23,0,0,17,0,17,16,0,24,0,40,12,0,12,52
06/12/2021,GUM,GU,AWP,WE,Federal Contract Tower,25,0,5,0,30,0,0,9,0,9,25,0,14,0,39,2,0,2,41
06/13/2021,GUM,GU,AWP,WE,Federal Contract Tower,17,0,0,0,17,0,0,2,0,2,17,0,2,0,19,0,0,0,19
06/14/2021,GUM,GU,AWP,WE,Federal Contract Tower,17,0,8,0,25,0,0,10,0,10,17,0,18,0,35,10,0,10,45
06/15/2021,GUM,GU,AWP,WE,Federal Contract Tower,7,0,4,2,13,0,2,5,4,11,7,2,9,6,24,32,0,32,56
06/16/2021,GUM,GU,AWP,WE,Federal Contract Tower,14,0,8,4,26,0,4,8,0,12,14,4,16,4,38,34,0,34,72
06/17/2021,GUM,GU,AWP,WE,Federal Contract Tower,16,0,4,4,24,0,0,17,10,27,16,0,21,14,51,14,14,28,79
06/18/2021,GUM,GU,AWP,WE,Federal Contract Tower,17,0,8,0,25,0,0,11,0,11,17,0,19,0,36,2,0,2,38
06/19/2021,GUM,GU,AWP,WE,Federal Contract Tower,15,0,5,0,20,1,0,8,0,9,16,0,13,0,29,13,0,13,42
06/20/2021,GUM,GU,AWP,WE,Federal Contract Tower,13,0,2,0,15,0,0,0,0,0,13,0,2,0,15,20,0,20,35
06/21/2021,GUM,GU,AWP,WE,Federal Contract Tower,23,0,6,7,36,0,0,5,3,8,23,0,11,10,44,22,0,22,66
06/22/2021,GUM,GU,AWP,WE,Federal Contract Tower,12,0,8,1,21,0,0,1,0,1,12,0,9,1,22,0,4,4,26
06/23/2021,GUM,GU,AWP,WE,Federal Contract Tower,20,0,7,2,29,0,0,9,2,11,20,0,16,4,40,114,8,122,162
06/24/2021,GUM,GU,AWP,WE,Federal Contract Tower,19,0,3,0,22,0,0,26,2,28,19,0,29,2,50,142,2,144,194
06/25/2021,GUM,GU,AWP,WE,Federal Contract Tower,19,0,5,1,25,0,0,20,0,20,19,0,25,1,45,116,0,116,161
06/26/2021,GUM,GU,AWP,WE,Federal Contract Tower,20,0,13,0,33,0,0,0,0,0,20,0,13,0,33,134,0,134,167
06/27/2021,GUM,GU,AWP,WE,Federal Contract Tower,17,0,0,0,17,0,0,4,0,4,17,0,4,0,21,67,0,67,88
06/28/2021,GUM,GU,AWP,WE,Federal Contract Tower,24,0,13,8,45,0,0,8,0,8,24,0,21,8,53,80,0,80,133
06/29/2021,GUM,GU,AWP,WE,Federal Contract Tower,12,0,6,0,18,0,0,10,4,14,12,0,16,4,32,56,0,56,88
06/30/2021,GUM,GU,AWP,WE,Federal Contract Tower,22,0,3,0,25,0,0,26,1,27,22,0,29,1,52,6,0,6,58
07/01/2021,GUM,GU,AWP,WE,Federal Contract Tower,16,0,5,0,21,0,0,12,2,14,16,0,17,2,35,54,0,54,89
07/02/2021,GUM,GU,AWP,WE,Federal Contract Tower,17,0,7,0,24,0,0,7,0,7,17,0,14,0,31,8,0,8,39
07/03/2021,GUM,GU,AWP,WE,Federal Contract Tower,14,1,2,0,17,0,0,4,0,4,14,1,6,0,21,2,0,2,23
07/04/2021,GUM,GU,AWP,WE,Federal Contract Tower,15,0,0,0,15,0,0,4,0,4,15,0,4,0,19,0,0,0,19
07/05/2021,GUM,GU,AWP,WE,Federal Contract Tower,15,0,6,0,21,0,1,9,0,10,15,1,15,0,31,2,0,2,33
07/06/2021,GUM,GU,AWP,WE,Federal Contract Tower,9,0,9,1,19,0,0,33,1,34,9,0,42,2,53,0,0,0,53
07/07/2021,GUM,GU,AWP,WE,Federal Contract Tower,16,4,4,2,26,0,0,0,0,0,16,4,4,2,26,46,2,48,74
07/08/2021,GUM,GU,AWP,WE,Federal Contract Tower,13,0,4,2,19,0,2,14,4,20,13,2,18,6,39,14,0,14,53
07/09/2021,GUM,GU,AWP,WE,Federal Contract Tower,15,0,4,2,21,0,0,5,0,5,15,0,9,2,26,24,0,24,50
07/10/2021,GUM,GU,AWP,WE,Federal Contract Tower,20,0,4,0,24,0,0,2,0,2,20,0,6,0,26,0,0,0,26
07/11/2021,GUM,GU,AWP,WE,Federal Contract Tower,20,0,1,0,21,0,0,3,0,3,20,0,4,0,24,0,0,0,24
07/12/2021,GUM,GU,AWP,WE,Federal Contract Tower,23,0,10,1,34,0,0,8,6,14,23,0,18,7,48,0,0,0,48
07/13/2021,GUM,GU,AWP,WE,Federal Contract Tower,9,2,7,1,19,0,4,10,2,16,9,6,17,3,35,28,2,30,65
07/14/2021,GUM,GU,AWP,WE,Federal Contract Tower,17,0,9,2,28,0,2,8,3,13,17,2,17,5,41,70,2,72,113
07/15/2021,GUM,GU,AWP,WE,Federal Contract Tower,13,1,6,1,21,0,2,9,4,15,13,3,15,5,36,12,0,12,48
07/16/2021,GUM,GU,AWP,WE,Federal Contract Tower,15,0,5,0,20,0,0,10,0,10,15,0,15,0,30,50,0,50,80
07/17/2021,GUM,GU,AWP,WE,Federal Contract Tower,19,0,2,0,21,0,0,12,0,12,19,0,14,0,33,28,18,46,79
07/18/2021,GUM,GU,AWP,WE,Federal Contract Tower,17,0,0,1,18,0,0,0,4,4,17,0,0,5,22,27,36,63,85
07/19/2021,GUM,GU,AWP,WE,Federal Contract Tower,17,0,7,0,24,0,0,8,0,8,17,0,15,0,32,66,66,132,164
07/20/2021,GUM,GU,AWP,WE,Federal Contract Tower,10,1,6,0,17,0,0,6,0,6,10,1,12,0,23,36,20,56,79
07/21/2021,GUM,GU,AWP,WE,Federal Contract Tower,18,0,13,3,34,0,0,5,0,5,18,0,18,3,39,16,0,16,55
07/22/2021,GUM,GU,AWP,WE,Federal Contract Tower,15,0,2,0,17,0,0,12,0,12,15,0,14,0,29,0,18,18,47
07/23/2021,GUM,GU,AWP,WE,Federal Contract Tower,17,0,5,0,22,0,0,28,0,28,17,0,33,0,50,28,6,34,84
07/24/2021,GUM,GU,AWP,WE,Federal Contract Tower,29,0,5,2,36,0,0,2,0,2,29,0,7,2,38,0,0,0,38
07/25/2021,GUM,GU,AWP,WE,Federal Contract Tower,19,0,0,10,29,0,0,6,0,6,19,0,6,10,35,36,58,94,129
07/26/2021,GUM,GU,AWP,WE,Federal Contract Tower,22,1,9,3,35,0,4,10,2,16,22,5,19,5,51,6,0,6,57
07/28/2021,GUM,GU,AWP,WE,Federal Contract Tower,17,0,8,6,31,0,0,10,0,10,17,0,18,6,41,34,0,34,75
07/29/2021,GUM,GU,AWP,WE,Federal Contract Tower,16,0,7,9,32,0,0,12,10,22,16,0,19,19,54,5,0,5,59
07/30/2021,GUM,GU,AWP,WE,Federal Contract Tower,19,0,6,21,46,0,0,9,0,9,19,0,15,21,55,16,10,26,81
07/31/2021,GUM,GU,AWP,WE,Federal Contract Tower,20,0,2,1,23,0,0,4,0,4,20,0,6,1,27,0,0,0,27
08/01/2021,GUM,GU,AWP,WE,Federal Contract Tower,20,0,0,2,22,0,0,1,0,1,20,0,1,2,23,8,0,8,31
08/02/2021,GUM,GU,AWP,WE,Federal Contract Tower,23,0,9,1,33,0,0,2,4,6,23,0,11,5,39,16,16,32,71
08/03/2021,GUM,GU,AWP,WE,Federal Contract Tower,16,0,4,3,23,0,0,12,0,12,16,0,16,3,35,20,0,20,55
08/04/2021,GUM,GU,AWP,WE,Federal Contract Tower,18,0,6,4,28,0,0,13,0,13,18,0,19,4,41,16,10,26,67
08/05/2021,GUM,GU,AWP,WE,Federal Contract Tower,18,0,3,5,26,0,9,8,0,17,18,9,11,5,43,39,0,39,82
08/06/2021,GUM,GU,AWP,WE,Federal Contract Tower,34,0,5,0,39,0,1,3,0,4,34,1,8,0,43,26,0,26,69
08/07/2021,GUM,GU,AWP,WE,Federal Contract Tower,26,0,4,0,30,0,0,2,0,2,26,0,6,0,32,4,0,4,36
08/08/2021,GUM,GU,AWP,WE,Federal Contract Tower,22,0,1,1,24,0,0,9,0,9,22,0,10,1,33,22,0,22,55
08/09/2021,GUM,GU,AWP,WE,Federal Contract Tower,20,0,6,2,28,0,1,18,1,20,20,1,24,3,48,22,8,30,78
08/10/2021,GUM,GU,AWP,WE,Federal Contract Tower,16,0,8,2,26,0,0,16,6,22,16,0,24,8,48,0,4,4,52
08/11/2021,GUM,GU,AWP,WE,Federal Contract Tower,14,0,8,0,22,0,0,10,3,13,14,0,18,3,35,63,2,65,100
08/12/2021,GUM,GU,AWP,WE,Federal Contract Tower,15,0,3,3,21,0,1,8,1,10,15,1,11,4,31,10,0,10,41
08/13/2021,GUM,GU,AWP,WE,Federal Contract Tower,20,0,7,1,28,0,0,20,0,20,20,0,27,1,48,26,0,26,74
08/14/2021,GUM,GU,AWP,WE,Federal Contract Tower,21,0,7,1,29,0,0,14,0,14,21,0,21,1,43,24,0,24,67
08/15/2021,GUM,GU,AWP,WE,Federal Contract Tower,26,0,1,0,27,0,0,0,0,0,26,0,1,0,27,6,0,6,33
08/16/2021,GUM,GU,AWP,WE,Federal Contract Tower,23,0,4,4,31,0,0,2,0,2,23,0,6,4,33,0,0,0,33
08/17/2021,GUM,GU,AWP,WE,Federal Contract Tower,29,0,4,3,36,0,0,2,0,2,29,0,6,3,38,14,0,14,52
08/18/2021,GUM,GU,AWP,WE,Federal Contract Tower,26,0,12,0,38,0,0,4,0,4,26,0,16,0,42,10,0,10,52
08/19/2021,GUM,GU,AWP,WE,Federal Contract Tower,21,0,2,3,26,0,3,19,2,24,21,3,21,5,50,8,0,8,58
08/20/2021,GUM,GU,AWP,WE,Federal Contract Tower,24,0,5,1,30,0,0,16,0,16,24,0,21,1,46,38,0,38,84
08/21/2021,GUM,GU,AWP,WE,Federal Contract Tower,17,0,3,2,22,0,0,4,0,4,17,0,7,2,26,18,0,18,44
08/22/2021,GUM,GU,AWP,WE,Federal Contract Tower,20,0,2,1,23,0,0,0,1,1,20,0,2,2,24,10,0,10,34
08/23/2021,GUM,GU,AWP,WE,Federal Contract Tower,20,1,7,6,34,0,0,8,14,22,20,1,15,20,56,20,0,20,76
08/24/2021,GUM,GU,AWP,WE,Federal Contract Tower,18,0,6,1,25,0,0,5,0,5,18,0,11,1,30,12,12,24,54
08/25/2021,GUM,GU,AWP,WE,Federal Contract Tower,19,2,3,5,29,0,2,21,0,23,19,4,24,5,52,14,46,60,112
08/26/2021,GUM,GU,AWP,WE,Federal Contract Tower,15,2,7,1,25,0,4,3,0,7,15,6,10,1,32,36,0,36,68
08/27/2021,GUM,GU,AWP,WE,Federal Contract Tower,19,0,5,0,24,0,1,17,0,18,19,1,22,0,42,40,0,40,82
08/28/2021,GUM,GU,AWP,WE,Federal Contract Tower,17,2,0,0,19,0,0,6,0,6,17,2,6,0,25,16,0,16,41
08/29/2021,GUM,GU,AWP,WE,Federal Contract Tower,18,2,0,0,20,0,0,4,0,4,18,2,4,0,24,8,0,8,32
08/30/2021,GUM,GU,AWP,WE,Federal Contract Tower,23,1,9,8,41,0,0,5,0,5,23,1,14,8,46,0,0,0,46
08/31/2021,GUM,GU,AWP,WE,Federal Contract Tower,22,0,6,0,28,0,0,5,0,5,22,0,11,0,33,60,6,66,99
09/01/2021,GUM,GU,AWP,WE,Federal Contract Tower,18,1,6,1,26,0,0,10,0,10,18,1,16,1,36,102,0,102,138
09/02/2021,GUM,GU,AWP,WE,Federal Contract Tower,14,0,6,1,21,0,2,12,3,17,14,2,18,4,38,50,0,50,88
09/03/2021,GUM,GU,AWP,WE,Federal Contract Tower,18,0,14,0,32,0,0,16,0,16,18,0,30,0,48,108,0,108,156
09/04/2021,GUM,GU,AWP,WE,Federal Contract Tower,30,0,9,0,39,0,0,5,0,5,30,0,14,0,44,26,0,26,70
09/05/2021,GUM,GU,AWP,WE,Federal Contract Tower,19,0,4,0,23,0,0,0,0,0,19,0,4,0,23,64,0,64,87
09/06/2021,GUM,GU,AWP,WE,Federal Contract Tower,23,0,9,0,32,0,0,9,0,9,23,0,18,0,41,48,0,48,89
09/07/2021,GUM,GU,AWP,WE,Federal Contract Tower,14,0,11,0,25,0,1,4,0,5,14,1,15,0,30,68,0,68,98
09/08/2021,GUM,GU,AWP,WE,Federal Contract Tower,14,0,12,0,26,0,0,11,0,11,14,0,23,0,37,0,0,0,37
09/09/2021,GUM,GU,AWP,WE,Federal Contract Tower,12,0,12,4,28,0,0,21,0,21,12,0,33,4,49,16,0,16,65
09/10/2021,GUM,GU,AWP,WE,Federal Contract Tower,27,0,11,0,38,0,0,13,2,15,27,0,24,2,53,22,0,22,75
09/11/2021,GUM,GU,AWP,WE,Federal Contract Tower,20,0,2,0,22,0,0,10,0,10,20,0,12,0,32,20,0,20,52
09/12/2021,GUM,GU,AWP,WE,Federal Contract Tower,17,0,5,0,22,0,0,8,0,8,17,0,13,0,30,35,0,35,65
09/13/2021,GUM,GU,AWP,WE,Federal Contract Tower,16,0,11,1,28,0,0,7,0,7,16,0,18,1,35,0,0,0,35
09/14/2021,GUM,GU,AWP,WE,Federal Contract Tower,17,0,9,0,26,0,0,12,2,14,17,0,21,2,40,28,25,53,93
09/15/2021,GUM,GU,AWP,WE,Federal Contract Tower,16,0,11,0,27,0,2,5,3,10,16,2,16,3,37,18,10,28,65
09/16/2021,GUM,GU,AWP,WE,Federal Contract Tower,16,0,7,0,23,0,0,13,0,13,16,0,20,0,36,40,0,40,76
09/17/2021,GUM,GU,AWP,WE,Federal Contract Tower,22,0,4,1,27,0,0,7,0,7,22,0,11,1,34,26,0,26,60
09/18/2021,GUM,GU,AWP,WE,Federal Contract Tower,21,0,6,0,27,0,0,16,0,16,21,0,22,0,43,44,0,44,87
09/19/2021,GUM,GU,AWP,WE,Federal Contract Tower,18,0,2,0,20,0,0,0,0,0,18,0,2,0,20,4,0,4,24
09/20/2021,GUM,GU,AWP,WE,Federal Contract Tower,22,0,8,0,30,0,3,14,4,21,22,3,22,4,51,8,0,8,59
09/21/2021,GUM,GU,AWP,WE,Federal Contract Tower,24,0,15,0,39,0,2,5,5,12,24,2,20,5,51,29,14,43,94
09/22/2021,GUM,GU,AWP,WE,Federal Contract Tower,16,0,11,0,27,0,0,9,0,9,16,0,20,0,36,12,0,12,48
09/23/2021,GUM,GU,AWP,WE,Federal Contract Tower,8,0,9,0,17,0,0,2,0,2,8,0,11,0,19,6,0,6,25
09/24/2021,GUM,GU,AWP,WE,Federal Contract Tower,21,0,9,0,30,0,0,2,0,2,21,0,11,0,32,0,0,0,32
09/25/2021,GUM,GU,AWP,WE,Federal Contract Tower,14,0,6,0,20,0,0,6,0,6,14,0,12,0,26,10,0,10,36
09/26/2021,GUM,GU,AWP,WE,Federal Contract Tower,16,0,2,0,18,0,0,2,0,2,16,0,4,0,20,36,0,36,56
09/27/2021,GUM,GU,AWP,WE,Federal Contract Tower,23,0,34,0,57,0,4,7,0,11,23,4,41,0,68,34,0,34,102
09/28/2021,GUM,GU,AWP,WE,Federal Contract Tower,13,0,10,1,24,0,5,8,4,17,13,5,18,5,41,30,0,30,71
09/29/2021,GUM,GU,AWP,WE,Federal Contract Tower,16,0,18,0,34,0,0,17,0,17,16,0,35,0,51,48,6,54,105
09/30/2021,GUM,GU,AWP,WE,Federal Contract Tower,15,0,6,1,22,0,4,11,8,23,15,4,17,9,45,2,0,2,47
10/01/2021,GUM,GU,AWP,WE,Federal Contract Tower,23,0,9,0,32,0,0,11,0,11,23,0,20,0,43,50,0,50,93
10/02/2021,GUM,GU,AWP,WE,Federal Contract Tower,19,0,1,0,20,0,0,0,0,0,19,0,1,0,20,66,0,66,86
10/03/2021,GUM,GU,AWP,WE,Federal Contract Tower,18,0,1,0,19,0,0,0,0,0,18,0,1,0,19,0,0,0,19
10/04/2021,GUM,GU,AWP,WE,Federal Contract Tower,21,0,10,0,31,0,1,3,1,5,21,1,13,1,36,0,0,0,36
10/05/2021,GUM,GU,AWP,WE,Federal Contract Tower,14,0,8,0,22,0,2,2,2,6,14,2,10,2,28,40,0,40,68
10/06/2021,GUM,GU,AWP,WE,Federal Contract Tower,20,0,7,0,27,0,2,13,0,15,20,2,20,0,42,16,0,16,58
10/07/2021,GUM,GU,AWP,WE,Federal Contract Tower,15,0,8,0,23,0,0,2,0,2,15,0,10,0,25,16,0,16,41
10/08/2021,GUM,GU,AWP,WE,Federal Contract Tower,21,1,16,1,39,0,0,2,0,2,21,1,18,1,41,43,0,43,84
10/09/2021,GUM,GU,AWP,WE,Federal Contract Tower,16,2,3,0,21,0,0,1,0,1,16,2,4,0,22,10,0,10,32
10/10/2021,GUM,GU,AWP,WE,Federal Contract Tower,18,0,0,0,18,0,0,1,0,1,18,0,1,0,19,38,0,38,57
10/11/2021,GUM,GU,AWP,WE,Federal Contract Tower,23,0,14,0,37,0,6,4,0,10,23,6,18,0,47,8,0,8,55
10/12/2021,GUM,GU,AWP,WE,Federal Contract Tower,19,0,19,1,39,0,4,2,2,8,19,4,21,3,47,65,12,77,124
10/13/2021,GUM,GU,AWP,WE,Federal Contract Tower,21,0,15,1,37,0,0,13,0,13,21,0,28,1,50,58,0,58,108
10/15/2021,GUM,GU,AWP,WE,Federal Contract Tower,25,0,9,0,34,0,2,11,0,13,25,2,20,0,47,124,0,124,171
10/16/2021,GUM,GU,AWP,WE,Federal Contract Tower,30,0,7,0,37,0,0,8,0,8,30,0,15,0,45,54,0,54,99
10/17/2021,GUM,GU,AWP,WE,Federal Contract Tower,21,0,0,0,21,0,0,2,0,2,21,0,2,0,23,56,0,56,79
10/18/2021,GUM,GU,AWP,WE,Federal Contract Tower,23,0,6,0,29,0,2,3,0,5,23,2,9,0,34,82,0,82,116
10/19/2021,GUM,GU,AWP,WE,Federal Contract Tower,21,1,11,2,35,0,0,0,0,0,21,1,11,2,35,22,0,22,57
10/20/2021,GUM,GU,AWP,WE,Federal Contract Tower,21,0,12,7,40,0,0,6,2,8,21,0,18,9,48,22,0,22,70
10/21/2021,GUM,GU,AWP,WE,Federal Contract Tower,18,0,6,0,24,0,0,12,0,12,18,0,18,0,36,2,0,2,38
10/22/2021,GUM,GU,AWP,WE,Federal Contract Tower,19,0,20,2,41,0,0,0,0,0,19,0,20,2,41,23,0,23,64
10/23/2021,GUM,GU,AWP,WE,Federal Contract Tower,17,0,6,0,23,0,0,0,0,0,17,0,6,0,23,16,0,16,39
10/24/2021,GUM,GU,AWP,WE,Federal Contract Tower,19,0,0,0,19,0,0,0,0,0,19,0,0,0,19,0,0,0,19
10/25/2021,GUM,GU,AWP,WE,Federal Contract Tower,17,0,10,0,27,0,6,13,2,21,17,6,23,2,48,6,0,6,54
10/26/2021,GUM,GU,AWP,WE,Federal Contract Tower,16,0,17,0,33,0,7,9,3,19,16,7,26,3,52,24,0,24,76
10/27/2021,GUM,GU,AWP,WE,Federal Contract Tower,19,0,9,1,29,0,0,24,3,27,19,0,33,4,56,28,0,28,84
10/28/2021,GUM,GU,AWP,WE,Federal Contract Tower,16,1,12,1,30,0,0,21,0,21,16,1,33,1,51,14,0,14,65
10/29/2021,GUM,GU,AWP,WE,Federal Contract Tower,20,0,16,2,38,0,0,5,0,5,20,0,21,2,43,22,0,22,65
10/30/2021,GUM,GU,AWP,WE,Federal Contract Tower,17,0,2,0,19,0,0,0,0,0,17,0,2,0,19,36,0,36,55
10/31/2021,GUM,GU,AWP,WE,Federal Contract Tower,17,0,0,0,17,0,0,0,0,0,17,0,0,0,17,20,0,20,37
11/01/2021,GUM,GU,AWP,WE,Federal Contract Tower,20,0,12,0,32,0,2,11,0,13,20,2,23,0,45,0,0,0,45
11/02/2021,GUM,GU,AWP,WE,Federal Contract Tower,13,0,12,0,25,0,4,8,1,13,13,4,20,1,38,46,4,50,88
11/03/2021,GUM,GU,AWP,WE,Federal Contract Tower,19,0,11,6,36,0,0,13,0,13,19,0,24,6,49,20,0,20,69
11/04/2021,GUM,GU,AWP,WE,Federal Contract Tower,17,0,6,2,25,0,0,22,0,22,17,0,28,2,47,34,0,34,81
11/05/2021,GUM,GU,AWP,WE,Federal Contract Tower,22,0,11,0,33,0,0,6,0,6,22,0,17,0,39,40,0,40,79
11/06/2021,GUM,GU,AWP,WE,Federal Contract Tower,18,0,4,1,23,0,0,8,0,8,18,0,12,1,31,52,0,52,83
11/07/2021,GUM,GU,AWP,WE,Federal Contract Tower,19,1,0,0,20,0,0,2,0,2,19,1,2,0,22,58,0,58,80
11/08/2021,GUM,GU,AWP,WE,Federal Contract Tower,21,0,10,2,33,0,0,9,0,9,21,0,19,2,42,12,0,12,54
11/09/2021,GUM,GU,AWP,WE,Federal Contract Tower,18,0,8,2,28,0,4,8,0,12,18,4,16,2,40,44,0,44,84
11/10/2021,GUM,GU,AWP,WE,Federal Contract Tower,24,0,7,0,31,0,3,21,2,26,24,3,28,2,57,54,0,54,111
11/11/2021,GUM,GU,AWP,WE,Federal Contract Tower,23,0,6,1,30,0,0,12,0,12,23,0,18,1,42,34,0,34,76
11/12/2021,GUM,GU,AWP,WE,Federal Contract Tower,22,0,9,0,31,0,0,20,0,20,22,0,29,0,51,68,0,68,119
11/13/2021,GUM,GU,AWP,WE,Federal Contract Tower,22,0,2,0,24,0,0,3,0,3,22,0,5,0,27,32,0,32,59
11/14/2021,GUM,GU,AWP,WE,Federal Contract Tower,22,0,7,0,29,0,0,6,0,6,22,0,13,0,35,66,0,66,101
11/15/2021,GUM,GU,AWP,WE,Federal Contract Tower,25,0,12,2,39,0,0,4,0,4,25,0,16,2,43,56,0,56,99
11/16/2021,GUM,GU,AWP,WE,Federal Contract Tower,18,0,12,2,32,0,0,4,0,4,18,0,16,2,36,28,0,28,64
11/17/2021,GUM,GU,AWP,WE,Federal Contract Tower,20,0,10,2,32,0,0,6,14,20,20,0,16,16,52,24,0,24,76
11/18/2021,GUM,GU,AWP,WE,Federal Contract Tower,15,0,9,0,24,0,0,17,4,21,15,0,26,4,45,60,14,74,119
11/19/2021,GUM,GU,AWP,WE,Federal Contract Tower,24,0,9,1,34,0,0,25,0,25,24,0,34,1,59,52,0,52,111
11/21/2021,GUM,GU,AWP,WE,Federal Contract Tower,17,0,1,2,20,0,0,6,0,6,17,0,7,2,26,83,0,83,109
11/22/2021,GUM,GU,AWP,WE,Federal Contract Tower,19,0,11,21,51,0,0,24,0,24,19,0,35,21,75,52,13,65,140
11/23/2021,GUM,GU,AWP,WE,Federal Contract Tower,18,0,9,1,28,0,5,23,1,29,18,5,32,2,57,24,0,24,81
11/25/2021,GUM,GU,AWP,WE,Federal Contract Tower,24,0,13,0,37,0,0,0,0,0,24,0,13,0,37,8,0,8,45
11/26/2021,GUM,GU,AWP,WE,Federal Contract Tower,29,0,11,0,40,0,0,29,0,29,29,0,40,0,69,38,0,38,107
11/27/2021,GUM,GU,AWP,WE,Federal Contract Tower,23,0,10,0,33,0,0,15,0,15,23,0,25,0,48,68,0,68,116
11/28/2021,GUM,GU,AWP,WE,Federal Contract Tower,21,0,6,0,27,0,0,0,0,0,21,0,6,0,27,50,0,50,77
11/29/2021,GUM,GU,AWP,WE,Federal Contract Tower,21,0,12,0,33,0,0,0,0,0,21,0,12,0,33,0,0,0,33
11/30/2021,GUM,GU,AWP,WE,Federal Contract Tower,14,0,17,0,31,0,0,8,0,8,14,0,25,0,39,65,0,65,104
12/01/2021,GUM,GU,AWP,WE,Federal Contract Tower,22,0,12,3,37,0,0,8,7,15,22,0,20,10,52,45,6,51,103
12/02/2021,GUM,GU,AWP,WE,Federal Contract Tower,20,0,9,0,29,0,0,33,4,37,20,0,42,4,66,139,0,139,205
12/03/2021,GUM,GU,AWP,WE,Federal Contract Tower,29,0,10,1,40,0,0,33,0,33,29,0,43,1,73,96,0,96,169
12/04/2021,GUM,GU,AWP,WE,Federal Contract Tower,22,0,11,1,34,0,0,15,0,15,22,0,26,1,49,82,0,82,131
12/05/2021,GUM,GU,AWP,WE,Federal Contract Tower,23,0,6,0,29,0,0,6,6,12,23,0,12,6,41,126,0,126,167
12/06/2021,GUM,GU,AWP,WE,Federal Contract Tower,27,0,16,0,43,0,0,13,4,17,27,0,29,4,60,66,0,66,126
12/07/2021,GUM,GU,AWP,WE,Federal Contract Tower,16,0,18,0,34,0,0,5,2,7,16,0,23,2,41,14,0,14,55
12/08/2021,GUM,GU,AWP,WE,Federal Contract Tower,20,0,21,0,41,0,0,11,11,22,20,0,32,11,63,75,0,75,138
12/09/2021,GUM,GU,AWP,WE,Federal Contract Tower,11,0,12,4,27,0,0,12,3,15,11,0,24,7,42,48,10,58,100
12/10/2021,GUM,GU,AWP,WE,Federal Contract Tower,17,0,15,0,32,0,0,20,0,20,17,0,35,0,52,80,0,80,132
12/11/2021,GUM,GU,AWP,WE,Federal Contract Tower,21,0,16,0,37,0,0,0,2,2,21,0,16,2,39,28,0,28,67
12/12/2021,GUM,GU,AWP,WE,Federal Contract Tower,16,0,2,0,18,0,0,6,0,6,16,0,8,0,24,41,0,41,65
12/13/2021,GUM,GU,AWP,WE,Federal Contract Tower,26,1,10,1,38,0,0,10,0,10,26,1,20,1,48,6,0,6,54
12/14/2021,GUM,GU,AWP,WE,Federal Contract Tower,16,0,15,0,31,0,0,8,0,8,16,0,23,0,39,12,0,12,51
12/15/2021,GUM,GU,AWP,WE,Federal Contract Tower,22,0,11,1,34,0,2,14,0,16,22,2,25,1,50,10,0,10,60
12/16/2021,GUM,GU,AWP,WE,Federal Contract Tower,16,0,9,0,25,0,2,13,0,15,16,2,22,0,40,16,0,16,56
12/17/2021,GUM,GU,AWP,WE,Federal Contract Tower,19,0,10,0,29,0,0,12,0,12,19,0,22,0,41,32,2,34,75
12/18/2021,GUM,GU,AWP,WE,Federal Contract Tower,19,0,6,0,25,0,0,14,0,14,19,0,20,0,39,34,0,34,73
12/19/2021,GUM,GU,AWP,WE,Federal Contract Tower,22,0,0,1,23,0,0,2,0,2,22,0,2,1,25,40,0,40,65
12/20/2021,GUM,GU,AWP,WE,Federal Contract Tower,21,0,10,5,36,0,1,14,0,15,21,1,24,5,51,28,6,34,85
12/21/2021,GUM,GU,AWP,WE,Federal Contract Tower,16,0,12,2,30,0,8,13,0,21,16,8,25,2,51,20,0,20,71
12/22/2021,GUM,GU,AWP,WE,Federal Contract Tower,21,0,7,4,32,0,6,19,0,25,21,6,26,4,57,30,0,30,87
12/23/2021,GUM,GU,AWP,WE,Federal Contract Tower,18,0,7,4,29,0,0,21,4,25,18,0,28,8,54,24,0,24,78
12/24/2021,GUM,GU,AWP,WE,Federal Contract Tower,23,0,9,0,32,0,0,8,0,8,23,0,17,0,40,15,0,15,55
12/25/2021,GUM,GU,AWP,WE,Federal Contract Tower,19,0,1,0,20,0,4,0,1,5,19,4,1,1,25,0,0,0,25
12/26/2021,GUM,GU,AWP,WE,Federal Contract Tower,16,0,1,0,17,0,0,0,0,0,16,0,1,0,17,44,0,44,61
12/27/2021,GUM,GU,AWP,WE,Federal Contract Tower,19,0,16,0,35,0,0,10,0,10,19,0,26,0,45,30,0,30,75
12/28/2021,GUM,GU,AWP,WE,Federal Contract Tower,14,0,8,1,23,0,4,13,0,17,14,4,21,1,40,20,0,20,60
12/29/2021,GUM,GU,AWP,WE,Federal Contract Tower,21,0,5,0,26,0,0,10,0,10,21,0,15,0,36,34,0,34,70
12/30/2021,GUM,GU,AWP,WE,Federal Contract Tower,15,0,5,0,20,0,0,36,0,36,15,0,41,0,56,77,0,77,133
12/31/2021,GUM,GU,AWP,WE,Federal Contract Tower,16,0,3,0,19,0,0,11,0,11,16,0,14,0,30,44,0,44,74
01/01/2022,GUM,GU,AWP,WE,Federal Contract Tower,14,0,3,0,17,0,0,9,2,11,14,0,12,2,28,38,0,38,66
01/02/2022,GUM,GU,AWP,WE,Federal Contract Tower,15,0,0,0,15,0,0,0,0,0,15,0,0,0,15,24,0,24,39
01/03/2022,GUM,GU,AWP,WE,Federal Contract Tower,21,0,18,0,39,0,2,2,0,4,21,2,20,0,43,24,0,24,67
01/04/2022,GUM,GU,AWP,WE,Federal Contract Tower,13,0,7,5,25,0,2,4,0,6,13,2,11,5,31,8,0,8,39
01/05/2022,GUM,GU,AWP,WE,Federal Contract Tower,19,2,8,0,29,0,2,2,0,4,19,4,10,0,33,2,0,2,35
01/06/2022,GUM,GU,AWP,WE,Federal Contract Tower,14,0,6,0,20,0,0,18,0,18,14,0,24,0,38,28,0,28,66
01/07/2022,GUM,GU,AWP,WE,Federal Contract Tower,22,0,6,0,28,0,0,0,0,0,22,0,6,0,28,0,0,0,28
01/08/2022,GUM,GU,AWP,WE,Federal Contract Tower,22,0,4,0,26,0,0,15,0,15,22,0,19,0,41,26,0,26,67
01/09/2022,GUM,GU,AWP,WE,Federal Contract Tower,21,0,0,0,21,0,0,6,0,6,21,0,6,0,27,4,0,4,31
01/10/2022,GUM,GU,AWP,WE,Federal Contract Tower,16,0,12,0,28,0,2,15,0,17,16,2,27,0,45,48,0,48,93
01/11/2022,GUM,GU,AWP,WE,Federal Contract Tower,22,0,4,0,26,0,0,14,0,14,22,0,18,0,40,26,10,36,76
01/12/2022,GUM,GU,AWP,WE,Federal Contract Tower,23,0,4,0,27,0,2,15,0,17,23,2,19,0,44,24,0,24,68
01/13/2022,GUM,GU,AWP,WE,Federal Contract Tower,21,0,6,0,27,0,0,15,2,17,21,0,21,2,44,16,0,16,60
01/14/2022,GUM,GU,AWP,WE,Federal Contract Tower,15,1,7,0,23,0,0,15,0,15,15,1,22,0,38,90,0,90,128
01/15/2022,GUM,GU,AWP,WE,Federal Contract Tower,19,0,10,0,29,0,0,8,2,10,19,0,18,2,39,92,0,92,131
01/16/2022,GUM,GU,AWP,WE,Federal Contract Tower,45,0,3,0,48,0,0,0,0,0,45,0,3,0,48,0,0,0,48
01/17/2022,GUM,GU,AWP,WE,Federal Contract Tower,21,0,19,0,40,0,1,1,0,2,21,1,20,0,42,68,0,68,110
01/18/2022,GUM,GU,AWP,WE,Federal Contract Tower,20,0,11,6,37,0,4,2,0,6,20,4,13,6,43,98,4,102,145
01/19/2022,GUM,GU,AWP,WE,Federal Contract Tower,50,1,12,0,63,0,2,4,0,6,50,3,16,0,69,14,0,14,83
01/20/2022,GUM,GU,AWP,WE,Federal Contract Tower,20,0,7,0,27,0,0,6,0,6,20,0,13,0,33,42,0,42,75
01/21/2022,GUM,GU,AWP,WE,Federal Contract Tower,18,1,10,12,41,0,0,4,0,4,18,1,14,12,45,0,0,0,45
01/22/2022,GUM,GU,AWP,WE,Federal Contract Tower,21,0,11,1,33,0,0,0,0,0,21,0,11,1,33,0,0,0,33
01/23/2022,GUM,GU,AWP,WE,Federal Contract Tower,15,0,0,4,19,0,0,0,0,0,15,0,0,4,19,16,0,16,35
01/24/2022,GUM,GU,AWP,WE,Federal Contract Tower,19,0,8,3,30,0,0,17,2,19,19,0,25,5,49,82,0,82,131
01/25/2022,GUM,GU,AWP,WE,Federal Contract Tower,15,0,5,3,23,0,2,21,0,23,15,2,26,3,46,31,27,58,104
01/26/2022,GUM,GU,AWP,WE,Federal Contract Tower,17,0,4,1,22,0,4,22,2,28,17,4,26,3,50,28,34,62,112
01/27/2022,GUM,GU,AWP,WE,Federal Contract Tower,20,0,11,3,34,0,2,22,0,24,20,2,33,3,58,62,0,62,120
01/28/2022,GUM,GU,AWP,WE,Federal Contract Tower,14,0,7,2,23,0,0,13,0,13,14,0,20,2,36,36,0,36,72
01/29/2022,GUM,GU,AWP,WE,Federal Contract Tower,19,0,3,0,22,0,0,20,0,20,19,0,23,0,42,24,0,24,66
01/30/2022,GUM,GU,AWP,WE,Federal Contract Tower,22,0,0,1,23,0,0,14,0,14,22,0,14,1,37,62,0,62,99
01/31/2022,GUM,GU,AWP,WE,Federal Contract Tower,24,0,4,2,30,0,0,19,6,25,24,0,23,8,55,12,12,24,79
02/01/2022,GUM,GU,AWP,WE,Federal Contract Tower,16,0,1,2,19,0,2,14,0,16,16,2,15,2,35,18,6,24,59
02/02/2022,GUM,GU,AWP,WE,Federal Contract Tower,18,2,2,0,22,0,2,10,0,12,18,4,12,0,34,0,0,0,34
02/03/2022,GUM,GU,AWP,WE,Federal Contract Tower,17,0,2,0,19,0,0,5,0,5,17,0,7,0,24,9,0,9,33
02/04/2022,GUM,GU,AWP,WE,Federal Contract Tower,16,0,4,0,20,0,0,21,0,21,16,0,25,0,41,32,0,32,73
02/05/2022,GUM,GU,AWP,WE,Federal Contract Tower,17,0,2,1,20,0,0,0,0,0,17,0,2,1,20,26,0,26,46
02/06/2022,GUM,GU,AWP,WE,Federal Contract Tower,21,0,2,0,23,0,0,14,0,14,21,0,16,0,37,40,0,40,77
02/07/2022,GUM,GU,AWP,WE,Federal Contract Tower,21,0,3,2,26,0,0,13,0,13,21,0,16,2,39,28,0,28,67
02/08/2022,GUM,GU,AWP,WE,Federal Contract Tower,12,0,3,7,22,0,6,8,0,14,12,6,11,7,36,21,0,21,57
02/09/2022,GUM,GU,AWP,WE,Federal Contract Tower,15,0,5,4,24,0,4,12,2,18,15,4,17,6,42,30,0,30,72
02/10/2022,GUM,GU,AWP,WE,Federal Contract Tower,17,0,3,14,34,0,0,8,17,25,17,0,11,31,59,36,0,36,95
02/11/2022,GUM,GU,AWP,WE,Federal Contract Tower,23,0,3,2,28,0,0,16,0,16,23,0,19,2,44,34,0,34,78
02/12/2022,GUM,GU,AWP,WE,Federal Contract Tower,19,0,2,1,22,0,0,29,0,29,19,0,31,1,51,42,0,42,93
02/13/2022,GUM,GU,AWP,WE,Federal Contract Tower,16,0,1,1,18,0,0,12,1,13,16,0,13,2,31,16,0,16,47
02/14/2022,GUM,GU,AWP,WE,Federal Contract Tower,19,1,2,0,22,0,0,11,0,11,19,1,13,0,33,18,0,18,51
02/15/2022,GUM,GU,AWP,WE,Federal Contract Tower,14,0,5,6,25,0,6,10,6,22,14,6,15,12,47,36,10,46,93
02/16/2022,GUM,GU,AWP,WE,Federal Contract Tower,19,0,7,4,30,0,2,19,4,25,19,2,26,8,55,61,0,61,116
02/17/2022,GUM,GU,AWP,WE,Federal Contract Tower,28,0,3,3,34,0,4,16,7,27,28,4,19,10,61,96,0,96,157
02/18/2022,GUM,GU,AWP,WE,Federal Contract Tower,30,0,8,0,38,0,0,20,0,20,30,0,28,0,58,46,0,46,104
02/19/2022,GUM,GU,AWP,WE,Federal Contract Tower,16,0,5,0,21,0,0,40,0,40,16,0,45,0,61,120,0,120,181
02/20/2022,GUM,GU,AWP,WE,Federal Contract Tower,17,0,0,0,17,0,0,0,0,0,17,0,0,0,17,154,0,154,171
02/21/2022,GUM,GU,AWP,WE,Federal Contract Tower,23,0,24,0,47,0,0,27,0,27,23,0,51,0,74,120,0,120,194
02/22/2022,GUM,GU,AWP,WE,Federal Contract Tower,22,0,6,1,29,0,4,13,1,18,22,4,19,2,47,91,0,91,138
02/23/2022,GUM,GU,AWP,WE,Federal Contract Tower,22,2,15,0,39,0,8,10,0,18,22,10,25,0,57,70,0,70,127
02/24/2022,GUM,GU,AWP,WE,Federal Contract Tower,16,0,5,4,25,0,0,23,6,29,16,0,28,10,54,26,0,26,80
02/25/2022,GUM,GU,AWP,WE,Federal Contract Tower,22,0,4,0,26,0,10,9,0,19,22,10,13,0,45,22,0,22,67
02/26/2022,GUM,GU,AWP,WE,Federal Contract Tower,25,0,2,0,27,0,0,7,0,7,25,0,9,0,34,4,0,4,38
02/27/2022,GUM,GU,AWP,WE,Federal Contract Tower,26,0,7,0,33,0,0,4,0,4,26,0,11,0,37,14,0,14,51
02/28/2022,GUM,GU,AWP,WE,Federal Contract Tower,22,0,5,0,27,0,2,12,0,14,22,2,17,0,41,56,0,56,97
03/01/2022,GUM,GU,AWP,WE,Federal Contract Tower,23,0,14,0,37,0,4,6,8,18,23,4,20,8,55,30,0,30,85
03/02/2022,GUM,GU,AWP,WE,Federal Contract Tower,20,0,6,1,27,0,0,11,5,16,20,0,17,6,43,91,0,91,134
03/03/2022,GUM,GU,AWP,WE,Federal Contract Tower,26,0,4,1,31,0,0,12,3,15,26,0,16,4,46,72,0,72,118
03/04/2022,GUM,GU,AWP,WE,Federal Contract Tower,19,0,9,0,28,2,2,5,2,11,21,2,14,2,39,120,0,120,159
03/05/2022,GUM,GU,AWP,WE,Federal Contract Tower,21,0,7,0,28,0,0,23,0,23,21,0,30,0,51,79,0,79,130
03/06/2022,GUM,GU,AWP,WE,Federal Contract Tower,18,0,0,2,20,0,0,24,8,32,18,0,24,10,52,30,0,30,82
03/07/2022,GUM,GU,AWP,WE,Federal Contract Tower,19,0,2,0,21,0,0,23,0,23,19,0,25,0,44,40,0,40,84
03/08/2022,GUM,GU,AWP,WE,Federal Contract Tower,11,0,6,1,18,0,4,10,3,17,11,4,16,4,35,54,0,54,89
03/09/2022,GUM,GU,AWP,WE,Federal Contract Tower,19,0,12,11,42,0,2,3,10,15,19,2,15,21,57,10,0,10,67
03/10/2022,GUM,GU,AWP,WE,Federal Contract Tower,16,0,9,0,25,0,2,27,3,32,16,2,36,3,57,116,0,116,173
03/11/2022,GUM,GU,AWP,WE,Federal Contract Tower,17,0,14,2,33,0,0,5,4,9,17,0,19,6,42,6,0,6,48
03/12/2022,GUM,GU,AWP,WE,Federal Contract Tower,23,0,6,4,33,0,0,20,0,20,23,0,26,4,53,14,0,14,67
03/13/2022,GUM,GU,AWP,WE,Federal Contract Tower,17,0,2,0,19,0,0,9,0,9,17,0,11,0,28,14,0,14,42
03/14/2022,GUM,GU,AWP,WE,Federal Contract Tower,22,0,10,3,35,0,8,15,0,23,22,8,25,3,58,24,0,24,82
03/15/2022,GUM,GU,AWP,WE,Federal Contract Tower,12,0,4,0,16,0,8,14,4,26,12,8,18,4,42,22,2,24,66
03/16/2022,GUM,GU,AWP,WE,Federal Contract Tower,17,0,3,6,26,0,0,6,6,12,17,0,9,12,38,12,0,12,50
03/17/2022,GUM,GU,AWP,WE,Federal Contract Tower,16,0,4,5,25,0,4,9,2,15,16,4,13,7,40,74,0,74,114
03/18/2022,GUM,GU,AWP,WE,Federal Contract Tower,20,0,7,0,27,0,0,17,0,17,20,0,24,0,44,6,0,6,50
03/19/2022,GUM,GU,AWP,WE,Federal Contract Tower,15,0,3,1,19,0,0,14,0,14,15,0,17,1,33,24,0,24,57
03/20/2022,GUM,GU,AWP,WE,Federal Contract Tower,18,2,2,0,22,0,0,18,0,18,18,2,20,0,40,24,0,24,64
03/21/2022,GUM,GU,AWP,WE,Federal Contract Tower,19,0,3,1,23,0,0,19,2,21,19,0,22,3,44,32,0,32,76
03/22/2022,GUM,GU,AWP,WE,Federal Contract Tower,15,2,1,10,28,0,0,10,6,16,15,2,11,16,44,14,0,14,58
03/23/2022,GUM,GU,AWP,WE,Federal Contract Tower,17,0,6,1,24,0,0,13,9,22,17,0,19,10,46,18,0,18,64
03/24/2022,GUM,GU,AWP,WE,Federal Contract Tower,16,0,3,4,23,0,2,12,2,16,16,2,15,6,39,1,0,1,40
03/25/2022,GUM,GU,AWP,WE,Federal Contract Tower,16,1,6,0,23,0,0,7,0,7,16,1,13,0,30,16,0,16,46
03/26/2022,GUM,GU,AWP,WE,Federal Contract Tower,17,0,4,0,21,0,0,18,19,37,17,0,22,19,58,10,0,10,68
03/27/2022,GUM,GU,AWP,WE,Federal Contract Tower,17,2,2,0,21,0,0,15,4,19,17,2,17,4,40,42,0,42,82
03/28/2022,GUM,GU,AWP,WE,Federal Contract Tower,21,0,6,0,27,0,0,16,0,16,21,0,22,0,43,34,0,34,77
03/29/2022,GUM,GU,AWP,WE,Federal Contract Tower,19,0,3,1,23,0,2,9,7,18,19,2,12,8,41,0,14,14,55
03/30/2022,GUM,GU,AWP,WE,Federal Contract Tower,18,0,5,1,24,0,0,10,0,10,18,0,15,1,34,42,0,42,76
03/31/2022,GUM,GU,AWP,WE,Federal Contract Tower,16,0,0,2,18,0,2,12,0,14,16,2,12,2,32,16,0,16,48
04/01/2022,GUM,GU,AWP,WE,Federal Contract Tower,18,0,3,0,21,0,0,7,0,7,18,0,10,0,28,0,0,0,28
04/02/2022,GUM,GU,AWP,WE,Federal Contract Tower,25,0,0,0,25,0,0,7,0,7,25,0,7,0,32,0,0,0,32
04/03/2022,GUM,GU,AWP,WE,Federal Contract Tower,19,0,0,0,19,0,0,27,0,27,19,0,27,0,46,111,0,111,157
04/04/2022,GUM,GU,AWP,WE,Federal Contract Tower,26,0,7,0,33,0,0,16,0,16,26,0,23,0,49,120,0,120,169
04/05/2022,GUM,GU,AWP,WE,Federal Contract Tower,17,0,2,1,20,0,0,19,0,19,17,0,21,1,39,127,0,127,166
04/06/2022,GUM,GU,AWP,WE,Federal Contract Tower,18,0,3,0,21,2,4,12,0,18,20,4,15,0,39,106,0,106,145
04/07/2022,GUM,GU,AWP,WE,Federal Contract Tower,22,2,2,3,29,0,1,17,6,24,22,3,19,9,53,46,0,46,99
04/08/2022,GUM,GU,AWP,WE,Federal Contract Tower,24,0,4,0,28,0,0,30,0,30,24,0,34,0,58,106,0,106,164
04/09/2022,GUM,GU,AWP,WE,Federal Contract Tower,32,0,6,0,38,0,0,0,0,0,32,0,6,0,38,12,0,12,50
04/10/2022,GUM,GU,AWP,WE,Federal Contract Tower,20,0,2,2,24,0,0,0,0,0,20,0,2,2,24,0,0,0,24
04/11/2022,GUM,GU,AWP,WE,Federal Contract Tower,29,0,15,0,44,0,0,2,0,2,29,0,17,0,46,0,0,0,46
04/12/2022,GUM,GU,AWP,WE,Federal Contract Tower,18,0,13,1,32,0,0,0,0,0,18,0,13,1,32,32,0,32,64
04/13/2022,GUM,GU,AWP,WE,Federal Contract Tower,20,0,9,2,31,0,9,13,1,23,20,9,22,3,54,66,0,66,120
04/14/2022,GUM,GU,AWP,WE,Federal Contract Tower,16,0,2,0,18,0,0,25,6,31,16,0,27,6,49,15,0,15,64
04/15/2022,GUM,GU,AWP,WE,Federal Contract Tower,21,0,6,1,28,0,0,24,0,24,21,0,30,1,52,16,0,16,68
04/16/2022,GUM,GU,AWP,WE,Federal Contract Tower,19,0,5,5,29,0,0,18,0,18,19,0,23,5,47,60,0,60,107
04/17/2022,GUM,GU,AWP,WE,Federal Contract Tower,24,0,4,0,28,0,0,18,0,18,24,0,22,0,46,34,0,34,80
04/18/2022,GUM,GU,AWP,WE,Federal Contract Tower,26,1,8,2,37,0,0,18,2,20,26,1,26,4,57,42,0,42,99
04/19/2022,GUM,GU,AWP,WE,Federal Contract Tower,14,0,8,8,30,0,0,14,0,14,14,0,22,8,44,12,2,14,58
04/20/2022,GUM,GU,AWP,WE,Federal Contract Tower,18,0,7,1,26,0,2,17,0,19,18,2,24,1,45,6,0,6,51
04/21/2022,GUM,GU,AWP,WE,Federal Contract Tower,17,0,3,1,21,0,0,23,0,23,17,0,26,1,44,0,12,12,56
04/22/2022,GUM,GU,AWP,WE,Federal Contract Tower,20,0,7,0,27,0,0,0,0,0,20,0,7,0,27,4,0,4,31
04/23/2022,GUM,GU,AWP,WE,Federal Contract Tower,19,0,0,1,20,0,0,12,0,12,19,0,12,1,32,0,0,0,32
04/24/2022,GUM,GU,AWP,WE,Federal Contract Tower,22,0,1,3,26,0,0,4,0,4,22,0,5,3,30,2,0,2,32
04/25/2022,GUM,GU,AWP,WE,Federal Contract Tower,18,6,10,4,38,0,3,1,0,4,18,9,11,4,42,10,0,10,52
04/26/2022,GUM,GU,AWP,WE,Federal Contract Tower,18,0,6,2,26,0,5,16,16,37,18,5,22,18,63,20,24,44,107
04/27/2022,GUM,GU,AWP,WE,Federal Contract Tower,23,0,2,8,33,0,0,19,4,23,23,0,21,12,56,38,0,38,94
04/28/2022,GUM,GU,AWP,WE,Federal Contract Tower,19,0,3,0,22,0,1,17,0,18,19,1,20,0,40,4,0,4,44
04/29/2022,GUM,GU,AWP,WE,Federal Contract Tower,17,0,0,1,18,0,1,18,0,19,17,1,18,1,37,4,0,4,41
04/30/2022,GUM,GU,AWP,WE,Federal Contract Tower,19,0,0,0,19,0,0,20,0,20,19,0,20,0,39,26,0,26,65
05/01/2022,GUM,GU,AWP,WE,Federal Contract Tower,23,0,0,0,23,0,0,12,0,12,23,0,12,0,35,10,0,10,45
05/02/2022,GUM,GU,AWP,WE,Federal Contract Tower,21,0,1,0,22,0,2,14,0,16,21,2,15,0,38,22,0,22,60
05/03/2022,GUM,GU,AWP,WE,Federal Contract Tower,22,1,2,0,25,0,0,13,6,19,22,1,15,6,44,12,0,12,56
05/04/2022,GUM,GU,AWP,WE,Federal Contract Tower,21,1,0,0,22,0,2,15,0,17,21,3,15,0,39,0,0,0,39
05/05/2022,GUM,GU,AWP,WE,Federal Contract Tower,18,0,1,1,20,0,0,20,1,21,18,0,21,2,41,8,4,12,53
05/06/2022,GUM,GU,AWP,WE,Federal Contract Tower,16,0,5,1,22,0,0,21,0,21,16,0,26,1,43,22,0,22,65
05/07/2022,GUM,GU,AWP,WE,Federal Contract Tower,26,0,6,2,34,0,0,18,4,22,26,0,24,6,56,20,0,20,76
05/08/2022,GUM,GU,AWP,WE,Federal Contract Tower,27,0,2,2,31,0,0,4,0,4,27,0,6,2,35,4,0,4,39
05/09/2022,GUM,GU,AWP,WE,Federal Contract Tower,19,0,6,2,27,0,0,11,0,11,19,0,17,2,38,0,0,0,38
05/10/2022,GUM,GU,AWP,WE,Federal Contract Tower,19,0,3,0,22,0,0,12,2,14,19,0,15,2,36,0,0,0,36
05/11/2022,GUM,GU,AWP,WE,Federal Contract Tower,29,0,1,0,30,0,2,9,0,11,29,2,10,0,41,2,0,2,43
05/12/2022,GUM,GU,AWP,WE,Federal Contract Tower,21,0,2,1,24,0,0,14,0,14,21,0,16,1,38,0,0,0,38
05/13/2022,GUM,GU,AWP,WE,Federal Contract Tower,18,0,4,0,22,0,0,17,0,17,18,0,21,0,39,0,0,0,39
05/14/2022,GUM,GU,AWP,WE,Federal Contract Tower,31,0,4,1,36,0,0,12,0,12,31,0,16,1,48,0,0,0,48
05/15/2022,GUM,GU,AWP,WE,Federal Contract Tower,28,0,0,1,29,0,0,8,0,8,28,0,8,1,37,0,0,0,37
05/16/2022,GUM,GU,AWP,WE,Federal Contract Tower,17,0,8,0,25,0,1,10,0,11,17,1,18,0,36,12,0,12,48
05/17/2022,GUM,GU,AWP,WE,Federal Contract Tower,18,0,1,0,19,0,0,15,0,15,18,0,16,0,34,0,0,0,34
05/18/2022,GUM,GU,AWP,WE,Federal Contract Tower,27,0,1,0,28,0,0,9,0,9,27,0,10,0,37,0,0,0,37
05/19/2022,GUM,GU,AWP,WE,Federal Contract Tower,17,0,3,0,20,0,0,6,8,14,17,0,9,8,34,0,0,0,34
05/20/2022,GUM,GU,AWP,WE,Federal Contract Tower,17,1,1,0,19,0,1,20,0,21,17,2,21,0,40,0,0,0,40
05/21/2022,GUM,GU,AWP,WE,Federal Contract Tower,33,0,1,0,34,0,0,13,0,13,33,0,14,0,47,32,0,32,79
05/22/2022,GUM,GU,AWP,WE,Federal Contract Tower,30,0,0,1,31,0,0,20,0,20,30,0,20,1,51,36,0,36,87
05/23/2022,GUM,GU,AWP,WE,Federal Contract Tower,16,0,2,1,19,0,2,24,0,26,16,2,26,1,45,98,0,98,143
05/24/2022,GUM,GU,AWP,WE,Federal Contract Tower,18,0,0,0,18,0,2,19,2,23,18,2,19,2,41,16,0,16,57
05/25/2022,GUM,GU,AWP,WE,Federal Contract Tower,25,0,0,2,27,0,0,16,0,16,25,0,16,2,43,6,0,6,49
05/26/2022,GUM,GU,AWP,WE,Federal Contract Tower,17,0,1,0,18,0,0,27,2,29,17,0,28,2,47,18,14,32,79
05/27/2022,GUM,GU,AWP,WE,Federal Contract Tower,18,0,1,0,19,0,0,21,0,21,18,0,22,0,40,26,0,26,66
05/28/2022,GUM,GU,AWP,WE,Federal Contract Tower,29,0,0,1,30,0,0,22,0,22,29,0,22,1,52,22,0,22,74
05/29/2022,GUM,GU,AWP,WE,Federal Contract Tower,25,0,0,0,25,0,0,16,0,16,25,0,16,0,41,12,0,12,53
05/30/2022,GUM,GU,AWP,WE,Federal Contract Tower,19,0,2,0,21,0,2,25,0,27,19,2,27,0,48,46,0,46,94
05/31/2022,GUM,GU,AWP,WE,Federal Contract Tower,24,0,4,1,29,0,2,5,4,11,24,2,9,5,40,27,0,27,67
06/01/2022,GUM,GU,AWP,WE,Federal Contract Tower,27,0,2,2,31,0,0,26,3,29,27,0,28,5,60,18,0,18,78
06/02/2022,GUM,GU,AWP,WE,Federal Contract Tower,23,0,1,0,24,0,1,32,17,50,23,1,33,17,74,20,0,20,94
06/03/2022,GUM,GU,AWP,WE,Federal Contract Tower,22,0,10,1,33,0,0,33,2,35,22,0,43,3,68,18,0,18,86
06/04/2022,GUM,GU,AWP,WE,Federal Contract Tower,40,0,2,0,42,0,0,26,0,26,40,0,28,0,68,20,0,20,88
06/05/2022,GUM,GU,AWP,WE,Federal Contract Tower,26,0,0,0,26,0,0,10,0,10,26,0,10,0,36,52,0,52,88
06/06/2022,GUM,GU,AWP,WE,Federal Contract Tower,26,0,5,0,31,0,0,29,0,29,26,0,34,0,60,14,0,14,74
06/07/2022,GUM,GU,AWP,WE,Federal Contract Tower,23,0,8,1,32,0,2,13,3,18,23,2,21,4,50,52,2,54,104
06/08/2022,GUM,GU,AWP,WE,Federal Contract Tower,35,0,18,0,53,0,1,21,14,36,35,1,39,14,89,94,0,94,183
06/09/2022,GUM,GU,AWP,WE,Federal Contract Tower,23,0,3,2,28,2,0,22,0,24,25,0,25,2,52,64,0,64,116
06/10/2022,GUM,GU,AWP,WE,Federal Contract Tower,27,0,5,0,32,0,0,20,4,24,27,0,25,4,56,131,0,131,187
06/11/2022,GUM,GU,AWP,WE,Federal Contract Tower,36,1,3,0,40,0,0,11,0,11,36,1,14,0,51,58,0,58,109
06/12/2022,GUM,GU,AWP,WE,Federal Contract Tower,24,0,0,0,24,0,0,12,0,12,24,0,12,0,36,96,0,96,132
06/13/2022,GUM,GU,AWP,WE,Federal Contract Tower,31,0,1,0,32,0,5,23,1,29,31,5,24,1,61,76,2,78,139
06/14/2022,GUM,GU,AWP,WE,Federal Contract Tower,23,0,6,0,29,0,6,7,6,19,23,6,13,6,48,4,0,4,52
06/15/2022,GUM,GU,AWP,WE,Federal Contract Tower,26,0,5,0,31,0,2,18,0,20,26,2,23,0,51,50,4,54,105
06/16/2022,GUM,GU,AWP,WE,Federal Contract Tower,27,0,15,0,42,0,2,22,6,30,27,2,37,6,72,18,8,26,98
06/17/2022,GUM,GU,AWP,WE,Federal Contract Tower,24,0,2,2,28,0,0,44,0,44,24,0,46,2,72,16,0,16,88
06/19/2022,GUM,GU,AWP,WE,Federal Contract Tower,28,0,1,0,29,0,0,12,0,12,28,0,13,0,41,10,0,10,51
06/20/2022,GUM,GU,AWP,WE,Federal Contract Tower,27,0,5,0,32,0,2,21,0,23,27,2,26,0,55,60,0,60,115
06/21/2022,GUM,GU,AWP,WE,Federal Contract Tower,20,0,8,0,28,0,6,11,4,21,20,6,19,4,49,28,0,28,77
06/22/2022,GUM,GU,AWP,WE,Federal Contract Tower,28,0,2,2,32,0,1,24,2,27,28,1,26,4,59,53,0,53,112
06/23/2022,GUM,GU,AWP,WE,Federal Contract Tower,36,0,6,1,43,0,0,29,4,33,36,0,35,5,76,65,22,87,163
06/24/2022,GUM,GU,AWP,WE,Federal Contract Tower,29,0,0,0,29,0,0,21,0,21,29,0,21,0,50,56,0,56,106
06/25/2022,GUM,GU,AWP,WE,Federal Contract Tower,41,0,1,0,42,0,2,27,0,29,41,2,28,0,71,114,0,114,185
06/26/2022,GUM,GU,AWP,WE,Federal Contract Tower,28,0,0,0,28,0,2,20,0,22,28,2,20,0,50,86,0,86,136
06/27/2022,GUM,GU,AWP,WE,Federal Contract Tower,32,0,7,1,40,0,2,16,2,20,32,2,23,3,60,86,2,88,148
06/28/2022,GUM,GU,AWP,WE,Federal Contract Tower,26,0,6,1,33,0,4,12,0,16,26,4,18,1,49,140,10,150,199
06/29/2022,GUM,GU,AWP,WE,Federal Contract Tower,31,0,6,0,37,0,5,31,0,36,31,5,37,0,73,86,10,96,169
06/30/2022,GUM,GU,AWP,WE,Federal Contract Tower,28,0,13,0,41,0,2,16,10,28,28,2,29,10,69,63,0,63,132
07/01/2022,GUM,GU,AWP,WE,Federal Contract Tower,29,0,6,0,35,0,2,22,0,24,29,2,28,0,59,28,0,28,87
07/02/2022,GUM,GU,AWP,WE,Federal Contract Tower,35,0,5,0,40,0,0,22,0,22,35,0,27,0,62,18,0,18,80
07/03/2022,GUM,GU,AWP,WE,Federal Contract Tower,31,0,0,0,31,0,0,6,0,6,31,0,6,0,37,16,0,16,53
07/04/2022,GUM,GU,AWP,WE,Federal Contract Tower,27,0,6,0,33,0,6,6,0,12,27,6,12,0,45,54,0,54,99
07/05/2022,GUM,GU,AWP,WE,Federal Contract Tower,29,0,3,0,32,0,4,23,0,27,29,4,26,0,59,40,0,40,99
07/06/2022,GUM,GU,AWP,WE,Federal Contract Tower,35,0,2,2,39,0,5,18,2,25,35,5,20,4,64,40,2,42,106
07/07/2022,GUM,GU,AWP,WE,Federal Contract Tower,29,1,3,3,36,0,0,10,5,15,29,1,13,8,51,8,0,8,59
07/08/2022,GUM,GU,AWP,WE,Federal Contract Tower,32,0,0,0,32,0,0,31,0,31,32,0,31,0,63,24,0,24,87
07/09/2022,GUM,GU,AWP,WE,Federal Contract Tower,39,0,5,0,44,0,0,12,0,12,39,0,17,0,56,10,0,10,66
07/10/2022,GUM,GU,AWP,WE,Federal Contract Tower,34,0,0,0,34,0,0,27,0,27,34,0,27,0,61,24,0,24,85
07/11/2022,GUM,GU,AWP,WE,Federal Contract Tower,27,0,5,0,32,0,6,25,6,37,27,6,30,6,69,16,20,36,105
07/12/2022,GUM,GU,AWP,WE,Federal Contract Tower,27,0,1,0,28,0,0,15,2,17,27,0,16,2,45,28,0,28,73
07/13/2022,GUM,GU,AWP,WE,Federal Contract Tower,29,0,5,0,34,0,5,20,0,25,29,5,25,0,59,14,0,14,73
07/14/2022,GUM,GU,AWP,WE,Federal Contract Tower,26,0,4,0,30,0,0,37,2,39,26,0,41,2,69,18,0,18,87
07/15/2022,GUM,GU,AWP,WE,Federal Contract Tower,31,0,1,0,32,0,0,32,0,32,31,0,33,0,64,38,0,38,102
07/16/2022,GUM,GU,AWP,WE,Federal Contract Tower,42,0,4,0,46,0,0,30,0,30,42,0,34,0,76,46,0,46,122
07/17/2022,GUM,GU,AWP,WE,Federal Contract Tower,32,0,2,0,34,0,4,30,0,34,32,4,32,0,68,24,0,24,92
07/18/2022,GUM,GU,AWP,WE,Federal Contract Tower,27,0,4,1,32,0,6,14,0,20,27,6,18,1,52,24,0,24,76
07/19/2022,GUM,GU,AWP,WE,Federal Contract Tower,26,0,4,0,30,0,5,10,0,15,26,5,14,0,45,38,0,38,83
07/20/2022,GUM,GU,AWP,WE,Federal Contract Tower,33,1,4,0,38,0,0,22,0,22,33,1,26,0,60,34,0,34,94
07/21/2022,GUM,GU,AWP,WE,Federal Contract Tower,29,3,3,0,35,0,0,9,3,12,29,3,12,3,47,12,0,12,59
07/22/2022,GUM,GU,AWP,WE,Federal Contract Tower,40,0,4,0,44,0,0,26,0,26,40,0,30,0,70,50,0,50,120
07/23/2022,GUM,GU,AWP,WE,Federal Contract Tower,36,0,4,0,40,0,0,41,0,41,36,0,45,0,81,26,0,26,107
07/24/2022,GUM,GU,AWP,WE,Federal Contract Tower,42,0,5,0,47,0,2,22,0,24,42,2,27,0,71,16,0,16,87
07/25/2022,GUM,GU,AWP,WE,Federal Contract Tower,38,0,9,0,47,0,6,14,0,20,38,6,23,0,67,18,0,18,85
07/26/2022,GUM,GU,AWP,WE,Federal Contract Tower,34,0,9,2,45,0,0,7,0,7,34,0,16,2,52,48,0,48,100
07/27/2022,GUM,GU,AWP,WE,Federal Contract Tower,34,5,9,0,48,0,5,20,0,25,34,10,29,0,73,28,0,28,101
07/28/2022,GUM,GU,AWP,WE,Federal Contract Tower,30,0,2,0,32,0,2,29,0,31,30,2,31,0,63,36,2,38,101
07/29/2022,GUM,GU,AWP,WE,Federal Contract Tower,39,0,6,0,45,0,0,17,0,17,39,0,23,0,62,46,0,46,108
07/30/2022,GUM,GU,AWP,WE,Federal Contract Tower,37,0,1,0,38,0,0,30,0,30,37,0,31,0,68,30,0,30,98
07/31/2022,GUM,GU,AWP,WE,Federal Contract Tower,36,0,4,0,40,0,0,15,0,15,36,0,19,0,55,2,0,2,57
08/01/2022,GUM,GU,AWP,WE,Federal Contract Tower,36,0,4,0,40,0,4,22,2,28,36,4,26,2,68,40,0,40,108
08/02/2022,GUM,GU,AWP,WE,Federal Contract Tower,32,0,1,0,33,0,2,17,0,19,32,2,18,0,52,64,0,64,116
08/03/2022,GUM,GU,AWP,WE,Federal Contract Tower,37,0,1,0,38,0,0,29,0,29,37,0,30,0,67,0,0,0,67
08/04/2022,GUM,GU,AWP,WE,Federal Contract Tower,41,0,0,0,41,0,0,33,0,33,41,0,33,0,74,46,0,46,120
08/05/2022,GUM,GU,AWP,WE,Federal Contract Tower,40,0,1,0,41,0,0,28,0,28,40,0,29,0,69,38,0,38,107
08/06/2022,GUM,GU,AWP,WE,Federal Contract Tower,47,1,3,2,53,0,0,12,4,16,47,1,15,6,69,12,0,12,81
08/07/2022,GUM,GU,AWP,WE,Federal Contract Tower,45,0,2,0,47,0,0,18,2,20,45,0,20,2,67,12,0,12,79
08/08/2022,GUM,GU,AWP,WE,Federal Contract Tower,38,0,1,0,39,0,2,18,0,20,38,2,19,0,59,38,0,38,97
08/09/2022,GUM,GU,AWP,WE,Federal Contract Tower,35,0,4,0,39,0,5,8,0,13,35,5,12,0,52,52,0,52,104
08/10/2022,GUM,GU,AWP,WE,Federal Contract Tower,32,1,6,0,39,0,5,21,0,26,32,6,27,0,65,22,0,22,87
08/11/2022,GUM,GU,AWP,WE,Federal Contract Tower,34,0,1,3,38,0,0,33,0,33,34,0,34,3,71,30,0,30,101
08/12/2022,GUM,GU,AWP,WE,Federal Contract Tower,41,0,0,0,41,0,0,34,2,36,41,0,34,2,77,64,0,64,141
08/13/2022,GUM,GU,AWP,WE,Federal Contract Tower,43,0,5,1,49,0,0,33,0,33,43,0,38,1,82,12,0,12,94
08/14/2022,GUM,GU,AWP,WE,Federal Contract Tower,39,0,2,0,41,0,0,17,0,17,39,0,19,0,58,2,0,2,60
08/15/2022,GUM,GU,AWP,WE,Federal Contract Tower,38,0,0,3,41,0,2,15,0,17,38,2,15,3,58,24,0,24,82
08/16/2022,GUM,GU,AWP,WE,Federal Contract Tower,33,0,1,1,35,0,10,10,3,23,33,10,11,4,58,28,10,38,96
08/17/2022,GUM,GU,AWP,WE,Federal Contract Tower,33,2,10,1,46,0,27,0,0,27,33,29,10,1,73,8,0,8,81
08/18/2022,GUM,GU,AWP,WE,Federal Contract Tower,36,0,10,9,55,0,0,27,2,29,36,0,37,11,84,40,0,40,124
08/19/2022,GUM,GU,AWP,WE,Federal Contract Tower,43,0,7,4,54,0,0,25,0,25,43,0,32,4,79,20,0,20,99
08/20/2022,GUM,GU,AWP,WE,Federal Contract Tower,43,4,3,1,51,0,0,10,0,10,43,4,13,1,61,36,0,36,97
08/21/2022,GUM,GU,AWP,WE,Federal Contract Tower,40,4,2,0,46,0,0,9,0,9,40,4,11,0,55,8,0,8,63
08/22/2022,GUM,GU,AWP,WE,Federal Contract Tower,31,3,3,1,38,0,2,6,0,8,31,5,9,1,46,20,0,20,66
08/23/2022,GUM,GU,AWP,WE,Federal Contract Tower,31,4,7,4,46,0,2,9,10,21,31,6,16,14,67,36,4,40,107
08/24/2022,GUM,GU,AWP,WE,Federal Contract Tower,35,4,0,2,41,0,4,36,4,44,35,8,36,6,85,36,16,52,137
08/25/2022,GUM,GU,AWP,WE,Federal Contract Tower,35,4,3,2,44,0,0,42,0,42,35,4,45,2,86,60,0,60,146
08/26/2022,GUM,GU,AWP,WE,Federal Contract Tower,39,1,7,1,48,0,0,15,2,17,39,1,22,3,65,20,0,20,85
08/27/2022,GUM,GU,AWP,WE,Federal Contract Tower,43,6,0,0,49,0,0,32,0,32,43,6,32,0,81,54,0,54,135
08/28/2022,GUM,GU,AWP,WE,Federal Contract Tower,39,4,0,0,43,0,0,22,0,22,39,4,22,0,65,24,0,24,89
08/29/2022,GUM,GU,AWP,WE,Federal Contract Tower,32,3,1,0,36,0,1,14,0,15,32,4,15,0,51,12,0,12,63
08/30/2022,GUM,GU,AWP,WE,Federal Contract Tower,36,3,3,2,44,0,4,8,4,16,36,7,11,6,60,35,22,57,117
08/31/2022,GUM,GU,AWP,WE,Federal Contract Tower,42,6,7,2,57,0,0,14,1,15,42,6,21,3,72,2,30,32,104
09/01/2022,GUM,GU,AWP,WE,Federal Contract Tower,35,4,4,0,43,0,2,27,1,30,35,6,31,1,73,126,0,126,199
09/02/2022,GUM,GU,AWP,WE,Federal Contract Tower,30,2,3,0,35,0,1,34,0,35,30,3,37,0,70,80,0,80,150
09/03/2022,GUM,GU,AWP,WE,Federal Contract Tower,40,0,0,0,40,0,2,27,0,29,40,2,27,0,69,90,0,90,159
09/04/2022,GUM,GU,AWP,WE,Federal Contract Tower,42,0,2,0,44,0,4,18,0,22,42,4,20,0,66,91,0,91,157
09/05/2022,GUM,GU,AWP,WE,Federal Contract Tower,26,0,2,0,28,0,8,21,0,29,26,8,23,0,57,121,0,121,178
09/06/2022,GUM,GU,AWP,WE,Federal Contract Tower,25,0,6,2,33,0,3,26,5,34,25,3,32,7,67,156,6,162,229
09/07/2022,GUM,GU,AWP,WE,Federal Contract Tower,48,0,2,0,50,0,4,24,4,32,48,4,26,4,82,62,0,62,144
09/08/2022,GUM,GU,AWP,WE,Federal Contract Tower,40,0,2,0,42,0,0,14,3,17,40,0,16,3,59,79,0,79,138
09/09/2022,GUM,GU,AWP,WE,Federal Contract Tower,46,0,0,0,46,0,3,38,0,41,46,3,38,0,87,62,0,62,149
09/10/2022,GUM,GU,AWP,WE,Federal Contract Tower,42,0,2,0,44,0,2,20,0,22,42,2,22,0,66,48,0,48,114
09/11/2022,GUM,GU,AWP,WE,Federal Contract Tower,42,1,0,0,43,0,3,28,0,31,42,4,28,0,74,16,0,16,90
09/12/2022,GUM,GU,AWP,WE,Federal Contract Tower,37,4,5,0,46,0,4,8,0,12,37,8,13,0,58,20,0,20,78
09/13/2022,GUM,GU,AWP,WE,Federal Contract Tower,31,4,10,0,45,0,3,6,2,11,31,7,16,2,56,24,18,42,98
09/14/2022,GUM,GU,AWP,WE,Federal Contract Tower,33,4,7,0,44,0,0,4,0,4,33,4,11,0,48,16,0,16,64
09/15/2022,GUM,GU,AWP,WE,Federal Contract Tower,49,5,8,7,69,0,1,17,7,25,49,6,25,14,94,40,0,40,134
09/16/2022,GUM,GU,AWP,WE,Federal Contract Tower,34,3,5,0,42,0,1,26,0,27,34,4,31,0,69,80,0,80,149
09/17/2022,GUM,GU,AWP,WE,Federal Contract Tower,41,5,6,0,52,0,0,14,0,14,41,5,20,0,66,60,0,60,126
09/18/2022,GUM,GU,AWP,WE,Federal Contract Tower,33,0,0,0,33,0,4,18,0,22,33,4,18,0,55,90,0,90,145
09/19/2022,GUM,GU,AWP,WE,Federal Contract Tower,34,4,8,1,47,0,0,12,2,14,34,4,20,3,61,76,26,102,163
09/20/2022,GUM,GU,AWP,WE,Federal Contract Tower,33,4,2,6,45,0,4,18,6,28,33,8,20,12,73,131,8,139,212
09/21/2022,GUM,GU,AWP,WE,Federal Contract Tower,33,0,0,2,35,0,6,40,0,46,33,6,40,2,81,64,14,78,159
09/22/2022,GUM,GU,AWP,WE,Federal Contract Tower,36,1,4,4,45,0,1,44,4,49,36,2,48,8,94,28,48,76,170
09/23/2022,GUM,GU,AWP,WE,Federal Contract Tower,32,4,5,0,41,0,0,26,0,26,32,4,31,0,67,76,0,76,143
09/24/2022,GUM,GU,AWP,WE,Federal Contract Tower,37,0,2,0,39,0,4,11,0,15,37,4,13,0,54,56,0,56,110
09/25/2022,GUM,GU,AWP,WE,Federal Contract Tower,39,2,1,0,42,0,2,0,0,2,39,4,1,0,44,6,0,6,50
09/26/2022,GUM,GU,AWP,WE,Federal Contract Tower,30,4,4,0,38,0,4,6,4,14,30,8,10,4,52,52,22,74,126
09/27/2022,GUM,GU,AWP,WE,Federal Contract Tower,34,5,0,0,39,0,0,0,0,0,34,5,0,0,39,58,0,58,97
09/28/2022,GUM,GU,AWP,WE,Federal Contract Tower,34,4,7,2,47,0,0,41,2,43,34,4,48,4,90,16,10,26,116
09/29/2022,GUM,GU,AWP,WE,Federal Contract Tower,36,5,5,4,50,0,2,57,6,65,36,7,62,10,115,48,0,48,163
09/30/2022,GUM,GU,AWP,WE,Federal Contract Tower,37,2,2,0,41,0,0,32,0,32,37,2,34,0,73,12,0,12,85
10/01/2022,GUM,GU,AWP,WE,Federal Contract Tower,42,3,3,0,48,0,0,20,0,20,42,3,23,0,68,44,0,44,112
10/02/2022,GUM,GU,AWP,WE,Federal Contract Tower,40,3,1,0,44,0,2,12,0,14,40,5,13,0,58,28,0,28,86
10/03/2022,GUM,GU,AWP,WE,Federal Contract Tower,29,1,1,1,32,0,7,13,0,20,29,8,14,1,52,40,0,40,92
10/04/2022,GUM,GU,AWP,WE,Federal Contract Tower,27,1,3,7,38,0,5,19,0,24,27,6,22,7,62,38,0,38,100
10/05/2022,GUM,GU,AWP,WE,Federal Contract Tower,33,0,3,1,37,0,0,34,0,34,33,0,37,1,71,38,0,38,109
10/06/2022,GUM,GU,AWP,WE,Federal Contract Tower,32,2,2,0,36,0,3,28,0,31,32,5,30,0,67,16,0,16,83
10/07/2022,GUM,GU,AWP,WE,Federal Contract Tower,30,2,5,0,37,0,0,37,0,37,30,2,42,0,74,24,0,24,98
10/08/2022,GUM,GU,AWP,WE,Federal Contract Tower,42,4,2,0,48,0,2,13,0,15,42,6,15,0,63,0,0,0,63
10/09/2022,GUM,GU,AWP,WE,Federal Contract Tower,31,4,0,0,35,0,0,24,0,24,31,4,24,0,59,16,0,16,75
10/10/2022,GUM,GU,AWP,WE,Federal Contract Tower,33,3,8,0,44,0,1,14,0,15,33,4,22,0,59,24,0,24,83
10/11/2022,GUM,GU,AWP,WE,Federal Contract Tower,32,3,13,0,48,0,2,0,0,2,32,5,13,0,50,0,0,0,50
10/12/2022,GUM,GU,AWP,WE,Federal Contract Tower,36,4,7,2,49,0,0,13,6,19,36,4,20,8,68,60,0,60,128
10/13/2022,GUM,GU,AWP,WE,Federal Contract Tower,30,3,5,4,42,0,0,23,0,23,30,3,28,4,65,54,0,54,119
10/14/2022,GUM,GU,AWP,WE,Federal Contract Tower,65,2,10,0,77,0,0,46,0,46,65,2,56,0,123,22,0,22,145
10/15/2022,GUM,GU,AWP,WE,Federal Contract Tower,70,4,5,0,79,0,0,2,0,2,70,4,7,0,81,18,0,18,99
10/16/2022,GUM,GU,AWP,WE,Federal Contract Tower,54,8,1,0,63,0,0,5,0,5,54,8,6,0,68,88,0,88,156
10/17/2022,GUM,GU,AWP,WE,Federal Contract Tower,30,4,3,0,37,0,2,8,0,10,30,6,11,0,47,86,0,86,133
10/18/2022,GUM,GU,AWP,WE,Federal Contract Tower,40,4,7,3,54,0,2,10,5,17,40,6,17,8,71,56,0,56,127
10/19/2022,GUM,GU,AWP,WE,Federal Contract Tower,62,4,5,0,71,0,0,12,0,12,62,4,17,0,83,38,0,38,121
10/20/2022,GUM,GU,AWP,WE,Federal Contract Tower,39,0,3,7,49,0,0,29,5,34,39,0,32,12,83,70,0,70,153
10/21/2022,GUM,GU,AWP,WE,Federal Contract Tower,35,2,5,0,42,0,0,26,0,26,35,2,31,0,68,8,0,8,76
10/22/2022,GUM,GU,AWP,WE,Federal Contract Tower,44,4,0,0,48,0,0,31,0,31,44,4,31,0,79,40,0,40,119
10/23/2022,GUM,GU,AWP,WE,Federal Contract Tower,38,6,0,0,44,0,2,11,0,13,38,8,11,0,57,30,0,30,87
10/25/2022,GUM,GU,AWP,WE,Federal Contract Tower,31,1,3,2,37,0,8,14,0,22,31,9,17,2,59,38,0,38,97
10/26/2022,GUM,GU,AWP,WE,Federal Contract Tower,36,2,2,3,43,0,2,17,3,22,36,4,19,6,65,52,0,52,117
10/27/2022,GUM,GU,AWP,WE,Federal Contract Tower,35,0,0,5,40,0,0,26,18,44,35,0,26,23,84,68,0,68,152
10/28/2022,GUM,GU,AWP,WE,Federal Contract Tower,33,1,6,5,45,0,1,28,0,29,33,2,34,5,74,80,0,80,154
10/29/2022,GUM,GU,AWP,WE,Federal Contract Tower,39,2,5,0,46,0,0,4,0,4,39,2,9,0,50,28,0,28,78
10/30/2022,GUM,GU,AWP,WE,Federal Contract Tower,34,3,6,0,43,0,0,6,4,10,34,3,12,4,53,26,0,26,79
11/01/2022,GUM,GU,AWP,WE,Federal Contract Tower,31,4,2,0,37,0,5,11,0,16,31,9,13,0,53,20,8,28,81
11/02/2022,GUM,GU,AWP,WE,Federal Contract Tower,33,4,5,1,43,0,0,27,0,27,33,4,32,1,70,65,2,67,137
11/03/2022,GUM,GU,AWP,WE,Federal Contract Tower,34,4,2,1,41,0,0,31,5,36,34,4,33,6,77,54,0,54,131
11/04/2022,GUM,GU,AWP,WE,Federal Contract Tower,29,2,4,0,35,0,0,46,0,46,29,2,50,0,81,132,0,132,213
11/05/2022,GUM,GU,AWP,WE,Federal Contract Tower,36,3,6,0,45,0,0,17,0,17,36,3,23,0,62,38,0,38,100
11/06/2022,GUM,GU,AWP,WE,Federal Contract Tower,42,3,1,1,47,0,0,11,0,11,42,3,12,1,58,68,0,68,126
11/07/2022,GUM,GU,AWP,WE,Federal Contract Tower,30,5,2,0,37,0,0,10,0,10,30,5,12,0,47,48,0,48,95
11/08/2022,GUM,GU,AWP,WE,Federal Contract Tower,28,5,8,2,43,0,2,12,10,24,28,7,20,12,67,46,14,60,127
11/09/2022,GUM,GU,AWP,WE,Federal Contract Tower,38,4,5,2,49,0,2,36,2,40,38,6,41,4,89,40,0,40,129
11/10/2022,GUM,GU,AWP,WE,Federal Contract Tower,33,4,8,1,46,0,0,42,1,43,33,4,50,2,89,64,2,66,155
11/11/2022,GUM,GU,AWP,WE,Federal Contract Tower,35,3,5,0,43,0,0,18,0,18,35,3,23,0,61,20,0,20,81
11/12/2022,GUM,GU,AWP,WE,Federal Contract Tower,39,1,5,0,45,0,2,10,0,12,39,3,15,0,57,18,0,18,75
11/13/2022,GUM,GU,AWP,WE,Federal Contract Tower,40,1,0,0,41,0,3,8,0,11,40,4,8,0,52,36,0,36,88
11/14/2022,GUM,GU,AWP,WE,Federal Contract Tower,30,0,8,0,38,0,8,8,0,16,30,8,16,0,54,40,0,40,94
11/16/2022,GUM,GU,AWP,WE,Federal Contract Tower,35,4,4,0,43,0,2,19,0,21,35,6,23,0,64,22,0,22,86
11/17/2022,GUM,GU,AWP,WE,Federal Contract Tower,36,4,6,0,46,0,0,28,2,30,36,4,34,2,76,2,0,2,78
11/18/2022,GUM,GU,AWP,WE,Federal Contract Tower,31,4,0,1,36,0,0,17,0,17,31,4,17,1,53,34,0,34,87
11/19/2022,GUM,GU,AWP,WE,Federal Contract Tower,32,3,0,0,35,0,1,22,0,23,32,4,22,0,58,54,0,54,112
11/20/2022,GUM,GU,AWP,WE,Federal Contract Tower,37,3,1,0,41,0,0,11,0,11,37,3,12,0,52,94,0,94,146
11/21/2022,GUM,GU,AWP,WE,Federal Contract Tower,32,5,4,2,43,0,4,3,0,7,32,9,7,2,50,52,0,52,102
11/22/2022,GUM,GU,AWP,WE,Federal Contract Tower,32,4,3,1,40,0,2,13,0,15,32,6,16,1,55,6,0,6,61
11/23/2022,GUM,GU,AWP,WE,Federal Contract Tower,35,5,2,1,43,0,0,25,0,25,35,5,27,1,68,60,0,60,128
11/24/2022,GUM,GU,AWP,WE,Federal Contract Tower,33,4,1,3,41,0,0,20,0,20,33,4,21,3,61,24,0,24,85
11/25/2022,GUM,GU,AWP,WE,Federal Contract Tower,33,1,1,0,35,0,3,31,0,34,33,4,32,0,69,70,0,70,139
11/26/2022,GUM,GU,AWP,WE,Federal Contract Tower,33,3,3,0,39,0,1,26,0,27,33,4,29,0,66,64,0,64,130
11/27/2022,GUM,GU,AWP,WE,Federal Contract Tower,37,4,1,0,42,0,0,4,0,4,37,4,5,0,46,88,0,88,134
11/28/2022,GUM,GU,AWP,WE,Federal Contract Tower,32,5,4,0,41,0,2,16,2,20,32,7,20,2,61,55,0,55,116
11/29/2022,GUM,GU,AWP,WE,Federal Contract Tower,30,5,8,4,47,0,6,13,4,23,30,11,21,8,70,58,12,70,140
11/30/2022,GUM,GU,AWP,WE,Federal Contract Tower,31,5,7,8,51,0,1,23,12,36,31,6,30,20,87,20,10,30,117
12/01/2022,GUM,GU,AWP,WE,Federal Contract Tower,34,1,7,1,43,0,0,24,1,25,34,1,31,2,68,16,0,16,84
12/02/2022,GUM,GU,AWP,WE,Federal Contract Tower,31,5,5,0,41,0,0,17,0,17,31,5,22,0,58,40,0,40,98
12/03/2022,GUM,GU,AWP,WE,Federal Contract Tower,32,4,1,0,37,0,0,14,0,14,32,4,15,0,51,6,0,6,57
12/04/2022,GUM,GU,AWP,WE,Federal Contract Tower,34,3,16,0,53,0,0,13,0,13,34,3,29,0,66,56,0,56,122
12/05/2022,GUM,GU,AWP,WE,Federal Contract Tower,35,4,10,0,49,0,2,18,0,20,35,6,28,0,69,26,0,26,95
12/06/2022,GUM,GU,AWP,WE,Federal Contract Tower,34,4,4,0,42,0,7,8,13,28,34,11,12,13,70,72,10,82,152
12/07/2022,GUM,GU,AWP,WE,Federal Contract Tower,37,4,5,3,49,0,0,24,8,32,37,4,29,11,81,36,0,36,117
12/08/2022,GUM,GU,AWP,WE,Federal Contract Tower,39,4,4,4,51,0,0,34,0,34,39,4,38,4,85,62,0,62,147
12/09/2022,GUM,GU,AWP,WE,Federal Contract Tower,33,5,3,0,41,0,0,33,2,35,33,5,36,2,76,80,0,80,156
12/10/2022,GUM,GU,AWP,WE,Federal Contract Tower,47,2,6,1,56,0,1,24,0,25,47,3,30,1,81,66,0,66,147
12/11/2022,GUM,GU,AWP,WE,Federal Contract Tower,61,4,2,0,67,0,0,0,0,0,61,4,2,0,67,64,0,64,131
12/12/2022,GUM,GU,AWP,WE,Federal Contract Tower,40,1,8,9,58,0,8,20,0,28,40,9,28,9,86,52,0,52,138
12/13/2022,GUM,GU,AWP,WE,Federal Contract Tower,36,3,2,0,41,0,5,22,1,28,36,8,24,1,69,100,0,100,169
12/14/2022,GUM,GU,AWP,WE,Federal Contract Tower,46,4,9,2,61,0,0,37,0,37,46,4,46,2,98,38,0,38,136
12/15/2022,GUM,GU,AWP,WE,Federal Contract Tower,48,4,3,0,55,0,0,27,0,27,48,4,30,0,82,68,0,68,150
12/16/2022,GUM,GU,AWP,WE,Federal Contract Tower,46,3,12,0,61,0,0,17,0,17,46,3,29,0,78,30,0,30,108
12/17/2022,GUM,GU,AWP,WE,Federal Contract Tower,43,2,4,0,49,0,0,32,0,32,43,2,36,0,81,16,0,16,97
12/18/2022,GUM,GU,AWP,WE,Federal Contract Tower,42,4,2,0,48,0,0,14,0,14,42,4,16,0,62,56,0,56,118
12/19/2022,GUM,GU,AWP,WE,Federal Contract Tower,45,4,6,0,55,0,3,17,0,20,45,7,23,0,75,46,0,46,121
12/20/2022,GUM,GU,AWP,WE,Federal Contract Tower,36,3,4,0,43,0,8,9,4,21,36,11,13,4,64,14,40,54,118
12/21/2022,GUM,GU,AWP,WE,Federal Contract Tower,41,1,11,0,53,0,0,14,0,14,41,1,25,0,67,0,22,22,89
12/22/2022,GUM,GU,AWP,WE,Federal Contract Tower,42,3,9,0,54,0,0,24,0,24,42,3,33,0,78,50,0,50,128
12/23/2022,GUM,GU,AWP,WE,Federal Contract Tower,42,3,8,0,53,0,0,22,0,22,42,3,30,0,75,66,0,66,141
12/24/2022,GUM,GU,AWP,WE,Federal Contract Tower,37,4,3,1,45,0,0,30,0,30,37,4,33,1,75,60,0,60,135
12/25/2022,GUM,GU,AWP,WE,Federal Contract Tower,43,5,0,0,48,0,2,6,0,8,43,7,6,0,56,44,0,44,100
12/26/2022,GUM,GU,AWP,WE,Federal Contract Tower,41,4,17,0,62,0,0,24,0,24,41,4,41,0,86,66,0,66,152
12/27/2022,GUM,GU,AWP,WE,Federal Contract Tower,34,4,9,0,47,0,6,10,2,18,34,10,19,2,65,64,16,80,145
12/28/2022,GUM,GU,AWP,WE,Federal Contract Tower,37,7,7,11,62,0,0,13,5,18,37,7,20,16,80,0,10,10,90
12/29/2022,GUM,GU,AWP,WE,Federal Contract Tower,47,2,4,1,54,0,0,48,0,48,47,2,52,1,102,88,4,92,194
12/30/2022,GUM,GU,AWP,WE,Federal Contract Tower,50,4,5,0,59,0,0,30,0,30,50,4,35,0,89,70,0,70,159
12/31/2022,GUM,GU,AWP,WE,Federal Contract Tower,40,1,5,0,46,0,0,42,0,42,40,1,47,0,88,20,0,20,108
01/01/2023,GUM,GU,AWP,WE,Federal Contract Tower,42,2,0,0,44,0,0,22,0,22,42,2,22,0,66,55,0,55,121
01/02/2023,GUM,GU,AWP,WE,Federal Contract Tower,44,4,4,0,52,0,4,21,0,25,44,8,25,0,77,40,0,40,117
01/03/2023,GUM,GU,AWP,WE,Federal Contract Tower,44,4,4,0,52,0,2,20,0,22,44,6,24,0,74,101,0,101,175
01/04/2023,GUM,GU,AWP,WE,Federal Contract Tower,39,4,8,0,51,0,1,30,7,38,39,5,38,7,89,112,18,130,219
01/05/2023,GUM,GU,AWP,WE,Federal Contract Tower,46,6,3,7,62,0,0,28,5,33,46,6,31,12,95,107,0,107,202
01/06/2023,GUM,GU,AWP,WE,Federal Contract Tower,46,4,2,0,52,0,0,47,0,47,46,4,49,0,99,124,0,124,223
01/07/2023,GUM,GU,AWP,WE,Federal Contract Tower,34,4,2,6,46,0,0,32,0,32,34,4,34,6,78,86,0,86,164
01/08/2023,GUM,GU,AWP,WE,Federal Contract Tower,45,4,0,0,49,0,0,2,0,2,45,4,2,0,51,24,0,24,75
01/09/2023,GUM,GU,AWP,WE,Federal Contract Tower,42,5,13,0,60,0,5,9,0,14,42,10,22,0,74,68,0,68,142
01/10/2023,GUM,GU,AWP,WE,Federal Contract Tower,35,8,7,0,50,0,2,20,0,22,35,10,27,0,72,88,0,88,160
01/11/2023,GUM,GU,AWP,WE,Federal Contract Tower,56,9,8,0,73,0,0,5,0,5,56,9,13,0,78,34,0,34,112
01/12/2023,GUM,GU,AWP,WE,Federal Contract Tower,63,7,10,0,80,0,0,16,20,36,63,7,26,20,116,22,0,22,138
01/13/2023,GUM,GU,AWP,WE,Federal Contract Tower,64,9,14,0,87,0,1,14,0,15,64,10,28,0,102,64,0,64,166
01/14/2023,GUM,GU,AWP,WE,Federal Contract Tower,66,4,11,0,81,0,0,2,0,2,66,4,13,0,83,2,0,2,85
01/15/2023,GUM,GU,AWP,WE,Federal Contract Tower,58,4,1,0,63,0,0,7,0,7,58,4,8,0,70,123,0,123,193
01/16/2023,GUM,GU,AWP,WE,Federal Contract Tower,38,4,1,0,43,0,10,19,0,29,38,14,20,0,72,140,0,140,212
01/17/2023,GUM,GU,AWP,WE,Federal Contract Tower,44,4,10,4,62,0,0,8,0,8,44,4,18,4,70,88,0,88,158
01/18/2023,GUM,GU,AWP,WE,Federal Contract Tower,42,4,6,0,52,0,4,31,2,37,42,8,37,2,89,90,0,90,179
01/19/2023,GUM,GU,AWP,WE,Federal Contract Tower,49,2,4,0,55,2,0,25,10,37,51,2,29,10,92,70,0,70,162
01/20/2023,GUM,GU,AWP,WE,Federal Contract Tower,41,4,2,0,47,0,0,50,0,50,41,4,52,0,97,112,0,112,209
01/21/2023,GUM,GU,AWP,WE,Federal Contract Tower,45,4,7,0,56,0,0,44,0,44,45,4,51,0,100,133,0,133,233
01/22/2023,GUM,GU,AWP,WE,Federal Contract Tower,43,2,3,0,48,0,0,19,0,19,43,2,22,0,67,44,0,44,111
01/23/2023,GUM,GU,AWP,WE,Federal Contract Tower,38,5,4,2,49,0,4,12,6,22,38,9,16,8,71,12,4,16,87
01/24/2023,GUM,GU,AWP,WE,Federal Contract Tower,40,4,1,1,46,0,4,18,0,22,40,8,19,1,68,52,14,66,134
01/25/2023,GUM,GU,AWP,WE,Federal Contract Tower,39,4,1,0,44,0,0,32,0,32,39,4,33,0,76,94,0,94,170
01/26/2023,GUM,GU,AWP,WE,Federal Contract Tower,39,4,4,6,53,0,0,43,0,43,39,4,47,6,96,62,0,62,158
01/27/2023,GUM,GU,AWP,WE,Federal Contract Tower,36,4,3,1,44,0,0,48,0,48,36,4,51,1,92,110,0,110,202
01/28/2023,GUM,GU,AWP,WE,Federal Contract Tower,35,4,6,4,49,0,0,29,0,29,35,4,35,4,78,72,0,72,150
01/29/2023,GUM,GU,AWP,WE,Federal Contract Tower,41,5,1,7,54,0,2,16,0,18,41,7,17,7,72,76,0,76,148
01/30/2023,GUM,GU,AWP,WE,Federal Contract Tower,36,4,4,0,44,0,0,17,2,19,36,4,21,2,63,68,0,68,131
01/31/2023,GUM,GU,AWP,WE,Federal Contract Tower,38,4,4,1,47,0,2,12,7,21,38,6,16,8,68,18,0,18,86
02/01/2023,GUM,GU,AWP,WE,Federal Contract Tower,38,4,3,0,45,0,0,25,2,27,38,4,28,2,72,32,0,32,104
02/02/2023,GUM,GU,AWP,WE,Federal Contract Tower,38,4,5,0,47,0,0,31,0,31,38,4,36,0,78,33,0,33,111
02/03/2023,GUM,GU,AWP,WE,Federal Contract Tower,33,4,6,0,43,0,0,29,0,29,33,4,35,0,72,82,0,82,154
02/04/2023,GUM,GU,AWP,WE,Federal Contract Tower,34,5,13,1,53,0,0,0,0,0,34,5,13,1,53,56,0,56,109
02/05/2023,GUM,GU,AWP,WE,Federal Contract Tower,42,4,4,2,52,1,0,33,2,36,43,4,37,4,88,80,0,80,168
02/06/2023,GUM,GU,AWP,WE,Federal Contract Tower,39,4,7,0,50,0,4,4,0,8,39,8,11,0,58,62,0,62,120
02/07/2023,GUM,GU,AWP,WE,Federal Contract Tower,35,4,11,6,56,0,2,4,10,16,35,6,15,16,72,88,10,98,170
02/08/2023,GUM,GU,AWP,WE,Federal Contract Tower,31,4,5,4,44,0,0,17,12,29,31,4,22,16,73,98,5,103,176
02/09/2023,GUM,GU,AWP,WE,Federal Contract Tower,36,4,3,16,59,0,0,30,3,33,36,4,33,19,92,20,42,62,154
02/10/2023,GUM,GU,AWP,WE,Federal Contract Tower,38,6,6,13,63,0,0,28,11,39,38,6,34,24,102,12,0,12,114
02/11/2023,GUM,GU,AWP,WE,Federal Contract Tower,32,3,6,1,42,0,0,20,0,20,32,3,26,1,62,82,0,82,144
02/12/2023,GUM,GU,AWP,WE,Federal Contract Tower,38,4,4,0,46,0,0,20,0,20,38,4,24,0,66,154,0,154,220
02/13/2023,GUM,GU,AWP,WE,Federal Contract Tower,40,10,6,9,65,0,4,10,1,15,40,14,16,10,80,52,0,52,132
02/14/2023,GUM,GU,AWP,WE,Federal Contract Tower,32,6,4,16,58,0,2,22,5,29,32,8,26,21,87,38,16,54,141
02/15/2023,GUM,GU,AWP,WE,Federal Contract Tower,35,8,8,6,57,0,2,0,0,2,35,10,8,6,59,4,0,4,63
02/16/2023,GUM,GU,AWP,WE,Federal Contract Tower,36,10,10,10,66,0,0,0,0,0,36,10,10,10,66,30,0,30,96
02/17/2023,GUM,GU,AWP,WE,Federal Contract Tower,35,10,7,10,62,0,0,58,0,58,35,10,65,10,120,92,0,92,212
02/18/2023,GUM,GU,AWP,WE,Federal Contract Tower,35,4,7,1,47,0,0,26,0,26,35,4,33,1,73,48,0,48,121
02/19/2023,GUM,GU,AWP,WE,Federal Contract Tower,41,4,4,0,49,0,2,9,0,11,41,6,13,0,60,38,0,38,98
02/20/2023,GUM,GU,AWP,WE,Federal Contract Tower,40,12,11,12,75,0,4,24,0,28,40,16,35,12,103,80,0,80,183
02/21/2023,GUM,GU,AWP,WE,Federal Contract Tower,34,10,11,21,76,0,6,18,0,24,34,16,29,21,100,62,8,70,170
02/22/2023,GUM,GU,AWP,WE,Federal Contract Tower,35,7,20,18,80,0,2,28,0,30,35,9,48,18,110,58,0,58,168
02/23/2023,GUM,GU,AWP,WE,Federal Contract Tower,38,9,13,17,77,0,0,40,4,44,38,9,53,21,121,83,14,97,218
02/24/2023,GUM,GU,AWP,WE,Federal Contract Tower,34,10,7,0,51,0,0,24,0,24,34,10,31,0,75,78,0,78,153
02/25/2023,GUM,GU,AWP,WE,Federal Contract Tower,33,4,12,2,51,0,0,34,0,34,33,4,46,2,85,46,0,46,131
02/26/2023,GUM,GU,AWP,WE,Federal Contract Tower,44,4,1,4,53,0,0,30,1,31,44,4,31,5,84,94,0,94,178
02/27/2023,GUM,GU,AWP,WE,Federal Contract Tower,38,8,10,2,58,0,0,15,0,15,38,8,25,2,73,36,0,36,109
03/01/2023,GUM,GU,AWP,WE,Federal Contract Tower,40,10,10,4,64,0,0,10,7,17,40,10,20,11,81,4,0,4,85
03/02/2023,GUM,GU,AWP,WE,Federal Contract Tower,38,7,10,6,61,0,0,0,0,0,38,7,10,6,61,70,0,70,131
03/03/2023,GUM,GU,AWP,WE,Federal Contract Tower,38,10,8,0,56,0,0,40,2,42,38,10,48,2,98,72,0,72,170
03/04/2023,GUM,GU,AWP,WE,Federal Contract Tower,35,2,6,1,44,0,0,16,0,16,35,2,22,1,60,22,0,22,82
03/05/2023,GUM,GU,AWP,WE,Federal Contract Tower,44,4,0,3,51,0,0,7,2,9,44,4,7,5,60,36,8,44,104
03/06/2023,GUM,GU,AWP,WE,Federal Contract Tower,37,8,9,2,56,0,0,12,2,14,37,8,21,4,70,30,0,30,100
03/07/2023,GUM,GU,AWP,WE,Federal Contract Tower,35,7,6,6,54,0,2,16,0,18,35,9,22,6,72,40,0,40,112
03/08/2023,GUM,GU,AWP,WE,Federal Contract Tower,33,6,11,0,50,0,0,17,1,18,33,6,28,1,68,54,0,54,122
03/09/2023,GUM,GU,AWP,WE,Federal Contract Tower,36,7,2,0,45,0,0,28,6,34,36,7,30,6,79,31,0,31,110
03/10/2023,GUM,GU,AWP,WE,Federal Contract Tower,41,10,1,0,52,0,0,22,0,22,41,10,23,0,74,24,0,24,98
03/11/2023,GUM,GU,AWP,WE,Federal Contract Tower,35,4,1,0,40,0,0,22,11,33,35,4,23,11,73,66,0,66,139
03/12/2023,GUM,GU,AWP,WE,Federal Contract Tower,43,5,5,0,53,0,2,14,0,16,43,7,19,0,69,76,0,76,145
03/13/2023,GUM,GU,AWP,WE,Federal Contract Tower,44,10,9,0,63,0,6,6,4,16,44,16,15,4,79,30,0,30,109
03/14/2023,GUM,GU,AWP,WE,Federal Contract Tower,39,6,10,8,63,0,1,13,6,20,39,7,23,14,83,60,0,60,143
03/15/2023,GUM,GU,AWP,WE,Federal Contract Tower,37,8,10,0,55,0,6,15,0,21,37,14,25,0,76,40,24,64,140
03/16/2023,GUM,GU,AWP,WE,Federal Contract Tower,49,5,3,2,59,0,0,0,14,14,49,5,3,16,73,69,23,92,165
03/17/2023,GUM,GU,AWP,WE,Federal Contract Tower,43,6,9,0,58,0,0,30,0,30,43,6,39,0,88,44,0,44,132
03/18/2023,GUM,GU,AWP,WE,Federal Contract Tower,46,3,3,0,52,0,1,6,0,7,46,4,9,0,59,72,0,72,131
03/19/2023,GUM,GU,AWP,WE,Federal Contract Tower,52,4,3,0,59,0,0,14,7,21,52,4,17,7,80,72,0,72,152
03/20/2023,GUM,GU,AWP,WE,Federal Contract Tower,50,9,12,0,71,0,4,15,0,19,50,13,27,0,90,56,0,56,146
03/21/2023,GUM,GU,AWP,WE,Federal Contract Tower,48,4,19,0,71,0,4,13,0,17,48,8,32,0,88,78,0,78,166
03/22/2023,GUM,GU,AWP,WE,Federal Contract Tower,52,0,8,1,61,0,0,14,2,16,52,0,22,3,77,78,0,78,155
03/23/2023,GUM,GU,AWP,WE,Federal Contract Tower,47,4,7,1,59,1,0,37,1,39,48,4,44,2,98,58,0,58,156
03/24/2023,GUM,GU,AWP,WE,Federal Contract Tower,47,5,11,0,63,0,0,34,0,34,47,5,45,0,97,95,0,95,192
03/25/2023,GUM,GU,AWP,WE,Federal Contract Tower,41,2,5,0,48,0,0,34,0,34,41,2,39,0,82,93,0,93,175
03/26/2023,GUM,GU,AWP,WE,Federal Contract Tower,51,1,0,0,52,0,2,20,0,22,51,3,20,0,74,64,0,64,138
03/27/2023,GUM,GU,AWP,WE,Federal Contract Tower,45,6,2,0,53,0,6,20,4,30,45,12,22,4,83,14,0,14,97
03/28/2023,GUM,GU,AWP,WE,Federal Contract Tower,42,5,7,2,56,0,5,27,2,34,42,10,34,4,90,18,0,18,108
03/29/2023,GUM,GU,AWP,WE,Federal Contract Tower,37,6,10,4,57,0,15,13,0,28,37,21,23,4,85,46,14,60,145
03/30/2023,GUM,GU,AWP,WE,Federal Contract Tower,51,2,8,0,61,0,0,38,3,41,51,2,46,3,102,52,0,52,154
03/31/2023,GUM,GU,AWP,WE,Federal Contract Tower,45,2,9,0,56,0,0,0,4,4,45,2,9,4,60,40,0,40,100
04/01/2023,GUM,GU,AWP,WE,Federal Contract Tower,45,0,6,1,52,0,0,28,0,28,45,0,34,1,80,10,30,40,120
04/02/2023,GUM,GU,AWP,WE,Federal Contract Tower,57,0,2,0,59,0,0,42,0,42,57,0,44,0,101,28,0,28,129
04/03/2023,GUM,GU,AWP,WE,Federal Contract Tower,48,2,10,0,60,0,4,11,0,15,48,6,21,0,75,8,0,8,83
04/04/2023,GUM,GU,AWP,WE,Federal Contract Tower,47,0,8,0,55,0,7,11,1,19,47,7,19,1,74,78,0,78,152
04/05/2023,GUM,GU,AWP,WE,Federal Contract Tower,43,0,9,2,54,0,0,26,6,32,43,0,35,8,86,0,0,0,86
04/06/2023,GUM,GU,AWP,WE,Federal Contract Tower,58,2,4,1,65,0,0,0,0,0,58,2,4,1,65,34,0,34,99
04/07/2023,GUM,GU,AWP,WE,Federal Contract Tower,67,1,7,8,83,0,0,0,0,0,67,1,7,8,83,38,0,38,121
04/08/2023,GUM,GU,AWP,WE,Federal Contract Tower,44,0,2,6,52,0,0,0,0,0,44,0,2,6,52,126,0,126,178
04/09/2023,GUM,GU,AWP,WE,Federal Contract Tower,55,0,0,0,55,0,0,21,0,21,55,0,21,0,76,104,0,104,180
04/10/2023,GUM,GU,AWP,WE,Federal Contract Tower,46,0,3,0,49,0,2,21,4,27,46,2,24,4,76,84,0,84,160
04/11/2023,GUM,GU,AWP,WE,Federal Contract Tower,44,0,10,4,58,0,6,20,3,29,44,6,30,7,87,90,14,104,191
04/12/2023,GUM,GU,AWP,WE,Federal Contract Tower,45,0,7,4,56,0,0,25,6,31,45,0,32,10,87,88,6,94,181
04/13/2023,GUM,GU,AWP,WE,Federal Contract Tower,48,0,1,2,51,0,0,50,6,56,48,0,51,8,107,56,0,56,163
04/14/2023,GUM,GU,AWP,WE,Federal Contract Tower,45,0,4,1,50,0,0,0,0,0,45,0,4,1,50,59,0,59,109
04/15/2023,GUM,GU,AWP,WE,Federal Contract Tower,42,2,4,0,48,0,0,48,0,48,42,2,52,0,96,74,0,74,170
04/16/2023,GUM,GU,AWP,WE,Federal Contract Tower,49,0,2,1,52,0,0,13,1,14,49,0,15,2,66,20,0,20,86
04/17/2023,GUM,GU,AWP,WE,Federal Contract Tower,46,0,10,0,56,0,2,12,0,14,46,2,22,0,70,74,0,74,144
04/18/2023,GUM,GU,AWP,WE,Federal Contract Tower,44,0,8,3,55,0,4,5,5,14,44,4,13,8,69,58,2,60,129
04/19/2023,GUM,GU,AWP,WE,Federal Contract Tower,42,1,5,1,49,0,0,22,0,22,42,1,27,1,71,38,0,38,109
04/20/2023,GUM,GU,AWP,WE,Federal Contract Tower,50,1,1,1,53,0,0,32,4,36,50,1,33,5,89,68,0,68,157
04/21/2023,GUM,GU,AWP,WE,Federal Contract Tower,50,0,4,0,54,0,0,21,2,23,50,0,25,2,77,85,0,85,162
04/22/2023,GUM,GU,AWP,WE,Federal Contract Tower,43,0,5,0,48,0,0,10,0,10,43,0,15,0,58,62,0,62,120
04/23/2023,GUM,GU,AWP,WE,Federal Contract Tower,48,0,0,0,48,0,2,8,0,10,48,2,8,0,58,42,0,42,100
04/24/2023,GUM,GU,AWP,WE,Federal Contract Tower,45,0,4,0,49,0,2,18,0,20,45,2,22,0,69,70,0,70,139
04/25/2023,GUM,GU,AWP,WE,Federal Contract Tower,46,0,6,0,52,0,4,6,2,12,46,4,12,2,64,20,0,20,84
04/26/2023,GUM,GU,AWP,WE,Federal Contract Tower,41,0,8,1,50,0,0,23,0,23,41,0,31,1,73,30,0,30,103
04/27/2023,GUM,GU,AWP,WE,Federal Contract Tower,48,0,2,1,51,0,0,31,0,31,48,0,33,1,82,46,0,46,128
04/28/2023,GUM,GU,AWP,WE,Federal Contract Tower,47,0,6,0,53,0,0,28,0,28,47,0,34,0,81,77,0,77,158
04/29/2023,GUM,GU,AWP,WE,Federal Contract Tower,50,0,5,0,55,0,0,20,0,20,50,0,25,0,75,41,0,41,116
04/30/2023,GUM,GU,AWP,WE,Federal Contract Tower,56,0,1,0,57,0,0,30,0,30,56,0,31,0,87,74,0,74,161
05/01/2023,GUM,GU,AWP,WE,Federal Contract Tower,47,0,7,0,54,0,4,23,2,29,47,4,30,2,83,122,0,122,205
05/03/2023,GUM,GU,AWP,WE,Federal Contract Tower,57,0,6,0,63,0,6,54,0,60,57,6,60,0,123,54,0,54,177
05/04/2023,GUM,GU,AWP,WE,Federal Contract Tower,52,0,2,0,54,0,0,46,0,46,52,0,48,0,100,64,0,64,164
05/05/2023,GUM,GU,AWP,WE,Federal Contract Tower,50,0,1,0,51,0,0,47,0,47,50,0,48,0,98,14,0,14,112
05/06/2023,GUM,GU,AWP,WE,Federal Contract Tower,45,0,4,2,51,0,0,31,0,31,45,0,35,2,82,16,0,16,98
05/07/2023,GUM,GU,AWP,WE,Federal Contract Tower,62,0,0,0,62,0,0,20,0,20,62,0,20,0,82,6,0,6,88
05/08/2023,GUM,GU,AWP,WE,Federal Contract Tower,48,0,6,2,56,0,2,10,0,12,48,2,16,2,68,38,0,38,106
05/09/2023,GUM,GU,AWP,WE,Federal Contract Tower,47,0,8,0,55,0,3,22,0,25,47,3,30,0,80,40,4,44,124
05/10/2023,GUM,GU,AWP,WE,Federal Contract Tower,43,0,9,0,52,0,1,2,0,3,43,1,11,0,55,44,0,44,99
05/11/2023,GUM,GU,AWP,WE,Federal Contract Tower,48,0,2,0,50,1,4,34,0,39,49,4,36,0,89,32,0,32,121
05/12/2023,GUM,GU,AWP,WE,Federal Contract Tower,48,0,3,0,51,0,1,17,0,18,48,1,20,0,69,13,0,13,82
05/13/2023,GUM,GU,AWP,WE,Federal Contract Tower,49,0,9,0,58,0,0,14,0,14,49,0,23,0,72,8,0,8,80
05/14/2023,GUM,GU,AWP,WE,Federal Contract Tower,46,1,0,2,49,0,2,15,0,17,46,3,15,2,66,10,0,10,76
05/16/2023,GUM,GU,AWP,WE,Federal Contract Tower,50,0,9,0,59,0,6,14,0,20,50,6,23,0,79,6,0,6,85
05/17/2023,GUM,GU,AWP,WE,Federal Contract Tower,46,2,3,0,51,0,4,28,0,32,46,6,31,0,83,94,0,94,177
05/18/2023,GUM,GU,AWP,WE,Federal Contract Tower,63,0,4,0,67,0,0,27,0,27,63,0,31,0,94,90,0,90,184
05/19/2023,GUM,GU,AWP,WE,Federal Contract Tower,56,0,7,0,63,0,8,35,0,43,56,8,42,0,106,109,0,109,215
05/20/2023,GUM,GU,AWP,WE,Federal Contract Tower,54,0,3,0,57,0,0,27,0,27,54,0,30,0,84,115,0,115,199
05/21/2023,GUM,GU,AWP,WE,Federal Contract Tower,60,0,0,0,60,0,0,9,0,9,60,0,9,0,69,108,0,108,177
05/22/2023,GUM,GU,AWP,WE,Federal Contract Tower,55,1,1,0,57,0,2,5,0,7,55,3,6,0,64,68,0,68,132
05/23/2023,GUM,GU,AWP,WE,Federal Contract Tower,29,0,1,0,30,0,0,0,0,0,29,0,1,0,30,0,0,0,30
05/24/2023,GUM,GU,AWP,WE,Federal Contract Tower,0,0,0,0,0,0,0,0,0,0,0,0,0,0,0,0,0,0,0
05/29/2023,GUM,GU,AWP,WE,Federal Contract Tower,18,0,0,0,18,0,0,5,0,5,18,0,5,0,23,0,0,0,23
05/30/2023,GUM,GU,AWP,WE,Federal Contract Tower,22,0,2,2,26,0,0,0,0,0,22,0,2,2,26,0,0,0,26
05/31/2023,GUM,GU,AWP,WE,Federal Contract Tower,31,0,6,4,41,0,0,1,5,6,31,0,7,9,47,2,12,14,61
06/01/2023,GUM,GU,AWP,WE,Federal Contract Tower,34,0,1,0,35,0,2,9,5,16,34,2,10,5,51,20,0,20,71
06/02/2023,GUM,GU,AWP,WE,Federal Contract Tower,36,1,0,0,37,0,11,23,0,34,36,12,23,0,71,0,0,0,71
06/03/2023,GUM,GU,AWP,WE,Federal Contract Tower,32,0,10,2,44,0,0,1,1,2,32,0,11,3,46,18,0,18,64
06/04/2023,GUM,GU,AWP,WE,Federal Contract Tower,32,0,4,0,36,0,0,1,2,3,32,0,5,2,39,11,0,11,50
06/05/2023,GUM,GU,AWP,WE,Federal Contract Tower,26,0,9,0,35,0,2,7,0,9,26,2,16,0,44,20,0,20,64
06/06/2023,GUM,GU,AWP,WE,Federal Contract Tower,28,0,6,0,34,0,6,6,0,12,28,6,12,0,46,16,0,16,62
06/07/2023,GUM,GU,AWP,WE,Federal Contract Tower,29,0,7,0,36,0,0,24,0,24,29,0,31,0,60,10,0,10,70
06/08/2023,GUM,GU,AWP,WE,Federal Contract Tower,34,0,5,3,42,0,3,17,4,24,34,3,22,7,66,43,0,43,109
06/09/2023,GUM,GU,AWP,WE,Federal Contract Tower,28,1,4,0,33,0,0,22,0,22,28,1,26,0,55,16,0,16,71
06/10/2023,GUM,GU,AWP,WE,Federal Contract Tower,23,0,6,0,29,0,0,21,0,21,23,0,27,0,50,13,0,13,63
06/11/2023,GUM,GU,AWP,WE,Federal Contract Tower,47,0,0,0,47,0,2,2,0,4,47,2,2,0,51,66,0,66,117
06/12/2023,GUM,GU,AWP,WE,Federal Contract Tower,37,0,10,0,47,0,2,5,0,7,37,2,15,0,54,62,0,62,116
06/13/2023,GUM,GU,AWP,WE,Federal Contract Tower,21,0,9,0,30,0,2,17,2,21,21,2,26,2,51,60,0,60,111
06/14/2023,GUM,GU,AWP,WE,Federal Contract Tower,22,0,5,0,27,0,5,34,4,43,22,5,39,4,70,88,0,88,158
06/15/2023,GUM,GU,AWP,WE,Federal Contract Tower,31,0,13,0,44,0,6,28,2,36,31,6,41,2,80,76,2,78,158
06/16/2023,GUM,GU,AWP,WE,Federal Contract Tower,29,0,3,1,33,0,0,36,0,36,29,0,39,1,69,79,0,79,148
06/17/2023,GUM,GU,AWP,WE,Federal Contract Tower,24,0,3,0,27,0,0,6,0,6,24,0,9,0,33,88,0,88,121
06/18/2023,GUM,GU,AWP,WE,Federal Contract Tower,26,0,5,0,31,0,0,12,0,12,26,0,17,0,43,86,0,86,129
06/19/2023,GUM,GU,AWP,WE,Federal Contract Tower,28,0,9,0,37,0,7,10,0,17,28,7,19,0,54,67,0,67,121
06/20/2023,GUM,GU,AWP,WE,Federal Contract Tower,25,0,7,6,38,0,4,12,2,18,25,4,19,8,56,46,0,46,102
06/21/2023,GUM,GU,AWP,WE,Federal Contract Tower,27,0,7,0,34,0,0,35,6,41,27,0,42,6,75,6,0,6,81
06/22/2023,GUM,GU,AWP,WE,Federal Contract Tower,28,0,6,2,36,0,0,26,0,26,28,0,32,2,62,52,0,52,114
06/23/2023,GUM,GU,AWP,WE,Federal Contract Tower,28,0,6,3,37,0,0,22,0,22,28,0,28,3,59,11,0,11,70
06/24/2023,GUM,GU,AWP,WE,Federal Contract Tower,27,0,3,0,30,0,1,18,0,19,27,1,21,0,49,0,0,0,49
06/25/2023,GUM,GU,AWP,WE,Federal Contract Tower,31,0,0,2,33,0,0,12,0,12,31,0,12,2,45,42,0,42,87
06/26/2023,GUM,GU,AWP,WE,Federal Contract Tower,45,0,4,3,52,0,6,7,2,15,45,6,11,5,67,28,10,38,105
06/27/2023,GUM,GU,AWP,WE,Federal Contract Tower,41,0,4,0,45,0,6,15,0,21,41,6,19,0,66,14,0,14,80
06/28/2023,GUM,GU,AWP,WE,Federal Contract Tower,32,0,4,8,44,0,0,27,3,30,32,0,31,11,74,56,0,56,130
06/29/2023,GUM,GU,AWP,WE,Federal Contract Tower,33,0,6,0,39,0,0,44,1,45,33,0,50,1,84,30,0,30,114
06/30/2023,GUM,GU,AWP,WE,Federal Contract Tower,38,0,3,1,42,0,0,51,0,51,38,0,54,1,93,26,0,26,119
07/01/2023,GUM,GU,AWP,WE,Federal Contract Tower,34,0,0,1,35,0,0,0,0,0,34,0,0,1,35,58,0,58,93
07/02/2023,GUM,GU,AWP,WE,Federal Contract Tower,42,0,2,0,44,0,0,11,0,11,42,0,13,0,55,86,0,86,141
07/03/2023,GUM,GU,AWP,WE,Federal Contract Tower,43,0,8,0,51,0,4,9,0,13,43,4,17,0,64,26,0,26,90
07/04/2023,GUM,GU,AWP,WE,Federal Contract Tower,36,0,1,0,37,0,4,18,0,22,36,4,19,0,59,6,0,6,65
07/05/2023,GUM,GU,AWP,WE,Federal Contract Tower,37,0,0,2,39,0,0,39,5,44,37,0,39,7,83,26,0,26,109
07/06/2023,GUM,GU,AWP,WE,Federal Contract Tower,38,0,9,0,47,0,0,28,0,28,38,0,37,0,75,27,0,27,102
07/07/2023,GUM,GU,AWP,WE,Federal Contract Tower,42,0,4,0,46,0,0,28,0,28,42,0,32,0,74,14,0,14,88
07/08/2023,GUM,GU,AWP,WE,Federal Contract Tower,32,0,6,0,38,0,2,6,0,8,32,2,12,0,46,12,0,12,58
07/09/2023,GUM,GU,AWP,WE,Federal Contract Tower,39,0,1,0,40,0,0,14,0,14,39,0,15,0,54,14,0,14,68
07/10/2023,GUM,GU,AWP,WE,Federal Contract Tower,42,0,8,2,52,0,8,18,0,26,42,8,26,2,78,16,0,16,94
07/11/2023,GUM,GU,AWP,WE,Federal Contract Tower,36,4,9,1,50,0,6,10,4,20,36,10,19,5,70,24,2,26,96
07/12/2023,GUM,GU,AWP,WE,Federal Contract Tower,38,0,4,0,42,0,0,24,4,28,38,0,28,4,70,14,3,17,87
07/13/2023,GUM,GU,AWP,WE,Federal Contract Tower,39,3,5,2,49,0,2,24,0,26,39,5,29,2,75,36,0,36,111
07/14/2023,GUM,GU,AWP,WE,Federal Contract Tower,46,0,4,0,50,0,0,44,0,44,46,0,48,0,94,70,0,70,164
07/15/2023,GUM,GU,AWP,WE,Federal Contract Tower,52,0,2,1,55,0,0,7,0,7,52,0,9,1,62,39,0,39,101
07/16/2023,GUM,GU,AWP,WE,Federal Contract Tower,48,3,0,0,51,0,0,9,0,9,48,3,9,0,60,34,0,34,94
07/17/2023,GUM,GU,AWP,WE,Federal Contract Tower,37,0,3,0,40,0,2,22,0,24,37,2,25,0,64,48,0,48,112
07/18/2023,GUM,GU,AWP,WE,Federal Contract Tower,46,0,4,0,50,0,9,18,6,33,46,9,22,6,83,32,0,32,115
07/19/2023,GUM,GU,AWP,WE,Federal Contract Tower,39,0,4,2,45,0,0,42,0,42,39,0,46,2,87,60,2,62,149
07/20/2023,GUM,GU,AWP,WE,Federal Contract Tower,48,0,4,1,53,0,0,49,0,49,48,0,53,1,102,82,0,82,184
07/21/2023,GUM,GU,AWP,WE,Federal Contract Tower,49,0,5,0,54,0,0,32,0,32,49,0,37,0,86,75,0,75,161
07/22/2023,GUM,GU,AWP,WE,Federal Contract Tower,49,0,3,0,52,0,0,34,0,34,49,0,37,0,86,76,0,76,162
07/23/2023,GUM,GU,AWP,WE,Federal Contract Tower,57,0,1,1,59,0,0,14,0,14,57,0,15,1,73,30,0,30,103
07/24/2023,GUM,GU,AWP,WE,Federal Contract Tower,48,0,13,0,61,0,2,3,0,5,48,2,16,0,66,30,0,30,96
07/25/2023,GUM,GU,AWP,WE,Federal Contract Tower,43,0,11,1,55,0,9,5,6,20,43,9,16,7,75,50,0,50,125
07/26/2023,GUM,GU,AWP,WE,Federal Contract Tower,47,0,10,3,60,0,0,17,0,17,47,0,27,3,77,59,0,59,136
07/27/2023,GUM,GU,AWP,WE,Federal Contract Tower,43,0,2,0,45,0,0,15,14,29,43,0,17,14,74,0,0,0,74
07/28/2023,GUM,GU,AWP,WE,Federal Contract Tower,40,0,7,0,47,0,0,24,0,24,40,0,31,0,71,26,0,26,97
07/29/2023,GUM,GU,AWP,WE,Federal Contract Tower,47,0,3,0,50,0,0,20,0,20,47,0,23,0,70,30,0,30,100
07/30/2023,GUM,GU,AWP,WE,Federal Contract Tower,50,4,4,0,58,0,0,36,0,36,50,4,40,0,94,44,0,44,138
07/31/2023,GUM,GU,AWP,WE,Federal Contract Tower,47,3,3,0,53,0,0,33,0,33,47,3,36,0,86,68,0,68,154
08/01/2023,GUM,GU,AWP,WE,Federal Contract Tower,49,0,7,1,57,0,0,26,0,26,49,0,33,1,83,76,0,76,159
08/02/2023,GUM,GU,AWP,WE,Federal Contract Tower,54,0,13,1,68,0,0,26,6,32,54,0,39,7,100,89,2,91,191
08/03/2023,GUM,GU,AWP,WE,Federal Contract Tower,51,0,4,1,56,0,0,50,0,50,51,0,54,1,106,70,0,70,176
08/04/2023,GUM,GU,AWP,WE,Federal Contract Tower,47,0,6,0,53,0,0,28,0,28,47,0,34,0,81,86,0,86,167
08/05/2023,GUM,GU,AWP,WE,Federal Contract Tower,52,0,5,0,57,0,0,52,0,52,52,0,57,0,109,80,0,80,189
08/06/2023,GUM,GU,AWP,WE,Federal Contract Tower,52,4,13,0,69,0,0,44,0,44,52,4,57,0,113,64,0,64,177
08/07/2023,GUM,GU,AWP,WE,Federal Contract Tower,46,0,14,2,62,0,2,20,4,26,46,2,34,6,88,134,0,134,222
08/08/2023,GUM,GU,AWP,WE,Federal Contract Tower,52,0,6,0,58,0,2,7,1,10,52,2,13,1,68,26,0,26,94
08/09/2023,GUM,GU,AWP,WE,Federal Contract Tower,46,1,9,2,58,0,0,19,0,19,46,1,28,2,77,52,0,52,129
08/10/2023,GUM,GU,AWP,WE,Federal Contract Tower,44,0,17,3,64,0,3,47,6,56,44,3,64,9,120,102,0,102,222
08/11/2023,GUM,GU,AWP,WE,Federal Contract Tower,51,0,11,1,63,0,0,9,0,9,51,0,20,1,72,58,0,58,130
08/12/2023,GUM,GU,AWP,WE,Federal Contract Tower,50,0,16,0,66,0,0,61,0,61,50,0,77,0,127,48,0,48,175
08/13/2023,GUM,GU,AWP,WE,Federal Contract Tower,49,0,0,0,49,0,0,18,0,18,49,0,18,0,67,22,0,22,89
08/14/2023,GUM,GU,AWP,WE,Federal Contract Tower,55,0,17,1,73,0,9,25,0,34,55,9,42,1,107,58,0,58,165
08/15/2023,GUM,GU,AWP,WE,Federal Contract Tower,48,1,15,4,68,0,2,48,2,52,48,3,63,6,120,50,0,50,170
08/16/2023,GUM,GU,AWP,WE,Federal Contract Tower,48,0,8,2,58,0,0,27,4,31,48,0,35,6,89,50,0,50,139
08/17/2023,GUM,GU,AWP,WE,Federal Contract Tower,44,0,11,1,56,0,0,52,0,52,44,0,63,1,108,26,0,26,134
08/18/2023,GUM,GU,AWP,WE,Federal Contract Tower,45,0,4,0,49,0,0,32,0,32,45,0,36,0,81,12,0,12,93
08/19/2023,GUM,GU,AWP,WE,Federal Contract Tower,49,0,3,0,52,0,0,40,0,40,49,0,43,0,92,30,0,30,122
08/20/2023,GUM,GU,AWP,WE,Federal Contract Tower,51,1,1,0,53,0,0,30,0,30,51,1,31,0,83,18,0,18,101
08/21/2023,GUM,GU,AWP,WE,Federal Contract Tower,52,0,6,0,58,0,2,29,0,31,52,2,35,0,89,22,0,22,111
08/22/2023,GUM,GU,AWP,WE,Federal Contract Tower,50,2,8,0,60,0,8,33,0,41,50,10,41,0,101,40,0,40,141
08/23/2023,GUM,GU,AWP,WE,Federal Contract Tower,48,0,2,4,54,0,3,26,7,36,48,3,28,11,90,8,0,8,98
08/24/2023,GUM,GU,AWP,WE,Federal Contract Tower,50,0,1,0,51,0,0,29,2,31,50,0,30,2,82,12,0,12,94
08/25/2023,GUM,GU,AWP,WE,Federal Contract Tower,47,1,8,0,56,0,0,54,0,54,47,1,62,0,110,36,0,36,146
08/26/2023,GUM,GU,AWP,WE,Federal Contract Tower,50,0,6,0,56,0,0,14,0,14,50,0,20,0,70,40,0,40,110
08/27/2023,GUM,GU,AWP,WE,Federal Contract Tower,39,0,4,0,43,0,2,21,0,23,39,2,25,0,66,4,0,4,70
08/28/2023,GUM,GU,AWP,WE,Federal Contract Tower,49,0,6,0,55,0,2,20,0,22,49,2,26,0,77,6,0,6,83
08/29/2023,GUM,GU,AWP,WE,Federal Contract Tower,49,0,2,0,51,0,7,9,0,16,49,7,11,0,67,40,0,40,107
08/30/2023,GUM,GU,AWP,WE,Federal Contract Tower,44,0,3,0,47,0,0,52,0,52,44,0,55,0,99,0,0,0,99
08/31/2023,GUM,GU,AWP,WE,Federal Contract Tower,51,0,7,0,58,0,0,6,0,6,51,0,13,0,64,0,0,0,64
01/01/2020,GUM,GU,AWP,WE,Federal Contract Tower,85,0,4,0,89,0,4,78,0,82,85,4,82,0,171,30,0,30,201
01/02/2020,GUM,GU,AWP,WE,Federal Contract Tower,89,0,5,0,94,0,3,90,0,93,89,3,95,0,187,59,0,59,246
01/03/2020,GUM,GU,AWP,WE,Federal Contract Tower,84,4,5,0,93,0,0,56,0,56,84,4,61,0,149,28,0,28,177
01/04/2020,GUM,GU,AWP,WE,Federal Contract Tower,76,5,2,0,83,0,0,58,0,58,76,5,60,0,141,54,0,54,195
01/05/2020,GUM,GU,AWP,WE,Federal Contract Tower,82,0,0,7,89,0,2,47,3,52,82,2,47,10,141,23,0,23,164
01/06/2020,GUM,GU,AWP,WE,Federal Contract Tower,65,0,12,5,82,0,0,74,7,81,65,0,86,12,163,44,0,44,207
01/07/2020,GUM,GU,AWP,WE,Federal Contract Tower,72,2,6,0,80,0,2,28,12,42,72,4,34,12,122,22,0,22,144
01/08/2020,GUM,GU,AWP,WE,Federal Contract Tower,78,5,10,8,101,0,0,0,0,0,78,5,10,8,101,8,0,8,109
01/09/2020,GUM,GU,AWP,WE,Federal Contract Tower,64,1,6,3,74,0,0,54,4,58,64,1,60,7,132,54,0,54,186
01/10/2020,GUM,GU,AWP,WE,Federal Contract Tower,73,2,8,0,83,0,0,68,0,68,73,2,76,0,151,68,0,68,219
01/11/2020,GUM,GU,AWP,WE,Federal Contract Tower,77,2,12,0,91,0,0,63,0,63,77,2,75,0,154,44,0,44,198
01/12/2020,GUM,GU,AWP,WE,Federal Contract Tower,71,2,9,0,82,0,0,48,0,48,71,2,57,0,130,67,0,67,197
01/13/2020,GUM,GU,AWP,WE,Federal Contract Tower,54,2,15,14,85,0,8,66,4,78,54,10,81,18,163,32,0,32,195
01/14/2020,GUM,GU,AWP,WE,Federal Contract Tower,83,0,21,2,106,0,2,79,2,83,83,2,100,4,189,44,0,44,233
01/15/2020,GUM,GU,AWP,WE,Federal Contract Tower,78,4,11,7,100,0,0,0,0,0,78,4,11,7,100,70,0,70,170
01/16/2020,GUM,GU,AWP,WE,Federal Contract Tower,71,2,10,2,85,0,0,58,2,60,71,2,68,4,145,93,0,93,238
01/17/2020,GUM,GU,AWP,WE,Federal Contract Tower,76,2,9,0,87,0,1,66,0,67,76,3,75,0,154,116,0,116,270
01/18/2020,GUM,GU,AWP,WE,Federal Contract Tower,76,1,13,2,92,0,0,44,8,52,76,1,57,10,144,110,0,110,254
01/19/2020,GUM,GU,AWP,WE,Federal Contract Tower,81,2,8,8,99,0,0,52,5,57,81,2,60,13,156,94,0,94,250
01/20/2020,GUM,GU,AWP,WE,Federal Contract Tower,71,4,8,7,90,0,0,72,5,77,71,4,80,12,167,132,0,132,299
01/21/2020,GUM,GU,AWP,WE,Federal Contract Tower,76,0,2,2,80,0,0,78,4,82,76,0,80,6,162,108,0,108,270
01/22/2020,GUM,GU,AWP,WE,Federal Contract Tower,95,2,8,4,109,0,2,52,0,54,95,4,60,4,163,38,0,38,201
01/23/2020,GUM,GU,AWP,WE,Federal Contract Tower,76,0,7,0,83,0,0,63,0,63,76,0,70,0,146,106,6,112,258
01/24/2020,GUM,GU,AWP,WE,Federal Contract Tower,79,2,8,0,89,0,0,68,0,68,79,2,76,0,157,48,0,48,205
01/25/2020,GUM,GU,AWP,WE,Federal Contract Tower,76,1,4,0,81,0,0,82,0,82,76,1,86,0,163,66,0,66,229
01/26/2020,GUM,GU,AWP,WE,Federal Contract Tower,73,3,3,0,79,0,0,46,0,46,73,3,49,0,125,46,0,46,171
01/27/2020,GUM,GU,AWP,WE,Federal Contract Tower,69,3,8,0,80,0,1,78,0,79,69,4,86,0,159,24,0,24,183
01/28/2020,GUM,GU,AWP,WE,Federal Contract Tower,78,2,13,0,93,0,0,79,0,79,78,2,92,0,172,48,0,48,220
01/29/2020,GUM,GU,AWP,WE,Federal Contract Tower,76,1,5,0,82,0,0,72,0,72,76,1,77,0,154,30,0,30,184
01/30/2020,GUM,GU,AWP,WE,Federal Contract Tower,74,0,15,0,89,0,0,119,0,119,74,0,134,0,208,26,0,26,234
01/31/2020,GUM,GU,AWP,WE,Federal Contract Tower,81,0,3,0,84,0,0,79,0,79,81,0,82,0,163,16,0,16,179
02/01/2020,GUM,GU,AWP,WE,Federal Contract Tower,88,0,6,0,94,0,0,30,0,30,88,0,36,0,124,16,0,16,140
02/02/2020,GUM,GU,AWP,WE,Federal Contract Tower,73,0,1,1,75,0,0,6,0,6,73,0,7,1,81,16,0,16,97
02/03/2020,GUM,GU,AWP,WE,Federal Contract Tower,72,5,11,3,91,0,1,17,1,19,72,6,28,4,110,12,0,12,122
02/04/2020,GUM,GU,AWP,WE,Federal Contract Tower,79,2,6,2,89,0,0,58,8,66,79,2,64,10,155,6,0,6,161
02/05/2020,GUM,GU,AWP,WE,Federal Contract Tower,74,3,7,4,88,0,4,77,1,82,74,7,84,5,170,40,0,40,210
02/06/2020,GUM,GU,AWP,WE,Federal Contract Tower,73,0,7,1,81,0,0,66,3,69,73,0,73,4,150,38,0,38,188
02/07/2020,GUM,GU,AWP,WE,Federal Contract Tower,74,0,9,2,85,0,0,74,8,82,74,0,83,10,167,8,0,8,175
02/08/2020,GUM,GU,AWP,WE,Federal Contract Tower,76,2,2,0,80,0,0,42,0,42,76,2,44,0,122,64,0,64,186
02/09/2020,GUM,GU,AWP,WE,Federal Contract Tower,74,2,7,0,83,0,0,64,0,64,74,2,71,0,147,140,0,140,287
02/10/2020,GUM,GU,AWP,WE,Federal Contract Tower,72,0,8,4,84,0,0,74,0,74,72,0,82,4,158,38,0,38,196
02/11/2020,GUM,GU,AWP,WE,Federal Contract Tower,78,0,10,6,94,0,4,60,3,67,78,4,70,9,161,34,0,34,195
02/12/2020,GUM,GU,AWP,WE,Federal Contract Tower,73,4,8,3,88,0,0,54,1,55,73,4,62,4,143,44,4,48,191
02/13/2020,GUM,GU,AWP,WE,Federal Contract Tower,72,2,9,5,88,0,0,51,0,51,72,2,60,5,139,42,1,43,182
02/14/2020,GUM,GU,AWP,WE,Federal Contract Tower,74,2,13,2,91,0,0,38,0,38,74,2,51,2,129,52,0,52,181
02/15/2020,GUM,GU,AWP,WE,Federal Contract Tower,76,0,11,1,88,0,3,65,0,68,76,3,76,1,156,60,0,60,216
02/16/2020,GUM,GU,AWP,WE,Federal Contract Tower,74,0,4,1,79,0,0,41,0,41,74,0,45,1,120,20,0,20,140
02/17/2020,GUM,GU,AWP,WE,Federal Contract Tower,63,0,8,3,74,0,2,38,0,40,63,2,46,3,114,30,0,30,144
02/18/2020,GUM,GU,AWP,WE,Federal Contract Tower,69,0,10,0,79,0,1,41,0,42,69,1,51,0,121,50,18,68,189
02/19/2020,GUM,GU,AWP,WE,Federal Contract Tower,72,0,8,4,84,0,1,45,3,49,72,1,53,7,133,74,0,74,207
02/20/2020,GUM,GU,AWP,WE,Federal Contract Tower,66,3,9,10,88,0,1,51,0,52,66,4,60,10,140,47,0,47,187
02/21/2020,GUM,GU,AWP,WE,Federal Contract Tower,73,0,8,0,81,0,0,33,0,33,73,0,41,0,114,30,0,30,144
02/22/2020,GUM,GU,AWP,WE,Federal Contract Tower,72,1,6,1,80,0,0,66,0,66,72,1,72,1,146,46,0,46,192
02/23/2020,GUM,GU,AWP,WE,Federal Contract Tower,73,0,2,1,76,0,0,54,0,54,73,0,56,1,130,14,0,14,144
02/24/2020,GUM,GU,AWP,WE,Federal Contract Tower,65,0,10,0,75,0,1,43,0,44,65,1,53,0,119,58,0,58,177
02/25/2020,GUM,GU,AWP,WE,Federal Contract Tower,72,3,6,9,90,0,0,46,2,48,72,3,52,11,138,68,12,80,218
02/26/2020,GUM,GU,AWP,WE,Federal Contract Tower,65,1,6,2,74,0,6,52,0,58,65,7,58,2,132,58,0,58,190
02/27/2020,GUM,GU,AWP,WE,Federal Contract Tower,69,0,4,0,73,0,0,0,0,0,69,0,4,0,73,45,0,45,118
02/28/2020,GUM,GU,AWP,WE,Federal Contract Tower,70,0,6,0,76,0,0,53,0,53,70,0,59,0,129,65,44,109,238
02/29/2020,GUM,GU,AWP,WE,Federal Contract Tower,72,2,4,0,78,0,0,34,0,34,72,2,38,0,112,52,0,52,164
03/01/2020,GUM,GU,AWP,WE,Federal Contract Tower,73,0,6,0,79,0,0,46,0,46,73,0,52,0,125,26,0,26,151
03/02/2020,GUM,GU,AWP,WE,Federal Contract Tower,55,2,8,11,76,0,6,3,0,9,55,8,11,11,85,22,0,22,107
03/03/2020,GUM,GU,AWP,WE,Federal Contract Tower,58,2,4,7,71,0,4,24,0,28,58,6,28,7,99,0,2,2,101
03/04/2020,GUM,GU,AWP,WE,Federal Contract Tower,56,4,6,0,66,0,2,55,0,57,56,6,61,0,123,60,0,60,183
03/05/2020,GUM,GU,AWP,WE,Federal Contract Tower,64,0,8,0,72,0,0,43,0,43,64,0,51,0,115,34,0,34,149
03/06/2020,GUM,GU,AWP,WE,Federal Contract Tower,57,2,6,0,65,0,4,58,0,62,57,6,64,0,127,36,0,36,163
03/07/2020,GUM,GU,AWP,WE,Federal Contract Tower,60,4,4,2,70,0,2,38,0,40,60,6,42,2,110,42,0,42,152
03/08/2020,GUM,GU,AWP,WE,Federal Contract Tower,55,2,2,0,59,38,4,0,0,42,93,6,2,0,101,72,0,72,173
03/09/2020,GUM,GU,AWP,WE,Federal Contract Tower,46,2,11,0,59,0,0,20,0,20,46,2,31,0,79,36,0,36,115
03/10/2020,GUM,GU,AWP,WE,Federal Contract Tower,50,0,5,4,59,0,2,29,4,35,50,2,34,8,94,34,0,34,128
03/11/2020,GUM,GU,AWP,WE,Federal Contract Tower,52,0,3,7,62,0,0,35,1,36,52,0,38,8,98,30,13,43,141
03/12/2020,GUM,GU,AWP,WE,Federal Contract Tower,48,2,4,1,55,0,0,34,0,34,48,2,38,1,89,82,0,82,171
03/13/2020,GUM,GU,AWP,WE,Federal Contract Tower,52,2,4,0,58,0,3,32,0,35,52,5,36,0,93,128,0,128,221
03/14/2020,GUM,GU,AWP,WE,Federal Contract Tower,54,2,2,4,62,38,0,0,0,38,92,2,2,4,100,94,0,94,194
03/15/2020,GUM,GU,AWP,WE,Federal Contract Tower,48,2,0,0,50,2,0,28,0,30,50,2,28,0,80,75,0,75,155
03/16/2020,GUM,GU,AWP,WE,Federal Contract Tower,50,0,9,2,61,0,2,18,0,20,50,2,27,2,81,86,0,86,167
03/17/2020,GUM,GU,AWP,WE,Federal Contract Tower,52,2,6,0,60,0,0,20,0,20,52,2,26,0,80,64,0,64,144
03/18/2020,GUM,GU,AWP,WE,Federal Contract Tower,47,2,23,0,72,0,0,11,0,11,47,2,34,0,83,88,0,88,171
03/19/2020,GUM,GU,AWP,WE,Federal Contract Tower,46,2,2,0,50,0,0,7,0,7,46,2,9,0,57,78,0,78,135
03/20/2020,GUM,GU,AWP,WE,Federal Contract Tower,41,0,15,0,56,0,2,8,0,10,41,2,23,0,66,72,0,72,138
03/21/2020,GUM,GU,AWP,WE,Federal Contract Tower,25,0,8,0,33,0,0,0,0,0,25,0,8,0,33,44,0,44,77
03/22/2020,GUM,GU,AWP,WE,Federal Contract Tower,23,0,2,0,25,0,0,0,0,0,23,0,2,0,25,12,0,12,37
03/23/2020,GUM,GU,AWP,WE,Federal Contract Tower,12,0,4,0,16,0,0,2,0,2,12,0,6,0,18,0,0,0,18
03/24/2020,GUM,GU,AWP,WE,Federal Contract Tower,6,0,3,2,11,0,0,1,0,1,6,0,4,2,12,0,0,0,12
03/25/2020,GUM,GU,AWP,WE,Federal Contract Tower,7,0,8,0,15,0,0,4,2,6,7,0,12,2,21,0,0,0,21
03/26/2020,GUM,GU,AWP,WE,Federal Contract Tower,11,0,6,0,17,0,0,0,0,0,11,0,6,0,17,0,0,0,17
03/27/2020,GUM,GU,AWP,WE,Federal Contract Tower,6,2,7,0,15,0,0,4,0,4,6,2,11,0,19,0,0,0,19
03/28/2020,GUM,GU,AWP,WE,Federal Contract Tower,12,0,2,0,14,0,0,2,0,2,12,0,4,0,16,0,0,0,16
03/29/2020,GUM,GU,AWP,WE,Federal Contract Tower,17,0,0,0,17,0,0,0,0,0,17,0,0,0,17,2,0,2,19
03/30/2020,GUM,GU,AWP,WE,Federal Contract Tower,9,0,9,0,18,0,0,5,0,5,9,0,14,0,23,0,0,0,23
03/31/2020,GUM,GU,AWP,WE,Federal Contract Tower,6,0,7,0,13,0,0,2,0,2,6,0,9,0,15,0,0,0,15
04/01/2020,GUM,GU,AWP,WE,Federal Contract Tower,7,0,4,0,11,0,0,4,0,4,7,0,8,0,15,0,0,0,15
04/02/2020,GUM,GU,AWP,WE,Federal Contract Tower,6,0,4,0,10,0,0,5,0,5,6,0,9,0,15,0,0,0,15
04/03/2020,GUM,GU,AWP,WE,Federal Contract Tower,8,0,8,0,16,0,2,6,0,8,8,2,14,0,24,0,0,0,24
04/04/2020,GUM,GU,AWP,WE,Federal Contract Tower,5,2,2,0,9,0,0,0,0,0,5,2,2,0,9,0,0,0,9
04/05/2020,GUM,GU,AWP,WE,Federal Contract Tower,9,0,0,0,9,0,0,2,0,2,9,0,2,0,11,0,0,0,11
04/06/2020,GUM,GU,AWP,WE,Federal Contract Tower,5,0,10,2,17,0,0,4,24,28,5,0,14,26,45,0,0,0,45
04/07/2020,GUM,GU,AWP,WE,Federal Contract Tower,4,0,5,1,10,0,2,0,1,3,4,2,5,2,13,0,6,6,19
04/08/2020,GUM,GU,AWP,WE,Federal Contract Tower,8,0,5,0,13,0,0,5,0,5,8,0,10,0,18,0,0,0,18
04/09/2020,GUM,GU,AWP,WE,Federal Contract Tower,6,0,2,0,8,0,0,8,0,8,6,0,10,0,16,0,0,0,16
04/10/2020,GUM,GU,AWP,WE,Federal Contract Tower,7,0,5,0,12,0,0,4,2,6,7,0,9,2,18,0,0,0,18
04/11/2020,GUM,GU,AWP,WE,Federal Contract Tower,8,0,2,0,10,0,0,2,0,2,8,0,4,0,12,0,0,0,12
04/12/2020,GUM,GU,AWP,WE,Federal Contract Tower,7,0,0,0,7,0,0,0,0,0,7,0,0,0,7,0,0,0,7
04/13/2020,GUM,GU,AWP,WE,Federal Contract Tower,8,3,9,8,28,0,0,3,0,3,8,3,12,8,31,0,0,0,31
04/14/2020,GUM,GU,AWP,WE,Federal Contract Tower,6,0,5,0,11,0,1,2,0,3,6,1,7,0,14,0,0,0,14
04/15/2020,GUM,GU,AWP,WE,Federal Contract Tower,6,0,4,0,10,0,0,0,0,0,6,0,4,0,10,0,0,0,10
04/16/2020,GUM,GU,AWP,WE,Federal Contract Tower,10,0,6,2,18,0,0,10,2,12,10,0,16,4,30,0,10,10,40
04/17/2020,GUM,GU,AWP,WE,Federal Contract Tower,5,0,7,11,23,0,0,12,1,13,5,0,19,12,36,0,0,0,36
04/18/2020,GUM,GU,AWP,WE,Federal Contract Tower,5,0,4,0,9,0,0,0,0,0,5,0,4,0,9,0,0,0,9
04/19/2020,GUM,GU,AWP,WE,Federal Contract Tower,7,0,2,0,9,0,1,1,0,2,7,1,3,0,11,0,0,0,11
04/20/2020,GUM,GU,AWP,WE,Federal Contract Tower,5,0,4,4,13,0,0,4,0,4,5,0,8,4,17,0,0,0,17
04/21/2020,GUM,GU,AWP,WE,Federal Contract Tower,3,0,10,0,13,0,0,4,0,4,3,0,14,0,17,0,0,0,17
04/22/2020,GUM,GU,AWP,WE,Federal Contract Tower,7,1,4,0,12,0,0,5,0,5,7,1,9,0,17,0,0,0,17
04/23/2020,GUM,GU,AWP,WE,Federal Contract Tower,7,2,6,2,17,0,1,6,0,7,7,3,12,2,24,0,0,0,24
04/24/2020,GUM,GU,AWP,WE,Federal Contract Tower,6,0,9,0,15,0,0,6,0,6,6,0,15,0,21,0,0,0,21
04/25/2020,GUM,GU,AWP,WE,Federal Contract Tower,9,0,2,0,11,0,0,0,0,0,9,0,2,0,11,0,0,0,11
04/26/2020,GUM,GU,AWP,WE,Federal Contract Tower,5,5,2,0,12,0,1,1,0,2,5,6,3,0,14,0,0,0,14
04/27/2020,GUM,GU,AWP,WE,Federal Contract Tower,4,1,13,0,18,0,0,0,0,0,4,1,13,0,18,0,0,0,18
04/28/2020,GUM,GU,AWP,WE,Federal Contract Tower,3,0,2,2,7,0,0,3,0,3,3,0,5,2,10,0,0,0,10
04/29/2020,GUM,GU,AWP,WE,Federal Contract Tower,9,0,9,1,19,0,0,4,2,6,9,0,13,3,25,0,0,0,25
04/30/2020,GUM,GU,AWP,WE,Federal Contract Tower,6,0,4,2,12,0,0,6,2,8,6,0,10,4,20,0,12,12,32
05/01/2020,GUM,GU,AWP,WE,Federal Contract Tower,6,0,9,0,15,0,7,8,2,17,6,7,17,2,32,0,2,2,34
05/02/2020,GUM,GU,AWP,WE,Federal Contract Tower,9,0,2,0,11,0,2,0,0,2,9,2,2,0,13,0,0,0,13
05/03/2020,GUM,GU,AWP,WE,Federal Contract Tower,9,0,0,0,9,0,0,0,0,0,9,0,0,0,9,0,0,0,9
05/04/2020,GUM,GU,AWP,WE,Federal Contract Tower,9,0,8,5,22,0,0,2,0,2,9,0,10,5,24,0,5,5,29
05/05/2020,GUM,GU,AWP,WE,Federal Contract Tower,10,0,7,0,17,0,2,1,0,3,10,2,8,0,20,0,0,0,20
05/06/2020,GUM,GU,AWP,WE,Federal Contract Tower,13,0,10,0,23,0,0,4,0,4,13,0,14,0,27,0,0,0,27
05/07/2020,GUM,GU,AWP,WE,Federal Contract Tower,15,0,2,0,17,0,0,8,0,8,15,0,10,0,25,0,0,0,25
05/08/2020,GUM,GU,AWP,WE,Federal Contract Tower,13,3,7,0,23,0,1,5,4,10,13,4,12,4,33,0,10,10,43
05/09/2020,GUM,GU,AWP,WE,Federal Contract Tower,14,0,2,0,16,0,0,2,0,2,14,0,4,0,18,0,0,0,18
05/10/2020,GUM,GU,AWP,WE,Federal Contract Tower,14,0,1,0,15,0,0,0,0,0,14,0,1,0,15,0,0,0,15
05/11/2020,GUM,GU,AWP,WE,Federal Contract Tower,11,0,8,0,19,0,2,2,0,4,11,2,10,0,23,0,0,0,23
05/12/2020,GUM,GU,AWP,WE,Federal Contract Tower,13,0,7,0,20,0,0,0,0,0,13,0,7,0,20,0,0,0,20
05/13/2020,GUM,GU,AWP,WE,Federal Contract Tower,12,0,10,0,22,0,0,6,0,6,12,0,16,0,28,0,0,0,28
05/14/2020,GUM,GU,AWP,WE,Federal Contract Tower,17,0,3,0,20,0,0,8,10,18,17,0,11,10,38,0,2,2,40
05/15/2020,GUM,GU,AWP,WE,Federal Contract Tower,10,0,8,6,24,0,0,6,10,16,10,0,14,16,40,0,0,0,40
05/16/2020,GUM,GU,AWP,WE,Federal Contract Tower,14,0,4,0,18,0,0,0,0,0,14,0,4,0,18,0,0,0,18
05/17/2020,GUM,GU,AWP,WE,Federal Contract Tower,15,0,1,0,16,0,0,2,0,2,15,0,3,0,18,0,0,0,18
05/18/2020,GUM,GU,AWP,WE,Federal Contract Tower,10,2,10,0,22,0,0,2,4,6,10,2,12,4,28,0,0,0,28
05/19/2020,GUM,GU,AWP,WE,Federal Contract Tower,12,0,5,0,17,0,0,0,0,0,12,0,5,0,17,0,0,0,17
05/20/2020,GUM,GU,AWP,WE,Federal Contract Tower,13,0,9,0,22,0,0,3,0,3,13,0,12,0,25,0,0,0,25
05/21/2020,GUM,GU,AWP,WE,Federal Contract Tower,20,2,7,10,39,0,2,6,0,8,20,4,13,10,47,0,0,0,47
05/22/2020,GUM,GU,AWP,WE,Federal Contract Tower,16,0,12,0,28,0,0,10,0,10,16,0,22,0,38,0,0,0,38
05/23/2020,GUM,GU,AWP,WE,Federal Contract Tower,14,2,7,0,23,0,0,0,4,4,14,2,7,4,27,0,6,6,33
05/24/2020,GUM,GU,AWP,WE,Federal Contract Tower,10,0,4,0,14,0,2,1,0,3,10,2,5,0,17,0,0,0,17
05/26/2020,GUM,GU,AWP,WE,Federal Contract Tower,13,1,6,0,20,0,0,3,0,3,13,1,9,0,23,0,0,0,23
05/27/2020,GUM,GU,AWP,WE,Federal Contract Tower,16,0,10,0,26,0,0,2,0,2,16,0,12,0,28,0,0,0,28
05/28/2020,GUM,GU,AWP,WE,Federal Contract Tower,17,1,3,3,24,0,2,5,3,10,17,3,8,6,34,0,22,22,56
05/29/2020,GUM,GU,AWP,WE,Federal Contract Tower,13,0,10,1,24,0,2,7,9,18,13,2,17,10,42,0,0,0,42
05/30/2020,GUM,GU,AWP,WE,Federal Contract Tower,15,0,5,16,36,0,0,0,0,0,15,0,5,16,36,0,4,4,40
05/31/2020,GUM,GU,AWP,WE,Federal Contract Tower,11,2,0,0,13,0,0,0,0,0,11,2,0,0,13,0,0,0,13
06/01/2020,GUM,GU,AWP,WE,Federal Contract Tower,12,0,7,0,19,0,2,2,2,6,12,2,9,2,25,10,0,10,35
06/02/2020,GUM,GU,AWP,WE,Federal Contract Tower,12,0,4,5,21,0,0,4,1,5,12,0,8,6,26,10,0,10,36
06/03/2020,GUM,GU,AWP,WE,Federal Contract Tower,11,0,4,1,16,0,2,4,2,8,11,2,8,3,24,0,8,8,32
06/04/2020,GUM,GU,AWP,WE,Federal Contract Tower,18,0,6,2,26,0,2,8,9,19,18,2,14,11,45,0,0,0,45
06/05/2020,GUM,GU,AWP,WE,Federal Contract Tower,18,0,14,0,32,0,0,12,9,21,18,0,26,9,53,0,4,4,57
06/06/2020,GUM,GU,AWP,WE,Federal Contract Tower,15,0,7,0,22,0,2,1,2,5,15,2,8,2,27,1,8,9,36
06/07/2020,GUM,GU,AWP,WE,Federal Contract Tower,12,0,0,0,12,0,0,2,0,2,12,0,2,0,14,0,8,8,22
06/08/2020,GUM,GU,AWP,WE,Federal Contract Tower,13,0,12,0,25,0,2,6,0,8,13,2,18,0,33,2,0,2,35
06/09/2020,GUM,GU,AWP,WE,Federal Contract Tower,13,0,13,14,40,0,2,2,0,4,13,2,15,14,44,0,0,0,44
06/10/2020,GUM,GU,AWP,WE,Federal Contract Tower,15,0,11,0,26,0,0,10,2,12,15,0,21,2,38,0,0,0,38
06/11/2020,GUM,GU,AWP,WE,Federal Contract Tower,17,0,9,2,28,0,0,8,2,10,17,0,17,4,38,0,22,22,60
06/12/2020,GUM,GU,AWP,WE,Federal Contract Tower,15,2,14,0,31,0,2,7,0,9,15,4,21,0,40,6,0,6,46
06/13/2020,GUM,GU,AWP,WE,Federal Contract Tower,16,0,6,2,24,0,0,2,0,2,16,0,8,2,26,2,0,2,28
06/14/2020,GUM,GU,AWP,WE,Federal Contract Tower,9,0,0,2,11,0,0,2,2,4,9,0,2,4,15,8,0,8,23
06/15/2020,GUM,GU,AWP,WE,Federal Contract Tower,13,2,8,0,23,0,0,3,1,4,13,2,11,1,27,12,0,12,39
06/16/2020,GUM,GU,AWP,WE,Federal Contract Tower,16,2,5,0,23,0,4,2,0,6,16,6,7,0,29,12,0,12,41
06/17/2020,GUM,GU,AWP,WE,Federal Contract Tower,17,0,14,0,31,0,2,0,6,8,17,2,14,6,39,0,0,0,39
06/18/2020,GUM,GU,AWP,WE,Federal Contract Tower,19,0,6,6,31,0,0,16,8,24,19,0,22,14,55,16,0,16,71
06/19/2020,GUM,GU,AWP,WE,Federal Contract Tower,13,3,12,0,28,0,2,31,0,33,13,5,43,0,61,0,0,0,61
06/20/2020,GUM,GU,AWP,WE,Federal Contract Tower,17,0,8,0,25,0,0,1,8,9,17,0,9,8,34,11,0,11,45
06/21/2020,GUM,GU,AWP,WE,Federal Contract Tower,11,0,0,0,11,0,0,6,0,6,11,0,6,0,17,4,0,4,21
06/22/2020,GUM,GU,AWP,WE,Federal Contract Tower,12,0,12,0,24,0,0,4,0,4,12,0,16,0,28,0,0,0,28
06/23/2020,GUM,GU,AWP,WE,Federal Contract Tower,12,0,10,2,24,0,0,0,0,0,12,0,10,2,24,0,0,0,24
06/24/2020,GUM,GU,AWP,WE,Federal Contract Tower,15,0,8,0,23,0,4,0,0,4,15,4,8,0,27,0,0,0,27
06/25/2020,GUM,GU,AWP,WE,Federal Contract Tower,19,0,6,0,25,0,0,12,0,12,19,0,18,0,37,6,0,6,43
06/26/2020,GUM,GU,AWP,WE,Federal Contract Tower,13,1,7,0,21,0,1,11,4,16,13,2,18,4,37,0,0,0,37
06/27/2020,GUM,GU,AWP,WE,Federal Contract Tower,22,0,4,0,26,0,0,2,0,2,22,0,6,0,28,0,0,0,28
06/28/2020,GUM,GU,AWP,WE,Federal Contract Tower,14,0,0,0,14,0,0,4,0,4,14,0,4,0,18,6,0,6,24
06/29/2020,GUM,GU,AWP,WE,Federal Contract Tower,12,0,9,0,21,0,0,0,0,0,12,0,9,0,21,0,0,0,21
06/30/2020,GUM,GU,AWP,WE,Federal Contract Tower,8,0,8,3,19,0,2,2,6,10,8,2,10,9,29,0,0,0,29
07/01/2020,GUM,GU,AWP,WE,Federal Contract Tower,16,0,12,0,28,0,0,2,0,2,16,0,14,0,30,0,0,0,30
07/02/2020,GUM,GU,AWP,WE,Federal Contract Tower,19,0,10,0,29,0,0,8,4,12,19,0,18,4,41,14,0,14,55
07/03/2020,GUM,GU,AWP,WE,Federal Contract Tower,12,0,12,0,24,0,2,13,0,15,12,2,25,0,39,0,0,0,39
07/04/2020,GUM,GU,AWP,WE,Federal Contract Tower,16,0,6,0,22,0,0,4,0,4,16,0,10,0,26,20,0,20,46
07/05/2020,GUM,GU,AWP,WE,Federal Contract Tower,18,0,0,0,18,0,0,4,0,4,18,0,4,0,22,6,0,6,28
07/06/2020,GUM,GU,AWP,WE,Federal Contract Tower,13,0,12,1,26,0,0,2,2,4,13,0,14,3,30,40,0,40,70
07/07/2020,GUM,GU,AWP,WE,Federal Contract Tower,7,0,6,0,13,0,1,5,0,6,7,1,11,0,19,0,0,0,19
07/08/2020,GUM,GU,AWP,WE,Federal Contract Tower,13,0,9,0,22,0,0,2,0,2,13,0,11,0,24,0,8,8,32
07/09/2020,GUM,GU,AWP,WE,Federal Contract Tower,22,2,7,2,33,0,0,2,4,6,22,2,9,6,39,0,0,0,39
07/10/2020,GUM,GU,AWP,WE,Federal Contract Tower,13,0,8,0,21,0,0,10,0,10,13,0,18,0,31,12,0,12,43
07/11/2020,GUM,GU,AWP,WE,Federal Contract Tower,19,0,4,0,23,0,0,5,0,5,19,0,9,0,28,7,0,7,35
07/12/2020,GUM,GU,AWP,WE,Federal Contract Tower,19,0,2,0,21,0,3,3,0,6,19,3,5,0,27,6,0,6,33
07/13/2020,GUM,GU,AWP,WE,Federal Contract Tower,13,0,14,0,27,0,0,0,0,0,13,0,14,0,27,0,0,0,27
07/14/2020,GUM,GU,AWP,WE,Federal Contract Tower,10,2,7,0,19,0,0,9,0,9,10,2,16,0,28,11,6,17,45
07/15/2020,GUM,GU,AWP,WE,Federal Contract Tower,19,0,8,0,27,0,0,6,0,6,19,0,14,0,33,0,0,0,33
07/16/2020,GUM,GU,AWP,WE,Federal Contract Tower,26,1,6,2,35,0,0,13,0,13,26,1,19,2,48,8,0,8,56
07/17/2020,GUM,GU,AWP,WE,Federal Contract Tower,19,2,4,0,25,0,0,17,0,17,19,2,21,0,42,0,0,0,42
07/18/2020,GUM,GU,AWP,WE,Federal Contract Tower,25,0,4,0,29,0,0,4,0,4,25,0,8,0,33,19,0,19,52
07/19/2020,GUM,GU,AWP,WE,Federal Contract Tower,24,0,0,0,24,0,0,4,0,4,24,0,4,0,28,14,0,14,42
07/20/2020,GUM,GU,AWP,WE,Federal Contract Tower,21,0,13,0,34,0,0,9,0,9,21,0,22,0,43,6,0,6,49
07/21/2020,GUM,GU,AWP,WE,Federal Contract Tower,11,0,7,0,18,0,0,2,0,2,11,0,9,0,20,12,0,12,32
07/22/2020,GUM,GU,AWP,WE,Federal Contract Tower,25,0,10,0,35,0,0,6,0,6,25,0,16,0,41,22,0,22,63
07/23/2020,GUM,GU,AWP,WE,Federal Contract Tower,30,2,13,0,45,0,0,13,0,13,30,2,26,0,58,54,0,54,112
07/24/2020,GUM,GU,AWP,WE,Federal Contract Tower,24,1,9,18,52,0,2,3,0,5,24,3,12,18,57,60,0,60,117
07/25/2020,GUM,GU,AWP,WE,Federal Contract Tower,24,0,5,0,29,0,1,4,0,5,24,1,9,0,34,34,0,34,68
07/26/2020,GUM,GU,AWP,WE,Federal Contract Tower,31,2,0,0,33,0,0,0,0,0,31,2,0,0,33,60,0,60,93
07/27/2020,GUM,GU,AWP,WE,Federal Contract Tower,23,0,12,0,35,0,0,0,0,0,23,0,12,0,35,48,0,48,83
07/28/2020,GUM,GU,AWP,WE,Federal Contract Tower,10,0,6,0,16,0,0,0,0,0,10,0,6,0,16,0,0,0,16
07/29/2020,GUM,GU,AWP,WE,Federal Contract Tower,21,0,7,1,29,0,2,4,0,6,21,2,11,1,35,20,6,26,61
07/30/2020,GUM,GU,AWP,WE,Federal Contract Tower,25,0,6,1,32,0,0,16,6,22,25,0,22,7,54,8,0,8,62
07/31/2020,GUM,GU,AWP,WE,Federal Contract Tower,26,1,12,0,39,0,1,3,0,4,26,2,15,0,43,10,0,10,53
08/01/2020,GUM,GU,AWP,WE,Federal Contract Tower,21,0,2,0,23,0,0,2,0,2,21,0,4,0,25,27,0,27,52
08/02/2020,GUM,GU,AWP,WE,Federal Contract Tower,32,0,0,0,32,0,1,4,0,5,32,1,4,0,37,21,0,21,58
08/03/2020,GUM,GU,AWP,WE,Federal Contract Tower,29,0,11,0,40,0,0,0,0,0,29,0,11,0,40,34,0,34,74
08/04/2020,GUM,GU,AWP,WE,Federal Contract Tower,16,0,10,0,26,0,0,1,0,1,16,0,11,0,27,8,14,22,49
08/05/2020,GUM,GU,AWP,WE,Federal Contract Tower,22,0,9,0,31,0,0,2,0,2,22,0,11,0,33,10,0,10,43
08/06/2020,GUM,GU,AWP,WE,Federal Contract Tower,33,0,9,0,42,0,0,8,0,8,33,0,17,0,50,16,0,16,66
08/07/2020,GUM,GU,AWP,WE,Federal Contract Tower,22,0,10,0,32,0,7,2,0,9,22,7,12,0,41,18,0,18,59
08/08/2020,GUM,GU,AWP,WE,Federal Contract Tower,24,0,12,0,36,0,0,0,0,0,24,0,12,0,36,14,0,14,50
08/09/2020,GUM,GU,AWP,WE,Federal Contract Tower,27,0,1,0,28,0,2,2,0,4,27,2,3,0,32,12,0,12,44
08/10/2020,GUM,GU,AWP,WE,Federal Contract Tower,23,0,21,0,44,0,0,2,1,3,23,0,23,1,47,6,0,6,53
08/11/2020,GUM,GU,AWP,WE,Federal Contract Tower,15,3,7,0,25,0,0,2,0,2,15,3,9,0,27,14,0,14,41
08/12/2020,GUM,GU,AWP,WE,Federal Contract Tower,20,1,10,0,31,0,0,4,0,4,20,1,14,0,35,0,0,0,35
08/13/2020,GUM,GU,AWP,WE,Federal Contract Tower,24,0,4,0,28,0,0,10,0,10,24,0,14,0,38,18,0,18,56
08/14/2020,GUM,GU,AWP,WE,Federal Contract Tower,26,0,11,0,37,0,0,8,0,8,26,0,19,0,45,12,0,12,57
08/15/2020,GUM,GU,AWP,WE,Federal Contract Tower,24,0,4,0,28,0,0,2,0,2,24,0,6,0,30,0,0,0,30
08/16/2020,GUM,GU,AWP,WE,Federal Contract Tower,23,0,0,0,23,0,2,2,2,6,23,2,2,2,29,0,0,0,29
08/17/2020,GUM,GU,AWP,WE,Federal Contract Tower,25,2,12,0,39,0,0,2,0,2,25,2,14,0,41,0,0,0,41
08/18/2020,GUM,GU,AWP,WE,Federal Contract Tower,17,0,9,2,28,0,0,2,0,2,17,0,11,2,30,0,0,0,30
08/19/2020,GUM,GU,AWP,WE,Federal Contract Tower,21,1,13,0,35,0,2,2,0,4,21,3,15,0,39,0,0,0,39
08/20/2020,GUM,GU,AWP,WE,Federal Contract Tower,27,0,4,0,31,0,0,6,0,6,27,0,10,0,37,6,0,6,43
08/21/2020,GUM,GU,AWP,WE,Federal Contract Tower,25,0,8,0,33,0,0,5,0,5,25,0,13,0,38,0,0,0,38
08/22/2020,GUM,GU,AWP,WE,Federal Contract Tower,26,0,6,0,32,0,0,0,0,0,26,0,6,0,32,0,0,0,32
08/23/2020,GUM,GU,AWP,WE,Federal Contract Tower,25,0,2,0,27,0,0,2,0,2,25,0,4,0,29,0,0,0,29
08/24/2020,GUM,GU,AWP,WE,Federal Contract Tower,30,0,16,0,46,0,0,0,0,0,30,0,16,0,46,0,0,0,46
08/25/2020,GUM,GU,AWP,WE,Federal Contract Tower,16,0,8,5,29,0,0,2,2,4,16,0,10,7,33,10,0,10,43
08/26/2020,GUM,GU,AWP,WE,Federal Contract Tower,22,0,11,2,35,0,0,2,0,2,22,0,13,2,37,0,14,14,51
08/27/2020,GUM,GU,AWP,WE,Federal Contract Tower,31,0,8,0,39,0,0,7,0,7,31,0,15,0,46,0,0,0,46
08/28/2020,GUM,GU,AWP,WE,Federal Contract Tower,25,2,11,0,38,0,0,0,0,0,25,2,11,0,38,0,0,0,38
08/29/2020,GUM,GU,AWP,WE,Federal Contract Tower,25,1,5,0,31,0,0,5,0,5,25,1,10,0,36,0,0,0,36
08/30/2020,GUM,GU,AWP,WE,Federal Contract Tower,22,0,0,0,22,0,0,4,0,4,22,0,4,0,26,10,0,10,36
08/31/2020,GUM,GU,AWP,WE,Federal Contract Tower,28,0,15,0,43,0,0,0,2,2,28,0,15,2,45,0,0,0,45
09/01/2020,GUM,GU,AWP,WE,Federal Contract Tower,17,0,10,0,27,0,0,4,0,4,17,0,14,0,31,0,0,0,31
09/02/2020,GUM,GU,AWP,WE,Federal Contract Tower,21,0,15,0,36,0,2,0,0,2,21,2,15,0,38,12,0,12,50
09/03/2020,GUM,GU,AWP,WE,Federal Contract Tower,27,0,8,0,35,0,4,2,0,6,27,4,10,0,41,17,0,17,58
09/04/2020,GUM,GU,AWP,WE,Federal Contract Tower,23,1,9,0,33,0,1,6,2,9,23,2,15,2,42,6,0,6,48
09/05/2020,GUM,GU,AWP,WE,Federal Contract Tower,28,0,10,0,38,0,0,0,0,0,28,0,10,0,38,0,0,0,38
09/06/2020,GUM,GU,AWP,WE,Federal Contract Tower,25,0,2,0,27,0,0,4,0,4,25,0,6,0,31,6,0,6,37
09/07/2020,GUM,GU,AWP,WE,Federal Contract Tower,26,0,12,0,38,0,0,4,0,4,26,0,16,0,42,0,0,0,42
09/08/2020,GUM,GU,AWP,WE,Federal Contract Tower,15,0,12,0,27,0,0,0,0,0,15,0,12,0,27,14,0,14,41
09/09/2020,GUM,GU,AWP,WE,Federal Contract Tower,24,0,12,4,40,0,0,4,0,4,24,0,16,4,44,0,0,0,44
09/10/2020,GUM,GU,AWP,WE,Federal Contract Tower,30,0,12,0,42,0,0,10,0,10,30,0,22,0,52,10,0,10,62
09/11/2020,GUM,GU,AWP,WE,Federal Contract Tower,29,1,15,0,45,0,3,13,3,19,29,4,28,3,64,0,2,2,66
09/12/2020,GUM,GU,AWP,WE,Federal Contract Tower,32,1,7,0,40,0,0,0,0,0,32,1,7,0,40,0,0,0,40
09/13/2020,GUM,GU,AWP,WE,Federal Contract Tower,32,0,1,0,33,0,0,2,0,2,32,0,3,0,35,0,0,0,35
09/14/2020,GUM,GU,AWP,WE,Federal Contract Tower,27,0,12,0,39,0,0,0,0,0,27,0,12,0,39,0,0,0,39
09/15/2020,GUM,GU,AWP,WE,Federal Contract Tower,19,0,11,0,30,0,0,4,0,4,19,0,15,0,34,0,0,0,34
09/16/2020,GUM,GU,AWP,WE,Federal Contract Tower,19,0,10,1,30,0,0,0,0,0,19,0,10,1,30,0,0,0,30
09/17/2020,GUM,GU,AWP,WE,Federal Contract Tower,31,0,6,0,37,0,0,3,0,3,31,0,9,0,40,6,0,6,46
09/18/2020,GUM,GU,AWP,WE,Federal Contract Tower,31,0,12,1,44,0,3,10,0,13,31,3,22,1,57,60,0,60,117
09/19/2020,GUM,GU,AWP,WE,Federal Contract Tower,44,0,7,4,55,0,0,4,3,7,44,0,11,7,62,27,10,37,99
09/20/2020,GUM,GU,AWP,WE,Federal Contract Tower,31,1,1,1,34,0,1,1,0,2,31,2,2,1,36,58,0,58,94
09/21/2020,GUM,GU,AWP,WE,Federal Contract Tower,33,0,10,0,43,0,0,0,2,2,33,0,10,2,45,40,2,42,87
09/22/2020,GUM,GU,AWP,WE,Federal Contract Tower,23,0,10,0,33,0,2,0,0,2,23,2,10,0,35,42,14,56,91
09/23/2020,GUM,GU,AWP,WE,Federal Contract Tower,28,2,12,0,42,0,0,5,0,5,28,2,17,0,47,74,0,74,121
09/24/2020,GUM,GU,AWP,WE,Federal Contract Tower,28,0,7,4,39,0,0,16,0,16,28,0,23,4,55,68,0,68,123
09/25/2020,GUM,GU,AWP,WE,Federal Contract Tower,29,0,10,0,39,0,0,20,0,20,29,0,30,0,59,70,0,70,129
09/26/2020,GUM,GU,AWP,WE,Federal Contract Tower,28,0,6,0,34,0,0,4,0,4,28,0,10,0,38,60,0,60,98
09/27/2020,GUM,GU,AWP,WE,Federal Contract Tower,28,0,2,0,30,0,0,0,0,0,28,0,2,0,30,6,0,6,36
09/28/2020,GUM,GU,AWP,WE,Federal Contract Tower,28,0,14,1,43,0,0,2,1,3,28,0,16,2,46,0,17,17,63
09/29/2020,GUM,GU,AWP,WE,Federal Contract Tower,17,1,15,1,34,0,3,2,3,8,17,4,17,4,42,0,6,6,48
09/30/2020,GUM,GU,AWP,WE,Federal Contract Tower,25,0,17,6,48,0,0,4,0,4,25,0,21,6,52,0,0,0,52
10/01/2020,GUM,GU,AWP,WE,Federal Contract Tower,32,0,8,3,43,0,0,6,3,9,32,0,14,6,52,0,0,0,52
10/02/2020,GUM,GU,AWP,WE,Federal Contract Tower,27,0,10,0,37,0,1,5,0,6,27,1,15,0,43,0,0,0,43
10/03/2020,GUM,GU,AWP,WE,Federal Contract Tower,30,0,4,0,34,0,0,0,0,0,30,0,4,0,34,0,0,0,34
10/04/2020,GUM,GU,AWP,WE,Federal Contract Tower,17,0,0,0,17,0,0,0,0,0,17,0,0,0,17,0,0,0,17
10/05/2020,GUM,GU,AWP,WE,Federal Contract Tower,18,0,14,0,32,0,0,2,0,2,18,0,16,0,34,0,0,0,34
10/06/2020,GUM,GU,AWP,WE,Federal Contract Tower,10,0,8,2,20,0,0,1,2,3,10,0,9,4,23,0,0,0,23
10/07/2020,GUM,GU,AWP,WE,Federal Contract Tower,14,0,12,0,26,0,0,3,4,7,14,0,15,4,33,0,0,0,33
10/08/2020,GUM,GU,AWP,WE,Federal Contract Tower,24,0,9,3,36,0,0,8,0,8,24,0,17,3,44,0,0,0,44
10/09/2020,GUM,GU,AWP,WE,Federal Contract Tower,19,0,15,0,34,0,0,2,0,2,19,0,17,0,36,0,0,0,36
10/10/2020,GUM,GU,AWP,WE,Federal Contract Tower,26,0,7,0,33,0,0,3,0,3,26,0,10,0,36,0,0,0,36
10/11/2020,GUM,GU,AWP,WE,Federal Contract Tower,20,0,0,0,20,0,0,2,0,2,20,0,2,0,22,14,0,14,36
10/12/2020,GUM,GU,AWP,WE,Federal Contract Tower,25,0,13,1,39,0,0,2,0,2,25,0,15,1,41,2,0,2,43
10/13/2020,GUM,GU,AWP,WE,Federal Contract Tower,12,0,14,3,29,0,0,2,0,2,12,0,16,3,31,0,0,0,31
10/14/2020,GUM,GU,AWP,WE,Federal Contract Tower,17,0,10,0,27,0,0,5,2,7,17,0,15,2,34,0,0,0,34
10/15/2020,GUM,GU,AWP,WE,Federal Contract Tower,27,0,8,2,37,0,0,10,0,10,27,0,18,2,47,18,0,18,65
10/16/2020,GUM,GU,AWP,WE,Federal Contract Tower,25,0,13,0,38,0,0,3,0,3,25,0,16,0,41,0,0,0,41
10/17/2020,GUM,GU,AWP,WE,Federal Contract Tower,27,2,4,3,36,0,2,3,0,5,27,4,7,3,41,4,0,4,45
10/18/2020,GUM,GU,AWP,WE,Federal Contract Tower,18,0,0,0,18,0,0,2,0,2,18,0,2,0,20,0,0,0,20
10/19/2020,GUM,GU,AWP,WE,Federal Contract Tower,23,0,18,2,43,0,0,2,0,2,23,0,20,2,45,2,0,2,47
10/20/2020,GUM,GU,AWP,WE,Federal Contract Tower,15,0,13,1,29,0,0,11,2,13,15,0,24,3,42,0,2,2,44
10/21/2020,GUM,GU,AWP,WE,Federal Contract Tower,19,1,10,0,30,0,0,6,0,6,19,1,16,0,36,0,0,0,36
10/22/2020,GUM,GU,AWP,WE,Federal Contract Tower,23,0,9,0,32,0,0,12,0,12,23,0,21,0,44,0,0,0,44
10/23/2020,GUM,GU,AWP,WE,Federal Contract Tower,22,1,19,0,42,0,0,0,0,0,22,1,19,0,42,0,0,0,42
10/24/2020,GUM,GU,AWP,WE,Federal Contract Tower,24,0,5,0,29,0,0,3,0,3,24,0,8,0,32,46,0,46,78
10/25/2020,GUM,GU,AWP,WE,Federal Contract Tower,17,0,3,0,20,0,0,0,0,0,17,0,3,0,20,64,0,64,84
10/26/2020,GUM,GU,AWP,WE,Federal Contract Tower,38,2,17,0,57,0,0,6,4,10,38,2,23,4,67,47,0,47,114
10/27/2020,GUM,GU,AWP,WE,Federal Contract Tower,17,0,12,0,29,0,0,0,0,0,17,0,12,0,29,40,0,40,69
10/28/2020,GUM,GU,AWP,WE,Federal Contract Tower,18,0,16,0,34,0,0,8,0,8,18,0,24,0,42,62,0,62,104
10/29/2020,GUM,GU,AWP,WE,Federal Contract Tower,23,1,11,4,39,0,0,0,0,0,23,1,11,4,39,97,2,99,138
10/30/2020,GUM,GU,AWP,WE,Federal Contract Tower,25,0,16,0,41,0,4,0,0,4,25,4,16,0,45,70,0,70,115
10/31/2020,GUM,GU,AWP,WE,Federal Contract Tower,23,0,15,0,38,0,0,2,0,2,23,0,17,0,40,72,0,72,112
11/01/2020,GUM,GU,AWP,WE,Federal Contract Tower,16,0,5,0,21,0,0,5,0,5,16,0,10,0,26,60,0,60,86
11/02/2020,GUM,GU,AWP,WE,Federal Contract Tower,22,0,13,6,41,0,0,7,2,9,22,0,20,8,50,26,2,28,78
11/03/2020,GUM,GU,AWP,WE,Federal Contract Tower,18,0,10,1,29,0,0,5,9,14,18,0,15,10,43,11,0,11,54
11/04/2020,GUM,GU,AWP,WE,Federal Contract Tower,18,0,25,6,49,0,0,8,2,10,18,0,33,8,59,4,0,4,63
11/05/2020,GUM,GU,AWP,WE,Federal Contract Tower,23,0,7,0,30,0,0,7,0,7,23,0,14,0,37,4,0,4,41
11/06/2020,GUM,GU,AWP,WE,Federal Contract Tower,20,1,10,0,31,0,0,9,0,9,20,1,19,0,40,18,0,18,58
11/07/2020,GUM,GU,AWP,WE,Federal Contract Tower,22,0,9,0,31,0,0,4,0,4,22,0,13,0,35,0,0,0,35
11/08/2020,GUM,GU,AWP,WE,Federal Contract Tower,17,0,0,0,17,0,0,5,0,5,17,0,5,0,22,0,0,0,22
11/10/2020,GUM,GU,AWP,WE,Federal Contract Tower,13,2,4,1,20,0,0,4,1,5,13,2,8,2,25,0,10,10,35
11/11/2020,GUM,GU,AWP,WE,Federal Contract Tower,19,1,11,0,31,0,0,7,0,7,19,1,18,0,38,0,0,0,38
11/12/2020,GUM,GU,AWP,WE,Federal Contract Tower,22,0,7,0,29,0,0,6,0,6,22,0,13,0,35,0,6,6,41
11/13/2020,GUM,GU,AWP,WE,Federal Contract Tower,20,0,11,0,31,0,2,5,0,7,20,2,16,0,38,10,0,10,48
11/14/2020,GUM,GU,AWP,WE,Federal Contract Tower,23,0,0,0,23,0,0,6,2,8,23,0,6,2,31,8,4,12,43
11/15/2020,GUM,GU,AWP,WE,Federal Contract Tower,18,0,2,2,22,0,0,2,0,2,18,0,4,2,24,5,0,5,29
11/16/2020,GUM,GU,AWP,WE,Federal Contract Tower,23,0,16,7,46,0,0,10,0,10,23,0,26,7,56,6,12,18,74
11/17/2020,GUM,GU,AWP,WE,Federal Contract Tower,15,0,11,1,27,0,0,14,0,14,15,0,25,1,41,30,0,30,71
11/18/2020,GUM,GU,AWP,WE,Federal Contract Tower,21,0,12,1,34,0,0,10,0,10,21,0,22,1,44,44,0,44,88
11/19/2020,GUM,GU,AWP,WE,Federal Contract Tower,25,0,11,0,36,0,0,12,2,14,25,0,23,2,50,0,0,0,50
11/20/2020,GUM,GU,AWP,WE,Federal Contract Tower,19,0,8,0,27,0,0,12,0,12,19,0,20,0,39,32,0,32,71
11/21/2020,GUM,GU,AWP,WE,Federal Contract Tower,22,0,13,0,35,0,2,3,0,5,22,2,16,0,40,28,0,28,68
11/22/2020,GUM,GU,AWP,WE,Federal Contract Tower,23,0,0,0,23,0,1,3,0,4,23,1,3,0,27,4,0,4,31
11/23/2020,GUM,GU,AWP,WE,Federal Contract Tower,24,0,10,0,34,0,0,6,0,6,24,0,16,0,40,4,0,4,44
11/24/2020,GUM,GU,AWP,WE,Federal Contract Tower,12,0,6,1,19,0,0,8,5,13,12,0,14,6,32,22,0,22,54
11/25/2020,GUM,GU,AWP,WE,Federal Contract Tower,18,0,12,0,30,0,0,6,0,6,18,0,18,0,36,12,0,12,48
11/26/2020,GUM,GU,AWP,WE,Federal Contract Tower,24,0,4,0,28,0,0,2,0,2,24,0,6,0,30,18,0,18,48
11/27/2020,GUM,GU,AWP,WE,Federal Contract Tower,24,0,9,0,33,0,0,10,0,10,24,0,19,0,43,12,0,12,55
11/28/2020,GUM,GU,AWP,WE,Federal Contract Tower,25,0,3,0,28,0,0,2,0,2,25,0,5,0,30,0,0,0,30
11/29/2020,GUM,GU,AWP,WE,Federal Contract Tower,23,0,0,0,23,0,0,2,0,2,23,0,2,0,25,6,0,6,31
11/30/2020,GUM,GU,AWP,WE,Federal Contract Tower,28,0,13,1,42,0,0,5,0,5,28,0,18,1,47,10,19,29,76
12/01/2020,GUM,GU,AWP,WE,Federal Contract Tower,18,0,5,0,23,0,0,8,17,25,18,0,13,17,48,72,8,80,128
12/02/2020,GUM,GU,AWP,WE,Federal Contract Tower,18,0,10,1,29,0,0,10,7,17,18,0,20,8,46,58,18,76,122
12/03/2020,GUM,GU,AWP,WE,Federal Contract Tower,31,0,9,5,45,0,1,9,6,16,31,1,18,11,61,66,0,66,127
12/04/2020,GUM,GU,AWP,WE,Federal Contract Tower,28,0,8,2,38,0,2,8,0,10,28,2,16,2,48,55,0,55,103
12/05/2020,GUM,GU,AWP,WE,Federal Contract Tower,25,0,9,0,34,0,2,4,0,6,25,2,13,0,40,52,0,52,92
12/06/2020,GUM,GU,AWP,WE,Federal Contract Tower,22,0,1,0,23,0,0,4,0,4,22,0,5,0,27,102,0,102,129
12/07/2020,GUM,GU,AWP,WE,Federal Contract Tower,29,1,13,0,43,0,2,9,0,11,29,3,22,0,54,76,0,76,130
12/08/2020,GUM,GU,AWP,WE,Federal Contract Tower,15,0,8,0,23,0,0,6,0,6,15,0,14,0,29,48,0,48,77
12/09/2020,GUM,GU,AWP,WE,Federal Contract Tower,17,3,10,0,30,0,0,11,0,11,17,3,21,0,41,58,2,60,101
12/10/2020,GUM,GU,AWP,WE,Federal Contract Tower,26,1,13,8,48,0,0,6,6,12,26,1,19,14,60,0,2,2,62
12/11/2020,GUM,GU,AWP,WE,Federal Contract Tower,28,0,10,1,39,0,0,9,0,9,28,0,19,1,48,8,0,8,56
12/12/2020,GUM,GU,AWP,WE,Federal Contract Tower,23,0,8,0,31,0,0,4,0,4,23,0,12,0,35,0,0,0,35
12/13/2020,GUM,GU,AWP,WE,Federal Contract Tower,21,0,0,0,21,0,0,6,0,6,21,0,6,0,27,10,0,10,37
12/14/2020,GUM,GU,AWP,WE,Federal Contract Tower,38,0,17,10,65,0,0,3,0,3,38,0,20,10,68,8,0,8,76
12/15/2020,GUM,GU,AWP,WE,Federal Contract Tower,17,0,9,1,27,0,3,5,0,8,17,3,14,1,35,0,0,0,35
12/16/2020,GUM,GU,AWP,WE,Federal Contract Tower,22,0,13,3,38,0,0,8,4,12,22,0,21,7,50,16,6,22,72
12/17/2020,GUM,GU,AWP,WE,Federal Contract Tower,26,0,8,0,34,0,0,14,0,14,26,0,22,0,48,1,0,1,49
12/18/2020,GUM,GU,AWP,WE,Federal Contract Tower,32,1,9,0,42,0,2,10,0,12,32,3,19,0,54,14,0,14,68
12/19/2020,GUM,GU,AWP,WE,Federal Contract Tower,24,0,7,0,31,0,0,7,0,7,24,0,14,0,38,11,0,11,49
12/20/2020,GUM,GU,AWP,WE,Federal Contract Tower,25,1,0,0,26,0,0,2,0,2,25,1,2,0,28,8,0,8,36
12/21/2020,GUM,GU,AWP,WE,Federal Contract Tower,35,0,12,4,51,0,0,12,0,12,35,0,24,4,63,14,0,14,77
12/22/2020,GUM,GU,AWP,WE,Federal Contract Tower,18,0,10,1,29,0,0,5,2,7,18,0,15,3,36,10,12,22,58
12/24/2020,GUM,GU,AWP,WE,Federal Contract Tower,29,0,9,0,38,0,0,12,0,12,29,0,21,0,50,0,0,0,50
12/25/2020,GUM,GU,AWP,WE,Federal Contract Tower,22,0,12,0,34,0,0,0,0,0,22,0,12,0,34,0,0,0,34
12/26/2020,GUM,GU,AWP,WE,Federal Contract Tower,21,0,6,0,27,0,0,2,0,2,21,0,8,0,29,16,0,16,45
12/27/2020,GUM,GU,AWP,WE,Federal Contract Tower,20,0,0,0,20,0,0,2,0,2,20,0,2,0,22,0,0,0,22
12/28/2020,GUM,GU,AWP,WE,Federal Contract Tower,28,0,14,0,42,0,0,4,0,4,28,0,18,0,46,2,0,2,48
12/29/2020,GUM,GU,AWP,WE,Federal Contract Tower,16,0,11,0,27,0,0,6,0,6,16,0,17,0,33,1,0,1,34
12/30/2020,GUM,GU,AWP,WE,Federal Contract Tower,16,0,7,0,23,0,0,13,0,13,16,0,20,0,36,37,0,37,73
12/31/2020,GUM,GU,AWP,WE,Federal Contract Tower,27,0,4,0,31,0,0,17,0,17,27,0,21,0,48,1,0,1,49
01/01/2021,GUM,GU,AWP,WE,Federal Contract Tower,20,0,8,0,28,0,0,8,0,8,20,0,16,0,36,2,0,2,38
01/02/2021,GUM,GU,AWP,WE,Federal Contract Tower,22,0,2,1,25,0,0,4,0,4,22,0,6,1,29,26,0,26,55
01/03/2021,GUM,GU,AWP,WE,Federal Contract Tower,0,20,0,1,21,0,0,2,0,2,0,20,2,1,23,0,0,0,23
01/04/2021,GUM,GU,AWP,WE,Federal Contract Tower,29,0,11,0,40,0,0,3,0,3,29,0,14,0,43,14,0,14,57
01/05/2021,GUM,GU,AWP,WE,Federal Contract Tower,10,1,4,1,16,0,0,3,0,3,10,1,7,1,19,0,0,0,19
01/06/2021,GUM,GU,AWP,WE,Federal Contract Tower,13,0,8,3,24,0,0,7,0,7,13,0,15,3,31,14,0,14,45
01/07/2021,GUM,GU,AWP,WE,Federal Contract Tower,20,0,6,3,29,0,0,16,2,18,20,0,22,5,47,14,0,14,61
01/08/2021,GUM,GU,AWP,WE,Federal Contract Tower,16,0,8,0,24,0,0,10,0,10,16,0,18,0,34,0,0,0,34
01/09/2021,GUM,GU,AWP,WE,Federal Contract Tower,15,0,9,0,24,0,0,7,0,7,15,0,16,0,31,18,0,18,49
01/10/2021,GUM,GU,AWP,WE,Federal Contract Tower,12,0,0,0,12,0,0,2,0,2,12,0,2,0,14,22,0,22,36
01/11/2021,GUM,GU,AWP,WE,Federal Contract Tower,23,0,16,0,39,0,0,4,4,8,23,0,20,4,47,8,10,18,65
01/12/2021,GUM,GU,AWP,WE,Federal Contract Tower,5,0,7,0,12,0,0,5,0,5,5,0,12,0,17,2,22,24,41
01/13/2021,GUM,GU,AWP,WE,Federal Contract Tower,16,0,11,2,29,0,0,5,0,5,16,0,16,2,34,0,0,0,34
01/14/2021,GUM,GU,AWP,WE,Federal Contract Tower,24,0,3,0,27,0,0,18,2,20,24,0,21,2,47,86,11,97,144
01/15/2021,GUM,GU,AWP,WE,Federal Contract Tower,16,0,13,0,29,0,0,11,0,11,16,0,24,0,40,60,0,60,100
01/16/2021,GUM,GU,AWP,WE,Federal Contract Tower,16,0,7,0,23,0,0,3,0,3,16,0,10,0,26,89,0,89,115
01/17/2021,GUM,GU,AWP,WE,Federal Contract Tower,16,0,0,0,16,0,0,4,0,4,16,0,4,0,20,74,0,74,94
01/18/2021,GUM,GU,AWP,WE,Federal Contract Tower,20,0,7,0,27,0,0,1,0,1,20,0,8,0,28,58,0,58,86
01/19/2021,GUM,GU,AWP,WE,Federal Contract Tower,6,0,15,5,26,0,0,5,1,6,6,0,20,6,32,58,0,58,90
01/20/2021,GUM,GU,AWP,WE,Federal Contract Tower,16,0,10,4,30,0,0,6,1,7,16,0,16,5,37,52,0,52,89
01/21/2021,GUM,GU,AWP,WE,Federal Contract Tower,18,0,6,0,24,0,0,2,0,2,18,0,8,0,26,0,12,12,38
01/22/2021,GUM,GU,AWP,WE,Federal Contract Tower,17,0,9,1,27,0,0,14,0,14,17,0,23,1,41,17,6,23,64
01/23/2021,GUM,GU,AWP,WE,Federal Contract Tower,13,0,11,0,24,0,0,1,0,1,13,0,12,0,25,15,0,15,40
01/24/2021,GUM,GU,AWP,WE,Federal Contract Tower,14,0,1,0,15,0,0,2,0,2,14,0,3,0,17,20,0,20,37
01/25/2021,GUM,GU,AWP,WE,Federal Contract Tower,19,2,13,9,43,0,0,5,7,12,19,2,18,16,55,0,12,12,67
01/26/2021,GUM,GU,AWP,WE,Federal Contract Tower,8,2,11,2,23,0,1,2,2,5,8,3,13,4,28,0,16,16,44
01/27/2021,GUM,GU,AWP,WE,Federal Contract Tower,15,0,10,0,25,0,0,6,0,6,15,0,16,0,31,10,22,32,63
01/28/2021,GUM,GU,AWP,WE,Federal Contract Tower,18,0,6,0,24,1,0,4,0,5,19,0,10,0,29,14,0,14,43
01/29/2021,GUM,GU,AWP,WE,Federal Contract Tower,18,0,10,0,28,0,0,9,0,9,18,0,19,0,37,7,0,7,44
01/30/2021,GUM,GU,AWP,WE,Federal Contract Tower,22,0,6,0,28,0,0,0,1,1,22,0,6,1,29,19,0,19,48
01/31/2021,GUM,GU,AWP,WE,Federal Contract Tower,13,0,0,0,13,0,0,2,0,2,13,0,2,0,15,28,0,28,43
02/01/2021,GUM,GU,AWP,WE,Federal Contract Tower,20,0,11,1,32,0,0,0,0,0,20,0,11,1,32,16,6,22,54
02/02/2021,GUM,GU,AWP,WE,Federal Contract Tower,7,0,7,0,14,0,0,7,2,9,7,0,14,2,23,0,24,24,47
02/03/2021,GUM,GU,AWP,WE,Federal Contract Tower,11,0,15,4,30,0,0,3,0,3,11,0,18,4,33,3,8,11,44
02/04/2021,GUM,GU,AWP,WE,Federal Contract Tower,12,0,5,3,20,0,0,16,23,39,12,0,21,26,59,14,10,24,83
02/05/2021,GUM,GU,AWP,WE,Federal Contract Tower,15,0,4,0,19,0,0,6,0,6,15,0,10,0,25,1,0,1,26
02/06/2021,GUM,GU,AWP,WE,Federal Contract Tower,14,0,10,1,25,0,2,3,0,5,14,2,13,1,30,11,0,11,41
02/07/2021,GUM,GU,AWP,WE,Federal Contract Tower,11,0,0,2,13,0,0,2,0,2,11,0,2,2,15,14,0,14,29
02/08/2021,GUM,GU,AWP,WE,Federal Contract Tower,26,0,10,2,38,0,1,1,0,2,26,1,11,2,40,0,0,0,40
02/09/2021,GUM,GU,AWP,WE,Federal Contract Tower,5,0,8,2,15,0,0,4,0,4,5,0,12,2,19,6,16,22,41
02/10/2021,GUM,GU,AWP,WE,Federal Contract Tower,11,0,5,6,22,0,0,10,0,10,11,0,15,6,32,0,16,16,48
02/11/2021,GUM,GU,AWP,WE,Federal Contract Tower,14,0,11,0,25,0,0,14,0,14,14,0,25,0,39,12,14,26,65
02/12/2021,GUM,GU,AWP,WE,Federal Contract Tower,14,0,7,0,21,0,0,5,0,5,14,0,12,0,26,12,0,12,38
02/13/2021,GUM,GU,AWP,WE,Federal Contract Tower,16,0,9,0,25,0,0,7,0,7,16,0,16,0,32,27,0,27,59
02/15/2021,GUM,GU,AWP,WE,Federal Contract Tower,15,0,16,1,32,0,0,0,0,0,15,0,16,1,32,8,0,8,40
02/16/2021,GUM,GU,AWP,WE,Federal Contract Tower,0,5,8,5,18,0,0,4,2,6,0,5,12,7,24,2,2,4,28
02/17/2021,GUM,GU,AWP,WE,Federal Contract Tower,8,0,6,2,16,0,0,4,1,5,8,0,10,3,21,0,28,28,49
02/18/2021,GUM,GU,AWP,WE,Federal Contract Tower,19,0,7,0,26,0,0,19,0,19,19,0,26,0,45,6,0,6,51
02/19/2021,GUM,GU,AWP,WE,Federal Contract Tower,11,0,8,1,20,0,0,0,0,0,11,0,8,1,20,15,0,15,35
02/20/2021,GUM,GU,AWP,WE,Federal Contract Tower,12,0,4,6,22,0,0,5,0,5,12,0,9,6,27,12,0,12,39
02/21/2021,GUM,GU,AWP,WE,Federal Contract Tower,7,0,0,0,7,0,0,8,0,8,7,0,8,0,15,12,0,12,27
02/22/2021,GUM,GU,AWP,WE,Federal Contract Tower,15,0,8,4,27,0,0,4,1,5,15,0,12,5,32,18,28,46,78
02/23/2021,GUM,GU,AWP,WE,Federal Contract Tower,4,0,8,1,13,0,0,9,1,10,4,0,17,2,23,18,0,18,41
02/24/2021,GUM,GU,AWP,WE,Federal Contract Tower,8,0,9,0,17,0,0,16,8,24,8,0,25,8,41,0,0,0,41
02/25/2021,GUM,GU,AWP,WE,Federal Contract Tower,13,0,8,4,25,0,0,13,4,17,13,0,21,8,42,0,0,0,42
02/26/2021,GUM,GU,AWP,WE,Federal Contract Tower,12,0,8,0,20,0,0,9,0,9,12,0,17,0,29,13,0,13,42
02/27/2021,GUM,GU,AWP,WE,Federal Contract Tower,15,0,5,0,20,1,0,5,3,9,16,0,10,3,29,15,0,15,44
02/28/2021,GUM,GU,AWP,WE,Federal Contract Tower,10,0,2,0,12,0,0,7,0,7,10,0,9,0,19,16,0,16,35
03/01/2021,GUM,GU,AWP,WE,Federal Contract Tower,16,0,14,5,35,0,0,9,1,10,16,0,23,6,45,0,6,6,51
03/02/2021,GUM,GU,AWP,WE,Federal Contract Tower,4,0,6,1,11,0,0,3,4,7,4,0,9,5,18,0,0,0,18
03/03/2021,GUM,GU,AWP,WE,Federal Contract Tower,8,0,5,0,13,0,2,6,0,8,8,2,11,0,21,31,2,33,54
03/04/2021,GUM,GU,AWP,WE,Federal Contract Tower,15,0,6,0,21,0,1,14,3,18,15,1,20,3,39,26,0,26,65
03/05/2021,GUM,GU,AWP,WE,Federal Contract Tower,17,0,7,0,24,0,0,10,0,10,17,0,17,0,34,18,0,18,52
03/06/2021,GUM,GU,AWP,WE,Federal Contract Tower,15,0,9,2,26,0,0,7,0,7,15,0,16,2,33,34,0,34,67
03/07/2021,GUM,GU,AWP,WE,Federal Contract Tower,15,0,3,0,18,0,0,12,0,12,15,0,15,0,30,39,0,39,69
03/08/2021,GUM,GU,AWP,WE,Federal Contract Tower,17,0,10,3,30,0,0,2,2,4,17,0,12,5,34,24,0,24,58
03/09/2021,GUM,GU,AWP,WE,Federal Contract Tower,6,3,6,6,21,0,0,5,2,7,6,3,11,8,28,8,0,8,36
03/10/2021,GUM,GU,AWP,WE,Federal Contract Tower,10,0,10,2,22,0,0,0,2,2,10,0,10,4,24,0,0,0,24
03/11/2021,GUM,GU,AWP,WE,Federal Contract Tower,15,0,6,0,21,0,0,4,0,4,15,0,10,0,25,0,8,8,33
03/12/2021,GUM,GU,AWP,WE,Federal Contract Tower,17,0,11,4,32,0,0,6,0,6,17,0,17,4,38,16,0,16,54
03/13/2021,GUM,GU,AWP,WE,Federal Contract Tower,19,0,5,1,25,0,0,2,0,2,19,0,7,1,27,5,0,5,32
03/14/2021,GUM,GU,AWP,WE,Federal Contract Tower,11,0,4,2,17,0,0,0,0,0,11,0,4,2,17,28,0,28,45
03/15/2021,GUM,GU,AWP,WE,Federal Contract Tower,17,0,12,9,38,0,0,6,4,10,17,0,18,13,48,0,0,0,48
03/16/2021,GUM,GU,AWP,WE,Federal Contract Tower,8,0,10,1,19,0,0,4,0,4,8,0,14,1,23,10,0,10,33
03/17/2021,GUM,GU,AWP,WE,Federal Contract Tower,14,0,8,3,25,0,0,4,8,12,14,0,12,11,37,0,0,0,37
03/19/2021,GUM,GU,AWP,WE,Federal Contract Tower,17,0,11,0,28,0,0,5,0,5,17,0,16,0,33,20,0,20,53
03/20/2021,GUM,GU,AWP,WE,Federal Contract Tower,17,0,7,0,24,0,0,6,0,6,17,0,13,0,30,36,0,36,66
03/21/2021,GUM,GU,AWP,WE,Federal Contract Tower,15,0,1,0,16,0,0,0,0,0,15,0,1,0,16,20,0,20,36
03/22/2021,GUM,GU,AWP,WE,Federal Contract Tower,19,0,16,0,35,0,0,2,4,6,19,0,18,4,41,10,10,20,61
03/23/2021,GUM,GU,AWP,WE,Federal Contract Tower,7,2,9,3,21,0,0,2,0,2,7,2,11,3,23,4,0,4,27
03/24/2021,GUM,GU,AWP,WE,Federal Contract Tower,10,2,10,0,22,0,2,0,1,3,10,4,10,1,25,0,20,20,45
03/25/2021,GUM,GU,AWP,WE,Federal Contract Tower,17,0,7,0,24,0,0,12,3,15,17,0,19,3,39,0,4,4,43
03/26/2021,GUM,GU,AWP,WE,Federal Contract Tower,17,0,12,0,29,0,0,9,0,9,17,0,21,0,38,12,0,12,50
03/27/2021,GUM,GU,AWP,WE,Federal Contract Tower,20,1,7,1,29,0,0,1,0,1,20,1,8,1,30,0,0,0,30
03/28/2021,GUM,GU,AWP,WE,Federal Contract Tower,13,0,2,0,15,0,0,0,0,0,13,0,2,0,15,10,0,10,25
03/29/2021,GUM,GU,AWP,WE,Federal Contract Tower,16,0,12,0,28,0,0,0,4,4,16,0,12,4,32,0,0,0,32
03/30/2021,GUM,GU,AWP,WE,Federal Contract Tower,13,0,6,0,19,0,2,4,6,12,13,2,10,6,31,10,0,10,41
03/31/2021,GUM,GU,AWP,WE,Federal Contract Tower,12,0,10,2,24,0,0,2,3,5,12,0,12,5,29,4,0,4,33
04/01/2021,GUM,GU,AWP,WE,Federal Contract Tower,11,0,6,0,17,0,0,14,0,14,11,0,20,0,31,12,0,12,43
04/02/2021,GUM,GU,AWP,WE,Federal Contract Tower,19,0,11,0,30,0,0,6,0,6,19,0,17,0,36,0,0,0,36
04/03/2021,GUM,GU,AWP,WE,Federal Contract Tower,15,0,6,1,22,0,0,2,0,2,15,0,8,1,24,30,0,30,54
04/04/2021,GUM,GU,AWP,WE,Federal Contract Tower,11,0,1,0,12,0,0,0,0,0,11,0,1,0,12,12,0,12,24
04/06/2021,GUM,GU,AWP,WE,Federal Contract Tower,7,0,8,1,16,0,0,7,0,7,7,0,15,1,23,0,0,0,23
04/07/2021,GUM,GU,AWP,WE,Federal Contract Tower,20,0,7,1,28,0,0,7,4,11,20,0,14,5,39,26,16,42,81
04/08/2021,GUM,GU,AWP,WE,Federal Contract Tower,15,0,4,3,22,0,2,10,8,20,15,2,14,11,42,74,0,74,116
04/09/2021,GUM,GU,AWP,WE,Federal Contract Tower,17,0,10,0,27,0,0,8,0,8,17,0,18,0,35,75,0,75,110
04/10/2021,GUM,GU,AWP,WE,Federal Contract Tower,17,0,3,0,20,0,0,5,0,5,17,0,8,0,25,76,0,76,101
04/11/2021,GUM,GU,AWP,WE,Federal Contract Tower,12,0,0,0,12,0,0,2,0,2,12,0,2,0,14,66,0,66,80
04/12/2021,GUM,GU,AWP,WE,Federal Contract Tower,19,0,18,1,38,0,0,4,7,11,19,0,22,8,49,50,12,62,111
04/13/2021,GUM,GU,AWP,WE,Federal Contract Tower,8,0,11,0,19,0,0,4,0,4,8,0,15,0,23,30,0,30,53
04/14/2021,GUM,GU,AWP,WE,Federal Contract Tower,13,0,7,0,20,0,0,10,1,11,13,0,17,1,31,0,7,7,38
04/15/2021,GUM,GU,AWP,WE,Federal Contract Tower,16,0,7,4,27,0,0,11,16,27,16,0,18,20,54,0,18,18,72
04/16/2021,GUM,GU,AWP,WE,Federal Contract Tower,16,0,17,0,33,0,0,8,0,8,16,0,25,0,41,19,0,19,60
04/17/2021,GUM,GU,AWP,WE,Federal Contract Tower,15,0,0,0,15,0,0,8,2,10,15,0,8,2,25,4,0,4,29
04/18/2021,GUM,GU,AWP,WE,Federal Contract Tower,11,0,1,0,12,0,0,6,2,8,11,0,7,2,20,0,18,18,38
04/19/2021,GUM,GU,AWP,WE,Federal Contract Tower,17,0,15,3,35,0,0,5,2,7,17,0,20,5,42,0,10,10,52
04/20/2021,GUM,GU,AWP,WE,Federal Contract Tower,6,0,13,1,20,0,0,7,1,8,6,0,20,2,28,0,16,16,44
04/21/2021,GUM,GU,AWP,WE,Federal Contract Tower,14,0,16,10,40,0,0,10,0,10,14,0,26,10,50,0,0,0,50
04/22/2021,GUM,GU,AWP,WE,Federal Contract Tower,11,0,4,3,18,0,0,17,0,17,11,0,21,3,35,0,0,0,35
04/23/2021,GUM,GU,AWP,WE,Federal Contract Tower,19,0,6,0,25,0,0,13,0,13,19,0,19,0,38,0,0,0,38
04/24/2021,GUM,GU,AWP,WE,Federal Contract Tower,18,1,7,0,26,0,0,3,0,3,18,1,10,0,29,0,0,0,29
04/25/2021,GUM,GU,AWP,WE,Federal Contract Tower,12,0,5,0,17,0,0,3,1,4,12,0,8,1,21,6,0,6,27
04/28/2021,GUM,GU,AWP,WE,Federal Contract Tower,16,0,13,1,30,0,1,7,5,13,16,1,20,6,43,8,7,15,58
04/29/2021,GUM,GU,AWP,WE,Federal Contract Tower,14,0,8,1,23,0,0,12,4,16,14,0,20,5,39,10,5,15,54
04/30/2021,GUM,GU,AWP,WE,Federal Contract Tower,17,0,14,1,32,0,2,6,0,8,17,2,20,1,40,16,0,16,56
05/01/2021,GUM,GU,AWP,WE,Federal Contract Tower,21,0,2,0,23,0,0,0,0,0,21,0,2,0,23,0,0,0,23
05/02/2021,GUM,GU,AWP,WE,Federal Contract Tower,12,0,1,2,15,0,0,2,0,2,12,0,3,2,17,0,0,0,17
05/03/2021,GUM,GU,AWP,WE,Federal Contract Tower,18,0,9,0,27,0,0,13,0,13,18,0,22,0,40,0,0,0,40
05/04/2021,GUM,GU,AWP,WE,Federal Contract Tower,9,0,11,0,20,0,0,13,0,13,9,0,24,0,33,0,0,0,33
05/05/2021,GUM,GU,AWP,WE,Federal Contract Tower,13,2,9,2,26,0,0,6,1,7,13,2,15,3,33,2,0,2,35
05/06/2021,GUM,GU,AWP,WE,Federal Contract Tower,14,0,6,2,22,0,0,14,1,15,14,0,20,3,37,10,0,10,47
05/07/2021,GUM,GU,AWP,WE,Federal Contract Tower,20,0,8,0,28,0,0,8,0,8,20,0,16,0,36,12,0,12,48
05/08/2021,GUM,GU,AWP,WE,Federal Contract Tower,21,0,5,0,26,0,0,11,0,11,21,0,16,0,37,2,0,2,39
05/09/2021,GUM,GU,AWP,WE,Federal Contract Tower,21,0,0,0,21,0,0,2,0,2,21,0,2,0,23,12,0,12,35
05/10/2021,GUM,GU,AWP,WE,Federal Contract Tower,27,0,13,16,56,0,0,9,2,11,27,0,22,18,67,6,0,6,73
05/11/2021,GUM,GU,AWP,WE,Federal Contract Tower,15,0,10,1,26,0,0,6,0,6,15,0,16,1,32,0,12,12,44
05/12/2021,GUM,GU,AWP,WE,Federal Contract Tower,24,0,10,2,36,0,0,6,3,9,24,0,16,5,45,0,4,4,49
05/13/2021,GUM,GU,AWP,WE,Federal Contract Tower,0,0,0,0,0,0,0,0,0,0,0,0,0,0,0,0,0,0,0
05/14/2021,GUM,GU,AWP,WE,Federal Contract Tower,19,0,7,2,28,0,0,11,0,11,19,0,18,2,39,5,0,5,44
05/15/2021,GUM,GU,AWP,WE,Federal Contract Tower,20,0,5,0,25,0,0,2,0,2,20,0,7,0,27,0,0,0,27
05/16/2021,GUM,GU,AWP,WE,Federal Contract Tower,15,0,4,0,19,0,0,4,0,4,15,0,8,0,23,12,0,12,35
05/17/2021,GUM,GU,AWP,WE,Federal Contract Tower,17,0,14,0,31,0,0,7,2,9,17,0,21,2,40,6,2,8,48
05/18/2021,GUM,GU,AWP,WE,Federal Contract Tower,15,1,5,0,21,0,4,2,0,6,15,5,7,0,27,0,0,0,27
05/19/2021,GUM,GU,AWP,WE,Federal Contract Tower,20,0,9,9,38,0,2,7,1,10,20,2,16,10,48,0,0,0,48
05/20/2021,GUM,GU,AWP,WE,Federal Contract Tower,22,0,5,2,29,0,0,20,0,20,22,0,25,2,49,0,4,4,53
05/21/2021,GUM,GU,AWP,WE,Federal Contract Tower,19,0,9,0,28,0,0,9,0,9,19,0,18,0,37,8,0,8,45
05/22/2021,GUM,GU,AWP,WE,Federal Contract Tower,20,0,2,0,22,0,0,3,0,3,20,0,5,0,25,4,0,4,29
05/23/2021,GUM,GU,AWP,WE,Federal Contract Tower,17,0,0,0,17,0,0,4,0,4,17,0,4,0,21,30,0,30,51
05/24/2021,GUM,GU,AWP,WE,Federal Contract Tower,20,0,9,7,36,0,2,11,3,16,20,2,20,10,52,8,0,8,60
05/25/2021,GUM,GU,AWP,WE,Federal Contract Tower,13,0,6,3,22,0,0,6,2,8,13,0,12,5,30,12,14,26,56
05/26/2021,GUM,GU,AWP,WE,Federal Contract Tower,19,0,4,12,35,0,0,11,3,14,19,0,15,15,49,0,0,0,49
05/27/2021,GUM,GU,AWP,WE,Federal Contract Tower,19,0,4,0,23,0,0,12,0,12,19,0,16,0,35,0,0,0,35
05/28/2021,GUM,GU,AWP,WE,Federal Contract Tower,19,0,7,6,32,0,0,11,0,11,19,0,18,6,43,18,0,18,61
05/29/2021,GUM,GU,AWP,WE,Federal Contract Tower,19,0,4,0,23,0,0,6,0,6,19,0,10,0,29,0,0,0,29
05/30/2021,GUM,GU,AWP,WE,Federal Contract Tower,19,0,0,0,19,0,0,2,0,2,19,0,2,0,21,4,0,4,25
05/31/2021,GUM,GU,AWP,WE,Federal Contract Tower,17,0,9,6,32,0,0,6,0,6,17,0,15,6,38,12,0,12,50
06/01/2021,GUM,GU,AWP,WE,Federal Contract Tower,9,0,5,4,18,0,0,9,0,9,9,0,14,4,27,0,0,0,27
06/02/2021,GUM,GU,AWP,WE,Federal Contract Tower,18,0,6,3,27,0,0,0,0,0,18,0,6,3,27,0,6,6,33
06/03/2021,GUM,GU,AWP,WE,Federal Contract Tower,14,0,9,4,27,0,0,30,22,52,14,0,39,26,79,44,0,44,123
06/04/2021,GUM,GU,AWP,WE,Federal Contract Tower,14,0,5,2,21,0,2,13,0,15,14,2,18,2,36,3,0,3,39
06/05/2021,GUM,GU,AWP,WE,Federal Contract Tower,20,0,4,0,24,0,0,4,0,4,20,0,8,0,28,14,0,14,42
06/06/2021,GUM,GU,AWP,WE,Federal Contract Tower,12,0,0,0,12,0,0,0,0,0,12,0,0,0,12,10,0,10,22
06/07/2021,GUM,GU,AWP,WE,Federal Contract Tower,17,0,10,0,27,0,0,8,2,10,17,0,18,2,37,6,6,12,49
06/08/2021,GUM,GU,AWP,WE,Federal Contract Tower,12,0,5,3,20,0,0,7,0,7,12,0,12,3,27,6,0,6,33
06/09/2021,GUM,GU,AWP,WE,Federal Contract Tower,16,0,6,3,25,0,0,10,0,10,16,0,16,3,35,0,0,0,35
06/10/2021,GUM,GU,AWP,WE,Federal Contract Tower,20,0,4,10,34,0,0,14,3,17,20,0,18,13,51,2,0,2,53
06/11/2021,GUM,GU,AWP,WE,Federal Contract Tower,16,0,7,0,23,0,0,17,0,17,16,0,24,0,40,12,0,12,52
06/12/2021,GUM,GU,AWP,WE,Federal Contract Tower,25,0,5,0,30,0,0,9,0,9,25,0,14,0,39,2,0,2,41
06/13/2021,GUM,GU,AWP,WE,Federal Contract Tower,17,0,0,0,17,0,0,2,0,2,17,0,2,0,19,0,0,0,19
06/14/2021,GUM,GU,AWP,WE,Federal Contract Tower,17,0,8,0,25,0,0,10,0,10,17,0,18,0,35,10,0,10,45
06/15/2021,GUM,GU,AWP,WE,Federal Contract Tower,7,0,4,2,13,0,2,5,4,11,7,2,9,6,24,32,0,32,56
06/16/2021,GUM,GU,AWP,WE,Federal Contract Tower,14,0,8,4,26,0,4,8,0,12,14,4,16,4,38,34,0,34,72
06/17/2021,GUM,GU,AWP,WE,Federal Contract Tower,16,0,4,4,24,0,0,17,10,27,16,0,21,14,51,14,14,28,79
06/18/2021,GUM,GU,AWP,WE,Federal Contract Tower,17,0,8,0,25,0,0,11,0,11,17,0,19,0,36,2,0,2,38
06/19/2021,GUM,GU,AWP,WE,Federal Contract Tower,15,0,5,0,20,1,0,8,0,9,16,0,13,0,29,13,0,13,42
06/20/2021,GUM,GU,AWP,WE,Federal Contract Tower,13,0,2,0,15,0,0,0,0,0,13,0,2,0,15,20,0,20,35
06/21/2021,GUM,GU,AWP,WE,Federal Contract Tower,23,0,6,7,36,0,0,5,3,8,23,0,11,10,44,22,0,22,66
06/22/2021,GUM,GU,AWP,WE,Federal Contract Tower,12,0,8,1,21,0,0,1,0,1,12,0,9,1,22,0,4,4,26
06/23/2021,GUM,GU,AWP,WE,Federal Contract Tower,20,0,7,2,29,0,0,9,2,11,20,0,16,4,40,114,8,122,162
06/24/2021,GUM,GU,AWP,WE,Federal Contract Tower,19,0,3,0,22,0,0,26,2,28,19,0,29,2,50,142,2,144,194
06/25/2021,GUM,GU,AWP,WE,Federal Contract Tower,19,0,5,1,25,0,0,20,0,20,19,0,25,1,45,116,0,116,161
06/26/2021,GUM,GU,AWP,WE,Federal Contract Tower,20,0,13,0,33,0,0,0,0,0,20,0,13,0,33,134,0,134,167
06/27/2021,GUM,GU,AWP,WE,Federal Contract Tower,17,0,0,0,17,0,0,4,0,4,17,0,4,0,21,67,0,67,88
06/28/2021,GUM,GU,AWP,WE,Federal Contract Tower,24,0,13,8,45,0,0,8,0,8,24,0,21,8,53,80,0,80,133
06/29/2021,GUM,GU,AWP,WE,Federal Contract Tower,12,0,6,0,18,0,0,10,4,14,12,0,16,4,32,56,0,56,88
06/30/2021,GUM,GU,AWP,WE,Federal Contract Tower,22,0,3,0,25,0,0,26,1,27,22,0,29,1,52,6,0,6,58
07/01/2021,GUM,GU,AWP,WE,Federal Contract Tower,16,0,5,0,21,0,0,12,2,14,16,0,17,2,35,54,0,54,89
07/02/2021,GUM,GU,AWP,WE,Federal Contract Tower,17,0,7,0,24,0,0,7,0,7,17,0,14,0,31,8,0,8,39
07/03/2021,GUM,GU,AWP,WE,Federal Contract Tower,14,1,2,0,17,0,0,4,0,4,14,1,6,0,21,2,0,2,23
07/04/2021,GUM,GU,AWP,WE,Federal Contract Tower,15,0,0,0,15,0,0,4,0,4,15,0,4,0,19,0,0,0,19
07/05/2021,GUM,GU,AWP,WE,Federal Contract Tower,15,0,6,0,21,0,1,9,0,10,15,1,15,0,31,2,0,2,33
07/06/2021,GUM,GU,AWP,WE,Federal Contract Tower,9,0,9,1,19,0,0,33,1,34,9,0,42,2,53,0,0,0,53
07/07/2021,GUM,GU,AWP,WE,Federal Contract Tower,16,4,4,2,26,0,0,0,0,0,16,4,4,2,26,46,2,48,74
07/08/2021,GUM,GU,AWP,WE,Federal Contract Tower,13,0,4,2,19,0,2,14,4,20,13,2,18,6,39,14,0,14,53
07/09/2021,GUM,GU,AWP,WE,Federal Contract Tower,15,0,4,2,21,0,0,5,0,5,15,0,9,2,26,24,0,24,50
07/10/2021,GUM,GU,AWP,WE,Federal Contract Tower,20,0,4,0,24,0,0,2,0,2,20,0,6,0,26,0,0,0,26
07/11/2021,GUM,GU,AWP,WE,Federal Contract Tower,20,0,1,0,21,0,0,3,0,3,20,0,4,0,24,0,0,0,24
07/12/2021,GUM,GU,AWP,WE,Federal Contract Tower,23,0,10,1,34,0,0,8,6,14,23,0,18,7,48,0,0,0,48
07/13/2021,GUM,GU,AWP,WE,Federal Contract Tower,9,2,7,1,19,0,4,10,2,16,9,6,17,3,35,28,2,30,65
07/14/2021,GUM,GU,AWP,WE,Federal Contract Tower,17,0,9,2,28,0,2,8,3,13,17,2,17,5,41,70,2,72,113
07/15/2021,GUM,GU,AWP,WE,Federal Contract Tower,13,1,6,1,21,0,2,9,4,15,13,3,15,5,36,12,0,12,48
07/16/2021,GUM,GU,AWP,WE,Federal Contract Tower,15,0,5,0,20,0,0,10,0,10,15,0,15,0,30,50,0,50,80
07/17/2021,GUM,GU,AWP,WE,Federal Contract Tower,19,0,2,0,21,0,0,12,0,12,19,0,14,0,33,28,18,46,79
07/18/2021,GUM,GU,AWP,WE,Federal Contract Tower,17,0,0,1,18,0,0,0,4,4,17,0,0,5,22,27,36,63,85
07/19/2021,GUM,GU,AWP,WE,Federal Contract Tower,17,0,7,0,24,0,0,8,0,8,17,0,15,0,32,66,66,132,164
07/20/2021,GUM,GU,AWP,WE,Federal Contract Tower,10,1,6,0,17,0,0,6,0,6,10,1,12,0,23,36,20,56,79
07/21/2021,GUM,GU,AWP,WE,Federal Contract Tower,18,0,13,3,34,0,0,5,0,5,18,0,18,3,39,16,0,16,55
07/22/2021,GUM,GU,AWP,WE,Federal Contract Tower,15,0,2,0,17,0,0,12,0,12,15,0,14,0,29,0,18,18,47
07/23/2021,GUM,GU,AWP,WE,Federal Contract Tower,17,0,5,0,22,0,0,28,0,28,17,0,33,0,50,28,6,34,84
07/24/2021,GUM,GU,AWP,WE,Federal Contract Tower,29,0,5,2,36,0,0,2,0,2,29,0,7,2,38,0,0,0,38
07/25/2021,GUM,GU,AWP,WE,Federal Contract Tower,19,0,0,10,29,0,0,6,0,6,19,0,6,10,35,36,58,94,129
07/26/2021,GUM,GU,AWP,WE,Federal Contract Tower,22,1,9,3,35,0,4,10,2,16,22,5,19,5,51,6,0,6,57
07/28/2021,GUM,GU,AWP,WE,Federal Contract Tower,17,0,8,6,31,0,0,10,0,10,17,0,18,6,41,34,0,34,75
07/29/2021,GUM,GU,AWP,WE,Federal Contract Tower,16,0,7,9,32,0,0,12,10,22,16,0,19,19,54,5,0,5,59
07/30/2021,GUM,GU,AWP,WE,Federal Contract Tower,19,0,6,21,46,0,0,9,0,9,19,0,15,21,55,16,10,26,81
07/31/2021,GUM,GU,AWP,WE,Federal Contract Tower,20,0,2,1,23,0,0,4,0,4,20,0,6,1,27,0,0,0,27
08/01/2021,GUM,GU,AWP,WE,Federal Contract Tower,20,0,0,2,22,0,0,1,0,1,20,0,1,2,23,8,0,8,31
08/02/2021,GUM,GU,AWP,WE,Federal Contract Tower,23,0,9,1,33,0,0,2,4,6,23,0,11,5,39,16,16,32,71
08/03/2021,GUM,GU,AWP,WE,Federal Contract Tower,16,0,4,3,23,0,0,12,0,12,16,0,16,3,35,20,0,20,55
08/04/2021,GUM,GU,AWP,WE,Federal Contract Tower,18,0,6,4,28,0,0,13,0,13,18,0,19,4,41,16,10,26,67
08/05/2021,GUM,GU,AWP,WE,Federal Contract Tower,18,0,3,5,26,0,9,8,0,17,18,9,11,5,43,39,0,39,82
08/06/2021,GUM,GU,AWP,WE,Federal Contract Tower,34,0,5,0,39,0,1,3,0,4,34,1,8,0,43,26,0,26,69
08/07/2021,GUM,GU,AWP,WE,Federal Contract Tower,26,0,4,0,30,0,0,2,0,2,26,0,6,0,32,4,0,4,36
08/08/2021,GUM,GU,AWP,WE,Federal Contract Tower,22,0,1,1,24,0,0,9,0,9,22,0,10,1,33,22,0,22,55
08/09/2021,GUM,GU,AWP,WE,Federal Contract Tower,20,0,6,2,28,0,1,18,1,20,20,1,24,3,48,22,8,30,78
08/10/2021,GUM,GU,AWP,WE,Federal Contract Tower,16,0,8,2,26,0,0,16,6,22,16,0,24,8,48,0,4,4,52
08/11/2021,GUM,GU,AWP,WE,Federal Contract Tower,14,0,8,0,22,0,0,10,3,13,14,0,18,3,35,63,2,65,100
08/12/2021,GUM,GU,AWP,WE,Federal Contract Tower,15,0,3,3,21,0,1,8,1,10,15,1,11,4,31,10,0,10,41
08/13/2021,GUM,GU,AWP,WE,Federal Contract Tower,20,0,7,1,28,0,0,20,0,20,20,0,27,1,48,26,0,26,74
08/14/2021,GUM,GU,AWP,WE,Federal Contract Tower,21,0,7,1,29,0,0,14,0,14,21,0,21,1,43,24,0,24,67
08/15/2021,GUM,GU,AWP,WE,Federal Contract Tower,26,0,1,0,27,0,0,0,0,0,26,0,1,0,27,6,0,6,33
08/16/2021,GUM,GU,AWP,WE,Federal Contract Tower,23,0,4,4,31,0,0,2,0,2,23,0,6,4,33,0,0,0,33
08/17/2021,GUM,GU,AWP,WE,Federal Contract Tower,29,0,4,3,36,0,0,2,0,2,29,0,6,3,38,14,0,14,52
08/18/2021,GUM,GU,AWP,WE,Federal Contract Tower,26,0,12,0,38,0,0,4,0,4,26,0,16,0,42,10,0,10,52
08/19/2021,GUM,GU,AWP,WE,Federal Contract Tower,21,0,2,3,26,0,3,19,2,24,21,3,21,5,50,8,0,8,58
08/20/2021,GUM,GU,AWP,WE,Federal Contract Tower,24,0,5,1,30,0,0,16,0,16,24,0,21,1,46,38,0,38,84
08/21/2021,GUM,GU,AWP,WE,Federal Contract Tower,17,0,3,2,22,0,0,4,0,4,17,0,7,2,26,18,0,18,44
08/22/2021,GUM,GU,AWP,WE,Federal Contract Tower,20,0,2,1,23,0,0,0,1,1,20,0,2,2,24,10,0,10,34
08/23/2021,GUM,GU,AWP,WE,Federal Contract Tower,20,1,7,6,34,0,0,8,14,22,20,1,15,20,56,20,0,20,76
08/24/2021,GUM,GU,AWP,WE,Federal Contract Tower,18,0,6,1,25,0,0,5,0,5,18,0,11,1,30,12,12,24,54
08/25/2021,GUM,GU,AWP,WE,Federal Contract Tower,19,2,3,5,29,0,2,21,0,23,19,4,24,5,52,14,46,60,112
08/26/2021,GUM,GU,AWP,WE,Federal Contract Tower,15,2,7,1,25,0,4,3,0,7,15,6,10,1,32,36,0,36,68
08/27/2021,GUM,GU,AWP,WE,Federal Contract Tower,19,0,5,0,24,0,1,17,0,18,19,1,22,0,42,40,0,40,82
08/28/2021,GUM,GU,AWP,WE,Federal Contract Tower,17,2,0,0,19,0,0,6,0,6,17,2,6,0,25,16,0,16,41
08/29/2021,GUM,GU,AWP,WE,Federal Contract Tower,18,2,0,0,20,0,0,4,0,4,18,2,4,0,24,8,0,8,32
08/30/2021,GUM,GU,AWP,WE,Federal Contract Tower,23,1,9,8,41,0,0,5,0,5,23,1,14,8,46,0,0,0,46
08/31/2021,GUM,GU,AWP,WE,Federal Contract Tower,22,0,6,0,28,0,0,5,0,5,22,0,11,0,33,60,6,66,99
09/01/2021,GUM,GU,AWP,WE,Federal Contract Tower,18,1,6,1,26,0,0,10,0,10,18,1,16,1,36,102,0,102,138
09/02/2021,GUM,GU,AWP,WE,Federal Contract Tower,14,0,6,1,21,0,2,12,3,17,14,2,18,4,38,50,0,50,88
09/03/2021,GUM,GU,AWP,WE,Federal Contract Tower,18,0,14,0,32,0,0,16,0,16,18,0,30,0,48,108,0,108,156
09/04/2021,GUM,GU,AWP,WE,Federal Contract Tower,30,0,9,0,39,0,0,5,0,5,30,0,14,0,44,26,0,26,70
09/05/2021,GUM,GU,AWP,WE,Federal Contract Tower,19,0,4,0,23,0,0,0,0,0,19,0,4,0,23,64,0,64,87
09/06/2021,GUM,GU,AWP,WE,Federal Contract Tower,23,0,9,0,32,0,0,9,0,9,23,0,18,0,41,48,0,48,89
09/07/2021,GUM,GU,AWP,WE,Federal Contract Tower,14,0,11,0,25,0,1,4,0,5,14,1,15,0,30,68,0,68,98
09/08/2021,GUM,GU,AWP,WE,Federal Contract Tower,14,0,12,0,26,0,0,11,0,11,14,0,23,0,37,0,0,0,37
09/09/2021,GUM,GU,AWP,WE,Federal Contract Tower,12,0,12,4,28,0,0,21,0,21,12,0,33,4,49,16,0,16,65
09/10/2021,GUM,GU,AWP,WE,Federal Contract Tower,27,0,11,0,38,0,0,13,2,15,27,0,24,2,53,22,0,22,75
09/11/2021,GUM,GU,AWP,WE,Federal Contract Tower,20,0,2,0,22,0,0,10,0,10,20,0,12,0,32,20,0,20,52
09/12/2021,GUM,GU,AWP,WE,Federal Contract Tower,17,0,5,0,22,0,0,8,0,8,17,0,13,0,30,35,0,35,65
09/13/2021,GUM,GU,AWP,WE,Federal Contract Tower,16,0,11,1,28,0,0,7,0,7,16,0,18,1,35,0,0,0,35
09/14/2021,GUM,GU,AWP,WE,Federal Contract Tower,17,0,9,0,26,0,0,12,2,14,17,0,21,2,40,28,25,53,93
09/15/2021,GUM,GU,AWP,WE,Federal Contract Tower,16,0,11,0,27,0,2,5,3,10,16,2,16,3,37,18,10,28,65
09/16/2021,GUM,GU,AWP,WE,Federal Contract Tower,16,0,7,0,23,0,0,13,0,13,16,0,20,0,36,40,0,40,76
09/17/2021,GUM,GU,AWP,WE,Federal Contract Tower,22,0,4,1,27,0,0,7,0,7,22,0,11,1,34,26,0,26,60
09/18/2021,GUM,GU,AWP,WE,Federal Contract Tower,21,0,6,0,27,0,0,16,0,16,21,0,22,0,43,44,0,44,87
09/19/2021,GUM,GU,AWP,WE,Federal Contract Tower,18,0,2,0,20,0,0,0,0,0,18,0,2,0,20,4,0,4,24
09/20/2021,GUM,GU,AWP,WE,Federal Contract Tower,22,0,8,0,30,0,3,14,4,21,22,3,22,4,51,8,0,8,59
09/21/2021,GUM,GU,AWP,WE,Federal Contract Tower,24,0,15,0,39,0,2,5,5,12,24,2,20,5,51,29,14,43,94
09/22/2021,GUM,GU,AWP,WE,Federal Contract Tower,16,0,11,0,27,0,0,9,0,9,16,0,20,0,36,12,0,12,48
09/23/2021,GUM,GU,AWP,WE,Federal Contract Tower,8,0,9,0,17,0,0,2,0,2,8,0,11,0,19,6,0,6,25
09/24/2021,GUM,GU,AWP,WE,Federal Contract Tower,21,0,9,0,30,0,0,2,0,2,21,0,11,0,32,0,0,0,32
09/25/2021,GUM,GU,AWP,WE,Federal Contract Tower,14,0,6,0,20,0,0,6,0,6,14,0,12,0,26,10,0,10,36
09/26/2021,GUM,GU,AWP,WE,Federal Contract Tower,16,0,2,0,18,0,0,2,0,2,16,0,4,0,20,36,0,36,56
09/27/2021,GUM,GU,AWP,WE,Federal Contract Tower,23,0,34,0,57,0,4,7,0,11,23,4,41,0,68,34,0,34,102
09/28/2021,GUM,GU,AWP,WE,Federal Contract Tower,13,0,10,1,24,0,5,8,4,17,13,5,18,5,41,30,0,30,71
09/29/2021,GUM,GU,AWP,WE,Federal Contract Tower,16,0,18,0,34,0,0,17,0,17,16,0,35,0,51,48,6,54,105
09/30/2021,GUM,GU,AWP,WE,Federal Contract Tower,15,0,6,1,22,0,4,11,8,23,15,4,17,9,45,2,0,2,47
10/01/2021,GUM,GU,AWP,WE,Federal Contract Tower,23,0,9,0,32,0,0,11,0,11,23,0,20,0,43,50,0,50,93
10/02/2021,GUM,GU,AWP,WE,Federal Contract Tower,19,0,1,0,20,0,0,0,0,0,19,0,1,0,20,66,0,66,86
10/03/2021,GUM,GU,AWP,WE,Federal Contract Tower,18,0,1,0,19,0,0,0,0,0,18,0,1,0,19,0,0,0,19
10/04/2021,GUM,GU,AWP,WE,Federal Contract Tower,21,0,10,0,31,0,1,3,1,5,21,1,13,1,36,0,0,0,36
10/05/2021,GUM,GU,AWP,WE,Federal Contract Tower,14,0,8,0,22,0,2,2,2,6,14,2,10,2,28,40,0,40,68
10/06/2021,GUM,GU,AWP,WE,Federal Contract Tower,20,0,7,0,27,0,2,13,0,15,20,2,20,0,42,16,0,16,58
10/07/2021,GUM,GU,AWP,WE,Federal Contract Tower,15,0,8,0,23,0,0,2,0,2,15,0,10,0,25,16,0,16,41
10/08/2021,GUM,GU,AWP,WE,Federal Contract Tower,21,1,16,1,39,0,0,2,0,2,21,1,18,1,41,43,0,43,84
10/09/2021,GUM,GU,AWP,WE,Federal Contract Tower,16,2,3,0,21,0,0,1,0,1,16,2,4,0,22,10,0,10,32
10/10/2021,GUM,GU,AWP,WE,Federal Contract Tower,18,0,0,0,18,0,0,1,0,1,18,0,1,0,19,38,0,38,57
10/11/2021,GUM,GU,AWP,WE,Federal Contract Tower,23,0,14,0,37,0,6,4,0,10,23,6,18,0,47,8,0,8,55
10/12/2021,GUM,GU,AWP,WE,Federal Contract Tower,19,0,19,1,39,0,4,2,2,8,19,4,21,3,47,65,12,77,124
10/13/2021,GUM,GU,AWP,WE,Federal Contract Tower,21,0,15,1,37,0,0,13,0,13,21,0,28,1,50,58,0,58,108
10/15/2021,GUM,GU,AWP,WE,Federal Contract Tower,25,0,9,0,34,0,2,11,0,13,25,2,20,0,47,124,0,124,171
10/16/2021,GUM,GU,AWP,WE,Federal Contract Tower,30,0,7,0,37,0,0,8,0,8,30,0,15,0,45,54,0,54,99
10/17/2021,GUM,GU,AWP,WE,Federal Contract Tower,21,0,0,0,21,0,0,2,0,2,21,0,2,0,23,56,0,56,79
10/18/2021,GUM,GU,AWP,WE,Federal Contract Tower,23,0,6,0,29,0,2,3,0,5,23,2,9,0,34,82,0,82,116
10/19/2021,GUM,GU,AWP,WE,Federal Contract Tower,21,1,11,2,35,0,0,0,0,0,21,1,11,2,35,22,0,22,57
10/20/2021,GUM,GU,AWP,WE,Federal Contract Tower,21,0,12,7,40,0,0,6,2,8,21,0,18,9,48,22,0,22,70
10/21/2021,GUM,GU,AWP,WE,Federal Contract Tower,18,0,6,0,24,0,0,12,0,12,18,0,18,0,36,2,0,2,38
10/22/2021,GUM,GU,AWP,WE,Federal Contract Tower,19,0,20,2,41,0,0,0,0,0,19,0,20,2,41,23,0,23,64
10/23/2021,GUM,GU,AWP,WE,Federal Contract Tower,17,0,6,0,23,0,0,0,0,0,17,0,6,0,23,16,0,16,39
10/24/2021,GUM,GU,AWP,WE,Federal Contract Tower,19,0,0,0,19,0,0,0,0,0,19,0,0,0,19,0,0,0,19
10/25/2021,GUM,GU,AWP,WE,Federal Contract Tower,17,0,10,0,27,0,6,13,2,21,17,6,23,2,48,6,0,6,54
10/26/2021,GUM,GU,AWP,WE,Federal Contract Tower,16,0,17,0,33,0,7,9,3,19,16,7,26,3,52,24,0,24,76
10/27/2021,GUM,GU,AWP,WE,Federal Contract Tower,19,0,9,1,29,0,0,24,3,27,19,0,33,4,56,28,0,28,84
10/28/2021,GUM,GU,AWP,WE,Federal Contract Tower,16,1,12,1,30,0,0,21,0,21,16,1,33,1,51,14,0,14,65
10/29/2021,GUM,GU,AWP,WE,Federal Contract Tower,20,0,16,2,38,0,0,5,0,5,20,0,21,2,43,22,0,22,65
10/30/2021,GUM,GU,AWP,WE,Federal Contract Tower,17,0,2,0,19,0,0,0,0,0,17,0,2,0,19,36,0,36,55
10/31/2021,GUM,GU,AWP,WE,Federal Contract Tower,17,0,0,0,17,0,0,0,0,0,17,0,0,0,17,20,0,20,37
11/01/2021,GUM,GU,AWP,WE,Federal Contract Tower,20,0,12,0,32,0,2,11,0,13,20,2,23,0,45,0,0,0,45
11/02/2021,GUM,GU,AWP,WE,Federal Contract Tower,13,0,12,0,25,0,4,8,1,13,13,4,20,1,38,46,4,50,88
11/03/2021,GUM,GU,AWP,WE,Federal Contract Tower,19,0,11,6,36,0,0,13,0,13,19,0,24,6,49,20,0,20,69
11/04/2021,GUM,GU,AWP,WE,Federal Contract Tower,17,0,6,2,25,0,0,22,0,22,17,0,28,2,47,34,0,34,81
11/05/2021,GUM,GU,AWP,WE,Federal Contract Tower,22,0,11,0,33,0,0,6,0,6,22,0,17,0,39,40,0,40,79
11/06/2021,GUM,GU,AWP,WE,Federal Contract Tower,18,0,4,1,23,0,0,8,0,8,18,0,12,1,31,52,0,52,83
11/07/2021,GUM,GU,AWP,WE,Federal Contract Tower,19,1,0,0,20,0,0,2,0,2,19,1,2,0,22,58,0,58,80
11/08/2021,GUM,GU,AWP,WE,Federal Contract Tower,21,0,10,2,33,0,0,9,0,9,21,0,19,2,42,12,0,12,54
11/09/2021,GUM,GU,AWP,WE,Federal Contract Tower,18,0,8,2,28,0,4,8,0,12,18,4,16,2,40,44,0,44,84
11/10/2021,GUM,GU,AWP,WE,Federal Contract Tower,24,0,7,0,31,0,3,21,2,26,24,3,28,2,57,54,0,54,111
11/11/2021,GUM,GU,AWP,WE,Federal Contract Tower,23,0,6,1,30,0,0,12,0,12,23,0,18,1,42,34,0,34,76
11/12/2021,GUM,GU,AWP,WE,Federal Contract Tower,22,0,9,0,31,0,0,20,0,20,22,0,29,0,51,68,0,68,119
11/13/2021,GUM,GU,AWP,WE,Federal Contract Tower,22,0,2,0,24,0,0,3,0,3,22,0,5,0,27,32,0,32,59
11/14/2021,GUM,GU,AWP,WE,Federal Contract Tower,22,0,7,0,29,0,0,6,0,6,22,0,13,0,35,66,0,66,101
11/15/2021,GUM,GU,AWP,WE,Federal Contract Tower,25,0,12,2,39,0,0,4,0,4,25,0,16,2,43,56,0,56,99
11/16/2021,GUM,GU,AWP,WE,Federal Contract Tower,18,0,12,2,32,0,0,4,0,4,18,0,16,2,36,28,0,28,64
11/17/2021,GUM,GU,AWP,WE,Federal Contract Tower,20,0,10,2,32,0,0,6,14,20,20,0,16,16,52,24,0,24,76
11/18/2021,GUM,GU,AWP,WE,Federal Contract Tower,15,0,9,0,24,0,0,17,4,21,15,0,26,4,45,60,14,74,119
11/19/2021,GUM,GU,AWP,WE,Federal Contract Tower,24,0,9,1,34,0,0,25,0,25,24,0,34,1,59,52,0,52,111
11/21/2021,GUM,GU,AWP,WE,Federal Contract Tower,17,0,1,2,20,0,0,6,0,6,17,0,7,2,26,83,0,83,109
11/22/2021,GUM,GU,AWP,WE,Federal Contract Tower,19,0,11,21,51,0,0,24,0,24,19,0,35,21,75,52,13,65,140
11/23/2021,GUM,GU,AWP,WE,Federal Contract Tower,18,0,9,1,28,0,5,23,1,29,18,5,32,2,57,24,0,24,81
11/25/2021,GUM,GU,AWP,WE,Federal Contract Tower,24,0,13,0,37,0,0,0,0,0,24,0,13,0,37,8,0,8,45
11/26/2021,GUM,GU,AWP,WE,Federal Contract Tower,29,0,11,0,40,0,0,29,0,29,29,0,40,0,69,38,0,38,107
11/27/2021,GUM,GU,AWP,WE,Federal Contract Tower,23,0,10,0,33,0,0,15,0,15,23,0,25,0,48,68,0,68,116
11/28/2021,GUM,GU,AWP,WE,Federal Contract Tower,21,0,6,0,27,0,0,0,0,0,21,0,6,0,27,50,0,50,77
11/29/2021,GUM,GU,AWP,WE,Federal Contract Tower,21,0,12,0,33,0,0,0,0,0,21,0,12,0,33,0,0,0,33
11/30/2021,GUM,GU,AWP,WE,Federal Contract Tower,14,0,17,0,31,0,0,8,0,8,14,0,25,0,39,65,0,65,104
12/01/2021,GUM,GU,AWP,WE,Federal Contract Tower,22,0,12,3,37,0,0,8,7,15,22,0,20,10,52,45,6,51,103
12/02/2021,GUM,GU,AWP,WE,Federal Contract Tower,20,0,9,0,29,0,0,33,4,37,20,0,42,4,66,139,0,139,205
12/03/2021,GUM,GU,AWP,WE,Federal Contract Tower,29,0,10,1,40,0,0,33,0,33,29,0,43,1,73,96,0,96,169
12/04/2021,GUM,GU,AWP,WE,Federal Contract Tower,22,0,11,1,34,0,0,15,0,15,22,0,26,1,49,82,0,82,131
12/05/2021,GUM,GU,AWP,WE,Federal Contract Tower,23,0,6,0,29,0,0,6,6,12,23,0,12,6,41,126,0,126,167
12/06/2021,GUM,GU,AWP,WE,Federal Contract Tower,27,0,16,0,43,0,0,13,4,17,27,0,29,4,60,66,0,66,126
12/07/2021,GUM,GU,AWP,WE,Federal Contract Tower,16,0,18,0,34,0,0,5,2,7,16,0,23,2,41,14,0,14,55
12/08/2021,GUM,GU,AWP,WE,Federal Contract Tower,20,0,21,0,41,0,0,11,11,22,20,0,32,11,63,75,0,75,138
12/09/2021,GUM,GU,AWP,WE,Federal Contract Tower,11,0,12,4,27,0,0,12,3,15,11,0,24,7,42,48,10,58,100
12/10/2021,GUM,GU,AWP,WE,Federal Contract Tower,17,0,15,0,32,0,0,20,0,20,17,0,35,0,52,80,0,80,132
12/11/2021,GUM,GU,AWP,WE,Federal Contract Tower,21,0,16,0,37,0,0,0,2,2,21,0,16,2,39,28,0,28,67
12/12/2021,GUM,GU,AWP,WE,Federal Contract Tower,16,0,2,0,18,0,0,6,0,6,16,0,8,0,24,41,0,41,65
12/13/2021,GUM,GU,AWP,WE,Federal Contract Tower,26,1,10,1,38,0,0,10,0,10,26,1,20,1,48,6,0,6,54
12/14/2021,GUM,GU,AWP,WE,Federal Contract Tower,16,0,15,0,31,0,0,8,0,8,16,0,23,0,39,12,0,12,51
12/15/2021,GUM,GU,AWP,WE,Federal Contract Tower,22,0,11,1,34,0,2,14,0,16,22,2,25,1,50,10,0,10,60
12/16/2021,GUM,GU,AWP,WE,Federal Contract Tower,16,0,9,0,25,0,2,13,0,15,16,2,22,0,40,16,0,16,56
12/17/2021,GUM,GU,AWP,WE,Federal Contract Tower,19,0,10,0,29,0,0,12,0,12,19,0,22,0,41,32,2,34,75
12/18/2021,GUM,GU,AWP,WE,Federal Contract Tower,19,0,6,0,25,0,0,14,0,14,19,0,20,0,39,34,0,34,73
12/19/2021,GUM,GU,AWP,WE,Federal Contract Tower,22,0,0,1,23,0,0,2,0,2,22,0,2,1,25,40,0,40,65
12/20/2021,GUM,GU,AWP,WE,Federal Contract Tower,21,0,10,5,36,0,1,14,0,15,21,1,24,5,51,28,6,34,85
12/21/2021,GUM,GU,AWP,WE,Federal Contract Tower,16,0,12,2,30,0,8,13,0,21,16,8,25,2,51,20,0,20,71
12/22/2021,GUM,GU,AWP,WE,Federal Contract Tower,21,0,7,4,32,0,6,19,0,25,21,6,26,4,57,30,0,30,87
12/23/2021,GUM,GU,AWP,WE,Federal Contract Tower,18,0,7,4,29,0,0,21,4,25,18,0,28,8,54,24,0,24,78
12/24/2021,GUM,GU,AWP,WE,Federal Contract Tower,23,0,9,0,32,0,0,8,0,8,23,0,17,0,40,15,0,15,55
12/25/2021,GUM,GU,AWP,WE,Federal Contract Tower,19,0,1,0,20,0,4,0,1,5,19,4,1,1,25,0,0,0,25
12/26/2021,GUM,GU,AWP,WE,Federal Contract Tower,16,0,1,0,17,0,0,0,0,0,16,0,1,0,17,44,0,44,61
12/27/2021,GUM,GU,AWP,WE,Federal Contract Tower,19,0,16,0,35,0,0,10,0,10,19,0,26,0,45,30,0,30,75
12/28/2021,GUM,GU,AWP,WE,Federal Contract Tower,14,0,8,1,23,0,4,13,0,17,14,4,21,1,40,20,0,20,60
12/29/2021,GUM,GU,AWP,WE,Federal Contract Tower,21,0,5,0,26,0,0,10,0,10,21,0,15,0,36,34,0,34,70
12/30/2021,GUM,GU,AWP,WE,Federal Contract Tower,15,0,5,0,20,0,0,36,0,36,15,0,41,0,56,77,0,77,133
12/31/2021,GUM,GU,AWP,WE,Federal Contract Tower,16,0,3,0,19,0,0,11,0,11,16,0,14,0,30,44,0,44,74
01/01/2022,GUM,GU,AWP,WE,Federal Contract Tower,14,0,3,0,17,0,0,9,2,11,14,0,12,2,28,38,0,38,66
01/02/2022,GUM,GU,AWP,WE,Federal Contract Tower,15,0,0,0,15,0,0,0,0,0,15,0,0,0,15,24,0,24,39
01/03/2022,GUM,GU,AWP,WE,Federal Contract Tower,21,0,18,0,39,0,2,2,0,4,21,2,20,0,43,24,0,24,67
01/04/2022,GUM,GU,AWP,WE,Federal Contract Tower,13,0,7,5,25,0,2,4,0,6,13,2,11,5,31,8,0,8,39
01/05/2022,GUM,GU,AWP,WE,Federal Contract Tower,19,2,8,0,29,0,2,2,0,4,19,4,10,0,33,2,0,2,35
01/06/2022,GUM,GU,AWP,WE,Federal Contract Tower,14,0,6,0,20,0,0,18,0,18,14,0,24,0,38,28,0,28,66
01/07/2022,GUM,GU,AWP,WE,Federal Contract Tower,22,0,6,0,28,0,0,0,0,0,22,0,6,0,28,0,0,0,28
01/08/2022,GUM,GU,AWP,WE,Federal Contract Tower,22,0,4,0,26,0,0,15,0,15,22,0,19,0,41,26,0,26,67
01/09/2022,GUM,GU,AWP,WE,Federal Contract Tower,21,0,0,0,21,0,0,6,0,6,21,0,6,0,27,4,0,4,31
01/10/2022,GUM,GU,AWP,WE,Federal Contract Tower,16,0,12,0,28,0,2,15,0,17,16,2,27,0,45,48,0,48,93
01/11/2022,GUM,GU,AWP,WE,Federal Contract Tower,22,0,4,0,26,0,0,14,0,14,22,0,18,0,40,26,10,36,76
01/12/2022,GUM,GU,AWP,WE,Federal Contract Tower,23,0,4,0,27,0,2,15,0,17,23,2,19,0,44,24,0,24,68
01/13/2022,GUM,GU,AWP,WE,Federal Contract Tower,21,0,6,0,27,0,0,15,2,17,21,0,21,2,44,16,0,16,60
01/14/2022,GUM,GU,AWP,WE,Federal Contract Tower,15,1,7,0,23,0,0,15,0,15,15,1,22,0,38,90,0,90,128
01/15/2022,GUM,GU,AWP,WE,Federal Contract Tower,19,0,10,0,29,0,0,8,2,10,19,0,18,2,39,92,0,92,131
01/16/2022,GUM,GU,AWP,WE,Federal Contract Tower,45,0,3,0,48,0,0,0,0,0,45,0,3,0,48,0,0,0,48
01/17/2022,GUM,GU,AWP,WE,Federal Contract Tower,21,0,19,0,40,0,1,1,0,2,21,1,20,0,42,68,0,68,110
01/18/2022,GUM,GU,AWP,WE,Federal Contract Tower,20,0,11,6,37,0,4,2,0,6,20,4,13,6,43,98,4,102,145
01/19/2022,GUM,GU,AWP,WE,Federal Contract Tower,50,1,12,0,63,0,2,4,0,6,50,3,16,0,69,14,0,14,83
01/20/2022,GUM,GU,AWP,WE,Federal Contract Tower,20,0,7,0,27,0,0,6,0,6,20,0,13,0,33,42,0,42,75
01/21/2022,GUM,GU,AWP,WE,Federal Contract Tower,18,1,10,12,41,0,0,4,0,4,18,1,14,12,45,0,0,0,45
01/22/2022,GUM,GU,AWP,WE,Federal Contract Tower,21,0,11,1,33,0,0,0,0,0,21,0,11,1,33,0,0,0,33
01/23/2022,GUM,GU,AWP,WE,Federal Contract Tower,15,0,0,4,19,0,0,0,0,0,15,0,0,4,19,16,0,16,35
01/24/2022,GUM,GU,AWP,WE,Federal Contract Tower,19,0,8,3,30,0,0,17,2,19,19,0,25,5,49,82,0,82,131
01/25/2022,GUM,GU,AWP,WE,Federal Contract Tower,15,0,5,3,23,0,2,21,0,23,15,2,26,3,46,31,27,58,104
01/26/2022,GUM,GU,AWP,WE,Federal Contract Tower,17,0,4,1,22,0,4,22,2,28,17,4,26,3,50,28,34,62,112
01/27/2022,GUM,GU,AWP,WE,Federal Contract Tower,20,0,11,3,34,0,2,22,0,24,20,2,33,3,58,62,0,62,120
01/28/2022,GUM,GU,AWP,WE,Federal Contract Tower,14,0,7,2,23,0,0,13,0,13,14,0,20,2,36,36,0,36,72
01/29/2022,GUM,GU,AWP,WE,Federal Contract Tower,19,0,3,0,22,0,0,20,0,20,19,0,23,0,42,24,0,24,66
01/30/2022,GUM,GU,AWP,WE,Federal Contract Tower,22,0,0,1,23,0,0,14,0,14,22,0,14,1,37,62,0,62,99
01/31/2022,GUM,GU,AWP,WE,Federal Contract Tower,24,0,4,2,30,0,0,19,6,25,24,0,23,8,55,12,12,24,79
02/01/2022,GUM,GU,AWP,WE,Federal Contract Tower,16,0,1,2,19,0,2,14,0,16,16,2,15,2,35,18,6,24,59
02/02/2022,GUM,GU,AWP,WE,Federal Contract Tower,18,2,2,0,22,0,2,10,0,12,18,4,12,0,34,0,0,0,34
02/03/2022,GUM,GU,AWP,WE,Federal Contract Tower,17,0,2,0,19,0,0,5,0,5,17,0,7,0,24,9,0,9,33
02/04/2022,GUM,GU,AWP,WE,Federal Contract Tower,16,0,4,0,20,0,0,21,0,21,16,0,25,0,41,32,0,32,73
02/05/2022,GUM,GU,AWP,WE,Federal Contract Tower,17,0,2,1,20,0,0,0,0,0,17,0,2,1,20,26,0,26,46
02/06/2022,GUM,GU,AWP,WE,Federal Contract Tower,21,0,2,0,23,0,0,14,0,14,21,0,16,0,37,40,0,40,77
02/07/2022,GUM,GU,AWP,WE,Federal Contract Tower,21,0,3,2,26,0,0,13,0,13,21,0,16,2,39,28,0,28,67
02/08/2022,GUM,GU,AWP,WE,Federal Contract Tower,12,0,3,7,22,0,6,8,0,14,12,6,11,7,36,21,0,21,57
02/09/2022,GUM,GU,AWP,WE,Federal Contract Tower,15,0,5,4,24,0,4,12,2,18,15,4,17,6,42,30,0,30,72
02/10/2022,GUM,GU,AWP,WE,Federal Contract Tower,17,0,3,14,34,0,0,8,17,25,17,0,11,31,59,36,0,36,95
02/11/2022,GUM,GU,AWP,WE,Federal Contract Tower,23,0,3,2,28,0,0,16,0,16,23,0,19,2,44,34,0,34,78
02/12/2022,GUM,GU,AWP,WE,Federal Contract Tower,19,0,2,1,22,0,0,29,0,29,19,0,31,1,51,42,0,42,93
02/13/2022,GUM,GU,AWP,WE,Federal Contract Tower,16,0,1,1,18,0,0,12,1,13,16,0,13,2,31,16,0,16,47
02/14/2022,GUM,GU,AWP,WE,Federal Contract Tower,19,1,2,0,22,0,0,11,0,11,19,1,13,0,33,18,0,18,51
02/15/2022,GUM,GU,AWP,WE,Federal Contract Tower,14,0,5,6,25,0,6,10,6,22,14,6,15,12,47,36,10,46,93
02/16/2022,GUM,GU,AWP,WE,Federal Contract Tower,19,0,7,4,30,0,2,19,4,25,19,2,26,8,55,61,0,61,116
02/17/2022,GUM,GU,AWP,WE,Federal Contract Tower,28,0,3,3,34,0,4,16,7,27,28,4,19,10,61,96,0,96,157
02/18/2022,GUM,GU,AWP,WE,Federal Contract Tower,30,0,8,0,38,0,0,20,0,20,30,0,28,0,58,46,0,46,104
02/19/2022,GUM,GU,AWP,WE,Federal Contract Tower,16,0,5,0,21,0,0,40,0,40,16,0,45,0,61,120,0,120,181
02/20/2022,GUM,GU,AWP,WE,Federal Contract Tower,17,0,0,0,17,0,0,0,0,0,17,0,0,0,17,154,0,154,171
02/21/2022,GUM,GU,AWP,WE,Federal Contract Tower,23,0,24,0,47,0,0,27,0,27,23,0,51,0,74,120,0,120,194
02/22/2022,GUM,GU,AWP,WE,Federal Contract Tower,22,0,6,1,29,0,4,13,1,18,22,4,19,2,47,91,0,91,138
02/23/2022,GUM,GU,AWP,WE,Federal Contract Tower,22,2,15,0,39,0,8,10,0,18,22,10,25,0,57,70,0,70,127
02/24/2022,GUM,GU,AWP,WE,Federal Contract Tower,16,0,5,4,25,0,0,23,6,29,16,0,28,10,54,26,0,26,80
02/25/2022,GUM,GU,AWP,WE,Federal Contract Tower,22,0,4,0,26,0,10,9,0,19,22,10,13,0,45,22,0,22,67
02/26/2022,GUM,GU,AWP,WE,Federal Contract Tower,25,0,2,0,27,0,0,7,0,7,25,0,9,0,34,4,0,4,38
02/27/2022,GUM,GU,AWP,WE,Federal Contract Tower,26,0,7,0,33,0,0,4,0,4,26,0,11,0,37,14,0,14,51
02/28/2022,GUM,GU,AWP,WE,Federal Contract Tower,22,0,5,0,27,0,2,12,0,14,22,2,17,0,41,56,0,56,97
03/01/2022,GUM,GU,AWP,WE,Federal Contract Tower,23,0,14,0,37,0,4,6,8,18,23,4,20,8,55,30,0,30,85
03/02/2022,GUM,GU,AWP,WE,Federal Contract Tower,20,0,6,1,27,0,0,11,5,16,20,0,17,6,43,91,0,91,134
03/03/2022,GUM,GU,AWP,WE,Federal Contract Tower,26,0,4,1,31,0,0,12,3,15,26,0,16,4,46,72,0,72,118
03/04/2022,GUM,GU,AWP,WE,Federal Contract Tower,19,0,9,0,28,2,2,5,2,11,21,2,14,2,39,120,0,120,159
03/05/2022,GUM,GU,AWP,WE,Federal Contract Tower,21,0,7,0,28,0,0,23,0,23,21,0,30,0,51,79,0,79,130
03/06/2022,GUM,GU,AWP,WE,Federal Contract Tower,18,0,0,2,20,0,0,24,8,32,18,0,24,10,52,30,0,30,82
03/07/2022,GUM,GU,AWP,WE,Federal Contract Tower,19,0,2,0,21,0,0,23,0,23,19,0,25,0,44,40,0,40,84
03/08/2022,GUM,GU,AWP,WE,Federal Contract Tower,11,0,6,1,18,0,4,10,3,17,11,4,16,4,35,54,0,54,89
03/09/2022,GUM,GU,AWP,WE,Federal Contract Tower,19,0,12,11,42,0,2,3,10,15,19,2,15,21,57,10,0,10,67
03/10/2022,GUM,GU,AWP,WE,Federal Contract Tower,16,0,9,0,25,0,2,27,3,32,16,2,36,3,57,116,0,116,173
03/11/2022,GUM,GU,AWP,WE,Federal Contract Tower,17,0,14,2,33,0,0,5,4,9,17,0,19,6,42,6,0,6,48
03/12/2022,GUM,GU,AWP,WE,Federal Contract Tower,23,0,6,4,33,0,0,20,0,20,23,0,26,4,53,14,0,14,67
03/13/2022,GUM,GU,AWP,WE,Federal Contract Tower,17,0,2,0,19,0,0,9,0,9,17,0,11,0,28,14,0,14,42
03/14/2022,GUM,GU,AWP,WE,Federal Contract Tower,22,0,10,3,35,0,8,15,0,23,22,8,25,3,58,24,0,24,82
03/15/2022,GUM,GU,AWP,WE,Federal Contract Tower,12,0,4,0,16,0,8,14,4,26,12,8,18,4,42,22,2,24,66
03/16/2022,GUM,GU,AWP,WE,Federal Contract Tower,17,0,3,6,26,0,0,6,6,12,17,0,9,12,38,12,0,12,50
03/17/2022,GUM,GU,AWP,WE,Federal Contract Tower,16,0,4,5,25,0,4,9,2,15,16,4,13,7,40,74,0,74,114
03/18/2022,GUM,GU,AWP,WE,Federal Contract Tower,20,0,7,0,27,0,0,17,0,17,20,0,24,0,44,6,0,6,50
03/19/2022,GUM,GU,AWP,WE,Federal Contract Tower,15,0,3,1,19,0,0,14,0,14,15,0,17,1,33,24,0,24,57
03/20/2022,GUM,GU,AWP,WE,Federal Contract Tower,18,2,2,0,22,0,0,18,0,18,18,2,20,0,40,24,0,24,64
03/21/2022,GUM,GU,AWP,WE,Federal Contract Tower,19,0,3,1,23,0,0,19,2,21,19,0,22,3,44,32,0,32,76
03/22/2022,GUM,GU,AWP,WE,Federal Contract Tower,15,2,1,10,28,0,0,10,6,16,15,2,11,16,44,14,0,14,58
03/23/2022,GUM,GU,AWP,WE,Federal Contract Tower,17,0,6,1,24,0,0,13,9,22,17,0,19,10,46,18,0,18,64
03/24/2022,GUM,GU,AWP,WE,Federal Contract Tower,16,0,3,4,23,0,2,12,2,16,16,2,15,6,39,1,0,1,40
03/25/2022,GUM,GU,AWP,WE,Federal Contract Tower,16,1,6,0,23,0,0,7,0,7,16,1,13,0,30,16,0,16,46
03/26/2022,GUM,GU,AWP,WE,Federal Contract Tower,17,0,4,0,21,0,0,18,19,37,17,0,22,19,58,10,0,10,68
03/27/2022,GUM,GU,AWP,WE,Federal Contract Tower,17,2,2,0,21,0,0,15,4,19,17,2,17,4,40,42,0,42,82
03/28/2022,GUM,GU,AWP,WE,Federal Contract Tower,21,0,6,0,27,0,0,16,0,16,21,0,22,0,43,34,0,34,77
03/29/2022,GUM,GU,AWP,WE,Federal Contract Tower,19,0,3,1,23,0,2,9,7,18,19,2,12,8,41,0,14,14,55
03/30/2022,GUM,GU,AWP,WE,Federal Contract Tower,18,0,5,1,24,0,0,10,0,10,18,0,15,1,34,42,0,42,76
03/31/2022,GUM,GU,AWP,WE,Federal Contract Tower,16,0,0,2,18,0,2,12,0,14,16,2,12,2,32,16,0,16,48
04/01/2022,GUM,GU,AWP,WE,Federal Contract Tower,18,0,3,0,21,0,0,7,0,7,18,0,10,0,28,0,0,0,28
04/02/2022,GUM,GU,AWP,WE,Federal Contract Tower,25,0,0,0,25,0,0,7,0,7,25,0,7,0,32,0,0,0,32
04/03/2022,GUM,GU,AWP,WE,Federal Contract Tower,19,0,0,0,19,0,0,27,0,27,19,0,27,0,46,111,0,111,157
04/04/2022,GUM,GU,AWP,WE,Federal Contract Tower,26,0,7,0,33,0,0,16,0,16,26,0,23,0,49,120,0,120,169
04/05/2022,GUM,GU,AWP,WE,Federal Contract Tower,17,0,2,1,20,0,0,19,0,19,17,0,21,1,39,127,0,127,166
04/06/2022,GUM,GU,AWP,WE,Federal Contract Tower,18,0,3,0,21,2,4,12,0,18,20,4,15,0,39,106,0,106,145
04/07/2022,GUM,GU,AWP,WE,Federal Contract Tower,22,2,2,3,29,0,1,17,6,24,22,3,19,9,53,46,0,46,99
04/08/2022,GUM,GU,AWP,WE,Federal Contract Tower,24,0,4,0,28,0,0,30,0,30,24,0,34,0,58,106,0,106,164
04/09/2022,GUM,GU,AWP,WE,Federal Contract Tower,32,0,6,0,38,0,0,0,0,0,32,0,6,0,38,12,0,12,50
04/10/2022,GUM,GU,AWP,WE,Federal Contract Tower,20,0,2,2,24,0,0,0,0,0,20,0,2,2,24,0,0,0,24
04/11/2022,GUM,GU,AWP,WE,Federal Contract Tower,29,0,15,0,44,0,0,2,0,2,29,0,17,0,46,0,0,0,46
04/12/2022,GUM,GU,AWP,WE,Federal Contract Tower,18,0,13,1,32,0,0,0,0,0,18,0,13,1,32,32,0,32,64
04/13/2022,GUM,GU,AWP,WE,Federal Contract Tower,20,0,9,2,31,0,9,13,1,23,20,9,22,3,54,66,0,66,120
04/14/2022,GUM,GU,AWP,WE,Federal Contract Tower,16,0,2,0,18,0,0,25,6,31,16,0,27,6,49,15,0,15,64
04/15/2022,GUM,GU,AWP,WE,Federal Contract Tower,21,0,6,1,28,0,0,24,0,24,21,0,30,1,52,16,0,16,68
04/16/2022,GUM,GU,AWP,WE,Federal Contract Tower,19,0,5,5,29,0,0,18,0,18,19,0,23,5,47,60,0,60,107
04/17/2022,GUM,GU,AWP,WE,Federal Contract Tower,24,0,4,0,28,0,0,18,0,18,24,0,22,0,46,34,0,34,80
04/18/2022,GUM,GU,AWP,WE,Federal Contract Tower,26,1,8,2,37,0,0,18,2,20,26,1,26,4,57,42,0,42,99
04/19/2022,GUM,GU,AWP,WE,Federal Contract Tower,14,0,8,8,30,0,0,14,0,14,14,0,22,8,44,12,2,14,58
04/20/2022,GUM,GU,AWP,WE,Federal Contract Tower,18,0,7,1,26,0,2,17,0,19,18,2,24,1,45,6,0,6,51
04/21/2022,GUM,GU,AWP,WE,Federal Contract Tower,17,0,3,1,21,0,0,23,0,23,17,0,26,1,44,0,12,12,56
04/22/2022,GUM,GU,AWP,WE,Federal Contract Tower,20,0,7,0,27,0,0,0,0,0,20,0,7,0,27,4,0,4,31
04/23/2022,GUM,GU,AWP,WE,Federal Contract Tower,19,0,0,1,20,0,0,12,0,12,19,0,12,1,32,0,0,0,32
04/24/2022,GUM,GU,AWP,WE,Federal Contract Tower,22,0,1,3,26,0,0,4,0,4,22,0,5,3,30,2,0,2,32
04/25/2022,GUM,GU,AWP,WE,Federal Contract Tower,18,6,10,4,38,0,3,1,0,4,18,9,11,4,42,10,0,10,52
04/26/2022,GUM,GU,AWP,WE,Federal Contract Tower,18,0,6,2,26,0,5,16,16,37,18,5,22,18,63,20,24,44,107
04/27/2022,GUM,GU,AWP,WE,Federal Contract Tower,23,0,2,8,33,0,0,19,4,23,23,0,21,12,56,38,0,38,94
04/28/2022,GUM,GU,AWP,WE,Federal Contract Tower,19,0,3,0,22,0,1,17,0,18,19,1,20,0,40,4,0,4,44
04/29/2022,GUM,GU,AWP,WE,Federal Contract Tower,17,0,0,1,18,0,1,18,0,19,17,1,18,1,37,4,0,4,41
04/30/2022,GUM,GU,AWP,WE,Federal Contract Tower,19,0,0,0,19,0,0,20,0,20,19,0,20,0,39,26,0,26,65
05/01/2022,GUM,GU,AWP,WE,Federal Contract Tower,23,0,0,0,23,0,0,12,0,12,23,0,12,0,35,10,0,10,45
05/02/2022,GUM,GU,AWP,WE,Federal Contract Tower,21,0,1,0,22,0,2,14,0,16,21,2,15,0,38,22,0,22,60
05/03/2022,GUM,GU,AWP,WE,Federal Contract Tower,22,1,2,0,25,0,0,13,6,19,22,1,15,6,44,12,0,12,56
05/04/2022,GUM,GU,AWP,WE,Federal Contract Tower,21,1,0,0,22,0,2,15,0,17,21,3,15,0,39,0,0,0,39
05/05/2022,GUM,GU,AWP,WE,Federal Contract Tower,18,0,1,1,20,0,0,20,1,21,18,0,21,2,41,8,4,12,53
05/06/2022,GUM,GU,AWP,WE,Federal Contract Tower,16,0,5,1,22,0,0,21,0,21,16,0,26,1,43,22,0,22,65
05/07/2022,GUM,GU,AWP,WE,Federal Contract Tower,26,0,6,2,34,0,0,18,4,22,26,0,24,6,56,20,0,20,76
05/08/2022,GUM,GU,AWP,WE,Federal Contract Tower,27,0,2,2,31,0,0,4,0,4,27,0,6,2,35,4,0,4,39
05/09/2022,GUM,GU,AWP,WE,Federal Contract Tower,19,0,6,2,27,0,0,11,0,11,19,0,17,2,38,0,0,0,38
05/10/2022,GUM,GU,AWP,WE,Federal Contract Tower,19,0,3,0,22,0,0,12,2,14,19,0,15,2,36,0,0,0,36
05/11/2022,GUM,GU,AWP,WE,Federal Contract Tower,29,0,1,0,30,0,2,9,0,11,29,2,10,0,41,2,0,2,43
05/12/2022,GUM,GU,AWP,WE,Federal Contract Tower,21,0,2,1,24,0,0,14,0,14,21,0,16,1,38,0,0,0,38
05/13/2022,GUM,GU,AWP,WE,Federal Contract Tower,18,0,4,0,22,0,0,17,0,17,18,0,21,0,39,0,0,0,39
05/14/2022,GUM,GU,AWP,WE,Federal Contract Tower,31,0,4,1,36,0,0,12,0,12,31,0,16,1,48,0,0,0,48
05/15/2022,GUM,GU,AWP,WE,Federal Contract Tower,28,0,0,1,29,0,0,8,0,8,28,0,8,1,37,0,0,0,37
05/16/2022,GUM,GU,AWP,WE,Federal Contract Tower,17,0,8,0,25,0,1,10,0,11,17,1,18,0,36,12,0,12,48
05/17/2022,GUM,GU,AWP,WE,Federal Contract Tower,18,0,1,0,19,0,0,15,0,15,18,0,16,0,34,0,0,0,34
05/18/2022,GUM,GU,AWP,WE,Federal Contract Tower,27,0,1,0,28,0,0,9,0,9,27,0,10,0,37,0,0,0,37
05/19/2022,GUM,GU,AWP,WE,Federal Contract Tower,17,0,3,0,20,0,0,6,8,14,17,0,9,8,34,0,0,0,34
05/20/2022,GUM,GU,AWP,WE,Federal Contract Tower,17,1,1,0,19,0,1,20,0,21,17,2,21,0,40,0,0,0,40
05/21/2022,GUM,GU,AWP,WE,Federal Contract Tower,33,0,1,0,34,0,0,13,0,13,33,0,14,0,47,32,0,32,79
05/22/2022,GUM,GU,AWP,WE,Federal Contract Tower,30,0,0,1,31,0,0,20,0,20,30,0,20,1,51,36,0,36,87
05/23/2022,GUM,GU,AWP,WE,Federal Contract Tower,16,0,2,1,19,0,2,24,0,26,16,2,26,1,45,98,0,98,143
05/24/2022,GUM,GU,AWP,WE,Federal Contract Tower,18,0,0,0,18,0,2,19,2,23,18,2,19,2,41,16,0,16,57
05/25/2022,GUM,GU,AWP,WE,Federal Contract Tower,25,0,0,2,27,0,0,16,0,16,25,0,16,2,43,6,0,6,49
05/26/2022,GUM,GU,AWP,WE,Federal Contract Tower,17,0,1,0,18,0,0,27,2,29,17,0,28,2,47,18,14,32,79
05/27/2022,GUM,GU,AWP,WE,Federal Contract Tower,18,0,1,0,19,0,0,21,0,21,18,0,22,0,40,26,0,26,66
05/28/2022,GUM,GU,AWP,WE,Federal Contract Tower,29,0,0,1,30,0,0,22,0,22,29,0,22,1,52,22,0,22,74
05/29/2022,GUM,GU,AWP,WE,Federal Contract Tower,25,0,0,0,25,0,0,16,0,16,25,0,16,0,41,12,0,12,53
05/30/2022,GUM,GU,AWP,WE,Federal Contract Tower,19,0,2,0,21,0,2,25,0,27,19,2,27,0,48,46,0,46,94
05/31/2022,GUM,GU,AWP,WE,Federal Contract Tower,24,0,4,1,29,0,2,5,4,11,24,2,9,5,40,27,0,27,67
06/01/2022,GUM,GU,AWP,WE,Federal Contract Tower,27,0,2,2,31,0,0,26,3,29,27,0,28,5,60,18,0,18,78
06/02/2022,GUM,GU,AWP,WE,Federal Contract Tower,23,0,1,0,24,0,1,32,17,50,23,1,33,17,74,20,0,20,94
06/03/2022,GUM,GU,AWP,WE,Federal Contract Tower,22,0,10,1,33,0,0,33,2,35,22,0,43,3,68,18,0,18,86
06/04/2022,GUM,GU,AWP,WE,Federal Contract Tower,40,0,2,0,42,0,0,26,0,26,40,0,28,0,68,20,0,20,88
06/05/2022,GUM,GU,AWP,WE,Federal Contract Tower,26,0,0,0,26,0,0,10,0,10,26,0,10,0,36,52,0,52,88
06/06/2022,GUM,GU,AWP,WE,Federal Contract Tower,26,0,5,0,31,0,0,29,0,29,26,0,34,0,60,14,0,14,74
06/07/2022,GUM,GU,AWP,WE,Federal Contract Tower,23,0,8,1,32,0,2,13,3,18,23,2,21,4,50,52,2,54,104
06/08/2022,GUM,GU,AWP,WE,Federal Contract Tower,35,0,18,0,53,0,1,21,14,36,35,1,39,14,89,94,0,94,183
06/09/2022,GUM,GU,AWP,WE,Federal Contract Tower,23,0,3,2,28,2,0,22,0,24,25,0,25,2,52,64,0,64,116
06/10/2022,GUM,GU,AWP,WE,Federal Contract Tower,27,0,5,0,32,0,0,20,4,24,27,0,25,4,56,131,0,131,187
06/11/2022,GUM,GU,AWP,WE,Federal Contract Tower,36,1,3,0,40,0,0,11,0,11,36,1,14,0,51,58,0,58,109
06/12/2022,GUM,GU,AWP,WE,Federal Contract Tower,24,0,0,0,24,0,0,12,0,12,24,0,12,0,36,96,0,96,132
06/13/2022,GUM,GU,AWP,WE,Federal Contract Tower,31,0,1,0,32,0,5,23,1,29,31,5,24,1,61,76,2,78,139
06/14/2022,GUM,GU,AWP,WE,Federal Contract Tower,23,0,6,0,29,0,6,7,6,19,23,6,13,6,48,4,0,4,52
06/15/2022,GUM,GU,AWP,WE,Federal Contract Tower,26,0,5,0,31,0,2,18,0,20,26,2,23,0,51,50,4,54,105
06/16/2022,GUM,GU,AWP,WE,Federal Contract Tower,27,0,15,0,42,0,2,22,6,30,27,2,37,6,72,18,8,26,98
06/17/2022,GUM,GU,AWP,WE,Federal Contract Tower,24,0,2,2,28,0,0,44,0,44,24,0,46,2,72,16,0,16,88
06/19/2022,GUM,GU,AWP,WE,Federal Contract Tower,28,0,1,0,29,0,0,12,0,12,28,0,13,0,41,10,0,10,51
06/20/2022,GUM,GU,AWP,WE,Federal Contract Tower,27,0,5,0,32,0,2,21,0,23,27,2,26,0,55,60,0,60,115
06/21/2022,GUM,GU,AWP,WE,Federal Contract Tower,20,0,8,0,28,0,6,11,4,21,20,6,19,4,49,28,0,28,77
06/22/2022,GUM,GU,AWP,WE,Federal Contract Tower,28,0,2,2,32,0,1,24,2,27,28,1,26,4,59,53,0,53,112
06/23/2022,GUM,GU,AWP,WE,Federal Contract Tower,36,0,6,1,43,0,0,29,4,33,36,0,35,5,76,65,22,87,163
06/24/2022,GUM,GU,AWP,WE,Federal Contract Tower,29,0,0,0,29,0,0,21,0,21,29,0,21,0,50,56,0,56,106
06/25/2022,GUM,GU,AWP,WE,Federal Contract Tower,41,0,1,0,42,0,2,27,0,29,41,2,28,0,71,114,0,114,185
06/26/2022,GUM,GU,AWP,WE,Federal Contract Tower,28,0,0,0,28,0,2,20,0,22,28,2,20,0,50,86,0,86,136
06/27/2022,GUM,GU,AWP,WE,Federal Contract Tower,32,0,7,1,40,0,2,16,2,20,32,2,23,3,60,86,2,88,148
06/28/2022,GUM,GU,AWP,WE,Federal Contract Tower,26,0,6,1,33,0,4,12,0,16,26,4,18,1,49,140,10,150,199
06/29/2022,GUM,GU,AWP,WE,Federal Contract Tower,31,0,6,0,37,0,5,31,0,36,31,5,37,0,73,86,10,96,169
06/30/2022,GUM,GU,AWP,WE,Federal Contract Tower,28,0,13,0,41,0,2,16,10,28,28,2,29,10,69,63,0,63,132
07/01/2022,GUM,GU,AWP,WE,Federal Contract Tower,29,0,6,0,35,0,2,22,0,24,29,2,28,0,59,28,0,28,87
07/02/2022,GUM,GU,AWP,WE,Federal Contract Tower,35,0,5,0,40,0,0,22,0,22,35,0,27,0,62,18,0,18,80
07/03/2022,GUM,GU,AWP,WE,Federal Contract Tower,31,0,0,0,31,0,0,6,0,6,31,0,6,0,37,16,0,16,53
07/04/2022,GUM,GU,AWP,WE,Federal Contract Tower,27,0,6,0,33,0,6,6,0,12,27,6,12,0,45,54,0,54,99
07/05/2022,GUM,GU,AWP,WE,Federal Contract Tower,29,0,3,0,32,0,4,23,0,27,29,4,26,0,59,40,0,40,99
07/06/2022,GUM,GU,AWP,WE,Federal Contract Tower,35,0,2,2,39,0,5,18,2,25,35,5,20,4,64,40,2,42,106
07/07/2022,GUM,GU,AWP,WE,Federal Contract Tower,29,1,3,3,36,0,0,10,5,15,29,1,13,8,51,8,0,8,59
07/08/2022,GUM,GU,AWP,WE,Federal Contract Tower,32,0,0,0,32,0,0,31,0,31,32,0,31,0,63,24,0,24,87
07/09/2022,GUM,GU,AWP,WE,Federal Contract Tower,39,0,5,0,44,0,0,12,0,12,39,0,17,0,56,10,0,10,66
07/10/2022,GUM,GU,AWP,WE,Federal Contract Tower,34,0,0,0,34,0,0,27,0,27,34,0,27,0,61,24,0,24,85
07/11/2022,GUM,GU,AWP,WE,Federal Contract Tower,27,0,5,0,32,0,6,25,6,37,27,6,30,6,69,16,20,36,105
07/12/2022,GUM,GU,AWP,WE,Federal Contract Tower,27,0,1,0,28,0,0,15,2,17,27,0,16,2,45,28,0,28,73
07/13/2022,GUM,GU,AWP,WE,Federal Contract Tower,29,0,5,0,34,0,5,20,0,25,29,5,25,0,59,14,0,14,73
07/14/2022,GUM,GU,AWP,WE,Federal Contract Tower,26,0,4,0,30,0,0,37,2,39,26,0,41,2,69,18,0,18,87
07/15/2022,GUM,GU,AWP,WE,Federal Contract Tower,31,0,1,0,32,0,0,32,0,32,31,0,33,0,64,38,0,38,102
07/16/2022,GUM,GU,AWP,WE,Federal Contract Tower,42,0,4,0,46,0,0,30,0,30,42,0,34,0,76,46,0,46,122
07/17/2022,GUM,GU,AWP,WE,Federal Contract Tower,32,0,2,0,34,0,4,30,0,34,32,4,32,0,68,24,0,24,92
07/18/2022,GUM,GU,AWP,WE,Federal Contract Tower,27,0,4,1,32,0,6,14,0,20,27,6,18,1,52,24,0,24,76
07/19/2022,GUM,GU,AWP,WE,Federal Contract Tower,26,0,4,0,30,0,5,10,0,15,26,5,14,0,45,38,0,38,83
07/20/2022,GUM,GU,AWP,WE,Federal Contract Tower,33,1,4,0,38,0,0,22,0,22,33,1,26,0,60,34,0,34,94
07/21/2022,GUM,GU,AWP,WE,Federal Contract Tower,29,3,3,0,35,0,0,9,3,12,29,3,12,3,47,12,0,12,59
07/22/2022,GUM,GU,AWP,WE,Federal Contract Tower,40,0,4,0,44,0,0,26,0,26,40,0,30,0,70,50,0,50,120
07/23/2022,GUM,GU,AWP,WE,Federal Contract Tower,36,0,4,0,40,0,0,41,0,41,36,0,45,0,81,26,0,26,107
07/24/2022,GUM,GU,AWP,WE,Federal Contract Tower,42,0,5,0,47,0,2,22,0,24,42,2,27,0,71,16,0,16,87
07/25/2022,GUM,GU,AWP,WE,Federal Contract Tower,38,0,9,0,47,0,6,14,0,20,38,6,23,0,67,18,0,18,85
07/26/2022,GUM,GU,AWP,WE,Federal Contract Tower,34,0,9,2,45,0,0,7,0,7,34,0,16,2,52,48,0,48,100
07/27/2022,GUM,GU,AWP,WE,Federal Contract Tower,34,5,9,0,48,0,5,20,0,25,34,10,29,0,73,28,0,28,101
07/28/2022,GUM,GU,AWP,WE,Federal Contract Tower,30,0,2,0,32,0,2,29,0,31,30,2,31,0,63,36,2,38,101
07/29/2022,GUM,GU,AWP,WE,Federal Contract Tower,39,0,6,0,45,0,0,17,0,17,39,0,23,0,62,46,0,46,108
07/30/2022,GUM,GU,AWP,WE,Federal Contract Tower,37,0,1,0,38,0,0,30,0,30,37,0,31,0,68,30,0,30,98
07/31/2022,GUM,GU,AWP,WE,Federal Contract Tower,36,0,4,0,40,0,0,15,0,15,36,0,19,0,55,2,0,2,57
08/01/2022,GUM,GU,AWP,WE,Federal Contract Tower,36,0,4,0,40,0,4,22,2,28,36,4,26,2,68,40,0,40,108
08/02/2022,GUM,GU,AWP,WE,Federal Contract Tower,32,0,1,0,33,0,2,17,0,19,32,2,18,0,52,64,0,64,116
08/03/2022,GUM,GU,AWP,WE,Federal Contract Tower,37,0,1,0,38,0,0,29,0,29,37,0,30,0,67,0,0,0,67
08/04/2022,GUM,GU,AWP,WE,Federal Contract Tower,41,0,0,0,41,0,0,33,0,33,41,0,33,0,74,46,0,46,120
08/05/2022,GUM,GU,AWP,WE,Federal Contract Tower,40,0,1,0,41,0,0,28,0,28,40,0,29,0,69,38,0,38,107
08/06/2022,GUM,GU,AWP,WE,Federal Contract Tower,47,1,3,2,53,0,0,12,4,16,47,1,15,6,69,12,0,12,81
08/07/2022,GUM,GU,AWP,WE,Federal Contract Tower,45,0,2,0,47,0,0,18,2,20,45,0,20,2,67,12,0,12,79
08/08/2022,GUM,GU,AWP,WE,Federal Contract Tower,38,0,1,0,39,0,2,18,0,20,38,2,19,0,59,38,0,38,97
08/09/2022,GUM,GU,AWP,WE,Federal Contract Tower,35,0,4,0,39,0,5,8,0,13,35,5,12,0,52,52,0,52,104
08/10/2022,GUM,GU,AWP,WE,Federal Contract Tower,32,1,6,0,39,0,5,21,0,26,32,6,27,0,65,22,0,22,87
08/11/2022,GUM,GU,AWP,WE,Federal Contract Tower,34,0,1,3,38,0,0,33,0,33,34,0,34,3,71,30,0,30,101
08/12/2022,GUM,GU,AWP,WE,Federal Contract Tower,41,0,0,0,41,0,0,34,2,36,41,0,34,2,77,64,0,64,141
08/13/2022,GUM,GU,AWP,WE,Federal Contract Tower,43,0,5,1,49,0,0,33,0,33,43,0,38,1,82,12,0,12,94
08/14/2022,GUM,GU,AWP,WE,Federal Contract Tower,39,0,2,0,41,0,0,17,0,17,39,0,19,0,58,2,0,2,60
08/15/2022,GUM,GU,AWP,WE,Federal Contract Tower,38,0,0,3,41,0,2,15,0,17,38,2,15,3,58,24,0,24,82
08/16/2022,GUM,GU,AWP,WE,Federal Contract Tower,33,0,1,1,35,0,10,10,3,23,33,10,11,4,58,28,10,38,96
08/17/2022,GUM,GU,AWP,WE,Federal Contract Tower,33,2,10,1,46,0,27,0,0,27,33,29,10,1,73,8,0,8,81
08/18/2022,GUM,GU,AWP,WE,Federal Contract Tower,36,0,10,9,55,0,0,27,2,29,36,0,37,11,84,40,0,40,124
08/19/2022,GUM,GU,AWP,WE,Federal Contract Tower,43,0,7,4,54,0,0,25,0,25,43,0,32,4,79,20,0,20,99
08/20/2022,GUM,GU,AWP,WE,Federal Contract Tower,43,4,3,1,51,0,0,10,0,10,43,4,13,1,61,36,0,36,97
08/21/2022,GUM,GU,AWP,WE,Federal Contract Tower,40,4,2,0,46,0,0,9,0,9,40,4,11,0,55,8,0,8,63
08/22/2022,GUM,GU,AWP,WE,Federal Contract Tower,31,3,3,1,38,0,2,6,0,8,31,5,9,1,46,20,0,20,66
08/23/2022,GUM,GU,AWP,WE,Federal Contract Tower,31,4,7,4,46,0,2,9,10,21,31,6,16,14,67,36,4,40,107
08/24/2022,GUM,GU,AWP,WE,Federal Contract Tower,35,4,0,2,41,0,4,36,4,44,35,8,36,6,85,36,16,52,137
08/25/2022,GUM,GU,AWP,WE,Federal Contract Tower,35,4,3,2,44,0,0,42,0,42,35,4,45,2,86,60,0,60,146
08/26/2022,GUM,GU,AWP,WE,Federal Contract Tower,39,1,7,1,48,0,0,15,2,17,39,1,22,3,65,20,0,20,85
08/27/2022,GUM,GU,AWP,WE,Federal Contract Tower,43,6,0,0,49,0,0,32,0,32,43,6,32,0,81,54,0,54,135
08/28/2022,GUM,GU,AWP,WE,Federal Contract Tower,39,4,0,0,43,0,0,22,0,22,39,4,22,0,65,24,0,24,89
08/29/2022,GUM,GU,AWP,WE,Federal Contract Tower,32,3,1,0,36,0,1,14,0,15,32,4,15,0,51,12,0,12,63
08/30/2022,GUM,GU,AWP,WE,Federal Contract Tower,36,3,3,2,44,0,4,8,4,16,36,7,11,6,60,35,22,57,117
08/31/2022,GUM,GU,AWP,WE,Federal Contract Tower,42,6,7,2,57,0,0,14,1,15,42,6,21,3,72,2,30,32,104
09/01/2022,GUM,GU,AWP,WE,Federal Contract Tower,35,4,4,0,43,0,2,27,1,30,35,6,31,1,73,126,0,126,199
09/02/2022,GUM,GU,AWP,WE,Federal Contract Tower,30,2,3,0,35,0,1,34,0,35,30,3,37,0,70,80,0,80,150
09/03/2022,GUM,GU,AWP,WE,Federal Contract Tower,40,0,0,0,40,0,2,27,0,29,40,2,27,0,69,90,0,90,159
09/04/2022,GUM,GU,AWP,WE,Federal Contract Tower,42,0,2,0,44,0,4,18,0,22,42,4,20,0,66,91,0,91,157
09/05/2022,GUM,GU,AWP,WE,Federal Contract Tower,26,0,2,0,28,0,8,21,0,29,26,8,23,0,57,121,0,121,178
09/06/2022,GUM,GU,AWP,WE,Federal Contract Tower,25,0,6,2,33,0,3,26,5,34,25,3,32,7,67,156,6,162,229
09/07/2022,GUM,GU,AWP,WE,Federal Contract Tower,48,0,2,0,50,0,4,24,4,32,48,4,26,4,82,62,0,62,144
09/08/2022,GUM,GU,AWP,WE,Federal Contract Tower,40,0,2,0,42,0,0,14,3,17,40,0,16,3,59,79,0,79,138
09/09/2022,GUM,GU,AWP,WE,Federal Contract Tower,46,0,0,0,46,0,3,38,0,41,46,3,38,0,87,62,0,62,149
09/10/2022,GUM,GU,AWP,WE,Federal Contract Tower,42,0,2,0,44,0,2,20,0,22,42,2,22,0,66,48,0,48,114
09/11/2022,GUM,GU,AWP,WE,Federal Contract Tower,42,1,0,0,43,0,3,28,0,31,42,4,28,0,74,16,0,16,90
09/12/2022,GUM,GU,AWP,WE,Federal Contract Tower,37,4,5,0,46,0,4,8,0,12,37,8,13,0,58,20,0,20,78
09/13/2022,GUM,GU,AWP,WE,Federal Contract Tower,31,4,10,0,45,0,3,6,2,11,31,7,16,2,56,24,18,42,98
09/14/2022,GUM,GU,AWP,WE,Federal Contract Tower,33,4,7,0,44,0,0,4,0,4,33,4,11,0,48,16,0,16,64
09/15/2022,GUM,GU,AWP,WE,Federal Contract Tower,49,5,8,7,69,0,1,17,7,25,49,6,25,14,94,40,0,40,134
09/16/2022,GUM,GU,AWP,WE,Federal Contract Tower,34,3,5,0,42,0,1,26,0,27,34,4,31,0,69,80,0,80,149
09/17/2022,GUM,GU,AWP,WE,Federal Contract Tower,41,5,6,0,52,0,0,14,0,14,41,5,20,0,66,60,0,60,126
09/18/2022,GUM,GU,AWP,WE,Federal Contract Tower,33,0,0,0,33,0,4,18,0,22,33,4,18,0,55,90,0,90,145
09/19/2022,GUM,GU,AWP,WE,Federal Contract Tower,34,4,8,1,47,0,0,12,2,14,34,4,20,3,61,76,26,102,163
09/20/2022,GUM,GU,AWP,WE,Federal Contract Tower,33,4,2,6,45,0,4,18,6,28,33,8,20,12,73,131,8,139,212
09/21/2022,GUM,GU,AWP,WE,Federal Contract Tower,33,0,0,2,35,0,6,40,0,46,33,6,40,2,81,64,14,78,159
09/22/2022,GUM,GU,AWP,WE,Federal Contract Tower,36,1,4,4,45,0,1,44,4,49,36,2,48,8,94,28,48,76,170
09/23/2022,GUM,GU,AWP,WE,Federal Contract Tower,32,4,5,0,41,0,0,26,0,26,32,4,31,0,67,76,0,76,143
09/24/2022,GUM,GU,AWP,WE,Federal Contract Tower,37,0,2,0,39,0,4,11,0,15,37,4,13,0,54,56,0,56,110
09/25/2022,GUM,GU,AWP,WE,Federal Contract Tower,39,2,1,0,42,0,2,0,0,2,39,4,1,0,44,6,0,6,50
09/26/2022,GUM,GU,AWP,WE,Federal Contract Tower,30,4,4,0,38,0,4,6,4,14,30,8,10,4,52,52,22,74,126
09/27/2022,GUM,GU,AWP,WE,Federal Contract Tower,34,5,0,0,39,0,0,0,0,0,34,5,0,0,39,58,0,58,97
09/28/2022,GUM,GU,AWP,WE,Federal Contract Tower,34,4,7,2,47,0,0,41,2,43,34,4,48,4,90,16,10,26,116
09/29/2022,GUM,GU,AWP,WE,Federal Contract Tower,36,5,5,4,50,0,2,57,6,65,36,7,62,10,115,48,0,48,163
09/30/2022,GUM,GU,AWP,WE,Federal Contract Tower,37,2,2,0,41,0,0,32,0,32,37,2,34,0,73,12,0,12,85
10/01/2022,GUM,GU,AWP,WE,Federal Contract Tower,42,3,3,0,48,0,0,20,0,20,42,3,23,0,68,44,0,44,112
10/02/2022,GUM,GU,AWP,WE,Federal Contract Tower,40,3,1,0,44,0,2,12,0,14,40,5,13,0,58,28,0,28,86
10/03/2022,GUM,GU,AWP,WE,Federal Contract Tower,29,1,1,1,32,0,7,13,0,20,29,8,14,1,52,40,0,40,92
10/04/2022,GUM,GU,AWP,WE,Federal Contract Tower,27,1,3,7,38,0,5,19,0,24,27,6,22,7,62,38,0,38,100
10/05/2022,GUM,GU,AWP,WE,Federal Contract Tower,33,0,3,1,37,0,0,34,0,34,33,0,37,1,71,38,0,38,109
10/06/2022,GUM,GU,AWP,WE,Federal Contract Tower,32,2,2,0,36,0,3,28,0,31,32,5,30,0,67,16,0,16,83
10/07/2022,GUM,GU,AWP,WE,Federal Contract Tower,30,2,5,0,37,0,0,37,0,37,30,2,42,0,74,24,0,24,98
10/08/2022,GUM,GU,AWP,WE,Federal Contract Tower,42,4,2,0,48,0,2,13,0,15,42,6,15,0,63,0,0,0,63
10/09/2022,GUM,GU,AWP,WE,Federal Contract Tower,31,4,0,0,35,0,0,24,0,24,31,4,24,0,59,16,0,16,75
10/10/2022,GUM,GU,AWP,WE,Federal Contract Tower,33,3,8,0,44,0,1,14,0,15,33,4,22,0,59,24,0,24,83
10/11/2022,GUM,GU,AWP,WE,Federal Contract Tower,32,3,13,0,48,0,2,0,0,2,32,5,13,0,50,0,0,0,50
10/12/2022,GUM,GU,AWP,WE,Federal Contract Tower,36,4,7,2,49,0,0,13,6,19,36,4,20,8,68,60,0,60,128
10/13/2022,GUM,GU,AWP,WE,Federal Contract Tower,30,3,5,4,42,0,0,23,0,23,30,3,28,4,65,54,0,54,119
10/14/2022,GUM,GU,AWP,WE,Federal Contract Tower,65,2,10,0,77,0,0,46,0,46,65,2,56,0,123,22,0,22,145
10/15/2022,GUM,GU,AWP,WE,Federal Contract Tower,70,4,5,0,79,0,0,2,0,2,70,4,7,0,81,18,0,18,99
10/16/2022,GUM,GU,AWP,WE,Federal Contract Tower,54,8,1,0,63,0,0,5,0,5,54,8,6,0,68,88,0,88,156
10/17/2022,GUM,GU,AWP,WE,Federal Contract Tower,30,4,3,0,37,0,2,8,0,10,30,6,11,0,47,86,0,86,133
10/18/2022,GUM,GU,AWP,WE,Federal Contract Tower,40,4,7,3,54,0,2,10,5,17,40,6,17,8,71,56,0,56,127
10/19/2022,GUM,GU,AWP,WE,Federal Contract Tower,62,4,5,0,71,0,0,12,0,12,62,4,17,0,83,38,0,38,121
10/20/2022,GUM,GU,AWP,WE,Federal Contract Tower,39,0,3,7,49,0,0,29,5,34,39,0,32,12,83,70,0,70,153
10/21/2022,GUM,GU,AWP,WE,Federal Contract Tower,35,2,5,0,42,0,0,26,0,26,35,2,31,0,68,8,0,8,76
10/22/2022,GUM,GU,AWP,WE,Federal Contract Tower,44,4,0,0,48,0,0,31,0,31,44,4,31,0,79,40,0,40,119
10/23/2022,GUM,GU,AWP,WE,Federal Contract Tower,38,6,0,0,44,0,2,11,0,13,38,8,11,0,57,30,0,30,87
10/25/2022,GUM,GU,AWP,WE,Federal Contract Tower,31,1,3,2,37,0,8,14,0,22,31,9,17,2,59,38,0,38,97
10/26/2022,GUM,GU,AWP,WE,Federal Contract Tower,36,2,2,3,43,0,2,17,3,22,36,4,19,6,65,52,0,52,117
10/27/2022,GUM,GU,AWP,WE,Federal Contract Tower,35,0,0,5,40,0,0,26,18,44,35,0,26,23,84,68,0,68,152
10/28/2022,GUM,GU,AWP,WE,Federal Contract Tower,33,1,6,5,45,0,1,28,0,29,33,2,34,5,74,80,0,80,154
10/29/2022,GUM,GU,AWP,WE,Federal Contract Tower,39,2,5,0,46,0,0,4,0,4,39,2,9,0,50,28,0,28,78
10/30/2022,GUM,GU,AWP,WE,Federal Contract Tower,34,3,6,0,43,0,0,6,4,10,34,3,12,4,53,26,0,26,79
11/01/2022,GUM,GU,AWP,WE,Federal Contract Tower,31,4,2,0,37,0,5,11,0,16,31,9,13,0,53,20,8,28,81
11/02/2022,GUM,GU,AWP,WE,Federal Contract Tower,33,4,5,1,43,0,0,27,0,27,33,4,32,1,70,65,2,67,137
11/03/2022,GUM,GU,AWP,WE,Federal Contract Tower,34,4,2,1,41,0,0,31,5,36,34,4,33,6,77,54,0,54,131
11/04/2022,GUM,GU,AWP,WE,Federal Contract Tower,29,2,4,0,35,0,0,46,0,46,29,2,50,0,81,132,0,132,213
11/05/2022,GUM,GU,AWP,WE,Federal Contract Tower,36,3,6,0,45,0,0,17,0,17,36,3,23,0,62,38,0,38,100
11/06/2022,GUM,GU,AWP,WE,Federal Contract Tower,42,3,1,1,47,0,0,11,0,11,42,3,12,1,58,68,0,68,126
11/07/2022,GUM,GU,AWP,WE,Federal Contract Tower,30,5,2,0,37,0,0,10,0,10,30,5,12,0,47,48,0,48,95
11/08/2022,GUM,GU,AWP,WE,Federal Contract Tower,28,5,8,2,43,0,2,12,10,24,28,7,20,12,67,46,14,60,127
11/09/2022,GUM,GU,AWP,WE,Federal Contract Tower,38,4,5,2,49,0,2,36,2,40,38,6,41,4,89,40,0,40,129
11/10/2022,GUM,GU,AWP,WE,Federal Contract Tower,33,4,8,1,46,0,0,42,1,43,33,4,50,2,89,64,2,66,155
11/11/2022,GUM,GU,AWP,WE,Federal Contract Tower,35,3,5,0,43,0,0,18,0,18,35,3,23,0,61,20,0,20,81
11/12/2022,GUM,GU,AWP,WE,Federal Contract Tower,39,1,5,0,45,0,2,10,0,12,39,3,15,0,57,18,0,18,75
11/13/2022,GUM,GU,AWP,WE,Federal Contract Tower,40,1,0,0,41,0,3,8,0,11,40,4,8,0,52,36,0,36,88
11/14/2022,GUM,GU,AWP,WE,Federal Contract Tower,30,0,8,0,38,0,8,8,0,16,30,8,16,0,54,40,0,40,94
11/16/2022,GUM,GU,AWP,WE,Federal Contract Tower,35,4,4,0,43,0,2,19,0,21,35,6,23,0,64,22,0,22,86
11/17/2022,GUM,GU,AWP,WE,Federal Contract Tower,36,4,6,0,46,0,0,28,2,30,36,4,34,2,76,2,0,2,78
11/18/2022,GUM,GU,AWP,WE,Federal Contract Tower,31,4,0,1,36,0,0,17,0,17,31,4,17,1,53,34,0,34,87
11/19/2022,GUM,GU,AWP,WE,Federal Contract Tower,32,3,0,0,35,0,1,22,0,23,32,4,22,0,58,54,0,54,112
11/20/2022,GUM,GU,AWP,WE,Federal Contract Tower,37,3,1,0,41,0,0,11,0,11,37,3,12,0,52,94,0,94,146
11/21/2022,GUM,GU,AWP,WE,Federal Contract Tower,32,5,4,2,43,0,4,3,0,7,32,9,7,2,50,52,0,52,102
11/22/2022,GUM,GU,AWP,WE,Federal Contract Tower,32,4,3,1,40,0,2,13,0,15,32,6,16,1,55,6,0,6,61
11/23/2022,GUM,GU,AWP,WE,Federal Contract Tower,35,5,2,1,43,0,0,25,0,25,35,5,27,1,68,60,0,60,128
11/24/2022,GUM,GU,AWP,WE,Federal Contract Tower,33,4,1,3,41,0,0,20,0,20,33,4,21,3,61,24,0,24,85
11/25/2022,GUM,GU,AWP,WE,Federal Contract Tower,33,1,1,0,35,0,3,31,0,34,33,4,32,0,69,70,0,70,139
11/26/2022,GUM,GU,AWP,WE,Federal Contract Tower,33,3,3,0,39,0,1,26,0,27,33,4,29,0,66,64,0,64,130
11/27/2022,GUM,GU,AWP,WE,Federal Contract Tower,37,4,1,0,42,0,0,4,0,4,37,4,5,0,46,88,0,88,134
11/28/2022,GUM,GU,AWP,WE,Federal Contract Tower,32,5,4,0,41,0,2,16,2,20,32,7,20,2,61,55,0,55,116
11/29/2022,GUM,GU,AWP,WE,Federal Contract Tower,30,5,8,4,47,0,6,13,4,23,30,11,21,8,70,58,12,70,140
11/30/2022,GUM,GU,AWP,WE,Federal Contract Tower,31,5,7,8,51,0,1,23,12,36,31,6,30,20,87,20,10,30,117
12/01/2022,GUM,GU,AWP,WE,Federal Contract Tower,34,1,7,1,43,0,0,24,1,25,34,1,31,2,68,16,0,16,84
12/02/2022,GUM,GU,AWP,WE,Federal Contract Tower,31,5,5,0,41,0,0,17,0,17,31,5,22,0,58,40,0,40,98
12/03/2022,GUM,GU,AWP,WE,Federal Contract Tower,32,4,1,0,37,0,0,14,0,14,32,4,15,0,51,6,0,6,57
12/04/2022,GUM,GU,AWP,WE,Federal Contract Tower,34,3,16,0,53,0,0,13,0,13,34,3,29,0,66,56,0,56,122
12/05/2022,GUM,GU,AWP,WE,Federal Contract Tower,35,4,10,0,49,0,2,18,0,20,35,6,28,0,69,26,0,26,95
12/06/2022,GUM,GU,AWP,WE,Federal Contract Tower,34,4,4,0,42,0,7,8,13,28,34,11,12,13,70,72,10,82,152
12/07/2022,GUM,GU,AWP,WE,Federal Contract Tower,37,4,5,3,49,0,0,24,8,32,37,4,29,11,81,36,0,36,117
12/08/2022,GUM,GU,AWP,WE,Federal Contract Tower,39,4,4,4,51,0,0,34,0,34,39,4,38,4,85,62,0,62,147
12/09/2022,GUM,GU,AWP,WE,Federal Contract Tower,33,5,3,0,41,0,0,33,2,35,33,5,36,2,76,80,0,80,156
12/10/2022,GUM,GU,AWP,WE,Federal Contract Tower,47,2,6,1,56,0,1,24,0,25,47,3,30,1,81,66,0,66,147
12/11/2022,GUM,GU,AWP,WE,Federal Contract Tower,61,4,2,0,67,0,0,0,0,0,61,4,2,0,67,64,0,64,131
12/12/2022,GUM,GU,AWP,WE,Federal Contract Tower,40,1,8,9,58,0,8,20,0,28,40,9,28,9,86,52,0,52,138
12/13/2022,GUM,GU,AWP,WE,Federal Contract Tower,36,3,2,0,41,0,5,22,1,28,36,8,24,1,69,100,0,100,169
12/14/2022,GUM,GU,AWP,WE,Federal Contract Tower,46,4,9,2,61,0,0,37,0,37,46,4,46,2,98,38,0,38,136
12/15/2022,GUM,GU,AWP,WE,Federal Contract Tower,48,4,3,0,55,0,0,27,0,27,48,4,30,0,82,68,0,68,150
12/16/2022,GUM,GU,AWP,WE,Federal Contract Tower,46,3,12,0,61,0,0,17,0,17,46,3,29,0,78,30,0,30,108
12/17/2022,GUM,GU,AWP,WE,Federal Contract Tower,43,2,4,0,49,0,0,32,0,32,43,2,36,0,81,16,0,16,97
12/18/2022,GUM,GU,AWP,WE,Federal Contract Tower,42,4,2,0,48,0,0,14,0,14,42,4,16,0,62,56,0,56,118
12/19/2022,GUM,GU,AWP,WE,Federal Contract Tower,45,4,6,0,55,0,3,17,0,20,45,7,23,0,75,46,0,46,121
12/20/2022,GUM,GU,AWP,WE,Federal Contract Tower,36,3,4,0,43,0,8,9,4,21,36,11,13,4,64,14,40,54,118
12/21/2022,GUM,GU,AWP,WE,Federal Contract Tower,41,1,11,0,53,0,0,14,0,14,41,1,25,0,67,0,22,22,89
12/22/2022,GUM,GU,AWP,WE,Federal Contract Tower,42,3,9,0,54,0,0,24,0,24,42,3,33,0,78,50,0,50,128
12/23/2022,GUM,GU,AWP,WE,Federal Contract Tower,42,3,8,0,53,0,0,22,0,22,42,3,30,0,75,66,0,66,141
12/24/2022,GUM,GU,AWP,WE,Federal Contract Tower,37,4,3,1,45,0,0,30,0,30,37,4,33,1,75,60,0,60,135
12/25/2022,GUM,GU,AWP,WE,Federal Contract Tower,43,5,0,0,48,0,2,6,0,8,43,7,6,0,56,44,0,44,100
12/26/2022,GUM,GU,AWP,WE,Federal Contract Tower,41,4,17,0,62,0,0,24,0,24,41,4,41,0,86,66,0,66,152
12/27/2022,GUM,GU,AWP,WE,Federal Contract Tower,34,4,9,0,47,0,6,10,2,18,34,10,19,2,65,64,16,80,145
12/28/2022,GUM,GU,AWP,WE,Federal Contract Tower,37,7,7,11,62,0,0,13,5,18,37,7,20,16,80,0,10,10,90
12/29/2022,GUM,GU,AWP,WE,Federal Contract Tower,47,2,4,1,54,0,0,48,0,48,47,2,52,1,102,88,4,92,194
12/30/2022,GUM,GU,AWP,WE,Federal Contract Tower,50,4,5,0,59,0,0,30,0,30,50,4,35,0,89,70,0,70,159
12/31/2022,GUM,GU,AWP,WE,Federal Contract Tower,40,1,5,0,46,0,0,42,0,42,40,1,47,0,88,20,0,20,108
01/01/2023,GUM,GU,AWP,WE,Federal Contract Tower,42,2,0,0,44,0,0,22,0,22,42,2,22,0,66,55,0,55,121
01/02/2023,GUM,GU,AWP,WE,Federal Contract Tower,44,4,4,0,52,0,4,21,0,25,44,8,25,0,77,40,0,40,117
01/03/2023,GUM,GU,AWP,WE,Federal Contract Tower,44,4,4,0,52,0,2,20,0,22,44,6,24,0,74,101,0,101,175
01/04/2023,GUM,GU,AWP,WE,Federal Contract Tower,39,4,8,0,51,0,1,30,7,38,39,5,38,7,89,112,18,130,219
01/05/2023,GUM,GU,AWP,WE,Federal Contract Tower,46,6,3,7,62,0,0,28,5,33,46,6,31,12,95,107,0,107,202
01/06/2023,GUM,GU,AWP,WE,Federal Contract Tower,46,4,2,0,52,0,0,47,0,47,46,4,49,0,99,124,0,124,223
01/07/2023,GUM,GU,AWP,WE,Federal Contract Tower,34,4,2,6,46,0,0,32,0,32,34,4,34,6,78,86,0,86,164
01/08/2023,GUM,GU,AWP,WE,Federal Contract Tower,45,4,0,0,49,0,0,2,0,2,45,4,2,0,51,24,0,24,75
01/09/2023,GUM,GU,AWP,WE,Federal Contract Tower,42,5,13,0,60,0,5,9,0,14,42,10,22,0,74,68,0,68,142
01/10/2023,GUM,GU,AWP,WE,Federal Contract Tower,35,8,7,0,50,0,2,20,0,22,35,10,27,0,72,88,0,88,160
01/11/2023,GUM,GU,AWP,WE,Federal Contract Tower,56,9,8,0,73,0,0,5,0,5,56,9,13,0,78,34,0,34,112
01/12/2023,GUM,GU,AWP,WE,Federal Contract Tower,63,7,10,0,80,0,0,16,20,36,63,7,26,20,116,22,0,22,138
01/13/2023,GUM,GU,AWP,WE,Federal Contract Tower,64,9,14,0,87,0,1,14,0,15,64,10,28,0,102,64,0,64,166
01/14/2023,GUM,GU,AWP,WE,Federal Contract Tower,66,4,11,0,81,0,0,2,0,2,66,4,13,0,83,2,0,2,85
01/15/2023,GUM,GU,AWP,WE,Federal Contract Tower,58,4,1,0,63,0,0,7,0,7,58,4,8,0,70,123,0,123,193
01/16/2023,GUM,GU,AWP,WE,Federal Contract Tower,38,4,1,0,43,0,10,19,0,29,38,14,20,0,72,140,0,140,212
01/17/2023,GUM,GU,AWP,WE,Federal Contract Tower,44,4,10,4,62,0,0,8,0,8,44,4,18,4,70,88,0,88,158
01/18/2023,GUM,GU,AWP,WE,Federal Contract Tower,42,4,6,0,52,0,4,31,2,37,42,8,37,2,89,90,0,90,179
01/19/2023,GUM,GU,AWP,WE,Federal Contract Tower,49,2,4,0,55,2,0,25,10,37,51,2,29,10,92,70,0,70,162
01/20/2023,GUM,GU,AWP,WE,Federal Contract Tower,41,4,2,0,47,0,0,50,0,50,41,4,52,0,97,112,0,112,209
01/21/2023,GUM,GU,AWP,WE,Federal Contract Tower,45,4,7,0,56,0,0,44,0,44,45,4,51,0,100,133,0,133,233
01/22/2023,GUM,GU,AWP,WE,Federal Contract Tower,43,2,3,0,48,0,0,19,0,19,43,2,22,0,67,44,0,44,111
01/23/2023,GUM,GU,AWP,WE,Federal Contract Tower,38,5,4,2,49,0,4,12,6,22,38,9,16,8,71,12,4,16,87
01/24/2023,GUM,GU,AWP,WE,Federal Contract Tower,40,4,1,1,46,0,4,18,0,22,40,8,19,1,68,52,14,66,134
01/25/2023,GUM,GU,AWP,WE,Federal Contract Tower,39,4,1,0,44,0,0,32,0,32,39,4,33,0,76,94,0,94,170
01/26/2023,GUM,GU,AWP,WE,Federal Contract Tower,39,4,4,6,53,0,0,43,0,43,39,4,47,6,96,62,0,62,158
01/27/2023,GUM,GU,AWP,WE,Federal Contract Tower,36,4,3,1,44,0,0,48,0,48,36,4,51,1,92,110,0,110,202
01/28/2023,GUM,GU,AWP,WE,Federal Contract Tower,35,4,6,4,49,0,0,29,0,29,35,4,35,4,78,72,0,72,150
01/29/2023,GUM,GU,AWP,WE,Federal Contract Tower,41,5,1,7,54,0,2,16,0,18,41,7,17,7,72,76,0,76,148
01/30/2023,GUM,GU,AWP,WE,Federal Contract Tower,36,4,4,0,44,0,0,17,2,19,36,4,21,2,63,68,0,68,131
01/31/2023,GUM,GU,AWP,WE,Federal Contract Tower,38,4,4,1,47,0,2,12,7,21,38,6,16,8,68,18,0,18,86
02/01/2023,GUM,GU,AWP,WE,Federal Contract Tower,38,4,3,0,45,0,0,25,2,27,38,4,28,2,72,32,0,32,104
02/02/2023,GUM,GU,AWP,WE,Federal Contract Tower,38,4,5,0,47,0,0,31,0,31,38,4,36,0,78,33,0,33,111
02/03/2023,GUM,GU,AWP,WE,Federal Contract Tower,33,4,6,0,43,0,0,29,0,29,33,4,35,0,72,82,0,82,154
02/04/2023,GUM,GU,AWP,WE,Federal Contract Tower,34,5,13,1,53,0,0,0,0,0,34,5,13,1,53,56,0,56,109
02/05/2023,GUM,GU,AWP,WE,Federal Contract Tower,42,4,4,2,52,1,0,33,2,36,43,4,37,4,88,80,0,80,168
02/06/2023,GUM,GU,AWP,WE,Federal Contract Tower,39,4,7,0,50,0,4,4,0,8,39,8,11,0,58,62,0,62,120
02/07/2023,GUM,GU,AWP,WE,Federal Contract Tower,35,4,11,6,56,0,2,4,10,16,35,6,15,16,72,88,10,98,170
02/08/2023,GUM,GU,AWP,WE,Federal Contract Tower,31,4,5,4,44,0,0,17,12,29,31,4,22,16,73,98,5,103,176
02/09/2023,GUM,GU,AWP,WE,Federal Contract Tower,36,4,3,16,59,0,0,30,3,33,36,4,33,19,92,20,42,62,154
02/10/2023,GUM,GU,AWP,WE,Federal Contract Tower,38,6,6,13,63,0,0,28,11,39,38,6,34,24,102,12,0,12,114
02/11/2023,GUM,GU,AWP,WE,Federal Contract Tower,32,3,6,1,42,0,0,20,0,20,32,3,26,1,62,82,0,82,144
02/12/2023,GUM,GU,AWP,WE,Federal Contract Tower,38,4,4,0,46,0,0,20,0,20,38,4,24,0,66,154,0,154,220
02/13/2023,GUM,GU,AWP,WE,Federal Contract Tower,40,10,6,9,65,0,4,10,1,15,40,14,16,10,80,52,0,52,132
02/14/2023,GUM,GU,AWP,WE,Federal Contract Tower,32,6,4,16,58,0,2,22,5,29,32,8,26,21,87,38,16,54,141
02/15/2023,GUM,GU,AWP,WE,Federal Contract Tower,35,8,8,6,57,0,2,0,0,2,35,10,8,6,59,4,0,4,63
02/16/2023,GUM,GU,AWP,WE,Federal Contract Tower,36,10,10,10,66,0,0,0,0,0,36,10,10,10,66,30,0,30,96
02/17/2023,GUM,GU,AWP,WE,Federal Contract Tower,35,10,7,10,62,0,0,58,0,58,35,10,65,10,120,92,0,92,212
02/18/2023,GUM,GU,AWP,WE,Federal Contract Tower,35,4,7,1,47,0,0,26,0,26,35,4,33,1,73,48,0,48,121
02/19/2023,GUM,GU,AWP,WE,Federal Contract Tower,41,4,4,0,49,0,2,9,0,11,41,6,13,0,60,38,0,38,98
02/20/2023,GUM,GU,AWP,WE,Federal Contract Tower,40,12,11,12,75,0,4,24,0,28,40,16,35,12,103,80,0,80,183
02/21/2023,GUM,GU,AWP,WE,Federal Contract Tower,34,10,11,21,76,0,6,18,0,24,34,16,29,21,100,62,8,70,170
02/22/2023,GUM,GU,AWP,WE,Federal Contract Tower,35,7,20,18,80,0,2,28,0,30,35,9,48,18,110,58,0,58,168
02/23/2023,GUM,GU,AWP,WE,Federal Contract Tower,38,9,13,17,77,0,0,40,4,44,38,9,53,21,121,83,14,97,218
02/24/2023,GUM,GU,AWP,WE,Federal Contract Tower,34,10,7,0,51,0,0,24,0,24,34,10,31,0,75,78,0,78,153
02/25/2023,GUM,GU,AWP,WE,Federal Contract Tower,33,4,12,2,51,0,0,34,0,34,33,4,46,2,85,46,0,46,131
02/26/2023,GUM,GU,AWP,WE,Federal Contract Tower,44,4,1,4,53,0,0,30,1,31,44,4,31,5,84,94,0,94,178
02/27/2023,GUM,GU,AWP,WE,Federal Contract Tower,38,8,10,2,58,0,0,15,0,15,38,8,25,2,73,36,0,36,109
03/01/2023,GUM,GU,AWP,WE,Federal Contract Tower,40,10,10,4,64,0,0,10,7,17,40,10,20,11,81,4,0,4,85
03/02/2023,GUM,GU,AWP,WE,Federal Contract Tower,38,7,10,6,61,0,0,0,0,0,38,7,10,6,61,70,0,70,131
03/03/2023,GUM,GU,AWP,WE,Federal Contract Tower,38,10,8,0,56,0,0,40,2,42,38,10,48,2,98,72,0,72,170
03/04/2023,GUM,GU,AWP,WE,Federal Contract Tower,35,2,6,1,44,0,0,16,0,16,35,2,22,1,60,22,0,22,82
03/05/2023,GUM,GU,AWP,WE,Federal Contract Tower,44,4,0,3,51,0,0,7,2,9,44,4,7,5,60,36,8,44,104
03/06/2023,GUM,GU,AWP,WE,Federal Contract Tower,37,8,9,2,56,0,0,12,2,14,37,8,21,4,70,30,0,30,100
03/07/2023,GUM,GU,AWP,WE,Federal Contract Tower,35,7,6,6,54,0,2,16,0,18,35,9,22,6,72,40,0,40,112
03/08/2023,GUM,GU,AWP,WE,Federal Contract Tower,33,6,11,0,50,0,0,17,1,18,33,6,28,1,68,54,0,54,122
03/09/2023,GUM,GU,AWP,WE,Federal Contract Tower,36,7,2,0,45,0,0,28,6,34,36,7,30,6,79,31,0,31,110
03/10/2023,GUM,GU,AWP,WE,Federal Contract Tower,41,10,1,0,52,0,0,22,0,22,41,10,23,0,74,24,0,24,98
03/11/2023,GUM,GU,AWP,WE,Federal Contract Tower,35,4,1,0,40,0,0,22,11,33,35,4,23,11,73,66,0,66,139
03/12/2023,GUM,GU,AWP,WE,Federal Contract Tower,43,5,5,0,53,0,2,14,0,16,43,7,19,0,69,76,0,76,145
03/13/2023,GUM,GU,AWP,WE,Federal Contract Tower,44,10,9,0,63,0,6,6,4,16,44,16,15,4,79,30,0,30,109
03/14/2023,GUM,GU,AWP,WE,Federal Contract Tower,39,6,10,8,63,0,1,13,6,20,39,7,23,14,83,60,0,60,143
03/15/2023,GUM,GU,AWP,WE,Federal Contract Tower,37,8,10,0,55,0,6,15,0,21,37,14,25,0,76,40,24,64,140
03/16/2023,GUM,GU,AWP,WE,Federal Contract Tower,49,5,3,2,59,0,0,0,14,14,49,5,3,16,73,69,23,92,165
03/17/2023,GUM,GU,AWP,WE,Federal Contract Tower,43,6,9,0,58,0,0,30,0,30,43,6,39,0,88,44,0,44,132
03/18/2023,GUM,GU,AWP,WE,Federal Contract Tower,46,3,3,0,52,0,1,6,0,7,46,4,9,0,59,72,0,72,131
03/19/2023,GUM,GU,AWP,WE,Federal Contract Tower,52,4,3,0,59,0,0,14,7,21,52,4,17,7,80,72,0,72,152
03/20/2023,GUM,GU,AWP,WE,Federal Contract Tower,50,9,12,0,71,0,4,15,0,19,50,13,27,0,90,56,0,56,146
03/21/2023,GUM,GU,AWP,WE,Federal Contract Tower,48,4,19,0,71,0,4,13,0,17,48,8,32,0,88,78,0,78,166
03/22/2023,GUM,GU,AWP,WE,Federal Contract Tower,52,0,8,1,61,0,0,14,2,16,52,0,22,3,77,78,0,78,155
03/23/2023,GUM,GU,AWP,WE,Federal Contract Tower,47,4,7,1,59,1,0,37,1,39,48,4,44,2,98,58,0,58,156
03/24/2023,GUM,GU,AWP,WE,Federal Contract Tower,47,5,11,0,63,0,0,34,0,34,47,5,45,0,97,95,0,95,192
03/25/2023,GUM,GU,AWP,WE,Federal Contract Tower,41,2,5,0,48,0,0,34,0,34,41,2,39,0,82,93,0,93,175
03/26/2023,GUM,GU,AWP,WE,Federal Contract Tower,51,1,0,0,52,0,2,20,0,22,51,3,20,0,74,64,0,64,138
03/27/2023,GUM,GU,AWP,WE,Federal Contract Tower,45,6,2,0,53,0,6,20,4,30,45,12,22,4,83,14,0,14,97
03/28/2023,GUM,GU,AWP,WE,Federal Contract Tower,42,5,7,2,56,0,5,27,2,34,42,10,34,4,90,18,0,18,108
03/29/2023,GUM,GU,AWP,WE,Federal Contract Tower,37,6,10,4,57,0,15,13,0,28,37,21,23,4,85,46,14,60,145
03/30/2023,GUM,GU,AWP,WE,Federal Contract Tower,51,2,8,0,61,0,0,38,3,41,51,2,46,3,102,52,0,52,154
03/31/2023,GUM,GU,AWP,WE,Federal Contract Tower,45,2,9,0,56,0,0,0,4,4,45,2,9,4,60,40,0,40,100
04/01/2023,GUM,GU,AWP,WE,Federal Contract Tower,45,0,6,1,52,0,0,28,0,28,45,0,34,1,80,10,30,40,120
04/02/2023,GUM,GU,AWP,WE,Federal Contract Tower,57,0,2,0,59,0,0,42,0,42,57,0,44,0,101,28,0,28,129
04/03/2023,GUM,GU,AWP,WE,Federal Contract Tower,48,2,10,0,60,0,4,11,0,15,48,6,21,0,75,8,0,8,83
04/04/2023,GUM,GU,AWP,WE,Federal Contract Tower,47,0,8,0,55,0,7,11,1,19,47,7,19,1,74,78,0,78,152
04/05/2023,GUM,GU,AWP,WE,Federal Contract Tower,43,0,9,2,54,0,0,26,6,32,43,0,35,8,86,0,0,0,86
04/06/2023,GUM,GU,AWP,WE,Federal Contract Tower,58,2,4,1,65,0,0,0,0,0,58,2,4,1,65,34,0,34,99
04/07/2023,GUM,GU,AWP,WE,Federal Contract Tower,67,1,7,8,83,0,0,0,0,0,67,1,7,8,83,38,0,38,121
04/08/2023,GUM,GU,AWP,WE,Federal Contract Tower,44,0,2,6,52,0,0,0,0,0,44,0,2,6,52,126,0,126,178
04/09/2023,GUM,GU,AWP,WE,Federal Contract Tower,55,0,0,0,55,0,0,21,0,21,55,0,21,0,76,104,0,104,180
04/10/2023,GUM,GU,AWP,WE,Federal Contract Tower,46,0,3,0,49,0,2,21,4,27,46,2,24,4,76,84,0,84,160
04/11/2023,GUM,GU,AWP,WE,Federal Contract Tower,44,0,10,4,58,0,6,20,3,29,44,6,30,7,87,90,14,104,191
04/12/2023,GUM,GU,AWP,WE,Federal Contract Tower,45,0,7,4,56,0,0,25,6,31,45,0,32,10,87,88,6,94,181
04/13/2023,GUM,GU,AWP,WE,Federal Contract Tower,48,0,1,2,51,0,0,50,6,56,48,0,51,8,107,56,0,56,163
04/14/2023,GUM,GU,AWP,WE,Federal Contract Tower,45,0,4,1,50,0,0,0,0,0,45,0,4,1,50,59,0,59,109
04/15/2023,GUM,GU,AWP,WE,Federal Contract Tower,42,2,4,0,48,0,0,48,0,48,42,2,52,0,96,74,0,74,170
04/16/2023,GUM,GU,AWP,WE,Federal Contract Tower,49,0,2,1,52,0,0,13,1,14,49,0,15,2,66,20,0,20,86
04/17/2023,GUM,GU,AWP,WE,Federal Contract Tower,46,0,10,0,56,0,2,12,0,14,46,2,22,0,70,74,0,74,144
04/18/2023,GUM,GU,AWP,WE,Federal Contract Tower,44,0,8,3,55,0,4,5,5,14,44,4,13,8,69,58,2,60,129
04/19/2023,GUM,GU,AWP,WE,Federal Contract Tower,42,1,5,1,49,0,0,22,0,22,42,1,27,1,71,38,0,38,109
04/20/2023,GUM,GU,AWP,WE,Federal Contract Tower,50,1,1,1,53,0,0,32,4,36,50,1,33,5,89,68,0,68,157
04/21/2023,GUM,GU,AWP,WE,Federal Contract Tower,50,0,4,0,54,0,0,21,2,23,50,0,25,2,77,85,0,85,162
04/22/2023,GUM,GU,AWP,WE,Federal Contract Tower,43,0,5,0,48,0,0,10,0,10,43,0,15,0,58,62,0,62,120
04/23/2023,GUM,GU,AWP,WE,Federal Contract Tower,48,0,0,0,48,0,2,8,0,10,48,2,8,0,58,42,0,42,100
04/24/2023,GUM,GU,AWP,WE,Federal Contract Tower,45,0,4,0,49,0,2,18,0,20,45,2,22,0,69,70,0,70,139
04/25/2023,GUM,GU,AWP,WE,Federal Contract Tower,46,0,6,0,52,0,4,6,2,12,46,4,12,2,64,20,0,20,84
04/26/2023,GUM,GU,AWP,WE,Federal Contract Tower,41,0,8,1,50,0,0,23,0,23,41,0,31,1,73,30,0,30,103
04/27/2023,GUM,GU,AWP,WE,Federal Contract Tower,48,0,2,1,51,0,0,31,0,31,48,0,33,1,82,46,0,46,128
04/28/2023,GUM,GU,AWP,WE,Federal Contract Tower,47,0,6,0,53,0,0,28,0,28,47,0,34,0,81,77,0,77,158
04/29/2023,GUM,GU,AWP,WE,Federal Contract Tower,50,0,5,0,55,0,0,20,0,20,50,0,25,0,75,41,0,41,116
04/30/2023,GUM,GU,AWP,WE,Federal Contract Tower,56,0,1,0,57,0,0,30,0,30,56,0,31,0,87,74,0,74,161
05/01/2023,GUM,GU,AWP,WE,Federal Contract Tower,47,0,7,0,54,0,4,23,2,29,47,4,30,2,83,122,0,122,205
05/03/2023,GUM,GU,AWP,WE,Federal Contract Tower,57,0,6,0,63,0,6,54,0,60,57,6,60,0,123,54,0,54,177
05/04/2023,GUM,GU,AWP,WE,Federal Contract Tower,52,0,2,0,54,0,0,46,0,46,52,0,48,0,100,64,0,64,164
05/05/2023,GUM,GU,AWP,WE,Federal Contract Tower,50,0,1,0,51,0,0,47,0,47,50,0,48,0,98,14,0,14,112
05/06/2023,GUM,GU,AWP,WE,Federal Contract Tower,45,0,4,2,51,0,0,31,0,31,45,0,35,2,82,16,0,16,98
05/07/2023,GUM,GU,AWP,WE,Federal Contract Tower,62,0,0,0,62,0,0,20,0,20,62,0,20,0,82,6,0,6,88
05/08/2023,GUM,GU,AWP,WE,Federal Contract Tower,48,0,6,2,56,0,2,10,0,12,48,2,16,2,68,38,0,38,106
05/09/2023,GUM,GU,AWP,WE,Federal Contract Tower,47,0,8,0,55,0,3,22,0,25,47,3,30,0,80,40,4,44,124
05/10/2023,GUM,GU,AWP,WE,Federal Contract Tower,43,0,9,0,52,0,1,2,0,3,43,1,11,0,55,44,0,44,99
05/11/2023,GUM,GU,AWP,WE,Federal Contract Tower,48,0,2,0,50,1,4,34,0,39,49,4,36,0,89,32,0,32,121
05/12/2023,GUM,GU,AWP,WE,Federal Contract Tower,48,0,3,0,51,0,1,17,0,18,48,1,20,0,69,13,0,13,82
05/13/2023,GUM,GU,AWP,WE,Federal Contract Tower,49,0,9,0,58,0,0,14,0,14,49,0,23,0,72,8,0,8,80
05/14/2023,GUM,GU,AWP,WE,Federal Contract Tower,46,1,0,2,49,0,2,15,0,17,46,3,15,2,66,10,0,10,76
05/16/2023,GUM,GU,AWP,WE,Federal Contract Tower,50,0,9,0,59,0,6,14,0,20,50,6,23,0,79,6,0,6,85
05/17/2023,GUM,GU,AWP,WE,Federal Contract Tower,46,2,3,0,51,0,4,28,0,32,46,6,31,0,83,94,0,94,177
05/18/2023,GUM,GU,AWP,WE,Federal Contract Tower,63,0,4,0,67,0,0,27,0,27,63,0,31,0,94,90,0,90,184
05/19/2023,GUM,GU,AWP,WE,Federal Contract Tower,56,0,7,0,63,0,8,35,0,43,56,8,42,0,106,109,0,109,215
05/20/2023,GUM,GU,AWP,WE,Federal Contract Tower,54,0,3,0,57,0,0,27,0,27,54,0,30,0,84,115,0,115,199
05/21/2023,GUM,GU,AWP,WE,Federal Contract Tower,60,0,0,0,60,0,0,9,0,9,60,0,9,0,69,108,0,108,177
05/22/2023,GUM,GU,AWP,WE,Federal Contract Tower,55,1,1,0,57,0,2,5,0,7,55,3,6,0,64,68,0,68,132
05/23/2023,GUM,GU,AWP,WE,Federal Contract Tower,29,0,1,0,30,0,0,0,0,0,29,0,1,0,30,0,0,0,30
05/24/2023,GUM,GU,AWP,WE,Federal Contract Tower,0,0,0,0,0,0,0,0,0,0,0,0,0,0,0,0,0,0,0
05/29/2023,GUM,GU,AWP,WE,Federal Contract Tower,18,0,0,0,18,0,0,5,0,5,18,0,5,0,23,0,0,0,23
05/30/2023,GUM,GU,AWP,WE,Federal Contract Tower,22,0,2,2,26,0,0,0,0,0,22,0,2,2,26,0,0,0,26
05/31/2023,GUM,GU,AWP,WE,Federal Contract Tower,31,0,6,4,41,0,0,1,5,6,31,0,7,9,47,2,12,14,61
06/01/2023,GUM,GU,AWP,WE,Federal Contract Tower,34,0,1,0,35,0,2,9,5,16,34,2,10,5,51,20,0,20,71
06/02/2023,GUM,GU,AWP,WE,Federal Contract Tower,36,1,0,0,37,0,11,23,0,34,36,12,23,0,71,0,0,0,71
06/03/2023,GUM,GU,AWP,WE,Federal Contract Tower,32,0,10,2,44,0,0,1,1,2,32,0,11,3,46,18,0,18,64
06/04/2023,GUM,GU,AWP,WE,Federal Contract Tower,32,0,4,0,36,0,0,1,2,3,32,0,5,2,39,11,0,11,50
06/05/2023,GUM,GU,AWP,WE,Federal Contract Tower,26,0,9,0,35,0,2,7,0,9,26,2,16,0,44,20,0,20,64
06/06/2023,GUM,GU,AWP,WE,Federal Contract Tower,28,0,6,0,34,0,6,6,0,12,28,6,12,0,46,16,0,16,62
06/07/2023,GUM,GU,AWP,WE,Federal Contract Tower,29,0,7,0,36,0,0,24,0,24,29,0,31,0,60,10,0,10,70
06/08/2023,GUM,GU,AWP,WE,Federal Contract Tower,34,0,5,3,42,0,3,17,4,24,34,3,22,7,66,43,0,43,109
06/09/2023,GUM,GU,AWP,WE,Federal Contract Tower,28,1,4,0,33,0,0,22,0,22,28,1,26,0,55,16,0,16,71
06/10/2023,GUM,GU,AWP,WE,Federal Contract Tower,23,0,6,0,29,0,0,21,0,21,23,0,27,0,50,13,0,13,63
06/11/2023,GUM,GU,AWP,WE,Federal Contract Tower,47,0,0,0,47,0,2,2,0,4,47,2,2,0,51,66,0,66,117
06/12/2023,GUM,GU,AWP,WE,Federal Contract Tower,37,0,10,0,47,0,2,5,0,7,37,2,15,0,54,62,0,62,116
06/13/2023,GUM,GU,AWP,WE,Federal Contract Tower,21,0,9,0,30,0,2,17,2,21,21,2,26,2,51,60,0,60,111
06/14/2023,GUM,GU,AWP,WE,Federal Contract Tower,22,0,5,0,27,0,5,34,4,43,22,5,39,4,70,88,0,88,158
06/15/2023,GUM,GU,AWP,WE,Federal Contract Tower,31,0,13,0,44,0,6,28,2,36,31,6,41,2,80,76,2,78,158
06/16/2023,GUM,GU,AWP,WE,Federal Contract Tower,29,0,3,1,33,0,0,36,0,36,29,0,39,1,69,79,0,79,148
06/17/2023,GUM,GU,AWP,WE,Federal Contract Tower,24,0,3,0,27,0,0,6,0,6,24,0,9,0,33,88,0,88,121
06/18/2023,GUM,GU,AWP,WE,Federal Contract Tower,26,0,5,0,31,0,0,12,0,12,26,0,17,0,43,86,0,86,129
06/19/2023,GUM,GU,AWP,WE,Federal Contract Tower,28,0,9,0,37,0,7,10,0,17,28,7,19,0,54,67,0,67,121
06/20/2023,GUM,GU,AWP,WE,Federal Contract Tower,25,0,7,6,38,0,4,12,2,18,25,4,19,8,56,46,0,46,102
06/21/2023,GUM,GU,AWP,WE,Federal Contract Tower,27,0,7,0,34,0,0,35,6,41,27,0,42,6,75,6,0,6,81
06/22/2023,GUM,GU,AWP,WE,Federal Contract Tower,28,0,6,2,36,0,0,26,0,26,28,0,32,2,62,52,0,52,114
06/23/2023,GUM,GU,AWP,WE,Federal Contract Tower,28,0,6,3,37,0,0,22,0,22,28,0,28,3,59,11,0,11,70
06/24/2023,GUM,GU,AWP,WE,Federal Contract Tower,27,0,3,0,30,0,1,18,0,19,27,1,21,0,49,0,0,0,49
06/25/2023,GUM,GU,AWP,WE,Federal Contract Tower,31,0,0,2,33,0,0,12,0,12,31,0,12,2,45,42,0,42,87
06/26/2023,GUM,GU,AWP,WE,Federal Contract Tower,45,0,4,3,52,0,6,7,2,15,45,6,11,5,67,28,10,38,105
06/27/2023,GUM,GU,AWP,WE,Federal Contract Tower,41,0,4,0,45,0,6,15,0,21,41,6,19,0,66,14,0,14,80
06/28/2023,GUM,GU,AWP,WE,Federal Contract Tower,32,0,4,8,44,0,0,27,3,30,32,0,31,11,74,56,0,56,130
06/29/2023,GUM,GU,AWP,WE,Federal Contract Tower,33,0,6,0,39,0,0,44,1,45,33,0,50,1,84,30,0,30,114
06/30/2023,GUM,GU,AWP,WE,Federal Contract Tower,38,0,3,1,42,0,0,51,0,51,38,0,54,1,93,26,0,26,119
07/01/2023,GUM,GU,AWP,WE,Federal Contract Tower,34,0,0,1,35,0,0,0,0,0,34,0,0,1,35,58,0,58,93
07/02/2023,GUM,GU,AWP,WE,Federal Contract Tower,42,0,2,0,44,0,0,11,0,11,42,0,13,0,55,86,0,86,141
07/03/2023,GUM,GU,AWP,WE,Federal Contract Tower,43,0,8,0,51,0,4,9,0,13,43,4,17,0,64,26,0,26,90
07/04/2023,GUM,GU,AWP,WE,Federal Contract Tower,36,0,1,0,37,0,4,18,0,22,36,4,19,0,59,6,0,6,65
07/05/2023,GUM,GU,AWP,WE,Federal Contract Tower,37,0,0,2,39,0,0,39,5,44,37,0,39,7,83,26,0,26,109
07/06/2023,GUM,GU,AWP,WE,Federal Contract Tower,38,0,9,0,47,0,0,28,0,28,38,0,37,0,75,27,0,27,102
07/07/2023,GUM,GU,AWP,WE,Federal Contract Tower,42,0,4,0,46,0,0,28,0,28,42,0,32,0,74,14,0,14,88
07/08/2023,GUM,GU,AWP,WE,Federal Contract Tower,32,0,6,0,38,0,2,6,0,8,32,2,12,0,46,12,0,12,58
07/09/2023,GUM,GU,AWP,WE,Federal Contract Tower,39,0,1,0,40,0,0,14,0,14,39,0,15,0,54,14,0,14,68
07/10/2023,GUM,GU,AWP,WE,Federal Contract Tower,42,0,8,2,52,0,8,18,0,26,42,8,26,2,78,16,0,16,94
07/11/2023,GUM,GU,AWP,WE,Federal Contract Tower,36,4,9,1,50,0,6,10,4,20,36,10,19,5,70,24,2,26,96
07/12/2023,GUM,GU,AWP,WE,Federal Contract Tower,38,0,4,0,42,0,0,24,4,28,38,0,28,4,70,14,3,17,87
07/13/2023,GUM,GU,AWP,WE,Federal Contract Tower,39,3,5,2,49,0,2,24,0,26,39,5,29,2,75,36,0,36,111
07/14/2023,GUM,GU,AWP,WE,Federal Contract Tower,46,0,4,0,50,0,0,44,0,44,46,0,48,0,94,70,0,70,164
07/15/2023,GUM,GU,AWP,WE,Federal Contract Tower,52,0,2,1,55,0,0,7,0,7,52,0,9,1,62,39,0,39,101
07/16/2023,GUM,GU,AWP,WE,Federal Contract Tower,48,3,0,0,51,0,0,9,0,9,48,3,9,0,60,34,0,34,94
07/17/2023,GUM,GU,AWP,WE,Federal Contract Tower,37,0,3,0,40,0,2,22,0,24,37,2,25,0,64,48,0,48,112
07/18/2023,GUM,GU,AWP,WE,Federal Contract Tower,46,0,4,0,50,0,9,18,6,33,46,9,22,6,83,32,0,32,115
07/19/2023,GUM,GU,AWP,WE,Federal Contract Tower,39,0,4,2,45,0,0,42,0,42,39,0,46,2,87,60,2,62,149
07/20/2023,GUM,GU,AWP,WE,Federal Contract Tower,48,0,4,1,53,0,0,49,0,49,48,0,53,1,102,82,0,82,184
07/21/2023,GUM,GU,AWP,WE,Federal Contract Tower,49,0,5,0,54,0,0,32,0,32,49,0,37,0,86,75,0,75,161
07/22/2023,GUM,GU,AWP,WE,Federal Contract Tower,49,0,3,0,52,0,0,34,0,34,49,0,37,0,86,76,0,76,162
07/23/2023,GUM,GU,AWP,WE,Federal Contract Tower,57,0,1,1,59,0,0,14,0,14,57,0,15,1,73,30,0,30,103
07/24/2023,GUM,GU,AWP,WE,Federal Contract Tower,48,0,13,0,61,0,2,3,0,5,48,2,16,0,66,30,0,30,96
07/25/2023,GUM,GU,AWP,WE,Federal Contract Tower,43,0,11,1,55,0,9,5,6,20,43,9,16,7,75,50,0,50,125
07/26/2023,GUM,GU,AWP,WE,Federal Contract Tower,47,0,10,3,60,0,0,17,0,17,47,0,27,3,77,59,0,59,136
07/27/2023,GUM,GU,AWP,WE,Federal Contract Tower,43,0,2,0,45,0,0,15,14,29,43,0,17,14,74,0,0,0,74
07/28/2023,GUM,GU,AWP,WE,Federal Contract Tower,40,0,7,0,47,0,0,24,0,24,40,0,31,0,71,26,0,26,97
07/29/2023,GUM,GU,AWP,WE,Federal Contract Tower,47,0,3,0,50,0,0,20,0,20,47,0,23,0,70,30,0,30,100
07/30/2023,GUM,GU,AWP,WE,Federal Contract Tower,50,4,4,0,58,0,0,36,0,36,50,4,40,0,94,44,0,44,138
07/31/2023,GUM,GU,AWP,WE,Federal Contract Tower,47,3,3,0,53,0,0,33,0,33,47,3,36,0,86,68,0,68,154
08/01/2023,GUM,GU,AWP,WE,Federal Contract Tower,49,0,7,1,57,0,0,26,0,26,49,0,33,1,83,76,0,76,159
08/02/2023,GUM,GU,AWP,WE,Federal Contract Tower,54,0,13,1,68,0,0,26,6,32,54,0,39,7,100,89,2,91,191
08/03/2023,GUM,GU,AWP,WE,Federal Contract Tower,51,0,4,1,56,0,0,50,0,50,51,0,54,1,106,70,0,70,176
08/04/2023,GUM,GU,AWP,WE,Federal Contract Tower,47,0,6,0,53,0,0,28,0,28,47,0,34,0,81,86,0,86,167
08/05/2023,GUM,GU,AWP,WE,Federal Contract Tower,52,0,5,0,57,0,0,52,0,52,52,0,57,0,109,80,0,80,189
08/06/2023,GUM,GU,AWP,WE,Federal Contract Tower,52,4,13,0,69,0,0,44,0,44,52,4,57,0,113,64,0,64,177
08/07/2023,GUM,GU,AWP,WE,Federal Contract Tower,46,0,14,2,62,0,2,20,4,26,46,2,34,6,88,134,0,134,222
08/08/2023,GUM,GU,AWP,WE,Federal Contract Tower,52,0,6,0,58,0,2,7,1,10,52,2,13,1,68,26,0,26,94
08/09/2023,GUM,GU,AWP,WE,Federal Contract Tower,46,1,9,2,58,0,0,19,0,19,46,1,28,2,77,52,0,52,129
08/10/2023,GUM,GU,AWP,WE,Federal Contract Tower,44,0,17,3,64,0,3,47,6,56,44,3,64,9,120,102,0,102,222
08/11/2023,GUM,GU,AWP,WE,Federal Contract Tower,51,0,11,1,63,0,0,9,0,9,51,0,20,1,72,58,0,58,130
08/12/2023,GUM,GU,AWP,WE,Federal Contract Tower,50,0,16,0,66,0,0,61,0,61,50,0,77,0,127,48,0,48,175
08/13/2023,GUM,GU,AWP,WE,Federal Contract Tower,49,0,0,0,49,0,0,18,0,18,49,0,18,0,67,22,0,22,89
08/14/2023,GUM,GU,AWP,WE,Federal Contract Tower,55,0,17,1,73,0,9,25,0,34,55,9,42,1,107,58,0,58,165
08/15/2023,GUM,GU,AWP,WE,Federal Contract Tower,48,1,15,4,68,0,2,48,2,52,48,3,63,6,120,50,0,50,170
08/16/2023,GUM,GU,AWP,WE,Federal Contract Tower,48,0,8,2,58,0,0,27,4,31,48,0,35,6,89,50,0,50,139
08/17/2023,GUM,GU,AWP,WE,Federal Contract Tower,44,0,11,1,56,0,0,52,0,52,44,0,63,1,108,26,0,26,134
08/18/2023,GUM,GU,AWP,WE,Federal Contract Tower,45,0,4,0,49,0,0,32,0,32,45,0,36,0,81,12,0,12,93
08/19/2023,GUM,GU,AWP,WE,Federal Contract Tower,49,0,3,0,52,0,0,40,0,40,49,0,43,0,92,30,0,30,122
08/20/2023,GUM,GU,AWP,WE,Federal Contract Tower,51,1,1,0,53,0,0,30,0,30,51,1,31,0,83,18,0,18,101
08/21/2023,GUM,GU,AWP,WE,Federal Contract Tower,52,0,6,0,58,0,2,29,0,31,52,2,35,0,89,22,0,22,111
08/22/2023,GUM,GU,AWP,WE,Federal Contract Tower,50,2,8,0,60,0,8,33,0,41,50,10,41,0,101,40,0,40,141
08/23/2023,GUM,GU,AWP,WE,Federal Contract Tower,48,0,2,4,54,0,3,26,7,36,48,3,28,11,90,8,0,8,98
08/24/2023,GUM,GU,AWP,WE,Federal Contract Tower,50,0,1,0,51,0,0,29,2,31,50,0,30,2,82,12,0,12,94
08/25/2023,GUM,GU,AWP,WE,Federal Contract Tower,47,1,8,0,56,0,0,54,0,54,47,1,62,0,110,36,0,36,146
08/26/2023,GUM,GU,AWP,WE,Federal Contract Tower,50,0,6,0,56,0,0,14,0,14,50,0,20,0,70,40,0,40,110
08/27/2023,GUM,GU,AWP,WE,Federal Contract Tower,39,0,4,0,43,0,2,21,0,23,39,2,25,0,66,4,0,4,70
08/28/2023,GUM,GU,AWP,WE,Federal Contract Tower,49,0,6,0,55,0,2,20,0,22,49,2,26,0,77,6,0,6,83
08/29/2023,GUM,GU,AWP,WE,Federal Contract Tower,49,0,2,0,51,0,7,9,0,16,49,7,11,0,67,40,0,40,107
08/30/2023,GUM,GU,AWP,WE,Federal Contract Tower,44,0,3,0,47,0,0,52,0,52,44,0,55,0,99,0,0,0,99
08/31/2023,GUM,GU,AWP,WE,Federal Contract Tower,51,0,7,0,58,0,0,6,0,6,51,0,13,0,64,0,0,0,64
