01/01/2020,GYH,SC,ASO,ES,Federal Contract Tower,0,2,0,0,2,0,14,42,0,56,0,16,42,0,58,38,0,38,96
01/02/2020,GYH,SC,ASO,ES,Federal Contract Tower,0,5,0,3,8,0,2,14,4,20,0,7,14,7,28,14,0,14,42
01/03/2020,GYH,SC,ASO,ES,Federal Contract Tower,0,8,2,0,10,0,0,0,0,0,0,8,2,0,10,0,0,0,10
01/04/2020,GYH,SC,ASO,ES,Federal Contract Tower,0,2,0,0,2,0,6,1,0,7,0,8,1,0,9,0,0,0,9
01/05/2020,GYH,SC,ASO,ES,Federal Contract Tower,0,5,0,0,5,0,18,23,0,41,0,23,23,0,46,26,0,26,72
01/06/2020,GYH,SC,ASO,ES,Federal Contract Tower,0,7,0,0,7,0,12,36,16,64,0,19,36,16,71,50,20,70,141
01/07/2020,GYH,SC,ASO,ES,Federal Contract Tower,0,9,0,1,10,0,12,14,17,43,0,21,14,18,53,22,16,38,91
01/08/2020,GYH,SC,ASO,ES,Federal Contract Tower,0,6,6,4,16,0,22,54,22,98,0,28,60,26,114,84,4,88,202
01/09/2020,GYH,SC,ASO,ES,Federal Contract Tower,0,8,2,1,11,0,4,29,10,43,0,12,31,11,54,30,8,38,92
01/10/2020,GYH,SC,ASO,ES,Federal Contract Tower,0,6,6,3,15,0,17,17,10,44,0,23,23,13,59,26,2,28,87
01/11/2020,GYH,SC,ASO,ES,Federal Contract Tower,0,1,1,2,4,0,0,0,0,0,0,1,1,2,4,0,0,0,4
01/12/2020,GYH,SC,ASO,ES,Federal Contract Tower,0,8,1,3,12,0,4,25,6,35,0,12,26,9,47,24,6,30,77
01/13/2020,GYH,SC,ASO,ES,Federal Contract Tower,0,9,4,3,16,0,6,0,5,11,0,15,4,8,27,0,8,8,35
01/14/2020,GYH,SC,ASO,ES,Federal Contract Tower,0,25,1,15,41,0,1,0,13,14,0,26,1,28,55,0,8,8,63
01/15/2020,GYH,SC,ASO,ES,Federal Contract Tower,0,11,1,9,21,0,12,23,38,73,0,23,24,47,94,36,0,36,130
01/16/2020,GYH,SC,ASO,ES,Federal Contract Tower,0,9,6,4,19,0,28,23,34,85,0,37,29,38,104,10,4,14,118
01/17/2020,GYH,SC,ASO,ES,Federal Contract Tower,0,7,11,3,21,0,16,49,4,69,0,23,60,7,90,78,4,82,172
01/18/2020,GYH,SC,ASO,ES,Federal Contract Tower,0,5,0,0,5,0,0,8,0,8,0,5,8,0,13,8,0,8,21
01/19/2020,GYH,SC,ASO,ES,Federal Contract Tower,0,5,0,5,10,0,17,32,0,49,0,22,32,5,59,56,0,56,115
01/20/2020,GYH,SC,ASO,ES,Federal Contract Tower,0,5,2,0,7,0,9,47,0,56,0,14,49,0,63,80,0,80,143
01/21/2020,GYH,SC,ASO,ES,Federal Contract Tower,0,4,5,5,14,0,14,30,16,60,0,18,35,21,74,26,0,26,100
01/22/2020,GYH,SC,ASO,ES,Federal Contract Tower,0,7,8,1,16,0,10,51,8,69,0,17,59,9,85,52,0,52,137
01/23/2020,GYH,SC,ASO,ES,Federal Contract Tower,0,4,5,4,13,0,1,45,20,66,0,5,50,24,79,66,2,68,147
01/24/2020,GYH,SC,ASO,ES,Federal Contract Tower,0,2,1,2,5,0,0,0,0,0,0,2,1,2,5,0,0,0,5
01/25/2020,GYH,SC,ASO,ES,Federal Contract Tower,0,4,1,0,5,0,10,58,2,70,0,14,59,2,75,76,0,76,151
01/26/2020,GYH,SC,ASO,ES,Federal Contract Tower,0,1,4,0,5,0,8,53,0,61,0,9,57,0,66,70,0,70,136
01/27/2020,GYH,SC,ASO,ES,Federal Contract Tower,0,7,0,3,10,0,12,35,2,49,0,19,35,5,59,52,0,52,111
01/28/2020,GYH,SC,ASO,ES,Federal Contract Tower,0,16,6,4,26,0,11,64,21,96,0,27,70,25,122,66,2,68,190
01/29/2020,GYH,SC,ASO,ES,Federal Contract Tower,0,14,1,2,17,0,8,58,43,109,0,22,59,45,126,110,2,112,238
01/30/2020,GYH,SC,ASO,ES,Federal Contract Tower,0,19,1,2,22,0,18,72,21,111,0,37,73,23,133,78,0,78,211
01/31/2020,GYH,SC,ASO,ES,Federal Contract Tower,0,7,0,1,8,0,2,0,2,4,0,9,0,3,12,0,0,0,12
02/01/2020,GYH,SC,ASO,ES,Federal Contract Tower,0,3,2,0,5,0,16,50,0,66,0,19,52,0,71,76,0,76,147
02/02/2020,GYH,SC,ASO,ES,Federal Contract Tower,0,5,2,2,9,0,8,41,0,49,0,13,43,2,58,66,0,66,124
02/03/2020,GYH,SC,ASO,ES,Federal Contract Tower,0,6,7,1,14,0,4,25,0,29,0,10,32,1,43,32,0,32,75
02/04/2020,GYH,SC,ASO,ES,Federal Contract Tower,0,11,0,7,18,0,11,32,29,72,0,22,32,36,90,44,16,60,150
02/05/2020,GYH,SC,ASO,ES,Federal Contract Tower,0,10,0,0,10,0,0,0,0,0,0,10,0,0,10,0,0,0,10
02/06/2020,GYH,SC,ASO,ES,Federal Contract Tower,0,1,0,0,1,0,0,0,0,0,0,1,0,0,1,0,0,0,1
02/07/2020,GYH,SC,ASO,ES,Federal Contract Tower,0,11,2,2,15,0,14,3,16,33,0,25,5,18,48,0,0,0,48
02/08/2020,GYH,SC,ASO,ES,Federal Contract Tower,0,1,3,1,5,0,2,0,0,2,0,3,3,1,7,0,0,0,7
02/09/2020,GYH,SC,ASO,ES,Federal Contract Tower,0,2,1,2,5,0,0,11,2,13,0,2,12,4,18,14,0,14,32
02/10/2020,GYH,SC,ASO,ES,Federal Contract Tower,0,3,1,2,6,0,2,8,0,10,0,5,9,2,16,12,0,12,28
02/11/2020,GYH,SC,ASO,ES,Federal Contract Tower,0,9,1,3,13,0,2,0,8,10,0,11,1,11,23,0,0,0,23
02/12/2020,GYH,SC,ASO,ES,Federal Contract Tower,0,13,5,5,23,0,4,0,45,49,0,17,5,50,72,0,18,18,90
02/13/2020,GYH,SC,ASO,ES,Federal Contract Tower,0,4,0,3,7,0,2,4,31,37,0,6,4,34,44,4,20,24,68
02/14/2020,GYH,SC,ASO,ES,Federal Contract Tower,0,6,6,1,13,0,14,44,11,69,0,20,50,12,82,78,6,84,166
02/15/2020,GYH,SC,ASO,ES,Federal Contract Tower,0,3,1,0,4,0,13,38,0,51,0,16,39,0,55,78,0,78,133
02/16/2020,GYH,SC,ASO,ES,Federal Contract Tower,0,2,3,0,5,0,12,23,0,35,0,14,26,0,40,36,0,36,76
02/17/2020,GYH,SC,ASO,ES,Federal Contract Tower,0,16,4,0,20,0,7,65,0,72,0,23,69,0,92,78,0,78,170
02/18/2020,GYH,SC,ASO,ES,Federal Contract Tower,0,9,0,3,12,0,0,0,0,0,0,9,0,3,12,0,0,0,12
02/19/2020,GYH,SC,ASO,ES,Federal Contract Tower,0,6,4,1,11,0,4,10,8,22,0,10,14,9,33,14,0,14,47
02/20/2020,GYH,SC,ASO,ES,Federal Contract Tower,0,6,0,0,6,0,0,6,7,13,0,6,6,7,19,4,4,8,27
02/21/2020,GYH,SC,ASO,ES,Federal Contract Tower,0,19,0,3,22,0,20,39,14,73,0,39,39,17,95,72,0,72,167
02/22/2020,GYH,SC,ASO,ES,Federal Contract Tower,0,7,3,0,10,0,20,74,1,95,0,27,77,1,105,100,0,100,205
02/23/2020,GYH,SC,ASO,ES,Federal Contract Tower,0,1,1,0,2,0,16,35,2,53,0,17,36,2,55,36,0,36,91
02/24/2020,GYH,SC,ASO,ES,Federal Contract Tower,0,5,2,2,9,0,4,19,16,39,0,9,21,18,48,14,10,24,72
02/25/2020,GYH,SC,ASO,ES,Federal Contract Tower,0,6,1,11,18,0,9,33,16,58,0,15,34,27,76,40,30,70,146
02/26/2020,GYH,SC,ASO,ES,Federal Contract Tower,0,12,1,1,14,0,7,19,47,73,0,19,20,48,87,10,4,14,101
02/27/2020,GYH,SC,ASO,ES,Federal Contract Tower,0,5,2,2,9,0,13,53,10,76,0,18,55,12,85,98,2,100,185
02/28/2020,GYH,SC,ASO,ES,Federal Contract Tower,0,3,1,0,4,0,46,31,12,89,0,49,32,12,93,40,12,52,145
02/29/2020,GYH,SC,ASO,ES,Federal Contract Tower,0,6,3,2,11,0,16,34,8,58,0,22,37,10,69,36,0,36,105
03/01/2020,GYH,SC,ASO,ES,Federal Contract Tower,0,8,3,0,11,0,9,73,1,83,0,17,76,1,94,112,0,112,206
03/02/2020,GYH,SC,ASO,ES,Federal Contract Tower,0,6,1,2,9,0,19,32,0,51,0,25,33,2,60,58,0,58,118
03/03/2020,GYH,SC,ASO,ES,Federal Contract Tower,0,5,0,0,5,0,18,0,2,20,0,23,0,2,25,24,0,24,49
03/04/2020,GYH,SC,ASO,ES,Federal Contract Tower,0,24,1,2,27,0,37,18,20,75,0,61,19,22,102,16,0,16,118
03/05/2020,GYH,SC,ASO,ES,Federal Contract Tower,0,9,0,3,12,0,0,0,0,0,0,9,0,3,12,0,0,0,12
03/06/2020,GYH,SC,ASO,ES,Federal Contract Tower,0,7,1,4,12,0,19,15,16,50,0,26,16,20,62,8,6,14,76
03/07/2020,GYH,SC,ASO,ES,Federal Contract Tower,0,3,0,0,3,0,16,39,0,55,0,19,39,0,58,46,0,46,104
03/08/2020,GYH,SC,ASO,ES,Federal Contract Tower,0,4,3,0,7,0,0,62,0,62,0,4,65,0,69,82,0,82,151
03/09/2020,GYH,SC,ASO,ES,Federal Contract Tower,0,2,2,0,4,0,9,52,4,65,0,11,54,4,69,48,4,52,121
03/10/2020,GYH,SC,ASO,ES,Federal Contract Tower,0,3,0,2,5,0,6,21,25,52,0,9,21,27,57,24,32,56,113
03/11/2020,GYH,SC,ASO,ES,Federal Contract Tower,0,9,3,3,15,0,2,42,25,69,0,11,45,28,84,40,0,40,124
03/12/2020,GYH,SC,ASO,ES,Federal Contract Tower,0,12,2,1,15,0,14,59,27,100,0,26,61,28,115,88,0,88,203
03/13/2020,GYH,SC,ASO,ES,Federal Contract Tower,0,12,5,1,18,0,30,33,12,75,0,42,38,13,93,34,2,36,129
03/14/2020,GYH,SC,ASO,ES,Federal Contract Tower,0,6,3,0,9,0,14,99,8,121,0,20,102,8,130,98,0,98,228
03/15/2020,GYH,SC,ASO,ES,Federal Contract Tower,0,5,1,0,6,0,2,13,0,15,0,7,14,0,21,24,0,24,45
03/16/2020,GYH,SC,ASO,ES,Federal Contract Tower,0,13,3,0,16,0,12,6,0,18,0,25,9,0,34,10,0,10,44
03/17/2020,GYH,SC,ASO,ES,Federal Contract Tower,0,9,2,28,39,0,2,9,25,36,0,11,11,53,75,16,20,36,111
03/18/2020,GYH,SC,ASO,ES,Federal Contract Tower,0,11,3,5,19,0,0,0,0,0,0,11,3,5,19,0,0,0,19
03/19/2020,GYH,SC,ASO,ES,Federal Contract Tower,0,9,3,3,15,0,2,39,8,49,0,11,42,11,64,36,0,36,100
03/20/2020,GYH,SC,ASO,ES,Federal Contract Tower,0,5,1,0,6,0,23,40,11,74,0,28,41,11,80,68,0,68,148
03/21/2020,GYH,SC,ASO,ES,Federal Contract Tower,0,7,0,0,7,0,6,45,0,51,0,13,45,0,58,60,0,60,118
03/22/2020,GYH,SC,ASO,ES,Federal Contract Tower,0,1,0,0,1,0,12,6,6,24,0,13,6,6,25,16,0,16,41
03/23/2020,GYH,SC,ASO,ES,Federal Contract Tower,0,4,2,0,6,0,0,0,0,0,0,4,2,0,6,0,0,0,6
03/24/2020,GYH,SC,ASO,ES,Federal Contract Tower,0,2,0,0,2,0,0,0,0,0,0,2,0,0,2,0,0,0,2
03/25/2020,GYH,SC,ASO,ES,Federal Contract Tower,0,20,3,2,25,0,30,22,25,77,0,50,25,27,102,32,8,40,142
03/26/2020,GYH,SC,ASO,ES,Federal Contract Tower,0,5,5,3,13,0,8,54,25,87,0,13,59,28,100,82,6,88,188
03/27/2020,GYH,SC,ASO,ES,Federal Contract Tower,0,12,2,1,15,0,16,35,2,53,0,28,37,3,68,24,0,24,92
03/28/2020,GYH,SC,ASO,ES,Federal Contract Tower,0,0,0,0,0,0,12,46,0,58,0,12,46,0,58,36,0,36,94
03/29/2020,GYH,SC,ASO,ES,Federal Contract Tower,0,0,0,0,0,0,8,4,0,12,0,8,4,0,12,6,0,6,18
03/30/2020,GYH,SC,ASO,ES,Federal Contract Tower,0,6,3,0,9,0,17,57,2,76,0,23,60,2,85,98,0,98,183
03/31/2020,GYH,SC,ASO,ES,Federal Contract Tower,0,2,0,2,4,0,4,5,6,15,0,6,5,8,19,0,2,2,21
04/01/2020,GYH,SC,ASO,ES,Federal Contract Tower,0,1,2,1,4,0,14,69,16,99,0,15,71,17,103,86,0,86,189
04/02/2020,GYH,SC,ASO,ES,Federal Contract Tower,0,4,1,0,5,0,26,47,24,97,0,30,48,24,102,54,0,54,156
04/03/2020,GYH,SC,ASO,ES,Federal Contract Tower,0,2,2,0,4,0,18,58,4,80,0,20,60,4,84,116,4,120,204
04/04/2020,GYH,SC,ASO,ES,Federal Contract Tower,0,4,0,0,4,0,2,61,0,63,0,6,61,0,67,68,0,68,135
04/05/2020,GYH,SC,ASO,ES,Federal Contract Tower,0,0,0,0,0,0,6,25,0,31,0,6,25,0,31,38,0,38,69
04/06/2020,GYH,SC,ASO,ES,Federal Contract Tower,0,0,3,2,5,0,10,24,3,37,0,10,27,5,42,26,0,26,68
04/07/2020,GYH,SC,ASO,ES,Federal Contract Tower,0,6,0,2,8,0,12,13,45,70,0,18,13,47,78,12,18,30,108
04/08/2020,GYH,SC,ASO,ES,Federal Contract Tower,0,1,5,3,9,0,7,24,17,48,0,8,29,20,57,30,0,30,87
04/09/2020,GYH,SC,ASO,ES,Federal Contract Tower,0,1,3,6,10,0,4,9,35,48,0,5,12,41,58,8,22,30,88
04/10/2020,GYH,SC,ASO,ES,Federal Contract Tower,0,4,0,0,4,0,0,6,3,9,0,4,6,3,13,12,0,12,25
04/11/2020,GYH,SC,ASO,ES,Federal Contract Tower,0,1,0,0,1,0,4,41,0,45,0,5,41,0,46,94,0,94,140
04/12/2020,GYH,SC,ASO,ES,Federal Contract Tower,0,0,0,0,0,0,0,0,0,0,0,0,0,0,0,0,0,0,0
04/13/2020,GYH,SC,ASO,ES,Federal Contract Tower,0,1,0,0,1,0,16,9,6,31,0,17,9,6,32,6,0,6,38
04/14/2020,GYH,SC,ASO,ES,Federal Contract Tower,0,5,3,0,8,0,3,39,24,66,0,8,42,24,74,56,24,80,154
04/15/2020,GYH,SC,ASO,ES,Federal Contract Tower,0,3,9,0,12,0,4,30,34,68,0,7,39,34,80,36,2,38,118
04/16/2020,GYH,SC,ASO,ES,Federal Contract Tower,0,3,3,0,6,0,15,45,55,115,0,18,48,55,121,82,6,88,209
04/17/2020,GYH,SC,ASO,ES,Federal Contract Tower,0,12,2,2,16,0,30,43,2,75,0,42,45,4,91,66,0,66,157
04/18/2020,GYH,SC,ASO,ES,Federal Contract Tower,0,1,4,0,5,0,10,34,0,44,0,11,38,0,49,50,0,50,99
04/19/2020,GYH,SC,ASO,ES,Federal Contract Tower,0,0,6,0,6,0,16,32,2,50,0,16,38,2,56,54,0,54,110
04/20/2020,GYH,SC,ASO,ES,Federal Contract Tower,0,14,2,0,16,0,5,28,3,36,0,19,30,3,52,42,0,42,94
04/21/2020,GYH,SC,ASO,ES,Federal Contract Tower,0,4,2,1,7,0,28,46,38,112,0,32,48,39,119,72,24,96,215
04/22/2020,GYH,SC,ASO,ES,Federal Contract Tower,0,10,8,0,18,0,16,33,34,83,0,26,41,34,101,38,0,38,139
04/23/2020,GYH,SC,ASO,ES,Federal Contract Tower,0,2,0,0,2,0,0,0,0,0,0,2,0,0,2,0,0,0,2
04/24/2020,GYH,SC,ASO,ES,Federal Contract Tower,0,6,4,0,10,0,15,50,17,82,0,21,54,17,92,104,10,114,206
04/25/2020,GYH,SC,ASO,ES,Federal Contract Tower,0,3,2,0,5,0,5,48,0,53,0,8,50,0,58,54,0,54,112
04/26/2020,GYH,SC,ASO,ES,Federal Contract Tower,0,0,0,4,4,0,16,15,6,37,0,16,15,10,41,34,0,34,75
04/27/2020,GYH,SC,ASO,ES,Federal Contract Tower,0,8,8,0,16,0,11,29,0,40,0,19,37,0,56,30,0,30,86
04/28/2020,GYH,SC,ASO,ES,Federal Contract Tower,0,10,5,0,15,0,14,67,25,106,0,24,72,25,121,116,10,126,247
04/29/2020,GYH,SC,ASO,ES,Federal Contract Tower,0,3,2,0,5,0,16,12,16,44,0,19,14,16,49,14,2,16,65
04/30/2020,GYH,SC,ASO,ES,Federal Contract Tower,0,10,4,4,18,0,9,33,32,74,0,19,37,36,92,60,2,62,154
05/01/2020,GYH,SC,ASO,ES,Federal Contract Tower,0,8,0,1,9,0,22,63,4,89,0,30,63,5,98,114,4,118,216
05/02/2020,GYH,SC,ASO,ES,Federal Contract Tower,0,2,2,0,4,0,10,74,0,84,0,12,76,0,88,116,0,116,204
05/03/2020,GYH,SC,ASO,ES,Federal Contract Tower,0,2,3,0,5,0,6,38,0,44,0,8,41,0,49,74,0,74,123
05/04/2020,GYH,SC,ASO,ES,Federal Contract Tower,0,5,0,3,8,0,11,50,2,63,0,16,50,5,71,72,0,72,143
05/05/2020,GYH,SC,ASO,ES,Federal Contract Tower,0,7,5,2,14,0,12,38,8,58,0,19,43,10,72,78,0,78,150
05/06/2020,GYH,SC,ASO,ES,Federal Contract Tower,0,6,0,3,9,0,10,23,47,80,0,16,23,50,89,34,2,36,125
05/07/2020,GYH,SC,ASO,ES,Federal Contract Tower,0,13,0,1,14,0,36,60,22,118,0,49,60,23,132,74,16,90,222
05/08/2020,GYH,SC,ASO,ES,Federal Contract Tower,0,6,0,0,6,0,22,9,1,32,0,28,9,1,38,22,0,22,60
05/09/2020,GYH,SC,ASO,ES,Federal Contract Tower,0,6,0,0,6,0,10,38,0,48,0,16,38,0,54,68,0,68,122
05/10/2020,GYH,SC,ASO,ES,Federal Contract Tower,0,2,0,0,2,0,6,23,0,29,0,8,23,0,31,32,0,32,63
05/11/2020,GYH,SC,ASO,ES,Federal Contract Tower,0,3,0,0,3,0,12,23,6,41,0,15,23,6,44,40,6,46,90
05/12/2020,GYH,SC,ASO,ES,Federal Contract Tower,0,8,0,7,15,0,22,56,10,88,0,30,56,17,103,94,0,94,197
05/13/2020,GYH,SC,ASO,ES,Federal Contract Tower,0,2,2,3,7,0,11,59,7,77,0,13,61,10,84,138,2,140,224
05/14/2020,GYH,SC,ASO,ES,Federal Contract Tower,0,8,10,1,19,0,21,47,25,93,0,29,57,26,112,56,18,74,186
05/15/2020,GYH,SC,ASO,ES,Federal Contract Tower,0,3,6,4,13,0,8,51,4,63,0,11,57,8,76,76,0,76,152
05/16/2020,GYH,SC,ASO,ES,Federal Contract Tower,0,1,1,0,2,0,12,65,0,77,0,13,66,0,79,88,0,88,167
05/17/2020,GYH,SC,ASO,ES,Federal Contract Tower,0,3,4,0,7,0,4,35,0,39,0,7,39,0,46,56,0,56,102
05/18/2020,GYH,SC,ASO,ES,Federal Contract Tower,0,2,5,0,7,0,1,0,0,1,0,3,5,0,8,0,0,0,8
05/19/2020,GYH,SC,ASO,ES,Federal Contract Tower,0,2,4,1,7,0,0,0,0,0,0,2,4,1,7,0,0,0,7
05/20/2020,GYH,SC,ASO,ES,Federal Contract Tower,0,5,0,0,5,0,0,0,0,0,0,5,0,0,5,0,0,0,5
05/21/2020,GYH,SC,ASO,ES,Federal Contract Tower,0,7,5,3,15,0,7,26,14,47,0,14,31,17,62,62,10,72,134
05/22/2020,GYH,SC,ASO,ES,Federal Contract Tower,0,10,2,3,15,0,6,60,10,76,0,16,62,13,91,82,6,88,179
05/23/2020,GYH,SC,ASO,ES,Federal Contract Tower,0,0,1,0,1,0,6,36,0,42,0,6,37,0,43,58,0,58,101
05/24/2020,GYH,SC,ASO,ES,Federal Contract Tower,0,3,1,0,4,0,6,41,0,47,0,9,42,0,51,60,0,60,111
05/25/2020,GYH,SC,ASO,ES,Federal Contract Tower,0,9,0,0,9,0,4,27,0,31,0,13,27,0,40,58,0,58,98
05/26/2020,GYH,SC,ASO,ES,Federal Contract Tower,0,5,8,3,16,0,15,22,14,51,0,20,30,17,67,50,8,58,125
05/27/2020,GYH,SC,ASO,ES,Federal Contract Tower,0,13,4,2,19,0,4,2,4,10,0,17,6,6,29,4,0,4,33
05/28/2020,GYH,SC,ASO,ES,Federal Contract Tower,0,8,6,4,18,0,0,36,4,40,0,8,42,8,58,34,0,34,92
05/29/2020,GYH,SC,ASO,ES,Federal Contract Tower,0,6,2,2,10,0,1,49,0,50,0,7,51,2,60,62,0,62,122
05/30/2020,GYH,SC,ASO,ES,Federal Contract Tower,0,3,2,0,5,0,26,38,0,64,0,29,40,0,69,98,0,98,167
05/31/2020,GYH,SC,ASO,ES,Federal Contract Tower,0,6,0,2,8,0,10,35,0,45,0,16,35,2,53,34,0,34,87
06/01/2020,GYH,SC,ASO,ES,Federal Contract Tower,0,7,3,0,10,0,0,80,0,80,0,7,83,0,90,130,0,130,220
06/02/2020,GYH,SC,ASO,ES,Federal Contract Tower,0,7,2,1,10,0,26,57,22,105,0,33,59,23,115,66,12,78,193
06/03/2020,GYH,SC,ASO,ES,Federal Contract Tower,0,5,0,0,5,0,17,52,19,88,0,22,52,19,93,92,10,102,195
06/04/2020,GYH,SC,ASO,ES,Federal Contract Tower,0,7,9,2,18,0,14,68,22,104,0,21,77,24,122,102,14,116,238
06/05/2020,GYH,SC,ASO,ES,Federal Contract Tower,0,2,5,4,11,0,10,25,1,36,0,12,30,5,47,32,0,32,79
06/06/2020,GYH,SC,ASO,ES,Federal Contract Tower,0,3,2,1,6,0,22,53,0,75,0,25,55,1,81,62,0,62,143
06/07/2020,GYH,SC,ASO,ES,Federal Contract Tower,0,11,0,3,14,0,23,34,0,57,0,34,34,3,71,70,0,70,141
06/08/2020,GYH,SC,ASO,ES,Federal Contract Tower,0,4,5,5,14,0,6,44,4,54,0,10,49,9,68,66,4,70,138
06/09/2020,GYH,SC,ASO,ES,Federal Contract Tower,0,3,1,1,5,0,14,19,17,50,0,17,20,18,55,22,22,44,99
06/10/2020,GYH,SC,ASO,ES,Federal Contract Tower,0,2,4,3,9,0,22,6,6,34,0,24,10,9,43,16,0,16,59
06/11/2020,GYH,SC,ASO,ES,Federal Contract Tower,0,6,2,0,8,0,27,62,18,107,0,33,64,18,115,70,0,70,185
06/12/2020,GYH,SC,ASO,ES,Federal Contract Tower,0,14,2,5,21,0,24,51,10,85,0,38,53,15,106,56,0,56,162
06/13/2020,GYH,SC,ASO,ES,Federal Contract Tower,0,1,4,1,6,0,28,34,0,62,0,29,38,1,68,62,0,62,130
06/14/2020,GYH,SC,ASO,ES,Federal Contract Tower,0,4,2,0,6,0,5,37,0,42,0,9,39,0,48,40,0,40,88
06/15/2020,GYH,SC,ASO,ES,Federal Contract Tower,0,7,4,0,11,0,2,30,0,32,0,9,34,0,43,46,0,46,89
06/16/2020,GYH,SC,ASO,ES,Federal Contract Tower,0,19,2,15,36,0,2,3,26,31,0,21,5,41,67,0,14,14,81
06/17/2020,GYH,SC,ASO,ES,Federal Contract Tower,0,13,1,2,16,0,4,50,27,81,0,17,51,29,97,66,20,86,183
06/18/2020,GYH,SC,ASO,ES,Federal Contract Tower,0,10,0,5,15,0,24,50,24,98,0,34,50,29,113,50,0,50,163
06/19/2020,GYH,SC,ASO,ES,Federal Contract Tower,0,5,6,4,15,0,19,22,19,60,0,24,28,23,75,38,6,44,119
06/20/2020,GYH,SC,ASO,ES,Federal Contract Tower,0,0,0,0,0,0,20,0,0,20,0,20,0,0,20,0,0,0,20
06/21/2020,GYH,SC,ASO,ES,Federal Contract Tower,0,4,0,1,5,0,5,13,5,23,0,9,13,6,28,12,8,20,48
06/22/2020,GYH,SC,ASO,ES,Federal Contract Tower,0,3,1,0,4,0,6,21,1,28,0,9,22,1,32,26,0,26,58
06/23/2020,GYH,SC,ASO,ES,Federal Contract Tower,0,5,1,0,6,0,12,4,9,25,0,17,5,9,31,0,2,2,33
06/24/2020,GYH,SC,ASO,ES,Federal Contract Tower,0,8,3,3,14,0,11,47,27,85,0,19,50,30,99,66,8,74,173
06/25/2020,GYH,SC,ASO,ES,Federal Contract Tower,0,8,1,6,15,0,20,37,17,74,0,28,38,23,89,48,12,60,149
06/26/2020,GYH,SC,ASO,ES,Federal Contract Tower,0,6,0,1,7,0,28,48,4,80,0,34,48,5,87,60,0,60,147
06/27/2020,GYH,SC,ASO,ES,Federal Contract Tower,0,5,0,1,6,0,4,23,2,29,0,9,23,3,35,40,0,40,75
06/28/2020,GYH,SC,ASO,ES,Federal Contract Tower,0,0,0,0,0,0,12,24,0,36,0,12,24,0,36,20,0,20,56
06/29/2020,GYH,SC,ASO,ES,Federal Contract Tower,0,8,7,1,16,0,6,35,5,46,0,14,42,6,62,48,0,48,110
06/30/2020,GYH,SC,ASO,ES,Federal Contract Tower,0,2,0,4,6,0,17,51,14,82,0,19,51,18,88,56,6,62,150
07/01/2020,GYH,SC,ASO,ES,Federal Contract Tower,0,8,3,5,16,0,11,23,19,53,0,19,26,24,69,44,2,46,115
07/02/2020,GYH,SC,ASO,ES,Federal Contract Tower,0,9,1,2,12,0,29,49,13,91,0,38,50,15,103,52,4,56,159
07/03/2020,GYH,SC,ASO,ES,Federal Contract Tower,0,8,2,0,10,0,16,28,0,44,0,24,30,0,54,40,0,40,94
07/04/2020,GYH,SC,ASO,ES,Federal Contract Tower,0,10,0,0,10,0,40,13,0,53,0,50,13,0,63,16,0,16,79
07/05/2020,GYH,SC,ASO,ES,Federal Contract Tower,0,3,0,0,3,0,12,15,0,27,0,15,15,0,30,18,0,18,48
07/06/2020,GYH,SC,ASO,ES,Federal Contract Tower,0,7,3,0,10,0,7,24,0,31,0,14,27,0,41,38,0,38,79
07/07/2020,GYH,SC,ASO,ES,Federal Contract Tower,0,5,1,0,6,0,10,1,2,13,0,15,2,2,19,0,0,0,19
07/08/2020,GYH,SC,ASO,ES,Federal Contract Tower,0,5,1,2,8,0,26,20,28,74,0,31,21,30,82,32,0,32,114
07/09/2020,GYH,SC,ASO,ES,Federal Contract Tower,0,8,3,5,16,0,15,32,4,51,0,23,35,9,67,28,0,28,95
07/10/2020,GYH,SC,ASO,ES,Federal Contract Tower,0,6,1,0,7,0,46,37,5,88,0,52,38,5,95,50,0,50,145
07/11/2020,GYH,SC,ASO,ES,Federal Contract Tower,0,4,4,1,9,0,4,41,3,48,0,8,45,4,57,28,0,28,85
07/12/2020,GYH,SC,ASO,ES,Federal Contract Tower,0,1,4,2,7,0,0,28,6,34,0,1,32,8,41,14,0,14,55
07/13/2020,GYH,SC,ASO,ES,Federal Contract Tower,0,9,0,6,15,0,22,27,1,50,0,31,27,7,65,8,0,8,73
07/14/2020,GYH,SC,ASO,ES,Federal Contract Tower,0,4,4,1,9,0,23,47,8,78,0,27,51,9,87,52,0,52,139
07/15/2020,GYH,SC,ASO,ES,Federal Contract Tower,0,11,0,2,13,0,42,30,6,78,0,53,30,8,91,50,0,50,141
07/16/2020,GYH,SC,ASO,ES,Federal Contract Tower,0,7,3,2,12,0,6,24,17,47,0,13,27,19,59,30,2,32,91
07/17/2020,GYH,SC,ASO,ES,Federal Contract Tower,0,8,2,3,13,0,30,41,1,72,0,38,43,4,85,58,2,60,145
07/18/2020,GYH,SC,ASO,ES,Federal Contract Tower,0,6,1,1,8,0,10,18,0,28,0,16,19,1,36,22,0,22,58
07/19/2020,GYH,SC,ASO,ES,Federal Contract Tower,0,4,1,0,5,0,5,31,0,36,0,9,32,0,41,50,0,50,91
07/20/2020,GYH,SC,ASO,ES,Federal Contract Tower,0,6,2,2,10,0,7,23,5,35,0,13,25,7,45,36,12,48,93
07/21/2020,GYH,SC,ASO,ES,Federal Contract Tower,0,6,0,5,11,0,7,30,27,64,0,13,30,32,75,32,20,52,127
07/22/2020,GYH,SC,ASO,ES,Federal Contract Tower,0,10,0,4,14,0,0,32,23,55,0,10,32,27,69,24,34,58,127
07/23/2020,GYH,SC,ASO,ES,Federal Contract Tower,0,7,0,7,14,0,8,26,8,42,0,15,26,15,56,16,2,18,74
07/24/2020,GYH,SC,ASO,ES,Federal Contract Tower,0,5,5,2,12,0,10,38,10,58,0,15,43,12,70,36,20,56,126
07/25/2020,GYH,SC,ASO,ES,Federal Contract Tower,0,4,1,0,5,0,8,38,0,46,0,12,39,0,51,56,0,56,107
07/26/2020,GYH,SC,ASO,ES,Federal Contract Tower,0,1,2,0,3,0,24,31,0,55,0,25,33,0,58,26,0,26,84
07/27/2020,GYH,SC,ASO,ES,Federal Contract Tower,0,3,3,0,6,0,2,29,0,31,0,5,32,0,37,32,0,32,69
07/28/2020,GYH,SC,ASO,ES,Federal Contract Tower,0,14,5,6,25,0,23,53,28,104,0,37,58,34,129,70,16,86,215
07/29/2020,GYH,SC,ASO,ES,Federal Contract Tower,0,6,0,1,7,0,10,39,20,69,0,16,39,21,76,48,0,48,124
07/30/2020,GYH,SC,ASO,ES,Federal Contract Tower,0,9,4,1,14,0,4,20,12,36,0,13,24,13,50,42,16,58,108
07/31/2020,GYH,SC,ASO,ES,Federal Contract Tower,0,5,5,4,14,0,23,41,12,76,0,28,46,16,90,44,8,52,142
08/01/2020,GYH,SC,ASO,ES,Federal Contract Tower,0,1,0,0,1,0,16,35,0,51,0,17,35,0,52,52,0,52,104
08/02/2020,GYH,SC,ASO,ES,Federal Contract Tower,0,6,1,0,7,0,12,27,0,39,0,18,28,0,46,26,0,26,72
08/03/2020,GYH,SC,ASO,ES,Federal Contract Tower,0,18,2,9,29,0,2,8,8,18,0,20,10,17,47,16,8,24,71
08/04/2020,GYH,SC,ASO,ES,Federal Contract Tower,0,0,0,3,3,0,10,0,12,22,0,10,0,15,25,0,2,2,27
08/05/2020,GYH,SC,ASO,ES,Federal Contract Tower,0,0,0,0,0,0,20,3,24,47,0,20,3,24,47,0,0,0,47
08/06/2020,GYH,SC,ASO,ES,Federal Contract Tower,0,16,2,5,23,0,5,18,16,39,0,21,20,21,62,42,0,42,104
08/07/2020,GYH,SC,ASO,ES,Federal Contract Tower,0,9,1,1,11,0,2,11,1,14,0,11,12,2,25,18,0,18,43
08/08/2020,GYH,SC,ASO,ES,Federal Contract Tower,0,10,0,0,10,0,24,20,0,44,0,34,20,0,54,40,0,40,94
08/09/2020,GYH,SC,ASO,ES,Federal Contract Tower,0,6,1,2,9,0,16,32,0,48,0,22,33,2,57,46,0,46,103
08/10/2020,GYH,SC,ASO,ES,Federal Contract Tower,0,8,2,0,10,0,13,31,0,44,0,21,33,0,54,54,0,54,108
08/11/2020,GYH,SC,ASO,ES,Federal Contract Tower,0,9,5,3,17,0,8,44,15,67,0,17,49,18,84,42,16,58,142
08/12/2020,GYH,SC,ASO,ES,Federal Contract Tower,0,8,3,2,13,0,10,28,27,65,0,18,31,29,78,32,0,32,110
08/13/2020,GYH,SC,ASO,ES,Federal Contract Tower,0,12,3,2,17,0,4,76,2,82,0,16,79,4,99,102,0,102,201
08/14/2020,GYH,SC,ASO,ES,Federal Contract Tower,0,19,5,5,29,0,1,9,12,22,0,20,14,17,51,2,6,8,59
08/15/2020,GYH,SC,ASO,ES,Federal Contract Tower,0,3,2,0,5,0,5,0,0,5,0,8,2,0,10,0,0,0,10
08/16/2020,GYH,SC,ASO,ES,Federal Contract Tower,0,5,3,0,8,0,7,26,0,33,0,12,29,0,41,4,0,4,45
08/17/2020,GYH,SC,ASO,ES,Federal Contract Tower,0,13,0,0,13,0,5,61,4,70,0,18,61,4,83,70,0,70,153
08/18/2020,GYH,SC,ASO,ES,Federal Contract Tower,0,7,2,0,9,0,20,57,23,100,0,27,59,23,109,60,20,80,189
08/19/2020,GYH,SC,ASO,ES,Federal Contract Tower,0,16,0,6,22,0,12,25,7,44,0,28,25,13,66,8,0,8,74
08/20/2020,GYH,SC,ASO,ES,Federal Contract Tower,0,2,1,4,7,0,20,17,20,57,0,22,18,24,64,10,0,10,74
08/21/2020,GYH,SC,ASO,ES,Federal Contract Tower,0,6,0,4,10,0,4,0,0,4,0,10,0,4,14,0,0,0,14
08/22/2020,GYH,SC,ASO,ES,Federal Contract Tower,0,3,2,0,5,0,12,19,0,31,0,15,21,0,36,42,0,42,78
08/23/2020,GYH,SC,ASO,ES,Federal Contract Tower,0,2,8,0,10,0,26,22,1,49,0,28,30,1,59,38,2,40,99
08/24/2020,GYH,SC,ASO,ES,Federal Contract Tower,0,12,4,0,16,0,0,12,2,14,0,12,16,2,30,14,0,14,44
08/25/2020,GYH,SC,ASO,ES,Federal Contract Tower,0,12,4,5,21,0,2,23,15,40,0,14,27,20,61,32,4,36,97
08/26/2020,GYH,SC,ASO,ES,Federal Contract Tower,0,3,3,3,9,0,46,62,13,121,0,49,65,16,130,58,2,60,190
08/27/2020,GYH,SC,ASO,ES,Federal Contract Tower,0,10,1,4,15,0,6,45,14,65,0,16,46,18,80,48,8,56,136
08/28/2020,GYH,SC,ASO,ES,Federal Contract Tower,0,11,0,3,14,0,16,29,2,47,0,27,29,5,61,28,0,28,89
08/29/2020,GYH,SC,ASO,ES,Federal Contract Tower,0,2,3,0,5,0,4,8,0,12,0,6,11,0,17,8,0,8,25
08/30/2020,GYH,SC,ASO,ES,Federal Contract Tower,0,5,2,2,9,0,4,45,0,49,0,9,47,2,58,30,0,30,88
08/31/2020,GYH,SC,ASO,ES,Federal Contract Tower,0,7,5,0,12,0,4,14,0,18,0,11,19,0,30,24,0,24,54
09/01/2020,GYH,SC,ASO,ES,Federal Contract Tower,0,8,0,1,9,0,16,35,17,68,0,24,35,18,77,48,12,60,137
09/02/2020,GYH,SC,ASO,ES,Federal Contract Tower,0,3,0,13,16,0,13,49,27,89,0,16,49,40,105,68,12,80,185
09/03/2020,GYH,SC,ASO,ES,Federal Contract Tower,0,0,0,0,0,0,38,0,11,49,0,38,0,11,49,0,0,0,49
09/04/2020,GYH,SC,ASO,ES,Federal Contract Tower,0,16,1,1,18,0,11,21,0,32,0,27,22,1,50,10,0,10,60
09/05/2020,GYH,SC,ASO,ES,Federal Contract Tower,0,4,1,1,6,0,34,20,0,54,0,38,21,1,60,20,0,20,80
09/06/2020,GYH,SC,ASO,ES,Federal Contract Tower,0,1,2,0,3,0,28,29,4,61,0,29,31,4,64,36,0,36,100
09/07/2020,GYH,SC,ASO,ES,Federal Contract Tower,0,8,2,0,10,0,4,58,0,62,0,12,60,0,72,62,0,62,134
09/08/2020,GYH,SC,ASO,ES,Federal Contract Tower,0,15,2,6,23,0,21,35,16,72,0,36,37,22,95,38,8,46,141
09/09/2020,GYH,SC,ASO,ES,Federal Contract Tower,0,17,0,10,27,0,12,10,55,77,0,29,10,65,104,10,2,12,116
09/10/2020,GYH,SC,ASO,ES,Federal Contract Tower,0,12,0,2,14,0,14,12,6,32,0,26,12,8,46,14,0,14,60
09/11/2020,GYH,SC,ASO,ES,Federal Contract Tower,0,10,2,0,12,0,15,59,17,91,0,25,61,17,103,58,0,58,161
09/12/2020,GYH,SC,ASO,ES,Federal Contract Tower,0,6,0,2,8,0,10,8,0,18,0,16,8,2,26,4,0,4,30
09/13/2020,GYH,SC,ASO,ES,Federal Contract Tower,0,6,0,76,82,0,8,5,0,13,0,14,5,76,95,4,8,12,107
09/14/2020,GYH,SC,ASO,ES,Federal Contract Tower,0,17,0,1,18,0,18,20,14,52,0,35,20,15,70,34,0,34,104
09/15/2020,GYH,SC,ASO,ES,Federal Contract Tower,0,13,4,5,22,0,12,43,18,73,0,25,47,23,95,46,2,48,143
09/16/2020,GYH,SC,ASO,ES,Federal Contract Tower,0,17,1,3,21,0,9,28,56,93,0,26,29,59,114,24,2,26,140
09/17/2020,GYH,SC,ASO,ES,Federal Contract Tower,0,8,0,3,11,0,0,0,0,0,0,8,0,3,11,0,0,0,11
09/18/2020,GYH,SC,ASO,ES,Federal Contract Tower,0,23,1,57,81,0,10,25,25,60,0,33,26,82,141,24,6,30,171
09/19/2020,GYH,SC,ASO,ES,Federal Contract Tower,0,4,0,1,5,0,10,26,0,36,0,14,26,1,41,48,0,48,89
09/20/2020,GYH,SC,ASO,ES,Federal Contract Tower,0,3,0,0,3,0,12,13,0,25,0,15,13,0,28,6,0,6,34
09/21/2020,GYH,SC,ASO,ES,Federal Contract Tower,0,4,1,1,6,0,16,20,1,37,0,20,21,2,43,6,0,6,49
09/22/2020,GYH,SC,ASO,ES,Federal Contract Tower,0,11,1,0,12,0,23,48,4,75,0,34,49,4,87,30,8,38,125
09/23/2020,GYH,SC,ASO,ES,Federal Contract Tower,0,15,3,0,18,0,44,39,27,110,0,59,42,27,128,32,8,40,168
09/24/2020,GYH,SC,ASO,ES,Federal Contract Tower,0,5,2,4,11,0,14,2,36,52,0,19,4,40,63,0,18,18,81
09/25/2020,GYH,SC,ASO,ES,Federal Contract Tower,0,12,6,10,28,0,0,0,0,0,0,12,6,10,28,0,0,0,28
09/26/2020,GYH,SC,ASO,ES,Federal Contract Tower,0,3,9,0,12,0,14,11,0,25,0,17,20,0,37,12,0,12,49
09/27/2020,GYH,SC,ASO,ES,Federal Contract Tower,0,8,2,0,10,0,0,22,0,22,0,8,24,0,32,30,0,30,62
09/28/2020,GYH,SC,ASO,ES,Federal Contract Tower,0,5,0,1,6,0,10,33,1,44,0,15,33,2,50,50,0,50,100
09/29/2020,GYH,SC,ASO,ES,Federal Contract Tower,0,15,1,2,18,0,8,6,2,16,0,23,7,4,34,12,0,12,46
09/30/2020,GYH,SC,ASO,ES,Federal Contract Tower,0,5,0,0,5,0,34,25,14,73,0,39,25,14,78,44,6,50,128
10/01/2020,GYH,SC,ASO,ES,Federal Contract Tower,0,13,1,0,14,0,26,45,30,101,0,39,46,30,115,78,0,78,193
10/02/2020,GYH,SC,ASO,ES,Federal Contract Tower,0,6,5,0,11,0,8,58,3,69,0,14,63,3,80,72,0,72,152
10/03/2020,GYH,SC,ASO,ES,Federal Contract Tower,0,2,3,0,5,0,32,61,0,93,0,34,64,0,98,86,0,86,184
10/04/2020,GYH,SC,ASO,ES,Federal Contract Tower,0,5,2,0,7,0,14,41,0,55,0,19,43,0,62,66,0,66,128
10/05/2020,GYH,SC,ASO,ES,Federal Contract Tower,0,8,2,4,14,0,32,51,1,84,0,40,53,5,98,62,0,62,160
10/06/2020,GYH,SC,ASO,ES,Federal Contract Tower,0,5,0,3,8,0,26,57,12,95,0,31,57,15,103,84,0,84,187
10/07/2020,GYH,SC,ASO,ES,Federal Contract Tower,0,12,1,2,15,0,61,95,8,164,0,73,96,10,179,106,0,106,285
10/08/2020,GYH,SC,ASO,ES,Federal Contract Tower,0,13,0,3,16,0,26,42,5,73,0,39,42,8,89,64,0,64,153
10/09/2020,GYH,SC,ASO,ES,Federal Contract Tower,0,7,9,2,18,0,3,53,4,60,0,10,62,6,78,108,0,108,186
10/10/2020,GYH,SC,ASO,ES,Federal Contract Tower,0,9,1,0,10,0,0,0,0,0,0,9,1,0,10,0,0,0,10
10/11/2020,GYH,SC,ASO,ES,Federal Contract Tower,0,1,0,0,1,0,0,0,0,0,0,1,0,0,1,0,0,0,1
10/12/2020,GYH,SC,ASO,ES,Federal Contract Tower,0,15,1,0,16,0,2,31,0,33,0,17,32,0,49,50,0,50,99
10/13/2020,GYH,SC,ASO,ES,Federal Contract Tower,0,5,3,8,16,0,18,36,17,71,0,23,39,25,87,60,4,64,151
10/14/2020,GYH,SC,ASO,ES,Federal Contract Tower,0,10,0,0,10,0,20,56,10,86,0,30,56,10,96,94,0,94,190
10/15/2020,GYH,SC,ASO,ES,Federal Contract Tower,0,12,0,7,19,0,12,6,6,24,0,24,6,13,43,0,4,4,47
10/16/2020,GYH,SC,ASO,ES,Federal Contract Tower,0,15,9,0,24,0,14,85,6,105,0,29,94,6,129,130,0,130,259
10/17/2020,GYH,SC,ASO,ES,Federal Contract Tower,0,2,2,0,4,0,14,43,0,57,0,16,45,0,61,76,0,76,137
10/18/2020,GYH,SC,ASO,ES,Federal Contract Tower,0,7,0,0,7,0,20,35,0,55,0,27,35,0,62,28,0,28,90
10/19/2020,GYH,SC,ASO,ES,Federal Contract Tower,0,8,5,2,15,0,21,53,8,82,0,29,58,10,97,44,16,60,157
10/20/2020,GYH,SC,ASO,ES,Federal Contract Tower,0,17,0,0,17,0,22,56,19,97,0,39,56,19,114,60,6,66,180
10/21/2020,GYH,SC,ASO,ES,Federal Contract Tower,0,11,6,4,21,0,9,67,17,93,0,20,73,21,114,122,0,122,236
10/22/2020,GYH,SC,ASO,ES,Federal Contract Tower,0,15,2,3,20,0,40,33,22,95,0,55,35,25,115,40,2,42,157
10/23/2020,GYH,SC,ASO,ES,Federal Contract Tower,0,22,0,1,23,0,16,50,2,68,0,38,50,3,91,64,0,64,155
10/24/2020,GYH,SC,ASO,ES,Federal Contract Tower,0,6,5,0,11,0,15,66,2,83,0,21,71,2,94,72,0,72,166
10/25/2020,GYH,SC,ASO,ES,Federal Contract Tower,0,12,2,0,14,0,0,0,0,0,0,12,2,0,14,0,0,0,14
10/26/2020,GYH,SC,ASO,ES,Federal Contract Tower,0,10,2,4,16,0,8,21,0,29,0,18,23,4,45,34,0,34,79
10/27/2020,GYH,SC,ASO,ES,Federal Contract Tower,0,12,3,5,20,0,0,12,4,16,0,12,15,9,36,22,14,36,72
10/28/2020,GYH,SC,ASO,ES,Federal Contract Tower,0,10,0,8,18,0,0,0,0,0,0,10,0,8,18,0,0,0,18
10/29/2020,GYH,SC,ASO,ES,Federal Contract Tower,0,9,0,0,9,0,2,0,8,10,0,11,0,8,19,0,0,0,19
10/30/2020,GYH,SC,ASO,ES,Federal Contract Tower,0,13,5,0,18,0,12,73,6,91,0,25,78,6,109,96,0,96,205
10/31/2020,GYH,SC,ASO,ES,Federal Contract Tower,0,8,0,2,10,0,11,42,0,53,0,19,42,2,63,64,0,64,127
11/01/2020,GYH,SC,ASO,ES,Federal Contract Tower,0,10,2,0,12,0,12,10,0,22,0,22,12,0,34,8,0,8,42
11/02/2020,GYH,SC,ASO,ES,Federal Contract Tower,0,15,2,0,17,0,22,52,2,76,0,37,54,2,93,58,0,58,151
11/03/2020,GYH,SC,ASO,ES,Federal Contract Tower,0,9,0,2,11,0,12,20,7,39,0,21,20,9,50,12,10,22,72
11/04/2020,GYH,SC,ASO,ES,Federal Contract Tower,0,7,0,2,9,0,18,78,10,106,0,25,78,12,115,114,0,114,229
11/05/2020,GYH,SC,ASO,ES,Federal Contract Tower,0,11,0,5,16,0,25,74,10,109,0,36,74,15,125,126,0,126,251
11/06/2020,GYH,SC,ASO,ES,Federal Contract Tower,0,6,3,0,9,0,14,75,0,89,0,20,78,0,98,110,0,110,208
11/07/2020,GYH,SC,ASO,ES,Federal Contract Tower,0,3,1,0,4,0,24,30,4,58,0,27,31,4,62,36,0,36,98
11/08/2020,GYH,SC,ASO,ES,Federal Contract Tower,0,6,3,0,9,0,22,24,2,48,0,28,27,2,57,20,2,22,79
11/09/2020,GYH,SC,ASO,ES,Federal Contract Tower,0,7,4,0,11,0,28,26,0,54,0,35,30,0,65,38,0,38,103
11/10/2020,GYH,SC,ASO,ES,Federal Contract Tower,0,10,5,4,19,0,0,0,0,0,0,10,5,4,19,0,0,0,19
11/11/2020,GYH,SC,ASO,ES,Federal Contract Tower,0,8,0,0,8,0,6,1,0,7,0,14,1,0,15,0,0,0,15
11/12/2020,GYH,SC,ASO,ES,Federal Contract Tower,0,9,2,3,14,0,8,9,0,17,0,17,11,3,31,10,0,10,41
11/13/2020,GYH,SC,ASO,ES,Federal Contract Tower,0,14,3,6,23,0,12,48,4,64,0,26,51,10,87,78,0,78,165
11/14/2020,GYH,SC,ASO,ES,Federal Contract Tower,0,9,3,0,12,0,10,47,0,57,0,19,50,0,69,42,0,42,111
11/15/2020,GYH,SC,ASO,ES,Federal Contract Tower,0,5,2,0,7,0,6,5,0,11,0,11,7,0,18,4,0,4,22
11/16/2020,GYH,SC,ASO,ES,Federal Contract Tower,0,13,2,0,15,0,30,30,0,60,0,43,32,0,75,38,0,38,113
11/17/2020,GYH,SC,ASO,ES,Federal Contract Tower,0,9,2,0,11,0,68,36,25,129,0,77,38,25,140,34,6,40,180
11/18/2020,GYH,SC,ASO,ES,Federal Contract Tower,0,18,1,2,21,0,45,69,10,124,0,63,70,12,145,88,0,88,233
11/19/2020,GYH,SC,ASO,ES,Federal Contract Tower,0,16,3,3,22,0,14,40,18,72,0,30,43,21,94,86,4,90,184
11/20/2020,GYH,SC,ASO,ES,Federal Contract Tower,0,7,1,1,9,0,50,46,11,107,0,57,47,12,116,84,0,84,200
11/21/2020,GYH,SC,ASO,ES,Federal Contract Tower,0,5,0,0,5,0,10,53,0,63,0,15,53,0,68,92,0,92,160
11/22/2020,GYH,SC,ASO,ES,Federal Contract Tower,0,4,2,0,6,0,18,47,0,65,0,22,49,0,71,62,0,62,133
11/23/2020,GYH,SC,ASO,ES,Federal Contract Tower,0,12,0,0,12,0,26,16,16,58,0,38,16,16,70,6,4,10,80
11/24/2020,GYH,SC,ASO,ES,Federal Contract Tower,0,13,2,10,25,0,12,34,19,65,0,25,36,29,90,22,6,28,118
11/25/2020,GYH,SC,ASO,ES,Federal Contract Tower,0,29,0,0,29,0,4,3,0,7,0,33,3,0,36,10,0,10,46
11/26/2020,GYH,SC,ASO,ES,Federal Contract Tower,0,2,0,0,2,0,27,2,0,29,0,29,2,0,31,0,0,0,31
11/27/2020,GYH,SC,ASO,ES,Federal Contract Tower,0,5,2,0,7,0,14,29,0,43,0,19,31,0,50,34,0,34,84
11/28/2020,GYH,SC,ASO,ES,Federal Contract Tower,0,2,0,0,2,0,2,21,0,23,0,4,21,0,25,34,0,34,59
11/29/2020,GYH,SC,ASO,ES,Federal Contract Tower,0,7,2,0,9,0,8,8,0,16,0,15,10,0,25,4,0,4,29
11/30/2020,GYH,SC,ASO,ES,Federal Contract Tower,0,14,1,0,15,0,14,1,0,15,0,28,2,0,30,0,0,0,30
12/01/2020,GYH,SC,ASO,ES,Federal Contract Tower,0,7,2,0,9,0,25,30,15,70,0,32,32,15,79,42,8,50,129
12/02/2020,GYH,SC,ASO,ES,Federal Contract Tower,0,4,0,5,9,0,12,32,34,78,0,16,32,39,87,82,22,104,191
12/03/2020,GYH,SC,ASO,ES,Federal Contract Tower,0,15,4,1,20,0,12,41,23,76,0,27,45,24,96,60,10,70,166
12/04/2020,GYH,SC,ASO,ES,Federal Contract Tower,0,6,2,1,9,0,2,0,0,2,0,8,2,1,11,0,0,0,11
12/05/2020,GYH,SC,ASO,ES,Federal Contract Tower,0,6,0,1,7,0,0,50,8,58,0,6,50,9,65,56,14,70,135
12/06/2020,GYH,SC,ASO,ES,Federal Contract Tower,0,6,0,0,6,0,1,19,4,24,0,7,19,4,30,30,0,30,60
12/07/2020,GYH,SC,ASO,ES,Federal Contract Tower,0,6,5,1,12,0,17,2,3,22,0,23,7,4,34,2,6,8,42
12/08/2020,GYH,SC,ASO,ES,Federal Contract Tower,0,12,4,1,17,0,29,50,12,91,0,41,54,13,108,96,2,98,206
12/09/2020,GYH,SC,ASO,ES,Federal Contract Tower,0,19,2,8,29,0,23,48,10,81,0,42,50,18,110,118,0,118,228
12/10/2020,GYH,SC,ASO,ES,Federal Contract Tower,0,8,0,4,12,0,8,7,37,52,0,16,7,41,64,18,0,18,82
12/11/2020,GYH,SC,ASO,ES,Federal Contract Tower,0,8,2,1,11,0,20,60,0,80,0,28,62,1,91,80,0,80,171
12/12/2020,GYH,SC,ASO,ES,Federal Contract Tower,0,5,0,0,5,0,16,30,0,46,0,21,30,0,51,62,0,62,113
12/13/2020,GYH,SC,ASO,ES,Federal Contract Tower,0,10,0,0,10,0,8,31,0,39,0,18,31,0,49,34,0,34,83
12/14/2020,GYH,SC,ASO,ES,Federal Contract Tower,0,7,3,1,11,0,20,3,0,23,0,27,6,1,34,0,0,0,34
12/15/2020,GYH,SC,ASO,ES,Federal Contract Tower,0,16,0,10,26,0,31,34,25,90,0,47,34,35,116,42,14,56,172
12/16/2020,GYH,SC,ASO,ES,Federal Contract Tower,0,12,2,0,14,0,0,0,0,0,0,12,2,0,14,0,0,0,14
12/17/2020,GYH,SC,ASO,ES,Federal Contract Tower,0,12,0,8,20,0,7,54,41,102,0,19,54,49,122,104,0,104,226
12/18/2020,GYH,SC,ASO,ES,Federal Contract Tower,0,11,2,1,14,0,6,58,9,73,0,17,60,10,87,92,2,94,181
12/19/2020,GYH,SC,ASO,ES,Federal Contract Tower,0,11,7,0,18,0,20,48,0,68,0,31,55,0,86,84,0,84,170
12/20/2020,GYH,SC,ASO,ES,Federal Contract Tower,0,4,2,1,7,0,2,1,0,3,0,6,3,1,10,0,0,0,10
12/21/2020,GYH,SC,ASO,ES,Federal Contract Tower,0,10,0,7,17,0,9,35,2,46,0,19,35,9,63,34,0,34,97
12/22/2020,GYH,SC,ASO,ES,Federal Contract Tower,0,6,2,5,13,0,29,80,8,117,0,35,82,13,130,104,2,106,236
12/23/2020,GYH,SC,ASO,ES,Federal Contract Tower,0,6,2,0,8,0,10,61,0,71,0,16,63,0,79,104,0,104,183
12/24/2020,GYH,SC,ASO,ES,Federal Contract Tower,0,3,0,0,3,0,0,0,0,0,0,3,0,0,3,0,0,0,3
12/25/2020,GYH,SC,ASO,ES,Federal Contract Tower,0,1,0,0,1,0,0,3,0,3,0,1,3,0,4,0,0,0,4
12/26/2020,GYH,SC,ASO,ES,Federal Contract Tower,0,5,0,0,5,0,6,35,0,41,0,11,35,0,46,38,0,38,84
12/27/2020,GYH,SC,ASO,ES,Federal Contract Tower,0,3,0,0,3,0,14,33,0,47,0,17,33,0,50,42,0,42,92
12/28/2020,GYH,SC,ASO,ES,Federal Contract Tower,0,6,2,2,10,0,8,38,0,46,0,14,40,2,56,46,0,46,102
12/29/2020,GYH,SC,ASO,ES,Federal Contract Tower,0,7,2,0,9,0,13,78,0,91,0,20,80,0,100,74,0,74,174
12/30/2020,GYH,SC,ASO,ES,Federal Contract Tower,0,11,6,0,17,0,7,13,0,20,0,18,19,0,37,40,0,40,77
12/31/2020,GYH,SC,ASO,ES,Federal Contract Tower,0,4,0,0,4,0,0,0,0,0,0,4,0,0,4,0,0,0,4
01/01/2021,GYH,SC,ASO,ES,Federal Contract Tower,0,0,0,0,0,0,0,0,0,0,0,0,0,0,0,0,0,0,0
01/02/2021,GYH,SC,ASO,ES,Federal Contract Tower,0,1,0,0,1,0,2,17,0,19,0,3,17,0,20,22,0,22,42
01/03/2021,GYH,SC,ASO,ES,Federal Contract Tower,0,7,1,0,8,23,14,0,0,37,23,21,1,0,45,6,0,6,51
01/04/2021,GYH,SC,ASO,ES,Federal Contract Tower,0,9,2,3,14,0,16,46,1,63,0,25,48,4,77,68,0,68,145
01/05/2021,GYH,SC,ASO,ES,Federal Contract Tower,0,10,0,3,13,0,22,44,7,73,0,32,44,10,86,62,0,62,148
01/06/2021,GYH,SC,ASO,ES,Federal Contract Tower,0,10,3,3,16,0,19,67,23,109,0,29,70,26,125,80,0,80,205
01/07/2021,GYH,SC,ASO,ES,Federal Contract Tower,0,12,0,2,14,0,22,43,7,72,0,34,43,9,86,64,6,70,156
01/08/2021,GYH,SC,ASO,ES,Federal Contract Tower,0,7,0,2,9,0,0,0,0,0,0,7,0,2,9,0,0,0,9
01/09/2021,GYH,SC,ASO,ES,Federal Contract Tower,0,6,1,1,8,0,8,52,5,65,0,14,53,6,73,48,0,48,121
01/10/2021,GYH,SC,ASO,ES,Federal Contract Tower,0,1,2,2,5,0,7,25,4,36,0,8,27,6,41,24,0,24,65
01/11/2021,GYH,SC,ASO,ES,Federal Contract Tower,0,10,2,2,14,0,0,15,1,16,0,10,17,3,30,24,0,24,54
01/12/2021,GYH,SC,ASO,ES,Federal Contract Tower,0,13,7,11,31,0,12,31,13,56,0,25,38,24,87,58,6,64,151
01/13/2021,GYH,SC,ASO,ES,Federal Contract Tower,0,9,2,4,15,0,8,30,10,48,0,17,32,14,63,48,0,48,111
01/14/2021,GYH,SC,ASO,ES,Federal Contract Tower,0,15,0,0,15,0,20,25,1,46,0,35,25,1,61,34,0,34,95
01/15/2021,GYH,SC,ASO,ES,Federal Contract Tower,0,8,2,2,12,0,4,13,0,17,0,12,15,2,29,8,0,8,37
01/16/2021,GYH,SC,ASO,ES,Federal Contract Tower,0,6,0,0,6,0,10,33,0,43,0,16,33,0,49,20,0,20,69
01/17/2021,GYH,SC,ASO,ES,Federal Contract Tower,0,4,3,0,7,0,16,37,0,53,0,20,40,0,60,46,0,46,106
01/18/2021,GYH,SC,ASO,ES,Federal Contract Tower,0,11,4,0,15,0,4,29,0,33,0,15,33,0,48,34,0,34,82
01/19/2021,GYH,SC,ASO,ES,Federal Contract Tower,0,6,1,0,7,0,28,47,5,80,0,34,48,5,87,74,0,74,161
01/20/2021,GYH,SC,ASO,ES,Federal Contract Tower,0,4,0,4,8,0,18,46,11,75,0,22,46,15,83,94,0,94,177
01/21/2021,GYH,SC,ASO,ES,Federal Contract Tower,0,19,0,0,19,0,0,38,14,52,0,19,38,14,71,54,0,54,125
01/22/2021,GYH,SC,ASO,ES,Federal Contract Tower,0,15,4,7,26,0,10,55,34,99,0,25,59,41,125,102,16,118,243
01/23/2021,GYH,SC,ASO,ES,Federal Contract Tower,0,7,2,0,9,0,18,66,0,84,0,25,68,0,93,104,0,104,197
01/24/2021,GYH,SC,ASO,ES,Federal Contract Tower,0,5,1,9,15,0,11,37,6,54,0,16,38,15,69,52,0,52,121
01/25/2021,GYH,SC,ASO,ES,Federal Contract Tower,0,11,2,0,13,0,0,0,0,0,0,11,2,0,13,0,0,0,13
01/26/2021,GYH,SC,ASO,ES,Federal Contract Tower,0,9,1,5,15,0,6,10,33,49,0,15,11,38,64,26,28,54,118
01/27/2021,GYH,SC,ASO,ES,Federal Contract Tower,0,10,0,9,19,0,9,4,19,32,0,19,4,28,51,6,6,12,63
01/28/2021,GYH,SC,ASO,ES,Federal Contract Tower,0,16,5,8,29,0,7,47,18,72,0,23,52,26,101,62,2,64,165
01/29/2021,GYH,SC,ASO,ES,Federal Contract Tower,0,8,8,0,16,0,17,77,1,95,0,25,85,1,111,136,0,136,247
01/30/2021,GYH,SC,ASO,ES,Federal Contract Tower,0,2,0,1,3,0,16,53,4,73,0,18,53,5,76,98,0,98,174
01/31/2021,GYH,SC,ASO,ES,Federal Contract Tower,0,4,0,0,4,0,0,0,0,0,0,4,0,0,4,0,0,0,4
02/01/2021,GYH,SC,ASO,ES,Federal Contract Tower,0,6,0,5,11,0,12,24,6,42,0,18,24,11,53,46,0,46,99
02/02/2021,GYH,SC,ASO,ES,Federal Contract Tower,0,11,3,1,15,0,9,12,6,27,0,20,15,7,42,8,4,12,54
02/03/2021,GYH,SC,ASO,ES,Federal Contract Tower,0,17,1,2,20,0,16,26,33,75,0,33,27,35,95,52,42,94,189
02/04/2021,GYH,SC,ASO,ES,Federal Contract Tower,0,6,2,2,10,0,5,44,13,62,0,11,46,15,72,64,6,70,142
02/05/2021,GYH,SC,ASO,ES,Federal Contract Tower,0,14,0,5,19,0,0,36,7,43,0,14,36,12,62,48,8,56,118
02/06/2021,GYH,SC,ASO,ES,Federal Contract Tower,0,3,4,0,7,0,18,82,4,104,0,21,86,4,111,130,0,130,241
02/07/2021,GYH,SC,ASO,ES,Federal Contract Tower,0,3,0,0,3,0,4,28,0,32,0,7,28,0,35,40,0,40,75
02/08/2021,GYH,SC,ASO,ES,Federal Contract Tower,0,5,5,6,16,0,16,49,17,82,0,21,54,23,98,78,2,80,178
02/09/2021,GYH,SC,ASO,ES,Federal Contract Tower,0,6,5,1,12,0,12,36,25,73,0,18,41,26,85,60,22,82,167
02/10/2021,GYH,SC,ASO,ES,Federal Contract Tower,0,11,8,6,25,0,0,40,9,49,0,11,48,15,74,64,0,64,138
02/11/2021,GYH,SC,ASO,ES,Federal Contract Tower,0,4,3,2,9,0,0,0,0,0,0,4,3,2,9,0,0,0,9
02/12/2021,GYH,SC,ASO,ES,Federal Contract Tower,0,10,0,0,10,0,0,0,0,0,0,10,0,0,10,0,0,0,10
02/13/2021,GYH,SC,ASO,ES,Federal Contract Tower,0,1,0,0,1,0,0,0,0,0,0,1,0,0,1,0,0,0,1
02/14/2021,GYH,SC,ASO,ES,Federal Contract Tower,0,4,2,2,8,0,0,0,0,0,0,4,2,2,8,0,0,0,8
02/15/2021,GYH,SC,ASO,ES,Federal Contract Tower,0,2,0,0,2,0,0,0,0,0,0,2,0,0,2,0,0,0,2
02/16/2021,GYH,SC,ASO,ES,Federal Contract Tower,0,7,0,4,11,0,19,10,17,46,0,26,10,21,57,8,4,12,69
02/17/2021,GYH,SC,ASO,ES,Federal Contract Tower,0,17,1,0,18,0,33,82,2,117,0,50,83,2,135,108,0,108,243
02/18/2021,GYH,SC,ASO,ES,Federal Contract Tower,0,8,0,2,10,0,0,0,0,0,0,8,0,2,10,0,0,0,10
02/19/2021,GYH,SC,ASO,ES,Federal Contract Tower,0,16,2,0,18,0,21,81,10,112,0,37,83,10,130,128,0,128,258
02/20/2021,GYH,SC,ASO,ES,Federal Contract Tower,0,3,3,0,6,0,10,84,2,96,0,13,87,2,102,128,0,128,230
02/21/2021,GYH,SC,ASO,ES,Federal Contract Tower,0,12,4,0,16,0,8,34,0,42,0,20,38,0,58,20,0,20,78
02/22/2021,GYH,SC,ASO,ES,Federal Contract Tower,0,13,5,0,18,0,2,11,0,13,0,15,16,0,31,24,0,24,55
02/23/2021,GYH,SC,ASO,ES,Federal Contract Tower,0,13,3,4,20,0,22,73,30,125,0,35,76,34,145,98,36,134,279
02/24/2021,GYH,SC,ASO,ES,Federal Contract Tower,0,8,1,4,13,0,28,47,18,93,0,36,48,22,106,96,0,96,202
02/25/2021,GYH,SC,ASO,ES,Federal Contract Tower,0,8,5,9,22,0,31,74,18,123,0,39,79,27,145,112,0,112,257
02/26/2021,GYH,SC,ASO,ES,Federal Contract Tower,0,25,1,2,28,0,0,0,1,1,0,25,1,3,29,0,0,0,29
02/27/2021,GYH,SC,ASO,ES,Federal Contract Tower,0,7,6,0,13,0,6,31,0,37,0,13,37,0,50,48,0,48,98
02/28/2021,GYH,SC,ASO,ES,Federal Contract Tower,0,13,3,0,16,0,1,5,4,10,0,14,8,4,26,2,0,2,28
03/01/2021,GYH,SC,ASO,ES,Federal Contract Tower,0,7,0,8,15,0,4,2,7,13,0,11,2,15,28,0,10,10,38
03/02/2021,GYH,SC,ASO,ES,Federal Contract Tower,0,14,9,0,23,0,15,64,15,94,0,29,73,15,117,98,2,100,217
03/03/2021,GYH,SC,ASO,ES,Federal Contract Tower,0,17,2,6,25,0,12,38,19,69,0,29,40,25,94,72,0,72,166
03/04/2021,GYH,SC,ASO,ES,Federal Contract Tower,0,14,2,1,17,0,7,37,24,68,0,21,39,25,85,50,8,58,143
03/05/2021,GYH,SC,ASO,ES,Federal Contract Tower,0,19,3,1,23,0,13,49,2,64,0,32,52,3,87,70,0,70,157
03/06/2021,GYH,SC,ASO,ES,Federal Contract Tower,0,8,1,0,9,0,6,48,6,60,0,14,49,6,69,66,0,66,135
03/07/2021,GYH,SC,ASO,ES,Federal Contract Tower,0,11,2,0,13,0,16,18,2,36,0,27,20,2,49,20,2,22,71
03/08/2021,GYH,SC,ASO,ES,Federal Contract Tower,0,14,0,2,16,0,28,48,0,76,0,42,48,2,92,74,0,74,166
03/09/2021,GYH,SC,ASO,ES,Federal Contract Tower,0,9,1,6,16,0,8,49,31,88,0,17,50,37,104,76,4,80,184
03/10/2021,GYH,SC,ASO,ES,Federal Contract Tower,0,10,1,2,13,0,28,58,2,88,0,38,59,4,101,94,0,94,195
03/11/2021,GYH,SC,ASO,ES,Federal Contract Tower,0,13,2,4,19,0,37,31,23,91,0,50,33,27,110,50,0,50,160
03/12/2021,GYH,SC,ASO,ES,Federal Contract Tower,0,17,5,13,35,0,28,59,8,95,0,45,64,21,130,74,4,78,208
03/13/2021,GYH,SC,ASO,ES,Federal Contract Tower,0,5,0,0,5,0,16,53,0,69,0,21,53,0,74,82,0,82,156
03/14/2021,GYH,SC,ASO,ES,Federal Contract Tower,0,8,6,7,21,0,18,45,1,64,0,26,51,8,85,68,0,68,153
03/15/2021,GYH,SC,ASO,ES,Federal Contract Tower,0,14,0,1,15,0,5,28,16,49,0,19,28,17,64,42,0,42,106
03/16/2021,GYH,SC,ASO,ES,Federal Contract Tower,0,23,2,0,25,0,0,0,0,0,0,23,2,0,25,0,0,0,25
03/17/2021,GYH,SC,ASO,ES,Federal Contract Tower,0,10,0,2,12,0,0,0,0,0,0,10,0,2,12,0,0,0,12
03/18/2021,GYH,SC,ASO,ES,Federal Contract Tower,0,7,0,1,8,0,16,2,0,18,0,23,2,1,26,0,0,0,26
03/19/2021,GYH,SC,ASO,ES,Federal Contract Tower,0,15,0,3,18,0,29,32,4,65,0,44,32,7,83,42,2,44,127
03/20/2021,GYH,SC,ASO,ES,Federal Contract Tower,0,5,2,0,7,0,8,19,0,27,0,13,21,0,34,32,0,32,66
03/21/2021,GYH,SC,ASO,ES,Federal Contract Tower,0,5,2,0,7,0,28,14,2,44,0,33,16,2,51,18,2,20,71
03/22/2021,GYH,SC,ASO,ES,Federal Contract Tower,0,13,6,3,22,0,18,34,0,52,0,31,40,3,74,56,0,56,130
03/23/2021,GYH,SC,ASO,ES,Federal Contract Tower,0,10,6,0,16,0,13,53,9,75,0,23,59,9,91,96,2,98,189
03/24/2021,GYH,SC,ASO,ES,Federal Contract Tower,0,24,3,6,33,0,12,10,2,24,0,36,13,8,57,16,0,16,73
03/25/2021,GYH,SC,ASO,ES,Federal Contract Tower,0,10,1,2,13,0,0,0,0,0,0,10,1,2,13,0,0,0,13
03/26/2021,GYH,SC,ASO,ES,Federal Contract Tower,0,11,1,0,12,0,16,20,0,36,0,27,21,0,48,18,0,18,66
03/27/2021,GYH,SC,ASO,ES,Federal Contract Tower,0,5,0,0,5,0,20,41,1,62,0,25,41,1,67,104,0,104,171
03/28/2021,GYH,SC,ASO,ES,Federal Contract Tower,0,11,1,1,13,0,6,2,0,8,0,17,3,1,21,0,0,0,21
03/29/2021,GYH,SC,ASO,ES,Federal Contract Tower,0,11,3,0,14,0,9,72,5,86,0,20,75,5,100,86,0,86,186
03/30/2021,GYH,SC,ASO,ES,Federal Contract Tower,0,11,2,4,17,0,20,60,16,96,0,31,62,20,113,76,0,76,189
03/31/2021,GYH,SC,ASO,ES,Federal Contract Tower,0,12,0,6,18,0,0,0,0,0,0,12,0,6,18,0,0,0,18
04/01/2021,GYH,SC,ASO,ES,Federal Contract Tower,0,11,1,3,15,0,30,26,8,64,0,41,27,11,79,30,0,30,109
04/02/2021,GYH,SC,ASO,ES,Federal Contract Tower,0,28,6,2,36,0,24,36,5,65,0,52,42,7,101,28,0,28,129
04/03/2021,GYH,SC,ASO,ES,Federal Contract Tower,0,1,2,0,3,0,24,33,0,57,0,25,35,0,60,62,0,62,122
04/04/2021,GYH,SC,ASO,ES,Federal Contract Tower,0,7,2,0,9,0,16,25,0,41,0,23,27,0,50,14,0,14,64
04/05/2021,GYH,SC,ASO,ES,Federal Contract Tower,0,7,2,3,12,0,58,56,0,114,0,65,58,3,126,62,0,62,188
04/06/2021,GYH,SC,ASO,ES,Federal Contract Tower,0,8,2,1,11,0,30,38,7,75,0,38,40,8,86,48,0,48,134
04/07/2021,GYH,SC,ASO,ES,Federal Contract Tower,0,6,0,0,6,0,30,37,7,74,0,36,37,7,80,74,0,74,154
04/08/2021,GYH,SC,ASO,ES,Federal Contract Tower,0,19,0,0,19,0,15,71,7,93,0,34,71,7,112,76,0,76,188
04/09/2021,GYH,SC,ASO,ES,Federal Contract Tower,0,11,5,2,18,0,19,15,2,36,0,30,20,4,54,24,0,24,78
04/10/2021,GYH,SC,ASO,ES,Federal Contract Tower,0,1,0,0,1,0,0,4,0,4,0,1,4,0,5,6,0,6,11
04/11/2021,GYH,SC,ASO,ES,Federal Contract Tower,0,2,1,0,3,0,15,13,0,28,0,17,14,0,31,12,0,12,43
04/12/2021,GYH,SC,ASO,ES,Federal Contract Tower,0,9,0,1,10,0,18,34,4,56,0,27,34,5,66,40,0,40,106
04/13/2021,GYH,SC,ASO,ES,Federal Contract Tower,0,17,5,0,22,0,12,80,15,107,0,29,85,15,129,120,4,124,253
04/14/2021,GYH,SC,ASO,ES,Federal Contract Tower,0,12,0,0,12,0,21,27,11,59,0,33,27,11,71,34,0,34,105
04/15/2021,GYH,SC,ASO,ES,Federal Contract Tower,0,9,0,1,10,0,16,17,0,33,0,25,17,1,43,36,0,36,79
04/16/2021,GYH,SC,ASO,ES,Federal Contract Tower,0,12,3,0,15,0,25,59,10,94,0,37,62,10,109,80,0,80,189
04/17/2021,GYH,SC,ASO,ES,Federal Contract Tower,0,4,2,0,6,0,26,42,9,77,0,30,44,9,83,50,0,50,133
04/18/2021,GYH,SC,ASO,ES,Federal Contract Tower,0,5,4,0,9,0,34,38,3,75,0,39,42,3,84,42,0,42,126
04/19/2021,GYH,SC,ASO,ES,Federal Contract Tower,0,13,2,6,21,0,28,57,0,85,0,41,59,6,106,56,0,56,162
04/20/2021,GYH,SC,ASO,ES,Federal Contract Tower,0,9,0,0,9,0,32,11,13,56,0,41,11,13,65,4,18,22,87
04/21/2021,GYH,SC,ASO,ES,Federal Contract Tower,0,8,2,1,11,0,3,20,12,35,0,11,22,13,46,2,4,6,52
04/22/2021,GYH,SC,ASO,ES,Federal Contract Tower,0,13,2,0,15,0,12,48,14,74,0,25,50,14,89,66,2,68,157
04/23/2021,GYH,SC,ASO,ES,Federal Contract Tower,0,14,5,0,19,0,35,67,0,102,0,49,72,0,121,70,0,70,191
04/24/2021,GYH,SC,ASO,ES,Federal Contract Tower,0,2,0,0,2,0,0,0,0,0,0,2,0,0,2,0,0,0,2
04/25/2021,GYH,SC,ASO,ES,Federal Contract Tower,0,5,6,0,11,0,24,14,0,38,0,29,20,0,49,10,0,10,59
04/26/2021,GYH,SC,ASO,ES,Federal Contract Tower,0,14,2,0,16,0,5,52,1,58,0,19,54,1,74,50,0,50,124
04/27/2021,GYH,SC,ASO,ES,Federal Contract Tower,0,7,1,3,11,0,7,49,7,63,0,14,50,10,74,78,2,80,154
04/28/2021,GYH,SC,ASO,ES,Federal Contract Tower,0,12,0,8,20,0,28,47,13,88,0,40,47,21,108,92,6,98,206
04/29/2021,GYH,SC,ASO,ES,Federal Contract Tower,0,14,1,3,18,0,24,13,17,54,0,38,14,20,72,24,0,24,96
04/30/2021,GYH,SC,ASO,ES,Federal Contract Tower,0,19,3,2,24,0,16,62,2,80,0,35,65,4,104,78,0,78,182
05/01/2021,GYH,SC,ASO,ES,Federal Contract Tower,0,13,0,0,13,0,19,71,0,90,0,32,71,0,103,106,0,106,209
05/02/2021,GYH,SC,ASO,ES,Federal Contract Tower,0,12,4,0,16,0,26,25,0,51,0,38,29,0,67,36,0,36,103
05/03/2021,GYH,SC,ASO,ES,Federal Contract Tower,0,8,3,1,12,0,1,3,0,4,0,9,6,1,16,0,0,0,16
05/04/2021,GYH,SC,ASO,ES,Federal Contract Tower,0,5,0,8,13,0,4,1,26,31,0,9,1,34,44,0,34,34,78
05/05/2021,GYH,SC,ASO,ES,Federal Contract Tower,0,15,2,2,19,0,29,26,18,73,0,44,28,20,92,24,22,46,138
05/06/2021,GYH,SC,ASO,ES,Federal Contract Tower,0,15,3,5,23,0,14,57,19,90,0,29,60,24,113,76,18,94,207
05/07/2021,GYH,SC,ASO,ES,Federal Contract Tower,0,13,3,1,17,0,30,21,2,53,0,43,24,3,70,20,0,20,90
05/08/2021,GYH,SC,ASO,ES,Federal Contract Tower,0,5,2,0,7,0,16,32,2,50,0,21,34,2,57,34,2,36,93
05/09/2021,GYH,SC,ASO,ES,Federal Contract Tower,0,8,1,0,9,0,40,28,0,68,0,48,29,0,77,36,0,36,113
05/10/2021,GYH,SC,ASO,ES,Federal Contract Tower,0,17,0,4,21,0,28,15,12,55,0,45,15,16,76,0,0,0,76
05/11/2021,GYH,SC,ASO,ES,Federal Contract Tower,0,23,2,1,26,0,18,26,6,50,0,41,28,7,76,38,2,40,116
05/12/2021,GYH,SC,ASO,ES,Federal Contract Tower,0,19,0,0,19,0,0,0,0,0,0,19,0,0,19,0,0,0,19
05/13/2021,GYH,SC,ASO,ES,Federal Contract Tower,0,5,1,2,8,0,33,32,8,73,0,38,33,10,81,52,0,52,133
05/14/2021,GYH,SC,ASO,ES,Federal Contract Tower,0,13,5,5,23,0,16,67,6,89,0,29,72,11,112,96,0,96,208
05/15/2021,GYH,SC,ASO,ES,Federal Contract Tower,0,8,2,0,10,0,20,64,0,84,0,28,66,0,94,78,0,78,172
05/16/2021,GYH,SC,ASO,ES,Federal Contract Tower,0,6,1,5,12,0,8,31,0,39,0,14,32,5,51,40,0,40,91
05/17/2021,GYH,SC,ASO,ES,Federal Contract Tower,0,13,1,1,15,0,17,19,3,39,0,30,20,4,54,14,0,14,68
05/18/2021,GYH,SC,ASO,ES,Federal Contract Tower,0,6,3,4,13,0,4,51,11,66,0,10,54,15,79,68,0,68,147
05/19/2021,GYH,SC,ASO,ES,Federal Contract Tower,0,12,3,0,15,0,27,52,13,92,0,39,55,13,107,78,0,78,185
05/20/2021,GYH,SC,ASO,ES,Federal Contract Tower,0,16,3,1,20,0,18,62,6,86,0,34,65,7,106,78,0,78,184
05/21/2021,GYH,SC,ASO,ES,Federal Contract Tower,0,11,1,1,13,0,37,52,0,89,0,48,53,1,102,76,0,76,178
05/22/2021,GYH,SC,ASO,ES,Federal Contract Tower,0,8,3,1,12,0,14,24,0,38,0,22,27,1,50,26,0,26,76
05/23/2021,GYH,SC,ASO,ES,Federal Contract Tower,0,16,1,1,18,0,22,27,0,49,0,38,28,1,67,26,0,26,93
05/24/2021,GYH,SC,ASO,ES,Federal Contract Tower,0,15,1,2,18,0,48,36,5,89,0,63,37,7,107,58,0,58,165
05/25/2021,GYH,SC,ASO,ES,Federal Contract Tower,0,6,1,0,7,0,55,29,4,88,0,61,30,4,95,38,0,38,133
05/26/2021,GYH,SC,ASO,ES,Federal Contract Tower,0,16,0,2,18,0,39,33,15,87,0,55,33,17,105,28,0,28,133
05/27/2021,GYH,SC,ASO,ES,Federal Contract Tower,0,19,2,3,24,0,24,71,7,102,0,43,73,10,126,78,0,78,204
05/28/2021,GYH,SC,ASO,ES,Federal Contract Tower,0,8,1,3,12,0,4,28,2,34,0,12,29,5,46,24,4,28,74
05/29/2021,GYH,SC,ASO,ES,Federal Contract Tower,0,13,2,0,15,0,20,29,0,49,0,33,31,0,64,38,0,38,102
05/30/2021,GYH,SC,ASO,ES,Federal Contract Tower,0,2,2,0,4,0,16,25,0,41,0,18,27,0,45,22,0,22,67
05/31/2021,GYH,SC,ASO,ES,Federal Contract Tower,0,5,8,0,13,0,14,47,0,61,0,19,55,0,74,56,0,56,130
06/01/2021,GYH,SC,ASO,ES,Federal Contract Tower,0,12,4,2,18,0,28,72,8,108,0,40,76,10,126,96,0,96,222
06/02/2021,GYH,SC,ASO,ES,Federal Contract Tower,0,15,0,0,15,0,18,93,10,121,0,33,93,10,136,102,0,102,238
06/03/2021,GYH,SC,ASO,ES,Federal Contract Tower,0,6,0,10,16,0,20,16,10,46,0,26,16,20,62,8,0,8,70
06/04/2021,GYH,SC,ASO,ES,Federal Contract Tower,0,14,3,10,27,0,37,31,4,72,0,51,34,14,99,38,0,38,137
06/05/2021,GYH,SC,ASO,ES,Federal Contract Tower,0,10,2,0,12,0,6,56,10,72,0,16,58,10,84,88,0,88,172
06/06/2021,GYH,SC,ASO,ES,Federal Contract Tower,0,6,0,1,7,0,12,11,0,23,0,18,11,1,30,16,0,16,46
06/07/2021,GYH,SC,ASO,ES,Federal Contract Tower,0,10,3,0,13,0,0,1,0,1,0,10,4,0,14,0,0,0,14
06/08/2021,GYH,SC,ASO,ES,Federal Contract Tower,0,10,5,0,15,0,0,15,7,22,0,10,20,7,37,12,2,14,51
06/09/2021,GYH,SC,ASO,ES,Federal Contract Tower,0,5,0,7,12,0,4,56,17,77,0,9,56,24,89,120,4,124,213
06/10/2021,GYH,SC,ASO,ES,Federal Contract Tower,0,11,3,5,19,0,31,14,6,51,0,42,17,11,70,24,0,24,94
06/11/2021,GYH,SC,ASO,ES,Federal Contract Tower,0,9,3,3,15,0,10,33,4,47,0,19,36,7,62,48,0,48,110
06/12/2021,GYH,SC,ASO,ES,Federal Contract Tower,0,2,0,0,2,0,0,37,0,37,0,2,37,0,39,38,0,38,77
06/13/2021,GYH,SC,ASO,ES,Federal Contract Tower,0,6,1,0,7,0,26,20,0,46,0,32,21,0,53,18,0,18,71
06/14/2021,GYH,SC,ASO,ES,Federal Contract Tower,0,16,2,2,20,0,20,18,0,38,0,36,20,2,58,18,0,18,76
06/15/2021,GYH,SC,ASO,ES,Federal Contract Tower,0,13,0,9,22,0,14,41,7,62,0,27,41,16,84,38,0,38,122
06/16/2021,GYH,SC,ASO,ES,Federal Contract Tower,0,11,1,1,13,0,35,23,14,72,0,46,24,15,85,38,0,38,123
06/17/2021,GYH,SC,ASO,ES,Federal Contract Tower,0,14,5,5,24,0,21,24,15,60,0,35,29,20,84,28,6,34,118
06/18/2021,GYH,SC,ASO,ES,Federal Contract Tower,0,3,0,1,4,0,33,56,2,91,0,36,56,3,95,72,0,72,167
06/19/2021,GYH,SC,ASO,ES,Federal Contract Tower,0,9,5,0,14,0,4,37,0,41,0,13,42,0,55,34,0,34,89
06/20/2021,GYH,SC,ASO,ES,Federal Contract Tower,0,3,0,0,3,0,4,0,0,4,0,7,0,0,7,0,0,0,7
06/21/2021,GYH,SC,ASO,ES,Federal Contract Tower,0,9,1,5,15,0,36,34,6,76,0,45,35,11,91,40,0,40,131
06/22/2021,GYH,SC,ASO,ES,Federal Contract Tower,0,13,0,3,16,0,18,26,15,59,0,31,26,18,75,58,2,60,135
06/23/2021,GYH,SC,ASO,ES,Federal Contract Tower,0,19,8,2,29,0,28,58,13,99,0,47,66,15,128,82,4,86,214
06/24/2021,GYH,SC,ASO,ES,Federal Contract Tower,0,23,1,3,27,0,18,106,9,133,0,41,107,12,160,132,0,132,292
06/25/2021,GYH,SC,ASO,ES,Federal Contract Tower,0,9,0,2,11,0,26,59,6,91,0,35,59,8,102,76,2,78,180
06/26/2021,GYH,SC,ASO,ES,Federal Contract Tower,0,8,3,0,11,0,14,36,0,50,0,22,39,0,61,40,0,40,101
06/27/2021,GYH,SC,ASO,ES,Federal Contract Tower,0,2,2,0,4,0,16,9,0,25,0,18,11,0,29,14,0,14,43
06/28/2021,GYH,SC,ASO,ES,Federal Contract Tower,0,29,2,1,32,0,33,47,2,82,0,62,49,3,114,76,0,76,190
06/29/2021,GYH,SC,ASO,ES,Federal Contract Tower,0,15,0,1,16,0,12,16,12,40,0,27,16,13,56,22,0,22,78
06/30/2021,GYH,SC,ASO,ES,Federal Contract Tower,0,16,3,1,20,0,27,47,20,94,0,43,50,21,114,74,0,74,188
07/01/2021,GYH,SC,ASO,ES,Federal Contract Tower,0,18,1,3,22,0,48,39,0,87,0,66,40,3,109,44,4,48,157
07/02/2021,GYH,SC,ASO,ES,Federal Contract Tower,0,8,4,0,12,0,20,4,2,26,0,28,8,2,38,8,0,8,46
07/03/2021,GYH,SC,ASO,ES,Federal Contract Tower,0,2,0,0,2,0,35,42,0,77,0,37,42,0,79,62,0,62,141
07/04/2021,GYH,SC,ASO,ES,Federal Contract Tower,0,2,3,0,5,0,18,15,0,33,0,20,18,0,38,14,0,14,52
07/05/2021,GYH,SC,ASO,ES,Federal Contract Tower,0,5,2,0,7,0,1,56,0,57,0,6,58,0,64,48,0,48,112
07/06/2021,GYH,SC,ASO,ES,Federal Contract Tower,0,13,4,3,20,0,23,21,5,49,0,36,25,8,69,18,0,18,87
07/07/2021,GYH,SC,ASO,ES,Federal Contract Tower,0,11,0,1,12,0,16,40,10,66,0,27,40,11,78,78,0,78,156
07/08/2021,GYH,SC,ASO,ES,Federal Contract Tower,0,6,0,2,8,0,12,24,10,46,0,18,24,12,54,44,0,44,98
07/09/2021,GYH,SC,ASO,ES,Federal Contract Tower,0,13,1,5,19,0,4,34,4,42,0,17,35,9,61,22,0,22,83
07/10/2021,GYH,SC,ASO,ES,Federal Contract Tower,0,2,1,0,3,0,10,63,4,77,0,12,64,4,80,72,0,72,152
07/11/2021,GYH,SC,ASO,ES,Federal Contract Tower,0,7,5,0,12,0,6,5,0,11,0,13,10,0,23,6,0,6,29
07/12/2021,GYH,SC,ASO,ES,Federal Contract Tower,0,14,5,5,24,0,10,39,4,53,0,24,44,9,77,46,0,46,123
07/13/2021,GYH,SC,ASO,ES,Federal Contract Tower,0,15,2,2,19,0,2,19,10,31,0,17,21,12,50,22,4,26,76
07/14/2021,GYH,SC,ASO,ES,Federal Contract Tower,0,5,3,2,10,0,12,98,12,122,0,17,101,14,132,116,2,118,250
07/15/2021,GYH,SC,ASO,ES,Federal Contract Tower,0,14,5,4,23,0,13,32,15,60,0,27,37,19,83,62,20,82,165
07/16/2021,GYH,SC,ASO,ES,Federal Contract Tower,0,14,6,7,27,0,33,48,1,82,0,47,54,8,109,80,0,80,189
07/17/2021,GYH,SC,ASO,ES,Federal Contract Tower,0,5,1,0,6,0,20,39,2,61,0,25,40,2,67,34,0,34,101
07/18/2021,GYH,SC,ASO,ES,Federal Contract Tower,0,4,4,0,8,0,19,18,2,39,0,23,22,2,47,16,0,16,63
07/19/2021,GYH,SC,ASO,ES,Federal Contract Tower,0,11,2,1,14,0,7,0,4,11,0,18,2,5,25,0,2,2,27
07/20/2021,GYH,SC,ASO,ES,Federal Contract Tower,0,7,6,3,16,0,5,7,13,25,0,12,13,16,41,10,0,10,51
07/21/2021,GYH,SC,ASO,ES,Federal Contract Tower,0,26,0,2,28,0,14,68,16,98,0,40,68,18,126,86,0,86,212
07/22/2021,GYH,SC,ASO,ES,Federal Contract Tower,0,17,4,2,23,0,41,56,14,111,0,58,60,16,134,58,0,58,192
07/23/2021,GYH,SC,ASO,ES,Federal Contract Tower,0,7,0,0,7,0,16,35,3,54,0,23,35,3,61,42,0,42,103
07/24/2021,GYH,SC,ASO,ES,Federal Contract Tower,0,10,4,0,14,0,15,22,0,37,0,25,26,0,51,16,0,16,67
07/25/2021,GYH,SC,ASO,ES,Federal Contract Tower,0,5,0,0,5,0,10,20,0,30,0,15,20,0,35,12,0,12,47
07/26/2021,GYH,SC,ASO,ES,Federal Contract Tower,0,9,4,4,17,0,21,20,6,47,0,30,24,10,64,14,10,24,88
07/27/2021,GYH,SC,ASO,ES,Federal Contract Tower,0,15,1,0,16,0,6,31,10,47,0,21,32,10,63,36,2,38,101
07/28/2021,GYH,SC,ASO,ES,Federal Contract Tower,0,27,1,3,31,0,23,40,14,77,0,50,41,17,108,42,0,42,150
07/29/2021,GYH,SC,ASO,ES,Federal Contract Tower,0,12,6,3,21,0,18,54,9,81,0,30,60,12,102,56,0,56,158
07/30/2021,GYH,SC,ASO,ES,Federal Contract Tower,0,19,4,2,25,0,15,46,2,63,0,34,50,4,88,62,0,62,150
07/31/2021,GYH,SC,ASO,ES,Federal Contract Tower,0,10,0,0,10,0,22,28,0,50,0,32,28,0,60,30,0,30,90
08/01/2021,GYH,SC,ASO,ES,Federal Contract Tower,0,11,2,1,14,0,31,36,0,67,0,42,38,1,81,30,0,30,111
08/02/2021,GYH,SC,ASO,ES,Federal Contract Tower,0,10,2,3,15,0,6,37,0,43,0,16,39,3,58,38,0,38,96
08/03/2021,GYH,SC,ASO,ES,Federal Contract Tower,0,19,1,1,21,0,5,10,8,23,0,24,11,9,44,16,0,16,60
08/04/2021,GYH,SC,ASO,ES,Federal Contract Tower,0,19,2,3,24,0,35,54,4,93,0,54,56,7,117,60,0,60,177
08/05/2021,GYH,SC,ASO,ES,Federal Contract Tower,0,12,7,3,22,0,16,32,4,52,0,28,39,7,74,44,0,44,118
08/06/2021,GYH,SC,ASO,ES,Federal Contract Tower,0,6,3,2,11,0,10,35,2,47,0,16,38,4,58,30,0,30,88
08/07/2021,GYH,SC,ASO,ES,Federal Contract Tower,0,3,0,0,3,0,14,31,0,45,0,17,31,0,48,32,0,32,80
08/08/2021,GYH,SC,ASO,ES,Federal Contract Tower,0,10,3,0,13,0,5,52,0,57,0,15,55,0,70,70,0,70,140
08/09/2021,GYH,SC,ASO,ES,Federal Contract Tower,0,19,0,4,23,0,21,36,0,57,0,40,36,4,80,30,0,30,110
08/10/2021,GYH,SC,ASO,ES,Federal Contract Tower,0,8,1,3,12,0,26,27,6,59,0,34,28,9,71,34,0,34,105
08/11/2021,GYH,SC,ASO,ES,Federal Contract Tower,0,23,3,3,29,0,16,21,10,47,0,39,24,13,76,20,2,22,98
08/12/2021,GYH,SC,ASO,ES,Federal Contract Tower,0,13,1,0,14,0,15,31,13,59,0,28,32,13,73,28,4,32,105
08/13/2021,GYH,SC,ASO,ES,Federal Contract Tower,0,13,1,0,14,0,23,56,4,83,0,36,57,4,97,62,0,62,159
08/14/2021,GYH,SC,ASO,ES,Federal Contract Tower,0,5,4,0,9,0,14,23,0,37,0,19,27,0,46,26,0,26,72
08/15/2021,GYH,SC,ASO,ES,Federal Contract Tower,0,5,3,1,9,0,2,17,0,19,0,7,20,1,28,12,0,12,40
08/16/2021,GYH,SC,ASO,ES,Federal Contract Tower,0,21,3,0,24,0,7,1,0,8,0,28,4,0,32,0,0,0,32
08/17/2021,GYH,SC,ASO,ES,Federal Contract Tower,0,4,3,5,12,0,0,1,0,1,0,4,4,5,13,0,0,0,13
08/18/2021,GYH,SC,ASO,ES,Federal Contract Tower,0,8,5,0,13,0,13,37,2,52,0,21,42,2,65,24,0,24,89
08/19/2021,GYH,SC,ASO,ES,Federal Contract Tower,0,15,8,5,28,0,14,40,1,55,0,29,48,6,83,58,0,58,141
08/20/2021,GYH,SC,ASO,ES,Federal Contract Tower,0,9,2,3,14,0,6,64,11,81,0,15,66,14,95,106,0,106,201
08/21/2021,GYH,SC,ASO,ES,Federal Contract Tower,0,7,2,1,10,0,4,40,0,44,0,11,42,1,54,50,0,50,104
08/22/2021,GYH,SC,ASO,ES,Federal Contract Tower,0,3,2,0,5,0,22,15,0,37,0,25,17,0,42,22,0,22,64
08/23/2021,GYH,SC,ASO,ES,Federal Contract Tower,0,8,3,0,11,0,12,53,0,65,0,20,56,0,76,58,0,58,134
08/24/2021,GYH,SC,ASO,ES,Federal Contract Tower,0,26,3,3,32,0,8,57,20,85,0,34,60,23,117,68,4,72,189
08/25/2021,GYH,SC,ASO,ES,Federal Contract Tower,0,11,10,2,23,0,12,60,4,76,0,23,70,6,99,84,2,86,185
08/26/2021,GYH,SC,ASO,ES,Federal Contract Tower,0,26,0,1,27,0,5,19,10,34,0,31,19,11,61,8,2,10,71
08/27/2021,GYH,SC,ASO,ES,Federal Contract Tower,0,13,9,1,23,0,28,54,11,93,0,41,63,12,116,56,0,56,172
08/28/2021,GYH,SC,ASO,ES,Federal Contract Tower,0,6,1,0,7,0,41,45,0,86,0,47,46,0,93,78,0,78,171
08/29/2021,GYH,SC,ASO,ES,Federal Contract Tower,0,5,4,0,9,0,21,29,0,50,0,26,33,0,59,26,0,26,85
08/30/2021,GYH,SC,ASO,ES,Federal Contract Tower,0,5,0,2,7,0,5,35,1,41,0,10,35,3,48,52,0,52,100
08/31/2021,GYH,SC,ASO,ES,Federal Contract Tower,0,6,2,0,8,0,5,18,15,38,0,11,20,15,46,16,14,30,76
09/01/2021,GYH,SC,ASO,ES,Federal Contract Tower,0,5,0,5,10,0,12,17,12,41,0,17,17,17,51,18,0,18,69
09/02/2021,GYH,SC,ASO,ES,Federal Contract Tower,0,23,1,7,31,0,27,51,14,92,0,50,52,21,123,64,0,64,187
09/03/2021,GYH,SC,ASO,ES,Federal Contract Tower,0,14,7,0,21,0,27,67,0,94,0,41,74,0,115,96,0,96,211
09/04/2021,GYH,SC,ASO,ES,Federal Contract Tower,0,0,3,0,3,0,24,29,0,53,0,24,32,0,56,20,0,20,76
09/05/2021,GYH,SC,ASO,ES,Federal Contract Tower,0,9,2,0,11,0,14,26,0,40,0,23,28,0,51,18,0,18,69
09/06/2021,GYH,SC,ASO,ES,Federal Contract Tower,0,9,2,0,11,0,17,22,0,39,0,26,24,0,50,24,0,24,74
09/07/2021,GYH,SC,ASO,ES,Federal Contract Tower,0,10,2,4,16,0,29,33,0,62,0,39,35,4,78,36,0,36,114
09/08/2021,GYH,SC,ASO,ES,Federal Contract Tower,0,12,2,5,19,0,20,43,2,65,0,32,45,7,84,76,0,76,160
09/09/2021,GYH,SC,ASO,ES,Federal Contract Tower,0,9,0,5,14,0,18,13,9,40,0,27,13,14,54,20,4,24,78
09/10/2021,GYH,SC,ASO,ES,Federal Contract Tower,0,7,1,2,10,0,6,57,4,67,0,13,58,6,77,52,8,60,137
09/11/2021,GYH,SC,ASO,ES,Federal Contract Tower,0,5,5,0,10,0,44,38,9,91,0,49,43,9,101,76,2,78,179
09/12/2021,GYH,SC,ASO,ES,Federal Contract Tower,0,15,2,0,17,0,52,43,1,96,0,67,45,1,113,62,0,62,175
09/13/2021,GYH,SC,ASO,ES,Federal Contract Tower,0,10,5,3,18,0,17,35,1,53,0,27,40,4,71,40,0,40,111
09/14/2021,GYH,SC,ASO,ES,Federal Contract Tower,0,10,5,8,23,0,52,27,10,89,0,62,32,18,112,30,0,30,142
09/15/2021,GYH,SC,ASO,ES,Federal Contract Tower,0,10,1,0,11,0,22,24,5,51,0,32,25,5,62,46,0,46,108
09/16/2021,GYH,SC,ASO,ES,Federal Contract Tower,0,10,2,1,13,0,2,0,0,2,0,12,2,1,15,0,0,0,15
09/17/2021,GYH,SC,ASO,ES,Federal Contract Tower,0,17,10,0,27,0,10,23,4,37,0,27,33,4,64,26,0,26,90
09/18/2021,GYH,SC,ASO,ES,Federal Contract Tower,0,12,1,0,13,0,16,32,0,48,0,28,33,0,61,48,0,48,109
09/19/2021,GYH,SC,ASO,ES,Federal Contract Tower,0,13,3,0,16,0,24,29,0,53,0,37,32,0,69,30,0,30,99
09/20/2021,GYH,SC,ASO,ES,Federal Contract Tower,0,8,7,1,16,0,1,0,0,1,0,9,7,1,17,0,0,0,17
09/21/2021,GYH,SC,ASO,ES,Federal Contract Tower,0,11,7,13,31,0,0,0,0,0,0,11,7,13,31,0,0,0,31
09/22/2021,GYH,SC,ASO,ES,Federal Contract Tower,0,12,0,2,14,0,12,9,12,33,0,24,9,14,47,18,4,22,69
09/23/2021,GYH,SC,ASO,ES,Federal Contract Tower,0,10,8,1,19,0,20,66,15,101,0,30,74,16,120,68,0,68,188
09/24/2021,GYH,SC,ASO,ES,Federal Contract Tower,0,19,2,1,22,0,53,60,3,116,0,72,62,4,138,46,4,50,188
09/25/2021,GYH,SC,ASO,ES,Federal Contract Tower,0,9,0,0,9,0,10,58,3,71,0,19,58,3,80,50,0,50,130
09/26/2021,GYH,SC,ASO,ES,Federal Contract Tower,0,8,0,0,8,0,16,25,0,41,0,24,25,0,49,16,0,16,65
09/27/2021,GYH,SC,ASO,ES,Federal Contract Tower,0,7,1,0,8,0,11,46,1,58,0,18,47,1,66,58,0,58,124
09/28/2021,GYH,SC,ASO,ES,Federal Contract Tower,0,17,2,3,22,0,2,39,9,50,0,19,41,12,72,40,6,46,118
09/29/2021,GYH,SC,ASO,ES,Federal Contract Tower,0,14,2,0,16,0,28,44,0,72,0,42,46,0,88,56,0,56,144
09/30/2021,GYH,SC,ASO,ES,Federal Contract Tower,0,26,0,4,30,0,23,37,29,89,0,49,37,33,119,46,26,72,191
10/01/2021,GYH,SC,ASO,ES,Federal Contract Tower,0,14,3,3,20,0,7,45,0,52,0,21,48,3,72,58,0,58,130
10/02/2021,GYH,SC,ASO,ES,Federal Contract Tower,0,5,1,1,7,0,15,47,0,62,0,20,48,1,69,64,0,64,133
10/03/2021,GYH,SC,ASO,ES,Federal Contract Tower,0,10,0,0,10,0,6,5,4,15,0,16,5,4,25,4,0,4,29
10/04/2021,GYH,SC,ASO,ES,Federal Contract Tower,0,11,4,0,15,0,0,3,0,3,0,11,7,0,18,2,0,2,20
10/05/2021,GYH,SC,ASO,ES,Federal Contract Tower,0,9,4,7,20,0,0,5,6,11,0,9,9,13,31,0,0,0,31
10/06/2021,GYH,SC,ASO,ES,Federal Contract Tower,0,7,2,3,12,0,0,4,2,6,0,7,6,5,18,10,0,10,28
10/07/2021,GYH,SC,ASO,ES,Federal Contract Tower,0,10,7,6,23,0,0,0,0,0,0,10,7,6,23,0,0,0,23
10/08/2021,GYH,SC,ASO,ES,Federal Contract Tower,0,11,4,2,17,0,4,8,0,12,0,15,12,2,29,8,0,8,37
10/09/2021,GYH,SC,ASO,ES,Federal Contract Tower,0,7,4,3,14,0,14,9,2,25,0,21,13,5,39,0,0,0,39
10/10/2021,GYH,SC,ASO,ES,Federal Contract Tower,0,11,0,0,11,0,14,33,0,47,0,25,33,0,58,36,0,36,94
10/11/2021,GYH,SC,ASO,ES,Federal Contract Tower,0,9,8,1,18,0,23,51,0,74,0,32,59,1,92,64,0,64,156
10/12/2021,GYH,SC,ASO,ES,Federal Contract Tower,0,15,4,5,24,0,20,52,15,87,0,35,56,20,111,86,6,92,203
10/13/2021,GYH,SC,ASO,ES,Federal Contract Tower,0,14,0,2,16,0,16,59,6,81,0,30,59,8,97,66,0,66,163
10/14/2021,GYH,SC,ASO,ES,Federal Contract Tower,0,35,2,2,39,0,18,47,30,95,0,53,49,32,134,34,6,40,174
10/15/2021,GYH,SC,ASO,ES,Federal Contract Tower,0,16,2,4,22,0,7,88,19,114,0,23,90,23,136,122,8,130,266
10/16/2021,GYH,SC,ASO,ES,Federal Contract Tower,0,11,0,0,11,0,30,58,0,88,0,41,58,0,99,30,0,30,129
10/17/2021,GYH,SC,ASO,ES,Federal Contract Tower,0,9,5,0,14,0,16,31,0,47,0,25,36,0,61,18,0,18,79
10/18/2021,GYH,SC,ASO,ES,Federal Contract Tower,0,21,4,0,25,0,12,68,0,80,0,33,72,0,105,80,0,80,185
10/19/2021,GYH,SC,ASO,ES,Federal Contract Tower,0,21,1,4,26,0,20,58,7,85,0,41,59,11,111,54,4,58,169
10/20/2021,GYH,SC,ASO,ES,Federal Contract Tower,0,17,2,5,24,0,23,21,15,59,0,40,23,20,83,16,2,18,101
10/21/2021,GYH,SC,ASO,ES,Federal Contract Tower,0,18,3,4,25,0,26,59,15,100,0,44,62,19,125,84,0,84,209
10/22/2021,GYH,SC,ASO,ES,Federal Contract Tower,0,10,6,1,17,0,26,37,4,67,0,36,43,5,84,48,4,52,136
10/23/2021,GYH,SC,ASO,ES,Federal Contract Tower,0,10,5,0,15,0,38,46,0,84,0,48,51,0,99,64,0,64,163
10/24/2021,GYH,SC,ASO,ES,Federal Contract Tower,0,8,4,0,12,0,11,47,0,58,0,19,51,0,70,50,0,50,120
10/25/2021,GYH,SC,ASO,ES,Federal Contract Tower,0,16,3,0,19,0,24,29,0,53,0,40,32,0,72,30,0,30,102
10/26/2021,GYH,SC,ASO,ES,Federal Contract Tower,0,10,1,0,11,0,20,33,17,70,0,30,34,17,81,50,2,52,133
10/27/2021,GYH,SC,ASO,ES,Federal Contract Tower,0,17,1,0,18,0,15,30,13,58,0,32,31,13,76,12,2,14,90
10/28/2021,GYH,SC,ASO,ES,Federal Contract Tower,0,12,2,2,16,0,12,10,0,22,0,24,12,2,38,8,0,8,46
10/29/2021,GYH,SC,ASO,ES,Federal Contract Tower,0,9,2,0,11,0,0,0,0,0,0,9,2,0,11,0,0,0,11
10/30/2021,GYH,SC,ASO,ES,Federal Contract Tower,0,9,0,1,10,0,7,20,0,27,0,16,20,1,37,28,0,28,65
10/31/2021,GYH,SC,ASO,ES,Federal Contract Tower,0,13,2,1,16,0,23,35,0,58,0,36,37,1,74,48,0,48,122
11/01/2021,GYH,SC,ASO,ES,Federal Contract Tower,0,11,4,2,17,0,14,57,0,71,0,25,61,2,88,56,0,56,144
11/02/2021,GYH,SC,ASO,ES,Federal Contract Tower,0,15,1,5,21,0,13,30,4,47,0,28,31,9,68,32,0,32,100
11/03/2021,GYH,SC,ASO,ES,Federal Contract Tower,0,20,6,2,28,0,22,56,0,78,0,42,62,2,106,98,0,98,204
11/04/2021,GYH,SC,ASO,ES,Federal Contract Tower,0,15,2,3,20,0,0,0,0,0,0,15,2,3,20,0,0,0,20
11/05/2021,GYH,SC,ASO,ES,Federal Contract Tower,0,14,3,2,19,0,11,73,4,88,0,25,76,6,107,88,0,88,195
11/06/2021,GYH,SC,ASO,ES,Federal Contract Tower,0,14,0,0,14,0,4,7,0,11,0,18,7,0,25,6,0,6,31
11/07/2021,GYH,SC,ASO,ES,Federal Contract Tower,0,12,8,0,20,0,17,45,0,62,0,29,53,0,82,58,0,58,140
11/08/2021,GYH,SC,ASO,ES,Federal Contract Tower,0,26,0,1,27,0,21,68,4,93,0,47,68,5,120,94,0,94,214
11/09/2021,GYH,SC,ASO,ES,Federal Contract Tower,0,14,2,3,19,0,22,59,22,103,0,36,61,25,122,92,12,104,226
11/10/2021,GYH,SC,ASO,ES,Federal Contract Tower,0,11,3,6,20,0,22,84,8,114,0,33,87,14,134,104,0,104,238
11/11/2021,GYH,SC,ASO,ES,Federal Contract Tower,0,9,8,0,17,0,4,0,0,4,0,13,8,0,21,0,0,0,21
11/12/2021,GYH,SC,ASO,ES,Federal Contract Tower,0,13,2,1,16,0,12,72,0,84,0,25,74,1,100,104,0,104,204
11/13/2021,GYH,SC,ASO,ES,Federal Contract Tower,0,6,2,0,8,0,18,74,0,92,0,24,76,0,100,114,0,114,214
11/14/2021,GYH,SC,ASO,ES,Federal Contract Tower,0,12,0,0,12,0,17,13,0,30,0,29,13,0,42,8,0,8,50
11/15/2021,GYH,SC,ASO,ES,Federal Contract Tower,0,22,1,2,25,0,28,47,0,75,0,50,48,2,100,64,0,64,164
11/16/2021,GYH,SC,ASO,ES,Federal Contract Tower,0,15,5,2,22,0,19,40,18,77,0,34,45,20,99,62,12,74,173
11/17/2021,GYH,SC,ASO,ES,Federal Contract Tower,0,13,2,2,17,0,29,41,36,106,0,42,43,38,123,50,6,56,179
11/18/2021,GYH,SC,ASO,ES,Federal Contract Tower,0,9,2,2,13,0,10,41,15,66,0,19,43,17,79,50,0,50,129
11/19/2021,GYH,SC,ASO,ES,Federal Contract Tower,0,15,0,0,15,0,32,60,1,93,0,47,60,1,108,76,0,76,184
11/20/2021,GYH,SC,ASO,ES,Federal Contract Tower,0,11,0,0,11,0,17,41,0,58,0,28,41,0,69,64,0,64,133
11/21/2021,GYH,SC,ASO,ES,Federal Contract Tower,0,6,0,0,6,0,12,31,0,43,0,18,31,0,49,52,0,52,101
11/22/2021,GYH,SC,ASO,ES,Federal Contract Tower,0,20,5,0,25,0,10,20,4,34,0,30,25,4,59,26,2,28,87
11/23/2021,GYH,SC,ASO,ES,Federal Contract Tower,0,21,0,0,21,0,10,52,15,77,0,31,52,15,98,78,0,78,176
11/24/2021,GYH,SC,ASO,ES,Federal Contract Tower,0,2,2,0,4,0,22,80,4,106,0,24,82,4,110,114,0,114,224
11/25/2021,GYH,SC,ASO,ES,Federal Contract Tower,0,1,0,0,1,0,2,0,0,2,0,3,0,0,3,0,0,0,3
11/26/2021,GYH,SC,ASO,ES,Federal Contract Tower,0,3,2,0,5,0,6,30,0,36,0,9,32,0,41,46,0,46,87
11/27/2021,GYH,SC,ASO,ES,Federal Contract Tower,0,7,1,0,8,0,9,30,0,39,0,16,31,0,47,60,0,60,107
11/28/2021,GYH,SC,ASO,ES,Federal Contract Tower,0,10,0,0,10,0,20,22,0,42,0,30,22,0,52,12,0,12,64
11/29/2021,GYH,SC,ASO,ES,Federal Contract Tower,0,7,5,1,13,0,6,61,0,67,0,13,66,1,80,74,0,74,154
11/30/2021,GYH,SC,ASO,ES,Federal Contract Tower,0,7,3,0,10,0,10,40,18,68,0,17,43,18,78,56,0,56,134
12/01/2021,GYH,SC,ASO,ES,Federal Contract Tower,0,14,6,1,21,0,32,61,16,109,0,46,67,17,130,86,0,86,216
12/02/2021,GYH,SC,ASO,ES,Federal Contract Tower,0,23,5,1,29,0,26,59,15,100,0,49,64,16,129,132,0,132,261
12/03/2021,GYH,SC,ASO,ES,Federal Contract Tower,0,8,3,0,11,0,11,93,0,104,0,19,96,0,115,98,0,98,213
12/04/2021,GYH,SC,ASO,ES,Federal Contract Tower,0,12,0,0,12,0,6,72,12,90,0,18,72,12,102,92,0,92,194
12/05/2021,GYH,SC,ASO,ES,Federal Contract Tower,0,11,3,0,14,0,17,34,11,62,0,28,37,11,76,40,14,54,130
12/06/2021,GYH,SC,ASO,ES,Federal Contract Tower,0,20,7,0,27,0,12,14,0,26,0,32,21,0,53,20,0,20,73
12/07/2021,GYH,SC,ASO,ES,Federal Contract Tower,0,6,0,3,9,0,9,56,24,89,0,15,56,27,98,80,18,98,196
12/08/2021,GYH,SC,ASO,ES,Federal Contract Tower,0,21,0,2,23,0,4,51,60,115,0,25,51,62,138,104,0,104,242
12/09/2021,GYH,SC,ASO,ES,Federal Contract Tower,0,22,2,0,24,0,11,64,40,115,0,33,66,40,139,68,0,68,207
12/10/2021,GYH,SC,ASO,ES,Federal Contract Tower,0,9,1,1,11,0,0,0,0,0,0,9,1,1,11,0,0,0,11
12/11/2021,GYH,SC,ASO,ES,Federal Contract Tower,0,4,0,0,4,0,0,0,2,2,0,4,0,2,6,0,0,0,6
12/12/2021,GYH,SC,ASO,ES,Federal Contract Tower,0,13,3,0,16,0,6,39,0,45,0,19,42,0,61,46,0,46,107
12/13/2021,GYH,SC,ASO,ES,Federal Contract Tower,0,16,0,8,24,0,18,63,0,81,0,34,63,8,105,68,0,68,173
12/14/2021,GYH,SC,ASO,ES,Federal Contract Tower,0,11,3,2,16,0,17,41,46,104,0,28,44,48,120,48,28,76,196
12/15/2021,GYH,SC,ASO,ES,Federal Contract Tower,0,9,2,2,13,0,22,57,18,97,0,31,59,20,110,60,6,66,176
12/16/2021,GYH,SC,ASO,ES,Federal Contract Tower,0,21,1,3,25,0,28,79,18,125,0,49,80,21,150,118,0,118,268
12/17/2021,GYH,SC,ASO,ES,Federal Contract Tower,0,16,0,0,16,0,26,13,0,39,0,42,13,0,55,10,0,10,65
12/18/2021,GYH,SC,ASO,ES,Federal Contract Tower,0,2,1,0,3,0,0,0,0,0,0,2,1,0,3,0,0,0,3
12/19/2021,GYH,SC,ASO,ES,Federal Contract Tower,0,10,6,0,16,0,18,15,0,33,0,28,21,0,49,22,0,22,71
12/20/2021,GYH,SC,ASO,ES,Federal Contract Tower,0,7,0,1,8,0,2,42,1,45,0,9,42,2,53,38,0,38,91
12/21/2021,GYH,SC,ASO,ES,Federal Contract Tower,0,11,5,4,20,0,6,20,14,40,0,17,25,18,60,18,4,22,82
12/22/2021,GYH,SC,ASO,ES,Federal Contract Tower,0,18,4,0,22,0,2,34,7,43,0,20,38,7,65,42,0,42,107
12/23/2021,GYH,SC,ASO,ES,Federal Contract Tower,0,15,1,0,16,0,25,37,0,62,0,40,38,0,78,48,0,48,126
12/24/2021,GYH,SC,ASO,ES,Federal Contract Tower,0,3,2,0,5,0,6,4,0,10,0,9,6,0,15,4,0,4,19
12/25/2021,GYH,SC,ASO,ES,Federal Contract Tower,0,1,0,0,1,0,10,0,0,10,0,11,0,0,11,0,0,0,11
12/26/2021,GYH,SC,ASO,ES,Federal Contract Tower,0,3,2,0,5,0,16,20,0,36,0,19,22,0,41,4,0,4,45
12/27/2021,GYH,SC,ASO,ES,Federal Contract Tower,0,4,2,0,6,0,14,2,0,16,0,18,4,0,22,0,0,0,22
12/28/2021,GYH,SC,ASO,ES,Federal Contract Tower,0,10,4,0,14,0,10,10,0,20,0,20,14,0,34,16,0,16,50
12/29/2021,GYH,SC,ASO,ES,Federal Contract Tower,0,5,0,0,5,0,0,0,0,0,0,5,0,0,5,0,0,0,5
12/30/2021,GYH,SC,ASO,ES,Federal Contract Tower,0,6,0,0,6,0,0,0,0,0,0,6,0,0,6,0,0,0,6
12/31/2021,GYH,SC,ASO,ES,Federal Contract Tower,0,7,0,0,7,0,2,37,0,39,0,9,37,0,46,56,0,56,102
01/01/2022,GYH,SC,ASO,ES,Federal Contract Tower,0,2,0,0,2,0,4,2,0,6,0,6,2,0,8,2,0,2,10
01/02/2022,GYH,SC,ASO,ES,Federal Contract Tower,0,9,1,0,10,0,0,0,0,0,0,9,1,0,10,0,0,0,10
01/03/2022,GYH,SC,ASO,ES,Federal Contract Tower,0,13,2,0,15,0,24,6,0,30,0,37,8,0,45,4,0,4,49
01/04/2022,GYH,SC,ASO,ES,Federal Contract Tower,0,14,5,4,23,0,14,68,31,113,0,28,73,35,136,116,22,138,274
01/05/2022,GYH,SC,ASO,ES,Federal Contract Tower,0,17,4,11,32,0,19,58,11,88,0,36,62,22,120,68,0,68,188
01/06/2022,GYH,SC,ASO,ES,Federal Contract Tower,0,11,5,5,21,0,4,33,14,51,0,15,38,19,72,30,24,54,126
01/07/2022,GYH,SC,ASO,ES,Federal Contract Tower,0,14,3,0,17,0,26,39,6,71,0,40,42,6,88,60,0,60,148
01/08/2022,GYH,SC,ASO,ES,Federal Contract Tower,0,3,0,0,3,0,8,34,3,45,0,11,34,3,48,48,0,48,96
01/09/2022,GYH,SC,ASO,ES,Federal Contract Tower,0,8,0,0,8,0,0,1,0,1,0,8,1,0,9,0,0,0,9
01/10/2022,GYH,SC,ASO,ES,Federal Contract Tower,0,15,0,4,19,0,1,18,0,19,0,16,18,4,38,18,0,18,56
01/11/2022,GYH,SC,ASO,ES,Federal Contract Tower,0,16,2,2,20,0,29,45,27,101,0,45,47,29,121,50,10,60,181
01/12/2022,GYH,SC,ASO,ES,Federal Contract Tower,0,15,3,1,19,0,17,78,13,108,0,32,81,14,127,94,4,98,225
01/13/2022,GYH,SC,ASO,ES,Federal Contract Tower,0,13,0,0,13,0,23,53,40,116,0,36,53,40,129,90,16,106,235
01/14/2022,GYH,SC,ASO,ES,Federal Contract Tower,0,13,1,1,15,0,26,44,0,70,0,39,45,1,85,52,0,52,137
01/15/2022,GYH,SC,ASO,ES,Federal Contract Tower,0,7,0,0,7,0,18,33,0,51,0,25,33,0,58,36,0,36,94
01/16/2022,GYH,SC,ASO,ES,Federal Contract Tower,0,0,0,0,0,0,0,0,0,0,0,0,0,0,0,0,0,0,0
01/17/2022,GYH,SC,ASO,ES,Federal Contract Tower,0,0,0,0,0,0,14,0,0,14,0,14,0,0,14,0,0,0,14
01/18/2022,GYH,SC,ASO,ES,Federal Contract Tower,0,5,0,0,5,0,14,5,24,43,0,19,5,24,48,8,16,24,72
01/19/2022,GYH,SC,ASO,ES,Federal Contract Tower,0,10,2,3,15,0,6,38,31,75,0,16,40,34,90,64,0,64,154
01/20/2022,GYH,SC,ASO,ES,Federal Contract Tower,0,17,3,2,22,0,0,0,16,16,0,17,3,18,38,0,16,16,54
01/21/2022,GYH,SC,ASO,ES,Federal Contract Tower,0,19,0,1,20,0,10,18,0,28,0,29,18,1,48,40,0,40,88
01/22/2022,GYH,SC,ASO,ES,Federal Contract Tower,0,3,1,0,4,0,13,50,0,63,0,16,51,0,67,76,0,76,143
01/23/2022,GYH,SC,ASO,ES,Federal Contract Tower,0,6,1,0,7,0,10,32,0,42,0,16,33,0,49,30,0,30,79
01/24/2022,GYH,SC,ASO,ES,Federal Contract Tower,0,12,2,3,17,0,24,32,0,56,0,36,34,3,73,40,0,40,113
01/25/2022,GYH,SC,ASO,ES,Federal Contract Tower,0,15,0,5,20,0,22,50,36,108,0,37,50,41,128,76,20,96,224
01/26/2022,GYH,SC,ASO,ES,Federal Contract Tower,0,20,1,3,24,0,22,71,25,118,0,42,72,28,142,98,10,108,250
01/27/2022,GYH,SC,ASO,ES,Federal Contract Tower,0,10,0,2,12,0,12,56,58,126,0,22,56,60,138,50,10,60,198
01/28/2022,GYH,SC,ASO,ES,Federal Contract Tower,0,7,0,3,10,0,16,41,4,61,0,23,41,7,71,54,0,54,125
01/29/2022,GYH,SC,ASO,ES,Federal Contract Tower,0,4,0,0,4,0,22,37,0,59,0,26,37,0,63,44,0,44,107
01/30/2022,GYH,SC,ASO,ES,Federal Contract Tower,0,9,0,0,9,0,10,40,0,50,0,19,40,0,59,52,0,52,111
01/31/2022,GYH,SC,ASO,ES,Federal Contract Tower,0,5,0,1,6,0,25,66,5,96,0,30,66,6,102,104,8,112,214
02/01/2022,GYH,SC,ASO,ES,Federal Contract Tower,0,6,2,3,11,0,32,30,29,91,0,38,32,32,102,32,16,48,150
02/02/2022,GYH,SC,ASO,ES,Federal Contract Tower,0,14,3,4,21,0,24,71,30,125,0,38,74,34,146,76,8,84,230
02/03/2022,GYH,SC,ASO,ES,Federal Contract Tower,0,7,0,2,9,0,0,0,0,0,0,7,0,2,9,0,0,0,9
02/04/2022,GYH,SC,ASO,ES,Federal Contract Tower,0,10,0,2,12,0,12,2,0,14,0,22,2,2,26,0,0,0,26
02/05/2022,GYH,SC,ASO,ES,Federal Contract Tower,0,9,9,0,18,0,10,64,0,74,0,19,73,0,92,72,0,72,164
02/06/2022,GYH,SC,ASO,ES,Federal Contract Tower,0,15,4,1,20,0,0,65,7,72,0,15,69,8,92,76,0,76,168
02/07/2022,GYH,SC,ASO,ES,Federal Contract Tower,0,24,5,0,29,0,18,40,0,58,0,42,45,0,87,68,0,68,155
02/08/2022,GYH,SC,ASO,ES,Federal Contract Tower,0,16,1,7,24,0,13,45,25,83,0,29,46,32,107,76,10,86,193
02/09/2022,GYH,SC,ASO,ES,Federal Contract Tower,0,30,3,4,37,0,29,81,27,137,0,59,84,31,174,132,4,136,310
02/10/2022,GYH,SC,ASO,ES,Federal Contract Tower,0,10,0,3,13,0,23,72,44,139,0,33,72,47,152,86,4,90,242
02/11/2022,GYH,SC,ASO,ES,Federal Contract Tower,0,16,1,0,17,0,9,48,10,67,0,25,49,10,84,44,8,52,136
02/12/2022,GYH,SC,ASO,ES,Federal Contract Tower,0,6,0,0,6,0,0,33,4,37,0,6,33,4,43,42,0,42,85
02/13/2022,GYH,SC,ASO,ES,Federal Contract Tower,0,7,1,0,8,0,0,28,14,42,0,7,29,14,50,50,18,68,118
02/14/2022,GYH,SC,ASO,ES,Federal Contract Tower,0,9,4,0,13,0,14,25,0,39,0,23,29,0,52,18,0,18,70
02/15/2022,GYH,SC,ASO,ES,Federal Contract Tower,0,10,1,2,13,0,15,80,12,107,0,25,81,14,120,92,4,96,216
02/16/2022,GYH,SC,ASO,ES,Federal Contract Tower,0,16,0,6,22,0,24,97,28,149,0,40,97,34,171,104,2,106,277
02/17/2022,GYH,SC,ASO,ES,Federal Contract Tower,0,16,0,5,21,0,1,1,34,36,0,17,1,39,57,0,0,0,57
02/18/2022,GYH,SC,ASO,ES,Federal Contract Tower,0,13,2,0,15,0,11,54,0,65,0,24,56,0,80,52,0,52,132
02/19/2022,GYH,SC,ASO,ES,Federal Contract Tower,0,6,1,0,7,0,9,88,0,97,0,15,89,0,104,106,0,106,210
02/20/2022,GYH,SC,ASO,ES,Federal Contract Tower,0,12,1,0,13,0,9,60,0,69,0,21,61,0,82,80,0,80,162
02/21/2022,GYH,SC,ASO,ES,Federal Contract Tower,0,26,0,0,26,0,19,102,0,121,0,45,102,0,147,148,0,148,295
02/22/2022,GYH,SC,ASO,ES,Federal Contract Tower,0,16,0,2,18,0,2,0,14,16,0,18,0,16,34,0,0,0,34
02/23/2022,GYH,SC,ASO,ES,Federal Contract Tower,0,18,2,4,24,0,56,17,18,91,0,74,19,22,115,10,0,10,125
02/24/2022,GYH,SC,ASO,ES,Federal Contract Tower,0,12,1,2,15,0,6,28,35,69,0,18,29,37,84,40,0,40,124
02/25/2022,GYH,SC,ASO,ES,Federal Contract Tower,0,13,1,0,14,0,15,8,0,23,0,28,9,0,37,0,0,0,37
02/26/2022,GYH,SC,ASO,ES,Federal Contract Tower,0,4,6,0,10,0,20,66,0,86,0,24,72,0,96,92,0,92,188
02/27/2022,GYH,SC,ASO,ES,Federal Contract Tower,0,8,1,0,9,0,0,0,0,0,0,8,1,0,9,0,0,0,9
02/28/2022,GYH,SC,ASO,ES,Federal Contract Tower,0,27,3,1,31,0,19,45,0,64,0,46,48,1,95,68,0,68,163
03/01/2022,GYH,SC,ASO,ES,Federal Contract Tower,0,9,4,5,18,0,16,48,19,83,0,25,52,24,101,72,28,100,201
03/02/2022,GYH,SC,ASO,ES,Federal Contract Tower,0,17,3,7,27,0,15,60,20,95,0,32,63,27,122,76,0,76,198
03/03/2022,GYH,SC,ASO,ES,Federal Contract Tower,0,10,1,3,14,0,35,70,35,140,0,45,71,38,154,84,6,90,244
03/04/2022,GYH,SC,ASO,ES,Federal Contract Tower,0,8,0,1,9,0,27,59,5,91,0,35,59,6,100,60,2,62,162
03/05/2022,GYH,SC,ASO,ES,Federal Contract Tower,0,6,2,0,8,0,10,59,3,72,0,16,61,3,80,94,0,94,174
03/06/2022,GYH,SC,ASO,ES,Federal Contract Tower,0,15,1,0,16,0,6,14,0,20,0,21,15,0,36,14,0,14,50
03/07/2022,GYH,SC,ASO,ES,Federal Contract Tower,0,12,3,0,15,0,16,11,10,37,0,28,14,10,52,8,0,8,60
03/08/2022,GYH,SC,ASO,ES,Federal Contract Tower,0,16,5,5,26,0,19,45,11,75,0,35,50,16,101,58,6,64,165
03/09/2022,GYH,SC,ASO,ES,Federal Contract Tower,0,16,0,6,22,0,6,5,10,21,0,22,5,16,43,6,10,16,59
03/10/2022,GYH,SC,ASO,ES,Federal Contract Tower,0,12,5,8,25,0,4,0,0,4,0,16,5,8,29,0,10,10,39
03/11/2022,GYH,SC,ASO,ES,Federal Contract Tower,0,16,3,1,20,0,26,32,8,66,0,42,35,9,86,36,8,44,130
03/12/2022,GYH,SC,ASO,ES,Federal Contract Tower,0,7,1,0,8,0,8,1,20,29,0,15,2,20,37,0,2,2,39
03/13/2022,GYH,SC,ASO,ES,Federal Contract Tower,0,12,1,0,13,0,12,35,0,47,0,24,36,0,60,50,0,50,110
03/14/2022,GYH,SC,ASO,ES,Federal Contract Tower,0,11,2,3,16,0,26,65,12,103,0,37,67,15,119,78,8,86,205
03/15/2022,GYH,SC,ASO,ES,Federal Contract Tower,0,16,3,0,19,0,21,86,19,126,0,37,89,19,145,98,2,100,245
03/16/2022,GYH,SC,ASO,ES,Federal Contract Tower,0,10,0,2,12,0,0,0,0,0,0,10,0,2,12,0,0,0,12
03/17/2022,GYH,SC,ASO,ES,Federal Contract Tower,0,15,6,8,29,0,9,55,24,88,0,24,61,32,117,80,10,90,207
03/18/2022,GYH,SC,ASO,ES,Federal Contract Tower,0,24,3,2,29,0,10,27,0,37,0,34,30,2,66,36,0,36,102
03/19/2022,GYH,SC,ASO,ES,Federal Contract Tower,0,9,1,0,10,0,4,4,0,8,0,13,5,0,18,6,0,6,24
03/20/2022,GYH,SC,ASO,ES,Federal Contract Tower,0,5,0,0,5,0,19,45,0,64,0,24,45,0,69,40,0,40,109
03/21/2022,GYH,SC,ASO,ES,Federal Contract Tower,0,8,5,0,13,0,24,57,3,84,0,32,62,3,97,60,2,62,159
03/22/2022,GYH,SC,ASO,ES,Federal Contract Tower,0,5,0,4,9,0,28,48,27,103,0,33,48,31,112,54,8,62,174
03/23/2022,GYH,SC,ASO,ES,Federal Contract Tower,0,14,0,2,16,0,4,0,6,10,0,18,0,8,26,0,8,8,34
03/24/2022,GYH,SC,ASO,ES,Federal Contract Tower,0,12,0,6,18,0,20,28,15,63,0,32,28,21,81,14,4,18,99
03/25/2022,GYH,SC,ASO,ES,Federal Contract Tower,0,16,1,0,17,0,4,40,8,52,0,20,41,8,69,48,0,48,117
03/26/2022,GYH,SC,ASO,ES,Federal Contract Tower,0,9,0,2,11,0,18,8,0,26,0,27,8,2,37,20,0,20,57
03/27/2022,GYH,SC,ASO,ES,Federal Contract Tower,0,19,3,0,22,0,16,44,0,60,0,35,47,0,82,62,0,62,144
03/28/2022,GYH,SC,ASO,ES,Federal Contract Tower,0,10,1,9,20,0,11,53,6,70,0,21,54,15,90,72,2,74,164
03/29/2022,GYH,SC,ASO,ES,Federal Contract Tower,0,14,1,2,17,0,28,45,17,90,0,42,46,19,107,82,8,90,197
03/30/2022,GYH,SC,ASO,ES,Federal Contract Tower,0,12,3,8,23,0,6,49,12,67,0,18,52,20,90,102,14,116,206
03/31/2022,GYH,SC,ASO,ES,Federal Contract Tower,0,11,1,0,12,0,26,4,10,40,0,37,5,10,52,0,0,0,52
04/01/2022,GYH,SC,ASO,ES,Federal Contract Tower,0,11,4,2,17,0,8,80,3,91,0,19,84,5,108,89,0,89,197
04/02/2022,GYH,SC,ASO,ES,Federal Contract Tower,0,4,2,1,7,0,0,60,6,66,0,4,62,7,73,82,0,82,155
04/03/2022,GYH,SC,ASO,ES,Federal Contract Tower,0,11,3,0,14,0,16,54,0,70,0,27,57,0,84,66,0,66,150
04/04/2022,GYH,SC,ASO,ES,Federal Contract Tower,0,17,5,0,22,0,14,63,1,78,0,31,68,1,100,64,0,64,164
04/05/2022,GYH,SC,ASO,ES,Federal Contract Tower,0,9,0,7,16,0,5,4,10,19,0,14,4,17,35,6,18,24,59
04/06/2022,GYH,SC,ASO,ES,Federal Contract Tower,0,19,3,2,24,0,2,33,19,54,0,21,36,21,78,54,14,68,146
04/07/2022,GYH,SC,ASO,ES,Federal Contract Tower,0,20,0,2,22,0,12,9,59,80,0,32,9,61,102,6,22,28,130
04/08/2022,GYH,SC,ASO,ES,Federal Contract Tower,0,14,0,0,14,0,10,42,0,52,0,24,42,0,66,56,0,56,122
04/09/2022,GYH,SC,ASO,ES,Federal Contract Tower,0,11,1,0,12,0,16,30,0,46,0,27,31,0,58,36,0,36,94
04/10/2022,GYH,SC,ASO,ES,Federal Contract Tower,0,9,2,0,11,0,4,74,0,78,0,13,76,0,89,72,0,72,161
04/11/2022,GYH,SC,ASO,ES,Federal Contract Tower,0,14,3,1,18,0,31,62,6,99,0,45,65,7,117,86,4,90,207
04/12/2022,GYH,SC,ASO,ES,Federal Contract Tower,0,13,2,1,16,0,7,66,15,88,0,20,68,16,104,94,22,116,220
04/13/2022,GYH,SC,ASO,ES,Federal Contract Tower,0,14,4,4,22,0,15,50,21,86,0,29,54,25,108,62,4,66,174
04/14/2022,GYH,SC,ASO,ES,Federal Contract Tower,0,19,1,3,23,0,8,64,12,84,0,27,65,15,107,86,0,86,193
04/15/2022,GYH,SC,ASO,ES,Federal Contract Tower,0,19,3,0,22,0,12,117,5,134,0,31,120,5,156,146,0,146,302
04/16/2022,GYH,SC,ASO,ES,Federal Contract Tower,0,4,2,0,6,0,18,26,0,44,0,22,28,0,50,32,0,32,82
04/17/2022,GYH,SC,ASO,ES,Federal Contract Tower,0,4,0,0,4,0,0,11,0,11,0,4,11,0,15,14,0,14,29
04/18/2022,GYH,SC,ASO,ES,Federal Contract Tower,0,9,1,2,12,0,12,34,0,46,0,21,35,2,58,56,0,56,114
04/19/2022,GYH,SC,ASO,ES,Federal Contract Tower,0,16,1,2,19,0,8,84,22,114,0,24,85,24,133,130,18,148,281
04/20/2022,GYH,SC,ASO,ES,Federal Contract Tower,0,11,3,5,19,0,22,63,24,109,0,33,66,29,128,110,4,114,242
04/21/2022,GYH,SC,ASO,ES,Federal Contract Tower,0,4,2,6,12,0,11,76,12,99,0,15,78,18,111,98,0,98,209
04/22/2022,GYH,SC,ASO,ES,Federal Contract Tower,0,16,5,1,22,0,14,90,0,104,0,30,95,1,126,112,0,112,238
04/23/2022,GYH,SC,ASO,ES,Federal Contract Tower,0,2,1,1,4,0,28,113,0,141,0,30,114,1,145,112,0,112,257
04/24/2022,GYH,SC,ASO,ES,Federal Contract Tower,0,5,1,0,6,0,12,45,0,57,0,17,46,0,63,56,0,56,119
04/25/2022,GYH,SC,ASO,ES,Federal Contract Tower,0,12,4,1,17,0,14,64,4,82,0,26,68,5,99,78,2,80,179
04/26/2022,GYH,SC,ASO,ES,Federal Contract Tower,0,12,2,2,16,0,11,37,12,60,0,23,39,14,76,44,8,52,128
04/27/2022,GYH,SC,ASO,ES,Federal Contract Tower,0,10,5,8,23,0,10,57,12,79,0,20,62,20,102,56,0,56,158
04/28/2022,GYH,SC,ASO,ES,Federal Contract Tower,0,14,3,3,20,0,13,75,16,104,0,27,78,19,124,124,10,134,258
04/29/2022,GYH,SC,ASO,ES,Federal Contract Tower,0,10,1,1,12,0,30,69,2,101,0,40,70,3,113,82,0,82,195
04/30/2022,GYH,SC,ASO,ES,Federal Contract Tower,0,4,0,0,4,0,29,52,0,81,0,33,52,0,85,88,0,88,173
05/01/2022,GYH,SC,ASO,ES,Federal Contract Tower,0,1,0,0,1,0,8,22,2,32,0,9,22,2,33,24,0,24,57
05/02/2022,GYH,SC,ASO,ES,Federal Contract Tower,0,12,1,1,14,0,12,51,4,67,0,24,52,5,81,64,0,64,145
05/03/2022,GYH,SC,ASO,ES,Federal Contract Tower,0,10,0,0,10,0,21,35,6,62,0,31,35,6,72,44,0,44,116
05/04/2022,GYH,SC,ASO,ES,Federal Contract Tower,0,11,1,0,12,0,28,51,12,91,0,39,52,12,103,68,0,68,171
05/05/2022,GYH,SC,ASO,ES,Federal Contract Tower,0,23,1,0,24,0,8,58,18,84,0,31,59,18,108,82,0,82,190
05/06/2022,GYH,SC,ASO,ES,Federal Contract Tower,0,18,1,0,19,0,8,0,0,8,0,26,1,0,27,0,0,0,27
05/07/2022,GYH,SC,ASO,ES,Federal Contract Tower,0,3,1,0,4,0,34,34,0,68,0,37,35,0,72,52,0,52,124
05/08/2022,GYH,SC,ASO,ES,Federal Contract Tower,0,4,0,0,4,0,8,11,0,19,0,12,11,0,23,18,0,18,41
05/09/2022,GYH,SC,ASO,ES,Federal Contract Tower,0,20,2,1,23,0,20,84,4,108,0,40,86,5,131,96,2,98,229
05/10/2022,GYH,SC,ASO,ES,Federal Contract Tower,0,5,0,4,9,0,0,38,9,47,0,5,38,13,56,50,4,54,110
05/11/2022,GYH,SC,ASO,ES,Federal Contract Tower,0,16,0,1,17,0,20,76,46,142,0,36,76,47,159,101,24,125,284
05/12/2022,GYH,SC,ASO,ES,Federal Contract Tower,0,13,0,3,16,0,8,24,14,46,0,21,24,17,62,20,12,32,94
05/13/2022,GYH,SC,ASO,ES,Federal Contract Tower,0,8,2,1,11,0,2,11,6,19,0,10,13,7,30,18,4,22,52
05/14/2022,GYH,SC,ASO,ES,Federal Contract Tower,0,5,2,0,7,0,10,72,2,84,0,15,74,2,91,100,2,102,193
05/15/2022,GYH,SC,ASO,ES,Federal Contract Tower,0,11,4,0,15,0,16,19,2,37,0,27,23,2,52,14,0,14,66
05/16/2022,GYH,SC,ASO,ES,Federal Contract Tower,0,16,1,0,17,0,35,41,0,76,0,51,42,0,93,58,0,58,151
05/17/2022,GYH,SC,ASO,ES,Federal Contract Tower,0,11,2,2,15,0,35,88,12,135,0,46,90,14,150,120,10,130,280
05/18/2022,GYH,SC,ASO,ES,Federal Contract Tower,0,23,2,6,31,0,14,82,12,108,0,37,84,18,139,118,6,124,263
05/19/2022,GYH,SC,ASO,ES,Federal Contract Tower,0,20,1,2,23,0,20,50,8,78,0,40,51,10,101,46,2,48,149
05/20/2022,GYH,SC,ASO,ES,Federal Contract Tower,0,6,2,3,11,0,10,48,3,61,0,16,50,6,72,44,2,46,118
05/21/2022,GYH,SC,ASO,ES,Federal Contract Tower,0,2,1,2,5,0,18,41,0,59,0,20,42,2,64,44,0,44,108
05/22/2022,GYH,SC,ASO,ES,Federal Contract Tower,0,5,0,2,7,0,6,13,0,19,0,11,13,2,26,20,0,20,46
05/23/2022,GYH,SC,ASO,ES,Federal Contract Tower,0,4,1,3,8,0,3,0,0,3,0,7,1,3,11,0,0,0,11
05/24/2022,GYH,SC,ASO,ES,Federal Contract Tower,0,12,0,2,14,0,18,42,22,82,0,30,42,24,96,48,16,64,160
05/25/2022,GYH,SC,ASO,ES,Federal Contract Tower,0,22,0,8,30,0,10,0,8,18,0,32,0,16,48,0,0,0,48
05/26/2022,GYH,SC,ASO,ES,Federal Contract Tower,0,13,1,2,16,0,0,0,0,0,0,13,1,2,16,0,0,0,16
05/27/2022,GYH,SC,ASO,ES,Federal Contract Tower,0,20,1,0,21,0,16,78,0,94,0,36,79,0,115,108,0,108,223
05/28/2022,GYH,SC,ASO,ES,Federal Contract Tower,0,11,0,0,11,0,25,35,0,60,0,36,35,0,71,30,0,30,101
05/29/2022,GYH,SC,ASO,ES,Federal Contract Tower,0,2,1,0,3,0,26,7,0,33,0,28,8,0,36,0,0,0,36
05/30/2022,GYH,SC,ASO,ES,Federal Contract Tower,0,4,1,0,5,0,28,84,0,112,0,32,85,0,117,110,0,110,227
05/31/2022,GYH,SC,ASO,ES,Federal Contract Tower,0,11,2,0,13,0,22,58,8,88,0,33,60,8,101,90,4,94,195
06/01/2022,GYH,SC,ASO,ES,Federal Contract Tower,0,4,1,3,8,0,22,106,6,134,0,26,107,9,142,124,0,124,266
06/02/2022,GYH,SC,ASO,ES,Federal Contract Tower,0,14,1,0,15,0,24,57,3,84,0,38,58,3,99,92,0,92,191
06/03/2022,GYH,SC,ASO,ES,Federal Contract Tower,0,8,10,1,19,0,8,25,2,35,0,16,35,3,54,28,0,28,82
06/04/2022,GYH,SC,ASO,ES,Federal Contract Tower,0,6,2,1,9,0,14,53,0,67,0,20,55,1,76,74,0,74,150
06/05/2022,GYH,SC,ASO,ES,Federal Contract Tower,0,6,2,0,8,0,8,25,0,33,0,14,27,0,41,18,0,18,59
06/06/2022,GYH,SC,ASO,ES,Federal Contract Tower,0,11,1,3,15,0,14,89,0,103,0,25,90,3,118,114,0,114,232
06/07/2022,GYH,SC,ASO,ES,Federal Contract Tower,0,17,3,2,22,0,12,28,4,44,0,29,31,6,66,48,2,50,116
06/08/2022,GYH,SC,ASO,ES,Federal Contract Tower,0,10,3,0,13,0,14,33,16,63,0,24,36,16,76,52,0,52,128
06/09/2022,GYH,SC,ASO,ES,Federal Contract Tower,0,14,2,3,19,0,18,44,20,82,0,32,46,23,101,70,0,70,171
06/10/2022,GYH,SC,ASO,ES,Federal Contract Tower,0,22,5,2,29,0,20,55,2,77,0,42,60,4,106,58,0,58,164
06/11/2022,GYH,SC,ASO,ES,Federal Contract Tower,0,6,1,0,7,0,40,47,0,87,0,46,48,0,94,38,0,38,132
06/12/2022,GYH,SC,ASO,ES,Federal Contract Tower,0,9,0,1,10,0,4,31,0,35,0,13,31,1,45,30,0,30,75
06/13/2022,GYH,SC,ASO,ES,Federal Contract Tower,0,10,1,0,11,0,18,53,2,73,0,28,54,2,84,64,0,64,148
06/14/2022,GYH,SC,ASO,ES,Federal Contract Tower,0,22,0,4,26,0,23,48,19,90,0,45,48,23,116,34,0,34,150
06/15/2022,GYH,SC,ASO,ES,Federal Contract Tower,0,20,3,6,29,0,10,58,16,84,0,30,61,22,113,70,4,74,187
06/16/2022,GYH,SC,ASO,ES,Federal Contract Tower,0,7,1,5,13,0,13,52,13,78,0,20,53,18,91,54,0,54,145
06/17/2022,GYH,SC,ASO,ES,Federal Contract Tower,0,11,2,0,13,0,23,56,0,79,0,34,58,0,92,64,0,64,156
06/18/2022,GYH,SC,ASO,ES,Federal Contract Tower,0,3,0,0,3,0,24,65,0,89,0,27,65,0,92,92,0,92,184
06/19/2022,GYH,SC,ASO,ES,Federal Contract Tower,0,3,1,0,4,0,14,22,0,36,0,17,23,0,40,20,0,20,60
06/20/2022,GYH,SC,ASO,ES,Federal Contract Tower,0,12,7,0,19,0,16,45,0,61,0,28,52,0,80,68,0,68,148
06/21/2022,GYH,SC,ASO,ES,Federal Contract Tower,0,8,2,2,12,0,25,43,8,76,0,33,45,10,88,42,2,44,132
06/22/2022,GYH,SC,ASO,ES,Federal Contract Tower,0,12,3,1,16,0,29,73,18,120,0,41,76,19,136,102,0,102,238
06/23/2022,GYH,SC,ASO,ES,Federal Contract Tower,0,11,0,3,14,0,29,55,11,95,0,40,55,14,109,78,0,78,187
06/24/2022,GYH,SC,ASO,ES,Federal Contract Tower,0,16,5,4,25,0,50,64,0,114,0,66,69,4,139,84,0,84,223
06/25/2022,GYH,SC,ASO,ES,Federal Contract Tower,0,10,2,0,12,0,12,42,0,54,0,22,44,0,66,56,0,56,122
06/26/2022,GYH,SC,ASO,ES,Federal Contract Tower,0,2,3,0,5,0,7,29,0,36,0,9,32,0,41,30,0,30,71
06/27/2022,GYH,SC,ASO,ES,Federal Contract Tower,0,11,0,3,14,0,19,51,3,73,0,30,51,6,87,50,2,52,139
06/28/2022,GYH,SC,ASO,ES,Federal Contract Tower,0,23,1,3,27,0,8,72,16,96,0,31,73,19,123,100,0,100,223
06/29/2022,GYH,SC,ASO,ES,Federal Contract Tower,0,9,1,3,13,0,2,52,12,66,0,11,53,15,79,54,0,54,133
06/30/2022,GYH,SC,ASO,ES,Federal Contract Tower,0,15,6,5,26,0,28,83,7,118,0,43,89,12,144,104,0,104,248
07/01/2022,GYH,SC,ASO,ES,Federal Contract Tower,0,21,2,1,24,0,9,22,0,31,0,30,24,1,55,28,0,28,83
07/02/2022,GYH,SC,ASO,ES,Federal Contract Tower,0,7,0,0,7,0,8,19,0,27,0,15,19,0,34,28,0,28,62
07/03/2022,GYH,SC,ASO,ES,Federal Contract Tower,0,2,0,0,2,0,16,27,0,43,0,18,27,0,45,30,0,30,75
07/04/2022,GYH,SC,ASO,ES,Federal Contract Tower,0,4,11,0,15,0,7,28,0,35,0,11,39,0,50,34,0,34,84
07/05/2022,GYH,SC,ASO,ES,Federal Contract Tower,0,5,2,0,7,0,10,27,9,46,0,15,29,9,53,50,8,58,111
07/06/2022,GYH,SC,ASO,ES,Federal Contract Tower,0,15,1,3,19,0,4,23,0,27,0,19,24,3,46,50,0,50,96
07/07/2022,GYH,SC,ASO,ES,Federal Contract Tower,0,13,2,0,15,0,11,47,14,72,0,24,49,14,87,66,4,70,157
07/08/2022,GYH,SC,ASO,ES,Federal Contract Tower,0,7,3,2,12,0,15,37,4,56,0,22,40,6,68,48,0,48,116
07/09/2022,GYH,SC,ASO,ES,Federal Contract Tower,0,7,2,0,9,0,8,37,0,45,0,15,39,0,54,40,0,40,94
07/10/2022,GYH,SC,ASO,ES,Federal Contract Tower,0,8,0,0,8,0,0,0,0,0,0,8,0,0,8,0,0,0,8
07/11/2022,GYH,SC,ASO,ES,Federal Contract Tower,0,11,4,2,17,0,34,46,0,80,0,45,50,2,97,60,0,60,157
07/12/2022,GYH,SC,ASO,ES,Federal Contract Tower,0,11,3,1,15,0,25,102,4,131,0,36,105,5,146,120,2,122,268
07/13/2022,GYH,SC,ASO,ES,Federal Contract Tower,0,7,2,1,10,0,13,55,7,75,0,20,57,8,85,70,2,72,157
07/14/2022,GYH,SC,ASO,ES,Federal Contract Tower,0,21,3,4,28,0,23,48,9,80,0,44,51,13,108,68,0,68,176
07/15/2022,GYH,SC,ASO,ES,Federal Contract Tower,0,11,2,1,14,0,21,94,6,121,0,32,96,7,135,116,4,120,255
07/16/2022,GYH,SC,ASO,ES,Federal Contract Tower,0,5,2,0,7,0,1,52,0,53,0,6,54,0,60,64,0,64,124
07/17/2022,GYH,SC,ASO,ES,Federal Contract Tower,0,6,4,0,10,0,29,30,0,59,0,35,34,0,69,28,0,28,97
07/18/2022,GYH,SC,ASO,ES,Federal Contract Tower,0,8,3,0,11,0,16,61,4,81,0,24,64,4,92,76,0,76,168
07/19/2022,GYH,SC,ASO,ES,Federal Contract Tower,0,11,3,3,17,0,33,54,15,102,0,44,57,18,119,76,2,78,197
07/20/2022,GYH,SC,ASO,ES,Federal Contract Tower,0,10,4,0,14,0,4,50,21,75,0,14,54,21,89,52,10,62,151
07/21/2022,GYH,SC,ASO,ES,Federal Contract Tower,0,13,0,2,15,0,26,27,20,73,0,39,27,22,88,42,0,42,130
07/22/2022,GYH,SC,ASO,ES,Federal Contract Tower,0,13,3,0,16,0,10,62,0,72,0,23,65,0,88,86,0,86,174
07/23/2022,GYH,SC,ASO,ES,Federal Contract Tower,0,8,2,2,12,0,14,38,0,52,0,22,40,2,64,32,0,32,96
07/24/2022,GYH,SC,ASO,ES,Federal Contract Tower,0,7,1,0,8,0,16,56,0,72,0,23,57,0,80,90,0,90,170
07/25/2022,GYH,SC,ASO,ES,Federal Contract Tower,0,6,3,0,9,0,26,27,0,53,0,32,30,0,62,40,0,40,102
07/26/2022,GYH,SC,ASO,ES,Federal Contract Tower,0,16,2,6,24,0,13,49,4,66,0,29,51,10,90,64,0,64,154
07/27/2022,GYH,SC,ASO,ES,Federal Contract Tower,0,6,1,1,8,0,22,23,9,54,0,28,24,10,62,22,2,24,86
07/28/2022,GYH,SC,ASO,ES,Federal Contract Tower,0,23,5,0,28,0,35,54,3,92,0,58,59,3,120,58,0,58,178
07/29/2022,GYH,SC,ASO,ES,Federal Contract Tower,0,7,2,2,11,0,14,48,4,66,0,21,50,6,77,58,0,58,135
07/30/2022,GYH,SC,ASO,ES,Federal Contract Tower,0,6,1,0,7,0,8,56,0,64,0,14,57,0,71,68,0,68,139
07/31/2022,GYH,SC,ASO,ES,Federal Contract Tower,0,9,0,0,9,0,17,7,0,24,0,26,7,0,33,6,0,6,39
08/01/2022,GYH,SC,ASO,ES,Federal Contract Tower,0,6,0,3,9,0,2,26,1,29,0,8,26,4,38,34,0,34,72
08/02/2022,GYH,SC,ASO,ES,Federal Contract Tower,0,7,1,1,9,0,24,39,8,71,0,31,40,9,80,48,0,48,128
08/03/2022,GYH,SC,ASO,ES,Federal Contract Tower,0,12,1,3,16,0,17,39,11,67,0,29,40,14,83,32,0,32,115
08/04/2022,GYH,SC,ASO,ES,Federal Contract Tower,0,13,0,6,19,0,30,38,6,74,0,43,38,12,93,38,0,38,131
08/05/2022,GYH,SC,ASO,ES,Federal Contract Tower,0,10,1,1,12,0,14,66,1,81,0,24,67,2,93,76,0,76,169
08/06/2022,GYH,SC,ASO,ES,Federal Contract Tower,0,19,1,0,20,0,0,19,1,20,0,19,20,1,40,14,0,14,54
08/07/2022,GYH,SC,ASO,ES,Federal Contract Tower,0,4,1,0,5,0,19,30,0,49,0,23,31,0,54,30,0,30,84
08/08/2022,GYH,SC,ASO,ES,Federal Contract Tower,0,8,1,1,10,0,8,26,3,37,0,16,27,4,47,42,2,44,91
08/09/2022,GYH,SC,ASO,ES,Federal Contract Tower,0,10,6,0,16,0,12,44,21,77,0,22,50,21,93,54,10,64,157
08/10/2022,GYH,SC,ASO,ES,Federal Contract Tower,0,8,0,0,8,0,26,47,22,95,0,34,47,22,103,68,0,68,171
08/11/2022,GYH,SC,ASO,ES,Federal Contract Tower,0,7,2,0,9,0,22,70,22,114,0,29,72,22,123,96,0,96,219
08/12/2022,GYH,SC,ASO,ES,Federal Contract Tower,0,7,4,3,14,0,15,86,9,110,0,22,90,12,124,96,0,96,220
08/13/2022,GYH,SC,ASO,ES,Federal Contract Tower,0,16,2,0,18,0,23,85,4,112,0,39,87,4,130,84,0,84,214
08/14/2022,GYH,SC,ASO,ES,Federal Contract Tower,0,9,6,0,15,0,9,25,0,34,0,18,31,0,49,32,0,32,81
08/15/2022,GYH,SC,ASO,ES,Federal Contract Tower,0,7,0,2,9,0,9,39,0,48,0,16,39,2,57,62,0,62,119
08/16/2022,GYH,SC,ASO,ES,Federal Contract Tower,0,25,2,3,30,0,11,36,25,72,0,36,38,28,102,44,24,68,170
08/17/2022,GYH,SC,ASO,ES,Federal Contract Tower,0,11,1,4,16,0,16,99,2,117,0,27,100,6,133,132,0,132,265
08/18/2022,GYH,SC,ASO,ES,Federal Contract Tower,0,16,1,2,19,0,21,118,30,169,0,37,119,32,188,176,6,182,370
08/19/2022,GYH,SC,ASO,ES,Federal Contract Tower,0,9,2,2,13,0,12,24,1,37,0,21,26,3,50,24,0,24,74
08/20/2022,GYH,SC,ASO,ES,Federal Contract Tower,0,1,5,1,7,0,10,57,0,67,0,11,62,1,74,88,0,88,162
08/21/2022,GYH,SC,ASO,ES,Federal Contract Tower,0,6,1,2,9,0,4,36,0,40,0,10,37,2,49,46,0,46,95
08/22/2022,GYH,SC,ASO,ES,Federal Contract Tower,0,14,4,4,22,0,20,51,5,76,0,34,55,9,98,68,4,72,170
08/23/2022,GYH,SC,ASO,ES,Federal Contract Tower,0,15,5,7,27,0,21,58,6,85,0,36,63,13,112,76,2,78,190
08/24/2022,GYH,SC,ASO,ES,Federal Contract Tower,0,19,3,2,24,0,6,43,4,53,0,25,46,6,77,48,0,48,125
08/25/2022,GYH,SC,ASO,ES,Federal Contract Tower,0,14,4,2,20,0,18,25,4,47,0,32,29,6,67,28,2,30,97
08/26/2022,GYH,SC,ASO,ES,Federal Contract Tower,0,13,2,3,18,0,20,43,6,69,0,33,45,9,87,70,0,70,157
08/27/2022,GYH,SC,ASO,ES,Federal Contract Tower,0,2,1,1,4,0,16,75,3,94,0,18,76,4,98,130,0,130,228
08/28/2022,GYH,SC,ASO,ES,Federal Contract Tower,0,6,3,0,9,0,16,19,0,35,0,22,22,0,44,28,0,28,72
08/29/2022,GYH,SC,ASO,ES,Federal Contract Tower,0,16,1,0,17,0,17,47,1,65,0,33,48,1,82,76,0,76,158
08/30/2022,GYH,SC,ASO,ES,Federal Contract Tower,0,17,4,1,22,0,6,35,9,50,0,23,39,10,72,52,4,56,128
08/31/2022,GYH,SC,ASO,ES,Federal Contract Tower,0,9,0,4,13,0,25,56,19,100,0,34,56,23,113,86,0,86,199
09/01/2022,GYH,SC,ASO,ES,Federal Contract Tower,0,21,0,4,25,0,21,45,1,67,0,42,45,5,92,70,0,70,162
09/02/2022,GYH,SC,ASO,ES,Federal Contract Tower,0,25,2,1,28,0,26,95,4,125,0,51,97,5,153,122,0,122,275
09/03/2022,GYH,SC,ASO,ES,Federal Contract Tower,0,6,0,0,6,0,14,42,0,56,0,20,42,0,62,32,0,32,94
09/04/2022,GYH,SC,ASO,ES,Federal Contract Tower,0,3,2,0,5,0,12,0,0,12,0,15,2,0,17,0,0,0,17
09/05/2022,GYH,SC,ASO,ES,Federal Contract Tower,0,3,2,0,5,0,0,2,0,2,0,3,4,0,7,0,0,0,7
09/06/2022,GYH,SC,ASO,ES,Federal Contract Tower,0,25,1,0,26,0,29,56,0,85,0,54,57,0,111,72,0,72,183
09/07/2022,GYH,SC,ASO,ES,Federal Contract Tower,0,22,1,3,26,0,12,54,5,71,0,34,55,8,97,58,0,58,155
09/08/2022,GYH,SC,ASO,ES,Federal Contract Tower,0,9,2,2,13,0,0,61,16,77,0,9,63,18,90,98,0,98,188
09/09/2022,GYH,SC,ASO,ES,Federal Contract Tower,0,12,2,0,14,0,16,69,0,85,0,28,71,0,99,120,0,120,219
09/10/2022,GYH,SC,ASO,ES,Federal Contract Tower,0,4,1,0,5,0,0,0,0,0,0,4,1,0,5,0,0,0,5
09/11/2022,GYH,SC,ASO,ES,Federal Contract Tower,0,5,2,0,7,0,12,38,0,50,0,17,40,0,57,50,0,50,107
09/12/2022,GYH,SC,ASO,ES,Federal Contract Tower,0,9,5,1,15,0,0,26,2,28,0,9,31,3,43,32,2,34,77
09/13/2022,GYH,SC,ASO,ES,Federal Contract Tower,0,11,3,0,14,0,15,68,14,97,0,26,71,14,111,106,6,112,223
09/14/2022,GYH,SC,ASO,ES,Federal Contract Tower,0,13,6,0,19,0,16,113,6,135,0,29,119,6,154,146,0,146,300
09/15/2022,GYH,SC,ASO,ES,Federal Contract Tower,0,10,5,0,15,0,34,56,16,106,0,44,61,16,121,74,0,74,195
09/16/2022,GYH,SC,ASO,ES,Federal Contract Tower,0,12,7,5,24,0,21,76,0,97,0,33,83,5,121,74,0,74,195
09/17/2022,GYH,SC,ASO,ES,Federal Contract Tower,0,5,4,0,9,0,8,54,0,62,0,13,58,0,71,68,0,68,139
09/18/2022,GYH,SC,ASO,ES,Federal Contract Tower,0,6,9,0,15,0,11,50,0,61,0,17,59,0,76,62,0,62,138
09/19/2022,GYH,SC,ASO,ES,Federal Contract Tower,0,28,2,0,30,0,24,81,0,105,0,52,83,0,135,122,0,122,257
09/20/2022,GYH,SC,ASO,ES,Federal Contract Tower,0,16,5,1,22,0,28,57,1,86,0,44,62,2,108,78,0,78,186
09/21/2022,GYH,SC,ASO,ES,Federal Contract Tower,0,10,1,1,12,0,18,85,2,105,0,28,86,3,117,98,0,98,215
09/22/2022,GYH,SC,ASO,ES,Federal Contract Tower,0,17,0,0,17,0,21,60,0,81,0,38,60,0,98,70,0,70,168
09/23/2022,GYH,SC,ASO,ES,Federal Contract Tower,0,13,1,7,21,0,27,95,4,126,0,40,96,11,147,150,0,150,297
09/24/2022,GYH,SC,ASO,ES,Federal Contract Tower,0,11,2,0,13,0,24,101,0,125,0,35,103,0,138,122,0,122,260
09/25/2022,GYH,SC,ASO,ES,Federal Contract Tower,0,8,2,0,10,0,18,64,0,82,0,26,66,0,92,74,0,74,166
09/26/2022,GYH,SC,ASO,ES,Federal Contract Tower,0,17,2,0,19,0,15,108,6,129,0,32,110,6,148,172,2,174,322
09/27/2022,GYH,SC,ASO,ES,Federal Contract Tower,0,9,0,1,10,0,7,108,6,121,0,16,108,7,131,144,0,144,275
09/28/2022,GYH,SC,ASO,ES,Federal Contract Tower,0,12,3,2,17,0,26,114,9,149,0,38,117,11,166,156,0,156,322
09/29/2022,GYH,SC,ASO,ES,Federal Contract Tower,0,9,0,0,9,0,13,9,4,26,0,22,9,4,35,4,0,4,39
09/30/2022,GYH,SC,ASO,ES,Federal Contract Tower,0,5,0,0,5,0,0,0,0,0,0,5,0,0,5,0,0,0,5
10/01/2022,GYH,SC,ASO,ES,Federal Contract Tower,0,4,1,0,5,0,8,45,0,53,0,12,46,0,58,34,0,34,92
10/02/2022,GYH,SC,ASO,ES,Federal Contract Tower,0,9,0,0,9,0,2,38,0,40,0,11,38,0,49,52,0,52,101
10/03/2022,GYH,SC,ASO,ES,Federal Contract Tower,0,13,2,0,15,0,21,89,0,110,0,34,91,0,125,128,0,128,253
10/04/2022,GYH,SC,ASO,ES,Federal Contract Tower,0,8,1,4,13,0,9,104,0,113,0,17,105,4,126,192,0,192,318
10/05/2022,GYH,SC,ASO,ES,Federal Contract Tower,0,2,5,0,7,0,14,178,8,200,0,16,183,8,207,288,0,288,495
10/06/2022,GYH,SC,ASO,ES,Federal Contract Tower,0,6,0,1,7,0,23,105,12,140,0,29,105,13,147,138,0,138,285
10/07/2022,GYH,SC,ASO,ES,Federal Contract Tower,0,11,3,5,19,0,35,171,3,209,0,46,174,8,228,190,0,190,418
10/08/2022,GYH,SC,ASO,ES,Federal Contract Tower,0,3,1,0,4,0,16,95,0,111,0,19,96,0,115,122,0,122,237
10/09/2022,GYH,SC,ASO,ES,Federal Contract Tower,0,15,5,0,20,0,18,42,0,60,0,33,47,0,80,54,0,54,134
10/10/2022,GYH,SC,ASO,ES,Federal Contract Tower,0,14,4,0,18,0,26,96,0,122,0,40,100,0,140,114,0,114,254
10/11/2022,GYH,SC,ASO,ES,Federal Contract Tower,0,12,1,2,15,0,12,136,21,169,0,24,137,23,184,168,0,168,352
10/12/2022,GYH,SC,ASO,ES,Federal Contract Tower,0,13,0,5,18,0,4,2,1,7,0,17,2,6,25,0,0,0,25
10/13/2022,GYH,SC,ASO,ES,Federal Contract Tower,0,11,2,0,13,0,2,23,24,49,0,13,25,24,62,30,0,30,92
10/14/2022,GYH,SC,ASO,ES,Federal Contract Tower,0,15,3,1,19,0,8,92,14,114,0,23,95,15,133,128,2,130,263
10/15/2022,GYH,SC,ASO,ES,Federal Contract Tower,0,16,2,0,18,0,18,95,10,123,0,34,97,10,141,142,2,144,285
10/16/2022,GYH,SC,ASO,ES,Federal Contract Tower,0,12,2,0,14,0,26,36,4,66,0,38,38,4,80,46,2,48,128
10/17/2022,GYH,SC,ASO,ES,Federal Contract Tower,0,14,2,1,17,0,27,76,0,103,0,41,78,1,120,106,0,106,226
10/18/2022,GYH,SC,ASO,ES,Federal Contract Tower,0,11,6,4,21,0,21,45,15,81,0,32,51,19,102,36,4,40,142
10/19/2022,GYH,SC,ASO,ES,Federal Contract Tower,0,9,2,0,11,0,15,111,41,167,0,24,113,41,178,194,0,194,372
10/20/2022,GYH,SC,ASO,ES,Federal Contract Tower,0,11,0,4,15,0,21,82,6,109,0,32,82,10,124,168,0,168,292
10/21/2022,GYH,SC,ASO,ES,Federal Contract Tower,0,14,2,2,18,0,12,93,1,106,0,26,95,3,124,128,0,128,252
10/22/2022,GYH,SC,ASO,ES,Federal Contract Tower,0,8,2,0,10,0,7,116,0,123,0,15,118,0,133,62,0,62,195
10/23/2022,GYH,SC,ASO,ES,Federal Contract Tower,0,7,1,0,8,0,14,42,0,56,0,21,43,0,64,46,0,46,110
10/24/2022,GYH,SC,ASO,ES,Federal Contract Tower,0,8,4,0,12,0,10,74,0,84,0,18,78,0,96,84,0,84,180
10/25/2022,GYH,SC,ASO,ES,Federal Contract Tower,0,7,3,6,16,0,12,90,17,119,0,19,93,23,135,140,0,140,275
10/26/2022,GYH,SC,ASO,ES,Federal Contract Tower,0,13,0,3,16,0,9,27,18,54,0,22,27,21,70,30,0,30,100
10/27/2022,GYH,SC,ASO,ES,Federal Contract Tower,0,12,2,4,18,0,26,73,23,122,0,38,75,27,140,122,2,124,264
10/28/2022,GYH,SC,ASO,ES,Federal Contract Tower,0,20,5,0,25,0,24,81,11,116,0,44,86,11,141,104,0,104,245
10/29/2022,GYH,SC,ASO,ES,Federal Contract Tower,0,7,5,0,12,0,0,20,0,20,0,7,25,0,32,14,0,14,46
10/30/2022,GYH,SC,ASO,ES,Federal Contract Tower,0,13,0,1,14,0,0,0,0,0,0,13,0,1,14,0,0,0,14
10/31/2022,GYH,SC,ASO,ES,Federal Contract Tower,0,9,4,1,14,0,0,0,0,0,0,9,4,1,14,0,0,0,14
11/01/2022,GYH,SC,ASO,ES,Federal Contract Tower,0,14,3,9,26,0,47,39,19,105,0,61,42,28,131,52,2,54,185
11/02/2022,GYH,SC,ASO,ES,Federal Contract Tower,0,23,3,3,29,0,15,84,13,112,0,38,87,16,141,128,0,128,269
11/03/2022,GYH,SC,ASO,ES,Federal Contract Tower,0,17,1,3,21,0,26,144,13,183,0,43,145,16,204,196,0,196,400
11/04/2022,GYH,SC,ASO,ES,Federal Contract Tower,0,6,4,5,15,0,25,118,3,146,0,31,122,8,161,132,2,134,295
11/05/2022,GYH,SC,ASO,ES,Federal Contract Tower,0,9,2,4,15,0,0,0,0,0,0,9,2,4,15,0,0,0,15
11/06/2022,GYH,SC,ASO,ES,Federal Contract Tower,0,10,2,0,12,0,1,21,4,26,0,11,23,4,38,42,4,46,84
11/07/2022,GYH,SC,ASO,ES,Federal Contract Tower,0,12,3,4,19,0,14,50,8,72,0,26,53,12,91,100,2,102,193
11/08/2022,GYH,SC,ASO,ES,Federal Contract Tower,0,16,0,1,17,0,28,60,24,112,0,44,60,25,129,104,0,104,233
11/09/2022,GYH,SC,ASO,ES,Federal Contract Tower,0,12,2,2,16,0,6,26,30,62,0,18,28,32,78,26,2,28,106
11/10/2022,GYH,SC,ASO,ES,Federal Contract Tower,0,15,1,0,16,0,2,0,0,2,0,17,1,0,18,0,0,0,18
11/11/2022,GYH,SC,ASO,ES,Federal Contract Tower,0,7,0,0,7,0,0,0,0,0,0,7,0,0,7,0,0,0,7
11/12/2022,GYH,SC,ASO,ES,Federal Contract Tower,0,14,1,0,15,0,36,61,12,109,0,50,62,12,124,104,0,104,228
11/13/2022,GYH,SC,ASO,ES,Federal Contract Tower,0,20,6,0,26,0,22,65,0,87,0,42,71,0,113,80,0,80,193
11/14/2022,GYH,SC,ASO,ES,Federal Contract Tower,0,15,5,0,20,0,19,105,3,127,0,34,110,3,147,150,0,150,297
11/15/2022,GYH,SC,ASO,ES,Federal Contract Tower,0,13,0,0,13,0,0,0,0,0,0,13,0,0,13,0,0,0,13
11/16/2022,GYH,SC,ASO,ES,Federal Contract Tower,0,28,6,5,39,0,23,57,52,132,0,51,63,57,171,128,8,136,307
11/17/2022,GYH,SC,ASO,ES,Federal Contract Tower,0,17,6,1,24,0,7,96,39,142,0,24,102,40,166,166,14,180,346
11/18/2022,GYH,SC,ASO,ES,Federal Contract Tower,0,13,5,0,18,0,24,149,7,180,0,37,154,7,198,196,0,196,394
11/19/2022,GYH,SC,ASO,ES,Federal Contract Tower,0,12,0,0,12,0,27,59,0,86,0,39,59,0,98,84,0,84,182
11/20/2022,GYH,SC,ASO,ES,Federal Contract Tower,0,10,1,0,11,0,20,47,0,67,0,30,48,0,78,52,0,52,130
11/21/2022,GYH,SC,ASO,ES,Federal Contract Tower,0,10,7,2,19,0,36,90,1,127,0,46,97,3,146,146,6,152,298
11/22/2022,GYH,SC,ASO,ES,Federal Contract Tower,0,17,4,7,28,0,25,75,14,114,0,42,79,21,142,130,4,134,276
11/23/2022,GYH,SC,ASO,ES,Federal Contract Tower,0,11,2,1,14,0,28,68,0,96,0,39,70,1,110,88,0,88,198
11/24/2022,GYH,SC,ASO,ES,Federal Contract Tower,0,2,2,0,4,0,0,6,0,6,0,2,8,0,10,2,0,2,12
11/25/2022,GYH,SC,ASO,ES,Federal Contract Tower,0,9,2,0,11,0,16,31,0,47,0,25,33,0,58,36,0,36,94
11/26/2022,GYH,SC,ASO,ES,Federal Contract Tower,0,11,3,0,14,0,20,55,0,75,0,31,58,0,89,64,0,64,153
11/27/2022,GYH,SC,ASO,ES,Federal Contract Tower,0,14,2,0,16,0,18,4,0,22,0,32,6,0,38,8,0,8,46
11/28/2022,GYH,SC,ASO,ES,Federal Contract Tower,0,10,1,1,12,0,22,76,2,100,0,32,77,3,112,120,2,122,234
11/29/2022,GYH,SC,ASO,ES,Federal Contract Tower,0,10,4,1,15,0,25,78,24,127,0,35,82,25,142,122,16,138,280
11/30/2022,GYH,SC,ASO,ES,Federal Contract Tower,0,11,0,0,11,0,15,11,34,60,0,26,11,34,71,22,0,22,93
12/01/2022,GYH,SC,ASO,ES,Federal Contract Tower,0,19,1,1,21,0,21,81,21,123,0,40,82,22,144,148,0,148,292
12/02/2022,GYH,SC,ASO,ES,Federal Contract Tower,0,17,3,0,20,0,16,89,0,105,0,33,92,0,125,126,0,126,251
12/03/2022,GYH,SC,ASO,ES,Federal Contract Tower,0,8,0,0,8,0,0,0,0,0,0,8,0,0,8,0,0,0,8
12/04/2022,GYH,SC,ASO,ES,Federal Contract Tower,0,4,2,0,6,0,6,47,0,53,0,10,49,0,59,74,0,74,133
12/05/2022,GYH,SC,ASO,ES,Federal Contract Tower,0,6,7,0,13,0,2,27,0,29,0,8,34,0,42,32,0,32,74
12/06/2022,GYH,SC,ASO,ES,Federal Contract Tower,0,10,2,0,12,0,0,0,0,0,0,10,2,0,12,0,0,0,12
12/07/2022,GYH,SC,ASO,ES,Federal Contract Tower,0,18,0,0,18,0,0,0,0,0,0,18,0,0,18,0,0,0,18
12/08/2022,GYH,SC,ASO,ES,Federal Contract Tower,0,35,0,6,41,0,0,34,20,54,0,35,34,26,95,48,0,48,143
12/09/2022,GYH,SC,ASO,ES,Federal Contract Tower,0,18,1,0,19,0,0,0,0,0,0,18,1,0,19,0,0,0,19
12/10/2022,GYH,SC,ASO,ES,Federal Contract Tower,0,5,3,0,8,0,0,0,0,0,0,5,3,0,8,0,0,0,8
12/11/2022,GYH,SC,ASO,ES,Federal Contract Tower,0,18,0,0,18,0,0,1,0,1,0,18,1,0,19,0,0,0,19
12/12/2022,GYH,SC,ASO,ES,Federal Contract Tower,0,11,2,3,16,0,31,84,2,117,0,42,86,5,133,126,2,128,261
12/13/2022,GYH,SC,ASO,ES,Federal Contract Tower,0,14,6,9,29,0,23,82,33,138,0,37,88,42,167,160,10,170,337
12/14/2022,GYH,SC,ASO,ES,Federal Contract Tower,0,21,0,0,21,0,2,5,0,7,0,23,5,0,28,8,0,8,36
12/15/2022,GYH,SC,ASO,ES,Federal Contract Tower,0,15,0,3,18,0,0,2,28,30,0,15,2,31,48,0,0,0,48
12/16/2022,GYH,SC,ASO,ES,Federal Contract Tower,0,24,3,0,27,0,38,87,4,129,0,62,90,4,156,150,0,150,306
12/17/2022,GYH,SC,ASO,ES,Federal Contract Tower,0,2,0,0,2,0,6,44,0,50,0,8,44,0,52,48,0,48,100
12/18/2022,GYH,SC,ASO,ES,Federal Contract Tower,0,7,0,0,7,0,15,66,0,81,0,22,66,0,88,74,0,74,162
12/19/2022,GYH,SC,ASO,ES,Federal Contract Tower,0,11,2,6,19,0,34,108,4,146,0,45,110,10,165,144,0,144,309
12/20/2022,GYH,SC,ASO,ES,Federal Contract Tower,0,5,11,3,19,0,0,87,13,100,0,5,98,16,119,102,0,102,221
12/21/2022,GYH,SC,ASO,ES,Federal Contract Tower,0,18,0,9,27,0,4,59,16,79,0,22,59,25,106,98,0,98,204
12/22/2022,GYH,SC,ASO,ES,Federal Contract Tower,0,15,0,0,15,0,0,4,0,4,0,15,4,0,19,0,0,0,19
12/23/2022,GYH,SC,ASO,ES,Federal Contract Tower,0,2,0,0,2,0,11,2,0,13,0,13,2,0,15,0,0,0,15
12/24/2022,GYH,SC,ASO,ES,Federal Contract Tower,0,5,2,0,7,0,14,23,0,37,0,19,25,0,44,28,0,28,72
12/25/2022,GYH,SC,ASO,ES,Federal Contract Tower,0,1,0,0,1,0,20,0,0,20,0,21,0,0,21,0,0,0,21
12/26/2022,GYH,SC,ASO,ES,Federal Contract Tower,0,4,3,0,7,0,34,27,0,61,0,38,30,0,68,20,0,20,88
12/27/2022,GYH,SC,ASO,ES,Federal Contract Tower,0,9,2,0,11,0,16,44,0,60,0,25,46,0,71,54,0,54,125
12/28/2022,GYH,SC,ASO,ES,Federal Contract Tower,0,8,4,0,12,0,25,57,0,82,0,33,61,0,94,82,0,82,176
12/29/2022,GYH,SC,ASO,ES,Federal Contract Tower,0,8,1,0,9,0,54,78,4,136,0,62,79,4,145,112,0,112,257
12/30/2022,GYH,SC,ASO,ES,Federal Contract Tower,0,8,3,0,11,0,22,44,0,66,0,30,47,0,77,54,0,54,131
12/31/2022,GYH,SC,ASO,ES,Federal Contract Tower,0,7,0,0,7,0,0,0,0,0,0,7,0,0,7,0,0,0,7
01/01/2023,GYH,SC,ASO,ES,Federal Contract Tower,0,5,4,0,9,0,4,0,0,4,0,9,4,0,13,0,0,0,13
01/02/2023,GYH,SC,ASO,ES,Federal Contract Tower,0,7,0,0,7,0,7,82,0,89,0,14,82,0,96,134,0,134,230
01/03/2023,GYH,SC,ASO,ES,Federal Contract Tower,0,7,0,0,7,0,0,0,0,0,0,7,0,0,7,0,0,0,7
01/04/2023,GYH,SC,ASO,ES,Federal Contract Tower,0,19,0,7,26,0,4,0,15,19,0,23,0,22,45,0,2,2,47
01/05/2023,GYH,SC,ASO,ES,Federal Contract Tower,0,12,4,2,18,0,26,90,26,142,0,38,94,28,160,164,4,168,328
01/06/2023,GYH,SC,ASO,ES,Federal Contract Tower,0,13,2,5,20,0,24,97,2,123,0,37,99,7,143,108,0,108,251
01/07/2023,GYH,SC,ASO,ES,Federal Contract Tower,0,7,3,1,11,0,6,109,6,121,0,13,112,7,132,154,4,158,290
01/08/2023,GYH,SC,ASO,ES,Federal Contract Tower,0,6,2,0,8,0,10,30,2,42,0,16,32,2,50,52,0,52,102
01/09/2023,GYH,SC,ASO,ES,Federal Contract Tower,0,19,5,1,25,0,25,78,1,104,0,44,83,2,129,124,0,124,253
01/10/2023,GYH,SC,ASO,ES,Federal Contract Tower,0,11,0,5,16,0,40,71,35,146,0,51,71,40,162,116,10,126,288
01/11/2023,GYH,SC,ASO,ES,Federal Contract Tower,0,24,2,7,33,0,10,87,22,119,0,34,89,29,152,126,26,152,304
01/12/2023,GYH,SC,ASO,ES,Federal Contract Tower,0,8,1,0,9,0,0,0,0,0,0,8,1,0,9,0,0,0,9
01/13/2023,GYH,SC,ASO,ES,Federal Contract Tower,0,9,6,3,18,0,14,43,10,67,0,23,49,13,85,28,0,28,113
01/14/2023,GYH,SC,ASO,ES,Federal Contract Tower,0,4,1,0,5,0,8,14,0,22,0,12,15,0,27,4,0,4,31
01/15/2023,GYH,SC,ASO,ES,Federal Contract Tower,0,4,1,0,5,0,11,68,0,79,0,15,69,0,84,84,0,84,168
01/16/2023,GYH,SC,ASO,ES,Federal Contract Tower,0,7,1,0,8,0,48,73,0,121,0,55,74,0,129,92,0,92,221
01/17/2023,GYH,SC,ASO,ES,Federal Contract Tower,0,17,2,2,21,0,0,0,2,2,0,17,2,4,23,0,0,0,23
01/18/2023,GYH,SC,ASO,ES,Federal Contract Tower,0,12,0,9,21,0,8,26,3,37,0,20,26,12,58,36,0,36,94
01/19/2023,GYH,SC,ASO,ES,Federal Contract Tower,0,13,0,2,15,0,12,2,27,41,0,25,2,29,56,0,0,0,56
01/20/2023,GYH,SC,ASO,ES,Federal Contract Tower,0,12,6,0,18,0,27,94,16,137,0,39,100,16,155,116,6,122,277
01/21/2023,GYH,SC,ASO,ES,Federal Contract Tower,0,6,4,0,10,0,12,63,0,75,0,18,67,0,85,100,0,100,185
01/22/2023,GYH,SC,ASO,ES,Federal Contract Tower,0,3,2,6,11,0,0,0,0,0,0,3,2,6,11,0,0,0,11
01/23/2023,GYH,SC,ASO,ES,Federal Contract Tower,0,10,5,2,17,0,11,66,7,84,0,21,71,9,101,90,8,98,199
01/24/2023,GYH,SC,ASO,ES,Federal Contract Tower,0,8,5,2,15,0,34,94,36,164,0,42,99,38,179,172,22,194,373
01/25/2023,GYH,SC,ASO,ES,Federal Contract Tower,0,6,0,0,6,0,0,0,0,0,0,6,0,0,6,0,0,0,6
01/26/2023,GYH,SC,ASO,ES,Federal Contract Tower,0,17,3,4,24,0,14,50,29,93,0,31,53,33,117,62,4,66,183
01/27/2023,GYH,SC,ASO,ES,Federal Contract Tower,0,6,1,0,7,0,34,92,9,135,0,40,93,9,142,124,2,126,268
01/28/2023,GYH,SC,ASO,ES,Federal Contract Tower,0,9,0,0,9,0,22,101,0,123,0,31,101,0,132,136,0,136,268
01/29/2023,GYH,SC,ASO,ES,Federal Contract Tower,0,3,4,0,7,0,12,42,0,54,0,15,46,0,61,54,0,54,115
01/30/2023,GYH,SC,ASO,ES,Federal Contract Tower,0,5,0,0,5,0,14,118,8,140,0,19,118,8,145,168,8,176,321
01/31/2023,GYH,SC,ASO,ES,Federal Contract Tower,0,12,1,0,13,0,0,0,10,10,0,12,1,10,23,0,14,14,37
02/01/2023,GYH,SC,ASO,ES,Federal Contract Tower,0,16,1,6,23,0,30,43,22,95,0,46,44,28,118,76,4,80,198
02/02/2023,GYH,SC,ASO,ES,Federal Contract Tower,0,8,0,0,8,0,0,0,0,0,0,8,0,0,8,0,0,0,8
02/03/2023,GYH,SC,ASO,ES,Federal Contract Tower,0,8,1,3,12,0,17,110,2,129,0,25,111,5,141,164,12,176,317
02/04/2023,GYH,SC,ASO,ES,Federal Contract Tower,0,2,0,1,3,0,14,63,1,78,0,16,63,2,81,90,0,90,171
02/05/2023,GYH,SC,ASO,ES,Federal Contract Tower,0,8,1,0,9,0,18,37,1,56,0,26,38,1,65,44,0,44,109
02/06/2023,GYH,SC,ASO,ES,Federal Contract Tower,0,9,1,1,11,0,34,79,6,119,0,43,80,7,130,98,4,102,232
02/07/2023,GYH,SC,ASO,ES,Federal Contract Tower,0,8,3,1,12,0,10,90,27,127,0,18,93,28,139,146,16,162,301
02/08/2023,GYH,SC,ASO,ES,Federal Contract Tower,0,18,0,6,24,0,36,89,4,129,0,54,89,10,153,144,2,146,299
02/09/2023,GYH,SC,ASO,ES,Federal Contract Tower,0,10,1,5,16,0,12,35,9,56,0,22,36,14,72,56,0,56,128
02/10/2023,GYH,SC,ASO,ES,Federal Contract Tower,0,11,4,3,18,0,26,79,0,105,0,37,83,3,123,118,0,118,241
02/11/2023,GYH,SC,ASO,ES,Federal Contract Tower,0,3,0,0,3,0,0,47,2,49,0,3,47,2,52,82,0,82,134
02/12/2023,GYH,SC,ASO,ES,Federal Contract Tower,0,9,2,0,11,0,0,11,0,11,0,9,13,0,22,20,0,20,42
02/13/2023,GYH,SC,ASO,ES,Federal Contract Tower,0,11,4,4,19,0,20,69,8,97,0,31,73,12,116,106,4,110,226
02/14/2023,GYH,SC,ASO,ES,Federal Contract Tower,0,9,0,1,10,0,6,89,22,117,0,15,89,23,127,158,4,162,289
02/15/2023,GYH,SC,ASO,ES,Federal Contract Tower,0,13,2,5,20,0,2,52,47,101,0,15,54,52,121,80,36,116,237
02/16/2023,GYH,SC,ASO,ES,Federal Contract Tower,0,6,0,10,16,0,16,35,31,82,0,22,35,41,98,64,32,96,194
02/17/2023,GYH,SC,ASO,ES,Federal Contract Tower,0,9,1,0,10,0,36,20,0,56,0,45,21,0,66,24,0,24,90
02/18/2023,GYH,SC,ASO,ES,Federal Contract Tower,0,10,2,0,12,0,22,128,0,150,0,32,130,0,162,146,0,146,308
02/19/2023,GYH,SC,ASO,ES,Federal Contract Tower,0,10,5,0,15,0,14,36,0,50,0,24,41,0,65,38,0,38,103
02/20/2023,GYH,SC,ASO,ES,Federal Contract Tower,0,3,1,0,4,0,14,75,4,93,0,17,76,4,97,98,0,98,195
02/21/2023,GYH,SC,ASO,ES,Federal Contract Tower,0,14,1,12,27,0,20,43,38,101,0,34,44,50,128,56,40,96,224
02/22/2023,GYH,SC,ASO,ES,Federal Contract Tower,0,12,2,2,16,0,4,14,23,41,0,16,16,25,57,8,12,20,77
02/23/2023,GYH,SC,ASO,ES,Federal Contract Tower,0,12,0,3,15,0,8,18,44,70,0,20,18,47,85,18,18,36,121
02/24/2023,GYH,SC,ASO,ES,Federal Contract Tower,0,6,2,2,10,0,22,122,19,163,0,28,124,21,173,158,8,166,339
02/25/2023,GYH,SC,ASO,ES,Federal Contract Tower,0,5,7,0,12,0,0,0,0,0,0,5,7,0,12,0,0,0,12
02/26/2023,GYH,SC,ASO,ES,Federal Contract Tower,0,11,1,1,13,0,19,27,0,46,0,30,28,1,59,46,0,46,105
02/27/2023,GYH,SC,ASO,ES,Federal Contract Tower,0,8,2,2,12,0,5,2,0,7,0,13,4,2,19,0,0,0,19
02/28/2023,GYH,SC,ASO,ES,Federal Contract Tower,0,6,2,0,8,0,9,73,38,120,0,15,75,38,128,106,14,120,248
03/01/2023,GYH,SC,ASO,ES,Federal Contract Tower,0,12,0,2,14,0,16,58,20,94,0,28,58,22,108,58,0,58,166
03/02/2023,GYH,SC,ASO,ES,Federal Contract Tower,0,22,3,1,26,0,17,23,12,52,0,39,26,13,78,30,12,42,120
03/03/2023,GYH,SC,ASO,ES,Federal Contract Tower,0,6,1,2,9,0,0,1,0,1,0,6,2,2,10,0,0,0,10
03/04/2023,GYH,SC,ASO,ES,Federal Contract Tower,0,9,1,0,10,0,14,62,2,78,0,23,63,2,88,84,0,84,172
03/05/2023,GYH,SC,ASO,ES,Federal Contract Tower,0,19,1,0,20,0,19,60,5,84,0,38,61,5,104,74,0,74,178
03/06/2023,GYH,SC,ASO,ES,Federal Contract Tower,0,16,2,0,18,0,18,69,0,87,0,34,71,0,105,98,0,98,203
03/07/2023,GYH,SC,ASO,ES,Federal Contract Tower,0,24,3,6,33,0,6,50,15,71,0,30,53,21,104,60,18,78,182
03/08/2023,GYH,SC,ASO,ES,Federal Contract Tower,0,16,0,4,20,0,9,114,26,149,0,25,114,30,169,100,0,100,269
03/09/2023,GYH,SC,ASO,ES,Federal Contract Tower,0,19,2,2,23,0,12,80,19,111,0,31,82,21,134,110,8,118,252
03/10/2023,GYH,SC,ASO,ES,Federal Contract Tower,0,21,0,4,25,0,22,8,2,32,0,43,8,6,57,8,2,10,67
03/11/2023,GYH,SC,ASO,ES,Federal Contract Tower,0,4,1,0,5,0,16,38,0,54,0,20,39,0,59,40,0,40,99
03/12/2023,GYH,SC,ASO,ES,Federal Contract Tower,0,8,0,0,8,0,0,0,0,0,0,8,0,0,8,0,0,0,8
03/13/2023,GYH,SC,ASO,ES,Federal Contract Tower,0,16,3,6,25,0,9,69,2,80,0,25,72,8,105,106,0,106,211
03/14/2023,GYH,SC,ASO,ES,Federal Contract Tower,0,5,0,1,6,0,27,68,38,133,0,32,68,39,139,88,46,134,273
03/15/2023,GYH,SC,ASO,ES,Federal Contract Tower,0,9,3,5,17,0,10,50,48,108,0,19,53,53,125,70,8,78,203
03/16/2023,GYH,SC,ASO,ES,Federal Contract Tower,0,15,3,3,21,0,34,42,16,92,0,49,45,19,113,76,18,94,207
03/17/2023,GYH,SC,ASO,ES,Federal Contract Tower,0,6,1,4,11,0,0,0,0,0,0,6,1,4,11,0,0,0,11
03/18/2023,GYH,SC,ASO,ES,Federal Contract Tower,0,7,0,0,7,0,24,36,0,60,0,31,36,0,67,34,0,34,101
03/19/2023,GYH,SC,ASO,ES,Federal Contract Tower,0,9,3,0,12,0,7,61,0,68,0,16,64,0,80,94,0,94,174
03/20/2023,GYH,SC,ASO,ES,Federal Contract Tower,0,14,5,9,28,0,14,45,0,59,0,28,50,9,87,50,0,50,137
03/21/2023,GYH,SC,ASO,ES,Federal Contract Tower,0,11,2,0,13,0,20,76,6,102,0,31,78,6,115,106,4,110,225
03/22/2023,GYH,SC,ASO,ES,Federal Contract Tower,0,11,0,3,14,0,0,34,6,40,0,11,34,9,54,50,2,52,106
03/23/2023,GYH,SC,ASO,ES,Federal Contract Tower,0,11,5,4,20,0,18,62,24,104,0,29,67,28,124,74,12,86,210
03/24/2023,GYH,SC,ASO,ES,Federal Contract Tower,0,8,1,0,9,0,6,58,7,71,0,14,59,7,80,74,4,78,158
03/25/2023,GYH,SC,ASO,ES,Federal Contract Tower,0,9,0,0,9,0,5,4,0,9,0,14,4,0,18,10,0,10,28
03/26/2023,GYH,SC,ASO,ES,Federal Contract Tower,0,7,2,0,9,0,13,41,0,54,0,20,43,0,63,54,0,54,117
03/27/2023,GYH,SC,ASO,ES,Federal Contract Tower,0,8,0,2,10,0,8,65,6,79,0,16,65,8,89,104,0,104,193
03/28/2023,GYH,SC,ASO,ES,Federal Contract Tower,0,17,5,5,27,0,24,88,20,132,0,41,93,25,159,134,2,136,295
03/29/2023,GYH,SC,ASO,ES,Federal Contract Tower,0,21,2,1,24,0,24,102,9,135,0,45,104,10,159,184,0,184,343
03/30/2023,GYH,SC,ASO,ES,Federal Contract Tower,0,11,1,3,15,0,24,79,11,114,0,35,80,14,129,126,0,126,255
03/31/2023,GYH,SC,ASO,ES,Federal Contract Tower,0,13,1,0,14,0,3,81,4,88,0,16,82,4,102,112,0,112,214
04/01/2023,GYH,SC,ASO,ES,Federal Contract Tower,0,2,1,0,3,0,5,2,0,7,0,7,3,0,10,0,0,0,10
04/02/2023,GYH,SC,ASO,ES,Federal Contract Tower,0,16,5,1,22,0,16,74,3,93,0,32,79,4,115,96,6,102,217
04/03/2023,GYH,SC,ASO,ES,Federal Contract Tower,0,13,6,0,19,0,12,85,2,99,0,25,91,2,118,122,0,122,240
04/04/2023,GYH,SC,ASO,ES,Federal Contract Tower,0,13,4,2,19,0,0,154,9,163,0,13,158,11,182,210,2,212,394
04/05/2023,GYH,SC,ASO,ES,Federal Contract Tower,0,5,2,3,10,0,12,98,14,124,0,17,100,17,134,142,0,142,276
04/06/2023,GYH,SC,ASO,ES,Federal Contract Tower,0,7,1,0,8,0,8,72,17,97,0,15,73,17,105,116,0,116,221
04/07/2023,GYH,SC,ASO,ES,Federal Contract Tower,0,9,1,1,11,0,0,0,0,0,0,9,1,1,11,0,2,2,13
04/08/2023,GYH,SC,ASO,ES,Federal Contract Tower,0,3,0,1,4,0,0,0,1,1,0,3,0,2,5,0,0,0,5
04/09/2023,GYH,SC,ASO,ES,Federal Contract Tower,0,10,1,0,11,0,8,9,0,17,0,18,10,0,28,6,0,6,34
04/10/2023,GYH,SC,ASO,ES,Federal Contract Tower,0,16,3,0,19,0,23,83,7,113,0,39,86,7,132,104,2,106,238
04/11/2023,GYH,SC,ASO,ES,Federal Contract Tower,0,7,2,0,9,0,8,125,18,151,0,15,127,18,160,182,16,198,358
04/12/2023,GYH,SC,ASO,ES,Federal Contract Tower,0,8,2,0,10,0,12,140,23,175,0,20,142,23,185,192,12,204,389
04/13/2023,GYH,SC,ASO,ES,Federal Contract Tower,0,20,7,1,28,0,26,88,26,140,0,46,95,27,168,154,0,154,322
04/14/2023,GYH,SC,ASO,ES,Federal Contract Tower,0,9,1,1,11,0,0,1,0,1,0,9,2,1,12,0,0,0,12
04/15/2023,GYH,SC,ASO,ES,Federal Contract Tower,0,8,1,0,9,0,32,56,0,88,0,40,57,0,97,56,0,56,153
04/16/2023,GYH,SC,ASO,ES,Federal Contract Tower,0,13,3,0,16,0,2,19,0,21,0,15,22,0,37,28,0,28,65
04/17/2023,GYH,SC,ASO,ES,Federal Contract Tower,0,14,2,1,17,0,11,68,0,79,0,25,70,1,96,80,0,80,176
04/18/2023,GYH,SC,ASO,ES,Federal Contract Tower,0,8,1,1,10,0,17,91,6,114,0,25,92,7,124,122,0,122,246
04/19/2023,GYH,SC,ASO,ES,Federal Contract Tower,0,4,2,3,9,0,26,88,13,127,0,30,90,16,136,162,0,162,298
04/20/2023,GYH,SC,ASO,ES,Federal Contract Tower,0,9,0,1,10,0,6,65,24,95,0,15,65,25,105,136,2,138,243
04/21/2023,GYH,SC,ASO,ES,Federal Contract Tower,0,3,1,2,6,0,14,75,5,94,0,17,76,7,100,104,4,108,208
04/22/2023,GYH,SC,ASO,ES,Federal Contract Tower,0,6,0,0,6,0,29,18,1,48,0,35,18,1,54,20,0,20,74
04/23/2023,GYH,SC,ASO,ES,Federal Contract Tower,0,5,2,0,7,0,4,30,0,34,0,9,32,0,41,36,0,36,77
04/24/2023,GYH,SC,ASO,ES,Federal Contract Tower,0,20,2,0,22,0,30,110,9,149,0,50,112,9,171,206,6,212,383
04/25/2023,GYH,SC,ASO,ES,Federal Contract Tower,0,11,2,0,13,0,20,79,7,106,0,31,81,7,119,120,0,120,239
04/26/2023,GYH,SC,ASO,ES,Federal Contract Tower,0,12,1,2,15,0,2,12,4,18,0,14,13,6,33,18,0,18,51
04/27/2023,GYH,SC,ASO,ES,Federal Contract Tower,0,23,2,4,29,0,0,0,0,0,0,23,2,4,29,0,0,0,29
04/28/2023,GYH,SC,ASO,ES,Federal Contract Tower,0,5,9,4,18,0,15,20,8,43,0,20,29,12,61,32,0,32,93
04/29/2023,GYH,SC,ASO,ES,Federal Contract Tower,0,11,1,0,12,0,16,45,2,63,0,27,46,2,75,42,0,42,117
04/30/2023,GYH,SC,ASO,ES,Federal Contract Tower,0,7,2,0,9,0,4,12,0,16,0,11,14,0,25,12,0,12,37
05/01/2023,GYH,SC,ASO,ES,Federal Contract Tower,0,7,4,0,11,0,14,23,0,37,0,21,27,0,48,26,0,26,74
05/02/2023,GYH,SC,ASO,ES,Federal Contract Tower,0,17,2,5,24,0,6,29,2,37,0,23,31,7,61,44,2,46,107
05/03/2023,GYH,SC,ASO,ES,Federal Contract Tower,0,9,0,3,12,0,29,59,0,88,0,38,59,3,100,52,0,52,152
05/04/2023,GYH,SC,ASO,ES,Federal Contract Tower,0,16,4,1,21,0,16,86,2,104,0,32,90,3,125,158,0,158,283
05/05/2023,GYH,SC,ASO,ES,Federal Contract Tower,0,11,1,4,16,0,40,118,1,159,0,51,119,5,175,158,0,158,333
05/06/2023,GYH,SC,ASO,ES,Federal Contract Tower,0,4,0,0,4,0,24,77,0,101,0,28,77,0,105,126,0,126,231
05/07/2023,GYH,SC,ASO,ES,Federal Contract Tower,0,7,2,0,9,0,8,37,2,47,0,15,39,2,56,44,0,44,100
05/08/2023,GYH,SC,ASO,ES,Federal Contract Tower,0,12,0,2,14,0,4,30,19,53,0,16,30,21,67,46,12,58,125
05/09/2023,GYH,SC,ASO,ES,Federal Contract Tower,0,19,1,2,22,0,28,59,17,104,0,47,60,19,126,70,12,82,208
05/10/2023,GYH,SC,ASO,ES,Federal Contract Tower,0,17,2,3,22,0,23,84,31,138,0,40,86,34,160,98,8,106,266
05/11/2023,GYH,SC,ASO,ES,Federal Contract Tower,0,13,1,4,18,0,20,97,43,160,0,33,98,47,178,154,26,180,358
05/12/2023,GYH,SC,ASO,ES,Federal Contract Tower,0,8,0,3,11,0,14,16,0,30,0,22,16,3,41,14,6,20,61
05/13/2023,GYH,SC,ASO,ES,Federal Contract Tower,0,3,0,2,5,0,15,29,2,46,0,18,29,4,51,32,0,32,83
05/14/2023,GYH,SC,ASO,ES,Federal Contract Tower,0,9,2,0,11,0,10,34,0,44,0,19,36,0,55,54,0,54,109
05/15/2023,GYH,SC,ASO,ES,Federal Contract Tower,0,9,2,3,14,0,60,73,0,133,0,69,75,3,147,110,0,110,257
05/16/2023,GYH,SC,ASO,ES,Federal Contract Tower,0,20,5,3,28,0,4,26,12,42,0,24,31,15,70,38,0,38,108
05/17/2023,GYH,SC,ASO,ES,Federal Contract Tower,0,13,1,6,20,0,10,123,16,149,0,23,124,22,169,176,14,190,359
05/18/2023,GYH,SC,ASO,ES,Federal Contract Tower,0,18,4,4,26,0,0,15,4,19,0,18,19,8,45,38,0,38,83
05/19/2023,GYH,SC,ASO,ES,Federal Contract Tower,0,12,1,6,19,0,13,79,0,92,0,25,80,6,111,104,0,104,215
05/20/2023,GYH,SC,ASO,ES,Federal Contract Tower,0,6,0,0,6,0,26,49,0,75,0,32,49,0,81,88,0,88,169
05/21/2023,GYH,SC,ASO,ES,Federal Contract Tower,0,5,5,0,10,0,16,52,0,68,0,21,57,0,78,76,0,76,154
05/22/2023,GYH,SC,ASO,ES,Federal Contract Tower,0,19,7,0,26,0,5,83,3,91,0,24,90,3,117,118,2,120,237
05/23/2023,GYH,SC,ASO,ES,Federal Contract Tower,0,21,2,0,23,0,14,154,22,190,0,35,156,22,213,194,2,196,409
05/24/2023,GYH,SC,ASO,ES,Federal Contract Tower,0,15,4,0,19,0,8,121,9,138,0,23,125,9,157,172,0,172,329
05/25/2023,GYH,SC,ASO,ES,Federal Contract Tower,0,14,1,0,15,0,23,54,0,77,0,37,55,0,92,78,0,78,170
05/26/2023,GYH,SC,ASO,ES,Federal Contract Tower,0,11,2,0,13,0,0,35,0,35,0,11,37,0,48,30,0,30,78
05/27/2023,GYH,SC,ASO,ES,Federal Contract Tower,0,7,0,0,7,0,0,0,0,0,0,7,0,0,7,0,0,0,7
05/28/2023,GYH,SC,ASO,ES,Federal Contract Tower,0,3,0,0,3,0,0,7,0,7,0,3,7,0,10,10,0,10,20
05/29/2023,GYH,SC,ASO,ES,Federal Contract Tower,0,2,2,0,4,0,14,106,6,126,0,16,108,6,130,144,0,144,274
05/30/2023,GYH,SC,ASO,ES,Federal Contract Tower,0,5,2,1,8,0,11,59,16,86,0,16,61,17,94,104,6,110,204
05/31/2023,GYH,SC,ASO,ES,Federal Contract Tower,0,9,7,0,16,0,16,49,10,75,0,25,56,10,91,66,0,66,157
06/01/2023,GYH,SC,ASO,ES,Federal Contract Tower,0,11,0,3,14,0,7,117,17,141,0,18,117,20,155,166,6,172,327
06/02/2023,GYH,SC,ASO,ES,Federal Contract Tower,0,2,2,6,10,0,15,75,4,94,0,17,77,10,104,92,2,94,198
06/03/2023,GYH,SC,ASO,ES,Federal Contract Tower,0,1,0,0,1,0,16,57,0,73,0,17,57,0,74,74,0,74,148
06/04/2023,GYH,SC,ASO,ES,Federal Contract Tower,0,4,4,3,11,0,20,28,5,53,0,24,32,8,64,28,0,28,92
06/05/2023,GYH,SC,ASO,ES,Federal Contract Tower,0,7,1,5,13,0,14,111,8,133,0,21,112,13,146,172,6,178,324
06/06/2023,GYH,SC,ASO,ES,Federal Contract Tower,0,10,2,2,14,0,26,65,17,108,0,36,67,19,122,80,14,94,216
06/07/2023,GYH,SC,ASO,ES,Federal Contract Tower,0,9,0,4,13,0,6,62,35,103,0,15,62,39,116,124,8,132,248
06/08/2023,GYH,SC,ASO,ES,Federal Contract Tower,0,13,1,6,20,0,58,104,23,185,0,71,105,29,205,128,0,128,333
06/09/2023,GYH,SC,ASO,ES,Federal Contract Tower,0,5,0,0,5,0,24,80,1,105,0,29,80,1,110,110,0,110,220
06/10/2023,GYH,SC,ASO,ES,Federal Contract Tower,0,5,4,0,9,0,40,107,4,151,0,45,111,4,160,150,4,154,314
06/11/2023,GYH,SC,ASO,ES,Federal Contract Tower,0,3,1,0,4,0,6,0,0,6,0,9,1,0,10,0,0,0,10
06/12/2023,GYH,SC,ASO,ES,Federal Contract Tower,0,9,0,2,11,0,20,51,0,71,0,29,51,2,82,80,0,80,162
06/13/2023,GYH,SC,ASO,ES,Federal Contract Tower,0,10,0,4,14,0,26,108,19,153,0,36,108,23,167,128,18,146,313
06/14/2023,GYH,SC,ASO,ES,Federal Contract Tower,0,13,0,2,15,0,13,46,65,124,0,26,46,67,139,54,26,80,219
06/15/2023,GYH,SC,ASO,ES,Federal Contract Tower,0,18,0,2,20,0,14,76,31,121,0,32,76,33,141,94,16,110,251
06/16/2023,GYH,SC,ASO,ES,Federal Contract Tower,0,7,5,0,12,0,16,110,0,126,0,23,115,0,138,124,0,124,262
06/17/2023,GYH,SC,ASO,ES,Federal Contract Tower,0,5,1,0,6,0,20,60,0,80,0,25,61,0,86,56,0,56,142
06/18/2023,GYH,SC,ASO,ES,Federal Contract Tower,0,6,0,1,7,0,7,17,0,24,0,13,17,1,31,18,0,18,49
06/19/2023,GYH,SC,ASO,ES,Federal Contract Tower,0,7,0,0,7,0,11,2,0,13,0,18,2,0,20,0,0,0,20
06/20/2023,GYH,SC,ASO,ES,Federal Contract Tower,0,9,1,3,13,0,0,6,0,6,0,9,7,3,19,8,0,8,27
06/21/2023,GYH,SC,ASO,ES,Federal Contract Tower,0,12,1,3,16,0,0,0,0,0,0,12,1,3,16,0,0,0,16
06/22/2023,GYH,SC,ASO,ES,Federal Contract Tower,0,12,1,14,27,0,0,0,0,0,0,12,1,14,27,0,0,0,27
06/23/2023,GYH,SC,ASO,ES,Federal Contract Tower,0,12,1,0,13,0,4,71,47,122,0,16,72,47,135,92,62,154,289
06/24/2023,GYH,SC,ASO,ES,Federal Contract Tower,0,4,1,0,5,0,0,65,0,65,0,4,66,0,70,86,0,86,156
06/25/2023,GYH,SC,ASO,ES,Federal Contract Tower,0,7,1,0,8,0,0,48,0,48,0,7,49,0,56,30,0,30,86
06/26/2023,GYH,SC,ASO,ES,Federal Contract Tower,0,6,5,0,11,0,32,74,0,106,0,38,79,0,117,104,0,104,221
06/27/2023,GYH,SC,ASO,ES,Federal Contract Tower,0,10,1,6,17,0,32,70,50,152,0,42,71,56,169,98,26,124,293
06/28/2023,GYH,SC,ASO,ES,Federal Contract Tower,0,11,0,1,12,0,14,62,48,124,0,25,62,49,136,94,34,128,264
06/29/2023,GYH,SC,ASO,ES,Federal Contract Tower,0,15,2,0,17,0,23,90,50,163,0,38,92,50,180,148,4,152,332
06/30/2023,GYH,SC,ASO,ES,Federal Contract Tower,0,5,3,0,8,0,14,82,11,107,0,19,85,11,115,100,12,112,227
07/01/2023,GYH,SC,ASO,ES,Federal Contract Tower,0,15,0,0,15,0,8,63,0,71,0,23,63,0,86,88,0,88,174
07/02/2023,GYH,SC,ASO,ES,Federal Contract Tower,0,3,1,0,4,0,13,49,0,62,0,16,50,0,66,64,0,64,130
07/03/2023,GYH,SC,ASO,ES,Federal Contract Tower,0,2,3,0,5,0,23,76,0,99,0,25,79,0,104,100,0,100,204
07/04/2023,GYH,SC,ASO,ES,Federal Contract Tower,0,0,2,0,2,0,11,23,0,34,0,11,25,0,36,18,0,18,54
07/05/2023,GYH,SC,ASO,ES,Federal Contract Tower,0,13,0,5,18,0,2,77,13,92,0,15,77,18,110,118,0,118,228
07/06/2023,GYH,SC,ASO,ES,Federal Contract Tower,0,7,1,2,10,0,12,83,26,121,0,19,84,28,131,146,0,146,277
07/07/2023,GYH,SC,ASO,ES,Federal Contract Tower,0,12,1,0,13,0,21,75,4,100,0,33,76,4,113,112,0,112,225
07/08/2023,GYH,SC,ASO,ES,Federal Contract Tower,0,14,2,0,16,0,4,71,0,75,0,18,73,0,91,114,0,114,205
07/09/2023,GYH,SC,ASO,ES,Federal Contract Tower,0,2,2,1,5,0,22,66,0,88,0,24,68,1,93,100,0,100,193
07/10/2023,GYH,SC,ASO,ES,Federal Contract Tower,0,6,6,2,14,0,4,59,0,63,0,10,65,2,77,80,0,80,157
07/11/2023,GYH,SC,ASO,ES,Federal Contract Tower,0,11,6,0,17,0,6,82,10,98,0,17,88,10,115,136,0,136,251
07/12/2023,GYH,SC,ASO,ES,Federal Contract Tower,0,12,1,2,15,0,8,91,4,103,0,20,92,6,118,128,0,128,246
07/13/2023,GYH,SC,ASO,ES,Federal Contract Tower,0,6,0,4,10,0,26,95,13,134,0,32,95,17,144,156,0,156,300
07/14/2023,GYH,SC,ASO,ES,Federal Contract Tower,0,9,2,1,12,0,6,91,0,97,0,15,93,1,109,168,0,168,277
07/15/2023,GYH,SC,ASO,ES,Federal Contract Tower,0,6,2,0,8,0,2,68,0,70,0,8,70,0,78,18,0,18,96
07/16/2023,GYH,SC,ASO,ES,Federal Contract Tower,0,16,0,0,16,0,1,44,0,45,0,17,44,0,61,60,0,60,121
07/17/2023,GYH,SC,ASO,ES,Federal Contract Tower,0,12,3,1,16,0,15,73,0,88,0,27,76,1,104,106,0,106,210
07/18/2023,GYH,SC,ASO,ES,Federal Contract Tower,0,25,2,4,31,0,9,63,9,81,0,34,65,13,112,92,0,92,204
07/19/2023,GYH,SC,ASO,ES,Federal Contract Tower,0,16,0,0,16,0,18,48,13,79,0,34,48,13,95,52,0,52,147
07/20/2023,GYH,SC,ASO,ES,Federal Contract Tower,0,9,2,3,14,0,2,65,4,71,0,11,67,7,85,92,2,94,179
07/21/2023,GYH,SC,ASO,ES,Federal Contract Tower,0,5,4,1,10,0,2,85,0,87,0,7,89,1,97,102,0,102,199
07/22/2023,GYH,SC,ASO,ES,Federal Contract Tower,0,6,0,0,6,0,0,40,0,40,0,6,40,0,46,56,0,56,102
07/23/2023,GYH,SC,ASO,ES,Federal Contract Tower,0,7,2,0,9,0,8,33,0,41,0,15,35,0,50,44,0,44,94
07/24/2023,GYH,SC,ASO,ES,Federal Contract Tower,0,16,3,6,25,0,7,77,9,93,0,23,80,15,118,104,0,104,222
07/25/2023,GYH,SC,ASO,ES,Federal Contract Tower,0,5,3,2,10,0,9,60,10,79,0,14,63,12,89,74,0,74,163
07/26/2023,GYH,SC,ASO,ES,Federal Contract Tower,0,10,1,2,13,0,3,81,21,105,0,13,82,23,118,140,2,142,260
07/27/2023,GYH,SC,ASO,ES,Federal Contract Tower,0,7,3,3,13,0,26,48,48,122,0,33,51,51,135,92,0,92,227
07/28/2023,GYH,SC,ASO,ES,Federal Contract Tower,0,11,4,5,20,0,7,65,13,85,0,18,69,18,105,62,0,62,167
07/29/2023,GYH,SC,ASO,ES,Federal Contract Tower,0,2,0,0,2,0,18,26,0,44,0,20,26,0,46,40,0,40,86
07/30/2023,GYH,SC,ASO,ES,Federal Contract Tower,0,9,1,1,11,0,28,51,0,79,0,37,52,1,90,66,0,66,156
07/31/2023,GYH,SC,ASO,ES,Federal Contract Tower,0,6,4,3,13,0,25,62,0,87,0,31,66,3,100,90,0,90,190
08/01/2023,GYH,SC,ASO,ES,Federal Contract Tower,0,8,7,4,19,0,12,35,8,55,0,20,42,12,74,44,0,44,118
08/02/2023,GYH,SC,ASO,ES,Federal Contract Tower,0,11,2,5,18,0,24,95,4,123,0,35,97,9,141,116,4,120,261
08/03/2023,GYH,SC,ASO,ES,Federal Contract Tower,0,13,1,6,20,0,0,0,0,0,0,13,1,6,20,0,0,0,20
08/04/2023,GYH,SC,ASO,ES,Federal Contract Tower,0,5,4,3,12,0,16,45,2,63,0,21,49,5,75,78,6,84,159
08/05/2023,GYH,SC,ASO,ES,Federal Contract Tower,0,9,3,0,12,0,14,72,12,98,0,23,75,12,110,86,4,90,200
08/06/2023,GYH,SC,ASO,ES,Federal Contract Tower,0,4,2,0,6,0,13,33,8,54,0,17,35,8,60,46,10,56,116
08/07/2023,GYH,SC,ASO,ES,Federal Contract Tower,0,6,1,0,7,0,3,34,0,37,0,9,35,0,44,38,0,38,82
08/08/2023,GYH,SC,ASO,ES,Federal Contract Tower,0,8,3,1,12,0,38,70,12,120,0,46,73,13,132,112,4,116,248
08/09/2023,GYH,SC,ASO,ES,Federal Contract Tower,0,9,1,0,10,0,30,89,32,151,0,39,90,32,161,130,16,146,307
08/10/2023,GYH,SC,ASO,ES,Federal Contract Tower,0,11,2,2,15,0,9,18,19,46,0,20,20,21,61,28,4,32,93
08/11/2023,GYH,SC,ASO,ES,Federal Contract Tower,0,5,4,0,9,0,18,71,13,102,0,23,75,13,111,110,2,112,223
08/12/2023,GYH,SC,ASO,ES,Federal Contract Tower,0,4,4,0,8,0,19,25,0,44,0,23,29,0,52,50,0,50,102
08/13/2023,GYH,SC,ASO,ES,Federal Contract Tower,0,8,7,0,15,0,12,28,0,40,0,20,35,0,55,16,0,16,71
08/14/2023,GYH,SC,ASO,ES,Federal Contract Tower,0,11,0,0,11,0,32,75,0,107,0,43,75,0,118,102,0,102,220
08/15/2023,GYH,SC,ASO,ES,Federal Contract Tower,0,4,3,3,10,0,33,92,12,137,0,37,95,15,147,134,16,150,297
08/16/2023,GYH,SC,ASO,ES,Federal Contract Tower,0,10,9,0,19,0,16,77,24,117,0,26,86,24,136,84,0,84,220
08/17/2023,GYH,SC,ASO,ES,Federal Contract Tower,0,3,3,2,8,0,0,69,10,79,0,3,72,12,87,98,0,98,185
08/18/2023,GYH,SC,ASO,ES,Federal Contract Tower,0,7,4,3,14,0,10,84,8,102,0,17,88,11,116,106,0,106,222
08/19/2023,GYH,SC,ASO,ES,Federal Contract Tower,0,4,2,0,6,0,14,86,2,102,0,18,88,2,108,66,0,66,174
08/20/2023,GYH,SC,ASO,ES,Federal Contract Tower,0,11,1,0,12,0,15,57,0,72,0,26,58,0,84,52,0,52,136
08/21/2023,GYH,SC,ASO,ES,Federal Contract Tower,0,11,4,3,18,0,34,52,6,92,0,45,56,9,110,76,4,80,190
08/22/2023,GYH,SC,ASO,ES,Federal Contract Tower,0,10,5,1,16,0,26,43,4,73,0,36,48,5,89,32,2,34,123
08/23/2023,GYH,SC,ASO,ES,Federal Contract Tower,0,14,3,6,23,0,9,65,8,82,0,23,68,14,105,76,8,84,189
08/24/2023,GYH,SC,ASO,ES,Federal Contract Tower,0,14,0,2,16,0,54,70,21,145,0,68,70,23,161,82,0,82,243
08/25/2023,GYH,SC,ASO,ES,Federal Contract Tower,0,8,2,1,11,0,18,71,24,113,0,26,73,25,124,90,10,100,224
08/26/2023,GYH,SC,ASO,ES,Federal Contract Tower,0,1,0,0,1,0,4,36,3,43,0,5,36,3,44,40,0,40,84
08/27/2023,GYH,SC,ASO,ES,Federal Contract Tower,0,7,2,4,13,0,10,43,4,57,0,17,45,8,70,44,8,52,122
08/28/2023,GYH,SC,ASO,ES,Federal Contract Tower,0,6,1,1,8,0,0,16,0,16,0,6,17,1,24,24,0,24,48
08/29/2023,GYH,SC,ASO,ES,Federal Contract Tower,0,8,4,2,14,0,15,27,6,48,0,23,31,8,62,48,0,48,110
08/30/2023,GYH,SC,ASO,ES,Federal Contract Tower,0,5,0,0,5,0,1,0,0,1,0,6,0,0,6,0,0,0,6
08/31/2023,GYH,SC,ASO,ES,Federal Contract Tower,0,21,3,0,24,0,4,91,4,99,0,25,94,4,123,110,2,112,235
01/01/2020,GYH,SC,ASO,ES,Federal Contract Tower,0,2,0,0,2,0,14,42,0,56,0,16,42,0,58,38,0,38,96
01/02/2020,GYH,SC,ASO,ES,Federal Contract Tower,0,5,0,3,8,0,2,14,4,20,0,7,14,7,28,14,0,14,42
01/03/2020,GYH,SC,ASO,ES,Federal Contract Tower,0,8,2,0,10,0,0,0,0,0,0,8,2,0,10,0,0,0,10
01/04/2020,GYH,SC,ASO,ES,Federal Contract Tower,0,2,0,0,2,0,6,1,0,7,0,8,1,0,9,0,0,0,9
01/05/2020,GYH,SC,ASO,ES,Federal Contract Tower,0,5,0,0,5,0,18,23,0,41,0,23,23,0,46,26,0,26,72
01/06/2020,GYH,SC,ASO,ES,Federal Contract Tower,0,7,0,0,7,0,12,36,16,64,0,19,36,16,71,50,20,70,141
01/07/2020,GYH,SC,ASO,ES,Federal Contract Tower,0,9,0,1,10,0,12,14,17,43,0,21,14,18,53,22,16,38,91
01/08/2020,GYH,SC,ASO,ES,Federal Contract Tower,0,6,6,4,16,0,22,54,22,98,0,28,60,26,114,84,4,88,202
01/09/2020,GYH,SC,ASO,ES,Federal Contract Tower,0,8,2,1,11,0,4,29,10,43,0,12,31,11,54,30,8,38,92
01/10/2020,GYH,SC,ASO,ES,Federal Contract Tower,0,6,6,3,15,0,17,17,10,44,0,23,23,13,59,26,2,28,87
01/11/2020,GYH,SC,ASO,ES,Federal Contract Tower,0,1,1,2,4,0,0,0,0,0,0,1,1,2,4,0,0,0,4
01/12/2020,GYH,SC,ASO,ES,Federal Contract Tower,0,8,1,3,12,0,4,25,6,35,0,12,26,9,47,24,6,30,77
01/13/2020,GYH,SC,ASO,ES,Federal Contract Tower,0,9,4,3,16,0,6,0,5,11,0,15,4,8,27,0,8,8,35
01/14/2020,GYH,SC,ASO,ES,Federal Contract Tower,0,25,1,15,41,0,1,0,13,14,0,26,1,28,55,0,8,8,63
01/15/2020,GYH,SC,ASO,ES,Federal Contract Tower,0,11,1,9,21,0,12,23,38,73,0,23,24,47,94,36,0,36,130
01/16/2020,GYH,SC,ASO,ES,Federal Contract Tower,0,9,6,4,19,0,28,23,34,85,0,37,29,38,104,10,4,14,118
01/17/2020,GYH,SC,ASO,ES,Federal Contract Tower,0,7,11,3,21,0,16,49,4,69,0,23,60,7,90,78,4,82,172
01/18/2020,GYH,SC,ASO,ES,Federal Contract Tower,0,5,0,0,5,0,0,8,0,8,0,5,8,0,13,8,0,8,21
01/19/2020,GYH,SC,ASO,ES,Federal Contract Tower,0,5,0,5,10,0,17,32,0,49,0,22,32,5,59,56,0,56,115
01/20/2020,GYH,SC,ASO,ES,Federal Contract Tower,0,5,2,0,7,0,9,47,0,56,0,14,49,0,63,80,0,80,143
01/21/2020,GYH,SC,ASO,ES,Federal Contract Tower,0,4,5,5,14,0,14,30,16,60,0,18,35,21,74,26,0,26,100
01/22/2020,GYH,SC,ASO,ES,Federal Contract Tower,0,7,8,1,16,0,10,51,8,69,0,17,59,9,85,52,0,52,137
01/23/2020,GYH,SC,ASO,ES,Federal Contract Tower,0,4,5,4,13,0,1,45,20,66,0,5,50,24,79,66,2,68,147
01/24/2020,GYH,SC,ASO,ES,Federal Contract Tower,0,2,1,2,5,0,0,0,0,0,0,2,1,2,5,0,0,0,5
01/25/2020,GYH,SC,ASO,ES,Federal Contract Tower,0,4,1,0,5,0,10,58,2,70,0,14,59,2,75,76,0,76,151
01/26/2020,GYH,SC,ASO,ES,Federal Contract Tower,0,1,4,0,5,0,8,53,0,61,0,9,57,0,66,70,0,70,136
01/27/2020,GYH,SC,ASO,ES,Federal Contract Tower,0,7,0,3,10,0,12,35,2,49,0,19,35,5,59,52,0,52,111
01/28/2020,GYH,SC,ASO,ES,Federal Contract Tower,0,16,6,4,26,0,11,64,21,96,0,27,70,25,122,66,2,68,190
01/29/2020,GYH,SC,ASO,ES,Federal Contract Tower,0,14,1,2,17,0,8,58,43,109,0,22,59,45,126,110,2,112,238
01/30/2020,GYH,SC,ASO,ES,Federal Contract Tower,0,19,1,2,22,0,18,72,21,111,0,37,73,23,133,78,0,78,211
01/31/2020,GYH,SC,ASO,ES,Federal Contract Tower,0,7,0,1,8,0,2,0,2,4,0,9,0,3,12,0,0,0,12
02/01/2020,GYH,SC,ASO,ES,Federal Contract Tower,0,3,2,0,5,0,16,50,0,66,0,19,52,0,71,76,0,76,147
02/02/2020,GYH,SC,ASO,ES,Federal Contract Tower,0,5,2,2,9,0,8,41,0,49,0,13,43,2,58,66,0,66,124
02/03/2020,GYH,SC,ASO,ES,Federal Contract Tower,0,6,7,1,14,0,4,25,0,29,0,10,32,1,43,32,0,32,75
02/04/2020,GYH,SC,ASO,ES,Federal Contract Tower,0,11,0,7,18,0,11,32,29,72,0,22,32,36,90,44,16,60,150
02/05/2020,GYH,SC,ASO,ES,Federal Contract Tower,0,10,0,0,10,0,0,0,0,0,0,10,0,0,10,0,0,0,10
02/06/2020,GYH,SC,ASO,ES,Federal Contract Tower,0,1,0,0,1,0,0,0,0,0,0,1,0,0,1,0,0,0,1
02/07/2020,GYH,SC,ASO,ES,Federal Contract Tower,0,11,2,2,15,0,14,3,16,33,0,25,5,18,48,0,0,0,48
02/08/2020,GYH,SC,ASO,ES,Federal Contract Tower,0,1,3,1,5,0,2,0,0,2,0,3,3,1,7,0,0,0,7
02/09/2020,GYH,SC,ASO,ES,Federal Contract Tower,0,2,1,2,5,0,0,11,2,13,0,2,12,4,18,14,0,14,32
02/10/2020,GYH,SC,ASO,ES,Federal Contract Tower,0,3,1,2,6,0,2,8,0,10,0,5,9,2,16,12,0,12,28
02/11/2020,GYH,SC,ASO,ES,Federal Contract Tower,0,9,1,3,13,0,2,0,8,10,0,11,1,11,23,0,0,0,23
02/12/2020,GYH,SC,ASO,ES,Federal Contract Tower,0,13,5,5,23,0,4,0,45,49,0,17,5,50,72,0,18,18,90
02/13/2020,GYH,SC,ASO,ES,Federal Contract Tower,0,4,0,3,7,0,2,4,31,37,0,6,4,34,44,4,20,24,68
02/14/2020,GYH,SC,ASO,ES,Federal Contract Tower,0,6,6,1,13,0,14,44,11,69,0,20,50,12,82,78,6,84,166
02/15/2020,GYH,SC,ASO,ES,Federal Contract Tower,0,3,1,0,4,0,13,38,0,51,0,16,39,0,55,78,0,78,133
02/16/2020,GYH,SC,ASO,ES,Federal Contract Tower,0,2,3,0,5,0,12,23,0,35,0,14,26,0,40,36,0,36,76
02/17/2020,GYH,SC,ASO,ES,Federal Contract Tower,0,16,4,0,20,0,7,65,0,72,0,23,69,0,92,78,0,78,170
02/18/2020,GYH,SC,ASO,ES,Federal Contract Tower,0,9,0,3,12,0,0,0,0,0,0,9,0,3,12,0,0,0,12
02/19/2020,GYH,SC,ASO,ES,Federal Contract Tower,0,6,4,1,11,0,4,10,8,22,0,10,14,9,33,14,0,14,47
02/20/2020,GYH,SC,ASO,ES,Federal Contract Tower,0,6,0,0,6,0,0,6,7,13,0,6,6,7,19,4,4,8,27
02/21/2020,GYH,SC,ASO,ES,Federal Contract Tower,0,19,0,3,22,0,20,39,14,73,0,39,39,17,95,72,0,72,167
02/22/2020,GYH,SC,ASO,ES,Federal Contract Tower,0,7,3,0,10,0,20,74,1,95,0,27,77,1,105,100,0,100,205
02/23/2020,GYH,SC,ASO,ES,Federal Contract Tower,0,1,1,0,2,0,16,35,2,53,0,17,36,2,55,36,0,36,91
02/24/2020,GYH,SC,ASO,ES,Federal Contract Tower,0,5,2,2,9,0,4,19,16,39,0,9,21,18,48,14,10,24,72
02/25/2020,GYH,SC,ASO,ES,Federal Contract Tower,0,6,1,11,18,0,9,33,16,58,0,15,34,27,76,40,30,70,146
02/26/2020,GYH,SC,ASO,ES,Federal Contract Tower,0,12,1,1,14,0,7,19,47,73,0,19,20,48,87,10,4,14,101
02/27/2020,GYH,SC,ASO,ES,Federal Contract Tower,0,5,2,2,9,0,13,53,10,76,0,18,55,12,85,98,2,100,185
02/28/2020,GYH,SC,ASO,ES,Federal Contract Tower,0,3,1,0,4,0,46,31,12,89,0,49,32,12,93,40,12,52,145
02/29/2020,GYH,SC,ASO,ES,Federal Contract Tower,0,6,3,2,11,0,16,34,8,58,0,22,37,10,69,36,0,36,105
03/01/2020,GYH,SC,ASO,ES,Federal Contract Tower,0,8,3,0,11,0,9,73,1,83,0,17,76,1,94,112,0,112,206
03/02/2020,GYH,SC,ASO,ES,Federal Contract Tower,0,6,1,2,9,0,19,32,0,51,0,25,33,2,60,58,0,58,118
03/03/2020,GYH,SC,ASO,ES,Federal Contract Tower,0,5,0,0,5,0,18,0,2,20,0,23,0,2,25,24,0,24,49
03/04/2020,GYH,SC,ASO,ES,Federal Contract Tower,0,24,1,2,27,0,37,18,20,75,0,61,19,22,102,16,0,16,118
03/05/2020,GYH,SC,ASO,ES,Federal Contract Tower,0,9,0,3,12,0,0,0,0,0,0,9,0,3,12,0,0,0,12
03/06/2020,GYH,SC,ASO,ES,Federal Contract Tower,0,7,1,4,12,0,19,15,16,50,0,26,16,20,62,8,6,14,76
03/07/2020,GYH,SC,ASO,ES,Federal Contract Tower,0,3,0,0,3,0,16,39,0,55,0,19,39,0,58,46,0,46,104
03/08/2020,GYH,SC,ASO,ES,Federal Contract Tower,0,4,3,0,7,0,0,62,0,62,0,4,65,0,69,82,0,82,151
03/09/2020,GYH,SC,ASO,ES,Federal Contract Tower,0,2,2,0,4,0,9,52,4,65,0,11,54,4,69,48,4,52,121
03/10/2020,GYH,SC,ASO,ES,Federal Contract Tower,0,3,0,2,5,0,6,21,25,52,0,9,21,27,57,24,32,56,113
03/11/2020,GYH,SC,ASO,ES,Federal Contract Tower,0,9,3,3,15,0,2,42,25,69,0,11,45,28,84,40,0,40,124
03/12/2020,GYH,SC,ASO,ES,Federal Contract Tower,0,12,2,1,15,0,14,59,27,100,0,26,61,28,115,88,0,88,203
03/13/2020,GYH,SC,ASO,ES,Federal Contract Tower,0,12,5,1,18,0,30,33,12,75,0,42,38,13,93,34,2,36,129
03/14/2020,GYH,SC,ASO,ES,Federal Contract Tower,0,6,3,0,9,0,14,99,8,121,0,20,102,8,130,98,0,98,228
03/15/2020,GYH,SC,ASO,ES,Federal Contract Tower,0,5,1,0,6,0,2,13,0,15,0,7,14,0,21,24,0,24,45
03/16/2020,GYH,SC,ASO,ES,Federal Contract Tower,0,13,3,0,16,0,12,6,0,18,0,25,9,0,34,10,0,10,44
03/17/2020,GYH,SC,ASO,ES,Federal Contract Tower,0,9,2,28,39,0,2,9,25,36,0,11,11,53,75,16,20,36,111
03/18/2020,GYH,SC,ASO,ES,Federal Contract Tower,0,11,3,5,19,0,0,0,0,0,0,11,3,5,19,0,0,0,19
03/19/2020,GYH,SC,ASO,ES,Federal Contract Tower,0,9,3,3,15,0,2,39,8,49,0,11,42,11,64,36,0,36,100
03/20/2020,GYH,SC,ASO,ES,Federal Contract Tower,0,5,1,0,6,0,23,40,11,74,0,28,41,11,80,68,0,68,148
03/21/2020,GYH,SC,ASO,ES,Federal Contract Tower,0,7,0,0,7,0,6,45,0,51,0,13,45,0,58,60,0,60,118
03/22/2020,GYH,SC,ASO,ES,Federal Contract Tower,0,1,0,0,1,0,12,6,6,24,0,13,6,6,25,16,0,16,41
03/23/2020,GYH,SC,ASO,ES,Federal Contract Tower,0,4,2,0,6,0,0,0,0,0,0,4,2,0,6,0,0,0,6
03/24/2020,GYH,SC,ASO,ES,Federal Contract Tower,0,2,0,0,2,0,0,0,0,0,0,2,0,0,2,0,0,0,2
03/25/2020,GYH,SC,ASO,ES,Federal Contract Tower,0,20,3,2,25,0,30,22,25,77,0,50,25,27,102,32,8,40,142
03/26/2020,GYH,SC,ASO,ES,Federal Contract Tower,0,5,5,3,13,0,8,54,25,87,0,13,59,28,100,82,6,88,188
03/27/2020,GYH,SC,ASO,ES,Federal Contract Tower,0,12,2,1,15,0,16,35,2,53,0,28,37,3,68,24,0,24,92
03/28/2020,GYH,SC,ASO,ES,Federal Contract Tower,0,0,0,0,0,0,12,46,0,58,0,12,46,0,58,36,0,36,94
03/29/2020,GYH,SC,ASO,ES,Federal Contract Tower,0,0,0,0,0,0,8,4,0,12,0,8,4,0,12,6,0,6,18
03/30/2020,GYH,SC,ASO,ES,Federal Contract Tower,0,6,3,0,9,0,17,57,2,76,0,23,60,2,85,98,0,98,183
03/31/2020,GYH,SC,ASO,ES,Federal Contract Tower,0,2,0,2,4,0,4,5,6,15,0,6,5,8,19,0,2,2,21
04/01/2020,GYH,SC,ASO,ES,Federal Contract Tower,0,1,2,1,4,0,14,69,16,99,0,15,71,17,103,86,0,86,189
04/02/2020,GYH,SC,ASO,ES,Federal Contract Tower,0,4,1,0,5,0,26,47,24,97,0,30,48,24,102,54,0,54,156
04/03/2020,GYH,SC,ASO,ES,Federal Contract Tower,0,2,2,0,4,0,18,58,4,80,0,20,60,4,84,116,4,120,204
04/04/2020,GYH,SC,ASO,ES,Federal Contract Tower,0,4,0,0,4,0,2,61,0,63,0,6,61,0,67,68,0,68,135
04/05/2020,GYH,SC,ASO,ES,Federal Contract Tower,0,0,0,0,0,0,6,25,0,31,0,6,25,0,31,38,0,38,69
04/06/2020,GYH,SC,ASO,ES,Federal Contract Tower,0,0,3,2,5,0,10,24,3,37,0,10,27,5,42,26,0,26,68
04/07/2020,GYH,SC,ASO,ES,Federal Contract Tower,0,6,0,2,8,0,12,13,45,70,0,18,13,47,78,12,18,30,108
04/08/2020,GYH,SC,ASO,ES,Federal Contract Tower,0,1,5,3,9,0,7,24,17,48,0,8,29,20,57,30,0,30,87
04/09/2020,GYH,SC,ASO,ES,Federal Contract Tower,0,1,3,6,10,0,4,9,35,48,0,5,12,41,58,8,22,30,88
04/10/2020,GYH,SC,ASO,ES,Federal Contract Tower,0,4,0,0,4,0,0,6,3,9,0,4,6,3,13,12,0,12,25
04/11/2020,GYH,SC,ASO,ES,Federal Contract Tower,0,1,0,0,1,0,4,41,0,45,0,5,41,0,46,94,0,94,140
04/12/2020,GYH,SC,ASO,ES,Federal Contract Tower,0,0,0,0,0,0,0,0,0,0,0,0,0,0,0,0,0,0,0
04/13/2020,GYH,SC,ASO,ES,Federal Contract Tower,0,1,0,0,1,0,16,9,6,31,0,17,9,6,32,6,0,6,38
04/14/2020,GYH,SC,ASO,ES,Federal Contract Tower,0,5,3,0,8,0,3,39,24,66,0,8,42,24,74,56,24,80,154
04/15/2020,GYH,SC,ASO,ES,Federal Contract Tower,0,3,9,0,12,0,4,30,34,68,0,7,39,34,80,36,2,38,118
04/16/2020,GYH,SC,ASO,ES,Federal Contract Tower,0,3,3,0,6,0,15,45,55,115,0,18,48,55,121,82,6,88,209
04/17/2020,GYH,SC,ASO,ES,Federal Contract Tower,0,12,2,2,16,0,30,43,2,75,0,42,45,4,91,66,0,66,157
04/18/2020,GYH,SC,ASO,ES,Federal Contract Tower,0,1,4,0,5,0,10,34,0,44,0,11,38,0,49,50,0,50,99
04/19/2020,GYH,SC,ASO,ES,Federal Contract Tower,0,0,6,0,6,0,16,32,2,50,0,16,38,2,56,54,0,54,110
04/20/2020,GYH,SC,ASO,ES,Federal Contract Tower,0,14,2,0,16,0,5,28,3,36,0,19,30,3,52,42,0,42,94
04/21/2020,GYH,SC,ASO,ES,Federal Contract Tower,0,4,2,1,7,0,28,46,38,112,0,32,48,39,119,72,24,96,215
04/22/2020,GYH,SC,ASO,ES,Federal Contract Tower,0,10,8,0,18,0,16,33,34,83,0,26,41,34,101,38,0,38,139
04/23/2020,GYH,SC,ASO,ES,Federal Contract Tower,0,2,0,0,2,0,0,0,0,0,0,2,0,0,2,0,0,0,2
04/24/2020,GYH,SC,ASO,ES,Federal Contract Tower,0,6,4,0,10,0,15,50,17,82,0,21,54,17,92,104,10,114,206
04/25/2020,GYH,SC,ASO,ES,Federal Contract Tower,0,3,2,0,5,0,5,48,0,53,0,8,50,0,58,54,0,54,112
04/26/2020,GYH,SC,ASO,ES,Federal Contract Tower,0,0,0,4,4,0,16,15,6,37,0,16,15,10,41,34,0,34,75
04/27/2020,GYH,SC,ASO,ES,Federal Contract Tower,0,8,8,0,16,0,11,29,0,40,0,19,37,0,56,30,0,30,86
04/28/2020,GYH,SC,ASO,ES,Federal Contract Tower,0,10,5,0,15,0,14,67,25,106,0,24,72,25,121,116,10,126,247
04/29/2020,GYH,SC,ASO,ES,Federal Contract Tower,0,3,2,0,5,0,16,12,16,44,0,19,14,16,49,14,2,16,65
04/30/2020,GYH,SC,ASO,ES,Federal Contract Tower,0,10,4,4,18,0,9,33,32,74,0,19,37,36,92,60,2,62,154
05/01/2020,GYH,SC,ASO,ES,Federal Contract Tower,0,8,0,1,9,0,22,63,4,89,0,30,63,5,98,114,4,118,216
05/02/2020,GYH,SC,ASO,ES,Federal Contract Tower,0,2,2,0,4,0,10,74,0,84,0,12,76,0,88,116,0,116,204
05/03/2020,GYH,SC,ASO,ES,Federal Contract Tower,0,2,3,0,5,0,6,38,0,44,0,8,41,0,49,74,0,74,123
05/04/2020,GYH,SC,ASO,ES,Federal Contract Tower,0,5,0,3,8,0,11,50,2,63,0,16,50,5,71,72,0,72,143
05/05/2020,GYH,SC,ASO,ES,Federal Contract Tower,0,7,5,2,14,0,12,38,8,58,0,19,43,10,72,78,0,78,150
05/06/2020,GYH,SC,ASO,ES,Federal Contract Tower,0,6,0,3,9,0,10,23,47,80,0,16,23,50,89,34,2,36,125
05/07/2020,GYH,SC,ASO,ES,Federal Contract Tower,0,13,0,1,14,0,36,60,22,118,0,49,60,23,132,74,16,90,222
05/08/2020,GYH,SC,ASO,ES,Federal Contract Tower,0,6,0,0,6,0,22,9,1,32,0,28,9,1,38,22,0,22,60
05/09/2020,GYH,SC,ASO,ES,Federal Contract Tower,0,6,0,0,6,0,10,38,0,48,0,16,38,0,54,68,0,68,122
05/10/2020,GYH,SC,ASO,ES,Federal Contract Tower,0,2,0,0,2,0,6,23,0,29,0,8,23,0,31,32,0,32,63
05/11/2020,GYH,SC,ASO,ES,Federal Contract Tower,0,3,0,0,3,0,12,23,6,41,0,15,23,6,44,40,6,46,90
05/12/2020,GYH,SC,ASO,ES,Federal Contract Tower,0,8,0,7,15,0,22,56,10,88,0,30,56,17,103,94,0,94,197
05/13/2020,GYH,SC,ASO,ES,Federal Contract Tower,0,2,2,3,7,0,11,59,7,77,0,13,61,10,84,138,2,140,224
05/14/2020,GYH,SC,ASO,ES,Federal Contract Tower,0,8,10,1,19,0,21,47,25,93,0,29,57,26,112,56,18,74,186
05/15/2020,GYH,SC,ASO,ES,Federal Contract Tower,0,3,6,4,13,0,8,51,4,63,0,11,57,8,76,76,0,76,152
05/16/2020,GYH,SC,ASO,ES,Federal Contract Tower,0,1,1,0,2,0,12,65,0,77,0,13,66,0,79,88,0,88,167
05/17/2020,GYH,SC,ASO,ES,Federal Contract Tower,0,3,4,0,7,0,4,35,0,39,0,7,39,0,46,56,0,56,102
05/18/2020,GYH,SC,ASO,ES,Federal Contract Tower,0,2,5,0,7,0,1,0,0,1,0,3,5,0,8,0,0,0,8
05/19/2020,GYH,SC,ASO,ES,Federal Contract Tower,0,2,4,1,7,0,0,0,0,0,0,2,4,1,7,0,0,0,7
05/20/2020,GYH,SC,ASO,ES,Federal Contract Tower,0,5,0,0,5,0,0,0,0,0,0,5,0,0,5,0,0,0,5
05/21/2020,GYH,SC,ASO,ES,Federal Contract Tower,0,7,5,3,15,0,7,26,14,47,0,14,31,17,62,62,10,72,134
05/22/2020,GYH,SC,ASO,ES,Federal Contract Tower,0,10,2,3,15,0,6,60,10,76,0,16,62,13,91,82,6,88,179
05/23/2020,GYH,SC,ASO,ES,Federal Contract Tower,0,0,1,0,1,0,6,36,0,42,0,6,37,0,43,58,0,58,101
05/24/2020,GYH,SC,ASO,ES,Federal Contract Tower,0,3,1,0,4,0,6,41,0,47,0,9,42,0,51,60,0,60,111
05/25/2020,GYH,SC,ASO,ES,Federal Contract Tower,0,9,0,0,9,0,4,27,0,31,0,13,27,0,40,58,0,58,98
05/26/2020,GYH,SC,ASO,ES,Federal Contract Tower,0,5,8,3,16,0,15,22,14,51,0,20,30,17,67,50,8,58,125
05/27/2020,GYH,SC,ASO,ES,Federal Contract Tower,0,13,4,2,19,0,4,2,4,10,0,17,6,6,29,4,0,4,33
05/28/2020,GYH,SC,ASO,ES,Federal Contract Tower,0,8,6,4,18,0,0,36,4,40,0,8,42,8,58,34,0,34,92
05/29/2020,GYH,SC,ASO,ES,Federal Contract Tower,0,6,2,2,10,0,1,49,0,50,0,7,51,2,60,62,0,62,122
05/30/2020,GYH,SC,ASO,ES,Federal Contract Tower,0,3,2,0,5,0,26,38,0,64,0,29,40,0,69,98,0,98,167
05/31/2020,GYH,SC,ASO,ES,Federal Contract Tower,0,6,0,2,8,0,10,35,0,45,0,16,35,2,53,34,0,34,87
06/01/2020,GYH,SC,ASO,ES,Federal Contract Tower,0,7,3,0,10,0,0,80,0,80,0,7,83,0,90,130,0,130,220
06/02/2020,GYH,SC,ASO,ES,Federal Contract Tower,0,7,2,1,10,0,26,57,22,105,0,33,59,23,115,66,12,78,193
06/03/2020,GYH,SC,ASO,ES,Federal Contract Tower,0,5,0,0,5,0,17,52,19,88,0,22,52,19,93,92,10,102,195
06/04/2020,GYH,SC,ASO,ES,Federal Contract Tower,0,7,9,2,18,0,14,68,22,104,0,21,77,24,122,102,14,116,238
06/05/2020,GYH,SC,ASO,ES,Federal Contract Tower,0,2,5,4,11,0,10,25,1,36,0,12,30,5,47,32,0,32,79
06/06/2020,GYH,SC,ASO,ES,Federal Contract Tower,0,3,2,1,6,0,22,53,0,75,0,25,55,1,81,62,0,62,143
06/07/2020,GYH,SC,ASO,ES,Federal Contract Tower,0,11,0,3,14,0,23,34,0,57,0,34,34,3,71,70,0,70,141
06/08/2020,GYH,SC,ASO,ES,Federal Contract Tower,0,4,5,5,14,0,6,44,4,54,0,10,49,9,68,66,4,70,138
06/09/2020,GYH,SC,ASO,ES,Federal Contract Tower,0,3,1,1,5,0,14,19,17,50,0,17,20,18,55,22,22,44,99
06/10/2020,GYH,SC,ASO,ES,Federal Contract Tower,0,2,4,3,9,0,22,6,6,34,0,24,10,9,43,16,0,16,59
06/11/2020,GYH,SC,ASO,ES,Federal Contract Tower,0,6,2,0,8,0,27,62,18,107,0,33,64,18,115,70,0,70,185
06/12/2020,GYH,SC,ASO,ES,Federal Contract Tower,0,14,2,5,21,0,24,51,10,85,0,38,53,15,106,56,0,56,162
06/13/2020,GYH,SC,ASO,ES,Federal Contract Tower,0,1,4,1,6,0,28,34,0,62,0,29,38,1,68,62,0,62,130
06/14/2020,GYH,SC,ASO,ES,Federal Contract Tower,0,4,2,0,6,0,5,37,0,42,0,9,39,0,48,40,0,40,88
06/15/2020,GYH,SC,ASO,ES,Federal Contract Tower,0,7,4,0,11,0,2,30,0,32,0,9,34,0,43,46,0,46,89
06/16/2020,GYH,SC,ASO,ES,Federal Contract Tower,0,19,2,15,36,0,2,3,26,31,0,21,5,41,67,0,14,14,81
06/17/2020,GYH,SC,ASO,ES,Federal Contract Tower,0,13,1,2,16,0,4,50,27,81,0,17,51,29,97,66,20,86,183
06/18/2020,GYH,SC,ASO,ES,Federal Contract Tower,0,10,0,5,15,0,24,50,24,98,0,34,50,29,113,50,0,50,163
06/19/2020,GYH,SC,ASO,ES,Federal Contract Tower,0,5,6,4,15,0,19,22,19,60,0,24,28,23,75,38,6,44,119
06/20/2020,GYH,SC,ASO,ES,Federal Contract Tower,0,0,0,0,0,0,20,0,0,20,0,20,0,0,20,0,0,0,20
06/21/2020,GYH,SC,ASO,ES,Federal Contract Tower,0,4,0,1,5,0,5,13,5,23,0,9,13,6,28,12,8,20,48
06/22/2020,GYH,SC,ASO,ES,Federal Contract Tower,0,3,1,0,4,0,6,21,1,28,0,9,22,1,32,26,0,26,58
06/23/2020,GYH,SC,ASO,ES,Federal Contract Tower,0,5,1,0,6,0,12,4,9,25,0,17,5,9,31,0,2,2,33
06/24/2020,GYH,SC,ASO,ES,Federal Contract Tower,0,8,3,3,14,0,11,47,27,85,0,19,50,30,99,66,8,74,173
06/25/2020,GYH,SC,ASO,ES,Federal Contract Tower,0,8,1,6,15,0,20,37,17,74,0,28,38,23,89,48,12,60,149
06/26/2020,GYH,SC,ASO,ES,Federal Contract Tower,0,6,0,1,7,0,28,48,4,80,0,34,48,5,87,60,0,60,147
06/27/2020,GYH,SC,ASO,ES,Federal Contract Tower,0,5,0,1,6,0,4,23,2,29,0,9,23,3,35,40,0,40,75
06/28/2020,GYH,SC,ASO,ES,Federal Contract Tower,0,0,0,0,0,0,12,24,0,36,0,12,24,0,36,20,0,20,56
06/29/2020,GYH,SC,ASO,ES,Federal Contract Tower,0,8,7,1,16,0,6,35,5,46,0,14,42,6,62,48,0,48,110
06/30/2020,GYH,SC,ASO,ES,Federal Contract Tower,0,2,0,4,6,0,17,51,14,82,0,19,51,18,88,56,6,62,150
07/01/2020,GYH,SC,ASO,ES,Federal Contract Tower,0,8,3,5,16,0,11,23,19,53,0,19,26,24,69,44,2,46,115
07/02/2020,GYH,SC,ASO,ES,Federal Contract Tower,0,9,1,2,12,0,29,49,13,91,0,38,50,15,103,52,4,56,159
07/03/2020,GYH,SC,ASO,ES,Federal Contract Tower,0,8,2,0,10,0,16,28,0,44,0,24,30,0,54,40,0,40,94
07/04/2020,GYH,SC,ASO,ES,Federal Contract Tower,0,10,0,0,10,0,40,13,0,53,0,50,13,0,63,16,0,16,79
07/05/2020,GYH,SC,ASO,ES,Federal Contract Tower,0,3,0,0,3,0,12,15,0,27,0,15,15,0,30,18,0,18,48
07/06/2020,GYH,SC,ASO,ES,Federal Contract Tower,0,7,3,0,10,0,7,24,0,31,0,14,27,0,41,38,0,38,79
07/07/2020,GYH,SC,ASO,ES,Federal Contract Tower,0,5,1,0,6,0,10,1,2,13,0,15,2,2,19,0,0,0,19
07/08/2020,GYH,SC,ASO,ES,Federal Contract Tower,0,5,1,2,8,0,26,20,28,74,0,31,21,30,82,32,0,32,114
07/09/2020,GYH,SC,ASO,ES,Federal Contract Tower,0,8,3,5,16,0,15,32,4,51,0,23,35,9,67,28,0,28,95
07/10/2020,GYH,SC,ASO,ES,Federal Contract Tower,0,6,1,0,7,0,46,37,5,88,0,52,38,5,95,50,0,50,145
07/11/2020,GYH,SC,ASO,ES,Federal Contract Tower,0,4,4,1,9,0,4,41,3,48,0,8,45,4,57,28,0,28,85
07/12/2020,GYH,SC,ASO,ES,Federal Contract Tower,0,1,4,2,7,0,0,28,6,34,0,1,32,8,41,14,0,14,55
07/13/2020,GYH,SC,ASO,ES,Federal Contract Tower,0,9,0,6,15,0,22,27,1,50,0,31,27,7,65,8,0,8,73
07/14/2020,GYH,SC,ASO,ES,Federal Contract Tower,0,4,4,1,9,0,23,47,8,78,0,27,51,9,87,52,0,52,139
07/15/2020,GYH,SC,ASO,ES,Federal Contract Tower,0,11,0,2,13,0,42,30,6,78,0,53,30,8,91,50,0,50,141
07/16/2020,GYH,SC,ASO,ES,Federal Contract Tower,0,7,3,2,12,0,6,24,17,47,0,13,27,19,59,30,2,32,91
07/17/2020,GYH,SC,ASO,ES,Federal Contract Tower,0,8,2,3,13,0,30,41,1,72,0,38,43,4,85,58,2,60,145
07/18/2020,GYH,SC,ASO,ES,Federal Contract Tower,0,6,1,1,8,0,10,18,0,28,0,16,19,1,36,22,0,22,58
07/19/2020,GYH,SC,ASO,ES,Federal Contract Tower,0,4,1,0,5,0,5,31,0,36,0,9,32,0,41,50,0,50,91
07/20/2020,GYH,SC,ASO,ES,Federal Contract Tower,0,6,2,2,10,0,7,23,5,35,0,13,25,7,45,36,12,48,93
07/21/2020,GYH,SC,ASO,ES,Federal Contract Tower,0,6,0,5,11,0,7,30,27,64,0,13,30,32,75,32,20,52,127
07/22/2020,GYH,SC,ASO,ES,Federal Contract Tower,0,10,0,4,14,0,0,32,23,55,0,10,32,27,69,24,34,58,127
07/23/2020,GYH,SC,ASO,ES,Federal Contract Tower,0,7,0,7,14,0,8,26,8,42,0,15,26,15,56,16,2,18,74
07/24/2020,GYH,SC,ASO,ES,Federal Contract Tower,0,5,5,2,12,0,10,38,10,58,0,15,43,12,70,36,20,56,126
07/25/2020,GYH,SC,ASO,ES,Federal Contract Tower,0,4,1,0,5,0,8,38,0,46,0,12,39,0,51,56,0,56,107
07/26/2020,GYH,SC,ASO,ES,Federal Contract Tower,0,1,2,0,3,0,24,31,0,55,0,25,33,0,58,26,0,26,84
07/27/2020,GYH,SC,ASO,ES,Federal Contract Tower,0,3,3,0,6,0,2,29,0,31,0,5,32,0,37,32,0,32,69
07/28/2020,GYH,SC,ASO,ES,Federal Contract Tower,0,14,5,6,25,0,23,53,28,104,0,37,58,34,129,70,16,86,215
07/29/2020,GYH,SC,ASO,ES,Federal Contract Tower,0,6,0,1,7,0,10,39,20,69,0,16,39,21,76,48,0,48,124
07/30/2020,GYH,SC,ASO,ES,Federal Contract Tower,0,9,4,1,14,0,4,20,12,36,0,13,24,13,50,42,16,58,108
07/31/2020,GYH,SC,ASO,ES,Federal Contract Tower,0,5,5,4,14,0,23,41,12,76,0,28,46,16,90,44,8,52,142
08/01/2020,GYH,SC,ASO,ES,Federal Contract Tower,0,1,0,0,1,0,16,35,0,51,0,17,35,0,52,52,0,52,104
08/02/2020,GYH,SC,ASO,ES,Federal Contract Tower,0,6,1,0,7,0,12,27,0,39,0,18,28,0,46,26,0,26,72
08/03/2020,GYH,SC,ASO,ES,Federal Contract Tower,0,18,2,9,29,0,2,8,8,18,0,20,10,17,47,16,8,24,71
08/04/2020,GYH,SC,ASO,ES,Federal Contract Tower,0,0,0,3,3,0,10,0,12,22,0,10,0,15,25,0,2,2,27
08/05/2020,GYH,SC,ASO,ES,Federal Contract Tower,0,0,0,0,0,0,20,3,24,47,0,20,3,24,47,0,0,0,47
08/06/2020,GYH,SC,ASO,ES,Federal Contract Tower,0,16,2,5,23,0,5,18,16,39,0,21,20,21,62,42,0,42,104
08/07/2020,GYH,SC,ASO,ES,Federal Contract Tower,0,9,1,1,11,0,2,11,1,14,0,11,12,2,25,18,0,18,43
08/08/2020,GYH,SC,ASO,ES,Federal Contract Tower,0,10,0,0,10,0,24,20,0,44,0,34,20,0,54,40,0,40,94
08/09/2020,GYH,SC,ASO,ES,Federal Contract Tower,0,6,1,2,9,0,16,32,0,48,0,22,33,2,57,46,0,46,103
08/10/2020,GYH,SC,ASO,ES,Federal Contract Tower,0,8,2,0,10,0,13,31,0,44,0,21,33,0,54,54,0,54,108
08/11/2020,GYH,SC,ASO,ES,Federal Contract Tower,0,9,5,3,17,0,8,44,15,67,0,17,49,18,84,42,16,58,142
08/12/2020,GYH,SC,ASO,ES,Federal Contract Tower,0,8,3,2,13,0,10,28,27,65,0,18,31,29,78,32,0,32,110
08/13/2020,GYH,SC,ASO,ES,Federal Contract Tower,0,12,3,2,17,0,4,76,2,82,0,16,79,4,99,102,0,102,201
08/14/2020,GYH,SC,ASO,ES,Federal Contract Tower,0,19,5,5,29,0,1,9,12,22,0,20,14,17,51,2,6,8,59
08/15/2020,GYH,SC,ASO,ES,Federal Contract Tower,0,3,2,0,5,0,5,0,0,5,0,8,2,0,10,0,0,0,10
08/16/2020,GYH,SC,ASO,ES,Federal Contract Tower,0,5,3,0,8,0,7,26,0,33,0,12,29,0,41,4,0,4,45
08/17/2020,GYH,SC,ASO,ES,Federal Contract Tower,0,13,0,0,13,0,5,61,4,70,0,18,61,4,83,70,0,70,153
08/18/2020,GYH,SC,ASO,ES,Federal Contract Tower,0,7,2,0,9,0,20,57,23,100,0,27,59,23,109,60,20,80,189
08/19/2020,GYH,SC,ASO,ES,Federal Contract Tower,0,16,0,6,22,0,12,25,7,44,0,28,25,13,66,8,0,8,74
08/20/2020,GYH,SC,ASO,ES,Federal Contract Tower,0,2,1,4,7,0,20,17,20,57,0,22,18,24,64,10,0,10,74
08/21/2020,GYH,SC,ASO,ES,Federal Contract Tower,0,6,0,4,10,0,4,0,0,4,0,10,0,4,14,0,0,0,14
08/22/2020,GYH,SC,ASO,ES,Federal Contract Tower,0,3,2,0,5,0,12,19,0,31,0,15,21,0,36,42,0,42,78
08/23/2020,GYH,SC,ASO,ES,Federal Contract Tower,0,2,8,0,10,0,26,22,1,49,0,28,30,1,59,38,2,40,99
08/24/2020,GYH,SC,ASO,ES,Federal Contract Tower,0,12,4,0,16,0,0,12,2,14,0,12,16,2,30,14,0,14,44
08/25/2020,GYH,SC,ASO,ES,Federal Contract Tower,0,12,4,5,21,0,2,23,15,40,0,14,27,20,61,32,4,36,97
08/26/2020,GYH,SC,ASO,ES,Federal Contract Tower,0,3,3,3,9,0,46,62,13,121,0,49,65,16,130,58,2,60,190
08/27/2020,GYH,SC,ASO,ES,Federal Contract Tower,0,10,1,4,15,0,6,45,14,65,0,16,46,18,80,48,8,56,136
08/28/2020,GYH,SC,ASO,ES,Federal Contract Tower,0,11,0,3,14,0,16,29,2,47,0,27,29,5,61,28,0,28,89
08/29/2020,GYH,SC,ASO,ES,Federal Contract Tower,0,2,3,0,5,0,4,8,0,12,0,6,11,0,17,8,0,8,25
08/30/2020,GYH,SC,ASO,ES,Federal Contract Tower,0,5,2,2,9,0,4,45,0,49,0,9,47,2,58,30,0,30,88
08/31/2020,GYH,SC,ASO,ES,Federal Contract Tower,0,7,5,0,12,0,4,14,0,18,0,11,19,0,30,24,0,24,54
09/01/2020,GYH,SC,ASO,ES,Federal Contract Tower,0,8,0,1,9,0,16,35,17,68,0,24,35,18,77,48,12,60,137
09/02/2020,GYH,SC,ASO,ES,Federal Contract Tower,0,3,0,13,16,0,13,49,27,89,0,16,49,40,105,68,12,80,185
09/03/2020,GYH,SC,ASO,ES,Federal Contract Tower,0,0,0,0,0,0,38,0,11,49,0,38,0,11,49,0,0,0,49
09/04/2020,GYH,SC,ASO,ES,Federal Contract Tower,0,16,1,1,18,0,11,21,0,32,0,27,22,1,50,10,0,10,60
09/05/2020,GYH,SC,ASO,ES,Federal Contract Tower,0,4,1,1,6,0,34,20,0,54,0,38,21,1,60,20,0,20,80
09/06/2020,GYH,SC,ASO,ES,Federal Contract Tower,0,1,2,0,3,0,28,29,4,61,0,29,31,4,64,36,0,36,100
09/07/2020,GYH,SC,ASO,ES,Federal Contract Tower,0,8,2,0,10,0,4,58,0,62,0,12,60,0,72,62,0,62,134
09/08/2020,GYH,SC,ASO,ES,Federal Contract Tower,0,15,2,6,23,0,21,35,16,72,0,36,37,22,95,38,8,46,141
09/09/2020,GYH,SC,ASO,ES,Federal Contract Tower,0,17,0,10,27,0,12,10,55,77,0,29,10,65,104,10,2,12,116
09/10/2020,GYH,SC,ASO,ES,Federal Contract Tower,0,12,0,2,14,0,14,12,6,32,0,26,12,8,46,14,0,14,60
09/11/2020,GYH,SC,ASO,ES,Federal Contract Tower,0,10,2,0,12,0,15,59,17,91,0,25,61,17,103,58,0,58,161
09/12/2020,GYH,SC,ASO,ES,Federal Contract Tower,0,6,0,2,8,0,10,8,0,18,0,16,8,2,26,4,0,4,30
09/13/2020,GYH,SC,ASO,ES,Federal Contract Tower,0,6,0,76,82,0,8,5,0,13,0,14,5,76,95,4,8,12,107
09/14/2020,GYH,SC,ASO,ES,Federal Contract Tower,0,17,0,1,18,0,18,20,14,52,0,35,20,15,70,34,0,34,104
09/15/2020,GYH,SC,ASO,ES,Federal Contract Tower,0,13,4,5,22,0,12,43,18,73,0,25,47,23,95,46,2,48,143
09/16/2020,GYH,SC,ASO,ES,Federal Contract Tower,0,17,1,3,21,0,9,28,56,93,0,26,29,59,114,24,2,26,140
09/17/2020,GYH,SC,ASO,ES,Federal Contract Tower,0,8,0,3,11,0,0,0,0,0,0,8,0,3,11,0,0,0,11
09/18/2020,GYH,SC,ASO,ES,Federal Contract Tower,0,23,1,57,81,0,10,25,25,60,0,33,26,82,141,24,6,30,171
09/19/2020,GYH,SC,ASO,ES,Federal Contract Tower,0,4,0,1,5,0,10,26,0,36,0,14,26,1,41,48,0,48,89
09/20/2020,GYH,SC,ASO,ES,Federal Contract Tower,0,3,0,0,3,0,12,13,0,25,0,15,13,0,28,6,0,6,34
09/21/2020,GYH,SC,ASO,ES,Federal Contract Tower,0,4,1,1,6,0,16,20,1,37,0,20,21,2,43,6,0,6,49
09/22/2020,GYH,SC,ASO,ES,Federal Contract Tower,0,11,1,0,12,0,23,48,4,75,0,34,49,4,87,30,8,38,125
09/23/2020,GYH,SC,ASO,ES,Federal Contract Tower,0,15,3,0,18,0,44,39,27,110,0,59,42,27,128,32,8,40,168
09/24/2020,GYH,SC,ASO,ES,Federal Contract Tower,0,5,2,4,11,0,14,2,36,52,0,19,4,40,63,0,18,18,81
09/25/2020,GYH,SC,ASO,ES,Federal Contract Tower,0,12,6,10,28,0,0,0,0,0,0,12,6,10,28,0,0,0,28
09/26/2020,GYH,SC,ASO,ES,Federal Contract Tower,0,3,9,0,12,0,14,11,0,25,0,17,20,0,37,12,0,12,49
09/27/2020,GYH,SC,ASO,ES,Federal Contract Tower,0,8,2,0,10,0,0,22,0,22,0,8,24,0,32,30,0,30,62
09/28/2020,GYH,SC,ASO,ES,Federal Contract Tower,0,5,0,1,6,0,10,33,1,44,0,15,33,2,50,50,0,50,100
09/29/2020,GYH,SC,ASO,ES,Federal Contract Tower,0,15,1,2,18,0,8,6,2,16,0,23,7,4,34,12,0,12,46
09/30/2020,GYH,SC,ASO,ES,Federal Contract Tower,0,5,0,0,5,0,34,25,14,73,0,39,25,14,78,44,6,50,128
10/01/2020,GYH,SC,ASO,ES,Federal Contract Tower,0,13,1,0,14,0,26,45,30,101,0,39,46,30,115,78,0,78,193
10/02/2020,GYH,SC,ASO,ES,Federal Contract Tower,0,6,5,0,11,0,8,58,3,69,0,14,63,3,80,72,0,72,152
10/03/2020,GYH,SC,ASO,ES,Federal Contract Tower,0,2,3,0,5,0,32,61,0,93,0,34,64,0,98,86,0,86,184
10/04/2020,GYH,SC,ASO,ES,Federal Contract Tower,0,5,2,0,7,0,14,41,0,55,0,19,43,0,62,66,0,66,128
10/05/2020,GYH,SC,ASO,ES,Federal Contract Tower,0,8,2,4,14,0,32,51,1,84,0,40,53,5,98,62,0,62,160
10/06/2020,GYH,SC,ASO,ES,Federal Contract Tower,0,5,0,3,8,0,26,57,12,95,0,31,57,15,103,84,0,84,187
10/07/2020,GYH,SC,ASO,ES,Federal Contract Tower,0,12,1,2,15,0,61,95,8,164,0,73,96,10,179,106,0,106,285
10/08/2020,GYH,SC,ASO,ES,Federal Contract Tower,0,13,0,3,16,0,26,42,5,73,0,39,42,8,89,64,0,64,153
10/09/2020,GYH,SC,ASO,ES,Federal Contract Tower,0,7,9,2,18,0,3,53,4,60,0,10,62,6,78,108,0,108,186
10/10/2020,GYH,SC,ASO,ES,Federal Contract Tower,0,9,1,0,10,0,0,0,0,0,0,9,1,0,10,0,0,0,10
10/11/2020,GYH,SC,ASO,ES,Federal Contract Tower,0,1,0,0,1,0,0,0,0,0,0,1,0,0,1,0,0,0,1
10/12/2020,GYH,SC,ASO,ES,Federal Contract Tower,0,15,1,0,16,0,2,31,0,33,0,17,32,0,49,50,0,50,99
10/13/2020,GYH,SC,ASO,ES,Federal Contract Tower,0,5,3,8,16,0,18,36,17,71,0,23,39,25,87,60,4,64,151
10/14/2020,GYH,SC,ASO,ES,Federal Contract Tower,0,10,0,0,10,0,20,56,10,86,0,30,56,10,96,94,0,94,190
10/15/2020,GYH,SC,ASO,ES,Federal Contract Tower,0,12,0,7,19,0,12,6,6,24,0,24,6,13,43,0,4,4,47
10/16/2020,GYH,SC,ASO,ES,Federal Contract Tower,0,15,9,0,24,0,14,85,6,105,0,29,94,6,129,130,0,130,259
10/17/2020,GYH,SC,ASO,ES,Federal Contract Tower,0,2,2,0,4,0,14,43,0,57,0,16,45,0,61,76,0,76,137
10/18/2020,GYH,SC,ASO,ES,Federal Contract Tower,0,7,0,0,7,0,20,35,0,55,0,27,35,0,62,28,0,28,90
10/19/2020,GYH,SC,ASO,ES,Federal Contract Tower,0,8,5,2,15,0,21,53,8,82,0,29,58,10,97,44,16,60,157
10/20/2020,GYH,SC,ASO,ES,Federal Contract Tower,0,17,0,0,17,0,22,56,19,97,0,39,56,19,114,60,6,66,180
10/21/2020,GYH,SC,ASO,ES,Federal Contract Tower,0,11,6,4,21,0,9,67,17,93,0,20,73,21,114,122,0,122,236
10/22/2020,GYH,SC,ASO,ES,Federal Contract Tower,0,15,2,3,20,0,40,33,22,95,0,55,35,25,115,40,2,42,157
10/23/2020,GYH,SC,ASO,ES,Federal Contract Tower,0,22,0,1,23,0,16,50,2,68,0,38,50,3,91,64,0,64,155
10/24/2020,GYH,SC,ASO,ES,Federal Contract Tower,0,6,5,0,11,0,15,66,2,83,0,21,71,2,94,72,0,72,166
10/25/2020,GYH,SC,ASO,ES,Federal Contract Tower,0,12,2,0,14,0,0,0,0,0,0,12,2,0,14,0,0,0,14
10/26/2020,GYH,SC,ASO,ES,Federal Contract Tower,0,10,2,4,16,0,8,21,0,29,0,18,23,4,45,34,0,34,79
10/27/2020,GYH,SC,ASO,ES,Federal Contract Tower,0,12,3,5,20,0,0,12,4,16,0,12,15,9,36,22,14,36,72
10/28/2020,GYH,SC,ASO,ES,Federal Contract Tower,0,10,0,8,18,0,0,0,0,0,0,10,0,8,18,0,0,0,18
10/29/2020,GYH,SC,ASO,ES,Federal Contract Tower,0,9,0,0,9,0,2,0,8,10,0,11,0,8,19,0,0,0,19
10/30/2020,GYH,SC,ASO,ES,Federal Contract Tower,0,13,5,0,18,0,12,73,6,91,0,25,78,6,109,96,0,96,205
10/31/2020,GYH,SC,ASO,ES,Federal Contract Tower,0,8,0,2,10,0,11,42,0,53,0,19,42,2,63,64,0,64,127
11/01/2020,GYH,SC,ASO,ES,Federal Contract Tower,0,10,2,0,12,0,12,10,0,22,0,22,12,0,34,8,0,8,42
11/02/2020,GYH,SC,ASO,ES,Federal Contract Tower,0,15,2,0,17,0,22,52,2,76,0,37,54,2,93,58,0,58,151
11/03/2020,GYH,SC,ASO,ES,Federal Contract Tower,0,9,0,2,11,0,12,20,7,39,0,21,20,9,50,12,10,22,72
11/04/2020,GYH,SC,ASO,ES,Federal Contract Tower,0,7,0,2,9,0,18,78,10,106,0,25,78,12,115,114,0,114,229
11/05/2020,GYH,SC,ASO,ES,Federal Contract Tower,0,11,0,5,16,0,25,74,10,109,0,36,74,15,125,126,0,126,251
11/06/2020,GYH,SC,ASO,ES,Federal Contract Tower,0,6,3,0,9,0,14,75,0,89,0,20,78,0,98,110,0,110,208
11/07/2020,GYH,SC,ASO,ES,Federal Contract Tower,0,3,1,0,4,0,24,30,4,58,0,27,31,4,62,36,0,36,98
11/08/2020,GYH,SC,ASO,ES,Federal Contract Tower,0,6,3,0,9,0,22,24,2,48,0,28,27,2,57,20,2,22,79
11/09/2020,GYH,SC,ASO,ES,Federal Contract Tower,0,7,4,0,11,0,28,26,0,54,0,35,30,0,65,38,0,38,103
11/10/2020,GYH,SC,ASO,ES,Federal Contract Tower,0,10,5,4,19,0,0,0,0,0,0,10,5,4,19,0,0,0,19
11/11/2020,GYH,SC,ASO,ES,Federal Contract Tower,0,8,0,0,8,0,6,1,0,7,0,14,1,0,15,0,0,0,15
11/12/2020,GYH,SC,ASO,ES,Federal Contract Tower,0,9,2,3,14,0,8,9,0,17,0,17,11,3,31,10,0,10,41
11/13/2020,GYH,SC,ASO,ES,Federal Contract Tower,0,14,3,6,23,0,12,48,4,64,0,26,51,10,87,78,0,78,165
11/14/2020,GYH,SC,ASO,ES,Federal Contract Tower,0,9,3,0,12,0,10,47,0,57,0,19,50,0,69,42,0,42,111
11/15/2020,GYH,SC,ASO,ES,Federal Contract Tower,0,5,2,0,7,0,6,5,0,11,0,11,7,0,18,4,0,4,22
11/16/2020,GYH,SC,ASO,ES,Federal Contract Tower,0,13,2,0,15,0,30,30,0,60,0,43,32,0,75,38,0,38,113
11/17/2020,GYH,SC,ASO,ES,Federal Contract Tower,0,9,2,0,11,0,68,36,25,129,0,77,38,25,140,34,6,40,180
11/18/2020,GYH,SC,ASO,ES,Federal Contract Tower,0,18,1,2,21,0,45,69,10,124,0,63,70,12,145,88,0,88,233
11/19/2020,GYH,SC,ASO,ES,Federal Contract Tower,0,16,3,3,22,0,14,40,18,72,0,30,43,21,94,86,4,90,184
11/20/2020,GYH,SC,ASO,ES,Federal Contract Tower,0,7,1,1,9,0,50,46,11,107,0,57,47,12,116,84,0,84,200
11/21/2020,GYH,SC,ASO,ES,Federal Contract Tower,0,5,0,0,5,0,10,53,0,63,0,15,53,0,68,92,0,92,160
11/22/2020,GYH,SC,ASO,ES,Federal Contract Tower,0,4,2,0,6,0,18,47,0,65,0,22,49,0,71,62,0,62,133
11/23/2020,GYH,SC,ASO,ES,Federal Contract Tower,0,12,0,0,12,0,26,16,16,58,0,38,16,16,70,6,4,10,80
11/24/2020,GYH,SC,ASO,ES,Federal Contract Tower,0,13,2,10,25,0,12,34,19,65,0,25,36,29,90,22,6,28,118
11/25/2020,GYH,SC,ASO,ES,Federal Contract Tower,0,29,0,0,29,0,4,3,0,7,0,33,3,0,36,10,0,10,46
11/26/2020,GYH,SC,ASO,ES,Federal Contract Tower,0,2,0,0,2,0,27,2,0,29,0,29,2,0,31,0,0,0,31
11/27/2020,GYH,SC,ASO,ES,Federal Contract Tower,0,5,2,0,7,0,14,29,0,43,0,19,31,0,50,34,0,34,84
11/28/2020,GYH,SC,ASO,ES,Federal Contract Tower,0,2,0,0,2,0,2,21,0,23,0,4,21,0,25,34,0,34,59
11/29/2020,GYH,SC,ASO,ES,Federal Contract Tower,0,7,2,0,9,0,8,8,0,16,0,15,10,0,25,4,0,4,29
11/30/2020,GYH,SC,ASO,ES,Federal Contract Tower,0,14,1,0,15,0,14,1,0,15,0,28,2,0,30,0,0,0,30
12/01/2020,GYH,SC,ASO,ES,Federal Contract Tower,0,7,2,0,9,0,25,30,15,70,0,32,32,15,79,42,8,50,129
12/02/2020,GYH,SC,ASO,ES,Federal Contract Tower,0,4,0,5,9,0,12,32,34,78,0,16,32,39,87,82,22,104,191
12/03/2020,GYH,SC,ASO,ES,Federal Contract Tower,0,15,4,1,20,0,12,41,23,76,0,27,45,24,96,60,10,70,166
12/04/2020,GYH,SC,ASO,ES,Federal Contract Tower,0,6,2,1,9,0,2,0,0,2,0,8,2,1,11,0,0,0,11
12/05/2020,GYH,SC,ASO,ES,Federal Contract Tower,0,6,0,1,7,0,0,50,8,58,0,6,50,9,65,56,14,70,135
12/06/2020,GYH,SC,ASO,ES,Federal Contract Tower,0,6,0,0,6,0,1,19,4,24,0,7,19,4,30,30,0,30,60
12/07/2020,GYH,SC,ASO,ES,Federal Contract Tower,0,6,5,1,12,0,17,2,3,22,0,23,7,4,34,2,6,8,42
12/08/2020,GYH,SC,ASO,ES,Federal Contract Tower,0,12,4,1,17,0,29,50,12,91,0,41,54,13,108,96,2,98,206
12/09/2020,GYH,SC,ASO,ES,Federal Contract Tower,0,19,2,8,29,0,23,48,10,81,0,42,50,18,110,118,0,118,228
12/10/2020,GYH,SC,ASO,ES,Federal Contract Tower,0,8,0,4,12,0,8,7,37,52,0,16,7,41,64,18,0,18,82
12/11/2020,GYH,SC,ASO,ES,Federal Contract Tower,0,8,2,1,11,0,20,60,0,80,0,28,62,1,91,80,0,80,171
12/12/2020,GYH,SC,ASO,ES,Federal Contract Tower,0,5,0,0,5,0,16,30,0,46,0,21,30,0,51,62,0,62,113
12/13/2020,GYH,SC,ASO,ES,Federal Contract Tower,0,10,0,0,10,0,8,31,0,39,0,18,31,0,49,34,0,34,83
12/14/2020,GYH,SC,ASO,ES,Federal Contract Tower,0,7,3,1,11,0,20,3,0,23,0,27,6,1,34,0,0,0,34
12/15/2020,GYH,SC,ASO,ES,Federal Contract Tower,0,16,0,10,26,0,31,34,25,90,0,47,34,35,116,42,14,56,172
12/16/2020,GYH,SC,ASO,ES,Federal Contract Tower,0,12,2,0,14,0,0,0,0,0,0,12,2,0,14,0,0,0,14
12/17/2020,GYH,SC,ASO,ES,Federal Contract Tower,0,12,0,8,20,0,7,54,41,102,0,19,54,49,122,104,0,104,226
12/18/2020,GYH,SC,ASO,ES,Federal Contract Tower,0,11,2,1,14,0,6,58,9,73,0,17,60,10,87,92,2,94,181
12/19/2020,GYH,SC,ASO,ES,Federal Contract Tower,0,11,7,0,18,0,20,48,0,68,0,31,55,0,86,84,0,84,170
12/20/2020,GYH,SC,ASO,ES,Federal Contract Tower,0,4,2,1,7,0,2,1,0,3,0,6,3,1,10,0,0,0,10
12/21/2020,GYH,SC,ASO,ES,Federal Contract Tower,0,10,0,7,17,0,9,35,2,46,0,19,35,9,63,34,0,34,97
12/22/2020,GYH,SC,ASO,ES,Federal Contract Tower,0,6,2,5,13,0,29,80,8,117,0,35,82,13,130,104,2,106,236
12/23/2020,GYH,SC,ASO,ES,Federal Contract Tower,0,6,2,0,8,0,10,61,0,71,0,16,63,0,79,104,0,104,183
12/24/2020,GYH,SC,ASO,ES,Federal Contract Tower,0,3,0,0,3,0,0,0,0,0,0,3,0,0,3,0,0,0,3
12/25/2020,GYH,SC,ASO,ES,Federal Contract Tower,0,1,0,0,1,0,0,3,0,3,0,1,3,0,4,0,0,0,4
12/26/2020,GYH,SC,ASO,ES,Federal Contract Tower,0,5,0,0,5,0,6,35,0,41,0,11,35,0,46,38,0,38,84
12/27/2020,GYH,SC,ASO,ES,Federal Contract Tower,0,3,0,0,3,0,14,33,0,47,0,17,33,0,50,42,0,42,92
12/28/2020,GYH,SC,ASO,ES,Federal Contract Tower,0,6,2,2,10,0,8,38,0,46,0,14,40,2,56,46,0,46,102
12/29/2020,GYH,SC,ASO,ES,Federal Contract Tower,0,7,2,0,9,0,13,78,0,91,0,20,80,0,100,74,0,74,174
12/30/2020,GYH,SC,ASO,ES,Federal Contract Tower,0,11,6,0,17,0,7,13,0,20,0,18,19,0,37,40,0,40,77
12/31/2020,GYH,SC,ASO,ES,Federal Contract Tower,0,4,0,0,4,0,0,0,0,0,0,4,0,0,4,0,0,0,4
01/01/2021,GYH,SC,ASO,ES,Federal Contract Tower,0,0,0,0,0,0,0,0,0,0,0,0,0,0,0,0,0,0,0
01/02/2021,GYH,SC,ASO,ES,Federal Contract Tower,0,1,0,0,1,0,2,17,0,19,0,3,17,0,20,22,0,22,42
01/03/2021,GYH,SC,ASO,ES,Federal Contract Tower,0,7,1,0,8,23,14,0,0,37,23,21,1,0,45,6,0,6,51
01/04/2021,GYH,SC,ASO,ES,Federal Contract Tower,0,9,2,3,14,0,16,46,1,63,0,25,48,4,77,68,0,68,145
01/05/2021,GYH,SC,ASO,ES,Federal Contract Tower,0,10,0,3,13,0,22,44,7,73,0,32,44,10,86,62,0,62,148
01/06/2021,GYH,SC,ASO,ES,Federal Contract Tower,0,10,3,3,16,0,19,67,23,109,0,29,70,26,125,80,0,80,205
01/07/2021,GYH,SC,ASO,ES,Federal Contract Tower,0,12,0,2,14,0,22,43,7,72,0,34,43,9,86,64,6,70,156
01/08/2021,GYH,SC,ASO,ES,Federal Contract Tower,0,7,0,2,9,0,0,0,0,0,0,7,0,2,9,0,0,0,9
01/09/2021,GYH,SC,ASO,ES,Federal Contract Tower,0,6,1,1,8,0,8,52,5,65,0,14,53,6,73,48,0,48,121
01/10/2021,GYH,SC,ASO,ES,Federal Contract Tower,0,1,2,2,5,0,7,25,4,36,0,8,27,6,41,24,0,24,65
01/11/2021,GYH,SC,ASO,ES,Federal Contract Tower,0,10,2,2,14,0,0,15,1,16,0,10,17,3,30,24,0,24,54
01/12/2021,GYH,SC,ASO,ES,Federal Contract Tower,0,13,7,11,31,0,12,31,13,56,0,25,38,24,87,58,6,64,151
01/13/2021,GYH,SC,ASO,ES,Federal Contract Tower,0,9,2,4,15,0,8,30,10,48,0,17,32,14,63,48,0,48,111
01/14/2021,GYH,SC,ASO,ES,Federal Contract Tower,0,15,0,0,15,0,20,25,1,46,0,35,25,1,61,34,0,34,95
01/15/2021,GYH,SC,ASO,ES,Federal Contract Tower,0,8,2,2,12,0,4,13,0,17,0,12,15,2,29,8,0,8,37
01/16/2021,GYH,SC,ASO,ES,Federal Contract Tower,0,6,0,0,6,0,10,33,0,43,0,16,33,0,49,20,0,20,69
01/17/2021,GYH,SC,ASO,ES,Federal Contract Tower,0,4,3,0,7,0,16,37,0,53,0,20,40,0,60,46,0,46,106
01/18/2021,GYH,SC,ASO,ES,Federal Contract Tower,0,11,4,0,15,0,4,29,0,33,0,15,33,0,48,34,0,34,82
01/19/2021,GYH,SC,ASO,ES,Federal Contract Tower,0,6,1,0,7,0,28,47,5,80,0,34,48,5,87,74,0,74,161
01/20/2021,GYH,SC,ASO,ES,Federal Contract Tower,0,4,0,4,8,0,18,46,11,75,0,22,46,15,83,94,0,94,177
01/21/2021,GYH,SC,ASO,ES,Federal Contract Tower,0,19,0,0,19,0,0,38,14,52,0,19,38,14,71,54,0,54,125
01/22/2021,GYH,SC,ASO,ES,Federal Contract Tower,0,15,4,7,26,0,10,55,34,99,0,25,59,41,125,102,16,118,243
01/23/2021,GYH,SC,ASO,ES,Federal Contract Tower,0,7,2,0,9,0,18,66,0,84,0,25,68,0,93,104,0,104,197
01/24/2021,GYH,SC,ASO,ES,Federal Contract Tower,0,5,1,9,15,0,11,37,6,54,0,16,38,15,69,52,0,52,121
01/25/2021,GYH,SC,ASO,ES,Federal Contract Tower,0,11,2,0,13,0,0,0,0,0,0,11,2,0,13,0,0,0,13
01/26/2021,GYH,SC,ASO,ES,Federal Contract Tower,0,9,1,5,15,0,6,10,33,49,0,15,11,38,64,26,28,54,118
01/27/2021,GYH,SC,ASO,ES,Federal Contract Tower,0,10,0,9,19,0,9,4,19,32,0,19,4,28,51,6,6,12,63
01/28/2021,GYH,SC,ASO,ES,Federal Contract Tower,0,16,5,8,29,0,7,47,18,72,0,23,52,26,101,62,2,64,165
01/29/2021,GYH,SC,ASO,ES,Federal Contract Tower,0,8,8,0,16,0,17,77,1,95,0,25,85,1,111,136,0,136,247
01/30/2021,GYH,SC,ASO,ES,Federal Contract Tower,0,2,0,1,3,0,16,53,4,73,0,18,53,5,76,98,0,98,174
01/31/2021,GYH,SC,ASO,ES,Federal Contract Tower,0,4,0,0,4,0,0,0,0,0,0,4,0,0,4,0,0,0,4
02/01/2021,GYH,SC,ASO,ES,Federal Contract Tower,0,6,0,5,11,0,12,24,6,42,0,18,24,11,53,46,0,46,99
02/02/2021,GYH,SC,ASO,ES,Federal Contract Tower,0,11,3,1,15,0,9,12,6,27,0,20,15,7,42,8,4,12,54
02/03/2021,GYH,SC,ASO,ES,Federal Contract Tower,0,17,1,2,20,0,16,26,33,75,0,33,27,35,95,52,42,94,189
02/04/2021,GYH,SC,ASO,ES,Federal Contract Tower,0,6,2,2,10,0,5,44,13,62,0,11,46,15,72,64,6,70,142
02/05/2021,GYH,SC,ASO,ES,Federal Contract Tower,0,14,0,5,19,0,0,36,7,43,0,14,36,12,62,48,8,56,118
02/06/2021,GYH,SC,ASO,ES,Federal Contract Tower,0,3,4,0,7,0,18,82,4,104,0,21,86,4,111,130,0,130,241
02/07/2021,GYH,SC,ASO,ES,Federal Contract Tower,0,3,0,0,3,0,4,28,0,32,0,7,28,0,35,40,0,40,75
02/08/2021,GYH,SC,ASO,ES,Federal Contract Tower,0,5,5,6,16,0,16,49,17,82,0,21,54,23,98,78,2,80,178
02/09/2021,GYH,SC,ASO,ES,Federal Contract Tower,0,6,5,1,12,0,12,36,25,73,0,18,41,26,85,60,22,82,167
02/10/2021,GYH,SC,ASO,ES,Federal Contract Tower,0,11,8,6,25,0,0,40,9,49,0,11,48,15,74,64,0,64,138
02/11/2021,GYH,SC,ASO,ES,Federal Contract Tower,0,4,3,2,9,0,0,0,0,0,0,4,3,2,9,0,0,0,9
02/12/2021,GYH,SC,ASO,ES,Federal Contract Tower,0,10,0,0,10,0,0,0,0,0,0,10,0,0,10,0,0,0,10
02/13/2021,GYH,SC,ASO,ES,Federal Contract Tower,0,1,0,0,1,0,0,0,0,0,0,1,0,0,1,0,0,0,1
02/14/2021,GYH,SC,ASO,ES,Federal Contract Tower,0,4,2,2,8,0,0,0,0,0,0,4,2,2,8,0,0,0,8
02/15/2021,GYH,SC,ASO,ES,Federal Contract Tower,0,2,0,0,2,0,0,0,0,0,0,2,0,0,2,0,0,0,2
02/16/2021,GYH,SC,ASO,ES,Federal Contract Tower,0,7,0,4,11,0,19,10,17,46,0,26,10,21,57,8,4,12,69
02/17/2021,GYH,SC,ASO,ES,Federal Contract Tower,0,17,1,0,18,0,33,82,2,117,0,50,83,2,135,108,0,108,243
02/18/2021,GYH,SC,ASO,ES,Federal Contract Tower,0,8,0,2,10,0,0,0,0,0,0,8,0,2,10,0,0,0,10
02/19/2021,GYH,SC,ASO,ES,Federal Contract Tower,0,16,2,0,18,0,21,81,10,112,0,37,83,10,130,128,0,128,258
02/20/2021,GYH,SC,ASO,ES,Federal Contract Tower,0,3,3,0,6,0,10,84,2,96,0,13,87,2,102,128,0,128,230
02/21/2021,GYH,SC,ASO,ES,Federal Contract Tower,0,12,4,0,16,0,8,34,0,42,0,20,38,0,58,20,0,20,78
02/22/2021,GYH,SC,ASO,ES,Federal Contract Tower,0,13,5,0,18,0,2,11,0,13,0,15,16,0,31,24,0,24,55
02/23/2021,GYH,SC,ASO,ES,Federal Contract Tower,0,13,3,4,20,0,22,73,30,125,0,35,76,34,145,98,36,134,279
02/24/2021,GYH,SC,ASO,ES,Federal Contract Tower,0,8,1,4,13,0,28,47,18,93,0,36,48,22,106,96,0,96,202
02/25/2021,GYH,SC,ASO,ES,Federal Contract Tower,0,8,5,9,22,0,31,74,18,123,0,39,79,27,145,112,0,112,257
02/26/2021,GYH,SC,ASO,ES,Federal Contract Tower,0,25,1,2,28,0,0,0,1,1,0,25,1,3,29,0,0,0,29
02/27/2021,GYH,SC,ASO,ES,Federal Contract Tower,0,7,6,0,13,0,6,31,0,37,0,13,37,0,50,48,0,48,98
02/28/2021,GYH,SC,ASO,ES,Federal Contract Tower,0,13,3,0,16,0,1,5,4,10,0,14,8,4,26,2,0,2,28
03/01/2021,GYH,SC,ASO,ES,Federal Contract Tower,0,7,0,8,15,0,4,2,7,13,0,11,2,15,28,0,10,10,38
03/02/2021,GYH,SC,ASO,ES,Federal Contract Tower,0,14,9,0,23,0,15,64,15,94,0,29,73,15,117,98,2,100,217
03/03/2021,GYH,SC,ASO,ES,Federal Contract Tower,0,17,2,6,25,0,12,38,19,69,0,29,40,25,94,72,0,72,166
03/04/2021,GYH,SC,ASO,ES,Federal Contract Tower,0,14,2,1,17,0,7,37,24,68,0,21,39,25,85,50,8,58,143
03/05/2021,GYH,SC,ASO,ES,Federal Contract Tower,0,19,3,1,23,0,13,49,2,64,0,32,52,3,87,70,0,70,157
03/06/2021,GYH,SC,ASO,ES,Federal Contract Tower,0,8,1,0,9,0,6,48,6,60,0,14,49,6,69,66,0,66,135
03/07/2021,GYH,SC,ASO,ES,Federal Contract Tower,0,11,2,0,13,0,16,18,2,36,0,27,20,2,49,20,2,22,71
03/08/2021,GYH,SC,ASO,ES,Federal Contract Tower,0,14,0,2,16,0,28,48,0,76,0,42,48,2,92,74,0,74,166
03/09/2021,GYH,SC,ASO,ES,Federal Contract Tower,0,9,1,6,16,0,8,49,31,88,0,17,50,37,104,76,4,80,184
03/10/2021,GYH,SC,ASO,ES,Federal Contract Tower,0,10,1,2,13,0,28,58,2,88,0,38,59,4,101,94,0,94,195
03/11/2021,GYH,SC,ASO,ES,Federal Contract Tower,0,13,2,4,19,0,37,31,23,91,0,50,33,27,110,50,0,50,160
03/12/2021,GYH,SC,ASO,ES,Federal Contract Tower,0,17,5,13,35,0,28,59,8,95,0,45,64,21,130,74,4,78,208
03/13/2021,GYH,SC,ASO,ES,Federal Contract Tower,0,5,0,0,5,0,16,53,0,69,0,21,53,0,74,82,0,82,156
03/14/2021,GYH,SC,ASO,ES,Federal Contract Tower,0,8,6,7,21,0,18,45,1,64,0,26,51,8,85,68,0,68,153
03/15/2021,GYH,SC,ASO,ES,Federal Contract Tower,0,14,0,1,15,0,5,28,16,49,0,19,28,17,64,42,0,42,106
03/16/2021,GYH,SC,ASO,ES,Federal Contract Tower,0,23,2,0,25,0,0,0,0,0,0,23,2,0,25,0,0,0,25
03/17/2021,GYH,SC,ASO,ES,Federal Contract Tower,0,10,0,2,12,0,0,0,0,0,0,10,0,2,12,0,0,0,12
03/18/2021,GYH,SC,ASO,ES,Federal Contract Tower,0,7,0,1,8,0,16,2,0,18,0,23,2,1,26,0,0,0,26
03/19/2021,GYH,SC,ASO,ES,Federal Contract Tower,0,15,0,3,18,0,29,32,4,65,0,44,32,7,83,42,2,44,127
03/20/2021,GYH,SC,ASO,ES,Federal Contract Tower,0,5,2,0,7,0,8,19,0,27,0,13,21,0,34,32,0,32,66
03/21/2021,GYH,SC,ASO,ES,Federal Contract Tower,0,5,2,0,7,0,28,14,2,44,0,33,16,2,51,18,2,20,71
03/22/2021,GYH,SC,ASO,ES,Federal Contract Tower,0,13,6,3,22,0,18,34,0,52,0,31,40,3,74,56,0,56,130
03/23/2021,GYH,SC,ASO,ES,Federal Contract Tower,0,10,6,0,16,0,13,53,9,75,0,23,59,9,91,96,2,98,189
03/24/2021,GYH,SC,ASO,ES,Federal Contract Tower,0,24,3,6,33,0,12,10,2,24,0,36,13,8,57,16,0,16,73
03/25/2021,GYH,SC,ASO,ES,Federal Contract Tower,0,10,1,2,13,0,0,0,0,0,0,10,1,2,13,0,0,0,13
03/26/2021,GYH,SC,ASO,ES,Federal Contract Tower,0,11,1,0,12,0,16,20,0,36,0,27,21,0,48,18,0,18,66
03/27/2021,GYH,SC,ASO,ES,Federal Contract Tower,0,5,0,0,5,0,20,41,1,62,0,25,41,1,67,104,0,104,171
03/28/2021,GYH,SC,ASO,ES,Federal Contract Tower,0,11,1,1,13,0,6,2,0,8,0,17,3,1,21,0,0,0,21
03/29/2021,GYH,SC,ASO,ES,Federal Contract Tower,0,11,3,0,14,0,9,72,5,86,0,20,75,5,100,86,0,86,186
03/30/2021,GYH,SC,ASO,ES,Federal Contract Tower,0,11,2,4,17,0,20,60,16,96,0,31,62,20,113,76,0,76,189
03/31/2021,GYH,SC,ASO,ES,Federal Contract Tower,0,12,0,6,18,0,0,0,0,0,0,12,0,6,18,0,0,0,18
04/01/2021,GYH,SC,ASO,ES,Federal Contract Tower,0,11,1,3,15,0,30,26,8,64,0,41,27,11,79,30,0,30,109
04/02/2021,GYH,SC,ASO,ES,Federal Contract Tower,0,28,6,2,36,0,24,36,5,65,0,52,42,7,101,28,0,28,129
04/03/2021,GYH,SC,ASO,ES,Federal Contract Tower,0,1,2,0,3,0,24,33,0,57,0,25,35,0,60,62,0,62,122
04/04/2021,GYH,SC,ASO,ES,Federal Contract Tower,0,7,2,0,9,0,16,25,0,41,0,23,27,0,50,14,0,14,64
04/05/2021,GYH,SC,ASO,ES,Federal Contract Tower,0,7,2,3,12,0,58,56,0,114,0,65,58,3,126,62,0,62,188
04/06/2021,GYH,SC,ASO,ES,Federal Contract Tower,0,8,2,1,11,0,30,38,7,75,0,38,40,8,86,48,0,48,134
04/07/2021,GYH,SC,ASO,ES,Federal Contract Tower,0,6,0,0,6,0,30,37,7,74,0,36,37,7,80,74,0,74,154
04/08/2021,GYH,SC,ASO,ES,Federal Contract Tower,0,19,0,0,19,0,15,71,7,93,0,34,71,7,112,76,0,76,188
04/09/2021,GYH,SC,ASO,ES,Federal Contract Tower,0,11,5,2,18,0,19,15,2,36,0,30,20,4,54,24,0,24,78
04/10/2021,GYH,SC,ASO,ES,Federal Contract Tower,0,1,0,0,1,0,0,4,0,4,0,1,4,0,5,6,0,6,11
04/11/2021,GYH,SC,ASO,ES,Federal Contract Tower,0,2,1,0,3,0,15,13,0,28,0,17,14,0,31,12,0,12,43
04/12/2021,GYH,SC,ASO,ES,Federal Contract Tower,0,9,0,1,10,0,18,34,4,56,0,27,34,5,66,40,0,40,106
04/13/2021,GYH,SC,ASO,ES,Federal Contract Tower,0,17,5,0,22,0,12,80,15,107,0,29,85,15,129,120,4,124,253
04/14/2021,GYH,SC,ASO,ES,Federal Contract Tower,0,12,0,0,12,0,21,27,11,59,0,33,27,11,71,34,0,34,105
04/15/2021,GYH,SC,ASO,ES,Federal Contract Tower,0,9,0,1,10,0,16,17,0,33,0,25,17,1,43,36,0,36,79
04/16/2021,GYH,SC,ASO,ES,Federal Contract Tower,0,12,3,0,15,0,25,59,10,94,0,37,62,10,109,80,0,80,189
04/17/2021,GYH,SC,ASO,ES,Federal Contract Tower,0,4,2,0,6,0,26,42,9,77,0,30,44,9,83,50,0,50,133
04/18/2021,GYH,SC,ASO,ES,Federal Contract Tower,0,5,4,0,9,0,34,38,3,75,0,39,42,3,84,42,0,42,126
04/19/2021,GYH,SC,ASO,ES,Federal Contract Tower,0,13,2,6,21,0,28,57,0,85,0,41,59,6,106,56,0,56,162
04/20/2021,GYH,SC,ASO,ES,Federal Contract Tower,0,9,0,0,9,0,32,11,13,56,0,41,11,13,65,4,18,22,87
04/21/2021,GYH,SC,ASO,ES,Federal Contract Tower,0,8,2,1,11,0,3,20,12,35,0,11,22,13,46,2,4,6,52
04/22/2021,GYH,SC,ASO,ES,Federal Contract Tower,0,13,2,0,15,0,12,48,14,74,0,25,50,14,89,66,2,68,157
04/23/2021,GYH,SC,ASO,ES,Federal Contract Tower,0,14,5,0,19,0,35,67,0,102,0,49,72,0,121,70,0,70,191
04/24/2021,GYH,SC,ASO,ES,Federal Contract Tower,0,2,0,0,2,0,0,0,0,0,0,2,0,0,2,0,0,0,2
04/25/2021,GYH,SC,ASO,ES,Federal Contract Tower,0,5,6,0,11,0,24,14,0,38,0,29,20,0,49,10,0,10,59
04/26/2021,GYH,SC,ASO,ES,Federal Contract Tower,0,14,2,0,16,0,5,52,1,58,0,19,54,1,74,50,0,50,124
04/27/2021,GYH,SC,ASO,ES,Federal Contract Tower,0,7,1,3,11,0,7,49,7,63,0,14,50,10,74,78,2,80,154
04/28/2021,GYH,SC,ASO,ES,Federal Contract Tower,0,12,0,8,20,0,28,47,13,88,0,40,47,21,108,92,6,98,206
04/29/2021,GYH,SC,ASO,ES,Federal Contract Tower,0,14,1,3,18,0,24,13,17,54,0,38,14,20,72,24,0,24,96
04/30/2021,GYH,SC,ASO,ES,Federal Contract Tower,0,19,3,2,24,0,16,62,2,80,0,35,65,4,104,78,0,78,182
05/01/2021,GYH,SC,ASO,ES,Federal Contract Tower,0,13,0,0,13,0,19,71,0,90,0,32,71,0,103,106,0,106,209
05/02/2021,GYH,SC,ASO,ES,Federal Contract Tower,0,12,4,0,16,0,26,25,0,51,0,38,29,0,67,36,0,36,103
05/03/2021,GYH,SC,ASO,ES,Federal Contract Tower,0,8,3,1,12,0,1,3,0,4,0,9,6,1,16,0,0,0,16
05/04/2021,GYH,SC,ASO,ES,Federal Contract Tower,0,5,0,8,13,0,4,1,26,31,0,9,1,34,44,0,34,34,78
05/05/2021,GYH,SC,ASO,ES,Federal Contract Tower,0,15,2,2,19,0,29,26,18,73,0,44,28,20,92,24,22,46,138
05/06/2021,GYH,SC,ASO,ES,Federal Contract Tower,0,15,3,5,23,0,14,57,19,90,0,29,60,24,113,76,18,94,207
05/07/2021,GYH,SC,ASO,ES,Federal Contract Tower,0,13,3,1,17,0,30,21,2,53,0,43,24,3,70,20,0,20,90
05/08/2021,GYH,SC,ASO,ES,Federal Contract Tower,0,5,2,0,7,0,16,32,2,50,0,21,34,2,57,34,2,36,93
05/09/2021,GYH,SC,ASO,ES,Federal Contract Tower,0,8,1,0,9,0,40,28,0,68,0,48,29,0,77,36,0,36,113
05/10/2021,GYH,SC,ASO,ES,Federal Contract Tower,0,17,0,4,21,0,28,15,12,55,0,45,15,16,76,0,0,0,76
05/11/2021,GYH,SC,ASO,ES,Federal Contract Tower,0,23,2,1,26,0,18,26,6,50,0,41,28,7,76,38,2,40,116
05/12/2021,GYH,SC,ASO,ES,Federal Contract Tower,0,19,0,0,19,0,0,0,0,0,0,19,0,0,19,0,0,0,19
05/13/2021,GYH,SC,ASO,ES,Federal Contract Tower,0,5,1,2,8,0,33,32,8,73,0,38,33,10,81,52,0,52,133
05/14/2021,GYH,SC,ASO,ES,Federal Contract Tower,0,13,5,5,23,0,16,67,6,89,0,29,72,11,112,96,0,96,208
05/15/2021,GYH,SC,ASO,ES,Federal Contract Tower,0,8,2,0,10,0,20,64,0,84,0,28,66,0,94,78,0,78,172
05/16/2021,GYH,SC,ASO,ES,Federal Contract Tower,0,6,1,5,12,0,8,31,0,39,0,14,32,5,51,40,0,40,91
05/17/2021,GYH,SC,ASO,ES,Federal Contract Tower,0,13,1,1,15,0,17,19,3,39,0,30,20,4,54,14,0,14,68
05/18/2021,GYH,SC,ASO,ES,Federal Contract Tower,0,6,3,4,13,0,4,51,11,66,0,10,54,15,79,68,0,68,147
05/19/2021,GYH,SC,ASO,ES,Federal Contract Tower,0,12,3,0,15,0,27,52,13,92,0,39,55,13,107,78,0,78,185
05/20/2021,GYH,SC,ASO,ES,Federal Contract Tower,0,16,3,1,20,0,18,62,6,86,0,34,65,7,106,78,0,78,184
05/21/2021,GYH,SC,ASO,ES,Federal Contract Tower,0,11,1,1,13,0,37,52,0,89,0,48,53,1,102,76,0,76,178
05/22/2021,GYH,SC,ASO,ES,Federal Contract Tower,0,8,3,1,12,0,14,24,0,38,0,22,27,1,50,26,0,26,76
05/23/2021,GYH,SC,ASO,ES,Federal Contract Tower,0,16,1,1,18,0,22,27,0,49,0,38,28,1,67,26,0,26,93
05/24/2021,GYH,SC,ASO,ES,Federal Contract Tower,0,15,1,2,18,0,48,36,5,89,0,63,37,7,107,58,0,58,165
05/25/2021,GYH,SC,ASO,ES,Federal Contract Tower,0,6,1,0,7,0,55,29,4,88,0,61,30,4,95,38,0,38,133
05/26/2021,GYH,SC,ASO,ES,Federal Contract Tower,0,16,0,2,18,0,39,33,15,87,0,55,33,17,105,28,0,28,133
05/27/2021,GYH,SC,ASO,ES,Federal Contract Tower,0,19,2,3,24,0,24,71,7,102,0,43,73,10,126,78,0,78,204
05/28/2021,GYH,SC,ASO,ES,Federal Contract Tower,0,8,1,3,12,0,4,28,2,34,0,12,29,5,46,24,4,28,74
05/29/2021,GYH,SC,ASO,ES,Federal Contract Tower,0,13,2,0,15,0,20,29,0,49,0,33,31,0,64,38,0,38,102
05/30/2021,GYH,SC,ASO,ES,Federal Contract Tower,0,2,2,0,4,0,16,25,0,41,0,18,27,0,45,22,0,22,67
05/31/2021,GYH,SC,ASO,ES,Federal Contract Tower,0,5,8,0,13,0,14,47,0,61,0,19,55,0,74,56,0,56,130
06/01/2021,GYH,SC,ASO,ES,Federal Contract Tower,0,12,4,2,18,0,28,72,8,108,0,40,76,10,126,96,0,96,222
06/02/2021,GYH,SC,ASO,ES,Federal Contract Tower,0,15,0,0,15,0,18,93,10,121,0,33,93,10,136,102,0,102,238
06/03/2021,GYH,SC,ASO,ES,Federal Contract Tower,0,6,0,10,16,0,20,16,10,46,0,26,16,20,62,8,0,8,70
06/04/2021,GYH,SC,ASO,ES,Federal Contract Tower,0,14,3,10,27,0,37,31,4,72,0,51,34,14,99,38,0,38,137
06/05/2021,GYH,SC,ASO,ES,Federal Contract Tower,0,10,2,0,12,0,6,56,10,72,0,16,58,10,84,88,0,88,172
06/06/2021,GYH,SC,ASO,ES,Federal Contract Tower,0,6,0,1,7,0,12,11,0,23,0,18,11,1,30,16,0,16,46
06/07/2021,GYH,SC,ASO,ES,Federal Contract Tower,0,10,3,0,13,0,0,1,0,1,0,10,4,0,14,0,0,0,14
06/08/2021,GYH,SC,ASO,ES,Federal Contract Tower,0,10,5,0,15,0,0,15,7,22,0,10,20,7,37,12,2,14,51
06/09/2021,GYH,SC,ASO,ES,Federal Contract Tower,0,5,0,7,12,0,4,56,17,77,0,9,56,24,89,120,4,124,213
06/10/2021,GYH,SC,ASO,ES,Federal Contract Tower,0,11,3,5,19,0,31,14,6,51,0,42,17,11,70,24,0,24,94
06/11/2021,GYH,SC,ASO,ES,Federal Contract Tower,0,9,3,3,15,0,10,33,4,47,0,19,36,7,62,48,0,48,110
06/12/2021,GYH,SC,ASO,ES,Federal Contract Tower,0,2,0,0,2,0,0,37,0,37,0,2,37,0,39,38,0,38,77
06/13/2021,GYH,SC,ASO,ES,Federal Contract Tower,0,6,1,0,7,0,26,20,0,46,0,32,21,0,53,18,0,18,71
06/14/2021,GYH,SC,ASO,ES,Federal Contract Tower,0,16,2,2,20,0,20,18,0,38,0,36,20,2,58,18,0,18,76
06/15/2021,GYH,SC,ASO,ES,Federal Contract Tower,0,13,0,9,22,0,14,41,7,62,0,27,41,16,84,38,0,38,122
06/16/2021,GYH,SC,ASO,ES,Federal Contract Tower,0,11,1,1,13,0,35,23,14,72,0,46,24,15,85,38,0,38,123
06/17/2021,GYH,SC,ASO,ES,Federal Contract Tower,0,14,5,5,24,0,21,24,15,60,0,35,29,20,84,28,6,34,118
06/18/2021,GYH,SC,ASO,ES,Federal Contract Tower,0,3,0,1,4,0,33,56,2,91,0,36,56,3,95,72,0,72,167
06/19/2021,GYH,SC,ASO,ES,Federal Contract Tower,0,9,5,0,14,0,4,37,0,41,0,13,42,0,55,34,0,34,89
06/20/2021,GYH,SC,ASO,ES,Federal Contract Tower,0,3,0,0,3,0,4,0,0,4,0,7,0,0,7,0,0,0,7
06/21/2021,GYH,SC,ASO,ES,Federal Contract Tower,0,9,1,5,15,0,36,34,6,76,0,45,35,11,91,40,0,40,131
06/22/2021,GYH,SC,ASO,ES,Federal Contract Tower,0,13,0,3,16,0,18,26,15,59,0,31,26,18,75,58,2,60,135
06/23/2021,GYH,SC,ASO,ES,Federal Contract Tower,0,19,8,2,29,0,28,58,13,99,0,47,66,15,128,82,4,86,214
06/24/2021,GYH,SC,ASO,ES,Federal Contract Tower,0,23,1,3,27,0,18,106,9,133,0,41,107,12,160,132,0,132,292
06/25/2021,GYH,SC,ASO,ES,Federal Contract Tower,0,9,0,2,11,0,26,59,6,91,0,35,59,8,102,76,2,78,180
06/26/2021,GYH,SC,ASO,ES,Federal Contract Tower,0,8,3,0,11,0,14,36,0,50,0,22,39,0,61,40,0,40,101
06/27/2021,GYH,SC,ASO,ES,Federal Contract Tower,0,2,2,0,4,0,16,9,0,25,0,18,11,0,29,14,0,14,43
06/28/2021,GYH,SC,ASO,ES,Federal Contract Tower,0,29,2,1,32,0,33,47,2,82,0,62,49,3,114,76,0,76,190
06/29/2021,GYH,SC,ASO,ES,Federal Contract Tower,0,15,0,1,16,0,12,16,12,40,0,27,16,13,56,22,0,22,78
06/30/2021,GYH,SC,ASO,ES,Federal Contract Tower,0,16,3,1,20,0,27,47,20,94,0,43,50,21,114,74,0,74,188
07/01/2021,GYH,SC,ASO,ES,Federal Contract Tower,0,18,1,3,22,0,48,39,0,87,0,66,40,3,109,44,4,48,157
07/02/2021,GYH,SC,ASO,ES,Federal Contract Tower,0,8,4,0,12,0,20,4,2,26,0,28,8,2,38,8,0,8,46
07/03/2021,GYH,SC,ASO,ES,Federal Contract Tower,0,2,0,0,2,0,35,42,0,77,0,37,42,0,79,62,0,62,141
07/04/2021,GYH,SC,ASO,ES,Federal Contract Tower,0,2,3,0,5,0,18,15,0,33,0,20,18,0,38,14,0,14,52
07/05/2021,GYH,SC,ASO,ES,Federal Contract Tower,0,5,2,0,7,0,1,56,0,57,0,6,58,0,64,48,0,48,112
07/06/2021,GYH,SC,ASO,ES,Federal Contract Tower,0,13,4,3,20,0,23,21,5,49,0,36,25,8,69,18,0,18,87
07/07/2021,GYH,SC,ASO,ES,Federal Contract Tower,0,11,0,1,12,0,16,40,10,66,0,27,40,11,78,78,0,78,156
07/08/2021,GYH,SC,ASO,ES,Federal Contract Tower,0,6,0,2,8,0,12,24,10,46,0,18,24,12,54,44,0,44,98
07/09/2021,GYH,SC,ASO,ES,Federal Contract Tower,0,13,1,5,19,0,4,34,4,42,0,17,35,9,61,22,0,22,83
07/10/2021,GYH,SC,ASO,ES,Federal Contract Tower,0,2,1,0,3,0,10,63,4,77,0,12,64,4,80,72,0,72,152
07/11/2021,GYH,SC,ASO,ES,Federal Contract Tower,0,7,5,0,12,0,6,5,0,11,0,13,10,0,23,6,0,6,29
07/12/2021,GYH,SC,ASO,ES,Federal Contract Tower,0,14,5,5,24,0,10,39,4,53,0,24,44,9,77,46,0,46,123
07/13/2021,GYH,SC,ASO,ES,Federal Contract Tower,0,15,2,2,19,0,2,19,10,31,0,17,21,12,50,22,4,26,76
07/14/2021,GYH,SC,ASO,ES,Federal Contract Tower,0,5,3,2,10,0,12,98,12,122,0,17,101,14,132,116,2,118,250
07/15/2021,GYH,SC,ASO,ES,Federal Contract Tower,0,14,5,4,23,0,13,32,15,60,0,27,37,19,83,62,20,82,165
07/16/2021,GYH,SC,ASO,ES,Federal Contract Tower,0,14,6,7,27,0,33,48,1,82,0,47,54,8,109,80,0,80,189
07/17/2021,GYH,SC,ASO,ES,Federal Contract Tower,0,5,1,0,6,0,20,39,2,61,0,25,40,2,67,34,0,34,101
07/18/2021,GYH,SC,ASO,ES,Federal Contract Tower,0,4,4,0,8,0,19,18,2,39,0,23,22,2,47,16,0,16,63
07/19/2021,GYH,SC,ASO,ES,Federal Contract Tower,0,11,2,1,14,0,7,0,4,11,0,18,2,5,25,0,2,2,27
07/20/2021,GYH,SC,ASO,ES,Federal Contract Tower,0,7,6,3,16,0,5,7,13,25,0,12,13,16,41,10,0,10,51
07/21/2021,GYH,SC,ASO,ES,Federal Contract Tower,0,26,0,2,28,0,14,68,16,98,0,40,68,18,126,86,0,86,212
07/22/2021,GYH,SC,ASO,ES,Federal Contract Tower,0,17,4,2,23,0,41,56,14,111,0,58,60,16,134,58,0,58,192
07/23/2021,GYH,SC,ASO,ES,Federal Contract Tower,0,7,0,0,7,0,16,35,3,54,0,23,35,3,61,42,0,42,103
07/24/2021,GYH,SC,ASO,ES,Federal Contract Tower,0,10,4,0,14,0,15,22,0,37,0,25,26,0,51,16,0,16,67
07/25/2021,GYH,SC,ASO,ES,Federal Contract Tower,0,5,0,0,5,0,10,20,0,30,0,15,20,0,35,12,0,12,47
07/26/2021,GYH,SC,ASO,ES,Federal Contract Tower,0,9,4,4,17,0,21,20,6,47,0,30,24,10,64,14,10,24,88
07/27/2021,GYH,SC,ASO,ES,Federal Contract Tower,0,15,1,0,16,0,6,31,10,47,0,21,32,10,63,36,2,38,101
07/28/2021,GYH,SC,ASO,ES,Federal Contract Tower,0,27,1,3,31,0,23,40,14,77,0,50,41,17,108,42,0,42,150
07/29/2021,GYH,SC,ASO,ES,Federal Contract Tower,0,12,6,3,21,0,18,54,9,81,0,30,60,12,102,56,0,56,158
07/30/2021,GYH,SC,ASO,ES,Federal Contract Tower,0,19,4,2,25,0,15,46,2,63,0,34,50,4,88,62,0,62,150
07/31/2021,GYH,SC,ASO,ES,Federal Contract Tower,0,10,0,0,10,0,22,28,0,50,0,32,28,0,60,30,0,30,90
08/01/2021,GYH,SC,ASO,ES,Federal Contract Tower,0,11,2,1,14,0,31,36,0,67,0,42,38,1,81,30,0,30,111
08/02/2021,GYH,SC,ASO,ES,Federal Contract Tower,0,10,2,3,15,0,6,37,0,43,0,16,39,3,58,38,0,38,96
08/03/2021,GYH,SC,ASO,ES,Federal Contract Tower,0,19,1,1,21,0,5,10,8,23,0,24,11,9,44,16,0,16,60
08/04/2021,GYH,SC,ASO,ES,Federal Contract Tower,0,19,2,3,24,0,35,54,4,93,0,54,56,7,117,60,0,60,177
08/05/2021,GYH,SC,ASO,ES,Federal Contract Tower,0,12,7,3,22,0,16,32,4,52,0,28,39,7,74,44,0,44,118
08/06/2021,GYH,SC,ASO,ES,Federal Contract Tower,0,6,3,2,11,0,10,35,2,47,0,16,38,4,58,30,0,30,88
08/07/2021,GYH,SC,ASO,ES,Federal Contract Tower,0,3,0,0,3,0,14,31,0,45,0,17,31,0,48,32,0,32,80
08/08/2021,GYH,SC,ASO,ES,Federal Contract Tower,0,10,3,0,13,0,5,52,0,57,0,15,55,0,70,70,0,70,140
08/09/2021,GYH,SC,ASO,ES,Federal Contract Tower,0,19,0,4,23,0,21,36,0,57,0,40,36,4,80,30,0,30,110
08/10/2021,GYH,SC,ASO,ES,Federal Contract Tower,0,8,1,3,12,0,26,27,6,59,0,34,28,9,71,34,0,34,105
08/11/2021,GYH,SC,ASO,ES,Federal Contract Tower,0,23,3,3,29,0,16,21,10,47,0,39,24,13,76,20,2,22,98
08/12/2021,GYH,SC,ASO,ES,Federal Contract Tower,0,13,1,0,14,0,15,31,13,59,0,28,32,13,73,28,4,32,105
08/13/2021,GYH,SC,ASO,ES,Federal Contract Tower,0,13,1,0,14,0,23,56,4,83,0,36,57,4,97,62,0,62,159
08/14/2021,GYH,SC,ASO,ES,Federal Contract Tower,0,5,4,0,9,0,14,23,0,37,0,19,27,0,46,26,0,26,72
08/15/2021,GYH,SC,ASO,ES,Federal Contract Tower,0,5,3,1,9,0,2,17,0,19,0,7,20,1,28,12,0,12,40
08/16/2021,GYH,SC,ASO,ES,Federal Contract Tower,0,21,3,0,24,0,7,1,0,8,0,28,4,0,32,0,0,0,32
08/17/2021,GYH,SC,ASO,ES,Federal Contract Tower,0,4,3,5,12,0,0,1,0,1,0,4,4,5,13,0,0,0,13
08/18/2021,GYH,SC,ASO,ES,Federal Contract Tower,0,8,5,0,13,0,13,37,2,52,0,21,42,2,65,24,0,24,89
08/19/2021,GYH,SC,ASO,ES,Federal Contract Tower,0,15,8,5,28,0,14,40,1,55,0,29,48,6,83,58,0,58,141
08/20/2021,GYH,SC,ASO,ES,Federal Contract Tower,0,9,2,3,14,0,6,64,11,81,0,15,66,14,95,106,0,106,201
08/21/2021,GYH,SC,ASO,ES,Federal Contract Tower,0,7,2,1,10,0,4,40,0,44,0,11,42,1,54,50,0,50,104
08/22/2021,GYH,SC,ASO,ES,Federal Contract Tower,0,3,2,0,5,0,22,15,0,37,0,25,17,0,42,22,0,22,64
08/23/2021,GYH,SC,ASO,ES,Federal Contract Tower,0,8,3,0,11,0,12,53,0,65,0,20,56,0,76,58,0,58,134
08/24/2021,GYH,SC,ASO,ES,Federal Contract Tower,0,26,3,3,32,0,8,57,20,85,0,34,60,23,117,68,4,72,189
08/25/2021,GYH,SC,ASO,ES,Federal Contract Tower,0,11,10,2,23,0,12,60,4,76,0,23,70,6,99,84,2,86,185
08/26/2021,GYH,SC,ASO,ES,Federal Contract Tower,0,26,0,1,27,0,5,19,10,34,0,31,19,11,61,8,2,10,71
08/27/2021,GYH,SC,ASO,ES,Federal Contract Tower,0,13,9,1,23,0,28,54,11,93,0,41,63,12,116,56,0,56,172
08/28/2021,GYH,SC,ASO,ES,Federal Contract Tower,0,6,1,0,7,0,41,45,0,86,0,47,46,0,93,78,0,78,171
08/29/2021,GYH,SC,ASO,ES,Federal Contract Tower,0,5,4,0,9,0,21,29,0,50,0,26,33,0,59,26,0,26,85
08/30/2021,GYH,SC,ASO,ES,Federal Contract Tower,0,5,0,2,7,0,5,35,1,41,0,10,35,3,48,52,0,52,100
08/31/2021,GYH,SC,ASO,ES,Federal Contract Tower,0,6,2,0,8,0,5,18,15,38,0,11,20,15,46,16,14,30,76
09/01/2021,GYH,SC,ASO,ES,Federal Contract Tower,0,5,0,5,10,0,12,17,12,41,0,17,17,17,51,18,0,18,69
09/02/2021,GYH,SC,ASO,ES,Federal Contract Tower,0,23,1,7,31,0,27,51,14,92,0,50,52,21,123,64,0,64,187
09/03/2021,GYH,SC,ASO,ES,Federal Contract Tower,0,14,7,0,21,0,27,67,0,94,0,41,74,0,115,96,0,96,211
09/04/2021,GYH,SC,ASO,ES,Federal Contract Tower,0,0,3,0,3,0,24,29,0,53,0,24,32,0,56,20,0,20,76
09/05/2021,GYH,SC,ASO,ES,Federal Contract Tower,0,9,2,0,11,0,14,26,0,40,0,23,28,0,51,18,0,18,69
09/06/2021,GYH,SC,ASO,ES,Federal Contract Tower,0,9,2,0,11,0,17,22,0,39,0,26,24,0,50,24,0,24,74
09/07/2021,GYH,SC,ASO,ES,Federal Contract Tower,0,10,2,4,16,0,29,33,0,62,0,39,35,4,78,36,0,36,114
09/08/2021,GYH,SC,ASO,ES,Federal Contract Tower,0,12,2,5,19,0,20,43,2,65,0,32,45,7,84,76,0,76,160
09/09/2021,GYH,SC,ASO,ES,Federal Contract Tower,0,9,0,5,14,0,18,13,9,40,0,27,13,14,54,20,4,24,78
09/10/2021,GYH,SC,ASO,ES,Federal Contract Tower,0,7,1,2,10,0,6,57,4,67,0,13,58,6,77,52,8,60,137
09/11/2021,GYH,SC,ASO,ES,Federal Contract Tower,0,5,5,0,10,0,44,38,9,91,0,49,43,9,101,76,2,78,179
09/12/2021,GYH,SC,ASO,ES,Federal Contract Tower,0,15,2,0,17,0,52,43,1,96,0,67,45,1,113,62,0,62,175
09/13/2021,GYH,SC,ASO,ES,Federal Contract Tower,0,10,5,3,18,0,17,35,1,53,0,27,40,4,71,40,0,40,111
09/14/2021,GYH,SC,ASO,ES,Federal Contract Tower,0,10,5,8,23,0,52,27,10,89,0,62,32,18,112,30,0,30,142
09/15/2021,GYH,SC,ASO,ES,Federal Contract Tower,0,10,1,0,11,0,22,24,5,51,0,32,25,5,62,46,0,46,108
09/16/2021,GYH,SC,ASO,ES,Federal Contract Tower,0,10,2,1,13,0,2,0,0,2,0,12,2,1,15,0,0,0,15
09/17/2021,GYH,SC,ASO,ES,Federal Contract Tower,0,17,10,0,27,0,10,23,4,37,0,27,33,4,64,26,0,26,90
09/18/2021,GYH,SC,ASO,ES,Federal Contract Tower,0,12,1,0,13,0,16,32,0,48,0,28,33,0,61,48,0,48,109
09/19/2021,GYH,SC,ASO,ES,Federal Contract Tower,0,13,3,0,16,0,24,29,0,53,0,37,32,0,69,30,0,30,99
09/20/2021,GYH,SC,ASO,ES,Federal Contract Tower,0,8,7,1,16,0,1,0,0,1,0,9,7,1,17,0,0,0,17
09/21/2021,GYH,SC,ASO,ES,Federal Contract Tower,0,11,7,13,31,0,0,0,0,0,0,11,7,13,31,0,0,0,31
09/22/2021,GYH,SC,ASO,ES,Federal Contract Tower,0,12,0,2,14,0,12,9,12,33,0,24,9,14,47,18,4,22,69
09/23/2021,GYH,SC,ASO,ES,Federal Contract Tower,0,10,8,1,19,0,20,66,15,101,0,30,74,16,120,68,0,68,188
09/24/2021,GYH,SC,ASO,ES,Federal Contract Tower,0,19,2,1,22,0,53,60,3,116,0,72,62,4,138,46,4,50,188
09/25/2021,GYH,SC,ASO,ES,Federal Contract Tower,0,9,0,0,9,0,10,58,3,71,0,19,58,3,80,50,0,50,130
09/26/2021,GYH,SC,ASO,ES,Federal Contract Tower,0,8,0,0,8,0,16,25,0,41,0,24,25,0,49,16,0,16,65
09/27/2021,GYH,SC,ASO,ES,Federal Contract Tower,0,7,1,0,8,0,11,46,1,58,0,18,47,1,66,58,0,58,124
09/28/2021,GYH,SC,ASO,ES,Federal Contract Tower,0,17,2,3,22,0,2,39,9,50,0,19,41,12,72,40,6,46,118
09/29/2021,GYH,SC,ASO,ES,Federal Contract Tower,0,14,2,0,16,0,28,44,0,72,0,42,46,0,88,56,0,56,144
09/30/2021,GYH,SC,ASO,ES,Federal Contract Tower,0,26,0,4,30,0,23,37,29,89,0,49,37,33,119,46,26,72,191
10/01/2021,GYH,SC,ASO,ES,Federal Contract Tower,0,14,3,3,20,0,7,45,0,52,0,21,48,3,72,58,0,58,130
10/02/2021,GYH,SC,ASO,ES,Federal Contract Tower,0,5,1,1,7,0,15,47,0,62,0,20,48,1,69,64,0,64,133
10/03/2021,GYH,SC,ASO,ES,Federal Contract Tower,0,10,0,0,10,0,6,5,4,15,0,16,5,4,25,4,0,4,29
10/04/2021,GYH,SC,ASO,ES,Federal Contract Tower,0,11,4,0,15,0,0,3,0,3,0,11,7,0,18,2,0,2,20
10/05/2021,GYH,SC,ASO,ES,Federal Contract Tower,0,9,4,7,20,0,0,5,6,11,0,9,9,13,31,0,0,0,31
10/06/2021,GYH,SC,ASO,ES,Federal Contract Tower,0,7,2,3,12,0,0,4,2,6,0,7,6,5,18,10,0,10,28
10/07/2021,GYH,SC,ASO,ES,Federal Contract Tower,0,10,7,6,23,0,0,0,0,0,0,10,7,6,23,0,0,0,23
10/08/2021,GYH,SC,ASO,ES,Federal Contract Tower,0,11,4,2,17,0,4,8,0,12,0,15,12,2,29,8,0,8,37
10/09/2021,GYH,SC,ASO,ES,Federal Contract Tower,0,7,4,3,14,0,14,9,2,25,0,21,13,5,39,0,0,0,39
10/10/2021,GYH,SC,ASO,ES,Federal Contract Tower,0,11,0,0,11,0,14,33,0,47,0,25,33,0,58,36,0,36,94
10/11/2021,GYH,SC,ASO,ES,Federal Contract Tower,0,9,8,1,18,0,23,51,0,74,0,32,59,1,92,64,0,64,156
10/12/2021,GYH,SC,ASO,ES,Federal Contract Tower,0,15,4,5,24,0,20,52,15,87,0,35,56,20,111,86,6,92,203
10/13/2021,GYH,SC,ASO,ES,Federal Contract Tower,0,14,0,2,16,0,16,59,6,81,0,30,59,8,97,66,0,66,163
10/14/2021,GYH,SC,ASO,ES,Federal Contract Tower,0,35,2,2,39,0,18,47,30,95,0,53,49,32,134,34,6,40,174
10/15/2021,GYH,SC,ASO,ES,Federal Contract Tower,0,16,2,4,22,0,7,88,19,114,0,23,90,23,136,122,8,130,266
10/16/2021,GYH,SC,ASO,ES,Federal Contract Tower,0,11,0,0,11,0,30,58,0,88,0,41,58,0,99,30,0,30,129
10/17/2021,GYH,SC,ASO,ES,Federal Contract Tower,0,9,5,0,14,0,16,31,0,47,0,25,36,0,61,18,0,18,79
10/18/2021,GYH,SC,ASO,ES,Federal Contract Tower,0,21,4,0,25,0,12,68,0,80,0,33,72,0,105,80,0,80,185
10/19/2021,GYH,SC,ASO,ES,Federal Contract Tower,0,21,1,4,26,0,20,58,7,85,0,41,59,11,111,54,4,58,169
10/20/2021,GYH,SC,ASO,ES,Federal Contract Tower,0,17,2,5,24,0,23,21,15,59,0,40,23,20,83,16,2,18,101
10/21/2021,GYH,SC,ASO,ES,Federal Contract Tower,0,18,3,4,25,0,26,59,15,100,0,44,62,19,125,84,0,84,209
10/22/2021,GYH,SC,ASO,ES,Federal Contract Tower,0,10,6,1,17,0,26,37,4,67,0,36,43,5,84,48,4,52,136
10/23/2021,GYH,SC,ASO,ES,Federal Contract Tower,0,10,5,0,15,0,38,46,0,84,0,48,51,0,99,64,0,64,163
10/24/2021,GYH,SC,ASO,ES,Federal Contract Tower,0,8,4,0,12,0,11,47,0,58,0,19,51,0,70,50,0,50,120
10/25/2021,GYH,SC,ASO,ES,Federal Contract Tower,0,16,3,0,19,0,24,29,0,53,0,40,32,0,72,30,0,30,102
10/26/2021,GYH,SC,ASO,ES,Federal Contract Tower,0,10,1,0,11,0,20,33,17,70,0,30,34,17,81,50,2,52,133
10/27/2021,GYH,SC,ASO,ES,Federal Contract Tower,0,17,1,0,18,0,15,30,13,58,0,32,31,13,76,12,2,14,90
10/28/2021,GYH,SC,ASO,ES,Federal Contract Tower,0,12,2,2,16,0,12,10,0,22,0,24,12,2,38,8,0,8,46
10/29/2021,GYH,SC,ASO,ES,Federal Contract Tower,0,9,2,0,11,0,0,0,0,0,0,9,2,0,11,0,0,0,11
10/30/2021,GYH,SC,ASO,ES,Federal Contract Tower,0,9,0,1,10,0,7,20,0,27,0,16,20,1,37,28,0,28,65
10/31/2021,GYH,SC,ASO,ES,Federal Contract Tower,0,13,2,1,16,0,23,35,0,58,0,36,37,1,74,48,0,48,122
11/01/2021,GYH,SC,ASO,ES,Federal Contract Tower,0,11,4,2,17,0,14,57,0,71,0,25,61,2,88,56,0,56,144
11/02/2021,GYH,SC,ASO,ES,Federal Contract Tower,0,15,1,5,21,0,13,30,4,47,0,28,31,9,68,32,0,32,100
11/03/2021,GYH,SC,ASO,ES,Federal Contract Tower,0,20,6,2,28,0,22,56,0,78,0,42,62,2,106,98,0,98,204
11/04/2021,GYH,SC,ASO,ES,Federal Contract Tower,0,15,2,3,20,0,0,0,0,0,0,15,2,3,20,0,0,0,20
11/05/2021,GYH,SC,ASO,ES,Federal Contract Tower,0,14,3,2,19,0,11,73,4,88,0,25,76,6,107,88,0,88,195
11/06/2021,GYH,SC,ASO,ES,Federal Contract Tower,0,14,0,0,14,0,4,7,0,11,0,18,7,0,25,6,0,6,31
11/07/2021,GYH,SC,ASO,ES,Federal Contract Tower,0,12,8,0,20,0,17,45,0,62,0,29,53,0,82,58,0,58,140
11/08/2021,GYH,SC,ASO,ES,Federal Contract Tower,0,26,0,1,27,0,21,68,4,93,0,47,68,5,120,94,0,94,214
11/09/2021,GYH,SC,ASO,ES,Federal Contract Tower,0,14,2,3,19,0,22,59,22,103,0,36,61,25,122,92,12,104,226
11/10/2021,GYH,SC,ASO,ES,Federal Contract Tower,0,11,3,6,20,0,22,84,8,114,0,33,87,14,134,104,0,104,238
11/11/2021,GYH,SC,ASO,ES,Federal Contract Tower,0,9,8,0,17,0,4,0,0,4,0,13,8,0,21,0,0,0,21
11/12/2021,GYH,SC,ASO,ES,Federal Contract Tower,0,13,2,1,16,0,12,72,0,84,0,25,74,1,100,104,0,104,204
11/13/2021,GYH,SC,ASO,ES,Federal Contract Tower,0,6,2,0,8,0,18,74,0,92,0,24,76,0,100,114,0,114,214
11/14/2021,GYH,SC,ASO,ES,Federal Contract Tower,0,12,0,0,12,0,17,13,0,30,0,29,13,0,42,8,0,8,50
11/15/2021,GYH,SC,ASO,ES,Federal Contract Tower,0,22,1,2,25,0,28,47,0,75,0,50,48,2,100,64,0,64,164
11/16/2021,GYH,SC,ASO,ES,Federal Contract Tower,0,15,5,2,22,0,19,40,18,77,0,34,45,20,99,62,12,74,173
11/17/2021,GYH,SC,ASO,ES,Federal Contract Tower,0,13,2,2,17,0,29,41,36,106,0,42,43,38,123,50,6,56,179
11/18/2021,GYH,SC,ASO,ES,Federal Contract Tower,0,9,2,2,13,0,10,41,15,66,0,19,43,17,79,50,0,50,129
11/19/2021,GYH,SC,ASO,ES,Federal Contract Tower,0,15,0,0,15,0,32,60,1,93,0,47,60,1,108,76,0,76,184
11/20/2021,GYH,SC,ASO,ES,Federal Contract Tower,0,11,0,0,11,0,17,41,0,58,0,28,41,0,69,64,0,64,133
11/21/2021,GYH,SC,ASO,ES,Federal Contract Tower,0,6,0,0,6,0,12,31,0,43,0,18,31,0,49,52,0,52,101
11/22/2021,GYH,SC,ASO,ES,Federal Contract Tower,0,20,5,0,25,0,10,20,4,34,0,30,25,4,59,26,2,28,87
11/23/2021,GYH,SC,ASO,ES,Federal Contract Tower,0,21,0,0,21,0,10,52,15,77,0,31,52,15,98,78,0,78,176
11/24/2021,GYH,SC,ASO,ES,Federal Contract Tower,0,2,2,0,4,0,22,80,4,106,0,24,82,4,110,114,0,114,224
11/25/2021,GYH,SC,ASO,ES,Federal Contract Tower,0,1,0,0,1,0,2,0,0,2,0,3,0,0,3,0,0,0,3
11/26/2021,GYH,SC,ASO,ES,Federal Contract Tower,0,3,2,0,5,0,6,30,0,36,0,9,32,0,41,46,0,46,87
11/27/2021,GYH,SC,ASO,ES,Federal Contract Tower,0,7,1,0,8,0,9,30,0,39,0,16,31,0,47,60,0,60,107
11/28/2021,GYH,SC,ASO,ES,Federal Contract Tower,0,10,0,0,10,0,20,22,0,42,0,30,22,0,52,12,0,12,64
11/29/2021,GYH,SC,ASO,ES,Federal Contract Tower,0,7,5,1,13,0,6,61,0,67,0,13,66,1,80,74,0,74,154
11/30/2021,GYH,SC,ASO,ES,Federal Contract Tower,0,7,3,0,10,0,10,40,18,68,0,17,43,18,78,56,0,56,134
12/01/2021,GYH,SC,ASO,ES,Federal Contract Tower,0,14,6,1,21,0,32,61,16,109,0,46,67,17,130,86,0,86,216
12/02/2021,GYH,SC,ASO,ES,Federal Contract Tower,0,23,5,1,29,0,26,59,15,100,0,49,64,16,129,132,0,132,261
12/03/2021,GYH,SC,ASO,ES,Federal Contract Tower,0,8,3,0,11,0,11,93,0,104,0,19,96,0,115,98,0,98,213
12/04/2021,GYH,SC,ASO,ES,Federal Contract Tower,0,12,0,0,12,0,6,72,12,90,0,18,72,12,102,92,0,92,194
12/05/2021,GYH,SC,ASO,ES,Federal Contract Tower,0,11,3,0,14,0,17,34,11,62,0,28,37,11,76,40,14,54,130
12/06/2021,GYH,SC,ASO,ES,Federal Contract Tower,0,20,7,0,27,0,12,14,0,26,0,32,21,0,53,20,0,20,73
12/07/2021,GYH,SC,ASO,ES,Federal Contract Tower,0,6,0,3,9,0,9,56,24,89,0,15,56,27,98,80,18,98,196
12/08/2021,GYH,SC,ASO,ES,Federal Contract Tower,0,21,0,2,23,0,4,51,60,115,0,25,51,62,138,104,0,104,242
12/09/2021,GYH,SC,ASO,ES,Federal Contract Tower,0,22,2,0,24,0,11,64,40,115,0,33,66,40,139,68,0,68,207
12/10/2021,GYH,SC,ASO,ES,Federal Contract Tower,0,9,1,1,11,0,0,0,0,0,0,9,1,1,11,0,0,0,11
12/11/2021,GYH,SC,ASO,ES,Federal Contract Tower,0,4,0,0,4,0,0,0,2,2,0,4,0,2,6,0,0,0,6
12/12/2021,GYH,SC,ASO,ES,Federal Contract Tower,0,13,3,0,16,0,6,39,0,45,0,19,42,0,61,46,0,46,107
12/13/2021,GYH,SC,ASO,ES,Federal Contract Tower,0,16,0,8,24,0,18,63,0,81,0,34,63,8,105,68,0,68,173
12/14/2021,GYH,SC,ASO,ES,Federal Contract Tower,0,11,3,2,16,0,17,41,46,104,0,28,44,48,120,48,28,76,196
12/15/2021,GYH,SC,ASO,ES,Federal Contract Tower,0,9,2,2,13,0,22,57,18,97,0,31,59,20,110,60,6,66,176
12/16/2021,GYH,SC,ASO,ES,Federal Contract Tower,0,21,1,3,25,0,28,79,18,125,0,49,80,21,150,118,0,118,268
12/17/2021,GYH,SC,ASO,ES,Federal Contract Tower,0,16,0,0,16,0,26,13,0,39,0,42,13,0,55,10,0,10,65
12/18/2021,GYH,SC,ASO,ES,Federal Contract Tower,0,2,1,0,3,0,0,0,0,0,0,2,1,0,3,0,0,0,3
12/19/2021,GYH,SC,ASO,ES,Federal Contract Tower,0,10,6,0,16,0,18,15,0,33,0,28,21,0,49,22,0,22,71
12/20/2021,GYH,SC,ASO,ES,Federal Contract Tower,0,7,0,1,8,0,2,42,1,45,0,9,42,2,53,38,0,38,91
12/21/2021,GYH,SC,ASO,ES,Federal Contract Tower,0,11,5,4,20,0,6,20,14,40,0,17,25,18,60,18,4,22,82
12/22/2021,GYH,SC,ASO,ES,Federal Contract Tower,0,18,4,0,22,0,2,34,7,43,0,20,38,7,65,42,0,42,107
12/23/2021,GYH,SC,ASO,ES,Federal Contract Tower,0,15,1,0,16,0,25,37,0,62,0,40,38,0,78,48,0,48,126
12/24/2021,GYH,SC,ASO,ES,Federal Contract Tower,0,3,2,0,5,0,6,4,0,10,0,9,6,0,15,4,0,4,19
12/25/2021,GYH,SC,ASO,ES,Federal Contract Tower,0,1,0,0,1,0,10,0,0,10,0,11,0,0,11,0,0,0,11
12/26/2021,GYH,SC,ASO,ES,Federal Contract Tower,0,3,2,0,5,0,16,20,0,36,0,19,22,0,41,4,0,4,45
12/27/2021,GYH,SC,ASO,ES,Federal Contract Tower,0,4,2,0,6,0,14,2,0,16,0,18,4,0,22,0,0,0,22
12/28/2021,GYH,SC,ASO,ES,Federal Contract Tower,0,10,4,0,14,0,10,10,0,20,0,20,14,0,34,16,0,16,50
12/29/2021,GYH,SC,ASO,ES,Federal Contract Tower,0,5,0,0,5,0,0,0,0,0,0,5,0,0,5,0,0,0,5
12/30/2021,GYH,SC,ASO,ES,Federal Contract Tower,0,6,0,0,6,0,0,0,0,0,0,6,0,0,6,0,0,0,6
12/31/2021,GYH,SC,ASO,ES,Federal Contract Tower,0,7,0,0,7,0,2,37,0,39,0,9,37,0,46,56,0,56,102
01/01/2022,GYH,SC,ASO,ES,Federal Contract Tower,0,2,0,0,2,0,4,2,0,6,0,6,2,0,8,2,0,2,10
01/02/2022,GYH,SC,ASO,ES,Federal Contract Tower,0,9,1,0,10,0,0,0,0,0,0,9,1,0,10,0,0,0,10
01/03/2022,GYH,SC,ASO,ES,Federal Contract Tower,0,13,2,0,15,0,24,6,0,30,0,37,8,0,45,4,0,4,49
01/04/2022,GYH,SC,ASO,ES,Federal Contract Tower,0,14,5,4,23,0,14,68,31,113,0,28,73,35,136,116,22,138,274
01/05/2022,GYH,SC,ASO,ES,Federal Contract Tower,0,17,4,11,32,0,19,58,11,88,0,36,62,22,120,68,0,68,188
01/06/2022,GYH,SC,ASO,ES,Federal Contract Tower,0,11,5,5,21,0,4,33,14,51,0,15,38,19,72,30,24,54,126
01/07/2022,GYH,SC,ASO,ES,Federal Contract Tower,0,14,3,0,17,0,26,39,6,71,0,40,42,6,88,60,0,60,148
01/08/2022,GYH,SC,ASO,ES,Federal Contract Tower,0,3,0,0,3,0,8,34,3,45,0,11,34,3,48,48,0,48,96
01/09/2022,GYH,SC,ASO,ES,Federal Contract Tower,0,8,0,0,8,0,0,1,0,1,0,8,1,0,9,0,0,0,9
01/10/2022,GYH,SC,ASO,ES,Federal Contract Tower,0,15,0,4,19,0,1,18,0,19,0,16,18,4,38,18,0,18,56
01/11/2022,GYH,SC,ASO,ES,Federal Contract Tower,0,16,2,2,20,0,29,45,27,101,0,45,47,29,121,50,10,60,181
01/12/2022,GYH,SC,ASO,ES,Federal Contract Tower,0,15,3,1,19,0,17,78,13,108,0,32,81,14,127,94,4,98,225
01/13/2022,GYH,SC,ASO,ES,Federal Contract Tower,0,13,0,0,13,0,23,53,40,116,0,36,53,40,129,90,16,106,235
01/14/2022,GYH,SC,ASO,ES,Federal Contract Tower,0,13,1,1,15,0,26,44,0,70,0,39,45,1,85,52,0,52,137
01/15/2022,GYH,SC,ASO,ES,Federal Contract Tower,0,7,0,0,7,0,18,33,0,51,0,25,33,0,58,36,0,36,94
01/16/2022,GYH,SC,ASO,ES,Federal Contract Tower,0,0,0,0,0,0,0,0,0,0,0,0,0,0,0,0,0,0,0
01/17/2022,GYH,SC,ASO,ES,Federal Contract Tower,0,0,0,0,0,0,14,0,0,14,0,14,0,0,14,0,0,0,14
01/18/2022,GYH,SC,ASO,ES,Federal Contract Tower,0,5,0,0,5,0,14,5,24,43,0,19,5,24,48,8,16,24,72
01/19/2022,GYH,SC,ASO,ES,Federal Contract Tower,0,10,2,3,15,0,6,38,31,75,0,16,40,34,90,64,0,64,154
01/20/2022,GYH,SC,ASO,ES,Federal Contract Tower,0,17,3,2,22,0,0,0,16,16,0,17,3,18,38,0,16,16,54
01/21/2022,GYH,SC,ASO,ES,Federal Contract Tower,0,19,0,1,20,0,10,18,0,28,0,29,18,1,48,40,0,40,88
01/22/2022,GYH,SC,ASO,ES,Federal Contract Tower,0,3,1,0,4,0,13,50,0,63,0,16,51,0,67,76,0,76,143
01/23/2022,GYH,SC,ASO,ES,Federal Contract Tower,0,6,1,0,7,0,10,32,0,42,0,16,33,0,49,30,0,30,79
01/24/2022,GYH,SC,ASO,ES,Federal Contract Tower,0,12,2,3,17,0,24,32,0,56,0,36,34,3,73,40,0,40,113
01/25/2022,GYH,SC,ASO,ES,Federal Contract Tower,0,15,0,5,20,0,22,50,36,108,0,37,50,41,128,76,20,96,224
01/26/2022,GYH,SC,ASO,ES,Federal Contract Tower,0,20,1,3,24,0,22,71,25,118,0,42,72,28,142,98,10,108,250
01/27/2022,GYH,SC,ASO,ES,Federal Contract Tower,0,10,0,2,12,0,12,56,58,126,0,22,56,60,138,50,10,60,198
01/28/2022,GYH,SC,ASO,ES,Federal Contract Tower,0,7,0,3,10,0,16,41,4,61,0,23,41,7,71,54,0,54,125
01/29/2022,GYH,SC,ASO,ES,Federal Contract Tower,0,4,0,0,4,0,22,37,0,59,0,26,37,0,63,44,0,44,107
01/30/2022,GYH,SC,ASO,ES,Federal Contract Tower,0,9,0,0,9,0,10,40,0,50,0,19,40,0,59,52,0,52,111
01/31/2022,GYH,SC,ASO,ES,Federal Contract Tower,0,5,0,1,6,0,25,66,5,96,0,30,66,6,102,104,8,112,214
02/01/2022,GYH,SC,ASO,ES,Federal Contract Tower,0,6,2,3,11,0,32,30,29,91,0,38,32,32,102,32,16,48,150
02/02/2022,GYH,SC,ASO,ES,Federal Contract Tower,0,14,3,4,21,0,24,71,30,125,0,38,74,34,146,76,8,84,230
02/03/2022,GYH,SC,ASO,ES,Federal Contract Tower,0,7,0,2,9,0,0,0,0,0,0,7,0,2,9,0,0,0,9
02/04/2022,GYH,SC,ASO,ES,Federal Contract Tower,0,10,0,2,12,0,12,2,0,14,0,22,2,2,26,0,0,0,26
02/05/2022,GYH,SC,ASO,ES,Federal Contract Tower,0,9,9,0,18,0,10,64,0,74,0,19,73,0,92,72,0,72,164
02/06/2022,GYH,SC,ASO,ES,Federal Contract Tower,0,15,4,1,20,0,0,65,7,72,0,15,69,8,92,76,0,76,168
02/07/2022,GYH,SC,ASO,ES,Federal Contract Tower,0,24,5,0,29,0,18,40,0,58,0,42,45,0,87,68,0,68,155
02/08/2022,GYH,SC,ASO,ES,Federal Contract Tower,0,16,1,7,24,0,13,45,25,83,0,29,46,32,107,76,10,86,193
02/09/2022,GYH,SC,ASO,ES,Federal Contract Tower,0,30,3,4,37,0,29,81,27,137,0,59,84,31,174,132,4,136,310
02/10/2022,GYH,SC,ASO,ES,Federal Contract Tower,0,10,0,3,13,0,23,72,44,139,0,33,72,47,152,86,4,90,242
02/11/2022,GYH,SC,ASO,ES,Federal Contract Tower,0,16,1,0,17,0,9,48,10,67,0,25,49,10,84,44,8,52,136
02/12/2022,GYH,SC,ASO,ES,Federal Contract Tower,0,6,0,0,6,0,0,33,4,37,0,6,33,4,43,42,0,42,85
02/13/2022,GYH,SC,ASO,ES,Federal Contract Tower,0,7,1,0,8,0,0,28,14,42,0,7,29,14,50,50,18,68,118
02/14/2022,GYH,SC,ASO,ES,Federal Contract Tower,0,9,4,0,13,0,14,25,0,39,0,23,29,0,52,18,0,18,70
02/15/2022,GYH,SC,ASO,ES,Federal Contract Tower,0,10,1,2,13,0,15,80,12,107,0,25,81,14,120,92,4,96,216
02/16/2022,GYH,SC,ASO,ES,Federal Contract Tower,0,16,0,6,22,0,24,97,28,149,0,40,97,34,171,104,2,106,277
02/17/2022,GYH,SC,ASO,ES,Federal Contract Tower,0,16,0,5,21,0,1,1,34,36,0,17,1,39,57,0,0,0,57
02/18/2022,GYH,SC,ASO,ES,Federal Contract Tower,0,13,2,0,15,0,11,54,0,65,0,24,56,0,80,52,0,52,132
02/19/2022,GYH,SC,ASO,ES,Federal Contract Tower,0,6,1,0,7,0,9,88,0,97,0,15,89,0,104,106,0,106,210
02/20/2022,GYH,SC,ASO,ES,Federal Contract Tower,0,12,1,0,13,0,9,60,0,69,0,21,61,0,82,80,0,80,162
02/21/2022,GYH,SC,ASO,ES,Federal Contract Tower,0,26,0,0,26,0,19,102,0,121,0,45,102,0,147,148,0,148,295
02/22/2022,GYH,SC,ASO,ES,Federal Contract Tower,0,16,0,2,18,0,2,0,14,16,0,18,0,16,34,0,0,0,34
02/23/2022,GYH,SC,ASO,ES,Federal Contract Tower,0,18,2,4,24,0,56,17,18,91,0,74,19,22,115,10,0,10,125
02/24/2022,GYH,SC,ASO,ES,Federal Contract Tower,0,12,1,2,15,0,6,28,35,69,0,18,29,37,84,40,0,40,124
02/25/2022,GYH,SC,ASO,ES,Federal Contract Tower,0,13,1,0,14,0,15,8,0,23,0,28,9,0,37,0,0,0,37
02/26/2022,GYH,SC,ASO,ES,Federal Contract Tower,0,4,6,0,10,0,20,66,0,86,0,24,72,0,96,92,0,92,188
02/27/2022,GYH,SC,ASO,ES,Federal Contract Tower,0,8,1,0,9,0,0,0,0,0,0,8,1,0,9,0,0,0,9
02/28/2022,GYH,SC,ASO,ES,Federal Contract Tower,0,27,3,1,31,0,19,45,0,64,0,46,48,1,95,68,0,68,163
03/01/2022,GYH,SC,ASO,ES,Federal Contract Tower,0,9,4,5,18,0,16,48,19,83,0,25,52,24,101,72,28,100,201
03/02/2022,GYH,SC,ASO,ES,Federal Contract Tower,0,17,3,7,27,0,15,60,20,95,0,32,63,27,122,76,0,76,198
03/03/2022,GYH,SC,ASO,ES,Federal Contract Tower,0,10,1,3,14,0,35,70,35,140,0,45,71,38,154,84,6,90,244
03/04/2022,GYH,SC,ASO,ES,Federal Contract Tower,0,8,0,1,9,0,27,59,5,91,0,35,59,6,100,60,2,62,162
03/05/2022,GYH,SC,ASO,ES,Federal Contract Tower,0,6,2,0,8,0,10,59,3,72,0,16,61,3,80,94,0,94,174
03/06/2022,GYH,SC,ASO,ES,Federal Contract Tower,0,15,1,0,16,0,6,14,0,20,0,21,15,0,36,14,0,14,50
03/07/2022,GYH,SC,ASO,ES,Federal Contract Tower,0,12,3,0,15,0,16,11,10,37,0,28,14,10,52,8,0,8,60
03/08/2022,GYH,SC,ASO,ES,Federal Contract Tower,0,16,5,5,26,0,19,45,11,75,0,35,50,16,101,58,6,64,165
03/09/2022,GYH,SC,ASO,ES,Federal Contract Tower,0,16,0,6,22,0,6,5,10,21,0,22,5,16,43,6,10,16,59
03/10/2022,GYH,SC,ASO,ES,Federal Contract Tower,0,12,5,8,25,0,4,0,0,4,0,16,5,8,29,0,10,10,39
03/11/2022,GYH,SC,ASO,ES,Federal Contract Tower,0,16,3,1,20,0,26,32,8,66,0,42,35,9,86,36,8,44,130
03/12/2022,GYH,SC,ASO,ES,Federal Contract Tower,0,7,1,0,8,0,8,1,20,29,0,15,2,20,37,0,2,2,39
03/13/2022,GYH,SC,ASO,ES,Federal Contract Tower,0,12,1,0,13,0,12,35,0,47,0,24,36,0,60,50,0,50,110
03/14/2022,GYH,SC,ASO,ES,Federal Contract Tower,0,11,2,3,16,0,26,65,12,103,0,37,67,15,119,78,8,86,205
03/15/2022,GYH,SC,ASO,ES,Federal Contract Tower,0,16,3,0,19,0,21,86,19,126,0,37,89,19,145,98,2,100,245
03/16/2022,GYH,SC,ASO,ES,Federal Contract Tower,0,10,0,2,12,0,0,0,0,0,0,10,0,2,12,0,0,0,12
03/17/2022,GYH,SC,ASO,ES,Federal Contract Tower,0,15,6,8,29,0,9,55,24,88,0,24,61,32,117,80,10,90,207
03/18/2022,GYH,SC,ASO,ES,Federal Contract Tower,0,24,3,2,29,0,10,27,0,37,0,34,30,2,66,36,0,36,102
03/19/2022,GYH,SC,ASO,ES,Federal Contract Tower,0,9,1,0,10,0,4,4,0,8,0,13,5,0,18,6,0,6,24
03/20/2022,GYH,SC,ASO,ES,Federal Contract Tower,0,5,0,0,5,0,19,45,0,64,0,24,45,0,69,40,0,40,109
03/21/2022,GYH,SC,ASO,ES,Federal Contract Tower,0,8,5,0,13,0,24,57,3,84,0,32,62,3,97,60,2,62,159
03/22/2022,GYH,SC,ASO,ES,Federal Contract Tower,0,5,0,4,9,0,28,48,27,103,0,33,48,31,112,54,8,62,174
03/23/2022,GYH,SC,ASO,ES,Federal Contract Tower,0,14,0,2,16,0,4,0,6,10,0,18,0,8,26,0,8,8,34
03/24/2022,GYH,SC,ASO,ES,Federal Contract Tower,0,12,0,6,18,0,20,28,15,63,0,32,28,21,81,14,4,18,99
03/25/2022,GYH,SC,ASO,ES,Federal Contract Tower,0,16,1,0,17,0,4,40,8,52,0,20,41,8,69,48,0,48,117
03/26/2022,GYH,SC,ASO,ES,Federal Contract Tower,0,9,0,2,11,0,18,8,0,26,0,27,8,2,37,20,0,20,57
03/27/2022,GYH,SC,ASO,ES,Federal Contract Tower,0,19,3,0,22,0,16,44,0,60,0,35,47,0,82,62,0,62,144
03/28/2022,GYH,SC,ASO,ES,Federal Contract Tower,0,10,1,9,20,0,11,53,6,70,0,21,54,15,90,72,2,74,164
03/29/2022,GYH,SC,ASO,ES,Federal Contract Tower,0,14,1,2,17,0,28,45,17,90,0,42,46,19,107,82,8,90,197
03/30/2022,GYH,SC,ASO,ES,Federal Contract Tower,0,12,3,8,23,0,6,49,12,67,0,18,52,20,90,102,14,116,206
03/31/2022,GYH,SC,ASO,ES,Federal Contract Tower,0,11,1,0,12,0,26,4,10,40,0,37,5,10,52,0,0,0,52
04/01/2022,GYH,SC,ASO,ES,Federal Contract Tower,0,11,4,2,17,0,8,80,3,91,0,19,84,5,108,89,0,89,197
04/02/2022,GYH,SC,ASO,ES,Federal Contract Tower,0,4,2,1,7,0,0,60,6,66,0,4,62,7,73,82,0,82,155
04/03/2022,GYH,SC,ASO,ES,Federal Contract Tower,0,11,3,0,14,0,16,54,0,70,0,27,57,0,84,66,0,66,150
04/04/2022,GYH,SC,ASO,ES,Federal Contract Tower,0,17,5,0,22,0,14,63,1,78,0,31,68,1,100,64,0,64,164
04/05/2022,GYH,SC,ASO,ES,Federal Contract Tower,0,9,0,7,16,0,5,4,10,19,0,14,4,17,35,6,18,24,59
04/06/2022,GYH,SC,ASO,ES,Federal Contract Tower,0,19,3,2,24,0,2,33,19,54,0,21,36,21,78,54,14,68,146
04/07/2022,GYH,SC,ASO,ES,Federal Contract Tower,0,20,0,2,22,0,12,9,59,80,0,32,9,61,102,6,22,28,130
04/08/2022,GYH,SC,ASO,ES,Federal Contract Tower,0,14,0,0,14,0,10,42,0,52,0,24,42,0,66,56,0,56,122
04/09/2022,GYH,SC,ASO,ES,Federal Contract Tower,0,11,1,0,12,0,16,30,0,46,0,27,31,0,58,36,0,36,94
04/10/2022,GYH,SC,ASO,ES,Federal Contract Tower,0,9,2,0,11,0,4,74,0,78,0,13,76,0,89,72,0,72,161
04/11/2022,GYH,SC,ASO,ES,Federal Contract Tower,0,14,3,1,18,0,31,62,6,99,0,45,65,7,117,86,4,90,207
04/12/2022,GYH,SC,ASO,ES,Federal Contract Tower,0,13,2,1,16,0,7,66,15,88,0,20,68,16,104,94,22,116,220
04/13/2022,GYH,SC,ASO,ES,Federal Contract Tower,0,14,4,4,22,0,15,50,21,86,0,29,54,25,108,62,4,66,174
04/14/2022,GYH,SC,ASO,ES,Federal Contract Tower,0,19,1,3,23,0,8,64,12,84,0,27,65,15,107,86,0,86,193
04/15/2022,GYH,SC,ASO,ES,Federal Contract Tower,0,19,3,0,22,0,12,117,5,134,0,31,120,5,156,146,0,146,302
04/16/2022,GYH,SC,ASO,ES,Federal Contract Tower,0,4,2,0,6,0,18,26,0,44,0,22,28,0,50,32,0,32,82
04/17/2022,GYH,SC,ASO,ES,Federal Contract Tower,0,4,0,0,4,0,0,11,0,11,0,4,11,0,15,14,0,14,29
04/18/2022,GYH,SC,ASO,ES,Federal Contract Tower,0,9,1,2,12,0,12,34,0,46,0,21,35,2,58,56,0,56,114
04/19/2022,GYH,SC,ASO,ES,Federal Contract Tower,0,16,1,2,19,0,8,84,22,114,0,24,85,24,133,130,18,148,281
04/20/2022,GYH,SC,ASO,ES,Federal Contract Tower,0,11,3,5,19,0,22,63,24,109,0,33,66,29,128,110,4,114,242
04/21/2022,GYH,SC,ASO,ES,Federal Contract Tower,0,4,2,6,12,0,11,76,12,99,0,15,78,18,111,98,0,98,209
04/22/2022,GYH,SC,ASO,ES,Federal Contract Tower,0,16,5,1,22,0,14,90,0,104,0,30,95,1,126,112,0,112,238
04/23/2022,GYH,SC,ASO,ES,Federal Contract Tower,0,2,1,1,4,0,28,113,0,141,0,30,114,1,145,112,0,112,257
04/24/2022,GYH,SC,ASO,ES,Federal Contract Tower,0,5,1,0,6,0,12,45,0,57,0,17,46,0,63,56,0,56,119
04/25/2022,GYH,SC,ASO,ES,Federal Contract Tower,0,12,4,1,17,0,14,64,4,82,0,26,68,5,99,78,2,80,179
04/26/2022,GYH,SC,ASO,ES,Federal Contract Tower,0,12,2,2,16,0,11,37,12,60,0,23,39,14,76,44,8,52,128
04/27/2022,GYH,SC,ASO,ES,Federal Contract Tower,0,10,5,8,23,0,10,57,12,79,0,20,62,20,102,56,0,56,158
04/28/2022,GYH,SC,ASO,ES,Federal Contract Tower,0,14,3,3,20,0,13,75,16,104,0,27,78,19,124,124,10,134,258
04/29/2022,GYH,SC,ASO,ES,Federal Contract Tower,0,10,1,1,12,0,30,69,2,101,0,40,70,3,113,82,0,82,195
04/30/2022,GYH,SC,ASO,ES,Federal Contract Tower,0,4,0,0,4,0,29,52,0,81,0,33,52,0,85,88,0,88,173
05/01/2022,GYH,SC,ASO,ES,Federal Contract Tower,0,1,0,0,1,0,8,22,2,32,0,9,22,2,33,24,0,24,57
05/02/2022,GYH,SC,ASO,ES,Federal Contract Tower,0,12,1,1,14,0,12,51,4,67,0,24,52,5,81,64,0,64,145
05/03/2022,GYH,SC,ASO,ES,Federal Contract Tower,0,10,0,0,10,0,21,35,6,62,0,31,35,6,72,44,0,44,116
05/04/2022,GYH,SC,ASO,ES,Federal Contract Tower,0,11,1,0,12,0,28,51,12,91,0,39,52,12,103,68,0,68,171
05/05/2022,GYH,SC,ASO,ES,Federal Contract Tower,0,23,1,0,24,0,8,58,18,84,0,31,59,18,108,82,0,82,190
05/06/2022,GYH,SC,ASO,ES,Federal Contract Tower,0,18,1,0,19,0,8,0,0,8,0,26,1,0,27,0,0,0,27
05/07/2022,GYH,SC,ASO,ES,Federal Contract Tower,0,3,1,0,4,0,34,34,0,68,0,37,35,0,72,52,0,52,124
05/08/2022,GYH,SC,ASO,ES,Federal Contract Tower,0,4,0,0,4,0,8,11,0,19,0,12,11,0,23,18,0,18,41
05/09/2022,GYH,SC,ASO,ES,Federal Contract Tower,0,20,2,1,23,0,20,84,4,108,0,40,86,5,131,96,2,98,229
05/10/2022,GYH,SC,ASO,ES,Federal Contract Tower,0,5,0,4,9,0,0,38,9,47,0,5,38,13,56,50,4,54,110
05/11/2022,GYH,SC,ASO,ES,Federal Contract Tower,0,16,0,1,17,0,20,76,46,142,0,36,76,47,159,101,24,125,284
05/12/2022,GYH,SC,ASO,ES,Federal Contract Tower,0,13,0,3,16,0,8,24,14,46,0,21,24,17,62,20,12,32,94
05/13/2022,GYH,SC,ASO,ES,Federal Contract Tower,0,8,2,1,11,0,2,11,6,19,0,10,13,7,30,18,4,22,52
05/14/2022,GYH,SC,ASO,ES,Federal Contract Tower,0,5,2,0,7,0,10,72,2,84,0,15,74,2,91,100,2,102,193
05/15/2022,GYH,SC,ASO,ES,Federal Contract Tower,0,11,4,0,15,0,16,19,2,37,0,27,23,2,52,14,0,14,66
05/16/2022,GYH,SC,ASO,ES,Federal Contract Tower,0,16,1,0,17,0,35,41,0,76,0,51,42,0,93,58,0,58,151
05/17/2022,GYH,SC,ASO,ES,Federal Contract Tower,0,11,2,2,15,0,35,88,12,135,0,46,90,14,150,120,10,130,280
05/18/2022,GYH,SC,ASO,ES,Federal Contract Tower,0,23,2,6,31,0,14,82,12,108,0,37,84,18,139,118,6,124,263
05/19/2022,GYH,SC,ASO,ES,Federal Contract Tower,0,20,1,2,23,0,20,50,8,78,0,40,51,10,101,46,2,48,149
05/20/2022,GYH,SC,ASO,ES,Federal Contract Tower,0,6,2,3,11,0,10,48,3,61,0,16,50,6,72,44,2,46,118
05/21/2022,GYH,SC,ASO,ES,Federal Contract Tower,0,2,1,2,5,0,18,41,0,59,0,20,42,2,64,44,0,44,108
05/22/2022,GYH,SC,ASO,ES,Federal Contract Tower,0,5,0,2,7,0,6,13,0,19,0,11,13,2,26,20,0,20,46
05/23/2022,GYH,SC,ASO,ES,Federal Contract Tower,0,4,1,3,8,0,3,0,0,3,0,7,1,3,11,0,0,0,11
05/24/2022,GYH,SC,ASO,ES,Federal Contract Tower,0,12,0,2,14,0,18,42,22,82,0,30,42,24,96,48,16,64,160
05/25/2022,GYH,SC,ASO,ES,Federal Contract Tower,0,22,0,8,30,0,10,0,8,18,0,32,0,16,48,0,0,0,48
05/26/2022,GYH,SC,ASO,ES,Federal Contract Tower,0,13,1,2,16,0,0,0,0,0,0,13,1,2,16,0,0,0,16
05/27/2022,GYH,SC,ASO,ES,Federal Contract Tower,0,20,1,0,21,0,16,78,0,94,0,36,79,0,115,108,0,108,223
05/28/2022,GYH,SC,ASO,ES,Federal Contract Tower,0,11,0,0,11,0,25,35,0,60,0,36,35,0,71,30,0,30,101
05/29/2022,GYH,SC,ASO,ES,Federal Contract Tower,0,2,1,0,3,0,26,7,0,33,0,28,8,0,36,0,0,0,36
05/30/2022,GYH,SC,ASO,ES,Federal Contract Tower,0,4,1,0,5,0,28,84,0,112,0,32,85,0,117,110,0,110,227
05/31/2022,GYH,SC,ASO,ES,Federal Contract Tower,0,11,2,0,13,0,22,58,8,88,0,33,60,8,101,90,4,94,195
06/01/2022,GYH,SC,ASO,ES,Federal Contract Tower,0,4,1,3,8,0,22,106,6,134,0,26,107,9,142,124,0,124,266
06/02/2022,GYH,SC,ASO,ES,Federal Contract Tower,0,14,1,0,15,0,24,57,3,84,0,38,58,3,99,92,0,92,191
06/03/2022,GYH,SC,ASO,ES,Federal Contract Tower,0,8,10,1,19,0,8,25,2,35,0,16,35,3,54,28,0,28,82
06/04/2022,GYH,SC,ASO,ES,Federal Contract Tower,0,6,2,1,9,0,14,53,0,67,0,20,55,1,76,74,0,74,150
06/05/2022,GYH,SC,ASO,ES,Federal Contract Tower,0,6,2,0,8,0,8,25,0,33,0,14,27,0,41,18,0,18,59
06/06/2022,GYH,SC,ASO,ES,Federal Contract Tower,0,11,1,3,15,0,14,89,0,103,0,25,90,3,118,114,0,114,232
06/07/2022,GYH,SC,ASO,ES,Federal Contract Tower,0,17,3,2,22,0,12,28,4,44,0,29,31,6,66,48,2,50,116
06/08/2022,GYH,SC,ASO,ES,Federal Contract Tower,0,10,3,0,13,0,14,33,16,63,0,24,36,16,76,52,0,52,128
06/09/2022,GYH,SC,ASO,ES,Federal Contract Tower,0,14,2,3,19,0,18,44,20,82,0,32,46,23,101,70,0,70,171
06/10/2022,GYH,SC,ASO,ES,Federal Contract Tower,0,22,5,2,29,0,20,55,2,77,0,42,60,4,106,58,0,58,164
06/11/2022,GYH,SC,ASO,ES,Federal Contract Tower,0,6,1,0,7,0,40,47,0,87,0,46,48,0,94,38,0,38,132
06/12/2022,GYH,SC,ASO,ES,Federal Contract Tower,0,9,0,1,10,0,4,31,0,35,0,13,31,1,45,30,0,30,75
06/13/2022,GYH,SC,ASO,ES,Federal Contract Tower,0,10,1,0,11,0,18,53,2,73,0,28,54,2,84,64,0,64,148
06/14/2022,GYH,SC,ASO,ES,Federal Contract Tower,0,22,0,4,26,0,23,48,19,90,0,45,48,23,116,34,0,34,150
06/15/2022,GYH,SC,ASO,ES,Federal Contract Tower,0,20,3,6,29,0,10,58,16,84,0,30,61,22,113,70,4,74,187
06/16/2022,GYH,SC,ASO,ES,Federal Contract Tower,0,7,1,5,13,0,13,52,13,78,0,20,53,18,91,54,0,54,145
06/17/2022,GYH,SC,ASO,ES,Federal Contract Tower,0,11,2,0,13,0,23,56,0,79,0,34,58,0,92,64,0,64,156
06/18/2022,GYH,SC,ASO,ES,Federal Contract Tower,0,3,0,0,3,0,24,65,0,89,0,27,65,0,92,92,0,92,184
06/19/2022,GYH,SC,ASO,ES,Federal Contract Tower,0,3,1,0,4,0,14,22,0,36,0,17,23,0,40,20,0,20,60
06/20/2022,GYH,SC,ASO,ES,Federal Contract Tower,0,12,7,0,19,0,16,45,0,61,0,28,52,0,80,68,0,68,148
06/21/2022,GYH,SC,ASO,ES,Federal Contract Tower,0,8,2,2,12,0,25,43,8,76,0,33,45,10,88,42,2,44,132
06/22/2022,GYH,SC,ASO,ES,Federal Contract Tower,0,12,3,1,16,0,29,73,18,120,0,41,76,19,136,102,0,102,238
06/23/2022,GYH,SC,ASO,ES,Federal Contract Tower,0,11,0,3,14,0,29,55,11,95,0,40,55,14,109,78,0,78,187
06/24/2022,GYH,SC,ASO,ES,Federal Contract Tower,0,16,5,4,25,0,50,64,0,114,0,66,69,4,139,84,0,84,223
06/25/2022,GYH,SC,ASO,ES,Federal Contract Tower,0,10,2,0,12,0,12,42,0,54,0,22,44,0,66,56,0,56,122
06/26/2022,GYH,SC,ASO,ES,Federal Contract Tower,0,2,3,0,5,0,7,29,0,36,0,9,32,0,41,30,0,30,71
06/27/2022,GYH,SC,ASO,ES,Federal Contract Tower,0,11,0,3,14,0,19,51,3,73,0,30,51,6,87,50,2,52,139
06/28/2022,GYH,SC,ASO,ES,Federal Contract Tower,0,23,1,3,27,0,8,72,16,96,0,31,73,19,123,100,0,100,223
06/29/2022,GYH,SC,ASO,ES,Federal Contract Tower,0,9,1,3,13,0,2,52,12,66,0,11,53,15,79,54,0,54,133
06/30/2022,GYH,SC,ASO,ES,Federal Contract Tower,0,15,6,5,26,0,28,83,7,118,0,43,89,12,144,104,0,104,248
07/01/2022,GYH,SC,ASO,ES,Federal Contract Tower,0,21,2,1,24,0,9,22,0,31,0,30,24,1,55,28,0,28,83
07/02/2022,GYH,SC,ASO,ES,Federal Contract Tower,0,7,0,0,7,0,8,19,0,27,0,15,19,0,34,28,0,28,62
07/03/2022,GYH,SC,ASO,ES,Federal Contract Tower,0,2,0,0,2,0,16,27,0,43,0,18,27,0,45,30,0,30,75
07/04/2022,GYH,SC,ASO,ES,Federal Contract Tower,0,4,11,0,15,0,7,28,0,35,0,11,39,0,50,34,0,34,84
07/05/2022,GYH,SC,ASO,ES,Federal Contract Tower,0,5,2,0,7,0,10,27,9,46,0,15,29,9,53,50,8,58,111
07/06/2022,GYH,SC,ASO,ES,Federal Contract Tower,0,15,1,3,19,0,4,23,0,27,0,19,24,3,46,50,0,50,96
07/07/2022,GYH,SC,ASO,ES,Federal Contract Tower,0,13,2,0,15,0,11,47,14,72,0,24,49,14,87,66,4,70,157
07/08/2022,GYH,SC,ASO,ES,Federal Contract Tower,0,7,3,2,12,0,15,37,4,56,0,22,40,6,68,48,0,48,116
07/09/2022,GYH,SC,ASO,ES,Federal Contract Tower,0,7,2,0,9,0,8,37,0,45,0,15,39,0,54,40,0,40,94
07/10/2022,GYH,SC,ASO,ES,Federal Contract Tower,0,8,0,0,8,0,0,0,0,0,0,8,0,0,8,0,0,0,8
07/11/2022,GYH,SC,ASO,ES,Federal Contract Tower,0,11,4,2,17,0,34,46,0,80,0,45,50,2,97,60,0,60,157
07/12/2022,GYH,SC,ASO,ES,Federal Contract Tower,0,11,3,1,15,0,25,102,4,131,0,36,105,5,146,120,2,122,268
07/13/2022,GYH,SC,ASO,ES,Federal Contract Tower,0,7,2,1,10,0,13,55,7,75,0,20,57,8,85,70,2,72,157
07/14/2022,GYH,SC,ASO,ES,Federal Contract Tower,0,21,3,4,28,0,23,48,9,80,0,44,51,13,108,68,0,68,176
07/15/2022,GYH,SC,ASO,ES,Federal Contract Tower,0,11,2,1,14,0,21,94,6,121,0,32,96,7,135,116,4,120,255
07/16/2022,GYH,SC,ASO,ES,Federal Contract Tower,0,5,2,0,7,0,1,52,0,53,0,6,54,0,60,64,0,64,124
07/17/2022,GYH,SC,ASO,ES,Federal Contract Tower,0,6,4,0,10,0,29,30,0,59,0,35,34,0,69,28,0,28,97
07/18/2022,GYH,SC,ASO,ES,Federal Contract Tower,0,8,3,0,11,0,16,61,4,81,0,24,64,4,92,76,0,76,168
07/19/2022,GYH,SC,ASO,ES,Federal Contract Tower,0,11,3,3,17,0,33,54,15,102,0,44,57,18,119,76,2,78,197
07/20/2022,GYH,SC,ASO,ES,Federal Contract Tower,0,10,4,0,14,0,4,50,21,75,0,14,54,21,89,52,10,62,151
07/21/2022,GYH,SC,ASO,ES,Federal Contract Tower,0,13,0,2,15,0,26,27,20,73,0,39,27,22,88,42,0,42,130
07/22/2022,GYH,SC,ASO,ES,Federal Contract Tower,0,13,3,0,16,0,10,62,0,72,0,23,65,0,88,86,0,86,174
07/23/2022,GYH,SC,ASO,ES,Federal Contract Tower,0,8,2,2,12,0,14,38,0,52,0,22,40,2,64,32,0,32,96
07/24/2022,GYH,SC,ASO,ES,Federal Contract Tower,0,7,1,0,8,0,16,56,0,72,0,23,57,0,80,90,0,90,170
07/25/2022,GYH,SC,ASO,ES,Federal Contract Tower,0,6,3,0,9,0,26,27,0,53,0,32,30,0,62,40,0,40,102
07/26/2022,GYH,SC,ASO,ES,Federal Contract Tower,0,16,2,6,24,0,13,49,4,66,0,29,51,10,90,64,0,64,154
07/27/2022,GYH,SC,ASO,ES,Federal Contract Tower,0,6,1,1,8,0,22,23,9,54,0,28,24,10,62,22,2,24,86
07/28/2022,GYH,SC,ASO,ES,Federal Contract Tower,0,23,5,0,28,0,35,54,3,92,0,58,59,3,120,58,0,58,178
07/29/2022,GYH,SC,ASO,ES,Federal Contract Tower,0,7,2,2,11,0,14,48,4,66,0,21,50,6,77,58,0,58,135
07/30/2022,GYH,SC,ASO,ES,Federal Contract Tower,0,6,1,0,7,0,8,56,0,64,0,14,57,0,71,68,0,68,139
07/31/2022,GYH,SC,ASO,ES,Federal Contract Tower,0,9,0,0,9,0,17,7,0,24,0,26,7,0,33,6,0,6,39
08/01/2022,GYH,SC,ASO,ES,Federal Contract Tower,0,6,0,3,9,0,2,26,1,29,0,8,26,4,38,34,0,34,72
08/02/2022,GYH,SC,ASO,ES,Federal Contract Tower,0,7,1,1,9,0,24,39,8,71,0,31,40,9,80,48,0,48,128
08/03/2022,GYH,SC,ASO,ES,Federal Contract Tower,0,12,1,3,16,0,17,39,11,67,0,29,40,14,83,32,0,32,115
08/04/2022,GYH,SC,ASO,ES,Federal Contract Tower,0,13,0,6,19,0,30,38,6,74,0,43,38,12,93,38,0,38,131
08/05/2022,GYH,SC,ASO,ES,Federal Contract Tower,0,10,1,1,12,0,14,66,1,81,0,24,67,2,93,76,0,76,169
08/06/2022,GYH,SC,ASO,ES,Federal Contract Tower,0,19,1,0,20,0,0,19,1,20,0,19,20,1,40,14,0,14,54
08/07/2022,GYH,SC,ASO,ES,Federal Contract Tower,0,4,1,0,5,0,19,30,0,49,0,23,31,0,54,30,0,30,84
08/08/2022,GYH,SC,ASO,ES,Federal Contract Tower,0,8,1,1,10,0,8,26,3,37,0,16,27,4,47,42,2,44,91
08/09/2022,GYH,SC,ASO,ES,Federal Contract Tower,0,10,6,0,16,0,12,44,21,77,0,22,50,21,93,54,10,64,157
08/10/2022,GYH,SC,ASO,ES,Federal Contract Tower,0,8,0,0,8,0,26,47,22,95,0,34,47,22,103,68,0,68,171
08/11/2022,GYH,SC,ASO,ES,Federal Contract Tower,0,7,2,0,9,0,22,70,22,114,0,29,72,22,123,96,0,96,219
08/12/2022,GYH,SC,ASO,ES,Federal Contract Tower,0,7,4,3,14,0,15,86,9,110,0,22,90,12,124,96,0,96,220
08/13/2022,GYH,SC,ASO,ES,Federal Contract Tower,0,16,2,0,18,0,23,85,4,112,0,39,87,4,130,84,0,84,214
08/14/2022,GYH,SC,ASO,ES,Federal Contract Tower,0,9,6,0,15,0,9,25,0,34,0,18,31,0,49,32,0,32,81
08/15/2022,GYH,SC,ASO,ES,Federal Contract Tower,0,7,0,2,9,0,9,39,0,48,0,16,39,2,57,62,0,62,119
08/16/2022,GYH,SC,ASO,ES,Federal Contract Tower,0,25,2,3,30,0,11,36,25,72,0,36,38,28,102,44,24,68,170
08/17/2022,GYH,SC,ASO,ES,Federal Contract Tower,0,11,1,4,16,0,16,99,2,117,0,27,100,6,133,132,0,132,265
08/18/2022,GYH,SC,ASO,ES,Federal Contract Tower,0,16,1,2,19,0,21,118,30,169,0,37,119,32,188,176,6,182,370
08/19/2022,GYH,SC,ASO,ES,Federal Contract Tower,0,9,2,2,13,0,12,24,1,37,0,21,26,3,50,24,0,24,74
08/20/2022,GYH,SC,ASO,ES,Federal Contract Tower,0,1,5,1,7,0,10,57,0,67,0,11,62,1,74,88,0,88,162
08/21/2022,GYH,SC,ASO,ES,Federal Contract Tower,0,6,1,2,9,0,4,36,0,40,0,10,37,2,49,46,0,46,95
08/22/2022,GYH,SC,ASO,ES,Federal Contract Tower,0,14,4,4,22,0,20,51,5,76,0,34,55,9,98,68,4,72,170
08/23/2022,GYH,SC,ASO,ES,Federal Contract Tower,0,15,5,7,27,0,21,58,6,85,0,36,63,13,112,76,2,78,190
08/24/2022,GYH,SC,ASO,ES,Federal Contract Tower,0,19,3,2,24,0,6,43,4,53,0,25,46,6,77,48,0,48,125
08/25/2022,GYH,SC,ASO,ES,Federal Contract Tower,0,14,4,2,20,0,18,25,4,47,0,32,29,6,67,28,2,30,97
08/26/2022,GYH,SC,ASO,ES,Federal Contract Tower,0,13,2,3,18,0,20,43,6,69,0,33,45,9,87,70,0,70,157
08/27/2022,GYH,SC,ASO,ES,Federal Contract Tower,0,2,1,1,4,0,16,75,3,94,0,18,76,4,98,130,0,130,228
08/28/2022,GYH,SC,ASO,ES,Federal Contract Tower,0,6,3,0,9,0,16,19,0,35,0,22,22,0,44,28,0,28,72
08/29/2022,GYH,SC,ASO,ES,Federal Contract Tower,0,16,1,0,17,0,17,47,1,65,0,33,48,1,82,76,0,76,158
08/30/2022,GYH,SC,ASO,ES,Federal Contract Tower,0,17,4,1,22,0,6,35,9,50,0,23,39,10,72,52,4,56,128
08/31/2022,GYH,SC,ASO,ES,Federal Contract Tower,0,9,0,4,13,0,25,56,19,100,0,34,56,23,113,86,0,86,199
09/01/2022,GYH,SC,ASO,ES,Federal Contract Tower,0,21,0,4,25,0,21,45,1,67,0,42,45,5,92,70,0,70,162
09/02/2022,GYH,SC,ASO,ES,Federal Contract Tower,0,25,2,1,28,0,26,95,4,125,0,51,97,5,153,122,0,122,275
09/03/2022,GYH,SC,ASO,ES,Federal Contract Tower,0,6,0,0,6,0,14,42,0,56,0,20,42,0,62,32,0,32,94
09/04/2022,GYH,SC,ASO,ES,Federal Contract Tower,0,3,2,0,5,0,12,0,0,12,0,15,2,0,17,0,0,0,17
09/05/2022,GYH,SC,ASO,ES,Federal Contract Tower,0,3,2,0,5,0,0,2,0,2,0,3,4,0,7,0,0,0,7
09/06/2022,GYH,SC,ASO,ES,Federal Contract Tower,0,25,1,0,26,0,29,56,0,85,0,54,57,0,111,72,0,72,183
09/07/2022,GYH,SC,ASO,ES,Federal Contract Tower,0,22,1,3,26,0,12,54,5,71,0,34,55,8,97,58,0,58,155
09/08/2022,GYH,SC,ASO,ES,Federal Contract Tower,0,9,2,2,13,0,0,61,16,77,0,9,63,18,90,98,0,98,188
09/09/2022,GYH,SC,ASO,ES,Federal Contract Tower,0,12,2,0,14,0,16,69,0,85,0,28,71,0,99,120,0,120,219
09/10/2022,GYH,SC,ASO,ES,Federal Contract Tower,0,4,1,0,5,0,0,0,0,0,0,4,1,0,5,0,0,0,5
09/11/2022,GYH,SC,ASO,ES,Federal Contract Tower,0,5,2,0,7,0,12,38,0,50,0,17,40,0,57,50,0,50,107
09/12/2022,GYH,SC,ASO,ES,Federal Contract Tower,0,9,5,1,15,0,0,26,2,28,0,9,31,3,43,32,2,34,77
09/13/2022,GYH,SC,ASO,ES,Federal Contract Tower,0,11,3,0,14,0,15,68,14,97,0,26,71,14,111,106,6,112,223
09/14/2022,GYH,SC,ASO,ES,Federal Contract Tower,0,13,6,0,19,0,16,113,6,135,0,29,119,6,154,146,0,146,300
09/15/2022,GYH,SC,ASO,ES,Federal Contract Tower,0,10,5,0,15,0,34,56,16,106,0,44,61,16,121,74,0,74,195
09/16/2022,GYH,SC,ASO,ES,Federal Contract Tower,0,12,7,5,24,0,21,76,0,97,0,33,83,5,121,74,0,74,195
09/17/2022,GYH,SC,ASO,ES,Federal Contract Tower,0,5,4,0,9,0,8,54,0,62,0,13,58,0,71,68,0,68,139
09/18/2022,GYH,SC,ASO,ES,Federal Contract Tower,0,6,9,0,15,0,11,50,0,61,0,17,59,0,76,62,0,62,138
09/19/2022,GYH,SC,ASO,ES,Federal Contract Tower,0,28,2,0,30,0,24,81,0,105,0,52,83,0,135,122,0,122,257
09/20/2022,GYH,SC,ASO,ES,Federal Contract Tower,0,16,5,1,22,0,28,57,1,86,0,44,62,2,108,78,0,78,186
09/21/2022,GYH,SC,ASO,ES,Federal Contract Tower,0,10,1,1,12,0,18,85,2,105,0,28,86,3,117,98,0,98,215
09/22/2022,GYH,SC,ASO,ES,Federal Contract Tower,0,17,0,0,17,0,21,60,0,81,0,38,60,0,98,70,0,70,168
09/23/2022,GYH,SC,ASO,ES,Federal Contract Tower,0,13,1,7,21,0,27,95,4,126,0,40,96,11,147,150,0,150,297
09/24/2022,GYH,SC,ASO,ES,Federal Contract Tower,0,11,2,0,13,0,24,101,0,125,0,35,103,0,138,122,0,122,260
09/25/2022,GYH,SC,ASO,ES,Federal Contract Tower,0,8,2,0,10,0,18,64,0,82,0,26,66,0,92,74,0,74,166
09/26/2022,GYH,SC,ASO,ES,Federal Contract Tower,0,17,2,0,19,0,15,108,6,129,0,32,110,6,148,172,2,174,322
09/27/2022,GYH,SC,ASO,ES,Federal Contract Tower,0,9,0,1,10,0,7,108,6,121,0,16,108,7,131,144,0,144,275
09/28/2022,GYH,SC,ASO,ES,Federal Contract Tower,0,12,3,2,17,0,26,114,9,149,0,38,117,11,166,156,0,156,322
09/29/2022,GYH,SC,ASO,ES,Federal Contract Tower,0,9,0,0,9,0,13,9,4,26,0,22,9,4,35,4,0,4,39
09/30/2022,GYH,SC,ASO,ES,Federal Contract Tower,0,5,0,0,5,0,0,0,0,0,0,5,0,0,5,0,0,0,5
10/01/2022,GYH,SC,ASO,ES,Federal Contract Tower,0,4,1,0,5,0,8,45,0,53,0,12,46,0,58,34,0,34,92
10/02/2022,GYH,SC,ASO,ES,Federal Contract Tower,0,9,0,0,9,0,2,38,0,40,0,11,38,0,49,52,0,52,101
10/03/2022,GYH,SC,ASO,ES,Federal Contract Tower,0,13,2,0,15,0,21,89,0,110,0,34,91,0,125,128,0,128,253
10/04/2022,GYH,SC,ASO,ES,Federal Contract Tower,0,8,1,4,13,0,9,104,0,113,0,17,105,4,126,192,0,192,318
10/05/2022,GYH,SC,ASO,ES,Federal Contract Tower,0,2,5,0,7,0,14,178,8,200,0,16,183,8,207,288,0,288,495
10/06/2022,GYH,SC,ASO,ES,Federal Contract Tower,0,6,0,1,7,0,23,105,12,140,0,29,105,13,147,138,0,138,285
10/07/2022,GYH,SC,ASO,ES,Federal Contract Tower,0,11,3,5,19,0,35,171,3,209,0,46,174,8,228,190,0,190,418
10/08/2022,GYH,SC,ASO,ES,Federal Contract Tower,0,3,1,0,4,0,16,95,0,111,0,19,96,0,115,122,0,122,237
10/09/2022,GYH,SC,ASO,ES,Federal Contract Tower,0,15,5,0,20,0,18,42,0,60,0,33,47,0,80,54,0,54,134
10/10/2022,GYH,SC,ASO,ES,Federal Contract Tower,0,14,4,0,18,0,26,96,0,122,0,40,100,0,140,114,0,114,254
10/11/2022,GYH,SC,ASO,ES,Federal Contract Tower,0,12,1,2,15,0,12,136,21,169,0,24,137,23,184,168,0,168,352
10/12/2022,GYH,SC,ASO,ES,Federal Contract Tower,0,13,0,5,18,0,4,2,1,7,0,17,2,6,25,0,0,0,25
10/13/2022,GYH,SC,ASO,ES,Federal Contract Tower,0,11,2,0,13,0,2,23,24,49,0,13,25,24,62,30,0,30,92
10/14/2022,GYH,SC,ASO,ES,Federal Contract Tower,0,15,3,1,19,0,8,92,14,114,0,23,95,15,133,128,2,130,263
10/15/2022,GYH,SC,ASO,ES,Federal Contract Tower,0,16,2,0,18,0,18,95,10,123,0,34,97,10,141,142,2,144,285
10/16/2022,GYH,SC,ASO,ES,Federal Contract Tower,0,12,2,0,14,0,26,36,4,66,0,38,38,4,80,46,2,48,128
10/17/2022,GYH,SC,ASO,ES,Federal Contract Tower,0,14,2,1,17,0,27,76,0,103,0,41,78,1,120,106,0,106,226
10/18/2022,GYH,SC,ASO,ES,Federal Contract Tower,0,11,6,4,21,0,21,45,15,81,0,32,51,19,102,36,4,40,142
10/19/2022,GYH,SC,ASO,ES,Federal Contract Tower,0,9,2,0,11,0,15,111,41,167,0,24,113,41,178,194,0,194,372
10/20/2022,GYH,SC,ASO,ES,Federal Contract Tower,0,11,0,4,15,0,21,82,6,109,0,32,82,10,124,168,0,168,292
10/21/2022,GYH,SC,ASO,ES,Federal Contract Tower,0,14,2,2,18,0,12,93,1,106,0,26,95,3,124,128,0,128,252
10/22/2022,GYH,SC,ASO,ES,Federal Contract Tower,0,8,2,0,10,0,7,116,0,123,0,15,118,0,133,62,0,62,195
10/23/2022,GYH,SC,ASO,ES,Federal Contract Tower,0,7,1,0,8,0,14,42,0,56,0,21,43,0,64,46,0,46,110
10/24/2022,GYH,SC,ASO,ES,Federal Contract Tower,0,8,4,0,12,0,10,74,0,84,0,18,78,0,96,84,0,84,180
10/25/2022,GYH,SC,ASO,ES,Federal Contract Tower,0,7,3,6,16,0,12,90,17,119,0,19,93,23,135,140,0,140,275
10/26/2022,GYH,SC,ASO,ES,Federal Contract Tower,0,13,0,3,16,0,9,27,18,54,0,22,27,21,70,30,0,30,100
10/27/2022,GYH,SC,ASO,ES,Federal Contract Tower,0,12,2,4,18,0,26,73,23,122,0,38,75,27,140,122,2,124,264
10/28/2022,GYH,SC,ASO,ES,Federal Contract Tower,0,20,5,0,25,0,24,81,11,116,0,44,86,11,141,104,0,104,245
10/29/2022,GYH,SC,ASO,ES,Federal Contract Tower,0,7,5,0,12,0,0,20,0,20,0,7,25,0,32,14,0,14,46
10/30/2022,GYH,SC,ASO,ES,Federal Contract Tower,0,13,0,1,14,0,0,0,0,0,0,13,0,1,14,0,0,0,14
10/31/2022,GYH,SC,ASO,ES,Federal Contract Tower,0,9,4,1,14,0,0,0,0,0,0,9,4,1,14,0,0,0,14
11/01/2022,GYH,SC,ASO,ES,Federal Contract Tower,0,14,3,9,26,0,47,39,19,105,0,61,42,28,131,52,2,54,185
11/02/2022,GYH,SC,ASO,ES,Federal Contract Tower,0,23,3,3,29,0,15,84,13,112,0,38,87,16,141,128,0,128,269
11/03/2022,GYH,SC,ASO,ES,Federal Contract Tower,0,17,1,3,21,0,26,144,13,183,0,43,145,16,204,196,0,196,400
11/04/2022,GYH,SC,ASO,ES,Federal Contract Tower,0,6,4,5,15,0,25,118,3,146,0,31,122,8,161,132,2,134,295
11/05/2022,GYH,SC,ASO,ES,Federal Contract Tower,0,9,2,4,15,0,0,0,0,0,0,9,2,4,15,0,0,0,15
11/06/2022,GYH,SC,ASO,ES,Federal Contract Tower,0,10,2,0,12,0,1,21,4,26,0,11,23,4,38,42,4,46,84
11/07/2022,GYH,SC,ASO,ES,Federal Contract Tower,0,12,3,4,19,0,14,50,8,72,0,26,53,12,91,100,2,102,193
11/08/2022,GYH,SC,ASO,ES,Federal Contract Tower,0,16,0,1,17,0,28,60,24,112,0,44,60,25,129,104,0,104,233
11/09/2022,GYH,SC,ASO,ES,Federal Contract Tower,0,12,2,2,16,0,6,26,30,62,0,18,28,32,78,26,2,28,106
11/10/2022,GYH,SC,ASO,ES,Federal Contract Tower,0,15,1,0,16,0,2,0,0,2,0,17,1,0,18,0,0,0,18
11/11/2022,GYH,SC,ASO,ES,Federal Contract Tower,0,7,0,0,7,0,0,0,0,0,0,7,0,0,7,0,0,0,7
11/12/2022,GYH,SC,ASO,ES,Federal Contract Tower,0,14,1,0,15,0,36,61,12,109,0,50,62,12,124,104,0,104,228
11/13/2022,GYH,SC,ASO,ES,Federal Contract Tower,0,20,6,0,26,0,22,65,0,87,0,42,71,0,113,80,0,80,193
11/14/2022,GYH,SC,ASO,ES,Federal Contract Tower,0,15,5,0,20,0,19,105,3,127,0,34,110,3,147,150,0,150,297
11/15/2022,GYH,SC,ASO,ES,Federal Contract Tower,0,13,0,0,13,0,0,0,0,0,0,13,0,0,13,0,0,0,13
11/16/2022,GYH,SC,ASO,ES,Federal Contract Tower,0,28,6,5,39,0,23,57,52,132,0,51,63,57,171,128,8,136,307
11/17/2022,GYH,SC,ASO,ES,Federal Contract Tower,0,17,6,1,24,0,7,96,39,142,0,24,102,40,166,166,14,180,346
11/18/2022,GYH,SC,ASO,ES,Federal Contract Tower,0,13,5,0,18,0,24,149,7,180,0,37,154,7,198,196,0,196,394
11/19/2022,GYH,SC,ASO,ES,Federal Contract Tower,0,12,0,0,12,0,27,59,0,86,0,39,59,0,98,84,0,84,182
11/20/2022,GYH,SC,ASO,ES,Federal Contract Tower,0,10,1,0,11,0,20,47,0,67,0,30,48,0,78,52,0,52,130
11/21/2022,GYH,SC,ASO,ES,Federal Contract Tower,0,10,7,2,19,0,36,90,1,127,0,46,97,3,146,146,6,152,298
11/22/2022,GYH,SC,ASO,ES,Federal Contract Tower,0,17,4,7,28,0,25,75,14,114,0,42,79,21,142,130,4,134,276
11/23/2022,GYH,SC,ASO,ES,Federal Contract Tower,0,11,2,1,14,0,28,68,0,96,0,39,70,1,110,88,0,88,198
11/24/2022,GYH,SC,ASO,ES,Federal Contract Tower,0,2,2,0,4,0,0,6,0,6,0,2,8,0,10,2,0,2,12
11/25/2022,GYH,SC,ASO,ES,Federal Contract Tower,0,9,2,0,11,0,16,31,0,47,0,25,33,0,58,36,0,36,94
11/26/2022,GYH,SC,ASO,ES,Federal Contract Tower,0,11,3,0,14,0,20,55,0,75,0,31,58,0,89,64,0,64,153
11/27/2022,GYH,SC,ASO,ES,Federal Contract Tower,0,14,2,0,16,0,18,4,0,22,0,32,6,0,38,8,0,8,46
11/28/2022,GYH,SC,ASO,ES,Federal Contract Tower,0,10,1,1,12,0,22,76,2,100,0,32,77,3,112,120,2,122,234
11/29/2022,GYH,SC,ASO,ES,Federal Contract Tower,0,10,4,1,15,0,25,78,24,127,0,35,82,25,142,122,16,138,280
11/30/2022,GYH,SC,ASO,ES,Federal Contract Tower,0,11,0,0,11,0,15,11,34,60,0,26,11,34,71,22,0,22,93
12/01/2022,GYH,SC,ASO,ES,Federal Contract Tower,0,19,1,1,21,0,21,81,21,123,0,40,82,22,144,148,0,148,292
12/02/2022,GYH,SC,ASO,ES,Federal Contract Tower,0,17,3,0,20,0,16,89,0,105,0,33,92,0,125,126,0,126,251
12/03/2022,GYH,SC,ASO,ES,Federal Contract Tower,0,8,0,0,8,0,0,0,0,0,0,8,0,0,8,0,0,0,8
12/04/2022,GYH,SC,ASO,ES,Federal Contract Tower,0,4,2,0,6,0,6,47,0,53,0,10,49,0,59,74,0,74,133
12/05/2022,GYH,SC,ASO,ES,Federal Contract Tower,0,6,7,0,13,0,2,27,0,29,0,8,34,0,42,32,0,32,74
12/06/2022,GYH,SC,ASO,ES,Federal Contract Tower,0,10,2,0,12,0,0,0,0,0,0,10,2,0,12,0,0,0,12
12/07/2022,GYH,SC,ASO,ES,Federal Contract Tower,0,18,0,0,18,0,0,0,0,0,0,18,0,0,18,0,0,0,18
12/08/2022,GYH,SC,ASO,ES,Federal Contract Tower,0,35,0,6,41,0,0,34,20,54,0,35,34,26,95,48,0,48,143
12/09/2022,GYH,SC,ASO,ES,Federal Contract Tower,0,18,1,0,19,0,0,0,0,0,0,18,1,0,19,0,0,0,19
12/10/2022,GYH,SC,ASO,ES,Federal Contract Tower,0,5,3,0,8,0,0,0,0,0,0,5,3,0,8,0,0,0,8
12/11/2022,GYH,SC,ASO,ES,Federal Contract Tower,0,18,0,0,18,0,0,1,0,1,0,18,1,0,19,0,0,0,19
12/12/2022,GYH,SC,ASO,ES,Federal Contract Tower,0,11,2,3,16,0,31,84,2,117,0,42,86,5,133,126,2,128,261
12/13/2022,GYH,SC,ASO,ES,Federal Contract Tower,0,14,6,9,29,0,23,82,33,138,0,37,88,42,167,160,10,170,337
12/14/2022,GYH,SC,ASO,ES,Federal Contract Tower,0,21,0,0,21,0,2,5,0,7,0,23,5,0,28,8,0,8,36
12/15/2022,GYH,SC,ASO,ES,Federal Contract Tower,0,15,0,3,18,0,0,2,28,30,0,15,2,31,48,0,0,0,48
12/16/2022,GYH,SC,ASO,ES,Federal Contract Tower,0,24,3,0,27,0,38,87,4,129,0,62,90,4,156,150,0,150,306
12/17/2022,GYH,SC,ASO,ES,Federal Contract Tower,0,2,0,0,2,0,6,44,0,50,0,8,44,0,52,48,0,48,100
12/18/2022,GYH,SC,ASO,ES,Federal Contract Tower,0,7,0,0,7,0,15,66,0,81,0,22,66,0,88,74,0,74,162
12/19/2022,GYH,SC,ASO,ES,Federal Contract Tower,0,11,2,6,19,0,34,108,4,146,0,45,110,10,165,144,0,144,309
12/20/2022,GYH,SC,ASO,ES,Federal Contract Tower,0,5,11,3,19,0,0,87,13,100,0,5,98,16,119,102,0,102,221
12/21/2022,GYH,SC,ASO,ES,Federal Contract Tower,0,18,0,9,27,0,4,59,16,79,0,22,59,25,106,98,0,98,204
12/22/2022,GYH,SC,ASO,ES,Federal Contract Tower,0,15,0,0,15,0,0,4,0,4,0,15,4,0,19,0,0,0,19
12/23/2022,GYH,SC,ASO,ES,Federal Contract Tower,0,2,0,0,2,0,11,2,0,13,0,13,2,0,15,0,0,0,15
12/24/2022,GYH,SC,ASO,ES,Federal Contract Tower,0,5,2,0,7,0,14,23,0,37,0,19,25,0,44,28,0,28,72
12/25/2022,GYH,SC,ASO,ES,Federal Contract Tower,0,1,0,0,1,0,20,0,0,20,0,21,0,0,21,0,0,0,21
12/26/2022,GYH,SC,ASO,ES,Federal Contract Tower,0,4,3,0,7,0,34,27,0,61,0,38,30,0,68,20,0,20,88
12/27/2022,GYH,SC,ASO,ES,Federal Contract Tower,0,9,2,0,11,0,16,44,0,60,0,25,46,0,71,54,0,54,125
12/28/2022,GYH,SC,ASO,ES,Federal Contract Tower,0,8,4,0,12,0,25,57,0,82,0,33,61,0,94,82,0,82,176
12/29/2022,GYH,SC,ASO,ES,Federal Contract Tower,0,8,1,0,9,0,54,78,4,136,0,62,79,4,145,112,0,112,257
12/30/2022,GYH,SC,ASO,ES,Federal Contract Tower,0,8,3,0,11,0,22,44,0,66,0,30,47,0,77,54,0,54,131
12/31/2022,GYH,SC,ASO,ES,Federal Contract Tower,0,7,0,0,7,0,0,0,0,0,0,7,0,0,7,0,0,0,7
01/01/2023,GYH,SC,ASO,ES,Federal Contract Tower,0,5,4,0,9,0,4,0,0,4,0,9,4,0,13,0,0,0,13
01/02/2023,GYH,SC,ASO,ES,Federal Contract Tower,0,7,0,0,7,0,7,82,0,89,0,14,82,0,96,134,0,134,230
01/03/2023,GYH,SC,ASO,ES,Federal Contract Tower,0,7,0,0,7,0,0,0,0,0,0,7,0,0,7,0,0,0,7
01/04/2023,GYH,SC,ASO,ES,Federal Contract Tower,0,19,0,7,26,0,4,0,15,19,0,23,0,22,45,0,2,2,47
01/05/2023,GYH,SC,ASO,ES,Federal Contract Tower,0,12,4,2,18,0,26,90,26,142,0,38,94,28,160,164,4,168,328
01/06/2023,GYH,SC,ASO,ES,Federal Contract Tower,0,13,2,5,20,0,24,97,2,123,0,37,99,7,143,108,0,108,251
01/07/2023,GYH,SC,ASO,ES,Federal Contract Tower,0,7,3,1,11,0,6,109,6,121,0,13,112,7,132,154,4,158,290
01/08/2023,GYH,SC,ASO,ES,Federal Contract Tower,0,6,2,0,8,0,10,30,2,42,0,16,32,2,50,52,0,52,102
01/09/2023,GYH,SC,ASO,ES,Federal Contract Tower,0,19,5,1,25,0,25,78,1,104,0,44,83,2,129,124,0,124,253
01/10/2023,GYH,SC,ASO,ES,Federal Contract Tower,0,11,0,5,16,0,40,71,35,146,0,51,71,40,162,116,10,126,288
01/11/2023,GYH,SC,ASO,ES,Federal Contract Tower,0,24,2,7,33,0,10,87,22,119,0,34,89,29,152,126,26,152,304
01/12/2023,GYH,SC,ASO,ES,Federal Contract Tower,0,8,1,0,9,0,0,0,0,0,0,8,1,0,9,0,0,0,9
01/13/2023,GYH,SC,ASO,ES,Federal Contract Tower,0,9,6,3,18,0,14,43,10,67,0,23,49,13,85,28,0,28,113
01/14/2023,GYH,SC,ASO,ES,Federal Contract Tower,0,4,1,0,5,0,8,14,0,22,0,12,15,0,27,4,0,4,31
01/15/2023,GYH,SC,ASO,ES,Federal Contract Tower,0,4,1,0,5,0,11,68,0,79,0,15,69,0,84,84,0,84,168
01/16/2023,GYH,SC,ASO,ES,Federal Contract Tower,0,7,1,0,8,0,48,73,0,121,0,55,74,0,129,92,0,92,221
01/17/2023,GYH,SC,ASO,ES,Federal Contract Tower,0,17,2,2,21,0,0,0,2,2,0,17,2,4,23,0,0,0,23
01/18/2023,GYH,SC,ASO,ES,Federal Contract Tower,0,12,0,9,21,0,8,26,3,37,0,20,26,12,58,36,0,36,94
01/19/2023,GYH,SC,ASO,ES,Federal Contract Tower,0,13,0,2,15,0,12,2,27,41,0,25,2,29,56,0,0,0,56
01/20/2023,GYH,SC,ASO,ES,Federal Contract Tower,0,12,6,0,18,0,27,94,16,137,0,39,100,16,155,116,6,122,277
01/21/2023,GYH,SC,ASO,ES,Federal Contract Tower,0,6,4,0,10,0,12,63,0,75,0,18,67,0,85,100,0,100,185
01/22/2023,GYH,SC,ASO,ES,Federal Contract Tower,0,3,2,6,11,0,0,0,0,0,0,3,2,6,11,0,0,0,11
01/23/2023,GYH,SC,ASO,ES,Federal Contract Tower,0,10,5,2,17,0,11,66,7,84,0,21,71,9,101,90,8,98,199
01/24/2023,GYH,SC,ASO,ES,Federal Contract Tower,0,8,5,2,15,0,34,94,36,164,0,42,99,38,179,172,22,194,373
01/25/2023,GYH,SC,ASO,ES,Federal Contract Tower,0,6,0,0,6,0,0,0,0,0,0,6,0,0,6,0,0,0,6
01/26/2023,GYH,SC,ASO,ES,Federal Contract Tower,0,17,3,4,24,0,14,50,29,93,0,31,53,33,117,62,4,66,183
01/27/2023,GYH,SC,ASO,ES,Federal Contract Tower,0,6,1,0,7,0,34,92,9,135,0,40,93,9,142,124,2,126,268
01/28/2023,GYH,SC,ASO,ES,Federal Contract Tower,0,9,0,0,9,0,22,101,0,123,0,31,101,0,132,136,0,136,268
01/29/2023,GYH,SC,ASO,ES,Federal Contract Tower,0,3,4,0,7,0,12,42,0,54,0,15,46,0,61,54,0,54,115
01/30/2023,GYH,SC,ASO,ES,Federal Contract Tower,0,5,0,0,5,0,14,118,8,140,0,19,118,8,145,168,8,176,321
01/31/2023,GYH,SC,ASO,ES,Federal Contract Tower,0,12,1,0,13,0,0,0,10,10,0,12,1,10,23,0,14,14,37
02/01/2023,GYH,SC,ASO,ES,Federal Contract Tower,0,16,1,6,23,0,30,43,22,95,0,46,44,28,118,76,4,80,198
02/02/2023,GYH,SC,ASO,ES,Federal Contract Tower,0,8,0,0,8,0,0,0,0,0,0,8,0,0,8,0,0,0,8
02/03/2023,GYH,SC,ASO,ES,Federal Contract Tower,0,8,1,3,12,0,17,110,2,129,0,25,111,5,141,164,12,176,317
02/04/2023,GYH,SC,ASO,ES,Federal Contract Tower,0,2,0,1,3,0,14,63,1,78,0,16,63,2,81,90,0,90,171
02/05/2023,GYH,SC,ASO,ES,Federal Contract Tower,0,8,1,0,9,0,18,37,1,56,0,26,38,1,65,44,0,44,109
02/06/2023,GYH,SC,ASO,ES,Federal Contract Tower,0,9,1,1,11,0,34,79,6,119,0,43,80,7,130,98,4,102,232
02/07/2023,GYH,SC,ASO,ES,Federal Contract Tower,0,8,3,1,12,0,10,90,27,127,0,18,93,28,139,146,16,162,301
02/08/2023,GYH,SC,ASO,ES,Federal Contract Tower,0,18,0,6,24,0,36,89,4,129,0,54,89,10,153,144,2,146,299
02/09/2023,GYH,SC,ASO,ES,Federal Contract Tower,0,10,1,5,16,0,12,35,9,56,0,22,36,14,72,56,0,56,128
02/10/2023,GYH,SC,ASO,ES,Federal Contract Tower,0,11,4,3,18,0,26,79,0,105,0,37,83,3,123,118,0,118,241
02/11/2023,GYH,SC,ASO,ES,Federal Contract Tower,0,3,0,0,3,0,0,47,2,49,0,3,47,2,52,82,0,82,134
02/12/2023,GYH,SC,ASO,ES,Federal Contract Tower,0,9,2,0,11,0,0,11,0,11,0,9,13,0,22,20,0,20,42
02/13/2023,GYH,SC,ASO,ES,Federal Contract Tower,0,11,4,4,19,0,20,69,8,97,0,31,73,12,116,106,4,110,226
02/14/2023,GYH,SC,ASO,ES,Federal Contract Tower,0,9,0,1,10,0,6,89,22,117,0,15,89,23,127,158,4,162,289
02/15/2023,GYH,SC,ASO,ES,Federal Contract Tower,0,13,2,5,20,0,2,52,47,101,0,15,54,52,121,80,36,116,237
02/16/2023,GYH,SC,ASO,ES,Federal Contract Tower,0,6,0,10,16,0,16,35,31,82,0,22,35,41,98,64,32,96,194
02/17/2023,GYH,SC,ASO,ES,Federal Contract Tower,0,9,1,0,10,0,36,20,0,56,0,45,21,0,66,24,0,24,90
02/18/2023,GYH,SC,ASO,ES,Federal Contract Tower,0,10,2,0,12,0,22,128,0,150,0,32,130,0,162,146,0,146,308
02/19/2023,GYH,SC,ASO,ES,Federal Contract Tower,0,10,5,0,15,0,14,36,0,50,0,24,41,0,65,38,0,38,103
02/20/2023,GYH,SC,ASO,ES,Federal Contract Tower,0,3,1,0,4,0,14,75,4,93,0,17,76,4,97,98,0,98,195
02/21/2023,GYH,SC,ASO,ES,Federal Contract Tower,0,14,1,12,27,0,20,43,38,101,0,34,44,50,128,56,40,96,224
02/22/2023,GYH,SC,ASO,ES,Federal Contract Tower,0,12,2,2,16,0,4,14,23,41,0,16,16,25,57,8,12,20,77
02/23/2023,GYH,SC,ASO,ES,Federal Contract Tower,0,12,0,3,15,0,8,18,44,70,0,20,18,47,85,18,18,36,121
02/24/2023,GYH,SC,ASO,ES,Federal Contract Tower,0,6,2,2,10,0,22,122,19,163,0,28,124,21,173,158,8,166,339
02/25/2023,GYH,SC,ASO,ES,Federal Contract Tower,0,5,7,0,12,0,0,0,0,0,0,5,7,0,12,0,0,0,12
02/26/2023,GYH,SC,ASO,ES,Federal Contract Tower,0,11,1,1,13,0,19,27,0,46,0,30,28,1,59,46,0,46,105
02/27/2023,GYH,SC,ASO,ES,Federal Contract Tower,0,8,2,2,12,0,5,2,0,7,0,13,4,2,19,0,0,0,19
02/28/2023,GYH,SC,ASO,ES,Federal Contract Tower,0,6,2,0,8,0,9,73,38,120,0,15,75,38,128,106,14,120,248
03/01/2023,GYH,SC,ASO,ES,Federal Contract Tower,0,12,0,2,14,0,16,58,20,94,0,28,58,22,108,58,0,58,166
03/02/2023,GYH,SC,ASO,ES,Federal Contract Tower,0,22,3,1,26,0,17,23,12,52,0,39,26,13,78,30,12,42,120
03/03/2023,GYH,SC,ASO,ES,Federal Contract Tower,0,6,1,2,9,0,0,1,0,1,0,6,2,2,10,0,0,0,10
03/04/2023,GYH,SC,ASO,ES,Federal Contract Tower,0,9,1,0,10,0,14,62,2,78,0,23,63,2,88,84,0,84,172
03/05/2023,GYH,SC,ASO,ES,Federal Contract Tower,0,19,1,0,20,0,19,60,5,84,0,38,61,5,104,74,0,74,178
03/06/2023,GYH,SC,ASO,ES,Federal Contract Tower,0,16,2,0,18,0,18,69,0,87,0,34,71,0,105,98,0,98,203
03/07/2023,GYH,SC,ASO,ES,Federal Contract Tower,0,24,3,6,33,0,6,50,15,71,0,30,53,21,104,60,18,78,182
03/08/2023,GYH,SC,ASO,ES,Federal Contract Tower,0,16,0,4,20,0,9,114,26,149,0,25,114,30,169,100,0,100,269
03/09/2023,GYH,SC,ASO,ES,Federal Contract Tower,0,19,2,2,23,0,12,80,19,111,0,31,82,21,134,110,8,118,252
03/10/2023,GYH,SC,ASO,ES,Federal Contract Tower,0,21,0,4,25,0,22,8,2,32,0,43,8,6,57,8,2,10,67
03/11/2023,GYH,SC,ASO,ES,Federal Contract Tower,0,4,1,0,5,0,16,38,0,54,0,20,39,0,59,40,0,40,99
03/12/2023,GYH,SC,ASO,ES,Federal Contract Tower,0,8,0,0,8,0,0,0,0,0,0,8,0,0,8,0,0,0,8
03/13/2023,GYH,SC,ASO,ES,Federal Contract Tower,0,16,3,6,25,0,9,69,2,80,0,25,72,8,105,106,0,106,211
03/14/2023,GYH,SC,ASO,ES,Federal Contract Tower,0,5,0,1,6,0,27,68,38,133,0,32,68,39,139,88,46,134,273
03/15/2023,GYH,SC,ASO,ES,Federal Contract Tower,0,9,3,5,17,0,10,50,48,108,0,19,53,53,125,70,8,78,203
03/16/2023,GYH,SC,ASO,ES,Federal Contract Tower,0,15,3,3,21,0,34,42,16,92,0,49,45,19,113,76,18,94,207
03/17/2023,GYH,SC,ASO,ES,Federal Contract Tower,0,6,1,4,11,0,0,0,0,0,0,6,1,4,11,0,0,0,11
03/18/2023,GYH,SC,ASO,ES,Federal Contract Tower,0,7,0,0,7,0,24,36,0,60,0,31,36,0,67,34,0,34,101
03/19/2023,GYH,SC,ASO,ES,Federal Contract Tower,0,9,3,0,12,0,7,61,0,68,0,16,64,0,80,94,0,94,174
03/20/2023,GYH,SC,ASO,ES,Federal Contract Tower,0,14,5,9,28,0,14,45,0,59,0,28,50,9,87,50,0,50,137
03/21/2023,GYH,SC,ASO,ES,Federal Contract Tower,0,11,2,0,13,0,20,76,6,102,0,31,78,6,115,106,4,110,225
03/22/2023,GYH,SC,ASO,ES,Federal Contract Tower,0,11,0,3,14,0,0,34,6,40,0,11,34,9,54,50,2,52,106
03/23/2023,GYH,SC,ASO,ES,Federal Contract Tower,0,11,5,4,20,0,18,62,24,104,0,29,67,28,124,74,12,86,210
03/24/2023,GYH,SC,ASO,ES,Federal Contract Tower,0,8,1,0,9,0,6,58,7,71,0,14,59,7,80,74,4,78,158
03/25/2023,GYH,SC,ASO,ES,Federal Contract Tower,0,9,0,0,9,0,5,4,0,9,0,14,4,0,18,10,0,10,28
03/26/2023,GYH,SC,ASO,ES,Federal Contract Tower,0,7,2,0,9,0,13,41,0,54,0,20,43,0,63,54,0,54,117
03/27/2023,GYH,SC,ASO,ES,Federal Contract Tower,0,8,0,2,10,0,8,65,6,79,0,16,65,8,89,104,0,104,193
03/28/2023,GYH,SC,ASO,ES,Federal Contract Tower,0,17,5,5,27,0,24,88,20,132,0,41,93,25,159,134,2,136,295
03/29/2023,GYH,SC,ASO,ES,Federal Contract Tower,0,21,2,1,24,0,24,102,9,135,0,45,104,10,159,184,0,184,343
03/30/2023,GYH,SC,ASO,ES,Federal Contract Tower,0,11,1,3,15,0,24,79,11,114,0,35,80,14,129,126,0,126,255
03/31/2023,GYH,SC,ASO,ES,Federal Contract Tower,0,13,1,0,14,0,3,81,4,88,0,16,82,4,102,112,0,112,214
04/01/2023,GYH,SC,ASO,ES,Federal Contract Tower,0,2,1,0,3,0,5,2,0,7,0,7,3,0,10,0,0,0,10
04/02/2023,GYH,SC,ASO,ES,Federal Contract Tower,0,16,5,1,22,0,16,74,3,93,0,32,79,4,115,96,6,102,217
04/03/2023,GYH,SC,ASO,ES,Federal Contract Tower,0,13,6,0,19,0,12,85,2,99,0,25,91,2,118,122,0,122,240
04/04/2023,GYH,SC,ASO,ES,Federal Contract Tower,0,13,4,2,19,0,0,154,9,163,0,13,158,11,182,210,2,212,394
04/05/2023,GYH,SC,ASO,ES,Federal Contract Tower,0,5,2,3,10,0,12,98,14,124,0,17,100,17,134,142,0,142,276
04/06/2023,GYH,SC,ASO,ES,Federal Contract Tower,0,7,1,0,8,0,8,72,17,97,0,15,73,17,105,116,0,116,221
04/07/2023,GYH,SC,ASO,ES,Federal Contract Tower,0,9,1,1,11,0,0,0,0,0,0,9,1,1,11,0,2,2,13
04/08/2023,GYH,SC,ASO,ES,Federal Contract Tower,0,3,0,1,4,0,0,0,1,1,0,3,0,2,5,0,0,0,5
04/09/2023,GYH,SC,ASO,ES,Federal Contract Tower,0,10,1,0,11,0,8,9,0,17,0,18,10,0,28,6,0,6,34
04/10/2023,GYH,SC,ASO,ES,Federal Contract Tower,0,16,3,0,19,0,23,83,7,113,0,39,86,7,132,104,2,106,238
04/11/2023,GYH,SC,ASO,ES,Federal Contract Tower,0,7,2,0,9,0,8,125,18,151,0,15,127,18,160,182,16,198,358
04/12/2023,GYH,SC,ASO,ES,Federal Contract Tower,0,8,2,0,10,0,12,140,23,175,0,20,142,23,185,192,12,204,389
04/13/2023,GYH,SC,ASO,ES,Federal Contract Tower,0,20,7,1,28,0,26,88,26,140,0,46,95,27,168,154,0,154,322
04/14/2023,GYH,SC,ASO,ES,Federal Contract Tower,0,9,1,1,11,0,0,1,0,1,0,9,2,1,12,0,0,0,12
04/15/2023,GYH,SC,ASO,ES,Federal Contract Tower,0,8,1,0,9,0,32,56,0,88,0,40,57,0,97,56,0,56,153
04/16/2023,GYH,SC,ASO,ES,Federal Contract Tower,0,13,3,0,16,0,2,19,0,21,0,15,22,0,37,28,0,28,65
04/17/2023,GYH,SC,ASO,ES,Federal Contract Tower,0,14,2,1,17,0,11,68,0,79,0,25,70,1,96,80,0,80,176
04/18/2023,GYH,SC,ASO,ES,Federal Contract Tower,0,8,1,1,10,0,17,91,6,114,0,25,92,7,124,122,0,122,246
04/19/2023,GYH,SC,ASO,ES,Federal Contract Tower,0,4,2,3,9,0,26,88,13,127,0,30,90,16,136,162,0,162,298
04/20/2023,GYH,SC,ASO,ES,Federal Contract Tower,0,9,0,1,10,0,6,65,24,95,0,15,65,25,105,136,2,138,243
04/21/2023,GYH,SC,ASO,ES,Federal Contract Tower,0,3,1,2,6,0,14,75,5,94,0,17,76,7,100,104,4,108,208
04/22/2023,GYH,SC,ASO,ES,Federal Contract Tower,0,6,0,0,6,0,29,18,1,48,0,35,18,1,54,20,0,20,74
04/23/2023,GYH,SC,ASO,ES,Federal Contract Tower,0,5,2,0,7,0,4,30,0,34,0,9,32,0,41,36,0,36,77
04/24/2023,GYH,SC,ASO,ES,Federal Contract Tower,0,20,2,0,22,0,30,110,9,149,0,50,112,9,171,206,6,212,383
04/25/2023,GYH,SC,ASO,ES,Federal Contract Tower,0,11,2,0,13,0,20,79,7,106,0,31,81,7,119,120,0,120,239
04/26/2023,GYH,SC,ASO,ES,Federal Contract Tower,0,12,1,2,15,0,2,12,4,18,0,14,13,6,33,18,0,18,51
04/27/2023,GYH,SC,ASO,ES,Federal Contract Tower,0,23,2,4,29,0,0,0,0,0,0,23,2,4,29,0,0,0,29
04/28/2023,GYH,SC,ASO,ES,Federal Contract Tower,0,5,9,4,18,0,15,20,8,43,0,20,29,12,61,32,0,32,93
04/29/2023,GYH,SC,ASO,ES,Federal Contract Tower,0,11,1,0,12,0,16,45,2,63,0,27,46,2,75,42,0,42,117
04/30/2023,GYH,SC,ASO,ES,Federal Contract Tower,0,7,2,0,9,0,4,12,0,16,0,11,14,0,25,12,0,12,37
05/01/2023,GYH,SC,ASO,ES,Federal Contract Tower,0,7,4,0,11,0,14,23,0,37,0,21,27,0,48,26,0,26,74
05/02/2023,GYH,SC,ASO,ES,Federal Contract Tower,0,17,2,5,24,0,6,29,2,37,0,23,31,7,61,44,2,46,107
05/03/2023,GYH,SC,ASO,ES,Federal Contract Tower,0,9,0,3,12,0,29,59,0,88,0,38,59,3,100,52,0,52,152
05/04/2023,GYH,SC,ASO,ES,Federal Contract Tower,0,16,4,1,21,0,16,86,2,104,0,32,90,3,125,158,0,158,283
05/05/2023,GYH,SC,ASO,ES,Federal Contract Tower,0,11,1,4,16,0,40,118,1,159,0,51,119,5,175,158,0,158,333
05/06/2023,GYH,SC,ASO,ES,Federal Contract Tower,0,4,0,0,4,0,24,77,0,101,0,28,77,0,105,126,0,126,231
05/07/2023,GYH,SC,ASO,ES,Federal Contract Tower,0,7,2,0,9,0,8,37,2,47,0,15,39,2,56,44,0,44,100
05/08/2023,GYH,SC,ASO,ES,Federal Contract Tower,0,12,0,2,14,0,4,30,19,53,0,16,30,21,67,46,12,58,125
05/09/2023,GYH,SC,ASO,ES,Federal Contract Tower,0,19,1,2,22,0,28,59,17,104,0,47,60,19,126,70,12,82,208
05/10/2023,GYH,SC,ASO,ES,Federal Contract Tower,0,17,2,3,22,0,23,84,31,138,0,40,86,34,160,98,8,106,266
05/11/2023,GYH,SC,ASO,ES,Federal Contract Tower,0,13,1,4,18,0,20,97,43,160,0,33,98,47,178,154,26,180,358
05/12/2023,GYH,SC,ASO,ES,Federal Contract Tower,0,8,0,3,11,0,14,16,0,30,0,22,16,3,41,14,6,20,61
05/13/2023,GYH,SC,ASO,ES,Federal Contract Tower,0,3,0,2,5,0,15,29,2,46,0,18,29,4,51,32,0,32,83
05/14/2023,GYH,SC,ASO,ES,Federal Contract Tower,0,9,2,0,11,0,10,34,0,44,0,19,36,0,55,54,0,54,109
05/15/2023,GYH,SC,ASO,ES,Federal Contract Tower,0,9,2,3,14,0,60,73,0,133,0,69,75,3,147,110,0,110,257
05/16/2023,GYH,SC,ASO,ES,Federal Contract Tower,0,20,5,3,28,0,4,26,12,42,0,24,31,15,70,38,0,38,108
05/17/2023,GYH,SC,ASO,ES,Federal Contract Tower,0,13,1,6,20,0,10,123,16,149,0,23,124,22,169,176,14,190,359
05/18/2023,GYH,SC,ASO,ES,Federal Contract Tower,0,18,4,4,26,0,0,15,4,19,0,18,19,8,45,38,0,38,83
05/19/2023,GYH,SC,ASO,ES,Federal Contract Tower,0,12,1,6,19,0,13,79,0,92,0,25,80,6,111,104,0,104,215
05/20/2023,GYH,SC,ASO,ES,Federal Contract Tower,0,6,0,0,6,0,26,49,0,75,0,32,49,0,81,88,0,88,169
05/21/2023,GYH,SC,ASO,ES,Federal Contract Tower,0,5,5,0,10,0,16,52,0,68,0,21,57,0,78,76,0,76,154
05/22/2023,GYH,SC,ASO,ES,Federal Contract Tower,0,19,7,0,26,0,5,83,3,91,0,24,90,3,117,118,2,120,237
05/23/2023,GYH,SC,ASO,ES,Federal Contract Tower,0,21,2,0,23,0,14,154,22,190,0,35,156,22,213,194,2,196,409
05/24/2023,GYH,SC,ASO,ES,Federal Contract Tower,0,15,4,0,19,0,8,121,9,138,0,23,125,9,157,172,0,172,329
05/25/2023,GYH,SC,ASO,ES,Federal Contract Tower,0,14,1,0,15,0,23,54,0,77,0,37,55,0,92,78,0,78,170
05/26/2023,GYH,SC,ASO,ES,Federal Contract Tower,0,11,2,0,13,0,0,35,0,35,0,11,37,0,48,30,0,30,78
05/27/2023,GYH,SC,ASO,ES,Federal Contract Tower,0,7,0,0,7,0,0,0,0,0,0,7,0,0,7,0,0,0,7
05/28/2023,GYH,SC,ASO,ES,Federal Contract Tower,0,3,0,0,3,0,0,7,0,7,0,3,7,0,10,10,0,10,20
05/29/2023,GYH,SC,ASO,ES,Federal Contract Tower,0,2,2,0,4,0,14,106,6,126,0,16,108,6,130,144,0,144,274
05/30/2023,GYH,SC,ASO,ES,Federal Contract Tower,0,5,2,1,8,0,11,59,16,86,0,16,61,17,94,104,6,110,204
05/31/2023,GYH,SC,ASO,ES,Federal Contract Tower,0,9,7,0,16,0,16,49,10,75,0,25,56,10,91,66,0,66,157
06/01/2023,GYH,SC,ASO,ES,Federal Contract Tower,0,11,0,3,14,0,7,117,17,141,0,18,117,20,155,166,6,172,327
06/02/2023,GYH,SC,ASO,ES,Federal Contract Tower,0,2,2,6,10,0,15,75,4,94,0,17,77,10,104,92,2,94,198
06/03/2023,GYH,SC,ASO,ES,Federal Contract Tower,0,1,0,0,1,0,16,57,0,73,0,17,57,0,74,74,0,74,148
06/04/2023,GYH,SC,ASO,ES,Federal Contract Tower,0,4,4,3,11,0,20,28,5,53,0,24,32,8,64,28,0,28,92
06/05/2023,GYH,SC,ASO,ES,Federal Contract Tower,0,7,1,5,13,0,14,111,8,133,0,21,112,13,146,172,6,178,324
06/06/2023,GYH,SC,ASO,ES,Federal Contract Tower,0,10,2,2,14,0,26,65,17,108,0,36,67,19,122,80,14,94,216
06/07/2023,GYH,SC,ASO,ES,Federal Contract Tower,0,9,0,4,13,0,6,62,35,103,0,15,62,39,116,124,8,132,248
06/08/2023,GYH,SC,ASO,ES,Federal Contract Tower,0,13,1,6,20,0,58,104,23,185,0,71,105,29,205,128,0,128,333
06/09/2023,GYH,SC,ASO,ES,Federal Contract Tower,0,5,0,0,5,0,24,80,1,105,0,29,80,1,110,110,0,110,220
06/10/2023,GYH,SC,ASO,ES,Federal Contract Tower,0,5,4,0,9,0,40,107,4,151,0,45,111,4,160,150,4,154,314
06/11/2023,GYH,SC,ASO,ES,Federal Contract Tower,0,3,1,0,4,0,6,0,0,6,0,9,1,0,10,0,0,0,10
06/12/2023,GYH,SC,ASO,ES,Federal Contract Tower,0,9,0,2,11,0,20,51,0,71,0,29,51,2,82,80,0,80,162
06/13/2023,GYH,SC,ASO,ES,Federal Contract Tower,0,10,0,4,14,0,26,108,19,153,0,36,108,23,167,128,18,146,313
06/14/2023,GYH,SC,ASO,ES,Federal Contract Tower,0,13,0,2,15,0,13,46,65,124,0,26,46,67,139,54,26,80,219
06/15/2023,GYH,SC,ASO,ES,Federal Contract Tower,0,18,0,2,20,0,14,76,31,121,0,32,76,33,141,94,16,110,251
06/16/2023,GYH,SC,ASO,ES,Federal Contract Tower,0,7,5,0,12,0,16,110,0,126,0,23,115,0,138,124,0,124,262
06/17/2023,GYH,SC,ASO,ES,Federal Contract Tower,0,5,1,0,6,0,20,60,0,80,0,25,61,0,86,56,0,56,142
06/18/2023,GYH,SC,ASO,ES,Federal Contract Tower,0,6,0,1,7,0,7,17,0,24,0,13,17,1,31,18,0,18,49
06/19/2023,GYH,SC,ASO,ES,Federal Contract Tower,0,7,0,0,7,0,11,2,0,13,0,18,2,0,20,0,0,0,20
06/20/2023,GYH,SC,ASO,ES,Federal Contract Tower,0,9,1,3,13,0,0,6,0,6,0,9,7,3,19,8,0,8,27
06/21/2023,GYH,SC,ASO,ES,Federal Contract Tower,0,12,1,3,16,0,0,0,0,0,0,12,1,3,16,0,0,0,16
06/22/2023,GYH,SC,ASO,ES,Federal Contract Tower,0,12,1,14,27,0,0,0,0,0,0,12,1,14,27,0,0,0,27
06/23/2023,GYH,SC,ASO,ES,Federal Contract Tower,0,12,1,0,13,0,4,71,47,122,0,16,72,47,135,92,62,154,289
06/24/2023,GYH,SC,ASO,ES,Federal Contract Tower,0,4,1,0,5,0,0,65,0,65,0,4,66,0,70,86,0,86,156
06/25/2023,GYH,SC,ASO,ES,Federal Contract Tower,0,7,1,0,8,0,0,48,0,48,0,7,49,0,56,30,0,30,86
06/26/2023,GYH,SC,ASO,ES,Federal Contract Tower,0,6,5,0,11,0,32,74,0,106,0,38,79,0,117,104,0,104,221
06/27/2023,GYH,SC,ASO,ES,Federal Contract Tower,0,10,1,6,17,0,32,70,50,152,0,42,71,56,169,98,26,124,293
06/28/2023,GYH,SC,ASO,ES,Federal Contract Tower,0,11,0,1,12,0,14,62,48,124,0,25,62,49,136,94,34,128,264
06/29/2023,GYH,SC,ASO,ES,Federal Contract Tower,0,15,2,0,17,0,23,90,50,163,0,38,92,50,180,148,4,152,332
06/30/2023,GYH,SC,ASO,ES,Federal Contract Tower,0,5,3,0,8,0,14,82,11,107,0,19,85,11,115,100,12,112,227
07/01/2023,GYH,SC,ASO,ES,Federal Contract Tower,0,15,0,0,15,0,8,63,0,71,0,23,63,0,86,88,0,88,174
07/02/2023,GYH,SC,ASO,ES,Federal Contract Tower,0,3,1,0,4,0,13,49,0,62,0,16,50,0,66,64,0,64,130
07/03/2023,GYH,SC,ASO,ES,Federal Contract Tower,0,2,3,0,5,0,23,76,0,99,0,25,79,0,104,100,0,100,204
07/04/2023,GYH,SC,ASO,ES,Federal Contract Tower,0,0,2,0,2,0,11,23,0,34,0,11,25,0,36,18,0,18,54
07/05/2023,GYH,SC,ASO,ES,Federal Contract Tower,0,13,0,5,18,0,2,77,13,92,0,15,77,18,110,118,0,118,228
07/06/2023,GYH,SC,ASO,ES,Federal Contract Tower,0,7,1,2,10,0,12,83,26,121,0,19,84,28,131,146,0,146,277
07/07/2023,GYH,SC,ASO,ES,Federal Contract Tower,0,12,1,0,13,0,21,75,4,100,0,33,76,4,113,112,0,112,225
07/08/2023,GYH,SC,ASO,ES,Federal Contract Tower,0,14,2,0,16,0,4,71,0,75,0,18,73,0,91,114,0,114,205
07/09/2023,GYH,SC,ASO,ES,Federal Contract Tower,0,2,2,1,5,0,22,66,0,88,0,24,68,1,93,100,0,100,193
07/10/2023,GYH,SC,ASO,ES,Federal Contract Tower,0,6,6,2,14,0,4,59,0,63,0,10,65,2,77,80,0,80,157
07/11/2023,GYH,SC,ASO,ES,Federal Contract Tower,0,11,6,0,17,0,6,82,10,98,0,17,88,10,115,136,0,136,251
07/12/2023,GYH,SC,ASO,ES,Federal Contract Tower,0,12,1,2,15,0,8,91,4,103,0,20,92,6,118,128,0,128,246
07/13/2023,GYH,SC,ASO,ES,Federal Contract Tower,0,6,0,4,10,0,26,95,13,134,0,32,95,17,144,156,0,156,300
07/14/2023,GYH,SC,ASO,ES,Federal Contract Tower,0,9,2,1,12,0,6,91,0,97,0,15,93,1,109,168,0,168,277
07/15/2023,GYH,SC,ASO,ES,Federal Contract Tower,0,6,2,0,8,0,2,68,0,70,0,8,70,0,78,18,0,18,96
07/16/2023,GYH,SC,ASO,ES,Federal Contract Tower,0,16,0,0,16,0,1,44,0,45,0,17,44,0,61,60,0,60,121
07/17/2023,GYH,SC,ASO,ES,Federal Contract Tower,0,12,3,1,16,0,15,73,0,88,0,27,76,1,104,106,0,106,210
07/18/2023,GYH,SC,ASO,ES,Federal Contract Tower,0,25,2,4,31,0,9,63,9,81,0,34,65,13,112,92,0,92,204
07/19/2023,GYH,SC,ASO,ES,Federal Contract Tower,0,16,0,0,16,0,18,48,13,79,0,34,48,13,95,52,0,52,147
07/20/2023,GYH,SC,ASO,ES,Federal Contract Tower,0,9,2,3,14,0,2,65,4,71,0,11,67,7,85,92,2,94,179
07/21/2023,GYH,SC,ASO,ES,Federal Contract Tower,0,5,4,1,10,0,2,85,0,87,0,7,89,1,97,102,0,102,199
07/22/2023,GYH,SC,ASO,ES,Federal Contract Tower,0,6,0,0,6,0,0,40,0,40,0,6,40,0,46,56,0,56,102
07/23/2023,GYH,SC,ASO,ES,Federal Contract Tower,0,7,2,0,9,0,8,33,0,41,0,15,35,0,50,44,0,44,94
07/24/2023,GYH,SC,ASO,ES,Federal Contract Tower,0,16,3,6,25,0,7,77,9,93,0,23,80,15,118,104,0,104,222
07/25/2023,GYH,SC,ASO,ES,Federal Contract Tower,0,5,3,2,10,0,9,60,10,79,0,14,63,12,89,74,0,74,163
07/26/2023,GYH,SC,ASO,ES,Federal Contract Tower,0,10,1,2,13,0,3,81,21,105,0,13,82,23,118,140,2,142,260
07/27/2023,GYH,SC,ASO,ES,Federal Contract Tower,0,7,3,3,13,0,26,48,48,122,0,33,51,51,135,92,0,92,227
07/28/2023,GYH,SC,ASO,ES,Federal Contract Tower,0,11,4,5,20,0,7,65,13,85,0,18,69,18,105,62,0,62,167
07/29/2023,GYH,SC,ASO,ES,Federal Contract Tower,0,2,0,0,2,0,18,26,0,44,0,20,26,0,46,40,0,40,86
07/30/2023,GYH,SC,ASO,ES,Federal Contract Tower,0,9,1,1,11,0,28,51,0,79,0,37,52,1,90,66,0,66,156
07/31/2023,GYH,SC,ASO,ES,Federal Contract Tower,0,6,4,3,13,0,25,62,0,87,0,31,66,3,100,90,0,90,190
08/01/2023,GYH,SC,ASO,ES,Federal Contract Tower,0,8,7,4,19,0,12,35,8,55,0,20,42,12,74,44,0,44,118
08/02/2023,GYH,SC,ASO,ES,Federal Contract Tower,0,11,2,5,18,0,24,95,4,123,0,35,97,9,141,116,4,120,261
08/03/2023,GYH,SC,ASO,ES,Federal Contract Tower,0,13,1,6,20,0,0,0,0,0,0,13,1,6,20,0,0,0,20
08/04/2023,GYH,SC,ASO,ES,Federal Contract Tower,0,5,4,3,12,0,16,45,2,63,0,21,49,5,75,78,6,84,159
08/05/2023,GYH,SC,ASO,ES,Federal Contract Tower,0,9,3,0,12,0,14,72,12,98,0,23,75,12,110,86,4,90,200
08/06/2023,GYH,SC,ASO,ES,Federal Contract Tower,0,4,2,0,6,0,13,33,8,54,0,17,35,8,60,46,10,56,116
08/07/2023,GYH,SC,ASO,ES,Federal Contract Tower,0,6,1,0,7,0,3,34,0,37,0,9,35,0,44,38,0,38,82
08/08/2023,GYH,SC,ASO,ES,Federal Contract Tower,0,8,3,1,12,0,38,70,12,120,0,46,73,13,132,112,4,116,248
08/09/2023,GYH,SC,ASO,ES,Federal Contract Tower,0,9,1,0,10,0,30,89,32,151,0,39,90,32,161,130,16,146,307
08/10/2023,GYH,SC,ASO,ES,Federal Contract Tower,0,11,2,2,15,0,9,18,19,46,0,20,20,21,61,28,4,32,93
08/11/2023,GYH,SC,ASO,ES,Federal Contract Tower,0,5,4,0,9,0,18,71,13,102,0,23,75,13,111,110,2,112,223
08/12/2023,GYH,SC,ASO,ES,Federal Contract Tower,0,4,4,0,8,0,19,25,0,44,0,23,29,0,52,50,0,50,102
08/13/2023,GYH,SC,ASO,ES,Federal Contract Tower,0,8,7,0,15,0,12,28,0,40,0,20,35,0,55,16,0,16,71
08/14/2023,GYH,SC,ASO,ES,Federal Contract Tower,0,11,0,0,11,0,32,75,0,107,0,43,75,0,118,102,0,102,220
08/15/2023,GYH,SC,ASO,ES,Federal Contract Tower,0,4,3,3,10,0,33,92,12,137,0,37,95,15,147,134,16,150,297
08/16/2023,GYH,SC,ASO,ES,Federal Contract Tower,0,10,9,0,19,0,16,77,24,117,0,26,86,24,136,84,0,84,220
08/17/2023,GYH,SC,ASO,ES,Federal Contract Tower,0,3,3,2,8,0,0,69,10,79,0,3,72,12,87,98,0,98,185
08/18/2023,GYH,SC,ASO,ES,Federal Contract Tower,0,7,4,3,14,0,10,84,8,102,0,17,88,11,116,106,0,106,222
08/19/2023,GYH,SC,ASO,ES,Federal Contract Tower,0,4,2,0,6,0,14,86,2,102,0,18,88,2,108,66,0,66,174
08/20/2023,GYH,SC,ASO,ES,Federal Contract Tower,0,11,1,0,12,0,15,57,0,72,0,26,58,0,84,52,0,52,136
08/21/2023,GYH,SC,ASO,ES,Federal Contract Tower,0,11,4,3,18,0,34,52,6,92,0,45,56,9,110,76,4,80,190
08/22/2023,GYH,SC,ASO,ES,Federal Contract Tower,0,10,5,1,16,0,26,43,4,73,0,36,48,5,89,32,2,34,123
08/23/2023,GYH,SC,ASO,ES,Federal Contract Tower,0,14,3,6,23,0,9,65,8,82,0,23,68,14,105,76,8,84,189
08/24/2023,GYH,SC,ASO,ES,Federal Contract Tower,0,14,0,2,16,0,54,70,21,145,0,68,70,23,161,82,0,82,243
08/25/2023,GYH,SC,ASO,ES,Federal Contract Tower,0,8,2,1,11,0,18,71,24,113,0,26,73,25,124,90,10,100,224
08/26/2023,GYH,SC,ASO,ES,Federal Contract Tower,0,1,0,0,1,0,4,36,3,43,0,5,36,3,44,40,0,40,84
08/27/2023,GYH,SC,ASO,ES,Federal Contract Tower,0,7,2,4,13,0,10,43,4,57,0,17,45,8,70,44,8,52,122
08/28/2023,GYH,SC,ASO,ES,Federal Contract Tower,0,6,1,1,8,0,0,16,0,16,0,6,17,1,24,24,0,24,48
08/29/2023,GYH,SC,ASO,ES,Federal Contract Tower,0,8,4,2,14,0,15,27,6,48,0,23,31,8,62,48,0,48,110
08/30/2023,GYH,SC,ASO,ES,Federal Contract Tower,0,5,0,0,5,0,1,0,0,1,0,6,0,0,6,0,0,0,6
08/31/2023,GYH,SC,ASO,ES,Federal Contract Tower,0,21,3,0,24,0,4,91,4,99,0,25,94,4,123,110,2,112,235
