01/01/2020,GYR,AZ,AWP,WE,Federal Contract Tower,0,0,4,0,4,0,6,55,0,61,0,6,59,0,65,92,0,92,157
01/02/2020,GYR,AZ,AWP,WE,Federal Contract Tower,0,0,2,0,2,0,7,134,0,141,0,7,136,0,143,186,0,186,329
01/03/2020,GYR,AZ,AWP,WE,Federal Contract Tower,0,2,4,0,6,0,14,167,0,181,0,16,171,0,187,226,0,226,413
01/04/2020,GYR,AZ,AWP,WE,Federal Contract Tower,0,0,5,0,5,0,11,110,0,121,0,11,115,0,126,252,0,252,378
01/05/2020,GYR,AZ,AWP,WE,Federal Contract Tower,0,1,9,0,10,0,7,110,0,117,0,8,119,0,127,164,0,164,291
01/06/2020,GYR,AZ,AWP,WE,Federal Contract Tower,0,0,5,0,5,0,6,136,3,145,0,6,141,3,150,280,0,280,430
01/07/2020,GYR,AZ,AWP,WE,Federal Contract Tower,0,0,0,0,0,0,9,131,4,144,0,9,131,4,144,240,0,240,384
01/08/2020,GYR,AZ,AWP,WE,Federal Contract Tower,0,0,0,0,0,0,9,139,2,150,0,9,139,2,150,243,0,243,393
01/09/2020,GYR,AZ,AWP,WE,Federal Contract Tower,0,0,6,0,6,0,11,137,4,152,0,11,143,4,158,239,28,267,425
01/10/2020,GYR,AZ,AWP,WE,Federal Contract Tower,0,1,5,0,6,0,3,152,6,161,0,4,157,6,167,247,2,249,416
01/11/2020,GYR,AZ,AWP,WE,Federal Contract Tower,0,2,7,0,9,0,17,157,0,174,0,19,164,0,183,306,0,306,489
01/12/2020,GYR,AZ,AWP,WE,Federal Contract Tower,0,0,1,0,1,0,3,97,0,100,0,3,98,0,101,188,0,188,289
01/13/2020,GYR,AZ,AWP,WE,Federal Contract Tower,0,0,5,0,5,0,4,131,6,141,0,4,136,6,146,290,0,290,436
01/14/2020,GYR,AZ,AWP,WE,Federal Contract Tower,1,0,5,0,6,0,7,152,4,163,1,7,157,4,169,232,0,232,401
01/15/2020,GYR,AZ,AWP,WE,Federal Contract Tower,0,0,3,5,8,0,4,183,3,190,0,4,186,8,198,200,6,206,404
01/16/2020,GYR,AZ,AWP,WE,Federal Contract Tower,0,0,6,0,6,0,11,147,7,165,0,11,153,7,171,301,6,307,478
01/17/2020,GYR,AZ,AWP,WE,Federal Contract Tower,0,0,1,0,1,0,21,145,2,168,0,21,146,2,169,191,0,191,360
01/18/2020,GYR,AZ,AWP,WE,Federal Contract Tower,0,2,3,0,5,0,13,121,0,134,0,15,124,0,139,108,0,108,247
01/19/2020,GYR,AZ,AWP,WE,Federal Contract Tower,0,0,3,0,3,0,4,111,0,115,0,4,114,0,118,198,0,198,316
01/20/2020,GYR,AZ,AWP,WE,Federal Contract Tower,0,0,5,0,5,0,1,143,1,145,0,1,148,1,150,198,0,198,348
01/21/2020,GYR,AZ,AWP,WE,Federal Contract Tower,0,0,11,1,12,0,0,31,5,36,0,0,42,6,48,80,8,88,136
01/22/2020,GYR,AZ,AWP,WE,Federal Contract Tower,0,1,5,0,6,0,4,89,3,96,0,5,94,3,102,202,0,202,304
01/23/2020,GYR,AZ,AWP,WE,Federal Contract Tower,1,1,3,0,5,0,12,147,6,165,1,13,150,6,170,240,6,246,416
01/24/2020,GYR,AZ,AWP,WE,Federal Contract Tower,0,0,3,1,4,0,10,191,3,204,0,10,194,4,208,289,0,289,497
01/25/2020,GYR,AZ,AWP,WE,Federal Contract Tower,1,0,3,0,4,0,25,165,0,190,1,25,168,0,194,124,0,124,318
01/26/2020,GYR,AZ,AWP,WE,Federal Contract Tower,0,0,3,0,3,0,7,105,0,112,0,7,108,0,115,106,0,106,221
01/27/2020,GYR,AZ,AWP,WE,Federal Contract Tower,0,1,2,1,4,0,2,141,17,160,0,3,143,18,164,200,0,200,364
01/28/2020,GYR,AZ,AWP,WE,Federal Contract Tower,0,2,10,0,12,0,5,181,17,203,0,7,191,17,215,204,0,204,419
01/29/2020,GYR,AZ,AWP,WE,Federal Contract Tower,0,0,6,0,6,0,5,154,17,176,0,5,160,17,182,224,6,230,412
01/30/2020,GYR,AZ,AWP,WE,Federal Contract Tower,0,0,3,0,3,0,3,154,11,168,0,3,157,11,171,178,2,180,351
01/31/2020,GYR,AZ,AWP,WE,Federal Contract Tower,0,0,3,0,3,0,8,124,12,144,0,8,127,12,147,218,4,222,369
02/01/2020,GYR,AZ,AWP,CE,Federal Contract Tower,1,0,1,0,2,0,17,127,0,144,1,17,128,0,146,303,0,303,449
02/02/2020,GYR,AZ,AWP,CE,Federal Contract Tower,0,0,1,0,1,0,10,108,0,118,0,10,109,0,119,128,0,128,247
02/03/2020,GYR,AZ,AWP,CE,Federal Contract Tower,0,0,5,0,5,0,5,71,17,93,0,5,76,17,98,268,16,284,382
02/04/2020,GYR,AZ,AWP,CE,Federal Contract Tower,1,2,4,0,7,0,4,128,15,147,1,6,132,15,154,238,12,250,404
02/05/2020,GYR,AZ,AWP,CE,Federal Contract Tower,0,0,5,0,5,0,6,149,9,164,0,6,154,9,169,155,4,159,328
02/06/2020,GYR,AZ,AWP,CE,Federal Contract Tower,0,0,5,0,5,0,9,132,6,147,0,9,137,6,152,196,30,226,378
02/07/2020,GYR,AZ,AWP,CE,Federal Contract Tower,0,1,2,0,3,0,15,132,8,155,0,16,134,8,158,177,6,183,341
02/08/2020,GYR,AZ,AWP,CE,Federal Contract Tower,0,0,0,0,0,0,12,122,0,134,0,12,122,0,134,276,0,276,410
02/09/2020,GYR,AZ,AWP,CE,Federal Contract Tower,0,2,3,1,6,0,4,83,0,87,0,6,86,1,93,114,0,114,207
02/10/2020,GYR,AZ,AWP,CE,Federal Contract Tower,0,1,2,1,4,0,14,74,13,101,0,15,76,14,105,260,0,260,365
02/11/2020,GYR,AZ,AWP,CE,Federal Contract Tower,0,2,1,0,3,0,3,94,14,111,0,5,95,14,114,182,6,188,302
02/12/2020,GYR,AZ,AWP,CE,Federal Contract Tower,0,1,6,0,7,0,8,175,6,189,0,9,181,6,196,178,0,178,374
02/13/2020,GYR,AZ,AWP,CE,Federal Contract Tower,1,3,9,0,13,0,15,157,9,181,1,18,166,9,194,310,97,407,601
02/14/2020,GYR,AZ,AWP,CE,Federal Contract Tower,1,1,4,0,6,0,12,185,13,210,1,13,189,13,216,254,0,254,470
02/15/2020,GYR,AZ,AWP,CE,Federal Contract Tower,1,3,0,0,4,0,19,123,2,144,1,22,123,2,148,175,8,183,331
02/16/2020,GYR,AZ,AWP,CE,Federal Contract Tower,0,0,4,0,4,0,11,126,0,137,0,11,130,0,141,180,0,180,321
02/17/2020,GYR,AZ,AWP,CE,Federal Contract Tower,0,1,0,0,1,0,6,148,0,154,0,7,148,0,155,228,0,228,383
02/18/2020,GYR,AZ,AWP,CE,Federal Contract Tower,0,3,0,0,3,0,15,187,12,214,0,18,187,12,217,168,2,170,387
02/19/2020,GYR,AZ,AWP,CE,Federal Contract Tower,0,3,4,0,7,0,9,156,12,177,0,12,160,12,184,228,8,236,420
02/20/2020,GYR,AZ,AWP,CE,Federal Contract Tower,0,1,3,0,4,0,9,170,12,191,0,10,173,12,195,150,2,152,347
02/21/2020,GYR,AZ,AWP,CE,Federal Contract Tower,0,1,5,1,7,0,8,114,10,132,0,9,119,11,139,213,0,213,352
02/22/2020,GYR,AZ,AWP,CE,Federal Contract Tower,0,3,4,0,7,0,2,4,0,6,0,5,8,0,13,68,0,68,81
02/23/2020,GYR,AZ,AWP,CE,Federal Contract Tower,0,2,1,1,4,0,15,109,0,124,0,17,110,1,128,118,0,118,246
02/24/2020,GYR,AZ,AWP,CE,Federal Contract Tower,1,0,1,0,2,0,4,161,10,175,1,4,162,10,177,180,0,180,357
02/25/2020,GYR,AZ,AWP,CE,Federal Contract Tower,0,0,4,0,4,0,8,134,7,149,0,8,138,7,153,180,0,180,333
02/26/2020,GYR,AZ,AWP,CE,Federal Contract Tower,0,3,6,0,9,0,3,155,8,166,0,6,161,8,175,218,0,218,393
02/27/2020,GYR,AZ,AWP,CE,Federal Contract Tower,1,0,6,0,7,0,5,195,9,209,1,5,201,9,216,217,18,235,451
02/28/2020,GYR,AZ,AWP,CE,Federal Contract Tower,0,1,13,0,14,0,13,180,6,199,0,14,193,6,213,271,0,271,484
02/29/2020,GYR,AZ,AWP,CE,Federal Contract Tower,0,2,1,0,3,0,10,93,0,103,0,12,94,0,106,110,0,110,216
03/01/2020,GYR,AZ,AWP,CE,Federal Contract Tower,1,1,8,0,10,0,6,73,0,79,1,7,81,0,89,68,0,68,157
03/02/2020,GYR,AZ,AWP,CE,Federal Contract Tower,2,0,3,0,5,0,7,158,6,171,2,7,161,6,176,120,0,120,296
03/03/2020,GYR,AZ,AWP,CE,Federal Contract Tower,0,2,3,1,6,0,5,215,25,245,0,7,218,26,251,212,6,218,469
03/04/2020,GYR,AZ,AWP,CE,Federal Contract Tower,3,3,6,0,12,0,9,147,6,162,3,12,153,6,174,220,2,222,396
03/05/2020,GYR,AZ,AWP,CE,Federal Contract Tower,1,2,36,0,39,0,9,204,10,223,1,11,240,10,262,232,22,254,516
03/06/2020,GYR,AZ,AWP,CE,Federal Contract Tower,0,0,14,1,15,0,15,166,8,189,0,15,180,9,204,304,8,312,516
03/07/2020,GYR,AZ,AWP,CE,Federal Contract Tower,0,9,19,0,28,0,12,62,0,74,0,21,81,0,102,142,0,142,244
03/08/2020,GYR,AZ,AWP,CE,Federal Contract Tower,0,11,34,0,45,0,8,70,0,78,0,19,104,0,123,72,0,72,195
03/09/2020,GYR,AZ,AWP,CE,Federal Contract Tower,3,2,7,0,12,0,4,219,7,230,3,6,226,7,242,174,0,174,416
03/10/2020,GYR,AZ,AWP,CE,Federal Contract Tower,0,0,3,0,3,0,6,160,4,170,0,6,163,4,173,160,0,160,333
03/11/2020,GYR,AZ,AWP,CE,Federal Contract Tower,0,2,10,2,14,0,0,2,0,2,0,2,12,2,16,24,0,24,40
03/12/2020,GYR,AZ,AWP,CE,Federal Contract Tower,0,5,2,0,7,0,4,38,0,42,0,9,40,0,49,66,45,111,160
03/13/2020,GYR,AZ,AWP,CE,Federal Contract Tower,1,2,0,0,3,0,3,98,5,106,1,5,98,5,109,122,0,122,231
03/14/2020,GYR,AZ,AWP,CE,Federal Contract Tower,0,2,2,0,4,0,15,105,0,120,0,17,107,0,124,158,0,158,282
03/15/2020,GYR,AZ,AWP,CE,Federal Contract Tower,0,7,4,0,11,0,4,84,0,88,0,11,88,0,99,122,0,122,221
03/16/2020,GYR,AZ,AWP,CE,Federal Contract Tower,0,0,10,0,10,0,7,75,0,82,0,7,85,0,92,220,0,220,312
03/17/2020,GYR,AZ,AWP,CE,Federal Contract Tower,0,4,3,0,7,0,4,53,0,57,0,8,56,0,64,168,0,168,232
03/18/2020,GYR,AZ,AWP,CE,Federal Contract Tower,0,1,8,0,9,0,1,14,1,16,0,2,22,1,25,40,0,40,65
03/19/2020,GYR,AZ,AWP,CE,Federal Contract Tower,0,0,2,0,2,0,16,47,2,65,0,16,49,2,67,63,0,63,130
03/20/2020,GYR,AZ,AWP,CE,Federal Contract Tower,0,3,5,0,8,0,19,50,0,69,0,22,55,0,77,112,0,112,189
03/21/2020,GYR,AZ,AWP,CE,Federal Contract Tower,0,0,0,0,0,0,7,76,0,83,0,7,76,0,83,126,0,126,209
03/22/2020,GYR,AZ,AWP,CE,Federal Contract Tower,0,0,0,0,0,0,7,55,0,62,0,7,55,0,62,78,0,78,140
03/23/2020,GYR,AZ,AWP,CE,Federal Contract Tower,0,0,1,0,1,0,0,34,0,34,0,0,35,0,35,54,0,54,89
03/24/2020,GYR,AZ,AWP,CE,Federal Contract Tower,4,2,1,0,7,0,1,71,0,72,4,3,72,0,79,64,0,64,143
03/25/2020,GYR,AZ,AWP,CE,Federal Contract Tower,4,1,3,0,8,0,3,82,0,85,4,4,85,0,93,172,0,172,265
03/26/2020,GYR,AZ,AWP,CE,Federal Contract Tower,2,0,4,0,6,0,7,45,0,52,2,7,49,0,58,82,0,82,140
03/27/2020,GYR,AZ,AWP,CE,Federal Contract Tower,0,0,0,0,0,0,1,51,0,52,0,1,51,0,52,38,0,38,90
03/28/2020,GYR,AZ,AWP,CE,Federal Contract Tower,0,2,1,0,3,0,15,83,0,98,0,17,84,0,101,158,0,158,259
03/29/2020,GYR,AZ,AWP,CE,Federal Contract Tower,3,0,3,0,6,0,3,60,0,63,3,3,63,0,69,88,0,88,157
03/30/2020,GYR,AZ,AWP,CE,Federal Contract Tower,3,0,0,0,3,0,7,53,0,60,3,7,53,0,63,154,0,154,217
03/31/2020,GYR,AZ,AWP,CE,Federal Contract Tower,2,0,2,0,4,0,0,51,0,51,2,0,53,0,55,84,0,84,139
04/01/2020,GYR,AZ,AWP,CE,Federal Contract Tower,1,0,4,0,5,0,2,43,0,45,1,2,47,0,50,78,0,78,128
04/02/2020,GYR,AZ,AWP,CE,Federal Contract Tower,2,0,2,0,4,0,16,45,0,61,2,16,47,0,65,218,0,218,283
04/03/2020,GYR,AZ,AWP,CE,Federal Contract Tower,0,2,1,0,3,0,17,47,0,64,0,19,48,0,67,126,0,126,193
04/04/2020,GYR,AZ,AWP,CE,Federal Contract Tower,0,1,2,0,3,0,10,74,0,84,0,11,76,0,87,44,0,44,131
04/05/2020,GYR,AZ,AWP,CE,Federal Contract Tower,3,2,1,0,6,0,34,51,0,85,3,36,52,0,91,76,0,76,167
04/06/2020,GYR,AZ,AWP,CE,Federal Contract Tower,2,0,2,0,4,0,5,30,0,35,2,5,32,0,39,136,0,136,175
04/07/2020,GYR,AZ,AWP,CE,Federal Contract Tower,4,0,1,0,5,0,11,36,0,47,4,11,37,0,52,78,0,78,130
04/08/2020,GYR,AZ,AWP,CE,Federal Contract Tower,0,0,4,0,4,0,11,34,0,45,0,11,38,0,49,104,0,104,153
04/09/2020,GYR,AZ,AWP,CE,Federal Contract Tower,0,0,1,0,1,3,17,40,0,60,3,17,41,0,61,119,0,119,180
04/10/2020,GYR,AZ,AWP,CE,Federal Contract Tower,0,0,3,0,3,0,5,55,0,60,0,5,58,0,63,145,0,145,208
04/11/2020,GYR,AZ,AWP,CE,Federal Contract Tower,0,0,5,0,5,0,6,28,0,34,0,6,33,0,39,16,0,16,55
04/12/2020,GYR,AZ,AWP,CE,Federal Contract Tower,0,0,3,0,3,0,4,29,0,33,0,4,32,0,36,24,0,24,60
04/13/2020,GYR,AZ,AWP,CE,Federal Contract Tower,0,0,3,0,3,0,2,40,0,42,0,2,43,0,45,62,0,62,107
04/14/2020,GYR,AZ,AWP,CE,Federal Contract Tower,2,0,4,0,6,0,8,57,0,65,2,8,61,0,71,154,0,154,225
04/15/2020,GYR,AZ,AWP,CE,Federal Contract Tower,0,0,3,0,3,0,9,58,2,69,0,9,61,2,72,80,0,80,152
04/16/2020,GYR,AZ,AWP,CE,Federal Contract Tower,0,0,0,0,0,0,7,44,1,52,0,7,44,1,52,44,6,50,102
04/17/2020,GYR,AZ,AWP,CE,Federal Contract Tower,0,0,4,2,6,2,14,54,0,70,2,14,58,2,76,82,0,82,158
04/18/2020,GYR,AZ,AWP,CE,Federal Contract Tower,0,5,3,0,8,0,11,63,0,74,0,16,66,0,82,115,0,115,197
04/19/2020,GYR,AZ,AWP,CE,Federal Contract Tower,0,0,2,0,2,0,15,56,0,71,0,15,58,0,73,50,0,50,123
04/20/2020,GYR,AZ,AWP,CE,Federal Contract Tower,0,2,6,0,8,0,2,59,0,61,0,4,65,0,69,88,0,88,157
04/21/2020,GYR,AZ,AWP,CE,Federal Contract Tower,0,0,0,0,0,0,0,47,2,49,0,0,47,2,49,56,0,56,105
04/22/2020,GYR,AZ,AWP,CE,Federal Contract Tower,1,2,2,0,5,0,7,46,0,53,1,9,48,0,58,158,0,158,216
04/23/2020,GYR,AZ,AWP,CE,Federal Contract Tower,0,2,5,0,7,0,3,63,4,70,0,5,68,4,77,52,20,72,149
04/24/2020,GYR,AZ,AWP,CE,Federal Contract Tower,0,0,3,0,3,0,18,52,0,70,0,18,55,0,73,194,0,194,267
04/25/2020,GYR,AZ,AWP,CE,Federal Contract Tower,0,1,1,0,2,0,1,52,0,53,0,2,53,0,55,79,0,79,134
04/26/2020,GYR,AZ,AWP,CE,Federal Contract Tower,0,2,4,0,6,0,7,45,0,52,0,9,49,0,58,40,0,40,98
04/27/2020,GYR,AZ,AWP,CE,Federal Contract Tower,0,0,3,0,3,0,10,49,0,59,0,10,52,0,62,116,0,116,178
04/28/2020,GYR,AZ,AWP,CE,Federal Contract Tower,1,0,2,2,5,0,4,54,0,58,1,4,56,2,63,164,0,164,227
04/29/2020,GYR,AZ,AWP,CE,Federal Contract Tower,3,0,0,0,3,0,2,49,0,51,3,2,49,0,54,130,0,130,184
04/30/2020,GYR,AZ,AWP,CE,Federal Contract Tower,1,0,0,0,1,0,5,43,0,48,1,5,43,0,49,146,0,146,195
05/01/2020,GYR,AZ,AWP,CE,Federal Contract Tower,0,0,2,0,2,0,14,33,0,47,0,14,35,0,49,96,0,96,145
05/02/2020,GYR,AZ,AWP,CE,Federal Contract Tower,1,0,3,0,4,0,5,51,0,56,1,5,54,0,60,67,0,67,127
05/03/2020,GYR,AZ,AWP,CE,Federal Contract Tower,0,0,0,0,0,0,7,41,0,48,0,7,41,0,48,18,0,18,66
05/04/2020,GYR,AZ,AWP,CE,Federal Contract Tower,0,2,0,0,2,0,10,72,0,82,0,12,72,0,84,136,0,136,220
05/05/2020,GYR,AZ,AWP,CE,Federal Contract Tower,0,0,8,0,8,0,14,68,0,82,0,14,76,0,90,74,0,74,164
05/06/2020,GYR,AZ,AWP,CE,Federal Contract Tower,0,4,5,0,9,0,5,42,2,49,0,9,47,2,58,28,4,32,90
05/07/2020,GYR,AZ,AWP,CE,Federal Contract Tower,1,2,5,2,10,0,9,36,0,45,1,11,41,2,55,36,0,36,91
05/08/2020,GYR,AZ,AWP,CE,Federal Contract Tower,0,0,3,0,3,0,12,47,0,59,0,12,50,0,62,156,0,156,218
05/09/2020,GYR,AZ,AWP,CE,Federal Contract Tower,1,1,2,0,4,0,1,59,0,60,1,2,61,0,64,104,0,104,168
05/10/2020,GYR,AZ,AWP,CE,Federal Contract Tower,0,2,0,0,2,0,4,24,0,28,0,6,24,0,30,8,0,8,38
05/11/2020,GYR,AZ,AWP,CE,Federal Contract Tower,0,2,2,0,4,0,2,42,0,44,0,4,44,0,48,84,0,84,132
05/12/2020,GYR,AZ,AWP,CE,Federal Contract Tower,2,1,2,0,5,0,10,48,0,58,2,11,50,0,63,92,0,92,155
05/13/2020,GYR,AZ,AWP,CE,Federal Contract Tower,5,0,2,1,8,0,0,58,2,60,5,0,60,3,68,124,0,124,192
05/14/2020,GYR,AZ,AWP,CE,Federal Contract Tower,0,2,0,0,2,0,4,57,0,61,0,6,57,0,63,74,0,74,137
05/15/2020,GYR,AZ,AWP,CE,Federal Contract Tower,0,1,0,0,1,0,16,47,0,63,0,17,47,0,64,171,0,171,235
05/16/2020,GYR,AZ,AWP,CE,Federal Contract Tower,1,0,2,0,3,0,4,66,0,70,1,4,68,0,73,136,0,136,209
05/17/2020,GYR,AZ,AWP,CE,Federal Contract Tower,0,0,1,0,1,0,5,63,0,68,0,5,64,0,69,104,0,104,173
05/18/2020,GYR,AZ,AWP,CE,Federal Contract Tower,3,0,5,0,8,0,6,67,10,83,3,6,72,10,91,86,2,88,179
05/19/2020,GYR,AZ,AWP,CE,Federal Contract Tower,0,6,1,0,7,0,3,49,9,61,0,9,50,9,68,74,18,92,160
05/20/2020,GYR,AZ,AWP,CE,Federal Contract Tower,2,1,5,0,8,0,6,62,12,80,2,7,67,12,88,80,2,82,170
05/21/2020,GYR,AZ,AWP,CE,Federal Contract Tower,0,2,7,0,9,0,15,53,7,75,0,17,60,7,84,74,0,74,158
05/22/2020,GYR,AZ,AWP,CE,Federal Contract Tower,0,0,3,0,3,0,1,46,2,49,0,1,49,2,52,130,0,130,182
05/23/2020,GYR,AZ,AWP,CE,Federal Contract Tower,1,3,1,0,5,0,4,56,0,60,1,7,57,0,65,102,0,102,167
05/24/2020,GYR,AZ,AWP,CE,Federal Contract Tower,0,3,1,0,4,0,3,51,2,56,0,6,52,2,60,60,0,60,120
05/25/2020,GYR,AZ,AWP,CE,Federal Contract Tower,0,1,4,0,5,0,3,63,2,68,0,4,67,2,73,184,0,184,257
05/26/2020,GYR,AZ,AWP,CE,Federal Contract Tower,0,0,3,0,3,0,7,67,2,76,0,7,70,2,79,80,0,80,159
05/27/2020,GYR,AZ,AWP,CE,Federal Contract Tower,1,2,4,0,7,0,9,52,6,67,1,11,56,6,74,125,4,129,203
05/28/2020,GYR,AZ,AWP,CE,Federal Contract Tower,0,1,4,0,5,0,11,60,1,72,0,12,64,1,77,128,0,128,205
05/29/2020,GYR,AZ,AWP,CE,Federal Contract Tower,1,3,6,0,10,0,7,53,6,66,1,10,59,6,76,102,4,106,182
05/30/2020,GYR,AZ,AWP,CE,Federal Contract Tower,0,0,0,0,0,0,9,51,0,60,0,9,51,0,60,110,0,110,170
05/31/2020,GYR,AZ,AWP,CE,Federal Contract Tower,0,0,1,0,1,0,10,55,0,65,0,10,56,0,66,107,0,107,173
06/01/2020,GYR,AZ,AWP,CE,Federal Contract Tower,0,2,2,0,4,0,8,53,12,73,0,10,55,12,77,148,0,148,225
06/02/2020,GYR,AZ,AWP,CE,Federal Contract Tower,0,2,14,0,16,0,11,53,2,66,0,13,67,2,82,134,0,134,216
06/03/2020,GYR,AZ,AWP,CE,Federal Contract Tower,2,3,6,0,11,0,7,63,4,74,2,10,69,4,85,70,0,70,155
06/04/2020,GYR,AZ,AWP,CE,Federal Contract Tower,0,0,8,0,8,0,6,58,2,66,0,6,66,2,74,94,0,94,168
06/05/2020,GYR,AZ,AWP,CE,Federal Contract Tower,3,0,0,0,3,0,14,57,0,71,3,14,57,0,74,148,0,148,222
06/06/2020,GYR,AZ,AWP,CE,Federal Contract Tower,4,3,2,0,9,0,29,47,0,76,4,32,49,0,85,80,0,80,165
06/07/2020,GYR,AZ,AWP,CE,Federal Contract Tower,0,0,0,0,0,0,13,48,0,61,0,13,48,0,61,142,0,142,203
06/08/2020,GYR,AZ,AWP,CE,Federal Contract Tower,0,1,3,0,4,0,7,46,2,55,0,8,49,2,59,116,2,118,177
06/09/2020,GYR,AZ,AWP,CE,Federal Contract Tower,0,0,2,0,2,0,14,76,4,94,0,14,78,4,96,198,4,202,298
06/10/2020,GYR,AZ,AWP,CE,Federal Contract Tower,2,0,3,0,5,0,15,68,2,85,2,15,71,2,90,212,18,230,320
06/11/2020,GYR,AZ,AWP,CE,Federal Contract Tower,1,1,3,0,5,0,21,45,0,66,1,22,48,0,71,166,0,166,237
06/12/2020,GYR,AZ,AWP,CE,Federal Contract Tower,1,0,4,0,5,0,15,28,13,56,1,15,32,13,61,150,0,150,211
06/13/2020,GYR,AZ,AWP,CE,Federal Contract Tower,0,2,2,0,4,0,11,48,0,59,0,13,50,0,63,32,0,32,95
06/14/2020,GYR,AZ,AWP,CE,Federal Contract Tower,0,0,2,0,2,0,1,53,0,54,0,1,55,0,56,70,0,70,126
06/15/2020,GYR,AZ,AWP,CE,Federal Contract Tower,0,1,2,0,3,0,5,45,2,52,0,6,47,2,55,128,0,128,183
06/16/2020,GYR,AZ,AWP,CE,Federal Contract Tower,0,2,10,0,12,0,5,76,6,87,0,7,86,6,99,138,0,138,237
06/17/2020,GYR,AZ,AWP,CE,Federal Contract Tower,0,1,0,0,1,0,10,77,2,89,0,11,77,2,90,128,0,128,218
06/18/2020,GYR,AZ,AWP,CE,Federal Contract Tower,1,1,3,0,5,0,6,64,0,70,1,7,67,0,75,88,0,88,163
06/19/2020,GYR,AZ,AWP,CE,Federal Contract Tower,0,0,0,0,0,0,16,48,2,66,0,16,48,2,66,112,0,112,178
06/20/2020,GYR,AZ,AWP,CE,Federal Contract Tower,1,1,2,0,4,0,8,54,0,62,1,9,56,0,66,80,0,80,146
06/21/2020,GYR,AZ,AWP,CE,Federal Contract Tower,1,3,4,0,8,0,26,54,0,80,1,29,58,0,88,20,0,20,108
06/22/2020,GYR,AZ,AWP,CE,Federal Contract Tower,0,0,1,0,1,0,7,81,2,90,0,7,82,2,91,128,2,130,221
06/23/2020,GYR,AZ,AWP,CE,Federal Contract Tower,0,0,5,0,5,0,15,41,3,59,0,15,46,3,64,71,0,71,135
06/24/2020,GYR,AZ,AWP,CE,Federal Contract Tower,0,1,4,0,5,0,13,51,0,64,0,14,55,0,69,86,0,86,155
06/25/2020,GYR,AZ,AWP,CE,Federal Contract Tower,0,0,2,0,2,0,6,41,2,49,0,6,43,2,51,120,2,122,173
06/26/2020,GYR,AZ,AWP,CE,Federal Contract Tower,0,1,2,0,3,0,18,53,0,71,0,19,55,0,74,110,0,110,184
06/27/2020,GYR,AZ,AWP,CE,Federal Contract Tower,0,1,3,0,4,0,24,41,0,65,0,25,44,0,69,154,0,154,223
06/28/2020,GYR,AZ,AWP,CE,Federal Contract Tower,1,1,4,0,6,0,11,38,0,49,1,12,42,0,55,62,0,62,117
06/29/2020,GYR,AZ,AWP,CE,Federal Contract Tower,1,0,1,0,2,0,2,60,3,65,1,2,61,3,67,36,0,36,103
06/30/2020,GYR,AZ,AWP,CE,Federal Contract Tower,0,4,7,0,11,0,4,89,1,94,0,8,96,1,105,149,0,149,254
07/01/2020,GYR,AZ,AWP,CE,Federal Contract Tower,0,0,2,0,2,0,2,52,2,56,0,2,54,2,58,58,10,68,126
07/02/2020,GYR,AZ,AWP,CE,Federal Contract Tower,0,2,1,0,3,0,2,64,0,66,0,4,65,0,69,100,0,100,169
07/03/2020,GYR,AZ,AWP,CE,Federal Contract Tower,2,0,0,0,2,0,8,46,0,54,2,8,46,0,56,104,0,104,160
07/04/2020,GYR,AZ,AWP,CE,Federal Contract Tower,0,1,0,0,1,0,5,36,0,41,0,6,36,0,42,70,0,70,112
07/05/2020,GYR,AZ,AWP,CE,Federal Contract Tower,0,0,3,0,3,0,3,43,0,46,0,3,46,0,49,10,0,10,59
07/06/2020,GYR,AZ,AWP,CE,Federal Contract Tower,0,0,1,0,1,0,7,50,2,59,0,7,51,2,60,64,2,66,126
07/07/2020,GYR,AZ,AWP,CE,Federal Contract Tower,0,1,4,0,5,0,6,52,2,60,0,7,56,2,65,80,0,80,145
07/08/2020,GYR,AZ,AWP,CE,Federal Contract Tower,0,0,3,0,3,0,7,56,2,65,0,7,59,2,68,164,0,164,232
07/09/2020,GYR,AZ,AWP,CE,Federal Contract Tower,0,2,1,0,3,0,6,67,2,75,0,8,68,2,78,164,0,164,242
07/10/2020,GYR,AZ,AWP,CE,Federal Contract Tower,0,0,4,0,4,0,5,66,2,73,0,5,70,2,77,136,0,136,213
07/11/2020,GYR,AZ,AWP,CE,Federal Contract Tower,0,2,1,0,3,0,0,38,0,38,0,2,39,0,41,86,0,86,127
07/12/2020,GYR,AZ,AWP,CE,Federal Contract Tower,0,0,6,0,6,0,0,27,0,27,0,0,33,0,33,22,0,22,55
07/13/2020,GYR,AZ,AWP,CE,Federal Contract Tower,0,0,3,0,3,0,5,47,2,54,0,5,50,2,57,26,2,28,85
07/14/2020,GYR,AZ,AWP,CE,Federal Contract Tower,0,1,2,0,3,0,15,53,0,68,0,16,55,0,71,106,0,106,177
07/15/2020,GYR,AZ,AWP,CE,Federal Contract Tower,0,0,4,0,4,0,5,70,4,79,0,5,74,4,83,70,0,70,153
07/16/2020,GYR,AZ,AWP,CE,Federal Contract Tower,1,3,3,0,7,0,7,56,3,66,1,10,59,3,73,92,0,92,165
07/17/2020,GYR,AZ,AWP,CE,Federal Contract Tower,0,2,8,0,10,0,6,73,0,79,0,8,81,0,89,83,0,83,172
07/18/2020,GYR,AZ,AWP,CE,Federal Contract Tower,0,1,2,0,3,0,8,55,0,63,0,9,57,0,66,102,0,102,168
07/19/2020,GYR,AZ,AWP,CE,Federal Contract Tower,1,0,3,0,4,0,0,36,0,36,1,0,39,0,40,52,0,52,92
07/20/2020,GYR,AZ,AWP,CE,Federal Contract Tower,0,2,4,0,6,0,4,39,0,43,0,6,43,0,49,76,0,76,125
07/21/2020,GYR,AZ,AWP,CE,Federal Contract Tower,0,1,5,0,6,0,6,84,4,94,0,7,89,4,100,126,4,130,230
07/22/2020,GYR,AZ,AWP,CE,Federal Contract Tower,0,1,0,0,1,0,6,71,0,77,0,7,71,0,78,136,0,136,214
07/23/2020,GYR,AZ,AWP,CE,Federal Contract Tower,1,1,4,0,6,0,0,56,2,58,1,1,60,2,64,118,0,118,182
07/24/2020,GYR,AZ,AWP,CE,Federal Contract Tower,0,4,1,0,5,0,10,81,0,91,0,14,82,0,96,136,0,136,232
07/25/2020,GYR,AZ,AWP,CE,Federal Contract Tower,0,0,3,0,3,0,2,60,0,62,0,2,63,0,65,99,0,99,164
07/26/2020,GYR,AZ,AWP,CE,Federal Contract Tower,0,2,3,0,5,0,8,50,0,58,0,10,53,0,63,110,0,110,173
07/27/2020,GYR,AZ,AWP,CE,Federal Contract Tower,0,0,1,0,1,0,6,82,2,90,0,6,83,2,91,130,0,130,221
07/28/2020,GYR,AZ,AWP,CE,Federal Contract Tower,1,2,0,0,3,0,2,82,0,84,1,4,82,0,87,160,0,160,247
07/29/2020,GYR,AZ,AWP,CE,Federal Contract Tower,0,0,4,0,4,0,8,72,0,80,0,8,76,0,84,172,0,172,256
07/30/2020,GYR,AZ,AWP,CE,Federal Contract Tower,0,2,6,0,8,0,10,56,0,66,0,12,62,0,74,144,0,144,218
07/31/2020,GYR,AZ,AWP,CE,Federal Contract Tower,0,0,4,0,4,1,2,54,0,57,1,2,58,0,61,179,0,179,240
08/01/2020,GYR,AZ,AWP,CE,Federal Contract Tower,0,0,1,0,1,0,8,54,0,62,0,8,55,0,63,109,0,109,172
08/02/2020,GYR,AZ,AWP,CE,Federal Contract Tower,0,0,2,0,2,0,7,40,0,47,0,7,42,0,49,54,0,54,103
08/03/2020,GYR,AZ,AWP,CE,Federal Contract Tower,1,0,0,0,1,0,14,70,0,84,1,14,70,0,85,184,0,184,269
08/04/2020,GYR,AZ,AWP,CE,Federal Contract Tower,0,3,7,0,10,0,7,74,0,81,0,10,81,0,91,240,0,240,331
08/05/2020,GYR,AZ,AWP,CE,Federal Contract Tower,1,1,2,0,4,0,2,64,0,66,1,3,66,0,70,146,0,146,216
08/06/2020,GYR,AZ,AWP,CE,Federal Contract Tower,1,1,3,0,5,0,8,84,0,92,1,9,87,0,97,144,0,144,241
08/07/2020,GYR,AZ,AWP,CE,Federal Contract Tower,0,0,1,0,1,0,2,77,0,79,0,2,78,0,80,166,0,166,246
08/08/2020,GYR,AZ,AWP,CE,Federal Contract Tower,4,2,1,0,7,0,7,64,0,71,4,9,65,0,78,114,0,114,192
08/09/2020,GYR,AZ,AWP,CE,Federal Contract Tower,0,1,5,0,6,0,12,47,0,59,0,13,52,0,65,74,0,74,139
08/10/2020,GYR,AZ,AWP,CE,Federal Contract Tower,1,0,2,0,3,0,9,52,0,61,1,9,54,0,64,174,0,174,238
08/11/2020,GYR,AZ,AWP,CE,Federal Contract Tower,0,0,4,0,4,0,3,84,0,87,0,3,88,0,91,182,0,182,273
08/12/2020,GYR,AZ,AWP,CE,Federal Contract Tower,1,1,4,0,6,1,12,63,0,76,2,13,67,0,82,172,0,172,254
08/13/2020,GYR,AZ,AWP,CE,Federal Contract Tower,0,0,1,0,1,0,0,54,3,57,0,0,55,3,58,112,0,112,170
08/14/2020,GYR,AZ,AWP,CE,Federal Contract Tower,1,0,2,0,3,0,4,62,2,68,1,4,64,2,71,111,0,111,182
08/15/2020,GYR,AZ,AWP,CE,Federal Contract Tower,0,0,0,0,0,0,3,50,0,53,0,3,50,0,53,61,0,61,114
08/16/2020,GYR,AZ,AWP,CE,Federal Contract Tower,0,5,3,0,8,0,5,41,0,46,0,10,44,0,54,64,0,64,118
08/17/2020,GYR,AZ,AWP,CE,Federal Contract Tower,0,1,4,0,5,0,6,58,0,64,0,7,62,0,69,62,0,62,131
08/18/2020,GYR,AZ,AWP,CE,Federal Contract Tower,0,0,6,0,6,0,2,53,2,57,0,2,59,2,63,100,0,100,163
08/19/2020,GYR,AZ,AWP,CE,Federal Contract Tower,0,0,2,0,2,0,2,60,0,62,0,2,62,0,64,136,0,136,200
08/20/2020,GYR,AZ,AWP,CE,Federal Contract Tower,0,0,6,0,6,0,8,55,0,63,0,8,61,0,69,28,0,28,97
08/21/2020,GYR,AZ,AWP,CE,Federal Contract Tower,0,4,3,0,7,0,9,62,0,71,0,13,65,0,78,192,0,192,270
08/22/2020,GYR,AZ,AWP,CE,Federal Contract Tower,0,0,0,0,0,0,15,73,0,88,0,15,73,0,88,156,0,156,244
08/23/2020,GYR,AZ,AWP,CE,Federal Contract Tower,0,4,3,0,7,0,2,46,0,48,0,6,49,0,55,122,0,122,177
08/24/2020,GYR,AZ,AWP,CE,Federal Contract Tower,0,0,2,0,2,0,6,55,2,63,0,6,57,2,65,42,0,42,107
08/25/2020,GYR,AZ,AWP,CE,Federal Contract Tower,0,0,7,0,7,0,6,64,2,72,0,6,71,2,79,50,0,50,129
08/26/2020,GYR,AZ,AWP,CE,Federal Contract Tower,1,0,4,0,5,0,12,81,0,93,1,12,85,0,98,180,0,180,278
08/27/2020,GYR,AZ,AWP,CE,Federal Contract Tower,3,0,5,0,8,0,8,82,2,92,3,8,87,2,100,143,0,143,243
08/28/2020,GYR,AZ,AWP,CE,Federal Contract Tower,0,0,2,0,2,0,11,60,2,73,0,11,62,2,75,172,0,172,247
08/29/2020,GYR,AZ,AWP,CE,Federal Contract Tower,0,0,0,0,0,0,8,54,0,62,0,8,54,0,62,88,0,88,150
08/30/2020,GYR,AZ,AWP,CE,Federal Contract Tower,0,0,4,0,4,0,14,43,0,57,0,14,47,0,61,92,0,92,153
08/31/2020,GYR,AZ,AWP,CE,Federal Contract Tower,1,1,3,0,5,0,7,74,0,81,1,8,77,0,86,48,0,48,134
09/01/2020,GYR,AZ,AWP,CE,Federal Contract Tower,0,2,6,0,8,0,9,55,0,64,0,11,61,0,72,142,0,142,214
09/02/2020,GYR,AZ,AWP,CE,Federal Contract Tower,0,1,5,0,6,0,8,69,0,77,0,9,74,0,83,102,8,110,193
09/03/2020,GYR,AZ,AWP,CE,Federal Contract Tower,0,1,6,0,7,0,11,66,0,77,0,12,72,0,84,118,0,118,202
09/04/2020,GYR,AZ,AWP,CE,Federal Contract Tower,0,0,0,0,0,0,5,70,0,75,0,5,70,0,75,88,0,88,163
09/05/2020,GYR,AZ,AWP,CE,Federal Contract Tower,1,0,0,0,1,0,12,58,0,70,1,12,58,0,71,88,0,88,159
09/06/2020,GYR,AZ,AWP,CE,Federal Contract Tower,0,2,0,0,2,0,3,59,0,62,0,5,59,0,64,58,0,58,122
09/07/2020,GYR,AZ,AWP,CE,Federal Contract Tower,0,0,1,0,1,0,3,36,0,39,0,3,37,0,40,54,0,54,94
09/08/2020,GYR,AZ,AWP,CE,Federal Contract Tower,0,2,2,0,4,0,6,60,0,66,0,8,62,0,70,94,0,94,164
09/09/2020,GYR,AZ,AWP,CE,Federal Contract Tower,1,0,3,0,4,0,7,94,0,101,1,7,97,0,105,111,0,111,216
09/10/2020,GYR,AZ,AWP,CE,Federal Contract Tower,0,3,6,0,9,0,7,93,0,100,0,10,99,0,109,105,0,105,214
09/11/2020,GYR,AZ,AWP,CE,Federal Contract Tower,1,1,2,0,4,0,7,93,0,100,1,8,95,0,104,92,0,92,196
09/12/2020,GYR,AZ,AWP,CE,Federal Contract Tower,0,3,1,0,4,0,7,80,0,87,0,10,81,0,91,91,0,91,182
09/13/2020,GYR,AZ,AWP,CE,Federal Contract Tower,0,0,5,2,7,0,15,58,0,73,0,15,63,2,80,102,0,102,182
09/14/2020,GYR,AZ,AWP,CE,Federal Contract Tower,0,0,2,0,2,0,6,62,0,68,0,6,64,0,70,72,0,72,142
09/15/2020,GYR,AZ,AWP,CE,Federal Contract Tower,0,5,16,0,21,0,6,103,0,109,0,11,119,0,130,138,0,138,268
09/16/2020,GYR,AZ,AWP,CE,Federal Contract Tower,3,0,4,0,7,1,7,72,0,80,4,7,76,0,87,120,0,120,207
09/17/2020,GYR,AZ,AWP,CE,Federal Contract Tower,0,0,1,0,1,0,12,95,1,108,0,12,96,1,109,100,0,100,209
09/18/2020,GYR,AZ,AWP,CE,Federal Contract Tower,0,1,3,0,4,0,6,80,0,86,0,7,83,0,90,52,0,52,142
09/19/2020,GYR,AZ,AWP,CE,Federal Contract Tower,0,2,4,0,6,0,3,60,0,63,0,5,64,0,69,56,0,56,125
09/20/2020,GYR,AZ,AWP,CE,Federal Contract Tower,0,2,5,0,7,0,4,38,0,42,0,6,43,0,49,64,0,64,113
09/21/2020,GYR,AZ,AWP,CE,Federal Contract Tower,1,0,2,0,3,0,6,78,0,84,1,6,80,0,87,94,0,94,181
09/22/2020,GYR,AZ,AWP,CE,Federal Contract Tower,1,0,6,0,7,0,3,73,2,78,1,3,79,2,85,76,0,76,161
09/23/2020,GYR,AZ,AWP,CE,Federal Contract Tower,2,0,6,0,8,0,10,65,0,75,2,10,71,0,83,148,0,148,231
09/24/2020,GYR,AZ,AWP,CE,Federal Contract Tower,0,1,3,0,4,0,5,93,0,98,0,6,96,0,102,120,0,120,222
09/25/2020,GYR,AZ,AWP,CE,Federal Contract Tower,0,3,6,0,9,0,14,61,0,75,0,17,67,0,84,106,0,106,190
09/26/2020,GYR,AZ,AWP,CE,Federal Contract Tower,0,0,5,0,5,0,11,63,0,74,0,11,68,0,79,167,0,167,246
09/27/2020,GYR,AZ,AWP,CE,Federal Contract Tower,1,4,1,0,6,0,3,67,0,70,1,7,68,0,76,60,0,60,136
09/28/2020,GYR,AZ,AWP,CE,Federal Contract Tower,0,1,4,0,5,0,12,93,0,105,0,13,97,0,110,124,0,124,234
09/29/2020,GYR,AZ,AWP,CE,Federal Contract Tower,0,4,2,0,6,0,6,86,0,92,0,10,88,0,98,20,0,20,118
09/30/2020,GYR,AZ,AWP,CE,Federal Contract Tower,0,3,5,0,8,0,4,64,0,68,0,7,69,0,76,96,0,96,172
10/01/2020,GYR,AZ,AWP,CE,Federal Contract Tower,0,3,7,0,10,0,8,112,0,120,0,11,119,0,130,67,0,67,197
10/02/2020,GYR,AZ,AWP,CE,Federal Contract Tower,1,3,3,0,7,0,4,71,1,76,1,7,74,1,83,145,0,145,228
10/03/2020,GYR,AZ,AWP,CE,Federal Contract Tower,1,3,3,0,7,0,2,60,0,62,1,5,63,0,69,142,0,142,211
10/04/2020,GYR,AZ,AWP,CE,Federal Contract Tower,0,1,1,0,2,0,6,51,0,57,0,7,52,0,59,48,0,48,107
10/05/2020,GYR,AZ,AWP,CE,Federal Contract Tower,2,2,5,0,9,0,12,71,0,83,2,14,76,0,92,66,0,66,158
10/06/2020,GYR,AZ,AWP,CE,Federal Contract Tower,0,0,3,0,3,0,15,65,0,80,0,15,68,0,83,98,0,98,181
10/07/2020,GYR,AZ,AWP,CE,Federal Contract Tower,0,2,4,0,6,0,2,55,0,57,0,4,59,0,63,38,0,38,101
10/08/2020,GYR,AZ,AWP,CE,Federal Contract Tower,2,4,1,0,7,0,8,81,0,89,2,12,82,0,96,170,0,170,266
10/09/2020,GYR,AZ,AWP,CE,Federal Contract Tower,0,0,6,0,6,0,8,98,2,108,0,8,104,2,114,112,0,112,226
10/10/2020,GYR,AZ,AWP,CE,Federal Contract Tower,1,0,4,0,5,0,7,60,0,67,1,7,64,0,72,92,0,92,164
10/11/2020,GYR,AZ,AWP,CE,Federal Contract Tower,0,0,6,0,6,0,7,75,0,82,0,7,81,0,88,80,0,80,168
10/12/2020,GYR,AZ,AWP,CE,Federal Contract Tower,0,1,0,0,1,0,5,68,0,73,0,6,68,0,74,122,0,122,196
10/13/2020,GYR,AZ,AWP,CE,Federal Contract Tower,0,4,6,0,10,0,9,108,0,117,0,13,114,0,127,96,0,96,223
10/14/2020,GYR,AZ,AWP,CE,Federal Contract Tower,1,3,4,0,8,0,6,88,0,94,1,9,92,0,102,68,0,68,170
10/15/2020,GYR,AZ,AWP,CE,Federal Contract Tower,0,1,3,0,4,0,15,97,0,112,0,16,100,0,116,128,0,128,244
10/16/2020,GYR,AZ,AWP,CE,Federal Contract Tower,0,0,4,0,4,0,5,82,0,87,0,5,86,0,91,148,0,148,239
10/17/2020,GYR,AZ,AWP,CE,Federal Contract Tower,0,0,0,0,0,0,4,65,2,71,0,4,65,2,71,116,0,116,187
10/18/2020,GYR,AZ,AWP,CE,Federal Contract Tower,1,2,2,0,5,0,10,59,0,69,1,12,61,0,74,64,0,64,138
10/19/2020,GYR,AZ,AWP,CE,Federal Contract Tower,1,2,4,0,7,0,1,38,0,39,1,3,42,0,46,64,0,64,110
10/20/2020,GYR,AZ,AWP,CE,Federal Contract Tower,0,2,11,0,13,0,3,93,2,98,0,5,104,2,111,124,6,130,241
10/21/2020,GYR,AZ,AWP,CE,Federal Contract Tower,1,1,4,0,6,0,6,79,0,85,1,7,83,0,91,207,0,207,298
10/22/2020,GYR,AZ,AWP,CE,Federal Contract Tower,0,2,6,0,8,0,11,94,4,109,0,13,100,4,117,156,0,156,273
10/23/2020,GYR,AZ,AWP,CE,Federal Contract Tower,0,2,5,0,7,0,8,102,10,120,0,10,107,10,127,224,0,224,351
10/24/2020,GYR,AZ,AWP,CE,Federal Contract Tower,0,0,3,0,3,0,8,91,2,101,0,8,94,2,104,100,0,100,204
10/25/2020,GYR,AZ,AWP,CE,Federal Contract Tower,0,0,3,0,3,0,8,30,4,42,0,8,33,4,45,44,0,44,89
10/26/2020,GYR,AZ,AWP,CE,Federal Contract Tower,0,2,0,0,2,0,3,35,0,38,0,5,35,0,40,46,0,46,86
10/27/2020,GYR,AZ,AWP,CE,Federal Contract Tower,0,2,4,3,9,0,3,61,1,65,0,5,65,4,74,72,0,72,146
10/28/2020,GYR,AZ,AWP,CE,Federal Contract Tower,0,1,3,3,7,0,0,31,2,33,0,1,34,5,40,61,0,61,101
10/29/2020,GYR,AZ,AWP,CE,Federal Contract Tower,0,0,3,0,3,0,2,110,2,114,0,2,113,2,117,162,0,162,279
10/30/2020,GYR,AZ,AWP,CE,Federal Contract Tower,0,0,4,0,4,0,7,102,0,109,0,7,106,0,113,112,0,112,225
10/31/2020,GYR,AZ,AWP,CE,Federal Contract Tower,0,2,1,0,3,0,6,84,0,90,0,8,85,0,93,148,0,148,241
11/01/2020,GYR,AZ,AWP,CE,Federal Contract Tower,0,2,0,0,2,0,6,48,0,54,0,8,48,0,56,70,0,70,126
11/02/2020,GYR,AZ,AWP,CE,Federal Contract Tower,0,1,8,0,9,0,3,94,0,97,0,4,102,0,106,128,0,128,234
11/03/2020,GYR,AZ,AWP,CE,Federal Contract Tower,0,2,4,0,6,0,5,86,0,91,0,7,90,0,97,230,0,230,327
11/04/2020,GYR,AZ,AWP,CE,Federal Contract Tower,0,5,0,0,5,0,3,104,0,107,0,8,104,0,112,164,0,164,276
11/05/2020,GYR,AZ,AWP,CE,Federal Contract Tower,0,0,10,0,10,0,2,85,0,87,0,2,95,0,97,116,0,116,213
11/06/2020,GYR,AZ,AWP,CE,Federal Contract Tower,2,0,28,0,30,0,7,68,0,75,2,7,96,0,105,70,0,70,175
11/07/2020,GYR,AZ,AWP,CE,Federal Contract Tower,0,3,32,0,35,0,0,27,0,27,0,3,59,0,62,34,0,34,96
11/08/2020,GYR,AZ,AWP,CE,Federal Contract Tower,0,5,43,0,48,0,4,47,0,51,0,9,90,0,99,30,0,30,129
11/09/2020,GYR,AZ,AWP,CE,Federal Contract Tower,0,0,11,0,11,0,5,118,0,123,0,5,129,0,134,156,0,156,290
11/10/2020,GYR,AZ,AWP,CE,Federal Contract Tower,0,4,6,0,10,0,8,120,0,128,0,12,126,0,138,146,0,146,284
11/11/2020,GYR,AZ,AWP,CE,Federal Contract Tower,0,0,3,0,3,0,12,77,0,89,0,12,80,0,92,148,0,148,240
11/12/2020,GYR,AZ,AWP,CE,Federal Contract Tower,2,2,3,0,7,0,7,113,0,120,2,9,116,0,127,190,0,190,317
11/13/2020,GYR,AZ,AWP,CE,Federal Contract Tower,1,4,5,0,10,0,17,87,0,104,1,21,92,0,114,108,0,108,222
11/14/2020,GYR,AZ,AWP,CE,Federal Contract Tower,0,4,0,0,4,0,2,81,0,83,0,6,81,0,87,158,0,158,245
11/15/2020,GYR,AZ,AWP,CE,Federal Contract Tower,0,3,3,0,6,0,11,53,0,64,0,14,56,0,70,74,0,74,144
11/16/2020,GYR,AZ,AWP,CE,Federal Contract Tower,0,1,3,0,4,0,6,51,3,60,0,7,54,3,64,148,0,148,212
11/17/2020,GYR,AZ,AWP,CE,Federal Contract Tower,0,1,5,0,6,0,6,71,0,77,0,7,76,0,83,126,0,126,209
11/18/2020,GYR,AZ,AWP,CE,Federal Contract Tower,1,4,3,0,8,0,13,82,3,98,1,17,85,3,106,142,0,142,248
11/19/2020,GYR,AZ,AWP,CE,Federal Contract Tower,0,0,9,0,9,0,12,65,2,79,0,12,74,2,88,132,0,132,220
11/20/2020,GYR,AZ,AWP,CE,Federal Contract Tower,0,11,7,0,18,0,17,78,2,97,0,28,85,2,115,172,0,172,287
11/21/2020,GYR,AZ,AWP,CE,Federal Contract Tower,2,1,2,0,5,0,8,71,0,79,2,9,73,0,84,46,0,46,130
11/22/2020,GYR,AZ,AWP,CE,Federal Contract Tower,2,2,7,0,11,0,5,97,0,102,2,7,104,0,113,82,0,82,195
11/23/2020,GYR,AZ,AWP,CE,Federal Contract Tower,3,0,0,0,3,0,2,69,2,73,3,2,69,2,76,158,10,168,244
11/24/2020,GYR,AZ,AWP,CE,Federal Contract Tower,2,0,6,0,8,0,8,79,2,89,2,8,85,2,97,98,0,98,195
11/25/2020,GYR,AZ,AWP,CE,Federal Contract Tower,3,1,1,0,5,0,15,96,0,111,3,16,97,0,116,134,0,134,250
11/26/2020,GYR,AZ,AWP,CE,Federal Contract Tower,0,0,0,0,0,0,4,38,0,42,0,4,38,0,42,40,0,40,82
11/27/2020,GYR,AZ,AWP,CE,Federal Contract Tower,1,0,2,0,3,0,9,66,0,75,1,9,68,0,78,158,0,158,236
11/28/2020,GYR,AZ,AWP,CE,Federal Contract Tower,0,4,0,2,6,0,7,82,0,89,0,11,82,2,95,84,0,84,179
11/29/2020,GYR,AZ,AWP,CE,Federal Contract Tower,0,1,5,0,6,0,23,81,0,104,0,24,86,0,110,82,0,82,192
11/30/2020,GYR,AZ,AWP,CE,Federal Contract Tower,0,0,4,0,4,0,7,121,2,130,0,7,125,2,134,90,0,90,224
12/01/2020,GYR,AZ,AWP,CE,Federal Contract Tower,0,3,6,0,9,0,11,108,2,121,0,14,114,2,130,142,0,142,272
12/02/2020,GYR,AZ,AWP,CE,Federal Contract Tower,0,1,3,0,4,0,12,100,0,112,0,13,103,0,116,130,0,130,246
12/03/2020,GYR,AZ,AWP,CE,Federal Contract Tower,3,0,2,0,5,0,6,85,3,94,3,6,87,3,99,110,0,110,209
12/04/2020,GYR,AZ,AWP,CE,Federal Contract Tower,1,3,3,0,7,0,11,126,0,137,1,14,129,0,144,126,0,126,270
12/05/2020,GYR,AZ,AWP,CE,Federal Contract Tower,0,1,4,0,5,0,17,93,0,110,0,18,97,0,115,154,0,154,269
12/06/2020,GYR,AZ,AWP,CE,Federal Contract Tower,0,0,5,0,5,0,11,111,0,122,0,11,116,0,127,100,0,100,227
12/07/2020,GYR,AZ,AWP,CE,Federal Contract Tower,0,2,2,0,4,0,8,135,0,143,0,10,137,0,147,80,0,80,227
12/08/2020,GYR,AZ,AWP,CE,Federal Contract Tower,0,1,4,0,5,0,10,101,0,111,0,11,105,0,116,114,0,114,230
12/09/2020,GYR,AZ,AWP,CE,Federal Contract Tower,1,2,2,0,5,0,10,127,0,137,1,12,129,0,142,188,0,188,330
12/10/2020,GYR,AZ,AWP,CE,Federal Contract Tower,1,1,12,0,14,0,1,47,2,50,1,2,59,2,64,20,0,20,84
12/11/2020,GYR,AZ,AWP,CE,Federal Contract Tower,1,1,5,0,7,0,5,102,0,107,1,6,107,0,114,77,0,77,191
12/12/2020,GYR,AZ,AWP,CE,Federal Contract Tower,0,2,0,0,2,0,12,97,0,109,0,14,97,0,111,92,0,92,203
12/13/2020,GYR,AZ,AWP,CE,Federal Contract Tower,0,0,4,0,4,0,15,77,0,92,0,15,81,0,96,60,0,60,156
12/14/2020,GYR,AZ,AWP,CE,Federal Contract Tower,0,3,2,0,5,0,13,103,2,118,0,16,105,2,123,170,0,170,293
12/15/2020,GYR,AZ,AWP,CE,Federal Contract Tower,1,1,7,0,9,0,9,93,0,102,1,10,100,0,111,148,0,148,259
12/16/2020,GYR,AZ,AWP,CE,Federal Contract Tower,1,1,4,0,6,2,17,109,2,130,3,18,113,2,136,174,0,174,310
12/17/2020,GYR,AZ,AWP,CE,Federal Contract Tower,1,1,5,0,7,0,13,86,0,99,1,14,91,0,106,242,0,242,348
12/18/2020,GYR,AZ,AWP,CE,Federal Contract Tower,2,1,2,0,5,0,19,100,0,119,2,20,102,0,124,154,0,154,278
12/19/2020,GYR,AZ,AWP,CE,Federal Contract Tower,0,2,4,0,6,0,21,84,0,105,0,23,88,0,111,52,0,52,163
12/20/2020,GYR,AZ,AWP,CE,Federal Contract Tower,2,0,2,0,4,0,0,57,0,57,2,0,59,0,61,18,0,18,79
12/21/2020,GYR,AZ,AWP,CE,Federal Contract Tower,0,0,4,0,4,0,12,87,0,99,0,12,91,0,103,282,0,282,385
12/22/2020,GYR,AZ,AWP,CE,Federal Contract Tower,0,1,4,0,5,0,16,80,0,96,0,17,84,0,101,164,0,164,265
12/23/2020,GYR,AZ,AWP,CE,Federal Contract Tower,1,0,2,0,3,0,9,52,0,61,1,9,54,0,64,92,0,92,156
12/24/2020,GYR,AZ,AWP,CE,Federal Contract Tower,0,0,3,0,3,0,0,23,0,23,0,0,26,0,26,38,0,38,64
12/25/2020,GYR,AZ,AWP,CE,Federal Contract Tower,0,0,1,0,1,0,13,23,0,36,0,13,24,0,37,2,0,2,39
12/27/2020,GYR,AZ,AWP,CE,Federal Contract Tower,1,0,1,4,6,0,7,76,0,83,1,7,77,4,89,20,0,20,109
12/28/2020,GYR,AZ,AWP,CE,Federal Contract Tower,0,0,1,1,2,0,10,44,0,54,0,10,45,1,56,42,0,42,98
12/29/2020,GYR,AZ,AWP,CE,Federal Contract Tower,0,4,4,0,8,0,2,51,0,53,0,6,55,0,61,78,0,78,139
12/30/2020,GYR,AZ,AWP,CE,Federal Contract Tower,0,0,2,0,2,0,7,50,0,57,0,7,52,0,59,65,0,65,124
12/31/2020,GYR,AZ,AWP,CE,Federal Contract Tower,0,0,1,0,1,0,13,47,0,60,0,13,48,0,61,90,0,90,151
01/01/2021,GYR,AZ,AWP,CE,Federal Contract Tower,0,2,0,0,2,0,5,35,0,40,0,7,35,0,42,36,0,36,78
01/02/2021,GYR,AZ,AWP,CE,Federal Contract Tower,0,2,4,0,6,0,10,65,0,75,0,12,69,0,81,144,0,144,225
01/03/2021,GYR,AZ,AWP,CE,Federal Contract Tower,0,0,1,0,1,0,6,91,0,97,0,6,92,0,98,68,0,68,166
01/04/2021,GYR,AZ,AWP,CE,Federal Contract Tower,0,0,0,0,0,0,8,45,0,53,0,8,45,0,53,52,0,52,105
01/05/2021,GYR,AZ,AWP,CE,Federal Contract Tower,3,1,3,0,7,0,13,73,0,86,3,14,76,0,93,112,0,112,205
01/06/2021,GYR,AZ,AWP,CE,Federal Contract Tower,0,1,3,0,4,0,8,80,4,92,0,9,83,4,96,80,0,80,176
01/07/2021,GYR,AZ,AWP,CE,Federal Contract Tower,0,0,6,0,6,0,10,62,2,74,0,10,68,2,80,74,0,74,154
01/08/2021,GYR,AZ,AWP,CE,Federal Contract Tower,1,4,2,0,7,0,10,57,0,67,1,14,59,0,74,153,0,153,227
01/09/2021,GYR,AZ,AWP,CE,Federal Contract Tower,0,5,8,0,13,0,13,67,0,80,0,18,75,0,93,106,0,106,199
01/10/2021,GYR,AZ,AWP,CE,Federal Contract Tower,0,0,2,0,2,0,2,81,0,83,0,2,83,0,85,108,0,108,193
01/11/2021,GYR,AZ,AWP,CE,Federal Contract Tower,0,1,0,2,3,2,6,68,0,76,2,7,68,2,79,70,0,70,149
01/12/2021,GYR,AZ,AWP,CE,Federal Contract Tower,0,0,1,0,1,1,12,85,0,98,1,12,86,0,99,82,0,82,181
01/13/2021,GYR,AZ,AWP,CE,Federal Contract Tower,0,0,9,0,9,0,6,58,0,64,0,6,67,0,73,67,0,67,140
01/14/2021,GYR,AZ,AWP,CE,Federal Contract Tower,0,3,5,0,8,0,12,65,0,77,0,15,70,0,85,66,0,66,151
01/15/2021,GYR,AZ,AWP,CE,Federal Contract Tower,0,1,1,0,2,0,9,89,0,98,0,10,90,0,100,108,0,108,208
01/16/2021,GYR,AZ,AWP,CE,Federal Contract Tower,0,3,4,0,7,0,3,67,0,70,0,6,71,0,77,190,0,190,267
01/17/2021,GYR,AZ,AWP,CE,Federal Contract Tower,0,0,1,0,1,0,8,62,0,70,0,8,63,0,71,100,0,100,171
01/18/2021,GYR,AZ,AWP,CE,Federal Contract Tower,2,1,4,0,7,0,9,77,0,86,2,10,81,0,93,124,0,124,217
01/19/2021,GYR,AZ,AWP,CE,Federal Contract Tower,0,5,4,0,9,0,1,33,2,36,0,6,37,2,45,94,0,94,139
01/20/2021,GYR,AZ,AWP,CE,Federal Contract Tower,0,0,4,0,4,0,2,58,2,62,0,2,62,2,66,126,0,126,192
01/21/2021,GYR,AZ,AWP,CE,Federal Contract Tower,0,2,8,0,10,0,5,66,0,71,0,7,74,0,81,133,0,133,214
01/22/2021,GYR,AZ,AWP,CE,Federal Contract Tower,0,2,11,0,13,0,6,40,0,46,0,8,51,0,59,46,0,46,105
01/23/2021,GYR,AZ,AWP,CE,Federal Contract Tower,0,0,2,0,2,0,6,41,0,47,0,6,43,0,49,84,0,84,133
01/24/2021,GYR,AZ,AWP,CE,Federal Contract Tower,0,0,4,0,4,0,4,10,0,14,0,4,14,0,18,0,0,0,18
01/25/2021,GYR,AZ,AWP,CE,Federal Contract Tower,0,1,3,0,4,0,2,14,0,16,0,3,17,0,20,2,0,2,22
01/26/2021,GYR,AZ,AWP,CE,Federal Contract Tower,0,0,6,0,6,0,7,90,0,97,0,7,96,0,103,40,0,40,143
01/27/2021,GYR,AZ,AWP,CE,Federal Contract Tower,1,0,11,1,13,0,7,85,0,92,1,7,96,1,105,155,0,155,260
01/28/2021,GYR,AZ,AWP,CE,Federal Contract Tower,0,0,3,0,3,0,5,109,0,114,0,5,112,0,117,128,0,128,245
01/29/2021,GYR,AZ,AWP,CE,Federal Contract Tower,0,0,2,0,2,0,5,51,0,56,0,5,53,0,58,48,0,48,106
01/30/2021,GYR,AZ,AWP,CE,Federal Contract Tower,2,0,3,0,5,0,0,81,0,81,2,0,84,0,86,118,0,118,204
01/31/2021,GYR,AZ,AWP,CE,Federal Contract Tower,0,3,1,0,4,0,13,121,0,134,0,16,122,0,138,86,0,86,224
02/01/2021,GYR,AZ,AWP,CE,Federal Contract Tower,0,0,0,0,0,0,11,107,0,118,0,11,107,0,118,146,0,146,264
02/02/2021,GYR,AZ,AWP,CE,Federal Contract Tower,4,4,3,0,11,0,8,97,0,105,4,12,100,0,116,116,0,116,232
02/03/2021,GYR,AZ,AWP,CE,Federal Contract Tower,0,1,3,0,4,0,8,84,0,92,0,9,87,0,96,106,0,106,202
02/04/2021,GYR,AZ,AWP,CE,Federal Contract Tower,0,0,0,0,0,0,1,102,0,103,0,1,102,0,103,234,0,234,337
02/05/2021,GYR,AZ,AWP,CE,Federal Contract Tower,0,1,7,0,8,0,22,93,0,115,0,23,100,0,123,201,0,201,324
02/06/2021,GYR,AZ,AWP,CE,Federal Contract Tower,0,1,3,0,4,0,14,68,0,82,0,15,71,0,86,158,0,158,244
02/07/2021,GYR,AZ,AWP,CE,Federal Contract Tower,0,0,2,0,2,0,11,61,0,72,0,11,63,0,74,26,0,26,100
02/08/2021,GYR,AZ,AWP,CE,Federal Contract Tower,1,0,1,0,2,2,10,111,0,123,3,10,112,0,125,162,0,162,287
02/09/2021,GYR,AZ,AWP,CE,Federal Contract Tower,0,0,4,0,4,0,12,109,0,121,0,12,113,0,125,112,0,112,237
02/10/2021,GYR,AZ,AWP,CE,Federal Contract Tower,0,1,4,0,5,0,16,98,12,126,0,17,102,12,131,176,0,176,307
02/11/2021,GYR,AZ,AWP,CE,Federal Contract Tower,2,4,2,0,8,0,2,148,0,150,2,6,150,0,158,134,0,134,292
02/12/2021,GYR,AZ,AWP,CE,Federal Contract Tower,0,2,2,0,4,0,8,111,5,124,0,10,113,5,128,140,2,142,270
02/13/2021,GYR,AZ,AWP,CE,Federal Contract Tower,0,1,1,0,2,0,17,45,0,62,0,18,46,0,64,94,0,94,158
02/14/2021,GYR,AZ,AWP,CE,Federal Contract Tower,1,2,1,0,4,0,11,50,0,61,1,13,51,0,65,46,0,46,111
02/15/2021,GYR,AZ,AWP,CE,Federal Contract Tower,0,3,2,0,5,1,9,154,0,164,1,12,156,0,169,146,0,146,315
02/16/2021,GYR,AZ,AWP,CE,Federal Contract Tower,0,0,7,0,7,0,14,76,0,90,0,14,83,0,97,184,0,184,281
02/17/2021,GYR,AZ,AWP,CE,Federal Contract Tower,0,4,3,0,7,0,6,87,0,93,0,10,90,0,100,122,0,122,222
02/18/2021,GYR,AZ,AWP,CE,Federal Contract Tower,0,1,3,0,4,0,11,100,2,113,0,12,103,2,117,202,0,202,319
02/19/2021,GYR,AZ,AWP,CE,Federal Contract Tower,2,5,8,0,15,0,4,108,0,112,2,9,116,0,127,172,0,172,299
02/20/2021,GYR,AZ,AWP,CE,Federal Contract Tower,3,3,9,0,15,0,16,97,0,113,3,19,106,0,128,114,0,114,242
02/21/2021,GYR,AZ,AWP,CE,Federal Contract Tower,1,4,1,0,6,0,18,70,0,88,1,22,71,0,94,40,0,40,134
02/22/2021,GYR,AZ,AWP,CE,Federal Contract Tower,0,5,1,0,6,0,15,131,0,146,0,20,132,0,152,244,0,244,396
02/23/2021,GYR,AZ,AWP,CE,Federal Contract Tower,1,1,5,0,7,0,0,104,0,104,1,1,109,0,111,130,0,130,241
02/24/2021,GYR,AZ,AWP,CE,Federal Contract Tower,0,2,0,0,2,0,7,84,0,91,0,9,84,0,93,154,0,154,247
02/25/2021,GYR,AZ,AWP,CE,Federal Contract Tower,0,2,0,0,2,0,10,92,3,105,0,12,92,3,107,158,0,158,265
02/26/2021,GYR,AZ,AWP,CE,Federal Contract Tower,0,3,3,0,6,0,18,112,2,132,0,21,115,2,138,154,0,154,292
02/27/2021,GYR,AZ,AWP,CE,Federal Contract Tower,1,3,0,0,4,0,18,86,0,104,1,21,86,0,108,76,0,76,184
02/28/2021,GYR,AZ,AWP,CE,Federal Contract Tower,1,2,2,0,5,0,4,39,0,43,1,6,41,0,48,54,0,54,102
03/01/2021,GYR,AZ,AWP,CE,Federal Contract Tower,1,1,2,0,4,0,11,104,0,115,1,12,106,0,119,154,0,154,273
03/02/2021,GYR,AZ,AWP,CE,Federal Contract Tower,0,5,4,0,9,0,16,114,0,130,0,21,118,0,139,252,0,252,391
03/03/2021,GYR,AZ,AWP,CE,Federal Contract Tower,0,0,9,0,9,0,8,57,3,68,0,8,66,3,77,136,0,136,213
03/04/2021,GYR,AZ,AWP,CE,Federal Contract Tower,0,1,7,0,8,0,13,140,2,155,0,14,147,2,163,190,0,190,353
03/05/2021,GYR,AZ,AWP,CE,Federal Contract Tower,0,0,4,0,4,0,24,129,1,154,0,24,133,1,158,184,0,184,342
03/06/2021,GYR,AZ,AWP,CE,Federal Contract Tower,2,3,4,0,9,0,7,74,0,81,2,10,78,0,90,132,0,132,222
03/07/2021,GYR,AZ,AWP,CE,Federal Contract Tower,0,2,0,0,2,0,22,94,2,118,0,24,94,2,120,128,0,128,248
03/08/2021,GYR,AZ,AWP,CE,Federal Contract Tower,0,2,3,0,5,0,11,94,0,105,0,13,97,0,110,136,0,136,246
03/09/2021,GYR,AZ,AWP,CE,Federal Contract Tower,1,3,3,0,7,0,19,84,0,103,1,22,87,0,110,146,0,146,256
03/10/2021,GYR,AZ,AWP,CE,Federal Contract Tower,0,3,8,0,11,0,11,71,0,82,0,14,79,0,93,188,0,188,281
03/11/2021,GYR,AZ,AWP,CE,Federal Contract Tower,1,2,8,0,11,0,0,87,0,87,1,2,95,0,98,201,0,201,299
03/12/2021,GYR,AZ,AWP,CE,Federal Contract Tower,1,2,19,0,22,0,4,83,0,87,1,6,102,0,109,100,0,100,209
03/13/2021,GYR,AZ,AWP,CE,Federal Contract Tower,1,1,19,0,21,0,9,36,0,45,1,10,55,0,66,100,0,100,166
03/14/2021,GYR,AZ,AWP,CE,Federal Contract Tower,0,5,30,0,35,0,8,57,0,65,0,13,87,0,100,32,0,32,132
03/15/2021,GYR,AZ,AWP,CE,Federal Contract Tower,1,0,2,0,3,0,13,77,0,90,1,13,79,0,93,254,0,254,347
03/16/2021,GYR,AZ,AWP,CE,Federal Contract Tower,0,2,5,0,7,0,4,104,2,110,0,6,109,2,117,196,0,196,313
03/17/2021,GYR,AZ,AWP,CE,Federal Contract Tower,1,2,5,0,8,0,16,111,1,128,1,18,116,1,136,244,0,244,380
03/18/2021,GYR,AZ,AWP,CE,Federal Contract Tower,0,1,6,0,7,0,6,110,7,123,0,7,116,7,130,200,2,202,332
03/19/2021,GYR,AZ,AWP,CE,Federal Contract Tower,0,2,2,0,4,0,19,123,1,143,0,21,125,1,147,182,0,182,329
03/20/2021,GYR,AZ,AWP,CE,Federal Contract Tower,1,0,2,0,3,0,9,85,0,94,1,9,87,0,97,110,0,110,207
03/21/2021,GYR,AZ,AWP,CE,Federal Contract Tower,1,2,8,0,11,0,15,80,0,95,1,17,88,0,106,112,0,112,218
03/22/2021,GYR,AZ,AWP,CE,Federal Contract Tower,1,0,7,0,8,0,9,87,1,97,1,9,94,1,105,152,0,152,257
03/23/2021,GYR,AZ,AWP,CE,Federal Contract Tower,0,4,6,0,10,0,14,80,0,94,0,18,86,0,104,88,0,88,192
03/24/2021,GYR,AZ,AWP,CE,Federal Contract Tower,0,1,6,0,7,0,12,87,0,99,0,13,93,0,106,242,0,242,348
03/25/2021,GYR,AZ,AWP,CE,Federal Contract Tower,1,2,8,4,15,0,9,66,0,75,1,11,74,4,90,98,0,98,188
03/26/2021,GYR,AZ,AWP,CE,Federal Contract Tower,0,7,9,1,17,0,5,99,1,105,0,12,108,2,122,177,0,177,299
03/27/2021,GYR,AZ,AWP,CE,Federal Contract Tower,0,1,1,0,2,0,14,90,0,104,0,15,91,0,106,134,0,134,240
03/28/2021,GYR,AZ,AWP,CE,Federal Contract Tower,1,2,4,0,7,0,27,56,0,83,1,29,60,0,90,84,0,84,174
03/29/2021,GYR,AZ,AWP,CE,Federal Contract Tower,1,2,7,0,10,0,25,105,0,130,1,27,112,0,140,200,0,200,340
03/30/2021,GYR,AZ,AWP,CE,Federal Contract Tower,0,2,6,0,8,0,16,141,0,157,0,18,147,0,165,188,0,188,353
03/31/2021,GYR,AZ,AWP,CE,Federal Contract Tower,1,1,9,0,11,0,10,84,0,94,1,11,93,0,105,204,0,204,309
04/01/2021,GYR,AZ,AWP,CE,Federal Contract Tower,0,0,4,0,4,0,8,97,0,105,0,8,101,0,109,102,0,102,211
04/02/2021,GYR,AZ,AWP,CE,Federal Contract Tower,0,7,8,0,15,0,23,107,2,132,0,30,115,2,147,216,0,216,363
04/03/2021,GYR,AZ,AWP,CE,Federal Contract Tower,0,2,7,0,9,0,6,66,4,76,0,8,73,4,85,96,0,96,181
04/04/2021,GYR,AZ,AWP,CE,Federal Contract Tower,0,2,0,0,2,0,26,53,3,82,0,28,53,3,84,38,0,38,122
04/05/2021,GYR,AZ,AWP,CE,Federal Contract Tower,1,3,4,0,8,0,16,71,3,90,1,19,75,3,98,142,0,142,240
04/06/2021,GYR,AZ,AWP,CE,Federal Contract Tower,0,2,6,0,8,0,9,68,6,83,0,11,74,6,91,164,0,164,255
04/07/2021,GYR,AZ,AWP,CE,Federal Contract Tower,2,2,5,0,9,0,23,102,0,125,2,25,107,0,134,292,0,292,426
04/08/2021,GYR,AZ,AWP,CE,Federal Contract Tower,0,3,8,0,11,0,8,75,1,84,0,11,83,1,95,166,0,166,261
04/09/2021,GYR,AZ,AWP,CE,Federal Contract Tower,1,0,4,0,5,0,31,110,0,141,1,31,114,0,146,132,0,132,278
04/10/2021,GYR,AZ,AWP,CE,Federal Contract Tower,1,1,5,0,7,0,10,61,0,71,1,11,66,0,78,98,0,98,176
04/11/2021,GYR,AZ,AWP,CE,Federal Contract Tower,0,2,3,0,5,0,14,71,0,85,0,16,74,0,90,86,0,86,176
04/12/2021,GYR,AZ,AWP,CE,Federal Contract Tower,0,2,3,0,5,0,11,108,0,119,0,13,111,0,124,120,0,120,244
04/13/2021,GYR,AZ,AWP,CE,Federal Contract Tower,1,1,7,0,9,0,9,85,2,96,1,10,92,2,105,164,0,164,269
04/14/2021,GYR,AZ,AWP,CE,Federal Contract Tower,0,3,3,0,6,0,18,69,2,89,0,21,72,2,95,138,0,138,233
04/15/2021,GYR,AZ,AWP,CE,Federal Contract Tower,2,5,6,0,13,0,14,72,0,86,2,19,78,0,99,132,0,132,231
04/16/2021,GYR,AZ,AWP,CE,Federal Contract Tower,0,2,5,0,7,0,27,116,1,144,0,29,121,1,151,156,0,156,307
04/17/2021,GYR,AZ,AWP,CE,Federal Contract Tower,2,0,0,0,2,0,16,84,0,100,2,16,84,0,102,166,0,166,268
04/18/2021,GYR,AZ,AWP,CE,Federal Contract Tower,0,1,8,0,9,0,6,57,0,63,0,7,65,0,72,64,0,64,136
04/19/2021,GYR,AZ,AWP,CE,Federal Contract Tower,0,4,5,0,9,0,13,113,2,128,0,17,118,2,137,136,0,136,273
04/20/2021,GYR,AZ,AWP,CE,Federal Contract Tower,1,3,7,0,11,0,19,116,0,135,1,22,123,0,146,174,0,174,320
04/21/2021,GYR,AZ,AWP,CE,Federal Contract Tower,0,2,4,0,6,0,9,38,0,47,0,11,42,0,53,143,0,143,196
04/22/2021,GYR,AZ,AWP,CE,Federal Contract Tower,0,1,4,0,5,0,16,86,0,102,0,17,90,0,107,174,0,174,281
04/23/2021,GYR,AZ,AWP,CE,Federal Contract Tower,1,3,8,0,12,0,7,108,0,115,1,10,116,0,127,126,0,126,253
04/24/2021,GYR,AZ,AWP,CE,Federal Contract Tower,0,3,1,0,4,0,12,84,0,96,0,15,85,0,100,129,0,129,229
04/25/2021,GYR,AZ,AWP,CE,Federal Contract Tower,0,0,3,0,3,0,11,61,4,76,0,11,64,4,79,68,0,68,147
04/26/2021,GYR,AZ,AWP,CE,Federal Contract Tower,1,0,4,0,5,0,5,66,2,73,1,5,70,2,78,98,0,98,176
04/27/2021,GYR,AZ,AWP,CE,Federal Contract Tower,0,0,11,0,11,0,11,72,3,86,0,11,83,3,97,98,0,98,195
04/29/2021,GYR,AZ,AWP,CE,Federal Contract Tower,0,2,6,0,8,0,21,101,0,122,0,23,107,0,130,136,0,136,266
04/30/2021,GYR,AZ,AWP,CE,Federal Contract Tower,1,2,5,0,8,0,9,75,0,84,1,11,80,0,92,172,0,172,264
05/01/2021,GYR,AZ,AWP,CE,Federal Contract Tower,0,3,2,0,5,0,8,57,0,65,0,11,59,0,70,154,0,154,224
05/02/2021,GYR,AZ,AWP,CE,Federal Contract Tower,0,4,1,0,5,0,21,34,0,55,0,25,35,0,60,30,0,30,90
05/03/2021,GYR,AZ,AWP,CE,Federal Contract Tower,0,0,4,0,4,0,14,68,0,82,0,14,72,0,86,116,0,116,202
05/04/2021,GYR,AZ,AWP,CE,Federal Contract Tower,0,3,10,0,13,0,9,96,0,105,0,12,106,0,118,108,0,108,226
05/05/2021,GYR,AZ,AWP,CE,Federal Contract Tower,0,1,7,0,8,0,31,84,0,115,0,32,91,0,123,166,0,166,289
05/06/2021,GYR,AZ,AWP,CE,Federal Contract Tower,0,4,7,0,11,0,13,90,0,103,0,17,97,0,114,134,0,134,248
05/07/2021,GYR,AZ,AWP,CE,Federal Contract Tower,0,1,5,0,6,0,19,93,0,112,0,20,98,0,118,186,0,186,304
05/08/2021,GYR,AZ,AWP,CE,Federal Contract Tower,0,0,0,0,0,0,10,48,0,58,0,10,48,0,58,178,0,178,236
05/09/2021,GYR,AZ,AWP,CE,Federal Contract Tower,0,1,6,0,7,0,28,44,0,72,0,29,50,0,79,70,0,70,149
05/10/2021,GYR,AZ,AWP,CE,Federal Contract Tower,0,1,5,0,6,0,15,70,0,85,0,16,75,0,91,78,0,78,169
05/11/2021,GYR,AZ,AWP,CE,Federal Contract Tower,0,4,3,0,7,0,13,67,0,80,0,17,70,0,87,182,0,182,269
05/12/2021,GYR,AZ,AWP,CE,Federal Contract Tower,0,2,5,0,7,0,18,87,0,105,0,20,92,0,112,236,0,236,348
05/13/2021,GYR,AZ,AWP,CE,Federal Contract Tower,0,0,5,0,5,0,7,82,8,97,0,7,87,8,102,151,0,151,253
05/14/2021,GYR,AZ,AWP,CE,Federal Contract Tower,2,0,3,0,5,0,13,87,0,100,2,13,90,0,105,181,0,181,286
05/15/2021,GYR,AZ,AWP,CE,Federal Contract Tower,1,3,2,0,6,0,16,53,0,69,1,19,55,0,75,220,0,220,295
05/16/2021,GYR,AZ,AWP,CE,Federal Contract Tower,0,0,0,0,0,0,7,45,2,54,0,7,45,2,54,108,0,108,162
05/17/2021,GYR,AZ,AWP,CE,Federal Contract Tower,0,1,2,0,3,0,12,81,0,93,0,13,83,0,96,120,0,120,216
05/18/2021,GYR,AZ,AWP,CE,Federal Contract Tower,1,2,5,0,8,0,17,86,5,108,1,19,91,5,116,194,0,194,310
05/19/2021,GYR,AZ,AWP,CE,Federal Contract Tower,0,7,6,0,13,0,10,84,0,94,0,17,90,0,107,188,0,188,295
05/20/2021,GYR,AZ,AWP,CE,Federal Contract Tower,0,2,5,1,8,0,19,68,0,87,0,21,73,1,95,99,0,99,194
05/21/2021,GYR,AZ,AWP,CE,Federal Contract Tower,0,1,3,0,4,0,17,57,0,74,0,18,60,0,78,134,0,134,212
05/22/2021,GYR,AZ,AWP,CE,Federal Contract Tower,0,2,5,0,7,0,11,61,0,72,0,13,66,0,79,104,0,104,183
05/23/2021,GYR,AZ,AWP,CE,Federal Contract Tower,0,2,9,0,11,0,13,66,0,79,0,15,75,0,90,128,0,128,218
05/24/2021,GYR,AZ,AWP,CE,Federal Contract Tower,0,2,5,0,7,0,23,69,0,92,0,25,74,0,99,88,0,88,187
05/25/2021,GYR,AZ,AWP,CE,Federal Contract Tower,0,1,7,0,8,0,17,93,0,110,0,18,100,0,118,114,0,114,232
05/26/2021,GYR,AZ,AWP,CE,Federal Contract Tower,0,4,5,0,9,0,12,81,0,93,0,16,86,0,102,112,0,112,214
05/27/2021,GYR,AZ,AWP,CE,Federal Contract Tower,2,2,7,0,11,0,30,64,0,94,2,32,71,0,105,74,0,74,179
05/28/2021,GYR,AZ,AWP,CE,Federal Contract Tower,0,1,3,0,4,0,9,69,2,80,0,10,72,2,84,94,0,94,178
05/29/2021,GYR,AZ,AWP,CE,Federal Contract Tower,0,1,3,0,4,0,20,52,0,72,0,21,55,0,76,128,0,128,204
05/30/2021,GYR,AZ,AWP,CE,Federal Contract Tower,0,2,1,0,3,0,35,43,0,78,0,37,44,0,81,80,0,80,161
05/31/2021,GYR,AZ,AWP,CE,Federal Contract Tower,0,0,4,0,4,0,9,59,2,70,0,9,63,2,74,82,0,82,156
06/01/2021,GYR,AZ,AWP,CE,Federal Contract Tower,1,1,7,0,9,0,28,49,0,77,1,29,56,0,86,52,0,52,138
06/02/2021,GYR,AZ,AWP,CE,Federal Contract Tower,0,3,8,0,11,0,29,80,4,113,0,32,88,4,124,118,0,118,242
06/03/2021,GYR,AZ,AWP,CE,Federal Contract Tower,0,0,6,0,6,0,12,54,0,66,0,12,60,0,72,144,0,144,216
06/04/2021,GYR,AZ,AWP,CE,Federal Contract Tower,0,1,3,0,4,0,20,62,0,82,0,21,65,0,86,83,0,83,169
06/05/2021,GYR,AZ,AWP,CE,Federal Contract Tower,0,3,1,0,4,0,14,26,0,40,0,17,27,0,44,60,0,60,104
06/06/2021,GYR,AZ,AWP,CE,Federal Contract Tower,2,1,3,0,6,0,16,42,0,58,2,17,45,0,64,51,0,51,115
06/07/2021,GYR,AZ,AWP,CE,Federal Contract Tower,2,2,3,0,7,0,12,55,2,69,2,14,58,2,76,116,0,116,192
06/08/2021,GYR,AZ,AWP,CE,Federal Contract Tower,1,2,3,0,6,0,16,74,0,90,1,18,77,0,96,118,0,118,214
06/09/2021,GYR,AZ,AWP,CE,Federal Contract Tower,1,0,3,0,4,0,19,44,0,63,1,19,47,0,67,110,0,110,177
06/10/2021,GYR,AZ,AWP,CE,Federal Contract Tower,0,1,3,0,4,0,29,51,0,80,0,30,54,0,84,114,0,114,198
06/11/2021,GYR,AZ,AWP,CE,Federal Contract Tower,3,0,1,0,4,0,22,50,0,72,3,22,51,0,76,86,0,86,162
06/12/2021,GYR,AZ,AWP,CE,Federal Contract Tower,1,0,6,0,7,0,15,52,0,67,1,15,58,0,74,126,0,126,200
06/13/2021,GYR,AZ,AWP,CE,Federal Contract Tower,0,4,0,0,4,0,14,46,0,60,0,18,46,0,64,76,0,76,140
06/14/2021,GYR,AZ,AWP,CE,Federal Contract Tower,0,4,0,0,4,0,18,33,0,51,0,22,33,0,55,118,0,118,173
06/15/2021,GYR,AZ,AWP,CE,Federal Contract Tower,1,2,4,0,7,0,31,56,0,87,1,33,60,0,94,78,0,78,172
06/16/2021,GYR,AZ,AWP,CE,Federal Contract Tower,1,4,4,0,9,0,17,77,0,94,1,21,81,0,103,115,0,115,218
06/17/2021,GYR,AZ,AWP,CE,Federal Contract Tower,1,1,2,0,4,0,16,44,0,60,1,17,46,0,64,64,0,64,128
06/18/2021,GYR,AZ,AWP,CE,Federal Contract Tower,0,1,2,0,3,1,18,46,0,65,1,19,48,0,68,82,0,82,150
06/19/2021,GYR,AZ,AWP,CE,Federal Contract Tower,0,1,4,0,5,0,11,36,0,47,0,12,40,0,52,74,0,74,126
06/20/2021,GYR,AZ,AWP,CE,Federal Contract Tower,0,0,4,0,4,0,6,34,0,40,0,6,38,0,44,26,0,26,70
06/21/2021,GYR,AZ,AWP,CE,Federal Contract Tower,0,0,2,0,2,2,24,41,0,67,2,24,43,0,69,49,0,49,118
06/22/2021,GYR,AZ,AWP,CE,Federal Contract Tower,0,2,2,0,4,0,17,61,0,78,0,19,63,0,82,124,0,124,206
06/23/2021,GYR,AZ,AWP,CE,Federal Contract Tower,0,5,2,0,7,0,8,53,0,61,0,13,55,0,68,84,0,84,152
06/24/2021,GYR,AZ,AWP,CE,Federal Contract Tower,1,4,0,0,5,0,18,55,0,73,1,22,55,0,78,92,0,92,170
06/25/2021,GYR,AZ,AWP,CE,Federal Contract Tower,0,2,4,0,6,0,31,50,0,81,0,33,54,0,87,144,0,144,231
06/26/2021,GYR,AZ,AWP,CE,Federal Contract Tower,0,1,4,0,5,0,14,42,0,56,0,15,46,0,61,116,0,116,177
06/27/2021,GYR,AZ,AWP,CE,Federal Contract Tower,0,2,2,0,4,0,11,29,0,40,0,13,31,0,44,97,0,97,141
06/28/2021,GYR,AZ,AWP,CE,Federal Contract Tower,1,1,6,0,8,0,7,47,0,54,1,8,53,0,62,50,0,50,112
06/29/2021,GYR,AZ,AWP,CE,Federal Contract Tower,1,4,2,1,8,0,12,55,1,68,1,16,57,2,76,114,0,114,190
06/30/2021,GYR,AZ,AWP,CE,Federal Contract Tower,0,3,6,0,9,0,14,67,0,81,0,17,73,0,90,112,0,112,202
07/01/2021,GYR,AZ,AWP,CE,Federal Contract Tower,0,0,5,0,5,0,22,46,0,68,0,22,51,0,73,106,0,106,179
07/02/2021,GYR,AZ,AWP,CE,Federal Contract Tower,0,0,1,0,1,0,18,46,0,64,0,18,47,0,65,123,0,123,188
07/03/2021,GYR,AZ,AWP,CE,Federal Contract Tower,0,4,4,0,8,0,19,24,0,43,0,23,28,0,51,116,0,116,167
07/04/2021,GYR,AZ,AWP,CE,Federal Contract Tower,0,0,0,0,0,0,15,28,0,43,0,15,28,0,43,84,0,84,127
07/05/2021,GYR,AZ,AWP,CE,Federal Contract Tower,0,1,7,0,8,0,11,37,0,48,0,12,44,0,56,48,0,48,104
07/06/2021,GYR,AZ,AWP,CE,Federal Contract Tower,2,2,7,0,11,0,13,66,0,79,2,15,73,0,90,78,0,78,168
07/07/2021,GYR,AZ,AWP,CE,Federal Contract Tower,0,6,7,0,13,0,17,76,0,93,0,23,83,0,106,100,0,100,206
07/08/2021,GYR,AZ,AWP,CE,Federal Contract Tower,0,2,1,0,3,0,10,72,0,82,0,12,73,0,85,52,0,52,137
07/09/2021,GYR,AZ,AWP,CE,Federal Contract Tower,0,1,5,0,6,0,14,56,0,70,0,15,61,0,76,179,0,179,255
07/10/2021,GYR,AZ,AWP,CE,Federal Contract Tower,1,6,6,0,13,0,16,65,0,81,1,22,71,0,94,142,0,142,236
07/11/2021,GYR,AZ,AWP,CE,Federal Contract Tower,0,1,4,0,5,0,7,46,0,53,0,8,50,0,58,46,0,46,104
07/12/2021,GYR,AZ,AWP,CE,Federal Contract Tower,0,6,3,0,9,0,21,63,0,84,0,27,66,0,93,148,0,148,241
07/13/2021,GYR,AZ,AWP,CE,Federal Contract Tower,0,2,4,0,6,0,12,55,0,67,0,14,59,0,73,66,0,66,139
07/14/2021,GYR,AZ,AWP,CE,Federal Contract Tower,1,2,10,0,13,0,12,41,0,53,1,14,51,0,66,50,0,50,116
07/15/2021,GYR,AZ,AWP,CE,Federal Contract Tower,0,1,10,0,11,0,11,54,0,65,0,12,64,0,76,93,0,93,169
07/16/2021,GYR,AZ,AWP,CE,Federal Contract Tower,0,2,0,0,2,0,18,43,0,61,0,20,43,0,63,96,0,96,159
07/17/2021,GYR,AZ,AWP,CE,Federal Contract Tower,0,3,1,0,4,0,22,44,0,66,0,25,45,0,70,175,0,175,245
07/18/2021,GYR,AZ,AWP,CE,Federal Contract Tower,0,3,1,0,4,0,15,50,0,65,0,18,51,0,69,44,0,44,113
07/19/2021,GYR,AZ,AWP,CE,Federal Contract Tower,2,5,6,0,13,0,16,53,0,69,2,21,59,0,82,56,0,56,138
07/20/2021,GYR,AZ,AWP,CE,Federal Contract Tower,0,2,8,0,10,0,13,74,0,87,0,15,82,0,97,86,0,86,183
07/21/2021,GYR,AZ,AWP,CE,Federal Contract Tower,0,4,6,0,10,0,11,56,0,67,0,15,62,0,77,92,0,92,169
07/22/2021,GYR,AZ,AWP,CE,Federal Contract Tower,0,2,6,0,8,0,9,64,3,76,0,11,70,3,84,104,0,104,188
07/23/2021,GYR,AZ,AWP,CE,Federal Contract Tower,0,1,12,0,13,0,1,32,0,33,0,2,44,0,46,62,0,62,108
07/25/2021,GYR,AZ,AWP,CE,Federal Contract Tower,0,0,10,0,10,0,6,7,0,13,0,6,17,0,23,6,0,6,29
07/26/2021,GYR,AZ,AWP,CE,Federal Contract Tower,0,2,6,0,8,0,27,66,1,94,0,29,72,1,102,158,0,158,260
07/27/2021,GYR,AZ,AWP,CE,Federal Contract Tower,0,4,9,0,13,0,20,54,0,74,0,24,63,0,87,102,0,102,189
07/28/2021,GYR,AZ,AWP,CE,Federal Contract Tower,0,0,3,0,3,0,19,86,0,105,0,19,89,0,108,184,0,184,292
07/29/2021,GYR,AZ,AWP,CE,Federal Contract Tower,0,3,6,0,9,0,17,65,0,82,0,20,71,0,91,92,0,92,183
07/30/2021,GYR,AZ,AWP,CE,Federal Contract Tower,0,1,3,0,4,0,20,45,0,65,0,21,48,0,69,185,0,185,254
07/31/2021,GYR,AZ,AWP,CE,Federal Contract Tower,0,2,5,0,7,0,19,67,0,86,0,21,72,0,93,104,0,104,197
08/01/2021,GYR,AZ,AWP,CE,Federal Contract Tower,0,2,4,0,6,0,12,23,0,35,0,14,27,0,41,130,0,130,171
08/02/2021,GYR,AZ,AWP,CE,Federal Contract Tower,0,0,1,0,1,0,18,73,0,91,0,18,74,0,92,104,0,104,196
08/03/2021,GYR,AZ,AWP,CE,Federal Contract Tower,0,4,1,0,5,0,12,81,0,93,0,16,82,0,98,148,0,148,246
08/04/2021,GYR,AZ,AWP,CE,Federal Contract Tower,1,2,2,2,7,0,13,62,2,77,1,15,64,4,84,128,0,128,212
08/05/2021,GYR,AZ,AWP,CE,Federal Contract Tower,2,4,5,0,11,0,16,49,0,65,2,20,54,0,76,146,0,146,222
08/06/2021,GYR,AZ,AWP,CE,Federal Contract Tower,2,2,3,0,7,0,24,44,0,68,2,26,47,0,75,176,0,176,251
08/07/2021,GYR,AZ,AWP,CE,Federal Contract Tower,0,1,3,0,4,0,21,46,0,67,0,22,49,0,71,137,0,137,208
08/08/2021,GYR,AZ,AWP,CE,Federal Contract Tower,0,1,0,0,1,0,11,32,0,43,0,12,32,0,44,24,0,24,68
08/09/2021,GYR,AZ,AWP,CE,Federal Contract Tower,0,0,1,0,1,0,14,38,0,52,0,14,39,0,53,114,0,114,167
08/10/2021,GYR,AZ,AWP,CE,Federal Contract Tower,0,1,6,0,7,0,1,36,0,37,0,2,42,0,44,100,0,100,144
08/11/2021,GYR,AZ,AWP,CE,Federal Contract Tower,0,2,6,0,8,0,19,61,3,83,0,21,67,3,91,160,0,160,251
08/12/2021,GYR,AZ,AWP,CE,Federal Contract Tower,0,4,9,0,13,0,7,31,0,38,0,11,40,0,51,66,0,66,117
08/13/2021,GYR,AZ,AWP,CE,Federal Contract Tower,0,1,2,0,3,0,13,61,0,74,0,14,63,0,77,60,0,60,137
08/14/2021,GYR,AZ,AWP,CE,Federal Contract Tower,0,3,3,1,7,0,6,59,0,65,0,9,62,1,72,96,0,96,168
08/15/2021,GYR,AZ,AWP,CE,Federal Contract Tower,0,1,5,1,7,0,1,31,0,32,0,2,36,1,39,62,0,62,101
08/16/2021,GYR,AZ,AWP,CE,Federal Contract Tower,0,0,7,0,7,0,4,33,0,37,0,4,40,0,44,50,0,50,94
08/17/2021,GYR,AZ,AWP,CE,Federal Contract Tower,0,3,2,0,5,0,8,42,0,50,0,11,44,0,55,122,0,122,177
08/18/2021,GYR,AZ,AWP,CE,Federal Contract Tower,0,4,7,0,11,0,13,55,0,68,0,17,62,0,79,86,0,86,165
08/19/2021,GYR,AZ,AWP,CE,Federal Contract Tower,2,2,3,0,7,0,8,58,0,66,2,10,61,0,73,118,0,118,191
08/20/2021,GYR,AZ,AWP,CE,Federal Contract Tower,0,3,6,0,9,0,9,55,0,64,0,12,61,0,73,82,0,82,155
08/21/2021,GYR,AZ,AWP,CE,Federal Contract Tower,0,1,3,0,4,0,22,44,0,66,0,23,47,0,70,88,0,88,158
08/22/2021,GYR,AZ,AWP,CE,Federal Contract Tower,0,4,7,0,11,0,27,57,0,84,0,31,64,0,95,84,0,84,179
08/23/2021,GYR,AZ,AWP,CE,Federal Contract Tower,0,0,3,0,3,0,13,55,0,68,0,13,58,0,71,38,0,38,109
08/24/2021,GYR,AZ,AWP,CE,Federal Contract Tower,0,4,4,0,8,0,9,56,0,65,0,13,60,0,73,140,0,140,213
08/25/2021,GYR,AZ,AWP,CE,Federal Contract Tower,0,1,4,0,5,0,24,75,0,99,0,25,79,0,104,54,0,54,158
08/26/2021,GYR,AZ,AWP,CE,Federal Contract Tower,0,6,8,0,14,0,26,54,0,80,0,32,62,0,94,102,0,102,196
08/27/2021,GYR,AZ,AWP,CE,Federal Contract Tower,0,1,1,0,2,0,18,55,0,73,0,19,56,0,75,103,0,103,178
08/28/2021,GYR,AZ,AWP,CE,Federal Contract Tower,0,2,2,0,4,0,11,58,0,69,0,13,60,0,73,79,0,79,152
08/29/2021,GYR,AZ,AWP,CE,Federal Contract Tower,0,5,3,0,8,0,12,53,0,65,0,17,56,0,73,50,0,50,123
08/30/2021,GYR,AZ,AWP,CE,Federal Contract Tower,0,2,4,0,6,0,26,62,0,88,0,28,66,0,94,82,0,82,176
08/31/2021,GYR,AZ,AWP,CE,Federal Contract Tower,1,2,4,0,7,0,8,34,0,42,1,10,38,0,49,26,0,26,75
09/01/2021,GYR,AZ,AWP,CE,Federal Contract Tower,1,4,6,0,11,0,8,56,0,64,1,12,62,0,75,52,0,52,127
09/02/2021,GYR,AZ,AWP,CE,Federal Contract Tower,0,6,6,0,12,0,17,72,2,91,0,23,78,2,103,28,0,28,131
09/03/2021,GYR,AZ,AWP,CE,Federal Contract Tower,0,2,2,0,4,0,5,45,1,51,0,7,47,1,55,54,0,54,109
09/04/2021,GYR,AZ,AWP,CE,Federal Contract Tower,1,0,1,0,2,0,11,52,1,64,1,11,53,1,66,52,0,52,118
09/05/2021,GYR,AZ,AWP,CE,Federal Contract Tower,0,0,2,0,2,0,15,43,0,58,0,15,45,0,60,52,0,52,112
09/06/2021,GYR,AZ,AWP,CE,Federal Contract Tower,0,4,2,0,6,0,15,58,0,73,0,19,60,0,79,74,0,74,153
09/07/2021,GYR,AZ,AWP,CE,Federal Contract Tower,0,0,8,0,8,0,6,73,2,81,0,6,81,2,89,68,0,68,157
09/08/2021,GYR,AZ,AWP,CE,Federal Contract Tower,1,3,7,0,11,0,10,52,0,62,1,13,59,0,73,100,0,100,173
09/09/2021,GYR,AZ,AWP,CE,Federal Contract Tower,0,1,2,0,3,0,11,44,0,55,0,12,46,0,58,43,0,43,101
09/10/2021,GYR,AZ,AWP,CE,Federal Contract Tower,0,0,0,0,0,0,9,40,0,49,0,9,40,0,49,78,0,78,127
09/11/2021,GYR,AZ,AWP,CE,Federal Contract Tower,1,0,0,0,1,0,18,42,2,62,1,18,42,2,63,100,0,100,163
09/12/2021,GYR,AZ,AWP,CE,Federal Contract Tower,0,2,1,0,3,0,18,50,0,68,0,20,51,0,71,41,0,41,112
09/13/2021,GYR,AZ,AWP,CE,Federal Contract Tower,0,3,3,0,6,0,11,58,0,69,0,14,61,0,75,56,0,56,131
09/14/2021,GYR,AZ,AWP,CE,Federal Contract Tower,0,0,9,0,9,0,9,53,0,62,0,9,62,0,71,68,0,68,139
09/15/2021,GYR,AZ,AWP,CE,Federal Contract Tower,0,3,5,0,8,0,9,62,0,71,0,12,67,0,79,94,0,94,173
09/16/2021,GYR,AZ,AWP,CE,Federal Contract Tower,0,1,4,0,5,0,13,58,0,71,0,14,62,0,76,41,0,41,117
09/17/2021,GYR,AZ,AWP,CE,Federal Contract Tower,0,0,0,0,0,0,13,58,0,71,0,13,58,0,71,69,0,69,140
09/18/2021,GYR,AZ,AWP,CE,Federal Contract Tower,1,3,2,0,6,0,13,47,0,60,1,16,49,0,66,68,0,68,134
09/19/2021,GYR,AZ,AWP,CE,Federal Contract Tower,1,4,1,0,6,0,8,58,0,66,1,12,59,0,72,32,0,32,104
09/20/2021,GYR,AZ,AWP,CE,Federal Contract Tower,0,6,4,0,10,0,12,65,0,77,0,18,69,0,87,114,0,114,201
09/21/2021,GYR,AZ,AWP,CE,Federal Contract Tower,0,2,2,0,4,0,21,71,0,92,0,23,73,0,96,188,0,188,284
09/22/2021,GYR,AZ,AWP,CE,Federal Contract Tower,0,3,4,0,7,0,11,55,0,66,0,14,59,0,73,115,0,115,188
09/23/2021,GYR,AZ,AWP,CE,Federal Contract Tower,0,4,6,0,10,0,14,50,0,64,0,18,56,0,74,188,0,188,262
09/24/2021,GYR,AZ,AWP,CE,Federal Contract Tower,0,3,3,0,6,0,6,23,0,29,0,9,26,0,35,61,0,61,96
09/25/2021,GYR,AZ,AWP,CE,Federal Contract Tower,1,2,1,0,4,0,6,49,0,55,1,8,50,0,59,125,0,125,184
09/26/2021,GYR,AZ,AWP,CE,Federal Contract Tower,0,2,0,0,2,0,2,8,0,10,0,4,8,0,12,22,0,22,34
09/27/2021,GYR,AZ,AWP,CE,Federal Contract Tower,0,2,2,0,4,0,15,45,7,67,0,17,47,7,71,208,0,208,279
09/28/2021,GYR,AZ,AWP,CE,Federal Contract Tower,0,5,4,0,9,0,12,68,4,84,0,17,72,4,93,178,0,178,271
09/29/2021,GYR,AZ,AWP,CE,Federal Contract Tower,0,3,6,0,9,0,8,66,0,74,0,11,72,0,83,252,0,252,335
09/30/2021,GYR,AZ,AWP,CE,Federal Contract Tower,0,1,4,0,5,0,18,71,0,89,0,19,75,0,94,168,0,168,262
10/01/2021,GYR,AZ,AWP,CE,Federal Contract Tower,0,2,3,0,5,0,13,52,0,65,0,15,55,0,70,129,0,129,199
10/02/2021,GYR,AZ,AWP,CE,Federal Contract Tower,0,1,1,0,2,0,17,50,0,67,0,18,51,0,69,90,0,90,159
10/03/2021,GYR,AZ,AWP,CE,Federal Contract Tower,0,2,5,0,7,0,13,67,0,80,0,15,72,0,87,120,0,120,207
10/04/2021,GYR,AZ,AWP,CE,Federal Contract Tower,0,1,5,1,7,0,10,56,0,66,0,11,61,1,73,144,0,144,217
10/05/2021,GYR,AZ,AWP,CE,Federal Contract Tower,0,3,3,2,8,0,2,39,0,41,0,5,42,2,49,92,0,92,141
10/06/2021,GYR,AZ,AWP,CE,Federal Contract Tower,0,3,9,9,21,0,13,75,4,92,0,16,84,13,113,138,0,138,251
10/07/2021,GYR,AZ,AWP,CE,Federal Contract Tower,0,0,11,0,11,0,22,62,0,84,0,22,73,0,95,215,0,215,310
10/08/2021,GYR,AZ,AWP,CE,Federal Contract Tower,0,3,2,0,5,0,20,67,0,87,0,23,69,0,92,166,0,166,258
10/09/2021,GYR,AZ,AWP,CE,Federal Contract Tower,0,0,4,0,4,0,5,70,0,75,0,5,74,0,79,233,0,233,312
10/10/2021,GYR,AZ,AWP,CE,Federal Contract Tower,0,0,1,0,1,0,13,57,0,70,0,13,58,0,71,156,0,156,227
10/11/2021,GYR,AZ,AWP,CE,Federal Contract Tower,0,3,4,0,7,0,7,60,0,67,0,10,64,0,74,93,0,93,167
10/12/2021,GYR,AZ,AWP,CE,Federal Contract Tower,0,3,10,0,13,0,2,62,0,64,0,5,72,0,77,204,0,204,281
10/13/2021,GYR,AZ,AWP,CE,Federal Contract Tower,1,3,6,0,10,0,15,89,0,104,1,18,95,0,114,310,0,310,424
10/14/2021,GYR,AZ,AWP,CE,Federal Contract Tower,0,0,6,0,6,0,12,81,0,93,0,12,87,0,99,224,0,224,323
10/15/2021,GYR,AZ,AWP,CE,Federal Contract Tower,0,0,0,0,0,0,25,50,0,75,0,25,50,0,75,152,0,152,227
10/16/2021,GYR,AZ,AWP,CE,Federal Contract Tower,1,3,2,0,6,0,15,43,0,58,1,18,45,0,64,109,0,109,173
10/17/2021,GYR,AZ,AWP,CE,Federal Contract Tower,0,3,0,0,3,0,7,56,0,63,0,10,56,0,66,103,0,103,169
10/18/2021,GYR,AZ,AWP,CE,Federal Contract Tower,1,1,6,0,8,0,13,59,5,77,1,14,65,5,85,74,0,74,159
10/19/2021,GYR,AZ,AWP,CE,Federal Contract Tower,0,2,9,0,11,0,11,70,0,81,0,13,79,0,92,200,0,200,292
10/20/2021,GYR,AZ,AWP,CE,Federal Contract Tower,0,3,5,0,8,0,13,84,0,97,0,16,89,0,105,164,0,164,269
10/21/2021,GYR,AZ,AWP,CE,Federal Contract Tower,0,1,13,0,14,0,15,84,0,99,0,16,97,0,113,248,0,248,361
10/22/2021,GYR,AZ,AWP,CE,Federal Contract Tower,0,5,9,0,14,0,11,57,0,68,0,16,66,0,82,182,0,182,264
10/23/2021,GYR,AZ,AWP,CE,Federal Contract Tower,0,2,5,0,7,0,10,73,0,83,0,12,78,0,90,156,0,156,246
10/24/2021,GYR,AZ,AWP,CE,Federal Contract Tower,0,6,4,0,10,0,15,58,0,73,0,21,62,0,83,82,0,82,165
10/25/2021,GYR,AZ,AWP,CE,Federal Contract Tower,1,1,1,0,3,0,22,63,0,85,1,23,64,0,88,188,0,188,276
10/26/2021,GYR,AZ,AWP,CE,Federal Contract Tower,1,5,5,0,11,0,25,67,2,94,1,30,72,2,105,94,0,94,199
10/27/2021,GYR,AZ,AWP,CE,Federal Contract Tower,1,2,3,0,6,0,17,97,0,114,1,19,100,0,120,264,0,264,384
10/28/2021,GYR,AZ,AWP,CE,Federal Contract Tower,1,5,9,0,15,0,4,84,0,88,1,9,93,0,103,121,0,121,224
10/29/2021,GYR,AZ,AWP,CE,Federal Contract Tower,1,2,4,0,7,0,15,46,0,61,1,17,50,0,68,102,0,102,170
10/30/2021,GYR,AZ,AWP,CE,Federal Contract Tower,0,0,2,0,2,0,12,86,0,98,0,12,88,0,100,134,0,134,234
10/31/2021,GYR,AZ,AWP,CE,Federal Contract Tower,0,1,5,0,6,0,9,43,0,52,0,10,48,0,58,110,0,110,168
11/01/2021,GYR,AZ,AWP,CE,Federal Contract Tower,0,3,3,0,6,0,12,77,0,89,0,15,80,0,95,176,0,176,271
11/02/2021,GYR,AZ,AWP,CE,Federal Contract Tower,1,4,10,0,15,0,17,56,0,73,1,21,66,0,88,122,0,122,210
11/03/2021,GYR,AZ,AWP,CE,Federal Contract Tower,1,4,5,0,10,0,14,105,0,119,1,18,110,0,129,143,0,143,272
11/04/2021,GYR,AZ,AWP,CE,Federal Contract Tower,0,9,33,0,42,0,8,48,0,56,0,17,81,0,98,78,0,78,176
11/05/2021,GYR,AZ,AWP,CE,Federal Contract Tower,0,7,23,0,30,0,14,78,2,94,0,21,101,2,124,43,0,43,167
11/06/2021,GYR,AZ,AWP,CE,Federal Contract Tower,0,6,15,0,21,0,11,41,0,52,0,17,56,0,73,116,0,116,189
11/07/2021,GYR,AZ,AWP,CE,Federal Contract Tower,2,19,46,0,67,6,34,54,0,94,8,53,100,0,161,41,0,41,202
11/08/2021,GYR,AZ,AWP,CE,Federal Contract Tower,0,3,10,0,13,0,8,75,0,83,0,11,85,0,96,136,0,136,232
11/09/2021,GYR,AZ,AWP,CE,Federal Contract Tower,0,5,2,0,7,0,17,74,0,91,0,22,76,0,98,128,0,128,226
11/10/2021,GYR,AZ,AWP,CE,Federal Contract Tower,0,1,2,0,3,0,11,102,2,115,0,12,104,2,118,130,0,130,248
11/11/2021,GYR,AZ,AWP,CE,Federal Contract Tower,0,5,4,0,9,0,17,45,1,63,0,22,49,1,72,86,0,86,158
11/12/2021,GYR,AZ,AWP,CE,Federal Contract Tower,1,2,1,2,6,0,8,64,2,74,1,10,65,4,80,90,0,90,170
11/13/2021,GYR,AZ,AWP,CE,Federal Contract Tower,1,0,6,0,7,0,15,81,0,96,1,15,87,0,103,204,0,204,307
11/14/2021,GYR,AZ,AWP,CE,Federal Contract Tower,0,3,7,0,10,0,24,49,0,73,0,27,56,0,83,80,0,80,163
11/15/2021,GYR,AZ,AWP,CE,Federal Contract Tower,0,2,5,0,7,0,9,67,3,79,0,11,72,3,86,116,0,116,202
11/16/2021,GYR,AZ,AWP,CE,Federal Contract Tower,0,3,3,0,6,0,13,99,0,112,0,16,102,0,118,136,0,136,254
11/17/2021,GYR,AZ,AWP,CE,Federal Contract Tower,1,2,10,0,13,0,18,113,0,131,1,20,123,0,144,148,0,148,292
11/18/2021,GYR,AZ,AWP,CE,Federal Contract Tower,0,0,6,0,6,0,22,108,0,130,0,22,114,0,136,186,0,186,322
11/20/2021,GYR,AZ,AWP,CE,Federal Contract Tower,0,3,5,0,8,0,23,89,0,112,0,26,94,0,120,125,0,125,245
11/21/2021,GYR,AZ,AWP,CE,Federal Contract Tower,0,2,0,0,2,0,7,34,0,41,0,9,34,0,43,24,0,24,67
11/22/2021,GYR,AZ,AWP,CE,Federal Contract Tower,0,2,1,0,3,0,13,61,0,74,0,15,62,0,77,126,0,126,203
11/23/2021,GYR,AZ,AWP,CE,Federal Contract Tower,0,9,4,0,13,0,25,73,0,98,0,34,77,0,111,116,0,116,227
11/24/2021,GYR,AZ,AWP,CE,Federal Contract Tower,0,3,3,0,6,0,31,77,0,108,0,34,80,0,114,120,0,120,234
11/25/2021,GYR,AZ,AWP,CE,Federal Contract Tower,0,0,0,0,0,0,0,8,0,8,0,0,8,0,8,0,0,0,8
11/26/2021,GYR,AZ,AWP,CE,Federal Contract Tower,0,0,0,0,0,0,14,38,0,52,0,14,38,0,52,85,0,85,137
11/27/2021,GYR,AZ,AWP,CE,Federal Contract Tower,0,5,3,0,8,0,11,65,0,76,0,16,68,0,84,139,0,139,223
11/28/2021,GYR,AZ,AWP,CE,Federal Contract Tower,0,3,3,0,6,0,21,58,0,79,0,24,61,0,85,54,0,54,139
11/29/2021,GYR,AZ,AWP,CE,Federal Contract Tower,0,1,3,2,6,0,7,81,0,88,0,8,84,2,94,100,0,100,194
11/30/2021,GYR,AZ,AWP,CE,Federal Contract Tower,0,0,0,0,0,0,21,82,0,103,0,21,82,0,103,108,0,108,211
12/01/2021,GYR,AZ,AWP,CE,Federal Contract Tower,0,1,7,0,8,0,21,78,0,99,0,22,85,0,107,96,0,96,203
12/02/2021,GYR,AZ,AWP,CE,Federal Contract Tower,0,0,3,0,3,0,13,86,0,99,0,13,89,0,102,122,0,122,224
12/03/2021,GYR,AZ,AWP,CE,Federal Contract Tower,2,1,10,0,13,0,6,60,0,66,2,7,70,0,79,162,0,162,241
12/04/2021,GYR,AZ,AWP,CE,Federal Contract Tower,0,1,3,0,4,0,9,54,0,63,0,10,57,0,67,140,0,140,207
12/05/2021,GYR,AZ,AWP,CE,Federal Contract Tower,0,0,5,0,5,0,19,68,0,87,0,19,73,0,92,86,0,86,178
12/06/2021,GYR,AZ,AWP,CE,Federal Contract Tower,0,3,3,0,6,0,6,61,0,67,0,9,64,0,73,56,0,56,129
12/07/2021,GYR,AZ,AWP,CE,Federal Contract Tower,0,3,8,0,11,0,19,91,0,110,0,22,99,0,121,122,0,122,243
12/08/2021,GYR,AZ,AWP,CE,Federal Contract Tower,0,3,9,0,12,0,8,86,2,96,0,11,95,2,108,149,0,149,257
12/09/2021,GYR,AZ,AWP,CE,Federal Contract Tower,0,3,7,0,10,0,20,58,0,78,0,23,65,0,88,182,0,182,270
12/10/2021,GYR,AZ,AWP,CE,Federal Contract Tower,0,0,7,2,9,0,8,45,0,53,0,8,52,2,62,196,0,196,258
12/11/2021,GYR,AZ,AWP,CE,Federal Contract Tower,0,3,4,4,11,0,15,71,0,86,0,18,75,4,97,110,0,110,207
12/12/2021,GYR,AZ,AWP,CE,Federal Contract Tower,0,1,2,0,3,0,11,41,0,52,0,12,43,0,55,108,0,108,163
12/13/2021,GYR,AZ,AWP,CE,Federal Contract Tower,0,0,2,0,2,0,8,109,0,117,0,8,111,0,119,160,0,160,279
12/14/2021,GYR,AZ,AWP,CE,Federal Contract Tower,0,1,3,0,4,0,5,132,0,137,0,6,135,0,141,204,0,204,345
12/15/2021,GYR,AZ,AWP,CE,Federal Contract Tower,0,2,13,0,15,0,10,139,0,149,0,12,152,0,164,188,0,188,352
12/16/2021,GYR,AZ,AWP,CE,Federal Contract Tower,2,3,1,0,6,0,11,132,0,143,2,14,133,0,149,268,0,268,417
12/17/2021,GYR,AZ,AWP,CE,Federal Contract Tower,1,4,2,0,7,0,7,121,0,128,1,11,123,0,135,288,0,288,423
12/18/2021,GYR,AZ,AWP,CE,Federal Contract Tower,0,2,5,0,7,0,5,66,0,71,0,7,71,0,78,106,0,106,184
12/19/2021,GYR,AZ,AWP,CE,Federal Contract Tower,0,3,5,0,8,0,11,56,0,67,0,14,61,0,75,55,0,55,130
12/20/2021,GYR,AZ,AWP,CE,Federal Contract Tower,2,0,3,0,5,0,13,114,0,127,2,13,117,0,132,100,0,100,232
12/21/2021,GYR,AZ,AWP,CE,Federal Contract Tower,0,3,1,0,4,0,18,122,0,140,0,21,123,0,144,164,0,164,308
12/22/2021,GYR,AZ,AWP,CE,Federal Contract Tower,0,4,2,0,6,0,8,117,0,125,0,12,119,0,131,288,0,288,419
12/23/2021,GYR,AZ,AWP,CE,Federal Contract Tower,0,1,4,0,5,0,2,76,12,90,0,3,80,12,95,366,0,366,461
12/24/2021,GYR,AZ,AWP,CE,Federal Contract Tower,0,4,1,0,5,0,3,0,0,3,0,7,1,0,8,0,0,0,8
12/25/2021,GYR,AZ,AWP,CE,Federal Contract Tower,0,3,0,0,3,0,8,4,0,12,0,11,4,0,15,24,0,24,39
12/26/2021,GYR,AZ,AWP,CE,Federal Contract Tower,0,1,4,0,5,0,4,30,4,38,0,5,34,4,43,10,0,10,53
12/27/2021,GYR,AZ,AWP,CE,Federal Contract Tower,0,1,4,0,5,0,10,109,1,120,0,11,113,1,125,256,2,258,383
12/28/2021,GYR,AZ,AWP,CE,Federal Contract Tower,0,2,2,0,4,0,4,70,2,76,0,6,72,2,80,258,0,258,338
12/29/2021,GYR,AZ,AWP,CE,Federal Contract Tower,0,4,0,0,4,0,11,118,0,129,0,15,118,0,133,260,0,260,393
12/30/2021,GYR,AZ,AWP,CE,Federal Contract Tower,0,0,3,0,3,0,12,79,0,91,0,12,82,0,94,244,0,244,338
12/31/2021,GYR,AZ,AWP,CE,Federal Contract Tower,0,4,4,0,8,0,4,2,0,6,0,8,6,0,14,14,0,14,28
01/01/2022,GYR,AZ,AWP,CE,Federal Contract Tower,0,3,2,0,5,0,14,18,0,32,0,17,20,0,37,12,0,12,49
01/02/2022,GYR,AZ,AWP,CE,Federal Contract Tower,0,0,3,0,3,0,9,50,0,59,0,9,53,0,62,42,0,42,104
01/03/2022,GYR,AZ,AWP,CE,Federal Contract Tower,0,1,5,0,6,0,10,111,0,121,0,11,116,0,127,170,0,170,297
01/04/2022,GYR,AZ,AWP,CE,Federal Contract Tower,0,6,5,0,11,0,13,102,0,115,0,19,107,0,126,194,0,194,320
01/05/2022,GYR,AZ,AWP,CE,Federal Contract Tower,0,6,6,0,12,0,6,132,0,138,0,12,138,0,150,337,0,337,487
01/06/2022,GYR,AZ,AWP,CE,Federal Contract Tower,0,4,3,0,7,0,11,125,0,136,0,15,128,0,143,240,0,240,383
01/07/2022,GYR,AZ,AWP,CE,Federal Contract Tower,0,2,4,0,6,0,17,100,4,121,0,19,104,4,127,219,0,219,346
01/08/2022,GYR,AZ,AWP,CE,Federal Contract Tower,0,2,1,0,3,0,6,53,0,59,0,8,54,0,62,202,0,202,264
01/09/2022,GYR,AZ,AWP,CE,Federal Contract Tower,0,1,3,0,4,0,15,50,0,65,0,16,53,0,69,58,0,58,127
01/10/2022,GYR,AZ,AWP,CE,Federal Contract Tower,0,3,4,0,7,0,12,99,0,111,0,15,103,0,118,108,0,108,226
01/11/2022,GYR,AZ,AWP,CE,Federal Contract Tower,0,1,4,0,5,0,9,96,0,105,0,10,100,0,110,209,0,209,319
01/12/2022,GYR,AZ,AWP,CE,Federal Contract Tower,0,2,3,0,5,0,19,120,0,139,0,21,123,0,144,198,0,198,342
01/13/2022,GYR,AZ,AWP,CE,Federal Contract Tower,0,1,6,0,7,0,13,111,0,124,0,14,117,0,131,218,0,218,349
01/14/2022,GYR,AZ,AWP,CE,Federal Contract Tower,0,3,2,0,5,0,12,100,0,112,0,15,102,0,117,142,0,142,259
01/15/2022,GYR,AZ,AWP,CE,Federal Contract Tower,0,1,9,0,10,0,7,37,0,44,0,8,46,0,54,108,0,108,162
01/16/2022,GYR,AZ,AWP,CE,Federal Contract Tower,0,3,4,0,7,0,14,49,0,63,0,17,53,0,70,90,0,90,160
01/17/2022,GYR,AZ,AWP,CE,Federal Contract Tower,0,0,9,0,9,0,4,64,1,69,0,4,73,1,78,138,0,138,216
01/18/2022,GYR,AZ,AWP,CE,Federal Contract Tower,0,3,6,0,9,0,15,122,0,137,0,18,128,0,146,272,0,272,418
01/19/2022,GYR,AZ,AWP,CE,Federal Contract Tower,0,1,4,0,5,0,13,137,0,150,0,14,141,0,155,289,0,289,444
01/20/2022,GYR,AZ,AWP,CE,Federal Contract Tower,0,3,5,0,8,0,18,142,0,160,0,21,147,0,168,232,0,232,400
01/21/2022,GYR,AZ,AWP,CE,Federal Contract Tower,0,1,4,0,5,0,8,132,0,140,0,9,136,0,145,197,0,197,342
01/22/2022,GYR,AZ,AWP,CE,Federal Contract Tower,1,0,3,0,4,0,10,75,0,85,1,10,78,0,89,187,0,187,276
01/23/2022,GYR,AZ,AWP,CE,Federal Contract Tower,1,0,1,0,2,0,15,72,0,87,1,15,73,0,89,122,0,122,211
01/24/2022,GYR,AZ,AWP,CE,Federal Contract Tower,1,4,13,2,20,0,14,117,0,131,1,18,130,2,151,152,0,152,303
01/25/2022,GYR,AZ,AWP,CE,Federal Contract Tower,2,3,8,0,13,0,13,159,0,172,2,16,167,0,185,258,0,258,443
01/26/2022,GYR,AZ,AWP,CE,Federal Contract Tower,0,3,12,0,15,0,12,144,0,156,0,15,156,0,171,252,0,252,423
01/27/2022,GYR,AZ,AWP,CE,Federal Contract Tower,0,2,6,0,8,0,18,116,0,134,0,20,122,0,142,211,0,211,353
01/28/2022,GYR,AZ,AWP,CE,Federal Contract Tower,1,1,6,0,8,0,9,49,0,58,1,10,55,0,66,100,0,100,166
01/29/2022,GYR,AZ,AWP,CE,Federal Contract Tower,0,2,4,0,6,0,6,66,0,72,0,8,70,0,78,54,0,54,132
01/30/2022,GYR,AZ,AWP,CE,Federal Contract Tower,0,1,4,0,5,0,21,105,0,126,0,22,109,0,131,200,0,200,331
01/31/2022,GYR,AZ,AWP,CE,Federal Contract Tower,1,1,2,0,4,0,28,121,3,152,1,29,123,3,156,230,0,230,386
02/01/2022,GYR,AZ,AWP,CE,Federal Contract Tower,0,0,3,0,3,0,15,185,2,202,0,15,188,2,205,312,0,312,517
02/02/2022,GYR,AZ,AWP,CE,Federal Contract Tower,0,2,8,0,10,0,7,110,2,119,0,9,118,2,129,218,0,218,347
02/03/2022,GYR,AZ,AWP,CE,Federal Contract Tower,0,3,3,0,6,0,12,124,0,136,0,15,127,0,142,371,0,371,513
02/04/2022,GYR,AZ,AWP,CE,Federal Contract Tower,0,3,7,0,10,0,12,95,0,107,0,15,102,0,117,296,0,296,413
02/05/2022,GYR,AZ,AWP,CE,Federal Contract Tower,0,6,5,0,11,0,23,105,0,128,0,29,110,0,139,344,0,344,483
02/06/2022,GYR,AZ,AWP,CE,Federal Contract Tower,0,3,4,0,7,0,15,115,0,130,0,18,119,0,137,171,0,171,308
02/07/2022,GYR,AZ,AWP,CE,Federal Contract Tower,0,2,4,0,6,0,14,141,2,157,0,16,145,2,163,226,0,226,389
02/08/2022,GYR,AZ,AWP,CE,Federal Contract Tower,1,4,12,0,17,0,9,149,0,158,1,13,161,0,175,346,0,346,521
02/09/2022,GYR,AZ,AWP,CE,Federal Contract Tower,0,0,6,0,6,0,22,136,0,158,0,22,142,0,164,400,0,400,564
02/10/2022,GYR,AZ,AWP,CE,Federal Contract Tower,1,5,3,0,9,0,10,126,0,136,1,15,129,0,145,318,0,318,463
02/11/2022,GYR,AZ,AWP,CE,Federal Contract Tower,0,3,1,2,6,0,20,122,0,142,0,23,123,2,148,275,0,275,423
02/12/2022,GYR,AZ,AWP,CE,Federal Contract Tower,0,1,1,0,2,0,18,90,0,108,0,19,91,0,110,188,0,188,298
02/13/2022,GYR,AZ,AWP,CE,Federal Contract Tower,0,2,0,0,2,0,14,67,0,81,0,16,67,0,83,161,0,161,244
02/14/2022,GYR,AZ,AWP,CE,Federal Contract Tower,2,3,4,0,9,0,22,156,0,178,2,25,160,0,187,250,0,250,437
02/15/2022,GYR,AZ,AWP,CE,Federal Contract Tower,0,1,4,1,6,0,12,134,0,146,0,13,138,1,152,358,0,358,510
02/16/2022,GYR,AZ,AWP,CE,Federal Contract Tower,0,3,7,0,10,0,19,156,0,175,0,22,163,0,185,338,0,338,523
02/17/2022,GYR,AZ,AWP,CE,Federal Contract Tower,0,0,6,0,6,0,12,169,0,181,0,12,175,0,187,382,0,382,569
02/18/2022,GYR,AZ,AWP,CE,Federal Contract Tower,2,2,5,0,9,0,7,136,1,144,2,9,141,1,153,386,0,386,539
02/19/2022,GYR,AZ,AWP,CE,Federal Contract Tower,0,0,6,0,6,0,12,148,0,160,0,12,154,0,166,285,0,285,451
02/20/2022,GYR,AZ,AWP,CE,Federal Contract Tower,0,1,5,0,6,0,5,123,0,128,0,6,128,0,134,275,0,275,409
02/21/2022,GYR,AZ,AWP,CE,Federal Contract Tower,0,2,4,0,6,0,11,106,0,117,0,13,110,0,123,246,0,246,369
02/22/2022,GYR,AZ,AWP,CE,Federal Contract Tower,1,0,6,0,7,0,12,141,0,153,1,12,147,0,160,374,0,374,534
02/23/2022,GYR,AZ,AWP,CE,Federal Contract Tower,1,0,1,0,2,0,7,11,0,18,1,7,12,0,20,18,0,18,38
02/24/2022,GYR,AZ,AWP,CE,Federal Contract Tower,0,5,3,0,8,0,22,196,0,218,0,27,199,0,226,300,0,300,526
02/25/2022,GYR,AZ,AWP,CE,Federal Contract Tower,0,4,6,0,10,0,10,140,0,150,0,14,146,0,160,334,0,334,494
02/26/2022,GYR,AZ,AWP,CE,Federal Contract Tower,0,3,7,0,10,0,10,138,0,148,0,13,145,0,158,313,0,313,471
02/27/2022,GYR,AZ,AWP,CE,Federal Contract Tower,1,2,6,0,9,0,19,122,2,143,1,21,128,2,152,296,0,296,448
02/28/2022,GYR,AZ,AWP,CE,Federal Contract Tower,0,2,3,0,5,0,21,160,0,181,0,23,163,0,186,464,0,464,650
03/01/2022,GYR,AZ,AWP,CE,Federal Contract Tower,0,2,3,0,5,0,11,146,0,157,0,13,149,0,162,448,0,448,610
03/02/2022,GYR,AZ,AWP,CE,Federal Contract Tower,0,4,6,0,10,0,23,147,0,170,0,27,153,0,180,366,0,366,546
03/03/2022,GYR,AZ,AWP,CE,Federal Contract Tower,0,1,6,0,7,0,17,148,2,167,0,18,154,2,174,336,0,336,510
03/04/2022,GYR,AZ,AWP,CE,Federal Contract Tower,0,5,3,0,8,0,11,104,1,116,0,16,107,1,124,322,0,322,446
03/05/2022,GYR,AZ,AWP,CE,Federal Contract Tower,0,6,2,1,9,0,12,64,0,76,0,18,66,1,85,173,0,173,258
03/06/2022,GYR,AZ,AWP,CE,Federal Contract Tower,0,3,3,0,6,0,20,107,2,129,0,23,110,2,135,318,0,318,453
03/07/2022,GYR,AZ,AWP,CE,Federal Contract Tower,2,2,9,0,13,0,9,119,0,128,2,11,128,0,141,255,0,255,396
03/08/2022,GYR,AZ,AWP,CE,Federal Contract Tower,0,3,6,0,9,0,20,160,2,182,0,23,166,2,191,356,0,356,547
03/09/2022,GYR,AZ,AWP,CE,Federal Contract Tower,0,3,9,0,12,0,11,183,0,194,0,14,192,0,206,216,0,216,422
03/10/2022,GYR,AZ,AWP,CE,Federal Contract Tower,0,1,10,0,11,0,9,122,0,131,0,10,132,0,142,164,0,164,306
03/11/2022,GYR,AZ,AWP,CE,Federal Contract Tower,0,14,18,0,32,0,7,135,0,142,0,21,153,0,174,215,0,215,389
03/12/2022,GYR,AZ,AWP,CE,Federal Contract Tower,0,13,13,0,26,0,9,155,0,164,0,22,168,0,190,213,0,213,403
03/13/2022,GYR,AZ,AWP,CE,Federal Contract Tower,0,16,35,0,51,0,2,97,0,99,0,18,132,0,150,76,0,76,226
03/14/2022,GYR,AZ,AWP,CE,Federal Contract Tower,0,2,4,0,6,0,4,161,0,165,0,6,165,0,171,240,0,240,411
03/15/2022,GYR,AZ,AWP,CE,Federal Contract Tower,0,2,4,0,6,0,15,186,0,201,0,17,190,0,207,350,0,350,557
03/16/2022,GYR,AZ,AWP,CE,Federal Contract Tower,1,0,4,0,5,0,15,129,0,144,1,15,133,0,149,98,0,98,247
03/17/2022,GYR,AZ,AWP,CE,Federal Contract Tower,0,0,7,0,7,0,7,168,0,175,0,7,175,0,182,294,0,294,476
03/18/2022,GYR,AZ,AWP,CE,Federal Contract Tower,0,4,9,2,15,0,6,148,0,154,0,10,157,2,169,282,0,282,451
03/19/2022,GYR,AZ,AWP,CE,Federal Contract Tower,0,2,3,0,5,0,13,144,0,157,0,15,147,0,162,237,0,237,399
03/20/2022,GYR,AZ,AWP,CE,Federal Contract Tower,0,1,5,0,6,0,14,77,0,91,0,15,82,0,97,144,0,144,241
03/21/2022,GYR,AZ,AWP,CE,Federal Contract Tower,0,0,5,0,5,0,8,110,0,118,0,8,115,0,123,128,0,128,251
03/22/2022,GYR,AZ,AWP,CE,Federal Contract Tower,0,5,12,0,17,0,16,191,0,207,0,21,203,0,224,306,0,306,530
03/23/2022,GYR,AZ,AWP,CE,Federal Contract Tower,2,11,13,0,26,0,17,202,0,219,2,28,215,0,245,262,0,262,507
03/24/2022,GYR,AZ,AWP,CE,Federal Contract Tower,0,2,17,0,19,0,21,171,0,192,0,23,188,0,211,372,0,372,583
03/25/2022,GYR,AZ,AWP,CE,Federal Contract Tower,1,1,8,0,10,0,17,147,0,164,1,18,155,0,174,329,0,329,503
03/26/2022,GYR,AZ,AWP,CE,Federal Contract Tower,0,6,11,0,17,0,28,304,0,332,0,34,315,0,349,46,0,46,395
03/27/2022,GYR,AZ,AWP,CE,Federal Contract Tower,2,1,8,0,11,0,6,107,0,113,2,7,115,0,124,274,2,276,400
03/28/2022,GYR,AZ,AWP,CE,Federal Contract Tower,2,1,5,1,9,0,9,93,0,102,2,10,98,1,111,282,0,282,393
03/29/2022,GYR,AZ,AWP,CE,Federal Contract Tower,0,2,4,1,7,0,11,102,2,115,0,13,106,3,122,318,0,318,440
03/30/2022,GYR,AZ,AWP,CE,Federal Contract Tower,0,1,4,0,5,0,12,149,4,165,0,13,153,4,170,280,0,280,450
03/31/2022,GYR,AZ,AWP,CE,Federal Contract Tower,0,1,8,0,9,0,8,161,0,169,0,9,169,0,178,388,0,388,566
04/01/2022,GYR,AZ,AWP,CE,Federal Contract Tower,1,1,9,0,11,0,20,171,0,191,1,21,180,0,202,264,0,264,466
04/02/2022,GYR,AZ,AWP,CE,Federal Contract Tower,0,0,3,0,3,0,2,169,0,171,0,2,172,0,174,286,0,286,460
04/03/2022,GYR,AZ,AWP,CE,Federal Contract Tower,0,3,5,0,8,0,7,139,0,146,0,10,144,0,154,184,0,184,338
04/04/2022,GYR,AZ,AWP,CE,Federal Contract Tower,0,6,6,0,12,0,17,153,0,170,0,23,159,0,182,248,0,248,430
04/05/2022,GYR,AZ,AWP,CE,Federal Contract Tower,0,4,7,0,11,0,14,128,0,142,0,18,135,0,153,348,0,348,501
04/06/2022,GYR,AZ,AWP,CE,Federal Contract Tower,0,3,4,0,7,0,9,163,0,172,0,12,167,0,179,266,0,266,445
04/07/2022,GYR,AZ,AWP,CE,Federal Contract Tower,3,0,6,0,9,0,12,146,1,159,3,12,152,1,168,250,0,250,418
04/08/2022,GYR,AZ,AWP,CE,Federal Contract Tower,0,0,9,0,9,0,6,114,0,120,0,6,123,0,129,274,0,274,403
04/09/2022,GYR,AZ,AWP,CE,Federal Contract Tower,0,5,2,0,7,0,7,107,0,114,0,12,109,0,121,256,0,256,377
04/10/2022,GYR,AZ,AWP,CE,Federal Contract Tower,0,3,8,0,11,0,2,100,0,102,0,5,108,0,113,190,0,190,303
04/11/2022,GYR,AZ,AWP,CE,Federal Contract Tower,0,0,0,0,0,0,4,119,0,123,0,4,119,0,123,218,0,218,341
04/12/2022,GYR,AZ,AWP,CE,Federal Contract Tower,1,1,8,0,10,0,1,89,2,92,1,2,97,2,102,214,0,214,316
04/13/2022,GYR,AZ,AWP,CE,Federal Contract Tower,0,1,11,0,12,0,12,159,2,173,0,13,170,2,185,358,0,358,543
04/14/2022,GYR,AZ,AWP,CE,Federal Contract Tower,0,1,7,0,8,0,15,133,0,148,0,16,140,0,156,270,0,270,426
04/15/2022,GYR,AZ,AWP,CE,Federal Contract Tower,0,3,8,0,11,0,15,187,0,202,0,18,195,0,213,352,0,352,565
04/16/2022,GYR,AZ,AWP,CE,Federal Contract Tower,0,1,1,0,2,0,6,148,0,154,0,7,149,0,156,267,0,267,423
04/17/2022,GYR,AZ,AWP,CE,Federal Contract Tower,0,0,2,0,2,0,20,141,0,161,0,20,143,0,163,250,0,250,413
04/18/2022,GYR,AZ,AWP,CE,Federal Contract Tower,0,1,6,0,7,0,12,155,2,169,0,13,161,2,176,336,0,336,512
04/19/2022,GYR,AZ,AWP,CE,Federal Contract Tower,0,3,10,0,13,0,4,145,2,151,0,7,155,2,164,268,0,268,432
04/20/2022,GYR,AZ,AWP,CE,Federal Contract Tower,0,1,11,0,12,0,12,158,0,170,0,13,169,0,182,256,0,256,438
04/21/2022,GYR,AZ,AWP,CE,Federal Contract Tower,1,6,11,0,18,0,7,166,0,173,1,13,177,0,191,342,0,342,533
04/22/2022,GYR,AZ,AWP,CE,Federal Contract Tower,0,7,8,0,15,0,0,77,0,77,0,7,85,0,92,135,0,135,227
04/23/2022,GYR,AZ,AWP,CE,Federal Contract Tower,0,0,8,0,8,1,27,136,0,164,1,27,144,0,172,305,0,305,477
04/24/2022,GYR,AZ,AWP,CE,Federal Contract Tower,0,4,2,0,6,0,19,127,0,146,0,23,129,0,152,285,0,285,437
04/25/2022,GYR,AZ,AWP,CE,Federal Contract Tower,1,4,9,0,14,0,12,132,0,144,1,16,141,0,158,251,0,251,409
04/26/2022,GYR,AZ,AWP,CE,Federal Contract Tower,3,3,9,0,15,0,9,143,3,155,3,12,152,3,170,310,0,310,480
04/27/2022,GYR,AZ,AWP,CE,Federal Contract Tower,0,2,11,0,13,0,18,167,2,187,0,20,178,2,200,284,0,284,484
04/28/2022,GYR,AZ,AWP,CE,Federal Contract Tower,1,2,11,0,14,0,19,151,2,172,1,21,162,2,186,238,0,238,424
04/29/2022,GYR,AZ,AWP,CE,Federal Contract Tower,0,1,7,0,8,0,16,146,0,162,0,17,153,0,170,242,0,242,412
04/30/2022,GYR,AZ,AWP,CE,Federal Contract Tower,0,4,5,0,9,0,6,107,0,113,0,10,112,0,122,198,0,198,320
05/01/2022,GYR,AZ,AWP,CE,Federal Contract Tower,0,3,12,0,15,0,14,119,0,133,0,17,131,0,148,166,0,166,314
05/02/2022,GYR,AZ,AWP,CE,Federal Contract Tower,0,3,5,0,8,0,9,147,2,158,0,12,152,2,166,316,0,316,482
05/03/2022,GYR,AZ,AWP,CE,Federal Contract Tower,0,9,12,0,21,0,10,143,2,155,0,19,155,2,176,204,0,204,380
05/04/2022,GYR,AZ,AWP,CE,Federal Contract Tower,0,1,7,0,8,0,15,146,0,161,0,16,153,0,169,332,0,332,501
05/05/2022,GYR,AZ,AWP,CE,Federal Contract Tower,0,3,7,0,10,0,30,168,0,198,0,33,175,0,208,340,0,340,548
05/06/2022,GYR,AZ,AWP,CE,Federal Contract Tower,0,2,7,0,9,0,8,129,0,137,0,10,136,0,146,240,0,240,386
05/07/2022,GYR,AZ,AWP,CE,Federal Contract Tower,0,2,4,0,6,0,19,111,0,130,0,21,115,0,136,175,0,175,311
05/08/2022,GYR,AZ,AWP,CE,Federal Contract Tower,0,1,4,0,5,0,7,94,0,101,0,8,98,0,106,218,0,218,324
05/09/2022,GYR,AZ,AWP,CE,Federal Contract Tower,1,2,9,0,12,0,4,124,0,128,1,6,133,0,140,200,0,200,340
05/10/2022,GYR,AZ,AWP,CE,Federal Contract Tower,0,3,5,0,8,0,7,153,0,160,0,10,158,0,168,170,0,170,338
05/11/2022,GYR,AZ,AWP,CE,Federal Contract Tower,0,5,6,0,11,0,12,155,0,167,0,17,161,0,178,278,0,278,456
05/12/2022,GYR,AZ,AWP,CE,Federal Contract Tower,0,2,4,0,6,0,12,151,0,163,0,14,155,0,169,345,0,345,514
05/13/2022,GYR,AZ,AWP,CE,Federal Contract Tower,0,5,6,0,11,0,9,129,0,138,0,14,135,0,149,279,0,279,428
05/14/2022,GYR,AZ,AWP,CE,Federal Contract Tower,1,3,4,0,8,0,8,127,0,135,1,11,131,0,143,233,0,233,376
05/15/2022,GYR,AZ,AWP,CE,Federal Contract Tower,0,3,3,0,6,0,4,92,0,96,0,7,95,0,102,172,0,172,274
05/16/2022,GYR,AZ,AWP,CE,Federal Contract Tower,0,4,8,0,12,0,1,146,0,147,0,5,154,0,159,144,0,144,303
05/17/2022,GYR,AZ,AWP,CE,Federal Contract Tower,0,6,2,0,8,0,10,147,0,157,0,16,149,0,165,240,0,240,405
05/18/2022,GYR,AZ,AWP,CE,Federal Contract Tower,1,4,6,0,11,0,11,197,0,208,1,15,203,0,219,288,0,288,507
05/19/2022,GYR,AZ,AWP,CE,Federal Contract Tower,0,5,10,0,15,0,10,168,0,178,0,15,178,0,193,324,0,324,517
05/20/2022,GYR,AZ,AWP,CE,Federal Contract Tower,0,3,5,0,8,0,10,139,0,149,0,13,144,0,157,183,0,183,340
05/21/2022,GYR,AZ,AWP,CE,Federal Contract Tower,0,4,5,0,9,0,14,117,0,131,0,18,122,0,140,209,0,209,349
05/22/2022,GYR,AZ,AWP,CE,Federal Contract Tower,0,4,5,0,9,0,1,119,0,120,0,5,124,0,129,152,0,152,281
05/23/2022,GYR,AZ,AWP,CE,Federal Contract Tower,3,0,2,0,5,0,8,169,0,177,3,8,171,0,182,258,0,258,440
05/24/2022,GYR,AZ,AWP,CE,Federal Contract Tower,2,3,6,0,11,0,27,178,0,205,2,30,184,0,216,268,0,268,484
05/25/2022,GYR,AZ,AWP,CE,Federal Contract Tower,0,1,3,0,4,0,5,173,2,180,0,6,176,2,184,240,0,240,424
05/26/2022,GYR,AZ,AWP,CE,Federal Contract Tower,0,2,7,0,9,0,2,180,0,182,0,4,187,0,191,282,0,282,473
05/27/2022,GYR,AZ,AWP,CE,Federal Contract Tower,0,1,10,0,11,0,66,140,0,206,0,67,150,0,217,209,0,209,426
05/28/2022,GYR,AZ,AWP,CE,Federal Contract Tower,0,4,4,0,8,0,112,54,0,166,0,116,58,0,174,148,0,148,322
05/29/2022,GYR,AZ,AWP,CE,Federal Contract Tower,1,1,1,0,3,0,71,45,0,116,1,72,46,0,119,136,0,136,255
05/30/2022,GYR,AZ,AWP,CE,Federal Contract Tower,2,1,7,0,10,0,8,38,0,46,2,9,45,0,56,44,0,44,100
05/31/2022,GYR,AZ,AWP,CE,Federal Contract Tower,1,5,3,0,9,0,142,56,0,198,1,147,59,0,207,238,0,238,445
06/01/2022,GYR,AZ,AWP,CE,Federal Contract Tower,0,9,3,0,12,0,129,68,0,197,0,138,71,0,209,282,0,282,491
06/02/2022,GYR,AZ,AWP,CE,Federal Contract Tower,0,4,4,0,8,0,80,44,0,124,0,84,48,0,132,148,0,148,280
06/03/2022,GYR,AZ,AWP,CE,Federal Contract Tower,0,4,3,0,7,0,142,51,0,193,0,146,54,0,200,264,0,264,464
06/04/2022,GYR,AZ,AWP,CE,Federal Contract Tower,0,4,0,0,4,0,70,54,0,124,0,74,54,0,128,152,0,152,280
06/05/2022,GYR,AZ,AWP,CE,Federal Contract Tower,1,3,4,0,8,0,114,49,0,163,1,117,53,0,171,194,0,194,365
06/06/2022,GYR,AZ,AWP,CE,Federal Contract Tower,0,3,0,0,3,0,121,56,0,177,0,124,56,0,180,280,0,280,460
06/07/2022,GYR,AZ,AWP,CE,Federal Contract Tower,0,3,1,3,7,0,130,69,2,201,0,133,70,5,208,212,0,212,420
06/08/2022,GYR,AZ,AWP,CE,Federal Contract Tower,0,5,3,3,11,0,123,71,0,194,0,128,74,3,205,250,0,250,455
06/09/2022,GYR,AZ,AWP,CE,Federal Contract Tower,0,4,1,0,5,0,134,44,0,178,0,138,45,0,183,180,0,180,363
06/10/2022,GYR,AZ,AWP,CE,Federal Contract Tower,1,2,1,2,6,0,105,41,2,148,1,107,42,4,154,220,0,220,374
06/11/2022,GYR,AZ,AWP,CE,Federal Contract Tower,0,3,1,0,4,0,47,44,0,91,0,50,45,0,95,122,0,122,217
06/12/2022,GYR,AZ,AWP,CE,Federal Contract Tower,0,5,1,0,6,0,59,12,2,73,0,64,13,2,79,124,0,124,203
06/13/2022,GYR,AZ,AWP,CE,Federal Contract Tower,0,9,0,0,9,0,125,36,0,161,0,134,36,0,170,116,0,116,286
06/14/2022,GYR,AZ,AWP,CE,Federal Contract Tower,1,2,3,0,6,0,9,38,3,50,1,11,41,3,56,122,0,122,178
06/15/2022,GYR,AZ,AWP,CE,Federal Contract Tower,0,8,1,0,9,0,156,59,0,215,0,164,60,0,224,314,0,314,538
06/16/2022,GYR,AZ,AWP,CE,Federal Contract Tower,0,9,3,0,12,0,130,34,2,166,0,139,37,2,178,280,0,280,458
06/17/2022,GYR,AZ,AWP,CE,Federal Contract Tower,1,4,0,0,5,0,134,41,0,175,1,138,41,0,180,263,0,263,443
06/18/2022,GYR,AZ,AWP,CE,Federal Contract Tower,0,6,0,0,6,0,73,52,0,125,0,79,52,0,131,231,0,231,362
06/19/2022,GYR,AZ,AWP,CE,Federal Contract Tower,0,6,1,0,7,0,99,42,2,143,0,105,43,2,150,148,0,148,298
06/20/2022,GYR,AZ,AWP,CE,Federal Contract Tower,0,11,2,0,13,0,168,41,0,209,0,179,43,0,222,256,0,256,478
06/21/2022,GYR,AZ,AWP,CE,Federal Contract Tower,0,4,7,0,11,0,183,56,0,239,0,187,63,0,250,250,0,250,500
06/22/2022,GYR,AZ,AWP,CE,Federal Contract Tower,0,2,2,0,4,0,149,39,0,188,0,151,41,0,192,222,0,222,414
06/23/2022,GYR,AZ,AWP,CE,Federal Contract Tower,0,5,0,0,5,0,104,43,1,148,0,109,43,1,153,150,0,150,303
06/24/2022,GYR,AZ,AWP,CE,Federal Contract Tower,0,9,4,0,13,0,102,27,3,132,0,111,31,3,145,169,0,169,314
06/25/2022,GYR,AZ,AWP,CE,Federal Contract Tower,1,3,1,0,5,0,94,34,0,128,1,97,35,0,133,164,0,164,297
06/26/2022,GYR,AZ,AWP,CE,Federal Contract Tower,0,4,0,0,4,0,66,27,0,93,0,70,27,0,97,60,0,60,157
06/27/2022,GYR,AZ,AWP,CE,Federal Contract Tower,0,7,3,0,10,0,184,46,0,230,0,191,49,0,240,234,0,234,474
06/28/2022,GYR,AZ,AWP,CE,Federal Contract Tower,2,4,4,0,10,0,186,33,0,219,2,190,37,0,229,262,0,262,491
06/29/2022,GYR,AZ,AWP,CE,Federal Contract Tower,0,7,4,0,11,0,114,40,0,154,0,121,44,0,165,214,0,214,379
06/30/2022,GYR,AZ,AWP,CE,Federal Contract Tower,0,14,2,0,16,0,137,34,0,171,0,151,36,0,187,232,0,232,419
07/01/2022,GYR,AZ,AWP,CE,Federal Contract Tower,1,1,5,0,7,0,100,49,0,149,1,101,54,0,156,246,0,246,402
07/02/2022,GYR,AZ,AWP,CE,Federal Contract Tower,0,5,3,0,8,0,99,49,0,148,0,104,52,0,156,160,0,160,316
07/03/2022,GYR,AZ,AWP,CE,Federal Contract Tower,1,5,1,0,7,0,88,54,0,142,1,93,55,0,149,180,0,180,329
07/04/2022,GYR,AZ,AWP,CE,Federal Contract Tower,0,1,0,0,1,0,15,32,0,47,0,16,32,0,48,58,0,58,106
07/05/2022,GYR,AZ,AWP,CE,Federal Contract Tower,2,7,2,0,11,0,139,29,0,168,2,146,31,0,179,334,0,334,513
07/06/2022,GYR,AZ,AWP,CE,Federal Contract Tower,1,8,2,0,11,0,183,38,0,221,1,191,40,0,232,303,0,303,535
07/07/2022,GYR,AZ,AWP,CE,Federal Contract Tower,0,7,4,0,11,0,136,37,0,173,0,143,41,0,184,268,0,268,452
07/08/2022,GYR,AZ,AWP,CE,Federal Contract Tower,2,7,3,0,12,0,110,40,0,150,2,117,43,0,162,242,0,242,404
07/09/2022,GYR,AZ,AWP,CE,Federal Contract Tower,0,4,1,0,5,0,110,51,0,161,0,114,52,0,166,328,0,328,494
07/10/2022,GYR,AZ,AWP,CE,Federal Contract Tower,0,7,0,0,7,0,118,16,0,134,0,125,16,0,141,156,0,156,297
07/11/2022,GYR,AZ,AWP,CE,Federal Contract Tower,0,5,3,0,8,0,142,21,0,163,0,147,24,0,171,242,0,242,413
07/12/2022,GYR,AZ,AWP,CE,Federal Contract Tower,0,3,4,0,7,0,115,49,2,166,0,118,53,2,173,207,0,207,380
07/13/2022,GYR,AZ,AWP,CE,Federal Contract Tower,1,10,3,0,14,0,89,43,1,133,1,99,46,1,147,280,0,280,427
07/14/2022,GYR,AZ,AWP,CE,Federal Contract Tower,0,12,5,0,17,0,112,33,0,145,0,124,38,0,162,294,0,294,456
07/15/2022,GYR,AZ,AWP,CE,Federal Contract Tower,0,7,1,0,8,0,123,35,0,158,0,130,36,0,166,313,0,313,479
07/16/2022,GYR,AZ,AWP,CE,Federal Contract Tower,0,3,1,0,4,0,83,29,0,112,0,86,30,0,116,204,0,204,320
07/17/2022,GYR,AZ,AWP,CE,Federal Contract Tower,0,5,4,0,9,0,102,18,0,120,0,107,22,0,129,241,0,241,370
07/18/2022,GYR,AZ,AWP,CE,Federal Contract Tower,0,4,0,0,4,0,148,25,0,173,0,152,25,0,177,340,0,340,517
07/19/2022,GYR,AZ,AWP,CE,Federal Contract Tower,0,11,10,0,21,0,140,55,0,195,0,151,65,0,216,322,0,322,538
07/20/2022,GYR,AZ,AWP,CE,Federal Contract Tower,0,15,5,0,20,0,120,44,2,166,0,135,49,2,186,300,0,300,486
07/21/2022,GYR,AZ,AWP,CE,Federal Contract Tower,0,11,2,0,13,0,139,28,0,167,0,150,30,0,180,388,0,388,568
07/22/2022,GYR,AZ,AWP,CE,Federal Contract Tower,0,3,4,0,7,0,132,48,0,180,0,135,52,0,187,272,0,272,459
07/23/2022,GYR,AZ,AWP,CE,Federal Contract Tower,0,3,1,0,4,0,72,15,0,87,0,75,16,0,91,148,0,148,239
07/24/2022,GYR,AZ,AWP,CE,Federal Contract Tower,0,7,2,0,9,0,108,24,0,132,0,115,26,0,141,190,0,190,331
07/25/2022,GYR,AZ,AWP,CE,Federal Contract Tower,0,4,0,0,4,0,103,26,0,129,0,107,26,0,133,290,0,290,423
07/26/2022,GYR,AZ,AWP,CE,Federal Contract Tower,0,7,0,0,7,0,149,46,0,195,0,156,46,0,202,190,0,190,392
07/27/2022,GYR,AZ,AWP,CE,Federal Contract Tower,0,12,1,0,13,0,136,50,0,186,0,148,51,0,199,286,0,286,485
07/28/2022,GYR,AZ,AWP,CE,Federal Contract Tower,0,5,3,0,8,0,134,24,0,158,0,139,27,0,166,304,0,304,470
07/29/2022,GYR,AZ,AWP,CE,Federal Contract Tower,0,8,5,0,13,0,113,46,0,159,0,121,51,0,172,212,0,212,384
07/30/2022,GYR,AZ,AWP,CE,Federal Contract Tower,0,3,2,0,5,0,127,44,0,171,0,130,46,0,176,269,0,269,445
07/31/2022,GYR,AZ,AWP,CE,Federal Contract Tower,0,7,0,0,7,0,136,34,0,170,0,143,34,0,177,278,0,278,455
08/01/2022,GYR,AZ,AWP,CE,Federal Contract Tower,0,11,2,0,13,0,161,49,0,210,0,172,51,0,223,334,0,334,557
08/02/2022,GYR,AZ,AWP,CE,Federal Contract Tower,1,16,1,0,18,0,161,45,2,208,1,177,46,2,226,310,0,310,536
08/03/2022,GYR,AZ,AWP,CE,Federal Contract Tower,2,11,4,0,17,0,154,22,0,176,2,165,26,0,193,302,0,302,495
08/04/2022,GYR,AZ,AWP,CE,Federal Contract Tower,1,13,4,0,18,0,136,26,0,162,1,149,30,0,180,158,0,158,338
08/05/2022,GYR,AZ,AWP,CE,Federal Contract Tower,2,9,3,0,14,0,145,48,0,193,2,154,51,0,207,354,0,354,561
08/06/2022,GYR,AZ,AWP,CE,Federal Contract Tower,0,15,0,0,15,0,112,50,0,162,0,127,50,0,177,248,0,248,425
08/07/2022,GYR,AZ,AWP,CE,Federal Contract Tower,0,9,1,0,10,0,157,61,0,218,0,166,62,0,228,236,0,236,464
08/08/2022,GYR,AZ,AWP,CE,Federal Contract Tower,0,10,6,0,16,0,147,40,0,187,0,157,46,0,203,324,0,324,527
08/09/2022,GYR,AZ,AWP,CE,Federal Contract Tower,0,6,7,0,13,0,161,46,0,207,0,167,53,0,220,374,0,374,594
08/10/2022,GYR,AZ,AWP,CE,Federal Contract Tower,2,7,1,0,10,0,134,64,2,200,2,141,65,2,210,226,0,226,436
08/11/2022,GYR,AZ,AWP,CE,Federal Contract Tower,0,12,0,0,12,0,148,30,0,178,0,160,30,0,190,386,0,386,576
08/12/2022,GYR,AZ,AWP,CE,Federal Contract Tower,2,7,2,0,11,0,67,42,0,109,2,74,44,0,120,268,0,268,388
08/13/2022,GYR,AZ,AWP,CE,Federal Contract Tower,0,10,0,0,10,0,136,37,0,173,0,146,37,0,183,316,0,316,499
08/14/2022,GYR,AZ,AWP,CE,Federal Contract Tower,0,5,2,0,7,0,124,27,0,151,0,129,29,0,158,218,0,218,376
08/15/2022,GYR,AZ,AWP,CE,Federal Contract Tower,0,8,1,0,9,0,131,31,0,162,0,139,32,0,171,286,0,286,457
08/16/2022,GYR,AZ,AWP,CE,Federal Contract Tower,1,8,4,0,13,0,154,63,0,217,1,162,67,0,230,308,0,308,538
08/17/2022,GYR,AZ,AWP,CE,Federal Contract Tower,0,8,3,0,11,0,97,32,2,131,0,105,35,2,142,354,0,354,496
08/18/2022,GYR,AZ,AWP,CE,Federal Contract Tower,0,15,5,0,20,0,117,51,0,168,0,132,56,0,188,304,0,304,492
08/19/2022,GYR,AZ,AWP,CE,Federal Contract Tower,0,13,4,0,17,0,91,34,0,125,0,104,38,0,142,252,0,252,394
08/20/2022,GYR,AZ,AWP,CE,Federal Contract Tower,0,8,5,0,13,0,133,58,0,191,0,141,63,0,204,291,0,291,495
08/21/2022,GYR,AZ,AWP,CE,Federal Contract Tower,0,7,0,0,7,0,159,34,0,193,0,166,34,0,200,244,0,244,444
08/22/2022,GYR,AZ,AWP,CE,Federal Contract Tower,0,17,2,0,19,0,184,59,0,243,0,201,61,0,262,450,0,450,712
08/23/2022,GYR,AZ,AWP,CE,Federal Contract Tower,0,21,1,0,22,0,139,46,0,185,0,160,47,0,207,372,0,372,579
08/24/2022,GYR,AZ,AWP,CE,Federal Contract Tower,0,17,2,0,19,0,168,64,0,232,0,185,66,0,251,434,0,434,685
08/25/2022,GYR,AZ,AWP,CE,Federal Contract Tower,1,14,7,0,22,0,164,51,0,215,1,178,58,0,237,398,0,398,635
08/26/2022,GYR,AZ,AWP,CE,Federal Contract Tower,0,12,4,0,16,0,125,45,0,170,0,137,49,0,186,353,0,353,539
08/27/2022,GYR,AZ,AWP,CE,Federal Contract Tower,0,11,0,0,11,0,59,54,0,113,0,70,54,0,124,226,0,226,350
08/28/2022,GYR,AZ,AWP,CE,Federal Contract Tower,0,8,2,0,10,0,129,51,0,180,0,137,53,0,190,316,0,316,506
08/29/2022,GYR,AZ,AWP,CE,Federal Contract Tower,1,9,0,0,10,0,122,43,0,165,1,131,43,0,175,354,0,354,529
08/30/2022,GYR,AZ,AWP,CE,Federal Contract Tower,0,15,0,0,15,0,142,59,0,201,0,157,59,0,216,402,0,402,618
08/31/2022,GYR,AZ,AWP,CE,Federal Contract Tower,0,8,5,0,13,0,112,51,0,163,0,120,56,0,176,411,0,411,587
09/01/2022,GYR,AZ,AWP,CE,Federal Contract Tower,1,19,6,0,26,0,141,70,0,211,1,160,76,0,237,352,0,352,589
09/02/2022,GYR,AZ,AWP,CE,Federal Contract Tower,0,15,2,0,17,0,80,51,0,131,0,95,53,0,148,243,0,243,391
09/03/2022,GYR,AZ,AWP,CE,Federal Contract Tower,0,19,0,0,19,0,113,50,0,163,0,132,50,0,182,310,0,310,492
09/04/2022,GYR,AZ,AWP,CE,Federal Contract Tower,0,13,2,0,15,0,144,41,0,185,0,157,43,0,200,324,0,324,524
09/05/2022,GYR,AZ,AWP,CE,Federal Contract Tower,0,4,2,0,6,0,12,48,0,60,0,16,50,0,66,104,0,104,170
09/06/2022,GYR,AZ,AWP,CE,Federal Contract Tower,0,11,1,0,12,0,143,39,0,182,0,154,40,0,194,426,0,426,620
09/07/2022,GYR,AZ,AWP,CE,Federal Contract Tower,0,15,6,0,21,0,132,55,2,189,0,147,61,2,210,240,0,240,450
09/08/2022,GYR,AZ,AWP,CE,Federal Contract Tower,0,16,6,0,22,0,97,53,0,150,0,113,59,0,172,226,0,226,398
09/09/2022,GYR,AZ,AWP,CE,Federal Contract Tower,0,8,4,0,12,0,71,42,0,113,0,79,46,0,125,206,0,206,331
09/10/2022,GYR,AZ,AWP,CE,Federal Contract Tower,0,11,3,0,14,0,189,44,0,233,0,200,47,0,247,444,0,444,691
09/11/2022,GYR,AZ,AWP,CE,Federal Contract Tower,2,10,0,0,12,0,141,40,0,181,2,151,40,0,193,436,0,436,629
09/12/2022,GYR,AZ,AWP,CE,Federal Contract Tower,0,15,1,0,16,0,164,45,0,209,0,179,46,0,225,336,0,336,561
09/13/2022,GYR,AZ,AWP,CE,Federal Contract Tower,0,15,6,0,21,0,121,70,0,191,0,136,76,0,212,468,0,468,680
09/14/2022,GYR,AZ,AWP,CE,Federal Contract Tower,1,16,2,0,19,0,153,73,2,228,1,169,75,2,247,432,0,432,679
09/15/2022,GYR,AZ,AWP,CE,Federal Contract Tower,1,27,8,0,36,0,106,64,0,170,1,133,72,0,206,346,0,346,552
09/16/2022,GYR,AZ,AWP,CE,Federal Contract Tower,1,16,4,0,21,0,145,54,0,199,1,161,58,0,220,352,0,352,572
09/17/2022,GYR,AZ,AWP,CE,Federal Contract Tower,1,13,1,0,15,0,183,67,0,250,1,196,68,0,265,406,0,406,671
09/18/2022,GYR,AZ,AWP,CE,Federal Contract Tower,0,16,1,0,17,0,144,67,0,211,0,160,68,0,228,360,0,360,588
09/19/2022,GYR,AZ,AWP,CE,Federal Contract Tower,0,16,1,0,17,0,145,73,0,218,0,161,74,0,235,340,0,340,575
09/20/2022,GYR,AZ,AWP,CE,Federal Contract Tower,0,13,6,0,19,0,112,65,0,177,0,125,71,0,196,296,0,296,492
09/21/2022,GYR,AZ,AWP,CE,Federal Contract Tower,0,8,11,0,19,0,51,33,0,84,0,59,44,0,103,290,0,290,393
09/22/2022,GYR,AZ,AWP,CE,Federal Contract Tower,0,22,13,0,35,0,128,72,0,200,0,150,85,0,235,490,0,490,725
09/23/2022,GYR,AZ,AWP,CE,Federal Contract Tower,0,20,6,0,26,0,103,71,0,174,0,123,77,0,200,341,0,341,541
09/24/2022,GYR,AZ,AWP,CE,Federal Contract Tower,0,16,4,0,20,0,154,78,0,232,0,170,82,0,252,379,0,379,631
09/25/2022,GYR,AZ,AWP,CE,Federal Contract Tower,0,12,5,0,17,0,102,41,0,143,0,114,46,0,160,292,0,292,452
09/26/2022,GYR,AZ,AWP,CE,Federal Contract Tower,0,17,3,0,20,0,137,50,2,189,0,154,53,2,209,390,0,390,599
09/27/2022,GYR,AZ,AWP,CE,Federal Contract Tower,1,14,3,0,18,0,152,62,2,216,1,166,65,2,234,347,0,347,581
09/28/2022,GYR,AZ,AWP,CE,Federal Contract Tower,0,9,4,0,13,0,112,79,0,191,0,121,83,0,204,348,0,348,552
09/29/2022,GYR,AZ,AWP,CE,Federal Contract Tower,0,13,5,0,18,0,178,76,2,256,0,191,81,2,274,376,0,376,650
09/30/2022,GYR,AZ,AWP,CE,Federal Contract Tower,0,17,5,0,22,0,132,64,0,196,0,149,69,0,218,381,0,381,599
10/01/2022,GYR,AZ,AWP,CE,Federal Contract Tower,2,9,3,0,14,0,149,54,0,203,2,158,57,0,217,365,0,365,582
10/02/2022,GYR,AZ,AWP,CE,Federal Contract Tower,0,13,1,0,14,0,146,48,1,195,0,159,49,1,209,302,0,302,511
10/03/2022,GYR,AZ,AWP,CE,Federal Contract Tower,1,9,0,0,10,0,125,49,0,174,1,134,49,0,184,270,0,270,454
10/04/2022,GYR,AZ,AWP,CE,Federal Contract Tower,2,16,4,0,22,0,184,63,2,249,2,200,67,2,271,428,2,430,701
10/05/2022,GYR,AZ,AWP,CE,Federal Contract Tower,0,17,6,0,23,0,163,55,0,218,0,180,61,0,241,412,0,412,653
10/06/2022,GYR,AZ,AWP,CE,Federal Contract Tower,0,9,11,0,20,0,121,46,0,167,0,130,57,0,187,348,0,348,535
10/08/2022,GYR,AZ,AWP,CE,Federal Contract Tower,0,16,2,0,18,0,130,66,2,198,0,146,68,2,216,345,0,345,561
10/09/2022,GYR,AZ,AWP,CE,Federal Contract Tower,3,8,5,0,16,0,164,47,0,211,3,172,52,0,227,288,0,288,515
10/10/2022,GYR,AZ,AWP,CE,Federal Contract Tower,0,18,5,0,23,0,190,30,0,220,0,208,35,0,243,412,0,412,655
10/11/2022,GYR,AZ,AWP,CE,Federal Contract Tower,0,12,5,1,18,0,148,58,0,206,0,160,63,1,224,356,0,356,580
10/12/2022,GYR,AZ,AWP,CE,Federal Contract Tower,1,15,6,0,22,0,166,59,0,225,1,181,65,0,247,506,0,506,753
10/13/2022,GYR,AZ,AWP,CE,Federal Contract Tower,2,11,6,0,19,0,155,58,0,213,2,166,64,0,232,444,0,444,676
10/14/2022,GYR,AZ,AWP,CE,Federal Contract Tower,0,17,7,3,27,0,149,54,0,203,0,166,61,3,230,406,0,406,636
10/15/2022,GYR,AZ,AWP,CE,Federal Contract Tower,0,5,4,0,9,0,10,6,0,16,0,15,10,0,25,118,0,118,143
10/16/2022,GYR,AZ,AWP,CE,Federal Contract Tower,0,6,9,0,15,0,179,41,0,220,0,185,50,0,235,328,0,328,563
10/17/2022,GYR,AZ,AWP,CE,Federal Contract Tower,0,13,5,3,21,0,185,38,0,223,0,198,43,3,244,382,0,382,626
10/18/2022,GYR,AZ,AWP,CE,Federal Contract Tower,2,5,2,1,10,0,4,28,0,32,2,9,30,1,42,66,0,66,108
10/19/2022,GYR,AZ,AWP,CE,Federal Contract Tower,2,12,6,0,20,0,139,48,0,187,2,151,54,0,207,446,0,446,653
10/20/2022,GYR,AZ,AWP,CE,Federal Contract Tower,1,21,8,0,30,0,160,52,2,214,1,181,60,2,244,402,0,402,646
10/21/2022,GYR,AZ,AWP,CE,Federal Contract Tower,0,9,4,3,16,0,182,51,0,233,0,191,55,3,249,344,0,344,593
10/22/2022,GYR,AZ,AWP,CE,Federal Contract Tower,0,8,2,0,10,0,147,49,0,196,0,155,51,0,206,403,0,403,609
10/23/2022,GYR,AZ,AWP,CE,Federal Contract Tower,0,7,1,0,8,0,158,25,0,183,0,165,26,0,191,432,0,432,623
10/24/2022,GYR,AZ,AWP,CE,Federal Contract Tower,0,5,4,3,12,0,154,51,0,205,0,159,55,3,217,443,0,443,660
10/25/2022,GYR,AZ,AWP,CE,Federal Contract Tower,4,15,6,0,25,0,172,68,0,240,4,187,74,0,265,356,0,356,621
10/26/2022,GYR,AZ,AWP,CE,Federal Contract Tower,0,10,5,0,15,0,141,79,0,220,0,151,84,0,235,388,0,388,623
10/27/2022,GYR,AZ,AWP,CE,Federal Contract Tower,0,17,4,0,21,0,115,77,0,192,0,132,81,0,213,393,0,393,606
10/28/2022,GYR,AZ,AWP,CE,Federal Contract Tower,0,10,5,0,15,0,146,80,0,226,0,156,85,0,241,420,0,420,661
10/29/2022,GYR,AZ,AWP,CE,Federal Contract Tower,0,8,2,1,11,0,157,53,1,211,0,165,55,2,222,406,0,406,628
10/30/2022,GYR,AZ,AWP,CE,Federal Contract Tower,0,6,4,0,10,0,148,81,0,229,0,154,85,0,239,272,0,272,511
10/31/2022,GYR,AZ,AWP,CE,Federal Contract Tower,1,6,2,0,9,0,167,57,0,224,1,173,59,0,233,324,0,324,557
11/01/2022,GYR,AZ,AWP,CE,Federal Contract Tower,0,8,9,0,17,0,155,66,0,221,0,163,75,0,238,376,0,376,614
11/02/2022,GYR,AZ,AWP,CE,Federal Contract Tower,1,6,8,0,15,0,143,61,0,204,1,149,69,0,219,328,0,328,547
11/03/2022,GYR,AZ,AWP,CE,Federal Contract Tower,0,21,18,0,39,0,94,47,0,141,0,115,65,0,180,346,0,346,526
11/04/2022,GYR,AZ,AWP,CE,Federal Contract Tower,0,15,20,1,36,0,151,64,0,215,0,166,84,1,251,363,0,363,614
11/05/2022,GYR,AZ,AWP,CE,Federal Contract Tower,0,23,16,0,39,0,144,79,2,225,0,167,95,2,264,358,0,358,622
11/06/2022,GYR,AZ,AWP,CE,Federal Contract Tower,0,30,34,0,64,0,4,9,0,13,0,34,43,0,77,228,0,228,305
11/07/2022,GYR,AZ,AWP,CE,Federal Contract Tower,0,25,12,0,37,0,163,73,0,236,0,188,85,0,273,348,0,348,621
11/08/2022,GYR,AZ,AWP,CE,Federal Contract Tower,0,10,5,0,15,0,149,73,0,222,0,159,78,0,237,412,0,412,649
11/09/2022,GYR,AZ,AWP,CE,Federal Contract Tower,0,6,8,1,15,0,62,31,0,93,0,68,39,1,108,252,0,252,360
11/10/2022,GYR,AZ,AWP,CE,Federal Contract Tower,1,7,4,3,15,0,181,78,0,259,1,188,82,3,274,440,0,440,714
11/11/2022,GYR,AZ,AWP,CE,Federal Contract Tower,1,14,4,1,20,0,157,55,0,212,1,171,59,1,232,378,0,378,610
11/12/2022,GYR,AZ,AWP,CE,Federal Contract Tower,0,6,2,1,9,0,174,92,0,266,0,180,94,1,275,476,0,476,751
11/13/2022,GYR,AZ,AWP,CE,Federal Contract Tower,0,14,5,0,19,0,118,51,0,169,0,132,56,0,188,374,0,374,562
11/14/2022,GYR,AZ,AWP,CE,Federal Contract Tower,0,13,3,0,16,0,148,64,0,212,0,161,67,0,228,512,0,512,740
11/15/2022,GYR,AZ,AWP,CE,Federal Contract Tower,0,22,1,0,23,0,136,67,2,205,0,158,68,2,228,434,0,434,662
11/16/2022,GYR,AZ,AWP,CE,Federal Contract Tower,0,11,7,0,18,0,78,62,0,140,0,89,69,0,158,346,0,346,504
11/17/2022,GYR,AZ,AWP,CE,Federal Contract Tower,0,10,3,0,13,0,167,78,0,245,0,177,81,0,258,386,0,386,644
11/18/2022,GYR,AZ,AWP,CE,Federal Contract Tower,0,8,0,0,8,0,140,77,0,217,0,148,77,0,225,482,0,482,707
11/19/2022,GYR,AZ,AWP,CE,Federal Contract Tower,0,13,4,0,17,0,139,71,0,210,0,152,75,0,227,397,0,397,624
11/20/2022,GYR,AZ,AWP,CE,Federal Contract Tower,0,12,2,2,16,0,128,54,0,182,0,140,56,2,198,308,0,308,506
11/21/2022,GYR,AZ,AWP,CE,Federal Contract Tower,0,10,0,4,14,0,141,59,0,200,0,151,59,4,214,312,0,312,526
11/22/2022,GYR,AZ,AWP,CE,Federal Contract Tower,1,10,1,4,16,0,128,40,0,168,1,138,41,4,184,376,0,376,560
11/23/2022,GYR,AZ,AWP,CE,Federal Contract Tower,0,13,4,5,22,0,106,51,0,157,0,119,55,5,179,328,0,328,507
11/24/2022,GYR,AZ,AWP,CE,Federal Contract Tower,0,0,0,1,1,0,2,19,0,21,0,2,19,1,22,0,0,0,22
11/25/2022,GYR,AZ,AWP,CE,Federal Contract Tower,0,2,0,0,2,0,16,49,0,65,0,18,49,0,67,49,0,49,116
11/26/2022,GYR,AZ,AWP,CE,Federal Contract Tower,0,3,4,0,7,0,81,76,0,157,0,84,80,0,164,279,0,279,443
11/27/2022,GYR,AZ,AWP,CE,Federal Contract Tower,0,8,3,0,11,0,143,61,0,204,0,151,64,0,215,338,0,338,553
11/28/2022,GYR,AZ,AWP,CE,Federal Contract Tower,0,16,7,4,27,0,142,51,0,193,0,158,58,4,220,404,0,404,624
11/29/2022,GYR,AZ,AWP,CE,Federal Contract Tower,4,8,6,4,22,0,158,80,0,238,4,166,86,4,260,424,0,424,684
11/30/2022,GYR,AZ,AWP,CE,Federal Contract Tower,2,6,4,4,16,0,181,71,0,252,2,187,75,4,268,506,0,506,774
12/01/2022,GYR,AZ,AWP,CE,Federal Contract Tower,1,14,2,4,21,0,144,61,0,205,1,158,63,4,226,390,0,390,616
12/03/2022,GYR,AZ,AWP,CE,Federal Contract Tower,0,6,3,0,9,0,47,27,0,74,0,53,30,0,83,215,0,215,298
12/04/2022,GYR,AZ,AWP,CE,Federal Contract Tower,0,6,5,1,12,0,9,7,0,16,0,15,12,1,28,20,0,20,48
12/05/2022,GYR,AZ,AWP,CE,Federal Contract Tower,0,20,2,2,24,0,70,19,0,89,0,90,21,2,113,278,0,278,391
12/06/2022,GYR,AZ,AWP,CE,Federal Contract Tower,1,4,10,3,18,0,98,29,0,127,1,102,39,3,145,214,0,214,359
12/07/2022,GYR,AZ,AWP,CE,Federal Contract Tower,2,9,2,4,17,0,209,67,0,276,2,218,69,4,293,548,0,548,841
12/08/2022,GYR,AZ,AWP,CE,Federal Contract Tower,0,20,7,5,32,0,152,92,0,244,0,172,99,5,276,504,0,504,780
12/09/2022,GYR,AZ,AWP,CE,Federal Contract Tower,4,18,4,6,32,0,166,82,0,248,4,184,86,6,280,455,0,455,735
12/10/2022,GYR,AZ,AWP,CE,Federal Contract Tower,0,7,8,0,15,0,163,77,0,240,0,170,85,0,255,369,0,369,624
12/11/2022,GYR,AZ,AWP,CE,Federal Contract Tower,2,6,0,0,8,0,101,64,0,165,2,107,64,0,173,322,0,322,495
12/12/2022,GYR,AZ,AWP,CE,Federal Contract Tower,1,0,2,0,3,0,168,51,0,219,1,168,53,0,222,326,0,326,548
12/13/2022,GYR,AZ,AWP,CE,Federal Contract Tower,0,7,5,0,12,0,192,62,0,254,0,199,67,0,266,456,0,456,722
12/14/2022,GYR,AZ,AWP,CE,Federal Contract Tower,0,13,3,0,16,0,184,70,0,254,0,197,73,0,270,382,0,382,652
12/15/2022,GYR,AZ,AWP,CE,Federal Contract Tower,3,10,5,0,18,1,150,71,0,222,4,160,76,0,240,432,0,432,672
12/16/2022,GYR,AZ,AWP,CE,Federal Contract Tower,1,10,2,0,13,0,168,48,0,216,1,178,50,0,229,463,0,463,692
12/17/2022,GYR,AZ,AWP,CE,Federal Contract Tower,0,14,4,0,18,0,127,54,0,181,0,141,58,0,199,323,0,323,522
12/18/2022,GYR,AZ,AWP,CE,Federal Contract Tower,0,6,5,0,11,0,133,52,0,185,0,139,57,0,196,318,0,318,514
12/19/2022,GYR,AZ,AWP,CE,Federal Contract Tower,1,12,0,0,13,0,131,58,0,189,1,143,58,0,202,330,0,330,532
12/20/2022,GYR,AZ,AWP,CE,Federal Contract Tower,3,13,5,0,21,0,186,68,3,257,3,199,73,3,278,444,0,444,722
12/21/2022,GYR,AZ,AWP,CE,Federal Contract Tower,1,4,1,0,6,0,150,60,2,212,1,154,61,2,218,516,0,516,734
12/22/2022,GYR,AZ,AWP,CE,Federal Contract Tower,4,6,5,2,17,0,119,49,0,168,4,125,54,2,185,432,0,432,617
12/23/2022,GYR,AZ,AWP,CE,Federal Contract Tower,1,4,4,0,9,0,83,57,0,140,1,87,61,0,149,255,0,255,404
12/24/2022,GYR,AZ,AWP,CE,Federal Contract Tower,0,2,0,0,2,0,66,32,0,98,0,68,32,0,100,210,0,210,310
12/25/2022,GYR,AZ,AWP,CE,Federal Contract Tower,0,0,0,0,0,0,7,26,0,33,0,7,26,0,33,8,0,8,41
12/26/2022,GYR,AZ,AWP,CE,Federal Contract Tower,0,1,7,0,8,0,15,54,0,69,0,16,61,0,77,96,0,96,173
12/27/2022,GYR,AZ,AWP,CE,Federal Contract Tower,0,6,5,0,11,0,121,55,0,176,0,127,60,0,187,230,0,230,417
12/28/2022,GYR,AZ,AWP,CE,Federal Contract Tower,0,13,8,0,21,0,4,4,0,8,0,17,12,0,29,14,0,14,43
12/29/2022,GYR,AZ,AWP,CE,Federal Contract Tower,0,8,2,0,10,0,91,45,1,137,0,99,47,1,147,382,0,382,529
12/30/2022,GYR,AZ,AWP,CE,Federal Contract Tower,0,9,5,0,14,0,19,1,0,20,0,28,6,0,34,127,0,127,161
12/31/2022,GYR,AZ,AWP,CE,Federal Contract Tower,0,13,3,0,16,0,90,38,0,128,0,103,41,0,144,365,0,365,509
01/01/2023,GYR,AZ,AWP,CE,Federal Contract Tower,0,2,1,0,3,0,0,0,0,0,0,2,1,0,3,0,0,0,3
01/02/2023,GYR,AZ,AWP,CE,Federal Contract Tower,0,6,2,0,8,0,7,52,0,59,0,13,54,0,67,152,0,152,219
01/03/2023,GYR,AZ,AWP,CE,Federal Contract Tower,2,10,2,0,14,0,136,51,0,187,2,146,53,0,201,242,0,242,443
01/04/2023,GYR,AZ,AWP,CE,Federal Contract Tower,0,18,4,0,22,0,174,75,0,249,0,192,79,0,271,406,0,406,677
01/05/2023,GYR,AZ,AWP,CE,Federal Contract Tower,1,8,4,0,13,0,174,75,0,249,1,182,79,0,262,436,0,436,698
01/06/2023,GYR,AZ,AWP,CE,Federal Contract Tower,0,16,1,0,17,0,173,93,0,266,0,189,94,0,283,352,0,352,635
01/07/2023,GYR,AZ,AWP,CE,Federal Contract Tower,0,24,6,0,30,0,165,83,0,248,0,189,89,0,278,474,0,474,752
01/08/2023,GYR,AZ,AWP,CE,Federal Contract Tower,0,11,3,0,14,0,126,84,0,210,0,137,87,0,224,316,0,316,540
01/09/2023,GYR,AZ,AWP,CE,Federal Contract Tower,1,16,6,0,23,0,184,70,0,254,1,200,76,0,277,371,0,371,648
01/10/2023,GYR,AZ,AWP,CE,Federal Contract Tower,0,13,4,0,17,0,195,60,0,255,0,208,64,0,272,422,0,422,694
01/11/2023,GYR,AZ,AWP,CE,Federal Contract Tower,1,14,6,0,21,0,191,89,0,280,1,205,95,0,301,370,0,370,671
01/12/2023,GYR,AZ,AWP,CE,Federal Contract Tower,1,16,6,0,23,0,177,85,0,262,1,193,91,0,285,474,0,474,759
01/13/2023,GYR,AZ,AWP,CE,Federal Contract Tower,0,18,5,0,23,0,175,70,0,245,0,193,75,0,268,326,0,326,594
01/14/2023,GYR,AZ,AWP,CE,Federal Contract Tower,0,6,4,0,10,0,144,50,1,195,0,150,54,1,205,434,0,434,639
01/15/2023,GYR,AZ,AWP,CE,Federal Contract Tower,0,6,3,0,9,0,17,15,0,32,0,23,18,0,41,136,0,136,177
01/16/2023,GYR,AZ,AWP,CE,Federal Contract Tower,0,1,0,0,1,0,10,11,0,21,0,11,11,0,22,32,0,32,54
01/17/2023,GYR,AZ,AWP,CE,Federal Contract Tower,0,11,3,0,14,0,203,57,0,260,0,214,60,0,274,460,0,460,734
01/18/2023,GYR,AZ,AWP,CE,Federal Contract Tower,0,20,0,0,20,0,184,57,0,241,0,204,57,0,261,564,0,564,825
01/19/2023,GYR,AZ,AWP,CE,Federal Contract Tower,1,15,4,0,20,0,159,69,0,228,1,174,73,0,248,504,0,504,752
01/20/2023,GYR,AZ,AWP,CE,Federal Contract Tower,0,16,2,0,18,0,188,64,0,252,0,204,66,0,270,465,0,465,735
01/21/2023,GYR,AZ,AWP,CE,Federal Contract Tower,0,16,4,0,20,0,153,117,0,270,0,169,121,0,290,442,0,442,732
01/22/2023,GYR,AZ,AWP,CE,Federal Contract Tower,0,9,2,0,11,0,123,69,0,192,0,132,71,0,203,346,0,346,549
01/23/2023,GYR,AZ,AWP,CE,Federal Contract Tower,0,6,5,0,11,0,166,59,0,225,0,172,64,0,236,446,0,446,682
01/24/2023,GYR,AZ,AWP,CE,Federal Contract Tower,0,6,3,0,9,0,170,92,0,262,0,176,95,0,271,382,0,382,653
01/25/2023,GYR,AZ,AWP,CE,Federal Contract Tower,0,21,5,0,26,0,180,66,0,246,0,201,71,0,272,418,0,418,690
01/26/2023,GYR,AZ,AWP,CE,Federal Contract Tower,0,10,4,0,14,0,165,61,0,226,0,175,65,0,240,388,0,388,628
01/27/2023,GYR,AZ,AWP,CE,Federal Contract Tower,0,16,7,0,23,0,211,99,0,310,0,227,106,0,333,375,0,375,708
01/28/2023,GYR,AZ,AWP,CE,Federal Contract Tower,0,14,5,0,19,0,126,93,0,219,0,140,98,0,238,467,0,467,705
01/29/2023,GYR,AZ,AWP,CE,Federal Contract Tower,0,7,7,0,14,0,117,67,0,184,0,124,74,0,198,372,0,372,570
01/30/2023,GYR,AZ,AWP,CE,Federal Contract Tower,0,3,2,0,5,0,129,41,0,170,0,132,43,0,175,424,0,424,599
01/31/2023,GYR,AZ,AWP,CE,Federal Contract Tower,1,2,4,0,7,0,93,38,0,131,1,95,42,0,138,252,0,252,390
02/01/2023,GYR,AZ,AWP,CE,Federal Contract Tower,2,18,6,0,26,0,216,96,4,316,2,234,102,4,342,382,0,382,724
02/02/2023,GYR,AZ,AWP,CE,Federal Contract Tower,0,14,2,0,16,0,208,93,0,301,0,222,95,0,317,418,0,418,735
02/03/2023,GYR,AZ,AWP,CE,Federal Contract Tower,1,20,3,0,24,0,194,99,0,293,1,214,102,0,317,379,0,379,696
02/04/2023,GYR,AZ,AWP,CE,Federal Contract Tower,0,10,6,0,16,0,175,85,0,260,0,185,91,0,276,359,0,359,635
02/05/2023,GYR,AZ,AWP,CE,Federal Contract Tower,0,7,1,0,8,0,161,86,0,247,0,168,87,0,255,422,0,422,677
02/06/2023,GYR,AZ,AWP,CE,Federal Contract Tower,2,6,3,0,11,0,157,77,0,234,2,163,80,0,245,270,0,270,515
02/07/2023,GYR,AZ,AWP,CE,Federal Contract Tower,0,8,5,0,13,0,204,74,0,278,0,212,79,0,291,432,0,432,723
02/08/2023,GYR,AZ,AWP,CE,Federal Contract Tower,0,14,6,0,20,0,223,90,0,313,0,237,96,0,333,440,0,440,773
02/09/2023,GYR,AZ,AWP,CE,Federal Contract Tower,0,7,10,0,17,0,70,45,0,115,0,77,55,0,132,210,0,210,342
02/10/2023,GYR,AZ,AWP,CE,Federal Contract Tower,1,20,32,0,53,0,14,28,0,42,1,34,60,0,95,14,0,14,109
02/11/2023,GYR,AZ,AWP,CE,Federal Contract Tower,0,19,17,0,36,0,22,20,0,42,0,41,37,0,78,28,0,28,106
02/12/2023,GYR,AZ,AWP,CE,Federal Contract Tower,0,22,59,0,81,0,3,16,2,21,0,25,75,2,102,2,0,2,104
02/13/2023,GYR,AZ,AWP,CE,Federal Contract Tower,0,34,41,0,75,0,4,21,0,25,0,38,62,0,100,0,0,0,100
02/14/2023,GYR,AZ,AWP,CE,Federal Contract Tower,0,1,5,1,7,0,94,38,0,132,0,95,43,1,139,410,0,410,549
02/15/2023,GYR,AZ,AWP,CE,Federal Contract Tower,0,6,2,0,8,0,216,90,0,306,0,222,92,0,314,442,0,442,756
02/16/2023,GYR,AZ,AWP,CE,Federal Contract Tower,0,7,3,0,10,0,179,118,0,297,0,186,121,0,307,358,0,358,665
02/17/2023,GYR,AZ,AWP,CE,Federal Contract Tower,0,12,6,0,18,0,109,48,0,157,0,121,54,0,175,403,0,403,578
02/18/2023,GYR,AZ,AWP,CE,Federal Contract Tower,0,17,3,0,20,0,144,88,0,232,0,161,91,0,252,325,0,325,577
02/19/2023,GYR,AZ,AWP,CE,Federal Contract Tower,0,4,5,0,9,0,166,69,0,235,0,170,74,0,244,298,0,298,542
02/20/2023,GYR,AZ,AWP,CE,Federal Contract Tower,0,10,3,0,13,0,180,92,0,272,0,190,95,0,285,392,0,392,677
02/21/2023,GYR,AZ,AWP,CE,Federal Contract Tower,0,5,5,0,10,0,175,56,2,233,0,180,61,2,243,520,0,520,763
02/22/2023,GYR,AZ,AWP,CE,Federal Contract Tower,0,2,0,0,2,0,4,6,0,10,0,6,6,0,12,10,0,10,22
02/23/2023,GYR,AZ,AWP,CE,Federal Contract Tower,0,0,10,0,10,0,192,53,0,245,0,192,63,0,255,488,0,488,743
02/24/2023,GYR,AZ,AWP,CE,Federal Contract Tower,0,18,3,0,21,0,185,107,1,293,0,203,110,1,314,352,0,352,666
02/25/2023,GYR,AZ,AWP,CE,Federal Contract Tower,0,8,0,0,8,0,165,56,0,221,0,173,56,0,229,331,0,331,560
02/26/2023,GYR,AZ,AWP,CE,Federal Contract Tower,0,7,3,0,10,0,86,39,2,127,0,93,42,2,137,302,0,302,439
02/27/2023,GYR,AZ,AWP,CE,Federal Contract Tower,0,10,7,0,17,0,200,80,0,280,0,210,87,0,297,408,0,408,705
02/28/2023,GYR,AZ,AWP,CE,Federal Contract Tower,0,7,4,0,11,0,202,66,0,268,0,209,70,0,279,490,0,490,769
03/01/2023,GYR,AZ,AWP,CE,Federal Contract Tower,1,1,0,0,2,0,52,28,0,80,1,53,28,0,82,358,0,358,440
03/02/2023,GYR,AZ,AWP,CE,Federal Contract Tower,0,12,8,0,20,0,130,70,0,200,0,142,78,0,220,588,0,588,808
03/03/2023,GYR,AZ,AWP,CE,Federal Contract Tower,1,17,4,0,22,0,168,97,0,265,1,185,101,0,287,400,0,400,687
03/04/2023,GYR,AZ,AWP,CE,Federal Contract Tower,0,12,4,2,18,0,158,95,0,253,0,170,99,2,271,398,0,398,669
03/05/2023,GYR,AZ,AWP,CE,Federal Contract Tower,0,11,0,0,11,0,143,65,0,208,0,154,65,0,219,388,0,388,607
03/06/2023,GYR,AZ,AWP,CE,Federal Contract Tower,1,10,3,0,14,0,154,73,0,227,1,164,76,0,241,400,0,400,641
03/07/2023,GYR,AZ,AWP,CE,Federal Contract Tower,0,21,4,0,25,0,160,87,0,247,0,181,91,0,272,436,0,436,708
03/08/2023,GYR,AZ,AWP,CE,Federal Contract Tower,0,13,6,0,19,0,217,95,0,312,0,230,101,0,331,434,0,434,765
03/09/2023,GYR,AZ,AWP,CE,Federal Contract Tower,0,23,12,0,35,0,202,80,0,282,0,225,92,0,317,380,0,380,697
03/10/2023,GYR,AZ,AWP,CE,Federal Contract Tower,1,15,12,0,28,0,187,70,0,257,1,202,82,0,285,320,0,320,605
03/11/2023,GYR,AZ,AWP,CE,Federal Contract Tower,0,16,12,0,28,0,126,71,0,197,0,142,83,0,225,358,0,358,583
03/12/2023,GYR,AZ,AWP,CE,Federal Contract Tower,0,29,27,0,56,0,84,52,0,136,0,113,79,0,192,220,0,220,412
03/13/2023,GYR,AZ,AWP,CE,Federal Contract Tower,0,14,3,0,17,0,196,64,2,262,0,210,67,2,279,418,0,418,697
03/14/2023,GYR,AZ,AWP,CE,Federal Contract Tower,0,14,4,0,18,0,164,95,0,259,0,178,99,0,277,424,0,424,701
03/15/2023,GYR,AZ,AWP,CE,Federal Contract Tower,2,1,4,0,7,0,33,27,2,62,2,34,31,2,69,212,0,212,281
03/16/2023,GYR,AZ,AWP,CE,Federal Contract Tower,0,21,4,0,25,0,169,85,0,254,0,190,89,0,279,317,0,317,596
03/17/2023,GYR,AZ,AWP,CE,Federal Contract Tower,0,23,3,0,26,0,212,77,0,289,0,235,80,0,315,390,0,390,705
03/18/2023,GYR,AZ,AWP,CE,Federal Contract Tower,1,23,5,0,29,0,159,83,0,242,1,182,88,0,271,392,0,392,663
03/19/2023,GYR,AZ,AWP,CE,Federal Contract Tower,0,7,5,0,12,0,112,55,0,167,0,119,60,0,179,310,0,310,489
03/20/2023,GYR,AZ,AWP,CE,Federal Contract Tower,0,10,4,0,14,0,194,92,0,286,0,204,96,0,300,480,0,480,780
03/21/2023,GYR,AZ,AWP,CE,Federal Contract Tower,1,0,4,0,5,0,75,42,0,117,1,75,46,0,122,404,0,404,526
03/22/2023,GYR,AZ,AWP,CE,Federal Contract Tower,0,20,7,0,27,0,135,58,0,193,0,155,65,0,220,384,0,384,604
03/23/2023,GYR,AZ,AWP,CE,Federal Contract Tower,2,14,8,0,24,0,177,117,0,294,2,191,125,0,318,344,0,344,662
03/24/2023,GYR,AZ,AWP,CE,Federal Contract Tower,0,24,7,0,31,0,170,71,0,241,0,194,78,0,272,352,0,352,624
03/25/2023,GYR,AZ,AWP,CE,Federal Contract Tower,0,26,9,0,35,0,288,239,0,527,0,314,248,0,562,66,0,66,628
03/26/2023,GYR,AZ,AWP,CE,Federal Contract Tower,2,13,7,0,22,0,166,81,0,247,2,179,88,0,269,296,0,296,565
03/27/2023,GYR,AZ,AWP,CE,Federal Contract Tower,0,6,6,0,12,0,187,78,0,265,0,193,84,0,277,344,0,344,621
03/28/2023,GYR,AZ,AWP,CE,Federal Contract Tower,1,7,7,0,15,0,190,78,0,268,1,197,85,0,283,484,0,484,767
03/29/2023,GYR,AZ,AWP,CE,Federal Contract Tower,0,14,3,0,17,0,169,88,0,257,0,183,91,0,274,332,0,332,606
03/30/2023,GYR,AZ,AWP,CE,Federal Contract Tower,2,5,9,0,16,0,102,39,0,141,2,107,48,0,157,332,0,332,489
03/31/2023,GYR,AZ,AWP,CE,Federal Contract Tower,2,18,4,0,24,0,192,83,0,275,2,210,87,0,299,394,0,394,693
04/01/2023,GYR,AZ,AWP,CE,Federal Contract Tower,0,19,2,0,21,0,191,78,0,269,0,210,80,0,290,422,0,422,712
04/02/2023,GYR,AZ,AWP,CE,Federal Contract Tower,0,16,4,0,20,0,185,66,0,251,0,201,70,0,271,388,0,388,659
04/03/2023,GYR,AZ,AWP,CE,Federal Contract Tower,0,7,6,0,13,0,99,31,0,130,0,106,37,0,143,210,0,210,353
04/04/2023,GYR,AZ,AWP,CE,Federal Contract Tower,0,4,4,2,10,0,93,37,0,130,0,97,41,2,140,182,0,182,322
04/05/2023,GYR,AZ,AWP,CE,Federal Contract Tower,0,17,4,0,21,0,198,78,0,276,0,215,82,0,297,376,0,376,673
04/06/2023,GYR,AZ,AWP,CE,Federal Contract Tower,1,16,0,0,17,0,160,70,0,230,1,176,70,0,247,522,0,522,769
04/07/2023,GYR,AZ,AWP,CE,Federal Contract Tower,0,17,4,2,23,0,206,89,1,296,0,223,93,3,319,448,0,448,767
04/08/2023,GYR,AZ,AWP,CE,Federal Contract Tower,0,9,1,0,10,0,200,59,0,259,0,209,60,0,269,574,0,574,843
04/09/2023,GYR,AZ,AWP,CE,Federal Contract Tower,0,16,1,0,17,0,157,50,0,207,0,173,51,0,224,450,0,450,674
04/10/2023,GYR,AZ,AWP,CE,Federal Contract Tower,0,16,2,2,20,0,170,81,0,251,0,186,83,2,271,434,0,434,705
04/11/2023,GYR,AZ,AWP,CE,Federal Contract Tower,0,12,1,0,13,0,197,82,0,279,0,209,83,0,292,370,0,370,662
04/12/2023,GYR,AZ,AWP,CE,Federal Contract Tower,0,9,2,0,11,0,157,72,0,229,0,166,74,0,240,460,0,460,700
04/13/2023,GYR,AZ,AWP,CE,Federal Contract Tower,0,15,6,3,24,0,139,73,4,216,0,154,79,7,240,400,0,400,640
04/14/2023,GYR,AZ,AWP,CE,Federal Contract Tower,0,3,23,0,26,0,164,79,0,243,0,167,102,0,269,343,0,343,612
04/15/2023,GYR,AZ,AWP,CE,Federal Contract Tower,0,18,0,0,18,0,187,91,0,278,0,205,91,0,296,348,0,348,644
04/16/2023,GYR,AZ,AWP,CE,Federal Contract Tower,0,14,4,0,18,0,164,68,0,232,0,178,72,0,250,278,0,278,528
04/17/2023,GYR,AZ,AWP,CE,Federal Contract Tower,0,15,3,0,18,0,192,73,0,265,0,207,76,0,283,338,0,338,621
04/18/2023,GYR,AZ,AWP,CE,Federal Contract Tower,2,12,8,4,26,0,203,70,0,273,2,215,78,4,299,354,0,354,653
04/19/2023,GYR,AZ,AWP,CE,Federal Contract Tower,0,7,5,0,12,0,219,60,2,281,0,226,65,2,293,388,0,388,681
04/20/2023,GYR,AZ,AWP,CE,Federal Contract Tower,0,18,8,0,26,0,236,73,0,309,0,254,81,0,335,352,0,352,687
04/21/2023,GYR,AZ,AWP,CE,Federal Contract Tower,1,13,4,0,18,0,203,88,0,291,1,216,92,0,309,414,0,414,723
04/22/2023,GYR,AZ,AWP,CE,Federal Contract Tower,0,14,2,1,17,0,179,93,0,272,0,193,95,1,289,332,0,332,621
04/23/2023,GYR,AZ,AWP,CE,Federal Contract Tower,1,22,3,0,26,0,165,75,0,240,1,187,78,0,266,308,0,308,574
04/24/2023,GYR,AZ,AWP,CE,Federal Contract Tower,0,8,2,0,10,0,188,82,0,270,0,196,84,0,280,380,0,380,660
04/25/2023,GYR,AZ,AWP,CE,Federal Contract Tower,0,2,5,2,9,0,181,83,0,264,0,183,88,2,273,230,0,230,503
04/26/2023,GYR,AZ,AWP,CE,Federal Contract Tower,0,16,3,0,19,0,194,106,0,300,0,210,109,0,319,376,0,376,695
04/27/2023,GYR,AZ,AWP,CE,Federal Contract Tower,0,11,4,0,15,0,226,96,0,322,0,237,100,0,337,408,0,408,745
04/28/2023,GYR,AZ,AWP,CE,Federal Contract Tower,1,19,1,1,22,0,188,72,0,260,1,207,73,1,282,306,0,306,588
04/29/2023,GYR,AZ,AWP,CE,Federal Contract Tower,1,17,3,0,21,0,172,59,0,231,1,189,62,0,252,342,0,342,594
04/30/2023,GYR,AZ,AWP,CE,Federal Contract Tower,0,10,2,0,12,0,147,80,0,227,0,157,82,0,239,314,0,314,553
05/01/2023,GYR,AZ,AWP,CE,Federal Contract Tower,1,9,1,0,11,0,121,52,0,173,1,130,53,0,184,248,0,248,432
05/02/2023,GYR,AZ,AWP,CE,Federal Contract Tower,1,9,2,0,12,0,193,75,0,268,1,202,77,0,280,426,0,426,706
05/03/2023,GYR,AZ,AWP,CE,Federal Contract Tower,1,5,8,0,14,0,159,62,0,221,1,164,70,0,235,348,0,348,583
05/04/2023,GYR,AZ,AWP,CE,Federal Contract Tower,0,8,4,0,12,0,155,63,0,218,0,163,67,0,230,252,0,252,482
05/05/2023,GYR,AZ,AWP,CE,Federal Contract Tower,0,15,13,2,30,0,181,60,0,241,0,196,73,2,271,396,0,396,667
05/06/2023,GYR,AZ,AWP,CE,Federal Contract Tower,0,14,6,0,20,0,168,59,0,227,0,182,65,0,247,362,0,362,609
05/07/2023,GYR,AZ,AWP,CE,Federal Contract Tower,0,9,8,0,17,0,171,80,0,251,0,180,88,0,268,360,0,360,628
05/08/2023,GYR,AZ,AWP,CE,Federal Contract Tower,0,8,5,0,13,0,183,60,0,243,0,191,65,0,256,380,0,380,636
05/09/2023,GYR,AZ,AWP,CE,Federal Contract Tower,0,7,5,0,12,0,172,84,0,256,0,179,89,0,268,426,0,426,694
05/10/2023,GYR,AZ,AWP,CE,Federal Contract Tower,0,11,2,0,13,0,82,88,2,172,0,93,90,2,185,410,2,412,597
05/11/2023,GYR,AZ,AWP,CE,Federal Contract Tower,2,12,6,0,20,0,201,73,0,274,2,213,79,0,294,414,0,414,708
05/12/2023,GYR,AZ,AWP,CE,Federal Contract Tower,1,13,6,0,20,0,164,75,0,239,1,177,81,0,259,378,0,378,637
05/13/2023,GYR,AZ,AWP,CE,Federal Contract Tower,0,13,2,0,15,0,190,76,0,266,0,203,78,0,281,368,0,368,649
05/14/2023,GYR,AZ,AWP,CE,Federal Contract Tower,0,7,2,0,9,0,148,41,0,189,0,155,43,0,198,390,0,390,588
05/15/2023,GYR,AZ,AWP,CE,Federal Contract Tower,0,6,5,2,13,0,157,53,0,210,0,163,58,2,223,366,0,366,589
05/16/2023,GYR,AZ,AWP,CE,Federal Contract Tower,0,8,4,0,12,0,114,54,0,168,0,122,58,0,180,250,0,250,430
05/17/2023,GYR,AZ,AWP,CE,Federal Contract Tower,1,14,4,0,19,0,170,71,0,241,1,184,75,0,260,352,0,352,612
05/18/2023,GYR,AZ,AWP,CE,Federal Contract Tower,0,8,6,0,14,0,132,50,0,182,0,140,56,0,196,274,0,274,470
05/19/2023,GYR,AZ,AWP,CE,Federal Contract Tower,2,10,3,0,15,0,168,55,0,223,2,178,58,0,238,290,0,290,528
05/21/2023,GYR,AZ,AWP,CE,Federal Contract Tower,0,13,4,0,17,0,145,64,0,209,0,158,68,0,226,402,0,402,628
05/22/2023,GYR,AZ,AWP,CE,Federal Contract Tower,0,8,3,0,11,0,173,59,2,234,0,181,62,2,245,472,0,472,717
05/23/2023,GYR,AZ,AWP,CE,Federal Contract Tower,1,18,7,0,26,0,179,69,0,248,1,197,76,0,274,424,0,424,698
05/24/2023,GYR,AZ,AWP,CE,Federal Contract Tower,0,19,9,0,28,0,174,101,2,277,0,193,110,2,305,520,0,520,825
05/25/2023,GYR,AZ,AWP,CE,Federal Contract Tower,3,12,3,0,18,0,164,78,0,242,3,176,81,0,260,335,0,335,595
05/26/2023,GYR,AZ,AWP,CE,Federal Contract Tower,0,16,9,0,25,0,189,76,0,265,0,205,85,0,290,410,0,410,700
05/27/2023,GYR,AZ,AWP,CE,Federal Contract Tower,4,14,3,0,21,0,173,66,0,239,4,187,69,0,260,396,0,396,656
05/28/2023,GYR,AZ,AWP,CE,Federal Contract Tower,0,13,8,0,21,0,174,64,0,238,0,187,72,0,259,428,0,428,687
05/29/2023,GYR,AZ,AWP,CE,Federal Contract Tower,1,1,0,0,2,0,32,62,4,98,1,33,62,4,100,174,0,174,274
05/30/2023,GYR,AZ,AWP,CE,Federal Contract Tower,0,14,4,0,18,0,153,85,4,242,0,167,89,4,260,364,0,364,624
05/31/2023,GYR,AZ,AWP,CE,Federal Contract Tower,5,16,8,0,29,0,152,88,6,246,5,168,96,6,275,303,0,303,578
06/01/2023,GYR,AZ,AWP,CE,Federal Contract Tower,0,18,9,0,27,0,185,89,2,276,0,203,98,2,303,464,0,464,767
06/02/2023,GYR,AZ,AWP,CE,Federal Contract Tower,0,12,7,0,19,0,179,88,1,268,0,191,95,1,287,364,0,364,651
06/04/2023,GYR,AZ,AWP,CE,Federal Contract Tower,0,7,2,0,9,0,207,63,1,271,0,214,65,1,280,426,0,426,706
06/05/2023,GYR,AZ,AWP,CE,Federal Contract Tower,0,7,3,0,10,0,191,82,2,275,0,198,85,2,285,358,0,358,643
06/06/2023,GYR,AZ,AWP,CE,Federal Contract Tower,1,5,2,0,8,0,128,56,0,184,1,133,58,0,192,361,0,361,553
06/07/2023,GYR,AZ,AWP,CE,Federal Contract Tower,0,13,4,0,17,0,201,62,0,263,0,214,66,0,280,447,0,447,727
06/08/2023,GYR,AZ,AWP,CE,Federal Contract Tower,0,15,7,0,22,0,183,62,0,245,0,198,69,0,267,352,0,352,619
06/09/2023,GYR,AZ,AWP,CE,Federal Contract Tower,3,16,4,0,23,0,182,78,2,262,3,198,82,2,285,412,0,412,697
06/10/2023,GYR,AZ,AWP,CE,Federal Contract Tower,0,9,4,0,13,0,187,71,1,259,0,196,75,1,272,584,0,584,856
06/11/2023,GYR,AZ,AWP,CE,Federal Contract Tower,0,3,5,0,8,0,133,64,2,199,0,136,69,2,207,530,0,530,737
06/12/2023,GYR,AZ,AWP,CE,Federal Contract Tower,0,12,1,0,13,0,207,79,0,286,0,219,80,0,299,461,0,461,760
06/13/2023,GYR,AZ,AWP,CE,Federal Contract Tower,0,13,2,0,15,0,225,94,0,319,0,238,96,0,334,440,0,440,774
06/14/2023,GYR,AZ,AWP,CE,Federal Contract Tower,1,13,5,0,19,0,195,59,0,254,1,208,64,0,273,330,0,330,603
06/15/2023,GYR,AZ,AWP,CE,Federal Contract Tower,0,7,1,0,8,0,163,73,0,236,0,170,74,0,244,402,0,402,646
06/16/2023,GYR,AZ,AWP,CE,Federal Contract Tower,0,7,2,0,9,0,196,80,0,276,0,203,82,0,285,436,0,436,721
06/17/2023,GYR,AZ,AWP,CE,Federal Contract Tower,0,9,3,0,12,0,148,68,0,216,0,157,71,0,228,638,0,638,866
06/18/2023,GYR,AZ,AWP,CE,Federal Contract Tower,0,9,6,0,15,0,133,51,0,184,0,142,57,0,199,294,0,294,493
06/19/2023,GYR,AZ,AWP,CE,Federal Contract Tower,0,4,3,0,7,0,155,57,0,212,0,159,60,0,219,428,0,428,647
06/20/2023,GYR,AZ,AWP,CE,Federal Contract Tower,2,11,6,0,19,0,191,84,0,275,2,202,90,0,294,358,0,358,652
06/21/2023,GYR,AZ,AWP,CE,Federal Contract Tower,0,9,6,0,15,0,184,85,0,269,0,193,91,0,284,412,0,412,696
06/22/2023,GYR,AZ,AWP,CE,Federal Contract Tower,0,2,3,0,5,0,143,68,1,212,0,145,71,1,217,297,0,297,514
06/23/2023,GYR,AZ,AWP,CE,Federal Contract Tower,0,18,3,0,21,0,207,85,2,294,0,225,88,2,315,432,0,432,747
06/24/2023,GYR,AZ,AWP,CE,Federal Contract Tower,0,18,1,0,19,0,173,60,0,233,0,191,61,0,252,436,0,436,688
06/25/2023,GYR,AZ,AWP,CE,Federal Contract Tower,0,13,9,0,22,0,178,55,0,233,0,191,64,0,255,412,0,412,667
06/26/2023,GYR,AZ,AWP,CE,Federal Contract Tower,0,9,4,0,13,0,176,64,2,242,0,185,68,2,255,330,0,330,585
06/27/2023,GYR,AZ,AWP,CE,Federal Contract Tower,1,10,2,0,13,0,212,74,4,290,1,222,76,4,303,374,0,374,677
06/28/2023,GYR,AZ,AWP,CE,Federal Contract Tower,0,9,1,0,10,0,174,72,0,246,0,183,73,0,256,374,0,374,630
06/29/2023,GYR,AZ,AWP,CE,Federal Contract Tower,0,16,4,0,20,0,174,69,0,243,0,190,73,0,263,444,0,444,707
06/30/2023,GYR,AZ,AWP,CE,Federal Contract Tower,0,13,5,0,18,0,183,80,0,263,0,196,85,0,281,462,0,462,743
07/01/2023,GYR,AZ,AWP,CE,Federal Contract Tower,0,12,2,0,14,0,174,72,0,246,0,186,74,0,260,470,0,470,730
07/02/2023,GYR,AZ,AWP,CE,Federal Contract Tower,0,9,2,0,11,0,165,64,0,229,0,174,66,0,240,314,0,314,554
07/03/2023,GYR,AZ,AWP,CE,Federal Contract Tower,0,3,2,0,5,0,158,48,0,206,0,161,50,0,211,278,0,278,489
07/04/2023,GYR,AZ,AWP,CE,Federal Contract Tower,0,1,0,0,1,0,19,56,0,75,0,20,56,0,76,110,0,110,186
07/05/2023,GYR,AZ,AWP,CE,Federal Contract Tower,0,4,1,0,5,0,178,59,0,237,0,182,60,0,242,414,0,414,656
07/06/2023,GYR,AZ,AWP,CE,Federal Contract Tower,0,8,5,0,13,0,162,79,0,241,0,170,84,0,254,316,0,316,570
07/07/2023,GYR,AZ,AWP,CE,Federal Contract Tower,0,13,0,0,13,0,192,85,0,277,0,205,85,0,290,466,0,466,756
07/08/2023,GYR,AZ,AWP,CE,Federal Contract Tower,0,12,5,0,17,0,187,75,0,262,0,199,80,0,279,497,0,497,776
07/09/2023,GYR,AZ,AWP,CE,Federal Contract Tower,0,13,3,0,16,0,230,53,0,283,0,243,56,0,299,428,0,428,727
07/10/2023,GYR,AZ,AWP,CE,Federal Contract Tower,2,14,4,0,20,0,196,82,0,278,2,210,86,0,298,546,0,546,844
07/11/2023,GYR,AZ,AWP,CE,Federal Contract Tower,0,12,4,0,16,0,179,68,0,247,0,191,72,0,263,440,0,440,703
07/12/2023,GYR,AZ,AWP,CE,Federal Contract Tower,0,16,5,0,21,0,166,69,0,235,0,182,74,0,256,404,0,404,660
07/13/2023,GYR,AZ,AWP,CE,Federal Contract Tower,0,19,5,0,24,0,145,69,0,214,0,164,74,0,238,422,0,422,660
07/14/2023,GYR,AZ,AWP,CE,Federal Contract Tower,0,16,5,0,21,0,150,51,0,201,0,166,56,0,222,362,0,362,584
07/15/2023,GYR,AZ,AWP,CE,Federal Contract Tower,0,8,2,0,10,0,174,40,0,214,0,182,42,0,224,310,0,310,534
07/16/2023,GYR,AZ,AWP,CE,Federal Contract Tower,0,5,1,0,6,0,181,60,0,241,0,186,61,0,247,414,0,414,661
07/17/2023,GYR,AZ,AWP,CE,Federal Contract Tower,0,8,7,0,15,0,130,48,0,178,0,138,55,0,193,298,0,298,491
07/18/2023,GYR,AZ,AWP,CE,Federal Contract Tower,0,12,4,0,16,0,148,60,0,208,0,160,64,0,224,358,0,358,582
07/19/2023,GYR,AZ,AWP,CE,Federal Contract Tower,0,16,2,0,18,0,163,53,0,216,0,179,55,0,234,364,0,364,598
07/20/2023,GYR,AZ,AWP,CE,Federal Contract Tower,0,12,3,0,15,0,157,48,0,205,0,169,51,0,220,366,0,366,586
07/21/2023,GYR,AZ,AWP,CE,Federal Contract Tower,0,6,6,0,12,0,152,39,0,191,0,158,45,0,203,392,0,392,595
07/22/2023,GYR,AZ,AWP,CE,Federal Contract Tower,0,15,3,0,18,0,179,23,0,202,0,194,26,0,220,342,0,342,562
07/23/2023,GYR,AZ,AWP,CE,Federal Contract Tower,0,7,4,0,11,0,168,31,0,199,0,175,35,0,210,348,0,348,558
07/24/2023,GYR,AZ,AWP,CE,Federal Contract Tower,0,10,1,0,11,0,209,48,0,257,0,219,49,0,268,430,0,430,698
07/25/2023,GYR,AZ,AWP,CE,Federal Contract Tower,0,10,0,0,10,0,145,31,0,176,0,155,31,0,186,376,0,376,562
07/26/2023,GYR,AZ,AWP,CE,Federal Contract Tower,2,12,1,0,15,0,139,37,0,176,2,151,38,0,191,324,0,324,515
07/27/2023,GYR,AZ,AWP,CE,Federal Contract Tower,0,19,5,0,24,0,168,48,0,216,0,187,53,0,240,456,0,456,696
07/28/2023,GYR,AZ,AWP,CE,Federal Contract Tower,2,17,5,0,24,0,155,48,0,203,2,172,53,0,227,346,0,346,573
07/29/2023,GYR,AZ,AWP,CE,Federal Contract Tower,0,7,7,0,14,0,177,54,0,231,0,184,61,0,245,502,0,502,747
07/30/2023,GYR,AZ,AWP,CE,Federal Contract Tower,0,5,1,0,6,0,164,33,0,197,0,169,34,0,203,414,0,414,617
07/31/2023,GYR,AZ,AWP,CE,Federal Contract Tower,1,7,1,0,9,0,169,45,0,214,1,176,46,0,223,442,0,442,665
08/01/2023,GYR,AZ,AWP,CE,Federal Contract Tower,1,17,0,0,18,0,186,69,0,255,1,203,69,0,273,444,0,444,717
08/02/2023,GYR,AZ,AWP,CE,Federal Contract Tower,0,12,1,0,13,0,163,65,0,228,0,175,66,0,241,396,0,396,637
08/03/2023,GYR,AZ,AWP,CE,Federal Contract Tower,0,21,4,0,25,0,160,68,0,228,0,181,72,0,253,436,0,436,689
08/04/2023,GYR,AZ,AWP,CE,Federal Contract Tower,0,18,1,0,19,0,132,52,0,184,0,150,53,0,203,402,0,402,605
08/05/2023,GYR,AZ,AWP,CE,Federal Contract Tower,2,16,1,0,19,0,129,70,0,199,2,145,71,0,218,327,0,327,545
08/06/2023,GYR,AZ,AWP,CE,Federal Contract Tower,4,17,2,0,23,0,121,43,0,164,4,138,45,0,187,382,0,382,569
08/07/2023,GYR,AZ,AWP,CE,Federal Contract Tower,0,19,0,0,19,0,149,57,0,206,0,168,57,0,225,372,0,372,597
08/08/2023,GYR,AZ,AWP,CE,Federal Contract Tower,0,20,1,0,21,0,148,57,0,205,0,168,58,0,226,444,0,444,670
08/09/2023,GYR,AZ,AWP,CE,Federal Contract Tower,0,23,1,0,24,0,178,78,0,256,0,201,79,0,280,440,0,440,720
08/10/2023,GYR,AZ,AWP,CE,Federal Contract Tower,4,25,1,0,30,0,172,79,0,251,4,197,80,0,281,468,0,468,749
08/11/2023,GYR,AZ,AWP,CE,Federal Contract Tower,0,18,0,0,18,0,127,55,0,182,0,145,55,0,200,278,0,278,478
08/12/2023,GYR,AZ,AWP,CE,Federal Contract Tower,0,29,3,0,32,0,152,65,0,217,0,181,68,0,249,306,0,306,555
08/13/2023,GYR,AZ,AWP,CE,Federal Contract Tower,0,11,1,0,12,0,168,54,0,222,0,179,55,0,234,270,0,270,504
08/14/2023,GYR,AZ,AWP,CE,Federal Contract Tower,0,33,5,0,38,0,159,64,0,223,0,192,69,0,261,454,0,454,715
08/15/2023,GYR,AZ,AWP,CE,Federal Contract Tower,0,8,2,0,10,0,162,66,0,228,0,170,68,0,238,468,0,468,706
08/16/2023,GYR,AZ,AWP,CE,Federal Contract Tower,0,12,6,0,18,0,166,74,0,240,0,178,80,0,258,360,0,360,618
08/17/2023,GYR,AZ,AWP,CE,Federal Contract Tower,0,18,5,0,23,0,150,71,0,221,0,168,76,0,244,440,0,440,684
08/18/2023,GYR,AZ,AWP,CE,Federal Contract Tower,0,12,7,0,19,0,113,54,3,170,0,125,61,3,189,355,0,355,544
08/19/2023,GYR,AZ,AWP,CE,Federal Contract Tower,0,2,6,0,8,0,76,38,0,114,0,78,44,0,122,382,0,382,504
08/20/2023,GYR,AZ,AWP,CE,Federal Contract Tower,1,5,1,1,8,0,101,25,0,126,1,106,26,1,134,273,0,273,407
08/21/2023,GYR,AZ,AWP,CE,Federal Contract Tower,0,12,7,2,21,0,192,72,0,264,0,204,79,2,285,428,0,428,713
08/22/2023,GYR,AZ,AWP,CE,Federal Contract Tower,0,22,2,0,24,0,225,80,1,306,0,247,82,1,330,470,0,470,800
08/23/2023,GYR,AZ,AWP,CE,Federal Contract Tower,2,12,1,0,15,0,181,81,0,262,2,193,82,0,277,320,0,320,597
08/24/2023,GYR,AZ,AWP,CE,Federal Contract Tower,0,32,2,0,34,0,198,68,1,267,0,230,70,1,301,405,0,405,706
08/25/2023,GYR,AZ,AWP,CE,Federal Contract Tower,0,28,5,0,33,0,197,59,0,256,0,225,64,0,289,337,0,337,626
08/26/2023,GYR,AZ,AWP,CE,Federal Contract Tower,0,15,5,0,20,0,163,62,1,226,0,178,67,1,246,430,0,430,676
08/27/2023,GYR,AZ,AWP,CE,Federal Contract Tower,0,20,1,0,21,0,225,61,0,286,0,245,62,0,307,350,0,350,657
08/28/2023,GYR,AZ,AWP,CE,Federal Contract Tower,0,9,2,0,11,0,193,74,0,267,0,202,76,0,278,396,0,396,674
08/29/2023,GYR,AZ,AWP,CE,Federal Contract Tower,0,20,3,0,23,0,209,67,0,276,0,229,70,0,299,384,0,384,683
08/30/2023,GYR,AZ,AWP,CE,Federal Contract Tower,0,10,0,0,10,0,198,108,0,306,0,208,108,0,316,561,0,561,877
08/31/2023,GYR,AZ,AWP,CE,Federal Contract Tower,0,14,1,0,15,0,174,95,0,269,0,188,96,0,284,290,0,290,574
01/01/2020,GYR,AZ,AWP,WE,Federal Contract Tower,0,0,4,0,4,0,6,55,0,61,0,6,59,0,65,92,0,92,157
01/02/2020,GYR,AZ,AWP,WE,Federal Contract Tower,0,0,2,0,2,0,7,134,0,141,0,7,136,0,143,186,0,186,329
01/03/2020,GYR,AZ,AWP,WE,Federal Contract Tower,0,2,4,0,6,0,14,167,0,181,0,16,171,0,187,226,0,226,413
01/04/2020,GYR,AZ,AWP,WE,Federal Contract Tower,0,0,5,0,5,0,11,110,0,121,0,11,115,0,126,252,0,252,378
01/05/2020,GYR,AZ,AWP,WE,Federal Contract Tower,0,1,9,0,10,0,7,110,0,117,0,8,119,0,127,164,0,164,291
01/06/2020,GYR,AZ,AWP,WE,Federal Contract Tower,0,0,5,0,5,0,6,136,3,145,0,6,141,3,150,280,0,280,430
01/07/2020,GYR,AZ,AWP,WE,Federal Contract Tower,0,0,0,0,0,0,9,131,4,144,0,9,131,4,144,240,0,240,384
01/08/2020,GYR,AZ,AWP,WE,Federal Contract Tower,0,0,0,0,0,0,9,139,2,150,0,9,139,2,150,243,0,243,393
01/09/2020,GYR,AZ,AWP,WE,Federal Contract Tower,0,0,6,0,6,0,11,137,4,152,0,11,143,4,158,239,28,267,425
01/10/2020,GYR,AZ,AWP,WE,Federal Contract Tower,0,1,5,0,6,0,3,152,6,161,0,4,157,6,167,247,2,249,416
01/11/2020,GYR,AZ,AWP,WE,Federal Contract Tower,0,2,7,0,9,0,17,157,0,174,0,19,164,0,183,306,0,306,489
01/12/2020,GYR,AZ,AWP,WE,Federal Contract Tower,0,0,1,0,1,0,3,97,0,100,0,3,98,0,101,188,0,188,289
01/13/2020,GYR,AZ,AWP,WE,Federal Contract Tower,0,0,5,0,5,0,4,131,6,141,0,4,136,6,146,290,0,290,436
01/14/2020,GYR,AZ,AWP,WE,Federal Contract Tower,1,0,5,0,6,0,7,152,4,163,1,7,157,4,169,232,0,232,401
01/15/2020,GYR,AZ,AWP,WE,Federal Contract Tower,0,0,3,5,8,0,4,183,3,190,0,4,186,8,198,200,6,206,404
01/16/2020,GYR,AZ,AWP,WE,Federal Contract Tower,0,0,6,0,6,0,11,147,7,165,0,11,153,7,171,301,6,307,478
01/17/2020,GYR,AZ,AWP,WE,Federal Contract Tower,0,0,1,0,1,0,21,145,2,168,0,21,146,2,169,191,0,191,360
01/18/2020,GYR,AZ,AWP,WE,Federal Contract Tower,0,2,3,0,5,0,13,121,0,134,0,15,124,0,139,108,0,108,247
01/19/2020,GYR,AZ,AWP,WE,Federal Contract Tower,0,0,3,0,3,0,4,111,0,115,0,4,114,0,118,198,0,198,316
01/20/2020,GYR,AZ,AWP,WE,Federal Contract Tower,0,0,5,0,5,0,1,143,1,145,0,1,148,1,150,198,0,198,348
01/21/2020,GYR,AZ,AWP,WE,Federal Contract Tower,0,0,11,1,12,0,0,31,5,36,0,0,42,6,48,80,8,88,136
01/22/2020,GYR,AZ,AWP,WE,Federal Contract Tower,0,1,5,0,6,0,4,89,3,96,0,5,94,3,102,202,0,202,304
01/23/2020,GYR,AZ,AWP,WE,Federal Contract Tower,1,1,3,0,5,0,12,147,6,165,1,13,150,6,170,240,6,246,416
01/24/2020,GYR,AZ,AWP,WE,Federal Contract Tower,0,0,3,1,4,0,10,191,3,204,0,10,194,4,208,289,0,289,497
01/25/2020,GYR,AZ,AWP,WE,Federal Contract Tower,1,0,3,0,4,0,25,165,0,190,1,25,168,0,194,124,0,124,318
01/26/2020,GYR,AZ,AWP,WE,Federal Contract Tower,0,0,3,0,3,0,7,105,0,112,0,7,108,0,115,106,0,106,221
01/27/2020,GYR,AZ,AWP,WE,Federal Contract Tower,0,1,2,1,4,0,2,141,17,160,0,3,143,18,164,200,0,200,364
01/28/2020,GYR,AZ,AWP,WE,Federal Contract Tower,0,2,10,0,12,0,5,181,17,203,0,7,191,17,215,204,0,204,419
01/29/2020,GYR,AZ,AWP,WE,Federal Contract Tower,0,0,6,0,6,0,5,154,17,176,0,5,160,17,182,224,6,230,412
01/30/2020,GYR,AZ,AWP,WE,Federal Contract Tower,0,0,3,0,3,0,3,154,11,168,0,3,157,11,171,178,2,180,351
01/31/2020,GYR,AZ,AWP,WE,Federal Contract Tower,0,0,3,0,3,0,8,124,12,144,0,8,127,12,147,218,4,222,369
02/01/2020,GYR,AZ,AWP,CE,Federal Contract Tower,1,0,1,0,2,0,17,127,0,144,1,17,128,0,146,303,0,303,449
02/02/2020,GYR,AZ,AWP,CE,Federal Contract Tower,0,0,1,0,1,0,10,108,0,118,0,10,109,0,119,128,0,128,247
02/03/2020,GYR,AZ,AWP,CE,Federal Contract Tower,0,0,5,0,5,0,5,71,17,93,0,5,76,17,98,268,16,284,382
02/04/2020,GYR,AZ,AWP,CE,Federal Contract Tower,1,2,4,0,7,0,4,128,15,147,1,6,132,15,154,238,12,250,404
02/05/2020,GYR,AZ,AWP,CE,Federal Contract Tower,0,0,5,0,5,0,6,149,9,164,0,6,154,9,169,155,4,159,328
02/06/2020,GYR,AZ,AWP,CE,Federal Contract Tower,0,0,5,0,5,0,9,132,6,147,0,9,137,6,152,196,30,226,378
02/07/2020,GYR,AZ,AWP,CE,Federal Contract Tower,0,1,2,0,3,0,15,132,8,155,0,16,134,8,158,177,6,183,341
02/08/2020,GYR,AZ,AWP,CE,Federal Contract Tower,0,0,0,0,0,0,12,122,0,134,0,12,122,0,134,276,0,276,410
02/09/2020,GYR,AZ,AWP,CE,Federal Contract Tower,0,2,3,1,6,0,4,83,0,87,0,6,86,1,93,114,0,114,207
02/10/2020,GYR,AZ,AWP,CE,Federal Contract Tower,0,1,2,1,4,0,14,74,13,101,0,15,76,14,105,260,0,260,365
02/11/2020,GYR,AZ,AWP,CE,Federal Contract Tower,0,2,1,0,3,0,3,94,14,111,0,5,95,14,114,182,6,188,302
02/12/2020,GYR,AZ,AWP,CE,Federal Contract Tower,0,1,6,0,7,0,8,175,6,189,0,9,181,6,196,178,0,178,374
02/13/2020,GYR,AZ,AWP,CE,Federal Contract Tower,1,3,9,0,13,0,15,157,9,181,1,18,166,9,194,310,97,407,601
02/14/2020,GYR,AZ,AWP,CE,Federal Contract Tower,1,1,4,0,6,0,12,185,13,210,1,13,189,13,216,254,0,254,470
02/15/2020,GYR,AZ,AWP,CE,Federal Contract Tower,1,3,0,0,4,0,19,123,2,144,1,22,123,2,148,175,8,183,331
02/16/2020,GYR,AZ,AWP,CE,Federal Contract Tower,0,0,4,0,4,0,11,126,0,137,0,11,130,0,141,180,0,180,321
02/17/2020,GYR,AZ,AWP,CE,Federal Contract Tower,0,1,0,0,1,0,6,148,0,154,0,7,148,0,155,228,0,228,383
02/18/2020,GYR,AZ,AWP,CE,Federal Contract Tower,0,3,0,0,3,0,15,187,12,214,0,18,187,12,217,168,2,170,387
02/19/2020,GYR,AZ,AWP,CE,Federal Contract Tower,0,3,4,0,7,0,9,156,12,177,0,12,160,12,184,228,8,236,420
02/20/2020,GYR,AZ,AWP,CE,Federal Contract Tower,0,1,3,0,4,0,9,170,12,191,0,10,173,12,195,150,2,152,347
02/21/2020,GYR,AZ,AWP,CE,Federal Contract Tower,0,1,5,1,7,0,8,114,10,132,0,9,119,11,139,213,0,213,352
02/22/2020,GYR,AZ,AWP,CE,Federal Contract Tower,0,3,4,0,7,0,2,4,0,6,0,5,8,0,13,68,0,68,81
02/23/2020,GYR,AZ,AWP,CE,Federal Contract Tower,0,2,1,1,4,0,15,109,0,124,0,17,110,1,128,118,0,118,246
02/24/2020,GYR,AZ,AWP,CE,Federal Contract Tower,1,0,1,0,2,0,4,161,10,175,1,4,162,10,177,180,0,180,357
02/25/2020,GYR,AZ,AWP,CE,Federal Contract Tower,0,0,4,0,4,0,8,134,7,149,0,8,138,7,153,180,0,180,333
02/26/2020,GYR,AZ,AWP,CE,Federal Contract Tower,0,3,6,0,9,0,3,155,8,166,0,6,161,8,175,218,0,218,393
02/27/2020,GYR,AZ,AWP,CE,Federal Contract Tower,1,0,6,0,7,0,5,195,9,209,1,5,201,9,216,217,18,235,451
02/28/2020,GYR,AZ,AWP,CE,Federal Contract Tower,0,1,13,0,14,0,13,180,6,199,0,14,193,6,213,271,0,271,484
02/29/2020,GYR,AZ,AWP,CE,Federal Contract Tower,0,2,1,0,3,0,10,93,0,103,0,12,94,0,106,110,0,110,216
03/01/2020,GYR,AZ,AWP,CE,Federal Contract Tower,1,1,8,0,10,0,6,73,0,79,1,7,81,0,89,68,0,68,157
03/02/2020,GYR,AZ,AWP,CE,Federal Contract Tower,2,0,3,0,5,0,7,158,6,171,2,7,161,6,176,120,0,120,296
03/03/2020,GYR,AZ,AWP,CE,Federal Contract Tower,0,2,3,1,6,0,5,215,25,245,0,7,218,26,251,212,6,218,469
03/04/2020,GYR,AZ,AWP,CE,Federal Contract Tower,3,3,6,0,12,0,9,147,6,162,3,12,153,6,174,220,2,222,396
03/05/2020,GYR,AZ,AWP,CE,Federal Contract Tower,1,2,36,0,39,0,9,204,10,223,1,11,240,10,262,232,22,254,516
03/06/2020,GYR,AZ,AWP,CE,Federal Contract Tower,0,0,14,1,15,0,15,166,8,189,0,15,180,9,204,304,8,312,516
03/07/2020,GYR,AZ,AWP,CE,Federal Contract Tower,0,9,19,0,28,0,12,62,0,74,0,21,81,0,102,142,0,142,244
03/08/2020,GYR,AZ,AWP,CE,Federal Contract Tower,0,11,34,0,45,0,8,70,0,78,0,19,104,0,123,72,0,72,195
03/09/2020,GYR,AZ,AWP,CE,Federal Contract Tower,3,2,7,0,12,0,4,219,7,230,3,6,226,7,242,174,0,174,416
03/10/2020,GYR,AZ,AWP,CE,Federal Contract Tower,0,0,3,0,3,0,6,160,4,170,0,6,163,4,173,160,0,160,333
03/11/2020,GYR,AZ,AWP,CE,Federal Contract Tower,0,2,10,2,14,0,0,2,0,2,0,2,12,2,16,24,0,24,40
03/12/2020,GYR,AZ,AWP,CE,Federal Contract Tower,0,5,2,0,7,0,4,38,0,42,0,9,40,0,49,66,45,111,160
03/13/2020,GYR,AZ,AWP,CE,Federal Contract Tower,1,2,0,0,3,0,3,98,5,106,1,5,98,5,109,122,0,122,231
03/14/2020,GYR,AZ,AWP,CE,Federal Contract Tower,0,2,2,0,4,0,15,105,0,120,0,17,107,0,124,158,0,158,282
03/15/2020,GYR,AZ,AWP,CE,Federal Contract Tower,0,7,4,0,11,0,4,84,0,88,0,11,88,0,99,122,0,122,221
03/16/2020,GYR,AZ,AWP,CE,Federal Contract Tower,0,0,10,0,10,0,7,75,0,82,0,7,85,0,92,220,0,220,312
03/17/2020,GYR,AZ,AWP,CE,Federal Contract Tower,0,4,3,0,7,0,4,53,0,57,0,8,56,0,64,168,0,168,232
03/18/2020,GYR,AZ,AWP,CE,Federal Contract Tower,0,1,8,0,9,0,1,14,1,16,0,2,22,1,25,40,0,40,65
03/19/2020,GYR,AZ,AWP,CE,Federal Contract Tower,0,0,2,0,2,0,16,47,2,65,0,16,49,2,67,63,0,63,130
03/20/2020,GYR,AZ,AWP,CE,Federal Contract Tower,0,3,5,0,8,0,19,50,0,69,0,22,55,0,77,112,0,112,189
03/21/2020,GYR,AZ,AWP,CE,Federal Contract Tower,0,0,0,0,0,0,7,76,0,83,0,7,76,0,83,126,0,126,209
03/22/2020,GYR,AZ,AWP,CE,Federal Contract Tower,0,0,0,0,0,0,7,55,0,62,0,7,55,0,62,78,0,78,140
03/23/2020,GYR,AZ,AWP,CE,Federal Contract Tower,0,0,1,0,1,0,0,34,0,34,0,0,35,0,35,54,0,54,89
03/24/2020,GYR,AZ,AWP,CE,Federal Contract Tower,4,2,1,0,7,0,1,71,0,72,4,3,72,0,79,64,0,64,143
03/25/2020,GYR,AZ,AWP,CE,Federal Contract Tower,4,1,3,0,8,0,3,82,0,85,4,4,85,0,93,172,0,172,265
03/26/2020,GYR,AZ,AWP,CE,Federal Contract Tower,2,0,4,0,6,0,7,45,0,52,2,7,49,0,58,82,0,82,140
03/27/2020,GYR,AZ,AWP,CE,Federal Contract Tower,0,0,0,0,0,0,1,51,0,52,0,1,51,0,52,38,0,38,90
03/28/2020,GYR,AZ,AWP,CE,Federal Contract Tower,0,2,1,0,3,0,15,83,0,98,0,17,84,0,101,158,0,158,259
03/29/2020,GYR,AZ,AWP,CE,Federal Contract Tower,3,0,3,0,6,0,3,60,0,63,3,3,63,0,69,88,0,88,157
03/30/2020,GYR,AZ,AWP,CE,Federal Contract Tower,3,0,0,0,3,0,7,53,0,60,3,7,53,0,63,154,0,154,217
03/31/2020,GYR,AZ,AWP,CE,Federal Contract Tower,2,0,2,0,4,0,0,51,0,51,2,0,53,0,55,84,0,84,139
04/01/2020,GYR,AZ,AWP,CE,Federal Contract Tower,1,0,4,0,5,0,2,43,0,45,1,2,47,0,50,78,0,78,128
04/02/2020,GYR,AZ,AWP,CE,Federal Contract Tower,2,0,2,0,4,0,16,45,0,61,2,16,47,0,65,218,0,218,283
04/03/2020,GYR,AZ,AWP,CE,Federal Contract Tower,0,2,1,0,3,0,17,47,0,64,0,19,48,0,67,126,0,126,193
04/04/2020,GYR,AZ,AWP,CE,Federal Contract Tower,0,1,2,0,3,0,10,74,0,84,0,11,76,0,87,44,0,44,131
04/05/2020,GYR,AZ,AWP,CE,Federal Contract Tower,3,2,1,0,6,0,34,51,0,85,3,36,52,0,91,76,0,76,167
04/06/2020,GYR,AZ,AWP,CE,Federal Contract Tower,2,0,2,0,4,0,5,30,0,35,2,5,32,0,39,136,0,136,175
04/07/2020,GYR,AZ,AWP,CE,Federal Contract Tower,4,0,1,0,5,0,11,36,0,47,4,11,37,0,52,78,0,78,130
04/08/2020,GYR,AZ,AWP,CE,Federal Contract Tower,0,0,4,0,4,0,11,34,0,45,0,11,38,0,49,104,0,104,153
04/09/2020,GYR,AZ,AWP,CE,Federal Contract Tower,0,0,1,0,1,3,17,40,0,60,3,17,41,0,61,119,0,119,180
04/10/2020,GYR,AZ,AWP,CE,Federal Contract Tower,0,0,3,0,3,0,5,55,0,60,0,5,58,0,63,145,0,145,208
04/11/2020,GYR,AZ,AWP,CE,Federal Contract Tower,0,0,5,0,5,0,6,28,0,34,0,6,33,0,39,16,0,16,55
04/12/2020,GYR,AZ,AWP,CE,Federal Contract Tower,0,0,3,0,3,0,4,29,0,33,0,4,32,0,36,24,0,24,60
04/13/2020,GYR,AZ,AWP,CE,Federal Contract Tower,0,0,3,0,3,0,2,40,0,42,0,2,43,0,45,62,0,62,107
04/14/2020,GYR,AZ,AWP,CE,Federal Contract Tower,2,0,4,0,6,0,8,57,0,65,2,8,61,0,71,154,0,154,225
04/15/2020,GYR,AZ,AWP,CE,Federal Contract Tower,0,0,3,0,3,0,9,58,2,69,0,9,61,2,72,80,0,80,152
04/16/2020,GYR,AZ,AWP,CE,Federal Contract Tower,0,0,0,0,0,0,7,44,1,52,0,7,44,1,52,44,6,50,102
04/17/2020,GYR,AZ,AWP,CE,Federal Contract Tower,0,0,4,2,6,2,14,54,0,70,2,14,58,2,76,82,0,82,158
04/18/2020,GYR,AZ,AWP,CE,Federal Contract Tower,0,5,3,0,8,0,11,63,0,74,0,16,66,0,82,115,0,115,197
04/19/2020,GYR,AZ,AWP,CE,Federal Contract Tower,0,0,2,0,2,0,15,56,0,71,0,15,58,0,73,50,0,50,123
04/20/2020,GYR,AZ,AWP,CE,Federal Contract Tower,0,2,6,0,8,0,2,59,0,61,0,4,65,0,69,88,0,88,157
04/21/2020,GYR,AZ,AWP,CE,Federal Contract Tower,0,0,0,0,0,0,0,47,2,49,0,0,47,2,49,56,0,56,105
04/22/2020,GYR,AZ,AWP,CE,Federal Contract Tower,1,2,2,0,5,0,7,46,0,53,1,9,48,0,58,158,0,158,216
04/23/2020,GYR,AZ,AWP,CE,Federal Contract Tower,0,2,5,0,7,0,3,63,4,70,0,5,68,4,77,52,20,72,149
04/24/2020,GYR,AZ,AWP,CE,Federal Contract Tower,0,0,3,0,3,0,18,52,0,70,0,18,55,0,73,194,0,194,267
04/25/2020,GYR,AZ,AWP,CE,Federal Contract Tower,0,1,1,0,2,0,1,52,0,53,0,2,53,0,55,79,0,79,134
04/26/2020,GYR,AZ,AWP,CE,Federal Contract Tower,0,2,4,0,6,0,7,45,0,52,0,9,49,0,58,40,0,40,98
04/27/2020,GYR,AZ,AWP,CE,Federal Contract Tower,0,0,3,0,3,0,10,49,0,59,0,10,52,0,62,116,0,116,178
04/28/2020,GYR,AZ,AWP,CE,Federal Contract Tower,1,0,2,2,5,0,4,54,0,58,1,4,56,2,63,164,0,164,227
04/29/2020,GYR,AZ,AWP,CE,Federal Contract Tower,3,0,0,0,3,0,2,49,0,51,3,2,49,0,54,130,0,130,184
04/30/2020,GYR,AZ,AWP,CE,Federal Contract Tower,1,0,0,0,1,0,5,43,0,48,1,5,43,0,49,146,0,146,195
05/01/2020,GYR,AZ,AWP,CE,Federal Contract Tower,0,0,2,0,2,0,14,33,0,47,0,14,35,0,49,96,0,96,145
05/02/2020,GYR,AZ,AWP,CE,Federal Contract Tower,1,0,3,0,4,0,5,51,0,56,1,5,54,0,60,67,0,67,127
05/03/2020,GYR,AZ,AWP,CE,Federal Contract Tower,0,0,0,0,0,0,7,41,0,48,0,7,41,0,48,18,0,18,66
05/04/2020,GYR,AZ,AWP,CE,Federal Contract Tower,0,2,0,0,2,0,10,72,0,82,0,12,72,0,84,136,0,136,220
05/05/2020,GYR,AZ,AWP,CE,Federal Contract Tower,0,0,8,0,8,0,14,68,0,82,0,14,76,0,90,74,0,74,164
05/06/2020,GYR,AZ,AWP,CE,Federal Contract Tower,0,4,5,0,9,0,5,42,2,49,0,9,47,2,58,28,4,32,90
05/07/2020,GYR,AZ,AWP,CE,Federal Contract Tower,1,2,5,2,10,0,9,36,0,45,1,11,41,2,55,36,0,36,91
05/08/2020,GYR,AZ,AWP,CE,Federal Contract Tower,0,0,3,0,3,0,12,47,0,59,0,12,50,0,62,156,0,156,218
05/09/2020,GYR,AZ,AWP,CE,Federal Contract Tower,1,1,2,0,4,0,1,59,0,60,1,2,61,0,64,104,0,104,168
05/10/2020,GYR,AZ,AWP,CE,Federal Contract Tower,0,2,0,0,2,0,4,24,0,28,0,6,24,0,30,8,0,8,38
05/11/2020,GYR,AZ,AWP,CE,Federal Contract Tower,0,2,2,0,4,0,2,42,0,44,0,4,44,0,48,84,0,84,132
05/12/2020,GYR,AZ,AWP,CE,Federal Contract Tower,2,1,2,0,5,0,10,48,0,58,2,11,50,0,63,92,0,92,155
05/13/2020,GYR,AZ,AWP,CE,Federal Contract Tower,5,0,2,1,8,0,0,58,2,60,5,0,60,3,68,124,0,124,192
05/14/2020,GYR,AZ,AWP,CE,Federal Contract Tower,0,2,0,0,2,0,4,57,0,61,0,6,57,0,63,74,0,74,137
05/15/2020,GYR,AZ,AWP,CE,Federal Contract Tower,0,1,0,0,1,0,16,47,0,63,0,17,47,0,64,171,0,171,235
05/16/2020,GYR,AZ,AWP,CE,Federal Contract Tower,1,0,2,0,3,0,4,66,0,70,1,4,68,0,73,136,0,136,209
05/17/2020,GYR,AZ,AWP,CE,Federal Contract Tower,0,0,1,0,1,0,5,63,0,68,0,5,64,0,69,104,0,104,173
05/18/2020,GYR,AZ,AWP,CE,Federal Contract Tower,3,0,5,0,8,0,6,67,10,83,3,6,72,10,91,86,2,88,179
05/19/2020,GYR,AZ,AWP,CE,Federal Contract Tower,0,6,1,0,7,0,3,49,9,61,0,9,50,9,68,74,18,92,160
05/20/2020,GYR,AZ,AWP,CE,Federal Contract Tower,2,1,5,0,8,0,6,62,12,80,2,7,67,12,88,80,2,82,170
05/21/2020,GYR,AZ,AWP,CE,Federal Contract Tower,0,2,7,0,9,0,15,53,7,75,0,17,60,7,84,74,0,74,158
05/22/2020,GYR,AZ,AWP,CE,Federal Contract Tower,0,0,3,0,3,0,1,46,2,49,0,1,49,2,52,130,0,130,182
05/23/2020,GYR,AZ,AWP,CE,Federal Contract Tower,1,3,1,0,5,0,4,56,0,60,1,7,57,0,65,102,0,102,167
05/24/2020,GYR,AZ,AWP,CE,Federal Contract Tower,0,3,1,0,4,0,3,51,2,56,0,6,52,2,60,60,0,60,120
05/25/2020,GYR,AZ,AWP,CE,Federal Contract Tower,0,1,4,0,5,0,3,63,2,68,0,4,67,2,73,184,0,184,257
05/26/2020,GYR,AZ,AWP,CE,Federal Contract Tower,0,0,3,0,3,0,7,67,2,76,0,7,70,2,79,80,0,80,159
05/27/2020,GYR,AZ,AWP,CE,Federal Contract Tower,1,2,4,0,7,0,9,52,6,67,1,11,56,6,74,125,4,129,203
05/28/2020,GYR,AZ,AWP,CE,Federal Contract Tower,0,1,4,0,5,0,11,60,1,72,0,12,64,1,77,128,0,128,205
05/29/2020,GYR,AZ,AWP,CE,Federal Contract Tower,1,3,6,0,10,0,7,53,6,66,1,10,59,6,76,102,4,106,182
05/30/2020,GYR,AZ,AWP,CE,Federal Contract Tower,0,0,0,0,0,0,9,51,0,60,0,9,51,0,60,110,0,110,170
05/31/2020,GYR,AZ,AWP,CE,Federal Contract Tower,0,0,1,0,1,0,10,55,0,65,0,10,56,0,66,107,0,107,173
06/01/2020,GYR,AZ,AWP,CE,Federal Contract Tower,0,2,2,0,4,0,8,53,12,73,0,10,55,12,77,148,0,148,225
06/02/2020,GYR,AZ,AWP,CE,Federal Contract Tower,0,2,14,0,16,0,11,53,2,66,0,13,67,2,82,134,0,134,216
06/03/2020,GYR,AZ,AWP,CE,Federal Contract Tower,2,3,6,0,11,0,7,63,4,74,2,10,69,4,85,70,0,70,155
06/04/2020,GYR,AZ,AWP,CE,Federal Contract Tower,0,0,8,0,8,0,6,58,2,66,0,6,66,2,74,94,0,94,168
06/05/2020,GYR,AZ,AWP,CE,Federal Contract Tower,3,0,0,0,3,0,14,57,0,71,3,14,57,0,74,148,0,148,222
06/06/2020,GYR,AZ,AWP,CE,Federal Contract Tower,4,3,2,0,9,0,29,47,0,76,4,32,49,0,85,80,0,80,165
06/07/2020,GYR,AZ,AWP,CE,Federal Contract Tower,0,0,0,0,0,0,13,48,0,61,0,13,48,0,61,142,0,142,203
06/08/2020,GYR,AZ,AWP,CE,Federal Contract Tower,0,1,3,0,4,0,7,46,2,55,0,8,49,2,59,116,2,118,177
06/09/2020,GYR,AZ,AWP,CE,Federal Contract Tower,0,0,2,0,2,0,14,76,4,94,0,14,78,4,96,198,4,202,298
06/10/2020,GYR,AZ,AWP,CE,Federal Contract Tower,2,0,3,0,5,0,15,68,2,85,2,15,71,2,90,212,18,230,320
06/11/2020,GYR,AZ,AWP,CE,Federal Contract Tower,1,1,3,0,5,0,21,45,0,66,1,22,48,0,71,166,0,166,237
06/12/2020,GYR,AZ,AWP,CE,Federal Contract Tower,1,0,4,0,5,0,15,28,13,56,1,15,32,13,61,150,0,150,211
06/13/2020,GYR,AZ,AWP,CE,Federal Contract Tower,0,2,2,0,4,0,11,48,0,59,0,13,50,0,63,32,0,32,95
06/14/2020,GYR,AZ,AWP,CE,Federal Contract Tower,0,0,2,0,2,0,1,53,0,54,0,1,55,0,56,70,0,70,126
06/15/2020,GYR,AZ,AWP,CE,Federal Contract Tower,0,1,2,0,3,0,5,45,2,52,0,6,47,2,55,128,0,128,183
06/16/2020,GYR,AZ,AWP,CE,Federal Contract Tower,0,2,10,0,12,0,5,76,6,87,0,7,86,6,99,138,0,138,237
06/17/2020,GYR,AZ,AWP,CE,Federal Contract Tower,0,1,0,0,1,0,10,77,2,89,0,11,77,2,90,128,0,128,218
06/18/2020,GYR,AZ,AWP,CE,Federal Contract Tower,1,1,3,0,5,0,6,64,0,70,1,7,67,0,75,88,0,88,163
06/19/2020,GYR,AZ,AWP,CE,Federal Contract Tower,0,0,0,0,0,0,16,48,2,66,0,16,48,2,66,112,0,112,178
06/20/2020,GYR,AZ,AWP,CE,Federal Contract Tower,1,1,2,0,4,0,8,54,0,62,1,9,56,0,66,80,0,80,146
06/21/2020,GYR,AZ,AWP,CE,Federal Contract Tower,1,3,4,0,8,0,26,54,0,80,1,29,58,0,88,20,0,20,108
06/22/2020,GYR,AZ,AWP,CE,Federal Contract Tower,0,0,1,0,1,0,7,81,2,90,0,7,82,2,91,128,2,130,221
06/23/2020,GYR,AZ,AWP,CE,Federal Contract Tower,0,0,5,0,5,0,15,41,3,59,0,15,46,3,64,71,0,71,135
06/24/2020,GYR,AZ,AWP,CE,Federal Contract Tower,0,1,4,0,5,0,13,51,0,64,0,14,55,0,69,86,0,86,155
06/25/2020,GYR,AZ,AWP,CE,Federal Contract Tower,0,0,2,0,2,0,6,41,2,49,0,6,43,2,51,120,2,122,173
06/26/2020,GYR,AZ,AWP,CE,Federal Contract Tower,0,1,2,0,3,0,18,53,0,71,0,19,55,0,74,110,0,110,184
06/27/2020,GYR,AZ,AWP,CE,Federal Contract Tower,0,1,3,0,4,0,24,41,0,65,0,25,44,0,69,154,0,154,223
06/28/2020,GYR,AZ,AWP,CE,Federal Contract Tower,1,1,4,0,6,0,11,38,0,49,1,12,42,0,55,62,0,62,117
06/29/2020,GYR,AZ,AWP,CE,Federal Contract Tower,1,0,1,0,2,0,2,60,3,65,1,2,61,3,67,36,0,36,103
06/30/2020,GYR,AZ,AWP,CE,Federal Contract Tower,0,4,7,0,11,0,4,89,1,94,0,8,96,1,105,149,0,149,254
07/01/2020,GYR,AZ,AWP,CE,Federal Contract Tower,0,0,2,0,2,0,2,52,2,56,0,2,54,2,58,58,10,68,126
07/02/2020,GYR,AZ,AWP,CE,Federal Contract Tower,0,2,1,0,3,0,2,64,0,66,0,4,65,0,69,100,0,100,169
07/03/2020,GYR,AZ,AWP,CE,Federal Contract Tower,2,0,0,0,2,0,8,46,0,54,2,8,46,0,56,104,0,104,160
07/04/2020,GYR,AZ,AWP,CE,Federal Contract Tower,0,1,0,0,1,0,5,36,0,41,0,6,36,0,42,70,0,70,112
07/05/2020,GYR,AZ,AWP,CE,Federal Contract Tower,0,0,3,0,3,0,3,43,0,46,0,3,46,0,49,10,0,10,59
07/06/2020,GYR,AZ,AWP,CE,Federal Contract Tower,0,0,1,0,1,0,7,50,2,59,0,7,51,2,60,64,2,66,126
07/07/2020,GYR,AZ,AWP,CE,Federal Contract Tower,0,1,4,0,5,0,6,52,2,60,0,7,56,2,65,80,0,80,145
07/08/2020,GYR,AZ,AWP,CE,Federal Contract Tower,0,0,3,0,3,0,7,56,2,65,0,7,59,2,68,164,0,164,232
07/09/2020,GYR,AZ,AWP,CE,Federal Contract Tower,0,2,1,0,3,0,6,67,2,75,0,8,68,2,78,164,0,164,242
07/10/2020,GYR,AZ,AWP,CE,Federal Contract Tower,0,0,4,0,4,0,5,66,2,73,0,5,70,2,77,136,0,136,213
07/11/2020,GYR,AZ,AWP,CE,Federal Contract Tower,0,2,1,0,3,0,0,38,0,38,0,2,39,0,41,86,0,86,127
07/12/2020,GYR,AZ,AWP,CE,Federal Contract Tower,0,0,6,0,6,0,0,27,0,27,0,0,33,0,33,22,0,22,55
07/13/2020,GYR,AZ,AWP,CE,Federal Contract Tower,0,0,3,0,3,0,5,47,2,54,0,5,50,2,57,26,2,28,85
07/14/2020,GYR,AZ,AWP,CE,Federal Contract Tower,0,1,2,0,3,0,15,53,0,68,0,16,55,0,71,106,0,106,177
07/15/2020,GYR,AZ,AWP,CE,Federal Contract Tower,0,0,4,0,4,0,5,70,4,79,0,5,74,4,83,70,0,70,153
07/16/2020,GYR,AZ,AWP,CE,Federal Contract Tower,1,3,3,0,7,0,7,56,3,66,1,10,59,3,73,92,0,92,165
07/17/2020,GYR,AZ,AWP,CE,Federal Contract Tower,0,2,8,0,10,0,6,73,0,79,0,8,81,0,89,83,0,83,172
07/18/2020,GYR,AZ,AWP,CE,Federal Contract Tower,0,1,2,0,3,0,8,55,0,63,0,9,57,0,66,102,0,102,168
07/19/2020,GYR,AZ,AWP,CE,Federal Contract Tower,1,0,3,0,4,0,0,36,0,36,1,0,39,0,40,52,0,52,92
07/20/2020,GYR,AZ,AWP,CE,Federal Contract Tower,0,2,4,0,6,0,4,39,0,43,0,6,43,0,49,76,0,76,125
07/21/2020,GYR,AZ,AWP,CE,Federal Contract Tower,0,1,5,0,6,0,6,84,4,94,0,7,89,4,100,126,4,130,230
07/22/2020,GYR,AZ,AWP,CE,Federal Contract Tower,0,1,0,0,1,0,6,71,0,77,0,7,71,0,78,136,0,136,214
07/23/2020,GYR,AZ,AWP,CE,Federal Contract Tower,1,1,4,0,6,0,0,56,2,58,1,1,60,2,64,118,0,118,182
07/24/2020,GYR,AZ,AWP,CE,Federal Contract Tower,0,4,1,0,5,0,10,81,0,91,0,14,82,0,96,136,0,136,232
07/25/2020,GYR,AZ,AWP,CE,Federal Contract Tower,0,0,3,0,3,0,2,60,0,62,0,2,63,0,65,99,0,99,164
07/26/2020,GYR,AZ,AWP,CE,Federal Contract Tower,0,2,3,0,5,0,8,50,0,58,0,10,53,0,63,110,0,110,173
07/27/2020,GYR,AZ,AWP,CE,Federal Contract Tower,0,0,1,0,1,0,6,82,2,90,0,6,83,2,91,130,0,130,221
07/28/2020,GYR,AZ,AWP,CE,Federal Contract Tower,1,2,0,0,3,0,2,82,0,84,1,4,82,0,87,160,0,160,247
07/29/2020,GYR,AZ,AWP,CE,Federal Contract Tower,0,0,4,0,4,0,8,72,0,80,0,8,76,0,84,172,0,172,256
07/30/2020,GYR,AZ,AWP,CE,Federal Contract Tower,0,2,6,0,8,0,10,56,0,66,0,12,62,0,74,144,0,144,218
07/31/2020,GYR,AZ,AWP,CE,Federal Contract Tower,0,0,4,0,4,1,2,54,0,57,1,2,58,0,61,179,0,179,240
08/01/2020,GYR,AZ,AWP,CE,Federal Contract Tower,0,0,1,0,1,0,8,54,0,62,0,8,55,0,63,109,0,109,172
08/02/2020,GYR,AZ,AWP,CE,Federal Contract Tower,0,0,2,0,2,0,7,40,0,47,0,7,42,0,49,54,0,54,103
08/03/2020,GYR,AZ,AWP,CE,Federal Contract Tower,1,0,0,0,1,0,14,70,0,84,1,14,70,0,85,184,0,184,269
08/04/2020,GYR,AZ,AWP,CE,Federal Contract Tower,0,3,7,0,10,0,7,74,0,81,0,10,81,0,91,240,0,240,331
08/05/2020,GYR,AZ,AWP,CE,Federal Contract Tower,1,1,2,0,4,0,2,64,0,66,1,3,66,0,70,146,0,146,216
08/06/2020,GYR,AZ,AWP,CE,Federal Contract Tower,1,1,3,0,5,0,8,84,0,92,1,9,87,0,97,144,0,144,241
08/07/2020,GYR,AZ,AWP,CE,Federal Contract Tower,0,0,1,0,1,0,2,77,0,79,0,2,78,0,80,166,0,166,246
08/08/2020,GYR,AZ,AWP,CE,Federal Contract Tower,4,2,1,0,7,0,7,64,0,71,4,9,65,0,78,114,0,114,192
08/09/2020,GYR,AZ,AWP,CE,Federal Contract Tower,0,1,5,0,6,0,12,47,0,59,0,13,52,0,65,74,0,74,139
08/10/2020,GYR,AZ,AWP,CE,Federal Contract Tower,1,0,2,0,3,0,9,52,0,61,1,9,54,0,64,174,0,174,238
08/11/2020,GYR,AZ,AWP,CE,Federal Contract Tower,0,0,4,0,4,0,3,84,0,87,0,3,88,0,91,182,0,182,273
08/12/2020,GYR,AZ,AWP,CE,Federal Contract Tower,1,1,4,0,6,1,12,63,0,76,2,13,67,0,82,172,0,172,254
08/13/2020,GYR,AZ,AWP,CE,Federal Contract Tower,0,0,1,0,1,0,0,54,3,57,0,0,55,3,58,112,0,112,170
08/14/2020,GYR,AZ,AWP,CE,Federal Contract Tower,1,0,2,0,3,0,4,62,2,68,1,4,64,2,71,111,0,111,182
08/15/2020,GYR,AZ,AWP,CE,Federal Contract Tower,0,0,0,0,0,0,3,50,0,53,0,3,50,0,53,61,0,61,114
08/16/2020,GYR,AZ,AWP,CE,Federal Contract Tower,0,5,3,0,8,0,5,41,0,46,0,10,44,0,54,64,0,64,118
08/17/2020,GYR,AZ,AWP,CE,Federal Contract Tower,0,1,4,0,5,0,6,58,0,64,0,7,62,0,69,62,0,62,131
08/18/2020,GYR,AZ,AWP,CE,Federal Contract Tower,0,0,6,0,6,0,2,53,2,57,0,2,59,2,63,100,0,100,163
08/19/2020,GYR,AZ,AWP,CE,Federal Contract Tower,0,0,2,0,2,0,2,60,0,62,0,2,62,0,64,136,0,136,200
08/20/2020,GYR,AZ,AWP,CE,Federal Contract Tower,0,0,6,0,6,0,8,55,0,63,0,8,61,0,69,28,0,28,97
08/21/2020,GYR,AZ,AWP,CE,Federal Contract Tower,0,4,3,0,7,0,9,62,0,71,0,13,65,0,78,192,0,192,270
08/22/2020,GYR,AZ,AWP,CE,Federal Contract Tower,0,0,0,0,0,0,15,73,0,88,0,15,73,0,88,156,0,156,244
08/23/2020,GYR,AZ,AWP,CE,Federal Contract Tower,0,4,3,0,7,0,2,46,0,48,0,6,49,0,55,122,0,122,177
08/24/2020,GYR,AZ,AWP,CE,Federal Contract Tower,0,0,2,0,2,0,6,55,2,63,0,6,57,2,65,42,0,42,107
08/25/2020,GYR,AZ,AWP,CE,Federal Contract Tower,0,0,7,0,7,0,6,64,2,72,0,6,71,2,79,50,0,50,129
08/26/2020,GYR,AZ,AWP,CE,Federal Contract Tower,1,0,4,0,5,0,12,81,0,93,1,12,85,0,98,180,0,180,278
08/27/2020,GYR,AZ,AWP,CE,Federal Contract Tower,3,0,5,0,8,0,8,82,2,92,3,8,87,2,100,143,0,143,243
08/28/2020,GYR,AZ,AWP,CE,Federal Contract Tower,0,0,2,0,2,0,11,60,2,73,0,11,62,2,75,172,0,172,247
08/29/2020,GYR,AZ,AWP,CE,Federal Contract Tower,0,0,0,0,0,0,8,54,0,62,0,8,54,0,62,88,0,88,150
08/30/2020,GYR,AZ,AWP,CE,Federal Contract Tower,0,0,4,0,4,0,14,43,0,57,0,14,47,0,61,92,0,92,153
08/31/2020,GYR,AZ,AWP,CE,Federal Contract Tower,1,1,3,0,5,0,7,74,0,81,1,8,77,0,86,48,0,48,134
09/01/2020,GYR,AZ,AWP,CE,Federal Contract Tower,0,2,6,0,8,0,9,55,0,64,0,11,61,0,72,142,0,142,214
09/02/2020,GYR,AZ,AWP,CE,Federal Contract Tower,0,1,5,0,6,0,8,69,0,77,0,9,74,0,83,102,8,110,193
09/03/2020,GYR,AZ,AWP,CE,Federal Contract Tower,0,1,6,0,7,0,11,66,0,77,0,12,72,0,84,118,0,118,202
09/04/2020,GYR,AZ,AWP,CE,Federal Contract Tower,0,0,0,0,0,0,5,70,0,75,0,5,70,0,75,88,0,88,163
09/05/2020,GYR,AZ,AWP,CE,Federal Contract Tower,1,0,0,0,1,0,12,58,0,70,1,12,58,0,71,88,0,88,159
09/06/2020,GYR,AZ,AWP,CE,Federal Contract Tower,0,2,0,0,2,0,3,59,0,62,0,5,59,0,64,58,0,58,122
09/07/2020,GYR,AZ,AWP,CE,Federal Contract Tower,0,0,1,0,1,0,3,36,0,39,0,3,37,0,40,54,0,54,94
09/08/2020,GYR,AZ,AWP,CE,Federal Contract Tower,0,2,2,0,4,0,6,60,0,66,0,8,62,0,70,94,0,94,164
09/09/2020,GYR,AZ,AWP,CE,Federal Contract Tower,1,0,3,0,4,0,7,94,0,101,1,7,97,0,105,111,0,111,216
09/10/2020,GYR,AZ,AWP,CE,Federal Contract Tower,0,3,6,0,9,0,7,93,0,100,0,10,99,0,109,105,0,105,214
09/11/2020,GYR,AZ,AWP,CE,Federal Contract Tower,1,1,2,0,4,0,7,93,0,100,1,8,95,0,104,92,0,92,196
09/12/2020,GYR,AZ,AWP,CE,Federal Contract Tower,0,3,1,0,4,0,7,80,0,87,0,10,81,0,91,91,0,91,182
09/13/2020,GYR,AZ,AWP,CE,Federal Contract Tower,0,0,5,2,7,0,15,58,0,73,0,15,63,2,80,102,0,102,182
09/14/2020,GYR,AZ,AWP,CE,Federal Contract Tower,0,0,2,0,2,0,6,62,0,68,0,6,64,0,70,72,0,72,142
09/15/2020,GYR,AZ,AWP,CE,Federal Contract Tower,0,5,16,0,21,0,6,103,0,109,0,11,119,0,130,138,0,138,268
09/16/2020,GYR,AZ,AWP,CE,Federal Contract Tower,3,0,4,0,7,1,7,72,0,80,4,7,76,0,87,120,0,120,207
09/17/2020,GYR,AZ,AWP,CE,Federal Contract Tower,0,0,1,0,1,0,12,95,1,108,0,12,96,1,109,100,0,100,209
09/18/2020,GYR,AZ,AWP,CE,Federal Contract Tower,0,1,3,0,4,0,6,80,0,86,0,7,83,0,90,52,0,52,142
09/19/2020,GYR,AZ,AWP,CE,Federal Contract Tower,0,2,4,0,6,0,3,60,0,63,0,5,64,0,69,56,0,56,125
09/20/2020,GYR,AZ,AWP,CE,Federal Contract Tower,0,2,5,0,7,0,4,38,0,42,0,6,43,0,49,64,0,64,113
09/21/2020,GYR,AZ,AWP,CE,Federal Contract Tower,1,0,2,0,3,0,6,78,0,84,1,6,80,0,87,94,0,94,181
09/22/2020,GYR,AZ,AWP,CE,Federal Contract Tower,1,0,6,0,7,0,3,73,2,78,1,3,79,2,85,76,0,76,161
09/23/2020,GYR,AZ,AWP,CE,Federal Contract Tower,2,0,6,0,8,0,10,65,0,75,2,10,71,0,83,148,0,148,231
09/24/2020,GYR,AZ,AWP,CE,Federal Contract Tower,0,1,3,0,4,0,5,93,0,98,0,6,96,0,102,120,0,120,222
09/25/2020,GYR,AZ,AWP,CE,Federal Contract Tower,0,3,6,0,9,0,14,61,0,75,0,17,67,0,84,106,0,106,190
09/26/2020,GYR,AZ,AWP,CE,Federal Contract Tower,0,0,5,0,5,0,11,63,0,74,0,11,68,0,79,167,0,167,246
09/27/2020,GYR,AZ,AWP,CE,Federal Contract Tower,1,4,1,0,6,0,3,67,0,70,1,7,68,0,76,60,0,60,136
09/28/2020,GYR,AZ,AWP,CE,Federal Contract Tower,0,1,4,0,5,0,12,93,0,105,0,13,97,0,110,124,0,124,234
09/29/2020,GYR,AZ,AWP,CE,Federal Contract Tower,0,4,2,0,6,0,6,86,0,92,0,10,88,0,98,20,0,20,118
09/30/2020,GYR,AZ,AWP,CE,Federal Contract Tower,0,3,5,0,8,0,4,64,0,68,0,7,69,0,76,96,0,96,172
10/01/2020,GYR,AZ,AWP,CE,Federal Contract Tower,0,3,7,0,10,0,8,112,0,120,0,11,119,0,130,67,0,67,197
10/02/2020,GYR,AZ,AWP,CE,Federal Contract Tower,1,3,3,0,7,0,4,71,1,76,1,7,74,1,83,145,0,145,228
10/03/2020,GYR,AZ,AWP,CE,Federal Contract Tower,1,3,3,0,7,0,2,60,0,62,1,5,63,0,69,142,0,142,211
10/04/2020,GYR,AZ,AWP,CE,Federal Contract Tower,0,1,1,0,2,0,6,51,0,57,0,7,52,0,59,48,0,48,107
10/05/2020,GYR,AZ,AWP,CE,Federal Contract Tower,2,2,5,0,9,0,12,71,0,83,2,14,76,0,92,66,0,66,158
10/06/2020,GYR,AZ,AWP,CE,Federal Contract Tower,0,0,3,0,3,0,15,65,0,80,0,15,68,0,83,98,0,98,181
10/07/2020,GYR,AZ,AWP,CE,Federal Contract Tower,0,2,4,0,6,0,2,55,0,57,0,4,59,0,63,38,0,38,101
10/08/2020,GYR,AZ,AWP,CE,Federal Contract Tower,2,4,1,0,7,0,8,81,0,89,2,12,82,0,96,170,0,170,266
10/09/2020,GYR,AZ,AWP,CE,Federal Contract Tower,0,0,6,0,6,0,8,98,2,108,0,8,104,2,114,112,0,112,226
10/10/2020,GYR,AZ,AWP,CE,Federal Contract Tower,1,0,4,0,5,0,7,60,0,67,1,7,64,0,72,92,0,92,164
10/11/2020,GYR,AZ,AWP,CE,Federal Contract Tower,0,0,6,0,6,0,7,75,0,82,0,7,81,0,88,80,0,80,168
10/12/2020,GYR,AZ,AWP,CE,Federal Contract Tower,0,1,0,0,1,0,5,68,0,73,0,6,68,0,74,122,0,122,196
10/13/2020,GYR,AZ,AWP,CE,Federal Contract Tower,0,4,6,0,10,0,9,108,0,117,0,13,114,0,127,96,0,96,223
10/14/2020,GYR,AZ,AWP,CE,Federal Contract Tower,1,3,4,0,8,0,6,88,0,94,1,9,92,0,102,68,0,68,170
10/15/2020,GYR,AZ,AWP,CE,Federal Contract Tower,0,1,3,0,4,0,15,97,0,112,0,16,100,0,116,128,0,128,244
10/16/2020,GYR,AZ,AWP,CE,Federal Contract Tower,0,0,4,0,4,0,5,82,0,87,0,5,86,0,91,148,0,148,239
10/17/2020,GYR,AZ,AWP,CE,Federal Contract Tower,0,0,0,0,0,0,4,65,2,71,0,4,65,2,71,116,0,116,187
10/18/2020,GYR,AZ,AWP,CE,Federal Contract Tower,1,2,2,0,5,0,10,59,0,69,1,12,61,0,74,64,0,64,138
10/19/2020,GYR,AZ,AWP,CE,Federal Contract Tower,1,2,4,0,7,0,1,38,0,39,1,3,42,0,46,64,0,64,110
10/20/2020,GYR,AZ,AWP,CE,Federal Contract Tower,0,2,11,0,13,0,3,93,2,98,0,5,104,2,111,124,6,130,241
10/21/2020,GYR,AZ,AWP,CE,Federal Contract Tower,1,1,4,0,6,0,6,79,0,85,1,7,83,0,91,207,0,207,298
10/22/2020,GYR,AZ,AWP,CE,Federal Contract Tower,0,2,6,0,8,0,11,94,4,109,0,13,100,4,117,156,0,156,273
10/23/2020,GYR,AZ,AWP,CE,Federal Contract Tower,0,2,5,0,7,0,8,102,10,120,0,10,107,10,127,224,0,224,351
10/24/2020,GYR,AZ,AWP,CE,Federal Contract Tower,0,0,3,0,3,0,8,91,2,101,0,8,94,2,104,100,0,100,204
10/25/2020,GYR,AZ,AWP,CE,Federal Contract Tower,0,0,3,0,3,0,8,30,4,42,0,8,33,4,45,44,0,44,89
10/26/2020,GYR,AZ,AWP,CE,Federal Contract Tower,0,2,0,0,2,0,3,35,0,38,0,5,35,0,40,46,0,46,86
10/27/2020,GYR,AZ,AWP,CE,Federal Contract Tower,0,2,4,3,9,0,3,61,1,65,0,5,65,4,74,72,0,72,146
10/28/2020,GYR,AZ,AWP,CE,Federal Contract Tower,0,1,3,3,7,0,0,31,2,33,0,1,34,5,40,61,0,61,101
10/29/2020,GYR,AZ,AWP,CE,Federal Contract Tower,0,0,3,0,3,0,2,110,2,114,0,2,113,2,117,162,0,162,279
10/30/2020,GYR,AZ,AWP,CE,Federal Contract Tower,0,0,4,0,4,0,7,102,0,109,0,7,106,0,113,112,0,112,225
10/31/2020,GYR,AZ,AWP,CE,Federal Contract Tower,0,2,1,0,3,0,6,84,0,90,0,8,85,0,93,148,0,148,241
11/01/2020,GYR,AZ,AWP,CE,Federal Contract Tower,0,2,0,0,2,0,6,48,0,54,0,8,48,0,56,70,0,70,126
11/02/2020,GYR,AZ,AWP,CE,Federal Contract Tower,0,1,8,0,9,0,3,94,0,97,0,4,102,0,106,128,0,128,234
11/03/2020,GYR,AZ,AWP,CE,Federal Contract Tower,0,2,4,0,6,0,5,86,0,91,0,7,90,0,97,230,0,230,327
11/04/2020,GYR,AZ,AWP,CE,Federal Contract Tower,0,5,0,0,5,0,3,104,0,107,0,8,104,0,112,164,0,164,276
11/05/2020,GYR,AZ,AWP,CE,Federal Contract Tower,0,0,10,0,10,0,2,85,0,87,0,2,95,0,97,116,0,116,213
11/06/2020,GYR,AZ,AWP,CE,Federal Contract Tower,2,0,28,0,30,0,7,68,0,75,2,7,96,0,105,70,0,70,175
11/07/2020,GYR,AZ,AWP,CE,Federal Contract Tower,0,3,32,0,35,0,0,27,0,27,0,3,59,0,62,34,0,34,96
11/08/2020,GYR,AZ,AWP,CE,Federal Contract Tower,0,5,43,0,48,0,4,47,0,51,0,9,90,0,99,30,0,30,129
11/09/2020,GYR,AZ,AWP,CE,Federal Contract Tower,0,0,11,0,11,0,5,118,0,123,0,5,129,0,134,156,0,156,290
11/10/2020,GYR,AZ,AWP,CE,Federal Contract Tower,0,4,6,0,10,0,8,120,0,128,0,12,126,0,138,146,0,146,284
11/11/2020,GYR,AZ,AWP,CE,Federal Contract Tower,0,0,3,0,3,0,12,77,0,89,0,12,80,0,92,148,0,148,240
11/12/2020,GYR,AZ,AWP,CE,Federal Contract Tower,2,2,3,0,7,0,7,113,0,120,2,9,116,0,127,190,0,190,317
11/13/2020,GYR,AZ,AWP,CE,Federal Contract Tower,1,4,5,0,10,0,17,87,0,104,1,21,92,0,114,108,0,108,222
11/14/2020,GYR,AZ,AWP,CE,Federal Contract Tower,0,4,0,0,4,0,2,81,0,83,0,6,81,0,87,158,0,158,245
11/15/2020,GYR,AZ,AWP,CE,Federal Contract Tower,0,3,3,0,6,0,11,53,0,64,0,14,56,0,70,74,0,74,144
11/16/2020,GYR,AZ,AWP,CE,Federal Contract Tower,0,1,3,0,4,0,6,51,3,60,0,7,54,3,64,148,0,148,212
11/17/2020,GYR,AZ,AWP,CE,Federal Contract Tower,0,1,5,0,6,0,6,71,0,77,0,7,76,0,83,126,0,126,209
11/18/2020,GYR,AZ,AWP,CE,Federal Contract Tower,1,4,3,0,8,0,13,82,3,98,1,17,85,3,106,142,0,142,248
11/19/2020,GYR,AZ,AWP,CE,Federal Contract Tower,0,0,9,0,9,0,12,65,2,79,0,12,74,2,88,132,0,132,220
11/20/2020,GYR,AZ,AWP,CE,Federal Contract Tower,0,11,7,0,18,0,17,78,2,97,0,28,85,2,115,172,0,172,287
11/21/2020,GYR,AZ,AWP,CE,Federal Contract Tower,2,1,2,0,5,0,8,71,0,79,2,9,73,0,84,46,0,46,130
11/22/2020,GYR,AZ,AWP,CE,Federal Contract Tower,2,2,7,0,11,0,5,97,0,102,2,7,104,0,113,82,0,82,195
11/23/2020,GYR,AZ,AWP,CE,Federal Contract Tower,3,0,0,0,3,0,2,69,2,73,3,2,69,2,76,158,10,168,244
11/24/2020,GYR,AZ,AWP,CE,Federal Contract Tower,2,0,6,0,8,0,8,79,2,89,2,8,85,2,97,98,0,98,195
11/25/2020,GYR,AZ,AWP,CE,Federal Contract Tower,3,1,1,0,5,0,15,96,0,111,3,16,97,0,116,134,0,134,250
11/26/2020,GYR,AZ,AWP,CE,Federal Contract Tower,0,0,0,0,0,0,4,38,0,42,0,4,38,0,42,40,0,40,82
11/27/2020,GYR,AZ,AWP,CE,Federal Contract Tower,1,0,2,0,3,0,9,66,0,75,1,9,68,0,78,158,0,158,236
11/28/2020,GYR,AZ,AWP,CE,Federal Contract Tower,0,4,0,2,6,0,7,82,0,89,0,11,82,2,95,84,0,84,179
11/29/2020,GYR,AZ,AWP,CE,Federal Contract Tower,0,1,5,0,6,0,23,81,0,104,0,24,86,0,110,82,0,82,192
11/30/2020,GYR,AZ,AWP,CE,Federal Contract Tower,0,0,4,0,4,0,7,121,2,130,0,7,125,2,134,90,0,90,224
12/01/2020,GYR,AZ,AWP,CE,Federal Contract Tower,0,3,6,0,9,0,11,108,2,121,0,14,114,2,130,142,0,142,272
12/02/2020,GYR,AZ,AWP,CE,Federal Contract Tower,0,1,3,0,4,0,12,100,0,112,0,13,103,0,116,130,0,130,246
12/03/2020,GYR,AZ,AWP,CE,Federal Contract Tower,3,0,2,0,5,0,6,85,3,94,3,6,87,3,99,110,0,110,209
12/04/2020,GYR,AZ,AWP,CE,Federal Contract Tower,1,3,3,0,7,0,11,126,0,137,1,14,129,0,144,126,0,126,270
12/05/2020,GYR,AZ,AWP,CE,Federal Contract Tower,0,1,4,0,5,0,17,93,0,110,0,18,97,0,115,154,0,154,269
12/06/2020,GYR,AZ,AWP,CE,Federal Contract Tower,0,0,5,0,5,0,11,111,0,122,0,11,116,0,127,100,0,100,227
12/07/2020,GYR,AZ,AWP,CE,Federal Contract Tower,0,2,2,0,4,0,8,135,0,143,0,10,137,0,147,80,0,80,227
12/08/2020,GYR,AZ,AWP,CE,Federal Contract Tower,0,1,4,0,5,0,10,101,0,111,0,11,105,0,116,114,0,114,230
12/09/2020,GYR,AZ,AWP,CE,Federal Contract Tower,1,2,2,0,5,0,10,127,0,137,1,12,129,0,142,188,0,188,330
12/10/2020,GYR,AZ,AWP,CE,Federal Contract Tower,1,1,12,0,14,0,1,47,2,50,1,2,59,2,64,20,0,20,84
12/11/2020,GYR,AZ,AWP,CE,Federal Contract Tower,1,1,5,0,7,0,5,102,0,107,1,6,107,0,114,77,0,77,191
12/12/2020,GYR,AZ,AWP,CE,Federal Contract Tower,0,2,0,0,2,0,12,97,0,109,0,14,97,0,111,92,0,92,203
12/13/2020,GYR,AZ,AWP,CE,Federal Contract Tower,0,0,4,0,4,0,15,77,0,92,0,15,81,0,96,60,0,60,156
12/14/2020,GYR,AZ,AWP,CE,Federal Contract Tower,0,3,2,0,5,0,13,103,2,118,0,16,105,2,123,170,0,170,293
12/15/2020,GYR,AZ,AWP,CE,Federal Contract Tower,1,1,7,0,9,0,9,93,0,102,1,10,100,0,111,148,0,148,259
12/16/2020,GYR,AZ,AWP,CE,Federal Contract Tower,1,1,4,0,6,2,17,109,2,130,3,18,113,2,136,174,0,174,310
12/17/2020,GYR,AZ,AWP,CE,Federal Contract Tower,1,1,5,0,7,0,13,86,0,99,1,14,91,0,106,242,0,242,348
12/18/2020,GYR,AZ,AWP,CE,Federal Contract Tower,2,1,2,0,5,0,19,100,0,119,2,20,102,0,124,154,0,154,278
12/19/2020,GYR,AZ,AWP,CE,Federal Contract Tower,0,2,4,0,6,0,21,84,0,105,0,23,88,0,111,52,0,52,163
12/20/2020,GYR,AZ,AWP,CE,Federal Contract Tower,2,0,2,0,4,0,0,57,0,57,2,0,59,0,61,18,0,18,79
12/21/2020,GYR,AZ,AWP,CE,Federal Contract Tower,0,0,4,0,4,0,12,87,0,99,0,12,91,0,103,282,0,282,385
12/22/2020,GYR,AZ,AWP,CE,Federal Contract Tower,0,1,4,0,5,0,16,80,0,96,0,17,84,0,101,164,0,164,265
12/23/2020,GYR,AZ,AWP,CE,Federal Contract Tower,1,0,2,0,3,0,9,52,0,61,1,9,54,0,64,92,0,92,156
12/24/2020,GYR,AZ,AWP,CE,Federal Contract Tower,0,0,3,0,3,0,0,23,0,23,0,0,26,0,26,38,0,38,64
12/25/2020,GYR,AZ,AWP,CE,Federal Contract Tower,0,0,1,0,1,0,13,23,0,36,0,13,24,0,37,2,0,2,39
12/27/2020,GYR,AZ,AWP,CE,Federal Contract Tower,1,0,1,4,6,0,7,76,0,83,1,7,77,4,89,20,0,20,109
12/28/2020,GYR,AZ,AWP,CE,Federal Contract Tower,0,0,1,1,2,0,10,44,0,54,0,10,45,1,56,42,0,42,98
12/29/2020,GYR,AZ,AWP,CE,Federal Contract Tower,0,4,4,0,8,0,2,51,0,53,0,6,55,0,61,78,0,78,139
12/30/2020,GYR,AZ,AWP,CE,Federal Contract Tower,0,0,2,0,2,0,7,50,0,57,0,7,52,0,59,65,0,65,124
12/31/2020,GYR,AZ,AWP,CE,Federal Contract Tower,0,0,1,0,1,0,13,47,0,60,0,13,48,0,61,90,0,90,151
01/01/2021,GYR,AZ,AWP,CE,Federal Contract Tower,0,2,0,0,2,0,5,35,0,40,0,7,35,0,42,36,0,36,78
01/02/2021,GYR,AZ,AWP,CE,Federal Contract Tower,0,2,4,0,6,0,10,65,0,75,0,12,69,0,81,144,0,144,225
01/03/2021,GYR,AZ,AWP,CE,Federal Contract Tower,0,0,1,0,1,0,6,91,0,97,0,6,92,0,98,68,0,68,166
01/04/2021,GYR,AZ,AWP,CE,Federal Contract Tower,0,0,0,0,0,0,8,45,0,53,0,8,45,0,53,52,0,52,105
01/05/2021,GYR,AZ,AWP,CE,Federal Contract Tower,3,1,3,0,7,0,13,73,0,86,3,14,76,0,93,112,0,112,205
01/06/2021,GYR,AZ,AWP,CE,Federal Contract Tower,0,1,3,0,4,0,8,80,4,92,0,9,83,4,96,80,0,80,176
01/07/2021,GYR,AZ,AWP,CE,Federal Contract Tower,0,0,6,0,6,0,10,62,2,74,0,10,68,2,80,74,0,74,154
01/08/2021,GYR,AZ,AWP,CE,Federal Contract Tower,1,4,2,0,7,0,10,57,0,67,1,14,59,0,74,153,0,153,227
01/09/2021,GYR,AZ,AWP,CE,Federal Contract Tower,0,5,8,0,13,0,13,67,0,80,0,18,75,0,93,106,0,106,199
01/10/2021,GYR,AZ,AWP,CE,Federal Contract Tower,0,0,2,0,2,0,2,81,0,83,0,2,83,0,85,108,0,108,193
01/11/2021,GYR,AZ,AWP,CE,Federal Contract Tower,0,1,0,2,3,2,6,68,0,76,2,7,68,2,79,70,0,70,149
01/12/2021,GYR,AZ,AWP,CE,Federal Contract Tower,0,0,1,0,1,1,12,85,0,98,1,12,86,0,99,82,0,82,181
01/13/2021,GYR,AZ,AWP,CE,Federal Contract Tower,0,0,9,0,9,0,6,58,0,64,0,6,67,0,73,67,0,67,140
01/14/2021,GYR,AZ,AWP,CE,Federal Contract Tower,0,3,5,0,8,0,12,65,0,77,0,15,70,0,85,66,0,66,151
01/15/2021,GYR,AZ,AWP,CE,Federal Contract Tower,0,1,1,0,2,0,9,89,0,98,0,10,90,0,100,108,0,108,208
01/16/2021,GYR,AZ,AWP,CE,Federal Contract Tower,0,3,4,0,7,0,3,67,0,70,0,6,71,0,77,190,0,190,267
01/17/2021,GYR,AZ,AWP,CE,Federal Contract Tower,0,0,1,0,1,0,8,62,0,70,0,8,63,0,71,100,0,100,171
01/18/2021,GYR,AZ,AWP,CE,Federal Contract Tower,2,1,4,0,7,0,9,77,0,86,2,10,81,0,93,124,0,124,217
01/19/2021,GYR,AZ,AWP,CE,Federal Contract Tower,0,5,4,0,9,0,1,33,2,36,0,6,37,2,45,94,0,94,139
01/20/2021,GYR,AZ,AWP,CE,Federal Contract Tower,0,0,4,0,4,0,2,58,2,62,0,2,62,2,66,126,0,126,192
01/21/2021,GYR,AZ,AWP,CE,Federal Contract Tower,0,2,8,0,10,0,5,66,0,71,0,7,74,0,81,133,0,133,214
01/22/2021,GYR,AZ,AWP,CE,Federal Contract Tower,0,2,11,0,13,0,6,40,0,46,0,8,51,0,59,46,0,46,105
01/23/2021,GYR,AZ,AWP,CE,Federal Contract Tower,0,0,2,0,2,0,6,41,0,47,0,6,43,0,49,84,0,84,133
01/24/2021,GYR,AZ,AWP,CE,Federal Contract Tower,0,0,4,0,4,0,4,10,0,14,0,4,14,0,18,0,0,0,18
01/25/2021,GYR,AZ,AWP,CE,Federal Contract Tower,0,1,3,0,4,0,2,14,0,16,0,3,17,0,20,2,0,2,22
01/26/2021,GYR,AZ,AWP,CE,Federal Contract Tower,0,0,6,0,6,0,7,90,0,97,0,7,96,0,103,40,0,40,143
01/27/2021,GYR,AZ,AWP,CE,Federal Contract Tower,1,0,11,1,13,0,7,85,0,92,1,7,96,1,105,155,0,155,260
01/28/2021,GYR,AZ,AWP,CE,Federal Contract Tower,0,0,3,0,3,0,5,109,0,114,0,5,112,0,117,128,0,128,245
01/29/2021,GYR,AZ,AWP,CE,Federal Contract Tower,0,0,2,0,2,0,5,51,0,56,0,5,53,0,58,48,0,48,106
01/30/2021,GYR,AZ,AWP,CE,Federal Contract Tower,2,0,3,0,5,0,0,81,0,81,2,0,84,0,86,118,0,118,204
01/31/2021,GYR,AZ,AWP,CE,Federal Contract Tower,0,3,1,0,4,0,13,121,0,134,0,16,122,0,138,86,0,86,224
02/01/2021,GYR,AZ,AWP,CE,Federal Contract Tower,0,0,0,0,0,0,11,107,0,118,0,11,107,0,118,146,0,146,264
02/02/2021,GYR,AZ,AWP,CE,Federal Contract Tower,4,4,3,0,11,0,8,97,0,105,4,12,100,0,116,116,0,116,232
02/03/2021,GYR,AZ,AWP,CE,Federal Contract Tower,0,1,3,0,4,0,8,84,0,92,0,9,87,0,96,106,0,106,202
02/04/2021,GYR,AZ,AWP,CE,Federal Contract Tower,0,0,0,0,0,0,1,102,0,103,0,1,102,0,103,234,0,234,337
02/05/2021,GYR,AZ,AWP,CE,Federal Contract Tower,0,1,7,0,8,0,22,93,0,115,0,23,100,0,123,201,0,201,324
02/06/2021,GYR,AZ,AWP,CE,Federal Contract Tower,0,1,3,0,4,0,14,68,0,82,0,15,71,0,86,158,0,158,244
02/07/2021,GYR,AZ,AWP,CE,Federal Contract Tower,0,0,2,0,2,0,11,61,0,72,0,11,63,0,74,26,0,26,100
02/08/2021,GYR,AZ,AWP,CE,Federal Contract Tower,1,0,1,0,2,2,10,111,0,123,3,10,112,0,125,162,0,162,287
02/09/2021,GYR,AZ,AWP,CE,Federal Contract Tower,0,0,4,0,4,0,12,109,0,121,0,12,113,0,125,112,0,112,237
02/10/2021,GYR,AZ,AWP,CE,Federal Contract Tower,0,1,4,0,5,0,16,98,12,126,0,17,102,12,131,176,0,176,307
02/11/2021,GYR,AZ,AWP,CE,Federal Contract Tower,2,4,2,0,8,0,2,148,0,150,2,6,150,0,158,134,0,134,292
02/12/2021,GYR,AZ,AWP,CE,Federal Contract Tower,0,2,2,0,4,0,8,111,5,124,0,10,113,5,128,140,2,142,270
02/13/2021,GYR,AZ,AWP,CE,Federal Contract Tower,0,1,1,0,2,0,17,45,0,62,0,18,46,0,64,94,0,94,158
02/14/2021,GYR,AZ,AWP,CE,Federal Contract Tower,1,2,1,0,4,0,11,50,0,61,1,13,51,0,65,46,0,46,111
02/15/2021,GYR,AZ,AWP,CE,Federal Contract Tower,0,3,2,0,5,1,9,154,0,164,1,12,156,0,169,146,0,146,315
02/16/2021,GYR,AZ,AWP,CE,Federal Contract Tower,0,0,7,0,7,0,14,76,0,90,0,14,83,0,97,184,0,184,281
02/17/2021,GYR,AZ,AWP,CE,Federal Contract Tower,0,4,3,0,7,0,6,87,0,93,0,10,90,0,100,122,0,122,222
02/18/2021,GYR,AZ,AWP,CE,Federal Contract Tower,0,1,3,0,4,0,11,100,2,113,0,12,103,2,117,202,0,202,319
02/19/2021,GYR,AZ,AWP,CE,Federal Contract Tower,2,5,8,0,15,0,4,108,0,112,2,9,116,0,127,172,0,172,299
02/20/2021,GYR,AZ,AWP,CE,Federal Contract Tower,3,3,9,0,15,0,16,97,0,113,3,19,106,0,128,114,0,114,242
02/21/2021,GYR,AZ,AWP,CE,Federal Contract Tower,1,4,1,0,6,0,18,70,0,88,1,22,71,0,94,40,0,40,134
02/22/2021,GYR,AZ,AWP,CE,Federal Contract Tower,0,5,1,0,6,0,15,131,0,146,0,20,132,0,152,244,0,244,396
02/23/2021,GYR,AZ,AWP,CE,Federal Contract Tower,1,1,5,0,7,0,0,104,0,104,1,1,109,0,111,130,0,130,241
02/24/2021,GYR,AZ,AWP,CE,Federal Contract Tower,0,2,0,0,2,0,7,84,0,91,0,9,84,0,93,154,0,154,247
02/25/2021,GYR,AZ,AWP,CE,Federal Contract Tower,0,2,0,0,2,0,10,92,3,105,0,12,92,3,107,158,0,158,265
02/26/2021,GYR,AZ,AWP,CE,Federal Contract Tower,0,3,3,0,6,0,18,112,2,132,0,21,115,2,138,154,0,154,292
02/27/2021,GYR,AZ,AWP,CE,Federal Contract Tower,1,3,0,0,4,0,18,86,0,104,1,21,86,0,108,76,0,76,184
02/28/2021,GYR,AZ,AWP,CE,Federal Contract Tower,1,2,2,0,5,0,4,39,0,43,1,6,41,0,48,54,0,54,102
03/01/2021,GYR,AZ,AWP,CE,Federal Contract Tower,1,1,2,0,4,0,11,104,0,115,1,12,106,0,119,154,0,154,273
03/02/2021,GYR,AZ,AWP,CE,Federal Contract Tower,0,5,4,0,9,0,16,114,0,130,0,21,118,0,139,252,0,252,391
03/03/2021,GYR,AZ,AWP,CE,Federal Contract Tower,0,0,9,0,9,0,8,57,3,68,0,8,66,3,77,136,0,136,213
03/04/2021,GYR,AZ,AWP,CE,Federal Contract Tower,0,1,7,0,8,0,13,140,2,155,0,14,147,2,163,190,0,190,353
03/05/2021,GYR,AZ,AWP,CE,Federal Contract Tower,0,0,4,0,4,0,24,129,1,154,0,24,133,1,158,184,0,184,342
03/06/2021,GYR,AZ,AWP,CE,Federal Contract Tower,2,3,4,0,9,0,7,74,0,81,2,10,78,0,90,132,0,132,222
03/07/2021,GYR,AZ,AWP,CE,Federal Contract Tower,0,2,0,0,2,0,22,94,2,118,0,24,94,2,120,128,0,128,248
03/08/2021,GYR,AZ,AWP,CE,Federal Contract Tower,0,2,3,0,5,0,11,94,0,105,0,13,97,0,110,136,0,136,246
03/09/2021,GYR,AZ,AWP,CE,Federal Contract Tower,1,3,3,0,7,0,19,84,0,103,1,22,87,0,110,146,0,146,256
03/10/2021,GYR,AZ,AWP,CE,Federal Contract Tower,0,3,8,0,11,0,11,71,0,82,0,14,79,0,93,188,0,188,281
03/11/2021,GYR,AZ,AWP,CE,Federal Contract Tower,1,2,8,0,11,0,0,87,0,87,1,2,95,0,98,201,0,201,299
03/12/2021,GYR,AZ,AWP,CE,Federal Contract Tower,1,2,19,0,22,0,4,83,0,87,1,6,102,0,109,100,0,100,209
03/13/2021,GYR,AZ,AWP,CE,Federal Contract Tower,1,1,19,0,21,0,9,36,0,45,1,10,55,0,66,100,0,100,166
03/14/2021,GYR,AZ,AWP,CE,Federal Contract Tower,0,5,30,0,35,0,8,57,0,65,0,13,87,0,100,32,0,32,132
03/15/2021,GYR,AZ,AWP,CE,Federal Contract Tower,1,0,2,0,3,0,13,77,0,90,1,13,79,0,93,254,0,254,347
03/16/2021,GYR,AZ,AWP,CE,Federal Contract Tower,0,2,5,0,7,0,4,104,2,110,0,6,109,2,117,196,0,196,313
03/17/2021,GYR,AZ,AWP,CE,Federal Contract Tower,1,2,5,0,8,0,16,111,1,128,1,18,116,1,136,244,0,244,380
03/18/2021,GYR,AZ,AWP,CE,Federal Contract Tower,0,1,6,0,7,0,6,110,7,123,0,7,116,7,130,200,2,202,332
03/19/2021,GYR,AZ,AWP,CE,Federal Contract Tower,0,2,2,0,4,0,19,123,1,143,0,21,125,1,147,182,0,182,329
03/20/2021,GYR,AZ,AWP,CE,Federal Contract Tower,1,0,2,0,3,0,9,85,0,94,1,9,87,0,97,110,0,110,207
03/21/2021,GYR,AZ,AWP,CE,Federal Contract Tower,1,2,8,0,11,0,15,80,0,95,1,17,88,0,106,112,0,112,218
03/22/2021,GYR,AZ,AWP,CE,Federal Contract Tower,1,0,7,0,8,0,9,87,1,97,1,9,94,1,105,152,0,152,257
03/23/2021,GYR,AZ,AWP,CE,Federal Contract Tower,0,4,6,0,10,0,14,80,0,94,0,18,86,0,104,88,0,88,192
03/24/2021,GYR,AZ,AWP,CE,Federal Contract Tower,0,1,6,0,7,0,12,87,0,99,0,13,93,0,106,242,0,242,348
03/25/2021,GYR,AZ,AWP,CE,Federal Contract Tower,1,2,8,4,15,0,9,66,0,75,1,11,74,4,90,98,0,98,188
03/26/2021,GYR,AZ,AWP,CE,Federal Contract Tower,0,7,9,1,17,0,5,99,1,105,0,12,108,2,122,177,0,177,299
03/27/2021,GYR,AZ,AWP,CE,Federal Contract Tower,0,1,1,0,2,0,14,90,0,104,0,15,91,0,106,134,0,134,240
03/28/2021,GYR,AZ,AWP,CE,Federal Contract Tower,1,2,4,0,7,0,27,56,0,83,1,29,60,0,90,84,0,84,174
03/29/2021,GYR,AZ,AWP,CE,Federal Contract Tower,1,2,7,0,10,0,25,105,0,130,1,27,112,0,140,200,0,200,340
03/30/2021,GYR,AZ,AWP,CE,Federal Contract Tower,0,2,6,0,8,0,16,141,0,157,0,18,147,0,165,188,0,188,353
03/31/2021,GYR,AZ,AWP,CE,Federal Contract Tower,1,1,9,0,11,0,10,84,0,94,1,11,93,0,105,204,0,204,309
04/01/2021,GYR,AZ,AWP,CE,Federal Contract Tower,0,0,4,0,4,0,8,97,0,105,0,8,101,0,109,102,0,102,211
04/02/2021,GYR,AZ,AWP,CE,Federal Contract Tower,0,7,8,0,15,0,23,107,2,132,0,30,115,2,147,216,0,216,363
04/03/2021,GYR,AZ,AWP,CE,Federal Contract Tower,0,2,7,0,9,0,6,66,4,76,0,8,73,4,85,96,0,96,181
04/04/2021,GYR,AZ,AWP,CE,Federal Contract Tower,0,2,0,0,2,0,26,53,3,82,0,28,53,3,84,38,0,38,122
04/05/2021,GYR,AZ,AWP,CE,Federal Contract Tower,1,3,4,0,8,0,16,71,3,90,1,19,75,3,98,142,0,142,240
04/06/2021,GYR,AZ,AWP,CE,Federal Contract Tower,0,2,6,0,8,0,9,68,6,83,0,11,74,6,91,164,0,164,255
04/07/2021,GYR,AZ,AWP,CE,Federal Contract Tower,2,2,5,0,9,0,23,102,0,125,2,25,107,0,134,292,0,292,426
04/08/2021,GYR,AZ,AWP,CE,Federal Contract Tower,0,3,8,0,11,0,8,75,1,84,0,11,83,1,95,166,0,166,261
04/09/2021,GYR,AZ,AWP,CE,Federal Contract Tower,1,0,4,0,5,0,31,110,0,141,1,31,114,0,146,132,0,132,278
04/10/2021,GYR,AZ,AWP,CE,Federal Contract Tower,1,1,5,0,7,0,10,61,0,71,1,11,66,0,78,98,0,98,176
04/11/2021,GYR,AZ,AWP,CE,Federal Contract Tower,0,2,3,0,5,0,14,71,0,85,0,16,74,0,90,86,0,86,176
04/12/2021,GYR,AZ,AWP,CE,Federal Contract Tower,0,2,3,0,5,0,11,108,0,119,0,13,111,0,124,120,0,120,244
04/13/2021,GYR,AZ,AWP,CE,Federal Contract Tower,1,1,7,0,9,0,9,85,2,96,1,10,92,2,105,164,0,164,269
04/14/2021,GYR,AZ,AWP,CE,Federal Contract Tower,0,3,3,0,6,0,18,69,2,89,0,21,72,2,95,138,0,138,233
04/15/2021,GYR,AZ,AWP,CE,Federal Contract Tower,2,5,6,0,13,0,14,72,0,86,2,19,78,0,99,132,0,132,231
04/16/2021,GYR,AZ,AWP,CE,Federal Contract Tower,0,2,5,0,7,0,27,116,1,144,0,29,121,1,151,156,0,156,307
04/17/2021,GYR,AZ,AWP,CE,Federal Contract Tower,2,0,0,0,2,0,16,84,0,100,2,16,84,0,102,166,0,166,268
04/18/2021,GYR,AZ,AWP,CE,Federal Contract Tower,0,1,8,0,9,0,6,57,0,63,0,7,65,0,72,64,0,64,136
04/19/2021,GYR,AZ,AWP,CE,Federal Contract Tower,0,4,5,0,9,0,13,113,2,128,0,17,118,2,137,136,0,136,273
04/20/2021,GYR,AZ,AWP,CE,Federal Contract Tower,1,3,7,0,11,0,19,116,0,135,1,22,123,0,146,174,0,174,320
04/21/2021,GYR,AZ,AWP,CE,Federal Contract Tower,0,2,4,0,6,0,9,38,0,47,0,11,42,0,53,143,0,143,196
04/22/2021,GYR,AZ,AWP,CE,Federal Contract Tower,0,1,4,0,5,0,16,86,0,102,0,17,90,0,107,174,0,174,281
04/23/2021,GYR,AZ,AWP,CE,Federal Contract Tower,1,3,8,0,12,0,7,108,0,115,1,10,116,0,127,126,0,126,253
04/24/2021,GYR,AZ,AWP,CE,Federal Contract Tower,0,3,1,0,4,0,12,84,0,96,0,15,85,0,100,129,0,129,229
04/25/2021,GYR,AZ,AWP,CE,Federal Contract Tower,0,0,3,0,3,0,11,61,4,76,0,11,64,4,79,68,0,68,147
04/26/2021,GYR,AZ,AWP,CE,Federal Contract Tower,1,0,4,0,5,0,5,66,2,73,1,5,70,2,78,98,0,98,176
04/27/2021,GYR,AZ,AWP,CE,Federal Contract Tower,0,0,11,0,11,0,11,72,3,86,0,11,83,3,97,98,0,98,195
04/29/2021,GYR,AZ,AWP,CE,Federal Contract Tower,0,2,6,0,8,0,21,101,0,122,0,23,107,0,130,136,0,136,266
04/30/2021,GYR,AZ,AWP,CE,Federal Contract Tower,1,2,5,0,8,0,9,75,0,84,1,11,80,0,92,172,0,172,264
05/01/2021,GYR,AZ,AWP,CE,Federal Contract Tower,0,3,2,0,5,0,8,57,0,65,0,11,59,0,70,154,0,154,224
05/02/2021,GYR,AZ,AWP,CE,Federal Contract Tower,0,4,1,0,5,0,21,34,0,55,0,25,35,0,60,30,0,30,90
05/03/2021,GYR,AZ,AWP,CE,Federal Contract Tower,0,0,4,0,4,0,14,68,0,82,0,14,72,0,86,116,0,116,202
05/04/2021,GYR,AZ,AWP,CE,Federal Contract Tower,0,3,10,0,13,0,9,96,0,105,0,12,106,0,118,108,0,108,226
05/05/2021,GYR,AZ,AWP,CE,Federal Contract Tower,0,1,7,0,8,0,31,84,0,115,0,32,91,0,123,166,0,166,289
05/06/2021,GYR,AZ,AWP,CE,Federal Contract Tower,0,4,7,0,11,0,13,90,0,103,0,17,97,0,114,134,0,134,248
05/07/2021,GYR,AZ,AWP,CE,Federal Contract Tower,0,1,5,0,6,0,19,93,0,112,0,20,98,0,118,186,0,186,304
05/08/2021,GYR,AZ,AWP,CE,Federal Contract Tower,0,0,0,0,0,0,10,48,0,58,0,10,48,0,58,178,0,178,236
05/09/2021,GYR,AZ,AWP,CE,Federal Contract Tower,0,1,6,0,7,0,28,44,0,72,0,29,50,0,79,70,0,70,149
05/10/2021,GYR,AZ,AWP,CE,Federal Contract Tower,0,1,5,0,6,0,15,70,0,85,0,16,75,0,91,78,0,78,169
05/11/2021,GYR,AZ,AWP,CE,Federal Contract Tower,0,4,3,0,7,0,13,67,0,80,0,17,70,0,87,182,0,182,269
05/12/2021,GYR,AZ,AWP,CE,Federal Contract Tower,0,2,5,0,7,0,18,87,0,105,0,20,92,0,112,236,0,236,348
05/13/2021,GYR,AZ,AWP,CE,Federal Contract Tower,0,0,5,0,5,0,7,82,8,97,0,7,87,8,102,151,0,151,253
05/14/2021,GYR,AZ,AWP,CE,Federal Contract Tower,2,0,3,0,5,0,13,87,0,100,2,13,90,0,105,181,0,181,286
05/15/2021,GYR,AZ,AWP,CE,Federal Contract Tower,1,3,2,0,6,0,16,53,0,69,1,19,55,0,75,220,0,220,295
05/16/2021,GYR,AZ,AWP,CE,Federal Contract Tower,0,0,0,0,0,0,7,45,2,54,0,7,45,2,54,108,0,108,162
05/17/2021,GYR,AZ,AWP,CE,Federal Contract Tower,0,1,2,0,3,0,12,81,0,93,0,13,83,0,96,120,0,120,216
05/18/2021,GYR,AZ,AWP,CE,Federal Contract Tower,1,2,5,0,8,0,17,86,5,108,1,19,91,5,116,194,0,194,310
05/19/2021,GYR,AZ,AWP,CE,Federal Contract Tower,0,7,6,0,13,0,10,84,0,94,0,17,90,0,107,188,0,188,295
05/20/2021,GYR,AZ,AWP,CE,Federal Contract Tower,0,2,5,1,8,0,19,68,0,87,0,21,73,1,95,99,0,99,194
05/21/2021,GYR,AZ,AWP,CE,Federal Contract Tower,0,1,3,0,4,0,17,57,0,74,0,18,60,0,78,134,0,134,212
05/22/2021,GYR,AZ,AWP,CE,Federal Contract Tower,0,2,5,0,7,0,11,61,0,72,0,13,66,0,79,104,0,104,183
05/23/2021,GYR,AZ,AWP,CE,Federal Contract Tower,0,2,9,0,11,0,13,66,0,79,0,15,75,0,90,128,0,128,218
05/24/2021,GYR,AZ,AWP,CE,Federal Contract Tower,0,2,5,0,7,0,23,69,0,92,0,25,74,0,99,88,0,88,187
05/25/2021,GYR,AZ,AWP,CE,Federal Contract Tower,0,1,7,0,8,0,17,93,0,110,0,18,100,0,118,114,0,114,232
05/26/2021,GYR,AZ,AWP,CE,Federal Contract Tower,0,4,5,0,9,0,12,81,0,93,0,16,86,0,102,112,0,112,214
05/27/2021,GYR,AZ,AWP,CE,Federal Contract Tower,2,2,7,0,11,0,30,64,0,94,2,32,71,0,105,74,0,74,179
05/28/2021,GYR,AZ,AWP,CE,Federal Contract Tower,0,1,3,0,4,0,9,69,2,80,0,10,72,2,84,94,0,94,178
05/29/2021,GYR,AZ,AWP,CE,Federal Contract Tower,0,1,3,0,4,0,20,52,0,72,0,21,55,0,76,128,0,128,204
05/30/2021,GYR,AZ,AWP,CE,Federal Contract Tower,0,2,1,0,3,0,35,43,0,78,0,37,44,0,81,80,0,80,161
05/31/2021,GYR,AZ,AWP,CE,Federal Contract Tower,0,0,4,0,4,0,9,59,2,70,0,9,63,2,74,82,0,82,156
06/01/2021,GYR,AZ,AWP,CE,Federal Contract Tower,1,1,7,0,9,0,28,49,0,77,1,29,56,0,86,52,0,52,138
06/02/2021,GYR,AZ,AWP,CE,Federal Contract Tower,0,3,8,0,11,0,29,80,4,113,0,32,88,4,124,118,0,118,242
06/03/2021,GYR,AZ,AWP,CE,Federal Contract Tower,0,0,6,0,6,0,12,54,0,66,0,12,60,0,72,144,0,144,216
06/04/2021,GYR,AZ,AWP,CE,Federal Contract Tower,0,1,3,0,4,0,20,62,0,82,0,21,65,0,86,83,0,83,169
06/05/2021,GYR,AZ,AWP,CE,Federal Contract Tower,0,3,1,0,4,0,14,26,0,40,0,17,27,0,44,60,0,60,104
06/06/2021,GYR,AZ,AWP,CE,Federal Contract Tower,2,1,3,0,6,0,16,42,0,58,2,17,45,0,64,51,0,51,115
06/07/2021,GYR,AZ,AWP,CE,Federal Contract Tower,2,2,3,0,7,0,12,55,2,69,2,14,58,2,76,116,0,116,192
06/08/2021,GYR,AZ,AWP,CE,Federal Contract Tower,1,2,3,0,6,0,16,74,0,90,1,18,77,0,96,118,0,118,214
06/09/2021,GYR,AZ,AWP,CE,Federal Contract Tower,1,0,3,0,4,0,19,44,0,63,1,19,47,0,67,110,0,110,177
06/10/2021,GYR,AZ,AWP,CE,Federal Contract Tower,0,1,3,0,4,0,29,51,0,80,0,30,54,0,84,114,0,114,198
06/11/2021,GYR,AZ,AWP,CE,Federal Contract Tower,3,0,1,0,4,0,22,50,0,72,3,22,51,0,76,86,0,86,162
06/12/2021,GYR,AZ,AWP,CE,Federal Contract Tower,1,0,6,0,7,0,15,52,0,67,1,15,58,0,74,126,0,126,200
06/13/2021,GYR,AZ,AWP,CE,Federal Contract Tower,0,4,0,0,4,0,14,46,0,60,0,18,46,0,64,76,0,76,140
06/14/2021,GYR,AZ,AWP,CE,Federal Contract Tower,0,4,0,0,4,0,18,33,0,51,0,22,33,0,55,118,0,118,173
06/15/2021,GYR,AZ,AWP,CE,Federal Contract Tower,1,2,4,0,7,0,31,56,0,87,1,33,60,0,94,78,0,78,172
06/16/2021,GYR,AZ,AWP,CE,Federal Contract Tower,1,4,4,0,9,0,17,77,0,94,1,21,81,0,103,115,0,115,218
06/17/2021,GYR,AZ,AWP,CE,Federal Contract Tower,1,1,2,0,4,0,16,44,0,60,1,17,46,0,64,64,0,64,128
06/18/2021,GYR,AZ,AWP,CE,Federal Contract Tower,0,1,2,0,3,1,18,46,0,65,1,19,48,0,68,82,0,82,150
06/19/2021,GYR,AZ,AWP,CE,Federal Contract Tower,0,1,4,0,5,0,11,36,0,47,0,12,40,0,52,74,0,74,126
06/20/2021,GYR,AZ,AWP,CE,Federal Contract Tower,0,0,4,0,4,0,6,34,0,40,0,6,38,0,44,26,0,26,70
06/21/2021,GYR,AZ,AWP,CE,Federal Contract Tower,0,0,2,0,2,2,24,41,0,67,2,24,43,0,69,49,0,49,118
06/22/2021,GYR,AZ,AWP,CE,Federal Contract Tower,0,2,2,0,4,0,17,61,0,78,0,19,63,0,82,124,0,124,206
06/23/2021,GYR,AZ,AWP,CE,Federal Contract Tower,0,5,2,0,7,0,8,53,0,61,0,13,55,0,68,84,0,84,152
06/24/2021,GYR,AZ,AWP,CE,Federal Contract Tower,1,4,0,0,5,0,18,55,0,73,1,22,55,0,78,92,0,92,170
06/25/2021,GYR,AZ,AWP,CE,Federal Contract Tower,0,2,4,0,6,0,31,50,0,81,0,33,54,0,87,144,0,144,231
06/26/2021,GYR,AZ,AWP,CE,Federal Contract Tower,0,1,4,0,5,0,14,42,0,56,0,15,46,0,61,116,0,116,177
06/27/2021,GYR,AZ,AWP,CE,Federal Contract Tower,0,2,2,0,4,0,11,29,0,40,0,13,31,0,44,97,0,97,141
06/28/2021,GYR,AZ,AWP,CE,Federal Contract Tower,1,1,6,0,8,0,7,47,0,54,1,8,53,0,62,50,0,50,112
06/29/2021,GYR,AZ,AWP,CE,Federal Contract Tower,1,4,2,1,8,0,12,55,1,68,1,16,57,2,76,114,0,114,190
06/30/2021,GYR,AZ,AWP,CE,Federal Contract Tower,0,3,6,0,9,0,14,67,0,81,0,17,73,0,90,112,0,112,202
07/01/2021,GYR,AZ,AWP,CE,Federal Contract Tower,0,0,5,0,5,0,22,46,0,68,0,22,51,0,73,106,0,106,179
07/02/2021,GYR,AZ,AWP,CE,Federal Contract Tower,0,0,1,0,1,0,18,46,0,64,0,18,47,0,65,123,0,123,188
07/03/2021,GYR,AZ,AWP,CE,Federal Contract Tower,0,4,4,0,8,0,19,24,0,43,0,23,28,0,51,116,0,116,167
07/04/2021,GYR,AZ,AWP,CE,Federal Contract Tower,0,0,0,0,0,0,15,28,0,43,0,15,28,0,43,84,0,84,127
07/05/2021,GYR,AZ,AWP,CE,Federal Contract Tower,0,1,7,0,8,0,11,37,0,48,0,12,44,0,56,48,0,48,104
07/06/2021,GYR,AZ,AWP,CE,Federal Contract Tower,2,2,7,0,11,0,13,66,0,79,2,15,73,0,90,78,0,78,168
07/07/2021,GYR,AZ,AWP,CE,Federal Contract Tower,0,6,7,0,13,0,17,76,0,93,0,23,83,0,106,100,0,100,206
07/08/2021,GYR,AZ,AWP,CE,Federal Contract Tower,0,2,1,0,3,0,10,72,0,82,0,12,73,0,85,52,0,52,137
07/09/2021,GYR,AZ,AWP,CE,Federal Contract Tower,0,1,5,0,6,0,14,56,0,70,0,15,61,0,76,179,0,179,255
07/10/2021,GYR,AZ,AWP,CE,Federal Contract Tower,1,6,6,0,13,0,16,65,0,81,1,22,71,0,94,142,0,142,236
07/11/2021,GYR,AZ,AWP,CE,Federal Contract Tower,0,1,4,0,5,0,7,46,0,53,0,8,50,0,58,46,0,46,104
07/12/2021,GYR,AZ,AWP,CE,Federal Contract Tower,0,6,3,0,9,0,21,63,0,84,0,27,66,0,93,148,0,148,241
07/13/2021,GYR,AZ,AWP,CE,Federal Contract Tower,0,2,4,0,6,0,12,55,0,67,0,14,59,0,73,66,0,66,139
07/14/2021,GYR,AZ,AWP,CE,Federal Contract Tower,1,2,10,0,13,0,12,41,0,53,1,14,51,0,66,50,0,50,116
07/15/2021,GYR,AZ,AWP,CE,Federal Contract Tower,0,1,10,0,11,0,11,54,0,65,0,12,64,0,76,93,0,93,169
07/16/2021,GYR,AZ,AWP,CE,Federal Contract Tower,0,2,0,0,2,0,18,43,0,61,0,20,43,0,63,96,0,96,159
07/17/2021,GYR,AZ,AWP,CE,Federal Contract Tower,0,3,1,0,4,0,22,44,0,66,0,25,45,0,70,175,0,175,245
07/18/2021,GYR,AZ,AWP,CE,Federal Contract Tower,0,3,1,0,4,0,15,50,0,65,0,18,51,0,69,44,0,44,113
07/19/2021,GYR,AZ,AWP,CE,Federal Contract Tower,2,5,6,0,13,0,16,53,0,69,2,21,59,0,82,56,0,56,138
07/20/2021,GYR,AZ,AWP,CE,Federal Contract Tower,0,2,8,0,10,0,13,74,0,87,0,15,82,0,97,86,0,86,183
07/21/2021,GYR,AZ,AWP,CE,Federal Contract Tower,0,4,6,0,10,0,11,56,0,67,0,15,62,0,77,92,0,92,169
07/22/2021,GYR,AZ,AWP,CE,Federal Contract Tower,0,2,6,0,8,0,9,64,3,76,0,11,70,3,84,104,0,104,188
07/23/2021,GYR,AZ,AWP,CE,Federal Contract Tower,0,1,12,0,13,0,1,32,0,33,0,2,44,0,46,62,0,62,108
07/25/2021,GYR,AZ,AWP,CE,Federal Contract Tower,0,0,10,0,10,0,6,7,0,13,0,6,17,0,23,6,0,6,29
07/26/2021,GYR,AZ,AWP,CE,Federal Contract Tower,0,2,6,0,8,0,27,66,1,94,0,29,72,1,102,158,0,158,260
07/27/2021,GYR,AZ,AWP,CE,Federal Contract Tower,0,4,9,0,13,0,20,54,0,74,0,24,63,0,87,102,0,102,189
07/28/2021,GYR,AZ,AWP,CE,Federal Contract Tower,0,0,3,0,3,0,19,86,0,105,0,19,89,0,108,184,0,184,292
07/29/2021,GYR,AZ,AWP,CE,Federal Contract Tower,0,3,6,0,9,0,17,65,0,82,0,20,71,0,91,92,0,92,183
07/30/2021,GYR,AZ,AWP,CE,Federal Contract Tower,0,1,3,0,4,0,20,45,0,65,0,21,48,0,69,185,0,185,254
07/31/2021,GYR,AZ,AWP,CE,Federal Contract Tower,0,2,5,0,7,0,19,67,0,86,0,21,72,0,93,104,0,104,197
08/01/2021,GYR,AZ,AWP,CE,Federal Contract Tower,0,2,4,0,6,0,12,23,0,35,0,14,27,0,41,130,0,130,171
08/02/2021,GYR,AZ,AWP,CE,Federal Contract Tower,0,0,1,0,1,0,18,73,0,91,0,18,74,0,92,104,0,104,196
08/03/2021,GYR,AZ,AWP,CE,Federal Contract Tower,0,4,1,0,5,0,12,81,0,93,0,16,82,0,98,148,0,148,246
08/04/2021,GYR,AZ,AWP,CE,Federal Contract Tower,1,2,2,2,7,0,13,62,2,77,1,15,64,4,84,128,0,128,212
08/05/2021,GYR,AZ,AWP,CE,Federal Contract Tower,2,4,5,0,11,0,16,49,0,65,2,20,54,0,76,146,0,146,222
08/06/2021,GYR,AZ,AWP,CE,Federal Contract Tower,2,2,3,0,7,0,24,44,0,68,2,26,47,0,75,176,0,176,251
08/07/2021,GYR,AZ,AWP,CE,Federal Contract Tower,0,1,3,0,4,0,21,46,0,67,0,22,49,0,71,137,0,137,208
08/08/2021,GYR,AZ,AWP,CE,Federal Contract Tower,0,1,0,0,1,0,11,32,0,43,0,12,32,0,44,24,0,24,68
08/09/2021,GYR,AZ,AWP,CE,Federal Contract Tower,0,0,1,0,1,0,14,38,0,52,0,14,39,0,53,114,0,114,167
08/10/2021,GYR,AZ,AWP,CE,Federal Contract Tower,0,1,6,0,7,0,1,36,0,37,0,2,42,0,44,100,0,100,144
08/11/2021,GYR,AZ,AWP,CE,Federal Contract Tower,0,2,6,0,8,0,19,61,3,83,0,21,67,3,91,160,0,160,251
08/12/2021,GYR,AZ,AWP,CE,Federal Contract Tower,0,4,9,0,13,0,7,31,0,38,0,11,40,0,51,66,0,66,117
08/13/2021,GYR,AZ,AWP,CE,Federal Contract Tower,0,1,2,0,3,0,13,61,0,74,0,14,63,0,77,60,0,60,137
08/14/2021,GYR,AZ,AWP,CE,Federal Contract Tower,0,3,3,1,7,0,6,59,0,65,0,9,62,1,72,96,0,96,168
08/15/2021,GYR,AZ,AWP,CE,Federal Contract Tower,0,1,5,1,7,0,1,31,0,32,0,2,36,1,39,62,0,62,101
08/16/2021,GYR,AZ,AWP,CE,Federal Contract Tower,0,0,7,0,7,0,4,33,0,37,0,4,40,0,44,50,0,50,94
08/17/2021,GYR,AZ,AWP,CE,Federal Contract Tower,0,3,2,0,5,0,8,42,0,50,0,11,44,0,55,122,0,122,177
08/18/2021,GYR,AZ,AWP,CE,Federal Contract Tower,0,4,7,0,11,0,13,55,0,68,0,17,62,0,79,86,0,86,165
08/19/2021,GYR,AZ,AWP,CE,Federal Contract Tower,2,2,3,0,7,0,8,58,0,66,2,10,61,0,73,118,0,118,191
08/20/2021,GYR,AZ,AWP,CE,Federal Contract Tower,0,3,6,0,9,0,9,55,0,64,0,12,61,0,73,82,0,82,155
08/21/2021,GYR,AZ,AWP,CE,Federal Contract Tower,0,1,3,0,4,0,22,44,0,66,0,23,47,0,70,88,0,88,158
08/22/2021,GYR,AZ,AWP,CE,Federal Contract Tower,0,4,7,0,11,0,27,57,0,84,0,31,64,0,95,84,0,84,179
08/23/2021,GYR,AZ,AWP,CE,Federal Contract Tower,0,0,3,0,3,0,13,55,0,68,0,13,58,0,71,38,0,38,109
08/24/2021,GYR,AZ,AWP,CE,Federal Contract Tower,0,4,4,0,8,0,9,56,0,65,0,13,60,0,73,140,0,140,213
08/25/2021,GYR,AZ,AWP,CE,Federal Contract Tower,0,1,4,0,5,0,24,75,0,99,0,25,79,0,104,54,0,54,158
08/26/2021,GYR,AZ,AWP,CE,Federal Contract Tower,0,6,8,0,14,0,26,54,0,80,0,32,62,0,94,102,0,102,196
08/27/2021,GYR,AZ,AWP,CE,Federal Contract Tower,0,1,1,0,2,0,18,55,0,73,0,19,56,0,75,103,0,103,178
08/28/2021,GYR,AZ,AWP,CE,Federal Contract Tower,0,2,2,0,4,0,11,58,0,69,0,13,60,0,73,79,0,79,152
08/29/2021,GYR,AZ,AWP,CE,Federal Contract Tower,0,5,3,0,8,0,12,53,0,65,0,17,56,0,73,50,0,50,123
08/30/2021,GYR,AZ,AWP,CE,Federal Contract Tower,0,2,4,0,6,0,26,62,0,88,0,28,66,0,94,82,0,82,176
08/31/2021,GYR,AZ,AWP,CE,Federal Contract Tower,1,2,4,0,7,0,8,34,0,42,1,10,38,0,49,26,0,26,75
09/01/2021,GYR,AZ,AWP,CE,Federal Contract Tower,1,4,6,0,11,0,8,56,0,64,1,12,62,0,75,52,0,52,127
09/02/2021,GYR,AZ,AWP,CE,Federal Contract Tower,0,6,6,0,12,0,17,72,2,91,0,23,78,2,103,28,0,28,131
09/03/2021,GYR,AZ,AWP,CE,Federal Contract Tower,0,2,2,0,4,0,5,45,1,51,0,7,47,1,55,54,0,54,109
09/04/2021,GYR,AZ,AWP,CE,Federal Contract Tower,1,0,1,0,2,0,11,52,1,64,1,11,53,1,66,52,0,52,118
09/05/2021,GYR,AZ,AWP,CE,Federal Contract Tower,0,0,2,0,2,0,15,43,0,58,0,15,45,0,60,52,0,52,112
09/06/2021,GYR,AZ,AWP,CE,Federal Contract Tower,0,4,2,0,6,0,15,58,0,73,0,19,60,0,79,74,0,74,153
09/07/2021,GYR,AZ,AWP,CE,Federal Contract Tower,0,0,8,0,8,0,6,73,2,81,0,6,81,2,89,68,0,68,157
09/08/2021,GYR,AZ,AWP,CE,Federal Contract Tower,1,3,7,0,11,0,10,52,0,62,1,13,59,0,73,100,0,100,173
09/09/2021,GYR,AZ,AWP,CE,Federal Contract Tower,0,1,2,0,3,0,11,44,0,55,0,12,46,0,58,43,0,43,101
09/10/2021,GYR,AZ,AWP,CE,Federal Contract Tower,0,0,0,0,0,0,9,40,0,49,0,9,40,0,49,78,0,78,127
09/11/2021,GYR,AZ,AWP,CE,Federal Contract Tower,1,0,0,0,1,0,18,42,2,62,1,18,42,2,63,100,0,100,163
09/12/2021,GYR,AZ,AWP,CE,Federal Contract Tower,0,2,1,0,3,0,18,50,0,68,0,20,51,0,71,41,0,41,112
09/13/2021,GYR,AZ,AWP,CE,Federal Contract Tower,0,3,3,0,6,0,11,58,0,69,0,14,61,0,75,56,0,56,131
09/14/2021,GYR,AZ,AWP,CE,Federal Contract Tower,0,0,9,0,9,0,9,53,0,62,0,9,62,0,71,68,0,68,139
09/15/2021,GYR,AZ,AWP,CE,Federal Contract Tower,0,3,5,0,8,0,9,62,0,71,0,12,67,0,79,94,0,94,173
09/16/2021,GYR,AZ,AWP,CE,Federal Contract Tower,0,1,4,0,5,0,13,58,0,71,0,14,62,0,76,41,0,41,117
09/17/2021,GYR,AZ,AWP,CE,Federal Contract Tower,0,0,0,0,0,0,13,58,0,71,0,13,58,0,71,69,0,69,140
09/18/2021,GYR,AZ,AWP,CE,Federal Contract Tower,1,3,2,0,6,0,13,47,0,60,1,16,49,0,66,68,0,68,134
09/19/2021,GYR,AZ,AWP,CE,Federal Contract Tower,1,4,1,0,6,0,8,58,0,66,1,12,59,0,72,32,0,32,104
09/20/2021,GYR,AZ,AWP,CE,Federal Contract Tower,0,6,4,0,10,0,12,65,0,77,0,18,69,0,87,114,0,114,201
09/21/2021,GYR,AZ,AWP,CE,Federal Contract Tower,0,2,2,0,4,0,21,71,0,92,0,23,73,0,96,188,0,188,284
09/22/2021,GYR,AZ,AWP,CE,Federal Contract Tower,0,3,4,0,7,0,11,55,0,66,0,14,59,0,73,115,0,115,188
09/23/2021,GYR,AZ,AWP,CE,Federal Contract Tower,0,4,6,0,10,0,14,50,0,64,0,18,56,0,74,188,0,188,262
09/24/2021,GYR,AZ,AWP,CE,Federal Contract Tower,0,3,3,0,6,0,6,23,0,29,0,9,26,0,35,61,0,61,96
09/25/2021,GYR,AZ,AWP,CE,Federal Contract Tower,1,2,1,0,4,0,6,49,0,55,1,8,50,0,59,125,0,125,184
09/26/2021,GYR,AZ,AWP,CE,Federal Contract Tower,0,2,0,0,2,0,2,8,0,10,0,4,8,0,12,22,0,22,34
09/27/2021,GYR,AZ,AWP,CE,Federal Contract Tower,0,2,2,0,4,0,15,45,7,67,0,17,47,7,71,208,0,208,279
09/28/2021,GYR,AZ,AWP,CE,Federal Contract Tower,0,5,4,0,9,0,12,68,4,84,0,17,72,4,93,178,0,178,271
09/29/2021,GYR,AZ,AWP,CE,Federal Contract Tower,0,3,6,0,9,0,8,66,0,74,0,11,72,0,83,252,0,252,335
09/30/2021,GYR,AZ,AWP,CE,Federal Contract Tower,0,1,4,0,5,0,18,71,0,89,0,19,75,0,94,168,0,168,262
10/01/2021,GYR,AZ,AWP,CE,Federal Contract Tower,0,2,3,0,5,0,13,52,0,65,0,15,55,0,70,129,0,129,199
10/02/2021,GYR,AZ,AWP,CE,Federal Contract Tower,0,1,1,0,2,0,17,50,0,67,0,18,51,0,69,90,0,90,159
10/03/2021,GYR,AZ,AWP,CE,Federal Contract Tower,0,2,5,0,7,0,13,67,0,80,0,15,72,0,87,120,0,120,207
10/04/2021,GYR,AZ,AWP,CE,Federal Contract Tower,0,1,5,1,7,0,10,56,0,66,0,11,61,1,73,144,0,144,217
10/05/2021,GYR,AZ,AWP,CE,Federal Contract Tower,0,3,3,2,8,0,2,39,0,41,0,5,42,2,49,92,0,92,141
10/06/2021,GYR,AZ,AWP,CE,Federal Contract Tower,0,3,9,9,21,0,13,75,4,92,0,16,84,13,113,138,0,138,251
10/07/2021,GYR,AZ,AWP,CE,Federal Contract Tower,0,0,11,0,11,0,22,62,0,84,0,22,73,0,95,215,0,215,310
10/08/2021,GYR,AZ,AWP,CE,Federal Contract Tower,0,3,2,0,5,0,20,67,0,87,0,23,69,0,92,166,0,166,258
10/09/2021,GYR,AZ,AWP,CE,Federal Contract Tower,0,0,4,0,4,0,5,70,0,75,0,5,74,0,79,233,0,233,312
10/10/2021,GYR,AZ,AWP,CE,Federal Contract Tower,0,0,1,0,1,0,13,57,0,70,0,13,58,0,71,156,0,156,227
10/11/2021,GYR,AZ,AWP,CE,Federal Contract Tower,0,3,4,0,7,0,7,60,0,67,0,10,64,0,74,93,0,93,167
10/12/2021,GYR,AZ,AWP,CE,Federal Contract Tower,0,3,10,0,13,0,2,62,0,64,0,5,72,0,77,204,0,204,281
10/13/2021,GYR,AZ,AWP,CE,Federal Contract Tower,1,3,6,0,10,0,15,89,0,104,1,18,95,0,114,310,0,310,424
10/14/2021,GYR,AZ,AWP,CE,Federal Contract Tower,0,0,6,0,6,0,12,81,0,93,0,12,87,0,99,224,0,224,323
10/15/2021,GYR,AZ,AWP,CE,Federal Contract Tower,0,0,0,0,0,0,25,50,0,75,0,25,50,0,75,152,0,152,227
10/16/2021,GYR,AZ,AWP,CE,Federal Contract Tower,1,3,2,0,6,0,15,43,0,58,1,18,45,0,64,109,0,109,173
10/17/2021,GYR,AZ,AWP,CE,Federal Contract Tower,0,3,0,0,3,0,7,56,0,63,0,10,56,0,66,103,0,103,169
10/18/2021,GYR,AZ,AWP,CE,Federal Contract Tower,1,1,6,0,8,0,13,59,5,77,1,14,65,5,85,74,0,74,159
10/19/2021,GYR,AZ,AWP,CE,Federal Contract Tower,0,2,9,0,11,0,11,70,0,81,0,13,79,0,92,200,0,200,292
10/20/2021,GYR,AZ,AWP,CE,Federal Contract Tower,0,3,5,0,8,0,13,84,0,97,0,16,89,0,105,164,0,164,269
10/21/2021,GYR,AZ,AWP,CE,Federal Contract Tower,0,1,13,0,14,0,15,84,0,99,0,16,97,0,113,248,0,248,361
10/22/2021,GYR,AZ,AWP,CE,Federal Contract Tower,0,5,9,0,14,0,11,57,0,68,0,16,66,0,82,182,0,182,264
10/23/2021,GYR,AZ,AWP,CE,Federal Contract Tower,0,2,5,0,7,0,10,73,0,83,0,12,78,0,90,156,0,156,246
10/24/2021,GYR,AZ,AWP,CE,Federal Contract Tower,0,6,4,0,10,0,15,58,0,73,0,21,62,0,83,82,0,82,165
10/25/2021,GYR,AZ,AWP,CE,Federal Contract Tower,1,1,1,0,3,0,22,63,0,85,1,23,64,0,88,188,0,188,276
10/26/2021,GYR,AZ,AWP,CE,Federal Contract Tower,1,5,5,0,11,0,25,67,2,94,1,30,72,2,105,94,0,94,199
10/27/2021,GYR,AZ,AWP,CE,Federal Contract Tower,1,2,3,0,6,0,17,97,0,114,1,19,100,0,120,264,0,264,384
10/28/2021,GYR,AZ,AWP,CE,Federal Contract Tower,1,5,9,0,15,0,4,84,0,88,1,9,93,0,103,121,0,121,224
10/29/2021,GYR,AZ,AWP,CE,Federal Contract Tower,1,2,4,0,7,0,15,46,0,61,1,17,50,0,68,102,0,102,170
10/30/2021,GYR,AZ,AWP,CE,Federal Contract Tower,0,0,2,0,2,0,12,86,0,98,0,12,88,0,100,134,0,134,234
10/31/2021,GYR,AZ,AWP,CE,Federal Contract Tower,0,1,5,0,6,0,9,43,0,52,0,10,48,0,58,110,0,110,168
11/01/2021,GYR,AZ,AWP,CE,Federal Contract Tower,0,3,3,0,6,0,12,77,0,89,0,15,80,0,95,176,0,176,271
11/02/2021,GYR,AZ,AWP,CE,Federal Contract Tower,1,4,10,0,15,0,17,56,0,73,1,21,66,0,88,122,0,122,210
11/03/2021,GYR,AZ,AWP,CE,Federal Contract Tower,1,4,5,0,10,0,14,105,0,119,1,18,110,0,129,143,0,143,272
11/04/2021,GYR,AZ,AWP,CE,Federal Contract Tower,0,9,33,0,42,0,8,48,0,56,0,17,81,0,98,78,0,78,176
11/05/2021,GYR,AZ,AWP,CE,Federal Contract Tower,0,7,23,0,30,0,14,78,2,94,0,21,101,2,124,43,0,43,167
11/06/2021,GYR,AZ,AWP,CE,Federal Contract Tower,0,6,15,0,21,0,11,41,0,52,0,17,56,0,73,116,0,116,189
11/07/2021,GYR,AZ,AWP,CE,Federal Contract Tower,2,19,46,0,67,6,34,54,0,94,8,53,100,0,161,41,0,41,202
11/08/2021,GYR,AZ,AWP,CE,Federal Contract Tower,0,3,10,0,13,0,8,75,0,83,0,11,85,0,96,136,0,136,232
11/09/2021,GYR,AZ,AWP,CE,Federal Contract Tower,0,5,2,0,7,0,17,74,0,91,0,22,76,0,98,128,0,128,226
11/10/2021,GYR,AZ,AWP,CE,Federal Contract Tower,0,1,2,0,3,0,11,102,2,115,0,12,104,2,118,130,0,130,248
11/11/2021,GYR,AZ,AWP,CE,Federal Contract Tower,0,5,4,0,9,0,17,45,1,63,0,22,49,1,72,86,0,86,158
11/12/2021,GYR,AZ,AWP,CE,Federal Contract Tower,1,2,1,2,6,0,8,64,2,74,1,10,65,4,80,90,0,90,170
11/13/2021,GYR,AZ,AWP,CE,Federal Contract Tower,1,0,6,0,7,0,15,81,0,96,1,15,87,0,103,204,0,204,307
11/14/2021,GYR,AZ,AWP,CE,Federal Contract Tower,0,3,7,0,10,0,24,49,0,73,0,27,56,0,83,80,0,80,163
11/15/2021,GYR,AZ,AWP,CE,Federal Contract Tower,0,2,5,0,7,0,9,67,3,79,0,11,72,3,86,116,0,116,202
11/16/2021,GYR,AZ,AWP,CE,Federal Contract Tower,0,3,3,0,6,0,13,99,0,112,0,16,102,0,118,136,0,136,254
11/17/2021,GYR,AZ,AWP,CE,Federal Contract Tower,1,2,10,0,13,0,18,113,0,131,1,20,123,0,144,148,0,148,292
11/18/2021,GYR,AZ,AWP,CE,Federal Contract Tower,0,0,6,0,6,0,22,108,0,130,0,22,114,0,136,186,0,186,322
11/20/2021,GYR,AZ,AWP,CE,Federal Contract Tower,0,3,5,0,8,0,23,89,0,112,0,26,94,0,120,125,0,125,245
11/21/2021,GYR,AZ,AWP,CE,Federal Contract Tower,0,2,0,0,2,0,7,34,0,41,0,9,34,0,43,24,0,24,67
11/22/2021,GYR,AZ,AWP,CE,Federal Contract Tower,0,2,1,0,3,0,13,61,0,74,0,15,62,0,77,126,0,126,203
11/23/2021,GYR,AZ,AWP,CE,Federal Contract Tower,0,9,4,0,13,0,25,73,0,98,0,34,77,0,111,116,0,116,227
11/24/2021,GYR,AZ,AWP,CE,Federal Contract Tower,0,3,3,0,6,0,31,77,0,108,0,34,80,0,114,120,0,120,234
11/25/2021,GYR,AZ,AWP,CE,Federal Contract Tower,0,0,0,0,0,0,0,8,0,8,0,0,8,0,8,0,0,0,8
11/26/2021,GYR,AZ,AWP,CE,Federal Contract Tower,0,0,0,0,0,0,14,38,0,52,0,14,38,0,52,85,0,85,137
11/27/2021,GYR,AZ,AWP,CE,Federal Contract Tower,0,5,3,0,8,0,11,65,0,76,0,16,68,0,84,139,0,139,223
11/28/2021,GYR,AZ,AWP,CE,Federal Contract Tower,0,3,3,0,6,0,21,58,0,79,0,24,61,0,85,54,0,54,139
11/29/2021,GYR,AZ,AWP,CE,Federal Contract Tower,0,1,3,2,6,0,7,81,0,88,0,8,84,2,94,100,0,100,194
11/30/2021,GYR,AZ,AWP,CE,Federal Contract Tower,0,0,0,0,0,0,21,82,0,103,0,21,82,0,103,108,0,108,211
12/01/2021,GYR,AZ,AWP,CE,Federal Contract Tower,0,1,7,0,8,0,21,78,0,99,0,22,85,0,107,96,0,96,203
12/02/2021,GYR,AZ,AWP,CE,Federal Contract Tower,0,0,3,0,3,0,13,86,0,99,0,13,89,0,102,122,0,122,224
12/03/2021,GYR,AZ,AWP,CE,Federal Contract Tower,2,1,10,0,13,0,6,60,0,66,2,7,70,0,79,162,0,162,241
12/04/2021,GYR,AZ,AWP,CE,Federal Contract Tower,0,1,3,0,4,0,9,54,0,63,0,10,57,0,67,140,0,140,207
12/05/2021,GYR,AZ,AWP,CE,Federal Contract Tower,0,0,5,0,5,0,19,68,0,87,0,19,73,0,92,86,0,86,178
12/06/2021,GYR,AZ,AWP,CE,Federal Contract Tower,0,3,3,0,6,0,6,61,0,67,0,9,64,0,73,56,0,56,129
12/07/2021,GYR,AZ,AWP,CE,Federal Contract Tower,0,3,8,0,11,0,19,91,0,110,0,22,99,0,121,122,0,122,243
12/08/2021,GYR,AZ,AWP,CE,Federal Contract Tower,0,3,9,0,12,0,8,86,2,96,0,11,95,2,108,149,0,149,257
12/09/2021,GYR,AZ,AWP,CE,Federal Contract Tower,0,3,7,0,10,0,20,58,0,78,0,23,65,0,88,182,0,182,270
12/10/2021,GYR,AZ,AWP,CE,Federal Contract Tower,0,0,7,2,9,0,8,45,0,53,0,8,52,2,62,196,0,196,258
12/11/2021,GYR,AZ,AWP,CE,Federal Contract Tower,0,3,4,4,11,0,15,71,0,86,0,18,75,4,97,110,0,110,207
12/12/2021,GYR,AZ,AWP,CE,Federal Contract Tower,0,1,2,0,3,0,11,41,0,52,0,12,43,0,55,108,0,108,163
12/13/2021,GYR,AZ,AWP,CE,Federal Contract Tower,0,0,2,0,2,0,8,109,0,117,0,8,111,0,119,160,0,160,279
12/14/2021,GYR,AZ,AWP,CE,Federal Contract Tower,0,1,3,0,4,0,5,132,0,137,0,6,135,0,141,204,0,204,345
12/15/2021,GYR,AZ,AWP,CE,Federal Contract Tower,0,2,13,0,15,0,10,139,0,149,0,12,152,0,164,188,0,188,352
12/16/2021,GYR,AZ,AWP,CE,Federal Contract Tower,2,3,1,0,6,0,11,132,0,143,2,14,133,0,149,268,0,268,417
12/17/2021,GYR,AZ,AWP,CE,Federal Contract Tower,1,4,2,0,7,0,7,121,0,128,1,11,123,0,135,288,0,288,423
12/18/2021,GYR,AZ,AWP,CE,Federal Contract Tower,0,2,5,0,7,0,5,66,0,71,0,7,71,0,78,106,0,106,184
12/19/2021,GYR,AZ,AWP,CE,Federal Contract Tower,0,3,5,0,8,0,11,56,0,67,0,14,61,0,75,55,0,55,130
12/20/2021,GYR,AZ,AWP,CE,Federal Contract Tower,2,0,3,0,5,0,13,114,0,127,2,13,117,0,132,100,0,100,232
12/21/2021,GYR,AZ,AWP,CE,Federal Contract Tower,0,3,1,0,4,0,18,122,0,140,0,21,123,0,144,164,0,164,308
12/22/2021,GYR,AZ,AWP,CE,Federal Contract Tower,0,4,2,0,6,0,8,117,0,125,0,12,119,0,131,288,0,288,419
12/23/2021,GYR,AZ,AWP,CE,Federal Contract Tower,0,1,4,0,5,0,2,76,12,90,0,3,80,12,95,366,0,366,461
12/24/2021,GYR,AZ,AWP,CE,Federal Contract Tower,0,4,1,0,5,0,3,0,0,3,0,7,1,0,8,0,0,0,8
12/25/2021,GYR,AZ,AWP,CE,Federal Contract Tower,0,3,0,0,3,0,8,4,0,12,0,11,4,0,15,24,0,24,39
12/26/2021,GYR,AZ,AWP,CE,Federal Contract Tower,0,1,4,0,5,0,4,30,4,38,0,5,34,4,43,10,0,10,53
12/27/2021,GYR,AZ,AWP,CE,Federal Contract Tower,0,1,4,0,5,0,10,109,1,120,0,11,113,1,125,256,2,258,383
12/28/2021,GYR,AZ,AWP,CE,Federal Contract Tower,0,2,2,0,4,0,4,70,2,76,0,6,72,2,80,258,0,258,338
12/29/2021,GYR,AZ,AWP,CE,Federal Contract Tower,0,4,0,0,4,0,11,118,0,129,0,15,118,0,133,260,0,260,393
12/30/2021,GYR,AZ,AWP,CE,Federal Contract Tower,0,0,3,0,3,0,12,79,0,91,0,12,82,0,94,244,0,244,338
12/31/2021,GYR,AZ,AWP,CE,Federal Contract Tower,0,4,4,0,8,0,4,2,0,6,0,8,6,0,14,14,0,14,28
01/01/2022,GYR,AZ,AWP,CE,Federal Contract Tower,0,3,2,0,5,0,14,18,0,32,0,17,20,0,37,12,0,12,49
01/02/2022,GYR,AZ,AWP,CE,Federal Contract Tower,0,0,3,0,3,0,9,50,0,59,0,9,53,0,62,42,0,42,104
01/03/2022,GYR,AZ,AWP,CE,Federal Contract Tower,0,1,5,0,6,0,10,111,0,121,0,11,116,0,127,170,0,170,297
01/04/2022,GYR,AZ,AWP,CE,Federal Contract Tower,0,6,5,0,11,0,13,102,0,115,0,19,107,0,126,194,0,194,320
01/05/2022,GYR,AZ,AWP,CE,Federal Contract Tower,0,6,6,0,12,0,6,132,0,138,0,12,138,0,150,337,0,337,487
01/06/2022,GYR,AZ,AWP,CE,Federal Contract Tower,0,4,3,0,7,0,11,125,0,136,0,15,128,0,143,240,0,240,383
01/07/2022,GYR,AZ,AWP,CE,Federal Contract Tower,0,2,4,0,6,0,17,100,4,121,0,19,104,4,127,219,0,219,346
01/08/2022,GYR,AZ,AWP,CE,Federal Contract Tower,0,2,1,0,3,0,6,53,0,59,0,8,54,0,62,202,0,202,264
01/09/2022,GYR,AZ,AWP,CE,Federal Contract Tower,0,1,3,0,4,0,15,50,0,65,0,16,53,0,69,58,0,58,127
01/10/2022,GYR,AZ,AWP,CE,Federal Contract Tower,0,3,4,0,7,0,12,99,0,111,0,15,103,0,118,108,0,108,226
01/11/2022,GYR,AZ,AWP,CE,Federal Contract Tower,0,1,4,0,5,0,9,96,0,105,0,10,100,0,110,209,0,209,319
01/12/2022,GYR,AZ,AWP,CE,Federal Contract Tower,0,2,3,0,5,0,19,120,0,139,0,21,123,0,144,198,0,198,342
01/13/2022,GYR,AZ,AWP,CE,Federal Contract Tower,0,1,6,0,7,0,13,111,0,124,0,14,117,0,131,218,0,218,349
01/14/2022,GYR,AZ,AWP,CE,Federal Contract Tower,0,3,2,0,5,0,12,100,0,112,0,15,102,0,117,142,0,142,259
01/15/2022,GYR,AZ,AWP,CE,Federal Contract Tower,0,1,9,0,10,0,7,37,0,44,0,8,46,0,54,108,0,108,162
01/16/2022,GYR,AZ,AWP,CE,Federal Contract Tower,0,3,4,0,7,0,14,49,0,63,0,17,53,0,70,90,0,90,160
01/17/2022,GYR,AZ,AWP,CE,Federal Contract Tower,0,0,9,0,9,0,4,64,1,69,0,4,73,1,78,138,0,138,216
01/18/2022,GYR,AZ,AWP,CE,Federal Contract Tower,0,3,6,0,9,0,15,122,0,137,0,18,128,0,146,272,0,272,418
01/19/2022,GYR,AZ,AWP,CE,Federal Contract Tower,0,1,4,0,5,0,13,137,0,150,0,14,141,0,155,289,0,289,444
01/20/2022,GYR,AZ,AWP,CE,Federal Contract Tower,0,3,5,0,8,0,18,142,0,160,0,21,147,0,168,232,0,232,400
01/21/2022,GYR,AZ,AWP,CE,Federal Contract Tower,0,1,4,0,5,0,8,132,0,140,0,9,136,0,145,197,0,197,342
01/22/2022,GYR,AZ,AWP,CE,Federal Contract Tower,1,0,3,0,4,0,10,75,0,85,1,10,78,0,89,187,0,187,276
01/23/2022,GYR,AZ,AWP,CE,Federal Contract Tower,1,0,1,0,2,0,15,72,0,87,1,15,73,0,89,122,0,122,211
01/24/2022,GYR,AZ,AWP,CE,Federal Contract Tower,1,4,13,2,20,0,14,117,0,131,1,18,130,2,151,152,0,152,303
01/25/2022,GYR,AZ,AWP,CE,Federal Contract Tower,2,3,8,0,13,0,13,159,0,172,2,16,167,0,185,258,0,258,443
01/26/2022,GYR,AZ,AWP,CE,Federal Contract Tower,0,3,12,0,15,0,12,144,0,156,0,15,156,0,171,252,0,252,423
01/27/2022,GYR,AZ,AWP,CE,Federal Contract Tower,0,2,6,0,8,0,18,116,0,134,0,20,122,0,142,211,0,211,353
01/28/2022,GYR,AZ,AWP,CE,Federal Contract Tower,1,1,6,0,8,0,9,49,0,58,1,10,55,0,66,100,0,100,166
01/29/2022,GYR,AZ,AWP,CE,Federal Contract Tower,0,2,4,0,6,0,6,66,0,72,0,8,70,0,78,54,0,54,132
01/30/2022,GYR,AZ,AWP,CE,Federal Contract Tower,0,1,4,0,5,0,21,105,0,126,0,22,109,0,131,200,0,200,331
01/31/2022,GYR,AZ,AWP,CE,Federal Contract Tower,1,1,2,0,4,0,28,121,3,152,1,29,123,3,156,230,0,230,386
02/01/2022,GYR,AZ,AWP,CE,Federal Contract Tower,0,0,3,0,3,0,15,185,2,202,0,15,188,2,205,312,0,312,517
02/02/2022,GYR,AZ,AWP,CE,Federal Contract Tower,0,2,8,0,10,0,7,110,2,119,0,9,118,2,129,218,0,218,347
02/03/2022,GYR,AZ,AWP,CE,Federal Contract Tower,0,3,3,0,6,0,12,124,0,136,0,15,127,0,142,371,0,371,513
02/04/2022,GYR,AZ,AWP,CE,Federal Contract Tower,0,3,7,0,10,0,12,95,0,107,0,15,102,0,117,296,0,296,413
02/05/2022,GYR,AZ,AWP,CE,Federal Contract Tower,0,6,5,0,11,0,23,105,0,128,0,29,110,0,139,344,0,344,483
02/06/2022,GYR,AZ,AWP,CE,Federal Contract Tower,0,3,4,0,7,0,15,115,0,130,0,18,119,0,137,171,0,171,308
02/07/2022,GYR,AZ,AWP,CE,Federal Contract Tower,0,2,4,0,6,0,14,141,2,157,0,16,145,2,163,226,0,226,389
02/08/2022,GYR,AZ,AWP,CE,Federal Contract Tower,1,4,12,0,17,0,9,149,0,158,1,13,161,0,175,346,0,346,521
02/09/2022,GYR,AZ,AWP,CE,Federal Contract Tower,0,0,6,0,6,0,22,136,0,158,0,22,142,0,164,400,0,400,564
02/10/2022,GYR,AZ,AWP,CE,Federal Contract Tower,1,5,3,0,9,0,10,126,0,136,1,15,129,0,145,318,0,318,463
02/11/2022,GYR,AZ,AWP,CE,Federal Contract Tower,0,3,1,2,6,0,20,122,0,142,0,23,123,2,148,275,0,275,423
02/12/2022,GYR,AZ,AWP,CE,Federal Contract Tower,0,1,1,0,2,0,18,90,0,108,0,19,91,0,110,188,0,188,298
02/13/2022,GYR,AZ,AWP,CE,Federal Contract Tower,0,2,0,0,2,0,14,67,0,81,0,16,67,0,83,161,0,161,244
02/14/2022,GYR,AZ,AWP,CE,Federal Contract Tower,2,3,4,0,9,0,22,156,0,178,2,25,160,0,187,250,0,250,437
02/15/2022,GYR,AZ,AWP,CE,Federal Contract Tower,0,1,4,1,6,0,12,134,0,146,0,13,138,1,152,358,0,358,510
02/16/2022,GYR,AZ,AWP,CE,Federal Contract Tower,0,3,7,0,10,0,19,156,0,175,0,22,163,0,185,338,0,338,523
02/17/2022,GYR,AZ,AWP,CE,Federal Contract Tower,0,0,6,0,6,0,12,169,0,181,0,12,175,0,187,382,0,382,569
02/18/2022,GYR,AZ,AWP,CE,Federal Contract Tower,2,2,5,0,9,0,7,136,1,144,2,9,141,1,153,386,0,386,539
02/19/2022,GYR,AZ,AWP,CE,Federal Contract Tower,0,0,6,0,6,0,12,148,0,160,0,12,154,0,166,285,0,285,451
02/20/2022,GYR,AZ,AWP,CE,Federal Contract Tower,0,1,5,0,6,0,5,123,0,128,0,6,128,0,134,275,0,275,409
02/21/2022,GYR,AZ,AWP,CE,Federal Contract Tower,0,2,4,0,6,0,11,106,0,117,0,13,110,0,123,246,0,246,369
02/22/2022,GYR,AZ,AWP,CE,Federal Contract Tower,1,0,6,0,7,0,12,141,0,153,1,12,147,0,160,374,0,374,534
02/23/2022,GYR,AZ,AWP,CE,Federal Contract Tower,1,0,1,0,2,0,7,11,0,18,1,7,12,0,20,18,0,18,38
02/24/2022,GYR,AZ,AWP,CE,Federal Contract Tower,0,5,3,0,8,0,22,196,0,218,0,27,199,0,226,300,0,300,526
02/25/2022,GYR,AZ,AWP,CE,Federal Contract Tower,0,4,6,0,10,0,10,140,0,150,0,14,146,0,160,334,0,334,494
02/26/2022,GYR,AZ,AWP,CE,Federal Contract Tower,0,3,7,0,10,0,10,138,0,148,0,13,145,0,158,313,0,313,471
02/27/2022,GYR,AZ,AWP,CE,Federal Contract Tower,1,2,6,0,9,0,19,122,2,143,1,21,128,2,152,296,0,296,448
02/28/2022,GYR,AZ,AWP,CE,Federal Contract Tower,0,2,3,0,5,0,21,160,0,181,0,23,163,0,186,464,0,464,650
03/01/2022,GYR,AZ,AWP,CE,Federal Contract Tower,0,2,3,0,5,0,11,146,0,157,0,13,149,0,162,448,0,448,610
03/02/2022,GYR,AZ,AWP,CE,Federal Contract Tower,0,4,6,0,10,0,23,147,0,170,0,27,153,0,180,366,0,366,546
03/03/2022,GYR,AZ,AWP,CE,Federal Contract Tower,0,1,6,0,7,0,17,148,2,167,0,18,154,2,174,336,0,336,510
03/04/2022,GYR,AZ,AWP,CE,Federal Contract Tower,0,5,3,0,8,0,11,104,1,116,0,16,107,1,124,322,0,322,446
03/05/2022,GYR,AZ,AWP,CE,Federal Contract Tower,0,6,2,1,9,0,12,64,0,76,0,18,66,1,85,173,0,173,258
03/06/2022,GYR,AZ,AWP,CE,Federal Contract Tower,0,3,3,0,6,0,20,107,2,129,0,23,110,2,135,318,0,318,453
03/07/2022,GYR,AZ,AWP,CE,Federal Contract Tower,2,2,9,0,13,0,9,119,0,128,2,11,128,0,141,255,0,255,396
03/08/2022,GYR,AZ,AWP,CE,Federal Contract Tower,0,3,6,0,9,0,20,160,2,182,0,23,166,2,191,356,0,356,547
03/09/2022,GYR,AZ,AWP,CE,Federal Contract Tower,0,3,9,0,12,0,11,183,0,194,0,14,192,0,206,216,0,216,422
03/10/2022,GYR,AZ,AWP,CE,Federal Contract Tower,0,1,10,0,11,0,9,122,0,131,0,10,132,0,142,164,0,164,306
03/11/2022,GYR,AZ,AWP,CE,Federal Contract Tower,0,14,18,0,32,0,7,135,0,142,0,21,153,0,174,215,0,215,389
03/12/2022,GYR,AZ,AWP,CE,Federal Contract Tower,0,13,13,0,26,0,9,155,0,164,0,22,168,0,190,213,0,213,403
03/13/2022,GYR,AZ,AWP,CE,Federal Contract Tower,0,16,35,0,51,0,2,97,0,99,0,18,132,0,150,76,0,76,226
03/14/2022,GYR,AZ,AWP,CE,Federal Contract Tower,0,2,4,0,6,0,4,161,0,165,0,6,165,0,171,240,0,240,411
03/15/2022,GYR,AZ,AWP,CE,Federal Contract Tower,0,2,4,0,6,0,15,186,0,201,0,17,190,0,207,350,0,350,557
03/16/2022,GYR,AZ,AWP,CE,Federal Contract Tower,1,0,4,0,5,0,15,129,0,144,1,15,133,0,149,98,0,98,247
03/17/2022,GYR,AZ,AWP,CE,Federal Contract Tower,0,0,7,0,7,0,7,168,0,175,0,7,175,0,182,294,0,294,476
03/18/2022,GYR,AZ,AWP,CE,Federal Contract Tower,0,4,9,2,15,0,6,148,0,154,0,10,157,2,169,282,0,282,451
03/19/2022,GYR,AZ,AWP,CE,Federal Contract Tower,0,2,3,0,5,0,13,144,0,157,0,15,147,0,162,237,0,237,399
03/20/2022,GYR,AZ,AWP,CE,Federal Contract Tower,0,1,5,0,6,0,14,77,0,91,0,15,82,0,97,144,0,144,241
03/21/2022,GYR,AZ,AWP,CE,Federal Contract Tower,0,0,5,0,5,0,8,110,0,118,0,8,115,0,123,128,0,128,251
03/22/2022,GYR,AZ,AWP,CE,Federal Contract Tower,0,5,12,0,17,0,16,191,0,207,0,21,203,0,224,306,0,306,530
03/23/2022,GYR,AZ,AWP,CE,Federal Contract Tower,2,11,13,0,26,0,17,202,0,219,2,28,215,0,245,262,0,262,507
03/24/2022,GYR,AZ,AWP,CE,Federal Contract Tower,0,2,17,0,19,0,21,171,0,192,0,23,188,0,211,372,0,372,583
03/25/2022,GYR,AZ,AWP,CE,Federal Contract Tower,1,1,8,0,10,0,17,147,0,164,1,18,155,0,174,329,0,329,503
03/26/2022,GYR,AZ,AWP,CE,Federal Contract Tower,0,6,11,0,17,0,28,304,0,332,0,34,315,0,349,46,0,46,395
03/27/2022,GYR,AZ,AWP,CE,Federal Contract Tower,2,1,8,0,11,0,6,107,0,113,2,7,115,0,124,274,2,276,400
03/28/2022,GYR,AZ,AWP,CE,Federal Contract Tower,2,1,5,1,9,0,9,93,0,102,2,10,98,1,111,282,0,282,393
03/29/2022,GYR,AZ,AWP,CE,Federal Contract Tower,0,2,4,1,7,0,11,102,2,115,0,13,106,3,122,318,0,318,440
03/30/2022,GYR,AZ,AWP,CE,Federal Contract Tower,0,1,4,0,5,0,12,149,4,165,0,13,153,4,170,280,0,280,450
03/31/2022,GYR,AZ,AWP,CE,Federal Contract Tower,0,1,8,0,9,0,8,161,0,169,0,9,169,0,178,388,0,388,566
04/01/2022,GYR,AZ,AWP,CE,Federal Contract Tower,1,1,9,0,11,0,20,171,0,191,1,21,180,0,202,264,0,264,466
04/02/2022,GYR,AZ,AWP,CE,Federal Contract Tower,0,0,3,0,3,0,2,169,0,171,0,2,172,0,174,286,0,286,460
04/03/2022,GYR,AZ,AWP,CE,Federal Contract Tower,0,3,5,0,8,0,7,139,0,146,0,10,144,0,154,184,0,184,338
04/04/2022,GYR,AZ,AWP,CE,Federal Contract Tower,0,6,6,0,12,0,17,153,0,170,0,23,159,0,182,248,0,248,430
04/05/2022,GYR,AZ,AWP,CE,Federal Contract Tower,0,4,7,0,11,0,14,128,0,142,0,18,135,0,153,348,0,348,501
04/06/2022,GYR,AZ,AWP,CE,Federal Contract Tower,0,3,4,0,7,0,9,163,0,172,0,12,167,0,179,266,0,266,445
04/07/2022,GYR,AZ,AWP,CE,Federal Contract Tower,3,0,6,0,9,0,12,146,1,159,3,12,152,1,168,250,0,250,418
04/08/2022,GYR,AZ,AWP,CE,Federal Contract Tower,0,0,9,0,9,0,6,114,0,120,0,6,123,0,129,274,0,274,403
04/09/2022,GYR,AZ,AWP,CE,Federal Contract Tower,0,5,2,0,7,0,7,107,0,114,0,12,109,0,121,256,0,256,377
04/10/2022,GYR,AZ,AWP,CE,Federal Contract Tower,0,3,8,0,11,0,2,100,0,102,0,5,108,0,113,190,0,190,303
04/11/2022,GYR,AZ,AWP,CE,Federal Contract Tower,0,0,0,0,0,0,4,119,0,123,0,4,119,0,123,218,0,218,341
04/12/2022,GYR,AZ,AWP,CE,Federal Contract Tower,1,1,8,0,10,0,1,89,2,92,1,2,97,2,102,214,0,214,316
04/13/2022,GYR,AZ,AWP,CE,Federal Contract Tower,0,1,11,0,12,0,12,159,2,173,0,13,170,2,185,358,0,358,543
04/14/2022,GYR,AZ,AWP,CE,Federal Contract Tower,0,1,7,0,8,0,15,133,0,148,0,16,140,0,156,270,0,270,426
04/15/2022,GYR,AZ,AWP,CE,Federal Contract Tower,0,3,8,0,11,0,15,187,0,202,0,18,195,0,213,352,0,352,565
04/16/2022,GYR,AZ,AWP,CE,Federal Contract Tower,0,1,1,0,2,0,6,148,0,154,0,7,149,0,156,267,0,267,423
04/17/2022,GYR,AZ,AWP,CE,Federal Contract Tower,0,0,2,0,2,0,20,141,0,161,0,20,143,0,163,250,0,250,413
04/18/2022,GYR,AZ,AWP,CE,Federal Contract Tower,0,1,6,0,7,0,12,155,2,169,0,13,161,2,176,336,0,336,512
04/19/2022,GYR,AZ,AWP,CE,Federal Contract Tower,0,3,10,0,13,0,4,145,2,151,0,7,155,2,164,268,0,268,432
04/20/2022,GYR,AZ,AWP,CE,Federal Contract Tower,0,1,11,0,12,0,12,158,0,170,0,13,169,0,182,256,0,256,438
04/21/2022,GYR,AZ,AWP,CE,Federal Contract Tower,1,6,11,0,18,0,7,166,0,173,1,13,177,0,191,342,0,342,533
04/22/2022,GYR,AZ,AWP,CE,Federal Contract Tower,0,7,8,0,15,0,0,77,0,77,0,7,85,0,92,135,0,135,227
04/23/2022,GYR,AZ,AWP,CE,Federal Contract Tower,0,0,8,0,8,1,27,136,0,164,1,27,144,0,172,305,0,305,477
04/24/2022,GYR,AZ,AWP,CE,Federal Contract Tower,0,4,2,0,6,0,19,127,0,146,0,23,129,0,152,285,0,285,437
04/25/2022,GYR,AZ,AWP,CE,Federal Contract Tower,1,4,9,0,14,0,12,132,0,144,1,16,141,0,158,251,0,251,409
04/26/2022,GYR,AZ,AWP,CE,Federal Contract Tower,3,3,9,0,15,0,9,143,3,155,3,12,152,3,170,310,0,310,480
04/27/2022,GYR,AZ,AWP,CE,Federal Contract Tower,0,2,11,0,13,0,18,167,2,187,0,20,178,2,200,284,0,284,484
04/28/2022,GYR,AZ,AWP,CE,Federal Contract Tower,1,2,11,0,14,0,19,151,2,172,1,21,162,2,186,238,0,238,424
04/29/2022,GYR,AZ,AWP,CE,Federal Contract Tower,0,1,7,0,8,0,16,146,0,162,0,17,153,0,170,242,0,242,412
04/30/2022,GYR,AZ,AWP,CE,Federal Contract Tower,0,4,5,0,9,0,6,107,0,113,0,10,112,0,122,198,0,198,320
05/01/2022,GYR,AZ,AWP,CE,Federal Contract Tower,0,3,12,0,15,0,14,119,0,133,0,17,131,0,148,166,0,166,314
05/02/2022,GYR,AZ,AWP,CE,Federal Contract Tower,0,3,5,0,8,0,9,147,2,158,0,12,152,2,166,316,0,316,482
05/03/2022,GYR,AZ,AWP,CE,Federal Contract Tower,0,9,12,0,21,0,10,143,2,155,0,19,155,2,176,204,0,204,380
05/04/2022,GYR,AZ,AWP,CE,Federal Contract Tower,0,1,7,0,8,0,15,146,0,161,0,16,153,0,169,332,0,332,501
05/05/2022,GYR,AZ,AWP,CE,Federal Contract Tower,0,3,7,0,10,0,30,168,0,198,0,33,175,0,208,340,0,340,548
05/06/2022,GYR,AZ,AWP,CE,Federal Contract Tower,0,2,7,0,9,0,8,129,0,137,0,10,136,0,146,240,0,240,386
05/07/2022,GYR,AZ,AWP,CE,Federal Contract Tower,0,2,4,0,6,0,19,111,0,130,0,21,115,0,136,175,0,175,311
05/08/2022,GYR,AZ,AWP,CE,Federal Contract Tower,0,1,4,0,5,0,7,94,0,101,0,8,98,0,106,218,0,218,324
05/09/2022,GYR,AZ,AWP,CE,Federal Contract Tower,1,2,9,0,12,0,4,124,0,128,1,6,133,0,140,200,0,200,340
05/10/2022,GYR,AZ,AWP,CE,Federal Contract Tower,0,3,5,0,8,0,7,153,0,160,0,10,158,0,168,170,0,170,338
05/11/2022,GYR,AZ,AWP,CE,Federal Contract Tower,0,5,6,0,11,0,12,155,0,167,0,17,161,0,178,278,0,278,456
05/12/2022,GYR,AZ,AWP,CE,Federal Contract Tower,0,2,4,0,6,0,12,151,0,163,0,14,155,0,169,345,0,345,514
05/13/2022,GYR,AZ,AWP,CE,Federal Contract Tower,0,5,6,0,11,0,9,129,0,138,0,14,135,0,149,279,0,279,428
05/14/2022,GYR,AZ,AWP,CE,Federal Contract Tower,1,3,4,0,8,0,8,127,0,135,1,11,131,0,143,233,0,233,376
05/15/2022,GYR,AZ,AWP,CE,Federal Contract Tower,0,3,3,0,6,0,4,92,0,96,0,7,95,0,102,172,0,172,274
05/16/2022,GYR,AZ,AWP,CE,Federal Contract Tower,0,4,8,0,12,0,1,146,0,147,0,5,154,0,159,144,0,144,303
05/17/2022,GYR,AZ,AWP,CE,Federal Contract Tower,0,6,2,0,8,0,10,147,0,157,0,16,149,0,165,240,0,240,405
05/18/2022,GYR,AZ,AWP,CE,Federal Contract Tower,1,4,6,0,11,0,11,197,0,208,1,15,203,0,219,288,0,288,507
05/19/2022,GYR,AZ,AWP,CE,Federal Contract Tower,0,5,10,0,15,0,10,168,0,178,0,15,178,0,193,324,0,324,517
05/20/2022,GYR,AZ,AWP,CE,Federal Contract Tower,0,3,5,0,8,0,10,139,0,149,0,13,144,0,157,183,0,183,340
05/21/2022,GYR,AZ,AWP,CE,Federal Contract Tower,0,4,5,0,9,0,14,117,0,131,0,18,122,0,140,209,0,209,349
05/22/2022,GYR,AZ,AWP,CE,Federal Contract Tower,0,4,5,0,9,0,1,119,0,120,0,5,124,0,129,152,0,152,281
05/23/2022,GYR,AZ,AWP,CE,Federal Contract Tower,3,0,2,0,5,0,8,169,0,177,3,8,171,0,182,258,0,258,440
05/24/2022,GYR,AZ,AWP,CE,Federal Contract Tower,2,3,6,0,11,0,27,178,0,205,2,30,184,0,216,268,0,268,484
05/25/2022,GYR,AZ,AWP,CE,Federal Contract Tower,0,1,3,0,4,0,5,173,2,180,0,6,176,2,184,240,0,240,424
05/26/2022,GYR,AZ,AWP,CE,Federal Contract Tower,0,2,7,0,9,0,2,180,0,182,0,4,187,0,191,282,0,282,473
05/27/2022,GYR,AZ,AWP,CE,Federal Contract Tower,0,1,10,0,11,0,66,140,0,206,0,67,150,0,217,209,0,209,426
05/28/2022,GYR,AZ,AWP,CE,Federal Contract Tower,0,4,4,0,8,0,112,54,0,166,0,116,58,0,174,148,0,148,322
05/29/2022,GYR,AZ,AWP,CE,Federal Contract Tower,1,1,1,0,3,0,71,45,0,116,1,72,46,0,119,136,0,136,255
05/30/2022,GYR,AZ,AWP,CE,Federal Contract Tower,2,1,7,0,10,0,8,38,0,46,2,9,45,0,56,44,0,44,100
05/31/2022,GYR,AZ,AWP,CE,Federal Contract Tower,1,5,3,0,9,0,142,56,0,198,1,147,59,0,207,238,0,238,445
06/01/2022,GYR,AZ,AWP,CE,Federal Contract Tower,0,9,3,0,12,0,129,68,0,197,0,138,71,0,209,282,0,282,491
06/02/2022,GYR,AZ,AWP,CE,Federal Contract Tower,0,4,4,0,8,0,80,44,0,124,0,84,48,0,132,148,0,148,280
06/03/2022,GYR,AZ,AWP,CE,Federal Contract Tower,0,4,3,0,7,0,142,51,0,193,0,146,54,0,200,264,0,264,464
06/04/2022,GYR,AZ,AWP,CE,Federal Contract Tower,0,4,0,0,4,0,70,54,0,124,0,74,54,0,128,152,0,152,280
06/05/2022,GYR,AZ,AWP,CE,Federal Contract Tower,1,3,4,0,8,0,114,49,0,163,1,117,53,0,171,194,0,194,365
06/06/2022,GYR,AZ,AWP,CE,Federal Contract Tower,0,3,0,0,3,0,121,56,0,177,0,124,56,0,180,280,0,280,460
06/07/2022,GYR,AZ,AWP,CE,Federal Contract Tower,0,3,1,3,7,0,130,69,2,201,0,133,70,5,208,212,0,212,420
06/08/2022,GYR,AZ,AWP,CE,Federal Contract Tower,0,5,3,3,11,0,123,71,0,194,0,128,74,3,205,250,0,250,455
06/09/2022,GYR,AZ,AWP,CE,Federal Contract Tower,0,4,1,0,5,0,134,44,0,178,0,138,45,0,183,180,0,180,363
06/10/2022,GYR,AZ,AWP,CE,Federal Contract Tower,1,2,1,2,6,0,105,41,2,148,1,107,42,4,154,220,0,220,374
06/11/2022,GYR,AZ,AWP,CE,Federal Contract Tower,0,3,1,0,4,0,47,44,0,91,0,50,45,0,95,122,0,122,217
06/12/2022,GYR,AZ,AWP,CE,Federal Contract Tower,0,5,1,0,6,0,59,12,2,73,0,64,13,2,79,124,0,124,203
06/13/2022,GYR,AZ,AWP,CE,Federal Contract Tower,0,9,0,0,9,0,125,36,0,161,0,134,36,0,170,116,0,116,286
06/14/2022,GYR,AZ,AWP,CE,Federal Contract Tower,1,2,3,0,6,0,9,38,3,50,1,11,41,3,56,122,0,122,178
06/15/2022,GYR,AZ,AWP,CE,Federal Contract Tower,0,8,1,0,9,0,156,59,0,215,0,164,60,0,224,314,0,314,538
06/16/2022,GYR,AZ,AWP,CE,Federal Contract Tower,0,9,3,0,12,0,130,34,2,166,0,139,37,2,178,280,0,280,458
06/17/2022,GYR,AZ,AWP,CE,Federal Contract Tower,1,4,0,0,5,0,134,41,0,175,1,138,41,0,180,263,0,263,443
06/18/2022,GYR,AZ,AWP,CE,Federal Contract Tower,0,6,0,0,6,0,73,52,0,125,0,79,52,0,131,231,0,231,362
06/19/2022,GYR,AZ,AWP,CE,Federal Contract Tower,0,6,1,0,7,0,99,42,2,143,0,105,43,2,150,148,0,148,298
06/20/2022,GYR,AZ,AWP,CE,Federal Contract Tower,0,11,2,0,13,0,168,41,0,209,0,179,43,0,222,256,0,256,478
06/21/2022,GYR,AZ,AWP,CE,Federal Contract Tower,0,4,7,0,11,0,183,56,0,239,0,187,63,0,250,250,0,250,500
06/22/2022,GYR,AZ,AWP,CE,Federal Contract Tower,0,2,2,0,4,0,149,39,0,188,0,151,41,0,192,222,0,222,414
06/23/2022,GYR,AZ,AWP,CE,Federal Contract Tower,0,5,0,0,5,0,104,43,1,148,0,109,43,1,153,150,0,150,303
06/24/2022,GYR,AZ,AWP,CE,Federal Contract Tower,0,9,4,0,13,0,102,27,3,132,0,111,31,3,145,169,0,169,314
06/25/2022,GYR,AZ,AWP,CE,Federal Contract Tower,1,3,1,0,5,0,94,34,0,128,1,97,35,0,133,164,0,164,297
06/26/2022,GYR,AZ,AWP,CE,Federal Contract Tower,0,4,0,0,4,0,66,27,0,93,0,70,27,0,97,60,0,60,157
06/27/2022,GYR,AZ,AWP,CE,Federal Contract Tower,0,7,3,0,10,0,184,46,0,230,0,191,49,0,240,234,0,234,474
06/28/2022,GYR,AZ,AWP,CE,Federal Contract Tower,2,4,4,0,10,0,186,33,0,219,2,190,37,0,229,262,0,262,491
06/29/2022,GYR,AZ,AWP,CE,Federal Contract Tower,0,7,4,0,11,0,114,40,0,154,0,121,44,0,165,214,0,214,379
06/30/2022,GYR,AZ,AWP,CE,Federal Contract Tower,0,14,2,0,16,0,137,34,0,171,0,151,36,0,187,232,0,232,419
07/01/2022,GYR,AZ,AWP,CE,Federal Contract Tower,1,1,5,0,7,0,100,49,0,149,1,101,54,0,156,246,0,246,402
07/02/2022,GYR,AZ,AWP,CE,Federal Contract Tower,0,5,3,0,8,0,99,49,0,148,0,104,52,0,156,160,0,160,316
07/03/2022,GYR,AZ,AWP,CE,Federal Contract Tower,1,5,1,0,7,0,88,54,0,142,1,93,55,0,149,180,0,180,329
07/04/2022,GYR,AZ,AWP,CE,Federal Contract Tower,0,1,0,0,1,0,15,32,0,47,0,16,32,0,48,58,0,58,106
07/05/2022,GYR,AZ,AWP,CE,Federal Contract Tower,2,7,2,0,11,0,139,29,0,168,2,146,31,0,179,334,0,334,513
07/06/2022,GYR,AZ,AWP,CE,Federal Contract Tower,1,8,2,0,11,0,183,38,0,221,1,191,40,0,232,303,0,303,535
07/07/2022,GYR,AZ,AWP,CE,Federal Contract Tower,0,7,4,0,11,0,136,37,0,173,0,143,41,0,184,268,0,268,452
07/08/2022,GYR,AZ,AWP,CE,Federal Contract Tower,2,7,3,0,12,0,110,40,0,150,2,117,43,0,162,242,0,242,404
07/09/2022,GYR,AZ,AWP,CE,Federal Contract Tower,0,4,1,0,5,0,110,51,0,161,0,114,52,0,166,328,0,328,494
07/10/2022,GYR,AZ,AWP,CE,Federal Contract Tower,0,7,0,0,7,0,118,16,0,134,0,125,16,0,141,156,0,156,297
07/11/2022,GYR,AZ,AWP,CE,Federal Contract Tower,0,5,3,0,8,0,142,21,0,163,0,147,24,0,171,242,0,242,413
07/12/2022,GYR,AZ,AWP,CE,Federal Contract Tower,0,3,4,0,7,0,115,49,2,166,0,118,53,2,173,207,0,207,380
07/13/2022,GYR,AZ,AWP,CE,Federal Contract Tower,1,10,3,0,14,0,89,43,1,133,1,99,46,1,147,280,0,280,427
07/14/2022,GYR,AZ,AWP,CE,Federal Contract Tower,0,12,5,0,17,0,112,33,0,145,0,124,38,0,162,294,0,294,456
07/15/2022,GYR,AZ,AWP,CE,Federal Contract Tower,0,7,1,0,8,0,123,35,0,158,0,130,36,0,166,313,0,313,479
07/16/2022,GYR,AZ,AWP,CE,Federal Contract Tower,0,3,1,0,4,0,83,29,0,112,0,86,30,0,116,204,0,204,320
07/17/2022,GYR,AZ,AWP,CE,Federal Contract Tower,0,5,4,0,9,0,102,18,0,120,0,107,22,0,129,241,0,241,370
07/18/2022,GYR,AZ,AWP,CE,Federal Contract Tower,0,4,0,0,4,0,148,25,0,173,0,152,25,0,177,340,0,340,517
07/19/2022,GYR,AZ,AWP,CE,Federal Contract Tower,0,11,10,0,21,0,140,55,0,195,0,151,65,0,216,322,0,322,538
07/20/2022,GYR,AZ,AWP,CE,Federal Contract Tower,0,15,5,0,20,0,120,44,2,166,0,135,49,2,186,300,0,300,486
07/21/2022,GYR,AZ,AWP,CE,Federal Contract Tower,0,11,2,0,13,0,139,28,0,167,0,150,30,0,180,388,0,388,568
07/22/2022,GYR,AZ,AWP,CE,Federal Contract Tower,0,3,4,0,7,0,132,48,0,180,0,135,52,0,187,272,0,272,459
07/23/2022,GYR,AZ,AWP,CE,Federal Contract Tower,0,3,1,0,4,0,72,15,0,87,0,75,16,0,91,148,0,148,239
07/24/2022,GYR,AZ,AWP,CE,Federal Contract Tower,0,7,2,0,9,0,108,24,0,132,0,115,26,0,141,190,0,190,331
07/25/2022,GYR,AZ,AWP,CE,Federal Contract Tower,0,4,0,0,4,0,103,26,0,129,0,107,26,0,133,290,0,290,423
07/26/2022,GYR,AZ,AWP,CE,Federal Contract Tower,0,7,0,0,7,0,149,46,0,195,0,156,46,0,202,190,0,190,392
07/27/2022,GYR,AZ,AWP,CE,Federal Contract Tower,0,12,1,0,13,0,136,50,0,186,0,148,51,0,199,286,0,286,485
07/28/2022,GYR,AZ,AWP,CE,Federal Contract Tower,0,5,3,0,8,0,134,24,0,158,0,139,27,0,166,304,0,304,470
07/29/2022,GYR,AZ,AWP,CE,Federal Contract Tower,0,8,5,0,13,0,113,46,0,159,0,121,51,0,172,212,0,212,384
07/30/2022,GYR,AZ,AWP,CE,Federal Contract Tower,0,3,2,0,5,0,127,44,0,171,0,130,46,0,176,269,0,269,445
07/31/2022,GYR,AZ,AWP,CE,Federal Contract Tower,0,7,0,0,7,0,136,34,0,170,0,143,34,0,177,278,0,278,455
08/01/2022,GYR,AZ,AWP,CE,Federal Contract Tower,0,11,2,0,13,0,161,49,0,210,0,172,51,0,223,334,0,334,557
08/02/2022,GYR,AZ,AWP,CE,Federal Contract Tower,1,16,1,0,18,0,161,45,2,208,1,177,46,2,226,310,0,310,536
08/03/2022,GYR,AZ,AWP,CE,Federal Contract Tower,2,11,4,0,17,0,154,22,0,176,2,165,26,0,193,302,0,302,495
08/04/2022,GYR,AZ,AWP,CE,Federal Contract Tower,1,13,4,0,18,0,136,26,0,162,1,149,30,0,180,158,0,158,338
08/05/2022,GYR,AZ,AWP,CE,Federal Contract Tower,2,9,3,0,14,0,145,48,0,193,2,154,51,0,207,354,0,354,561
08/06/2022,GYR,AZ,AWP,CE,Federal Contract Tower,0,15,0,0,15,0,112,50,0,162,0,127,50,0,177,248,0,248,425
08/07/2022,GYR,AZ,AWP,CE,Federal Contract Tower,0,9,1,0,10,0,157,61,0,218,0,166,62,0,228,236,0,236,464
08/08/2022,GYR,AZ,AWP,CE,Federal Contract Tower,0,10,6,0,16,0,147,40,0,187,0,157,46,0,203,324,0,324,527
08/09/2022,GYR,AZ,AWP,CE,Federal Contract Tower,0,6,7,0,13,0,161,46,0,207,0,167,53,0,220,374,0,374,594
08/10/2022,GYR,AZ,AWP,CE,Federal Contract Tower,2,7,1,0,10,0,134,64,2,200,2,141,65,2,210,226,0,226,436
08/11/2022,GYR,AZ,AWP,CE,Federal Contract Tower,0,12,0,0,12,0,148,30,0,178,0,160,30,0,190,386,0,386,576
08/12/2022,GYR,AZ,AWP,CE,Federal Contract Tower,2,7,2,0,11,0,67,42,0,109,2,74,44,0,120,268,0,268,388
08/13/2022,GYR,AZ,AWP,CE,Federal Contract Tower,0,10,0,0,10,0,136,37,0,173,0,146,37,0,183,316,0,316,499
08/14/2022,GYR,AZ,AWP,CE,Federal Contract Tower,0,5,2,0,7,0,124,27,0,151,0,129,29,0,158,218,0,218,376
08/15/2022,GYR,AZ,AWP,CE,Federal Contract Tower,0,8,1,0,9,0,131,31,0,162,0,139,32,0,171,286,0,286,457
08/16/2022,GYR,AZ,AWP,CE,Federal Contract Tower,1,8,4,0,13,0,154,63,0,217,1,162,67,0,230,308,0,308,538
08/17/2022,GYR,AZ,AWP,CE,Federal Contract Tower,0,8,3,0,11,0,97,32,2,131,0,105,35,2,142,354,0,354,496
08/18/2022,GYR,AZ,AWP,CE,Federal Contract Tower,0,15,5,0,20,0,117,51,0,168,0,132,56,0,188,304,0,304,492
08/19/2022,GYR,AZ,AWP,CE,Federal Contract Tower,0,13,4,0,17,0,91,34,0,125,0,104,38,0,142,252,0,252,394
08/20/2022,GYR,AZ,AWP,CE,Federal Contract Tower,0,8,5,0,13,0,133,58,0,191,0,141,63,0,204,291,0,291,495
08/21/2022,GYR,AZ,AWP,CE,Federal Contract Tower,0,7,0,0,7,0,159,34,0,193,0,166,34,0,200,244,0,244,444
08/22/2022,GYR,AZ,AWP,CE,Federal Contract Tower,0,17,2,0,19,0,184,59,0,243,0,201,61,0,262,450,0,450,712
08/23/2022,GYR,AZ,AWP,CE,Federal Contract Tower,0,21,1,0,22,0,139,46,0,185,0,160,47,0,207,372,0,372,579
08/24/2022,GYR,AZ,AWP,CE,Federal Contract Tower,0,17,2,0,19,0,168,64,0,232,0,185,66,0,251,434,0,434,685
08/25/2022,GYR,AZ,AWP,CE,Federal Contract Tower,1,14,7,0,22,0,164,51,0,215,1,178,58,0,237,398,0,398,635
08/26/2022,GYR,AZ,AWP,CE,Federal Contract Tower,0,12,4,0,16,0,125,45,0,170,0,137,49,0,186,353,0,353,539
08/27/2022,GYR,AZ,AWP,CE,Federal Contract Tower,0,11,0,0,11,0,59,54,0,113,0,70,54,0,124,226,0,226,350
08/28/2022,GYR,AZ,AWP,CE,Federal Contract Tower,0,8,2,0,10,0,129,51,0,180,0,137,53,0,190,316,0,316,506
08/29/2022,GYR,AZ,AWP,CE,Federal Contract Tower,1,9,0,0,10,0,122,43,0,165,1,131,43,0,175,354,0,354,529
08/30/2022,GYR,AZ,AWP,CE,Federal Contract Tower,0,15,0,0,15,0,142,59,0,201,0,157,59,0,216,402,0,402,618
08/31/2022,GYR,AZ,AWP,CE,Federal Contract Tower,0,8,5,0,13,0,112,51,0,163,0,120,56,0,176,411,0,411,587
09/01/2022,GYR,AZ,AWP,CE,Federal Contract Tower,1,19,6,0,26,0,141,70,0,211,1,160,76,0,237,352,0,352,589
09/02/2022,GYR,AZ,AWP,CE,Federal Contract Tower,0,15,2,0,17,0,80,51,0,131,0,95,53,0,148,243,0,243,391
09/03/2022,GYR,AZ,AWP,CE,Federal Contract Tower,0,19,0,0,19,0,113,50,0,163,0,132,50,0,182,310,0,310,492
09/04/2022,GYR,AZ,AWP,CE,Federal Contract Tower,0,13,2,0,15,0,144,41,0,185,0,157,43,0,200,324,0,324,524
09/05/2022,GYR,AZ,AWP,CE,Federal Contract Tower,0,4,2,0,6,0,12,48,0,60,0,16,50,0,66,104,0,104,170
09/06/2022,GYR,AZ,AWP,CE,Federal Contract Tower,0,11,1,0,12,0,143,39,0,182,0,154,40,0,194,426,0,426,620
09/07/2022,GYR,AZ,AWP,CE,Federal Contract Tower,0,15,6,0,21,0,132,55,2,189,0,147,61,2,210,240,0,240,450
09/08/2022,GYR,AZ,AWP,CE,Federal Contract Tower,0,16,6,0,22,0,97,53,0,150,0,113,59,0,172,226,0,226,398
09/09/2022,GYR,AZ,AWP,CE,Federal Contract Tower,0,8,4,0,12,0,71,42,0,113,0,79,46,0,125,206,0,206,331
09/10/2022,GYR,AZ,AWP,CE,Federal Contract Tower,0,11,3,0,14,0,189,44,0,233,0,200,47,0,247,444,0,444,691
09/11/2022,GYR,AZ,AWP,CE,Federal Contract Tower,2,10,0,0,12,0,141,40,0,181,2,151,40,0,193,436,0,436,629
09/12/2022,GYR,AZ,AWP,CE,Federal Contract Tower,0,15,1,0,16,0,164,45,0,209,0,179,46,0,225,336,0,336,561
09/13/2022,GYR,AZ,AWP,CE,Federal Contract Tower,0,15,6,0,21,0,121,70,0,191,0,136,76,0,212,468,0,468,680
09/14/2022,GYR,AZ,AWP,CE,Federal Contract Tower,1,16,2,0,19,0,153,73,2,228,1,169,75,2,247,432,0,432,679
09/15/2022,GYR,AZ,AWP,CE,Federal Contract Tower,1,27,8,0,36,0,106,64,0,170,1,133,72,0,206,346,0,346,552
09/16/2022,GYR,AZ,AWP,CE,Federal Contract Tower,1,16,4,0,21,0,145,54,0,199,1,161,58,0,220,352,0,352,572
09/17/2022,GYR,AZ,AWP,CE,Federal Contract Tower,1,13,1,0,15,0,183,67,0,250,1,196,68,0,265,406,0,406,671
09/18/2022,GYR,AZ,AWP,CE,Federal Contract Tower,0,16,1,0,17,0,144,67,0,211,0,160,68,0,228,360,0,360,588
09/19/2022,GYR,AZ,AWP,CE,Federal Contract Tower,0,16,1,0,17,0,145,73,0,218,0,161,74,0,235,340,0,340,575
09/20/2022,GYR,AZ,AWP,CE,Federal Contract Tower,0,13,6,0,19,0,112,65,0,177,0,125,71,0,196,296,0,296,492
09/21/2022,GYR,AZ,AWP,CE,Federal Contract Tower,0,8,11,0,19,0,51,33,0,84,0,59,44,0,103,290,0,290,393
09/22/2022,GYR,AZ,AWP,CE,Federal Contract Tower,0,22,13,0,35,0,128,72,0,200,0,150,85,0,235,490,0,490,725
09/23/2022,GYR,AZ,AWP,CE,Federal Contract Tower,0,20,6,0,26,0,103,71,0,174,0,123,77,0,200,341,0,341,541
09/24/2022,GYR,AZ,AWP,CE,Federal Contract Tower,0,16,4,0,20,0,154,78,0,232,0,170,82,0,252,379,0,379,631
09/25/2022,GYR,AZ,AWP,CE,Federal Contract Tower,0,12,5,0,17,0,102,41,0,143,0,114,46,0,160,292,0,292,452
09/26/2022,GYR,AZ,AWP,CE,Federal Contract Tower,0,17,3,0,20,0,137,50,2,189,0,154,53,2,209,390,0,390,599
09/27/2022,GYR,AZ,AWP,CE,Federal Contract Tower,1,14,3,0,18,0,152,62,2,216,1,166,65,2,234,347,0,347,581
09/28/2022,GYR,AZ,AWP,CE,Federal Contract Tower,0,9,4,0,13,0,112,79,0,191,0,121,83,0,204,348,0,348,552
09/29/2022,GYR,AZ,AWP,CE,Federal Contract Tower,0,13,5,0,18,0,178,76,2,256,0,191,81,2,274,376,0,376,650
09/30/2022,GYR,AZ,AWP,CE,Federal Contract Tower,0,17,5,0,22,0,132,64,0,196,0,149,69,0,218,381,0,381,599
10/01/2022,GYR,AZ,AWP,CE,Federal Contract Tower,2,9,3,0,14,0,149,54,0,203,2,158,57,0,217,365,0,365,582
10/02/2022,GYR,AZ,AWP,CE,Federal Contract Tower,0,13,1,0,14,0,146,48,1,195,0,159,49,1,209,302,0,302,511
10/03/2022,GYR,AZ,AWP,CE,Federal Contract Tower,1,9,0,0,10,0,125,49,0,174,1,134,49,0,184,270,0,270,454
10/04/2022,GYR,AZ,AWP,CE,Federal Contract Tower,2,16,4,0,22,0,184,63,2,249,2,200,67,2,271,428,2,430,701
10/05/2022,GYR,AZ,AWP,CE,Federal Contract Tower,0,17,6,0,23,0,163,55,0,218,0,180,61,0,241,412,0,412,653
10/06/2022,GYR,AZ,AWP,CE,Federal Contract Tower,0,9,11,0,20,0,121,46,0,167,0,130,57,0,187,348,0,348,535
10/08/2022,GYR,AZ,AWP,CE,Federal Contract Tower,0,16,2,0,18,0,130,66,2,198,0,146,68,2,216,345,0,345,561
10/09/2022,GYR,AZ,AWP,CE,Federal Contract Tower,3,8,5,0,16,0,164,47,0,211,3,172,52,0,227,288,0,288,515
10/10/2022,GYR,AZ,AWP,CE,Federal Contract Tower,0,18,5,0,23,0,190,30,0,220,0,208,35,0,243,412,0,412,655
10/11/2022,GYR,AZ,AWP,CE,Federal Contract Tower,0,12,5,1,18,0,148,58,0,206,0,160,63,1,224,356,0,356,580
10/12/2022,GYR,AZ,AWP,CE,Federal Contract Tower,1,15,6,0,22,0,166,59,0,225,1,181,65,0,247,506,0,506,753
10/13/2022,GYR,AZ,AWP,CE,Federal Contract Tower,2,11,6,0,19,0,155,58,0,213,2,166,64,0,232,444,0,444,676
10/14/2022,GYR,AZ,AWP,CE,Federal Contract Tower,0,17,7,3,27,0,149,54,0,203,0,166,61,3,230,406,0,406,636
10/15/2022,GYR,AZ,AWP,CE,Federal Contract Tower,0,5,4,0,9,0,10,6,0,16,0,15,10,0,25,118,0,118,143
10/16/2022,GYR,AZ,AWP,CE,Federal Contract Tower,0,6,9,0,15,0,179,41,0,220,0,185,50,0,235,328,0,328,563
10/17/2022,GYR,AZ,AWP,CE,Federal Contract Tower,0,13,5,3,21,0,185,38,0,223,0,198,43,3,244,382,0,382,626
10/18/2022,GYR,AZ,AWP,CE,Federal Contract Tower,2,5,2,1,10,0,4,28,0,32,2,9,30,1,42,66,0,66,108
10/19/2022,GYR,AZ,AWP,CE,Federal Contract Tower,2,12,6,0,20,0,139,48,0,187,2,151,54,0,207,446,0,446,653
10/20/2022,GYR,AZ,AWP,CE,Federal Contract Tower,1,21,8,0,30,0,160,52,2,214,1,181,60,2,244,402,0,402,646
10/21/2022,GYR,AZ,AWP,CE,Federal Contract Tower,0,9,4,3,16,0,182,51,0,233,0,191,55,3,249,344,0,344,593
10/22/2022,GYR,AZ,AWP,CE,Federal Contract Tower,0,8,2,0,10,0,147,49,0,196,0,155,51,0,206,403,0,403,609
10/23/2022,GYR,AZ,AWP,CE,Federal Contract Tower,0,7,1,0,8,0,158,25,0,183,0,165,26,0,191,432,0,432,623
10/24/2022,GYR,AZ,AWP,CE,Federal Contract Tower,0,5,4,3,12,0,154,51,0,205,0,159,55,3,217,443,0,443,660
10/25/2022,GYR,AZ,AWP,CE,Federal Contract Tower,4,15,6,0,25,0,172,68,0,240,4,187,74,0,265,356,0,356,621
10/26/2022,GYR,AZ,AWP,CE,Federal Contract Tower,0,10,5,0,15,0,141,79,0,220,0,151,84,0,235,388,0,388,623
10/27/2022,GYR,AZ,AWP,CE,Federal Contract Tower,0,17,4,0,21,0,115,77,0,192,0,132,81,0,213,393,0,393,606
10/28/2022,GYR,AZ,AWP,CE,Federal Contract Tower,0,10,5,0,15,0,146,80,0,226,0,156,85,0,241,420,0,420,661
10/29/2022,GYR,AZ,AWP,CE,Federal Contract Tower,0,8,2,1,11,0,157,53,1,211,0,165,55,2,222,406,0,406,628
10/30/2022,GYR,AZ,AWP,CE,Federal Contract Tower,0,6,4,0,10,0,148,81,0,229,0,154,85,0,239,272,0,272,511
10/31/2022,GYR,AZ,AWP,CE,Federal Contract Tower,1,6,2,0,9,0,167,57,0,224,1,173,59,0,233,324,0,324,557
11/01/2022,GYR,AZ,AWP,CE,Federal Contract Tower,0,8,9,0,17,0,155,66,0,221,0,163,75,0,238,376,0,376,614
11/02/2022,GYR,AZ,AWP,CE,Federal Contract Tower,1,6,8,0,15,0,143,61,0,204,1,149,69,0,219,328,0,328,547
11/03/2022,GYR,AZ,AWP,CE,Federal Contract Tower,0,21,18,0,39,0,94,47,0,141,0,115,65,0,180,346,0,346,526
11/04/2022,GYR,AZ,AWP,CE,Federal Contract Tower,0,15,20,1,36,0,151,64,0,215,0,166,84,1,251,363,0,363,614
11/05/2022,GYR,AZ,AWP,CE,Federal Contract Tower,0,23,16,0,39,0,144,79,2,225,0,167,95,2,264,358,0,358,622
11/06/2022,GYR,AZ,AWP,CE,Federal Contract Tower,0,30,34,0,64,0,4,9,0,13,0,34,43,0,77,228,0,228,305
11/07/2022,GYR,AZ,AWP,CE,Federal Contract Tower,0,25,12,0,37,0,163,73,0,236,0,188,85,0,273,348,0,348,621
11/08/2022,GYR,AZ,AWP,CE,Federal Contract Tower,0,10,5,0,15,0,149,73,0,222,0,159,78,0,237,412,0,412,649
11/09/2022,GYR,AZ,AWP,CE,Federal Contract Tower,0,6,8,1,15,0,62,31,0,93,0,68,39,1,108,252,0,252,360
11/10/2022,GYR,AZ,AWP,CE,Federal Contract Tower,1,7,4,3,15,0,181,78,0,259,1,188,82,3,274,440,0,440,714
11/11/2022,GYR,AZ,AWP,CE,Federal Contract Tower,1,14,4,1,20,0,157,55,0,212,1,171,59,1,232,378,0,378,610
11/12/2022,GYR,AZ,AWP,CE,Federal Contract Tower,0,6,2,1,9,0,174,92,0,266,0,180,94,1,275,476,0,476,751
11/13/2022,GYR,AZ,AWP,CE,Federal Contract Tower,0,14,5,0,19,0,118,51,0,169,0,132,56,0,188,374,0,374,562
11/14/2022,GYR,AZ,AWP,CE,Federal Contract Tower,0,13,3,0,16,0,148,64,0,212,0,161,67,0,228,512,0,512,740
11/15/2022,GYR,AZ,AWP,CE,Federal Contract Tower,0,22,1,0,23,0,136,67,2,205,0,158,68,2,228,434,0,434,662
11/16/2022,GYR,AZ,AWP,CE,Federal Contract Tower,0,11,7,0,18,0,78,62,0,140,0,89,69,0,158,346,0,346,504
11/17/2022,GYR,AZ,AWP,CE,Federal Contract Tower,0,10,3,0,13,0,167,78,0,245,0,177,81,0,258,386,0,386,644
11/18/2022,GYR,AZ,AWP,CE,Federal Contract Tower,0,8,0,0,8,0,140,77,0,217,0,148,77,0,225,482,0,482,707
11/19/2022,GYR,AZ,AWP,CE,Federal Contract Tower,0,13,4,0,17,0,139,71,0,210,0,152,75,0,227,397,0,397,624
11/20/2022,GYR,AZ,AWP,CE,Federal Contract Tower,0,12,2,2,16,0,128,54,0,182,0,140,56,2,198,308,0,308,506
11/21/2022,GYR,AZ,AWP,CE,Federal Contract Tower,0,10,0,4,14,0,141,59,0,200,0,151,59,4,214,312,0,312,526
11/22/2022,GYR,AZ,AWP,CE,Federal Contract Tower,1,10,1,4,16,0,128,40,0,168,1,138,41,4,184,376,0,376,560
11/23/2022,GYR,AZ,AWP,CE,Federal Contract Tower,0,13,4,5,22,0,106,51,0,157,0,119,55,5,179,328,0,328,507
11/24/2022,GYR,AZ,AWP,CE,Federal Contract Tower,0,0,0,1,1,0,2,19,0,21,0,2,19,1,22,0,0,0,22
11/25/2022,GYR,AZ,AWP,CE,Federal Contract Tower,0,2,0,0,2,0,16,49,0,65,0,18,49,0,67,49,0,49,116
11/26/2022,GYR,AZ,AWP,CE,Federal Contract Tower,0,3,4,0,7,0,81,76,0,157,0,84,80,0,164,279,0,279,443
11/27/2022,GYR,AZ,AWP,CE,Federal Contract Tower,0,8,3,0,11,0,143,61,0,204,0,151,64,0,215,338,0,338,553
11/28/2022,GYR,AZ,AWP,CE,Federal Contract Tower,0,16,7,4,27,0,142,51,0,193,0,158,58,4,220,404,0,404,624
11/29/2022,GYR,AZ,AWP,CE,Federal Contract Tower,4,8,6,4,22,0,158,80,0,238,4,166,86,4,260,424,0,424,684
11/30/2022,GYR,AZ,AWP,CE,Federal Contract Tower,2,6,4,4,16,0,181,71,0,252,2,187,75,4,268,506,0,506,774
12/01/2022,GYR,AZ,AWP,CE,Federal Contract Tower,1,14,2,4,21,0,144,61,0,205,1,158,63,4,226,390,0,390,616
12/03/2022,GYR,AZ,AWP,CE,Federal Contract Tower,0,6,3,0,9,0,47,27,0,74,0,53,30,0,83,215,0,215,298
12/04/2022,GYR,AZ,AWP,CE,Federal Contract Tower,0,6,5,1,12,0,9,7,0,16,0,15,12,1,28,20,0,20,48
12/05/2022,GYR,AZ,AWP,CE,Federal Contract Tower,0,20,2,2,24,0,70,19,0,89,0,90,21,2,113,278,0,278,391
12/06/2022,GYR,AZ,AWP,CE,Federal Contract Tower,1,4,10,3,18,0,98,29,0,127,1,102,39,3,145,214,0,214,359
12/07/2022,GYR,AZ,AWP,CE,Federal Contract Tower,2,9,2,4,17,0,209,67,0,276,2,218,69,4,293,548,0,548,841
12/08/2022,GYR,AZ,AWP,CE,Federal Contract Tower,0,20,7,5,32,0,152,92,0,244,0,172,99,5,276,504,0,504,780
12/09/2022,GYR,AZ,AWP,CE,Federal Contract Tower,4,18,4,6,32,0,166,82,0,248,4,184,86,6,280,455,0,455,735
12/10/2022,GYR,AZ,AWP,CE,Federal Contract Tower,0,7,8,0,15,0,163,77,0,240,0,170,85,0,255,369,0,369,624
12/11/2022,GYR,AZ,AWP,CE,Federal Contract Tower,2,6,0,0,8,0,101,64,0,165,2,107,64,0,173,322,0,322,495
12/12/2022,GYR,AZ,AWP,CE,Federal Contract Tower,1,0,2,0,3,0,168,51,0,219,1,168,53,0,222,326,0,326,548
12/13/2022,GYR,AZ,AWP,CE,Federal Contract Tower,0,7,5,0,12,0,192,62,0,254,0,199,67,0,266,456,0,456,722
12/14/2022,GYR,AZ,AWP,CE,Federal Contract Tower,0,13,3,0,16,0,184,70,0,254,0,197,73,0,270,382,0,382,652
12/15/2022,GYR,AZ,AWP,CE,Federal Contract Tower,3,10,5,0,18,1,150,71,0,222,4,160,76,0,240,432,0,432,672
12/16/2022,GYR,AZ,AWP,CE,Federal Contract Tower,1,10,2,0,13,0,168,48,0,216,1,178,50,0,229,463,0,463,692
12/17/2022,GYR,AZ,AWP,CE,Federal Contract Tower,0,14,4,0,18,0,127,54,0,181,0,141,58,0,199,323,0,323,522
12/18/2022,GYR,AZ,AWP,CE,Federal Contract Tower,0,6,5,0,11,0,133,52,0,185,0,139,57,0,196,318,0,318,514
12/19/2022,GYR,AZ,AWP,CE,Federal Contract Tower,1,12,0,0,13,0,131,58,0,189,1,143,58,0,202,330,0,330,532
12/20/2022,GYR,AZ,AWP,CE,Federal Contract Tower,3,13,5,0,21,0,186,68,3,257,3,199,73,3,278,444,0,444,722
12/21/2022,GYR,AZ,AWP,CE,Federal Contract Tower,1,4,1,0,6,0,150,60,2,212,1,154,61,2,218,516,0,516,734
12/22/2022,GYR,AZ,AWP,CE,Federal Contract Tower,4,6,5,2,17,0,119,49,0,168,4,125,54,2,185,432,0,432,617
12/23/2022,GYR,AZ,AWP,CE,Federal Contract Tower,1,4,4,0,9,0,83,57,0,140,1,87,61,0,149,255,0,255,404
12/24/2022,GYR,AZ,AWP,CE,Federal Contract Tower,0,2,0,0,2,0,66,32,0,98,0,68,32,0,100,210,0,210,310
12/25/2022,GYR,AZ,AWP,CE,Federal Contract Tower,0,0,0,0,0,0,7,26,0,33,0,7,26,0,33,8,0,8,41
12/26/2022,GYR,AZ,AWP,CE,Federal Contract Tower,0,1,7,0,8,0,15,54,0,69,0,16,61,0,77,96,0,96,173
12/27/2022,GYR,AZ,AWP,CE,Federal Contract Tower,0,6,5,0,11,0,121,55,0,176,0,127,60,0,187,230,0,230,417
12/28/2022,GYR,AZ,AWP,CE,Federal Contract Tower,0,13,8,0,21,0,4,4,0,8,0,17,12,0,29,14,0,14,43
12/29/2022,GYR,AZ,AWP,CE,Federal Contract Tower,0,8,2,0,10,0,91,45,1,137,0,99,47,1,147,382,0,382,529
12/30/2022,GYR,AZ,AWP,CE,Federal Contract Tower,0,9,5,0,14,0,19,1,0,20,0,28,6,0,34,127,0,127,161
12/31/2022,GYR,AZ,AWP,CE,Federal Contract Tower,0,13,3,0,16,0,90,38,0,128,0,103,41,0,144,365,0,365,509
01/01/2023,GYR,AZ,AWP,CE,Federal Contract Tower,0,2,1,0,3,0,0,0,0,0,0,2,1,0,3,0,0,0,3
01/02/2023,GYR,AZ,AWP,CE,Federal Contract Tower,0,6,2,0,8,0,7,52,0,59,0,13,54,0,67,152,0,152,219
01/03/2023,GYR,AZ,AWP,CE,Federal Contract Tower,2,10,2,0,14,0,136,51,0,187,2,146,53,0,201,242,0,242,443
01/04/2023,GYR,AZ,AWP,CE,Federal Contract Tower,0,18,4,0,22,0,174,75,0,249,0,192,79,0,271,406,0,406,677
01/05/2023,GYR,AZ,AWP,CE,Federal Contract Tower,1,8,4,0,13,0,174,75,0,249,1,182,79,0,262,436,0,436,698
01/06/2023,GYR,AZ,AWP,CE,Federal Contract Tower,0,16,1,0,17,0,173,93,0,266,0,189,94,0,283,352,0,352,635
01/07/2023,GYR,AZ,AWP,CE,Federal Contract Tower,0,24,6,0,30,0,165,83,0,248,0,189,89,0,278,474,0,474,752
01/08/2023,GYR,AZ,AWP,CE,Federal Contract Tower,0,11,3,0,14,0,126,84,0,210,0,137,87,0,224,316,0,316,540
01/09/2023,GYR,AZ,AWP,CE,Federal Contract Tower,1,16,6,0,23,0,184,70,0,254,1,200,76,0,277,371,0,371,648
01/10/2023,GYR,AZ,AWP,CE,Federal Contract Tower,0,13,4,0,17,0,195,60,0,255,0,208,64,0,272,422,0,422,694
01/11/2023,GYR,AZ,AWP,CE,Federal Contract Tower,1,14,6,0,21,0,191,89,0,280,1,205,95,0,301,370,0,370,671
01/12/2023,GYR,AZ,AWP,CE,Federal Contract Tower,1,16,6,0,23,0,177,85,0,262,1,193,91,0,285,474,0,474,759
01/13/2023,GYR,AZ,AWP,CE,Federal Contract Tower,0,18,5,0,23,0,175,70,0,245,0,193,75,0,268,326,0,326,594
01/14/2023,GYR,AZ,AWP,CE,Federal Contract Tower,0,6,4,0,10,0,144,50,1,195,0,150,54,1,205,434,0,434,639
01/15/2023,GYR,AZ,AWP,CE,Federal Contract Tower,0,6,3,0,9,0,17,15,0,32,0,23,18,0,41,136,0,136,177
01/16/2023,GYR,AZ,AWP,CE,Federal Contract Tower,0,1,0,0,1,0,10,11,0,21,0,11,11,0,22,32,0,32,54
01/17/2023,GYR,AZ,AWP,CE,Federal Contract Tower,0,11,3,0,14,0,203,57,0,260,0,214,60,0,274,460,0,460,734
01/18/2023,GYR,AZ,AWP,CE,Federal Contract Tower,0,20,0,0,20,0,184,57,0,241,0,204,57,0,261,564,0,564,825
01/19/2023,GYR,AZ,AWP,CE,Federal Contract Tower,1,15,4,0,20,0,159,69,0,228,1,174,73,0,248,504,0,504,752
01/20/2023,GYR,AZ,AWP,CE,Federal Contract Tower,0,16,2,0,18,0,188,64,0,252,0,204,66,0,270,465,0,465,735
01/21/2023,GYR,AZ,AWP,CE,Federal Contract Tower,0,16,4,0,20,0,153,117,0,270,0,169,121,0,290,442,0,442,732
01/22/2023,GYR,AZ,AWP,CE,Federal Contract Tower,0,9,2,0,11,0,123,69,0,192,0,132,71,0,203,346,0,346,549
01/23/2023,GYR,AZ,AWP,CE,Federal Contract Tower,0,6,5,0,11,0,166,59,0,225,0,172,64,0,236,446,0,446,682
01/24/2023,GYR,AZ,AWP,CE,Federal Contract Tower,0,6,3,0,9,0,170,92,0,262,0,176,95,0,271,382,0,382,653
01/25/2023,GYR,AZ,AWP,CE,Federal Contract Tower,0,21,5,0,26,0,180,66,0,246,0,201,71,0,272,418,0,418,690
01/26/2023,GYR,AZ,AWP,CE,Federal Contract Tower,0,10,4,0,14,0,165,61,0,226,0,175,65,0,240,388,0,388,628
01/27/2023,GYR,AZ,AWP,CE,Federal Contract Tower,0,16,7,0,23,0,211,99,0,310,0,227,106,0,333,375,0,375,708
01/28/2023,GYR,AZ,AWP,CE,Federal Contract Tower,0,14,5,0,19,0,126,93,0,219,0,140,98,0,238,467,0,467,705
01/29/2023,GYR,AZ,AWP,CE,Federal Contract Tower,0,7,7,0,14,0,117,67,0,184,0,124,74,0,198,372,0,372,570
01/30/2023,GYR,AZ,AWP,CE,Federal Contract Tower,0,3,2,0,5,0,129,41,0,170,0,132,43,0,175,424,0,424,599
01/31/2023,GYR,AZ,AWP,CE,Federal Contract Tower,1,2,4,0,7,0,93,38,0,131,1,95,42,0,138,252,0,252,390
02/01/2023,GYR,AZ,AWP,CE,Federal Contract Tower,2,18,6,0,26,0,216,96,4,316,2,234,102,4,342,382,0,382,724
02/02/2023,GYR,AZ,AWP,CE,Federal Contract Tower,0,14,2,0,16,0,208,93,0,301,0,222,95,0,317,418,0,418,735
02/03/2023,GYR,AZ,AWP,CE,Federal Contract Tower,1,20,3,0,24,0,194,99,0,293,1,214,102,0,317,379,0,379,696
02/04/2023,GYR,AZ,AWP,CE,Federal Contract Tower,0,10,6,0,16,0,175,85,0,260,0,185,91,0,276,359,0,359,635
02/05/2023,GYR,AZ,AWP,CE,Federal Contract Tower,0,7,1,0,8,0,161,86,0,247,0,168,87,0,255,422,0,422,677
02/06/2023,GYR,AZ,AWP,CE,Federal Contract Tower,2,6,3,0,11,0,157,77,0,234,2,163,80,0,245,270,0,270,515
02/07/2023,GYR,AZ,AWP,CE,Federal Contract Tower,0,8,5,0,13,0,204,74,0,278,0,212,79,0,291,432,0,432,723
02/08/2023,GYR,AZ,AWP,CE,Federal Contract Tower,0,14,6,0,20,0,223,90,0,313,0,237,96,0,333,440,0,440,773
02/09/2023,GYR,AZ,AWP,CE,Federal Contract Tower,0,7,10,0,17,0,70,45,0,115,0,77,55,0,132,210,0,210,342
02/10/2023,GYR,AZ,AWP,CE,Federal Contract Tower,1,20,32,0,53,0,14,28,0,42,1,34,60,0,95,14,0,14,109
02/11/2023,GYR,AZ,AWP,CE,Federal Contract Tower,0,19,17,0,36,0,22,20,0,42,0,41,37,0,78,28,0,28,106
02/12/2023,GYR,AZ,AWP,CE,Federal Contract Tower,0,22,59,0,81,0,3,16,2,21,0,25,75,2,102,2,0,2,104
02/13/2023,GYR,AZ,AWP,CE,Federal Contract Tower,0,34,41,0,75,0,4,21,0,25,0,38,62,0,100,0,0,0,100
02/14/2023,GYR,AZ,AWP,CE,Federal Contract Tower,0,1,5,1,7,0,94,38,0,132,0,95,43,1,139,410,0,410,549
02/15/2023,GYR,AZ,AWP,CE,Federal Contract Tower,0,6,2,0,8,0,216,90,0,306,0,222,92,0,314,442,0,442,756
02/16/2023,GYR,AZ,AWP,CE,Federal Contract Tower,0,7,3,0,10,0,179,118,0,297,0,186,121,0,307,358,0,358,665
02/17/2023,GYR,AZ,AWP,CE,Federal Contract Tower,0,12,6,0,18,0,109,48,0,157,0,121,54,0,175,403,0,403,578
02/18/2023,GYR,AZ,AWP,CE,Federal Contract Tower,0,17,3,0,20,0,144,88,0,232,0,161,91,0,252,325,0,325,577
02/19/2023,GYR,AZ,AWP,CE,Federal Contract Tower,0,4,5,0,9,0,166,69,0,235,0,170,74,0,244,298,0,298,542
02/20/2023,GYR,AZ,AWP,CE,Federal Contract Tower,0,10,3,0,13,0,180,92,0,272,0,190,95,0,285,392,0,392,677
02/21/2023,GYR,AZ,AWP,CE,Federal Contract Tower,0,5,5,0,10,0,175,56,2,233,0,180,61,2,243,520,0,520,763
02/22/2023,GYR,AZ,AWP,CE,Federal Contract Tower,0,2,0,0,2,0,4,6,0,10,0,6,6,0,12,10,0,10,22
02/23/2023,GYR,AZ,AWP,CE,Federal Contract Tower,0,0,10,0,10,0,192,53,0,245,0,192,63,0,255,488,0,488,743
02/24/2023,GYR,AZ,AWP,CE,Federal Contract Tower,0,18,3,0,21,0,185,107,1,293,0,203,110,1,314,352,0,352,666
02/25/2023,GYR,AZ,AWP,CE,Federal Contract Tower,0,8,0,0,8,0,165,56,0,221,0,173,56,0,229,331,0,331,560
02/26/2023,GYR,AZ,AWP,CE,Federal Contract Tower,0,7,3,0,10,0,86,39,2,127,0,93,42,2,137,302,0,302,439
02/27/2023,GYR,AZ,AWP,CE,Federal Contract Tower,0,10,7,0,17,0,200,80,0,280,0,210,87,0,297,408,0,408,705
02/28/2023,GYR,AZ,AWP,CE,Federal Contract Tower,0,7,4,0,11,0,202,66,0,268,0,209,70,0,279,490,0,490,769
03/01/2023,GYR,AZ,AWP,CE,Federal Contract Tower,1,1,0,0,2,0,52,28,0,80,1,53,28,0,82,358,0,358,440
03/02/2023,GYR,AZ,AWP,CE,Federal Contract Tower,0,12,8,0,20,0,130,70,0,200,0,142,78,0,220,588,0,588,808
03/03/2023,GYR,AZ,AWP,CE,Federal Contract Tower,1,17,4,0,22,0,168,97,0,265,1,185,101,0,287,400,0,400,687
03/04/2023,GYR,AZ,AWP,CE,Federal Contract Tower,0,12,4,2,18,0,158,95,0,253,0,170,99,2,271,398,0,398,669
03/05/2023,GYR,AZ,AWP,CE,Federal Contract Tower,0,11,0,0,11,0,143,65,0,208,0,154,65,0,219,388,0,388,607
03/06/2023,GYR,AZ,AWP,CE,Federal Contract Tower,1,10,3,0,14,0,154,73,0,227,1,164,76,0,241,400,0,400,641
03/07/2023,GYR,AZ,AWP,CE,Federal Contract Tower,0,21,4,0,25,0,160,87,0,247,0,181,91,0,272,436,0,436,708
03/08/2023,GYR,AZ,AWP,CE,Federal Contract Tower,0,13,6,0,19,0,217,95,0,312,0,230,101,0,331,434,0,434,765
03/09/2023,GYR,AZ,AWP,CE,Federal Contract Tower,0,23,12,0,35,0,202,80,0,282,0,225,92,0,317,380,0,380,697
03/10/2023,GYR,AZ,AWP,CE,Federal Contract Tower,1,15,12,0,28,0,187,70,0,257,1,202,82,0,285,320,0,320,605
03/11/2023,GYR,AZ,AWP,CE,Federal Contract Tower,0,16,12,0,28,0,126,71,0,197,0,142,83,0,225,358,0,358,583
03/12/2023,GYR,AZ,AWP,CE,Federal Contract Tower,0,29,27,0,56,0,84,52,0,136,0,113,79,0,192,220,0,220,412
03/13/2023,GYR,AZ,AWP,CE,Federal Contract Tower,0,14,3,0,17,0,196,64,2,262,0,210,67,2,279,418,0,418,697
03/14/2023,GYR,AZ,AWP,CE,Federal Contract Tower,0,14,4,0,18,0,164,95,0,259,0,178,99,0,277,424,0,424,701
03/15/2023,GYR,AZ,AWP,CE,Federal Contract Tower,2,1,4,0,7,0,33,27,2,62,2,34,31,2,69,212,0,212,281
03/16/2023,GYR,AZ,AWP,CE,Federal Contract Tower,0,21,4,0,25,0,169,85,0,254,0,190,89,0,279,317,0,317,596
03/17/2023,GYR,AZ,AWP,CE,Federal Contract Tower,0,23,3,0,26,0,212,77,0,289,0,235,80,0,315,390,0,390,705
03/18/2023,GYR,AZ,AWP,CE,Federal Contract Tower,1,23,5,0,29,0,159,83,0,242,1,182,88,0,271,392,0,392,663
03/19/2023,GYR,AZ,AWP,CE,Federal Contract Tower,0,7,5,0,12,0,112,55,0,167,0,119,60,0,179,310,0,310,489
03/20/2023,GYR,AZ,AWP,CE,Federal Contract Tower,0,10,4,0,14,0,194,92,0,286,0,204,96,0,300,480,0,480,780
03/21/2023,GYR,AZ,AWP,CE,Federal Contract Tower,1,0,4,0,5,0,75,42,0,117,1,75,46,0,122,404,0,404,526
03/22/2023,GYR,AZ,AWP,CE,Federal Contract Tower,0,20,7,0,27,0,135,58,0,193,0,155,65,0,220,384,0,384,604
03/23/2023,GYR,AZ,AWP,CE,Federal Contract Tower,2,14,8,0,24,0,177,117,0,294,2,191,125,0,318,344,0,344,662
03/24/2023,GYR,AZ,AWP,CE,Federal Contract Tower,0,24,7,0,31,0,170,71,0,241,0,194,78,0,272,352,0,352,624
03/25/2023,GYR,AZ,AWP,CE,Federal Contract Tower,0,26,9,0,35,0,288,239,0,527,0,314,248,0,562,66,0,66,628
03/26/2023,GYR,AZ,AWP,CE,Federal Contract Tower,2,13,7,0,22,0,166,81,0,247,2,179,88,0,269,296,0,296,565
03/27/2023,GYR,AZ,AWP,CE,Federal Contract Tower,0,6,6,0,12,0,187,78,0,265,0,193,84,0,277,344,0,344,621
03/28/2023,GYR,AZ,AWP,CE,Federal Contract Tower,1,7,7,0,15,0,190,78,0,268,1,197,85,0,283,484,0,484,767
03/29/2023,GYR,AZ,AWP,CE,Federal Contract Tower,0,14,3,0,17,0,169,88,0,257,0,183,91,0,274,332,0,332,606
03/30/2023,GYR,AZ,AWP,CE,Federal Contract Tower,2,5,9,0,16,0,102,39,0,141,2,107,48,0,157,332,0,332,489
03/31/2023,GYR,AZ,AWP,CE,Federal Contract Tower,2,18,4,0,24,0,192,83,0,275,2,210,87,0,299,394,0,394,693
04/01/2023,GYR,AZ,AWP,CE,Federal Contract Tower,0,19,2,0,21,0,191,78,0,269,0,210,80,0,290,422,0,422,712
04/02/2023,GYR,AZ,AWP,CE,Federal Contract Tower,0,16,4,0,20,0,185,66,0,251,0,201,70,0,271,388,0,388,659
04/03/2023,GYR,AZ,AWP,CE,Federal Contract Tower,0,7,6,0,13,0,99,31,0,130,0,106,37,0,143,210,0,210,353
04/04/2023,GYR,AZ,AWP,CE,Federal Contract Tower,0,4,4,2,10,0,93,37,0,130,0,97,41,2,140,182,0,182,322
04/05/2023,GYR,AZ,AWP,CE,Federal Contract Tower,0,17,4,0,21,0,198,78,0,276,0,215,82,0,297,376,0,376,673
04/06/2023,GYR,AZ,AWP,CE,Federal Contract Tower,1,16,0,0,17,0,160,70,0,230,1,176,70,0,247,522,0,522,769
04/07/2023,GYR,AZ,AWP,CE,Federal Contract Tower,0,17,4,2,23,0,206,89,1,296,0,223,93,3,319,448,0,448,767
04/08/2023,GYR,AZ,AWP,CE,Federal Contract Tower,0,9,1,0,10,0,200,59,0,259,0,209,60,0,269,574,0,574,843
04/09/2023,GYR,AZ,AWP,CE,Federal Contract Tower,0,16,1,0,17,0,157,50,0,207,0,173,51,0,224,450,0,450,674
04/10/2023,GYR,AZ,AWP,CE,Federal Contract Tower,0,16,2,2,20,0,170,81,0,251,0,186,83,2,271,434,0,434,705
04/11/2023,GYR,AZ,AWP,CE,Federal Contract Tower,0,12,1,0,13,0,197,82,0,279,0,209,83,0,292,370,0,370,662
04/12/2023,GYR,AZ,AWP,CE,Federal Contract Tower,0,9,2,0,11,0,157,72,0,229,0,166,74,0,240,460,0,460,700
04/13/2023,GYR,AZ,AWP,CE,Federal Contract Tower,0,15,6,3,24,0,139,73,4,216,0,154,79,7,240,400,0,400,640
04/14/2023,GYR,AZ,AWP,CE,Federal Contract Tower,0,3,23,0,26,0,164,79,0,243,0,167,102,0,269,343,0,343,612
04/15/2023,GYR,AZ,AWP,CE,Federal Contract Tower,0,18,0,0,18,0,187,91,0,278,0,205,91,0,296,348,0,348,644
04/16/2023,GYR,AZ,AWP,CE,Federal Contract Tower,0,14,4,0,18,0,164,68,0,232,0,178,72,0,250,278,0,278,528
04/17/2023,GYR,AZ,AWP,CE,Federal Contract Tower,0,15,3,0,18,0,192,73,0,265,0,207,76,0,283,338,0,338,621
04/18/2023,GYR,AZ,AWP,CE,Federal Contract Tower,2,12,8,4,26,0,203,70,0,273,2,215,78,4,299,354,0,354,653
04/19/2023,GYR,AZ,AWP,CE,Federal Contract Tower,0,7,5,0,12,0,219,60,2,281,0,226,65,2,293,388,0,388,681
04/20/2023,GYR,AZ,AWP,CE,Federal Contract Tower,0,18,8,0,26,0,236,73,0,309,0,254,81,0,335,352,0,352,687
04/21/2023,GYR,AZ,AWP,CE,Federal Contract Tower,1,13,4,0,18,0,203,88,0,291,1,216,92,0,309,414,0,414,723
04/22/2023,GYR,AZ,AWP,CE,Federal Contract Tower,0,14,2,1,17,0,179,93,0,272,0,193,95,1,289,332,0,332,621
04/23/2023,GYR,AZ,AWP,CE,Federal Contract Tower,1,22,3,0,26,0,165,75,0,240,1,187,78,0,266,308,0,308,574
04/24/2023,GYR,AZ,AWP,CE,Federal Contract Tower,0,8,2,0,10,0,188,82,0,270,0,196,84,0,280,380,0,380,660
04/25/2023,GYR,AZ,AWP,CE,Federal Contract Tower,0,2,5,2,9,0,181,83,0,264,0,183,88,2,273,230,0,230,503
04/26/2023,GYR,AZ,AWP,CE,Federal Contract Tower,0,16,3,0,19,0,194,106,0,300,0,210,109,0,319,376,0,376,695
04/27/2023,GYR,AZ,AWP,CE,Federal Contract Tower,0,11,4,0,15,0,226,96,0,322,0,237,100,0,337,408,0,408,745
04/28/2023,GYR,AZ,AWP,CE,Federal Contract Tower,1,19,1,1,22,0,188,72,0,260,1,207,73,1,282,306,0,306,588
04/29/2023,GYR,AZ,AWP,CE,Federal Contract Tower,1,17,3,0,21,0,172,59,0,231,1,189,62,0,252,342,0,342,594
04/30/2023,GYR,AZ,AWP,CE,Federal Contract Tower,0,10,2,0,12,0,147,80,0,227,0,157,82,0,239,314,0,314,553
05/01/2023,GYR,AZ,AWP,CE,Federal Contract Tower,1,9,1,0,11,0,121,52,0,173,1,130,53,0,184,248,0,248,432
05/02/2023,GYR,AZ,AWP,CE,Federal Contract Tower,1,9,2,0,12,0,193,75,0,268,1,202,77,0,280,426,0,426,706
05/03/2023,GYR,AZ,AWP,CE,Federal Contract Tower,1,5,8,0,14,0,159,62,0,221,1,164,70,0,235,348,0,348,583
05/04/2023,GYR,AZ,AWP,CE,Federal Contract Tower,0,8,4,0,12,0,155,63,0,218,0,163,67,0,230,252,0,252,482
05/05/2023,GYR,AZ,AWP,CE,Federal Contract Tower,0,15,13,2,30,0,181,60,0,241,0,196,73,2,271,396,0,396,667
05/06/2023,GYR,AZ,AWP,CE,Federal Contract Tower,0,14,6,0,20,0,168,59,0,227,0,182,65,0,247,362,0,362,609
05/07/2023,GYR,AZ,AWP,CE,Federal Contract Tower,0,9,8,0,17,0,171,80,0,251,0,180,88,0,268,360,0,360,628
05/08/2023,GYR,AZ,AWP,CE,Federal Contract Tower,0,8,5,0,13,0,183,60,0,243,0,191,65,0,256,380,0,380,636
05/09/2023,GYR,AZ,AWP,CE,Federal Contract Tower,0,7,5,0,12,0,172,84,0,256,0,179,89,0,268,426,0,426,694
05/10/2023,GYR,AZ,AWP,CE,Federal Contract Tower,0,11,2,0,13,0,82,88,2,172,0,93,90,2,185,410,2,412,597
05/11/2023,GYR,AZ,AWP,CE,Federal Contract Tower,2,12,6,0,20,0,201,73,0,274,2,213,79,0,294,414,0,414,708
05/12/2023,GYR,AZ,AWP,CE,Federal Contract Tower,1,13,6,0,20,0,164,75,0,239,1,177,81,0,259,378,0,378,637
05/13/2023,GYR,AZ,AWP,CE,Federal Contract Tower,0,13,2,0,15,0,190,76,0,266,0,203,78,0,281,368,0,368,649
05/14/2023,GYR,AZ,AWP,CE,Federal Contract Tower,0,7,2,0,9,0,148,41,0,189,0,155,43,0,198,390,0,390,588
05/15/2023,GYR,AZ,AWP,CE,Federal Contract Tower,0,6,5,2,13,0,157,53,0,210,0,163,58,2,223,366,0,366,589
05/16/2023,GYR,AZ,AWP,CE,Federal Contract Tower,0,8,4,0,12,0,114,54,0,168,0,122,58,0,180,250,0,250,430
05/17/2023,GYR,AZ,AWP,CE,Federal Contract Tower,1,14,4,0,19,0,170,71,0,241,1,184,75,0,260,352,0,352,612
05/18/2023,GYR,AZ,AWP,CE,Federal Contract Tower,0,8,6,0,14,0,132,50,0,182,0,140,56,0,196,274,0,274,470
05/19/2023,GYR,AZ,AWP,CE,Federal Contract Tower,2,10,3,0,15,0,168,55,0,223,2,178,58,0,238,290,0,290,528
05/21/2023,GYR,AZ,AWP,CE,Federal Contract Tower,0,13,4,0,17,0,145,64,0,209,0,158,68,0,226,402,0,402,628
05/22/2023,GYR,AZ,AWP,CE,Federal Contract Tower,0,8,3,0,11,0,173,59,2,234,0,181,62,2,245,472,0,472,717
05/23/2023,GYR,AZ,AWP,CE,Federal Contract Tower,1,18,7,0,26,0,179,69,0,248,1,197,76,0,274,424,0,424,698
05/24/2023,GYR,AZ,AWP,CE,Federal Contract Tower,0,19,9,0,28,0,174,101,2,277,0,193,110,2,305,520,0,520,825
05/25/2023,GYR,AZ,AWP,CE,Federal Contract Tower,3,12,3,0,18,0,164,78,0,242,3,176,81,0,260,335,0,335,595
05/26/2023,GYR,AZ,AWP,CE,Federal Contract Tower,0,16,9,0,25,0,189,76,0,265,0,205,85,0,290,410,0,410,700
05/27/2023,GYR,AZ,AWP,CE,Federal Contract Tower,4,14,3,0,21,0,173,66,0,239,4,187,69,0,260,396,0,396,656
05/28/2023,GYR,AZ,AWP,CE,Federal Contract Tower,0,13,8,0,21,0,174,64,0,238,0,187,72,0,259,428,0,428,687
05/29/2023,GYR,AZ,AWP,CE,Federal Contract Tower,1,1,0,0,2,0,32,62,4,98,1,33,62,4,100,174,0,174,274
05/30/2023,GYR,AZ,AWP,CE,Federal Contract Tower,0,14,4,0,18,0,153,85,4,242,0,167,89,4,260,364,0,364,624
05/31/2023,GYR,AZ,AWP,CE,Federal Contract Tower,5,16,8,0,29,0,152,88,6,246,5,168,96,6,275,303,0,303,578
06/01/2023,GYR,AZ,AWP,CE,Federal Contract Tower,0,18,9,0,27,0,185,89,2,276,0,203,98,2,303,464,0,464,767
06/02/2023,GYR,AZ,AWP,CE,Federal Contract Tower,0,12,7,0,19,0,179,88,1,268,0,191,95,1,287,364,0,364,651
06/04/2023,GYR,AZ,AWP,CE,Federal Contract Tower,0,7,2,0,9,0,207,63,1,271,0,214,65,1,280,426,0,426,706
06/05/2023,GYR,AZ,AWP,CE,Federal Contract Tower,0,7,3,0,10,0,191,82,2,275,0,198,85,2,285,358,0,358,643
06/06/2023,GYR,AZ,AWP,CE,Federal Contract Tower,1,5,2,0,8,0,128,56,0,184,1,133,58,0,192,361,0,361,553
06/07/2023,GYR,AZ,AWP,CE,Federal Contract Tower,0,13,4,0,17,0,201,62,0,263,0,214,66,0,280,447,0,447,727
06/08/2023,GYR,AZ,AWP,CE,Federal Contract Tower,0,15,7,0,22,0,183,62,0,245,0,198,69,0,267,352,0,352,619
06/09/2023,GYR,AZ,AWP,CE,Federal Contract Tower,3,16,4,0,23,0,182,78,2,262,3,198,82,2,285,412,0,412,697
06/10/2023,GYR,AZ,AWP,CE,Federal Contract Tower,0,9,4,0,13,0,187,71,1,259,0,196,75,1,272,584,0,584,856
06/11/2023,GYR,AZ,AWP,CE,Federal Contract Tower,0,3,5,0,8,0,133,64,2,199,0,136,69,2,207,530,0,530,737
06/12/2023,GYR,AZ,AWP,CE,Federal Contract Tower,0,12,1,0,13,0,207,79,0,286,0,219,80,0,299,461,0,461,760
06/13/2023,GYR,AZ,AWP,CE,Federal Contract Tower,0,13,2,0,15,0,225,94,0,319,0,238,96,0,334,440,0,440,774
06/14/2023,GYR,AZ,AWP,CE,Federal Contract Tower,1,13,5,0,19,0,195,59,0,254,1,208,64,0,273,330,0,330,603
06/15/2023,GYR,AZ,AWP,CE,Federal Contract Tower,0,7,1,0,8,0,163,73,0,236,0,170,74,0,244,402,0,402,646
06/16/2023,GYR,AZ,AWP,CE,Federal Contract Tower,0,7,2,0,9,0,196,80,0,276,0,203,82,0,285,436,0,436,721
06/17/2023,GYR,AZ,AWP,CE,Federal Contract Tower,0,9,3,0,12,0,148,68,0,216,0,157,71,0,228,638,0,638,866
06/18/2023,GYR,AZ,AWP,CE,Federal Contract Tower,0,9,6,0,15,0,133,51,0,184,0,142,57,0,199,294,0,294,493
06/19/2023,GYR,AZ,AWP,CE,Federal Contract Tower,0,4,3,0,7,0,155,57,0,212,0,159,60,0,219,428,0,428,647
06/20/2023,GYR,AZ,AWP,CE,Federal Contract Tower,2,11,6,0,19,0,191,84,0,275,2,202,90,0,294,358,0,358,652
06/21/2023,GYR,AZ,AWP,CE,Federal Contract Tower,0,9,6,0,15,0,184,85,0,269,0,193,91,0,284,412,0,412,696
06/22/2023,GYR,AZ,AWP,CE,Federal Contract Tower,0,2,3,0,5,0,143,68,1,212,0,145,71,1,217,297,0,297,514
06/23/2023,GYR,AZ,AWP,CE,Federal Contract Tower,0,18,3,0,21,0,207,85,2,294,0,225,88,2,315,432,0,432,747
06/24/2023,GYR,AZ,AWP,CE,Federal Contract Tower,0,18,1,0,19,0,173,60,0,233,0,191,61,0,252,436,0,436,688
06/25/2023,GYR,AZ,AWP,CE,Federal Contract Tower,0,13,9,0,22,0,178,55,0,233,0,191,64,0,255,412,0,412,667
06/26/2023,GYR,AZ,AWP,CE,Federal Contract Tower,0,9,4,0,13,0,176,64,2,242,0,185,68,2,255,330,0,330,585
06/27/2023,GYR,AZ,AWP,CE,Federal Contract Tower,1,10,2,0,13,0,212,74,4,290,1,222,76,4,303,374,0,374,677
06/28/2023,GYR,AZ,AWP,CE,Federal Contract Tower,0,9,1,0,10,0,174,72,0,246,0,183,73,0,256,374,0,374,630
06/29/2023,GYR,AZ,AWP,CE,Federal Contract Tower,0,16,4,0,20,0,174,69,0,243,0,190,73,0,263,444,0,444,707
06/30/2023,GYR,AZ,AWP,CE,Federal Contract Tower,0,13,5,0,18,0,183,80,0,263,0,196,85,0,281,462,0,462,743
07/01/2023,GYR,AZ,AWP,CE,Federal Contract Tower,0,12,2,0,14,0,174,72,0,246,0,186,74,0,260,470,0,470,730
07/02/2023,GYR,AZ,AWP,CE,Federal Contract Tower,0,9,2,0,11,0,165,64,0,229,0,174,66,0,240,314,0,314,554
07/03/2023,GYR,AZ,AWP,CE,Federal Contract Tower,0,3,2,0,5,0,158,48,0,206,0,161,50,0,211,278,0,278,489
07/04/2023,GYR,AZ,AWP,CE,Federal Contract Tower,0,1,0,0,1,0,19,56,0,75,0,20,56,0,76,110,0,110,186
07/05/2023,GYR,AZ,AWP,CE,Federal Contract Tower,0,4,1,0,5,0,178,59,0,237,0,182,60,0,242,414,0,414,656
07/06/2023,GYR,AZ,AWP,CE,Federal Contract Tower,0,8,5,0,13,0,162,79,0,241,0,170,84,0,254,316,0,316,570
07/07/2023,GYR,AZ,AWP,CE,Federal Contract Tower,0,13,0,0,13,0,192,85,0,277,0,205,85,0,290,466,0,466,756
07/08/2023,GYR,AZ,AWP,CE,Federal Contract Tower,0,12,5,0,17,0,187,75,0,262,0,199,80,0,279,497,0,497,776
07/09/2023,GYR,AZ,AWP,CE,Federal Contract Tower,0,13,3,0,16,0,230,53,0,283,0,243,56,0,299,428,0,428,727
07/10/2023,GYR,AZ,AWP,CE,Federal Contract Tower,2,14,4,0,20,0,196,82,0,278,2,210,86,0,298,546,0,546,844
07/11/2023,GYR,AZ,AWP,CE,Federal Contract Tower,0,12,4,0,16,0,179,68,0,247,0,191,72,0,263,440,0,440,703
07/12/2023,GYR,AZ,AWP,CE,Federal Contract Tower,0,16,5,0,21,0,166,69,0,235,0,182,74,0,256,404,0,404,660
07/13/2023,GYR,AZ,AWP,CE,Federal Contract Tower,0,19,5,0,24,0,145,69,0,214,0,164,74,0,238,422,0,422,660
07/14/2023,GYR,AZ,AWP,CE,Federal Contract Tower,0,16,5,0,21,0,150,51,0,201,0,166,56,0,222,362,0,362,584
07/15/2023,GYR,AZ,AWP,CE,Federal Contract Tower,0,8,2,0,10,0,174,40,0,214,0,182,42,0,224,310,0,310,534
07/16/2023,GYR,AZ,AWP,CE,Federal Contract Tower,0,5,1,0,6,0,181,60,0,241,0,186,61,0,247,414,0,414,661
07/17/2023,GYR,AZ,AWP,CE,Federal Contract Tower,0,8,7,0,15,0,130,48,0,178,0,138,55,0,193,298,0,298,491
07/18/2023,GYR,AZ,AWP,CE,Federal Contract Tower,0,12,4,0,16,0,148,60,0,208,0,160,64,0,224,358,0,358,582
07/19/2023,GYR,AZ,AWP,CE,Federal Contract Tower,0,16,2,0,18,0,163,53,0,216,0,179,55,0,234,364,0,364,598
07/20/2023,GYR,AZ,AWP,CE,Federal Contract Tower,0,12,3,0,15,0,157,48,0,205,0,169,51,0,220,366,0,366,586
07/21/2023,GYR,AZ,AWP,CE,Federal Contract Tower,0,6,6,0,12,0,152,39,0,191,0,158,45,0,203,392,0,392,595
07/22/2023,GYR,AZ,AWP,CE,Federal Contract Tower,0,15,3,0,18,0,179,23,0,202,0,194,26,0,220,342,0,342,562
07/23/2023,GYR,AZ,AWP,CE,Federal Contract Tower,0,7,4,0,11,0,168,31,0,199,0,175,35,0,210,348,0,348,558
07/24/2023,GYR,AZ,AWP,CE,Federal Contract Tower,0,10,1,0,11,0,209,48,0,257,0,219,49,0,268,430,0,430,698
07/25/2023,GYR,AZ,AWP,CE,Federal Contract Tower,0,10,0,0,10,0,145,31,0,176,0,155,31,0,186,376,0,376,562
07/26/2023,GYR,AZ,AWP,CE,Federal Contract Tower,2,12,1,0,15,0,139,37,0,176,2,151,38,0,191,324,0,324,515
07/27/2023,GYR,AZ,AWP,CE,Federal Contract Tower,0,19,5,0,24,0,168,48,0,216,0,187,53,0,240,456,0,456,696
07/28/2023,GYR,AZ,AWP,CE,Federal Contract Tower,2,17,5,0,24,0,155,48,0,203,2,172,53,0,227,346,0,346,573
07/29/2023,GYR,AZ,AWP,CE,Federal Contract Tower,0,7,7,0,14,0,177,54,0,231,0,184,61,0,245,502,0,502,747
07/30/2023,GYR,AZ,AWP,CE,Federal Contract Tower,0,5,1,0,6,0,164,33,0,197,0,169,34,0,203,414,0,414,617
07/31/2023,GYR,AZ,AWP,CE,Federal Contract Tower,1,7,1,0,9,0,169,45,0,214,1,176,46,0,223,442,0,442,665
08/01/2023,GYR,AZ,AWP,CE,Federal Contract Tower,1,17,0,0,18,0,186,69,0,255,1,203,69,0,273,444,0,444,717
08/02/2023,GYR,AZ,AWP,CE,Federal Contract Tower,0,12,1,0,13,0,163,65,0,228,0,175,66,0,241,396,0,396,637
08/03/2023,GYR,AZ,AWP,CE,Federal Contract Tower,0,21,4,0,25,0,160,68,0,228,0,181,72,0,253,436,0,436,689
08/04/2023,GYR,AZ,AWP,CE,Federal Contract Tower,0,18,1,0,19,0,132,52,0,184,0,150,53,0,203,402,0,402,605
08/05/2023,GYR,AZ,AWP,CE,Federal Contract Tower,2,16,1,0,19,0,129,70,0,199,2,145,71,0,218,327,0,327,545
08/06/2023,GYR,AZ,AWP,CE,Federal Contract Tower,4,17,2,0,23,0,121,43,0,164,4,138,45,0,187,382,0,382,569
08/07/2023,GYR,AZ,AWP,CE,Federal Contract Tower,0,19,0,0,19,0,149,57,0,206,0,168,57,0,225,372,0,372,597
08/08/2023,GYR,AZ,AWP,CE,Federal Contract Tower,0,20,1,0,21,0,148,57,0,205,0,168,58,0,226,444,0,444,670
08/09/2023,GYR,AZ,AWP,CE,Federal Contract Tower,0,23,1,0,24,0,178,78,0,256,0,201,79,0,280,440,0,440,720
08/10/2023,GYR,AZ,AWP,CE,Federal Contract Tower,4,25,1,0,30,0,172,79,0,251,4,197,80,0,281,468,0,468,749
08/11/2023,GYR,AZ,AWP,CE,Federal Contract Tower,0,18,0,0,18,0,127,55,0,182,0,145,55,0,200,278,0,278,478
08/12/2023,GYR,AZ,AWP,CE,Federal Contract Tower,0,29,3,0,32,0,152,65,0,217,0,181,68,0,249,306,0,306,555
08/13/2023,GYR,AZ,AWP,CE,Federal Contract Tower,0,11,1,0,12,0,168,54,0,222,0,179,55,0,234,270,0,270,504
08/14/2023,GYR,AZ,AWP,CE,Federal Contract Tower,0,33,5,0,38,0,159,64,0,223,0,192,69,0,261,454,0,454,715
08/15/2023,GYR,AZ,AWP,CE,Federal Contract Tower,0,8,2,0,10,0,162,66,0,228,0,170,68,0,238,468,0,468,706
08/16/2023,GYR,AZ,AWP,CE,Federal Contract Tower,0,12,6,0,18,0,166,74,0,240,0,178,80,0,258,360,0,360,618
08/17/2023,GYR,AZ,AWP,CE,Federal Contract Tower,0,18,5,0,23,0,150,71,0,221,0,168,76,0,244,440,0,440,684
08/18/2023,GYR,AZ,AWP,CE,Federal Contract Tower,0,12,7,0,19,0,113,54,3,170,0,125,61,3,189,355,0,355,544
08/19/2023,GYR,AZ,AWP,CE,Federal Contract Tower,0,2,6,0,8,0,76,38,0,114,0,78,44,0,122,382,0,382,504
08/20/2023,GYR,AZ,AWP,CE,Federal Contract Tower,1,5,1,1,8,0,101,25,0,126,1,106,26,1,134,273,0,273,407
08/21/2023,GYR,AZ,AWP,CE,Federal Contract Tower,0,12,7,2,21,0,192,72,0,264,0,204,79,2,285,428,0,428,713
08/22/2023,GYR,AZ,AWP,CE,Federal Contract Tower,0,22,2,0,24,0,225,80,1,306,0,247,82,1,330,470,0,470,800
08/23/2023,GYR,AZ,AWP,CE,Federal Contract Tower,2,12,1,0,15,0,181,81,0,262,2,193,82,0,277,320,0,320,597
08/24/2023,GYR,AZ,AWP,CE,Federal Contract Tower,0,32,2,0,34,0,198,68,1,267,0,230,70,1,301,405,0,405,706
08/25/2023,GYR,AZ,AWP,CE,Federal Contract Tower,0,28,5,0,33,0,197,59,0,256,0,225,64,0,289,337,0,337,626
08/26/2023,GYR,AZ,AWP,CE,Federal Contract Tower,0,15,5,0,20,0,163,62,1,226,0,178,67,1,246,430,0,430,676
08/27/2023,GYR,AZ,AWP,CE,Federal Contract Tower,0,20,1,0,21,0,225,61,0,286,0,245,62,0,307,350,0,350,657
08/28/2023,GYR,AZ,AWP,CE,Federal Contract Tower,0,9,2,0,11,0,193,74,0,267,0,202,76,0,278,396,0,396,674
08/29/2023,GYR,AZ,AWP,CE,Federal Contract Tower,0,20,3,0,23,0,209,67,0,276,0,229,70,0,299,384,0,384,683
08/30/2023,GYR,AZ,AWP,CE,Federal Contract Tower,0,10,0,0,10,0,198,108,0,306,0,208,108,0,316,561,0,561,877
08/31/2023,GYR,AZ,AWP,CE,Federal Contract Tower,0,14,1,0,15,0,174,95,0,269,0,188,96,0,284,290,0,290,574
