01/01/2020,GYY,IN,AGL,CE,Federal Contract Tower,0,5,10,0,15,0,0,8,0,8,0,5,18,0,23,0,0,0,23
01/02/2020,GYY,IN,AGL,CE,Federal Contract Tower,0,9,5,0,14,0,0,20,6,26,0,9,25,6,40,10,8,18,58
01/03/2020,GYY,IN,AGL,CE,Federal Contract Tower,3,11,13,0,27,0,0,11,0,11,3,11,24,0,38,8,0,8,46
01/04/2020,GYY,IN,AGL,CE,Federal Contract Tower,0,2,9,0,11,0,0,9,0,9,0,2,18,0,20,0,0,0,20
01/05/2020,GYY,IN,AGL,CE,Federal Contract Tower,0,8,22,0,30,0,0,5,0,5,0,8,27,0,35,0,0,0,35
01/06/2020,GYY,IN,AGL,CE,Federal Contract Tower,0,4,13,0,17,0,0,20,0,20,0,4,33,0,37,26,0,26,63
01/07/2020,GYY,IN,AGL,CE,Federal Contract Tower,3,4,11,0,18,0,0,10,2,12,3,4,21,2,30,4,0,4,34
01/08/2020,GYY,IN,AGL,CE,Federal Contract Tower,2,2,17,0,21,0,0,15,4,19,2,2,32,4,40,34,6,40,80
01/09/2020,GYY,IN,AGL,CE,Federal Contract Tower,0,5,18,0,23,0,0,5,1,6,0,5,23,1,29,0,0,0,29
01/10/2020,GYY,IN,AGL,CE,Federal Contract Tower,2,4,13,0,19,0,0,0,0,0,2,4,13,0,19,0,0,0,19
01/11/2020,GYY,IN,AGL,CE,Federal Contract Tower,0,0,4,0,4,0,0,0,0,0,0,0,4,0,4,0,0,0,4
01/12/2020,GYY,IN,AGL,CE,Federal Contract Tower,0,8,20,1,29,0,0,5,0,5,0,8,25,1,34,6,0,6,40
01/13/2020,GYY,IN,AGL,CE,Federal Contract Tower,0,10,15,1,26,0,0,11,0,11,0,10,26,1,37,0,0,0,37
01/14/2020,GYY,IN,AGL,CE,Federal Contract Tower,1,15,24,0,40,0,0,3,4,7,1,15,27,4,47,26,0,26,73
01/15/2020,GYY,IN,AGL,CE,Federal Contract Tower,0,9,23,0,32,0,0,0,0,0,0,9,23,0,32,0,0,0,32
01/17/2020,GYY,IN,AGL,CE,Federal Contract Tower,3,10,20,0,33,0,0,8,2,10,3,10,28,2,43,12,0,12,55
01/18/2020,GYY,IN,AGL,CE,Federal Contract Tower,0,1,8,0,9,0,0,0,0,0,0,1,8,0,9,0,0,0,9
01/19/2020,GYY,IN,AGL,CE,Federal Contract Tower,1,10,11,0,22,0,0,3,0,3,1,10,14,0,25,0,0,0,25
01/20/2020,GYY,IN,AGL,CE,Federal Contract Tower,1,7,20,0,28,0,1,5,0,6,1,8,25,0,34,0,0,0,34
01/21/2020,GYY,IN,AGL,CE,Federal Contract Tower,0,4,15,0,19,0,0,17,0,17,0,4,32,0,36,0,0,0,36
01/22/2020,GYY,IN,AGL,CE,Federal Contract Tower,0,11,23,0,34,0,1,14,5,20,0,12,37,5,54,14,4,18,72
01/23/2020,GYY,IN,AGL,CE,Federal Contract Tower,1,2,19,0,22,0,0,0,0,0,1,2,19,0,22,0,0,0,22
01/24/2020,GYY,IN,AGL,CE,Federal Contract Tower,2,17,16,0,35,0,0,0,0,0,2,17,16,0,35,0,0,0,35
01/25/2020,GYY,IN,AGL,CE,Federal Contract Tower,1,3,6,0,10,0,0,0,0,0,1,3,6,0,10,0,0,0,10
01/26/2020,GYY,IN,AGL,CE,Federal Contract Tower,1,7,10,0,18,0,0,0,0,0,1,7,10,0,18,0,0,0,18
01/27/2020,GYY,IN,AGL,CE,Federal Contract Tower,0,6,20,0,26,0,0,0,0,0,0,6,20,0,26,0,0,0,26
01/28/2020,GYY,IN,AGL,CE,Federal Contract Tower,0,8,14,2,24,0,0,0,0,0,0,8,14,2,24,0,0,0,24
01/29/2020,GYY,IN,AGL,CE,Federal Contract Tower,0,8,26,0,34,0,0,7,5,12,0,8,33,5,46,10,0,10,56
01/30/2020,GYY,IN,AGL,CE,Federal Contract Tower,0,12,19,1,32,0,0,16,2,18,0,12,35,3,50,14,0,14,64
01/31/2020,GYY,IN,AGL,CE,Federal Contract Tower,8,11,21,0,40,0,0,0,0,0,8,11,21,0,40,0,0,0,40
02/01/2020,GYY,IN,AGL,CE,Federal Contract Tower,0,3,9,0,12,0,0,0,0,0,0,3,9,0,12,0,0,0,12
02/02/2020,GYY,IN,AGL,CE,Federal Contract Tower,1,4,12,0,17,0,0,18,3,21,1,4,30,3,38,2,0,2,40
02/03/2020,GYY,IN,AGL,CE,Federal Contract Tower,2,6,21,0,29,0,7,17,0,24,2,13,38,0,53,4,0,4,57
02/04/2020,GYY,IN,AGL,CE,Federal Contract Tower,0,11,14,0,25,0,0,3,0,3,0,11,17,0,28,0,0,0,28
02/05/2020,GYY,IN,AGL,CE,Federal Contract Tower,0,7,12,0,19,0,0,12,4,16,0,7,24,4,35,12,4,16,51
02/06/2020,GYY,IN,AGL,CE,Federal Contract Tower,2,6,22,0,30,0,0,0,0,0,2,6,22,0,30,0,0,0,30
02/07/2020,GYY,IN,AGL,CE,Federal Contract Tower,2,3,18,0,23,0,0,10,2,12,2,3,28,2,35,0,0,0,35
02/08/2020,GYY,IN,AGL,CE,Federal Contract Tower,1,5,11,0,17,0,0,16,0,16,1,5,27,0,33,2,0,2,35
02/09/2020,GYY,IN,AGL,CE,Federal Contract Tower,0,5,6,0,11,0,0,0,0,0,0,5,6,0,11,0,0,0,11
02/10/2020,GYY,IN,AGL,CE,Federal Contract Tower,0,8,19,0,27,0,0,5,0,5,0,8,24,0,32,8,0,8,40
02/11/2020,GYY,IN,AGL,CE,Federal Contract Tower,0,9,26,0,35,0,0,19,0,19,0,9,45,0,54,10,0,10,64
02/12/2020,GYY,IN,AGL,CE,Federal Contract Tower,0,7,17,0,24,0,0,17,0,17,0,7,34,0,41,20,0,20,61
02/13/2020,GYY,IN,AGL,CE,Federal Contract Tower,0,10,10,0,20,0,0,2,0,2,0,10,12,0,22,0,0,0,22
02/14/2020,GYY,IN,AGL,CE,Federal Contract Tower,2,12,25,0,39,0,0,12,0,12,2,12,37,0,51,4,0,4,55
02/15/2020,GYY,IN,AGL,CE,Federal Contract Tower,1,5,9,0,15,0,0,4,0,4,1,5,13,0,19,14,0,14,33
02/16/2020,GYY,IN,AGL,CE,Federal Contract Tower,4,11,18,0,33,0,0,29,0,29,4,11,47,0,62,8,0,8,70
02/17/2020,GYY,IN,AGL,CE,Federal Contract Tower,0,7,18,0,25,0,0,7,0,7,0,7,25,0,32,0,0,0,32
02/18/2020,GYY,IN,AGL,CE,Federal Contract Tower,0,9,12,0,21,0,0,5,0,5,0,9,17,0,26,0,0,0,26
02/19/2020,GYY,IN,AGL,CE,Federal Contract Tower,2,3,20,0,25,0,0,24,3,27,2,3,44,3,52,26,0,26,78
02/20/2020,GYY,IN,AGL,CE,Federal Contract Tower,2,5,21,0,28,0,0,24,7,31,2,5,45,7,59,14,8,22,81
02/21/2020,GYY,IN,AGL,CE,Federal Contract Tower,3,11,17,0,31,0,0,17,2,19,3,11,34,2,50,10,0,10,60
02/22/2020,GYY,IN,AGL,CE,Federal Contract Tower,1,4,15,0,20,0,0,33,0,33,1,4,48,0,53,12,0,12,65
02/23/2020,GYY,IN,AGL,CE,Federal Contract Tower,1,1,23,0,25,0,2,27,0,29,1,3,50,0,54,10,0,10,64
02/24/2020,GYY,IN,AGL,CE,Federal Contract Tower,0,4,15,0,19,0,0,1,0,1,0,4,16,0,20,0,0,0,20
02/25/2020,GYY,IN,AGL,CE,Federal Contract Tower,1,6,16,0,23,0,0,0,0,0,1,6,16,0,23,0,0,0,23
02/26/2020,GYY,IN,AGL,CE,Federal Contract Tower,0,3,12,0,15,0,0,0,0,0,0,3,12,0,15,0,0,0,15
02/27/2020,GYY,IN,AGL,CE,Federal Contract Tower,0,4,15,0,19,0,0,32,0,32,0,4,47,0,51,24,0,24,75
02/28/2020,GYY,IN,AGL,CE,Federal Contract Tower,4,7,25,0,36,0,0,20,0,20,4,7,45,0,56,18,0,18,74
02/29/2020,GYY,IN,AGL,CE,Federal Contract Tower,1,4,13,0,18,0,0,30,2,32,1,4,43,2,50,50,0,50,100
03/01/2020,GYY,IN,AGL,CE,Federal Contract Tower,0,4,13,0,17,0,0,15,0,15,0,4,28,0,32,0,0,0,32
03/02/2020,GYY,IN,AGL,CE,Federal Contract Tower,1,7,13,0,21,0,0,12,0,12,1,7,25,0,33,6,0,6,39
03/03/2020,GYY,IN,AGL,CE,Federal Contract Tower,2,11,9,0,22,0,0,11,2,13,2,11,20,2,35,32,0,32,67
03/04/2020,GYY,IN,AGL,CE,Federal Contract Tower,3,6,21,0,30,0,0,35,0,35,3,6,56,0,65,24,0,24,89
03/05/2020,GYY,IN,AGL,CE,Federal Contract Tower,0,4,31,1,36,0,0,10,0,10,0,4,41,1,46,0,0,0,46
03/06/2020,GYY,IN,AGL,CE,Federal Contract Tower,2,5,17,0,24,0,0,5,0,5,2,5,22,0,29,0,0,0,29
03/07/2020,GYY,IN,AGL,CE,Federal Contract Tower,0,4,9,0,13,0,0,18,3,21,0,4,27,3,34,30,0,30,64
03/08/2020,GYY,IN,AGL,CE,Federal Contract Tower,0,3,25,0,28,0,0,14,0,14,0,3,39,0,42,10,0,10,52
03/10/2020,GYY,IN,AGL,CE,Federal Contract Tower,1,5,17,0,23,0,0,7,0,7,1,5,24,0,30,4,0,4,34
03/11/2020,GYY,IN,AGL,CE,Federal Contract Tower,0,2,12,0,14,0,0,0,0,0,0,2,12,0,14,0,0,0,14
03/12/2020,GYY,IN,AGL,CE,Federal Contract Tower,1,3,21,0,25,0,0,13,0,13,1,3,34,0,38,0,0,0,38
03/13/2020,GYY,IN,AGL,CE,Federal Contract Tower,4,5,24,0,33,0,0,24,2,26,4,5,48,2,59,2,0,2,61
03/14/2020,GYY,IN,AGL,CE,Federal Contract Tower,0,4,4,0,8,0,0,7,0,7,0,4,11,0,15,6,0,6,21
03/15/2020,GYY,IN,AGL,CE,Federal Contract Tower,1,4,22,0,27,0,0,9,0,9,1,4,31,0,36,0,0,0,36
03/16/2020,GYY,IN,AGL,CE,Federal Contract Tower,0,7,20,0,27,0,0,4,0,4,0,7,24,0,31,2,0,2,33
03/17/2020,GYY,IN,AGL,CE,Federal Contract Tower,0,2,11,0,13,0,0,42,0,42,0,2,53,0,55,26,0,26,81
03/18/2020,GYY,IN,AGL,CE,Federal Contract Tower,0,14,15,0,29,0,0,3,0,3,0,14,18,0,32,0,0,0,32
03/19/2020,GYY,IN,AGL,CE,Federal Contract Tower,0,0,5,0,5,0,0,0,0,0,0,0,5,0,5,0,0,0,5
03/20/2020,GYY,IN,AGL,CE,Federal Contract Tower,0,1,18,2,21,0,0,5,1,6,0,1,23,3,27,0,0,0,27
03/21/2020,GYY,IN,AGL,CE,Federal Contract Tower,0,1,8,0,9,0,0,10,0,10,0,1,18,0,19,12,0,12,31
03/22/2020,GYY,IN,AGL,CE,Federal Contract Tower,0,0,8,0,8,0,0,0,0,0,0,0,8,0,8,0,0,0,8
03/23/2020,GYY,IN,AGL,CE,Federal Contract Tower,0,4,7,0,11,0,0,8,0,8,0,4,15,0,19,0,0,0,19
03/24/2020,GYY,IN,AGL,CE,Federal Contract Tower,0,2,4,0,6,0,0,7,0,7,0,2,11,0,13,4,0,4,17
03/25/2020,GYY,IN,AGL,CE,Federal Contract Tower,0,1,5,1,7,0,0,13,4,17,0,1,18,5,24,44,0,44,68
03/26/2020,GYY,IN,AGL,CE,Federal Contract Tower,0,0,2,0,2,0,0,8,4,12,0,0,10,4,14,6,44,50,64
03/27/2020,GYY,IN,AGL,CE,Federal Contract Tower,0,0,2,0,2,0,0,1,0,1,0,0,3,0,3,0,0,0,3
03/28/2020,GYY,IN,AGL,CE,Federal Contract Tower,0,0,3,0,3,0,0,0,0,0,0,0,3,0,3,0,0,0,3
03/29/2020,GYY,IN,AGL,CE,Federal Contract Tower,0,0,4,0,4,0,0,0,0,0,0,0,4,0,4,0,0,0,4
03/30/2020,GYY,IN,AGL,CE,Federal Contract Tower,0,2,8,0,10,0,0,19,0,19,0,2,27,0,29,70,0,70,99
03/31/2020,GYY,IN,AGL,CE,Federal Contract Tower,0,0,3,0,3,0,0,4,3,7,0,0,7,3,10,0,6,6,16
04/01/2020,GYY,IN,AGL,CE,Federal Contract Tower,0,1,13,0,14,0,0,3,0,3,0,1,16,0,17,0,0,0,17
04/02/2020,GYY,IN,AGL,CE,Federal Contract Tower,0,0,9,0,9,2,0,20,0,22,2,0,29,0,31,88,0,88,119
04/03/2020,GYY,IN,AGL,CE,Federal Contract Tower,2,0,7,0,9,0,0,8,0,8,2,0,15,0,17,40,0,40,57
04/04/2020,GYY,IN,AGL,CE,Federal Contract Tower,0,2,2,0,4,0,0,2,0,2,0,2,4,0,6,0,0,0,6
04/05/2020,GYY,IN,AGL,CE,Federal Contract Tower,0,6,4,0,10,0,0,9,0,9,0,6,13,0,19,6,0,6,25
04/06/2020,GYY,IN,AGL,CE,Federal Contract Tower,0,4,3,0,7,0,0,9,0,9,0,4,12,0,16,0,0,0,16
04/07/2020,GYY,IN,AGL,CE,Federal Contract Tower,0,0,2,0,2,2,0,10,0,12,2,0,12,0,14,18,0,18,32
04/08/2020,GYY,IN,AGL,CE,Federal Contract Tower,0,1,4,0,5,0,0,3,0,3,0,1,7,0,8,0,0,0,8
04/09/2020,GYY,IN,AGL,CE,Federal Contract Tower,0,2,4,0,6,0,0,2,0,2,0,2,6,0,8,10,0,10,18
04/10/2020,GYY,IN,AGL,CE,Federal Contract Tower,2,1,2,0,5,0,0,17,0,17,2,1,19,0,22,40,0,40,62
04/11/2020,GYY,IN,AGL,CE,Federal Contract Tower,0,0,4,0,4,0,0,4,0,4,0,0,8,0,8,0,0,0,8
04/12/2020,GYY,IN,AGL,CE,Federal Contract Tower,0,0,4,0,4,0,0,2,0,2,0,0,6,0,6,0,0,0,6
04/13/2020,GYY,IN,AGL,CE,Federal Contract Tower,0,3,1,0,4,12,0,1,0,13,12,3,2,0,17,12,0,12,29
04/14/2020,GYY,IN,AGL,CE,Federal Contract Tower,0,1,5,0,6,0,2,10,0,12,0,3,15,0,18,18,0,18,36
04/15/2020,GYY,IN,AGL,CE,Federal Contract Tower,1,0,1,0,2,0,2,11,0,13,1,2,12,0,15,26,0,26,41
04/16/2020,GYY,IN,AGL,CE,Federal Contract Tower,0,1,4,4,9,0,2,7,2,11,0,3,11,6,20,28,0,28,48
04/17/2020,GYY,IN,AGL,CE,Federal Contract Tower,2,1,4,0,7,0,0,0,0,0,2,1,4,0,7,18,0,18,25
04/18/2020,GYY,IN,AGL,CE,Federal Contract Tower,0,0,3,0,3,0,0,7,0,7,0,0,10,0,10,8,0,8,18
04/19/2020,GYY,IN,AGL,CE,Federal Contract Tower,1,0,4,0,5,0,2,14,0,16,1,2,18,0,21,24,0,24,45
04/20/2020,GYY,IN,AGL,CE,Federal Contract Tower,0,2,6,0,8,0,0,26,0,26,0,2,32,0,34,12,0,12,46
04/21/2020,GYY,IN,AGL,CE,Federal Contract Tower,1,3,8,0,12,0,12,12,0,24,1,15,20,0,36,0,0,0,36
04/22/2020,GYY,IN,AGL,CE,Federal Contract Tower,0,0,8,0,8,0,0,15,5,20,0,0,23,5,28,6,8,14,42
04/23/2020,GYY,IN,AGL,CE,Federal Contract Tower,0,1,1,1,3,0,0,4,1,5,0,1,5,2,8,0,0,0,8
04/24/2020,GYY,IN,AGL,CE,Federal Contract Tower,2,1,10,0,13,0,0,0,0,0,2,1,10,0,13,12,0,12,25
04/25/2020,GYY,IN,AGL,CE,Federal Contract Tower,0,1,12,0,13,0,0,0,0,0,0,1,12,0,13,0,0,0,13
04/26/2020,GYY,IN,AGL,CE,Federal Contract Tower,0,0,1,0,1,0,0,19,0,19,0,0,20,0,20,12,0,12,32
04/27/2020,GYY,IN,AGL,CE,Federal Contract Tower,0,4,4,0,8,0,0,7,0,7,0,4,11,0,15,2,0,2,17
04/28/2020,GYY,IN,AGL,CE,Federal Contract Tower,0,0,9,0,9,0,0,11,2,13,0,0,20,2,22,0,0,0,22
04/29/2020,GYY,IN,AGL,CE,Federal Contract Tower,0,5,17,0,22,0,0,0,0,0,0,5,17,0,22,0,0,0,22
04/30/2020,GYY,IN,AGL,CE,Federal Contract Tower,0,1,1,0,2,0,0,3,2,5,0,1,4,2,7,0,0,0,7
05/01/2020,GYY,IN,AGL,CE,Federal Contract Tower,2,2,8,0,12,0,0,27,0,27,2,2,35,0,39,36,0,36,75
05/02/2020,GYY,IN,AGL,CE,Federal Contract Tower,0,1,7,0,8,0,0,23,0,23,0,1,30,0,31,14,0,14,45
05/03/2020,GYY,IN,AGL,CE,Federal Contract Tower,0,1,9,0,10,0,0,16,0,16,0,1,25,0,26,18,0,18,44
05/04/2020,GYY,IN,AGL,CE,Federal Contract Tower,0,0,17,0,17,0,1,5,0,6,0,1,22,0,23,2,0,2,25
05/05/2020,GYY,IN,AGL,CE,Federal Contract Tower,1,6,4,0,11,0,0,2,2,4,1,6,6,2,15,18,0,18,33
05/06/2020,GYY,IN,AGL,CE,Federal Contract Tower,2,7,13,3,25,0,0,30,0,30,2,7,43,3,55,34,0,34,89
05/07/2020,GYY,IN,AGL,CE,Federal Contract Tower,0,0,13,1,14,0,0,21,1,22,0,0,34,2,36,4,0,4,40
05/08/2020,GYY,IN,AGL,CE,Federal Contract Tower,3,0,7,2,12,0,2,5,1,8,3,2,12,3,20,2,0,2,22
05/09/2020,GYY,IN,AGL,CE,Federal Contract Tower,1,1,15,0,17,0,0,24,0,24,1,1,39,0,41,22,0,22,63
05/10/2020,GYY,IN,AGL,CE,Federal Contract Tower,1,1,1,0,3,0,0,1,0,1,1,1,2,0,4,0,0,0,4
05/11/2020,GYY,IN,AGL,CE,Federal Contract Tower,1,4,7,0,12,0,0,15,0,15,1,4,22,0,27,12,0,12,39
05/12/2020,GYY,IN,AGL,CE,Federal Contract Tower,0,0,13,0,13,0,0,30,0,30,0,0,43,0,43,38,0,38,81
05/13/2020,GYY,IN,AGL,CE,Federal Contract Tower,0,2,9,0,11,0,0,13,2,15,0,2,22,2,26,20,18,38,64
05/14/2020,GYY,IN,AGL,CE,Federal Contract Tower,0,3,9,0,12,0,0,0,0,0,0,3,9,0,12,0,0,0,12
05/15/2020,GYY,IN,AGL,CE,Federal Contract Tower,2,4,7,0,13,0,0,4,0,4,2,4,11,0,17,10,0,10,27
05/16/2020,GYY,IN,AGL,CE,Federal Contract Tower,0,2,3,0,5,0,0,6,0,6,0,2,9,0,11,6,0,6,17
05/17/2020,GYY,IN,AGL,CE,Federal Contract Tower,0,0,3,0,3,0,0,0,0,0,0,0,3,0,3,0,0,0,3
05/18/2020,GYY,IN,AGL,CE,Federal Contract Tower,2,0,13,0,15,0,0,2,0,2,2,0,15,0,17,0,0,0,17
05/19/2020,GYY,IN,AGL,CE,Federal Contract Tower,0,4,11,0,15,0,0,0,0,0,0,4,11,0,15,0,0,0,15
05/20/2020,GYY,IN,AGL,CE,Federal Contract Tower,0,4,20,0,24,0,0,21,11,32,0,4,41,11,56,32,4,36,92
05/21/2020,GYY,IN,AGL,CE,Federal Contract Tower,0,2,15,0,17,0,0,36,7,43,0,2,51,7,60,18,10,28,88
05/22/2020,GYY,IN,AGL,CE,Federal Contract Tower,0,3,8,18,29,0,0,15,0,15,0,3,23,18,44,36,0,36,80
05/23/2020,GYY,IN,AGL,CE,Federal Contract Tower,0,8,5,0,13,0,0,16,0,16,0,8,21,0,29,16,0,16,45
05/24/2020,GYY,IN,AGL,CE,Federal Contract Tower,0,2,10,0,12,0,0,9,0,9,0,2,19,0,21,4,0,4,25
05/25/2020,GYY,IN,AGL,CE,Federal Contract Tower,0,4,10,0,14,0,0,8,0,8,0,4,18,0,22,0,0,0,22
05/26/2020,GYY,IN,AGL,CE,Federal Contract Tower,1,6,17,0,24,0,0,19,0,19,1,6,36,0,43,0,0,0,43
05/27/2020,GYY,IN,AGL,CE,Federal Contract Tower,0,6,15,0,21,0,0,22,8,30,0,6,37,8,51,10,40,50,101
05/28/2020,GYY,IN,AGL,CE,Federal Contract Tower,1,0,11,0,12,0,2,3,1,6,1,2,14,1,18,8,12,20,38
05/29/2020,GYY,IN,AGL,CE,Federal Contract Tower,2,1,23,0,26,0,0,31,4,35,2,1,54,4,61,50,0,50,111
05/30/2020,GYY,IN,AGL,CE,Federal Contract Tower,0,3,7,0,10,0,0,7,0,7,0,3,14,0,17,30,0,30,47
05/31/2020,GYY,IN,AGL,CE,Federal Contract Tower,0,4,16,0,20,0,0,20,0,20,0,4,36,0,40,6,0,6,46
06/01/2020,GYY,IN,AGL,CE,Federal Contract Tower,0,7,10,0,17,0,0,19,0,19,0,7,29,0,36,30,0,30,66
06/02/2020,GYY,IN,AGL,CE,Federal Contract Tower,0,5,17,0,22,0,0,21,0,21,0,5,38,0,43,10,0,10,53
06/03/2020,GYY,IN,AGL,CE,Federal Contract Tower,0,2,22,0,24,0,0,9,0,9,0,2,31,0,33,0,0,0,33
06/04/2020,GYY,IN,AGL,CE,Federal Contract Tower,2,5,16,0,23,0,0,31,2,33,2,5,47,2,56,36,32,68,124
06/05/2020,GYY,IN,AGL,CE,Federal Contract Tower,2,1,13,0,16,0,0,11,0,11,2,1,24,0,27,10,0,10,37
06/06/2020,GYY,IN,AGL,CE,Federal Contract Tower,0,1,13,0,14,0,0,16,0,16,0,1,29,0,30,24,0,24,54
06/07/2020,GYY,IN,AGL,CE,Federal Contract Tower,0,6,8,0,14,0,15,2,0,17,0,21,10,0,31,20,0,20,51
06/08/2020,GYY,IN,AGL,CE,Federal Contract Tower,0,4,19,0,23,0,0,20,0,20,0,4,39,0,43,0,0,0,43
06/09/2020,GYY,IN,AGL,CE,Federal Contract Tower,0,1,6,0,7,0,0,3,0,3,0,1,9,0,10,12,0,12,22
06/10/2020,GYY,IN,AGL,CE,Federal Contract Tower,0,6,13,0,19,0,0,9,2,11,0,6,22,2,30,4,0,4,34
06/11/2020,GYY,IN,AGL,CE,Federal Contract Tower,0,5,16,1,22,0,0,15,3,18,0,5,31,4,40,6,20,26,66
06/12/2020,GYY,IN,AGL,CE,Federal Contract Tower,2,3,17,0,22,0,0,23,0,23,2,3,40,0,45,4,0,4,49
06/13/2020,GYY,IN,AGL,CE,Federal Contract Tower,0,3,11,0,14,0,0,9,0,9,0,3,20,0,23,38,0,38,61
06/14/2020,GYY,IN,AGL,CE,Federal Contract Tower,0,2,12,0,14,0,0,25,0,25,0,2,37,0,39,84,0,84,123
06/15/2020,GYY,IN,AGL,CE,Federal Contract Tower,2,9,12,0,23,0,0,18,0,18,2,9,30,0,41,20,0,20,61
06/16/2020,GYY,IN,AGL,CE,Federal Contract Tower,0,6,12,0,18,0,0,24,2,26,0,6,36,2,44,18,0,18,62
06/17/2020,GYY,IN,AGL,CE,Federal Contract Tower,0,4,29,0,33,0,0,20,8,28,0,4,49,8,61,28,46,74,135
06/18/2020,GYY,IN,AGL,CE,Federal Contract Tower,2,7,21,0,30,0,2,24,3,29,2,9,45,3,59,38,0,38,97
06/19/2020,GYY,IN,AGL,CE,Federal Contract Tower,3,7,11,0,21,0,0,16,1,17,3,7,27,1,38,20,0,20,58
06/20/2020,GYY,IN,AGL,CE,Federal Contract Tower,0,2,14,0,16,0,0,10,0,10,0,2,24,0,26,36,0,36,62
06/21/2020,GYY,IN,AGL,CE,Federal Contract Tower,0,5,12,0,17,0,0,1,0,1,0,5,13,0,18,26,0,26,44
06/22/2020,GYY,IN,AGL,CE,Federal Contract Tower,0,3,21,0,24,0,0,2,0,2,0,3,23,0,26,2,0,2,28
06/23/2020,GYY,IN,AGL,CE,Federal Contract Tower,1,1,18,0,20,12,0,20,2,34,13,1,38,2,54,38,4,42,96
06/24/2020,GYY,IN,AGL,CE,Federal Contract Tower,0,5,16,0,21,0,0,19,1,20,0,5,35,1,41,22,0,22,63
06/25/2020,GYY,IN,AGL,CE,Federal Contract Tower,0,7,17,0,24,0,0,23,0,23,0,7,40,0,47,70,0,70,117
06/26/2020,GYY,IN,AGL,CE,Federal Contract Tower,2,6,14,0,22,0,0,10,0,10,2,6,24,0,32,12,0,12,44
06/27/2020,GYY,IN,AGL,CE,Federal Contract Tower,0,3,8,0,11,0,0,12,0,12,0,3,20,0,23,32,0,32,55
06/28/2020,GYY,IN,AGL,CE,Federal Contract Tower,0,4,11,0,15,0,0,14,0,14,0,4,25,0,29,44,0,44,73
06/30/2020,GYY,IN,AGL,CE,Federal Contract Tower,3,0,23,0,26,0,0,11,0,11,3,0,34,0,37,14,0,14,51
07/01/2020,GYY,IN,AGL,CE,Federal Contract Tower,0,10,9,1,20,0,4,25,5,34,0,14,34,6,54,26,34,60,114
07/02/2020,GYY,IN,AGL,CE,Federal Contract Tower,0,5,24,0,29,0,0,39,2,41,0,5,63,2,70,10,0,10,80
07/03/2020,GYY,IN,AGL,CE,Federal Contract Tower,3,3,14,0,20,0,0,17,0,17,3,3,31,0,37,60,0,60,97
07/04/2020,GYY,IN,AGL,CE,Federal Contract Tower,0,0,5,0,5,0,0,5,4,9,0,0,10,4,14,0,0,0,14
07/05/2020,GYY,IN,AGL,CE,Federal Contract Tower,0,4,14,0,18,0,0,11,0,11,0,4,25,0,29,6,0,6,35
07/06/2020,GYY,IN,AGL,CE,Federal Contract Tower,1,4,9,0,14,0,0,15,0,15,1,4,24,0,29,30,0,30,59
07/07/2020,GYY,IN,AGL,CE,Federal Contract Tower,0,8,14,0,22,0,0,30,0,30,0,8,44,0,52,42,0,42,94
07/08/2020,GYY,IN,AGL,CE,Federal Contract Tower,0,4,12,0,16,0,0,25,0,25,0,4,37,0,41,20,0,20,61
07/09/2020,GYY,IN,AGL,CE,Federal Contract Tower,0,5,10,0,15,0,0,25,0,25,0,5,35,0,40,82,0,82,122
07/10/2020,GYY,IN,AGL,CE,Federal Contract Tower,2,6,17,0,25,0,0,7,0,7,2,6,24,0,32,0,0,0,32
07/11/2020,GYY,IN,AGL,CE,Federal Contract Tower,0,2,16,0,18,0,0,16,4,20,0,2,32,4,38,16,10,26,64
07/12/2020,GYY,IN,AGL,CE,Federal Contract Tower,0,10,17,0,27,0,0,11,0,11,0,10,28,0,38,14,0,14,52
07/13/2020,GYY,IN,AGL,CE,Federal Contract Tower,0,6,20,0,26,0,0,39,0,39,0,6,59,0,65,50,0,50,115
07/14/2020,GYY,IN,AGL,CE,Federal Contract Tower,0,1,16,0,17,0,0,22,2,24,0,1,38,2,41,56,24,80,121
07/15/2020,GYY,IN,AGL,CE,Federal Contract Tower,0,6,29,0,35,0,0,7,4,11,0,6,36,4,46,46,42,88,134
07/16/2020,GYY,IN,AGL,CE,Federal Contract Tower,0,5,19,0,24,0,12,9,2,23,0,17,28,2,47,0,0,0,47
07/17/2020,GYY,IN,AGL,CE,Federal Contract Tower,2,2,20,14,38,0,2,38,0,40,2,4,58,14,78,26,0,26,104
07/18/2020,GYY,IN,AGL,CE,Federal Contract Tower,0,4,11,0,15,0,0,14,0,14,0,4,25,0,29,10,0,10,39
07/19/2020,GYY,IN,AGL,CE,Federal Contract Tower,0,2,14,0,16,0,0,3,0,3,0,2,17,0,19,0,0,0,19
07/20/2020,GYY,IN,AGL,CE,Federal Contract Tower,0,8,17,0,25,0,1,16,0,17,0,9,33,0,42,28,0,28,70
07/21/2020,GYY,IN,AGL,CE,Federal Contract Tower,0,8,16,0,24,0,0,8,1,9,0,8,24,1,33,24,0,24,57
07/22/2020,GYY,IN,AGL,CE,Federal Contract Tower,0,2,14,2,18,0,0,12,1,13,0,2,26,3,31,46,0,46,77
07/23/2020,GYY,IN,AGL,CE,Federal Contract Tower,0,2,20,0,22,0,0,26,4,30,0,2,46,4,52,28,0,28,80
07/24/2020,GYY,IN,AGL,CE,Federal Contract Tower,2,4,19,0,25,0,0,47,0,47,2,4,66,0,72,34,0,34,106
07/25/2020,GYY,IN,AGL,CE,Federal Contract Tower,0,1,10,0,11,0,0,19,0,19,0,1,29,0,30,6,0,6,36
07/26/2020,GYY,IN,AGL,CE,Federal Contract Tower,0,7,18,0,25,0,0,14,0,14,0,7,32,0,39,2,0,2,41
07/27/2020,GYY,IN,AGL,CE,Federal Contract Tower,0,10,22,0,32,0,0,7,0,7,0,10,29,0,39,16,0,16,55
07/28/2020,GYY,IN,AGL,CE,Federal Contract Tower,0,2,25,0,27,0,4,20,0,24,0,6,45,0,51,42,0,42,93
07/29/2020,GYY,IN,AGL,CE,Federal Contract Tower,0,7,21,0,28,0,0,27,3,30,0,7,48,3,58,44,0,44,102
07/31/2020,GYY,IN,AGL,CE,Federal Contract Tower,2,5,10,0,17,0,2,35,3,40,2,7,45,3,57,22,0,22,79
08/01/2020,GYY,IN,AGL,CE,Federal Contract Tower,0,2,5,0,7,0,0,10,0,10,0,2,15,0,17,0,0,0,17
08/02/2020,GYY,IN,AGL,CE,Federal Contract Tower,1,2,15,1,19,0,0,11,1,12,1,2,26,2,31,14,0,14,45
08/03/2020,GYY,IN,AGL,CE,Federal Contract Tower,0,2,14,0,16,0,0,3,1,4,0,2,17,1,20,0,0,0,20
08/04/2020,GYY,IN,AGL,CE,Federal Contract Tower,0,1,21,0,22,0,0,22,2,24,0,1,43,2,46,34,0,34,80
08/05/2020,GYY,IN,AGL,CE,Federal Contract Tower,0,6,23,0,29,0,0,24,2,26,0,6,47,2,55,64,0,64,119
08/06/2020,GYY,IN,AGL,CE,Federal Contract Tower,2,3,17,0,22,0,10,28,10,48,2,13,45,10,70,62,10,72,142
08/07/2020,GYY,IN,AGL,CE,Federal Contract Tower,2,1,20,0,23,0,0,18,1,19,2,1,38,1,42,16,0,16,58
08/08/2020,GYY,IN,AGL,CE,Federal Contract Tower,3,3,18,0,24,0,2,17,0,19,3,5,35,0,43,22,0,22,65
08/09/2020,GYY,IN,AGL,CE,Federal Contract Tower,0,5,13,0,18,0,0,21,0,21,0,5,34,0,39,122,0,122,161
08/10/2020,GYY,IN,AGL,CE,Federal Contract Tower,0,6,23,0,29,0,0,12,0,12,0,6,35,0,41,10,0,10,51
08/11/2020,GYY,IN,AGL,CE,Federal Contract Tower,0,6,21,0,27,0,0,18,0,18,0,6,39,0,45,16,0,16,61
08/12/2020,GYY,IN,AGL,CE,Federal Contract Tower,0,2,20,1,23,0,0,25,1,26,0,2,45,2,49,82,0,82,131
08/13/2020,GYY,IN,AGL,CE,Federal Contract Tower,0,3,15,0,18,0,0,24,4,28,0,3,39,4,46,28,0,28,74
08/14/2020,GYY,IN,AGL,CE,Federal Contract Tower,2,2,14,0,18,0,0,43,0,43,2,2,57,0,61,50,0,50,111
08/15/2020,GYY,IN,AGL,CE,Federal Contract Tower,0,4,6,0,10,0,0,20,0,20,0,4,26,0,30,66,0,66,96
08/16/2020,GYY,IN,AGL,CE,Federal Contract Tower,0,4,16,0,20,0,0,19,4,23,0,4,35,4,43,8,0,8,51
08/17/2020,GYY,IN,AGL,CE,Federal Contract Tower,0,5,8,0,13,0,0,12,0,12,0,5,20,0,25,44,0,44,69
08/18/2020,GYY,IN,AGL,CE,Federal Contract Tower,0,4,7,0,11,0,2,15,0,17,0,6,22,0,28,4,0,4,32
08/19/2020,GYY,IN,AGL,CE,Federal Contract Tower,0,5,15,0,20,0,0,20,0,20,0,5,35,0,40,20,0,20,60
08/20/2020,GYY,IN,AGL,CE,Federal Contract Tower,1,8,18,0,27,0,0,37,4,41,1,8,55,4,68,18,0,18,86
08/21/2020,GYY,IN,AGL,CE,Federal Contract Tower,2,9,8,0,19,0,0,25,6,31,2,9,33,6,50,12,0,12,62
08/22/2020,GYY,IN,AGL,CE,Federal Contract Tower,0,3,18,0,21,0,8,40,0,48,0,11,58,0,69,114,0,114,183
08/23/2020,GYY,IN,AGL,CE,Federal Contract Tower,0,6,21,0,27,0,0,16,0,16,0,6,37,0,43,40,0,40,83
08/24/2020,GYY,IN,AGL,CE,Federal Contract Tower,0,3,18,0,21,0,0,20,0,20,0,3,38,0,41,20,0,20,61
08/25/2020,GYY,IN,AGL,CE,Federal Contract Tower,1,3,17,0,21,0,0,22,2,24,1,3,39,2,45,12,0,12,57
08/26/2020,GYY,IN,AGL,CE,Federal Contract Tower,0,15,24,0,39,0,0,14,0,14,0,15,38,0,53,14,0,14,67
08/27/2020,GYY,IN,AGL,CE,Federal Contract Tower,1,4,13,0,18,0,0,22,7,29,1,4,35,7,47,8,18,26,73
08/28/2020,GYY,IN,AGL,CE,Federal Contract Tower,0,3,19,0,22,0,0,27,4,31,0,3,46,4,53,0,0,0,53
08/29/2020,GYY,IN,AGL,CE,Federal Contract Tower,0,3,14,0,17,0,0,17,0,17,0,3,31,0,34,24,0,24,58
08/30/2020,GYY,IN,AGL,CE,Federal Contract Tower,0,3,20,0,23,0,0,15,0,15,0,3,35,0,38,18,0,18,56
08/31/2020,GYY,IN,AGL,CE,Federal Contract Tower,2,6,18,0,26,0,0,20,0,20,2,6,38,0,46,36,0,36,82
09/01/2020,GYY,IN,AGL,CE,Federal Contract Tower,0,4,12,0,16,0,0,8,0,8,0,4,20,0,24,0,0,0,24
09/02/2020,GYY,IN,AGL,CE,Federal Contract Tower,0,4,16,0,20,0,0,16,4,20,0,4,32,4,40,62,0,62,102
09/03/2020,GYY,IN,AGL,CE,Federal Contract Tower,0,4,25,0,29,0,0,20,5,25,0,4,45,5,54,10,14,24,78
09/04/2020,GYY,IN,AGL,CE,Federal Contract Tower,2,4,17,0,23,0,0,30,1,31,2,4,47,1,54,12,0,12,66
09/05/2020,GYY,IN,AGL,CE,Federal Contract Tower,0,4,7,0,11,0,0,14,0,14,0,4,21,0,25,0,0,0,25
09/06/2020,GYY,IN,AGL,CE,Federal Contract Tower,0,0,8,0,8,0,0,6,0,6,0,0,14,0,14,8,0,8,22
09/07/2020,GYY,IN,AGL,CE,Federal Contract Tower,0,6,20,0,26,0,0,13,0,13,0,6,33,0,39,6,0,6,45
09/08/2020,GYY,IN,AGL,CE,Federal Contract Tower,0,4,16,0,20,0,0,0,0,0,0,4,16,0,20,0,0,0,20
09/09/2020,GYY,IN,AGL,CE,Federal Contract Tower,12,4,13,33,62,0,0,1,0,1,12,4,14,33,63,0,18,18,81
09/10/2020,GYY,IN,AGL,CE,Federal Contract Tower,0,9,6,2,17,0,0,5,6,11,0,9,11,8,28,0,0,0,28
09/11/2020,GYY,IN,AGL,CE,Federal Contract Tower,2,3,24,0,29,0,0,10,0,10,2,3,34,0,39,14,0,14,53
09/12/2020,GYY,IN,AGL,CE,Federal Contract Tower,0,6,12,0,18,0,0,0,0,0,0,6,12,0,18,0,0,0,18
09/13/2020,GYY,IN,AGL,CE,Federal Contract Tower,0,0,13,0,13,0,0,17,0,17,0,0,30,0,30,28,0,28,58
09/14/2020,GYY,IN,AGL,CE,Federal Contract Tower,0,6,16,2,24,0,0,14,1,15,0,6,30,3,39,0,0,0,39
09/15/2020,GYY,IN,AGL,CE,Federal Contract Tower,1,6,20,0,27,0,0,28,0,28,1,6,48,0,55,0,6,6,61
09/16/2020,GYY,IN,AGL,CE,Federal Contract Tower,2,9,21,0,32,0,0,21,2,23,2,9,42,2,55,10,0,10,65
09/17/2020,GYY,IN,AGL,CE,Federal Contract Tower,1,4,24,2,31,0,1,14,2,17,1,5,38,4,48,12,22,34,82
09/18/2020,GYY,IN,AGL,CE,Federal Contract Tower,2,3,16,0,21,0,0,17,2,19,2,3,33,2,40,8,0,8,48
09/19/2020,GYY,IN,AGL,CE,Federal Contract Tower,0,4,10,0,14,0,0,29,0,29,0,4,39,0,43,56,0,56,99
09/20/2020,GYY,IN,AGL,CE,Federal Contract Tower,0,8,22,0,30,0,0,23,0,23,0,8,45,0,53,14,0,14,67
09/21/2020,GYY,IN,AGL,CE,Federal Contract Tower,0,7,17,0,24,0,0,21,0,21,0,7,38,0,45,42,0,42,87
09/22/2020,GYY,IN,AGL,CE,Federal Contract Tower,0,5,10,6,21,0,1,12,1,14,0,6,22,7,35,22,0,22,57
09/23/2020,GYY,IN,AGL,CE,Federal Contract Tower,2,5,29,0,36,0,0,28,2,30,2,5,57,2,66,36,0,36,102
09/24/2020,GYY,IN,AGL,CE,Federal Contract Tower,0,10,16,4,30,0,0,22,1,23,0,10,38,5,53,22,0,22,75
09/26/2020,GYY,IN,AGL,CE,Federal Contract Tower,0,11,15,0,26,0,0,2,0,2,0,11,17,0,28,2,0,2,30
09/27/2020,GYY,IN,AGL,CE,Federal Contract Tower,0,4,15,0,19,0,0,15,0,15,0,4,30,0,34,16,0,16,50
09/28/2020,GYY,IN,AGL,CE,Federal Contract Tower,0,11,23,1,35,0,0,2,1,3,0,11,25,2,38,0,0,0,38
09/29/2020,GYY,IN,AGL,CE,Federal Contract Tower,0,11,10,0,21,0,0,17,6,23,0,11,27,6,44,26,0,26,70
09/30/2020,GYY,IN,AGL,CE,Federal Contract Tower,0,6,27,0,33,0,2,2,0,4,0,8,29,0,37,0,0,0,37
10/01/2020,GYY,IN,AGL,CE,Federal Contract Tower,0,14,18,0,32,0,0,11,3,14,0,14,29,3,46,58,0,58,104
10/02/2020,GYY,IN,AGL,CE,Federal Contract Tower,3,15,16,0,34,0,0,30,1,31,3,15,46,1,65,8,0,8,73
10/03/2020,GYY,IN,AGL,CE,Federal Contract Tower,0,9,5,0,14,0,0,23,0,23,0,9,28,0,37,26,0,26,63
10/04/2020,GYY,IN,AGL,CE,Federal Contract Tower,2,11,14,0,27,0,0,10,1,11,2,11,24,1,38,2,0,2,40
10/05/2020,GYY,IN,AGL,CE,Federal Contract Tower,0,13,24,0,37,0,0,17,0,17,0,13,41,0,54,14,0,14,68
10/06/2020,GYY,IN,AGL,CE,Federal Contract Tower,0,9,23,0,32,0,0,13,1,14,0,9,36,1,46,26,0,26,72
10/07/2020,GYY,IN,AGL,CE,Federal Contract Tower,0,15,11,0,26,0,0,21,2,23,0,15,32,2,49,44,0,44,93
10/08/2020,GYY,IN,AGL,CE,Federal Contract Tower,1,2,22,0,25,0,0,22,2,24,1,2,44,2,49,30,0,30,79
10/09/2020,GYY,IN,AGL,CE,Federal Contract Tower,2,5,14,0,21,0,0,14,0,14,2,5,28,0,35,6,0,6,41
10/10/2020,GYY,IN,AGL,CE,Federal Contract Tower,2,5,9,0,16,0,0,19,0,19,2,5,28,0,35,26,0,26,61
10/11/2020,GYY,IN,AGL,CE,Federal Contract Tower,0,6,18,0,24,0,0,7,0,7,0,6,25,0,31,12,0,12,43
10/12/2020,GYY,IN,AGL,CE,Federal Contract Tower,0,5,21,0,26,0,0,1,0,1,0,5,22,0,27,0,0,0,27
10/13/2020,GYY,IN,AGL,CE,Federal Contract Tower,0,11,19,0,30,0,1,11,0,12,0,12,30,0,42,12,0,12,54
10/14/2020,GYY,IN,AGL,CE,Federal Contract Tower,0,6,25,0,31,0,4,17,5,26,0,10,42,5,57,22,0,22,79
10/15/2020,GYY,IN,AGL,CE,Federal Contract Tower,0,7,19,4,30,0,1,24,0,25,0,8,43,4,55,36,0,36,91
10/16/2020,GYY,IN,AGL,CE,Federal Contract Tower,2,16,16,0,34,0,0,19,0,19,2,16,35,0,53,12,0,12,65
10/18/2020,GYY,IN,AGL,CE,Federal Contract Tower,0,4,18,0,22,0,0,3,0,3,0,4,21,0,25,0,0,0,25
10/19/2020,GYY,IN,AGL,CE,Federal Contract Tower,0,8,14,2,24,0,2,10,0,12,0,10,24,2,36,24,0,24,60
10/20/2020,GYY,IN,AGL,CE,Federal Contract Tower,0,3,16,1,20,0,0,11,1,12,0,3,27,2,32,18,14,32,64
10/21/2020,GYY,IN,AGL,CE,Federal Contract Tower,2,6,25,1,34,0,0,10,4,14,2,6,35,5,48,30,0,30,78
10/22/2020,GYY,IN,AGL,CE,Federal Contract Tower,0,11,27,0,38,0,0,8,2,10,0,11,35,2,48,14,6,20,68
10/23/2020,GYY,IN,AGL,CE,Federal Contract Tower,2,3,20,0,25,0,0,0,0,0,2,3,20,0,25,0,0,0,25
10/24/2020,GYY,IN,AGL,CE,Federal Contract Tower,0,4,6,0,10,0,1,18,0,19,0,5,24,0,29,8,0,8,37
10/25/2020,GYY,IN,AGL,CE,Federal Contract Tower,0,9,20,0,29,0,0,13,0,13,0,9,33,0,42,14,0,14,56
10/26/2020,GYY,IN,AGL,CE,Federal Contract Tower,0,13,10,0,23,0,0,0,0,0,0,13,10,0,23,22,0,22,45
10/27/2020,GYY,IN,AGL,CE,Federal Contract Tower,2,3,17,1,23,0,0,0,0,0,2,3,17,1,23,0,0,0,23
10/28/2020,GYY,IN,AGL,CE,Federal Contract Tower,1,5,22,0,28,0,23,4,0,27,1,28,26,0,55,22,0,22,77
10/29/2020,GYY,IN,AGL,CE,Federal Contract Tower,0,7,26,0,33,0,0,9,0,9,0,7,35,0,42,0,36,36,78
10/30/2020,GYY,IN,AGL,CE,Federal Contract Tower,4,6,15,0,25,0,0,32,2,34,4,6,47,2,59,28,2,30,89
10/31/2020,GYY,IN,AGL,CE,Federal Contract Tower,0,1,1,0,2,0,0,14,0,14,0,1,15,0,16,0,0,0,16
11/01/2020,GYY,IN,AGL,CE,Federal Contract Tower,0,1,15,0,16,0,0,3,0,3,0,1,18,0,19,0,0,0,19
11/02/2020,GYY,IN,AGL,CE,Federal Contract Tower,3,4,12,0,19,0,0,1,0,1,3,4,13,0,20,6,0,6,26
11/03/2020,GYY,IN,AGL,CE,Federal Contract Tower,5,3,3,0,11,0,0,10,0,10,5,3,13,0,21,12,0,12,33
11/04/2020,GYY,IN,AGL,CE,Federal Contract Tower,4,7,12,0,23,0,0,16,4,20,4,7,28,4,43,86,0,86,129
11/05/2020,GYY,IN,AGL,CE,Federal Contract Tower,5,2,17,0,24,0,2,22,2,26,5,4,39,2,50,24,78,102,152
11/06/2020,GYY,IN,AGL,CE,Federal Contract Tower,2,5,15,0,22,0,4,27,0,31,2,9,42,0,53,0,0,0,53
11/08/2020,GYY,IN,AGL,CE,Federal Contract Tower,0,0,13,0,13,0,0,27,0,27,0,0,40,0,40,12,0,12,52
11/09/2020,GYY,IN,AGL,CE,Federal Contract Tower,4,7,12,0,23,0,0,9,0,9,4,7,21,0,32,4,0,4,36
11/10/2020,GYY,IN,AGL,CE,Federal Contract Tower,0,3,19,0,22,0,0,2,4,6,0,3,21,4,28,0,0,0,28
11/11/2020,GYY,IN,AGL,CE,Federal Contract Tower,4,6,17,0,27,0,0,18,0,18,4,6,35,0,45,24,0,24,69
11/12/2020,GYY,IN,AGL,CE,Federal Contract Tower,3,5,16,0,24,0,0,17,1,18,3,5,33,1,42,32,0,32,74
11/13/2020,GYY,IN,AGL,CE,Federal Contract Tower,2,6,18,0,26,0,0,21,3,24,2,6,39,3,50,24,0,24,74
11/14/2020,GYY,IN,AGL,CE,Federal Contract Tower,0,2,10,0,12,0,0,3,0,3,0,2,13,0,15,0,0,0,15
11/15/2020,GYY,IN,AGL,CE,Federal Contract Tower,0,7,13,0,20,0,0,1,0,1,0,7,14,0,21,0,0,0,21
11/16/2020,GYY,IN,AGL,CE,Federal Contract Tower,4,11,9,0,24,0,0,7,0,7,4,11,16,0,31,4,0,4,35
11/17/2020,GYY,IN,AGL,CE,Federal Contract Tower,4,2,7,0,13,0,0,9,2,11,4,2,16,2,24,56,0,56,80
11/18/2020,GYY,IN,AGL,CE,Federal Contract Tower,4,4,12,0,20,0,0,5,5,10,4,4,17,5,30,8,10,18,48
11/19/2020,GYY,IN,AGL,CE,Federal Contract Tower,5,4,13,0,22,0,0,0,0,0,5,4,13,0,22,0,0,0,22
11/20/2020,GYY,IN,AGL,CE,Federal Contract Tower,2,9,13,0,24,0,1,20,0,21,2,10,33,0,45,28,0,28,73
11/21/2020,GYY,IN,AGL,CE,Federal Contract Tower,0,2,18,0,20,0,1,19,0,20,0,3,37,0,40,14,0,14,54
11/22/2020,GYY,IN,AGL,CE,Federal Contract Tower,0,9,12,2,23,0,0,0,0,0,0,9,12,2,23,12,0,12,35
11/23/2020,GYY,IN,AGL,CE,Federal Contract Tower,5,5,16,0,26,0,0,18,0,18,5,5,34,0,44,14,0,14,58
11/24/2020,GYY,IN,AGL,CE,Federal Contract Tower,3,1,11,0,15,0,0,0,0,0,3,1,11,0,15,0,0,0,15
11/25/2020,GYY,IN,AGL,CE,Federal Contract Tower,1,5,15,0,21,0,0,0,0,0,1,5,15,0,21,0,0,0,21
11/26/2020,GYY,IN,AGL,CE,Federal Contract Tower,0,0,4,0,4,0,0,0,0,0,0,0,4,0,4,0,0,0,4
11/27/2020,GYY,IN,AGL,CE,Federal Contract Tower,0,4,3,0,7,0,0,9,0,9,0,4,12,0,16,0,0,0,16
11/29/2020,GYY,IN,AGL,CE,Federal Contract Tower,0,9,20,0,29,0,0,18,0,18,0,9,38,0,47,0,0,0,47
11/30/2020,GYY,IN,AGL,CE,Federal Contract Tower,7,4,15,0,26,0,0,0,0,0,7,4,15,0,26,0,0,0,26
12/01/2020,GYY,IN,AGL,CE,Federal Contract Tower,3,5,20,0,28,0,0,18,0,18,3,5,38,0,46,28,0,28,74
12/02/2020,GYY,IN,AGL,CE,Federal Contract Tower,4,6,10,0,20,0,0,16,0,16,4,6,26,0,36,40,0,40,76
12/03/2020,GYY,IN,AGL,CE,Federal Contract Tower,7,3,11,0,21,0,0,12,3,15,7,3,23,3,36,82,0,82,118
12/04/2020,GYY,IN,AGL,CE,Federal Contract Tower,2,1,7,0,10,0,0,18,0,18,2,1,25,0,28,42,0,42,70
12/05/2020,GYY,IN,AGL,CE,Federal Contract Tower,1,2,13,0,16,0,0,10,0,10,1,2,23,0,26,4,0,4,30
12/06/2020,GYY,IN,AGL,CE,Federal Contract Tower,0,7,17,0,24,0,0,5,0,5,0,7,22,0,29,20,0,20,49
12/07/2020,GYY,IN,AGL,CE,Federal Contract Tower,4,10,11,0,25,0,0,11,0,11,4,10,22,0,36,2,0,2,38
12/08/2020,GYY,IN,AGL,CE,Federal Contract Tower,4,6,12,0,22,0,0,2,0,2,4,6,14,0,24,8,0,8,32
12/09/2020,GYY,IN,AGL,CE,Federal Contract Tower,4,8,22,2,36,0,12,5,0,17,4,20,27,2,53,18,10,28,81
12/10/2020,GYY,IN,AGL,CE,Federal Contract Tower,4,12,20,2,38,0,0,30,6,36,4,12,50,8,74,54,0,54,128
12/11/2020,GYY,IN,AGL,CE,Federal Contract Tower,2,3,14,0,19,0,0,0,0,0,2,3,14,0,19,0,0,0,19
12/12/2020,GYY,IN,AGL,CE,Federal Contract Tower,0,1,10,0,11,0,0,0,0,0,0,1,10,0,11,0,0,0,11
12/13/2020,GYY,IN,AGL,CE,Federal Contract Tower,0,8,15,0,23,0,0,10,0,10,0,8,25,0,33,6,0,6,39
12/14/2020,GYY,IN,AGL,CE,Federal Contract Tower,4,5,17,0,26,0,0,7,0,7,4,5,24,0,33,14,0,14,47
12/15/2020,GYY,IN,AGL,CE,Federal Contract Tower,5,10,15,0,30,0,4,20,3,27,5,14,35,3,57,26,0,26,83
12/16/2020,GYY,IN,AGL,CE,Federal Contract Tower,5,8,9,0,22,0,0,1,0,1,5,8,10,0,23,0,0,0,23
12/17/2020,GYY,IN,AGL,CE,Federal Contract Tower,3,7,15,0,25,0,0,4,2,6,3,7,19,2,31,0,10,10,41
12/18/2020,GYY,IN,AGL,CE,Federal Contract Tower,6,5,29,1,41,0,0,19,4,23,6,5,48,5,64,20,0,20,84
12/20/2020,GYY,IN,AGL,CE,Federal Contract Tower,0,7,16,0,23,0,0,9,0,9,0,7,25,0,32,10,0,10,42
12/21/2020,GYY,IN,AGL,CE,Federal Contract Tower,4,7,18,0,29,0,0,9,0,9,4,7,27,0,38,0,0,0,38
12/22/2020,GYY,IN,AGL,CE,Federal Contract Tower,4,9,22,0,35,0,2,18,0,20,4,11,40,0,55,22,0,22,77
12/23/2020,GYY,IN,AGL,CE,Federal Contract Tower,6,6,14,0,26,0,0,8,0,8,6,6,22,0,34,0,0,0,34
12/24/2020,GYY,IN,AGL,CE,Federal Contract Tower,0,0,7,0,7,0,0,2,0,2,0,0,9,0,9,10,0,10,19
12/25/2020,GYY,IN,AGL,CE,Federal Contract Tower,0,0,6,0,6,0,0,4,0,4,0,0,10,0,10,2,0,2,12
12/26/2020,GYY,IN,AGL,CE,Federal Contract Tower,0,8,22,0,30,0,0,13,0,13,0,8,35,0,43,0,0,0,43
12/27/2020,GYY,IN,AGL,CE,Federal Contract Tower,0,3,20,0,23,0,0,4,0,4,0,3,24,0,27,0,0,0,27
12/28/2020,GYY,IN,AGL,CE,Federal Contract Tower,6,7,15,0,28,0,0,15,0,15,6,7,30,0,43,54,0,54,97
12/29/2020,GYY,IN,AGL,CE,Federal Contract Tower,5,4,9,0,18,0,0,14,0,14,5,4,23,0,32,4,0,4,36
12/30/2020,GYY,IN,AGL,CE,Federal Contract Tower,6,2,17,0,25,0,0,2,0,2,6,2,19,0,27,0,0,0,27
12/31/2020,GYY,IN,AGL,CE,Federal Contract Tower,0,1,6,0,7,0,0,13,0,13,0,1,19,0,20,12,0,12,32
01/01/2021,GYY,IN,AGL,CE,Federal Contract Tower,0,1,6,0,7,0,0,0,0,0,0,1,6,0,7,0,0,0,7
01/02/2021,GYY,IN,AGL,CE,Federal Contract Tower,0,3,16,0,19,0,0,0,0,0,0,3,16,0,19,0,0,0,19
01/03/2021,GYY,IN,AGL,CE,Federal Contract Tower,1,2,22,0,25,0,0,0,0,0,1,2,22,0,25,0,0,0,25
01/04/2021,GYY,IN,AGL,CE,Federal Contract Tower,5,6,23,0,34,0,0,0,0,0,5,6,23,0,34,0,0,0,34
01/05/2021,GYY,IN,AGL,CE,Federal Contract Tower,3,1,12,0,16,0,0,1,0,1,3,1,13,0,17,0,0,0,17
01/06/2021,GYY,IN,AGL,CE,Federal Contract Tower,3,6,22,2,33,0,0,3,0,3,3,6,25,2,36,8,8,16,52
01/07/2021,GYY,IN,AGL,CE,Federal Contract Tower,3,3,7,1,14,0,2,15,12,29,3,5,22,13,43,12,16,28,71
01/08/2021,GYY,IN,AGL,CE,Federal Contract Tower,3,6,8,0,17,0,0,24,0,24,3,6,32,0,41,26,0,26,67
01/09/2021,GYY,IN,AGL,CE,Federal Contract Tower,0,1,15,0,16,0,0,25,0,25,0,1,40,0,41,30,0,30,71
01/10/2021,GYY,IN,AGL,CE,Federal Contract Tower,0,2,13,0,15,0,0,1,0,1,0,2,14,0,16,0,0,0,16
01/11/2021,GYY,IN,AGL,CE,Federal Contract Tower,0,4,6,0,10,0,0,0,0,0,0,4,6,0,10,0,0,0,10
01/12/2021,GYY,IN,AGL,CE,Federal Contract Tower,4,4,7,1,16,0,0,15,1,16,4,4,22,2,32,2,2,4,36
01/13/2021,GYY,IN,AGL,CE,Federal Contract Tower,4,0,12,0,16,0,0,23,0,23,4,0,35,0,39,8,0,8,47
01/14/2021,GYY,IN,AGL,CE,Federal Contract Tower,5,3,14,0,22,0,0,11,11,22,5,3,25,11,44,28,18,46,90
01/15/2021,GYY,IN,AGL,CE,Federal Contract Tower,3,2,16,0,21,0,0,5,0,5,3,2,21,0,26,12,0,12,38
01/16/2021,GYY,IN,AGL,CE,Federal Contract Tower,0,1,4,0,5,0,0,0,0,0,0,1,4,0,5,0,0,0,5
01/17/2021,GYY,IN,AGL,CE,Federal Contract Tower,0,1,7,0,8,0,0,0,0,0,0,1,7,0,8,0,0,0,8
01/18/2021,GYY,IN,AGL,CE,Federal Contract Tower,1,9,23,0,33,0,0,18,0,18,1,9,41,0,51,10,0,10,61
01/19/2021,GYY,IN,AGL,CE,Federal Contract Tower,5,14,18,0,37,0,0,9,0,9,5,14,27,0,46,0,0,0,46
01/20/2021,GYY,IN,AGL,CE,Federal Contract Tower,5,7,9,1,22,0,0,19,5,24,5,7,28,6,46,10,0,10,56
01/21/2021,GYY,IN,AGL,CE,Federal Contract Tower,4,2,17,2,25,0,1,15,8,24,4,3,32,10,49,38,20,58,107
01/22/2021,GYY,IN,AGL,CE,Federal Contract Tower,1,2,14,0,17,0,0,14,1,15,1,2,28,1,32,54,12,66,98
01/23/2021,GYY,IN,AGL,CE,Federal Contract Tower,0,3,7,0,10,0,0,21,2,23,0,3,28,2,33,36,0,36,69
01/24/2021,GYY,IN,AGL,CE,Federal Contract Tower,1,0,8,2,11,0,0,0,0,0,1,0,8,2,11,0,0,0,11
01/25/2021,GYY,IN,AGL,CE,Federal Contract Tower,0,4,9,0,13,0,0,0,0,0,0,4,9,0,13,0,0,0,13
01/26/2021,GYY,IN,AGL,CE,Federal Contract Tower,4,6,13,0,23,0,0,0,0,0,4,6,13,0,23,0,8,8,31
01/27/2021,GYY,IN,AGL,CE,Federal Contract Tower,5,1,17,0,23,0,0,2,4,6,5,1,19,4,29,8,12,20,49
01/28/2021,GYY,IN,AGL,CE,Federal Contract Tower,4,7,11,0,22,0,0,24,10,34,4,7,35,10,56,16,6,22,78
01/29/2021,GYY,IN,AGL,CE,Federal Contract Tower,4,8,19,2,33,0,0,25,0,25,4,8,44,2,58,44,0,44,102
01/30/2021,GYY,IN,AGL,CE,Federal Contract Tower,0,0,11,0,11,0,0,12,0,12,0,0,23,0,23,8,0,8,31
01/31/2021,GYY,IN,AGL,CE,Federal Contract Tower,0,5,6,0,11,0,0,0,0,0,0,5,6,0,11,0,0,0,11
02/01/2021,GYY,IN,AGL,CE,Federal Contract Tower,3,3,7,0,13,0,0,3,2,5,3,3,10,2,18,0,0,0,18
02/02/2021,GYY,IN,AGL,CE,Federal Contract Tower,4,4,12,0,20,0,0,8,5,13,4,4,20,5,33,12,6,18,51
02/03/2021,GYY,IN,AGL,CE,Federal Contract Tower,4,6,17,1,28,0,0,6,5,11,4,6,23,6,39,52,8,60,99
02/04/2021,GYY,IN,AGL,CE,Federal Contract Tower,1,7,8,0,16,0,3,8,0,11,1,10,16,0,27,4,0,4,31
02/05/2021,GYY,IN,AGL,CE,Federal Contract Tower,3,5,11,0,19,0,0,0,6,6,3,5,11,6,25,0,18,18,43
02/06/2021,GYY,IN,AGL,CE,Federal Contract Tower,0,1,6,0,7,0,0,5,0,5,0,1,11,0,12,6,0,6,18
02/07/2021,GYY,IN,AGL,CE,Federal Contract Tower,0,1,6,0,7,0,0,3,0,3,0,1,9,0,10,0,0,0,10
02/08/2021,GYY,IN,AGL,CE,Federal Contract Tower,2,9,10,0,21,0,0,0,0,0,2,9,10,0,21,0,0,0,21
02/09/2021,GYY,IN,AGL,CE,Federal Contract Tower,4,9,11,4,28,0,0,5,4,9,4,9,16,8,37,48,18,66,103
02/10/2021,GYY,IN,AGL,CE,Federal Contract Tower,4,1,15,0,20,0,0,3,2,5,4,1,18,2,25,0,0,0,25
02/11/2021,GYY,IN,AGL,CE,Federal Contract Tower,2,14,16,4,36,0,0,0,6,6,2,14,16,10,42,4,10,14,56
02/12/2021,GYY,IN,AGL,CE,Federal Contract Tower,5,6,23,4,38,0,0,13,2,15,5,6,36,6,53,46,0,46,99
02/13/2021,GYY,IN,AGL,CE,Federal Contract Tower,0,2,9,0,11,0,0,0,0,0,0,2,9,0,11,0,0,0,11
02/14/2021,GYY,IN,AGL,CE,Federal Contract Tower,1,5,8,0,14,0,0,2,0,2,1,5,10,0,16,0,0,0,16
02/15/2021,GYY,IN,AGL,CE,Federal Contract Tower,0,5,12,0,17,0,0,0,0,0,0,5,12,0,17,0,0,0,17
02/16/2021,GYY,IN,AGL,CE,Federal Contract Tower,2,4,22,0,28,0,0,0,10,10,2,4,22,10,38,0,0,0,38
02/17/2021,GYY,IN,AGL,CE,Federal Contract Tower,0,4,23,0,27,0,0,10,4,14,0,4,33,4,41,10,26,36,77
02/18/2021,GYY,IN,AGL,CE,Federal Contract Tower,1,4,6,2,13,0,0,1,7,8,1,4,7,9,21,0,20,20,41
02/19/2021,GYY,IN,AGL,CE,Federal Contract Tower,1,4,11,3,19,0,0,19,1,20,1,4,30,4,39,10,0,10,49
02/20/2021,GYY,IN,AGL,CE,Federal Contract Tower,0,4,10,0,14,0,0,25,0,25,0,4,35,0,39,16,0,16,55
02/21/2021,GYY,IN,AGL,CE,Federal Contract Tower,0,7,4,0,11,0,0,0,0,0,0,7,4,0,11,0,0,0,11
02/22/2021,GYY,IN,AGL,CE,Federal Contract Tower,0,7,16,0,23,0,4,5,6,15,0,11,21,6,38,26,8,34,72
02/23/2021,GYY,IN,AGL,CE,Federal Contract Tower,4,3,12,0,19,0,0,10,7,17,4,3,22,7,36,0,14,14,50
02/24/2021,GYY,IN,AGL,CE,Federal Contract Tower,4,9,22,0,35,0,0,7,10,17,4,9,29,10,52,2,12,14,66
02/25/2021,GYY,IN,AGL,CE,Federal Contract Tower,3,12,18,0,33,0,0,23,10,33,3,12,41,10,66,32,18,50,116
02/26/2021,GYY,IN,AGL,CE,Federal Contract Tower,5,5,19,1,30,0,0,11,5,16,5,5,30,6,46,14,0,14,60
02/27/2021,GYY,IN,AGL,CE,Federal Contract Tower,0,0,11,1,12,0,0,10,1,11,0,0,21,2,23,2,0,2,25
02/28/2021,GYY,IN,AGL,CE,Federal Contract Tower,0,3,15,0,18,0,0,0,0,0,0,3,15,0,18,0,0,0,18
03/01/2021,GYY,IN,AGL,CE,Federal Contract Tower,0,9,12,0,21,0,0,24,0,24,0,9,36,0,45,28,0,28,73
03/02/2021,GYY,IN,AGL,CE,Federal Contract Tower,5,2,19,0,26,0,1,31,6,38,5,3,50,6,64,30,10,40,104
03/03/2021,GYY,IN,AGL,CE,Federal Contract Tower,5,5,13,1,24,0,2,23,0,25,5,7,36,1,49,28,0,28,77
03/04/2021,GYY,IN,AGL,CE,Federal Contract Tower,3,3,20,3,29,0,0,11,7,18,3,3,31,10,47,14,4,18,65
03/05/2021,GYY,IN,AGL,CE,Federal Contract Tower,6,2,10,1,19,0,0,33,1,34,6,2,43,2,53,72,0,72,125
03/06/2021,GYY,IN,AGL,CE,Federal Contract Tower,2,3,17,0,22,0,0,23,0,23,2,3,40,0,45,28,0,28,73
03/07/2021,GYY,IN,AGL,CE,Federal Contract Tower,2,5,25,0,32,0,0,30,0,30,2,5,55,0,62,40,0,40,102
03/08/2021,GYY,IN,AGL,CE,Federal Contract Tower,5,11,10,0,26,0,0,19,0,19,5,11,29,0,45,38,0,38,83
03/09/2021,GYY,IN,AGL,CE,Federal Contract Tower,4,11,24,2,41,0,0,21,2,23,4,11,45,4,64,28,8,36,100
03/10/2021,GYY,IN,AGL,CE,Federal Contract Tower,4,6,16,1,27,0,0,4,1,5,4,6,20,2,32,0,0,0,32
03/11/2021,GYY,IN,AGL,CE,Federal Contract Tower,5,10,16,0,31,0,0,15,3,18,5,10,31,3,49,32,10,42,91
03/12/2021,GYY,IN,AGL,CE,Federal Contract Tower,3,5,14,2,24,0,0,12,13,25,3,5,26,15,49,38,10,48,97
03/13/2021,GYY,IN,AGL,CE,Federal Contract Tower,0,2,17,0,19,0,0,23,2,25,0,2,40,2,44,30,0,30,74
03/14/2021,GYY,IN,AGL,CE,Federal Contract Tower,1,4,9,0,14,0,0,11,5,16,1,4,20,5,30,4,0,4,34
03/15/2021,GYY,IN,AGL,CE,Federal Contract Tower,0,8,13,0,21,0,0,1,0,1,0,8,14,0,22,0,0,0,22
03/16/2021,GYY,IN,AGL,CE,Federal Contract Tower,4,5,12,2,23,0,0,0,0,0,4,5,12,2,23,3,0,3,26
03/17/2021,GYY,IN,AGL,CE,Federal Contract Tower,4,7,22,2,35,0,0,0,0,0,4,7,22,2,35,0,0,0,35
03/18/2021,GYY,IN,AGL,CE,Federal Contract Tower,4,2,14,0,20,0,0,1,6,7,4,2,15,6,27,0,16,16,43
03/19/2021,GYY,IN,AGL,CE,Federal Contract Tower,4,13,13,2,32,0,0,18,2,20,4,13,31,4,52,32,0,32,84
03/20/2021,GYY,IN,AGL,CE,Federal Contract Tower,0,4,21,0,25,0,0,24,0,24,0,4,45,0,49,6,0,6,55
03/21/2021,GYY,IN,AGL,CE,Federal Contract Tower,0,2,13,0,15,0,0,19,0,19,0,2,32,0,34,6,0,6,40
03/22/2021,GYY,IN,AGL,CE,Federal Contract Tower,1,10,15,0,26,0,7,27,0,34,1,17,42,0,60,48,0,48,108
03/23/2021,GYY,IN,AGL,CE,Federal Contract Tower,5,5,17,0,27,0,0,4,0,4,5,5,21,0,31,0,0,0,31
03/24/2021,GYY,IN,AGL,CE,Federal Contract Tower,4,5,20,1,30,0,0,8,1,9,4,5,28,2,39,4,0,4,43
03/25/2021,GYY,IN,AGL,CE,Federal Contract Tower,3,15,20,0,38,0,0,5,5,10,3,15,25,5,48,4,6,10,58
03/26/2021,GYY,IN,AGL,CE,Federal Contract Tower,3,13,20,0,36,0,0,1,0,1,3,13,21,0,37,0,0,0,37
03/27/2021,GYY,IN,AGL,CE,Federal Contract Tower,0,6,18,0,24,0,0,7,0,7,0,6,25,0,31,8,0,8,39
03/28/2021,GYY,IN,AGL,CE,Federal Contract Tower,0,5,20,0,25,0,0,7,0,7,0,5,27,0,32,10,0,10,42
03/29/2021,GYY,IN,AGL,CE,Federal Contract Tower,2,7,14,0,23,0,0,13,2,15,2,7,27,2,38,4,0,4,42
03/30/2021,GYY,IN,AGL,CE,Federal Contract Tower,4,4,18,0,26,0,0,5,2,7,4,4,23,2,33,0,0,0,33
03/31/2021,GYY,IN,AGL,CE,Federal Contract Tower,4,7,14,0,25,0,0,11,4,15,4,7,25,4,40,0,0,0,40
04/01/2021,GYY,IN,AGL,CE,Federal Contract Tower,3,12,30,0,45,0,0,8,7,15,3,12,38,7,60,6,0,6,66
04/02/2021,GYY,IN,AGL,CE,Federal Contract Tower,4,2,16,0,22,0,11,23,2,36,4,13,39,2,58,34,4,38,96
04/03/2021,GYY,IN,AGL,CE,Federal Contract Tower,0,3,25,0,28,0,0,17,0,17,0,3,42,0,45,6,0,6,51
04/04/2021,GYY,IN,AGL,CE,Federal Contract Tower,0,8,21,0,29,0,0,17,0,17,0,8,38,0,46,6,0,6,52
04/05/2021,GYY,IN,AGL,CE,Federal Contract Tower,3,4,23,0,30,0,0,19,0,19,3,4,42,0,49,10,0,10,59
04/06/2021,GYY,IN,AGL,CE,Federal Contract Tower,6,7,15,9,37,0,0,22,4,26,6,7,37,13,63,18,26,44,107
04/07/2021,GYY,IN,AGL,CE,Federal Contract Tower,2,7,12,2,23,0,0,37,1,38,2,7,49,3,61,12,0,12,73
04/08/2021,GYY,IN,AGL,CE,Federal Contract Tower,2,8,15,3,28,0,0,4,6,10,2,8,19,9,38,2,2,4,42
04/09/2021,GYY,IN,AGL,CE,Federal Contract Tower,4,2,19,3,28,0,0,9,0,9,4,2,28,3,37,26,0,26,63
04/10/2021,GYY,IN,AGL,CE,Federal Contract Tower,0,4,10,0,14,0,1,1,0,2,0,5,11,0,16,2,0,2,18
04/11/2021,GYY,IN,AGL,CE,Federal Contract Tower,2,3,21,4,30,0,0,8,0,8,2,3,29,4,38,0,0,0,38
04/12/2021,GYY,IN,AGL,CE,Federal Contract Tower,3,9,20,0,32,0,0,15,0,15,3,9,35,0,47,12,0,12,59
04/13/2021,GYY,IN,AGL,CE,Federal Contract Tower,1,6,13,0,20,0,0,23,2,25,1,6,36,2,45,6,0,6,51
04/14/2021,GYY,IN,AGL,CE,Federal Contract Tower,3,8,23,0,34,0,0,18,5,23,3,8,41,5,57,36,12,48,105
04/15/2021,GYY,IN,AGL,CE,Federal Contract Tower,6,5,20,0,31,0,0,10,5,15,6,5,30,5,46,44,0,44,90
04/16/2021,GYY,IN,AGL,CE,Federal Contract Tower,3,4,19,0,26,0,0,15,2,17,3,4,34,2,43,6,0,6,49
04/17/2021,GYY,IN,AGL,CE,Federal Contract Tower,2,0,15,0,17,0,0,6,0,6,2,0,21,0,23,4,0,4,27
04/18/2021,GYY,IN,AGL,CE,Federal Contract Tower,3,3,13,0,19,0,0,19,0,19,3,3,32,0,38,14,0,14,52
04/19/2021,GYY,IN,AGL,CE,Federal Contract Tower,3,1,12,0,16,0,0,5,0,5,3,1,17,0,21,12,0,12,33
04/20/2021,GYY,IN,AGL,CE,Federal Contract Tower,0,7,13,0,20,0,0,3,0,3,0,7,16,0,23,0,0,0,23
04/21/2021,GYY,IN,AGL,CE,Federal Contract Tower,1,5,15,0,21,0,0,6,2,8,1,5,21,2,29,16,0,16,45
04/22/2021,GYY,IN,AGL,CE,Federal Contract Tower,4,4,20,0,28,0,2,22,9,33,4,6,42,9,61,32,0,32,93
04/23/2021,GYY,IN,AGL,CE,Federal Contract Tower,3,4,20,20,47,0,0,15,3,18,3,4,35,23,65,12,0,12,77
04/24/2021,GYY,IN,AGL,CE,Federal Contract Tower,0,2,14,1,17,0,0,3,2,5,0,2,17,3,22,2,0,2,24
04/25/2021,GYY,IN,AGL,CE,Federal Contract Tower,0,3,16,2,21,0,0,19,0,19,0,3,35,2,40,12,0,12,52
04/26/2021,GYY,IN,AGL,CE,Federal Contract Tower,3,1,11,0,15,0,0,4,0,4,3,1,15,0,19,0,0,0,19
04/27/2021,GYY,IN,AGL,CE,Federal Contract Tower,4,4,16,1,25,0,2,13,7,22,4,6,29,8,47,10,24,34,81
04/28/2021,GYY,IN,AGL,CE,Federal Contract Tower,5,9,31,2,47,0,0,0,0,0,5,9,31,2,47,0,0,0,47
04/29/2021,GYY,IN,AGL,CE,Federal Contract Tower,4,5,18,0,27,0,0,3,6,9,4,5,21,6,36,4,0,4,40
04/30/2021,GYY,IN,AGL,CE,Federal Contract Tower,5,6,26,0,37,0,2,20,4,26,5,8,46,4,63,2,0,2,65
05/01/2021,GYY,IN,AGL,CE,Federal Contract Tower,0,2,14,0,16,0,0,10,2,12,0,2,24,2,28,0,0,0,28
05/02/2021,GYY,IN,AGL,CE,Federal Contract Tower,0,8,12,7,27,0,0,16,0,16,0,8,28,7,43,0,0,0,43
05/03/2021,GYY,IN,AGL,CE,Federal Contract Tower,2,7,12,0,21,0,0,2,3,5,2,7,14,3,26,0,0,0,26
05/04/2021,GYY,IN,AGL,CE,Federal Contract Tower,2,9,11,2,24,0,0,1,0,1,2,9,12,2,25,0,0,0,25
05/05/2021,GYY,IN,AGL,CE,Federal Contract Tower,1,9,26,2,38,0,0,28,0,28,1,9,54,2,66,6,0,6,72
05/06/2021,GYY,IN,AGL,CE,Federal Contract Tower,4,3,17,3,27,0,0,2,10,12,4,3,19,13,39,2,2,4,43
05/07/2021,GYY,IN,AGL,CE,Federal Contract Tower,3,1,23,0,27,0,0,22,6,28,3,1,45,6,55,16,0,16,71
05/08/2021,GYY,IN,AGL,CE,Federal Contract Tower,0,2,20,0,22,0,0,25,0,25,0,2,45,0,47,20,0,20,67
05/09/2021,GYY,IN,AGL,CE,Federal Contract Tower,0,4,13,0,17,0,0,1,0,1,0,4,14,0,18,0,0,0,18
05/10/2021,GYY,IN,AGL,CE,Federal Contract Tower,3,5,22,0,30,0,0,12,0,12,3,5,34,0,42,30,0,30,72
05/11/2021,GYY,IN,AGL,CE,Federal Contract Tower,1,6,26,0,33,0,0,20,2,22,1,6,46,2,55,10,0,10,65
05/12/2021,GYY,IN,AGL,CE,Federal Contract Tower,4,9,21,1,35,0,0,22,3,25,4,9,43,4,60,30,0,30,90
05/13/2021,GYY,IN,AGL,CE,Federal Contract Tower,4,10,26,0,40,0,0,11,8,19,4,10,37,8,59,40,0,40,99
05/14/2021,GYY,IN,AGL,CE,Federal Contract Tower,1,1,22,1,25,0,0,24,3,27,1,1,46,4,52,44,0,44,96
05/15/2021,GYY,IN,AGL,CE,Federal Contract Tower,0,4,14,1,19,0,0,13,5,18,0,4,27,6,37,42,2,44,81
05/16/2021,GYY,IN,AGL,CE,Federal Contract Tower,0,4,23,0,27,0,2,16,2,20,0,6,39,2,47,10,34,44,91
05/17/2021,GYY,IN,AGL,CE,Federal Contract Tower,4,7,25,0,36,0,0,11,0,11,4,7,36,0,47,34,0,34,81
05/18/2021,GYY,IN,AGL,CE,Federal Contract Tower,1,9,17,0,27,0,0,15,5,20,1,9,32,5,47,16,0,16,63
05/19/2021,GYY,IN,AGL,CE,Federal Contract Tower,1,4,27,1,33,0,0,13,4,17,1,4,40,5,50,16,0,16,66
05/20/2021,GYY,IN,AGL,CE,Federal Contract Tower,6,5,18,1,30,0,0,17,5,22,6,5,35,6,52,0,0,0,52
05/21/2021,GYY,IN,AGL,CE,Federal Contract Tower,3,3,20,0,26,0,0,15,2,17,3,3,35,2,43,8,0,8,51
05/22/2021,GYY,IN,AGL,CE,Federal Contract Tower,0,2,11,0,13,0,0,22,0,22,0,2,33,0,35,42,0,42,77
05/23/2021,GYY,IN,AGL,CE,Federal Contract Tower,1,5,19,0,25,0,0,10,0,10,1,5,29,0,35,18,0,18,53
05/24/2021,GYY,IN,AGL,CE,Federal Contract Tower,3,1,19,0,23,0,0,8,0,8,3,1,27,0,31,18,0,18,49
05/25/2021,GYY,IN,AGL,CE,Federal Contract Tower,1,10,13,1,25,0,0,5,3,8,1,10,18,4,33,10,0,10,43
05/26/2021,GYY,IN,AGL,CE,Federal Contract Tower,2,9,21,0,32,0,0,16,4,20,2,9,37,4,52,8,0,8,60
05/27/2021,GYY,IN,AGL,CE,Federal Contract Tower,4,4,31,2,41,0,0,8,2,10,4,4,39,4,51,0,0,0,51
05/28/2021,GYY,IN,AGL,CE,Federal Contract Tower,3,1,15,0,19,0,0,0,0,0,3,1,15,0,19,0,0,0,19
05/29/2021,GYY,IN,AGL,CE,Federal Contract Tower,0,0,17,0,17,0,0,28,0,28,0,0,45,0,45,20,0,20,65
05/30/2021,GYY,IN,AGL,CE,Federal Contract Tower,0,4,19,0,23,0,0,11,0,11,0,4,30,0,34,12,0,12,46
05/31/2021,GYY,IN,AGL,CE,Federal Contract Tower,0,4,24,0,28,0,0,10,0,10,0,4,34,0,38,8,0,8,46
06/01/2021,GYY,IN,AGL,CE,Federal Contract Tower,0,9,18,0,27,0,2,21,0,23,0,11,39,0,50,8,0,8,58
06/02/2021,GYY,IN,AGL,CE,Federal Contract Tower,1,10,23,0,34,0,0,12,1,13,1,10,35,1,47,6,0,6,53
06/03/2021,GYY,IN,AGL,CE,Federal Contract Tower,4,8,15,0,27,0,0,19,3,22,4,8,34,3,49,36,0,36,85
06/04/2021,GYY,IN,AGL,CE,Federal Contract Tower,2,8,18,0,28,0,0,15,0,15,2,8,33,0,43,2,0,2,45
06/05/2021,GYY,IN,AGL,CE,Federal Contract Tower,0,1,17,0,18,0,0,10,0,10,0,1,27,0,28,2,0,2,30
06/06/2021,GYY,IN,AGL,CE,Federal Contract Tower,0,5,15,0,20,0,0,18,0,18,0,5,33,0,38,8,0,8,46
06/07/2021,GYY,IN,AGL,CE,Federal Contract Tower,3,5,25,0,33,0,0,6,0,6,3,5,31,0,39,12,0,12,51
06/08/2021,GYY,IN,AGL,CE,Federal Contract Tower,0,10,12,0,22,0,0,8,2,10,0,10,20,2,32,12,0,12,44
06/09/2021,GYY,IN,AGL,CE,Federal Contract Tower,0,8,21,0,29,0,0,20,2,22,0,8,41,2,51,18,0,18,69
06/10/2021,GYY,IN,AGL,CE,Federal Contract Tower,3,8,24,2,37,0,0,17,5,22,3,8,41,7,59,4,0,4,63
06/11/2021,GYY,IN,AGL,CE,Federal Contract Tower,2,9,30,4,45,0,0,22,7,29,2,9,52,11,74,2,0,2,76
06/12/2021,GYY,IN,AGL,CE,Federal Contract Tower,2,2,4,0,8,0,0,19,4,23,2,2,23,4,31,28,2,30,61
06/13/2021,GYY,IN,AGL,CE,Federal Contract Tower,0,5,16,1,22,0,0,29,2,31,0,5,45,3,53,4,0,4,57
06/14/2021,GYY,IN,AGL,CE,Federal Contract Tower,4,7,17,0,28,0,0,13,0,13,4,7,30,0,41,0,0,0,41
06/15/2021,GYY,IN,AGL,CE,Federal Contract Tower,1,13,20,2,36,0,0,19,3,22,1,13,39,5,58,0,0,0,58
06/16/2021,GYY,IN,AGL,CE,Federal Contract Tower,0,6,13,0,19,0,0,32,0,32,0,6,45,0,51,32,0,32,83
06/17/2021,GYY,IN,AGL,CE,Federal Contract Tower,3,13,20,2,38,0,1,12,2,15,3,14,32,4,53,6,0,6,59
06/18/2021,GYY,IN,AGL,CE,Federal Contract Tower,1,8,17,0,26,0,0,9,0,9,1,8,26,0,35,8,0,8,43
06/19/2021,GYY,IN,AGL,CE,Federal Contract Tower,0,2,12,2,16,0,0,20,0,20,0,2,32,2,36,12,0,12,48
06/20/2021,GYY,IN,AGL,CE,Federal Contract Tower,0,4,19,0,23,0,0,6,0,6,0,4,25,0,29,8,0,8,37
06/21/2021,GYY,IN,AGL,CE,Federal Contract Tower,2,4,31,0,37,0,0,12,0,12,2,4,43,0,49,4,0,4,53
06/22/2021,GYY,IN,AGL,CE,Federal Contract Tower,0,6,14,0,20,0,0,8,0,8,0,6,22,0,28,0,0,0,28
06/23/2021,GYY,IN,AGL,CE,Federal Contract Tower,0,18,33,0,51,0,0,11,0,11,0,18,44,0,62,20,0,20,82
06/24/2021,GYY,IN,AGL,CE,Federal Contract Tower,4,9,20,0,33,0,0,6,5,11,4,9,26,5,44,0,10,10,54
06/25/2021,GYY,IN,AGL,CE,Federal Contract Tower,2,6,14,0,22,0,0,2,0,2,2,6,16,0,24,6,0,6,30
06/26/2021,GYY,IN,AGL,CE,Federal Contract Tower,2,6,11,0,19,0,0,0,0,0,2,6,11,0,19,0,0,0,19
06/27/2021,GYY,IN,AGL,CE,Federal Contract Tower,1,5,27,0,33,0,0,6,0,6,1,5,33,0,39,24,0,24,63
06/28/2021,GYY,IN,AGL,CE,Federal Contract Tower,3,5,22,0,30,0,0,4,0,4,3,5,26,0,34,0,0,0,34
06/29/2021,GYY,IN,AGL,CE,Federal Contract Tower,2,9,19,0,30,0,0,6,0,6,2,9,25,0,36,4,0,4,40
06/30/2021,GYY,IN,AGL,CE,Federal Contract Tower,0,12,17,0,29,0,0,8,2,10,0,12,25,2,39,0,14,14,53
07/01/2021,GYY,IN,AGL,CE,Federal Contract Tower,3,5,20,1,29,0,0,30,9,39,3,5,50,10,68,28,12,40,108
07/02/2021,GYY,IN,AGL,CE,Federal Contract Tower,3,6,30,0,39,0,0,31,0,31,3,6,61,0,70,22,0,22,92
07/03/2021,GYY,IN,AGL,CE,Federal Contract Tower,0,3,8,2,13,0,0,23,2,25,0,3,31,4,38,0,0,0,38
07/04/2021,GYY,IN,AGL,CE,Federal Contract Tower,0,3,4,0,7,0,0,12,2,14,0,3,16,2,21,2,4,6,27
07/05/2021,GYY,IN,AGL,CE,Federal Contract Tower,0,7,25,0,32,0,0,13,0,13,0,7,38,0,45,12,0,12,57
07/06/2021,GYY,IN,AGL,CE,Federal Contract Tower,3,3,12,0,18,0,2,7,0,9,3,5,19,0,27,0,0,0,27
07/07/2021,GYY,IN,AGL,CE,Federal Contract Tower,1,6,21,0,28,0,0,4,0,4,1,6,25,0,32,6,0,6,38
07/08/2021,GYY,IN,AGL,CE,Federal Contract Tower,3,5,20,0,28,0,0,2,3,5,3,5,22,3,33,0,12,12,45
07/09/2021,GYY,IN,AGL,CE,Federal Contract Tower,2,5,28,0,35,0,0,30,3,33,2,5,58,3,68,46,16,62,130
07/10/2021,GYY,IN,AGL,CE,Federal Contract Tower,0,3,22,0,25,0,0,8,0,8,0,3,30,0,33,6,0,6,39
07/11/2021,GYY,IN,AGL,CE,Federal Contract Tower,1,9,22,2,34,0,0,0,0,0,1,9,22,2,34,0,0,0,34
07/12/2021,GYY,IN,AGL,CE,Federal Contract Tower,3,4,28,0,35,0,0,0,0,0,3,4,28,0,35,0,0,0,35
07/13/2021,GYY,IN,AGL,CE,Federal Contract Tower,3,6,23,0,32,0,2,1,0,3,3,8,24,0,35,0,0,0,35
07/14/2021,GYY,IN,AGL,CE,Federal Contract Tower,4,10,15,2,31,0,0,17,0,17,4,10,32,2,48,8,0,8,56
07/15/2021,GYY,IN,AGL,CE,Federal Contract Tower,0,4,29,0,33,0,0,17,9,26,0,4,46,9,59,4,0,4,63
07/16/2021,GYY,IN,AGL,CE,Federal Contract Tower,2,6,22,0,30,0,0,0,0,0,2,6,22,0,30,0,0,0,30
07/17/2021,GYY,IN,AGL,CE,Federal Contract Tower,0,1,22,1,24,0,0,6,1,7,0,1,28,2,31,4,0,4,35
07/18/2021,GYY,IN,AGL,CE,Federal Contract Tower,0,2,27,0,29,0,0,31,1,32,0,2,58,1,61,30,0,30,91
07/19/2021,GYY,IN,AGL,CE,Federal Contract Tower,4,2,26,1,33,0,0,32,0,32,4,2,58,1,65,12,0,12,77
07/20/2021,GYY,IN,AGL,CE,Federal Contract Tower,3,5,20,4,32,0,0,15,4,19,3,5,35,8,51,16,0,16,67
07/21/2021,GYY,IN,AGL,CE,Federal Contract Tower,5,4,34,0,43,0,1,21,6,28,5,5,55,6,71,30,0,30,101
07/22/2021,GYY,IN,AGL,CE,Federal Contract Tower,0,8,25,1,34,0,0,17,17,34,0,8,42,18,68,0,8,8,76
07/23/2021,GYY,IN,AGL,CE,Federal Contract Tower,2,9,29,4,44,0,0,25,1,26,2,9,54,5,70,6,0,6,76
07/24/2021,GYY,IN,AGL,CE,Federal Contract Tower,0,2,21,0,23,0,0,21,0,21,0,2,42,0,44,16,0,16,60
07/25/2021,GYY,IN,AGL,CE,Federal Contract Tower,0,4,28,0,32,0,0,24,0,24,0,4,52,0,56,2,0,2,58
07/26/2021,GYY,IN,AGL,CE,Federal Contract Tower,3,6,14,0,23,0,0,15,0,15,3,6,29,0,38,32,0,32,70
07/27/2021,GYY,IN,AGL,CE,Federal Contract Tower,2,7,19,4,32,0,2,13,0,15,2,9,32,4,47,20,0,20,67
07/28/2021,GYY,IN,AGL,CE,Federal Contract Tower,5,11,27,2,45,0,0,28,0,28,5,11,55,2,73,30,0,30,103
07/29/2021,GYY,IN,AGL,CE,Federal Contract Tower,5,8,17,2,32,2,0,18,5,25,7,8,35,7,57,12,10,22,79
07/30/2021,GYY,IN,AGL,CE,Federal Contract Tower,4,7,19,1,31,0,2,29,1,32,4,9,48,2,63,2,0,2,65
07/31/2021,GYY,IN,AGL,CE,Federal Contract Tower,0,1,21,0,22,0,0,29,11,40,0,1,50,11,62,0,0,0,62
08/01/2021,GYY,IN,AGL,CE,Federal Contract Tower,4,3,24,0,31,0,0,24,0,24,4,3,48,0,55,24,0,24,79
08/02/2021,GYY,IN,AGL,CE,Federal Contract Tower,7,7,17,0,31,0,0,10,4,14,7,7,27,4,45,16,0,16,61
08/03/2021,GYY,IN,AGL,CE,Federal Contract Tower,2,8,16,0,26,0,1,12,1,14,2,9,28,1,40,0,0,0,40
08/04/2021,GYY,IN,AGL,CE,Federal Contract Tower,3,8,21,0,32,0,0,21,1,22,3,8,42,1,54,24,0,24,78
08/05/2021,GYY,IN,AGL,CE,Federal Contract Tower,3,2,25,2,32,0,0,23,0,23,3,2,48,2,55,28,0,28,83
08/06/2021,GYY,IN,AGL,CE,Federal Contract Tower,4,3,18,5,30,0,1,13,4,18,4,4,31,9,48,22,4,26,74
08/07/2021,GYY,IN,AGL,CE,Federal Contract Tower,0,4,14,0,18,0,3,15,0,18,0,7,29,0,36,42,0,42,78
08/08/2021,GYY,IN,AGL,CE,Federal Contract Tower,1,8,21,4,34,0,1,14,3,18,1,9,35,7,52,12,0,12,64
08/09/2021,GYY,IN,AGL,CE,Federal Contract Tower,9,4,18,2,33,0,0,6,4,10,9,4,24,6,43,18,12,30,73
08/10/2021,GYY,IN,AGL,CE,Federal Contract Tower,4,5,18,0,27,0,0,3,6,9,4,5,21,6,36,0,0,0,36
08/11/2021,GYY,IN,AGL,CE,Federal Contract Tower,5,4,23,2,34,0,0,4,2,6,5,4,27,4,40,0,0,0,40
08/12/2021,GYY,IN,AGL,CE,Federal Contract Tower,0,12,18,0,30,0,0,7,12,19,0,12,25,12,49,10,0,10,59
08/13/2021,GYY,IN,AGL,CE,Federal Contract Tower,2,5,20,2,29,0,0,25,3,28,2,5,45,5,57,12,0,12,69
08/14/2021,GYY,IN,AGL,CE,Federal Contract Tower,0,4,14,0,18,0,0,18,0,18,0,4,32,0,36,18,0,18,54
08/15/2021,GYY,IN,AGL,CE,Federal Contract Tower,2,3,18,0,23,0,0,15,0,15,2,3,33,0,38,0,0,0,38
08/16/2021,GYY,IN,AGL,CE,Federal Contract Tower,3,6,29,4,42,0,0,6,0,6,3,6,35,4,48,0,0,0,48
08/17/2021,GYY,IN,AGL,CE,Federal Contract Tower,3,8,21,3,35,0,0,17,3,20,3,8,38,6,55,8,8,16,71
08/18/2021,GYY,IN,AGL,CE,Federal Contract Tower,5,6,20,4,35,0,0,14,0,14,5,6,34,4,49,42,0,42,91
08/19/2021,GYY,IN,AGL,CE,Federal Contract Tower,0,15,26,8,49,0,0,16,0,16,0,15,42,8,65,4,0,4,69
08/20/2021,GYY,IN,AGL,CE,Federal Contract Tower,2,4,25,2,33,0,0,29,25,54,2,4,54,27,87,50,26,76,163
08/21/2021,GYY,IN,AGL,CE,Federal Contract Tower,0,4,22,2,28,0,0,16,18,34,0,4,38,20,62,4,16,20,82
08/22/2021,GYY,IN,AGL,CE,Federal Contract Tower,1,3,16,5,25,0,0,15,7,22,1,3,31,12,47,8,0,8,55
08/23/2021,GYY,IN,AGL,CE,Federal Contract Tower,1,5,19,0,25,0,0,10,0,10,1,5,29,0,35,0,0,0,35
08/24/2021,GYY,IN,AGL,CE,Federal Contract Tower,4,7,14,0,25,0,0,6,1,7,4,7,20,1,32,6,0,6,38
08/25/2021,GYY,IN,AGL,CE,Federal Contract Tower,1,11,27,1,40,0,12,0,0,12,1,23,27,1,52,2,0,2,54
08/28/2021,GYY,IN,AGL,CE,Federal Contract Tower,0,5,20,0,25,0,0,20,2,22,0,5,40,2,47,0,0,0,47
08/29/2021,GYY,IN,AGL,CE,Federal Contract Tower,0,7,25,0,32,0,1,13,0,14,0,8,38,0,46,8,0,8,54
08/30/2021,GYY,IN,AGL,CE,Federal Contract Tower,3,8,26,2,39,0,0,21,0,21,3,8,47,2,60,44,0,44,104
08/31/2021,GYY,IN,AGL,CE,Federal Contract Tower,2,5,20,0,27,0,0,7,2,9,2,5,27,2,36,52,0,52,88
09/01/2021,GYY,IN,AGL,CE,Federal Contract Tower,4,6,16,0,26,0,0,23,1,24,4,6,39,1,50,16,8,24,74
09/03/2021,GYY,IN,AGL,CE,Federal Contract Tower,2,5,30,0,37,0,0,20,0,20,2,5,50,0,57,6,0,6,63
09/05/2021,GYY,IN,AGL,CE,Federal Contract Tower,0,4,17,0,21,0,0,18,0,18,0,4,35,0,39,34,0,34,73
09/06/2021,GYY,IN,AGL,CE,Federal Contract Tower,0,7,27,0,34,0,0,32,0,32,0,7,59,0,66,8,0,8,74
09/07/2021,GYY,IN,AGL,CE,Federal Contract Tower,2,8,20,0,30,0,0,4,0,4,2,8,24,0,34,0,0,0,34
09/08/2021,GYY,IN,AGL,CE,Federal Contract Tower,3,7,15,1,26,0,0,12,3,15,3,7,27,4,41,8,6,14,55
09/09/2021,GYY,IN,AGL,CE,Federal Contract Tower,1,15,13,0,29,0,0,35,2,37,1,15,48,2,66,42,0,42,108
09/10/2021,GYY,IN,AGL,CE,Federal Contract Tower,1,8,14,0,23,0,0,25,3,28,1,8,39,3,51,23,0,23,74
09/11/2021,GYY,IN,AGL,CE,Federal Contract Tower,2,3,22,0,27,0,0,21,10,31,2,3,43,10,58,10,0,10,68
09/12/2021,GYY,IN,AGL,CE,Federal Contract Tower,1,4,33,0,38,0,0,25,0,25,1,4,58,0,63,10,0,10,73
09/13/2021,GYY,IN,AGL,CE,Federal Contract Tower,2,5,26,2,35,0,0,17,0,17,2,5,43,2,52,18,0,18,70
09/14/2021,GYY,IN,AGL,CE,Federal Contract Tower,1,3,23,0,27,0,0,7,0,7,1,3,30,0,34,2,8,10,44
09/15/2021,GYY,IN,AGL,CE,Federal Contract Tower,4,18,26,0,48,0,1,9,2,12,4,19,35,2,60,12,0,12,72
09/16/2021,GYY,IN,AGL,CE,Federal Contract Tower,0,16,31,0,47,0,1,15,0,16,0,17,46,0,63,22,0,22,85
09/17/2021,GYY,IN,AGL,CE,Federal Contract Tower,2,3,14,8,27,0,0,10,5,15,2,3,24,13,42,8,8,16,58
09/18/2021,GYY,IN,AGL,CE,Federal Contract Tower,1,2,17,0,20,0,0,23,0,23,1,2,40,0,43,32,0,32,75
09/19/2021,GYY,IN,AGL,CE,Federal Contract Tower,0,7,27,4,38,0,1,12,5,18,0,8,39,9,56,12,0,12,68
09/20/2021,GYY,IN,AGL,CE,Federal Contract Tower,0,10,17,1,28,0,0,0,0,0,0,10,17,1,28,0,0,0,28
09/21/2021,GYY,IN,AGL,CE,Federal Contract Tower,3,9,20,0,32,0,0,2,5,7,3,9,22,5,39,0,8,8,47
09/22/2021,GYY,IN,AGL,CE,Federal Contract Tower,3,4,19,0,26,0,0,1,3,4,3,4,20,3,30,0,10,10,40
09/23/2021,GYY,IN,AGL,CE,Federal Contract Tower,3,5,34,0,42,0,0,19,6,25,3,5,53,6,67,62,0,62,129
09/24/2021,GYY,IN,AGL,CE,Federal Contract Tower,2,5,36,0,43,0,0,18,4,22,2,5,54,4,65,4,0,4,69
09/25/2021,GYY,IN,AGL,CE,Federal Contract Tower,0,3,12,0,15,0,0,31,0,31,0,3,43,0,46,34,0,34,80
09/26/2021,GYY,IN,AGL,CE,Federal Contract Tower,0,3,27,0,30,0,0,16,0,16,0,3,43,0,46,2,0,2,48
09/27/2021,GYY,IN,AGL,CE,Federal Contract Tower,1,13,33,0,47,0,0,6,0,6,1,13,39,0,53,4,0,4,57
09/28/2021,GYY,IN,AGL,CE,Federal Contract Tower,4,9,20,0,33,0,0,26,3,29,4,9,46,3,62,30,0,30,92
09/29/2021,GYY,IN,AGL,CE,Federal Contract Tower,3,11,21,2,37,0,2,24,1,27,3,13,45,3,64,40,0,40,104
09/30/2021,GYY,IN,AGL,CE,Federal Contract Tower,2,15,18,3,38,0,2,27,7,36,2,17,45,10,74,38,0,38,112
10/01/2021,GYY,IN,AGL,CE,Federal Contract Tower,3,14,24,0,41,0,0,20,2,22,3,14,44,2,63,4,0,4,67
10/02/2021,GYY,IN,AGL,CE,Federal Contract Tower,0,4,14,0,18,0,0,9,4,13,0,4,23,4,31,4,0,4,35
10/03/2021,GYY,IN,AGL,CE,Federal Contract Tower,0,2,16,0,18,0,0,1,0,1,0,2,17,0,19,0,0,0,19
10/04/2021,GYY,IN,AGL,CE,Federal Contract Tower,3,5,27,0,35,0,0,0,0,0,3,5,27,0,35,0,0,0,35
10/05/2021,GYY,IN,AGL,CE,Federal Contract Tower,1,7,24,0,32,0,0,2,0,2,1,7,26,0,34,0,0,0,34
10/06/2021,GYY,IN,AGL,CE,Federal Contract Tower,0,24,26,3,53,0,0,5,0,5,0,24,31,3,58,0,0,0,58
10/07/2021,GYY,IN,AGL,CE,Federal Contract Tower,4,8,26,1,39,0,0,5,7,12,4,8,31,8,51,2,0,2,53
10/08/2021,GYY,IN,AGL,CE,Federal Contract Tower,3,7,28,0,38,0,0,3,0,3,3,7,31,0,41,8,0,8,49
10/09/2021,GYY,IN,AGL,CE,Federal Contract Tower,0,3,17,0,20,0,3,23,0,26,0,6,40,0,46,40,0,40,86
10/10/2021,GYY,IN,AGL,CE,Federal Contract Tower,0,3,11,0,14,0,0,13,0,13,0,3,24,0,27,0,0,0,27
10/11/2021,GYY,IN,AGL,CE,Federal Contract Tower,5,3,22,0,30,0,0,8,0,8,5,3,30,0,38,2,0,2,40
10/12/2021,GYY,IN,AGL,CE,Federal Contract Tower,2,17,27,0,46,0,0,8,0,8,2,17,35,0,54,6,0,6,60
10/13/2021,GYY,IN,AGL,CE,Federal Contract Tower,0,14,0,0,14,0,0,12,0,12,0,14,12,0,26,18,0,18,44
10/14/2021,GYY,IN,AGL,CE,Federal Contract Tower,3,1,29,0,33,0,0,7,7,14,3,1,36,7,47,16,0,16,63
10/15/2021,GYY,IN,AGL,CE,Federal Contract Tower,1,9,25,0,35,0,0,10,0,10,1,9,35,0,45,2,0,2,47
10/16/2021,GYY,IN,AGL,CE,Federal Contract Tower,0,5,15,0,20,0,0,24,0,24,0,5,39,0,44,48,0,48,92
10/17/2021,GYY,IN,AGL,CE,Federal Contract Tower,0,2,35,0,37,0,2,19,10,31,0,4,54,10,68,8,6,14,82
10/18/2021,GYY,IN,AGL,CE,Federal Contract Tower,3,10,35,4,52,0,1,32,0,33,3,11,67,4,85,20,0,20,105
10/19/2021,GYY,IN,AGL,CE,Federal Contract Tower,2,13,19,0,34,0,5,31,0,36,2,18,50,0,70,22,0,22,92
10/20/2021,GYY,IN,AGL,CE,Federal Contract Tower,0,12,27,3,42,0,0,25,1,26,0,12,52,4,68,30,0,30,98
10/21/2021,GYY,IN,AGL,CE,Federal Contract Tower,0,22,18,3,43,0,0,9,6,15,0,22,27,9,58,2,10,12,70
10/22/2021,GYY,IN,AGL,CE,Federal Contract Tower,0,11,22,0,33,0,0,18,0,18,0,11,40,0,51,4,0,4,55
10/23/2021,GYY,IN,AGL,CE,Federal Contract Tower,0,10,18,0,28,0,2,22,0,24,0,12,40,0,52,48,0,48,100
10/24/2021,GYY,IN,AGL,CE,Federal Contract Tower,0,11,20,0,31,0,0,0,0,0,0,11,20,0,31,0,0,0,31
10/25/2021,GYY,IN,AGL,CE,Federal Contract Tower,2,5,9,0,16,0,0,3,0,3,2,5,12,0,19,0,0,0,19
10/26/2021,GYY,IN,AGL,CE,Federal Contract Tower,0,11,18,2,31,0,1,24,2,27,0,12,42,4,58,40,0,40,98
10/27/2021,GYY,IN,AGL,CE,Federal Contract Tower,0,17,18,2,37,0,2,17,3,22,0,19,35,5,59,40,4,44,103
10/28/2021,GYY,IN,AGL,CE,Federal Contract Tower,4,9,11,2,26,0,0,2,0,2,4,9,13,2,28,4,0,4,32
10/29/2021,GYY,IN,AGL,CE,Federal Contract Tower,1,6,18,0,25,0,0,0,0,0,1,6,18,0,25,0,0,0,25
10/30/2021,GYY,IN,AGL,CE,Federal Contract Tower,0,7,15,4,26,0,0,14,0,14,0,7,29,4,40,20,0,20,60
10/31/2021,GYY,IN,AGL,CE,Federal Contract Tower,1,7,17,0,25,0,0,12,2,14,1,7,29,2,39,24,0,24,63
11/01/2021,GYY,IN,AGL,CE,Federal Contract Tower,0,8,39,5,52,0,1,29,0,30,0,9,68,5,82,14,0,14,96
11/02/2021,GYY,IN,AGL,CE,Federal Contract Tower,2,7,25,0,34,0,2,22,9,33,2,9,47,9,67,32,0,32,99
11/03/2021,GYY,IN,AGL,CE,Federal Contract Tower,2,14,20,1,37,0,19,19,5,43,2,33,39,6,80,28,0,28,108
11/04/2021,GYY,IN,AGL,CE,Federal Contract Tower,3,5,13,0,21,0,0,16,12,28,3,5,29,12,49,34,20,54,103
11/05/2021,GYY,IN,AGL,CE,Federal Contract Tower,5,6,16,4,31,0,1,24,12,37,5,7,40,16,68,58,6,64,132
11/06/2021,GYY,IN,AGL,CE,Federal Contract Tower,2,2,16,1,21,0,0,28,1,29,2,2,44,2,50,64,0,64,114
11/07/2021,GYY,IN,AGL,CE,Federal Contract Tower,1,12,27,5,45,0,4,24,3,31,1,16,51,8,76,22,0,22,98
11/08/2021,GYY,IN,AGL,CE,Federal Contract Tower,3,11,22,0,36,0,0,15,0,15,3,11,37,0,51,86,0,86,137
11/09/2021,GYY,IN,AGL,CE,Federal Contract Tower,3,7,21,2,33,0,0,30,0,30,3,7,51,2,63,54,0,54,117
11/10/2021,GYY,IN,AGL,CE,Federal Contract Tower,0,11,23,0,34,0,0,7,6,13,0,11,30,6,47,48,6,54,101
11/11/2021,GYY,IN,AGL,CE,Federal Contract Tower,0,6,27,0,33,0,1,6,0,7,0,7,33,0,40,28,0,28,68
11/12/2021,GYY,IN,AGL,CE,Federal Contract Tower,2,5,18,0,25,0,0,6,0,6,2,5,24,0,31,4,0,4,35
11/13/2021,GYY,IN,AGL,CE,Federal Contract Tower,0,2,19,0,21,0,0,1,0,1,0,2,20,0,22,14,0,14,36
11/14/2021,GYY,IN,AGL,CE,Federal Contract Tower,0,9,21,0,30,0,0,0,0,0,0,9,21,0,30,0,0,0,30
11/15/2021,GYY,IN,AGL,CE,Federal Contract Tower,0,6,26,0,32,0,3,8,0,11,0,9,34,0,43,22,0,22,65
11/16/2021,GYY,IN,AGL,CE,Federal Contract Tower,0,11,25,1,37,0,6,24,9,39,0,17,49,10,76,32,28,60,136
11/17/2021,GYY,IN,AGL,CE,Federal Contract Tower,0,13,21,2,36,0,0,6,5,11,0,13,27,7,47,2,22,24,71
11/18/2021,GYY,IN,AGL,CE,Federal Contract Tower,5,8,26,0,39,0,1,10,8,19,5,9,36,8,58,4,22,26,84
11/19/2021,GYY,IN,AGL,CE,Federal Contract Tower,0,5,22,2,29,0,3,33,4,40,0,8,55,6,69,22,0,22,91
11/20/2021,GYY,IN,AGL,CE,Federal Contract Tower,0,4,20,0,24,0,0,11,4,15,0,4,31,4,39,36,0,36,75
11/21/2021,GYY,IN,AGL,CE,Federal Contract Tower,0,9,24,1,34,0,0,12,0,12,0,9,36,1,46,2,0,2,48
11/22/2021,GYY,IN,AGL,CE,Federal Contract Tower,2,12,18,0,32,0,9,38,10,57,2,21,56,10,89,66,10,76,165
11/23/2021,GYY,IN,AGL,CE,Federal Contract Tower,0,6,23,0,29,0,0,35,6,41,0,6,58,6,70,44,0,44,114
11/24/2021,GYY,IN,AGL,CE,Federal Contract Tower,0,11,19,0,30,0,0,3,2,5,0,11,22,2,35,2,0,2,37
11/25/2021,GYY,IN,AGL,CE,Federal Contract Tower,0,2,5,0,7,0,0,0,0,0,0,2,5,0,7,2,0,2,9
11/26/2021,GYY,IN,AGL,CE,Federal Contract Tower,1,1,7,0,9,0,0,6,0,6,1,1,13,0,15,24,0,24,39
11/27/2021,GYY,IN,AGL,CE,Federal Contract Tower,1,3,24,0,28,0,0,4,0,4,1,3,28,0,32,4,0,4,36
11/28/2021,GYY,IN,AGL,CE,Federal Contract Tower,0,11,37,0,48,0,2,11,0,13,0,13,48,0,61,0,0,0,61
11/29/2021,GYY,IN,AGL,CE,Federal Contract Tower,1,11,13,0,25,0,0,20,0,20,1,11,33,0,45,22,0,22,67
11/30/2021,GYY,IN,AGL,CE,Federal Contract Tower,0,13,13,0,26,0,2,22,10,34,0,15,35,10,60,36,0,36,96
12/01/2021,GYY,IN,AGL,CE,Federal Contract Tower,0,13,20,0,33,0,1,9,6,16,0,14,29,6,49,26,18,44,93
12/02/2021,GYY,IN,AGL,CE,Federal Contract Tower,5,5,20,0,30,0,0,24,9,33,5,5,44,9,63,12,0,12,75
12/03/2021,GYY,IN,AGL,CE,Federal Contract Tower,0,6,23,0,29,0,0,18,0,18,0,6,41,0,47,6,0,6,53
12/04/2021,GYY,IN,AGL,CE,Federal Contract Tower,0,4,15,0,19,0,1,15,7,23,0,5,30,7,42,58,6,64,106
12/05/2021,GYY,IN,AGL,CE,Federal Contract Tower,0,3,27,0,30,0,0,1,0,1,0,3,28,0,31,0,0,0,31
12/06/2021,GYY,IN,AGL,CE,Federal Contract Tower,6,9,20,4,39,0,0,17,0,17,6,9,37,4,56,2,0,2,58
12/07/2021,GYY,IN,AGL,CE,Federal Contract Tower,5,11,21,0,37,0,0,8,0,8,5,11,29,0,45,24,0,24,69
12/08/2021,GYY,IN,AGL,CE,Federal Contract Tower,1,12,29,0,42,0,1,17,2,20,1,13,46,2,62,2,0,2,64
12/09/2021,GYY,IN,AGL,CE,Federal Contract Tower,4,8,11,0,23,0,2,9,6,17,4,10,20,6,40,4,0,4,44
12/10/2021,GYY,IN,AGL,CE,Federal Contract Tower,2,12,11,1,26,0,0,2,0,2,2,12,13,1,28,2,0,2,30
12/11/2021,GYY,IN,AGL,CE,Federal Contract Tower,1,3,16,0,20,0,0,4,0,4,1,3,20,0,24,0,0,0,24
12/12/2021,GYY,IN,AGL,CE,Federal Contract Tower,0,7,20,0,27,0,0,30,0,30,0,7,50,0,57,10,0,10,67
12/13/2021,GYY,IN,AGL,CE,Federal Contract Tower,3,10,29,4,46,0,0,24,0,24,3,10,53,4,70,46,0,46,116
12/14/2021,GYY,IN,AGL,CE,Federal Contract Tower,0,11,20,2,33,0,4,22,4,30,0,15,42,6,63,64,0,64,127
12/15/2021,GYY,IN,AGL,CE,Federal Contract Tower,1,8,19,0,28,0,0,0,0,0,1,8,19,0,28,0,0,0,28
12/16/2021,GYY,IN,AGL,CE,Federal Contract Tower,3,21,5,1,30,0,0,4,7,11,3,21,9,8,41,0,4,4,45
12/17/2021,GYY,IN,AGL,CE,Federal Contract Tower,5,10,32,0,47,0,0,16,0,16,5,10,48,0,63,12,8,20,83
12/18/2021,GYY,IN,AGL,CE,Federal Contract Tower,1,8,20,0,29,0,0,3,0,3,1,8,23,0,32,0,0,0,32
12/19/2021,GYY,IN,AGL,CE,Federal Contract Tower,2,3,17,0,22,0,0,17,0,17,2,3,34,0,39,30,0,30,69
12/20/2021,GYY,IN,AGL,CE,Federal Contract Tower,2,14,25,0,41,0,1,5,2,8,2,15,30,2,49,4,0,4,53
12/21/2021,GYY,IN,AGL,CE,Federal Contract Tower,0,6,24,0,30,0,0,16,8,24,0,6,40,8,54,32,6,38,92
12/22/2021,GYY,IN,AGL,CE,Federal Contract Tower,4,3,23,1,31,0,0,18,3,21,4,3,41,4,52,22,0,22,74
12/23/2021,GYY,IN,AGL,CE,Federal Contract Tower,6,7,10,0,23,0,6,16,1,23,6,13,26,1,46,24,0,24,70
12/24/2021,GYY,IN,AGL,CE,Federal Contract Tower,0,1,5,0,6,0,0,1,0,1,0,1,6,0,7,0,0,0,7
12/25/2021,GYY,IN,AGL,CE,Federal Contract Tower,0,5,7,0,12,0,0,1,0,1,0,5,8,0,13,0,0,0,13
12/26/2021,GYY,IN,AGL,CE,Federal Contract Tower,0,3,20,0,23,0,0,5,0,5,0,3,25,0,28,12,0,12,40
12/27/2021,GYY,IN,AGL,CE,Federal Contract Tower,0,7,11,0,18,0,0,2,0,2,0,7,13,0,20,0,0,0,20
12/28/2021,GYY,IN,AGL,CE,Federal Contract Tower,0,4,14,0,18,0,0,0,0,0,0,4,14,0,18,0,0,0,18
12/29/2021,GYY,IN,AGL,CE,Federal Contract Tower,2,9,15,0,26,0,0,8,0,8,2,9,23,0,34,0,0,0,34
12/30/2021,GYY,IN,AGL,CE,Federal Contract Tower,0,5,15,0,20,0,0,9,0,9,0,5,24,0,29,4,0,4,33
12/31/2021,GYY,IN,AGL,CE,Federal Contract Tower,0,1,10,0,11,0,0,1,0,1,0,1,11,0,12,8,0,8,20
01/01/2022,GYY,IN,AGL,CE,Federal Contract Tower,0,3,5,0,8,0,0,1,0,1,0,3,6,0,9,0,0,0,9
01/02/2022,GYY,IN,AGL,CE,Federal Contract Tower,0,14,20,0,34,0,0,6,0,6,0,14,26,0,40,8,0,8,48
01/03/2022,GYY,IN,AGL,CE,Federal Contract Tower,0,6,25,0,31,0,1,12,1,14,0,7,37,1,45,4,0,4,49
01/04/2022,GYY,IN,AGL,CE,Federal Contract Tower,3,6,10,0,19,0,2,10,2,14,3,8,20,2,33,6,0,6,39
01/05/2022,GYY,IN,AGL,CE,Federal Contract Tower,3,1,11,2,17,0,0,0,0,0,3,1,11,2,17,0,0,0,17
01/06/2022,GYY,IN,AGL,CE,Federal Contract Tower,0,10,12,0,22,0,0,14,6,20,0,10,26,6,42,6,22,28,70
01/07/2022,GYY,IN,AGL,CE,Federal Contract Tower,0,7,16,0,23,0,3,18,0,21,0,10,34,0,44,42,0,42,86
01/08/2022,GYY,IN,AGL,CE,Federal Contract Tower,0,9,7,0,16,0,0,6,0,6,0,9,13,0,22,0,0,0,22
01/09/2022,GYY,IN,AGL,CE,Federal Contract Tower,0,5,14,0,19,0,2,8,0,10,0,7,22,0,29,0,0,0,29
01/10/2022,GYY,IN,AGL,CE,Federal Contract Tower,0,6,21,0,27,0,1,13,0,14,0,7,34,0,41,14,0,14,55
01/11/2022,GYY,IN,AGL,CE,Federal Contract Tower,1,10,9,0,20,0,2,11,0,13,1,12,20,0,33,12,0,12,45
01/12/2022,GYY,IN,AGL,CE,Federal Contract Tower,3,7,23,0,33,0,0,45,0,45,3,7,68,0,78,36,0,36,114
01/13/2022,GYY,IN,AGL,CE,Federal Contract Tower,0,7,16,0,23,0,0,4,6,10,0,7,20,6,33,0,0,0,33
01/14/2022,GYY,IN,AGL,CE,Federal Contract Tower,3,10,22,0,35,0,0,1,0,1,3,10,23,0,36,0,0,0,36
01/15/2022,GYY,IN,AGL,CE,Federal Contract Tower,0,2,12,0,14,0,0,9,0,9,0,2,21,0,23,16,0,16,39
01/16/2022,GYY,IN,AGL,CE,Federal Contract Tower,0,2,13,0,15,0,0,4,0,4,0,2,17,0,19,24,0,24,43
01/17/2022,GYY,IN,AGL,CE,Federal Contract Tower,0,9,27,0,36,0,1,6,0,7,0,10,33,0,43,0,0,0,43
01/18/2022,GYY,IN,AGL,CE,Federal Contract Tower,4,2,22,0,28,0,0,23,0,23,4,2,45,0,51,38,0,38,89
01/19/2022,GYY,IN,AGL,CE,Federal Contract Tower,1,11,12,0,24,0,0,15,0,15,1,11,27,0,39,10,0,10,49
01/20/2022,GYY,IN,AGL,CE,Federal Contract Tower,0,12,24,0,36,0,0,9,6,15,0,12,33,6,51,20,0,20,71
01/21/2022,GYY,IN,AGL,CE,Federal Contract Tower,0,11,9,0,20,0,4,17,0,21,0,15,26,0,41,34,0,34,75
01/22/2022,GYY,IN,AGL,CE,Federal Contract Tower,0,4,3,0,7,0,0,4,0,4,0,4,7,0,11,12,0,12,23
01/23/2022,GYY,IN,AGL,CE,Federal Contract Tower,0,6,7,0,13,0,0,5,0,5,0,6,12,0,18,0,0,0,18
01/24/2022,GYY,IN,AGL,CE,Federal Contract Tower,1,9,7,0,17,0,0,1,0,1,1,9,8,0,18,0,0,0,18
01/25/2022,GYY,IN,AGL,CE,Federal Contract Tower,3,3,21,0,27,0,0,27,0,27,3,3,48,0,54,10,0,10,64
01/26/2022,GYY,IN,AGL,CE,Federal Contract Tower,4,11,14,0,29,0,0,14,0,14,4,11,28,0,43,0,0,0,43
01/27/2022,GYY,IN,AGL,CE,Federal Contract Tower,3,2,16,0,21,0,0,8,0,8,3,2,24,0,29,6,0,6,35
01/28/2022,GYY,IN,AGL,CE,Federal Contract Tower,2,9,1,0,12,0,0,0,0,0,2,9,1,0,12,0,0,0,12
01/29/2022,GYY,IN,AGL,CE,Federal Contract Tower,0,7,16,0,23,0,0,9,0,9,0,7,25,0,32,28,0,28,60
01/30/2022,GYY,IN,AGL,CE,Federal Contract Tower,1,8,26,0,35,0,0,3,0,3,1,8,29,0,38,0,0,0,38
01/31/2022,GYY,IN,AGL,CE,Federal Contract Tower,0,10,17,0,27,0,0,8,0,8,0,10,25,0,35,24,0,24,59
02/01/2022,GYY,IN,AGL,CE,Federal Contract Tower,3,11,19,0,33,0,0,9,0,9,3,11,28,0,42,22,0,22,64
02/02/2022,GYY,IN,AGL,CE,Federal Contract Tower,1,2,13,0,16,0,0,0,0,0,1,2,13,0,16,0,0,0,16
02/03/2022,GYY,IN,AGL,CE,Federal Contract Tower,0,6,15,0,21,0,0,1,0,1,0,6,16,0,22,1,0,1,23
02/04/2022,GYY,IN,AGL,CE,Federal Contract Tower,1,19,21,0,41,0,0,2,0,2,1,19,23,0,43,0,0,0,43
02/05/2022,GYY,IN,AGL,CE,Federal Contract Tower,0,4,6,0,10,0,2,14,0,16,0,6,20,0,26,22,0,22,48
02/06/2022,GYY,IN,AGL,CE,Federal Contract Tower,0,3,18,0,21,0,0,13,0,13,0,3,31,0,34,18,0,18,52
02/07/2022,GYY,IN,AGL,CE,Federal Contract Tower,0,14,8,7,29,0,0,15,0,15,0,14,23,7,44,18,0,18,62
02/08/2022,GYY,IN,AGL,CE,Federal Contract Tower,3,4,25,0,32,0,2,10,4,16,3,6,35,4,48,0,0,0,48
02/09/2022,GYY,IN,AGL,CE,Federal Contract Tower,3,4,23,0,30,0,0,4,0,4,3,4,27,0,34,2,0,2,36
02/10/2022,GYY,IN,AGL,CE,Federal Contract Tower,0,5,22,0,27,0,3,5,0,8,0,8,27,0,35,10,0,10,45
02/11/2022,GYY,IN,AGL,CE,Federal Contract Tower,0,3,15,0,18,0,0,4,0,4,0,3,19,0,22,0,0,0,22
02/12/2022,GYY,IN,AGL,CE,Federal Contract Tower,0,1,6,0,7,0,0,13,0,13,0,1,19,0,20,8,0,8,28
02/13/2022,GYY,IN,AGL,CE,Federal Contract Tower,0,1,17,0,18,0,0,10,0,10,0,1,27,0,28,10,0,10,38
02/14/2022,GYY,IN,AGL,CE,Federal Contract Tower,0,8,22,0,30,0,2,12,9,23,0,10,34,9,53,24,0,24,77
02/15/2022,GYY,IN,AGL,CE,Federal Contract Tower,3,4,15,0,22,0,0,16,0,16,3,4,31,0,38,10,0,10,48
02/16/2022,GYY,IN,AGL,CE,Federal Contract Tower,3,1,20,0,24,0,0,0,0,0,3,1,20,0,24,0,0,0,24
02/17/2022,GYY,IN,AGL,CE,Federal Contract Tower,0,5,8,0,13,0,0,0,0,0,0,5,8,0,13,0,0,0,13
02/18/2022,GYY,IN,AGL,CE,Federal Contract Tower,2,10,23,0,35,0,0,19,0,19,2,10,42,0,54,0,0,0,54
02/19/2022,GYY,IN,AGL,CE,Federal Contract Tower,0,5,19,0,24,0,3,11,0,14,0,8,30,0,38,20,0,20,58
02/20/2022,GYY,IN,AGL,CE,Federal Contract Tower,0,5,12,0,17,0,0,4,0,4,0,5,16,0,21,10,0,10,31
02/21/2022,GYY,IN,AGL,CE,Federal Contract Tower,3,10,16,0,29,0,0,9,0,9,3,10,25,0,38,6,0,6,44
02/22/2022,GYY,IN,AGL,CE,Federal Contract Tower,1,8,15,0,24,0,0,0,0,0,1,8,15,0,24,0,0,0,24
02/23/2022,GYY,IN,AGL,CE,Federal Contract Tower,3,5,21,0,29,0,0,25,0,25,3,5,46,0,54,36,0,36,90
02/24/2022,GYY,IN,AGL,CE,Federal Contract Tower,1,6,9,0,16,0,0,1,0,1,1,6,10,0,17,0,0,0,17
02/25/2022,GYY,IN,AGL,CE,Federal Contract Tower,2,5,24,0,31,0,0,7,0,7,2,5,31,0,38,0,0,0,38
02/26/2022,GYY,IN,AGL,CE,Federal Contract Tower,0,4,20,0,24,0,0,18,0,18,0,4,38,0,42,36,0,36,78
02/27/2022,GYY,IN,AGL,CE,Federal Contract Tower,0,1,22,0,23,0,0,14,0,14,0,1,36,0,37,24,0,24,61
02/28/2022,GYY,IN,AGL,CE,Federal Contract Tower,1,7,11,0,19,0,0,11,0,11,1,7,22,0,30,0,0,0,30
03/01/2022,GYY,IN,AGL,CE,Federal Contract Tower,1,0,18,0,19,0,0,18,0,18,1,0,36,0,37,52,0,52,89
03/02/2022,GYY,IN,AGL,CE,Federal Contract Tower,3,8,17,0,28,0,2,21,2,25,3,10,38,2,53,0,0,0,53
03/03/2022,GYY,IN,AGL,CE,Federal Contract Tower,0,6,21,0,27,0,0,18,4,22,0,6,39,4,49,38,28,66,115
03/04/2022,GYY,IN,AGL,CE,Federal Contract Tower,0,9,23,0,32,0,4,13,1,18,0,13,36,1,50,46,6,52,102
03/05/2022,GYY,IN,AGL,CE,Federal Contract Tower,1,7,18,0,26,0,0,13,0,13,1,7,31,0,39,34,0,34,73
03/06/2022,GYY,IN,AGL,CE,Federal Contract Tower,0,7,21,0,28,0,0,10,0,10,0,7,31,0,38,0,0,0,38
03/07/2022,GYY,IN,AGL,CE,Federal Contract Tower,0,10,7,0,17,0,0,1,0,1,0,10,8,0,18,0,0,0,18
03/08/2022,GYY,IN,AGL,CE,Federal Contract Tower,3,10,7,0,20,0,0,12,0,12,3,10,19,0,32,44,0,44,76
03/09/2022,GYY,IN,AGL,CE,Federal Contract Tower,4,9,19,2,34,0,0,13,0,13,4,9,32,2,47,10,0,10,57
03/10/2022,GYY,IN,AGL,CE,Federal Contract Tower,0,11,17,0,28,0,0,6,0,6,0,11,23,0,34,10,0,10,44
03/11/2022,GYY,IN,AGL,CE,Federal Contract Tower,2,10,20,0,32,0,0,4,0,4,2,10,24,0,36,0,4,4,40
03/12/2022,GYY,IN,AGL,CE,Federal Contract Tower,2,6,11,0,19,0,1,18,8,27,2,7,29,8,46,18,0,18,64
03/13/2022,GYY,IN,AGL,CE,Federal Contract Tower,0,5,31,0,36,0,0,13,0,13,0,5,44,0,49,12,0,12,61
03/14/2022,GYY,IN,AGL,CE,Federal Contract Tower,0,8,19,0,27,0,1,14,0,15,0,9,33,0,42,8,0,8,50
03/15/2022,GYY,IN,AGL,CE,Federal Contract Tower,3,6,29,0,38,0,0,5,5,10,3,6,34,5,48,32,0,32,80
03/16/2022,GYY,IN,AGL,CE,Federal Contract Tower,3,6,17,0,26,0,1,17,0,18,3,7,34,0,44,50,0,50,94
03/17/2022,GYY,IN,AGL,CE,Federal Contract Tower,0,10,13,1,24,0,0,19,1,20,0,10,32,2,44,26,0,26,70
03/18/2022,GYY,IN,AGL,CE,Federal Contract Tower,0,9,12,2,23,0,0,8,0,8,0,9,20,2,31,2,0,2,33
03/19/2022,GYY,IN,AGL,CE,Federal Contract Tower,0,1,17,0,18,0,0,1,0,1,0,1,18,0,19,0,0,0,19
03/20/2022,GYY,IN,AGL,CE,Federal Contract Tower,2,7,27,0,36,0,0,23,0,23,2,7,50,0,59,8,0,8,67
03/21/2022,GYY,IN,AGL,CE,Federal Contract Tower,4,2,20,0,26,0,0,20,0,20,4,2,40,0,46,50,0,50,96
03/22/2022,GYY,IN,AGL,CE,Federal Contract Tower,0,7,15,0,22,0,0,3,0,3,0,7,18,0,25,0,0,0,25
03/23/2022,GYY,IN,AGL,CE,Federal Contract Tower,2,7,25,2,36,0,0,1,0,1,2,7,26,2,37,0,10,10,47
03/24/2022,GYY,IN,AGL,CE,Federal Contract Tower,0,12,18,0,30,0,0,0,4,4,0,12,18,4,34,2,10,12,46
03/25/2022,GYY,IN,AGL,CE,Federal Contract Tower,0,4,23,0,27,0,0,2,0,2,0,4,25,0,29,0,2,2,31
03/26/2022,GYY,IN,AGL,CE,Federal Contract Tower,0,2,22,0,24,0,0,7,0,7,0,2,29,0,31,10,0,10,41
03/27/2022,GYY,IN,AGL,CE,Federal Contract Tower,0,2,22,4,28,0,0,17,0,17,0,2,39,4,45,24,0,24,69
03/28/2022,GYY,IN,AGL,CE,Federal Contract Tower,3,4,19,0,26,0,0,22,0,22,3,4,41,0,48,76,0,76,124
03/29/2022,GYY,IN,AGL,CE,Federal Contract Tower,3,7,25,1,36,0,0,8,3,11,3,7,33,4,47,18,0,18,65
03/30/2022,GYY,IN,AGL,CE,Federal Contract Tower,3,5,19,1,28,0,0,1,0,1,3,5,20,1,29,0,0,0,29
03/31/2022,GYY,IN,AGL,CE,Federal Contract Tower,1,12,16,0,29,0,0,2,4,6,1,12,18,4,35,0,2,2,37
04/01/2022,GYY,IN,AGL,CE,Federal Contract Tower,0,2,18,0,20,0,0,29,0,29,0,2,47,0,49,54,16,70,119
04/02/2022,GYY,IN,AGL,CE,Federal Contract Tower,0,2,12,0,14,0,0,6,0,6,0,2,18,0,20,2,0,2,22
04/03/2022,GYY,IN,AGL,CE,Federal Contract Tower,1,8,20,1,30,0,0,7,1,8,1,8,27,2,38,10,0,10,48
04/04/2022,GYY,IN,AGL,CE,Federal Contract Tower,4,4,11,0,19,0,2,3,0,5,4,6,14,0,24,6,0,6,30
04/05/2022,GYY,IN,AGL,CE,Federal Contract Tower,0,8,30,1,39,0,0,4,0,4,0,8,34,1,43,0,10,10,53
04/06/2022,GYY,IN,AGL,CE,Federal Contract Tower,0,17,21,0,38,0,0,2,1,3,0,17,23,1,41,0,0,0,41
04/07/2022,GYY,IN,AGL,CE,Federal Contract Tower,4,7,30,1,42,0,0,7,1,8,4,7,37,2,50,10,1,11,61
04/08/2022,GYY,IN,AGL,CE,Federal Contract Tower,2,12,23,0,37,0,0,3,2,5,2,12,26,2,42,0,0,0,42
04/09/2022,GYY,IN,AGL,CE,Federal Contract Tower,0,4,17,0,21,0,0,14,0,14,0,4,31,0,35,28,22,50,85
04/10/2022,GYY,IN,AGL,CE,Federal Contract Tower,0,9,23,0,32,0,0,10,0,10,0,9,33,0,42,2,20,22,64
04/11/2022,GYY,IN,AGL,CE,Federal Contract Tower,3,6,22,0,31,0,0,16,0,16,3,6,38,0,47,22,0,22,69
04/12/2022,GYY,IN,AGL,CE,Federal Contract Tower,0,12,17,0,29,0,0,25,5,30,0,12,42,5,59,18,12,30,89
04/13/2022,GYY,IN,AGL,CE,Federal Contract Tower,2,8,28,0,38,0,0,0,0,0,2,8,28,0,38,0,0,0,38
04/14/2022,GYY,IN,AGL,CE,Federal Contract Tower,3,6,20,0,29,0,0,1,3,4,3,6,21,3,33,0,0,0,33
04/15/2022,GYY,IN,AGL,CE,Federal Contract Tower,2,2,23,0,27,0,2,50,0,52,2,4,73,0,79,16,0,16,95
04/16/2022,GYY,IN,AGL,CE,Federal Contract Tower,1,0,7,0,8,0,0,38,0,38,1,0,45,0,46,6,0,6,52
04/17/2022,GYY,IN,AGL,CE,Federal Contract Tower,0,4,14,0,18,0,0,4,0,4,0,4,18,0,22,10,0,10,32
04/18/2022,GYY,IN,AGL,CE,Federal Contract Tower,3,1,21,0,25,0,0,1,0,1,3,1,22,0,26,0,0,0,26
04/19/2022,GYY,IN,AGL,CE,Federal Contract Tower,0,15,27,0,42,0,0,22,4,26,0,15,49,4,68,54,0,54,122
04/20/2022,GYY,IN,AGL,CE,Federal Contract Tower,0,9,27,0,36,0,0,12,5,17,0,9,39,5,53,6,0,6,59
04/21/2022,GYY,IN,AGL,CE,Federal Contract Tower,4,5,21,0,30,0,2,31,14,47,4,7,52,14,77,60,32,92,169
04/22/2022,GYY,IN,AGL,CE,Federal Contract Tower,0,5,22,1,28,0,0,7,2,9,0,5,29,3,37,0,0,0,37
04/23/2022,GYY,IN,AGL,CE,Federal Contract Tower,1,4,14,0,19,0,0,10,0,10,1,4,24,0,29,2,0,2,31
04/24/2022,GYY,IN,AGL,CE,Federal Contract Tower,0,9,18,0,27,0,0,5,0,5,0,9,23,0,32,2,0,2,34
04/25/2022,GYY,IN,AGL,CE,Federal Contract Tower,3,3,15,0,21,0,0,12,2,14,3,3,27,2,35,24,0,24,59
04/26/2022,GYY,IN,AGL,CE,Federal Contract Tower,0,9,18,1,28,0,0,19,3,22,0,9,37,4,50,42,6,48,98
04/27/2022,GYY,IN,AGL,CE,Federal Contract Tower,0,7,19,0,26,0,0,26,3,29,0,7,45,3,55,32,0,32,87
04/28/2022,GYY,IN,AGL,CE,Federal Contract Tower,3,8,20,1,32,0,0,9,4,13,3,8,29,5,45,54,0,54,99
04/29/2022,GYY,IN,AGL,CE,Federal Contract Tower,2,4,14,1,21,0,0,12,0,12,2,4,26,1,33,36,0,36,69
04/30/2022,GYY,IN,AGL,CE,Federal Contract Tower,0,4,8,0,12,0,0,3,0,3,0,4,11,0,15,0,0,0,15
05/01/2022,GYY,IN,AGL,CE,Federal Contract Tower,0,3,29,0,32,0,0,1,0,1,0,3,30,0,33,0,0,0,33
05/02/2022,GYY,IN,AGL,CE,Federal Contract Tower,3,9,22,0,34,0,0,24,0,24,3,9,46,0,58,38,0,38,96
05/03/2022,GYY,IN,AGL,CE,Federal Contract Tower,0,9,18,0,27,0,0,0,0,0,0,9,18,0,27,0,0,0,27
05/04/2022,GYY,IN,AGL,CE,Federal Contract Tower,0,18,25,2,45,0,0,18,0,18,0,18,43,2,63,22,0,22,85
05/05/2022,GYY,IN,AGL,CE,Federal Contract Tower,3,13,23,0,39,0,0,7,2,9,3,13,30,2,48,0,0,0,48
05/06/2022,GYY,IN,AGL,CE,Federal Contract Tower,2,4,17,0,23,0,0,0,0,0,2,4,17,0,23,0,0,0,23
05/07/2022,GYY,IN,AGL,CE,Federal Contract Tower,0,4,18,0,22,0,0,32,0,32,0,4,50,0,54,44,0,44,98
05/08/2022,GYY,IN,AGL,CE,Federal Contract Tower,0,8,15,0,23,0,3,11,0,14,0,11,26,0,37,14,0,14,51
05/09/2022,GYY,IN,AGL,CE,Federal Contract Tower,3,1,21,0,25,0,0,13,0,13,3,1,34,0,38,2,0,2,40
05/10/2022,GYY,IN,AGL,CE,Federal Contract Tower,0,5,14,1,20,0,0,16,1,17,0,5,30,2,37,8,0,8,45
05/11/2022,GYY,IN,AGL,CE,Federal Contract Tower,0,18,36,2,56,0,0,1,1,2,0,18,37,3,58,0,0,0,58
05/12/2022,GYY,IN,AGL,CE,Federal Contract Tower,3,11,25,0,39,0,0,16,6,22,3,11,41,6,61,16,0,16,77
05/13/2022,GYY,IN,AGL,CE,Federal Contract Tower,1,4,18,0,23,0,0,20,0,20,1,4,38,0,43,8,0,8,51
05/14/2022,GYY,IN,AGL,CE,Federal Contract Tower,0,4,14,0,18,0,0,18,3,21,0,4,32,3,39,40,0,40,79
05/15/2022,GYY,IN,AGL,CE,Federal Contract Tower,0,1,24,0,25,0,0,13,2,15,0,1,37,2,40,2,0,2,42
05/16/2022,GYY,IN,AGL,CE,Federal Contract Tower,3,4,22,3,32,0,0,12,0,12,3,4,34,3,44,24,18,42,86
05/17/2022,GYY,IN,AGL,CE,Federal Contract Tower,0,11,15,1,27,0,0,20,1,21,0,11,35,2,48,0,2,2,50
05/18/2022,GYY,IN,AGL,CE,Federal Contract Tower,0,12,28,2,42,0,0,2,0,2,0,12,30,2,44,2,0,2,46
05/19/2022,GYY,IN,AGL,CE,Federal Contract Tower,3,6,25,1,35,0,0,11,6,17,3,6,36,7,52,10,2,12,64
05/20/2022,GYY,IN,AGL,CE,Federal Contract Tower,2,3,21,0,26,0,0,3,0,3,2,3,24,0,29,0,0,0,29
05/21/2022,GYY,IN,AGL,CE,Federal Contract Tower,0,9,21,0,30,0,0,4,0,4,0,9,25,0,34,0,2,2,36
05/22/2022,GYY,IN,AGL,CE,Federal Contract Tower,0,7,27,1,35,0,0,11,0,11,0,7,38,1,46,2,0,2,48
05/23/2022,GYY,IN,AGL,CE,Federal Contract Tower,1,6,20,0,27,0,0,23,0,23,1,6,43,0,50,56,0,56,106
05/24/2022,GYY,IN,AGL,CE,Federal Contract Tower,0,11,22,1,34,0,0,16,2,18,0,11,38,3,52,18,10,28,80
05/25/2022,GYY,IN,AGL,CE,Federal Contract Tower,0,13,34,0,47,0,0,0,6,6,0,13,34,6,53,0,40,40,93
05/26/2022,GYY,IN,AGL,CE,Federal Contract Tower,3,10,23,0,36,0,0,6,7,13,3,10,29,7,49,0,18,18,67
05/27/2022,GYY,IN,AGL,CE,Federal Contract Tower,2,7,15,0,24,0,0,2,1,3,2,7,17,1,27,6,0,6,33
05/28/2022,GYY,IN,AGL,CE,Federal Contract Tower,0,3,15,0,18,0,2,19,0,21,0,5,34,0,39,20,0,20,59
05/29/2022,GYY,IN,AGL,CE,Federal Contract Tower,0,0,7,0,7,0,0,6,0,6,0,0,13,0,13,2,0,2,15
05/30/2022,GYY,IN,AGL,CE,Federal Contract Tower,0,6,26,0,32,0,0,7,0,7,0,6,33,0,39,2,0,2,41
05/31/2022,GYY,IN,AGL,CE,Federal Contract Tower,2,7,17,0,26,0,0,10,0,10,2,7,27,0,36,20,0,20,56
06/01/2022,GYY,IN,AGL,CE,Federal Contract Tower,0,8,26,7,41,0,2,10,0,12,0,10,36,7,53,20,0,20,73
06/02/2022,GYY,IN,AGL,CE,Federal Contract Tower,3,7,27,0,37,0,0,19,4,23,3,7,46,4,60,16,0,16,76
06/03/2022,GYY,IN,AGL,CE,Federal Contract Tower,2,7,15,0,24,0,0,14,0,14,2,7,29,0,38,10,0,10,48
06/04/2022,GYY,IN,AGL,CE,Federal Contract Tower,0,4,9,0,13,0,0,13,0,13,0,4,22,0,26,0,0,0,26
06/05/2022,GYY,IN,AGL,CE,Federal Contract Tower,2,8,27,0,37,0,0,20,0,20,2,8,47,0,57,16,0,16,73
06/06/2022,GYY,IN,AGL,CE,Federal Contract Tower,2,4,16,0,22,0,0,2,0,2,2,4,18,0,24,6,0,6,30
06/07/2022,GYY,IN,AGL,CE,Federal Contract Tower,1,12,45,0,58,0,0,18,4,22,1,12,63,4,80,12,0,12,92
06/08/2022,GYY,IN,AGL,CE,Federal Contract Tower,0,17,34,0,51,0,0,10,0,10,0,17,44,0,61,10,0,10,71
06/09/2022,GYY,IN,AGL,CE,Federal Contract Tower,8,6,20,0,34,0,0,25,2,27,8,6,45,2,61,32,0,32,93
06/10/2022,GYY,IN,AGL,CE,Federal Contract Tower,0,3,13,0,16,0,0,16,0,16,0,3,29,0,32,8,0,8,40
06/11/2022,GYY,IN,AGL,CE,Federal Contract Tower,0,3,21,0,24,0,0,6,0,6,0,3,27,0,30,4,0,4,34
06/12/2022,GYY,IN,AGL,CE,Federal Contract Tower,0,7,17,0,24,0,0,4,0,4,0,7,21,0,28,0,0,0,28
06/13/2022,GYY,IN,AGL,CE,Federal Contract Tower,4,10,22,0,36,0,0,14,2,16,4,10,36,2,52,28,0,28,80
06/14/2022,GYY,IN,AGL,CE,Federal Contract Tower,1,10,24,0,35,3,0,18,5,26,4,10,42,5,61,10,10,20,81
06/15/2022,GYY,IN,AGL,CE,Federal Contract Tower,0,13,28,1,42,0,0,9,1,10,0,13,37,2,52,22,0,22,74
06/16/2022,GYY,IN,AGL,CE,Federal Contract Tower,3,6,27,1,37,0,0,16,0,16,3,6,43,1,53,2,0,2,55
06/17/2022,GYY,IN,AGL,CE,Federal Contract Tower,0,4,22,0,26,0,0,28,3,31,0,4,50,3,57,62,0,62,119
06/18/2022,GYY,IN,AGL,CE,Federal Contract Tower,0,3,22,0,25,0,0,18,0,18,0,3,40,0,43,24,0,24,67
06/19/2022,GYY,IN,AGL,CE,Federal Contract Tower,0,6,16,0,22,0,0,11,2,13,0,6,27,2,35,30,0,30,65
06/20/2022,GYY,IN,AGL,CE,Federal Contract Tower,3,10,28,1,42,0,0,17,0,17,3,10,45,1,59,0,0,0,59
06/21/2022,GYY,IN,AGL,CE,Federal Contract Tower,0,3,16,3,22,0,0,17,0,17,0,3,33,3,39,0,0,0,39
06/22/2022,GYY,IN,AGL,CE,Federal Contract Tower,0,8,19,2,29,0,0,18,4,22,0,8,37,6,51,28,22,50,101
06/23/2022,GYY,IN,AGL,CE,Federal Contract Tower,4,5,22,0,31,0,0,20,3,23,4,5,42,3,54,26,4,30,84
06/24/2022,GYY,IN,AGL,CE,Federal Contract Tower,2,8,28,6,44,0,0,25,4,29,2,8,53,10,73,22,0,22,95
06/25/2022,GYY,IN,AGL,CE,Federal Contract Tower,0,4,12,0,16,0,0,13,0,13,0,4,25,0,29,2,0,2,31
06/26/2022,GYY,IN,AGL,CE,Federal Contract Tower,0,8,22,0,30,0,0,32,4,36,0,8,54,4,66,30,0,30,96
06/27/2022,GYY,IN,AGL,CE,Federal Contract Tower,4,4,26,0,34,0,0,10,0,10,4,4,36,0,44,18,0,18,62
06/28/2022,GYY,IN,AGL,CE,Federal Contract Tower,3,7,17,0,27,0,0,16,3,19,3,7,33,3,46,30,0,30,76
06/29/2022,GYY,IN,AGL,CE,Federal Contract Tower,2,13,23,1,39,0,0,22,4,26,2,13,45,5,65,46,0,46,111
06/30/2022,GYY,IN,AGL,CE,Federal Contract Tower,3,4,18,1,26,0,0,24,7,31,3,4,42,8,57,6,14,20,77
07/01/2022,GYY,IN,AGL,CE,Federal Contract Tower,2,2,20,1,25,0,0,16,2,18,2,2,36,3,43,6,0,6,49
07/02/2022,GYY,IN,AGL,CE,Federal Contract Tower,0,4,31,0,35,0,0,29,0,29,0,4,60,0,64,8,0,8,72
07/03/2022,GYY,IN,AGL,CE,Federal Contract Tower,0,0,21,0,21,0,0,19,0,19,0,0,40,0,40,6,0,6,46
07/04/2022,GYY,IN,AGL,CE,Federal Contract Tower,0,2,6,0,8,0,0,4,0,4,0,2,10,0,12,0,0,0,12
07/05/2022,GYY,IN,AGL,CE,Federal Contract Tower,4,3,20,0,27,0,0,10,0,10,4,3,30,0,37,16,0,16,53
07/06/2022,GYY,IN,AGL,CE,Federal Contract Tower,3,1,19,5,28,0,0,2,5,7,3,1,21,10,35,0,6,6,41
07/07/2022,GYY,IN,AGL,CE,Federal Contract Tower,0,9,24,0,33,0,1,13,0,14,0,10,37,0,47,8,0,8,55
07/08/2022,GYY,IN,AGL,CE,Federal Contract Tower,2,10,11,0,23,0,0,6,0,6,2,10,17,0,29,26,0,26,55
07/09/2022,GYY,IN,AGL,CE,Federal Contract Tower,0,0,19,0,19,0,0,26,1,27,0,0,45,1,46,4,10,14,60
07/10/2022,GYY,IN,AGL,CE,Federal Contract Tower,0,9,15,0,24,0,1,33,0,34,0,10,48,0,58,12,0,12,70
07/11/2022,GYY,IN,AGL,CE,Federal Contract Tower,0,5,15,1,21,0,1,21,1,23,0,6,36,2,44,0,0,0,44
07/12/2022,GYY,IN,AGL,CE,Federal Contract Tower,4,4,25,2,35,0,0,23,3,26,4,4,48,5,61,10,0,10,71
07/13/2022,GYY,IN,AGL,CE,Federal Contract Tower,3,5,24,1,33,0,0,13,4,17,3,5,37,5,50,14,2,16,66
07/14/2022,GYY,IN,AGL,CE,Federal Contract Tower,2,10,21,2,35,0,0,23,7,30,2,10,44,9,65,58,4,62,127
07/15/2022,GYY,IN,AGL,CE,Federal Contract Tower,2,8,17,0,27,0,0,8,0,8,2,8,25,0,35,0,0,0,35
07/16/2022,GYY,IN,AGL,CE,Federal Contract Tower,0,2,27,0,29,0,0,6,0,6,0,2,33,0,35,8,0,8,43
07/17/2022,GYY,IN,AGL,CE,Federal Contract Tower,0,6,21,0,27,0,0,4,0,4,0,6,25,0,31,0,0,0,31
07/18/2022,GYY,IN,AGL,CE,Federal Contract Tower,0,13,17,0,30,0,0,20,0,20,0,13,37,0,50,14,0,14,64
07/19/2022,GYY,IN,AGL,CE,Federal Contract Tower,4,11,21,2,38,0,0,24,7,31,4,11,45,9,69,10,0,10,79
07/20/2022,GYY,IN,AGL,CE,Federal Contract Tower,3,14,17,2,36,0,0,12,3,15,3,14,29,5,51,24,0,24,75
07/21/2022,GYY,IN,AGL,CE,Federal Contract Tower,0,21,18,0,39,0,2,19,4,25,0,23,37,4,64,16,4,20,84
07/22/2022,GYY,IN,AGL,CE,Federal Contract Tower,2,6,28,2,38,0,0,29,3,32,2,6,57,5,70,44,0,44,114
07/23/2022,GYY,IN,AGL,CE,Federal Contract Tower,0,4,21,0,25,0,0,12,0,12,0,4,33,0,37,0,0,0,37
07/24/2022,GYY,IN,AGL,CE,Federal Contract Tower,0,6,28,0,34,0,0,14,0,14,0,6,42,0,48,0,0,0,48
07/25/2022,GYY,IN,AGL,CE,Federal Contract Tower,0,15,20,0,35,0,0,24,0,24,0,15,44,0,59,26,0,26,85
07/26/2022,GYY,IN,AGL,CE,Federal Contract Tower,4,11,13,0,28,0,0,31,0,31,4,11,44,0,59,32,0,32,91
07/27/2022,GYY,IN,AGL,CE,Federal Contract Tower,3,9,36,0,48,0,0,18,0,18,3,9,54,0,66,0,0,0,66
07/28/2022,GYY,IN,AGL,CE,Federal Contract Tower,1,13,20,0,34,0,4,36,8,48,1,17,56,8,82,30,4,34,116
07/29/2022,GYY,IN,AGL,CE,Federal Contract Tower,2,6,29,5,42,0,0,31,2,33,2,6,60,7,75,16,0,16,91
07/30/2022,GYY,IN,AGL,CE,Federal Contract Tower,1,5,17,0,23,0,0,14,2,16,1,5,31,2,39,20,0,20,59
07/31/2022,GYY,IN,AGL,CE,Federal Contract Tower,0,4,21,1,26,0,0,39,5,44,0,4,60,6,70,20,0,20,90
08/01/2022,GYY,IN,AGL,CE,Federal Contract Tower,0,7,18,0,25,0,0,13,0,13,0,7,31,0,38,2,10,12,50
08/02/2022,GYY,IN,AGL,CE,Federal Contract Tower,3,11,13,2,29,0,0,12,2,14,3,11,25,4,43,34,0,34,77
08/03/2022,GYY,IN,AGL,CE,Federal Contract Tower,3,8,12,0,23,0,0,14,0,14,3,8,26,0,37,6,0,6,43
08/04/2022,GYY,IN,AGL,CE,Federal Contract Tower,0,18,27,0,45,0,0,11,2,13,0,18,38,2,58,0,0,0,58
08/05/2022,GYY,IN,AGL,CE,Federal Contract Tower,2,7,30,3,42,0,0,19,4,23,2,7,49,7,65,16,0,16,81
08/06/2022,GYY,IN,AGL,CE,Federal Contract Tower,0,0,14,0,14,0,0,27,4,31,0,0,41,4,45,40,0,40,85
08/07/2022,GYY,IN,AGL,CE,Federal Contract Tower,2,11,28,0,41,0,0,12,0,12,2,11,40,0,53,4,0,4,57
08/08/2022,GYY,IN,AGL,CE,Federal Contract Tower,0,7,16,0,23,0,0,3,0,3,0,7,19,0,26,4,0,4,30
08/09/2022,GYY,IN,AGL,CE,Federal Contract Tower,3,12,17,1,33,0,0,9,1,10,3,12,26,2,43,62,0,62,105
08/10/2022,GYY,IN,AGL,CE,Federal Contract Tower,4,7,28,0,39,0,0,18,0,18,4,7,46,0,57,46,0,46,103
08/11/2022,GYY,IN,AGL,CE,Federal Contract Tower,1,13,22,0,36,0,0,25,0,25,1,13,47,0,61,54,0,54,115
08/12/2022,GYY,IN,AGL,CE,Federal Contract Tower,2,12,26,2,42,0,0,24,2,26,2,12,50,4,68,36,0,36,104
08/13/2022,GYY,IN,AGL,CE,Federal Contract Tower,0,5,9,0,14,0,0,6,0,6,0,5,15,0,20,6,0,6,26
08/14/2022,GYY,IN,AGL,CE,Federal Contract Tower,0,9,30,3,42,0,0,8,5,13,0,9,38,8,55,0,0,0,55
08/15/2022,GYY,IN,AGL,CE,Federal Contract Tower,1,8,14,0,23,0,0,19,0,19,1,8,33,0,42,18,0,18,60
08/16/2022,GYY,IN,AGL,CE,Federal Contract Tower,4,5,18,10,37,0,0,34,0,34,4,5,52,10,71,22,0,22,93
08/17/2022,GYY,IN,AGL,CE,Federal Contract Tower,3,4,24,2,33,0,0,34,4,38,3,4,58,6,71,18,8,26,97
08/18/2022,GYY,IN,AGL,CE,Federal Contract Tower,0,12,29,5,46,0,2,27,27,56,0,14,56,32,102,12,6,18,120
08/19/2022,GYY,IN,AGL,CE,Federal Contract Tower,3,5,25,14,47,0,0,42,22,64,3,5,67,36,111,20,12,32,143
08/20/2022,GYY,IN,AGL,CE,Federal Contract Tower,0,1,16,0,17,0,0,8,27,35,0,1,24,27,52,0,16,16,68
08/21/2022,GYY,IN,AGL,CE,Federal Contract Tower,1,9,29,18,57,0,0,8,65,73,1,9,37,83,130,16,12,28,158
08/22/2022,GYY,IN,AGL,CE,Federal Contract Tower,3,5,22,4,34,0,0,0,0,0,3,5,22,4,34,10,0,10,44
08/23/2022,GYY,IN,AGL,CE,Federal Contract Tower,3,2,20,6,31,0,2,20,0,22,3,4,40,6,53,26,0,26,79
08/24/2022,GYY,IN,AGL,CE,Federal Contract Tower,3,6,26,0,35,0,1,14,2,17,3,7,40,2,52,32,0,32,84
08/25/2022,GYY,IN,AGL,CE,Federal Contract Tower,3,5,16,0,24,0,0,8,10,18,3,5,24,10,42,18,34,52,94
08/26/2022,GYY,IN,AGL,CE,Federal Contract Tower,3,4,31,0,38,0,0,14,5,19,3,4,45,5,57,28,2,30,87
08/27/2022,GYY,IN,AGL,CE,Federal Contract Tower,0,2,13,0,15,0,0,22,0,22,0,2,35,0,37,24,0,24,61
08/28/2022,GYY,IN,AGL,CE,Federal Contract Tower,0,4,13,0,17,0,0,20,0,20,0,4,33,0,37,26,0,26,63
08/29/2022,GYY,IN,AGL,CE,Federal Contract Tower,4,10,19,0,33,0,0,13,0,13,4,10,32,0,46,6,0,6,52
08/30/2022,GYY,IN,AGL,CE,Federal Contract Tower,3,7,19,0,29,0,0,19,2,21,3,7,38,2,50,10,0,10,60
08/31/2022,GYY,IN,AGL,CE,Federal Contract Tower,4,8,29,0,41,0,0,19,0,19,4,8,48,0,60,8,0,8,68
09/01/2022,GYY,IN,AGL,CE,Federal Contract Tower,0,17,29,7,53,0,4,23,5,32,0,21,52,12,85,36,10,46,131
09/02/2022,GYY,IN,AGL,CE,Federal Contract Tower,1,8,22,0,31,0,0,12,2,14,1,8,34,2,45,22,6,28,73
09/03/2022,GYY,IN,AGL,CE,Federal Contract Tower,0,2,12,1,15,0,0,8,0,8,0,2,20,1,23,14,0,14,37
09/04/2022,GYY,IN,AGL,CE,Federal Contract Tower,0,5,12,0,17,0,0,0,0,0,0,5,12,0,17,0,0,0,17
09/05/2022,GYY,IN,AGL,CE,Federal Contract Tower,1,2,32,0,35,0,0,1,0,1,1,2,33,0,36,0,0,0,36
09/06/2022,GYY,IN,AGL,CE,Federal Contract Tower,4,8,21,0,33,0,0,9,0,9,4,8,30,0,42,10,0,10,52
09/07/2022,GYY,IN,AGL,CE,Federal Contract Tower,3,8,34,0,45,0,0,10,1,11,3,8,44,1,56,2,2,4,60
09/08/2022,GYY,IN,AGL,CE,Federal Contract Tower,1,5,18,1,25,0,0,23,5,28,1,5,41,6,53,10,0,10,63
09/09/2022,GYY,IN,AGL,CE,Federal Contract Tower,4,7,20,0,31,0,0,22,13,35,4,7,42,13,66,22,10,32,98
09/10/2022,GYY,IN,AGL,CE,Federal Contract Tower,1,4,17,0,22,0,0,16,12,28,1,4,33,12,50,8,0,8,58
09/11/2022,GYY,IN,AGL,CE,Federal Contract Tower,1,5,20,3,29,0,0,0,0,0,1,5,20,3,29,0,0,0,29
09/12/2022,GYY,IN,AGL,CE,Federal Contract Tower,1,11,37,0,49,0,0,1,0,1,1,11,38,0,50,0,0,0,50
09/13/2022,GYY,IN,AGL,CE,Federal Contract Tower,3,3,39,0,45,0,0,12,0,12,3,3,51,0,57,30,0,30,87
09/14/2022,GYY,IN,AGL,CE,Federal Contract Tower,4,9,37,0,50,0,0,28,2,30,4,9,65,2,80,44,0,44,124
09/15/2022,GYY,IN,AGL,CE,Federal Contract Tower,0,15,43,0,58,0,0,34,6,40,0,15,77,6,98,28,0,28,126
09/16/2022,GYY,IN,AGL,CE,Federal Contract Tower,1,6,30,2,39,0,0,20,0,20,1,6,50,2,59,30,0,30,89
09/17/2022,GYY,IN,AGL,CE,Federal Contract Tower,0,0,15,0,15,0,0,17,0,17,0,0,32,0,32,18,0,18,50
09/18/2022,GYY,IN,AGL,CE,Federal Contract Tower,2,3,27,0,32,0,0,21,0,21,2,3,48,0,53,6,2,8,61
09/19/2022,GYY,IN,AGL,CE,Federal Contract Tower,1,10,30,0,41,0,0,7,0,7,1,10,37,0,48,8,0,8,56
09/20/2022,GYY,IN,AGL,CE,Federal Contract Tower,3,5,13,0,21,0,0,14,0,14,3,5,27,0,35,30,0,30,65
09/21/2022,GYY,IN,AGL,CE,Federal Contract Tower,3,9,33,0,45,0,0,18,1,19,3,9,51,1,64,14,0,14,78
09/22/2022,GYY,IN,AGL,CE,Federal Contract Tower,0,11,20,1,32,0,0,16,5,21,0,11,36,6,53,20,0,20,73
09/23/2022,GYY,IN,AGL,CE,Federal Contract Tower,1,5,26,17,49,0,0,21,8,29,1,5,47,25,78,28,8,36,114
09/24/2022,GYY,IN,AGL,CE,Federal Contract Tower,0,1,19,1,21,0,0,16,5,21,0,1,35,6,42,6,0,6,48
09/25/2022,GYY,IN,AGL,CE,Federal Contract Tower,0,13,13,8,34,0,0,6,0,6,0,13,19,8,40,14,0,14,54
09/26/2022,GYY,IN,AGL,CE,Federal Contract Tower,0,7,18,0,25,0,1,15,4,20,0,8,33,4,45,44,0,44,89
09/27/2022,GYY,IN,AGL,CE,Federal Contract Tower,3,6,25,0,34,0,0,18,2,20,3,6,43,2,54,4,0,4,58
09/28/2022,GYY,IN,AGL,CE,Federal Contract Tower,3,7,12,2,24,0,0,21,4,25,3,7,33,6,49,4,0,4,53
09/29/2022,GYY,IN,AGL,CE,Federal Contract Tower,1,18,19,0,38,0,0,26,8,34,1,18,45,8,72,50,0,50,122
09/30/2022,GYY,IN,AGL,CE,Federal Contract Tower,2,3,23,0,28,0,0,31,2,33,2,3,54,2,61,30,0,30,91
10/01/2022,GYY,IN,AGL,CE,Federal Contract Tower,0,7,16,0,23,0,0,24,0,24,0,7,40,0,47,22,0,22,69
10/02/2022,GYY,IN,AGL,CE,Federal Contract Tower,0,5,27,0,32,0,0,7,0,7,0,5,34,0,39,6,0,6,45
10/03/2022,GYY,IN,AGL,CE,Federal Contract Tower,4,0,26,0,30,0,1,13,0,14,4,1,39,0,44,12,2,14,58
10/04/2022,GYY,IN,AGL,CE,Federal Contract Tower,1,11,18,0,30,0,0,17,1,18,1,11,35,1,48,20,0,20,68
10/05/2022,GYY,IN,AGL,CE,Federal Contract Tower,0,17,22,0,39,0,1,32,8,41,0,18,54,8,80,80,0,80,160
10/06/2022,GYY,IN,AGL,CE,Federal Contract Tower,3,12,22,1,38,0,0,13,1,14,3,12,35,2,52,34,10,44,96
10/07/2022,GYY,IN,AGL,CE,Federal Contract Tower,1,9,13,2,25,0,0,4,0,4,1,9,17,2,29,10,0,10,39
10/08/2022,GYY,IN,AGL,CE,Federal Contract Tower,1,7,11,1,20,0,0,20,1,21,1,7,31,2,41,10,0,10,51
10/09/2022,GYY,IN,AGL,CE,Federal Contract Tower,1,7,17,0,25,0,0,9,0,9,1,7,26,0,34,28,0,28,62
10/10/2022,GYY,IN,AGL,CE,Federal Contract Tower,4,10,22,1,37,0,0,10,0,10,4,10,32,1,47,20,2,22,69
10/11/2022,GYY,IN,AGL,CE,Federal Contract Tower,0,15,19,0,34,0,0,9,0,9,0,15,28,0,43,0,0,0,43
10/12/2022,GYY,IN,AGL,CE,Federal Contract Tower,0,11,25,0,36,0,0,9,2,11,0,11,34,2,47,0,18,18,65
10/13/2022,GYY,IN,AGL,CE,Federal Contract Tower,3,9,22,2,36,0,0,15,6,21,3,9,37,8,57,6,0,6,63
10/14/2022,GYY,IN,AGL,CE,Federal Contract Tower,0,5,30,1,36,0,0,22,5,27,0,5,52,6,63,30,0,30,93
10/15/2022,GYY,IN,AGL,CE,Federal Contract Tower,0,6,17,0,23,0,0,26,5,31,0,6,43,5,54,22,0,22,76
10/16/2022,GYY,IN,AGL,CE,Federal Contract Tower,1,11,14,1,27,0,0,13,1,14,1,11,27,2,41,4,0,4,45
10/17/2022,GYY,IN,AGL,CE,Federal Contract Tower,3,4,15,0,22,0,0,7,0,7,3,4,22,0,29,0,0,0,29
10/18/2022,GYY,IN,AGL,CE,Federal Contract Tower,0,5,19,1,25,0,0,5,6,11,0,5,24,7,36,0,14,14,50
10/19/2022,GYY,IN,AGL,CE,Federal Contract Tower,0,10,27,1,38,0,0,19,2,21,0,10,46,3,59,18,20,38,97
10/20/2022,GYY,IN,AGL,CE,Federal Contract Tower,4,9,15,1,29,0,0,13,9,22,4,9,28,10,51,32,6,38,89
10/21/2022,GYY,IN,AGL,CE,Federal Contract Tower,1,10,29,0,40,0,0,18,2,20,1,10,47,2,60,19,0,19,79
10/22/2022,GYY,IN,AGL,CE,Federal Contract Tower,0,4,13,0,17,0,0,4,0,4,0,4,17,0,21,0,0,0,21
10/23/2022,GYY,IN,AGL,CE,Federal Contract Tower,0,10,36,0,46,0,0,11,0,11,0,10,47,0,57,0,0,0,57
10/24/2022,GYY,IN,AGL,CE,Federal Contract Tower,3,6,23,0,32,0,0,6,0,6,3,6,29,0,38,8,0,8,46
10/25/2022,GYY,IN,AGL,CE,Federal Contract Tower,0,1,27,0,28,0,0,0,0,0,0,1,27,0,28,0,2,2,30
10/26/2022,GYY,IN,AGL,CE,Federal Contract Tower,0,8,31,2,41,0,0,11,2,13,0,8,42,4,54,22,0,22,76
10/27/2022,GYY,IN,AGL,CE,Federal Contract Tower,3,5,20,1,29,0,0,25,3,28,3,5,45,4,57,26,6,32,89
10/28/2022,GYY,IN,AGL,CE,Federal Contract Tower,2,3,20,0,25,0,0,28,2,30,2,3,48,2,55,68,0,68,123
10/29/2022,GYY,IN,AGL,CE,Federal Contract Tower,0,3,25,0,28,0,0,19,0,19,0,3,44,0,47,34,0,34,81
10/30/2022,GYY,IN,AGL,CE,Federal Contract Tower,0,7,14,0,21,0,0,21,0,21,0,7,35,0,42,6,0,6,48
10/31/2022,GYY,IN,AGL,CE,Federal Contract Tower,4,4,16,0,24,0,0,0,0,0,4,4,16,0,24,0,0,0,24
11/01/2022,GYY,IN,AGL,CE,Federal Contract Tower,0,14,25,3,42,0,0,10,3,13,0,14,35,6,55,36,24,60,115
11/02/2022,GYY,IN,AGL,CE,Federal Contract Tower,0,8,20,0,28,0,0,25,1,26,0,8,45,1,54,14,20,34,88
11/03/2022,GYY,IN,AGL,CE,Federal Contract Tower,3,5,20,2,30,0,0,8,12,20,3,5,28,14,50,46,0,46,96
11/04/2022,GYY,IN,AGL,CE,Federal Contract Tower,0,11,26,0,37,0,0,13,3,16,0,11,39,3,53,4,0,4,57
11/05/2022,GYY,IN,AGL,CE,Federal Contract Tower,0,4,7,3,14,0,1,2,1,4,0,5,9,4,18,0,0,0,18
11/06/2022,GYY,IN,AGL,CE,Federal Contract Tower,1,6,15,1,23,0,0,11,12,23,1,6,26,13,46,4,0,4,50
11/07/2022,GYY,IN,AGL,CE,Federal Contract Tower,3,6,20,4,33,0,2,22,2,26,3,8,42,6,59,72,0,72,131
11/08/2022,GYY,IN,AGL,CE,Federal Contract Tower,0,14,15,3,32,0,0,31,3,34,0,14,46,6,66,30,2,32,98
11/09/2022,GYY,IN,AGL,CE,Federal Contract Tower,0,6,26,0,32,0,0,20,4,24,0,6,46,4,56,78,0,78,134
11/10/2022,GYY,IN,AGL,CE,Federal Contract Tower,5,10,31,1,47,0,0,16,4,20,5,10,47,5,67,32,0,32,99
11/11/2022,GYY,IN,AGL,CE,Federal Contract Tower,0,6,15,0,21,0,0,10,0,10,0,6,25,0,31,24,0,24,55
11/12/2022,GYY,IN,AGL,CE,Federal Contract Tower,0,5,9,0,14,0,0,7,0,7,0,5,16,0,21,30,0,30,51
11/13/2022,GYY,IN,AGL,CE,Federal Contract Tower,0,1,15,0,16,0,0,14,0,14,0,1,29,0,30,34,0,34,64
11/14/2022,GYY,IN,AGL,CE,Federal Contract Tower,4,5,20,0,29,0,0,14,0,14,4,5,34,0,43,38,0,38,81
11/15/2022,GYY,IN,AGL,CE,Federal Contract Tower,3,11,14,0,28,0,0,0,0,0,3,11,14,0,28,0,2,2,30
11/16/2022,GYY,IN,AGL,CE,Federal Contract Tower,3,10,19,3,35,0,0,0,0,0,3,10,19,3,35,0,0,0,35
11/17/2022,GYY,IN,AGL,CE,Federal Contract Tower,3,3,25,0,31,0,0,1,8,9,3,3,26,8,40,0,6,6,46
11/18/2022,GYY,IN,AGL,CE,Federal Contract Tower,0,5,13,1,19,0,0,9,0,9,0,5,22,1,28,0,0,0,28
11/19/2022,GYY,IN,AGL,CE,Federal Contract Tower,1,7,20,0,28,0,0,0,0,0,1,7,20,0,28,0,0,0,28
11/20/2022,GYY,IN,AGL,CE,Federal Contract Tower,0,7,17,1,25,0,0,8,0,8,0,7,25,1,33,4,0,4,37
11/21/2022,GYY,IN,AGL,CE,Federal Contract Tower,3,2,18,0,23,0,0,15,0,15,3,2,33,0,38,8,6,14,52
11/22/2022,GYY,IN,AGL,CE,Federal Contract Tower,0,5,33,0,38,0,0,25,6,31,0,5,58,6,69,26,0,26,95
11/23/2022,GYY,IN,AGL,CE,Federal Contract Tower,0,8,13,0,21,0,0,20,1,21,0,8,33,1,42,22,2,24,66
11/24/2022,GYY,IN,AGL,CE,Federal Contract Tower,0,2,6,0,8,0,0,5,0,5,0,2,11,0,13,6,0,6,19
11/25/2022,GYY,IN,AGL,CE,Federal Contract Tower,0,0,6,0,6,0,0,4,0,4,0,0,10,0,10,20,0,20,30
11/26/2022,GYY,IN,AGL,CE,Federal Contract Tower,0,1,31,0,32,0,0,9,0,9,0,1,40,0,41,0,0,0,41
11/27/2022,GYY,IN,AGL,CE,Federal Contract Tower,0,8,29,0,37,0,0,0,0,0,0,8,29,0,37,0,0,0,37
11/28/2022,GYY,IN,AGL,CE,Federal Contract Tower,4,7,14,0,25,0,0,11,0,11,4,7,25,0,36,14,0,14,50
11/29/2022,GYY,IN,AGL,CE,Federal Contract Tower,0,7,23,0,30,0,0,2,9,11,0,7,25,9,41,2,0,2,43
11/30/2022,GYY,IN,AGL,CE,Federal Contract Tower,0,9,18,0,27,0,0,10,4,14,0,9,28,4,41,0,0,0,41
12/01/2022,GYY,IN,AGL,CE,Federal Contract Tower,4,4,16,0,24,0,0,9,6,15,4,4,25,6,39,78,0,78,117
12/02/2022,GYY,IN,AGL,CE,Federal Contract Tower,4,5,12,1,22,0,0,10,16,26,4,5,22,17,48,0,0,0,48
12/03/2022,GYY,IN,AGL,CE,Federal Contract Tower,0,5,12,0,17,0,0,17,1,18,0,5,29,1,35,24,0,24,59
12/04/2022,GYY,IN,AGL,CE,Federal Contract Tower,0,2,15,0,17,0,1,11,0,12,0,3,26,0,29,20,2,22,51
12/05/2022,GYY,IN,AGL,CE,Federal Contract Tower,4,5,20,1,30,0,0,15,1,16,4,5,35,2,46,24,0,24,70
12/06/2022,GYY,IN,AGL,CE,Federal Contract Tower,0,15,20,0,35,0,0,9,2,11,0,15,29,2,46,8,8,16,62
12/07/2022,GYY,IN,AGL,CE,Federal Contract Tower,0,19,19,0,38,0,0,0,1,1,0,19,19,1,39,2,16,18,57
12/08/2022,GYY,IN,AGL,CE,Federal Contract Tower,0,9,18,0,27,0,0,21,3,24,0,9,39,3,51,44,0,44,95
12/09/2022,GYY,IN,AGL,CE,Federal Contract Tower,2,15,18,0,35,0,0,0,0,0,2,15,18,0,35,0,0,0,35
12/10/2022,GYY,IN,AGL,CE,Federal Contract Tower,0,6,11,0,17,0,0,0,0,0,0,6,11,0,17,0,0,0,17
12/11/2022,GYY,IN,AGL,CE,Federal Contract Tower,0,5,19,0,24,0,0,7,0,7,0,5,26,0,31,8,0,8,39
12/12/2022,GYY,IN,AGL,CE,Federal Contract Tower,4,10,19,0,33,0,0,11,0,11,4,10,30,0,44,4,0,4,48
12/13/2022,GYY,IN,AGL,CE,Federal Contract Tower,0,13,21,0,34,0,0,6,4,10,0,13,27,4,44,12,0,12,56
12/14/2022,GYY,IN,AGL,CE,Federal Contract Tower,0,10,21,0,31,0,0,0,0,0,0,10,21,0,31,0,0,0,31
12/15/2022,GYY,IN,AGL,CE,Federal Contract Tower,0,14,11,0,25,0,0,4,0,4,0,14,15,0,29,14,0,14,43
12/16/2022,GYY,IN,AGL,CE,Federal Contract Tower,5,11,15,0,31,0,0,0,0,0,5,11,15,0,31,0,0,0,31
12/17/2022,GYY,IN,AGL,CE,Federal Contract Tower,0,4,24,0,28,0,0,0,0,0,0,4,24,0,28,0,0,0,28
12/18/2022,GYY,IN,AGL,CE,Federal Contract Tower,0,5,22,0,27,0,0,10,4,14,0,5,32,4,41,16,0,16,57
12/19/2022,GYY,IN,AGL,CE,Federal Contract Tower,4,9,17,1,31,0,0,18,0,18,4,9,35,1,49,4,0,4,53
12/20/2022,GYY,IN,AGL,CE,Federal Contract Tower,0,15,13,0,28,0,0,12,2,14,0,15,25,2,42,28,0,28,70
12/21/2022,GYY,IN,AGL,CE,Federal Contract Tower,0,17,27,0,44,0,0,6,4,10,0,17,33,4,54,20,4,24,78
12/22/2022,GYY,IN,AGL,CE,Federal Contract Tower,2,13,19,0,34,0,0,0,0,0,2,13,19,0,34,0,0,0,34
12/23/2022,GYY,IN,AGL,CE,Federal Contract Tower,0,0,5,0,5,0,0,0,0,0,0,0,5,0,5,0,0,0,5
12/24/2022,GYY,IN,AGL,CE,Federal Contract Tower,0,5,1,0,6,0,0,1,0,1,0,5,2,0,7,0,0,0,7
12/25/2022,GYY,IN,AGL,CE,Federal Contract Tower,0,0,3,0,3,0,0,2,0,2,0,0,5,0,5,0,0,0,5
12/26/2022,GYY,IN,AGL,CE,Federal Contract Tower,0,3,19,0,22,0,0,2,0,2,0,3,21,0,24,0,0,0,24
12/27/2022,GYY,IN,AGL,CE,Federal Contract Tower,0,8,20,0,28,0,0,12,0,12,0,8,32,0,40,14,0,14,54
12/28/2022,GYY,IN,AGL,CE,Federal Contract Tower,0,8,17,0,25,0,0,8,2,10,0,8,25,2,35,10,0,10,45
12/29/2022,GYY,IN,AGL,CE,Federal Contract Tower,4,8,11,1,24,0,0,3,6,9,4,8,14,7,33,0,0,0,33
12/30/2022,GYY,IN,AGL,CE,Federal Contract Tower,0,1,12,0,13,0,0,4,0,4,0,1,16,0,17,18,0,18,35
12/31/2022,GYY,IN,AGL,CE,Federal Contract Tower,0,2,5,0,7,0,0,7,0,7,0,2,12,0,14,14,0,14,28
01/01/2023,GYY,IN,AGL,CE,Federal Contract Tower,0,4,11,0,15,0,0,7,0,7,0,4,18,0,22,14,0,14,36
01/02/2023,GYY,IN,AGL,CE,Federal Contract Tower,0,3,11,0,14,0,0,0,0,0,0,3,11,0,14,0,0,0,14
01/03/2023,GYY,IN,AGL,CE,Federal Contract Tower,3,6,12,0,21,0,0,0,0,0,3,6,12,0,21,0,0,0,21
01/04/2023,GYY,IN,AGL,CE,Federal Contract Tower,3,4,14,0,21,0,0,2,4,6,3,4,16,4,27,0,0,0,27
01/05/2023,GYY,IN,AGL,CE,Federal Contract Tower,3,3,4,0,10,0,0,2,2,4,3,3,6,2,14,0,16,16,30
01/06/2023,GYY,IN,AGL,CE,Federal Contract Tower,2,1,20,0,23,0,0,0,0,0,2,1,20,0,23,0,18,18,41
01/07/2023,GYY,IN,AGL,CE,Federal Contract Tower,1,4,10,0,15,0,0,3,0,3,1,4,13,0,18,2,0,2,20
01/08/2023,GYY,IN,AGL,CE,Federal Contract Tower,0,8,19,0,27,0,1,1,0,2,0,9,20,0,29,6,0,6,35
01/09/2023,GYY,IN,AGL,CE,Federal Contract Tower,3,4,19,0,26,0,0,14,0,14,3,4,33,0,40,12,0,12,52
01/10/2023,GYY,IN,AGL,CE,Federal Contract Tower,4,7,20,1,32,0,0,10,5,15,4,7,30,6,47,28,10,38,85
01/11/2023,GYY,IN,AGL,CE,Federal Contract Tower,2,4,10,1,17,0,0,8,6,14,2,4,18,7,31,10,0,10,41
01/12/2023,GYY,IN,AGL,CE,Federal Contract Tower,3,12,20,0,35,0,0,4,5,9,3,12,24,5,44,0,20,20,64
01/13/2023,GYY,IN,AGL,CE,Federal Contract Tower,2,11,10,0,23,0,0,4,0,4,2,11,14,0,27,0,38,38,65
01/14/2023,GYY,IN,AGL,CE,Federal Contract Tower,0,2,10,0,12,0,0,10,0,10,0,2,20,0,22,46,8,54,76
01/15/2023,GYY,IN,AGL,CE,Federal Contract Tower,0,2,15,0,17,0,0,16,0,16,0,2,31,0,33,16,0,16,49
01/16/2023,GYY,IN,AGL,CE,Federal Contract Tower,3,8,14,0,25,0,0,3,0,3,3,8,17,0,28,4,0,4,32
01/17/2023,GYY,IN,AGL,CE,Federal Contract Tower,3,3,12,0,18,0,0,6,0,6,3,3,18,0,24,0,0,0,24
01/18/2023,GYY,IN,AGL,CE,Federal Contract Tower,3,4,12,1,20,0,0,5,5,10,3,4,17,6,30,4,0,4,34
01/19/2023,GYY,IN,AGL,CE,Federal Contract Tower,6,9,0,0,15,0,0,0,0,0,6,9,0,0,15,0,6,6,21
01/20/2023,GYY,IN,AGL,CE,Federal Contract Tower,2,9,8,0,19,0,0,7,3,10,2,9,15,3,29,16,12,28,57
01/21/2023,GYY,IN,AGL,CE,Federal Contract Tower,0,6,8,0,14,0,0,6,0,6,0,6,14,0,20,4,0,4,24
01/22/2023,GYY,IN,AGL,CE,Federal Contract Tower,0,11,10,0,21,0,0,0,0,0,0,11,10,0,21,0,0,0,21
01/23/2023,GYY,IN,AGL,CE,Federal Contract Tower,3,8,7,0,18,0,0,11,0,11,3,8,18,0,29,2,0,2,31
01/24/2023,GYY,IN,AGL,CE,Federal Contract Tower,4,10,6,0,20,0,0,1,4,5,4,10,7,4,25,0,12,12,37
01/25/2023,GYY,IN,AGL,CE,Federal Contract Tower,4,6,12,0,22,0,0,0,0,0,4,6,12,0,22,0,0,0,22
01/26/2023,GYY,IN,AGL,CE,Federal Contract Tower,0,11,18,0,29,0,0,5,8,13,0,11,23,8,42,18,0,18,60
01/27/2023,GYY,IN,AGL,CE,Federal Contract Tower,0,8,10,0,18,0,0,6,1,7,0,8,16,1,25,0,0,0,25
01/28/2023,GYY,IN,AGL,CE,Federal Contract Tower,1,6,10,0,17,0,0,6,0,6,1,6,16,0,23,0,0,0,23
01/29/2023,GYY,IN,AGL,CE,Federal Contract Tower,0,8,13,0,21,0,0,0,0,0,0,8,13,0,21,0,0,0,21
01/30/2023,GYY,IN,AGL,CE,Federal Contract Tower,5,8,9,0,22,0,0,6,0,6,5,8,15,0,28,0,0,0,28
01/31/2023,GYY,IN,AGL,CE,Federal Contract Tower,3,3,15,0,21,0,0,7,1,8,3,3,22,1,29,20,6,26,55
02/01/2023,GYY,IN,AGL,CE,Federal Contract Tower,4,1,15,0,20,0,0,22,4,26,4,1,37,4,46,16,0,16,62
02/02/2023,GYY,IN,AGL,CE,Federal Contract Tower,0,12,16,0,28,0,0,13,8,21,0,12,29,8,49,5,6,11,60
02/03/2023,GYY,IN,AGL,CE,Federal Contract Tower,2,2,6,0,10,0,1,16,12,29,2,3,22,12,39,30,0,30,69
02/04/2023,GYY,IN,AGL,CE,Federal Contract Tower,1,3,8,0,12,0,0,17,9,26,1,3,25,9,38,14,0,14,52
02/05/2023,GYY,IN,AGL,CE,Federal Contract Tower,0,9,10,0,19,0,0,12,9,21,0,9,22,9,40,0,0,0,40
02/06/2023,GYY,IN,AGL,CE,Federal Contract Tower,3,4,19,1,27,0,1,20,0,21,3,5,39,1,48,6,0,6,54
02/07/2023,GYY,IN,AGL,CE,Federal Contract Tower,3,4,15,2,24,0,0,8,1,9,3,4,23,3,33,20,0,20,53
02/08/2023,GYY,IN,AGL,CE,Federal Contract Tower,3,7,14,0,24,0,0,9,1,10,3,7,23,1,34,10,0,10,44
02/09/2023,GYY,IN,AGL,CE,Federal Contract Tower,4,16,24,2,46,0,0,0,0,0,4,16,24,2,46,0,0,0,46
02/10/2023,GYY,IN,AGL,CE,Federal Contract Tower,1,9,14,1,25,0,0,13,1,14,1,9,27,2,39,28,0,28,67
02/11/2023,GYY,IN,AGL,CE,Federal Contract Tower,1,5,8,0,14,0,0,21,0,21,1,5,29,0,35,24,0,24,59
02/12/2023,GYY,IN,AGL,CE,Federal Contract Tower,1,3,14,0,18,0,0,14,0,14,1,3,28,0,32,14,0,14,46
02/13/2023,GYY,IN,AGL,CE,Federal Contract Tower,3,5,14,0,22,0,0,19,0,19,3,5,33,0,41,30,0,30,71
02/14/2023,GYY,IN,AGL,CE,Federal Contract Tower,3,7,18,0,28,0,1,11,4,16,3,8,29,4,44,10,0,10,54
02/15/2023,GYY,IN,AGL,CE,Federal Contract Tower,0,8,11,0,19,0,0,11,2,13,0,8,22,2,32,0,0,0,32
02/16/2023,GYY,IN,AGL,CE,Federal Contract Tower,0,15,12,0,27,0,0,0,0,0,0,15,12,0,27,0,0,0,27
02/17/2023,GYY,IN,AGL,CE,Federal Contract Tower,1,6,23,0,30,0,0,15,2,17,1,6,38,2,47,38,0,38,85
02/18/2023,GYY,IN,AGL,CE,Federal Contract Tower,1,3,7,0,11,0,0,17,0,17,1,3,24,0,28,8,0,8,36
02/19/2023,GYY,IN,AGL,CE,Federal Contract Tower,0,4,11,0,15,0,0,20,0,20,0,4,31,0,35,2,0,2,37
02/20/2023,GYY,IN,AGL,CE,Federal Contract Tower,2,9,19,0,30,0,0,32,0,32,2,9,51,0,62,56,0,56,118
02/21/2023,GYY,IN,AGL,CE,Federal Contract Tower,8,11,12,0,31,0,0,17,0,17,8,11,29,0,48,24,0,24,72
02/22/2023,GYY,IN,AGL,CE,Federal Contract Tower,3,3,10,0,16,0,0,0,0,0,3,3,10,0,16,0,0,0,16
02/23/2023,GYY,IN,AGL,CE,Federal Contract Tower,4,8,14,0,26,0,0,1,7,8,4,8,15,7,34,2,0,2,36
02/24/2023,GYY,IN,AGL,CE,Federal Contract Tower,3,9,10,0,22,0,0,16,3,19,3,9,26,3,41,32,0,32,73
02/25/2023,GYY,IN,AGL,CE,Federal Contract Tower,0,7,23,0,30,0,0,9,0,9,0,7,32,0,39,42,0,42,81
02/26/2023,GYY,IN,AGL,CE,Federal Contract Tower,0,5,15,0,20,0,0,21,0,21,0,5,36,0,41,36,0,36,77
02/27/2023,GYY,IN,AGL,CE,Federal Contract Tower,3,6,9,0,18,0,0,0,0,0,3,6,9,0,18,0,0,0,18
02/28/2023,GYY,IN,AGL,CE,Federal Contract Tower,4,11,19,2,36,0,0,17,1,18,4,11,36,3,54,38,4,42,96
03/01/2023,GYY,IN,AGL,CE,Federal Contract Tower,0,7,18,0,25,0,0,0,0,0,0,7,18,0,25,41,0,41,66
03/02/2023,GYY,IN,AGL,CE,Federal Contract Tower,0,11,21,1,33,0,0,0,0,0,0,11,21,1,33,2,0,2,35
03/03/2023,GYY,IN,AGL,CE,Federal Contract Tower,4,4,6,0,14,0,0,0,0,0,4,4,6,0,14,0,0,0,14
03/04/2023,GYY,IN,AGL,CE,Federal Contract Tower,0,6,12,0,18,0,0,11,12,23,0,6,23,12,41,2,23,25,66
03/05/2023,GYY,IN,AGL,CE,Federal Contract Tower,0,5,23,0,28,0,0,15,2,17,0,5,38,2,45,8,12,20,65
03/06/2023,GYY,IN,AGL,CE,Federal Contract Tower,5,5,31,0,41,0,0,2,0,2,5,5,33,0,43,8,0,8,51
03/07/2023,GYY,IN,AGL,CE,Federal Contract Tower,3,4,8,2,17,0,1,21,2,24,3,5,29,4,41,22,0,22,63
03/08/2023,GYY,IN,AGL,CE,Federal Contract Tower,4,11,29,0,44,0,2,21,5,28,4,13,50,5,72,28,8,36,108
03/09/2023,GYY,IN,AGL,CE,Federal Contract Tower,4,14,18,0,36,0,0,10,4,14,4,14,28,4,50,6,4,10,60
03/10/2023,GYY,IN,AGL,CE,Federal Contract Tower,3,7,18,0,28,0,0,0,0,0,3,7,18,0,28,0,8,8,36
03/11/2023,GYY,IN,AGL,CE,Federal Contract Tower,3,5,12,0,20,0,0,7,0,7,3,5,19,0,27,48,0,48,75
03/12/2023,GYY,IN,AGL,CE,Federal Contract Tower,0,5,14,0,19,0,0,0,0,0,0,5,14,0,19,0,0,0,19
03/13/2023,GYY,IN,AGL,CE,Federal Contract Tower,3,3,18,0,24,0,0,0,0,0,3,3,18,0,24,0,0,0,24
03/14/2023,GYY,IN,AGL,CE,Federal Contract Tower,4,3,21,0,28,0,2,29,13,44,4,5,50,13,72,56,0,56,128
03/15/2023,GYY,IN,AGL,CE,Federal Contract Tower,3,11,21,1,36,0,3,25,1,29,3,14,46,2,65,44,0,44,109
03/16/2023,GYY,IN,AGL,CE,Federal Contract Tower,3,3,12,0,18,0,0,5,2,7,3,3,17,2,25,8,24,32,57
03/17/2023,GYY,IN,AGL,CE,Federal Contract Tower,0,3,21,0,24,0,0,5,1,6,0,3,26,1,30,0,0,0,30
03/18/2023,GYY,IN,AGL,CE,Federal Contract Tower,0,8,13,0,21,0,0,7,0,7,0,8,20,0,28,0,0,0,28
03/19/2023,GYY,IN,AGL,CE,Federal Contract Tower,0,3,34,0,37,0,0,33,0,33,0,3,67,0,70,12,0,12,82
03/20/2023,GYY,IN,AGL,CE,Federal Contract Tower,5,6,20,0,31,0,0,15,0,15,5,6,35,0,46,20,0,20,66
03/21/2023,GYY,IN,AGL,CE,Federal Contract Tower,4,2,27,1,34,0,0,25,6,31,4,2,52,7,65,36,0,36,101
03/22/2023,GYY,IN,AGL,CE,Federal Contract Tower,3,8,16,2,29,0,0,0,0,0,3,8,16,2,29,0,0,0,29
03/23/2023,GYY,IN,AGL,CE,Federal Contract Tower,3,6,15,1,25,0,0,5,4,9,3,6,20,5,34,4,0,4,38
03/24/2023,GYY,IN,AGL,CE,Federal Contract Tower,2,10,19,2,33,0,0,4,4,8,2,10,23,6,41,4,0,4,45
03/25/2023,GYY,IN,AGL,CE,Federal Contract Tower,0,5,12,0,17,0,0,2,0,2,0,5,14,0,19,4,0,4,23
03/26/2023,GYY,IN,AGL,CE,Federal Contract Tower,0,5,28,2,35,0,0,13,0,13,0,5,41,2,48,30,0,30,78
03/27/2023,GYY,IN,AGL,CE,Federal Contract Tower,3,5,17,0,25,0,0,26,0,26,3,5,43,0,51,60,0,60,111
03/28/2023,GYY,IN,AGL,CE,Federal Contract Tower,4,8,21,1,34,0,0,34,2,36,4,8,55,3,70,72,0,72,142
03/29/2023,GYY,IN,AGL,CE,Federal Contract Tower,3,10,27,0,40,0,0,9,3,12,3,10,36,3,52,10,0,10,62
03/30/2023,GYY,IN,AGL,CE,Federal Contract Tower,3,8,28,0,39,0,0,16,5,21,3,8,44,5,60,50,14,64,124
03/31/2023,GYY,IN,AGL,CE,Federal Contract Tower,1,3,10,0,14,0,0,2,2,4,1,3,12,2,18,0,0,0,18
04/01/2023,GYY,IN,AGL,CE,Federal Contract Tower,1,11,18,0,30,0,0,4,0,4,1,11,22,0,34,0,0,0,34
04/02/2023,GYY,IN,AGL,CE,Federal Contract Tower,0,8,20,0,28,0,0,26,0,26,0,8,46,0,54,22,0,22,76
04/03/2023,GYY,IN,AGL,CE,Federal Contract Tower,3,7,10,0,20,0,0,19,3,22,3,7,29,3,42,2,18,20,62
04/04/2023,GYY,IN,AGL,CE,Federal Contract Tower,3,14,11,1,29,0,0,0,4,4,3,14,11,5,33,0,0,0,33
04/05/2023,GYY,IN,AGL,CE,Federal Contract Tower,3,7,17,0,27,0,0,2,3,5,3,7,19,3,32,4,40,44,76
04/06/2023,GYY,IN,AGL,CE,Federal Contract Tower,4,6,22,11,43,0,0,13,7,20,4,6,35,18,63,68,6,74,137
04/07/2023,GYY,IN,AGL,CE,Federal Contract Tower,0,10,12,1,23,0,0,27,0,27,0,10,39,1,50,92,14,106,156
04/08/2023,GYY,IN,AGL,CE,Federal Contract Tower,1,3,18,0,22,0,0,8,0,8,1,3,26,0,30,10,0,10,40
04/09/2023,GYY,IN,AGL,CE,Federal Contract Tower,0,5,19,1,25,0,0,8,0,8,0,5,27,1,33,8,0,8,41
04/10/2023,GYY,IN,AGL,CE,Federal Contract Tower,3,5,26,0,34,0,0,17,1,18,3,5,43,1,52,76,0,76,128
04/11/2023,GYY,IN,AGL,CE,Federal Contract Tower,4,8,13,0,25,0,0,19,6,25,4,8,32,6,50,42,6,48,98
04/12/2023,GYY,IN,AGL,CE,Federal Contract Tower,3,13,25,0,41,0,0,19,9,28,3,13,44,9,69,0,2,2,71
04/13/2023,GYY,IN,AGL,CE,Federal Contract Tower,3,9,20,0,32,0,0,11,1,12,3,9,31,1,44,48,8,56,100
04/14/2023,GYY,IN,AGL,CE,Federal Contract Tower,0,5,23,1,29,0,0,26,3,29,0,5,49,4,58,56,0,56,114
04/15/2023,GYY,IN,AGL,CE,Federal Contract Tower,0,3,21,0,24,0,0,29,4,33,0,3,50,4,57,24,0,24,81
04/16/2023,GYY,IN,AGL,CE,Federal Contract Tower,1,5,7,0,13,0,0,0,0,0,1,5,7,0,13,0,0,0,13
04/17/2023,GYY,IN,AGL,CE,Federal Contract Tower,5,10,10,0,25,0,1,2,0,3,5,11,12,0,28,0,0,0,28
04/18/2023,GYY,IN,AGL,CE,Federal Contract Tower,4,10,8,1,23,0,0,31,1,32,4,10,39,2,55,50,6,56,111
04/19/2023,GYY,IN,AGL,CE,Federal Contract Tower,3,14,18,0,35,0,3,9,7,19,3,17,27,7,54,0,0,0,54
04/20/2023,GYY,IN,AGL,CE,Federal Contract Tower,3,5,12,0,20,0,0,3,6,9,3,5,15,6,29,0,16,16,45
04/21/2023,GYY,IN,AGL,CE,Federal Contract Tower,1,14,10,6,31,0,1,6,5,12,1,15,16,11,43,12,14,26,69
04/22/2023,GYY,IN,AGL,CE,Federal Contract Tower,0,7,18,0,25,0,0,7,0,7,0,7,25,0,32,0,0,0,32
04/23/2023,GYY,IN,AGL,CE,Federal Contract Tower,0,7,15,2,24,0,0,8,0,8,0,7,23,2,32,6,0,6,38
04/24/2023,GYY,IN,AGL,CE,Federal Contract Tower,3,1,20,2,26,0,0,13,0,13,3,1,33,2,39,36,0,36,75
04/25/2023,GYY,IN,AGL,CE,Federal Contract Tower,3,4,17,4,28,0,0,11,2,13,3,4,28,6,41,8,0,8,49
04/26/2023,GYY,IN,AGL,CE,Federal Contract Tower,4,6,24,2,36,0,0,21,4,25,4,6,45,6,61,54,0,54,115
04/27/2023,GYY,IN,AGL,CE,Federal Contract Tower,3,3,26,1,33,0,0,12,3,15,3,3,38,4,48,24,0,24,72
04/28/2023,GYY,IN,AGL,CE,Federal Contract Tower,3,4,18,4,29,0,0,13,0,13,3,4,31,4,42,48,0,48,90
04/29/2023,GYY,IN,AGL,CE,Federal Contract Tower,0,0,18,0,18,0,0,5,0,5,0,0,23,0,23,26,0,26,49
04/30/2023,GYY,IN,AGL,CE,Federal Contract Tower,1,4,24,0,29,0,0,5,0,5,1,4,29,0,34,8,0,8,42
05/01/2023,GYY,IN,AGL,CE,Federal Contract Tower,2,2,19,0,23,0,0,1,0,1,2,2,20,0,24,0,0,0,24
05/02/2023,GYY,IN,AGL,CE,Federal Contract Tower,3,8,22,0,33,0,0,7,0,7,3,8,29,0,40,0,0,0,40
05/03/2023,GYY,IN,AGL,CE,Federal Contract Tower,3,5,38,0,46,0,0,16,0,16,3,5,54,0,62,28,0,28,90
05/04/2023,GYY,IN,AGL,CE,Federal Contract Tower,0,4,14,30,48,0,1,12,2,15,0,5,26,32,63,74,0,74,137
05/05/2023,GYY,IN,AGL,CE,Federal Contract Tower,2,6,25,0,33,0,0,35,0,35,2,6,60,0,68,28,0,28,96
05/06/2023,GYY,IN,AGL,CE,Federal Contract Tower,0,2,15,0,17,7,0,0,0,7,7,2,15,0,24,18,0,18,42
05/07/2023,GYY,IN,AGL,CE,Federal Contract Tower,0,6,23,0,29,0,0,15,0,15,0,6,38,0,44,20,0,20,64
05/08/2023,GYY,IN,AGL,CE,Federal Contract Tower,2,3,15,0,20,0,0,2,0,2,2,3,17,0,22,0,0,0,22
05/09/2023,GYY,IN,AGL,CE,Federal Contract Tower,4,3,15,0,22,0,0,17,6,23,4,3,32,6,45,42,0,42,87
05/10/2023,GYY,IN,AGL,CE,Federal Contract Tower,3,8,20,0,31,0,0,22,8,30,3,8,42,8,61,50,4,54,115
05/12/2023,GYY,IN,AGL,CE,Federal Contract Tower,0,10,30,0,40,0,0,6,0,6,0,10,36,0,46,24,0,24,70
05/13/2023,GYY,IN,AGL,CE,Federal Contract Tower,1,4,16,0,21,0,0,1,0,1,1,4,17,0,22,2,0,2,24
05/14/2023,GYY,IN,AGL,CE,Federal Contract Tower,0,7,16,0,23,0,0,6,0,6,0,7,22,0,29,28,0,28,57
05/15/2023,GYY,IN,AGL,CE,Federal Contract Tower,3,6,22,0,31,0,1,24,0,25,3,7,46,0,56,58,0,58,114
05/16/2023,GYY,IN,AGL,CE,Federal Contract Tower,3,10,22,0,35,0,0,13,8,21,3,10,35,8,56,44,0,44,100
05/17/2023,GYY,IN,AGL,CE,Federal Contract Tower,3,7,19,0,29,0,0,30,5,35,3,7,49,5,64,22,4,26,90
05/18/2023,GYY,IN,AGL,CE,Federal Contract Tower,4,13,28,0,45,0,0,9,2,11,4,13,37,2,56,28,0,28,84
05/19/2023,GYY,IN,AGL,CE,Federal Contract Tower,2,7,24,0,33,0,0,2,1,3,2,7,26,1,36,14,0,14,50
05/20/2023,GYY,IN,AGL,CE,Federal Contract Tower,0,4,18,0,22,0,0,13,3,16,0,4,31,3,38,6,8,14,52
05/21/2023,GYY,IN,AGL,CE,Federal Contract Tower,0,5,26,0,31,0,0,12,6,18,0,5,38,6,49,22,30,52,101
05/22/2023,GYY,IN,AGL,CE,Federal Contract Tower,3,9,20,0,32,0,0,28,1,29,3,9,48,1,61,40,0,40,101
05/23/2023,GYY,IN,AGL,CE,Federal Contract Tower,3,8,22,0,33,0,0,14,4,18,3,8,36,4,51,22,4,26,77
05/24/2023,GYY,IN,AGL,CE,Federal Contract Tower,3,15,27,0,45,0,0,18,4,22,3,15,45,4,67,32,0,32,99
05/25/2023,GYY,IN,AGL,CE,Federal Contract Tower,6,3,38,1,48,0,2,9,10,21,6,5,47,11,69,48,0,48,117
05/26/2023,GYY,IN,AGL,CE,Federal Contract Tower,5,9,27,0,41,0,0,26,0,26,5,9,53,0,67,34,0,34,101
05/27/2023,GYY,IN,AGL,CE,Federal Contract Tower,0,3,16,0,19,0,0,25,0,25,0,3,41,0,44,70,0,70,114
05/28/2023,GYY,IN,AGL,CE,Federal Contract Tower,0,5,18,0,23,0,0,9,0,9,0,5,27,0,32,28,0,28,60
05/29/2023,GYY,IN,AGL,CE,Federal Contract Tower,1,7,18,4,30,0,0,14,0,14,1,7,32,4,44,28,0,28,72
05/30/2023,GYY,IN,AGL,CE,Federal Contract Tower,3,9,12,0,24,0,0,21,0,21,3,9,33,0,45,42,0,42,87
05/31/2023,GYY,IN,AGL,CE,Federal Contract Tower,3,5,36,0,44,0,0,17,2,19,3,5,53,2,63,10,0,10,73
06/01/2023,GYY,IN,AGL,CE,Federal Contract Tower,3,9,18,0,30,0,0,7,2,9,3,9,25,2,39,16,0,16,55
06/02/2023,GYY,IN,AGL,CE,Federal Contract Tower,5,16,29,0,50,0,0,15,2,17,5,16,44,2,67,38,0,38,105
06/03/2023,GYY,IN,AGL,CE,Federal Contract Tower,0,3,23,2,28,0,2,16,3,21,0,5,39,5,49,8,0,8,57
06/04/2023,GYY,IN,AGL,CE,Federal Contract Tower,0,9,26,0,35,0,0,16,8,24,0,9,42,8,59,36,0,36,95
06/05/2023,GYY,IN,AGL,CE,Federal Contract Tower,3,9,23,0,35,0,0,6,1,7,3,9,29,1,42,26,0,26,68
06/06/2023,GYY,IN,AGL,CE,Federal Contract Tower,3,13,20,0,36,0,0,11,0,11,3,13,31,0,47,10,0,10,57
06/07/2023,GYY,IN,AGL,CE,Federal Contract Tower,3,8,21,0,32,0,1,17,4,22,3,9,38,4,54,46,0,46,100
06/08/2023,GYY,IN,AGL,CE,Federal Contract Tower,4,13,28,0,45,0,8,17,0,25,4,21,45,0,70,52,0,52,122
06/09/2023,GYY,IN,AGL,CE,Federal Contract Tower,2,8,19,1,30,0,0,19,1,20,2,8,38,2,50,28,0,28,78
06/10/2023,GYY,IN,AGL,CE,Federal Contract Tower,1,5,20,0,26,0,0,20,0,20,1,5,40,0,46,0,0,0,46
06/11/2023,GYY,IN,AGL,CE,Federal Contract Tower,0,6,29,0,35,0,0,0,0,0,0,6,29,0,35,0,0,0,35
06/12/2023,GYY,IN,AGL,CE,Federal Contract Tower,4,9,19,0,32,0,0,15,0,15,4,9,34,0,47,22,0,22,69
06/13/2023,GYY,IN,AGL,CE,Federal Contract Tower,3,4,25,0,32,0,0,8,0,8,3,4,33,0,40,10,0,10,50
06/14/2023,GYY,IN,AGL,CE,Federal Contract Tower,3,11,34,4,52,0,0,8,1,9,3,11,42,5,61,6,0,6,67
06/15/2023,GYY,IN,AGL,CE,Federal Contract Tower,5,7,30,0,42,0,0,17,0,17,5,7,47,0,59,26,0,26,85
06/16/2023,GYY,IN,AGL,CE,Federal Contract Tower,0,3,22,6,31,0,0,4,0,4,0,3,26,6,35,30,0,30,65
06/17/2023,GYY,IN,AGL,CE,Federal Contract Tower,0,6,17,0,23,0,0,11,0,11,0,6,28,0,34,12,0,12,46
06/18/2023,GYY,IN,AGL,CE,Federal Contract Tower,1,9,17,1,28,0,0,10,0,10,1,9,27,1,38,0,0,0,38
06/19/2023,GYY,IN,AGL,CE,Federal Contract Tower,3,6,14,1,24,0,0,16,0,16,3,6,30,1,40,32,0,32,72
06/20/2023,GYY,IN,AGL,CE,Federal Contract Tower,3,6,21,0,30,0,0,15,0,15,3,6,36,0,45,22,0,22,67
06/21/2023,GYY,IN,AGL,CE,Federal Contract Tower,4,10,28,0,42,0,0,30,0,30,4,10,58,0,72,62,0,62,134
06/22/2023,GYY,IN,AGL,CE,Federal Contract Tower,3,6,26,0,35,0,0,19,3,22,3,6,45,3,57,24,0,24,81
06/23/2023,GYY,IN,AGL,CE,Federal Contract Tower,2,3,26,0,31,0,0,20,0,20,2,3,46,0,51,44,0,44,95
06/24/2023,GYY,IN,AGL,CE,Federal Contract Tower,0,0,15,0,15,0,0,19,0,19,0,0,34,0,34,24,0,24,58
06/25/2023,GYY,IN,AGL,CE,Federal Contract Tower,1,6,12,0,19,0,0,8,0,8,1,6,20,0,27,10,0,10,37
06/26/2023,GYY,IN,AGL,CE,Federal Contract Tower,1,6,18,0,25,0,0,4,0,4,1,6,22,0,29,0,0,0,29
06/27/2023,GYY,IN,AGL,CE,Federal Contract Tower,2,9,39,2,52,0,0,4,0,4,2,9,43,2,56,26,0,26,82
06/28/2023,GYY,IN,AGL,CE,Federal Contract Tower,1,34,39,2,76,0,0,8,0,8,1,34,47,2,84,10,0,10,94
06/29/2023,GYY,IN,AGL,CE,Federal Contract Tower,1,10,22,2,35,0,0,8,3,11,1,10,30,5,46,52,0,52,98
06/30/2023,GYY,IN,AGL,CE,Federal Contract Tower,3,25,58,2,88,0,0,13,2,15,3,25,71,4,103,10,4,14,117
07/01/2023,GYY,IN,AGL,CE,Federal Contract Tower,1,13,19,0,33,0,0,13,2,15,1,13,32,2,48,12,30,42,90
07/02/2023,GYY,IN,AGL,CE,Federal Contract Tower,5,14,19,1,39,0,0,0,0,0,5,14,19,1,39,0,0,0,39
07/03/2023,GYY,IN,AGL,CE,Federal Contract Tower,1,2,17,3,23,0,1,11,0,12,1,3,28,3,35,36,0,36,71
07/04/2023,GYY,IN,AGL,CE,Federal Contract Tower,0,4,10,0,14,0,0,17,0,17,0,4,27,0,31,10,0,10,41
07/05/2023,GYY,IN,AGL,CE,Federal Contract Tower,1,7,14,0,22,0,0,16,4,20,1,7,30,4,42,16,0,16,58
07/06/2023,GYY,IN,AGL,CE,Federal Contract Tower,1,11,35,1,48,0,1,18,3,22,1,12,53,4,70,26,0,26,96
07/07/2023,GYY,IN,AGL,CE,Federal Contract Tower,2,11,29,0,42,0,0,36,3,39,2,11,65,3,81,28,2,30,111
07/08/2023,GYY,IN,AGL,CE,Federal Contract Tower,0,15,19,1,35,0,0,8,0,8,0,15,27,1,43,26,0,26,69
07/09/2023,GYY,IN,AGL,CE,Federal Contract Tower,0,9,28,0,37,0,0,31,0,31,0,9,59,0,68,14,0,14,82
07/10/2023,GYY,IN,AGL,CE,Federal Contract Tower,4,6,31,0,41,0,0,29,0,29,4,6,60,0,70,30,0,30,100
07/11/2023,GYY,IN,AGL,CE,Federal Contract Tower,1,6,12,0,19,0,0,16,3,19,1,6,28,3,38,20,0,20,58
07/12/2023,GYY,IN,AGL,CE,Federal Contract Tower,1,7,15,0,23,0,0,2,3,5,1,7,17,3,28,0,34,34,62
07/13/2023,GYY,IN,AGL,CE,Federal Contract Tower,1,7,30,0,38,0,0,15,6,21,1,7,45,6,59,58,2,60,119
07/14/2023,GYY,IN,AGL,CE,Federal Contract Tower,2,6,24,2,34,0,0,20,4,24,2,6,44,6,58,42,0,42,100
07/15/2023,GYY,IN,AGL,CE,Federal Contract Tower,0,1,23,0,24,0,0,7,5,12,0,1,30,5,36,28,4,32,68
07/16/2023,GYY,IN,AGL,CE,Federal Contract Tower,2,11,26,4,43,0,0,5,0,5,2,11,31,4,48,12,6,18,66
07/17/2023,GYY,IN,AGL,CE,Federal Contract Tower,1,5,19,0,25,0,0,19,0,19,1,5,38,0,44,28,0,28,72
07/18/2023,GYY,IN,AGL,CE,Federal Contract Tower,1,4,17,0,22,0,0,28,7,35,1,4,45,7,57,72,0,72,129
07/19/2023,GYY,IN,AGL,CE,Federal Contract Tower,0,10,23,2,35,0,0,10,8,18,0,10,33,10,53,6,0,6,59
07/20/2023,GYY,IN,AGL,CE,Federal Contract Tower,1,12,16,0,29,0,0,23,10,33,1,12,39,10,62,10,0,10,72
07/21/2023,GYY,IN,AGL,CE,Federal Contract Tower,2,2,28,2,34,0,0,21,0,21,2,2,49,2,55,38,0,38,93
07/22/2023,GYY,IN,AGL,CE,Federal Contract Tower,0,4,24,0,28,0,0,26,4,30,0,4,50,4,58,26,0,26,84
07/23/2023,GYY,IN,AGL,CE,Federal Contract Tower,0,1,13,2,16,0,0,32,0,32,0,1,45,2,48,4,2,6,54
07/24/2023,GYY,IN,AGL,CE,Federal Contract Tower,3,6,18,2,29,0,0,23,2,25,3,6,41,4,54,16,0,16,70
07/25/2023,GYY,IN,AGL,CE,Federal Contract Tower,1,1,19,1,22,0,0,26,3,29,1,1,45,4,51,20,0,20,71
07/27/2023,GYY,IN,AGL,CE,Federal Contract Tower,1,9,25,3,38,0,0,24,12,36,1,9,49,15,74,18,0,18,92
07/28/2023,GYY,IN,AGL,CE,Federal Contract Tower,1,9,27,2,39,0,0,19,7,26,1,9,46,9,65,2,0,2,67
07/29/2023,GYY,IN,AGL,CE,Federal Contract Tower,0,1,28,1,30,0,0,19,0,19,0,1,47,1,49,0,0,0,49
07/30/2023,GYY,IN,AGL,CE,Federal Contract Tower,1,7,16,0,24,0,0,32,4,36,1,7,48,4,60,8,0,8,68
07/31/2023,GYY,IN,AGL,CE,Federal Contract Tower,1,4,16,0,21,0,0,24,2,26,1,4,40,2,47,30,0,30,77
08/01/2023,GYY,IN,AGL,CE,Federal Contract Tower,1,10,23,0,34,0,0,20,3,23,1,10,43,3,57,26,0,26,83
08/02/2023,GYY,IN,AGL,CE,Federal Contract Tower,1,5,25,1,32,0,0,40,7,47,1,5,65,8,79,20,18,38,117
08/03/2023,GYY,IN,AGL,CE,Federal Contract Tower,4,7,27,3,41,0,1,31,3,35,4,8,58,6,76,10,4,14,90
08/04/2023,GYY,IN,AGL,CE,Federal Contract Tower,2,4,18,0,24,0,0,31,6,37,2,4,49,6,61,8,0,8,69
08/05/2023,GYY,IN,AGL,CE,Federal Contract Tower,0,7,16,0,23,0,0,19,3,22,0,7,35,3,45,0,0,0,45
08/06/2023,GYY,IN,AGL,CE,Federal Contract Tower,0,13,35,0,48,0,0,5,0,5,0,13,40,0,53,0,0,0,53
08/07/2023,GYY,IN,AGL,CE,Federal Contract Tower,1,4,15,0,20,0,0,18,0,18,1,4,33,0,38,4,0,4,42
08/08/2023,GYY,IN,AGL,CE,Federal Contract Tower,1,5,20,2,28,0,0,22,6,28,1,5,42,8,56,62,6,68,124
08/09/2023,GYY,IN,AGL,CE,Federal Contract Tower,1,11,16,0,28,0,0,9,2,11,1,11,25,2,39,54,0,54,93
08/10/2023,GYY,IN,AGL,CE,Federal Contract Tower,1,10,21,0,32,0,0,21,1,22,1,10,42,1,54,44,0,44,98
08/11/2023,GYY,IN,AGL,CE,Federal Contract Tower,1,4,24,1,30,0,0,22,2,24,1,4,46,3,54,26,0,26,80
08/12/2023,GYY,IN,AGL,CE,Federal Contract Tower,0,1,16,0,17,0,0,24,11,35,0,1,40,11,52,40,0,40,92
08/13/2023,GYY,IN,AGL,CE,Federal Contract Tower,0,9,27,3,39,0,0,13,0,13,0,9,40,3,52,16,0,16,68
08/14/2023,GYY,IN,AGL,CE,Federal Contract Tower,1,7,19,0,27,0,0,6,0,6,1,7,25,0,33,0,0,0,33
08/15/2023,GYY,IN,AGL,CE,Federal Contract Tower,1,10,12,0,23,0,0,6,4,10,1,10,18,4,33,18,0,18,51
08/16/2023,GYY,IN,AGL,CE,Federal Contract Tower,1,6,26,2,35,0,0,16,9,25,1,6,42,11,60,18,0,18,78
08/17/2023,GYY,IN,AGL,CE,Federal Contract Tower,2,1,29,19,51,0,0,13,7,20,2,1,42,26,71,20,24,44,115
08/18/2023,GYY,IN,AGL,CE,Federal Contract Tower,3,4,36,10,53,0,2,41,65,108,3,6,77,75,161,8,16,24,185
08/19/2023,GYY,IN,AGL,CE,Federal Contract Tower,0,3,10,0,13,0,0,22,59,81,0,3,32,59,94,16,24,40,134
08/20/2023,GYY,IN,AGL,CE,Federal Contract Tower,0,10,16,1,27,0,0,30,35,65,0,10,46,36,92,0,20,20,112
08/21/2023,GYY,IN,AGL,CE,Federal Contract Tower,3,11,22,12,48,0,0,15,0,15,3,11,37,12,63,14,0,14,77
08/22/2023,GYY,IN,AGL,CE,Federal Contract Tower,1,5,35,5,46,0,1,24,2,27,1,6,59,7,73,48,0,48,121
08/23/2023,GYY,IN,AGL,CE,Federal Contract Tower,1,7,18,2,28,0,0,12,10,22,1,7,30,12,50,2,0,2,52
08/24/2023,GYY,IN,AGL,CE,Federal Contract Tower,1,5,19,1,26,0,0,12,6,18,1,5,31,7,44,10,14,24,68
08/25/2023,GYY,IN,AGL,CE,Federal Contract Tower,2,1,27,2,32,0,0,6,3,9,2,1,33,5,41,4,0,4,45
08/26/2023,GYY,IN,AGL,CE,Federal Contract Tower,0,0,15,3,18,0,0,7,1,8,0,0,22,4,26,2,0,2,28
08/27/2023,GYY,IN,AGL,CE,Federal Contract Tower,1,3,15,0,19,0,0,18,0,18,1,3,33,0,37,22,0,22,59
08/28/2023,GYY,IN,AGL,CE,Federal Contract Tower,1,8,23,5,37,0,0,17,0,17,1,8,40,5,54,20,0,20,74
08/29/2023,GYY,IN,AGL,CE,Federal Contract Tower,1,13,14,0,28,0,0,31,5,36,1,13,45,5,64,44,0,44,108
08/30/2023,GYY,IN,AGL,CE,Federal Contract Tower,1,7,24,3,35,0,2,23,1,26,1,9,47,4,61,4,2,6,67
08/31/2023,GYY,IN,AGL,CE,Federal Contract Tower,2,14,23,0,39,0,4,28,7,39,2,18,51,7,78,62,0,62,140
01/01/2020,GYY,IN,AGL,CE,Federal Contract Tower,0,5,10,0,15,0,0,8,0,8,0,5,18,0,23,0,0,0,23
01/02/2020,GYY,IN,AGL,CE,Federal Contract Tower,0,9,5,0,14,0,0,20,6,26,0,9,25,6,40,10,8,18,58
01/03/2020,GYY,IN,AGL,CE,Federal Contract Tower,3,11,13,0,27,0,0,11,0,11,3,11,24,0,38,8,0,8,46
01/04/2020,GYY,IN,AGL,CE,Federal Contract Tower,0,2,9,0,11,0,0,9,0,9,0,2,18,0,20,0,0,0,20
01/05/2020,GYY,IN,AGL,CE,Federal Contract Tower,0,8,22,0,30,0,0,5,0,5,0,8,27,0,35,0,0,0,35
01/06/2020,GYY,IN,AGL,CE,Federal Contract Tower,0,4,13,0,17,0,0,20,0,20,0,4,33,0,37,26,0,26,63
01/07/2020,GYY,IN,AGL,CE,Federal Contract Tower,3,4,11,0,18,0,0,10,2,12,3,4,21,2,30,4,0,4,34
01/08/2020,GYY,IN,AGL,CE,Federal Contract Tower,2,2,17,0,21,0,0,15,4,19,2,2,32,4,40,34,6,40,80
01/09/2020,GYY,IN,AGL,CE,Federal Contract Tower,0,5,18,0,23,0,0,5,1,6,0,5,23,1,29,0,0,0,29
01/10/2020,GYY,IN,AGL,CE,Federal Contract Tower,2,4,13,0,19,0,0,0,0,0,2,4,13,0,19,0,0,0,19
01/11/2020,GYY,IN,AGL,CE,Federal Contract Tower,0,0,4,0,4,0,0,0,0,0,0,0,4,0,4,0,0,0,4
01/12/2020,GYY,IN,AGL,CE,Federal Contract Tower,0,8,20,1,29,0,0,5,0,5,0,8,25,1,34,6,0,6,40
01/13/2020,GYY,IN,AGL,CE,Federal Contract Tower,0,10,15,1,26,0,0,11,0,11,0,10,26,1,37,0,0,0,37
01/14/2020,GYY,IN,AGL,CE,Federal Contract Tower,1,15,24,0,40,0,0,3,4,7,1,15,27,4,47,26,0,26,73
01/15/2020,GYY,IN,AGL,CE,Federal Contract Tower,0,9,23,0,32,0,0,0,0,0,0,9,23,0,32,0,0,0,32
01/17/2020,GYY,IN,AGL,CE,Federal Contract Tower,3,10,20,0,33,0,0,8,2,10,3,10,28,2,43,12,0,12,55
01/18/2020,GYY,IN,AGL,CE,Federal Contract Tower,0,1,8,0,9,0,0,0,0,0,0,1,8,0,9,0,0,0,9
01/19/2020,GYY,IN,AGL,CE,Federal Contract Tower,1,10,11,0,22,0,0,3,0,3,1,10,14,0,25,0,0,0,25
01/20/2020,GYY,IN,AGL,CE,Federal Contract Tower,1,7,20,0,28,0,1,5,0,6,1,8,25,0,34,0,0,0,34
01/21/2020,GYY,IN,AGL,CE,Federal Contract Tower,0,4,15,0,19,0,0,17,0,17,0,4,32,0,36,0,0,0,36
01/22/2020,GYY,IN,AGL,CE,Federal Contract Tower,0,11,23,0,34,0,1,14,5,20,0,12,37,5,54,14,4,18,72
01/23/2020,GYY,IN,AGL,CE,Federal Contract Tower,1,2,19,0,22,0,0,0,0,0,1,2,19,0,22,0,0,0,22
01/24/2020,GYY,IN,AGL,CE,Federal Contract Tower,2,17,16,0,35,0,0,0,0,0,2,17,16,0,35,0,0,0,35
01/25/2020,GYY,IN,AGL,CE,Federal Contract Tower,1,3,6,0,10,0,0,0,0,0,1,3,6,0,10,0,0,0,10
01/26/2020,GYY,IN,AGL,CE,Federal Contract Tower,1,7,10,0,18,0,0,0,0,0,1,7,10,0,18,0,0,0,18
01/27/2020,GYY,IN,AGL,CE,Federal Contract Tower,0,6,20,0,26,0,0,0,0,0,0,6,20,0,26,0,0,0,26
01/28/2020,GYY,IN,AGL,CE,Federal Contract Tower,0,8,14,2,24,0,0,0,0,0,0,8,14,2,24,0,0,0,24
01/29/2020,GYY,IN,AGL,CE,Federal Contract Tower,0,8,26,0,34,0,0,7,5,12,0,8,33,5,46,10,0,10,56
01/30/2020,GYY,IN,AGL,CE,Federal Contract Tower,0,12,19,1,32,0,0,16,2,18,0,12,35,3,50,14,0,14,64
01/31/2020,GYY,IN,AGL,CE,Federal Contract Tower,8,11,21,0,40,0,0,0,0,0,8,11,21,0,40,0,0,0,40
02/01/2020,GYY,IN,AGL,CE,Federal Contract Tower,0,3,9,0,12,0,0,0,0,0,0,3,9,0,12,0,0,0,12
02/02/2020,GYY,IN,AGL,CE,Federal Contract Tower,1,4,12,0,17,0,0,18,3,21,1,4,30,3,38,2,0,2,40
02/03/2020,GYY,IN,AGL,CE,Federal Contract Tower,2,6,21,0,29,0,7,17,0,24,2,13,38,0,53,4,0,4,57
02/04/2020,GYY,IN,AGL,CE,Federal Contract Tower,0,11,14,0,25,0,0,3,0,3,0,11,17,0,28,0,0,0,28
02/05/2020,GYY,IN,AGL,CE,Federal Contract Tower,0,7,12,0,19,0,0,12,4,16,0,7,24,4,35,12,4,16,51
02/06/2020,GYY,IN,AGL,CE,Federal Contract Tower,2,6,22,0,30,0,0,0,0,0,2,6,22,0,30,0,0,0,30
02/07/2020,GYY,IN,AGL,CE,Federal Contract Tower,2,3,18,0,23,0,0,10,2,12,2,3,28,2,35,0,0,0,35
02/08/2020,GYY,IN,AGL,CE,Federal Contract Tower,1,5,11,0,17,0,0,16,0,16,1,5,27,0,33,2,0,2,35
02/09/2020,GYY,IN,AGL,CE,Federal Contract Tower,0,5,6,0,11,0,0,0,0,0,0,5,6,0,11,0,0,0,11
02/10/2020,GYY,IN,AGL,CE,Federal Contract Tower,0,8,19,0,27,0,0,5,0,5,0,8,24,0,32,8,0,8,40
02/11/2020,GYY,IN,AGL,CE,Federal Contract Tower,0,9,26,0,35,0,0,19,0,19,0,9,45,0,54,10,0,10,64
02/12/2020,GYY,IN,AGL,CE,Federal Contract Tower,0,7,17,0,24,0,0,17,0,17,0,7,34,0,41,20,0,20,61
02/13/2020,GYY,IN,AGL,CE,Federal Contract Tower,0,10,10,0,20,0,0,2,0,2,0,10,12,0,22,0,0,0,22
02/14/2020,GYY,IN,AGL,CE,Federal Contract Tower,2,12,25,0,39,0,0,12,0,12,2,12,37,0,51,4,0,4,55
02/15/2020,GYY,IN,AGL,CE,Federal Contract Tower,1,5,9,0,15,0,0,4,0,4,1,5,13,0,19,14,0,14,33
02/16/2020,GYY,IN,AGL,CE,Federal Contract Tower,4,11,18,0,33,0,0,29,0,29,4,11,47,0,62,8,0,8,70
02/17/2020,GYY,IN,AGL,CE,Federal Contract Tower,0,7,18,0,25,0,0,7,0,7,0,7,25,0,32,0,0,0,32
02/18/2020,GYY,IN,AGL,CE,Federal Contract Tower,0,9,12,0,21,0,0,5,0,5,0,9,17,0,26,0,0,0,26
02/19/2020,GYY,IN,AGL,CE,Federal Contract Tower,2,3,20,0,25,0,0,24,3,27,2,3,44,3,52,26,0,26,78
02/20/2020,GYY,IN,AGL,CE,Federal Contract Tower,2,5,21,0,28,0,0,24,7,31,2,5,45,7,59,14,8,22,81
02/21/2020,GYY,IN,AGL,CE,Federal Contract Tower,3,11,17,0,31,0,0,17,2,19,3,11,34,2,50,10,0,10,60
02/22/2020,GYY,IN,AGL,CE,Federal Contract Tower,1,4,15,0,20,0,0,33,0,33,1,4,48,0,53,12,0,12,65
02/23/2020,GYY,IN,AGL,CE,Federal Contract Tower,1,1,23,0,25,0,2,27,0,29,1,3,50,0,54,10,0,10,64
02/24/2020,GYY,IN,AGL,CE,Federal Contract Tower,0,4,15,0,19,0,0,1,0,1,0,4,16,0,20,0,0,0,20
02/25/2020,GYY,IN,AGL,CE,Federal Contract Tower,1,6,16,0,23,0,0,0,0,0,1,6,16,0,23,0,0,0,23
02/26/2020,GYY,IN,AGL,CE,Federal Contract Tower,0,3,12,0,15,0,0,0,0,0,0,3,12,0,15,0,0,0,15
02/27/2020,GYY,IN,AGL,CE,Federal Contract Tower,0,4,15,0,19,0,0,32,0,32,0,4,47,0,51,24,0,24,75
02/28/2020,GYY,IN,AGL,CE,Federal Contract Tower,4,7,25,0,36,0,0,20,0,20,4,7,45,0,56,18,0,18,74
02/29/2020,GYY,IN,AGL,CE,Federal Contract Tower,1,4,13,0,18,0,0,30,2,32,1,4,43,2,50,50,0,50,100
03/01/2020,GYY,IN,AGL,CE,Federal Contract Tower,0,4,13,0,17,0,0,15,0,15,0,4,28,0,32,0,0,0,32
03/02/2020,GYY,IN,AGL,CE,Federal Contract Tower,1,7,13,0,21,0,0,12,0,12,1,7,25,0,33,6,0,6,39
03/03/2020,GYY,IN,AGL,CE,Federal Contract Tower,2,11,9,0,22,0,0,11,2,13,2,11,20,2,35,32,0,32,67
03/04/2020,GYY,IN,AGL,CE,Federal Contract Tower,3,6,21,0,30,0,0,35,0,35,3,6,56,0,65,24,0,24,89
03/05/2020,GYY,IN,AGL,CE,Federal Contract Tower,0,4,31,1,36,0,0,10,0,10,0,4,41,1,46,0,0,0,46
03/06/2020,GYY,IN,AGL,CE,Federal Contract Tower,2,5,17,0,24,0,0,5,0,5,2,5,22,0,29,0,0,0,29
03/07/2020,GYY,IN,AGL,CE,Federal Contract Tower,0,4,9,0,13,0,0,18,3,21,0,4,27,3,34,30,0,30,64
03/08/2020,GYY,IN,AGL,CE,Federal Contract Tower,0,3,25,0,28,0,0,14,0,14,0,3,39,0,42,10,0,10,52
03/10/2020,GYY,IN,AGL,CE,Federal Contract Tower,1,5,17,0,23,0,0,7,0,7,1,5,24,0,30,4,0,4,34
03/11/2020,GYY,IN,AGL,CE,Federal Contract Tower,0,2,12,0,14,0,0,0,0,0,0,2,12,0,14,0,0,0,14
03/12/2020,GYY,IN,AGL,CE,Federal Contract Tower,1,3,21,0,25,0,0,13,0,13,1,3,34,0,38,0,0,0,38
03/13/2020,GYY,IN,AGL,CE,Federal Contract Tower,4,5,24,0,33,0,0,24,2,26,4,5,48,2,59,2,0,2,61
03/14/2020,GYY,IN,AGL,CE,Federal Contract Tower,0,4,4,0,8,0,0,7,0,7,0,4,11,0,15,6,0,6,21
03/15/2020,GYY,IN,AGL,CE,Federal Contract Tower,1,4,22,0,27,0,0,9,0,9,1,4,31,0,36,0,0,0,36
03/16/2020,GYY,IN,AGL,CE,Federal Contract Tower,0,7,20,0,27,0,0,4,0,4,0,7,24,0,31,2,0,2,33
03/17/2020,GYY,IN,AGL,CE,Federal Contract Tower,0,2,11,0,13,0,0,42,0,42,0,2,53,0,55,26,0,26,81
03/18/2020,GYY,IN,AGL,CE,Federal Contract Tower,0,14,15,0,29,0,0,3,0,3,0,14,18,0,32,0,0,0,32
03/19/2020,GYY,IN,AGL,CE,Federal Contract Tower,0,0,5,0,5,0,0,0,0,0,0,0,5,0,5,0,0,0,5
03/20/2020,GYY,IN,AGL,CE,Federal Contract Tower,0,1,18,2,21,0,0,5,1,6,0,1,23,3,27,0,0,0,27
03/21/2020,GYY,IN,AGL,CE,Federal Contract Tower,0,1,8,0,9,0,0,10,0,10,0,1,18,0,19,12,0,12,31
03/22/2020,GYY,IN,AGL,CE,Federal Contract Tower,0,0,8,0,8,0,0,0,0,0,0,0,8,0,8,0,0,0,8
03/23/2020,GYY,IN,AGL,CE,Federal Contract Tower,0,4,7,0,11,0,0,8,0,8,0,4,15,0,19,0,0,0,19
03/24/2020,GYY,IN,AGL,CE,Federal Contract Tower,0,2,4,0,6,0,0,7,0,7,0,2,11,0,13,4,0,4,17
03/25/2020,GYY,IN,AGL,CE,Federal Contract Tower,0,1,5,1,7,0,0,13,4,17,0,1,18,5,24,44,0,44,68
03/26/2020,GYY,IN,AGL,CE,Federal Contract Tower,0,0,2,0,2,0,0,8,4,12,0,0,10,4,14,6,44,50,64
03/27/2020,GYY,IN,AGL,CE,Federal Contract Tower,0,0,2,0,2,0,0,1,0,1,0,0,3,0,3,0,0,0,3
03/28/2020,GYY,IN,AGL,CE,Federal Contract Tower,0,0,3,0,3,0,0,0,0,0,0,0,3,0,3,0,0,0,3
03/29/2020,GYY,IN,AGL,CE,Federal Contract Tower,0,0,4,0,4,0,0,0,0,0,0,0,4,0,4,0,0,0,4
03/30/2020,GYY,IN,AGL,CE,Federal Contract Tower,0,2,8,0,10,0,0,19,0,19,0,2,27,0,29,70,0,70,99
03/31/2020,GYY,IN,AGL,CE,Federal Contract Tower,0,0,3,0,3,0,0,4,3,7,0,0,7,3,10,0,6,6,16
04/01/2020,GYY,IN,AGL,CE,Federal Contract Tower,0,1,13,0,14,0,0,3,0,3,0,1,16,0,17,0,0,0,17
04/02/2020,GYY,IN,AGL,CE,Federal Contract Tower,0,0,9,0,9,2,0,20,0,22,2,0,29,0,31,88,0,88,119
04/03/2020,GYY,IN,AGL,CE,Federal Contract Tower,2,0,7,0,9,0,0,8,0,8,2,0,15,0,17,40,0,40,57
04/04/2020,GYY,IN,AGL,CE,Federal Contract Tower,0,2,2,0,4,0,0,2,0,2,0,2,4,0,6,0,0,0,6
04/05/2020,GYY,IN,AGL,CE,Federal Contract Tower,0,6,4,0,10,0,0,9,0,9,0,6,13,0,19,6,0,6,25
04/06/2020,GYY,IN,AGL,CE,Federal Contract Tower,0,4,3,0,7,0,0,9,0,9,0,4,12,0,16,0,0,0,16
04/07/2020,GYY,IN,AGL,CE,Federal Contract Tower,0,0,2,0,2,2,0,10,0,12,2,0,12,0,14,18,0,18,32
04/08/2020,GYY,IN,AGL,CE,Federal Contract Tower,0,1,4,0,5,0,0,3,0,3,0,1,7,0,8,0,0,0,8
04/09/2020,GYY,IN,AGL,CE,Federal Contract Tower,0,2,4,0,6,0,0,2,0,2,0,2,6,0,8,10,0,10,18
04/10/2020,GYY,IN,AGL,CE,Federal Contract Tower,2,1,2,0,5,0,0,17,0,17,2,1,19,0,22,40,0,40,62
04/11/2020,GYY,IN,AGL,CE,Federal Contract Tower,0,0,4,0,4,0,0,4,0,4,0,0,8,0,8,0,0,0,8
04/12/2020,GYY,IN,AGL,CE,Federal Contract Tower,0,0,4,0,4,0,0,2,0,2,0,0,6,0,6,0,0,0,6
04/13/2020,GYY,IN,AGL,CE,Federal Contract Tower,0,3,1,0,4,12,0,1,0,13,12,3,2,0,17,12,0,12,29
04/14/2020,GYY,IN,AGL,CE,Federal Contract Tower,0,1,5,0,6,0,2,10,0,12,0,3,15,0,18,18,0,18,36
04/15/2020,GYY,IN,AGL,CE,Federal Contract Tower,1,0,1,0,2,0,2,11,0,13,1,2,12,0,15,26,0,26,41
04/16/2020,GYY,IN,AGL,CE,Federal Contract Tower,0,1,4,4,9,0,2,7,2,11,0,3,11,6,20,28,0,28,48
04/17/2020,GYY,IN,AGL,CE,Federal Contract Tower,2,1,4,0,7,0,0,0,0,0,2,1,4,0,7,18,0,18,25
04/18/2020,GYY,IN,AGL,CE,Federal Contract Tower,0,0,3,0,3,0,0,7,0,7,0,0,10,0,10,8,0,8,18
04/19/2020,GYY,IN,AGL,CE,Federal Contract Tower,1,0,4,0,5,0,2,14,0,16,1,2,18,0,21,24,0,24,45
04/20/2020,GYY,IN,AGL,CE,Federal Contract Tower,0,2,6,0,8,0,0,26,0,26,0,2,32,0,34,12,0,12,46
04/21/2020,GYY,IN,AGL,CE,Federal Contract Tower,1,3,8,0,12,0,12,12,0,24,1,15,20,0,36,0,0,0,36
04/22/2020,GYY,IN,AGL,CE,Federal Contract Tower,0,0,8,0,8,0,0,15,5,20,0,0,23,5,28,6,8,14,42
04/23/2020,GYY,IN,AGL,CE,Federal Contract Tower,0,1,1,1,3,0,0,4,1,5,0,1,5,2,8,0,0,0,8
04/24/2020,GYY,IN,AGL,CE,Federal Contract Tower,2,1,10,0,13,0,0,0,0,0,2,1,10,0,13,12,0,12,25
04/25/2020,GYY,IN,AGL,CE,Federal Contract Tower,0,1,12,0,13,0,0,0,0,0,0,1,12,0,13,0,0,0,13
04/26/2020,GYY,IN,AGL,CE,Federal Contract Tower,0,0,1,0,1,0,0,19,0,19,0,0,20,0,20,12,0,12,32
04/27/2020,GYY,IN,AGL,CE,Federal Contract Tower,0,4,4,0,8,0,0,7,0,7,0,4,11,0,15,2,0,2,17
04/28/2020,GYY,IN,AGL,CE,Federal Contract Tower,0,0,9,0,9,0,0,11,2,13,0,0,20,2,22,0,0,0,22
04/29/2020,GYY,IN,AGL,CE,Federal Contract Tower,0,5,17,0,22,0,0,0,0,0,0,5,17,0,22,0,0,0,22
04/30/2020,GYY,IN,AGL,CE,Federal Contract Tower,0,1,1,0,2,0,0,3,2,5,0,1,4,2,7,0,0,0,7
05/01/2020,GYY,IN,AGL,CE,Federal Contract Tower,2,2,8,0,12,0,0,27,0,27,2,2,35,0,39,36,0,36,75
05/02/2020,GYY,IN,AGL,CE,Federal Contract Tower,0,1,7,0,8,0,0,23,0,23,0,1,30,0,31,14,0,14,45
05/03/2020,GYY,IN,AGL,CE,Federal Contract Tower,0,1,9,0,10,0,0,16,0,16,0,1,25,0,26,18,0,18,44
05/04/2020,GYY,IN,AGL,CE,Federal Contract Tower,0,0,17,0,17,0,1,5,0,6,0,1,22,0,23,2,0,2,25
05/05/2020,GYY,IN,AGL,CE,Federal Contract Tower,1,6,4,0,11,0,0,2,2,4,1,6,6,2,15,18,0,18,33
05/06/2020,GYY,IN,AGL,CE,Federal Contract Tower,2,7,13,3,25,0,0,30,0,30,2,7,43,3,55,34,0,34,89
05/07/2020,GYY,IN,AGL,CE,Federal Contract Tower,0,0,13,1,14,0,0,21,1,22,0,0,34,2,36,4,0,4,40
05/08/2020,GYY,IN,AGL,CE,Federal Contract Tower,3,0,7,2,12,0,2,5,1,8,3,2,12,3,20,2,0,2,22
05/09/2020,GYY,IN,AGL,CE,Federal Contract Tower,1,1,15,0,17,0,0,24,0,24,1,1,39,0,41,22,0,22,63
05/10/2020,GYY,IN,AGL,CE,Federal Contract Tower,1,1,1,0,3,0,0,1,0,1,1,1,2,0,4,0,0,0,4
05/11/2020,GYY,IN,AGL,CE,Federal Contract Tower,1,4,7,0,12,0,0,15,0,15,1,4,22,0,27,12,0,12,39
05/12/2020,GYY,IN,AGL,CE,Federal Contract Tower,0,0,13,0,13,0,0,30,0,30,0,0,43,0,43,38,0,38,81
05/13/2020,GYY,IN,AGL,CE,Federal Contract Tower,0,2,9,0,11,0,0,13,2,15,0,2,22,2,26,20,18,38,64
05/14/2020,GYY,IN,AGL,CE,Federal Contract Tower,0,3,9,0,12,0,0,0,0,0,0,3,9,0,12,0,0,0,12
05/15/2020,GYY,IN,AGL,CE,Federal Contract Tower,2,4,7,0,13,0,0,4,0,4,2,4,11,0,17,10,0,10,27
05/16/2020,GYY,IN,AGL,CE,Federal Contract Tower,0,2,3,0,5,0,0,6,0,6,0,2,9,0,11,6,0,6,17
05/17/2020,GYY,IN,AGL,CE,Federal Contract Tower,0,0,3,0,3,0,0,0,0,0,0,0,3,0,3,0,0,0,3
05/18/2020,GYY,IN,AGL,CE,Federal Contract Tower,2,0,13,0,15,0,0,2,0,2,2,0,15,0,17,0,0,0,17
05/19/2020,GYY,IN,AGL,CE,Federal Contract Tower,0,4,11,0,15,0,0,0,0,0,0,4,11,0,15,0,0,0,15
05/20/2020,GYY,IN,AGL,CE,Federal Contract Tower,0,4,20,0,24,0,0,21,11,32,0,4,41,11,56,32,4,36,92
05/21/2020,GYY,IN,AGL,CE,Federal Contract Tower,0,2,15,0,17,0,0,36,7,43,0,2,51,7,60,18,10,28,88
05/22/2020,GYY,IN,AGL,CE,Federal Contract Tower,0,3,8,18,29,0,0,15,0,15,0,3,23,18,44,36,0,36,80
05/23/2020,GYY,IN,AGL,CE,Federal Contract Tower,0,8,5,0,13,0,0,16,0,16,0,8,21,0,29,16,0,16,45
05/24/2020,GYY,IN,AGL,CE,Federal Contract Tower,0,2,10,0,12,0,0,9,0,9,0,2,19,0,21,4,0,4,25
05/25/2020,GYY,IN,AGL,CE,Federal Contract Tower,0,4,10,0,14,0,0,8,0,8,0,4,18,0,22,0,0,0,22
05/26/2020,GYY,IN,AGL,CE,Federal Contract Tower,1,6,17,0,24,0,0,19,0,19,1,6,36,0,43,0,0,0,43
05/27/2020,GYY,IN,AGL,CE,Federal Contract Tower,0,6,15,0,21,0,0,22,8,30,0,6,37,8,51,10,40,50,101
05/28/2020,GYY,IN,AGL,CE,Federal Contract Tower,1,0,11,0,12,0,2,3,1,6,1,2,14,1,18,8,12,20,38
05/29/2020,GYY,IN,AGL,CE,Federal Contract Tower,2,1,23,0,26,0,0,31,4,35,2,1,54,4,61,50,0,50,111
05/30/2020,GYY,IN,AGL,CE,Federal Contract Tower,0,3,7,0,10,0,0,7,0,7,0,3,14,0,17,30,0,30,47
05/31/2020,GYY,IN,AGL,CE,Federal Contract Tower,0,4,16,0,20,0,0,20,0,20,0,4,36,0,40,6,0,6,46
06/01/2020,GYY,IN,AGL,CE,Federal Contract Tower,0,7,10,0,17,0,0,19,0,19,0,7,29,0,36,30,0,30,66
06/02/2020,GYY,IN,AGL,CE,Federal Contract Tower,0,5,17,0,22,0,0,21,0,21,0,5,38,0,43,10,0,10,53
06/03/2020,GYY,IN,AGL,CE,Federal Contract Tower,0,2,22,0,24,0,0,9,0,9,0,2,31,0,33,0,0,0,33
06/04/2020,GYY,IN,AGL,CE,Federal Contract Tower,2,5,16,0,23,0,0,31,2,33,2,5,47,2,56,36,32,68,124
06/05/2020,GYY,IN,AGL,CE,Federal Contract Tower,2,1,13,0,16,0,0,11,0,11,2,1,24,0,27,10,0,10,37
06/06/2020,GYY,IN,AGL,CE,Federal Contract Tower,0,1,13,0,14,0,0,16,0,16,0,1,29,0,30,24,0,24,54
06/07/2020,GYY,IN,AGL,CE,Federal Contract Tower,0,6,8,0,14,0,15,2,0,17,0,21,10,0,31,20,0,20,51
06/08/2020,GYY,IN,AGL,CE,Federal Contract Tower,0,4,19,0,23,0,0,20,0,20,0,4,39,0,43,0,0,0,43
06/09/2020,GYY,IN,AGL,CE,Federal Contract Tower,0,1,6,0,7,0,0,3,0,3,0,1,9,0,10,12,0,12,22
06/10/2020,GYY,IN,AGL,CE,Federal Contract Tower,0,6,13,0,19,0,0,9,2,11,0,6,22,2,30,4,0,4,34
06/11/2020,GYY,IN,AGL,CE,Federal Contract Tower,0,5,16,1,22,0,0,15,3,18,0,5,31,4,40,6,20,26,66
06/12/2020,GYY,IN,AGL,CE,Federal Contract Tower,2,3,17,0,22,0,0,23,0,23,2,3,40,0,45,4,0,4,49
06/13/2020,GYY,IN,AGL,CE,Federal Contract Tower,0,3,11,0,14,0,0,9,0,9,0,3,20,0,23,38,0,38,61
06/14/2020,GYY,IN,AGL,CE,Federal Contract Tower,0,2,12,0,14,0,0,25,0,25,0,2,37,0,39,84,0,84,123
06/15/2020,GYY,IN,AGL,CE,Federal Contract Tower,2,9,12,0,23,0,0,18,0,18,2,9,30,0,41,20,0,20,61
06/16/2020,GYY,IN,AGL,CE,Federal Contract Tower,0,6,12,0,18,0,0,24,2,26,0,6,36,2,44,18,0,18,62
06/17/2020,GYY,IN,AGL,CE,Federal Contract Tower,0,4,29,0,33,0,0,20,8,28,0,4,49,8,61,28,46,74,135
06/18/2020,GYY,IN,AGL,CE,Federal Contract Tower,2,7,21,0,30,0,2,24,3,29,2,9,45,3,59,38,0,38,97
06/19/2020,GYY,IN,AGL,CE,Federal Contract Tower,3,7,11,0,21,0,0,16,1,17,3,7,27,1,38,20,0,20,58
06/20/2020,GYY,IN,AGL,CE,Federal Contract Tower,0,2,14,0,16,0,0,10,0,10,0,2,24,0,26,36,0,36,62
06/21/2020,GYY,IN,AGL,CE,Federal Contract Tower,0,5,12,0,17,0,0,1,0,1,0,5,13,0,18,26,0,26,44
06/22/2020,GYY,IN,AGL,CE,Federal Contract Tower,0,3,21,0,24,0,0,2,0,2,0,3,23,0,26,2,0,2,28
06/23/2020,GYY,IN,AGL,CE,Federal Contract Tower,1,1,18,0,20,12,0,20,2,34,13,1,38,2,54,38,4,42,96
06/24/2020,GYY,IN,AGL,CE,Federal Contract Tower,0,5,16,0,21,0,0,19,1,20,0,5,35,1,41,22,0,22,63
06/25/2020,GYY,IN,AGL,CE,Federal Contract Tower,0,7,17,0,24,0,0,23,0,23,0,7,40,0,47,70,0,70,117
06/26/2020,GYY,IN,AGL,CE,Federal Contract Tower,2,6,14,0,22,0,0,10,0,10,2,6,24,0,32,12,0,12,44
06/27/2020,GYY,IN,AGL,CE,Federal Contract Tower,0,3,8,0,11,0,0,12,0,12,0,3,20,0,23,32,0,32,55
06/28/2020,GYY,IN,AGL,CE,Federal Contract Tower,0,4,11,0,15,0,0,14,0,14,0,4,25,0,29,44,0,44,73
06/30/2020,GYY,IN,AGL,CE,Federal Contract Tower,3,0,23,0,26,0,0,11,0,11,3,0,34,0,37,14,0,14,51
07/01/2020,GYY,IN,AGL,CE,Federal Contract Tower,0,10,9,1,20,0,4,25,5,34,0,14,34,6,54,26,34,60,114
07/02/2020,GYY,IN,AGL,CE,Federal Contract Tower,0,5,24,0,29,0,0,39,2,41,0,5,63,2,70,10,0,10,80
07/03/2020,GYY,IN,AGL,CE,Federal Contract Tower,3,3,14,0,20,0,0,17,0,17,3,3,31,0,37,60,0,60,97
07/04/2020,GYY,IN,AGL,CE,Federal Contract Tower,0,0,5,0,5,0,0,5,4,9,0,0,10,4,14,0,0,0,14
07/05/2020,GYY,IN,AGL,CE,Federal Contract Tower,0,4,14,0,18,0,0,11,0,11,0,4,25,0,29,6,0,6,35
07/06/2020,GYY,IN,AGL,CE,Federal Contract Tower,1,4,9,0,14,0,0,15,0,15,1,4,24,0,29,30,0,30,59
07/07/2020,GYY,IN,AGL,CE,Federal Contract Tower,0,8,14,0,22,0,0,30,0,30,0,8,44,0,52,42,0,42,94
07/08/2020,GYY,IN,AGL,CE,Federal Contract Tower,0,4,12,0,16,0,0,25,0,25,0,4,37,0,41,20,0,20,61
07/09/2020,GYY,IN,AGL,CE,Federal Contract Tower,0,5,10,0,15,0,0,25,0,25,0,5,35,0,40,82,0,82,122
07/10/2020,GYY,IN,AGL,CE,Federal Contract Tower,2,6,17,0,25,0,0,7,0,7,2,6,24,0,32,0,0,0,32
07/11/2020,GYY,IN,AGL,CE,Federal Contract Tower,0,2,16,0,18,0,0,16,4,20,0,2,32,4,38,16,10,26,64
07/12/2020,GYY,IN,AGL,CE,Federal Contract Tower,0,10,17,0,27,0,0,11,0,11,0,10,28,0,38,14,0,14,52
07/13/2020,GYY,IN,AGL,CE,Federal Contract Tower,0,6,20,0,26,0,0,39,0,39,0,6,59,0,65,50,0,50,115
07/14/2020,GYY,IN,AGL,CE,Federal Contract Tower,0,1,16,0,17,0,0,22,2,24,0,1,38,2,41,56,24,80,121
07/15/2020,GYY,IN,AGL,CE,Federal Contract Tower,0,6,29,0,35,0,0,7,4,11,0,6,36,4,46,46,42,88,134
07/16/2020,GYY,IN,AGL,CE,Federal Contract Tower,0,5,19,0,24,0,12,9,2,23,0,17,28,2,47,0,0,0,47
07/17/2020,GYY,IN,AGL,CE,Federal Contract Tower,2,2,20,14,38,0,2,38,0,40,2,4,58,14,78,26,0,26,104
07/18/2020,GYY,IN,AGL,CE,Federal Contract Tower,0,4,11,0,15,0,0,14,0,14,0,4,25,0,29,10,0,10,39
07/19/2020,GYY,IN,AGL,CE,Federal Contract Tower,0,2,14,0,16,0,0,3,0,3,0,2,17,0,19,0,0,0,19
07/20/2020,GYY,IN,AGL,CE,Federal Contract Tower,0,8,17,0,25,0,1,16,0,17,0,9,33,0,42,28,0,28,70
07/21/2020,GYY,IN,AGL,CE,Federal Contract Tower,0,8,16,0,24,0,0,8,1,9,0,8,24,1,33,24,0,24,57
07/22/2020,GYY,IN,AGL,CE,Federal Contract Tower,0,2,14,2,18,0,0,12,1,13,0,2,26,3,31,46,0,46,77
07/23/2020,GYY,IN,AGL,CE,Federal Contract Tower,0,2,20,0,22,0,0,26,4,30,0,2,46,4,52,28,0,28,80
07/24/2020,GYY,IN,AGL,CE,Federal Contract Tower,2,4,19,0,25,0,0,47,0,47,2,4,66,0,72,34,0,34,106
07/25/2020,GYY,IN,AGL,CE,Federal Contract Tower,0,1,10,0,11,0,0,19,0,19,0,1,29,0,30,6,0,6,36
07/26/2020,GYY,IN,AGL,CE,Federal Contract Tower,0,7,18,0,25,0,0,14,0,14,0,7,32,0,39,2,0,2,41
07/27/2020,GYY,IN,AGL,CE,Federal Contract Tower,0,10,22,0,32,0,0,7,0,7,0,10,29,0,39,16,0,16,55
07/28/2020,GYY,IN,AGL,CE,Federal Contract Tower,0,2,25,0,27,0,4,20,0,24,0,6,45,0,51,42,0,42,93
07/29/2020,GYY,IN,AGL,CE,Federal Contract Tower,0,7,21,0,28,0,0,27,3,30,0,7,48,3,58,44,0,44,102
07/31/2020,GYY,IN,AGL,CE,Federal Contract Tower,2,5,10,0,17,0,2,35,3,40,2,7,45,3,57,22,0,22,79
08/01/2020,GYY,IN,AGL,CE,Federal Contract Tower,0,2,5,0,7,0,0,10,0,10,0,2,15,0,17,0,0,0,17
08/02/2020,GYY,IN,AGL,CE,Federal Contract Tower,1,2,15,1,19,0,0,11,1,12,1,2,26,2,31,14,0,14,45
08/03/2020,GYY,IN,AGL,CE,Federal Contract Tower,0,2,14,0,16,0,0,3,1,4,0,2,17,1,20,0,0,0,20
08/04/2020,GYY,IN,AGL,CE,Federal Contract Tower,0,1,21,0,22,0,0,22,2,24,0,1,43,2,46,34,0,34,80
08/05/2020,GYY,IN,AGL,CE,Federal Contract Tower,0,6,23,0,29,0,0,24,2,26,0,6,47,2,55,64,0,64,119
08/06/2020,GYY,IN,AGL,CE,Federal Contract Tower,2,3,17,0,22,0,10,28,10,48,2,13,45,10,70,62,10,72,142
08/07/2020,GYY,IN,AGL,CE,Federal Contract Tower,2,1,20,0,23,0,0,18,1,19,2,1,38,1,42,16,0,16,58
08/08/2020,GYY,IN,AGL,CE,Federal Contract Tower,3,3,18,0,24,0,2,17,0,19,3,5,35,0,43,22,0,22,65
08/09/2020,GYY,IN,AGL,CE,Federal Contract Tower,0,5,13,0,18,0,0,21,0,21,0,5,34,0,39,122,0,122,161
08/10/2020,GYY,IN,AGL,CE,Federal Contract Tower,0,6,23,0,29,0,0,12,0,12,0,6,35,0,41,10,0,10,51
08/11/2020,GYY,IN,AGL,CE,Federal Contract Tower,0,6,21,0,27,0,0,18,0,18,0,6,39,0,45,16,0,16,61
08/12/2020,GYY,IN,AGL,CE,Federal Contract Tower,0,2,20,1,23,0,0,25,1,26,0,2,45,2,49,82,0,82,131
08/13/2020,GYY,IN,AGL,CE,Federal Contract Tower,0,3,15,0,18,0,0,24,4,28,0,3,39,4,46,28,0,28,74
08/14/2020,GYY,IN,AGL,CE,Federal Contract Tower,2,2,14,0,18,0,0,43,0,43,2,2,57,0,61,50,0,50,111
08/15/2020,GYY,IN,AGL,CE,Federal Contract Tower,0,4,6,0,10,0,0,20,0,20,0,4,26,0,30,66,0,66,96
08/16/2020,GYY,IN,AGL,CE,Federal Contract Tower,0,4,16,0,20,0,0,19,4,23,0,4,35,4,43,8,0,8,51
08/17/2020,GYY,IN,AGL,CE,Federal Contract Tower,0,5,8,0,13,0,0,12,0,12,0,5,20,0,25,44,0,44,69
08/18/2020,GYY,IN,AGL,CE,Federal Contract Tower,0,4,7,0,11,0,2,15,0,17,0,6,22,0,28,4,0,4,32
08/19/2020,GYY,IN,AGL,CE,Federal Contract Tower,0,5,15,0,20,0,0,20,0,20,0,5,35,0,40,20,0,20,60
08/20/2020,GYY,IN,AGL,CE,Federal Contract Tower,1,8,18,0,27,0,0,37,4,41,1,8,55,4,68,18,0,18,86
08/21/2020,GYY,IN,AGL,CE,Federal Contract Tower,2,9,8,0,19,0,0,25,6,31,2,9,33,6,50,12,0,12,62
08/22/2020,GYY,IN,AGL,CE,Federal Contract Tower,0,3,18,0,21,0,8,40,0,48,0,11,58,0,69,114,0,114,183
08/23/2020,GYY,IN,AGL,CE,Federal Contract Tower,0,6,21,0,27,0,0,16,0,16,0,6,37,0,43,40,0,40,83
08/24/2020,GYY,IN,AGL,CE,Federal Contract Tower,0,3,18,0,21,0,0,20,0,20,0,3,38,0,41,20,0,20,61
08/25/2020,GYY,IN,AGL,CE,Federal Contract Tower,1,3,17,0,21,0,0,22,2,24,1,3,39,2,45,12,0,12,57
08/26/2020,GYY,IN,AGL,CE,Federal Contract Tower,0,15,24,0,39,0,0,14,0,14,0,15,38,0,53,14,0,14,67
08/27/2020,GYY,IN,AGL,CE,Federal Contract Tower,1,4,13,0,18,0,0,22,7,29,1,4,35,7,47,8,18,26,73
08/28/2020,GYY,IN,AGL,CE,Federal Contract Tower,0,3,19,0,22,0,0,27,4,31,0,3,46,4,53,0,0,0,53
08/29/2020,GYY,IN,AGL,CE,Federal Contract Tower,0,3,14,0,17,0,0,17,0,17,0,3,31,0,34,24,0,24,58
08/30/2020,GYY,IN,AGL,CE,Federal Contract Tower,0,3,20,0,23,0,0,15,0,15,0,3,35,0,38,18,0,18,56
08/31/2020,GYY,IN,AGL,CE,Federal Contract Tower,2,6,18,0,26,0,0,20,0,20,2,6,38,0,46,36,0,36,82
09/01/2020,GYY,IN,AGL,CE,Federal Contract Tower,0,4,12,0,16,0,0,8,0,8,0,4,20,0,24,0,0,0,24
09/02/2020,GYY,IN,AGL,CE,Federal Contract Tower,0,4,16,0,20,0,0,16,4,20,0,4,32,4,40,62,0,62,102
09/03/2020,GYY,IN,AGL,CE,Federal Contract Tower,0,4,25,0,29,0,0,20,5,25,0,4,45,5,54,10,14,24,78
09/04/2020,GYY,IN,AGL,CE,Federal Contract Tower,2,4,17,0,23,0,0,30,1,31,2,4,47,1,54,12,0,12,66
09/05/2020,GYY,IN,AGL,CE,Federal Contract Tower,0,4,7,0,11,0,0,14,0,14,0,4,21,0,25,0,0,0,25
09/06/2020,GYY,IN,AGL,CE,Federal Contract Tower,0,0,8,0,8,0,0,6,0,6,0,0,14,0,14,8,0,8,22
09/07/2020,GYY,IN,AGL,CE,Federal Contract Tower,0,6,20,0,26,0,0,13,0,13,0,6,33,0,39,6,0,6,45
09/08/2020,GYY,IN,AGL,CE,Federal Contract Tower,0,4,16,0,20,0,0,0,0,0,0,4,16,0,20,0,0,0,20
09/09/2020,GYY,IN,AGL,CE,Federal Contract Tower,12,4,13,33,62,0,0,1,0,1,12,4,14,33,63,0,18,18,81
09/10/2020,GYY,IN,AGL,CE,Federal Contract Tower,0,9,6,2,17,0,0,5,6,11,0,9,11,8,28,0,0,0,28
09/11/2020,GYY,IN,AGL,CE,Federal Contract Tower,2,3,24,0,29,0,0,10,0,10,2,3,34,0,39,14,0,14,53
09/12/2020,GYY,IN,AGL,CE,Federal Contract Tower,0,6,12,0,18,0,0,0,0,0,0,6,12,0,18,0,0,0,18
09/13/2020,GYY,IN,AGL,CE,Federal Contract Tower,0,0,13,0,13,0,0,17,0,17,0,0,30,0,30,28,0,28,58
09/14/2020,GYY,IN,AGL,CE,Federal Contract Tower,0,6,16,2,24,0,0,14,1,15,0,6,30,3,39,0,0,0,39
09/15/2020,GYY,IN,AGL,CE,Federal Contract Tower,1,6,20,0,27,0,0,28,0,28,1,6,48,0,55,0,6,6,61
09/16/2020,GYY,IN,AGL,CE,Federal Contract Tower,2,9,21,0,32,0,0,21,2,23,2,9,42,2,55,10,0,10,65
09/17/2020,GYY,IN,AGL,CE,Federal Contract Tower,1,4,24,2,31,0,1,14,2,17,1,5,38,4,48,12,22,34,82
09/18/2020,GYY,IN,AGL,CE,Federal Contract Tower,2,3,16,0,21,0,0,17,2,19,2,3,33,2,40,8,0,8,48
09/19/2020,GYY,IN,AGL,CE,Federal Contract Tower,0,4,10,0,14,0,0,29,0,29,0,4,39,0,43,56,0,56,99
09/20/2020,GYY,IN,AGL,CE,Federal Contract Tower,0,8,22,0,30,0,0,23,0,23,0,8,45,0,53,14,0,14,67
09/21/2020,GYY,IN,AGL,CE,Federal Contract Tower,0,7,17,0,24,0,0,21,0,21,0,7,38,0,45,42,0,42,87
09/22/2020,GYY,IN,AGL,CE,Federal Contract Tower,0,5,10,6,21,0,1,12,1,14,0,6,22,7,35,22,0,22,57
09/23/2020,GYY,IN,AGL,CE,Federal Contract Tower,2,5,29,0,36,0,0,28,2,30,2,5,57,2,66,36,0,36,102
09/24/2020,GYY,IN,AGL,CE,Federal Contract Tower,0,10,16,4,30,0,0,22,1,23,0,10,38,5,53,22,0,22,75
09/26/2020,GYY,IN,AGL,CE,Federal Contract Tower,0,11,15,0,26,0,0,2,0,2,0,11,17,0,28,2,0,2,30
09/27/2020,GYY,IN,AGL,CE,Federal Contract Tower,0,4,15,0,19,0,0,15,0,15,0,4,30,0,34,16,0,16,50
09/28/2020,GYY,IN,AGL,CE,Federal Contract Tower,0,11,23,1,35,0,0,2,1,3,0,11,25,2,38,0,0,0,38
09/29/2020,GYY,IN,AGL,CE,Federal Contract Tower,0,11,10,0,21,0,0,17,6,23,0,11,27,6,44,26,0,26,70
09/30/2020,GYY,IN,AGL,CE,Federal Contract Tower,0,6,27,0,33,0,2,2,0,4,0,8,29,0,37,0,0,0,37
10/01/2020,GYY,IN,AGL,CE,Federal Contract Tower,0,14,18,0,32,0,0,11,3,14,0,14,29,3,46,58,0,58,104
10/02/2020,GYY,IN,AGL,CE,Federal Contract Tower,3,15,16,0,34,0,0,30,1,31,3,15,46,1,65,8,0,8,73
10/03/2020,GYY,IN,AGL,CE,Federal Contract Tower,0,9,5,0,14,0,0,23,0,23,0,9,28,0,37,26,0,26,63
10/04/2020,GYY,IN,AGL,CE,Federal Contract Tower,2,11,14,0,27,0,0,10,1,11,2,11,24,1,38,2,0,2,40
10/05/2020,GYY,IN,AGL,CE,Federal Contract Tower,0,13,24,0,37,0,0,17,0,17,0,13,41,0,54,14,0,14,68
10/06/2020,GYY,IN,AGL,CE,Federal Contract Tower,0,9,23,0,32,0,0,13,1,14,0,9,36,1,46,26,0,26,72
10/07/2020,GYY,IN,AGL,CE,Federal Contract Tower,0,15,11,0,26,0,0,21,2,23,0,15,32,2,49,44,0,44,93
10/08/2020,GYY,IN,AGL,CE,Federal Contract Tower,1,2,22,0,25,0,0,22,2,24,1,2,44,2,49,30,0,30,79
10/09/2020,GYY,IN,AGL,CE,Federal Contract Tower,2,5,14,0,21,0,0,14,0,14,2,5,28,0,35,6,0,6,41
10/10/2020,GYY,IN,AGL,CE,Federal Contract Tower,2,5,9,0,16,0,0,19,0,19,2,5,28,0,35,26,0,26,61
10/11/2020,GYY,IN,AGL,CE,Federal Contract Tower,0,6,18,0,24,0,0,7,0,7,0,6,25,0,31,12,0,12,43
10/12/2020,GYY,IN,AGL,CE,Federal Contract Tower,0,5,21,0,26,0,0,1,0,1,0,5,22,0,27,0,0,0,27
10/13/2020,GYY,IN,AGL,CE,Federal Contract Tower,0,11,19,0,30,0,1,11,0,12,0,12,30,0,42,12,0,12,54
10/14/2020,GYY,IN,AGL,CE,Federal Contract Tower,0,6,25,0,31,0,4,17,5,26,0,10,42,5,57,22,0,22,79
10/15/2020,GYY,IN,AGL,CE,Federal Contract Tower,0,7,19,4,30,0,1,24,0,25,0,8,43,4,55,36,0,36,91
10/16/2020,GYY,IN,AGL,CE,Federal Contract Tower,2,16,16,0,34,0,0,19,0,19,2,16,35,0,53,12,0,12,65
10/18/2020,GYY,IN,AGL,CE,Federal Contract Tower,0,4,18,0,22,0,0,3,0,3,0,4,21,0,25,0,0,0,25
10/19/2020,GYY,IN,AGL,CE,Federal Contract Tower,0,8,14,2,24,0,2,10,0,12,0,10,24,2,36,24,0,24,60
10/20/2020,GYY,IN,AGL,CE,Federal Contract Tower,0,3,16,1,20,0,0,11,1,12,0,3,27,2,32,18,14,32,64
10/21/2020,GYY,IN,AGL,CE,Federal Contract Tower,2,6,25,1,34,0,0,10,4,14,2,6,35,5,48,30,0,30,78
10/22/2020,GYY,IN,AGL,CE,Federal Contract Tower,0,11,27,0,38,0,0,8,2,10,0,11,35,2,48,14,6,20,68
10/23/2020,GYY,IN,AGL,CE,Federal Contract Tower,2,3,20,0,25,0,0,0,0,0,2,3,20,0,25,0,0,0,25
10/24/2020,GYY,IN,AGL,CE,Federal Contract Tower,0,4,6,0,10,0,1,18,0,19,0,5,24,0,29,8,0,8,37
10/25/2020,GYY,IN,AGL,CE,Federal Contract Tower,0,9,20,0,29,0,0,13,0,13,0,9,33,0,42,14,0,14,56
10/26/2020,GYY,IN,AGL,CE,Federal Contract Tower,0,13,10,0,23,0,0,0,0,0,0,13,10,0,23,22,0,22,45
10/27/2020,GYY,IN,AGL,CE,Federal Contract Tower,2,3,17,1,23,0,0,0,0,0,2,3,17,1,23,0,0,0,23
10/28/2020,GYY,IN,AGL,CE,Federal Contract Tower,1,5,22,0,28,0,23,4,0,27,1,28,26,0,55,22,0,22,77
10/29/2020,GYY,IN,AGL,CE,Federal Contract Tower,0,7,26,0,33,0,0,9,0,9,0,7,35,0,42,0,36,36,78
10/30/2020,GYY,IN,AGL,CE,Federal Contract Tower,4,6,15,0,25,0,0,32,2,34,4,6,47,2,59,28,2,30,89
10/31/2020,GYY,IN,AGL,CE,Federal Contract Tower,0,1,1,0,2,0,0,14,0,14,0,1,15,0,16,0,0,0,16
11/01/2020,GYY,IN,AGL,CE,Federal Contract Tower,0,1,15,0,16,0,0,3,0,3,0,1,18,0,19,0,0,0,19
11/02/2020,GYY,IN,AGL,CE,Federal Contract Tower,3,4,12,0,19,0,0,1,0,1,3,4,13,0,20,6,0,6,26
11/03/2020,GYY,IN,AGL,CE,Federal Contract Tower,5,3,3,0,11,0,0,10,0,10,5,3,13,0,21,12,0,12,33
11/04/2020,GYY,IN,AGL,CE,Federal Contract Tower,4,7,12,0,23,0,0,16,4,20,4,7,28,4,43,86,0,86,129
11/05/2020,GYY,IN,AGL,CE,Federal Contract Tower,5,2,17,0,24,0,2,22,2,26,5,4,39,2,50,24,78,102,152
11/06/2020,GYY,IN,AGL,CE,Federal Contract Tower,2,5,15,0,22,0,4,27,0,31,2,9,42,0,53,0,0,0,53
11/08/2020,GYY,IN,AGL,CE,Federal Contract Tower,0,0,13,0,13,0,0,27,0,27,0,0,40,0,40,12,0,12,52
11/09/2020,GYY,IN,AGL,CE,Federal Contract Tower,4,7,12,0,23,0,0,9,0,9,4,7,21,0,32,4,0,4,36
11/10/2020,GYY,IN,AGL,CE,Federal Contract Tower,0,3,19,0,22,0,0,2,4,6,0,3,21,4,28,0,0,0,28
11/11/2020,GYY,IN,AGL,CE,Federal Contract Tower,4,6,17,0,27,0,0,18,0,18,4,6,35,0,45,24,0,24,69
11/12/2020,GYY,IN,AGL,CE,Federal Contract Tower,3,5,16,0,24,0,0,17,1,18,3,5,33,1,42,32,0,32,74
11/13/2020,GYY,IN,AGL,CE,Federal Contract Tower,2,6,18,0,26,0,0,21,3,24,2,6,39,3,50,24,0,24,74
11/14/2020,GYY,IN,AGL,CE,Federal Contract Tower,0,2,10,0,12,0,0,3,0,3,0,2,13,0,15,0,0,0,15
11/15/2020,GYY,IN,AGL,CE,Federal Contract Tower,0,7,13,0,20,0,0,1,0,1,0,7,14,0,21,0,0,0,21
11/16/2020,GYY,IN,AGL,CE,Federal Contract Tower,4,11,9,0,24,0,0,7,0,7,4,11,16,0,31,4,0,4,35
11/17/2020,GYY,IN,AGL,CE,Federal Contract Tower,4,2,7,0,13,0,0,9,2,11,4,2,16,2,24,56,0,56,80
11/18/2020,GYY,IN,AGL,CE,Federal Contract Tower,4,4,12,0,20,0,0,5,5,10,4,4,17,5,30,8,10,18,48
11/19/2020,GYY,IN,AGL,CE,Federal Contract Tower,5,4,13,0,22,0,0,0,0,0,5,4,13,0,22,0,0,0,22
11/20/2020,GYY,IN,AGL,CE,Federal Contract Tower,2,9,13,0,24,0,1,20,0,21,2,10,33,0,45,28,0,28,73
11/21/2020,GYY,IN,AGL,CE,Federal Contract Tower,0,2,18,0,20,0,1,19,0,20,0,3,37,0,40,14,0,14,54
11/22/2020,GYY,IN,AGL,CE,Federal Contract Tower,0,9,12,2,23,0,0,0,0,0,0,9,12,2,23,12,0,12,35
11/23/2020,GYY,IN,AGL,CE,Federal Contract Tower,5,5,16,0,26,0,0,18,0,18,5,5,34,0,44,14,0,14,58
11/24/2020,GYY,IN,AGL,CE,Federal Contract Tower,3,1,11,0,15,0,0,0,0,0,3,1,11,0,15,0,0,0,15
11/25/2020,GYY,IN,AGL,CE,Federal Contract Tower,1,5,15,0,21,0,0,0,0,0,1,5,15,0,21,0,0,0,21
11/26/2020,GYY,IN,AGL,CE,Federal Contract Tower,0,0,4,0,4,0,0,0,0,0,0,0,4,0,4,0,0,0,4
11/27/2020,GYY,IN,AGL,CE,Federal Contract Tower,0,4,3,0,7,0,0,9,0,9,0,4,12,0,16,0,0,0,16
11/29/2020,GYY,IN,AGL,CE,Federal Contract Tower,0,9,20,0,29,0,0,18,0,18,0,9,38,0,47,0,0,0,47
11/30/2020,GYY,IN,AGL,CE,Federal Contract Tower,7,4,15,0,26,0,0,0,0,0,7,4,15,0,26,0,0,0,26
12/01/2020,GYY,IN,AGL,CE,Federal Contract Tower,3,5,20,0,28,0,0,18,0,18,3,5,38,0,46,28,0,28,74
12/02/2020,GYY,IN,AGL,CE,Federal Contract Tower,4,6,10,0,20,0,0,16,0,16,4,6,26,0,36,40,0,40,76
12/03/2020,GYY,IN,AGL,CE,Federal Contract Tower,7,3,11,0,21,0,0,12,3,15,7,3,23,3,36,82,0,82,118
12/04/2020,GYY,IN,AGL,CE,Federal Contract Tower,2,1,7,0,10,0,0,18,0,18,2,1,25,0,28,42,0,42,70
12/05/2020,GYY,IN,AGL,CE,Federal Contract Tower,1,2,13,0,16,0,0,10,0,10,1,2,23,0,26,4,0,4,30
12/06/2020,GYY,IN,AGL,CE,Federal Contract Tower,0,7,17,0,24,0,0,5,0,5,0,7,22,0,29,20,0,20,49
12/07/2020,GYY,IN,AGL,CE,Federal Contract Tower,4,10,11,0,25,0,0,11,0,11,4,10,22,0,36,2,0,2,38
12/08/2020,GYY,IN,AGL,CE,Federal Contract Tower,4,6,12,0,22,0,0,2,0,2,4,6,14,0,24,8,0,8,32
12/09/2020,GYY,IN,AGL,CE,Federal Contract Tower,4,8,22,2,36,0,12,5,0,17,4,20,27,2,53,18,10,28,81
12/10/2020,GYY,IN,AGL,CE,Federal Contract Tower,4,12,20,2,38,0,0,30,6,36,4,12,50,8,74,54,0,54,128
12/11/2020,GYY,IN,AGL,CE,Federal Contract Tower,2,3,14,0,19,0,0,0,0,0,2,3,14,0,19,0,0,0,19
12/12/2020,GYY,IN,AGL,CE,Federal Contract Tower,0,1,10,0,11,0,0,0,0,0,0,1,10,0,11,0,0,0,11
12/13/2020,GYY,IN,AGL,CE,Federal Contract Tower,0,8,15,0,23,0,0,10,0,10,0,8,25,0,33,6,0,6,39
12/14/2020,GYY,IN,AGL,CE,Federal Contract Tower,4,5,17,0,26,0,0,7,0,7,4,5,24,0,33,14,0,14,47
12/15/2020,GYY,IN,AGL,CE,Federal Contract Tower,5,10,15,0,30,0,4,20,3,27,5,14,35,3,57,26,0,26,83
12/16/2020,GYY,IN,AGL,CE,Federal Contract Tower,5,8,9,0,22,0,0,1,0,1,5,8,10,0,23,0,0,0,23
12/17/2020,GYY,IN,AGL,CE,Federal Contract Tower,3,7,15,0,25,0,0,4,2,6,3,7,19,2,31,0,10,10,41
12/18/2020,GYY,IN,AGL,CE,Federal Contract Tower,6,5,29,1,41,0,0,19,4,23,6,5,48,5,64,20,0,20,84
12/20/2020,GYY,IN,AGL,CE,Federal Contract Tower,0,7,16,0,23,0,0,9,0,9,0,7,25,0,32,10,0,10,42
12/21/2020,GYY,IN,AGL,CE,Federal Contract Tower,4,7,18,0,29,0,0,9,0,9,4,7,27,0,38,0,0,0,38
12/22/2020,GYY,IN,AGL,CE,Federal Contract Tower,4,9,22,0,35,0,2,18,0,20,4,11,40,0,55,22,0,22,77
12/23/2020,GYY,IN,AGL,CE,Federal Contract Tower,6,6,14,0,26,0,0,8,0,8,6,6,22,0,34,0,0,0,34
12/24/2020,GYY,IN,AGL,CE,Federal Contract Tower,0,0,7,0,7,0,0,2,0,2,0,0,9,0,9,10,0,10,19
12/25/2020,GYY,IN,AGL,CE,Federal Contract Tower,0,0,6,0,6,0,0,4,0,4,0,0,10,0,10,2,0,2,12
12/26/2020,GYY,IN,AGL,CE,Federal Contract Tower,0,8,22,0,30,0,0,13,0,13,0,8,35,0,43,0,0,0,43
12/27/2020,GYY,IN,AGL,CE,Federal Contract Tower,0,3,20,0,23,0,0,4,0,4,0,3,24,0,27,0,0,0,27
12/28/2020,GYY,IN,AGL,CE,Federal Contract Tower,6,7,15,0,28,0,0,15,0,15,6,7,30,0,43,54,0,54,97
12/29/2020,GYY,IN,AGL,CE,Federal Contract Tower,5,4,9,0,18,0,0,14,0,14,5,4,23,0,32,4,0,4,36
12/30/2020,GYY,IN,AGL,CE,Federal Contract Tower,6,2,17,0,25,0,0,2,0,2,6,2,19,0,27,0,0,0,27
12/31/2020,GYY,IN,AGL,CE,Federal Contract Tower,0,1,6,0,7,0,0,13,0,13,0,1,19,0,20,12,0,12,32
01/01/2021,GYY,IN,AGL,CE,Federal Contract Tower,0,1,6,0,7,0,0,0,0,0,0,1,6,0,7,0,0,0,7
01/02/2021,GYY,IN,AGL,CE,Federal Contract Tower,0,3,16,0,19,0,0,0,0,0,0,3,16,0,19,0,0,0,19
01/03/2021,GYY,IN,AGL,CE,Federal Contract Tower,1,2,22,0,25,0,0,0,0,0,1,2,22,0,25,0,0,0,25
01/04/2021,GYY,IN,AGL,CE,Federal Contract Tower,5,6,23,0,34,0,0,0,0,0,5,6,23,0,34,0,0,0,34
01/05/2021,GYY,IN,AGL,CE,Federal Contract Tower,3,1,12,0,16,0,0,1,0,1,3,1,13,0,17,0,0,0,17
01/06/2021,GYY,IN,AGL,CE,Federal Contract Tower,3,6,22,2,33,0,0,3,0,3,3,6,25,2,36,8,8,16,52
01/07/2021,GYY,IN,AGL,CE,Federal Contract Tower,3,3,7,1,14,0,2,15,12,29,3,5,22,13,43,12,16,28,71
01/08/2021,GYY,IN,AGL,CE,Federal Contract Tower,3,6,8,0,17,0,0,24,0,24,3,6,32,0,41,26,0,26,67
01/09/2021,GYY,IN,AGL,CE,Federal Contract Tower,0,1,15,0,16,0,0,25,0,25,0,1,40,0,41,30,0,30,71
01/10/2021,GYY,IN,AGL,CE,Federal Contract Tower,0,2,13,0,15,0,0,1,0,1,0,2,14,0,16,0,0,0,16
01/11/2021,GYY,IN,AGL,CE,Federal Contract Tower,0,4,6,0,10,0,0,0,0,0,0,4,6,0,10,0,0,0,10
01/12/2021,GYY,IN,AGL,CE,Federal Contract Tower,4,4,7,1,16,0,0,15,1,16,4,4,22,2,32,2,2,4,36
01/13/2021,GYY,IN,AGL,CE,Federal Contract Tower,4,0,12,0,16,0,0,23,0,23,4,0,35,0,39,8,0,8,47
01/14/2021,GYY,IN,AGL,CE,Federal Contract Tower,5,3,14,0,22,0,0,11,11,22,5,3,25,11,44,28,18,46,90
01/15/2021,GYY,IN,AGL,CE,Federal Contract Tower,3,2,16,0,21,0,0,5,0,5,3,2,21,0,26,12,0,12,38
01/16/2021,GYY,IN,AGL,CE,Federal Contract Tower,0,1,4,0,5,0,0,0,0,0,0,1,4,0,5,0,0,0,5
01/17/2021,GYY,IN,AGL,CE,Federal Contract Tower,0,1,7,0,8,0,0,0,0,0,0,1,7,0,8,0,0,0,8
01/18/2021,GYY,IN,AGL,CE,Federal Contract Tower,1,9,23,0,33,0,0,18,0,18,1,9,41,0,51,10,0,10,61
01/19/2021,GYY,IN,AGL,CE,Federal Contract Tower,5,14,18,0,37,0,0,9,0,9,5,14,27,0,46,0,0,0,46
01/20/2021,GYY,IN,AGL,CE,Federal Contract Tower,5,7,9,1,22,0,0,19,5,24,5,7,28,6,46,10,0,10,56
01/21/2021,GYY,IN,AGL,CE,Federal Contract Tower,4,2,17,2,25,0,1,15,8,24,4,3,32,10,49,38,20,58,107
01/22/2021,GYY,IN,AGL,CE,Federal Contract Tower,1,2,14,0,17,0,0,14,1,15,1,2,28,1,32,54,12,66,98
01/23/2021,GYY,IN,AGL,CE,Federal Contract Tower,0,3,7,0,10,0,0,21,2,23,0,3,28,2,33,36,0,36,69
01/24/2021,GYY,IN,AGL,CE,Federal Contract Tower,1,0,8,2,11,0,0,0,0,0,1,0,8,2,11,0,0,0,11
01/25/2021,GYY,IN,AGL,CE,Federal Contract Tower,0,4,9,0,13,0,0,0,0,0,0,4,9,0,13,0,0,0,13
01/26/2021,GYY,IN,AGL,CE,Federal Contract Tower,4,6,13,0,23,0,0,0,0,0,4,6,13,0,23,0,8,8,31
01/27/2021,GYY,IN,AGL,CE,Federal Contract Tower,5,1,17,0,23,0,0,2,4,6,5,1,19,4,29,8,12,20,49
01/28/2021,GYY,IN,AGL,CE,Federal Contract Tower,4,7,11,0,22,0,0,24,10,34,4,7,35,10,56,16,6,22,78
01/29/2021,GYY,IN,AGL,CE,Federal Contract Tower,4,8,19,2,33,0,0,25,0,25,4,8,44,2,58,44,0,44,102
01/30/2021,GYY,IN,AGL,CE,Federal Contract Tower,0,0,11,0,11,0,0,12,0,12,0,0,23,0,23,8,0,8,31
01/31/2021,GYY,IN,AGL,CE,Federal Contract Tower,0,5,6,0,11,0,0,0,0,0,0,5,6,0,11,0,0,0,11
02/01/2021,GYY,IN,AGL,CE,Federal Contract Tower,3,3,7,0,13,0,0,3,2,5,3,3,10,2,18,0,0,0,18
02/02/2021,GYY,IN,AGL,CE,Federal Contract Tower,4,4,12,0,20,0,0,8,5,13,4,4,20,5,33,12,6,18,51
02/03/2021,GYY,IN,AGL,CE,Federal Contract Tower,4,6,17,1,28,0,0,6,5,11,4,6,23,6,39,52,8,60,99
02/04/2021,GYY,IN,AGL,CE,Federal Contract Tower,1,7,8,0,16,0,3,8,0,11,1,10,16,0,27,4,0,4,31
02/05/2021,GYY,IN,AGL,CE,Federal Contract Tower,3,5,11,0,19,0,0,0,6,6,3,5,11,6,25,0,18,18,43
02/06/2021,GYY,IN,AGL,CE,Federal Contract Tower,0,1,6,0,7,0,0,5,0,5,0,1,11,0,12,6,0,6,18
02/07/2021,GYY,IN,AGL,CE,Federal Contract Tower,0,1,6,0,7,0,0,3,0,3,0,1,9,0,10,0,0,0,10
02/08/2021,GYY,IN,AGL,CE,Federal Contract Tower,2,9,10,0,21,0,0,0,0,0,2,9,10,0,21,0,0,0,21
02/09/2021,GYY,IN,AGL,CE,Federal Contract Tower,4,9,11,4,28,0,0,5,4,9,4,9,16,8,37,48,18,66,103
02/10/2021,GYY,IN,AGL,CE,Federal Contract Tower,4,1,15,0,20,0,0,3,2,5,4,1,18,2,25,0,0,0,25
02/11/2021,GYY,IN,AGL,CE,Federal Contract Tower,2,14,16,4,36,0,0,0,6,6,2,14,16,10,42,4,10,14,56
02/12/2021,GYY,IN,AGL,CE,Federal Contract Tower,5,6,23,4,38,0,0,13,2,15,5,6,36,6,53,46,0,46,99
02/13/2021,GYY,IN,AGL,CE,Federal Contract Tower,0,2,9,0,11,0,0,0,0,0,0,2,9,0,11,0,0,0,11
02/14/2021,GYY,IN,AGL,CE,Federal Contract Tower,1,5,8,0,14,0,0,2,0,2,1,5,10,0,16,0,0,0,16
02/15/2021,GYY,IN,AGL,CE,Federal Contract Tower,0,5,12,0,17,0,0,0,0,0,0,5,12,0,17,0,0,0,17
02/16/2021,GYY,IN,AGL,CE,Federal Contract Tower,2,4,22,0,28,0,0,0,10,10,2,4,22,10,38,0,0,0,38
02/17/2021,GYY,IN,AGL,CE,Federal Contract Tower,0,4,23,0,27,0,0,10,4,14,0,4,33,4,41,10,26,36,77
02/18/2021,GYY,IN,AGL,CE,Federal Contract Tower,1,4,6,2,13,0,0,1,7,8,1,4,7,9,21,0,20,20,41
02/19/2021,GYY,IN,AGL,CE,Federal Contract Tower,1,4,11,3,19,0,0,19,1,20,1,4,30,4,39,10,0,10,49
02/20/2021,GYY,IN,AGL,CE,Federal Contract Tower,0,4,10,0,14,0,0,25,0,25,0,4,35,0,39,16,0,16,55
02/21/2021,GYY,IN,AGL,CE,Federal Contract Tower,0,7,4,0,11,0,0,0,0,0,0,7,4,0,11,0,0,0,11
02/22/2021,GYY,IN,AGL,CE,Federal Contract Tower,0,7,16,0,23,0,4,5,6,15,0,11,21,6,38,26,8,34,72
02/23/2021,GYY,IN,AGL,CE,Federal Contract Tower,4,3,12,0,19,0,0,10,7,17,4,3,22,7,36,0,14,14,50
02/24/2021,GYY,IN,AGL,CE,Federal Contract Tower,4,9,22,0,35,0,0,7,10,17,4,9,29,10,52,2,12,14,66
02/25/2021,GYY,IN,AGL,CE,Federal Contract Tower,3,12,18,0,33,0,0,23,10,33,3,12,41,10,66,32,18,50,116
02/26/2021,GYY,IN,AGL,CE,Federal Contract Tower,5,5,19,1,30,0,0,11,5,16,5,5,30,6,46,14,0,14,60
02/27/2021,GYY,IN,AGL,CE,Federal Contract Tower,0,0,11,1,12,0,0,10,1,11,0,0,21,2,23,2,0,2,25
02/28/2021,GYY,IN,AGL,CE,Federal Contract Tower,0,3,15,0,18,0,0,0,0,0,0,3,15,0,18,0,0,0,18
03/01/2021,GYY,IN,AGL,CE,Federal Contract Tower,0,9,12,0,21,0,0,24,0,24,0,9,36,0,45,28,0,28,73
03/02/2021,GYY,IN,AGL,CE,Federal Contract Tower,5,2,19,0,26,0,1,31,6,38,5,3,50,6,64,30,10,40,104
03/03/2021,GYY,IN,AGL,CE,Federal Contract Tower,5,5,13,1,24,0,2,23,0,25,5,7,36,1,49,28,0,28,77
03/04/2021,GYY,IN,AGL,CE,Federal Contract Tower,3,3,20,3,29,0,0,11,7,18,3,3,31,10,47,14,4,18,65
03/05/2021,GYY,IN,AGL,CE,Federal Contract Tower,6,2,10,1,19,0,0,33,1,34,6,2,43,2,53,72,0,72,125
03/06/2021,GYY,IN,AGL,CE,Federal Contract Tower,2,3,17,0,22,0,0,23,0,23,2,3,40,0,45,28,0,28,73
03/07/2021,GYY,IN,AGL,CE,Federal Contract Tower,2,5,25,0,32,0,0,30,0,30,2,5,55,0,62,40,0,40,102
03/08/2021,GYY,IN,AGL,CE,Federal Contract Tower,5,11,10,0,26,0,0,19,0,19,5,11,29,0,45,38,0,38,83
03/09/2021,GYY,IN,AGL,CE,Federal Contract Tower,4,11,24,2,41,0,0,21,2,23,4,11,45,4,64,28,8,36,100
03/10/2021,GYY,IN,AGL,CE,Federal Contract Tower,4,6,16,1,27,0,0,4,1,5,4,6,20,2,32,0,0,0,32
03/11/2021,GYY,IN,AGL,CE,Federal Contract Tower,5,10,16,0,31,0,0,15,3,18,5,10,31,3,49,32,10,42,91
03/12/2021,GYY,IN,AGL,CE,Federal Contract Tower,3,5,14,2,24,0,0,12,13,25,3,5,26,15,49,38,10,48,97
03/13/2021,GYY,IN,AGL,CE,Federal Contract Tower,0,2,17,0,19,0,0,23,2,25,0,2,40,2,44,30,0,30,74
03/14/2021,GYY,IN,AGL,CE,Federal Contract Tower,1,4,9,0,14,0,0,11,5,16,1,4,20,5,30,4,0,4,34
03/15/2021,GYY,IN,AGL,CE,Federal Contract Tower,0,8,13,0,21,0,0,1,0,1,0,8,14,0,22,0,0,0,22
03/16/2021,GYY,IN,AGL,CE,Federal Contract Tower,4,5,12,2,23,0,0,0,0,0,4,5,12,2,23,3,0,3,26
03/17/2021,GYY,IN,AGL,CE,Federal Contract Tower,4,7,22,2,35,0,0,0,0,0,4,7,22,2,35,0,0,0,35
03/18/2021,GYY,IN,AGL,CE,Federal Contract Tower,4,2,14,0,20,0,0,1,6,7,4,2,15,6,27,0,16,16,43
03/19/2021,GYY,IN,AGL,CE,Federal Contract Tower,4,13,13,2,32,0,0,18,2,20,4,13,31,4,52,32,0,32,84
03/20/2021,GYY,IN,AGL,CE,Federal Contract Tower,0,4,21,0,25,0,0,24,0,24,0,4,45,0,49,6,0,6,55
03/21/2021,GYY,IN,AGL,CE,Federal Contract Tower,0,2,13,0,15,0,0,19,0,19,0,2,32,0,34,6,0,6,40
03/22/2021,GYY,IN,AGL,CE,Federal Contract Tower,1,10,15,0,26,0,7,27,0,34,1,17,42,0,60,48,0,48,108
03/23/2021,GYY,IN,AGL,CE,Federal Contract Tower,5,5,17,0,27,0,0,4,0,4,5,5,21,0,31,0,0,0,31
03/24/2021,GYY,IN,AGL,CE,Federal Contract Tower,4,5,20,1,30,0,0,8,1,9,4,5,28,2,39,4,0,4,43
03/25/2021,GYY,IN,AGL,CE,Federal Contract Tower,3,15,20,0,38,0,0,5,5,10,3,15,25,5,48,4,6,10,58
03/26/2021,GYY,IN,AGL,CE,Federal Contract Tower,3,13,20,0,36,0,0,1,0,1,3,13,21,0,37,0,0,0,37
03/27/2021,GYY,IN,AGL,CE,Federal Contract Tower,0,6,18,0,24,0,0,7,0,7,0,6,25,0,31,8,0,8,39
03/28/2021,GYY,IN,AGL,CE,Federal Contract Tower,0,5,20,0,25,0,0,7,0,7,0,5,27,0,32,10,0,10,42
03/29/2021,GYY,IN,AGL,CE,Federal Contract Tower,2,7,14,0,23,0,0,13,2,15,2,7,27,2,38,4,0,4,42
03/30/2021,GYY,IN,AGL,CE,Federal Contract Tower,4,4,18,0,26,0,0,5,2,7,4,4,23,2,33,0,0,0,33
03/31/2021,GYY,IN,AGL,CE,Federal Contract Tower,4,7,14,0,25,0,0,11,4,15,4,7,25,4,40,0,0,0,40
04/01/2021,GYY,IN,AGL,CE,Federal Contract Tower,3,12,30,0,45,0,0,8,7,15,3,12,38,7,60,6,0,6,66
04/02/2021,GYY,IN,AGL,CE,Federal Contract Tower,4,2,16,0,22,0,11,23,2,36,4,13,39,2,58,34,4,38,96
04/03/2021,GYY,IN,AGL,CE,Federal Contract Tower,0,3,25,0,28,0,0,17,0,17,0,3,42,0,45,6,0,6,51
04/04/2021,GYY,IN,AGL,CE,Federal Contract Tower,0,8,21,0,29,0,0,17,0,17,0,8,38,0,46,6,0,6,52
04/05/2021,GYY,IN,AGL,CE,Federal Contract Tower,3,4,23,0,30,0,0,19,0,19,3,4,42,0,49,10,0,10,59
04/06/2021,GYY,IN,AGL,CE,Federal Contract Tower,6,7,15,9,37,0,0,22,4,26,6,7,37,13,63,18,26,44,107
04/07/2021,GYY,IN,AGL,CE,Federal Contract Tower,2,7,12,2,23,0,0,37,1,38,2,7,49,3,61,12,0,12,73
04/08/2021,GYY,IN,AGL,CE,Federal Contract Tower,2,8,15,3,28,0,0,4,6,10,2,8,19,9,38,2,2,4,42
04/09/2021,GYY,IN,AGL,CE,Federal Contract Tower,4,2,19,3,28,0,0,9,0,9,4,2,28,3,37,26,0,26,63
04/10/2021,GYY,IN,AGL,CE,Federal Contract Tower,0,4,10,0,14,0,1,1,0,2,0,5,11,0,16,2,0,2,18
04/11/2021,GYY,IN,AGL,CE,Federal Contract Tower,2,3,21,4,30,0,0,8,0,8,2,3,29,4,38,0,0,0,38
04/12/2021,GYY,IN,AGL,CE,Federal Contract Tower,3,9,20,0,32,0,0,15,0,15,3,9,35,0,47,12,0,12,59
04/13/2021,GYY,IN,AGL,CE,Federal Contract Tower,1,6,13,0,20,0,0,23,2,25,1,6,36,2,45,6,0,6,51
04/14/2021,GYY,IN,AGL,CE,Federal Contract Tower,3,8,23,0,34,0,0,18,5,23,3,8,41,5,57,36,12,48,105
04/15/2021,GYY,IN,AGL,CE,Federal Contract Tower,6,5,20,0,31,0,0,10,5,15,6,5,30,5,46,44,0,44,90
04/16/2021,GYY,IN,AGL,CE,Federal Contract Tower,3,4,19,0,26,0,0,15,2,17,3,4,34,2,43,6,0,6,49
04/17/2021,GYY,IN,AGL,CE,Federal Contract Tower,2,0,15,0,17,0,0,6,0,6,2,0,21,0,23,4,0,4,27
04/18/2021,GYY,IN,AGL,CE,Federal Contract Tower,3,3,13,0,19,0,0,19,0,19,3,3,32,0,38,14,0,14,52
04/19/2021,GYY,IN,AGL,CE,Federal Contract Tower,3,1,12,0,16,0,0,5,0,5,3,1,17,0,21,12,0,12,33
04/20/2021,GYY,IN,AGL,CE,Federal Contract Tower,0,7,13,0,20,0,0,3,0,3,0,7,16,0,23,0,0,0,23
04/21/2021,GYY,IN,AGL,CE,Federal Contract Tower,1,5,15,0,21,0,0,6,2,8,1,5,21,2,29,16,0,16,45
04/22/2021,GYY,IN,AGL,CE,Federal Contract Tower,4,4,20,0,28,0,2,22,9,33,4,6,42,9,61,32,0,32,93
04/23/2021,GYY,IN,AGL,CE,Federal Contract Tower,3,4,20,20,47,0,0,15,3,18,3,4,35,23,65,12,0,12,77
04/24/2021,GYY,IN,AGL,CE,Federal Contract Tower,0,2,14,1,17,0,0,3,2,5,0,2,17,3,22,2,0,2,24
04/25/2021,GYY,IN,AGL,CE,Federal Contract Tower,0,3,16,2,21,0,0,19,0,19,0,3,35,2,40,12,0,12,52
04/26/2021,GYY,IN,AGL,CE,Federal Contract Tower,3,1,11,0,15,0,0,4,0,4,3,1,15,0,19,0,0,0,19
04/27/2021,GYY,IN,AGL,CE,Federal Contract Tower,4,4,16,1,25,0,2,13,7,22,4,6,29,8,47,10,24,34,81
04/28/2021,GYY,IN,AGL,CE,Federal Contract Tower,5,9,31,2,47,0,0,0,0,0,5,9,31,2,47,0,0,0,47
04/29/2021,GYY,IN,AGL,CE,Federal Contract Tower,4,5,18,0,27,0,0,3,6,9,4,5,21,6,36,4,0,4,40
04/30/2021,GYY,IN,AGL,CE,Federal Contract Tower,5,6,26,0,37,0,2,20,4,26,5,8,46,4,63,2,0,2,65
05/01/2021,GYY,IN,AGL,CE,Federal Contract Tower,0,2,14,0,16,0,0,10,2,12,0,2,24,2,28,0,0,0,28
05/02/2021,GYY,IN,AGL,CE,Federal Contract Tower,0,8,12,7,27,0,0,16,0,16,0,8,28,7,43,0,0,0,43
05/03/2021,GYY,IN,AGL,CE,Federal Contract Tower,2,7,12,0,21,0,0,2,3,5,2,7,14,3,26,0,0,0,26
05/04/2021,GYY,IN,AGL,CE,Federal Contract Tower,2,9,11,2,24,0,0,1,0,1,2,9,12,2,25,0,0,0,25
05/05/2021,GYY,IN,AGL,CE,Federal Contract Tower,1,9,26,2,38,0,0,28,0,28,1,9,54,2,66,6,0,6,72
05/06/2021,GYY,IN,AGL,CE,Federal Contract Tower,4,3,17,3,27,0,0,2,10,12,4,3,19,13,39,2,2,4,43
05/07/2021,GYY,IN,AGL,CE,Federal Contract Tower,3,1,23,0,27,0,0,22,6,28,3,1,45,6,55,16,0,16,71
05/08/2021,GYY,IN,AGL,CE,Federal Contract Tower,0,2,20,0,22,0,0,25,0,25,0,2,45,0,47,20,0,20,67
05/09/2021,GYY,IN,AGL,CE,Federal Contract Tower,0,4,13,0,17,0,0,1,0,1,0,4,14,0,18,0,0,0,18
05/10/2021,GYY,IN,AGL,CE,Federal Contract Tower,3,5,22,0,30,0,0,12,0,12,3,5,34,0,42,30,0,30,72
05/11/2021,GYY,IN,AGL,CE,Federal Contract Tower,1,6,26,0,33,0,0,20,2,22,1,6,46,2,55,10,0,10,65
05/12/2021,GYY,IN,AGL,CE,Federal Contract Tower,4,9,21,1,35,0,0,22,3,25,4,9,43,4,60,30,0,30,90
05/13/2021,GYY,IN,AGL,CE,Federal Contract Tower,4,10,26,0,40,0,0,11,8,19,4,10,37,8,59,40,0,40,99
05/14/2021,GYY,IN,AGL,CE,Federal Contract Tower,1,1,22,1,25,0,0,24,3,27,1,1,46,4,52,44,0,44,96
05/15/2021,GYY,IN,AGL,CE,Federal Contract Tower,0,4,14,1,19,0,0,13,5,18,0,4,27,6,37,42,2,44,81
05/16/2021,GYY,IN,AGL,CE,Federal Contract Tower,0,4,23,0,27,0,2,16,2,20,0,6,39,2,47,10,34,44,91
05/17/2021,GYY,IN,AGL,CE,Federal Contract Tower,4,7,25,0,36,0,0,11,0,11,4,7,36,0,47,34,0,34,81
05/18/2021,GYY,IN,AGL,CE,Federal Contract Tower,1,9,17,0,27,0,0,15,5,20,1,9,32,5,47,16,0,16,63
05/19/2021,GYY,IN,AGL,CE,Federal Contract Tower,1,4,27,1,33,0,0,13,4,17,1,4,40,5,50,16,0,16,66
05/20/2021,GYY,IN,AGL,CE,Federal Contract Tower,6,5,18,1,30,0,0,17,5,22,6,5,35,6,52,0,0,0,52
05/21/2021,GYY,IN,AGL,CE,Federal Contract Tower,3,3,20,0,26,0,0,15,2,17,3,3,35,2,43,8,0,8,51
05/22/2021,GYY,IN,AGL,CE,Federal Contract Tower,0,2,11,0,13,0,0,22,0,22,0,2,33,0,35,42,0,42,77
05/23/2021,GYY,IN,AGL,CE,Federal Contract Tower,1,5,19,0,25,0,0,10,0,10,1,5,29,0,35,18,0,18,53
05/24/2021,GYY,IN,AGL,CE,Federal Contract Tower,3,1,19,0,23,0,0,8,0,8,3,1,27,0,31,18,0,18,49
05/25/2021,GYY,IN,AGL,CE,Federal Contract Tower,1,10,13,1,25,0,0,5,3,8,1,10,18,4,33,10,0,10,43
05/26/2021,GYY,IN,AGL,CE,Federal Contract Tower,2,9,21,0,32,0,0,16,4,20,2,9,37,4,52,8,0,8,60
05/27/2021,GYY,IN,AGL,CE,Federal Contract Tower,4,4,31,2,41,0,0,8,2,10,4,4,39,4,51,0,0,0,51
05/28/2021,GYY,IN,AGL,CE,Federal Contract Tower,3,1,15,0,19,0,0,0,0,0,3,1,15,0,19,0,0,0,19
05/29/2021,GYY,IN,AGL,CE,Federal Contract Tower,0,0,17,0,17,0,0,28,0,28,0,0,45,0,45,20,0,20,65
05/30/2021,GYY,IN,AGL,CE,Federal Contract Tower,0,4,19,0,23,0,0,11,0,11,0,4,30,0,34,12,0,12,46
05/31/2021,GYY,IN,AGL,CE,Federal Contract Tower,0,4,24,0,28,0,0,10,0,10,0,4,34,0,38,8,0,8,46
06/01/2021,GYY,IN,AGL,CE,Federal Contract Tower,0,9,18,0,27,0,2,21,0,23,0,11,39,0,50,8,0,8,58
06/02/2021,GYY,IN,AGL,CE,Federal Contract Tower,1,10,23,0,34,0,0,12,1,13,1,10,35,1,47,6,0,6,53
06/03/2021,GYY,IN,AGL,CE,Federal Contract Tower,4,8,15,0,27,0,0,19,3,22,4,8,34,3,49,36,0,36,85
06/04/2021,GYY,IN,AGL,CE,Federal Contract Tower,2,8,18,0,28,0,0,15,0,15,2,8,33,0,43,2,0,2,45
06/05/2021,GYY,IN,AGL,CE,Federal Contract Tower,0,1,17,0,18,0,0,10,0,10,0,1,27,0,28,2,0,2,30
06/06/2021,GYY,IN,AGL,CE,Federal Contract Tower,0,5,15,0,20,0,0,18,0,18,0,5,33,0,38,8,0,8,46
06/07/2021,GYY,IN,AGL,CE,Federal Contract Tower,3,5,25,0,33,0,0,6,0,6,3,5,31,0,39,12,0,12,51
06/08/2021,GYY,IN,AGL,CE,Federal Contract Tower,0,10,12,0,22,0,0,8,2,10,0,10,20,2,32,12,0,12,44
06/09/2021,GYY,IN,AGL,CE,Federal Contract Tower,0,8,21,0,29,0,0,20,2,22,0,8,41,2,51,18,0,18,69
06/10/2021,GYY,IN,AGL,CE,Federal Contract Tower,3,8,24,2,37,0,0,17,5,22,3,8,41,7,59,4,0,4,63
06/11/2021,GYY,IN,AGL,CE,Federal Contract Tower,2,9,30,4,45,0,0,22,7,29,2,9,52,11,74,2,0,2,76
06/12/2021,GYY,IN,AGL,CE,Federal Contract Tower,2,2,4,0,8,0,0,19,4,23,2,2,23,4,31,28,2,30,61
06/13/2021,GYY,IN,AGL,CE,Federal Contract Tower,0,5,16,1,22,0,0,29,2,31,0,5,45,3,53,4,0,4,57
06/14/2021,GYY,IN,AGL,CE,Federal Contract Tower,4,7,17,0,28,0,0,13,0,13,4,7,30,0,41,0,0,0,41
06/15/2021,GYY,IN,AGL,CE,Federal Contract Tower,1,13,20,2,36,0,0,19,3,22,1,13,39,5,58,0,0,0,58
06/16/2021,GYY,IN,AGL,CE,Federal Contract Tower,0,6,13,0,19,0,0,32,0,32,0,6,45,0,51,32,0,32,83
06/17/2021,GYY,IN,AGL,CE,Federal Contract Tower,3,13,20,2,38,0,1,12,2,15,3,14,32,4,53,6,0,6,59
06/18/2021,GYY,IN,AGL,CE,Federal Contract Tower,1,8,17,0,26,0,0,9,0,9,1,8,26,0,35,8,0,8,43
06/19/2021,GYY,IN,AGL,CE,Federal Contract Tower,0,2,12,2,16,0,0,20,0,20,0,2,32,2,36,12,0,12,48
06/20/2021,GYY,IN,AGL,CE,Federal Contract Tower,0,4,19,0,23,0,0,6,0,6,0,4,25,0,29,8,0,8,37
06/21/2021,GYY,IN,AGL,CE,Federal Contract Tower,2,4,31,0,37,0,0,12,0,12,2,4,43,0,49,4,0,4,53
06/22/2021,GYY,IN,AGL,CE,Federal Contract Tower,0,6,14,0,20,0,0,8,0,8,0,6,22,0,28,0,0,0,28
06/23/2021,GYY,IN,AGL,CE,Federal Contract Tower,0,18,33,0,51,0,0,11,0,11,0,18,44,0,62,20,0,20,82
06/24/2021,GYY,IN,AGL,CE,Federal Contract Tower,4,9,20,0,33,0,0,6,5,11,4,9,26,5,44,0,10,10,54
06/25/2021,GYY,IN,AGL,CE,Federal Contract Tower,2,6,14,0,22,0,0,2,0,2,2,6,16,0,24,6,0,6,30
06/26/2021,GYY,IN,AGL,CE,Federal Contract Tower,2,6,11,0,19,0,0,0,0,0,2,6,11,0,19,0,0,0,19
06/27/2021,GYY,IN,AGL,CE,Federal Contract Tower,1,5,27,0,33,0,0,6,0,6,1,5,33,0,39,24,0,24,63
06/28/2021,GYY,IN,AGL,CE,Federal Contract Tower,3,5,22,0,30,0,0,4,0,4,3,5,26,0,34,0,0,0,34
06/29/2021,GYY,IN,AGL,CE,Federal Contract Tower,2,9,19,0,30,0,0,6,0,6,2,9,25,0,36,4,0,4,40
06/30/2021,GYY,IN,AGL,CE,Federal Contract Tower,0,12,17,0,29,0,0,8,2,10,0,12,25,2,39,0,14,14,53
07/01/2021,GYY,IN,AGL,CE,Federal Contract Tower,3,5,20,1,29,0,0,30,9,39,3,5,50,10,68,28,12,40,108
07/02/2021,GYY,IN,AGL,CE,Federal Contract Tower,3,6,30,0,39,0,0,31,0,31,3,6,61,0,70,22,0,22,92
07/03/2021,GYY,IN,AGL,CE,Federal Contract Tower,0,3,8,2,13,0,0,23,2,25,0,3,31,4,38,0,0,0,38
07/04/2021,GYY,IN,AGL,CE,Federal Contract Tower,0,3,4,0,7,0,0,12,2,14,0,3,16,2,21,2,4,6,27
07/05/2021,GYY,IN,AGL,CE,Federal Contract Tower,0,7,25,0,32,0,0,13,0,13,0,7,38,0,45,12,0,12,57
07/06/2021,GYY,IN,AGL,CE,Federal Contract Tower,3,3,12,0,18,0,2,7,0,9,3,5,19,0,27,0,0,0,27
07/07/2021,GYY,IN,AGL,CE,Federal Contract Tower,1,6,21,0,28,0,0,4,0,4,1,6,25,0,32,6,0,6,38
07/08/2021,GYY,IN,AGL,CE,Federal Contract Tower,3,5,20,0,28,0,0,2,3,5,3,5,22,3,33,0,12,12,45
07/09/2021,GYY,IN,AGL,CE,Federal Contract Tower,2,5,28,0,35,0,0,30,3,33,2,5,58,3,68,46,16,62,130
07/10/2021,GYY,IN,AGL,CE,Federal Contract Tower,0,3,22,0,25,0,0,8,0,8,0,3,30,0,33,6,0,6,39
07/11/2021,GYY,IN,AGL,CE,Federal Contract Tower,1,9,22,2,34,0,0,0,0,0,1,9,22,2,34,0,0,0,34
07/12/2021,GYY,IN,AGL,CE,Federal Contract Tower,3,4,28,0,35,0,0,0,0,0,3,4,28,0,35,0,0,0,35
07/13/2021,GYY,IN,AGL,CE,Federal Contract Tower,3,6,23,0,32,0,2,1,0,3,3,8,24,0,35,0,0,0,35
07/14/2021,GYY,IN,AGL,CE,Federal Contract Tower,4,10,15,2,31,0,0,17,0,17,4,10,32,2,48,8,0,8,56
07/15/2021,GYY,IN,AGL,CE,Federal Contract Tower,0,4,29,0,33,0,0,17,9,26,0,4,46,9,59,4,0,4,63
07/16/2021,GYY,IN,AGL,CE,Federal Contract Tower,2,6,22,0,30,0,0,0,0,0,2,6,22,0,30,0,0,0,30
07/17/2021,GYY,IN,AGL,CE,Federal Contract Tower,0,1,22,1,24,0,0,6,1,7,0,1,28,2,31,4,0,4,35
07/18/2021,GYY,IN,AGL,CE,Federal Contract Tower,0,2,27,0,29,0,0,31,1,32,0,2,58,1,61,30,0,30,91
07/19/2021,GYY,IN,AGL,CE,Federal Contract Tower,4,2,26,1,33,0,0,32,0,32,4,2,58,1,65,12,0,12,77
07/20/2021,GYY,IN,AGL,CE,Federal Contract Tower,3,5,20,4,32,0,0,15,4,19,3,5,35,8,51,16,0,16,67
07/21/2021,GYY,IN,AGL,CE,Federal Contract Tower,5,4,34,0,43,0,1,21,6,28,5,5,55,6,71,30,0,30,101
07/22/2021,GYY,IN,AGL,CE,Federal Contract Tower,0,8,25,1,34,0,0,17,17,34,0,8,42,18,68,0,8,8,76
07/23/2021,GYY,IN,AGL,CE,Federal Contract Tower,2,9,29,4,44,0,0,25,1,26,2,9,54,5,70,6,0,6,76
07/24/2021,GYY,IN,AGL,CE,Federal Contract Tower,0,2,21,0,23,0,0,21,0,21,0,2,42,0,44,16,0,16,60
07/25/2021,GYY,IN,AGL,CE,Federal Contract Tower,0,4,28,0,32,0,0,24,0,24,0,4,52,0,56,2,0,2,58
07/26/2021,GYY,IN,AGL,CE,Federal Contract Tower,3,6,14,0,23,0,0,15,0,15,3,6,29,0,38,32,0,32,70
07/27/2021,GYY,IN,AGL,CE,Federal Contract Tower,2,7,19,4,32,0,2,13,0,15,2,9,32,4,47,20,0,20,67
07/28/2021,GYY,IN,AGL,CE,Federal Contract Tower,5,11,27,2,45,0,0,28,0,28,5,11,55,2,73,30,0,30,103
07/29/2021,GYY,IN,AGL,CE,Federal Contract Tower,5,8,17,2,32,2,0,18,5,25,7,8,35,7,57,12,10,22,79
07/30/2021,GYY,IN,AGL,CE,Federal Contract Tower,4,7,19,1,31,0,2,29,1,32,4,9,48,2,63,2,0,2,65
07/31/2021,GYY,IN,AGL,CE,Federal Contract Tower,0,1,21,0,22,0,0,29,11,40,0,1,50,11,62,0,0,0,62
08/01/2021,GYY,IN,AGL,CE,Federal Contract Tower,4,3,24,0,31,0,0,24,0,24,4,3,48,0,55,24,0,24,79
08/02/2021,GYY,IN,AGL,CE,Federal Contract Tower,7,7,17,0,31,0,0,10,4,14,7,7,27,4,45,16,0,16,61
08/03/2021,GYY,IN,AGL,CE,Federal Contract Tower,2,8,16,0,26,0,1,12,1,14,2,9,28,1,40,0,0,0,40
08/04/2021,GYY,IN,AGL,CE,Federal Contract Tower,3,8,21,0,32,0,0,21,1,22,3,8,42,1,54,24,0,24,78
08/05/2021,GYY,IN,AGL,CE,Federal Contract Tower,3,2,25,2,32,0,0,23,0,23,3,2,48,2,55,28,0,28,83
08/06/2021,GYY,IN,AGL,CE,Federal Contract Tower,4,3,18,5,30,0,1,13,4,18,4,4,31,9,48,22,4,26,74
08/07/2021,GYY,IN,AGL,CE,Federal Contract Tower,0,4,14,0,18,0,3,15,0,18,0,7,29,0,36,42,0,42,78
08/08/2021,GYY,IN,AGL,CE,Federal Contract Tower,1,8,21,4,34,0,1,14,3,18,1,9,35,7,52,12,0,12,64
08/09/2021,GYY,IN,AGL,CE,Federal Contract Tower,9,4,18,2,33,0,0,6,4,10,9,4,24,6,43,18,12,30,73
08/10/2021,GYY,IN,AGL,CE,Federal Contract Tower,4,5,18,0,27,0,0,3,6,9,4,5,21,6,36,0,0,0,36
08/11/2021,GYY,IN,AGL,CE,Federal Contract Tower,5,4,23,2,34,0,0,4,2,6,5,4,27,4,40,0,0,0,40
08/12/2021,GYY,IN,AGL,CE,Federal Contract Tower,0,12,18,0,30,0,0,7,12,19,0,12,25,12,49,10,0,10,59
08/13/2021,GYY,IN,AGL,CE,Federal Contract Tower,2,5,20,2,29,0,0,25,3,28,2,5,45,5,57,12,0,12,69
08/14/2021,GYY,IN,AGL,CE,Federal Contract Tower,0,4,14,0,18,0,0,18,0,18,0,4,32,0,36,18,0,18,54
08/15/2021,GYY,IN,AGL,CE,Federal Contract Tower,2,3,18,0,23,0,0,15,0,15,2,3,33,0,38,0,0,0,38
08/16/2021,GYY,IN,AGL,CE,Federal Contract Tower,3,6,29,4,42,0,0,6,0,6,3,6,35,4,48,0,0,0,48
08/17/2021,GYY,IN,AGL,CE,Federal Contract Tower,3,8,21,3,35,0,0,17,3,20,3,8,38,6,55,8,8,16,71
08/18/2021,GYY,IN,AGL,CE,Federal Contract Tower,5,6,20,4,35,0,0,14,0,14,5,6,34,4,49,42,0,42,91
08/19/2021,GYY,IN,AGL,CE,Federal Contract Tower,0,15,26,8,49,0,0,16,0,16,0,15,42,8,65,4,0,4,69
08/20/2021,GYY,IN,AGL,CE,Federal Contract Tower,2,4,25,2,33,0,0,29,25,54,2,4,54,27,87,50,26,76,163
08/21/2021,GYY,IN,AGL,CE,Federal Contract Tower,0,4,22,2,28,0,0,16,18,34,0,4,38,20,62,4,16,20,82
08/22/2021,GYY,IN,AGL,CE,Federal Contract Tower,1,3,16,5,25,0,0,15,7,22,1,3,31,12,47,8,0,8,55
08/23/2021,GYY,IN,AGL,CE,Federal Contract Tower,1,5,19,0,25,0,0,10,0,10,1,5,29,0,35,0,0,0,35
08/24/2021,GYY,IN,AGL,CE,Federal Contract Tower,4,7,14,0,25,0,0,6,1,7,4,7,20,1,32,6,0,6,38
08/25/2021,GYY,IN,AGL,CE,Federal Contract Tower,1,11,27,1,40,0,12,0,0,12,1,23,27,1,52,2,0,2,54
08/28/2021,GYY,IN,AGL,CE,Federal Contract Tower,0,5,20,0,25,0,0,20,2,22,0,5,40,2,47,0,0,0,47
08/29/2021,GYY,IN,AGL,CE,Federal Contract Tower,0,7,25,0,32,0,1,13,0,14,0,8,38,0,46,8,0,8,54
08/30/2021,GYY,IN,AGL,CE,Federal Contract Tower,3,8,26,2,39,0,0,21,0,21,3,8,47,2,60,44,0,44,104
08/31/2021,GYY,IN,AGL,CE,Federal Contract Tower,2,5,20,0,27,0,0,7,2,9,2,5,27,2,36,52,0,52,88
09/01/2021,GYY,IN,AGL,CE,Federal Contract Tower,4,6,16,0,26,0,0,23,1,24,4,6,39,1,50,16,8,24,74
09/03/2021,GYY,IN,AGL,CE,Federal Contract Tower,2,5,30,0,37,0,0,20,0,20,2,5,50,0,57,6,0,6,63
09/05/2021,GYY,IN,AGL,CE,Federal Contract Tower,0,4,17,0,21,0,0,18,0,18,0,4,35,0,39,34,0,34,73
09/06/2021,GYY,IN,AGL,CE,Federal Contract Tower,0,7,27,0,34,0,0,32,0,32,0,7,59,0,66,8,0,8,74
09/07/2021,GYY,IN,AGL,CE,Federal Contract Tower,2,8,20,0,30,0,0,4,0,4,2,8,24,0,34,0,0,0,34
09/08/2021,GYY,IN,AGL,CE,Federal Contract Tower,3,7,15,1,26,0,0,12,3,15,3,7,27,4,41,8,6,14,55
09/09/2021,GYY,IN,AGL,CE,Federal Contract Tower,1,15,13,0,29,0,0,35,2,37,1,15,48,2,66,42,0,42,108
09/10/2021,GYY,IN,AGL,CE,Federal Contract Tower,1,8,14,0,23,0,0,25,3,28,1,8,39,3,51,23,0,23,74
09/11/2021,GYY,IN,AGL,CE,Federal Contract Tower,2,3,22,0,27,0,0,21,10,31,2,3,43,10,58,10,0,10,68
09/12/2021,GYY,IN,AGL,CE,Federal Contract Tower,1,4,33,0,38,0,0,25,0,25,1,4,58,0,63,10,0,10,73
09/13/2021,GYY,IN,AGL,CE,Federal Contract Tower,2,5,26,2,35,0,0,17,0,17,2,5,43,2,52,18,0,18,70
09/14/2021,GYY,IN,AGL,CE,Federal Contract Tower,1,3,23,0,27,0,0,7,0,7,1,3,30,0,34,2,8,10,44
09/15/2021,GYY,IN,AGL,CE,Federal Contract Tower,4,18,26,0,48,0,1,9,2,12,4,19,35,2,60,12,0,12,72
09/16/2021,GYY,IN,AGL,CE,Federal Contract Tower,0,16,31,0,47,0,1,15,0,16,0,17,46,0,63,22,0,22,85
09/17/2021,GYY,IN,AGL,CE,Federal Contract Tower,2,3,14,8,27,0,0,10,5,15,2,3,24,13,42,8,8,16,58
09/18/2021,GYY,IN,AGL,CE,Federal Contract Tower,1,2,17,0,20,0,0,23,0,23,1,2,40,0,43,32,0,32,75
09/19/2021,GYY,IN,AGL,CE,Federal Contract Tower,0,7,27,4,38,0,1,12,5,18,0,8,39,9,56,12,0,12,68
09/20/2021,GYY,IN,AGL,CE,Federal Contract Tower,0,10,17,1,28,0,0,0,0,0,0,10,17,1,28,0,0,0,28
09/21/2021,GYY,IN,AGL,CE,Federal Contract Tower,3,9,20,0,32,0,0,2,5,7,3,9,22,5,39,0,8,8,47
09/22/2021,GYY,IN,AGL,CE,Federal Contract Tower,3,4,19,0,26,0,0,1,3,4,3,4,20,3,30,0,10,10,40
09/23/2021,GYY,IN,AGL,CE,Federal Contract Tower,3,5,34,0,42,0,0,19,6,25,3,5,53,6,67,62,0,62,129
09/24/2021,GYY,IN,AGL,CE,Federal Contract Tower,2,5,36,0,43,0,0,18,4,22,2,5,54,4,65,4,0,4,69
09/25/2021,GYY,IN,AGL,CE,Federal Contract Tower,0,3,12,0,15,0,0,31,0,31,0,3,43,0,46,34,0,34,80
09/26/2021,GYY,IN,AGL,CE,Federal Contract Tower,0,3,27,0,30,0,0,16,0,16,0,3,43,0,46,2,0,2,48
09/27/2021,GYY,IN,AGL,CE,Federal Contract Tower,1,13,33,0,47,0,0,6,0,6,1,13,39,0,53,4,0,4,57
09/28/2021,GYY,IN,AGL,CE,Federal Contract Tower,4,9,20,0,33,0,0,26,3,29,4,9,46,3,62,30,0,30,92
09/29/2021,GYY,IN,AGL,CE,Federal Contract Tower,3,11,21,2,37,0,2,24,1,27,3,13,45,3,64,40,0,40,104
09/30/2021,GYY,IN,AGL,CE,Federal Contract Tower,2,15,18,3,38,0,2,27,7,36,2,17,45,10,74,38,0,38,112
10/01/2021,GYY,IN,AGL,CE,Federal Contract Tower,3,14,24,0,41,0,0,20,2,22,3,14,44,2,63,4,0,4,67
10/02/2021,GYY,IN,AGL,CE,Federal Contract Tower,0,4,14,0,18,0,0,9,4,13,0,4,23,4,31,4,0,4,35
10/03/2021,GYY,IN,AGL,CE,Federal Contract Tower,0,2,16,0,18,0,0,1,0,1,0,2,17,0,19,0,0,0,19
10/04/2021,GYY,IN,AGL,CE,Federal Contract Tower,3,5,27,0,35,0,0,0,0,0,3,5,27,0,35,0,0,0,35
10/05/2021,GYY,IN,AGL,CE,Federal Contract Tower,1,7,24,0,32,0,0,2,0,2,1,7,26,0,34,0,0,0,34
10/06/2021,GYY,IN,AGL,CE,Federal Contract Tower,0,24,26,3,53,0,0,5,0,5,0,24,31,3,58,0,0,0,58
10/07/2021,GYY,IN,AGL,CE,Federal Contract Tower,4,8,26,1,39,0,0,5,7,12,4,8,31,8,51,2,0,2,53
10/08/2021,GYY,IN,AGL,CE,Federal Contract Tower,3,7,28,0,38,0,0,3,0,3,3,7,31,0,41,8,0,8,49
10/09/2021,GYY,IN,AGL,CE,Federal Contract Tower,0,3,17,0,20,0,3,23,0,26,0,6,40,0,46,40,0,40,86
10/10/2021,GYY,IN,AGL,CE,Federal Contract Tower,0,3,11,0,14,0,0,13,0,13,0,3,24,0,27,0,0,0,27
10/11/2021,GYY,IN,AGL,CE,Federal Contract Tower,5,3,22,0,30,0,0,8,0,8,5,3,30,0,38,2,0,2,40
10/12/2021,GYY,IN,AGL,CE,Federal Contract Tower,2,17,27,0,46,0,0,8,0,8,2,17,35,0,54,6,0,6,60
10/13/2021,GYY,IN,AGL,CE,Federal Contract Tower,0,14,0,0,14,0,0,12,0,12,0,14,12,0,26,18,0,18,44
10/14/2021,GYY,IN,AGL,CE,Federal Contract Tower,3,1,29,0,33,0,0,7,7,14,3,1,36,7,47,16,0,16,63
10/15/2021,GYY,IN,AGL,CE,Federal Contract Tower,1,9,25,0,35,0,0,10,0,10,1,9,35,0,45,2,0,2,47
10/16/2021,GYY,IN,AGL,CE,Federal Contract Tower,0,5,15,0,20,0,0,24,0,24,0,5,39,0,44,48,0,48,92
10/17/2021,GYY,IN,AGL,CE,Federal Contract Tower,0,2,35,0,37,0,2,19,10,31,0,4,54,10,68,8,6,14,82
10/18/2021,GYY,IN,AGL,CE,Federal Contract Tower,3,10,35,4,52,0,1,32,0,33,3,11,67,4,85,20,0,20,105
10/19/2021,GYY,IN,AGL,CE,Federal Contract Tower,2,13,19,0,34,0,5,31,0,36,2,18,50,0,70,22,0,22,92
10/20/2021,GYY,IN,AGL,CE,Federal Contract Tower,0,12,27,3,42,0,0,25,1,26,0,12,52,4,68,30,0,30,98
10/21/2021,GYY,IN,AGL,CE,Federal Contract Tower,0,22,18,3,43,0,0,9,6,15,0,22,27,9,58,2,10,12,70
10/22/2021,GYY,IN,AGL,CE,Federal Contract Tower,0,11,22,0,33,0,0,18,0,18,0,11,40,0,51,4,0,4,55
10/23/2021,GYY,IN,AGL,CE,Federal Contract Tower,0,10,18,0,28,0,2,22,0,24,0,12,40,0,52,48,0,48,100
10/24/2021,GYY,IN,AGL,CE,Federal Contract Tower,0,11,20,0,31,0,0,0,0,0,0,11,20,0,31,0,0,0,31
10/25/2021,GYY,IN,AGL,CE,Federal Contract Tower,2,5,9,0,16,0,0,3,0,3,2,5,12,0,19,0,0,0,19
10/26/2021,GYY,IN,AGL,CE,Federal Contract Tower,0,11,18,2,31,0,1,24,2,27,0,12,42,4,58,40,0,40,98
10/27/2021,GYY,IN,AGL,CE,Federal Contract Tower,0,17,18,2,37,0,2,17,3,22,0,19,35,5,59,40,4,44,103
10/28/2021,GYY,IN,AGL,CE,Federal Contract Tower,4,9,11,2,26,0,0,2,0,2,4,9,13,2,28,4,0,4,32
10/29/2021,GYY,IN,AGL,CE,Federal Contract Tower,1,6,18,0,25,0,0,0,0,0,1,6,18,0,25,0,0,0,25
10/30/2021,GYY,IN,AGL,CE,Federal Contract Tower,0,7,15,4,26,0,0,14,0,14,0,7,29,4,40,20,0,20,60
10/31/2021,GYY,IN,AGL,CE,Federal Contract Tower,1,7,17,0,25,0,0,12,2,14,1,7,29,2,39,24,0,24,63
11/01/2021,GYY,IN,AGL,CE,Federal Contract Tower,0,8,39,5,52,0,1,29,0,30,0,9,68,5,82,14,0,14,96
11/02/2021,GYY,IN,AGL,CE,Federal Contract Tower,2,7,25,0,34,0,2,22,9,33,2,9,47,9,67,32,0,32,99
11/03/2021,GYY,IN,AGL,CE,Federal Contract Tower,2,14,20,1,37,0,19,19,5,43,2,33,39,6,80,28,0,28,108
11/04/2021,GYY,IN,AGL,CE,Federal Contract Tower,3,5,13,0,21,0,0,16,12,28,3,5,29,12,49,34,20,54,103
11/05/2021,GYY,IN,AGL,CE,Federal Contract Tower,5,6,16,4,31,0,1,24,12,37,5,7,40,16,68,58,6,64,132
11/06/2021,GYY,IN,AGL,CE,Federal Contract Tower,2,2,16,1,21,0,0,28,1,29,2,2,44,2,50,64,0,64,114
11/07/2021,GYY,IN,AGL,CE,Federal Contract Tower,1,12,27,5,45,0,4,24,3,31,1,16,51,8,76,22,0,22,98
11/08/2021,GYY,IN,AGL,CE,Federal Contract Tower,3,11,22,0,36,0,0,15,0,15,3,11,37,0,51,86,0,86,137
11/09/2021,GYY,IN,AGL,CE,Federal Contract Tower,3,7,21,2,33,0,0,30,0,30,3,7,51,2,63,54,0,54,117
11/10/2021,GYY,IN,AGL,CE,Federal Contract Tower,0,11,23,0,34,0,0,7,6,13,0,11,30,6,47,48,6,54,101
11/11/2021,GYY,IN,AGL,CE,Federal Contract Tower,0,6,27,0,33,0,1,6,0,7,0,7,33,0,40,28,0,28,68
11/12/2021,GYY,IN,AGL,CE,Federal Contract Tower,2,5,18,0,25,0,0,6,0,6,2,5,24,0,31,4,0,4,35
11/13/2021,GYY,IN,AGL,CE,Federal Contract Tower,0,2,19,0,21,0,0,1,0,1,0,2,20,0,22,14,0,14,36
11/14/2021,GYY,IN,AGL,CE,Federal Contract Tower,0,9,21,0,30,0,0,0,0,0,0,9,21,0,30,0,0,0,30
11/15/2021,GYY,IN,AGL,CE,Federal Contract Tower,0,6,26,0,32,0,3,8,0,11,0,9,34,0,43,22,0,22,65
11/16/2021,GYY,IN,AGL,CE,Federal Contract Tower,0,11,25,1,37,0,6,24,9,39,0,17,49,10,76,32,28,60,136
11/17/2021,GYY,IN,AGL,CE,Federal Contract Tower,0,13,21,2,36,0,0,6,5,11,0,13,27,7,47,2,22,24,71
11/18/2021,GYY,IN,AGL,CE,Federal Contract Tower,5,8,26,0,39,0,1,10,8,19,5,9,36,8,58,4,22,26,84
11/19/2021,GYY,IN,AGL,CE,Federal Contract Tower,0,5,22,2,29,0,3,33,4,40,0,8,55,6,69,22,0,22,91
11/20/2021,GYY,IN,AGL,CE,Federal Contract Tower,0,4,20,0,24,0,0,11,4,15,0,4,31,4,39,36,0,36,75
11/21/2021,GYY,IN,AGL,CE,Federal Contract Tower,0,9,24,1,34,0,0,12,0,12,0,9,36,1,46,2,0,2,48
11/22/2021,GYY,IN,AGL,CE,Federal Contract Tower,2,12,18,0,32,0,9,38,10,57,2,21,56,10,89,66,10,76,165
11/23/2021,GYY,IN,AGL,CE,Federal Contract Tower,0,6,23,0,29,0,0,35,6,41,0,6,58,6,70,44,0,44,114
11/24/2021,GYY,IN,AGL,CE,Federal Contract Tower,0,11,19,0,30,0,0,3,2,5,0,11,22,2,35,2,0,2,37
11/25/2021,GYY,IN,AGL,CE,Federal Contract Tower,0,2,5,0,7,0,0,0,0,0,0,2,5,0,7,2,0,2,9
11/26/2021,GYY,IN,AGL,CE,Federal Contract Tower,1,1,7,0,9,0,0,6,0,6,1,1,13,0,15,24,0,24,39
11/27/2021,GYY,IN,AGL,CE,Federal Contract Tower,1,3,24,0,28,0,0,4,0,4,1,3,28,0,32,4,0,4,36
11/28/2021,GYY,IN,AGL,CE,Federal Contract Tower,0,11,37,0,48,0,2,11,0,13,0,13,48,0,61,0,0,0,61
11/29/2021,GYY,IN,AGL,CE,Federal Contract Tower,1,11,13,0,25,0,0,20,0,20,1,11,33,0,45,22,0,22,67
11/30/2021,GYY,IN,AGL,CE,Federal Contract Tower,0,13,13,0,26,0,2,22,10,34,0,15,35,10,60,36,0,36,96
12/01/2021,GYY,IN,AGL,CE,Federal Contract Tower,0,13,20,0,33,0,1,9,6,16,0,14,29,6,49,26,18,44,93
12/02/2021,GYY,IN,AGL,CE,Federal Contract Tower,5,5,20,0,30,0,0,24,9,33,5,5,44,9,63,12,0,12,75
12/03/2021,GYY,IN,AGL,CE,Federal Contract Tower,0,6,23,0,29,0,0,18,0,18,0,6,41,0,47,6,0,6,53
12/04/2021,GYY,IN,AGL,CE,Federal Contract Tower,0,4,15,0,19,0,1,15,7,23,0,5,30,7,42,58,6,64,106
12/05/2021,GYY,IN,AGL,CE,Federal Contract Tower,0,3,27,0,30,0,0,1,0,1,0,3,28,0,31,0,0,0,31
12/06/2021,GYY,IN,AGL,CE,Federal Contract Tower,6,9,20,4,39,0,0,17,0,17,6,9,37,4,56,2,0,2,58
12/07/2021,GYY,IN,AGL,CE,Federal Contract Tower,5,11,21,0,37,0,0,8,0,8,5,11,29,0,45,24,0,24,69
12/08/2021,GYY,IN,AGL,CE,Federal Contract Tower,1,12,29,0,42,0,1,17,2,20,1,13,46,2,62,2,0,2,64
12/09/2021,GYY,IN,AGL,CE,Federal Contract Tower,4,8,11,0,23,0,2,9,6,17,4,10,20,6,40,4,0,4,44
12/10/2021,GYY,IN,AGL,CE,Federal Contract Tower,2,12,11,1,26,0,0,2,0,2,2,12,13,1,28,2,0,2,30
12/11/2021,GYY,IN,AGL,CE,Federal Contract Tower,1,3,16,0,20,0,0,4,0,4,1,3,20,0,24,0,0,0,24
12/12/2021,GYY,IN,AGL,CE,Federal Contract Tower,0,7,20,0,27,0,0,30,0,30,0,7,50,0,57,10,0,10,67
12/13/2021,GYY,IN,AGL,CE,Federal Contract Tower,3,10,29,4,46,0,0,24,0,24,3,10,53,4,70,46,0,46,116
12/14/2021,GYY,IN,AGL,CE,Federal Contract Tower,0,11,20,2,33,0,4,22,4,30,0,15,42,6,63,64,0,64,127
12/15/2021,GYY,IN,AGL,CE,Federal Contract Tower,1,8,19,0,28,0,0,0,0,0,1,8,19,0,28,0,0,0,28
12/16/2021,GYY,IN,AGL,CE,Federal Contract Tower,3,21,5,1,30,0,0,4,7,11,3,21,9,8,41,0,4,4,45
12/17/2021,GYY,IN,AGL,CE,Federal Contract Tower,5,10,32,0,47,0,0,16,0,16,5,10,48,0,63,12,8,20,83
12/18/2021,GYY,IN,AGL,CE,Federal Contract Tower,1,8,20,0,29,0,0,3,0,3,1,8,23,0,32,0,0,0,32
12/19/2021,GYY,IN,AGL,CE,Federal Contract Tower,2,3,17,0,22,0,0,17,0,17,2,3,34,0,39,30,0,30,69
12/20/2021,GYY,IN,AGL,CE,Federal Contract Tower,2,14,25,0,41,0,1,5,2,8,2,15,30,2,49,4,0,4,53
12/21/2021,GYY,IN,AGL,CE,Federal Contract Tower,0,6,24,0,30,0,0,16,8,24,0,6,40,8,54,32,6,38,92
12/22/2021,GYY,IN,AGL,CE,Federal Contract Tower,4,3,23,1,31,0,0,18,3,21,4,3,41,4,52,22,0,22,74
12/23/2021,GYY,IN,AGL,CE,Federal Contract Tower,6,7,10,0,23,0,6,16,1,23,6,13,26,1,46,24,0,24,70
12/24/2021,GYY,IN,AGL,CE,Federal Contract Tower,0,1,5,0,6,0,0,1,0,1,0,1,6,0,7,0,0,0,7
12/25/2021,GYY,IN,AGL,CE,Federal Contract Tower,0,5,7,0,12,0,0,1,0,1,0,5,8,0,13,0,0,0,13
12/26/2021,GYY,IN,AGL,CE,Federal Contract Tower,0,3,20,0,23,0,0,5,0,5,0,3,25,0,28,12,0,12,40
12/27/2021,GYY,IN,AGL,CE,Federal Contract Tower,0,7,11,0,18,0,0,2,0,2,0,7,13,0,20,0,0,0,20
12/28/2021,GYY,IN,AGL,CE,Federal Contract Tower,0,4,14,0,18,0,0,0,0,0,0,4,14,0,18,0,0,0,18
12/29/2021,GYY,IN,AGL,CE,Federal Contract Tower,2,9,15,0,26,0,0,8,0,8,2,9,23,0,34,0,0,0,34
12/30/2021,GYY,IN,AGL,CE,Federal Contract Tower,0,5,15,0,20,0,0,9,0,9,0,5,24,0,29,4,0,4,33
12/31/2021,GYY,IN,AGL,CE,Federal Contract Tower,0,1,10,0,11,0,0,1,0,1,0,1,11,0,12,8,0,8,20
01/01/2022,GYY,IN,AGL,CE,Federal Contract Tower,0,3,5,0,8,0,0,1,0,1,0,3,6,0,9,0,0,0,9
01/02/2022,GYY,IN,AGL,CE,Federal Contract Tower,0,14,20,0,34,0,0,6,0,6,0,14,26,0,40,8,0,8,48
01/03/2022,GYY,IN,AGL,CE,Federal Contract Tower,0,6,25,0,31,0,1,12,1,14,0,7,37,1,45,4,0,4,49
01/04/2022,GYY,IN,AGL,CE,Federal Contract Tower,3,6,10,0,19,0,2,10,2,14,3,8,20,2,33,6,0,6,39
01/05/2022,GYY,IN,AGL,CE,Federal Contract Tower,3,1,11,2,17,0,0,0,0,0,3,1,11,2,17,0,0,0,17
01/06/2022,GYY,IN,AGL,CE,Federal Contract Tower,0,10,12,0,22,0,0,14,6,20,0,10,26,6,42,6,22,28,70
01/07/2022,GYY,IN,AGL,CE,Federal Contract Tower,0,7,16,0,23,0,3,18,0,21,0,10,34,0,44,42,0,42,86
01/08/2022,GYY,IN,AGL,CE,Federal Contract Tower,0,9,7,0,16,0,0,6,0,6,0,9,13,0,22,0,0,0,22
01/09/2022,GYY,IN,AGL,CE,Federal Contract Tower,0,5,14,0,19,0,2,8,0,10,0,7,22,0,29,0,0,0,29
01/10/2022,GYY,IN,AGL,CE,Federal Contract Tower,0,6,21,0,27,0,1,13,0,14,0,7,34,0,41,14,0,14,55
01/11/2022,GYY,IN,AGL,CE,Federal Contract Tower,1,10,9,0,20,0,2,11,0,13,1,12,20,0,33,12,0,12,45
01/12/2022,GYY,IN,AGL,CE,Federal Contract Tower,3,7,23,0,33,0,0,45,0,45,3,7,68,0,78,36,0,36,114
01/13/2022,GYY,IN,AGL,CE,Federal Contract Tower,0,7,16,0,23,0,0,4,6,10,0,7,20,6,33,0,0,0,33
01/14/2022,GYY,IN,AGL,CE,Federal Contract Tower,3,10,22,0,35,0,0,1,0,1,3,10,23,0,36,0,0,0,36
01/15/2022,GYY,IN,AGL,CE,Federal Contract Tower,0,2,12,0,14,0,0,9,0,9,0,2,21,0,23,16,0,16,39
01/16/2022,GYY,IN,AGL,CE,Federal Contract Tower,0,2,13,0,15,0,0,4,0,4,0,2,17,0,19,24,0,24,43
01/17/2022,GYY,IN,AGL,CE,Federal Contract Tower,0,9,27,0,36,0,1,6,0,7,0,10,33,0,43,0,0,0,43
01/18/2022,GYY,IN,AGL,CE,Federal Contract Tower,4,2,22,0,28,0,0,23,0,23,4,2,45,0,51,38,0,38,89
01/19/2022,GYY,IN,AGL,CE,Federal Contract Tower,1,11,12,0,24,0,0,15,0,15,1,11,27,0,39,10,0,10,49
01/20/2022,GYY,IN,AGL,CE,Federal Contract Tower,0,12,24,0,36,0,0,9,6,15,0,12,33,6,51,20,0,20,71
01/21/2022,GYY,IN,AGL,CE,Federal Contract Tower,0,11,9,0,20,0,4,17,0,21,0,15,26,0,41,34,0,34,75
01/22/2022,GYY,IN,AGL,CE,Federal Contract Tower,0,4,3,0,7,0,0,4,0,4,0,4,7,0,11,12,0,12,23
01/23/2022,GYY,IN,AGL,CE,Federal Contract Tower,0,6,7,0,13,0,0,5,0,5,0,6,12,0,18,0,0,0,18
01/24/2022,GYY,IN,AGL,CE,Federal Contract Tower,1,9,7,0,17,0,0,1,0,1,1,9,8,0,18,0,0,0,18
01/25/2022,GYY,IN,AGL,CE,Federal Contract Tower,3,3,21,0,27,0,0,27,0,27,3,3,48,0,54,10,0,10,64
01/26/2022,GYY,IN,AGL,CE,Federal Contract Tower,4,11,14,0,29,0,0,14,0,14,4,11,28,0,43,0,0,0,43
01/27/2022,GYY,IN,AGL,CE,Federal Contract Tower,3,2,16,0,21,0,0,8,0,8,3,2,24,0,29,6,0,6,35
01/28/2022,GYY,IN,AGL,CE,Federal Contract Tower,2,9,1,0,12,0,0,0,0,0,2,9,1,0,12,0,0,0,12
01/29/2022,GYY,IN,AGL,CE,Federal Contract Tower,0,7,16,0,23,0,0,9,0,9,0,7,25,0,32,28,0,28,60
01/30/2022,GYY,IN,AGL,CE,Federal Contract Tower,1,8,26,0,35,0,0,3,0,3,1,8,29,0,38,0,0,0,38
01/31/2022,GYY,IN,AGL,CE,Federal Contract Tower,0,10,17,0,27,0,0,8,0,8,0,10,25,0,35,24,0,24,59
02/01/2022,GYY,IN,AGL,CE,Federal Contract Tower,3,11,19,0,33,0,0,9,0,9,3,11,28,0,42,22,0,22,64
02/02/2022,GYY,IN,AGL,CE,Federal Contract Tower,1,2,13,0,16,0,0,0,0,0,1,2,13,0,16,0,0,0,16
02/03/2022,GYY,IN,AGL,CE,Federal Contract Tower,0,6,15,0,21,0,0,1,0,1,0,6,16,0,22,1,0,1,23
02/04/2022,GYY,IN,AGL,CE,Federal Contract Tower,1,19,21,0,41,0,0,2,0,2,1,19,23,0,43,0,0,0,43
02/05/2022,GYY,IN,AGL,CE,Federal Contract Tower,0,4,6,0,10,0,2,14,0,16,0,6,20,0,26,22,0,22,48
02/06/2022,GYY,IN,AGL,CE,Federal Contract Tower,0,3,18,0,21,0,0,13,0,13,0,3,31,0,34,18,0,18,52
02/07/2022,GYY,IN,AGL,CE,Federal Contract Tower,0,14,8,7,29,0,0,15,0,15,0,14,23,7,44,18,0,18,62
02/08/2022,GYY,IN,AGL,CE,Federal Contract Tower,3,4,25,0,32,0,2,10,4,16,3,6,35,4,48,0,0,0,48
02/09/2022,GYY,IN,AGL,CE,Federal Contract Tower,3,4,23,0,30,0,0,4,0,4,3,4,27,0,34,2,0,2,36
02/10/2022,GYY,IN,AGL,CE,Federal Contract Tower,0,5,22,0,27,0,3,5,0,8,0,8,27,0,35,10,0,10,45
02/11/2022,GYY,IN,AGL,CE,Federal Contract Tower,0,3,15,0,18,0,0,4,0,4,0,3,19,0,22,0,0,0,22
02/12/2022,GYY,IN,AGL,CE,Federal Contract Tower,0,1,6,0,7,0,0,13,0,13,0,1,19,0,20,8,0,8,28
02/13/2022,GYY,IN,AGL,CE,Federal Contract Tower,0,1,17,0,18,0,0,10,0,10,0,1,27,0,28,10,0,10,38
02/14/2022,GYY,IN,AGL,CE,Federal Contract Tower,0,8,22,0,30,0,2,12,9,23,0,10,34,9,53,24,0,24,77
02/15/2022,GYY,IN,AGL,CE,Federal Contract Tower,3,4,15,0,22,0,0,16,0,16,3,4,31,0,38,10,0,10,48
02/16/2022,GYY,IN,AGL,CE,Federal Contract Tower,3,1,20,0,24,0,0,0,0,0,3,1,20,0,24,0,0,0,24
02/17/2022,GYY,IN,AGL,CE,Federal Contract Tower,0,5,8,0,13,0,0,0,0,0,0,5,8,0,13,0,0,0,13
02/18/2022,GYY,IN,AGL,CE,Federal Contract Tower,2,10,23,0,35,0,0,19,0,19,2,10,42,0,54,0,0,0,54
02/19/2022,GYY,IN,AGL,CE,Federal Contract Tower,0,5,19,0,24,0,3,11,0,14,0,8,30,0,38,20,0,20,58
02/20/2022,GYY,IN,AGL,CE,Federal Contract Tower,0,5,12,0,17,0,0,4,0,4,0,5,16,0,21,10,0,10,31
02/21/2022,GYY,IN,AGL,CE,Federal Contract Tower,3,10,16,0,29,0,0,9,0,9,3,10,25,0,38,6,0,6,44
02/22/2022,GYY,IN,AGL,CE,Federal Contract Tower,1,8,15,0,24,0,0,0,0,0,1,8,15,0,24,0,0,0,24
02/23/2022,GYY,IN,AGL,CE,Federal Contract Tower,3,5,21,0,29,0,0,25,0,25,3,5,46,0,54,36,0,36,90
02/24/2022,GYY,IN,AGL,CE,Federal Contract Tower,1,6,9,0,16,0,0,1,0,1,1,6,10,0,17,0,0,0,17
02/25/2022,GYY,IN,AGL,CE,Federal Contract Tower,2,5,24,0,31,0,0,7,0,7,2,5,31,0,38,0,0,0,38
02/26/2022,GYY,IN,AGL,CE,Federal Contract Tower,0,4,20,0,24,0,0,18,0,18,0,4,38,0,42,36,0,36,78
02/27/2022,GYY,IN,AGL,CE,Federal Contract Tower,0,1,22,0,23,0,0,14,0,14,0,1,36,0,37,24,0,24,61
02/28/2022,GYY,IN,AGL,CE,Federal Contract Tower,1,7,11,0,19,0,0,11,0,11,1,7,22,0,30,0,0,0,30
03/01/2022,GYY,IN,AGL,CE,Federal Contract Tower,1,0,18,0,19,0,0,18,0,18,1,0,36,0,37,52,0,52,89
03/02/2022,GYY,IN,AGL,CE,Federal Contract Tower,3,8,17,0,28,0,2,21,2,25,3,10,38,2,53,0,0,0,53
03/03/2022,GYY,IN,AGL,CE,Federal Contract Tower,0,6,21,0,27,0,0,18,4,22,0,6,39,4,49,38,28,66,115
03/04/2022,GYY,IN,AGL,CE,Federal Contract Tower,0,9,23,0,32,0,4,13,1,18,0,13,36,1,50,46,6,52,102
03/05/2022,GYY,IN,AGL,CE,Federal Contract Tower,1,7,18,0,26,0,0,13,0,13,1,7,31,0,39,34,0,34,73
03/06/2022,GYY,IN,AGL,CE,Federal Contract Tower,0,7,21,0,28,0,0,10,0,10,0,7,31,0,38,0,0,0,38
03/07/2022,GYY,IN,AGL,CE,Federal Contract Tower,0,10,7,0,17,0,0,1,0,1,0,10,8,0,18,0,0,0,18
03/08/2022,GYY,IN,AGL,CE,Federal Contract Tower,3,10,7,0,20,0,0,12,0,12,3,10,19,0,32,44,0,44,76
03/09/2022,GYY,IN,AGL,CE,Federal Contract Tower,4,9,19,2,34,0,0,13,0,13,4,9,32,2,47,10,0,10,57
03/10/2022,GYY,IN,AGL,CE,Federal Contract Tower,0,11,17,0,28,0,0,6,0,6,0,11,23,0,34,10,0,10,44
03/11/2022,GYY,IN,AGL,CE,Federal Contract Tower,2,10,20,0,32,0,0,4,0,4,2,10,24,0,36,0,4,4,40
03/12/2022,GYY,IN,AGL,CE,Federal Contract Tower,2,6,11,0,19,0,1,18,8,27,2,7,29,8,46,18,0,18,64
03/13/2022,GYY,IN,AGL,CE,Federal Contract Tower,0,5,31,0,36,0,0,13,0,13,0,5,44,0,49,12,0,12,61
03/14/2022,GYY,IN,AGL,CE,Federal Contract Tower,0,8,19,0,27,0,1,14,0,15,0,9,33,0,42,8,0,8,50
03/15/2022,GYY,IN,AGL,CE,Federal Contract Tower,3,6,29,0,38,0,0,5,5,10,3,6,34,5,48,32,0,32,80
03/16/2022,GYY,IN,AGL,CE,Federal Contract Tower,3,6,17,0,26,0,1,17,0,18,3,7,34,0,44,50,0,50,94
03/17/2022,GYY,IN,AGL,CE,Federal Contract Tower,0,10,13,1,24,0,0,19,1,20,0,10,32,2,44,26,0,26,70
03/18/2022,GYY,IN,AGL,CE,Federal Contract Tower,0,9,12,2,23,0,0,8,0,8,0,9,20,2,31,2,0,2,33
03/19/2022,GYY,IN,AGL,CE,Federal Contract Tower,0,1,17,0,18,0,0,1,0,1,0,1,18,0,19,0,0,0,19
03/20/2022,GYY,IN,AGL,CE,Federal Contract Tower,2,7,27,0,36,0,0,23,0,23,2,7,50,0,59,8,0,8,67
03/21/2022,GYY,IN,AGL,CE,Federal Contract Tower,4,2,20,0,26,0,0,20,0,20,4,2,40,0,46,50,0,50,96
03/22/2022,GYY,IN,AGL,CE,Federal Contract Tower,0,7,15,0,22,0,0,3,0,3,0,7,18,0,25,0,0,0,25
03/23/2022,GYY,IN,AGL,CE,Federal Contract Tower,2,7,25,2,36,0,0,1,0,1,2,7,26,2,37,0,10,10,47
03/24/2022,GYY,IN,AGL,CE,Federal Contract Tower,0,12,18,0,30,0,0,0,4,4,0,12,18,4,34,2,10,12,46
03/25/2022,GYY,IN,AGL,CE,Federal Contract Tower,0,4,23,0,27,0,0,2,0,2,0,4,25,0,29,0,2,2,31
03/26/2022,GYY,IN,AGL,CE,Federal Contract Tower,0,2,22,0,24,0,0,7,0,7,0,2,29,0,31,10,0,10,41
03/27/2022,GYY,IN,AGL,CE,Federal Contract Tower,0,2,22,4,28,0,0,17,0,17,0,2,39,4,45,24,0,24,69
03/28/2022,GYY,IN,AGL,CE,Federal Contract Tower,3,4,19,0,26,0,0,22,0,22,3,4,41,0,48,76,0,76,124
03/29/2022,GYY,IN,AGL,CE,Federal Contract Tower,3,7,25,1,36,0,0,8,3,11,3,7,33,4,47,18,0,18,65
03/30/2022,GYY,IN,AGL,CE,Federal Contract Tower,3,5,19,1,28,0,0,1,0,1,3,5,20,1,29,0,0,0,29
03/31/2022,GYY,IN,AGL,CE,Federal Contract Tower,1,12,16,0,29,0,0,2,4,6,1,12,18,4,35,0,2,2,37
04/01/2022,GYY,IN,AGL,CE,Federal Contract Tower,0,2,18,0,20,0,0,29,0,29,0,2,47,0,49,54,16,70,119
04/02/2022,GYY,IN,AGL,CE,Federal Contract Tower,0,2,12,0,14,0,0,6,0,6,0,2,18,0,20,2,0,2,22
04/03/2022,GYY,IN,AGL,CE,Federal Contract Tower,1,8,20,1,30,0,0,7,1,8,1,8,27,2,38,10,0,10,48
04/04/2022,GYY,IN,AGL,CE,Federal Contract Tower,4,4,11,0,19,0,2,3,0,5,4,6,14,0,24,6,0,6,30
04/05/2022,GYY,IN,AGL,CE,Federal Contract Tower,0,8,30,1,39,0,0,4,0,4,0,8,34,1,43,0,10,10,53
04/06/2022,GYY,IN,AGL,CE,Federal Contract Tower,0,17,21,0,38,0,0,2,1,3,0,17,23,1,41,0,0,0,41
04/07/2022,GYY,IN,AGL,CE,Federal Contract Tower,4,7,30,1,42,0,0,7,1,8,4,7,37,2,50,10,1,11,61
04/08/2022,GYY,IN,AGL,CE,Federal Contract Tower,2,12,23,0,37,0,0,3,2,5,2,12,26,2,42,0,0,0,42
04/09/2022,GYY,IN,AGL,CE,Federal Contract Tower,0,4,17,0,21,0,0,14,0,14,0,4,31,0,35,28,22,50,85
04/10/2022,GYY,IN,AGL,CE,Federal Contract Tower,0,9,23,0,32,0,0,10,0,10,0,9,33,0,42,2,20,22,64
04/11/2022,GYY,IN,AGL,CE,Federal Contract Tower,3,6,22,0,31,0,0,16,0,16,3,6,38,0,47,22,0,22,69
04/12/2022,GYY,IN,AGL,CE,Federal Contract Tower,0,12,17,0,29,0,0,25,5,30,0,12,42,5,59,18,12,30,89
04/13/2022,GYY,IN,AGL,CE,Federal Contract Tower,2,8,28,0,38,0,0,0,0,0,2,8,28,0,38,0,0,0,38
04/14/2022,GYY,IN,AGL,CE,Federal Contract Tower,3,6,20,0,29,0,0,1,3,4,3,6,21,3,33,0,0,0,33
04/15/2022,GYY,IN,AGL,CE,Federal Contract Tower,2,2,23,0,27,0,2,50,0,52,2,4,73,0,79,16,0,16,95
04/16/2022,GYY,IN,AGL,CE,Federal Contract Tower,1,0,7,0,8,0,0,38,0,38,1,0,45,0,46,6,0,6,52
04/17/2022,GYY,IN,AGL,CE,Federal Contract Tower,0,4,14,0,18,0,0,4,0,4,0,4,18,0,22,10,0,10,32
04/18/2022,GYY,IN,AGL,CE,Federal Contract Tower,3,1,21,0,25,0,0,1,0,1,3,1,22,0,26,0,0,0,26
04/19/2022,GYY,IN,AGL,CE,Federal Contract Tower,0,15,27,0,42,0,0,22,4,26,0,15,49,4,68,54,0,54,122
04/20/2022,GYY,IN,AGL,CE,Federal Contract Tower,0,9,27,0,36,0,0,12,5,17,0,9,39,5,53,6,0,6,59
04/21/2022,GYY,IN,AGL,CE,Federal Contract Tower,4,5,21,0,30,0,2,31,14,47,4,7,52,14,77,60,32,92,169
04/22/2022,GYY,IN,AGL,CE,Federal Contract Tower,0,5,22,1,28,0,0,7,2,9,0,5,29,3,37,0,0,0,37
04/23/2022,GYY,IN,AGL,CE,Federal Contract Tower,1,4,14,0,19,0,0,10,0,10,1,4,24,0,29,2,0,2,31
04/24/2022,GYY,IN,AGL,CE,Federal Contract Tower,0,9,18,0,27,0,0,5,0,5,0,9,23,0,32,2,0,2,34
04/25/2022,GYY,IN,AGL,CE,Federal Contract Tower,3,3,15,0,21,0,0,12,2,14,3,3,27,2,35,24,0,24,59
04/26/2022,GYY,IN,AGL,CE,Federal Contract Tower,0,9,18,1,28,0,0,19,3,22,0,9,37,4,50,42,6,48,98
04/27/2022,GYY,IN,AGL,CE,Federal Contract Tower,0,7,19,0,26,0,0,26,3,29,0,7,45,3,55,32,0,32,87
04/28/2022,GYY,IN,AGL,CE,Federal Contract Tower,3,8,20,1,32,0,0,9,4,13,3,8,29,5,45,54,0,54,99
04/29/2022,GYY,IN,AGL,CE,Federal Contract Tower,2,4,14,1,21,0,0,12,0,12,2,4,26,1,33,36,0,36,69
04/30/2022,GYY,IN,AGL,CE,Federal Contract Tower,0,4,8,0,12,0,0,3,0,3,0,4,11,0,15,0,0,0,15
05/01/2022,GYY,IN,AGL,CE,Federal Contract Tower,0,3,29,0,32,0,0,1,0,1,0,3,30,0,33,0,0,0,33
05/02/2022,GYY,IN,AGL,CE,Federal Contract Tower,3,9,22,0,34,0,0,24,0,24,3,9,46,0,58,38,0,38,96
05/03/2022,GYY,IN,AGL,CE,Federal Contract Tower,0,9,18,0,27,0,0,0,0,0,0,9,18,0,27,0,0,0,27
05/04/2022,GYY,IN,AGL,CE,Federal Contract Tower,0,18,25,2,45,0,0,18,0,18,0,18,43,2,63,22,0,22,85
05/05/2022,GYY,IN,AGL,CE,Federal Contract Tower,3,13,23,0,39,0,0,7,2,9,3,13,30,2,48,0,0,0,48
05/06/2022,GYY,IN,AGL,CE,Federal Contract Tower,2,4,17,0,23,0,0,0,0,0,2,4,17,0,23,0,0,0,23
05/07/2022,GYY,IN,AGL,CE,Federal Contract Tower,0,4,18,0,22,0,0,32,0,32,0,4,50,0,54,44,0,44,98
05/08/2022,GYY,IN,AGL,CE,Federal Contract Tower,0,8,15,0,23,0,3,11,0,14,0,11,26,0,37,14,0,14,51
05/09/2022,GYY,IN,AGL,CE,Federal Contract Tower,3,1,21,0,25,0,0,13,0,13,3,1,34,0,38,2,0,2,40
05/10/2022,GYY,IN,AGL,CE,Federal Contract Tower,0,5,14,1,20,0,0,16,1,17,0,5,30,2,37,8,0,8,45
05/11/2022,GYY,IN,AGL,CE,Federal Contract Tower,0,18,36,2,56,0,0,1,1,2,0,18,37,3,58,0,0,0,58
05/12/2022,GYY,IN,AGL,CE,Federal Contract Tower,3,11,25,0,39,0,0,16,6,22,3,11,41,6,61,16,0,16,77
05/13/2022,GYY,IN,AGL,CE,Federal Contract Tower,1,4,18,0,23,0,0,20,0,20,1,4,38,0,43,8,0,8,51
05/14/2022,GYY,IN,AGL,CE,Federal Contract Tower,0,4,14,0,18,0,0,18,3,21,0,4,32,3,39,40,0,40,79
05/15/2022,GYY,IN,AGL,CE,Federal Contract Tower,0,1,24,0,25,0,0,13,2,15,0,1,37,2,40,2,0,2,42
05/16/2022,GYY,IN,AGL,CE,Federal Contract Tower,3,4,22,3,32,0,0,12,0,12,3,4,34,3,44,24,18,42,86
05/17/2022,GYY,IN,AGL,CE,Federal Contract Tower,0,11,15,1,27,0,0,20,1,21,0,11,35,2,48,0,2,2,50
05/18/2022,GYY,IN,AGL,CE,Federal Contract Tower,0,12,28,2,42,0,0,2,0,2,0,12,30,2,44,2,0,2,46
05/19/2022,GYY,IN,AGL,CE,Federal Contract Tower,3,6,25,1,35,0,0,11,6,17,3,6,36,7,52,10,2,12,64
05/20/2022,GYY,IN,AGL,CE,Federal Contract Tower,2,3,21,0,26,0,0,3,0,3,2,3,24,0,29,0,0,0,29
05/21/2022,GYY,IN,AGL,CE,Federal Contract Tower,0,9,21,0,30,0,0,4,0,4,0,9,25,0,34,0,2,2,36
05/22/2022,GYY,IN,AGL,CE,Federal Contract Tower,0,7,27,1,35,0,0,11,0,11,0,7,38,1,46,2,0,2,48
05/23/2022,GYY,IN,AGL,CE,Federal Contract Tower,1,6,20,0,27,0,0,23,0,23,1,6,43,0,50,56,0,56,106
05/24/2022,GYY,IN,AGL,CE,Federal Contract Tower,0,11,22,1,34,0,0,16,2,18,0,11,38,3,52,18,10,28,80
05/25/2022,GYY,IN,AGL,CE,Federal Contract Tower,0,13,34,0,47,0,0,0,6,6,0,13,34,6,53,0,40,40,93
05/26/2022,GYY,IN,AGL,CE,Federal Contract Tower,3,10,23,0,36,0,0,6,7,13,3,10,29,7,49,0,18,18,67
05/27/2022,GYY,IN,AGL,CE,Federal Contract Tower,2,7,15,0,24,0,0,2,1,3,2,7,17,1,27,6,0,6,33
05/28/2022,GYY,IN,AGL,CE,Federal Contract Tower,0,3,15,0,18,0,2,19,0,21,0,5,34,0,39,20,0,20,59
05/29/2022,GYY,IN,AGL,CE,Federal Contract Tower,0,0,7,0,7,0,0,6,0,6,0,0,13,0,13,2,0,2,15
05/30/2022,GYY,IN,AGL,CE,Federal Contract Tower,0,6,26,0,32,0,0,7,0,7,0,6,33,0,39,2,0,2,41
05/31/2022,GYY,IN,AGL,CE,Federal Contract Tower,2,7,17,0,26,0,0,10,0,10,2,7,27,0,36,20,0,20,56
06/01/2022,GYY,IN,AGL,CE,Federal Contract Tower,0,8,26,7,41,0,2,10,0,12,0,10,36,7,53,20,0,20,73
06/02/2022,GYY,IN,AGL,CE,Federal Contract Tower,3,7,27,0,37,0,0,19,4,23,3,7,46,4,60,16,0,16,76
06/03/2022,GYY,IN,AGL,CE,Federal Contract Tower,2,7,15,0,24,0,0,14,0,14,2,7,29,0,38,10,0,10,48
06/04/2022,GYY,IN,AGL,CE,Federal Contract Tower,0,4,9,0,13,0,0,13,0,13,0,4,22,0,26,0,0,0,26
06/05/2022,GYY,IN,AGL,CE,Federal Contract Tower,2,8,27,0,37,0,0,20,0,20,2,8,47,0,57,16,0,16,73
06/06/2022,GYY,IN,AGL,CE,Federal Contract Tower,2,4,16,0,22,0,0,2,0,2,2,4,18,0,24,6,0,6,30
06/07/2022,GYY,IN,AGL,CE,Federal Contract Tower,1,12,45,0,58,0,0,18,4,22,1,12,63,4,80,12,0,12,92
06/08/2022,GYY,IN,AGL,CE,Federal Contract Tower,0,17,34,0,51,0,0,10,0,10,0,17,44,0,61,10,0,10,71
06/09/2022,GYY,IN,AGL,CE,Federal Contract Tower,8,6,20,0,34,0,0,25,2,27,8,6,45,2,61,32,0,32,93
06/10/2022,GYY,IN,AGL,CE,Federal Contract Tower,0,3,13,0,16,0,0,16,0,16,0,3,29,0,32,8,0,8,40
06/11/2022,GYY,IN,AGL,CE,Federal Contract Tower,0,3,21,0,24,0,0,6,0,6,0,3,27,0,30,4,0,4,34
06/12/2022,GYY,IN,AGL,CE,Federal Contract Tower,0,7,17,0,24,0,0,4,0,4,0,7,21,0,28,0,0,0,28
06/13/2022,GYY,IN,AGL,CE,Federal Contract Tower,4,10,22,0,36,0,0,14,2,16,4,10,36,2,52,28,0,28,80
06/14/2022,GYY,IN,AGL,CE,Federal Contract Tower,1,10,24,0,35,3,0,18,5,26,4,10,42,5,61,10,10,20,81
06/15/2022,GYY,IN,AGL,CE,Federal Contract Tower,0,13,28,1,42,0,0,9,1,10,0,13,37,2,52,22,0,22,74
06/16/2022,GYY,IN,AGL,CE,Federal Contract Tower,3,6,27,1,37,0,0,16,0,16,3,6,43,1,53,2,0,2,55
06/17/2022,GYY,IN,AGL,CE,Federal Contract Tower,0,4,22,0,26,0,0,28,3,31,0,4,50,3,57,62,0,62,119
06/18/2022,GYY,IN,AGL,CE,Federal Contract Tower,0,3,22,0,25,0,0,18,0,18,0,3,40,0,43,24,0,24,67
06/19/2022,GYY,IN,AGL,CE,Federal Contract Tower,0,6,16,0,22,0,0,11,2,13,0,6,27,2,35,30,0,30,65
06/20/2022,GYY,IN,AGL,CE,Federal Contract Tower,3,10,28,1,42,0,0,17,0,17,3,10,45,1,59,0,0,0,59
06/21/2022,GYY,IN,AGL,CE,Federal Contract Tower,0,3,16,3,22,0,0,17,0,17,0,3,33,3,39,0,0,0,39
06/22/2022,GYY,IN,AGL,CE,Federal Contract Tower,0,8,19,2,29,0,0,18,4,22,0,8,37,6,51,28,22,50,101
06/23/2022,GYY,IN,AGL,CE,Federal Contract Tower,4,5,22,0,31,0,0,20,3,23,4,5,42,3,54,26,4,30,84
06/24/2022,GYY,IN,AGL,CE,Federal Contract Tower,2,8,28,6,44,0,0,25,4,29,2,8,53,10,73,22,0,22,95
06/25/2022,GYY,IN,AGL,CE,Federal Contract Tower,0,4,12,0,16,0,0,13,0,13,0,4,25,0,29,2,0,2,31
06/26/2022,GYY,IN,AGL,CE,Federal Contract Tower,0,8,22,0,30,0,0,32,4,36,0,8,54,4,66,30,0,30,96
06/27/2022,GYY,IN,AGL,CE,Federal Contract Tower,4,4,26,0,34,0,0,10,0,10,4,4,36,0,44,18,0,18,62
06/28/2022,GYY,IN,AGL,CE,Federal Contract Tower,3,7,17,0,27,0,0,16,3,19,3,7,33,3,46,30,0,30,76
06/29/2022,GYY,IN,AGL,CE,Federal Contract Tower,2,13,23,1,39,0,0,22,4,26,2,13,45,5,65,46,0,46,111
06/30/2022,GYY,IN,AGL,CE,Federal Contract Tower,3,4,18,1,26,0,0,24,7,31,3,4,42,8,57,6,14,20,77
07/01/2022,GYY,IN,AGL,CE,Federal Contract Tower,2,2,20,1,25,0,0,16,2,18,2,2,36,3,43,6,0,6,49
07/02/2022,GYY,IN,AGL,CE,Federal Contract Tower,0,4,31,0,35,0,0,29,0,29,0,4,60,0,64,8,0,8,72
07/03/2022,GYY,IN,AGL,CE,Federal Contract Tower,0,0,21,0,21,0,0,19,0,19,0,0,40,0,40,6,0,6,46
07/04/2022,GYY,IN,AGL,CE,Federal Contract Tower,0,2,6,0,8,0,0,4,0,4,0,2,10,0,12,0,0,0,12
07/05/2022,GYY,IN,AGL,CE,Federal Contract Tower,4,3,20,0,27,0,0,10,0,10,4,3,30,0,37,16,0,16,53
07/06/2022,GYY,IN,AGL,CE,Federal Contract Tower,3,1,19,5,28,0,0,2,5,7,3,1,21,10,35,0,6,6,41
07/07/2022,GYY,IN,AGL,CE,Federal Contract Tower,0,9,24,0,33,0,1,13,0,14,0,10,37,0,47,8,0,8,55
07/08/2022,GYY,IN,AGL,CE,Federal Contract Tower,2,10,11,0,23,0,0,6,0,6,2,10,17,0,29,26,0,26,55
07/09/2022,GYY,IN,AGL,CE,Federal Contract Tower,0,0,19,0,19,0,0,26,1,27,0,0,45,1,46,4,10,14,60
07/10/2022,GYY,IN,AGL,CE,Federal Contract Tower,0,9,15,0,24,0,1,33,0,34,0,10,48,0,58,12,0,12,70
07/11/2022,GYY,IN,AGL,CE,Federal Contract Tower,0,5,15,1,21,0,1,21,1,23,0,6,36,2,44,0,0,0,44
07/12/2022,GYY,IN,AGL,CE,Federal Contract Tower,4,4,25,2,35,0,0,23,3,26,4,4,48,5,61,10,0,10,71
07/13/2022,GYY,IN,AGL,CE,Federal Contract Tower,3,5,24,1,33,0,0,13,4,17,3,5,37,5,50,14,2,16,66
07/14/2022,GYY,IN,AGL,CE,Federal Contract Tower,2,10,21,2,35,0,0,23,7,30,2,10,44,9,65,58,4,62,127
07/15/2022,GYY,IN,AGL,CE,Federal Contract Tower,2,8,17,0,27,0,0,8,0,8,2,8,25,0,35,0,0,0,35
07/16/2022,GYY,IN,AGL,CE,Federal Contract Tower,0,2,27,0,29,0,0,6,0,6,0,2,33,0,35,8,0,8,43
07/17/2022,GYY,IN,AGL,CE,Federal Contract Tower,0,6,21,0,27,0,0,4,0,4,0,6,25,0,31,0,0,0,31
07/18/2022,GYY,IN,AGL,CE,Federal Contract Tower,0,13,17,0,30,0,0,20,0,20,0,13,37,0,50,14,0,14,64
07/19/2022,GYY,IN,AGL,CE,Federal Contract Tower,4,11,21,2,38,0,0,24,7,31,4,11,45,9,69,10,0,10,79
07/20/2022,GYY,IN,AGL,CE,Federal Contract Tower,3,14,17,2,36,0,0,12,3,15,3,14,29,5,51,24,0,24,75
07/21/2022,GYY,IN,AGL,CE,Federal Contract Tower,0,21,18,0,39,0,2,19,4,25,0,23,37,4,64,16,4,20,84
07/22/2022,GYY,IN,AGL,CE,Federal Contract Tower,2,6,28,2,38,0,0,29,3,32,2,6,57,5,70,44,0,44,114
07/23/2022,GYY,IN,AGL,CE,Federal Contract Tower,0,4,21,0,25,0,0,12,0,12,0,4,33,0,37,0,0,0,37
07/24/2022,GYY,IN,AGL,CE,Federal Contract Tower,0,6,28,0,34,0,0,14,0,14,0,6,42,0,48,0,0,0,48
07/25/2022,GYY,IN,AGL,CE,Federal Contract Tower,0,15,20,0,35,0,0,24,0,24,0,15,44,0,59,26,0,26,85
07/26/2022,GYY,IN,AGL,CE,Federal Contract Tower,4,11,13,0,28,0,0,31,0,31,4,11,44,0,59,32,0,32,91
07/27/2022,GYY,IN,AGL,CE,Federal Contract Tower,3,9,36,0,48,0,0,18,0,18,3,9,54,0,66,0,0,0,66
07/28/2022,GYY,IN,AGL,CE,Federal Contract Tower,1,13,20,0,34,0,4,36,8,48,1,17,56,8,82,30,4,34,116
07/29/2022,GYY,IN,AGL,CE,Federal Contract Tower,2,6,29,5,42,0,0,31,2,33,2,6,60,7,75,16,0,16,91
07/30/2022,GYY,IN,AGL,CE,Federal Contract Tower,1,5,17,0,23,0,0,14,2,16,1,5,31,2,39,20,0,20,59
07/31/2022,GYY,IN,AGL,CE,Federal Contract Tower,0,4,21,1,26,0,0,39,5,44,0,4,60,6,70,20,0,20,90
08/01/2022,GYY,IN,AGL,CE,Federal Contract Tower,0,7,18,0,25,0,0,13,0,13,0,7,31,0,38,2,10,12,50
08/02/2022,GYY,IN,AGL,CE,Federal Contract Tower,3,11,13,2,29,0,0,12,2,14,3,11,25,4,43,34,0,34,77
08/03/2022,GYY,IN,AGL,CE,Federal Contract Tower,3,8,12,0,23,0,0,14,0,14,3,8,26,0,37,6,0,6,43
08/04/2022,GYY,IN,AGL,CE,Federal Contract Tower,0,18,27,0,45,0,0,11,2,13,0,18,38,2,58,0,0,0,58
08/05/2022,GYY,IN,AGL,CE,Federal Contract Tower,2,7,30,3,42,0,0,19,4,23,2,7,49,7,65,16,0,16,81
08/06/2022,GYY,IN,AGL,CE,Federal Contract Tower,0,0,14,0,14,0,0,27,4,31,0,0,41,4,45,40,0,40,85
08/07/2022,GYY,IN,AGL,CE,Federal Contract Tower,2,11,28,0,41,0,0,12,0,12,2,11,40,0,53,4,0,4,57
08/08/2022,GYY,IN,AGL,CE,Federal Contract Tower,0,7,16,0,23,0,0,3,0,3,0,7,19,0,26,4,0,4,30
08/09/2022,GYY,IN,AGL,CE,Federal Contract Tower,3,12,17,1,33,0,0,9,1,10,3,12,26,2,43,62,0,62,105
08/10/2022,GYY,IN,AGL,CE,Federal Contract Tower,4,7,28,0,39,0,0,18,0,18,4,7,46,0,57,46,0,46,103
08/11/2022,GYY,IN,AGL,CE,Federal Contract Tower,1,13,22,0,36,0,0,25,0,25,1,13,47,0,61,54,0,54,115
08/12/2022,GYY,IN,AGL,CE,Federal Contract Tower,2,12,26,2,42,0,0,24,2,26,2,12,50,4,68,36,0,36,104
08/13/2022,GYY,IN,AGL,CE,Federal Contract Tower,0,5,9,0,14,0,0,6,0,6,0,5,15,0,20,6,0,6,26
08/14/2022,GYY,IN,AGL,CE,Federal Contract Tower,0,9,30,3,42,0,0,8,5,13,0,9,38,8,55,0,0,0,55
08/15/2022,GYY,IN,AGL,CE,Federal Contract Tower,1,8,14,0,23,0,0,19,0,19,1,8,33,0,42,18,0,18,60
08/16/2022,GYY,IN,AGL,CE,Federal Contract Tower,4,5,18,10,37,0,0,34,0,34,4,5,52,10,71,22,0,22,93
08/17/2022,GYY,IN,AGL,CE,Federal Contract Tower,3,4,24,2,33,0,0,34,4,38,3,4,58,6,71,18,8,26,97
08/18/2022,GYY,IN,AGL,CE,Federal Contract Tower,0,12,29,5,46,0,2,27,27,56,0,14,56,32,102,12,6,18,120
08/19/2022,GYY,IN,AGL,CE,Federal Contract Tower,3,5,25,14,47,0,0,42,22,64,3,5,67,36,111,20,12,32,143
08/20/2022,GYY,IN,AGL,CE,Federal Contract Tower,0,1,16,0,17,0,0,8,27,35,0,1,24,27,52,0,16,16,68
08/21/2022,GYY,IN,AGL,CE,Federal Contract Tower,1,9,29,18,57,0,0,8,65,73,1,9,37,83,130,16,12,28,158
08/22/2022,GYY,IN,AGL,CE,Federal Contract Tower,3,5,22,4,34,0,0,0,0,0,3,5,22,4,34,10,0,10,44
08/23/2022,GYY,IN,AGL,CE,Federal Contract Tower,3,2,20,6,31,0,2,20,0,22,3,4,40,6,53,26,0,26,79
08/24/2022,GYY,IN,AGL,CE,Federal Contract Tower,3,6,26,0,35,0,1,14,2,17,3,7,40,2,52,32,0,32,84
08/25/2022,GYY,IN,AGL,CE,Federal Contract Tower,3,5,16,0,24,0,0,8,10,18,3,5,24,10,42,18,34,52,94
08/26/2022,GYY,IN,AGL,CE,Federal Contract Tower,3,4,31,0,38,0,0,14,5,19,3,4,45,5,57,28,2,30,87
08/27/2022,GYY,IN,AGL,CE,Federal Contract Tower,0,2,13,0,15,0,0,22,0,22,0,2,35,0,37,24,0,24,61
08/28/2022,GYY,IN,AGL,CE,Federal Contract Tower,0,4,13,0,17,0,0,20,0,20,0,4,33,0,37,26,0,26,63
08/29/2022,GYY,IN,AGL,CE,Federal Contract Tower,4,10,19,0,33,0,0,13,0,13,4,10,32,0,46,6,0,6,52
08/30/2022,GYY,IN,AGL,CE,Federal Contract Tower,3,7,19,0,29,0,0,19,2,21,3,7,38,2,50,10,0,10,60
08/31/2022,GYY,IN,AGL,CE,Federal Contract Tower,4,8,29,0,41,0,0,19,0,19,4,8,48,0,60,8,0,8,68
09/01/2022,GYY,IN,AGL,CE,Federal Contract Tower,0,17,29,7,53,0,4,23,5,32,0,21,52,12,85,36,10,46,131
09/02/2022,GYY,IN,AGL,CE,Federal Contract Tower,1,8,22,0,31,0,0,12,2,14,1,8,34,2,45,22,6,28,73
09/03/2022,GYY,IN,AGL,CE,Federal Contract Tower,0,2,12,1,15,0,0,8,0,8,0,2,20,1,23,14,0,14,37
09/04/2022,GYY,IN,AGL,CE,Federal Contract Tower,0,5,12,0,17,0,0,0,0,0,0,5,12,0,17,0,0,0,17
09/05/2022,GYY,IN,AGL,CE,Federal Contract Tower,1,2,32,0,35,0,0,1,0,1,1,2,33,0,36,0,0,0,36
09/06/2022,GYY,IN,AGL,CE,Federal Contract Tower,4,8,21,0,33,0,0,9,0,9,4,8,30,0,42,10,0,10,52
09/07/2022,GYY,IN,AGL,CE,Federal Contract Tower,3,8,34,0,45,0,0,10,1,11,3,8,44,1,56,2,2,4,60
09/08/2022,GYY,IN,AGL,CE,Federal Contract Tower,1,5,18,1,25,0,0,23,5,28,1,5,41,6,53,10,0,10,63
09/09/2022,GYY,IN,AGL,CE,Federal Contract Tower,4,7,20,0,31,0,0,22,13,35,4,7,42,13,66,22,10,32,98
09/10/2022,GYY,IN,AGL,CE,Federal Contract Tower,1,4,17,0,22,0,0,16,12,28,1,4,33,12,50,8,0,8,58
09/11/2022,GYY,IN,AGL,CE,Federal Contract Tower,1,5,20,3,29,0,0,0,0,0,1,5,20,3,29,0,0,0,29
09/12/2022,GYY,IN,AGL,CE,Federal Contract Tower,1,11,37,0,49,0,0,1,0,1,1,11,38,0,50,0,0,0,50
09/13/2022,GYY,IN,AGL,CE,Federal Contract Tower,3,3,39,0,45,0,0,12,0,12,3,3,51,0,57,30,0,30,87
09/14/2022,GYY,IN,AGL,CE,Federal Contract Tower,4,9,37,0,50,0,0,28,2,30,4,9,65,2,80,44,0,44,124
09/15/2022,GYY,IN,AGL,CE,Federal Contract Tower,0,15,43,0,58,0,0,34,6,40,0,15,77,6,98,28,0,28,126
09/16/2022,GYY,IN,AGL,CE,Federal Contract Tower,1,6,30,2,39,0,0,20,0,20,1,6,50,2,59,30,0,30,89
09/17/2022,GYY,IN,AGL,CE,Federal Contract Tower,0,0,15,0,15,0,0,17,0,17,0,0,32,0,32,18,0,18,50
09/18/2022,GYY,IN,AGL,CE,Federal Contract Tower,2,3,27,0,32,0,0,21,0,21,2,3,48,0,53,6,2,8,61
09/19/2022,GYY,IN,AGL,CE,Federal Contract Tower,1,10,30,0,41,0,0,7,0,7,1,10,37,0,48,8,0,8,56
09/20/2022,GYY,IN,AGL,CE,Federal Contract Tower,3,5,13,0,21,0,0,14,0,14,3,5,27,0,35,30,0,30,65
09/21/2022,GYY,IN,AGL,CE,Federal Contract Tower,3,9,33,0,45,0,0,18,1,19,3,9,51,1,64,14,0,14,78
09/22/2022,GYY,IN,AGL,CE,Federal Contract Tower,0,11,20,1,32,0,0,16,5,21,0,11,36,6,53,20,0,20,73
09/23/2022,GYY,IN,AGL,CE,Federal Contract Tower,1,5,26,17,49,0,0,21,8,29,1,5,47,25,78,28,8,36,114
09/24/2022,GYY,IN,AGL,CE,Federal Contract Tower,0,1,19,1,21,0,0,16,5,21,0,1,35,6,42,6,0,6,48
09/25/2022,GYY,IN,AGL,CE,Federal Contract Tower,0,13,13,8,34,0,0,6,0,6,0,13,19,8,40,14,0,14,54
09/26/2022,GYY,IN,AGL,CE,Federal Contract Tower,0,7,18,0,25,0,1,15,4,20,0,8,33,4,45,44,0,44,89
09/27/2022,GYY,IN,AGL,CE,Federal Contract Tower,3,6,25,0,34,0,0,18,2,20,3,6,43,2,54,4,0,4,58
09/28/2022,GYY,IN,AGL,CE,Federal Contract Tower,3,7,12,2,24,0,0,21,4,25,3,7,33,6,49,4,0,4,53
09/29/2022,GYY,IN,AGL,CE,Federal Contract Tower,1,18,19,0,38,0,0,26,8,34,1,18,45,8,72,50,0,50,122
09/30/2022,GYY,IN,AGL,CE,Federal Contract Tower,2,3,23,0,28,0,0,31,2,33,2,3,54,2,61,30,0,30,91
10/01/2022,GYY,IN,AGL,CE,Federal Contract Tower,0,7,16,0,23,0,0,24,0,24,0,7,40,0,47,22,0,22,69
10/02/2022,GYY,IN,AGL,CE,Federal Contract Tower,0,5,27,0,32,0,0,7,0,7,0,5,34,0,39,6,0,6,45
10/03/2022,GYY,IN,AGL,CE,Federal Contract Tower,4,0,26,0,30,0,1,13,0,14,4,1,39,0,44,12,2,14,58
10/04/2022,GYY,IN,AGL,CE,Federal Contract Tower,1,11,18,0,30,0,0,17,1,18,1,11,35,1,48,20,0,20,68
10/05/2022,GYY,IN,AGL,CE,Federal Contract Tower,0,17,22,0,39,0,1,32,8,41,0,18,54,8,80,80,0,80,160
10/06/2022,GYY,IN,AGL,CE,Federal Contract Tower,3,12,22,1,38,0,0,13,1,14,3,12,35,2,52,34,10,44,96
10/07/2022,GYY,IN,AGL,CE,Federal Contract Tower,1,9,13,2,25,0,0,4,0,4,1,9,17,2,29,10,0,10,39
10/08/2022,GYY,IN,AGL,CE,Federal Contract Tower,1,7,11,1,20,0,0,20,1,21,1,7,31,2,41,10,0,10,51
10/09/2022,GYY,IN,AGL,CE,Federal Contract Tower,1,7,17,0,25,0,0,9,0,9,1,7,26,0,34,28,0,28,62
10/10/2022,GYY,IN,AGL,CE,Federal Contract Tower,4,10,22,1,37,0,0,10,0,10,4,10,32,1,47,20,2,22,69
10/11/2022,GYY,IN,AGL,CE,Federal Contract Tower,0,15,19,0,34,0,0,9,0,9,0,15,28,0,43,0,0,0,43
10/12/2022,GYY,IN,AGL,CE,Federal Contract Tower,0,11,25,0,36,0,0,9,2,11,0,11,34,2,47,0,18,18,65
10/13/2022,GYY,IN,AGL,CE,Federal Contract Tower,3,9,22,2,36,0,0,15,6,21,3,9,37,8,57,6,0,6,63
10/14/2022,GYY,IN,AGL,CE,Federal Contract Tower,0,5,30,1,36,0,0,22,5,27,0,5,52,6,63,30,0,30,93
10/15/2022,GYY,IN,AGL,CE,Federal Contract Tower,0,6,17,0,23,0,0,26,5,31,0,6,43,5,54,22,0,22,76
10/16/2022,GYY,IN,AGL,CE,Federal Contract Tower,1,11,14,1,27,0,0,13,1,14,1,11,27,2,41,4,0,4,45
10/17/2022,GYY,IN,AGL,CE,Federal Contract Tower,3,4,15,0,22,0,0,7,0,7,3,4,22,0,29,0,0,0,29
10/18/2022,GYY,IN,AGL,CE,Federal Contract Tower,0,5,19,1,25,0,0,5,6,11,0,5,24,7,36,0,14,14,50
10/19/2022,GYY,IN,AGL,CE,Federal Contract Tower,0,10,27,1,38,0,0,19,2,21,0,10,46,3,59,18,20,38,97
10/20/2022,GYY,IN,AGL,CE,Federal Contract Tower,4,9,15,1,29,0,0,13,9,22,4,9,28,10,51,32,6,38,89
10/21/2022,GYY,IN,AGL,CE,Federal Contract Tower,1,10,29,0,40,0,0,18,2,20,1,10,47,2,60,19,0,19,79
10/22/2022,GYY,IN,AGL,CE,Federal Contract Tower,0,4,13,0,17,0,0,4,0,4,0,4,17,0,21,0,0,0,21
10/23/2022,GYY,IN,AGL,CE,Federal Contract Tower,0,10,36,0,46,0,0,11,0,11,0,10,47,0,57,0,0,0,57
10/24/2022,GYY,IN,AGL,CE,Federal Contract Tower,3,6,23,0,32,0,0,6,0,6,3,6,29,0,38,8,0,8,46
10/25/2022,GYY,IN,AGL,CE,Federal Contract Tower,0,1,27,0,28,0,0,0,0,0,0,1,27,0,28,0,2,2,30
10/26/2022,GYY,IN,AGL,CE,Federal Contract Tower,0,8,31,2,41,0,0,11,2,13,0,8,42,4,54,22,0,22,76
10/27/2022,GYY,IN,AGL,CE,Federal Contract Tower,3,5,20,1,29,0,0,25,3,28,3,5,45,4,57,26,6,32,89
10/28/2022,GYY,IN,AGL,CE,Federal Contract Tower,2,3,20,0,25,0,0,28,2,30,2,3,48,2,55,68,0,68,123
10/29/2022,GYY,IN,AGL,CE,Federal Contract Tower,0,3,25,0,28,0,0,19,0,19,0,3,44,0,47,34,0,34,81
10/30/2022,GYY,IN,AGL,CE,Federal Contract Tower,0,7,14,0,21,0,0,21,0,21,0,7,35,0,42,6,0,6,48
10/31/2022,GYY,IN,AGL,CE,Federal Contract Tower,4,4,16,0,24,0,0,0,0,0,4,4,16,0,24,0,0,0,24
11/01/2022,GYY,IN,AGL,CE,Federal Contract Tower,0,14,25,3,42,0,0,10,3,13,0,14,35,6,55,36,24,60,115
11/02/2022,GYY,IN,AGL,CE,Federal Contract Tower,0,8,20,0,28,0,0,25,1,26,0,8,45,1,54,14,20,34,88
11/03/2022,GYY,IN,AGL,CE,Federal Contract Tower,3,5,20,2,30,0,0,8,12,20,3,5,28,14,50,46,0,46,96
11/04/2022,GYY,IN,AGL,CE,Federal Contract Tower,0,11,26,0,37,0,0,13,3,16,0,11,39,3,53,4,0,4,57
11/05/2022,GYY,IN,AGL,CE,Federal Contract Tower,0,4,7,3,14,0,1,2,1,4,0,5,9,4,18,0,0,0,18
11/06/2022,GYY,IN,AGL,CE,Federal Contract Tower,1,6,15,1,23,0,0,11,12,23,1,6,26,13,46,4,0,4,50
11/07/2022,GYY,IN,AGL,CE,Federal Contract Tower,3,6,20,4,33,0,2,22,2,26,3,8,42,6,59,72,0,72,131
11/08/2022,GYY,IN,AGL,CE,Federal Contract Tower,0,14,15,3,32,0,0,31,3,34,0,14,46,6,66,30,2,32,98
11/09/2022,GYY,IN,AGL,CE,Federal Contract Tower,0,6,26,0,32,0,0,20,4,24,0,6,46,4,56,78,0,78,134
11/10/2022,GYY,IN,AGL,CE,Federal Contract Tower,5,10,31,1,47,0,0,16,4,20,5,10,47,5,67,32,0,32,99
11/11/2022,GYY,IN,AGL,CE,Federal Contract Tower,0,6,15,0,21,0,0,10,0,10,0,6,25,0,31,24,0,24,55
11/12/2022,GYY,IN,AGL,CE,Federal Contract Tower,0,5,9,0,14,0,0,7,0,7,0,5,16,0,21,30,0,30,51
11/13/2022,GYY,IN,AGL,CE,Federal Contract Tower,0,1,15,0,16,0,0,14,0,14,0,1,29,0,30,34,0,34,64
11/14/2022,GYY,IN,AGL,CE,Federal Contract Tower,4,5,20,0,29,0,0,14,0,14,4,5,34,0,43,38,0,38,81
11/15/2022,GYY,IN,AGL,CE,Federal Contract Tower,3,11,14,0,28,0,0,0,0,0,3,11,14,0,28,0,2,2,30
11/16/2022,GYY,IN,AGL,CE,Federal Contract Tower,3,10,19,3,35,0,0,0,0,0,3,10,19,3,35,0,0,0,35
11/17/2022,GYY,IN,AGL,CE,Federal Contract Tower,3,3,25,0,31,0,0,1,8,9,3,3,26,8,40,0,6,6,46
11/18/2022,GYY,IN,AGL,CE,Federal Contract Tower,0,5,13,1,19,0,0,9,0,9,0,5,22,1,28,0,0,0,28
11/19/2022,GYY,IN,AGL,CE,Federal Contract Tower,1,7,20,0,28,0,0,0,0,0,1,7,20,0,28,0,0,0,28
11/20/2022,GYY,IN,AGL,CE,Federal Contract Tower,0,7,17,1,25,0,0,8,0,8,0,7,25,1,33,4,0,4,37
11/21/2022,GYY,IN,AGL,CE,Federal Contract Tower,3,2,18,0,23,0,0,15,0,15,3,2,33,0,38,8,6,14,52
11/22/2022,GYY,IN,AGL,CE,Federal Contract Tower,0,5,33,0,38,0,0,25,6,31,0,5,58,6,69,26,0,26,95
11/23/2022,GYY,IN,AGL,CE,Federal Contract Tower,0,8,13,0,21,0,0,20,1,21,0,8,33,1,42,22,2,24,66
11/24/2022,GYY,IN,AGL,CE,Federal Contract Tower,0,2,6,0,8,0,0,5,0,5,0,2,11,0,13,6,0,6,19
11/25/2022,GYY,IN,AGL,CE,Federal Contract Tower,0,0,6,0,6,0,0,4,0,4,0,0,10,0,10,20,0,20,30
11/26/2022,GYY,IN,AGL,CE,Federal Contract Tower,0,1,31,0,32,0,0,9,0,9,0,1,40,0,41,0,0,0,41
11/27/2022,GYY,IN,AGL,CE,Federal Contract Tower,0,8,29,0,37,0,0,0,0,0,0,8,29,0,37,0,0,0,37
11/28/2022,GYY,IN,AGL,CE,Federal Contract Tower,4,7,14,0,25,0,0,11,0,11,4,7,25,0,36,14,0,14,50
11/29/2022,GYY,IN,AGL,CE,Federal Contract Tower,0,7,23,0,30,0,0,2,9,11,0,7,25,9,41,2,0,2,43
11/30/2022,GYY,IN,AGL,CE,Federal Contract Tower,0,9,18,0,27,0,0,10,4,14,0,9,28,4,41,0,0,0,41
12/01/2022,GYY,IN,AGL,CE,Federal Contract Tower,4,4,16,0,24,0,0,9,6,15,4,4,25,6,39,78,0,78,117
12/02/2022,GYY,IN,AGL,CE,Federal Contract Tower,4,5,12,1,22,0,0,10,16,26,4,5,22,17,48,0,0,0,48
12/03/2022,GYY,IN,AGL,CE,Federal Contract Tower,0,5,12,0,17,0,0,17,1,18,0,5,29,1,35,24,0,24,59
12/04/2022,GYY,IN,AGL,CE,Federal Contract Tower,0,2,15,0,17,0,1,11,0,12,0,3,26,0,29,20,2,22,51
12/05/2022,GYY,IN,AGL,CE,Federal Contract Tower,4,5,20,1,30,0,0,15,1,16,4,5,35,2,46,24,0,24,70
12/06/2022,GYY,IN,AGL,CE,Federal Contract Tower,0,15,20,0,35,0,0,9,2,11,0,15,29,2,46,8,8,16,62
12/07/2022,GYY,IN,AGL,CE,Federal Contract Tower,0,19,19,0,38,0,0,0,1,1,0,19,19,1,39,2,16,18,57
12/08/2022,GYY,IN,AGL,CE,Federal Contract Tower,0,9,18,0,27,0,0,21,3,24,0,9,39,3,51,44,0,44,95
12/09/2022,GYY,IN,AGL,CE,Federal Contract Tower,2,15,18,0,35,0,0,0,0,0,2,15,18,0,35,0,0,0,35
12/10/2022,GYY,IN,AGL,CE,Federal Contract Tower,0,6,11,0,17,0,0,0,0,0,0,6,11,0,17,0,0,0,17
12/11/2022,GYY,IN,AGL,CE,Federal Contract Tower,0,5,19,0,24,0,0,7,0,7,0,5,26,0,31,8,0,8,39
12/12/2022,GYY,IN,AGL,CE,Federal Contract Tower,4,10,19,0,33,0,0,11,0,11,4,10,30,0,44,4,0,4,48
12/13/2022,GYY,IN,AGL,CE,Federal Contract Tower,0,13,21,0,34,0,0,6,4,10,0,13,27,4,44,12,0,12,56
12/14/2022,GYY,IN,AGL,CE,Federal Contract Tower,0,10,21,0,31,0,0,0,0,0,0,10,21,0,31,0,0,0,31
12/15/2022,GYY,IN,AGL,CE,Federal Contract Tower,0,14,11,0,25,0,0,4,0,4,0,14,15,0,29,14,0,14,43
12/16/2022,GYY,IN,AGL,CE,Federal Contract Tower,5,11,15,0,31,0,0,0,0,0,5,11,15,0,31,0,0,0,31
12/17/2022,GYY,IN,AGL,CE,Federal Contract Tower,0,4,24,0,28,0,0,0,0,0,0,4,24,0,28,0,0,0,28
12/18/2022,GYY,IN,AGL,CE,Federal Contract Tower,0,5,22,0,27,0,0,10,4,14,0,5,32,4,41,16,0,16,57
12/19/2022,GYY,IN,AGL,CE,Federal Contract Tower,4,9,17,1,31,0,0,18,0,18,4,9,35,1,49,4,0,4,53
12/20/2022,GYY,IN,AGL,CE,Federal Contract Tower,0,15,13,0,28,0,0,12,2,14,0,15,25,2,42,28,0,28,70
12/21/2022,GYY,IN,AGL,CE,Federal Contract Tower,0,17,27,0,44,0,0,6,4,10,0,17,33,4,54,20,4,24,78
12/22/2022,GYY,IN,AGL,CE,Federal Contract Tower,2,13,19,0,34,0,0,0,0,0,2,13,19,0,34,0,0,0,34
12/23/2022,GYY,IN,AGL,CE,Federal Contract Tower,0,0,5,0,5,0,0,0,0,0,0,0,5,0,5,0,0,0,5
12/24/2022,GYY,IN,AGL,CE,Federal Contract Tower,0,5,1,0,6,0,0,1,0,1,0,5,2,0,7,0,0,0,7
12/25/2022,GYY,IN,AGL,CE,Federal Contract Tower,0,0,3,0,3,0,0,2,0,2,0,0,5,0,5,0,0,0,5
12/26/2022,GYY,IN,AGL,CE,Federal Contract Tower,0,3,19,0,22,0,0,2,0,2,0,3,21,0,24,0,0,0,24
12/27/2022,GYY,IN,AGL,CE,Federal Contract Tower,0,8,20,0,28,0,0,12,0,12,0,8,32,0,40,14,0,14,54
12/28/2022,GYY,IN,AGL,CE,Federal Contract Tower,0,8,17,0,25,0,0,8,2,10,0,8,25,2,35,10,0,10,45
12/29/2022,GYY,IN,AGL,CE,Federal Contract Tower,4,8,11,1,24,0,0,3,6,9,4,8,14,7,33,0,0,0,33
12/30/2022,GYY,IN,AGL,CE,Federal Contract Tower,0,1,12,0,13,0,0,4,0,4,0,1,16,0,17,18,0,18,35
12/31/2022,GYY,IN,AGL,CE,Federal Contract Tower,0,2,5,0,7,0,0,7,0,7,0,2,12,0,14,14,0,14,28
01/01/2023,GYY,IN,AGL,CE,Federal Contract Tower,0,4,11,0,15,0,0,7,0,7,0,4,18,0,22,14,0,14,36
01/02/2023,GYY,IN,AGL,CE,Federal Contract Tower,0,3,11,0,14,0,0,0,0,0,0,3,11,0,14,0,0,0,14
01/03/2023,GYY,IN,AGL,CE,Federal Contract Tower,3,6,12,0,21,0,0,0,0,0,3,6,12,0,21,0,0,0,21
01/04/2023,GYY,IN,AGL,CE,Federal Contract Tower,3,4,14,0,21,0,0,2,4,6,3,4,16,4,27,0,0,0,27
01/05/2023,GYY,IN,AGL,CE,Federal Contract Tower,3,3,4,0,10,0,0,2,2,4,3,3,6,2,14,0,16,16,30
01/06/2023,GYY,IN,AGL,CE,Federal Contract Tower,2,1,20,0,23,0,0,0,0,0,2,1,20,0,23,0,18,18,41
01/07/2023,GYY,IN,AGL,CE,Federal Contract Tower,1,4,10,0,15,0,0,3,0,3,1,4,13,0,18,2,0,2,20
01/08/2023,GYY,IN,AGL,CE,Federal Contract Tower,0,8,19,0,27,0,1,1,0,2,0,9,20,0,29,6,0,6,35
01/09/2023,GYY,IN,AGL,CE,Federal Contract Tower,3,4,19,0,26,0,0,14,0,14,3,4,33,0,40,12,0,12,52
01/10/2023,GYY,IN,AGL,CE,Federal Contract Tower,4,7,20,1,32,0,0,10,5,15,4,7,30,6,47,28,10,38,85
01/11/2023,GYY,IN,AGL,CE,Federal Contract Tower,2,4,10,1,17,0,0,8,6,14,2,4,18,7,31,10,0,10,41
01/12/2023,GYY,IN,AGL,CE,Federal Contract Tower,3,12,20,0,35,0,0,4,5,9,3,12,24,5,44,0,20,20,64
01/13/2023,GYY,IN,AGL,CE,Federal Contract Tower,2,11,10,0,23,0,0,4,0,4,2,11,14,0,27,0,38,38,65
01/14/2023,GYY,IN,AGL,CE,Federal Contract Tower,0,2,10,0,12,0,0,10,0,10,0,2,20,0,22,46,8,54,76
01/15/2023,GYY,IN,AGL,CE,Federal Contract Tower,0,2,15,0,17,0,0,16,0,16,0,2,31,0,33,16,0,16,49
01/16/2023,GYY,IN,AGL,CE,Federal Contract Tower,3,8,14,0,25,0,0,3,0,3,3,8,17,0,28,4,0,4,32
01/17/2023,GYY,IN,AGL,CE,Federal Contract Tower,3,3,12,0,18,0,0,6,0,6,3,3,18,0,24,0,0,0,24
01/18/2023,GYY,IN,AGL,CE,Federal Contract Tower,3,4,12,1,20,0,0,5,5,10,3,4,17,6,30,4,0,4,34
01/19/2023,GYY,IN,AGL,CE,Federal Contract Tower,6,9,0,0,15,0,0,0,0,0,6,9,0,0,15,0,6,6,21
01/20/2023,GYY,IN,AGL,CE,Federal Contract Tower,2,9,8,0,19,0,0,7,3,10,2,9,15,3,29,16,12,28,57
01/21/2023,GYY,IN,AGL,CE,Federal Contract Tower,0,6,8,0,14,0,0,6,0,6,0,6,14,0,20,4,0,4,24
01/22/2023,GYY,IN,AGL,CE,Federal Contract Tower,0,11,10,0,21,0,0,0,0,0,0,11,10,0,21,0,0,0,21
01/23/2023,GYY,IN,AGL,CE,Federal Contract Tower,3,8,7,0,18,0,0,11,0,11,3,8,18,0,29,2,0,2,31
01/24/2023,GYY,IN,AGL,CE,Federal Contract Tower,4,10,6,0,20,0,0,1,4,5,4,10,7,4,25,0,12,12,37
01/25/2023,GYY,IN,AGL,CE,Federal Contract Tower,4,6,12,0,22,0,0,0,0,0,4,6,12,0,22,0,0,0,22
01/26/2023,GYY,IN,AGL,CE,Federal Contract Tower,0,11,18,0,29,0,0,5,8,13,0,11,23,8,42,18,0,18,60
01/27/2023,GYY,IN,AGL,CE,Federal Contract Tower,0,8,10,0,18,0,0,6,1,7,0,8,16,1,25,0,0,0,25
01/28/2023,GYY,IN,AGL,CE,Federal Contract Tower,1,6,10,0,17,0,0,6,0,6,1,6,16,0,23,0,0,0,23
01/29/2023,GYY,IN,AGL,CE,Federal Contract Tower,0,8,13,0,21,0,0,0,0,0,0,8,13,0,21,0,0,0,21
01/30/2023,GYY,IN,AGL,CE,Federal Contract Tower,5,8,9,0,22,0,0,6,0,6,5,8,15,0,28,0,0,0,28
01/31/2023,GYY,IN,AGL,CE,Federal Contract Tower,3,3,15,0,21,0,0,7,1,8,3,3,22,1,29,20,6,26,55
02/01/2023,GYY,IN,AGL,CE,Federal Contract Tower,4,1,15,0,20,0,0,22,4,26,4,1,37,4,46,16,0,16,62
02/02/2023,GYY,IN,AGL,CE,Federal Contract Tower,0,12,16,0,28,0,0,13,8,21,0,12,29,8,49,5,6,11,60
02/03/2023,GYY,IN,AGL,CE,Federal Contract Tower,2,2,6,0,10,0,1,16,12,29,2,3,22,12,39,30,0,30,69
02/04/2023,GYY,IN,AGL,CE,Federal Contract Tower,1,3,8,0,12,0,0,17,9,26,1,3,25,9,38,14,0,14,52
02/05/2023,GYY,IN,AGL,CE,Federal Contract Tower,0,9,10,0,19,0,0,12,9,21,0,9,22,9,40,0,0,0,40
02/06/2023,GYY,IN,AGL,CE,Federal Contract Tower,3,4,19,1,27,0,1,20,0,21,3,5,39,1,48,6,0,6,54
02/07/2023,GYY,IN,AGL,CE,Federal Contract Tower,3,4,15,2,24,0,0,8,1,9,3,4,23,3,33,20,0,20,53
02/08/2023,GYY,IN,AGL,CE,Federal Contract Tower,3,7,14,0,24,0,0,9,1,10,3,7,23,1,34,10,0,10,44
02/09/2023,GYY,IN,AGL,CE,Federal Contract Tower,4,16,24,2,46,0,0,0,0,0,4,16,24,2,46,0,0,0,46
02/10/2023,GYY,IN,AGL,CE,Federal Contract Tower,1,9,14,1,25,0,0,13,1,14,1,9,27,2,39,28,0,28,67
02/11/2023,GYY,IN,AGL,CE,Federal Contract Tower,1,5,8,0,14,0,0,21,0,21,1,5,29,0,35,24,0,24,59
02/12/2023,GYY,IN,AGL,CE,Federal Contract Tower,1,3,14,0,18,0,0,14,0,14,1,3,28,0,32,14,0,14,46
02/13/2023,GYY,IN,AGL,CE,Federal Contract Tower,3,5,14,0,22,0,0,19,0,19,3,5,33,0,41,30,0,30,71
02/14/2023,GYY,IN,AGL,CE,Federal Contract Tower,3,7,18,0,28,0,1,11,4,16,3,8,29,4,44,10,0,10,54
02/15/2023,GYY,IN,AGL,CE,Federal Contract Tower,0,8,11,0,19,0,0,11,2,13,0,8,22,2,32,0,0,0,32
02/16/2023,GYY,IN,AGL,CE,Federal Contract Tower,0,15,12,0,27,0,0,0,0,0,0,15,12,0,27,0,0,0,27
02/17/2023,GYY,IN,AGL,CE,Federal Contract Tower,1,6,23,0,30,0,0,15,2,17,1,6,38,2,47,38,0,38,85
02/18/2023,GYY,IN,AGL,CE,Federal Contract Tower,1,3,7,0,11,0,0,17,0,17,1,3,24,0,28,8,0,8,36
02/19/2023,GYY,IN,AGL,CE,Federal Contract Tower,0,4,11,0,15,0,0,20,0,20,0,4,31,0,35,2,0,2,37
02/20/2023,GYY,IN,AGL,CE,Federal Contract Tower,2,9,19,0,30,0,0,32,0,32,2,9,51,0,62,56,0,56,118
02/21/2023,GYY,IN,AGL,CE,Federal Contract Tower,8,11,12,0,31,0,0,17,0,17,8,11,29,0,48,24,0,24,72
02/22/2023,GYY,IN,AGL,CE,Federal Contract Tower,3,3,10,0,16,0,0,0,0,0,3,3,10,0,16,0,0,0,16
02/23/2023,GYY,IN,AGL,CE,Federal Contract Tower,4,8,14,0,26,0,0,1,7,8,4,8,15,7,34,2,0,2,36
02/24/2023,GYY,IN,AGL,CE,Federal Contract Tower,3,9,10,0,22,0,0,16,3,19,3,9,26,3,41,32,0,32,73
02/25/2023,GYY,IN,AGL,CE,Federal Contract Tower,0,7,23,0,30,0,0,9,0,9,0,7,32,0,39,42,0,42,81
02/26/2023,GYY,IN,AGL,CE,Federal Contract Tower,0,5,15,0,20,0,0,21,0,21,0,5,36,0,41,36,0,36,77
02/27/2023,GYY,IN,AGL,CE,Federal Contract Tower,3,6,9,0,18,0,0,0,0,0,3,6,9,0,18,0,0,0,18
02/28/2023,GYY,IN,AGL,CE,Federal Contract Tower,4,11,19,2,36,0,0,17,1,18,4,11,36,3,54,38,4,42,96
03/01/2023,GYY,IN,AGL,CE,Federal Contract Tower,0,7,18,0,25,0,0,0,0,0,0,7,18,0,25,41,0,41,66
03/02/2023,GYY,IN,AGL,CE,Federal Contract Tower,0,11,21,1,33,0,0,0,0,0,0,11,21,1,33,2,0,2,35
03/03/2023,GYY,IN,AGL,CE,Federal Contract Tower,4,4,6,0,14,0,0,0,0,0,4,4,6,0,14,0,0,0,14
03/04/2023,GYY,IN,AGL,CE,Federal Contract Tower,0,6,12,0,18,0,0,11,12,23,0,6,23,12,41,2,23,25,66
03/05/2023,GYY,IN,AGL,CE,Federal Contract Tower,0,5,23,0,28,0,0,15,2,17,0,5,38,2,45,8,12,20,65
03/06/2023,GYY,IN,AGL,CE,Federal Contract Tower,5,5,31,0,41,0,0,2,0,2,5,5,33,0,43,8,0,8,51
03/07/2023,GYY,IN,AGL,CE,Federal Contract Tower,3,4,8,2,17,0,1,21,2,24,3,5,29,4,41,22,0,22,63
03/08/2023,GYY,IN,AGL,CE,Federal Contract Tower,4,11,29,0,44,0,2,21,5,28,4,13,50,5,72,28,8,36,108
03/09/2023,GYY,IN,AGL,CE,Federal Contract Tower,4,14,18,0,36,0,0,10,4,14,4,14,28,4,50,6,4,10,60
03/10/2023,GYY,IN,AGL,CE,Federal Contract Tower,3,7,18,0,28,0,0,0,0,0,3,7,18,0,28,0,8,8,36
03/11/2023,GYY,IN,AGL,CE,Federal Contract Tower,3,5,12,0,20,0,0,7,0,7,3,5,19,0,27,48,0,48,75
03/12/2023,GYY,IN,AGL,CE,Federal Contract Tower,0,5,14,0,19,0,0,0,0,0,0,5,14,0,19,0,0,0,19
03/13/2023,GYY,IN,AGL,CE,Federal Contract Tower,3,3,18,0,24,0,0,0,0,0,3,3,18,0,24,0,0,0,24
03/14/2023,GYY,IN,AGL,CE,Federal Contract Tower,4,3,21,0,28,0,2,29,13,44,4,5,50,13,72,56,0,56,128
03/15/2023,GYY,IN,AGL,CE,Federal Contract Tower,3,11,21,1,36,0,3,25,1,29,3,14,46,2,65,44,0,44,109
03/16/2023,GYY,IN,AGL,CE,Federal Contract Tower,3,3,12,0,18,0,0,5,2,7,3,3,17,2,25,8,24,32,57
03/17/2023,GYY,IN,AGL,CE,Federal Contract Tower,0,3,21,0,24,0,0,5,1,6,0,3,26,1,30,0,0,0,30
03/18/2023,GYY,IN,AGL,CE,Federal Contract Tower,0,8,13,0,21,0,0,7,0,7,0,8,20,0,28,0,0,0,28
03/19/2023,GYY,IN,AGL,CE,Federal Contract Tower,0,3,34,0,37,0,0,33,0,33,0,3,67,0,70,12,0,12,82
03/20/2023,GYY,IN,AGL,CE,Federal Contract Tower,5,6,20,0,31,0,0,15,0,15,5,6,35,0,46,20,0,20,66
03/21/2023,GYY,IN,AGL,CE,Federal Contract Tower,4,2,27,1,34,0,0,25,6,31,4,2,52,7,65,36,0,36,101
03/22/2023,GYY,IN,AGL,CE,Federal Contract Tower,3,8,16,2,29,0,0,0,0,0,3,8,16,2,29,0,0,0,29
03/23/2023,GYY,IN,AGL,CE,Federal Contract Tower,3,6,15,1,25,0,0,5,4,9,3,6,20,5,34,4,0,4,38
03/24/2023,GYY,IN,AGL,CE,Federal Contract Tower,2,10,19,2,33,0,0,4,4,8,2,10,23,6,41,4,0,4,45
03/25/2023,GYY,IN,AGL,CE,Federal Contract Tower,0,5,12,0,17,0,0,2,0,2,0,5,14,0,19,4,0,4,23
03/26/2023,GYY,IN,AGL,CE,Federal Contract Tower,0,5,28,2,35,0,0,13,0,13,0,5,41,2,48,30,0,30,78
03/27/2023,GYY,IN,AGL,CE,Federal Contract Tower,3,5,17,0,25,0,0,26,0,26,3,5,43,0,51,60,0,60,111
03/28/2023,GYY,IN,AGL,CE,Federal Contract Tower,4,8,21,1,34,0,0,34,2,36,4,8,55,3,70,72,0,72,142
03/29/2023,GYY,IN,AGL,CE,Federal Contract Tower,3,10,27,0,40,0,0,9,3,12,3,10,36,3,52,10,0,10,62
03/30/2023,GYY,IN,AGL,CE,Federal Contract Tower,3,8,28,0,39,0,0,16,5,21,3,8,44,5,60,50,14,64,124
03/31/2023,GYY,IN,AGL,CE,Federal Contract Tower,1,3,10,0,14,0,0,2,2,4,1,3,12,2,18,0,0,0,18
04/01/2023,GYY,IN,AGL,CE,Federal Contract Tower,1,11,18,0,30,0,0,4,0,4,1,11,22,0,34,0,0,0,34
04/02/2023,GYY,IN,AGL,CE,Federal Contract Tower,0,8,20,0,28,0,0,26,0,26,0,8,46,0,54,22,0,22,76
04/03/2023,GYY,IN,AGL,CE,Federal Contract Tower,3,7,10,0,20,0,0,19,3,22,3,7,29,3,42,2,18,20,62
04/04/2023,GYY,IN,AGL,CE,Federal Contract Tower,3,14,11,1,29,0,0,0,4,4,3,14,11,5,33,0,0,0,33
04/05/2023,GYY,IN,AGL,CE,Federal Contract Tower,3,7,17,0,27,0,0,2,3,5,3,7,19,3,32,4,40,44,76
04/06/2023,GYY,IN,AGL,CE,Federal Contract Tower,4,6,22,11,43,0,0,13,7,20,4,6,35,18,63,68,6,74,137
04/07/2023,GYY,IN,AGL,CE,Federal Contract Tower,0,10,12,1,23,0,0,27,0,27,0,10,39,1,50,92,14,106,156
04/08/2023,GYY,IN,AGL,CE,Federal Contract Tower,1,3,18,0,22,0,0,8,0,8,1,3,26,0,30,10,0,10,40
04/09/2023,GYY,IN,AGL,CE,Federal Contract Tower,0,5,19,1,25,0,0,8,0,8,0,5,27,1,33,8,0,8,41
04/10/2023,GYY,IN,AGL,CE,Federal Contract Tower,3,5,26,0,34,0,0,17,1,18,3,5,43,1,52,76,0,76,128
04/11/2023,GYY,IN,AGL,CE,Federal Contract Tower,4,8,13,0,25,0,0,19,6,25,4,8,32,6,50,42,6,48,98
04/12/2023,GYY,IN,AGL,CE,Federal Contract Tower,3,13,25,0,41,0,0,19,9,28,3,13,44,9,69,0,2,2,71
04/13/2023,GYY,IN,AGL,CE,Federal Contract Tower,3,9,20,0,32,0,0,11,1,12,3,9,31,1,44,48,8,56,100
04/14/2023,GYY,IN,AGL,CE,Federal Contract Tower,0,5,23,1,29,0,0,26,3,29,0,5,49,4,58,56,0,56,114
04/15/2023,GYY,IN,AGL,CE,Federal Contract Tower,0,3,21,0,24,0,0,29,4,33,0,3,50,4,57,24,0,24,81
04/16/2023,GYY,IN,AGL,CE,Federal Contract Tower,1,5,7,0,13,0,0,0,0,0,1,5,7,0,13,0,0,0,13
04/17/2023,GYY,IN,AGL,CE,Federal Contract Tower,5,10,10,0,25,0,1,2,0,3,5,11,12,0,28,0,0,0,28
04/18/2023,GYY,IN,AGL,CE,Federal Contract Tower,4,10,8,1,23,0,0,31,1,32,4,10,39,2,55,50,6,56,111
04/19/2023,GYY,IN,AGL,CE,Federal Contract Tower,3,14,18,0,35,0,3,9,7,19,3,17,27,7,54,0,0,0,54
04/20/2023,GYY,IN,AGL,CE,Federal Contract Tower,3,5,12,0,20,0,0,3,6,9,3,5,15,6,29,0,16,16,45
04/21/2023,GYY,IN,AGL,CE,Federal Contract Tower,1,14,10,6,31,0,1,6,5,12,1,15,16,11,43,12,14,26,69
04/22/2023,GYY,IN,AGL,CE,Federal Contract Tower,0,7,18,0,25,0,0,7,0,7,0,7,25,0,32,0,0,0,32
04/23/2023,GYY,IN,AGL,CE,Federal Contract Tower,0,7,15,2,24,0,0,8,0,8,0,7,23,2,32,6,0,6,38
04/24/2023,GYY,IN,AGL,CE,Federal Contract Tower,3,1,20,2,26,0,0,13,0,13,3,1,33,2,39,36,0,36,75
04/25/2023,GYY,IN,AGL,CE,Federal Contract Tower,3,4,17,4,28,0,0,11,2,13,3,4,28,6,41,8,0,8,49
04/26/2023,GYY,IN,AGL,CE,Federal Contract Tower,4,6,24,2,36,0,0,21,4,25,4,6,45,6,61,54,0,54,115
04/27/2023,GYY,IN,AGL,CE,Federal Contract Tower,3,3,26,1,33,0,0,12,3,15,3,3,38,4,48,24,0,24,72
04/28/2023,GYY,IN,AGL,CE,Federal Contract Tower,3,4,18,4,29,0,0,13,0,13,3,4,31,4,42,48,0,48,90
04/29/2023,GYY,IN,AGL,CE,Federal Contract Tower,0,0,18,0,18,0,0,5,0,5,0,0,23,0,23,26,0,26,49
04/30/2023,GYY,IN,AGL,CE,Federal Contract Tower,1,4,24,0,29,0,0,5,0,5,1,4,29,0,34,8,0,8,42
05/01/2023,GYY,IN,AGL,CE,Federal Contract Tower,2,2,19,0,23,0,0,1,0,1,2,2,20,0,24,0,0,0,24
05/02/2023,GYY,IN,AGL,CE,Federal Contract Tower,3,8,22,0,33,0,0,7,0,7,3,8,29,0,40,0,0,0,40
05/03/2023,GYY,IN,AGL,CE,Federal Contract Tower,3,5,38,0,46,0,0,16,0,16,3,5,54,0,62,28,0,28,90
05/04/2023,GYY,IN,AGL,CE,Federal Contract Tower,0,4,14,30,48,0,1,12,2,15,0,5,26,32,63,74,0,74,137
05/05/2023,GYY,IN,AGL,CE,Federal Contract Tower,2,6,25,0,33,0,0,35,0,35,2,6,60,0,68,28,0,28,96
05/06/2023,GYY,IN,AGL,CE,Federal Contract Tower,0,2,15,0,17,7,0,0,0,7,7,2,15,0,24,18,0,18,42
05/07/2023,GYY,IN,AGL,CE,Federal Contract Tower,0,6,23,0,29,0,0,15,0,15,0,6,38,0,44,20,0,20,64
05/08/2023,GYY,IN,AGL,CE,Federal Contract Tower,2,3,15,0,20,0,0,2,0,2,2,3,17,0,22,0,0,0,22
05/09/2023,GYY,IN,AGL,CE,Federal Contract Tower,4,3,15,0,22,0,0,17,6,23,4,3,32,6,45,42,0,42,87
05/10/2023,GYY,IN,AGL,CE,Federal Contract Tower,3,8,20,0,31,0,0,22,8,30,3,8,42,8,61,50,4,54,115
05/12/2023,GYY,IN,AGL,CE,Federal Contract Tower,0,10,30,0,40,0,0,6,0,6,0,10,36,0,46,24,0,24,70
05/13/2023,GYY,IN,AGL,CE,Federal Contract Tower,1,4,16,0,21,0,0,1,0,1,1,4,17,0,22,2,0,2,24
05/14/2023,GYY,IN,AGL,CE,Federal Contract Tower,0,7,16,0,23,0,0,6,0,6,0,7,22,0,29,28,0,28,57
05/15/2023,GYY,IN,AGL,CE,Federal Contract Tower,3,6,22,0,31,0,1,24,0,25,3,7,46,0,56,58,0,58,114
05/16/2023,GYY,IN,AGL,CE,Federal Contract Tower,3,10,22,0,35,0,0,13,8,21,3,10,35,8,56,44,0,44,100
05/17/2023,GYY,IN,AGL,CE,Federal Contract Tower,3,7,19,0,29,0,0,30,5,35,3,7,49,5,64,22,4,26,90
05/18/2023,GYY,IN,AGL,CE,Federal Contract Tower,4,13,28,0,45,0,0,9,2,11,4,13,37,2,56,28,0,28,84
05/19/2023,GYY,IN,AGL,CE,Federal Contract Tower,2,7,24,0,33,0,0,2,1,3,2,7,26,1,36,14,0,14,50
05/20/2023,GYY,IN,AGL,CE,Federal Contract Tower,0,4,18,0,22,0,0,13,3,16,0,4,31,3,38,6,8,14,52
05/21/2023,GYY,IN,AGL,CE,Federal Contract Tower,0,5,26,0,31,0,0,12,6,18,0,5,38,6,49,22,30,52,101
05/22/2023,GYY,IN,AGL,CE,Federal Contract Tower,3,9,20,0,32,0,0,28,1,29,3,9,48,1,61,40,0,40,101
05/23/2023,GYY,IN,AGL,CE,Federal Contract Tower,3,8,22,0,33,0,0,14,4,18,3,8,36,4,51,22,4,26,77
05/24/2023,GYY,IN,AGL,CE,Federal Contract Tower,3,15,27,0,45,0,0,18,4,22,3,15,45,4,67,32,0,32,99
05/25/2023,GYY,IN,AGL,CE,Federal Contract Tower,6,3,38,1,48,0,2,9,10,21,6,5,47,11,69,48,0,48,117
05/26/2023,GYY,IN,AGL,CE,Federal Contract Tower,5,9,27,0,41,0,0,26,0,26,5,9,53,0,67,34,0,34,101
05/27/2023,GYY,IN,AGL,CE,Federal Contract Tower,0,3,16,0,19,0,0,25,0,25,0,3,41,0,44,70,0,70,114
05/28/2023,GYY,IN,AGL,CE,Federal Contract Tower,0,5,18,0,23,0,0,9,0,9,0,5,27,0,32,28,0,28,60
05/29/2023,GYY,IN,AGL,CE,Federal Contract Tower,1,7,18,4,30,0,0,14,0,14,1,7,32,4,44,28,0,28,72
05/30/2023,GYY,IN,AGL,CE,Federal Contract Tower,3,9,12,0,24,0,0,21,0,21,3,9,33,0,45,42,0,42,87
05/31/2023,GYY,IN,AGL,CE,Federal Contract Tower,3,5,36,0,44,0,0,17,2,19,3,5,53,2,63,10,0,10,73
06/01/2023,GYY,IN,AGL,CE,Federal Contract Tower,3,9,18,0,30,0,0,7,2,9,3,9,25,2,39,16,0,16,55
06/02/2023,GYY,IN,AGL,CE,Federal Contract Tower,5,16,29,0,50,0,0,15,2,17,5,16,44,2,67,38,0,38,105
06/03/2023,GYY,IN,AGL,CE,Federal Contract Tower,0,3,23,2,28,0,2,16,3,21,0,5,39,5,49,8,0,8,57
06/04/2023,GYY,IN,AGL,CE,Federal Contract Tower,0,9,26,0,35,0,0,16,8,24,0,9,42,8,59,36,0,36,95
06/05/2023,GYY,IN,AGL,CE,Federal Contract Tower,3,9,23,0,35,0,0,6,1,7,3,9,29,1,42,26,0,26,68
06/06/2023,GYY,IN,AGL,CE,Federal Contract Tower,3,13,20,0,36,0,0,11,0,11,3,13,31,0,47,10,0,10,57
06/07/2023,GYY,IN,AGL,CE,Federal Contract Tower,3,8,21,0,32,0,1,17,4,22,3,9,38,4,54,46,0,46,100
06/08/2023,GYY,IN,AGL,CE,Federal Contract Tower,4,13,28,0,45,0,8,17,0,25,4,21,45,0,70,52,0,52,122
06/09/2023,GYY,IN,AGL,CE,Federal Contract Tower,2,8,19,1,30,0,0,19,1,20,2,8,38,2,50,28,0,28,78
06/10/2023,GYY,IN,AGL,CE,Federal Contract Tower,1,5,20,0,26,0,0,20,0,20,1,5,40,0,46,0,0,0,46
06/11/2023,GYY,IN,AGL,CE,Federal Contract Tower,0,6,29,0,35,0,0,0,0,0,0,6,29,0,35,0,0,0,35
06/12/2023,GYY,IN,AGL,CE,Federal Contract Tower,4,9,19,0,32,0,0,15,0,15,4,9,34,0,47,22,0,22,69
06/13/2023,GYY,IN,AGL,CE,Federal Contract Tower,3,4,25,0,32,0,0,8,0,8,3,4,33,0,40,10,0,10,50
06/14/2023,GYY,IN,AGL,CE,Federal Contract Tower,3,11,34,4,52,0,0,8,1,9,3,11,42,5,61,6,0,6,67
06/15/2023,GYY,IN,AGL,CE,Federal Contract Tower,5,7,30,0,42,0,0,17,0,17,5,7,47,0,59,26,0,26,85
06/16/2023,GYY,IN,AGL,CE,Federal Contract Tower,0,3,22,6,31,0,0,4,0,4,0,3,26,6,35,30,0,30,65
06/17/2023,GYY,IN,AGL,CE,Federal Contract Tower,0,6,17,0,23,0,0,11,0,11,0,6,28,0,34,12,0,12,46
06/18/2023,GYY,IN,AGL,CE,Federal Contract Tower,1,9,17,1,28,0,0,10,0,10,1,9,27,1,38,0,0,0,38
06/19/2023,GYY,IN,AGL,CE,Federal Contract Tower,3,6,14,1,24,0,0,16,0,16,3,6,30,1,40,32,0,32,72
06/20/2023,GYY,IN,AGL,CE,Federal Contract Tower,3,6,21,0,30,0,0,15,0,15,3,6,36,0,45,22,0,22,67
06/21/2023,GYY,IN,AGL,CE,Federal Contract Tower,4,10,28,0,42,0,0,30,0,30,4,10,58,0,72,62,0,62,134
06/22/2023,GYY,IN,AGL,CE,Federal Contract Tower,3,6,26,0,35,0,0,19,3,22,3,6,45,3,57,24,0,24,81
06/23/2023,GYY,IN,AGL,CE,Federal Contract Tower,2,3,26,0,31,0,0,20,0,20,2,3,46,0,51,44,0,44,95
06/24/2023,GYY,IN,AGL,CE,Federal Contract Tower,0,0,15,0,15,0,0,19,0,19,0,0,34,0,34,24,0,24,58
06/25/2023,GYY,IN,AGL,CE,Federal Contract Tower,1,6,12,0,19,0,0,8,0,8,1,6,20,0,27,10,0,10,37
06/26/2023,GYY,IN,AGL,CE,Federal Contract Tower,1,6,18,0,25,0,0,4,0,4,1,6,22,0,29,0,0,0,29
06/27/2023,GYY,IN,AGL,CE,Federal Contract Tower,2,9,39,2,52,0,0,4,0,4,2,9,43,2,56,26,0,26,82
06/28/2023,GYY,IN,AGL,CE,Federal Contract Tower,1,34,39,2,76,0,0,8,0,8,1,34,47,2,84,10,0,10,94
06/29/2023,GYY,IN,AGL,CE,Federal Contract Tower,1,10,22,2,35,0,0,8,3,11,1,10,30,5,46,52,0,52,98
06/30/2023,GYY,IN,AGL,CE,Federal Contract Tower,3,25,58,2,88,0,0,13,2,15,3,25,71,4,103,10,4,14,117
07/01/2023,GYY,IN,AGL,CE,Federal Contract Tower,1,13,19,0,33,0,0,13,2,15,1,13,32,2,48,12,30,42,90
07/02/2023,GYY,IN,AGL,CE,Federal Contract Tower,5,14,19,1,39,0,0,0,0,0,5,14,19,1,39,0,0,0,39
07/03/2023,GYY,IN,AGL,CE,Federal Contract Tower,1,2,17,3,23,0,1,11,0,12,1,3,28,3,35,36,0,36,71
07/04/2023,GYY,IN,AGL,CE,Federal Contract Tower,0,4,10,0,14,0,0,17,0,17,0,4,27,0,31,10,0,10,41
07/05/2023,GYY,IN,AGL,CE,Federal Contract Tower,1,7,14,0,22,0,0,16,4,20,1,7,30,4,42,16,0,16,58
07/06/2023,GYY,IN,AGL,CE,Federal Contract Tower,1,11,35,1,48,0,1,18,3,22,1,12,53,4,70,26,0,26,96
07/07/2023,GYY,IN,AGL,CE,Federal Contract Tower,2,11,29,0,42,0,0,36,3,39,2,11,65,3,81,28,2,30,111
07/08/2023,GYY,IN,AGL,CE,Federal Contract Tower,0,15,19,1,35,0,0,8,0,8,0,15,27,1,43,26,0,26,69
07/09/2023,GYY,IN,AGL,CE,Federal Contract Tower,0,9,28,0,37,0,0,31,0,31,0,9,59,0,68,14,0,14,82
07/10/2023,GYY,IN,AGL,CE,Federal Contract Tower,4,6,31,0,41,0,0,29,0,29,4,6,60,0,70,30,0,30,100
07/11/2023,GYY,IN,AGL,CE,Federal Contract Tower,1,6,12,0,19,0,0,16,3,19,1,6,28,3,38,20,0,20,58
07/12/2023,GYY,IN,AGL,CE,Federal Contract Tower,1,7,15,0,23,0,0,2,3,5,1,7,17,3,28,0,34,34,62
07/13/2023,GYY,IN,AGL,CE,Federal Contract Tower,1,7,30,0,38,0,0,15,6,21,1,7,45,6,59,58,2,60,119
07/14/2023,GYY,IN,AGL,CE,Federal Contract Tower,2,6,24,2,34,0,0,20,4,24,2,6,44,6,58,42,0,42,100
07/15/2023,GYY,IN,AGL,CE,Federal Contract Tower,0,1,23,0,24,0,0,7,5,12,0,1,30,5,36,28,4,32,68
07/16/2023,GYY,IN,AGL,CE,Federal Contract Tower,2,11,26,4,43,0,0,5,0,5,2,11,31,4,48,12,6,18,66
07/17/2023,GYY,IN,AGL,CE,Federal Contract Tower,1,5,19,0,25,0,0,19,0,19,1,5,38,0,44,28,0,28,72
07/18/2023,GYY,IN,AGL,CE,Federal Contract Tower,1,4,17,0,22,0,0,28,7,35,1,4,45,7,57,72,0,72,129
07/19/2023,GYY,IN,AGL,CE,Federal Contract Tower,0,10,23,2,35,0,0,10,8,18,0,10,33,10,53,6,0,6,59
07/20/2023,GYY,IN,AGL,CE,Federal Contract Tower,1,12,16,0,29,0,0,23,10,33,1,12,39,10,62,10,0,10,72
07/21/2023,GYY,IN,AGL,CE,Federal Contract Tower,2,2,28,2,34,0,0,21,0,21,2,2,49,2,55,38,0,38,93
07/22/2023,GYY,IN,AGL,CE,Federal Contract Tower,0,4,24,0,28,0,0,26,4,30,0,4,50,4,58,26,0,26,84
07/23/2023,GYY,IN,AGL,CE,Federal Contract Tower,0,1,13,2,16,0,0,32,0,32,0,1,45,2,48,4,2,6,54
07/24/2023,GYY,IN,AGL,CE,Federal Contract Tower,3,6,18,2,29,0,0,23,2,25,3,6,41,4,54,16,0,16,70
07/25/2023,GYY,IN,AGL,CE,Federal Contract Tower,1,1,19,1,22,0,0,26,3,29,1,1,45,4,51,20,0,20,71
07/27/2023,GYY,IN,AGL,CE,Federal Contract Tower,1,9,25,3,38,0,0,24,12,36,1,9,49,15,74,18,0,18,92
07/28/2023,GYY,IN,AGL,CE,Federal Contract Tower,1,9,27,2,39,0,0,19,7,26,1,9,46,9,65,2,0,2,67
07/29/2023,GYY,IN,AGL,CE,Federal Contract Tower,0,1,28,1,30,0,0,19,0,19,0,1,47,1,49,0,0,0,49
07/30/2023,GYY,IN,AGL,CE,Federal Contract Tower,1,7,16,0,24,0,0,32,4,36,1,7,48,4,60,8,0,8,68
07/31/2023,GYY,IN,AGL,CE,Federal Contract Tower,1,4,16,0,21,0,0,24,2,26,1,4,40,2,47,30,0,30,77
08/01/2023,GYY,IN,AGL,CE,Federal Contract Tower,1,10,23,0,34,0,0,20,3,23,1,10,43,3,57,26,0,26,83
08/02/2023,GYY,IN,AGL,CE,Federal Contract Tower,1,5,25,1,32,0,0,40,7,47,1,5,65,8,79,20,18,38,117
08/03/2023,GYY,IN,AGL,CE,Federal Contract Tower,4,7,27,3,41,0,1,31,3,35,4,8,58,6,76,10,4,14,90
08/04/2023,GYY,IN,AGL,CE,Federal Contract Tower,2,4,18,0,24,0,0,31,6,37,2,4,49,6,61,8,0,8,69
08/05/2023,GYY,IN,AGL,CE,Federal Contract Tower,0,7,16,0,23,0,0,19,3,22,0,7,35,3,45,0,0,0,45
08/06/2023,GYY,IN,AGL,CE,Federal Contract Tower,0,13,35,0,48,0,0,5,0,5,0,13,40,0,53,0,0,0,53
08/07/2023,GYY,IN,AGL,CE,Federal Contract Tower,1,4,15,0,20,0,0,18,0,18,1,4,33,0,38,4,0,4,42
08/08/2023,GYY,IN,AGL,CE,Federal Contract Tower,1,5,20,2,28,0,0,22,6,28,1,5,42,8,56,62,6,68,124
08/09/2023,GYY,IN,AGL,CE,Federal Contract Tower,1,11,16,0,28,0,0,9,2,11,1,11,25,2,39,54,0,54,93
08/10/2023,GYY,IN,AGL,CE,Federal Contract Tower,1,10,21,0,32,0,0,21,1,22,1,10,42,1,54,44,0,44,98
08/11/2023,GYY,IN,AGL,CE,Federal Contract Tower,1,4,24,1,30,0,0,22,2,24,1,4,46,3,54,26,0,26,80
08/12/2023,GYY,IN,AGL,CE,Federal Contract Tower,0,1,16,0,17,0,0,24,11,35,0,1,40,11,52,40,0,40,92
08/13/2023,GYY,IN,AGL,CE,Federal Contract Tower,0,9,27,3,39,0,0,13,0,13,0,9,40,3,52,16,0,16,68
08/14/2023,GYY,IN,AGL,CE,Federal Contract Tower,1,7,19,0,27,0,0,6,0,6,1,7,25,0,33,0,0,0,33
08/15/2023,GYY,IN,AGL,CE,Federal Contract Tower,1,10,12,0,23,0,0,6,4,10,1,10,18,4,33,18,0,18,51
08/16/2023,GYY,IN,AGL,CE,Federal Contract Tower,1,6,26,2,35,0,0,16,9,25,1,6,42,11,60,18,0,18,78
08/17/2023,GYY,IN,AGL,CE,Federal Contract Tower,2,1,29,19,51,0,0,13,7,20,2,1,42,26,71,20,24,44,115
08/18/2023,GYY,IN,AGL,CE,Federal Contract Tower,3,4,36,10,53,0,2,41,65,108,3,6,77,75,161,8,16,24,185
08/19/2023,GYY,IN,AGL,CE,Federal Contract Tower,0,3,10,0,13,0,0,22,59,81,0,3,32,59,94,16,24,40,134
08/20/2023,GYY,IN,AGL,CE,Federal Contract Tower,0,10,16,1,27,0,0,30,35,65,0,10,46,36,92,0,20,20,112
08/21/2023,GYY,IN,AGL,CE,Federal Contract Tower,3,11,22,12,48,0,0,15,0,15,3,11,37,12,63,14,0,14,77
08/22/2023,GYY,IN,AGL,CE,Federal Contract Tower,1,5,35,5,46,0,1,24,2,27,1,6,59,7,73,48,0,48,121
08/23/2023,GYY,IN,AGL,CE,Federal Contract Tower,1,7,18,2,28,0,0,12,10,22,1,7,30,12,50,2,0,2,52
08/24/2023,GYY,IN,AGL,CE,Federal Contract Tower,1,5,19,1,26,0,0,12,6,18,1,5,31,7,44,10,14,24,68
08/25/2023,GYY,IN,AGL,CE,Federal Contract Tower,2,1,27,2,32,0,0,6,3,9,2,1,33,5,41,4,0,4,45
08/26/2023,GYY,IN,AGL,CE,Federal Contract Tower,0,0,15,3,18,0,0,7,1,8,0,0,22,4,26,2,0,2,28
08/27/2023,GYY,IN,AGL,CE,Federal Contract Tower,1,3,15,0,19,0,0,18,0,18,1,3,33,0,37,22,0,22,59
08/28/2023,GYY,IN,AGL,CE,Federal Contract Tower,1,8,23,5,37,0,0,17,0,17,1,8,40,5,54,20,0,20,74
08/29/2023,GYY,IN,AGL,CE,Federal Contract Tower,1,13,14,0,28,0,0,31,5,36,1,13,45,5,64,44,0,44,108
08/30/2023,GYY,IN,AGL,CE,Federal Contract Tower,1,7,24,3,35,0,2,23,1,26,1,9,47,4,61,4,2,6,67
08/31/2023,GYY,IN,AGL,CE,Federal Contract Tower,2,14,23,0,39,0,4,28,7,39,2,18,51,7,78,62,0,62,140
