01/01/2020,HEF,VA,AEA,EN,Towers with Radar,0,10,20,0,30,0,11,37,0,48,0,21,57,0,78,30,0,30,108
01/02/2020,HEF,VA,AEA,EN,Towers with Radar,0,2,15,3,20,0,12,69,1,82,0,14,84,4,102,237,0,237,339
01/03/2020,HEF,VA,AEA,EN,Towers with Radar,0,14,13,2,29,0,2,0,0,2,0,16,13,2,31,58,0,58,89
01/04/2020,HEF,VA,AEA,EN,Towers with Radar,0,11,15,2,28,0,12,26,0,38,0,23,41,2,66,116,0,116,182
01/05/2020,HEF,VA,AEA,EN,Towers with Radar,0,9,31,0,40,0,11,48,0,59,0,20,79,0,99,56,0,56,155
01/06/2020,HEF,VA,AEA,EN,Towers with Radar,0,1,28,2,31,0,17,54,0,71,0,18,82,2,102,48,0,48,150
01/07/2020,HEF,VA,AEA,EN,Towers with Radar,0,5,17,0,22,0,1,13,0,14,0,6,30,0,36,28,0,28,64
01/08/2020,HEF,VA,AEA,EN,Towers with Radar,0,11,12,0,23,0,5,19,5,29,0,16,31,5,52,0,3,3,55
01/09/2020,HEF,VA,AEA,EN,Towers with Radar,0,14,34,1,49,0,26,95,2,123,0,40,129,3,172,78,5,83,255
01/10/2020,HEF,VA,AEA,EN,Towers with Radar,0,17,27,0,44,0,15,65,0,80,0,32,92,0,124,92,0,92,216
01/11/2020,HEF,VA,AEA,EN,Towers with Radar,0,9,25,0,34,0,5,26,0,31,0,14,51,0,65,53,0,53,118
01/12/2020,HEF,VA,AEA,EN,Towers with Radar,0,7,34,0,41,0,28,112,0,140,0,35,146,0,181,172,0,172,353
01/13/2020,HEF,VA,AEA,EN,Towers with Radar,0,10,23,4,37,0,27,48,2,77,0,37,71,6,114,0,0,0,114
01/14/2020,HEF,VA,AEA,EN,Towers with Radar,0,10,17,2,29,0,0,0,0,0,0,10,17,2,29,4,0,4,33
01/15/2020,HEF,VA,AEA,EN,Towers with Radar,0,20,33,5,58,0,24,66,1,91,0,44,99,6,149,86,6,92,241
01/16/2020,HEF,VA,AEA,EN,Towers with Radar,0,4,21,2,27,0,2,27,0,29,0,6,48,2,56,32,6,38,94
01/17/2020,HEF,VA,AEA,EN,Towers with Radar,0,19,41,3,63,0,9,67,0,76,0,28,108,3,139,35,9,44,183
01/18/2020,HEF,VA,AEA,EN,Towers with Radar,0,8,6,0,14,0,0,0,0,0,0,8,6,0,14,0,0,0,14
01/19/2020,HEF,VA,AEA,EN,Towers with Radar,0,8,15,0,23,0,9,47,0,56,0,17,62,0,79,116,0,116,195
01/20/2020,HEF,VA,AEA,EN,Towers with Radar,0,5,48,0,53,0,25,69,0,94,0,30,117,0,147,0,0,0,147
01/21/2020,HEF,VA,AEA,EN,Towers with Radar,0,7,47,7,61,0,27,67,2,96,0,34,114,9,157,81,0,81,238
01/22/2020,HEF,VA,AEA,EN,Towers with Radar,0,9,41,3,53,0,26,90,1,117,0,35,131,4,170,82,0,82,252
01/23/2020,HEF,VA,AEA,EN,Towers with Radar,0,8,30,3,41,0,22,75,2,99,0,30,105,5,140,237,0,237,377
01/24/2020,HEF,VA,AEA,EN,Towers with Radar,0,13,30,3,46,0,2,14,0,16,0,15,44,3,62,74,0,74,136
01/25/2020,HEF,VA,AEA,EN,Towers with Radar,0,11,14,1,26,0,2,7,0,9,0,13,21,1,35,44,0,44,79
01/26/2020,HEF,VA,AEA,EN,Towers with Radar,0,7,39,2,48,0,34,117,3,154,0,41,156,5,202,206,0,206,408
01/27/2020,HEF,VA,AEA,EN,Towers with Radar,0,12,19,2,33,0,22,48,1,71,0,34,67,3,104,38,0,38,142
01/28/2020,HEF,VA,AEA,EN,Towers with Radar,0,14,36,2,52,0,22,60,4,86,0,36,96,6,138,88,12,100,238
01/29/2020,HEF,VA,AEA,EN,Towers with Radar,0,15,46,0,61,0,26,62,1,89,0,41,108,1,150,163,8,171,321
01/30/2020,HEF,VA,AEA,EN,Towers with Radar,0,18,39,4,61,0,20,84,2,106,0,38,123,6,167,110,0,110,277
01/31/2020,HEF,VA,AEA,EN,Towers with Radar,0,20,36,0,56,0,31,67,0,98,0,51,103,0,154,155,0,155,309
02/01/2020,HEF,VA,AEA,EN,Towers with Radar,0,11,18,0,29,0,18,52,0,70,0,29,70,0,99,267,0,267,366
02/02/2020,HEF,VA,AEA,EN,Towers with Radar,0,9,25,0,34,0,23,103,2,128,0,32,128,2,162,131,0,131,293
02/03/2020,HEF,VA,AEA,EN,Towers with Radar,0,8,43,2,53,0,13,90,1,104,0,21,133,3,157,0,0,0,157
02/04/2020,HEF,VA,AEA,EN,Towers with Radar,0,13,40,7,60,0,25,41,7,73,0,38,81,14,133,113,0,113,246
02/05/2020,HEF,VA,AEA,EN,Towers with Radar,0,22,33,0,55,0,2,5,0,7,0,24,38,0,62,12,0,12,74
02/06/2020,HEF,VA,AEA,EN,Towers with Radar,0,12,25,0,37,0,0,1,0,1,0,12,26,0,38,0,0,0,38
02/07/2020,HEF,VA,AEA,EN,Towers with Radar,0,6,26,0,32,0,2,8,0,10,0,8,34,0,42,4,0,4,46
02/08/2020,HEF,VA,AEA,EN,Towers with Radar,0,6,34,0,40,0,36,163,0,199,0,42,197,0,239,181,0,181,420
02/09/2020,HEF,VA,AEA,EN,Towers with Radar,0,9,31,0,40,0,24,143,0,167,0,33,174,0,207,195,0,195,402
02/10/2020,HEF,VA,AEA,EN,Towers with Radar,0,1,25,4,30,0,4,15,0,19,0,5,40,4,49,0,0,0,49
02/11/2020,HEF,VA,AEA,EN,Towers with Radar,0,10,28,0,38,0,0,2,0,2,0,10,30,0,40,8,0,8,48
02/12/2020,HEF,VA,AEA,EN,Towers with Radar,0,7,31,5,43,0,26,61,1,88,0,33,92,6,131,85,0,85,216
02/13/2020,HEF,VA,AEA,EN,Towers with Radar,0,14,34,0,48,0,5,8,1,14,0,19,42,1,62,42,0,42,104
02/14/2020,HEF,VA,AEA,EN,Towers with Radar,0,17,54,0,71,0,19,74,0,93,0,36,128,0,164,47,0,47,211
02/15/2020,HEF,VA,AEA,EN,Towers with Radar,0,13,19,3,35,0,38,146,0,184,0,51,165,3,219,130,0,130,349
02/16/2020,HEF,VA,AEA,EN,Towers with Radar,0,3,25,0,28,0,7,101,0,108,0,10,126,0,136,156,0,156,292
02/17/2020,HEF,VA,AEA,EN,Towers with Radar,0,12,38,1,51,0,22,134,3,159,0,34,172,4,210,86,0,86,296
02/18/2020,HEF,VA,AEA,EN,Towers with Radar,0,6,34,2,42,0,15,31,5,51,0,21,65,7,93,67,0,67,160
02/19/2020,HEF,VA,AEA,EN,Towers with Radar,0,13,44,0,57,0,21,59,3,83,0,34,103,3,140,85,0,85,225
02/20/2020,HEF,VA,AEA,EN,Towers with Radar,0,10,31,6,47,0,22,65,1,88,0,32,96,7,135,190,6,196,331
02/21/2020,HEF,VA,AEA,EN,Towers with Radar,0,15,37,2,54,0,36,80,0,116,0,51,117,2,170,149,0,149,319
02/22/2020,HEF,VA,AEA,EN,Towers with Radar,0,14,29,0,43,0,35,160,0,195,0,49,189,0,238,177,0,177,415
02/23/2020,HEF,VA,AEA,EN,Towers with Radar,0,9,46,0,55,0,23,115,0,138,0,32,161,0,193,144,0,144,337
02/24/2020,HEF,VA,AEA,EN,Towers with Radar,0,12,25,4,41,0,12,42,8,62,0,24,67,12,103,100,0,100,203
02/25/2020,HEF,VA,AEA,EN,Towers with Radar,0,9,18,0,27,0,0,1,0,1,0,9,19,0,28,0,0,0,28
02/26/2020,HEF,VA,AEA,EN,Towers with Radar,0,14,39,0,53,0,0,0,0,0,0,14,39,0,53,0,0,0,53
02/27/2020,HEF,VA,AEA,EN,Towers with Radar,0,9,29,4,42,0,6,9,3,18,0,15,38,7,60,11,0,11,71
02/28/2020,HEF,VA,AEA,EN,Towers with Radar,0,6,30,0,36,0,17,38,1,56,0,23,68,1,92,77,0,77,169
02/29/2020,HEF,VA,AEA,EN,Towers with Radar,0,8,30,0,38,0,16,41,0,57,0,24,71,0,95,85,0,85,180
03/01/2020,HEF,VA,AEA,EN,Towers with Radar,0,14,37,0,51,0,41,144,0,185,0,55,181,0,236,214,0,214,450
03/02/2020,HEF,VA,AEA,EN,Towers with Radar,0,4,32,0,36,0,13,53,2,68,0,17,85,2,104,63,0,63,167
03/03/2020,HEF,VA,AEA,EN,Towers with Radar,0,8,37,3,48,0,9,8,1,18,0,17,45,4,66,79,2,81,147
03/04/2020,HEF,VA,AEA,EN,Towers with Radar,0,14,41,2,57,0,24,58,2,84,0,38,99,4,141,145,0,145,286
03/05/2020,HEF,VA,AEA,EN,Towers with Radar,0,12,34,6,52,0,27,91,5,123,0,39,125,11,175,218,0,218,393
03/06/2020,HEF,VA,AEA,EN,Towers with Radar,0,15,15,1,31,0,18,31,2,51,0,33,46,3,82,46,0,46,128
03/07/2020,HEF,VA,AEA,EN,Towers with Radar,0,12,22,1,35,0,12,35,1,48,0,24,57,2,83,18,0,18,101
03/08/2020,HEF,VA,AEA,EN,Towers with Radar,0,6,54,0,60,0,19,127,0,146,0,25,181,0,206,206,0,206,412
03/09/2020,HEF,VA,AEA,EN,Towers with Radar,0,7,25,2,34,0,20,92,2,114,0,27,117,4,148,0,0,0,148
03/10/2020,HEF,VA,AEA,EN,Towers with Radar,0,9,24,3,36,0,4,25,3,32,0,13,49,6,68,20,6,26,94
03/11/2020,HEF,VA,AEA,EN,Towers with Radar,0,16,31,0,47,0,27,71,1,99,0,43,102,1,146,212,0,212,358
03/12/2020,HEF,VA,AEA,EN,Towers with Radar,0,17,46,4,67,0,8,21,3,32,0,25,67,7,99,262,0,262,361
03/13/2020,HEF,VA,AEA,EN,Towers with Radar,0,19,32,4,55,0,11,32,0,43,0,30,64,4,98,35,0,35,133
03/14/2020,HEF,VA,AEA,EN,Towers with Radar,0,14,27,2,43,0,33,130,0,163,0,47,157,2,206,175,0,175,381
03/15/2020,HEF,VA,AEA,EN,Towers with Radar,0,11,35,0,46,0,7,19,1,27,0,18,54,1,73,58,0,58,131
03/16/2020,HEF,VA,AEA,EN,Towers with Radar,0,5,21,2,28,0,22,59,2,83,0,27,80,4,111,142,0,142,253
03/17/2020,HEF,VA,AEA,EN,Towers with Radar,0,7,16,0,23,0,12,38,2,52,0,19,54,2,75,141,0,141,216
03/18/2020,HEF,VA,AEA,EN,Towers with Radar,0,6,14,2,22,0,12,74,2,88,0,18,88,4,110,198,0,198,308
03/19/2020,HEF,VA,AEA,EN,Towers with Radar,0,10,17,6,33,0,18,30,2,50,0,28,47,8,83,155,0,155,238
03/20/2020,HEF,VA,AEA,EN,Towers with Radar,0,10,7,1,18,0,7,21,0,28,0,17,28,1,46,63,0,63,109
03/21/2020,HEF,VA,AEA,EN,Towers with Radar,0,9,26,0,35,0,26,70,0,96,0,35,96,0,131,67,0,67,198
03/22/2020,HEF,VA,AEA,EN,Towers with Radar,0,0,25,0,25,0,23,133,2,158,0,23,158,2,183,128,0,128,311
03/23/2020,HEF,VA,AEA,EN,Towers with Radar,0,1,4,0,5,0,0,0,0,0,0,1,4,0,5,0,0,0,5
03/24/2020,HEF,VA,AEA,EN,Towers with Radar,0,6,17,0,23,0,1,64,2,67,0,7,81,2,90,121,0,121,211
03/25/2020,HEF,VA,AEA,EN,Towers with Radar,0,9,9,0,18,0,0,0,0,0,0,9,9,0,18,0,0,0,18
03/26/2020,HEF,VA,AEA,EN,Towers with Radar,0,4,21,0,25,0,6,63,2,71,0,10,84,2,96,139,0,139,235
03/27/2020,HEF,VA,AEA,EN,Towers with Radar,0,4,19,0,23,0,2,59,1,62,0,6,78,1,85,93,0,93,178
03/28/2020,HEF,VA,AEA,EN,Towers with Radar,0,6,24,0,30,0,0,0,0,0,0,6,24,0,30,0,0,0,30
03/29/2020,HEF,VA,AEA,EN,Towers with Radar,0,2,16,0,18,0,1,13,0,14,0,3,29,0,32,50,0,50,82
03/30/2020,HEF,VA,AEA,EN,Towers with Radar,0,0,18,2,20,0,3,41,0,44,0,3,59,2,64,10,0,10,74
03/31/2020,HEF,VA,AEA,EN,Towers with Radar,0,6,13,0,19,0,2,52,0,54,0,8,65,0,73,94,0,94,167
04/01/2020,HEF,VA,AEA,EN,Towers with Radar,0,6,8,0,14,0,1,35,4,40,0,7,43,4,54,56,0,56,110
04/02/2020,HEF,VA,AEA,EN,Towers with Radar,0,9,13,1,23,0,0,18,6,24,0,9,31,7,47,6,0,6,53
04/03/2020,HEF,VA,AEA,EN,Towers with Radar,0,4,18,2,24,0,3,17,7,27,0,7,35,9,51,8,0,8,59
04/04/2020,HEF,VA,AEA,EN,Towers with Radar,0,6,18,0,24,0,1,25,0,26,0,7,43,0,50,54,0,54,104
04/05/2020,HEF,VA,AEA,EN,Towers with Radar,0,0,28,0,28,0,2,63,0,65,0,2,91,0,93,38,0,38,131
04/06/2020,HEF,VA,AEA,EN,Towers with Radar,0,0,11,6,17,0,2,59,2,63,0,2,70,8,80,41,0,41,121
04/07/2020,HEF,VA,AEA,EN,Towers with Radar,0,7,11,0,18,0,3,30,0,33,0,10,41,0,51,18,0,18,69
04/08/2020,HEF,VA,AEA,EN,Towers with Radar,0,5,15,2,22,0,2,18,3,23,0,7,33,5,45,42,32,74,119
04/09/2020,HEF,VA,AEA,EN,Towers with Radar,0,5,5,0,10,0,0,5,1,6,0,5,10,1,16,0,6,6,22
04/10/2020,HEF,VA,AEA,EN,Towers with Radar,0,5,13,0,18,0,0,3,0,3,0,5,16,0,21,0,0,0,21
04/11/2020,HEF,VA,AEA,EN,Towers with Radar,0,9,29,3,41,0,0,51,0,51,0,9,80,3,92,40,0,40,132
04/12/2020,HEF,VA,AEA,EN,Towers with Radar,0,3,14,0,17,0,8,24,0,32,0,11,38,0,49,64,0,64,113
04/13/2020,HEF,VA,AEA,EN,Towers with Radar,0,1,2,2,5,0,0,6,2,8,0,1,8,4,13,11,0,11,24
04/14/2020,HEF,VA,AEA,EN,Towers with Radar,0,3,30,6,39,0,3,47,0,50,0,6,77,6,89,42,3,45,134
04/15/2020,HEF,VA,AEA,EN,Towers with Radar,0,3,9,1,13,0,2,46,1,49,0,5,55,2,62,26,9,35,97
04/16/2020,HEF,VA,AEA,EN,Towers with Radar,0,9,12,2,23,0,2,30,1,33,0,11,42,3,56,38,0,38,94
04/17/2020,HEF,VA,AEA,EN,Towers with Radar,0,4,13,4,21,0,0,40,0,40,0,4,53,4,61,51,0,51,112
04/18/2020,HEF,VA,AEA,EN,Towers with Radar,0,6,7,2,15,0,2,9,0,11,0,8,16,2,26,12,0,12,38
04/19/2020,HEF,VA,AEA,EN,Towers with Radar,0,0,22,0,22,0,4,64,0,68,0,4,86,0,90,37,0,37,127
04/20/2020,HEF,VA,AEA,EN,Towers with Radar,0,0,19,2,21,0,3,19,2,24,0,3,38,4,45,104,6,110,155
04/21/2020,HEF,VA,AEA,EN,Towers with Radar,0,4,11,1,16,0,0,14,1,15,0,4,25,2,31,5,0,5,36
04/22/2020,HEF,VA,AEA,EN,Towers with Radar,0,8,24,4,36,0,7,34,2,43,0,15,58,6,79,2,0,2,81
04/23/2020,HEF,VA,AEA,EN,Towers with Radar,0,4,18,0,22,0,0,28,0,28,0,4,46,0,50,10,0,10,60
04/24/2020,HEF,VA,AEA,EN,Towers with Radar,0,4,11,0,15,0,2,1,0,3,0,6,12,0,18,24,0,24,42
04/25/2020,HEF,VA,AEA,EN,Towers with Radar,0,9,43,0,52,0,3,21,0,24,0,12,64,0,76,170,0,170,246
04/26/2020,HEF,VA,AEA,EN,Towers with Radar,0,1,28,0,29,0,0,0,0,0,0,1,28,0,29,0,0,0,29
04/27/2020,HEF,VA,AEA,EN,Towers with Radar,0,2,13,3,18,0,4,19,0,23,0,6,32,3,41,10,0,10,51
04/28/2020,HEF,VA,AEA,EN,Towers with Radar,0,6,21,1,28,0,4,45,3,52,0,10,66,4,80,52,0,52,132
04/29/2020,HEF,VA,AEA,EN,Towers with Radar,0,13,10,6,29,0,7,57,8,72,0,20,67,14,101,44,28,72,173
04/30/2020,HEF,VA,AEA,EN,Towers with Radar,0,6,3,0,9,0,0,0,0,0,0,6,3,0,9,0,0,0,9
05/01/2020,HEF,VA,AEA,EN,Towers with Radar,0,5,19,0,24,0,6,25,1,32,0,11,44,1,56,32,0,32,88
05/02/2020,HEF,VA,AEA,EN,Towers with Radar,0,9,45,4,58,0,2,116,0,118,0,11,161,4,176,62,0,62,238
05/03/2020,HEF,VA,AEA,EN,Towers with Radar,0,3,18,0,21,0,2,14,0,16,0,5,32,0,37,31,0,31,68
05/04/2020,HEF,VA,AEA,EN,Towers with Radar,0,1,19,5,25,0,6,31,7,44,0,7,50,12,69,2,0,2,71
05/05/2020,HEF,VA,AEA,EN,Towers with Radar,0,3,10,5,18,0,3,34,2,39,0,6,44,7,57,24,6,30,87
05/06/2020,HEF,VA,AEA,EN,Towers with Radar,0,6,14,7,27,0,2,6,7,15,0,8,20,14,42,10,0,10,52
05/07/2020,HEF,VA,AEA,EN,Towers with Radar,0,9,26,11,46,0,7,58,3,68,0,16,84,14,114,10,0,10,124
05/08/2020,HEF,VA,AEA,EN,Towers with Radar,0,6,14,1,21,0,1,34,4,39,0,7,48,5,60,2,0,2,62
05/09/2020,HEF,VA,AEA,EN,Towers with Radar,0,7,11,0,18,0,6,13,0,19,0,13,24,0,37,6,0,6,43
05/10/2020,HEF,VA,AEA,EN,Towers with Radar,0,5,30,1,36,0,9,51,0,60,0,14,81,1,96,8,0,8,104
05/11/2020,HEF,VA,AEA,EN,Towers with Radar,0,4,16,1,21,0,3,23,8,34,0,7,39,9,55,0,0,0,55
05/12/2020,HEF,VA,AEA,EN,Towers with Radar,0,3,24,2,29,0,2,38,5,45,0,5,62,7,74,2,0,2,76
05/13/2020,HEF,VA,AEA,EN,Towers with Radar,0,5,23,3,31,0,2,99,1,102,0,7,122,4,133,22,0,22,155
05/14/2020,HEF,VA,AEA,EN,Towers with Radar,0,9,17,1,27,0,1,30,4,35,0,10,47,5,62,60,6,66,128
05/15/2020,HEF,VA,AEA,EN,Towers with Radar,0,7,29,3,39,0,3,60,3,66,0,10,89,6,105,10,0,10,115
05/16/2020,HEF,VA,AEA,EN,Towers with Radar,0,6,13,0,19,0,7,76,0,83,0,13,89,0,102,38,0,38,140
05/17/2020,HEF,VA,AEA,EN,Towers with Radar,0,3,29,0,32,0,4,11,0,15,0,7,40,0,47,46,0,46,93
05/18/2020,HEF,VA,AEA,EN,Towers with Radar,0,4,22,1,27,0,0,1,4,5,0,4,23,5,32,0,0,0,32
05/19/2020,HEF,VA,AEA,EN,Towers with Radar,0,6,13,1,20,0,3,18,3,24,0,9,31,4,44,3,0,3,47
05/20/2020,HEF,VA,AEA,EN,Towers with Radar,0,7,14,2,23,0,6,26,3,35,0,13,40,5,58,0,0,0,58
05/21/2020,HEF,VA,AEA,EN,Towers with Radar,0,10,24,1,35,0,1,18,6,25,0,11,42,7,60,46,0,46,106
05/22/2020,HEF,VA,AEA,EN,Towers with Radar,0,5,26,2,33,0,1,3,5,9,0,6,29,7,42,0,0,0,42
05/23/2020,HEF,VA,AEA,EN,Towers with Radar,0,7,29,0,36,0,5,78,0,83,0,12,107,0,119,33,0,33,152
05/24/2020,HEF,VA,AEA,EN,Towers with Radar,0,0,25,0,25,0,1,2,0,3,0,1,27,0,28,27,0,27,55
05/25/2020,HEF,VA,AEA,EN,Towers with Radar,0,3,40,0,43,0,8,34,0,42,0,11,74,0,85,52,0,52,137
05/26/2020,HEF,VA,AEA,EN,Towers with Radar,0,3,26,7,36,0,4,52,1,57,0,7,78,8,93,40,10,50,143
05/27/2020,HEF,VA,AEA,EN,Towers with Radar,0,9,24,0,33,0,3,49,5,57,0,12,73,5,90,30,0,30,120
05/28/2020,HEF,VA,AEA,EN,Towers with Radar,0,7,19,1,27,0,1,13,0,14,0,8,32,1,41,0,0,0,41
05/29/2020,HEF,VA,AEA,EN,Towers with Radar,0,15,23,4,42,0,6,23,0,29,0,21,46,4,71,38,0,38,109
05/30/2020,HEF,VA,AEA,EN,Towers with Radar,0,11,39,0,50,0,23,105,0,128,0,34,144,0,178,96,0,96,274
05/31/2020,HEF,VA,AEA,EN,Towers with Radar,0,6,32,0,38,0,6,108,0,114,0,12,140,0,152,26,0,26,178
06/01/2020,HEF,VA,AEA,EN,Towers with Radar,0,7,23,2,32,0,8,112,3,123,0,15,135,5,155,46,0,46,201
06/02/2020,HEF,VA,AEA,EN,Towers with Radar,0,16,28,1,45,0,8,89,3,100,0,24,117,4,145,101,0,101,246
06/03/2020,HEF,VA,AEA,EN,Towers with Radar,0,9,23,0,32,0,14,87,3,104,0,23,110,3,136,76,0,76,212
06/04/2020,HEF,VA,AEA,EN,Towers with Radar,0,17,34,2,53,0,8,78,1,87,0,25,112,3,140,64,0,64,204
06/05/2020,HEF,VA,AEA,EN,Towers with Radar,0,10,17,1,28,0,10,45,1,56,0,20,62,2,84,145,0,145,229
06/06/2020,HEF,VA,AEA,EN,Towers with Radar,0,9,30,3,42,0,15,123,2,140,0,24,153,5,182,94,0,94,276
06/07/2020,HEF,VA,AEA,EN,Towers with Radar,0,10,25,0,35,0,8,133,0,141,0,18,158,0,176,104,0,104,280
06/08/2020,HEF,VA,AEA,EN,Towers with Radar,0,8,37,5,50,0,20,88,4,112,0,28,125,9,162,56,0,56,218
06/09/2020,HEF,VA,AEA,EN,Towers with Radar,0,13,23,5,41,0,18,93,3,114,0,31,116,8,155,144,6,150,305
06/10/2020,HEF,VA,AEA,EN,Towers with Radar,0,12,38,4,54,0,5,36,3,44,0,17,74,7,98,94,0,94,192
06/11/2020,HEF,VA,AEA,EN,Towers with Radar,0,14,21,3,38,0,6,42,3,51,0,20,63,6,89,38,0,38,127
06/12/2020,HEF,VA,AEA,EN,Towers with Radar,0,13,37,1,51,0,12,112,1,125,0,25,149,2,176,138,0,138,314
06/13/2020,HEF,VA,AEA,EN,Towers with Radar,0,14,28,6,48,0,12,128,0,140,0,26,156,6,188,84,0,84,272
06/14/2020,HEF,VA,AEA,EN,Towers with Radar,0,6,34,0,40,0,8,90,0,98,0,14,124,0,138,110,0,110,248
06/15/2020,HEF,VA,AEA,EN,Towers with Radar,0,10,24,4,38,0,11,61,3,75,0,21,85,7,113,38,0,38,151
06/16/2020,HEF,VA,AEA,EN,Towers with Radar,0,16,34,2,52,0,18,55,6,79,0,34,89,8,131,80,0,80,211
06/17/2020,HEF,VA,AEA,EN,Towers with Radar,0,14,30,2,46,0,1,10,1,12,0,15,40,3,58,4,0,4,62
06/18/2020,HEF,VA,AEA,EN,Towers with Radar,0,17,20,5,42,0,12,21,11,44,0,29,41,16,86,102,0,102,188
06/19/2020,HEF,VA,AEA,EN,Towers with Radar,0,18,25,2,45,0,8,8,1,17,0,26,33,3,62,106,0,106,168
06/20/2020,HEF,VA,AEA,EN,Towers with Radar,0,12,16,0,28,0,2,17,0,19,0,14,33,0,47,102,0,102,149
06/21/2020,HEF,VA,AEA,EN,Towers with Radar,0,9,32,0,41,0,11,85,0,96,0,20,117,0,137,88,0,88,225
06/22/2020,HEF,VA,AEA,EN,Towers with Radar,0,10,31,4,45,0,11,82,6,99,0,21,113,10,144,84,0,84,228
06/23/2020,HEF,VA,AEA,EN,Towers with Radar,0,13,23,4,40,0,12,31,5,48,0,25,54,9,88,33,16,49,137
06/24/2020,HEF,VA,AEA,EN,Towers with Radar,0,10,30,3,43,0,28,136,6,170,0,38,166,9,213,152,0,152,365
06/25/2020,HEF,VA,AEA,EN,Towers with Radar,0,16,26,3,45,0,22,92,4,118,0,38,118,7,163,82,0,82,245
06/26/2020,HEF,VA,AEA,EN,Towers with Radar,0,11,36,1,48,0,28,137,3,168,0,39,173,4,216,126,0,126,342
06/27/2020,HEF,VA,AEA,EN,Towers with Radar,0,12,26,0,38,0,37,97,0,134,0,49,123,0,172,116,0,116,288
06/28/2020,HEF,VA,AEA,EN,Towers with Radar,0,7,27,0,34,0,6,56,0,62,0,13,83,0,96,154,0,154,250
06/29/2020,HEF,VA,AEA,EN,Towers with Radar,0,15,21,3,39,0,16,100,7,123,0,31,121,10,162,132,0,132,294
06/30/2020,HEF,VA,AEA,EN,Towers with Radar,0,8,31,4,43,0,17,75,3,95,0,25,106,7,138,78,0,78,216
07/01/2020,HEF,VA,AEA,EN,Towers with Radar,0,9,39,2,50,0,21,89,6,116,0,30,128,8,166,128,0,128,294
07/02/2020,HEF,VA,AEA,EN,Towers with Radar,0,10,42,3,55,0,27,103,10,140,0,37,145,13,195,129,0,129,324
07/03/2020,HEF,VA,AEA,EN,Towers with Radar,0,12,36,0,48,0,27,143,2,172,0,39,179,2,220,87,0,87,307
07/04/2020,HEF,VA,AEA,EN,Towers with Radar,0,9,10,0,19,0,21,35,14,70,0,30,45,14,89,0,0,0,89
07/05/2020,HEF,VA,AEA,EN,Towers with Radar,0,9,41,1,51,0,8,60,0,68,0,17,101,1,119,104,0,104,223
07/06/2020,HEF,VA,AEA,EN,Towers with Radar,0,6,24,0,30,0,21,74,4,99,0,27,98,4,129,111,0,111,240
07/07/2020,HEF,VA,AEA,EN,Towers with Radar,0,14,27,5,46,0,9,31,3,43,0,23,58,8,89,234,0,234,323
07/08/2020,HEF,VA,AEA,EN,Towers with Radar,0,13,28,2,43,0,28,90,3,121,0,41,118,5,164,180,0,180,344
07/09/2020,HEF,VA,AEA,EN,Towers with Radar,0,14,50,9,73,0,24,79,3,106,0,38,129,12,179,141,0,141,320
07/10/2020,HEF,VA,AEA,EN,Towers with Radar,0,12,31,2,45,0,20,68,3,91,0,32,99,5,136,125,0,125,261
07/11/2020,HEF,VA,AEA,EN,Towers with Radar,0,9,30,0,39,0,23,86,0,109,0,32,116,0,148,55,0,55,203
07/12/2020,HEF,VA,AEA,EN,Towers with Radar,0,10,22,0,32,0,12,83,0,95,0,22,105,0,127,150,0,150,277
07/13/2020,HEF,VA,AEA,EN,Towers with Radar,0,10,23,3,36,0,31,72,8,111,0,41,95,11,147,114,0,114,261
07/14/2020,HEF,VA,AEA,EN,Towers with Radar,0,9,32,7,48,0,29,105,10,144,0,38,137,17,192,82,0,82,274
07/15/2020,HEF,VA,AEA,EN,Towers with Radar,0,11,30,8,49,0,38,82,7,127,0,49,112,15,176,116,12,128,304
07/16/2020,HEF,VA,AEA,EN,Towers with Radar,0,10,39,2,51,0,23,75,6,104,0,33,114,8,155,112,0,112,267
07/17/2020,HEF,VA,AEA,EN,Towers with Radar,0,14,25,3,42,0,27,86,1,114,0,41,111,4,156,116,0,116,272
07/18/2020,HEF,VA,AEA,EN,Towers with Radar,0,18,23,3,44,0,28,100,1,129,0,46,123,4,173,127,0,127,300
07/19/2020,HEF,VA,AEA,EN,Towers with Radar,0,9,19,2,30,0,26,80,1,107,0,35,99,3,137,102,0,102,239
07/20/2020,HEF,VA,AEA,EN,Towers with Radar,0,5,28,4,37,0,20,51,2,73,0,25,79,6,110,117,0,117,227
07/21/2020,HEF,VA,AEA,EN,Towers with Radar,0,11,14,4,29,0,17,68,5,90,0,28,82,9,119,123,0,123,242
07/22/2020,HEF,VA,AEA,EN,Towers with Radar,0,11,14,5,30,0,10,33,2,45,0,21,47,7,75,184,0,184,259
07/23/2020,HEF,VA,AEA,EN,Towers with Radar,0,12,20,4,36,0,21,72,4,97,0,33,92,8,133,225,0,225,358
07/24/2020,HEF,VA,AEA,EN,Towers with Radar,0,10,40,1,51,0,4,15,1,20,0,14,55,2,71,58,0,58,129
07/25/2020,HEF,VA,AEA,EN,Towers with Radar,0,12,43,0,55,0,29,57,0,86,0,41,100,0,141,141,0,141,282
07/26/2020,HEF,VA,AEA,EN,Towers with Radar,0,11,41,0,52,0,27,144,0,171,0,38,185,0,223,111,0,111,334
07/27/2020,HEF,VA,AEA,EN,Towers with Radar,0,11,27,4,42,0,34,85,4,123,0,45,112,8,165,84,0,84,249
07/28/2020,HEF,VA,AEA,EN,Towers with Radar,0,6,20,3,29,0,23,58,7,88,0,29,78,10,117,58,0,58,175
07/29/2020,HEF,VA,AEA,EN,Towers with Radar,0,18,49,4,71,0,30,79,5,114,0,48,128,9,185,120,10,130,315
07/30/2020,HEF,VA,AEA,EN,Towers with Radar,0,19,36,2,57,0,29,88,3,120,0,48,124,5,177,90,0,90,267
07/31/2020,HEF,VA,AEA,EN,Towers with Radar,0,11,26,5,42,0,0,6,0,6,0,11,32,5,48,0,0,0,48
08/01/2020,HEF,VA,AEA,EN,Towers with Radar,0,16,35,0,51,0,13,43,2,58,0,29,78,2,109,167,0,167,276
08/02/2020,HEF,VA,AEA,EN,Towers with Radar,0,11,23,0,34,0,9,43,0,52,0,20,66,0,86,156,0,156,242
08/03/2020,HEF,VA,AEA,EN,Towers with Radar,0,8,16,4,28,0,14,41,4,59,0,22,57,8,87,85,0,85,172
08/04/2020,HEF,VA,AEA,EN,Towers with Radar,0,6,14,3,23,0,4,30,1,35,0,10,44,4,58,8,0,8,66
08/05/2020,HEF,VA,AEA,EN,Towers with Radar,0,13,27,3,43,0,32,100,13,145,0,45,127,16,188,93,0,93,281
08/06/2020,HEF,VA,AEA,EN,Towers with Radar,0,11,20,6,37,0,5,31,10,46,0,16,51,16,83,137,0,137,220
08/07/2020,HEF,VA,AEA,EN,Towers with Radar,0,9,30,5,44,0,14,32,1,47,0,23,62,6,91,55,8,63,154
08/08/2020,HEF,VA,AEA,EN,Towers with Radar,0,19,40,1,60,0,13,46,0,59,0,32,86,1,119,85,0,85,204
08/09/2020,HEF,VA,AEA,EN,Towers with Radar,0,3,48,2,53,0,19,132,1,152,0,22,180,3,205,94,0,94,299
08/10/2020,HEF,VA,AEA,EN,Towers with Radar,0,14,20,0,34,0,27,86,8,121,0,41,106,8,155,96,0,96,251
08/11/2020,HEF,VA,AEA,EN,Towers with Radar,0,9,34,4,47,0,13,85,5,103,0,22,119,9,150,80,4,84,234
08/12/2020,HEF,VA,AEA,EN,Towers with Radar,0,8,33,2,43,0,20,76,5,101,0,28,109,7,144,72,0,72,216
08/13/2020,HEF,VA,AEA,EN,Towers with Radar,0,11,17,3,31,0,2,11,2,15,0,13,28,5,46,12,0,12,58
08/14/2020,HEF,VA,AEA,EN,Towers with Radar,0,15,30,1,46,0,10,20,3,33,0,25,50,4,79,90,6,96,175
08/15/2020,HEF,VA,AEA,EN,Towers with Radar,0,7,21,2,30,0,25,40,0,65,0,32,61,2,95,88,0,88,183
08/16/2020,HEF,VA,AEA,EN,Towers with Radar,0,10,41,1,52,0,12,13,2,27,0,22,54,3,79,4,0,4,83
08/17/2020,HEF,VA,AEA,EN,Towers with Radar,0,8,32,5,45,0,25,40,7,72,0,33,72,12,117,99,0,99,216
08/18/2020,HEF,VA,AEA,EN,Towers with Radar,0,10,31,2,43,0,25,105,9,139,0,35,136,11,182,90,0,90,272
08/19/2020,HEF,VA,AEA,EN,Towers with Radar,0,14,31,2,47,0,23,67,10,100,0,37,98,12,147,80,0,80,227
08/20/2020,HEF,VA,AEA,EN,Towers with Radar,0,10,28,3,41,0,27,116,8,151,0,37,144,11,192,134,0,134,326
08/21/2020,HEF,VA,AEA,EN,Towers with Radar,0,12,39,3,54,0,27,72,5,104,0,39,111,8,158,197,0,197,355
08/22/2020,HEF,VA,AEA,EN,Towers with Radar,0,11,23,1,35,0,6,18,1,25,0,17,41,2,60,101,0,101,161
08/23/2020,HEF,VA,AEA,EN,Towers with Radar,0,6,43,0,49,0,16,96,0,112,0,22,139,0,161,146,0,146,307
08/24/2020,HEF,VA,AEA,EN,Towers with Radar,0,11,21,4,36,0,23,56,2,81,0,34,77,6,117,31,0,31,148
08/25/2020,HEF,VA,AEA,EN,Towers with Radar,0,6,34,7,47,0,26,60,9,95,0,32,94,16,142,170,15,185,327
08/26/2020,HEF,VA,AEA,EN,Towers with Radar,0,9,36,6,51,0,26,130,8,164,0,35,166,14,215,154,0,154,369
08/27/2020,HEF,VA,AEA,EN,Towers with Radar,0,13,46,1,60,0,22,86,7,115,0,35,132,8,175,74,6,80,255
08/28/2020,HEF,VA,AEA,EN,Towers with Radar,0,12,41,0,53,0,20,109,2,131,0,32,150,2,184,104,0,104,288
08/29/2020,HEF,VA,AEA,EN,Towers with Radar,0,8,24,0,32,0,7,4,0,11,0,15,28,0,43,0,0,0,43
08/30/2020,HEF,VA,AEA,EN,Towers with Radar,0,15,44,0,59,0,28,164,0,192,0,43,208,0,251,24,0,24,275
08/31/2020,HEF,VA,AEA,EN,Towers with Radar,0,4,24,5,33,0,3,26,6,35,0,7,50,11,68,65,0,65,133
09/01/2020,HEF,VA,AEA,EN,Towers with Radar,0,16,21,4,41,0,1,3,2,6,0,17,24,6,47,2,0,2,49
09/02/2020,HEF,VA,AEA,EN,Towers with Radar,0,16,32,2,50,0,13,46,7,66,0,29,78,9,116,46,0,46,162
09/03/2020,HEF,VA,AEA,EN,Towers with Radar,0,12,37,1,50,0,27,55,1,83,0,39,92,2,133,71,0,71,204
09/04/2020,HEF,VA,AEA,EN,Towers with Radar,0,10,48,3,61,0,32,122,3,157,0,42,170,6,218,34,0,34,252
09/05/2020,HEF,VA,AEA,EN,Towers with Radar,0,5,26,0,31,0,35,125,0,160,0,40,151,0,191,91,0,91,282
09/06/2020,HEF,VA,AEA,EN,Towers with Radar,0,13,30,0,43,0,14,131,0,145,0,27,161,0,188,72,0,72,260
09/07/2020,HEF,VA,AEA,EN,Towers with Radar,0,9,47,1,57,0,31,126,1,158,0,40,173,2,215,86,0,86,301
09/08/2020,HEF,VA,AEA,EN,Towers with Radar,0,10,32,3,45,0,34,82,7,123,0,44,114,10,168,99,0,99,267
09/09/2020,HEF,VA,AEA,EN,Towers with Radar,0,17,39,9,65,0,7,5,1,13,0,24,44,10,78,18,0,18,96
09/10/2020,HEF,VA,AEA,EN,Towers with Radar,0,12,35,2,49,0,6,7,2,15,0,18,42,4,64,0,0,0,64
09/11/2020,HEF,VA,AEA,EN,Towers with Radar,0,14,46,0,60,0,16,59,0,75,0,30,105,0,135,142,0,142,277
09/12/2020,HEF,VA,AEA,EN,Towers with Radar,0,8,37,2,47,0,17,56,0,73,0,25,93,2,120,162,0,162,282
09/13/2020,HEF,VA,AEA,EN,Towers with Radar,0,11,31,0,42,0,27,116,0,143,0,38,147,0,185,110,0,110,295
09/14/2020,HEF,VA,AEA,EN,Towers with Radar,0,7,30,0,37,0,26,101,3,130,0,33,131,3,167,40,0,40,207
09/15/2020,HEF,VA,AEA,EN,Towers with Radar,0,10,29,1,40,0,33,131,10,174,0,43,160,11,214,75,0,75,289
09/16/2020,HEF,VA,AEA,EN,Towers with Radar,0,14,32,1,47,0,28,91,4,123,0,42,123,5,170,130,0,130,300
09/17/2020,HEF,VA,AEA,EN,Towers with Radar,0,6,24,1,31,0,11,29,2,42,0,17,53,3,73,133,6,139,212
09/18/2020,HEF,VA,AEA,EN,Towers with Radar,0,21,25,0,46,0,16,44,4,64,0,37,69,4,110,98,0,98,208
09/19/2020,HEF,VA,AEA,EN,Towers with Radar,0,8,30,0,38,0,26,128,0,154,0,34,158,0,192,88,0,88,280
09/20/2020,HEF,VA,AEA,EN,Towers with Radar,0,11,52,0,63,0,19,152,1,172,0,30,204,1,235,87,0,87,322
09/21/2020,HEF,VA,AEA,EN,Towers with Radar,0,11,34,1,46,0,32,87,7,126,0,43,121,8,172,41,0,41,213
09/22/2020,HEF,VA,AEA,EN,Towers with Radar,0,13,36,1,50,0,29,79,9,117,0,42,115,10,167,122,2,124,291
09/23/2020,HEF,VA,AEA,EN,Towers with Radar,0,11,48,12,71,0,27,143,2,172,0,38,191,14,243,184,14,198,441
09/24/2020,HEF,VA,AEA,EN,Towers with Radar,0,8,34,4,46,0,23,100,15,138,0,31,134,19,184,224,14,238,422
09/25/2020,HEF,VA,AEA,EN,Towers with Radar,0,15,48,0,63,0,17,32,4,53,0,32,80,4,116,114,0,114,230
09/26/2020,HEF,VA,AEA,EN,Towers with Radar,0,14,49,1,64,0,3,3,1,7,0,17,52,2,71,26,0,26,97
09/27/2020,HEF,VA,AEA,EN,Towers with Radar,0,3,62,0,65,0,14,88,0,102,0,17,150,0,167,190,0,190,357
09/28/2020,HEF,VA,AEA,EN,Towers with Radar,0,5,43,6,54,0,13,65,5,83,0,18,108,11,137,71,10,81,218
09/29/2020,HEF,VA,AEA,EN,Towers with Radar,0,21,25,0,46,0,3,6,0,9,0,24,31,0,55,81,10,91,146
09/30/2020,HEF,VA,AEA,EN,Towers with Radar,0,20,45,6,71,0,37,107,7,151,0,57,152,13,222,175,20,195,417
10/01/2020,HEF,VA,AEA,EN,Towers with Radar,0,17,41,4,62,0,48,104,6,158,0,65,145,10,220,159,4,163,383
10/02/2020,HEF,VA,AEA,EN,Towers with Radar,0,17,45,2,64,0,22,86,5,113,0,39,131,7,177,164,0,164,341
10/03/2020,HEF,VA,AEA,EN,Towers with Radar,0,11,36,1,48,0,28,160,2,190,0,39,196,3,238,205,0,205,443
10/04/2020,HEF,VA,AEA,EN,Towers with Radar,0,15,39,0,54,0,18,104,2,124,0,33,143,2,178,174,0,174,352
10/05/2020,HEF,VA,AEA,EN,Towers with Radar,0,8,38,4,50,0,27,68,7,102,0,35,106,11,152,36,17,53,205
10/06/2020,HEF,VA,AEA,EN,Towers with Radar,0,15,39,4,58,0,26,80,6,112,0,41,119,10,170,107,0,107,277
10/07/2020,HEF,VA,AEA,EN,Towers with Radar,0,15,29,0,44,0,26,96,3,125,0,41,125,3,169,81,0,81,250
10/08/2020,HEF,VA,AEA,EN,Towers with Radar,0,8,39,3,50,0,22,79,1,102,0,30,118,4,152,116,0,116,268
10/09/2020,HEF,VA,AEA,EN,Towers with Radar,0,24,45,5,74,0,25,144,1,170,0,49,189,6,244,100,0,100,344
10/10/2020,HEF,VA,AEA,EN,Towers with Radar,0,9,40,2,51,0,23,97,0,120,0,32,137,2,171,148,0,148,319
10/11/2020,HEF,VA,AEA,EN,Towers with Radar,0,4,38,0,42,0,1,0,0,1,0,5,38,0,43,0,0,0,43
10/12/2020,HEF,VA,AEA,EN,Towers with Radar,0,9,34,0,43,0,0,0,0,0,0,9,34,0,43,0,0,0,43
10/13/2020,HEF,VA,AEA,EN,Towers with Radar,0,13,27,3,43,0,20,29,2,51,0,33,56,5,94,90,0,90,184
10/14/2020,HEF,VA,AEA,EN,Towers with Radar,0,19,48,8,75,0,41,126,7,174,0,60,174,15,249,68,0,68,317
10/15/2020,HEF,VA,AEA,EN,Towers with Radar,0,13,44,5,62,0,30,120,5,155,0,43,164,10,217,71,0,71,288
10/16/2020,HEF,VA,AEA,EN,Towers with Radar,0,21,23,5,49,0,24,38,4,66,0,45,61,9,115,66,0,66,181
10/17/2020,HEF,VA,AEA,EN,Towers with Radar,0,10,36,0,46,0,48,142,0,190,0,58,178,0,236,111,0,111,347
10/18/2020,HEF,VA,AEA,EN,Towers with Radar,0,11,37,2,50,0,27,157,1,185,0,38,194,3,235,124,0,124,359
10/19/2020,HEF,VA,AEA,EN,Towers with Radar,0,13,36,5,54,0,13,30,0,43,0,26,66,5,97,0,0,0,97
10/20/2020,HEF,VA,AEA,EN,Towers with Radar,0,11,41,1,53,0,38,87,8,133,0,49,128,9,186,0,0,0,186
10/21/2020,HEF,VA,AEA,EN,Towers with Radar,0,9,29,3,41,0,18,53,2,73,0,27,82,5,114,85,0,85,199
10/22/2020,HEF,VA,AEA,EN,Towers with Radar,0,13,30,0,43,0,28,65,0,93,0,41,95,0,136,88,0,88,224
10/23/2020,HEF,VA,AEA,EN,Towers with Radar,0,14,45,3,62,0,36,85,0,121,0,50,130,3,183,58,0,58,241
10/24/2020,HEF,VA,AEA,EN,Towers with Radar,0,12,32,0,44,0,44,113,0,157,0,56,145,0,201,186,0,186,387
10/25/2020,HEF,VA,AEA,EN,Towers with Radar,0,10,37,0,47,0,0,1,0,1,0,10,38,0,48,0,0,0,48
10/26/2020,HEF,VA,AEA,EN,Towers with Radar,0,13,32,0,45,0,5,17,1,23,0,18,49,1,68,0,0,0,68
10/27/2020,HEF,VA,AEA,EN,Towers with Radar,0,26,27,4,57,0,22,74,2,98,0,48,101,6,155,207,0,207,362
10/28/2020,HEF,VA,AEA,EN,Towers with Radar,0,20,41,6,67,0,18,44,4,66,0,38,85,10,133,115,0,115,248
10/29/2020,HEF,VA,AEA,EN,Towers with Radar,0,13,18,0,31,0,0,0,0,0,0,13,18,0,31,0,0,0,31
10/30/2020,HEF,VA,AEA,EN,Towers with Radar,0,20,37,4,61,0,16,29,2,47,0,36,66,6,108,77,0,77,185
10/31/2020,HEF,VA,AEA,EN,Towers with Radar,0,14,44,2,60,0,28,143,0,171,0,42,187,2,231,110,0,110,341
11/01/2020,HEF,VA,AEA,EN,Towers with Radar,0,4,20,0,24,0,5,6,0,11,0,9,26,0,35,34,0,34,69
11/02/2020,HEF,VA,AEA,EN,Towers with Radar,0,8,19,0,27,0,3,18,2,23,0,11,37,2,50,0,0,0,50
11/03/2020,HEF,VA,AEA,EN,Towers with Radar,0,11,28,3,42,0,25,64,8,97,0,36,92,11,139,76,0,76,215
11/04/2020,HEF,VA,AEA,EN,Towers with Radar,0,13,40,5,58,0,36,141,6,183,0,49,181,11,241,86,0,86,327
11/05/2020,HEF,VA,AEA,EN,Towers with Radar,0,8,41,4,53,0,31,87,6,124,0,39,128,10,177,158,0,158,335
11/06/2020,HEF,VA,AEA,EN,Towers with Radar,0,10,43,5,58,0,37,104,5,146,0,47,147,10,204,108,0,108,312
11/07/2020,HEF,VA,AEA,EN,Towers with Radar,0,11,46,0,57,0,35,159,0,194,0,46,205,0,251,160,0,160,411
11/08/2020,HEF,VA,AEA,EN,Towers with Radar,0,8,45,2,55,0,28,107,1,136,0,36,152,3,191,140,0,140,331
11/09/2020,HEF,VA,AEA,EN,Towers with Radar,0,9,25,1,35,0,29,85,6,120,0,38,110,7,155,152,0,152,307
11/10/2020,HEF,VA,AEA,EN,Towers with Radar,0,16,39,1,56,0,41,109,6,156,0,57,148,7,212,98,0,98,310
11/11/2020,HEF,VA,AEA,EN,Towers with Radar,0,14,7,3,24,0,0,0,0,0,0,14,7,3,24,0,0,0,24
11/12/2020,HEF,VA,AEA,EN,Towers with Radar,0,16,20,5,41,0,7,23,4,34,0,23,43,9,75,8,7,15,90
11/13/2020,HEF,VA,AEA,EN,Towers with Radar,0,14,38,2,54,0,33,97,4,134,0,47,135,6,188,131,0,131,319
11/14/2020,HEF,VA,AEA,EN,Towers with Radar,0,6,38,2,46,0,42,173,0,215,0,48,211,2,261,94,0,94,355
11/15/2020,HEF,VA,AEA,EN,Towers with Radar,0,1,20,0,21,0,1,14,0,15,0,2,34,0,36,26,0,26,62
11/16/2020,HEF,VA,AEA,EN,Towers with Radar,0,7,33,3,43,0,25,43,3,71,0,32,76,6,114,54,6,60,174
11/17/2020,HEF,VA,AEA,EN,Towers with Radar,0,4,21,2,27,0,5,20,0,25,0,9,41,2,52,44,0,44,96
11/18/2020,HEF,VA,AEA,EN,Towers with Radar,0,12,44,5,61,0,27,57,3,87,0,39,101,8,148,69,13,82,230
11/19/2020,HEF,VA,AEA,EN,Towers with Radar,0,18,36,6,60,0,22,87,8,117,0,40,123,14,177,106,5,111,288
11/20/2020,HEF,VA,AEA,EN,Towers with Radar,0,14,45,5,64,0,32,111,4,147,0,46,156,9,211,107,0,107,318
11/21/2020,HEF,VA,AEA,EN,Towers with Radar,0,16,44,2,62,0,36,141,3,180,0,52,185,5,242,91,0,91,333
11/22/2020,HEF,VA,AEA,EN,Towers with Radar,0,11,37,0,48,0,13,44,0,57,0,24,81,0,105,215,0,215,320
11/23/2020,HEF,VA,AEA,EN,Towers with Radar,0,8,26,4,38,0,2,11,3,16,0,10,37,7,54,6,5,11,65
11/24/2020,HEF,VA,AEA,EN,Towers with Radar,0,14,33,6,53,0,36,109,6,151,0,50,142,12,204,154,2,156,360
11/25/2020,HEF,VA,AEA,EN,Towers with Radar,0,12,36,3,51,0,16,58,0,74,0,28,94,3,125,51,0,51,176
11/26/2020,HEF,VA,AEA,EN,Towers with Radar,0,4,4,0,8,0,6,6,0,12,0,10,10,0,20,19,0,19,39
11/27/2020,HEF,VA,AEA,EN,Towers with Radar,0,7,22,0,29,0,27,47,1,75,0,34,69,1,104,55,0,55,159
11/28/2020,HEF,VA,AEA,EN,Towers with Radar,0,13,44,1,58,0,29,114,0,143,0,42,158,1,201,109,0,109,310
11/29/2020,HEF,VA,AEA,EN,Towers with Radar,0,16,49,3,68,0,17,95,0,112,0,33,144,3,180,186,0,186,366
11/30/2020,HEF,VA,AEA,EN,Towers with Radar,0,11,26,0,37,0,1,0,1,2,0,12,26,1,39,0,0,0,39
12/01/2020,HEF,VA,AEA,EN,Towers with Radar,0,9,27,3,39,0,14,26,6,46,0,23,53,9,85,0,0,0,85
12/02/2020,HEF,VA,AEA,EN,Towers with Radar,0,6,43,6,55,0,28,49,11,88,0,34,92,17,143,90,0,90,233
12/03/2020,HEF,VA,AEA,EN,Towers with Radar,0,16,36,1,53,0,26,107,12,145,0,42,143,13,198,153,2,155,353
12/04/2020,HEF,VA,AEA,EN,Towers with Radar,0,21,32,2,55,0,16,42,15,73,0,37,74,17,128,196,0,196,324
12/05/2020,HEF,VA,AEA,EN,Towers with Radar,0,7,5,2,14,0,9,24,0,33,0,16,29,2,47,26,0,26,73
12/06/2020,HEF,VA,AEA,EN,Towers with Radar,0,10,32,1,43,0,13,106,1,120,0,23,138,2,163,128,0,128,291
12/07/2020,HEF,VA,AEA,EN,Towers with Radar,0,14,16,1,31,0,22,62,9,93,0,36,78,10,124,172,0,172,296
12/08/2020,HEF,VA,AEA,EN,Towers with Radar,0,13,27,3,43,0,32,30,10,72,0,45,57,13,115,44,0,44,159
12/09/2020,HEF,VA,AEA,EN,Towers with Radar,0,19,30,2,51,0,34,66,16,116,0,53,96,18,167,170,0,170,337
12/10/2020,HEF,VA,AEA,EN,Towers with Radar,0,16,53,3,72,0,25,117,12,154,0,41,170,15,226,187,0,187,413
12/11/2020,HEF,VA,AEA,EN,Towers with Radar,0,16,42,4,62,0,28,116,10,154,0,44,158,14,216,144,0,144,360
12/12/2020,HEF,VA,AEA,EN,Towers with Radar,0,13,34,2,49,0,16,76,0,92,0,29,110,2,141,214,0,214,355
12/13/2020,HEF,VA,AEA,EN,Towers with Radar,0,11,36,0,47,0,30,96,0,126,0,41,132,0,173,184,0,184,357
12/14/2020,HEF,VA,AEA,EN,Towers with Radar,0,5,9,0,14,0,7,2,2,11,0,12,11,2,25,0,0,0,25
12/15/2020,HEF,VA,AEA,EN,Towers with Radar,0,20,41,0,61,0,28,99,11,138,0,48,140,11,199,155,0,155,354
12/16/2020,HEF,VA,AEA,EN,Towers with Radar,0,4,6,0,10,0,6,0,0,6,0,10,6,0,16,22,0,22,38
12/17/2020,HEF,VA,AEA,EN,Towers with Radar,0,13,31,4,48,0,19,26,10,55,0,32,57,14,103,118,0,118,221
12/18/2020,HEF,VA,AEA,EN,Towers with Radar,0,18,31,0,49,0,20,49,8,77,0,38,80,8,126,171,0,171,297
12/19/2020,HEF,VA,AEA,EN,Towers with Radar,0,11,30,0,41,0,31,113,0,144,0,42,143,0,185,214,0,214,399
12/20/2020,HEF,VA,AEA,EN,Towers with Radar,0,12,31,0,43,0,1,10,0,11,0,13,41,0,54,133,0,133,187
12/21/2020,HEF,VA,AEA,EN,Towers with Radar,0,7,34,0,41,0,15,18,1,34,0,22,52,1,75,139,0,139,214
12/22/2020,HEF,VA,AEA,EN,Towers with Radar,0,19,27,0,46,0,14,27,7,48,0,33,54,7,94,0,0,0,94
12/23/2020,HEF,VA,AEA,EN,Towers with Radar,0,15,38,0,53,0,36,105,1,142,0,51,143,1,195,126,0,126,321
12/24/2020,HEF,VA,AEA,EN,Towers with Radar,0,6,6,0,12,0,1,1,0,2,0,7,7,0,14,0,0,0,14
12/25/2020,HEF,VA,AEA,EN,Towers with Radar,0,4,8,1,13,0,2,4,0,6,0,6,12,1,19,0,0,0,19
12/26/2020,HEF,VA,AEA,EN,Towers with Radar,0,10,21,0,31,0,17,50,0,67,0,27,71,0,98,64,0,64,162
12/27/2020,HEF,VA,AEA,EN,Towers with Radar,0,19,45,2,66,0,29,105,0,134,0,48,150,2,200,148,0,148,348
12/28/2020,HEF,VA,AEA,EN,Towers with Radar,0,12,30,0,42,0,16,88,6,110,0,28,118,6,152,0,0,0,152
12/29/2020,HEF,VA,AEA,EN,Towers with Radar,0,12,26,0,38,0,12,62,7,81,0,24,88,7,119,130,0,130,249
12/30/2020,HEF,VA,AEA,EN,Towers with Radar,0,11,49,0,60,0,20,89,8,117,0,31,138,8,177,120,0,120,297
12/31/2020,HEF,VA,AEA,EN,Towers with Radar,0,5,17,0,22,0,3,36,6,45,0,8,53,6,67,23,0,23,90
01/01/2021,HEF,VA,AEA,EN,Towers with Radar,0,7,5,0,12,0,5,2,0,7,0,12,7,0,19,6,0,6,25
01/02/2021,HEF,VA,AEA,EN,Towers with Radar,0,13,50,0,63,0,18,79,0,97,0,31,129,0,160,110,0,110,270
01/03/2021,HEF,VA,AEA,EN,Towers with Radar,0,10,38,2,50,0,0,0,0,0,0,10,38,2,50,0,0,0,50
01/04/2021,HEF,VA,AEA,EN,Towers with Radar,0,9,33,0,42,0,21,61,10,92,0,30,94,10,134,222,0,222,356
01/05/2021,HEF,VA,AEA,EN,Towers with Radar,0,17,47,2,66,0,7,4,3,14,0,24,51,5,80,64,0,64,144
01/06/2021,HEF,VA,AEA,EN,Towers with Radar,0,16,53,2,71,0,25,56,9,90,0,41,109,11,161,76,0,76,237
01/07/2021,HEF,VA,AEA,EN,Towers with Radar,0,22,53,4,79,0,18,83,11,112,0,40,136,15,191,169,21,190,381
01/08/2021,HEF,VA,AEA,EN,Towers with Radar,0,17,19,4,40,0,20,52,7,79,0,37,71,11,119,122,0,122,241
01/09/2021,HEF,VA,AEA,EN,Towers with Radar,0,8,35,2,45,0,27,96,0,123,0,35,131,2,168,132,0,132,300
01/10/2021,HEF,VA,AEA,EN,Towers with Radar,0,7,34,0,41,0,23,127,2,152,0,30,161,2,193,161,0,161,354
01/11/2021,HEF,VA,AEA,EN,Towers with Radar,0,20,17,2,39,0,12,51,7,70,0,32,68,9,109,119,0,119,228
01/12/2021,HEF,VA,AEA,EN,Towers with Radar,0,10,20,3,33,0,24,60,5,89,0,34,80,8,122,107,0,107,229
01/13/2021,HEF,VA,AEA,EN,Towers with Radar,0,19,26,9,54,0,28,57,17,102,0,47,83,26,156,39,8,47,203
01/14/2021,HEF,VA,AEA,EN,Towers with Radar,0,14,28,7,49,0,20,82,11,113,0,34,110,18,162,67,0,67,229
01/15/2021,HEF,VA,AEA,EN,Towers with Radar,0,13,32,3,48,0,23,55,10,88,0,36,87,13,136,174,0,174,310
01/16/2021,HEF,VA,AEA,EN,Towers with Radar,0,12,22,0,34,0,27,65,11,103,0,39,87,11,137,168,0,168,305
01/17/2021,HEF,VA,AEA,EN,Towers with Radar,0,7,28,3,38,0,20,91,11,122,0,27,119,14,160,98,0,98,258
01/18/2021,HEF,VA,AEA,EN,Towers with Radar,0,8,26,1,35,0,24,73,15,112,0,32,99,16,147,62,0,62,209
01/19/2021,HEF,VA,AEA,EN,Towers with Radar,0,5,18,7,30,0,13,51,18,82,0,18,69,25,112,52,0,52,164
01/20/2021,HEF,VA,AEA,EN,Towers with Radar,0,15,17,1,33,0,6,12,19,37,0,21,29,20,70,0,0,0,70
01/21/2021,HEF,VA,AEA,EN,Towers with Radar,0,14,30,1,45,0,30,77,8,115,0,44,107,9,160,52,6,58,218
01/22/2021,HEF,VA,AEA,EN,Towers with Radar,0,14,23,1,38,0,21,82,4,107,0,35,105,5,145,74,0,74,219
01/23/2021,HEF,VA,AEA,EN,Towers with Radar,0,15,21,0,36,0,17,41,0,58,0,32,62,0,94,25,0,25,119
01/24/2021,HEF,VA,AEA,EN,Towers with Radar,0,8,32,0,40,0,34,124,0,158,0,42,156,0,198,254,0,254,452
01/25/2021,HEF,VA,AEA,EN,Towers with Radar,0,6,8,0,14,0,3,23,5,31,0,9,31,5,45,84,0,84,129
01/26/2021,HEF,VA,AEA,EN,Towers with Radar,0,6,7,0,13,0,0,0,0,0,0,6,7,0,13,0,0,0,13
01/27/2021,HEF,VA,AEA,EN,Towers with Radar,0,9,25,2,36,0,15,53,10,78,0,24,78,12,114,100,0,100,214
01/28/2021,HEF,VA,AEA,EN,Towers with Radar,0,4,18,2,24,0,5,11,7,23,0,9,29,9,47,0,0,0,47
01/29/2021,HEF,VA,AEA,EN,Towers with Radar,0,11,13,0,24,0,15,20,4,39,0,26,33,4,63,19,0,19,82
01/30/2021,HEF,VA,AEA,EN,Towers with Radar,0,14,29,0,43,0,39,143,0,182,0,53,172,0,225,167,0,167,392
01/31/2021,HEF,VA,AEA,EN,Towers with Radar,0,0,0,0,0,0,0,0,0,0,0,0,0,0,0,0,0,0,0
02/01/2021,HEF,VA,AEA,EN,Towers with Radar,0,1,0,0,1,0,0,0,0,0,0,1,0,0,1,0,0,0,1
02/02/2021,HEF,VA,AEA,EN,Towers with Radar,0,8,4,0,12,0,3,3,4,10,0,11,7,4,22,0,0,0,22
02/03/2021,HEF,VA,AEA,EN,Towers with Radar,0,14,15,3,32,0,6,1,7,14,0,20,16,10,46,10,0,10,56
02/04/2021,HEF,VA,AEA,EN,Towers with Radar,0,23,28,1,52,0,31,95,8,134,0,54,123,9,186,130,0,130,316
02/05/2021,HEF,VA,AEA,EN,Towers with Radar,0,18,24,2,44,0,12,66,8,86,0,30,90,10,130,131,0,131,261
02/06/2021,HEF,VA,AEA,EN,Towers with Radar,0,13,25,3,41,0,31,138,1,170,0,44,163,4,211,207,0,207,418
02/07/2021,HEF,VA,AEA,EN,Towers with Radar,0,3,13,0,16,0,2,4,0,6,0,5,17,0,22,12,0,12,34
02/08/2021,HEF,VA,AEA,EN,Towers with Radar,0,20,33,6,59,0,22,76,6,104,0,42,109,12,163,76,0,76,239
02/09/2021,HEF,VA,AEA,EN,Towers with Radar,0,10,15,4,29,0,28,74,9,111,0,38,89,13,140,205,0,205,345
02/10/2021,HEF,VA,AEA,EN,Towers with Radar,0,9,31,2,42,0,19,49,8,76,0,28,80,10,118,69,0,69,187
02/11/2021,HEF,VA,AEA,EN,Towers with Radar,0,10,6,0,16,0,0,0,0,0,0,10,6,0,16,0,0,0,16
02/12/2021,HEF,VA,AEA,EN,Towers with Radar,0,12,15,0,27,0,0,7,6,13,0,12,22,6,40,12,0,12,52
02/13/2021,HEF,VA,AEA,EN,Towers with Radar,0,10,2,0,12,0,0,0,0,0,0,10,2,0,12,0,0,0,12
02/14/2021,HEF,VA,AEA,EN,Towers with Radar,0,9,14,0,23,0,0,3,0,3,0,9,17,0,26,20,0,20,46
02/15/2021,HEF,VA,AEA,EN,Towers with Radar,0,6,17,0,23,0,2,2,0,4,0,8,19,0,27,58,0,58,85
02/16/2021,HEF,VA,AEA,EN,Towers with Radar,0,15,11,2,28,0,0,5,1,6,0,15,16,3,34,34,2,36,70
02/17/2021,HEF,VA,AEA,EN,Towers with Radar,0,32,37,6,75,0,40,119,6,165,0,72,156,12,240,156,0,156,396
02/18/2021,HEF,VA,AEA,EN,Towers with Radar,0,4,4,0,8,0,0,0,0,0,0,4,4,0,8,0,0,0,8
02/19/2021,HEF,VA,AEA,EN,Towers with Radar,0,13,12,0,25,0,3,4,0,7,0,16,16,0,32,34,0,34,66
02/20/2021,HEF,VA,AEA,EN,Towers with Radar,0,12,19,4,35,0,13,40,0,53,0,25,59,4,88,14,0,14,102
02/21/2021,HEF,VA,AEA,EN,Towers with Radar,0,10,35,0,45,0,22,165,2,189,0,32,200,2,234,124,0,124,358
02/22/2021,HEF,VA,AEA,EN,Towers with Radar,0,3,15,2,20,0,0,2,0,2,0,3,17,2,22,4,0,4,26
02/23/2021,HEF,VA,AEA,EN,Towers with Radar,0,7,23,2,32,0,5,22,8,35,0,12,45,10,67,101,0,101,168
02/24/2021,HEF,VA,AEA,EN,Towers with Radar,0,25,55,2,82,0,32,102,7,141,0,57,157,9,223,210,0,210,433
02/25/2021,HEF,VA,AEA,EN,Towers with Radar,0,30,31,4,65,0,31,108,9,148,0,61,139,13,213,166,0,166,379
02/26/2021,HEF,VA,AEA,EN,Towers with Radar,0,13,39,4,56,0,35,88,7,130,0,48,127,11,186,309,0,309,495
02/27/2021,HEF,VA,AEA,EN,Towers with Radar,0,13,24,3,40,0,20,27,0,47,0,33,51,3,87,172,0,172,259
02/28/2021,HEF,VA,AEA,EN,Towers with Radar,0,12,11,0,23,0,0,0,0,0,0,12,11,0,23,0,0,0,23
03/01/2021,HEF,VA,AEA,EN,Towers with Radar,0,6,19,3,28,0,3,6,8,17,0,9,25,11,45,0,14,14,59
03/02/2021,HEF,VA,AEA,EN,Towers with Radar,0,15,18,4,37,0,31,87,9,127,0,46,105,13,164,144,0,144,308
03/03/2021,HEF,VA,AEA,EN,Towers with Radar,0,16,36,4,56,0,33,94,10,137,0,49,130,14,193,184,0,184,377
03/04/2021,HEF,VA,AEA,EN,Towers with Radar,0,19,28,3,50,0,23,53,10,86,0,42,81,13,136,90,3,93,229
03/05/2021,HEF,VA,AEA,EN,Towers with Radar,0,16,42,6,64,0,26,57,6,89,0,42,99,12,153,77,0,77,230
03/06/2021,HEF,VA,AEA,EN,Towers with Radar,1,9,22,2,34,0,43,91,0,134,1,52,113,2,168,119,0,119,287
03/07/2021,HEF,VA,AEA,EN,Towers with Radar,0,8,45,1,54,0,23,142,0,165,0,31,187,1,219,186,0,186,405
03/08/2021,HEF,VA,AEA,EN,Towers with Radar,0,16,31,4,51,0,23,93,8,124,0,39,124,12,175,147,4,151,326
03/09/2021,HEF,VA,AEA,EN,Towers with Radar,0,13,22,1,36,0,32,86,7,125,0,45,108,8,161,270,0,270,431
03/10/2021,HEF,VA,AEA,EN,Towers with Radar,0,17,18,2,37,0,21,107,12,140,0,38,125,14,177,307,0,307,484
03/11/2021,HEF,VA,AEA,EN,Towers with Radar,0,18,30,0,48,0,22,78,6,106,0,40,108,6,154,158,0,158,312
03/12/2021,HEF,VA,AEA,EN,Towers with Radar,0,11,23,1,35,0,31,73,3,107,0,42,96,4,142,283,0,283,425
03/13/2021,HEF,VA,AEA,EN,Towers with Radar,0,18,30,3,51,0,42,135,2,179,0,60,165,5,230,238,0,238,468
03/14/2021,HEF,VA,AEA,EN,Towers with Radar,0,10,44,2,56,0,11,51,0,62,0,21,95,2,118,109,0,109,227
03/15/2021,HEF,VA,AEA,EN,Towers with Radar,0,13,36,1,50,0,10,71,8,89,0,23,107,9,139,160,0,160,299
03/16/2021,HEF,VA,AEA,EN,Towers with Radar,0,14,26,1,41,0,5,11,9,25,0,19,37,10,66,62,0,62,128
03/17/2021,HEF,VA,AEA,EN,Towers with Radar,0,9,41,4,54,0,4,9,3,16,0,13,50,7,70,224,0,224,294
03/18/2021,HEF,VA,AEA,EN,Towers with Radar,0,12,14,2,28,0,0,0,0,0,0,12,14,2,28,0,0,0,28
03/19/2021,HEF,VA,AEA,EN,Towers with Radar,0,17,39,3,59,0,8,28,11,47,0,25,67,14,106,3,0,3,109
03/20/2021,HEF,VA,AEA,EN,Towers with Radar,0,14,37,0,51,0,50,202,0,252,0,64,239,0,303,180,0,180,483
03/21/2021,HEF,VA,AEA,EN,Towers with Radar,0,10,30,1,41,0,31,182,0,213,0,41,212,1,254,150,0,150,404
03/22/2021,HEF,VA,AEA,EN,Towers with Radar,0,15,40,2,57,0,25,88,9,122,0,40,128,11,179,183,0,183,362
03/23/2021,HEF,VA,AEA,EN,Towers with Radar,0,16,41,2,59,0,24,65,11,100,0,40,106,13,159,270,0,270,429
03/24/2021,HEF,VA,AEA,EN,Towers with Radar,0,19,30,2,51,0,0,0,0,0,0,19,30,2,51,0,0,0,51
03/25/2021,HEF,VA,AEA,EN,Towers with Radar,0,18,39,2,59,0,0,5,3,8,0,18,44,5,67,56,0,56,123
03/26/2021,HEF,VA,AEA,EN,Towers with Radar,0,8,37,4,49,0,3,10,4,17,0,11,47,8,66,16,0,16,82
03/27/2021,HEF,VA,AEA,EN,Towers with Radar,0,21,46,5,72,0,51,176,0,227,0,72,222,5,299,249,0,249,548
03/28/2021,HEF,VA,AEA,EN,Towers with Radar,0,20,16,0,36,0,0,2,0,2,0,20,18,0,38,0,0,0,38
03/29/2021,HEF,VA,AEA,EN,Towers with Radar,0,10,41,4,55,0,24,84,8,116,0,34,125,12,171,95,0,95,266
03/30/2021,HEF,VA,AEA,EN,Towers with Radar,0,23,40,5,68,0,42,110,6,158,0,65,150,11,226,175,0,175,401
03/31/2021,HEF,VA,AEA,EN,Towers with Radar,0,13,19,4,36,0,0,2,2,4,0,13,21,6,40,24,0,24,64
04/01/2021,HEF,VA,AEA,EN,Towers with Radar,0,11,32,6,49,0,7,27,6,40,0,18,59,12,89,74,0,74,163
04/02/2021,HEF,VA,AEA,EN,Towers with Radar,0,14,30,3,47,0,8,31,5,44,0,22,61,8,91,35,0,35,126
04/03/2021,HEF,VA,AEA,EN,Towers with Radar,0,22,40,0,62,0,35,146,0,181,0,57,186,0,243,203,0,203,446
04/04/2021,HEF,VA,AEA,EN,Towers with Radar,0,16,17,0,33,0,14,87,0,101,0,30,104,0,134,135,0,135,269
04/05/2021,HEF,VA,AEA,EN,Towers with Radar,0,24,32,4,60,0,38,106,6,150,0,62,138,10,210,175,2,177,387
04/06/2021,HEF,VA,AEA,EN,Towers with Radar,0,21,40,3,64,0,25,96,8,129,0,46,136,11,193,216,0,216,409
04/07/2021,HEF,VA,AEA,EN,Towers with Radar,0,24,33,4,61,0,34,106,5,145,0,58,139,9,206,160,0,160,366
04/08/2021,HEF,VA,AEA,EN,Towers with Radar,0,19,30,0,49,0,24,58,6,88,0,43,88,6,137,212,0,212,349
04/09/2021,HEF,VA,AEA,EN,Towers with Radar,0,24,41,2,67,0,0,2,0,2,0,24,43,2,69,20,0,20,89
04/10/2021,HEF,VA,AEA,EN,Towers with Radar,0,18,36,0,54,0,3,25,1,29,0,21,61,1,83,140,0,140,223
04/11/2021,HEF,VA,AEA,EN,Towers with Radar,0,12,37,0,49,0,11,89,0,100,0,23,126,0,149,207,0,207,356
04/12/2021,HEF,VA,AEA,EN,Towers with Radar,0,18,51,2,71,0,34,42,3,79,0,52,93,5,150,166,0,166,316
04/13/2021,HEF,VA,AEA,EN,Towers with Radar,0,22,38,2,62,0,24,47,1,72,0,46,85,3,134,186,0,186,320
04/14/2021,HEF,VA,AEA,EN,Towers with Radar,0,14,34,6,54,0,10,21,5,36,0,24,55,11,90,110,1,111,201
04/15/2021,HEF,VA,AEA,EN,Towers with Radar,0,14,26,4,44,0,33,56,7,96,0,47,82,11,140,163,0,163,303
04/16/2021,HEF,VA,AEA,EN,Towers with Radar,0,26,44,5,75,0,18,65,10,93,0,44,109,15,168,195,1,196,364
04/17/2021,HEF,VA,AEA,EN,Towers with Radar,0,13,33,4,50,0,47,119,0,166,0,60,152,4,216,311,0,311,527
04/18/2021,HEF,VA,AEA,EN,Towers with Radar,0,13,32,4,49,0,21,121,2,144,0,34,153,6,193,305,0,305,498
04/19/2021,HEF,VA,AEA,EN,Towers with Radar,0,16,26,7,49,0,18,51,8,77,0,34,77,15,126,197,0,197,323
04/20/2021,HEF,VA,AEA,EN,Towers with Radar,0,15,17,7,39,0,27,90,5,122,0,42,107,12,161,180,0,180,341
04/21/2021,HEF,VA,AEA,EN,Towers with Radar,0,17,24,4,45,0,2,13,9,24,0,19,37,13,69,30,0,30,99
04/22/2021,HEF,VA,AEA,EN,Towers with Radar,0,9,22,4,35,0,7,28,13,48,0,16,50,17,83,36,0,36,119
04/23/2021,HEF,VA,AEA,EN,Towers with Radar,0,19,45,5,69,0,32,121,5,158,0,51,166,10,227,154,0,154,381
04/24/2021,HEF,VA,AEA,EN,Towers with Radar,0,9,29,0,38,0,29,115,2,146,0,38,144,2,184,230,0,230,414
04/25/2021,HEF,VA,AEA,EN,Towers with Radar,0,9,27,0,36,0,10,30,0,40,0,19,57,0,76,64,0,64,140
04/26/2021,HEF,VA,AEA,EN,Towers with Radar,0,11,32,2,45,0,35,86,11,132,0,46,118,13,177,184,0,184,361
04/27/2021,HEF,VA,AEA,EN,Towers with Radar,0,16,39,2,57,0,28,121,12,161,0,44,160,14,218,261,2,263,481
04/28/2021,HEF,VA,AEA,EN,Towers with Radar,0,18,37,4,59,0,30,102,14,146,0,48,139,18,205,237,0,237,442
04/29/2021,HEF,VA,AEA,EN,Towers with Radar,0,14,20,3,37,0,11,42,5,58,0,25,62,8,95,130,0,130,225
04/30/2021,HEF,VA,AEA,EN,Towers with Radar,0,14,29,1,44,0,1,6,4,11,0,15,35,5,55,6,0,6,61
05/01/2021,HEF,VA,AEA,EN,Towers with Radar,0,12,23,7,42,0,31,117,0,148,0,43,140,7,190,122,0,122,312
05/02/2021,HEF,VA,AEA,EN,Towers with Radar,0,11,26,0,37,0,14,88,0,102,0,25,114,0,139,170,0,170,309
05/03/2021,HEF,VA,AEA,EN,Towers with Radar,0,21,28,0,49,0,6,12,9,27,0,27,40,9,76,86,0,86,162
05/04/2021,HEF,VA,AEA,EN,Towers with Radar,0,17,29,0,46,0,36,77,10,123,0,53,106,10,169,179,0,179,348
05/05/2021,HEF,VA,AEA,EN,Towers with Radar,0,20,24,2,46,0,12,18,5,35,0,32,42,7,81,22,0,22,103
05/06/2021,HEF,VA,AEA,EN,Towers with Radar,0,8,55,6,69,0,45,111,9,165,0,53,166,15,234,226,0,226,460
05/07/2021,HEF,VA,AEA,EN,Towers with Radar,0,14,47,2,63,0,21,58,8,87,0,35,105,10,150,148,0,148,298
05/08/2021,HEF,VA,AEA,EN,Towers with Radar,0,16,48,0,64,0,21,79,0,100,0,37,127,0,164,136,0,136,300
05/09/2021,HEF,VA,AEA,EN,Towers with Radar,0,13,40,0,53,0,12,45,0,57,0,25,85,0,110,72,0,72,182
05/10/2021,HEF,VA,AEA,EN,Towers with Radar,0,5,24,1,30,0,27,70,7,104,0,32,94,8,134,126,0,126,260
05/11/2021,HEF,VA,AEA,EN,Towers with Radar,0,12,36,0,48,0,35,94,8,137,0,47,130,8,185,177,0,177,362
05/12/2021,HEF,VA,AEA,EN,Towers with Radar,0,17,41,0,58,0,31,86,6,123,0,48,127,6,181,221,0,221,402
05/13/2021,HEF,VA,AEA,EN,Towers with Radar,0,13,33,4,50,0,32,98,14,144,0,45,131,18,194,184,0,184,378
05/14/2021,HEF,VA,AEA,EN,Towers with Radar,0,18,33,0,51,0,37,109,11,157,0,55,142,11,208,164,0,164,372
05/15/2021,HEF,VA,AEA,EN,Towers with Radar,0,12,46,0,58,0,38,158,2,198,0,50,204,2,256,224,0,224,480
05/16/2021,HEF,VA,AEA,EN,Towers with Radar,0,16,38,0,54,0,20,83,0,103,0,36,121,0,157,126,0,126,283
05/17/2021,HEF,VA,AEA,EN,Towers with Radar,0,11,22,3,36,0,32,80,6,118,0,43,102,9,154,176,2,178,332
05/18/2021,HEF,VA,AEA,EN,Towers with Radar,0,16,28,4,48,0,25,80,8,113,0,41,108,12,161,354,0,354,515
05/19/2021,HEF,VA,AEA,EN,Towers with Radar,0,15,47,5,67,0,44,120,4,168,0,59,167,9,235,247,0,247,482
05/20/2021,HEF,VA,AEA,EN,Towers with Radar,0,14,50,6,70,0,40,109,12,161,0,54,159,18,231,182,0,182,413
05/21/2021,HEF,VA,AEA,EN,Towers with Radar,0,21,65,4,90,0,34,123,0,157,0,55,188,4,247,230,0,230,477
05/22/2021,HEF,VA,AEA,EN,Towers with Radar,0,13,27,0,40,0,28,126,3,157,0,41,153,3,197,131,0,131,328
05/23/2021,HEF,VA,AEA,EN,Towers with Radar,0,11,43,0,54,0,17,102,0,119,0,28,145,0,173,107,0,107,280
05/24/2021,HEF,VA,AEA,EN,Towers with Radar,0,10,35,1,46,0,3,5,2,10,0,13,40,3,56,26,0,26,82
05/25/2021,HEF,VA,AEA,EN,Towers with Radar,0,13,49,10,72,0,14,54,13,81,0,27,103,23,153,152,0,152,305
05/26/2021,HEF,VA,AEA,EN,Towers with Radar,0,22,36,2,60,0,23,75,6,104,0,45,111,8,164,74,0,74,238
05/27/2021,HEF,VA,AEA,EN,Towers with Radar,0,23,40,4,67,0,34,106,9,149,0,57,146,13,216,168,6,174,390
05/28/2021,HEF,VA,AEA,EN,Towers with Radar,0,17,40,1,58,0,13,19,6,38,0,30,59,7,96,192,0,192,288
05/29/2021,HEF,VA,AEA,EN,Towers with Radar,0,14,34,0,48,0,0,3,0,3,0,14,37,0,51,2,0,2,53
05/30/2021,HEF,VA,AEA,EN,Towers with Radar,0,6,28,0,34,0,11,11,0,22,0,17,39,0,56,60,0,60,116
05/31/2021,HEF,VA,AEA,EN,Towers with Radar,0,14,55,0,69,0,30,143,0,173,0,44,198,0,242,108,0,108,350
06/01/2021,HEF,VA,AEA,EN,Towers with Radar,0,22,36,0,58,0,38,97,12,147,0,60,133,12,205,197,0,197,402
06/02/2021,HEF,VA,AEA,EN,Towers with Radar,0,18,47,4,69,0,33,97,13,143,0,51,144,17,212,180,0,180,392
06/03/2021,HEF,VA,AEA,EN,Towers with Radar,0,12,24,2,38,0,6,8,5,19,0,18,32,7,57,80,0,80,137
06/04/2021,HEF,VA,AEA,EN,Towers with Radar,0,22,35,3,60,0,23,55,9,87,0,45,90,12,147,139,0,139,286
06/05/2021,HEF,VA,AEA,EN,Towers with Radar,0,10,37,2,49,0,36,128,0,164,0,46,165,2,213,227,0,227,440
06/06/2021,HEF,VA,AEA,EN,Towers with Radar,0,12,37,0,49,0,31,157,0,188,0,43,194,0,237,199,0,199,436
06/07/2021,HEF,VA,AEA,EN,Towers with Radar,0,7,37,2,46,0,29,67,12,108,0,36,104,14,154,118,0,118,272
06/08/2021,HEF,VA,AEA,EN,Towers with Radar,0,18,39,4,61,0,26,67,8,101,0,44,106,12,162,152,0,152,314
06/09/2021,HEF,VA,AEA,EN,Towers with Radar,0,23,41,1,65,0,26,76,8,110,0,49,117,9,175,125,2,127,302
06/10/2021,HEF,VA,AEA,EN,Towers with Radar,0,18,32,0,50,0,14,79,5,98,0,32,111,5,148,267,0,267,415
06/11/2021,HEF,VA,AEA,EN,Towers with Radar,0,12,37,1,50,0,0,0,0,0,0,12,37,1,50,0,0,0,50
06/12/2021,HEF,VA,AEA,EN,Towers with Radar,0,21,53,2,76,0,4,43,1,48,0,25,96,3,124,290,0,290,414
06/13/2021,HEF,VA,AEA,EN,Towers with Radar,0,19,44,0,63,0,17,65,1,83,0,36,109,1,146,195,0,195,341
06/14/2021,HEF,VA,AEA,EN,Towers with Radar,0,13,31,4,48,0,25,62,7,94,0,38,93,11,142,147,0,147,289
06/15/2021,HEF,VA,AEA,EN,Towers with Radar,0,14,57,4,75,0,34,90,8,132,0,48,147,12,207,167,0,167,374
06/16/2021,HEF,VA,AEA,EN,Towers with Radar,0,15,43,3,61,0,38,140,13,191,0,53,183,16,252,170,0,170,422
06/17/2021,HEF,VA,AEA,EN,Towers with Radar,0,16,45,3,64,0,37,122,11,170,0,53,167,14,234,332,10,342,576
06/18/2021,HEF,VA,AEA,EN,Towers with Radar,0,16,58,2,76,0,38,128,0,166,0,54,186,2,242,241,0,241,483
06/19/2021,HEF,VA,AEA,EN,Towers with Radar,0,12,29,0,41,0,32,90,0,122,0,44,119,0,163,141,0,141,304
06/20/2021,HEF,VA,AEA,EN,Towers with Radar,0,10,44,3,57,0,26,97,2,125,0,36,141,5,182,242,0,242,424
06/21/2021,HEF,VA,AEA,EN,Towers with Radar,0,4,33,2,39,0,14,58,7,79,0,18,91,9,118,83,0,83,201
06/22/2021,HEF,VA,AEA,EN,Towers with Radar,0,13,24,3,40,0,8,24,15,47,0,21,48,18,87,65,0,65,152
06/23/2021,HEF,VA,AEA,EN,Towers with Radar,0,14,49,10,73,0,36,139,19,194,0,50,188,29,267,201,0,201,468
06/24/2021,HEF,VA,AEA,EN,Towers with Radar,0,12,35,0,47,0,41,117,10,168,0,53,152,10,215,161,0,161,376
06/25/2021,HEF,VA,AEA,EN,Towers with Radar,0,13,35,8,56,0,32,121,4,157,0,45,156,12,213,211,0,211,424
06/26/2021,HEF,VA,AEA,EN,Towers with Radar,0,10,40,2,52,0,31,49,0,80,0,41,89,2,132,210,0,210,342
06/27/2021,HEF,VA,AEA,EN,Towers with Radar,0,13,48,2,63,0,28,75,0,103,0,41,123,2,166,134,0,134,300
06/28/2021,HEF,VA,AEA,EN,Towers with Radar,0,4,39,4,47,0,31,95,6,132,0,35,134,10,179,68,0,68,247
06/29/2021,HEF,VA,AEA,EN,Towers with Radar,0,20,28,4,52,0,32,65,7,104,0,52,93,11,156,177,0,177,333
06/30/2021,HEF,VA,AEA,EN,Towers with Radar,0,17,47,2,66,0,27,67,11,105,0,44,114,13,171,208,0,208,379
07/01/2021,HEF,VA,AEA,EN,Towers with Radar,0,7,49,4,60,0,6,29,8,43,0,13,78,12,103,98,0,98,201
07/02/2021,HEF,VA,AEA,EN,Towers with Radar,0,16,56,1,73,0,28,30,5,63,0,44,86,6,136,206,0,206,342
07/03/2021,HEF,VA,AEA,EN,Towers with Radar,0,16,34,0,50,0,30,78,0,108,0,46,112,0,158,102,0,102,260
07/04/2021,HEF,VA,AEA,EN,Towers with Radar,0,11,15,0,26,0,10,52,1,63,0,21,67,1,89,24,0,24,113
07/05/2021,HEF,VA,AEA,EN,Towers with Radar,0,11,42,1,54,0,42,109,0,151,0,53,151,1,205,49,0,49,254
07/06/2021,HEF,VA,AEA,EN,Towers with Radar,0,8,32,3,43,0,39,77,7,123,0,47,109,10,166,46,0,46,212
07/07/2021,HEF,VA,AEA,EN,Towers with Radar,0,16,29,2,47,0,26,70,6,102,0,42,99,8,149,186,0,186,335
07/08/2021,HEF,VA,AEA,EN,Towers with Radar,0,15,24,0,39,0,12,42,5,59,0,27,66,5,98,116,0,116,214
07/09/2021,HEF,VA,AEA,EN,Towers with Radar,0,20,20,10,50,0,33,70,6,109,0,53,90,16,159,78,0,78,237
07/10/2021,HEF,VA,AEA,EN,Towers with Radar,0,16,41,0,57,0,31,178,0,209,0,47,219,0,266,244,0,244,510
07/11/2021,HEF,VA,AEA,EN,Towers with Radar,0,13,50,0,63,0,17,22,0,39,0,30,72,0,102,221,0,221,323
07/12/2021,HEF,VA,AEA,EN,Towers with Radar,0,15,45,4,64,0,29,51,7,87,0,44,96,11,151,117,0,117,268
07/13/2021,HEF,VA,AEA,EN,Towers with Radar,0,17,45,4,66,0,37,75,4,116,0,54,120,8,182,94,0,94,276
07/14/2021,HEF,VA,AEA,EN,Towers with Radar,0,13,32,4,49,0,26,71,2,99,0,39,103,6,148,97,0,97,245
07/15/2021,HEF,VA,AEA,EN,Towers with Radar,0,21,40,7,68,0,37,102,11,150,0,58,142,18,218,214,0,214,432
07/16/2021,HEF,VA,AEA,EN,Towers with Radar,0,12,50,0,62,0,26,102,6,134,0,38,152,6,196,206,0,206,402
07/17/2021,HEF,VA,AEA,EN,Towers with Radar,0,11,36,0,47,0,27,69,0,96,0,38,105,0,143,197,0,197,340
07/18/2021,HEF,VA,AEA,EN,Towers with Radar,0,18,49,0,67,0,19,90,0,109,0,37,139,0,176,117,0,117,293
07/19/2021,HEF,VA,AEA,EN,Towers with Radar,0,18,41,6,65,0,36,96,7,139,0,54,137,13,204,186,0,186,390
07/20/2021,HEF,VA,AEA,EN,Towers with Radar,0,16,44,5,65,0,30,88,7,125,0,46,132,12,190,222,0,222,412
07/21/2021,HEF,VA,AEA,EN,Towers with Radar,0,19,50,0,69,0,24,54,11,89,0,43,104,11,158,232,0,232,390
07/22/2021,HEF,VA,AEA,EN,Towers with Radar,0,16,46,1,63,0,17,97,3,117,0,33,143,4,180,290,0,290,470
07/23/2021,HEF,VA,AEA,EN,Towers with Radar,0,15,57,4,76,0,41,117,4,162,0,56,174,8,238,184,0,184,422
07/24/2021,HEF,VA,AEA,EN,Towers with Radar,0,15,29,0,44,0,36,106,0,142,0,51,135,0,186,281,0,281,467
07/25/2021,HEF,VA,AEA,EN,Towers with Radar,0,17,42,0,59,0,26,82,0,108,0,43,124,0,167,141,0,141,308
07/26/2021,HEF,VA,AEA,EN,Towers with Radar,0,13,30,4,47,0,22,40,5,67,0,35,70,9,114,174,0,174,288
07/27/2021,HEF,VA,AEA,EN,Towers with Radar,0,16,37,2,55,0,26,64,8,98,0,42,101,10,153,181,0,181,334
07/28/2021,HEF,VA,AEA,EN,Towers with Radar,0,12,40,2,54,0,31,67,6,104,0,43,107,8,158,200,0,200,358
07/29/2021,HEF,VA,AEA,EN,Towers with Radar,0,15,30,1,46,0,10,43,8,61,0,25,73,9,107,146,0,146,253
07/30/2021,HEF,VA,AEA,EN,Towers with Radar,0,14,43,0,57,0,36,69,5,110,0,50,112,5,167,152,0,152,319
07/31/2021,HEF,VA,AEA,EN,Towers with Radar,0,14,34,0,48,0,15,118,0,133,0,29,152,0,181,214,0,214,395
08/01/2021,HEF,VA,AEA,EN,Towers with Radar,0,10,29,0,39,0,8,15,0,23,0,18,44,0,62,68,0,68,130
08/02/2021,HEF,VA,AEA,EN,Towers with Radar,0,6,47,2,55,0,40,74,5,119,0,46,121,7,174,128,0,128,302
08/03/2021,HEF,VA,AEA,EN,Towers with Radar,0,12,29,3,44,0,29,67,4,100,0,41,96,7,144,206,0,206,350
08/04/2021,HEF,VA,AEA,EN,Towers with Radar,0,17,44,4,65,0,36,59,2,97,0,53,103,6,162,136,0,136,298
08/05/2021,HEF,VA,AEA,EN,Towers with Radar,0,26,42,4,72,0,36,92,4,132,0,62,134,8,204,132,0,132,336
08/06/2021,HEF,VA,AEA,EN,Towers with Radar,0,15,42,2,59,0,42,82,7,131,0,57,124,9,190,111,0,111,301
08/07/2021,HEF,VA,AEA,EN,Towers with Radar,0,24,34,2,60,0,25,37,0,62,0,49,71,2,122,105,0,105,227
08/08/2021,HEF,VA,AEA,EN,Towers with Radar,0,25,23,0,48,0,21,121,0,142,0,46,144,0,190,159,0,159,349
08/09/2021,HEF,VA,AEA,EN,Towers with Radar,0,13,34,3,50,0,27,67,6,100,0,40,101,9,150,254,0,254,404
08/10/2021,HEF,VA,AEA,EN,Towers with Radar,0,8,24,2,34,0,19,34,4,57,0,27,58,6,91,150,0,150,241
08/11/2021,HEF,VA,AEA,EN,Towers with Radar,0,22,28,1,51,0,15,59,7,81,0,37,87,8,132,162,0,162,294
08/12/2021,HEF,VA,AEA,EN,Towers with Radar,0,21,38,1,60,0,28,72,3,103,0,49,110,4,163,148,0,148,311
08/13/2021,HEF,VA,AEA,EN,Towers with Radar,0,20,38,4,62,0,21,66,5,92,0,41,104,9,154,120,0,120,274
08/14/2021,HEF,VA,AEA,EN,Towers with Radar,0,9,36,2,47,0,23,85,0,108,0,32,121,2,155,337,0,337,492
08/15/2021,HEF,VA,AEA,EN,Towers with Radar,0,16,37,2,55,0,20,51,1,72,0,36,88,3,127,361,0,361,488
08/16/2021,HEF,VA,AEA,EN,Towers with Radar,0,4,28,3,35,0,3,4,5,12,0,7,32,8,47,60,0,60,107
08/17/2021,HEF,VA,AEA,EN,Towers with Radar,0,16,16,0,32,0,10,19,1,30,0,26,35,1,62,145,0,145,207
08/18/2021,HEF,VA,AEA,EN,Towers with Radar,0,19,36,2,57,0,6,8,5,19,0,25,44,7,76,56,0,56,132
08/19/2021,HEF,VA,AEA,EN,Towers with Radar,0,21,32,2,55,0,31,72,7,110,0,52,104,9,165,88,0,88,253
08/20/2021,HEF,VA,AEA,EN,Towers with Radar,0,18,40,2,60,0,13,24,4,41,0,31,64,6,101,170,0,170,271
08/21/2021,HEF,VA,AEA,EN,Towers with Radar,0,18,36,0,54,0,37,113,0,150,0,55,149,0,204,178,0,178,382
08/22/2021,HEF,VA,AEA,EN,Towers with Radar,0,19,31,0,50,0,24,95,0,119,0,43,126,0,169,214,0,214,383
08/23/2021,HEF,VA,AEA,EN,Towers with Radar,0,15,32,4,51,0,26,78,5,109,0,41,110,9,160,99,4,103,263
08/24/2021,HEF,VA,AEA,EN,Towers with Radar,0,16,46,8,70,0,29,103,4,136,0,45,149,12,206,156,0,156,362
08/25/2021,HEF,VA,AEA,EN,Towers with Radar,0,17,40,1,58,0,30,80,9,119,0,47,120,10,177,174,0,174,351
08/26/2021,HEF,VA,AEA,EN,Towers with Radar,0,11,52,0,63,0,24,74,3,101,0,35,126,3,164,128,0,128,292
08/27/2021,HEF,VA,AEA,EN,Towers with Radar,0,11,90,5,106,0,33,121,10,164,0,44,211,15,270,82,0,82,352
08/28/2021,HEF,VA,AEA,EN,Towers with Radar,0,13,58,0,71,0,28,111,0,139,0,41,169,0,210,167,0,167,377
08/29/2021,HEF,VA,AEA,EN,Towers with Radar,0,11,34,0,45,0,7,23,0,30,0,18,57,0,75,177,0,177,252
08/30/2021,HEF,VA,AEA,EN,Towers with Radar,0,7,30,0,37,0,11,48,11,70,0,18,78,11,107,130,0,130,237
08/31/2021,HEF,VA,AEA,EN,Towers with Radar,0,12,38,0,50,0,42,69,9,120,0,54,107,9,170,167,0,167,337
09/01/2021,HEF,VA,AEA,EN,Towers with Radar,0,14,9,0,23,0,0,0,0,0,0,14,9,0,23,4,0,4,27
09/02/2021,HEF,VA,AEA,EN,Towers with Radar,0,23,50,0,73,0,25,82,9,116,0,48,132,9,189,86,0,86,275
09/03/2021,HEF,VA,AEA,EN,Towers with Radar,0,11,41,8,60,0,44,132,10,186,0,55,173,18,246,266,0,266,512
09/04/2021,HEF,VA,AEA,EN,Towers with Radar,0,16,31,0,47,0,24,131,2,157,0,40,162,2,204,178,0,178,382
09/05/2021,HEF,VA,AEA,EN,Towers with Radar,0,10,25,1,36,0,10,69,0,79,0,20,94,1,115,118,0,118,233
09/06/2021,HEF,VA,AEA,EN,Towers with Radar,0,4,37,1,42,0,20,104,0,124,0,24,141,1,166,166,0,166,332
09/07/2021,HEF,VA,AEA,EN,Towers with Radar,0,7,26,2,35,0,23,73,13,109,0,30,99,15,144,104,0,104,248
09/08/2021,HEF,VA,AEA,EN,Towers with Radar,0,16,21,3,40,0,22,81,11,114,0,38,102,14,154,182,0,182,336
09/09/2021,HEF,VA,AEA,EN,Towers with Radar,0,12,43,2,57,0,26,56,3,85,0,38,99,5,142,199,0,199,341
09/10/2021,HEF,VA,AEA,EN,Towers with Radar,0,16,39,4,59,0,33,84,4,121,0,49,123,8,180,49,0,49,229
09/11/2021,HEF,VA,AEA,EN,Towers with Radar,0,13,32,2,47,0,36,157,0,193,0,49,189,2,240,134,0,134,374
09/12/2021,HEF,VA,AEA,EN,Towers with Radar,0,9,39,0,48,0,31,115,0,146,0,40,154,0,194,195,0,195,389
09/13/2021,HEF,VA,AEA,EN,Towers with Radar,0,7,42,2,51,0,26,57,5,88,0,33,99,7,139,168,14,182,321
09/14/2021,HEF,VA,AEA,EN,Towers with Radar,0,6,39,1,46,0,21,96,5,122,0,27,135,6,168,248,0,248,416
09/15/2021,HEF,VA,AEA,EN,Towers with Radar,0,15,41,4,60,0,27,74,6,107,0,42,115,10,167,138,0,138,305
09/16/2021,HEF,VA,AEA,EN,Towers with Radar,0,13,58,2,73,0,4,15,7,26,0,17,73,9,99,206,0,206,305
09/17/2021,HEF,VA,AEA,EN,Towers with Radar,0,24,74,1,99,0,2,14,0,16,0,26,88,1,115,48,0,48,163
09/18/2021,HEF,VA,AEA,EN,Towers with Radar,0,13,34,2,49,0,19,67,5,91,0,32,101,7,140,208,0,208,348
09/19/2021,HEF,VA,AEA,EN,Towers with Radar,0,10,76,0,86,0,32,102,0,134,0,42,178,0,220,209,0,209,429
09/20/2021,HEF,VA,AEA,EN,Towers with Radar,0,9,45,5,59,0,37,75,4,116,0,46,120,9,175,293,0,293,468
09/21/2021,HEF,VA,AEA,EN,Towers with Radar,0,10,43,2,55,0,13,30,3,46,0,23,73,5,101,340,0,340,441
09/22/2021,HEF,VA,AEA,EN,Towers with Radar,0,16,45,2,63,0,2,2,0,4,0,18,47,2,67,24,0,24,91
09/23/2021,HEF,VA,AEA,EN,Towers with Radar,0,20,34,5,59,0,22,49,4,75,0,42,83,9,134,123,8,131,265
09/24/2021,HEF,VA,AEA,EN,Towers with Radar,0,24,34,2,60,0,45,129,4,178,0,69,163,6,238,200,0,200,438
09/25/2021,HEF,VA,AEA,EN,Towers with Radar,0,14,36,1,51,0,30,110,2,142,0,44,146,3,193,190,0,190,383
09/26/2021,HEF,VA,AEA,EN,Towers with Radar,0,12,31,0,43,0,17,109,0,126,0,29,140,0,169,143,0,143,312
09/27/2021,HEF,VA,AEA,EN,Towers with Radar,0,5,26,2,33,0,30,86,0,116,0,35,112,2,149,152,0,152,301
09/28/2021,HEF,VA,AEA,EN,Towers with Radar,0,13,36,1,50,0,18,48,4,70,0,31,84,5,120,111,0,111,231
09/29/2021,HEF,VA,AEA,EN,Towers with Radar,0,16,49,3,68,0,36,105,4,145,0,52,154,7,213,222,0,222,435
09/30/2021,HEF,VA,AEA,EN,Towers with Radar,0,19,57,0,76,0,36,116,5,157,0,55,173,5,233,148,0,148,381
10/01/2021,HEF,VA,AEA,EN,Towers with Radar,0,18,44,5,67,0,44,129,8,181,0,62,173,13,248,129,0,129,377
10/02/2021,HEF,VA,AEA,EN,Towers with Radar,0,12,41,0,53,0,32,107,0,139,0,44,148,0,192,139,0,139,331
10/03/2021,HEF,VA,AEA,EN,Towers with Radar,0,15,53,1,69,0,22,112,0,134,0,37,165,1,203,221,0,221,424
10/04/2021,HEF,VA,AEA,EN,Towers with Radar,0,6,39,1,46,0,34,60,10,104,0,40,99,11,150,146,0,146,296
10/05/2021,HEF,VA,AEA,EN,Towers with Radar,0,16,43,2,61,0,14,51,10,75,0,30,94,12,136,163,0,163,299
10/06/2021,HEF,VA,AEA,EN,Towers with Radar,0,25,48,1,74,0,0,1,0,1,0,25,49,1,75,20,0,20,95
10/07/2021,HEF,VA,AEA,EN,Towers with Radar,0,20,55,2,77,0,7,39,5,51,0,27,94,7,128,236,0,236,364
10/08/2021,HEF,VA,AEA,EN,Towers with Radar,0,12,53,0,65,0,24,75,4,103,0,36,128,4,168,266,0,266,434
10/09/2021,HEF,VA,AEA,EN,Towers with Radar,0,15,57,0,72,0,15,69,0,84,0,30,126,0,156,308,0,308,464
10/10/2021,HEF,VA,AEA,EN,Towers with Radar,0,11,52,0,63,0,2,5,0,7,0,13,57,0,70,92,0,92,162
10/11/2021,HEF,VA,AEA,EN,Towers with Radar,0,7,60,0,67,0,3,16,2,21,0,10,76,2,88,207,0,207,295
10/12/2021,HEF,VA,AEA,EN,Towers with Radar,0,10,52,2,64,0,4,18,3,25,0,14,70,5,89,153,0,153,242
10/13/2021,HEF,VA,AEA,EN,Towers with Radar,0,23,67,3,93,0,18,41,9,68,0,41,108,12,161,230,2,232,393
10/14/2021,HEF,VA,AEA,EN,Towers with Radar,0,20,36,3,59,0,34,104,10,148,0,54,140,13,207,121,0,121,328
10/15/2021,HEF,VA,AEA,EN,Towers with Radar,0,24,50,0,74,0,48,126,5,179,0,72,176,5,253,178,0,178,431
10/16/2021,HEF,VA,AEA,EN,Towers with Radar,0,8,22,0,30,0,8,36,3,47,0,16,58,3,77,79,0,79,156
10/17/2021,HEF,VA,AEA,EN,Towers with Radar,0,16,64,2,82,0,22,66,0,88,0,38,130,2,170,81,0,81,251
10/18/2021,HEF,VA,AEA,EN,Towers with Radar,0,10,50,1,61,0,17,68,6,91,0,27,118,7,152,200,0,200,352
10/19/2021,HEF,VA,AEA,EN,Towers with Radar,0,14,68,0,82,0,35,133,14,182,0,49,201,14,264,170,0,170,434
10/20/2021,HEF,VA,AEA,EN,Towers with Radar,0,16,51,1,68,0,35,136,12,183,0,51,187,13,251,240,4,244,495
10/21/2021,HEF,VA,AEA,EN,Towers with Radar,0,14,57,2,73,0,30,127,13,170,0,44,184,15,243,197,0,197,440
10/22/2021,HEF,VA,AEA,EN,Towers with Radar,0,21,41,0,62,0,34,96,8,138,0,55,137,8,200,253,0,253,453
10/23/2021,HEF,VA,AEA,EN,Towers with Radar,0,15,41,0,56,0,31,116,0,147,0,46,157,0,203,92,0,92,295
10/24/2021,HEF,VA,AEA,EN,Towers with Radar,0,16,40,0,56,0,25,112,0,137,0,41,152,0,193,124,0,124,317
10/25/2021,HEF,VA,AEA,EN,Towers with Radar,0,6,28,2,36,0,14,53,6,73,0,20,81,8,109,60,0,60,169
10/26/2021,HEF,VA,AEA,EN,Towers with Radar,0,13,39,0,52,0,3,10,5,18,0,16,49,5,70,12,0,12,82
10/27/2021,HEF,VA,AEA,EN,Towers with Radar,0,19,44,3,66,0,14,48,1,63,0,33,92,4,129,134,0,134,263
10/28/2021,HEF,VA,AEA,EN,Towers with Radar,0,23,63,2,88,0,26,73,12,111,0,49,136,14,199,240,4,244,443
10/29/2021,HEF,VA,AEA,EN,Towers with Radar,0,13,25,2,40,0,0,0,0,0,0,13,25,2,40,0,0,0,40
10/30/2021,HEF,VA,AEA,EN,Towers with Radar,0,16,35,0,51,0,3,41,0,44,0,19,76,0,95,198,0,198,293
10/31/2021,HEF,VA,AEA,EN,Towers with Radar,0,4,53,0,57,0,30,73,0,103,0,34,126,0,160,108,0,108,268
11/01/2021,HEF,VA,AEA,EN,Towers with Radar,0,16,51,2,69,0,19,77,7,103,0,35,128,9,172,173,0,173,345
11/02/2021,HEF,VA,AEA,EN,Towers with Radar,0,11,35,1,47,0,5,13,4,22,0,16,48,5,69,41,0,41,110
11/03/2021,HEF,VA,AEA,EN,Towers with Radar,0,20,57,2,79,0,20,104,7,131,0,40,161,9,210,132,0,132,342
11/04/2021,HEF,VA,AEA,EN,Towers with Radar,0,13,49,2,64,0,34,102,5,141,0,47,151,7,205,96,0,96,301
11/05/2021,HEF,VA,AEA,EN,Towers with Radar,0,15,79,4,98,0,33,119,4,156,0,48,198,8,254,248,0,248,502
11/06/2021,HEF,VA,AEA,EN,Towers with Radar,0,15,59,4,78,0,28,129,2,159,0,43,188,6,237,162,0,162,399
11/07/2021,HEF,VA,AEA,EN,Towers with Radar,0,11,57,5,73,0,26,96,0,122,0,37,153,5,195,143,0,143,338
11/08/2021,HEF,VA,AEA,EN,Towers with Radar,0,6,44,6,56,0,32,73,7,112,0,38,117,13,168,108,0,108,276
11/09/2021,HEF,VA,AEA,EN,Towers with Radar,0,8,50,0,58,0,30,92,2,124,0,38,142,2,182,87,0,87,269
11/10/2021,HEF,VA,AEA,EN,Towers with Radar,0,11,63,2,76,0,34,84,5,123,0,45,147,7,199,126,0,126,325
11/11/2021,HEF,VA,AEA,EN,Towers with Radar,0,14,58,1,73,0,37,131,0,168,0,51,189,1,241,178,0,178,419
11/12/2021,HEF,VA,AEA,EN,Towers with Radar,0,19,51,2,72,0,24,70,6,100,0,43,121,8,172,197,0,197,369
11/13/2021,HEF,VA,AEA,EN,Towers with Radar,0,14,39,0,53,0,20,82,0,102,0,34,121,0,155,160,0,160,315
11/14/2021,HEF,VA,AEA,EN,Towers with Radar,0,16,56,0,72,0,18,122,0,140,0,34,178,0,212,148,0,148,360
11/15/2021,HEF,VA,AEA,EN,Towers with Radar,0,15,28,0,43,0,7,28,9,44,0,22,56,9,87,25,0,25,112
11/16/2021,HEF,VA,AEA,EN,Towers with Radar,0,14,56,6,76,0,28,87,9,124,0,42,143,15,200,255,0,255,455
11/17/2021,HEF,VA,AEA,EN,Towers with Radar,0,16,39,3,58,0,39,108,10,157,0,55,147,13,215,128,8,136,351
11/18/2021,HEF,VA,AEA,EN,Towers with Radar,0,14,45,5,64,0,22,53,8,83,0,36,98,13,147,61,0,61,208
11/19/2021,HEF,VA,AEA,EN,Towers with Radar,0,15,54,0,69,0,15,40,9,64,0,30,94,9,133,106,0,106,239
11/20/2021,HEF,VA,AEA,EN,Towers with Radar,0,11,48,1,60,0,42,167,0,209,0,53,215,1,269,214,0,214,483
11/21/2021,HEF,VA,AEA,EN,Towers with Radar,0,11,37,0,48,0,34,119,0,153,0,45,156,0,201,198,0,198,399
11/22/2021,HEF,VA,AEA,EN,Towers with Radar,0,14,31,1,46,0,22,62,9,93,0,36,93,10,139,122,0,122,261
11/23/2021,HEF,VA,AEA,EN,Towers with Radar,0,17,47,0,64,0,19,65,7,91,0,36,112,7,155,73,0,73,228
11/24/2021,HEF,VA,AEA,EN,Towers with Radar,0,19,51,3,73,0,18,77,3,98,0,37,128,6,171,165,0,165,336
11/25/2021,HEF,VA,AEA,EN,Towers with Radar,0,6,17,0,23,0,10,18,0,28,0,16,35,0,51,0,0,0,51
11/26/2021,HEF,VA,AEA,EN,Towers with Radar,0,3,24,0,27,0,0,10,2,12,0,3,34,2,39,0,0,0,39
11/27/2021,HEF,VA,AEA,EN,Towers with Radar,0,7,40,1,48,0,17,85,1,103,0,24,125,2,151,114,0,114,265
11/28/2021,HEF,VA,AEA,EN,Towers with Radar,0,21,61,0,82,0,26,113,0,139,0,47,174,0,221,285,0,285,506
11/29/2021,HEF,VA,AEA,EN,Towers with Radar,0,10,39,0,49,0,10,47,8,65,0,20,86,8,114,30,0,30,144
11/30/2021,HEF,VA,AEA,EN,Towers with Radar,0,10,47,0,57,0,20,88,10,118,0,30,135,10,175,87,0,87,262
12/01/2021,HEF,VA,AEA,EN,Towers with Radar,0,20,45,0,65,0,27,92,3,122,0,47,137,3,187,222,0,222,409
12/02/2021,HEF,VA,AEA,EN,Towers with Radar,0,9,41,4,54,0,19,59,10,88,0,28,100,14,142,99,0,99,241
12/03/2021,HEF,VA,AEA,EN,Towers with Radar,0,13,42,5,60,0,23,80,8,111,0,36,122,13,171,273,0,273,444
12/04/2021,HEF,VA,AEA,EN,Towers with Radar,0,13,26,0,39,0,30,114,0,144,0,43,140,0,183,219,0,219,402
12/05/2021,HEF,VA,AEA,EN,Towers with Radar,0,5,37,3,45,0,26,87,0,113,0,31,124,3,158,247,0,247,405
12/06/2021,HEF,VA,AEA,EN,Towers with Radar,0,8,22,0,30,0,5,22,5,32,0,13,44,5,62,8,0,8,70
12/07/2021,HEF,VA,AEA,EN,Towers with Radar,0,10,49,4,63,0,18,96,6,120,0,28,145,10,183,258,0,258,441
12/08/2021,HEF,VA,AEA,EN,Towers with Radar,0,22,29,2,53,0,9,57,2,68,0,31,86,4,121,222,0,222,343
12/09/2021,HEF,VA,AEA,EN,Towers with Radar,0,9,54,3,66,0,26,69,4,99,0,35,123,7,165,258,2,260,425
12/10/2021,HEF,VA,AEA,EN,Towers with Radar,0,14,46,1,61,0,23,80,4,107,0,37,126,5,168,217,0,217,385
12/11/2021,HEF,VA,AEA,EN,Towers with Radar,0,11,15,0,26,0,0,7,0,7,0,11,22,0,33,0,0,0,33
12/12/2021,HEF,VA,AEA,EN,Towers with Radar,0,15,56,0,71,0,29,116,0,145,0,44,172,0,216,244,0,244,460
12/13/2021,HEF,VA,AEA,EN,Towers with Radar,0,13,63,2,78,0,30,84,7,121,0,43,147,9,199,0,0,0,199
12/14/2021,HEF,VA,AEA,EN,Towers with Radar,0,13,45,4,62,0,20,98,8,126,0,33,143,12,188,136,0,136,324
12/15/2021,HEF,VA,AEA,EN,Towers with Radar,0,13,56,0,69,0,18,80,6,104,0,31,136,6,173,243,0,243,416
12/16/2021,HEF,VA,AEA,EN,Towers with Radar,0,17,79,0,96,0,32,85,8,125,0,49,164,8,221,125,0,125,346
12/17/2021,HEF,VA,AEA,EN,Towers with Radar,0,19,44,0,63,0,35,105,4,144,0,54,149,4,207,205,0,205,412
12/18/2021,HEF,VA,AEA,EN,Towers with Radar,0,10,28,0,38,0,9,40,0,49,0,19,68,0,87,258,0,258,345
12/19/2021,HEF,VA,AEA,EN,Towers with Radar,0,14,26,0,40,0,12,38,0,50,0,26,64,0,90,55,0,55,145
12/20/2021,HEF,VA,AEA,EN,Towers with Radar,0,6,51,0,57,0,22,115,10,147,0,28,166,10,204,145,4,149,353
12/21/2021,HEF,VA,AEA,EN,Towers with Radar,0,14,37,4,55,0,27,110,4,141,0,41,147,8,196,129,0,129,325
12/22/2021,HEF,VA,AEA,EN,Towers with Radar,0,15,27,0,42,0,11,46,6,63,0,26,73,6,105,56,0,56,161
12/23/2021,HEF,VA,AEA,EN,Towers with Radar,0,8,43,0,51,0,24,116,4,144,0,32,159,4,195,176,0,176,371
12/24/2021,HEF,VA,AEA,EN,Towers with Radar,0,5,14,0,19,0,16,66,0,82,0,21,80,0,101,131,0,131,232
12/25/2021,HEF,VA,AEA,EN,Towers with Radar,0,3,7,0,10,0,4,4,0,8,0,7,11,0,18,0,0,0,18
12/26/2021,HEF,VA,AEA,EN,Towers with Radar,0,7,37,0,44,0,7,55,0,62,0,14,92,0,106,36,0,36,142
12/27/2021,HEF,VA,AEA,EN,Towers with Radar,0,3,40,0,43,0,4,53,2,59,0,7,93,2,102,128,0,128,230
12/28/2021,HEF,VA,AEA,EN,Towers with Radar,0,12,36,0,48,0,10,104,4,118,0,22,140,4,166,102,0,102,268
12/29/2021,HEF,VA,AEA,EN,Towers with Radar,0,15,27,0,42,0,7,62,4,73,0,22,89,4,115,96,0,96,211
12/30/2021,HEF,VA,AEA,EN,Towers with Radar,0,18,24,0,42,0,0,0,0,0,0,18,24,0,42,0,0,0,42
12/31/2021,HEF,VA,AEA,EN,Towers with Radar,0,8,21,0,29,0,13,17,0,30,0,21,38,0,59,84,0,84,143
01/01/2022,HEF,VA,AEA,EN,Towers with Radar,0,8,18,0,26,0,0,0,0,0,0,8,18,0,26,0,0,0,26
01/02/2022,HEF,VA,AEA,EN,Towers with Radar,0,12,45,0,57,0,6,32,0,38,0,18,77,0,95,132,0,132,227
01/03/2022,HEF,VA,AEA,EN,Towers with Radar,0,2,1,0,3,0,0,6,0,6,0,2,7,0,9,0,0,0,9
01/04/2022,HEF,VA,AEA,EN,Towers with Radar,0,9,38,0,47,0,5,34,5,44,0,14,72,5,91,12,0,12,103
01/05/2022,HEF,VA,AEA,EN,Towers with Radar,0,11,24,0,35,0,8,28,5,41,0,19,52,5,76,69,0,69,145
01/06/2022,HEF,VA,AEA,EN,Towers with Radar,0,9,42,4,55,0,20,82,7,109,0,29,124,11,164,86,0,86,250
01/07/2022,HEF,VA,AEA,EN,Towers with Radar,0,6,14,0,20,0,7,17,0,24,0,13,31,0,44,28,0,28,72
01/08/2022,HEF,VA,AEA,EN,Towers with Radar,1,11,44,0,56,0,33,116,0,149,1,44,160,0,205,236,0,236,441
01/09/2022,HEF,VA,AEA,EN,Towers with Radar,0,6,18,0,24,0,4,1,0,5,0,10,19,0,29,0,0,0,29
01/10/2022,HEF,VA,AEA,EN,Towers with Radar,0,8,33,0,41,0,23,52,16,91,0,31,85,16,132,58,0,58,190
01/11/2022,HEF,VA,AEA,EN,Towers with Radar,0,10,33,2,45,0,16,100,11,127,0,26,133,13,172,154,0,154,326
01/12/2022,HEF,VA,AEA,EN,Towers with Radar,0,19,44,0,63,0,22,91,9,122,0,41,135,9,185,163,0,163,348
01/13/2022,HEF,VA,AEA,EN,Towers with Radar,0,14,49,2,65,0,33,127,8,168,0,47,176,10,233,295,0,295,528
01/14/2022,HEF,VA,AEA,EN,Towers with Radar,0,8,39,4,51,0,14,22,10,46,0,22,61,14,97,80,0,80,177
01/15/2022,HEF,VA,AEA,EN,Towers with Radar,0,14,42,1,57,0,25,99,0,124,0,39,141,1,181,188,0,188,369
01/16/2022,HEF,VA,AEA,EN,Towers with Radar,0,6,4,0,10,0,3,16,0,19,0,9,20,0,29,0,0,0,29
01/17/2022,HEF,VA,AEA,EN,Towers with Radar,0,5,15,0,20,0,0,5,0,5,0,5,20,0,25,0,0,0,25
01/18/2022,HEF,VA,AEA,EN,Towers with Radar,0,12,32,3,47,0,18,66,11,95,0,30,98,14,142,182,0,182,324
01/19/2022,HEF,VA,AEA,EN,Towers with Radar,0,7,35,3,45,0,19,86,5,110,0,26,121,8,155,64,0,64,219
01/20/2022,HEF,VA,AEA,EN,Towers with Radar,0,8,19,1,28,0,6,14,5,25,0,14,33,6,53,33,5,38,91
01/21/2022,HEF,VA,AEA,EN,Towers with Radar,0,11,34,4,49,0,30,87,10,127,0,41,121,14,176,120,0,120,296
01/22/2022,HEF,VA,AEA,EN,Towers with Radar,0,12,23,0,35,0,40,89,0,129,0,52,112,0,164,220,0,220,384
01/23/2022,HEF,VA,AEA,EN,Towers with Radar,0,10,31,0,41,0,45,114,2,161,0,55,145,2,202,206,0,206,408
01/24/2022,HEF,VA,AEA,EN,Towers with Radar,0,2,35,3,40,0,23,63,9,95,0,25,98,12,135,180,0,180,315
01/25/2022,HEF,VA,AEA,EN,Towers with Radar,0,6,34,0,40,0,29,66,7,102,0,35,100,7,142,165,0,165,307
01/26/2022,HEF,VA,AEA,EN,Towers with Radar,0,13,50,1,64,0,28,96,12,136,0,41,146,13,200,193,0,193,393
01/27/2022,HEF,VA,AEA,EN,Towers with Radar,0,19,51,1,71,0,44,99,13,156,0,63,150,14,227,134,26,160,387
01/28/2022,HEF,VA,AEA,EN,Towers with Radar,0,8,25,1,34,0,15,20,2,37,0,23,45,3,71,152,0,152,223
01/29/2022,HEF,VA,AEA,EN,Towers with Radar,0,9,17,0,26,0,2,5,0,7,0,11,22,0,33,0,0,0,33
01/30/2022,HEF,VA,AEA,EN,Towers with Radar,0,10,37,0,47,0,8,55,0,63,0,18,92,0,110,171,0,171,281
01/31/2022,HEF,VA,AEA,EN,Towers with Radar,0,4,24,0,28,0,25,78,8,111,0,29,102,8,139,128,0,128,267
02/01/2022,HEF,VA,AEA,EN,Towers with Radar,0,12,29,0,41,0,23,91,9,123,0,35,120,9,164,162,0,162,326
02/02/2022,HEF,VA,AEA,EN,Towers with Radar,0,22,26,2,50,0,25,70,4,99,0,47,96,6,149,138,6,144,293
02/03/2022,HEF,VA,AEA,EN,Towers with Radar,0,16,20,0,36,0,0,0,0,0,0,16,20,0,36,0,0,0,36
02/04/2022,HEF,VA,AEA,EN,Towers with Radar,0,12,11,0,23,0,4,0,0,4,0,16,11,0,27,6,0,6,33
02/05/2022,HEF,VA,AEA,EN,Towers with Radar,0,13,27,0,40,0,27,61,0,88,0,40,88,0,128,40,0,40,168
02/06/2022,HEF,VA,AEA,EN,Towers with Radar,0,8,37,1,46,0,31,159,0,190,0,39,196,1,236,119,0,119,355
02/07/2022,HEF,VA,AEA,EN,Towers with Radar,0,7,13,2,22,0,17,45,6,68,0,24,58,8,90,197,0,197,287
02/08/2022,HEF,VA,AEA,EN,Towers with Radar,0,8,44,5,57,0,24,97,7,128,0,32,141,12,185,163,12,175,360
02/09/2022,HEF,VA,AEA,EN,Towers with Radar,0,15,50,2,67,0,28,104,10,142,0,43,154,12,209,243,0,243,452
02/10/2022,HEF,VA,AEA,EN,Towers with Radar,0,23,41,2,66,0,13,42,9,64,0,36,83,11,130,95,0,95,225
02/11/2022,HEF,VA,AEA,EN,Towers with Radar,0,12,62,0,74,0,29,93,10,132,0,41,155,10,206,64,0,64,270
02/12/2022,HEF,VA,AEA,EN,Towers with Radar,0,16,36,0,52,0,34,176,0,210,0,50,212,0,262,202,0,202,464
02/13/2022,HEF,VA,AEA,EN,Towers with Radar,0,9,6,1,16,0,2,0,0,2,0,11,6,1,18,20,0,20,38
02/14/2022,HEF,VA,AEA,EN,Towers with Radar,0,9,36,7,52,0,11,45,8,64,0,20,81,15,116,104,0,104,220
02/15/2022,HEF,VA,AEA,EN,Towers with Radar,0,17,55,3,75,0,34,102,8,144,0,51,157,11,219,208,0,208,427
02/16/2022,HEF,VA,AEA,EN,Towers with Radar,0,9,66,5,80,0,19,76,5,100,0,28,142,10,180,243,2,245,425
02/17/2022,HEF,VA,AEA,EN,Towers with Radar,0,9,29,0,38,0,4,17,3,24,0,13,46,3,62,69,0,69,131
02/18/2022,HEF,VA,AEA,EN,Towers with Radar,0,18,48,0,66,0,7,18,0,25,0,25,66,0,91,42,0,42,133
02/19/2022,HEF,VA,AEA,EN,Towers with Radar,0,14,23,2,39,0,4,29,0,33,0,18,52,2,72,55,0,55,127
02/20/2022,HEF,VA,AEA,EN,Towers with Radar,0,8,35,1,44,0,10,138,0,148,0,18,173,1,192,220,0,220,412
02/21/2022,HEF,VA,AEA,EN,Towers with Radar,0,13,43,0,56,0,30,177,1,208,0,43,220,1,264,171,0,171,435
02/22/2022,HEF,VA,AEA,EN,Towers with Radar,0,12,44,0,56,0,5,6,0,11,0,17,50,0,67,12,0,12,79
02/23/2022,HEF,VA,AEA,EN,Towers with Radar,0,9,42,1,52,0,25,68,12,105,0,34,110,13,157,278,0,278,435
02/24/2022,HEF,VA,AEA,EN,Towers with Radar,0,4,25,0,29,0,0,3,2,5,0,4,28,2,34,28,0,28,62
02/25/2022,HEF,VA,AEA,EN,Towers with Radar,0,11,23,0,34,0,8,21,6,35,0,19,44,6,69,34,0,34,103
02/26/2022,HEF,VA,AEA,EN,Towers with Radar,0,8,43,0,51,0,63,143,0,206,0,71,186,0,257,140,0,140,397
02/27/2022,HEF,VA,AEA,EN,Towers with Radar,0,10,39,0,49,0,31,114,3,148,0,41,153,3,197,152,0,152,349
02/28/2022,HEF,VA,AEA,EN,Towers with Radar,0,8,42,4,54,0,30,78,13,121,0,38,120,17,175,230,0,230,405
03/01/2022,HEF,VA,AEA,EN,Towers with Radar,0,14,40,0,54,0,38,91,9,138,0,52,131,9,192,199,0,199,391
03/02/2022,HEF,VA,AEA,EN,Towers with Radar,0,13,46,0,59,0,43,112,12,167,0,56,158,12,226,248,0,248,474
03/03/2022,HEF,VA,AEA,EN,Towers with Radar,0,16,47,0,63,0,28,70,9,107,0,44,117,9,170,152,0,152,322
03/04/2022,HEF,VA,AEA,EN,Towers with Radar,0,12,35,0,47,0,40,132,7,179,0,52,167,7,226,184,0,184,410
03/05/2022,HEF,VA,AEA,EN,Towers with Radar,0,13,37,0,50,0,42,135,2,179,0,55,172,2,229,202,0,202,431
03/06/2022,HEF,VA,AEA,EN,Towers with Radar,0,8,39,0,47,0,8,24,2,34,0,16,63,2,81,0,0,0,81
03/07/2022,HEF,VA,AEA,EN,Towers with Radar,0,9,31,0,40,0,2,3,9,14,0,11,34,9,54,0,0,0,54
03/08/2022,HEF,VA,AEA,EN,Towers with Radar,0,13,52,0,65,0,36,100,6,142,0,49,152,6,207,157,0,157,364
03/09/2022,HEF,VA,AEA,EN,Towers with Radar,0,16,26,0,42,0,0,0,0,0,0,16,26,0,42,0,0,0,42
03/10/2022,HEF,VA,AEA,EN,Towers with Radar,0,18,45,2,65,0,42,125,11,178,0,60,170,13,243,292,0,292,535
03/11/2022,HEF,VA,AEA,EN,Towers with Radar,0,18,65,7,90,0,39,123,7,169,0,57,188,14,259,190,0,190,449
03/12/2022,HEF,VA,AEA,EN,Towers with Radar,0,10,6,0,16,0,0,0,0,0,0,10,6,0,16,0,0,0,16
03/13/2022,HEF,VA,AEA,EN,Towers with Radar,0,9,55,2,66,0,25,61,0,86,0,34,116,2,152,60,0,60,212
03/14/2022,HEF,VA,AEA,EN,Towers with Radar,0,13,58,2,73,0,27,91,8,126,0,40,149,10,199,171,0,171,370
03/15/2022,HEF,VA,AEA,EN,Towers with Radar,0,17,33,6,56,0,41,100,7,148,0,58,133,13,204,226,2,228,432
03/16/2022,HEF,VA,AEA,EN,Towers with Radar,0,14,33,4,51,0,30,113,8,151,0,44,146,12,202,361,0,361,563
03/17/2022,HEF,VA,AEA,EN,Towers with Radar,0,13,40,1,54,0,1,2,2,5,0,14,42,3,59,2,0,2,61
03/18/2022,HEF,VA,AEA,EN,Towers with Radar,0,15,55,1,71,0,37,116,9,162,0,52,171,10,233,232,0,232,465
03/19/2022,HEF,VA,AEA,EN,Towers with Radar,0,8,30,0,38,0,7,63,2,72,0,15,93,2,110,68,0,68,178
03/20/2022,HEF,VA,AEA,EN,Towers with Radar,0,10,39,0,49,0,7,66,0,73,0,17,105,0,122,0,0,0,122
03/21/2022,HEF,VA,AEA,EN,Towers with Radar,0,7,47,0,54,0,27,97,8,132,0,34,144,8,186,164,0,164,350
03/22/2022,HEF,VA,AEA,EN,Towers with Radar,0,15,39,1,55,0,37,138,16,191,0,52,177,17,246,183,0,183,429
03/23/2022,HEF,VA,AEA,EN,Towers with Radar,0,9,35,1,45,0,8,18,9,35,0,17,53,10,80,155,0,155,235
03/24/2022,HEF,VA,AEA,EN,Towers with Radar,0,16,55,4,75,0,0,6,0,6,0,16,61,4,81,28,0,28,109
03/25/2022,HEF,VA,AEA,EN,Towers with Radar,0,9,55,0,64,0,26,87,9,122,0,35,142,9,186,134,0,134,320
03/26/2022,HEF,VA,AEA,EN,Towers with Radar,0,14,31,1,46,0,11,50,0,61,0,25,81,1,107,107,0,107,214
03/27/2022,HEF,VA,AEA,EN,Towers with Radar,0,5,35,0,40,0,5,25,0,30,0,10,60,0,70,0,0,0,70
03/28/2022,HEF,VA,AEA,EN,Towers with Radar,0,5,34,2,41,0,7,31,7,45,0,12,65,9,86,42,0,42,128
03/29/2022,HEF,VA,AEA,EN,Towers with Radar,0,11,49,2,62,0,21,106,9,136,0,32,155,11,198,211,0,211,409
03/30/2022,HEF,VA,AEA,EN,Towers with Radar,0,10,54,2,66,0,44,87,12,143,0,54,141,14,209,247,3,250,459
03/31/2022,HEF,VA,AEA,EN,Towers with Radar,0,11,28,0,39,0,0,2,0,2,0,11,30,0,41,6,0,6,47
04/01/2022,HEF,VA,AEA,EN,Towers with Radar,0,4,59,1,64,0,24,36,6,66,0,28,95,7,130,42,0,42,172
04/02/2022,HEF,VA,AEA,EN,Towers with Radar,0,12,45,0,57,0,54,174,1,229,0,66,219,1,286,272,0,272,558
04/03/2022,HEF,VA,AEA,EN,Towers with Radar,0,11,45,1,57,0,23,40,1,64,0,34,85,2,121,0,0,0,121
04/04/2022,HEF,VA,AEA,EN,Towers with Radar,0,11,52,1,64,0,35,120,10,165,0,46,172,11,229,186,0,186,415
04/05/2022,HEF,VA,AEA,EN,Towers with Radar,0,17,41,0,58,0,0,15,0,15,0,17,56,0,73,11,0,11,84
04/06/2022,HEF,VA,AEA,EN,Towers with Radar,0,18,45,2,65,0,0,4,0,4,0,18,49,2,69,12,0,12,81
04/07/2022,HEF,VA,AEA,EN,Towers with Radar,0,12,36,0,48,0,1,0,2,3,0,13,36,2,51,0,0,0,51
04/08/2022,HEF,VA,AEA,EN,Towers with Radar,0,12,76,4,92,0,42,113,8,163,0,54,189,12,255,0,0,0,255
04/09/2022,HEF,VA,AEA,EN,Towers with Radar,0,9,41,0,50,0,49,111,0,160,0,58,152,0,210,258,0,258,468
04/10/2022,HEF,VA,AEA,EN,Towers with Radar,0,9,42,0,51,0,27,70,0,97,0,36,112,0,148,189,0,189,337
04/11/2022,HEF,VA,AEA,EN,Towers with Radar,0,8,37,2,47,0,28,104,9,141,0,36,141,11,188,163,0,163,351
04/12/2022,HEF,VA,AEA,EN,Towers with Radar,0,12,50,4,66,0,41,104,6,151,0,53,154,10,217,264,6,270,487
04/13/2022,HEF,VA,AEA,EN,Towers with Radar,0,10,54,3,67,0,29,83,7,119,0,39,137,10,186,185,0,185,371
04/14/2022,HEF,VA,AEA,EN,Towers with Radar,0,11,30,4,45,0,8,27,9,44,0,19,57,13,89,16,8,24,113
04/15/2022,HEF,VA,AEA,EN,Towers with Radar,0,11,67,8,86,0,34,136,8,178,0,45,203,16,264,180,0,180,444
04/16/2022,HEF,VA,AEA,EN,Towers with Radar,0,11,31,0,42,0,26,75,0,101,0,37,106,0,143,88,0,88,231
04/17/2022,HEF,VA,AEA,EN,Towers with Radar,0,7,33,1,41,0,22,67,0,89,0,29,100,1,130,37,0,37,167
04/18/2022,HEF,VA,AEA,EN,Towers with Radar,0,3,32,4,39,0,0,7,0,7,0,3,39,4,46,46,0,46,92
04/19/2022,HEF,VA,AEA,EN,Towers with Radar,0,10,33,4,47,0,24,22,5,51,0,34,55,9,98,72,0,72,170
04/20/2022,HEF,VA,AEA,EN,Towers with Radar,0,25,63,4,92,0,30,130,7,167,0,55,193,11,259,212,0,212,471
04/21/2022,HEF,VA,AEA,EN,Towers with Radar,0,16,54,0,70,0,18,84,5,107,0,34,138,5,177,135,0,135,312
04/22/2022,HEF,VA,AEA,EN,Towers with Radar,0,19,64,2,85,0,46,131,7,184,0,65,195,9,269,294,0,294,563
04/23/2022,HEF,VA,AEA,EN,Towers with Radar,0,11,44,2,57,0,56,139,2,197,0,67,183,4,254,202,0,202,456
04/24/2022,HEF,VA,AEA,EN,Towers with Radar,0,11,71,0,82,0,51,113,0,164,0,62,184,0,246,176,0,176,422
04/25/2022,HEF,VA,AEA,EN,Towers with Radar,0,9,45,2,56,0,18,32,6,56,0,27,77,8,112,126,0,126,238
04/26/2022,HEF,VA,AEA,EN,Towers with Radar,0,16,51,1,68,0,1,3,1,5,0,17,54,2,73,40,0,40,113
04/27/2022,HEF,VA,AEA,EN,Towers with Radar,0,11,37,0,48,0,13,35,8,56,0,24,72,8,104,35,0,35,139
04/28/2022,HEF,VA,AEA,EN,Towers with Radar,0,13,34,2,49,0,20,84,5,109,0,33,118,7,158,70,10,80,238
04/29/2022,HEF,VA,AEA,EN,Towers with Radar,0,23,58,0,81,0,46,141,9,196,0,69,199,9,277,251,0,251,528
04/30/2022,HEF,VA,AEA,EN,Towers with Radar,0,25,43,0,68,0,32,159,0,191,0,57,202,0,259,203,0,203,462
05/01/2022,HEF,VA,AEA,EN,Towers with Radar,0,7,46,0,53,0,1,29,2,32,0,8,75,2,85,0,0,0,85
05/02/2022,HEF,VA,AEA,EN,Towers with Radar,0,6,49,0,55,0,34,86,4,124,0,40,135,4,179,184,0,184,363
05/03/2022,HEF,VA,AEA,EN,Towers with Radar,0,16,48,0,64,0,6,7,0,13,0,22,55,0,77,65,0,65,142
05/04/2022,HEF,VA,AEA,EN,Towers with Radar,0,11,35,0,46,0,6,29,0,35,0,17,64,0,81,103,0,103,184
05/05/2022,HEF,VA,AEA,EN,Towers with Radar,0,21,57,0,78,0,41,78,8,127,0,62,135,8,205,324,6,330,535
05/06/2022,HEF,VA,AEA,EN,Towers with Radar,0,18,32,0,50,0,3,0,0,3,0,21,32,0,53,2,0,2,55
05/07/2022,HEF,VA,AEA,EN,Towers with Radar,0,13,21,0,34,0,0,0,0,0,0,13,21,0,34,0,0,0,34
05/08/2022,HEF,VA,AEA,EN,Towers with Radar,0,15,51,1,67,0,8,14,0,22,0,23,65,1,89,28,0,28,117
05/09/2022,HEF,VA,AEA,EN,Towers with Radar,0,5,56,2,63,0,36,77,8,121,0,41,133,10,184,167,0,167,351
05/10/2022,HEF,VA,AEA,EN,Towers with Radar,0,17,46,0,63,0,22,116,8,146,0,39,162,8,209,133,0,133,342
05/11/2022,HEF,VA,AEA,EN,Towers with Radar,0,12,58,1,71,0,26,128,9,163,0,38,186,10,234,205,0,205,439
05/12/2022,HEF,VA,AEA,EN,Towers with Radar,0,24,59,0,83,0,6,21,8,35,0,30,80,8,118,141,0,141,259
05/13/2022,HEF,VA,AEA,EN,Towers with Radar,0,27,53,2,82,0,1,4,0,5,0,28,57,2,87,54,0,54,141
05/14/2022,HEF,VA,AEA,EN,Towers with Radar,1,12,23,0,36,0,0,6,0,6,1,12,29,0,42,62,0,62,104
05/15/2022,HEF,VA,AEA,EN,Towers with Radar,0,11,49,2,62,0,24,71,0,95,0,35,120,2,157,105,0,105,262
05/16/2022,HEF,VA,AEA,EN,Towers with Radar,0,18,49,0,67,2,5,20,2,29,2,23,69,2,96,105,0,105,201
05/17/2022,HEF,VA,AEA,EN,Towers with Radar,0,17,48,0,65,2,48,99,8,157,2,65,147,8,222,203,0,203,425
05/18/2022,HEF,VA,AEA,EN,Towers with Radar,0,17,58,0,75,0,34,117,5,156,0,51,175,5,231,135,0,135,366
05/19/2022,HEF,VA,AEA,EN,Towers with Radar,0,17,46,0,63,2,30,94,9,135,2,47,140,9,198,125,0,125,323
05/20/2022,HEF,VA,AEA,EN,Towers with Radar,0,13,50,3,66,1,36,98,12,147,1,49,148,15,213,258,0,258,471
05/21/2022,HEF,VA,AEA,EN,Towers with Radar,0,13,61,0,74,0,33,136,0,169,0,46,197,0,243,220,0,220,463
05/22/2022,HEF,VA,AEA,EN,Towers with Radar,0,10,40,1,51,0,42,92,0,134,0,52,132,1,185,113,0,113,298
05/23/2022,HEF,VA,AEA,EN,Towers with Radar,0,8,36,0,44,0,40,73,11,124,0,48,109,11,168,93,0,93,261
05/24/2022,HEF,VA,AEA,EN,Towers with Radar,0,13,32,0,45,0,2,4,0,6,0,15,36,0,51,0,0,0,51
05/25/2022,HEF,VA,AEA,EN,Towers with Radar,0,11,40,2,53,0,19,24,2,45,0,30,64,4,98,495,0,495,593
05/26/2022,HEF,VA,AEA,EN,Towers with Radar,0,16,57,4,77,0,2,5,5,12,0,18,62,9,89,61,0,61,150
05/27/2022,HEF,VA,AEA,EN,Towers with Radar,0,5,32,0,37,0,2,5,0,7,0,7,37,0,44,20,0,20,64
05/28/2022,HEF,VA,AEA,EN,Towers with Radar,0,14,46,0,60,0,40,135,0,175,0,54,181,0,235,206,0,206,441
05/29/2022,HEF,VA,AEA,EN,Towers with Radar,0,6,33,0,39,0,42,132,0,174,0,48,165,0,213,0,0,0,213
05/30/2022,HEF,VA,AEA,EN,Towers with Radar,0,10,59,0,69,0,47,146,2,195,0,57,205,2,264,160,0,160,424
05/31/2022,HEF,VA,AEA,EN,Towers with Radar,0,10,50,2,62,0,32,92,9,133,0,42,142,11,195,235,0,235,430
06/01/2022,HEF,VA,AEA,EN,Towers with Radar,0,9,44,2,55,0,37,103,8,148,0,46,147,10,203,209,6,215,418
06/02/2022,HEF,VA,AEA,EN,Towers with Radar,0,14,21,3,38,0,19,56,10,85,0,33,77,13,123,23,0,23,146
06/03/2022,HEF,VA,AEA,EN,Towers with Radar,0,7,68,1,76,0,27,145,6,178,0,34,213,7,254,198,0,198,452
06/04/2022,HEF,VA,AEA,EN,Towers with Radar,0,7,39,2,48,0,31,176,0,207,0,38,215,2,255,187,0,187,442
06/05/2022,HEF,VA,AEA,EN,Towers with Radar,0,6,61,1,68,0,27,137,0,164,0,33,198,1,232,122,0,122,354
06/06/2022,HEF,VA,AEA,EN,Towers with Radar,0,9,57,1,67,0,35,101,2,138,0,44,158,3,205,157,0,157,362
06/07/2022,HEF,VA,AEA,EN,Towers with Radar,0,18,54,2,74,0,16,34,7,57,0,34,88,9,131,119,0,119,250
06/08/2022,HEF,VA,AEA,EN,Towers with Radar,0,12,37,0,49,0,18,84,7,109,0,30,121,7,158,161,0,161,319
06/09/2022,HEF,VA,AEA,EN,Towers with Radar,0,13,44,0,57,0,33,55,10,98,0,46,99,10,155,48,0,48,203
06/10/2022,HEF,VA,AEA,EN,Towers with Radar,0,19,50,3,72,0,47,152,7,206,0,66,202,10,278,204,0,204,482
06/11/2022,HEF,VA,AEA,EN,Towers with Radar,0,9,43,0,52,0,18,50,0,68,0,27,93,0,120,135,0,135,255
06/12/2022,HEF,VA,AEA,EN,Towers with Radar,0,14,55,2,71,0,3,20,0,23,0,17,75,2,94,147,0,147,241
06/13/2022,HEF,VA,AEA,EN,Towers with Radar,0,9,48,0,57,0,30,102,9,141,0,39,150,9,198,128,0,128,326
06/14/2022,HEF,VA,AEA,EN,Towers with Radar,0,7,53,6,66,0,23,47,12,82,0,30,100,18,148,148,0,148,296
06/15/2022,HEF,VA,AEA,EN,Towers with Radar,0,12,65,0,77,0,46,96,8,150,0,58,161,8,227,226,0,226,453
06/16/2022,HEF,VA,AEA,EN,Towers with Radar,0,21,56,1,78,0,20,36,16,72,0,41,92,17,150,130,0,130,280
06/17/2022,HEF,VA,AEA,EN,Towers with Radar,0,16,53,0,69,0,28,70,2,100,0,44,123,2,169,81,0,81,250
06/18/2022,HEF,VA,AEA,EN,Towers with Radar,0,12,30,2,44,0,16,87,0,103,0,28,117,2,147,56,0,56,203
06/19/2022,HEF,VA,AEA,EN,Towers with Radar,0,6,37,2,45,0,16,76,0,92,0,22,113,2,137,0,0,0,137
06/20/2022,HEF,VA,AEA,EN,Towers with Radar,0,9,74,0,83,0,34,168,0,202,0,43,242,0,285,234,0,234,519
06/21/2022,HEF,VA,AEA,EN,Towers with Radar,0,10,53,0,63,0,41,74,5,120,0,51,127,5,183,157,0,157,340
06/22/2022,HEF,VA,AEA,EN,Towers with Radar,0,12,39,0,51,0,23,51,3,77,0,35,90,3,128,66,0,66,194
06/23/2022,HEF,VA,AEA,EN,Towers with Radar,0,23,64,0,87,0,1,4,0,5,0,24,68,0,92,6,0,6,98
06/24/2022,HEF,VA,AEA,EN,Towers with Radar,0,20,76,0,96,0,32,78,2,112,0,52,154,2,208,288,0,288,496
06/25/2022,HEF,VA,AEA,EN,Towers with Radar,0,16,36,0,52,0,32,148,3,183,0,48,184,3,235,178,0,178,413
06/26/2022,HEF,VA,AEA,EN,Towers with Radar,0,7,65,0,72,0,20,90,0,110,0,27,155,0,182,178,0,178,360
06/27/2022,HEF,VA,AEA,EN,Towers with Radar,0,12,58,1,71,0,12,25,6,43,0,24,83,7,114,126,0,126,240
06/28/2022,HEF,VA,AEA,EN,Towers with Radar,0,14,28,2,44,0,30,117,10,157,0,44,145,12,201,237,5,242,443
06/29/2022,HEF,VA,AEA,EN,Towers with Radar,0,17,31,0,48,0,43,109,10,162,0,60,140,10,210,207,0,207,417
06/30/2022,HEF,VA,AEA,EN,Towers with Radar,0,16,60,0,76,0,32,114,6,152,0,48,174,6,228,180,0,180,408
07/01/2022,HEF,VA,AEA,EN,Towers with Radar,0,15,48,0,63,0,29,83,9,121,0,44,131,9,184,174,0,174,358
07/02/2022,HEF,VA,AEA,EN,Towers with Radar,0,15,25,0,40,0,14,75,0,89,0,29,100,0,129,157,0,157,286
07/03/2022,HEF,VA,AEA,EN,Towers with Radar,0,8,41,0,49,0,18,79,0,97,0,26,120,0,146,169,0,169,315
07/04/2022,HEF,VA,AEA,EN,Towers with Radar,0,2,24,0,26,0,14,74,0,88,0,16,98,0,114,63,0,63,177
07/05/2022,HEF,VA,AEA,EN,Towers with Radar,0,12,53,1,66,0,15,40,7,62,0,27,93,8,128,75,0,75,203
07/06/2022,HEF,VA,AEA,EN,Towers with Radar,0,10,36,0,46,0,21,64,8,93,0,31,100,8,139,192,0,192,331
07/07/2022,HEF,VA,AEA,EN,Towers with Radar,0,19,24,0,43,0,9,15,10,34,0,28,39,10,77,165,0,165,242
07/08/2022,HEF,VA,AEA,EN,Towers with Radar,0,26,53,0,79,0,20,33,7,60,0,46,86,7,139,214,0,214,353
07/09/2022,HEF,VA,AEA,EN,Towers with Radar,0,15,25,0,40,0,1,2,0,3,0,16,27,0,43,0,0,0,43
07/10/2022,HEF,VA,AEA,EN,Towers with Radar,0,4,47,0,51,0,27,140,0,167,0,31,187,0,218,144,0,144,362
07/11/2022,HEF,VA,AEA,EN,Towers with Radar,0,11,54,2,67,0,48,136,9,193,0,59,190,11,260,132,0,132,392
07/12/2022,HEF,VA,AEA,EN,Towers with Radar,0,13,28,0,41,0,27,68,6,101,0,40,96,6,142,163,0,163,305
07/13/2022,HEF,VA,AEA,EN,Towers with Radar,0,21,42,1,64,0,37,113,9,159,0,58,155,10,223,197,0,197,420
07/14/2022,HEF,VA,AEA,EN,Towers with Radar,0,21,37,0,58,0,22,75,10,107,0,43,112,10,165,220,0,220,385
07/15/2022,HEF,VA,AEA,EN,Towers with Radar,0,13,42,2,57,0,28,117,6,151,0,41,159,8,208,224,0,224,432
07/16/2022,HEF,VA,AEA,EN,Towers with Radar,0,11,24,0,35,0,13,70,2,85,0,24,94,2,120,130,0,130,250
07/17/2022,HEF,VA,AEA,EN,Towers with Radar,0,16,39,0,55,0,1,34,0,35,0,17,73,0,90,170,0,170,260
07/18/2022,HEF,VA,AEA,EN,Towers with Radar,0,9,33,2,44,0,6,37,6,49,0,15,70,8,93,96,0,96,189
07/19/2022,HEF,VA,AEA,EN,Towers with Radar,0,22,50,4,76,0,29,107,10,146,0,51,157,14,222,297,4,301,523
07/20/2022,HEF,VA,AEA,EN,Towers with Radar,0,21,49,2,72,0,37,137,9,183,0,58,186,11,255,224,0,224,479
07/21/2022,HEF,VA,AEA,EN,Towers with Radar,0,25,53,4,82,0,47,85,9,141,0,72,138,13,223,218,0,218,441
07/22/2022,HEF,VA,AEA,EN,Towers with Radar,0,22,41,5,68,0,38,136,8,182,0,60,177,13,250,248,0,248,498
07/23/2022,HEF,VA,AEA,EN,Towers with Radar,0,9,47,1,57,0,36,109,0,145,0,45,156,1,202,158,0,158,360
07/24/2022,HEF,VA,AEA,EN,Towers with Radar,0,11,43,3,57,0,32,112,0,144,0,43,155,3,201,0,0,0,201
07/25/2022,HEF,VA,AEA,EN,Towers with Radar,0,8,20,0,28,0,17,51,8,76,0,25,71,8,104,120,0,120,224
07/26/2022,HEF,VA,AEA,EN,Towers with Radar,0,14,38,0,52,0,19,39,2,60,0,33,77,2,112,364,0,364,476
07/27/2022,HEF,VA,AEA,EN,Towers with Radar,0,13,68,3,84,0,35,81,5,121,0,48,149,8,205,182,0,182,387
07/28/2022,HEF,VA,AEA,EN,Towers with Radar,0,12,61,4,77,0,42,86,10,138,0,54,147,14,215,130,0,130,345
07/29/2022,HEF,VA,AEA,EN,Towers with Radar,0,16,49,4,69,0,37,48,10,95,0,53,97,14,164,182,0,182,346
07/30/2022,HEF,VA,AEA,EN,Towers with Radar,0,5,30,6,41,0,27,164,0,191,0,32,194,6,232,154,0,154,386
07/31/2022,HEF,VA,AEA,EN,Towers with Radar,0,17,26,0,43,0,17,48,0,65,0,34,74,0,108,166,0,166,274
08/01/2022,HEF,VA,AEA,EN,Towers with Radar,0,9,25,0,34,0,20,55,4,79,0,29,80,4,113,288,0,288,401
08/02/2022,HEF,VA,AEA,EN,Towers with Radar,0,21,40,0,61,0,36,115,9,160,0,57,155,9,221,318,0,318,539
08/03/2022,HEF,VA,AEA,EN,Towers with Radar,0,21,43,0,64,0,31,116,9,156,0,52,159,9,220,248,0,248,468
08/04/2022,HEF,VA,AEA,EN,Towers with Radar,0,17,53,0,70,0,37,63,6,106,0,54,116,6,176,186,0,186,362
08/05/2022,HEF,VA,AEA,EN,Towers with Radar,0,15,28,2,45,0,25,69,4,98,0,40,97,6,143,112,0,112,255
08/06/2022,HEF,VA,AEA,EN,Towers with Radar,0,15,30,0,45,0,15,88,0,103,0,30,118,0,148,201,0,201,349
08/07/2022,HEF,VA,AEA,EN,Towers with Radar,0,17,35,3,55,0,33,103,0,136,0,50,138,3,191,68,0,68,259
08/08/2022,HEF,VA,AEA,EN,Towers with Radar,0,4,37,1,42,0,46,87,10,143,0,50,124,11,185,174,0,174,359
08/09/2022,HEF,VA,AEA,EN,Towers with Radar,0,10,27,3,40,0,37,87,10,134,0,47,114,13,174,188,0,188,362
08/10/2022,HEF,VA,AEA,EN,Towers with Radar,0,11,23,2,36,0,22,55,5,82,0,33,78,7,118,92,4,96,214
08/11/2022,HEF,VA,AEA,EN,Towers with Radar,0,16,53,0,69,0,36,84,15,135,0,52,137,15,204,204,0,204,408
08/12/2022,HEF,VA,AEA,EN,Towers with Radar,0,19,54,2,75,0,30,111,6,147,0,49,165,8,222,188,0,188,410
08/13/2022,HEF,VA,AEA,EN,Towers with Radar,0,12,36,0,48,0,45,175,0,220,0,57,211,0,268,175,0,175,443
08/14/2022,HEF,VA,AEA,EN,Towers with Radar,0,12,56,2,70,0,33,113,0,146,0,45,169,2,216,154,0,154,370
08/15/2022,HEF,VA,AEA,EN,Towers with Radar,0,20,34,0,54,0,0,7,0,7,0,20,41,0,61,14,0,14,75
08/16/2022,HEF,VA,AEA,EN,Towers with Radar,0,15,27,5,47,0,28,64,14,106,0,43,91,19,153,220,0,220,373
08/17/2022,HEF,VA,AEA,EN,Towers with Radar,0,14,43,1,58,0,44,87,8,139,0,58,130,9,197,216,0,216,413
08/18/2022,HEF,VA,AEA,EN,Towers with Radar,0,18,42,0,60,0,24,88,4,116,0,42,130,4,176,279,0,279,455
08/19/2022,HEF,VA,AEA,EN,Towers with Radar,0,14,48,0,62,0,29,96,6,131,0,43,144,6,193,0,0,0,193
08/20/2022,HEF,VA,AEA,EN,Towers with Radar,0,5,36,0,41,0,36,116,0,152,0,41,152,0,193,247,0,247,440
08/21/2022,HEF,VA,AEA,EN,Towers with Radar,0,6,34,0,40,0,5,7,0,12,0,11,41,0,52,110,0,110,162
08/22/2022,HEF,VA,AEA,EN,Towers with Radar,0,6,44,2,52,0,7,8,4,19,0,13,52,6,71,106,0,106,177
08/23/2022,HEF,VA,AEA,EN,Towers with Radar,0,9,43,0,52,0,28,95,4,127,0,37,138,4,179,165,0,165,344
08/24/2022,HEF,VA,AEA,EN,Towers with Radar,0,18,50,0,68,0,35,108,4,147,0,53,158,4,215,249,0,249,464
08/25/2022,HEF,VA,AEA,EN,Towers with Radar,0,14,40,0,54,0,30,101,9,140,0,44,141,9,194,231,0,231,425
08/26/2022,HEF,VA,AEA,EN,Towers with Radar,0,13,44,2,59,0,40,105,5,150,0,53,149,7,209,238,0,238,447
08/27/2022,HEF,VA,AEA,EN,Towers with Radar,0,7,33,0,40,0,28,133,0,161,0,35,166,0,201,186,0,186,387
08/28/2022,HEF,VA,AEA,EN,Towers with Radar,0,16,27,6,49,0,42,104,0,146,0,58,131,6,195,0,0,0,195
08/29/2022,HEF,VA,AEA,EN,Towers with Radar,0,11,34,1,46,0,23,71,10,104,0,34,105,11,150,402,0,402,552
08/30/2022,HEF,VA,AEA,EN,Towers with Radar,0,7,26,1,34,0,18,57,8,83,0,25,83,9,117,118,0,118,235
08/31/2022,HEF,VA,AEA,EN,Towers with Radar,0,13,34,0,47,0,29,112,9,150,0,42,146,9,197,284,0,284,481
09/01/2022,HEF,VA,AEA,EN,Towers with Radar,0,16,31,1,48,0,24,123,6,153,0,40,154,7,201,258,0,258,459
09/02/2022,HEF,VA,AEA,EN,Towers with Radar,0,12,35,0,47,0,34,131,6,171,0,46,166,6,218,242,0,242,460
09/03/2022,HEF,VA,AEA,EN,Towers with Radar,0,18,48,0,66,0,11,67,1,79,0,29,115,1,145,118,0,118,263
09/04/2022,HEF,VA,AEA,EN,Towers with Radar,0,6,33,0,39,0,20,82,0,102,0,26,115,0,141,180,0,180,321
09/05/2022,HEF,VA,AEA,EN,Towers with Radar,0,12,46,0,58,0,11,47,0,58,0,23,93,0,116,122,0,122,238
09/06/2022,HEF,VA,AEA,EN,Towers with Radar,0,16,33,0,49,0,4,31,5,40,0,20,64,5,89,171,0,171,260
09/07/2022,HEF,VA,AEA,EN,Towers with Radar,0,7,45,0,52,0,0,3,2,5,0,7,48,2,57,50,0,50,107
09/08/2022,HEF,VA,AEA,EN,Towers with Radar,0,20,50,1,71,0,22,86,5,113,0,42,136,6,184,349,0,349,533
09/09/2022,HEF,VA,AEA,EN,Towers with Radar,0,22,53,1,76,0,35,151,12,198,0,57,204,13,274,249,0,249,523
09/10/2022,HEF,VA,AEA,EN,Towers with Radar,0,15,48,0,63,0,11,115,0,126,0,26,163,0,189,491,0,491,680
09/11/2022,HEF,VA,AEA,EN,Towers with Radar,0,9,45,1,55,0,2,2,0,4,0,11,47,1,59,0,0,0,59
09/12/2022,HEF,VA,AEA,EN,Towers with Radar,0,3,36,4,43,0,0,4,0,4,0,3,40,4,47,54,0,54,101
09/13/2022,HEF,VA,AEA,EN,Towers with Radar,0,13,56,2,71,0,13,95,6,114,0,26,151,8,185,199,18,217,402
09/14/2022,HEF,VA,AEA,EN,Towers with Radar,0,13,47,0,60,0,30,116,5,151,0,43,163,5,211,228,0,228,439
09/15/2022,HEF,VA,AEA,EN,Towers with Radar,0,11,74,3,88,0,34,105,10,149,0,45,179,13,237,246,0,246,483
09/16/2022,HEF,VA,AEA,EN,Towers with Radar,0,19,67,2,88,0,35,122,6,163,0,54,189,8,251,260,0,260,511
09/17/2022,HEF,VA,AEA,EN,Towers with Radar,0,9,45,0,54,0,24,106,0,130,0,33,151,0,184,213,0,213,397
09/18/2022,HEF,VA,AEA,EN,Towers with Radar,0,12,67,1,80,0,26,108,0,134,0,38,175,1,214,140,0,140,354
09/19/2022,HEF,VA,AEA,EN,Towers with Radar,0,11,43,3,57,0,22,75,3,100,0,33,118,6,157,322,0,322,479
09/20/2022,HEF,VA,AEA,EN,Towers with Radar,0,6,54,0,60,0,30,103,2,135,0,36,157,2,195,210,0,210,405
09/21/2022,HEF,VA,AEA,EN,Towers with Radar,0,17,58,1,76,0,31,105,3,139,0,48,163,4,215,234,0,234,449
09/22/2022,HEF,VA,AEA,EN,Towers with Radar,0,17,60,6,83,0,11,19,1,31,0,28,79,7,114,30,0,30,144
09/23/2022,HEF,VA,AEA,EN,Towers with Radar,0,15,60,3,78,0,26,61,4,91,0,41,121,7,169,111,0,111,280
09/24/2022,HEF,VA,AEA,EN,Towers with Radar,0,9,39,2,50,0,26,151,3,180,0,35,190,5,230,288,0,288,518
09/25/2022,HEF,VA,AEA,EN,Towers with Radar,0,16,46,1,63,0,14,65,0,79,0,30,111,1,142,97,0,97,239
09/26/2022,HEF,VA,AEA,EN,Towers with Radar,0,11,35,5,51,0,21,64,9,94,0,32,99,14,145,191,0,191,336
09/27/2022,HEF,VA,AEA,EN,Towers with Radar,0,12,58,4,74,0,36,100,8,144,0,48,158,12,218,114,0,114,332
09/28/2022,HEF,VA,AEA,EN,Towers with Radar,0,11,51,4,66,0,24,93,10,127,0,35,144,14,193,198,0,198,391
09/29/2022,HEF,VA,AEA,EN,Towers with Radar,0,15,52,0,67,0,20,91,15,126,0,35,143,15,193,77,0,77,270
09/30/2022,HEF,VA,AEA,EN,Towers with Radar,0,13,32,3,48,0,11,27,6,44,0,24,59,9,92,224,0,224,316
10/01/2022,HEF,VA,AEA,EN,Towers with Radar,0,4,21,0,25,0,0,0,0,0,0,4,21,0,25,0,0,0,25
10/02/2022,HEF,VA,AEA,EN,Towers with Radar,0,4,18,0,22,0,0,0,0,0,0,4,18,0,22,0,0,0,22
10/03/2022,HEF,VA,AEA,EN,Towers with Radar,0,17,36,8,61,0,21,24,7,52,0,38,60,15,113,21,0,21,134
10/04/2022,HEF,VA,AEA,EN,Towers with Radar,0,17,42,4,63,0,3,8,2,13,0,20,50,6,76,101,0,101,177
10/05/2022,HEF,VA,AEA,EN,Towers with Radar,0,13,49,6,68,0,21,45,10,76,0,34,94,16,144,271,0,271,415
10/06/2022,HEF,VA,AEA,EN,Towers with Radar,0,16,56,4,76,0,44,139,10,193,0,60,195,14,269,256,0,256,525
10/07/2022,HEF,VA,AEA,EN,Towers with Radar,0,22,70,2,94,0,52,123,9,184,0,74,193,11,278,306,0,306,584
10/08/2022,HEF,VA,AEA,EN,Towers with Radar,0,12,24,0,36,0,22,101,0,123,0,34,125,0,159,226,0,226,385
10/09/2022,HEF,VA,AEA,EN,Towers with Radar,0,17,49,0,66,0,23,133,0,156,0,40,182,0,222,238,0,238,460
10/10/2022,HEF,VA,AEA,EN,Towers with Radar,0,5,54,0,59,0,40,134,0,174,0,45,188,0,233,224,0,224,457
10/11/2022,HEF,VA,AEA,EN,Towers with Radar,0,24,53,7,84,0,32,115,7,154,0,56,168,14,238,224,0,224,462
10/12/2022,HEF,VA,AEA,EN,Towers with Radar,0,16,60,3,79,0,35,137,6,178,0,51,197,9,257,322,0,322,579
10/13/2022,HEF,VA,AEA,EN,Towers with Radar,0,20,31,0,51,0,2,3,0,5,0,22,34,0,56,62,0,62,118
10/14/2022,HEF,VA,AEA,EN,Towers with Radar,0,9,62,3,74,0,23,113,17,153,0,32,175,20,227,182,0,182,409
10/15/2022,HEF,VA,AEA,EN,Towers with Radar,0,10,28,1,39,0,16,87,0,103,0,26,115,1,142,40,0,40,182
10/16/2022,HEF,VA,AEA,EN,Towers with Radar,0,14,50,2,66,0,17,103,0,120,0,31,153,2,186,0,0,0,186
10/17/2022,HEF,VA,AEA,EN,Towers with Radar,0,8,38,1,47,0,11,42,6,59,0,19,80,7,106,109,0,109,215
10/18/2022,HEF,VA,AEA,EN,Towers with Radar,0,25,33,1,59,0,34,110,14,158,0,59,143,15,217,233,10,243,460
10/19/2022,HEF,VA,AEA,EN,Towers with Radar,0,20,66,0,86,0,33,97,10,140,0,53,163,10,226,186,0,186,412
10/20/2022,HEF,VA,AEA,EN,Towers with Radar,0,23,51,0,74,0,28,108,12,148,0,51,159,12,222,162,0,162,384
10/21/2022,HEF,VA,AEA,EN,Towers with Radar,0,19,63,2,84,0,32,124,10,166,0,51,187,12,250,267,0,267,517
10/22/2022,HEF,VA,AEA,EN,Towers with Radar,0,14,25,2,41,0,23,184,0,207,0,37,209,2,248,168,0,168,416
10/23/2022,HEF,VA,AEA,EN,Towers with Radar,0,24,49,4,77,0,9,53,0,62,0,33,102,4,139,0,0,0,139
10/24/2022,HEF,VA,AEA,EN,Towers with Radar,0,20,40,0,60,0,11,22,6,39,0,31,62,6,99,190,0,190,289
10/25/2022,HEF,VA,AEA,EN,Towers with Radar,0,18,57,2,77,0,4,18,0,22,0,22,75,2,99,244,0,244,343
10/26/2022,HEF,VA,AEA,EN,Towers with Radar,0,23,44,2,69,0,9,26,12,47,0,32,70,14,116,240,0,240,356
10/27/2022,HEF,VA,AEA,EN,Towers with Radar,0,11,48,0,59,0,31,80,6,117,0,42,128,6,176,172,0,172,348
10/28/2022,HEF,VA,AEA,EN,Towers with Radar,0,21,55,1,77,0,29,98,10,137,0,50,153,11,214,218,0,218,432
10/29/2022,HEF,VA,AEA,EN,Towers with Radar,0,13,44,1,58,0,35,141,0,176,0,48,185,1,234,184,0,184,418
10/30/2022,HEF,VA,AEA,EN,Towers with Radar,0,11,44,2,57,0,21,117,4,142,0,32,161,6,199,206,0,206,405
10/31/2022,HEF,VA,AEA,EN,Towers with Radar,0,6,30,0,36,0,13,24,4,41,0,19,54,4,77,215,0,215,292
11/01/2022,HEF,VA,AEA,EN,Towers with Radar,0,16,22,0,38,0,17,64,10,91,0,33,86,10,129,184,0,184,313
11/02/2022,HEF,VA,AEA,EN,Towers with Radar,0,13,35,0,48,0,31,109,10,150,0,44,144,10,198,168,0,168,366
11/03/2022,HEF,VA,AEA,EN,Towers with Radar,0,17,57,2,76,0,26,110,10,146,0,43,167,12,222,238,0,238,460
11/04/2022,HEF,VA,AEA,EN,Towers with Radar,0,12,41,2,55,0,35,132,7,174,0,47,173,9,229,242,0,242,471
11/05/2022,HEF,VA,AEA,EN,Towers with Radar,0,8,25,0,33,0,21,78,0,99,0,29,103,0,132,163,0,163,295
11/06/2022,HEF,VA,AEA,EN,Towers with Radar,0,16,36,1,53,0,4,22,0,26,0,20,58,1,79,54,0,54,133
11/07/2022,HEF,VA,AEA,EN,Towers with Radar,0,11,38,2,51,0,24,80,6,110,0,35,118,8,161,182,0,182,343
11/08/2022,HEF,VA,AEA,EN,Towers with Radar,0,16,28,1,45,0,18,92,8,118,0,34,120,9,163,105,0,105,268
11/09/2022,HEF,VA,AEA,EN,Towers with Radar,0,18,47,5,70,0,27,111,9,147,0,45,158,14,217,243,0,243,460
11/10/2022,HEF,VA,AEA,EN,Towers with Radar,0,17,56,0,73,0,29,90,7,126,0,46,146,7,199,201,0,201,400
11/11/2022,HEF,VA,AEA,EN,Towers with Radar,0,10,18,0,28,0,0,0,0,0,0,10,18,0,28,0,0,0,28
11/12/2022,HEF,VA,AEA,EN,Towers with Radar,0,6,35,0,41,0,24,106,0,130,0,30,141,0,171,238,0,238,409
11/13/2022,HEF,VA,AEA,EN,Towers with Radar,0,11,47,0,58,0,7,39,0,46,0,18,86,0,104,14,0,14,118
11/14/2022,HEF,VA,AEA,EN,Towers with Radar,0,15,41,1,57,0,38,104,5,147,0,53,145,6,204,228,0,228,432
11/15/2022,HEF,VA,AEA,EN,Towers with Radar,0,15,30,2,47,0,7,19,5,31,0,22,49,7,78,169,0,169,247
11/16/2022,HEF,VA,AEA,EN,Towers with Radar,0,19,32,1,52,0,30,66,13,109,0,49,98,14,161,202,0,202,363
11/17/2022,HEF,VA,AEA,EN,Towers with Radar,0,17,45,0,62,0,33,51,7,91,0,50,96,7,153,0,0,0,153
11/18/2022,HEF,VA,AEA,EN,Towers with Radar,0,18,47,1,66,0,45,88,3,136,0,63,135,4,202,166,0,166,368
11/19/2022,HEF,VA,AEA,EN,Towers with Radar,0,10,34,0,44,0,33,129,0,162,0,43,163,0,206,224,0,224,430
11/20/2022,HEF,VA,AEA,EN,Towers with Radar,0,8,31,0,39,0,7,26,0,33,0,15,57,0,72,0,0,0,72
11/21/2022,HEF,VA,AEA,EN,Towers with Radar,0,8,37,0,45,0,30,84,9,123,0,38,121,9,168,286,0,286,454
11/22/2022,HEF,VA,AEA,EN,Towers with Radar,0,16,45,0,61,0,25,114,5,144,0,41,159,5,205,155,0,155,360
11/23/2022,HEF,VA,AEA,EN,Towers with Radar,0,11,48,0,59,0,28,88,7,123,0,39,136,7,182,264,0,264,446
11/24/2022,HEF,VA,AEA,EN,Towers with Radar,0,4,18,0,22,0,17,30,0,47,0,21,48,0,69,2,0,2,71
11/25/2022,HEF,VA,AEA,EN,Towers with Radar,0,3,18,0,21,0,6,8,4,18,0,9,26,4,39,28,0,28,67
11/26/2022,HEF,VA,AEA,EN,Towers with Radar,0,11,55,0,66,0,23,112,0,135,0,34,167,0,201,164,0,164,365
11/27/2022,HEF,VA,AEA,EN,Towers with Radar,0,11,37,0,48,0,0,0,0,0,0,11,37,0,48,20,0,20,68
11/28/2022,HEF,VA,AEA,EN,Towers with Radar,0,5,40,0,45,0,19,43,5,67,0,24,83,5,112,62,0,62,174
11/29/2022,HEF,VA,AEA,EN,Towers with Radar,0,16,34,0,50,0,23,65,10,98,0,39,99,10,148,97,0,97,245
11/30/2022,HEF,VA,AEA,EN,Towers with Radar,0,10,25,1,36,0,3,6,4,13,0,13,31,5,49,6,0,6,55
12/01/2022,HEF,VA,AEA,EN,Towers with Radar,0,12,48,1,61,0,30,33,8,71,0,42,81,9,132,113,0,113,245
12/02/2022,HEF,VA,AEA,EN,Towers with Radar,0,13,55,4,72,0,34,97,8,139,0,47,152,12,211,184,0,184,395
12/03/2022,HEF,VA,AEA,EN,Towers with Radar,0,7,20,2,29,0,7,7,0,14,0,14,27,2,43,16,0,16,59
12/04/2022,HEF,VA,AEA,EN,Towers with Radar,0,17,32,3,52,0,30,118,0,148,0,47,150,3,200,286,0,286,486
12/05/2022,HEF,VA,AEA,EN,Towers with Radar,0,10,44,1,55,0,24,82,6,112,0,34,126,7,167,216,0,216,383
12/06/2022,HEF,VA,AEA,EN,Towers with Radar,0,8,28,0,36,0,0,0,0,0,0,8,28,0,36,3,0,3,39
12/07/2022,HEF,VA,AEA,EN,Towers with Radar,0,11,35,2,48,0,0,0,0,0,0,11,35,2,48,0,0,0,48
12/08/2022,HEF,VA,AEA,EN,Towers with Radar,0,16,60,1,77,0,27,63,4,94,0,43,123,5,171,317,0,317,488
12/09/2022,HEF,VA,AEA,EN,Towers with Radar,0,15,27,1,43,0,40,83,2,125,0,55,110,3,168,204,0,204,372
12/10/2022,HEF,VA,AEA,EN,Towers with Radar,0,11,26,1,38,0,33,111,0,144,0,44,137,1,182,172,0,172,354
12/11/2022,HEF,VA,AEA,EN,Towers with Radar,0,13,31,2,46,0,6,16,1,23,0,19,47,3,69,0,0,0,69
12/12/2022,HEF,VA,AEA,EN,Towers with Radar,0,10,44,2,56,0,26,51,13,90,0,36,95,15,146,189,0,189,335
12/13/2022,HEF,VA,AEA,EN,Towers with Radar,0,7,51,1,59,0,32,108,14,154,0,39,159,15,213,0,0,0,213
12/14/2022,HEF,VA,AEA,EN,Towers with Radar,0,7,35,0,42,0,29,97,18,144,0,36,132,18,186,14,0,14,200
12/15/2022,HEF,VA,AEA,EN,Towers with Radar,0,8,18,0,26,0,0,0,0,0,0,8,18,0,26,0,0,0,26
12/16/2022,HEF,VA,AEA,EN,Towers with Radar,0,14,39,2,55,0,30,88,9,127,0,44,127,11,182,134,0,134,316
12/17/2022,HEF,VA,AEA,EN,Towers with Radar,0,8,37,4,49,0,37,108,0,145,0,45,145,4,194,170,0,170,364
12/18/2022,HEF,VA,AEA,EN,Towers with Radar,0,6,45,1,52,0,29,77,0,106,0,35,122,1,158,117,0,117,275
12/19/2022,HEF,VA,AEA,EN,Towers with Radar,0,4,24,4,32,0,24,84,6,114,0,28,108,10,146,167,0,167,313
12/20/2022,HEF,VA,AEA,EN,Towers with Radar,0,10,43,0,53,0,27,114,6,147,0,37,157,6,200,121,0,121,321
12/21/2022,HEF,VA,AEA,EN,Towers with Radar,0,15,48,0,63,0,38,93,9,140,0,53,141,9,203,96,0,96,299
12/22/2022,HEF,VA,AEA,EN,Towers with Radar,0,8,6,0,14,0,0,0,0,0,0,8,6,0,14,0,0,0,14
12/23/2022,HEF,VA,AEA,EN,Towers with Radar,0,7,13,0,20,0,0,2,0,2,0,7,15,0,22,0,0,0,22
12/24/2022,HEF,VA,AEA,EN,Towers with Radar,0,11,9,0,20,0,9,22,0,31,0,20,31,0,51,34,0,34,85
12/25/2022,HEF,VA,AEA,EN,Towers with Radar,0,2,6,0,8,0,4,19,0,23,0,6,25,0,31,8,0,8,39
12/26/2022,HEF,VA,AEA,EN,Towers with Radar,0,10,33,0,43,0,28,62,0,90,0,38,95,0,133,70,0,70,203
12/27/2022,HEF,VA,AEA,EN,Towers with Radar,0,17,29,0,46,0,36,99,4,139,0,53,128,4,185,71,0,71,256
12/28/2022,HEF,VA,AEA,EN,Towers with Radar,0,19,50,0,69,0,18,111,4,133,0,37,161,4,202,80,0,80,282
12/29/2022,HEF,VA,AEA,EN,Towers with Radar,0,17,45,0,62,0,30,113,4,147,0,47,158,4,209,149,0,149,358
12/30/2022,HEF,VA,AEA,EN,Towers with Radar,0,19,29,0,48,0,41,125,4,170,0,60,154,4,218,218,0,218,436
12/31/2022,HEF,VA,AEA,EN,Towers with Radar,0,12,9,0,21,0,0,0,0,0,0,12,9,0,21,10,0,10,31
01/01/2023,HEF,VA,AEA,EN,Towers with Radar,0,7,24,0,31,0,17,60,0,77,0,24,84,0,108,52,0,52,160
01/02/2023,HEF,VA,AEA,EN,Towers with Radar,0,5,43,0,48,0,42,108,0,150,0,47,151,0,198,259,0,259,457
01/03/2023,HEF,VA,AEA,EN,Towers with Radar,0,20,35,0,55,0,15,30,6,51,0,35,65,6,106,125,0,125,231
01/04/2023,HEF,VA,AEA,EN,Towers with Radar,0,16,27,2,45,0,10,16,7,33,0,26,43,9,78,126,0,126,204
01/05/2023,HEF,VA,AEA,EN,Towers with Radar,0,8,31,2,41,0,37,89,11,137,0,45,120,13,178,360,0,360,538
01/06/2023,HEF,VA,AEA,EN,Towers with Radar,0,16,37,0,53,0,30,99,10,139,0,46,136,10,192,230,0,230,422
01/07/2023,HEF,VA,AEA,EN,Towers with Radar,0,11,39,0,50,0,33,127,4,164,0,44,166,4,214,108,0,108,322
01/08/2023,HEF,VA,AEA,EN,Towers with Radar,0,13,32,0,45,0,24,79,0,103,0,37,111,0,148,128,0,128,276
01/09/2023,HEF,VA,AEA,EN,Towers with Radar,0,2,31,2,35,0,18,58,16,92,0,20,89,18,127,107,0,107,234
01/10/2023,HEF,VA,AEA,EN,Towers with Radar,0,9,27,2,38,0,26,90,14,130,0,35,117,16,168,277,0,277,445
01/11/2023,HEF,VA,AEA,EN,Towers with Radar,0,17,27,0,44,0,27,90,4,121,0,44,117,4,165,292,0,292,457
01/12/2023,HEF,VA,AEA,EN,Towers with Radar,0,22,23,1,46,0,2,11,12,25,0,24,34,13,71,59,0,59,130
01/13/2023,HEF,VA,AEA,EN,Towers with Radar,0,12,34,0,46,0,16,49,14,79,0,28,83,14,125,70,0,70,195
01/14/2023,HEF,VA,AEA,EN,Towers with Radar,0,4,19,0,23,0,6,41,0,47,0,10,60,0,70,94,0,94,164
01/15/2023,HEF,VA,AEA,EN,Towers with Radar,0,12,38,0,50,0,14,89,0,103,0,26,127,0,153,74,0,74,227
01/16/2023,HEF,VA,AEA,EN,Towers with Radar,0,6,42,0,48,0,39,176,0,215,0,45,218,0,263,134,0,134,397
01/17/2023,HEF,VA,AEA,EN,Towers with Radar,0,15,25,2,42,0,0,1,2,3,0,15,26,4,45,42,0,42,87
01/18/2023,HEF,VA,AEA,EN,Towers with Radar,0,8,37,0,45,0,48,123,16,187,0,56,160,16,232,144,0,144,376
01/19/2023,HEF,VA,AEA,EN,Towers with Radar,0,16,14,0,30,0,0,4,0,4,0,16,18,0,34,0,0,0,34
01/20/2023,HEF,VA,AEA,EN,Towers with Radar,0,13,29,2,44,0,29,50,7,86,0,42,79,9,130,174,0,174,304
01/21/2023,HEF,VA,AEA,EN,Towers with Radar,0,10,31,0,41,0,37,192,0,229,0,47,223,0,270,203,0,203,473
01/22/2023,HEF,VA,AEA,EN,Towers with Radar,0,9,17,0,26,0,2,30,0,32,0,11,47,0,58,0,0,0,58
01/23/2023,HEF,VA,AEA,EN,Towers with Radar,0,12,23,1,36,0,4,27,6,37,0,16,50,7,73,53,0,53,126
01/24/2023,HEF,VA,AEA,EN,Towers with Radar,0,25,41,0,66,0,30,126,8,164,0,55,167,8,230,174,0,174,404
01/25/2023,HEF,VA,AEA,EN,Towers with Radar,0,12,34,0,46,0,4,3,2,9,0,16,37,2,55,40,0,40,95
01/26/2023,HEF,VA,AEA,EN,Towers with Radar,0,14,48,0,62,0,26,57,12,95,0,40,105,12,157,135,0,135,292
01/27/2023,HEF,VA,AEA,EN,Towers with Radar,0,15,49,2,66,0,43,128,8,179,0,58,177,10,245,108,0,108,353
01/28/2023,HEF,VA,AEA,EN,Towers with Radar,0,11,37,0,48,0,34,185,0,219,0,45,222,0,267,248,0,248,515
01/29/2023,HEF,VA,AEA,EN,Towers with Radar,0,11,44,0,55,0,20,45,0,65,0,31,89,0,120,0,0,0,120
01/30/2023,HEF,VA,AEA,EN,Towers with Radar,0,10,36,0,46,0,22,98,9,129,0,32,134,9,175,186,0,186,361
01/31/2023,HEF,VA,AEA,EN,Towers with Radar,0,10,18,0,28,0,1,4,0,5,0,11,22,0,33,0,0,0,33
02/01/2023,HEF,VA,AEA,EN,Towers with Radar,0,9,26,0,35,0,18,83,8,109,0,27,109,8,144,151,0,151,295
02/02/2023,HEF,VA,AEA,EN,Towers with Radar,0,20,26,2,48,0,6,23,6,35,0,26,49,8,83,267,0,267,350
02/03/2023,HEF,VA,AEA,EN,Towers with Radar,0,10,23,0,33,0,6,15,14,35,0,16,38,14,68,2,0,2,70
02/04/2023,HEF,VA,AEA,EN,Towers with Radar,0,16,33,0,49,0,29,97,0,126,0,45,130,0,175,84,0,84,259
02/05/2023,HEF,VA,AEA,EN,Towers with Radar,0,13,36,0,49,0,42,71,0,113,0,55,107,0,162,0,0,0,162
02/06/2023,HEF,VA,AEA,EN,Towers with Radar,0,16,29,0,45,0,22,56,11,89,0,38,85,11,134,106,0,106,240
02/07/2023,HEF,VA,AEA,EN,Towers with Radar,0,15,54,0,69,0,27,90,6,123,0,42,144,6,192,123,0,123,315
02/08/2023,HEF,VA,AEA,EN,Towers with Radar,0,16,54,1,71,0,37,146,10,193,0,53,200,11,264,187,0,187,451
02/09/2023,HEF,VA,AEA,EN,Towers with Radar,0,21,42,0,63,0,23,63,10,96,0,44,105,10,159,101,3,104,263
02/10/2023,HEF,VA,AEA,EN,Towers with Radar,0,23,27,0,50,0,36,105,6,147,0,59,132,6,197,186,0,186,383
02/11/2023,HEF,VA,AEA,EN,Towers with Radar,0,10,36,0,46,0,28,186,0,214,0,38,222,0,260,184,0,184,444
02/12/2023,HEF,VA,AEA,EN,Towers with Radar,0,8,16,0,24,0,0,1,0,1,0,8,17,0,25,4,0,4,29
02/13/2023,HEF,VA,AEA,EN,Towers with Radar,0,11,30,2,43,0,26,80,4,110,0,37,110,6,153,180,0,180,333
02/14/2023,HEF,VA,AEA,EN,Towers with Radar,0,18,19,0,37,0,28,93,6,127,0,46,112,6,164,125,0,125,289
02/15/2023,HEF,VA,AEA,EN,Towers with Radar,0,15,31,0,46,0,23,49,7,79,0,38,80,7,125,64,0,64,189
02/16/2023,HEF,VA,AEA,EN,Towers with Radar,0,23,34,0,57,0,5,16,4,25,0,28,50,4,82,154,0,154,236
02/17/2023,HEF,VA,AEA,EN,Towers with Radar,0,14,23,0,37,0,0,2,0,2,0,14,25,0,39,4,0,4,43
02/18/2023,HEF,VA,AEA,EN,Towers with Radar,0,11,32,0,43,0,42,173,0,215,0,53,205,0,258,219,0,219,477
02/19/2023,HEF,VA,AEA,EN,Towers with Radar,0,11,40,0,51,0,7,81,0,88,0,18,121,0,139,0,0,0,139
02/20/2023,HEF,VA,AEA,EN,Towers with Radar,0,19,47,0,66,0,28,118,0,146,0,47,165,0,212,0,0,0,212
02/21/2023,HEF,VA,AEA,EN,Towers with Radar,0,13,37,0,50,0,19,33,6,58,0,32,70,6,108,27,0,27,135
02/22/2023,HEF,VA,AEA,EN,Towers with Radar,0,20,26,0,46,0,30,42,9,81,0,50,68,9,127,227,0,227,354
02/23/2023,HEF,VA,AEA,EN,Towers with Radar,0,19,51,0,70,0,48,131,9,188,0,67,182,9,258,148,0,148,406
02/24/2023,HEF,VA,AEA,EN,Towers with Radar,0,9,30,0,39,0,22,47,6,75,0,31,77,6,114,20,0,20,134
02/25/2023,HEF,VA,AEA,EN,Towers with Radar,0,11,18,0,29,0,4,7,0,11,0,15,25,0,40,40,0,40,80
02/26/2023,HEF,VA,AEA,EN,Towers with Radar,0,16,63,0,79,0,26,79,0,105,0,42,142,0,184,0,0,0,184
02/27/2023,HEF,VA,AEA,EN,Towers with Radar,0,11,24,0,35,0,25,57,6,88,0,36,81,6,123,0,0,0,123
02/28/2023,HEF,VA,AEA,EN,Towers with Radar,0,19,35,0,54,0,32,55,5,92,0,51,90,5,146,152,0,152,298
03/01/2023,HEF,VA,AEA,EN,Towers with Radar,0,14,43,0,57,0,35,126,14,175,0,49,169,14,232,131,2,133,365
03/02/2023,HEF,VA,AEA,EN,Towers with Radar,0,15,28,0,43,0,37,102,3,142,0,52,130,3,185,206,0,206,391
03/03/2023,HEF,VA,AEA,EN,Towers with Radar,0,14,20,0,34,0,6,14,3,23,0,20,34,3,57,22,0,22,79
03/04/2023,HEF,VA,AEA,EN,Towers with Radar,0,12,16,0,28,0,0,17,0,17,0,12,33,0,45,18,0,18,63
03/05/2023,HEF,VA,AEA,EN,Towers with Radar,0,16,30,2,48,0,41,151,1,193,0,57,181,3,241,59,0,59,300
03/06/2023,HEF,VA,AEA,EN,Towers with Radar,0,12,47,4,63,0,30,102,9,141,0,42,149,13,204,167,0,167,371
03/07/2023,HEF,VA,AEA,EN,Towers with Radar,0,11,39,2,52,0,6,26,9,41,0,17,65,11,93,50,0,50,143
03/08/2023,HEF,VA,AEA,EN,Towers with Radar,0,13,46,2,61,0,19,60,7,86,0,32,106,9,147,6,0,6,153
03/09/2023,HEF,VA,AEA,EN,Towers with Radar,0,23,55,3,81,0,37,106,9,152,0,60,161,12,233,225,0,225,458
03/10/2023,HEF,VA,AEA,EN,Towers with Radar,0,13,33,0,46,0,4,6,6,16,0,17,39,6,62,24,0,24,86
03/11/2023,HEF,VA,AEA,EN,Towers with Radar,0,12,19,0,31,0,10,21,0,31,0,22,40,0,62,58,0,58,120
03/12/2023,HEF,VA,AEA,EN,Towers with Radar,0,10,15,0,25,0,14,66,0,80,0,24,81,0,105,172,0,172,277
03/13/2023,HEF,VA,AEA,EN,Towers with Radar,0,2,27,0,29,0,14,11,3,28,0,16,38,3,57,0,0,0,57
03/14/2023,HEF,VA,AEA,EN,Towers with Radar,0,7,23,0,30,0,4,8,2,14,0,11,31,2,44,0,0,0,44
03/15/2023,HEF,VA,AEA,EN,Towers with Radar,0,11,35,1,47,0,4,10,3,17,0,15,45,4,64,8,2,10,74
03/16/2023,HEF,VA,AEA,EN,Towers with Radar,0,19,62,0,81,0,47,133,6,186,0,66,195,6,267,304,0,304,571
03/17/2023,HEF,VA,AEA,EN,Towers with Radar,0,15,33,0,48,0,36,47,8,91,0,51,80,8,139,216,0,216,355
03/18/2023,HEF,VA,AEA,EN,Towers with Radar,0,17,27,0,44,0,35,71,0,106,0,52,98,0,150,188,0,188,338
03/19/2023,HEF,VA,AEA,EN,Towers with Radar,0,9,34,0,43,0,21,59,0,80,0,30,93,0,123,8,0,8,131
03/20/2023,HEF,VA,AEA,EN,Towers with Radar,0,16,31,0,47,0,30,89,6,125,0,46,120,6,172,127,0,127,299
03/21/2023,HEF,VA,AEA,EN,Towers with Radar,0,22,28,0,50,0,31,89,4,124,0,53,117,4,174,168,0,168,342
03/22/2023,HEF,VA,AEA,EN,Towers with Radar,0,16,56,1,73,0,35,84,8,127,0,51,140,9,200,66,0,66,266
03/23/2023,HEF,VA,AEA,EN,Towers with Radar,0,22,41,0,63,0,27,53,7,87,0,49,94,7,150,132,0,132,282
03/24/2023,HEF,VA,AEA,EN,Towers with Radar,0,13,48,0,61,0,0,0,0,0,0,13,48,0,61,28,0,28,89
03/25/2023,HEF,VA,AEA,EN,Towers with Radar,0,15,41,0,56,0,0,2,0,2,0,15,43,0,58,0,0,0,58
03/26/2023,HEF,VA,AEA,EN,Towers with Radar,0,8,43,0,51,0,58,161,0,219,0,66,204,0,270,0,0,0,270
03/27/2023,HEF,VA,AEA,EN,Towers with Radar,0,17,48,7,72,0,7,11,2,20,0,24,59,9,92,0,0,0,92
03/28/2023,HEF,VA,AEA,EN,Towers with Radar,0,21,31,1,53,0,55,89,9,153,0,76,120,10,206,130,0,130,336
03/29/2023,HEF,VA,AEA,EN,Towers with Radar,0,12,45,2,59,0,56,105,9,170,0,68,150,11,229,194,0,194,423
03/30/2023,HEF,VA,AEA,EN,Towers with Radar,0,30,41,11,82,0,46,101,8,155,0,76,142,19,237,214,0,214,451
03/31/2023,HEF,VA,AEA,EN,Towers with Radar,0,17,37,2,56,0,32,42,4,78,0,49,79,6,134,154,0,154,288
04/01/2023,HEF,VA,AEA,EN,Towers with Radar,0,7,21,0,28,0,2,2,0,4,0,9,23,0,32,0,0,0,32
04/02/2023,HEF,VA,AEA,EN,Towers with Radar,0,15,34,10,59,0,55,54,2,111,0,70,88,12,170,60,0,60,230
04/03/2023,HEF,VA,AEA,EN,Towers with Radar,0,12,29,0,41,0,49,68,10,127,0,61,97,10,168,0,0,0,168
04/04/2023,HEF,VA,AEA,EN,Towers with Radar,0,28,26,0,54,0,51,98,8,157,0,79,124,8,211,185,2,187,398
04/05/2023,HEF,VA,AEA,EN,Towers with Radar,0,20,30,0,50,0,40,80,1,121,0,60,110,1,171,70,0,70,241
04/06/2023,HEF,VA,AEA,EN,Towers with Radar,0,15,23,0,38,0,28,56,4,88,0,43,79,4,126,136,0,136,262
04/07/2023,HEF,VA,AEA,EN,Towers with Radar,0,32,26,0,58,0,33,47,4,84,0,65,73,4,142,204,0,204,346
04/08/2023,HEF,VA,AEA,EN,Towers with Radar,0,16,22,0,38,0,45,144,0,189,0,61,166,0,227,197,0,197,424
04/09/2023,HEF,VA,AEA,EN,Towers with Radar,0,13,26,0,39,0,35,86,0,121,0,48,112,0,160,178,0,178,338
04/10/2023,HEF,VA,AEA,EN,Towers with Radar,0,19,35,2,56,0,55,89,4,148,0,74,124,6,204,0,0,0,204
04/11/2023,HEF,VA,AEA,EN,Towers with Radar,0,26,28,0,54,0,26,95,7,128,0,52,123,7,182,0,0,0,182
04/12/2023,HEF,VA,AEA,EN,Towers with Radar,0,23,23,0,46,0,33,67,10,110,0,56,90,10,156,150,0,150,306
04/13/2023,HEF,VA,AEA,EN,Towers with Radar,0,31,45,0,76,0,52,78,8,138,0,83,123,8,214,23,0,23,237
04/14/2023,HEF,VA,AEA,EN,Towers with Radar,0,26,51,1,78,0,42,93,6,141,0,68,144,7,219,150,0,150,369
04/15/2023,HEF,VA,AEA,EN,Towers with Radar,0,13,30,0,43,0,10,40,0,50,0,23,70,0,93,194,0,194,287
04/16/2023,HEF,VA,AEA,EN,Towers with Radar,0,19,48,2,69,0,41,83,0,124,0,60,131,2,193,0,0,0,193
04/17/2023,HEF,VA,AEA,EN,Towers with Radar,0,17,42,3,62,0,32,31,3,66,0,49,73,6,128,0,0,0,128
04/18/2023,HEF,VA,AEA,EN,Towers with Radar,0,20,29,2,51,0,7,31,11,49,0,27,60,13,100,56,0,56,156
04/19/2023,HEF,VA,AEA,EN,Towers with Radar,0,21,46,2,69,0,58,97,12,167,0,79,143,14,236,30,0,30,266
04/20/2023,HEF,VA,AEA,EN,Towers with Radar,0,19,40,0,59,0,48,70,5,123,0,67,110,5,182,174,0,174,356
04/21/2023,HEF,VA,AEA,EN,Towers with Radar,0,23,29,10,62,0,47,105,6,158,0,70,134,16,220,216,0,216,436
04/22/2023,HEF,VA,AEA,EN,Towers with Radar,0,8,15,0,23,0,6,11,0,17,0,14,26,0,40,46,0,46,86
04/23/2023,HEF,VA,AEA,EN,Towers with Radar,0,15,37,4,56,0,49,78,0,127,0,64,115,4,183,156,0,156,339
04/24/2023,HEF,VA,AEA,EN,Towers with Radar,0,13,39,0,52,0,43,72,7,122,0,56,111,7,174,0,0,0,174
04/25/2023,HEF,VA,AEA,EN,Towers with Radar,0,20,52,2,74,0,53,78,6,137,0,73,130,8,211,172,0,172,383
04/26/2023,HEF,VA,AEA,EN,Towers with Radar,0,19,51,0,70,0,60,53,10,123,0,79,104,10,193,165,0,165,358
04/27/2023,HEF,VA,AEA,EN,Towers with Radar,0,22,48,0,70,0,56,73,9,138,0,78,121,9,208,217,0,217,425
04/28/2023,HEF,VA,AEA,EN,Towers with Radar,0,20,29,0,49,0,0,0,0,0,0,20,29,0,49,0,0,0,49
04/29/2023,HEF,VA,AEA,EN,Towers with Radar,0,21,37,0,58,0,14,11,0,25,0,35,48,0,83,94,0,94,177
04/30/2023,HEF,VA,AEA,EN,Towers with Radar,0,11,18,0,29,0,0,1,0,1,0,11,19,0,30,10,0,10,40
05/01/2023,HEF,VA,AEA,EN,Towers with Radar,0,26,21,0,47,0,12,18,6,36,0,38,39,6,83,0,0,0,83
05/02/2023,HEF,VA,AEA,EN,Towers with Radar,0,20,38,2,60,0,47,36,7,90,0,67,74,9,150,230,0,230,380
05/03/2023,HEF,VA,AEA,EN,Towers with Radar,0,20,35,3,58,0,38,32,8,78,0,58,67,11,136,163,0,163,299
05/04/2023,HEF,VA,AEA,EN,Towers with Radar,0,20,41,0,61,0,47,46,6,99,0,67,87,6,160,87,0,87,247
05/05/2023,HEF,VA,AEA,EN,Towers with Radar,0,20,42,7,69,0,42,131,2,175,0,62,173,9,244,310,0,310,554
05/06/2023,HEF,VA,AEA,EN,Towers with Radar,0,12,33,0,45,0,42,133,2,177,0,54,166,2,222,188,8,196,418
05/07/2023,HEF,VA,AEA,EN,Towers with Radar,0,15,37,4,56,0,20,76,3,99,0,35,113,7,155,136,0,136,291
05/08/2023,HEF,VA,AEA,EN,Towers with Radar,0,23,41,0,64,0,26,57,2,85,0,49,98,2,149,40,0,40,189
05/09/2023,HEF,VA,AEA,EN,Towers with Radar,0,23,44,0,67,0,7,5,4,16,0,30,49,4,83,0,0,0,83
05/10/2023,HEF,VA,AEA,EN,Towers with Radar,0,19,52,2,73,0,45,77,7,129,0,64,129,9,202,189,0,189,391
05/11/2023,HEF,VA,AEA,EN,Towers with Radar,0,36,51,2,89,0,68,108,4,180,0,104,159,6,269,143,0,143,412
05/12/2023,HEF,VA,AEA,EN,Towers with Radar,0,24,44,6,74,0,41,93,2,136,0,65,137,8,210,228,0,228,438
05/13/2023,HEF,VA,AEA,EN,Towers with Radar,0,10,35,2,47,0,14,23,2,39,0,24,58,4,86,66,0,66,152
05/14/2023,HEF,VA,AEA,EN,Towers with Radar,0,22,46,4,72,0,44,84,0,128,0,66,130,4,200,84,0,84,284
05/15/2023,HEF,VA,AEA,EN,Towers with Radar,0,21,43,4,68,0,44,73,11,128,0,65,116,15,196,0,0,0,196
05/16/2023,HEF,VA,AEA,EN,Towers with Radar,0,29,33,3,65,0,35,55,9,99,0,64,88,12,164,97,0,97,261
05/17/2023,HEF,VA,AEA,EN,Towers with Radar,0,26,57,8,91,0,30,94,8,132,0,56,151,16,223,120,0,120,343
05/18/2023,HEF,VA,AEA,EN,Towers with Radar,0,29,51,7,87,0,38,132,6,176,0,67,183,13,263,180,0,180,443
05/19/2023,HEF,VA,AEA,EN,Towers with Radar,0,46,62,9,117,0,29,85,4,118,0,75,147,13,235,123,0,123,358
05/20/2023,HEF,VA,AEA,EN,Towers with Radar,0,14,32,2,48,0,24,66,0,90,0,38,98,2,138,119,0,119,257
05/21/2023,HEF,VA,AEA,EN,Towers with Radar,0,18,53,3,74,0,38,108,0,146,0,56,161,3,220,158,0,158,378
05/22/2023,HEF,VA,AEA,EN,Towers with Radar,0,27,31,2,60,0,50,89,5,144,0,77,120,7,204,0,0,0,204
05/23/2023,HEF,VA,AEA,EN,Towers with Radar,0,19,30,7,56,0,34,108,10,152,0,53,138,17,208,0,0,0,208
05/24/2023,HEF,VA,AEA,EN,Towers with Radar,0,24,32,2,58,0,53,91,1,145,0,77,123,3,203,91,0,91,294
05/25/2023,HEF,VA,AEA,EN,Towers with Radar,0,14,43,4,61,0,38,92,8,138,0,52,135,12,199,72,0,72,271
05/26/2023,HEF,VA,AEA,EN,Towers with Radar,0,27,41,0,68,0,49,105,5,159,0,76,146,5,227,194,0,194,421
05/27/2023,HEF,VA,AEA,EN,Towers with Radar,0,23,29,0,52,0,29,98,0,127,0,52,127,0,179,188,0,188,367
05/28/2023,HEF,VA,AEA,EN,Towers with Radar,0,30,25,0,55,0,36,45,0,81,0,66,70,0,136,127,0,127,263
05/29/2023,HEF,VA,AEA,EN,Towers with Radar,0,9,34,0,43,0,3,7,0,10,0,12,41,0,53,0,0,0,53
05/30/2023,HEF,VA,AEA,EN,Towers with Radar,0,25,37,0,62,0,25,31,2,58,0,50,68,2,120,274,0,274,394
05/31/2023,HEF,VA,AEA,EN,Towers with Radar,0,20,32,0,52,0,50,100,7,157,0,70,132,7,209,236,0,236,445
06/01/2023,HEF,VA,AEA,EN,Towers with Radar,0,20,34,0,54,0,45,108,5,158,0,65,142,5,212,195,0,195,407
06/02/2023,HEF,VA,AEA,EN,Towers with Radar,0,23,46,0,69,0,34,73,0,107,0,57,119,0,176,202,6,208,384
06/03/2023,HEF,VA,AEA,EN,Towers with Radar,0,13,25,0,38,0,35,102,0,137,0,48,127,0,175,96,0,96,271
06/04/2023,HEF,VA,AEA,EN,Towers with Radar,0,19,46,0,65,0,28,67,0,95,0,47,113,0,160,212,0,212,372
06/05/2023,HEF,VA,AEA,EN,Towers with Radar,0,14,28,0,42,0,55,81,4,140,0,69,109,4,182,100,0,100,282
06/06/2023,HEF,VA,AEA,EN,Towers with Radar,0,21,28,0,49,0,37,66,6,109,0,58,94,6,158,123,0,123,281
06/07/2023,HEF,VA,AEA,EN,Towers with Radar,0,21,57,0,78,0,12,5,2,19,0,33,62,2,97,38,0,38,135
06/08/2023,HEF,VA,AEA,EN,Towers with Radar,0,16,44,1,61,0,4,12,0,16,0,20,56,1,77,47,0,47,124
06/09/2023,HEF,VA,AEA,EN,Towers with Radar,0,13,45,2,60,0,38,60,4,102,0,51,105,6,162,269,0,269,431
06/10/2023,HEF,VA,AEA,EN,Towers with Radar,0,11,27,2,40,0,56,79,0,135,0,67,106,2,175,172,0,172,347
06/11/2023,HEF,VA,AEA,EN,Towers with Radar,0,12,45,0,57,0,47,71,0,118,0,59,116,0,175,157,0,157,332
06/12/2023,HEF,VA,AEA,EN,Towers with Radar,0,16,27,4,47,0,2,8,5,15,0,18,35,9,62,120,0,120,182
06/13/2023,HEF,VA,AEA,EN,Towers with Radar,0,20,54,2,76,0,58,70,4,132,0,78,124,6,208,167,0,167,375
06/14/2023,HEF,VA,AEA,EN,Towers with Radar,0,26,32,2,60,0,25,22,10,57,0,51,54,12,117,126,0,126,243
06/15/2023,HEF,VA,AEA,EN,Towers with Radar,0,20,36,1,57,0,66,79,5,150,0,86,115,6,207,208,0,208,415
06/16/2023,HEF,VA,AEA,EN,Towers with Radar,0,7,41,1,49,0,33,25,6,64,0,40,66,7,113,136,0,136,249
06/17/2023,HEF,VA,AEA,EN,Towers with Radar,0,23,31,0,54,0,41,79,0,120,0,64,110,0,174,226,0,226,400
06/18/2023,HEF,VA,AEA,EN,Towers with Radar,0,11,31,0,42,0,50,102,0,152,0,61,133,0,194,156,0,156,350
06/19/2023,HEF,VA,AEA,EN,Towers with Radar,0,11,45,2,58,0,39,69,1,109,0,50,114,3,167,106,0,106,273
06/20/2023,HEF,VA,AEA,EN,Towers with Radar,0,26,30,5,61,0,31,35,6,72,0,57,65,11,133,205,0,205,338
06/21/2023,HEF,VA,AEA,EN,Towers with Radar,0,10,44,4,58,0,2,1,3,6,0,12,45,7,64,0,0,0,64
06/22/2023,HEF,VA,AEA,EN,Towers with Radar,0,14,34,2,50,0,0,0,0,0,0,14,34,2,50,0,0,0,50
06/23/2023,HEF,VA,AEA,EN,Towers with Radar,0,17,29,2,48,0,0,1,0,1,0,17,30,2,49,6,0,6,55
06/24/2023,HEF,VA,AEA,EN,Towers with Radar,0,28,35,2,65,0,11,29,0,40,0,39,64,2,105,236,0,236,341
06/25/2023,HEF,VA,AEA,EN,Towers with Radar,0,18,45,2,65,0,51,105,1,157,0,69,150,3,222,153,0,153,375
06/26/2023,HEF,VA,AEA,EN,Towers with Radar,0,12,23,0,35,0,53,62,11,126,0,65,85,11,161,200,0,200,361
06/27/2023,HEF,VA,AEA,EN,Towers with Radar,0,13,32,1,46,0,46,51,9,106,0,59,83,10,152,174,0,174,326
06/28/2023,HEF,VA,AEA,EN,Towers with Radar,0,17,44,1,62,0,50,67,8,125,0,67,111,9,187,305,0,305,492
06/29/2023,HEF,VA,AEA,EN,Towers with Radar,0,16,76,0,92,0,0,6,0,6,0,16,82,0,98,2,0,2,100
06/30/2023,HEF,VA,AEA,EN,Towers with Radar,0,28,43,2,73,0,30,28,6,64,0,58,71,8,137,190,0,190,327
07/01/2023,HEF,VA,AEA,EN,Towers with Radar,0,20,36,2,58,0,4,16,0,20,0,24,52,2,78,258,0,258,336
07/02/2023,HEF,VA,AEA,EN,Towers with Radar,0,14,23,2,39,0,33,36,0,69,0,47,59,2,108,208,0,208,316
07/03/2023,HEF,VA,AEA,EN,Towers with Radar,0,12,21,4,37,0,33,69,4,106,0,45,90,8,143,229,0,229,372
07/04/2023,HEF,VA,AEA,EN,Towers with Radar,0,13,33,0,46,0,42,49,0,91,0,55,82,0,137,131,0,131,268
07/05/2023,HEF,VA,AEA,EN,Towers with Radar,0,15,47,2,64,0,61,65,10,136,0,76,112,12,200,214,0,214,414
07/06/2023,HEF,VA,AEA,EN,Towers with Radar,0,20,26,0,46,0,37,52,10,99,0,57,78,10,145,183,0,183,328
07/07/2023,HEF,VA,AEA,EN,Towers with Radar,0,21,25,0,46,0,46,73,6,125,0,67,98,6,171,184,0,184,355
07/08/2023,HEF,VA,AEA,EN,Towers with Radar,0,15,31,1,47,0,34,124,0,158,0,49,155,1,205,234,0,234,439
07/09/2023,HEF,VA,AEA,EN,Towers with Radar,0,18,42,3,63,0,9,6,0,15,0,27,48,3,78,90,0,90,168
07/10/2023,HEF,VA,AEA,EN,Towers with Radar,0,16,36,3,55,0,49,74,4,127,0,65,110,7,182,255,0,255,437
07/11/2023,HEF,VA,AEA,EN,Towers with Radar,0,13,48,2,63,0,45,91,7,143,0,58,139,9,206,147,0,147,353
07/12/2023,HEF,VA,AEA,EN,Towers with Radar,0,19,22,1,42,0,74,94,9,177,0,93,116,10,219,107,0,107,326
07/13/2023,HEF,VA,AEA,EN,Towers with Radar,0,19,37,1,57,0,45,76,5,126,0,64,113,6,183,153,0,153,336
07/14/2023,HEF,VA,AEA,EN,Towers with Radar,0,31,34,5,70,0,31,76,8,115,0,62,110,13,185,190,0,190,375
07/15/2023,HEF,VA,AEA,EN,Towers with Radar,0,18,42,0,60,0,36,65,0,101,0,54,107,0,161,224,0,224,385
07/16/2023,HEF,VA,AEA,EN,Towers with Radar,0,21,42,9,72,0,36,46,0,82,0,57,88,9,154,77,0,77,231
07/17/2023,HEF,VA,AEA,EN,Towers with Radar,0,20,35,2,57,0,45,87,8,140,0,65,122,10,197,159,0,159,356
07/18/2023,HEF,VA,AEA,EN,Towers with Radar,0,27,41,2,70,0,48,63,7,118,0,75,104,9,188,180,0,180,368
07/19/2023,HEF,VA,AEA,EN,Towers with Radar,0,12,41,4,57,0,42,67,5,114,0,54,108,9,171,230,0,230,401
07/20/2023,HEF,VA,AEA,EN,Towers with Radar,0,24,46,4,74,0,61,84,7,152,0,85,130,11,226,235,0,235,461
07/21/2023,HEF,VA,AEA,EN,Towers with Radar,0,21,35,7,63,0,60,84,8,152,0,81,119,15,215,230,0,230,445
07/22/2023,HEF,VA,AEA,EN,Towers with Radar,0,14,28,0,42,0,54,118,0,172,0,68,146,0,214,172,0,172,386
07/23/2023,HEF,VA,AEA,EN,Towers with Radar,0,21,36,7,64,0,40,92,0,132,0,61,128,7,196,166,0,166,362
07/24/2023,HEF,VA,AEA,EN,Towers with Radar,0,12,34,0,46,0,33,50,5,88,0,45,84,5,134,171,0,171,305
07/25/2023,HEF,VA,AEA,EN,Towers with Radar,0,26,39,2,67,0,23,40,6,69,0,49,79,8,136,161,0,161,297
07/26/2023,HEF,VA,AEA,EN,Towers with Radar,0,19,36,0,55,0,41,88,6,135,0,60,124,6,190,84,0,84,274
07/27/2023,HEF,VA,AEA,EN,Towers with Radar,0,19,39,0,58,0,34,72,3,109,0,53,111,3,167,176,0,176,343
07/28/2023,HEF,VA,AEA,EN,Towers with Radar,0,27,25,3,55,0,44,60,3,107,0,71,85,6,162,118,0,118,280
07/29/2023,HEF,VA,AEA,EN,Towers with Radar,0,19,20,4,43,0,42,71,0,113,0,61,91,4,156,75,0,75,231
07/30/2023,HEF,VA,AEA,EN,Towers with Radar,0,20,50,4,74,0,69,101,1,171,0,89,151,5,245,122,0,122,367
07/31/2023,HEF,VA,AEA,EN,Towers with Radar,0,21,20,1,42,0,41,83,2,126,0,62,103,3,168,123,0,123,291
08/01/2023,HEF,VA,AEA,EN,Towers with Radar,0,15,33,0,48,0,59,85,7,151,0,74,118,7,199,290,0,290,489
08/02/2023,HEF,VA,AEA,EN,Towers with Radar,0,29,29,0,58,0,44,101,4,149,0,73,130,4,207,92,0,92,299
08/03/2023,HEF,VA,AEA,EN,Towers with Radar,0,26,34,0,60,0,16,42,5,63,0,42,76,5,123,193,0,193,316
08/04/2023,HEF,VA,AEA,EN,Towers with Radar,0,21,29,7,57,0,12,13,4,29,0,33,42,11,86,232,0,232,318
08/05/2023,HEF,VA,AEA,EN,Towers with Radar,0,23,27,3,53,0,53,86,0,139,0,76,113,3,192,107,0,107,299
08/06/2023,HEF,VA,AEA,EN,Towers with Radar,0,25,42,4,71,0,43,57,0,100,0,68,99,4,171,204,0,204,375
08/07/2023,HEF,VA,AEA,EN,Towers with Radar,0,21,27,2,50,0,17,18,2,37,0,38,45,4,87,79,0,79,166
08/08/2023,HEF,VA,AEA,EN,Towers with Radar,0,15,25,1,41,0,43,39,2,84,0,58,64,3,125,120,0,120,245
08/09/2023,HEF,VA,AEA,EN,Towers with Radar,0,18,30,1,49,0,62,89,2,153,0,80,119,3,202,138,0,138,340
08/10/2023,HEF,VA,AEA,EN,Towers with Radar,0,26,23,1,50,0,34,22,2,58,0,60,45,3,108,89,0,89,197
08/11/2023,HEF,VA,AEA,EN,Towers with Radar,0,26,34,8,68,0,48,114,3,165,0,74,148,11,233,194,0,194,427
08/12/2023,HEF,VA,AEA,EN,Towers with Radar,0,22,25,0,47,0,48,152,0,200,0,70,177,0,247,196,0,196,443
08/13/2023,HEF,VA,AEA,EN,Towers with Radar,0,23,42,3,68,0,36,92,0,128,0,59,134,3,196,152,0,152,348
08/14/2023,HEF,VA,AEA,EN,Towers with Radar,0,25,27,0,52,0,38,46,2,86,0,63,73,2,138,91,0,91,229
08/15/2023,HEF,VA,AEA,EN,Towers with Radar,0,11,25,0,36,0,19,63,3,85,0,30,88,3,121,127,0,127,248
08/16/2023,HEF,VA,AEA,EN,Towers with Radar,0,26,42,0,68,0,31,92,9,132,0,57,134,9,200,139,0,139,339
08/17/2023,HEF,VA,AEA,EN,Towers with Radar,0,21,34,0,55,0,40,80,7,127,0,61,114,7,182,160,0,160,342
08/18/2023,HEF,VA,AEA,EN,Towers with Radar,0,19,41,1,61,0,46,66,2,114,0,65,107,3,175,70,0,70,245
08/19/2023,HEF,VA,AEA,EN,Towers with Radar,0,15,29,2,46,0,41,113,0,154,0,56,142,2,200,104,0,104,304
08/20/2023,HEF,VA,AEA,EN,Towers with Radar,0,20,34,2,56,0,34,62,0,96,0,54,96,2,152,84,0,84,236
08/21/2023,HEF,VA,AEA,EN,Towers with Radar,0,24,18,0,42,0,39,58,6,103,0,63,76,6,145,146,0,146,291
08/22/2023,HEF,VA,AEA,EN,Towers with Radar,0,17,30,2,49,0,39,46,8,93,0,56,76,10,142,245,0,245,387
08/23/2023,HEF,VA,AEA,EN,Towers with Radar,0,22,36,0,58,0,35,93,4,132,0,57,129,4,190,142,0,142,332
08/24/2023,HEF,VA,AEA,EN,Towers with Radar,0,17,40,4,61,0,48,46,4,98,0,65,86,8,159,167,0,167,326
08/25/2023,HEF,VA,AEA,EN,Towers with Radar,0,18,23,3,44,0,28,56,6,90,0,46,79,9,134,180,0,180,314
08/26/2023,HEF,VA,AEA,EN,Towers with Radar,0,16,25,0,41,0,45,84,1,130,0,61,109,1,171,104,0,104,275
08/27/2023,HEF,VA,AEA,EN,Towers with Radar,0,20,27,1,48,0,23,55,0,78,0,43,82,1,126,134,0,134,260
08/28/2023,HEF,VA,AEA,EN,Towers with Radar,0,24,27,0,51,0,10,10,8,28,0,34,37,8,79,152,0,152,231
08/29/2023,HEF,VA,AEA,EN,Towers with Radar,0,33,22,1,56,0,6,5,6,17,0,39,27,7,73,109,0,109,182
08/30/2023,HEF,VA,AEA,EN,Towers with Radar,0,22,32,3,57,0,47,57,10,114,0,69,89,13,171,178,0,178,349
08/31/2023,HEF,VA,AEA,EN,Towers with Radar,0,27,18,0,45,0,34,27,9,70,0,61,45,9,115,43,0,43,158
01/01/2020,HEF,VA,AEA,EN,Towers with Radar,0,10,20,0,30,0,11,37,0,48,0,21,57,0,78,30,0,30,108
01/02/2020,HEF,VA,AEA,EN,Towers with Radar,0,2,15,3,20,0,12,69,1,82,0,14,84,4,102,237,0,237,339
01/03/2020,HEF,VA,AEA,EN,Towers with Radar,0,14,13,2,29,0,2,0,0,2,0,16,13,2,31,58,0,58,89
01/04/2020,HEF,VA,AEA,EN,Towers with Radar,0,11,15,2,28,0,12,26,0,38,0,23,41,2,66,116,0,116,182
01/05/2020,HEF,VA,AEA,EN,Towers with Radar,0,9,31,0,40,0,11,48,0,59,0,20,79,0,99,56,0,56,155
01/06/2020,HEF,VA,AEA,EN,Towers with Radar,0,1,28,2,31,0,17,54,0,71,0,18,82,2,102,48,0,48,150
01/07/2020,HEF,VA,AEA,EN,Towers with Radar,0,5,17,0,22,0,1,13,0,14,0,6,30,0,36,28,0,28,64
01/08/2020,HEF,VA,AEA,EN,Towers with Radar,0,11,12,0,23,0,5,19,5,29,0,16,31,5,52,0,3,3,55
01/09/2020,HEF,VA,AEA,EN,Towers with Radar,0,14,34,1,49,0,26,95,2,123,0,40,129,3,172,78,5,83,255
01/10/2020,HEF,VA,AEA,EN,Towers with Radar,0,17,27,0,44,0,15,65,0,80,0,32,92,0,124,92,0,92,216
01/11/2020,HEF,VA,AEA,EN,Towers with Radar,0,9,25,0,34,0,5,26,0,31,0,14,51,0,65,53,0,53,118
01/12/2020,HEF,VA,AEA,EN,Towers with Radar,0,7,34,0,41,0,28,112,0,140,0,35,146,0,181,172,0,172,353
01/13/2020,HEF,VA,AEA,EN,Towers with Radar,0,10,23,4,37,0,27,48,2,77,0,37,71,6,114,0,0,0,114
01/14/2020,HEF,VA,AEA,EN,Towers with Radar,0,10,17,2,29,0,0,0,0,0,0,10,17,2,29,4,0,4,33
01/15/2020,HEF,VA,AEA,EN,Towers with Radar,0,20,33,5,58,0,24,66,1,91,0,44,99,6,149,86,6,92,241
01/16/2020,HEF,VA,AEA,EN,Towers with Radar,0,4,21,2,27,0,2,27,0,29,0,6,48,2,56,32,6,38,94
01/17/2020,HEF,VA,AEA,EN,Towers with Radar,0,19,41,3,63,0,9,67,0,76,0,28,108,3,139,35,9,44,183
01/18/2020,HEF,VA,AEA,EN,Towers with Radar,0,8,6,0,14,0,0,0,0,0,0,8,6,0,14,0,0,0,14
01/19/2020,HEF,VA,AEA,EN,Towers with Radar,0,8,15,0,23,0,9,47,0,56,0,17,62,0,79,116,0,116,195
01/20/2020,HEF,VA,AEA,EN,Towers with Radar,0,5,48,0,53,0,25,69,0,94,0,30,117,0,147,0,0,0,147
01/21/2020,HEF,VA,AEA,EN,Towers with Radar,0,7,47,7,61,0,27,67,2,96,0,34,114,9,157,81,0,81,238
01/22/2020,HEF,VA,AEA,EN,Towers with Radar,0,9,41,3,53,0,26,90,1,117,0,35,131,4,170,82,0,82,252
01/23/2020,HEF,VA,AEA,EN,Towers with Radar,0,8,30,3,41,0,22,75,2,99,0,30,105,5,140,237,0,237,377
01/24/2020,HEF,VA,AEA,EN,Towers with Radar,0,13,30,3,46,0,2,14,0,16,0,15,44,3,62,74,0,74,136
01/25/2020,HEF,VA,AEA,EN,Towers with Radar,0,11,14,1,26,0,2,7,0,9,0,13,21,1,35,44,0,44,79
01/26/2020,HEF,VA,AEA,EN,Towers with Radar,0,7,39,2,48,0,34,117,3,154,0,41,156,5,202,206,0,206,408
01/27/2020,HEF,VA,AEA,EN,Towers with Radar,0,12,19,2,33,0,22,48,1,71,0,34,67,3,104,38,0,38,142
01/28/2020,HEF,VA,AEA,EN,Towers with Radar,0,14,36,2,52,0,22,60,4,86,0,36,96,6,138,88,12,100,238
01/29/2020,HEF,VA,AEA,EN,Towers with Radar,0,15,46,0,61,0,26,62,1,89,0,41,108,1,150,163,8,171,321
01/30/2020,HEF,VA,AEA,EN,Towers with Radar,0,18,39,4,61,0,20,84,2,106,0,38,123,6,167,110,0,110,277
01/31/2020,HEF,VA,AEA,EN,Towers with Radar,0,20,36,0,56,0,31,67,0,98,0,51,103,0,154,155,0,155,309
02/01/2020,HEF,VA,AEA,EN,Towers with Radar,0,11,18,0,29,0,18,52,0,70,0,29,70,0,99,267,0,267,366
02/02/2020,HEF,VA,AEA,EN,Towers with Radar,0,9,25,0,34,0,23,103,2,128,0,32,128,2,162,131,0,131,293
02/03/2020,HEF,VA,AEA,EN,Towers with Radar,0,8,43,2,53,0,13,90,1,104,0,21,133,3,157,0,0,0,157
02/04/2020,HEF,VA,AEA,EN,Towers with Radar,0,13,40,7,60,0,25,41,7,73,0,38,81,14,133,113,0,113,246
02/05/2020,HEF,VA,AEA,EN,Towers with Radar,0,22,33,0,55,0,2,5,0,7,0,24,38,0,62,12,0,12,74
02/06/2020,HEF,VA,AEA,EN,Towers with Radar,0,12,25,0,37,0,0,1,0,1,0,12,26,0,38,0,0,0,38
02/07/2020,HEF,VA,AEA,EN,Towers with Radar,0,6,26,0,32,0,2,8,0,10,0,8,34,0,42,4,0,4,46
02/08/2020,HEF,VA,AEA,EN,Towers with Radar,0,6,34,0,40,0,36,163,0,199,0,42,197,0,239,181,0,181,420
02/09/2020,HEF,VA,AEA,EN,Towers with Radar,0,9,31,0,40,0,24,143,0,167,0,33,174,0,207,195,0,195,402
02/10/2020,HEF,VA,AEA,EN,Towers with Radar,0,1,25,4,30,0,4,15,0,19,0,5,40,4,49,0,0,0,49
02/11/2020,HEF,VA,AEA,EN,Towers with Radar,0,10,28,0,38,0,0,2,0,2,0,10,30,0,40,8,0,8,48
02/12/2020,HEF,VA,AEA,EN,Towers with Radar,0,7,31,5,43,0,26,61,1,88,0,33,92,6,131,85,0,85,216
02/13/2020,HEF,VA,AEA,EN,Towers with Radar,0,14,34,0,48,0,5,8,1,14,0,19,42,1,62,42,0,42,104
02/14/2020,HEF,VA,AEA,EN,Towers with Radar,0,17,54,0,71,0,19,74,0,93,0,36,128,0,164,47,0,47,211
02/15/2020,HEF,VA,AEA,EN,Towers with Radar,0,13,19,3,35,0,38,146,0,184,0,51,165,3,219,130,0,130,349
02/16/2020,HEF,VA,AEA,EN,Towers with Radar,0,3,25,0,28,0,7,101,0,108,0,10,126,0,136,156,0,156,292
02/17/2020,HEF,VA,AEA,EN,Towers with Radar,0,12,38,1,51,0,22,134,3,159,0,34,172,4,210,86,0,86,296
02/18/2020,HEF,VA,AEA,EN,Towers with Radar,0,6,34,2,42,0,15,31,5,51,0,21,65,7,93,67,0,67,160
02/19/2020,HEF,VA,AEA,EN,Towers with Radar,0,13,44,0,57,0,21,59,3,83,0,34,103,3,140,85,0,85,225
02/20/2020,HEF,VA,AEA,EN,Towers with Radar,0,10,31,6,47,0,22,65,1,88,0,32,96,7,135,190,6,196,331
02/21/2020,HEF,VA,AEA,EN,Towers with Radar,0,15,37,2,54,0,36,80,0,116,0,51,117,2,170,149,0,149,319
02/22/2020,HEF,VA,AEA,EN,Towers with Radar,0,14,29,0,43,0,35,160,0,195,0,49,189,0,238,177,0,177,415
02/23/2020,HEF,VA,AEA,EN,Towers with Radar,0,9,46,0,55,0,23,115,0,138,0,32,161,0,193,144,0,144,337
02/24/2020,HEF,VA,AEA,EN,Towers with Radar,0,12,25,4,41,0,12,42,8,62,0,24,67,12,103,100,0,100,203
02/25/2020,HEF,VA,AEA,EN,Towers with Radar,0,9,18,0,27,0,0,1,0,1,0,9,19,0,28,0,0,0,28
02/26/2020,HEF,VA,AEA,EN,Towers with Radar,0,14,39,0,53,0,0,0,0,0,0,14,39,0,53,0,0,0,53
02/27/2020,HEF,VA,AEA,EN,Towers with Radar,0,9,29,4,42,0,6,9,3,18,0,15,38,7,60,11,0,11,71
02/28/2020,HEF,VA,AEA,EN,Towers with Radar,0,6,30,0,36,0,17,38,1,56,0,23,68,1,92,77,0,77,169
02/29/2020,HEF,VA,AEA,EN,Towers with Radar,0,8,30,0,38,0,16,41,0,57,0,24,71,0,95,85,0,85,180
03/01/2020,HEF,VA,AEA,EN,Towers with Radar,0,14,37,0,51,0,41,144,0,185,0,55,181,0,236,214,0,214,450
03/02/2020,HEF,VA,AEA,EN,Towers with Radar,0,4,32,0,36,0,13,53,2,68,0,17,85,2,104,63,0,63,167
03/03/2020,HEF,VA,AEA,EN,Towers with Radar,0,8,37,3,48,0,9,8,1,18,0,17,45,4,66,79,2,81,147
03/04/2020,HEF,VA,AEA,EN,Towers with Radar,0,14,41,2,57,0,24,58,2,84,0,38,99,4,141,145,0,145,286
03/05/2020,HEF,VA,AEA,EN,Towers with Radar,0,12,34,6,52,0,27,91,5,123,0,39,125,11,175,218,0,218,393
03/06/2020,HEF,VA,AEA,EN,Towers with Radar,0,15,15,1,31,0,18,31,2,51,0,33,46,3,82,46,0,46,128
03/07/2020,HEF,VA,AEA,EN,Towers with Radar,0,12,22,1,35,0,12,35,1,48,0,24,57,2,83,18,0,18,101
03/08/2020,HEF,VA,AEA,EN,Towers with Radar,0,6,54,0,60,0,19,127,0,146,0,25,181,0,206,206,0,206,412
03/09/2020,HEF,VA,AEA,EN,Towers with Radar,0,7,25,2,34,0,20,92,2,114,0,27,117,4,148,0,0,0,148
03/10/2020,HEF,VA,AEA,EN,Towers with Radar,0,9,24,3,36,0,4,25,3,32,0,13,49,6,68,20,6,26,94
03/11/2020,HEF,VA,AEA,EN,Towers with Radar,0,16,31,0,47,0,27,71,1,99,0,43,102,1,146,212,0,212,358
03/12/2020,HEF,VA,AEA,EN,Towers with Radar,0,17,46,4,67,0,8,21,3,32,0,25,67,7,99,262,0,262,361
03/13/2020,HEF,VA,AEA,EN,Towers with Radar,0,19,32,4,55,0,11,32,0,43,0,30,64,4,98,35,0,35,133
03/14/2020,HEF,VA,AEA,EN,Towers with Radar,0,14,27,2,43,0,33,130,0,163,0,47,157,2,206,175,0,175,381
03/15/2020,HEF,VA,AEA,EN,Towers with Radar,0,11,35,0,46,0,7,19,1,27,0,18,54,1,73,58,0,58,131
03/16/2020,HEF,VA,AEA,EN,Towers with Radar,0,5,21,2,28,0,22,59,2,83,0,27,80,4,111,142,0,142,253
03/17/2020,HEF,VA,AEA,EN,Towers with Radar,0,7,16,0,23,0,12,38,2,52,0,19,54,2,75,141,0,141,216
03/18/2020,HEF,VA,AEA,EN,Towers with Radar,0,6,14,2,22,0,12,74,2,88,0,18,88,4,110,198,0,198,308
03/19/2020,HEF,VA,AEA,EN,Towers with Radar,0,10,17,6,33,0,18,30,2,50,0,28,47,8,83,155,0,155,238
03/20/2020,HEF,VA,AEA,EN,Towers with Radar,0,10,7,1,18,0,7,21,0,28,0,17,28,1,46,63,0,63,109
03/21/2020,HEF,VA,AEA,EN,Towers with Radar,0,9,26,0,35,0,26,70,0,96,0,35,96,0,131,67,0,67,198
03/22/2020,HEF,VA,AEA,EN,Towers with Radar,0,0,25,0,25,0,23,133,2,158,0,23,158,2,183,128,0,128,311
03/23/2020,HEF,VA,AEA,EN,Towers with Radar,0,1,4,0,5,0,0,0,0,0,0,1,4,0,5,0,0,0,5
03/24/2020,HEF,VA,AEA,EN,Towers with Radar,0,6,17,0,23,0,1,64,2,67,0,7,81,2,90,121,0,121,211
03/25/2020,HEF,VA,AEA,EN,Towers with Radar,0,9,9,0,18,0,0,0,0,0,0,9,9,0,18,0,0,0,18
03/26/2020,HEF,VA,AEA,EN,Towers with Radar,0,4,21,0,25,0,6,63,2,71,0,10,84,2,96,139,0,139,235
03/27/2020,HEF,VA,AEA,EN,Towers with Radar,0,4,19,0,23,0,2,59,1,62,0,6,78,1,85,93,0,93,178
03/28/2020,HEF,VA,AEA,EN,Towers with Radar,0,6,24,0,30,0,0,0,0,0,0,6,24,0,30,0,0,0,30
03/29/2020,HEF,VA,AEA,EN,Towers with Radar,0,2,16,0,18,0,1,13,0,14,0,3,29,0,32,50,0,50,82
03/30/2020,HEF,VA,AEA,EN,Towers with Radar,0,0,18,2,20,0,3,41,0,44,0,3,59,2,64,10,0,10,74
03/31/2020,HEF,VA,AEA,EN,Towers with Radar,0,6,13,0,19,0,2,52,0,54,0,8,65,0,73,94,0,94,167
04/01/2020,HEF,VA,AEA,EN,Towers with Radar,0,6,8,0,14,0,1,35,4,40,0,7,43,4,54,56,0,56,110
04/02/2020,HEF,VA,AEA,EN,Towers with Radar,0,9,13,1,23,0,0,18,6,24,0,9,31,7,47,6,0,6,53
04/03/2020,HEF,VA,AEA,EN,Towers with Radar,0,4,18,2,24,0,3,17,7,27,0,7,35,9,51,8,0,8,59
04/04/2020,HEF,VA,AEA,EN,Towers with Radar,0,6,18,0,24,0,1,25,0,26,0,7,43,0,50,54,0,54,104
04/05/2020,HEF,VA,AEA,EN,Towers with Radar,0,0,28,0,28,0,2,63,0,65,0,2,91,0,93,38,0,38,131
04/06/2020,HEF,VA,AEA,EN,Towers with Radar,0,0,11,6,17,0,2,59,2,63,0,2,70,8,80,41,0,41,121
04/07/2020,HEF,VA,AEA,EN,Towers with Radar,0,7,11,0,18,0,3,30,0,33,0,10,41,0,51,18,0,18,69
04/08/2020,HEF,VA,AEA,EN,Towers with Radar,0,5,15,2,22,0,2,18,3,23,0,7,33,5,45,42,32,74,119
04/09/2020,HEF,VA,AEA,EN,Towers with Radar,0,5,5,0,10,0,0,5,1,6,0,5,10,1,16,0,6,6,22
04/10/2020,HEF,VA,AEA,EN,Towers with Radar,0,5,13,0,18,0,0,3,0,3,0,5,16,0,21,0,0,0,21
04/11/2020,HEF,VA,AEA,EN,Towers with Radar,0,9,29,3,41,0,0,51,0,51,0,9,80,3,92,40,0,40,132
04/12/2020,HEF,VA,AEA,EN,Towers with Radar,0,3,14,0,17,0,8,24,0,32,0,11,38,0,49,64,0,64,113
04/13/2020,HEF,VA,AEA,EN,Towers with Radar,0,1,2,2,5,0,0,6,2,8,0,1,8,4,13,11,0,11,24
04/14/2020,HEF,VA,AEA,EN,Towers with Radar,0,3,30,6,39,0,3,47,0,50,0,6,77,6,89,42,3,45,134
04/15/2020,HEF,VA,AEA,EN,Towers with Radar,0,3,9,1,13,0,2,46,1,49,0,5,55,2,62,26,9,35,97
04/16/2020,HEF,VA,AEA,EN,Towers with Radar,0,9,12,2,23,0,2,30,1,33,0,11,42,3,56,38,0,38,94
04/17/2020,HEF,VA,AEA,EN,Towers with Radar,0,4,13,4,21,0,0,40,0,40,0,4,53,4,61,51,0,51,112
04/18/2020,HEF,VA,AEA,EN,Towers with Radar,0,6,7,2,15,0,2,9,0,11,0,8,16,2,26,12,0,12,38
04/19/2020,HEF,VA,AEA,EN,Towers with Radar,0,0,22,0,22,0,4,64,0,68,0,4,86,0,90,37,0,37,127
04/20/2020,HEF,VA,AEA,EN,Towers with Radar,0,0,19,2,21,0,3,19,2,24,0,3,38,4,45,104,6,110,155
04/21/2020,HEF,VA,AEA,EN,Towers with Radar,0,4,11,1,16,0,0,14,1,15,0,4,25,2,31,5,0,5,36
04/22/2020,HEF,VA,AEA,EN,Towers with Radar,0,8,24,4,36,0,7,34,2,43,0,15,58,6,79,2,0,2,81
04/23/2020,HEF,VA,AEA,EN,Towers with Radar,0,4,18,0,22,0,0,28,0,28,0,4,46,0,50,10,0,10,60
04/24/2020,HEF,VA,AEA,EN,Towers with Radar,0,4,11,0,15,0,2,1,0,3,0,6,12,0,18,24,0,24,42
04/25/2020,HEF,VA,AEA,EN,Towers with Radar,0,9,43,0,52,0,3,21,0,24,0,12,64,0,76,170,0,170,246
04/26/2020,HEF,VA,AEA,EN,Towers with Radar,0,1,28,0,29,0,0,0,0,0,0,1,28,0,29,0,0,0,29
04/27/2020,HEF,VA,AEA,EN,Towers with Radar,0,2,13,3,18,0,4,19,0,23,0,6,32,3,41,10,0,10,51
04/28/2020,HEF,VA,AEA,EN,Towers with Radar,0,6,21,1,28,0,4,45,3,52,0,10,66,4,80,52,0,52,132
04/29/2020,HEF,VA,AEA,EN,Towers with Radar,0,13,10,6,29,0,7,57,8,72,0,20,67,14,101,44,28,72,173
04/30/2020,HEF,VA,AEA,EN,Towers with Radar,0,6,3,0,9,0,0,0,0,0,0,6,3,0,9,0,0,0,9
05/01/2020,HEF,VA,AEA,EN,Towers with Radar,0,5,19,0,24,0,6,25,1,32,0,11,44,1,56,32,0,32,88
05/02/2020,HEF,VA,AEA,EN,Towers with Radar,0,9,45,4,58,0,2,116,0,118,0,11,161,4,176,62,0,62,238
05/03/2020,HEF,VA,AEA,EN,Towers with Radar,0,3,18,0,21,0,2,14,0,16,0,5,32,0,37,31,0,31,68
05/04/2020,HEF,VA,AEA,EN,Towers with Radar,0,1,19,5,25,0,6,31,7,44,0,7,50,12,69,2,0,2,71
05/05/2020,HEF,VA,AEA,EN,Towers with Radar,0,3,10,5,18,0,3,34,2,39,0,6,44,7,57,24,6,30,87
05/06/2020,HEF,VA,AEA,EN,Towers with Radar,0,6,14,7,27,0,2,6,7,15,0,8,20,14,42,10,0,10,52
05/07/2020,HEF,VA,AEA,EN,Towers with Radar,0,9,26,11,46,0,7,58,3,68,0,16,84,14,114,10,0,10,124
05/08/2020,HEF,VA,AEA,EN,Towers with Radar,0,6,14,1,21,0,1,34,4,39,0,7,48,5,60,2,0,2,62
05/09/2020,HEF,VA,AEA,EN,Towers with Radar,0,7,11,0,18,0,6,13,0,19,0,13,24,0,37,6,0,6,43
05/10/2020,HEF,VA,AEA,EN,Towers with Radar,0,5,30,1,36,0,9,51,0,60,0,14,81,1,96,8,0,8,104
05/11/2020,HEF,VA,AEA,EN,Towers with Radar,0,4,16,1,21,0,3,23,8,34,0,7,39,9,55,0,0,0,55
05/12/2020,HEF,VA,AEA,EN,Towers with Radar,0,3,24,2,29,0,2,38,5,45,0,5,62,7,74,2,0,2,76
05/13/2020,HEF,VA,AEA,EN,Towers with Radar,0,5,23,3,31,0,2,99,1,102,0,7,122,4,133,22,0,22,155
05/14/2020,HEF,VA,AEA,EN,Towers with Radar,0,9,17,1,27,0,1,30,4,35,0,10,47,5,62,60,6,66,128
05/15/2020,HEF,VA,AEA,EN,Towers with Radar,0,7,29,3,39,0,3,60,3,66,0,10,89,6,105,10,0,10,115
05/16/2020,HEF,VA,AEA,EN,Towers with Radar,0,6,13,0,19,0,7,76,0,83,0,13,89,0,102,38,0,38,140
05/17/2020,HEF,VA,AEA,EN,Towers with Radar,0,3,29,0,32,0,4,11,0,15,0,7,40,0,47,46,0,46,93
05/18/2020,HEF,VA,AEA,EN,Towers with Radar,0,4,22,1,27,0,0,1,4,5,0,4,23,5,32,0,0,0,32
05/19/2020,HEF,VA,AEA,EN,Towers with Radar,0,6,13,1,20,0,3,18,3,24,0,9,31,4,44,3,0,3,47
05/20/2020,HEF,VA,AEA,EN,Towers with Radar,0,7,14,2,23,0,6,26,3,35,0,13,40,5,58,0,0,0,58
05/21/2020,HEF,VA,AEA,EN,Towers with Radar,0,10,24,1,35,0,1,18,6,25,0,11,42,7,60,46,0,46,106
05/22/2020,HEF,VA,AEA,EN,Towers with Radar,0,5,26,2,33,0,1,3,5,9,0,6,29,7,42,0,0,0,42
05/23/2020,HEF,VA,AEA,EN,Towers with Radar,0,7,29,0,36,0,5,78,0,83,0,12,107,0,119,33,0,33,152
05/24/2020,HEF,VA,AEA,EN,Towers with Radar,0,0,25,0,25,0,1,2,0,3,0,1,27,0,28,27,0,27,55
05/25/2020,HEF,VA,AEA,EN,Towers with Radar,0,3,40,0,43,0,8,34,0,42,0,11,74,0,85,52,0,52,137
05/26/2020,HEF,VA,AEA,EN,Towers with Radar,0,3,26,7,36,0,4,52,1,57,0,7,78,8,93,40,10,50,143
05/27/2020,HEF,VA,AEA,EN,Towers with Radar,0,9,24,0,33,0,3,49,5,57,0,12,73,5,90,30,0,30,120
05/28/2020,HEF,VA,AEA,EN,Towers with Radar,0,7,19,1,27,0,1,13,0,14,0,8,32,1,41,0,0,0,41
05/29/2020,HEF,VA,AEA,EN,Towers with Radar,0,15,23,4,42,0,6,23,0,29,0,21,46,4,71,38,0,38,109
05/30/2020,HEF,VA,AEA,EN,Towers with Radar,0,11,39,0,50,0,23,105,0,128,0,34,144,0,178,96,0,96,274
05/31/2020,HEF,VA,AEA,EN,Towers with Radar,0,6,32,0,38,0,6,108,0,114,0,12,140,0,152,26,0,26,178
06/01/2020,HEF,VA,AEA,EN,Towers with Radar,0,7,23,2,32,0,8,112,3,123,0,15,135,5,155,46,0,46,201
06/02/2020,HEF,VA,AEA,EN,Towers with Radar,0,16,28,1,45,0,8,89,3,100,0,24,117,4,145,101,0,101,246
06/03/2020,HEF,VA,AEA,EN,Towers with Radar,0,9,23,0,32,0,14,87,3,104,0,23,110,3,136,76,0,76,212
06/04/2020,HEF,VA,AEA,EN,Towers with Radar,0,17,34,2,53,0,8,78,1,87,0,25,112,3,140,64,0,64,204
06/05/2020,HEF,VA,AEA,EN,Towers with Radar,0,10,17,1,28,0,10,45,1,56,0,20,62,2,84,145,0,145,229
06/06/2020,HEF,VA,AEA,EN,Towers with Radar,0,9,30,3,42,0,15,123,2,140,0,24,153,5,182,94,0,94,276
06/07/2020,HEF,VA,AEA,EN,Towers with Radar,0,10,25,0,35,0,8,133,0,141,0,18,158,0,176,104,0,104,280
06/08/2020,HEF,VA,AEA,EN,Towers with Radar,0,8,37,5,50,0,20,88,4,112,0,28,125,9,162,56,0,56,218
06/09/2020,HEF,VA,AEA,EN,Towers with Radar,0,13,23,5,41,0,18,93,3,114,0,31,116,8,155,144,6,150,305
06/10/2020,HEF,VA,AEA,EN,Towers with Radar,0,12,38,4,54,0,5,36,3,44,0,17,74,7,98,94,0,94,192
06/11/2020,HEF,VA,AEA,EN,Towers with Radar,0,14,21,3,38,0,6,42,3,51,0,20,63,6,89,38,0,38,127
06/12/2020,HEF,VA,AEA,EN,Towers with Radar,0,13,37,1,51,0,12,112,1,125,0,25,149,2,176,138,0,138,314
06/13/2020,HEF,VA,AEA,EN,Towers with Radar,0,14,28,6,48,0,12,128,0,140,0,26,156,6,188,84,0,84,272
06/14/2020,HEF,VA,AEA,EN,Towers with Radar,0,6,34,0,40,0,8,90,0,98,0,14,124,0,138,110,0,110,248
06/15/2020,HEF,VA,AEA,EN,Towers with Radar,0,10,24,4,38,0,11,61,3,75,0,21,85,7,113,38,0,38,151
06/16/2020,HEF,VA,AEA,EN,Towers with Radar,0,16,34,2,52,0,18,55,6,79,0,34,89,8,131,80,0,80,211
06/17/2020,HEF,VA,AEA,EN,Towers with Radar,0,14,30,2,46,0,1,10,1,12,0,15,40,3,58,4,0,4,62
06/18/2020,HEF,VA,AEA,EN,Towers with Radar,0,17,20,5,42,0,12,21,11,44,0,29,41,16,86,102,0,102,188
06/19/2020,HEF,VA,AEA,EN,Towers with Radar,0,18,25,2,45,0,8,8,1,17,0,26,33,3,62,106,0,106,168
06/20/2020,HEF,VA,AEA,EN,Towers with Radar,0,12,16,0,28,0,2,17,0,19,0,14,33,0,47,102,0,102,149
06/21/2020,HEF,VA,AEA,EN,Towers with Radar,0,9,32,0,41,0,11,85,0,96,0,20,117,0,137,88,0,88,225
06/22/2020,HEF,VA,AEA,EN,Towers with Radar,0,10,31,4,45,0,11,82,6,99,0,21,113,10,144,84,0,84,228
06/23/2020,HEF,VA,AEA,EN,Towers with Radar,0,13,23,4,40,0,12,31,5,48,0,25,54,9,88,33,16,49,137
06/24/2020,HEF,VA,AEA,EN,Towers with Radar,0,10,30,3,43,0,28,136,6,170,0,38,166,9,213,152,0,152,365
06/25/2020,HEF,VA,AEA,EN,Towers with Radar,0,16,26,3,45,0,22,92,4,118,0,38,118,7,163,82,0,82,245
06/26/2020,HEF,VA,AEA,EN,Towers with Radar,0,11,36,1,48,0,28,137,3,168,0,39,173,4,216,126,0,126,342
06/27/2020,HEF,VA,AEA,EN,Towers with Radar,0,12,26,0,38,0,37,97,0,134,0,49,123,0,172,116,0,116,288
06/28/2020,HEF,VA,AEA,EN,Towers with Radar,0,7,27,0,34,0,6,56,0,62,0,13,83,0,96,154,0,154,250
06/29/2020,HEF,VA,AEA,EN,Towers with Radar,0,15,21,3,39,0,16,100,7,123,0,31,121,10,162,132,0,132,294
06/30/2020,HEF,VA,AEA,EN,Towers with Radar,0,8,31,4,43,0,17,75,3,95,0,25,106,7,138,78,0,78,216
07/01/2020,HEF,VA,AEA,EN,Towers with Radar,0,9,39,2,50,0,21,89,6,116,0,30,128,8,166,128,0,128,294
07/02/2020,HEF,VA,AEA,EN,Towers with Radar,0,10,42,3,55,0,27,103,10,140,0,37,145,13,195,129,0,129,324
07/03/2020,HEF,VA,AEA,EN,Towers with Radar,0,12,36,0,48,0,27,143,2,172,0,39,179,2,220,87,0,87,307
07/04/2020,HEF,VA,AEA,EN,Towers with Radar,0,9,10,0,19,0,21,35,14,70,0,30,45,14,89,0,0,0,89
07/05/2020,HEF,VA,AEA,EN,Towers with Radar,0,9,41,1,51,0,8,60,0,68,0,17,101,1,119,104,0,104,223
07/06/2020,HEF,VA,AEA,EN,Towers with Radar,0,6,24,0,30,0,21,74,4,99,0,27,98,4,129,111,0,111,240
07/07/2020,HEF,VA,AEA,EN,Towers with Radar,0,14,27,5,46,0,9,31,3,43,0,23,58,8,89,234,0,234,323
07/08/2020,HEF,VA,AEA,EN,Towers with Radar,0,13,28,2,43,0,28,90,3,121,0,41,118,5,164,180,0,180,344
07/09/2020,HEF,VA,AEA,EN,Towers with Radar,0,14,50,9,73,0,24,79,3,106,0,38,129,12,179,141,0,141,320
07/10/2020,HEF,VA,AEA,EN,Towers with Radar,0,12,31,2,45,0,20,68,3,91,0,32,99,5,136,125,0,125,261
07/11/2020,HEF,VA,AEA,EN,Towers with Radar,0,9,30,0,39,0,23,86,0,109,0,32,116,0,148,55,0,55,203
07/12/2020,HEF,VA,AEA,EN,Towers with Radar,0,10,22,0,32,0,12,83,0,95,0,22,105,0,127,150,0,150,277
07/13/2020,HEF,VA,AEA,EN,Towers with Radar,0,10,23,3,36,0,31,72,8,111,0,41,95,11,147,114,0,114,261
07/14/2020,HEF,VA,AEA,EN,Towers with Radar,0,9,32,7,48,0,29,105,10,144,0,38,137,17,192,82,0,82,274
07/15/2020,HEF,VA,AEA,EN,Towers with Radar,0,11,30,8,49,0,38,82,7,127,0,49,112,15,176,116,12,128,304
07/16/2020,HEF,VA,AEA,EN,Towers with Radar,0,10,39,2,51,0,23,75,6,104,0,33,114,8,155,112,0,112,267
07/17/2020,HEF,VA,AEA,EN,Towers with Radar,0,14,25,3,42,0,27,86,1,114,0,41,111,4,156,116,0,116,272
07/18/2020,HEF,VA,AEA,EN,Towers with Radar,0,18,23,3,44,0,28,100,1,129,0,46,123,4,173,127,0,127,300
07/19/2020,HEF,VA,AEA,EN,Towers with Radar,0,9,19,2,30,0,26,80,1,107,0,35,99,3,137,102,0,102,239
07/20/2020,HEF,VA,AEA,EN,Towers with Radar,0,5,28,4,37,0,20,51,2,73,0,25,79,6,110,117,0,117,227
07/21/2020,HEF,VA,AEA,EN,Towers with Radar,0,11,14,4,29,0,17,68,5,90,0,28,82,9,119,123,0,123,242
07/22/2020,HEF,VA,AEA,EN,Towers with Radar,0,11,14,5,30,0,10,33,2,45,0,21,47,7,75,184,0,184,259
07/23/2020,HEF,VA,AEA,EN,Towers with Radar,0,12,20,4,36,0,21,72,4,97,0,33,92,8,133,225,0,225,358
07/24/2020,HEF,VA,AEA,EN,Towers with Radar,0,10,40,1,51,0,4,15,1,20,0,14,55,2,71,58,0,58,129
07/25/2020,HEF,VA,AEA,EN,Towers with Radar,0,12,43,0,55,0,29,57,0,86,0,41,100,0,141,141,0,141,282
07/26/2020,HEF,VA,AEA,EN,Towers with Radar,0,11,41,0,52,0,27,144,0,171,0,38,185,0,223,111,0,111,334
07/27/2020,HEF,VA,AEA,EN,Towers with Radar,0,11,27,4,42,0,34,85,4,123,0,45,112,8,165,84,0,84,249
07/28/2020,HEF,VA,AEA,EN,Towers with Radar,0,6,20,3,29,0,23,58,7,88,0,29,78,10,117,58,0,58,175
07/29/2020,HEF,VA,AEA,EN,Towers with Radar,0,18,49,4,71,0,30,79,5,114,0,48,128,9,185,120,10,130,315
07/30/2020,HEF,VA,AEA,EN,Towers with Radar,0,19,36,2,57,0,29,88,3,120,0,48,124,5,177,90,0,90,267
07/31/2020,HEF,VA,AEA,EN,Towers with Radar,0,11,26,5,42,0,0,6,0,6,0,11,32,5,48,0,0,0,48
08/01/2020,HEF,VA,AEA,EN,Towers with Radar,0,16,35,0,51,0,13,43,2,58,0,29,78,2,109,167,0,167,276
08/02/2020,HEF,VA,AEA,EN,Towers with Radar,0,11,23,0,34,0,9,43,0,52,0,20,66,0,86,156,0,156,242
08/03/2020,HEF,VA,AEA,EN,Towers with Radar,0,8,16,4,28,0,14,41,4,59,0,22,57,8,87,85,0,85,172
08/04/2020,HEF,VA,AEA,EN,Towers with Radar,0,6,14,3,23,0,4,30,1,35,0,10,44,4,58,8,0,8,66
08/05/2020,HEF,VA,AEA,EN,Towers with Radar,0,13,27,3,43,0,32,100,13,145,0,45,127,16,188,93,0,93,281
08/06/2020,HEF,VA,AEA,EN,Towers with Radar,0,11,20,6,37,0,5,31,10,46,0,16,51,16,83,137,0,137,220
08/07/2020,HEF,VA,AEA,EN,Towers with Radar,0,9,30,5,44,0,14,32,1,47,0,23,62,6,91,55,8,63,154
08/08/2020,HEF,VA,AEA,EN,Towers with Radar,0,19,40,1,60,0,13,46,0,59,0,32,86,1,119,85,0,85,204
08/09/2020,HEF,VA,AEA,EN,Towers with Radar,0,3,48,2,53,0,19,132,1,152,0,22,180,3,205,94,0,94,299
08/10/2020,HEF,VA,AEA,EN,Towers with Radar,0,14,20,0,34,0,27,86,8,121,0,41,106,8,155,96,0,96,251
08/11/2020,HEF,VA,AEA,EN,Towers with Radar,0,9,34,4,47,0,13,85,5,103,0,22,119,9,150,80,4,84,234
08/12/2020,HEF,VA,AEA,EN,Towers with Radar,0,8,33,2,43,0,20,76,5,101,0,28,109,7,144,72,0,72,216
08/13/2020,HEF,VA,AEA,EN,Towers with Radar,0,11,17,3,31,0,2,11,2,15,0,13,28,5,46,12,0,12,58
08/14/2020,HEF,VA,AEA,EN,Towers with Radar,0,15,30,1,46,0,10,20,3,33,0,25,50,4,79,90,6,96,175
08/15/2020,HEF,VA,AEA,EN,Towers with Radar,0,7,21,2,30,0,25,40,0,65,0,32,61,2,95,88,0,88,183
08/16/2020,HEF,VA,AEA,EN,Towers with Radar,0,10,41,1,52,0,12,13,2,27,0,22,54,3,79,4,0,4,83
08/17/2020,HEF,VA,AEA,EN,Towers with Radar,0,8,32,5,45,0,25,40,7,72,0,33,72,12,117,99,0,99,216
08/18/2020,HEF,VA,AEA,EN,Towers with Radar,0,10,31,2,43,0,25,105,9,139,0,35,136,11,182,90,0,90,272
08/19/2020,HEF,VA,AEA,EN,Towers with Radar,0,14,31,2,47,0,23,67,10,100,0,37,98,12,147,80,0,80,227
08/20/2020,HEF,VA,AEA,EN,Towers with Radar,0,10,28,3,41,0,27,116,8,151,0,37,144,11,192,134,0,134,326
08/21/2020,HEF,VA,AEA,EN,Towers with Radar,0,12,39,3,54,0,27,72,5,104,0,39,111,8,158,197,0,197,355
08/22/2020,HEF,VA,AEA,EN,Towers with Radar,0,11,23,1,35,0,6,18,1,25,0,17,41,2,60,101,0,101,161
08/23/2020,HEF,VA,AEA,EN,Towers with Radar,0,6,43,0,49,0,16,96,0,112,0,22,139,0,161,146,0,146,307
08/24/2020,HEF,VA,AEA,EN,Towers with Radar,0,11,21,4,36,0,23,56,2,81,0,34,77,6,117,31,0,31,148
08/25/2020,HEF,VA,AEA,EN,Towers with Radar,0,6,34,7,47,0,26,60,9,95,0,32,94,16,142,170,15,185,327
08/26/2020,HEF,VA,AEA,EN,Towers with Radar,0,9,36,6,51,0,26,130,8,164,0,35,166,14,215,154,0,154,369
08/27/2020,HEF,VA,AEA,EN,Towers with Radar,0,13,46,1,60,0,22,86,7,115,0,35,132,8,175,74,6,80,255
08/28/2020,HEF,VA,AEA,EN,Towers with Radar,0,12,41,0,53,0,20,109,2,131,0,32,150,2,184,104,0,104,288
08/29/2020,HEF,VA,AEA,EN,Towers with Radar,0,8,24,0,32,0,7,4,0,11,0,15,28,0,43,0,0,0,43
08/30/2020,HEF,VA,AEA,EN,Towers with Radar,0,15,44,0,59,0,28,164,0,192,0,43,208,0,251,24,0,24,275
08/31/2020,HEF,VA,AEA,EN,Towers with Radar,0,4,24,5,33,0,3,26,6,35,0,7,50,11,68,65,0,65,133
09/01/2020,HEF,VA,AEA,EN,Towers with Radar,0,16,21,4,41,0,1,3,2,6,0,17,24,6,47,2,0,2,49
09/02/2020,HEF,VA,AEA,EN,Towers with Radar,0,16,32,2,50,0,13,46,7,66,0,29,78,9,116,46,0,46,162
09/03/2020,HEF,VA,AEA,EN,Towers with Radar,0,12,37,1,50,0,27,55,1,83,0,39,92,2,133,71,0,71,204
09/04/2020,HEF,VA,AEA,EN,Towers with Radar,0,10,48,3,61,0,32,122,3,157,0,42,170,6,218,34,0,34,252
09/05/2020,HEF,VA,AEA,EN,Towers with Radar,0,5,26,0,31,0,35,125,0,160,0,40,151,0,191,91,0,91,282
09/06/2020,HEF,VA,AEA,EN,Towers with Radar,0,13,30,0,43,0,14,131,0,145,0,27,161,0,188,72,0,72,260
09/07/2020,HEF,VA,AEA,EN,Towers with Radar,0,9,47,1,57,0,31,126,1,158,0,40,173,2,215,86,0,86,301
09/08/2020,HEF,VA,AEA,EN,Towers with Radar,0,10,32,3,45,0,34,82,7,123,0,44,114,10,168,99,0,99,267
09/09/2020,HEF,VA,AEA,EN,Towers with Radar,0,17,39,9,65,0,7,5,1,13,0,24,44,10,78,18,0,18,96
09/10/2020,HEF,VA,AEA,EN,Towers with Radar,0,12,35,2,49,0,6,7,2,15,0,18,42,4,64,0,0,0,64
09/11/2020,HEF,VA,AEA,EN,Towers with Radar,0,14,46,0,60,0,16,59,0,75,0,30,105,0,135,142,0,142,277
09/12/2020,HEF,VA,AEA,EN,Towers with Radar,0,8,37,2,47,0,17,56,0,73,0,25,93,2,120,162,0,162,282
09/13/2020,HEF,VA,AEA,EN,Towers with Radar,0,11,31,0,42,0,27,116,0,143,0,38,147,0,185,110,0,110,295
09/14/2020,HEF,VA,AEA,EN,Towers with Radar,0,7,30,0,37,0,26,101,3,130,0,33,131,3,167,40,0,40,207
09/15/2020,HEF,VA,AEA,EN,Towers with Radar,0,10,29,1,40,0,33,131,10,174,0,43,160,11,214,75,0,75,289
09/16/2020,HEF,VA,AEA,EN,Towers with Radar,0,14,32,1,47,0,28,91,4,123,0,42,123,5,170,130,0,130,300
09/17/2020,HEF,VA,AEA,EN,Towers with Radar,0,6,24,1,31,0,11,29,2,42,0,17,53,3,73,133,6,139,212
09/18/2020,HEF,VA,AEA,EN,Towers with Radar,0,21,25,0,46,0,16,44,4,64,0,37,69,4,110,98,0,98,208
09/19/2020,HEF,VA,AEA,EN,Towers with Radar,0,8,30,0,38,0,26,128,0,154,0,34,158,0,192,88,0,88,280
09/20/2020,HEF,VA,AEA,EN,Towers with Radar,0,11,52,0,63,0,19,152,1,172,0,30,204,1,235,87,0,87,322
09/21/2020,HEF,VA,AEA,EN,Towers with Radar,0,11,34,1,46,0,32,87,7,126,0,43,121,8,172,41,0,41,213
09/22/2020,HEF,VA,AEA,EN,Towers with Radar,0,13,36,1,50,0,29,79,9,117,0,42,115,10,167,122,2,124,291
09/23/2020,HEF,VA,AEA,EN,Towers with Radar,0,11,48,12,71,0,27,143,2,172,0,38,191,14,243,184,14,198,441
09/24/2020,HEF,VA,AEA,EN,Towers with Radar,0,8,34,4,46,0,23,100,15,138,0,31,134,19,184,224,14,238,422
09/25/2020,HEF,VA,AEA,EN,Towers with Radar,0,15,48,0,63,0,17,32,4,53,0,32,80,4,116,114,0,114,230
09/26/2020,HEF,VA,AEA,EN,Towers with Radar,0,14,49,1,64,0,3,3,1,7,0,17,52,2,71,26,0,26,97
09/27/2020,HEF,VA,AEA,EN,Towers with Radar,0,3,62,0,65,0,14,88,0,102,0,17,150,0,167,190,0,190,357
09/28/2020,HEF,VA,AEA,EN,Towers with Radar,0,5,43,6,54,0,13,65,5,83,0,18,108,11,137,71,10,81,218
09/29/2020,HEF,VA,AEA,EN,Towers with Radar,0,21,25,0,46,0,3,6,0,9,0,24,31,0,55,81,10,91,146
09/30/2020,HEF,VA,AEA,EN,Towers with Radar,0,20,45,6,71,0,37,107,7,151,0,57,152,13,222,175,20,195,417
10/01/2020,HEF,VA,AEA,EN,Towers with Radar,0,17,41,4,62,0,48,104,6,158,0,65,145,10,220,159,4,163,383
10/02/2020,HEF,VA,AEA,EN,Towers with Radar,0,17,45,2,64,0,22,86,5,113,0,39,131,7,177,164,0,164,341
10/03/2020,HEF,VA,AEA,EN,Towers with Radar,0,11,36,1,48,0,28,160,2,190,0,39,196,3,238,205,0,205,443
10/04/2020,HEF,VA,AEA,EN,Towers with Radar,0,15,39,0,54,0,18,104,2,124,0,33,143,2,178,174,0,174,352
10/05/2020,HEF,VA,AEA,EN,Towers with Radar,0,8,38,4,50,0,27,68,7,102,0,35,106,11,152,36,17,53,205
10/06/2020,HEF,VA,AEA,EN,Towers with Radar,0,15,39,4,58,0,26,80,6,112,0,41,119,10,170,107,0,107,277
10/07/2020,HEF,VA,AEA,EN,Towers with Radar,0,15,29,0,44,0,26,96,3,125,0,41,125,3,169,81,0,81,250
10/08/2020,HEF,VA,AEA,EN,Towers with Radar,0,8,39,3,50,0,22,79,1,102,0,30,118,4,152,116,0,116,268
10/09/2020,HEF,VA,AEA,EN,Towers with Radar,0,24,45,5,74,0,25,144,1,170,0,49,189,6,244,100,0,100,344
10/10/2020,HEF,VA,AEA,EN,Towers with Radar,0,9,40,2,51,0,23,97,0,120,0,32,137,2,171,148,0,148,319
10/11/2020,HEF,VA,AEA,EN,Towers with Radar,0,4,38,0,42,0,1,0,0,1,0,5,38,0,43,0,0,0,43
10/12/2020,HEF,VA,AEA,EN,Towers with Radar,0,9,34,0,43,0,0,0,0,0,0,9,34,0,43,0,0,0,43
10/13/2020,HEF,VA,AEA,EN,Towers with Radar,0,13,27,3,43,0,20,29,2,51,0,33,56,5,94,90,0,90,184
10/14/2020,HEF,VA,AEA,EN,Towers with Radar,0,19,48,8,75,0,41,126,7,174,0,60,174,15,249,68,0,68,317
10/15/2020,HEF,VA,AEA,EN,Towers with Radar,0,13,44,5,62,0,30,120,5,155,0,43,164,10,217,71,0,71,288
10/16/2020,HEF,VA,AEA,EN,Towers with Radar,0,21,23,5,49,0,24,38,4,66,0,45,61,9,115,66,0,66,181
10/17/2020,HEF,VA,AEA,EN,Towers with Radar,0,10,36,0,46,0,48,142,0,190,0,58,178,0,236,111,0,111,347
10/18/2020,HEF,VA,AEA,EN,Towers with Radar,0,11,37,2,50,0,27,157,1,185,0,38,194,3,235,124,0,124,359
10/19/2020,HEF,VA,AEA,EN,Towers with Radar,0,13,36,5,54,0,13,30,0,43,0,26,66,5,97,0,0,0,97
10/20/2020,HEF,VA,AEA,EN,Towers with Radar,0,11,41,1,53,0,38,87,8,133,0,49,128,9,186,0,0,0,186
10/21/2020,HEF,VA,AEA,EN,Towers with Radar,0,9,29,3,41,0,18,53,2,73,0,27,82,5,114,85,0,85,199
10/22/2020,HEF,VA,AEA,EN,Towers with Radar,0,13,30,0,43,0,28,65,0,93,0,41,95,0,136,88,0,88,224
10/23/2020,HEF,VA,AEA,EN,Towers with Radar,0,14,45,3,62,0,36,85,0,121,0,50,130,3,183,58,0,58,241
10/24/2020,HEF,VA,AEA,EN,Towers with Radar,0,12,32,0,44,0,44,113,0,157,0,56,145,0,201,186,0,186,387
10/25/2020,HEF,VA,AEA,EN,Towers with Radar,0,10,37,0,47,0,0,1,0,1,0,10,38,0,48,0,0,0,48
10/26/2020,HEF,VA,AEA,EN,Towers with Radar,0,13,32,0,45,0,5,17,1,23,0,18,49,1,68,0,0,0,68
10/27/2020,HEF,VA,AEA,EN,Towers with Radar,0,26,27,4,57,0,22,74,2,98,0,48,101,6,155,207,0,207,362
10/28/2020,HEF,VA,AEA,EN,Towers with Radar,0,20,41,6,67,0,18,44,4,66,0,38,85,10,133,115,0,115,248
10/29/2020,HEF,VA,AEA,EN,Towers with Radar,0,13,18,0,31,0,0,0,0,0,0,13,18,0,31,0,0,0,31
10/30/2020,HEF,VA,AEA,EN,Towers with Radar,0,20,37,4,61,0,16,29,2,47,0,36,66,6,108,77,0,77,185
10/31/2020,HEF,VA,AEA,EN,Towers with Radar,0,14,44,2,60,0,28,143,0,171,0,42,187,2,231,110,0,110,341
11/01/2020,HEF,VA,AEA,EN,Towers with Radar,0,4,20,0,24,0,5,6,0,11,0,9,26,0,35,34,0,34,69
11/02/2020,HEF,VA,AEA,EN,Towers with Radar,0,8,19,0,27,0,3,18,2,23,0,11,37,2,50,0,0,0,50
11/03/2020,HEF,VA,AEA,EN,Towers with Radar,0,11,28,3,42,0,25,64,8,97,0,36,92,11,139,76,0,76,215
11/04/2020,HEF,VA,AEA,EN,Towers with Radar,0,13,40,5,58,0,36,141,6,183,0,49,181,11,241,86,0,86,327
11/05/2020,HEF,VA,AEA,EN,Towers with Radar,0,8,41,4,53,0,31,87,6,124,0,39,128,10,177,158,0,158,335
11/06/2020,HEF,VA,AEA,EN,Towers with Radar,0,10,43,5,58,0,37,104,5,146,0,47,147,10,204,108,0,108,312
11/07/2020,HEF,VA,AEA,EN,Towers with Radar,0,11,46,0,57,0,35,159,0,194,0,46,205,0,251,160,0,160,411
11/08/2020,HEF,VA,AEA,EN,Towers with Radar,0,8,45,2,55,0,28,107,1,136,0,36,152,3,191,140,0,140,331
11/09/2020,HEF,VA,AEA,EN,Towers with Radar,0,9,25,1,35,0,29,85,6,120,0,38,110,7,155,152,0,152,307
11/10/2020,HEF,VA,AEA,EN,Towers with Radar,0,16,39,1,56,0,41,109,6,156,0,57,148,7,212,98,0,98,310
11/11/2020,HEF,VA,AEA,EN,Towers with Radar,0,14,7,3,24,0,0,0,0,0,0,14,7,3,24,0,0,0,24
11/12/2020,HEF,VA,AEA,EN,Towers with Radar,0,16,20,5,41,0,7,23,4,34,0,23,43,9,75,8,7,15,90
11/13/2020,HEF,VA,AEA,EN,Towers with Radar,0,14,38,2,54,0,33,97,4,134,0,47,135,6,188,131,0,131,319
11/14/2020,HEF,VA,AEA,EN,Towers with Radar,0,6,38,2,46,0,42,173,0,215,0,48,211,2,261,94,0,94,355
11/15/2020,HEF,VA,AEA,EN,Towers with Radar,0,1,20,0,21,0,1,14,0,15,0,2,34,0,36,26,0,26,62
11/16/2020,HEF,VA,AEA,EN,Towers with Radar,0,7,33,3,43,0,25,43,3,71,0,32,76,6,114,54,6,60,174
11/17/2020,HEF,VA,AEA,EN,Towers with Radar,0,4,21,2,27,0,5,20,0,25,0,9,41,2,52,44,0,44,96
11/18/2020,HEF,VA,AEA,EN,Towers with Radar,0,12,44,5,61,0,27,57,3,87,0,39,101,8,148,69,13,82,230
11/19/2020,HEF,VA,AEA,EN,Towers with Radar,0,18,36,6,60,0,22,87,8,117,0,40,123,14,177,106,5,111,288
11/20/2020,HEF,VA,AEA,EN,Towers with Radar,0,14,45,5,64,0,32,111,4,147,0,46,156,9,211,107,0,107,318
11/21/2020,HEF,VA,AEA,EN,Towers with Radar,0,16,44,2,62,0,36,141,3,180,0,52,185,5,242,91,0,91,333
11/22/2020,HEF,VA,AEA,EN,Towers with Radar,0,11,37,0,48,0,13,44,0,57,0,24,81,0,105,215,0,215,320
11/23/2020,HEF,VA,AEA,EN,Towers with Radar,0,8,26,4,38,0,2,11,3,16,0,10,37,7,54,6,5,11,65
11/24/2020,HEF,VA,AEA,EN,Towers with Radar,0,14,33,6,53,0,36,109,6,151,0,50,142,12,204,154,2,156,360
11/25/2020,HEF,VA,AEA,EN,Towers with Radar,0,12,36,3,51,0,16,58,0,74,0,28,94,3,125,51,0,51,176
11/26/2020,HEF,VA,AEA,EN,Towers with Radar,0,4,4,0,8,0,6,6,0,12,0,10,10,0,20,19,0,19,39
11/27/2020,HEF,VA,AEA,EN,Towers with Radar,0,7,22,0,29,0,27,47,1,75,0,34,69,1,104,55,0,55,159
11/28/2020,HEF,VA,AEA,EN,Towers with Radar,0,13,44,1,58,0,29,114,0,143,0,42,158,1,201,109,0,109,310
11/29/2020,HEF,VA,AEA,EN,Towers with Radar,0,16,49,3,68,0,17,95,0,112,0,33,144,3,180,186,0,186,366
11/30/2020,HEF,VA,AEA,EN,Towers with Radar,0,11,26,0,37,0,1,0,1,2,0,12,26,1,39,0,0,0,39
12/01/2020,HEF,VA,AEA,EN,Towers with Radar,0,9,27,3,39,0,14,26,6,46,0,23,53,9,85,0,0,0,85
12/02/2020,HEF,VA,AEA,EN,Towers with Radar,0,6,43,6,55,0,28,49,11,88,0,34,92,17,143,90,0,90,233
12/03/2020,HEF,VA,AEA,EN,Towers with Radar,0,16,36,1,53,0,26,107,12,145,0,42,143,13,198,153,2,155,353
12/04/2020,HEF,VA,AEA,EN,Towers with Radar,0,21,32,2,55,0,16,42,15,73,0,37,74,17,128,196,0,196,324
12/05/2020,HEF,VA,AEA,EN,Towers with Radar,0,7,5,2,14,0,9,24,0,33,0,16,29,2,47,26,0,26,73
12/06/2020,HEF,VA,AEA,EN,Towers with Radar,0,10,32,1,43,0,13,106,1,120,0,23,138,2,163,128,0,128,291
12/07/2020,HEF,VA,AEA,EN,Towers with Radar,0,14,16,1,31,0,22,62,9,93,0,36,78,10,124,172,0,172,296
12/08/2020,HEF,VA,AEA,EN,Towers with Radar,0,13,27,3,43,0,32,30,10,72,0,45,57,13,115,44,0,44,159
12/09/2020,HEF,VA,AEA,EN,Towers with Radar,0,19,30,2,51,0,34,66,16,116,0,53,96,18,167,170,0,170,337
12/10/2020,HEF,VA,AEA,EN,Towers with Radar,0,16,53,3,72,0,25,117,12,154,0,41,170,15,226,187,0,187,413
12/11/2020,HEF,VA,AEA,EN,Towers with Radar,0,16,42,4,62,0,28,116,10,154,0,44,158,14,216,144,0,144,360
12/12/2020,HEF,VA,AEA,EN,Towers with Radar,0,13,34,2,49,0,16,76,0,92,0,29,110,2,141,214,0,214,355
12/13/2020,HEF,VA,AEA,EN,Towers with Radar,0,11,36,0,47,0,30,96,0,126,0,41,132,0,173,184,0,184,357
12/14/2020,HEF,VA,AEA,EN,Towers with Radar,0,5,9,0,14,0,7,2,2,11,0,12,11,2,25,0,0,0,25
12/15/2020,HEF,VA,AEA,EN,Towers with Radar,0,20,41,0,61,0,28,99,11,138,0,48,140,11,199,155,0,155,354
12/16/2020,HEF,VA,AEA,EN,Towers with Radar,0,4,6,0,10,0,6,0,0,6,0,10,6,0,16,22,0,22,38
12/17/2020,HEF,VA,AEA,EN,Towers with Radar,0,13,31,4,48,0,19,26,10,55,0,32,57,14,103,118,0,118,221
12/18/2020,HEF,VA,AEA,EN,Towers with Radar,0,18,31,0,49,0,20,49,8,77,0,38,80,8,126,171,0,171,297
12/19/2020,HEF,VA,AEA,EN,Towers with Radar,0,11,30,0,41,0,31,113,0,144,0,42,143,0,185,214,0,214,399
12/20/2020,HEF,VA,AEA,EN,Towers with Radar,0,12,31,0,43,0,1,10,0,11,0,13,41,0,54,133,0,133,187
12/21/2020,HEF,VA,AEA,EN,Towers with Radar,0,7,34,0,41,0,15,18,1,34,0,22,52,1,75,139,0,139,214
12/22/2020,HEF,VA,AEA,EN,Towers with Radar,0,19,27,0,46,0,14,27,7,48,0,33,54,7,94,0,0,0,94
12/23/2020,HEF,VA,AEA,EN,Towers with Radar,0,15,38,0,53,0,36,105,1,142,0,51,143,1,195,126,0,126,321
12/24/2020,HEF,VA,AEA,EN,Towers with Radar,0,6,6,0,12,0,1,1,0,2,0,7,7,0,14,0,0,0,14
12/25/2020,HEF,VA,AEA,EN,Towers with Radar,0,4,8,1,13,0,2,4,0,6,0,6,12,1,19,0,0,0,19
12/26/2020,HEF,VA,AEA,EN,Towers with Radar,0,10,21,0,31,0,17,50,0,67,0,27,71,0,98,64,0,64,162
12/27/2020,HEF,VA,AEA,EN,Towers with Radar,0,19,45,2,66,0,29,105,0,134,0,48,150,2,200,148,0,148,348
12/28/2020,HEF,VA,AEA,EN,Towers with Radar,0,12,30,0,42,0,16,88,6,110,0,28,118,6,152,0,0,0,152
12/29/2020,HEF,VA,AEA,EN,Towers with Radar,0,12,26,0,38,0,12,62,7,81,0,24,88,7,119,130,0,130,249
12/30/2020,HEF,VA,AEA,EN,Towers with Radar,0,11,49,0,60,0,20,89,8,117,0,31,138,8,177,120,0,120,297
12/31/2020,HEF,VA,AEA,EN,Towers with Radar,0,5,17,0,22,0,3,36,6,45,0,8,53,6,67,23,0,23,90
01/01/2021,HEF,VA,AEA,EN,Towers with Radar,0,7,5,0,12,0,5,2,0,7,0,12,7,0,19,6,0,6,25
01/02/2021,HEF,VA,AEA,EN,Towers with Radar,0,13,50,0,63,0,18,79,0,97,0,31,129,0,160,110,0,110,270
01/03/2021,HEF,VA,AEA,EN,Towers with Radar,0,10,38,2,50,0,0,0,0,0,0,10,38,2,50,0,0,0,50
01/04/2021,HEF,VA,AEA,EN,Towers with Radar,0,9,33,0,42,0,21,61,10,92,0,30,94,10,134,222,0,222,356
01/05/2021,HEF,VA,AEA,EN,Towers with Radar,0,17,47,2,66,0,7,4,3,14,0,24,51,5,80,64,0,64,144
01/06/2021,HEF,VA,AEA,EN,Towers with Radar,0,16,53,2,71,0,25,56,9,90,0,41,109,11,161,76,0,76,237
01/07/2021,HEF,VA,AEA,EN,Towers with Radar,0,22,53,4,79,0,18,83,11,112,0,40,136,15,191,169,21,190,381
01/08/2021,HEF,VA,AEA,EN,Towers with Radar,0,17,19,4,40,0,20,52,7,79,0,37,71,11,119,122,0,122,241
01/09/2021,HEF,VA,AEA,EN,Towers with Radar,0,8,35,2,45,0,27,96,0,123,0,35,131,2,168,132,0,132,300
01/10/2021,HEF,VA,AEA,EN,Towers with Radar,0,7,34,0,41,0,23,127,2,152,0,30,161,2,193,161,0,161,354
01/11/2021,HEF,VA,AEA,EN,Towers with Radar,0,20,17,2,39,0,12,51,7,70,0,32,68,9,109,119,0,119,228
01/12/2021,HEF,VA,AEA,EN,Towers with Radar,0,10,20,3,33,0,24,60,5,89,0,34,80,8,122,107,0,107,229
01/13/2021,HEF,VA,AEA,EN,Towers with Radar,0,19,26,9,54,0,28,57,17,102,0,47,83,26,156,39,8,47,203
01/14/2021,HEF,VA,AEA,EN,Towers with Radar,0,14,28,7,49,0,20,82,11,113,0,34,110,18,162,67,0,67,229
01/15/2021,HEF,VA,AEA,EN,Towers with Radar,0,13,32,3,48,0,23,55,10,88,0,36,87,13,136,174,0,174,310
01/16/2021,HEF,VA,AEA,EN,Towers with Radar,0,12,22,0,34,0,27,65,11,103,0,39,87,11,137,168,0,168,305
01/17/2021,HEF,VA,AEA,EN,Towers with Radar,0,7,28,3,38,0,20,91,11,122,0,27,119,14,160,98,0,98,258
01/18/2021,HEF,VA,AEA,EN,Towers with Radar,0,8,26,1,35,0,24,73,15,112,0,32,99,16,147,62,0,62,209
01/19/2021,HEF,VA,AEA,EN,Towers with Radar,0,5,18,7,30,0,13,51,18,82,0,18,69,25,112,52,0,52,164
01/20/2021,HEF,VA,AEA,EN,Towers with Radar,0,15,17,1,33,0,6,12,19,37,0,21,29,20,70,0,0,0,70
01/21/2021,HEF,VA,AEA,EN,Towers with Radar,0,14,30,1,45,0,30,77,8,115,0,44,107,9,160,52,6,58,218
01/22/2021,HEF,VA,AEA,EN,Towers with Radar,0,14,23,1,38,0,21,82,4,107,0,35,105,5,145,74,0,74,219
01/23/2021,HEF,VA,AEA,EN,Towers with Radar,0,15,21,0,36,0,17,41,0,58,0,32,62,0,94,25,0,25,119
01/24/2021,HEF,VA,AEA,EN,Towers with Radar,0,8,32,0,40,0,34,124,0,158,0,42,156,0,198,254,0,254,452
01/25/2021,HEF,VA,AEA,EN,Towers with Radar,0,6,8,0,14,0,3,23,5,31,0,9,31,5,45,84,0,84,129
01/26/2021,HEF,VA,AEA,EN,Towers with Radar,0,6,7,0,13,0,0,0,0,0,0,6,7,0,13,0,0,0,13
01/27/2021,HEF,VA,AEA,EN,Towers with Radar,0,9,25,2,36,0,15,53,10,78,0,24,78,12,114,100,0,100,214
01/28/2021,HEF,VA,AEA,EN,Towers with Radar,0,4,18,2,24,0,5,11,7,23,0,9,29,9,47,0,0,0,47
01/29/2021,HEF,VA,AEA,EN,Towers with Radar,0,11,13,0,24,0,15,20,4,39,0,26,33,4,63,19,0,19,82
01/30/2021,HEF,VA,AEA,EN,Towers with Radar,0,14,29,0,43,0,39,143,0,182,0,53,172,0,225,167,0,167,392
01/31/2021,HEF,VA,AEA,EN,Towers with Radar,0,0,0,0,0,0,0,0,0,0,0,0,0,0,0,0,0,0,0
02/01/2021,HEF,VA,AEA,EN,Towers with Radar,0,1,0,0,1,0,0,0,0,0,0,1,0,0,1,0,0,0,1
02/02/2021,HEF,VA,AEA,EN,Towers with Radar,0,8,4,0,12,0,3,3,4,10,0,11,7,4,22,0,0,0,22
02/03/2021,HEF,VA,AEA,EN,Towers with Radar,0,14,15,3,32,0,6,1,7,14,0,20,16,10,46,10,0,10,56
02/04/2021,HEF,VA,AEA,EN,Towers with Radar,0,23,28,1,52,0,31,95,8,134,0,54,123,9,186,130,0,130,316
02/05/2021,HEF,VA,AEA,EN,Towers with Radar,0,18,24,2,44,0,12,66,8,86,0,30,90,10,130,131,0,131,261
02/06/2021,HEF,VA,AEA,EN,Towers with Radar,0,13,25,3,41,0,31,138,1,170,0,44,163,4,211,207,0,207,418
02/07/2021,HEF,VA,AEA,EN,Towers with Radar,0,3,13,0,16,0,2,4,0,6,0,5,17,0,22,12,0,12,34
02/08/2021,HEF,VA,AEA,EN,Towers with Radar,0,20,33,6,59,0,22,76,6,104,0,42,109,12,163,76,0,76,239
02/09/2021,HEF,VA,AEA,EN,Towers with Radar,0,10,15,4,29,0,28,74,9,111,0,38,89,13,140,205,0,205,345
02/10/2021,HEF,VA,AEA,EN,Towers with Radar,0,9,31,2,42,0,19,49,8,76,0,28,80,10,118,69,0,69,187
02/11/2021,HEF,VA,AEA,EN,Towers with Radar,0,10,6,0,16,0,0,0,0,0,0,10,6,0,16,0,0,0,16
02/12/2021,HEF,VA,AEA,EN,Towers with Radar,0,12,15,0,27,0,0,7,6,13,0,12,22,6,40,12,0,12,52
02/13/2021,HEF,VA,AEA,EN,Towers with Radar,0,10,2,0,12,0,0,0,0,0,0,10,2,0,12,0,0,0,12
02/14/2021,HEF,VA,AEA,EN,Towers with Radar,0,9,14,0,23,0,0,3,0,3,0,9,17,0,26,20,0,20,46
02/15/2021,HEF,VA,AEA,EN,Towers with Radar,0,6,17,0,23,0,2,2,0,4,0,8,19,0,27,58,0,58,85
02/16/2021,HEF,VA,AEA,EN,Towers with Radar,0,15,11,2,28,0,0,5,1,6,0,15,16,3,34,34,2,36,70
02/17/2021,HEF,VA,AEA,EN,Towers with Radar,0,32,37,6,75,0,40,119,6,165,0,72,156,12,240,156,0,156,396
02/18/2021,HEF,VA,AEA,EN,Towers with Radar,0,4,4,0,8,0,0,0,0,0,0,4,4,0,8,0,0,0,8
02/19/2021,HEF,VA,AEA,EN,Towers with Radar,0,13,12,0,25,0,3,4,0,7,0,16,16,0,32,34,0,34,66
02/20/2021,HEF,VA,AEA,EN,Towers with Radar,0,12,19,4,35,0,13,40,0,53,0,25,59,4,88,14,0,14,102
02/21/2021,HEF,VA,AEA,EN,Towers with Radar,0,10,35,0,45,0,22,165,2,189,0,32,200,2,234,124,0,124,358
02/22/2021,HEF,VA,AEA,EN,Towers with Radar,0,3,15,2,20,0,0,2,0,2,0,3,17,2,22,4,0,4,26
02/23/2021,HEF,VA,AEA,EN,Towers with Radar,0,7,23,2,32,0,5,22,8,35,0,12,45,10,67,101,0,101,168
02/24/2021,HEF,VA,AEA,EN,Towers with Radar,0,25,55,2,82,0,32,102,7,141,0,57,157,9,223,210,0,210,433
02/25/2021,HEF,VA,AEA,EN,Towers with Radar,0,30,31,4,65,0,31,108,9,148,0,61,139,13,213,166,0,166,379
02/26/2021,HEF,VA,AEA,EN,Towers with Radar,0,13,39,4,56,0,35,88,7,130,0,48,127,11,186,309,0,309,495
02/27/2021,HEF,VA,AEA,EN,Towers with Radar,0,13,24,3,40,0,20,27,0,47,0,33,51,3,87,172,0,172,259
02/28/2021,HEF,VA,AEA,EN,Towers with Radar,0,12,11,0,23,0,0,0,0,0,0,12,11,0,23,0,0,0,23
03/01/2021,HEF,VA,AEA,EN,Towers with Radar,0,6,19,3,28,0,3,6,8,17,0,9,25,11,45,0,14,14,59
03/02/2021,HEF,VA,AEA,EN,Towers with Radar,0,15,18,4,37,0,31,87,9,127,0,46,105,13,164,144,0,144,308
03/03/2021,HEF,VA,AEA,EN,Towers with Radar,0,16,36,4,56,0,33,94,10,137,0,49,130,14,193,184,0,184,377
03/04/2021,HEF,VA,AEA,EN,Towers with Radar,0,19,28,3,50,0,23,53,10,86,0,42,81,13,136,90,3,93,229
03/05/2021,HEF,VA,AEA,EN,Towers with Radar,0,16,42,6,64,0,26,57,6,89,0,42,99,12,153,77,0,77,230
03/06/2021,HEF,VA,AEA,EN,Towers with Radar,1,9,22,2,34,0,43,91,0,134,1,52,113,2,168,119,0,119,287
03/07/2021,HEF,VA,AEA,EN,Towers with Radar,0,8,45,1,54,0,23,142,0,165,0,31,187,1,219,186,0,186,405
03/08/2021,HEF,VA,AEA,EN,Towers with Radar,0,16,31,4,51,0,23,93,8,124,0,39,124,12,175,147,4,151,326
03/09/2021,HEF,VA,AEA,EN,Towers with Radar,0,13,22,1,36,0,32,86,7,125,0,45,108,8,161,270,0,270,431
03/10/2021,HEF,VA,AEA,EN,Towers with Radar,0,17,18,2,37,0,21,107,12,140,0,38,125,14,177,307,0,307,484
03/11/2021,HEF,VA,AEA,EN,Towers with Radar,0,18,30,0,48,0,22,78,6,106,0,40,108,6,154,158,0,158,312
03/12/2021,HEF,VA,AEA,EN,Towers with Radar,0,11,23,1,35,0,31,73,3,107,0,42,96,4,142,283,0,283,425
03/13/2021,HEF,VA,AEA,EN,Towers with Radar,0,18,30,3,51,0,42,135,2,179,0,60,165,5,230,238,0,238,468
03/14/2021,HEF,VA,AEA,EN,Towers with Radar,0,10,44,2,56,0,11,51,0,62,0,21,95,2,118,109,0,109,227
03/15/2021,HEF,VA,AEA,EN,Towers with Radar,0,13,36,1,50,0,10,71,8,89,0,23,107,9,139,160,0,160,299
03/16/2021,HEF,VA,AEA,EN,Towers with Radar,0,14,26,1,41,0,5,11,9,25,0,19,37,10,66,62,0,62,128
03/17/2021,HEF,VA,AEA,EN,Towers with Radar,0,9,41,4,54,0,4,9,3,16,0,13,50,7,70,224,0,224,294
03/18/2021,HEF,VA,AEA,EN,Towers with Radar,0,12,14,2,28,0,0,0,0,0,0,12,14,2,28,0,0,0,28
03/19/2021,HEF,VA,AEA,EN,Towers with Radar,0,17,39,3,59,0,8,28,11,47,0,25,67,14,106,3,0,3,109
03/20/2021,HEF,VA,AEA,EN,Towers with Radar,0,14,37,0,51,0,50,202,0,252,0,64,239,0,303,180,0,180,483
03/21/2021,HEF,VA,AEA,EN,Towers with Radar,0,10,30,1,41,0,31,182,0,213,0,41,212,1,254,150,0,150,404
03/22/2021,HEF,VA,AEA,EN,Towers with Radar,0,15,40,2,57,0,25,88,9,122,0,40,128,11,179,183,0,183,362
03/23/2021,HEF,VA,AEA,EN,Towers with Radar,0,16,41,2,59,0,24,65,11,100,0,40,106,13,159,270,0,270,429
03/24/2021,HEF,VA,AEA,EN,Towers with Radar,0,19,30,2,51,0,0,0,0,0,0,19,30,2,51,0,0,0,51
03/25/2021,HEF,VA,AEA,EN,Towers with Radar,0,18,39,2,59,0,0,5,3,8,0,18,44,5,67,56,0,56,123
03/26/2021,HEF,VA,AEA,EN,Towers with Radar,0,8,37,4,49,0,3,10,4,17,0,11,47,8,66,16,0,16,82
03/27/2021,HEF,VA,AEA,EN,Towers with Radar,0,21,46,5,72,0,51,176,0,227,0,72,222,5,299,249,0,249,548
03/28/2021,HEF,VA,AEA,EN,Towers with Radar,0,20,16,0,36,0,0,2,0,2,0,20,18,0,38,0,0,0,38
03/29/2021,HEF,VA,AEA,EN,Towers with Radar,0,10,41,4,55,0,24,84,8,116,0,34,125,12,171,95,0,95,266
03/30/2021,HEF,VA,AEA,EN,Towers with Radar,0,23,40,5,68,0,42,110,6,158,0,65,150,11,226,175,0,175,401
03/31/2021,HEF,VA,AEA,EN,Towers with Radar,0,13,19,4,36,0,0,2,2,4,0,13,21,6,40,24,0,24,64
04/01/2021,HEF,VA,AEA,EN,Towers with Radar,0,11,32,6,49,0,7,27,6,40,0,18,59,12,89,74,0,74,163
04/02/2021,HEF,VA,AEA,EN,Towers with Radar,0,14,30,3,47,0,8,31,5,44,0,22,61,8,91,35,0,35,126
04/03/2021,HEF,VA,AEA,EN,Towers with Radar,0,22,40,0,62,0,35,146,0,181,0,57,186,0,243,203,0,203,446
04/04/2021,HEF,VA,AEA,EN,Towers with Radar,0,16,17,0,33,0,14,87,0,101,0,30,104,0,134,135,0,135,269
04/05/2021,HEF,VA,AEA,EN,Towers with Radar,0,24,32,4,60,0,38,106,6,150,0,62,138,10,210,175,2,177,387
04/06/2021,HEF,VA,AEA,EN,Towers with Radar,0,21,40,3,64,0,25,96,8,129,0,46,136,11,193,216,0,216,409
04/07/2021,HEF,VA,AEA,EN,Towers with Radar,0,24,33,4,61,0,34,106,5,145,0,58,139,9,206,160,0,160,366
04/08/2021,HEF,VA,AEA,EN,Towers with Radar,0,19,30,0,49,0,24,58,6,88,0,43,88,6,137,212,0,212,349
04/09/2021,HEF,VA,AEA,EN,Towers with Radar,0,24,41,2,67,0,0,2,0,2,0,24,43,2,69,20,0,20,89
04/10/2021,HEF,VA,AEA,EN,Towers with Radar,0,18,36,0,54,0,3,25,1,29,0,21,61,1,83,140,0,140,223
04/11/2021,HEF,VA,AEA,EN,Towers with Radar,0,12,37,0,49,0,11,89,0,100,0,23,126,0,149,207,0,207,356
04/12/2021,HEF,VA,AEA,EN,Towers with Radar,0,18,51,2,71,0,34,42,3,79,0,52,93,5,150,166,0,166,316
04/13/2021,HEF,VA,AEA,EN,Towers with Radar,0,22,38,2,62,0,24,47,1,72,0,46,85,3,134,186,0,186,320
04/14/2021,HEF,VA,AEA,EN,Towers with Radar,0,14,34,6,54,0,10,21,5,36,0,24,55,11,90,110,1,111,201
04/15/2021,HEF,VA,AEA,EN,Towers with Radar,0,14,26,4,44,0,33,56,7,96,0,47,82,11,140,163,0,163,303
04/16/2021,HEF,VA,AEA,EN,Towers with Radar,0,26,44,5,75,0,18,65,10,93,0,44,109,15,168,195,1,196,364
04/17/2021,HEF,VA,AEA,EN,Towers with Radar,0,13,33,4,50,0,47,119,0,166,0,60,152,4,216,311,0,311,527
04/18/2021,HEF,VA,AEA,EN,Towers with Radar,0,13,32,4,49,0,21,121,2,144,0,34,153,6,193,305,0,305,498
04/19/2021,HEF,VA,AEA,EN,Towers with Radar,0,16,26,7,49,0,18,51,8,77,0,34,77,15,126,197,0,197,323
04/20/2021,HEF,VA,AEA,EN,Towers with Radar,0,15,17,7,39,0,27,90,5,122,0,42,107,12,161,180,0,180,341
04/21/2021,HEF,VA,AEA,EN,Towers with Radar,0,17,24,4,45,0,2,13,9,24,0,19,37,13,69,30,0,30,99
04/22/2021,HEF,VA,AEA,EN,Towers with Radar,0,9,22,4,35,0,7,28,13,48,0,16,50,17,83,36,0,36,119
04/23/2021,HEF,VA,AEA,EN,Towers with Radar,0,19,45,5,69,0,32,121,5,158,0,51,166,10,227,154,0,154,381
04/24/2021,HEF,VA,AEA,EN,Towers with Radar,0,9,29,0,38,0,29,115,2,146,0,38,144,2,184,230,0,230,414
04/25/2021,HEF,VA,AEA,EN,Towers with Radar,0,9,27,0,36,0,10,30,0,40,0,19,57,0,76,64,0,64,140
04/26/2021,HEF,VA,AEA,EN,Towers with Radar,0,11,32,2,45,0,35,86,11,132,0,46,118,13,177,184,0,184,361
04/27/2021,HEF,VA,AEA,EN,Towers with Radar,0,16,39,2,57,0,28,121,12,161,0,44,160,14,218,261,2,263,481
04/28/2021,HEF,VA,AEA,EN,Towers with Radar,0,18,37,4,59,0,30,102,14,146,0,48,139,18,205,237,0,237,442
04/29/2021,HEF,VA,AEA,EN,Towers with Radar,0,14,20,3,37,0,11,42,5,58,0,25,62,8,95,130,0,130,225
04/30/2021,HEF,VA,AEA,EN,Towers with Radar,0,14,29,1,44,0,1,6,4,11,0,15,35,5,55,6,0,6,61
05/01/2021,HEF,VA,AEA,EN,Towers with Radar,0,12,23,7,42,0,31,117,0,148,0,43,140,7,190,122,0,122,312
05/02/2021,HEF,VA,AEA,EN,Towers with Radar,0,11,26,0,37,0,14,88,0,102,0,25,114,0,139,170,0,170,309
05/03/2021,HEF,VA,AEA,EN,Towers with Radar,0,21,28,0,49,0,6,12,9,27,0,27,40,9,76,86,0,86,162
05/04/2021,HEF,VA,AEA,EN,Towers with Radar,0,17,29,0,46,0,36,77,10,123,0,53,106,10,169,179,0,179,348
05/05/2021,HEF,VA,AEA,EN,Towers with Radar,0,20,24,2,46,0,12,18,5,35,0,32,42,7,81,22,0,22,103
05/06/2021,HEF,VA,AEA,EN,Towers with Radar,0,8,55,6,69,0,45,111,9,165,0,53,166,15,234,226,0,226,460
05/07/2021,HEF,VA,AEA,EN,Towers with Radar,0,14,47,2,63,0,21,58,8,87,0,35,105,10,150,148,0,148,298
05/08/2021,HEF,VA,AEA,EN,Towers with Radar,0,16,48,0,64,0,21,79,0,100,0,37,127,0,164,136,0,136,300
05/09/2021,HEF,VA,AEA,EN,Towers with Radar,0,13,40,0,53,0,12,45,0,57,0,25,85,0,110,72,0,72,182
05/10/2021,HEF,VA,AEA,EN,Towers with Radar,0,5,24,1,30,0,27,70,7,104,0,32,94,8,134,126,0,126,260
05/11/2021,HEF,VA,AEA,EN,Towers with Radar,0,12,36,0,48,0,35,94,8,137,0,47,130,8,185,177,0,177,362
05/12/2021,HEF,VA,AEA,EN,Towers with Radar,0,17,41,0,58,0,31,86,6,123,0,48,127,6,181,221,0,221,402
05/13/2021,HEF,VA,AEA,EN,Towers with Radar,0,13,33,4,50,0,32,98,14,144,0,45,131,18,194,184,0,184,378
05/14/2021,HEF,VA,AEA,EN,Towers with Radar,0,18,33,0,51,0,37,109,11,157,0,55,142,11,208,164,0,164,372
05/15/2021,HEF,VA,AEA,EN,Towers with Radar,0,12,46,0,58,0,38,158,2,198,0,50,204,2,256,224,0,224,480
05/16/2021,HEF,VA,AEA,EN,Towers with Radar,0,16,38,0,54,0,20,83,0,103,0,36,121,0,157,126,0,126,283
05/17/2021,HEF,VA,AEA,EN,Towers with Radar,0,11,22,3,36,0,32,80,6,118,0,43,102,9,154,176,2,178,332
05/18/2021,HEF,VA,AEA,EN,Towers with Radar,0,16,28,4,48,0,25,80,8,113,0,41,108,12,161,354,0,354,515
05/19/2021,HEF,VA,AEA,EN,Towers with Radar,0,15,47,5,67,0,44,120,4,168,0,59,167,9,235,247,0,247,482
05/20/2021,HEF,VA,AEA,EN,Towers with Radar,0,14,50,6,70,0,40,109,12,161,0,54,159,18,231,182,0,182,413
05/21/2021,HEF,VA,AEA,EN,Towers with Radar,0,21,65,4,90,0,34,123,0,157,0,55,188,4,247,230,0,230,477
05/22/2021,HEF,VA,AEA,EN,Towers with Radar,0,13,27,0,40,0,28,126,3,157,0,41,153,3,197,131,0,131,328
05/23/2021,HEF,VA,AEA,EN,Towers with Radar,0,11,43,0,54,0,17,102,0,119,0,28,145,0,173,107,0,107,280
05/24/2021,HEF,VA,AEA,EN,Towers with Radar,0,10,35,1,46,0,3,5,2,10,0,13,40,3,56,26,0,26,82
05/25/2021,HEF,VA,AEA,EN,Towers with Radar,0,13,49,10,72,0,14,54,13,81,0,27,103,23,153,152,0,152,305
05/26/2021,HEF,VA,AEA,EN,Towers with Radar,0,22,36,2,60,0,23,75,6,104,0,45,111,8,164,74,0,74,238
05/27/2021,HEF,VA,AEA,EN,Towers with Radar,0,23,40,4,67,0,34,106,9,149,0,57,146,13,216,168,6,174,390
05/28/2021,HEF,VA,AEA,EN,Towers with Radar,0,17,40,1,58,0,13,19,6,38,0,30,59,7,96,192,0,192,288
05/29/2021,HEF,VA,AEA,EN,Towers with Radar,0,14,34,0,48,0,0,3,0,3,0,14,37,0,51,2,0,2,53
05/30/2021,HEF,VA,AEA,EN,Towers with Radar,0,6,28,0,34,0,11,11,0,22,0,17,39,0,56,60,0,60,116
05/31/2021,HEF,VA,AEA,EN,Towers with Radar,0,14,55,0,69,0,30,143,0,173,0,44,198,0,242,108,0,108,350
06/01/2021,HEF,VA,AEA,EN,Towers with Radar,0,22,36,0,58,0,38,97,12,147,0,60,133,12,205,197,0,197,402
06/02/2021,HEF,VA,AEA,EN,Towers with Radar,0,18,47,4,69,0,33,97,13,143,0,51,144,17,212,180,0,180,392
06/03/2021,HEF,VA,AEA,EN,Towers with Radar,0,12,24,2,38,0,6,8,5,19,0,18,32,7,57,80,0,80,137
06/04/2021,HEF,VA,AEA,EN,Towers with Radar,0,22,35,3,60,0,23,55,9,87,0,45,90,12,147,139,0,139,286
06/05/2021,HEF,VA,AEA,EN,Towers with Radar,0,10,37,2,49,0,36,128,0,164,0,46,165,2,213,227,0,227,440
06/06/2021,HEF,VA,AEA,EN,Towers with Radar,0,12,37,0,49,0,31,157,0,188,0,43,194,0,237,199,0,199,436
06/07/2021,HEF,VA,AEA,EN,Towers with Radar,0,7,37,2,46,0,29,67,12,108,0,36,104,14,154,118,0,118,272
06/08/2021,HEF,VA,AEA,EN,Towers with Radar,0,18,39,4,61,0,26,67,8,101,0,44,106,12,162,152,0,152,314
06/09/2021,HEF,VA,AEA,EN,Towers with Radar,0,23,41,1,65,0,26,76,8,110,0,49,117,9,175,125,2,127,302
06/10/2021,HEF,VA,AEA,EN,Towers with Radar,0,18,32,0,50,0,14,79,5,98,0,32,111,5,148,267,0,267,415
06/11/2021,HEF,VA,AEA,EN,Towers with Radar,0,12,37,1,50,0,0,0,0,0,0,12,37,1,50,0,0,0,50
06/12/2021,HEF,VA,AEA,EN,Towers with Radar,0,21,53,2,76,0,4,43,1,48,0,25,96,3,124,290,0,290,414
06/13/2021,HEF,VA,AEA,EN,Towers with Radar,0,19,44,0,63,0,17,65,1,83,0,36,109,1,146,195,0,195,341
06/14/2021,HEF,VA,AEA,EN,Towers with Radar,0,13,31,4,48,0,25,62,7,94,0,38,93,11,142,147,0,147,289
06/15/2021,HEF,VA,AEA,EN,Towers with Radar,0,14,57,4,75,0,34,90,8,132,0,48,147,12,207,167,0,167,374
06/16/2021,HEF,VA,AEA,EN,Towers with Radar,0,15,43,3,61,0,38,140,13,191,0,53,183,16,252,170,0,170,422
06/17/2021,HEF,VA,AEA,EN,Towers with Radar,0,16,45,3,64,0,37,122,11,170,0,53,167,14,234,332,10,342,576
06/18/2021,HEF,VA,AEA,EN,Towers with Radar,0,16,58,2,76,0,38,128,0,166,0,54,186,2,242,241,0,241,483
06/19/2021,HEF,VA,AEA,EN,Towers with Radar,0,12,29,0,41,0,32,90,0,122,0,44,119,0,163,141,0,141,304
06/20/2021,HEF,VA,AEA,EN,Towers with Radar,0,10,44,3,57,0,26,97,2,125,0,36,141,5,182,242,0,242,424
06/21/2021,HEF,VA,AEA,EN,Towers with Radar,0,4,33,2,39,0,14,58,7,79,0,18,91,9,118,83,0,83,201
06/22/2021,HEF,VA,AEA,EN,Towers with Radar,0,13,24,3,40,0,8,24,15,47,0,21,48,18,87,65,0,65,152
06/23/2021,HEF,VA,AEA,EN,Towers with Radar,0,14,49,10,73,0,36,139,19,194,0,50,188,29,267,201,0,201,468
06/24/2021,HEF,VA,AEA,EN,Towers with Radar,0,12,35,0,47,0,41,117,10,168,0,53,152,10,215,161,0,161,376
06/25/2021,HEF,VA,AEA,EN,Towers with Radar,0,13,35,8,56,0,32,121,4,157,0,45,156,12,213,211,0,211,424
06/26/2021,HEF,VA,AEA,EN,Towers with Radar,0,10,40,2,52,0,31,49,0,80,0,41,89,2,132,210,0,210,342
06/27/2021,HEF,VA,AEA,EN,Towers with Radar,0,13,48,2,63,0,28,75,0,103,0,41,123,2,166,134,0,134,300
06/28/2021,HEF,VA,AEA,EN,Towers with Radar,0,4,39,4,47,0,31,95,6,132,0,35,134,10,179,68,0,68,247
06/29/2021,HEF,VA,AEA,EN,Towers with Radar,0,20,28,4,52,0,32,65,7,104,0,52,93,11,156,177,0,177,333
06/30/2021,HEF,VA,AEA,EN,Towers with Radar,0,17,47,2,66,0,27,67,11,105,0,44,114,13,171,208,0,208,379
07/01/2021,HEF,VA,AEA,EN,Towers with Radar,0,7,49,4,60,0,6,29,8,43,0,13,78,12,103,98,0,98,201
07/02/2021,HEF,VA,AEA,EN,Towers with Radar,0,16,56,1,73,0,28,30,5,63,0,44,86,6,136,206,0,206,342
07/03/2021,HEF,VA,AEA,EN,Towers with Radar,0,16,34,0,50,0,30,78,0,108,0,46,112,0,158,102,0,102,260
07/04/2021,HEF,VA,AEA,EN,Towers with Radar,0,11,15,0,26,0,10,52,1,63,0,21,67,1,89,24,0,24,113
07/05/2021,HEF,VA,AEA,EN,Towers with Radar,0,11,42,1,54,0,42,109,0,151,0,53,151,1,205,49,0,49,254
07/06/2021,HEF,VA,AEA,EN,Towers with Radar,0,8,32,3,43,0,39,77,7,123,0,47,109,10,166,46,0,46,212
07/07/2021,HEF,VA,AEA,EN,Towers with Radar,0,16,29,2,47,0,26,70,6,102,0,42,99,8,149,186,0,186,335
07/08/2021,HEF,VA,AEA,EN,Towers with Radar,0,15,24,0,39,0,12,42,5,59,0,27,66,5,98,116,0,116,214
07/09/2021,HEF,VA,AEA,EN,Towers with Radar,0,20,20,10,50,0,33,70,6,109,0,53,90,16,159,78,0,78,237
07/10/2021,HEF,VA,AEA,EN,Towers with Radar,0,16,41,0,57,0,31,178,0,209,0,47,219,0,266,244,0,244,510
07/11/2021,HEF,VA,AEA,EN,Towers with Radar,0,13,50,0,63,0,17,22,0,39,0,30,72,0,102,221,0,221,323
07/12/2021,HEF,VA,AEA,EN,Towers with Radar,0,15,45,4,64,0,29,51,7,87,0,44,96,11,151,117,0,117,268
07/13/2021,HEF,VA,AEA,EN,Towers with Radar,0,17,45,4,66,0,37,75,4,116,0,54,120,8,182,94,0,94,276
07/14/2021,HEF,VA,AEA,EN,Towers with Radar,0,13,32,4,49,0,26,71,2,99,0,39,103,6,148,97,0,97,245
07/15/2021,HEF,VA,AEA,EN,Towers with Radar,0,21,40,7,68,0,37,102,11,150,0,58,142,18,218,214,0,214,432
07/16/2021,HEF,VA,AEA,EN,Towers with Radar,0,12,50,0,62,0,26,102,6,134,0,38,152,6,196,206,0,206,402
07/17/2021,HEF,VA,AEA,EN,Towers with Radar,0,11,36,0,47,0,27,69,0,96,0,38,105,0,143,197,0,197,340
07/18/2021,HEF,VA,AEA,EN,Towers with Radar,0,18,49,0,67,0,19,90,0,109,0,37,139,0,176,117,0,117,293
07/19/2021,HEF,VA,AEA,EN,Towers with Radar,0,18,41,6,65,0,36,96,7,139,0,54,137,13,204,186,0,186,390
07/20/2021,HEF,VA,AEA,EN,Towers with Radar,0,16,44,5,65,0,30,88,7,125,0,46,132,12,190,222,0,222,412
07/21/2021,HEF,VA,AEA,EN,Towers with Radar,0,19,50,0,69,0,24,54,11,89,0,43,104,11,158,232,0,232,390
07/22/2021,HEF,VA,AEA,EN,Towers with Radar,0,16,46,1,63,0,17,97,3,117,0,33,143,4,180,290,0,290,470
07/23/2021,HEF,VA,AEA,EN,Towers with Radar,0,15,57,4,76,0,41,117,4,162,0,56,174,8,238,184,0,184,422
07/24/2021,HEF,VA,AEA,EN,Towers with Radar,0,15,29,0,44,0,36,106,0,142,0,51,135,0,186,281,0,281,467
07/25/2021,HEF,VA,AEA,EN,Towers with Radar,0,17,42,0,59,0,26,82,0,108,0,43,124,0,167,141,0,141,308
07/26/2021,HEF,VA,AEA,EN,Towers with Radar,0,13,30,4,47,0,22,40,5,67,0,35,70,9,114,174,0,174,288
07/27/2021,HEF,VA,AEA,EN,Towers with Radar,0,16,37,2,55,0,26,64,8,98,0,42,101,10,153,181,0,181,334
07/28/2021,HEF,VA,AEA,EN,Towers with Radar,0,12,40,2,54,0,31,67,6,104,0,43,107,8,158,200,0,200,358
07/29/2021,HEF,VA,AEA,EN,Towers with Radar,0,15,30,1,46,0,10,43,8,61,0,25,73,9,107,146,0,146,253
07/30/2021,HEF,VA,AEA,EN,Towers with Radar,0,14,43,0,57,0,36,69,5,110,0,50,112,5,167,152,0,152,319
07/31/2021,HEF,VA,AEA,EN,Towers with Radar,0,14,34,0,48,0,15,118,0,133,0,29,152,0,181,214,0,214,395
08/01/2021,HEF,VA,AEA,EN,Towers with Radar,0,10,29,0,39,0,8,15,0,23,0,18,44,0,62,68,0,68,130
08/02/2021,HEF,VA,AEA,EN,Towers with Radar,0,6,47,2,55,0,40,74,5,119,0,46,121,7,174,128,0,128,302
08/03/2021,HEF,VA,AEA,EN,Towers with Radar,0,12,29,3,44,0,29,67,4,100,0,41,96,7,144,206,0,206,350
08/04/2021,HEF,VA,AEA,EN,Towers with Radar,0,17,44,4,65,0,36,59,2,97,0,53,103,6,162,136,0,136,298
08/05/2021,HEF,VA,AEA,EN,Towers with Radar,0,26,42,4,72,0,36,92,4,132,0,62,134,8,204,132,0,132,336
08/06/2021,HEF,VA,AEA,EN,Towers with Radar,0,15,42,2,59,0,42,82,7,131,0,57,124,9,190,111,0,111,301
08/07/2021,HEF,VA,AEA,EN,Towers with Radar,0,24,34,2,60,0,25,37,0,62,0,49,71,2,122,105,0,105,227
08/08/2021,HEF,VA,AEA,EN,Towers with Radar,0,25,23,0,48,0,21,121,0,142,0,46,144,0,190,159,0,159,349
08/09/2021,HEF,VA,AEA,EN,Towers with Radar,0,13,34,3,50,0,27,67,6,100,0,40,101,9,150,254,0,254,404
08/10/2021,HEF,VA,AEA,EN,Towers with Radar,0,8,24,2,34,0,19,34,4,57,0,27,58,6,91,150,0,150,241
08/11/2021,HEF,VA,AEA,EN,Towers with Radar,0,22,28,1,51,0,15,59,7,81,0,37,87,8,132,162,0,162,294
08/12/2021,HEF,VA,AEA,EN,Towers with Radar,0,21,38,1,60,0,28,72,3,103,0,49,110,4,163,148,0,148,311
08/13/2021,HEF,VA,AEA,EN,Towers with Radar,0,20,38,4,62,0,21,66,5,92,0,41,104,9,154,120,0,120,274
08/14/2021,HEF,VA,AEA,EN,Towers with Radar,0,9,36,2,47,0,23,85,0,108,0,32,121,2,155,337,0,337,492
08/15/2021,HEF,VA,AEA,EN,Towers with Radar,0,16,37,2,55,0,20,51,1,72,0,36,88,3,127,361,0,361,488
08/16/2021,HEF,VA,AEA,EN,Towers with Radar,0,4,28,3,35,0,3,4,5,12,0,7,32,8,47,60,0,60,107
08/17/2021,HEF,VA,AEA,EN,Towers with Radar,0,16,16,0,32,0,10,19,1,30,0,26,35,1,62,145,0,145,207
08/18/2021,HEF,VA,AEA,EN,Towers with Radar,0,19,36,2,57,0,6,8,5,19,0,25,44,7,76,56,0,56,132
08/19/2021,HEF,VA,AEA,EN,Towers with Radar,0,21,32,2,55,0,31,72,7,110,0,52,104,9,165,88,0,88,253
08/20/2021,HEF,VA,AEA,EN,Towers with Radar,0,18,40,2,60,0,13,24,4,41,0,31,64,6,101,170,0,170,271
08/21/2021,HEF,VA,AEA,EN,Towers with Radar,0,18,36,0,54,0,37,113,0,150,0,55,149,0,204,178,0,178,382
08/22/2021,HEF,VA,AEA,EN,Towers with Radar,0,19,31,0,50,0,24,95,0,119,0,43,126,0,169,214,0,214,383
08/23/2021,HEF,VA,AEA,EN,Towers with Radar,0,15,32,4,51,0,26,78,5,109,0,41,110,9,160,99,4,103,263
08/24/2021,HEF,VA,AEA,EN,Towers with Radar,0,16,46,8,70,0,29,103,4,136,0,45,149,12,206,156,0,156,362
08/25/2021,HEF,VA,AEA,EN,Towers with Radar,0,17,40,1,58,0,30,80,9,119,0,47,120,10,177,174,0,174,351
08/26/2021,HEF,VA,AEA,EN,Towers with Radar,0,11,52,0,63,0,24,74,3,101,0,35,126,3,164,128,0,128,292
08/27/2021,HEF,VA,AEA,EN,Towers with Radar,0,11,90,5,106,0,33,121,10,164,0,44,211,15,270,82,0,82,352
08/28/2021,HEF,VA,AEA,EN,Towers with Radar,0,13,58,0,71,0,28,111,0,139,0,41,169,0,210,167,0,167,377
08/29/2021,HEF,VA,AEA,EN,Towers with Radar,0,11,34,0,45,0,7,23,0,30,0,18,57,0,75,177,0,177,252
08/30/2021,HEF,VA,AEA,EN,Towers with Radar,0,7,30,0,37,0,11,48,11,70,0,18,78,11,107,130,0,130,237
08/31/2021,HEF,VA,AEA,EN,Towers with Radar,0,12,38,0,50,0,42,69,9,120,0,54,107,9,170,167,0,167,337
09/01/2021,HEF,VA,AEA,EN,Towers with Radar,0,14,9,0,23,0,0,0,0,0,0,14,9,0,23,4,0,4,27
09/02/2021,HEF,VA,AEA,EN,Towers with Radar,0,23,50,0,73,0,25,82,9,116,0,48,132,9,189,86,0,86,275
09/03/2021,HEF,VA,AEA,EN,Towers with Radar,0,11,41,8,60,0,44,132,10,186,0,55,173,18,246,266,0,266,512
09/04/2021,HEF,VA,AEA,EN,Towers with Radar,0,16,31,0,47,0,24,131,2,157,0,40,162,2,204,178,0,178,382
09/05/2021,HEF,VA,AEA,EN,Towers with Radar,0,10,25,1,36,0,10,69,0,79,0,20,94,1,115,118,0,118,233
09/06/2021,HEF,VA,AEA,EN,Towers with Radar,0,4,37,1,42,0,20,104,0,124,0,24,141,1,166,166,0,166,332
09/07/2021,HEF,VA,AEA,EN,Towers with Radar,0,7,26,2,35,0,23,73,13,109,0,30,99,15,144,104,0,104,248
09/08/2021,HEF,VA,AEA,EN,Towers with Radar,0,16,21,3,40,0,22,81,11,114,0,38,102,14,154,182,0,182,336
09/09/2021,HEF,VA,AEA,EN,Towers with Radar,0,12,43,2,57,0,26,56,3,85,0,38,99,5,142,199,0,199,341
09/10/2021,HEF,VA,AEA,EN,Towers with Radar,0,16,39,4,59,0,33,84,4,121,0,49,123,8,180,49,0,49,229
09/11/2021,HEF,VA,AEA,EN,Towers with Radar,0,13,32,2,47,0,36,157,0,193,0,49,189,2,240,134,0,134,374
09/12/2021,HEF,VA,AEA,EN,Towers with Radar,0,9,39,0,48,0,31,115,0,146,0,40,154,0,194,195,0,195,389
09/13/2021,HEF,VA,AEA,EN,Towers with Radar,0,7,42,2,51,0,26,57,5,88,0,33,99,7,139,168,14,182,321
09/14/2021,HEF,VA,AEA,EN,Towers with Radar,0,6,39,1,46,0,21,96,5,122,0,27,135,6,168,248,0,248,416
09/15/2021,HEF,VA,AEA,EN,Towers with Radar,0,15,41,4,60,0,27,74,6,107,0,42,115,10,167,138,0,138,305
09/16/2021,HEF,VA,AEA,EN,Towers with Radar,0,13,58,2,73,0,4,15,7,26,0,17,73,9,99,206,0,206,305
09/17/2021,HEF,VA,AEA,EN,Towers with Radar,0,24,74,1,99,0,2,14,0,16,0,26,88,1,115,48,0,48,163
09/18/2021,HEF,VA,AEA,EN,Towers with Radar,0,13,34,2,49,0,19,67,5,91,0,32,101,7,140,208,0,208,348
09/19/2021,HEF,VA,AEA,EN,Towers with Radar,0,10,76,0,86,0,32,102,0,134,0,42,178,0,220,209,0,209,429
09/20/2021,HEF,VA,AEA,EN,Towers with Radar,0,9,45,5,59,0,37,75,4,116,0,46,120,9,175,293,0,293,468
09/21/2021,HEF,VA,AEA,EN,Towers with Radar,0,10,43,2,55,0,13,30,3,46,0,23,73,5,101,340,0,340,441
09/22/2021,HEF,VA,AEA,EN,Towers with Radar,0,16,45,2,63,0,2,2,0,4,0,18,47,2,67,24,0,24,91
09/23/2021,HEF,VA,AEA,EN,Towers with Radar,0,20,34,5,59,0,22,49,4,75,0,42,83,9,134,123,8,131,265
09/24/2021,HEF,VA,AEA,EN,Towers with Radar,0,24,34,2,60,0,45,129,4,178,0,69,163,6,238,200,0,200,438
09/25/2021,HEF,VA,AEA,EN,Towers with Radar,0,14,36,1,51,0,30,110,2,142,0,44,146,3,193,190,0,190,383
09/26/2021,HEF,VA,AEA,EN,Towers with Radar,0,12,31,0,43,0,17,109,0,126,0,29,140,0,169,143,0,143,312
09/27/2021,HEF,VA,AEA,EN,Towers with Radar,0,5,26,2,33,0,30,86,0,116,0,35,112,2,149,152,0,152,301
09/28/2021,HEF,VA,AEA,EN,Towers with Radar,0,13,36,1,50,0,18,48,4,70,0,31,84,5,120,111,0,111,231
09/29/2021,HEF,VA,AEA,EN,Towers with Radar,0,16,49,3,68,0,36,105,4,145,0,52,154,7,213,222,0,222,435
09/30/2021,HEF,VA,AEA,EN,Towers with Radar,0,19,57,0,76,0,36,116,5,157,0,55,173,5,233,148,0,148,381
10/01/2021,HEF,VA,AEA,EN,Towers with Radar,0,18,44,5,67,0,44,129,8,181,0,62,173,13,248,129,0,129,377
10/02/2021,HEF,VA,AEA,EN,Towers with Radar,0,12,41,0,53,0,32,107,0,139,0,44,148,0,192,139,0,139,331
10/03/2021,HEF,VA,AEA,EN,Towers with Radar,0,15,53,1,69,0,22,112,0,134,0,37,165,1,203,221,0,221,424
10/04/2021,HEF,VA,AEA,EN,Towers with Radar,0,6,39,1,46,0,34,60,10,104,0,40,99,11,150,146,0,146,296
10/05/2021,HEF,VA,AEA,EN,Towers with Radar,0,16,43,2,61,0,14,51,10,75,0,30,94,12,136,163,0,163,299
10/06/2021,HEF,VA,AEA,EN,Towers with Radar,0,25,48,1,74,0,0,1,0,1,0,25,49,1,75,20,0,20,95
10/07/2021,HEF,VA,AEA,EN,Towers with Radar,0,20,55,2,77,0,7,39,5,51,0,27,94,7,128,236,0,236,364
10/08/2021,HEF,VA,AEA,EN,Towers with Radar,0,12,53,0,65,0,24,75,4,103,0,36,128,4,168,266,0,266,434
10/09/2021,HEF,VA,AEA,EN,Towers with Radar,0,15,57,0,72,0,15,69,0,84,0,30,126,0,156,308,0,308,464
10/10/2021,HEF,VA,AEA,EN,Towers with Radar,0,11,52,0,63,0,2,5,0,7,0,13,57,0,70,92,0,92,162
10/11/2021,HEF,VA,AEA,EN,Towers with Radar,0,7,60,0,67,0,3,16,2,21,0,10,76,2,88,207,0,207,295
10/12/2021,HEF,VA,AEA,EN,Towers with Radar,0,10,52,2,64,0,4,18,3,25,0,14,70,5,89,153,0,153,242
10/13/2021,HEF,VA,AEA,EN,Towers with Radar,0,23,67,3,93,0,18,41,9,68,0,41,108,12,161,230,2,232,393
10/14/2021,HEF,VA,AEA,EN,Towers with Radar,0,20,36,3,59,0,34,104,10,148,0,54,140,13,207,121,0,121,328
10/15/2021,HEF,VA,AEA,EN,Towers with Radar,0,24,50,0,74,0,48,126,5,179,0,72,176,5,253,178,0,178,431
10/16/2021,HEF,VA,AEA,EN,Towers with Radar,0,8,22,0,30,0,8,36,3,47,0,16,58,3,77,79,0,79,156
10/17/2021,HEF,VA,AEA,EN,Towers with Radar,0,16,64,2,82,0,22,66,0,88,0,38,130,2,170,81,0,81,251
10/18/2021,HEF,VA,AEA,EN,Towers with Radar,0,10,50,1,61,0,17,68,6,91,0,27,118,7,152,200,0,200,352
10/19/2021,HEF,VA,AEA,EN,Towers with Radar,0,14,68,0,82,0,35,133,14,182,0,49,201,14,264,170,0,170,434
10/20/2021,HEF,VA,AEA,EN,Towers with Radar,0,16,51,1,68,0,35,136,12,183,0,51,187,13,251,240,4,244,495
10/21/2021,HEF,VA,AEA,EN,Towers with Radar,0,14,57,2,73,0,30,127,13,170,0,44,184,15,243,197,0,197,440
10/22/2021,HEF,VA,AEA,EN,Towers with Radar,0,21,41,0,62,0,34,96,8,138,0,55,137,8,200,253,0,253,453
10/23/2021,HEF,VA,AEA,EN,Towers with Radar,0,15,41,0,56,0,31,116,0,147,0,46,157,0,203,92,0,92,295
10/24/2021,HEF,VA,AEA,EN,Towers with Radar,0,16,40,0,56,0,25,112,0,137,0,41,152,0,193,124,0,124,317
10/25/2021,HEF,VA,AEA,EN,Towers with Radar,0,6,28,2,36,0,14,53,6,73,0,20,81,8,109,60,0,60,169
10/26/2021,HEF,VA,AEA,EN,Towers with Radar,0,13,39,0,52,0,3,10,5,18,0,16,49,5,70,12,0,12,82
10/27/2021,HEF,VA,AEA,EN,Towers with Radar,0,19,44,3,66,0,14,48,1,63,0,33,92,4,129,134,0,134,263
10/28/2021,HEF,VA,AEA,EN,Towers with Radar,0,23,63,2,88,0,26,73,12,111,0,49,136,14,199,240,4,244,443
10/29/2021,HEF,VA,AEA,EN,Towers with Radar,0,13,25,2,40,0,0,0,0,0,0,13,25,2,40,0,0,0,40
10/30/2021,HEF,VA,AEA,EN,Towers with Radar,0,16,35,0,51,0,3,41,0,44,0,19,76,0,95,198,0,198,293
10/31/2021,HEF,VA,AEA,EN,Towers with Radar,0,4,53,0,57,0,30,73,0,103,0,34,126,0,160,108,0,108,268
11/01/2021,HEF,VA,AEA,EN,Towers with Radar,0,16,51,2,69,0,19,77,7,103,0,35,128,9,172,173,0,173,345
11/02/2021,HEF,VA,AEA,EN,Towers with Radar,0,11,35,1,47,0,5,13,4,22,0,16,48,5,69,41,0,41,110
11/03/2021,HEF,VA,AEA,EN,Towers with Radar,0,20,57,2,79,0,20,104,7,131,0,40,161,9,210,132,0,132,342
11/04/2021,HEF,VA,AEA,EN,Towers with Radar,0,13,49,2,64,0,34,102,5,141,0,47,151,7,205,96,0,96,301
11/05/2021,HEF,VA,AEA,EN,Towers with Radar,0,15,79,4,98,0,33,119,4,156,0,48,198,8,254,248,0,248,502
11/06/2021,HEF,VA,AEA,EN,Towers with Radar,0,15,59,4,78,0,28,129,2,159,0,43,188,6,237,162,0,162,399
11/07/2021,HEF,VA,AEA,EN,Towers with Radar,0,11,57,5,73,0,26,96,0,122,0,37,153,5,195,143,0,143,338
11/08/2021,HEF,VA,AEA,EN,Towers with Radar,0,6,44,6,56,0,32,73,7,112,0,38,117,13,168,108,0,108,276
11/09/2021,HEF,VA,AEA,EN,Towers with Radar,0,8,50,0,58,0,30,92,2,124,0,38,142,2,182,87,0,87,269
11/10/2021,HEF,VA,AEA,EN,Towers with Radar,0,11,63,2,76,0,34,84,5,123,0,45,147,7,199,126,0,126,325
11/11/2021,HEF,VA,AEA,EN,Towers with Radar,0,14,58,1,73,0,37,131,0,168,0,51,189,1,241,178,0,178,419
11/12/2021,HEF,VA,AEA,EN,Towers with Radar,0,19,51,2,72,0,24,70,6,100,0,43,121,8,172,197,0,197,369
11/13/2021,HEF,VA,AEA,EN,Towers with Radar,0,14,39,0,53,0,20,82,0,102,0,34,121,0,155,160,0,160,315
11/14/2021,HEF,VA,AEA,EN,Towers with Radar,0,16,56,0,72,0,18,122,0,140,0,34,178,0,212,148,0,148,360
11/15/2021,HEF,VA,AEA,EN,Towers with Radar,0,15,28,0,43,0,7,28,9,44,0,22,56,9,87,25,0,25,112
11/16/2021,HEF,VA,AEA,EN,Towers with Radar,0,14,56,6,76,0,28,87,9,124,0,42,143,15,200,255,0,255,455
11/17/2021,HEF,VA,AEA,EN,Towers with Radar,0,16,39,3,58,0,39,108,10,157,0,55,147,13,215,128,8,136,351
11/18/2021,HEF,VA,AEA,EN,Towers with Radar,0,14,45,5,64,0,22,53,8,83,0,36,98,13,147,61,0,61,208
11/19/2021,HEF,VA,AEA,EN,Towers with Radar,0,15,54,0,69,0,15,40,9,64,0,30,94,9,133,106,0,106,239
11/20/2021,HEF,VA,AEA,EN,Towers with Radar,0,11,48,1,60,0,42,167,0,209,0,53,215,1,269,214,0,214,483
11/21/2021,HEF,VA,AEA,EN,Towers with Radar,0,11,37,0,48,0,34,119,0,153,0,45,156,0,201,198,0,198,399
11/22/2021,HEF,VA,AEA,EN,Towers with Radar,0,14,31,1,46,0,22,62,9,93,0,36,93,10,139,122,0,122,261
11/23/2021,HEF,VA,AEA,EN,Towers with Radar,0,17,47,0,64,0,19,65,7,91,0,36,112,7,155,73,0,73,228
11/24/2021,HEF,VA,AEA,EN,Towers with Radar,0,19,51,3,73,0,18,77,3,98,0,37,128,6,171,165,0,165,336
11/25/2021,HEF,VA,AEA,EN,Towers with Radar,0,6,17,0,23,0,10,18,0,28,0,16,35,0,51,0,0,0,51
11/26/2021,HEF,VA,AEA,EN,Towers with Radar,0,3,24,0,27,0,0,10,2,12,0,3,34,2,39,0,0,0,39
11/27/2021,HEF,VA,AEA,EN,Towers with Radar,0,7,40,1,48,0,17,85,1,103,0,24,125,2,151,114,0,114,265
11/28/2021,HEF,VA,AEA,EN,Towers with Radar,0,21,61,0,82,0,26,113,0,139,0,47,174,0,221,285,0,285,506
11/29/2021,HEF,VA,AEA,EN,Towers with Radar,0,10,39,0,49,0,10,47,8,65,0,20,86,8,114,30,0,30,144
11/30/2021,HEF,VA,AEA,EN,Towers with Radar,0,10,47,0,57,0,20,88,10,118,0,30,135,10,175,87,0,87,262
12/01/2021,HEF,VA,AEA,EN,Towers with Radar,0,20,45,0,65,0,27,92,3,122,0,47,137,3,187,222,0,222,409
12/02/2021,HEF,VA,AEA,EN,Towers with Radar,0,9,41,4,54,0,19,59,10,88,0,28,100,14,142,99,0,99,241
12/03/2021,HEF,VA,AEA,EN,Towers with Radar,0,13,42,5,60,0,23,80,8,111,0,36,122,13,171,273,0,273,444
12/04/2021,HEF,VA,AEA,EN,Towers with Radar,0,13,26,0,39,0,30,114,0,144,0,43,140,0,183,219,0,219,402
12/05/2021,HEF,VA,AEA,EN,Towers with Radar,0,5,37,3,45,0,26,87,0,113,0,31,124,3,158,247,0,247,405
12/06/2021,HEF,VA,AEA,EN,Towers with Radar,0,8,22,0,30,0,5,22,5,32,0,13,44,5,62,8,0,8,70
12/07/2021,HEF,VA,AEA,EN,Towers with Radar,0,10,49,4,63,0,18,96,6,120,0,28,145,10,183,258,0,258,441
12/08/2021,HEF,VA,AEA,EN,Towers with Radar,0,22,29,2,53,0,9,57,2,68,0,31,86,4,121,222,0,222,343
12/09/2021,HEF,VA,AEA,EN,Towers with Radar,0,9,54,3,66,0,26,69,4,99,0,35,123,7,165,258,2,260,425
12/10/2021,HEF,VA,AEA,EN,Towers with Radar,0,14,46,1,61,0,23,80,4,107,0,37,126,5,168,217,0,217,385
12/11/2021,HEF,VA,AEA,EN,Towers with Radar,0,11,15,0,26,0,0,7,0,7,0,11,22,0,33,0,0,0,33
12/12/2021,HEF,VA,AEA,EN,Towers with Radar,0,15,56,0,71,0,29,116,0,145,0,44,172,0,216,244,0,244,460
12/13/2021,HEF,VA,AEA,EN,Towers with Radar,0,13,63,2,78,0,30,84,7,121,0,43,147,9,199,0,0,0,199
12/14/2021,HEF,VA,AEA,EN,Towers with Radar,0,13,45,4,62,0,20,98,8,126,0,33,143,12,188,136,0,136,324
12/15/2021,HEF,VA,AEA,EN,Towers with Radar,0,13,56,0,69,0,18,80,6,104,0,31,136,6,173,243,0,243,416
12/16/2021,HEF,VA,AEA,EN,Towers with Radar,0,17,79,0,96,0,32,85,8,125,0,49,164,8,221,125,0,125,346
12/17/2021,HEF,VA,AEA,EN,Towers with Radar,0,19,44,0,63,0,35,105,4,144,0,54,149,4,207,205,0,205,412
12/18/2021,HEF,VA,AEA,EN,Towers with Radar,0,10,28,0,38,0,9,40,0,49,0,19,68,0,87,258,0,258,345
12/19/2021,HEF,VA,AEA,EN,Towers with Radar,0,14,26,0,40,0,12,38,0,50,0,26,64,0,90,55,0,55,145
12/20/2021,HEF,VA,AEA,EN,Towers with Radar,0,6,51,0,57,0,22,115,10,147,0,28,166,10,204,145,4,149,353
12/21/2021,HEF,VA,AEA,EN,Towers with Radar,0,14,37,4,55,0,27,110,4,141,0,41,147,8,196,129,0,129,325
12/22/2021,HEF,VA,AEA,EN,Towers with Radar,0,15,27,0,42,0,11,46,6,63,0,26,73,6,105,56,0,56,161
12/23/2021,HEF,VA,AEA,EN,Towers with Radar,0,8,43,0,51,0,24,116,4,144,0,32,159,4,195,176,0,176,371
12/24/2021,HEF,VA,AEA,EN,Towers with Radar,0,5,14,0,19,0,16,66,0,82,0,21,80,0,101,131,0,131,232
12/25/2021,HEF,VA,AEA,EN,Towers with Radar,0,3,7,0,10,0,4,4,0,8,0,7,11,0,18,0,0,0,18
12/26/2021,HEF,VA,AEA,EN,Towers with Radar,0,7,37,0,44,0,7,55,0,62,0,14,92,0,106,36,0,36,142
12/27/2021,HEF,VA,AEA,EN,Towers with Radar,0,3,40,0,43,0,4,53,2,59,0,7,93,2,102,128,0,128,230
12/28/2021,HEF,VA,AEA,EN,Towers with Radar,0,12,36,0,48,0,10,104,4,118,0,22,140,4,166,102,0,102,268
12/29/2021,HEF,VA,AEA,EN,Towers with Radar,0,15,27,0,42,0,7,62,4,73,0,22,89,4,115,96,0,96,211
12/30/2021,HEF,VA,AEA,EN,Towers with Radar,0,18,24,0,42,0,0,0,0,0,0,18,24,0,42,0,0,0,42
12/31/2021,HEF,VA,AEA,EN,Towers with Radar,0,8,21,0,29,0,13,17,0,30,0,21,38,0,59,84,0,84,143
01/01/2022,HEF,VA,AEA,EN,Towers with Radar,0,8,18,0,26,0,0,0,0,0,0,8,18,0,26,0,0,0,26
01/02/2022,HEF,VA,AEA,EN,Towers with Radar,0,12,45,0,57,0,6,32,0,38,0,18,77,0,95,132,0,132,227
01/03/2022,HEF,VA,AEA,EN,Towers with Radar,0,2,1,0,3,0,0,6,0,6,0,2,7,0,9,0,0,0,9
01/04/2022,HEF,VA,AEA,EN,Towers with Radar,0,9,38,0,47,0,5,34,5,44,0,14,72,5,91,12,0,12,103
01/05/2022,HEF,VA,AEA,EN,Towers with Radar,0,11,24,0,35,0,8,28,5,41,0,19,52,5,76,69,0,69,145
01/06/2022,HEF,VA,AEA,EN,Towers with Radar,0,9,42,4,55,0,20,82,7,109,0,29,124,11,164,86,0,86,250
01/07/2022,HEF,VA,AEA,EN,Towers with Radar,0,6,14,0,20,0,7,17,0,24,0,13,31,0,44,28,0,28,72
01/08/2022,HEF,VA,AEA,EN,Towers with Radar,1,11,44,0,56,0,33,116,0,149,1,44,160,0,205,236,0,236,441
01/09/2022,HEF,VA,AEA,EN,Towers with Radar,0,6,18,0,24,0,4,1,0,5,0,10,19,0,29,0,0,0,29
01/10/2022,HEF,VA,AEA,EN,Towers with Radar,0,8,33,0,41,0,23,52,16,91,0,31,85,16,132,58,0,58,190
01/11/2022,HEF,VA,AEA,EN,Towers with Radar,0,10,33,2,45,0,16,100,11,127,0,26,133,13,172,154,0,154,326
01/12/2022,HEF,VA,AEA,EN,Towers with Radar,0,19,44,0,63,0,22,91,9,122,0,41,135,9,185,163,0,163,348
01/13/2022,HEF,VA,AEA,EN,Towers with Radar,0,14,49,2,65,0,33,127,8,168,0,47,176,10,233,295,0,295,528
01/14/2022,HEF,VA,AEA,EN,Towers with Radar,0,8,39,4,51,0,14,22,10,46,0,22,61,14,97,80,0,80,177
01/15/2022,HEF,VA,AEA,EN,Towers with Radar,0,14,42,1,57,0,25,99,0,124,0,39,141,1,181,188,0,188,369
01/16/2022,HEF,VA,AEA,EN,Towers with Radar,0,6,4,0,10,0,3,16,0,19,0,9,20,0,29,0,0,0,29
01/17/2022,HEF,VA,AEA,EN,Towers with Radar,0,5,15,0,20,0,0,5,0,5,0,5,20,0,25,0,0,0,25
01/18/2022,HEF,VA,AEA,EN,Towers with Radar,0,12,32,3,47,0,18,66,11,95,0,30,98,14,142,182,0,182,324
01/19/2022,HEF,VA,AEA,EN,Towers with Radar,0,7,35,3,45,0,19,86,5,110,0,26,121,8,155,64,0,64,219
01/20/2022,HEF,VA,AEA,EN,Towers with Radar,0,8,19,1,28,0,6,14,5,25,0,14,33,6,53,33,5,38,91
01/21/2022,HEF,VA,AEA,EN,Towers with Radar,0,11,34,4,49,0,30,87,10,127,0,41,121,14,176,120,0,120,296
01/22/2022,HEF,VA,AEA,EN,Towers with Radar,0,12,23,0,35,0,40,89,0,129,0,52,112,0,164,220,0,220,384
01/23/2022,HEF,VA,AEA,EN,Towers with Radar,0,10,31,0,41,0,45,114,2,161,0,55,145,2,202,206,0,206,408
01/24/2022,HEF,VA,AEA,EN,Towers with Radar,0,2,35,3,40,0,23,63,9,95,0,25,98,12,135,180,0,180,315
01/25/2022,HEF,VA,AEA,EN,Towers with Radar,0,6,34,0,40,0,29,66,7,102,0,35,100,7,142,165,0,165,307
01/26/2022,HEF,VA,AEA,EN,Towers with Radar,0,13,50,1,64,0,28,96,12,136,0,41,146,13,200,193,0,193,393
01/27/2022,HEF,VA,AEA,EN,Towers with Radar,0,19,51,1,71,0,44,99,13,156,0,63,150,14,227,134,26,160,387
01/28/2022,HEF,VA,AEA,EN,Towers with Radar,0,8,25,1,34,0,15,20,2,37,0,23,45,3,71,152,0,152,223
01/29/2022,HEF,VA,AEA,EN,Towers with Radar,0,9,17,0,26,0,2,5,0,7,0,11,22,0,33,0,0,0,33
01/30/2022,HEF,VA,AEA,EN,Towers with Radar,0,10,37,0,47,0,8,55,0,63,0,18,92,0,110,171,0,171,281
01/31/2022,HEF,VA,AEA,EN,Towers with Radar,0,4,24,0,28,0,25,78,8,111,0,29,102,8,139,128,0,128,267
02/01/2022,HEF,VA,AEA,EN,Towers with Radar,0,12,29,0,41,0,23,91,9,123,0,35,120,9,164,162,0,162,326
02/02/2022,HEF,VA,AEA,EN,Towers with Radar,0,22,26,2,50,0,25,70,4,99,0,47,96,6,149,138,6,144,293
02/03/2022,HEF,VA,AEA,EN,Towers with Radar,0,16,20,0,36,0,0,0,0,0,0,16,20,0,36,0,0,0,36
02/04/2022,HEF,VA,AEA,EN,Towers with Radar,0,12,11,0,23,0,4,0,0,4,0,16,11,0,27,6,0,6,33
02/05/2022,HEF,VA,AEA,EN,Towers with Radar,0,13,27,0,40,0,27,61,0,88,0,40,88,0,128,40,0,40,168
02/06/2022,HEF,VA,AEA,EN,Towers with Radar,0,8,37,1,46,0,31,159,0,190,0,39,196,1,236,119,0,119,355
02/07/2022,HEF,VA,AEA,EN,Towers with Radar,0,7,13,2,22,0,17,45,6,68,0,24,58,8,90,197,0,197,287
02/08/2022,HEF,VA,AEA,EN,Towers with Radar,0,8,44,5,57,0,24,97,7,128,0,32,141,12,185,163,12,175,360
02/09/2022,HEF,VA,AEA,EN,Towers with Radar,0,15,50,2,67,0,28,104,10,142,0,43,154,12,209,243,0,243,452
02/10/2022,HEF,VA,AEA,EN,Towers with Radar,0,23,41,2,66,0,13,42,9,64,0,36,83,11,130,95,0,95,225
02/11/2022,HEF,VA,AEA,EN,Towers with Radar,0,12,62,0,74,0,29,93,10,132,0,41,155,10,206,64,0,64,270
02/12/2022,HEF,VA,AEA,EN,Towers with Radar,0,16,36,0,52,0,34,176,0,210,0,50,212,0,262,202,0,202,464
02/13/2022,HEF,VA,AEA,EN,Towers with Radar,0,9,6,1,16,0,2,0,0,2,0,11,6,1,18,20,0,20,38
02/14/2022,HEF,VA,AEA,EN,Towers with Radar,0,9,36,7,52,0,11,45,8,64,0,20,81,15,116,104,0,104,220
02/15/2022,HEF,VA,AEA,EN,Towers with Radar,0,17,55,3,75,0,34,102,8,144,0,51,157,11,219,208,0,208,427
02/16/2022,HEF,VA,AEA,EN,Towers with Radar,0,9,66,5,80,0,19,76,5,100,0,28,142,10,180,243,2,245,425
02/17/2022,HEF,VA,AEA,EN,Towers with Radar,0,9,29,0,38,0,4,17,3,24,0,13,46,3,62,69,0,69,131
02/18/2022,HEF,VA,AEA,EN,Towers with Radar,0,18,48,0,66,0,7,18,0,25,0,25,66,0,91,42,0,42,133
02/19/2022,HEF,VA,AEA,EN,Towers with Radar,0,14,23,2,39,0,4,29,0,33,0,18,52,2,72,55,0,55,127
02/20/2022,HEF,VA,AEA,EN,Towers with Radar,0,8,35,1,44,0,10,138,0,148,0,18,173,1,192,220,0,220,412
02/21/2022,HEF,VA,AEA,EN,Towers with Radar,0,13,43,0,56,0,30,177,1,208,0,43,220,1,264,171,0,171,435
02/22/2022,HEF,VA,AEA,EN,Towers with Radar,0,12,44,0,56,0,5,6,0,11,0,17,50,0,67,12,0,12,79
02/23/2022,HEF,VA,AEA,EN,Towers with Radar,0,9,42,1,52,0,25,68,12,105,0,34,110,13,157,278,0,278,435
02/24/2022,HEF,VA,AEA,EN,Towers with Radar,0,4,25,0,29,0,0,3,2,5,0,4,28,2,34,28,0,28,62
02/25/2022,HEF,VA,AEA,EN,Towers with Radar,0,11,23,0,34,0,8,21,6,35,0,19,44,6,69,34,0,34,103
02/26/2022,HEF,VA,AEA,EN,Towers with Radar,0,8,43,0,51,0,63,143,0,206,0,71,186,0,257,140,0,140,397
02/27/2022,HEF,VA,AEA,EN,Towers with Radar,0,10,39,0,49,0,31,114,3,148,0,41,153,3,197,152,0,152,349
02/28/2022,HEF,VA,AEA,EN,Towers with Radar,0,8,42,4,54,0,30,78,13,121,0,38,120,17,175,230,0,230,405
03/01/2022,HEF,VA,AEA,EN,Towers with Radar,0,14,40,0,54,0,38,91,9,138,0,52,131,9,192,199,0,199,391
03/02/2022,HEF,VA,AEA,EN,Towers with Radar,0,13,46,0,59,0,43,112,12,167,0,56,158,12,226,248,0,248,474
03/03/2022,HEF,VA,AEA,EN,Towers with Radar,0,16,47,0,63,0,28,70,9,107,0,44,117,9,170,152,0,152,322
03/04/2022,HEF,VA,AEA,EN,Towers with Radar,0,12,35,0,47,0,40,132,7,179,0,52,167,7,226,184,0,184,410
03/05/2022,HEF,VA,AEA,EN,Towers with Radar,0,13,37,0,50,0,42,135,2,179,0,55,172,2,229,202,0,202,431
03/06/2022,HEF,VA,AEA,EN,Towers with Radar,0,8,39,0,47,0,8,24,2,34,0,16,63,2,81,0,0,0,81
03/07/2022,HEF,VA,AEA,EN,Towers with Radar,0,9,31,0,40,0,2,3,9,14,0,11,34,9,54,0,0,0,54
03/08/2022,HEF,VA,AEA,EN,Towers with Radar,0,13,52,0,65,0,36,100,6,142,0,49,152,6,207,157,0,157,364
03/09/2022,HEF,VA,AEA,EN,Towers with Radar,0,16,26,0,42,0,0,0,0,0,0,16,26,0,42,0,0,0,42
03/10/2022,HEF,VA,AEA,EN,Towers with Radar,0,18,45,2,65,0,42,125,11,178,0,60,170,13,243,292,0,292,535
03/11/2022,HEF,VA,AEA,EN,Towers with Radar,0,18,65,7,90,0,39,123,7,169,0,57,188,14,259,190,0,190,449
03/12/2022,HEF,VA,AEA,EN,Towers with Radar,0,10,6,0,16,0,0,0,0,0,0,10,6,0,16,0,0,0,16
03/13/2022,HEF,VA,AEA,EN,Towers with Radar,0,9,55,2,66,0,25,61,0,86,0,34,116,2,152,60,0,60,212
03/14/2022,HEF,VA,AEA,EN,Towers with Radar,0,13,58,2,73,0,27,91,8,126,0,40,149,10,199,171,0,171,370
03/15/2022,HEF,VA,AEA,EN,Towers with Radar,0,17,33,6,56,0,41,100,7,148,0,58,133,13,204,226,2,228,432
03/16/2022,HEF,VA,AEA,EN,Towers with Radar,0,14,33,4,51,0,30,113,8,151,0,44,146,12,202,361,0,361,563
03/17/2022,HEF,VA,AEA,EN,Towers with Radar,0,13,40,1,54,0,1,2,2,5,0,14,42,3,59,2,0,2,61
03/18/2022,HEF,VA,AEA,EN,Towers with Radar,0,15,55,1,71,0,37,116,9,162,0,52,171,10,233,232,0,232,465
03/19/2022,HEF,VA,AEA,EN,Towers with Radar,0,8,30,0,38,0,7,63,2,72,0,15,93,2,110,68,0,68,178
03/20/2022,HEF,VA,AEA,EN,Towers with Radar,0,10,39,0,49,0,7,66,0,73,0,17,105,0,122,0,0,0,122
03/21/2022,HEF,VA,AEA,EN,Towers with Radar,0,7,47,0,54,0,27,97,8,132,0,34,144,8,186,164,0,164,350
03/22/2022,HEF,VA,AEA,EN,Towers with Radar,0,15,39,1,55,0,37,138,16,191,0,52,177,17,246,183,0,183,429
03/23/2022,HEF,VA,AEA,EN,Towers with Radar,0,9,35,1,45,0,8,18,9,35,0,17,53,10,80,155,0,155,235
03/24/2022,HEF,VA,AEA,EN,Towers with Radar,0,16,55,4,75,0,0,6,0,6,0,16,61,4,81,28,0,28,109
03/25/2022,HEF,VA,AEA,EN,Towers with Radar,0,9,55,0,64,0,26,87,9,122,0,35,142,9,186,134,0,134,320
03/26/2022,HEF,VA,AEA,EN,Towers with Radar,0,14,31,1,46,0,11,50,0,61,0,25,81,1,107,107,0,107,214
03/27/2022,HEF,VA,AEA,EN,Towers with Radar,0,5,35,0,40,0,5,25,0,30,0,10,60,0,70,0,0,0,70
03/28/2022,HEF,VA,AEA,EN,Towers with Radar,0,5,34,2,41,0,7,31,7,45,0,12,65,9,86,42,0,42,128
03/29/2022,HEF,VA,AEA,EN,Towers with Radar,0,11,49,2,62,0,21,106,9,136,0,32,155,11,198,211,0,211,409
03/30/2022,HEF,VA,AEA,EN,Towers with Radar,0,10,54,2,66,0,44,87,12,143,0,54,141,14,209,247,3,250,459
03/31/2022,HEF,VA,AEA,EN,Towers with Radar,0,11,28,0,39,0,0,2,0,2,0,11,30,0,41,6,0,6,47
04/01/2022,HEF,VA,AEA,EN,Towers with Radar,0,4,59,1,64,0,24,36,6,66,0,28,95,7,130,42,0,42,172
04/02/2022,HEF,VA,AEA,EN,Towers with Radar,0,12,45,0,57,0,54,174,1,229,0,66,219,1,286,272,0,272,558
04/03/2022,HEF,VA,AEA,EN,Towers with Radar,0,11,45,1,57,0,23,40,1,64,0,34,85,2,121,0,0,0,121
04/04/2022,HEF,VA,AEA,EN,Towers with Radar,0,11,52,1,64,0,35,120,10,165,0,46,172,11,229,186,0,186,415
04/05/2022,HEF,VA,AEA,EN,Towers with Radar,0,17,41,0,58,0,0,15,0,15,0,17,56,0,73,11,0,11,84
04/06/2022,HEF,VA,AEA,EN,Towers with Radar,0,18,45,2,65,0,0,4,0,4,0,18,49,2,69,12,0,12,81
04/07/2022,HEF,VA,AEA,EN,Towers with Radar,0,12,36,0,48,0,1,0,2,3,0,13,36,2,51,0,0,0,51
04/08/2022,HEF,VA,AEA,EN,Towers with Radar,0,12,76,4,92,0,42,113,8,163,0,54,189,12,255,0,0,0,255
04/09/2022,HEF,VA,AEA,EN,Towers with Radar,0,9,41,0,50,0,49,111,0,160,0,58,152,0,210,258,0,258,468
04/10/2022,HEF,VA,AEA,EN,Towers with Radar,0,9,42,0,51,0,27,70,0,97,0,36,112,0,148,189,0,189,337
04/11/2022,HEF,VA,AEA,EN,Towers with Radar,0,8,37,2,47,0,28,104,9,141,0,36,141,11,188,163,0,163,351
04/12/2022,HEF,VA,AEA,EN,Towers with Radar,0,12,50,4,66,0,41,104,6,151,0,53,154,10,217,264,6,270,487
04/13/2022,HEF,VA,AEA,EN,Towers with Radar,0,10,54,3,67,0,29,83,7,119,0,39,137,10,186,185,0,185,371
04/14/2022,HEF,VA,AEA,EN,Towers with Radar,0,11,30,4,45,0,8,27,9,44,0,19,57,13,89,16,8,24,113
04/15/2022,HEF,VA,AEA,EN,Towers with Radar,0,11,67,8,86,0,34,136,8,178,0,45,203,16,264,180,0,180,444
04/16/2022,HEF,VA,AEA,EN,Towers with Radar,0,11,31,0,42,0,26,75,0,101,0,37,106,0,143,88,0,88,231
04/17/2022,HEF,VA,AEA,EN,Towers with Radar,0,7,33,1,41,0,22,67,0,89,0,29,100,1,130,37,0,37,167
04/18/2022,HEF,VA,AEA,EN,Towers with Radar,0,3,32,4,39,0,0,7,0,7,0,3,39,4,46,46,0,46,92
04/19/2022,HEF,VA,AEA,EN,Towers with Radar,0,10,33,4,47,0,24,22,5,51,0,34,55,9,98,72,0,72,170
04/20/2022,HEF,VA,AEA,EN,Towers with Radar,0,25,63,4,92,0,30,130,7,167,0,55,193,11,259,212,0,212,471
04/21/2022,HEF,VA,AEA,EN,Towers with Radar,0,16,54,0,70,0,18,84,5,107,0,34,138,5,177,135,0,135,312
04/22/2022,HEF,VA,AEA,EN,Towers with Radar,0,19,64,2,85,0,46,131,7,184,0,65,195,9,269,294,0,294,563
04/23/2022,HEF,VA,AEA,EN,Towers with Radar,0,11,44,2,57,0,56,139,2,197,0,67,183,4,254,202,0,202,456
04/24/2022,HEF,VA,AEA,EN,Towers with Radar,0,11,71,0,82,0,51,113,0,164,0,62,184,0,246,176,0,176,422
04/25/2022,HEF,VA,AEA,EN,Towers with Radar,0,9,45,2,56,0,18,32,6,56,0,27,77,8,112,126,0,126,238
04/26/2022,HEF,VA,AEA,EN,Towers with Radar,0,16,51,1,68,0,1,3,1,5,0,17,54,2,73,40,0,40,113
04/27/2022,HEF,VA,AEA,EN,Towers with Radar,0,11,37,0,48,0,13,35,8,56,0,24,72,8,104,35,0,35,139
04/28/2022,HEF,VA,AEA,EN,Towers with Radar,0,13,34,2,49,0,20,84,5,109,0,33,118,7,158,70,10,80,238
04/29/2022,HEF,VA,AEA,EN,Towers with Radar,0,23,58,0,81,0,46,141,9,196,0,69,199,9,277,251,0,251,528
04/30/2022,HEF,VA,AEA,EN,Towers with Radar,0,25,43,0,68,0,32,159,0,191,0,57,202,0,259,203,0,203,462
05/01/2022,HEF,VA,AEA,EN,Towers with Radar,0,7,46,0,53,0,1,29,2,32,0,8,75,2,85,0,0,0,85
05/02/2022,HEF,VA,AEA,EN,Towers with Radar,0,6,49,0,55,0,34,86,4,124,0,40,135,4,179,184,0,184,363
05/03/2022,HEF,VA,AEA,EN,Towers with Radar,0,16,48,0,64,0,6,7,0,13,0,22,55,0,77,65,0,65,142
05/04/2022,HEF,VA,AEA,EN,Towers with Radar,0,11,35,0,46,0,6,29,0,35,0,17,64,0,81,103,0,103,184
05/05/2022,HEF,VA,AEA,EN,Towers with Radar,0,21,57,0,78,0,41,78,8,127,0,62,135,8,205,324,6,330,535
05/06/2022,HEF,VA,AEA,EN,Towers with Radar,0,18,32,0,50,0,3,0,0,3,0,21,32,0,53,2,0,2,55
05/07/2022,HEF,VA,AEA,EN,Towers with Radar,0,13,21,0,34,0,0,0,0,0,0,13,21,0,34,0,0,0,34
05/08/2022,HEF,VA,AEA,EN,Towers with Radar,0,15,51,1,67,0,8,14,0,22,0,23,65,1,89,28,0,28,117
05/09/2022,HEF,VA,AEA,EN,Towers with Radar,0,5,56,2,63,0,36,77,8,121,0,41,133,10,184,167,0,167,351
05/10/2022,HEF,VA,AEA,EN,Towers with Radar,0,17,46,0,63,0,22,116,8,146,0,39,162,8,209,133,0,133,342
05/11/2022,HEF,VA,AEA,EN,Towers with Radar,0,12,58,1,71,0,26,128,9,163,0,38,186,10,234,205,0,205,439
05/12/2022,HEF,VA,AEA,EN,Towers with Radar,0,24,59,0,83,0,6,21,8,35,0,30,80,8,118,141,0,141,259
05/13/2022,HEF,VA,AEA,EN,Towers with Radar,0,27,53,2,82,0,1,4,0,5,0,28,57,2,87,54,0,54,141
05/14/2022,HEF,VA,AEA,EN,Towers with Radar,1,12,23,0,36,0,0,6,0,6,1,12,29,0,42,62,0,62,104
05/15/2022,HEF,VA,AEA,EN,Towers with Radar,0,11,49,2,62,0,24,71,0,95,0,35,120,2,157,105,0,105,262
05/16/2022,HEF,VA,AEA,EN,Towers with Radar,0,18,49,0,67,2,5,20,2,29,2,23,69,2,96,105,0,105,201
05/17/2022,HEF,VA,AEA,EN,Towers with Radar,0,17,48,0,65,2,48,99,8,157,2,65,147,8,222,203,0,203,425
05/18/2022,HEF,VA,AEA,EN,Towers with Radar,0,17,58,0,75,0,34,117,5,156,0,51,175,5,231,135,0,135,366
05/19/2022,HEF,VA,AEA,EN,Towers with Radar,0,17,46,0,63,2,30,94,9,135,2,47,140,9,198,125,0,125,323
05/20/2022,HEF,VA,AEA,EN,Towers with Radar,0,13,50,3,66,1,36,98,12,147,1,49,148,15,213,258,0,258,471
05/21/2022,HEF,VA,AEA,EN,Towers with Radar,0,13,61,0,74,0,33,136,0,169,0,46,197,0,243,220,0,220,463
05/22/2022,HEF,VA,AEA,EN,Towers with Radar,0,10,40,1,51,0,42,92,0,134,0,52,132,1,185,113,0,113,298
05/23/2022,HEF,VA,AEA,EN,Towers with Radar,0,8,36,0,44,0,40,73,11,124,0,48,109,11,168,93,0,93,261
05/24/2022,HEF,VA,AEA,EN,Towers with Radar,0,13,32,0,45,0,2,4,0,6,0,15,36,0,51,0,0,0,51
05/25/2022,HEF,VA,AEA,EN,Towers with Radar,0,11,40,2,53,0,19,24,2,45,0,30,64,4,98,495,0,495,593
05/26/2022,HEF,VA,AEA,EN,Towers with Radar,0,16,57,4,77,0,2,5,5,12,0,18,62,9,89,61,0,61,150
05/27/2022,HEF,VA,AEA,EN,Towers with Radar,0,5,32,0,37,0,2,5,0,7,0,7,37,0,44,20,0,20,64
05/28/2022,HEF,VA,AEA,EN,Towers with Radar,0,14,46,0,60,0,40,135,0,175,0,54,181,0,235,206,0,206,441
05/29/2022,HEF,VA,AEA,EN,Towers with Radar,0,6,33,0,39,0,42,132,0,174,0,48,165,0,213,0,0,0,213
05/30/2022,HEF,VA,AEA,EN,Towers with Radar,0,10,59,0,69,0,47,146,2,195,0,57,205,2,264,160,0,160,424
05/31/2022,HEF,VA,AEA,EN,Towers with Radar,0,10,50,2,62,0,32,92,9,133,0,42,142,11,195,235,0,235,430
06/01/2022,HEF,VA,AEA,EN,Towers with Radar,0,9,44,2,55,0,37,103,8,148,0,46,147,10,203,209,6,215,418
06/02/2022,HEF,VA,AEA,EN,Towers with Radar,0,14,21,3,38,0,19,56,10,85,0,33,77,13,123,23,0,23,146
06/03/2022,HEF,VA,AEA,EN,Towers with Radar,0,7,68,1,76,0,27,145,6,178,0,34,213,7,254,198,0,198,452
06/04/2022,HEF,VA,AEA,EN,Towers with Radar,0,7,39,2,48,0,31,176,0,207,0,38,215,2,255,187,0,187,442
06/05/2022,HEF,VA,AEA,EN,Towers with Radar,0,6,61,1,68,0,27,137,0,164,0,33,198,1,232,122,0,122,354
06/06/2022,HEF,VA,AEA,EN,Towers with Radar,0,9,57,1,67,0,35,101,2,138,0,44,158,3,205,157,0,157,362
06/07/2022,HEF,VA,AEA,EN,Towers with Radar,0,18,54,2,74,0,16,34,7,57,0,34,88,9,131,119,0,119,250
06/08/2022,HEF,VA,AEA,EN,Towers with Radar,0,12,37,0,49,0,18,84,7,109,0,30,121,7,158,161,0,161,319
06/09/2022,HEF,VA,AEA,EN,Towers with Radar,0,13,44,0,57,0,33,55,10,98,0,46,99,10,155,48,0,48,203
06/10/2022,HEF,VA,AEA,EN,Towers with Radar,0,19,50,3,72,0,47,152,7,206,0,66,202,10,278,204,0,204,482
06/11/2022,HEF,VA,AEA,EN,Towers with Radar,0,9,43,0,52,0,18,50,0,68,0,27,93,0,120,135,0,135,255
06/12/2022,HEF,VA,AEA,EN,Towers with Radar,0,14,55,2,71,0,3,20,0,23,0,17,75,2,94,147,0,147,241
06/13/2022,HEF,VA,AEA,EN,Towers with Radar,0,9,48,0,57,0,30,102,9,141,0,39,150,9,198,128,0,128,326
06/14/2022,HEF,VA,AEA,EN,Towers with Radar,0,7,53,6,66,0,23,47,12,82,0,30,100,18,148,148,0,148,296
06/15/2022,HEF,VA,AEA,EN,Towers with Radar,0,12,65,0,77,0,46,96,8,150,0,58,161,8,227,226,0,226,453
06/16/2022,HEF,VA,AEA,EN,Towers with Radar,0,21,56,1,78,0,20,36,16,72,0,41,92,17,150,130,0,130,280
06/17/2022,HEF,VA,AEA,EN,Towers with Radar,0,16,53,0,69,0,28,70,2,100,0,44,123,2,169,81,0,81,250
06/18/2022,HEF,VA,AEA,EN,Towers with Radar,0,12,30,2,44,0,16,87,0,103,0,28,117,2,147,56,0,56,203
06/19/2022,HEF,VA,AEA,EN,Towers with Radar,0,6,37,2,45,0,16,76,0,92,0,22,113,2,137,0,0,0,137
06/20/2022,HEF,VA,AEA,EN,Towers with Radar,0,9,74,0,83,0,34,168,0,202,0,43,242,0,285,234,0,234,519
06/21/2022,HEF,VA,AEA,EN,Towers with Radar,0,10,53,0,63,0,41,74,5,120,0,51,127,5,183,157,0,157,340
06/22/2022,HEF,VA,AEA,EN,Towers with Radar,0,12,39,0,51,0,23,51,3,77,0,35,90,3,128,66,0,66,194
06/23/2022,HEF,VA,AEA,EN,Towers with Radar,0,23,64,0,87,0,1,4,0,5,0,24,68,0,92,6,0,6,98
06/24/2022,HEF,VA,AEA,EN,Towers with Radar,0,20,76,0,96,0,32,78,2,112,0,52,154,2,208,288,0,288,496
06/25/2022,HEF,VA,AEA,EN,Towers with Radar,0,16,36,0,52,0,32,148,3,183,0,48,184,3,235,178,0,178,413
06/26/2022,HEF,VA,AEA,EN,Towers with Radar,0,7,65,0,72,0,20,90,0,110,0,27,155,0,182,178,0,178,360
06/27/2022,HEF,VA,AEA,EN,Towers with Radar,0,12,58,1,71,0,12,25,6,43,0,24,83,7,114,126,0,126,240
06/28/2022,HEF,VA,AEA,EN,Towers with Radar,0,14,28,2,44,0,30,117,10,157,0,44,145,12,201,237,5,242,443
06/29/2022,HEF,VA,AEA,EN,Towers with Radar,0,17,31,0,48,0,43,109,10,162,0,60,140,10,210,207,0,207,417
06/30/2022,HEF,VA,AEA,EN,Towers with Radar,0,16,60,0,76,0,32,114,6,152,0,48,174,6,228,180,0,180,408
07/01/2022,HEF,VA,AEA,EN,Towers with Radar,0,15,48,0,63,0,29,83,9,121,0,44,131,9,184,174,0,174,358
07/02/2022,HEF,VA,AEA,EN,Towers with Radar,0,15,25,0,40,0,14,75,0,89,0,29,100,0,129,157,0,157,286
07/03/2022,HEF,VA,AEA,EN,Towers with Radar,0,8,41,0,49,0,18,79,0,97,0,26,120,0,146,169,0,169,315
07/04/2022,HEF,VA,AEA,EN,Towers with Radar,0,2,24,0,26,0,14,74,0,88,0,16,98,0,114,63,0,63,177
07/05/2022,HEF,VA,AEA,EN,Towers with Radar,0,12,53,1,66,0,15,40,7,62,0,27,93,8,128,75,0,75,203
07/06/2022,HEF,VA,AEA,EN,Towers with Radar,0,10,36,0,46,0,21,64,8,93,0,31,100,8,139,192,0,192,331
07/07/2022,HEF,VA,AEA,EN,Towers with Radar,0,19,24,0,43,0,9,15,10,34,0,28,39,10,77,165,0,165,242
07/08/2022,HEF,VA,AEA,EN,Towers with Radar,0,26,53,0,79,0,20,33,7,60,0,46,86,7,139,214,0,214,353
07/09/2022,HEF,VA,AEA,EN,Towers with Radar,0,15,25,0,40,0,1,2,0,3,0,16,27,0,43,0,0,0,43
07/10/2022,HEF,VA,AEA,EN,Towers with Radar,0,4,47,0,51,0,27,140,0,167,0,31,187,0,218,144,0,144,362
07/11/2022,HEF,VA,AEA,EN,Towers with Radar,0,11,54,2,67,0,48,136,9,193,0,59,190,11,260,132,0,132,392
07/12/2022,HEF,VA,AEA,EN,Towers with Radar,0,13,28,0,41,0,27,68,6,101,0,40,96,6,142,163,0,163,305
07/13/2022,HEF,VA,AEA,EN,Towers with Radar,0,21,42,1,64,0,37,113,9,159,0,58,155,10,223,197,0,197,420
07/14/2022,HEF,VA,AEA,EN,Towers with Radar,0,21,37,0,58,0,22,75,10,107,0,43,112,10,165,220,0,220,385
07/15/2022,HEF,VA,AEA,EN,Towers with Radar,0,13,42,2,57,0,28,117,6,151,0,41,159,8,208,224,0,224,432
07/16/2022,HEF,VA,AEA,EN,Towers with Radar,0,11,24,0,35,0,13,70,2,85,0,24,94,2,120,130,0,130,250
07/17/2022,HEF,VA,AEA,EN,Towers with Radar,0,16,39,0,55,0,1,34,0,35,0,17,73,0,90,170,0,170,260
07/18/2022,HEF,VA,AEA,EN,Towers with Radar,0,9,33,2,44,0,6,37,6,49,0,15,70,8,93,96,0,96,189
07/19/2022,HEF,VA,AEA,EN,Towers with Radar,0,22,50,4,76,0,29,107,10,146,0,51,157,14,222,297,4,301,523
07/20/2022,HEF,VA,AEA,EN,Towers with Radar,0,21,49,2,72,0,37,137,9,183,0,58,186,11,255,224,0,224,479
07/21/2022,HEF,VA,AEA,EN,Towers with Radar,0,25,53,4,82,0,47,85,9,141,0,72,138,13,223,218,0,218,441
07/22/2022,HEF,VA,AEA,EN,Towers with Radar,0,22,41,5,68,0,38,136,8,182,0,60,177,13,250,248,0,248,498
07/23/2022,HEF,VA,AEA,EN,Towers with Radar,0,9,47,1,57,0,36,109,0,145,0,45,156,1,202,158,0,158,360
07/24/2022,HEF,VA,AEA,EN,Towers with Radar,0,11,43,3,57,0,32,112,0,144,0,43,155,3,201,0,0,0,201
07/25/2022,HEF,VA,AEA,EN,Towers with Radar,0,8,20,0,28,0,17,51,8,76,0,25,71,8,104,120,0,120,224
07/26/2022,HEF,VA,AEA,EN,Towers with Radar,0,14,38,0,52,0,19,39,2,60,0,33,77,2,112,364,0,364,476
07/27/2022,HEF,VA,AEA,EN,Towers with Radar,0,13,68,3,84,0,35,81,5,121,0,48,149,8,205,182,0,182,387
07/28/2022,HEF,VA,AEA,EN,Towers with Radar,0,12,61,4,77,0,42,86,10,138,0,54,147,14,215,130,0,130,345
07/29/2022,HEF,VA,AEA,EN,Towers with Radar,0,16,49,4,69,0,37,48,10,95,0,53,97,14,164,182,0,182,346
07/30/2022,HEF,VA,AEA,EN,Towers with Radar,0,5,30,6,41,0,27,164,0,191,0,32,194,6,232,154,0,154,386
07/31/2022,HEF,VA,AEA,EN,Towers with Radar,0,17,26,0,43,0,17,48,0,65,0,34,74,0,108,166,0,166,274
08/01/2022,HEF,VA,AEA,EN,Towers with Radar,0,9,25,0,34,0,20,55,4,79,0,29,80,4,113,288,0,288,401
08/02/2022,HEF,VA,AEA,EN,Towers with Radar,0,21,40,0,61,0,36,115,9,160,0,57,155,9,221,318,0,318,539
08/03/2022,HEF,VA,AEA,EN,Towers with Radar,0,21,43,0,64,0,31,116,9,156,0,52,159,9,220,248,0,248,468
08/04/2022,HEF,VA,AEA,EN,Towers with Radar,0,17,53,0,70,0,37,63,6,106,0,54,116,6,176,186,0,186,362
08/05/2022,HEF,VA,AEA,EN,Towers with Radar,0,15,28,2,45,0,25,69,4,98,0,40,97,6,143,112,0,112,255
08/06/2022,HEF,VA,AEA,EN,Towers with Radar,0,15,30,0,45,0,15,88,0,103,0,30,118,0,148,201,0,201,349
08/07/2022,HEF,VA,AEA,EN,Towers with Radar,0,17,35,3,55,0,33,103,0,136,0,50,138,3,191,68,0,68,259
08/08/2022,HEF,VA,AEA,EN,Towers with Radar,0,4,37,1,42,0,46,87,10,143,0,50,124,11,185,174,0,174,359
08/09/2022,HEF,VA,AEA,EN,Towers with Radar,0,10,27,3,40,0,37,87,10,134,0,47,114,13,174,188,0,188,362
08/10/2022,HEF,VA,AEA,EN,Towers with Radar,0,11,23,2,36,0,22,55,5,82,0,33,78,7,118,92,4,96,214
08/11/2022,HEF,VA,AEA,EN,Towers with Radar,0,16,53,0,69,0,36,84,15,135,0,52,137,15,204,204,0,204,408
08/12/2022,HEF,VA,AEA,EN,Towers with Radar,0,19,54,2,75,0,30,111,6,147,0,49,165,8,222,188,0,188,410
08/13/2022,HEF,VA,AEA,EN,Towers with Radar,0,12,36,0,48,0,45,175,0,220,0,57,211,0,268,175,0,175,443
08/14/2022,HEF,VA,AEA,EN,Towers with Radar,0,12,56,2,70,0,33,113,0,146,0,45,169,2,216,154,0,154,370
08/15/2022,HEF,VA,AEA,EN,Towers with Radar,0,20,34,0,54,0,0,7,0,7,0,20,41,0,61,14,0,14,75
08/16/2022,HEF,VA,AEA,EN,Towers with Radar,0,15,27,5,47,0,28,64,14,106,0,43,91,19,153,220,0,220,373
08/17/2022,HEF,VA,AEA,EN,Towers with Radar,0,14,43,1,58,0,44,87,8,139,0,58,130,9,197,216,0,216,413
08/18/2022,HEF,VA,AEA,EN,Towers with Radar,0,18,42,0,60,0,24,88,4,116,0,42,130,4,176,279,0,279,455
08/19/2022,HEF,VA,AEA,EN,Towers with Radar,0,14,48,0,62,0,29,96,6,131,0,43,144,6,193,0,0,0,193
08/20/2022,HEF,VA,AEA,EN,Towers with Radar,0,5,36,0,41,0,36,116,0,152,0,41,152,0,193,247,0,247,440
08/21/2022,HEF,VA,AEA,EN,Towers with Radar,0,6,34,0,40,0,5,7,0,12,0,11,41,0,52,110,0,110,162
08/22/2022,HEF,VA,AEA,EN,Towers with Radar,0,6,44,2,52,0,7,8,4,19,0,13,52,6,71,106,0,106,177
08/23/2022,HEF,VA,AEA,EN,Towers with Radar,0,9,43,0,52,0,28,95,4,127,0,37,138,4,179,165,0,165,344
08/24/2022,HEF,VA,AEA,EN,Towers with Radar,0,18,50,0,68,0,35,108,4,147,0,53,158,4,215,249,0,249,464
08/25/2022,HEF,VA,AEA,EN,Towers with Radar,0,14,40,0,54,0,30,101,9,140,0,44,141,9,194,231,0,231,425
08/26/2022,HEF,VA,AEA,EN,Towers with Radar,0,13,44,2,59,0,40,105,5,150,0,53,149,7,209,238,0,238,447
08/27/2022,HEF,VA,AEA,EN,Towers with Radar,0,7,33,0,40,0,28,133,0,161,0,35,166,0,201,186,0,186,387
08/28/2022,HEF,VA,AEA,EN,Towers with Radar,0,16,27,6,49,0,42,104,0,146,0,58,131,6,195,0,0,0,195
08/29/2022,HEF,VA,AEA,EN,Towers with Radar,0,11,34,1,46,0,23,71,10,104,0,34,105,11,150,402,0,402,552
08/30/2022,HEF,VA,AEA,EN,Towers with Radar,0,7,26,1,34,0,18,57,8,83,0,25,83,9,117,118,0,118,235
08/31/2022,HEF,VA,AEA,EN,Towers with Radar,0,13,34,0,47,0,29,112,9,150,0,42,146,9,197,284,0,284,481
09/01/2022,HEF,VA,AEA,EN,Towers with Radar,0,16,31,1,48,0,24,123,6,153,0,40,154,7,201,258,0,258,459
09/02/2022,HEF,VA,AEA,EN,Towers with Radar,0,12,35,0,47,0,34,131,6,171,0,46,166,6,218,242,0,242,460
09/03/2022,HEF,VA,AEA,EN,Towers with Radar,0,18,48,0,66,0,11,67,1,79,0,29,115,1,145,118,0,118,263
09/04/2022,HEF,VA,AEA,EN,Towers with Radar,0,6,33,0,39,0,20,82,0,102,0,26,115,0,141,180,0,180,321
09/05/2022,HEF,VA,AEA,EN,Towers with Radar,0,12,46,0,58,0,11,47,0,58,0,23,93,0,116,122,0,122,238
09/06/2022,HEF,VA,AEA,EN,Towers with Radar,0,16,33,0,49,0,4,31,5,40,0,20,64,5,89,171,0,171,260
09/07/2022,HEF,VA,AEA,EN,Towers with Radar,0,7,45,0,52,0,0,3,2,5,0,7,48,2,57,50,0,50,107
09/08/2022,HEF,VA,AEA,EN,Towers with Radar,0,20,50,1,71,0,22,86,5,113,0,42,136,6,184,349,0,349,533
09/09/2022,HEF,VA,AEA,EN,Towers with Radar,0,22,53,1,76,0,35,151,12,198,0,57,204,13,274,249,0,249,523
09/10/2022,HEF,VA,AEA,EN,Towers with Radar,0,15,48,0,63,0,11,115,0,126,0,26,163,0,189,491,0,491,680
09/11/2022,HEF,VA,AEA,EN,Towers with Radar,0,9,45,1,55,0,2,2,0,4,0,11,47,1,59,0,0,0,59
09/12/2022,HEF,VA,AEA,EN,Towers with Radar,0,3,36,4,43,0,0,4,0,4,0,3,40,4,47,54,0,54,101
09/13/2022,HEF,VA,AEA,EN,Towers with Radar,0,13,56,2,71,0,13,95,6,114,0,26,151,8,185,199,18,217,402
09/14/2022,HEF,VA,AEA,EN,Towers with Radar,0,13,47,0,60,0,30,116,5,151,0,43,163,5,211,228,0,228,439
09/15/2022,HEF,VA,AEA,EN,Towers with Radar,0,11,74,3,88,0,34,105,10,149,0,45,179,13,237,246,0,246,483
09/16/2022,HEF,VA,AEA,EN,Towers with Radar,0,19,67,2,88,0,35,122,6,163,0,54,189,8,251,260,0,260,511
09/17/2022,HEF,VA,AEA,EN,Towers with Radar,0,9,45,0,54,0,24,106,0,130,0,33,151,0,184,213,0,213,397
09/18/2022,HEF,VA,AEA,EN,Towers with Radar,0,12,67,1,80,0,26,108,0,134,0,38,175,1,214,140,0,140,354
09/19/2022,HEF,VA,AEA,EN,Towers with Radar,0,11,43,3,57,0,22,75,3,100,0,33,118,6,157,322,0,322,479
09/20/2022,HEF,VA,AEA,EN,Towers with Radar,0,6,54,0,60,0,30,103,2,135,0,36,157,2,195,210,0,210,405
09/21/2022,HEF,VA,AEA,EN,Towers with Radar,0,17,58,1,76,0,31,105,3,139,0,48,163,4,215,234,0,234,449
09/22/2022,HEF,VA,AEA,EN,Towers with Radar,0,17,60,6,83,0,11,19,1,31,0,28,79,7,114,30,0,30,144
09/23/2022,HEF,VA,AEA,EN,Towers with Radar,0,15,60,3,78,0,26,61,4,91,0,41,121,7,169,111,0,111,280
09/24/2022,HEF,VA,AEA,EN,Towers with Radar,0,9,39,2,50,0,26,151,3,180,0,35,190,5,230,288,0,288,518
09/25/2022,HEF,VA,AEA,EN,Towers with Radar,0,16,46,1,63,0,14,65,0,79,0,30,111,1,142,97,0,97,239
09/26/2022,HEF,VA,AEA,EN,Towers with Radar,0,11,35,5,51,0,21,64,9,94,0,32,99,14,145,191,0,191,336
09/27/2022,HEF,VA,AEA,EN,Towers with Radar,0,12,58,4,74,0,36,100,8,144,0,48,158,12,218,114,0,114,332
09/28/2022,HEF,VA,AEA,EN,Towers with Radar,0,11,51,4,66,0,24,93,10,127,0,35,144,14,193,198,0,198,391
09/29/2022,HEF,VA,AEA,EN,Towers with Radar,0,15,52,0,67,0,20,91,15,126,0,35,143,15,193,77,0,77,270
09/30/2022,HEF,VA,AEA,EN,Towers with Radar,0,13,32,3,48,0,11,27,6,44,0,24,59,9,92,224,0,224,316
10/01/2022,HEF,VA,AEA,EN,Towers with Radar,0,4,21,0,25,0,0,0,0,0,0,4,21,0,25,0,0,0,25
10/02/2022,HEF,VA,AEA,EN,Towers with Radar,0,4,18,0,22,0,0,0,0,0,0,4,18,0,22,0,0,0,22
10/03/2022,HEF,VA,AEA,EN,Towers with Radar,0,17,36,8,61,0,21,24,7,52,0,38,60,15,113,21,0,21,134
10/04/2022,HEF,VA,AEA,EN,Towers with Radar,0,17,42,4,63,0,3,8,2,13,0,20,50,6,76,101,0,101,177
10/05/2022,HEF,VA,AEA,EN,Towers with Radar,0,13,49,6,68,0,21,45,10,76,0,34,94,16,144,271,0,271,415
10/06/2022,HEF,VA,AEA,EN,Towers with Radar,0,16,56,4,76,0,44,139,10,193,0,60,195,14,269,256,0,256,525
10/07/2022,HEF,VA,AEA,EN,Towers with Radar,0,22,70,2,94,0,52,123,9,184,0,74,193,11,278,306,0,306,584
10/08/2022,HEF,VA,AEA,EN,Towers with Radar,0,12,24,0,36,0,22,101,0,123,0,34,125,0,159,226,0,226,385
10/09/2022,HEF,VA,AEA,EN,Towers with Radar,0,17,49,0,66,0,23,133,0,156,0,40,182,0,222,238,0,238,460
10/10/2022,HEF,VA,AEA,EN,Towers with Radar,0,5,54,0,59,0,40,134,0,174,0,45,188,0,233,224,0,224,457
10/11/2022,HEF,VA,AEA,EN,Towers with Radar,0,24,53,7,84,0,32,115,7,154,0,56,168,14,238,224,0,224,462
10/12/2022,HEF,VA,AEA,EN,Towers with Radar,0,16,60,3,79,0,35,137,6,178,0,51,197,9,257,322,0,322,579
10/13/2022,HEF,VA,AEA,EN,Towers with Radar,0,20,31,0,51,0,2,3,0,5,0,22,34,0,56,62,0,62,118
10/14/2022,HEF,VA,AEA,EN,Towers with Radar,0,9,62,3,74,0,23,113,17,153,0,32,175,20,227,182,0,182,409
10/15/2022,HEF,VA,AEA,EN,Towers with Radar,0,10,28,1,39,0,16,87,0,103,0,26,115,1,142,40,0,40,182
10/16/2022,HEF,VA,AEA,EN,Towers with Radar,0,14,50,2,66,0,17,103,0,120,0,31,153,2,186,0,0,0,186
10/17/2022,HEF,VA,AEA,EN,Towers with Radar,0,8,38,1,47,0,11,42,6,59,0,19,80,7,106,109,0,109,215
10/18/2022,HEF,VA,AEA,EN,Towers with Radar,0,25,33,1,59,0,34,110,14,158,0,59,143,15,217,233,10,243,460
10/19/2022,HEF,VA,AEA,EN,Towers with Radar,0,20,66,0,86,0,33,97,10,140,0,53,163,10,226,186,0,186,412
10/20/2022,HEF,VA,AEA,EN,Towers with Radar,0,23,51,0,74,0,28,108,12,148,0,51,159,12,222,162,0,162,384
10/21/2022,HEF,VA,AEA,EN,Towers with Radar,0,19,63,2,84,0,32,124,10,166,0,51,187,12,250,267,0,267,517
10/22/2022,HEF,VA,AEA,EN,Towers with Radar,0,14,25,2,41,0,23,184,0,207,0,37,209,2,248,168,0,168,416
10/23/2022,HEF,VA,AEA,EN,Towers with Radar,0,24,49,4,77,0,9,53,0,62,0,33,102,4,139,0,0,0,139
10/24/2022,HEF,VA,AEA,EN,Towers with Radar,0,20,40,0,60,0,11,22,6,39,0,31,62,6,99,190,0,190,289
10/25/2022,HEF,VA,AEA,EN,Towers with Radar,0,18,57,2,77,0,4,18,0,22,0,22,75,2,99,244,0,244,343
10/26/2022,HEF,VA,AEA,EN,Towers with Radar,0,23,44,2,69,0,9,26,12,47,0,32,70,14,116,240,0,240,356
10/27/2022,HEF,VA,AEA,EN,Towers with Radar,0,11,48,0,59,0,31,80,6,117,0,42,128,6,176,172,0,172,348
10/28/2022,HEF,VA,AEA,EN,Towers with Radar,0,21,55,1,77,0,29,98,10,137,0,50,153,11,214,218,0,218,432
10/29/2022,HEF,VA,AEA,EN,Towers with Radar,0,13,44,1,58,0,35,141,0,176,0,48,185,1,234,184,0,184,418
10/30/2022,HEF,VA,AEA,EN,Towers with Radar,0,11,44,2,57,0,21,117,4,142,0,32,161,6,199,206,0,206,405
10/31/2022,HEF,VA,AEA,EN,Towers with Radar,0,6,30,0,36,0,13,24,4,41,0,19,54,4,77,215,0,215,292
11/01/2022,HEF,VA,AEA,EN,Towers with Radar,0,16,22,0,38,0,17,64,10,91,0,33,86,10,129,184,0,184,313
11/02/2022,HEF,VA,AEA,EN,Towers with Radar,0,13,35,0,48,0,31,109,10,150,0,44,144,10,198,168,0,168,366
11/03/2022,HEF,VA,AEA,EN,Towers with Radar,0,17,57,2,76,0,26,110,10,146,0,43,167,12,222,238,0,238,460
11/04/2022,HEF,VA,AEA,EN,Towers with Radar,0,12,41,2,55,0,35,132,7,174,0,47,173,9,229,242,0,242,471
11/05/2022,HEF,VA,AEA,EN,Towers with Radar,0,8,25,0,33,0,21,78,0,99,0,29,103,0,132,163,0,163,295
11/06/2022,HEF,VA,AEA,EN,Towers with Radar,0,16,36,1,53,0,4,22,0,26,0,20,58,1,79,54,0,54,133
11/07/2022,HEF,VA,AEA,EN,Towers with Radar,0,11,38,2,51,0,24,80,6,110,0,35,118,8,161,182,0,182,343
11/08/2022,HEF,VA,AEA,EN,Towers with Radar,0,16,28,1,45,0,18,92,8,118,0,34,120,9,163,105,0,105,268
11/09/2022,HEF,VA,AEA,EN,Towers with Radar,0,18,47,5,70,0,27,111,9,147,0,45,158,14,217,243,0,243,460
11/10/2022,HEF,VA,AEA,EN,Towers with Radar,0,17,56,0,73,0,29,90,7,126,0,46,146,7,199,201,0,201,400
11/11/2022,HEF,VA,AEA,EN,Towers with Radar,0,10,18,0,28,0,0,0,0,0,0,10,18,0,28,0,0,0,28
11/12/2022,HEF,VA,AEA,EN,Towers with Radar,0,6,35,0,41,0,24,106,0,130,0,30,141,0,171,238,0,238,409
11/13/2022,HEF,VA,AEA,EN,Towers with Radar,0,11,47,0,58,0,7,39,0,46,0,18,86,0,104,14,0,14,118
11/14/2022,HEF,VA,AEA,EN,Towers with Radar,0,15,41,1,57,0,38,104,5,147,0,53,145,6,204,228,0,228,432
11/15/2022,HEF,VA,AEA,EN,Towers with Radar,0,15,30,2,47,0,7,19,5,31,0,22,49,7,78,169,0,169,247
11/16/2022,HEF,VA,AEA,EN,Towers with Radar,0,19,32,1,52,0,30,66,13,109,0,49,98,14,161,202,0,202,363
11/17/2022,HEF,VA,AEA,EN,Towers with Radar,0,17,45,0,62,0,33,51,7,91,0,50,96,7,153,0,0,0,153
11/18/2022,HEF,VA,AEA,EN,Towers with Radar,0,18,47,1,66,0,45,88,3,136,0,63,135,4,202,166,0,166,368
11/19/2022,HEF,VA,AEA,EN,Towers with Radar,0,10,34,0,44,0,33,129,0,162,0,43,163,0,206,224,0,224,430
11/20/2022,HEF,VA,AEA,EN,Towers with Radar,0,8,31,0,39,0,7,26,0,33,0,15,57,0,72,0,0,0,72
11/21/2022,HEF,VA,AEA,EN,Towers with Radar,0,8,37,0,45,0,30,84,9,123,0,38,121,9,168,286,0,286,454
11/22/2022,HEF,VA,AEA,EN,Towers with Radar,0,16,45,0,61,0,25,114,5,144,0,41,159,5,205,155,0,155,360
11/23/2022,HEF,VA,AEA,EN,Towers with Radar,0,11,48,0,59,0,28,88,7,123,0,39,136,7,182,264,0,264,446
11/24/2022,HEF,VA,AEA,EN,Towers with Radar,0,4,18,0,22,0,17,30,0,47,0,21,48,0,69,2,0,2,71
11/25/2022,HEF,VA,AEA,EN,Towers with Radar,0,3,18,0,21,0,6,8,4,18,0,9,26,4,39,28,0,28,67
11/26/2022,HEF,VA,AEA,EN,Towers with Radar,0,11,55,0,66,0,23,112,0,135,0,34,167,0,201,164,0,164,365
11/27/2022,HEF,VA,AEA,EN,Towers with Radar,0,11,37,0,48,0,0,0,0,0,0,11,37,0,48,20,0,20,68
11/28/2022,HEF,VA,AEA,EN,Towers with Radar,0,5,40,0,45,0,19,43,5,67,0,24,83,5,112,62,0,62,174
11/29/2022,HEF,VA,AEA,EN,Towers with Radar,0,16,34,0,50,0,23,65,10,98,0,39,99,10,148,97,0,97,245
11/30/2022,HEF,VA,AEA,EN,Towers with Radar,0,10,25,1,36,0,3,6,4,13,0,13,31,5,49,6,0,6,55
12/01/2022,HEF,VA,AEA,EN,Towers with Radar,0,12,48,1,61,0,30,33,8,71,0,42,81,9,132,113,0,113,245
12/02/2022,HEF,VA,AEA,EN,Towers with Radar,0,13,55,4,72,0,34,97,8,139,0,47,152,12,211,184,0,184,395
12/03/2022,HEF,VA,AEA,EN,Towers with Radar,0,7,20,2,29,0,7,7,0,14,0,14,27,2,43,16,0,16,59
12/04/2022,HEF,VA,AEA,EN,Towers with Radar,0,17,32,3,52,0,30,118,0,148,0,47,150,3,200,286,0,286,486
12/05/2022,HEF,VA,AEA,EN,Towers with Radar,0,10,44,1,55,0,24,82,6,112,0,34,126,7,167,216,0,216,383
12/06/2022,HEF,VA,AEA,EN,Towers with Radar,0,8,28,0,36,0,0,0,0,0,0,8,28,0,36,3,0,3,39
12/07/2022,HEF,VA,AEA,EN,Towers with Radar,0,11,35,2,48,0,0,0,0,0,0,11,35,2,48,0,0,0,48
12/08/2022,HEF,VA,AEA,EN,Towers with Radar,0,16,60,1,77,0,27,63,4,94,0,43,123,5,171,317,0,317,488
12/09/2022,HEF,VA,AEA,EN,Towers with Radar,0,15,27,1,43,0,40,83,2,125,0,55,110,3,168,204,0,204,372
12/10/2022,HEF,VA,AEA,EN,Towers with Radar,0,11,26,1,38,0,33,111,0,144,0,44,137,1,182,172,0,172,354
12/11/2022,HEF,VA,AEA,EN,Towers with Radar,0,13,31,2,46,0,6,16,1,23,0,19,47,3,69,0,0,0,69
12/12/2022,HEF,VA,AEA,EN,Towers with Radar,0,10,44,2,56,0,26,51,13,90,0,36,95,15,146,189,0,189,335
12/13/2022,HEF,VA,AEA,EN,Towers with Radar,0,7,51,1,59,0,32,108,14,154,0,39,159,15,213,0,0,0,213
12/14/2022,HEF,VA,AEA,EN,Towers with Radar,0,7,35,0,42,0,29,97,18,144,0,36,132,18,186,14,0,14,200
12/15/2022,HEF,VA,AEA,EN,Towers with Radar,0,8,18,0,26,0,0,0,0,0,0,8,18,0,26,0,0,0,26
12/16/2022,HEF,VA,AEA,EN,Towers with Radar,0,14,39,2,55,0,30,88,9,127,0,44,127,11,182,134,0,134,316
12/17/2022,HEF,VA,AEA,EN,Towers with Radar,0,8,37,4,49,0,37,108,0,145,0,45,145,4,194,170,0,170,364
12/18/2022,HEF,VA,AEA,EN,Towers with Radar,0,6,45,1,52,0,29,77,0,106,0,35,122,1,158,117,0,117,275
12/19/2022,HEF,VA,AEA,EN,Towers with Radar,0,4,24,4,32,0,24,84,6,114,0,28,108,10,146,167,0,167,313
12/20/2022,HEF,VA,AEA,EN,Towers with Radar,0,10,43,0,53,0,27,114,6,147,0,37,157,6,200,121,0,121,321
12/21/2022,HEF,VA,AEA,EN,Towers with Radar,0,15,48,0,63,0,38,93,9,140,0,53,141,9,203,96,0,96,299
12/22/2022,HEF,VA,AEA,EN,Towers with Radar,0,8,6,0,14,0,0,0,0,0,0,8,6,0,14,0,0,0,14
12/23/2022,HEF,VA,AEA,EN,Towers with Radar,0,7,13,0,20,0,0,2,0,2,0,7,15,0,22,0,0,0,22
12/24/2022,HEF,VA,AEA,EN,Towers with Radar,0,11,9,0,20,0,9,22,0,31,0,20,31,0,51,34,0,34,85
12/25/2022,HEF,VA,AEA,EN,Towers with Radar,0,2,6,0,8,0,4,19,0,23,0,6,25,0,31,8,0,8,39
12/26/2022,HEF,VA,AEA,EN,Towers with Radar,0,10,33,0,43,0,28,62,0,90,0,38,95,0,133,70,0,70,203
12/27/2022,HEF,VA,AEA,EN,Towers with Radar,0,17,29,0,46,0,36,99,4,139,0,53,128,4,185,71,0,71,256
12/28/2022,HEF,VA,AEA,EN,Towers with Radar,0,19,50,0,69,0,18,111,4,133,0,37,161,4,202,80,0,80,282
12/29/2022,HEF,VA,AEA,EN,Towers with Radar,0,17,45,0,62,0,30,113,4,147,0,47,158,4,209,149,0,149,358
12/30/2022,HEF,VA,AEA,EN,Towers with Radar,0,19,29,0,48,0,41,125,4,170,0,60,154,4,218,218,0,218,436
12/31/2022,HEF,VA,AEA,EN,Towers with Radar,0,12,9,0,21,0,0,0,0,0,0,12,9,0,21,10,0,10,31
01/01/2023,HEF,VA,AEA,EN,Towers with Radar,0,7,24,0,31,0,17,60,0,77,0,24,84,0,108,52,0,52,160
01/02/2023,HEF,VA,AEA,EN,Towers with Radar,0,5,43,0,48,0,42,108,0,150,0,47,151,0,198,259,0,259,457
01/03/2023,HEF,VA,AEA,EN,Towers with Radar,0,20,35,0,55,0,15,30,6,51,0,35,65,6,106,125,0,125,231
01/04/2023,HEF,VA,AEA,EN,Towers with Radar,0,16,27,2,45,0,10,16,7,33,0,26,43,9,78,126,0,126,204
01/05/2023,HEF,VA,AEA,EN,Towers with Radar,0,8,31,2,41,0,37,89,11,137,0,45,120,13,178,360,0,360,538
01/06/2023,HEF,VA,AEA,EN,Towers with Radar,0,16,37,0,53,0,30,99,10,139,0,46,136,10,192,230,0,230,422
01/07/2023,HEF,VA,AEA,EN,Towers with Radar,0,11,39,0,50,0,33,127,4,164,0,44,166,4,214,108,0,108,322
01/08/2023,HEF,VA,AEA,EN,Towers with Radar,0,13,32,0,45,0,24,79,0,103,0,37,111,0,148,128,0,128,276
01/09/2023,HEF,VA,AEA,EN,Towers with Radar,0,2,31,2,35,0,18,58,16,92,0,20,89,18,127,107,0,107,234
01/10/2023,HEF,VA,AEA,EN,Towers with Radar,0,9,27,2,38,0,26,90,14,130,0,35,117,16,168,277,0,277,445
01/11/2023,HEF,VA,AEA,EN,Towers with Radar,0,17,27,0,44,0,27,90,4,121,0,44,117,4,165,292,0,292,457
01/12/2023,HEF,VA,AEA,EN,Towers with Radar,0,22,23,1,46,0,2,11,12,25,0,24,34,13,71,59,0,59,130
01/13/2023,HEF,VA,AEA,EN,Towers with Radar,0,12,34,0,46,0,16,49,14,79,0,28,83,14,125,70,0,70,195
01/14/2023,HEF,VA,AEA,EN,Towers with Radar,0,4,19,0,23,0,6,41,0,47,0,10,60,0,70,94,0,94,164
01/15/2023,HEF,VA,AEA,EN,Towers with Radar,0,12,38,0,50,0,14,89,0,103,0,26,127,0,153,74,0,74,227
01/16/2023,HEF,VA,AEA,EN,Towers with Radar,0,6,42,0,48,0,39,176,0,215,0,45,218,0,263,134,0,134,397
01/17/2023,HEF,VA,AEA,EN,Towers with Radar,0,15,25,2,42,0,0,1,2,3,0,15,26,4,45,42,0,42,87
01/18/2023,HEF,VA,AEA,EN,Towers with Radar,0,8,37,0,45,0,48,123,16,187,0,56,160,16,232,144,0,144,376
01/19/2023,HEF,VA,AEA,EN,Towers with Radar,0,16,14,0,30,0,0,4,0,4,0,16,18,0,34,0,0,0,34
01/20/2023,HEF,VA,AEA,EN,Towers with Radar,0,13,29,2,44,0,29,50,7,86,0,42,79,9,130,174,0,174,304
01/21/2023,HEF,VA,AEA,EN,Towers with Radar,0,10,31,0,41,0,37,192,0,229,0,47,223,0,270,203,0,203,473
01/22/2023,HEF,VA,AEA,EN,Towers with Radar,0,9,17,0,26,0,2,30,0,32,0,11,47,0,58,0,0,0,58
01/23/2023,HEF,VA,AEA,EN,Towers with Radar,0,12,23,1,36,0,4,27,6,37,0,16,50,7,73,53,0,53,126
01/24/2023,HEF,VA,AEA,EN,Towers with Radar,0,25,41,0,66,0,30,126,8,164,0,55,167,8,230,174,0,174,404
01/25/2023,HEF,VA,AEA,EN,Towers with Radar,0,12,34,0,46,0,4,3,2,9,0,16,37,2,55,40,0,40,95
01/26/2023,HEF,VA,AEA,EN,Towers with Radar,0,14,48,0,62,0,26,57,12,95,0,40,105,12,157,135,0,135,292
01/27/2023,HEF,VA,AEA,EN,Towers with Radar,0,15,49,2,66,0,43,128,8,179,0,58,177,10,245,108,0,108,353
01/28/2023,HEF,VA,AEA,EN,Towers with Radar,0,11,37,0,48,0,34,185,0,219,0,45,222,0,267,248,0,248,515
01/29/2023,HEF,VA,AEA,EN,Towers with Radar,0,11,44,0,55,0,20,45,0,65,0,31,89,0,120,0,0,0,120
01/30/2023,HEF,VA,AEA,EN,Towers with Radar,0,10,36,0,46,0,22,98,9,129,0,32,134,9,175,186,0,186,361
01/31/2023,HEF,VA,AEA,EN,Towers with Radar,0,10,18,0,28,0,1,4,0,5,0,11,22,0,33,0,0,0,33
02/01/2023,HEF,VA,AEA,EN,Towers with Radar,0,9,26,0,35,0,18,83,8,109,0,27,109,8,144,151,0,151,295
02/02/2023,HEF,VA,AEA,EN,Towers with Radar,0,20,26,2,48,0,6,23,6,35,0,26,49,8,83,267,0,267,350
02/03/2023,HEF,VA,AEA,EN,Towers with Radar,0,10,23,0,33,0,6,15,14,35,0,16,38,14,68,2,0,2,70
02/04/2023,HEF,VA,AEA,EN,Towers with Radar,0,16,33,0,49,0,29,97,0,126,0,45,130,0,175,84,0,84,259
02/05/2023,HEF,VA,AEA,EN,Towers with Radar,0,13,36,0,49,0,42,71,0,113,0,55,107,0,162,0,0,0,162
02/06/2023,HEF,VA,AEA,EN,Towers with Radar,0,16,29,0,45,0,22,56,11,89,0,38,85,11,134,106,0,106,240
02/07/2023,HEF,VA,AEA,EN,Towers with Radar,0,15,54,0,69,0,27,90,6,123,0,42,144,6,192,123,0,123,315
02/08/2023,HEF,VA,AEA,EN,Towers with Radar,0,16,54,1,71,0,37,146,10,193,0,53,200,11,264,187,0,187,451
02/09/2023,HEF,VA,AEA,EN,Towers with Radar,0,21,42,0,63,0,23,63,10,96,0,44,105,10,159,101,3,104,263
02/10/2023,HEF,VA,AEA,EN,Towers with Radar,0,23,27,0,50,0,36,105,6,147,0,59,132,6,197,186,0,186,383
02/11/2023,HEF,VA,AEA,EN,Towers with Radar,0,10,36,0,46,0,28,186,0,214,0,38,222,0,260,184,0,184,444
02/12/2023,HEF,VA,AEA,EN,Towers with Radar,0,8,16,0,24,0,0,1,0,1,0,8,17,0,25,4,0,4,29
02/13/2023,HEF,VA,AEA,EN,Towers with Radar,0,11,30,2,43,0,26,80,4,110,0,37,110,6,153,180,0,180,333
02/14/2023,HEF,VA,AEA,EN,Towers with Radar,0,18,19,0,37,0,28,93,6,127,0,46,112,6,164,125,0,125,289
02/15/2023,HEF,VA,AEA,EN,Towers with Radar,0,15,31,0,46,0,23,49,7,79,0,38,80,7,125,64,0,64,189
02/16/2023,HEF,VA,AEA,EN,Towers with Radar,0,23,34,0,57,0,5,16,4,25,0,28,50,4,82,154,0,154,236
02/17/2023,HEF,VA,AEA,EN,Towers with Radar,0,14,23,0,37,0,0,2,0,2,0,14,25,0,39,4,0,4,43
02/18/2023,HEF,VA,AEA,EN,Towers with Radar,0,11,32,0,43,0,42,173,0,215,0,53,205,0,258,219,0,219,477
02/19/2023,HEF,VA,AEA,EN,Towers with Radar,0,11,40,0,51,0,7,81,0,88,0,18,121,0,139,0,0,0,139
02/20/2023,HEF,VA,AEA,EN,Towers with Radar,0,19,47,0,66,0,28,118,0,146,0,47,165,0,212,0,0,0,212
02/21/2023,HEF,VA,AEA,EN,Towers with Radar,0,13,37,0,50,0,19,33,6,58,0,32,70,6,108,27,0,27,135
02/22/2023,HEF,VA,AEA,EN,Towers with Radar,0,20,26,0,46,0,30,42,9,81,0,50,68,9,127,227,0,227,354
02/23/2023,HEF,VA,AEA,EN,Towers with Radar,0,19,51,0,70,0,48,131,9,188,0,67,182,9,258,148,0,148,406
02/24/2023,HEF,VA,AEA,EN,Towers with Radar,0,9,30,0,39,0,22,47,6,75,0,31,77,6,114,20,0,20,134
02/25/2023,HEF,VA,AEA,EN,Towers with Radar,0,11,18,0,29,0,4,7,0,11,0,15,25,0,40,40,0,40,80
02/26/2023,HEF,VA,AEA,EN,Towers with Radar,0,16,63,0,79,0,26,79,0,105,0,42,142,0,184,0,0,0,184
02/27/2023,HEF,VA,AEA,EN,Towers with Radar,0,11,24,0,35,0,25,57,6,88,0,36,81,6,123,0,0,0,123
02/28/2023,HEF,VA,AEA,EN,Towers with Radar,0,19,35,0,54,0,32,55,5,92,0,51,90,5,146,152,0,152,298
03/01/2023,HEF,VA,AEA,EN,Towers with Radar,0,14,43,0,57,0,35,126,14,175,0,49,169,14,232,131,2,133,365
03/02/2023,HEF,VA,AEA,EN,Towers with Radar,0,15,28,0,43,0,37,102,3,142,0,52,130,3,185,206,0,206,391
03/03/2023,HEF,VA,AEA,EN,Towers with Radar,0,14,20,0,34,0,6,14,3,23,0,20,34,3,57,22,0,22,79
03/04/2023,HEF,VA,AEA,EN,Towers with Radar,0,12,16,0,28,0,0,17,0,17,0,12,33,0,45,18,0,18,63
03/05/2023,HEF,VA,AEA,EN,Towers with Radar,0,16,30,2,48,0,41,151,1,193,0,57,181,3,241,59,0,59,300
03/06/2023,HEF,VA,AEA,EN,Towers with Radar,0,12,47,4,63,0,30,102,9,141,0,42,149,13,204,167,0,167,371
03/07/2023,HEF,VA,AEA,EN,Towers with Radar,0,11,39,2,52,0,6,26,9,41,0,17,65,11,93,50,0,50,143
03/08/2023,HEF,VA,AEA,EN,Towers with Radar,0,13,46,2,61,0,19,60,7,86,0,32,106,9,147,6,0,6,153
03/09/2023,HEF,VA,AEA,EN,Towers with Radar,0,23,55,3,81,0,37,106,9,152,0,60,161,12,233,225,0,225,458
03/10/2023,HEF,VA,AEA,EN,Towers with Radar,0,13,33,0,46,0,4,6,6,16,0,17,39,6,62,24,0,24,86
03/11/2023,HEF,VA,AEA,EN,Towers with Radar,0,12,19,0,31,0,10,21,0,31,0,22,40,0,62,58,0,58,120
03/12/2023,HEF,VA,AEA,EN,Towers with Radar,0,10,15,0,25,0,14,66,0,80,0,24,81,0,105,172,0,172,277
03/13/2023,HEF,VA,AEA,EN,Towers with Radar,0,2,27,0,29,0,14,11,3,28,0,16,38,3,57,0,0,0,57
03/14/2023,HEF,VA,AEA,EN,Towers with Radar,0,7,23,0,30,0,4,8,2,14,0,11,31,2,44,0,0,0,44
03/15/2023,HEF,VA,AEA,EN,Towers with Radar,0,11,35,1,47,0,4,10,3,17,0,15,45,4,64,8,2,10,74
03/16/2023,HEF,VA,AEA,EN,Towers with Radar,0,19,62,0,81,0,47,133,6,186,0,66,195,6,267,304,0,304,571
03/17/2023,HEF,VA,AEA,EN,Towers with Radar,0,15,33,0,48,0,36,47,8,91,0,51,80,8,139,216,0,216,355
03/18/2023,HEF,VA,AEA,EN,Towers with Radar,0,17,27,0,44,0,35,71,0,106,0,52,98,0,150,188,0,188,338
03/19/2023,HEF,VA,AEA,EN,Towers with Radar,0,9,34,0,43,0,21,59,0,80,0,30,93,0,123,8,0,8,131
03/20/2023,HEF,VA,AEA,EN,Towers with Radar,0,16,31,0,47,0,30,89,6,125,0,46,120,6,172,127,0,127,299
03/21/2023,HEF,VA,AEA,EN,Towers with Radar,0,22,28,0,50,0,31,89,4,124,0,53,117,4,174,168,0,168,342
03/22/2023,HEF,VA,AEA,EN,Towers with Radar,0,16,56,1,73,0,35,84,8,127,0,51,140,9,200,66,0,66,266
03/23/2023,HEF,VA,AEA,EN,Towers with Radar,0,22,41,0,63,0,27,53,7,87,0,49,94,7,150,132,0,132,282
03/24/2023,HEF,VA,AEA,EN,Towers with Radar,0,13,48,0,61,0,0,0,0,0,0,13,48,0,61,28,0,28,89
03/25/2023,HEF,VA,AEA,EN,Towers with Radar,0,15,41,0,56,0,0,2,0,2,0,15,43,0,58,0,0,0,58
03/26/2023,HEF,VA,AEA,EN,Towers with Radar,0,8,43,0,51,0,58,161,0,219,0,66,204,0,270,0,0,0,270
03/27/2023,HEF,VA,AEA,EN,Towers with Radar,0,17,48,7,72,0,7,11,2,20,0,24,59,9,92,0,0,0,92
03/28/2023,HEF,VA,AEA,EN,Towers with Radar,0,21,31,1,53,0,55,89,9,153,0,76,120,10,206,130,0,130,336
03/29/2023,HEF,VA,AEA,EN,Towers with Radar,0,12,45,2,59,0,56,105,9,170,0,68,150,11,229,194,0,194,423
03/30/2023,HEF,VA,AEA,EN,Towers with Radar,0,30,41,11,82,0,46,101,8,155,0,76,142,19,237,214,0,214,451
03/31/2023,HEF,VA,AEA,EN,Towers with Radar,0,17,37,2,56,0,32,42,4,78,0,49,79,6,134,154,0,154,288
04/01/2023,HEF,VA,AEA,EN,Towers with Radar,0,7,21,0,28,0,2,2,0,4,0,9,23,0,32,0,0,0,32
04/02/2023,HEF,VA,AEA,EN,Towers with Radar,0,15,34,10,59,0,55,54,2,111,0,70,88,12,170,60,0,60,230
04/03/2023,HEF,VA,AEA,EN,Towers with Radar,0,12,29,0,41,0,49,68,10,127,0,61,97,10,168,0,0,0,168
04/04/2023,HEF,VA,AEA,EN,Towers with Radar,0,28,26,0,54,0,51,98,8,157,0,79,124,8,211,185,2,187,398
04/05/2023,HEF,VA,AEA,EN,Towers with Radar,0,20,30,0,50,0,40,80,1,121,0,60,110,1,171,70,0,70,241
04/06/2023,HEF,VA,AEA,EN,Towers with Radar,0,15,23,0,38,0,28,56,4,88,0,43,79,4,126,136,0,136,262
04/07/2023,HEF,VA,AEA,EN,Towers with Radar,0,32,26,0,58,0,33,47,4,84,0,65,73,4,142,204,0,204,346
04/08/2023,HEF,VA,AEA,EN,Towers with Radar,0,16,22,0,38,0,45,144,0,189,0,61,166,0,227,197,0,197,424
04/09/2023,HEF,VA,AEA,EN,Towers with Radar,0,13,26,0,39,0,35,86,0,121,0,48,112,0,160,178,0,178,338
04/10/2023,HEF,VA,AEA,EN,Towers with Radar,0,19,35,2,56,0,55,89,4,148,0,74,124,6,204,0,0,0,204
04/11/2023,HEF,VA,AEA,EN,Towers with Radar,0,26,28,0,54,0,26,95,7,128,0,52,123,7,182,0,0,0,182
04/12/2023,HEF,VA,AEA,EN,Towers with Radar,0,23,23,0,46,0,33,67,10,110,0,56,90,10,156,150,0,150,306
04/13/2023,HEF,VA,AEA,EN,Towers with Radar,0,31,45,0,76,0,52,78,8,138,0,83,123,8,214,23,0,23,237
04/14/2023,HEF,VA,AEA,EN,Towers with Radar,0,26,51,1,78,0,42,93,6,141,0,68,144,7,219,150,0,150,369
04/15/2023,HEF,VA,AEA,EN,Towers with Radar,0,13,30,0,43,0,10,40,0,50,0,23,70,0,93,194,0,194,287
04/16/2023,HEF,VA,AEA,EN,Towers with Radar,0,19,48,2,69,0,41,83,0,124,0,60,131,2,193,0,0,0,193
04/17/2023,HEF,VA,AEA,EN,Towers with Radar,0,17,42,3,62,0,32,31,3,66,0,49,73,6,128,0,0,0,128
04/18/2023,HEF,VA,AEA,EN,Towers with Radar,0,20,29,2,51,0,7,31,11,49,0,27,60,13,100,56,0,56,156
04/19/2023,HEF,VA,AEA,EN,Towers with Radar,0,21,46,2,69,0,58,97,12,167,0,79,143,14,236,30,0,30,266
04/20/2023,HEF,VA,AEA,EN,Towers with Radar,0,19,40,0,59,0,48,70,5,123,0,67,110,5,182,174,0,174,356
04/21/2023,HEF,VA,AEA,EN,Towers with Radar,0,23,29,10,62,0,47,105,6,158,0,70,134,16,220,216,0,216,436
04/22/2023,HEF,VA,AEA,EN,Towers with Radar,0,8,15,0,23,0,6,11,0,17,0,14,26,0,40,46,0,46,86
04/23/2023,HEF,VA,AEA,EN,Towers with Radar,0,15,37,4,56,0,49,78,0,127,0,64,115,4,183,156,0,156,339
04/24/2023,HEF,VA,AEA,EN,Towers with Radar,0,13,39,0,52,0,43,72,7,122,0,56,111,7,174,0,0,0,174
04/25/2023,HEF,VA,AEA,EN,Towers with Radar,0,20,52,2,74,0,53,78,6,137,0,73,130,8,211,172,0,172,383
04/26/2023,HEF,VA,AEA,EN,Towers with Radar,0,19,51,0,70,0,60,53,10,123,0,79,104,10,193,165,0,165,358
04/27/2023,HEF,VA,AEA,EN,Towers with Radar,0,22,48,0,70,0,56,73,9,138,0,78,121,9,208,217,0,217,425
04/28/2023,HEF,VA,AEA,EN,Towers with Radar,0,20,29,0,49,0,0,0,0,0,0,20,29,0,49,0,0,0,49
04/29/2023,HEF,VA,AEA,EN,Towers with Radar,0,21,37,0,58,0,14,11,0,25,0,35,48,0,83,94,0,94,177
04/30/2023,HEF,VA,AEA,EN,Towers with Radar,0,11,18,0,29,0,0,1,0,1,0,11,19,0,30,10,0,10,40
05/01/2023,HEF,VA,AEA,EN,Towers with Radar,0,26,21,0,47,0,12,18,6,36,0,38,39,6,83,0,0,0,83
05/02/2023,HEF,VA,AEA,EN,Towers with Radar,0,20,38,2,60,0,47,36,7,90,0,67,74,9,150,230,0,230,380
05/03/2023,HEF,VA,AEA,EN,Towers with Radar,0,20,35,3,58,0,38,32,8,78,0,58,67,11,136,163,0,163,299
05/04/2023,HEF,VA,AEA,EN,Towers with Radar,0,20,41,0,61,0,47,46,6,99,0,67,87,6,160,87,0,87,247
05/05/2023,HEF,VA,AEA,EN,Towers with Radar,0,20,42,7,69,0,42,131,2,175,0,62,173,9,244,310,0,310,554
05/06/2023,HEF,VA,AEA,EN,Towers with Radar,0,12,33,0,45,0,42,133,2,177,0,54,166,2,222,188,8,196,418
05/07/2023,HEF,VA,AEA,EN,Towers with Radar,0,15,37,4,56,0,20,76,3,99,0,35,113,7,155,136,0,136,291
05/08/2023,HEF,VA,AEA,EN,Towers with Radar,0,23,41,0,64,0,26,57,2,85,0,49,98,2,149,40,0,40,189
05/09/2023,HEF,VA,AEA,EN,Towers with Radar,0,23,44,0,67,0,7,5,4,16,0,30,49,4,83,0,0,0,83
05/10/2023,HEF,VA,AEA,EN,Towers with Radar,0,19,52,2,73,0,45,77,7,129,0,64,129,9,202,189,0,189,391
05/11/2023,HEF,VA,AEA,EN,Towers with Radar,0,36,51,2,89,0,68,108,4,180,0,104,159,6,269,143,0,143,412
05/12/2023,HEF,VA,AEA,EN,Towers with Radar,0,24,44,6,74,0,41,93,2,136,0,65,137,8,210,228,0,228,438
05/13/2023,HEF,VA,AEA,EN,Towers with Radar,0,10,35,2,47,0,14,23,2,39,0,24,58,4,86,66,0,66,152
05/14/2023,HEF,VA,AEA,EN,Towers with Radar,0,22,46,4,72,0,44,84,0,128,0,66,130,4,200,84,0,84,284
05/15/2023,HEF,VA,AEA,EN,Towers with Radar,0,21,43,4,68,0,44,73,11,128,0,65,116,15,196,0,0,0,196
05/16/2023,HEF,VA,AEA,EN,Towers with Radar,0,29,33,3,65,0,35,55,9,99,0,64,88,12,164,97,0,97,261
05/17/2023,HEF,VA,AEA,EN,Towers with Radar,0,26,57,8,91,0,30,94,8,132,0,56,151,16,223,120,0,120,343
05/18/2023,HEF,VA,AEA,EN,Towers with Radar,0,29,51,7,87,0,38,132,6,176,0,67,183,13,263,180,0,180,443
05/19/2023,HEF,VA,AEA,EN,Towers with Radar,0,46,62,9,117,0,29,85,4,118,0,75,147,13,235,123,0,123,358
05/20/2023,HEF,VA,AEA,EN,Towers with Radar,0,14,32,2,48,0,24,66,0,90,0,38,98,2,138,119,0,119,257
05/21/2023,HEF,VA,AEA,EN,Towers with Radar,0,18,53,3,74,0,38,108,0,146,0,56,161,3,220,158,0,158,378
05/22/2023,HEF,VA,AEA,EN,Towers with Radar,0,27,31,2,60,0,50,89,5,144,0,77,120,7,204,0,0,0,204
05/23/2023,HEF,VA,AEA,EN,Towers with Radar,0,19,30,7,56,0,34,108,10,152,0,53,138,17,208,0,0,0,208
05/24/2023,HEF,VA,AEA,EN,Towers with Radar,0,24,32,2,58,0,53,91,1,145,0,77,123,3,203,91,0,91,294
05/25/2023,HEF,VA,AEA,EN,Towers with Radar,0,14,43,4,61,0,38,92,8,138,0,52,135,12,199,72,0,72,271
05/26/2023,HEF,VA,AEA,EN,Towers with Radar,0,27,41,0,68,0,49,105,5,159,0,76,146,5,227,194,0,194,421
05/27/2023,HEF,VA,AEA,EN,Towers with Radar,0,23,29,0,52,0,29,98,0,127,0,52,127,0,179,188,0,188,367
05/28/2023,HEF,VA,AEA,EN,Towers with Radar,0,30,25,0,55,0,36,45,0,81,0,66,70,0,136,127,0,127,263
05/29/2023,HEF,VA,AEA,EN,Towers with Radar,0,9,34,0,43,0,3,7,0,10,0,12,41,0,53,0,0,0,53
05/30/2023,HEF,VA,AEA,EN,Towers with Radar,0,25,37,0,62,0,25,31,2,58,0,50,68,2,120,274,0,274,394
05/31/2023,HEF,VA,AEA,EN,Towers with Radar,0,20,32,0,52,0,50,100,7,157,0,70,132,7,209,236,0,236,445
06/01/2023,HEF,VA,AEA,EN,Towers with Radar,0,20,34,0,54,0,45,108,5,158,0,65,142,5,212,195,0,195,407
06/02/2023,HEF,VA,AEA,EN,Towers with Radar,0,23,46,0,69,0,34,73,0,107,0,57,119,0,176,202,6,208,384
06/03/2023,HEF,VA,AEA,EN,Towers with Radar,0,13,25,0,38,0,35,102,0,137,0,48,127,0,175,96,0,96,271
06/04/2023,HEF,VA,AEA,EN,Towers with Radar,0,19,46,0,65,0,28,67,0,95,0,47,113,0,160,212,0,212,372
06/05/2023,HEF,VA,AEA,EN,Towers with Radar,0,14,28,0,42,0,55,81,4,140,0,69,109,4,182,100,0,100,282
06/06/2023,HEF,VA,AEA,EN,Towers with Radar,0,21,28,0,49,0,37,66,6,109,0,58,94,6,158,123,0,123,281
06/07/2023,HEF,VA,AEA,EN,Towers with Radar,0,21,57,0,78,0,12,5,2,19,0,33,62,2,97,38,0,38,135
06/08/2023,HEF,VA,AEA,EN,Towers with Radar,0,16,44,1,61,0,4,12,0,16,0,20,56,1,77,47,0,47,124
06/09/2023,HEF,VA,AEA,EN,Towers with Radar,0,13,45,2,60,0,38,60,4,102,0,51,105,6,162,269,0,269,431
06/10/2023,HEF,VA,AEA,EN,Towers with Radar,0,11,27,2,40,0,56,79,0,135,0,67,106,2,175,172,0,172,347
06/11/2023,HEF,VA,AEA,EN,Towers with Radar,0,12,45,0,57,0,47,71,0,118,0,59,116,0,175,157,0,157,332
06/12/2023,HEF,VA,AEA,EN,Towers with Radar,0,16,27,4,47,0,2,8,5,15,0,18,35,9,62,120,0,120,182
06/13/2023,HEF,VA,AEA,EN,Towers with Radar,0,20,54,2,76,0,58,70,4,132,0,78,124,6,208,167,0,167,375
06/14/2023,HEF,VA,AEA,EN,Towers with Radar,0,26,32,2,60,0,25,22,10,57,0,51,54,12,117,126,0,126,243
06/15/2023,HEF,VA,AEA,EN,Towers with Radar,0,20,36,1,57,0,66,79,5,150,0,86,115,6,207,208,0,208,415
06/16/2023,HEF,VA,AEA,EN,Towers with Radar,0,7,41,1,49,0,33,25,6,64,0,40,66,7,113,136,0,136,249
06/17/2023,HEF,VA,AEA,EN,Towers with Radar,0,23,31,0,54,0,41,79,0,120,0,64,110,0,174,226,0,226,400
06/18/2023,HEF,VA,AEA,EN,Towers with Radar,0,11,31,0,42,0,50,102,0,152,0,61,133,0,194,156,0,156,350
06/19/2023,HEF,VA,AEA,EN,Towers with Radar,0,11,45,2,58,0,39,69,1,109,0,50,114,3,167,106,0,106,273
06/20/2023,HEF,VA,AEA,EN,Towers with Radar,0,26,30,5,61,0,31,35,6,72,0,57,65,11,133,205,0,205,338
06/21/2023,HEF,VA,AEA,EN,Towers with Radar,0,10,44,4,58,0,2,1,3,6,0,12,45,7,64,0,0,0,64
06/22/2023,HEF,VA,AEA,EN,Towers with Radar,0,14,34,2,50,0,0,0,0,0,0,14,34,2,50,0,0,0,50
06/23/2023,HEF,VA,AEA,EN,Towers with Radar,0,17,29,2,48,0,0,1,0,1,0,17,30,2,49,6,0,6,55
06/24/2023,HEF,VA,AEA,EN,Towers with Radar,0,28,35,2,65,0,11,29,0,40,0,39,64,2,105,236,0,236,341
06/25/2023,HEF,VA,AEA,EN,Towers with Radar,0,18,45,2,65,0,51,105,1,157,0,69,150,3,222,153,0,153,375
06/26/2023,HEF,VA,AEA,EN,Towers with Radar,0,12,23,0,35,0,53,62,11,126,0,65,85,11,161,200,0,200,361
06/27/2023,HEF,VA,AEA,EN,Towers with Radar,0,13,32,1,46,0,46,51,9,106,0,59,83,10,152,174,0,174,326
06/28/2023,HEF,VA,AEA,EN,Towers with Radar,0,17,44,1,62,0,50,67,8,125,0,67,111,9,187,305,0,305,492
06/29/2023,HEF,VA,AEA,EN,Towers with Radar,0,16,76,0,92,0,0,6,0,6,0,16,82,0,98,2,0,2,100
06/30/2023,HEF,VA,AEA,EN,Towers with Radar,0,28,43,2,73,0,30,28,6,64,0,58,71,8,137,190,0,190,327
07/01/2023,HEF,VA,AEA,EN,Towers with Radar,0,20,36,2,58,0,4,16,0,20,0,24,52,2,78,258,0,258,336
07/02/2023,HEF,VA,AEA,EN,Towers with Radar,0,14,23,2,39,0,33,36,0,69,0,47,59,2,108,208,0,208,316
07/03/2023,HEF,VA,AEA,EN,Towers with Radar,0,12,21,4,37,0,33,69,4,106,0,45,90,8,143,229,0,229,372
07/04/2023,HEF,VA,AEA,EN,Towers with Radar,0,13,33,0,46,0,42,49,0,91,0,55,82,0,137,131,0,131,268
07/05/2023,HEF,VA,AEA,EN,Towers with Radar,0,15,47,2,64,0,61,65,10,136,0,76,112,12,200,214,0,214,414
07/06/2023,HEF,VA,AEA,EN,Towers with Radar,0,20,26,0,46,0,37,52,10,99,0,57,78,10,145,183,0,183,328
07/07/2023,HEF,VA,AEA,EN,Towers with Radar,0,21,25,0,46,0,46,73,6,125,0,67,98,6,171,184,0,184,355
07/08/2023,HEF,VA,AEA,EN,Towers with Radar,0,15,31,1,47,0,34,124,0,158,0,49,155,1,205,234,0,234,439
07/09/2023,HEF,VA,AEA,EN,Towers with Radar,0,18,42,3,63,0,9,6,0,15,0,27,48,3,78,90,0,90,168
07/10/2023,HEF,VA,AEA,EN,Towers with Radar,0,16,36,3,55,0,49,74,4,127,0,65,110,7,182,255,0,255,437
07/11/2023,HEF,VA,AEA,EN,Towers with Radar,0,13,48,2,63,0,45,91,7,143,0,58,139,9,206,147,0,147,353
07/12/2023,HEF,VA,AEA,EN,Towers with Radar,0,19,22,1,42,0,74,94,9,177,0,93,116,10,219,107,0,107,326
07/13/2023,HEF,VA,AEA,EN,Towers with Radar,0,19,37,1,57,0,45,76,5,126,0,64,113,6,183,153,0,153,336
07/14/2023,HEF,VA,AEA,EN,Towers with Radar,0,31,34,5,70,0,31,76,8,115,0,62,110,13,185,190,0,190,375
07/15/2023,HEF,VA,AEA,EN,Towers with Radar,0,18,42,0,60,0,36,65,0,101,0,54,107,0,161,224,0,224,385
07/16/2023,HEF,VA,AEA,EN,Towers with Radar,0,21,42,9,72,0,36,46,0,82,0,57,88,9,154,77,0,77,231
07/17/2023,HEF,VA,AEA,EN,Towers with Radar,0,20,35,2,57,0,45,87,8,140,0,65,122,10,197,159,0,159,356
07/18/2023,HEF,VA,AEA,EN,Towers with Radar,0,27,41,2,70,0,48,63,7,118,0,75,104,9,188,180,0,180,368
07/19/2023,HEF,VA,AEA,EN,Towers with Radar,0,12,41,4,57,0,42,67,5,114,0,54,108,9,171,230,0,230,401
07/20/2023,HEF,VA,AEA,EN,Towers with Radar,0,24,46,4,74,0,61,84,7,152,0,85,130,11,226,235,0,235,461
07/21/2023,HEF,VA,AEA,EN,Towers with Radar,0,21,35,7,63,0,60,84,8,152,0,81,119,15,215,230,0,230,445
07/22/2023,HEF,VA,AEA,EN,Towers with Radar,0,14,28,0,42,0,54,118,0,172,0,68,146,0,214,172,0,172,386
07/23/2023,HEF,VA,AEA,EN,Towers with Radar,0,21,36,7,64,0,40,92,0,132,0,61,128,7,196,166,0,166,362
07/24/2023,HEF,VA,AEA,EN,Towers with Radar,0,12,34,0,46,0,33,50,5,88,0,45,84,5,134,171,0,171,305
07/25/2023,HEF,VA,AEA,EN,Towers with Radar,0,26,39,2,67,0,23,40,6,69,0,49,79,8,136,161,0,161,297
07/26/2023,HEF,VA,AEA,EN,Towers with Radar,0,19,36,0,55,0,41,88,6,135,0,60,124,6,190,84,0,84,274
07/27/2023,HEF,VA,AEA,EN,Towers with Radar,0,19,39,0,58,0,34,72,3,109,0,53,111,3,167,176,0,176,343
07/28/2023,HEF,VA,AEA,EN,Towers with Radar,0,27,25,3,55,0,44,60,3,107,0,71,85,6,162,118,0,118,280
07/29/2023,HEF,VA,AEA,EN,Towers with Radar,0,19,20,4,43,0,42,71,0,113,0,61,91,4,156,75,0,75,231
07/30/2023,HEF,VA,AEA,EN,Towers with Radar,0,20,50,4,74,0,69,101,1,171,0,89,151,5,245,122,0,122,367
07/31/2023,HEF,VA,AEA,EN,Towers with Radar,0,21,20,1,42,0,41,83,2,126,0,62,103,3,168,123,0,123,291
08/01/2023,HEF,VA,AEA,EN,Towers with Radar,0,15,33,0,48,0,59,85,7,151,0,74,118,7,199,290,0,290,489
08/02/2023,HEF,VA,AEA,EN,Towers with Radar,0,29,29,0,58,0,44,101,4,149,0,73,130,4,207,92,0,92,299
08/03/2023,HEF,VA,AEA,EN,Towers with Radar,0,26,34,0,60,0,16,42,5,63,0,42,76,5,123,193,0,193,316
08/04/2023,HEF,VA,AEA,EN,Towers with Radar,0,21,29,7,57,0,12,13,4,29,0,33,42,11,86,232,0,232,318
08/05/2023,HEF,VA,AEA,EN,Towers with Radar,0,23,27,3,53,0,53,86,0,139,0,76,113,3,192,107,0,107,299
08/06/2023,HEF,VA,AEA,EN,Towers with Radar,0,25,42,4,71,0,43,57,0,100,0,68,99,4,171,204,0,204,375
08/07/2023,HEF,VA,AEA,EN,Towers with Radar,0,21,27,2,50,0,17,18,2,37,0,38,45,4,87,79,0,79,166
08/08/2023,HEF,VA,AEA,EN,Towers with Radar,0,15,25,1,41,0,43,39,2,84,0,58,64,3,125,120,0,120,245
08/09/2023,HEF,VA,AEA,EN,Towers with Radar,0,18,30,1,49,0,62,89,2,153,0,80,119,3,202,138,0,138,340
08/10/2023,HEF,VA,AEA,EN,Towers with Radar,0,26,23,1,50,0,34,22,2,58,0,60,45,3,108,89,0,89,197
08/11/2023,HEF,VA,AEA,EN,Towers with Radar,0,26,34,8,68,0,48,114,3,165,0,74,148,11,233,194,0,194,427
08/12/2023,HEF,VA,AEA,EN,Towers with Radar,0,22,25,0,47,0,48,152,0,200,0,70,177,0,247,196,0,196,443
08/13/2023,HEF,VA,AEA,EN,Towers with Radar,0,23,42,3,68,0,36,92,0,128,0,59,134,3,196,152,0,152,348
08/14/2023,HEF,VA,AEA,EN,Towers with Radar,0,25,27,0,52,0,38,46,2,86,0,63,73,2,138,91,0,91,229
08/15/2023,HEF,VA,AEA,EN,Towers with Radar,0,11,25,0,36,0,19,63,3,85,0,30,88,3,121,127,0,127,248
08/16/2023,HEF,VA,AEA,EN,Towers with Radar,0,26,42,0,68,0,31,92,9,132,0,57,134,9,200,139,0,139,339
08/17/2023,HEF,VA,AEA,EN,Towers with Radar,0,21,34,0,55,0,40,80,7,127,0,61,114,7,182,160,0,160,342
08/18/2023,HEF,VA,AEA,EN,Towers with Radar,0,19,41,1,61,0,46,66,2,114,0,65,107,3,175,70,0,70,245
08/19/2023,HEF,VA,AEA,EN,Towers with Radar,0,15,29,2,46,0,41,113,0,154,0,56,142,2,200,104,0,104,304
08/20/2023,HEF,VA,AEA,EN,Towers with Radar,0,20,34,2,56,0,34,62,0,96,0,54,96,2,152,84,0,84,236
08/21/2023,HEF,VA,AEA,EN,Towers with Radar,0,24,18,0,42,0,39,58,6,103,0,63,76,6,145,146,0,146,291
08/22/2023,HEF,VA,AEA,EN,Towers with Radar,0,17,30,2,49,0,39,46,8,93,0,56,76,10,142,245,0,245,387
08/23/2023,HEF,VA,AEA,EN,Towers with Radar,0,22,36,0,58,0,35,93,4,132,0,57,129,4,190,142,0,142,332
08/24/2023,HEF,VA,AEA,EN,Towers with Radar,0,17,40,4,61,0,48,46,4,98,0,65,86,8,159,167,0,167,326
08/25/2023,HEF,VA,AEA,EN,Towers with Radar,0,18,23,3,44,0,28,56,6,90,0,46,79,9,134,180,0,180,314
08/26/2023,HEF,VA,AEA,EN,Towers with Radar,0,16,25,0,41,0,45,84,1,130,0,61,109,1,171,104,0,104,275
08/27/2023,HEF,VA,AEA,EN,Towers with Radar,0,20,27,1,48,0,23,55,0,78,0,43,82,1,126,134,0,134,260
08/28/2023,HEF,VA,AEA,EN,Towers with Radar,0,24,27,0,51,0,10,10,8,28,0,34,37,8,79,152,0,152,231
08/29/2023,HEF,VA,AEA,EN,Towers with Radar,0,33,22,1,56,0,6,5,6,17,0,39,27,7,73,109,0,109,182
08/30/2023,HEF,VA,AEA,EN,Towers with Radar,0,22,32,3,57,0,47,57,10,114,0,69,89,13,171,178,0,178,349
08/31/2023,HEF,VA,AEA,EN,Towers with Radar,0,27,18,0,45,0,34,27,9,70,0,61,45,9,115,43,0,43,158
