01/01/2020,HGR,MD,AEA,EN,Federal Contract Tower,0,1,5,0,6,0,4,41,0,45,0,5,46,0,51,32,0,32,83
01/02/2020,HGR,MD,AEA,EN,Federal Contract Tower,2,0,3,0,5,0,4,60,11,75,2,4,63,11,80,58,6,64,144
01/03/2020,HGR,MD,AEA,EN,Federal Contract Tower,2,4,6,0,12,0,0,0,0,0,2,4,6,0,12,0,0,0,12
01/04/2020,HGR,MD,AEA,EN,Federal Contract Tower,2,0,9,0,11,0,1,15,1,17,2,1,24,1,28,28,0,28,56
01/05/2020,HGR,MD,AEA,EN,Federal Contract Tower,1,2,4,0,7,0,2,6,0,8,1,4,10,0,15,6,0,6,21
01/06/2020,HGR,MD,AEA,EN,Federal Contract Tower,2,1,7,0,10,0,2,34,1,37,2,3,41,1,47,14,0,14,61
01/07/2020,HGR,MD,AEA,EN,Federal Contract Tower,0,1,8,1,10,0,0,4,0,4,0,1,12,1,14,10,0,10,24
01/08/2020,HGR,MD,AEA,EN,Federal Contract Tower,0,0,5,3,8,0,0,6,10,16,0,0,11,13,24,0,0,0,24
01/09/2020,HGR,MD,AEA,EN,Federal Contract Tower,0,0,15,0,15,0,5,64,14,83,0,5,79,14,98,94,0,94,192
01/10/2020,HGR,MD,AEA,EN,Federal Contract Tower,2,2,5,1,10,0,2,41,15,58,2,4,46,16,68,68,0,68,136
01/11/2020,HGR,MD,AEA,EN,Federal Contract Tower,0,0,5,0,5,0,2,2,0,4,0,2,7,0,9,0,0,0,9
01/12/2020,HGR,MD,AEA,EN,Federal Contract Tower,0,0,8,0,8,0,0,25,0,25,0,0,33,0,33,10,0,10,43
01/13/2020,HGR,MD,AEA,EN,Federal Contract Tower,2,1,7,0,10,0,2,50,34,86,2,3,57,34,96,34,0,34,130
01/14/2020,HGR,MD,AEA,EN,Federal Contract Tower,0,1,8,16,25,0,0,0,0,0,0,1,8,16,25,0,0,0,25
01/15/2020,HGR,MD,AEA,EN,Federal Contract Tower,0,0,13,2,15,0,4,60,32,96,0,4,73,34,111,78,0,78,189
01/16/2020,HGR,MD,AEA,EN,Federal Contract Tower,0,1,2,1,4,0,5,9,7,21,0,6,11,8,25,8,0,8,33
01/17/2020,HGR,MD,AEA,EN,Federal Contract Tower,2,2,10,0,14,0,12,50,23,85,2,14,60,23,99,34,0,34,133
01/18/2020,HGR,MD,AEA,EN,Federal Contract Tower,0,0,6,0,6,0,0,0,0,0,0,0,6,0,6,0,0,0,6
01/19/2020,HGR,MD,AEA,EN,Federal Contract Tower,0,0,3,0,3,0,2,1,0,3,0,2,4,0,6,0,0,0,6
01/20/2020,HGR,MD,AEA,EN,Federal Contract Tower,2,0,25,1,28,0,2,42,2,46,2,2,67,3,74,14,0,14,88
01/21/2020,HGR,MD,AEA,EN,Federal Contract Tower,0,0,2,0,2,0,7,51,13,71,0,7,53,13,73,62,0,62,135
01/22/2020,HGR,MD,AEA,EN,Federal Contract Tower,0,4,23,6,33,0,3,45,34,82,0,7,68,40,115,30,0,30,145
01/23/2020,HGR,MD,AEA,EN,Federal Contract Tower,0,0,10,5,15,0,3,59,33,95,0,3,69,38,110,50,0,50,160
01/24/2020,HGR,MD,AEA,EN,Federal Contract Tower,2,2,11,9,24,0,4,4,0,8,2,6,15,9,32,2,0,2,34
01/25/2020,HGR,MD,AEA,EN,Federal Contract Tower,0,0,1,0,1,0,0,12,0,12,0,0,13,0,13,18,0,18,31
01/26/2020,HGR,MD,AEA,EN,Federal Contract Tower,0,1,12,0,13,0,2,45,0,47,0,3,57,0,60,12,0,12,72
01/27/2020,HGR,MD,AEA,EN,Federal Contract Tower,2,3,5,7,17,0,1,16,0,17,2,4,21,7,34,0,0,0,34
01/28/2020,HGR,MD,AEA,EN,Federal Contract Tower,0,2,9,14,25,0,2,23,10,35,0,4,32,24,60,50,0,50,110
01/29/2020,HGR,MD,AEA,EN,Federal Contract Tower,0,0,8,6,14,0,0,69,32,101,0,0,77,38,115,110,0,110,225
01/30/2020,HGR,MD,AEA,EN,Federal Contract Tower,0,1,11,9,21,0,2,69,42,113,0,3,80,51,134,82,0,82,216
01/31/2020,HGR,MD,AEA,EN,Federal Contract Tower,2,4,19,2,27,0,1,59,26,86,2,5,78,28,113,24,0,24,137
02/01/2020,HGR,MD,AEA,EN,Federal Contract Tower,0,1,5,0,6,0,0,0,0,0,0,1,5,0,6,0,0,0,6
02/02/2020,HGR,MD,AEA,EN,Federal Contract Tower,0,0,6,0,6,0,4,13,0,17,0,4,19,0,23,0,0,0,23
02/03/2020,HGR,MD,AEA,EN,Federal Contract Tower,2,2,18,3,25,0,8,64,11,83,2,10,82,14,108,30,14,44,152
02/04/2020,HGR,MD,AEA,EN,Federal Contract Tower,0,2,7,3,12,0,3,15,4,22,0,5,22,7,34,8,0,8,42
02/05/2020,HGR,MD,AEA,EN,Federal Contract Tower,0,1,11,6,18,0,7,12,1,20,0,8,23,7,38,0,0,0,38
02/06/2020,HGR,MD,AEA,EN,Federal Contract Tower,0,0,3,4,7,0,0,0,0,0,0,0,3,4,7,0,0,0,7
02/07/2020,HGR,MD,AEA,EN,Federal Contract Tower,2,2,8,0,12,0,3,2,0,5,2,5,10,0,17,0,0,0,17
02/08/2020,HGR,MD,AEA,EN,Federal Contract Tower,0,0,11,0,11,0,2,41,6,49,0,2,52,6,60,0,0,0,60
02/09/2020,HGR,MD,AEA,EN,Federal Contract Tower,0,0,5,0,5,0,4,43,4,51,0,4,48,4,56,14,0,14,70
02/10/2020,HGR,MD,AEA,EN,Federal Contract Tower,2,0,5,20,27,0,2,6,4,12,2,2,11,24,39,0,0,0,39
02/11/2020,HGR,MD,AEA,EN,Federal Contract Tower,0,1,9,16,26,0,9,0,0,9,0,10,9,16,35,0,0,0,35
02/12/2020,HGR,MD,AEA,EN,Federal Contract Tower,2,0,5,3,10,0,2,34,25,61,2,2,39,28,71,14,0,14,85
02/13/2020,HGR,MD,AEA,EN,Federal Contract Tower,0,2,4,16,22,0,1,2,4,7,0,3,6,20,29,0,0,0,29
02/14/2020,HGR,MD,AEA,EN,Federal Contract Tower,2,3,12,2,19,0,1,28,7,36,2,4,40,9,55,12,0,12,67
02/15/2020,HGR,MD,AEA,EN,Federal Contract Tower,0,0,9,0,9,0,5,58,5,68,0,5,67,5,77,38,0,38,115
02/16/2020,HGR,MD,AEA,EN,Federal Contract Tower,0,1,1,0,2,0,4,50,7,61,0,5,51,7,63,36,0,36,99
02/17/2020,HGR,MD,AEA,EN,Federal Contract Tower,2,1,18,3,24,0,2,97,11,110,2,3,115,14,134,60,0,60,194
02/18/2020,HGR,MD,AEA,EN,Federal Contract Tower,0,1,3,7,11,0,3,27,4,34,0,4,30,11,45,26,0,26,71
02/19/2020,HGR,MD,AEA,EN,Federal Contract Tower,2,2,13,3,20,0,8,57,16,81,2,10,70,19,101,76,2,78,179
02/20/2020,HGR,MD,AEA,EN,Federal Contract Tower,0,9,4,4,17,0,4,39,31,74,0,13,43,35,91,28,2,30,121
02/21/2020,HGR,MD,AEA,EN,Federal Contract Tower,2,2,10,3,17,0,3,70,22,95,2,5,80,25,112,60,0,60,172
02/22/2020,HGR,MD,AEA,EN,Federal Contract Tower,0,3,14,0,17,0,4,94,0,98,0,7,108,0,115,88,0,88,203
02/23/2020,HGR,MD,AEA,EN,Federal Contract Tower,0,0,16,2,18,0,2,119,3,124,0,2,135,5,142,80,2,82,224
02/24/2020,HGR,MD,AEA,EN,Federal Contract Tower,2,1,8,1,12,0,6,48,21,75,2,7,56,22,87,64,8,72,159
02/25/2020,HGR,MD,AEA,EN,Federal Contract Tower,0,0,3,22,25,0,0,0,0,0,0,0,3,22,25,0,0,0,25
02/26/2020,HGR,MD,AEA,EN,Federal Contract Tower,0,1,10,27,38,0,0,0,0,0,0,1,10,27,38,0,0,0,38
02/27/2020,HGR,MD,AEA,EN,Federal Contract Tower,0,0,4,2,6,0,0,0,4,4,0,0,4,6,10,0,0,0,10
02/28/2020,HGR,MD,AEA,EN,Federal Contract Tower,0,8,5,14,27,0,7,13,11,31,0,15,18,25,58,0,0,0,58
02/29/2020,HGR,MD,AEA,EN,Federal Contract Tower,0,2,4,0,6,0,2,6,0,8,0,4,10,0,14,0,0,0,14
03/01/2020,HGR,MD,AEA,EN,Federal Contract Tower,0,0,18,0,18,0,1,93,2,96,0,1,111,2,114,50,0,50,164
03/02/2020,HGR,MD,AEA,EN,Federal Contract Tower,2,1,13,7,23,0,4,37,19,60,2,5,50,26,83,0,0,0,83
03/03/2020,HGR,MD,AEA,EN,Federal Contract Tower,0,2,7,7,16,0,3,5,5,13,0,5,12,12,29,0,0,0,29
03/04/2020,HGR,MD,AEA,EN,Federal Contract Tower,0,3,6,10,19,0,5,24,8,37,0,8,30,18,56,6,0,6,62
03/05/2020,HGR,MD,AEA,EN,Federal Contract Tower,0,1,11,4,16,0,2,78,20,100,0,3,89,24,116,44,0,44,160
03/06/2020,HGR,MD,AEA,EN,Federal Contract Tower,1,3,8,0,12,0,6,8,1,15,1,9,16,1,27,0,0,0,27
03/07/2020,HGR,MD,AEA,EN,Federal Contract Tower,0,1,4,1,6,0,4,18,0,22,0,5,22,1,28,0,0,0,28
03/08/2020,HGR,MD,AEA,EN,Federal Contract Tower,0,2,13,0,15,0,1,55,1,57,0,3,68,1,72,8,0,8,80
03/09/2020,HGR,MD,AEA,EN,Federal Contract Tower,1,3,14,0,18,0,4,62,9,75,1,7,76,9,93,62,0,62,155
03/10/2020,HGR,MD,AEA,EN,Federal Contract Tower,0,2,3,5,10,0,5,21,10,36,0,7,24,15,46,0,0,0,46
03/11/2020,HGR,MD,AEA,EN,Federal Contract Tower,2,5,14,8,29,0,2,68,12,82,2,7,82,20,111,34,0,34,145
03/12/2020,HGR,MD,AEA,EN,Federal Contract Tower,0,2,9,9,20,0,2,43,10,55,0,4,52,19,75,12,0,12,87
03/13/2020,HGR,MD,AEA,EN,Federal Contract Tower,2,0,14,1,17,0,3,10,6,19,2,3,24,7,36,0,0,0,36
03/14/2020,HGR,MD,AEA,EN,Federal Contract Tower,0,1,4,1,6,0,0,90,0,90,0,1,94,1,96,96,0,96,192
03/15/2020,HGR,MD,AEA,EN,Federal Contract Tower,0,0,7,0,7,0,1,9,0,10,0,1,16,0,17,0,0,0,17
03/16/2020,HGR,MD,AEA,EN,Federal Contract Tower,2,0,18,1,21,0,3,35,5,43,2,3,53,6,64,10,0,10,74
03/17/2020,HGR,MD,AEA,EN,Federal Contract Tower,0,0,7,19,26,0,7,20,18,45,0,7,27,37,71,44,8,52,123
03/18/2020,HGR,MD,AEA,EN,Federal Contract Tower,2,0,5,8,15,0,6,40,20,66,2,6,45,28,81,30,0,30,111
03/19/2020,HGR,MD,AEA,EN,Federal Contract Tower,0,1,5,11,17,0,2,12,8,22,0,3,17,19,39,6,0,6,45
03/20/2020,HGR,MD,AEA,EN,Federal Contract Tower,2,2,1,11,16,0,0,12,6,18,2,2,13,17,34,6,0,6,40
03/21/2020,HGR,MD,AEA,EN,Federal Contract Tower,0,0,9,0,9,0,4,25,1,30,0,4,34,1,39,14,0,14,53
03/22/2020,HGR,MD,AEA,EN,Federal Contract Tower,0,1,8,0,9,0,0,43,5,48,0,1,51,5,57,14,0,14,71
03/23/2020,HGR,MD,AEA,EN,Federal Contract Tower,2,0,4,2,8,0,0,0,0,0,2,0,4,2,8,0,0,0,8
03/24/2020,HGR,MD,AEA,EN,Federal Contract Tower,0,1,9,2,12,0,12,40,6,58,0,13,49,8,70,82,0,82,152
03/25/2020,HGR,MD,AEA,EN,Federal Contract Tower,0,0,4,2,6,0,0,0,0,0,0,0,4,2,6,0,0,0,6
03/26/2020,HGR,MD,AEA,EN,Federal Contract Tower,0,0,2,0,2,0,0,21,7,28,0,0,23,7,30,6,0,6,36
03/27/2020,HGR,MD,AEA,EN,Federal Contract Tower,0,0,5,0,5,0,1,38,4,43,0,1,43,4,48,6,0,6,54
03/28/2020,HGR,MD,AEA,EN,Federal Contract Tower,0,1,4,0,5,0,0,0,0,0,0,1,4,0,5,0,0,0,5
03/29/2020,HGR,MD,AEA,EN,Federal Contract Tower,0,0,2,0,2,0,0,1,0,1,0,0,3,0,3,0,0,0,3
03/30/2020,HGR,MD,AEA,EN,Federal Contract Tower,0,2,3,0,5,0,3,2,2,7,0,5,5,2,12,0,0,0,12
03/31/2020,HGR,MD,AEA,EN,Federal Contract Tower,0,2,3,0,5,0,6,7,0,13,0,8,10,0,18,0,0,0,18
04/01/2020,HGR,MD,AEA,EN,Federal Contract Tower,0,1,2,0,3,0,4,1,0,5,0,5,3,0,8,0,0,0,8
04/02/2020,HGR,MD,AEA,EN,Federal Contract Tower,0,1,2,0,3,0,3,0,2,5,0,4,2,2,8,0,0,0,8
04/03/2020,HGR,MD,AEA,EN,Federal Contract Tower,2,1,2,0,5,0,4,5,2,11,2,5,7,2,16,0,0,0,16
04/04/2020,HGR,MD,AEA,EN,Federal Contract Tower,0,0,7,0,7,0,0,15,0,15,0,0,22,0,22,18,0,18,40
04/05/2020,HGR,MD,AEA,EN,Federal Contract Tower,0,0,2,0,2,0,4,34,0,38,0,4,36,0,40,26,0,26,66
04/06/2020,HGR,MD,AEA,EN,Federal Contract Tower,0,0,7,2,9,0,3,55,4,62,0,3,62,6,71,44,0,44,115
04/07/2020,HGR,MD,AEA,EN,Federal Contract Tower,0,0,0,4,4,0,2,7,0,9,0,2,7,4,13,0,0,0,13
04/08/2020,HGR,MD,AEA,EN,Federal Contract Tower,0,2,5,0,7,0,7,4,3,14,0,9,9,3,21,0,4,4,25
04/09/2020,HGR,MD,AEA,EN,Federal Contract Tower,0,0,4,1,5,0,0,3,0,3,0,0,7,1,8,0,0,0,8
04/10/2020,HGR,MD,AEA,EN,Federal Contract Tower,2,0,2,0,4,0,0,1,0,1,2,0,3,0,5,0,0,0,5
04/11/2020,HGR,MD,AEA,EN,Federal Contract Tower,0,0,4,1,5,0,1,33,1,35,0,1,37,2,40,40,0,40,80
04/12/2020,HGR,MD,AEA,EN,Federal Contract Tower,0,1,4,0,5,0,4,21,0,25,0,5,25,0,30,10,0,10,40
04/13/2020,HGR,MD,AEA,EN,Federal Contract Tower,0,2,1,0,3,0,1,0,0,1,0,3,1,0,4,0,0,0,4
04/14/2020,HGR,MD,AEA,EN,Federal Contract Tower,0,0,3,0,3,0,0,20,4,24,0,0,23,4,27,16,0,16,43
04/15/2020,HGR,MD,AEA,EN,Federal Contract Tower,0,3,3,1,7,0,6,29,5,40,0,9,32,6,47,24,0,24,71
04/16/2020,HGR,MD,AEA,EN,Federal Contract Tower,0,0,6,0,6,0,0,19,8,27,0,0,25,8,33,28,0,28,61
04/17/2020,HGR,MD,AEA,EN,Federal Contract Tower,0,1,5,0,6,0,0,17,2,19,0,1,22,2,25,0,0,0,25
04/18/2020,HGR,MD,AEA,EN,Federal Contract Tower,0,0,0,0,0,0,0,4,0,4,0,0,4,0,4,8,0,8,12
04/19/2020,HGR,MD,AEA,EN,Federal Contract Tower,0,0,3,0,3,0,1,38,0,39,0,1,41,0,42,36,0,36,78
04/20/2020,HGR,MD,AEA,EN,Federal Contract Tower,0,1,5,0,6,0,0,33,5,38,0,1,38,5,44,14,0,14,58
04/21/2020,HGR,MD,AEA,EN,Federal Contract Tower,0,1,4,6,11,0,0,5,6,11,0,1,9,12,22,0,0,0,22
04/22/2020,HGR,MD,AEA,EN,Federal Contract Tower,0,4,1,1,6,0,3,17,15,35,0,7,18,16,41,24,0,24,65
04/23/2020,HGR,MD,AEA,EN,Federal Contract Tower,0,2,13,3,18,0,0,49,13,62,0,2,62,16,80,32,0,32,112
04/24/2020,HGR,MD,AEA,EN,Federal Contract Tower,0,8,5,2,15,0,1,0,0,1,0,9,5,2,16,0,0,0,16
04/25/2020,HGR,MD,AEA,EN,Federal Contract Tower,0,0,8,0,8,0,0,30,2,32,0,0,38,2,40,86,4,90,130
04/26/2020,HGR,MD,AEA,EN,Federal Contract Tower,0,0,0,0,0,0,0,0,0,0,0,0,0,0,0,0,0,0,0
04/27/2020,HGR,MD,AEA,EN,Federal Contract Tower,0,0,13,2,15,0,2,8,1,11,0,2,21,3,26,10,0,10,36
04/28/2020,HGR,MD,AEA,EN,Federal Contract Tower,0,4,5,3,12,0,0,19,2,21,0,4,24,5,33,8,0,8,41
04/29/2020,HGR,MD,AEA,EN,Federal Contract Tower,0,5,1,0,6,0,0,0,0,0,0,5,1,0,6,0,0,0,6
04/30/2020,HGR,MD,AEA,EN,Federal Contract Tower,0,1,1,1,3,0,0,3,0,3,0,1,4,1,6,0,0,0,6
05/01/2020,HGR,MD,AEA,EN,Federal Contract Tower,0,1,5,1,7,0,4,27,14,45,0,5,32,15,52,4,0,4,56
05/02/2020,HGR,MD,AEA,EN,Federal Contract Tower,0,1,8,0,9,0,3,55,5,63,0,4,63,5,72,76,0,76,148
05/03/2020,HGR,MD,AEA,EN,Federal Contract Tower,0,1,1,0,2,0,4,15,1,20,0,5,16,1,22,16,0,16,38
05/04/2020,HGR,MD,AEA,EN,Federal Contract Tower,0,0,0,0,0,0,2,3,2,7,0,2,3,2,7,0,0,0,7
05/05/2020,HGR,MD,AEA,EN,Federal Contract Tower,0,0,6,0,6,0,0,55,2,57,0,0,61,2,63,70,0,70,133
05/06/2020,HGR,MD,AEA,EN,Federal Contract Tower,0,2,3,1,6,0,0,0,0,0,0,2,3,1,6,0,0,0,6
05/07/2020,HGR,MD,AEA,EN,Federal Contract Tower,0,1,7,1,9,0,8,85,18,111,0,9,92,19,120,82,0,82,202
05/08/2020,HGR,MD,AEA,EN,Federal Contract Tower,2,2,13,1,18,0,4,10,0,14,2,6,23,1,32,8,0,8,40
05/09/2020,HGR,MD,AEA,EN,Federal Contract Tower,0,0,4,2,6,0,0,2,0,2,0,0,6,2,8,0,0,0,8
05/10/2020,HGR,MD,AEA,EN,Federal Contract Tower,0,0,4,0,4,0,5,35,0,40,0,5,39,0,44,28,0,28,72
05/11/2020,HGR,MD,AEA,EN,Federal Contract Tower,2,1,6,4,13,0,3,3,2,8,2,4,9,6,21,0,0,0,21
05/12/2020,HGR,MD,AEA,EN,Federal Contract Tower,0,0,3,13,16,0,0,24,13,37,0,0,27,26,53,54,0,54,107
05/13/2020,HGR,MD,AEA,EN,Federal Contract Tower,0,0,5,0,5,0,5,65,27,97,0,5,70,27,102,98,0,98,200
05/14/2020,HGR,MD,AEA,EN,Federal Contract Tower,2,2,6,4,14,0,3,56,24,83,2,5,62,28,97,54,2,56,153
05/15/2020,HGR,MD,AEA,EN,Federal Contract Tower,2,1,11,3,17,0,7,37,5,49,2,8,48,8,66,26,0,26,92
05/16/2020,HGR,MD,AEA,EN,Federal Contract Tower,0,0,9,0,9,0,4,52,0,56,0,4,61,0,65,94,0,94,159
05/17/2020,HGR,MD,AEA,EN,Federal Contract Tower,2,0,1,1,4,0,0,3,3,6,2,0,4,4,10,0,0,0,10
05/18/2020,HGR,MD,AEA,EN,Federal Contract Tower,2,1,12,8,23,0,3,9,0,12,2,4,21,8,35,20,0,20,55
05/19/2020,HGR,MD,AEA,EN,Federal Contract Tower,0,0,4,5,9,0,5,19,23,47,0,5,23,28,56,28,14,42,98
05/20/2020,HGR,MD,AEA,EN,Federal Contract Tower,0,0,12,1,13,0,6,27,27,60,0,6,39,28,73,12,0,12,85
05/21/2020,HGR,MD,AEA,EN,Federal Contract Tower,2,4,18,17,41,0,6,38,9,53,2,10,56,26,94,28,0,28,122
05/22/2020,HGR,MD,AEA,EN,Federal Contract Tower,0,1,8,19,28,0,1,0,0,1,0,2,8,19,29,0,0,0,29
05/23/2020,HGR,MD,AEA,EN,Federal Contract Tower,0,5,15,0,20,0,3,56,0,59,0,8,71,0,79,60,0,60,139
05/24/2020,HGR,MD,AEA,EN,Federal Contract Tower,2,2,8,0,12,0,4,11,0,15,2,6,19,0,27,0,0,0,27
05/25/2020,HGR,MD,AEA,EN,Federal Contract Tower,0,0,10,0,10,0,2,36,2,40,0,2,46,2,50,22,0,22,72
05/26/2020,HGR,MD,AEA,EN,Federal Contract Tower,0,2,10,0,12,0,4,80,16,100,0,6,90,16,112,90,0,90,202
05/27/2020,HGR,MD,AEA,EN,Federal Contract Tower,0,0,19,14,33,0,1,40,8,49,0,1,59,22,82,28,0,28,110
05/28/2020,HGR,MD,AEA,EN,Federal Contract Tower,2,0,5,11,18,0,0,18,8,26,2,0,23,19,44,0,0,0,44
05/29/2020,HGR,MD,AEA,EN,Federal Contract Tower,2,1,7,0,10,0,1,11,6,18,2,2,18,6,28,10,0,10,38
05/30/2020,HGR,MD,AEA,EN,Federal Contract Tower,0,0,0,0,0,0,0,70,0,70,0,0,70,0,70,20,0,20,90
05/31/2020,HGR,MD,AEA,EN,Federal Contract Tower,2,0,3,0,5,0,1,65,0,66,2,1,68,0,71,60,0,60,131
06/01/2020,HGR,MD,AEA,EN,Federal Contract Tower,2,1,7,3,13,0,8,90,5,103,2,9,97,8,116,72,8,80,196
06/02/2020,HGR,MD,AEA,EN,Federal Contract Tower,0,2,9,5,16,0,17,58,16,91,0,19,67,21,107,52,0,52,159
06/03/2020,HGR,MD,AEA,EN,Federal Contract Tower,0,0,2,4,6,0,3,20,8,31,0,3,22,12,37,0,2,2,39
06/04/2020,HGR,MD,AEA,EN,Federal Contract Tower,2,0,1,1,4,0,4,26,2,32,2,4,27,3,36,44,0,44,80
06/05/2020,HGR,MD,AEA,EN,Federal Contract Tower,4,1,13,2,20,0,4,8,0,12,4,5,21,2,32,32,0,32,64
06/06/2020,HGR,MD,AEA,EN,Federal Contract Tower,0,1,6,0,7,0,4,27,0,31,0,5,33,0,38,44,0,44,82
06/07/2020,HGR,MD,AEA,EN,Federal Contract Tower,2,0,6,0,8,0,2,95,0,97,2,2,101,0,105,72,0,72,177
06/08/2020,HGR,MD,AEA,EN,Federal Contract Tower,3,4,14,2,23,0,6,67,7,80,3,10,81,9,103,52,0,52,155
06/09/2020,HGR,MD,AEA,EN,Federal Contract Tower,1,2,8,0,11,0,6,78,8,92,1,8,86,8,103,42,0,42,145
06/10/2020,HGR,MD,AEA,EN,Federal Contract Tower,0,1,3,0,4,0,6,32,1,39,0,7,35,1,43,12,0,12,55
06/11/2020,HGR,MD,AEA,EN,Federal Contract Tower,2,1,7,1,11,0,1,35,2,38,2,2,42,3,49,6,0,6,55
06/12/2020,HGR,MD,AEA,EN,Federal Contract Tower,4,1,11,0,16,0,0,62,2,64,4,1,73,2,80,54,0,54,134
06/13/2020,HGR,MD,AEA,EN,Federal Contract Tower,0,0,5,0,5,0,1,59,0,60,0,1,64,0,65,42,0,42,107
06/14/2020,HGR,MD,AEA,EN,Federal Contract Tower,2,2,4,0,8,0,1,25,0,26,2,3,29,0,34,54,0,54,88
06/15/2020,HGR,MD,AEA,EN,Federal Contract Tower,4,1,17,10,32,0,3,57,2,62,4,4,74,12,94,10,0,10,104
06/16/2020,HGR,MD,AEA,EN,Federal Contract Tower,0,0,15,1,16,0,9,71,13,93,0,9,86,14,109,70,4,74,183
06/17/2020,HGR,MD,AEA,EN,Federal Contract Tower,0,1,13,8,22,0,3,40,9,52,0,4,53,17,74,26,0,26,100
06/18/2020,HGR,MD,AEA,EN,Federal Contract Tower,2,2,8,5,17,0,2,33,1,36,2,4,41,6,53,28,0,28,81
06/19/2020,HGR,MD,AEA,EN,Federal Contract Tower,4,4,11,6,25,0,3,36,4,43,4,7,47,10,68,32,0,32,100
06/20/2020,HGR,MD,AEA,EN,Federal Contract Tower,0,0,9,3,12,0,1,13,1,15,0,1,22,4,27,26,0,26,53
06/21/2020,HGR,MD,AEA,EN,Federal Contract Tower,2,1,9,1,13,0,0,47,0,47,2,1,56,1,60,14,0,14,74
06/22/2020,HGR,MD,AEA,EN,Federal Contract Tower,4,1,8,0,13,0,5,51,5,61,4,6,59,5,74,34,0,34,108
06/23/2020,HGR,MD,AEA,EN,Federal Contract Tower,0,1,11,7,19,0,6,36,6,48,0,7,47,13,67,44,10,54,121
06/24/2020,HGR,MD,AEA,EN,Federal Contract Tower,0,3,12,6,21,0,6,75,22,103,0,9,87,28,124,38,0,38,162
06/25/2020,HGR,MD,AEA,EN,Federal Contract Tower,2,5,7,10,24,0,5,50,25,80,2,10,57,35,104,32,10,42,146
06/26/2020,HGR,MD,AEA,EN,Federal Contract Tower,4,0,12,0,16,0,4,84,11,99,4,4,96,11,115,34,4,38,153
06/27/2020,HGR,MD,AEA,EN,Federal Contract Tower,0,0,19,1,20,0,6,45,0,51,0,6,64,1,71,46,0,46,117
06/28/2020,HGR,MD,AEA,EN,Federal Contract Tower,2,0,8,0,10,0,3,48,0,51,2,3,56,0,61,40,0,40,101
06/29/2020,HGR,MD,AEA,EN,Federal Contract Tower,4,0,15,1,20,0,3,65,4,72,4,3,80,5,92,18,0,18,110
06/30/2020,HGR,MD,AEA,EN,Federal Contract Tower,0,2,16,0,18,0,3,84,5,92,0,5,100,5,110,72,0,72,182
07/01/2020,HGR,MD,AEA,EN,Federal Contract Tower,0,0,5,0,5,0,1,50,12,63,0,1,55,12,68,6,12,18,86
07/02/2020,HGR,MD,AEA,EN,Federal Contract Tower,2,1,24,7,34,0,3,66,7,76,2,4,90,14,110,36,0,36,146
07/03/2020,HGR,MD,AEA,EN,Federal Contract Tower,4,0,10,0,14,0,2,56,0,58,4,2,66,0,72,22,0,22,94
07/04/2020,HGR,MD,AEA,EN,Federal Contract Tower,0,0,11,1,12,0,4,35,1,40,0,4,46,2,52,8,0,8,60
07/05/2020,HGR,MD,AEA,EN,Federal Contract Tower,1,1,8,0,10,0,1,63,18,82,1,2,71,18,92,2,0,2,94
07/06/2020,HGR,MD,AEA,EN,Federal Contract Tower,4,1,5,0,10,0,2,30,0,32,4,3,35,0,42,6,0,6,48
07/07/2020,HGR,MD,AEA,EN,Federal Contract Tower,0,3,10,0,13,0,2,12,0,14,0,5,22,0,27,12,0,12,39
07/08/2020,HGR,MD,AEA,EN,Federal Contract Tower,0,1,8,4,13,0,1,37,1,39,0,2,45,5,52,12,0,12,64
07/09/2020,HGR,MD,AEA,EN,Federal Contract Tower,2,1,23,2,28,0,1,34,0,35,2,2,57,2,63,10,0,10,73
07/10/2020,HGR,MD,AEA,EN,Federal Contract Tower,4,1,9,1,15,0,5,26,0,31,4,6,35,1,46,14,0,14,60
07/11/2020,HGR,MD,AEA,EN,Federal Contract Tower,0,0,14,0,14,0,3,50,0,53,0,3,64,0,67,14,0,14,81
07/12/2020,HGR,MD,AEA,EN,Federal Contract Tower,2,0,7,1,10,0,2,58,1,61,2,2,65,2,71,28,0,28,99
07/13/2020,HGR,MD,AEA,EN,Federal Contract Tower,4,1,10,1,16,0,3,39,7,49,4,4,49,8,65,14,0,14,79
07/14/2020,HGR,MD,AEA,EN,Federal Contract Tower,0,1,7,5,13,0,5,63,8,76,0,6,70,13,89,50,2,52,141
07/15/2020,HGR,MD,AEA,EN,Federal Contract Tower,0,0,10,4,14,0,6,86,7,99,0,6,96,11,113,52,0,52,165
07/16/2020,HGR,MD,AEA,EN,Federal Contract Tower,0,0,6,4,10,0,1,31,0,32,0,1,37,4,42,12,0,12,54
07/17/2020,HGR,MD,AEA,EN,Federal Contract Tower,4,5,11,1,21,0,4,28,4,36,4,9,39,5,57,58,0,58,115
07/18/2020,HGR,MD,AEA,EN,Federal Contract Tower,0,3,11,0,14,0,1,56,0,57,0,4,67,0,71,50,0,50,121
07/19/2020,HGR,MD,AEA,EN,Federal Contract Tower,2,1,7,0,10,0,1,45,0,46,2,2,52,0,56,50,0,50,106
07/20/2020,HGR,MD,AEA,EN,Federal Contract Tower,4,0,11,0,15,0,0,20,4,24,4,0,31,4,39,24,0,24,63
07/21/2020,HGR,MD,AEA,EN,Federal Contract Tower,0,0,7,5,12,0,1,48,8,57,0,1,55,13,69,24,0,24,93
07/22/2020,HGR,MD,AEA,EN,Federal Contract Tower,0,0,7,5,12,0,0,13,3,16,0,0,20,8,28,6,0,6,34
07/23/2020,HGR,MD,AEA,EN,Federal Contract Tower,2,0,15,4,21,0,2,39,9,50,2,2,54,13,71,30,0,30,101
07/24/2020,HGR,MD,AEA,EN,Federal Contract Tower,4,0,16,2,22,0,0,19,0,19,4,0,35,2,41,4,0,4,45
07/25/2020,HGR,MD,AEA,EN,Federal Contract Tower,0,0,9,0,9,0,3,71,0,74,0,3,80,0,83,20,0,20,103
07/26/2020,HGR,MD,AEA,EN,Federal Contract Tower,2,0,4,0,6,0,1,41,0,42,2,1,45,0,48,52,0,52,100
07/27/2020,HGR,MD,AEA,EN,Federal Contract Tower,4,3,5,0,12,0,1,45,4,50,4,4,50,4,62,28,0,28,90
07/28/2020,HGR,MD,AEA,EN,Federal Contract Tower,0,4,12,4,20,0,11,40,8,59,0,15,52,12,79,8,0,8,87
07/29/2020,HGR,MD,AEA,EN,Federal Contract Tower,0,0,16,0,16,0,12,73,9,94,0,12,89,9,110,106,0,106,216
07/30/2020,HGR,MD,AEA,EN,Federal Contract Tower,1,0,15,5,21,0,2,64,32,98,1,2,79,37,119,48,0,48,167
07/31/2020,HGR,MD,AEA,EN,Federal Contract Tower,4,4,10,4,22,0,2,15,0,17,4,6,25,4,39,6,0,6,45
08/01/2020,HGR,MD,AEA,EN,Federal Contract Tower,0,0,12,0,12,0,8,13,1,22,0,8,25,1,34,6,0,6,40
08/02/2020,HGR,MD,AEA,EN,Federal Contract Tower,2,0,7,0,9,0,0,33,0,33,2,0,40,0,42,30,0,30,72
08/03/2020,HGR,MD,AEA,EN,Federal Contract Tower,4,1,5,0,10,0,0,31,0,31,4,1,36,0,41,32,0,32,73
08/04/2020,HGR,MD,AEA,EN,Federal Contract Tower,0,0,6,0,6,0,0,6,11,17,0,0,12,11,23,6,0,6,29
08/05/2020,HGR,MD,AEA,EN,Federal Contract Tower,2,6,12,0,20,0,10,103,27,140,2,16,115,27,160,72,0,72,232
08/06/2020,HGR,MD,AEA,EN,Federal Contract Tower,1,0,10,0,11,0,2,10,13,25,1,2,20,13,36,0,0,0,36
08/07/2020,HGR,MD,AEA,EN,Federal Contract Tower,4,2,12,4,22,0,1,3,2,6,4,3,15,6,28,0,0,0,28
08/08/2020,HGR,MD,AEA,EN,Federal Contract Tower,0,0,19,2,21,0,0,33,9,42,0,0,52,11,63,58,0,58,121
08/09/2020,HGR,MD,AEA,EN,Federal Contract Tower,2,2,11,1,16,0,1,81,1,83,2,3,92,2,99,44,0,44,143
08/10/2020,HGR,MD,AEA,EN,Federal Contract Tower,4,0,5,11,20,0,9,66,18,93,4,9,71,29,113,36,24,60,173
08/11/2020,HGR,MD,AEA,EN,Federal Contract Tower,0,1,10,5,16,0,2,73,22,97,0,3,83,27,113,112,40,152,265
08/12/2020,HGR,MD,AEA,EN,Federal Contract Tower,2,0,7,1,10,0,7,37,20,64,2,7,44,21,74,50,0,50,124
08/13/2020,HGR,MD,AEA,EN,Federal Contract Tower,2,7,7,6,22,0,5,18,7,30,2,12,25,13,52,6,0,6,58
08/14/2020,HGR,MD,AEA,EN,Federal Contract Tower,4,1,8,4,17,0,0,30,1,31,4,1,38,5,48,14,0,14,62
08/15/2020,HGR,MD,AEA,EN,Federal Contract Tower,0,0,13,2,15,0,6,40,0,46,0,6,53,2,61,10,0,10,71
08/16/2020,HGR,MD,AEA,EN,Federal Contract Tower,2,2,10,0,14,0,2,39,0,41,2,4,49,0,55,0,0,0,55
08/17/2020,HGR,MD,AEA,EN,Federal Contract Tower,4,0,5,4,13,0,6,40,9,55,4,6,45,13,68,42,0,42,110
08/18/2020,HGR,MD,AEA,EN,Federal Contract Tower,0,2,9,6,17,0,8,60,22,90,0,10,69,28,107,86,12,98,205
08/19/2020,HGR,MD,AEA,EN,Federal Contract Tower,0,1,16,12,29,0,8,80,24,112,0,9,96,36,141,76,12,88,229
08/20/2020,HGR,MD,AEA,EN,Federal Contract Tower,0,0,15,8,23,0,4,58,8,70,0,4,73,16,93,30,0,30,123
08/21/2020,HGR,MD,AEA,EN,Federal Contract Tower,4,0,11,0,15,0,5,51,8,64,4,5,62,8,79,36,0,36,115
08/22/2020,HGR,MD,AEA,EN,Federal Contract Tower,0,0,9,0,9,0,0,43,0,43,0,0,52,0,52,30,0,30,82
08/23/2020,HGR,MD,AEA,EN,Federal Contract Tower,0,3,9,0,12,0,2,54,1,57,0,5,63,1,69,46,0,46,115
08/24/2020,HGR,MD,AEA,EN,Federal Contract Tower,4,0,10,0,14,0,9,45,8,62,4,9,55,8,76,36,0,36,112
08/25/2020,HGR,MD,AEA,EN,Federal Contract Tower,0,0,9,7,16,0,5,34,13,52,0,5,43,20,68,34,2,36,104
08/26/2020,HGR,MD,AEA,EN,Federal Contract Tower,0,0,17,2,19,0,4,71,20,95,0,4,88,22,114,68,0,68,182
08/27/2020,HGR,MD,AEA,EN,Federal Contract Tower,0,1,5,6,12,0,1,52,13,66,0,2,57,19,78,30,2,32,110
08/28/2020,HGR,MD,AEA,EN,Federal Contract Tower,4,1,9,2,16,0,0,50,17,67,4,1,59,19,83,30,0,30,113
08/29/2020,HGR,MD,AEA,EN,Federal Contract Tower,0,0,4,0,4,0,2,18,0,20,0,2,22,0,24,2,0,2,26
08/30/2020,HGR,MD,AEA,EN,Federal Contract Tower,0,0,11,0,11,0,3,104,3,110,0,3,115,3,121,26,0,26,147
08/31/2020,HGR,MD,AEA,EN,Federal Contract Tower,4,4,16,1,25,0,0,31,2,33,4,4,47,3,58,48,20,68,126
09/01/2020,HGR,MD,AEA,EN,Federal Contract Tower,0,0,12,7,19,0,4,2,0,6,0,4,14,7,25,0,0,0,25
09/02/2020,HGR,MD,AEA,EN,Federal Contract Tower,0,2,9,9,20,0,10,27,7,44,0,12,36,16,64,6,0,6,70
09/03/2020,HGR,MD,AEA,EN,Federal Contract Tower,0,0,9,2,11,0,3,28,0,31,0,3,37,2,42,36,0,36,78
09/04/2020,HGR,MD,AEA,EN,Federal Contract Tower,4,0,10,2,16,0,7,57,2,66,4,7,67,4,82,30,0,30,112
09/05/2020,HGR,MD,AEA,EN,Federal Contract Tower,0,0,7,0,7,0,8,110,0,118,0,8,117,0,125,44,0,44,169
09/06/2020,HGR,MD,AEA,EN,Federal Contract Tower,0,0,8,0,8,0,6,81,0,87,0,6,89,0,95,16,0,16,111
09/07/2020,HGR,MD,AEA,EN,Federal Contract Tower,4,0,7,0,11,0,1,67,0,68,4,1,74,0,79,44,0,44,123
09/08/2020,HGR,MD,AEA,EN,Federal Contract Tower,0,1,13,5,19,0,4,64,22,90,0,5,77,27,109,40,6,46,155
09/09/2020,HGR,MD,AEA,EN,Federal Contract Tower,0,1,15,4,20,0,4,45,17,66,0,5,60,21,86,32,0,32,118
09/10/2020,HGR,MD,AEA,EN,Federal Contract Tower,0,3,12,8,23,0,0,10,0,10,0,3,22,8,33,0,0,0,33
09/11/2020,HGR,MD,AEA,EN,Federal Contract Tower,2,1,20,6,29,0,23,59,11,93,2,24,79,17,122,30,0,30,152
09/12/2020,HGR,MD,AEA,EN,Federal Contract Tower,0,1,22,0,23,0,1,73,0,74,0,2,95,0,97,12,0,12,109
09/13/2020,HGR,MD,AEA,EN,Federal Contract Tower,0,1,10,0,11,0,7,15,3,25,0,8,25,3,36,0,8,8,44
09/14/2020,HGR,MD,AEA,EN,Federal Contract Tower,2,1,15,0,18,0,2,47,14,63,2,3,62,14,81,28,0,28,109
09/15/2020,HGR,MD,AEA,EN,Federal Contract Tower,0,1,13,0,14,0,6,72,12,90,0,7,85,12,104,34,4,38,142
09/16/2020,HGR,MD,AEA,EN,Federal Contract Tower,0,4,17,6,27,0,5,84,7,96,0,9,101,13,123,52,6,58,181
09/17/2020,HGR,MD,AEA,EN,Federal Contract Tower,0,5,15,2,22,0,2,47,11,60,0,7,62,13,82,98,0,98,180
09/18/2020,HGR,MD,AEA,EN,Federal Contract Tower,2,0,5,3,10,0,2,39,7,48,2,2,44,10,58,48,0,48,106
09/19/2020,HGR,MD,AEA,EN,Federal Contract Tower,0,0,12,0,12,0,2,70,0,72,0,2,82,0,84,32,0,32,116
09/20/2020,HGR,MD,AEA,EN,Federal Contract Tower,0,2,5,0,7,0,4,70,3,77,0,6,75,3,84,52,0,52,136
09/21/2020,HGR,MD,AEA,EN,Federal Contract Tower,2,0,6,0,8,0,7,67,14,88,2,7,73,14,96,84,0,84,180
09/22/2020,HGR,MD,AEA,EN,Federal Contract Tower,0,2,19,12,33,0,2,104,51,157,0,4,123,63,190,86,22,108,298
09/23/2020,HGR,MD,AEA,EN,Federal Contract Tower,0,1,10,0,11,0,7,60,26,93,0,8,70,26,104,12,0,12,116
09/24/2020,HGR,MD,AEA,EN,Federal Contract Tower,0,0,9,6,15,0,19,56,27,102,0,19,65,33,117,10,0,10,127
09/25/2020,HGR,MD,AEA,EN,Federal Contract Tower,2,3,17,0,22,0,0,38,3,41,2,3,55,3,63,34,0,34,97
09/26/2020,HGR,MD,AEA,EN,Federal Contract Tower,0,0,16,0,16,0,0,3,0,3,0,0,19,0,19,0,0,0,19
09/27/2020,HGR,MD,AEA,EN,Federal Contract Tower,0,1,13,0,14,0,2,29,2,33,0,3,42,2,47,18,10,28,75
09/28/2020,HGR,MD,AEA,EN,Federal Contract Tower,2,4,10,2,18,0,3,21,5,29,2,7,31,7,47,0,0,0,47
09/29/2020,HGR,MD,AEA,EN,Federal Contract Tower,0,3,7,11,21,0,1,21,5,27,0,4,28,16,48,18,0,18,66
09/30/2020,HGR,MD,AEA,EN,Federal Contract Tower,0,1,14,2,17,0,4,59,13,76,0,5,73,15,93,70,0,70,163
10/01/2020,HGR,MD,AEA,EN,Federal Contract Tower,0,2,14,1,17,0,6,76,28,110,0,8,90,29,127,8,0,8,135
10/02/2020,HGR,MD,AEA,EN,Federal Contract Tower,2,2,6,7,17,0,12,43,8,63,2,14,49,15,80,18,0,18,98
10/03/2020,HGR,MD,AEA,EN,Federal Contract Tower,0,0,14,0,14,0,3,66,3,72,0,3,80,3,86,64,0,64,150
10/04/2020,HGR,MD,AEA,EN,Federal Contract Tower,0,0,2,0,2,0,1,86,0,87,0,1,88,0,89,50,0,50,139
10/05/2020,HGR,MD,AEA,EN,Federal Contract Tower,2,1,15,0,18,0,5,38,6,49,2,6,53,6,67,10,0,10,77
10/06/2020,HGR,MD,AEA,EN,Federal Contract Tower,0,7,11,1,19,0,5,59,10,74,0,12,70,11,93,28,0,28,121
10/07/2020,HGR,MD,AEA,EN,Federal Contract Tower,0,0,8,1,9,0,5,25,11,41,0,5,33,12,50,10,0,10,60
10/08/2020,HGR,MD,AEA,EN,Federal Contract Tower,0,0,12,2,14,0,4,48,19,71,0,4,60,21,85,50,0,50,135
10/09/2020,HGR,MD,AEA,EN,Federal Contract Tower,2,0,8,1,11,0,1,56,11,68,2,1,64,12,79,32,0,32,111
10/10/2020,HGR,MD,AEA,EN,Federal Contract Tower,0,0,20,0,20,0,4,75,4,83,0,4,95,4,103,72,0,72,175
10/11/2020,HGR,MD,AEA,EN,Federal Contract Tower,0,2,9,0,11,0,1,16,0,17,0,3,25,0,28,50,0,50,78
10/12/2020,HGR,MD,AEA,EN,Federal Contract Tower,2,0,16,5,23,0,0,1,1,2,2,0,17,6,25,0,0,0,25
10/13/2020,HGR,MD,AEA,EN,Federal Contract Tower,0,2,9,20,31,0,2,19,34,55,0,4,28,54,86,12,26,38,124
10/14/2020,HGR,MD,AEA,EN,Federal Contract Tower,0,0,5,3,8,0,7,79,40,126,0,7,84,43,134,94,0,94,228
10/15/2020,HGR,MD,AEA,EN,Federal Contract Tower,0,0,2,3,5,0,1,27,30,58,0,1,29,33,63,0,0,0,63
10/16/2020,HGR,MD,AEA,EN,Federal Contract Tower,2,0,4,6,12,0,4,10,2,16,2,4,14,8,28,6,0,6,34
10/17/2020,HGR,MD,AEA,EN,Federal Contract Tower,0,0,8,0,8,0,5,70,4,79,0,5,78,4,87,32,0,32,119
10/18/2020,HGR,MD,AEA,EN,Federal Contract Tower,0,0,7,0,7,0,2,60,6,68,0,2,67,6,75,28,0,28,103
10/19/2020,HGR,MD,AEA,EN,Federal Contract Tower,2,0,16,5,23,0,2,9,0,11,2,2,25,5,34,0,0,0,34
10/20/2020,HGR,MD,AEA,EN,Federal Contract Tower,0,0,6,8,14,0,1,75,17,93,0,1,81,25,107,78,0,78,185
10/21/2020,HGR,MD,AEA,EN,Federal Contract Tower,0,1,17,4,22,0,2,51,14,67,0,3,68,18,89,18,0,18,107
10/22/2020,HGR,MD,AEA,EN,Federal Contract Tower,0,0,7,5,12,0,1,50,23,74,0,1,57,28,86,10,0,10,96
10/23/2020,HGR,MD,AEA,EN,Federal Contract Tower,2,1,15,5,23,0,1,56,5,62,2,2,71,10,85,14,0,14,99
10/24/2020,HGR,MD,AEA,EN,Federal Contract Tower,0,0,9,0,9,0,2,36,0,38,0,2,45,0,47,4,0,4,51
10/25/2020,HGR,MD,AEA,EN,Federal Contract Tower,0,0,11,0,11,0,0,3,0,3,0,0,14,0,14,0,0,0,14
10/26/2020,HGR,MD,AEA,EN,Federal Contract Tower,2,1,19,11,33,0,0,14,7,21,2,1,33,18,54,12,0,12,66
10/27/2020,HGR,MD,AEA,EN,Federal Contract Tower,0,4,8,11,23,0,10,40,24,74,0,14,48,35,97,38,0,38,135
10/28/2020,HGR,MD,AEA,EN,Federal Contract Tower,0,3,16,31,50,0,5,31,8,44,0,8,47,39,94,48,0,48,142
10/29/2020,HGR,MD,AEA,EN,Federal Contract Tower,0,2,1,6,9,0,0,0,0,0,0,2,1,6,9,0,0,0,9
10/30/2020,HGR,MD,AEA,EN,Federal Contract Tower,2,1,11,16,30,0,2,13,7,22,2,3,24,23,52,14,0,14,66
10/31/2020,HGR,MD,AEA,EN,Federal Contract Tower,0,0,10,1,11,0,1,76,3,80,0,1,86,4,91,56,0,56,147
11/01/2020,HGR,MD,AEA,EN,Federal Contract Tower,0,0,9,0,9,0,0,9,0,9,0,0,18,0,18,0,0,0,18
11/02/2020,HGR,MD,AEA,EN,Federal Contract Tower,2,0,7,10,19,0,4,2,14,20,2,4,9,24,39,8,0,8,47
11/03/2020,HGR,MD,AEA,EN,Federal Contract Tower,0,0,3,8,11,0,8,16,20,44,0,8,19,28,55,16,0,16,71
11/04/2020,HGR,MD,AEA,EN,Federal Contract Tower,0,2,7,16,25,0,7,57,36,100,0,9,64,52,125,14,4,18,143
11/05/2020,HGR,MD,AEA,EN,Federal Contract Tower,0,1,9,3,13,0,9,82,6,97,0,10,91,9,110,66,0,66,176
11/06/2020,HGR,MD,AEA,EN,Federal Contract Tower,2,0,13,8,23,0,3,83,12,98,2,3,96,20,121,44,0,44,165
11/07/2020,HGR,MD,AEA,EN,Federal Contract Tower,0,2,6,0,8,0,5,93,3,101,0,7,99,3,109,76,0,76,185
11/08/2020,HGR,MD,AEA,EN,Federal Contract Tower,0,0,9,0,9,0,2,86,1,89,0,2,95,1,98,64,8,72,170
11/09/2020,HGR,MD,AEA,EN,Federal Contract Tower,2,4,6,6,18,0,5,56,7,68,2,9,62,13,86,38,0,38,124
11/10/2020,HGR,MD,AEA,EN,Federal Contract Tower,0,3,9,4,16,0,13,78,24,115,0,16,87,28,131,46,0,46,177
11/11/2020,HGR,MD,AEA,EN,Federal Contract Tower,0,1,13,0,14,0,1,0,0,1,0,2,13,0,15,0,0,0,15
11/12/2020,HGR,MD,AEA,EN,Federal Contract Tower,0,1,16,7,24,0,1,18,10,29,0,2,34,17,53,30,8,38,91
11/13/2020,HGR,MD,AEA,EN,Federal Contract Tower,2,2,24,0,28,0,3,44,12,59,2,5,68,12,87,24,0,24,111
11/14/2020,HGR,MD,AEA,EN,Federal Contract Tower,0,9,11,1,21,0,5,114,0,119,0,14,125,1,140,64,0,64,204
11/15/2020,HGR,MD,AEA,EN,Federal Contract Tower,0,0,3,0,3,0,0,0,0,0,0,0,3,0,3,0,0,0,3
11/16/2020,HGR,MD,AEA,EN,Federal Contract Tower,2,2,9,1,14,0,11,38,8,57,2,13,47,9,71,36,2,38,109
11/17/2020,HGR,MD,AEA,EN,Federal Contract Tower,0,1,5,9,15,0,8,7,24,39,0,9,12,33,54,0,0,0,54
11/18/2020,HGR,MD,AEA,EN,Federal Contract Tower,0,2,12,7,21,0,6,49,10,65,0,8,61,17,86,60,0,60,146
11/19/2020,HGR,MD,AEA,EN,Federal Contract Tower,0,0,7,8,15,0,5,29,14,48,0,5,36,22,63,12,22,34,97
11/20/2020,HGR,MD,AEA,EN,Federal Contract Tower,2,0,9,0,11,0,2,62,4,68,2,2,71,4,79,56,12,68,147
11/21/2020,HGR,MD,AEA,EN,Federal Contract Tower,2,0,3,0,5,0,2,40,0,42,2,2,43,0,47,46,0,46,93
11/22/2020,HGR,MD,AEA,EN,Federal Contract Tower,0,0,12,0,12,0,2,28,1,31,0,2,40,1,43,18,0,18,61
11/23/2020,HGR,MD,AEA,EN,Federal Contract Tower,0,0,7,8,15,0,11,0,3,14,0,11,7,11,29,0,0,0,29
11/24/2020,HGR,MD,AEA,EN,Federal Contract Tower,2,0,12,1,15,0,8,72,24,104,2,8,84,25,119,86,0,86,205
11/25/2020,HGR,MD,AEA,EN,Federal Contract Tower,0,0,5,1,6,0,8,35,0,43,0,8,40,1,49,48,0,48,97
11/26/2020,HGR,MD,AEA,EN,Federal Contract Tower,0,0,1,0,1,0,0,7,1,8,0,0,8,1,9,0,0,0,9
11/27/2020,HGR,MD,AEA,EN,Federal Contract Tower,0,1,8,0,9,0,5,24,0,29,0,6,32,0,38,10,0,10,48
11/28/2020,HGR,MD,AEA,EN,Federal Contract Tower,2,0,10,0,12,0,6,22,0,28,2,6,32,0,40,0,0,0,40
11/29/2020,HGR,MD,AEA,EN,Federal Contract Tower,2,2,10,2,16,0,7,51,3,61,2,9,61,5,77,40,0,40,117
11/30/2020,HGR,MD,AEA,EN,Federal Contract Tower,0,0,3,1,4,0,0,0,0,0,0,0,3,1,4,0,0,0,4
12/01/2020,HGR,MD,AEA,EN,Federal Contract Tower,0,0,2,7,9,0,4,0,0,4,0,4,2,7,13,0,0,0,13
12/02/2020,HGR,MD,AEA,EN,Federal Contract Tower,0,0,1,1,2,0,4,27,25,56,0,4,28,26,58,6,6,12,70
12/03/2020,HGR,MD,AEA,EN,Federal Contract Tower,0,0,5,1,6,0,0,63,17,80,0,0,68,18,86,44,0,44,130
12/04/2020,HGR,MD,AEA,EN,Federal Contract Tower,2,2,4,3,11,0,2,13,5,20,2,4,17,8,31,48,0,48,79
12/05/2020,HGR,MD,AEA,EN,Federal Contract Tower,0,1,6,0,7,0,0,10,0,10,0,1,16,0,17,0,0,0,17
12/06/2020,HGR,MD,AEA,EN,Federal Contract Tower,0,1,8,0,9,0,0,0,0,0,0,1,8,0,9,38,0,38,47
12/07/2020,HGR,MD,AEA,EN,Federal Contract Tower,2,1,4,1,8,0,11,14,17,42,2,12,18,18,50,0,0,0,50
12/08/2020,HGR,MD,AEA,EN,Federal Contract Tower,0,6,13,15,34,0,7,55,20,82,0,13,68,35,116,66,0,66,182
12/09/2020,HGR,MD,AEA,EN,Federal Contract Tower,0,0,0,13,13,0,6,40,17,63,0,6,40,30,76,72,6,78,154
12/10/2020,HGR,MD,AEA,EN,Federal Contract Tower,0,1,9,3,13,0,2,49,16,67,0,3,58,19,80,68,14,82,162
12/11/2020,HGR,MD,AEA,EN,Federal Contract Tower,2,1,8,1,12,0,8,72,11,91,2,9,80,12,103,30,0,30,133
12/12/2020,HGR,MD,AEA,EN,Federal Contract Tower,0,0,12,0,12,0,0,61,0,61,0,0,73,0,73,110,0,110,183
12/13/2020,HGR,MD,AEA,EN,Federal Contract Tower,0,2,8,0,10,0,6,66,0,72,0,8,74,0,82,70,0,70,152
12/14/2020,HGR,MD,AEA,EN,Federal Contract Tower,2,0,4,0,6,0,2,3,4,9,2,2,7,4,15,0,6,6,21
12/15/2020,HGR,MD,AEA,EN,Federal Contract Tower,0,0,8,4,12,0,5,62,45,112,0,5,70,49,124,88,12,100,224
12/16/2020,HGR,MD,AEA,EN,Federal Contract Tower,0,0,2,0,2,0,0,0,0,0,0,0,2,0,2,0,0,0,2
12/17/2020,HGR,MD,AEA,EN,Federal Contract Tower,0,0,2,12,14,0,6,5,11,22,0,6,7,23,36,0,0,0,36
12/19/2020,HGR,MD,AEA,EN,Federal Contract Tower,2,1,20,3,26,0,2,35,0,37,2,3,55,3,63,34,0,34,97
12/20/2020,HGR,MD,AEA,EN,Federal Contract Tower,2,1,3,0,6,0,0,8,0,8,2,1,11,0,14,14,0,14,28
12/21/2020,HGR,MD,AEA,EN,Federal Contract Tower,2,3,8,0,13,0,4,17,0,21,2,7,25,0,34,14,0,14,48
12/22/2020,HGR,MD,AEA,EN,Federal Contract Tower,0,0,3,2,5,0,7,29,10,46,0,7,32,12,51,0,0,0,51
12/23/2020,HGR,MD,AEA,EN,Federal Contract Tower,2,2,30,3,37,0,12,70,2,84,2,14,100,5,121,54,0,54,175
12/24/2020,HGR,MD,AEA,EN,Federal Contract Tower,2,0,0,0,2,0,0,0,0,0,2,0,0,0,2,0,0,0,2
12/25/2020,HGR,MD,AEA,EN,Federal Contract Tower,0,0,0,0,0,0,4,0,0,4,0,4,0,0,4,0,0,0,4
12/26/2020,HGR,MD,AEA,EN,Federal Contract Tower,0,0,4,0,4,0,2,32,3,37,0,2,36,3,41,34,6,40,81
12/27/2020,HGR,MD,AEA,EN,Federal Contract Tower,2,1,4,0,7,0,8,44,6,58,2,9,48,6,65,36,0,36,101
12/28/2020,HGR,MD,AEA,EN,Federal Contract Tower,2,0,3,0,5,0,1,39,5,45,2,1,42,5,50,22,2,24,74
12/29/2020,HGR,MD,AEA,EN,Federal Contract Tower,0,0,5,4,9,0,1,26,4,31,0,1,31,8,40,24,0,24,64
12/30/2020,HGR,MD,AEA,EN,Federal Contract Tower,2,3,6,3,14,0,12,30,10,52,2,15,36,13,66,14,0,14,80
12/31/2020,HGR,MD,AEA,EN,Federal Contract Tower,2,2,5,0,9,0,1,7,0,8,2,3,12,0,17,0,0,0,17
01/01/2021,HGR,MD,AEA,EN,Federal Contract Tower,0,0,0,0,0,0,3,0,0,3,0,3,0,0,3,0,0,0,3
01/02/2021,HGR,MD,AEA,EN,Federal Contract Tower,0,0,11,0,11,0,2,26,0,28,0,2,37,0,39,38,0,38,77
01/03/2021,HGR,MD,AEA,EN,Federal Contract Tower,2,0,2,0,4,0,0,0,0,0,2,0,2,0,4,0,0,0,4
01/04/2021,HGR,MD,AEA,EN,Federal Contract Tower,0,0,11,4,15,0,6,13,0,19,0,6,24,4,34,8,0,8,42
01/05/2021,HGR,MD,AEA,EN,Federal Contract Tower,2,0,1,2,5,0,0,0,0,0,2,0,1,2,5,0,0,0,5
01/06/2021,HGR,MD,AEA,EN,Federal Contract Tower,0,1,5,1,7,0,0,8,0,8,0,1,13,1,15,12,0,12,27
01/07/2021,HGR,MD,AEA,EN,Federal Contract Tower,0,0,5,1,6,0,2,46,2,50,0,2,51,3,56,8,0,8,64
01/08/2021,HGR,MD,AEA,EN,Federal Contract Tower,2,2,13,0,17,0,4,20,11,35,2,6,33,11,52,14,8,22,74
01/09/2021,HGR,MD,AEA,EN,Federal Contract Tower,0,1,4,0,5,0,0,34,2,36,0,1,38,2,41,10,0,10,51
01/10/2021,HGR,MD,AEA,EN,Federal Contract Tower,0,1,12,0,13,0,0,96,0,96,0,1,108,0,109,48,0,48,157
01/11/2021,HGR,MD,AEA,EN,Federal Contract Tower,2,1,10,2,15,0,3,31,3,37,2,4,41,5,52,30,0,30,82
01/12/2021,HGR,MD,AEA,EN,Federal Contract Tower,0,0,14,4,18,0,6,59,2,67,0,6,73,6,85,42,10,52,137
01/13/2021,HGR,MD,AEA,EN,Federal Contract Tower,0,0,18,7,25,0,6,63,4,73,0,6,81,11,98,78,0,78,176
01/14/2021,HGR,MD,AEA,EN,Federal Contract Tower,0,0,6,2,8,0,0,53,1,54,0,0,59,3,62,28,0,28,90
01/15/2021,HGR,MD,AEA,EN,Federal Contract Tower,2,2,13,2,19,0,5,34,0,39,2,7,47,2,58,8,0,8,66
01/16/2021,HGR,MD,AEA,EN,Federal Contract Tower,0,1,4,0,5,0,2,43,2,47,0,3,47,2,52,42,0,42,94
01/17/2021,HGR,MD,AEA,EN,Federal Contract Tower,0,2,7,0,9,0,1,30,0,31,0,3,37,0,40,32,0,32,72
01/18/2021,HGR,MD,AEA,EN,Federal Contract Tower,2,0,6,0,8,0,7,32,0,39,2,7,38,0,47,34,0,34,81
01/19/2021,HGR,MD,AEA,EN,Federal Contract Tower,0,1,6,4,11,0,3,32,8,43,0,4,38,12,54,68,0,68,122
01/20/2021,HGR,MD,AEA,EN,Federal Contract Tower,0,0,2,3,5,0,1,6,1,8,0,1,8,4,13,0,0,0,13
01/21/2021,HGR,MD,AEA,EN,Federal Contract Tower,0,1,3,6,10,0,3,32,20,55,0,4,35,26,65,0,0,0,65
01/22/2021,HGR,MD,AEA,EN,Federal Contract Tower,2,3,12,1,18,0,4,27,4,35,2,7,39,5,53,16,0,16,69
01/23/2021,HGR,MD,AEA,EN,Federal Contract Tower,0,3,5,0,8,0,6,8,0,14,0,9,13,0,22,0,0,0,22
01/24/2021,HGR,MD,AEA,EN,Federal Contract Tower,0,0,19,0,19,0,2,98,0,100,0,2,117,0,119,94,0,94,213
01/25/2021,HGR,MD,AEA,EN,Federal Contract Tower,2,3,4,6,15,0,2,2,0,4,2,5,6,6,19,0,0,0,19
01/26/2021,HGR,MD,AEA,EN,Federal Contract Tower,0,1,2,0,3,0,0,0,0,0,0,1,2,0,3,0,0,0,3
01/27/2021,HGR,MD,AEA,EN,Federal Contract Tower,0,1,10,8,19,0,6,41,35,82,0,7,51,43,101,4,0,4,105
01/28/2021,HGR,MD,AEA,EN,Federal Contract Tower,0,0,5,2,7,0,0,9,24,33,0,0,14,26,40,0,0,0,40
01/29/2021,HGR,MD,AEA,EN,Federal Contract Tower,2,3,5,6,16,0,5,8,7,20,2,8,13,13,36,0,0,0,36
01/30/2021,HGR,MD,AEA,EN,Federal Contract Tower,0,2,11,2,15,0,1,140,3,144,0,3,151,5,159,100,18,118,277
01/31/2021,HGR,MD,AEA,EN,Federal Contract Tower,0,0,0,0,0,0,0,0,0,0,0,0,0,0,0,0,0,0,0
02/01/2021,HGR,MD,AEA,EN,Federal Contract Tower,2,0,0,0,2,0,0,0,0,0,2,0,0,0,2,0,0,0,2
02/02/2021,HGR,MD,AEA,EN,Federal Contract Tower,0,3,0,2,5,0,8,3,7,18,0,11,3,9,23,0,0,0,23
02/03/2021,HGR,MD,AEA,EN,Federal Contract Tower,0,5,11,0,16,0,8,7,5,20,0,13,18,5,36,0,0,0,36
02/04/2021,HGR,MD,AEA,EN,Federal Contract Tower,0,0,21,2,23,0,5,42,1,48,0,5,63,3,71,32,0,32,103
02/05/2021,HGR,MD,AEA,EN,Federal Contract Tower,2,1,5,0,8,0,7,21,0,28,2,8,26,0,36,2,0,2,38
02/06/2021,HGR,MD,AEA,EN,Federal Contract Tower,0,0,3,0,3,0,3,25,0,28,0,3,28,0,31,12,0,12,43
02/07/2021,HGR,MD,AEA,EN,Federal Contract Tower,0,0,1,0,1,0,0,0,0,0,0,0,1,0,1,0,0,0,1
02/08/2021,HGR,MD,AEA,EN,Federal Contract Tower,2,3,8,5,18,0,4,45,0,49,2,7,53,5,67,34,0,34,101
02/09/2021,HGR,MD,AEA,EN,Federal Contract Tower,0,0,3,3,6,0,10,30,10,50,0,10,33,13,56,32,0,32,88
02/10/2021,HGR,MD,AEA,EN,Federal Contract Tower,0,2,2,2,6,0,11,27,4,42,0,13,29,6,48,46,0,46,94
02/11/2021,HGR,MD,AEA,EN,Federal Contract Tower,0,0,3,1,4,0,0,0,6,6,0,0,3,7,10,0,0,0,10
02/12/2021,HGR,MD,AEA,EN,Federal Contract Tower,2,4,7,3,16,0,6,9,0,15,2,10,16,3,31,38,0,38,69
02/13/2021,HGR,MD,AEA,EN,Federal Contract Tower,0,0,2,0,2,0,0,0,0,0,0,0,2,0,2,0,0,0,2
02/14/2021,HGR,MD,AEA,EN,Federal Contract Tower,0,1,3,0,4,0,0,3,0,3,0,1,6,0,7,0,0,0,7
02/15/2021,HGR,MD,AEA,EN,Federal Contract Tower,2,0,1,2,5,0,0,0,0,0,2,0,1,2,5,0,0,0,5
02/16/2021,HGR,MD,AEA,EN,Federal Contract Tower,0,2,3,4,9,0,4,8,9,21,0,6,11,13,30,0,0,0,30
02/17/2021,HGR,MD,AEA,EN,Federal Contract Tower,0,0,6,3,9,0,14,62,19,95,0,14,68,22,104,32,4,36,140
02/18/2021,HGR,MD,AEA,EN,Federal Contract Tower,0,0,0,0,0,0,0,0,0,0,0,0,0,0,0,0,0,0,0
02/19/2021,HGR,MD,AEA,EN,Federal Contract Tower,2,2,6,0,10,0,3,3,0,6,2,5,9,0,16,0,0,0,16
02/20/2021,HGR,MD,AEA,EN,Federal Contract Tower,0,1,9,0,10,0,10,11,0,21,0,11,20,0,31,10,0,10,41
02/21/2021,HGR,MD,AEA,EN,Federal Contract Tower,0,2,15,0,17,0,6,70,0,76,0,8,85,0,93,30,0,30,123
02/22/2021,HGR,MD,AEA,EN,Federal Contract Tower,2,1,5,7,15,0,2,2,7,11,2,3,7,14,26,10,0,10,36
02/23/2021,HGR,MD,AEA,EN,Federal Contract Tower,0,0,11,11,22,0,6,40,15,61,0,6,51,26,83,86,0,86,169
02/24/2021,HGR,MD,AEA,EN,Federal Contract Tower,0,0,7,0,7,0,15,92,38,145,0,15,99,38,152,102,24,126,278
02/25/2021,HGR,MD,AEA,EN,Federal Contract Tower,0,2,10,1,13,0,3,73,22,98,0,5,83,23,111,26,2,28,139
02/26/2021,HGR,MD,AEA,EN,Federal Contract Tower,2,4,5,3,14,0,3,81,11,95,2,7,86,14,109,58,0,58,167
02/27/2021,HGR,MD,AEA,EN,Federal Contract Tower,0,0,12,0,12,0,0,13,0,13,0,0,25,0,25,10,0,10,35
02/28/2021,HGR,MD,AEA,EN,Federal Contract Tower,0,2,13,0,15,0,0,2,0,2,0,2,15,0,17,0,0,0,17
03/01/2021,HGR,MD,AEA,EN,Federal Contract Tower,2,1,6,1,10,0,0,16,0,16,2,1,22,1,26,2,0,2,28
03/02/2021,HGR,MD,AEA,EN,Federal Contract Tower,0,0,9,7,16,0,2,42,10,54,0,2,51,17,70,38,0,38,108
03/03/2021,HGR,MD,AEA,EN,Federal Contract Tower,0,1,9,0,10,0,6,82,7,95,0,7,91,7,105,100,0,100,205
03/04/2021,HGR,MD,AEA,EN,Federal Contract Tower,0,2,11,3,16,0,2,24,2,28,0,4,35,5,44,2,0,2,46
03/05/2021,HGR,MD,AEA,EN,Federal Contract Tower,2,5,9,0,16,0,6,30,0,36,2,11,39,0,52,0,0,0,52
03/06/2021,HGR,MD,AEA,EN,Federal Contract Tower,0,1,6,0,7,0,1,22,0,23,0,2,28,0,30,24,0,24,54
03/07/2021,HGR,MD,AEA,EN,Federal Contract Tower,0,0,14,0,14,0,0,74,2,76,0,0,88,2,90,56,0,56,146
03/08/2021,HGR,MD,AEA,EN,Federal Contract Tower,2,0,7,2,11,0,4,52,3,59,2,4,59,5,70,38,0,38,108
03/09/2021,HGR,MD,AEA,EN,Federal Contract Tower,0,4,9,0,13,0,15,54,7,76,0,19,63,7,89,78,0,78,167
03/10/2021,HGR,MD,AEA,EN,Federal Contract Tower,0,1,9,0,10,0,12,58,14,84,0,13,67,14,94,86,0,86,180
03/11/2021,HGR,MD,AEA,EN,Federal Contract Tower,0,1,4,2,7,0,3,60,7,70,0,4,64,9,77,26,0,26,103
03/12/2021,HGR,MD,AEA,EN,Federal Contract Tower,2,1,12,0,15,0,3,34,0,37,2,4,46,0,52,22,0,22,74
03/13/2021,HGR,MD,AEA,EN,Federal Contract Tower,0,0,2,0,2,0,3,79,0,82,0,3,81,0,84,92,0,92,176
03/14/2021,HGR,MD,AEA,EN,Federal Contract Tower,0,2,2,0,4,0,2,22,0,24,0,4,24,0,28,4,0,4,32
03/15/2021,HGR,MD,AEA,EN,Federal Contract Tower,2,2,2,2,8,0,16,24,2,42,2,18,26,4,50,20,0,20,70
03/16/2021,HGR,MD,AEA,EN,Federal Contract Tower,0,2,7,5,14,0,3,6,0,9,0,5,13,5,23,0,0,0,23
03/17/2021,HGR,MD,AEA,EN,Federal Contract Tower,0,1,17,5,23,0,5,0,1,6,0,6,17,6,29,0,0,0,29
03/18/2021,HGR,MD,AEA,EN,Federal Contract Tower,0,0,2,5,7,0,0,0,0,0,0,0,2,5,7,0,0,0,7
03/19/2021,HGR,MD,AEA,EN,Federal Contract Tower,2,2,6,3,13,0,11,7,12,30,2,13,13,15,43,10,0,10,53
03/20/2021,HGR,MD,AEA,EN,Federal Contract Tower,0,0,12,0,12,0,0,129,1,130,0,0,141,1,142,44,0,44,186
03/21/2021,HGR,MD,AEA,EN,Federal Contract Tower,0,0,12,3,15,0,2,54,3,59,0,2,66,6,74,4,2,6,80
03/22/2021,HGR,MD,AEA,EN,Federal Contract Tower,2,1,12,7,22,0,9,83,11,103,2,10,95,18,125,32,22,54,179
03/23/2021,HGR,MD,AEA,EN,Federal Contract Tower,0,1,18,8,27,0,10,76,10,96,0,11,94,18,123,134,0,134,257
03/24/2021,HGR,MD,AEA,EN,Federal Contract Tower,0,2,5,6,13,0,0,0,0,0,0,2,5,6,13,0,0,0,13
03/25/2021,HGR,MD,AEA,EN,Federal Contract Tower,0,2,18,8,28,0,0,10,1,11,0,2,28,9,39,0,0,0,39
03/26/2021,HGR,MD,AEA,EN,Federal Contract Tower,2,0,3,0,5,0,1,3,0,4,2,1,6,0,9,0,0,0,9
03/27/2021,HGR,MD,AEA,EN,Federal Contract Tower,0,0,10,0,10,0,2,124,2,128,0,2,134,2,138,102,0,102,240
03/28/2021,HGR,MD,AEA,EN,Federal Contract Tower,0,0,3,0,3,0,0,0,0,0,0,0,3,0,3,0,0,0,3
03/29/2021,HGR,MD,AEA,EN,Federal Contract Tower,2,0,6,1,9,0,1,25,2,28,2,1,31,3,37,20,0,20,57
03/30/2021,HGR,MD,AEA,EN,Federal Contract Tower,0,1,7,2,10,0,3,44,7,54,0,4,51,9,64,4,0,4,68
03/31/2021,HGR,MD,AEA,EN,Federal Contract Tower,0,5,11,10,26,0,2,0,0,2,0,7,11,10,28,0,0,0,28
04/01/2021,HGR,MD,AEA,EN,Federal Contract Tower,0,1,16,1,18,0,2,11,15,28,0,3,27,16,46,8,2,10,56
04/02/2021,HGR,MD,AEA,EN,Federal Contract Tower,2,1,4,0,7,0,3,14,9,26,2,4,18,9,33,0,0,0,33
04/03/2021,HGR,MD,AEA,EN,Federal Contract Tower,0,0,3,0,3,0,0,52,0,52,0,0,55,0,55,32,0,32,87
04/04/2021,HGR,MD,AEA,EN,Federal Contract Tower,0,0,4,0,4,0,0,16,0,16,0,0,20,0,20,0,0,0,20
04/05/2021,HGR,MD,AEA,EN,Federal Contract Tower,2,6,9,0,17,0,5,45,8,58,2,11,54,8,75,16,0,16,91
04/06/2021,HGR,MD,AEA,EN,Federal Contract Tower,0,0,13,2,15,0,6,76,13,95,0,6,89,15,110,70,0,70,180
04/07/2021,HGR,MD,AEA,EN,Federal Contract Tower,0,0,10,4,14,0,9,59,16,84,0,9,69,20,98,22,0,22,120
04/08/2021,HGR,MD,AEA,EN,Federal Contract Tower,0,0,5,0,5,0,4,32,17,53,0,4,37,17,58,10,0,10,68
04/09/2021,HGR,MD,AEA,EN,Federal Contract Tower,2,0,18,2,22,0,0,0,0,0,2,0,18,2,22,0,0,0,22
04/10/2021,HGR,MD,AEA,EN,Federal Contract Tower,0,0,11,0,11,0,0,5,0,5,0,0,16,0,16,4,0,4,20
04/11/2021,HGR,MD,AEA,EN,Federal Contract Tower,0,3,5,2,10,0,0,16,0,16,0,3,21,2,26,64,0,64,90
04/12/2021,HGR,MD,AEA,EN,Federal Contract Tower,0,2,15,9,26,0,0,22,0,22,0,2,37,9,48,42,0,42,90
04/13/2021,HGR,MD,AEA,EN,Federal Contract Tower,2,1,18,8,29,0,5,57,4,66,2,6,75,12,95,60,0,60,155
04/14/2021,HGR,MD,AEA,EN,Federal Contract Tower,0,2,8,8,18,0,0,21,0,21,0,2,29,8,39,40,0,40,79
04/15/2021,HGR,MD,AEA,EN,Federal Contract Tower,0,1,5,14,20,0,0,25,8,33,0,1,30,22,53,2,8,10,63
04/16/2021,HGR,MD,AEA,EN,Federal Contract Tower,2,1,7,2,12,0,3,18,8,29,2,4,25,10,41,0,0,0,41
04/17/2021,HGR,MD,AEA,EN,Federal Contract Tower,0,2,12,0,14,0,1,58,0,59,0,3,70,0,73,34,0,34,107
04/18/2021,HGR,MD,AEA,EN,Federal Contract Tower,0,1,8,0,9,0,2,39,0,41,0,3,47,0,50,38,0,38,88
04/19/2021,HGR,MD,AEA,EN,Federal Contract Tower,2,1,8,2,13,0,1,42,7,50,2,2,50,9,63,52,0,52,115
04/20/2021,HGR,MD,AEA,EN,Federal Contract Tower,0,2,16,5,23,0,2,67,25,94,0,4,83,30,117,64,0,64,181
04/21/2021,HGR,MD,AEA,EN,Federal Contract Tower,0,4,4,4,12,0,3,2,24,29,0,7,6,28,41,0,0,0,41
04/22/2021,HGR,MD,AEA,EN,Federal Contract Tower,0,0,5,9,14,0,0,6,25,31,0,0,11,34,45,0,0,0,45
04/23/2021,HGR,MD,AEA,EN,Federal Contract Tower,2,1,13,1,17,0,5,33,22,60,2,6,46,23,77,8,0,8,85
04/24/2021,HGR,MD,AEA,EN,Federal Contract Tower,0,0,6,0,6,0,2,54,1,57,0,2,60,1,63,28,12,40,103
04/25/2021,HGR,MD,AEA,EN,Federal Contract Tower,0,2,6,0,8,0,2,13,0,15,0,4,19,0,23,20,0,20,43
04/26/2021,HGR,MD,AEA,EN,Federal Contract Tower,2,0,6,0,8,0,13,45,3,61,2,13,51,3,69,46,0,46,115
04/27/2021,HGR,MD,AEA,EN,Federal Contract Tower,0,1,5,4,10,0,5,63,15,83,0,6,68,19,93,72,30,102,195
04/28/2021,HGR,MD,AEA,EN,Federal Contract Tower,0,3,11,0,14,0,4,64,3,71,0,7,75,3,85,42,0,42,127
04/29/2021,HGR,MD,AEA,EN,Federal Contract Tower,0,0,3,4,7,0,2,18,1,21,0,2,21,5,28,0,0,0,28
04/30/2021,HGR,MD,AEA,EN,Federal Contract Tower,2,0,0,0,2,0,3,1,10,14,2,3,1,10,16,0,12,12,28
05/01/2021,HGR,MD,AEA,EN,Federal Contract Tower,0,0,9,2,11,0,8,48,1,57,0,8,57,3,68,42,0,42,110
05/02/2021,HGR,MD,AEA,EN,Federal Contract Tower,0,1,7,0,8,0,4,57,0,61,0,5,64,0,69,66,0,66,135
05/03/2021,HGR,MD,AEA,EN,Federal Contract Tower,2,2,7,4,15,0,0,0,1,1,2,2,7,5,16,0,0,0,16
05/04/2021,HGR,MD,AEA,EN,Federal Contract Tower,0,3,13,7,23,0,4,36,6,46,0,7,49,13,69,16,8,24,93
05/05/2021,HGR,MD,AEA,EN,Federal Contract Tower,0,1,10,8,19,0,2,2,4,8,0,3,12,12,27,0,0,0,27
05/06/2021,HGR,MD,AEA,EN,Federal Contract Tower,0,0,15,5,20,0,5,97,9,111,0,5,112,14,131,42,0,42,173
05/07/2021,HGR,MD,AEA,EN,Federal Contract Tower,2,2,15,2,21,0,6,20,1,27,2,8,35,3,48,0,0,0,48
05/08/2021,HGR,MD,AEA,EN,Federal Contract Tower,0,0,1,0,1,0,0,0,0,0,0,0,1,0,1,0,0,0,1
05/09/2021,HGR,MD,AEA,EN,Federal Contract Tower,0,0,5,0,5,0,0,11,0,11,0,0,16,0,16,6,0,6,22
05/10/2021,HGR,MD,AEA,EN,Federal Contract Tower,2,0,11,7,20,0,7,25,4,36,2,7,36,11,56,12,0,12,68
05/11/2021,HGR,MD,AEA,EN,Federal Contract Tower,0,1,7,2,10,0,3,38,11,52,0,4,45,13,62,50,0,50,112
05/12/2021,HGR,MD,AEA,EN,Federal Contract Tower,0,2,13,4,19,0,4,109,18,131,0,6,122,22,150,162,0,162,312
05/13/2021,HGR,MD,AEA,EN,Federal Contract Tower,0,1,17,0,18,0,3,107,9,119,0,4,124,9,137,90,0,90,227
05/14/2021,HGR,MD,AEA,EN,Federal Contract Tower,2,4,10,9,25,0,20,67,7,94,2,24,77,16,119,84,0,84,203
05/15/2021,HGR,MD,AEA,EN,Federal Contract Tower,0,0,8,0,8,0,4,118,0,122,0,4,126,0,130,66,0,66,196
05/16/2021,HGR,MD,AEA,EN,Federal Contract Tower,0,1,5,0,6,0,8,49,2,59,0,9,54,2,65,76,0,76,141
05/17/2021,HGR,MD,AEA,EN,Federal Contract Tower,2,0,8,3,13,0,3,72,12,87,2,3,80,15,100,74,8,82,182
05/18/2021,HGR,MD,AEA,EN,Federal Contract Tower,0,0,12,0,12,0,8,109,13,130,0,8,121,13,142,128,0,128,270
05/19/2021,HGR,MD,AEA,EN,Federal Contract Tower,0,1,16,0,17,0,8,95,6,109,0,9,111,6,126,122,0,122,248
05/20/2021,HGR,MD,AEA,EN,Federal Contract Tower,0,8,7,0,15,0,6,56,13,75,0,14,63,13,90,26,8,34,124
05/21/2021,HGR,MD,AEA,EN,Federal Contract Tower,2,0,17,2,21,0,4,63,11,78,2,4,80,13,99,30,6,36,135
05/22/2021,HGR,MD,AEA,EN,Federal Contract Tower,0,3,11,2,16,0,1,81,0,82,0,4,92,2,98,32,0,32,130
05/23/2021,HGR,MD,AEA,EN,Federal Contract Tower,0,0,10,0,10,0,3,21,0,24,0,3,31,0,34,18,0,18,52
05/24/2021,HGR,MD,AEA,EN,Federal Contract Tower,2,1,14,11,28,0,2,4,0,6,2,3,18,11,34,0,0,0,34
05/25/2021,HGR,MD,AEA,EN,Federal Contract Tower,0,2,18,17,37,0,7,19,3,29,0,9,37,20,66,8,0,8,74
05/26/2021,HGR,MD,AEA,EN,Federal Contract Tower,0,0,3,3,6,0,1,43,13,57,0,1,46,16,63,44,0,44,107
05/27/2021,HGR,MD,AEA,EN,Federal Contract Tower,0,2,18,2,22,0,6,75,11,92,0,8,93,13,114,30,0,30,144
05/28/2021,HGR,MD,AEA,EN,Federal Contract Tower,4,1,10,2,17,0,1,18,0,19,4,2,28,2,36,0,0,0,36
05/29/2021,HGR,MD,AEA,EN,Federal Contract Tower,0,0,5,0,5,0,0,4,0,4,0,0,9,0,9,2,0,2,11
05/30/2021,HGR,MD,AEA,EN,Federal Contract Tower,0,5,9,0,14,0,3,4,0,7,0,8,13,0,21,14,0,14,35
05/31/2021,HGR,MD,AEA,EN,Federal Contract Tower,4,0,9,0,13,0,4,91,3,98,4,4,100,3,111,58,0,58,169
06/01/2021,HGR,MD,AEA,EN,Federal Contract Tower,0,0,12,10,22,0,2,52,8,62,0,2,64,18,84,64,6,70,154
06/02/2021,HGR,MD,AEA,EN,Federal Contract Tower,0,0,4,5,9,0,1,54,16,71,0,1,58,21,80,42,6,48,128
06/03/2021,HGR,MD,AEA,EN,Federal Contract Tower,2,0,7,7,16,0,0,10,1,11,2,0,17,8,27,6,0,6,33
06/04/2021,HGR,MD,AEA,EN,Federal Contract Tower,4,2,16,2,24,0,4,43,2,49,4,6,59,4,73,14,0,14,87
06/05/2021,HGR,MD,AEA,EN,Federal Contract Tower,0,0,16,2,18,0,3,111,4,118,0,3,127,6,136,74,0,74,210
06/06/2021,HGR,MD,AEA,EN,Federal Contract Tower,2,1,10,0,13,0,3,72,2,77,2,4,82,2,90,58,0,58,148
06/07/2021,HGR,MD,AEA,EN,Federal Contract Tower,4,0,8,0,12,0,4,37,13,54,4,4,45,13,66,44,0,44,110
06/08/2021,HGR,MD,AEA,EN,Federal Contract Tower,0,3,8,12,23,0,3,48,8,59,0,6,56,20,82,58,0,58,140
06/09/2021,HGR,MD,AEA,EN,Federal Contract Tower,1,3,13,6,23,0,2,71,17,90,1,5,84,23,113,82,0,82,195
06/10/2021,HGR,MD,AEA,EN,Federal Contract Tower,2,5,8,4,19,0,1,25,8,34,2,6,33,12,53,26,8,34,87
06/11/2021,HGR,MD,AEA,EN,Federal Contract Tower,4,0,10,4,18,0,0,0,0,0,4,0,10,4,18,0,0,0,18
06/12/2021,HGR,MD,AEA,EN,Federal Contract Tower,0,1,17,2,20,0,1,25,0,26,0,2,42,2,46,10,0,10,56
06/13/2021,HGR,MD,AEA,EN,Federal Contract Tower,2,0,8,0,10,0,1,3,0,4,2,1,11,0,14,0,0,0,14
06/14/2021,HGR,MD,AEA,EN,Federal Contract Tower,4,2,16,2,24,0,2,32,12,46,4,4,48,14,70,24,0,24,94
06/15/2021,HGR,MD,AEA,EN,Federal Contract Tower,0,5,18,9,32,0,8,64,19,91,0,13,82,28,123,48,0,48,171
06/16/2021,HGR,MD,AEA,EN,Federal Contract Tower,2,4,19,3,28,0,10,95,26,131,2,14,114,29,159,66,0,66,225
06/17/2021,HGR,MD,AEA,EN,Federal Contract Tower,2,1,19,3,25,0,2,115,19,136,2,3,134,22,161,42,4,46,207
06/18/2021,HGR,MD,AEA,EN,Federal Contract Tower,4,5,13,1,23,0,5,79,3,87,4,10,92,4,110,76,0,76,186
06/19/2021,HGR,MD,AEA,EN,Federal Contract Tower,0,0,7,0,7,0,2,89,0,91,0,2,96,0,98,70,0,70,168
06/20/2021,HGR,MD,AEA,EN,Federal Contract Tower,2,1,12,1,16,0,5,107,0,112,2,6,119,1,128,14,0,14,142
06/21/2021,HGR,MD,AEA,EN,Federal Contract Tower,4,0,5,1,10,0,0,33,5,38,4,0,38,6,48,34,0,34,82
06/22/2021,HGR,MD,AEA,EN,Federal Contract Tower,0,1,12,12,25,0,4,23,16,43,0,5,35,28,68,0,0,0,68
06/23/2021,HGR,MD,AEA,EN,Federal Contract Tower,2,1,17,3,23,0,4,117,37,158,2,5,134,40,181,88,0,88,269
06/24/2021,HGR,MD,AEA,EN,Federal Contract Tower,2,1,12,2,17,0,2,127,40,169,2,3,139,42,186,48,0,48,234
06/25/2021,HGR,MD,AEA,EN,Federal Contract Tower,4,2,11,4,21,0,4,71,14,89,4,6,82,18,110,30,0,30,140
06/26/2021,HGR,MD,AEA,EN,Federal Contract Tower,0,0,13,0,13,0,4,43,2,49,0,4,56,2,62,38,0,38,100
06/27/2021,HGR,MD,AEA,EN,Federal Contract Tower,2,0,16,0,18,0,2,39,1,42,2,2,55,1,60,20,0,20,80
06/28/2021,HGR,MD,AEA,EN,Federal Contract Tower,4,4,5,0,13,0,6,25,2,33,4,10,30,2,46,6,0,6,52
06/29/2021,HGR,MD,AEA,EN,Federal Contract Tower,0,6,18,0,24,0,11,65,6,82,0,17,83,6,106,34,6,40,146
06/30/2021,HGR,MD,AEA,EN,Federal Contract Tower,2,2,10,5,19,0,9,61,8,78,2,11,71,13,97,80,0,80,177
07/01/2021,HGR,MD,AEA,EN,Federal Contract Tower,2,1,11,0,14,0,0,8,0,8,2,1,19,0,22,14,0,14,36
07/02/2021,HGR,MD,AEA,EN,Federal Contract Tower,4,6,16,6,32,0,12,44,10,66,4,18,60,16,98,14,0,14,112
07/03/2021,HGR,MD,AEA,EN,Federal Contract Tower,0,2,14,0,16,0,6,16,50,72,0,8,30,50,88,28,60,88,176
07/04/2021,HGR,MD,AEA,EN,Federal Contract Tower,2,1,1,0,4,0,0,53,69,122,2,1,54,69,126,48,118,166,292
07/05/2021,HGR,MD,AEA,EN,Federal Contract Tower,4,0,6,0,10,0,10,32,44,86,4,10,38,44,96,16,162,178,274
07/06/2021,HGR,MD,AEA,EN,Federal Contract Tower,0,2,12,3,17,0,4,48,60,112,0,6,60,63,129,52,276,328,457
07/07/2021,HGR,MD,AEA,EN,Federal Contract Tower,2,0,12,2,16,0,5,42,41,88,2,5,54,43,104,16,260,276,380
07/08/2021,HGR,MD,AEA,EN,Federal Contract Tower,2,2,7,5,16,0,3,21,40,64,2,5,28,45,80,0,212,212,292
07/09/2021,HGR,MD,AEA,EN,Federal Contract Tower,4,4,14,5,27,0,6,47,27,80,4,10,61,32,107,0,164,164,271
07/10/2021,HGR,MD,AEA,EN,Federal Contract Tower,0,1,14,0,15,0,0,116,28,144,0,1,130,28,159,42,80,122,281
07/11/2021,HGR,MD,AEA,EN,Federal Contract Tower,2,0,11,2,15,0,0,4,2,6,2,0,15,4,21,28,0,28,49
07/12/2021,HGR,MD,AEA,EN,Federal Contract Tower,4,0,14,1,19,0,5,37,3,45,4,5,51,4,64,36,0,36,100
07/13/2021,HGR,MD,AEA,EN,Federal Contract Tower,0,3,12,8,23,0,4,37,20,61,0,7,49,28,84,58,2,60,144
07/14/2021,HGR,MD,AEA,EN,Federal Contract Tower,2,0,13,3,18,0,10,61,7,78,2,10,74,10,96,86,0,86,182
07/15/2021,HGR,MD,AEA,EN,Federal Contract Tower,2,0,14,1,17,0,2,59,14,75,2,2,73,15,92,40,0,40,132
07/16/2021,HGR,MD,AEA,EN,Federal Contract Tower,4,4,10,0,18,0,10,66,4,80,4,14,76,4,98,32,0,32,130
07/17/2021,HGR,MD,AEA,EN,Federal Contract Tower,0,0,3,0,3,0,0,41,0,41,0,0,44,0,44,0,0,0,44
07/18/2021,HGR,MD,AEA,EN,Federal Contract Tower,2,2,11,2,17,0,1,19,0,20,2,3,30,2,37,0,0,0,37
07/19/2021,HGR,MD,AEA,EN,Federal Contract Tower,4,1,12,1,18,0,2,44,7,53,4,3,56,8,71,24,0,24,95
07/20/2021,HGR,MD,AEA,EN,Federal Contract Tower,0,2,19,8,29,0,5,87,13,105,0,7,106,21,134,114,0,114,248
07/21/2021,HGR,MD,AEA,EN,Federal Contract Tower,2,4,7,1,14,0,4,41,7,52,2,8,48,8,66,66,0,66,132
07/22/2021,HGR,MD,AEA,EN,Federal Contract Tower,0,1,10,5,16,0,5,84,11,100,0,6,94,16,116,90,4,94,210
07/23/2021,HGR,MD,AEA,EN,Federal Contract Tower,4,2,7,3,16,0,4,58,6,68,4,6,65,9,84,52,0,52,136
07/24/2021,HGR,MD,AEA,EN,Federal Contract Tower,0,3,16,0,19,0,4,74,0,78,0,7,90,0,97,36,0,36,133
07/25/2021,HGR,MD,AEA,EN,Federal Contract Tower,0,5,6,0,11,0,5,35,2,42,0,10,41,2,53,0,0,0,53
07/26/2021,HGR,MD,AEA,EN,Federal Contract Tower,4,4,8,3,19,0,8,31,3,42,4,12,39,6,61,0,0,0,61
07/27/2021,HGR,MD,AEA,EN,Federal Contract Tower,0,3,8,2,13,0,12,67,16,95,0,15,75,18,108,40,0,40,148
07/28/2021,HGR,MD,AEA,EN,Federal Contract Tower,2,1,18,0,21,0,8,50,20,78,2,9,68,20,99,84,0,84,183
07/29/2021,HGR,MD,AEA,EN,Federal Contract Tower,0,0,10,1,11,0,2,25,12,39,0,2,35,13,50,0,0,0,50
07/30/2021,HGR,MD,AEA,EN,Federal Contract Tower,4,0,7,0,11,0,9,18,4,31,4,9,25,4,42,0,0,0,42
07/31/2021,HGR,MD,AEA,EN,Federal Contract Tower,0,0,8,0,8,0,4,43,0,47,0,4,51,0,55,26,0,26,81
08/01/2021,HGR,MD,AEA,EN,Federal Contract Tower,2,0,6,0,8,0,4,14,0,18,2,4,20,0,26,22,0,22,48
08/02/2021,HGR,MD,AEA,EN,Federal Contract Tower,4,0,15,3,22,0,11,46,19,76,4,11,61,22,98,28,0,28,126
08/03/2021,HGR,MD,AEA,EN,Federal Contract Tower,0,4,18,3,25,0,11,79,6,96,0,15,97,9,121,24,0,24,145
08/04/2021,HGR,MD,AEA,EN,Federal Contract Tower,2,2,9,4,17,0,2,71,6,79,2,4,80,10,96,78,8,86,182
08/05/2021,HGR,MD,AEA,EN,Federal Contract Tower,2,0,11,8,21,0,12,64,10,86,2,12,75,18,107,42,0,42,149
08/06/2021,HGR,MD,AEA,EN,Federal Contract Tower,4,0,12,4,20,0,2,48,2,52,4,2,60,6,72,14,0,14,86
08/07/2021,HGR,MD,AEA,EN,Federal Contract Tower,0,3,12,0,15,0,0,49,2,51,0,3,61,2,66,38,2,40,106
08/08/2021,HGR,MD,AEA,EN,Federal Contract Tower,2,0,15,0,17,0,5,50,0,55,2,5,65,0,72,30,0,30,102
08/09/2021,HGR,MD,AEA,EN,Federal Contract Tower,4,3,18,0,25,0,1,52,8,61,4,4,70,8,86,52,0,52,138
08/10/2021,HGR,MD,AEA,EN,Federal Contract Tower,0,0,7,1,8,0,5,47,18,70,0,5,54,19,78,16,0,16,94
08/11/2021,HGR,MD,AEA,EN,Federal Contract Tower,4,2,5,0,11,0,5,16,11,32,4,7,21,11,43,0,0,0,43
08/12/2021,HGR,MD,AEA,EN,Federal Contract Tower,2,3,14,3,22,0,5,45,8,58,2,8,59,11,80,4,0,4,84
08/13/2021,HGR,MD,AEA,EN,Federal Contract Tower,4,0,4,0,8,0,8,31,13,52,4,8,35,13,60,12,0,12,72
08/14/2021,HGR,MD,AEA,EN,Federal Contract Tower,0,1,10,2,13,0,2,73,3,78,0,3,83,5,91,2,0,2,93
08/15/2021,HGR,MD,AEA,EN,Federal Contract Tower,2,4,12,0,18,0,5,37,2,44,2,9,49,2,62,36,2,38,100
08/16/2021,HGR,MD,AEA,EN,Federal Contract Tower,4,1,9,3,17,0,3,1,0,4,4,4,10,3,21,0,0,0,21
08/17/2021,HGR,MD,AEA,EN,Federal Contract Tower,0,0,15,17,32,0,14,19,5,38,0,14,34,22,70,12,0,12,82
08/18/2021,HGR,MD,AEA,EN,Federal Contract Tower,0,4,9,18,31,0,2,3,0,5,0,6,12,18,36,0,0,0,36
08/19/2021,HGR,MD,AEA,EN,Federal Contract Tower,0,4,13,8,25,0,7,88,31,126,0,11,101,39,151,108,0,108,259
08/20/2021,HGR,MD,AEA,EN,Federal Contract Tower,4,3,16,4,27,0,5,15,2,22,4,8,31,6,49,0,0,0,49
08/21/2021,HGR,MD,AEA,EN,Federal Contract Tower,0,0,3,0,3,0,2,24,0,26,0,2,27,0,29,50,0,50,79
08/22/2021,HGR,MD,AEA,EN,Federal Contract Tower,0,1,15,0,16,0,2,51,0,53,0,3,66,0,69,62,0,62,131
08/23/2021,HGR,MD,AEA,EN,Federal Contract Tower,4,1,17,0,22,0,0,62,7,69,4,1,79,7,91,50,0,50,141
08/24/2021,HGR,MD,AEA,EN,Federal Contract Tower,0,1,10,4,15,0,4,60,17,81,0,5,70,21,96,70,0,70,166
08/25/2021,HGR,MD,AEA,EN,Federal Contract Tower,0,1,9,1,11,0,8,78,7,93,0,9,87,8,104,72,6,78,182
08/26/2021,HGR,MD,AEA,EN,Federal Contract Tower,0,0,9,1,10,0,5,46,7,58,0,5,55,8,68,38,0,38,106
08/27/2021,HGR,MD,AEA,EN,Federal Contract Tower,4,1,9,0,14,0,3,55,0,58,4,4,64,0,72,104,8,112,184
08/28/2021,HGR,MD,AEA,EN,Federal Contract Tower,0,0,13,0,13,0,0,37,0,37,0,0,50,0,50,38,0,38,88
08/29/2021,HGR,MD,AEA,EN,Federal Contract Tower,0,0,12,1,13,0,0,7,0,7,0,0,19,1,20,6,0,6,26
08/30/2021,HGR,MD,AEA,EN,Federal Contract Tower,4,0,11,0,15,0,4,37,4,45,4,4,48,4,60,22,0,22,82
08/31/2021,HGR,MD,AEA,EN,Federal Contract Tower,0,0,15,10,25,0,11,17,14,42,0,11,32,24,67,10,0,10,77
09/01/2021,HGR,MD,AEA,EN,Federal Contract Tower,0,2,4,0,6,0,0,0,0,0,0,2,4,0,6,0,0,0,6
09/02/2021,HGR,MD,AEA,EN,Federal Contract Tower,0,0,7,1,8,0,5,50,11,66,0,5,57,12,74,20,0,20,94
09/03/2021,HGR,MD,AEA,EN,Federal Contract Tower,4,0,10,0,14,0,7,67,7,81,4,7,77,7,95,32,0,32,127
09/04/2021,HGR,MD,AEA,EN,Federal Contract Tower,0,0,5,0,5,0,2,87,6,95,0,2,92,6,100,50,0,50,150
09/05/2021,HGR,MD,AEA,EN,Federal Contract Tower,0,0,9,0,9,0,1,3,0,4,0,1,12,0,13,0,0,0,13
09/06/2021,HGR,MD,AEA,EN,Federal Contract Tower,4,0,15,0,19,0,0,53,0,53,4,0,68,0,72,12,0,12,84
09/07/2021,HGR,MD,AEA,EN,Federal Contract Tower,0,0,8,1,9,0,6,74,7,87,0,6,82,8,96,70,0,70,166
09/08/2021,HGR,MD,AEA,EN,Federal Contract Tower,0,3,13,0,16,0,4,31,1,36,0,7,44,1,52,30,0,30,82
09/09/2021,HGR,MD,AEA,EN,Federal Contract Tower,0,6,15,0,21,0,2,28,7,37,0,8,43,7,58,8,0,8,66
09/10/2021,HGR,MD,AEA,EN,Federal Contract Tower,2,4,10,8,24,0,2,58,8,68,2,6,68,16,92,24,4,28,120
09/11/2021,HGR,MD,AEA,EN,Federal Contract Tower,0,0,18,3,21,0,0,286,2,288,0,0,304,5,309,6,0,6,315
09/12/2021,HGR,MD,AEA,EN,Federal Contract Tower,0,0,9,0,9,0,0,62,2,64,0,0,71,2,73,72,0,72,145
09/13/2021,HGR,MD,AEA,EN,Federal Contract Tower,2,0,14,0,16,0,1,31,4,36,2,1,45,4,52,22,0,22,74
09/14/2021,HGR,MD,AEA,EN,Federal Contract Tower,0,1,10,3,14,0,3,40,8,51,0,4,50,11,65,42,0,42,107
09/15/2021,HGR,MD,AEA,EN,Federal Contract Tower,0,0,6,5,11,0,1,21,6,28,0,1,27,11,39,10,0,10,49
09/16/2021,HGR,MD,AEA,EN,Federal Contract Tower,0,1,17,4,22,0,1,11,2,14,0,2,28,6,36,0,0,0,36
09/17/2021,HGR,MD,AEA,EN,Federal Contract Tower,2,2,26,6,36,0,1,14,0,15,2,3,40,6,51,14,0,14,65
09/18/2021,HGR,MD,AEA,EN,Federal Contract Tower,0,1,6,0,7,0,4,33,4,41,0,5,39,4,48,20,0,20,68
09/19/2021,HGR,MD,AEA,EN,Federal Contract Tower,0,0,20,2,22,0,1,71,0,72,0,1,91,2,94,40,0,40,134
09/20/2021,HGR,MD,AEA,EN,Federal Contract Tower,2,5,8,1,16,0,10,26,12,48,2,15,34,13,64,22,0,22,86
09/21/2021,HGR,MD,AEA,EN,Federal Contract Tower,0,5,23,2,30,0,4,25,9,38,0,9,48,11,68,2,0,2,70
09/22/2021,HGR,MD,AEA,EN,Federal Contract Tower,0,3,10,4,17,0,0,0,0,0,0,3,10,4,17,0,0,0,17
09/23/2021,HGR,MD,AEA,EN,Federal Contract Tower,0,4,15,0,19,0,8,30,18,56,0,12,45,18,75,6,0,6,81
09/24/2021,HGR,MD,AEA,EN,Federal Contract Tower,2,2,13,1,18,0,5,104,6,115,2,7,117,7,133,88,0,88,221
09/25/2021,HGR,MD,AEA,EN,Federal Contract Tower,0,0,3,0,3,0,1,79,0,80,0,1,82,0,83,70,0,70,153
09/26/2021,HGR,MD,AEA,EN,Federal Contract Tower,0,0,6,2,8,0,2,60,2,64,0,2,66,4,72,44,0,44,116
09/27/2021,HGR,MD,AEA,EN,Federal Contract Tower,2,2,11,2,17,0,7,53,9,69,2,9,64,11,86,24,0,24,110
09/28/2021,HGR,MD,AEA,EN,Federal Contract Tower,0,4,9,1,14,0,9,34,9,52,0,13,43,10,66,78,0,78,144
09/29/2021,HGR,MD,AEA,EN,Federal Contract Tower,0,7,19,2,28,0,9,78,17,104,0,16,97,19,132,72,0,72,204
09/30/2021,HGR,MD,AEA,EN,Federal Contract Tower,0,1,10,6,17,0,3,81,13,97,0,4,91,19,114,50,6,56,170
10/01/2021,HGR,MD,AEA,EN,Federal Contract Tower,2,0,6,1,9,0,9,98,8,115,2,9,104,9,124,78,0,78,202
10/02/2021,HGR,MD,AEA,EN,Federal Contract Tower,0,0,11,4,15,0,5,145,0,150,0,5,156,4,165,40,0,40,205
10/03/2021,HGR,MD,AEA,EN,Federal Contract Tower,0,0,19,2,21,0,6,106,0,112,0,6,125,2,133,126,0,126,259
10/04/2021,HGR,MD,AEA,EN,Federal Contract Tower,2,0,17,1,20,0,2,37,0,39,2,2,54,1,59,36,0,36,95
10/05/2021,HGR,MD,AEA,EN,Federal Contract Tower,0,1,13,6,20,0,7,3,3,13,0,8,16,9,33,0,0,0,33
10/06/2021,HGR,MD,AEA,EN,Federal Contract Tower,0,2,9,5,16,0,3,0,0,3,0,5,9,5,19,0,0,0,19
10/07/2021,HGR,MD,AEA,EN,Federal Contract Tower,0,3,19,1,23,0,4,23,1,28,0,7,42,2,51,20,0,20,71
10/08/2021,HGR,MD,AEA,EN,Federal Contract Tower,2,3,13,0,18,0,1,36,2,39,2,4,49,2,57,38,0,38,95
10/09/2021,HGR,MD,AEA,EN,Federal Contract Tower,0,1,20,0,21,0,0,143,0,143,0,1,163,0,164,52,0,52,216
10/10/2021,HGR,MD,AEA,EN,Federal Contract Tower,0,1,9,0,10,0,0,0,0,0,0,1,9,0,10,0,0,0,10
10/11/2021,HGR,MD,AEA,EN,Federal Contract Tower,2,1,18,5,26,0,3,3,0,6,2,4,21,5,32,6,0,6,38
10/12/2021,HGR,MD,AEA,EN,Federal Contract Tower,0,4,20,12,36,0,0,0,0,0,0,4,20,12,36,0,0,0,36
10/13/2021,HGR,MD,AEA,EN,Federal Contract Tower,0,2,15,5,22,0,5,15,10,30,0,7,30,15,52,40,0,40,92
10/14/2021,HGR,MD,AEA,EN,Federal Contract Tower,0,2,17,4,23,0,3,48,20,71,0,5,65,24,94,44,2,46,140
10/15/2021,HGR,MD,AEA,EN,Federal Contract Tower,2,0,9,3,14,0,9,85,21,115,2,9,94,24,129,106,0,106,235
10/16/2021,HGR,MD,AEA,EN,Federal Contract Tower,0,0,6,0,6,0,1,1,1,3,0,1,7,1,9,0,0,0,9
10/17/2021,HGR,MD,AEA,EN,Federal Contract Tower,0,1,9,0,10,0,4,39,0,43,0,5,48,0,53,38,0,38,91
10/18/2021,HGR,MD,AEA,EN,Federal Contract Tower,2,0,6,6,14,0,3,41,11,55,2,3,47,17,69,46,0,46,115
10/19/2021,HGR,MD,AEA,EN,Federal Contract Tower,0,0,10,1,11,0,18,97,12,127,0,18,107,13,138,96,0,96,234
10/20/2021,HGR,MD,AEA,EN,Federal Contract Tower,0,2,7,4,13,0,11,88,21,120,0,13,95,25,133,94,0,94,227
10/21/2021,HGR,MD,AEA,EN,Federal Contract Tower,0,0,12,3,15,0,3,92,17,112,0,3,104,20,127,64,0,64,191
10/22/2021,HGR,MD,AEA,EN,Federal Contract Tower,2,0,22,3,27,0,5,75,16,96,2,5,97,19,123,90,0,90,213
10/25/2021,HGR,MD,AEA,EN,Federal Contract Tower,2,2,9,4,17,0,8,25,10,43,2,10,34,14,60,24,10,34,94
10/26/2021,HGR,MD,AEA,EN,Federal Contract Tower,0,0,11,3,14,0,1,1,8,10,0,1,12,11,24,0,0,0,24
10/27/2021,HGR,MD,AEA,EN,Federal Contract Tower,0,0,9,2,11,0,9,35,10,54,0,9,44,12,65,38,8,46,111
10/28/2021,HGR,MD,AEA,EN,Federal Contract Tower,0,2,18,3,23,0,1,41,6,48,0,3,59,9,71,24,0,24,95
10/29/2021,HGR,MD,AEA,EN,Federal Contract Tower,2,1,2,1,6,0,1,0,0,1,2,2,2,1,7,0,0,0,7
10/30/2021,HGR,MD,AEA,EN,Federal Contract Tower,0,1,8,0,9,0,0,1,0,1,0,1,9,0,10,0,0,0,10
10/31/2021,HGR,MD,AEA,EN,Federal Contract Tower,0,1,13,0,14,0,0,5,0,5,0,1,18,0,19,10,0,10,29
11/01/2021,HGR,MD,AEA,EN,Federal Contract Tower,2,2,12,4,20,0,4,42,2,48,2,6,54,6,68,12,8,20,88
11/02/2021,HGR,MD,AEA,EN,Federal Contract Tower,0,0,4,6,10,0,6,28,11,45,0,6,32,17,55,8,0,8,63
11/03/2021,HGR,MD,AEA,EN,Federal Contract Tower,0,2,10,5,17,0,4,91,22,117,0,6,101,27,134,62,0,62,196
11/04/2021,HGR,MD,AEA,EN,Federal Contract Tower,0,2,8,5,15,0,4,62,20,86,0,6,70,25,101,56,0,56,157
11/05/2021,HGR,MD,AEA,EN,Federal Contract Tower,2,1,8,2,13,0,6,81,18,105,2,7,89,20,118,64,0,64,182
11/06/2021,HGR,MD,AEA,EN,Federal Contract Tower,0,1,7,0,8,0,2,69,8,79,0,3,76,8,87,32,0,32,119
11/07/2021,HGR,MD,AEA,EN,Federal Contract Tower,0,5,6,0,11,0,0,76,2,78,0,5,82,2,89,46,0,46,135
11/08/2021,HGR,MD,AEA,EN,Federal Contract Tower,2,1,13,2,18,0,5,56,6,67,2,6,69,8,85,48,0,48,133
11/09/2021,HGR,MD,AEA,EN,Federal Contract Tower,0,1,8,5,14,0,7,50,18,75,0,8,58,23,89,74,0,74,163
11/10/2021,HGR,MD,AEA,EN,Federal Contract Tower,1,4,24,4,33,0,6,104,36,146,1,10,128,40,179,146,0,146,325
11/11/2021,HGR,MD,AEA,EN,Federal Contract Tower,0,8,10,1,19,0,6,61,24,91,0,14,71,25,110,24,38,62,172
11/12/2021,HGR,MD,AEA,EN,Federal Contract Tower,2,3,2,0,7,0,4,16,0,20,2,7,18,0,27,22,0,22,49
11/13/2021,HGR,MD,AEA,EN,Federal Contract Tower,0,0,10,0,10,0,2,23,0,25,0,2,33,0,35,8,0,8,43
11/14/2021,HGR,MD,AEA,EN,Federal Contract Tower,0,1,6,0,7,0,3,26,2,31,0,4,32,2,38,14,0,14,52
11/15/2021,HGR,MD,AEA,EN,Federal Contract Tower,2,1,7,14,24,0,3,1,1,5,2,4,8,15,29,0,0,0,29
11/16/2021,HGR,MD,AEA,EN,Federal Contract Tower,0,0,9,6,15,0,5,56,26,87,0,5,65,32,102,74,0,74,176
11/17/2021,HGR,MD,AEA,EN,Federal Contract Tower,0,4,11,16,31,0,9,74,19,102,0,13,85,35,133,78,0,78,211
11/18/2021,HGR,MD,AEA,EN,Federal Contract Tower,2,1,8,8,19,0,9,43,13,65,2,10,51,21,84,14,0,14,98
11/19/2021,HGR,MD,AEA,EN,Federal Contract Tower,2,4,11,4,21,0,1,8,10,19,2,5,19,14,40,0,0,0,40
11/20/2021,HGR,MD,AEA,EN,Federal Contract Tower,0,1,14,0,15,0,1,77,3,81,0,2,91,3,96,26,0,26,122
11/21/2021,HGR,MD,AEA,EN,Federal Contract Tower,0,0,9,0,9,0,4,59,0,63,0,4,68,0,72,56,0,56,128
11/22/2021,HGR,MD,AEA,EN,Federal Contract Tower,2,0,6,7,15,0,1,19,2,22,2,1,25,9,37,0,0,0,37
11/23/2021,HGR,MD,AEA,EN,Federal Contract Tower,2,4,10,6,22,0,2,37,23,62,2,6,47,29,84,22,12,34,118
11/24/2021,HGR,MD,AEA,EN,Federal Contract Tower,1,3,19,0,23,0,5,87,1,93,1,8,106,1,116,40,0,40,156
11/25/2021,HGR,MD,AEA,EN,Federal Contract Tower,0,0,4,0,4,0,2,21,0,23,0,2,25,0,27,0,0,0,27
11/26/2021,HGR,MD,AEA,EN,Federal Contract Tower,0,2,6,0,8,0,2,0,0,2,0,4,6,0,10,0,0,0,10
11/27/2021,HGR,MD,AEA,EN,Federal Contract Tower,2,0,6,0,8,0,0,20,0,20,2,0,26,0,28,16,0,16,44
11/28/2021,HGR,MD,AEA,EN,Federal Contract Tower,2,2,9,0,13,0,0,39,0,39,2,2,48,0,52,12,0,12,64
11/29/2021,HGR,MD,AEA,EN,Federal Contract Tower,2,3,12,7,24,0,12,11,7,30,2,15,23,14,54,12,0,12,66
11/30/2021,HGR,MD,AEA,EN,Federal Contract Tower,0,2,2,10,14,0,7,24,13,44,0,9,26,23,58,10,6,16,74
12/01/2021,HGR,MD,AEA,EN,Federal Contract Tower,0,3,15,16,34,0,10,55,11,76,0,13,70,27,110,32,10,42,152
12/02/2021,HGR,MD,AEA,EN,Federal Contract Tower,2,0,1,2,5,0,2,29,19,50,2,2,30,21,55,18,0,18,73
12/03/2021,HGR,MD,AEA,EN,Federal Contract Tower,2,1,12,5,20,0,6,33,8,47,2,7,45,13,67,8,0,8,75
12/04/2021,HGR,MD,AEA,EN,Federal Contract Tower,0,0,3,0,3,0,2,89,0,91,0,2,92,0,94,22,0,22,116
12/05/2021,HGR,MD,AEA,EN,Federal Contract Tower,2,0,9,0,11,0,1,54,3,58,2,1,63,3,69,28,0,28,97
12/06/2021,HGR,MD,AEA,EN,Federal Contract Tower,2,4,11,2,19,0,1,1,0,2,2,5,12,2,21,0,0,0,21
12/07/2021,HGR,MD,AEA,EN,Federal Contract Tower,0,3,13,4,20,0,7,55,0,62,0,10,68,4,82,50,0,50,132
12/08/2021,HGR,MD,AEA,EN,Federal Contract Tower,0,0,10,5,15,0,2,15,4,21,0,2,25,9,36,0,0,0,36
12/09/2021,HGR,MD,AEA,EN,Federal Contract Tower,2,3,12,3,20,0,4,57,10,71,2,7,69,13,91,28,0,28,119
12/11/2021,HGR,MD,AEA,EN,Federal Contract Tower,0,0,2,0,2,0,0,1,0,1,0,0,3,0,3,0,0,0,3
12/12/2021,HGR,MD,AEA,EN,Federal Contract Tower,2,3,9,0,14,0,5,47,0,52,2,8,56,0,66,27,0,27,93
12/13/2021,HGR,MD,AEA,EN,Federal Contract Tower,2,0,12,5,19,0,2,56,8,66,2,2,68,13,85,22,0,22,107
12/14/2021,HGR,MD,AEA,EN,Federal Contract Tower,0,6,21,10,37,0,16,66,20,102,0,22,87,30,139,40,0,40,179
12/15/2021,HGR,MD,AEA,EN,Federal Contract Tower,0,0,19,6,25,0,6,40,3,49,0,6,59,9,74,6,0,6,80
12/16/2021,HGR,MD,AEA,EN,Federal Contract Tower,2,4,10,2,18,0,5,32,8,45,2,9,42,10,63,6,0,6,69
12/17/2021,HGR,MD,AEA,EN,Federal Contract Tower,2,0,12,0,14,0,7,44,0,51,2,7,56,0,65,16,0,16,81
12/18/2021,HGR,MD,AEA,EN,Federal Contract Tower,0,1,8,0,9,0,0,8,0,8,0,1,16,0,17,10,0,10,27
12/19/2021,HGR,MD,AEA,EN,Federal Contract Tower,2,1,2,1,6,0,1,8,0,9,2,2,10,1,15,8,0,8,23
12/20/2021,HGR,MD,AEA,EN,Federal Contract Tower,2,3,14,0,19,0,1,52,0,53,2,4,66,0,72,70,0,70,142
12/21/2021,HGR,MD,AEA,EN,Federal Contract Tower,0,2,10,5,17,0,7,67,11,85,0,9,77,16,102,50,0,50,152
12/22/2021,HGR,MD,AEA,EN,Federal Contract Tower,2,2,10,12,26,0,4,31,1,36,2,6,41,13,62,10,6,16,78
12/23/2021,HGR,MD,AEA,EN,Federal Contract Tower,2,0,15,0,17,0,1,84,2,87,2,1,99,2,104,68,8,76,180
12/24/2021,HGR,MD,AEA,EN,Federal Contract Tower,2,0,9,0,11,0,2,50,0,52,2,2,59,0,63,22,0,22,85
12/25/2021,HGR,MD,AEA,EN,Federal Contract Tower,0,0,1,0,1,0,4,3,0,7,0,4,4,0,8,0,0,0,8
12/26/2021,HGR,MD,AEA,EN,Federal Contract Tower,2,1,11,0,14,0,4,68,0,72,2,5,79,0,86,42,0,42,128
12/27/2021,HGR,MD,AEA,EN,Federal Contract Tower,2,2,2,0,6,0,0,0,0,0,2,2,2,0,6,0,0,0,6
12/28/2021,HGR,MD,AEA,EN,Federal Contract Tower,0,4,17,2,23,0,3,35,2,40,0,7,52,4,63,22,10,32,95
12/29/2021,HGR,MD,AEA,EN,Federal Contract Tower,0,0,7,4,11,0,0,48,3,51,0,0,55,7,62,68,0,68,130
12/30/2021,HGR,MD,AEA,EN,Federal Contract Tower,0,0,5,0,5,0,0,0,0,0,0,0,5,0,5,0,0,0,5
12/31/2021,HGR,MD,AEA,EN,Federal Contract Tower,2,2,7,0,11,0,1,10,0,11,2,3,17,0,22,2,0,2,24
01/01/2022,HGR,MD,AEA,EN,Federal Contract Tower,0,0,1,0,1,0,0,0,0,0,0,0,1,0,1,0,0,0,1
01/02/2022,HGR,MD,AEA,EN,Federal Contract Tower,2,0,7,0,9,0,0,2,0,2,2,0,9,0,11,0,0,0,11
01/03/2022,HGR,MD,AEA,EN,Federal Contract Tower,2,4,3,0,9,0,1,2,0,3,2,5,5,0,12,0,0,0,12
01/04/2022,HGR,MD,AEA,EN,Federal Contract Tower,0,0,9,1,10,0,4,54,2,60,0,4,63,3,70,12,0,12,82
01/05/2022,HGR,MD,AEA,EN,Federal Contract Tower,0,2,0,2,4,0,5,33,3,41,0,7,33,5,45,26,0,26,71
01/06/2022,HGR,MD,AEA,EN,Federal Contract Tower,0,0,6,3,9,0,5,34,0,39,0,5,40,3,48,20,0,20,68
01/07/2022,HGR,MD,AEA,EN,Federal Contract Tower,2,6,3,0,11,0,3,3,2,8,2,9,6,2,19,0,0,0,19
01/08/2022,HGR,MD,AEA,EN,Federal Contract Tower,0,0,18,0,18,0,1,69,1,71,0,1,87,1,89,4,0,4,93
01/09/2022,HGR,MD,AEA,EN,Federal Contract Tower,2,2,3,0,7,0,0,0,0,0,2,2,3,0,7,0,0,0,7
01/10/2022,HGR,MD,AEA,EN,Federal Contract Tower,2,3,8,3,16,0,2,13,2,17,2,5,21,5,33,0,0,0,33
01/11/2022,HGR,MD,AEA,EN,Federal Contract Tower,0,4,5,6,15,0,5,43,17,65,0,9,48,23,80,16,0,16,96
01/12/2022,HGR,MD,AEA,EN,Federal Contract Tower,0,0,6,5,11,0,7,53,17,77,0,7,59,22,88,74,0,74,162
01/13/2022,HGR,MD,AEA,EN,Federal Contract Tower,2,0,10,6,18,0,1,68,10,79,2,1,78,16,97,84,6,90,187
01/14/2022,HGR,MD,AEA,EN,Federal Contract Tower,2,1,5,4,12,0,2,7,0,9,2,3,12,4,21,0,0,0,21
01/15/2022,HGR,MD,AEA,EN,Federal Contract Tower,0,0,3,0,3,0,0,50,0,50,0,0,53,0,53,10,0,10,63
01/16/2022,HGR,MD,AEA,EN,Federal Contract Tower,0,0,5,1,6,0,7,10,0,17,0,7,15,1,23,24,0,24,47
01/17/2022,HGR,MD,AEA,EN,Federal Contract Tower,2,0,1,0,3,0,0,0,0,0,2,0,1,0,3,0,0,0,3
01/18/2022,HGR,MD,AEA,EN,Federal Contract Tower,0,5,5,4,14,0,3,15,5,23,0,8,20,9,37,0,0,0,37
01/19/2022,HGR,MD,AEA,EN,Federal Contract Tower,0,1,18,9,28,0,8,53,8,69,0,9,71,17,97,58,6,64,161
01/20/2022,HGR,MD,AEA,EN,Federal Contract Tower,2,2,12,5,21,0,0,2,5,7,2,2,14,10,28,12,6,18,46
01/21/2022,HGR,MD,AEA,EN,Federal Contract Tower,2,0,5,1,8,0,3,27,1,31,2,3,32,2,39,24,4,28,67
01/22/2022,HGR,MD,AEA,EN,Federal Contract Tower,0,0,5,0,5,0,0,34,3,37,0,0,39,3,42,0,0,0,42
01/23/2022,HGR,MD,AEA,EN,Federal Contract Tower,2,3,2,1,8,0,2,50,3,55,2,5,52,4,63,54,0,54,117
01/24/2022,HGR,MD,AEA,EN,Federal Contract Tower,2,1,5,2,10,0,4,28,12,44,2,5,33,14,54,56,0,56,110
01/25/2022,HGR,MD,AEA,EN,Federal Contract Tower,0,1,6,12,19,0,7,28,5,40,0,8,34,17,59,38,0,38,97
01/26/2022,HGR,MD,AEA,EN,Federal Contract Tower,0,0,6,10,16,0,5,51,18,74,0,5,57,28,90,58,26,84,174
01/27/2022,HGR,MD,AEA,EN,Federal Contract Tower,2,2,15,6,25,0,1,67,7,75,2,3,82,13,100,58,0,58,158
01/28/2022,HGR,MD,AEA,EN,Federal Contract Tower,2,1,9,2,14,0,2,6,0,8,2,3,15,2,22,2,0,2,24
01/29/2022,HGR,MD,AEA,EN,Federal Contract Tower,0,3,1,1,5,0,1,2,0,3,0,4,3,1,8,0,0,0,8
01/30/2022,HGR,MD,AEA,EN,Federal Contract Tower,2,1,10,1,14,0,0,54,2,56,2,1,64,3,70,4,0,4,74
01/31/2022,HGR,MD,AEA,EN,Federal Contract Tower,2,0,10,5,17,0,4,57,1,62,2,4,67,6,79,28,0,28,107
02/01/2022,HGR,MD,AEA,EN,Federal Contract Tower,0,3,9,7,19,0,4,72,8,84,0,7,81,15,103,46,0,46,149
02/02/2022,HGR,MD,AEA,EN,Federal Contract Tower,0,2,16,4,22,0,1,37,4,42,0,3,53,8,64,28,0,28,92
02/03/2022,HGR,MD,AEA,EN,Federal Contract Tower,2,1,6,0,9,0,0,0,0,0,2,1,6,0,9,0,0,0,9
02/04/2022,HGR,MD,AEA,EN,Federal Contract Tower,2,1,4,0,7,0,2,0,0,2,2,3,4,0,9,0,0,0,9
02/05/2022,HGR,MD,AEA,EN,Federal Contract Tower,0,0,4,1,5,0,6,24,7,37,0,6,28,8,42,2,0,2,44
02/06/2022,HGR,MD,AEA,EN,Federal Contract Tower,2,3,10,1,16,0,1,103,0,104,2,4,113,1,120,44,0,44,164
02/07/2022,HGR,MD,AEA,EN,Federal Contract Tower,2,2,8,0,12,0,8,43,2,53,2,10,51,2,65,22,0,22,87
02/08/2022,HGR,MD,AEA,EN,Federal Contract Tower,0,2,5,7,14,0,5,42,13,60,0,7,47,20,74,42,10,52,126
02/09/2022,HGR,MD,AEA,EN,Federal Contract Tower,0,0,8,5,13,0,10,71,19,100,0,10,79,24,113,76,0,76,189
02/10/2022,HGR,MD,AEA,EN,Federal Contract Tower,2,1,3,4,10,0,7,40,14,61,2,8,43,18,71,22,12,34,105
02/11/2022,HGR,MD,AEA,EN,Federal Contract Tower,3,2,8,5,18,0,4,64,13,81,3,6,72,18,99,46,0,46,145
02/12/2022,HGR,MD,AEA,EN,Federal Contract Tower,0,0,5,0,5,0,4,26,1,31,0,4,31,1,36,26,0,26,62
02/13/2022,HGR,MD,AEA,EN,Federal Contract Tower,2,0,4,0,6,0,0,13,0,13,2,0,17,0,19,0,0,0,19
02/14/2022,HGR,MD,AEA,EN,Federal Contract Tower,2,0,11,0,13,0,2,15,16,33,2,2,26,16,46,4,6,10,56
02/15/2022,HGR,MD,AEA,EN,Federal Contract Tower,0,1,12,3,16,0,5,50,17,72,0,6,62,20,88,86,0,86,174
02/16/2022,HGR,MD,AEA,EN,Federal Contract Tower,0,2,15,1,18,0,5,42,7,54,0,7,57,8,72,12,0,12,84
02/17/2022,HGR,MD,AEA,EN,Federal Contract Tower,2,5,11,4,22,0,1,19,8,28,2,6,30,12,50,12,10,22,72
02/18/2022,HGR,MD,AEA,EN,Federal Contract Tower,2,1,13,0,16,0,0,5,0,5,2,1,18,0,21,0,0,0,21
02/19/2022,HGR,MD,AEA,EN,Federal Contract Tower,0,0,4,2,6,0,0,7,1,8,0,0,11,3,14,0,8,8,22
02/20/2022,HGR,MD,AEA,EN,Federal Contract Tower,2,0,10,0,12,0,9,57,3,69,2,9,67,3,81,34,8,42,123
02/21/2022,HGR,MD,AEA,EN,Federal Contract Tower,2,4,16,3,25,0,9,95,12,116,2,13,111,15,141,80,0,80,221
02/22/2022,HGR,MD,AEA,EN,Federal Contract Tower,0,2,4,0,6,0,1,2,0,3,0,3,6,0,9,0,0,0,9
02/23/2022,HGR,MD,AEA,EN,Federal Contract Tower,0,2,10,12,24,0,8,28,14,50,0,10,38,26,74,0,8,8,82
02/24/2022,HGR,MD,AEA,EN,Federal Contract Tower,2,0,8,0,10,0,2,3,0,5,2,2,11,0,15,18,0,18,33
02/25/2022,HGR,MD,AEA,EN,Federal Contract Tower,0,0,13,2,15,0,7,3,0,10,0,7,16,2,25,14,0,14,39
02/26/2022,HGR,MD,AEA,EN,Federal Contract Tower,0,1,17,0,18,0,4,63,1,68,0,5,80,1,86,50,0,50,136
02/27/2022,HGR,MD,AEA,EN,Federal Contract Tower,2,1,4,0,7,0,4,56,0,60,2,5,60,0,67,28,0,28,95
02/28/2022,HGR,MD,AEA,EN,Federal Contract Tower,2,0,8,2,12,0,4,51,16,71,2,4,59,18,83,28,0,28,111
03/01/2022,HGR,MD,AEA,EN,Federal Contract Tower,0,0,15,8,23,0,9,54,22,85,0,9,69,30,108,84,0,84,192
03/02/2022,HGR,MD,AEA,EN,Federal Contract Tower,0,4,23,3,30,0,6,100,19,125,0,10,123,22,155,158,0,158,313
03/03/2022,HGR,MD,AEA,EN,Federal Contract Tower,3,0,9,2,14,0,5,44,21,70,3,5,53,23,84,44,6,50,134
03/04/2022,HGR,MD,AEA,EN,Federal Contract Tower,2,7,16,0,25,0,13,83,0,96,2,20,99,0,121,50,0,50,171
03/05/2022,HGR,MD,AEA,EN,Federal Contract Tower,0,4,15,0,19,0,13,61,9,83,0,17,76,9,102,36,2,38,140
03/06/2022,HGR,MD,AEA,EN,Federal Contract Tower,2,1,10,0,13,0,3,10,7,20,2,4,20,7,33,6,0,6,39
03/07/2022,HGR,MD,AEA,EN,Federal Contract Tower,2,2,0,4,8,0,27,2,0,29,2,29,2,4,37,0,0,0,37
03/08/2022,HGR,MD,AEA,EN,Federal Contract Tower,0,0,4,4,8,0,10,46,8,64,0,10,50,12,72,40,14,54,126
03/09/2022,HGR,MD,AEA,EN,Federal Contract Tower,0,5,4,1,10,0,0,0,0,0,0,5,4,1,10,0,0,0,10
03/10/2022,HGR,MD,AEA,EN,Federal Contract Tower,2,5,13,1,21,0,1,87,7,95,2,6,100,8,116,50,0,50,166
03/11/2022,HGR,MD,AEA,EN,Federal Contract Tower,2,2,4,0,8,0,1,62,8,71,2,3,66,8,79,28,0,28,107
03/12/2022,HGR,MD,AEA,EN,Federal Contract Tower,0,0,0,0,0,0,0,0,0,0,0,0,0,0,0,0,0,0,0
03/13/2022,HGR,MD,AEA,EN,Federal Contract Tower,2,1,5,0,8,0,2,7,2,11,2,3,12,2,19,2,0,2,21
03/14/2022,HGR,MD,AEA,EN,Federal Contract Tower,2,2,14,0,18,0,3,51,14,68,2,5,65,14,86,38,0,38,124
03/15/2022,HGR,MD,AEA,EN,Federal Contract Tower,0,1,13,0,14,0,5,109,5,119,0,6,122,5,133,94,0,94,227
03/16/2022,HGR,MD,AEA,EN,Federal Contract Tower,0,2,11,3,16,0,5,88,19,112,0,7,99,22,128,98,0,98,226
03/17/2022,HGR,MD,AEA,EN,Federal Contract Tower,2,2,14,9,27,0,0,18,1,19,2,2,32,10,46,6,0,6,52
03/18/2022,HGR,MD,AEA,EN,Federal Contract Tower,2,4,8,2,16,0,4,73,9,86,2,8,81,11,102,42,0,42,144
03/19/2022,HGR,MD,AEA,EN,Federal Contract Tower,0,0,5,0,5,0,0,37,2,39,0,0,42,2,44,28,0,28,72
03/20/2022,HGR,MD,AEA,EN,Federal Contract Tower,2,1,12,1,16,0,2,45,4,51,2,3,57,5,67,22,0,22,89
03/21/2022,HGR,MD,AEA,EN,Federal Contract Tower,2,2,10,0,14,0,10,57,14,81,2,12,67,14,95,70,0,70,165
03/22/2022,HGR,MD,AEA,EN,Federal Contract Tower,0,0,11,2,13,0,4,64,23,91,0,4,75,25,104,84,0,84,188
03/23/2022,HGR,MD,AEA,EN,Federal Contract Tower,0,1,11,9,21,0,3,17,5,25,0,4,28,14,46,42,0,42,88
03/24/2022,HGR,MD,AEA,EN,Federal Contract Tower,2,2,12,13,29,0,0,10,0,10,2,2,22,13,39,12,0,12,51
03/25/2022,HGR,MD,AEA,EN,Federal Contract Tower,2,6,10,5,23,0,2,38,7,47,2,8,48,12,70,30,0,30,100
03/26/2022,HGR,MD,AEA,EN,Federal Contract Tower,0,1,4,0,5,0,2,14,2,18,0,3,18,2,23,0,0,0,23
03/27/2022,HGR,MD,AEA,EN,Federal Contract Tower,2,0,5,0,7,0,0,2,0,2,2,0,7,0,9,2,0,2,11
03/28/2022,HGR,MD,AEA,EN,Federal Contract Tower,2,0,3,1,6,0,0,9,2,11,2,0,12,3,17,16,0,16,33
03/29/2022,HGR,MD,AEA,EN,Federal Contract Tower,1,0,10,1,12,0,3,51,7,61,1,3,61,8,73,38,0,38,111
03/30/2022,HGR,MD,AEA,EN,Federal Contract Tower,0,2,8,1,11,0,1,12,12,25,0,3,20,13,36,2,0,2,38
03/31/2022,HGR,MD,AEA,EN,Federal Contract Tower,2,2,0,0,4,0,0,1,0,1,2,2,1,0,5,0,0,0,5
04/01/2022,HGR,MD,AEA,EN,Federal Contract Tower,2,2,9,0,13,0,3,9,1,13,2,5,18,1,26,0,0,0,26
04/02/2022,HGR,MD,AEA,EN,Federal Contract Tower,0,0,8,0,8,0,5,120,1,126,0,5,128,1,134,88,0,88,222
04/03/2022,HGR,MD,AEA,EN,Federal Contract Tower,2,0,7,0,9,0,2,15,0,17,2,2,22,0,26,0,0,0,26
04/04/2022,HGR,MD,AEA,EN,Federal Contract Tower,2,0,14,5,21,0,9,87,5,101,2,9,101,10,122,94,0,94,216
04/05/2022,HGR,MD,AEA,EN,Federal Contract Tower,0,2,7,2,11,0,8,25,8,41,0,10,32,10,52,32,0,32,84
04/06/2022,HGR,MD,AEA,EN,Federal Contract Tower,2,0,15,6,23,0,0,0,0,0,2,0,15,6,23,0,0,0,23
04/07/2022,HGR,MD,AEA,EN,Federal Contract Tower,2,1,6,5,14,0,0,0,0,0,2,1,6,5,14,0,0,0,14
04/08/2022,HGR,MD,AEA,EN,Federal Contract Tower,2,3,8,0,13,0,1,49,4,54,2,4,57,4,67,30,0,30,97
04/09/2022,HGR,MD,AEA,EN,Federal Contract Tower,0,1,7,0,8,0,0,19,0,19,0,1,26,0,27,18,0,18,45
04/10/2022,HGR,MD,AEA,EN,Federal Contract Tower,2,1,9,0,12,0,0,18,0,18,2,1,27,0,30,14,0,14,44
04/11/2022,HGR,MD,AEA,EN,Federal Contract Tower,2,0,6,1,9,0,4,50,0,54,2,4,56,1,63,10,0,10,73
04/12/2022,HGR,MD,AEA,EN,Federal Contract Tower,0,1,14,7,22,0,4,74,14,92,0,5,88,21,114,64,8,72,186
04/13/2022,HGR,MD,AEA,EN,Federal Contract Tower,2,1,20,3,26,0,6,47,11,64,2,7,67,14,90,16,0,16,106
04/14/2022,HGR,MD,AEA,EN,Federal Contract Tower,2,2,7,7,18,0,2,6,3,11,2,4,13,10,29,0,0,0,29
04/15/2022,HGR,MD,AEA,EN,Federal Contract Tower,2,0,9,3,14,0,4,39,3,46,2,4,48,6,60,2,2,4,64
04/16/2022,HGR,MD,AEA,EN,Federal Contract Tower,0,0,6,0,6,0,1,44,4,49,0,1,50,4,55,20,0,20,75
04/17/2022,HGR,MD,AEA,EN,Federal Contract Tower,2,3,2,0,7,0,2,12,2,16,2,5,14,2,23,0,0,0,23
04/18/2022,HGR,MD,AEA,EN,Federal Contract Tower,2,1,11,2,16,0,0,0,0,0,2,1,11,2,16,0,0,0,16
04/19/2022,HGR,MD,AEA,EN,Federal Contract Tower,0,6,9,5,20,0,1,17,16,34,0,7,26,21,54,16,0,16,70
04/20/2022,HGR,MD,AEA,EN,Federal Contract Tower,0,2,10,1,13,0,12,96,12,120,0,14,106,13,133,68,4,72,205
04/21/2022,HGR,MD,AEA,EN,Federal Contract Tower,2,3,14,6,25,0,0,67,11,78,2,3,81,17,103,62,4,66,169
04/22/2022,HGR,MD,AEA,EN,Federal Contract Tower,2,0,12,0,14,0,5,65,2,72,2,5,77,2,86,72,0,72,158
04/23/2022,HGR,MD,AEA,EN,Federal Contract Tower,0,0,14,0,14,0,3,157,0,160,0,3,171,0,174,46,0,46,220
04/24/2022,HGR,MD,AEA,EN,Federal Contract Tower,2,0,10,0,12,0,3,158,2,163,2,3,168,2,175,42,0,42,217
04/25/2022,HGR,MD,AEA,EN,Federal Contract Tower,2,7,11,4,24,0,3,26,0,29,2,10,37,4,53,52,0,52,105
04/26/2022,HGR,MD,AEA,EN,Federal Contract Tower,0,1,14,4,19,0,7,2,8,17,0,8,16,12,36,0,0,0,36
04/27/2022,HGR,MD,AEA,EN,Federal Contract Tower,0,4,11,6,21,0,9,22,5,36,0,13,33,11,57,0,0,0,57
04/28/2022,HGR,MD,AEA,EN,Federal Contract Tower,2,3,5,1,11,0,5,45,3,53,2,8,50,4,64,22,0,22,86
04/29/2022,HGR,MD,AEA,EN,Federal Contract Tower,2,4,10,1,17,0,3,60,6,69,2,7,70,7,86,70,0,70,156
04/30/2022,HGR,MD,AEA,EN,Federal Contract Tower,0,0,27,0,27,0,7,128,0,135,0,7,155,0,162,20,0,20,182
05/01/2022,HGR,MD,AEA,EN,Federal Contract Tower,2,0,11,0,13,0,0,8,0,8,2,0,19,0,21,12,0,12,33
05/02/2022,HGR,MD,AEA,EN,Federal Contract Tower,6,0,12,0,18,0,9,27,1,37,6,9,39,1,55,20,0,20,75
05/03/2022,HGR,MD,AEA,EN,Federal Contract Tower,0,1,14,2,17,0,2,48,2,52,0,3,62,4,69,58,0,58,127
05/04/2022,HGR,MD,AEA,EN,Federal Contract Tower,0,2,13,0,15,0,0,12,0,12,0,2,25,0,27,6,0,6,33
05/05/2022,HGR,MD,AEA,EN,Federal Contract Tower,2,1,18,1,22,0,2,91,6,99,2,3,109,7,121,116,0,116,237
05/06/2022,HGR,MD,AEA,EN,Federal Contract Tower,0,0,7,0,7,0,0,0,0,0,0,0,7,0,7,0,0,0,7
05/07/2022,HGR,MD,AEA,EN,Federal Contract Tower,0,1,2,0,3,0,0,0,0,0,0,1,2,0,3,0,0,0,3
05/08/2022,HGR,MD,AEA,EN,Federal Contract Tower,2,2,8,0,12,0,0,25,2,27,2,2,33,2,39,26,0,26,65
05/09/2022,HGR,MD,AEA,EN,Federal Contract Tower,2,4,12,2,20,0,11,111,19,141,2,15,123,21,161,106,0,106,267
05/10/2022,HGR,MD,AEA,EN,Federal Contract Tower,0,0,12,7,19,0,6,103,31,140,0,6,115,38,159,78,2,80,239
05/11/2022,HGR,MD,AEA,EN,Federal Contract Tower,0,1,6,0,7,0,4,102,23,129,0,5,108,23,136,102,0,102,238
05/12/2022,HGR,MD,AEA,EN,Federal Contract Tower,2,2,13,7,24,0,3,55,4,62,2,5,68,11,86,84,0,84,170
05/13/2022,HGR,MD,AEA,EN,Federal Contract Tower,2,2,22,0,26,0,0,2,0,2,2,2,24,0,28,0,0,0,28
05/14/2022,HGR,MD,AEA,EN,Federal Contract Tower,0,0,14,1,15,0,0,9,0,9,0,0,23,1,24,0,0,0,24
05/15/2022,HGR,MD,AEA,EN,Federal Contract Tower,2,1,9,1,13,0,0,29,0,29,2,1,38,1,42,22,0,22,64
05/16/2022,HGR,MD,AEA,EN,Federal Contract Tower,2,0,5,1,8,0,6,9,6,21,2,6,14,7,29,0,0,0,29
05/17/2022,HGR,MD,AEA,EN,Federal Contract Tower,0,2,7,2,11,0,9,37,3,49,0,11,44,5,60,18,0,18,78
05/18/2022,HGR,MD,AEA,EN,Federal Contract Tower,0,0,7,6,13,0,6,94,22,122,0,6,101,28,135,126,0,126,261
05/19/2022,HGR,MD,AEA,EN,Federal Contract Tower,2,4,10,6,22,0,0,32,6,38,2,4,42,12,60,58,0,58,118
05/20/2022,HGR,MD,AEA,EN,Federal Contract Tower,2,3,9,3,17,0,13,37,3,53,2,16,46,6,70,24,4,28,98
05/21/2022,HGR,MD,AEA,EN,Federal Contract Tower,0,0,10,0,10,0,1,161,1,163,0,1,171,1,173,32,0,32,205
05/22/2022,HGR,MD,AEA,EN,Federal Contract Tower,2,0,7,0,9,0,1,40,2,43,2,1,47,2,52,32,0,32,84
05/23/2022,HGR,MD,AEA,EN,Federal Contract Tower,2,4,13,1,20,0,5,23,10,38,2,9,36,11,58,10,0,10,68
05/24/2022,HGR,MD,AEA,EN,Federal Contract Tower,0,1,13,14,28,0,6,10,0,16,0,7,23,14,44,14,0,14,58
05/25/2022,HGR,MD,AEA,EN,Federal Contract Tower,0,6,24,8,38,0,8,54,10,72,0,14,78,18,110,28,0,28,138
05/26/2022,HGR,MD,AEA,EN,Federal Contract Tower,2,0,10,5,17,0,0,17,6,23,2,0,27,11,40,10,0,10,50
05/27/2022,HGR,MD,AEA,EN,Federal Contract Tower,4,0,12,0,16,0,3,2,0,5,4,3,14,0,21,16,0,16,37
05/28/2022,HGR,MD,AEA,EN,Federal Contract Tower,0,0,15,0,15,0,79,0,0,79,0,79,15,0,94,86,0,86,180
05/29/2022,HGR,MD,AEA,EN,Federal Contract Tower,2,0,8,0,10,0,5,84,0,89,2,5,92,0,99,38,0,38,137
05/30/2022,HGR,MD,AEA,EN,Federal Contract Tower,4,2,17,0,23,0,5,67,0,72,4,7,84,0,95,72,0,72,167
05/31/2022,HGR,MD,AEA,EN,Federal Contract Tower,0,0,6,2,8,0,7,92,9,108,0,7,98,11,116,68,0,68,184
06/01/2022,HGR,MD,AEA,EN,Federal Contract Tower,0,0,12,3,15,0,7,62,10,79,0,7,74,13,94,62,0,62,156
06/02/2022,HGR,MD,AEA,EN,Federal Contract Tower,1,0,9,2,12,0,5,42,1,48,1,5,51,3,60,12,0,12,72
06/03/2022,HGR,MD,AEA,EN,Federal Contract Tower,4,1,24,1,30,0,10,65,3,78,4,11,89,4,108,2,0,2,110
06/04/2022,HGR,MD,AEA,EN,Federal Contract Tower,0,1,8,2,11,0,6,91,0,97,0,7,99,2,108,72,0,72,180
06/05/2022,HGR,MD,AEA,EN,Federal Contract Tower,2,4,12,0,18,0,5,95,7,107,2,9,107,7,125,46,0,46,171
06/06/2022,HGR,MD,AEA,EN,Federal Contract Tower,4,1,16,1,22,0,4,44,9,57,4,5,60,10,79,10,0,10,89
06/07/2022,HGR,MD,AEA,EN,Federal Contract Tower,0,1,9,3,13,0,1,7,8,16,0,2,16,11,29,4,0,4,33
06/08/2022,HGR,MD,AEA,EN,Federal Contract Tower,0,1,19,2,22,0,0,40,9,49,0,1,59,11,71,40,0,40,111
06/09/2022,HGR,MD,AEA,EN,Federal Contract Tower,1,0,9,2,12,0,3,25,5,33,1,3,34,7,45,0,0,0,45
06/10/2022,HGR,MD,AEA,EN,Federal Contract Tower,4,1,24,0,29,0,5,105,14,124,4,6,129,14,153,38,6,44,197
06/11/2022,HGR,MD,AEA,EN,Federal Contract Tower,0,0,20,0,20,0,2,11,0,13,0,2,31,0,33,6,0,6,39
06/12/2022,HGR,MD,AEA,EN,Federal Contract Tower,1,1,1,0,3,0,1,22,0,23,1,2,23,0,26,0,0,0,26
06/13/2022,HGR,MD,AEA,EN,Federal Contract Tower,4,1,9,1,15,0,6,51,4,61,4,7,60,5,76,32,0,32,108
06/14/2022,HGR,MD,AEA,EN,Federal Contract Tower,0,5,15,4,24,0,3,30,2,35,0,8,45,6,59,14,0,14,73
06/15/2022,HGR,MD,AEA,EN,Federal Contract Tower,0,1,12,2,15,0,8,56,12,76,0,9,68,14,91,50,0,50,141
06/16/2022,HGR,MD,AEA,EN,Federal Contract Tower,0,0,10,6,16,0,3,18,0,21,0,3,28,6,37,0,0,0,37
06/17/2022,HGR,MD,AEA,EN,Federal Contract Tower,4,1,11,0,16,0,3,28,2,33,4,4,39,2,49,8,0,8,57
06/18/2022,HGR,MD,AEA,EN,Federal Contract Tower,0,0,3,0,3,0,3,8,1,12,0,3,11,1,15,0,0,0,15
06/19/2022,HGR,MD,AEA,EN,Federal Contract Tower,0,1,8,0,9,0,2,46,0,48,0,3,54,0,57,2,0,2,59
06/20/2022,HGR,MD,AEA,EN,Federal Contract Tower,4,2,10,0,16,0,2,94,0,96,4,4,104,0,112,100,0,100,212
06/21/2022,HGR,MD,AEA,EN,Federal Contract Tower,0,0,19,1,20,0,8,66,2,76,0,8,85,3,96,76,0,76,172
06/22/2022,HGR,MD,AEA,EN,Federal Contract Tower,0,2,3,0,5,0,6,63,0,69,0,8,66,0,74,86,0,86,160
06/23/2022,HGR,MD,AEA,EN,Federal Contract Tower,2,2,13,3,20,0,0,4,0,4,2,2,17,3,24,8,0,8,32
06/24/2022,HGR,MD,AEA,EN,Federal Contract Tower,4,0,15,16,35,0,3,63,10,76,4,3,78,26,111,50,0,50,161
06/25/2022,HGR,MD,AEA,EN,Federal Contract Tower,0,1,15,0,16,0,3,84,0,87,0,4,99,0,103,14,0,14,117
06/26/2022,HGR,MD,AEA,EN,Federal Contract Tower,0,0,5,18,23,0,2,70,0,72,0,2,75,18,95,16,0,16,111
06/27/2022,HGR,MD,AEA,EN,Federal Contract Tower,4,1,16,5,26,0,0,14,6,20,4,1,30,11,46,8,0,8,54
06/28/2022,HGR,MD,AEA,EN,Federal Contract Tower,0,0,14,2,16,0,5,76,35,116,0,5,90,37,132,100,6,106,238
06/29/2022,HGR,MD,AEA,EN,Federal Contract Tower,0,4,15,3,22,0,1,68,12,81,0,5,83,15,103,60,18,78,181
06/30/2022,HGR,MD,AEA,EN,Federal Contract Tower,2,0,15,12,29,0,6,57,16,79,2,6,72,28,108,80,8,88,196
07/01/2022,HGR,MD,AEA,EN,Federal Contract Tower,4,0,9,3,16,0,6,42,11,59,4,6,51,14,75,20,0,20,95
07/02/2022,HGR,MD,AEA,EN,Federal Contract Tower,0,0,10,0,10,0,5,29,42,76,0,5,39,42,86,10,12,22,108
07/03/2022,HGR,MD,AEA,EN,Federal Contract Tower,2,0,3,0,5,0,5,42,76,123,2,5,45,76,128,4,58,62,190
07/04/2022,HGR,MD,AEA,EN,Federal Contract Tower,4,0,7,0,11,0,4,60,65,129,4,4,67,65,140,74,90,164,304
07/05/2022,HGR,MD,AEA,EN,Federal Contract Tower,2,0,6,0,8,0,4,33,34,71,2,4,39,34,79,4,206,210,289
07/06/2022,HGR,MD,AEA,EN,Federal Contract Tower,0,0,10,2,12,0,2,24,73,99,0,2,34,75,111,34,280,314,425
07/07/2022,HGR,MD,AEA,EN,Federal Contract Tower,2,1,4,7,14,0,5,24,79,108,2,6,28,86,122,8,200,208,330
07/08/2022,HGR,MD,AEA,EN,Federal Contract Tower,4,2,9,4,19,0,6,14,20,40,4,8,23,24,59,8,124,132,191
07/09/2022,HGR,MD,AEA,EN,Federal Contract Tower,0,1,20,0,21,0,3,8,0,11,0,4,28,0,32,16,0,16,48
07/10/2022,HGR,MD,AEA,EN,Federal Contract Tower,2,2,17,1,22,0,3,81,18,102,2,5,98,19,124,46,34,80,204
07/11/2022,HGR,MD,AEA,EN,Federal Contract Tower,4,2,15,6,27,0,2,53,14,69,4,4,68,20,96,24,0,24,120
07/12/2022,HGR,MD,AEA,EN,Federal Contract Tower,0,0,10,2,12,0,0,29,7,36,0,0,39,9,48,36,10,46,94
07/13/2022,HGR,MD,AEA,EN,Federal Contract Tower,0,1,13,3,17,0,0,69,11,80,0,1,82,14,97,76,4,80,177
07/14/2022,HGR,MD,AEA,EN,Federal Contract Tower,2,1,11,1,15,0,7,71,9,87,2,8,82,10,102,60,14,74,176
07/15/2022,HGR,MD,AEA,EN,Federal Contract Tower,4,1,16,0,21,0,3,62,2,67,4,4,78,2,88,100,0,100,188
07/16/2022,HGR,MD,AEA,EN,Federal Contract Tower,0,0,21,1,22,0,0,64,5,69,0,0,85,6,91,72,0,72,163
07/17/2022,HGR,MD,AEA,EN,Federal Contract Tower,2,0,11,0,13,0,0,12,0,12,2,0,23,0,25,14,0,14,39
07/18/2022,HGR,MD,AEA,EN,Federal Contract Tower,2,0,6,1,9,0,1,5,2,8,2,1,11,3,17,12,0,12,29
07/19/2022,HGR,MD,AEA,EN,Federal Contract Tower,0,0,5,1,6,0,12,89,10,111,0,12,94,11,117,70,0,70,187
07/20/2022,HGR,MD,AEA,EN,Federal Contract Tower,0,0,7,4,11,0,17,66,30,113,0,17,73,34,124,58,0,58,182
07/21/2022,HGR,MD,AEA,EN,Federal Contract Tower,2,2,12,2,18,0,5,59,13,77,2,7,71,15,95,82,0,82,177
07/22/2022,HGR,MD,AEA,EN,Federal Contract Tower,4,1,13,3,21,0,13,81,1,95,4,14,94,4,116,84,0,84,200
07/23/2022,HGR,MD,AEA,EN,Federal Contract Tower,0,0,7,5,12,0,1,42,4,47,0,1,49,9,59,22,0,22,81
07/24/2022,HGR,MD,AEA,EN,Federal Contract Tower,2,2,12,0,16,0,2,55,3,60,2,4,67,3,76,36,0,36,112
07/25/2022,HGR,MD,AEA,EN,Federal Contract Tower,4,0,6,0,10,0,3,13,4,20,4,3,19,4,30,0,0,0,30
07/26/2022,HGR,MD,AEA,EN,Federal Contract Tower,0,0,7,0,7,0,15,55,21,91,0,15,62,21,98,42,6,48,146
07/27/2022,HGR,MD,AEA,EN,Federal Contract Tower,0,0,17,4,21,0,6,59,9,74,0,6,76,13,95,98,0,98,193
07/28/2022,HGR,MD,AEA,EN,Federal Contract Tower,2,2,8,2,14,0,0,55,9,64,2,2,63,11,78,32,0,32,110
07/29/2022,HGR,MD,AEA,EN,Federal Contract Tower,4,2,6,7,19,0,0,10,4,14,4,2,16,11,33,0,0,0,33
07/30/2022,HGR,MD,AEA,EN,Federal Contract Tower,0,0,12,0,12,0,9,81,4,94,0,9,93,4,106,36,0,36,142
07/31/2022,HGR,MD,AEA,EN,Federal Contract Tower,2,1,7,0,10,0,1,56,0,57,2,2,63,0,67,62,0,62,129
08/01/2022,HGR,MD,AEA,EN,Federal Contract Tower,4,1,11,2,18,0,7,36,2,45,4,8,47,4,63,8,0,8,71
08/02/2022,HGR,MD,AEA,EN,Federal Contract Tower,0,0,12,0,12,0,14,71,15,100,0,14,83,15,112,48,0,48,160
08/03/2022,HGR,MD,AEA,EN,Federal Contract Tower,0,4,13,3,20,0,14,74,14,102,0,18,87,17,122,86,0,86,208
08/04/2022,HGR,MD,AEA,EN,Federal Contract Tower,2,3,11,8,24,0,2,41,4,47,2,5,52,12,71,26,0,26,97
08/05/2022,HGR,MD,AEA,EN,Federal Contract Tower,4,4,10,0,18,0,4,39,6,49,4,8,49,6,67,34,0,34,101
08/06/2022,HGR,MD,AEA,EN,Federal Contract Tower,0,0,11,0,11,0,1,11,0,12,0,1,22,0,23,0,0,0,23
08/07/2022,HGR,MD,AEA,EN,Federal Contract Tower,2,0,5,2,9,0,2,54,0,56,2,2,59,2,65,32,0,32,97
08/08/2022,HGR,MD,AEA,EN,Federal Contract Tower,4,1,5,0,10,0,6,43,0,49,4,7,48,0,59,52,0,52,111
08/09/2022,HGR,MD,AEA,EN,Federal Contract Tower,0,1,4,0,5,0,10,43,9,62,0,11,47,9,67,0,0,0,67
08/10/2022,HGR,MD,AEA,EN,Federal Contract Tower,0,1,9,6,16,0,8,35,15,58,0,9,44,21,74,14,0,14,88
08/11/2022,HGR,MD,AEA,EN,Federal Contract Tower,2,4,19,0,25,0,7,63,1,71,2,11,82,1,96,62,0,62,158
08/12/2022,HGR,MD,AEA,EN,Federal Contract Tower,4,1,12,0,17,0,5,72,4,81,4,6,84,4,98,42,0,42,140
08/13/2022,HGR,MD,AEA,EN,Federal Contract Tower,0,0,14,0,14,0,1,103,4,108,0,1,117,4,122,76,0,76,198
08/14/2022,HGR,MD,AEA,EN,Federal Contract Tower,2,0,10,0,12,0,4,44,2,50,2,4,54,2,62,8,0,8,70
08/15/2022,HGR,MD,AEA,EN,Federal Contract Tower,4,0,13,5,22,0,0,8,0,8,4,0,21,5,30,0,0,0,30
08/16/2022,HGR,MD,AEA,EN,Federal Contract Tower,0,1,9,1,11,0,2,68,5,75,0,3,77,6,86,88,2,90,176
08/17/2022,HGR,MD,AEA,EN,Federal Contract Tower,0,1,13,1,15,0,8,63,8,79,0,9,76,9,94,38,0,38,132
08/18/2022,HGR,MD,AEA,EN,Federal Contract Tower,0,2,18,0,20,0,1,63,9,73,0,3,81,9,93,24,0,24,117
08/19/2022,HGR,MD,AEA,EN,Federal Contract Tower,4,1,17,1,23,0,4,69,4,77,4,5,86,5,100,12,0,12,112
08/20/2022,HGR,MD,AEA,EN,Federal Contract Tower,0,1,9,0,10,0,5,174,2,181,0,6,183,2,191,20,0,20,211
08/21/2022,HGR,MD,AEA,EN,Federal Contract Tower,0,1,10,0,11,0,3,7,0,10,0,4,17,0,21,0,0,0,21
08/22/2022,HGR,MD,AEA,EN,Federal Contract Tower,4,0,8,0,12,0,2,0,2,4,4,2,8,2,16,0,0,0,16
08/23/2022,HGR,MD,AEA,EN,Federal Contract Tower,0,1,13,4,18,0,13,77,13,103,0,14,90,17,121,54,0,54,175
08/24/2022,HGR,MD,AEA,EN,Federal Contract Tower,0,1,22,3,26,0,8,81,13,102,0,9,103,16,128,80,6,86,214
08/25/2022,HGR,MD,AEA,EN,Federal Contract Tower,0,3,18,10,31,0,8,73,12,93,0,11,91,22,124,52,0,52,176
08/26/2022,HGR,MD,AEA,EN,Federal Contract Tower,4,1,14,0,19,0,0,56,4,60,4,1,70,4,79,44,0,44,123
08/27/2022,HGR,MD,AEA,EN,Federal Contract Tower,0,1,14,0,15,0,4,88,3,95,0,5,102,3,110,52,0,52,162
08/28/2022,HGR,MD,AEA,EN,Federal Contract Tower,0,0,8,0,8,0,3,55,0,58,0,3,63,0,66,34,0,34,100
08/29/2022,HGR,MD,AEA,EN,Federal Contract Tower,4,0,7,1,12,0,7,54,3,64,4,7,61,4,76,0,0,0,76
08/30/2022,HGR,MD,AEA,EN,Federal Contract Tower,0,2,11,2,15,0,4,25,6,35,0,6,36,8,50,8,0,8,58
08/31/2022,HGR,MD,AEA,EN,Federal Contract Tower,0,1,14,1,16,0,7,62,11,80,0,8,76,12,96,26,10,36,132
09/01/2022,HGR,MD,AEA,EN,Federal Contract Tower,0,0,17,4,21,0,7,62,6,75,0,7,79,10,96,62,2,64,160
09/02/2022,HGR,MD,AEA,EN,Federal Contract Tower,4,0,10,1,15,0,7,70,8,85,4,7,80,9,100,36,0,36,136
09/03/2022,HGR,MD,AEA,EN,Federal Contract Tower,0,2,12,0,14,0,2,36,5,43,0,4,48,5,57,14,0,14,71
09/04/2022,HGR,MD,AEA,EN,Federal Contract Tower,0,2,7,0,9,0,2,46,6,54,0,4,53,6,63,0,0,0,63
09/05/2022,HGR,MD,AEA,EN,Federal Contract Tower,4,0,16,2,22,0,0,1,0,1,4,0,17,2,23,0,0,0,23
09/06/2022,HGR,MD,AEA,EN,Federal Contract Tower,0,5,8,4,17,0,1,28,11,40,0,6,36,15,57,32,0,32,89
09/07/2022,HGR,MD,AEA,EN,Federal Contract Tower,0,0,16,1,17,0,2,4,0,6,0,2,20,1,23,2,0,2,25
09/08/2022,HGR,MD,AEA,EN,Federal Contract Tower,0,4,18,15,37,0,0,21,12,33,0,4,39,27,70,10,10,20,90
09/09/2022,HGR,MD,AEA,EN,Federal Contract Tower,2,7,13,3,25,0,3,59,7,69,2,10,72,10,94,86,4,90,184
09/10/2022,HGR,MD,AEA,EN,Federal Contract Tower,0,0,9,4,13,0,4,274,0,278,0,4,283,4,291,26,0,26,317
09/11/2022,HGR,MD,AEA,EN,Federal Contract Tower,0,0,18,0,18,0,0,1,0,1,0,0,19,0,19,0,0,0,19
09/12/2022,HGR,MD,AEA,EN,Federal Contract Tower,2,0,10,2,14,0,6,6,0,12,2,6,16,2,26,8,0,8,34
09/13/2022,HGR,MD,AEA,EN,Federal Contract Tower,0,0,16,7,23,0,6,51,13,70,0,6,67,20,93,52,0,52,145
09/14/2022,HGR,MD,AEA,EN,Federal Contract Tower,0,1,10,7,18,0,3,88,15,106,0,4,98,22,124,92,0,92,216
09/15/2022,HGR,MD,AEA,EN,Federal Contract Tower,0,2,15,6,23,0,7,71,12,90,0,9,86,18,113,48,0,48,161
09/16/2022,HGR,MD,AEA,EN,Federal Contract Tower,2,1,17,6,26,0,3,84,7,94,2,4,101,13,120,54,0,54,174
09/17/2022,HGR,MD,AEA,EN,Federal Contract Tower,0,2,9,0,11,0,1,74,0,75,0,3,83,0,86,58,0,58,144
09/18/2022,HGR,MD,AEA,EN,Federal Contract Tower,0,0,7,3,10,0,2,110,2,114,0,2,117,5,124,74,0,74,198
09/19/2022,HGR,MD,AEA,EN,Federal Contract Tower,2,0,6,11,19,0,0,41,10,51,2,0,47,21,70,60,0,60,130
09/20/2022,HGR,MD,AEA,EN,Federal Contract Tower,0,3,13,6,22,0,4,43,26,73,0,7,56,32,95,30,0,30,125
09/21/2022,HGR,MD,AEA,EN,Federal Contract Tower,0,6,16,2,24,0,0,73,20,93,0,6,89,22,117,50,12,62,179
09/22/2022,HGR,MD,AEA,EN,Federal Contract Tower,0,0,18,7,25,0,1,24,10,35,0,1,42,17,60,10,0,10,70
09/23/2022,HGR,MD,AEA,EN,Federal Contract Tower,2,1,11,2,16,0,1,26,18,45,2,2,37,20,61,2,0,2,63
09/24/2022,HGR,MD,AEA,EN,Federal Contract Tower,0,1,8,2,11,0,0,123,26,149,0,1,131,28,160,68,0,68,228
09/25/2022,HGR,MD,AEA,EN,Federal Contract Tower,0,0,11,0,11,0,0,8,0,8,0,0,19,0,19,8,0,8,27
09/26/2022,HGR,MD,AEA,EN,Federal Contract Tower,2,2,9,7,20,0,0,45,10,55,2,2,54,17,75,28,0,28,103
09/27/2022,HGR,MD,AEA,EN,Federal Contract Tower,0,4,14,6,24,0,0,53,8,61,0,4,67,14,85,52,20,72,157
09/28/2022,HGR,MD,AEA,EN,Federal Contract Tower,0,3,15,7,25,0,0,42,18,60,0,3,57,25,85,32,10,42,127
09/29/2022,HGR,MD,AEA,EN,Federal Contract Tower,0,3,17,2,22,0,0,53,25,78,0,3,70,27,100,42,0,42,142
09/30/2022,HGR,MD,AEA,EN,Federal Contract Tower,2,1,14,3,20,0,7,29,3,39,2,8,43,6,59,8,0,8,67
10/01/2022,HGR,MD,AEA,EN,Federal Contract Tower,0,1,4,2,7,0,0,0,0,0,0,1,4,2,7,0,0,0,7
10/02/2022,HGR,MD,AEA,EN,Federal Contract Tower,0,0,12,0,12,0,0,1,0,1,0,0,13,0,13,0,0,0,13
10/03/2022,HGR,MD,AEA,EN,Federal Contract Tower,2,5,8,0,15,0,0,28,6,34,2,5,36,6,49,4,0,4,53
10/04/2022,HGR,MD,AEA,EN,Federal Contract Tower,0,0,13,8,21,0,0,22,1,23,0,0,35,9,44,34,0,34,78
10/05/2022,HGR,MD,AEA,EN,Federal Contract Tower,0,2,16,1,19,0,7,36,10,53,0,9,52,11,72,80,24,104,176
10/06/2022,HGR,MD,AEA,EN,Federal Contract Tower,0,0,15,10,25,0,0,109,6,115,0,0,124,16,140,64,0,64,204
10/07/2022,HGR,MD,AEA,EN,Federal Contract Tower,2,0,8,2,12,0,4,16,11,31,2,4,24,13,43,0,0,0,43
10/08/2022,HGR,MD,AEA,EN,Federal Contract Tower,0,0,8,0,8,0,4,103,0,107,0,4,111,0,115,26,0,26,141
10/09/2022,HGR,MD,AEA,EN,Federal Contract Tower,0,0,11,0,11,0,1,83,1,85,0,1,94,1,96,64,0,64,160
10/10/2022,HGR,MD,AEA,EN,Federal Contract Tower,2,0,12,0,14,0,6,76,4,86,2,6,88,4,100,60,0,60,160
10/11/2022,HGR,MD,AEA,EN,Federal Contract Tower,0,0,12,0,12,0,15,105,5,125,0,15,117,5,137,76,0,76,213
10/12/2022,HGR,MD,AEA,EN,Federal Contract Tower,0,1,16,3,20,0,15,99,9,123,0,16,115,12,143,50,0,50,193
10/13/2022,HGR,MD,AEA,EN,Federal Contract Tower,0,4,5,2,11,0,2,3,0,5,0,6,8,2,16,4,0,4,20
10/14/2022,HGR,MD,AEA,EN,Federal Contract Tower,2,2,27,5,36,0,3,81,3,87,2,5,108,8,123,46,0,46,169
10/15/2022,HGR,MD,AEA,EN,Federal Contract Tower,0,0,5,0,5,0,1,119,0,120,0,1,124,0,125,6,0,6,131
10/16/2022,HGR,MD,AEA,EN,Federal Contract Tower,0,0,2,0,2,0,2,148,0,150,0,2,150,0,152,68,0,68,220
10/17/2022,HGR,MD,AEA,EN,Federal Contract Tower,2,4,13,1,20,0,14,54,1,69,2,18,67,2,89,32,0,32,121
10/18/2022,HGR,MD,AEA,EN,Federal Contract Tower,0,1,6,5,12,0,4,61,8,73,0,5,67,13,85,34,0,34,119
10/19/2022,HGR,MD,AEA,EN,Federal Contract Tower,0,2,13,9,24,0,5,57,17,79,0,7,70,26,103,32,4,36,139
10/20/2022,HGR,MD,AEA,EN,Federal Contract Tower,0,3,9,6,18,0,2,70,16,88,0,5,79,22,106,88,12,100,206
10/21/2022,HGR,MD,AEA,EN,Federal Contract Tower,2,0,17,5,24,0,0,93,15,108,2,0,110,20,132,70,0,70,202
10/22/2022,HGR,MD,AEA,EN,Federal Contract Tower,0,0,13,2,15,0,0,100,0,100,0,0,113,2,115,24,0,24,139
10/23/2022,HGR,MD,AEA,EN,Federal Contract Tower,0,3,22,0,25,0,0,72,0,72,0,3,94,0,97,26,0,26,123
10/24/2022,HGR,MD,AEA,EN,Federal Contract Tower,2,0,17,1,20,0,6,29,0,35,2,6,46,1,55,30,0,30,85
10/25/2022,HGR,MD,AEA,EN,Federal Contract Tower,0,2,37,6,45,0,1,13,2,16,0,3,50,8,61,0,0,0,61
10/26/2022,HGR,MD,AEA,EN,Federal Contract Tower,0,0,15,4,19,0,3,4,3,10,0,3,19,7,29,16,0,16,45
10/27/2022,HGR,MD,AEA,EN,Federal Contract Tower,0,8,16,6,30,0,3,52,9,64,0,11,68,15,94,52,0,52,146
10/28/2022,HGR,MD,AEA,EN,Federal Contract Tower,2,0,9,5,16,0,6,55,10,71,2,6,64,15,87,42,6,48,135
10/29/2022,HGR,MD,AEA,EN,Federal Contract Tower,0,1,9,0,10,0,1,68,0,69,0,2,77,0,79,54,0,54,133
10/30/2022,HGR,MD,AEA,EN,Federal Contract Tower,0,0,15,0,15,0,2,109,2,113,0,2,124,2,128,76,0,76,204
10/31/2022,HGR,MD,AEA,EN,Federal Contract Tower,2,2,24,1,29,0,5,4,0,9,2,7,28,1,38,0,0,0,38
11/02/2022,HGR,MD,AEA,EN,Federal Contract Tower,0,1,13,7,21,0,4,62,13,79,0,5,75,20,100,46,4,50,150
11/03/2022,HGR,MD,AEA,EN,Federal Contract Tower,0,1,9,5,15,0,9,92,11,112,0,10,101,16,127,74,0,74,201
11/04/2022,HGR,MD,AEA,EN,Federal Contract Tower,2,2,17,4,25,0,7,69,4,80,2,9,86,8,105,62,0,62,167
11/05/2022,HGR,MD,AEA,EN,Federal Contract Tower,0,0,12,0,12,0,0,15,0,15,0,0,27,0,27,0,0,0,27
11/06/2022,HGR,MD,AEA,EN,Federal Contract Tower,0,0,17,0,17,0,2,8,0,10,0,2,25,0,27,0,0,0,27
11/07/2022,HGR,MD,AEA,EN,Federal Contract Tower,2,0,3,2,7,0,11,54,11,76,2,11,57,13,83,58,16,74,157
11/08/2022,HGR,MD,AEA,EN,Federal Contract Tower,0,0,10,5,15,0,5,61,11,77,0,5,71,16,92,72,0,72,164
11/09/2022,HGR,MD,AEA,EN,Federal Contract Tower,0,1,14,3,18,0,4,74,17,95,0,5,88,20,113,120,0,120,233
11/10/2022,HGR,MD,AEA,EN,Federal Contract Tower,0,3,17,2,22,0,2,78,5,85,0,5,95,7,107,110,0,110,217
11/11/2022,HGR,MD,AEA,EN,Federal Contract Tower,2,0,3,2,7,0,0,0,0,0,2,0,3,2,7,0,0,0,7
11/12/2022,HGR,MD,AEA,EN,Federal Contract Tower,0,0,5,0,5,0,1,16,0,17,0,1,21,0,22,2,0,2,24
11/13/2022,HGR,MD,AEA,EN,Federal Contract Tower,0,0,2,0,2,0,2,21,1,24,0,2,23,1,26,4,0,4,30
11/14/2022,HGR,MD,AEA,EN,Federal Contract Tower,2,1,8,2,13,0,5,52,13,70,2,6,60,15,83,50,0,50,133
11/15/2022,HGR,MD,AEA,EN,Federal Contract Tower,0,2,7,5,14,0,0,6,4,10,0,2,13,9,24,0,0,0,24
11/16/2022,HGR,MD,AEA,EN,Federal Contract Tower,0,7,13,13,33,0,2,11,5,18,0,9,24,18,51,16,0,16,67
11/17/2022,HGR,MD,AEA,EN,Federal Contract Tower,0,3,10,11,24,0,2,26,4,32,0,5,36,15,56,30,0,30,86
11/18/2022,HGR,MD,AEA,EN,Federal Contract Tower,2,0,9,4,15,0,0,45,5,50,2,0,54,9,65,18,0,18,83
11/19/2022,HGR,MD,AEA,EN,Federal Contract Tower,2,0,11,0,13,0,4,68,3,75,2,4,79,3,88,48,6,54,142
11/20/2022,HGR,MD,AEA,EN,Federal Contract Tower,0,1,2,1,4,0,1,10,0,11,0,2,12,1,15,0,0,0,15
11/21/2022,HGR,MD,AEA,EN,Federal Contract Tower,2,2,11,11,26,0,0,47,8,55,2,2,58,19,81,86,0,86,167
11/22/2022,HGR,MD,AEA,EN,Federal Contract Tower,2,1,9,7,19,0,2,70,2,74,2,3,79,9,93,120,0,120,213
11/23/2022,HGR,MD,AEA,EN,Federal Contract Tower,2,1,12,3,18,0,6,93,4,103,2,7,105,7,121,106,0,106,227
11/24/2022,HGR,MD,AEA,EN,Federal Contract Tower,0,0,2,0,2,0,0,21,0,21,0,0,23,0,23,0,0,0,23
11/25/2022,HGR,MD,AEA,EN,Federal Contract Tower,0,0,0,0,0,0,1,8,0,9,0,1,8,0,9,16,0,16,25
11/26/2022,HGR,MD,AEA,EN,Federal Contract Tower,2,0,11,0,13,0,0,88,2,90,2,0,99,2,103,66,0,66,169
11/27/2022,HGR,MD,AEA,EN,Federal Contract Tower,2,0,2,0,4,0,0,2,0,2,2,0,4,0,6,0,0,0,6
11/28/2022,HGR,MD,AEA,EN,Federal Contract Tower,1,3,4,4,12,0,0,31,22,53,1,3,35,26,65,6,0,6,71
11/29/2022,HGR,MD,AEA,EN,Federal Contract Tower,2,6,6,4,18,0,4,43,6,53,2,10,49,10,71,26,8,34,105
11/30/2022,HGR,MD,AEA,EN,Federal Contract Tower,0,2,2,0,4,0,0,1,1,2,0,2,3,1,6,0,0,0,6
12/01/2022,HGR,MD,AEA,EN,Federal Contract Tower,2,3,10,3,18,0,5,31,8,44,2,8,41,11,62,16,0,16,78
12/02/2022,HGR,MD,AEA,EN,Federal Contract Tower,2,1,12,2,17,0,0,46,0,46,2,1,58,2,63,22,0,22,85
12/03/2022,HGR,MD,AEA,EN,Federal Contract Tower,0,0,6,0,6,0,0,3,1,4,0,0,9,1,10,0,0,0,10
12/04/2022,HGR,MD,AEA,EN,Federal Contract Tower,2,0,8,0,10,0,11,78,1,90,2,11,86,1,100,6,0,6,106
12/05/2022,HGR,MD,AEA,EN,Federal Contract Tower,2,0,3,1,6,0,4,45,0,49,2,4,48,1,55,18,0,18,73
12/06/2022,HGR,MD,AEA,EN,Federal Contract Tower,0,1,5,10,16,0,0,0,0,0,0,1,5,10,16,0,0,0,16
12/07/2022,HGR,MD,AEA,EN,Federal Contract Tower,0,2,13,9,24,0,0,0,0,0,0,2,13,9,24,0,0,0,24
12/08/2022,HGR,MD,AEA,EN,Federal Contract Tower,4,0,18,7,29,0,5,56,9,70,4,5,74,16,99,18,0,18,117
12/09/2022,HGR,MD,AEA,EN,Federal Contract Tower,2,0,17,7,26,0,6,106,7,119,2,6,123,14,145,84,0,84,229
12/10/2022,HGR,MD,AEA,EN,Federal Contract Tower,0,0,8,0,8,0,0,36,0,36,0,0,44,0,44,34,0,34,78
12/11/2022,HGR,MD,AEA,EN,Federal Contract Tower,2,0,7,0,9,0,0,0,0,0,2,0,7,0,9,0,0,0,9
12/12/2022,HGR,MD,AEA,EN,Federal Contract Tower,2,2,6,4,14,0,0,26,7,33,2,2,32,11,47,10,0,10,57
12/13/2022,HGR,MD,AEA,EN,Federal Contract Tower,0,4,8,4,16,0,0,63,13,76,0,4,71,17,92,56,18,74,166
12/14/2022,HGR,MD,AEA,EN,Federal Contract Tower,0,3,16,6,25,0,12,67,7,86,0,15,83,13,111,86,0,86,197
12/15/2022,HGR,MD,AEA,EN,Federal Contract Tower,0,2,3,0,5,0,0,0,0,0,0,2,3,0,5,0,0,0,5
12/16/2022,HGR,MD,AEA,EN,Federal Contract Tower,2,1,10,4,17,0,1,47,0,48,2,2,57,4,65,24,0,24,89
12/17/2022,HGR,MD,AEA,EN,Federal Contract Tower,2,0,9,0,11,0,0,23,5,28,2,0,32,5,39,0,0,0,39
12/18/2022,HGR,MD,AEA,EN,Federal Contract Tower,0,0,7,0,7,0,0,14,0,14,0,0,21,0,21,10,0,10,31
12/19/2022,HGR,MD,AEA,EN,Federal Contract Tower,2,1,15,11,29,0,0,31,1,32,2,1,46,12,61,8,0,8,69
12/20/2022,HGR,MD,AEA,EN,Federal Contract Tower,2,3,11,7,23,0,2,85,14,101,2,5,96,21,124,36,0,36,160
12/21/2022,HGR,MD,AEA,EN,Federal Contract Tower,0,10,19,2,31,0,10,76,12,98,0,20,95,14,129,58,0,58,187
12/22/2022,HGR,MD,AEA,EN,Federal Contract Tower,4,0,2,0,6,0,0,0,0,0,4,0,2,0,6,0,0,0,6
12/23/2022,HGR,MD,AEA,EN,Federal Contract Tower,0,0,2,0,2,0,0,0,0,0,0,0,2,0,2,0,0,0,2
12/24/2022,HGR,MD,AEA,EN,Federal Contract Tower,2,0,1,0,3,0,0,1,0,1,2,0,2,0,4,0,0,0,4
12/25/2022,HGR,MD,AEA,EN,Federal Contract Tower,0,0,0,0,0,0,1,3,0,4,0,1,3,0,4,6,0,6,10
12/26/2022,HGR,MD,AEA,EN,Federal Contract Tower,2,2,6,1,11,0,3,26,4,33,2,5,32,5,44,0,0,0,44
12/27/2022,HGR,MD,AEA,EN,Federal Contract Tower,2,6,14,0,22,0,1,32,0,33,2,7,46,0,55,0,0,0,55
12/28/2022,HGR,MD,AEA,EN,Federal Contract Tower,0,1,6,0,7,0,8,82,5,95,0,9,88,5,102,62,8,70,172
12/29/2022,HGR,MD,AEA,EN,Federal Contract Tower,4,6,13,3,26,0,18,98,5,121,4,24,111,8,147,46,0,46,193
12/30/2022,HGR,MD,AEA,EN,Federal Contract Tower,0,0,19,0,19,0,4,99,3,106,0,4,118,3,125,92,0,92,217
12/31/2022,HGR,MD,AEA,EN,Federal Contract Tower,2,0,4,0,6,0,0,2,0,2,2,0,6,0,8,0,0,0,8
01/01/2023,HGR,MD,AEA,EN,Federal Contract Tower,0,0,6,0,6,0,2,47,0,49,0,2,53,0,55,22,0,22,77
01/02/2023,HGR,MD,AEA,EN,Federal Contract Tower,2,1,14,1,18,0,1,39,5,45,2,2,53,6,63,32,4,36,99
01/03/2023,HGR,MD,AEA,EN,Federal Contract Tower,2,3,10,0,15,0,0,2,0,2,2,3,12,0,17,0,0,0,17
01/04/2023,HGR,MD,AEA,EN,Federal Contract Tower,0,2,4,3,9,0,6,11,0,17,0,8,15,3,26,0,0,0,26
01/05/2023,HGR,MD,AEA,EN,Federal Contract Tower,2,2,6,5,15,0,9,28,5,42,2,11,34,10,57,22,0,22,79
01/06/2023,HGR,MD,AEA,EN,Federal Contract Tower,1,1,5,3,10,0,2,23,3,28,1,3,28,6,38,14,0,14,52
01/07/2023,HGR,MD,AEA,EN,Federal Contract Tower,0,0,4,0,4,0,3,21,0,24,0,3,25,0,28,8,0,8,36
01/08/2023,HGR,MD,AEA,EN,Federal Contract Tower,2,0,12,0,14,0,2,66,2,70,2,2,78,2,84,34,0,34,118
01/09/2023,HGR,MD,AEA,EN,Federal Contract Tower,2,1,3,4,10,0,1,37,12,50,2,2,40,16,60,56,0,56,116
01/10/2023,HGR,MD,AEA,EN,Federal Contract Tower,0,2,12,7,21,0,5,55,16,76,0,7,67,23,97,50,0,50,147
01/11/2023,HGR,MD,AEA,EN,Federal Contract Tower,0,1,10,6,17,0,7,35,9,51,0,8,45,15,68,50,8,58,126
01/12/2023,HGR,MD,AEA,EN,Federal Contract Tower,2,8,8,6,24,0,0,2,0,2,2,8,10,6,26,8,0,8,34
01/13/2023,HGR,MD,AEA,EN,Federal Contract Tower,2,1,10,3,16,0,2,15,2,19,2,3,25,5,35,10,0,10,45
01/14/2023,HGR,MD,AEA,EN,Federal Contract Tower,0,0,4,0,4,0,0,3,0,3,0,0,7,0,7,20,0,20,27
01/15/2023,HGR,MD,AEA,EN,Federal Contract Tower,2,0,8,0,10,0,0,22,0,22,2,0,30,0,32,38,0,38,70
01/16/2023,HGR,MD,AEA,EN,Federal Contract Tower,2,3,9,0,14,0,1,91,2,94,2,4,100,2,108,54,0,54,162
01/17/2023,HGR,MD,AEA,EN,Federal Contract Tower,0,1,7,3,11,0,1,26,5,32,0,2,33,8,43,48,0,48,91
01/18/2023,HGR,MD,AEA,EN,Federal Contract Tower,0,4,5,4,13,0,1,37,5,43,0,5,42,9,56,46,0,46,102
01/19/2023,HGR,MD,AEA,EN,Federal Contract Tower,2,2,25,4,33,0,0,0,0,0,2,2,25,4,33,0,0,0,33
01/20/2023,HGR,MD,AEA,EN,Federal Contract Tower,2,2,2,6,12,0,1,5,3,9,2,3,7,9,21,0,0,0,21
01/21/2023,HGR,MD,AEA,EN,Federal Contract Tower,0,0,4,0,4,0,4,52,0,56,0,4,56,0,60,16,0,16,76
01/22/2023,HGR,MD,AEA,EN,Federal Contract Tower,2,0,4,0,6,0,0,11,0,11,2,0,15,0,17,0,0,0,17
01/23/2023,HGR,MD,AEA,EN,Federal Contract Tower,0,3,6,2,11,0,0,2,0,2,0,3,8,2,13,24,0,24,37
01/24/2023,HGR,MD,AEA,EN,Federal Contract Tower,0,2,15,6,23,0,6,127,23,156,0,8,142,29,179,116,0,116,295
01/25/2023,HGR,MD,AEA,EN,Federal Contract Tower,0,4,4,0,8,0,0,0,0,0,0,4,4,0,8,0,0,0,8
01/26/2023,HGR,MD,AEA,EN,Federal Contract Tower,2,4,15,3,24,0,0,6,6,12,2,4,21,9,36,0,0,0,36
01/27/2023,HGR,MD,AEA,EN,Federal Contract Tower,2,2,7,3,14,0,2,29,14,45,2,4,36,17,59,42,0,42,101
01/28/2023,HGR,MD,AEA,EN,Federal Contract Tower,0,1,7,0,8,0,0,71,4,75,0,1,78,4,83,46,0,46,129
01/29/2023,HGR,MD,AEA,EN,Federal Contract Tower,2,0,10,0,12,0,0,29,0,29,2,0,39,0,41,45,0,45,86
01/30/2023,HGR,MD,AEA,EN,Federal Contract Tower,2,4,8,4,18,0,3,46,2,51,2,7,54,6,69,64,0,64,133
01/31/2023,HGR,MD,AEA,EN,Federal Contract Tower,0,4,3,6,13,0,5,10,4,19,0,9,13,10,32,14,0,14,46
02/01/2023,HGR,MD,AEA,EN,Federal Contract Tower,0,4,20,5,29,0,4,47,0,51,0,8,67,5,80,82,0,82,162
02/02/2023,HGR,MD,AEA,EN,Federal Contract Tower,2,3,17,3,25,0,1,57,2,60,2,4,74,5,85,82,0,82,167
02/03/2023,HGR,MD,AEA,EN,Federal Contract Tower,1,0,5,3,9,0,0,6,11,17,1,0,11,14,26,2,0,2,28
02/04/2023,HGR,MD,AEA,EN,Federal Contract Tower,0,0,7,4,11,0,3,29,5,37,0,3,36,9,48,10,0,10,58
02/05/2023,HGR,MD,AEA,EN,Federal Contract Tower,2,0,5,0,7,0,0,35,1,36,2,0,40,1,43,12,0,12,55
02/06/2023,HGR,MD,AEA,EN,Federal Contract Tower,2,0,4,6,12,0,1,12,6,19,2,1,16,12,31,6,0,6,37
02/07/2023,HGR,MD,AEA,EN,Federal Contract Tower,0,5,4,1,10,0,2,44,5,51,0,7,48,6,61,38,0,38,99
02/08/2023,HGR,MD,AEA,EN,Federal Contract Tower,0,1,11,4,16,0,11,47,21,79,0,12,58,25,95,30,8,38,133
02/09/2023,HGR,MD,AEA,EN,Federal Contract Tower,2,2,10,12,26,0,1,27,24,52,2,3,37,36,78,40,16,56,134
02/10/2023,HGR,MD,AEA,EN,Federal Contract Tower,2,0,14,5,21,0,1,27,15,43,2,1,41,20,64,16,0,16,80
02/11/2023,HGR,MD,AEA,EN,Federal Contract Tower,0,1,10,0,11,0,5,97,1,103,0,6,107,1,114,84,0,84,198
02/12/2023,HGR,MD,AEA,EN,Federal Contract Tower,2,0,5,0,7,0,0,42,0,42,2,0,47,0,49,24,0,24,73
02/13/2023,HGR,MD,AEA,EN,Federal Contract Tower,2,1,12,2,17,0,0,34,13,47,2,1,46,15,64,8,0,8,72
02/14/2023,HGR,MD,AEA,EN,Federal Contract Tower,0,4,18,5,27,0,3,68,6,77,0,7,86,11,104,76,0,76,180
02/15/2023,HGR,MD,AEA,EN,Federal Contract Tower,0,10,7,8,25,0,5,27,9,41,0,15,34,17,66,36,0,36,102
02/16/2023,HGR,MD,AEA,EN,Federal Contract Tower,2,7,10,2,21,0,1,7,4,12,2,8,17,6,33,0,0,0,33
02/17/2023,HGR,MD,AEA,EN,Federal Contract Tower,2,4,5,0,11,0,1,6,0,7,2,5,11,0,18,0,0,0,18
02/18/2023,HGR,MD,AEA,EN,Federal Contract Tower,0,0,6,0,6,0,2,66,2,70,0,2,72,2,76,44,0,44,120
02/19/2023,HGR,MD,AEA,EN,Federal Contract Tower,2,0,13,0,15,0,2,47,5,54,2,2,60,5,69,42,0,42,111
02/20/2023,HGR,MD,AEA,EN,Federal Contract Tower,2,5,9,2,18,0,15,71,0,86,2,20,80,2,104,10,0,10,114
02/21/2023,HGR,MD,AEA,EN,Federal Contract Tower,0,5,9,9,23,0,2,27,5,34,0,7,36,14,57,36,0,36,93
02/22/2023,HGR,MD,AEA,EN,Federal Contract Tower,0,8,7,10,25,0,5,21,9,35,0,13,28,19,60,14,6,20,80
02/23/2023,HGR,MD,AEA,EN,Federal Contract Tower,2,5,13,7,27,0,0,53,29,82,2,5,66,36,109,44,6,50,159
02/24/2023,HGR,MD,AEA,EN,Federal Contract Tower,2,6,8,10,26,0,1,18,5,24,2,7,26,15,50,0,0,0,50
02/25/2023,HGR,MD,AEA,EN,Federal Contract Tower,0,2,4,0,6,0,0,13,0,13,0,2,17,0,19,12,0,12,31
02/26/2023,HGR,MD,AEA,EN,Federal Contract Tower,2,0,7,0,9,0,0,28,0,28,2,0,35,0,37,32,0,32,69
02/27/2023,HGR,MD,AEA,EN,Federal Contract Tower,2,2,2,10,16,0,2,8,1,11,2,4,10,11,27,10,0,10,37
02/28/2023,HGR,MD,AEA,EN,Federal Contract Tower,0,4,11,6,21,0,5,23,6,34,0,9,34,12,55,14,0,14,69
03/01/2023,HGR,MD,AEA,EN,Federal Contract Tower,0,7,6,4,17,0,2,35,24,61,0,9,41,28,78,18,0,18,96
03/02/2023,HGR,MD,AEA,EN,Federal Contract Tower,2,2,12,1,17,0,2,37,14,53,2,4,49,15,70,24,0,24,94
03/03/2023,HGR,MD,AEA,EN,Federal Contract Tower,1,1,5,0,7,0,2,12,0,14,1,3,17,0,21,16,0,16,37
03/04/2023,HGR,MD,AEA,EN,Federal Contract Tower,0,0,4,0,4,0,0,5,3,8,0,0,9,3,12,6,8,14,26
03/05/2023,HGR,MD,AEA,EN,Federal Contract Tower,2,2,16,0,20,0,0,56,2,58,2,2,72,2,78,10,0,10,88
03/06/2023,HGR,MD,AEA,EN,Federal Contract Tower,0,4,10,2,16,0,3,77,7,87,0,7,87,9,103,132,0,132,235
03/07/2023,HGR,MD,AEA,EN,Federal Contract Tower,0,6,2,3,11,0,0,4,13,17,0,6,6,16,28,0,0,0,28
03/08/2023,HGR,MD,AEA,EN,Federal Contract Tower,0,4,2,3,9,0,3,25,22,50,0,7,27,25,59,8,0,8,67
03/09/2023,HGR,MD,AEA,EN,Federal Contract Tower,2,2,17,6,27,0,1,90,21,112,2,3,107,27,139,70,0,70,209
03/10/2023,HGR,MD,AEA,EN,Federal Contract Tower,0,1,7,2,10,0,0,3,0,3,0,1,10,2,13,0,0,0,13
03/11/2023,HGR,MD,AEA,EN,Federal Contract Tower,0,0,3,0,3,0,0,1,0,1,0,0,4,0,4,0,0,0,4
03/12/2023,HGR,MD,AEA,EN,Federal Contract Tower,2,0,5,0,7,0,37,0,0,37,2,37,5,0,44,22,0,22,66
03/13/2023,HGR,MD,AEA,EN,Federal Contract Tower,1,1,18,4,24,0,3,14,3,20,1,4,32,7,44,0,0,0,44
03/14/2023,HGR,MD,AEA,EN,Federal Contract Tower,0,3,3,1,7,0,3,11,0,14,0,6,14,1,21,0,0,0,21
03/15/2023,HGR,MD,AEA,EN,Federal Contract Tower,0,2,4,5,11,0,4,0,4,8,0,6,4,9,19,16,0,16,35
03/16/2023,HGR,MD,AEA,EN,Federal Contract Tower,2,2,15,2,21,0,6,111,4,121,2,8,126,6,142,84,0,84,226
03/17/2023,HGR,MD,AEA,EN,Federal Contract Tower,2,1,11,4,18,0,8,21,0,29,2,9,32,4,47,4,0,4,51
03/18/2023,HGR,MD,AEA,EN,Federal Contract Tower,0,0,2,0,2,0,3,25,0,28,0,3,27,0,30,10,0,10,40
03/19/2023,HGR,MD,AEA,EN,Federal Contract Tower,2,3,1,0,6,0,4,16,0,20,2,7,17,0,26,16,0,16,42
03/20/2023,HGR,MD,AEA,EN,Federal Contract Tower,2,6,21,1,30,0,4,84,16,104,2,10,105,17,134,56,4,60,194
03/21/2023,HGR,MD,AEA,EN,Federal Contract Tower,0,6,7,0,13,0,5,79,7,91,0,11,86,7,104,108,0,108,212
03/22/2023,HGR,MD,AEA,EN,Federal Contract Tower,0,5,5,4,14,0,9,59,11,79,0,14,64,15,93,68,0,68,161
03/23/2023,HGR,MD,AEA,EN,Federal Contract Tower,2,1,12,4,19,0,0,2,8,10,2,1,14,12,29,0,0,0,29
03/24/2023,HGR,MD,AEA,EN,Federal Contract Tower,2,1,8,8,19,0,0,6,0,6,2,1,14,8,25,12,0,12,37
03/25/2023,HGR,MD,AEA,EN,Federal Contract Tower,0,0,10,0,10,0,0,1,0,1,0,0,11,0,11,0,0,0,11
03/26/2023,HGR,MD,AEA,EN,Federal Contract Tower,2,0,19,0,21,0,0,83,1,84,2,0,102,1,105,46,0,46,151
03/27/2023,HGR,MD,AEA,EN,Federal Contract Tower,2,0,5,0,7,0,0,26,0,26,2,0,31,0,33,42,0,42,75
03/28/2023,HGR,MD,AEA,EN,Federal Contract Tower,0,2,6,13,21,0,4,39,11,54,0,6,45,24,75,6,6,12,87
03/29/2023,HGR,MD,AEA,EN,Federal Contract Tower,0,4,4,3,11,0,6,64,5,75,0,10,68,8,86,68,12,80,166
03/30/2023,HGR,MD,AEA,EN,Federal Contract Tower,2,1,15,8,26,0,2,91,17,110,2,3,106,25,136,74,0,74,210
03/31/2023,HGR,MD,AEA,EN,Federal Contract Tower,0,1,7,6,14,0,2,15,0,17,0,3,22,6,31,70,0,70,101
04/01/2023,HGR,MD,AEA,EN,Federal Contract Tower,0,0,0,0,0,0,0,0,0,0,0,0,0,0,0,0,0,0,0
04/02/2023,HGR,MD,AEA,EN,Federal Contract Tower,2,0,10,0,12,0,2,56,2,60,2,2,66,2,72,22,6,28,100
04/03/2023,HGR,MD,AEA,EN,Federal Contract Tower,2,0,6,0,8,0,2,30,0,32,2,2,36,0,40,6,0,6,46
04/04/2023,HGR,MD,AEA,EN,Federal Contract Tower,0,0,8,1,9,0,5,83,8,96,0,5,91,9,105,132,0,132,237
04/05/2023,HGR,MD,AEA,EN,Federal Contract Tower,0,1,12,6,19,0,7,38,5,50,0,8,50,11,69,40,0,40,109
04/06/2023,HGR,MD,AEA,EN,Federal Contract Tower,2,4,9,3,18,0,1,18,4,23,2,5,27,7,41,14,0,14,55
04/07/2023,HGR,MD,AEA,EN,Federal Contract Tower,2,1,9,0,12,0,0,22,7,29,2,1,31,7,41,12,0,12,53
04/08/2023,HGR,MD,AEA,EN,Federal Contract Tower,0,0,0,0,0,0,2,53,2,57,0,2,53,2,57,6,0,6,63
04/09/2023,HGR,MD,AEA,EN,Federal Contract Tower,2,0,3,0,5,0,3,18,4,25,2,3,21,4,30,0,0,0,30
04/10/2023,HGR,MD,AEA,EN,Federal Contract Tower,2,4,10,0,16,0,9,55,5,69,2,13,65,5,85,52,0,52,137
04/11/2023,HGR,MD,AEA,EN,Federal Contract Tower,0,4,4,0,8,0,10,66,23,99,0,14,70,23,107,72,0,72,179
04/12/2023,HGR,MD,AEA,EN,Federal Contract Tower,0,2,9,1,12,0,2,48,1,51,0,4,57,2,63,30,0,30,93
04/13/2023,HGR,MD,AEA,EN,Federal Contract Tower,2,4,4,3,13,0,2,70,5,77,2,6,74,8,90,78,0,78,168
04/14/2023,HGR,MD,AEA,EN,Federal Contract Tower,2,1,9,6,18,0,3,98,2,103,2,4,107,8,121,94,0,94,215
04/15/2023,HGR,MD,AEA,EN,Federal Contract Tower,0,2,10,0,12,0,0,12,1,13,0,2,22,1,25,20,0,20,45
04/16/2023,HGR,MD,AEA,EN,Federal Contract Tower,2,1,10,0,13,0,1,108,0,109,2,2,118,0,122,66,0,66,188
04/17/2023,HGR,MD,AEA,EN,Federal Contract Tower,2,0,5,1,8,0,6,16,8,30,2,6,21,9,38,4,0,4,42
04/18/2023,HGR,MD,AEA,EN,Federal Contract Tower,0,0,4,4,8,0,6,31,13,50,0,6,35,17,58,12,0,12,70
04/19/2023,HGR,MD,AEA,EN,Federal Contract Tower,0,0,11,3,14,0,4,64,17,85,0,4,75,20,99,40,0,40,139
04/20/2023,HGR,MD,AEA,EN,Federal Contract Tower,2,1,11,1,15,0,0,63,12,75,2,1,74,13,90,52,0,52,142
04/21/2023,HGR,MD,AEA,EN,Federal Contract Tower,2,0,11,0,13,0,3,38,7,48,2,3,49,7,61,26,0,26,87
04/22/2023,HGR,MD,AEA,EN,Federal Contract Tower,0,0,2,2,4,0,0,1,2,3,0,0,3,4,7,0,0,0,7
04/23/2023,HGR,MD,AEA,EN,Federal Contract Tower,2,1,12,0,15,0,8,31,4,43,2,9,43,4,58,10,0,10,68
04/24/2023,HGR,MD,AEA,EN,Federal Contract Tower,2,2,15,1,20,0,3,47,2,52,2,5,62,3,72,46,0,46,118
04/25/2023,HGR,MD,AEA,EN,Federal Contract Tower,0,3,13,2,18,0,4,77,6,87,0,7,90,8,105,74,0,74,179
04/26/2023,HGR,MD,AEA,EN,Federal Contract Tower,0,0,5,5,10,0,5,43,7,55,0,5,48,12,65,64,0,64,129
04/27/2023,HGR,MD,AEA,EN,Federal Contract Tower,2,1,14,6,23,0,4,49,1,54,2,5,63,7,77,20,0,20,97
04/28/2023,HGR,MD,AEA,EN,Federal Contract Tower,2,0,5,2,9,0,0,0,0,0,2,0,5,2,9,0,0,0,9
04/29/2023,HGR,MD,AEA,EN,Federal Contract Tower,0,1,19,0,20,0,0,22,0,22,0,1,41,0,42,0,0,0,42
04/30/2023,HGR,MD,AEA,EN,Federal Contract Tower,2,0,7,0,9,0,0,0,0,0,2,0,7,0,9,0,0,0,9
05/01/2023,HGR,MD,AEA,EN,Federal Contract Tower,2,0,7,3,12,0,0,3,2,5,2,0,10,5,17,0,6,6,23
05/02/2023,HGR,MD,AEA,EN,Federal Contract Tower,0,1,8,0,9,0,10,3,1,14,0,11,11,1,23,0,0,0,23
05/03/2023,HGR,MD,AEA,EN,Federal Contract Tower,0,3,9,8,20,0,1,11,0,12,0,4,20,8,32,8,0,8,40
05/04/2023,HGR,MD,AEA,EN,Federal Contract Tower,2,1,12,14,29,0,2,22,17,41,2,3,34,31,70,30,0,30,100
05/05/2023,HGR,MD,AEA,EN,Federal Contract Tower,2,2,9,5,18,0,4,94,3,101,2,6,103,8,119,58,2,60,179
05/06/2023,HGR,MD,AEA,EN,Federal Contract Tower,0,5,4,2,11,0,4,74,2,80,0,9,78,4,91,28,0,28,119
05/07/2023,HGR,MD,AEA,EN,Federal Contract Tower,2,0,12,0,14,0,3,54,0,57,2,3,66,0,71,10,0,10,81
05/08/2023,HGR,MD,AEA,EN,Federal Contract Tower,2,0,9,2,13,0,2,37,2,41,2,2,46,4,54,30,0,30,84
05/09/2023,HGR,MD,AEA,EN,Federal Contract Tower,0,1,14,5,20,0,8,44,0,52,0,9,58,5,72,42,0,42,114
05/10/2023,HGR,MD,AEA,EN,Federal Contract Tower,0,5,11,2,18,0,6,87,6,99,0,11,98,8,117,70,4,74,191
05/11/2023,HGR,MD,AEA,EN,Federal Contract Tower,2,0,13,2,17,0,5,80,4,89,2,5,93,6,106,64,0,64,170
05/12/2023,HGR,MD,AEA,EN,Federal Contract Tower,2,2,10,7,21,0,0,71,3,74,2,2,81,10,95,56,0,56,151
05/13/2023,HGR,MD,AEA,EN,Federal Contract Tower,0,0,8,1,9,0,1,14,0,15,0,1,22,1,24,22,0,22,46
05/14/2023,HGR,MD,AEA,EN,Federal Contract Tower,2,0,12,0,14,0,1,107,0,108,2,1,119,0,122,54,0,54,176
05/15/2023,HGR,MD,AEA,EN,Federal Contract Tower,2,0,7,4,13,0,3,69,0,72,2,3,76,4,85,36,0,36,121
05/16/2023,HGR,MD,AEA,EN,Federal Contract Tower,0,0,11,4,15,0,6,48,14,68,0,6,59,18,83,68,0,68,151
05/17/2023,HGR,MD,AEA,EN,Federal Contract Tower,0,4,3,4,11,0,4,55,12,71,0,8,58,16,82,20,0,20,102
05/18/2023,HGR,MD,AEA,EN,Federal Contract Tower,2,0,11,3,16,0,5,71,20,96,2,5,82,23,112,70,2,72,184
05/19/2023,HGR,MD,AEA,EN,Federal Contract Tower,2,1,21,0,24,0,0,43,2,45,2,1,64,2,69,18,0,18,87
05/20/2023,HGR,MD,AEA,EN,Federal Contract Tower,0,1,7,0,8,0,0,44,0,44,0,1,51,0,52,32,0,32,84
05/21/2023,HGR,MD,AEA,EN,Federal Contract Tower,2,0,6,0,8,0,94,0,0,94,2,94,6,0,102,28,0,28,130
05/22/2023,HGR,MD,AEA,EN,Federal Contract Tower,2,2,16,0,20,0,11,54,2,67,2,13,70,2,87,40,0,40,127
05/23/2023,HGR,MD,AEA,EN,Federal Contract Tower,0,2,19,2,23,0,3,68,14,85,0,5,87,16,108,140,2,142,250
05/24/2023,HGR,MD,AEA,EN,Federal Contract Tower,0,2,11,5,18,0,7,70,23,100,0,9,81,28,118,46,0,46,164
05/25/2023,HGR,MD,AEA,EN,Federal Contract Tower,2,0,17,1,20,0,6,63,12,81,2,6,80,13,101,24,0,24,125
05/26/2023,HGR,MD,AEA,EN,Federal Contract Tower,4,1,10,1,16,0,3,87,10,100,4,4,97,11,116,40,4,44,160
05/27/2023,HGR,MD,AEA,EN,Federal Contract Tower,0,0,14,0,14,0,1,52,5,58,0,1,66,5,72,0,0,0,72
05/28/2023,HGR,MD,AEA,EN,Federal Contract Tower,2,1,11,0,14,0,2,52,0,54,2,3,63,0,68,68,0,68,136
05/29/2023,HGR,MD,AEA,EN,Federal Contract Tower,4,0,2,0,6,0,2,32,0,34,4,2,34,0,40,52,0,52,92
05/30/2023,HGR,MD,AEA,EN,Federal Contract Tower,0,0,10,5,15,0,6,62,14,82,0,6,72,19,97,68,0,68,165
05/31/2023,HGR,MD,AEA,EN,Federal Contract Tower,0,0,10,6,16,0,5,49,9,63,0,5,59,15,79,44,0,44,123
06/01/2023,HGR,MD,AEA,EN,Federal Contract Tower,2,1,28,2,33,0,5,66,5,76,2,6,94,7,109,26,0,26,135
06/02/2023,HGR,MD,AEA,EN,Federal Contract Tower,4,0,10,4,18,0,1,56,1,58,4,1,66,5,76,6,0,6,82
06/03/2023,HGR,MD,AEA,EN,Federal Contract Tower,0,0,8,0,8,0,0,85,12,97,0,0,93,12,105,56,0,56,161
06/04/2023,HGR,MD,AEA,EN,Federal Contract Tower,2,0,20,0,22,0,0,51,0,51,2,0,71,0,73,42,0,42,115
06/05/2023,HGR,MD,AEA,EN,Federal Contract Tower,4,1,14,1,20,0,5,54,4,63,4,6,68,5,83,22,0,22,105
06/06/2023,HGR,MD,AEA,EN,Federal Contract Tower,0,1,4,7,12,0,6,32,16,54,0,7,36,23,66,0,8,8,74
06/07/2023,HGR,MD,AEA,EN,Federal Contract Tower,0,7,12,12,31,0,6,43,8,57,0,13,55,20,88,20,0,20,108
06/08/2023,HGR,MD,AEA,EN,Federal Contract Tower,2,1,15,4,22,0,4,20,0,24,2,5,35,4,46,4,0,4,50
06/09/2023,HGR,MD,AEA,EN,Federal Contract Tower,3,1,13,2,19,0,0,21,2,23,3,1,34,4,42,8,0,8,50
06/10/2023,HGR,MD,AEA,EN,Federal Contract Tower,0,0,7,0,7,0,0,56,1,57,0,0,63,1,64,46,0,46,110
06/11/2023,HGR,MD,AEA,EN,Federal Contract Tower,2,0,9,1,12,0,0,52,3,55,2,0,61,4,67,12,0,12,79
06/12/2023,HGR,MD,AEA,EN,Federal Contract Tower,4,1,11,3,19,0,4,0,1,5,4,5,11,4,24,0,0,0,24
06/13/2023,HGR,MD,AEA,EN,Federal Contract Tower,0,0,10,2,12,0,5,69,0,74,0,5,79,2,86,52,0,52,138
06/14/2023,HGR,MD,AEA,EN,Federal Contract Tower,0,2,5,8,15,0,8,8,2,18,0,10,13,10,33,6,0,6,39
06/15/2023,HGR,MD,AEA,EN,Federal Contract Tower,2,0,17,4,23,0,3,95,26,124,2,3,112,30,147,44,2,46,193
06/16/2023,HGR,MD,AEA,EN,Federal Contract Tower,4,0,5,0,9,0,0,4,0,4,4,0,9,0,13,0,0,0,13
06/17/2023,HGR,MD,AEA,EN,Federal Contract Tower,0,1,14,0,15,0,2,84,0,86,0,3,98,0,101,4,0,4,105
06/18/2023,HGR,MD,AEA,EN,Federal Contract Tower,2,2,13,0,17,0,0,122,0,122,2,2,135,0,139,38,0,38,177
06/19/2023,HGR,MD,AEA,EN,Federal Contract Tower,4,2,7,0,13,0,2,45,0,47,4,4,52,0,60,32,0,32,92
06/20/2023,HGR,MD,AEA,EN,Federal Contract Tower,0,0,9,3,12,0,2,45,6,53,0,2,54,9,65,36,0,36,101
06/21/2023,HGR,MD,AEA,EN,Federal Contract Tower,0,4,7,2,13,0,4,24,0,28,0,8,31,2,41,44,0,44,85
06/22/2023,HGR,MD,AEA,EN,Federal Contract Tower,2,2,21,0,25,0,0,0,0,0,2,2,21,0,25,0,0,0,25
06/23/2023,HGR,MD,AEA,EN,Federal Contract Tower,5,0,11,3,19,0,0,1,0,1,5,0,12,3,20,0,0,0,20
06/24/2023,HGR,MD,AEA,EN,Federal Contract Tower,0,0,11,2,13,0,0,32,2,34,0,0,43,4,47,16,0,16,63
06/25/2023,HGR,MD,AEA,EN,Federal Contract Tower,2,0,15,0,17,0,4,53,4,61,2,4,68,4,78,22,0,22,100
06/26/2023,HGR,MD,AEA,EN,Federal Contract Tower,4,0,12,2,18,0,10,35,2,47,4,10,47,4,65,18,0,18,83
06/27/2023,HGR,MD,AEA,EN,Federal Contract Tower,0,0,13,3,16,0,9,34,25,68,0,9,47,28,84,40,16,56,140
06/28/2023,HGR,MD,AEA,EN,Federal Contract Tower,0,1,18,20,39,0,6,20,4,30,0,7,38,24,69,30,0,30,99
06/29/2023,HGR,MD,AEA,EN,Federal Contract Tower,2,1,45,13,61,0,0,2,0,2,2,1,47,13,63,0,0,0,63
06/30/2023,HGR,MD,AEA,EN,Federal Contract Tower,4,0,14,10,28,0,0,8,6,14,4,0,22,16,42,8,0,8,50
07/01/2023,HGR,MD,AEA,EN,Federal Contract Tower,0,0,10,1,11,0,0,13,30,43,0,0,23,31,54,0,20,20,74
07/02/2023,HGR,MD,AEA,EN,Federal Contract Tower,2,0,2,0,4,0,1,11,66,78,2,1,13,66,82,0,112,112,194
07/03/2023,HGR,MD,AEA,EN,Federal Contract Tower,4,0,4,0,8,0,3,14,72,89,4,3,18,72,97,16,114,130,227
07/04/2023,HGR,MD,AEA,EN,Federal Contract Tower,0,0,3,1,4,0,3,32,57,92,0,3,35,58,96,10,256,266,362
07/05/2023,HGR,MD,AEA,EN,Federal Contract Tower,0,0,8,0,8,0,6,42,43,91,0,6,50,43,99,10,203,213,312
07/06/2023,HGR,MD,AEA,EN,Federal Contract Tower,2,1,12,1,16,0,4,50,45,99,2,5,62,46,115,36,224,260,375
07/07/2023,HGR,MD,AEA,EN,Federal Contract Tower,3,2,5,3,13,0,1,29,52,82,3,3,34,55,95,28,102,130,225
07/08/2023,HGR,MD,AEA,EN,Federal Contract Tower,0,2,7,3,12,0,1,52,18,71,0,3,59,21,83,8,40,48,131
07/09/2023,HGR,MD,AEA,EN,Federal Contract Tower,2,0,6,0,8,0,1,7,0,8,2,1,13,0,16,0,0,0,16
07/10/2023,HGR,MD,AEA,EN,Federal Contract Tower,4,4,13,1,22,0,4,43,15,62,4,8,56,16,84,20,0,20,104
07/11/2023,HGR,MD,AEA,EN,Federal Contract Tower,0,0,10,6,16,0,4,68,16,88,0,4,78,22,104,60,10,70,174
07/12/2023,HGR,MD,AEA,EN,Federal Contract Tower,0,2,12,3,17,0,8,99,35,142,0,10,111,38,159,54,16,70,229
07/13/2023,HGR,MD,AEA,EN,Federal Contract Tower,2,2,4,8,16,0,2,30,21,53,2,4,34,29,69,0,0,0,69
07/14/2023,HGR,MD,AEA,EN,Federal Contract Tower,2,1,2,5,10,0,1,37,6,44,2,2,39,11,54,28,0,28,82
07/15/2023,HGR,MD,AEA,EN,Federal Contract Tower,0,1,11,0,12,0,1,61,3,65,0,2,72,3,77,4,10,14,91
07/16/2023,HGR,MD,AEA,EN,Federal Contract Tower,2,1,10,0,13,0,3,13,4,20,2,4,23,4,33,0,0,0,33
07/17/2023,HGR,MD,AEA,EN,Federal Contract Tower,4,0,8,4,16,0,0,26,7,33,4,0,34,11,49,20,0,20,69
07/18/2023,HGR,MD,AEA,EN,Federal Contract Tower,0,0,10,6,16,0,2,37,5,44,0,2,47,11,60,0,0,0,60
07/19/2023,HGR,MD,AEA,EN,Federal Contract Tower,0,2,17,5,24,0,3,65,24,92,0,5,82,29,116,72,0,72,188
07/20/2023,HGR,MD,AEA,EN,Federal Contract Tower,2,1,13,7,23,0,4,61,16,81,2,5,74,23,104,6,0,6,110
07/21/2023,HGR,MD,AEA,EN,Federal Contract Tower,4,3,14,9,30,0,2,26,2,30,4,5,40,11,60,40,0,40,100
07/22/2023,HGR,MD,AEA,EN,Federal Contract Tower,0,2,10,0,12,0,0,119,0,119,0,2,129,0,131,28,0,28,159
07/23/2023,HGR,MD,AEA,EN,Federal Contract Tower,2,0,11,1,14,0,1,62,1,64,2,1,73,2,78,34,0,34,112
07/24/2023,HGR,MD,AEA,EN,Federal Contract Tower,4,1,11,4,20,0,7,29,1,37,4,8,40,5,57,16,0,16,73
07/25/2023,HGR,MD,AEA,EN,Federal Contract Tower,0,0,11,1,12,0,10,40,2,52,0,10,51,3,64,38,0,38,102
07/26/2023,HGR,MD,AEA,EN,Federal Contract Tower,0,0,12,6,18,0,8,59,22,89,0,8,71,28,107,46,4,50,157
07/27/2023,HGR,MD,AEA,EN,Federal Contract Tower,2,1,4,2,9,0,3,48,8,59,2,4,52,10,68,16,0,16,84
07/28/2023,HGR,MD,AEA,EN,Federal Contract Tower,4,1,12,2,19,0,3,21,5,29,4,4,33,7,48,14,4,18,66
07/29/2023,HGR,MD,AEA,EN,Federal Contract Tower,0,0,5,0,5,0,2,22,0,24,0,2,27,0,29,16,0,16,45
07/30/2023,HGR,MD,AEA,EN,Federal Contract Tower,2,2,20,0,24,0,0,70,0,70,2,2,90,0,94,8,0,8,102
07/31/2023,HGR,MD,AEA,EN,Federal Contract Tower,3,1,10,0,14,0,0,45,10,55,3,1,55,10,69,42,0,42,111
08/01/2023,HGR,MD,AEA,EN,Federal Contract Tower,0,0,13,2,15,0,6,77,15,98,0,6,90,17,113,52,0,52,165
08/02/2023,HGR,MD,AEA,EN,Federal Contract Tower,0,2,16,3,21,0,5,62,26,93,0,7,78,29,114,24,2,26,140
08/03/2023,HGR,MD,AEA,EN,Federal Contract Tower,2,1,9,2,14,0,4,70,7,81,2,5,79,9,95,28,0,28,123
08/04/2023,HGR,MD,AEA,EN,Federal Contract Tower,4,1,22,2,29,0,3,48,0,51,4,4,70,2,80,26,0,26,106
08/05/2023,HGR,MD,AEA,EN,Federal Contract Tower,0,0,14,0,14,0,2,70,0,72,0,2,84,0,86,24,0,24,110
08/06/2023,HGR,MD,AEA,EN,Federal Contract Tower,2,0,6,0,8,0,3,93,2,98,2,3,99,2,106,38,0,38,144
08/07/2023,HGR,MD,AEA,EN,Federal Contract Tower,3,1,15,0,19,0,0,38,0,38,3,1,53,0,57,16,0,16,73
08/08/2023,HGR,MD,AEA,EN,Federal Contract Tower,0,0,13,6,19,0,6,45,5,56,0,6,58,11,75,32,0,32,107
08/09/2023,HGR,MD,AEA,EN,Federal Contract Tower,0,0,17,5,22,0,3,82,14,99,0,3,99,19,121,30,4,34,155
08/10/2023,HGR,MD,AEA,EN,Federal Contract Tower,2,3,11,15,31,0,0,5,2,7,2,3,16,17,38,0,0,0,38
08/11/2023,HGR,MD,AEA,EN,Federal Contract Tower,4,0,11,4,19,0,1,46,8,55,4,1,57,12,74,32,0,32,106
08/12/2023,HGR,MD,AEA,EN,Federal Contract Tower,0,2,4,0,6,0,1,64,0,65,0,3,68,0,71,108,0,108,179
08/13/2023,HGR,MD,AEA,EN,Federal Contract Tower,2,1,9,0,12,0,0,47,5,52,2,1,56,5,64,28,2,30,94
08/14/2023,HGR,MD,AEA,EN,Federal Contract Tower,3,0,7,3,13,0,2,36,2,40,3,2,43,5,53,58,0,58,111
08/15/2023,HGR,MD,AEA,EN,Federal Contract Tower,0,2,16,2,20,0,5,50,5,60,0,7,66,7,80,46,0,46,126
08/16/2023,HGR,MD,AEA,EN,Federal Contract Tower,0,1,20,9,30,0,7,75,17,99,0,8,95,26,129,86,0,86,215
08/17/2023,HGR,MD,AEA,EN,Federal Contract Tower,0,3,4,5,12,0,3,25,14,42,0,6,29,19,54,8,0,8,62
08/18/2023,HGR,MD,AEA,EN,Federal Contract Tower,4,0,10,2,16,0,1,27,6,34,4,1,37,8,50,24,0,24,74
08/19/2023,HGR,MD,AEA,EN,Federal Contract Tower,0,0,5,0,5,0,1,176,8,185,0,1,181,8,190,6,4,10,200
08/20/2023,HGR,MD,AEA,EN,Federal Contract Tower,0,0,14,0,14,0,2,85,0,87,0,2,99,0,101,78,0,78,179
08/21/2023,HGR,MD,AEA,EN,Federal Contract Tower,4,1,13,6,24,0,2,43,4,49,4,3,56,10,73,38,0,38,111
08/22/2023,HGR,MD,AEA,EN,Federal Contract Tower,0,4,6,0,10,0,4,40,4,48,0,8,46,4,58,2,0,2,60
08/23/2023,HGR,MD,AEA,EN,Federal Contract Tower,0,3,11,4,18,0,5,62,12,79,0,8,73,16,97,78,0,78,175
08/24/2023,HGR,MD,AEA,EN,Federal Contract Tower,0,0,5,6,11,0,3,33,10,46,0,3,38,16,57,48,0,48,105
08/25/2023,HGR,MD,AEA,EN,Federal Contract Tower,4,3,9,1,17,0,0,31,2,33,4,3,40,3,50,28,0,28,78
08/26/2023,HGR,MD,AEA,EN,Federal Contract Tower,0,0,10,2,12,0,0,40,0,40,0,0,50,2,52,0,0,0,52
08/27/2023,HGR,MD,AEA,EN,Federal Contract Tower,0,0,1,0,1,0,0,37,5,42,0,0,38,5,43,6,0,6,49
08/28/2023,HGR,MD,AEA,EN,Federal Contract Tower,4,0,14,7,25,0,2,45,3,50,4,2,59,10,75,32,0,32,107
08/29/2023,HGR,MD,AEA,EN,Federal Contract Tower,0,2,23,4,29,0,1,21,0,22,0,3,44,4,51,10,0,10,61
08/30/2023,HGR,MD,AEA,EN,Federal Contract Tower,0,3,14,5,22,0,4,42,7,53,0,7,56,12,75,24,0,24,99
08/31/2023,HGR,MD,AEA,EN,Federal Contract Tower,0,2,7,5,14,0,0,72,1,73,0,2,79,6,87,30,0,30,117
01/01/2020,HGR,MD,AEA,EN,Federal Contract Tower,0,1,5,0,6,0,4,41,0,45,0,5,46,0,51,32,0,32,83
01/02/2020,HGR,MD,AEA,EN,Federal Contract Tower,2,0,3,0,5,0,4,60,11,75,2,4,63,11,80,58,6,64,144
01/03/2020,HGR,MD,AEA,EN,Federal Contract Tower,2,4,6,0,12,0,0,0,0,0,2,4,6,0,12,0,0,0,12
01/04/2020,HGR,MD,AEA,EN,Federal Contract Tower,2,0,9,0,11,0,1,15,1,17,2,1,24,1,28,28,0,28,56
01/05/2020,HGR,MD,AEA,EN,Federal Contract Tower,1,2,4,0,7,0,2,6,0,8,1,4,10,0,15,6,0,6,21
01/06/2020,HGR,MD,AEA,EN,Federal Contract Tower,2,1,7,0,10,0,2,34,1,37,2,3,41,1,47,14,0,14,61
01/07/2020,HGR,MD,AEA,EN,Federal Contract Tower,0,1,8,1,10,0,0,4,0,4,0,1,12,1,14,10,0,10,24
01/08/2020,HGR,MD,AEA,EN,Federal Contract Tower,0,0,5,3,8,0,0,6,10,16,0,0,11,13,24,0,0,0,24
01/09/2020,HGR,MD,AEA,EN,Federal Contract Tower,0,0,15,0,15,0,5,64,14,83,0,5,79,14,98,94,0,94,192
01/10/2020,HGR,MD,AEA,EN,Federal Contract Tower,2,2,5,1,10,0,2,41,15,58,2,4,46,16,68,68,0,68,136
01/11/2020,HGR,MD,AEA,EN,Federal Contract Tower,0,0,5,0,5,0,2,2,0,4,0,2,7,0,9,0,0,0,9
01/12/2020,HGR,MD,AEA,EN,Federal Contract Tower,0,0,8,0,8,0,0,25,0,25,0,0,33,0,33,10,0,10,43
01/13/2020,HGR,MD,AEA,EN,Federal Contract Tower,2,1,7,0,10,0,2,50,34,86,2,3,57,34,96,34,0,34,130
01/14/2020,HGR,MD,AEA,EN,Federal Contract Tower,0,1,8,16,25,0,0,0,0,0,0,1,8,16,25,0,0,0,25
01/15/2020,HGR,MD,AEA,EN,Federal Contract Tower,0,0,13,2,15,0,4,60,32,96,0,4,73,34,111,78,0,78,189
01/16/2020,HGR,MD,AEA,EN,Federal Contract Tower,0,1,2,1,4,0,5,9,7,21,0,6,11,8,25,8,0,8,33
01/17/2020,HGR,MD,AEA,EN,Federal Contract Tower,2,2,10,0,14,0,12,50,23,85,2,14,60,23,99,34,0,34,133
01/18/2020,HGR,MD,AEA,EN,Federal Contract Tower,0,0,6,0,6,0,0,0,0,0,0,0,6,0,6,0,0,0,6
01/19/2020,HGR,MD,AEA,EN,Federal Contract Tower,0,0,3,0,3,0,2,1,0,3,0,2,4,0,6,0,0,0,6
01/20/2020,HGR,MD,AEA,EN,Federal Contract Tower,2,0,25,1,28,0,2,42,2,46,2,2,67,3,74,14,0,14,88
01/21/2020,HGR,MD,AEA,EN,Federal Contract Tower,0,0,2,0,2,0,7,51,13,71,0,7,53,13,73,62,0,62,135
01/22/2020,HGR,MD,AEA,EN,Federal Contract Tower,0,4,23,6,33,0,3,45,34,82,0,7,68,40,115,30,0,30,145
01/23/2020,HGR,MD,AEA,EN,Federal Contract Tower,0,0,10,5,15,0,3,59,33,95,0,3,69,38,110,50,0,50,160
01/24/2020,HGR,MD,AEA,EN,Federal Contract Tower,2,2,11,9,24,0,4,4,0,8,2,6,15,9,32,2,0,2,34
01/25/2020,HGR,MD,AEA,EN,Federal Contract Tower,0,0,1,0,1,0,0,12,0,12,0,0,13,0,13,18,0,18,31
01/26/2020,HGR,MD,AEA,EN,Federal Contract Tower,0,1,12,0,13,0,2,45,0,47,0,3,57,0,60,12,0,12,72
01/27/2020,HGR,MD,AEA,EN,Federal Contract Tower,2,3,5,7,17,0,1,16,0,17,2,4,21,7,34,0,0,0,34
01/28/2020,HGR,MD,AEA,EN,Federal Contract Tower,0,2,9,14,25,0,2,23,10,35,0,4,32,24,60,50,0,50,110
01/29/2020,HGR,MD,AEA,EN,Federal Contract Tower,0,0,8,6,14,0,0,69,32,101,0,0,77,38,115,110,0,110,225
01/30/2020,HGR,MD,AEA,EN,Federal Contract Tower,0,1,11,9,21,0,2,69,42,113,0,3,80,51,134,82,0,82,216
01/31/2020,HGR,MD,AEA,EN,Federal Contract Tower,2,4,19,2,27,0,1,59,26,86,2,5,78,28,113,24,0,24,137
02/01/2020,HGR,MD,AEA,EN,Federal Contract Tower,0,1,5,0,6,0,0,0,0,0,0,1,5,0,6,0,0,0,6
02/02/2020,HGR,MD,AEA,EN,Federal Contract Tower,0,0,6,0,6,0,4,13,0,17,0,4,19,0,23,0,0,0,23
02/03/2020,HGR,MD,AEA,EN,Federal Contract Tower,2,2,18,3,25,0,8,64,11,83,2,10,82,14,108,30,14,44,152
02/04/2020,HGR,MD,AEA,EN,Federal Contract Tower,0,2,7,3,12,0,3,15,4,22,0,5,22,7,34,8,0,8,42
02/05/2020,HGR,MD,AEA,EN,Federal Contract Tower,0,1,11,6,18,0,7,12,1,20,0,8,23,7,38,0,0,0,38
02/06/2020,HGR,MD,AEA,EN,Federal Contract Tower,0,0,3,4,7,0,0,0,0,0,0,0,3,4,7,0,0,0,7
02/07/2020,HGR,MD,AEA,EN,Federal Contract Tower,2,2,8,0,12,0,3,2,0,5,2,5,10,0,17,0,0,0,17
02/08/2020,HGR,MD,AEA,EN,Federal Contract Tower,0,0,11,0,11,0,2,41,6,49,0,2,52,6,60,0,0,0,60
02/09/2020,HGR,MD,AEA,EN,Federal Contract Tower,0,0,5,0,5,0,4,43,4,51,0,4,48,4,56,14,0,14,70
02/10/2020,HGR,MD,AEA,EN,Federal Contract Tower,2,0,5,20,27,0,2,6,4,12,2,2,11,24,39,0,0,0,39
02/11/2020,HGR,MD,AEA,EN,Federal Contract Tower,0,1,9,16,26,0,9,0,0,9,0,10,9,16,35,0,0,0,35
02/12/2020,HGR,MD,AEA,EN,Federal Contract Tower,2,0,5,3,10,0,2,34,25,61,2,2,39,28,71,14,0,14,85
02/13/2020,HGR,MD,AEA,EN,Federal Contract Tower,0,2,4,16,22,0,1,2,4,7,0,3,6,20,29,0,0,0,29
02/14/2020,HGR,MD,AEA,EN,Federal Contract Tower,2,3,12,2,19,0,1,28,7,36,2,4,40,9,55,12,0,12,67
02/15/2020,HGR,MD,AEA,EN,Federal Contract Tower,0,0,9,0,9,0,5,58,5,68,0,5,67,5,77,38,0,38,115
02/16/2020,HGR,MD,AEA,EN,Federal Contract Tower,0,1,1,0,2,0,4,50,7,61,0,5,51,7,63,36,0,36,99
02/17/2020,HGR,MD,AEA,EN,Federal Contract Tower,2,1,18,3,24,0,2,97,11,110,2,3,115,14,134,60,0,60,194
02/18/2020,HGR,MD,AEA,EN,Federal Contract Tower,0,1,3,7,11,0,3,27,4,34,0,4,30,11,45,26,0,26,71
02/19/2020,HGR,MD,AEA,EN,Federal Contract Tower,2,2,13,3,20,0,8,57,16,81,2,10,70,19,101,76,2,78,179
02/20/2020,HGR,MD,AEA,EN,Federal Contract Tower,0,9,4,4,17,0,4,39,31,74,0,13,43,35,91,28,2,30,121
02/21/2020,HGR,MD,AEA,EN,Federal Contract Tower,2,2,10,3,17,0,3,70,22,95,2,5,80,25,112,60,0,60,172
02/22/2020,HGR,MD,AEA,EN,Federal Contract Tower,0,3,14,0,17,0,4,94,0,98,0,7,108,0,115,88,0,88,203
02/23/2020,HGR,MD,AEA,EN,Federal Contract Tower,0,0,16,2,18,0,2,119,3,124,0,2,135,5,142,80,2,82,224
02/24/2020,HGR,MD,AEA,EN,Federal Contract Tower,2,1,8,1,12,0,6,48,21,75,2,7,56,22,87,64,8,72,159
02/25/2020,HGR,MD,AEA,EN,Federal Contract Tower,0,0,3,22,25,0,0,0,0,0,0,0,3,22,25,0,0,0,25
02/26/2020,HGR,MD,AEA,EN,Federal Contract Tower,0,1,10,27,38,0,0,0,0,0,0,1,10,27,38,0,0,0,38
02/27/2020,HGR,MD,AEA,EN,Federal Contract Tower,0,0,4,2,6,0,0,0,4,4,0,0,4,6,10,0,0,0,10
02/28/2020,HGR,MD,AEA,EN,Federal Contract Tower,0,8,5,14,27,0,7,13,11,31,0,15,18,25,58,0,0,0,58
02/29/2020,HGR,MD,AEA,EN,Federal Contract Tower,0,2,4,0,6,0,2,6,0,8,0,4,10,0,14,0,0,0,14
03/01/2020,HGR,MD,AEA,EN,Federal Contract Tower,0,0,18,0,18,0,1,93,2,96,0,1,111,2,114,50,0,50,164
03/02/2020,HGR,MD,AEA,EN,Federal Contract Tower,2,1,13,7,23,0,4,37,19,60,2,5,50,26,83,0,0,0,83
03/03/2020,HGR,MD,AEA,EN,Federal Contract Tower,0,2,7,7,16,0,3,5,5,13,0,5,12,12,29,0,0,0,29
03/04/2020,HGR,MD,AEA,EN,Federal Contract Tower,0,3,6,10,19,0,5,24,8,37,0,8,30,18,56,6,0,6,62
03/05/2020,HGR,MD,AEA,EN,Federal Contract Tower,0,1,11,4,16,0,2,78,20,100,0,3,89,24,116,44,0,44,160
03/06/2020,HGR,MD,AEA,EN,Federal Contract Tower,1,3,8,0,12,0,6,8,1,15,1,9,16,1,27,0,0,0,27
03/07/2020,HGR,MD,AEA,EN,Federal Contract Tower,0,1,4,1,6,0,4,18,0,22,0,5,22,1,28,0,0,0,28
03/08/2020,HGR,MD,AEA,EN,Federal Contract Tower,0,2,13,0,15,0,1,55,1,57,0,3,68,1,72,8,0,8,80
03/09/2020,HGR,MD,AEA,EN,Federal Contract Tower,1,3,14,0,18,0,4,62,9,75,1,7,76,9,93,62,0,62,155
03/10/2020,HGR,MD,AEA,EN,Federal Contract Tower,0,2,3,5,10,0,5,21,10,36,0,7,24,15,46,0,0,0,46
03/11/2020,HGR,MD,AEA,EN,Federal Contract Tower,2,5,14,8,29,0,2,68,12,82,2,7,82,20,111,34,0,34,145
03/12/2020,HGR,MD,AEA,EN,Federal Contract Tower,0,2,9,9,20,0,2,43,10,55,0,4,52,19,75,12,0,12,87
03/13/2020,HGR,MD,AEA,EN,Federal Contract Tower,2,0,14,1,17,0,3,10,6,19,2,3,24,7,36,0,0,0,36
03/14/2020,HGR,MD,AEA,EN,Federal Contract Tower,0,1,4,1,6,0,0,90,0,90,0,1,94,1,96,96,0,96,192
03/15/2020,HGR,MD,AEA,EN,Federal Contract Tower,0,0,7,0,7,0,1,9,0,10,0,1,16,0,17,0,0,0,17
03/16/2020,HGR,MD,AEA,EN,Federal Contract Tower,2,0,18,1,21,0,3,35,5,43,2,3,53,6,64,10,0,10,74
03/17/2020,HGR,MD,AEA,EN,Federal Contract Tower,0,0,7,19,26,0,7,20,18,45,0,7,27,37,71,44,8,52,123
03/18/2020,HGR,MD,AEA,EN,Federal Contract Tower,2,0,5,8,15,0,6,40,20,66,2,6,45,28,81,30,0,30,111
03/19/2020,HGR,MD,AEA,EN,Federal Contract Tower,0,1,5,11,17,0,2,12,8,22,0,3,17,19,39,6,0,6,45
03/20/2020,HGR,MD,AEA,EN,Federal Contract Tower,2,2,1,11,16,0,0,12,6,18,2,2,13,17,34,6,0,6,40
03/21/2020,HGR,MD,AEA,EN,Federal Contract Tower,0,0,9,0,9,0,4,25,1,30,0,4,34,1,39,14,0,14,53
03/22/2020,HGR,MD,AEA,EN,Federal Contract Tower,0,1,8,0,9,0,0,43,5,48,0,1,51,5,57,14,0,14,71
03/23/2020,HGR,MD,AEA,EN,Federal Contract Tower,2,0,4,2,8,0,0,0,0,0,2,0,4,2,8,0,0,0,8
03/24/2020,HGR,MD,AEA,EN,Federal Contract Tower,0,1,9,2,12,0,12,40,6,58,0,13,49,8,70,82,0,82,152
03/25/2020,HGR,MD,AEA,EN,Federal Contract Tower,0,0,4,2,6,0,0,0,0,0,0,0,4,2,6,0,0,0,6
03/26/2020,HGR,MD,AEA,EN,Federal Contract Tower,0,0,2,0,2,0,0,21,7,28,0,0,23,7,30,6,0,6,36
03/27/2020,HGR,MD,AEA,EN,Federal Contract Tower,0,0,5,0,5,0,1,38,4,43,0,1,43,4,48,6,0,6,54
03/28/2020,HGR,MD,AEA,EN,Federal Contract Tower,0,1,4,0,5,0,0,0,0,0,0,1,4,0,5,0,0,0,5
03/29/2020,HGR,MD,AEA,EN,Federal Contract Tower,0,0,2,0,2,0,0,1,0,1,0,0,3,0,3,0,0,0,3
03/30/2020,HGR,MD,AEA,EN,Federal Contract Tower,0,2,3,0,5,0,3,2,2,7,0,5,5,2,12,0,0,0,12
03/31/2020,HGR,MD,AEA,EN,Federal Contract Tower,0,2,3,0,5,0,6,7,0,13,0,8,10,0,18,0,0,0,18
04/01/2020,HGR,MD,AEA,EN,Federal Contract Tower,0,1,2,0,3,0,4,1,0,5,0,5,3,0,8,0,0,0,8
04/02/2020,HGR,MD,AEA,EN,Federal Contract Tower,0,1,2,0,3,0,3,0,2,5,0,4,2,2,8,0,0,0,8
04/03/2020,HGR,MD,AEA,EN,Federal Contract Tower,2,1,2,0,5,0,4,5,2,11,2,5,7,2,16,0,0,0,16
04/04/2020,HGR,MD,AEA,EN,Federal Contract Tower,0,0,7,0,7,0,0,15,0,15,0,0,22,0,22,18,0,18,40
04/05/2020,HGR,MD,AEA,EN,Federal Contract Tower,0,0,2,0,2,0,4,34,0,38,0,4,36,0,40,26,0,26,66
04/06/2020,HGR,MD,AEA,EN,Federal Contract Tower,0,0,7,2,9,0,3,55,4,62,0,3,62,6,71,44,0,44,115
04/07/2020,HGR,MD,AEA,EN,Federal Contract Tower,0,0,0,4,4,0,2,7,0,9,0,2,7,4,13,0,0,0,13
04/08/2020,HGR,MD,AEA,EN,Federal Contract Tower,0,2,5,0,7,0,7,4,3,14,0,9,9,3,21,0,4,4,25
04/09/2020,HGR,MD,AEA,EN,Federal Contract Tower,0,0,4,1,5,0,0,3,0,3,0,0,7,1,8,0,0,0,8
04/10/2020,HGR,MD,AEA,EN,Federal Contract Tower,2,0,2,0,4,0,0,1,0,1,2,0,3,0,5,0,0,0,5
04/11/2020,HGR,MD,AEA,EN,Federal Contract Tower,0,0,4,1,5,0,1,33,1,35,0,1,37,2,40,40,0,40,80
04/12/2020,HGR,MD,AEA,EN,Federal Contract Tower,0,1,4,0,5,0,4,21,0,25,0,5,25,0,30,10,0,10,40
04/13/2020,HGR,MD,AEA,EN,Federal Contract Tower,0,2,1,0,3,0,1,0,0,1,0,3,1,0,4,0,0,0,4
04/14/2020,HGR,MD,AEA,EN,Federal Contract Tower,0,0,3,0,3,0,0,20,4,24,0,0,23,4,27,16,0,16,43
04/15/2020,HGR,MD,AEA,EN,Federal Contract Tower,0,3,3,1,7,0,6,29,5,40,0,9,32,6,47,24,0,24,71
04/16/2020,HGR,MD,AEA,EN,Federal Contract Tower,0,0,6,0,6,0,0,19,8,27,0,0,25,8,33,28,0,28,61
04/17/2020,HGR,MD,AEA,EN,Federal Contract Tower,0,1,5,0,6,0,0,17,2,19,0,1,22,2,25,0,0,0,25
04/18/2020,HGR,MD,AEA,EN,Federal Contract Tower,0,0,0,0,0,0,0,4,0,4,0,0,4,0,4,8,0,8,12
04/19/2020,HGR,MD,AEA,EN,Federal Contract Tower,0,0,3,0,3,0,1,38,0,39,0,1,41,0,42,36,0,36,78
04/20/2020,HGR,MD,AEA,EN,Federal Contract Tower,0,1,5,0,6,0,0,33,5,38,0,1,38,5,44,14,0,14,58
04/21/2020,HGR,MD,AEA,EN,Federal Contract Tower,0,1,4,6,11,0,0,5,6,11,0,1,9,12,22,0,0,0,22
04/22/2020,HGR,MD,AEA,EN,Federal Contract Tower,0,4,1,1,6,0,3,17,15,35,0,7,18,16,41,24,0,24,65
04/23/2020,HGR,MD,AEA,EN,Federal Contract Tower,0,2,13,3,18,0,0,49,13,62,0,2,62,16,80,32,0,32,112
04/24/2020,HGR,MD,AEA,EN,Federal Contract Tower,0,8,5,2,15,0,1,0,0,1,0,9,5,2,16,0,0,0,16
04/25/2020,HGR,MD,AEA,EN,Federal Contract Tower,0,0,8,0,8,0,0,30,2,32,0,0,38,2,40,86,4,90,130
04/26/2020,HGR,MD,AEA,EN,Federal Contract Tower,0,0,0,0,0,0,0,0,0,0,0,0,0,0,0,0,0,0,0
04/27/2020,HGR,MD,AEA,EN,Federal Contract Tower,0,0,13,2,15,0,2,8,1,11,0,2,21,3,26,10,0,10,36
04/28/2020,HGR,MD,AEA,EN,Federal Contract Tower,0,4,5,3,12,0,0,19,2,21,0,4,24,5,33,8,0,8,41
04/29/2020,HGR,MD,AEA,EN,Federal Contract Tower,0,5,1,0,6,0,0,0,0,0,0,5,1,0,6,0,0,0,6
04/30/2020,HGR,MD,AEA,EN,Federal Contract Tower,0,1,1,1,3,0,0,3,0,3,0,1,4,1,6,0,0,0,6
05/01/2020,HGR,MD,AEA,EN,Federal Contract Tower,0,1,5,1,7,0,4,27,14,45,0,5,32,15,52,4,0,4,56
05/02/2020,HGR,MD,AEA,EN,Federal Contract Tower,0,1,8,0,9,0,3,55,5,63,0,4,63,5,72,76,0,76,148
05/03/2020,HGR,MD,AEA,EN,Federal Contract Tower,0,1,1,0,2,0,4,15,1,20,0,5,16,1,22,16,0,16,38
05/04/2020,HGR,MD,AEA,EN,Federal Contract Tower,0,0,0,0,0,0,2,3,2,7,0,2,3,2,7,0,0,0,7
05/05/2020,HGR,MD,AEA,EN,Federal Contract Tower,0,0,6,0,6,0,0,55,2,57,0,0,61,2,63,70,0,70,133
05/06/2020,HGR,MD,AEA,EN,Federal Contract Tower,0,2,3,1,6,0,0,0,0,0,0,2,3,1,6,0,0,0,6
05/07/2020,HGR,MD,AEA,EN,Federal Contract Tower,0,1,7,1,9,0,8,85,18,111,0,9,92,19,120,82,0,82,202
05/08/2020,HGR,MD,AEA,EN,Federal Contract Tower,2,2,13,1,18,0,4,10,0,14,2,6,23,1,32,8,0,8,40
05/09/2020,HGR,MD,AEA,EN,Federal Contract Tower,0,0,4,2,6,0,0,2,0,2,0,0,6,2,8,0,0,0,8
05/10/2020,HGR,MD,AEA,EN,Federal Contract Tower,0,0,4,0,4,0,5,35,0,40,0,5,39,0,44,28,0,28,72
05/11/2020,HGR,MD,AEA,EN,Federal Contract Tower,2,1,6,4,13,0,3,3,2,8,2,4,9,6,21,0,0,0,21
05/12/2020,HGR,MD,AEA,EN,Federal Contract Tower,0,0,3,13,16,0,0,24,13,37,0,0,27,26,53,54,0,54,107
05/13/2020,HGR,MD,AEA,EN,Federal Contract Tower,0,0,5,0,5,0,5,65,27,97,0,5,70,27,102,98,0,98,200
05/14/2020,HGR,MD,AEA,EN,Federal Contract Tower,2,2,6,4,14,0,3,56,24,83,2,5,62,28,97,54,2,56,153
05/15/2020,HGR,MD,AEA,EN,Federal Contract Tower,2,1,11,3,17,0,7,37,5,49,2,8,48,8,66,26,0,26,92
05/16/2020,HGR,MD,AEA,EN,Federal Contract Tower,0,0,9,0,9,0,4,52,0,56,0,4,61,0,65,94,0,94,159
05/17/2020,HGR,MD,AEA,EN,Federal Contract Tower,2,0,1,1,4,0,0,3,3,6,2,0,4,4,10,0,0,0,10
05/18/2020,HGR,MD,AEA,EN,Federal Contract Tower,2,1,12,8,23,0,3,9,0,12,2,4,21,8,35,20,0,20,55
05/19/2020,HGR,MD,AEA,EN,Federal Contract Tower,0,0,4,5,9,0,5,19,23,47,0,5,23,28,56,28,14,42,98
05/20/2020,HGR,MD,AEA,EN,Federal Contract Tower,0,0,12,1,13,0,6,27,27,60,0,6,39,28,73,12,0,12,85
05/21/2020,HGR,MD,AEA,EN,Federal Contract Tower,2,4,18,17,41,0,6,38,9,53,2,10,56,26,94,28,0,28,122
05/22/2020,HGR,MD,AEA,EN,Federal Contract Tower,0,1,8,19,28,0,1,0,0,1,0,2,8,19,29,0,0,0,29
05/23/2020,HGR,MD,AEA,EN,Federal Contract Tower,0,5,15,0,20,0,3,56,0,59,0,8,71,0,79,60,0,60,139
05/24/2020,HGR,MD,AEA,EN,Federal Contract Tower,2,2,8,0,12,0,4,11,0,15,2,6,19,0,27,0,0,0,27
05/25/2020,HGR,MD,AEA,EN,Federal Contract Tower,0,0,10,0,10,0,2,36,2,40,0,2,46,2,50,22,0,22,72
05/26/2020,HGR,MD,AEA,EN,Federal Contract Tower,0,2,10,0,12,0,4,80,16,100,0,6,90,16,112,90,0,90,202
05/27/2020,HGR,MD,AEA,EN,Federal Contract Tower,0,0,19,14,33,0,1,40,8,49,0,1,59,22,82,28,0,28,110
05/28/2020,HGR,MD,AEA,EN,Federal Contract Tower,2,0,5,11,18,0,0,18,8,26,2,0,23,19,44,0,0,0,44
05/29/2020,HGR,MD,AEA,EN,Federal Contract Tower,2,1,7,0,10,0,1,11,6,18,2,2,18,6,28,10,0,10,38
05/30/2020,HGR,MD,AEA,EN,Federal Contract Tower,0,0,0,0,0,0,0,70,0,70,0,0,70,0,70,20,0,20,90
05/31/2020,HGR,MD,AEA,EN,Federal Contract Tower,2,0,3,0,5,0,1,65,0,66,2,1,68,0,71,60,0,60,131
06/01/2020,HGR,MD,AEA,EN,Federal Contract Tower,2,1,7,3,13,0,8,90,5,103,2,9,97,8,116,72,8,80,196
06/02/2020,HGR,MD,AEA,EN,Federal Contract Tower,0,2,9,5,16,0,17,58,16,91,0,19,67,21,107,52,0,52,159
06/03/2020,HGR,MD,AEA,EN,Federal Contract Tower,0,0,2,4,6,0,3,20,8,31,0,3,22,12,37,0,2,2,39
06/04/2020,HGR,MD,AEA,EN,Federal Contract Tower,2,0,1,1,4,0,4,26,2,32,2,4,27,3,36,44,0,44,80
06/05/2020,HGR,MD,AEA,EN,Federal Contract Tower,4,1,13,2,20,0,4,8,0,12,4,5,21,2,32,32,0,32,64
06/06/2020,HGR,MD,AEA,EN,Federal Contract Tower,0,1,6,0,7,0,4,27,0,31,0,5,33,0,38,44,0,44,82
06/07/2020,HGR,MD,AEA,EN,Federal Contract Tower,2,0,6,0,8,0,2,95,0,97,2,2,101,0,105,72,0,72,177
06/08/2020,HGR,MD,AEA,EN,Federal Contract Tower,3,4,14,2,23,0,6,67,7,80,3,10,81,9,103,52,0,52,155
06/09/2020,HGR,MD,AEA,EN,Federal Contract Tower,1,2,8,0,11,0,6,78,8,92,1,8,86,8,103,42,0,42,145
06/10/2020,HGR,MD,AEA,EN,Federal Contract Tower,0,1,3,0,4,0,6,32,1,39,0,7,35,1,43,12,0,12,55
06/11/2020,HGR,MD,AEA,EN,Federal Contract Tower,2,1,7,1,11,0,1,35,2,38,2,2,42,3,49,6,0,6,55
06/12/2020,HGR,MD,AEA,EN,Federal Contract Tower,4,1,11,0,16,0,0,62,2,64,4,1,73,2,80,54,0,54,134
06/13/2020,HGR,MD,AEA,EN,Federal Contract Tower,0,0,5,0,5,0,1,59,0,60,0,1,64,0,65,42,0,42,107
06/14/2020,HGR,MD,AEA,EN,Federal Contract Tower,2,2,4,0,8,0,1,25,0,26,2,3,29,0,34,54,0,54,88
06/15/2020,HGR,MD,AEA,EN,Federal Contract Tower,4,1,17,10,32,0,3,57,2,62,4,4,74,12,94,10,0,10,104
06/16/2020,HGR,MD,AEA,EN,Federal Contract Tower,0,0,15,1,16,0,9,71,13,93,0,9,86,14,109,70,4,74,183
06/17/2020,HGR,MD,AEA,EN,Federal Contract Tower,0,1,13,8,22,0,3,40,9,52,0,4,53,17,74,26,0,26,100
06/18/2020,HGR,MD,AEA,EN,Federal Contract Tower,2,2,8,5,17,0,2,33,1,36,2,4,41,6,53,28,0,28,81
06/19/2020,HGR,MD,AEA,EN,Federal Contract Tower,4,4,11,6,25,0,3,36,4,43,4,7,47,10,68,32,0,32,100
06/20/2020,HGR,MD,AEA,EN,Federal Contract Tower,0,0,9,3,12,0,1,13,1,15,0,1,22,4,27,26,0,26,53
06/21/2020,HGR,MD,AEA,EN,Federal Contract Tower,2,1,9,1,13,0,0,47,0,47,2,1,56,1,60,14,0,14,74
06/22/2020,HGR,MD,AEA,EN,Federal Contract Tower,4,1,8,0,13,0,5,51,5,61,4,6,59,5,74,34,0,34,108
06/23/2020,HGR,MD,AEA,EN,Federal Contract Tower,0,1,11,7,19,0,6,36,6,48,0,7,47,13,67,44,10,54,121
06/24/2020,HGR,MD,AEA,EN,Federal Contract Tower,0,3,12,6,21,0,6,75,22,103,0,9,87,28,124,38,0,38,162
06/25/2020,HGR,MD,AEA,EN,Federal Contract Tower,2,5,7,10,24,0,5,50,25,80,2,10,57,35,104,32,10,42,146
06/26/2020,HGR,MD,AEA,EN,Federal Contract Tower,4,0,12,0,16,0,4,84,11,99,4,4,96,11,115,34,4,38,153
06/27/2020,HGR,MD,AEA,EN,Federal Contract Tower,0,0,19,1,20,0,6,45,0,51,0,6,64,1,71,46,0,46,117
06/28/2020,HGR,MD,AEA,EN,Federal Contract Tower,2,0,8,0,10,0,3,48,0,51,2,3,56,0,61,40,0,40,101
06/29/2020,HGR,MD,AEA,EN,Federal Contract Tower,4,0,15,1,20,0,3,65,4,72,4,3,80,5,92,18,0,18,110
06/30/2020,HGR,MD,AEA,EN,Federal Contract Tower,0,2,16,0,18,0,3,84,5,92,0,5,100,5,110,72,0,72,182
07/01/2020,HGR,MD,AEA,EN,Federal Contract Tower,0,0,5,0,5,0,1,50,12,63,0,1,55,12,68,6,12,18,86
07/02/2020,HGR,MD,AEA,EN,Federal Contract Tower,2,1,24,7,34,0,3,66,7,76,2,4,90,14,110,36,0,36,146
07/03/2020,HGR,MD,AEA,EN,Federal Contract Tower,4,0,10,0,14,0,2,56,0,58,4,2,66,0,72,22,0,22,94
07/04/2020,HGR,MD,AEA,EN,Federal Contract Tower,0,0,11,1,12,0,4,35,1,40,0,4,46,2,52,8,0,8,60
07/05/2020,HGR,MD,AEA,EN,Federal Contract Tower,1,1,8,0,10,0,1,63,18,82,1,2,71,18,92,2,0,2,94
07/06/2020,HGR,MD,AEA,EN,Federal Contract Tower,4,1,5,0,10,0,2,30,0,32,4,3,35,0,42,6,0,6,48
07/07/2020,HGR,MD,AEA,EN,Federal Contract Tower,0,3,10,0,13,0,2,12,0,14,0,5,22,0,27,12,0,12,39
07/08/2020,HGR,MD,AEA,EN,Federal Contract Tower,0,1,8,4,13,0,1,37,1,39,0,2,45,5,52,12,0,12,64
07/09/2020,HGR,MD,AEA,EN,Federal Contract Tower,2,1,23,2,28,0,1,34,0,35,2,2,57,2,63,10,0,10,73
07/10/2020,HGR,MD,AEA,EN,Federal Contract Tower,4,1,9,1,15,0,5,26,0,31,4,6,35,1,46,14,0,14,60
07/11/2020,HGR,MD,AEA,EN,Federal Contract Tower,0,0,14,0,14,0,3,50,0,53,0,3,64,0,67,14,0,14,81
07/12/2020,HGR,MD,AEA,EN,Federal Contract Tower,2,0,7,1,10,0,2,58,1,61,2,2,65,2,71,28,0,28,99
07/13/2020,HGR,MD,AEA,EN,Federal Contract Tower,4,1,10,1,16,0,3,39,7,49,4,4,49,8,65,14,0,14,79
07/14/2020,HGR,MD,AEA,EN,Federal Contract Tower,0,1,7,5,13,0,5,63,8,76,0,6,70,13,89,50,2,52,141
07/15/2020,HGR,MD,AEA,EN,Federal Contract Tower,0,0,10,4,14,0,6,86,7,99,0,6,96,11,113,52,0,52,165
07/16/2020,HGR,MD,AEA,EN,Federal Contract Tower,0,0,6,4,10,0,1,31,0,32,0,1,37,4,42,12,0,12,54
07/17/2020,HGR,MD,AEA,EN,Federal Contract Tower,4,5,11,1,21,0,4,28,4,36,4,9,39,5,57,58,0,58,115
07/18/2020,HGR,MD,AEA,EN,Federal Contract Tower,0,3,11,0,14,0,1,56,0,57,0,4,67,0,71,50,0,50,121
07/19/2020,HGR,MD,AEA,EN,Federal Contract Tower,2,1,7,0,10,0,1,45,0,46,2,2,52,0,56,50,0,50,106
07/20/2020,HGR,MD,AEA,EN,Federal Contract Tower,4,0,11,0,15,0,0,20,4,24,4,0,31,4,39,24,0,24,63
07/21/2020,HGR,MD,AEA,EN,Federal Contract Tower,0,0,7,5,12,0,1,48,8,57,0,1,55,13,69,24,0,24,93
07/22/2020,HGR,MD,AEA,EN,Federal Contract Tower,0,0,7,5,12,0,0,13,3,16,0,0,20,8,28,6,0,6,34
07/23/2020,HGR,MD,AEA,EN,Federal Contract Tower,2,0,15,4,21,0,2,39,9,50,2,2,54,13,71,30,0,30,101
07/24/2020,HGR,MD,AEA,EN,Federal Contract Tower,4,0,16,2,22,0,0,19,0,19,4,0,35,2,41,4,0,4,45
07/25/2020,HGR,MD,AEA,EN,Federal Contract Tower,0,0,9,0,9,0,3,71,0,74,0,3,80,0,83,20,0,20,103
07/26/2020,HGR,MD,AEA,EN,Federal Contract Tower,2,0,4,0,6,0,1,41,0,42,2,1,45,0,48,52,0,52,100
07/27/2020,HGR,MD,AEA,EN,Federal Contract Tower,4,3,5,0,12,0,1,45,4,50,4,4,50,4,62,28,0,28,90
07/28/2020,HGR,MD,AEA,EN,Federal Contract Tower,0,4,12,4,20,0,11,40,8,59,0,15,52,12,79,8,0,8,87
07/29/2020,HGR,MD,AEA,EN,Federal Contract Tower,0,0,16,0,16,0,12,73,9,94,0,12,89,9,110,106,0,106,216
07/30/2020,HGR,MD,AEA,EN,Federal Contract Tower,1,0,15,5,21,0,2,64,32,98,1,2,79,37,119,48,0,48,167
07/31/2020,HGR,MD,AEA,EN,Federal Contract Tower,4,4,10,4,22,0,2,15,0,17,4,6,25,4,39,6,0,6,45
08/01/2020,HGR,MD,AEA,EN,Federal Contract Tower,0,0,12,0,12,0,8,13,1,22,0,8,25,1,34,6,0,6,40
08/02/2020,HGR,MD,AEA,EN,Federal Contract Tower,2,0,7,0,9,0,0,33,0,33,2,0,40,0,42,30,0,30,72
08/03/2020,HGR,MD,AEA,EN,Federal Contract Tower,4,1,5,0,10,0,0,31,0,31,4,1,36,0,41,32,0,32,73
08/04/2020,HGR,MD,AEA,EN,Federal Contract Tower,0,0,6,0,6,0,0,6,11,17,0,0,12,11,23,6,0,6,29
08/05/2020,HGR,MD,AEA,EN,Federal Contract Tower,2,6,12,0,20,0,10,103,27,140,2,16,115,27,160,72,0,72,232
08/06/2020,HGR,MD,AEA,EN,Federal Contract Tower,1,0,10,0,11,0,2,10,13,25,1,2,20,13,36,0,0,0,36
08/07/2020,HGR,MD,AEA,EN,Federal Contract Tower,4,2,12,4,22,0,1,3,2,6,4,3,15,6,28,0,0,0,28
08/08/2020,HGR,MD,AEA,EN,Federal Contract Tower,0,0,19,2,21,0,0,33,9,42,0,0,52,11,63,58,0,58,121
08/09/2020,HGR,MD,AEA,EN,Federal Contract Tower,2,2,11,1,16,0,1,81,1,83,2,3,92,2,99,44,0,44,143
08/10/2020,HGR,MD,AEA,EN,Federal Contract Tower,4,0,5,11,20,0,9,66,18,93,4,9,71,29,113,36,24,60,173
08/11/2020,HGR,MD,AEA,EN,Federal Contract Tower,0,1,10,5,16,0,2,73,22,97,0,3,83,27,113,112,40,152,265
08/12/2020,HGR,MD,AEA,EN,Federal Contract Tower,2,0,7,1,10,0,7,37,20,64,2,7,44,21,74,50,0,50,124
08/13/2020,HGR,MD,AEA,EN,Federal Contract Tower,2,7,7,6,22,0,5,18,7,30,2,12,25,13,52,6,0,6,58
08/14/2020,HGR,MD,AEA,EN,Federal Contract Tower,4,1,8,4,17,0,0,30,1,31,4,1,38,5,48,14,0,14,62
08/15/2020,HGR,MD,AEA,EN,Federal Contract Tower,0,0,13,2,15,0,6,40,0,46,0,6,53,2,61,10,0,10,71
08/16/2020,HGR,MD,AEA,EN,Federal Contract Tower,2,2,10,0,14,0,2,39,0,41,2,4,49,0,55,0,0,0,55
08/17/2020,HGR,MD,AEA,EN,Federal Contract Tower,4,0,5,4,13,0,6,40,9,55,4,6,45,13,68,42,0,42,110
08/18/2020,HGR,MD,AEA,EN,Federal Contract Tower,0,2,9,6,17,0,8,60,22,90,0,10,69,28,107,86,12,98,205
08/19/2020,HGR,MD,AEA,EN,Federal Contract Tower,0,1,16,12,29,0,8,80,24,112,0,9,96,36,141,76,12,88,229
08/20/2020,HGR,MD,AEA,EN,Federal Contract Tower,0,0,15,8,23,0,4,58,8,70,0,4,73,16,93,30,0,30,123
08/21/2020,HGR,MD,AEA,EN,Federal Contract Tower,4,0,11,0,15,0,5,51,8,64,4,5,62,8,79,36,0,36,115
08/22/2020,HGR,MD,AEA,EN,Federal Contract Tower,0,0,9,0,9,0,0,43,0,43,0,0,52,0,52,30,0,30,82
08/23/2020,HGR,MD,AEA,EN,Federal Contract Tower,0,3,9,0,12,0,2,54,1,57,0,5,63,1,69,46,0,46,115
08/24/2020,HGR,MD,AEA,EN,Federal Contract Tower,4,0,10,0,14,0,9,45,8,62,4,9,55,8,76,36,0,36,112
08/25/2020,HGR,MD,AEA,EN,Federal Contract Tower,0,0,9,7,16,0,5,34,13,52,0,5,43,20,68,34,2,36,104
08/26/2020,HGR,MD,AEA,EN,Federal Contract Tower,0,0,17,2,19,0,4,71,20,95,0,4,88,22,114,68,0,68,182
08/27/2020,HGR,MD,AEA,EN,Federal Contract Tower,0,1,5,6,12,0,1,52,13,66,0,2,57,19,78,30,2,32,110
08/28/2020,HGR,MD,AEA,EN,Federal Contract Tower,4,1,9,2,16,0,0,50,17,67,4,1,59,19,83,30,0,30,113
08/29/2020,HGR,MD,AEA,EN,Federal Contract Tower,0,0,4,0,4,0,2,18,0,20,0,2,22,0,24,2,0,2,26
08/30/2020,HGR,MD,AEA,EN,Federal Contract Tower,0,0,11,0,11,0,3,104,3,110,0,3,115,3,121,26,0,26,147
08/31/2020,HGR,MD,AEA,EN,Federal Contract Tower,4,4,16,1,25,0,0,31,2,33,4,4,47,3,58,48,20,68,126
09/01/2020,HGR,MD,AEA,EN,Federal Contract Tower,0,0,12,7,19,0,4,2,0,6,0,4,14,7,25,0,0,0,25
09/02/2020,HGR,MD,AEA,EN,Federal Contract Tower,0,2,9,9,20,0,10,27,7,44,0,12,36,16,64,6,0,6,70
09/03/2020,HGR,MD,AEA,EN,Federal Contract Tower,0,0,9,2,11,0,3,28,0,31,0,3,37,2,42,36,0,36,78
09/04/2020,HGR,MD,AEA,EN,Federal Contract Tower,4,0,10,2,16,0,7,57,2,66,4,7,67,4,82,30,0,30,112
09/05/2020,HGR,MD,AEA,EN,Federal Contract Tower,0,0,7,0,7,0,8,110,0,118,0,8,117,0,125,44,0,44,169
09/06/2020,HGR,MD,AEA,EN,Federal Contract Tower,0,0,8,0,8,0,6,81,0,87,0,6,89,0,95,16,0,16,111
09/07/2020,HGR,MD,AEA,EN,Federal Contract Tower,4,0,7,0,11,0,1,67,0,68,4,1,74,0,79,44,0,44,123
09/08/2020,HGR,MD,AEA,EN,Federal Contract Tower,0,1,13,5,19,0,4,64,22,90,0,5,77,27,109,40,6,46,155
09/09/2020,HGR,MD,AEA,EN,Federal Contract Tower,0,1,15,4,20,0,4,45,17,66,0,5,60,21,86,32,0,32,118
09/10/2020,HGR,MD,AEA,EN,Federal Contract Tower,0,3,12,8,23,0,0,10,0,10,0,3,22,8,33,0,0,0,33
09/11/2020,HGR,MD,AEA,EN,Federal Contract Tower,2,1,20,6,29,0,23,59,11,93,2,24,79,17,122,30,0,30,152
09/12/2020,HGR,MD,AEA,EN,Federal Contract Tower,0,1,22,0,23,0,1,73,0,74,0,2,95,0,97,12,0,12,109
09/13/2020,HGR,MD,AEA,EN,Federal Contract Tower,0,1,10,0,11,0,7,15,3,25,0,8,25,3,36,0,8,8,44
09/14/2020,HGR,MD,AEA,EN,Federal Contract Tower,2,1,15,0,18,0,2,47,14,63,2,3,62,14,81,28,0,28,109
09/15/2020,HGR,MD,AEA,EN,Federal Contract Tower,0,1,13,0,14,0,6,72,12,90,0,7,85,12,104,34,4,38,142
09/16/2020,HGR,MD,AEA,EN,Federal Contract Tower,0,4,17,6,27,0,5,84,7,96,0,9,101,13,123,52,6,58,181
09/17/2020,HGR,MD,AEA,EN,Federal Contract Tower,0,5,15,2,22,0,2,47,11,60,0,7,62,13,82,98,0,98,180
09/18/2020,HGR,MD,AEA,EN,Federal Contract Tower,2,0,5,3,10,0,2,39,7,48,2,2,44,10,58,48,0,48,106
09/19/2020,HGR,MD,AEA,EN,Federal Contract Tower,0,0,12,0,12,0,2,70,0,72,0,2,82,0,84,32,0,32,116
09/20/2020,HGR,MD,AEA,EN,Federal Contract Tower,0,2,5,0,7,0,4,70,3,77,0,6,75,3,84,52,0,52,136
09/21/2020,HGR,MD,AEA,EN,Federal Contract Tower,2,0,6,0,8,0,7,67,14,88,2,7,73,14,96,84,0,84,180
09/22/2020,HGR,MD,AEA,EN,Federal Contract Tower,0,2,19,12,33,0,2,104,51,157,0,4,123,63,190,86,22,108,298
09/23/2020,HGR,MD,AEA,EN,Federal Contract Tower,0,1,10,0,11,0,7,60,26,93,0,8,70,26,104,12,0,12,116
09/24/2020,HGR,MD,AEA,EN,Federal Contract Tower,0,0,9,6,15,0,19,56,27,102,0,19,65,33,117,10,0,10,127
09/25/2020,HGR,MD,AEA,EN,Federal Contract Tower,2,3,17,0,22,0,0,38,3,41,2,3,55,3,63,34,0,34,97
09/26/2020,HGR,MD,AEA,EN,Federal Contract Tower,0,0,16,0,16,0,0,3,0,3,0,0,19,0,19,0,0,0,19
09/27/2020,HGR,MD,AEA,EN,Federal Contract Tower,0,1,13,0,14,0,2,29,2,33,0,3,42,2,47,18,10,28,75
09/28/2020,HGR,MD,AEA,EN,Federal Contract Tower,2,4,10,2,18,0,3,21,5,29,2,7,31,7,47,0,0,0,47
09/29/2020,HGR,MD,AEA,EN,Federal Contract Tower,0,3,7,11,21,0,1,21,5,27,0,4,28,16,48,18,0,18,66
09/30/2020,HGR,MD,AEA,EN,Federal Contract Tower,0,1,14,2,17,0,4,59,13,76,0,5,73,15,93,70,0,70,163
10/01/2020,HGR,MD,AEA,EN,Federal Contract Tower,0,2,14,1,17,0,6,76,28,110,0,8,90,29,127,8,0,8,135
10/02/2020,HGR,MD,AEA,EN,Federal Contract Tower,2,2,6,7,17,0,12,43,8,63,2,14,49,15,80,18,0,18,98
10/03/2020,HGR,MD,AEA,EN,Federal Contract Tower,0,0,14,0,14,0,3,66,3,72,0,3,80,3,86,64,0,64,150
10/04/2020,HGR,MD,AEA,EN,Federal Contract Tower,0,0,2,0,2,0,1,86,0,87,0,1,88,0,89,50,0,50,139
10/05/2020,HGR,MD,AEA,EN,Federal Contract Tower,2,1,15,0,18,0,5,38,6,49,2,6,53,6,67,10,0,10,77
10/06/2020,HGR,MD,AEA,EN,Federal Contract Tower,0,7,11,1,19,0,5,59,10,74,0,12,70,11,93,28,0,28,121
10/07/2020,HGR,MD,AEA,EN,Federal Contract Tower,0,0,8,1,9,0,5,25,11,41,0,5,33,12,50,10,0,10,60
10/08/2020,HGR,MD,AEA,EN,Federal Contract Tower,0,0,12,2,14,0,4,48,19,71,0,4,60,21,85,50,0,50,135
10/09/2020,HGR,MD,AEA,EN,Federal Contract Tower,2,0,8,1,11,0,1,56,11,68,2,1,64,12,79,32,0,32,111
10/10/2020,HGR,MD,AEA,EN,Federal Contract Tower,0,0,20,0,20,0,4,75,4,83,0,4,95,4,103,72,0,72,175
10/11/2020,HGR,MD,AEA,EN,Federal Contract Tower,0,2,9,0,11,0,1,16,0,17,0,3,25,0,28,50,0,50,78
10/12/2020,HGR,MD,AEA,EN,Federal Contract Tower,2,0,16,5,23,0,0,1,1,2,2,0,17,6,25,0,0,0,25
10/13/2020,HGR,MD,AEA,EN,Federal Contract Tower,0,2,9,20,31,0,2,19,34,55,0,4,28,54,86,12,26,38,124
10/14/2020,HGR,MD,AEA,EN,Federal Contract Tower,0,0,5,3,8,0,7,79,40,126,0,7,84,43,134,94,0,94,228
10/15/2020,HGR,MD,AEA,EN,Federal Contract Tower,0,0,2,3,5,0,1,27,30,58,0,1,29,33,63,0,0,0,63
10/16/2020,HGR,MD,AEA,EN,Federal Contract Tower,2,0,4,6,12,0,4,10,2,16,2,4,14,8,28,6,0,6,34
10/17/2020,HGR,MD,AEA,EN,Federal Contract Tower,0,0,8,0,8,0,5,70,4,79,0,5,78,4,87,32,0,32,119
10/18/2020,HGR,MD,AEA,EN,Federal Contract Tower,0,0,7,0,7,0,2,60,6,68,0,2,67,6,75,28,0,28,103
10/19/2020,HGR,MD,AEA,EN,Federal Contract Tower,2,0,16,5,23,0,2,9,0,11,2,2,25,5,34,0,0,0,34
10/20/2020,HGR,MD,AEA,EN,Federal Contract Tower,0,0,6,8,14,0,1,75,17,93,0,1,81,25,107,78,0,78,185
10/21/2020,HGR,MD,AEA,EN,Federal Contract Tower,0,1,17,4,22,0,2,51,14,67,0,3,68,18,89,18,0,18,107
10/22/2020,HGR,MD,AEA,EN,Federal Contract Tower,0,0,7,5,12,0,1,50,23,74,0,1,57,28,86,10,0,10,96
10/23/2020,HGR,MD,AEA,EN,Federal Contract Tower,2,1,15,5,23,0,1,56,5,62,2,2,71,10,85,14,0,14,99
10/24/2020,HGR,MD,AEA,EN,Federal Contract Tower,0,0,9,0,9,0,2,36,0,38,0,2,45,0,47,4,0,4,51
10/25/2020,HGR,MD,AEA,EN,Federal Contract Tower,0,0,11,0,11,0,0,3,0,3,0,0,14,0,14,0,0,0,14
10/26/2020,HGR,MD,AEA,EN,Federal Contract Tower,2,1,19,11,33,0,0,14,7,21,2,1,33,18,54,12,0,12,66
10/27/2020,HGR,MD,AEA,EN,Federal Contract Tower,0,4,8,11,23,0,10,40,24,74,0,14,48,35,97,38,0,38,135
10/28/2020,HGR,MD,AEA,EN,Federal Contract Tower,0,3,16,31,50,0,5,31,8,44,0,8,47,39,94,48,0,48,142
10/29/2020,HGR,MD,AEA,EN,Federal Contract Tower,0,2,1,6,9,0,0,0,0,0,0,2,1,6,9,0,0,0,9
10/30/2020,HGR,MD,AEA,EN,Federal Contract Tower,2,1,11,16,30,0,2,13,7,22,2,3,24,23,52,14,0,14,66
10/31/2020,HGR,MD,AEA,EN,Federal Contract Tower,0,0,10,1,11,0,1,76,3,80,0,1,86,4,91,56,0,56,147
11/01/2020,HGR,MD,AEA,EN,Federal Contract Tower,0,0,9,0,9,0,0,9,0,9,0,0,18,0,18,0,0,0,18
11/02/2020,HGR,MD,AEA,EN,Federal Contract Tower,2,0,7,10,19,0,4,2,14,20,2,4,9,24,39,8,0,8,47
11/03/2020,HGR,MD,AEA,EN,Federal Contract Tower,0,0,3,8,11,0,8,16,20,44,0,8,19,28,55,16,0,16,71
11/04/2020,HGR,MD,AEA,EN,Federal Contract Tower,0,2,7,16,25,0,7,57,36,100,0,9,64,52,125,14,4,18,143
11/05/2020,HGR,MD,AEA,EN,Federal Contract Tower,0,1,9,3,13,0,9,82,6,97,0,10,91,9,110,66,0,66,176
11/06/2020,HGR,MD,AEA,EN,Federal Contract Tower,2,0,13,8,23,0,3,83,12,98,2,3,96,20,121,44,0,44,165
11/07/2020,HGR,MD,AEA,EN,Federal Contract Tower,0,2,6,0,8,0,5,93,3,101,0,7,99,3,109,76,0,76,185
11/08/2020,HGR,MD,AEA,EN,Federal Contract Tower,0,0,9,0,9,0,2,86,1,89,0,2,95,1,98,64,8,72,170
11/09/2020,HGR,MD,AEA,EN,Federal Contract Tower,2,4,6,6,18,0,5,56,7,68,2,9,62,13,86,38,0,38,124
11/10/2020,HGR,MD,AEA,EN,Federal Contract Tower,0,3,9,4,16,0,13,78,24,115,0,16,87,28,131,46,0,46,177
11/11/2020,HGR,MD,AEA,EN,Federal Contract Tower,0,1,13,0,14,0,1,0,0,1,0,2,13,0,15,0,0,0,15
11/12/2020,HGR,MD,AEA,EN,Federal Contract Tower,0,1,16,7,24,0,1,18,10,29,0,2,34,17,53,30,8,38,91
11/13/2020,HGR,MD,AEA,EN,Federal Contract Tower,2,2,24,0,28,0,3,44,12,59,2,5,68,12,87,24,0,24,111
11/14/2020,HGR,MD,AEA,EN,Federal Contract Tower,0,9,11,1,21,0,5,114,0,119,0,14,125,1,140,64,0,64,204
11/15/2020,HGR,MD,AEA,EN,Federal Contract Tower,0,0,3,0,3,0,0,0,0,0,0,0,3,0,3,0,0,0,3
11/16/2020,HGR,MD,AEA,EN,Federal Contract Tower,2,2,9,1,14,0,11,38,8,57,2,13,47,9,71,36,2,38,109
11/17/2020,HGR,MD,AEA,EN,Federal Contract Tower,0,1,5,9,15,0,8,7,24,39,0,9,12,33,54,0,0,0,54
11/18/2020,HGR,MD,AEA,EN,Federal Contract Tower,0,2,12,7,21,0,6,49,10,65,0,8,61,17,86,60,0,60,146
11/19/2020,HGR,MD,AEA,EN,Federal Contract Tower,0,0,7,8,15,0,5,29,14,48,0,5,36,22,63,12,22,34,97
11/20/2020,HGR,MD,AEA,EN,Federal Contract Tower,2,0,9,0,11,0,2,62,4,68,2,2,71,4,79,56,12,68,147
11/21/2020,HGR,MD,AEA,EN,Federal Contract Tower,2,0,3,0,5,0,2,40,0,42,2,2,43,0,47,46,0,46,93
11/22/2020,HGR,MD,AEA,EN,Federal Contract Tower,0,0,12,0,12,0,2,28,1,31,0,2,40,1,43,18,0,18,61
11/23/2020,HGR,MD,AEA,EN,Federal Contract Tower,0,0,7,8,15,0,11,0,3,14,0,11,7,11,29,0,0,0,29
11/24/2020,HGR,MD,AEA,EN,Federal Contract Tower,2,0,12,1,15,0,8,72,24,104,2,8,84,25,119,86,0,86,205
11/25/2020,HGR,MD,AEA,EN,Federal Contract Tower,0,0,5,1,6,0,8,35,0,43,0,8,40,1,49,48,0,48,97
11/26/2020,HGR,MD,AEA,EN,Federal Contract Tower,0,0,1,0,1,0,0,7,1,8,0,0,8,1,9,0,0,0,9
11/27/2020,HGR,MD,AEA,EN,Federal Contract Tower,0,1,8,0,9,0,5,24,0,29,0,6,32,0,38,10,0,10,48
11/28/2020,HGR,MD,AEA,EN,Federal Contract Tower,2,0,10,0,12,0,6,22,0,28,2,6,32,0,40,0,0,0,40
11/29/2020,HGR,MD,AEA,EN,Federal Contract Tower,2,2,10,2,16,0,7,51,3,61,2,9,61,5,77,40,0,40,117
11/30/2020,HGR,MD,AEA,EN,Federal Contract Tower,0,0,3,1,4,0,0,0,0,0,0,0,3,1,4,0,0,0,4
12/01/2020,HGR,MD,AEA,EN,Federal Contract Tower,0,0,2,7,9,0,4,0,0,4,0,4,2,7,13,0,0,0,13
12/02/2020,HGR,MD,AEA,EN,Federal Contract Tower,0,0,1,1,2,0,4,27,25,56,0,4,28,26,58,6,6,12,70
12/03/2020,HGR,MD,AEA,EN,Federal Contract Tower,0,0,5,1,6,0,0,63,17,80,0,0,68,18,86,44,0,44,130
12/04/2020,HGR,MD,AEA,EN,Federal Contract Tower,2,2,4,3,11,0,2,13,5,20,2,4,17,8,31,48,0,48,79
12/05/2020,HGR,MD,AEA,EN,Federal Contract Tower,0,1,6,0,7,0,0,10,0,10,0,1,16,0,17,0,0,0,17
12/06/2020,HGR,MD,AEA,EN,Federal Contract Tower,0,1,8,0,9,0,0,0,0,0,0,1,8,0,9,38,0,38,47
12/07/2020,HGR,MD,AEA,EN,Federal Contract Tower,2,1,4,1,8,0,11,14,17,42,2,12,18,18,50,0,0,0,50
12/08/2020,HGR,MD,AEA,EN,Federal Contract Tower,0,6,13,15,34,0,7,55,20,82,0,13,68,35,116,66,0,66,182
12/09/2020,HGR,MD,AEA,EN,Federal Contract Tower,0,0,0,13,13,0,6,40,17,63,0,6,40,30,76,72,6,78,154
12/10/2020,HGR,MD,AEA,EN,Federal Contract Tower,0,1,9,3,13,0,2,49,16,67,0,3,58,19,80,68,14,82,162
12/11/2020,HGR,MD,AEA,EN,Federal Contract Tower,2,1,8,1,12,0,8,72,11,91,2,9,80,12,103,30,0,30,133
12/12/2020,HGR,MD,AEA,EN,Federal Contract Tower,0,0,12,0,12,0,0,61,0,61,0,0,73,0,73,110,0,110,183
12/13/2020,HGR,MD,AEA,EN,Federal Contract Tower,0,2,8,0,10,0,6,66,0,72,0,8,74,0,82,70,0,70,152
12/14/2020,HGR,MD,AEA,EN,Federal Contract Tower,2,0,4,0,6,0,2,3,4,9,2,2,7,4,15,0,6,6,21
12/15/2020,HGR,MD,AEA,EN,Federal Contract Tower,0,0,8,4,12,0,5,62,45,112,0,5,70,49,124,88,12,100,224
12/16/2020,HGR,MD,AEA,EN,Federal Contract Tower,0,0,2,0,2,0,0,0,0,0,0,0,2,0,2,0,0,0,2
12/17/2020,HGR,MD,AEA,EN,Federal Contract Tower,0,0,2,12,14,0,6,5,11,22,0,6,7,23,36,0,0,0,36
12/19/2020,HGR,MD,AEA,EN,Federal Contract Tower,2,1,20,3,26,0,2,35,0,37,2,3,55,3,63,34,0,34,97
12/20/2020,HGR,MD,AEA,EN,Federal Contract Tower,2,1,3,0,6,0,0,8,0,8,2,1,11,0,14,14,0,14,28
12/21/2020,HGR,MD,AEA,EN,Federal Contract Tower,2,3,8,0,13,0,4,17,0,21,2,7,25,0,34,14,0,14,48
12/22/2020,HGR,MD,AEA,EN,Federal Contract Tower,0,0,3,2,5,0,7,29,10,46,0,7,32,12,51,0,0,0,51
12/23/2020,HGR,MD,AEA,EN,Federal Contract Tower,2,2,30,3,37,0,12,70,2,84,2,14,100,5,121,54,0,54,175
12/24/2020,HGR,MD,AEA,EN,Federal Contract Tower,2,0,0,0,2,0,0,0,0,0,2,0,0,0,2,0,0,0,2
12/25/2020,HGR,MD,AEA,EN,Federal Contract Tower,0,0,0,0,0,0,4,0,0,4,0,4,0,0,4,0,0,0,4
12/26/2020,HGR,MD,AEA,EN,Federal Contract Tower,0,0,4,0,4,0,2,32,3,37,0,2,36,3,41,34,6,40,81
12/27/2020,HGR,MD,AEA,EN,Federal Contract Tower,2,1,4,0,7,0,8,44,6,58,2,9,48,6,65,36,0,36,101
12/28/2020,HGR,MD,AEA,EN,Federal Contract Tower,2,0,3,0,5,0,1,39,5,45,2,1,42,5,50,22,2,24,74
12/29/2020,HGR,MD,AEA,EN,Federal Contract Tower,0,0,5,4,9,0,1,26,4,31,0,1,31,8,40,24,0,24,64
12/30/2020,HGR,MD,AEA,EN,Federal Contract Tower,2,3,6,3,14,0,12,30,10,52,2,15,36,13,66,14,0,14,80
12/31/2020,HGR,MD,AEA,EN,Federal Contract Tower,2,2,5,0,9,0,1,7,0,8,2,3,12,0,17,0,0,0,17
01/01/2021,HGR,MD,AEA,EN,Federal Contract Tower,0,0,0,0,0,0,3,0,0,3,0,3,0,0,3,0,0,0,3
01/02/2021,HGR,MD,AEA,EN,Federal Contract Tower,0,0,11,0,11,0,2,26,0,28,0,2,37,0,39,38,0,38,77
01/03/2021,HGR,MD,AEA,EN,Federal Contract Tower,2,0,2,0,4,0,0,0,0,0,2,0,2,0,4,0,0,0,4
01/04/2021,HGR,MD,AEA,EN,Federal Contract Tower,0,0,11,4,15,0,6,13,0,19,0,6,24,4,34,8,0,8,42
01/05/2021,HGR,MD,AEA,EN,Federal Contract Tower,2,0,1,2,5,0,0,0,0,0,2,0,1,2,5,0,0,0,5
01/06/2021,HGR,MD,AEA,EN,Federal Contract Tower,0,1,5,1,7,0,0,8,0,8,0,1,13,1,15,12,0,12,27
01/07/2021,HGR,MD,AEA,EN,Federal Contract Tower,0,0,5,1,6,0,2,46,2,50,0,2,51,3,56,8,0,8,64
01/08/2021,HGR,MD,AEA,EN,Federal Contract Tower,2,2,13,0,17,0,4,20,11,35,2,6,33,11,52,14,8,22,74
01/09/2021,HGR,MD,AEA,EN,Federal Contract Tower,0,1,4,0,5,0,0,34,2,36,0,1,38,2,41,10,0,10,51
01/10/2021,HGR,MD,AEA,EN,Federal Contract Tower,0,1,12,0,13,0,0,96,0,96,0,1,108,0,109,48,0,48,157
01/11/2021,HGR,MD,AEA,EN,Federal Contract Tower,2,1,10,2,15,0,3,31,3,37,2,4,41,5,52,30,0,30,82
01/12/2021,HGR,MD,AEA,EN,Federal Contract Tower,0,0,14,4,18,0,6,59,2,67,0,6,73,6,85,42,10,52,137
01/13/2021,HGR,MD,AEA,EN,Federal Contract Tower,0,0,18,7,25,0,6,63,4,73,0,6,81,11,98,78,0,78,176
01/14/2021,HGR,MD,AEA,EN,Federal Contract Tower,0,0,6,2,8,0,0,53,1,54,0,0,59,3,62,28,0,28,90
01/15/2021,HGR,MD,AEA,EN,Federal Contract Tower,2,2,13,2,19,0,5,34,0,39,2,7,47,2,58,8,0,8,66
01/16/2021,HGR,MD,AEA,EN,Federal Contract Tower,0,1,4,0,5,0,2,43,2,47,0,3,47,2,52,42,0,42,94
01/17/2021,HGR,MD,AEA,EN,Federal Contract Tower,0,2,7,0,9,0,1,30,0,31,0,3,37,0,40,32,0,32,72
01/18/2021,HGR,MD,AEA,EN,Federal Contract Tower,2,0,6,0,8,0,7,32,0,39,2,7,38,0,47,34,0,34,81
01/19/2021,HGR,MD,AEA,EN,Federal Contract Tower,0,1,6,4,11,0,3,32,8,43,0,4,38,12,54,68,0,68,122
01/20/2021,HGR,MD,AEA,EN,Federal Contract Tower,0,0,2,3,5,0,1,6,1,8,0,1,8,4,13,0,0,0,13
01/21/2021,HGR,MD,AEA,EN,Federal Contract Tower,0,1,3,6,10,0,3,32,20,55,0,4,35,26,65,0,0,0,65
01/22/2021,HGR,MD,AEA,EN,Federal Contract Tower,2,3,12,1,18,0,4,27,4,35,2,7,39,5,53,16,0,16,69
01/23/2021,HGR,MD,AEA,EN,Federal Contract Tower,0,3,5,0,8,0,6,8,0,14,0,9,13,0,22,0,0,0,22
01/24/2021,HGR,MD,AEA,EN,Federal Contract Tower,0,0,19,0,19,0,2,98,0,100,0,2,117,0,119,94,0,94,213
01/25/2021,HGR,MD,AEA,EN,Federal Contract Tower,2,3,4,6,15,0,2,2,0,4,2,5,6,6,19,0,0,0,19
01/26/2021,HGR,MD,AEA,EN,Federal Contract Tower,0,1,2,0,3,0,0,0,0,0,0,1,2,0,3,0,0,0,3
01/27/2021,HGR,MD,AEA,EN,Federal Contract Tower,0,1,10,8,19,0,6,41,35,82,0,7,51,43,101,4,0,4,105
01/28/2021,HGR,MD,AEA,EN,Federal Contract Tower,0,0,5,2,7,0,0,9,24,33,0,0,14,26,40,0,0,0,40
01/29/2021,HGR,MD,AEA,EN,Federal Contract Tower,2,3,5,6,16,0,5,8,7,20,2,8,13,13,36,0,0,0,36
01/30/2021,HGR,MD,AEA,EN,Federal Contract Tower,0,2,11,2,15,0,1,140,3,144,0,3,151,5,159,100,18,118,277
01/31/2021,HGR,MD,AEA,EN,Federal Contract Tower,0,0,0,0,0,0,0,0,0,0,0,0,0,0,0,0,0,0,0
02/01/2021,HGR,MD,AEA,EN,Federal Contract Tower,2,0,0,0,2,0,0,0,0,0,2,0,0,0,2,0,0,0,2
02/02/2021,HGR,MD,AEA,EN,Federal Contract Tower,0,3,0,2,5,0,8,3,7,18,0,11,3,9,23,0,0,0,23
02/03/2021,HGR,MD,AEA,EN,Federal Contract Tower,0,5,11,0,16,0,8,7,5,20,0,13,18,5,36,0,0,0,36
02/04/2021,HGR,MD,AEA,EN,Federal Contract Tower,0,0,21,2,23,0,5,42,1,48,0,5,63,3,71,32,0,32,103
02/05/2021,HGR,MD,AEA,EN,Federal Contract Tower,2,1,5,0,8,0,7,21,0,28,2,8,26,0,36,2,0,2,38
02/06/2021,HGR,MD,AEA,EN,Federal Contract Tower,0,0,3,0,3,0,3,25,0,28,0,3,28,0,31,12,0,12,43
02/07/2021,HGR,MD,AEA,EN,Federal Contract Tower,0,0,1,0,1,0,0,0,0,0,0,0,1,0,1,0,0,0,1
02/08/2021,HGR,MD,AEA,EN,Federal Contract Tower,2,3,8,5,18,0,4,45,0,49,2,7,53,5,67,34,0,34,101
02/09/2021,HGR,MD,AEA,EN,Federal Contract Tower,0,0,3,3,6,0,10,30,10,50,0,10,33,13,56,32,0,32,88
02/10/2021,HGR,MD,AEA,EN,Federal Contract Tower,0,2,2,2,6,0,11,27,4,42,0,13,29,6,48,46,0,46,94
02/11/2021,HGR,MD,AEA,EN,Federal Contract Tower,0,0,3,1,4,0,0,0,6,6,0,0,3,7,10,0,0,0,10
02/12/2021,HGR,MD,AEA,EN,Federal Contract Tower,2,4,7,3,16,0,6,9,0,15,2,10,16,3,31,38,0,38,69
02/13/2021,HGR,MD,AEA,EN,Federal Contract Tower,0,0,2,0,2,0,0,0,0,0,0,0,2,0,2,0,0,0,2
02/14/2021,HGR,MD,AEA,EN,Federal Contract Tower,0,1,3,0,4,0,0,3,0,3,0,1,6,0,7,0,0,0,7
02/15/2021,HGR,MD,AEA,EN,Federal Contract Tower,2,0,1,2,5,0,0,0,0,0,2,0,1,2,5,0,0,0,5
02/16/2021,HGR,MD,AEA,EN,Federal Contract Tower,0,2,3,4,9,0,4,8,9,21,0,6,11,13,30,0,0,0,30
02/17/2021,HGR,MD,AEA,EN,Federal Contract Tower,0,0,6,3,9,0,14,62,19,95,0,14,68,22,104,32,4,36,140
02/18/2021,HGR,MD,AEA,EN,Federal Contract Tower,0,0,0,0,0,0,0,0,0,0,0,0,0,0,0,0,0,0,0
02/19/2021,HGR,MD,AEA,EN,Federal Contract Tower,2,2,6,0,10,0,3,3,0,6,2,5,9,0,16,0,0,0,16
02/20/2021,HGR,MD,AEA,EN,Federal Contract Tower,0,1,9,0,10,0,10,11,0,21,0,11,20,0,31,10,0,10,41
02/21/2021,HGR,MD,AEA,EN,Federal Contract Tower,0,2,15,0,17,0,6,70,0,76,0,8,85,0,93,30,0,30,123
02/22/2021,HGR,MD,AEA,EN,Federal Contract Tower,2,1,5,7,15,0,2,2,7,11,2,3,7,14,26,10,0,10,36
02/23/2021,HGR,MD,AEA,EN,Federal Contract Tower,0,0,11,11,22,0,6,40,15,61,0,6,51,26,83,86,0,86,169
02/24/2021,HGR,MD,AEA,EN,Federal Contract Tower,0,0,7,0,7,0,15,92,38,145,0,15,99,38,152,102,24,126,278
02/25/2021,HGR,MD,AEA,EN,Federal Contract Tower,0,2,10,1,13,0,3,73,22,98,0,5,83,23,111,26,2,28,139
02/26/2021,HGR,MD,AEA,EN,Federal Contract Tower,2,4,5,3,14,0,3,81,11,95,2,7,86,14,109,58,0,58,167
02/27/2021,HGR,MD,AEA,EN,Federal Contract Tower,0,0,12,0,12,0,0,13,0,13,0,0,25,0,25,10,0,10,35
02/28/2021,HGR,MD,AEA,EN,Federal Contract Tower,0,2,13,0,15,0,0,2,0,2,0,2,15,0,17,0,0,0,17
03/01/2021,HGR,MD,AEA,EN,Federal Contract Tower,2,1,6,1,10,0,0,16,0,16,2,1,22,1,26,2,0,2,28
03/02/2021,HGR,MD,AEA,EN,Federal Contract Tower,0,0,9,7,16,0,2,42,10,54,0,2,51,17,70,38,0,38,108
03/03/2021,HGR,MD,AEA,EN,Federal Contract Tower,0,1,9,0,10,0,6,82,7,95,0,7,91,7,105,100,0,100,205
03/04/2021,HGR,MD,AEA,EN,Federal Contract Tower,0,2,11,3,16,0,2,24,2,28,0,4,35,5,44,2,0,2,46
03/05/2021,HGR,MD,AEA,EN,Federal Contract Tower,2,5,9,0,16,0,6,30,0,36,2,11,39,0,52,0,0,0,52
03/06/2021,HGR,MD,AEA,EN,Federal Contract Tower,0,1,6,0,7,0,1,22,0,23,0,2,28,0,30,24,0,24,54
03/07/2021,HGR,MD,AEA,EN,Federal Contract Tower,0,0,14,0,14,0,0,74,2,76,0,0,88,2,90,56,0,56,146
03/08/2021,HGR,MD,AEA,EN,Federal Contract Tower,2,0,7,2,11,0,4,52,3,59,2,4,59,5,70,38,0,38,108
03/09/2021,HGR,MD,AEA,EN,Federal Contract Tower,0,4,9,0,13,0,15,54,7,76,0,19,63,7,89,78,0,78,167
03/10/2021,HGR,MD,AEA,EN,Federal Contract Tower,0,1,9,0,10,0,12,58,14,84,0,13,67,14,94,86,0,86,180
03/11/2021,HGR,MD,AEA,EN,Federal Contract Tower,0,1,4,2,7,0,3,60,7,70,0,4,64,9,77,26,0,26,103
03/12/2021,HGR,MD,AEA,EN,Federal Contract Tower,2,1,12,0,15,0,3,34,0,37,2,4,46,0,52,22,0,22,74
03/13/2021,HGR,MD,AEA,EN,Federal Contract Tower,0,0,2,0,2,0,3,79,0,82,0,3,81,0,84,92,0,92,176
03/14/2021,HGR,MD,AEA,EN,Federal Contract Tower,0,2,2,0,4,0,2,22,0,24,0,4,24,0,28,4,0,4,32
03/15/2021,HGR,MD,AEA,EN,Federal Contract Tower,2,2,2,2,8,0,16,24,2,42,2,18,26,4,50,20,0,20,70
03/16/2021,HGR,MD,AEA,EN,Federal Contract Tower,0,2,7,5,14,0,3,6,0,9,0,5,13,5,23,0,0,0,23
03/17/2021,HGR,MD,AEA,EN,Federal Contract Tower,0,1,17,5,23,0,5,0,1,6,0,6,17,6,29,0,0,0,29
03/18/2021,HGR,MD,AEA,EN,Federal Contract Tower,0,0,2,5,7,0,0,0,0,0,0,0,2,5,7,0,0,0,7
03/19/2021,HGR,MD,AEA,EN,Federal Contract Tower,2,2,6,3,13,0,11,7,12,30,2,13,13,15,43,10,0,10,53
03/20/2021,HGR,MD,AEA,EN,Federal Contract Tower,0,0,12,0,12,0,0,129,1,130,0,0,141,1,142,44,0,44,186
03/21/2021,HGR,MD,AEA,EN,Federal Contract Tower,0,0,12,3,15,0,2,54,3,59,0,2,66,6,74,4,2,6,80
03/22/2021,HGR,MD,AEA,EN,Federal Contract Tower,2,1,12,7,22,0,9,83,11,103,2,10,95,18,125,32,22,54,179
03/23/2021,HGR,MD,AEA,EN,Federal Contract Tower,0,1,18,8,27,0,10,76,10,96,0,11,94,18,123,134,0,134,257
03/24/2021,HGR,MD,AEA,EN,Federal Contract Tower,0,2,5,6,13,0,0,0,0,0,0,2,5,6,13,0,0,0,13
03/25/2021,HGR,MD,AEA,EN,Federal Contract Tower,0,2,18,8,28,0,0,10,1,11,0,2,28,9,39,0,0,0,39
03/26/2021,HGR,MD,AEA,EN,Federal Contract Tower,2,0,3,0,5,0,1,3,0,4,2,1,6,0,9,0,0,0,9
03/27/2021,HGR,MD,AEA,EN,Federal Contract Tower,0,0,10,0,10,0,2,124,2,128,0,2,134,2,138,102,0,102,240
03/28/2021,HGR,MD,AEA,EN,Federal Contract Tower,0,0,3,0,3,0,0,0,0,0,0,0,3,0,3,0,0,0,3
03/29/2021,HGR,MD,AEA,EN,Federal Contract Tower,2,0,6,1,9,0,1,25,2,28,2,1,31,3,37,20,0,20,57
03/30/2021,HGR,MD,AEA,EN,Federal Contract Tower,0,1,7,2,10,0,3,44,7,54,0,4,51,9,64,4,0,4,68
03/31/2021,HGR,MD,AEA,EN,Federal Contract Tower,0,5,11,10,26,0,2,0,0,2,0,7,11,10,28,0,0,0,28
04/01/2021,HGR,MD,AEA,EN,Federal Contract Tower,0,1,16,1,18,0,2,11,15,28,0,3,27,16,46,8,2,10,56
04/02/2021,HGR,MD,AEA,EN,Federal Contract Tower,2,1,4,0,7,0,3,14,9,26,2,4,18,9,33,0,0,0,33
04/03/2021,HGR,MD,AEA,EN,Federal Contract Tower,0,0,3,0,3,0,0,52,0,52,0,0,55,0,55,32,0,32,87
04/04/2021,HGR,MD,AEA,EN,Federal Contract Tower,0,0,4,0,4,0,0,16,0,16,0,0,20,0,20,0,0,0,20
04/05/2021,HGR,MD,AEA,EN,Federal Contract Tower,2,6,9,0,17,0,5,45,8,58,2,11,54,8,75,16,0,16,91
04/06/2021,HGR,MD,AEA,EN,Federal Contract Tower,0,0,13,2,15,0,6,76,13,95,0,6,89,15,110,70,0,70,180
04/07/2021,HGR,MD,AEA,EN,Federal Contract Tower,0,0,10,4,14,0,9,59,16,84,0,9,69,20,98,22,0,22,120
04/08/2021,HGR,MD,AEA,EN,Federal Contract Tower,0,0,5,0,5,0,4,32,17,53,0,4,37,17,58,10,0,10,68
04/09/2021,HGR,MD,AEA,EN,Federal Contract Tower,2,0,18,2,22,0,0,0,0,0,2,0,18,2,22,0,0,0,22
04/10/2021,HGR,MD,AEA,EN,Federal Contract Tower,0,0,11,0,11,0,0,5,0,5,0,0,16,0,16,4,0,4,20
04/11/2021,HGR,MD,AEA,EN,Federal Contract Tower,0,3,5,2,10,0,0,16,0,16,0,3,21,2,26,64,0,64,90
04/12/2021,HGR,MD,AEA,EN,Federal Contract Tower,0,2,15,9,26,0,0,22,0,22,0,2,37,9,48,42,0,42,90
04/13/2021,HGR,MD,AEA,EN,Federal Contract Tower,2,1,18,8,29,0,5,57,4,66,2,6,75,12,95,60,0,60,155
04/14/2021,HGR,MD,AEA,EN,Federal Contract Tower,0,2,8,8,18,0,0,21,0,21,0,2,29,8,39,40,0,40,79
04/15/2021,HGR,MD,AEA,EN,Federal Contract Tower,0,1,5,14,20,0,0,25,8,33,0,1,30,22,53,2,8,10,63
04/16/2021,HGR,MD,AEA,EN,Federal Contract Tower,2,1,7,2,12,0,3,18,8,29,2,4,25,10,41,0,0,0,41
04/17/2021,HGR,MD,AEA,EN,Federal Contract Tower,0,2,12,0,14,0,1,58,0,59,0,3,70,0,73,34,0,34,107
04/18/2021,HGR,MD,AEA,EN,Federal Contract Tower,0,1,8,0,9,0,2,39,0,41,0,3,47,0,50,38,0,38,88
04/19/2021,HGR,MD,AEA,EN,Federal Contract Tower,2,1,8,2,13,0,1,42,7,50,2,2,50,9,63,52,0,52,115
04/20/2021,HGR,MD,AEA,EN,Federal Contract Tower,0,2,16,5,23,0,2,67,25,94,0,4,83,30,117,64,0,64,181
04/21/2021,HGR,MD,AEA,EN,Federal Contract Tower,0,4,4,4,12,0,3,2,24,29,0,7,6,28,41,0,0,0,41
04/22/2021,HGR,MD,AEA,EN,Federal Contract Tower,0,0,5,9,14,0,0,6,25,31,0,0,11,34,45,0,0,0,45
04/23/2021,HGR,MD,AEA,EN,Federal Contract Tower,2,1,13,1,17,0,5,33,22,60,2,6,46,23,77,8,0,8,85
04/24/2021,HGR,MD,AEA,EN,Federal Contract Tower,0,0,6,0,6,0,2,54,1,57,0,2,60,1,63,28,12,40,103
04/25/2021,HGR,MD,AEA,EN,Federal Contract Tower,0,2,6,0,8,0,2,13,0,15,0,4,19,0,23,20,0,20,43
04/26/2021,HGR,MD,AEA,EN,Federal Contract Tower,2,0,6,0,8,0,13,45,3,61,2,13,51,3,69,46,0,46,115
04/27/2021,HGR,MD,AEA,EN,Federal Contract Tower,0,1,5,4,10,0,5,63,15,83,0,6,68,19,93,72,30,102,195
04/28/2021,HGR,MD,AEA,EN,Federal Contract Tower,0,3,11,0,14,0,4,64,3,71,0,7,75,3,85,42,0,42,127
04/29/2021,HGR,MD,AEA,EN,Federal Contract Tower,0,0,3,4,7,0,2,18,1,21,0,2,21,5,28,0,0,0,28
04/30/2021,HGR,MD,AEA,EN,Federal Contract Tower,2,0,0,0,2,0,3,1,10,14,2,3,1,10,16,0,12,12,28
05/01/2021,HGR,MD,AEA,EN,Federal Contract Tower,0,0,9,2,11,0,8,48,1,57,0,8,57,3,68,42,0,42,110
05/02/2021,HGR,MD,AEA,EN,Federal Contract Tower,0,1,7,0,8,0,4,57,0,61,0,5,64,0,69,66,0,66,135
05/03/2021,HGR,MD,AEA,EN,Federal Contract Tower,2,2,7,4,15,0,0,0,1,1,2,2,7,5,16,0,0,0,16
05/04/2021,HGR,MD,AEA,EN,Federal Contract Tower,0,3,13,7,23,0,4,36,6,46,0,7,49,13,69,16,8,24,93
05/05/2021,HGR,MD,AEA,EN,Federal Contract Tower,0,1,10,8,19,0,2,2,4,8,0,3,12,12,27,0,0,0,27
05/06/2021,HGR,MD,AEA,EN,Federal Contract Tower,0,0,15,5,20,0,5,97,9,111,0,5,112,14,131,42,0,42,173
05/07/2021,HGR,MD,AEA,EN,Federal Contract Tower,2,2,15,2,21,0,6,20,1,27,2,8,35,3,48,0,0,0,48
05/08/2021,HGR,MD,AEA,EN,Federal Contract Tower,0,0,1,0,1,0,0,0,0,0,0,0,1,0,1,0,0,0,1
05/09/2021,HGR,MD,AEA,EN,Federal Contract Tower,0,0,5,0,5,0,0,11,0,11,0,0,16,0,16,6,0,6,22
05/10/2021,HGR,MD,AEA,EN,Federal Contract Tower,2,0,11,7,20,0,7,25,4,36,2,7,36,11,56,12,0,12,68
05/11/2021,HGR,MD,AEA,EN,Federal Contract Tower,0,1,7,2,10,0,3,38,11,52,0,4,45,13,62,50,0,50,112
05/12/2021,HGR,MD,AEA,EN,Federal Contract Tower,0,2,13,4,19,0,4,109,18,131,0,6,122,22,150,162,0,162,312
05/13/2021,HGR,MD,AEA,EN,Federal Contract Tower,0,1,17,0,18,0,3,107,9,119,0,4,124,9,137,90,0,90,227
05/14/2021,HGR,MD,AEA,EN,Federal Contract Tower,2,4,10,9,25,0,20,67,7,94,2,24,77,16,119,84,0,84,203
05/15/2021,HGR,MD,AEA,EN,Federal Contract Tower,0,0,8,0,8,0,4,118,0,122,0,4,126,0,130,66,0,66,196
05/16/2021,HGR,MD,AEA,EN,Federal Contract Tower,0,1,5,0,6,0,8,49,2,59,0,9,54,2,65,76,0,76,141
05/17/2021,HGR,MD,AEA,EN,Federal Contract Tower,2,0,8,3,13,0,3,72,12,87,2,3,80,15,100,74,8,82,182
05/18/2021,HGR,MD,AEA,EN,Federal Contract Tower,0,0,12,0,12,0,8,109,13,130,0,8,121,13,142,128,0,128,270
05/19/2021,HGR,MD,AEA,EN,Federal Contract Tower,0,1,16,0,17,0,8,95,6,109,0,9,111,6,126,122,0,122,248
05/20/2021,HGR,MD,AEA,EN,Federal Contract Tower,0,8,7,0,15,0,6,56,13,75,0,14,63,13,90,26,8,34,124
05/21/2021,HGR,MD,AEA,EN,Federal Contract Tower,2,0,17,2,21,0,4,63,11,78,2,4,80,13,99,30,6,36,135
05/22/2021,HGR,MD,AEA,EN,Federal Contract Tower,0,3,11,2,16,0,1,81,0,82,0,4,92,2,98,32,0,32,130
05/23/2021,HGR,MD,AEA,EN,Federal Contract Tower,0,0,10,0,10,0,3,21,0,24,0,3,31,0,34,18,0,18,52
05/24/2021,HGR,MD,AEA,EN,Federal Contract Tower,2,1,14,11,28,0,2,4,0,6,2,3,18,11,34,0,0,0,34
05/25/2021,HGR,MD,AEA,EN,Federal Contract Tower,0,2,18,17,37,0,7,19,3,29,0,9,37,20,66,8,0,8,74
05/26/2021,HGR,MD,AEA,EN,Federal Contract Tower,0,0,3,3,6,0,1,43,13,57,0,1,46,16,63,44,0,44,107
05/27/2021,HGR,MD,AEA,EN,Federal Contract Tower,0,2,18,2,22,0,6,75,11,92,0,8,93,13,114,30,0,30,144
05/28/2021,HGR,MD,AEA,EN,Federal Contract Tower,4,1,10,2,17,0,1,18,0,19,4,2,28,2,36,0,0,0,36
05/29/2021,HGR,MD,AEA,EN,Federal Contract Tower,0,0,5,0,5,0,0,4,0,4,0,0,9,0,9,2,0,2,11
05/30/2021,HGR,MD,AEA,EN,Federal Contract Tower,0,5,9,0,14,0,3,4,0,7,0,8,13,0,21,14,0,14,35
05/31/2021,HGR,MD,AEA,EN,Federal Contract Tower,4,0,9,0,13,0,4,91,3,98,4,4,100,3,111,58,0,58,169
06/01/2021,HGR,MD,AEA,EN,Federal Contract Tower,0,0,12,10,22,0,2,52,8,62,0,2,64,18,84,64,6,70,154
06/02/2021,HGR,MD,AEA,EN,Federal Contract Tower,0,0,4,5,9,0,1,54,16,71,0,1,58,21,80,42,6,48,128
06/03/2021,HGR,MD,AEA,EN,Federal Contract Tower,2,0,7,7,16,0,0,10,1,11,2,0,17,8,27,6,0,6,33
06/04/2021,HGR,MD,AEA,EN,Federal Contract Tower,4,2,16,2,24,0,4,43,2,49,4,6,59,4,73,14,0,14,87
06/05/2021,HGR,MD,AEA,EN,Federal Contract Tower,0,0,16,2,18,0,3,111,4,118,0,3,127,6,136,74,0,74,210
06/06/2021,HGR,MD,AEA,EN,Federal Contract Tower,2,1,10,0,13,0,3,72,2,77,2,4,82,2,90,58,0,58,148
06/07/2021,HGR,MD,AEA,EN,Federal Contract Tower,4,0,8,0,12,0,4,37,13,54,4,4,45,13,66,44,0,44,110
06/08/2021,HGR,MD,AEA,EN,Federal Contract Tower,0,3,8,12,23,0,3,48,8,59,0,6,56,20,82,58,0,58,140
06/09/2021,HGR,MD,AEA,EN,Federal Contract Tower,1,3,13,6,23,0,2,71,17,90,1,5,84,23,113,82,0,82,195
06/10/2021,HGR,MD,AEA,EN,Federal Contract Tower,2,5,8,4,19,0,1,25,8,34,2,6,33,12,53,26,8,34,87
06/11/2021,HGR,MD,AEA,EN,Federal Contract Tower,4,0,10,4,18,0,0,0,0,0,4,0,10,4,18,0,0,0,18
06/12/2021,HGR,MD,AEA,EN,Federal Contract Tower,0,1,17,2,20,0,1,25,0,26,0,2,42,2,46,10,0,10,56
06/13/2021,HGR,MD,AEA,EN,Federal Contract Tower,2,0,8,0,10,0,1,3,0,4,2,1,11,0,14,0,0,0,14
06/14/2021,HGR,MD,AEA,EN,Federal Contract Tower,4,2,16,2,24,0,2,32,12,46,4,4,48,14,70,24,0,24,94
06/15/2021,HGR,MD,AEA,EN,Federal Contract Tower,0,5,18,9,32,0,8,64,19,91,0,13,82,28,123,48,0,48,171
06/16/2021,HGR,MD,AEA,EN,Federal Contract Tower,2,4,19,3,28,0,10,95,26,131,2,14,114,29,159,66,0,66,225
06/17/2021,HGR,MD,AEA,EN,Federal Contract Tower,2,1,19,3,25,0,2,115,19,136,2,3,134,22,161,42,4,46,207
06/18/2021,HGR,MD,AEA,EN,Federal Contract Tower,4,5,13,1,23,0,5,79,3,87,4,10,92,4,110,76,0,76,186
06/19/2021,HGR,MD,AEA,EN,Federal Contract Tower,0,0,7,0,7,0,2,89,0,91,0,2,96,0,98,70,0,70,168
06/20/2021,HGR,MD,AEA,EN,Federal Contract Tower,2,1,12,1,16,0,5,107,0,112,2,6,119,1,128,14,0,14,142
06/21/2021,HGR,MD,AEA,EN,Federal Contract Tower,4,0,5,1,10,0,0,33,5,38,4,0,38,6,48,34,0,34,82
06/22/2021,HGR,MD,AEA,EN,Federal Contract Tower,0,1,12,12,25,0,4,23,16,43,0,5,35,28,68,0,0,0,68
06/23/2021,HGR,MD,AEA,EN,Federal Contract Tower,2,1,17,3,23,0,4,117,37,158,2,5,134,40,181,88,0,88,269
06/24/2021,HGR,MD,AEA,EN,Federal Contract Tower,2,1,12,2,17,0,2,127,40,169,2,3,139,42,186,48,0,48,234
06/25/2021,HGR,MD,AEA,EN,Federal Contract Tower,4,2,11,4,21,0,4,71,14,89,4,6,82,18,110,30,0,30,140
06/26/2021,HGR,MD,AEA,EN,Federal Contract Tower,0,0,13,0,13,0,4,43,2,49,0,4,56,2,62,38,0,38,100
06/27/2021,HGR,MD,AEA,EN,Federal Contract Tower,2,0,16,0,18,0,2,39,1,42,2,2,55,1,60,20,0,20,80
06/28/2021,HGR,MD,AEA,EN,Federal Contract Tower,4,4,5,0,13,0,6,25,2,33,4,10,30,2,46,6,0,6,52
06/29/2021,HGR,MD,AEA,EN,Federal Contract Tower,0,6,18,0,24,0,11,65,6,82,0,17,83,6,106,34,6,40,146
06/30/2021,HGR,MD,AEA,EN,Federal Contract Tower,2,2,10,5,19,0,9,61,8,78,2,11,71,13,97,80,0,80,177
07/01/2021,HGR,MD,AEA,EN,Federal Contract Tower,2,1,11,0,14,0,0,8,0,8,2,1,19,0,22,14,0,14,36
07/02/2021,HGR,MD,AEA,EN,Federal Contract Tower,4,6,16,6,32,0,12,44,10,66,4,18,60,16,98,14,0,14,112
07/03/2021,HGR,MD,AEA,EN,Federal Contract Tower,0,2,14,0,16,0,6,16,50,72,0,8,30,50,88,28,60,88,176
07/04/2021,HGR,MD,AEA,EN,Federal Contract Tower,2,1,1,0,4,0,0,53,69,122,2,1,54,69,126,48,118,166,292
07/05/2021,HGR,MD,AEA,EN,Federal Contract Tower,4,0,6,0,10,0,10,32,44,86,4,10,38,44,96,16,162,178,274
07/06/2021,HGR,MD,AEA,EN,Federal Contract Tower,0,2,12,3,17,0,4,48,60,112,0,6,60,63,129,52,276,328,457
07/07/2021,HGR,MD,AEA,EN,Federal Contract Tower,2,0,12,2,16,0,5,42,41,88,2,5,54,43,104,16,260,276,380
07/08/2021,HGR,MD,AEA,EN,Federal Contract Tower,2,2,7,5,16,0,3,21,40,64,2,5,28,45,80,0,212,212,292
07/09/2021,HGR,MD,AEA,EN,Federal Contract Tower,4,4,14,5,27,0,6,47,27,80,4,10,61,32,107,0,164,164,271
07/10/2021,HGR,MD,AEA,EN,Federal Contract Tower,0,1,14,0,15,0,0,116,28,144,0,1,130,28,159,42,80,122,281
07/11/2021,HGR,MD,AEA,EN,Federal Contract Tower,2,0,11,2,15,0,0,4,2,6,2,0,15,4,21,28,0,28,49
07/12/2021,HGR,MD,AEA,EN,Federal Contract Tower,4,0,14,1,19,0,5,37,3,45,4,5,51,4,64,36,0,36,100
07/13/2021,HGR,MD,AEA,EN,Federal Contract Tower,0,3,12,8,23,0,4,37,20,61,0,7,49,28,84,58,2,60,144
07/14/2021,HGR,MD,AEA,EN,Federal Contract Tower,2,0,13,3,18,0,10,61,7,78,2,10,74,10,96,86,0,86,182
07/15/2021,HGR,MD,AEA,EN,Federal Contract Tower,2,0,14,1,17,0,2,59,14,75,2,2,73,15,92,40,0,40,132
07/16/2021,HGR,MD,AEA,EN,Federal Contract Tower,4,4,10,0,18,0,10,66,4,80,4,14,76,4,98,32,0,32,130
07/17/2021,HGR,MD,AEA,EN,Federal Contract Tower,0,0,3,0,3,0,0,41,0,41,0,0,44,0,44,0,0,0,44
07/18/2021,HGR,MD,AEA,EN,Federal Contract Tower,2,2,11,2,17,0,1,19,0,20,2,3,30,2,37,0,0,0,37
07/19/2021,HGR,MD,AEA,EN,Federal Contract Tower,4,1,12,1,18,0,2,44,7,53,4,3,56,8,71,24,0,24,95
07/20/2021,HGR,MD,AEA,EN,Federal Contract Tower,0,2,19,8,29,0,5,87,13,105,0,7,106,21,134,114,0,114,248
07/21/2021,HGR,MD,AEA,EN,Federal Contract Tower,2,4,7,1,14,0,4,41,7,52,2,8,48,8,66,66,0,66,132
07/22/2021,HGR,MD,AEA,EN,Federal Contract Tower,0,1,10,5,16,0,5,84,11,100,0,6,94,16,116,90,4,94,210
07/23/2021,HGR,MD,AEA,EN,Federal Contract Tower,4,2,7,3,16,0,4,58,6,68,4,6,65,9,84,52,0,52,136
07/24/2021,HGR,MD,AEA,EN,Federal Contract Tower,0,3,16,0,19,0,4,74,0,78,0,7,90,0,97,36,0,36,133
07/25/2021,HGR,MD,AEA,EN,Federal Contract Tower,0,5,6,0,11,0,5,35,2,42,0,10,41,2,53,0,0,0,53
07/26/2021,HGR,MD,AEA,EN,Federal Contract Tower,4,4,8,3,19,0,8,31,3,42,4,12,39,6,61,0,0,0,61
07/27/2021,HGR,MD,AEA,EN,Federal Contract Tower,0,3,8,2,13,0,12,67,16,95,0,15,75,18,108,40,0,40,148
07/28/2021,HGR,MD,AEA,EN,Federal Contract Tower,2,1,18,0,21,0,8,50,20,78,2,9,68,20,99,84,0,84,183
07/29/2021,HGR,MD,AEA,EN,Federal Contract Tower,0,0,10,1,11,0,2,25,12,39,0,2,35,13,50,0,0,0,50
07/30/2021,HGR,MD,AEA,EN,Federal Contract Tower,4,0,7,0,11,0,9,18,4,31,4,9,25,4,42,0,0,0,42
07/31/2021,HGR,MD,AEA,EN,Federal Contract Tower,0,0,8,0,8,0,4,43,0,47,0,4,51,0,55,26,0,26,81
08/01/2021,HGR,MD,AEA,EN,Federal Contract Tower,2,0,6,0,8,0,4,14,0,18,2,4,20,0,26,22,0,22,48
08/02/2021,HGR,MD,AEA,EN,Federal Contract Tower,4,0,15,3,22,0,11,46,19,76,4,11,61,22,98,28,0,28,126
08/03/2021,HGR,MD,AEA,EN,Federal Contract Tower,0,4,18,3,25,0,11,79,6,96,0,15,97,9,121,24,0,24,145
08/04/2021,HGR,MD,AEA,EN,Federal Contract Tower,2,2,9,4,17,0,2,71,6,79,2,4,80,10,96,78,8,86,182
08/05/2021,HGR,MD,AEA,EN,Federal Contract Tower,2,0,11,8,21,0,12,64,10,86,2,12,75,18,107,42,0,42,149
08/06/2021,HGR,MD,AEA,EN,Federal Contract Tower,4,0,12,4,20,0,2,48,2,52,4,2,60,6,72,14,0,14,86
08/07/2021,HGR,MD,AEA,EN,Federal Contract Tower,0,3,12,0,15,0,0,49,2,51,0,3,61,2,66,38,2,40,106
08/08/2021,HGR,MD,AEA,EN,Federal Contract Tower,2,0,15,0,17,0,5,50,0,55,2,5,65,0,72,30,0,30,102
08/09/2021,HGR,MD,AEA,EN,Federal Contract Tower,4,3,18,0,25,0,1,52,8,61,4,4,70,8,86,52,0,52,138
08/10/2021,HGR,MD,AEA,EN,Federal Contract Tower,0,0,7,1,8,0,5,47,18,70,0,5,54,19,78,16,0,16,94
08/11/2021,HGR,MD,AEA,EN,Federal Contract Tower,4,2,5,0,11,0,5,16,11,32,4,7,21,11,43,0,0,0,43
08/12/2021,HGR,MD,AEA,EN,Federal Contract Tower,2,3,14,3,22,0,5,45,8,58,2,8,59,11,80,4,0,4,84
08/13/2021,HGR,MD,AEA,EN,Federal Contract Tower,4,0,4,0,8,0,8,31,13,52,4,8,35,13,60,12,0,12,72
08/14/2021,HGR,MD,AEA,EN,Federal Contract Tower,0,1,10,2,13,0,2,73,3,78,0,3,83,5,91,2,0,2,93
08/15/2021,HGR,MD,AEA,EN,Federal Contract Tower,2,4,12,0,18,0,5,37,2,44,2,9,49,2,62,36,2,38,100
08/16/2021,HGR,MD,AEA,EN,Federal Contract Tower,4,1,9,3,17,0,3,1,0,4,4,4,10,3,21,0,0,0,21
08/17/2021,HGR,MD,AEA,EN,Federal Contract Tower,0,0,15,17,32,0,14,19,5,38,0,14,34,22,70,12,0,12,82
08/18/2021,HGR,MD,AEA,EN,Federal Contract Tower,0,4,9,18,31,0,2,3,0,5,0,6,12,18,36,0,0,0,36
08/19/2021,HGR,MD,AEA,EN,Federal Contract Tower,0,4,13,8,25,0,7,88,31,126,0,11,101,39,151,108,0,108,259
08/20/2021,HGR,MD,AEA,EN,Federal Contract Tower,4,3,16,4,27,0,5,15,2,22,4,8,31,6,49,0,0,0,49
08/21/2021,HGR,MD,AEA,EN,Federal Contract Tower,0,0,3,0,3,0,2,24,0,26,0,2,27,0,29,50,0,50,79
08/22/2021,HGR,MD,AEA,EN,Federal Contract Tower,0,1,15,0,16,0,2,51,0,53,0,3,66,0,69,62,0,62,131
08/23/2021,HGR,MD,AEA,EN,Federal Contract Tower,4,1,17,0,22,0,0,62,7,69,4,1,79,7,91,50,0,50,141
08/24/2021,HGR,MD,AEA,EN,Federal Contract Tower,0,1,10,4,15,0,4,60,17,81,0,5,70,21,96,70,0,70,166
08/25/2021,HGR,MD,AEA,EN,Federal Contract Tower,0,1,9,1,11,0,8,78,7,93,0,9,87,8,104,72,6,78,182
08/26/2021,HGR,MD,AEA,EN,Federal Contract Tower,0,0,9,1,10,0,5,46,7,58,0,5,55,8,68,38,0,38,106
08/27/2021,HGR,MD,AEA,EN,Federal Contract Tower,4,1,9,0,14,0,3,55,0,58,4,4,64,0,72,104,8,112,184
08/28/2021,HGR,MD,AEA,EN,Federal Contract Tower,0,0,13,0,13,0,0,37,0,37,0,0,50,0,50,38,0,38,88
08/29/2021,HGR,MD,AEA,EN,Federal Contract Tower,0,0,12,1,13,0,0,7,0,7,0,0,19,1,20,6,0,6,26
08/30/2021,HGR,MD,AEA,EN,Federal Contract Tower,4,0,11,0,15,0,4,37,4,45,4,4,48,4,60,22,0,22,82
08/31/2021,HGR,MD,AEA,EN,Federal Contract Tower,0,0,15,10,25,0,11,17,14,42,0,11,32,24,67,10,0,10,77
09/01/2021,HGR,MD,AEA,EN,Federal Contract Tower,0,2,4,0,6,0,0,0,0,0,0,2,4,0,6,0,0,0,6
09/02/2021,HGR,MD,AEA,EN,Federal Contract Tower,0,0,7,1,8,0,5,50,11,66,0,5,57,12,74,20,0,20,94
09/03/2021,HGR,MD,AEA,EN,Federal Contract Tower,4,0,10,0,14,0,7,67,7,81,4,7,77,7,95,32,0,32,127
09/04/2021,HGR,MD,AEA,EN,Federal Contract Tower,0,0,5,0,5,0,2,87,6,95,0,2,92,6,100,50,0,50,150
09/05/2021,HGR,MD,AEA,EN,Federal Contract Tower,0,0,9,0,9,0,1,3,0,4,0,1,12,0,13,0,0,0,13
09/06/2021,HGR,MD,AEA,EN,Federal Contract Tower,4,0,15,0,19,0,0,53,0,53,4,0,68,0,72,12,0,12,84
09/07/2021,HGR,MD,AEA,EN,Federal Contract Tower,0,0,8,1,9,0,6,74,7,87,0,6,82,8,96,70,0,70,166
09/08/2021,HGR,MD,AEA,EN,Federal Contract Tower,0,3,13,0,16,0,4,31,1,36,0,7,44,1,52,30,0,30,82
09/09/2021,HGR,MD,AEA,EN,Federal Contract Tower,0,6,15,0,21,0,2,28,7,37,0,8,43,7,58,8,0,8,66
09/10/2021,HGR,MD,AEA,EN,Federal Contract Tower,2,4,10,8,24,0,2,58,8,68,2,6,68,16,92,24,4,28,120
09/11/2021,HGR,MD,AEA,EN,Federal Contract Tower,0,0,18,3,21,0,0,286,2,288,0,0,304,5,309,6,0,6,315
09/12/2021,HGR,MD,AEA,EN,Federal Contract Tower,0,0,9,0,9,0,0,62,2,64,0,0,71,2,73,72,0,72,145
09/13/2021,HGR,MD,AEA,EN,Federal Contract Tower,2,0,14,0,16,0,1,31,4,36,2,1,45,4,52,22,0,22,74
09/14/2021,HGR,MD,AEA,EN,Federal Contract Tower,0,1,10,3,14,0,3,40,8,51,0,4,50,11,65,42,0,42,107
09/15/2021,HGR,MD,AEA,EN,Federal Contract Tower,0,0,6,5,11,0,1,21,6,28,0,1,27,11,39,10,0,10,49
09/16/2021,HGR,MD,AEA,EN,Federal Contract Tower,0,1,17,4,22,0,1,11,2,14,0,2,28,6,36,0,0,0,36
09/17/2021,HGR,MD,AEA,EN,Federal Contract Tower,2,2,26,6,36,0,1,14,0,15,2,3,40,6,51,14,0,14,65
09/18/2021,HGR,MD,AEA,EN,Federal Contract Tower,0,1,6,0,7,0,4,33,4,41,0,5,39,4,48,20,0,20,68
09/19/2021,HGR,MD,AEA,EN,Federal Contract Tower,0,0,20,2,22,0,1,71,0,72,0,1,91,2,94,40,0,40,134
09/20/2021,HGR,MD,AEA,EN,Federal Contract Tower,2,5,8,1,16,0,10,26,12,48,2,15,34,13,64,22,0,22,86
09/21/2021,HGR,MD,AEA,EN,Federal Contract Tower,0,5,23,2,30,0,4,25,9,38,0,9,48,11,68,2,0,2,70
09/22/2021,HGR,MD,AEA,EN,Federal Contract Tower,0,3,10,4,17,0,0,0,0,0,0,3,10,4,17,0,0,0,17
09/23/2021,HGR,MD,AEA,EN,Federal Contract Tower,0,4,15,0,19,0,8,30,18,56,0,12,45,18,75,6,0,6,81
09/24/2021,HGR,MD,AEA,EN,Federal Contract Tower,2,2,13,1,18,0,5,104,6,115,2,7,117,7,133,88,0,88,221
09/25/2021,HGR,MD,AEA,EN,Federal Contract Tower,0,0,3,0,3,0,1,79,0,80,0,1,82,0,83,70,0,70,153
09/26/2021,HGR,MD,AEA,EN,Federal Contract Tower,0,0,6,2,8,0,2,60,2,64,0,2,66,4,72,44,0,44,116
09/27/2021,HGR,MD,AEA,EN,Federal Contract Tower,2,2,11,2,17,0,7,53,9,69,2,9,64,11,86,24,0,24,110
09/28/2021,HGR,MD,AEA,EN,Federal Contract Tower,0,4,9,1,14,0,9,34,9,52,0,13,43,10,66,78,0,78,144
09/29/2021,HGR,MD,AEA,EN,Federal Contract Tower,0,7,19,2,28,0,9,78,17,104,0,16,97,19,132,72,0,72,204
09/30/2021,HGR,MD,AEA,EN,Federal Contract Tower,0,1,10,6,17,0,3,81,13,97,0,4,91,19,114,50,6,56,170
10/01/2021,HGR,MD,AEA,EN,Federal Contract Tower,2,0,6,1,9,0,9,98,8,115,2,9,104,9,124,78,0,78,202
10/02/2021,HGR,MD,AEA,EN,Federal Contract Tower,0,0,11,4,15,0,5,145,0,150,0,5,156,4,165,40,0,40,205
10/03/2021,HGR,MD,AEA,EN,Federal Contract Tower,0,0,19,2,21,0,6,106,0,112,0,6,125,2,133,126,0,126,259
10/04/2021,HGR,MD,AEA,EN,Federal Contract Tower,2,0,17,1,20,0,2,37,0,39,2,2,54,1,59,36,0,36,95
10/05/2021,HGR,MD,AEA,EN,Federal Contract Tower,0,1,13,6,20,0,7,3,3,13,0,8,16,9,33,0,0,0,33
10/06/2021,HGR,MD,AEA,EN,Federal Contract Tower,0,2,9,5,16,0,3,0,0,3,0,5,9,5,19,0,0,0,19
10/07/2021,HGR,MD,AEA,EN,Federal Contract Tower,0,3,19,1,23,0,4,23,1,28,0,7,42,2,51,20,0,20,71
10/08/2021,HGR,MD,AEA,EN,Federal Contract Tower,2,3,13,0,18,0,1,36,2,39,2,4,49,2,57,38,0,38,95
10/09/2021,HGR,MD,AEA,EN,Federal Contract Tower,0,1,20,0,21,0,0,143,0,143,0,1,163,0,164,52,0,52,216
10/10/2021,HGR,MD,AEA,EN,Federal Contract Tower,0,1,9,0,10,0,0,0,0,0,0,1,9,0,10,0,0,0,10
10/11/2021,HGR,MD,AEA,EN,Federal Contract Tower,2,1,18,5,26,0,3,3,0,6,2,4,21,5,32,6,0,6,38
10/12/2021,HGR,MD,AEA,EN,Federal Contract Tower,0,4,20,12,36,0,0,0,0,0,0,4,20,12,36,0,0,0,36
10/13/2021,HGR,MD,AEA,EN,Federal Contract Tower,0,2,15,5,22,0,5,15,10,30,0,7,30,15,52,40,0,40,92
10/14/2021,HGR,MD,AEA,EN,Federal Contract Tower,0,2,17,4,23,0,3,48,20,71,0,5,65,24,94,44,2,46,140
10/15/2021,HGR,MD,AEA,EN,Federal Contract Tower,2,0,9,3,14,0,9,85,21,115,2,9,94,24,129,106,0,106,235
10/16/2021,HGR,MD,AEA,EN,Federal Contract Tower,0,0,6,0,6,0,1,1,1,3,0,1,7,1,9,0,0,0,9
10/17/2021,HGR,MD,AEA,EN,Federal Contract Tower,0,1,9,0,10,0,4,39,0,43,0,5,48,0,53,38,0,38,91
10/18/2021,HGR,MD,AEA,EN,Federal Contract Tower,2,0,6,6,14,0,3,41,11,55,2,3,47,17,69,46,0,46,115
10/19/2021,HGR,MD,AEA,EN,Federal Contract Tower,0,0,10,1,11,0,18,97,12,127,0,18,107,13,138,96,0,96,234
10/20/2021,HGR,MD,AEA,EN,Federal Contract Tower,0,2,7,4,13,0,11,88,21,120,0,13,95,25,133,94,0,94,227
10/21/2021,HGR,MD,AEA,EN,Federal Contract Tower,0,0,12,3,15,0,3,92,17,112,0,3,104,20,127,64,0,64,191
10/22/2021,HGR,MD,AEA,EN,Federal Contract Tower,2,0,22,3,27,0,5,75,16,96,2,5,97,19,123,90,0,90,213
10/25/2021,HGR,MD,AEA,EN,Federal Contract Tower,2,2,9,4,17,0,8,25,10,43,2,10,34,14,60,24,10,34,94
10/26/2021,HGR,MD,AEA,EN,Federal Contract Tower,0,0,11,3,14,0,1,1,8,10,0,1,12,11,24,0,0,0,24
10/27/2021,HGR,MD,AEA,EN,Federal Contract Tower,0,0,9,2,11,0,9,35,10,54,0,9,44,12,65,38,8,46,111
10/28/2021,HGR,MD,AEA,EN,Federal Contract Tower,0,2,18,3,23,0,1,41,6,48,0,3,59,9,71,24,0,24,95
10/29/2021,HGR,MD,AEA,EN,Federal Contract Tower,2,1,2,1,6,0,1,0,0,1,2,2,2,1,7,0,0,0,7
10/30/2021,HGR,MD,AEA,EN,Federal Contract Tower,0,1,8,0,9,0,0,1,0,1,0,1,9,0,10,0,0,0,10
10/31/2021,HGR,MD,AEA,EN,Federal Contract Tower,0,1,13,0,14,0,0,5,0,5,0,1,18,0,19,10,0,10,29
11/01/2021,HGR,MD,AEA,EN,Federal Contract Tower,2,2,12,4,20,0,4,42,2,48,2,6,54,6,68,12,8,20,88
11/02/2021,HGR,MD,AEA,EN,Federal Contract Tower,0,0,4,6,10,0,6,28,11,45,0,6,32,17,55,8,0,8,63
11/03/2021,HGR,MD,AEA,EN,Federal Contract Tower,0,2,10,5,17,0,4,91,22,117,0,6,101,27,134,62,0,62,196
11/04/2021,HGR,MD,AEA,EN,Federal Contract Tower,0,2,8,5,15,0,4,62,20,86,0,6,70,25,101,56,0,56,157
11/05/2021,HGR,MD,AEA,EN,Federal Contract Tower,2,1,8,2,13,0,6,81,18,105,2,7,89,20,118,64,0,64,182
11/06/2021,HGR,MD,AEA,EN,Federal Contract Tower,0,1,7,0,8,0,2,69,8,79,0,3,76,8,87,32,0,32,119
11/07/2021,HGR,MD,AEA,EN,Federal Contract Tower,0,5,6,0,11,0,0,76,2,78,0,5,82,2,89,46,0,46,135
11/08/2021,HGR,MD,AEA,EN,Federal Contract Tower,2,1,13,2,18,0,5,56,6,67,2,6,69,8,85,48,0,48,133
11/09/2021,HGR,MD,AEA,EN,Federal Contract Tower,0,1,8,5,14,0,7,50,18,75,0,8,58,23,89,74,0,74,163
11/10/2021,HGR,MD,AEA,EN,Federal Contract Tower,1,4,24,4,33,0,6,104,36,146,1,10,128,40,179,146,0,146,325
11/11/2021,HGR,MD,AEA,EN,Federal Contract Tower,0,8,10,1,19,0,6,61,24,91,0,14,71,25,110,24,38,62,172
11/12/2021,HGR,MD,AEA,EN,Federal Contract Tower,2,3,2,0,7,0,4,16,0,20,2,7,18,0,27,22,0,22,49
11/13/2021,HGR,MD,AEA,EN,Federal Contract Tower,0,0,10,0,10,0,2,23,0,25,0,2,33,0,35,8,0,8,43
11/14/2021,HGR,MD,AEA,EN,Federal Contract Tower,0,1,6,0,7,0,3,26,2,31,0,4,32,2,38,14,0,14,52
11/15/2021,HGR,MD,AEA,EN,Federal Contract Tower,2,1,7,14,24,0,3,1,1,5,2,4,8,15,29,0,0,0,29
11/16/2021,HGR,MD,AEA,EN,Federal Contract Tower,0,0,9,6,15,0,5,56,26,87,0,5,65,32,102,74,0,74,176
11/17/2021,HGR,MD,AEA,EN,Federal Contract Tower,0,4,11,16,31,0,9,74,19,102,0,13,85,35,133,78,0,78,211
11/18/2021,HGR,MD,AEA,EN,Federal Contract Tower,2,1,8,8,19,0,9,43,13,65,2,10,51,21,84,14,0,14,98
11/19/2021,HGR,MD,AEA,EN,Federal Contract Tower,2,4,11,4,21,0,1,8,10,19,2,5,19,14,40,0,0,0,40
11/20/2021,HGR,MD,AEA,EN,Federal Contract Tower,0,1,14,0,15,0,1,77,3,81,0,2,91,3,96,26,0,26,122
11/21/2021,HGR,MD,AEA,EN,Federal Contract Tower,0,0,9,0,9,0,4,59,0,63,0,4,68,0,72,56,0,56,128
11/22/2021,HGR,MD,AEA,EN,Federal Contract Tower,2,0,6,7,15,0,1,19,2,22,2,1,25,9,37,0,0,0,37
11/23/2021,HGR,MD,AEA,EN,Federal Contract Tower,2,4,10,6,22,0,2,37,23,62,2,6,47,29,84,22,12,34,118
11/24/2021,HGR,MD,AEA,EN,Federal Contract Tower,1,3,19,0,23,0,5,87,1,93,1,8,106,1,116,40,0,40,156
11/25/2021,HGR,MD,AEA,EN,Federal Contract Tower,0,0,4,0,4,0,2,21,0,23,0,2,25,0,27,0,0,0,27
11/26/2021,HGR,MD,AEA,EN,Federal Contract Tower,0,2,6,0,8,0,2,0,0,2,0,4,6,0,10,0,0,0,10
11/27/2021,HGR,MD,AEA,EN,Federal Contract Tower,2,0,6,0,8,0,0,20,0,20,2,0,26,0,28,16,0,16,44
11/28/2021,HGR,MD,AEA,EN,Federal Contract Tower,2,2,9,0,13,0,0,39,0,39,2,2,48,0,52,12,0,12,64
11/29/2021,HGR,MD,AEA,EN,Federal Contract Tower,2,3,12,7,24,0,12,11,7,30,2,15,23,14,54,12,0,12,66
11/30/2021,HGR,MD,AEA,EN,Federal Contract Tower,0,2,2,10,14,0,7,24,13,44,0,9,26,23,58,10,6,16,74
12/01/2021,HGR,MD,AEA,EN,Federal Contract Tower,0,3,15,16,34,0,10,55,11,76,0,13,70,27,110,32,10,42,152
12/02/2021,HGR,MD,AEA,EN,Federal Contract Tower,2,0,1,2,5,0,2,29,19,50,2,2,30,21,55,18,0,18,73
12/03/2021,HGR,MD,AEA,EN,Federal Contract Tower,2,1,12,5,20,0,6,33,8,47,2,7,45,13,67,8,0,8,75
12/04/2021,HGR,MD,AEA,EN,Federal Contract Tower,0,0,3,0,3,0,2,89,0,91,0,2,92,0,94,22,0,22,116
12/05/2021,HGR,MD,AEA,EN,Federal Contract Tower,2,0,9,0,11,0,1,54,3,58,2,1,63,3,69,28,0,28,97
12/06/2021,HGR,MD,AEA,EN,Federal Contract Tower,2,4,11,2,19,0,1,1,0,2,2,5,12,2,21,0,0,0,21
12/07/2021,HGR,MD,AEA,EN,Federal Contract Tower,0,3,13,4,20,0,7,55,0,62,0,10,68,4,82,50,0,50,132
12/08/2021,HGR,MD,AEA,EN,Federal Contract Tower,0,0,10,5,15,0,2,15,4,21,0,2,25,9,36,0,0,0,36
12/09/2021,HGR,MD,AEA,EN,Federal Contract Tower,2,3,12,3,20,0,4,57,10,71,2,7,69,13,91,28,0,28,119
12/11/2021,HGR,MD,AEA,EN,Federal Contract Tower,0,0,2,0,2,0,0,1,0,1,0,0,3,0,3,0,0,0,3
12/12/2021,HGR,MD,AEA,EN,Federal Contract Tower,2,3,9,0,14,0,5,47,0,52,2,8,56,0,66,27,0,27,93
12/13/2021,HGR,MD,AEA,EN,Federal Contract Tower,2,0,12,5,19,0,2,56,8,66,2,2,68,13,85,22,0,22,107
12/14/2021,HGR,MD,AEA,EN,Federal Contract Tower,0,6,21,10,37,0,16,66,20,102,0,22,87,30,139,40,0,40,179
12/15/2021,HGR,MD,AEA,EN,Federal Contract Tower,0,0,19,6,25,0,6,40,3,49,0,6,59,9,74,6,0,6,80
12/16/2021,HGR,MD,AEA,EN,Federal Contract Tower,2,4,10,2,18,0,5,32,8,45,2,9,42,10,63,6,0,6,69
12/17/2021,HGR,MD,AEA,EN,Federal Contract Tower,2,0,12,0,14,0,7,44,0,51,2,7,56,0,65,16,0,16,81
12/18/2021,HGR,MD,AEA,EN,Federal Contract Tower,0,1,8,0,9,0,0,8,0,8,0,1,16,0,17,10,0,10,27
12/19/2021,HGR,MD,AEA,EN,Federal Contract Tower,2,1,2,1,6,0,1,8,0,9,2,2,10,1,15,8,0,8,23
12/20/2021,HGR,MD,AEA,EN,Federal Contract Tower,2,3,14,0,19,0,1,52,0,53,2,4,66,0,72,70,0,70,142
12/21/2021,HGR,MD,AEA,EN,Federal Contract Tower,0,2,10,5,17,0,7,67,11,85,0,9,77,16,102,50,0,50,152
12/22/2021,HGR,MD,AEA,EN,Federal Contract Tower,2,2,10,12,26,0,4,31,1,36,2,6,41,13,62,10,6,16,78
12/23/2021,HGR,MD,AEA,EN,Federal Contract Tower,2,0,15,0,17,0,1,84,2,87,2,1,99,2,104,68,8,76,180
12/24/2021,HGR,MD,AEA,EN,Federal Contract Tower,2,0,9,0,11,0,2,50,0,52,2,2,59,0,63,22,0,22,85
12/25/2021,HGR,MD,AEA,EN,Federal Contract Tower,0,0,1,0,1,0,4,3,0,7,0,4,4,0,8,0,0,0,8
12/26/2021,HGR,MD,AEA,EN,Federal Contract Tower,2,1,11,0,14,0,4,68,0,72,2,5,79,0,86,42,0,42,128
12/27/2021,HGR,MD,AEA,EN,Federal Contract Tower,2,2,2,0,6,0,0,0,0,0,2,2,2,0,6,0,0,0,6
12/28/2021,HGR,MD,AEA,EN,Federal Contract Tower,0,4,17,2,23,0,3,35,2,40,0,7,52,4,63,22,10,32,95
12/29/2021,HGR,MD,AEA,EN,Federal Contract Tower,0,0,7,4,11,0,0,48,3,51,0,0,55,7,62,68,0,68,130
12/30/2021,HGR,MD,AEA,EN,Federal Contract Tower,0,0,5,0,5,0,0,0,0,0,0,0,5,0,5,0,0,0,5
12/31/2021,HGR,MD,AEA,EN,Federal Contract Tower,2,2,7,0,11,0,1,10,0,11,2,3,17,0,22,2,0,2,24
01/01/2022,HGR,MD,AEA,EN,Federal Contract Tower,0,0,1,0,1,0,0,0,0,0,0,0,1,0,1,0,0,0,1
01/02/2022,HGR,MD,AEA,EN,Federal Contract Tower,2,0,7,0,9,0,0,2,0,2,2,0,9,0,11,0,0,0,11
01/03/2022,HGR,MD,AEA,EN,Federal Contract Tower,2,4,3,0,9,0,1,2,0,3,2,5,5,0,12,0,0,0,12
01/04/2022,HGR,MD,AEA,EN,Federal Contract Tower,0,0,9,1,10,0,4,54,2,60,0,4,63,3,70,12,0,12,82
01/05/2022,HGR,MD,AEA,EN,Federal Contract Tower,0,2,0,2,4,0,5,33,3,41,0,7,33,5,45,26,0,26,71
01/06/2022,HGR,MD,AEA,EN,Federal Contract Tower,0,0,6,3,9,0,5,34,0,39,0,5,40,3,48,20,0,20,68
01/07/2022,HGR,MD,AEA,EN,Federal Contract Tower,2,6,3,0,11,0,3,3,2,8,2,9,6,2,19,0,0,0,19
01/08/2022,HGR,MD,AEA,EN,Federal Contract Tower,0,0,18,0,18,0,1,69,1,71,0,1,87,1,89,4,0,4,93
01/09/2022,HGR,MD,AEA,EN,Federal Contract Tower,2,2,3,0,7,0,0,0,0,0,2,2,3,0,7,0,0,0,7
01/10/2022,HGR,MD,AEA,EN,Federal Contract Tower,2,3,8,3,16,0,2,13,2,17,2,5,21,5,33,0,0,0,33
01/11/2022,HGR,MD,AEA,EN,Federal Contract Tower,0,4,5,6,15,0,5,43,17,65,0,9,48,23,80,16,0,16,96
01/12/2022,HGR,MD,AEA,EN,Federal Contract Tower,0,0,6,5,11,0,7,53,17,77,0,7,59,22,88,74,0,74,162
01/13/2022,HGR,MD,AEA,EN,Federal Contract Tower,2,0,10,6,18,0,1,68,10,79,2,1,78,16,97,84,6,90,187
01/14/2022,HGR,MD,AEA,EN,Federal Contract Tower,2,1,5,4,12,0,2,7,0,9,2,3,12,4,21,0,0,0,21
01/15/2022,HGR,MD,AEA,EN,Federal Contract Tower,0,0,3,0,3,0,0,50,0,50,0,0,53,0,53,10,0,10,63
01/16/2022,HGR,MD,AEA,EN,Federal Contract Tower,0,0,5,1,6,0,7,10,0,17,0,7,15,1,23,24,0,24,47
01/17/2022,HGR,MD,AEA,EN,Federal Contract Tower,2,0,1,0,3,0,0,0,0,0,2,0,1,0,3,0,0,0,3
01/18/2022,HGR,MD,AEA,EN,Federal Contract Tower,0,5,5,4,14,0,3,15,5,23,0,8,20,9,37,0,0,0,37
01/19/2022,HGR,MD,AEA,EN,Federal Contract Tower,0,1,18,9,28,0,8,53,8,69,0,9,71,17,97,58,6,64,161
01/20/2022,HGR,MD,AEA,EN,Federal Contract Tower,2,2,12,5,21,0,0,2,5,7,2,2,14,10,28,12,6,18,46
01/21/2022,HGR,MD,AEA,EN,Federal Contract Tower,2,0,5,1,8,0,3,27,1,31,2,3,32,2,39,24,4,28,67
01/22/2022,HGR,MD,AEA,EN,Federal Contract Tower,0,0,5,0,5,0,0,34,3,37,0,0,39,3,42,0,0,0,42
01/23/2022,HGR,MD,AEA,EN,Federal Contract Tower,2,3,2,1,8,0,2,50,3,55,2,5,52,4,63,54,0,54,117
01/24/2022,HGR,MD,AEA,EN,Federal Contract Tower,2,1,5,2,10,0,4,28,12,44,2,5,33,14,54,56,0,56,110
01/25/2022,HGR,MD,AEA,EN,Federal Contract Tower,0,1,6,12,19,0,7,28,5,40,0,8,34,17,59,38,0,38,97
01/26/2022,HGR,MD,AEA,EN,Federal Contract Tower,0,0,6,10,16,0,5,51,18,74,0,5,57,28,90,58,26,84,174
01/27/2022,HGR,MD,AEA,EN,Federal Contract Tower,2,2,15,6,25,0,1,67,7,75,2,3,82,13,100,58,0,58,158
01/28/2022,HGR,MD,AEA,EN,Federal Contract Tower,2,1,9,2,14,0,2,6,0,8,2,3,15,2,22,2,0,2,24
01/29/2022,HGR,MD,AEA,EN,Federal Contract Tower,0,3,1,1,5,0,1,2,0,3,0,4,3,1,8,0,0,0,8
01/30/2022,HGR,MD,AEA,EN,Federal Contract Tower,2,1,10,1,14,0,0,54,2,56,2,1,64,3,70,4,0,4,74
01/31/2022,HGR,MD,AEA,EN,Federal Contract Tower,2,0,10,5,17,0,4,57,1,62,2,4,67,6,79,28,0,28,107
02/01/2022,HGR,MD,AEA,EN,Federal Contract Tower,0,3,9,7,19,0,4,72,8,84,0,7,81,15,103,46,0,46,149
02/02/2022,HGR,MD,AEA,EN,Federal Contract Tower,0,2,16,4,22,0,1,37,4,42,0,3,53,8,64,28,0,28,92
02/03/2022,HGR,MD,AEA,EN,Federal Contract Tower,2,1,6,0,9,0,0,0,0,0,2,1,6,0,9,0,0,0,9
02/04/2022,HGR,MD,AEA,EN,Federal Contract Tower,2,1,4,0,7,0,2,0,0,2,2,3,4,0,9,0,0,0,9
02/05/2022,HGR,MD,AEA,EN,Federal Contract Tower,0,0,4,1,5,0,6,24,7,37,0,6,28,8,42,2,0,2,44
02/06/2022,HGR,MD,AEA,EN,Federal Contract Tower,2,3,10,1,16,0,1,103,0,104,2,4,113,1,120,44,0,44,164
02/07/2022,HGR,MD,AEA,EN,Federal Contract Tower,2,2,8,0,12,0,8,43,2,53,2,10,51,2,65,22,0,22,87
02/08/2022,HGR,MD,AEA,EN,Federal Contract Tower,0,2,5,7,14,0,5,42,13,60,0,7,47,20,74,42,10,52,126
02/09/2022,HGR,MD,AEA,EN,Federal Contract Tower,0,0,8,5,13,0,10,71,19,100,0,10,79,24,113,76,0,76,189
02/10/2022,HGR,MD,AEA,EN,Federal Contract Tower,2,1,3,4,10,0,7,40,14,61,2,8,43,18,71,22,12,34,105
02/11/2022,HGR,MD,AEA,EN,Federal Contract Tower,3,2,8,5,18,0,4,64,13,81,3,6,72,18,99,46,0,46,145
02/12/2022,HGR,MD,AEA,EN,Federal Contract Tower,0,0,5,0,5,0,4,26,1,31,0,4,31,1,36,26,0,26,62
02/13/2022,HGR,MD,AEA,EN,Federal Contract Tower,2,0,4,0,6,0,0,13,0,13,2,0,17,0,19,0,0,0,19
02/14/2022,HGR,MD,AEA,EN,Federal Contract Tower,2,0,11,0,13,0,2,15,16,33,2,2,26,16,46,4,6,10,56
02/15/2022,HGR,MD,AEA,EN,Federal Contract Tower,0,1,12,3,16,0,5,50,17,72,0,6,62,20,88,86,0,86,174
02/16/2022,HGR,MD,AEA,EN,Federal Contract Tower,0,2,15,1,18,0,5,42,7,54,0,7,57,8,72,12,0,12,84
02/17/2022,HGR,MD,AEA,EN,Federal Contract Tower,2,5,11,4,22,0,1,19,8,28,2,6,30,12,50,12,10,22,72
02/18/2022,HGR,MD,AEA,EN,Federal Contract Tower,2,1,13,0,16,0,0,5,0,5,2,1,18,0,21,0,0,0,21
02/19/2022,HGR,MD,AEA,EN,Federal Contract Tower,0,0,4,2,6,0,0,7,1,8,0,0,11,3,14,0,8,8,22
02/20/2022,HGR,MD,AEA,EN,Federal Contract Tower,2,0,10,0,12,0,9,57,3,69,2,9,67,3,81,34,8,42,123
02/21/2022,HGR,MD,AEA,EN,Federal Contract Tower,2,4,16,3,25,0,9,95,12,116,2,13,111,15,141,80,0,80,221
02/22/2022,HGR,MD,AEA,EN,Federal Contract Tower,0,2,4,0,6,0,1,2,0,3,0,3,6,0,9,0,0,0,9
02/23/2022,HGR,MD,AEA,EN,Federal Contract Tower,0,2,10,12,24,0,8,28,14,50,0,10,38,26,74,0,8,8,82
02/24/2022,HGR,MD,AEA,EN,Federal Contract Tower,2,0,8,0,10,0,2,3,0,5,2,2,11,0,15,18,0,18,33
02/25/2022,HGR,MD,AEA,EN,Federal Contract Tower,0,0,13,2,15,0,7,3,0,10,0,7,16,2,25,14,0,14,39
02/26/2022,HGR,MD,AEA,EN,Federal Contract Tower,0,1,17,0,18,0,4,63,1,68,0,5,80,1,86,50,0,50,136
02/27/2022,HGR,MD,AEA,EN,Federal Contract Tower,2,1,4,0,7,0,4,56,0,60,2,5,60,0,67,28,0,28,95
02/28/2022,HGR,MD,AEA,EN,Federal Contract Tower,2,0,8,2,12,0,4,51,16,71,2,4,59,18,83,28,0,28,111
03/01/2022,HGR,MD,AEA,EN,Federal Contract Tower,0,0,15,8,23,0,9,54,22,85,0,9,69,30,108,84,0,84,192
03/02/2022,HGR,MD,AEA,EN,Federal Contract Tower,0,4,23,3,30,0,6,100,19,125,0,10,123,22,155,158,0,158,313
03/03/2022,HGR,MD,AEA,EN,Federal Contract Tower,3,0,9,2,14,0,5,44,21,70,3,5,53,23,84,44,6,50,134
03/04/2022,HGR,MD,AEA,EN,Federal Contract Tower,2,7,16,0,25,0,13,83,0,96,2,20,99,0,121,50,0,50,171
03/05/2022,HGR,MD,AEA,EN,Federal Contract Tower,0,4,15,0,19,0,13,61,9,83,0,17,76,9,102,36,2,38,140
03/06/2022,HGR,MD,AEA,EN,Federal Contract Tower,2,1,10,0,13,0,3,10,7,20,2,4,20,7,33,6,0,6,39
03/07/2022,HGR,MD,AEA,EN,Federal Contract Tower,2,2,0,4,8,0,27,2,0,29,2,29,2,4,37,0,0,0,37
03/08/2022,HGR,MD,AEA,EN,Federal Contract Tower,0,0,4,4,8,0,10,46,8,64,0,10,50,12,72,40,14,54,126
03/09/2022,HGR,MD,AEA,EN,Federal Contract Tower,0,5,4,1,10,0,0,0,0,0,0,5,4,1,10,0,0,0,10
03/10/2022,HGR,MD,AEA,EN,Federal Contract Tower,2,5,13,1,21,0,1,87,7,95,2,6,100,8,116,50,0,50,166
03/11/2022,HGR,MD,AEA,EN,Federal Contract Tower,2,2,4,0,8,0,1,62,8,71,2,3,66,8,79,28,0,28,107
03/12/2022,HGR,MD,AEA,EN,Federal Contract Tower,0,0,0,0,0,0,0,0,0,0,0,0,0,0,0,0,0,0,0
03/13/2022,HGR,MD,AEA,EN,Federal Contract Tower,2,1,5,0,8,0,2,7,2,11,2,3,12,2,19,2,0,2,21
03/14/2022,HGR,MD,AEA,EN,Federal Contract Tower,2,2,14,0,18,0,3,51,14,68,2,5,65,14,86,38,0,38,124
03/15/2022,HGR,MD,AEA,EN,Federal Contract Tower,0,1,13,0,14,0,5,109,5,119,0,6,122,5,133,94,0,94,227
03/16/2022,HGR,MD,AEA,EN,Federal Contract Tower,0,2,11,3,16,0,5,88,19,112,0,7,99,22,128,98,0,98,226
03/17/2022,HGR,MD,AEA,EN,Federal Contract Tower,2,2,14,9,27,0,0,18,1,19,2,2,32,10,46,6,0,6,52
03/18/2022,HGR,MD,AEA,EN,Federal Contract Tower,2,4,8,2,16,0,4,73,9,86,2,8,81,11,102,42,0,42,144
03/19/2022,HGR,MD,AEA,EN,Federal Contract Tower,0,0,5,0,5,0,0,37,2,39,0,0,42,2,44,28,0,28,72
03/20/2022,HGR,MD,AEA,EN,Federal Contract Tower,2,1,12,1,16,0,2,45,4,51,2,3,57,5,67,22,0,22,89
03/21/2022,HGR,MD,AEA,EN,Federal Contract Tower,2,2,10,0,14,0,10,57,14,81,2,12,67,14,95,70,0,70,165
03/22/2022,HGR,MD,AEA,EN,Federal Contract Tower,0,0,11,2,13,0,4,64,23,91,0,4,75,25,104,84,0,84,188
03/23/2022,HGR,MD,AEA,EN,Federal Contract Tower,0,1,11,9,21,0,3,17,5,25,0,4,28,14,46,42,0,42,88
03/24/2022,HGR,MD,AEA,EN,Federal Contract Tower,2,2,12,13,29,0,0,10,0,10,2,2,22,13,39,12,0,12,51
03/25/2022,HGR,MD,AEA,EN,Federal Contract Tower,2,6,10,5,23,0,2,38,7,47,2,8,48,12,70,30,0,30,100
03/26/2022,HGR,MD,AEA,EN,Federal Contract Tower,0,1,4,0,5,0,2,14,2,18,0,3,18,2,23,0,0,0,23
03/27/2022,HGR,MD,AEA,EN,Federal Contract Tower,2,0,5,0,7,0,0,2,0,2,2,0,7,0,9,2,0,2,11
03/28/2022,HGR,MD,AEA,EN,Federal Contract Tower,2,0,3,1,6,0,0,9,2,11,2,0,12,3,17,16,0,16,33
03/29/2022,HGR,MD,AEA,EN,Federal Contract Tower,1,0,10,1,12,0,3,51,7,61,1,3,61,8,73,38,0,38,111
03/30/2022,HGR,MD,AEA,EN,Federal Contract Tower,0,2,8,1,11,0,1,12,12,25,0,3,20,13,36,2,0,2,38
03/31/2022,HGR,MD,AEA,EN,Federal Contract Tower,2,2,0,0,4,0,0,1,0,1,2,2,1,0,5,0,0,0,5
04/01/2022,HGR,MD,AEA,EN,Federal Contract Tower,2,2,9,0,13,0,3,9,1,13,2,5,18,1,26,0,0,0,26
04/02/2022,HGR,MD,AEA,EN,Federal Contract Tower,0,0,8,0,8,0,5,120,1,126,0,5,128,1,134,88,0,88,222
04/03/2022,HGR,MD,AEA,EN,Federal Contract Tower,2,0,7,0,9,0,2,15,0,17,2,2,22,0,26,0,0,0,26
04/04/2022,HGR,MD,AEA,EN,Federal Contract Tower,2,0,14,5,21,0,9,87,5,101,2,9,101,10,122,94,0,94,216
04/05/2022,HGR,MD,AEA,EN,Federal Contract Tower,0,2,7,2,11,0,8,25,8,41,0,10,32,10,52,32,0,32,84
04/06/2022,HGR,MD,AEA,EN,Federal Contract Tower,2,0,15,6,23,0,0,0,0,0,2,0,15,6,23,0,0,0,23
04/07/2022,HGR,MD,AEA,EN,Federal Contract Tower,2,1,6,5,14,0,0,0,0,0,2,1,6,5,14,0,0,0,14
04/08/2022,HGR,MD,AEA,EN,Federal Contract Tower,2,3,8,0,13,0,1,49,4,54,2,4,57,4,67,30,0,30,97
04/09/2022,HGR,MD,AEA,EN,Federal Contract Tower,0,1,7,0,8,0,0,19,0,19,0,1,26,0,27,18,0,18,45
04/10/2022,HGR,MD,AEA,EN,Federal Contract Tower,2,1,9,0,12,0,0,18,0,18,2,1,27,0,30,14,0,14,44
04/11/2022,HGR,MD,AEA,EN,Federal Contract Tower,2,0,6,1,9,0,4,50,0,54,2,4,56,1,63,10,0,10,73
04/12/2022,HGR,MD,AEA,EN,Federal Contract Tower,0,1,14,7,22,0,4,74,14,92,0,5,88,21,114,64,8,72,186
04/13/2022,HGR,MD,AEA,EN,Federal Contract Tower,2,1,20,3,26,0,6,47,11,64,2,7,67,14,90,16,0,16,106
04/14/2022,HGR,MD,AEA,EN,Federal Contract Tower,2,2,7,7,18,0,2,6,3,11,2,4,13,10,29,0,0,0,29
04/15/2022,HGR,MD,AEA,EN,Federal Contract Tower,2,0,9,3,14,0,4,39,3,46,2,4,48,6,60,2,2,4,64
04/16/2022,HGR,MD,AEA,EN,Federal Contract Tower,0,0,6,0,6,0,1,44,4,49,0,1,50,4,55,20,0,20,75
04/17/2022,HGR,MD,AEA,EN,Federal Contract Tower,2,3,2,0,7,0,2,12,2,16,2,5,14,2,23,0,0,0,23
04/18/2022,HGR,MD,AEA,EN,Federal Contract Tower,2,1,11,2,16,0,0,0,0,0,2,1,11,2,16,0,0,0,16
04/19/2022,HGR,MD,AEA,EN,Federal Contract Tower,0,6,9,5,20,0,1,17,16,34,0,7,26,21,54,16,0,16,70
04/20/2022,HGR,MD,AEA,EN,Federal Contract Tower,0,2,10,1,13,0,12,96,12,120,0,14,106,13,133,68,4,72,205
04/21/2022,HGR,MD,AEA,EN,Federal Contract Tower,2,3,14,6,25,0,0,67,11,78,2,3,81,17,103,62,4,66,169
04/22/2022,HGR,MD,AEA,EN,Federal Contract Tower,2,0,12,0,14,0,5,65,2,72,2,5,77,2,86,72,0,72,158
04/23/2022,HGR,MD,AEA,EN,Federal Contract Tower,0,0,14,0,14,0,3,157,0,160,0,3,171,0,174,46,0,46,220
04/24/2022,HGR,MD,AEA,EN,Federal Contract Tower,2,0,10,0,12,0,3,158,2,163,2,3,168,2,175,42,0,42,217
04/25/2022,HGR,MD,AEA,EN,Federal Contract Tower,2,7,11,4,24,0,3,26,0,29,2,10,37,4,53,52,0,52,105
04/26/2022,HGR,MD,AEA,EN,Federal Contract Tower,0,1,14,4,19,0,7,2,8,17,0,8,16,12,36,0,0,0,36
04/27/2022,HGR,MD,AEA,EN,Federal Contract Tower,0,4,11,6,21,0,9,22,5,36,0,13,33,11,57,0,0,0,57
04/28/2022,HGR,MD,AEA,EN,Federal Contract Tower,2,3,5,1,11,0,5,45,3,53,2,8,50,4,64,22,0,22,86
04/29/2022,HGR,MD,AEA,EN,Federal Contract Tower,2,4,10,1,17,0,3,60,6,69,2,7,70,7,86,70,0,70,156
04/30/2022,HGR,MD,AEA,EN,Federal Contract Tower,0,0,27,0,27,0,7,128,0,135,0,7,155,0,162,20,0,20,182
05/01/2022,HGR,MD,AEA,EN,Federal Contract Tower,2,0,11,0,13,0,0,8,0,8,2,0,19,0,21,12,0,12,33
05/02/2022,HGR,MD,AEA,EN,Federal Contract Tower,6,0,12,0,18,0,9,27,1,37,6,9,39,1,55,20,0,20,75
05/03/2022,HGR,MD,AEA,EN,Federal Contract Tower,0,1,14,2,17,0,2,48,2,52,0,3,62,4,69,58,0,58,127
05/04/2022,HGR,MD,AEA,EN,Federal Contract Tower,0,2,13,0,15,0,0,12,0,12,0,2,25,0,27,6,0,6,33
05/05/2022,HGR,MD,AEA,EN,Federal Contract Tower,2,1,18,1,22,0,2,91,6,99,2,3,109,7,121,116,0,116,237
05/06/2022,HGR,MD,AEA,EN,Federal Contract Tower,0,0,7,0,7,0,0,0,0,0,0,0,7,0,7,0,0,0,7
05/07/2022,HGR,MD,AEA,EN,Federal Contract Tower,0,1,2,0,3,0,0,0,0,0,0,1,2,0,3,0,0,0,3
05/08/2022,HGR,MD,AEA,EN,Federal Contract Tower,2,2,8,0,12,0,0,25,2,27,2,2,33,2,39,26,0,26,65
05/09/2022,HGR,MD,AEA,EN,Federal Contract Tower,2,4,12,2,20,0,11,111,19,141,2,15,123,21,161,106,0,106,267
05/10/2022,HGR,MD,AEA,EN,Federal Contract Tower,0,0,12,7,19,0,6,103,31,140,0,6,115,38,159,78,2,80,239
05/11/2022,HGR,MD,AEA,EN,Federal Contract Tower,0,1,6,0,7,0,4,102,23,129,0,5,108,23,136,102,0,102,238
05/12/2022,HGR,MD,AEA,EN,Federal Contract Tower,2,2,13,7,24,0,3,55,4,62,2,5,68,11,86,84,0,84,170
05/13/2022,HGR,MD,AEA,EN,Federal Contract Tower,2,2,22,0,26,0,0,2,0,2,2,2,24,0,28,0,0,0,28
05/14/2022,HGR,MD,AEA,EN,Federal Contract Tower,0,0,14,1,15,0,0,9,0,9,0,0,23,1,24,0,0,0,24
05/15/2022,HGR,MD,AEA,EN,Federal Contract Tower,2,1,9,1,13,0,0,29,0,29,2,1,38,1,42,22,0,22,64
05/16/2022,HGR,MD,AEA,EN,Federal Contract Tower,2,0,5,1,8,0,6,9,6,21,2,6,14,7,29,0,0,0,29
05/17/2022,HGR,MD,AEA,EN,Federal Contract Tower,0,2,7,2,11,0,9,37,3,49,0,11,44,5,60,18,0,18,78
05/18/2022,HGR,MD,AEA,EN,Federal Contract Tower,0,0,7,6,13,0,6,94,22,122,0,6,101,28,135,126,0,126,261
05/19/2022,HGR,MD,AEA,EN,Federal Contract Tower,2,4,10,6,22,0,0,32,6,38,2,4,42,12,60,58,0,58,118
05/20/2022,HGR,MD,AEA,EN,Federal Contract Tower,2,3,9,3,17,0,13,37,3,53,2,16,46,6,70,24,4,28,98
05/21/2022,HGR,MD,AEA,EN,Federal Contract Tower,0,0,10,0,10,0,1,161,1,163,0,1,171,1,173,32,0,32,205
05/22/2022,HGR,MD,AEA,EN,Federal Contract Tower,2,0,7,0,9,0,1,40,2,43,2,1,47,2,52,32,0,32,84
05/23/2022,HGR,MD,AEA,EN,Federal Contract Tower,2,4,13,1,20,0,5,23,10,38,2,9,36,11,58,10,0,10,68
05/24/2022,HGR,MD,AEA,EN,Federal Contract Tower,0,1,13,14,28,0,6,10,0,16,0,7,23,14,44,14,0,14,58
05/25/2022,HGR,MD,AEA,EN,Federal Contract Tower,0,6,24,8,38,0,8,54,10,72,0,14,78,18,110,28,0,28,138
05/26/2022,HGR,MD,AEA,EN,Federal Contract Tower,2,0,10,5,17,0,0,17,6,23,2,0,27,11,40,10,0,10,50
05/27/2022,HGR,MD,AEA,EN,Federal Contract Tower,4,0,12,0,16,0,3,2,0,5,4,3,14,0,21,16,0,16,37
05/28/2022,HGR,MD,AEA,EN,Federal Contract Tower,0,0,15,0,15,0,79,0,0,79,0,79,15,0,94,86,0,86,180
05/29/2022,HGR,MD,AEA,EN,Federal Contract Tower,2,0,8,0,10,0,5,84,0,89,2,5,92,0,99,38,0,38,137
05/30/2022,HGR,MD,AEA,EN,Federal Contract Tower,4,2,17,0,23,0,5,67,0,72,4,7,84,0,95,72,0,72,167
05/31/2022,HGR,MD,AEA,EN,Federal Contract Tower,0,0,6,2,8,0,7,92,9,108,0,7,98,11,116,68,0,68,184
06/01/2022,HGR,MD,AEA,EN,Federal Contract Tower,0,0,12,3,15,0,7,62,10,79,0,7,74,13,94,62,0,62,156
06/02/2022,HGR,MD,AEA,EN,Federal Contract Tower,1,0,9,2,12,0,5,42,1,48,1,5,51,3,60,12,0,12,72
06/03/2022,HGR,MD,AEA,EN,Federal Contract Tower,4,1,24,1,30,0,10,65,3,78,4,11,89,4,108,2,0,2,110
06/04/2022,HGR,MD,AEA,EN,Federal Contract Tower,0,1,8,2,11,0,6,91,0,97,0,7,99,2,108,72,0,72,180
06/05/2022,HGR,MD,AEA,EN,Federal Contract Tower,2,4,12,0,18,0,5,95,7,107,2,9,107,7,125,46,0,46,171
06/06/2022,HGR,MD,AEA,EN,Federal Contract Tower,4,1,16,1,22,0,4,44,9,57,4,5,60,10,79,10,0,10,89
06/07/2022,HGR,MD,AEA,EN,Federal Contract Tower,0,1,9,3,13,0,1,7,8,16,0,2,16,11,29,4,0,4,33
06/08/2022,HGR,MD,AEA,EN,Federal Contract Tower,0,1,19,2,22,0,0,40,9,49,0,1,59,11,71,40,0,40,111
06/09/2022,HGR,MD,AEA,EN,Federal Contract Tower,1,0,9,2,12,0,3,25,5,33,1,3,34,7,45,0,0,0,45
06/10/2022,HGR,MD,AEA,EN,Federal Contract Tower,4,1,24,0,29,0,5,105,14,124,4,6,129,14,153,38,6,44,197
06/11/2022,HGR,MD,AEA,EN,Federal Contract Tower,0,0,20,0,20,0,2,11,0,13,0,2,31,0,33,6,0,6,39
06/12/2022,HGR,MD,AEA,EN,Federal Contract Tower,1,1,1,0,3,0,1,22,0,23,1,2,23,0,26,0,0,0,26
06/13/2022,HGR,MD,AEA,EN,Federal Contract Tower,4,1,9,1,15,0,6,51,4,61,4,7,60,5,76,32,0,32,108
06/14/2022,HGR,MD,AEA,EN,Federal Contract Tower,0,5,15,4,24,0,3,30,2,35,0,8,45,6,59,14,0,14,73
06/15/2022,HGR,MD,AEA,EN,Federal Contract Tower,0,1,12,2,15,0,8,56,12,76,0,9,68,14,91,50,0,50,141
06/16/2022,HGR,MD,AEA,EN,Federal Contract Tower,0,0,10,6,16,0,3,18,0,21,0,3,28,6,37,0,0,0,37
06/17/2022,HGR,MD,AEA,EN,Federal Contract Tower,4,1,11,0,16,0,3,28,2,33,4,4,39,2,49,8,0,8,57
06/18/2022,HGR,MD,AEA,EN,Federal Contract Tower,0,0,3,0,3,0,3,8,1,12,0,3,11,1,15,0,0,0,15
06/19/2022,HGR,MD,AEA,EN,Federal Contract Tower,0,1,8,0,9,0,2,46,0,48,0,3,54,0,57,2,0,2,59
06/20/2022,HGR,MD,AEA,EN,Federal Contract Tower,4,2,10,0,16,0,2,94,0,96,4,4,104,0,112,100,0,100,212
06/21/2022,HGR,MD,AEA,EN,Federal Contract Tower,0,0,19,1,20,0,8,66,2,76,0,8,85,3,96,76,0,76,172
06/22/2022,HGR,MD,AEA,EN,Federal Contract Tower,0,2,3,0,5,0,6,63,0,69,0,8,66,0,74,86,0,86,160
06/23/2022,HGR,MD,AEA,EN,Federal Contract Tower,2,2,13,3,20,0,0,4,0,4,2,2,17,3,24,8,0,8,32
06/24/2022,HGR,MD,AEA,EN,Federal Contract Tower,4,0,15,16,35,0,3,63,10,76,4,3,78,26,111,50,0,50,161
06/25/2022,HGR,MD,AEA,EN,Federal Contract Tower,0,1,15,0,16,0,3,84,0,87,0,4,99,0,103,14,0,14,117
06/26/2022,HGR,MD,AEA,EN,Federal Contract Tower,0,0,5,18,23,0,2,70,0,72,0,2,75,18,95,16,0,16,111
06/27/2022,HGR,MD,AEA,EN,Federal Contract Tower,4,1,16,5,26,0,0,14,6,20,4,1,30,11,46,8,0,8,54
06/28/2022,HGR,MD,AEA,EN,Federal Contract Tower,0,0,14,2,16,0,5,76,35,116,0,5,90,37,132,100,6,106,238
06/29/2022,HGR,MD,AEA,EN,Federal Contract Tower,0,4,15,3,22,0,1,68,12,81,0,5,83,15,103,60,18,78,181
06/30/2022,HGR,MD,AEA,EN,Federal Contract Tower,2,0,15,12,29,0,6,57,16,79,2,6,72,28,108,80,8,88,196
07/01/2022,HGR,MD,AEA,EN,Federal Contract Tower,4,0,9,3,16,0,6,42,11,59,4,6,51,14,75,20,0,20,95
07/02/2022,HGR,MD,AEA,EN,Federal Contract Tower,0,0,10,0,10,0,5,29,42,76,0,5,39,42,86,10,12,22,108
07/03/2022,HGR,MD,AEA,EN,Federal Contract Tower,2,0,3,0,5,0,5,42,76,123,2,5,45,76,128,4,58,62,190
07/04/2022,HGR,MD,AEA,EN,Federal Contract Tower,4,0,7,0,11,0,4,60,65,129,4,4,67,65,140,74,90,164,304
07/05/2022,HGR,MD,AEA,EN,Federal Contract Tower,2,0,6,0,8,0,4,33,34,71,2,4,39,34,79,4,206,210,289
07/06/2022,HGR,MD,AEA,EN,Federal Contract Tower,0,0,10,2,12,0,2,24,73,99,0,2,34,75,111,34,280,314,425
07/07/2022,HGR,MD,AEA,EN,Federal Contract Tower,2,1,4,7,14,0,5,24,79,108,2,6,28,86,122,8,200,208,330
07/08/2022,HGR,MD,AEA,EN,Federal Contract Tower,4,2,9,4,19,0,6,14,20,40,4,8,23,24,59,8,124,132,191
07/09/2022,HGR,MD,AEA,EN,Federal Contract Tower,0,1,20,0,21,0,3,8,0,11,0,4,28,0,32,16,0,16,48
07/10/2022,HGR,MD,AEA,EN,Federal Contract Tower,2,2,17,1,22,0,3,81,18,102,2,5,98,19,124,46,34,80,204
07/11/2022,HGR,MD,AEA,EN,Federal Contract Tower,4,2,15,6,27,0,2,53,14,69,4,4,68,20,96,24,0,24,120
07/12/2022,HGR,MD,AEA,EN,Federal Contract Tower,0,0,10,2,12,0,0,29,7,36,0,0,39,9,48,36,10,46,94
07/13/2022,HGR,MD,AEA,EN,Federal Contract Tower,0,1,13,3,17,0,0,69,11,80,0,1,82,14,97,76,4,80,177
07/14/2022,HGR,MD,AEA,EN,Federal Contract Tower,2,1,11,1,15,0,7,71,9,87,2,8,82,10,102,60,14,74,176
07/15/2022,HGR,MD,AEA,EN,Federal Contract Tower,4,1,16,0,21,0,3,62,2,67,4,4,78,2,88,100,0,100,188
07/16/2022,HGR,MD,AEA,EN,Federal Contract Tower,0,0,21,1,22,0,0,64,5,69,0,0,85,6,91,72,0,72,163
07/17/2022,HGR,MD,AEA,EN,Federal Contract Tower,2,0,11,0,13,0,0,12,0,12,2,0,23,0,25,14,0,14,39
07/18/2022,HGR,MD,AEA,EN,Federal Contract Tower,2,0,6,1,9,0,1,5,2,8,2,1,11,3,17,12,0,12,29
07/19/2022,HGR,MD,AEA,EN,Federal Contract Tower,0,0,5,1,6,0,12,89,10,111,0,12,94,11,117,70,0,70,187
07/20/2022,HGR,MD,AEA,EN,Federal Contract Tower,0,0,7,4,11,0,17,66,30,113,0,17,73,34,124,58,0,58,182
07/21/2022,HGR,MD,AEA,EN,Federal Contract Tower,2,2,12,2,18,0,5,59,13,77,2,7,71,15,95,82,0,82,177
07/22/2022,HGR,MD,AEA,EN,Federal Contract Tower,4,1,13,3,21,0,13,81,1,95,4,14,94,4,116,84,0,84,200
07/23/2022,HGR,MD,AEA,EN,Federal Contract Tower,0,0,7,5,12,0,1,42,4,47,0,1,49,9,59,22,0,22,81
07/24/2022,HGR,MD,AEA,EN,Federal Contract Tower,2,2,12,0,16,0,2,55,3,60,2,4,67,3,76,36,0,36,112
07/25/2022,HGR,MD,AEA,EN,Federal Contract Tower,4,0,6,0,10,0,3,13,4,20,4,3,19,4,30,0,0,0,30
07/26/2022,HGR,MD,AEA,EN,Federal Contract Tower,0,0,7,0,7,0,15,55,21,91,0,15,62,21,98,42,6,48,146
07/27/2022,HGR,MD,AEA,EN,Federal Contract Tower,0,0,17,4,21,0,6,59,9,74,0,6,76,13,95,98,0,98,193
07/28/2022,HGR,MD,AEA,EN,Federal Contract Tower,2,2,8,2,14,0,0,55,9,64,2,2,63,11,78,32,0,32,110
07/29/2022,HGR,MD,AEA,EN,Federal Contract Tower,4,2,6,7,19,0,0,10,4,14,4,2,16,11,33,0,0,0,33
07/30/2022,HGR,MD,AEA,EN,Federal Contract Tower,0,0,12,0,12,0,9,81,4,94,0,9,93,4,106,36,0,36,142
07/31/2022,HGR,MD,AEA,EN,Federal Contract Tower,2,1,7,0,10,0,1,56,0,57,2,2,63,0,67,62,0,62,129
08/01/2022,HGR,MD,AEA,EN,Federal Contract Tower,4,1,11,2,18,0,7,36,2,45,4,8,47,4,63,8,0,8,71
08/02/2022,HGR,MD,AEA,EN,Federal Contract Tower,0,0,12,0,12,0,14,71,15,100,0,14,83,15,112,48,0,48,160
08/03/2022,HGR,MD,AEA,EN,Federal Contract Tower,0,4,13,3,20,0,14,74,14,102,0,18,87,17,122,86,0,86,208
08/04/2022,HGR,MD,AEA,EN,Federal Contract Tower,2,3,11,8,24,0,2,41,4,47,2,5,52,12,71,26,0,26,97
08/05/2022,HGR,MD,AEA,EN,Federal Contract Tower,4,4,10,0,18,0,4,39,6,49,4,8,49,6,67,34,0,34,101
08/06/2022,HGR,MD,AEA,EN,Federal Contract Tower,0,0,11,0,11,0,1,11,0,12,0,1,22,0,23,0,0,0,23
08/07/2022,HGR,MD,AEA,EN,Federal Contract Tower,2,0,5,2,9,0,2,54,0,56,2,2,59,2,65,32,0,32,97
08/08/2022,HGR,MD,AEA,EN,Federal Contract Tower,4,1,5,0,10,0,6,43,0,49,4,7,48,0,59,52,0,52,111
08/09/2022,HGR,MD,AEA,EN,Federal Contract Tower,0,1,4,0,5,0,10,43,9,62,0,11,47,9,67,0,0,0,67
08/10/2022,HGR,MD,AEA,EN,Federal Contract Tower,0,1,9,6,16,0,8,35,15,58,0,9,44,21,74,14,0,14,88
08/11/2022,HGR,MD,AEA,EN,Federal Contract Tower,2,4,19,0,25,0,7,63,1,71,2,11,82,1,96,62,0,62,158
08/12/2022,HGR,MD,AEA,EN,Federal Contract Tower,4,1,12,0,17,0,5,72,4,81,4,6,84,4,98,42,0,42,140
08/13/2022,HGR,MD,AEA,EN,Federal Contract Tower,0,0,14,0,14,0,1,103,4,108,0,1,117,4,122,76,0,76,198
08/14/2022,HGR,MD,AEA,EN,Federal Contract Tower,2,0,10,0,12,0,4,44,2,50,2,4,54,2,62,8,0,8,70
08/15/2022,HGR,MD,AEA,EN,Federal Contract Tower,4,0,13,5,22,0,0,8,0,8,4,0,21,5,30,0,0,0,30
08/16/2022,HGR,MD,AEA,EN,Federal Contract Tower,0,1,9,1,11,0,2,68,5,75,0,3,77,6,86,88,2,90,176
08/17/2022,HGR,MD,AEA,EN,Federal Contract Tower,0,1,13,1,15,0,8,63,8,79,0,9,76,9,94,38,0,38,132
08/18/2022,HGR,MD,AEA,EN,Federal Contract Tower,0,2,18,0,20,0,1,63,9,73,0,3,81,9,93,24,0,24,117
08/19/2022,HGR,MD,AEA,EN,Federal Contract Tower,4,1,17,1,23,0,4,69,4,77,4,5,86,5,100,12,0,12,112
08/20/2022,HGR,MD,AEA,EN,Federal Contract Tower,0,1,9,0,10,0,5,174,2,181,0,6,183,2,191,20,0,20,211
08/21/2022,HGR,MD,AEA,EN,Federal Contract Tower,0,1,10,0,11,0,3,7,0,10,0,4,17,0,21,0,0,0,21
08/22/2022,HGR,MD,AEA,EN,Federal Contract Tower,4,0,8,0,12,0,2,0,2,4,4,2,8,2,16,0,0,0,16
08/23/2022,HGR,MD,AEA,EN,Federal Contract Tower,0,1,13,4,18,0,13,77,13,103,0,14,90,17,121,54,0,54,175
08/24/2022,HGR,MD,AEA,EN,Federal Contract Tower,0,1,22,3,26,0,8,81,13,102,0,9,103,16,128,80,6,86,214
08/25/2022,HGR,MD,AEA,EN,Federal Contract Tower,0,3,18,10,31,0,8,73,12,93,0,11,91,22,124,52,0,52,176
08/26/2022,HGR,MD,AEA,EN,Federal Contract Tower,4,1,14,0,19,0,0,56,4,60,4,1,70,4,79,44,0,44,123
08/27/2022,HGR,MD,AEA,EN,Federal Contract Tower,0,1,14,0,15,0,4,88,3,95,0,5,102,3,110,52,0,52,162
08/28/2022,HGR,MD,AEA,EN,Federal Contract Tower,0,0,8,0,8,0,3,55,0,58,0,3,63,0,66,34,0,34,100
08/29/2022,HGR,MD,AEA,EN,Federal Contract Tower,4,0,7,1,12,0,7,54,3,64,4,7,61,4,76,0,0,0,76
08/30/2022,HGR,MD,AEA,EN,Federal Contract Tower,0,2,11,2,15,0,4,25,6,35,0,6,36,8,50,8,0,8,58
08/31/2022,HGR,MD,AEA,EN,Federal Contract Tower,0,1,14,1,16,0,7,62,11,80,0,8,76,12,96,26,10,36,132
09/01/2022,HGR,MD,AEA,EN,Federal Contract Tower,0,0,17,4,21,0,7,62,6,75,0,7,79,10,96,62,2,64,160
09/02/2022,HGR,MD,AEA,EN,Federal Contract Tower,4,0,10,1,15,0,7,70,8,85,4,7,80,9,100,36,0,36,136
09/03/2022,HGR,MD,AEA,EN,Federal Contract Tower,0,2,12,0,14,0,2,36,5,43,0,4,48,5,57,14,0,14,71
09/04/2022,HGR,MD,AEA,EN,Federal Contract Tower,0,2,7,0,9,0,2,46,6,54,0,4,53,6,63,0,0,0,63
09/05/2022,HGR,MD,AEA,EN,Federal Contract Tower,4,0,16,2,22,0,0,1,0,1,4,0,17,2,23,0,0,0,23
09/06/2022,HGR,MD,AEA,EN,Federal Contract Tower,0,5,8,4,17,0,1,28,11,40,0,6,36,15,57,32,0,32,89
09/07/2022,HGR,MD,AEA,EN,Federal Contract Tower,0,0,16,1,17,0,2,4,0,6,0,2,20,1,23,2,0,2,25
09/08/2022,HGR,MD,AEA,EN,Federal Contract Tower,0,4,18,15,37,0,0,21,12,33,0,4,39,27,70,10,10,20,90
09/09/2022,HGR,MD,AEA,EN,Federal Contract Tower,2,7,13,3,25,0,3,59,7,69,2,10,72,10,94,86,4,90,184
09/10/2022,HGR,MD,AEA,EN,Federal Contract Tower,0,0,9,4,13,0,4,274,0,278,0,4,283,4,291,26,0,26,317
09/11/2022,HGR,MD,AEA,EN,Federal Contract Tower,0,0,18,0,18,0,0,1,0,1,0,0,19,0,19,0,0,0,19
09/12/2022,HGR,MD,AEA,EN,Federal Contract Tower,2,0,10,2,14,0,6,6,0,12,2,6,16,2,26,8,0,8,34
09/13/2022,HGR,MD,AEA,EN,Federal Contract Tower,0,0,16,7,23,0,6,51,13,70,0,6,67,20,93,52,0,52,145
09/14/2022,HGR,MD,AEA,EN,Federal Contract Tower,0,1,10,7,18,0,3,88,15,106,0,4,98,22,124,92,0,92,216
09/15/2022,HGR,MD,AEA,EN,Federal Contract Tower,0,2,15,6,23,0,7,71,12,90,0,9,86,18,113,48,0,48,161
09/16/2022,HGR,MD,AEA,EN,Federal Contract Tower,2,1,17,6,26,0,3,84,7,94,2,4,101,13,120,54,0,54,174
09/17/2022,HGR,MD,AEA,EN,Federal Contract Tower,0,2,9,0,11,0,1,74,0,75,0,3,83,0,86,58,0,58,144
09/18/2022,HGR,MD,AEA,EN,Federal Contract Tower,0,0,7,3,10,0,2,110,2,114,0,2,117,5,124,74,0,74,198
09/19/2022,HGR,MD,AEA,EN,Federal Contract Tower,2,0,6,11,19,0,0,41,10,51,2,0,47,21,70,60,0,60,130
09/20/2022,HGR,MD,AEA,EN,Federal Contract Tower,0,3,13,6,22,0,4,43,26,73,0,7,56,32,95,30,0,30,125
09/21/2022,HGR,MD,AEA,EN,Federal Contract Tower,0,6,16,2,24,0,0,73,20,93,0,6,89,22,117,50,12,62,179
09/22/2022,HGR,MD,AEA,EN,Federal Contract Tower,0,0,18,7,25,0,1,24,10,35,0,1,42,17,60,10,0,10,70
09/23/2022,HGR,MD,AEA,EN,Federal Contract Tower,2,1,11,2,16,0,1,26,18,45,2,2,37,20,61,2,0,2,63
09/24/2022,HGR,MD,AEA,EN,Federal Contract Tower,0,1,8,2,11,0,0,123,26,149,0,1,131,28,160,68,0,68,228
09/25/2022,HGR,MD,AEA,EN,Federal Contract Tower,0,0,11,0,11,0,0,8,0,8,0,0,19,0,19,8,0,8,27
09/26/2022,HGR,MD,AEA,EN,Federal Contract Tower,2,2,9,7,20,0,0,45,10,55,2,2,54,17,75,28,0,28,103
09/27/2022,HGR,MD,AEA,EN,Federal Contract Tower,0,4,14,6,24,0,0,53,8,61,0,4,67,14,85,52,20,72,157
09/28/2022,HGR,MD,AEA,EN,Federal Contract Tower,0,3,15,7,25,0,0,42,18,60,0,3,57,25,85,32,10,42,127
09/29/2022,HGR,MD,AEA,EN,Federal Contract Tower,0,3,17,2,22,0,0,53,25,78,0,3,70,27,100,42,0,42,142
09/30/2022,HGR,MD,AEA,EN,Federal Contract Tower,2,1,14,3,20,0,7,29,3,39,2,8,43,6,59,8,0,8,67
10/01/2022,HGR,MD,AEA,EN,Federal Contract Tower,0,1,4,2,7,0,0,0,0,0,0,1,4,2,7,0,0,0,7
10/02/2022,HGR,MD,AEA,EN,Federal Contract Tower,0,0,12,0,12,0,0,1,0,1,0,0,13,0,13,0,0,0,13
10/03/2022,HGR,MD,AEA,EN,Federal Contract Tower,2,5,8,0,15,0,0,28,6,34,2,5,36,6,49,4,0,4,53
10/04/2022,HGR,MD,AEA,EN,Federal Contract Tower,0,0,13,8,21,0,0,22,1,23,0,0,35,9,44,34,0,34,78
10/05/2022,HGR,MD,AEA,EN,Federal Contract Tower,0,2,16,1,19,0,7,36,10,53,0,9,52,11,72,80,24,104,176
10/06/2022,HGR,MD,AEA,EN,Federal Contract Tower,0,0,15,10,25,0,0,109,6,115,0,0,124,16,140,64,0,64,204
10/07/2022,HGR,MD,AEA,EN,Federal Contract Tower,2,0,8,2,12,0,4,16,11,31,2,4,24,13,43,0,0,0,43
10/08/2022,HGR,MD,AEA,EN,Federal Contract Tower,0,0,8,0,8,0,4,103,0,107,0,4,111,0,115,26,0,26,141
10/09/2022,HGR,MD,AEA,EN,Federal Contract Tower,0,0,11,0,11,0,1,83,1,85,0,1,94,1,96,64,0,64,160
10/10/2022,HGR,MD,AEA,EN,Federal Contract Tower,2,0,12,0,14,0,6,76,4,86,2,6,88,4,100,60,0,60,160
10/11/2022,HGR,MD,AEA,EN,Federal Contract Tower,0,0,12,0,12,0,15,105,5,125,0,15,117,5,137,76,0,76,213
10/12/2022,HGR,MD,AEA,EN,Federal Contract Tower,0,1,16,3,20,0,15,99,9,123,0,16,115,12,143,50,0,50,193
10/13/2022,HGR,MD,AEA,EN,Federal Contract Tower,0,4,5,2,11,0,2,3,0,5,0,6,8,2,16,4,0,4,20
10/14/2022,HGR,MD,AEA,EN,Federal Contract Tower,2,2,27,5,36,0,3,81,3,87,2,5,108,8,123,46,0,46,169
10/15/2022,HGR,MD,AEA,EN,Federal Contract Tower,0,0,5,0,5,0,1,119,0,120,0,1,124,0,125,6,0,6,131
10/16/2022,HGR,MD,AEA,EN,Federal Contract Tower,0,0,2,0,2,0,2,148,0,150,0,2,150,0,152,68,0,68,220
10/17/2022,HGR,MD,AEA,EN,Federal Contract Tower,2,4,13,1,20,0,14,54,1,69,2,18,67,2,89,32,0,32,121
10/18/2022,HGR,MD,AEA,EN,Federal Contract Tower,0,1,6,5,12,0,4,61,8,73,0,5,67,13,85,34,0,34,119
10/19/2022,HGR,MD,AEA,EN,Federal Contract Tower,0,2,13,9,24,0,5,57,17,79,0,7,70,26,103,32,4,36,139
10/20/2022,HGR,MD,AEA,EN,Federal Contract Tower,0,3,9,6,18,0,2,70,16,88,0,5,79,22,106,88,12,100,206
10/21/2022,HGR,MD,AEA,EN,Federal Contract Tower,2,0,17,5,24,0,0,93,15,108,2,0,110,20,132,70,0,70,202
10/22/2022,HGR,MD,AEA,EN,Federal Contract Tower,0,0,13,2,15,0,0,100,0,100,0,0,113,2,115,24,0,24,139
10/23/2022,HGR,MD,AEA,EN,Federal Contract Tower,0,3,22,0,25,0,0,72,0,72,0,3,94,0,97,26,0,26,123
10/24/2022,HGR,MD,AEA,EN,Federal Contract Tower,2,0,17,1,20,0,6,29,0,35,2,6,46,1,55,30,0,30,85
10/25/2022,HGR,MD,AEA,EN,Federal Contract Tower,0,2,37,6,45,0,1,13,2,16,0,3,50,8,61,0,0,0,61
10/26/2022,HGR,MD,AEA,EN,Federal Contract Tower,0,0,15,4,19,0,3,4,3,10,0,3,19,7,29,16,0,16,45
10/27/2022,HGR,MD,AEA,EN,Federal Contract Tower,0,8,16,6,30,0,3,52,9,64,0,11,68,15,94,52,0,52,146
10/28/2022,HGR,MD,AEA,EN,Federal Contract Tower,2,0,9,5,16,0,6,55,10,71,2,6,64,15,87,42,6,48,135
10/29/2022,HGR,MD,AEA,EN,Federal Contract Tower,0,1,9,0,10,0,1,68,0,69,0,2,77,0,79,54,0,54,133
10/30/2022,HGR,MD,AEA,EN,Federal Contract Tower,0,0,15,0,15,0,2,109,2,113,0,2,124,2,128,76,0,76,204
10/31/2022,HGR,MD,AEA,EN,Federal Contract Tower,2,2,24,1,29,0,5,4,0,9,2,7,28,1,38,0,0,0,38
11/02/2022,HGR,MD,AEA,EN,Federal Contract Tower,0,1,13,7,21,0,4,62,13,79,0,5,75,20,100,46,4,50,150
11/03/2022,HGR,MD,AEA,EN,Federal Contract Tower,0,1,9,5,15,0,9,92,11,112,0,10,101,16,127,74,0,74,201
11/04/2022,HGR,MD,AEA,EN,Federal Contract Tower,2,2,17,4,25,0,7,69,4,80,2,9,86,8,105,62,0,62,167
11/05/2022,HGR,MD,AEA,EN,Federal Contract Tower,0,0,12,0,12,0,0,15,0,15,0,0,27,0,27,0,0,0,27
11/06/2022,HGR,MD,AEA,EN,Federal Contract Tower,0,0,17,0,17,0,2,8,0,10,0,2,25,0,27,0,0,0,27
11/07/2022,HGR,MD,AEA,EN,Federal Contract Tower,2,0,3,2,7,0,11,54,11,76,2,11,57,13,83,58,16,74,157
11/08/2022,HGR,MD,AEA,EN,Federal Contract Tower,0,0,10,5,15,0,5,61,11,77,0,5,71,16,92,72,0,72,164
11/09/2022,HGR,MD,AEA,EN,Federal Contract Tower,0,1,14,3,18,0,4,74,17,95,0,5,88,20,113,120,0,120,233
11/10/2022,HGR,MD,AEA,EN,Federal Contract Tower,0,3,17,2,22,0,2,78,5,85,0,5,95,7,107,110,0,110,217
11/11/2022,HGR,MD,AEA,EN,Federal Contract Tower,2,0,3,2,7,0,0,0,0,0,2,0,3,2,7,0,0,0,7
11/12/2022,HGR,MD,AEA,EN,Federal Contract Tower,0,0,5,0,5,0,1,16,0,17,0,1,21,0,22,2,0,2,24
11/13/2022,HGR,MD,AEA,EN,Federal Contract Tower,0,0,2,0,2,0,2,21,1,24,0,2,23,1,26,4,0,4,30
11/14/2022,HGR,MD,AEA,EN,Federal Contract Tower,2,1,8,2,13,0,5,52,13,70,2,6,60,15,83,50,0,50,133
11/15/2022,HGR,MD,AEA,EN,Federal Contract Tower,0,2,7,5,14,0,0,6,4,10,0,2,13,9,24,0,0,0,24
11/16/2022,HGR,MD,AEA,EN,Federal Contract Tower,0,7,13,13,33,0,2,11,5,18,0,9,24,18,51,16,0,16,67
11/17/2022,HGR,MD,AEA,EN,Federal Contract Tower,0,3,10,11,24,0,2,26,4,32,0,5,36,15,56,30,0,30,86
11/18/2022,HGR,MD,AEA,EN,Federal Contract Tower,2,0,9,4,15,0,0,45,5,50,2,0,54,9,65,18,0,18,83
11/19/2022,HGR,MD,AEA,EN,Federal Contract Tower,2,0,11,0,13,0,4,68,3,75,2,4,79,3,88,48,6,54,142
11/20/2022,HGR,MD,AEA,EN,Federal Contract Tower,0,1,2,1,4,0,1,10,0,11,0,2,12,1,15,0,0,0,15
11/21/2022,HGR,MD,AEA,EN,Federal Contract Tower,2,2,11,11,26,0,0,47,8,55,2,2,58,19,81,86,0,86,167
11/22/2022,HGR,MD,AEA,EN,Federal Contract Tower,2,1,9,7,19,0,2,70,2,74,2,3,79,9,93,120,0,120,213
11/23/2022,HGR,MD,AEA,EN,Federal Contract Tower,2,1,12,3,18,0,6,93,4,103,2,7,105,7,121,106,0,106,227
11/24/2022,HGR,MD,AEA,EN,Federal Contract Tower,0,0,2,0,2,0,0,21,0,21,0,0,23,0,23,0,0,0,23
11/25/2022,HGR,MD,AEA,EN,Federal Contract Tower,0,0,0,0,0,0,1,8,0,9,0,1,8,0,9,16,0,16,25
11/26/2022,HGR,MD,AEA,EN,Federal Contract Tower,2,0,11,0,13,0,0,88,2,90,2,0,99,2,103,66,0,66,169
11/27/2022,HGR,MD,AEA,EN,Federal Contract Tower,2,0,2,0,4,0,0,2,0,2,2,0,4,0,6,0,0,0,6
11/28/2022,HGR,MD,AEA,EN,Federal Contract Tower,1,3,4,4,12,0,0,31,22,53,1,3,35,26,65,6,0,6,71
11/29/2022,HGR,MD,AEA,EN,Federal Contract Tower,2,6,6,4,18,0,4,43,6,53,2,10,49,10,71,26,8,34,105
11/30/2022,HGR,MD,AEA,EN,Federal Contract Tower,0,2,2,0,4,0,0,1,1,2,0,2,3,1,6,0,0,0,6
12/01/2022,HGR,MD,AEA,EN,Federal Contract Tower,2,3,10,3,18,0,5,31,8,44,2,8,41,11,62,16,0,16,78
12/02/2022,HGR,MD,AEA,EN,Federal Contract Tower,2,1,12,2,17,0,0,46,0,46,2,1,58,2,63,22,0,22,85
12/03/2022,HGR,MD,AEA,EN,Federal Contract Tower,0,0,6,0,6,0,0,3,1,4,0,0,9,1,10,0,0,0,10
12/04/2022,HGR,MD,AEA,EN,Federal Contract Tower,2,0,8,0,10,0,11,78,1,90,2,11,86,1,100,6,0,6,106
12/05/2022,HGR,MD,AEA,EN,Federal Contract Tower,2,0,3,1,6,0,4,45,0,49,2,4,48,1,55,18,0,18,73
12/06/2022,HGR,MD,AEA,EN,Federal Contract Tower,0,1,5,10,16,0,0,0,0,0,0,1,5,10,16,0,0,0,16
12/07/2022,HGR,MD,AEA,EN,Federal Contract Tower,0,2,13,9,24,0,0,0,0,0,0,2,13,9,24,0,0,0,24
12/08/2022,HGR,MD,AEA,EN,Federal Contract Tower,4,0,18,7,29,0,5,56,9,70,4,5,74,16,99,18,0,18,117
12/09/2022,HGR,MD,AEA,EN,Federal Contract Tower,2,0,17,7,26,0,6,106,7,119,2,6,123,14,145,84,0,84,229
12/10/2022,HGR,MD,AEA,EN,Federal Contract Tower,0,0,8,0,8,0,0,36,0,36,0,0,44,0,44,34,0,34,78
12/11/2022,HGR,MD,AEA,EN,Federal Contract Tower,2,0,7,0,9,0,0,0,0,0,2,0,7,0,9,0,0,0,9
12/12/2022,HGR,MD,AEA,EN,Federal Contract Tower,2,2,6,4,14,0,0,26,7,33,2,2,32,11,47,10,0,10,57
12/13/2022,HGR,MD,AEA,EN,Federal Contract Tower,0,4,8,4,16,0,0,63,13,76,0,4,71,17,92,56,18,74,166
12/14/2022,HGR,MD,AEA,EN,Federal Contract Tower,0,3,16,6,25,0,12,67,7,86,0,15,83,13,111,86,0,86,197
12/15/2022,HGR,MD,AEA,EN,Federal Contract Tower,0,2,3,0,5,0,0,0,0,0,0,2,3,0,5,0,0,0,5
12/16/2022,HGR,MD,AEA,EN,Federal Contract Tower,2,1,10,4,17,0,1,47,0,48,2,2,57,4,65,24,0,24,89
12/17/2022,HGR,MD,AEA,EN,Federal Contract Tower,2,0,9,0,11,0,0,23,5,28,2,0,32,5,39,0,0,0,39
12/18/2022,HGR,MD,AEA,EN,Federal Contract Tower,0,0,7,0,7,0,0,14,0,14,0,0,21,0,21,10,0,10,31
12/19/2022,HGR,MD,AEA,EN,Federal Contract Tower,2,1,15,11,29,0,0,31,1,32,2,1,46,12,61,8,0,8,69
12/20/2022,HGR,MD,AEA,EN,Federal Contract Tower,2,3,11,7,23,0,2,85,14,101,2,5,96,21,124,36,0,36,160
12/21/2022,HGR,MD,AEA,EN,Federal Contract Tower,0,10,19,2,31,0,10,76,12,98,0,20,95,14,129,58,0,58,187
12/22/2022,HGR,MD,AEA,EN,Federal Contract Tower,4,0,2,0,6,0,0,0,0,0,4,0,2,0,6,0,0,0,6
12/23/2022,HGR,MD,AEA,EN,Federal Contract Tower,0,0,2,0,2,0,0,0,0,0,0,0,2,0,2,0,0,0,2
12/24/2022,HGR,MD,AEA,EN,Federal Contract Tower,2,0,1,0,3,0,0,1,0,1,2,0,2,0,4,0,0,0,4
12/25/2022,HGR,MD,AEA,EN,Federal Contract Tower,0,0,0,0,0,0,1,3,0,4,0,1,3,0,4,6,0,6,10
12/26/2022,HGR,MD,AEA,EN,Federal Contract Tower,2,2,6,1,11,0,3,26,4,33,2,5,32,5,44,0,0,0,44
12/27/2022,HGR,MD,AEA,EN,Federal Contract Tower,2,6,14,0,22,0,1,32,0,33,2,7,46,0,55,0,0,0,55
12/28/2022,HGR,MD,AEA,EN,Federal Contract Tower,0,1,6,0,7,0,8,82,5,95,0,9,88,5,102,62,8,70,172
12/29/2022,HGR,MD,AEA,EN,Federal Contract Tower,4,6,13,3,26,0,18,98,5,121,4,24,111,8,147,46,0,46,193
12/30/2022,HGR,MD,AEA,EN,Federal Contract Tower,0,0,19,0,19,0,4,99,3,106,0,4,118,3,125,92,0,92,217
12/31/2022,HGR,MD,AEA,EN,Federal Contract Tower,2,0,4,0,6,0,0,2,0,2,2,0,6,0,8,0,0,0,8
01/01/2023,HGR,MD,AEA,EN,Federal Contract Tower,0,0,6,0,6,0,2,47,0,49,0,2,53,0,55,22,0,22,77
01/02/2023,HGR,MD,AEA,EN,Federal Contract Tower,2,1,14,1,18,0,1,39,5,45,2,2,53,6,63,32,4,36,99
01/03/2023,HGR,MD,AEA,EN,Federal Contract Tower,2,3,10,0,15,0,0,2,0,2,2,3,12,0,17,0,0,0,17
01/04/2023,HGR,MD,AEA,EN,Federal Contract Tower,0,2,4,3,9,0,6,11,0,17,0,8,15,3,26,0,0,0,26
01/05/2023,HGR,MD,AEA,EN,Federal Contract Tower,2,2,6,5,15,0,9,28,5,42,2,11,34,10,57,22,0,22,79
01/06/2023,HGR,MD,AEA,EN,Federal Contract Tower,1,1,5,3,10,0,2,23,3,28,1,3,28,6,38,14,0,14,52
01/07/2023,HGR,MD,AEA,EN,Federal Contract Tower,0,0,4,0,4,0,3,21,0,24,0,3,25,0,28,8,0,8,36
01/08/2023,HGR,MD,AEA,EN,Federal Contract Tower,2,0,12,0,14,0,2,66,2,70,2,2,78,2,84,34,0,34,118
01/09/2023,HGR,MD,AEA,EN,Federal Contract Tower,2,1,3,4,10,0,1,37,12,50,2,2,40,16,60,56,0,56,116
01/10/2023,HGR,MD,AEA,EN,Federal Contract Tower,0,2,12,7,21,0,5,55,16,76,0,7,67,23,97,50,0,50,147
01/11/2023,HGR,MD,AEA,EN,Federal Contract Tower,0,1,10,6,17,0,7,35,9,51,0,8,45,15,68,50,8,58,126
01/12/2023,HGR,MD,AEA,EN,Federal Contract Tower,2,8,8,6,24,0,0,2,0,2,2,8,10,6,26,8,0,8,34
01/13/2023,HGR,MD,AEA,EN,Federal Contract Tower,2,1,10,3,16,0,2,15,2,19,2,3,25,5,35,10,0,10,45
01/14/2023,HGR,MD,AEA,EN,Federal Contract Tower,0,0,4,0,4,0,0,3,0,3,0,0,7,0,7,20,0,20,27
01/15/2023,HGR,MD,AEA,EN,Federal Contract Tower,2,0,8,0,10,0,0,22,0,22,2,0,30,0,32,38,0,38,70
01/16/2023,HGR,MD,AEA,EN,Federal Contract Tower,2,3,9,0,14,0,1,91,2,94,2,4,100,2,108,54,0,54,162
01/17/2023,HGR,MD,AEA,EN,Federal Contract Tower,0,1,7,3,11,0,1,26,5,32,0,2,33,8,43,48,0,48,91
01/18/2023,HGR,MD,AEA,EN,Federal Contract Tower,0,4,5,4,13,0,1,37,5,43,0,5,42,9,56,46,0,46,102
01/19/2023,HGR,MD,AEA,EN,Federal Contract Tower,2,2,25,4,33,0,0,0,0,0,2,2,25,4,33,0,0,0,33
01/20/2023,HGR,MD,AEA,EN,Federal Contract Tower,2,2,2,6,12,0,1,5,3,9,2,3,7,9,21,0,0,0,21
01/21/2023,HGR,MD,AEA,EN,Federal Contract Tower,0,0,4,0,4,0,4,52,0,56,0,4,56,0,60,16,0,16,76
01/22/2023,HGR,MD,AEA,EN,Federal Contract Tower,2,0,4,0,6,0,0,11,0,11,2,0,15,0,17,0,0,0,17
01/23/2023,HGR,MD,AEA,EN,Federal Contract Tower,0,3,6,2,11,0,0,2,0,2,0,3,8,2,13,24,0,24,37
01/24/2023,HGR,MD,AEA,EN,Federal Contract Tower,0,2,15,6,23,0,6,127,23,156,0,8,142,29,179,116,0,116,295
01/25/2023,HGR,MD,AEA,EN,Federal Contract Tower,0,4,4,0,8,0,0,0,0,0,0,4,4,0,8,0,0,0,8
01/26/2023,HGR,MD,AEA,EN,Federal Contract Tower,2,4,15,3,24,0,0,6,6,12,2,4,21,9,36,0,0,0,36
01/27/2023,HGR,MD,AEA,EN,Federal Contract Tower,2,2,7,3,14,0,2,29,14,45,2,4,36,17,59,42,0,42,101
01/28/2023,HGR,MD,AEA,EN,Federal Contract Tower,0,1,7,0,8,0,0,71,4,75,0,1,78,4,83,46,0,46,129
01/29/2023,HGR,MD,AEA,EN,Federal Contract Tower,2,0,10,0,12,0,0,29,0,29,2,0,39,0,41,45,0,45,86
01/30/2023,HGR,MD,AEA,EN,Federal Contract Tower,2,4,8,4,18,0,3,46,2,51,2,7,54,6,69,64,0,64,133
01/31/2023,HGR,MD,AEA,EN,Federal Contract Tower,0,4,3,6,13,0,5,10,4,19,0,9,13,10,32,14,0,14,46
02/01/2023,HGR,MD,AEA,EN,Federal Contract Tower,0,4,20,5,29,0,4,47,0,51,0,8,67,5,80,82,0,82,162
02/02/2023,HGR,MD,AEA,EN,Federal Contract Tower,2,3,17,3,25,0,1,57,2,60,2,4,74,5,85,82,0,82,167
02/03/2023,HGR,MD,AEA,EN,Federal Contract Tower,1,0,5,3,9,0,0,6,11,17,1,0,11,14,26,2,0,2,28
02/04/2023,HGR,MD,AEA,EN,Federal Contract Tower,0,0,7,4,11,0,3,29,5,37,0,3,36,9,48,10,0,10,58
02/05/2023,HGR,MD,AEA,EN,Federal Contract Tower,2,0,5,0,7,0,0,35,1,36,2,0,40,1,43,12,0,12,55
02/06/2023,HGR,MD,AEA,EN,Federal Contract Tower,2,0,4,6,12,0,1,12,6,19,2,1,16,12,31,6,0,6,37
02/07/2023,HGR,MD,AEA,EN,Federal Contract Tower,0,5,4,1,10,0,2,44,5,51,0,7,48,6,61,38,0,38,99
02/08/2023,HGR,MD,AEA,EN,Federal Contract Tower,0,1,11,4,16,0,11,47,21,79,0,12,58,25,95,30,8,38,133
02/09/2023,HGR,MD,AEA,EN,Federal Contract Tower,2,2,10,12,26,0,1,27,24,52,2,3,37,36,78,40,16,56,134
02/10/2023,HGR,MD,AEA,EN,Federal Contract Tower,2,0,14,5,21,0,1,27,15,43,2,1,41,20,64,16,0,16,80
02/11/2023,HGR,MD,AEA,EN,Federal Contract Tower,0,1,10,0,11,0,5,97,1,103,0,6,107,1,114,84,0,84,198
02/12/2023,HGR,MD,AEA,EN,Federal Contract Tower,2,0,5,0,7,0,0,42,0,42,2,0,47,0,49,24,0,24,73
02/13/2023,HGR,MD,AEA,EN,Federal Contract Tower,2,1,12,2,17,0,0,34,13,47,2,1,46,15,64,8,0,8,72
02/14/2023,HGR,MD,AEA,EN,Federal Contract Tower,0,4,18,5,27,0,3,68,6,77,0,7,86,11,104,76,0,76,180
02/15/2023,HGR,MD,AEA,EN,Federal Contract Tower,0,10,7,8,25,0,5,27,9,41,0,15,34,17,66,36,0,36,102
02/16/2023,HGR,MD,AEA,EN,Federal Contract Tower,2,7,10,2,21,0,1,7,4,12,2,8,17,6,33,0,0,0,33
02/17/2023,HGR,MD,AEA,EN,Federal Contract Tower,2,4,5,0,11,0,1,6,0,7,2,5,11,0,18,0,0,0,18
02/18/2023,HGR,MD,AEA,EN,Federal Contract Tower,0,0,6,0,6,0,2,66,2,70,0,2,72,2,76,44,0,44,120
02/19/2023,HGR,MD,AEA,EN,Federal Contract Tower,2,0,13,0,15,0,2,47,5,54,2,2,60,5,69,42,0,42,111
02/20/2023,HGR,MD,AEA,EN,Federal Contract Tower,2,5,9,2,18,0,15,71,0,86,2,20,80,2,104,10,0,10,114
02/21/2023,HGR,MD,AEA,EN,Federal Contract Tower,0,5,9,9,23,0,2,27,5,34,0,7,36,14,57,36,0,36,93
02/22/2023,HGR,MD,AEA,EN,Federal Contract Tower,0,8,7,10,25,0,5,21,9,35,0,13,28,19,60,14,6,20,80
02/23/2023,HGR,MD,AEA,EN,Federal Contract Tower,2,5,13,7,27,0,0,53,29,82,2,5,66,36,109,44,6,50,159
02/24/2023,HGR,MD,AEA,EN,Federal Contract Tower,2,6,8,10,26,0,1,18,5,24,2,7,26,15,50,0,0,0,50
02/25/2023,HGR,MD,AEA,EN,Federal Contract Tower,0,2,4,0,6,0,0,13,0,13,0,2,17,0,19,12,0,12,31
02/26/2023,HGR,MD,AEA,EN,Federal Contract Tower,2,0,7,0,9,0,0,28,0,28,2,0,35,0,37,32,0,32,69
02/27/2023,HGR,MD,AEA,EN,Federal Contract Tower,2,2,2,10,16,0,2,8,1,11,2,4,10,11,27,10,0,10,37
02/28/2023,HGR,MD,AEA,EN,Federal Contract Tower,0,4,11,6,21,0,5,23,6,34,0,9,34,12,55,14,0,14,69
03/01/2023,HGR,MD,AEA,EN,Federal Contract Tower,0,7,6,4,17,0,2,35,24,61,0,9,41,28,78,18,0,18,96
03/02/2023,HGR,MD,AEA,EN,Federal Contract Tower,2,2,12,1,17,0,2,37,14,53,2,4,49,15,70,24,0,24,94
03/03/2023,HGR,MD,AEA,EN,Federal Contract Tower,1,1,5,0,7,0,2,12,0,14,1,3,17,0,21,16,0,16,37
03/04/2023,HGR,MD,AEA,EN,Federal Contract Tower,0,0,4,0,4,0,0,5,3,8,0,0,9,3,12,6,8,14,26
03/05/2023,HGR,MD,AEA,EN,Federal Contract Tower,2,2,16,0,20,0,0,56,2,58,2,2,72,2,78,10,0,10,88
03/06/2023,HGR,MD,AEA,EN,Federal Contract Tower,0,4,10,2,16,0,3,77,7,87,0,7,87,9,103,132,0,132,235
03/07/2023,HGR,MD,AEA,EN,Federal Contract Tower,0,6,2,3,11,0,0,4,13,17,0,6,6,16,28,0,0,0,28
03/08/2023,HGR,MD,AEA,EN,Federal Contract Tower,0,4,2,3,9,0,3,25,22,50,0,7,27,25,59,8,0,8,67
03/09/2023,HGR,MD,AEA,EN,Federal Contract Tower,2,2,17,6,27,0,1,90,21,112,2,3,107,27,139,70,0,70,209
03/10/2023,HGR,MD,AEA,EN,Federal Contract Tower,0,1,7,2,10,0,0,3,0,3,0,1,10,2,13,0,0,0,13
03/11/2023,HGR,MD,AEA,EN,Federal Contract Tower,0,0,3,0,3,0,0,1,0,1,0,0,4,0,4,0,0,0,4
03/12/2023,HGR,MD,AEA,EN,Federal Contract Tower,2,0,5,0,7,0,37,0,0,37,2,37,5,0,44,22,0,22,66
03/13/2023,HGR,MD,AEA,EN,Federal Contract Tower,1,1,18,4,24,0,3,14,3,20,1,4,32,7,44,0,0,0,44
03/14/2023,HGR,MD,AEA,EN,Federal Contract Tower,0,3,3,1,7,0,3,11,0,14,0,6,14,1,21,0,0,0,21
03/15/2023,HGR,MD,AEA,EN,Federal Contract Tower,0,2,4,5,11,0,4,0,4,8,0,6,4,9,19,16,0,16,35
03/16/2023,HGR,MD,AEA,EN,Federal Contract Tower,2,2,15,2,21,0,6,111,4,121,2,8,126,6,142,84,0,84,226
03/17/2023,HGR,MD,AEA,EN,Federal Contract Tower,2,1,11,4,18,0,8,21,0,29,2,9,32,4,47,4,0,4,51
03/18/2023,HGR,MD,AEA,EN,Federal Contract Tower,0,0,2,0,2,0,3,25,0,28,0,3,27,0,30,10,0,10,40
03/19/2023,HGR,MD,AEA,EN,Federal Contract Tower,2,3,1,0,6,0,4,16,0,20,2,7,17,0,26,16,0,16,42
03/20/2023,HGR,MD,AEA,EN,Federal Contract Tower,2,6,21,1,30,0,4,84,16,104,2,10,105,17,134,56,4,60,194
03/21/2023,HGR,MD,AEA,EN,Federal Contract Tower,0,6,7,0,13,0,5,79,7,91,0,11,86,7,104,108,0,108,212
03/22/2023,HGR,MD,AEA,EN,Federal Contract Tower,0,5,5,4,14,0,9,59,11,79,0,14,64,15,93,68,0,68,161
03/23/2023,HGR,MD,AEA,EN,Federal Contract Tower,2,1,12,4,19,0,0,2,8,10,2,1,14,12,29,0,0,0,29
03/24/2023,HGR,MD,AEA,EN,Federal Contract Tower,2,1,8,8,19,0,0,6,0,6,2,1,14,8,25,12,0,12,37
03/25/2023,HGR,MD,AEA,EN,Federal Contract Tower,0,0,10,0,10,0,0,1,0,1,0,0,11,0,11,0,0,0,11
03/26/2023,HGR,MD,AEA,EN,Federal Contract Tower,2,0,19,0,21,0,0,83,1,84,2,0,102,1,105,46,0,46,151
03/27/2023,HGR,MD,AEA,EN,Federal Contract Tower,2,0,5,0,7,0,0,26,0,26,2,0,31,0,33,42,0,42,75
03/28/2023,HGR,MD,AEA,EN,Federal Contract Tower,0,2,6,13,21,0,4,39,11,54,0,6,45,24,75,6,6,12,87
03/29/2023,HGR,MD,AEA,EN,Federal Contract Tower,0,4,4,3,11,0,6,64,5,75,0,10,68,8,86,68,12,80,166
03/30/2023,HGR,MD,AEA,EN,Federal Contract Tower,2,1,15,8,26,0,2,91,17,110,2,3,106,25,136,74,0,74,210
03/31/2023,HGR,MD,AEA,EN,Federal Contract Tower,0,1,7,6,14,0,2,15,0,17,0,3,22,6,31,70,0,70,101
04/01/2023,HGR,MD,AEA,EN,Federal Contract Tower,0,0,0,0,0,0,0,0,0,0,0,0,0,0,0,0,0,0,0
04/02/2023,HGR,MD,AEA,EN,Federal Contract Tower,2,0,10,0,12,0,2,56,2,60,2,2,66,2,72,22,6,28,100
04/03/2023,HGR,MD,AEA,EN,Federal Contract Tower,2,0,6,0,8,0,2,30,0,32,2,2,36,0,40,6,0,6,46
04/04/2023,HGR,MD,AEA,EN,Federal Contract Tower,0,0,8,1,9,0,5,83,8,96,0,5,91,9,105,132,0,132,237
04/05/2023,HGR,MD,AEA,EN,Federal Contract Tower,0,1,12,6,19,0,7,38,5,50,0,8,50,11,69,40,0,40,109
04/06/2023,HGR,MD,AEA,EN,Federal Contract Tower,2,4,9,3,18,0,1,18,4,23,2,5,27,7,41,14,0,14,55
04/07/2023,HGR,MD,AEA,EN,Federal Contract Tower,2,1,9,0,12,0,0,22,7,29,2,1,31,7,41,12,0,12,53
04/08/2023,HGR,MD,AEA,EN,Federal Contract Tower,0,0,0,0,0,0,2,53,2,57,0,2,53,2,57,6,0,6,63
04/09/2023,HGR,MD,AEA,EN,Federal Contract Tower,2,0,3,0,5,0,3,18,4,25,2,3,21,4,30,0,0,0,30
04/10/2023,HGR,MD,AEA,EN,Federal Contract Tower,2,4,10,0,16,0,9,55,5,69,2,13,65,5,85,52,0,52,137
04/11/2023,HGR,MD,AEA,EN,Federal Contract Tower,0,4,4,0,8,0,10,66,23,99,0,14,70,23,107,72,0,72,179
04/12/2023,HGR,MD,AEA,EN,Federal Contract Tower,0,2,9,1,12,0,2,48,1,51,0,4,57,2,63,30,0,30,93
04/13/2023,HGR,MD,AEA,EN,Federal Contract Tower,2,4,4,3,13,0,2,70,5,77,2,6,74,8,90,78,0,78,168
04/14/2023,HGR,MD,AEA,EN,Federal Contract Tower,2,1,9,6,18,0,3,98,2,103,2,4,107,8,121,94,0,94,215
04/15/2023,HGR,MD,AEA,EN,Federal Contract Tower,0,2,10,0,12,0,0,12,1,13,0,2,22,1,25,20,0,20,45
04/16/2023,HGR,MD,AEA,EN,Federal Contract Tower,2,1,10,0,13,0,1,108,0,109,2,2,118,0,122,66,0,66,188
04/17/2023,HGR,MD,AEA,EN,Federal Contract Tower,2,0,5,1,8,0,6,16,8,30,2,6,21,9,38,4,0,4,42
04/18/2023,HGR,MD,AEA,EN,Federal Contract Tower,0,0,4,4,8,0,6,31,13,50,0,6,35,17,58,12,0,12,70
04/19/2023,HGR,MD,AEA,EN,Federal Contract Tower,0,0,11,3,14,0,4,64,17,85,0,4,75,20,99,40,0,40,139
04/20/2023,HGR,MD,AEA,EN,Federal Contract Tower,2,1,11,1,15,0,0,63,12,75,2,1,74,13,90,52,0,52,142
04/21/2023,HGR,MD,AEA,EN,Federal Contract Tower,2,0,11,0,13,0,3,38,7,48,2,3,49,7,61,26,0,26,87
04/22/2023,HGR,MD,AEA,EN,Federal Contract Tower,0,0,2,2,4,0,0,1,2,3,0,0,3,4,7,0,0,0,7
04/23/2023,HGR,MD,AEA,EN,Federal Contract Tower,2,1,12,0,15,0,8,31,4,43,2,9,43,4,58,10,0,10,68
04/24/2023,HGR,MD,AEA,EN,Federal Contract Tower,2,2,15,1,20,0,3,47,2,52,2,5,62,3,72,46,0,46,118
04/25/2023,HGR,MD,AEA,EN,Federal Contract Tower,0,3,13,2,18,0,4,77,6,87,0,7,90,8,105,74,0,74,179
04/26/2023,HGR,MD,AEA,EN,Federal Contract Tower,0,0,5,5,10,0,5,43,7,55,0,5,48,12,65,64,0,64,129
04/27/2023,HGR,MD,AEA,EN,Federal Contract Tower,2,1,14,6,23,0,4,49,1,54,2,5,63,7,77,20,0,20,97
04/28/2023,HGR,MD,AEA,EN,Federal Contract Tower,2,0,5,2,9,0,0,0,0,0,2,0,5,2,9,0,0,0,9
04/29/2023,HGR,MD,AEA,EN,Federal Contract Tower,0,1,19,0,20,0,0,22,0,22,0,1,41,0,42,0,0,0,42
04/30/2023,HGR,MD,AEA,EN,Federal Contract Tower,2,0,7,0,9,0,0,0,0,0,2,0,7,0,9,0,0,0,9
05/01/2023,HGR,MD,AEA,EN,Federal Contract Tower,2,0,7,3,12,0,0,3,2,5,2,0,10,5,17,0,6,6,23
05/02/2023,HGR,MD,AEA,EN,Federal Contract Tower,0,1,8,0,9,0,10,3,1,14,0,11,11,1,23,0,0,0,23
05/03/2023,HGR,MD,AEA,EN,Federal Contract Tower,0,3,9,8,20,0,1,11,0,12,0,4,20,8,32,8,0,8,40
05/04/2023,HGR,MD,AEA,EN,Federal Contract Tower,2,1,12,14,29,0,2,22,17,41,2,3,34,31,70,30,0,30,100
05/05/2023,HGR,MD,AEA,EN,Federal Contract Tower,2,2,9,5,18,0,4,94,3,101,2,6,103,8,119,58,2,60,179
05/06/2023,HGR,MD,AEA,EN,Federal Contract Tower,0,5,4,2,11,0,4,74,2,80,0,9,78,4,91,28,0,28,119
05/07/2023,HGR,MD,AEA,EN,Federal Contract Tower,2,0,12,0,14,0,3,54,0,57,2,3,66,0,71,10,0,10,81
05/08/2023,HGR,MD,AEA,EN,Federal Contract Tower,2,0,9,2,13,0,2,37,2,41,2,2,46,4,54,30,0,30,84
05/09/2023,HGR,MD,AEA,EN,Federal Contract Tower,0,1,14,5,20,0,8,44,0,52,0,9,58,5,72,42,0,42,114
05/10/2023,HGR,MD,AEA,EN,Federal Contract Tower,0,5,11,2,18,0,6,87,6,99,0,11,98,8,117,70,4,74,191
05/11/2023,HGR,MD,AEA,EN,Federal Contract Tower,2,0,13,2,17,0,5,80,4,89,2,5,93,6,106,64,0,64,170
05/12/2023,HGR,MD,AEA,EN,Federal Contract Tower,2,2,10,7,21,0,0,71,3,74,2,2,81,10,95,56,0,56,151
05/13/2023,HGR,MD,AEA,EN,Federal Contract Tower,0,0,8,1,9,0,1,14,0,15,0,1,22,1,24,22,0,22,46
05/14/2023,HGR,MD,AEA,EN,Federal Contract Tower,2,0,12,0,14,0,1,107,0,108,2,1,119,0,122,54,0,54,176
05/15/2023,HGR,MD,AEA,EN,Federal Contract Tower,2,0,7,4,13,0,3,69,0,72,2,3,76,4,85,36,0,36,121
05/16/2023,HGR,MD,AEA,EN,Federal Contract Tower,0,0,11,4,15,0,6,48,14,68,0,6,59,18,83,68,0,68,151
05/17/2023,HGR,MD,AEA,EN,Federal Contract Tower,0,4,3,4,11,0,4,55,12,71,0,8,58,16,82,20,0,20,102
05/18/2023,HGR,MD,AEA,EN,Federal Contract Tower,2,0,11,3,16,0,5,71,20,96,2,5,82,23,112,70,2,72,184
05/19/2023,HGR,MD,AEA,EN,Federal Contract Tower,2,1,21,0,24,0,0,43,2,45,2,1,64,2,69,18,0,18,87
05/20/2023,HGR,MD,AEA,EN,Federal Contract Tower,0,1,7,0,8,0,0,44,0,44,0,1,51,0,52,32,0,32,84
05/21/2023,HGR,MD,AEA,EN,Federal Contract Tower,2,0,6,0,8,0,94,0,0,94,2,94,6,0,102,28,0,28,130
05/22/2023,HGR,MD,AEA,EN,Federal Contract Tower,2,2,16,0,20,0,11,54,2,67,2,13,70,2,87,40,0,40,127
05/23/2023,HGR,MD,AEA,EN,Federal Contract Tower,0,2,19,2,23,0,3,68,14,85,0,5,87,16,108,140,2,142,250
05/24/2023,HGR,MD,AEA,EN,Federal Contract Tower,0,2,11,5,18,0,7,70,23,100,0,9,81,28,118,46,0,46,164
05/25/2023,HGR,MD,AEA,EN,Federal Contract Tower,2,0,17,1,20,0,6,63,12,81,2,6,80,13,101,24,0,24,125
05/26/2023,HGR,MD,AEA,EN,Federal Contract Tower,4,1,10,1,16,0,3,87,10,100,4,4,97,11,116,40,4,44,160
05/27/2023,HGR,MD,AEA,EN,Federal Contract Tower,0,0,14,0,14,0,1,52,5,58,0,1,66,5,72,0,0,0,72
05/28/2023,HGR,MD,AEA,EN,Federal Contract Tower,2,1,11,0,14,0,2,52,0,54,2,3,63,0,68,68,0,68,136
05/29/2023,HGR,MD,AEA,EN,Federal Contract Tower,4,0,2,0,6,0,2,32,0,34,4,2,34,0,40,52,0,52,92
05/30/2023,HGR,MD,AEA,EN,Federal Contract Tower,0,0,10,5,15,0,6,62,14,82,0,6,72,19,97,68,0,68,165
05/31/2023,HGR,MD,AEA,EN,Federal Contract Tower,0,0,10,6,16,0,5,49,9,63,0,5,59,15,79,44,0,44,123
06/01/2023,HGR,MD,AEA,EN,Federal Contract Tower,2,1,28,2,33,0,5,66,5,76,2,6,94,7,109,26,0,26,135
06/02/2023,HGR,MD,AEA,EN,Federal Contract Tower,4,0,10,4,18,0,1,56,1,58,4,1,66,5,76,6,0,6,82
06/03/2023,HGR,MD,AEA,EN,Federal Contract Tower,0,0,8,0,8,0,0,85,12,97,0,0,93,12,105,56,0,56,161
06/04/2023,HGR,MD,AEA,EN,Federal Contract Tower,2,0,20,0,22,0,0,51,0,51,2,0,71,0,73,42,0,42,115
06/05/2023,HGR,MD,AEA,EN,Federal Contract Tower,4,1,14,1,20,0,5,54,4,63,4,6,68,5,83,22,0,22,105
06/06/2023,HGR,MD,AEA,EN,Federal Contract Tower,0,1,4,7,12,0,6,32,16,54,0,7,36,23,66,0,8,8,74
06/07/2023,HGR,MD,AEA,EN,Federal Contract Tower,0,7,12,12,31,0,6,43,8,57,0,13,55,20,88,20,0,20,108
06/08/2023,HGR,MD,AEA,EN,Federal Contract Tower,2,1,15,4,22,0,4,20,0,24,2,5,35,4,46,4,0,4,50
06/09/2023,HGR,MD,AEA,EN,Federal Contract Tower,3,1,13,2,19,0,0,21,2,23,3,1,34,4,42,8,0,8,50
06/10/2023,HGR,MD,AEA,EN,Federal Contract Tower,0,0,7,0,7,0,0,56,1,57,0,0,63,1,64,46,0,46,110
06/11/2023,HGR,MD,AEA,EN,Federal Contract Tower,2,0,9,1,12,0,0,52,3,55,2,0,61,4,67,12,0,12,79
06/12/2023,HGR,MD,AEA,EN,Federal Contract Tower,4,1,11,3,19,0,4,0,1,5,4,5,11,4,24,0,0,0,24
06/13/2023,HGR,MD,AEA,EN,Federal Contract Tower,0,0,10,2,12,0,5,69,0,74,0,5,79,2,86,52,0,52,138
06/14/2023,HGR,MD,AEA,EN,Federal Contract Tower,0,2,5,8,15,0,8,8,2,18,0,10,13,10,33,6,0,6,39
06/15/2023,HGR,MD,AEA,EN,Federal Contract Tower,2,0,17,4,23,0,3,95,26,124,2,3,112,30,147,44,2,46,193
06/16/2023,HGR,MD,AEA,EN,Federal Contract Tower,4,0,5,0,9,0,0,4,0,4,4,0,9,0,13,0,0,0,13
06/17/2023,HGR,MD,AEA,EN,Federal Contract Tower,0,1,14,0,15,0,2,84,0,86,0,3,98,0,101,4,0,4,105
06/18/2023,HGR,MD,AEA,EN,Federal Contract Tower,2,2,13,0,17,0,0,122,0,122,2,2,135,0,139,38,0,38,177
06/19/2023,HGR,MD,AEA,EN,Federal Contract Tower,4,2,7,0,13,0,2,45,0,47,4,4,52,0,60,32,0,32,92
06/20/2023,HGR,MD,AEA,EN,Federal Contract Tower,0,0,9,3,12,0,2,45,6,53,0,2,54,9,65,36,0,36,101
06/21/2023,HGR,MD,AEA,EN,Federal Contract Tower,0,4,7,2,13,0,4,24,0,28,0,8,31,2,41,44,0,44,85
06/22/2023,HGR,MD,AEA,EN,Federal Contract Tower,2,2,21,0,25,0,0,0,0,0,2,2,21,0,25,0,0,0,25
06/23/2023,HGR,MD,AEA,EN,Federal Contract Tower,5,0,11,3,19,0,0,1,0,1,5,0,12,3,20,0,0,0,20
06/24/2023,HGR,MD,AEA,EN,Federal Contract Tower,0,0,11,2,13,0,0,32,2,34,0,0,43,4,47,16,0,16,63
06/25/2023,HGR,MD,AEA,EN,Federal Contract Tower,2,0,15,0,17,0,4,53,4,61,2,4,68,4,78,22,0,22,100
06/26/2023,HGR,MD,AEA,EN,Federal Contract Tower,4,0,12,2,18,0,10,35,2,47,4,10,47,4,65,18,0,18,83
06/27/2023,HGR,MD,AEA,EN,Federal Contract Tower,0,0,13,3,16,0,9,34,25,68,0,9,47,28,84,40,16,56,140
06/28/2023,HGR,MD,AEA,EN,Federal Contract Tower,0,1,18,20,39,0,6,20,4,30,0,7,38,24,69,30,0,30,99
06/29/2023,HGR,MD,AEA,EN,Federal Contract Tower,2,1,45,13,61,0,0,2,0,2,2,1,47,13,63,0,0,0,63
06/30/2023,HGR,MD,AEA,EN,Federal Contract Tower,4,0,14,10,28,0,0,8,6,14,4,0,22,16,42,8,0,8,50
07/01/2023,HGR,MD,AEA,EN,Federal Contract Tower,0,0,10,1,11,0,0,13,30,43,0,0,23,31,54,0,20,20,74
07/02/2023,HGR,MD,AEA,EN,Federal Contract Tower,2,0,2,0,4,0,1,11,66,78,2,1,13,66,82,0,112,112,194
07/03/2023,HGR,MD,AEA,EN,Federal Contract Tower,4,0,4,0,8,0,3,14,72,89,4,3,18,72,97,16,114,130,227
07/04/2023,HGR,MD,AEA,EN,Federal Contract Tower,0,0,3,1,4,0,3,32,57,92,0,3,35,58,96,10,256,266,362
07/05/2023,HGR,MD,AEA,EN,Federal Contract Tower,0,0,8,0,8,0,6,42,43,91,0,6,50,43,99,10,203,213,312
07/06/2023,HGR,MD,AEA,EN,Federal Contract Tower,2,1,12,1,16,0,4,50,45,99,2,5,62,46,115,36,224,260,375
07/07/2023,HGR,MD,AEA,EN,Federal Contract Tower,3,2,5,3,13,0,1,29,52,82,3,3,34,55,95,28,102,130,225
07/08/2023,HGR,MD,AEA,EN,Federal Contract Tower,0,2,7,3,12,0,1,52,18,71,0,3,59,21,83,8,40,48,131
07/09/2023,HGR,MD,AEA,EN,Federal Contract Tower,2,0,6,0,8,0,1,7,0,8,2,1,13,0,16,0,0,0,16
07/10/2023,HGR,MD,AEA,EN,Federal Contract Tower,4,4,13,1,22,0,4,43,15,62,4,8,56,16,84,20,0,20,104
07/11/2023,HGR,MD,AEA,EN,Federal Contract Tower,0,0,10,6,16,0,4,68,16,88,0,4,78,22,104,60,10,70,174
07/12/2023,HGR,MD,AEA,EN,Federal Contract Tower,0,2,12,3,17,0,8,99,35,142,0,10,111,38,159,54,16,70,229
07/13/2023,HGR,MD,AEA,EN,Federal Contract Tower,2,2,4,8,16,0,2,30,21,53,2,4,34,29,69,0,0,0,69
07/14/2023,HGR,MD,AEA,EN,Federal Contract Tower,2,1,2,5,10,0,1,37,6,44,2,2,39,11,54,28,0,28,82
07/15/2023,HGR,MD,AEA,EN,Federal Contract Tower,0,1,11,0,12,0,1,61,3,65,0,2,72,3,77,4,10,14,91
07/16/2023,HGR,MD,AEA,EN,Federal Contract Tower,2,1,10,0,13,0,3,13,4,20,2,4,23,4,33,0,0,0,33
07/17/2023,HGR,MD,AEA,EN,Federal Contract Tower,4,0,8,4,16,0,0,26,7,33,4,0,34,11,49,20,0,20,69
07/18/2023,HGR,MD,AEA,EN,Federal Contract Tower,0,0,10,6,16,0,2,37,5,44,0,2,47,11,60,0,0,0,60
07/19/2023,HGR,MD,AEA,EN,Federal Contract Tower,0,2,17,5,24,0,3,65,24,92,0,5,82,29,116,72,0,72,188
07/20/2023,HGR,MD,AEA,EN,Federal Contract Tower,2,1,13,7,23,0,4,61,16,81,2,5,74,23,104,6,0,6,110
07/21/2023,HGR,MD,AEA,EN,Federal Contract Tower,4,3,14,9,30,0,2,26,2,30,4,5,40,11,60,40,0,40,100
07/22/2023,HGR,MD,AEA,EN,Federal Contract Tower,0,2,10,0,12,0,0,119,0,119,0,2,129,0,131,28,0,28,159
07/23/2023,HGR,MD,AEA,EN,Federal Contract Tower,2,0,11,1,14,0,1,62,1,64,2,1,73,2,78,34,0,34,112
07/24/2023,HGR,MD,AEA,EN,Federal Contract Tower,4,1,11,4,20,0,7,29,1,37,4,8,40,5,57,16,0,16,73
07/25/2023,HGR,MD,AEA,EN,Federal Contract Tower,0,0,11,1,12,0,10,40,2,52,0,10,51,3,64,38,0,38,102
07/26/2023,HGR,MD,AEA,EN,Federal Contract Tower,0,0,12,6,18,0,8,59,22,89,0,8,71,28,107,46,4,50,157
07/27/2023,HGR,MD,AEA,EN,Federal Contract Tower,2,1,4,2,9,0,3,48,8,59,2,4,52,10,68,16,0,16,84
07/28/2023,HGR,MD,AEA,EN,Federal Contract Tower,4,1,12,2,19,0,3,21,5,29,4,4,33,7,48,14,4,18,66
07/29/2023,HGR,MD,AEA,EN,Federal Contract Tower,0,0,5,0,5,0,2,22,0,24,0,2,27,0,29,16,0,16,45
07/30/2023,HGR,MD,AEA,EN,Federal Contract Tower,2,2,20,0,24,0,0,70,0,70,2,2,90,0,94,8,0,8,102
07/31/2023,HGR,MD,AEA,EN,Federal Contract Tower,3,1,10,0,14,0,0,45,10,55,3,1,55,10,69,42,0,42,111
08/01/2023,HGR,MD,AEA,EN,Federal Contract Tower,0,0,13,2,15,0,6,77,15,98,0,6,90,17,113,52,0,52,165
08/02/2023,HGR,MD,AEA,EN,Federal Contract Tower,0,2,16,3,21,0,5,62,26,93,0,7,78,29,114,24,2,26,140
08/03/2023,HGR,MD,AEA,EN,Federal Contract Tower,2,1,9,2,14,0,4,70,7,81,2,5,79,9,95,28,0,28,123
08/04/2023,HGR,MD,AEA,EN,Federal Contract Tower,4,1,22,2,29,0,3,48,0,51,4,4,70,2,80,26,0,26,106
08/05/2023,HGR,MD,AEA,EN,Federal Contract Tower,0,0,14,0,14,0,2,70,0,72,0,2,84,0,86,24,0,24,110
08/06/2023,HGR,MD,AEA,EN,Federal Contract Tower,2,0,6,0,8,0,3,93,2,98,2,3,99,2,106,38,0,38,144
08/07/2023,HGR,MD,AEA,EN,Federal Contract Tower,3,1,15,0,19,0,0,38,0,38,3,1,53,0,57,16,0,16,73
08/08/2023,HGR,MD,AEA,EN,Federal Contract Tower,0,0,13,6,19,0,6,45,5,56,0,6,58,11,75,32,0,32,107
08/09/2023,HGR,MD,AEA,EN,Federal Contract Tower,0,0,17,5,22,0,3,82,14,99,0,3,99,19,121,30,4,34,155
08/10/2023,HGR,MD,AEA,EN,Federal Contract Tower,2,3,11,15,31,0,0,5,2,7,2,3,16,17,38,0,0,0,38
08/11/2023,HGR,MD,AEA,EN,Federal Contract Tower,4,0,11,4,19,0,1,46,8,55,4,1,57,12,74,32,0,32,106
08/12/2023,HGR,MD,AEA,EN,Federal Contract Tower,0,2,4,0,6,0,1,64,0,65,0,3,68,0,71,108,0,108,179
08/13/2023,HGR,MD,AEA,EN,Federal Contract Tower,2,1,9,0,12,0,0,47,5,52,2,1,56,5,64,28,2,30,94
08/14/2023,HGR,MD,AEA,EN,Federal Contract Tower,3,0,7,3,13,0,2,36,2,40,3,2,43,5,53,58,0,58,111
08/15/2023,HGR,MD,AEA,EN,Federal Contract Tower,0,2,16,2,20,0,5,50,5,60,0,7,66,7,80,46,0,46,126
08/16/2023,HGR,MD,AEA,EN,Federal Contract Tower,0,1,20,9,30,0,7,75,17,99,0,8,95,26,129,86,0,86,215
08/17/2023,HGR,MD,AEA,EN,Federal Contract Tower,0,3,4,5,12,0,3,25,14,42,0,6,29,19,54,8,0,8,62
08/18/2023,HGR,MD,AEA,EN,Federal Contract Tower,4,0,10,2,16,0,1,27,6,34,4,1,37,8,50,24,0,24,74
08/19/2023,HGR,MD,AEA,EN,Federal Contract Tower,0,0,5,0,5,0,1,176,8,185,0,1,181,8,190,6,4,10,200
08/20/2023,HGR,MD,AEA,EN,Federal Contract Tower,0,0,14,0,14,0,2,85,0,87,0,2,99,0,101,78,0,78,179
08/21/2023,HGR,MD,AEA,EN,Federal Contract Tower,4,1,13,6,24,0,2,43,4,49,4,3,56,10,73,38,0,38,111
08/22/2023,HGR,MD,AEA,EN,Federal Contract Tower,0,4,6,0,10,0,4,40,4,48,0,8,46,4,58,2,0,2,60
08/23/2023,HGR,MD,AEA,EN,Federal Contract Tower,0,3,11,4,18,0,5,62,12,79,0,8,73,16,97,78,0,78,175
08/24/2023,HGR,MD,AEA,EN,Federal Contract Tower,0,0,5,6,11,0,3,33,10,46,0,3,38,16,57,48,0,48,105
08/25/2023,HGR,MD,AEA,EN,Federal Contract Tower,4,3,9,1,17,0,0,31,2,33,4,3,40,3,50,28,0,28,78
08/26/2023,HGR,MD,AEA,EN,Federal Contract Tower,0,0,10,2,12,0,0,40,0,40,0,0,50,2,52,0,0,0,52
08/27/2023,HGR,MD,AEA,EN,Federal Contract Tower,0,0,1,0,1,0,0,37,5,42,0,0,38,5,43,6,0,6,49
08/28/2023,HGR,MD,AEA,EN,Federal Contract Tower,4,0,14,7,25,0,2,45,3,50,4,2,59,10,75,32,0,32,107
08/29/2023,HGR,MD,AEA,EN,Federal Contract Tower,0,2,23,4,29,0,1,21,0,22,0,3,44,4,51,10,0,10,61
08/30/2023,HGR,MD,AEA,EN,Federal Contract Tower,0,3,14,5,22,0,4,42,7,53,0,7,56,12,75,24,0,24,99
08/31/2023,HGR,MD,AEA,EN,Federal Contract Tower,0,2,7,5,14,0,0,72,1,73,0,2,79,6,87,30,0,30,117
