01/01/2020,HHR,CA,AWP,WE,Federal Contract Tower,0,9,6,0,15,0,0,40,2,42,0,9,46,2,57,22,0,22,79
01/02/2020,HHR,CA,AWP,WE,Federal Contract Tower,0,8,4,0,12,0,5,68,0,73,0,13,72,0,85,90,0,90,175
01/03/2020,HHR,CA,AWP,WE,Federal Contract Tower,0,9,16,0,25,0,4,94,0,98,0,13,110,0,123,138,0,138,261
01/04/2020,HHR,CA,AWP,WE,Federal Contract Tower,0,5,17,0,22,0,3,90,1,94,0,8,107,1,116,162,0,162,278
01/05/2020,HHR,CA,AWP,WE,Federal Contract Tower,0,6,10,0,16,0,4,93,0,97,0,10,103,0,113,162,0,162,275
01/06/2020,HHR,CA,AWP,WE,Federal Contract Tower,0,5,14,0,19,0,3,71,0,74,0,8,85,0,93,104,0,104,197
01/07/2020,HHR,CA,AWP,WE,Federal Contract Tower,0,4,10,0,14,0,2,76,0,78,0,6,86,0,92,78,0,78,170
01/08/2020,HHR,CA,AWP,WE,Federal Contract Tower,0,12,18,0,30,0,3,70,0,73,0,15,88,0,103,108,0,108,211
01/09/2020,HHR,CA,AWP,WE,Federal Contract Tower,0,12,19,0,31,0,2,91,1,94,0,14,110,1,125,136,0,136,261
01/10/2020,HHR,CA,AWP,WE,Federal Contract Tower,0,12,11,0,23,0,9,106,2,117,0,21,117,2,140,52,0,52,192
01/11/2020,HHR,CA,AWP,WE,Federal Contract Tower,0,5,8,0,13,0,0,79,1,80,0,5,87,1,93,166,0,166,259
01/12/2020,HHR,CA,AWP,WE,Federal Contract Tower,0,9,19,0,28,0,0,106,0,106,0,9,125,0,134,138,0,138,272
01/13/2020,HHR,CA,AWP,WE,Federal Contract Tower,0,7,4,0,11,0,1,76,0,77,0,8,80,0,88,106,0,106,194
01/14/2020,HHR,CA,AWP,WE,Federal Contract Tower,0,4,8,0,12,0,0,83,0,83,0,4,91,0,95,144,0,144,239
01/15/2020,HHR,CA,AWP,WE,Federal Contract Tower,0,12,21,0,33,0,3,79,0,82,0,15,100,0,115,94,0,94,209
01/16/2020,HHR,CA,AWP,WE,Federal Contract Tower,0,11,16,0,27,0,1,53,0,54,0,12,69,0,81,96,0,96,177
01/17/2020,HHR,CA,AWP,WE,Federal Contract Tower,0,19,33,0,52,0,3,103,0,106,0,22,136,0,158,124,0,124,282
01/18/2020,HHR,CA,AWP,WE,Federal Contract Tower,0,2,11,0,13,0,0,112,0,112,0,2,123,0,125,73,0,73,198
01/19/2020,HHR,CA,AWP,WE,Federal Contract Tower,0,8,11,0,19,0,2,81,0,83,0,10,92,0,102,149,0,149,251
01/20/2020,HHR,CA,AWP,WE,Federal Contract Tower,0,21,11,0,32,0,3,91,0,94,0,24,102,0,126,113,0,113,239
01/21/2020,HHR,CA,AWP,WE,Federal Contract Tower,0,8,25,0,33,0,2,52,0,54,0,10,77,0,87,96,0,96,183
01/22/2020,HHR,CA,AWP,WE,Federal Contract Tower,0,13,14,0,27,0,5,105,0,110,0,18,119,0,137,106,0,106,243
01/23/2020,HHR,CA,AWP,WE,Federal Contract Tower,0,16,17,0,33,0,2,72,0,74,0,18,89,0,107,134,2,136,243
01/24/2020,HHR,CA,AWP,WE,Federal Contract Tower,0,14,22,0,36,0,3,98,0,101,0,17,120,0,137,78,0,78,215
01/25/2020,HHR,CA,AWP,WE,Federal Contract Tower,0,5,22,0,27,0,0,43,0,43,0,5,65,0,70,102,0,102,172
01/26/2020,HHR,CA,AWP,WE,Federal Contract Tower,0,11,18,0,29,0,0,26,0,26,0,11,44,0,55,82,0,82,137
01/27/2020,HHR,CA,AWP,WE,Federal Contract Tower,0,13,9,0,22,0,6,56,0,62,0,19,65,0,84,8,0,8,92
01/28/2020,HHR,CA,AWP,WE,Federal Contract Tower,0,7,16,0,23,0,1,78,0,79,0,8,94,0,102,106,0,106,208
01/29/2020,HHR,CA,AWP,WE,Federal Contract Tower,0,13,9,0,22,2,3,63,1,69,2,16,72,1,91,12,0,12,103
01/30/2020,HHR,CA,AWP,WE,Federal Contract Tower,0,23,20,0,43,0,3,106,0,109,0,26,126,0,152,106,0,106,258
01/31/2020,HHR,CA,AWP,WE,Federal Contract Tower,0,12,24,0,36,0,5,116,2,123,0,17,140,2,159,122,0,122,281
02/01/2020,HHR,CA,AWP,WE,Federal Contract Tower,0,8,15,0,23,0,0,94,0,94,0,8,109,0,117,121,0,121,238
02/02/2020,HHR,CA,AWP,WE,Federal Contract Tower,0,13,12,0,25,0,1,59,0,60,0,14,71,0,85,136,0,136,221
02/03/2020,HHR,CA,AWP,WE,Federal Contract Tower,0,13,11,0,24,0,1,35,0,36,0,14,46,0,60,0,0,0,60
02/04/2020,HHR,CA,AWP,WE,Federal Contract Tower,0,9,7,0,16,0,2,60,0,62,0,11,67,0,78,34,0,34,112
02/05/2020,HHR,CA,AWP,WE,Federal Contract Tower,0,13,14,0,27,0,10,79,0,89,0,23,93,0,116,64,0,64,180
02/06/2020,HHR,CA,AWP,WE,Federal Contract Tower,0,13,15,0,28,0,3,69,0,72,0,16,84,0,100,60,0,60,160
02/07/2020,HHR,CA,AWP,WE,Federal Contract Tower,0,15,21,0,36,0,3,86,0,89,0,18,107,0,125,103,0,103,228
02/08/2020,HHR,CA,AWP,WE,Federal Contract Tower,0,2,10,1,13,0,0,85,1,86,0,2,95,2,99,150,0,150,249
02/09/2020,HHR,CA,AWP,WE,Federal Contract Tower,0,7,6,0,13,0,6,16,0,22,0,13,22,0,35,36,0,36,71
02/10/2020,HHR,CA,AWP,WE,Federal Contract Tower,0,15,8,0,23,0,1,89,0,90,0,16,97,0,113,48,0,48,161
02/11/2020,HHR,CA,AWP,WE,Federal Contract Tower,0,6,15,0,21,0,1,73,0,74,0,7,88,0,95,66,0,66,161
02/12/2020,HHR,CA,AWP,WE,Federal Contract Tower,0,16,29,0,45,0,7,105,0,112,0,23,134,0,157,114,0,114,271
02/13/2020,HHR,CA,AWP,WE,Federal Contract Tower,0,15,14,0,29,0,2,125,1,128,0,17,139,1,157,98,0,98,255
02/14/2020,HHR,CA,AWP,WE,Federal Contract Tower,0,12,20,0,32,0,3,103,0,106,0,15,123,0,138,83,0,83,221
02/15/2020,HHR,CA,AWP,WE,Federal Contract Tower,0,7,12,0,19,0,0,114,0,114,0,7,126,0,133,142,0,142,275
02/16/2020,HHR,CA,AWP,WE,Federal Contract Tower,0,9,9,0,18,0,0,74,0,74,0,9,83,0,92,148,0,148,240
02/17/2020,HHR,CA,AWP,WE,Federal Contract Tower,0,17,19,0,36,0,1,74,0,75,0,18,93,0,111,126,0,126,237
02/18/2020,HHR,CA,AWP,WE,Federal Contract Tower,0,3,8,0,11,0,0,23,0,23,0,3,31,0,34,45,0,45,79
02/19/2020,HHR,CA,AWP,WE,Federal Contract Tower,0,9,17,0,26,0,2,67,0,69,0,11,84,0,95,98,0,98,193
02/20/2020,HHR,CA,AWP,WE,Federal Contract Tower,0,15,8,0,23,0,5,97,0,102,0,20,105,0,125,100,0,100,225
02/21/2020,HHR,CA,AWP,WE,Federal Contract Tower,0,12,18,0,30,0,1,86,2,89,0,13,104,2,119,130,0,130,249
02/22/2020,HHR,CA,AWP,WE,Federal Contract Tower,0,5,18,0,23,0,0,41,0,41,0,5,59,0,64,52,0,52,116
02/23/2020,HHR,CA,AWP,WE,Federal Contract Tower,0,12,20,0,32,0,2,60,0,62,0,14,80,0,94,170,0,170,264
02/24/2020,HHR,CA,AWP,WE,Federal Contract Tower,0,11,12,0,23,0,2,87,0,89,0,13,99,0,112,94,0,94,206
02/25/2020,HHR,CA,AWP,WE,Federal Contract Tower,0,6,19,0,25,0,1,71,0,72,0,7,90,0,97,130,0,130,227
02/26/2020,HHR,CA,AWP,WE,Federal Contract Tower,0,8,19,0,27,0,1,84,0,85,0,9,103,0,112,48,12,60,172
02/27/2020,HHR,CA,AWP,WE,Federal Contract Tower,0,21,14,0,35,0,4,66,3,73,0,25,80,3,108,144,0,144,252
02/28/2020,HHR,CA,AWP,WE,Federal Contract Tower,0,11,18,0,29,0,6,76,1,83,0,17,94,1,112,76,0,76,188
02/29/2020,HHR,CA,AWP,WE,Federal Contract Tower,0,7,9,0,16,0,0,67,0,67,0,7,76,0,83,110,0,110,193
03/01/2020,HHR,CA,AWP,WE,Federal Contract Tower,0,12,12,0,24,0,2,38,0,40,0,14,50,0,64,90,0,90,154
03/02/2020,HHR,CA,AWP,WE,Federal Contract Tower,0,16,7,0,23,0,1,60,0,61,0,17,67,0,84,74,0,74,158
03/03/2020,HHR,CA,AWP,WE,Federal Contract Tower,0,10,10,0,20,0,1,104,0,105,0,11,114,0,125,70,0,70,195
03/04/2020,HHR,CA,AWP,WE,Federal Contract Tower,0,12,18,0,30,0,2,60,1,63,0,14,78,1,93,68,0,68,161
03/05/2020,HHR,CA,AWP,WE,Federal Contract Tower,0,21,14,0,35,0,3,79,0,82,0,24,93,0,117,97,0,97,214
03/06/2020,HHR,CA,AWP,WE,Federal Contract Tower,0,15,18,0,33,0,5,48,1,54,0,20,66,1,87,84,0,84,171
03/07/2020,HHR,CA,AWP,WE,Federal Contract Tower,0,10,13,0,23,0,0,56,0,56,0,10,69,0,79,80,0,80,159
03/08/2020,HHR,CA,AWP,WE,Federal Contract Tower,0,11,13,0,24,0,3,71,0,74,0,14,84,0,98,102,0,102,200
03/09/2020,HHR,CA,AWP,WE,Federal Contract Tower,0,19,2,0,21,0,2,90,0,92,0,21,92,0,113,74,0,74,187
03/10/2020,HHR,CA,AWP,WE,Federal Contract Tower,0,6,1,0,7,0,2,14,0,16,0,8,15,0,23,30,0,30,53
03/11/2020,HHR,CA,AWP,WE,Federal Contract Tower,0,11,14,0,25,2,1,62,2,67,2,12,76,2,92,44,0,44,136
03/12/2020,HHR,CA,AWP,WE,Federal Contract Tower,0,12,7,0,19,0,2,14,0,16,0,14,21,0,35,6,0,6,41
03/13/2020,HHR,CA,AWP,WE,Federal Contract Tower,0,16,22,0,38,0,1,4,0,5,0,17,26,0,43,4,0,4,47
03/14/2020,HHR,CA,AWP,WE,Federal Contract Tower,0,5,11,0,16,0,0,6,0,6,0,5,17,0,22,36,0,36,58
03/15/2020,HHR,CA,AWP,WE,Federal Contract Tower,0,8,20,0,28,0,0,43,0,43,0,8,63,0,71,96,0,96,167
03/16/2020,HHR,CA,AWP,WE,Federal Contract Tower,0,5,3,0,8,0,1,13,0,14,0,6,16,0,22,24,0,24,46
03/17/2020,HHR,CA,AWP,WE,Federal Contract Tower,0,6,3,0,9,0,0,70,0,70,0,6,73,0,79,64,0,64,143
03/18/2020,HHR,CA,AWP,WE,Federal Contract Tower,0,4,4,0,8,0,4,37,0,41,0,8,41,0,49,42,0,42,91
03/19/2020,HHR,CA,AWP,WE,Federal Contract Tower,0,3,10,0,13,0,1,31,0,32,0,4,41,0,45,76,0,76,121
03/20/2020,HHR,CA,AWP,WE,Federal Contract Tower,0,4,6,0,10,0,2,15,0,17,0,6,21,0,27,0,0,0,27
03/21/2020,HHR,CA,AWP,WE,Federal Contract Tower,0,2,17,0,19,0,0,69,0,69,0,2,86,0,88,22,0,22,110
03/22/2020,HHR,CA,AWP,WE,Federal Contract Tower,0,0,5,0,5,0,7,18,0,25,0,7,23,0,30,38,0,38,68
03/23/2020,HHR,CA,AWP,WE,Federal Contract Tower,0,2,0,0,2,0,3,21,0,24,0,5,21,0,26,8,0,8,34
03/24/2020,HHR,CA,AWP,WE,Federal Contract Tower,0,3,8,0,11,0,2,24,0,26,0,5,32,0,37,24,0,24,61
03/25/2020,HHR,CA,AWP,WE,Federal Contract Tower,0,1,4,0,5,0,1,30,2,33,0,2,34,2,38,4,0,4,42
03/26/2020,HHR,CA,AWP,WE,Federal Contract Tower,0,5,8,0,13,0,0,29,0,29,0,5,37,0,42,18,0,18,60
03/27/2020,HHR,CA,AWP,WE,Federal Contract Tower,0,3,8,0,11,0,1,36,3,40,0,4,44,3,51,42,0,42,93
03/28/2020,HHR,CA,AWP,WE,Federal Contract Tower,0,0,16,0,16,0,0,25,0,25,0,0,41,0,41,58,0,58,99
03/29/2020,HHR,CA,AWP,WE,Federal Contract Tower,0,1,8,0,9,0,0,15,0,15,0,1,23,0,24,24,0,24,48
03/30/2020,HHR,CA,AWP,WE,Federal Contract Tower,0,0,6,0,6,0,0,34,0,34,0,0,40,0,40,32,0,32,72
03/31/2020,HHR,CA,AWP,WE,Federal Contract Tower,0,0,4,0,4,0,0,40,0,40,0,0,44,0,44,32,0,32,76
04/01/2020,HHR,CA,AWP,WE,Federal Contract Tower,0,1,4,0,5,0,1,16,0,17,0,2,20,0,22,28,0,28,50
04/02/2020,HHR,CA,AWP,WE,Federal Contract Tower,0,1,10,0,11,0,0,19,0,19,0,1,29,0,30,24,0,24,54
04/03/2020,HHR,CA,AWP,WE,Federal Contract Tower,0,5,9,0,14,0,3,38,1,42,0,8,47,1,56,72,0,72,128
04/04/2020,HHR,CA,AWP,WE,Federal Contract Tower,0,0,6,0,6,0,0,33,0,33,0,0,39,0,39,66,0,66,105
04/05/2020,HHR,CA,AWP,WE,Federal Contract Tower,0,1,5,0,6,0,0,12,0,12,0,1,17,0,18,48,0,48,66
04/07/2020,HHR,CA,AWP,WE,Federal Contract Tower,0,0,8,0,8,0,1,9,0,10,0,1,17,0,18,13,0,13,31
04/08/2020,HHR,CA,AWP,WE,Federal Contract Tower,0,5,5,0,10,0,0,9,0,9,0,5,14,0,19,16,0,16,35
04/09/2020,HHR,CA,AWP,WE,Federal Contract Tower,0,0,1,0,1,0,0,2,0,2,0,0,3,0,3,2,0,2,5
04/10/2020,HHR,CA,AWP,WE,Federal Contract Tower,0,1,5,0,6,0,0,9,0,9,0,1,14,0,15,10,0,10,25
04/11/2020,HHR,CA,AWP,WE,Federal Contract Tower,0,4,11,0,15,0,0,48,0,48,0,4,59,0,63,84,0,84,147
04/12/2020,HHR,CA,AWP,WE,Federal Contract Tower,0,2,1,0,3,0,0,4,0,4,0,2,5,0,7,24,0,24,31
04/13/2020,HHR,CA,AWP,WE,Federal Contract Tower,0,0,2,0,2,0,1,16,0,17,0,1,18,0,19,24,0,24,43
04/14/2020,HHR,CA,AWP,WE,Federal Contract Tower,0,1,2,0,3,0,1,36,0,37,0,2,38,0,40,46,0,46,86
04/15/2020,HHR,CA,AWP,WE,Federal Contract Tower,0,1,4,0,5,0,1,32,0,33,0,2,36,0,38,48,0,48,86
04/16/2020,HHR,CA,AWP,WE,Federal Contract Tower,0,4,3,0,7,0,1,42,0,43,0,5,45,0,50,42,0,42,92
04/17/2020,HHR,CA,AWP,WE,Federal Contract Tower,0,7,2,2,11,0,0,14,0,14,0,7,16,2,25,36,0,36,61
04/18/2020,HHR,CA,AWP,WE,Federal Contract Tower,0,1,2,0,3,0,0,16,0,16,0,1,18,0,19,50,0,50,69
04/19/2020,HHR,CA,AWP,WE,Federal Contract Tower,0,4,3,0,7,0,1,22,0,23,0,5,25,0,30,34,0,34,64
04/20/2020,HHR,CA,AWP,WE,Federal Contract Tower,0,5,7,0,12,0,1,42,0,43,0,6,49,0,55,22,0,22,77
04/21/2020,HHR,CA,AWP,WE,Federal Contract Tower,0,1,6,0,7,0,0,21,0,21,0,1,27,0,28,42,0,42,70
04/22/2020,HHR,CA,AWP,WE,Federal Contract Tower,0,1,7,1,9,0,0,39,0,39,0,1,46,1,48,18,0,18,66
04/23/2020,HHR,CA,AWP,WE,Federal Contract Tower,0,1,8,0,9,0,0,47,3,50,0,1,55,3,59,52,0,52,111
04/24/2020,HHR,CA,AWP,WE,Federal Contract Tower,0,2,10,0,12,0,1,39,0,40,0,3,49,0,52,62,0,62,114
04/25/2020,HHR,CA,AWP,WE,Federal Contract Tower,0,3,4,0,7,0,0,60,0,60,0,3,64,0,67,116,0,116,183
04/26/2020,HHR,CA,AWP,WE,Federal Contract Tower,0,5,1,0,6,0,0,25,0,25,0,5,26,0,31,30,0,30,61
04/27/2020,HHR,CA,AWP,WE,Federal Contract Tower,0,3,3,0,6,0,0,26,0,26,0,3,29,0,32,40,0,40,72
04/28/2020,HHR,CA,AWP,WE,Federal Contract Tower,0,2,18,0,20,0,2,25,0,27,0,4,43,0,47,38,0,38,85
04/29/2020,HHR,CA,AWP,WE,Federal Contract Tower,0,1,10,1,12,0,0,18,0,18,0,1,28,1,30,26,0,26,56
04/30/2020,HHR,CA,AWP,WE,Federal Contract Tower,0,3,9,0,12,0,2,26,0,28,0,5,35,0,40,36,0,36,76
05/01/2020,HHR,CA,AWP,WE,Federal Contract Tower,0,1,11,2,14,0,0,46,0,46,0,1,57,2,60,90,0,90,150
05/02/2020,HHR,CA,AWP,WE,Federal Contract Tower,0,6,14,0,20,0,0,51,0,51,0,6,65,0,71,106,0,106,177
05/03/2020,HHR,CA,AWP,WE,Federal Contract Tower,0,2,5,0,7,0,1,28,0,29,0,3,33,0,36,34,0,34,70
05/04/2020,HHR,CA,AWP,WE,Federal Contract Tower,0,3,7,0,10,0,2,33,0,35,0,5,40,0,45,44,0,44,89
05/05/2020,HHR,CA,AWP,WE,Federal Contract Tower,0,1,3,0,4,0,1,56,0,57,0,2,59,0,61,48,0,48,109
05/06/2020,HHR,CA,AWP,WE,Federal Contract Tower,0,8,8,0,16,0,0,44,0,44,0,8,52,0,60,74,0,74,134
05/07/2020,HHR,CA,AWP,WE,Federal Contract Tower,0,0,7,0,7,0,1,41,0,42,0,1,48,0,49,92,0,92,141
05/08/2020,HHR,CA,AWP,WE,Federal Contract Tower,0,4,8,0,12,0,2,39,0,41,0,6,47,0,53,58,0,58,111
05/09/2020,HHR,CA,AWP,WE,Federal Contract Tower,0,2,6,0,8,0,0,36,0,36,0,2,42,0,44,86,0,86,130
05/10/2020,HHR,CA,AWP,WE,Federal Contract Tower,0,1,7,0,8,0,0,17,0,17,0,1,24,0,25,22,0,22,47
05/11/2020,HHR,CA,AWP,WE,Federal Contract Tower,0,6,13,0,19,0,0,26,0,26,0,6,39,0,45,30,0,30,75
05/12/2020,HHR,CA,AWP,WE,Federal Contract Tower,0,2,18,0,20,0,1,48,0,49,0,3,66,0,69,50,0,50,119
05/13/2020,HHR,CA,AWP,WE,Federal Contract Tower,0,3,12,0,15,0,1,56,0,57,0,4,68,0,72,130,0,130,202
05/14/2020,HHR,CA,AWP,WE,Federal Contract Tower,0,3,7,0,10,0,1,32,2,35,0,4,39,2,45,44,0,44,89
05/15/2020,HHR,CA,AWP,WE,Federal Contract Tower,0,1,10,1,12,0,1,55,0,56,0,2,65,1,68,62,0,62,130
05/16/2020,HHR,CA,AWP,WE,Federal Contract Tower,0,5,2,0,7,0,0,61,0,61,0,5,63,0,68,58,0,58,126
05/17/2020,HHR,CA,AWP,WE,Federal Contract Tower,0,4,7,0,11,0,0,58,0,58,0,4,65,0,69,95,0,95,164
05/18/2020,HHR,CA,AWP,WE,Federal Contract Tower,0,4,2,0,6,0,0,19,0,19,0,4,21,0,25,0,0,0,25
05/19/2020,HHR,CA,AWP,WE,Federal Contract Tower,0,5,6,0,11,0,1,52,0,53,0,6,58,0,64,23,0,23,87
05/20/2020,HHR,CA,AWP,WE,Federal Contract Tower,0,14,10,0,24,0,0,76,0,76,0,14,86,0,100,90,0,90,190
05/21/2020,HHR,CA,AWP,WE,Federal Contract Tower,0,5,8,0,13,0,2,57,2,61,0,7,65,2,74,86,0,86,160
05/22/2020,HHR,CA,AWP,WE,Federal Contract Tower,0,9,13,0,22,0,3,62,0,65,0,12,75,0,87,82,0,82,169
05/23/2020,HHR,CA,AWP,WE,Federal Contract Tower,0,2,7,1,10,0,0,50,0,50,0,2,57,1,60,60,0,60,120
05/24/2020,HHR,CA,AWP,WE,Federal Contract Tower,0,1,7,0,8,0,1,56,0,57,0,2,63,0,65,134,0,134,199
05/25/2020,HHR,CA,AWP,WE,Federal Contract Tower,0,11,9,0,20,0,1,61,0,62,0,12,70,0,82,144,0,144,226
05/26/2020,HHR,CA,AWP,WE,Federal Contract Tower,0,4,10,2,16,0,0,24,0,24,0,4,34,2,40,58,0,58,98
05/27/2020,HHR,CA,AWP,WE,Federal Contract Tower,0,4,3,0,7,0,1,31,0,32,0,5,34,0,39,52,0,52,91
05/28/2020,HHR,CA,AWP,WE,Federal Contract Tower,0,12,5,0,17,0,1,32,0,33,0,13,37,0,50,36,0,36,86
05/29/2020,HHR,CA,AWP,WE,Federal Contract Tower,0,6,20,0,26,0,0,40,0,40,0,6,60,0,66,80,0,80,146
05/30/2020,HHR,CA,AWP,WE,Federal Contract Tower,0,2,5,0,7,0,0,51,0,51,0,2,56,0,58,92,0,92,150
05/31/2020,HHR,CA,AWP,WE,Federal Contract Tower,0,6,4,0,10,0,0,69,0,69,0,6,73,0,79,118,0,118,197
06/01/2020,HHR,CA,AWP,WE,Federal Contract Tower,0,7,6,0,13,0,0,63,0,63,0,7,69,0,76,32,0,32,108
06/02/2020,HHR,CA,AWP,WE,Federal Contract Tower,0,3,3,0,6,0,1,59,0,60,0,4,62,0,66,40,0,40,106
06/03/2020,HHR,CA,AWP,WE,Federal Contract Tower,0,2,13,0,15,0,12,69,0,81,0,14,82,0,96,42,0,42,138
06/04/2020,HHR,CA,AWP,WE,Federal Contract Tower,0,8,11,0,19,0,4,42,0,46,0,12,53,0,65,114,0,114,179
06/05/2020,HHR,CA,AWP,WE,Federal Contract Tower,0,4,17,0,21,0,0,38,0,38,0,4,55,0,59,40,0,40,99
06/06/2020,HHR,CA,AWP,WE,Federal Contract Tower,0,3,4,0,7,0,0,40,0,40,0,3,44,0,47,82,0,82,129
06/07/2020,HHR,CA,AWP,WE,Federal Contract Tower,0,4,11,0,15,0,2,63,0,65,0,6,74,0,80,96,0,96,176
06/08/2020,HHR,CA,AWP,WE,Federal Contract Tower,0,2,6,0,8,0,0,54,0,54,0,2,60,0,62,53,0,53,115
06/09/2020,HHR,CA,AWP,WE,Federal Contract Tower,0,1,6,0,7,0,2,72,0,74,0,3,78,0,81,88,0,88,169
06/10/2020,HHR,CA,AWP,WE,Federal Contract Tower,0,10,7,0,17,0,0,73,0,73,0,10,80,0,90,134,0,134,224
06/11/2020,HHR,CA,AWP,WE,Federal Contract Tower,0,8,17,0,25,0,1,45,0,46,0,9,62,0,71,112,0,112,183
06/12/2020,HHR,CA,AWP,WE,Federal Contract Tower,0,8,16,0,24,0,0,83,0,83,0,8,99,0,107,66,0,66,173
06/13/2020,HHR,CA,AWP,WE,Federal Contract Tower,0,6,2,0,8,0,0,64,0,64,0,6,66,0,72,102,0,102,174
06/14/2020,HHR,CA,AWP,WE,Federal Contract Tower,0,4,3,0,7,0,0,74,0,74,0,4,77,0,81,86,0,86,167
06/15/2020,HHR,CA,AWP,WE,Federal Contract Tower,0,6,11,0,17,0,0,52,0,52,0,6,63,0,69,78,0,78,147
06/16/2020,HHR,CA,AWP,WE,Federal Contract Tower,0,11,12,0,23,0,2,66,0,68,0,13,78,0,91,92,0,92,183
06/17/2020,HHR,CA,AWP,WE,Federal Contract Tower,0,13,15,0,28,0,0,51,4,55,0,13,66,4,83,92,0,92,175
06/18/2020,HHR,CA,AWP,WE,Federal Contract Tower,0,9,15,0,24,0,0,36,0,36,0,9,51,0,60,112,0,112,172
06/19/2020,HHR,CA,AWP,WE,Federal Contract Tower,0,13,16,0,29,0,1,53,0,54,0,14,69,0,83,138,0,138,221
06/20/2020,HHR,CA,AWP,WE,Federal Contract Tower,0,6,22,0,28,0,0,39,0,39,0,6,61,0,67,84,0,84,151
06/21/2020,HHR,CA,AWP,WE,Federal Contract Tower,0,9,12,0,21,0,0,48,0,48,0,9,60,0,69,100,0,100,169
06/22/2020,HHR,CA,AWP,WE,Federal Contract Tower,0,3,24,0,27,0,0,60,0,60,0,3,84,0,87,82,0,82,169
06/23/2020,HHR,CA,AWP,WE,Federal Contract Tower,0,4,15,0,19,0,1,46,0,47,0,5,61,0,66,56,0,56,122
06/24/2020,HHR,CA,AWP,WE,Federal Contract Tower,0,7,22,0,29,0,0,54,0,54,0,7,76,0,83,50,0,50,133
06/25/2020,HHR,CA,AWP,WE,Federal Contract Tower,0,9,16,0,25,0,0,36,0,36,0,9,52,0,61,34,0,34,95
06/26/2020,HHR,CA,AWP,WE,Federal Contract Tower,0,9,21,0,30,0,0,25,0,25,0,9,46,0,55,34,0,34,89
06/27/2020,HHR,CA,AWP,WE,Federal Contract Tower,0,9,10,0,19,0,0,75,0,75,0,9,85,0,94,124,0,124,218
06/28/2020,HHR,CA,AWP,WE,Federal Contract Tower,0,5,12,0,17,0,0,38,0,38,0,5,50,0,55,162,0,162,217
06/29/2020,HHR,CA,AWP,WE,Federal Contract Tower,0,2,13,0,15,0,0,51,0,51,0,2,64,0,66,23,0,23,89
06/30/2020,HHR,CA,AWP,WE,Federal Contract Tower,0,12,11,1,24,0,0,76,0,76,0,12,87,1,100,90,0,90,190
07/01/2020,HHR,CA,AWP,WE,Federal Contract Tower,0,8,26,0,34,0,1,53,0,54,0,9,79,0,88,110,0,110,198
07/02/2020,HHR,CA,AWP,WE,Federal Contract Tower,0,8,20,0,28,0,4,84,0,88,0,12,104,0,116,76,0,76,192
07/03/2020,HHR,CA,AWP,WE,Federal Contract Tower,0,6,10,0,16,0,2,103,0,105,0,8,113,0,121,140,0,140,261
07/04/2020,HHR,CA,AWP,WE,Federal Contract Tower,0,0,4,0,4,0,0,67,0,67,0,0,71,0,71,130,0,130,201
07/05/2020,HHR,CA,AWP,WE,Federal Contract Tower,0,10,24,0,34,0,2,64,0,66,0,12,88,0,100,88,0,88,188
07/06/2020,HHR,CA,AWP,WE,Federal Contract Tower,0,8,11,0,19,0,0,68,0,68,0,8,79,0,87,102,0,102,189
07/07/2020,HHR,CA,AWP,WE,Federal Contract Tower,0,3,7,0,10,0,0,81,0,81,0,3,88,0,91,58,0,58,149
07/08/2020,HHR,CA,AWP,WE,Federal Contract Tower,0,8,15,0,23,0,3,80,0,83,0,11,95,0,106,94,0,94,200
07/09/2020,HHR,CA,AWP,WE,Federal Contract Tower,0,11,16,0,27,0,7,70,0,77,0,18,86,0,104,117,0,117,221
07/10/2020,HHR,CA,AWP,WE,Federal Contract Tower,0,10,11,0,21,0,5,78,0,83,0,15,89,0,104,78,0,78,182
07/11/2020,HHR,CA,AWP,WE,Federal Contract Tower,0,4,13,0,17,0,0,102,0,102,0,4,115,0,119,136,0,136,255
07/12/2020,HHR,CA,AWP,WE,Federal Contract Tower,0,5,6,0,11,0,0,82,0,82,0,5,88,0,93,128,0,128,221
07/13/2020,HHR,CA,AWP,WE,Federal Contract Tower,0,12,3,0,15,0,0,69,0,69,0,12,72,0,84,104,0,104,188
07/14/2020,HHR,CA,AWP,WE,Federal Contract Tower,0,5,9,0,14,0,3,57,0,60,0,8,66,0,74,60,0,60,134
07/15/2020,HHR,CA,AWP,WE,Federal Contract Tower,0,5,15,0,20,0,1,68,0,69,0,6,83,0,89,122,0,122,211
07/16/2020,HHR,CA,AWP,WE,Federal Contract Tower,0,5,16,0,21,0,0,67,0,67,0,5,83,0,88,68,0,68,156
07/17/2020,HHR,CA,AWP,WE,Federal Contract Tower,0,9,16,0,25,0,4,99,0,103,0,13,115,0,128,194,0,194,322
07/18/2020,HHR,CA,AWP,WE,Federal Contract Tower,0,9,7,0,16,0,0,106,0,106,0,9,113,0,122,166,0,166,288
07/19/2020,HHR,CA,AWP,WE,Federal Contract Tower,0,9,12,0,21,0,1,97,0,98,0,10,109,0,119,138,0,138,257
07/20/2020,HHR,CA,AWP,WE,Federal Contract Tower,0,9,13,5,27,0,3,70,0,73,0,12,83,5,100,104,0,104,204
07/21/2020,HHR,CA,AWP,WE,Federal Contract Tower,0,5,12,0,17,0,1,99,0,100,0,6,111,0,117,144,0,144,261
07/22/2020,HHR,CA,AWP,WE,Federal Contract Tower,0,7,20,0,27,0,4,42,0,46,0,11,62,0,73,58,0,58,131
07/23/2020,HHR,CA,AWP,WE,Federal Contract Tower,0,12,19,0,31,0,3,70,0,73,0,15,89,0,104,170,0,170,274
07/24/2020,HHR,CA,AWP,WE,Federal Contract Tower,0,9,15,0,24,0,5,62,0,67,0,14,77,0,91,97,0,97,188
07/25/2020,HHR,CA,AWP,WE,Federal Contract Tower,0,0,16,7,23,0,0,82,0,82,0,0,98,7,105,112,0,112,217
07/26/2020,HHR,CA,AWP,WE,Federal Contract Tower,0,9,15,0,24,0,4,111,0,115,0,13,126,0,139,148,0,148,287
07/27/2020,HHR,CA,AWP,WE,Federal Contract Tower,0,8,21,0,29,0,0,68,0,68,0,8,89,0,97,68,0,68,165
07/28/2020,HHR,CA,AWP,WE,Federal Contract Tower,0,5,7,0,12,0,2,75,0,77,0,7,82,0,89,126,0,126,215
07/29/2020,HHR,CA,AWP,WE,Federal Contract Tower,0,5,12,0,17,0,4,45,0,49,0,9,57,0,66,68,0,68,134
07/30/2020,HHR,CA,AWP,WE,Federal Contract Tower,0,12,5,0,17,0,5,70,0,75,0,17,75,0,92,214,0,214,306
07/31/2020,HHR,CA,AWP,WE,Federal Contract Tower,0,16,15,0,31,0,4,98,0,102,0,20,113,0,133,104,0,104,237
08/01/2020,HHR,CA,AWP,WE,Federal Contract Tower,0,6,9,0,15,0,0,87,0,87,0,6,96,0,102,188,0,188,290
08/02/2020,HHR,CA,AWP,WE,Federal Contract Tower,0,5,9,0,14,0,2,71,0,73,0,7,80,0,87,70,0,70,157
08/03/2020,HHR,CA,AWP,WE,Federal Contract Tower,0,3,15,0,18,0,1,75,0,76,0,4,90,0,94,124,0,124,218
08/04/2020,HHR,CA,AWP,WE,Federal Contract Tower,0,5,13,0,18,0,0,49,0,49,0,5,62,0,67,86,0,86,153
08/05/2020,HHR,CA,AWP,WE,Federal Contract Tower,0,5,18,0,23,0,0,71,0,71,0,5,89,0,94,106,0,106,200
08/06/2020,HHR,CA,AWP,WE,Federal Contract Tower,0,8,15,0,23,0,0,54,0,54,0,8,69,0,77,128,0,128,205
08/07/2020,HHR,CA,AWP,WE,Federal Contract Tower,0,10,12,0,22,0,1,74,0,75,0,11,86,0,97,89,0,89,186
08/08/2020,HHR,CA,AWP,WE,Federal Contract Tower,0,4,8,0,12,0,0,76,0,76,0,4,84,0,88,92,0,92,180
08/10/2020,HHR,CA,AWP,WE,Federal Contract Tower,0,4,13,0,17,0,0,94,0,94,0,4,107,0,111,140,0,140,251
08/11/2020,HHR,CA,AWP,WE,Federal Contract Tower,0,6,14,0,20,0,1,80,0,81,0,7,94,0,101,162,0,162,263
08/12/2020,HHR,CA,AWP,WE,Federal Contract Tower,0,8,9,0,17,0,1,88,0,89,0,9,97,0,106,198,0,198,304
08/13/2020,HHR,CA,AWP,WE,Federal Contract Tower,0,6,12,0,18,0,1,92,0,93,0,7,104,0,111,178,0,178,289
08/14/2020,HHR,CA,AWP,WE,Federal Contract Tower,0,7,13,0,20,0,3,76,0,79,0,10,89,0,99,146,0,146,245
08/15/2020,HHR,CA,AWP,WE,Federal Contract Tower,0,6,6,0,12,0,0,66,0,66,0,6,72,0,78,110,0,110,188
08/16/2020,HHR,CA,AWP,WE,Federal Contract Tower,0,10,10,0,20,0,5,75,0,80,0,15,85,0,100,80,0,80,180
08/17/2020,HHR,CA,AWP,WE,Federal Contract Tower,0,4,13,0,17,0,3,63,0,66,0,7,76,0,83,64,0,64,147
08/18/2020,HHR,CA,AWP,WE,Federal Contract Tower,0,7,5,0,12,0,1,75,0,76,0,8,80,0,88,148,0,148,236
08/19/2020,HHR,CA,AWP,WE,Federal Contract Tower,0,8,4,0,12,0,1,96,0,97,0,9,100,0,109,104,0,104,213
08/20/2020,HHR,CA,AWP,WE,Federal Contract Tower,0,7,20,0,27,0,1,68,0,69,0,8,88,0,96,154,0,154,250
08/21/2020,HHR,CA,AWP,WE,Federal Contract Tower,0,4,19,0,23,0,2,73,0,75,0,6,92,0,98,70,0,70,168
08/22/2020,HHR,CA,AWP,WE,Federal Contract Tower,0,4,9,0,13,0,0,81,0,81,0,4,90,0,94,84,0,84,178
08/23/2020,HHR,CA,AWP,WE,Federal Contract Tower,0,7,12,0,19,0,0,86,0,86,0,7,98,0,105,98,0,98,203
08/24/2020,HHR,CA,AWP,WE,Federal Contract Tower,0,7,15,0,22,0,0,1,0,1,0,7,16,0,23,8,0,8,31
08/25/2020,HHR,CA,AWP,WE,Federal Contract Tower,0,8,13,0,21,0,1,95,0,96,0,9,108,0,117,168,0,168,285
08/26/2020,HHR,CA,AWP,WE,Federal Contract Tower,0,8,15,0,23,0,3,76,0,79,0,11,91,0,102,102,0,102,204
08/27/2020,HHR,CA,AWP,WE,Federal Contract Tower,0,6,19,0,25,0,8,103,0,111,0,14,122,0,136,90,0,90,226
08/28/2020,HHR,CA,AWP,WE,Federal Contract Tower,0,2,11,0,13,0,0,91,0,91,0,2,102,0,104,106,0,106,210
08/29/2020,HHR,CA,AWP,WE,Federal Contract Tower,0,6,5,0,11,0,0,87,0,87,0,6,92,0,98,58,0,58,156
08/30/2020,HHR,CA,AWP,WE,Federal Contract Tower,0,7,19,0,26,4,1,64,0,69,4,8,83,0,95,188,0,188,283
08/31/2020,HHR,CA,AWP,WE,Federal Contract Tower,0,6,19,0,25,0,2,89,0,91,0,8,108,0,116,158,0,158,274
09/01/2020,HHR,CA,AWP,WE,Federal Contract Tower,0,4,10,0,14,0,0,89,0,89,0,4,99,0,103,126,0,126,229
09/02/2020,HHR,CA,AWP,WE,Federal Contract Tower,0,8,9,2,19,0,0,79,0,79,0,8,88,2,98,106,0,106,204
09/03/2020,HHR,CA,AWP,WE,Federal Contract Tower,0,9,7,0,16,0,9,65,0,74,0,18,72,0,90,222,0,222,312
09/04/2020,HHR,CA,AWP,WE,Federal Contract Tower,0,14,17,0,31,0,3,81,0,84,0,17,98,0,115,144,0,144,259
09/05/2020,HHR,CA,AWP,WE,Federal Contract Tower,0,6,11,0,17,0,0,73,0,73,0,6,84,0,90,106,0,106,196
09/06/2020,HHR,CA,AWP,WE,Federal Contract Tower,0,3,6,0,9,0,1,45,0,46,0,4,51,0,55,32,0,32,87
09/07/2020,HHR,CA,AWP,WE,Federal Contract Tower,0,8,20,0,28,0,3,67,0,70,0,11,87,0,98,74,0,74,172
09/08/2020,HHR,CA,AWP,WE,Federal Contract Tower,0,5,15,0,20,0,1,55,0,56,0,6,70,0,76,126,0,126,202
09/09/2020,HHR,CA,AWP,WE,Federal Contract Tower,0,15,8,0,23,0,2,41,0,43,0,17,49,0,66,94,0,94,160
09/10/2020,HHR,CA,AWP,WE,Federal Contract Tower,0,9,13,0,22,0,8,50,0,58,0,17,63,0,80,164,0,164,244
09/11/2020,HHR,CA,AWP,WE,Federal Contract Tower,0,9,13,0,22,0,3,51,0,54,0,12,64,0,76,78,0,78,154
09/12/2020,HHR,CA,AWP,WE,Federal Contract Tower,0,10,9,0,19,0,1,44,0,45,0,11,53,0,64,88,0,88,152
09/13/2020,HHR,CA,AWP,WE,Federal Contract Tower,0,7,10,0,17,0,1,36,0,37,0,8,46,0,54,92,0,92,146
09/14/2020,HHR,CA,AWP,WE,Federal Contract Tower,2,9,6,0,17,0,1,48,0,49,2,10,54,0,66,16,0,16,82
09/15/2020,HHR,CA,AWP,WE,Federal Contract Tower,0,7,11,0,18,0,1,28,0,29,0,8,39,0,47,52,0,52,99
09/16/2020,HHR,CA,AWP,WE,Federal Contract Tower,0,6,18,0,24,0,6,43,2,51,0,12,61,2,75,126,0,126,201
09/17/2020,HHR,CA,AWP,WE,Federal Contract Tower,0,12,14,0,26,0,10,85,0,95,0,22,99,0,121,90,0,90,211
09/18/2020,HHR,CA,AWP,WE,Federal Contract Tower,0,11,22,0,33,0,3,74,0,77,0,14,96,0,110,112,0,112,222
09/19/2020,HHR,CA,AWP,WE,Federal Contract Tower,0,5,6,0,11,4,1,50,0,55,4,6,56,0,66,146,0,146,212
09/20/2020,HHR,CA,AWP,WE,Federal Contract Tower,0,7,14,0,21,0,1,50,0,51,0,8,64,0,72,5,0,5,77
09/21/2020,HHR,CA,AWP,WE,Federal Contract Tower,0,5,13,0,18,0,0,65,0,65,0,5,78,0,83,94,0,94,177
09/22/2020,HHR,CA,AWP,WE,Federal Contract Tower,0,2,22,0,24,0,1,89,0,90,0,3,111,0,114,106,0,106,220
09/23/2020,HHR,CA,AWP,WE,Federal Contract Tower,0,1,11,4,16,0,2,63,0,65,0,3,74,4,81,52,0,52,133
09/24/2020,HHR,CA,AWP,WE,Federal Contract Tower,0,9,8,0,17,0,2,78,0,80,0,11,86,0,97,90,0,90,187
09/25/2020,HHR,CA,AWP,WE,Federal Contract Tower,0,11,20,0,31,0,1,77,0,78,0,12,97,0,109,68,0,68,177
09/26/2020,HHR,CA,AWP,WE,Federal Contract Tower,0,10,11,0,21,0,0,98,0,98,0,10,109,0,119,150,0,150,269
09/27/2020,HHR,CA,AWP,WE,Federal Contract Tower,0,3,13,0,16,0,3,55,0,58,0,6,68,0,74,42,0,42,116
09/28/2020,HHR,CA,AWP,WE,Federal Contract Tower,0,5,5,0,10,0,0,51,0,51,0,5,56,0,61,50,0,50,111
09/29/2020,HHR,CA,AWP,WE,Federal Contract Tower,0,10,12,0,22,0,1,67,0,68,0,11,79,0,90,114,0,114,204
09/30/2020,HHR,CA,AWP,WE,Federal Contract Tower,0,9,10,0,19,0,5,64,0,69,0,14,74,0,88,60,0,60,148
10/01/2020,HHR,CA,AWP,WE,Federal Contract Tower,0,6,10,0,16,0,4,63,0,67,0,10,73,0,83,128,0,128,211
10/02/2020,HHR,CA,AWP,WE,Federal Contract Tower,0,14,9,0,23,0,8,81,0,89,0,22,90,0,112,48,0,48,160
10/03/2020,HHR,CA,AWP,WE,Federal Contract Tower,0,5,4,0,9,0,0,99,0,99,0,5,103,0,108,84,0,84,192
10/04/2020,HHR,CA,AWP,WE,Federal Contract Tower,0,3,15,5,23,0,0,44,0,44,0,3,59,5,67,10,0,10,77
10/05/2020,HHR,CA,AWP,WE,Federal Contract Tower,0,8,7,0,15,0,3,47,0,50,0,11,54,0,65,112,0,112,177
10/06/2020,HHR,CA,AWP,WE,Federal Contract Tower,0,4,16,0,20,0,2,77,0,79,0,6,93,0,99,110,0,110,209
10/07/2020,HHR,CA,AWP,WE,Federal Contract Tower,0,10,16,0,26,0,2,59,0,61,0,12,75,0,87,40,0,40,127
10/08/2020,HHR,CA,AWP,WE,Federal Contract Tower,0,17,27,0,44,0,4,69,0,73,0,21,96,0,117,134,0,134,251
10/09/2020,HHR,CA,AWP,WE,Federal Contract Tower,0,10,8,0,18,0,3,70,0,73,0,13,78,0,91,60,0,60,151
10/10/2020,HHR,CA,AWP,WE,Federal Contract Tower,0,5,21,0,26,0,2,85,0,87,0,7,106,0,113,88,0,88,201
10/11/2020,HHR,CA,AWP,WE,Federal Contract Tower,0,7,15,0,22,0,0,71,0,71,0,7,86,0,93,90,0,90,183
10/12/2020,HHR,CA,AWP,WE,Federal Contract Tower,0,6,8,0,14,0,1,55,0,56,0,7,63,0,70,72,0,72,142
10/13/2020,HHR,CA,AWP,WE,Federal Contract Tower,0,6,14,0,20,0,2,65,0,67,0,8,79,0,87,44,0,44,131
10/14/2020,HHR,CA,AWP,WE,Federal Contract Tower,0,14,13,0,27,0,1,50,1,52,0,15,63,1,79,112,0,112,191
10/15/2020,HHR,CA,AWP,WE,Federal Contract Tower,0,11,15,0,26,0,5,71,0,76,0,16,86,0,102,70,0,70,172
10/16/2020,HHR,CA,AWP,WE,Federal Contract Tower,0,9,19,0,28,0,7,58,0,65,0,16,77,0,93,90,0,90,183
10/17/2020,HHR,CA,AWP,WE,Federal Contract Tower,0,3,13,0,16,0,0,95,2,97,0,3,108,2,113,136,0,136,249
10/18/2020,HHR,CA,AWP,WE,Federal Contract Tower,0,13,19,0,32,0,2,48,0,50,0,15,67,0,82,34,0,34,116
10/19/2020,HHR,CA,AWP,WE,Federal Contract Tower,0,7,14,0,21,0,0,41,0,41,0,7,55,0,62,70,0,70,132
10/20/2020,HHR,CA,AWP,WE,Federal Contract Tower,0,6,7,0,13,0,4,45,0,49,0,10,52,0,62,48,0,48,110
10/21/2020,HHR,CA,AWP,WE,Federal Contract Tower,0,14,24,0,38,0,2,35,0,37,0,16,59,0,75,30,0,30,105
10/22/2020,HHR,CA,AWP,WE,Federal Contract Tower,0,7,7,0,14,0,0,36,0,36,0,7,43,0,50,24,0,24,74
10/23/2020,HHR,CA,AWP,WE,Federal Contract Tower,0,9,20,0,29,0,5,54,0,59,0,14,74,0,88,66,0,66,154
10/24/2020,HHR,CA,AWP,WE,Federal Contract Tower,0,5,15,0,20,0,1,77,0,78,0,6,92,0,98,134,0,134,232
10/25/2020,HHR,CA,AWP,WE,Federal Contract Tower,0,5,10,0,15,0,0,18,0,18,0,5,28,0,33,40,0,40,73
10/26/2020,HHR,CA,AWP,WE,Federal Contract Tower,0,8,4,0,12,0,2,20,0,22,0,10,24,0,34,8,0,8,42
10/27/2020,HHR,CA,AWP,WE,Federal Contract Tower,0,6,9,0,15,0,6,76,0,82,0,12,85,0,97,66,0,66,163
10/28/2020,HHR,CA,AWP,WE,Federal Contract Tower,0,8,18,0,26,0,7,87,0,94,0,15,105,0,120,116,0,116,236
10/29/2020,HHR,CA,AWP,WE,Federal Contract Tower,0,10,16,0,26,0,6,88,0,94,0,16,104,0,120,110,0,110,230
10/30/2020,HHR,CA,AWP,WE,Federal Contract Tower,0,9,7,0,16,0,5,64,0,69,0,14,71,0,85,108,0,108,193
10/31/2020,HHR,CA,AWP,WE,Federal Contract Tower,0,3,12,0,15,0,8,72,0,80,0,11,84,0,95,112,0,112,207
11/01/2020,HHR,CA,AWP,WE,Federal Contract Tower,0,3,4,0,7,0,1,51,0,52,0,4,55,0,59,52,0,52,111
11/02/2020,HHR,CA,AWP,WE,Federal Contract Tower,0,10,13,0,23,0,0,33,0,33,0,10,46,0,56,84,0,84,140
11/03/2020,HHR,CA,AWP,WE,Federal Contract Tower,0,3,4,0,7,0,1,32,0,33,0,4,36,0,40,58,0,58,98
11/04/2020,HHR,CA,AWP,WE,Federal Contract Tower,0,8,3,0,11,0,1,82,0,83,0,9,85,0,94,110,0,110,204
11/05/2020,HHR,CA,AWP,WE,Federal Contract Tower,0,5,12,0,17,0,3,80,0,83,0,8,92,0,100,96,0,96,196
11/06/2020,HHR,CA,AWP,WE,Federal Contract Tower,0,11,19,0,30,0,4,47,0,51,0,15,66,0,81,40,0,40,121
11/07/2020,HHR,CA,AWP,WE,Federal Contract Tower,0,2,1,0,3,0,0,21,0,21,0,2,22,0,24,50,0,50,74
11/08/2020,HHR,CA,AWP,WE,Federal Contract Tower,0,10,10,0,20,0,0,19,0,19,0,10,29,0,39,10,0,10,49
11/09/2020,HHR,CA,AWP,WE,Federal Contract Tower,0,5,8,0,13,0,2,34,0,36,0,7,42,0,49,50,0,50,99
11/10/2020,HHR,CA,AWP,WE,Federal Contract Tower,0,2,17,0,19,0,5,84,0,89,0,7,101,0,108,48,0,48,156
11/11/2020,HHR,CA,AWP,WE,Federal Contract Tower,0,8,14,0,22,0,2,128,0,130,0,10,142,0,152,82,0,82,234
11/12/2020,HHR,CA,AWP,WE,Federal Contract Tower,0,10,4,0,14,0,3,66,0,69,0,13,70,0,83,66,0,66,149
11/13/2020,HHR,CA,AWP,WE,Federal Contract Tower,0,5,11,0,16,0,2,124,0,126,0,7,135,0,142,84,0,84,226
11/14/2020,HHR,CA,AWP,WE,Federal Contract Tower,0,3,6,0,9,0,3,91,0,94,0,6,97,0,103,70,0,70,173
11/15/2020,HHR,CA,AWP,WE,Federal Contract Tower,0,9,7,0,16,0,0,90,0,90,0,9,97,0,106,68,0,68,174
11/16/2020,HHR,CA,AWP,WE,Federal Contract Tower,0,4,8,0,12,0,4,94,0,98,0,8,102,0,110,58,0,58,168
11/17/2020,HHR,CA,AWP,WE,Federal Contract Tower,0,3,8,0,11,0,2,109,0,111,0,5,117,0,122,138,0,138,260
11/18/2020,HHR,CA,AWP,WE,Federal Contract Tower,0,9,10,0,19,0,0,52,0,52,0,9,62,0,71,80,0,80,151
11/19/2020,HHR,CA,AWP,WE,Federal Contract Tower,0,6,17,0,23,0,1,72,2,75,0,7,89,2,98,92,0,92,190
11/20/2020,HHR,CA,AWP,WE,Federal Contract Tower,0,7,16,0,23,0,2,79,0,81,0,9,95,0,104,72,0,72,176
11/21/2020,HHR,CA,AWP,WE,Federal Contract Tower,0,4,9,0,13,0,0,121,0,121,0,4,130,0,134,110,0,110,244
11/22/2020,HHR,CA,AWP,WE,Federal Contract Tower,0,5,11,0,16,0,3,86,0,89,0,8,97,0,105,10,0,10,115
11/23/2020,HHR,CA,AWP,WE,Federal Contract Tower,0,5,15,0,20,0,7,45,0,52,0,12,60,0,72,30,0,30,102
11/24/2020,HHR,CA,AWP,WE,Federal Contract Tower,0,4,9,0,13,0,1,95,0,96,0,5,104,0,109,126,0,126,235
11/25/2020,HHR,CA,AWP,WE,Federal Contract Tower,0,7,5,0,12,0,0,0,0,0,0,7,5,0,12,62,0,62,74
11/26/2020,HHR,CA,AWP,WE,Federal Contract Tower,0,1,4,0,5,0,0,20,0,20,0,1,24,0,25,52,0,52,77
11/29/2020,HHR,CA,AWP,WE,Federal Contract Tower,0,12,11,0,23,0,1,66,0,67,0,13,77,0,90,36,0,36,126
11/30/2020,HHR,CA,AWP,WE,Federal Contract Tower,0,3,9,0,12,0,4,66,0,70,0,7,75,0,82,10,0,10,92
12/01/2020,HHR,CA,AWP,WE,Federal Contract Tower,0,1,15,0,16,0,4,84,0,88,0,5,99,0,104,140,0,140,244
12/02/2020,HHR,CA,AWP,WE,Federal Contract Tower,0,7,3,0,10,0,1,54,0,55,0,8,57,0,65,78,0,78,143
12/03/2020,HHR,CA,AWP,WE,Federal Contract Tower,0,5,11,0,16,0,0,39,0,39,0,5,50,0,55,80,0,80,135
12/04/2020,HHR,CA,AWP,WE,Federal Contract Tower,0,3,11,0,14,0,0,155,0,155,0,3,166,0,169,100,0,100,269
12/05/2020,HHR,CA,AWP,WE,Federal Contract Tower,0,2,3,0,5,0,0,61,0,61,0,2,64,0,66,98,0,98,164
12/06/2020,HHR,CA,AWP,WE,Federal Contract Tower,0,0,8,0,8,0,6,93,0,99,0,6,101,0,107,46,0,46,153
12/07/2020,HHR,CA,AWP,WE,Federal Contract Tower,0,4,7,0,11,0,2,53,0,55,0,6,60,0,66,30,0,30,96
12/08/2020,HHR,CA,AWP,WE,Federal Contract Tower,0,1,7,0,8,0,1,32,0,33,0,2,39,0,41,34,0,34,75
12/10/2020,HHR,CA,AWP,WE,Federal Contract Tower,0,6,16,0,22,0,0,64,0,64,0,6,80,0,86,132,0,132,218
12/11/2020,HHR,CA,AWP,WE,Federal Contract Tower,0,4,12,1,17,0,2,54,0,56,0,6,66,1,73,100,0,100,173
12/12/2020,HHR,CA,AWP,WE,Federal Contract Tower,0,4,9,0,13,0,0,70,0,70,0,4,79,0,83,50,0,50,133
12/13/2020,HHR,CA,AWP,WE,Federal Contract Tower,0,2,9,0,11,0,1,66,0,67,0,3,75,0,78,0,0,0,78
12/14/2020,HHR,CA,AWP,WE,Federal Contract Tower,0,6,8,0,14,0,1,66,0,67,0,7,74,0,81,42,0,42,123
12/15/2020,HHR,CA,AWP,WE,Federal Contract Tower,0,0,14,0,14,0,0,83,1,84,0,0,97,1,98,23,2,25,123
12/16/2020,HHR,CA,AWP,WE,Federal Contract Tower,0,5,9,0,14,0,1,58,0,59,0,6,67,0,73,60,0,60,133
12/18/2020,HHR,CA,AWP,WE,Federal Contract Tower,0,5,6,0,11,0,1,92,0,93,0,6,98,0,104,78,0,78,182
12/19/2020,HHR,CA,AWP,WE,Federal Contract Tower,0,6,20,0,26,0,0,89,0,89,0,6,109,0,115,68,0,68,183
12/20/2020,HHR,CA,AWP,WE,Federal Contract Tower,0,1,3,0,4,0,0,54,0,54,0,1,57,0,58,2,0,2,60
12/21/2020,HHR,CA,AWP,WE,Federal Contract Tower,0,7,16,0,23,0,1,82,0,83,0,8,98,0,106,42,0,42,148
12/22/2020,HHR,CA,AWP,WE,Federal Contract Tower,0,7,11,0,18,0,2,52,0,54,0,9,63,0,72,16,0,16,88
12/24/2020,HHR,CA,AWP,WE,Federal Contract Tower,0,1,4,0,5,0,0,27,0,27,0,1,31,0,32,18,0,18,50
12/25/2020,HHR,CA,AWP,WE,Federal Contract Tower,0,0,2,0,2,0,0,28,0,28,0,0,30,0,30,34,0,34,64
12/26/2020,HHR,CA,AWP,WE,Federal Contract Tower,0,3,13,0,16,0,0,59,0,59,0,3,72,0,75,62,0,62,137
12/27/2020,HHR,CA,AWP,WE,Federal Contract Tower,0,13,4,0,17,0,2,32,0,34,0,15,36,0,51,36,0,36,87
12/28/2020,HHR,CA,AWP,WE,Federal Contract Tower,0,1,6,0,7,0,0,0,0,0,0,1,6,0,7,0,0,0,7
12/29/2020,HHR,CA,AWP,WE,Federal Contract Tower,0,6,9,0,15,0,1,44,0,45,0,7,53,0,60,18,0,18,78
12/30/2020,HHR,CA,AWP,WE,Federal Contract Tower,0,9,13,0,22,0,0,54,0,54,0,9,67,0,76,70,0,70,146
01/01/2021,HHR,CA,AWP,WE,Federal Contract Tower,0,5,1,0,6,0,0,38,0,38,0,5,39,0,44,48,0,48,92
01/02/2021,HHR,CA,AWP,WE,Federal Contract Tower,0,9,14,0,23,0,0,60,0,60,0,9,74,0,83,74,0,74,157
01/03/2021,HHR,CA,AWP,WE,Federal Contract Tower,0,7,20,0,27,0,0,34,0,34,0,7,54,0,61,12,0,12,73
01/04/2021,HHR,CA,AWP,WE,Federal Contract Tower,0,3,6,0,9,0,2,33,0,35,0,5,39,0,44,24,0,24,68
01/05/2021,HHR,CA,AWP,WE,Federal Contract Tower,0,2,5,0,7,0,1,47,0,48,0,3,52,0,55,30,0,30,85
01/06/2021,HHR,CA,AWP,WE,Federal Contract Tower,0,4,4,0,8,0,2,61,0,63,0,6,65,0,71,18,0,18,89
01/07/2021,HHR,CA,AWP,WE,Federal Contract Tower,0,0,13,0,13,0,1,69,0,70,0,1,82,0,83,42,0,42,125
01/08/2021,HHR,CA,AWP,WE,Federal Contract Tower,0,12,10,0,22,0,3,42,0,45,0,15,52,0,67,42,0,42,109
01/09/2021,HHR,CA,AWP,WE,Federal Contract Tower,0,4,8,0,12,0,0,75,0,75,0,4,83,0,87,68,0,68,155
01/10/2021,HHR,CA,AWP,WE,Federal Contract Tower,0,5,10,0,15,0,0,79,0,79,0,5,89,0,94,92,0,92,186
01/12/2021,HHR,CA,AWP,WE,Federal Contract Tower,0,0,11,0,11,0,0,61,0,61,0,0,72,0,72,80,0,80,152
01/13/2021,HHR,CA,AWP,WE,Federal Contract Tower,0,8,4,0,12,0,1,70,0,71,0,9,74,0,83,52,0,52,135
01/14/2021,HHR,CA,AWP,WE,Federal Contract Tower,0,14,5,0,19,0,0,88,0,88,0,14,93,0,107,106,0,106,213
01/15/2021,HHR,CA,AWP,WE,Federal Contract Tower,0,6,6,0,12,0,3,99,0,102,0,9,105,0,114,98,0,98,212
01/16/2021,HHR,CA,AWP,WE,Federal Contract Tower,0,3,6,0,9,0,0,69,0,69,0,3,75,0,78,69,0,69,147
01/17/2021,HHR,CA,AWP,WE,Federal Contract Tower,0,5,4,0,9,0,1,81,0,82,0,6,85,0,91,108,0,108,199
01/18/2021,HHR,CA,AWP,WE,Federal Contract Tower,0,8,12,0,20,0,0,54,0,54,0,8,66,0,74,56,0,56,130
01/19/2021,HHR,CA,AWP,WE,Federal Contract Tower,0,3,3,0,6,0,3,27,4,34,0,6,30,4,40,58,0,58,98
01/20/2021,HHR,CA,AWP,WE,Federal Contract Tower,0,12,6,0,18,0,2,35,4,41,0,14,41,4,59,11,0,11,70
01/21/2021,HHR,CA,AWP,WE,Federal Contract Tower,0,1,8,0,9,0,0,86,0,86,0,1,94,0,95,60,0,60,155
01/22/2021,HHR,CA,AWP,WE,Federal Contract Tower,0,6,19,0,25,0,0,44,0,44,0,6,63,0,69,79,0,79,148
01/23/2021,HHR,CA,AWP,WE,Federal Contract Tower,0,1,14,0,15,0,0,12,0,12,0,1,26,0,27,64,0,64,91
01/24/2021,HHR,CA,AWP,WE,Federal Contract Tower,0,7,10,0,17,0,0,106,0,106,0,7,116,0,123,158,0,158,281
01/25/2021,HHR,CA,AWP,WE,Federal Contract Tower,0,4,9,0,13,0,0,19,0,19,0,4,28,0,32,4,0,4,36
01/26/2021,HHR,CA,AWP,WE,Federal Contract Tower,0,5,3,0,8,0,0,65,0,65,0,5,68,0,73,133,0,133,206
01/27/2021,HHR,CA,AWP,WE,Federal Contract Tower,0,2,3,2,7,0,2,23,0,25,0,4,26,2,32,42,0,42,74
01/28/2021,HHR,CA,AWP,WE,Federal Contract Tower,0,1,6,0,7,0,0,38,0,38,0,1,44,0,45,16,0,16,61
01/29/2021,HHR,CA,AWP,WE,Federal Contract Tower,0,70,8,0,78,0,3,11,0,14,0,73,19,0,92,0,0,0,92
01/30/2021,HHR,CA,AWP,WE,Federal Contract Tower,0,2,10,0,12,0,3,107,0,110,0,5,117,0,122,1560,0,1560,1682
01/31/2021,HHR,CA,AWP,WE,Federal Contract Tower,0,12,9,0,21,0,1,62,0,63,0,13,71,0,84,94,0,94,178
02/01/2021,HHR,CA,AWP,WE,Federal Contract Tower,0,7,11,0,18,0,2,59,0,61,0,9,70,0,79,66,0,66,145
02/02/2021,HHR,CA,AWP,WE,Federal Contract Tower,0,3,8,0,11,0,0,41,0,41,0,3,49,0,52,84,0,84,136
02/03/2021,HHR,CA,AWP,WE,Federal Contract Tower,0,5,10,0,15,0,1,71,0,72,0,6,81,0,87,132,0,132,219
02/04/2021,HHR,CA,AWP,WE,Federal Contract Tower,0,12,14,0,26,0,0,50,0,50,0,12,64,0,76,51,0,51,127
02/05/2021,HHR,CA,AWP,WE,Federal Contract Tower,0,16,10,0,26,0,6,68,0,74,0,22,78,0,100,126,0,126,226
02/06/2021,HHR,CA,AWP,WE,Federal Contract Tower,0,16,10,0,26,0,6,77,0,83,0,22,87,0,109,148,0,148,257
02/07/2021,HHR,CA,AWP,WE,Federal Contract Tower,0,10,4,0,14,0,4,62,0,66,0,14,66,0,80,6,0,6,86
02/08/2021,HHR,CA,AWP,WE,Federal Contract Tower,0,7,14,0,21,0,1,39,0,40,0,8,53,0,61,40,0,40,101
02/10/2021,HHR,CA,AWP,WE,Federal Contract Tower,0,6,11,0,17,0,1,45,0,46,0,7,56,0,63,36,0,36,99
02/11/2021,HHR,CA,AWP,WE,Federal Contract Tower,0,13,19,0,32,0,2,58,0,60,0,15,77,0,92,54,0,54,146
02/12/2021,HHR,CA,AWP,WE,Federal Contract Tower,0,6,15,0,21,0,0,33,0,33,0,6,48,0,54,38,0,38,92
02/13/2021,HHR,CA,AWP,WE,Federal Contract Tower,0,7,17,0,24,0,1,60,0,61,0,8,77,0,85,52,0,52,137
02/14/2021,HHR,CA,AWP,WE,Federal Contract Tower,0,6,7,0,13,0,0,89,0,89,0,6,96,0,102,0,0,0,102
02/15/2021,HHR,CA,AWP,WE,Federal Contract Tower,0,5,12,0,17,0,1,73,0,74,0,6,85,0,91,68,0,68,159
02/16/2021,HHR,CA,AWP,WE,Federal Contract Tower,0,9,10,0,19,0,1,58,0,59,0,10,68,0,78,44,0,44,122
02/17/2021,HHR,CA,AWP,WE,Federal Contract Tower,0,4,14,0,18,0,3,53,1,57,0,7,67,1,75,38,0,38,113
02/18/2021,HHR,CA,AWP,WE,Federal Contract Tower,0,8,14,0,22,0,3,79,0,82,0,11,93,0,104,110,0,110,214
02/19/2021,HHR,CA,AWP,WE,Federal Contract Tower,0,5,17,0,22,0,3,73,0,76,0,8,90,0,98,99,0,99,197
02/20/2021,HHR,CA,AWP,WE,Federal Contract Tower,0,4,8,0,12,0,0,50,0,50,0,4,58,0,62,18,0,18,80
02/21/2021,HHR,CA,AWP,WE,Federal Contract Tower,0,6,16,0,22,0,2,101,0,103,0,8,117,0,125,169,0,169,294
02/22/2021,HHR,CA,AWP,WE,Federal Contract Tower,0,7,15,0,22,0,3,91,1,95,0,10,106,1,117,48,0,48,165
02/23/2021,HHR,CA,AWP,WE,Federal Contract Tower,0,2,10,0,12,0,1,60,0,61,0,3,70,0,73,34,0,34,107
02/24/2021,HHR,CA,AWP,WE,Federal Contract Tower,0,5,11,0,16,0,2,51,1,54,0,7,62,1,70,44,0,44,114
02/25/2021,HHR,CA,AWP,WE,Federal Contract Tower,0,11,18,0,29,0,1,30,0,31,0,12,48,0,60,48,0,48,108
02/26/2021,HHR,CA,AWP,WE,Federal Contract Tower,0,4,17,0,21,0,2,64,0,66,0,6,81,0,87,152,0,152,239
02/27/2021,HHR,CA,AWP,WE,Federal Contract Tower,0,5,6,0,11,0,0,70,0,70,0,5,76,0,81,92,0,92,173
02/28/2021,HHR,CA,AWP,WE,Federal Contract Tower,0,6,17,0,23,0,1,108,0,109,0,7,125,0,132,128,0,128,260
03/01/2021,HHR,CA,AWP,WE,Federal Contract Tower,0,11,13,0,24,0,2,56,0,58,0,13,69,0,82,90,0,90,172
03/02/2021,HHR,CA,AWP,WE,Federal Contract Tower,0,7,11,0,18,0,0,51,0,51,0,7,62,0,69,32,0,32,101
03/03/2021,HHR,CA,AWP,WE,Federal Contract Tower,0,8,10,0,18,0,0,11,0,11,0,8,21,0,29,28,0,28,57
03/04/2021,HHR,CA,AWP,WE,Federal Contract Tower,0,10,18,0,28,0,1,92,0,93,0,11,110,0,121,138,0,138,259
03/05/2021,HHR,CA,AWP,WE,Federal Contract Tower,0,7,8,0,15,0,1,96,0,97,0,8,104,0,112,164,0,164,276
03/06/2021,HHR,CA,AWP,WE,Federal Contract Tower,0,3,17,0,20,0,0,74,0,74,0,3,91,0,94,106,0,106,200
03/07/2021,HHR,CA,AWP,WE,Federal Contract Tower,0,6,22,0,28,0,0,82,0,82,0,6,104,0,110,68,0,68,178
03/08/2021,HHR,CA,AWP,WE,Federal Contract Tower,0,8,13,0,21,0,5,74,0,79,0,13,87,0,100,78,0,78,178
03/09/2021,HHR,CA,AWP,WE,Federal Contract Tower,0,2,12,0,14,0,0,72,0,72,0,2,84,0,86,83,0,83,169
03/10/2021,HHR,CA,AWP,WE,Federal Contract Tower,0,6,11,0,17,0,3,11,0,14,0,9,22,0,31,0,0,0,31
03/11/2021,HHR,CA,AWP,WE,Federal Contract Tower,0,7,10,0,17,0,9,30,0,39,0,16,40,0,56,92,0,92,148
03/12/2021,HHR,CA,AWP,WE,Federal Contract Tower,0,12,10,0,22,0,0,75,2,77,0,12,85,2,99,85,0,85,184
03/13/2021,HHR,CA,AWP,WE,Federal Contract Tower,0,2,12,0,14,0,0,108,0,108,0,2,120,0,122,123,0,123,245
03/14/2021,HHR,CA,AWP,WE,Federal Contract Tower,0,8,13,0,21,0,1,74,0,75,0,9,87,0,96,118,0,118,214
03/15/2021,HHR,CA,AWP,WE,Federal Contract Tower,0,2,5,0,7,0,0,8,0,8,0,2,13,0,15,0,0,0,15
03/16/2021,HHR,CA,AWP,WE,Federal Contract Tower,0,11,8,0,19,0,1,116,0,117,0,12,124,0,136,182,0,182,318
03/17/2021,HHR,CA,AWP,WE,Federal Contract Tower,0,4,14,0,18,0,2,85,0,87,0,6,99,0,105,93,0,93,198
03/18/2021,HHR,CA,AWP,WE,Federal Contract Tower,0,10,27,0,37,0,1,79,0,80,0,11,106,0,117,102,0,102,219
03/19/2021,HHR,CA,AWP,WE,Federal Contract Tower,0,8,14,0,22,0,0,79,0,79,0,8,93,0,101,150,0,150,251
03/20/2021,HHR,CA,AWP,WE,Federal Contract Tower,0,5,15,0,20,0,5,93,0,98,0,10,108,0,118,223,0,223,341
03/21/2021,HHR,CA,AWP,WE,Federal Contract Tower,0,8,13,0,21,0,0,69,0,69,0,8,82,0,90,134,0,134,224
03/22/2021,HHR,CA,AWP,WE,Federal Contract Tower,0,6,12,0,18,0,1,50,0,51,0,7,62,0,69,38,0,38,107
03/23/2021,HHR,CA,AWP,WE,Federal Contract Tower,0,5,11,0,16,0,1,56,0,57,0,6,67,0,73,62,0,62,135
03/24/2021,HHR,CA,AWP,WE,Federal Contract Tower,0,7,15,0,22,0,1,51,0,52,0,8,66,0,74,29,0,29,103
03/25/2021,HHR,CA,AWP,WE,Federal Contract Tower,0,11,22,0,33,0,1,36,0,37,0,12,58,0,70,60,0,60,130
03/26/2021,HHR,CA,AWP,WE,Federal Contract Tower,0,9,12,0,21,0,0,98,0,98,0,9,110,0,119,85,0,85,204
03/27/2021,HHR,CA,AWP,WE,Federal Contract Tower,0,8,17,0,25,0,2,87,0,89,0,10,104,0,114,74,0,74,188
03/28/2021,HHR,CA,AWP,WE,Federal Contract Tower,0,6,18,0,24,0,0,100,0,100,0,6,118,0,124,149,0,149,273
03/29/2021,HHR,CA,AWP,WE,Federal Contract Tower,0,6,13,0,19,0,2,63,0,65,0,8,76,0,84,48,0,48,132
03/30/2021,HHR,CA,AWP,WE,Federal Contract Tower,0,4,17,0,21,0,3,92,1,96,0,7,109,1,117,88,0,88,205
03/31/2021,HHR,CA,AWP,WE,Federal Contract Tower,0,7,20,0,27,0,2,91,0,93,0,9,111,0,120,87,0,87,207
04/01/2021,HHR,CA,AWP,WE,Federal Contract Tower,0,10,15,0,25,0,1,81,0,82,0,11,96,0,107,119,0,119,226
04/02/2021,HHR,CA,AWP,WE,Federal Contract Tower,0,6,13,0,19,0,1,84,0,85,0,7,97,0,104,77,0,77,181
04/03/2021,HHR,CA,AWP,WE,Federal Contract Tower,0,11,19,0,30,0,1,62,0,63,0,12,81,0,93,177,0,177,270
04/04/2021,HHR,CA,AWP,WE,Federal Contract Tower,0,2,8,0,10,0,4,57,0,61,0,6,65,0,71,77,0,77,148
04/05/2021,HHR,CA,AWP,WE,Federal Contract Tower,0,2,16,0,18,0,4,10,0,14,0,6,26,0,32,54,0,54,86
04/06/2021,HHR,CA,AWP,WE,Federal Contract Tower,0,9,14,0,23,0,2,84,0,86,0,11,98,0,109,152,0,152,261
04/07/2021,HHR,CA,AWP,WE,Federal Contract Tower,0,6,10,0,16,0,1,51,0,52,0,7,61,0,68,86,0,86,154
04/08/2021,HHR,CA,AWP,WE,Federal Contract Tower,0,10,19,0,29,0,7,77,0,84,0,17,96,0,113,82,0,82,195
04/09/2021,HHR,CA,AWP,WE,Federal Contract Tower,0,6,9,0,15,0,0,91,0,91,0,6,100,0,106,84,0,84,190
04/10/2021,HHR,CA,AWP,WE,Federal Contract Tower,0,4,15,0,19,0,0,120,0,120,0,4,135,0,139,116,0,116,255
04/11/2021,HHR,CA,AWP,WE,Federal Contract Tower,0,6,9,0,15,0,3,51,0,54,0,9,60,0,69,32,0,32,101
04/12/2021,HHR,CA,AWP,WE,Federal Contract Tower,0,8,12,0,20,0,0,36,0,36,0,8,48,0,56,44,0,44,100
04/13/2021,HHR,CA,AWP,WE,Federal Contract Tower,0,3,10,0,13,0,0,29,0,29,0,3,39,0,42,60,0,60,102
04/14/2021,HHR,CA,AWP,WE,Federal Contract Tower,0,10,15,0,25,0,2,31,0,33,0,12,46,0,58,65,0,65,123
04/15/2021,HHR,CA,AWP,WE,Federal Contract Tower,0,15,16,0,31,0,2,56,0,58,0,17,72,0,89,8,0,8,97
04/16/2021,HHR,CA,AWP,WE,Federal Contract Tower,0,7,11,0,18,0,2,96,0,98,0,9,107,0,116,99,0,99,215
04/17/2021,HHR,CA,AWP,WE,Federal Contract Tower,0,15,11,0,26,0,0,75,0,75,0,15,86,0,101,104,0,104,205
04/18/2021,HHR,CA,AWP,WE,Federal Contract Tower,0,5,10,0,15,0,1,65,0,66,0,6,75,0,81,70,0,70,151
04/19/2021,HHR,CA,AWP,WE,Federal Contract Tower,0,9,9,0,18,0,2,70,0,72,0,11,79,0,90,48,0,48,138
04/20/2021,HHR,CA,AWP,WE,Federal Contract Tower,0,4,7,0,11,0,1,58,0,59,0,5,65,0,70,82,0,82,152
04/21/2021,HHR,CA,AWP,WE,Federal Contract Tower,0,9,13,0,22,0,1,38,0,39,0,10,51,0,61,80,0,80,141
04/22/2021,HHR,CA,AWP,WE,Federal Contract Tower,0,7,31,0,38,0,2,26,0,28,0,9,57,0,66,82,0,82,148
04/23/2021,HHR,CA,AWP,WE,Federal Contract Tower,0,12,14,0,26,0,0,73,0,73,0,12,87,0,99,89,0,89,188
04/24/2021,HHR,CA,AWP,WE,Federal Contract Tower,0,8,15,0,23,0,0,50,1,51,0,8,65,1,74,96,0,96,170
04/25/2021,HHR,CA,AWP,WE,Federal Contract Tower,0,2,20,0,22,0,1,67,0,68,0,3,87,0,90,74,0,74,164
04/26/2021,HHR,CA,AWP,WE,Federal Contract Tower,0,9,7,0,16,0,1,52,0,53,0,10,59,0,69,77,0,77,146
04/27/2021,HHR,CA,AWP,WE,Federal Contract Tower,0,5,14,0,19,0,2,68,0,70,0,7,82,0,89,78,0,78,167
04/28/2021,HHR,CA,AWP,WE,Federal Contract Tower,0,9,9,0,18,0,7,59,0,66,0,16,68,0,84,90,0,90,174
04/29/2021,HHR,CA,AWP,WE,Federal Contract Tower,0,8,10,0,18,0,15,61,4,80,0,23,71,4,98,118,0,118,216
04/30/2021,HHR,CA,AWP,WE,Federal Contract Tower,0,8,11,0,19,0,14,102,0,116,0,22,113,0,135,164,0,164,299
05/01/2021,HHR,CA,AWP,WE,Federal Contract Tower,0,10,10,0,20,0,7,68,0,75,0,17,78,0,95,96,0,96,191
05/02/2021,HHR,CA,AWP,WE,Federal Contract Tower,0,13,15,0,28,0,5,61,0,66,0,18,76,0,94,91,0,91,185
05/03/2021,HHR,CA,AWP,WE,Federal Contract Tower,0,5,3,0,8,0,0,47,0,47,0,5,50,0,55,6,0,6,61
05/04/2021,HHR,CA,AWP,WE,Federal Contract Tower,0,4,9,0,13,0,6,59,0,65,0,10,68,0,78,96,0,96,174
05/05/2021,HHR,CA,AWP,WE,Federal Contract Tower,0,5,11,0,16,0,1,44,0,45,0,6,55,0,61,56,0,56,117
05/06/2021,HHR,CA,AWP,WE,Federal Contract Tower,0,16,25,0,41,0,0,20,0,20,0,16,45,0,61,64,0,64,125
05/07/2021,HHR,CA,AWP,WE,Federal Contract Tower,0,9,24,0,33,0,1,49,0,50,0,10,73,0,83,89,0,89,172
05/08/2021,HHR,CA,AWP,WE,Federal Contract Tower,0,5,12,0,17,0,3,77,0,80,0,8,89,0,97,94,0,94,191
05/09/2021,HHR,CA,AWP,WE,Federal Contract Tower,0,5,10,0,15,0,0,73,0,73,0,5,83,0,88,99,0,99,187
05/10/2021,HHR,CA,AWP,WE,Federal Contract Tower,0,9,18,0,27,0,0,40,0,40,0,9,58,0,67,72,0,72,139
05/11/2021,HHR,CA,AWP,WE,Federal Contract Tower,0,9,20,0,29,0,5,43,0,48,0,14,63,0,77,154,0,154,231
05/12/2021,HHR,CA,AWP,WE,Federal Contract Tower,0,9,22,0,31,0,3,38,2,43,0,12,60,2,74,82,2,84,158
05/13/2021,HHR,CA,AWP,WE,Federal Contract Tower,0,9,29,0,38,0,0,4,0,4,0,9,33,0,42,22,0,22,64
05/14/2021,HHR,CA,AWP,WE,Federal Contract Tower,0,14,15,0,29,0,1,58,0,59,0,15,73,0,88,102,0,102,190
05/15/2021,HHR,CA,AWP,WE,Federal Contract Tower,0,4,11,0,15,0,0,51,0,51,0,4,62,0,66,91,0,91,157
05/16/2021,HHR,CA,AWP,WE,Federal Contract Tower,0,6,20,0,26,0,0,31,0,31,0,6,51,0,57,48,0,48,105
05/17/2021,HHR,CA,AWP,WE,Federal Contract Tower,0,6,15,0,21,0,0,50,0,50,0,6,65,0,71,87,0,87,158
05/18/2021,HHR,CA,AWP,WE,Federal Contract Tower,0,6,16,0,22,0,5,48,0,53,0,11,64,0,75,84,0,84,159
05/19/2021,HHR,CA,AWP,WE,Federal Contract Tower,0,15,18,0,33,0,7,56,0,63,0,22,74,0,96,106,0,106,202
05/20/2021,HHR,CA,AWP,WE,Federal Contract Tower,0,10,23,0,33,0,1,75,0,76,0,11,98,0,109,93,0,93,202
05/21/2021,HHR,CA,AWP,WE,Federal Contract Tower,0,7,15,0,22,0,8,35,0,43,0,15,50,0,65,18,0,18,83
05/22/2021,HHR,CA,AWP,WE,Federal Contract Tower,0,5,11,0,16,0,0,78,0,78,0,5,89,0,94,131,0,131,225
05/23/2021,HHR,CA,AWP,WE,Federal Contract Tower,0,11,9,0,20,0,0,95,0,95,0,11,104,0,115,83,0,83,198
05/24/2021,HHR,CA,AWP,WE,Federal Contract Tower,0,8,8,0,16,0,1,63,0,64,0,9,71,0,80,74,0,74,154
05/25/2021,HHR,CA,AWP,WE,Federal Contract Tower,0,5,10,0,15,0,1,74,0,75,0,6,84,0,90,68,0,68,158
05/26/2021,HHR,CA,AWP,WE,Federal Contract Tower,0,8,13,0,21,0,2,63,0,65,0,10,76,0,86,32,0,32,118
05/27/2021,HHR,CA,AWP,WE,Federal Contract Tower,0,9,28,0,37,0,10,52,1,63,0,19,80,1,100,123,0,123,223
05/28/2021,HHR,CA,AWP,WE,Federal Contract Tower,0,10,22,0,32,0,12,83,0,95,0,22,105,0,127,92,0,92,219
05/29/2021,HHR,CA,AWP,WE,Federal Contract Tower,0,2,17,0,19,0,5,62,0,67,0,7,79,0,86,109,0,109,195
05/30/2021,HHR,CA,AWP,WE,Federal Contract Tower,0,8,19,0,27,0,0,61,0,61,0,8,80,0,88,102,0,102,190
05/31/2021,HHR,CA,AWP,WE,Federal Contract Tower,0,11,17,0,28,0,0,101,0,101,0,11,118,0,129,98,0,98,227
06/01/2021,HHR,CA,AWP,WE,Federal Contract Tower,0,4,14,0,18,0,0,16,0,16,0,4,30,0,34,16,0,16,50
06/02/2021,HHR,CA,AWP,WE,Federal Contract Tower,0,9,12,0,21,0,0,27,1,28,0,9,39,1,49,16,0,16,65
06/03/2021,HHR,CA,AWP,WE,Federal Contract Tower,0,4,18,0,22,0,6,37,0,43,0,10,55,0,65,44,0,44,109
06/04/2021,HHR,CA,AWP,WE,Federal Contract Tower,0,28,19,0,47,0,0,75,0,75,0,28,94,0,122,136,0,136,258
06/05/2021,HHR,CA,AWP,WE,Federal Contract Tower,0,6,11,0,17,0,0,71,0,71,0,6,82,0,88,100,0,100,188
06/06/2021,HHR,CA,AWP,WE,Federal Contract Tower,0,12,15,0,27,0,1,65,0,66,0,13,80,0,93,118,0,118,211
06/07/2021,HHR,CA,AWP,WE,Federal Contract Tower,0,6,19,0,25,0,2,42,0,44,0,8,61,0,69,56,0,56,125
06/08/2021,HHR,CA,AWP,WE,Federal Contract Tower,0,6,15,0,21,0,2,45,0,47,0,8,60,0,68,116,0,116,184
06/09/2021,HHR,CA,AWP,WE,Federal Contract Tower,0,7,17,0,24,0,1,71,0,72,0,8,88,0,96,73,0,73,169
06/10/2021,HHR,CA,AWP,WE,Federal Contract Tower,0,16,23,0,39,0,2,61,0,63,0,18,84,0,102,92,0,92,194
06/11/2021,HHR,CA,AWP,WE,Federal Contract Tower,0,7,10,0,17,0,2,60,2,64,0,9,70,2,81,126,0,126,207
06/12/2021,HHR,CA,AWP,WE,Federal Contract Tower,0,6,9,0,15,0,1,77,0,78,0,7,86,0,93,133,0,133,226
06/13/2021,HHR,CA,AWP,WE,Federal Contract Tower,0,8,9,0,17,0,1,91,0,92,0,9,100,0,109,76,0,76,185
06/14/2021,HHR,CA,AWP,WE,Federal Contract Tower,0,7,10,0,17,0,3,83,0,86,0,10,93,0,103,76,0,76,179
06/15/2021,HHR,CA,AWP,WE,Federal Contract Tower,0,6,8,0,14,0,1,72,0,73,0,7,80,0,87,96,0,96,183
06/16/2021,HHR,CA,AWP,WE,Federal Contract Tower,0,8,7,0,15,0,2,56,1,59,0,10,63,1,74,104,0,104,178
06/17/2021,HHR,CA,AWP,WE,Federal Contract Tower,0,11,23,0,34,0,2,56,0,58,0,13,79,0,92,140,0,140,232
06/18/2021,HHR,CA,AWP,WE,Federal Contract Tower,0,12,29,0,41,0,0,61,0,61,0,12,90,0,102,143,0,143,245
06/19/2021,HHR,CA,AWP,WE,Federal Contract Tower,0,10,19,0,29,0,0,60,0,60,0,10,79,0,89,49,0,49,138
06/20/2021,HHR,CA,AWP,WE,Federal Contract Tower,0,9,12,0,21,0,1,46,0,47,0,10,58,0,68,48,0,48,116
06/21/2021,HHR,CA,AWP,WE,Federal Contract Tower,0,6,11,0,17,1,2,51,0,54,1,8,62,0,71,30,0,30,101
06/22/2021,HHR,CA,AWP,WE,Federal Contract Tower,0,9,17,0,26,0,1,81,0,82,0,10,98,0,108,98,0,98,206
06/23/2021,HHR,CA,AWP,WE,Federal Contract Tower,0,10,20,0,30,0,1,70,0,71,0,11,90,0,101,106,0,106,207
06/24/2021,HHR,CA,AWP,WE,Federal Contract Tower,0,17,14,0,31,0,1,59,0,60,0,18,73,0,91,80,0,80,171
06/25/2021,HHR,CA,AWP,WE,Federal Contract Tower,0,8,15,0,23,0,6,58,0,64,0,14,73,0,87,96,0,96,183
06/26/2021,HHR,CA,AWP,WE,Federal Contract Tower,0,7,14,0,21,0,0,75,0,75,0,7,89,0,96,82,0,82,178
06/27/2021,HHR,CA,AWP,WE,Federal Contract Tower,0,12,22,0,34,0,2,80,0,82,0,14,102,0,116,95,0,95,211
06/28/2021,HHR,CA,AWP,WE,Federal Contract Tower,0,9,12,0,21,0,7,69,0,76,0,16,81,0,97,30,0,30,127
06/29/2021,HHR,CA,AWP,WE,Federal Contract Tower,0,8,17,0,25,0,1,67,0,68,0,9,84,0,93,124,0,124,217
06/30/2021,HHR,CA,AWP,WE,Federal Contract Tower,0,11,18,0,29,0,9,78,0,87,0,20,96,0,116,176,0,176,292
07/01/2021,HHR,CA,AWP,WE,Federal Contract Tower,0,14,13,0,27,0,10,59,0,69,0,24,72,0,96,83,0,83,179
07/02/2021,HHR,CA,AWP,WE,Federal Contract Tower,0,15,15,0,30,0,7,58,0,65,0,22,73,0,95,64,0,64,159
07/03/2021,HHR,CA,AWP,WE,Federal Contract Tower,0,7,13,0,20,0,2,57,0,59,0,9,70,0,79,66,0,66,145
07/04/2021,HHR,CA,AWP,WE,Federal Contract Tower,0,7,7,0,14,0,1,30,0,31,0,8,37,0,45,44,0,44,89
07/05/2021,HHR,CA,AWP,WE,Federal Contract Tower,0,11,12,0,23,0,0,85,0,85,0,11,97,0,108,72,0,72,180
07/06/2021,HHR,CA,AWP,WE,Federal Contract Tower,0,8,19,0,27,0,2,58,0,60,0,10,77,0,87,52,0,52,139
07/07/2021,HHR,CA,AWP,WE,Federal Contract Tower,0,11,10,0,21,0,1,69,0,70,0,12,79,0,91,108,0,108,199
07/08/2021,HHR,CA,AWP,WE,Federal Contract Tower,0,13,12,0,25,0,2,63,1,66,0,15,75,1,91,104,0,104,195
07/09/2021,HHR,CA,AWP,WE,Federal Contract Tower,0,13,20,0,33,0,2,88,0,90,0,15,108,0,123,61,0,61,184
07/10/2021,HHR,CA,AWP,WE,Federal Contract Tower,0,2,16,0,18,0,0,73,1,74,0,2,89,1,92,109,0,109,201
07/11/2021,HHR,CA,AWP,WE,Federal Contract Tower,0,10,12,0,22,0,0,64,0,64,0,10,76,0,86,120,0,120,206
07/12/2021,HHR,CA,AWP,WE,Federal Contract Tower,0,8,12,0,20,0,1,40,0,41,0,9,52,0,61,51,0,51,112
07/13/2021,HHR,CA,AWP,WE,Federal Contract Tower,0,7,12,0,19,0,2,65,0,67,0,9,77,0,86,46,0,46,132
07/14/2021,HHR,CA,AWP,WE,Federal Contract Tower,0,5,13,0,18,0,0,68,0,68,0,5,81,0,86,104,0,104,190
07/15/2021,HHR,CA,AWP,WE,Federal Contract Tower,0,9,11,0,20,0,1,105,0,106,0,10,116,0,126,43,0,43,169
07/16/2021,HHR,CA,AWP,WE,Federal Contract Tower,0,7,11,0,18,0,2,76,0,78,0,9,87,0,96,81,0,81,177
07/18/2021,HHR,CA,AWP,WE,Federal Contract Tower,0,14,19,0,33,0,3,81,0,84,0,17,100,0,117,140,0,140,257
07/19/2021,HHR,CA,AWP,WE,Federal Contract Tower,0,10,15,0,25,0,2,50,0,52,0,12,65,0,77,42,0,42,119
07/20/2021,HHR,CA,AWP,WE,Federal Contract Tower,0,10,10,0,20,0,4,68,0,72,0,14,78,0,92,120,0,120,212
07/21/2021,HHR,CA,AWP,WE,Federal Contract Tower,0,10,14,0,24,0,3,76,0,79,0,13,90,0,103,122,0,122,225
07/22/2021,HHR,CA,AWP,WE,Federal Contract Tower,0,11,15,0,26,0,2,83,0,85,0,13,98,0,111,80,0,80,191
07/23/2021,HHR,CA,AWP,WE,Federal Contract Tower,0,18,29,0,47,0,1,97,0,98,0,19,126,0,145,98,0,98,243
07/24/2021,HHR,CA,AWP,WE,Federal Contract Tower,0,5,23,0,28,0,0,71,0,71,0,5,94,0,99,82,0,82,181
07/25/2021,HHR,CA,AWP,WE,Federal Contract Tower,0,8,13,0,21,0,3,73,0,76,0,11,86,0,97,84,0,84,181
07/26/2021,HHR,CA,AWP,WE,Federal Contract Tower,0,14,16,0,30,0,4,47,0,51,0,18,63,0,81,14,0,14,95
07/27/2021,HHR,CA,AWP,WE,Federal Contract Tower,0,17,30,0,47,0,0,27,0,27,0,17,57,0,74,18,0,18,92
07/28/2021,HHR,CA,AWP,WE,Federal Contract Tower,0,12,17,0,29,0,7,58,0,65,0,19,75,0,94,64,0,64,158
07/29/2021,HHR,CA,AWP,WE,Federal Contract Tower,0,9,13,0,22,0,5,115,2,122,0,14,128,2,144,114,2,116,260
07/30/2021,HHR,CA,AWP,WE,Federal Contract Tower,0,11,17,0,28,0,0,45,0,45,0,11,62,0,73,72,0,72,145
07/31/2021,HHR,CA,AWP,WE,Federal Contract Tower,0,10,9,0,19,0,0,63,0,63,0,10,72,0,82,48,0,48,130
08/01/2021,HHR,CA,AWP,WE,Federal Contract Tower,0,12,15,0,27,0,2,63,0,65,0,14,78,0,92,66,0,66,158
08/02/2021,HHR,CA,AWP,WE,Federal Contract Tower,0,6,9,0,15,0,0,58,0,58,0,6,67,0,73,45,0,45,118
08/03/2021,HHR,CA,AWP,WE,Federal Contract Tower,0,10,11,0,21,0,2,85,0,87,0,12,96,0,108,106,0,106,214
08/04/2021,HHR,CA,AWP,WE,Federal Contract Tower,0,7,12,0,19,0,5,89,0,94,0,12,101,0,113,70,0,70,183
08/05/2021,HHR,CA,AWP,WE,Federal Contract Tower,0,8,21,0,29,0,4,62,0,66,0,12,83,0,95,93,0,93,188
08/06/2021,HHR,CA,AWP,WE,Federal Contract Tower,0,12,33,0,45,0,0,60,2,62,0,12,93,2,107,80,0,80,187
08/07/2021,HHR,CA,AWP,WE,Federal Contract Tower,0,9,18,0,27,0,0,66,0,66,0,9,84,0,93,118,0,118,211
08/08/2021,HHR,CA,AWP,WE,Federal Contract Tower,0,12,18,0,30,0,0,77,0,77,0,12,95,0,107,134,0,134,241
08/09/2021,HHR,CA,AWP,WE,Federal Contract Tower,0,0,0,0,0,0,0,0,0,0,0,0,0,0,0,0,0,0,0
08/10/2021,HHR,CA,AWP,WE,Federal Contract Tower,0,0,1,0,1,0,0,4,0,4,0,0,5,0,5,0,0,0,5
08/11/2021,HHR,CA,AWP,WE,Federal Contract Tower,0,0,0,0,0,0,0,0,0,0,0,0,0,0,0,0,0,0,0
08/12/2021,HHR,CA,AWP,WE,Federal Contract Tower,0,0,0,0,0,0,0,0,0,0,0,0,0,0,0,0,0,0,0
08/13/2021,HHR,CA,AWP,WE,Federal Contract Tower,0,0,0,0,0,0,0,0,0,0,0,0,0,0,0,0,0,0,0
08/14/2021,HHR,CA,AWP,WE,Federal Contract Tower,0,2,8,0,10,0,0,136,0,136,0,2,144,0,146,28,0,28,174
08/15/2021,HHR,CA,AWP,WE,Federal Contract Tower,0,9,11,0,20,0,4,103,0,107,0,13,114,0,127,68,0,68,195
08/16/2021,HHR,CA,AWP,WE,Federal Contract Tower,0,14,9,0,23,0,1,61,0,62,0,15,70,0,85,80,0,80,165
08/17/2021,HHR,CA,AWP,WE,Federal Contract Tower,0,5,17,0,22,0,1,53,0,54,0,6,70,0,76,54,0,54,130
08/18/2021,HHR,CA,AWP,WE,Federal Contract Tower,0,11,20,0,31,0,0,43,0,43,0,11,63,0,74,78,0,78,152
08/19/2021,HHR,CA,AWP,WE,Federal Contract Tower,0,9,17,0,26,0,2,38,0,40,0,11,55,0,66,67,0,67,133
08/20/2021,HHR,CA,AWP,WE,Federal Contract Tower,0,11,36,0,47,0,0,73,0,73,0,11,109,0,120,100,0,100,220
08/21/2021,HHR,CA,AWP,WE,Federal Contract Tower,0,8,12,0,20,0,0,58,0,58,0,8,70,0,78,73,0,73,151
08/22/2021,HHR,CA,AWP,WE,Federal Contract Tower,0,10,21,0,31,0,0,59,0,59,0,10,80,0,90,132,0,132,222
08/23/2021,HHR,CA,AWP,WE,Federal Contract Tower,0,0,0,0,0,0,0,0,0,0,0,0,0,0,0,0,0,0,0
08/24/2021,HHR,CA,AWP,WE,Federal Contract Tower,0,0,0,0,0,0,0,0,0,0,0,0,0,0,0,0,0,0,0
08/25/2021,HHR,CA,AWP,WE,Federal Contract Tower,0,0,0,0,0,0,0,0,0,0,0,0,0,0,0,0,0,0,0
08/26/2021,HHR,CA,AWP,WE,Federal Contract Tower,0,14,25,0,39,0,2,69,0,71,0,16,94,0,110,123,0,123,233
08/27/2021,HHR,CA,AWP,WE,Federal Contract Tower,0,9,12,0,21,0,2,67,0,69,0,11,79,0,90,117,0,117,207
08/28/2021,HHR,CA,AWP,WE,Federal Contract Tower,0,7,11,0,18,0,1,76,0,77,0,8,87,0,95,92,0,92,187
08/29/2021,HHR,CA,AWP,WE,Federal Contract Tower,0,4,7,0,11,0,9,90,0,99,0,13,97,0,110,191,0,191,301
08/30/2021,HHR,CA,AWP,WE,Federal Contract Tower,0,5,5,0,10,0,0,84,0,84,0,5,89,0,94,88,0,88,182
08/31/2021,HHR,CA,AWP,WE,Federal Contract Tower,0,10,6,0,16,0,2,64,0,66,0,12,70,0,82,60,0,60,142
09/01/2021,HHR,CA,AWP,WE,Federal Contract Tower,0,6,14,0,20,0,3,61,4,68,0,9,75,4,88,22,2,24,112
09/02/2021,HHR,CA,AWP,WE,Federal Contract Tower,0,14,20,0,34,0,1,45,0,46,0,15,65,0,80,92,0,92,172
09/03/2021,HHR,CA,AWP,WE,Federal Contract Tower,0,14,24,0,38,0,3,73,0,76,0,17,97,0,114,50,0,50,164
09/04/2021,HHR,CA,AWP,WE,Federal Contract Tower,0,7,15,0,22,0,1,69,0,70,0,8,84,0,92,136,0,136,228
09/05/2021,HHR,CA,AWP,WE,Federal Contract Tower,0,1,7,0,8,0,1,81,0,82,0,2,88,0,90,138,0,138,228
09/06/2021,HHR,CA,AWP,WE,Federal Contract Tower,0,15,23,0,38,0,0,119,0,119,0,15,142,0,157,196,0,196,353
09/07/2021,HHR,CA,AWP,WE,Federal Contract Tower,0,9,18,0,27,0,2,68,2,72,0,11,86,2,99,182,0,182,281
09/08/2021,HHR,CA,AWP,WE,Federal Contract Tower,0,11,26,0,37,0,1,50,0,51,0,12,76,0,88,114,0,114,202
09/09/2021,HHR,CA,AWP,WE,Federal Contract Tower,0,11,22,0,33,0,1,46,0,47,0,12,68,0,80,80,0,80,160
09/10/2021,HHR,CA,AWP,WE,Federal Contract Tower,0,10,25,0,35,0,2,67,0,69,0,12,92,0,104,0,51,51,155
09/11/2021,HHR,CA,AWP,WE,Federal Contract Tower,0,1,14,0,15,0,1,107,0,108,0,2,121,0,123,94,0,94,217
09/12/2021,HHR,CA,AWP,WE,Federal Contract Tower,0,9,31,0,40,0,1,82,0,83,0,10,113,0,123,48,0,48,171
09/13/2021,HHR,CA,AWP,WE,Federal Contract Tower,0,9,9,0,18,0,1,63,0,64,0,10,72,0,82,38,0,38,120
09/14/2021,HHR,CA,AWP,WE,Federal Contract Tower,0,7,9,0,16,0,2,56,0,58,0,9,65,0,74,50,0,50,124
09/15/2021,HHR,CA,AWP,WE,Federal Contract Tower,0,13,19,0,32,0,3,65,0,68,0,16,84,0,100,34,0,34,134
09/16/2021,HHR,CA,AWP,WE,Federal Contract Tower,0,8,12,0,20,0,1,38,0,39,0,9,50,0,59,44,0,44,103
09/17/2021,HHR,CA,AWP,WE,Federal Contract Tower,0,8,30,0,38,0,1,76,0,77,0,9,106,0,115,101,0,101,216
09/18/2021,HHR,CA,AWP,WE,Federal Contract Tower,0,5,24,0,29,0,1,89,0,90,0,6,113,0,119,95,0,95,214
09/19/2021,HHR,CA,AWP,WE,Federal Contract Tower,0,8,18,0,26,0,2,79,0,81,0,10,97,0,107,36,0,36,143
09/20/2021,HHR,CA,AWP,WE,Federal Contract Tower,0,8,10,0,18,0,3,71,0,74,0,11,81,0,92,69,0,69,161
09/21/2021,HHR,CA,AWP,WE,Federal Contract Tower,0,7,9,0,16,0,2,72,0,74,0,9,81,0,90,148,0,148,238
09/22/2021,HHR,CA,AWP,WE,Federal Contract Tower,0,6,11,0,17,0,2,42,0,44,0,8,53,0,61,90,0,90,151
09/23/2021,HHR,CA,AWP,WE,Federal Contract Tower,0,10,16,0,26,0,6,51,0,57,0,16,67,0,83,113,0,113,196
09/24/2021,HHR,CA,AWP,WE,Federal Contract Tower,0,12,17,0,29,0,1,75,0,76,0,13,92,0,105,140,0,140,245
09/25/2021,HHR,CA,AWP,WE,Federal Contract Tower,0,7,24,0,31,0,0,53,0,53,0,7,77,0,84,146,0,146,230
09/26/2021,HHR,CA,AWP,WE,Federal Contract Tower,0,39,51,0,90,0,0,5,0,5,0,39,56,0,95,0,0,0,95
09/27/2021,HHR,CA,AWP,WE,Federal Contract Tower,0,16,21,0,37,0,0,20,0,20,0,16,41,0,57,28,0,28,85
09/28/2021,HHR,CA,AWP,WE,Federal Contract Tower,0,16,19,0,35,0,2,68,0,70,0,18,87,0,105,138,0,138,243
09/29/2021,HHR,CA,AWP,WE,Federal Contract Tower,0,10,11,0,21,0,3,53,0,56,0,13,64,0,77,84,0,84,161
09/30/2021,HHR,CA,AWP,WE,Federal Contract Tower,0,12,18,0,30,0,11,72,3,86,0,23,90,3,116,72,0,72,188
10/01/2021,HHR,CA,AWP,WE,Federal Contract Tower,0,9,13,0,22,0,11,73,0,84,0,20,86,0,106,116,0,116,222
10/02/2021,HHR,CA,AWP,WE,Federal Contract Tower,0,7,16,0,23,0,0,77,0,77,0,7,93,0,100,78,0,78,178
10/03/2021,HHR,CA,AWP,WE,Federal Contract Tower,0,6,19,0,25,0,0,59,0,59,0,6,78,0,84,40,0,40,124
10/04/2021,HHR,CA,AWP,WE,Federal Contract Tower,0,17,37,0,54,0,3,66,0,69,0,20,103,0,123,44,0,44,167
10/05/2021,HHR,CA,AWP,WE,Federal Contract Tower,0,10,24,0,34,0,1,119,0,120,0,11,143,0,154,62,0,62,216
10/06/2021,HHR,CA,AWP,WE,Federal Contract Tower,0,9,16,0,25,0,2,47,0,49,0,11,63,0,74,20,0,20,94
10/07/2021,HHR,CA,AWP,WE,Federal Contract Tower,0,13,24,0,37,0,2,43,0,45,0,15,67,0,82,147,0,147,229
10/08/2021,HHR,CA,AWP,WE,Federal Contract Tower,0,14,15,0,29,0,2,54,0,56,0,16,69,0,85,42,0,42,127
10/09/2021,HHR,CA,AWP,WE,Federal Contract Tower,0,0,15,0,15,0,0,95,0,95,0,0,110,0,110,26,0,26,136
10/10/2021,HHR,CA,AWP,WE,Federal Contract Tower,0,13,19,0,32,0,4,79,0,83,0,17,98,0,115,30,0,30,145
10/11/2021,HHR,CA,AWP,WE,Federal Contract Tower,0,8,16,0,24,0,0,41,0,41,0,8,57,0,65,8,0,8,73
10/12/2021,HHR,CA,AWP,WE,Federal Contract Tower,0,4,17,0,21,0,3,57,2,62,0,7,74,2,83,10,0,10,93
10/13/2021,HHR,CA,AWP,WE,Federal Contract Tower,0,7,17,0,24,0,3,72,0,75,0,10,89,0,99,96,0,96,195
10/14/2021,HHR,CA,AWP,WE,Federal Contract Tower,0,26,22,2,50,0,7,65,0,72,0,33,87,2,122,57,0,57,179
10/15/2021,HHR,CA,AWP,WE,Federal Contract Tower,0,4,27,0,31,0,1,74,0,75,0,5,101,0,106,59,0,59,165
10/16/2021,HHR,CA,AWP,WE,Federal Contract Tower,0,4,12,0,16,0,0,64,0,64,0,4,76,0,80,70,0,70,150
10/17/2021,HHR,CA,AWP,WE,Federal Contract Tower,0,12,31,0,43,0,1,69,0,70,0,13,100,0,113,10,0,10,123
10/18/2021,HHR,CA,AWP,WE,Federal Contract Tower,0,10,19,0,29,0,2,49,0,51,0,12,68,0,80,20,0,20,100
10/19/2021,HHR,CA,AWP,WE,Federal Contract Tower,0,7,21,0,28,0,5,47,0,52,0,12,68,0,80,37,0,37,117
10/20/2021,HHR,CA,AWP,WE,Federal Contract Tower,0,12,24,0,36,0,9,78,0,87,0,21,102,0,123,102,0,102,225
10/21/2021,HHR,CA,AWP,WE,Federal Contract Tower,0,7,29,0,36,0,7,60,0,67,0,14,89,0,103,96,0,96,199
10/22/2021,HHR,CA,AWP,WE,Federal Contract Tower,0,13,31,0,44,0,0,39,0,39,0,13,70,0,83,20,0,20,103
10/23/2021,HHR,CA,AWP,WE,Federal Contract Tower,0,6,19,0,25,0,2,39,0,41,0,8,58,0,66,81,0,81,147
10/24/2021,HHR,CA,AWP,WE,Federal Contract Tower,0,9,11,0,20,0,0,46,0,46,0,9,57,0,66,14,0,14,80
10/25/2021,HHR,CA,AWP,WE,Federal Contract Tower,0,5,8,0,13,0,0,12,0,12,0,5,20,0,25,0,0,0,25
10/26/2021,HHR,CA,AWP,WE,Federal Contract Tower,0,4,10,3,17,0,1,89,0,90,0,5,99,3,107,42,0,42,149
10/27/2021,HHR,CA,AWP,WE,Federal Contract Tower,0,5,19,0,24,0,2,78,0,80,0,7,97,0,104,86,0,86,190
10/28/2021,HHR,CA,AWP,WE,Federal Contract Tower,0,5,14,1,20,0,3,72,2,77,0,8,86,3,97,88,0,88,185
10/29/2021,HHR,CA,AWP,WE,Federal Contract Tower,0,7,21,0,28,1,2,70,0,73,1,9,91,0,101,66,6,72,173
10/30/2021,HHR,CA,AWP,WE,Federal Contract Tower,0,4,19,0,23,0,3,61,0,64,0,7,80,0,87,75,0,75,162
10/31/2021,HHR,CA,AWP,WE,Federal Contract Tower,0,9,19,0,28,0,0,41,0,41,0,9,60,0,69,24,0,24,93
11/01/2021,HHR,CA,AWP,WE,Federal Contract Tower,0,9,13,0,22,0,1,65,0,66,0,10,78,0,88,60,0,60,148
11/02/2021,HHR,CA,AWP,WE,Federal Contract Tower,0,6,14,0,20,0,0,23,0,23,0,6,37,0,43,16,0,16,59
11/03/2021,HHR,CA,AWP,WE,Federal Contract Tower,0,8,14,0,22,0,1,24,0,25,0,9,38,0,47,48,0,48,95
11/04/2021,HHR,CA,AWP,WE,Federal Contract Tower,0,12,19,0,31,0,2,17,0,19,0,14,36,0,50,38,0,38,88
11/05/2021,HHR,CA,AWP,WE,Federal Contract Tower,0,4,14,0,18,0,0,25,0,25,0,4,39,0,43,6,0,6,49
11/06/2021,HHR,CA,AWP,WE,Federal Contract Tower,0,2,15,0,17,0,0,6,0,6,0,2,21,0,23,8,0,8,31
11/07/2021,HHR,CA,AWP,WE,Federal Contract Tower,0,6,15,0,21,0,0,22,0,22,0,6,37,0,43,24,0,24,67
11/08/2021,HHR,CA,AWP,WE,Federal Contract Tower,0,6,25,0,31,0,1,44,0,45,0,7,69,0,76,34,0,34,110
11/09/2021,HHR,CA,AWP,WE,Federal Contract Tower,0,10,23,0,33,0,0,46,0,46,0,10,69,0,79,86,0,86,165
11/10/2021,HHR,CA,AWP,WE,Federal Contract Tower,0,8,16,0,24,0,3,86,0,89,0,11,102,0,113,90,0,90,203
11/11/2021,HHR,CA,AWP,WE,Federal Contract Tower,0,11,19,0,30,0,4,102,0,106,0,15,121,0,136,113,0,113,249
11/12/2021,HHR,CA,AWP,WE,Federal Contract Tower,0,6,19,0,25,0,1,52,0,53,0,7,71,0,78,49,0,49,127
11/13/2021,HHR,CA,AWP,WE,Federal Contract Tower,0,3,8,0,11,0,1,120,0,121,0,4,128,0,132,112,0,112,244
11/14/2021,HHR,CA,AWP,WE,Federal Contract Tower,0,10,30,0,40,0,3,50,0,53,0,13,80,0,93,10,0,10,103
11/15/2021,HHR,CA,AWP,WE,Federal Contract Tower,0,14,30,0,44,0,0,77,0,77,0,14,107,0,121,132,0,132,253
11/16/2021,HHR,CA,AWP,WE,Federal Contract Tower,0,6,20,0,26,0,0,78,0,78,0,6,98,0,104,94,0,94,198
11/17/2021,HHR,CA,AWP,WE,Federal Contract Tower,0,8,14,0,22,0,3,78,0,81,0,11,92,0,103,42,0,42,145
11/18/2021,HHR,CA,AWP,WE,Federal Contract Tower,0,15,24,0,39,0,0,35,0,35,0,15,59,0,74,42,0,42,116
11/19/2021,HHR,CA,AWP,WE,Federal Contract Tower,0,11,32,0,43,0,0,41,0,41,0,11,73,0,84,48,0,48,132
11/20/2021,HHR,CA,AWP,WE,Federal Contract Tower,0,6,18,0,24,0,2,58,0,60,0,8,76,0,84,50,0,50,134
11/21/2021,HHR,CA,AWP,WE,Federal Contract Tower,0,14,29,0,43,0,2,65,0,67,0,16,94,0,110,63,0,63,173
11/22/2021,HHR,CA,AWP,WE,Federal Contract Tower,0,8,23,0,31,0,4,58,0,62,0,12,81,0,93,44,0,44,137
11/23/2021,HHR,CA,AWP,WE,Federal Contract Tower,0,6,18,0,24,0,1,58,0,59,0,7,76,0,83,90,0,90,173
11/24/2021,HHR,CA,AWP,WE,Federal Contract Tower,0,11,16,0,27,0,3,76,0,79,0,14,92,0,106,60,0,60,166
11/25/2021,HHR,CA,AWP,WE,Federal Contract Tower,0,4,1,0,5,0,0,14,0,14,0,4,15,0,19,9,0,9,28
11/26/2021,HHR,CA,AWP,WE,Federal Contract Tower,0,7,20,0,27,0,1,54,0,55,0,8,74,0,82,74,0,74,156
11/27/2021,HHR,CA,AWP,WE,Federal Contract Tower,0,7,14,0,21,0,0,84,0,84,0,7,98,0,105,34,0,34,139
11/28/2021,HHR,CA,AWP,WE,Federal Contract Tower,0,27,65,0,92,0,0,63,0,63,0,27,128,0,155,25,0,25,180
11/29/2021,HHR,CA,AWP,WE,Federal Contract Tower,0,11,29,0,40,0,0,57,0,57,0,11,86,0,97,31,0,31,128
11/30/2021,HHR,CA,AWP,WE,Federal Contract Tower,0,4,8,0,12,0,3,56,0,59,0,7,64,0,71,48,0,48,119
12/01/2021,HHR,CA,AWP,WE,Federal Contract Tower,0,6,17,0,23,0,2,30,0,32,0,8,47,0,55,8,0,8,63
12/02/2021,HHR,CA,AWP,WE,Federal Contract Tower,0,6,23,2,31,0,0,9,0,9,0,6,32,2,40,4,0,4,44
12/03/2021,HHR,CA,AWP,WE,Federal Contract Tower,0,11,22,0,33,0,5,30,0,35,0,16,52,0,68,70,0,70,138
12/05/2021,HHR,CA,AWP,WE,Federal Contract Tower,0,10,22,0,32,0,0,49,0,49,0,10,71,0,81,0,0,0,81
12/06/2021,HHR,CA,AWP,WE,Federal Contract Tower,0,9,20,0,29,0,0,33,0,33,0,9,53,0,62,0,0,0,62
12/07/2021,HHR,CA,AWP,WE,Federal Contract Tower,0,12,14,0,26,0,2,37,0,39,0,14,51,0,65,70,0,70,135
12/08/2021,HHR,CA,AWP,WE,Federal Contract Tower,0,12,19,0,31,0,1,89,0,90,0,13,108,0,121,50,0,50,171
12/09/2021,HHR,CA,AWP,WE,Federal Contract Tower,0,18,24,0,42,0,2,14,1,17,0,20,38,1,59,20,8,28,87
12/10/2021,HHR,CA,AWP,WE,Federal Contract Tower,0,16,22,0,38,0,2,62,0,64,0,18,84,0,102,82,0,82,184
12/11/2021,HHR,CA,AWP,WE,Federal Contract Tower,0,5,8,0,13,0,0,89,0,89,0,5,97,0,102,78,0,78,180
12/12/2021,HHR,CA,AWP,WE,Federal Contract Tower,0,10,22,0,32,0,2,67,0,69,0,12,89,0,101,5,0,5,106
12/13/2021,HHR,CA,AWP,WE,Federal Contract Tower,0,8,19,0,27,0,1,45,0,46,0,9,64,0,73,58,0,58,131
12/14/2021,HHR,CA,AWP,WE,Federal Contract Tower,0,7,11,0,18,0,1,2,0,3,0,8,13,0,21,0,0,0,21
12/15/2021,HHR,CA,AWP,WE,Federal Contract Tower,0,17,21,0,38,0,1,78,6,85,0,18,99,6,123,58,0,58,181
12/16/2021,HHR,CA,AWP,WE,Federal Contract Tower,0,20,42,0,62,0,3,56,0,59,0,23,98,0,121,104,0,104,225
12/17/2021,HHR,CA,AWP,WE,Federal Contract Tower,0,9,35,0,44,0,3,96,0,99,0,12,131,0,143,93,0,93,236
12/18/2021,HHR,CA,AWP,WE,Federal Contract Tower,0,7,25,0,32,0,0,84,0,84,0,7,109,0,116,81,0,81,197
12/19/2021,HHR,CA,AWP,WE,Federal Contract Tower,0,22,12,0,34,0,1,78,0,79,0,23,90,0,113,95,0,95,208
12/20/2021,HHR,CA,AWP,WE,Federal Contract Tower,0,10,23,0,33,0,5,57,0,62,0,15,80,0,95,114,0,114,209
12/21/2021,HHR,CA,AWP,WE,Federal Contract Tower,0,14,19,0,33,0,4,36,0,40,0,18,55,0,73,2,0,2,75
12/22/2021,HHR,CA,AWP,WE,Federal Contract Tower,0,6,20,0,26,0,1,56,0,57,0,7,76,0,83,50,0,50,133
12/23/2021,HHR,CA,AWP,WE,Federal Contract Tower,0,3,0,0,3,0,0,4,0,4,0,3,4,0,7,10,0,10,17
12/24/2021,HHR,CA,AWP,WE,Federal Contract Tower,0,2,3,0,5,0,0,17,0,17,0,2,20,0,22,16,0,16,38
12/25/2021,HHR,CA,AWP,WE,Federal Contract Tower,0,3,2,0,5,0,0,1,0,1,0,3,3,0,6,1,0,1,7
12/26/2021,HHR,CA,AWP,WE,Federal Contract Tower,0,13,19,0,32,0,2,69,0,71,0,15,88,0,103,82,0,82,185
12/27/2021,HHR,CA,AWP,WE,Federal Contract Tower,0,14,25,0,39,0,2,10,0,12,0,16,35,0,51,19,0,19,70
12/28/2021,HHR,CA,AWP,WE,Federal Contract Tower,0,11,6,0,17,0,0,84,0,84,0,11,90,0,101,80,0,80,181
12/29/2021,HHR,CA,AWP,WE,Federal Contract Tower,0,4,1,0,5,0,0,3,0,3,0,4,4,0,8,0,0,0,8
12/30/2021,HHR,CA,AWP,WE,Federal Contract Tower,0,6,1,0,7,0,0,0,0,0,0,6,1,0,7,0,0,0,7
12/31/2021,HHR,CA,AWP,WE,Federal Contract Tower,0,5,12,0,17,0,3,64,0,67,0,8,76,0,84,70,0,70,154
01/01/2022,HHR,CA,AWP,WE,Federal Contract Tower,0,4,12,0,16,0,1,75,0,76,0,5,87,0,92,93,0,93,185
01/02/2022,HHR,CA,AWP,WE,Federal Contract Tower,0,16,25,0,41,0,3,76,0,79,0,19,101,0,120,0,0,0,120
01/03/2022,HHR,CA,AWP,WE,Federal Contract Tower,0,9,24,0,33,0,1,76,0,77,0,10,100,0,110,66,0,66,176
01/04/2022,HHR,CA,AWP,WE,Federal Contract Tower,0,5,12,0,17,0,3,59,0,62,0,8,71,0,79,42,0,42,121
01/05/2022,HHR,CA,AWP,WE,Federal Contract Tower,0,16,11,0,27,0,0,80,0,80,0,16,91,0,107,22,0,22,129
01/06/2022,HHR,CA,AWP,WE,Federal Contract Tower,0,10,18,0,28,0,3,64,0,67,0,13,82,0,95,114,0,114,209
01/07/2022,HHR,CA,AWP,WE,Federal Contract Tower,0,18,12,0,30,0,0,16,0,16,0,18,28,0,46,0,0,0,46
01/08/2022,HHR,CA,AWP,WE,Federal Contract Tower,0,4,12,0,16,0,0,63,0,63,0,4,75,0,79,228,0,228,307
01/09/2022,HHR,CA,AWP,WE,Federal Contract Tower,0,13,27,0,40,0,2,91,0,93,0,15,118,0,133,46,0,46,179
01/10/2022,HHR,CA,AWP,WE,Federal Contract Tower,0,14,19,0,33,0,2,69,0,71,0,16,88,0,104,34,0,34,138
01/11/2022,HHR,CA,AWP,WE,Federal Contract Tower,0,5,14,0,19,0,1,93,0,94,0,6,107,0,113,132,0,132,245
01/12/2022,HHR,CA,AWP,WE,Federal Contract Tower,0,14,13,0,27,0,1,90,0,91,0,15,103,0,118,126,0,126,244
01/13/2022,HHR,CA,AWP,WE,Federal Contract Tower,0,9,16,0,25,0,2,108,0,110,0,11,124,0,135,106,0,106,241
01/14/2022,HHR,CA,AWP,WE,Federal Contract Tower,0,15,24,0,39,0,3,107,0,110,0,18,131,0,149,154,0,154,303
01/15/2022,HHR,CA,AWP,WE,Federal Contract Tower,0,4,6,4,14,0,0,94,0,94,0,4,100,4,108,122,0,122,230
01/16/2022,HHR,CA,AWP,WE,Federal Contract Tower,0,12,8,0,20,0,1,129,0,130,0,13,137,0,150,144,0,144,294
01/17/2022,HHR,CA,AWP,WE,Federal Contract Tower,0,21,35,0,56,0,0,63,0,63,0,21,98,0,119,138,0,138,257
01/18/2022,HHR,CA,AWP,WE,Federal Contract Tower,0,12,27,0,39,0,2,71,0,73,0,14,98,0,112,104,0,104,216
01/19/2022,HHR,CA,AWP,WE,Federal Contract Tower,0,10,20,0,30,0,5,76,0,81,0,15,96,0,111,130,0,130,241
01/20/2022,HHR,CA,AWP,WE,Federal Contract Tower,0,13,27,0,40,0,1,101,0,102,0,14,128,0,142,104,0,104,246
01/21/2022,HHR,CA,AWP,WE,Federal Contract Tower,0,9,17,0,26,0,2,91,0,93,0,11,108,0,119,54,0,54,173
01/22/2022,HHR,CA,AWP,WE,Federal Contract Tower,0,5,7,0,12,0,0,73,0,73,0,5,80,0,85,102,0,102,187
01/23/2022,HHR,CA,AWP,WE,Federal Contract Tower,0,15,20,0,35,0,2,81,0,83,0,17,101,0,118,60,0,60,178
01/24/2022,HHR,CA,AWP,WE,Federal Contract Tower,0,11,13,0,24,0,3,64,0,67,0,14,77,0,91,72,0,72,163
01/25/2022,HHR,CA,AWP,WE,Federal Contract Tower,0,11,17,0,28,0,2,82,0,84,0,13,99,0,112,84,0,84,196
01/26/2022,HHR,CA,AWP,WE,Federal Contract Tower,0,12,20,0,32,0,3,77,0,80,0,15,97,0,112,78,0,78,190
01/27/2022,HHR,CA,AWP,WE,Federal Contract Tower,0,11,20,0,31,0,2,65,0,67,0,13,85,0,98,58,0,58,156
01/28/2022,HHR,CA,AWP,WE,Federal Contract Tower,0,12,18,0,30,0,0,77,0,77,0,12,95,0,107,31,0,31,138
01/29/2022,HHR,CA,AWP,WE,Federal Contract Tower,0,8,13,0,21,0,0,76,0,76,0,8,89,0,97,105,0,105,202
01/30/2022,HHR,CA,AWP,WE,Federal Contract Tower,0,25,72,0,97,0,0,69,0,69,0,25,141,0,166,24,0,24,190
01/31/2022,HHR,CA,AWP,WE,Federal Contract Tower,0,7,19,0,26,0,1,49,0,50,0,8,68,0,76,42,0,42,118
02/01/2022,HHR,CA,AWP,WE,Federal Contract Tower,0,8,15,0,23,0,2,69,0,71,0,10,84,0,94,70,0,70,164
02/02/2022,HHR,CA,AWP,WE,Federal Contract Tower,0,8,7,0,15,0,4,79,0,83,0,12,86,0,98,94,0,94,192
02/03/2022,HHR,CA,AWP,WE,Federal Contract Tower,0,15,23,0,38,0,1,67,0,68,0,16,90,0,106,120,0,120,226
02/04/2022,HHR,CA,AWP,WE,Federal Contract Tower,0,9,15,0,24,0,1,72,0,73,0,10,87,0,97,156,0,156,253
02/05/2022,HHR,CA,AWP,WE,Federal Contract Tower,0,4,9,0,13,0,0,60,0,60,0,4,69,0,73,96,0,96,169
02/06/2022,HHR,CA,AWP,WE,Federal Contract Tower,0,35,18,0,53,0,2,82,0,84,0,37,100,0,137,81,0,81,218
02/07/2022,HHR,CA,AWP,WE,Federal Contract Tower,0,17,8,0,25,0,3,63,0,66,0,20,71,0,91,54,0,54,145
02/08/2022,HHR,CA,AWP,WE,Federal Contract Tower,0,10,26,0,36,0,4,82,0,86,0,14,108,0,122,56,0,56,178
02/09/2022,HHR,CA,AWP,WE,Federal Contract Tower,0,16,14,0,30,0,0,48,0,48,0,16,62,0,78,52,0,52,130
02/10/2022,HHR,CA,AWP,WE,Federal Contract Tower,0,18,20,0,38,0,1,60,0,61,0,19,80,0,99,18,0,18,117
02/11/2022,HHR,CA,AWP,WE,Federal Contract Tower,0,22,14,0,36,0,2,67,0,69,0,24,81,0,105,12,0,12,117
02/12/2022,HHR,CA,AWP,WE,Federal Contract Tower,0,5,11,0,16,0,0,85,0,85,0,5,96,0,101,72,0,72,173
02/13/2022,HHR,CA,AWP,WE,Federal Contract Tower,0,22,19,0,41,0,1,33,0,34,0,23,52,0,75,2,0,2,77
02/14/2022,HHR,CA,AWP,WE,Federal Contract Tower,0,25,30,0,55,0,2,113,0,115,0,27,143,0,170,0,0,0,170
02/15/2022,HHR,CA,AWP,WE,Federal Contract Tower,0,17,19,0,36,0,1,37,0,38,0,18,56,0,74,4,0,4,78
02/16/2022,HHR,CA,AWP,WE,Federal Contract Tower,0,14,15,0,29,0,2,93,0,95,0,16,108,0,124,86,0,86,210
02/17/2022,HHR,CA,AWP,WE,Federal Contract Tower,0,16,24,0,40,0,4,78,0,82,0,20,102,0,122,85,0,85,207
02/18/2022,HHR,CA,AWP,WE,Federal Contract Tower,0,20,26,0,46,0,2,80,0,82,0,22,106,0,128,72,0,72,200
02/19/2022,HHR,CA,AWP,WE,Federal Contract Tower,0,4,7,0,11,0,0,115,0,115,0,4,122,0,126,151,0,151,277
02/20/2022,HHR,CA,AWP,WE,Federal Contract Tower,0,8,17,0,25,0,3,61,0,64,0,11,78,0,89,81,0,81,170
02/21/2022,HHR,CA,AWP,WE,Federal Contract Tower,0,17,24,0,41,1,0,40,0,41,1,17,64,0,82,128,0,128,210
02/22/2022,HHR,CA,AWP,WE,Federal Contract Tower,0,20,12,0,32,0,1,43,0,44,0,21,55,0,76,38,0,38,114
02/23/2022,HHR,CA,AWP,WE,Federal Contract Tower,0,15,6,3,24,0,4,44,0,48,0,19,50,3,72,50,0,50,122
02/24/2022,HHR,CA,AWP,WE,Federal Contract Tower,0,15,11,0,26,0,2,61,0,63,0,17,72,0,89,110,0,110,199
02/25/2022,HHR,CA,AWP,WE,Federal Contract Tower,0,11,19,0,30,0,1,79,0,80,0,12,98,0,110,117,0,117,227
02/26/2022,HHR,CA,AWP,WE,Federal Contract Tower,0,4,7,0,11,0,0,95,0,95,0,4,102,0,106,121,0,121,227
02/27/2022,HHR,CA,AWP,WE,Federal Contract Tower,0,10,13,0,23,0,2,72,0,74,0,12,85,0,97,190,0,190,287
02/28/2022,HHR,CA,AWP,WE,Federal Contract Tower,0,10,14,0,24,0,2,85,0,87,0,12,99,0,111,62,0,62,173
03/01/2022,HHR,CA,AWP,WE,Federal Contract Tower,0,10,10,0,20,0,5,86,0,91,0,15,96,0,111,156,0,156,267
03/02/2022,HHR,CA,AWP,WE,Federal Contract Tower,0,18,25,0,43,0,2,67,0,69,0,20,92,0,112,156,0,156,268
03/03/2022,HHR,CA,AWP,WE,Federal Contract Tower,0,10,18,0,28,0,2,36,0,38,0,12,54,0,66,55,0,55,121
03/04/2022,HHR,CA,AWP,WE,Federal Contract Tower,0,9,26,0,35,0,1,57,0,58,0,10,83,0,93,52,0,52,145
03/05/2022,HHR,CA,AWP,WE,Federal Contract Tower,0,7,5,0,12,0,1,16,2,19,0,8,21,2,31,0,0,0,31
03/06/2022,HHR,CA,AWP,WE,Federal Contract Tower,0,11,24,0,35,0,2,103,0,105,0,13,127,0,140,113,0,113,253
03/07/2022,HHR,CA,AWP,WE,Federal Contract Tower,0,14,13,0,27,0,3,86,0,89,0,17,99,0,116,74,0,74,190
03/08/2022,HHR,CA,AWP,WE,Federal Contract Tower,0,14,13,0,27,0,0,89,0,89,0,14,102,0,116,88,0,88,204
03/09/2022,HHR,CA,AWP,WE,Federal Contract Tower,0,18,11,0,29,0,5,76,0,81,0,23,87,0,110,52,0,52,162
03/10/2022,HHR,CA,AWP,WE,Federal Contract Tower,0,15,19,0,34,0,1,56,0,57,0,16,75,0,91,126,0,126,217
03/11/2022,HHR,CA,AWP,WE,Federal Contract Tower,0,12,17,0,29,0,2,54,0,56,0,14,71,0,85,57,0,57,142
03/12/2022,HHR,CA,AWP,WE,Federal Contract Tower,0,7,15,0,22,0,0,90,0,90,0,7,105,0,112,64,0,64,176
03/13/2022,HHR,CA,AWP,WE,Federal Contract Tower,0,15,16,0,31,0,2,85,0,87,0,17,101,0,118,98,0,98,216
03/14/2022,HHR,CA,AWP,WE,Federal Contract Tower,0,22,15,0,37,11,2,75,0,88,11,24,90,0,125,80,0,80,205
03/15/2022,HHR,CA,AWP,WE,Federal Contract Tower,0,10,16,0,26,0,1,97,0,98,0,11,113,0,124,130,0,130,254
03/16/2022,HHR,CA,AWP,WE,Federal Contract Tower,0,9,17,0,26,0,9,72,0,81,0,18,89,0,107,72,0,72,179
03/17/2022,HHR,CA,AWP,WE,Federal Contract Tower,0,13,14,0,27,0,2,59,0,61,0,15,73,0,88,89,0,89,177
03/18/2022,HHR,CA,AWP,WE,Federal Contract Tower,0,9,25,0,34,0,1,77,0,78,0,10,102,0,112,72,0,72,184
03/19/2022,HHR,CA,AWP,WE,Federal Contract Tower,0,2,19,0,21,0,0,66,0,66,0,2,85,0,87,59,0,59,146
03/20/2022,HHR,CA,AWP,WE,Federal Contract Tower,0,13,23,0,36,0,1,49,0,50,0,14,72,0,86,38,0,38,124
03/21/2022,HHR,CA,AWP,WE,Federal Contract Tower,0,7,9,0,16,0,2,56,0,58,0,9,65,0,74,34,0,34,108
03/22/2022,HHR,CA,AWP,WE,Federal Contract Tower,0,11,15,0,26,0,1,90,0,91,0,12,105,0,117,194,0,194,311
03/23/2022,HHR,CA,AWP,WE,Federal Contract Tower,0,11,20,0,31,0,1,71,0,72,0,12,91,0,103,64,0,64,167
03/24/2022,HHR,CA,AWP,WE,Federal Contract Tower,0,10,8,0,18,0,2,62,1,65,0,12,70,1,83,126,0,126,209
03/25/2022,HHR,CA,AWP,WE,Federal Contract Tower,0,10,12,0,22,0,1,45,2,48,0,11,57,2,70,74,0,74,144
03/26/2022,HHR,CA,AWP,WE,Federal Contract Tower,0,8,15,0,23,0,1,73,0,74,0,9,88,0,97,144,0,144,241
03/27/2022,HHR,CA,AWP,WE,Federal Contract Tower,0,9,24,0,33,0,1,42,0,43,0,10,66,0,76,43,0,43,119
03/28/2022,HHR,CA,AWP,WE,Federal Contract Tower,0,7,8,0,15,0,0,1,0,1,0,7,9,0,16,0,0,0,16
03/29/2022,HHR,CA,AWP,WE,Federal Contract Tower,0,12,16,0,28,0,2,72,0,74,0,14,88,0,102,108,0,108,210
03/30/2022,HHR,CA,AWP,WE,Federal Contract Tower,0,7,20,0,27,0,2,69,0,71,0,9,89,0,98,130,0,130,228
03/31/2022,HHR,CA,AWP,WE,Federal Contract Tower,0,16,29,0,45,0,1,39,0,40,0,17,68,0,85,83,0,83,168
04/01/2022,HHR,CA,AWP,WE,Federal Contract Tower,0,14,29,0,43,0,1,78,0,79,0,15,107,0,122,80,0,80,202
04/02/2022,HHR,CA,AWP,WE,Federal Contract Tower,0,2,25,0,27,0,0,22,0,22,0,2,47,0,49,87,0,87,136
04/03/2022,HHR,CA,AWP,WE,Federal Contract Tower,0,15,29,0,44,0,0,74,0,74,0,15,103,0,118,111,0,111,229
04/04/2022,HHR,CA,AWP,WE,Federal Contract Tower,0,11,11,0,22,0,2,95,0,97,0,13,106,0,119,100,0,100,219
04/05/2022,HHR,CA,AWP,WE,Federal Contract Tower,0,3,15,0,18,0,0,98,0,98,0,3,113,0,116,148,0,148,264
04/06/2022,HHR,CA,AWP,WE,Federal Contract Tower,0,10,13,0,23,0,2,75,0,77,0,12,88,0,100,72,0,72,172
04/07/2022,HHR,CA,AWP,WE,Federal Contract Tower,0,11,19,0,30,0,1,54,0,55,0,12,73,0,85,71,0,71,156
04/08/2022,HHR,CA,AWP,WE,Federal Contract Tower,0,12,23,0,35,0,2,84,0,86,0,14,107,0,121,82,0,82,203
04/09/2022,HHR,CA,AWP,WE,Federal Contract Tower,0,6,11,0,17,0,0,94,12,106,0,6,105,12,123,63,0,63,186
04/10/2022,HHR,CA,AWP,WE,Federal Contract Tower,0,21,21,0,42,0,0,51,0,51,0,21,72,0,93,76,0,76,169
04/11/2022,HHR,CA,AWP,WE,Federal Contract Tower,0,16,25,0,41,0,1,60,0,61,0,17,85,0,102,108,0,108,210
04/12/2022,HHR,CA,AWP,WE,Federal Contract Tower,0,8,11,0,19,0,1,39,0,40,0,9,50,0,59,6,0,6,65
04/13/2022,HHR,CA,AWP,WE,Federal Contract Tower,0,7,16,0,23,0,4,59,0,63,0,11,75,0,86,62,0,62,148
04/14/2022,HHR,CA,AWP,WE,Federal Contract Tower,0,16,27,0,43,0,0,85,0,85,0,16,112,0,128,134,0,134,262
04/15/2022,HHR,CA,AWP,WE,Federal Contract Tower,0,8,19,0,27,0,2,93,0,95,0,10,112,0,122,133,0,133,255
04/16/2022,HHR,CA,AWP,WE,Federal Contract Tower,0,5,16,0,21,0,1,79,0,80,0,6,95,0,101,84,0,84,185
04/17/2022,HHR,CA,AWP,WE,Federal Contract Tower,0,3,11,0,14,0,5,45,0,50,0,8,56,0,64,57,0,57,121
04/18/2022,HHR,CA,AWP,WE,Federal Contract Tower,0,12,14,0,26,0,1,88,0,89,0,13,102,0,115,181,0,181,296
04/19/2022,HHR,CA,AWP,WE,Federal Contract Tower,0,9,12,0,21,0,2,83,0,85,0,11,95,0,106,144,0,144,250
04/20/2022,HHR,CA,AWP,WE,Federal Contract Tower,0,3,25,0,28,0,2,68,0,70,0,5,93,0,98,104,0,104,202
04/21/2022,HHR,CA,AWP,WE,Federal Contract Tower,0,10,18,0,28,0,2,50,0,52,0,12,68,0,80,143,0,143,223
04/22/2022,HHR,CA,AWP,WE,Federal Contract Tower,0,1,20,0,21,0,1,31,0,32,0,2,51,0,53,30,0,30,83
04/23/2022,HHR,CA,AWP,WE,Federal Contract Tower,0,3,16,0,19,0,0,79,0,79,0,3,95,0,98,72,0,72,170
04/24/2022,HHR,CA,AWP,WE,Federal Contract Tower,0,11,12,0,23,0,0,82,0,82,0,11,94,0,105,83,0,83,188
04/25/2022,HHR,CA,AWP,WE,Federal Contract Tower,0,10,12,0,22,0,6,91,0,97,0,16,103,0,119,79,0,79,198
04/26/2022,HHR,CA,AWP,WE,Federal Contract Tower,0,5,15,0,20,0,2,100,0,102,0,7,115,0,122,127,0,127,249
04/27/2022,HHR,CA,AWP,WE,Federal Contract Tower,0,7,14,0,21,0,0,77,0,77,0,7,91,0,98,134,0,134,232
04/28/2022,HHR,CA,AWP,WE,Federal Contract Tower,0,16,28,0,44,0,0,50,0,50,0,16,78,0,94,193,0,193,287
04/29/2022,HHR,CA,AWP,WE,Federal Contract Tower,0,12,16,0,28,0,2,54,0,56,0,14,70,0,84,90,0,90,174
04/30/2022,HHR,CA,AWP,WE,Federal Contract Tower,0,6,17,0,23,0,1,74,0,75,0,7,91,0,98,104,0,104,202
05/01/2022,HHR,CA,AWP,WE,Federal Contract Tower,0,8,14,0,22,0,5,96,0,101,0,13,110,0,123,308,0,308,431
05/02/2022,HHR,CA,AWP,WE,Federal Contract Tower,0,8,22,0,30,0,6,57,0,63,0,14,79,0,93,101,0,101,194
05/03/2022,HHR,CA,AWP,WE,Federal Contract Tower,0,9,24,0,33,0,2,76,0,78,0,11,100,0,111,198,0,198,309
05/04/2022,HHR,CA,AWP,WE,Federal Contract Tower,0,8,19,0,27,0,1,104,0,105,0,9,123,0,132,170,0,170,302
05/05/2022,HHR,CA,AWP,WE,Federal Contract Tower,0,16,17,0,33,0,0,41,0,41,0,16,58,0,74,105,0,105,179
05/06/2022,HHR,CA,AWP,WE,Federal Contract Tower,0,8,23,0,31,0,1,74,0,75,0,9,97,0,106,128,0,128,234
05/07/2022,HHR,CA,AWP,WE,Federal Contract Tower,0,4,18,0,22,0,1,70,0,71,0,5,88,0,93,80,1,81,174
05/08/2022,HHR,CA,AWP,WE,Federal Contract Tower,0,5,23,0,28,0,4,57,0,61,0,9,80,0,89,48,0,48,137
05/09/2022,HHR,CA,AWP,WE,Federal Contract Tower,0,7,14,0,21,0,3,66,0,69,0,10,80,0,90,103,0,103,193
05/10/2022,HHR,CA,AWP,WE,Federal Contract Tower,0,5,12,0,17,0,0,83,0,83,0,5,95,0,100,156,0,156,256
05/11/2022,HHR,CA,AWP,WE,Federal Contract Tower,0,10,17,0,27,0,2,60,0,62,0,12,77,0,89,62,0,62,151
05/12/2022,HHR,CA,AWP,WE,Federal Contract Tower,0,11,19,0,30,0,0,75,0,75,0,11,94,0,105,165,0,165,270
05/13/2022,HHR,CA,AWP,WE,Federal Contract Tower,0,8,36,0,44,0,0,59,0,59,0,8,95,0,103,88,0,88,191
05/14/2022,HHR,CA,AWP,WE,Federal Contract Tower,0,3,19,0,22,0,0,98,0,98,0,3,117,0,120,129,0,129,249
05/15/2022,HHR,CA,AWP,WE,Federal Contract Tower,0,7,23,0,30,0,2,79,0,81,0,9,102,0,111,100,0,100,211
05/16/2022,HHR,CA,AWP,WE,Federal Contract Tower,0,6,25,0,31,0,5,56,0,61,0,11,81,0,92,75,0,75,167
05/17/2022,HHR,CA,AWP,WE,Federal Contract Tower,0,12,19,0,31,0,1,84,0,85,0,13,103,0,116,170,0,170,286
05/18/2022,HHR,CA,AWP,WE,Federal Contract Tower,0,6,25,0,31,0,1,51,0,52,0,7,76,0,83,82,0,82,165
05/19/2022,HHR,CA,AWP,WE,Federal Contract Tower,0,9,31,0,40,0,0,25,0,25,0,9,56,0,65,57,0,57,122
05/20/2022,HHR,CA,AWP,WE,Federal Contract Tower,0,6,39,0,45,0,0,25,1,26,0,6,64,1,71,98,0,98,169
05/21/2022,HHR,CA,AWP,WE,Federal Contract Tower,0,1,20,0,21,0,0,67,0,67,0,1,87,0,88,175,0,175,263
05/22/2022,HHR,CA,AWP,WE,Federal Contract Tower,0,6,20,0,26,0,1,86,0,87,0,7,106,0,113,118,0,118,231
05/23/2022,HHR,CA,AWP,WE,Federal Contract Tower,0,9,28,0,37,1,0,49,0,50,1,9,77,0,87,83,0,83,170
05/24/2022,HHR,CA,AWP,WE,Federal Contract Tower,0,3,19,0,22,0,1,77,0,78,0,4,96,0,100,136,0,136,236
05/25/2022,HHR,CA,AWP,WE,Federal Contract Tower,0,1,11,0,12,0,1,55,0,56,0,2,66,0,68,140,0,140,208
05/26/2022,HHR,CA,AWP,WE,Federal Contract Tower,0,15,21,0,36,0,2,55,0,57,0,17,76,0,93,130,0,130,223
05/27/2022,HHR,CA,AWP,WE,Federal Contract Tower,0,9,25,0,34,0,0,71,0,71,0,9,96,0,105,129,0,129,234
05/28/2022,HHR,CA,AWP,WE,Federal Contract Tower,0,0,21,0,21,0,0,49,0,49,0,0,70,0,70,153,0,153,223
05/29/2022,HHR,CA,AWP,WE,Federal Contract Tower,0,7,14,0,21,0,0,70,0,70,0,7,84,0,91,94,0,94,185
05/30/2022,HHR,CA,AWP,WE,Federal Contract Tower,0,8,14,0,22,0,5,59,0,64,0,13,73,0,86,77,0,77,163
05/31/2022,HHR,CA,AWP,WE,Federal Contract Tower,0,4,6,0,10,0,0,68,0,68,0,4,74,0,78,126,0,126,204
06/01/2022,HHR,CA,AWP,WE,Federal Contract Tower,0,7,10,0,17,0,1,87,0,88,0,8,97,0,105,168,0,168,273
06/02/2022,HHR,CA,AWP,WE,Federal Contract Tower,0,7,26,0,33,0,0,30,0,30,0,7,56,0,63,112,0,112,175
06/03/2022,HHR,CA,AWP,WE,Federal Contract Tower,0,16,22,0,38,0,0,29,0,29,0,16,51,0,67,73,0,73,140
06/04/2022,HHR,CA,AWP,WE,Federal Contract Tower,0,8,38,0,46,0,0,35,0,35,0,8,73,0,81,58,0,58,139
06/05/2022,HHR,CA,AWP,WE,Federal Contract Tower,0,8,10,0,18,0,3,71,0,74,0,11,81,0,92,190,0,190,282
06/06/2022,HHR,CA,AWP,WE,Federal Contract Tower,0,2,18,0,20,0,2,48,0,50,0,4,66,0,70,106,0,106,176
06/07/2022,HHR,CA,AWP,WE,Federal Contract Tower,0,14,21,0,35,0,0,62,2,64,0,14,83,2,99,74,0,74,173
06/08/2022,HHR,CA,AWP,WE,Federal Contract Tower,0,2,11,0,13,0,0,5,2,7,0,2,16,2,20,0,0,0,20
06/09/2022,HHR,CA,AWP,WE,Federal Contract Tower,0,0,2,2,4,0,0,2,2,4,0,0,4,4,8,0,0,0,8
06/10/2022,HHR,CA,AWP,WE,Federal Contract Tower,0,1,0,0,1,0,0,2,2,4,0,1,2,2,5,0,0,0,5
06/11/2022,HHR,CA,AWP,WE,Federal Contract Tower,0,7,8,0,15,0,6,38,2,46,0,13,46,2,61,59,0,59,120
06/12/2022,HHR,CA,AWP,WE,Federal Contract Tower,0,8,21,0,29,0,1,58,0,59,0,9,79,0,88,68,0,68,156
06/13/2022,HHR,CA,AWP,WE,Federal Contract Tower,0,6,24,0,30,0,0,48,0,48,0,6,72,0,78,28,0,28,106
06/14/2022,HHR,CA,AWP,WE,Federal Contract Tower,0,5,21,0,26,0,2,77,0,79,0,7,98,0,105,66,0,66,171
06/15/2022,HHR,CA,AWP,WE,Federal Contract Tower,0,2,23,0,25,0,2,70,0,72,0,4,93,0,97,42,0,42,139
06/16/2022,HHR,CA,AWP,WE,Federal Contract Tower,0,11,16,0,27,0,0,22,0,22,0,11,38,0,49,16,0,16,65
06/17/2022,HHR,CA,AWP,WE,Federal Contract Tower,0,10,29,0,39,0,0,65,0,65,0,10,94,0,104,165,0,165,269
06/18/2022,HHR,CA,AWP,WE,Federal Contract Tower,0,6,17,0,23,0,0,91,0,91,0,6,108,0,114,109,0,109,223
06/19/2022,HHR,CA,AWP,WE,Federal Contract Tower,0,5,16,0,21,0,0,53,0,53,0,5,69,0,74,47,0,47,121
06/20/2022,HHR,CA,AWP,WE,Federal Contract Tower,0,11,13,0,24,0,3,59,0,62,0,14,72,0,86,59,0,59,145
06/21/2022,HHR,CA,AWP,WE,Federal Contract Tower,0,16,34,0,50,0,0,73,0,73,0,16,107,0,123,156,0,156,279
06/22/2022,HHR,CA,AWP,WE,Federal Contract Tower,0,11,18,0,29,0,0,32,0,32,0,11,50,0,61,18,0,18,79
06/23/2022,HHR,CA,AWP,WE,Federal Contract Tower,0,12,23,0,35,0,0,56,0,56,0,12,79,0,91,86,0,86,177
06/24/2022,HHR,CA,AWP,WE,Federal Contract Tower,0,8,22,0,30,0,0,41,0,41,0,8,63,0,71,70,0,70,141
06/25/2022,HHR,CA,AWP,WE,Federal Contract Tower,0,4,16,0,20,0,0,72,0,72,0,4,88,0,92,49,0,49,141
06/26/2022,HHR,CA,AWP,WE,Federal Contract Tower,0,8,14,0,22,0,1,63,0,64,0,9,77,0,86,90,0,90,176
06/27/2022,HHR,CA,AWP,WE,Federal Contract Tower,0,10,14,0,24,0,1,68,0,69,0,11,82,0,93,152,0,152,245
06/28/2022,HHR,CA,AWP,WE,Federal Contract Tower,0,4,20,0,24,0,1,65,0,66,0,5,85,0,90,146,0,146,236
06/29/2022,HHR,CA,AWP,WE,Federal Contract Tower,0,3,20,0,23,0,0,69,0,69,0,3,89,0,92,142,0,142,234
06/30/2022,HHR,CA,AWP,WE,Federal Contract Tower,0,12,10,0,22,0,0,65,0,65,0,12,75,0,87,138,0,138,225
07/01/2022,HHR,CA,AWP,WE,Federal Contract Tower,0,9,28,0,37,0,1,51,0,52,0,10,79,0,89,152,0,152,241
07/02/2022,HHR,CA,AWP,WE,Federal Contract Tower,0,1,9,0,10,0,0,62,0,62,0,1,71,0,72,132,0,132,204
07/03/2022,HHR,CA,AWP,WE,Federal Contract Tower,0,8,17,0,25,0,1,53,0,54,0,9,70,0,79,151,0,151,230
07/04/2022,HHR,CA,AWP,WE,Federal Contract Tower,0,5,5,0,10,0,0,43,0,43,0,5,48,0,53,112,0,112,165
07/05/2022,HHR,CA,AWP,WE,Federal Contract Tower,0,10,19,0,29,0,0,48,0,48,0,10,67,0,77,106,0,106,183
07/06/2022,HHR,CA,AWP,WE,Federal Contract Tower,0,5,19,0,24,0,0,50,0,50,0,5,69,0,74,104,0,104,178
07/07/2022,HHR,CA,AWP,WE,Federal Contract Tower,0,11,23,0,34,0,0,51,0,51,0,11,74,0,85,139,0,139,224
07/08/2022,HHR,CA,AWP,WE,Federal Contract Tower,0,8,27,0,35,0,0,67,0,67,0,8,94,0,102,107,0,107,209
07/09/2022,HHR,CA,AWP,WE,Federal Contract Tower,0,5,13,0,18,0,1,62,1,64,0,6,75,1,82,117,0,117,199
07/10/2022,HHR,CA,AWP,WE,Federal Contract Tower,0,12,22,0,34,0,1,70,0,71,0,13,92,0,105,181,0,181,286
07/11/2022,HHR,CA,AWP,WE,Federal Contract Tower,0,6,29,0,35,0,0,51,0,51,0,6,80,0,86,70,0,70,156
07/12/2022,HHR,CA,AWP,WE,Federal Contract Tower,0,6,13,0,19,0,0,81,0,81,0,6,94,0,100,148,0,148,248
07/13/2022,HHR,CA,AWP,WE,Federal Contract Tower,0,9,19,0,28,0,0,54,0,54,0,9,73,0,82,98,0,98,180
07/14/2022,HHR,CA,AWP,WE,Federal Contract Tower,0,8,18,0,26,0,1,70,0,71,0,9,88,0,97,50,0,50,147
07/15/2022,HHR,CA,AWP,WE,Federal Contract Tower,0,7,23,0,30,0,0,51,0,51,0,7,74,0,81,117,0,117,198
07/16/2022,HHR,CA,AWP,WE,Federal Contract Tower,0,1,11,0,12,0,0,60,0,60,0,1,71,0,72,183,0,183,255
07/17/2022,HHR,CA,AWP,WE,Federal Contract Tower,0,6,21,0,27,0,0,69,0,69,0,6,90,0,96,194,0,194,290
07/18/2022,HHR,CA,AWP,WE,Federal Contract Tower,0,10,17,0,27,0,1,75,0,76,0,11,92,0,103,93,0,93,196
07/19/2022,HHR,CA,AWP,WE,Federal Contract Tower,0,7,21,0,28,0,0,68,0,68,0,7,89,0,96,98,0,98,194
07/20/2022,HHR,CA,AWP,WE,Federal Contract Tower,0,5,20,0,25,0,1,57,0,58,0,6,77,0,83,102,0,102,185
07/21/2022,HHR,CA,AWP,WE,Federal Contract Tower,0,12,13,0,25,0,0,78,0,78,0,12,91,0,103,163,0,163,266
07/22/2022,HHR,CA,AWP,WE,Federal Contract Tower,0,6,30,0,36,0,0,54,0,54,0,6,84,0,90,135,0,135,225
07/23/2022,HHR,CA,AWP,WE,Federal Contract Tower,0,10,15,0,25,0,0,38,0,38,0,10,53,0,63,78,0,78,141
07/24/2022,HHR,CA,AWP,WE,Federal Contract Tower,0,6,29,0,35,0,0,42,0,42,0,6,71,0,77,66,0,66,143
07/25/2022,HHR,CA,AWP,WE,Federal Contract Tower,0,10,23,0,33,0,0,51,0,51,0,10,74,0,84,83,0,83,167
07/26/2022,HHR,CA,AWP,WE,Federal Contract Tower,0,10,13,0,23,0,2,56,0,58,0,12,69,0,81,137,0,137,218
07/27/2022,HHR,CA,AWP,WE,Federal Contract Tower,0,3,24,0,27,0,4,59,0,63,0,7,83,0,90,150,0,150,240
07/28/2022,HHR,CA,AWP,WE,Federal Contract Tower,0,12,23,0,35,0,0,78,0,78,0,12,101,0,113,125,0,125,238
07/29/2022,HHR,CA,AWP,WE,Federal Contract Tower,0,7,17,0,24,0,0,73,0,73,0,7,90,0,97,114,0,114,211
07/30/2022,HHR,CA,AWP,WE,Federal Contract Tower,0,5,4,0,9,0,0,70,2,72,0,5,74,2,81,122,0,122,203
07/31/2022,HHR,CA,AWP,WE,Federal Contract Tower,0,9,18,0,27,0,0,49,0,49,0,9,67,0,76,159,0,159,235
08/01/2022,HHR,CA,AWP,WE,Federal Contract Tower,0,13,20,0,33,0,0,75,0,75,0,13,95,0,108,121,0,121,229
08/02/2022,HHR,CA,AWP,WE,Federal Contract Tower,0,3,18,0,21,0,1,98,0,99,0,4,116,0,120,179,0,179,299
08/03/2022,HHR,CA,AWP,WE,Federal Contract Tower,0,5,25,0,30,0,0,67,0,67,0,5,92,0,97,91,0,91,188
08/04/2022,HHR,CA,AWP,WE,Federal Contract Tower,0,10,18,0,28,0,0,67,0,67,0,10,85,0,95,50,0,50,145
08/05/2022,HHR,CA,AWP,WE,Federal Contract Tower,0,15,18,0,33,0,0,69,0,69,0,15,87,0,102,57,2,59,161
08/06/2022,HHR,CA,AWP,WE,Federal Contract Tower,0,10,18,0,28,0,2,60,0,62,0,12,78,0,90,36,0,36,126
08/07/2022,HHR,CA,AWP,WE,Federal Contract Tower,0,14,13,0,27,0,1,64,0,65,0,15,77,0,92,71,0,71,163
08/08/2022,HHR,CA,AWP,WE,Federal Contract Tower,0,10,25,0,35,0,1,81,0,82,0,11,106,0,117,52,0,52,169
08/09/2022,HHR,CA,AWP,WE,Federal Contract Tower,0,4,12,0,16,0,1,77,0,78,0,5,89,0,94,92,0,92,186
08/10/2022,HHR,CA,AWP,WE,Federal Contract Tower,0,2,15,0,17,0,1,55,0,56,0,3,70,0,73,118,0,118,191
08/11/2022,HHR,CA,AWP,WE,Federal Contract Tower,0,12,19,0,31,0,1,54,0,55,0,13,73,0,86,24,0,24,110
08/12/2022,HHR,CA,AWP,WE,Federal Contract Tower,0,10,15,0,25,0,0,67,0,67,0,10,82,0,92,58,0,58,150
08/13/2022,HHR,CA,AWP,WE,Federal Contract Tower,0,1,5,0,6,0,0,79,0,79,0,1,84,0,85,160,0,160,245
08/15/2022,HHR,CA,AWP,WE,Federal Contract Tower,0,13,19,0,32,0,3,74,0,77,0,16,93,0,109,70,0,70,179
08/16/2022,HHR,CA,AWP,WE,Federal Contract Tower,0,9,11,0,20,0,0,76,0,76,0,9,87,0,96,80,0,80,176
08/17/2022,HHR,CA,AWP,WE,Federal Contract Tower,0,12,16,0,28,0,0,112,0,112,0,12,128,0,140,284,0,284,424
08/18/2022,HHR,CA,AWP,WE,Federal Contract Tower,0,12,23,0,35,0,0,64,0,64,0,12,87,0,99,56,0,56,155
08/19/2022,HHR,CA,AWP,WE,Federal Contract Tower,0,13,21,0,34,0,0,69,0,69,0,13,90,0,103,109,0,109,212
08/20/2022,HHR,CA,AWP,WE,Federal Contract Tower,0,6,25,0,31,0,0,37,0,37,0,6,62,0,68,76,0,76,144
08/21/2022,HHR,CA,AWP,WE,Federal Contract Tower,0,9,29,0,38,0,1,45,0,46,0,10,74,0,84,118,0,118,202
08/22/2022,HHR,CA,AWP,WE,Federal Contract Tower,0,9,27,0,36,0,0,17,0,17,0,9,44,0,53,20,0,20,73
08/23/2022,HHR,CA,AWP,WE,Federal Contract Tower,0,12,23,0,35,0,5,75,0,80,0,17,98,0,115,125,0,125,240
08/24/2022,HHR,CA,AWP,WE,Federal Contract Tower,0,12,14,0,26,0,0,55,0,55,0,12,69,0,81,102,0,102,183
08/25/2022,HHR,CA,AWP,WE,Federal Contract Tower,0,6,17,0,23,0,0,63,0,63,0,6,80,0,86,84,0,84,170
08/26/2022,HHR,CA,AWP,WE,Federal Contract Tower,0,13,29,0,42,0,0,31,0,31,0,13,60,0,73,60,0,60,133
08/27/2022,HHR,CA,AWP,WE,Federal Contract Tower,0,1,15,0,16,0,0,61,0,61,0,1,76,0,77,231,0,231,308
08/28/2022,HHR,CA,AWP,WE,Federal Contract Tower,0,13,25,0,38,0,0,56,0,56,0,13,81,0,94,64,0,64,158
08/29/2022,HHR,CA,AWP,WE,Federal Contract Tower,0,14,23,0,37,0,0,69,0,69,0,14,92,0,106,107,0,107,213
08/30/2022,HHR,CA,AWP,WE,Federal Contract Tower,0,8,11,0,19,0,0,73,0,73,0,8,84,0,92,108,0,108,200
08/31/2022,HHR,CA,AWP,WE,Federal Contract Tower,0,8,29,0,37,0,0,67,0,67,0,8,96,0,104,59,0,59,163
09/01/2022,HHR,CA,AWP,WE,Federal Contract Tower,0,14,22,0,36,0,0,66,0,66,0,14,88,0,102,61,0,61,163
09/02/2022,HHR,CA,AWP,WE,Federal Contract Tower,0,14,18,0,32,0,0,65,0,65,0,14,83,0,97,123,0,123,220
09/03/2022,HHR,CA,AWP,WE,Federal Contract Tower,0,6,10,0,16,0,0,50,6,56,0,6,60,6,72,135,0,135,207
09/04/2022,HHR,CA,AWP,WE,Federal Contract Tower,0,5,14,0,19,0,0,32,0,32,0,5,46,0,51,95,0,95,146
09/05/2022,HHR,CA,AWP,WE,Federal Contract Tower,0,12,28,0,40,0,0,63,0,63,0,12,91,0,103,147,2,149,252
09/06/2022,HHR,CA,AWP,WE,Federal Contract Tower,0,8,11,0,19,0,1,66,0,67,0,9,77,0,86,174,0,174,260
09/07/2022,HHR,CA,AWP,WE,Federal Contract Tower,0,12,12,0,24,0,2,70,2,74,0,14,82,2,98,168,0,168,266
09/08/2022,HHR,CA,AWP,WE,Federal Contract Tower,0,11,29,0,40,0,0,76,0,76,0,11,105,0,116,54,0,54,170
09/09/2022,HHR,CA,AWP,WE,Federal Contract Tower,0,10,9,2,21,0,7,44,0,51,0,17,53,2,72,48,0,48,120
09/10/2022,HHR,CA,AWP,WE,Federal Contract Tower,0,7,7,0,14,0,2,28,0,30,0,9,35,0,44,66,0,66,110
09/11/2022,HHR,CA,AWP,WE,Federal Contract Tower,0,12,56,0,68,0,0,49,0,49,0,12,105,0,117,24,0,24,141
09/12/2022,HHR,CA,AWP,WE,Federal Contract Tower,0,9,15,0,24,0,0,33,0,33,0,9,48,0,57,60,0,60,117
09/13/2022,HHR,CA,AWP,WE,Federal Contract Tower,0,10,13,0,23,0,1,66,0,67,0,11,79,0,90,92,0,92,182
09/14/2022,HHR,CA,AWP,WE,Federal Contract Tower,0,8,12,0,20,0,5,42,0,47,0,13,54,0,67,128,0,128,195
09/15/2022,HHR,CA,AWP,WE,Federal Contract Tower,0,8,28,0,36,0,0,46,0,46,0,8,74,0,82,52,0,52,134
09/16/2022,HHR,CA,AWP,WE,Federal Contract Tower,0,7,23,0,30,0,2,69,0,71,0,9,92,0,101,193,0,193,294
09/17/2022,HHR,CA,AWP,WE,Federal Contract Tower,0,4,29,0,33,0,0,61,0,61,0,4,90,0,94,263,0,263,357
09/18/2022,HHR,CA,AWP,WE,Federal Contract Tower,0,9,21,0,30,0,0,62,0,62,0,9,83,0,92,62,0,62,154
09/19/2022,HHR,CA,AWP,WE,Federal Contract Tower,0,13,24,0,37,0,1,45,0,46,0,14,69,0,83,76,0,76,159
09/20/2022,HHR,CA,AWP,WE,Federal Contract Tower,0,10,18,0,28,0,2,62,0,64,0,12,80,0,92,85,0,85,177
09/21/2022,HHR,CA,AWP,WE,Federal Contract Tower,0,12,13,0,25,0,0,70,0,70,0,12,83,0,95,72,0,72,167
09/22/2022,HHR,CA,AWP,WE,Federal Contract Tower,0,10,25,0,35,0,0,96,0,96,0,10,121,0,131,56,0,56,187
09/23/2022,HHR,CA,AWP,WE,Federal Contract Tower,0,19,11,0,30,0,0,118,0,118,0,19,129,0,148,98,0,98,246
09/24/2022,HHR,CA,AWP,WE,Federal Contract Tower,0,8,16,0,24,0,0,81,0,81,0,8,97,0,105,127,0,127,232
09/25/2022,HHR,CA,AWP,WE,Federal Contract Tower,0,9,11,0,20,0,2,45,0,47,0,11,56,0,67,0,0,0,67
09/26/2022,HHR,CA,AWP,WE,Federal Contract Tower,0,8,15,0,23,0,0,75,0,75,0,8,90,0,98,77,0,77,175
09/27/2022,HHR,CA,AWP,WE,Federal Contract Tower,0,7,20,0,27,0,0,86,0,86,0,7,106,0,113,152,0,152,265
09/28/2022,HHR,CA,AWP,WE,Federal Contract Tower,0,21,20,0,41,0,0,59,0,59,0,21,79,0,100,93,0,93,193
09/29/2022,HHR,CA,AWP,WE,Federal Contract Tower,0,11,21,0,32,0,0,73,0,73,0,11,94,0,105,66,0,66,171
09/30/2022,HHR,CA,AWP,WE,Federal Contract Tower,0,17,29,0,46,0,0,52,0,52,0,17,81,0,98,67,0,67,165
10/01/2022,HHR,CA,AWP,WE,Federal Contract Tower,0,5,17,0,22,0,1,55,1,57,0,6,72,1,79,110,1,111,190
10/02/2022,HHR,CA,AWP,WE,Federal Contract Tower,0,9,20,0,29,0,1,36,0,37,0,10,56,0,66,116,0,116,182
10/03/2022,HHR,CA,AWP,WE,Federal Contract Tower,0,12,9,0,21,0,0,58,0,58,0,12,67,0,79,69,0,69,148
10/04/2022,HHR,CA,AWP,WE,Federal Contract Tower,0,12,16,0,28,0,1,85,0,86,0,13,101,0,114,119,0,119,233
10/05/2022,HHR,CA,AWP,WE,Federal Contract Tower,0,15,20,0,35,0,1,72,0,73,0,16,92,0,108,165,0,165,273
10/06/2022,HHR,CA,AWP,WE,Federal Contract Tower,0,9,30,0,39,0,0,34,0,34,0,9,64,0,73,22,0,22,95
10/07/2022,HHR,CA,AWP,WE,Federal Contract Tower,0,8,32,0,40,0,0,39,0,39,0,8,71,0,79,78,0,78,157
10/08/2022,HHR,CA,AWP,WE,Federal Contract Tower,0,6,17,0,23,0,0,46,0,46,0,6,63,0,69,80,0,80,149
10/09/2022,HHR,CA,AWP,WE,Federal Contract Tower,0,20,28,0,48,0,0,45,0,45,0,20,73,0,93,12,0,12,105
10/10/2022,HHR,CA,AWP,WE,Federal Contract Tower,0,8,16,0,24,0,0,45,0,45,0,8,61,0,69,83,0,83,152
10/11/2022,HHR,CA,AWP,WE,Federal Contract Tower,0,9,18,0,27,0,0,51,0,51,0,9,69,0,78,86,0,86,164
10/12/2022,HHR,CA,AWP,WE,Federal Contract Tower,0,13,18,0,31,0,0,24,0,24,0,13,42,0,55,18,0,18,73
10/13/2022,HHR,CA,AWP,WE,Federal Contract Tower,0,0,0,0,0,0,0,0,4,4,0,0,0,4,4,0,0,0,4
10/14/2022,HHR,CA,AWP,WE,Federal Contract Tower,0,7,16,1,24,0,0,9,2,11,0,7,25,3,35,0,2,2,37
10/15/2022,HHR,CA,AWP,WE,Federal Contract Tower,0,2,11,0,13,0,0,25,0,25,0,2,36,0,38,14,0,14,52
10/16/2022,HHR,CA,AWP,WE,Federal Contract Tower,0,18,29,0,47,0,0,64,0,64,0,18,93,0,111,58,0,58,169
10/17/2022,HHR,CA,AWP,WE,Federal Contract Tower,0,10,34,0,44,0,0,91,0,91,0,10,125,0,135,96,0,96,231
10/18/2022,HHR,CA,AWP,WE,Federal Contract Tower,0,7,28,0,35,0,0,79,0,79,0,7,107,0,114,133,0,133,247
10/19/2022,HHR,CA,AWP,WE,Federal Contract Tower,0,9,26,0,35,0,0,89,0,89,0,9,115,0,124,90,0,90,214
10/20/2022,HHR,CA,AWP,WE,Federal Contract Tower,0,6,24,0,30,0,1,78,0,79,0,7,102,0,109,100,0,100,209
10/21/2022,HHR,CA,AWP,WE,Federal Contract Tower,0,10,27,0,37,0,0,83,0,83,0,10,110,0,120,112,0,112,232
10/22/2022,HHR,CA,AWP,WE,Federal Contract Tower,0,2,11,0,13,0,0,48,0,48,0,2,59,0,61,246,0,246,307
10/23/2022,HHR,CA,AWP,WE,Federal Contract Tower,0,12,38,0,50,0,0,85,0,85,0,12,123,0,135,58,0,58,193
10/24/2022,HHR,CA,AWP,WE,Federal Contract Tower,0,9,25,0,34,0,0,63,0,63,0,9,88,0,97,107,0,107,204
10/25/2022,HHR,CA,AWP,WE,Federal Contract Tower,0,7,15,0,22,0,1,76,0,77,0,8,91,0,99,114,0,114,213
10/26/2022,HHR,CA,AWP,WE,Federal Contract Tower,0,5,23,0,28,0,0,77,0,77,0,5,100,0,105,125,0,125,230
10/27/2022,HHR,CA,AWP,WE,Federal Contract Tower,0,12,26,0,38,0,0,70,0,70,0,12,96,0,108,64,0,64,172
10/28/2022,HHR,CA,AWP,WE,Federal Contract Tower,0,13,18,0,31,0,0,66,0,66,0,13,84,0,97,189,0,189,286
10/29/2022,HHR,CA,AWP,WE,Federal Contract Tower,0,4,18,0,22,0,1,70,0,71,0,5,88,0,93,120,0,120,213
10/30/2022,HHR,CA,AWP,WE,Federal Contract Tower,0,6,42,0,48,0,0,40,0,40,0,6,82,0,88,18,0,18,106
10/31/2022,HHR,CA,AWP,WE,Federal Contract Tower,0,8,18,0,26,0,0,45,0,45,0,8,63,0,71,76,0,76,147
11/01/2022,HHR,CA,AWP,WE,Federal Contract Tower,0,8,18,0,26,0,0,38,0,38,0,8,56,0,64,50,0,50,114
11/02/2022,HHR,CA,AWP,WE,Federal Contract Tower,0,9,17,0,26,0,0,25,0,25,0,9,42,0,51,84,0,84,135
11/03/2022,HHR,CA,AWP,WE,Federal Contract Tower,0,10,18,0,28,0,1,43,0,44,0,11,61,0,72,67,0,67,139
11/04/2022,HHR,CA,AWP,WE,Federal Contract Tower,0,13,26,0,39,0,0,67,1,68,0,13,93,1,107,105,0,105,212
11/05/2022,HHR,CA,AWP,WE,Federal Contract Tower,0,4,15,0,19,0,1,81,0,82,0,5,96,0,101,210,0,210,311
11/06/2022,HHR,CA,AWP,WE,Federal Contract Tower,0,9,26,0,35,0,0,79,0,79,0,9,105,0,114,95,0,95,209
11/07/2022,HHR,CA,AWP,WE,Federal Contract Tower,0,9,11,0,20,0,0,17,0,17,0,9,28,0,37,4,0,4,41
11/08/2022,HHR,CA,AWP,WE,Federal Contract Tower,0,8,9,0,17,0,0,3,0,3,0,8,12,0,20,2,0,2,22
11/09/2022,HHR,CA,AWP,WE,Federal Contract Tower,0,10,16,0,26,0,0,50,0,50,0,10,66,0,76,0,0,0,76
11/10/2022,HHR,CA,AWP,WE,Federal Contract Tower,0,8,14,0,22,0,0,68,0,68,0,8,82,0,90,179,0,179,269
11/11/2022,HHR,CA,AWP,WE,Federal Contract Tower,0,9,13,0,22,0,0,68,0,68,0,9,81,0,90,226,0,226,316
11/12/2022,HHR,CA,AWP,WE,Federal Contract Tower,0,2,15,0,17,0,0,116,0,116,0,2,131,0,133,122,0,122,255
11/13/2022,HHR,CA,AWP,WE,Federal Contract Tower,0,19,19,0,38,0,0,59,0,59,0,19,78,0,97,10,0,10,107
11/14/2022,HHR,CA,AWP,WE,Federal Contract Tower,0,13,20,0,33,0,2,79,0,81,0,15,99,0,114,0,0,0,114
11/15/2022,HHR,CA,AWP,WE,Federal Contract Tower,0,15,21,0,36,0,2,86,0,88,0,17,107,0,124,141,0,141,265
11/16/2022,HHR,CA,AWP,WE,Federal Contract Tower,0,12,11,0,23,0,0,59,0,59,0,12,70,0,82,146,0,146,228
11/17/2022,HHR,CA,AWP,WE,Federal Contract Tower,0,12,15,0,27,0,0,78,0,78,0,12,93,0,105,110,0,110,215
11/18/2022,HHR,CA,AWP,WE,Federal Contract Tower,0,11,11,0,22,0,0,100,0,100,0,11,111,0,122,164,0,164,286
11/19/2022,HHR,CA,AWP,WE,Federal Contract Tower,0,5,11,0,16,0,0,80,0,80,0,5,91,0,96,130,0,130,226
11/20/2022,HHR,CA,AWP,WE,Federal Contract Tower,0,8,17,0,25,0,0,72,0,72,0,8,89,0,97,0,0,0,97
11/21/2022,HHR,CA,AWP,WE,Federal Contract Tower,0,15,22,0,37,0,0,60,0,60,0,15,82,0,97,42,0,42,139
11/22/2022,HHR,CA,AWP,WE,Federal Contract Tower,0,10,16,0,26,0,0,73,0,73,0,10,89,0,99,70,0,70,169
11/23/2022,HHR,CA,AWP,WE,Federal Contract Tower,0,9,14,0,23,0,0,73,0,73,0,9,87,0,96,124,0,124,220
11/24/2022,HHR,CA,AWP,WE,Federal Contract Tower,0,4,5,0,9,0,0,15,0,15,0,4,20,0,24,58,0,58,82
11/25/2022,HHR,CA,AWP,WE,Federal Contract Tower,0,12,14,0,26,0,0,78,0,78,0,12,92,0,104,36,0,36,140
11/26/2022,HHR,CA,AWP,WE,Federal Contract Tower,0,14,12,0,26,0,0,51,0,51,0,14,63,0,77,86,0,86,163
11/27/2022,HHR,CA,AWP,WE,Federal Contract Tower,0,17,23,0,40,0,0,75,0,75,0,17,98,0,115,88,0,88,203
11/28/2022,HHR,CA,AWP,WE,Federal Contract Tower,0,11,18,0,29,0,0,43,0,43,0,11,61,0,72,20,0,20,92
11/29/2022,HHR,CA,AWP,WE,Federal Contract Tower,0,6,21,0,27,0,3,73,0,76,0,9,94,0,103,80,0,80,183
11/30/2022,HHR,CA,AWP,WE,Federal Contract Tower,0,13,24,0,37,0,0,46,0,46,0,13,70,0,83,100,0,100,183
12/01/2022,HHR,CA,AWP,WE,Federal Contract Tower,0,13,25,0,38,0,0,37,0,37,0,13,62,0,75,42,0,42,117
12/02/2022,HHR,CA,AWP,WE,Federal Contract Tower,0,11,21,0,32,0,1,6,0,7,0,12,27,0,39,0,0,0,39
12/03/2022,HHR,CA,AWP,WE,Federal Contract Tower,0,5,15,0,20,0,0,82,0,82,0,5,97,0,102,142,0,142,244
12/04/2022,HHR,CA,AWP,WE,Federal Contract Tower,0,10,21,0,31,0,0,5,0,5,0,10,26,0,36,6,0,6,42
12/05/2022,HHR,CA,AWP,WE,Federal Contract Tower,0,13,24,0,37,0,0,55,0,55,0,13,79,0,92,135,0,135,227
12/06/2022,HHR,CA,AWP,WE,Federal Contract Tower,0,8,26,0,34,0,0,76,0,76,0,8,102,0,110,170,0,170,280
12/07/2022,HHR,CA,AWP,WE,Federal Contract Tower,0,9,14,0,23,0,0,97,0,97,0,9,111,0,120,180,0,180,300
12/08/2022,HHR,CA,AWP,WE,Federal Contract Tower,0,22,27,0,49,0,0,62,0,62,0,22,89,0,111,104,0,104,215
12/09/2022,HHR,CA,AWP,WE,Federal Contract Tower,0,15,15,0,30,0,0,74,0,74,0,15,89,0,104,146,0,146,250
12/10/2022,HHR,CA,AWP,WE,Federal Contract Tower,0,2,4,0,6,0,0,53,0,53,0,2,57,0,59,186,0,186,245
12/11/2022,HHR,CA,AWP,WE,Federal Contract Tower,0,3,16,0,19,0,1,17,0,18,0,4,33,0,37,0,0,0,37
12/12/2022,HHR,CA,AWP,WE,Federal Contract Tower,0,9,16,0,25,0,0,24,0,24,0,9,40,0,49,30,0,30,79
12/13/2022,HHR,CA,AWP,WE,Federal Contract Tower,0,6,23,0,29,0,1,79,0,80,0,7,102,0,109,92,0,92,201
12/14/2022,HHR,CA,AWP,WE,Federal Contract Tower,0,2,19,0,21,0,0,19,1,20,0,2,38,1,41,142,0,142,183
12/15/2022,HHR,CA,AWP,WE,Federal Contract Tower,0,5,18,0,23,0,1,49,0,50,0,6,67,0,73,118,0,118,191
12/16/2022,HHR,CA,AWP,WE,Federal Contract Tower,0,9,23,0,32,0,0,68,0,68,0,9,91,0,100,68,0,68,168
12/17/2022,HHR,CA,AWP,WE,Federal Contract Tower,0,8,27,0,35,0,2,62,1,65,0,10,89,1,100,12,0,12,112
12/18/2022,HHR,CA,AWP,WE,Federal Contract Tower,0,15,36,0,51,0,0,87,0,87,0,15,123,0,138,12,0,12,150
12/19/2022,HHR,CA,AWP,WE,Federal Contract Tower,0,12,19,1,32,0,0,64,0,64,0,12,83,1,96,64,0,64,160
12/20/2022,HHR,CA,AWP,WE,Federal Contract Tower,0,8,16,0,24,0,0,65,0,65,0,8,81,0,89,35,0,35,124
12/21/2022,HHR,CA,AWP,WE,Federal Contract Tower,0,3,5,0,8,0,0,52,0,52,0,3,57,0,60,68,0,68,128
12/22/2022,HHR,CA,AWP,WE,Federal Contract Tower,0,11,25,0,36,0,0,71,0,71,0,11,96,0,107,28,0,28,135
12/23/2022,HHR,CA,AWP,WE,Federal Contract Tower,0,11,22,0,33,0,1,51,1,53,0,12,73,1,86,82,0,82,168
12/24/2022,HHR,CA,AWP,WE,Federal Contract Tower,0,13,11,0,24,0,0,26,0,26,0,13,37,0,50,34,0,34,84
12/25/2022,HHR,CA,AWP,WE,Federal Contract Tower,0,1,7,0,8,0,0,16,0,16,0,1,23,0,24,0,0,0,24
12/26/2022,HHR,CA,AWP,WE,Federal Contract Tower,0,14,24,0,38,0,0,56,0,56,0,14,80,0,94,46,0,46,140
12/27/2022,HHR,CA,AWP,WE,Federal Contract Tower,0,8,5,0,13,0,2,13,6,21,0,10,18,6,34,14,0,14,48
12/28/2022,HHR,CA,AWP,WE,Federal Contract Tower,0,14,13,0,27,0,0,22,0,22,0,14,35,0,49,0,0,0,49
12/29/2022,HHR,CA,AWP,WE,Federal Contract Tower,0,14,17,0,31,0,0,25,0,25,0,14,42,0,56,4,0,4,60
12/30/2022,HHR,CA,AWP,WE,Federal Contract Tower,0,11,22,0,33,0,0,10,0,10,0,11,32,0,43,0,0,0,43
12/31/2022,HHR,CA,AWP,WE,Federal Contract Tower,0,1,7,0,8,0,0,0,0,0,0,1,7,0,8,0,0,0,8
01/01/2023,HHR,CA,AWP,WE,Federal Contract Tower,0,9,21,0,30,0,0,15,0,15,0,9,36,0,45,0,0,0,45
01/02/2023,HHR,CA,AWP,WE,Federal Contract Tower,0,11,22,0,33,0,0,58,0,58,0,11,80,0,91,110,0,110,201
01/03/2023,HHR,CA,AWP,WE,Federal Contract Tower,0,1,4,0,5,0,0,0,0,0,0,1,4,0,5,0,0,0,5
01/04/2023,HHR,CA,AWP,WE,Federal Contract Tower,0,3,8,0,11,0,0,1,0,1,0,3,9,0,12,0,0,0,12
01/05/2023,HHR,CA,AWP,WE,Federal Contract Tower,0,10,11,0,21,0,0,10,0,10,0,10,21,0,31,28,0,28,59
01/06/2023,HHR,CA,AWP,WE,Federal Contract Tower,0,11,16,0,27,0,1,80,0,81,0,12,96,0,108,158,0,158,266
01/07/2023,HHR,CA,AWP,WE,Federal Contract Tower,0,3,18,0,21,0,0,103,0,103,0,3,121,0,124,68,0,68,192
01/08/2023,HHR,CA,AWP,WE,Federal Contract Tower,0,13,22,0,35,0,0,36,0,36,0,13,58,0,71,0,0,0,71
01/09/2023,HHR,CA,AWP,WE,Federal Contract Tower,0,2,4,0,6,0,0,3,0,3,0,2,7,0,9,0,0,0,9
01/10/2023,HHR,CA,AWP,WE,Federal Contract Tower,0,4,18,0,22,0,0,1,0,1,0,4,19,0,23,0,0,0,23
01/11/2023,HHR,CA,AWP,WE,Federal Contract Tower,0,10,13,0,23,0,0,36,0,36,0,10,49,0,59,92,0,92,151
01/12/2023,HHR,CA,AWP,WE,Federal Contract Tower,0,9,17,0,26,0,0,61,0,61,0,9,78,0,87,108,0,108,195
01/13/2023,HHR,CA,AWP,WE,Federal Contract Tower,0,10,14,0,24,0,0,85,0,85,0,10,99,0,109,40,0,40,149
01/14/2023,HHR,CA,AWP,WE,Federal Contract Tower,0,3,7,0,10,0,0,2,0,2,0,3,9,0,12,6,0,6,18
01/15/2023,HHR,CA,AWP,WE,Federal Contract Tower,0,6,8,0,14,0,0,30,0,30,0,6,38,0,44,80,0,80,124
01/16/2023,HHR,CA,AWP,WE,Federal Contract Tower,0,9,5,0,14,0,0,5,0,5,0,9,10,0,19,20,0,20,39
01/17/2023,HHR,CA,AWP,WE,Federal Contract Tower,0,12,14,0,26,0,0,77,0,77,0,12,91,0,103,114,0,114,217
01/18/2023,HHR,CA,AWP,WE,Federal Contract Tower,0,16,10,0,26,0,0,85,0,85,0,16,95,0,111,140,0,140,251
01/19/2023,HHR,CA,AWP,WE,Federal Contract Tower,0,11,26,0,37,0,0,36,0,36,0,11,62,0,73,72,0,72,145
01/21/2023,HHR,CA,AWP,WE,Federal Contract Tower,0,10,6,0,16,0,0,58,0,58,0,10,64,0,74,132,0,132,206
01/22/2023,HHR,CA,AWP,WE,Federal Contract Tower,0,14,14,0,28,0,1,73,0,74,0,15,87,0,102,0,0,0,102
01/23/2023,HHR,CA,AWP,WE,Federal Contract Tower,0,14,22,0,36,0,0,49,0,49,0,14,71,0,85,82,0,82,167
01/24/2023,HHR,CA,AWP,WE,Federal Contract Tower,0,7,12,0,19,0,0,67,0,67,0,7,79,0,86,113,0,113,199
01/25/2023,HHR,CA,AWP,WE,Federal Contract Tower,0,9,10,0,19,0,0,72,0,72,0,9,82,0,91,86,0,86,177
01/26/2023,HHR,CA,AWP,WE,Federal Contract Tower,0,9,14,0,23,0,2,57,0,59,0,11,71,0,82,41,0,41,123
01/27/2023,HHR,CA,AWP,WE,Federal Contract Tower,0,11,17,0,28,0,2,52,0,54,0,13,69,0,82,89,0,89,171
01/28/2023,HHR,CA,AWP,WE,Federal Contract Tower,0,5,22,0,27,0,0,62,0,62,0,5,84,0,89,138,0,138,227
01/29/2023,HHR,CA,AWP,WE,Federal Contract Tower,0,9,19,0,28,0,1,27,0,28,0,10,46,0,56,0,0,0,56
01/30/2023,HHR,CA,AWP,WE,Federal Contract Tower,0,5,11,0,16,0,0,31,0,31,0,5,42,0,47,19,0,19,66
01/31/2023,HHR,CA,AWP,WE,Federal Contract Tower,0,2,9,0,11,0,0,73,0,73,0,2,82,0,84,121,0,121,205
02/01/2023,HHR,CA,AWP,WE,Federal Contract Tower,0,7,14,0,21,0,0,49,0,49,0,7,63,0,70,50,0,50,120
02/02/2023,HHR,CA,AWP,WE,Federal Contract Tower,0,13,15,0,28,0,0,81,0,81,0,13,96,0,109,202,0,202,311
02/03/2023,HHR,CA,AWP,WE,Federal Contract Tower,0,16,12,0,28,0,4,94,0,98,0,20,106,0,126,117,0,117,243
02/04/2023,HHR,CA,AWP,WE,Federal Contract Tower,0,2,12,0,14,0,1,111,0,112,0,3,123,0,126,170,0,170,296
02/05/2023,HHR,CA,AWP,WE,Federal Contract Tower,0,14,10,0,24,0,0,39,0,39,0,14,49,0,63,0,0,0,63
02/06/2023,HHR,CA,AWP,WE,Federal Contract Tower,0,10,20,0,30,0,0,67,0,67,0,10,87,0,97,68,0,68,165
02/07/2023,HHR,CA,AWP,WE,Federal Contract Tower,0,10,18,0,28,0,0,94,0,94,0,10,112,0,122,89,0,89,211
02/08/2023,HHR,CA,AWP,WE,Federal Contract Tower,0,10,11,0,21,0,2,72,0,74,0,12,83,0,95,45,0,45,140
02/09/2023,HHR,CA,AWP,WE,Federal Contract Tower,0,11,12,0,23,0,0,74,0,74,0,11,86,0,97,128,0,128,225
02/10/2023,HHR,CA,AWP,WE,Federal Contract Tower,0,12,12,0,24,0,0,74,0,74,0,12,86,0,98,104,0,104,202
02/11/2023,HHR,CA,AWP,WE,Federal Contract Tower,0,5,15,0,20,0,0,77,0,77,0,5,92,0,97,66,0,66,163
02/12/2023,HHR,CA,AWP,WE,Federal Contract Tower,0,8,14,0,22,0,3,55,0,58,0,11,69,0,80,2,0,2,82
02/13/2023,HHR,CA,AWP,WE,Federal Contract Tower,0,11,19,0,30,0,0,87,0,87,0,11,106,0,117,154,0,154,271
02/14/2023,HHR,CA,AWP,WE,Federal Contract Tower,0,7,10,0,17,0,2,72,0,74,0,9,82,0,91,101,0,101,192
02/15/2023,HHR,CA,AWP,WE,Federal Contract Tower,0,19,22,0,41,0,0,58,0,58,0,19,80,0,99,125,0,125,224
02/16/2023,HHR,CA,AWP,WE,Federal Contract Tower,0,14,16,0,30,0,0,62,0,62,0,14,78,0,92,120,0,120,212
02/17/2023,HHR,CA,AWP,WE,Federal Contract Tower,0,19,18,0,37,0,2,78,0,80,0,21,96,0,117,155,0,155,272
02/18/2023,HHR,CA,AWP,WE,Federal Contract Tower,0,4,10,0,14,0,0,125,0,125,0,4,135,0,139,30,0,30,169
02/19/2023,HHR,CA,AWP,WE,Federal Contract Tower,0,3,11,0,14,0,0,74,0,74,0,3,85,0,88,82,0,82,170
02/20/2023,HHR,CA,AWP,WE,Federal Contract Tower,0,18,24,0,42,0,0,87,0,87,0,18,111,0,129,209,0,209,338
02/21/2023,HHR,CA,AWP,WE,Federal Contract Tower,0,6,13,0,19,0,0,47,0,47,0,6,60,0,66,53,0,53,119
02/22/2023,HHR,CA,AWP,WE,Federal Contract Tower,0,10,9,0,19,0,0,14,0,14,0,10,23,0,33,2,0,2,35
02/23/2023,HHR,CA,AWP,WE,Federal Contract Tower,0,7,14,0,21,0,0,15,0,15,0,7,29,0,36,62,0,62,98
02/24/2023,HHR,CA,AWP,WE,Federal Contract Tower,0,2,2,0,4,0,0,1,0,1,0,2,3,0,5,0,0,0,5
02/25/2023,HHR,CA,AWP,WE,Federal Contract Tower,0,0,2,0,2,0,1,3,0,4,0,1,5,0,6,0,0,0,6
02/26/2023,HHR,CA,AWP,WE,Federal Contract Tower,0,9,15,1,25,0,0,65,0,65,0,9,80,1,90,0,0,0,90
02/27/2023,HHR,CA,AWP,WE,Federal Contract Tower,0,7,10,0,17,0,0,5,0,5,0,7,15,0,22,0,0,0,22
02/28/2023,HHR,CA,AWP,WE,Federal Contract Tower,0,7,13,0,20,0,1,66,0,67,0,8,79,0,87,85,0,85,172
03/01/2023,HHR,CA,AWP,WE,Federal Contract Tower,0,11,10,0,21,0,0,15,0,15,0,11,25,0,36,2,0,2,38
03/02/2023,HHR,CA,AWP,WE,Federal Contract Tower,0,22,17,0,39,0,0,73,0,73,0,22,90,0,112,153,0,153,265
03/03/2023,HHR,CA,AWP,WE,Federal Contract Tower,0,13,17,0,30,0,0,73,0,73,0,13,90,0,103,101,0,101,204
03/04/2023,HHR,CA,AWP,WE,Federal Contract Tower,0,4,15,0,19,0,0,37,0,37,0,4,52,0,56,0,0,0,56
03/05/2023,HHR,CA,AWP,WE,Federal Contract Tower,0,14,16,0,30,0,0,28,0,28,0,14,44,0,58,0,0,0,58
03/06/2023,HHR,CA,AWP,WE,Federal Contract Tower,0,11,18,0,29,0,0,52,0,52,0,11,70,0,81,0,0,0,81
03/07/2023,HHR,CA,AWP,WE,Federal Contract Tower,0,5,14,0,19,0,0,77,0,77,0,5,91,0,96,62,0,62,158
03/08/2023,HHR,CA,AWP,WE,Federal Contract Tower,0,23,25,0,48,0,2,70,0,72,0,25,95,0,120,38,0,38,158
03/09/2023,HHR,CA,AWP,WE,Federal Contract Tower,0,13,23,0,36,0,0,92,0,92,0,13,115,0,128,60,0,60,188
03/10/2023,HHR,CA,AWP,WE,Federal Contract Tower,0,7,1,0,8,0,0,0,0,0,0,7,1,0,8,0,0,0,8
03/11/2023,HHR,CA,AWP,WE,Federal Contract Tower,0,3,9,0,12,0,0,0,0,0,0,3,9,0,12,0,0,0,12
03/12/2023,HHR,CA,AWP,WE,Federal Contract Tower,0,8,19,0,27,0,0,0,0,0,0,8,19,0,27,0,0,0,27
03/13/2023,HHR,CA,AWP,WE,Federal Contract Tower,0,10,16,0,26,0,0,8,0,8,0,10,24,0,34,0,0,0,34
03/14/2023,HHR,CA,AWP,WE,Federal Contract Tower,0,3,3,0,6,0,0,0,0,0,0,3,3,0,6,0,0,0,6
03/15/2023,HHR,CA,AWP,WE,Federal Contract Tower,0,8,10,0,18,1,0,7,0,8,1,8,17,0,26,10,0,10,36
03/16/2023,HHR,CA,AWP,WE,Federal Contract Tower,0,15,16,0,31,0,1,64,0,65,0,16,80,0,96,141,0,141,237
03/17/2023,HHR,CA,AWP,WE,Federal Contract Tower,0,16,17,0,33,0,0,103,0,103,0,16,120,0,136,108,0,108,244
03/18/2023,HHR,CA,AWP,WE,Federal Contract Tower,0,3,10,0,13,0,0,103,0,103,0,3,113,0,116,0,0,0,116
03/19/2023,HHR,CA,AWP,WE,Federal Contract Tower,0,7,18,0,25,0,0,43,0,43,0,7,61,0,68,50,0,50,118
03/20/2023,HHR,CA,AWP,WE,Federal Contract Tower,0,4,16,0,20,0,0,6,0,6,0,4,22,0,26,26,0,26,52
03/21/2023,HHR,CA,AWP,WE,Federal Contract Tower,0,1,4,0,5,1,0,0,0,1,1,1,4,0,6,0,0,0,6
03/22/2023,HHR,CA,AWP,WE,Federal Contract Tower,0,9,11,0,20,0,0,15,0,15,0,9,26,0,35,18,0,18,53
03/23/2023,HHR,CA,AWP,WE,Federal Contract Tower,0,16,30,0,46,0,3,79,0,82,0,19,109,0,128,88,0,88,216
03/24/2023,HHR,CA,AWP,WE,Federal Contract Tower,0,15,21,0,36,0,0,83,0,83,0,15,104,0,119,25,0,25,144
03/25/2023,HHR,CA,AWP,WE,Federal Contract Tower,0,9,16,0,25,0,0,89,0,89,0,9,105,0,114,0,0,0,114
03/26/2023,HHR,CA,AWP,WE,Federal Contract Tower,0,12,18,0,30,0,0,86,0,86,0,12,104,0,116,4,0,4,120
03/27/2023,HHR,CA,AWP,WE,Federal Contract Tower,0,14,20,0,34,0,0,91,0,91,0,14,111,0,125,68,0,68,193
03/28/2023,HHR,CA,AWP,WE,Federal Contract Tower,0,10,13,0,23,0,1,93,0,94,0,11,106,0,117,151,0,151,268
03/29/2023,HHR,CA,AWP,WE,Federal Contract Tower,0,14,8,0,22,0,0,10,0,10,0,14,18,0,32,30,0,30,62
03/30/2023,HHR,CA,AWP,WE,Federal Contract Tower,0,7,12,0,19,0,0,30,0,30,0,7,42,0,49,47,0,47,96
03/31/2023,HHR,CA,AWP,WE,Federal Contract Tower,0,18,21,0,39,0,0,96,0,96,0,18,117,0,135,26,0,26,161
04/01/2023,HHR,CA,AWP,WE,Federal Contract Tower,0,18,13,0,31,0,4,78,0,82,0,22,91,0,113,2,0,2,115
04/02/2023,HHR,CA,AWP,WE,Federal Contract Tower,0,12,10,0,22,0,0,89,0,89,0,12,99,0,111,0,0,0,111
04/03/2023,HHR,CA,AWP,WE,Federal Contract Tower,0,14,15,0,29,0,0,32,0,32,0,14,47,0,61,0,0,0,61
04/04/2023,HHR,CA,AWP,WE,Federal Contract Tower,0,16,15,0,31,0,0,47,0,47,0,16,62,0,78,8,0,8,86
04/06/2023,HHR,CA,AWP,WE,Federal Contract Tower,0,15,10,0,25,0,0,70,0,70,0,15,80,0,95,97,0,97,192
04/09/2023,HHR,CA,AWP,WE,Federal Contract Tower,0,12,15,0,27,0,0,15,0,15,0,12,30,0,42,0,0,0,42
04/10/2023,HHR,CA,AWP,WE,Federal Contract Tower,0,10,6,0,16,0,0,23,0,23,0,10,29,0,39,0,0,0,39
04/11/2023,HHR,CA,AWP,WE,Federal Contract Tower,0,3,10,0,13,0,0,5,0,5,0,3,15,0,18,7,0,7,25
04/12/2023,HHR,CA,AWP,WE,Federal Contract Tower,0,18,14,0,32,0,0,1,0,1,0,18,15,0,33,0,0,0,33
04/13/2023,HHR,CA,AWP,WE,Federal Contract Tower,0,16,27,0,43,0,0,33,0,33,0,16,60,0,76,129,0,129,205
04/14/2023,HHR,CA,AWP,WE,Federal Contract Tower,0,15,17,0,32,0,0,53,1,54,0,15,70,1,86,77,0,77,163
04/15/2023,HHR,CA,AWP,WE,Federal Contract Tower,0,7,17,0,24,0,0,69,0,69,0,7,86,0,93,0,0,0,93
04/16/2023,HHR,CA,AWP,WE,Federal Contract Tower,0,12,34,0,46,0,0,51,0,51,0,12,85,0,97,42,0,42,139
04/17/2023,HHR,CA,AWP,WE,Federal Contract Tower,0,12,15,0,27,0,0,27,0,27,0,12,42,0,54,30,0,30,84
04/18/2023,HHR,CA,AWP,WE,Federal Contract Tower,0,15,17,0,32,0,1,55,0,56,0,16,72,0,88,168,0,168,256
04/19/2023,HHR,CA,AWP,WE,Federal Contract Tower,0,6,21,0,27,0,0,83,0,83,0,6,104,0,110,148,0,148,258
04/20/2023,HHR,CA,AWP,WE,Federal Contract Tower,0,9,10,0,19,0,0,70,0,70,0,9,80,0,89,50,0,50,139
04/21/2023,HHR,CA,AWP,WE,Federal Contract Tower,0,13,11,0,24,0,0,73,0,73,0,13,84,0,97,76,0,76,173
04/22/2023,HHR,CA,AWP,WE,Federal Contract Tower,0,5,8,0,13,0,0,88,0,88,0,5,96,0,101,182,0,182,283
04/23/2023,HHR,CA,AWP,WE,Federal Contract Tower,0,11,11,0,22,0,1,67,0,68,0,12,78,0,90,60,0,60,150
04/24/2023,HHR,CA,AWP,WE,Federal Contract Tower,0,15,24,0,39,0,1,62,0,63,0,16,86,0,102,118,0,118,220
04/25/2023,HHR,CA,AWP,WE,Federal Contract Tower,0,18,16,0,34,0,0,59,0,59,0,18,75,0,93,168,0,168,261
04/26/2023,HHR,CA,AWP,WE,Federal Contract Tower,0,14,19,0,33,0,0,36,0,36,0,14,55,0,69,26,0,26,95
04/27/2023,HHR,CA,AWP,WE,Federal Contract Tower,0,6,24,0,30,0,0,10,0,10,0,6,34,0,40,0,0,0,40
04/28/2023,HHR,CA,AWP,WE,Federal Contract Tower,0,14,11,0,25,0,0,0,0,0,0,14,11,0,25,6,0,6,31
04/29/2023,HHR,CA,AWP,WE,Federal Contract Tower,0,9,10,0,19,0,1,13,0,14,0,10,23,0,33,60,0,60,93
04/30/2023,HHR,CA,AWP,WE,Federal Contract Tower,0,8,22,0,30,0,0,3,0,3,0,8,25,0,33,0,0,0,33
05/01/2023,HHR,CA,AWP,WE,Federal Contract Tower,0,9,17,0,26,0,0,10,1,11,0,9,27,1,37,2,0,2,39
05/02/2023,HHR,CA,AWP,WE,Federal Contract Tower,0,4,7,4,15,0,1,38,0,39,0,5,45,4,54,14,0,14,68
05/03/2023,HHR,CA,AWP,WE,Federal Contract Tower,0,11,15,0,26,0,0,67,0,67,0,11,82,0,93,98,0,98,191
05/04/2023,HHR,CA,AWP,WE,Federal Contract Tower,0,11,12,0,23,0,0,44,0,44,0,11,56,0,67,56,0,56,123
05/05/2023,HHR,CA,AWP,WE,Federal Contract Tower,0,8,16,0,24,0,1,60,0,61,0,9,76,0,85,37,0,37,122
05/06/2023,HHR,CA,AWP,WE,Federal Contract Tower,0,8,12,0,20,0,0,71,0,71,0,8,83,0,91,120,0,120,211
05/07/2023,HHR,CA,AWP,WE,Federal Contract Tower,0,11,9,0,20,0,0,67,0,67,0,11,76,0,87,140,0,140,227
05/08/2023,HHR,CA,AWP,WE,Federal Contract Tower,0,18,12,0,30,0,0,68,0,68,0,18,80,0,98,90,0,90,188
05/09/2023,HHR,CA,AWP,WE,Federal Contract Tower,0,11,13,0,24,0,0,40,0,40,0,11,53,0,64,92,0,92,156
05/10/2023,HHR,CA,AWP,WE,Federal Contract Tower,0,20,15,0,35,0,1,80,0,81,0,21,95,0,116,67,0,67,183
05/11/2023,HHR,CA,AWP,WE,Federal Contract Tower,0,16,15,0,31,0,2,55,0,57,0,18,70,0,88,48,0,48,136
05/14/2023,HHR,CA,AWP,WE,Federal Contract Tower,0,12,14,0,26,0,0,25,0,25,0,12,39,0,51,46,0,46,97
05/15/2023,HHR,CA,AWP,WE,Federal Contract Tower,0,17,22,0,39,0,0,15,0,15,0,17,37,0,54,0,0,0,54
05/16/2023,HHR,CA,AWP,WE,Federal Contract Tower,0,12,21,0,33,0,0,35,0,35,0,12,56,0,68,42,0,42,110
05/17/2023,HHR,CA,AWP,WE,Federal Contract Tower,0,10,13,0,23,0,0,47,0,47,0,10,60,0,70,72,0,72,142
05/18/2023,HHR,CA,AWP,WE,Federal Contract Tower,0,12,12,0,24,0,0,17,0,17,0,12,29,0,41,0,0,0,41
05/19/2023,HHR,CA,AWP,WE,Federal Contract Tower,0,18,23,0,41,0,0,15,0,15,0,18,38,0,56,6,0,6,62
05/20/2023,HHR,CA,AWP,WE,Federal Contract Tower,0,6,14,0,20,0,0,21,0,21,0,6,35,0,41,0,0,0,41
05/21/2023,HHR,CA,AWP,WE,Federal Contract Tower,0,17,21,0,38,0,0,19,0,19,0,17,40,0,57,0,0,0,57
05/22/2023,HHR,CA,AWP,WE,Federal Contract Tower,0,13,18,0,31,0,0,3,0,3,0,13,21,0,34,0,0,0,34
05/23/2023,HHR,CA,AWP,WE,Federal Contract Tower,0,14,23,0,37,0,0,7,0,7,0,14,30,0,44,6,0,6,50
05/24/2023,HHR,CA,AWP,WE,Federal Contract Tower,0,13,19,0,32,0,0,39,0,39,0,13,58,0,71,0,0,0,71
05/25/2023,HHR,CA,AWP,WE,Federal Contract Tower,0,11,30,0,41,0,0,61,0,61,0,11,91,0,102,90,0,90,192
05/26/2023,HHR,CA,AWP,WE,Federal Contract Tower,0,19,32,0,51,0,1,98,0,99,0,20,130,0,150,88,2,90,240
05/27/2023,HHR,CA,AWP,WE,Federal Contract Tower,0,7,28,0,35,0,0,72,0,72,0,7,100,0,107,84,0,84,191
05/28/2023,HHR,CA,AWP,WE,Federal Contract Tower,0,6,21,0,27,0,0,24,0,24,0,6,45,0,51,2,0,2,53
05/29/2023,HHR,CA,AWP,WE,Federal Contract Tower,0,16,30,0,46,0,0,33,0,33,0,16,63,0,79,62,0,62,141
05/30/2023,HHR,CA,AWP,WE,Federal Contract Tower,0,17,19,0,36,0,0,50,0,50,0,17,69,0,86,12,0,12,98
05/31/2023,HHR,CA,AWP,WE,Federal Contract Tower,0,9,23,0,32,0,0,65,0,65,0,9,88,0,97,115,0,115,212
06/01/2023,HHR,CA,AWP,WE,Federal Contract Tower,0,15,9,0,24,0,0,49,0,49,0,15,58,0,73,38,0,38,111
06/02/2023,HHR,CA,AWP,WE,Federal Contract Tower,0,13,10,0,23,0,0,80,0,80,0,13,90,0,103,88,0,88,191
06/03/2023,HHR,CA,AWP,WE,Federal Contract Tower,0,6,15,0,21,0,0,78,0,78,0,6,93,0,99,0,0,0,99
06/04/2023,HHR,CA,AWP,WE,Federal Contract Tower,0,8,9,0,17,0,0,27,0,27,0,8,36,0,44,0,0,0,44
06/05/2023,HHR,CA,AWP,WE,Federal Contract Tower,0,8,15,0,23,0,0,38,0,38,0,8,53,0,61,8,0,8,69
06/06/2023,HHR,CA,AWP,WE,Federal Contract Tower,0,10,14,0,24,0,1,69,0,70,0,11,83,0,94,120,0,120,214
06/07/2023,HHR,CA,AWP,WE,Federal Contract Tower,0,11,15,0,26,0,0,51,0,51,0,11,66,0,77,36,0,36,113
06/08/2023,HHR,CA,AWP,WE,Federal Contract Tower,0,14,29,0,43,0,0,64,0,64,0,14,93,0,107,32,0,32,139
06/09/2023,HHR,CA,AWP,WE,Federal Contract Tower,0,13,17,0,30,0,0,57,2,59,0,13,74,2,89,92,0,92,181
06/10/2023,HHR,CA,AWP,WE,Federal Contract Tower,0,8,23,0,31,0,0,16,0,16,0,8,39,0,47,44,0,44,91
06/11/2023,HHR,CA,AWP,WE,Federal Contract Tower,0,13,18,0,31,0,44,0,0,44,0,57,18,0,75,0,0,0,75
06/12/2023,HHR,CA,AWP,WE,Federal Contract Tower,0,23,22,0,45,0,0,97,0,97,0,23,119,0,142,6,0,6,148
06/13/2023,HHR,CA,AWP,WE,Federal Contract Tower,0,10,7,0,17,0,1,65,0,66,0,11,72,0,83,126,0,126,209
06/14/2023,HHR,CA,AWP,WE,Federal Contract Tower,0,17,16,0,33,0,3,9,0,12,0,20,25,0,45,0,0,0,45
06/15/2023,HHR,CA,AWP,WE,Federal Contract Tower,0,12,28,0,40,0,0,24,0,24,0,12,52,0,64,16,0,16,80
06/16/2023,HHR,CA,AWP,WE,Federal Contract Tower,0,13,21,0,34,0,0,48,0,48,0,13,69,0,82,2,0,2,84
06/17/2023,HHR,CA,AWP,WE,Federal Contract Tower,0,7,13,0,20,0,0,49,0,49,0,7,62,0,69,14,0,14,83
06/18/2023,HHR,CA,AWP,WE,Federal Contract Tower,0,19,23,0,42,0,0,73,0,73,0,19,96,0,115,0,0,0,115
06/19/2023,HHR,CA,AWP,WE,Federal Contract Tower,0,11,20,0,31,0,0,41,0,41,0,11,61,0,72,2,0,2,74
06/20/2023,HHR,CA,AWP,WE,Federal Contract Tower,0,12,12,0,24,0,2,75,0,77,0,14,87,0,101,6,0,6,107
06/21/2023,HHR,CA,AWP,WE,Federal Contract Tower,0,16,19,0,35,0,1,72,0,73,0,17,91,0,108,66,0,66,174
06/22/2023,HHR,CA,AWP,WE,Federal Contract Tower,0,12,16,0,28,0,0,57,0,57,0,12,73,0,85,12,0,12,97
06/23/2023,HHR,CA,AWP,WE,Federal Contract Tower,0,13,21,0,34,0,0,118,0,118,0,13,139,0,152,86,0,86,238
06/24/2023,HHR,CA,AWP,WE,Federal Contract Tower,0,8,18,0,26,1,71,0,0,72,1,79,18,0,98,0,0,0,98
06/25/2023,HHR,CA,AWP,WE,Federal Contract Tower,0,18,20,0,38,0,0,72,0,72,0,18,92,0,110,0,0,0,110
06/26/2023,HHR,CA,AWP,WE,Federal Contract Tower,0,14,11,0,25,0,0,89,0,89,0,14,100,0,114,26,0,26,140
06/27/2023,HHR,CA,AWP,WE,Federal Contract Tower,0,8,5,0,13,0,2,69,0,71,0,10,74,0,84,14,0,14,98
06/29/2023,HHR,CA,AWP,WE,Federal Contract Tower,0,19,10,0,29,0,0,78,0,78,0,19,88,0,107,10,0,10,117
06/30/2023,HHR,CA,AWP,WE,Federal Contract Tower,0,14,25,0,39,0,0,55,0,55,0,14,80,0,94,20,0,20,114
07/01/2023,HHR,CA,AWP,WE,Federal Contract Tower,0,6,6,0,12,0,0,39,0,39,0,6,45,0,51,10,0,10,61
07/02/2023,HHR,CA,AWP,WE,Federal Contract Tower,0,6,12,0,18,0,0,35,0,35,0,6,47,0,53,10,0,10,63
07/03/2023,HHR,CA,AWP,WE,Federal Contract Tower,0,7,13,0,20,0,0,30,0,30,0,7,43,0,50,32,0,32,82
07/04/2023,HHR,CA,AWP,WE,Federal Contract Tower,0,5,5,0,10,0,0,44,0,44,0,5,49,0,54,0,0,0,54
07/05/2023,HHR,CA,AWP,WE,Federal Contract Tower,0,16,10,0,26,0,0,52,0,52,0,16,62,0,78,65,0,65,143
07/06/2023,HHR,CA,AWP,WE,Federal Contract Tower,0,10,6,0,16,0,0,45,0,45,0,10,51,0,61,38,0,38,99
07/07/2023,HHR,CA,AWP,WE,Federal Contract Tower,0,16,16,0,32,0,0,49,0,49,0,16,65,0,81,60,0,60,141
07/08/2023,HHR,CA,AWP,WE,Federal Contract Tower,0,5,9,0,14,0,0,80,0,80,0,5,89,0,94,54,0,54,148
07/09/2023,HHR,CA,AWP,WE,Federal Contract Tower,0,11,12,0,23,0,0,72,0,72,0,11,84,0,95,2,0,2,97
07/10/2023,HHR,CA,AWP,WE,Federal Contract Tower,0,12,16,0,28,0,0,71,0,71,0,12,87,0,99,0,0,0,99
07/11/2023,HHR,CA,AWP,WE,Federal Contract Tower,0,8,11,0,19,0,0,79,0,79,0,8,90,0,98,67,0,67,165
07/12/2023,HHR,CA,AWP,WE,Federal Contract Tower,0,8,5,0,13,0,11,71,0,82,0,19,76,0,95,69,0,69,164
07/13/2023,HHR,CA,AWP,WE,Federal Contract Tower,0,16,15,0,31,0,1,82,0,83,0,17,97,0,114,40,0,40,154
07/14/2023,HHR,CA,AWP,WE,Federal Contract Tower,0,19,8,0,27,0,0,72,0,72,0,19,80,0,99,78,0,78,177
07/15/2023,HHR,CA,AWP,WE,Federal Contract Tower,0,4,17,0,21,0,3,64,0,67,0,7,81,0,88,0,0,0,88
07/16/2023,HHR,CA,AWP,WE,Federal Contract Tower,0,14,12,0,26,0,0,76,0,76,0,14,88,0,102,0,0,0,102
07/17/2023,HHR,CA,AWP,WE,Federal Contract Tower,0,9,2,0,11,0,0,69,0,69,0,9,71,0,80,42,0,42,122
07/18/2023,HHR,CA,AWP,WE,Federal Contract Tower,0,15,10,0,25,0,1,57,0,58,0,16,67,0,83,28,0,28,111
07/19/2023,HHR,CA,AWP,WE,Federal Contract Tower,0,12,8,0,20,0,1,83,0,84,0,13,91,0,104,74,0,74,178
07/20/2023,HHR,CA,AWP,WE,Federal Contract Tower,0,12,10,0,22,0,0,65,0,65,0,12,75,0,87,78,0,78,165
07/21/2023,HHR,CA,AWP,WE,Federal Contract Tower,0,15,9,0,24,0,0,77,0,77,0,15,86,0,101,22,0,22,123
07/22/2023,HHR,CA,AWP,WE,Federal Contract Tower,0,9,10,0,19,0,0,74,0,74,0,9,84,0,93,88,0,88,181
07/23/2023,HHR,CA,AWP,WE,Federal Contract Tower,0,19,20,0,39,0,0,84,0,84,0,19,104,0,123,0,0,0,123
07/24/2023,HHR,CA,AWP,WE,Federal Contract Tower,0,8,13,0,21,0,0,58,0,58,0,8,71,0,79,6,0,6,85
07/25/2023,HHR,CA,AWP,WE,Federal Contract Tower,0,8,10,0,18,0,0,78,0,78,0,8,88,0,96,38,0,38,134
07/26/2023,HHR,CA,AWP,WE,Federal Contract Tower,0,10,5,0,15,0,0,42,0,42,0,10,47,0,57,26,0,26,83
07/27/2023,HHR,CA,AWP,WE,Federal Contract Tower,0,7,13,0,20,0,0,74,0,74,0,7,87,0,94,36,0,36,130
07/28/2023,HHR,CA,AWP,WE,Federal Contract Tower,0,14,10,0,24,0,0,85,0,85,0,14,95,0,109,28,0,28,137
07/29/2023,HHR,CA,AWP,WE,Federal Contract Tower,0,9,9,0,18,0,0,82,0,82,0,9,91,0,100,48,0,48,148
07/30/2023,HHR,CA,AWP,WE,Federal Contract Tower,0,16,29,0,45,0,0,73,0,73,0,16,102,0,118,0,0,0,118
07/31/2023,HHR,CA,AWP,WE,Federal Contract Tower,0,11,15,0,26,0,0,73,0,73,0,11,88,0,99,91,0,91,190
08/01/2023,HHR,CA,AWP,WE,Federal Contract Tower,0,13,12,0,25,0,0,67,0,67,0,13,79,0,92,40,0,40,132
08/02/2023,HHR,CA,AWP,WE,Federal Contract Tower,0,9,17,0,26,0,1,86,0,87,0,10,103,0,113,48,0,48,161
08/03/2023,HHR,CA,AWP,WE,Federal Contract Tower,0,9,9,0,18,0,0,65,0,65,0,9,74,0,83,38,0,38,121
08/04/2023,HHR,CA,AWP,WE,Federal Contract Tower,0,13,18,0,31,0,0,94,0,94,0,13,112,0,125,118,0,118,243
08/05/2023,HHR,CA,AWP,WE,Federal Contract Tower,0,11,6,0,17,0,0,85,0,85,0,11,91,0,102,86,0,86,188
08/06/2023,HHR,CA,AWP,WE,Federal Contract Tower,0,17,22,0,39,0,0,64,0,64,0,17,86,0,103,86,0,86,189
08/07/2023,HHR,CA,AWP,WE,Federal Contract Tower,0,9,12,0,21,0,0,62,0,62,0,9,74,0,83,46,0,46,129
08/08/2023,HHR,CA,AWP,WE,Federal Contract Tower,0,9,19,0,28,0,0,82,0,82,0,9,101,0,110,80,0,80,190
08/09/2023,HHR,CA,AWP,WE,Federal Contract Tower,0,21,18,0,39,0,0,49,0,49,0,21,67,0,88,18,0,18,106
08/10/2023,HHR,CA,AWP,WE,Federal Contract Tower,0,7,11,0,18,0,1,55,0,56,0,8,66,0,74,6,0,6,80
08/11/2023,HHR,CA,AWP,WE,Federal Contract Tower,0,14,12,0,26,0,0,53,0,53,0,14,65,0,79,49,0,49,128
08/12/2023,HHR,CA,AWP,WE,Federal Contract Tower,0,6,12,0,18,0,0,81,0,81,0,6,93,0,99,56,0,56,155
08/13/2023,HHR,CA,AWP,WE,Federal Contract Tower,0,9,18,0,27,0,0,49,0,49,0,9,67,0,76,40,0,40,116
08/14/2023,HHR,CA,AWP,WE,Federal Contract Tower,0,6,17,0,23,0,0,31,0,31,0,6,48,0,54,0,0,0,54
08/15/2023,HHR,CA,AWP,WE,Federal Contract Tower,0,16,20,0,36,0,1,34,0,35,0,17,54,0,71,38,0,38,109
08/16/2023,HHR,CA,AWP,WE,Federal Contract Tower,0,9,12,0,21,0,0,67,0,67,0,9,79,0,88,90,0,90,178
08/17/2023,HHR,CA,AWP,WE,Federal Contract Tower,0,10,11,0,21,0,0,53,0,53,0,10,64,0,74,48,0,48,122
08/18/2023,HHR,CA,AWP,WE,Federal Contract Tower,0,12,15,0,27,0,0,58,0,58,0,12,73,0,85,84,0,84,169
08/19/2023,HHR,CA,AWP,WE,Federal Contract Tower,0,8,19,0,27,0,0,68,0,68,0,8,87,0,95,94,0,94,189
08/20/2023,HHR,CA,AWP,WE,Federal Contract Tower,0,2,0,0,2,0,0,0,0,0,0,2,0,0,2,0,0,0,2
08/22/2023,HHR,CA,AWP,WE,Federal Contract Tower,0,4,15,0,19,0,0,52,0,52,0,4,67,0,71,106,0,106,177
08/23/2023,HHR,CA,AWP,WE,Federal Contract Tower,0,11,9,0,20,0,0,68,0,68,0,11,77,0,88,40,0,40,128
08/24/2023,HHR,CA,AWP,WE,Federal Contract Tower,0,12,13,0,25,0,0,50,0,50,0,12,63,0,75,62,0,62,137
08/25/2023,HHR,CA,AWP,WE,Federal Contract Tower,0,11,14,1,26,0,0,68,0,68,0,11,82,1,94,88,0,88,182
08/26/2023,HHR,CA,AWP,WE,Federal Contract Tower,0,6,8,0,14,0,0,61,0,61,0,6,69,0,75,60,0,60,135
08/27/2023,HHR,CA,AWP,WE,Federal Contract Tower,0,9,20,0,29,0,0,83,0,83,0,9,103,0,112,68,0,68,180
08/28/2023,HHR,CA,AWP,WE,Federal Contract Tower,0,8,13,0,21,0,0,73,0,73,0,8,86,0,94,98,0,98,192
08/29/2023,HHR,CA,AWP,WE,Federal Contract Tower,0,8,10,0,18,0,0,73,0,73,0,8,83,0,91,75,0,75,166
08/30/2023,HHR,CA,AWP,WE,Federal Contract Tower,0,11,12,0,23,0,0,79,0,79,0,11,91,0,102,42,0,42,144
08/31/2023,HHR,CA,AWP,WE,Federal Contract Tower,0,17,13,0,30,0,0,46,0,46,0,17,59,0,76,16,0,16,92
01/01/2020,HHR,CA,AWP,WE,Federal Contract Tower,0,9,6,0,15,0,0,40,2,42,0,9,46,2,57,22,0,22,79
01/02/2020,HHR,CA,AWP,WE,Federal Contract Tower,0,8,4,0,12,0,5,68,0,73,0,13,72,0,85,90,0,90,175
01/03/2020,HHR,CA,AWP,WE,Federal Contract Tower,0,9,16,0,25,0,4,94,0,98,0,13,110,0,123,138,0,138,261
01/04/2020,HHR,CA,AWP,WE,Federal Contract Tower,0,5,17,0,22,0,3,90,1,94,0,8,107,1,116,162,0,162,278
01/05/2020,HHR,CA,AWP,WE,Federal Contract Tower,0,6,10,0,16,0,4,93,0,97,0,10,103,0,113,162,0,162,275
01/06/2020,HHR,CA,AWP,WE,Federal Contract Tower,0,5,14,0,19,0,3,71,0,74,0,8,85,0,93,104,0,104,197
01/07/2020,HHR,CA,AWP,WE,Federal Contract Tower,0,4,10,0,14,0,2,76,0,78,0,6,86,0,92,78,0,78,170
01/08/2020,HHR,CA,AWP,WE,Federal Contract Tower,0,12,18,0,30,0,3,70,0,73,0,15,88,0,103,108,0,108,211
01/09/2020,HHR,CA,AWP,WE,Federal Contract Tower,0,12,19,0,31,0,2,91,1,94,0,14,110,1,125,136,0,136,261
01/10/2020,HHR,CA,AWP,WE,Federal Contract Tower,0,12,11,0,23,0,9,106,2,117,0,21,117,2,140,52,0,52,192
01/11/2020,HHR,CA,AWP,WE,Federal Contract Tower,0,5,8,0,13,0,0,79,1,80,0,5,87,1,93,166,0,166,259
01/12/2020,HHR,CA,AWP,WE,Federal Contract Tower,0,9,19,0,28,0,0,106,0,106,0,9,125,0,134,138,0,138,272
01/13/2020,HHR,CA,AWP,WE,Federal Contract Tower,0,7,4,0,11,0,1,76,0,77,0,8,80,0,88,106,0,106,194
01/14/2020,HHR,CA,AWP,WE,Federal Contract Tower,0,4,8,0,12,0,0,83,0,83,0,4,91,0,95,144,0,144,239
01/15/2020,HHR,CA,AWP,WE,Federal Contract Tower,0,12,21,0,33,0,3,79,0,82,0,15,100,0,115,94,0,94,209
01/16/2020,HHR,CA,AWP,WE,Federal Contract Tower,0,11,16,0,27,0,1,53,0,54,0,12,69,0,81,96,0,96,177
01/17/2020,HHR,CA,AWP,WE,Federal Contract Tower,0,19,33,0,52,0,3,103,0,106,0,22,136,0,158,124,0,124,282
01/18/2020,HHR,CA,AWP,WE,Federal Contract Tower,0,2,11,0,13,0,0,112,0,112,0,2,123,0,125,73,0,73,198
01/19/2020,HHR,CA,AWP,WE,Federal Contract Tower,0,8,11,0,19,0,2,81,0,83,0,10,92,0,102,149,0,149,251
01/20/2020,HHR,CA,AWP,WE,Federal Contract Tower,0,21,11,0,32,0,3,91,0,94,0,24,102,0,126,113,0,113,239
01/21/2020,HHR,CA,AWP,WE,Federal Contract Tower,0,8,25,0,33,0,2,52,0,54,0,10,77,0,87,96,0,96,183
01/22/2020,HHR,CA,AWP,WE,Federal Contract Tower,0,13,14,0,27,0,5,105,0,110,0,18,119,0,137,106,0,106,243
01/23/2020,HHR,CA,AWP,WE,Federal Contract Tower,0,16,17,0,33,0,2,72,0,74,0,18,89,0,107,134,2,136,243
01/24/2020,HHR,CA,AWP,WE,Federal Contract Tower,0,14,22,0,36,0,3,98,0,101,0,17,120,0,137,78,0,78,215
01/25/2020,HHR,CA,AWP,WE,Federal Contract Tower,0,5,22,0,27,0,0,43,0,43,0,5,65,0,70,102,0,102,172
01/26/2020,HHR,CA,AWP,WE,Federal Contract Tower,0,11,18,0,29,0,0,26,0,26,0,11,44,0,55,82,0,82,137
01/27/2020,HHR,CA,AWP,WE,Federal Contract Tower,0,13,9,0,22,0,6,56,0,62,0,19,65,0,84,8,0,8,92
01/28/2020,HHR,CA,AWP,WE,Federal Contract Tower,0,7,16,0,23,0,1,78,0,79,0,8,94,0,102,106,0,106,208
01/29/2020,HHR,CA,AWP,WE,Federal Contract Tower,0,13,9,0,22,2,3,63,1,69,2,16,72,1,91,12,0,12,103
01/30/2020,HHR,CA,AWP,WE,Federal Contract Tower,0,23,20,0,43,0,3,106,0,109,0,26,126,0,152,106,0,106,258
01/31/2020,HHR,CA,AWP,WE,Federal Contract Tower,0,12,24,0,36,0,5,116,2,123,0,17,140,2,159,122,0,122,281
02/01/2020,HHR,CA,AWP,WE,Federal Contract Tower,0,8,15,0,23,0,0,94,0,94,0,8,109,0,117,121,0,121,238
02/02/2020,HHR,CA,AWP,WE,Federal Contract Tower,0,13,12,0,25,0,1,59,0,60,0,14,71,0,85,136,0,136,221
02/03/2020,HHR,CA,AWP,WE,Federal Contract Tower,0,13,11,0,24,0,1,35,0,36,0,14,46,0,60,0,0,0,60
02/04/2020,HHR,CA,AWP,WE,Federal Contract Tower,0,9,7,0,16,0,2,60,0,62,0,11,67,0,78,34,0,34,112
02/05/2020,HHR,CA,AWP,WE,Federal Contract Tower,0,13,14,0,27,0,10,79,0,89,0,23,93,0,116,64,0,64,180
02/06/2020,HHR,CA,AWP,WE,Federal Contract Tower,0,13,15,0,28,0,3,69,0,72,0,16,84,0,100,60,0,60,160
02/07/2020,HHR,CA,AWP,WE,Federal Contract Tower,0,15,21,0,36,0,3,86,0,89,0,18,107,0,125,103,0,103,228
02/08/2020,HHR,CA,AWP,WE,Federal Contract Tower,0,2,10,1,13,0,0,85,1,86,0,2,95,2,99,150,0,150,249
02/09/2020,HHR,CA,AWP,WE,Federal Contract Tower,0,7,6,0,13,0,6,16,0,22,0,13,22,0,35,36,0,36,71
02/10/2020,HHR,CA,AWP,WE,Federal Contract Tower,0,15,8,0,23,0,1,89,0,90,0,16,97,0,113,48,0,48,161
02/11/2020,HHR,CA,AWP,WE,Federal Contract Tower,0,6,15,0,21,0,1,73,0,74,0,7,88,0,95,66,0,66,161
02/12/2020,HHR,CA,AWP,WE,Federal Contract Tower,0,16,29,0,45,0,7,105,0,112,0,23,134,0,157,114,0,114,271
02/13/2020,HHR,CA,AWP,WE,Federal Contract Tower,0,15,14,0,29,0,2,125,1,128,0,17,139,1,157,98,0,98,255
02/14/2020,HHR,CA,AWP,WE,Federal Contract Tower,0,12,20,0,32,0,3,103,0,106,0,15,123,0,138,83,0,83,221
02/15/2020,HHR,CA,AWP,WE,Federal Contract Tower,0,7,12,0,19,0,0,114,0,114,0,7,126,0,133,142,0,142,275
02/16/2020,HHR,CA,AWP,WE,Federal Contract Tower,0,9,9,0,18,0,0,74,0,74,0,9,83,0,92,148,0,148,240
02/17/2020,HHR,CA,AWP,WE,Federal Contract Tower,0,17,19,0,36,0,1,74,0,75,0,18,93,0,111,126,0,126,237
02/18/2020,HHR,CA,AWP,WE,Federal Contract Tower,0,3,8,0,11,0,0,23,0,23,0,3,31,0,34,45,0,45,79
02/19/2020,HHR,CA,AWP,WE,Federal Contract Tower,0,9,17,0,26,0,2,67,0,69,0,11,84,0,95,98,0,98,193
02/20/2020,HHR,CA,AWP,WE,Federal Contract Tower,0,15,8,0,23,0,5,97,0,102,0,20,105,0,125,100,0,100,225
02/21/2020,HHR,CA,AWP,WE,Federal Contract Tower,0,12,18,0,30,0,1,86,2,89,0,13,104,2,119,130,0,130,249
02/22/2020,HHR,CA,AWP,WE,Federal Contract Tower,0,5,18,0,23,0,0,41,0,41,0,5,59,0,64,52,0,52,116
02/23/2020,HHR,CA,AWP,WE,Federal Contract Tower,0,12,20,0,32,0,2,60,0,62,0,14,80,0,94,170,0,170,264
02/24/2020,HHR,CA,AWP,WE,Federal Contract Tower,0,11,12,0,23,0,2,87,0,89,0,13,99,0,112,94,0,94,206
02/25/2020,HHR,CA,AWP,WE,Federal Contract Tower,0,6,19,0,25,0,1,71,0,72,0,7,90,0,97,130,0,130,227
02/26/2020,HHR,CA,AWP,WE,Federal Contract Tower,0,8,19,0,27,0,1,84,0,85,0,9,103,0,112,48,12,60,172
02/27/2020,HHR,CA,AWP,WE,Federal Contract Tower,0,21,14,0,35,0,4,66,3,73,0,25,80,3,108,144,0,144,252
02/28/2020,HHR,CA,AWP,WE,Federal Contract Tower,0,11,18,0,29,0,6,76,1,83,0,17,94,1,112,76,0,76,188
02/29/2020,HHR,CA,AWP,WE,Federal Contract Tower,0,7,9,0,16,0,0,67,0,67,0,7,76,0,83,110,0,110,193
03/01/2020,HHR,CA,AWP,WE,Federal Contract Tower,0,12,12,0,24,0,2,38,0,40,0,14,50,0,64,90,0,90,154
03/02/2020,HHR,CA,AWP,WE,Federal Contract Tower,0,16,7,0,23,0,1,60,0,61,0,17,67,0,84,74,0,74,158
03/03/2020,HHR,CA,AWP,WE,Federal Contract Tower,0,10,10,0,20,0,1,104,0,105,0,11,114,0,125,70,0,70,195
03/04/2020,HHR,CA,AWP,WE,Federal Contract Tower,0,12,18,0,30,0,2,60,1,63,0,14,78,1,93,68,0,68,161
03/05/2020,HHR,CA,AWP,WE,Federal Contract Tower,0,21,14,0,35,0,3,79,0,82,0,24,93,0,117,97,0,97,214
03/06/2020,HHR,CA,AWP,WE,Federal Contract Tower,0,15,18,0,33,0,5,48,1,54,0,20,66,1,87,84,0,84,171
03/07/2020,HHR,CA,AWP,WE,Federal Contract Tower,0,10,13,0,23,0,0,56,0,56,0,10,69,0,79,80,0,80,159
03/08/2020,HHR,CA,AWP,WE,Federal Contract Tower,0,11,13,0,24,0,3,71,0,74,0,14,84,0,98,102,0,102,200
03/09/2020,HHR,CA,AWP,WE,Federal Contract Tower,0,19,2,0,21,0,2,90,0,92,0,21,92,0,113,74,0,74,187
03/10/2020,HHR,CA,AWP,WE,Federal Contract Tower,0,6,1,0,7,0,2,14,0,16,0,8,15,0,23,30,0,30,53
03/11/2020,HHR,CA,AWP,WE,Federal Contract Tower,0,11,14,0,25,2,1,62,2,67,2,12,76,2,92,44,0,44,136
03/12/2020,HHR,CA,AWP,WE,Federal Contract Tower,0,12,7,0,19,0,2,14,0,16,0,14,21,0,35,6,0,6,41
03/13/2020,HHR,CA,AWP,WE,Federal Contract Tower,0,16,22,0,38,0,1,4,0,5,0,17,26,0,43,4,0,4,47
03/14/2020,HHR,CA,AWP,WE,Federal Contract Tower,0,5,11,0,16,0,0,6,0,6,0,5,17,0,22,36,0,36,58
03/15/2020,HHR,CA,AWP,WE,Federal Contract Tower,0,8,20,0,28,0,0,43,0,43,0,8,63,0,71,96,0,96,167
03/16/2020,HHR,CA,AWP,WE,Federal Contract Tower,0,5,3,0,8,0,1,13,0,14,0,6,16,0,22,24,0,24,46
03/17/2020,HHR,CA,AWP,WE,Federal Contract Tower,0,6,3,0,9,0,0,70,0,70,0,6,73,0,79,64,0,64,143
03/18/2020,HHR,CA,AWP,WE,Federal Contract Tower,0,4,4,0,8,0,4,37,0,41,0,8,41,0,49,42,0,42,91
03/19/2020,HHR,CA,AWP,WE,Federal Contract Tower,0,3,10,0,13,0,1,31,0,32,0,4,41,0,45,76,0,76,121
03/20/2020,HHR,CA,AWP,WE,Federal Contract Tower,0,4,6,0,10,0,2,15,0,17,0,6,21,0,27,0,0,0,27
03/21/2020,HHR,CA,AWP,WE,Federal Contract Tower,0,2,17,0,19,0,0,69,0,69,0,2,86,0,88,22,0,22,110
03/22/2020,HHR,CA,AWP,WE,Federal Contract Tower,0,0,5,0,5,0,7,18,0,25,0,7,23,0,30,38,0,38,68
03/23/2020,HHR,CA,AWP,WE,Federal Contract Tower,0,2,0,0,2,0,3,21,0,24,0,5,21,0,26,8,0,8,34
03/24/2020,HHR,CA,AWP,WE,Federal Contract Tower,0,3,8,0,11,0,2,24,0,26,0,5,32,0,37,24,0,24,61
03/25/2020,HHR,CA,AWP,WE,Federal Contract Tower,0,1,4,0,5,0,1,30,2,33,0,2,34,2,38,4,0,4,42
03/26/2020,HHR,CA,AWP,WE,Federal Contract Tower,0,5,8,0,13,0,0,29,0,29,0,5,37,0,42,18,0,18,60
03/27/2020,HHR,CA,AWP,WE,Federal Contract Tower,0,3,8,0,11,0,1,36,3,40,0,4,44,3,51,42,0,42,93
03/28/2020,HHR,CA,AWP,WE,Federal Contract Tower,0,0,16,0,16,0,0,25,0,25,0,0,41,0,41,58,0,58,99
03/29/2020,HHR,CA,AWP,WE,Federal Contract Tower,0,1,8,0,9,0,0,15,0,15,0,1,23,0,24,24,0,24,48
03/30/2020,HHR,CA,AWP,WE,Federal Contract Tower,0,0,6,0,6,0,0,34,0,34,0,0,40,0,40,32,0,32,72
03/31/2020,HHR,CA,AWP,WE,Federal Contract Tower,0,0,4,0,4,0,0,40,0,40,0,0,44,0,44,32,0,32,76
04/01/2020,HHR,CA,AWP,WE,Federal Contract Tower,0,1,4,0,5,0,1,16,0,17,0,2,20,0,22,28,0,28,50
04/02/2020,HHR,CA,AWP,WE,Federal Contract Tower,0,1,10,0,11,0,0,19,0,19,0,1,29,0,30,24,0,24,54
04/03/2020,HHR,CA,AWP,WE,Federal Contract Tower,0,5,9,0,14,0,3,38,1,42,0,8,47,1,56,72,0,72,128
04/04/2020,HHR,CA,AWP,WE,Federal Contract Tower,0,0,6,0,6,0,0,33,0,33,0,0,39,0,39,66,0,66,105
04/05/2020,HHR,CA,AWP,WE,Federal Contract Tower,0,1,5,0,6,0,0,12,0,12,0,1,17,0,18,48,0,48,66
04/07/2020,HHR,CA,AWP,WE,Federal Contract Tower,0,0,8,0,8,0,1,9,0,10,0,1,17,0,18,13,0,13,31
04/08/2020,HHR,CA,AWP,WE,Federal Contract Tower,0,5,5,0,10,0,0,9,0,9,0,5,14,0,19,16,0,16,35
04/09/2020,HHR,CA,AWP,WE,Federal Contract Tower,0,0,1,0,1,0,0,2,0,2,0,0,3,0,3,2,0,2,5
04/10/2020,HHR,CA,AWP,WE,Federal Contract Tower,0,1,5,0,6,0,0,9,0,9,0,1,14,0,15,10,0,10,25
04/11/2020,HHR,CA,AWP,WE,Federal Contract Tower,0,4,11,0,15,0,0,48,0,48,0,4,59,0,63,84,0,84,147
04/12/2020,HHR,CA,AWP,WE,Federal Contract Tower,0,2,1,0,3,0,0,4,0,4,0,2,5,0,7,24,0,24,31
04/13/2020,HHR,CA,AWP,WE,Federal Contract Tower,0,0,2,0,2,0,1,16,0,17,0,1,18,0,19,24,0,24,43
04/14/2020,HHR,CA,AWP,WE,Federal Contract Tower,0,1,2,0,3,0,1,36,0,37,0,2,38,0,40,46,0,46,86
04/15/2020,HHR,CA,AWP,WE,Federal Contract Tower,0,1,4,0,5,0,1,32,0,33,0,2,36,0,38,48,0,48,86
04/16/2020,HHR,CA,AWP,WE,Federal Contract Tower,0,4,3,0,7,0,1,42,0,43,0,5,45,0,50,42,0,42,92
04/17/2020,HHR,CA,AWP,WE,Federal Contract Tower,0,7,2,2,11,0,0,14,0,14,0,7,16,2,25,36,0,36,61
04/18/2020,HHR,CA,AWP,WE,Federal Contract Tower,0,1,2,0,3,0,0,16,0,16,0,1,18,0,19,50,0,50,69
04/19/2020,HHR,CA,AWP,WE,Federal Contract Tower,0,4,3,0,7,0,1,22,0,23,0,5,25,0,30,34,0,34,64
04/20/2020,HHR,CA,AWP,WE,Federal Contract Tower,0,5,7,0,12,0,1,42,0,43,0,6,49,0,55,22,0,22,77
04/21/2020,HHR,CA,AWP,WE,Federal Contract Tower,0,1,6,0,7,0,0,21,0,21,0,1,27,0,28,42,0,42,70
04/22/2020,HHR,CA,AWP,WE,Federal Contract Tower,0,1,7,1,9,0,0,39,0,39,0,1,46,1,48,18,0,18,66
04/23/2020,HHR,CA,AWP,WE,Federal Contract Tower,0,1,8,0,9,0,0,47,3,50,0,1,55,3,59,52,0,52,111
04/24/2020,HHR,CA,AWP,WE,Federal Contract Tower,0,2,10,0,12,0,1,39,0,40,0,3,49,0,52,62,0,62,114
04/25/2020,HHR,CA,AWP,WE,Federal Contract Tower,0,3,4,0,7,0,0,60,0,60,0,3,64,0,67,116,0,116,183
04/26/2020,HHR,CA,AWP,WE,Federal Contract Tower,0,5,1,0,6,0,0,25,0,25,0,5,26,0,31,30,0,30,61
04/27/2020,HHR,CA,AWP,WE,Federal Contract Tower,0,3,3,0,6,0,0,26,0,26,0,3,29,0,32,40,0,40,72
04/28/2020,HHR,CA,AWP,WE,Federal Contract Tower,0,2,18,0,20,0,2,25,0,27,0,4,43,0,47,38,0,38,85
04/29/2020,HHR,CA,AWP,WE,Federal Contract Tower,0,1,10,1,12,0,0,18,0,18,0,1,28,1,30,26,0,26,56
04/30/2020,HHR,CA,AWP,WE,Federal Contract Tower,0,3,9,0,12,0,2,26,0,28,0,5,35,0,40,36,0,36,76
05/01/2020,HHR,CA,AWP,WE,Federal Contract Tower,0,1,11,2,14,0,0,46,0,46,0,1,57,2,60,90,0,90,150
05/02/2020,HHR,CA,AWP,WE,Federal Contract Tower,0,6,14,0,20,0,0,51,0,51,0,6,65,0,71,106,0,106,177
05/03/2020,HHR,CA,AWP,WE,Federal Contract Tower,0,2,5,0,7,0,1,28,0,29,0,3,33,0,36,34,0,34,70
05/04/2020,HHR,CA,AWP,WE,Federal Contract Tower,0,3,7,0,10,0,2,33,0,35,0,5,40,0,45,44,0,44,89
05/05/2020,HHR,CA,AWP,WE,Federal Contract Tower,0,1,3,0,4,0,1,56,0,57,0,2,59,0,61,48,0,48,109
05/06/2020,HHR,CA,AWP,WE,Federal Contract Tower,0,8,8,0,16,0,0,44,0,44,0,8,52,0,60,74,0,74,134
05/07/2020,HHR,CA,AWP,WE,Federal Contract Tower,0,0,7,0,7,0,1,41,0,42,0,1,48,0,49,92,0,92,141
05/08/2020,HHR,CA,AWP,WE,Federal Contract Tower,0,4,8,0,12,0,2,39,0,41,0,6,47,0,53,58,0,58,111
05/09/2020,HHR,CA,AWP,WE,Federal Contract Tower,0,2,6,0,8,0,0,36,0,36,0,2,42,0,44,86,0,86,130
05/10/2020,HHR,CA,AWP,WE,Federal Contract Tower,0,1,7,0,8,0,0,17,0,17,0,1,24,0,25,22,0,22,47
05/11/2020,HHR,CA,AWP,WE,Federal Contract Tower,0,6,13,0,19,0,0,26,0,26,0,6,39,0,45,30,0,30,75
05/12/2020,HHR,CA,AWP,WE,Federal Contract Tower,0,2,18,0,20,0,1,48,0,49,0,3,66,0,69,50,0,50,119
05/13/2020,HHR,CA,AWP,WE,Federal Contract Tower,0,3,12,0,15,0,1,56,0,57,0,4,68,0,72,130,0,130,202
05/14/2020,HHR,CA,AWP,WE,Federal Contract Tower,0,3,7,0,10,0,1,32,2,35,0,4,39,2,45,44,0,44,89
05/15/2020,HHR,CA,AWP,WE,Federal Contract Tower,0,1,10,1,12,0,1,55,0,56,0,2,65,1,68,62,0,62,130
05/16/2020,HHR,CA,AWP,WE,Federal Contract Tower,0,5,2,0,7,0,0,61,0,61,0,5,63,0,68,58,0,58,126
05/17/2020,HHR,CA,AWP,WE,Federal Contract Tower,0,4,7,0,11,0,0,58,0,58,0,4,65,0,69,95,0,95,164
05/18/2020,HHR,CA,AWP,WE,Federal Contract Tower,0,4,2,0,6,0,0,19,0,19,0,4,21,0,25,0,0,0,25
05/19/2020,HHR,CA,AWP,WE,Federal Contract Tower,0,5,6,0,11,0,1,52,0,53,0,6,58,0,64,23,0,23,87
05/20/2020,HHR,CA,AWP,WE,Federal Contract Tower,0,14,10,0,24,0,0,76,0,76,0,14,86,0,100,90,0,90,190
05/21/2020,HHR,CA,AWP,WE,Federal Contract Tower,0,5,8,0,13,0,2,57,2,61,0,7,65,2,74,86,0,86,160
05/22/2020,HHR,CA,AWP,WE,Federal Contract Tower,0,9,13,0,22,0,3,62,0,65,0,12,75,0,87,82,0,82,169
05/23/2020,HHR,CA,AWP,WE,Federal Contract Tower,0,2,7,1,10,0,0,50,0,50,0,2,57,1,60,60,0,60,120
05/24/2020,HHR,CA,AWP,WE,Federal Contract Tower,0,1,7,0,8,0,1,56,0,57,0,2,63,0,65,134,0,134,199
05/25/2020,HHR,CA,AWP,WE,Federal Contract Tower,0,11,9,0,20,0,1,61,0,62,0,12,70,0,82,144,0,144,226
05/26/2020,HHR,CA,AWP,WE,Federal Contract Tower,0,4,10,2,16,0,0,24,0,24,0,4,34,2,40,58,0,58,98
05/27/2020,HHR,CA,AWP,WE,Federal Contract Tower,0,4,3,0,7,0,1,31,0,32,0,5,34,0,39,52,0,52,91
05/28/2020,HHR,CA,AWP,WE,Federal Contract Tower,0,12,5,0,17,0,1,32,0,33,0,13,37,0,50,36,0,36,86
05/29/2020,HHR,CA,AWP,WE,Federal Contract Tower,0,6,20,0,26,0,0,40,0,40,0,6,60,0,66,80,0,80,146
05/30/2020,HHR,CA,AWP,WE,Federal Contract Tower,0,2,5,0,7,0,0,51,0,51,0,2,56,0,58,92,0,92,150
05/31/2020,HHR,CA,AWP,WE,Federal Contract Tower,0,6,4,0,10,0,0,69,0,69,0,6,73,0,79,118,0,118,197
06/01/2020,HHR,CA,AWP,WE,Federal Contract Tower,0,7,6,0,13,0,0,63,0,63,0,7,69,0,76,32,0,32,108
06/02/2020,HHR,CA,AWP,WE,Federal Contract Tower,0,3,3,0,6,0,1,59,0,60,0,4,62,0,66,40,0,40,106
06/03/2020,HHR,CA,AWP,WE,Federal Contract Tower,0,2,13,0,15,0,12,69,0,81,0,14,82,0,96,42,0,42,138
06/04/2020,HHR,CA,AWP,WE,Federal Contract Tower,0,8,11,0,19,0,4,42,0,46,0,12,53,0,65,114,0,114,179
06/05/2020,HHR,CA,AWP,WE,Federal Contract Tower,0,4,17,0,21,0,0,38,0,38,0,4,55,0,59,40,0,40,99
06/06/2020,HHR,CA,AWP,WE,Federal Contract Tower,0,3,4,0,7,0,0,40,0,40,0,3,44,0,47,82,0,82,129
06/07/2020,HHR,CA,AWP,WE,Federal Contract Tower,0,4,11,0,15,0,2,63,0,65,0,6,74,0,80,96,0,96,176
06/08/2020,HHR,CA,AWP,WE,Federal Contract Tower,0,2,6,0,8,0,0,54,0,54,0,2,60,0,62,53,0,53,115
06/09/2020,HHR,CA,AWP,WE,Federal Contract Tower,0,1,6,0,7,0,2,72,0,74,0,3,78,0,81,88,0,88,169
06/10/2020,HHR,CA,AWP,WE,Federal Contract Tower,0,10,7,0,17,0,0,73,0,73,0,10,80,0,90,134,0,134,224
06/11/2020,HHR,CA,AWP,WE,Federal Contract Tower,0,8,17,0,25,0,1,45,0,46,0,9,62,0,71,112,0,112,183
06/12/2020,HHR,CA,AWP,WE,Federal Contract Tower,0,8,16,0,24,0,0,83,0,83,0,8,99,0,107,66,0,66,173
06/13/2020,HHR,CA,AWP,WE,Federal Contract Tower,0,6,2,0,8,0,0,64,0,64,0,6,66,0,72,102,0,102,174
06/14/2020,HHR,CA,AWP,WE,Federal Contract Tower,0,4,3,0,7,0,0,74,0,74,0,4,77,0,81,86,0,86,167
06/15/2020,HHR,CA,AWP,WE,Federal Contract Tower,0,6,11,0,17,0,0,52,0,52,0,6,63,0,69,78,0,78,147
06/16/2020,HHR,CA,AWP,WE,Federal Contract Tower,0,11,12,0,23,0,2,66,0,68,0,13,78,0,91,92,0,92,183
06/17/2020,HHR,CA,AWP,WE,Federal Contract Tower,0,13,15,0,28,0,0,51,4,55,0,13,66,4,83,92,0,92,175
06/18/2020,HHR,CA,AWP,WE,Federal Contract Tower,0,9,15,0,24,0,0,36,0,36,0,9,51,0,60,112,0,112,172
06/19/2020,HHR,CA,AWP,WE,Federal Contract Tower,0,13,16,0,29,0,1,53,0,54,0,14,69,0,83,138,0,138,221
06/20/2020,HHR,CA,AWP,WE,Federal Contract Tower,0,6,22,0,28,0,0,39,0,39,0,6,61,0,67,84,0,84,151
06/21/2020,HHR,CA,AWP,WE,Federal Contract Tower,0,9,12,0,21,0,0,48,0,48,0,9,60,0,69,100,0,100,169
06/22/2020,HHR,CA,AWP,WE,Federal Contract Tower,0,3,24,0,27,0,0,60,0,60,0,3,84,0,87,82,0,82,169
06/23/2020,HHR,CA,AWP,WE,Federal Contract Tower,0,4,15,0,19,0,1,46,0,47,0,5,61,0,66,56,0,56,122
06/24/2020,HHR,CA,AWP,WE,Federal Contract Tower,0,7,22,0,29,0,0,54,0,54,0,7,76,0,83,50,0,50,133
06/25/2020,HHR,CA,AWP,WE,Federal Contract Tower,0,9,16,0,25,0,0,36,0,36,0,9,52,0,61,34,0,34,95
06/26/2020,HHR,CA,AWP,WE,Federal Contract Tower,0,9,21,0,30,0,0,25,0,25,0,9,46,0,55,34,0,34,89
06/27/2020,HHR,CA,AWP,WE,Federal Contract Tower,0,9,10,0,19,0,0,75,0,75,0,9,85,0,94,124,0,124,218
06/28/2020,HHR,CA,AWP,WE,Federal Contract Tower,0,5,12,0,17,0,0,38,0,38,0,5,50,0,55,162,0,162,217
06/29/2020,HHR,CA,AWP,WE,Federal Contract Tower,0,2,13,0,15,0,0,51,0,51,0,2,64,0,66,23,0,23,89
06/30/2020,HHR,CA,AWP,WE,Federal Contract Tower,0,12,11,1,24,0,0,76,0,76,0,12,87,1,100,90,0,90,190
07/01/2020,HHR,CA,AWP,WE,Federal Contract Tower,0,8,26,0,34,0,1,53,0,54,0,9,79,0,88,110,0,110,198
07/02/2020,HHR,CA,AWP,WE,Federal Contract Tower,0,8,20,0,28,0,4,84,0,88,0,12,104,0,116,76,0,76,192
07/03/2020,HHR,CA,AWP,WE,Federal Contract Tower,0,6,10,0,16,0,2,103,0,105,0,8,113,0,121,140,0,140,261
07/04/2020,HHR,CA,AWP,WE,Federal Contract Tower,0,0,4,0,4,0,0,67,0,67,0,0,71,0,71,130,0,130,201
07/05/2020,HHR,CA,AWP,WE,Federal Contract Tower,0,10,24,0,34,0,2,64,0,66,0,12,88,0,100,88,0,88,188
07/06/2020,HHR,CA,AWP,WE,Federal Contract Tower,0,8,11,0,19,0,0,68,0,68,0,8,79,0,87,102,0,102,189
07/07/2020,HHR,CA,AWP,WE,Federal Contract Tower,0,3,7,0,10,0,0,81,0,81,0,3,88,0,91,58,0,58,149
07/08/2020,HHR,CA,AWP,WE,Federal Contract Tower,0,8,15,0,23,0,3,80,0,83,0,11,95,0,106,94,0,94,200
07/09/2020,HHR,CA,AWP,WE,Federal Contract Tower,0,11,16,0,27,0,7,70,0,77,0,18,86,0,104,117,0,117,221
07/10/2020,HHR,CA,AWP,WE,Federal Contract Tower,0,10,11,0,21,0,5,78,0,83,0,15,89,0,104,78,0,78,182
07/11/2020,HHR,CA,AWP,WE,Federal Contract Tower,0,4,13,0,17,0,0,102,0,102,0,4,115,0,119,136,0,136,255
07/12/2020,HHR,CA,AWP,WE,Federal Contract Tower,0,5,6,0,11,0,0,82,0,82,0,5,88,0,93,128,0,128,221
07/13/2020,HHR,CA,AWP,WE,Federal Contract Tower,0,12,3,0,15,0,0,69,0,69,0,12,72,0,84,104,0,104,188
07/14/2020,HHR,CA,AWP,WE,Federal Contract Tower,0,5,9,0,14,0,3,57,0,60,0,8,66,0,74,60,0,60,134
07/15/2020,HHR,CA,AWP,WE,Federal Contract Tower,0,5,15,0,20,0,1,68,0,69,0,6,83,0,89,122,0,122,211
07/16/2020,HHR,CA,AWP,WE,Federal Contract Tower,0,5,16,0,21,0,0,67,0,67,0,5,83,0,88,68,0,68,156
07/17/2020,HHR,CA,AWP,WE,Federal Contract Tower,0,9,16,0,25,0,4,99,0,103,0,13,115,0,128,194,0,194,322
07/18/2020,HHR,CA,AWP,WE,Federal Contract Tower,0,9,7,0,16,0,0,106,0,106,0,9,113,0,122,166,0,166,288
07/19/2020,HHR,CA,AWP,WE,Federal Contract Tower,0,9,12,0,21,0,1,97,0,98,0,10,109,0,119,138,0,138,257
07/20/2020,HHR,CA,AWP,WE,Federal Contract Tower,0,9,13,5,27,0,3,70,0,73,0,12,83,5,100,104,0,104,204
07/21/2020,HHR,CA,AWP,WE,Federal Contract Tower,0,5,12,0,17,0,1,99,0,100,0,6,111,0,117,144,0,144,261
07/22/2020,HHR,CA,AWP,WE,Federal Contract Tower,0,7,20,0,27,0,4,42,0,46,0,11,62,0,73,58,0,58,131
07/23/2020,HHR,CA,AWP,WE,Federal Contract Tower,0,12,19,0,31,0,3,70,0,73,0,15,89,0,104,170,0,170,274
07/24/2020,HHR,CA,AWP,WE,Federal Contract Tower,0,9,15,0,24,0,5,62,0,67,0,14,77,0,91,97,0,97,188
07/25/2020,HHR,CA,AWP,WE,Federal Contract Tower,0,0,16,7,23,0,0,82,0,82,0,0,98,7,105,112,0,112,217
07/26/2020,HHR,CA,AWP,WE,Federal Contract Tower,0,9,15,0,24,0,4,111,0,115,0,13,126,0,139,148,0,148,287
07/27/2020,HHR,CA,AWP,WE,Federal Contract Tower,0,8,21,0,29,0,0,68,0,68,0,8,89,0,97,68,0,68,165
07/28/2020,HHR,CA,AWP,WE,Federal Contract Tower,0,5,7,0,12,0,2,75,0,77,0,7,82,0,89,126,0,126,215
07/29/2020,HHR,CA,AWP,WE,Federal Contract Tower,0,5,12,0,17,0,4,45,0,49,0,9,57,0,66,68,0,68,134
07/30/2020,HHR,CA,AWP,WE,Federal Contract Tower,0,12,5,0,17,0,5,70,0,75,0,17,75,0,92,214,0,214,306
07/31/2020,HHR,CA,AWP,WE,Federal Contract Tower,0,16,15,0,31,0,4,98,0,102,0,20,113,0,133,104,0,104,237
08/01/2020,HHR,CA,AWP,WE,Federal Contract Tower,0,6,9,0,15,0,0,87,0,87,0,6,96,0,102,188,0,188,290
08/02/2020,HHR,CA,AWP,WE,Federal Contract Tower,0,5,9,0,14,0,2,71,0,73,0,7,80,0,87,70,0,70,157
08/03/2020,HHR,CA,AWP,WE,Federal Contract Tower,0,3,15,0,18,0,1,75,0,76,0,4,90,0,94,124,0,124,218
08/04/2020,HHR,CA,AWP,WE,Federal Contract Tower,0,5,13,0,18,0,0,49,0,49,0,5,62,0,67,86,0,86,153
08/05/2020,HHR,CA,AWP,WE,Federal Contract Tower,0,5,18,0,23,0,0,71,0,71,0,5,89,0,94,106,0,106,200
08/06/2020,HHR,CA,AWP,WE,Federal Contract Tower,0,8,15,0,23,0,0,54,0,54,0,8,69,0,77,128,0,128,205
08/07/2020,HHR,CA,AWP,WE,Federal Contract Tower,0,10,12,0,22,0,1,74,0,75,0,11,86,0,97,89,0,89,186
08/08/2020,HHR,CA,AWP,WE,Federal Contract Tower,0,4,8,0,12,0,0,76,0,76,0,4,84,0,88,92,0,92,180
08/10/2020,HHR,CA,AWP,WE,Federal Contract Tower,0,4,13,0,17,0,0,94,0,94,0,4,107,0,111,140,0,140,251
08/11/2020,HHR,CA,AWP,WE,Federal Contract Tower,0,6,14,0,20,0,1,80,0,81,0,7,94,0,101,162,0,162,263
08/12/2020,HHR,CA,AWP,WE,Federal Contract Tower,0,8,9,0,17,0,1,88,0,89,0,9,97,0,106,198,0,198,304
08/13/2020,HHR,CA,AWP,WE,Federal Contract Tower,0,6,12,0,18,0,1,92,0,93,0,7,104,0,111,178,0,178,289
08/14/2020,HHR,CA,AWP,WE,Federal Contract Tower,0,7,13,0,20,0,3,76,0,79,0,10,89,0,99,146,0,146,245
08/15/2020,HHR,CA,AWP,WE,Federal Contract Tower,0,6,6,0,12,0,0,66,0,66,0,6,72,0,78,110,0,110,188
08/16/2020,HHR,CA,AWP,WE,Federal Contract Tower,0,10,10,0,20,0,5,75,0,80,0,15,85,0,100,80,0,80,180
08/17/2020,HHR,CA,AWP,WE,Federal Contract Tower,0,4,13,0,17,0,3,63,0,66,0,7,76,0,83,64,0,64,147
08/18/2020,HHR,CA,AWP,WE,Federal Contract Tower,0,7,5,0,12,0,1,75,0,76,0,8,80,0,88,148,0,148,236
08/19/2020,HHR,CA,AWP,WE,Federal Contract Tower,0,8,4,0,12,0,1,96,0,97,0,9,100,0,109,104,0,104,213
08/20/2020,HHR,CA,AWP,WE,Federal Contract Tower,0,7,20,0,27,0,1,68,0,69,0,8,88,0,96,154,0,154,250
08/21/2020,HHR,CA,AWP,WE,Federal Contract Tower,0,4,19,0,23,0,2,73,0,75,0,6,92,0,98,70,0,70,168
08/22/2020,HHR,CA,AWP,WE,Federal Contract Tower,0,4,9,0,13,0,0,81,0,81,0,4,90,0,94,84,0,84,178
08/23/2020,HHR,CA,AWP,WE,Federal Contract Tower,0,7,12,0,19,0,0,86,0,86,0,7,98,0,105,98,0,98,203
08/24/2020,HHR,CA,AWP,WE,Federal Contract Tower,0,7,15,0,22,0,0,1,0,1,0,7,16,0,23,8,0,8,31
08/25/2020,HHR,CA,AWP,WE,Federal Contract Tower,0,8,13,0,21,0,1,95,0,96,0,9,108,0,117,168,0,168,285
08/26/2020,HHR,CA,AWP,WE,Federal Contract Tower,0,8,15,0,23,0,3,76,0,79,0,11,91,0,102,102,0,102,204
08/27/2020,HHR,CA,AWP,WE,Federal Contract Tower,0,6,19,0,25,0,8,103,0,111,0,14,122,0,136,90,0,90,226
08/28/2020,HHR,CA,AWP,WE,Federal Contract Tower,0,2,11,0,13,0,0,91,0,91,0,2,102,0,104,106,0,106,210
08/29/2020,HHR,CA,AWP,WE,Federal Contract Tower,0,6,5,0,11,0,0,87,0,87,0,6,92,0,98,58,0,58,156
08/30/2020,HHR,CA,AWP,WE,Federal Contract Tower,0,7,19,0,26,4,1,64,0,69,4,8,83,0,95,188,0,188,283
08/31/2020,HHR,CA,AWP,WE,Federal Contract Tower,0,6,19,0,25,0,2,89,0,91,0,8,108,0,116,158,0,158,274
09/01/2020,HHR,CA,AWP,WE,Federal Contract Tower,0,4,10,0,14,0,0,89,0,89,0,4,99,0,103,126,0,126,229
09/02/2020,HHR,CA,AWP,WE,Federal Contract Tower,0,8,9,2,19,0,0,79,0,79,0,8,88,2,98,106,0,106,204
09/03/2020,HHR,CA,AWP,WE,Federal Contract Tower,0,9,7,0,16,0,9,65,0,74,0,18,72,0,90,222,0,222,312
09/04/2020,HHR,CA,AWP,WE,Federal Contract Tower,0,14,17,0,31,0,3,81,0,84,0,17,98,0,115,144,0,144,259
09/05/2020,HHR,CA,AWP,WE,Federal Contract Tower,0,6,11,0,17,0,0,73,0,73,0,6,84,0,90,106,0,106,196
09/06/2020,HHR,CA,AWP,WE,Federal Contract Tower,0,3,6,0,9,0,1,45,0,46,0,4,51,0,55,32,0,32,87
09/07/2020,HHR,CA,AWP,WE,Federal Contract Tower,0,8,20,0,28,0,3,67,0,70,0,11,87,0,98,74,0,74,172
09/08/2020,HHR,CA,AWP,WE,Federal Contract Tower,0,5,15,0,20,0,1,55,0,56,0,6,70,0,76,126,0,126,202
09/09/2020,HHR,CA,AWP,WE,Federal Contract Tower,0,15,8,0,23,0,2,41,0,43,0,17,49,0,66,94,0,94,160
09/10/2020,HHR,CA,AWP,WE,Federal Contract Tower,0,9,13,0,22,0,8,50,0,58,0,17,63,0,80,164,0,164,244
09/11/2020,HHR,CA,AWP,WE,Federal Contract Tower,0,9,13,0,22,0,3,51,0,54,0,12,64,0,76,78,0,78,154
09/12/2020,HHR,CA,AWP,WE,Federal Contract Tower,0,10,9,0,19,0,1,44,0,45,0,11,53,0,64,88,0,88,152
09/13/2020,HHR,CA,AWP,WE,Federal Contract Tower,0,7,10,0,17,0,1,36,0,37,0,8,46,0,54,92,0,92,146
09/14/2020,HHR,CA,AWP,WE,Federal Contract Tower,2,9,6,0,17,0,1,48,0,49,2,10,54,0,66,16,0,16,82
09/15/2020,HHR,CA,AWP,WE,Federal Contract Tower,0,7,11,0,18,0,1,28,0,29,0,8,39,0,47,52,0,52,99
09/16/2020,HHR,CA,AWP,WE,Federal Contract Tower,0,6,18,0,24,0,6,43,2,51,0,12,61,2,75,126,0,126,201
09/17/2020,HHR,CA,AWP,WE,Federal Contract Tower,0,12,14,0,26,0,10,85,0,95,0,22,99,0,121,90,0,90,211
09/18/2020,HHR,CA,AWP,WE,Federal Contract Tower,0,11,22,0,33,0,3,74,0,77,0,14,96,0,110,112,0,112,222
09/19/2020,HHR,CA,AWP,WE,Federal Contract Tower,0,5,6,0,11,4,1,50,0,55,4,6,56,0,66,146,0,146,212
09/20/2020,HHR,CA,AWP,WE,Federal Contract Tower,0,7,14,0,21,0,1,50,0,51,0,8,64,0,72,5,0,5,77
09/21/2020,HHR,CA,AWP,WE,Federal Contract Tower,0,5,13,0,18,0,0,65,0,65,0,5,78,0,83,94,0,94,177
09/22/2020,HHR,CA,AWP,WE,Federal Contract Tower,0,2,22,0,24,0,1,89,0,90,0,3,111,0,114,106,0,106,220
09/23/2020,HHR,CA,AWP,WE,Federal Contract Tower,0,1,11,4,16,0,2,63,0,65,0,3,74,4,81,52,0,52,133
09/24/2020,HHR,CA,AWP,WE,Federal Contract Tower,0,9,8,0,17,0,2,78,0,80,0,11,86,0,97,90,0,90,187
09/25/2020,HHR,CA,AWP,WE,Federal Contract Tower,0,11,20,0,31,0,1,77,0,78,0,12,97,0,109,68,0,68,177
09/26/2020,HHR,CA,AWP,WE,Federal Contract Tower,0,10,11,0,21,0,0,98,0,98,0,10,109,0,119,150,0,150,269
09/27/2020,HHR,CA,AWP,WE,Federal Contract Tower,0,3,13,0,16,0,3,55,0,58,0,6,68,0,74,42,0,42,116
09/28/2020,HHR,CA,AWP,WE,Federal Contract Tower,0,5,5,0,10,0,0,51,0,51,0,5,56,0,61,50,0,50,111
09/29/2020,HHR,CA,AWP,WE,Federal Contract Tower,0,10,12,0,22,0,1,67,0,68,0,11,79,0,90,114,0,114,204
09/30/2020,HHR,CA,AWP,WE,Federal Contract Tower,0,9,10,0,19,0,5,64,0,69,0,14,74,0,88,60,0,60,148
10/01/2020,HHR,CA,AWP,WE,Federal Contract Tower,0,6,10,0,16,0,4,63,0,67,0,10,73,0,83,128,0,128,211
10/02/2020,HHR,CA,AWP,WE,Federal Contract Tower,0,14,9,0,23,0,8,81,0,89,0,22,90,0,112,48,0,48,160
10/03/2020,HHR,CA,AWP,WE,Federal Contract Tower,0,5,4,0,9,0,0,99,0,99,0,5,103,0,108,84,0,84,192
10/04/2020,HHR,CA,AWP,WE,Federal Contract Tower,0,3,15,5,23,0,0,44,0,44,0,3,59,5,67,10,0,10,77
10/05/2020,HHR,CA,AWP,WE,Federal Contract Tower,0,8,7,0,15,0,3,47,0,50,0,11,54,0,65,112,0,112,177
10/06/2020,HHR,CA,AWP,WE,Federal Contract Tower,0,4,16,0,20,0,2,77,0,79,0,6,93,0,99,110,0,110,209
10/07/2020,HHR,CA,AWP,WE,Federal Contract Tower,0,10,16,0,26,0,2,59,0,61,0,12,75,0,87,40,0,40,127
10/08/2020,HHR,CA,AWP,WE,Federal Contract Tower,0,17,27,0,44,0,4,69,0,73,0,21,96,0,117,134,0,134,251
10/09/2020,HHR,CA,AWP,WE,Federal Contract Tower,0,10,8,0,18,0,3,70,0,73,0,13,78,0,91,60,0,60,151
10/10/2020,HHR,CA,AWP,WE,Federal Contract Tower,0,5,21,0,26,0,2,85,0,87,0,7,106,0,113,88,0,88,201
10/11/2020,HHR,CA,AWP,WE,Federal Contract Tower,0,7,15,0,22,0,0,71,0,71,0,7,86,0,93,90,0,90,183
10/12/2020,HHR,CA,AWP,WE,Federal Contract Tower,0,6,8,0,14,0,1,55,0,56,0,7,63,0,70,72,0,72,142
10/13/2020,HHR,CA,AWP,WE,Federal Contract Tower,0,6,14,0,20,0,2,65,0,67,0,8,79,0,87,44,0,44,131
10/14/2020,HHR,CA,AWP,WE,Federal Contract Tower,0,14,13,0,27,0,1,50,1,52,0,15,63,1,79,112,0,112,191
10/15/2020,HHR,CA,AWP,WE,Federal Contract Tower,0,11,15,0,26,0,5,71,0,76,0,16,86,0,102,70,0,70,172
10/16/2020,HHR,CA,AWP,WE,Federal Contract Tower,0,9,19,0,28,0,7,58,0,65,0,16,77,0,93,90,0,90,183
10/17/2020,HHR,CA,AWP,WE,Federal Contract Tower,0,3,13,0,16,0,0,95,2,97,0,3,108,2,113,136,0,136,249
10/18/2020,HHR,CA,AWP,WE,Federal Contract Tower,0,13,19,0,32,0,2,48,0,50,0,15,67,0,82,34,0,34,116
10/19/2020,HHR,CA,AWP,WE,Federal Contract Tower,0,7,14,0,21,0,0,41,0,41,0,7,55,0,62,70,0,70,132
10/20/2020,HHR,CA,AWP,WE,Federal Contract Tower,0,6,7,0,13,0,4,45,0,49,0,10,52,0,62,48,0,48,110
10/21/2020,HHR,CA,AWP,WE,Federal Contract Tower,0,14,24,0,38,0,2,35,0,37,0,16,59,0,75,30,0,30,105
10/22/2020,HHR,CA,AWP,WE,Federal Contract Tower,0,7,7,0,14,0,0,36,0,36,0,7,43,0,50,24,0,24,74
10/23/2020,HHR,CA,AWP,WE,Federal Contract Tower,0,9,20,0,29,0,5,54,0,59,0,14,74,0,88,66,0,66,154
10/24/2020,HHR,CA,AWP,WE,Federal Contract Tower,0,5,15,0,20,0,1,77,0,78,0,6,92,0,98,134,0,134,232
10/25/2020,HHR,CA,AWP,WE,Federal Contract Tower,0,5,10,0,15,0,0,18,0,18,0,5,28,0,33,40,0,40,73
10/26/2020,HHR,CA,AWP,WE,Federal Contract Tower,0,8,4,0,12,0,2,20,0,22,0,10,24,0,34,8,0,8,42
10/27/2020,HHR,CA,AWP,WE,Federal Contract Tower,0,6,9,0,15,0,6,76,0,82,0,12,85,0,97,66,0,66,163
10/28/2020,HHR,CA,AWP,WE,Federal Contract Tower,0,8,18,0,26,0,7,87,0,94,0,15,105,0,120,116,0,116,236
10/29/2020,HHR,CA,AWP,WE,Federal Contract Tower,0,10,16,0,26,0,6,88,0,94,0,16,104,0,120,110,0,110,230
10/30/2020,HHR,CA,AWP,WE,Federal Contract Tower,0,9,7,0,16,0,5,64,0,69,0,14,71,0,85,108,0,108,193
10/31/2020,HHR,CA,AWP,WE,Federal Contract Tower,0,3,12,0,15,0,8,72,0,80,0,11,84,0,95,112,0,112,207
11/01/2020,HHR,CA,AWP,WE,Federal Contract Tower,0,3,4,0,7,0,1,51,0,52,0,4,55,0,59,52,0,52,111
11/02/2020,HHR,CA,AWP,WE,Federal Contract Tower,0,10,13,0,23,0,0,33,0,33,0,10,46,0,56,84,0,84,140
11/03/2020,HHR,CA,AWP,WE,Federal Contract Tower,0,3,4,0,7,0,1,32,0,33,0,4,36,0,40,58,0,58,98
11/04/2020,HHR,CA,AWP,WE,Federal Contract Tower,0,8,3,0,11,0,1,82,0,83,0,9,85,0,94,110,0,110,204
11/05/2020,HHR,CA,AWP,WE,Federal Contract Tower,0,5,12,0,17,0,3,80,0,83,0,8,92,0,100,96,0,96,196
11/06/2020,HHR,CA,AWP,WE,Federal Contract Tower,0,11,19,0,30,0,4,47,0,51,0,15,66,0,81,40,0,40,121
11/07/2020,HHR,CA,AWP,WE,Federal Contract Tower,0,2,1,0,3,0,0,21,0,21,0,2,22,0,24,50,0,50,74
11/08/2020,HHR,CA,AWP,WE,Federal Contract Tower,0,10,10,0,20,0,0,19,0,19,0,10,29,0,39,10,0,10,49
11/09/2020,HHR,CA,AWP,WE,Federal Contract Tower,0,5,8,0,13,0,2,34,0,36,0,7,42,0,49,50,0,50,99
11/10/2020,HHR,CA,AWP,WE,Federal Contract Tower,0,2,17,0,19,0,5,84,0,89,0,7,101,0,108,48,0,48,156
11/11/2020,HHR,CA,AWP,WE,Federal Contract Tower,0,8,14,0,22,0,2,128,0,130,0,10,142,0,152,82,0,82,234
11/12/2020,HHR,CA,AWP,WE,Federal Contract Tower,0,10,4,0,14,0,3,66,0,69,0,13,70,0,83,66,0,66,149
11/13/2020,HHR,CA,AWP,WE,Federal Contract Tower,0,5,11,0,16,0,2,124,0,126,0,7,135,0,142,84,0,84,226
11/14/2020,HHR,CA,AWP,WE,Federal Contract Tower,0,3,6,0,9,0,3,91,0,94,0,6,97,0,103,70,0,70,173
11/15/2020,HHR,CA,AWP,WE,Federal Contract Tower,0,9,7,0,16,0,0,90,0,90,0,9,97,0,106,68,0,68,174
11/16/2020,HHR,CA,AWP,WE,Federal Contract Tower,0,4,8,0,12,0,4,94,0,98,0,8,102,0,110,58,0,58,168
11/17/2020,HHR,CA,AWP,WE,Federal Contract Tower,0,3,8,0,11,0,2,109,0,111,0,5,117,0,122,138,0,138,260
11/18/2020,HHR,CA,AWP,WE,Federal Contract Tower,0,9,10,0,19,0,0,52,0,52,0,9,62,0,71,80,0,80,151
11/19/2020,HHR,CA,AWP,WE,Federal Contract Tower,0,6,17,0,23,0,1,72,2,75,0,7,89,2,98,92,0,92,190
11/20/2020,HHR,CA,AWP,WE,Federal Contract Tower,0,7,16,0,23,0,2,79,0,81,0,9,95,0,104,72,0,72,176
11/21/2020,HHR,CA,AWP,WE,Federal Contract Tower,0,4,9,0,13,0,0,121,0,121,0,4,130,0,134,110,0,110,244
11/22/2020,HHR,CA,AWP,WE,Federal Contract Tower,0,5,11,0,16,0,3,86,0,89,0,8,97,0,105,10,0,10,115
11/23/2020,HHR,CA,AWP,WE,Federal Contract Tower,0,5,15,0,20,0,7,45,0,52,0,12,60,0,72,30,0,30,102
11/24/2020,HHR,CA,AWP,WE,Federal Contract Tower,0,4,9,0,13,0,1,95,0,96,0,5,104,0,109,126,0,126,235
11/25/2020,HHR,CA,AWP,WE,Federal Contract Tower,0,7,5,0,12,0,0,0,0,0,0,7,5,0,12,62,0,62,74
11/26/2020,HHR,CA,AWP,WE,Federal Contract Tower,0,1,4,0,5,0,0,20,0,20,0,1,24,0,25,52,0,52,77
11/29/2020,HHR,CA,AWP,WE,Federal Contract Tower,0,12,11,0,23,0,1,66,0,67,0,13,77,0,90,36,0,36,126
11/30/2020,HHR,CA,AWP,WE,Federal Contract Tower,0,3,9,0,12,0,4,66,0,70,0,7,75,0,82,10,0,10,92
12/01/2020,HHR,CA,AWP,WE,Federal Contract Tower,0,1,15,0,16,0,4,84,0,88,0,5,99,0,104,140,0,140,244
12/02/2020,HHR,CA,AWP,WE,Federal Contract Tower,0,7,3,0,10,0,1,54,0,55,0,8,57,0,65,78,0,78,143
12/03/2020,HHR,CA,AWP,WE,Federal Contract Tower,0,5,11,0,16,0,0,39,0,39,0,5,50,0,55,80,0,80,135
12/04/2020,HHR,CA,AWP,WE,Federal Contract Tower,0,3,11,0,14,0,0,155,0,155,0,3,166,0,169,100,0,100,269
12/05/2020,HHR,CA,AWP,WE,Federal Contract Tower,0,2,3,0,5,0,0,61,0,61,0,2,64,0,66,98,0,98,164
12/06/2020,HHR,CA,AWP,WE,Federal Contract Tower,0,0,8,0,8,0,6,93,0,99,0,6,101,0,107,46,0,46,153
12/07/2020,HHR,CA,AWP,WE,Federal Contract Tower,0,4,7,0,11,0,2,53,0,55,0,6,60,0,66,30,0,30,96
12/08/2020,HHR,CA,AWP,WE,Federal Contract Tower,0,1,7,0,8,0,1,32,0,33,0,2,39,0,41,34,0,34,75
12/10/2020,HHR,CA,AWP,WE,Federal Contract Tower,0,6,16,0,22,0,0,64,0,64,0,6,80,0,86,132,0,132,218
12/11/2020,HHR,CA,AWP,WE,Federal Contract Tower,0,4,12,1,17,0,2,54,0,56,0,6,66,1,73,100,0,100,173
12/12/2020,HHR,CA,AWP,WE,Federal Contract Tower,0,4,9,0,13,0,0,70,0,70,0,4,79,0,83,50,0,50,133
12/13/2020,HHR,CA,AWP,WE,Federal Contract Tower,0,2,9,0,11,0,1,66,0,67,0,3,75,0,78,0,0,0,78
12/14/2020,HHR,CA,AWP,WE,Federal Contract Tower,0,6,8,0,14,0,1,66,0,67,0,7,74,0,81,42,0,42,123
12/15/2020,HHR,CA,AWP,WE,Federal Contract Tower,0,0,14,0,14,0,0,83,1,84,0,0,97,1,98,23,2,25,123
12/16/2020,HHR,CA,AWP,WE,Federal Contract Tower,0,5,9,0,14,0,1,58,0,59,0,6,67,0,73,60,0,60,133
12/18/2020,HHR,CA,AWP,WE,Federal Contract Tower,0,5,6,0,11,0,1,92,0,93,0,6,98,0,104,78,0,78,182
12/19/2020,HHR,CA,AWP,WE,Federal Contract Tower,0,6,20,0,26,0,0,89,0,89,0,6,109,0,115,68,0,68,183
12/20/2020,HHR,CA,AWP,WE,Federal Contract Tower,0,1,3,0,4,0,0,54,0,54,0,1,57,0,58,2,0,2,60
12/21/2020,HHR,CA,AWP,WE,Federal Contract Tower,0,7,16,0,23,0,1,82,0,83,0,8,98,0,106,42,0,42,148
12/22/2020,HHR,CA,AWP,WE,Federal Contract Tower,0,7,11,0,18,0,2,52,0,54,0,9,63,0,72,16,0,16,88
12/24/2020,HHR,CA,AWP,WE,Federal Contract Tower,0,1,4,0,5,0,0,27,0,27,0,1,31,0,32,18,0,18,50
12/25/2020,HHR,CA,AWP,WE,Federal Contract Tower,0,0,2,0,2,0,0,28,0,28,0,0,30,0,30,34,0,34,64
12/26/2020,HHR,CA,AWP,WE,Federal Contract Tower,0,3,13,0,16,0,0,59,0,59,0,3,72,0,75,62,0,62,137
12/27/2020,HHR,CA,AWP,WE,Federal Contract Tower,0,13,4,0,17,0,2,32,0,34,0,15,36,0,51,36,0,36,87
12/28/2020,HHR,CA,AWP,WE,Federal Contract Tower,0,1,6,0,7,0,0,0,0,0,0,1,6,0,7,0,0,0,7
12/29/2020,HHR,CA,AWP,WE,Federal Contract Tower,0,6,9,0,15,0,1,44,0,45,0,7,53,0,60,18,0,18,78
12/30/2020,HHR,CA,AWP,WE,Federal Contract Tower,0,9,13,0,22,0,0,54,0,54,0,9,67,0,76,70,0,70,146
01/01/2021,HHR,CA,AWP,WE,Federal Contract Tower,0,5,1,0,6,0,0,38,0,38,0,5,39,0,44,48,0,48,92
01/02/2021,HHR,CA,AWP,WE,Federal Contract Tower,0,9,14,0,23,0,0,60,0,60,0,9,74,0,83,74,0,74,157
01/03/2021,HHR,CA,AWP,WE,Federal Contract Tower,0,7,20,0,27,0,0,34,0,34,0,7,54,0,61,12,0,12,73
01/04/2021,HHR,CA,AWP,WE,Federal Contract Tower,0,3,6,0,9,0,2,33,0,35,0,5,39,0,44,24,0,24,68
01/05/2021,HHR,CA,AWP,WE,Federal Contract Tower,0,2,5,0,7,0,1,47,0,48,0,3,52,0,55,30,0,30,85
01/06/2021,HHR,CA,AWP,WE,Federal Contract Tower,0,4,4,0,8,0,2,61,0,63,0,6,65,0,71,18,0,18,89
01/07/2021,HHR,CA,AWP,WE,Federal Contract Tower,0,0,13,0,13,0,1,69,0,70,0,1,82,0,83,42,0,42,125
01/08/2021,HHR,CA,AWP,WE,Federal Contract Tower,0,12,10,0,22,0,3,42,0,45,0,15,52,0,67,42,0,42,109
01/09/2021,HHR,CA,AWP,WE,Federal Contract Tower,0,4,8,0,12,0,0,75,0,75,0,4,83,0,87,68,0,68,155
01/10/2021,HHR,CA,AWP,WE,Federal Contract Tower,0,5,10,0,15,0,0,79,0,79,0,5,89,0,94,92,0,92,186
01/12/2021,HHR,CA,AWP,WE,Federal Contract Tower,0,0,11,0,11,0,0,61,0,61,0,0,72,0,72,80,0,80,152
01/13/2021,HHR,CA,AWP,WE,Federal Contract Tower,0,8,4,0,12,0,1,70,0,71,0,9,74,0,83,52,0,52,135
01/14/2021,HHR,CA,AWP,WE,Federal Contract Tower,0,14,5,0,19,0,0,88,0,88,0,14,93,0,107,106,0,106,213
01/15/2021,HHR,CA,AWP,WE,Federal Contract Tower,0,6,6,0,12,0,3,99,0,102,0,9,105,0,114,98,0,98,212
01/16/2021,HHR,CA,AWP,WE,Federal Contract Tower,0,3,6,0,9,0,0,69,0,69,0,3,75,0,78,69,0,69,147
01/17/2021,HHR,CA,AWP,WE,Federal Contract Tower,0,5,4,0,9,0,1,81,0,82,0,6,85,0,91,108,0,108,199
01/18/2021,HHR,CA,AWP,WE,Federal Contract Tower,0,8,12,0,20,0,0,54,0,54,0,8,66,0,74,56,0,56,130
01/19/2021,HHR,CA,AWP,WE,Federal Contract Tower,0,3,3,0,6,0,3,27,4,34,0,6,30,4,40,58,0,58,98
01/20/2021,HHR,CA,AWP,WE,Federal Contract Tower,0,12,6,0,18,0,2,35,4,41,0,14,41,4,59,11,0,11,70
01/21/2021,HHR,CA,AWP,WE,Federal Contract Tower,0,1,8,0,9,0,0,86,0,86,0,1,94,0,95,60,0,60,155
01/22/2021,HHR,CA,AWP,WE,Federal Contract Tower,0,6,19,0,25,0,0,44,0,44,0,6,63,0,69,79,0,79,148
01/23/2021,HHR,CA,AWP,WE,Federal Contract Tower,0,1,14,0,15,0,0,12,0,12,0,1,26,0,27,64,0,64,91
01/24/2021,HHR,CA,AWP,WE,Federal Contract Tower,0,7,10,0,17,0,0,106,0,106,0,7,116,0,123,158,0,158,281
01/25/2021,HHR,CA,AWP,WE,Federal Contract Tower,0,4,9,0,13,0,0,19,0,19,0,4,28,0,32,4,0,4,36
01/26/2021,HHR,CA,AWP,WE,Federal Contract Tower,0,5,3,0,8,0,0,65,0,65,0,5,68,0,73,133,0,133,206
01/27/2021,HHR,CA,AWP,WE,Federal Contract Tower,0,2,3,2,7,0,2,23,0,25,0,4,26,2,32,42,0,42,74
01/28/2021,HHR,CA,AWP,WE,Federal Contract Tower,0,1,6,0,7,0,0,38,0,38,0,1,44,0,45,16,0,16,61
01/29/2021,HHR,CA,AWP,WE,Federal Contract Tower,0,70,8,0,78,0,3,11,0,14,0,73,19,0,92,0,0,0,92
01/30/2021,HHR,CA,AWP,WE,Federal Contract Tower,0,2,10,0,12,0,3,107,0,110,0,5,117,0,122,1560,0,1560,1682
01/31/2021,HHR,CA,AWP,WE,Federal Contract Tower,0,12,9,0,21,0,1,62,0,63,0,13,71,0,84,94,0,94,178
02/01/2021,HHR,CA,AWP,WE,Federal Contract Tower,0,7,11,0,18,0,2,59,0,61,0,9,70,0,79,66,0,66,145
02/02/2021,HHR,CA,AWP,WE,Federal Contract Tower,0,3,8,0,11,0,0,41,0,41,0,3,49,0,52,84,0,84,136
02/03/2021,HHR,CA,AWP,WE,Federal Contract Tower,0,5,10,0,15,0,1,71,0,72,0,6,81,0,87,132,0,132,219
02/04/2021,HHR,CA,AWP,WE,Federal Contract Tower,0,12,14,0,26,0,0,50,0,50,0,12,64,0,76,51,0,51,127
02/05/2021,HHR,CA,AWP,WE,Federal Contract Tower,0,16,10,0,26,0,6,68,0,74,0,22,78,0,100,126,0,126,226
02/06/2021,HHR,CA,AWP,WE,Federal Contract Tower,0,16,10,0,26,0,6,77,0,83,0,22,87,0,109,148,0,148,257
02/07/2021,HHR,CA,AWP,WE,Federal Contract Tower,0,10,4,0,14,0,4,62,0,66,0,14,66,0,80,6,0,6,86
02/08/2021,HHR,CA,AWP,WE,Federal Contract Tower,0,7,14,0,21,0,1,39,0,40,0,8,53,0,61,40,0,40,101
02/10/2021,HHR,CA,AWP,WE,Federal Contract Tower,0,6,11,0,17,0,1,45,0,46,0,7,56,0,63,36,0,36,99
02/11/2021,HHR,CA,AWP,WE,Federal Contract Tower,0,13,19,0,32,0,2,58,0,60,0,15,77,0,92,54,0,54,146
02/12/2021,HHR,CA,AWP,WE,Federal Contract Tower,0,6,15,0,21,0,0,33,0,33,0,6,48,0,54,38,0,38,92
02/13/2021,HHR,CA,AWP,WE,Federal Contract Tower,0,7,17,0,24,0,1,60,0,61,0,8,77,0,85,52,0,52,137
02/14/2021,HHR,CA,AWP,WE,Federal Contract Tower,0,6,7,0,13,0,0,89,0,89,0,6,96,0,102,0,0,0,102
02/15/2021,HHR,CA,AWP,WE,Federal Contract Tower,0,5,12,0,17,0,1,73,0,74,0,6,85,0,91,68,0,68,159
02/16/2021,HHR,CA,AWP,WE,Federal Contract Tower,0,9,10,0,19,0,1,58,0,59,0,10,68,0,78,44,0,44,122
02/17/2021,HHR,CA,AWP,WE,Federal Contract Tower,0,4,14,0,18,0,3,53,1,57,0,7,67,1,75,38,0,38,113
02/18/2021,HHR,CA,AWP,WE,Federal Contract Tower,0,8,14,0,22,0,3,79,0,82,0,11,93,0,104,110,0,110,214
02/19/2021,HHR,CA,AWP,WE,Federal Contract Tower,0,5,17,0,22,0,3,73,0,76,0,8,90,0,98,99,0,99,197
02/20/2021,HHR,CA,AWP,WE,Federal Contract Tower,0,4,8,0,12,0,0,50,0,50,0,4,58,0,62,18,0,18,80
02/21/2021,HHR,CA,AWP,WE,Federal Contract Tower,0,6,16,0,22,0,2,101,0,103,0,8,117,0,125,169,0,169,294
02/22/2021,HHR,CA,AWP,WE,Federal Contract Tower,0,7,15,0,22,0,3,91,1,95,0,10,106,1,117,48,0,48,165
02/23/2021,HHR,CA,AWP,WE,Federal Contract Tower,0,2,10,0,12,0,1,60,0,61,0,3,70,0,73,34,0,34,107
02/24/2021,HHR,CA,AWP,WE,Federal Contract Tower,0,5,11,0,16,0,2,51,1,54,0,7,62,1,70,44,0,44,114
02/25/2021,HHR,CA,AWP,WE,Federal Contract Tower,0,11,18,0,29,0,1,30,0,31,0,12,48,0,60,48,0,48,108
02/26/2021,HHR,CA,AWP,WE,Federal Contract Tower,0,4,17,0,21,0,2,64,0,66,0,6,81,0,87,152,0,152,239
02/27/2021,HHR,CA,AWP,WE,Federal Contract Tower,0,5,6,0,11,0,0,70,0,70,0,5,76,0,81,92,0,92,173
02/28/2021,HHR,CA,AWP,WE,Federal Contract Tower,0,6,17,0,23,0,1,108,0,109,0,7,125,0,132,128,0,128,260
03/01/2021,HHR,CA,AWP,WE,Federal Contract Tower,0,11,13,0,24,0,2,56,0,58,0,13,69,0,82,90,0,90,172
03/02/2021,HHR,CA,AWP,WE,Federal Contract Tower,0,7,11,0,18,0,0,51,0,51,0,7,62,0,69,32,0,32,101
03/03/2021,HHR,CA,AWP,WE,Federal Contract Tower,0,8,10,0,18,0,0,11,0,11,0,8,21,0,29,28,0,28,57
03/04/2021,HHR,CA,AWP,WE,Federal Contract Tower,0,10,18,0,28,0,1,92,0,93,0,11,110,0,121,138,0,138,259
03/05/2021,HHR,CA,AWP,WE,Federal Contract Tower,0,7,8,0,15,0,1,96,0,97,0,8,104,0,112,164,0,164,276
03/06/2021,HHR,CA,AWP,WE,Federal Contract Tower,0,3,17,0,20,0,0,74,0,74,0,3,91,0,94,106,0,106,200
03/07/2021,HHR,CA,AWP,WE,Federal Contract Tower,0,6,22,0,28,0,0,82,0,82,0,6,104,0,110,68,0,68,178
03/08/2021,HHR,CA,AWP,WE,Federal Contract Tower,0,8,13,0,21,0,5,74,0,79,0,13,87,0,100,78,0,78,178
03/09/2021,HHR,CA,AWP,WE,Federal Contract Tower,0,2,12,0,14,0,0,72,0,72,0,2,84,0,86,83,0,83,169
03/10/2021,HHR,CA,AWP,WE,Federal Contract Tower,0,6,11,0,17,0,3,11,0,14,0,9,22,0,31,0,0,0,31
03/11/2021,HHR,CA,AWP,WE,Federal Contract Tower,0,7,10,0,17,0,9,30,0,39,0,16,40,0,56,92,0,92,148
03/12/2021,HHR,CA,AWP,WE,Federal Contract Tower,0,12,10,0,22,0,0,75,2,77,0,12,85,2,99,85,0,85,184
03/13/2021,HHR,CA,AWP,WE,Federal Contract Tower,0,2,12,0,14,0,0,108,0,108,0,2,120,0,122,123,0,123,245
03/14/2021,HHR,CA,AWP,WE,Federal Contract Tower,0,8,13,0,21,0,1,74,0,75,0,9,87,0,96,118,0,118,214
03/15/2021,HHR,CA,AWP,WE,Federal Contract Tower,0,2,5,0,7,0,0,8,0,8,0,2,13,0,15,0,0,0,15
03/16/2021,HHR,CA,AWP,WE,Federal Contract Tower,0,11,8,0,19,0,1,116,0,117,0,12,124,0,136,182,0,182,318
03/17/2021,HHR,CA,AWP,WE,Federal Contract Tower,0,4,14,0,18,0,2,85,0,87,0,6,99,0,105,93,0,93,198
03/18/2021,HHR,CA,AWP,WE,Federal Contract Tower,0,10,27,0,37,0,1,79,0,80,0,11,106,0,117,102,0,102,219
03/19/2021,HHR,CA,AWP,WE,Federal Contract Tower,0,8,14,0,22,0,0,79,0,79,0,8,93,0,101,150,0,150,251
03/20/2021,HHR,CA,AWP,WE,Federal Contract Tower,0,5,15,0,20,0,5,93,0,98,0,10,108,0,118,223,0,223,341
03/21/2021,HHR,CA,AWP,WE,Federal Contract Tower,0,8,13,0,21,0,0,69,0,69,0,8,82,0,90,134,0,134,224
03/22/2021,HHR,CA,AWP,WE,Federal Contract Tower,0,6,12,0,18,0,1,50,0,51,0,7,62,0,69,38,0,38,107
03/23/2021,HHR,CA,AWP,WE,Federal Contract Tower,0,5,11,0,16,0,1,56,0,57,0,6,67,0,73,62,0,62,135
03/24/2021,HHR,CA,AWP,WE,Federal Contract Tower,0,7,15,0,22,0,1,51,0,52,0,8,66,0,74,29,0,29,103
03/25/2021,HHR,CA,AWP,WE,Federal Contract Tower,0,11,22,0,33,0,1,36,0,37,0,12,58,0,70,60,0,60,130
03/26/2021,HHR,CA,AWP,WE,Federal Contract Tower,0,9,12,0,21,0,0,98,0,98,0,9,110,0,119,85,0,85,204
03/27/2021,HHR,CA,AWP,WE,Federal Contract Tower,0,8,17,0,25,0,2,87,0,89,0,10,104,0,114,74,0,74,188
03/28/2021,HHR,CA,AWP,WE,Federal Contract Tower,0,6,18,0,24,0,0,100,0,100,0,6,118,0,124,149,0,149,273
03/29/2021,HHR,CA,AWP,WE,Federal Contract Tower,0,6,13,0,19,0,2,63,0,65,0,8,76,0,84,48,0,48,132
03/30/2021,HHR,CA,AWP,WE,Federal Contract Tower,0,4,17,0,21,0,3,92,1,96,0,7,109,1,117,88,0,88,205
03/31/2021,HHR,CA,AWP,WE,Federal Contract Tower,0,7,20,0,27,0,2,91,0,93,0,9,111,0,120,87,0,87,207
04/01/2021,HHR,CA,AWP,WE,Federal Contract Tower,0,10,15,0,25,0,1,81,0,82,0,11,96,0,107,119,0,119,226
04/02/2021,HHR,CA,AWP,WE,Federal Contract Tower,0,6,13,0,19,0,1,84,0,85,0,7,97,0,104,77,0,77,181
04/03/2021,HHR,CA,AWP,WE,Federal Contract Tower,0,11,19,0,30,0,1,62,0,63,0,12,81,0,93,177,0,177,270
04/04/2021,HHR,CA,AWP,WE,Federal Contract Tower,0,2,8,0,10,0,4,57,0,61,0,6,65,0,71,77,0,77,148
04/05/2021,HHR,CA,AWP,WE,Federal Contract Tower,0,2,16,0,18,0,4,10,0,14,0,6,26,0,32,54,0,54,86
04/06/2021,HHR,CA,AWP,WE,Federal Contract Tower,0,9,14,0,23,0,2,84,0,86,0,11,98,0,109,152,0,152,261
04/07/2021,HHR,CA,AWP,WE,Federal Contract Tower,0,6,10,0,16,0,1,51,0,52,0,7,61,0,68,86,0,86,154
04/08/2021,HHR,CA,AWP,WE,Federal Contract Tower,0,10,19,0,29,0,7,77,0,84,0,17,96,0,113,82,0,82,195
04/09/2021,HHR,CA,AWP,WE,Federal Contract Tower,0,6,9,0,15,0,0,91,0,91,0,6,100,0,106,84,0,84,190
04/10/2021,HHR,CA,AWP,WE,Federal Contract Tower,0,4,15,0,19,0,0,120,0,120,0,4,135,0,139,116,0,116,255
04/11/2021,HHR,CA,AWP,WE,Federal Contract Tower,0,6,9,0,15,0,3,51,0,54,0,9,60,0,69,32,0,32,101
04/12/2021,HHR,CA,AWP,WE,Federal Contract Tower,0,8,12,0,20,0,0,36,0,36,0,8,48,0,56,44,0,44,100
04/13/2021,HHR,CA,AWP,WE,Federal Contract Tower,0,3,10,0,13,0,0,29,0,29,0,3,39,0,42,60,0,60,102
04/14/2021,HHR,CA,AWP,WE,Federal Contract Tower,0,10,15,0,25,0,2,31,0,33,0,12,46,0,58,65,0,65,123
04/15/2021,HHR,CA,AWP,WE,Federal Contract Tower,0,15,16,0,31,0,2,56,0,58,0,17,72,0,89,8,0,8,97
04/16/2021,HHR,CA,AWP,WE,Federal Contract Tower,0,7,11,0,18,0,2,96,0,98,0,9,107,0,116,99,0,99,215
04/17/2021,HHR,CA,AWP,WE,Federal Contract Tower,0,15,11,0,26,0,0,75,0,75,0,15,86,0,101,104,0,104,205
04/18/2021,HHR,CA,AWP,WE,Federal Contract Tower,0,5,10,0,15,0,1,65,0,66,0,6,75,0,81,70,0,70,151
04/19/2021,HHR,CA,AWP,WE,Federal Contract Tower,0,9,9,0,18,0,2,70,0,72,0,11,79,0,90,48,0,48,138
04/20/2021,HHR,CA,AWP,WE,Federal Contract Tower,0,4,7,0,11,0,1,58,0,59,0,5,65,0,70,82,0,82,152
04/21/2021,HHR,CA,AWP,WE,Federal Contract Tower,0,9,13,0,22,0,1,38,0,39,0,10,51,0,61,80,0,80,141
04/22/2021,HHR,CA,AWP,WE,Federal Contract Tower,0,7,31,0,38,0,2,26,0,28,0,9,57,0,66,82,0,82,148
04/23/2021,HHR,CA,AWP,WE,Federal Contract Tower,0,12,14,0,26,0,0,73,0,73,0,12,87,0,99,89,0,89,188
04/24/2021,HHR,CA,AWP,WE,Federal Contract Tower,0,8,15,0,23,0,0,50,1,51,0,8,65,1,74,96,0,96,170
04/25/2021,HHR,CA,AWP,WE,Federal Contract Tower,0,2,20,0,22,0,1,67,0,68,0,3,87,0,90,74,0,74,164
04/26/2021,HHR,CA,AWP,WE,Federal Contract Tower,0,9,7,0,16,0,1,52,0,53,0,10,59,0,69,77,0,77,146
04/27/2021,HHR,CA,AWP,WE,Federal Contract Tower,0,5,14,0,19,0,2,68,0,70,0,7,82,0,89,78,0,78,167
04/28/2021,HHR,CA,AWP,WE,Federal Contract Tower,0,9,9,0,18,0,7,59,0,66,0,16,68,0,84,90,0,90,174
04/29/2021,HHR,CA,AWP,WE,Federal Contract Tower,0,8,10,0,18,0,15,61,4,80,0,23,71,4,98,118,0,118,216
04/30/2021,HHR,CA,AWP,WE,Federal Contract Tower,0,8,11,0,19,0,14,102,0,116,0,22,113,0,135,164,0,164,299
05/01/2021,HHR,CA,AWP,WE,Federal Contract Tower,0,10,10,0,20,0,7,68,0,75,0,17,78,0,95,96,0,96,191
05/02/2021,HHR,CA,AWP,WE,Federal Contract Tower,0,13,15,0,28,0,5,61,0,66,0,18,76,0,94,91,0,91,185
05/03/2021,HHR,CA,AWP,WE,Federal Contract Tower,0,5,3,0,8,0,0,47,0,47,0,5,50,0,55,6,0,6,61
05/04/2021,HHR,CA,AWP,WE,Federal Contract Tower,0,4,9,0,13,0,6,59,0,65,0,10,68,0,78,96,0,96,174
05/05/2021,HHR,CA,AWP,WE,Federal Contract Tower,0,5,11,0,16,0,1,44,0,45,0,6,55,0,61,56,0,56,117
05/06/2021,HHR,CA,AWP,WE,Federal Contract Tower,0,16,25,0,41,0,0,20,0,20,0,16,45,0,61,64,0,64,125
05/07/2021,HHR,CA,AWP,WE,Federal Contract Tower,0,9,24,0,33,0,1,49,0,50,0,10,73,0,83,89,0,89,172
05/08/2021,HHR,CA,AWP,WE,Federal Contract Tower,0,5,12,0,17,0,3,77,0,80,0,8,89,0,97,94,0,94,191
05/09/2021,HHR,CA,AWP,WE,Federal Contract Tower,0,5,10,0,15,0,0,73,0,73,0,5,83,0,88,99,0,99,187
05/10/2021,HHR,CA,AWP,WE,Federal Contract Tower,0,9,18,0,27,0,0,40,0,40,0,9,58,0,67,72,0,72,139
05/11/2021,HHR,CA,AWP,WE,Federal Contract Tower,0,9,20,0,29,0,5,43,0,48,0,14,63,0,77,154,0,154,231
05/12/2021,HHR,CA,AWP,WE,Federal Contract Tower,0,9,22,0,31,0,3,38,2,43,0,12,60,2,74,82,2,84,158
05/13/2021,HHR,CA,AWP,WE,Federal Contract Tower,0,9,29,0,38,0,0,4,0,4,0,9,33,0,42,22,0,22,64
05/14/2021,HHR,CA,AWP,WE,Federal Contract Tower,0,14,15,0,29,0,1,58,0,59,0,15,73,0,88,102,0,102,190
05/15/2021,HHR,CA,AWP,WE,Federal Contract Tower,0,4,11,0,15,0,0,51,0,51,0,4,62,0,66,91,0,91,157
05/16/2021,HHR,CA,AWP,WE,Federal Contract Tower,0,6,20,0,26,0,0,31,0,31,0,6,51,0,57,48,0,48,105
05/17/2021,HHR,CA,AWP,WE,Federal Contract Tower,0,6,15,0,21,0,0,50,0,50,0,6,65,0,71,87,0,87,158
05/18/2021,HHR,CA,AWP,WE,Federal Contract Tower,0,6,16,0,22,0,5,48,0,53,0,11,64,0,75,84,0,84,159
05/19/2021,HHR,CA,AWP,WE,Federal Contract Tower,0,15,18,0,33,0,7,56,0,63,0,22,74,0,96,106,0,106,202
05/20/2021,HHR,CA,AWP,WE,Federal Contract Tower,0,10,23,0,33,0,1,75,0,76,0,11,98,0,109,93,0,93,202
05/21/2021,HHR,CA,AWP,WE,Federal Contract Tower,0,7,15,0,22,0,8,35,0,43,0,15,50,0,65,18,0,18,83
05/22/2021,HHR,CA,AWP,WE,Federal Contract Tower,0,5,11,0,16,0,0,78,0,78,0,5,89,0,94,131,0,131,225
05/23/2021,HHR,CA,AWP,WE,Federal Contract Tower,0,11,9,0,20,0,0,95,0,95,0,11,104,0,115,83,0,83,198
05/24/2021,HHR,CA,AWP,WE,Federal Contract Tower,0,8,8,0,16,0,1,63,0,64,0,9,71,0,80,74,0,74,154
05/25/2021,HHR,CA,AWP,WE,Federal Contract Tower,0,5,10,0,15,0,1,74,0,75,0,6,84,0,90,68,0,68,158
05/26/2021,HHR,CA,AWP,WE,Federal Contract Tower,0,8,13,0,21,0,2,63,0,65,0,10,76,0,86,32,0,32,118
05/27/2021,HHR,CA,AWP,WE,Federal Contract Tower,0,9,28,0,37,0,10,52,1,63,0,19,80,1,100,123,0,123,223
05/28/2021,HHR,CA,AWP,WE,Federal Contract Tower,0,10,22,0,32,0,12,83,0,95,0,22,105,0,127,92,0,92,219
05/29/2021,HHR,CA,AWP,WE,Federal Contract Tower,0,2,17,0,19,0,5,62,0,67,0,7,79,0,86,109,0,109,195
05/30/2021,HHR,CA,AWP,WE,Federal Contract Tower,0,8,19,0,27,0,0,61,0,61,0,8,80,0,88,102,0,102,190
05/31/2021,HHR,CA,AWP,WE,Federal Contract Tower,0,11,17,0,28,0,0,101,0,101,0,11,118,0,129,98,0,98,227
06/01/2021,HHR,CA,AWP,WE,Federal Contract Tower,0,4,14,0,18,0,0,16,0,16,0,4,30,0,34,16,0,16,50
06/02/2021,HHR,CA,AWP,WE,Federal Contract Tower,0,9,12,0,21,0,0,27,1,28,0,9,39,1,49,16,0,16,65
06/03/2021,HHR,CA,AWP,WE,Federal Contract Tower,0,4,18,0,22,0,6,37,0,43,0,10,55,0,65,44,0,44,109
06/04/2021,HHR,CA,AWP,WE,Federal Contract Tower,0,28,19,0,47,0,0,75,0,75,0,28,94,0,122,136,0,136,258
06/05/2021,HHR,CA,AWP,WE,Federal Contract Tower,0,6,11,0,17,0,0,71,0,71,0,6,82,0,88,100,0,100,188
06/06/2021,HHR,CA,AWP,WE,Federal Contract Tower,0,12,15,0,27,0,1,65,0,66,0,13,80,0,93,118,0,118,211
06/07/2021,HHR,CA,AWP,WE,Federal Contract Tower,0,6,19,0,25,0,2,42,0,44,0,8,61,0,69,56,0,56,125
06/08/2021,HHR,CA,AWP,WE,Federal Contract Tower,0,6,15,0,21,0,2,45,0,47,0,8,60,0,68,116,0,116,184
06/09/2021,HHR,CA,AWP,WE,Federal Contract Tower,0,7,17,0,24,0,1,71,0,72,0,8,88,0,96,73,0,73,169
06/10/2021,HHR,CA,AWP,WE,Federal Contract Tower,0,16,23,0,39,0,2,61,0,63,0,18,84,0,102,92,0,92,194
06/11/2021,HHR,CA,AWP,WE,Federal Contract Tower,0,7,10,0,17,0,2,60,2,64,0,9,70,2,81,126,0,126,207
06/12/2021,HHR,CA,AWP,WE,Federal Contract Tower,0,6,9,0,15,0,1,77,0,78,0,7,86,0,93,133,0,133,226
06/13/2021,HHR,CA,AWP,WE,Federal Contract Tower,0,8,9,0,17,0,1,91,0,92,0,9,100,0,109,76,0,76,185
06/14/2021,HHR,CA,AWP,WE,Federal Contract Tower,0,7,10,0,17,0,3,83,0,86,0,10,93,0,103,76,0,76,179
06/15/2021,HHR,CA,AWP,WE,Federal Contract Tower,0,6,8,0,14,0,1,72,0,73,0,7,80,0,87,96,0,96,183
06/16/2021,HHR,CA,AWP,WE,Federal Contract Tower,0,8,7,0,15,0,2,56,1,59,0,10,63,1,74,104,0,104,178
06/17/2021,HHR,CA,AWP,WE,Federal Contract Tower,0,11,23,0,34,0,2,56,0,58,0,13,79,0,92,140,0,140,232
06/18/2021,HHR,CA,AWP,WE,Federal Contract Tower,0,12,29,0,41,0,0,61,0,61,0,12,90,0,102,143,0,143,245
06/19/2021,HHR,CA,AWP,WE,Federal Contract Tower,0,10,19,0,29,0,0,60,0,60,0,10,79,0,89,49,0,49,138
06/20/2021,HHR,CA,AWP,WE,Federal Contract Tower,0,9,12,0,21,0,1,46,0,47,0,10,58,0,68,48,0,48,116
06/21/2021,HHR,CA,AWP,WE,Federal Contract Tower,0,6,11,0,17,1,2,51,0,54,1,8,62,0,71,30,0,30,101
06/22/2021,HHR,CA,AWP,WE,Federal Contract Tower,0,9,17,0,26,0,1,81,0,82,0,10,98,0,108,98,0,98,206
06/23/2021,HHR,CA,AWP,WE,Federal Contract Tower,0,10,20,0,30,0,1,70,0,71,0,11,90,0,101,106,0,106,207
06/24/2021,HHR,CA,AWP,WE,Federal Contract Tower,0,17,14,0,31,0,1,59,0,60,0,18,73,0,91,80,0,80,171
06/25/2021,HHR,CA,AWP,WE,Federal Contract Tower,0,8,15,0,23,0,6,58,0,64,0,14,73,0,87,96,0,96,183
06/26/2021,HHR,CA,AWP,WE,Federal Contract Tower,0,7,14,0,21,0,0,75,0,75,0,7,89,0,96,82,0,82,178
06/27/2021,HHR,CA,AWP,WE,Federal Contract Tower,0,12,22,0,34,0,2,80,0,82,0,14,102,0,116,95,0,95,211
06/28/2021,HHR,CA,AWP,WE,Federal Contract Tower,0,9,12,0,21,0,7,69,0,76,0,16,81,0,97,30,0,30,127
06/29/2021,HHR,CA,AWP,WE,Federal Contract Tower,0,8,17,0,25,0,1,67,0,68,0,9,84,0,93,124,0,124,217
06/30/2021,HHR,CA,AWP,WE,Federal Contract Tower,0,11,18,0,29,0,9,78,0,87,0,20,96,0,116,176,0,176,292
07/01/2021,HHR,CA,AWP,WE,Federal Contract Tower,0,14,13,0,27,0,10,59,0,69,0,24,72,0,96,83,0,83,179
07/02/2021,HHR,CA,AWP,WE,Federal Contract Tower,0,15,15,0,30,0,7,58,0,65,0,22,73,0,95,64,0,64,159
07/03/2021,HHR,CA,AWP,WE,Federal Contract Tower,0,7,13,0,20,0,2,57,0,59,0,9,70,0,79,66,0,66,145
07/04/2021,HHR,CA,AWP,WE,Federal Contract Tower,0,7,7,0,14,0,1,30,0,31,0,8,37,0,45,44,0,44,89
07/05/2021,HHR,CA,AWP,WE,Federal Contract Tower,0,11,12,0,23,0,0,85,0,85,0,11,97,0,108,72,0,72,180
07/06/2021,HHR,CA,AWP,WE,Federal Contract Tower,0,8,19,0,27,0,2,58,0,60,0,10,77,0,87,52,0,52,139
07/07/2021,HHR,CA,AWP,WE,Federal Contract Tower,0,11,10,0,21,0,1,69,0,70,0,12,79,0,91,108,0,108,199
07/08/2021,HHR,CA,AWP,WE,Federal Contract Tower,0,13,12,0,25,0,2,63,1,66,0,15,75,1,91,104,0,104,195
07/09/2021,HHR,CA,AWP,WE,Federal Contract Tower,0,13,20,0,33,0,2,88,0,90,0,15,108,0,123,61,0,61,184
07/10/2021,HHR,CA,AWP,WE,Federal Contract Tower,0,2,16,0,18,0,0,73,1,74,0,2,89,1,92,109,0,109,201
07/11/2021,HHR,CA,AWP,WE,Federal Contract Tower,0,10,12,0,22,0,0,64,0,64,0,10,76,0,86,120,0,120,206
07/12/2021,HHR,CA,AWP,WE,Federal Contract Tower,0,8,12,0,20,0,1,40,0,41,0,9,52,0,61,51,0,51,112
07/13/2021,HHR,CA,AWP,WE,Federal Contract Tower,0,7,12,0,19,0,2,65,0,67,0,9,77,0,86,46,0,46,132
07/14/2021,HHR,CA,AWP,WE,Federal Contract Tower,0,5,13,0,18,0,0,68,0,68,0,5,81,0,86,104,0,104,190
07/15/2021,HHR,CA,AWP,WE,Federal Contract Tower,0,9,11,0,20,0,1,105,0,106,0,10,116,0,126,43,0,43,169
07/16/2021,HHR,CA,AWP,WE,Federal Contract Tower,0,7,11,0,18,0,2,76,0,78,0,9,87,0,96,81,0,81,177
07/18/2021,HHR,CA,AWP,WE,Federal Contract Tower,0,14,19,0,33,0,3,81,0,84,0,17,100,0,117,140,0,140,257
07/19/2021,HHR,CA,AWP,WE,Federal Contract Tower,0,10,15,0,25,0,2,50,0,52,0,12,65,0,77,42,0,42,119
07/20/2021,HHR,CA,AWP,WE,Federal Contract Tower,0,10,10,0,20,0,4,68,0,72,0,14,78,0,92,120,0,120,212
07/21/2021,HHR,CA,AWP,WE,Federal Contract Tower,0,10,14,0,24,0,3,76,0,79,0,13,90,0,103,122,0,122,225
07/22/2021,HHR,CA,AWP,WE,Federal Contract Tower,0,11,15,0,26,0,2,83,0,85,0,13,98,0,111,80,0,80,191
07/23/2021,HHR,CA,AWP,WE,Federal Contract Tower,0,18,29,0,47,0,1,97,0,98,0,19,126,0,145,98,0,98,243
07/24/2021,HHR,CA,AWP,WE,Federal Contract Tower,0,5,23,0,28,0,0,71,0,71,0,5,94,0,99,82,0,82,181
07/25/2021,HHR,CA,AWP,WE,Federal Contract Tower,0,8,13,0,21,0,3,73,0,76,0,11,86,0,97,84,0,84,181
07/26/2021,HHR,CA,AWP,WE,Federal Contract Tower,0,14,16,0,30,0,4,47,0,51,0,18,63,0,81,14,0,14,95
07/27/2021,HHR,CA,AWP,WE,Federal Contract Tower,0,17,30,0,47,0,0,27,0,27,0,17,57,0,74,18,0,18,92
07/28/2021,HHR,CA,AWP,WE,Federal Contract Tower,0,12,17,0,29,0,7,58,0,65,0,19,75,0,94,64,0,64,158
07/29/2021,HHR,CA,AWP,WE,Federal Contract Tower,0,9,13,0,22,0,5,115,2,122,0,14,128,2,144,114,2,116,260
07/30/2021,HHR,CA,AWP,WE,Federal Contract Tower,0,11,17,0,28,0,0,45,0,45,0,11,62,0,73,72,0,72,145
07/31/2021,HHR,CA,AWP,WE,Federal Contract Tower,0,10,9,0,19,0,0,63,0,63,0,10,72,0,82,48,0,48,130
08/01/2021,HHR,CA,AWP,WE,Federal Contract Tower,0,12,15,0,27,0,2,63,0,65,0,14,78,0,92,66,0,66,158
08/02/2021,HHR,CA,AWP,WE,Federal Contract Tower,0,6,9,0,15,0,0,58,0,58,0,6,67,0,73,45,0,45,118
08/03/2021,HHR,CA,AWP,WE,Federal Contract Tower,0,10,11,0,21,0,2,85,0,87,0,12,96,0,108,106,0,106,214
08/04/2021,HHR,CA,AWP,WE,Federal Contract Tower,0,7,12,0,19,0,5,89,0,94,0,12,101,0,113,70,0,70,183
08/05/2021,HHR,CA,AWP,WE,Federal Contract Tower,0,8,21,0,29,0,4,62,0,66,0,12,83,0,95,93,0,93,188
08/06/2021,HHR,CA,AWP,WE,Federal Contract Tower,0,12,33,0,45,0,0,60,2,62,0,12,93,2,107,80,0,80,187
08/07/2021,HHR,CA,AWP,WE,Federal Contract Tower,0,9,18,0,27,0,0,66,0,66,0,9,84,0,93,118,0,118,211
08/08/2021,HHR,CA,AWP,WE,Federal Contract Tower,0,12,18,0,30,0,0,77,0,77,0,12,95,0,107,134,0,134,241
08/09/2021,HHR,CA,AWP,WE,Federal Contract Tower,0,0,0,0,0,0,0,0,0,0,0,0,0,0,0,0,0,0,0
08/10/2021,HHR,CA,AWP,WE,Federal Contract Tower,0,0,1,0,1,0,0,4,0,4,0,0,5,0,5,0,0,0,5
08/11/2021,HHR,CA,AWP,WE,Federal Contract Tower,0,0,0,0,0,0,0,0,0,0,0,0,0,0,0,0,0,0,0
08/12/2021,HHR,CA,AWP,WE,Federal Contract Tower,0,0,0,0,0,0,0,0,0,0,0,0,0,0,0,0,0,0,0
08/13/2021,HHR,CA,AWP,WE,Federal Contract Tower,0,0,0,0,0,0,0,0,0,0,0,0,0,0,0,0,0,0,0
08/14/2021,HHR,CA,AWP,WE,Federal Contract Tower,0,2,8,0,10,0,0,136,0,136,0,2,144,0,146,28,0,28,174
08/15/2021,HHR,CA,AWP,WE,Federal Contract Tower,0,9,11,0,20,0,4,103,0,107,0,13,114,0,127,68,0,68,195
08/16/2021,HHR,CA,AWP,WE,Federal Contract Tower,0,14,9,0,23,0,1,61,0,62,0,15,70,0,85,80,0,80,165
08/17/2021,HHR,CA,AWP,WE,Federal Contract Tower,0,5,17,0,22,0,1,53,0,54,0,6,70,0,76,54,0,54,130
08/18/2021,HHR,CA,AWP,WE,Federal Contract Tower,0,11,20,0,31,0,0,43,0,43,0,11,63,0,74,78,0,78,152
08/19/2021,HHR,CA,AWP,WE,Federal Contract Tower,0,9,17,0,26,0,2,38,0,40,0,11,55,0,66,67,0,67,133
08/20/2021,HHR,CA,AWP,WE,Federal Contract Tower,0,11,36,0,47,0,0,73,0,73,0,11,109,0,120,100,0,100,220
08/21/2021,HHR,CA,AWP,WE,Federal Contract Tower,0,8,12,0,20,0,0,58,0,58,0,8,70,0,78,73,0,73,151
08/22/2021,HHR,CA,AWP,WE,Federal Contract Tower,0,10,21,0,31,0,0,59,0,59,0,10,80,0,90,132,0,132,222
08/23/2021,HHR,CA,AWP,WE,Federal Contract Tower,0,0,0,0,0,0,0,0,0,0,0,0,0,0,0,0,0,0,0
08/24/2021,HHR,CA,AWP,WE,Federal Contract Tower,0,0,0,0,0,0,0,0,0,0,0,0,0,0,0,0,0,0,0
08/25/2021,HHR,CA,AWP,WE,Federal Contract Tower,0,0,0,0,0,0,0,0,0,0,0,0,0,0,0,0,0,0,0
08/26/2021,HHR,CA,AWP,WE,Federal Contract Tower,0,14,25,0,39,0,2,69,0,71,0,16,94,0,110,123,0,123,233
08/27/2021,HHR,CA,AWP,WE,Federal Contract Tower,0,9,12,0,21,0,2,67,0,69,0,11,79,0,90,117,0,117,207
08/28/2021,HHR,CA,AWP,WE,Federal Contract Tower,0,7,11,0,18,0,1,76,0,77,0,8,87,0,95,92,0,92,187
08/29/2021,HHR,CA,AWP,WE,Federal Contract Tower,0,4,7,0,11,0,9,90,0,99,0,13,97,0,110,191,0,191,301
08/30/2021,HHR,CA,AWP,WE,Federal Contract Tower,0,5,5,0,10,0,0,84,0,84,0,5,89,0,94,88,0,88,182
08/31/2021,HHR,CA,AWP,WE,Federal Contract Tower,0,10,6,0,16,0,2,64,0,66,0,12,70,0,82,60,0,60,142
09/01/2021,HHR,CA,AWP,WE,Federal Contract Tower,0,6,14,0,20,0,3,61,4,68,0,9,75,4,88,22,2,24,112
09/02/2021,HHR,CA,AWP,WE,Federal Contract Tower,0,14,20,0,34,0,1,45,0,46,0,15,65,0,80,92,0,92,172
09/03/2021,HHR,CA,AWP,WE,Federal Contract Tower,0,14,24,0,38,0,3,73,0,76,0,17,97,0,114,50,0,50,164
09/04/2021,HHR,CA,AWP,WE,Federal Contract Tower,0,7,15,0,22,0,1,69,0,70,0,8,84,0,92,136,0,136,228
09/05/2021,HHR,CA,AWP,WE,Federal Contract Tower,0,1,7,0,8,0,1,81,0,82,0,2,88,0,90,138,0,138,228
09/06/2021,HHR,CA,AWP,WE,Federal Contract Tower,0,15,23,0,38,0,0,119,0,119,0,15,142,0,157,196,0,196,353
09/07/2021,HHR,CA,AWP,WE,Federal Contract Tower,0,9,18,0,27,0,2,68,2,72,0,11,86,2,99,182,0,182,281
09/08/2021,HHR,CA,AWP,WE,Federal Contract Tower,0,11,26,0,37,0,1,50,0,51,0,12,76,0,88,114,0,114,202
09/09/2021,HHR,CA,AWP,WE,Federal Contract Tower,0,11,22,0,33,0,1,46,0,47,0,12,68,0,80,80,0,80,160
09/10/2021,HHR,CA,AWP,WE,Federal Contract Tower,0,10,25,0,35,0,2,67,0,69,0,12,92,0,104,0,51,51,155
09/11/2021,HHR,CA,AWP,WE,Federal Contract Tower,0,1,14,0,15,0,1,107,0,108,0,2,121,0,123,94,0,94,217
09/12/2021,HHR,CA,AWP,WE,Federal Contract Tower,0,9,31,0,40,0,1,82,0,83,0,10,113,0,123,48,0,48,171
09/13/2021,HHR,CA,AWP,WE,Federal Contract Tower,0,9,9,0,18,0,1,63,0,64,0,10,72,0,82,38,0,38,120
09/14/2021,HHR,CA,AWP,WE,Federal Contract Tower,0,7,9,0,16,0,2,56,0,58,0,9,65,0,74,50,0,50,124
09/15/2021,HHR,CA,AWP,WE,Federal Contract Tower,0,13,19,0,32,0,3,65,0,68,0,16,84,0,100,34,0,34,134
09/16/2021,HHR,CA,AWP,WE,Federal Contract Tower,0,8,12,0,20,0,1,38,0,39,0,9,50,0,59,44,0,44,103
09/17/2021,HHR,CA,AWP,WE,Federal Contract Tower,0,8,30,0,38,0,1,76,0,77,0,9,106,0,115,101,0,101,216
09/18/2021,HHR,CA,AWP,WE,Federal Contract Tower,0,5,24,0,29,0,1,89,0,90,0,6,113,0,119,95,0,95,214
09/19/2021,HHR,CA,AWP,WE,Federal Contract Tower,0,8,18,0,26,0,2,79,0,81,0,10,97,0,107,36,0,36,143
09/20/2021,HHR,CA,AWP,WE,Federal Contract Tower,0,8,10,0,18,0,3,71,0,74,0,11,81,0,92,69,0,69,161
09/21/2021,HHR,CA,AWP,WE,Federal Contract Tower,0,7,9,0,16,0,2,72,0,74,0,9,81,0,90,148,0,148,238
09/22/2021,HHR,CA,AWP,WE,Federal Contract Tower,0,6,11,0,17,0,2,42,0,44,0,8,53,0,61,90,0,90,151
09/23/2021,HHR,CA,AWP,WE,Federal Contract Tower,0,10,16,0,26,0,6,51,0,57,0,16,67,0,83,113,0,113,196
09/24/2021,HHR,CA,AWP,WE,Federal Contract Tower,0,12,17,0,29,0,1,75,0,76,0,13,92,0,105,140,0,140,245
09/25/2021,HHR,CA,AWP,WE,Federal Contract Tower,0,7,24,0,31,0,0,53,0,53,0,7,77,0,84,146,0,146,230
09/26/2021,HHR,CA,AWP,WE,Federal Contract Tower,0,39,51,0,90,0,0,5,0,5,0,39,56,0,95,0,0,0,95
09/27/2021,HHR,CA,AWP,WE,Federal Contract Tower,0,16,21,0,37,0,0,20,0,20,0,16,41,0,57,28,0,28,85
09/28/2021,HHR,CA,AWP,WE,Federal Contract Tower,0,16,19,0,35,0,2,68,0,70,0,18,87,0,105,138,0,138,243
09/29/2021,HHR,CA,AWP,WE,Federal Contract Tower,0,10,11,0,21,0,3,53,0,56,0,13,64,0,77,84,0,84,161
09/30/2021,HHR,CA,AWP,WE,Federal Contract Tower,0,12,18,0,30,0,11,72,3,86,0,23,90,3,116,72,0,72,188
10/01/2021,HHR,CA,AWP,WE,Federal Contract Tower,0,9,13,0,22,0,11,73,0,84,0,20,86,0,106,116,0,116,222
10/02/2021,HHR,CA,AWP,WE,Federal Contract Tower,0,7,16,0,23,0,0,77,0,77,0,7,93,0,100,78,0,78,178
10/03/2021,HHR,CA,AWP,WE,Federal Contract Tower,0,6,19,0,25,0,0,59,0,59,0,6,78,0,84,40,0,40,124
10/04/2021,HHR,CA,AWP,WE,Federal Contract Tower,0,17,37,0,54,0,3,66,0,69,0,20,103,0,123,44,0,44,167
10/05/2021,HHR,CA,AWP,WE,Federal Contract Tower,0,10,24,0,34,0,1,119,0,120,0,11,143,0,154,62,0,62,216
10/06/2021,HHR,CA,AWP,WE,Federal Contract Tower,0,9,16,0,25,0,2,47,0,49,0,11,63,0,74,20,0,20,94
10/07/2021,HHR,CA,AWP,WE,Federal Contract Tower,0,13,24,0,37,0,2,43,0,45,0,15,67,0,82,147,0,147,229
10/08/2021,HHR,CA,AWP,WE,Federal Contract Tower,0,14,15,0,29,0,2,54,0,56,0,16,69,0,85,42,0,42,127
10/09/2021,HHR,CA,AWP,WE,Federal Contract Tower,0,0,15,0,15,0,0,95,0,95,0,0,110,0,110,26,0,26,136
10/10/2021,HHR,CA,AWP,WE,Federal Contract Tower,0,13,19,0,32,0,4,79,0,83,0,17,98,0,115,30,0,30,145
10/11/2021,HHR,CA,AWP,WE,Federal Contract Tower,0,8,16,0,24,0,0,41,0,41,0,8,57,0,65,8,0,8,73
10/12/2021,HHR,CA,AWP,WE,Federal Contract Tower,0,4,17,0,21,0,3,57,2,62,0,7,74,2,83,10,0,10,93
10/13/2021,HHR,CA,AWP,WE,Federal Contract Tower,0,7,17,0,24,0,3,72,0,75,0,10,89,0,99,96,0,96,195
10/14/2021,HHR,CA,AWP,WE,Federal Contract Tower,0,26,22,2,50,0,7,65,0,72,0,33,87,2,122,57,0,57,179
10/15/2021,HHR,CA,AWP,WE,Federal Contract Tower,0,4,27,0,31,0,1,74,0,75,0,5,101,0,106,59,0,59,165
10/16/2021,HHR,CA,AWP,WE,Federal Contract Tower,0,4,12,0,16,0,0,64,0,64,0,4,76,0,80,70,0,70,150
10/17/2021,HHR,CA,AWP,WE,Federal Contract Tower,0,12,31,0,43,0,1,69,0,70,0,13,100,0,113,10,0,10,123
10/18/2021,HHR,CA,AWP,WE,Federal Contract Tower,0,10,19,0,29,0,2,49,0,51,0,12,68,0,80,20,0,20,100
10/19/2021,HHR,CA,AWP,WE,Federal Contract Tower,0,7,21,0,28,0,5,47,0,52,0,12,68,0,80,37,0,37,117
10/20/2021,HHR,CA,AWP,WE,Federal Contract Tower,0,12,24,0,36,0,9,78,0,87,0,21,102,0,123,102,0,102,225
10/21/2021,HHR,CA,AWP,WE,Federal Contract Tower,0,7,29,0,36,0,7,60,0,67,0,14,89,0,103,96,0,96,199
10/22/2021,HHR,CA,AWP,WE,Federal Contract Tower,0,13,31,0,44,0,0,39,0,39,0,13,70,0,83,20,0,20,103
10/23/2021,HHR,CA,AWP,WE,Federal Contract Tower,0,6,19,0,25,0,2,39,0,41,0,8,58,0,66,81,0,81,147
10/24/2021,HHR,CA,AWP,WE,Federal Contract Tower,0,9,11,0,20,0,0,46,0,46,0,9,57,0,66,14,0,14,80
10/25/2021,HHR,CA,AWP,WE,Federal Contract Tower,0,5,8,0,13,0,0,12,0,12,0,5,20,0,25,0,0,0,25
10/26/2021,HHR,CA,AWP,WE,Federal Contract Tower,0,4,10,3,17,0,1,89,0,90,0,5,99,3,107,42,0,42,149
10/27/2021,HHR,CA,AWP,WE,Federal Contract Tower,0,5,19,0,24,0,2,78,0,80,0,7,97,0,104,86,0,86,190
10/28/2021,HHR,CA,AWP,WE,Federal Contract Tower,0,5,14,1,20,0,3,72,2,77,0,8,86,3,97,88,0,88,185
10/29/2021,HHR,CA,AWP,WE,Federal Contract Tower,0,7,21,0,28,1,2,70,0,73,1,9,91,0,101,66,6,72,173
10/30/2021,HHR,CA,AWP,WE,Federal Contract Tower,0,4,19,0,23,0,3,61,0,64,0,7,80,0,87,75,0,75,162
10/31/2021,HHR,CA,AWP,WE,Federal Contract Tower,0,9,19,0,28,0,0,41,0,41,0,9,60,0,69,24,0,24,93
11/01/2021,HHR,CA,AWP,WE,Federal Contract Tower,0,9,13,0,22,0,1,65,0,66,0,10,78,0,88,60,0,60,148
11/02/2021,HHR,CA,AWP,WE,Federal Contract Tower,0,6,14,0,20,0,0,23,0,23,0,6,37,0,43,16,0,16,59
11/03/2021,HHR,CA,AWP,WE,Federal Contract Tower,0,8,14,0,22,0,1,24,0,25,0,9,38,0,47,48,0,48,95
11/04/2021,HHR,CA,AWP,WE,Federal Contract Tower,0,12,19,0,31,0,2,17,0,19,0,14,36,0,50,38,0,38,88
11/05/2021,HHR,CA,AWP,WE,Federal Contract Tower,0,4,14,0,18,0,0,25,0,25,0,4,39,0,43,6,0,6,49
11/06/2021,HHR,CA,AWP,WE,Federal Contract Tower,0,2,15,0,17,0,0,6,0,6,0,2,21,0,23,8,0,8,31
11/07/2021,HHR,CA,AWP,WE,Federal Contract Tower,0,6,15,0,21,0,0,22,0,22,0,6,37,0,43,24,0,24,67
11/08/2021,HHR,CA,AWP,WE,Federal Contract Tower,0,6,25,0,31,0,1,44,0,45,0,7,69,0,76,34,0,34,110
11/09/2021,HHR,CA,AWP,WE,Federal Contract Tower,0,10,23,0,33,0,0,46,0,46,0,10,69,0,79,86,0,86,165
11/10/2021,HHR,CA,AWP,WE,Federal Contract Tower,0,8,16,0,24,0,3,86,0,89,0,11,102,0,113,90,0,90,203
11/11/2021,HHR,CA,AWP,WE,Federal Contract Tower,0,11,19,0,30,0,4,102,0,106,0,15,121,0,136,113,0,113,249
11/12/2021,HHR,CA,AWP,WE,Federal Contract Tower,0,6,19,0,25,0,1,52,0,53,0,7,71,0,78,49,0,49,127
11/13/2021,HHR,CA,AWP,WE,Federal Contract Tower,0,3,8,0,11,0,1,120,0,121,0,4,128,0,132,112,0,112,244
11/14/2021,HHR,CA,AWP,WE,Federal Contract Tower,0,10,30,0,40,0,3,50,0,53,0,13,80,0,93,10,0,10,103
11/15/2021,HHR,CA,AWP,WE,Federal Contract Tower,0,14,30,0,44,0,0,77,0,77,0,14,107,0,121,132,0,132,253
11/16/2021,HHR,CA,AWP,WE,Federal Contract Tower,0,6,20,0,26,0,0,78,0,78,0,6,98,0,104,94,0,94,198
11/17/2021,HHR,CA,AWP,WE,Federal Contract Tower,0,8,14,0,22,0,3,78,0,81,0,11,92,0,103,42,0,42,145
11/18/2021,HHR,CA,AWP,WE,Federal Contract Tower,0,15,24,0,39,0,0,35,0,35,0,15,59,0,74,42,0,42,116
11/19/2021,HHR,CA,AWP,WE,Federal Contract Tower,0,11,32,0,43,0,0,41,0,41,0,11,73,0,84,48,0,48,132
11/20/2021,HHR,CA,AWP,WE,Federal Contract Tower,0,6,18,0,24,0,2,58,0,60,0,8,76,0,84,50,0,50,134
11/21/2021,HHR,CA,AWP,WE,Federal Contract Tower,0,14,29,0,43,0,2,65,0,67,0,16,94,0,110,63,0,63,173
11/22/2021,HHR,CA,AWP,WE,Federal Contract Tower,0,8,23,0,31,0,4,58,0,62,0,12,81,0,93,44,0,44,137
11/23/2021,HHR,CA,AWP,WE,Federal Contract Tower,0,6,18,0,24,0,1,58,0,59,0,7,76,0,83,90,0,90,173
11/24/2021,HHR,CA,AWP,WE,Federal Contract Tower,0,11,16,0,27,0,3,76,0,79,0,14,92,0,106,60,0,60,166
11/25/2021,HHR,CA,AWP,WE,Federal Contract Tower,0,4,1,0,5,0,0,14,0,14,0,4,15,0,19,9,0,9,28
11/26/2021,HHR,CA,AWP,WE,Federal Contract Tower,0,7,20,0,27,0,1,54,0,55,0,8,74,0,82,74,0,74,156
11/27/2021,HHR,CA,AWP,WE,Federal Contract Tower,0,7,14,0,21,0,0,84,0,84,0,7,98,0,105,34,0,34,139
11/28/2021,HHR,CA,AWP,WE,Federal Contract Tower,0,27,65,0,92,0,0,63,0,63,0,27,128,0,155,25,0,25,180
11/29/2021,HHR,CA,AWP,WE,Federal Contract Tower,0,11,29,0,40,0,0,57,0,57,0,11,86,0,97,31,0,31,128
11/30/2021,HHR,CA,AWP,WE,Federal Contract Tower,0,4,8,0,12,0,3,56,0,59,0,7,64,0,71,48,0,48,119
12/01/2021,HHR,CA,AWP,WE,Federal Contract Tower,0,6,17,0,23,0,2,30,0,32,0,8,47,0,55,8,0,8,63
12/02/2021,HHR,CA,AWP,WE,Federal Contract Tower,0,6,23,2,31,0,0,9,0,9,0,6,32,2,40,4,0,4,44
12/03/2021,HHR,CA,AWP,WE,Federal Contract Tower,0,11,22,0,33,0,5,30,0,35,0,16,52,0,68,70,0,70,138
12/05/2021,HHR,CA,AWP,WE,Federal Contract Tower,0,10,22,0,32,0,0,49,0,49,0,10,71,0,81,0,0,0,81
12/06/2021,HHR,CA,AWP,WE,Federal Contract Tower,0,9,20,0,29,0,0,33,0,33,0,9,53,0,62,0,0,0,62
12/07/2021,HHR,CA,AWP,WE,Federal Contract Tower,0,12,14,0,26,0,2,37,0,39,0,14,51,0,65,70,0,70,135
12/08/2021,HHR,CA,AWP,WE,Federal Contract Tower,0,12,19,0,31,0,1,89,0,90,0,13,108,0,121,50,0,50,171
12/09/2021,HHR,CA,AWP,WE,Federal Contract Tower,0,18,24,0,42,0,2,14,1,17,0,20,38,1,59,20,8,28,87
12/10/2021,HHR,CA,AWP,WE,Federal Contract Tower,0,16,22,0,38,0,2,62,0,64,0,18,84,0,102,82,0,82,184
12/11/2021,HHR,CA,AWP,WE,Federal Contract Tower,0,5,8,0,13,0,0,89,0,89,0,5,97,0,102,78,0,78,180
12/12/2021,HHR,CA,AWP,WE,Federal Contract Tower,0,10,22,0,32,0,2,67,0,69,0,12,89,0,101,5,0,5,106
12/13/2021,HHR,CA,AWP,WE,Federal Contract Tower,0,8,19,0,27,0,1,45,0,46,0,9,64,0,73,58,0,58,131
12/14/2021,HHR,CA,AWP,WE,Federal Contract Tower,0,7,11,0,18,0,1,2,0,3,0,8,13,0,21,0,0,0,21
12/15/2021,HHR,CA,AWP,WE,Federal Contract Tower,0,17,21,0,38,0,1,78,6,85,0,18,99,6,123,58,0,58,181
12/16/2021,HHR,CA,AWP,WE,Federal Contract Tower,0,20,42,0,62,0,3,56,0,59,0,23,98,0,121,104,0,104,225
12/17/2021,HHR,CA,AWP,WE,Federal Contract Tower,0,9,35,0,44,0,3,96,0,99,0,12,131,0,143,93,0,93,236
12/18/2021,HHR,CA,AWP,WE,Federal Contract Tower,0,7,25,0,32,0,0,84,0,84,0,7,109,0,116,81,0,81,197
12/19/2021,HHR,CA,AWP,WE,Federal Contract Tower,0,22,12,0,34,0,1,78,0,79,0,23,90,0,113,95,0,95,208
12/20/2021,HHR,CA,AWP,WE,Federal Contract Tower,0,10,23,0,33,0,5,57,0,62,0,15,80,0,95,114,0,114,209
12/21/2021,HHR,CA,AWP,WE,Federal Contract Tower,0,14,19,0,33,0,4,36,0,40,0,18,55,0,73,2,0,2,75
12/22/2021,HHR,CA,AWP,WE,Federal Contract Tower,0,6,20,0,26,0,1,56,0,57,0,7,76,0,83,50,0,50,133
12/23/2021,HHR,CA,AWP,WE,Federal Contract Tower,0,3,0,0,3,0,0,4,0,4,0,3,4,0,7,10,0,10,17
12/24/2021,HHR,CA,AWP,WE,Federal Contract Tower,0,2,3,0,5,0,0,17,0,17,0,2,20,0,22,16,0,16,38
12/25/2021,HHR,CA,AWP,WE,Federal Contract Tower,0,3,2,0,5,0,0,1,0,1,0,3,3,0,6,1,0,1,7
12/26/2021,HHR,CA,AWP,WE,Federal Contract Tower,0,13,19,0,32,0,2,69,0,71,0,15,88,0,103,82,0,82,185
12/27/2021,HHR,CA,AWP,WE,Federal Contract Tower,0,14,25,0,39,0,2,10,0,12,0,16,35,0,51,19,0,19,70
12/28/2021,HHR,CA,AWP,WE,Federal Contract Tower,0,11,6,0,17,0,0,84,0,84,0,11,90,0,101,80,0,80,181
12/29/2021,HHR,CA,AWP,WE,Federal Contract Tower,0,4,1,0,5,0,0,3,0,3,0,4,4,0,8,0,0,0,8
12/30/2021,HHR,CA,AWP,WE,Federal Contract Tower,0,6,1,0,7,0,0,0,0,0,0,6,1,0,7,0,0,0,7
12/31/2021,HHR,CA,AWP,WE,Federal Contract Tower,0,5,12,0,17,0,3,64,0,67,0,8,76,0,84,70,0,70,154
01/01/2022,HHR,CA,AWP,WE,Federal Contract Tower,0,4,12,0,16,0,1,75,0,76,0,5,87,0,92,93,0,93,185
01/02/2022,HHR,CA,AWP,WE,Federal Contract Tower,0,16,25,0,41,0,3,76,0,79,0,19,101,0,120,0,0,0,120
01/03/2022,HHR,CA,AWP,WE,Federal Contract Tower,0,9,24,0,33,0,1,76,0,77,0,10,100,0,110,66,0,66,176
01/04/2022,HHR,CA,AWP,WE,Federal Contract Tower,0,5,12,0,17,0,3,59,0,62,0,8,71,0,79,42,0,42,121
01/05/2022,HHR,CA,AWP,WE,Federal Contract Tower,0,16,11,0,27,0,0,80,0,80,0,16,91,0,107,22,0,22,129
01/06/2022,HHR,CA,AWP,WE,Federal Contract Tower,0,10,18,0,28,0,3,64,0,67,0,13,82,0,95,114,0,114,209
01/07/2022,HHR,CA,AWP,WE,Federal Contract Tower,0,18,12,0,30,0,0,16,0,16,0,18,28,0,46,0,0,0,46
01/08/2022,HHR,CA,AWP,WE,Federal Contract Tower,0,4,12,0,16,0,0,63,0,63,0,4,75,0,79,228,0,228,307
01/09/2022,HHR,CA,AWP,WE,Federal Contract Tower,0,13,27,0,40,0,2,91,0,93,0,15,118,0,133,46,0,46,179
01/10/2022,HHR,CA,AWP,WE,Federal Contract Tower,0,14,19,0,33,0,2,69,0,71,0,16,88,0,104,34,0,34,138
01/11/2022,HHR,CA,AWP,WE,Federal Contract Tower,0,5,14,0,19,0,1,93,0,94,0,6,107,0,113,132,0,132,245
01/12/2022,HHR,CA,AWP,WE,Federal Contract Tower,0,14,13,0,27,0,1,90,0,91,0,15,103,0,118,126,0,126,244
01/13/2022,HHR,CA,AWP,WE,Federal Contract Tower,0,9,16,0,25,0,2,108,0,110,0,11,124,0,135,106,0,106,241
01/14/2022,HHR,CA,AWP,WE,Federal Contract Tower,0,15,24,0,39,0,3,107,0,110,0,18,131,0,149,154,0,154,303
01/15/2022,HHR,CA,AWP,WE,Federal Contract Tower,0,4,6,4,14,0,0,94,0,94,0,4,100,4,108,122,0,122,230
01/16/2022,HHR,CA,AWP,WE,Federal Contract Tower,0,12,8,0,20,0,1,129,0,130,0,13,137,0,150,144,0,144,294
01/17/2022,HHR,CA,AWP,WE,Federal Contract Tower,0,21,35,0,56,0,0,63,0,63,0,21,98,0,119,138,0,138,257
01/18/2022,HHR,CA,AWP,WE,Federal Contract Tower,0,12,27,0,39,0,2,71,0,73,0,14,98,0,112,104,0,104,216
01/19/2022,HHR,CA,AWP,WE,Federal Contract Tower,0,10,20,0,30,0,5,76,0,81,0,15,96,0,111,130,0,130,241
01/20/2022,HHR,CA,AWP,WE,Federal Contract Tower,0,13,27,0,40,0,1,101,0,102,0,14,128,0,142,104,0,104,246
01/21/2022,HHR,CA,AWP,WE,Federal Contract Tower,0,9,17,0,26,0,2,91,0,93,0,11,108,0,119,54,0,54,173
01/22/2022,HHR,CA,AWP,WE,Federal Contract Tower,0,5,7,0,12,0,0,73,0,73,0,5,80,0,85,102,0,102,187
01/23/2022,HHR,CA,AWP,WE,Federal Contract Tower,0,15,20,0,35,0,2,81,0,83,0,17,101,0,118,60,0,60,178
01/24/2022,HHR,CA,AWP,WE,Federal Contract Tower,0,11,13,0,24,0,3,64,0,67,0,14,77,0,91,72,0,72,163
01/25/2022,HHR,CA,AWP,WE,Federal Contract Tower,0,11,17,0,28,0,2,82,0,84,0,13,99,0,112,84,0,84,196
01/26/2022,HHR,CA,AWP,WE,Federal Contract Tower,0,12,20,0,32,0,3,77,0,80,0,15,97,0,112,78,0,78,190
01/27/2022,HHR,CA,AWP,WE,Federal Contract Tower,0,11,20,0,31,0,2,65,0,67,0,13,85,0,98,58,0,58,156
01/28/2022,HHR,CA,AWP,WE,Federal Contract Tower,0,12,18,0,30,0,0,77,0,77,0,12,95,0,107,31,0,31,138
01/29/2022,HHR,CA,AWP,WE,Federal Contract Tower,0,8,13,0,21,0,0,76,0,76,0,8,89,0,97,105,0,105,202
01/30/2022,HHR,CA,AWP,WE,Federal Contract Tower,0,25,72,0,97,0,0,69,0,69,0,25,141,0,166,24,0,24,190
01/31/2022,HHR,CA,AWP,WE,Federal Contract Tower,0,7,19,0,26,0,1,49,0,50,0,8,68,0,76,42,0,42,118
02/01/2022,HHR,CA,AWP,WE,Federal Contract Tower,0,8,15,0,23,0,2,69,0,71,0,10,84,0,94,70,0,70,164
02/02/2022,HHR,CA,AWP,WE,Federal Contract Tower,0,8,7,0,15,0,4,79,0,83,0,12,86,0,98,94,0,94,192
02/03/2022,HHR,CA,AWP,WE,Federal Contract Tower,0,15,23,0,38,0,1,67,0,68,0,16,90,0,106,120,0,120,226
02/04/2022,HHR,CA,AWP,WE,Federal Contract Tower,0,9,15,0,24,0,1,72,0,73,0,10,87,0,97,156,0,156,253
02/05/2022,HHR,CA,AWP,WE,Federal Contract Tower,0,4,9,0,13,0,0,60,0,60,0,4,69,0,73,96,0,96,169
02/06/2022,HHR,CA,AWP,WE,Federal Contract Tower,0,35,18,0,53,0,2,82,0,84,0,37,100,0,137,81,0,81,218
02/07/2022,HHR,CA,AWP,WE,Federal Contract Tower,0,17,8,0,25,0,3,63,0,66,0,20,71,0,91,54,0,54,145
02/08/2022,HHR,CA,AWP,WE,Federal Contract Tower,0,10,26,0,36,0,4,82,0,86,0,14,108,0,122,56,0,56,178
02/09/2022,HHR,CA,AWP,WE,Federal Contract Tower,0,16,14,0,30,0,0,48,0,48,0,16,62,0,78,52,0,52,130
02/10/2022,HHR,CA,AWP,WE,Federal Contract Tower,0,18,20,0,38,0,1,60,0,61,0,19,80,0,99,18,0,18,117
02/11/2022,HHR,CA,AWP,WE,Federal Contract Tower,0,22,14,0,36,0,2,67,0,69,0,24,81,0,105,12,0,12,117
02/12/2022,HHR,CA,AWP,WE,Federal Contract Tower,0,5,11,0,16,0,0,85,0,85,0,5,96,0,101,72,0,72,173
02/13/2022,HHR,CA,AWP,WE,Federal Contract Tower,0,22,19,0,41,0,1,33,0,34,0,23,52,0,75,2,0,2,77
02/14/2022,HHR,CA,AWP,WE,Federal Contract Tower,0,25,30,0,55,0,2,113,0,115,0,27,143,0,170,0,0,0,170
02/15/2022,HHR,CA,AWP,WE,Federal Contract Tower,0,17,19,0,36,0,1,37,0,38,0,18,56,0,74,4,0,4,78
02/16/2022,HHR,CA,AWP,WE,Federal Contract Tower,0,14,15,0,29,0,2,93,0,95,0,16,108,0,124,86,0,86,210
02/17/2022,HHR,CA,AWP,WE,Federal Contract Tower,0,16,24,0,40,0,4,78,0,82,0,20,102,0,122,85,0,85,207
02/18/2022,HHR,CA,AWP,WE,Federal Contract Tower,0,20,26,0,46,0,2,80,0,82,0,22,106,0,128,72,0,72,200
02/19/2022,HHR,CA,AWP,WE,Federal Contract Tower,0,4,7,0,11,0,0,115,0,115,0,4,122,0,126,151,0,151,277
02/20/2022,HHR,CA,AWP,WE,Federal Contract Tower,0,8,17,0,25,0,3,61,0,64,0,11,78,0,89,81,0,81,170
02/21/2022,HHR,CA,AWP,WE,Federal Contract Tower,0,17,24,0,41,1,0,40,0,41,1,17,64,0,82,128,0,128,210
02/22/2022,HHR,CA,AWP,WE,Federal Contract Tower,0,20,12,0,32,0,1,43,0,44,0,21,55,0,76,38,0,38,114
02/23/2022,HHR,CA,AWP,WE,Federal Contract Tower,0,15,6,3,24,0,4,44,0,48,0,19,50,3,72,50,0,50,122
02/24/2022,HHR,CA,AWP,WE,Federal Contract Tower,0,15,11,0,26,0,2,61,0,63,0,17,72,0,89,110,0,110,199
02/25/2022,HHR,CA,AWP,WE,Federal Contract Tower,0,11,19,0,30,0,1,79,0,80,0,12,98,0,110,117,0,117,227
02/26/2022,HHR,CA,AWP,WE,Federal Contract Tower,0,4,7,0,11,0,0,95,0,95,0,4,102,0,106,121,0,121,227
02/27/2022,HHR,CA,AWP,WE,Federal Contract Tower,0,10,13,0,23,0,2,72,0,74,0,12,85,0,97,190,0,190,287
02/28/2022,HHR,CA,AWP,WE,Federal Contract Tower,0,10,14,0,24,0,2,85,0,87,0,12,99,0,111,62,0,62,173
03/01/2022,HHR,CA,AWP,WE,Federal Contract Tower,0,10,10,0,20,0,5,86,0,91,0,15,96,0,111,156,0,156,267
03/02/2022,HHR,CA,AWP,WE,Federal Contract Tower,0,18,25,0,43,0,2,67,0,69,0,20,92,0,112,156,0,156,268
03/03/2022,HHR,CA,AWP,WE,Federal Contract Tower,0,10,18,0,28,0,2,36,0,38,0,12,54,0,66,55,0,55,121
03/04/2022,HHR,CA,AWP,WE,Federal Contract Tower,0,9,26,0,35,0,1,57,0,58,0,10,83,0,93,52,0,52,145
03/05/2022,HHR,CA,AWP,WE,Federal Contract Tower,0,7,5,0,12,0,1,16,2,19,0,8,21,2,31,0,0,0,31
03/06/2022,HHR,CA,AWP,WE,Federal Contract Tower,0,11,24,0,35,0,2,103,0,105,0,13,127,0,140,113,0,113,253
03/07/2022,HHR,CA,AWP,WE,Federal Contract Tower,0,14,13,0,27,0,3,86,0,89,0,17,99,0,116,74,0,74,190
03/08/2022,HHR,CA,AWP,WE,Federal Contract Tower,0,14,13,0,27,0,0,89,0,89,0,14,102,0,116,88,0,88,204
03/09/2022,HHR,CA,AWP,WE,Federal Contract Tower,0,18,11,0,29,0,5,76,0,81,0,23,87,0,110,52,0,52,162
03/10/2022,HHR,CA,AWP,WE,Federal Contract Tower,0,15,19,0,34,0,1,56,0,57,0,16,75,0,91,126,0,126,217
03/11/2022,HHR,CA,AWP,WE,Federal Contract Tower,0,12,17,0,29,0,2,54,0,56,0,14,71,0,85,57,0,57,142
03/12/2022,HHR,CA,AWP,WE,Federal Contract Tower,0,7,15,0,22,0,0,90,0,90,0,7,105,0,112,64,0,64,176
03/13/2022,HHR,CA,AWP,WE,Federal Contract Tower,0,15,16,0,31,0,2,85,0,87,0,17,101,0,118,98,0,98,216
03/14/2022,HHR,CA,AWP,WE,Federal Contract Tower,0,22,15,0,37,11,2,75,0,88,11,24,90,0,125,80,0,80,205
03/15/2022,HHR,CA,AWP,WE,Federal Contract Tower,0,10,16,0,26,0,1,97,0,98,0,11,113,0,124,130,0,130,254
03/16/2022,HHR,CA,AWP,WE,Federal Contract Tower,0,9,17,0,26,0,9,72,0,81,0,18,89,0,107,72,0,72,179
03/17/2022,HHR,CA,AWP,WE,Federal Contract Tower,0,13,14,0,27,0,2,59,0,61,0,15,73,0,88,89,0,89,177
03/18/2022,HHR,CA,AWP,WE,Federal Contract Tower,0,9,25,0,34,0,1,77,0,78,0,10,102,0,112,72,0,72,184
03/19/2022,HHR,CA,AWP,WE,Federal Contract Tower,0,2,19,0,21,0,0,66,0,66,0,2,85,0,87,59,0,59,146
03/20/2022,HHR,CA,AWP,WE,Federal Contract Tower,0,13,23,0,36,0,1,49,0,50,0,14,72,0,86,38,0,38,124
03/21/2022,HHR,CA,AWP,WE,Federal Contract Tower,0,7,9,0,16,0,2,56,0,58,0,9,65,0,74,34,0,34,108
03/22/2022,HHR,CA,AWP,WE,Federal Contract Tower,0,11,15,0,26,0,1,90,0,91,0,12,105,0,117,194,0,194,311
03/23/2022,HHR,CA,AWP,WE,Federal Contract Tower,0,11,20,0,31,0,1,71,0,72,0,12,91,0,103,64,0,64,167
03/24/2022,HHR,CA,AWP,WE,Federal Contract Tower,0,10,8,0,18,0,2,62,1,65,0,12,70,1,83,126,0,126,209
03/25/2022,HHR,CA,AWP,WE,Federal Contract Tower,0,10,12,0,22,0,1,45,2,48,0,11,57,2,70,74,0,74,144
03/26/2022,HHR,CA,AWP,WE,Federal Contract Tower,0,8,15,0,23,0,1,73,0,74,0,9,88,0,97,144,0,144,241
03/27/2022,HHR,CA,AWP,WE,Federal Contract Tower,0,9,24,0,33,0,1,42,0,43,0,10,66,0,76,43,0,43,119
03/28/2022,HHR,CA,AWP,WE,Federal Contract Tower,0,7,8,0,15,0,0,1,0,1,0,7,9,0,16,0,0,0,16
03/29/2022,HHR,CA,AWP,WE,Federal Contract Tower,0,12,16,0,28,0,2,72,0,74,0,14,88,0,102,108,0,108,210
03/30/2022,HHR,CA,AWP,WE,Federal Contract Tower,0,7,20,0,27,0,2,69,0,71,0,9,89,0,98,130,0,130,228
03/31/2022,HHR,CA,AWP,WE,Federal Contract Tower,0,16,29,0,45,0,1,39,0,40,0,17,68,0,85,83,0,83,168
04/01/2022,HHR,CA,AWP,WE,Federal Contract Tower,0,14,29,0,43,0,1,78,0,79,0,15,107,0,122,80,0,80,202
04/02/2022,HHR,CA,AWP,WE,Federal Contract Tower,0,2,25,0,27,0,0,22,0,22,0,2,47,0,49,87,0,87,136
04/03/2022,HHR,CA,AWP,WE,Federal Contract Tower,0,15,29,0,44,0,0,74,0,74,0,15,103,0,118,111,0,111,229
04/04/2022,HHR,CA,AWP,WE,Federal Contract Tower,0,11,11,0,22,0,2,95,0,97,0,13,106,0,119,100,0,100,219
04/05/2022,HHR,CA,AWP,WE,Federal Contract Tower,0,3,15,0,18,0,0,98,0,98,0,3,113,0,116,148,0,148,264
04/06/2022,HHR,CA,AWP,WE,Federal Contract Tower,0,10,13,0,23,0,2,75,0,77,0,12,88,0,100,72,0,72,172
04/07/2022,HHR,CA,AWP,WE,Federal Contract Tower,0,11,19,0,30,0,1,54,0,55,0,12,73,0,85,71,0,71,156
04/08/2022,HHR,CA,AWP,WE,Federal Contract Tower,0,12,23,0,35,0,2,84,0,86,0,14,107,0,121,82,0,82,203
04/09/2022,HHR,CA,AWP,WE,Federal Contract Tower,0,6,11,0,17,0,0,94,12,106,0,6,105,12,123,63,0,63,186
04/10/2022,HHR,CA,AWP,WE,Federal Contract Tower,0,21,21,0,42,0,0,51,0,51,0,21,72,0,93,76,0,76,169
04/11/2022,HHR,CA,AWP,WE,Federal Contract Tower,0,16,25,0,41,0,1,60,0,61,0,17,85,0,102,108,0,108,210
04/12/2022,HHR,CA,AWP,WE,Federal Contract Tower,0,8,11,0,19,0,1,39,0,40,0,9,50,0,59,6,0,6,65
04/13/2022,HHR,CA,AWP,WE,Federal Contract Tower,0,7,16,0,23,0,4,59,0,63,0,11,75,0,86,62,0,62,148
04/14/2022,HHR,CA,AWP,WE,Federal Contract Tower,0,16,27,0,43,0,0,85,0,85,0,16,112,0,128,134,0,134,262
04/15/2022,HHR,CA,AWP,WE,Federal Contract Tower,0,8,19,0,27,0,2,93,0,95,0,10,112,0,122,133,0,133,255
04/16/2022,HHR,CA,AWP,WE,Federal Contract Tower,0,5,16,0,21,0,1,79,0,80,0,6,95,0,101,84,0,84,185
04/17/2022,HHR,CA,AWP,WE,Federal Contract Tower,0,3,11,0,14,0,5,45,0,50,0,8,56,0,64,57,0,57,121
04/18/2022,HHR,CA,AWP,WE,Federal Contract Tower,0,12,14,0,26,0,1,88,0,89,0,13,102,0,115,181,0,181,296
04/19/2022,HHR,CA,AWP,WE,Federal Contract Tower,0,9,12,0,21,0,2,83,0,85,0,11,95,0,106,144,0,144,250
04/20/2022,HHR,CA,AWP,WE,Federal Contract Tower,0,3,25,0,28,0,2,68,0,70,0,5,93,0,98,104,0,104,202
04/21/2022,HHR,CA,AWP,WE,Federal Contract Tower,0,10,18,0,28,0,2,50,0,52,0,12,68,0,80,143,0,143,223
04/22/2022,HHR,CA,AWP,WE,Federal Contract Tower,0,1,20,0,21,0,1,31,0,32,0,2,51,0,53,30,0,30,83
04/23/2022,HHR,CA,AWP,WE,Federal Contract Tower,0,3,16,0,19,0,0,79,0,79,0,3,95,0,98,72,0,72,170
04/24/2022,HHR,CA,AWP,WE,Federal Contract Tower,0,11,12,0,23,0,0,82,0,82,0,11,94,0,105,83,0,83,188
04/25/2022,HHR,CA,AWP,WE,Federal Contract Tower,0,10,12,0,22,0,6,91,0,97,0,16,103,0,119,79,0,79,198
04/26/2022,HHR,CA,AWP,WE,Federal Contract Tower,0,5,15,0,20,0,2,100,0,102,0,7,115,0,122,127,0,127,249
04/27/2022,HHR,CA,AWP,WE,Federal Contract Tower,0,7,14,0,21,0,0,77,0,77,0,7,91,0,98,134,0,134,232
04/28/2022,HHR,CA,AWP,WE,Federal Contract Tower,0,16,28,0,44,0,0,50,0,50,0,16,78,0,94,193,0,193,287
04/29/2022,HHR,CA,AWP,WE,Federal Contract Tower,0,12,16,0,28,0,2,54,0,56,0,14,70,0,84,90,0,90,174
04/30/2022,HHR,CA,AWP,WE,Federal Contract Tower,0,6,17,0,23,0,1,74,0,75,0,7,91,0,98,104,0,104,202
05/01/2022,HHR,CA,AWP,WE,Federal Contract Tower,0,8,14,0,22,0,5,96,0,101,0,13,110,0,123,308,0,308,431
05/02/2022,HHR,CA,AWP,WE,Federal Contract Tower,0,8,22,0,30,0,6,57,0,63,0,14,79,0,93,101,0,101,194
05/03/2022,HHR,CA,AWP,WE,Federal Contract Tower,0,9,24,0,33,0,2,76,0,78,0,11,100,0,111,198,0,198,309
05/04/2022,HHR,CA,AWP,WE,Federal Contract Tower,0,8,19,0,27,0,1,104,0,105,0,9,123,0,132,170,0,170,302
05/05/2022,HHR,CA,AWP,WE,Federal Contract Tower,0,16,17,0,33,0,0,41,0,41,0,16,58,0,74,105,0,105,179
05/06/2022,HHR,CA,AWP,WE,Federal Contract Tower,0,8,23,0,31,0,1,74,0,75,0,9,97,0,106,128,0,128,234
05/07/2022,HHR,CA,AWP,WE,Federal Contract Tower,0,4,18,0,22,0,1,70,0,71,0,5,88,0,93,80,1,81,174
05/08/2022,HHR,CA,AWP,WE,Federal Contract Tower,0,5,23,0,28,0,4,57,0,61,0,9,80,0,89,48,0,48,137
05/09/2022,HHR,CA,AWP,WE,Federal Contract Tower,0,7,14,0,21,0,3,66,0,69,0,10,80,0,90,103,0,103,193
05/10/2022,HHR,CA,AWP,WE,Federal Contract Tower,0,5,12,0,17,0,0,83,0,83,0,5,95,0,100,156,0,156,256
05/11/2022,HHR,CA,AWP,WE,Federal Contract Tower,0,10,17,0,27,0,2,60,0,62,0,12,77,0,89,62,0,62,151
05/12/2022,HHR,CA,AWP,WE,Federal Contract Tower,0,11,19,0,30,0,0,75,0,75,0,11,94,0,105,165,0,165,270
05/13/2022,HHR,CA,AWP,WE,Federal Contract Tower,0,8,36,0,44,0,0,59,0,59,0,8,95,0,103,88,0,88,191
05/14/2022,HHR,CA,AWP,WE,Federal Contract Tower,0,3,19,0,22,0,0,98,0,98,0,3,117,0,120,129,0,129,249
05/15/2022,HHR,CA,AWP,WE,Federal Contract Tower,0,7,23,0,30,0,2,79,0,81,0,9,102,0,111,100,0,100,211
05/16/2022,HHR,CA,AWP,WE,Federal Contract Tower,0,6,25,0,31,0,5,56,0,61,0,11,81,0,92,75,0,75,167
05/17/2022,HHR,CA,AWP,WE,Federal Contract Tower,0,12,19,0,31,0,1,84,0,85,0,13,103,0,116,170,0,170,286
05/18/2022,HHR,CA,AWP,WE,Federal Contract Tower,0,6,25,0,31,0,1,51,0,52,0,7,76,0,83,82,0,82,165
05/19/2022,HHR,CA,AWP,WE,Federal Contract Tower,0,9,31,0,40,0,0,25,0,25,0,9,56,0,65,57,0,57,122
05/20/2022,HHR,CA,AWP,WE,Federal Contract Tower,0,6,39,0,45,0,0,25,1,26,0,6,64,1,71,98,0,98,169
05/21/2022,HHR,CA,AWP,WE,Federal Contract Tower,0,1,20,0,21,0,0,67,0,67,0,1,87,0,88,175,0,175,263
05/22/2022,HHR,CA,AWP,WE,Federal Contract Tower,0,6,20,0,26,0,1,86,0,87,0,7,106,0,113,118,0,118,231
05/23/2022,HHR,CA,AWP,WE,Federal Contract Tower,0,9,28,0,37,1,0,49,0,50,1,9,77,0,87,83,0,83,170
05/24/2022,HHR,CA,AWP,WE,Federal Contract Tower,0,3,19,0,22,0,1,77,0,78,0,4,96,0,100,136,0,136,236
05/25/2022,HHR,CA,AWP,WE,Federal Contract Tower,0,1,11,0,12,0,1,55,0,56,0,2,66,0,68,140,0,140,208
05/26/2022,HHR,CA,AWP,WE,Federal Contract Tower,0,15,21,0,36,0,2,55,0,57,0,17,76,0,93,130,0,130,223
05/27/2022,HHR,CA,AWP,WE,Federal Contract Tower,0,9,25,0,34,0,0,71,0,71,0,9,96,0,105,129,0,129,234
05/28/2022,HHR,CA,AWP,WE,Federal Contract Tower,0,0,21,0,21,0,0,49,0,49,0,0,70,0,70,153,0,153,223
05/29/2022,HHR,CA,AWP,WE,Federal Contract Tower,0,7,14,0,21,0,0,70,0,70,0,7,84,0,91,94,0,94,185
05/30/2022,HHR,CA,AWP,WE,Federal Contract Tower,0,8,14,0,22,0,5,59,0,64,0,13,73,0,86,77,0,77,163
05/31/2022,HHR,CA,AWP,WE,Federal Contract Tower,0,4,6,0,10,0,0,68,0,68,0,4,74,0,78,126,0,126,204
06/01/2022,HHR,CA,AWP,WE,Federal Contract Tower,0,7,10,0,17,0,1,87,0,88,0,8,97,0,105,168,0,168,273
06/02/2022,HHR,CA,AWP,WE,Federal Contract Tower,0,7,26,0,33,0,0,30,0,30,0,7,56,0,63,112,0,112,175
06/03/2022,HHR,CA,AWP,WE,Federal Contract Tower,0,16,22,0,38,0,0,29,0,29,0,16,51,0,67,73,0,73,140
06/04/2022,HHR,CA,AWP,WE,Federal Contract Tower,0,8,38,0,46,0,0,35,0,35,0,8,73,0,81,58,0,58,139
06/05/2022,HHR,CA,AWP,WE,Federal Contract Tower,0,8,10,0,18,0,3,71,0,74,0,11,81,0,92,190,0,190,282
06/06/2022,HHR,CA,AWP,WE,Federal Contract Tower,0,2,18,0,20,0,2,48,0,50,0,4,66,0,70,106,0,106,176
06/07/2022,HHR,CA,AWP,WE,Federal Contract Tower,0,14,21,0,35,0,0,62,2,64,0,14,83,2,99,74,0,74,173
06/08/2022,HHR,CA,AWP,WE,Federal Contract Tower,0,2,11,0,13,0,0,5,2,7,0,2,16,2,20,0,0,0,20
06/09/2022,HHR,CA,AWP,WE,Federal Contract Tower,0,0,2,2,4,0,0,2,2,4,0,0,4,4,8,0,0,0,8
06/10/2022,HHR,CA,AWP,WE,Federal Contract Tower,0,1,0,0,1,0,0,2,2,4,0,1,2,2,5,0,0,0,5
06/11/2022,HHR,CA,AWP,WE,Federal Contract Tower,0,7,8,0,15,0,6,38,2,46,0,13,46,2,61,59,0,59,120
06/12/2022,HHR,CA,AWP,WE,Federal Contract Tower,0,8,21,0,29,0,1,58,0,59,0,9,79,0,88,68,0,68,156
06/13/2022,HHR,CA,AWP,WE,Federal Contract Tower,0,6,24,0,30,0,0,48,0,48,0,6,72,0,78,28,0,28,106
06/14/2022,HHR,CA,AWP,WE,Federal Contract Tower,0,5,21,0,26,0,2,77,0,79,0,7,98,0,105,66,0,66,171
06/15/2022,HHR,CA,AWP,WE,Federal Contract Tower,0,2,23,0,25,0,2,70,0,72,0,4,93,0,97,42,0,42,139
06/16/2022,HHR,CA,AWP,WE,Federal Contract Tower,0,11,16,0,27,0,0,22,0,22,0,11,38,0,49,16,0,16,65
06/17/2022,HHR,CA,AWP,WE,Federal Contract Tower,0,10,29,0,39,0,0,65,0,65,0,10,94,0,104,165,0,165,269
06/18/2022,HHR,CA,AWP,WE,Federal Contract Tower,0,6,17,0,23,0,0,91,0,91,0,6,108,0,114,109,0,109,223
06/19/2022,HHR,CA,AWP,WE,Federal Contract Tower,0,5,16,0,21,0,0,53,0,53,0,5,69,0,74,47,0,47,121
06/20/2022,HHR,CA,AWP,WE,Federal Contract Tower,0,11,13,0,24,0,3,59,0,62,0,14,72,0,86,59,0,59,145
06/21/2022,HHR,CA,AWP,WE,Federal Contract Tower,0,16,34,0,50,0,0,73,0,73,0,16,107,0,123,156,0,156,279
06/22/2022,HHR,CA,AWP,WE,Federal Contract Tower,0,11,18,0,29,0,0,32,0,32,0,11,50,0,61,18,0,18,79
06/23/2022,HHR,CA,AWP,WE,Federal Contract Tower,0,12,23,0,35,0,0,56,0,56,0,12,79,0,91,86,0,86,177
06/24/2022,HHR,CA,AWP,WE,Federal Contract Tower,0,8,22,0,30,0,0,41,0,41,0,8,63,0,71,70,0,70,141
06/25/2022,HHR,CA,AWP,WE,Federal Contract Tower,0,4,16,0,20,0,0,72,0,72,0,4,88,0,92,49,0,49,141
06/26/2022,HHR,CA,AWP,WE,Federal Contract Tower,0,8,14,0,22,0,1,63,0,64,0,9,77,0,86,90,0,90,176
06/27/2022,HHR,CA,AWP,WE,Federal Contract Tower,0,10,14,0,24,0,1,68,0,69,0,11,82,0,93,152,0,152,245
06/28/2022,HHR,CA,AWP,WE,Federal Contract Tower,0,4,20,0,24,0,1,65,0,66,0,5,85,0,90,146,0,146,236
06/29/2022,HHR,CA,AWP,WE,Federal Contract Tower,0,3,20,0,23,0,0,69,0,69,0,3,89,0,92,142,0,142,234
06/30/2022,HHR,CA,AWP,WE,Federal Contract Tower,0,12,10,0,22,0,0,65,0,65,0,12,75,0,87,138,0,138,225
07/01/2022,HHR,CA,AWP,WE,Federal Contract Tower,0,9,28,0,37,0,1,51,0,52,0,10,79,0,89,152,0,152,241
07/02/2022,HHR,CA,AWP,WE,Federal Contract Tower,0,1,9,0,10,0,0,62,0,62,0,1,71,0,72,132,0,132,204
07/03/2022,HHR,CA,AWP,WE,Federal Contract Tower,0,8,17,0,25,0,1,53,0,54,0,9,70,0,79,151,0,151,230
07/04/2022,HHR,CA,AWP,WE,Federal Contract Tower,0,5,5,0,10,0,0,43,0,43,0,5,48,0,53,112,0,112,165
07/05/2022,HHR,CA,AWP,WE,Federal Contract Tower,0,10,19,0,29,0,0,48,0,48,0,10,67,0,77,106,0,106,183
07/06/2022,HHR,CA,AWP,WE,Federal Contract Tower,0,5,19,0,24,0,0,50,0,50,0,5,69,0,74,104,0,104,178
07/07/2022,HHR,CA,AWP,WE,Federal Contract Tower,0,11,23,0,34,0,0,51,0,51,0,11,74,0,85,139,0,139,224
07/08/2022,HHR,CA,AWP,WE,Federal Contract Tower,0,8,27,0,35,0,0,67,0,67,0,8,94,0,102,107,0,107,209
07/09/2022,HHR,CA,AWP,WE,Federal Contract Tower,0,5,13,0,18,0,1,62,1,64,0,6,75,1,82,117,0,117,199
07/10/2022,HHR,CA,AWP,WE,Federal Contract Tower,0,12,22,0,34,0,1,70,0,71,0,13,92,0,105,181,0,181,286
07/11/2022,HHR,CA,AWP,WE,Federal Contract Tower,0,6,29,0,35,0,0,51,0,51,0,6,80,0,86,70,0,70,156
07/12/2022,HHR,CA,AWP,WE,Federal Contract Tower,0,6,13,0,19,0,0,81,0,81,0,6,94,0,100,148,0,148,248
07/13/2022,HHR,CA,AWP,WE,Federal Contract Tower,0,9,19,0,28,0,0,54,0,54,0,9,73,0,82,98,0,98,180
07/14/2022,HHR,CA,AWP,WE,Federal Contract Tower,0,8,18,0,26,0,1,70,0,71,0,9,88,0,97,50,0,50,147
07/15/2022,HHR,CA,AWP,WE,Federal Contract Tower,0,7,23,0,30,0,0,51,0,51,0,7,74,0,81,117,0,117,198
07/16/2022,HHR,CA,AWP,WE,Federal Contract Tower,0,1,11,0,12,0,0,60,0,60,0,1,71,0,72,183,0,183,255
07/17/2022,HHR,CA,AWP,WE,Federal Contract Tower,0,6,21,0,27,0,0,69,0,69,0,6,90,0,96,194,0,194,290
07/18/2022,HHR,CA,AWP,WE,Federal Contract Tower,0,10,17,0,27,0,1,75,0,76,0,11,92,0,103,93,0,93,196
07/19/2022,HHR,CA,AWP,WE,Federal Contract Tower,0,7,21,0,28,0,0,68,0,68,0,7,89,0,96,98,0,98,194
07/20/2022,HHR,CA,AWP,WE,Federal Contract Tower,0,5,20,0,25,0,1,57,0,58,0,6,77,0,83,102,0,102,185
07/21/2022,HHR,CA,AWP,WE,Federal Contract Tower,0,12,13,0,25,0,0,78,0,78,0,12,91,0,103,163,0,163,266
07/22/2022,HHR,CA,AWP,WE,Federal Contract Tower,0,6,30,0,36,0,0,54,0,54,0,6,84,0,90,135,0,135,225
07/23/2022,HHR,CA,AWP,WE,Federal Contract Tower,0,10,15,0,25,0,0,38,0,38,0,10,53,0,63,78,0,78,141
07/24/2022,HHR,CA,AWP,WE,Federal Contract Tower,0,6,29,0,35,0,0,42,0,42,0,6,71,0,77,66,0,66,143
07/25/2022,HHR,CA,AWP,WE,Federal Contract Tower,0,10,23,0,33,0,0,51,0,51,0,10,74,0,84,83,0,83,167
07/26/2022,HHR,CA,AWP,WE,Federal Contract Tower,0,10,13,0,23,0,2,56,0,58,0,12,69,0,81,137,0,137,218
07/27/2022,HHR,CA,AWP,WE,Federal Contract Tower,0,3,24,0,27,0,4,59,0,63,0,7,83,0,90,150,0,150,240
07/28/2022,HHR,CA,AWP,WE,Federal Contract Tower,0,12,23,0,35,0,0,78,0,78,0,12,101,0,113,125,0,125,238
07/29/2022,HHR,CA,AWP,WE,Federal Contract Tower,0,7,17,0,24,0,0,73,0,73,0,7,90,0,97,114,0,114,211
07/30/2022,HHR,CA,AWP,WE,Federal Contract Tower,0,5,4,0,9,0,0,70,2,72,0,5,74,2,81,122,0,122,203
07/31/2022,HHR,CA,AWP,WE,Federal Contract Tower,0,9,18,0,27,0,0,49,0,49,0,9,67,0,76,159,0,159,235
08/01/2022,HHR,CA,AWP,WE,Federal Contract Tower,0,13,20,0,33,0,0,75,0,75,0,13,95,0,108,121,0,121,229
08/02/2022,HHR,CA,AWP,WE,Federal Contract Tower,0,3,18,0,21,0,1,98,0,99,0,4,116,0,120,179,0,179,299
08/03/2022,HHR,CA,AWP,WE,Federal Contract Tower,0,5,25,0,30,0,0,67,0,67,0,5,92,0,97,91,0,91,188
08/04/2022,HHR,CA,AWP,WE,Federal Contract Tower,0,10,18,0,28,0,0,67,0,67,0,10,85,0,95,50,0,50,145
08/05/2022,HHR,CA,AWP,WE,Federal Contract Tower,0,15,18,0,33,0,0,69,0,69,0,15,87,0,102,57,2,59,161
08/06/2022,HHR,CA,AWP,WE,Federal Contract Tower,0,10,18,0,28,0,2,60,0,62,0,12,78,0,90,36,0,36,126
08/07/2022,HHR,CA,AWP,WE,Federal Contract Tower,0,14,13,0,27,0,1,64,0,65,0,15,77,0,92,71,0,71,163
08/08/2022,HHR,CA,AWP,WE,Federal Contract Tower,0,10,25,0,35,0,1,81,0,82,0,11,106,0,117,52,0,52,169
08/09/2022,HHR,CA,AWP,WE,Federal Contract Tower,0,4,12,0,16,0,1,77,0,78,0,5,89,0,94,92,0,92,186
08/10/2022,HHR,CA,AWP,WE,Federal Contract Tower,0,2,15,0,17,0,1,55,0,56,0,3,70,0,73,118,0,118,191
08/11/2022,HHR,CA,AWP,WE,Federal Contract Tower,0,12,19,0,31,0,1,54,0,55,0,13,73,0,86,24,0,24,110
08/12/2022,HHR,CA,AWP,WE,Federal Contract Tower,0,10,15,0,25,0,0,67,0,67,0,10,82,0,92,58,0,58,150
08/13/2022,HHR,CA,AWP,WE,Federal Contract Tower,0,1,5,0,6,0,0,79,0,79,0,1,84,0,85,160,0,160,245
08/15/2022,HHR,CA,AWP,WE,Federal Contract Tower,0,13,19,0,32,0,3,74,0,77,0,16,93,0,109,70,0,70,179
08/16/2022,HHR,CA,AWP,WE,Federal Contract Tower,0,9,11,0,20,0,0,76,0,76,0,9,87,0,96,80,0,80,176
08/17/2022,HHR,CA,AWP,WE,Federal Contract Tower,0,12,16,0,28,0,0,112,0,112,0,12,128,0,140,284,0,284,424
08/18/2022,HHR,CA,AWP,WE,Federal Contract Tower,0,12,23,0,35,0,0,64,0,64,0,12,87,0,99,56,0,56,155
08/19/2022,HHR,CA,AWP,WE,Federal Contract Tower,0,13,21,0,34,0,0,69,0,69,0,13,90,0,103,109,0,109,212
08/20/2022,HHR,CA,AWP,WE,Federal Contract Tower,0,6,25,0,31,0,0,37,0,37,0,6,62,0,68,76,0,76,144
08/21/2022,HHR,CA,AWP,WE,Federal Contract Tower,0,9,29,0,38,0,1,45,0,46,0,10,74,0,84,118,0,118,202
08/22/2022,HHR,CA,AWP,WE,Federal Contract Tower,0,9,27,0,36,0,0,17,0,17,0,9,44,0,53,20,0,20,73
08/23/2022,HHR,CA,AWP,WE,Federal Contract Tower,0,12,23,0,35,0,5,75,0,80,0,17,98,0,115,125,0,125,240
08/24/2022,HHR,CA,AWP,WE,Federal Contract Tower,0,12,14,0,26,0,0,55,0,55,0,12,69,0,81,102,0,102,183
08/25/2022,HHR,CA,AWP,WE,Federal Contract Tower,0,6,17,0,23,0,0,63,0,63,0,6,80,0,86,84,0,84,170
08/26/2022,HHR,CA,AWP,WE,Federal Contract Tower,0,13,29,0,42,0,0,31,0,31,0,13,60,0,73,60,0,60,133
08/27/2022,HHR,CA,AWP,WE,Federal Contract Tower,0,1,15,0,16,0,0,61,0,61,0,1,76,0,77,231,0,231,308
08/28/2022,HHR,CA,AWP,WE,Federal Contract Tower,0,13,25,0,38,0,0,56,0,56,0,13,81,0,94,64,0,64,158
08/29/2022,HHR,CA,AWP,WE,Federal Contract Tower,0,14,23,0,37,0,0,69,0,69,0,14,92,0,106,107,0,107,213
08/30/2022,HHR,CA,AWP,WE,Federal Contract Tower,0,8,11,0,19,0,0,73,0,73,0,8,84,0,92,108,0,108,200
08/31/2022,HHR,CA,AWP,WE,Federal Contract Tower,0,8,29,0,37,0,0,67,0,67,0,8,96,0,104,59,0,59,163
09/01/2022,HHR,CA,AWP,WE,Federal Contract Tower,0,14,22,0,36,0,0,66,0,66,0,14,88,0,102,61,0,61,163
09/02/2022,HHR,CA,AWP,WE,Federal Contract Tower,0,14,18,0,32,0,0,65,0,65,0,14,83,0,97,123,0,123,220
09/03/2022,HHR,CA,AWP,WE,Federal Contract Tower,0,6,10,0,16,0,0,50,6,56,0,6,60,6,72,135,0,135,207
09/04/2022,HHR,CA,AWP,WE,Federal Contract Tower,0,5,14,0,19,0,0,32,0,32,0,5,46,0,51,95,0,95,146
09/05/2022,HHR,CA,AWP,WE,Federal Contract Tower,0,12,28,0,40,0,0,63,0,63,0,12,91,0,103,147,2,149,252
09/06/2022,HHR,CA,AWP,WE,Federal Contract Tower,0,8,11,0,19,0,1,66,0,67,0,9,77,0,86,174,0,174,260
09/07/2022,HHR,CA,AWP,WE,Federal Contract Tower,0,12,12,0,24,0,2,70,2,74,0,14,82,2,98,168,0,168,266
09/08/2022,HHR,CA,AWP,WE,Federal Contract Tower,0,11,29,0,40,0,0,76,0,76,0,11,105,0,116,54,0,54,170
09/09/2022,HHR,CA,AWP,WE,Federal Contract Tower,0,10,9,2,21,0,7,44,0,51,0,17,53,2,72,48,0,48,120
09/10/2022,HHR,CA,AWP,WE,Federal Contract Tower,0,7,7,0,14,0,2,28,0,30,0,9,35,0,44,66,0,66,110
09/11/2022,HHR,CA,AWP,WE,Federal Contract Tower,0,12,56,0,68,0,0,49,0,49,0,12,105,0,117,24,0,24,141
09/12/2022,HHR,CA,AWP,WE,Federal Contract Tower,0,9,15,0,24,0,0,33,0,33,0,9,48,0,57,60,0,60,117
09/13/2022,HHR,CA,AWP,WE,Federal Contract Tower,0,10,13,0,23,0,1,66,0,67,0,11,79,0,90,92,0,92,182
09/14/2022,HHR,CA,AWP,WE,Federal Contract Tower,0,8,12,0,20,0,5,42,0,47,0,13,54,0,67,128,0,128,195
09/15/2022,HHR,CA,AWP,WE,Federal Contract Tower,0,8,28,0,36,0,0,46,0,46,0,8,74,0,82,52,0,52,134
09/16/2022,HHR,CA,AWP,WE,Federal Contract Tower,0,7,23,0,30,0,2,69,0,71,0,9,92,0,101,193,0,193,294
09/17/2022,HHR,CA,AWP,WE,Federal Contract Tower,0,4,29,0,33,0,0,61,0,61,0,4,90,0,94,263,0,263,357
09/18/2022,HHR,CA,AWP,WE,Federal Contract Tower,0,9,21,0,30,0,0,62,0,62,0,9,83,0,92,62,0,62,154
09/19/2022,HHR,CA,AWP,WE,Federal Contract Tower,0,13,24,0,37,0,1,45,0,46,0,14,69,0,83,76,0,76,159
09/20/2022,HHR,CA,AWP,WE,Federal Contract Tower,0,10,18,0,28,0,2,62,0,64,0,12,80,0,92,85,0,85,177
09/21/2022,HHR,CA,AWP,WE,Federal Contract Tower,0,12,13,0,25,0,0,70,0,70,0,12,83,0,95,72,0,72,167
09/22/2022,HHR,CA,AWP,WE,Federal Contract Tower,0,10,25,0,35,0,0,96,0,96,0,10,121,0,131,56,0,56,187
09/23/2022,HHR,CA,AWP,WE,Federal Contract Tower,0,19,11,0,30,0,0,118,0,118,0,19,129,0,148,98,0,98,246
09/24/2022,HHR,CA,AWP,WE,Federal Contract Tower,0,8,16,0,24,0,0,81,0,81,0,8,97,0,105,127,0,127,232
09/25/2022,HHR,CA,AWP,WE,Federal Contract Tower,0,9,11,0,20,0,2,45,0,47,0,11,56,0,67,0,0,0,67
09/26/2022,HHR,CA,AWP,WE,Federal Contract Tower,0,8,15,0,23,0,0,75,0,75,0,8,90,0,98,77,0,77,175
09/27/2022,HHR,CA,AWP,WE,Federal Contract Tower,0,7,20,0,27,0,0,86,0,86,0,7,106,0,113,152,0,152,265
09/28/2022,HHR,CA,AWP,WE,Federal Contract Tower,0,21,20,0,41,0,0,59,0,59,0,21,79,0,100,93,0,93,193
09/29/2022,HHR,CA,AWP,WE,Federal Contract Tower,0,11,21,0,32,0,0,73,0,73,0,11,94,0,105,66,0,66,171
09/30/2022,HHR,CA,AWP,WE,Federal Contract Tower,0,17,29,0,46,0,0,52,0,52,0,17,81,0,98,67,0,67,165
10/01/2022,HHR,CA,AWP,WE,Federal Contract Tower,0,5,17,0,22,0,1,55,1,57,0,6,72,1,79,110,1,111,190
10/02/2022,HHR,CA,AWP,WE,Federal Contract Tower,0,9,20,0,29,0,1,36,0,37,0,10,56,0,66,116,0,116,182
10/03/2022,HHR,CA,AWP,WE,Federal Contract Tower,0,12,9,0,21,0,0,58,0,58,0,12,67,0,79,69,0,69,148
10/04/2022,HHR,CA,AWP,WE,Federal Contract Tower,0,12,16,0,28,0,1,85,0,86,0,13,101,0,114,119,0,119,233
10/05/2022,HHR,CA,AWP,WE,Federal Contract Tower,0,15,20,0,35,0,1,72,0,73,0,16,92,0,108,165,0,165,273
10/06/2022,HHR,CA,AWP,WE,Federal Contract Tower,0,9,30,0,39,0,0,34,0,34,0,9,64,0,73,22,0,22,95
10/07/2022,HHR,CA,AWP,WE,Federal Contract Tower,0,8,32,0,40,0,0,39,0,39,0,8,71,0,79,78,0,78,157
10/08/2022,HHR,CA,AWP,WE,Federal Contract Tower,0,6,17,0,23,0,0,46,0,46,0,6,63,0,69,80,0,80,149
10/09/2022,HHR,CA,AWP,WE,Federal Contract Tower,0,20,28,0,48,0,0,45,0,45,0,20,73,0,93,12,0,12,105
10/10/2022,HHR,CA,AWP,WE,Federal Contract Tower,0,8,16,0,24,0,0,45,0,45,0,8,61,0,69,83,0,83,152
10/11/2022,HHR,CA,AWP,WE,Federal Contract Tower,0,9,18,0,27,0,0,51,0,51,0,9,69,0,78,86,0,86,164
10/12/2022,HHR,CA,AWP,WE,Federal Contract Tower,0,13,18,0,31,0,0,24,0,24,0,13,42,0,55,18,0,18,73
10/13/2022,HHR,CA,AWP,WE,Federal Contract Tower,0,0,0,0,0,0,0,0,4,4,0,0,0,4,4,0,0,0,4
10/14/2022,HHR,CA,AWP,WE,Federal Contract Tower,0,7,16,1,24,0,0,9,2,11,0,7,25,3,35,0,2,2,37
10/15/2022,HHR,CA,AWP,WE,Federal Contract Tower,0,2,11,0,13,0,0,25,0,25,0,2,36,0,38,14,0,14,52
10/16/2022,HHR,CA,AWP,WE,Federal Contract Tower,0,18,29,0,47,0,0,64,0,64,0,18,93,0,111,58,0,58,169
10/17/2022,HHR,CA,AWP,WE,Federal Contract Tower,0,10,34,0,44,0,0,91,0,91,0,10,125,0,135,96,0,96,231
10/18/2022,HHR,CA,AWP,WE,Federal Contract Tower,0,7,28,0,35,0,0,79,0,79,0,7,107,0,114,133,0,133,247
10/19/2022,HHR,CA,AWP,WE,Federal Contract Tower,0,9,26,0,35,0,0,89,0,89,0,9,115,0,124,90,0,90,214
10/20/2022,HHR,CA,AWP,WE,Federal Contract Tower,0,6,24,0,30,0,1,78,0,79,0,7,102,0,109,100,0,100,209
10/21/2022,HHR,CA,AWP,WE,Federal Contract Tower,0,10,27,0,37,0,0,83,0,83,0,10,110,0,120,112,0,112,232
10/22/2022,HHR,CA,AWP,WE,Federal Contract Tower,0,2,11,0,13,0,0,48,0,48,0,2,59,0,61,246,0,246,307
10/23/2022,HHR,CA,AWP,WE,Federal Contract Tower,0,12,38,0,50,0,0,85,0,85,0,12,123,0,135,58,0,58,193
10/24/2022,HHR,CA,AWP,WE,Federal Contract Tower,0,9,25,0,34,0,0,63,0,63,0,9,88,0,97,107,0,107,204
10/25/2022,HHR,CA,AWP,WE,Federal Contract Tower,0,7,15,0,22,0,1,76,0,77,0,8,91,0,99,114,0,114,213
10/26/2022,HHR,CA,AWP,WE,Federal Contract Tower,0,5,23,0,28,0,0,77,0,77,0,5,100,0,105,125,0,125,230
10/27/2022,HHR,CA,AWP,WE,Federal Contract Tower,0,12,26,0,38,0,0,70,0,70,0,12,96,0,108,64,0,64,172
10/28/2022,HHR,CA,AWP,WE,Federal Contract Tower,0,13,18,0,31,0,0,66,0,66,0,13,84,0,97,189,0,189,286
10/29/2022,HHR,CA,AWP,WE,Federal Contract Tower,0,4,18,0,22,0,1,70,0,71,0,5,88,0,93,120,0,120,213
10/30/2022,HHR,CA,AWP,WE,Federal Contract Tower,0,6,42,0,48,0,0,40,0,40,0,6,82,0,88,18,0,18,106
10/31/2022,HHR,CA,AWP,WE,Federal Contract Tower,0,8,18,0,26,0,0,45,0,45,0,8,63,0,71,76,0,76,147
11/01/2022,HHR,CA,AWP,WE,Federal Contract Tower,0,8,18,0,26,0,0,38,0,38,0,8,56,0,64,50,0,50,114
11/02/2022,HHR,CA,AWP,WE,Federal Contract Tower,0,9,17,0,26,0,0,25,0,25,0,9,42,0,51,84,0,84,135
11/03/2022,HHR,CA,AWP,WE,Federal Contract Tower,0,10,18,0,28,0,1,43,0,44,0,11,61,0,72,67,0,67,139
11/04/2022,HHR,CA,AWP,WE,Federal Contract Tower,0,13,26,0,39,0,0,67,1,68,0,13,93,1,107,105,0,105,212
11/05/2022,HHR,CA,AWP,WE,Federal Contract Tower,0,4,15,0,19,0,1,81,0,82,0,5,96,0,101,210,0,210,311
11/06/2022,HHR,CA,AWP,WE,Federal Contract Tower,0,9,26,0,35,0,0,79,0,79,0,9,105,0,114,95,0,95,209
11/07/2022,HHR,CA,AWP,WE,Federal Contract Tower,0,9,11,0,20,0,0,17,0,17,0,9,28,0,37,4,0,4,41
11/08/2022,HHR,CA,AWP,WE,Federal Contract Tower,0,8,9,0,17,0,0,3,0,3,0,8,12,0,20,2,0,2,22
11/09/2022,HHR,CA,AWP,WE,Federal Contract Tower,0,10,16,0,26,0,0,50,0,50,0,10,66,0,76,0,0,0,76
11/10/2022,HHR,CA,AWP,WE,Federal Contract Tower,0,8,14,0,22,0,0,68,0,68,0,8,82,0,90,179,0,179,269
11/11/2022,HHR,CA,AWP,WE,Federal Contract Tower,0,9,13,0,22,0,0,68,0,68,0,9,81,0,90,226,0,226,316
11/12/2022,HHR,CA,AWP,WE,Federal Contract Tower,0,2,15,0,17,0,0,116,0,116,0,2,131,0,133,122,0,122,255
11/13/2022,HHR,CA,AWP,WE,Federal Contract Tower,0,19,19,0,38,0,0,59,0,59,0,19,78,0,97,10,0,10,107
11/14/2022,HHR,CA,AWP,WE,Federal Contract Tower,0,13,20,0,33,0,2,79,0,81,0,15,99,0,114,0,0,0,114
11/15/2022,HHR,CA,AWP,WE,Federal Contract Tower,0,15,21,0,36,0,2,86,0,88,0,17,107,0,124,141,0,141,265
11/16/2022,HHR,CA,AWP,WE,Federal Contract Tower,0,12,11,0,23,0,0,59,0,59,0,12,70,0,82,146,0,146,228
11/17/2022,HHR,CA,AWP,WE,Federal Contract Tower,0,12,15,0,27,0,0,78,0,78,0,12,93,0,105,110,0,110,215
11/18/2022,HHR,CA,AWP,WE,Federal Contract Tower,0,11,11,0,22,0,0,100,0,100,0,11,111,0,122,164,0,164,286
11/19/2022,HHR,CA,AWP,WE,Federal Contract Tower,0,5,11,0,16,0,0,80,0,80,0,5,91,0,96,130,0,130,226
11/20/2022,HHR,CA,AWP,WE,Federal Contract Tower,0,8,17,0,25,0,0,72,0,72,0,8,89,0,97,0,0,0,97
11/21/2022,HHR,CA,AWP,WE,Federal Contract Tower,0,15,22,0,37,0,0,60,0,60,0,15,82,0,97,42,0,42,139
11/22/2022,HHR,CA,AWP,WE,Federal Contract Tower,0,10,16,0,26,0,0,73,0,73,0,10,89,0,99,70,0,70,169
11/23/2022,HHR,CA,AWP,WE,Federal Contract Tower,0,9,14,0,23,0,0,73,0,73,0,9,87,0,96,124,0,124,220
11/24/2022,HHR,CA,AWP,WE,Federal Contract Tower,0,4,5,0,9,0,0,15,0,15,0,4,20,0,24,58,0,58,82
11/25/2022,HHR,CA,AWP,WE,Federal Contract Tower,0,12,14,0,26,0,0,78,0,78,0,12,92,0,104,36,0,36,140
11/26/2022,HHR,CA,AWP,WE,Federal Contract Tower,0,14,12,0,26,0,0,51,0,51,0,14,63,0,77,86,0,86,163
11/27/2022,HHR,CA,AWP,WE,Federal Contract Tower,0,17,23,0,40,0,0,75,0,75,0,17,98,0,115,88,0,88,203
11/28/2022,HHR,CA,AWP,WE,Federal Contract Tower,0,11,18,0,29,0,0,43,0,43,0,11,61,0,72,20,0,20,92
11/29/2022,HHR,CA,AWP,WE,Federal Contract Tower,0,6,21,0,27,0,3,73,0,76,0,9,94,0,103,80,0,80,183
11/30/2022,HHR,CA,AWP,WE,Federal Contract Tower,0,13,24,0,37,0,0,46,0,46,0,13,70,0,83,100,0,100,183
12/01/2022,HHR,CA,AWP,WE,Federal Contract Tower,0,13,25,0,38,0,0,37,0,37,0,13,62,0,75,42,0,42,117
12/02/2022,HHR,CA,AWP,WE,Federal Contract Tower,0,11,21,0,32,0,1,6,0,7,0,12,27,0,39,0,0,0,39
12/03/2022,HHR,CA,AWP,WE,Federal Contract Tower,0,5,15,0,20,0,0,82,0,82,0,5,97,0,102,142,0,142,244
12/04/2022,HHR,CA,AWP,WE,Federal Contract Tower,0,10,21,0,31,0,0,5,0,5,0,10,26,0,36,6,0,6,42
12/05/2022,HHR,CA,AWP,WE,Federal Contract Tower,0,13,24,0,37,0,0,55,0,55,0,13,79,0,92,135,0,135,227
12/06/2022,HHR,CA,AWP,WE,Federal Contract Tower,0,8,26,0,34,0,0,76,0,76,0,8,102,0,110,170,0,170,280
12/07/2022,HHR,CA,AWP,WE,Federal Contract Tower,0,9,14,0,23,0,0,97,0,97,0,9,111,0,120,180,0,180,300
12/08/2022,HHR,CA,AWP,WE,Federal Contract Tower,0,22,27,0,49,0,0,62,0,62,0,22,89,0,111,104,0,104,215
12/09/2022,HHR,CA,AWP,WE,Federal Contract Tower,0,15,15,0,30,0,0,74,0,74,0,15,89,0,104,146,0,146,250
12/10/2022,HHR,CA,AWP,WE,Federal Contract Tower,0,2,4,0,6,0,0,53,0,53,0,2,57,0,59,186,0,186,245
12/11/2022,HHR,CA,AWP,WE,Federal Contract Tower,0,3,16,0,19,0,1,17,0,18,0,4,33,0,37,0,0,0,37
12/12/2022,HHR,CA,AWP,WE,Federal Contract Tower,0,9,16,0,25,0,0,24,0,24,0,9,40,0,49,30,0,30,79
12/13/2022,HHR,CA,AWP,WE,Federal Contract Tower,0,6,23,0,29,0,1,79,0,80,0,7,102,0,109,92,0,92,201
12/14/2022,HHR,CA,AWP,WE,Federal Contract Tower,0,2,19,0,21,0,0,19,1,20,0,2,38,1,41,142,0,142,183
12/15/2022,HHR,CA,AWP,WE,Federal Contract Tower,0,5,18,0,23,0,1,49,0,50,0,6,67,0,73,118,0,118,191
12/16/2022,HHR,CA,AWP,WE,Federal Contract Tower,0,9,23,0,32,0,0,68,0,68,0,9,91,0,100,68,0,68,168
12/17/2022,HHR,CA,AWP,WE,Federal Contract Tower,0,8,27,0,35,0,2,62,1,65,0,10,89,1,100,12,0,12,112
12/18/2022,HHR,CA,AWP,WE,Federal Contract Tower,0,15,36,0,51,0,0,87,0,87,0,15,123,0,138,12,0,12,150
12/19/2022,HHR,CA,AWP,WE,Federal Contract Tower,0,12,19,1,32,0,0,64,0,64,0,12,83,1,96,64,0,64,160
12/20/2022,HHR,CA,AWP,WE,Federal Contract Tower,0,8,16,0,24,0,0,65,0,65,0,8,81,0,89,35,0,35,124
12/21/2022,HHR,CA,AWP,WE,Federal Contract Tower,0,3,5,0,8,0,0,52,0,52,0,3,57,0,60,68,0,68,128
12/22/2022,HHR,CA,AWP,WE,Federal Contract Tower,0,11,25,0,36,0,0,71,0,71,0,11,96,0,107,28,0,28,135
12/23/2022,HHR,CA,AWP,WE,Federal Contract Tower,0,11,22,0,33,0,1,51,1,53,0,12,73,1,86,82,0,82,168
12/24/2022,HHR,CA,AWP,WE,Federal Contract Tower,0,13,11,0,24,0,0,26,0,26,0,13,37,0,50,34,0,34,84
12/25/2022,HHR,CA,AWP,WE,Federal Contract Tower,0,1,7,0,8,0,0,16,0,16,0,1,23,0,24,0,0,0,24
12/26/2022,HHR,CA,AWP,WE,Federal Contract Tower,0,14,24,0,38,0,0,56,0,56,0,14,80,0,94,46,0,46,140
12/27/2022,HHR,CA,AWP,WE,Federal Contract Tower,0,8,5,0,13,0,2,13,6,21,0,10,18,6,34,14,0,14,48
12/28/2022,HHR,CA,AWP,WE,Federal Contract Tower,0,14,13,0,27,0,0,22,0,22,0,14,35,0,49,0,0,0,49
12/29/2022,HHR,CA,AWP,WE,Federal Contract Tower,0,14,17,0,31,0,0,25,0,25,0,14,42,0,56,4,0,4,60
12/30/2022,HHR,CA,AWP,WE,Federal Contract Tower,0,11,22,0,33,0,0,10,0,10,0,11,32,0,43,0,0,0,43
12/31/2022,HHR,CA,AWP,WE,Federal Contract Tower,0,1,7,0,8,0,0,0,0,0,0,1,7,0,8,0,0,0,8
01/01/2023,HHR,CA,AWP,WE,Federal Contract Tower,0,9,21,0,30,0,0,15,0,15,0,9,36,0,45,0,0,0,45
01/02/2023,HHR,CA,AWP,WE,Federal Contract Tower,0,11,22,0,33,0,0,58,0,58,0,11,80,0,91,110,0,110,201
01/03/2023,HHR,CA,AWP,WE,Federal Contract Tower,0,1,4,0,5,0,0,0,0,0,0,1,4,0,5,0,0,0,5
01/04/2023,HHR,CA,AWP,WE,Federal Contract Tower,0,3,8,0,11,0,0,1,0,1,0,3,9,0,12,0,0,0,12
01/05/2023,HHR,CA,AWP,WE,Federal Contract Tower,0,10,11,0,21,0,0,10,0,10,0,10,21,0,31,28,0,28,59
01/06/2023,HHR,CA,AWP,WE,Federal Contract Tower,0,11,16,0,27,0,1,80,0,81,0,12,96,0,108,158,0,158,266
01/07/2023,HHR,CA,AWP,WE,Federal Contract Tower,0,3,18,0,21,0,0,103,0,103,0,3,121,0,124,68,0,68,192
01/08/2023,HHR,CA,AWP,WE,Federal Contract Tower,0,13,22,0,35,0,0,36,0,36,0,13,58,0,71,0,0,0,71
01/09/2023,HHR,CA,AWP,WE,Federal Contract Tower,0,2,4,0,6,0,0,3,0,3,0,2,7,0,9,0,0,0,9
01/10/2023,HHR,CA,AWP,WE,Federal Contract Tower,0,4,18,0,22,0,0,1,0,1,0,4,19,0,23,0,0,0,23
01/11/2023,HHR,CA,AWP,WE,Federal Contract Tower,0,10,13,0,23,0,0,36,0,36,0,10,49,0,59,92,0,92,151
01/12/2023,HHR,CA,AWP,WE,Federal Contract Tower,0,9,17,0,26,0,0,61,0,61,0,9,78,0,87,108,0,108,195
01/13/2023,HHR,CA,AWP,WE,Federal Contract Tower,0,10,14,0,24,0,0,85,0,85,0,10,99,0,109,40,0,40,149
01/14/2023,HHR,CA,AWP,WE,Federal Contract Tower,0,3,7,0,10,0,0,2,0,2,0,3,9,0,12,6,0,6,18
01/15/2023,HHR,CA,AWP,WE,Federal Contract Tower,0,6,8,0,14,0,0,30,0,30,0,6,38,0,44,80,0,80,124
01/16/2023,HHR,CA,AWP,WE,Federal Contract Tower,0,9,5,0,14,0,0,5,0,5,0,9,10,0,19,20,0,20,39
01/17/2023,HHR,CA,AWP,WE,Federal Contract Tower,0,12,14,0,26,0,0,77,0,77,0,12,91,0,103,114,0,114,217
01/18/2023,HHR,CA,AWP,WE,Federal Contract Tower,0,16,10,0,26,0,0,85,0,85,0,16,95,0,111,140,0,140,251
01/19/2023,HHR,CA,AWP,WE,Federal Contract Tower,0,11,26,0,37,0,0,36,0,36,0,11,62,0,73,72,0,72,145
01/21/2023,HHR,CA,AWP,WE,Federal Contract Tower,0,10,6,0,16,0,0,58,0,58,0,10,64,0,74,132,0,132,206
01/22/2023,HHR,CA,AWP,WE,Federal Contract Tower,0,14,14,0,28,0,1,73,0,74,0,15,87,0,102,0,0,0,102
01/23/2023,HHR,CA,AWP,WE,Federal Contract Tower,0,14,22,0,36,0,0,49,0,49,0,14,71,0,85,82,0,82,167
01/24/2023,HHR,CA,AWP,WE,Federal Contract Tower,0,7,12,0,19,0,0,67,0,67,0,7,79,0,86,113,0,113,199
01/25/2023,HHR,CA,AWP,WE,Federal Contract Tower,0,9,10,0,19,0,0,72,0,72,0,9,82,0,91,86,0,86,177
01/26/2023,HHR,CA,AWP,WE,Federal Contract Tower,0,9,14,0,23,0,2,57,0,59,0,11,71,0,82,41,0,41,123
01/27/2023,HHR,CA,AWP,WE,Federal Contract Tower,0,11,17,0,28,0,2,52,0,54,0,13,69,0,82,89,0,89,171
01/28/2023,HHR,CA,AWP,WE,Federal Contract Tower,0,5,22,0,27,0,0,62,0,62,0,5,84,0,89,138,0,138,227
01/29/2023,HHR,CA,AWP,WE,Federal Contract Tower,0,9,19,0,28,0,1,27,0,28,0,10,46,0,56,0,0,0,56
01/30/2023,HHR,CA,AWP,WE,Federal Contract Tower,0,5,11,0,16,0,0,31,0,31,0,5,42,0,47,19,0,19,66
01/31/2023,HHR,CA,AWP,WE,Federal Contract Tower,0,2,9,0,11,0,0,73,0,73,0,2,82,0,84,121,0,121,205
02/01/2023,HHR,CA,AWP,WE,Federal Contract Tower,0,7,14,0,21,0,0,49,0,49,0,7,63,0,70,50,0,50,120
02/02/2023,HHR,CA,AWP,WE,Federal Contract Tower,0,13,15,0,28,0,0,81,0,81,0,13,96,0,109,202,0,202,311
02/03/2023,HHR,CA,AWP,WE,Federal Contract Tower,0,16,12,0,28,0,4,94,0,98,0,20,106,0,126,117,0,117,243
02/04/2023,HHR,CA,AWP,WE,Federal Contract Tower,0,2,12,0,14,0,1,111,0,112,0,3,123,0,126,170,0,170,296
02/05/2023,HHR,CA,AWP,WE,Federal Contract Tower,0,14,10,0,24,0,0,39,0,39,0,14,49,0,63,0,0,0,63
02/06/2023,HHR,CA,AWP,WE,Federal Contract Tower,0,10,20,0,30,0,0,67,0,67,0,10,87,0,97,68,0,68,165
02/07/2023,HHR,CA,AWP,WE,Federal Contract Tower,0,10,18,0,28,0,0,94,0,94,0,10,112,0,122,89,0,89,211
02/08/2023,HHR,CA,AWP,WE,Federal Contract Tower,0,10,11,0,21,0,2,72,0,74,0,12,83,0,95,45,0,45,140
02/09/2023,HHR,CA,AWP,WE,Federal Contract Tower,0,11,12,0,23,0,0,74,0,74,0,11,86,0,97,128,0,128,225
02/10/2023,HHR,CA,AWP,WE,Federal Contract Tower,0,12,12,0,24,0,0,74,0,74,0,12,86,0,98,104,0,104,202
02/11/2023,HHR,CA,AWP,WE,Federal Contract Tower,0,5,15,0,20,0,0,77,0,77,0,5,92,0,97,66,0,66,163
02/12/2023,HHR,CA,AWP,WE,Federal Contract Tower,0,8,14,0,22,0,3,55,0,58,0,11,69,0,80,2,0,2,82
02/13/2023,HHR,CA,AWP,WE,Federal Contract Tower,0,11,19,0,30,0,0,87,0,87,0,11,106,0,117,154,0,154,271
02/14/2023,HHR,CA,AWP,WE,Federal Contract Tower,0,7,10,0,17,0,2,72,0,74,0,9,82,0,91,101,0,101,192
02/15/2023,HHR,CA,AWP,WE,Federal Contract Tower,0,19,22,0,41,0,0,58,0,58,0,19,80,0,99,125,0,125,224
02/16/2023,HHR,CA,AWP,WE,Federal Contract Tower,0,14,16,0,30,0,0,62,0,62,0,14,78,0,92,120,0,120,212
02/17/2023,HHR,CA,AWP,WE,Federal Contract Tower,0,19,18,0,37,0,2,78,0,80,0,21,96,0,117,155,0,155,272
02/18/2023,HHR,CA,AWP,WE,Federal Contract Tower,0,4,10,0,14,0,0,125,0,125,0,4,135,0,139,30,0,30,169
02/19/2023,HHR,CA,AWP,WE,Federal Contract Tower,0,3,11,0,14,0,0,74,0,74,0,3,85,0,88,82,0,82,170
02/20/2023,HHR,CA,AWP,WE,Federal Contract Tower,0,18,24,0,42,0,0,87,0,87,0,18,111,0,129,209,0,209,338
02/21/2023,HHR,CA,AWP,WE,Federal Contract Tower,0,6,13,0,19,0,0,47,0,47,0,6,60,0,66,53,0,53,119
02/22/2023,HHR,CA,AWP,WE,Federal Contract Tower,0,10,9,0,19,0,0,14,0,14,0,10,23,0,33,2,0,2,35
02/23/2023,HHR,CA,AWP,WE,Federal Contract Tower,0,7,14,0,21,0,0,15,0,15,0,7,29,0,36,62,0,62,98
02/24/2023,HHR,CA,AWP,WE,Federal Contract Tower,0,2,2,0,4,0,0,1,0,1,0,2,3,0,5,0,0,0,5
02/25/2023,HHR,CA,AWP,WE,Federal Contract Tower,0,0,2,0,2,0,1,3,0,4,0,1,5,0,6,0,0,0,6
02/26/2023,HHR,CA,AWP,WE,Federal Contract Tower,0,9,15,1,25,0,0,65,0,65,0,9,80,1,90,0,0,0,90
02/27/2023,HHR,CA,AWP,WE,Federal Contract Tower,0,7,10,0,17,0,0,5,0,5,0,7,15,0,22,0,0,0,22
02/28/2023,HHR,CA,AWP,WE,Federal Contract Tower,0,7,13,0,20,0,1,66,0,67,0,8,79,0,87,85,0,85,172
03/01/2023,HHR,CA,AWP,WE,Federal Contract Tower,0,11,10,0,21,0,0,15,0,15,0,11,25,0,36,2,0,2,38
03/02/2023,HHR,CA,AWP,WE,Federal Contract Tower,0,22,17,0,39,0,0,73,0,73,0,22,90,0,112,153,0,153,265
03/03/2023,HHR,CA,AWP,WE,Federal Contract Tower,0,13,17,0,30,0,0,73,0,73,0,13,90,0,103,101,0,101,204
03/04/2023,HHR,CA,AWP,WE,Federal Contract Tower,0,4,15,0,19,0,0,37,0,37,0,4,52,0,56,0,0,0,56
03/05/2023,HHR,CA,AWP,WE,Federal Contract Tower,0,14,16,0,30,0,0,28,0,28,0,14,44,0,58,0,0,0,58
03/06/2023,HHR,CA,AWP,WE,Federal Contract Tower,0,11,18,0,29,0,0,52,0,52,0,11,70,0,81,0,0,0,81
03/07/2023,HHR,CA,AWP,WE,Federal Contract Tower,0,5,14,0,19,0,0,77,0,77,0,5,91,0,96,62,0,62,158
03/08/2023,HHR,CA,AWP,WE,Federal Contract Tower,0,23,25,0,48,0,2,70,0,72,0,25,95,0,120,38,0,38,158
03/09/2023,HHR,CA,AWP,WE,Federal Contract Tower,0,13,23,0,36,0,0,92,0,92,0,13,115,0,128,60,0,60,188
03/10/2023,HHR,CA,AWP,WE,Federal Contract Tower,0,7,1,0,8,0,0,0,0,0,0,7,1,0,8,0,0,0,8
03/11/2023,HHR,CA,AWP,WE,Federal Contract Tower,0,3,9,0,12,0,0,0,0,0,0,3,9,0,12,0,0,0,12
03/12/2023,HHR,CA,AWP,WE,Federal Contract Tower,0,8,19,0,27,0,0,0,0,0,0,8,19,0,27,0,0,0,27
03/13/2023,HHR,CA,AWP,WE,Federal Contract Tower,0,10,16,0,26,0,0,8,0,8,0,10,24,0,34,0,0,0,34
03/14/2023,HHR,CA,AWP,WE,Federal Contract Tower,0,3,3,0,6,0,0,0,0,0,0,3,3,0,6,0,0,0,6
03/15/2023,HHR,CA,AWP,WE,Federal Contract Tower,0,8,10,0,18,1,0,7,0,8,1,8,17,0,26,10,0,10,36
03/16/2023,HHR,CA,AWP,WE,Federal Contract Tower,0,15,16,0,31,0,1,64,0,65,0,16,80,0,96,141,0,141,237
03/17/2023,HHR,CA,AWP,WE,Federal Contract Tower,0,16,17,0,33,0,0,103,0,103,0,16,120,0,136,108,0,108,244
03/18/2023,HHR,CA,AWP,WE,Federal Contract Tower,0,3,10,0,13,0,0,103,0,103,0,3,113,0,116,0,0,0,116
03/19/2023,HHR,CA,AWP,WE,Federal Contract Tower,0,7,18,0,25,0,0,43,0,43,0,7,61,0,68,50,0,50,118
03/20/2023,HHR,CA,AWP,WE,Federal Contract Tower,0,4,16,0,20,0,0,6,0,6,0,4,22,0,26,26,0,26,52
03/21/2023,HHR,CA,AWP,WE,Federal Contract Tower,0,1,4,0,5,1,0,0,0,1,1,1,4,0,6,0,0,0,6
03/22/2023,HHR,CA,AWP,WE,Federal Contract Tower,0,9,11,0,20,0,0,15,0,15,0,9,26,0,35,18,0,18,53
03/23/2023,HHR,CA,AWP,WE,Federal Contract Tower,0,16,30,0,46,0,3,79,0,82,0,19,109,0,128,88,0,88,216
03/24/2023,HHR,CA,AWP,WE,Federal Contract Tower,0,15,21,0,36,0,0,83,0,83,0,15,104,0,119,25,0,25,144
03/25/2023,HHR,CA,AWP,WE,Federal Contract Tower,0,9,16,0,25,0,0,89,0,89,0,9,105,0,114,0,0,0,114
03/26/2023,HHR,CA,AWP,WE,Federal Contract Tower,0,12,18,0,30,0,0,86,0,86,0,12,104,0,116,4,0,4,120
03/27/2023,HHR,CA,AWP,WE,Federal Contract Tower,0,14,20,0,34,0,0,91,0,91,0,14,111,0,125,68,0,68,193
03/28/2023,HHR,CA,AWP,WE,Federal Contract Tower,0,10,13,0,23,0,1,93,0,94,0,11,106,0,117,151,0,151,268
03/29/2023,HHR,CA,AWP,WE,Federal Contract Tower,0,14,8,0,22,0,0,10,0,10,0,14,18,0,32,30,0,30,62
03/30/2023,HHR,CA,AWP,WE,Federal Contract Tower,0,7,12,0,19,0,0,30,0,30,0,7,42,0,49,47,0,47,96
03/31/2023,HHR,CA,AWP,WE,Federal Contract Tower,0,18,21,0,39,0,0,96,0,96,0,18,117,0,135,26,0,26,161
04/01/2023,HHR,CA,AWP,WE,Federal Contract Tower,0,18,13,0,31,0,4,78,0,82,0,22,91,0,113,2,0,2,115
04/02/2023,HHR,CA,AWP,WE,Federal Contract Tower,0,12,10,0,22,0,0,89,0,89,0,12,99,0,111,0,0,0,111
04/03/2023,HHR,CA,AWP,WE,Federal Contract Tower,0,14,15,0,29,0,0,32,0,32,0,14,47,0,61,0,0,0,61
04/04/2023,HHR,CA,AWP,WE,Federal Contract Tower,0,16,15,0,31,0,0,47,0,47,0,16,62,0,78,8,0,8,86
04/06/2023,HHR,CA,AWP,WE,Federal Contract Tower,0,15,10,0,25,0,0,70,0,70,0,15,80,0,95,97,0,97,192
04/09/2023,HHR,CA,AWP,WE,Federal Contract Tower,0,12,15,0,27,0,0,15,0,15,0,12,30,0,42,0,0,0,42
04/10/2023,HHR,CA,AWP,WE,Federal Contract Tower,0,10,6,0,16,0,0,23,0,23,0,10,29,0,39,0,0,0,39
04/11/2023,HHR,CA,AWP,WE,Federal Contract Tower,0,3,10,0,13,0,0,5,0,5,0,3,15,0,18,7,0,7,25
04/12/2023,HHR,CA,AWP,WE,Federal Contract Tower,0,18,14,0,32,0,0,1,0,1,0,18,15,0,33,0,0,0,33
04/13/2023,HHR,CA,AWP,WE,Federal Contract Tower,0,16,27,0,43,0,0,33,0,33,0,16,60,0,76,129,0,129,205
04/14/2023,HHR,CA,AWP,WE,Federal Contract Tower,0,15,17,0,32,0,0,53,1,54,0,15,70,1,86,77,0,77,163
04/15/2023,HHR,CA,AWP,WE,Federal Contract Tower,0,7,17,0,24,0,0,69,0,69,0,7,86,0,93,0,0,0,93
04/16/2023,HHR,CA,AWP,WE,Federal Contract Tower,0,12,34,0,46,0,0,51,0,51,0,12,85,0,97,42,0,42,139
04/17/2023,HHR,CA,AWP,WE,Federal Contract Tower,0,12,15,0,27,0,0,27,0,27,0,12,42,0,54,30,0,30,84
04/18/2023,HHR,CA,AWP,WE,Federal Contract Tower,0,15,17,0,32,0,1,55,0,56,0,16,72,0,88,168,0,168,256
04/19/2023,HHR,CA,AWP,WE,Federal Contract Tower,0,6,21,0,27,0,0,83,0,83,0,6,104,0,110,148,0,148,258
04/20/2023,HHR,CA,AWP,WE,Federal Contract Tower,0,9,10,0,19,0,0,70,0,70,0,9,80,0,89,50,0,50,139
04/21/2023,HHR,CA,AWP,WE,Federal Contract Tower,0,13,11,0,24,0,0,73,0,73,0,13,84,0,97,76,0,76,173
04/22/2023,HHR,CA,AWP,WE,Federal Contract Tower,0,5,8,0,13,0,0,88,0,88,0,5,96,0,101,182,0,182,283
04/23/2023,HHR,CA,AWP,WE,Federal Contract Tower,0,11,11,0,22,0,1,67,0,68,0,12,78,0,90,60,0,60,150
04/24/2023,HHR,CA,AWP,WE,Federal Contract Tower,0,15,24,0,39,0,1,62,0,63,0,16,86,0,102,118,0,118,220
04/25/2023,HHR,CA,AWP,WE,Federal Contract Tower,0,18,16,0,34,0,0,59,0,59,0,18,75,0,93,168,0,168,261
04/26/2023,HHR,CA,AWP,WE,Federal Contract Tower,0,14,19,0,33,0,0,36,0,36,0,14,55,0,69,26,0,26,95
04/27/2023,HHR,CA,AWP,WE,Federal Contract Tower,0,6,24,0,30,0,0,10,0,10,0,6,34,0,40,0,0,0,40
04/28/2023,HHR,CA,AWP,WE,Federal Contract Tower,0,14,11,0,25,0,0,0,0,0,0,14,11,0,25,6,0,6,31
04/29/2023,HHR,CA,AWP,WE,Federal Contract Tower,0,9,10,0,19,0,1,13,0,14,0,10,23,0,33,60,0,60,93
04/30/2023,HHR,CA,AWP,WE,Federal Contract Tower,0,8,22,0,30,0,0,3,0,3,0,8,25,0,33,0,0,0,33
05/01/2023,HHR,CA,AWP,WE,Federal Contract Tower,0,9,17,0,26,0,0,10,1,11,0,9,27,1,37,2,0,2,39
05/02/2023,HHR,CA,AWP,WE,Federal Contract Tower,0,4,7,4,15,0,1,38,0,39,0,5,45,4,54,14,0,14,68
05/03/2023,HHR,CA,AWP,WE,Federal Contract Tower,0,11,15,0,26,0,0,67,0,67,0,11,82,0,93,98,0,98,191
05/04/2023,HHR,CA,AWP,WE,Federal Contract Tower,0,11,12,0,23,0,0,44,0,44,0,11,56,0,67,56,0,56,123
05/05/2023,HHR,CA,AWP,WE,Federal Contract Tower,0,8,16,0,24,0,1,60,0,61,0,9,76,0,85,37,0,37,122
05/06/2023,HHR,CA,AWP,WE,Federal Contract Tower,0,8,12,0,20,0,0,71,0,71,0,8,83,0,91,120,0,120,211
05/07/2023,HHR,CA,AWP,WE,Federal Contract Tower,0,11,9,0,20,0,0,67,0,67,0,11,76,0,87,140,0,140,227
05/08/2023,HHR,CA,AWP,WE,Federal Contract Tower,0,18,12,0,30,0,0,68,0,68,0,18,80,0,98,90,0,90,188
05/09/2023,HHR,CA,AWP,WE,Federal Contract Tower,0,11,13,0,24,0,0,40,0,40,0,11,53,0,64,92,0,92,156
05/10/2023,HHR,CA,AWP,WE,Federal Contract Tower,0,20,15,0,35,0,1,80,0,81,0,21,95,0,116,67,0,67,183
05/11/2023,HHR,CA,AWP,WE,Federal Contract Tower,0,16,15,0,31,0,2,55,0,57,0,18,70,0,88,48,0,48,136
05/14/2023,HHR,CA,AWP,WE,Federal Contract Tower,0,12,14,0,26,0,0,25,0,25,0,12,39,0,51,46,0,46,97
05/15/2023,HHR,CA,AWP,WE,Federal Contract Tower,0,17,22,0,39,0,0,15,0,15,0,17,37,0,54,0,0,0,54
05/16/2023,HHR,CA,AWP,WE,Federal Contract Tower,0,12,21,0,33,0,0,35,0,35,0,12,56,0,68,42,0,42,110
05/17/2023,HHR,CA,AWP,WE,Federal Contract Tower,0,10,13,0,23,0,0,47,0,47,0,10,60,0,70,72,0,72,142
05/18/2023,HHR,CA,AWP,WE,Federal Contract Tower,0,12,12,0,24,0,0,17,0,17,0,12,29,0,41,0,0,0,41
05/19/2023,HHR,CA,AWP,WE,Federal Contract Tower,0,18,23,0,41,0,0,15,0,15,0,18,38,0,56,6,0,6,62
05/20/2023,HHR,CA,AWP,WE,Federal Contract Tower,0,6,14,0,20,0,0,21,0,21,0,6,35,0,41,0,0,0,41
05/21/2023,HHR,CA,AWP,WE,Federal Contract Tower,0,17,21,0,38,0,0,19,0,19,0,17,40,0,57,0,0,0,57
05/22/2023,HHR,CA,AWP,WE,Federal Contract Tower,0,13,18,0,31,0,0,3,0,3,0,13,21,0,34,0,0,0,34
05/23/2023,HHR,CA,AWP,WE,Federal Contract Tower,0,14,23,0,37,0,0,7,0,7,0,14,30,0,44,6,0,6,50
05/24/2023,HHR,CA,AWP,WE,Federal Contract Tower,0,13,19,0,32,0,0,39,0,39,0,13,58,0,71,0,0,0,71
05/25/2023,HHR,CA,AWP,WE,Federal Contract Tower,0,11,30,0,41,0,0,61,0,61,0,11,91,0,102,90,0,90,192
05/26/2023,HHR,CA,AWP,WE,Federal Contract Tower,0,19,32,0,51,0,1,98,0,99,0,20,130,0,150,88,2,90,240
05/27/2023,HHR,CA,AWP,WE,Federal Contract Tower,0,7,28,0,35,0,0,72,0,72,0,7,100,0,107,84,0,84,191
05/28/2023,HHR,CA,AWP,WE,Federal Contract Tower,0,6,21,0,27,0,0,24,0,24,0,6,45,0,51,2,0,2,53
05/29/2023,HHR,CA,AWP,WE,Federal Contract Tower,0,16,30,0,46,0,0,33,0,33,0,16,63,0,79,62,0,62,141
05/30/2023,HHR,CA,AWP,WE,Federal Contract Tower,0,17,19,0,36,0,0,50,0,50,0,17,69,0,86,12,0,12,98
05/31/2023,HHR,CA,AWP,WE,Federal Contract Tower,0,9,23,0,32,0,0,65,0,65,0,9,88,0,97,115,0,115,212
06/01/2023,HHR,CA,AWP,WE,Federal Contract Tower,0,15,9,0,24,0,0,49,0,49,0,15,58,0,73,38,0,38,111
06/02/2023,HHR,CA,AWP,WE,Federal Contract Tower,0,13,10,0,23,0,0,80,0,80,0,13,90,0,103,88,0,88,191
06/03/2023,HHR,CA,AWP,WE,Federal Contract Tower,0,6,15,0,21,0,0,78,0,78,0,6,93,0,99,0,0,0,99
06/04/2023,HHR,CA,AWP,WE,Federal Contract Tower,0,8,9,0,17,0,0,27,0,27,0,8,36,0,44,0,0,0,44
06/05/2023,HHR,CA,AWP,WE,Federal Contract Tower,0,8,15,0,23,0,0,38,0,38,0,8,53,0,61,8,0,8,69
06/06/2023,HHR,CA,AWP,WE,Federal Contract Tower,0,10,14,0,24,0,1,69,0,70,0,11,83,0,94,120,0,120,214
06/07/2023,HHR,CA,AWP,WE,Federal Contract Tower,0,11,15,0,26,0,0,51,0,51,0,11,66,0,77,36,0,36,113
06/08/2023,HHR,CA,AWP,WE,Federal Contract Tower,0,14,29,0,43,0,0,64,0,64,0,14,93,0,107,32,0,32,139
06/09/2023,HHR,CA,AWP,WE,Federal Contract Tower,0,13,17,0,30,0,0,57,2,59,0,13,74,2,89,92,0,92,181
06/10/2023,HHR,CA,AWP,WE,Federal Contract Tower,0,8,23,0,31,0,0,16,0,16,0,8,39,0,47,44,0,44,91
06/11/2023,HHR,CA,AWP,WE,Federal Contract Tower,0,13,18,0,31,0,44,0,0,44,0,57,18,0,75,0,0,0,75
06/12/2023,HHR,CA,AWP,WE,Federal Contract Tower,0,23,22,0,45,0,0,97,0,97,0,23,119,0,142,6,0,6,148
06/13/2023,HHR,CA,AWP,WE,Federal Contract Tower,0,10,7,0,17,0,1,65,0,66,0,11,72,0,83,126,0,126,209
06/14/2023,HHR,CA,AWP,WE,Federal Contract Tower,0,17,16,0,33,0,3,9,0,12,0,20,25,0,45,0,0,0,45
06/15/2023,HHR,CA,AWP,WE,Federal Contract Tower,0,12,28,0,40,0,0,24,0,24,0,12,52,0,64,16,0,16,80
06/16/2023,HHR,CA,AWP,WE,Federal Contract Tower,0,13,21,0,34,0,0,48,0,48,0,13,69,0,82,2,0,2,84
06/17/2023,HHR,CA,AWP,WE,Federal Contract Tower,0,7,13,0,20,0,0,49,0,49,0,7,62,0,69,14,0,14,83
06/18/2023,HHR,CA,AWP,WE,Federal Contract Tower,0,19,23,0,42,0,0,73,0,73,0,19,96,0,115,0,0,0,115
06/19/2023,HHR,CA,AWP,WE,Federal Contract Tower,0,11,20,0,31,0,0,41,0,41,0,11,61,0,72,2,0,2,74
06/20/2023,HHR,CA,AWP,WE,Federal Contract Tower,0,12,12,0,24,0,2,75,0,77,0,14,87,0,101,6,0,6,107
06/21/2023,HHR,CA,AWP,WE,Federal Contract Tower,0,16,19,0,35,0,1,72,0,73,0,17,91,0,108,66,0,66,174
06/22/2023,HHR,CA,AWP,WE,Federal Contract Tower,0,12,16,0,28,0,0,57,0,57,0,12,73,0,85,12,0,12,97
06/23/2023,HHR,CA,AWP,WE,Federal Contract Tower,0,13,21,0,34,0,0,118,0,118,0,13,139,0,152,86,0,86,238
06/24/2023,HHR,CA,AWP,WE,Federal Contract Tower,0,8,18,0,26,1,71,0,0,72,1,79,18,0,98,0,0,0,98
06/25/2023,HHR,CA,AWP,WE,Federal Contract Tower,0,18,20,0,38,0,0,72,0,72,0,18,92,0,110,0,0,0,110
06/26/2023,HHR,CA,AWP,WE,Federal Contract Tower,0,14,11,0,25,0,0,89,0,89,0,14,100,0,114,26,0,26,140
06/27/2023,HHR,CA,AWP,WE,Federal Contract Tower,0,8,5,0,13,0,2,69,0,71,0,10,74,0,84,14,0,14,98
06/29/2023,HHR,CA,AWP,WE,Federal Contract Tower,0,19,10,0,29,0,0,78,0,78,0,19,88,0,107,10,0,10,117
06/30/2023,HHR,CA,AWP,WE,Federal Contract Tower,0,14,25,0,39,0,0,55,0,55,0,14,80,0,94,20,0,20,114
07/01/2023,HHR,CA,AWP,WE,Federal Contract Tower,0,6,6,0,12,0,0,39,0,39,0,6,45,0,51,10,0,10,61
07/02/2023,HHR,CA,AWP,WE,Federal Contract Tower,0,6,12,0,18,0,0,35,0,35,0,6,47,0,53,10,0,10,63
07/03/2023,HHR,CA,AWP,WE,Federal Contract Tower,0,7,13,0,20,0,0,30,0,30,0,7,43,0,50,32,0,32,82
07/04/2023,HHR,CA,AWP,WE,Federal Contract Tower,0,5,5,0,10,0,0,44,0,44,0,5,49,0,54,0,0,0,54
07/05/2023,HHR,CA,AWP,WE,Federal Contract Tower,0,16,10,0,26,0,0,52,0,52,0,16,62,0,78,65,0,65,143
07/06/2023,HHR,CA,AWP,WE,Federal Contract Tower,0,10,6,0,16,0,0,45,0,45,0,10,51,0,61,38,0,38,99
07/07/2023,HHR,CA,AWP,WE,Federal Contract Tower,0,16,16,0,32,0,0,49,0,49,0,16,65,0,81,60,0,60,141
07/08/2023,HHR,CA,AWP,WE,Federal Contract Tower,0,5,9,0,14,0,0,80,0,80,0,5,89,0,94,54,0,54,148
07/09/2023,HHR,CA,AWP,WE,Federal Contract Tower,0,11,12,0,23,0,0,72,0,72,0,11,84,0,95,2,0,2,97
07/10/2023,HHR,CA,AWP,WE,Federal Contract Tower,0,12,16,0,28,0,0,71,0,71,0,12,87,0,99,0,0,0,99
07/11/2023,HHR,CA,AWP,WE,Federal Contract Tower,0,8,11,0,19,0,0,79,0,79,0,8,90,0,98,67,0,67,165
07/12/2023,HHR,CA,AWP,WE,Federal Contract Tower,0,8,5,0,13,0,11,71,0,82,0,19,76,0,95,69,0,69,164
07/13/2023,HHR,CA,AWP,WE,Federal Contract Tower,0,16,15,0,31,0,1,82,0,83,0,17,97,0,114,40,0,40,154
07/14/2023,HHR,CA,AWP,WE,Federal Contract Tower,0,19,8,0,27,0,0,72,0,72,0,19,80,0,99,78,0,78,177
07/15/2023,HHR,CA,AWP,WE,Federal Contract Tower,0,4,17,0,21,0,3,64,0,67,0,7,81,0,88,0,0,0,88
07/16/2023,HHR,CA,AWP,WE,Federal Contract Tower,0,14,12,0,26,0,0,76,0,76,0,14,88,0,102,0,0,0,102
07/17/2023,HHR,CA,AWP,WE,Federal Contract Tower,0,9,2,0,11,0,0,69,0,69,0,9,71,0,80,42,0,42,122
07/18/2023,HHR,CA,AWP,WE,Federal Contract Tower,0,15,10,0,25,0,1,57,0,58,0,16,67,0,83,28,0,28,111
07/19/2023,HHR,CA,AWP,WE,Federal Contract Tower,0,12,8,0,20,0,1,83,0,84,0,13,91,0,104,74,0,74,178
07/20/2023,HHR,CA,AWP,WE,Federal Contract Tower,0,12,10,0,22,0,0,65,0,65,0,12,75,0,87,78,0,78,165
07/21/2023,HHR,CA,AWP,WE,Federal Contract Tower,0,15,9,0,24,0,0,77,0,77,0,15,86,0,101,22,0,22,123
07/22/2023,HHR,CA,AWP,WE,Federal Contract Tower,0,9,10,0,19,0,0,74,0,74,0,9,84,0,93,88,0,88,181
07/23/2023,HHR,CA,AWP,WE,Federal Contract Tower,0,19,20,0,39,0,0,84,0,84,0,19,104,0,123,0,0,0,123
07/24/2023,HHR,CA,AWP,WE,Federal Contract Tower,0,8,13,0,21,0,0,58,0,58,0,8,71,0,79,6,0,6,85
07/25/2023,HHR,CA,AWP,WE,Federal Contract Tower,0,8,10,0,18,0,0,78,0,78,0,8,88,0,96,38,0,38,134
07/26/2023,HHR,CA,AWP,WE,Federal Contract Tower,0,10,5,0,15,0,0,42,0,42,0,10,47,0,57,26,0,26,83
07/27/2023,HHR,CA,AWP,WE,Federal Contract Tower,0,7,13,0,20,0,0,74,0,74,0,7,87,0,94,36,0,36,130
07/28/2023,HHR,CA,AWP,WE,Federal Contract Tower,0,14,10,0,24,0,0,85,0,85,0,14,95,0,109,28,0,28,137
07/29/2023,HHR,CA,AWP,WE,Federal Contract Tower,0,9,9,0,18,0,0,82,0,82,0,9,91,0,100,48,0,48,148
07/30/2023,HHR,CA,AWP,WE,Federal Contract Tower,0,16,29,0,45,0,0,73,0,73,0,16,102,0,118,0,0,0,118
07/31/2023,HHR,CA,AWP,WE,Federal Contract Tower,0,11,15,0,26,0,0,73,0,73,0,11,88,0,99,91,0,91,190
08/01/2023,HHR,CA,AWP,WE,Federal Contract Tower,0,13,12,0,25,0,0,67,0,67,0,13,79,0,92,40,0,40,132
08/02/2023,HHR,CA,AWP,WE,Federal Contract Tower,0,9,17,0,26,0,1,86,0,87,0,10,103,0,113,48,0,48,161
08/03/2023,HHR,CA,AWP,WE,Federal Contract Tower,0,9,9,0,18,0,0,65,0,65,0,9,74,0,83,38,0,38,121
08/04/2023,HHR,CA,AWP,WE,Federal Contract Tower,0,13,18,0,31,0,0,94,0,94,0,13,112,0,125,118,0,118,243
08/05/2023,HHR,CA,AWP,WE,Federal Contract Tower,0,11,6,0,17,0,0,85,0,85,0,11,91,0,102,86,0,86,188
08/06/2023,HHR,CA,AWP,WE,Federal Contract Tower,0,17,22,0,39,0,0,64,0,64,0,17,86,0,103,86,0,86,189
08/07/2023,HHR,CA,AWP,WE,Federal Contract Tower,0,9,12,0,21,0,0,62,0,62,0,9,74,0,83,46,0,46,129
08/08/2023,HHR,CA,AWP,WE,Federal Contract Tower,0,9,19,0,28,0,0,82,0,82,0,9,101,0,110,80,0,80,190
08/09/2023,HHR,CA,AWP,WE,Federal Contract Tower,0,21,18,0,39,0,0,49,0,49,0,21,67,0,88,18,0,18,106
08/10/2023,HHR,CA,AWP,WE,Federal Contract Tower,0,7,11,0,18,0,1,55,0,56,0,8,66,0,74,6,0,6,80
08/11/2023,HHR,CA,AWP,WE,Federal Contract Tower,0,14,12,0,26,0,0,53,0,53,0,14,65,0,79,49,0,49,128
08/12/2023,HHR,CA,AWP,WE,Federal Contract Tower,0,6,12,0,18,0,0,81,0,81,0,6,93,0,99,56,0,56,155
08/13/2023,HHR,CA,AWP,WE,Federal Contract Tower,0,9,18,0,27,0,0,49,0,49,0,9,67,0,76,40,0,40,116
08/14/2023,HHR,CA,AWP,WE,Federal Contract Tower,0,6,17,0,23,0,0,31,0,31,0,6,48,0,54,0,0,0,54
08/15/2023,HHR,CA,AWP,WE,Federal Contract Tower,0,16,20,0,36,0,1,34,0,35,0,17,54,0,71,38,0,38,109
08/16/2023,HHR,CA,AWP,WE,Federal Contract Tower,0,9,12,0,21,0,0,67,0,67,0,9,79,0,88,90,0,90,178
08/17/2023,HHR,CA,AWP,WE,Federal Contract Tower,0,10,11,0,21,0,0,53,0,53,0,10,64,0,74,48,0,48,122
08/18/2023,HHR,CA,AWP,WE,Federal Contract Tower,0,12,15,0,27,0,0,58,0,58,0,12,73,0,85,84,0,84,169
08/19/2023,HHR,CA,AWP,WE,Federal Contract Tower,0,8,19,0,27,0,0,68,0,68,0,8,87,0,95,94,0,94,189
08/20/2023,HHR,CA,AWP,WE,Federal Contract Tower,0,2,0,0,2,0,0,0,0,0,0,2,0,0,2,0,0,0,2
08/22/2023,HHR,CA,AWP,WE,Federal Contract Tower,0,4,15,0,19,0,0,52,0,52,0,4,67,0,71,106,0,106,177
08/23/2023,HHR,CA,AWP,WE,Federal Contract Tower,0,11,9,0,20,0,0,68,0,68,0,11,77,0,88,40,0,40,128
08/24/2023,HHR,CA,AWP,WE,Federal Contract Tower,0,12,13,0,25,0,0,50,0,50,0,12,63,0,75,62,0,62,137
08/25/2023,HHR,CA,AWP,WE,Federal Contract Tower,0,11,14,1,26,0,0,68,0,68,0,11,82,1,94,88,0,88,182
08/26/2023,HHR,CA,AWP,WE,Federal Contract Tower,0,6,8,0,14,0,0,61,0,61,0,6,69,0,75,60,0,60,135
08/27/2023,HHR,CA,AWP,WE,Federal Contract Tower,0,9,20,0,29,0,0,83,0,83,0,9,103,0,112,68,0,68,180
08/28/2023,HHR,CA,AWP,WE,Federal Contract Tower,0,8,13,0,21,0,0,73,0,73,0,8,86,0,94,98,0,98,192
08/29/2023,HHR,CA,AWP,WE,Federal Contract Tower,0,8,10,0,18,0,0,73,0,73,0,8,83,0,91,75,0,75,166
08/30/2023,HHR,CA,AWP,WE,Federal Contract Tower,0,11,12,0,23,0,0,79,0,79,0,11,91,0,102,42,0,42,144
08/31/2023,HHR,CA,AWP,WE,Federal Contract Tower,0,17,13,0,30,0,0,46,0,46,0,17,59,0,76,16,0,16,92
