01/01/2020,HKS,MS,ASO,CE,Federal Contract Tower,0,0,6,0,6,0,4,29,0,33,0,4,35,0,39,96,0,96,135
01/02/2020,HKS,MS,ASO,CE,Federal Contract Tower,0,0,3,0,3,0,0,0,0,0,0,0,3,0,3,0,0,0,3
01/03/2020,HKS,MS,ASO,CE,Federal Contract Tower,0,4,5,0,9,0,0,0,0,0,0,4,5,0,9,0,0,0,9
01/04/2020,HKS,MS,ASO,CE,Federal Contract Tower,0,0,15,0,15,0,2,22,0,24,0,2,37,0,39,44,0,44,83
01/05/2020,HKS,MS,ASO,CE,Federal Contract Tower,0,0,7,0,7,0,0,15,0,15,0,0,22,0,22,90,0,90,112
01/06/2020,HKS,MS,ASO,CE,Federal Contract Tower,0,3,8,0,11,0,0,11,4,15,0,3,19,4,26,10,0,10,36
01/07/2020,HKS,MS,ASO,CE,Federal Contract Tower,0,5,9,2,16,0,4,8,13,25,0,9,17,15,41,10,40,50,91
01/08/2020,HKS,MS,ASO,CE,Federal Contract Tower,0,4,24,4,32,0,6,22,3,31,0,10,46,7,63,108,4,112,175
01/09/2020,HKS,MS,ASO,CE,Federal Contract Tower,0,8,22,3,33,0,10,9,1,20,0,18,31,4,53,22,6,28,81
01/10/2020,HKS,MS,ASO,CE,Federal Contract Tower,0,2,6,0,8,0,3,2,0,5,0,5,8,0,13,8,0,8,21
01/11/2020,HKS,MS,ASO,CE,Federal Contract Tower,0,0,4,0,4,0,4,1,6,11,0,4,5,6,15,0,52,52,67
01/12/2020,HKS,MS,ASO,CE,Federal Contract Tower,0,2,16,1,19,0,0,16,1,17,0,2,32,2,36,64,0,64,100
01/13/2020,HKS,MS,ASO,CE,Federal Contract Tower,0,2,14,0,16,0,0,0,0,0,0,2,14,0,16,0,0,0,16
01/14/2020,HKS,MS,ASO,CE,Federal Contract Tower,0,0,6,0,6,0,0,0,0,0,0,0,6,0,6,0,0,0,6
01/15/2020,HKS,MS,ASO,CE,Federal Contract Tower,0,4,15,0,19,0,6,10,0,16,0,10,25,0,35,34,0,34,69
01/16/2020,HKS,MS,ASO,CE,Federal Contract Tower,0,7,3,2,12,0,10,2,6,18,0,17,5,8,30,0,14,14,44
01/17/2020,HKS,MS,ASO,CE,Federal Contract Tower,0,5,12,1,18,0,2,16,7,25,0,7,28,8,43,12,6,18,61
01/18/2020,HKS,MS,ASO,CE,Federal Contract Tower,0,0,5,0,5,0,0,0,0,0,0,0,5,0,5,6,0,6,11
01/19/2020,HKS,MS,ASO,CE,Federal Contract Tower,0,4,4,0,8,0,2,8,0,10,0,6,12,0,18,2,0,2,20
01/20/2020,HKS,MS,ASO,CE,Federal Contract Tower,0,2,8,0,10,0,4,20,0,24,0,6,28,0,34,24,0,24,58
01/21/2020,HKS,MS,ASO,CE,Federal Contract Tower,0,4,18,6,28,0,2,15,15,32,0,6,33,21,60,28,50,78,138
01/22/2020,HKS,MS,ASO,CE,Federal Contract Tower,0,6,18,1,25,0,0,18,4,22,0,6,36,5,47,44,0,44,91
01/23/2020,HKS,MS,ASO,CE,Federal Contract Tower,0,3,18,0,21,0,0,0,6,6,0,3,18,6,27,2,36,38,65
01/24/2020,HKS,MS,ASO,CE,Federal Contract Tower,0,4,23,0,27,0,2,13,8,23,0,6,36,8,50,32,8,40,90
01/25/2020,HKS,MS,ASO,CE,Federal Contract Tower,0,0,14,0,14,0,1,22,0,23,0,1,36,0,37,50,0,50,87
01/26/2020,HKS,MS,ASO,CE,Federal Contract Tower,0,3,13,0,16,0,0,0,0,0,0,3,13,0,16,6,0,6,22
01/27/2020,HKS,MS,ASO,CE,Federal Contract Tower,0,2,12,1,15,0,2,5,5,12,0,4,17,6,27,14,16,30,57
01/28/2020,HKS,MS,ASO,CE,Federal Contract Tower,0,10,17,6,33,0,2,8,13,23,0,12,25,19,56,14,82,96,152
01/29/2020,HKS,MS,ASO,CE,Federal Contract Tower,0,6,11,0,17,0,0,1,2,3,0,6,12,2,20,8,0,8,28
01/30/2020,HKS,MS,ASO,CE,Federal Contract Tower,0,4,10,2,16,0,2,1,2,5,0,6,11,4,21,8,16,24,45
01/31/2020,HKS,MS,ASO,CE,Federal Contract Tower,0,6,15,0,21,0,0,0,3,3,0,6,15,3,24,6,4,10,34
02/01/2020,HKS,MS,ASO,ES,Federal Contract Tower,0,0,15,0,15,0,3,27,0,30,0,3,42,0,45,82,0,82,127
02/02/2020,HKS,MS,ASO,ES,Federal Contract Tower,0,0,6,0,6,0,5,29,0,34,0,5,35,0,40,26,0,26,66
02/03/2020,HKS,MS,ASO,ES,Federal Contract Tower,0,3,15,2,20,0,4,12,10,26,0,7,27,12,46,20,8,28,74
02/04/2020,HKS,MS,ASO,ES,Federal Contract Tower,0,3,11,1,15,0,6,4,11,21,0,9,15,12,36,6,60,66,102
02/05/2020,HKS,MS,ASO,ES,Federal Contract Tower,0,5,8,0,13,0,1,0,0,1,0,6,8,0,14,0,0,0,14
02/06/2020,HKS,MS,ASO,ES,Federal Contract Tower,0,3,16,2,21,0,0,0,0,0,0,3,16,2,21,12,0,12,33
02/07/2020,HKS,MS,ASO,ES,Federal Contract Tower,0,6,17,0,23,0,2,14,13,29,0,8,31,13,52,22,26,48,100
02/08/2020,HKS,MS,ASO,ES,Federal Contract Tower,0,0,11,0,11,0,6,15,4,25,0,6,26,4,36,12,0,12,48
02/09/2020,HKS,MS,ASO,ES,Federal Contract Tower,0,2,11,2,15,0,0,14,9,23,0,2,25,11,38,10,0,10,48
02/10/2020,HKS,MS,ASO,ES,Federal Contract Tower,0,3,3,0,6,0,0,0,0,0,0,3,3,0,6,0,0,0,6
02/11/2020,HKS,MS,ASO,ES,Federal Contract Tower,0,6,3,0,9,0,0,0,0,0,0,6,3,0,9,0,0,0,9
02/12/2020,HKS,MS,ASO,ES,Federal Contract Tower,0,4,4,0,8,0,0,0,1,1,0,4,4,1,9,0,16,16,25
02/13/2020,HKS,MS,ASO,ES,Federal Contract Tower,0,8,18,0,26,0,2,1,8,11,0,10,19,8,37,2,0,2,39
02/14/2020,HKS,MS,ASO,ES,Federal Contract Tower,0,8,13,0,21,0,5,25,2,32,0,13,38,2,53,36,26,62,115
02/15/2020,HKS,MS,ASO,ES,Federal Contract Tower,0,2,15,1,18,0,3,28,1,32,0,5,43,2,50,76,0,76,126
02/16/2020,HKS,MS,ASO,ES,Federal Contract Tower,0,4,15,0,19,0,0,8,0,8,0,4,23,0,27,10,0,10,37
02/17/2020,HKS,MS,ASO,ES,Federal Contract Tower,0,1,18,0,19,0,2,0,0,2,0,3,18,0,21,14,0,14,35
02/18/2020,HKS,MS,ASO,ES,Federal Contract Tower,0,5,12,0,17,0,0,0,0,0,0,5,12,0,17,4,0,4,21
02/19/2020,HKS,MS,ASO,ES,Federal Contract Tower,0,4,19,0,23,0,0,0,0,0,0,4,19,0,23,4,0,4,27
02/20/2020,HKS,MS,ASO,ES,Federal Contract Tower,0,4,8,1,13,0,0,0,0,0,0,4,8,1,13,0,0,0,13
02/21/2020,HKS,MS,ASO,ES,Federal Contract Tower,0,8,20,1,29,0,4,23,6,33,0,12,43,7,62,104,8,112,174
02/22/2020,HKS,MS,ASO,ES,Federal Contract Tower,0,0,21,0,21,0,10,19,0,29,0,10,40,0,50,42,0,42,92
02/23/2020,HKS,MS,ASO,ES,Federal Contract Tower,0,0,10,0,10,0,4,17,0,21,0,4,27,0,31,42,0,42,73
02/24/2020,HKS,MS,ASO,ES,Federal Contract Tower,0,4,8,0,12,0,0,3,0,3,0,4,11,0,15,0,0,0,15
02/25/2020,HKS,MS,ASO,ES,Federal Contract Tower,0,2,21,5,28,0,8,12,12,32,0,10,33,17,60,54,20,74,134
02/26/2020,HKS,MS,ASO,ES,Federal Contract Tower,0,4,9,0,13,0,2,3,0,5,0,6,12,0,18,16,0,16,34
02/27/2020,HKS,MS,ASO,ES,Federal Contract Tower,0,4,13,1,18,0,3,17,9,29,0,7,30,10,47,14,12,26,73
02/28/2020,HKS,MS,ASO,ES,Federal Contract Tower,0,2,17,0,19,0,6,15,5,26,0,8,32,5,45,16,2,18,63
02/29/2020,HKS,MS,ASO,ES,Federal Contract Tower,0,2,14,0,16,0,5,17,1,23,0,7,31,1,39,14,0,14,53
03/01/2020,HKS,MS,ASO,ES,Federal Contract Tower,0,2,16,0,18,0,12,9,0,21,0,14,25,0,39,0,0,0,39
03/02/2020,HKS,MS,ASO,ES,Federal Contract Tower,0,8,13,0,21,0,1,0,0,1,0,9,13,0,22,2,0,2,24
03/03/2020,HKS,MS,ASO,ES,Federal Contract Tower,0,4,11,4,19,0,2,4,0,6,0,6,15,4,25,12,16,28,53
03/04/2020,HKS,MS,ASO,ES,Federal Contract Tower,0,5,4,0,9,0,0,0,0,0,0,5,4,0,9,0,0,0,9
03/05/2020,HKS,MS,ASO,ES,Federal Contract Tower,0,5,15,4,24,0,0,11,8,19,0,5,26,12,43,16,6,22,65
03/06/2020,HKS,MS,ASO,ES,Federal Contract Tower,0,3,14,1,18,0,2,32,4,38,0,5,46,5,56,24,14,38,94
03/07/2020,HKS,MS,ASO,ES,Federal Contract Tower,0,0,8,0,8,0,4,21,0,25,0,4,29,0,33,32,0,32,65
03/08/2020,HKS,MS,ASO,ES,Federal Contract Tower,0,4,15,0,19,0,2,18,0,20,0,6,33,0,39,32,0,32,71
03/09/2020,HKS,MS,ASO,ES,Federal Contract Tower,0,6,14,0,20,0,2,1,2,5,0,8,15,2,25,6,8,14,39
03/10/2020,HKS,MS,ASO,ES,Federal Contract Tower,0,5,12,2,19,0,6,3,4,13,0,11,15,6,32,6,26,32,64
03/11/2020,HKS,MS,ASO,ES,Federal Contract Tower,0,6,17,0,23,0,0,7,0,7,0,6,24,0,30,10,0,10,40
03/12/2020,HKS,MS,ASO,ES,Federal Contract Tower,0,4,10,2,16,0,5,7,0,12,0,9,17,2,28,2,0,2,30
03/13/2020,HKS,MS,ASO,ES,Federal Contract Tower,0,4,19,1,24,0,4,7,6,17,0,8,26,7,41,26,0,26,67
03/14/2020,HKS,MS,ASO,ES,Federal Contract Tower,0,2,20,0,22,0,6,10,0,16,0,8,30,0,38,10,0,10,48
03/15/2020,HKS,MS,ASO,ES,Federal Contract Tower,0,3,9,1,13,0,0,17,0,17,0,3,26,1,30,24,0,24,54
03/16/2020,HKS,MS,ASO,ES,Federal Contract Tower,0,2,7,2,11,0,7,2,8,17,0,9,9,10,28,16,12,28,56
03/17/2020,HKS,MS,ASO,ES,Federal Contract Tower,0,3,11,0,14,0,0,11,8,19,0,3,22,8,33,32,32,64,97
03/18/2020,HKS,MS,ASO,ES,Federal Contract Tower,0,2,10,0,12,0,2,2,2,6,0,4,12,2,18,8,8,16,34
03/19/2020,HKS,MS,ASO,ES,Federal Contract Tower,0,2,5,5,12,0,5,7,3,15,0,7,12,8,27,10,20,30,57
03/20/2020,HKS,MS,ASO,ES,Federal Contract Tower,0,2,2,0,4,0,0,0,0,0,0,2,2,0,4,0,0,0,4
03/21/2020,HKS,MS,ASO,ES,Federal Contract Tower,0,1,12,0,13,0,2,1,0,3,0,3,13,0,16,10,0,10,26
03/22/2020,HKS,MS,ASO,ES,Federal Contract Tower,0,2,9,0,11,0,0,0,0,0,0,2,9,0,11,14,0,14,25
03/23/2020,HKS,MS,ASO,ES,Federal Contract Tower,0,3,9,0,12,0,3,4,0,7,0,6,13,0,19,14,0,14,33
03/24/2020,HKS,MS,ASO,ES,Federal Contract Tower,0,3,5,4,12,0,4,12,6,22,0,7,17,10,34,12,34,46,80
03/25/2020,HKS,MS,ASO,ES,Federal Contract Tower,0,2,20,1,23,0,6,6,1,13,0,8,26,2,36,12,2,14,50
03/26/2020,HKS,MS,ASO,ES,Federal Contract Tower,0,2,1,2,5,0,3,31,4,38,0,5,32,6,43,26,4,30,73
03/27/2020,HKS,MS,ASO,ES,Federal Contract Tower,0,4,4,1,9,0,4,11,6,21,0,8,15,7,30,22,12,34,64
03/28/2020,HKS,MS,ASO,ES,Federal Contract Tower,0,0,0,0,0,0,1,10,4,15,0,1,10,4,15,12,0,12,27
03/29/2020,HKS,MS,ASO,ES,Federal Contract Tower,0,0,4,0,4,0,13,19,0,32,0,13,23,0,36,40,0,40,76
03/30/2020,HKS,MS,ASO,ES,Federal Contract Tower,0,2,4,0,6,0,4,2,0,6,0,6,6,0,12,2,4,6,18
03/31/2020,HKS,MS,ASO,ES,Federal Contract Tower,0,2,7,4,13,0,4,0,7,11,0,6,7,11,24,4,28,32,56
04/01/2020,HKS,MS,ASO,ES,Federal Contract Tower,0,2,6,0,8,0,2,28,2,32,0,4,34,2,40,16,0,16,56
04/02/2020,HKS,MS,ASO,ES,Federal Contract Tower,0,2,6,0,8,0,2,8,0,10,0,4,14,0,18,2,0,2,20
04/03/2020,HKS,MS,ASO,ES,Federal Contract Tower,0,2,2,0,4,0,0,9,0,9,0,2,11,0,13,24,0,24,37
04/04/2020,HKS,MS,ASO,ES,Federal Contract Tower,0,0,2,0,2,0,2,5,0,7,0,2,7,0,9,4,0,4,13
04/05/2020,HKS,MS,ASO,ES,Federal Contract Tower,0,0,2,0,2,0,6,7,0,13,0,6,9,0,15,0,0,0,15
04/06/2020,HKS,MS,ASO,ES,Federal Contract Tower,0,1,0,0,1,0,2,18,2,22,0,3,18,2,23,20,0,20,43
04/07/2020,HKS,MS,ASO,ES,Federal Contract Tower,0,2,0,1,3,0,2,2,1,5,0,4,2,2,8,6,0,6,14
04/08/2020,HKS,MS,ASO,ES,Federal Contract Tower,0,4,14,0,18,0,8,10,0,18,0,12,24,0,36,34,0,34,70
04/09/2020,HKS,MS,ASO,ES,Federal Contract Tower,0,4,5,3,12,0,1,18,1,20,0,5,23,4,32,38,16,54,86
04/10/2020,HKS,MS,ASO,ES,Federal Contract Tower,0,4,9,0,13,0,3,11,0,14,0,7,20,0,27,12,0,12,39
04/11/2020,HKS,MS,ASO,ES,Federal Contract Tower,0,0,14,0,14,0,3,16,0,19,0,3,30,0,33,46,0,46,79
04/12/2020,HKS,MS,ASO,ES,Federal Contract Tower,0,0,0,0,0,0,0,0,0,0,0,0,0,0,0,0,0,0,0
04/13/2020,HKS,MS,ASO,ES,Federal Contract Tower,0,2,7,0,9,0,2,0,2,4,0,4,7,2,13,4,0,4,17
04/14/2020,HKS,MS,ASO,ES,Federal Contract Tower,0,2,7,0,9,0,6,9,9,24,0,8,16,9,33,24,12,36,69
04/15/2020,HKS,MS,ASO,ES,Federal Contract Tower,0,4,8,0,12,0,6,18,1,25,0,10,26,1,37,10,0,10,47
04/16/2020,HKS,MS,ASO,ES,Federal Contract Tower,0,4,17,0,21,0,7,24,3,34,0,11,41,3,55,42,6,48,103
04/17/2020,HKS,MS,ASO,ES,Federal Contract Tower,0,2,13,0,15,0,0,21,7,28,0,2,34,7,43,22,12,34,77
04/18/2020,HKS,MS,ASO,ES,Federal Contract Tower,0,1,10,0,11,0,0,15,0,15,0,1,25,0,26,8,0,8,34
04/19/2020,HKS,MS,ASO,ES,Federal Contract Tower,0,0,0,0,0,0,0,0,0,0,0,0,0,0,0,0,0,0,0
04/20/2020,HKS,MS,ASO,ES,Federal Contract Tower,0,2,4,0,6,0,0,8,0,8,0,2,12,0,14,10,0,10,24
04/21/2020,HKS,MS,ASO,ES,Federal Contract Tower,0,2,14,2,18,0,0,19,9,28,0,2,33,11,46,46,80,126,172
04/22/2020,HKS,MS,ASO,ES,Federal Contract Tower,0,2,4,0,6,0,0,4,2,6,0,2,8,2,12,18,10,28,40
04/23/2020,HKS,MS,ASO,ES,Federal Contract Tower,0,3,8,0,11,0,6,2,0,8,0,9,10,0,19,8,0,8,27
04/24/2020,HKS,MS,ASO,ES,Federal Contract Tower,0,2,12,0,14,0,0,7,6,13,0,2,19,6,27,16,6,22,49
04/25/2020,HKS,MS,ASO,ES,Federal Contract Tower,0,0,6,1,7,0,0,17,0,17,0,0,23,1,24,56,2,58,82
04/26/2020,HKS,MS,ASO,ES,Federal Contract Tower,0,0,10,0,10,0,6,31,0,37,0,6,41,0,47,86,0,86,133
04/27/2020,HKS,MS,ASO,ES,Federal Contract Tower,0,2,8,0,10,0,3,20,1,24,0,5,28,1,34,36,10,46,80
04/28/2020,HKS,MS,ASO,ES,Federal Contract Tower,0,1,11,1,13,0,0,12,7,19,0,1,23,8,32,30,68,98,130
04/29/2020,HKS,MS,ASO,ES,Federal Contract Tower,0,2,4,0,6,0,0,5,0,5,0,2,9,0,11,26,0,26,37
04/30/2020,HKS,MS,ASO,ES,Federal Contract Tower,0,2,8,2,12,0,3,14,7,24,0,5,22,9,36,18,20,38,74
05/01/2020,HKS,MS,ASO,ES,Federal Contract Tower,0,2,7,1,10,0,0,27,0,27,0,2,34,1,37,56,2,58,95
05/02/2020,HKS,MS,ASO,ES,Federal Contract Tower,0,3,5,0,8,0,5,24,0,29,0,8,29,0,37,86,0,86,123
05/03/2020,HKS,MS,ASO,ES,Federal Contract Tower,0,0,7,0,7,0,2,15,0,17,0,2,22,0,24,76,0,76,100
05/04/2020,HKS,MS,ASO,ES,Federal Contract Tower,0,1,7,0,8,0,7,7,0,14,0,8,14,0,22,4,0,4,26
05/05/2020,HKS,MS,ASO,ES,Federal Contract Tower,0,3,7,1,11,0,0,2,7,9,0,3,9,8,20,28,28,56,76
05/06/2020,HKS,MS,ASO,ES,Federal Contract Tower,0,4,8,0,12,0,2,8,5,15,0,6,16,5,27,2,2,4,31
05/07/2020,HKS,MS,ASO,ES,Federal Contract Tower,0,5,13,3,21,0,4,28,5,37,0,9,41,8,58,54,22,76,134
05/08/2020,HKS,MS,ASO,ES,Federal Contract Tower,0,4,4,0,8,0,0,0,0,0,0,4,4,0,8,0,0,0,8
05/09/2020,HKS,MS,ASO,ES,Federal Contract Tower,0,1,11,0,12,0,4,20,0,24,0,5,31,0,36,36,0,36,72
05/10/2020,HKS,MS,ASO,ES,Federal Contract Tower,0,0,7,0,7,0,5,24,0,29,0,5,31,0,36,72,0,72,108
05/11/2020,HKS,MS,ASO,ES,Federal Contract Tower,0,2,9,0,11,0,4,10,4,18,0,6,19,4,29,44,0,44,73
05/12/2020,HKS,MS,ASO,ES,Federal Contract Tower,0,2,5,0,7,0,2,21,14,37,0,4,26,14,44,26,22,48,92
05/13/2020,HKS,MS,ASO,ES,Federal Contract Tower,0,1,12,0,13,0,4,7,2,13,0,5,19,2,26,6,14,20,46
05/14/2020,HKS,MS,ASO,ES,Federal Contract Tower,0,2,7,0,9,0,1,1,4,6,0,3,8,4,15,0,6,6,21
05/15/2020,HKS,MS,ASO,ES,Federal Contract Tower,0,0,7,2,9,0,2,5,5,12,0,2,12,7,21,0,30,30,51
05/16/2020,HKS,MS,ASO,ES,Federal Contract Tower,0,2,8,0,10,0,6,10,0,16,0,8,18,0,26,32,0,32,58
05/17/2020,HKS,MS,ASO,ES,Federal Contract Tower,0,0,5,0,5,0,1,2,0,3,0,1,7,0,8,12,0,12,20
05/18/2020,HKS,MS,ASO,ES,Federal Contract Tower,0,1,6,0,7,0,8,7,0,15,0,9,13,0,22,24,0,24,46
05/19/2020,HKS,MS,ASO,ES,Federal Contract Tower,0,0,5,0,5,0,4,14,10,28,0,4,19,10,33,20,100,120,153
05/20/2020,HKS,MS,ASO,ES,Federal Contract Tower,0,0,9,0,9,0,11,22,5,38,0,11,31,5,47,40,8,48,95
05/21/2020,HKS,MS,ASO,ES,Federal Contract Tower,0,0,1,0,1,0,6,11,4,21,0,6,12,4,22,12,6,18,40
05/22/2020,HKS,MS,ASO,ES,Federal Contract Tower,0,1,13,0,14,0,3,4,2,9,0,4,17,2,23,10,0,10,33
05/23/2020,HKS,MS,ASO,ES,Federal Contract Tower,0,1,4,0,5,0,0,2,0,2,0,1,6,0,7,10,0,10,17
05/24/2020,HKS,MS,ASO,ES,Federal Contract Tower,0,0,4,0,4,0,3,8,0,11,0,3,12,0,15,48,0,48,63
05/25/2020,HKS,MS,ASO,ES,Federal Contract Tower,0,0,9,0,9,0,5,4,0,9,0,5,13,0,18,4,0,4,22
05/26/2020,HKS,MS,ASO,ES,Federal Contract Tower,0,0,5,0,5,0,2,3,17,22,0,2,8,17,27,2,74,76,103
05/27/2020,HKS,MS,ASO,ES,Federal Contract Tower,0,2,5,0,7,0,2,2,9,13,0,4,7,9,20,2,6,8,28
05/28/2020,HKS,MS,ASO,ES,Federal Contract Tower,0,4,11,3,18,0,10,14,6,30,0,14,25,9,48,14,0,14,62
05/29/2020,HKS,MS,ASO,ES,Federal Contract Tower,0,2,2,1,5,0,8,7,12,27,0,10,9,13,32,34,32,66,98
05/30/2020,HKS,MS,ASO,ES,Federal Contract Tower,0,0,7,0,7,0,4,24,0,28,0,4,31,0,35,20,0,20,55
05/31/2020,HKS,MS,ASO,ES,Federal Contract Tower,0,0,6,0,6,0,4,10,0,14,0,4,16,0,20,16,0,16,36
06/01/2020,HKS,MS,ASO,ES,Federal Contract Tower,0,0,11,0,11,0,4,16,0,20,0,4,27,0,31,42,0,42,73
06/02/2020,HKS,MS,ASO,ES,Federal Contract Tower,0,3,11,2,16,0,5,8,20,33,0,8,19,22,49,2,92,94,143
06/03/2020,HKS,MS,ASO,ES,Federal Contract Tower,0,0,3,0,3,0,5,1,1,7,0,5,4,1,10,0,0,0,10
06/04/2020,HKS,MS,ASO,ES,Federal Contract Tower,0,0,8,3,11,0,5,5,3,13,0,5,13,6,24,22,0,22,46
06/05/2020,HKS,MS,ASO,ES,Federal Contract Tower,0,2,3,2,7,0,4,13,7,24,0,6,16,9,31,16,0,16,47
06/06/2020,HKS,MS,ASO,ES,Federal Contract Tower,0,3,18,0,21,0,3,17,2,22,0,6,35,2,43,20,0,20,63
06/07/2020,HKS,MS,ASO,ES,Federal Contract Tower,0,0,7,2,9,0,2,4,0,6,0,2,11,2,15,0,0,0,15
06/08/2020,HKS,MS,ASO,ES,Federal Contract Tower,0,0,0,0,0,0,3,0,0,3,0,3,0,0,3,0,0,0,3
06/09/2020,HKS,MS,ASO,ES,Federal Contract Tower,0,0,6,4,10,0,4,1,18,23,0,4,7,22,33,0,20,20,53
06/10/2020,HKS,MS,ASO,ES,Federal Contract Tower,0,0,3,0,3,0,6,5,6,17,0,6,8,6,20,6,6,12,32
06/11/2020,HKS,MS,ASO,ES,Federal Contract Tower,0,0,8,0,8,0,6,12,11,29,0,6,20,11,37,4,0,4,41
06/12/2020,HKS,MS,ASO,ES,Federal Contract Tower,0,0,12,0,12,0,8,4,2,14,0,8,16,2,26,2,8,10,36
06/13/2020,HKS,MS,ASO,ES,Federal Contract Tower,0,2,7,0,9,0,6,21,0,27,0,8,28,0,36,16,0,16,52
06/14/2020,HKS,MS,ASO,ES,Federal Contract Tower,0,2,7,0,9,0,5,19,0,24,0,7,26,0,33,0,0,0,33
06/15/2020,HKS,MS,ASO,ES,Federal Contract Tower,0,1,5,0,6,0,2,9,0,11,0,3,14,0,17,6,0,6,23
06/16/2020,HKS,MS,ASO,ES,Federal Contract Tower,0,0,8,3,11,0,4,10,7,21,0,4,18,10,32,6,18,24,56
06/17/2020,HKS,MS,ASO,ES,Federal Contract Tower,0,2,9,0,11,0,1,9,7,17,0,3,18,7,28,16,0,16,44
06/18/2020,HKS,MS,ASO,ES,Federal Contract Tower,0,1,8,2,11,0,4,15,5,24,0,5,23,7,35,20,4,24,59
06/19/2020,HKS,MS,ASO,ES,Federal Contract Tower,0,0,5,0,5,0,2,13,6,21,0,2,18,6,26,6,4,10,36
06/20/2020,HKS,MS,ASO,ES,Federal Contract Tower,0,1,6,0,7,0,9,20,0,29,0,10,26,0,36,26,0,26,62
06/21/2020,HKS,MS,ASO,ES,Federal Contract Tower,0,0,4,0,4,0,7,12,0,19,0,7,16,0,23,20,0,20,43
06/22/2020,HKS,MS,ASO,ES,Federal Contract Tower,0,0,7,0,7,0,0,2,0,2,0,0,9,0,9,4,26,30,39
06/23/2020,HKS,MS,ASO,ES,Federal Contract Tower,0,2,4,3,9,0,3,6,17,26,0,5,10,20,35,4,62,66,101
06/24/2020,HKS,MS,ASO,ES,Federal Contract Tower,0,2,6,0,8,0,2,1,2,5,0,4,7,2,13,4,0,4,17
06/25/2020,HKS,MS,ASO,ES,Federal Contract Tower,0,2,6,1,9,0,3,7,2,12,0,5,13,3,21,0,12,12,33
06/26/2020,HKS,MS,ASO,ES,Federal Contract Tower,0,2,8,0,10,0,6,9,2,17,0,8,17,2,27,20,52,72,99
06/27/2020,HKS,MS,ASO,ES,Federal Contract Tower,0,0,9,0,9,0,6,12,0,18,0,6,21,0,27,16,0,16,43
06/28/2020,HKS,MS,ASO,ES,Federal Contract Tower,0,2,12,0,14,0,3,15,0,18,0,5,27,0,32,52,0,52,84
06/29/2020,HKS,MS,ASO,ES,Federal Contract Tower,0,2,13,0,15,0,10,8,0,18,0,12,21,0,33,4,0,4,37
06/30/2020,HKS,MS,ASO,ES,Federal Contract Tower,0,0,5,3,8,0,5,18,19,42,0,5,23,22,50,48,32,80,130
07/01/2020,HKS,MS,ASO,ES,Federal Contract Tower,0,0,11,0,11,0,10,8,0,18,0,10,19,0,29,2,0,2,31
07/02/2020,HKS,MS,ASO,ES,Federal Contract Tower,0,1,8,0,9,0,6,3,0,9,0,7,11,0,18,0,0,0,18
07/03/2020,HKS,MS,ASO,ES,Federal Contract Tower,0,1,4,0,5,0,2,5,0,7,0,3,9,0,12,28,0,28,40
07/04/2020,HKS,MS,ASO,ES,Federal Contract Tower,0,0,5,0,5,0,2,5,0,7,0,2,10,0,12,22,0,22,34
07/06/2020,HKS,MS,ASO,ES,Federal Contract Tower,0,5,7,0,12,0,5,4,6,15,0,10,11,6,27,2,24,26,53
07/07/2020,HKS,MS,ASO,ES,Federal Contract Tower,0,0,6,2,8,0,6,4,0,10,0,6,10,2,18,4,0,4,22
07/08/2020,HKS,MS,ASO,ES,Federal Contract Tower,0,4,3,0,7,0,1,2,0,3,0,5,5,0,10,0,0,0,10
07/09/2020,HKS,MS,ASO,ES,Federal Contract Tower,0,2,5,1,8,0,5,4,6,15,0,7,9,7,23,18,30,48,71
07/10/2020,HKS,MS,ASO,ES,Federal Contract Tower,0,0,12,0,12,0,4,11,1,16,0,4,23,1,28,4,0,4,32
07/11/2020,HKS,MS,ASO,ES,Federal Contract Tower,0,1,6,0,7,0,4,18,2,24,0,5,24,2,31,24,0,24,55
07/12/2020,HKS,MS,ASO,ES,Federal Contract Tower,0,0,3,0,3,0,8,4,0,12,0,8,7,0,15,0,0,0,15
07/13/2020,HKS,MS,ASO,ES,Federal Contract Tower,0,0,9,0,9,0,4,10,0,14,0,4,19,0,23,36,0,36,59
07/14/2020,HKS,MS,ASO,ES,Federal Contract Tower,0,0,9,2,11,0,6,15,25,46,0,6,24,27,57,18,36,54,111
07/15/2020,HKS,MS,ASO,ES,Federal Contract Tower,0,2,10,0,12,0,0,11,3,14,0,2,21,3,26,10,4,14,40
07/16/2020,HKS,MS,ASO,ES,Federal Contract Tower,0,2,9,0,11,0,6,13,12,31,0,8,22,12,42,52,18,70,112
07/17/2020,HKS,MS,ASO,ES,Federal Contract Tower,0,1,7,2,10,0,6,9,9,24,0,7,16,11,34,0,30,30,64
07/18/2020,HKS,MS,ASO,ES,Federal Contract Tower,0,0,8,0,8,0,6,30,0,36,0,6,38,0,44,28,0,28,72
07/19/2020,HKS,MS,ASO,ES,Federal Contract Tower,0,0,8,0,8,0,4,14,0,18,0,4,22,0,26,20,0,20,46
07/20/2020,HKS,MS,ASO,ES,Federal Contract Tower,0,0,1,0,1,0,8,6,2,16,0,8,7,2,17,12,0,12,29
07/21/2020,HKS,MS,ASO,ES,Federal Contract Tower,0,3,2,1,6,0,10,5,9,24,0,13,7,10,30,2,12,14,44
07/22/2020,HKS,MS,ASO,ES,Federal Contract Tower,0,3,8,0,11,0,7,12,2,21,0,10,20,2,32,32,0,32,64
07/23/2020,HKS,MS,ASO,ES,Federal Contract Tower,0,1,4,1,6,0,6,10,7,23,0,7,14,8,29,36,0,36,65
07/24/2020,HKS,MS,ASO,ES,Federal Contract Tower,0,1,2,0,3,0,5,3,0,8,0,6,5,0,11,6,0,6,17
07/25/2020,HKS,MS,ASO,ES,Federal Contract Tower,0,1,9,0,10,0,3,4,0,7,0,4,13,0,17,10,0,10,27
07/26/2020,HKS,MS,ASO,ES,Federal Contract Tower,0,3,3,0,6,0,5,12,2,19,0,8,15,2,25,16,0,16,41
07/27/2020,HKS,MS,ASO,ES,Federal Contract Tower,0,5,3,0,8,0,3,1,0,4,0,8,4,0,12,28,0,28,40
07/28/2020,HKS,MS,ASO,ES,Federal Contract Tower,0,0,2,0,2,0,2,3,4,9,0,2,5,4,11,0,2,2,13
07/29/2020,HKS,MS,ASO,ES,Federal Contract Tower,0,1,5,0,6,0,3,4,1,8,0,4,9,1,14,2,0,2,16
07/30/2020,HKS,MS,ASO,ES,Federal Contract Tower,0,0,4,0,4,0,3,16,2,21,0,3,20,2,25,8,0,8,33
07/31/2020,HKS,MS,ASO,ES,Federal Contract Tower,0,0,9,0,9,0,6,11,2,19,0,6,20,2,28,22,0,22,50
08/01/2020,HKS,MS,ASO,ES,Federal Contract Tower,0,0,5,0,5,0,4,6,0,10,0,4,11,0,15,20,0,20,35
08/02/2020,HKS,MS,ASO,ES,Federal Contract Tower,0,2,6,0,8,0,2,29,0,31,0,4,35,0,39,108,0,108,147
08/03/2020,HKS,MS,ASO,ES,Federal Contract Tower,0,0,8,1,9,0,0,3,3,6,0,0,11,4,15,26,0,26,41
08/04/2020,HKS,MS,ASO,ES,Federal Contract Tower,0,2,9,0,11,0,1,5,13,19,0,3,14,13,30,18,18,36,66
08/05/2020,HKS,MS,ASO,ES,Federal Contract Tower,0,2,2,0,4,0,2,16,2,20,0,4,18,2,24,56,0,56,80
08/06/2020,HKS,MS,ASO,ES,Federal Contract Tower,0,2,10,0,12,0,4,17,2,23,0,6,27,2,35,32,24,56,91
08/07/2020,HKS,MS,ASO,ES,Federal Contract Tower,0,3,1,0,4,0,6,14,2,22,0,9,15,2,26,26,12,38,64
08/08/2020,HKS,MS,ASO,ES,Federal Contract Tower,0,0,16,0,16,0,10,15,4,29,0,10,31,4,45,46,0,46,91
08/09/2020,HKS,MS,ASO,ES,Federal Contract Tower,0,0,10,0,10,0,2,19,0,21,0,2,29,0,31,40,0,40,71
08/10/2020,HKS,MS,ASO,ES,Federal Contract Tower,0,5,7,0,12,0,5,8,0,13,0,10,15,0,25,12,0,12,37
08/11/2020,HKS,MS,ASO,ES,Federal Contract Tower,0,6,7,0,13,0,8,6,5,19,0,14,13,5,32,12,20,32,64
08/12/2020,HKS,MS,ASO,ES,Federal Contract Tower,0,2,5,0,7,0,3,9,0,12,0,5,14,0,19,6,0,6,25
08/13/2020,HKS,MS,ASO,ES,Federal Contract Tower,0,2,3,0,5,0,1,12,3,16,0,3,15,3,21,6,28,34,55
08/14/2020,HKS,MS,ASO,ES,Federal Contract Tower,0,4,10,0,14,0,1,3,1,5,0,5,13,1,19,2,18,20,39
08/17/2020,HKS,MS,ASO,ES,Federal Contract Tower,0,1,8,0,9,0,6,17,2,25,0,7,25,2,34,72,0,72,106
08/18/2020,HKS,MS,ASO,ES,Federal Contract Tower,0,2,11,0,13,0,6,14,10,30,0,8,25,10,43,26,8,34,77
08/19/2020,HKS,MS,ASO,ES,Federal Contract Tower,0,1,10,0,11,0,5,13,5,23,0,6,23,5,34,26,8,34,68
08/20/2020,HKS,MS,ASO,ES,Federal Contract Tower,0,1,10,0,11,0,1,4,6,11,0,2,14,6,22,28,22,50,72
08/21/2020,HKS,MS,ASO,ES,Federal Contract Tower,0,1,8,0,9,0,0,0,0,0,0,1,8,0,9,0,0,0,9
08/22/2020,HKS,MS,ASO,ES,Federal Contract Tower,0,2,13,0,15,0,7,17,2,26,0,9,30,2,41,68,0,68,109
08/23/2020,HKS,MS,ASO,ES,Federal Contract Tower,0,1,9,0,10,0,9,12,2,23,0,10,21,2,33,50,0,50,83
08/24/2020,HKS,MS,ASO,ES,Federal Contract Tower,0,0,4,0,4,0,9,8,18,35,0,9,12,18,39,26,0,26,65
08/25/2020,HKS,MS,ASO,ES,Federal Contract Tower,0,6,0,0,6,0,5,2,0,7,0,11,2,0,13,6,12,18,31
08/26/2020,HKS,MS,ASO,ES,Federal Contract Tower,0,0,2,1,3,0,4,3,13,20,0,4,5,14,23,0,22,22,45
08/28/2020,HKS,MS,ASO,ES,Federal Contract Tower,0,3,4,2,9,0,5,0,3,8,0,8,4,5,17,2,16,18,35
08/29/2020,HKS,MS,ASO,ES,Federal Contract Tower,0,2,9,0,11,0,5,6,0,11,0,7,15,0,22,10,0,10,32
08/30/2020,HKS,MS,ASO,ES,Federal Contract Tower,0,1,8,0,9,0,1,1,0,2,0,2,9,0,11,8,0,8,19
08/31/2020,HKS,MS,ASO,ES,Federal Contract Tower,0,3,4,0,7,0,4,7,6,17,0,7,11,6,24,4,10,14,38
09/01/2020,HKS,MS,ASO,ES,Federal Contract Tower,0,3,2,6,11,0,3,15,5,23,0,6,17,11,34,46,18,64,98
09/02/2020,HKS,MS,ASO,ES,Federal Contract Tower,0,3,5,0,8,0,10,15,4,29,0,13,20,4,37,26,0,26,63
09/03/2020,HKS,MS,ASO,ES,Federal Contract Tower,0,0,6,0,6,0,5,18,2,25,0,5,24,2,31,38,8,46,77
09/04/2020,HKS,MS,ASO,ES,Federal Contract Tower,0,3,6,0,9,0,2,14,0,16,0,5,20,0,25,36,0,36,61
09/05/2020,HKS,MS,ASO,ES,Federal Contract Tower,0,0,3,0,3,0,0,14,0,14,0,0,17,0,17,22,0,22,39
09/06/2020,HKS,MS,ASO,ES,Federal Contract Tower,0,0,4,0,4,0,5,13,0,18,0,5,17,0,22,8,0,8,30
09/07/2020,HKS,MS,ASO,ES,Federal Contract Tower,0,0,8,0,8,0,4,12,0,16,0,4,20,0,24,20,0,20,44
09/08/2020,HKS,MS,ASO,ES,Federal Contract Tower,0,2,12,0,14,0,4,14,2,20,0,6,26,2,34,24,4,28,62
09/09/2020,HKS,MS,ASO,ES,Federal Contract Tower,0,1,7,0,8,0,3,12,7,22,0,4,19,7,30,26,4,30,60
09/10/2020,HKS,MS,ASO,ES,Federal Contract Tower,0,2,8,0,10,0,6,13,0,19,0,8,21,0,29,20,0,20,49
09/11/2020,HKS,MS,ASO,ES,Federal Contract Tower,0,3,3,0,6,0,0,12,6,18,0,3,15,6,24,10,0,10,34
09/12/2020,HKS,MS,ASO,ES,Federal Contract Tower,0,1,1,0,2,0,3,16,3,22,0,4,17,3,24,26,0,26,50
09/13/2020,HKS,MS,ASO,ES,Federal Contract Tower,0,3,7,0,10,0,3,8,0,11,0,6,15,0,21,14,0,14,35
09/14/2020,HKS,MS,ASO,ES,Federal Contract Tower,0,2,4,0,6,0,0,10,9,19,0,2,14,9,25,2,0,2,27
09/15/2020,HKS,MS,ASO,ES,Federal Contract Tower,0,2,1,0,3,0,1,2,4,7,0,3,3,4,10,0,16,16,26
09/16/2020,HKS,MS,ASO,ES,Federal Contract Tower,0,0,5,2,7,0,4,3,3,10,0,4,8,5,17,12,6,18,35
09/17/2020,HKS,MS,ASO,ES,Federal Contract Tower,0,1,6,1,8,0,9,3,10,22,0,10,9,11,30,4,12,16,46
09/18/2020,HKS,MS,ASO,ES,Federal Contract Tower,0,0,11,0,11,0,3,11,0,14,0,3,22,0,25,42,0,42,67
09/19/2020,HKS,MS,ASO,ES,Federal Contract Tower,0,2,6,0,8,0,8,7,0,15,0,10,13,0,23,8,0,8,31
09/20/2020,HKS,MS,ASO,ES,Federal Contract Tower,0,0,5,0,5,0,4,16,0,20,0,4,21,0,25,30,0,30,55
09/21/2020,HKS,MS,ASO,ES,Federal Contract Tower,0,3,5,0,8,0,3,2,2,7,0,6,7,2,15,2,4,6,21
09/22/2020,HKS,MS,ASO,ES,Federal Contract Tower,0,5,1,2,8,0,6,5,7,18,0,11,6,9,26,62,36,98,124
09/24/2020,HKS,MS,ASO,ES,Federal Contract Tower,0,0,2,0,2,0,0,0,0,0,0,0,2,0,2,0,0,0,2
09/25/2020,HKS,MS,ASO,ES,Federal Contract Tower,0,1,6,1,8,0,7,1,5,13,0,8,7,6,21,40,0,40,61
09/26/2020,HKS,MS,ASO,ES,Federal Contract Tower,0,1,6,0,7,0,3,8,0,11,0,4,14,0,18,28,0,28,46
09/27/2020,HKS,MS,ASO,ES,Federal Contract Tower,0,1,0,0,1,0,8,7,0,15,0,9,7,0,16,4,0,4,20
09/28/2020,HKS,MS,ASO,ES,Federal Contract Tower,0,6,3,0,9,0,2,1,0,3,0,8,4,0,12,0,0,0,12
09/29/2020,HKS,MS,ASO,ES,Federal Contract Tower,0,2,7,0,9,0,4,19,2,25,0,6,26,2,34,60,0,60,94
09/30/2020,HKS,MS,ASO,ES,Federal Contract Tower,0,1,9,0,10,0,3,16,0,19,0,4,25,0,29,24,0,24,53
10/01/2020,HKS,MS,ASO,ES,Federal Contract Tower,0,4,4,0,8,0,7,10,4,21,0,11,14,4,29,10,0,10,39
10/02/2020,HKS,MS,ASO,ES,Federal Contract Tower,0,2,10,0,12,0,3,9,0,12,0,5,19,0,24,28,0,28,52
10/03/2020,HKS,MS,ASO,ES,Federal Contract Tower,0,0,1,0,1,0,5,18,0,23,0,5,19,0,24,28,0,28,52
10/04/2020,HKS,MS,ASO,ES,Federal Contract Tower,0,2,6,0,8,0,3,30,0,33,0,5,36,0,41,18,0,18,59
10/05/2020,HKS,MS,ASO,ES,Federal Contract Tower,0,1,6,0,7,0,7,18,0,25,0,8,24,0,32,6,0,6,38
10/06/2020,HKS,MS,ASO,ES,Federal Contract Tower,0,1,8,0,9,0,6,13,10,29,0,7,21,10,38,26,36,62,100
10/07/2020,HKS,MS,ASO,ES,Federal Contract Tower,0,3,6,2,11,0,8,18,4,30,0,11,24,6,41,14,8,22,63
10/08/2020,HKS,MS,ASO,ES,Federal Contract Tower,0,1,7,6,14,0,3,11,7,21,0,4,18,13,35,14,20,34,69
10/09/2020,HKS,MS,ASO,ES,Federal Contract Tower,0,2,4,0,6,0,2,0,0,2,0,4,4,0,8,2,0,2,10
10/11/2020,HKS,MS,ASO,ES,Federal Contract Tower,0,2,7,0,9,0,3,1,0,4,0,5,8,0,13,4,0,4,17
10/12/2020,HKS,MS,ASO,ES,Federal Contract Tower,0,2,4,0,6,0,6,12,0,18,0,8,16,0,24,14,0,14,38
10/13/2020,HKS,MS,ASO,ES,Federal Contract Tower,0,1,7,0,8,0,4,32,17,53,0,5,39,17,61,58,12,70,131
10/14/2020,HKS,MS,ASO,ES,Federal Contract Tower,0,0,4,2,6,0,7,16,3,26,0,7,20,5,32,38,0,38,70
10/15/2020,HKS,MS,ASO,ES,Federal Contract Tower,0,4,9,2,15,0,7,4,10,21,0,11,13,12,36,28,32,60,96
10/16/2020,HKS,MS,ASO,ES,Federal Contract Tower,0,2,13,1,16,0,6,9,6,21,0,8,22,7,37,12,44,56,93
10/17/2020,HKS,MS,ASO,ES,Federal Contract Tower,0,1,10,0,11,0,4,21,8,33,0,5,31,8,44,44,0,44,88
10/18/2020,HKS,MS,ASO,ES,Federal Contract Tower,0,0,8,0,8,0,1,22,22,45,0,1,30,22,53,24,26,50,103
10/19/2020,HKS,MS,ASO,ES,Federal Contract Tower,0,0,0,0,0,0,9,10,0,19,0,9,10,0,19,0,0,0,19
10/20/2020,HKS,MS,ASO,ES,Federal Contract Tower,0,0,0,0,0,0,7,2,6,15,0,7,2,6,15,0,0,0,15
10/21/2020,HKS,MS,ASO,ES,Federal Contract Tower,0,0,1,0,1,0,8,0,5,13,0,8,1,5,14,2,0,2,16
10/22/2020,HKS,MS,ASO,ES,Federal Contract Tower,0,0,0,1,1,0,9,0,11,20,0,9,0,12,21,0,0,0,21
10/23/2020,HKS,MS,ASO,ES,Federal Contract Tower,0,1,0,0,1,0,6,0,4,10,0,7,0,4,11,0,0,0,11
10/25/2020,HKS,MS,ASO,ES,Federal Contract Tower,0,0,0,0,0,0,4,0,0,4,0,4,0,0,4,0,0,0,4
10/26/2020,HKS,MS,ASO,ES,Federal Contract Tower,0,0,0,0,0,0,7,0,1,8,0,7,0,1,8,0,0,0,8
10/27/2020,HKS,MS,ASO,ES,Federal Contract Tower,0,0,2,3,5,0,7,0,21,28,0,7,2,24,33,0,26,26,59
10/28/2020,HKS,MS,ASO,ES,Federal Contract Tower,0,2,2,0,4,0,0,3,0,3,0,2,5,0,7,0,0,0,7
10/29/2020,HKS,MS,ASO,ES,Federal Contract Tower,0,0,0,0,0,0,2,11,9,22,0,2,11,9,22,6,52,58,80
10/30/2020,HKS,MS,ASO,ES,Federal Contract Tower,0,1,7,0,8,0,1,12,7,20,0,2,19,7,28,32,12,44,72
10/31/2020,HKS,MS,ASO,ES,Federal Contract Tower,0,2,1,0,3,0,5,23,2,30,0,7,24,2,33,32,0,32,65
11/01/2020,HKS,MS,ASO,ES,Federal Contract Tower,0,0,7,0,7,0,2,14,0,16,0,2,21,0,23,20,0,20,43
11/02/2020,HKS,MS,ASO,ES,Federal Contract Tower,0,0,6,0,6,0,0,16,0,16,0,0,22,0,22,12,0,12,34
11/03/2020,HKS,MS,ASO,ES,Federal Contract Tower,0,4,6,3,13,0,2,16,24,42,0,6,22,27,55,50,10,60,115
11/04/2020,HKS,MS,ASO,ES,Federal Contract Tower,0,0,7,1,8,0,4,8,1,13,0,4,15,2,21,20,0,20,41
11/05/2020,HKS,MS,ASO,ES,Federal Contract Tower,0,3,4,2,9,0,4,7,7,18,0,7,11,9,27,24,0,24,51
11/06/2020,HKS,MS,ASO,ES,Federal Contract Tower,0,3,6,2,11,0,4,12,4,20,0,7,18,6,31,32,0,32,63
11/07/2020,HKS,MS,ASO,ES,Federal Contract Tower,0,1,2,0,3,0,2,14,2,18,0,3,16,2,21,66,0,66,87
11/08/2020,HKS,MS,ASO,ES,Federal Contract Tower,0,4,7,0,11,0,3,7,4,14,0,7,14,4,25,10,0,10,35
11/09/2020,HKS,MS,ASO,ES,Federal Contract Tower,0,2,6,2,10,0,0,2,0,2,0,2,8,2,12,24,0,24,36
11/10/2020,HKS,MS,ASO,ES,Federal Contract Tower,0,3,9,0,12,0,3,4,1,8,0,6,13,1,20,48,0,48,68
11/11/2020,HKS,MS,ASO,ES,Federal Contract Tower,0,0,8,0,8,0,0,11,0,11,0,0,19,0,19,44,0,44,63
11/12/2020,HKS,MS,ASO,ES,Federal Contract Tower,0,2,9,1,12,0,0,20,15,35,0,2,29,16,47,34,68,102,149
11/13/2020,HKS,MS,ASO,ES,Federal Contract Tower,0,2,6,0,8,0,2,18,21,41,0,4,24,21,49,12,14,26,75
11/14/2020,HKS,MS,ASO,ES,Federal Contract Tower,0,1,4,4,9,0,1,13,11,25,0,2,17,15,34,10,16,26,60
11/15/2020,HKS,MS,ASO,ES,Federal Contract Tower,0,2,4,0,6,0,2,3,2,7,0,4,7,2,13,0,4,4,17
11/16/2020,HKS,MS,ASO,ES,Federal Contract Tower,0,0,11,1,12,0,3,11,0,14,0,3,22,1,26,22,0,22,48
11/17/2020,HKS,MS,ASO,ES,Federal Contract Tower,0,1,8,3,12,0,10,12,16,38,0,11,20,19,50,26,20,46,96
11/18/2020,HKS,MS,ASO,ES,Federal Contract Tower,0,4,8,5,17,0,6,8,10,24,0,10,16,15,41,46,20,66,107
11/19/2020,HKS,MS,ASO,ES,Federal Contract Tower,0,1,12,2,15,0,4,13,9,26,0,5,25,11,41,70,92,162,203
11/20/2020,HKS,MS,ASO,ES,Federal Contract Tower,0,0,9,0,9,0,2,13,1,16,0,2,22,1,25,16,0,16,41
11/21/2020,HKS,MS,ASO,ES,Federal Contract Tower,0,1,9,0,10,0,4,40,0,44,0,5,49,0,54,72,0,72,126
11/22/2020,HKS,MS,ASO,ES,Federal Contract Tower,0,3,9,0,12,0,5,17,0,22,0,8,26,0,34,14,0,14,48
11/23/2020,HKS,MS,ASO,ES,Federal Contract Tower,0,4,3,0,7,0,3,6,3,12,0,7,9,3,19,4,0,4,23
11/24/2020,HKS,MS,ASO,ES,Federal Contract Tower,0,3,6,0,9,0,9,8,0,17,0,12,14,0,26,2,0,2,28
11/25/2020,HKS,MS,ASO,ES,Federal Contract Tower,0,1,2,0,3,0,3,6,0,9,0,4,8,0,12,0,0,0,12
11/26/2020,HKS,MS,ASO,ES,Federal Contract Tower,0,0,3,0,3,0,2,6,0,8,0,2,9,0,11,0,0,0,11
11/27/2020,HKS,MS,ASO,ES,Federal Contract Tower,0,1,1,0,2,0,0,0,0,0,0,1,1,0,2,0,0,0,2
11/28/2020,HKS,MS,ASO,ES,Federal Contract Tower,0,1,6,0,7,0,0,2,0,2,0,1,8,0,9,32,0,32,41
11/29/2020,HKS,MS,ASO,ES,Federal Contract Tower,0,0,1,0,1,0,0,0,0,0,0,0,1,0,1,0,0,0,1
11/30/2020,HKS,MS,ASO,ES,Federal Contract Tower,0,1,8,0,9,0,6,6,0,12,0,7,14,0,21,0,0,0,21
12/01/2020,HKS,MS,ASO,ES,Federal Contract Tower,0,3,9,3,15,0,16,4,16,36,0,19,13,19,51,0,12,12,63
12/02/2020,HKS,MS,ASO,ES,Federal Contract Tower,0,3,2,2,7,0,6,11,2,19,0,9,13,4,26,30,28,58,84
12/03/2020,HKS,MS,ASO,ES,Federal Contract Tower,0,1,4,2,7,0,0,0,1,1,0,1,4,3,8,2,20,22,30
12/04/2020,HKS,MS,ASO,ES,Federal Contract Tower,0,0,12,0,12,0,1,13,4,18,0,1,25,4,30,38,10,48,78
12/05/2020,HKS,MS,ASO,ES,Federal Contract Tower,0,0,6,0,6,0,0,15,19,34,0,0,21,19,40,24,10,34,74
12/06/2020,HKS,MS,ASO,ES,Federal Contract Tower,0,1,2,0,3,0,2,2,0,4,0,3,4,0,7,34,0,34,41
12/07/2020,HKS,MS,ASO,ES,Federal Contract Tower,0,0,8,3,11,0,1,4,10,15,0,1,12,13,26,12,2,14,40
12/08/2020,HKS,MS,ASO,ES,Federal Contract Tower,0,1,6,1,8,0,3,22,2,27,0,4,28,3,35,44,40,84,119
12/09/2020,HKS,MS,ASO,ES,Federal Contract Tower,0,4,8,0,12,0,3,11,2,16,0,7,19,2,28,42,6,48,76
12/10/2020,HKS,MS,ASO,ES,Federal Contract Tower,0,2,10,2,14,0,4,15,5,24,0,6,25,7,38,46,46,92,130
12/11/2020,HKS,MS,ASO,ES,Federal Contract Tower,0,3,5,0,8,0,7,10,8,25,0,10,15,8,33,46,20,66,99
12/12/2020,HKS,MS,ASO,ES,Federal Contract Tower,0,1,6,0,7,0,2,3,0,5,0,3,9,0,12,2,0,2,14
12/13/2020,HKS,MS,ASO,ES,Federal Contract Tower,0,0,3,0,3,0,0,4,0,4,0,0,7,0,7,14,0,14,21
12/14/2020,HKS,MS,ASO,ES,Federal Contract Tower,0,1,5,2,8,0,5,2,1,8,0,6,7,3,16,16,0,16,32
12/15/2020,HKS,MS,ASO,ES,Federal Contract Tower,0,0,7,1,8,0,2,5,1,8,0,2,12,2,16,34,0,34,50
12/16/2020,HKS,MS,ASO,ES,Federal Contract Tower,0,1,5,0,6,0,5,1,0,6,0,6,6,0,12,2,0,2,14
12/17/2020,HKS,MS,ASO,ES,Federal Contract Tower,0,2,7,0,9,0,6,30,0,36,0,8,37,0,45,52,4,56,101
12/18/2020,HKS,MS,ASO,ES,Federal Contract Tower,0,0,6,0,6,0,7,17,0,24,0,7,23,0,30,22,0,22,52
12/19/2020,HKS,MS,ASO,ES,Federal Contract Tower,0,2,4,0,6,0,10,9,0,19,0,12,13,0,25,36,0,36,61
12/20/2020,HKS,MS,ASO,ES,Federal Contract Tower,0,1,10,0,11,0,1,0,0,1,0,2,10,0,12,14,0,14,26
12/21/2020,HKS,MS,ASO,ES,Federal Contract Tower,0,2,10,0,12,0,6,17,0,23,0,8,27,0,35,48,0,48,83
12/22/2020,HKS,MS,ASO,ES,Federal Contract Tower,0,2,21,0,23,0,5,13,0,18,0,7,34,0,41,52,0,52,93
12/23/2020,HKS,MS,ASO,ES,Federal Contract Tower,0,0,12,0,12,0,1,3,0,4,0,1,15,0,16,0,0,0,16
12/24/2020,HKS,MS,ASO,ES,Federal Contract Tower,0,2,2,0,4,0,3,1,0,4,0,5,3,0,8,0,0,0,8
12/25/2020,HKS,MS,ASO,ES,Federal Contract Tower,0,1,2,0,3,0,1,2,0,3,0,2,4,0,6,0,0,0,6
12/26/2020,HKS,MS,ASO,ES,Federal Contract Tower,0,0,4,0,4,0,4,27,0,31,0,4,31,0,35,46,0,46,81
12/27/2020,HKS,MS,ASO,ES,Federal Contract Tower,0,3,4,0,7,0,0,12,0,12,0,3,16,0,19,34,0,34,53
12/28/2020,HKS,MS,ASO,ES,Federal Contract Tower,0,3,11,0,14,0,1,7,0,8,0,4,18,0,22,12,0,12,34
12/29/2020,HKS,MS,ASO,ES,Federal Contract Tower,0,2,6,0,8,0,1,7,0,8,0,3,13,0,16,0,0,0,16
12/30/2020,HKS,MS,ASO,ES,Federal Contract Tower,0,4,4,0,8,0,4,0,0,4,0,8,4,0,12,10,0,10,22
12/31/2020,HKS,MS,ASO,ES,Federal Contract Tower,0,3,2,0,5,0,0,0,0,0,0,3,2,0,5,2,0,2,7
01/01/2021,HKS,MS,ASO,ES,Federal Contract Tower,0,3,5,0,8,0,0,8,0,8,0,3,13,0,16,12,0,12,28
01/02/2021,HKS,MS,ASO,ES,Federal Contract Tower,0,3,8,3,14,0,0,3,0,3,0,3,11,3,17,8,0,8,25
01/03/2021,HKS,MS,ASO,ES,Federal Contract Tower,0,1,10,1,12,0,3,15,0,18,0,4,25,1,30,42,0,42,72
01/04/2021,HKS,MS,ASO,ES,Federal Contract Tower,0,1,4,0,5,0,3,4,0,7,0,4,8,0,12,0,0,0,12
01/05/2021,HKS,MS,ASO,ES,Federal Contract Tower,0,3,7,0,10,0,3,11,7,21,0,6,18,7,31,6,56,62,93
01/06/2021,HKS,MS,ASO,ES,Federal Contract Tower,0,2,7,2,11,0,5,6,0,11,0,7,13,2,22,10,0,10,32
01/07/2021,HKS,MS,ASO,ES,Federal Contract Tower,0,0,2,0,2,0,0,0,0,0,0,0,2,0,2,0,0,0,2
01/08/2021,HKS,MS,ASO,ES,Federal Contract Tower,0,1,5,0,6,0,3,1,2,6,0,4,6,2,12,0,4,4,16
01/09/2021,HKS,MS,ASO,ES,Federal Contract Tower,0,1,9,0,10,0,8,17,11,36,0,9,26,11,46,34,12,46,92
01/10/2021,HKS,MS,ASO,ES,Federal Contract Tower,0,0,6,0,6,0,2,1,4,7,0,2,7,4,13,14,0,14,27
01/11/2021,HKS,MS,ASO,ES,Federal Contract Tower,0,0,0,0,0,0,0,0,0,0,0,0,0,0,0,0,0,0,0
01/12/2021,HKS,MS,ASO,ES,Federal Contract Tower,0,0,10,2,12,0,0,1,0,1,0,0,11,2,13,18,0,18,31
01/13/2021,HKS,MS,ASO,ES,Federal Contract Tower,0,0,8,2,10,0,2,3,2,7,0,2,11,4,17,2,0,2,19
01/14/2021,HKS,MS,ASO,ES,Federal Contract Tower,0,3,10,6,19,0,4,3,8,15,0,7,13,14,34,0,40,40,74
01/15/2021,HKS,MS,ASO,ES,Federal Contract Tower,0,0,6,0,6,0,0,10,3,13,0,0,16,3,19,4,12,16,35
01/16/2021,HKS,MS,ASO,ES,Federal Contract Tower,0,2,4,0,6,0,1,6,0,7,0,3,10,0,13,0,0,0,13
01/17/2021,HKS,MS,ASO,ES,Federal Contract Tower,0,5,7,0,12,0,1,11,0,12,0,6,18,0,24,58,0,58,82
01/18/2021,HKS,MS,ASO,ES,Federal Contract Tower,0,2,2,0,4,0,7,8,0,15,0,9,10,0,19,28,0,28,47
01/19/2021,HKS,MS,ASO,ES,Federal Contract Tower,0,3,6,0,9,0,2,13,14,29,0,5,19,14,38,0,72,72,110
01/20/2021,HKS,MS,ASO,ES,Federal Contract Tower,0,3,16,3,22,0,2,3,0,5,0,5,19,3,27,36,22,58,85
01/21/2021,HKS,MS,ASO,ES,Federal Contract Tower,0,1,2,0,3,0,0,0,0,0,0,1,2,0,3,0,0,0,3
01/22/2021,HKS,MS,ASO,ES,Federal Contract Tower,0,0,1,0,1,0,0,0,0,0,0,0,1,0,1,0,0,0,1
01/23/2021,HKS,MS,ASO,ES,Federal Contract Tower,0,5,6,0,11,0,1,21,5,27,0,6,27,5,38,42,0,42,80
01/24/2021,HKS,MS,ASO,ES,Federal Contract Tower,0,4,4,0,8,0,1,0,0,1,0,5,4,0,9,14,0,14,23
01/25/2021,HKS,MS,ASO,ES,Federal Contract Tower,0,0,4,0,4,0,2,0,0,2,0,2,4,0,6,0,0,0,6
01/26/2021,HKS,MS,ASO,ES,Federal Contract Tower,0,1,8,1,10,0,7,8,18,33,0,8,16,19,43,30,28,58,101
01/27/2021,HKS,MS,ASO,ES,Federal Contract Tower,0,1,11,0,12,0,6,0,4,10,0,7,11,4,22,2,6,8,30
01/28/2021,HKS,MS,ASO,ES,Federal Contract Tower,0,0,6,6,12,0,3,19,15,37,0,3,25,21,49,6,48,54,103
01/29/2021,HKS,MS,ASO,ES,Federal Contract Tower,0,2,2,0,4,0,0,15,0,15,0,2,17,0,19,14,22,36,55
01/30/2021,HKS,MS,ASO,ES,Federal Contract Tower,0,2,1,0,3,0,5,12,0,17,0,7,13,0,20,40,0,40,60
01/31/2021,HKS,MS,ASO,ES,Federal Contract Tower,0,2,4,0,6,0,5,4,0,9,0,7,8,0,15,38,0,38,53
02/01/2021,HKS,MS,ASO,ES,Federal Contract Tower,0,2,3,0,5,0,1,8,6,15,0,3,11,6,20,0,18,18,38
02/02/2021,HKS,MS,ASO,ES,Federal Contract Tower,0,2,3,0,5,0,4,16,14,34,0,6,19,14,39,42,74,116,155
02/03/2021,HKS,MS,ASO,ES,Federal Contract Tower,0,1,9,3,13,0,0,17,4,21,0,1,26,7,34,82,2,84,118
02/04/2021,HKS,MS,ASO,ES,Federal Contract Tower,0,1,4,2,7,0,3,6,5,14,0,4,10,7,21,10,16,26,47
02/05/2021,HKS,MS,ASO,ES,Federal Contract Tower,0,1,3,0,4,0,1,14,2,17,0,2,17,2,21,21,24,45,66
02/06/2021,HKS,MS,ASO,ES,Federal Contract Tower,0,3,2,0,5,0,0,6,0,6,0,3,8,0,11,28,0,28,39
02/07/2021,HKS,MS,ASO,ES,Federal Contract Tower,0,0,2,0,2,0,4,3,0,7,0,4,5,0,9,10,0,10,19
02/08/2021,HKS,MS,ASO,ES,Federal Contract Tower,0,2,8,0,10,0,0,15,0,15,0,2,23,0,25,0,0,0,25
02/09/2021,HKS,MS,ASO,ES,Federal Contract Tower,0,3,1,0,4,0,0,5,7,12,0,3,6,7,16,0,70,70,86
02/10/2021,HKS,MS,ASO,ES,Federal Contract Tower,0,1,4,0,5,0,1,8,3,12,0,2,12,3,17,26,4,30,47
02/11/2021,HKS,MS,ASO,ES,Federal Contract Tower,0,0,1,0,1,0,0,0,0,0,0,0,1,0,1,0,0,0,1
02/12/2021,HKS,MS,ASO,ES,Federal Contract Tower,0,1,0,0,1,0,0,0,0,0,0,1,0,0,1,0,0,0,1
02/13/2021,HKS,MS,ASO,ES,Federal Contract Tower,0,0,1,0,1,0,0,0,0,0,0,0,1,0,1,0,0,0,1
02/14/2021,HKS,MS,ASO,ES,Federal Contract Tower,0,0,0,0,0,0,0,0,0,0,0,0,0,0,0,0,0,0,0
02/15/2021,HKS,MS,ASO,ES,Federal Contract Tower,0,0,0,0,0,0,0,0,0,0,0,0,0,0,0,0,0,0,0
02/16/2021,HKS,MS,ASO,ES,Federal Contract Tower,0,0,0,0,0,0,0,2,0,2,0,0,2,0,2,0,0,0,2
02/17/2021,HKS,MS,ASO,ES,Federal Contract Tower,0,0,0,0,0,0,0,0,0,0,0,0,0,0,0,0,0,0,0
02/18/2021,HKS,MS,ASO,ES,Federal Contract Tower,0,0,0,0,0,0,0,0,0,0,0,0,0,0,0,0,0,0,0
02/19/2021,HKS,MS,ASO,ES,Federal Contract Tower,0,0,0,0,0,0,4,0,0,4,0,4,0,0,4,0,0,0,4
02/20/2021,HKS,MS,ASO,ES,Federal Contract Tower,0,1,4,0,5,0,5,2,2,9,0,6,6,2,14,6,0,6,20
02/21/2021,HKS,MS,ASO,ES,Federal Contract Tower,0,0,5,0,5,0,2,11,0,13,0,2,16,0,18,8,0,8,26
02/22/2021,HKS,MS,ASO,ES,Federal Contract Tower,0,4,4,0,8,0,2,4,0,6,0,6,8,0,14,34,0,34,48
02/23/2021,HKS,MS,ASO,ES,Federal Contract Tower,0,0,6,1,7,0,4,10,11,25,0,4,16,12,32,56,88,144,176
02/24/2021,HKS,MS,ASO,ES,Federal Contract Tower,0,1,5,0,6,0,2,9,6,17,0,3,14,6,23,6,8,14,37
02/25/2021,HKS,MS,ASO,ES,Federal Contract Tower,0,10,4,1,15,0,1,14,14,29,0,11,18,15,44,44,24,68,112
02/26/2021,HKS,MS,ASO,ES,Federal Contract Tower,0,3,1,0,4,0,13,4,2,19,0,16,5,2,23,12,0,12,35
02/27/2021,HKS,MS,ASO,ES,Federal Contract Tower,0,0,4,0,4,0,2,7,4,13,0,2,11,4,17,10,34,44,61
02/28/2021,HKS,MS,ASO,ES,Federal Contract Tower,0,1,5,3,9,0,1,3,1,5,0,2,8,4,14,4,6,10,24
03/01/2021,HKS,MS,ASO,ES,Federal Contract Tower,0,4,2,0,6,0,0,0,2,2,0,4,2,2,8,0,16,16,24
03/02/2021,HKS,MS,ASO,ES,Federal Contract Tower,0,3,0,0,3,0,0,0,2,2,0,3,0,2,5,4,10,14,19
03/03/2021,HKS,MS,ASO,ES,Federal Contract Tower,0,0,7,0,7,0,0,16,6,22,0,0,23,6,29,64,10,74,103
03/04/2021,HKS,MS,ASO,ES,Federal Contract Tower,0,0,4,6,10,0,2,18,11,31,0,2,22,17,41,36,14,50,91
03/05/2021,HKS,MS,ASO,ES,Federal Contract Tower,0,2,6,0,8,0,8,8,10,26,0,10,14,10,34,24,4,28,62
03/06/2021,HKS,MS,ASO,ES,Federal Contract Tower,0,0,4,0,4,0,8,6,9,23,0,8,10,9,27,22,0,22,49
03/07/2021,HKS,MS,ASO,ES,Federal Contract Tower,0,0,3,0,3,0,0,25,0,25,0,0,28,0,28,48,10,58,86
03/08/2021,HKS,MS,ASO,ES,Federal Contract Tower,0,0,5,0,5,0,1,17,0,18,0,1,22,0,23,52,2,54,77
03/09/2021,HKS,MS,ASO,ES,Federal Contract Tower,0,0,8,1,9,0,2,20,8,30,0,2,28,9,39,52,124,176,215
03/10/2021,HKS,MS,ASO,ES,Federal Contract Tower,0,2,6,0,8,0,3,3,2,8,0,5,9,2,16,0,0,0,16
03/11/2021,HKS,MS,ASO,ES,Federal Contract Tower,0,1,5,2,8,0,0,11,16,27,0,1,16,18,35,28,34,62,97
03/12/2021,HKS,MS,ASO,ES,Federal Contract Tower,0,0,11,3,14,0,3,9,6,18,0,3,20,9,32,44,2,46,78
03/13/2021,HKS,MS,ASO,ES,Federal Contract Tower,0,1,9,0,10,0,6,12,0,18,0,7,21,0,28,6,0,6,34
03/14/2021,HKS,MS,ASO,ES,Federal Contract Tower,0,0,9,0,9,0,1,1,0,2,0,1,10,0,11,0,0,0,11
03/15/2021,HKS,MS,ASO,ES,Federal Contract Tower,0,0,0,0,0,0,3,2,6,11,0,3,2,6,11,0,30,30,41
03/16/2021,HKS,MS,ASO,ES,Federal Contract Tower,0,0,4,1,5,0,3,3,7,13,0,3,7,8,18,0,0,0,18
03/17/2021,HKS,MS,ASO,ES,Federal Contract Tower,0,0,3,0,3,0,2,0,0,2,0,2,3,0,5,0,0,0,5
03/18/2021,HKS,MS,ASO,ES,Federal Contract Tower,0,2,9,0,11,0,6,16,8,30,0,8,25,8,41,0,2,2,43
03/19/2021,HKS,MS,ASO,ES,Federal Contract Tower,0,1,7,0,8,0,2,0,0,2,0,3,7,0,10,10,0,10,20
03/20/2021,HKS,MS,ASO,ES,Federal Contract Tower,0,0,6,0,6,0,4,7,0,11,0,4,13,0,17,18,0,18,35
03/21/2021,HKS,MS,ASO,ES,Federal Contract Tower,0,0,9,0,9,0,5,9,0,14,0,5,18,0,23,18,0,18,41
03/22/2021,HKS,MS,ASO,ES,Federal Contract Tower,0,0,10,0,10,0,6,9,0,15,0,6,19,0,25,2,28,30,55
03/23/2021,HKS,MS,ASO,ES,Federal Contract Tower,0,2,2,0,4,0,1,0,0,1,0,3,2,0,5,0,0,0,5
03/24/2021,HKS,MS,ASO,ES,Federal Contract Tower,0,0,3,0,3,0,1,8,0,9,0,1,11,0,12,8,0,8,20
03/25/2021,HKS,MS,ASO,ES,Federal Contract Tower,0,0,0,0,0,0,2,0,0,2,0,2,0,0,2,0,0,0,2
03/26/2021,HKS,MS,ASO,ES,Federal Contract Tower,0,0,6,0,6,0,0,11,2,13,0,0,17,2,19,28,0,28,47
03/27/2021,HKS,MS,ASO,ES,Federal Contract Tower,0,1,2,0,3,0,2,0,4,6,0,3,2,4,9,0,18,18,27
03/28/2021,HKS,MS,ASO,ES,Federal Contract Tower,0,0,2,0,2,0,2,5,2,9,0,2,7,2,11,0,0,0,11
03/29/2021,HKS,MS,ASO,ES,Federal Contract Tower,0,0,5,1,6,0,3,18,4,25,0,3,23,5,31,24,8,32,63
03/30/2021,HKS,MS,ASO,ES,Federal Contract Tower,0,1,1,3,5,0,2,1,4,7,0,3,2,7,12,0,10,10,22
03/31/2021,HKS,MS,ASO,ES,Federal Contract Tower,0,0,0,0,0,0,0,0,0,0,0,0,0,0,0,0,0,0,0
04/01/2021,HKS,MS,ASO,ES,Federal Contract Tower,0,0,10,2,12,0,2,6,19,27,0,2,16,21,39,18,20,38,77
04/02/2021,HKS,MS,ASO,ES,Federal Contract Tower,0,0,4,2,6,0,0,10,3,13,0,0,14,5,19,6,58,64,83
04/03/2021,HKS,MS,ASO,ES,Federal Contract Tower,0,0,13,0,13,0,0,33,2,35,0,0,46,2,48,62,0,62,110
04/04/2021,HKS,MS,ASO,ES,Federal Contract Tower,0,0,1,0,1,0,1,3,0,4,0,1,4,0,5,24,0,24,29
04/05/2021,HKS,MS,ASO,ES,Federal Contract Tower,0,0,10,0,10,0,9,11,2,22,0,9,21,2,32,76,0,76,108
04/06/2021,HKS,MS,ASO,ES,Federal Contract Tower,0,0,5,4,9,0,0,9,10,19,0,0,14,14,28,22,32,54,82
04/07/2021,HKS,MS,ASO,ES,Federal Contract Tower,0,1,9,10,20,0,0,2,7,9,0,1,11,17,29,0,0,0,29
04/08/2021,HKS,MS,ASO,ES,Federal Contract Tower,0,1,10,2,13,0,3,11,9,23,0,4,21,11,36,28,6,34,70
04/09/2021,HKS,MS,ASO,ES,Federal Contract Tower,0,0,4,0,4,0,2,4,5,11,0,2,8,5,15,0,18,18,33
04/10/2021,HKS,MS,ASO,ES,Federal Contract Tower,0,0,1,0,1,0,1,10,0,11,0,1,11,0,12,0,0,0,12
04/11/2021,HKS,MS,ASO,ES,Federal Contract Tower,0,2,5,0,7,0,2,16,0,18,0,4,21,0,25,40,0,40,65
04/12/2021,HKS,MS,ASO,ES,Federal Contract Tower,0,0,7,0,7,0,2,11,3,16,0,2,18,3,23,62,24,86,109
04/13/2021,HKS,MS,ASO,ES,Federal Contract Tower,0,0,11,1,12,0,6,11,13,30,0,6,22,14,42,0,22,22,64
04/14/2021,HKS,MS,ASO,ES,Federal Contract Tower,0,1,1,0,2,0,0,0,0,0,0,1,1,0,2,0,0,0,2
04/15/2021,HKS,MS,ASO,ES,Federal Contract Tower,0,1,12,6,19,0,3,6,11,20,0,4,18,17,39,16,36,52,91
04/16/2021,HKS,MS,ASO,ES,Federal Contract Tower,0,0,3,0,3,0,3,2,3,8,0,3,5,3,11,0,0,0,11
04/17/2021,HKS,MS,ASO,ES,Federal Contract Tower,0,1,5,3,9,0,2,3,2,7,0,3,8,5,16,12,10,22,38
04/18/2021,HKS,MS,ASO,ES,Federal Contract Tower,0,0,6,0,6,0,4,9,3,16,0,4,15,3,22,0,0,0,22
04/19/2021,HKS,MS,ASO,ES,Federal Contract Tower,0,0,8,0,8,0,4,14,7,25,0,4,22,7,33,24,0,24,57
04/20/2021,HKS,MS,ASO,ES,Federal Contract Tower,0,0,2,0,2,0,3,16,4,23,0,3,18,4,25,16,0,16,41
04/21/2021,HKS,MS,ASO,ES,Federal Contract Tower,0,4,10,0,14,0,2,4,6,12,0,6,14,6,26,4,8,12,38
04/22/2021,HKS,MS,ASO,ES,Federal Contract Tower,0,2,4,0,6,0,2,11,3,16,0,4,15,3,22,0,0,0,22
04/23/2021,HKS,MS,ASO,ES,Federal Contract Tower,0,0,2,0,2,0,0,4,3,7,0,0,6,3,9,16,8,24,33
04/24/2021,HKS,MS,ASO,ES,Federal Contract Tower,0,1,0,1,2,0,1,5,4,10,0,2,5,5,12,0,0,0,12
04/25/2021,HKS,MS,ASO,ES,Federal Contract Tower,0,2,9,0,11,0,6,11,0,17,0,8,20,0,28,18,0,18,46
04/26/2021,HKS,MS,ASO,ES,Federal Contract Tower,0,0,8,0,8,0,6,10,4,20,0,6,18,4,28,2,0,2,30
04/27/2021,HKS,MS,ASO,ES,Federal Contract Tower,0,2,7,2,11,0,2,5,4,11,0,4,12,6,22,0,0,0,22
04/28/2021,HKS,MS,ASO,ES,Federal Contract Tower,0,1,8,0,9,0,9,1,19,29,0,10,9,19,38,2,0,2,40
04/29/2021,HKS,MS,ASO,ES,Federal Contract Tower,0,2,8,3,13,0,7,3,5,15,0,9,11,8,28,20,0,20,48
04/30/2021,HKS,MS,ASO,ES,Federal Contract Tower,0,2,5,0,7,0,6,3,0,9,0,8,8,0,16,4,0,4,20
05/01/2021,HKS,MS,ASO,ES,Federal Contract Tower,0,2,6,0,8,0,5,26,0,31,0,7,32,0,39,16,0,16,55
05/02/2021,HKS,MS,ASO,ES,Federal Contract Tower,0,1,5,0,6,0,0,0,0,0,0,1,5,0,6,0,0,0,6
05/03/2021,HKS,MS,ASO,ES,Federal Contract Tower,0,1,5,0,6,0,15,0,0,15,0,16,5,0,21,0,0,0,21
05/04/2021,HKS,MS,ASO,ES,Federal Contract Tower,0,1,1,0,2,0,0,0,0,0,0,1,1,0,2,0,0,0,2
05/05/2021,HKS,MS,ASO,ES,Federal Contract Tower,0,1,16,0,17,0,2,24,5,31,0,3,40,5,48,12,0,12,60
05/06/2021,HKS,MS,ASO,ES,Federal Contract Tower,0,0,6,1,7,0,2,21,5,28,0,2,27,6,35,16,46,62,97
05/07/2021,HKS,MS,ASO,ES,Federal Contract Tower,0,0,9,0,9,0,5,18,2,25,0,5,27,2,34,58,0,58,92
05/08/2021,HKS,MS,ASO,ES,Federal Contract Tower,0,1,6,0,7,0,7,19,0,26,0,8,25,0,33,68,0,68,101
05/09/2021,HKS,MS,ASO,ES,Federal Contract Tower,0,0,11,0,11,0,1,0,0,1,0,1,11,0,12,0,0,0,12
05/10/2021,HKS,MS,ASO,ES,Federal Contract Tower,0,1,4,0,5,0,10,2,0,12,0,11,6,0,17,12,0,12,29
05/11/2021,HKS,MS,ASO,ES,Federal Contract Tower,0,2,6,0,8,0,2,4,1,7,0,4,10,1,15,30,0,30,45
05/12/2021,HKS,MS,ASO,ES,Federal Contract Tower,0,3,14,0,17,0,0,3,2,5,0,3,17,2,22,40,28,68,90
05/13/2021,HKS,MS,ASO,ES,Federal Contract Tower,0,2,14,0,16,0,1,22,2,25,0,3,36,2,41,16,12,28,69
05/14/2021,HKS,MS,ASO,ES,Federal Contract Tower,0,7,7,0,14,0,4,19,0,23,0,11,26,0,37,34,0,34,71
05/15/2021,HKS,MS,ASO,ES,Federal Contract Tower,0,3,6,0,9,0,6,26,0,32,0,9,32,0,41,12,0,12,53
05/16/2021,HKS,MS,ASO,ES,Federal Contract Tower,0,2,5,0,7,0,11,36,0,47,0,13,41,0,54,2,0,2,56
05/17/2021,HKS,MS,ASO,ES,Federal Contract Tower,0,5,4,0,9,0,0,0,3,3,0,5,4,3,12,0,0,0,12
05/18/2021,HKS,MS,ASO,ES,Federal Contract Tower,0,0,7,2,9,0,2,0,2,4,0,2,7,4,13,2,22,24,37
05/19/2021,HKS,MS,ASO,ES,Federal Contract Tower,0,0,7,0,7,0,0,2,0,2,0,0,9,0,9,8,2,10,19
05/20/2021,HKS,MS,ASO,ES,Federal Contract Tower,0,0,9,3,12,0,1,6,3,10,0,1,15,6,22,24,52,76,98
05/21/2021,HKS,MS,ASO,ES,Federal Contract Tower,0,1,4,2,7,0,8,7,3,18,0,9,11,5,25,20,44,64,89
05/22/2021,HKS,MS,ASO,ES,Federal Contract Tower,0,1,3,0,4,0,4,26,0,30,0,5,29,0,34,48,0,48,82
05/23/2021,HKS,MS,ASO,ES,Federal Contract Tower,0,4,4,0,8,0,2,24,0,26,0,6,28,0,34,48,0,48,82
05/25/2021,HKS,MS,ASO,ES,Federal Contract Tower,0,2,9,3,14,0,2,7,12,21,0,4,16,15,35,4,46,50,85
05/26/2021,HKS,MS,ASO,ES,Federal Contract Tower,0,4,10,0,14,0,1,13,2,16,0,5,23,2,30,58,22,80,110
05/27/2021,HKS,MS,ASO,ES,Federal Contract Tower,0,0,12,1,13,0,0,9,9,18,0,0,21,10,31,66,6,72,103
05/28/2021,HKS,MS,ASO,ES,Federal Contract Tower,0,6,15,0,21,0,9,4,0,13,0,15,19,0,34,10,0,10,44
05/29/2021,HKS,MS,ASO,ES,Federal Contract Tower,0,1,12,0,13,0,3,20,0,23,0,4,32,0,36,46,0,46,82
05/30/2021,HKS,MS,ASO,ES,Federal Contract Tower,0,2,9,0,11,0,3,9,0,12,0,5,18,0,23,26,0,26,49
05/31/2021,HKS,MS,ASO,ES,Federal Contract Tower,0,0,12,0,12,0,6,8,0,14,0,6,20,0,26,66,0,66,92
06/01/2021,HKS,MS,ASO,ES,Federal Contract Tower,0,1,14,3,18,0,0,12,1,13,0,1,26,4,31,6,10,16,47
06/02/2021,HKS,MS,ASO,ES,Federal Contract Tower,0,1,6,3,10,0,1,2,8,11,0,2,8,11,21,12,22,34,55
06/03/2021,HKS,MS,ASO,ES,Federal Contract Tower,0,5,15,0,20,0,0,18,5,23,0,5,33,5,43,32,42,74,117
06/05/2021,HKS,MS,ASO,ES,Federal Contract Tower,0,4,14,1,19,0,5,3,4,12,0,9,17,5,31,32,0,32,63
06/06/2021,HKS,MS,ASO,ES,Federal Contract Tower,0,3,6,0,9,0,0,0,0,0,0,3,6,0,9,0,0,0,9
06/07/2021,HKS,MS,ASO,ES,Federal Contract Tower,0,5,8,2,15,0,0,0,0,0,0,5,8,2,15,0,0,0,15
06/09/2021,HKS,MS,ASO,ES,Federal Contract Tower,0,1,22,2,25,0,0,2,0,2,0,1,24,2,27,36,26,62,89
06/10/2021,HKS,MS,ASO,ES,Federal Contract Tower,0,5,15,3,23,0,4,4,2,10,0,9,19,5,33,18,8,26,59
06/11/2021,HKS,MS,ASO,ES,Federal Contract Tower,0,6,15,2,23,0,5,9,0,14,0,11,24,2,37,12,0,12,49
06/12/2021,HKS,MS,ASO,ES,Federal Contract Tower,0,0,11,0,11,0,4,39,0,43,0,4,50,0,54,60,0,60,114
06/14/2021,HKS,MS,ASO,ES,Federal Contract Tower,0,1,9,0,10,0,7,8,0,15,0,8,17,0,25,4,0,4,29
06/15/2021,HKS,MS,ASO,ES,Federal Contract Tower,0,5,8,1,14,0,2,15,2,19,0,7,23,3,33,14,4,18,51
06/16/2021,HKS,MS,ASO,ES,Federal Contract Tower,0,2,5,0,7,0,1,18,0,19,0,3,23,0,26,0,0,0,26
06/17/2021,HKS,MS,ASO,ES,Federal Contract Tower,0,3,4,2,9,0,5,19,1,25,0,8,23,3,34,2,2,4,38
06/18/2021,HKS,MS,ASO,ES,Federal Contract Tower,0,1,12,0,13,0,1,8,0,9,0,2,20,0,22,0,0,0,22
06/19/2021,HKS,MS,ASO,ES,Federal Contract Tower,0,1,9,0,10,0,3,2,0,5,0,4,11,0,15,4,0,4,19
06/20/2021,HKS,MS,ASO,ES,Federal Contract Tower,0,0,6,0,6,0,4,16,4,24,0,4,22,4,30,0,0,0,30
06/21/2021,HKS,MS,ASO,ES,Federal Contract Tower,0,1,4,2,7,0,2,3,1,6,0,3,7,3,13,12,28,40,53
06/22/2021,HKS,MS,ASO,ES,Federal Contract Tower,0,1,15,2,18,0,2,22,6,30,0,3,37,8,48,26,36,62,110
06/23/2021,HKS,MS,ASO,ES,Federal Contract Tower,0,3,9,0,12,0,5,14,0,19,0,8,23,0,31,0,0,0,31
06/24/2021,HKS,MS,ASO,ES,Federal Contract Tower,0,1,15,6,22,0,0,4,10,14,0,1,19,16,36,28,30,58,94
06/25/2021,HKS,MS,ASO,ES,Federal Contract Tower,0,0,8,1,9,0,2,2,1,5,0,2,10,2,14,14,0,14,28
06/26/2021,HKS,MS,ASO,ES,Federal Contract Tower,0,2,2,0,4,0,8,8,0,16,0,10,10,0,20,22,0,22,42
06/27/2021,HKS,MS,ASO,ES,Federal Contract Tower,0,0,5,0,5,0,2,8,0,10,0,2,13,0,15,42,0,42,57
06/28/2021,HKS,MS,ASO,ES,Federal Contract Tower,0,2,12,0,14,0,5,12,4,21,0,7,24,4,35,2,0,2,37
06/29/2021,HKS,MS,ASO,ES,Federal Contract Tower,0,4,3,1,8,0,2,15,2,19,0,6,18,3,27,18,14,32,59
06/30/2021,HKS,MS,ASO,ES,Federal Contract Tower,0,0,9,2,11,0,0,10,0,10,0,0,19,2,21,20,0,20,41
07/01/2021,HKS,MS,ASO,ES,Federal Contract Tower,0,2,18,4,24,0,3,9,2,14,0,5,27,6,38,44,14,58,96
07/02/2021,HKS,MS,ASO,ES,Federal Contract Tower,0,1,15,0,16,0,2,2,2,6,0,3,17,2,22,0,4,4,26
07/03/2021,HKS,MS,ASO,ES,Federal Contract Tower,0,0,11,0,11,0,6,23,1,30,0,6,34,1,41,4,0,4,45
07/04/2021,HKS,MS,ASO,ES,Federal Contract Tower,0,1,5,0,6,0,1,7,0,8,0,2,12,0,14,6,0,6,20
07/05/2021,HKS,MS,ASO,ES,Federal Contract Tower,0,0,20,0,20,0,3,17,0,20,0,3,37,0,40,28,0,28,68
07/06/2021,HKS,MS,ASO,ES,Federal Contract Tower,0,1,16,1,18,0,0,7,1,8,0,1,23,2,26,4,21,25,51
07/07/2021,HKS,MS,ASO,ES,Federal Contract Tower,0,7,2,0,9,0,0,0,0,0,0,7,2,0,9,0,8,8,17
07/08/2021,HKS,MS,ASO,ES,Federal Contract Tower,0,0,10,0,10,0,0,15,6,21,0,0,25,6,31,0,22,22,53
07/09/2021,HKS,MS,ASO,ES,Federal Contract Tower,0,1,11,0,12,0,1,11,4,16,0,2,22,4,28,2,0,2,30
07/10/2021,HKS,MS,ASO,ES,Federal Contract Tower,0,2,4,0,6,0,0,3,0,3,0,2,7,0,9,22,0,22,31
07/11/2021,HKS,MS,ASO,ES,Federal Contract Tower,0,0,3,0,3,0,2,0,0,2,0,2,3,0,5,16,0,16,21
07/12/2021,HKS,MS,ASO,ES,Federal Contract Tower,0,1,11,0,12,0,0,14,0,14,0,1,25,0,26,14,0,14,40
07/13/2021,HKS,MS,ASO,ES,Federal Contract Tower,0,0,10,2,12,0,3,18,10,31,0,3,28,12,43,28,18,46,89
07/14/2021,HKS,MS,ASO,ES,Federal Contract Tower,0,0,9,1,10,0,0,39,19,58,0,0,48,20,68,8,0,8,76
07/15/2021,HKS,MS,ASO,ES,Federal Contract Tower,0,2,10,5,17,0,8,24,7,39,0,10,34,12,56,0,6,6,62
07/16/2021,HKS,MS,ASO,ES,Federal Contract Tower,0,1,6,0,7,0,0,6,6,12,0,1,12,6,19,0,0,0,19
07/17/2021,HKS,MS,ASO,ES,Federal Contract Tower,0,1,9,0,10,0,0,3,0,3,0,1,12,0,13,10,0,10,23
07/18/2021,HKS,MS,ASO,ES,Federal Contract Tower,0,1,11,0,12,0,6,7,0,13,0,7,18,0,25,20,0,20,45
07/19/2021,HKS,MS,ASO,ES,Federal Contract Tower,0,2,6,0,8,0,3,4,0,7,0,5,10,0,15,22,0,22,37
07/20/2021,HKS,MS,ASO,ES,Federal Contract Tower,0,3,11,1,15,0,0,0,3,3,0,3,11,4,18,16,0,16,34
07/21/2021,HKS,MS,ASO,ES,Federal Contract Tower,0,0,15,2,17,0,6,4,0,10,0,6,19,2,27,18,0,18,45
07/22/2021,HKS,MS,ASO,ES,Federal Contract Tower,0,2,5,1,8,0,2,13,1,16,0,4,18,2,24,20,0,20,44
07/23/2021,HKS,MS,ASO,ES,Federal Contract Tower,0,2,12,1,15,0,6,10,4,20,0,8,22,5,35,20,10,30,65
07/24/2021,HKS,MS,ASO,ES,Federal Contract Tower,0,1,10,0,11,0,1,15,0,16,0,2,25,0,27,20,0,20,47
07/25/2021,HKS,MS,ASO,ES,Federal Contract Tower,0,5,6,0,11,0,4,18,0,22,0,9,24,0,33,56,0,56,89
07/26/2021,HKS,MS,ASO,ES,Federal Contract Tower,0,3,10,0,13,0,9,14,0,23,0,12,24,0,36,16,0,16,52
07/27/2021,HKS,MS,ASO,ES,Federal Contract Tower,0,2,12,1,15,0,3,6,3,12,0,5,18,4,27,10,0,10,37
07/28/2021,HKS,MS,ASO,ES,Federal Contract Tower,0,2,16,0,18,0,4,10,4,18,0,6,26,4,36,18,0,18,54
07/29/2021,HKS,MS,ASO,ES,Federal Contract Tower,0,1,5,1,7,0,2,22,10,34,0,3,27,11,41,56,0,56,97
07/30/2021,HKS,MS,ASO,ES,Federal Contract Tower,0,0,16,0,16,0,1,30,5,36,0,1,46,5,52,22,8,30,82
07/31/2021,HKS,MS,ASO,ES,Federal Contract Tower,0,3,15,0,18,1,15,0,0,16,1,18,15,0,34,10,0,10,44
08/01/2021,HKS,MS,ASO,ES,Federal Contract Tower,0,2,6,0,8,0,2,16,0,18,0,4,22,0,26,16,0,16,42
08/02/2021,HKS,MS,ASO,ES,Federal Contract Tower,0,0,7,0,7,0,2,6,0,8,0,2,13,0,15,24,0,24,39
08/03/2021,HKS,MS,ASO,ES,Federal Contract Tower,0,0,20,1,21,0,2,11,12,25,0,2,31,13,46,0,0,0,46
08/04/2021,HKS,MS,ASO,ES,Federal Contract Tower,0,2,7,0,9,0,4,21,2,27,0,6,28,2,36,46,8,54,90
08/05/2021,HKS,MS,ASO,ES,Federal Contract Tower,0,1,10,2,13,0,4,29,7,40,0,5,39,9,53,24,32,56,109
08/06/2021,HKS,MS,ASO,ES,Federal Contract Tower,0,3,12,4,19,0,7,17,10,34,0,10,29,14,53,94,40,134,187
08/07/2021,HKS,MS,ASO,ES,Federal Contract Tower,0,3,9,0,12,0,4,11,7,22,0,7,20,7,34,68,24,92,126
08/08/2021,HKS,MS,ASO,ES,Federal Contract Tower,0,1,17,0,18,0,0,12,2,14,0,1,29,2,32,4,0,4,36
08/09/2021,HKS,MS,ASO,ES,Federal Contract Tower,0,0,2,0,2,0,3,16,0,19,0,3,18,0,21,46,0,46,67
08/10/2021,HKS,MS,ASO,ES,Federal Contract Tower,0,5,12,2,19,0,5,15,10,30,0,10,27,12,49,24,12,36,85
08/11/2021,HKS,MS,ASO,ES,Federal Contract Tower,0,3,13,0,16,0,1,15,2,18,0,4,28,2,34,6,12,18,52
08/12/2021,HKS,MS,ASO,ES,Federal Contract Tower,0,3,17,3,23,0,7,16,11,34,0,10,33,14,57,8,4,12,69
08/13/2021,HKS,MS,ASO,ES,Federal Contract Tower,0,2,14,2,18,0,2,25,2,29,0,4,39,4,47,0,4,4,51
08/14/2021,HKS,MS,ASO,ES,Federal Contract Tower,0,0,3,0,3,0,2,10,0,12,0,2,13,0,15,0,0,0,15
08/15/2021,HKS,MS,ASO,ES,Federal Contract Tower,0,0,15,0,15,0,1,5,0,6,0,1,20,0,21,38,0,38,59
08/16/2021,HKS,MS,ASO,ES,Federal Contract Tower,0,5,8,2,15,0,1,7,5,13,0,6,15,7,28,20,6,26,54
08/17/2021,HKS,MS,ASO,ES,Federal Contract Tower,0,0,26,1,27,0,1,22,13,36,0,1,48,14,63,38,18,56,119
08/18/2021,HKS,MS,ASO,ES,Federal Contract Tower,0,0,6,2,8,0,0,10,2,12,0,0,16,4,20,30,0,30,50
08/19/2021,HKS,MS,ASO,ES,Federal Contract Tower,0,2,12,1,15,0,3,4,7,14,0,5,16,8,29,16,12,28,57
08/20/2021,HKS,MS,ASO,ES,Federal Contract Tower,0,2,11,1,14,0,1,5,1,7,0,3,16,2,21,20,4,24,45
08/21/2021,HKS,MS,ASO,ES,Federal Contract Tower,0,1,2,0,3,0,6,28,0,34,0,7,30,0,37,12,0,12,49
08/22/2021,HKS,MS,ASO,ES,Federal Contract Tower,0,0,7,2,9,0,8,22,0,30,0,8,29,2,39,24,0,24,63
08/23/2021,HKS,MS,ASO,ES,Federal Contract Tower,0,6,11,0,17,0,7,13,0,20,0,13,24,0,37,20,0,20,57
08/24/2021,HKS,MS,ASO,ES,Federal Contract Tower,0,1,14,2,17,0,0,18,17,35,0,1,32,19,52,14,2,16,68
08/25/2021,HKS,MS,ASO,ES,Federal Contract Tower,0,1,12,0,13,0,8,12,2,22,0,9,24,2,35,20,0,20,55
08/26/2021,HKS,MS,ASO,ES,Federal Contract Tower,0,2,18,4,24,0,0,6,7,13,0,2,24,11,37,32,14,46,83
08/27/2021,HKS,MS,ASO,ES,Federal Contract Tower,0,3,13,0,16,0,1,20,2,23,0,4,33,2,39,10,6,16,55
08/28/2021,HKS,MS,ASO,ES,Federal Contract Tower,0,0,11,0,11,0,9,31,0,40,0,9,42,0,51,26,0,26,77
08/29/2021,HKS,MS,ASO,ES,Federal Contract Tower,0,0,8,0,8,0,0,4,0,4,0,0,12,0,12,8,0,8,20
08/31/2021,HKS,MS,ASO,ES,Federal Contract Tower,0,2,8,2,12,0,3,11,9,23,0,5,19,11,35,6,10,16,51
09/01/2021,HKS,MS,ASO,ES,Federal Contract Tower,0,1,10,1,12,0,2,33,2,37,0,3,43,3,49,64,0,64,113
09/02/2021,HKS,MS,ASO,ES,Federal Contract Tower,0,5,9,0,14,0,10,31,2,43,0,15,40,2,57,44,10,54,111
09/03/2021,HKS,MS,ASO,ES,Federal Contract Tower,0,3,12,0,15,0,6,23,0,29,0,9,35,0,44,6,0,6,50
09/04/2021,HKS,MS,ASO,ES,Federal Contract Tower,0,0,11,1,12,0,12,22,3,37,0,12,33,4,49,46,0,46,95
09/05/2021,HKS,MS,ASO,ES,Federal Contract Tower,0,1,6,0,7,0,3,18,0,21,0,4,24,0,28,52,0,52,80
09/06/2021,HKS,MS,ASO,ES,Federal Contract Tower,0,2,15,0,17,0,4,12,0,16,0,6,27,0,33,30,0,30,63
09/07/2021,HKS,MS,ASO,ES,Federal Contract Tower,0,10,9,0,19,0,2,28,13,43,0,12,37,13,62,50,0,50,112
09/08/2021,HKS,MS,ASO,ES,Federal Contract Tower,0,6,6,0,12,0,3,34,3,40,0,9,40,3,52,72,0,72,124
09/09/2021,HKS,MS,ASO,ES,Federal Contract Tower,0,1,11,2,14,0,6,36,12,54,0,7,47,14,68,36,10,46,114
09/10/2021,HKS,MS,ASO,ES,Federal Contract Tower,0,6,7,0,13,0,9,32,10,51,0,15,39,10,64,26,8,34,98
09/11/2021,HKS,MS,ASO,ES,Federal Contract Tower,0,0,7,0,7,0,3,23,7,33,0,3,30,7,40,28,4,32,72
09/12/2021,HKS,MS,ASO,ES,Federal Contract Tower,0,2,10,0,12,0,5,17,1,23,0,7,27,1,35,12,0,12,47
09/13/2021,HKS,MS,ASO,ES,Federal Contract Tower,0,3,8,0,11,0,6,10,2,18,0,9,18,2,29,4,0,4,33
09/14/2021,HKS,MS,ASO,ES,Federal Contract Tower,0,5,2,0,7,0,3,9,1,13,0,8,11,1,20,18,0,18,38
09/15/2021,HKS,MS,ASO,ES,Federal Contract Tower,0,5,8,0,13,0,0,0,0,0,0,5,8,0,13,2,0,2,15
09/16/2021,HKS,MS,ASO,ES,Federal Contract Tower,0,2,21,0,23,0,0,3,1,4,0,2,24,1,27,6,0,6,33
09/17/2021,HKS,MS,ASO,ES,Federal Contract Tower,0,7,8,0,15,0,2,5,2,9,0,9,13,2,24,16,4,20,44
09/18/2021,HKS,MS,ASO,ES,Federal Contract Tower,0,3,4,0,7,0,6,3,0,9,0,9,7,0,16,14,0,14,30
09/19/2021,HKS,MS,ASO,ES,Federal Contract Tower,0,0,7,0,7,0,12,7,0,19,0,12,14,0,26,16,0,16,42
09/20/2021,HKS,MS,ASO,ES,Federal Contract Tower,0,1,13,0,14,0,7,8,0,15,0,8,21,0,29,42,0,42,71
09/21/2021,HKS,MS,ASO,ES,Federal Contract Tower,0,2,5,0,7,0,0,5,0,5,0,2,10,0,12,2,0,2,14
09/22/2021,HKS,MS,ASO,ES,Federal Contract Tower,0,1,9,0,10,0,2,2,0,4,0,3,11,0,14,2,0,2,16
09/23/2021,HKS,MS,ASO,ES,Federal Contract Tower,0,2,13,2,17,0,0,28,9,37,0,2,41,11,54,46,12,58,112
09/24/2021,HKS,MS,ASO,ES,Federal Contract Tower,0,0,6,0,6,0,0,30,0,30,0,0,36,0,36,12,0,12,48
09/25/2021,HKS,MS,ASO,ES,Federal Contract Tower,0,0,9,0,9,0,9,14,0,23,0,9,23,0,32,14,0,14,46
09/26/2021,HKS,MS,ASO,ES,Federal Contract Tower,0,1,10,0,11,0,3,22,0,25,0,4,32,0,36,12,0,12,48
09/27/2021,HKS,MS,ASO,ES,Federal Contract Tower,0,0,3,0,3,0,5,18,2,25,0,5,21,2,28,22,4,26,54
09/28/2021,HKS,MS,ASO,ES,Federal Contract Tower,0,0,8,0,8,0,2,3,5,10,0,2,11,5,18,0,50,50,68
09/29/2021,HKS,MS,ASO,ES,Federal Contract Tower,0,3,5,0,8,0,0,2,0,2,0,3,7,0,10,22,0,22,32
09/30/2021,HKS,MS,ASO,ES,Federal Contract Tower,0,1,7,0,8,0,0,2,2,4,0,1,9,2,12,0,6,6,18
10/01/2021,HKS,MS,ASO,ES,Federal Contract Tower,0,11,2,0,13,0,5,20,1,26,0,16,22,1,39,18,0,18,57
10/02/2021,HKS,MS,ASO,ES,Federal Contract Tower,0,2,4,0,6,0,8,10,0,18,0,10,14,0,24,22,0,22,46
10/03/2021,HKS,MS,ASO,ES,Federal Contract Tower,0,2,7,0,9,0,3,4,0,7,0,5,11,0,16,4,0,4,20
10/04/2021,HKS,MS,ASO,ES,Federal Contract Tower,0,2,10,0,12,0,5,10,0,15,0,7,20,0,27,12,0,12,39
10/05/2021,HKS,MS,ASO,ES,Federal Contract Tower,0,3,7,1,11,0,10,8,3,21,0,13,15,4,32,10,6,16,48
10/06/2021,HKS,MS,ASO,ES,Federal Contract Tower,0,1,7,0,8,0,2,16,2,20,0,3,23,2,28,26,0,26,54
10/07/2021,HKS,MS,ASO,ES,Federal Contract Tower,0,6,11,0,17,0,8,19,9,36,0,14,30,9,53,16,24,40,93
10/08/2021,HKS,MS,ASO,ES,Federal Contract Tower,0,1,12,1,14,0,3,19,3,25,0,4,31,4,39,8,4,12,51
10/09/2021,HKS,MS,ASO,ES,Federal Contract Tower,0,0,7,0,7,0,5,35,2,42,0,5,42,2,49,28,8,36,85
10/10/2021,HKS,MS,ASO,ES,Federal Contract Tower,0,1,10,0,11,0,4,22,0,26,0,5,32,0,37,26,0,26,63
10/11/2021,HKS,MS,ASO,ES,Federal Contract Tower,0,4,4,0,8,0,3,7,0,10,0,7,11,0,18,4,0,4,22
10/12/2021,HKS,MS,ASO,ES,Federal Contract Tower,0,3,11,5,19,0,3,3,18,24,0,6,14,23,43,4,34,38,81
10/13/2021,HKS,MS,ASO,ES,Federal Contract Tower,0,3,11,1,15,0,1,13,2,16,0,4,24,3,31,26,12,38,69
10/14/2021,HKS,MS,ASO,ES,Federal Contract Tower,0,1,7,4,12,0,6,6,8,20,0,7,13,12,32,36,14,50,82
10/15/2021,HKS,MS,ASO,ES,Federal Contract Tower,0,2,10,2,14,0,3,6,2,11,0,5,16,4,25,0,8,8,33
10/16/2021,HKS,MS,ASO,ES,Federal Contract Tower,0,2,7,0,9,0,6,19,0,25,0,8,26,0,34,20,0,20,54
10/17/2021,HKS,MS,ASO,ES,Federal Contract Tower,0,1,14,0,15,0,7,16,0,23,0,8,30,0,38,10,0,10,48
10/18/2021,HKS,MS,ASO,ES,Federal Contract Tower,0,0,11,0,11,0,5,15,0,20,0,5,26,0,31,12,0,12,43
10/19/2021,HKS,MS,ASO,ES,Federal Contract Tower,0,1,11,1,13,0,7,26,7,40,0,8,37,8,53,26,20,46,99
10/20/2021,HKS,MS,ASO,ES,Federal Contract Tower,0,3,10,0,13,0,4,4,4,12,0,7,14,4,25,18,0,18,43
10/21/2021,HKS,MS,ASO,ES,Federal Contract Tower,0,1,2,0,3,0,2,12,3,17,0,3,14,3,20,10,0,10,30
10/22/2021,HKS,MS,ASO,ES,Federal Contract Tower,0,3,5,0,8,0,7,13,4,24,0,10,18,4,32,44,0,44,76
10/23/2021,HKS,MS,ASO,ES,Federal Contract Tower,0,0,7,0,7,0,0,20,2,22,0,0,27,2,29,32,0,32,61
10/24/2021,HKS,MS,ASO,ES,Federal Contract Tower,0,0,10,0,10,0,2,13,6,21,0,2,23,6,31,2,0,2,33
10/25/2021,HKS,MS,ASO,ES,Federal Contract Tower,0,0,9,2,11,0,1,9,3,13,0,1,18,5,24,4,12,16,40
10/26/2021,HKS,MS,ASO,ES,Federal Contract Tower,0,7,14,6,27,0,3,25,15,43,0,10,39,21,70,54,34,88,158
10/27/2021,HKS,MS,ASO,ES,Federal Contract Tower,0,2,4,4,10,0,2,12,11,25,0,4,16,15,35,8,24,32,67
10/28/2021,HKS,MS,ASO,ES,Federal Contract Tower,0,1,4,0,5,0,2,5,4,11,0,3,9,4,16,0,20,20,36
10/29/2021,HKS,MS,ASO,ES,Federal Contract Tower,0,1,2,2,5,0,2,3,5,10,0,3,5,7,15,2,10,12,27
10/30/2021,HKS,MS,ASO,ES,Federal Contract Tower,0,2,3,0,5,0,4,5,0,9,0,6,8,0,14,44,0,44,58
10/31/2021,HKS,MS,ASO,ES,Federal Contract Tower,0,1,5,0,6,0,1,20,0,21,0,2,25,0,27,56,0,56,83
11/01/2021,HKS,MS,ASO,ES,Federal Contract Tower,0,3,3,0,6,0,2,22,0,24,0,5,25,0,30,26,0,26,56
11/02/2021,HKS,MS,ASO,ES,Federal Contract Tower,0,0,10,1,11,0,4,19,11,34,0,4,29,12,45,26,26,52,97
11/03/2021,HKS,MS,ASO,ES,Federal Contract Tower,0,2,4,0,6,0,1,15,12,28,0,3,19,12,34,0,16,16,50
11/04/2021,HKS,MS,ASO,ES,Federal Contract Tower,0,0,8,2,10,0,0,5,11,16,0,0,13,13,26,0,24,24,50
11/05/2021,HKS,MS,ASO,ES,Federal Contract Tower,0,6,15,3,24,0,0,2,0,2,0,6,17,3,26,2,6,8,34
11/06/2021,HKS,MS,ASO,ES,Federal Contract Tower,0,2,4,1,7,0,4,9,4,17,0,6,13,5,24,26,4,30,54
11/07/2021,HKS,MS,ASO,ES,Federal Contract Tower,0,0,7,0,7,0,2,29,0,31,0,2,36,0,38,26,0,26,64
11/09/2021,HKS,MS,ASO,ES,Federal Contract Tower,0,5,19,2,26,0,4,11,6,21,0,9,30,8,47,10,94,104,151
11/10/2021,HKS,MS,ASO,ES,Federal Contract Tower,0,2,8,0,10,0,4,18,3,25,0,6,26,3,35,22,4,26,61
11/11/2021,HKS,MS,ASO,ES,Federal Contract Tower,0,3,6,0,9,0,3,1,0,4,0,6,7,0,13,18,0,18,31
11/12/2021,HKS,MS,ASO,ES,Federal Contract Tower,0,0,4,0,4,0,0,15,10,25,0,0,19,10,29,40,0,40,69
11/13/2021,HKS,MS,ASO,ES,Federal Contract Tower,0,0,13,0,13,0,5,29,0,34,0,5,42,0,47,28,0,28,75
11/14/2021,HKS,MS,ASO,ES,Federal Contract Tower,0,3,3,0,6,0,7,22,2,31,0,10,25,2,37,38,0,38,75
11/15/2021,HKS,MS,ASO,ES,Federal Contract Tower,0,1,8,0,9,0,2,22,0,24,0,3,30,0,33,8,0,8,41
11/16/2021,HKS,MS,ASO,ES,Federal Contract Tower,0,4,11,3,18,0,3,15,20,38,0,7,26,23,56,20,70,90,146
11/17/2021,HKS,MS,ASO,ES,Federal Contract Tower,0,3,11,0,14,0,1,16,8,25,0,4,27,8,39,14,12,26,65
11/18/2021,HKS,MS,ASO,ES,Federal Contract Tower,0,5,5,0,10,0,2,5,6,13,0,7,10,6,23,0,32,32,55
11/19/2021,HKS,MS,ASO,ES,Federal Contract Tower,0,5,9,2,16,0,13,23,10,46,0,18,32,12,62,28,18,46,108
11/20/2021,HKS,MS,ASO,ES,Federal Contract Tower,0,0,7,0,7,0,1,26,9,36,0,1,33,9,43,10,6,16,59
11/21/2021,HKS,MS,ASO,ES,Federal Contract Tower,0,1,11,0,12,0,6,4,2,12,0,7,15,2,24,2,0,2,26
11/22/2021,HKS,MS,ASO,ES,Federal Contract Tower,0,2,22,1,25,0,4,13,10,27,0,6,35,11,52,30,24,54,106
11/23/2021,HKS,MS,ASO,ES,Federal Contract Tower,0,3,7,3,13,0,7,20,1,28,0,10,27,4,41,34,18,52,93
11/24/2021,HKS,MS,ASO,ES,Federal Contract Tower,0,5,11,0,16,0,10,26,0,36,0,15,37,0,52,44,0,44,96
11/25/2021,HKS,MS,ASO,ES,Federal Contract Tower,0,2,1,0,3,0,1,2,0,3,0,3,3,0,6,4,0,4,10
11/26/2021,HKS,MS,ASO,ES,Federal Contract Tower,0,0,8,0,8,0,8,13,0,21,0,8,21,0,29,14,2,16,45
11/27/2021,HKS,MS,ASO,ES,Federal Contract Tower,0,0,12,0,12,0,1,22,0,23,0,1,34,0,35,28,0,28,63
11/28/2021,HKS,MS,ASO,ES,Federal Contract Tower,0,0,9,0,9,0,6,8,0,14,0,6,17,0,23,10,0,10,33
11/29/2021,HKS,MS,ASO,ES,Federal Contract Tower,0,4,12,0,16,0,5,7,0,12,0,9,19,0,28,44,0,44,72
11/30/2021,HKS,MS,ASO,ES,Federal Contract Tower,0,3,7,0,10,0,2,11,13,26,0,5,18,13,36,30,18,48,84
12/01/2021,HKS,MS,ASO,ES,Federal Contract Tower,0,1,8,0,9,0,4,3,2,9,0,5,11,2,18,20,14,34,52
12/02/2021,HKS,MS,ASO,ES,Federal Contract Tower,0,1,12,0,13,0,1,6,18,25,0,2,18,18,38,32,20,52,90
12/03/2021,HKS,MS,ASO,ES,Federal Contract Tower,0,4,12,1,17,0,2,14,3,19,0,6,26,4,36,26,0,26,62
12/04/2021,HKS,MS,ASO,ES,Federal Contract Tower,0,4,2,0,6,0,0,10,0,10,0,4,12,0,16,14,0,14,30
12/05/2021,HKS,MS,ASO,ES,Federal Contract Tower,0,6,6,0,12,0,3,11,1,15,0,9,17,1,27,54,2,56,83
12/06/2021,HKS,MS,ASO,ES,Federal Contract Tower,0,2,3,0,5,0,0,0,0,0,0,2,3,0,5,0,0,0,5
12/07/2021,HKS,MS,ASO,ES,Federal Contract Tower,0,4,11,2,17,0,3,0,8,11,0,7,11,10,28,0,42,42,70
12/08/2021,HKS,MS,ASO,ES,Federal Contract Tower,0,4,16,0,20,0,0,3,5,8,0,4,19,5,28,2,0,2,30
12/09/2021,HKS,MS,ASO,ES,Federal Contract Tower,0,5,12,2,19,0,0,1,4,5,0,5,13,6,24,28,48,76,100
12/10/2021,HKS,MS,ASO,ES,Federal Contract Tower,0,2,5,2,9,0,1,4,0,5,0,3,9,2,14,0,42,42,56
12/11/2021,HKS,MS,ASO,ES,Federal Contract Tower,0,2,0,0,2,0,2,0,0,2,0,4,0,0,4,0,0,0,4
12/12/2021,HKS,MS,ASO,ES,Federal Contract Tower,0,0,9,0,9,0,2,19,0,21,0,2,28,0,30,30,0,30,60
12/13/2021,HKS,MS,ASO,ES,Federal Contract Tower,0,0,7,0,7,0,0,33,0,33,0,0,40,0,40,34,0,34,74
12/14/2021,HKS,MS,ASO,ES,Federal Contract Tower,0,2,13,3,18,0,1,11,20,32,0,3,24,23,50,8,22,30,80
12/15/2021,HKS,MS,ASO,ES,Federal Contract Tower,0,5,10,0,15,0,3,2,0,5,0,8,12,0,20,0,0,0,20
12/16/2021,HKS,MS,ASO,ES,Federal Contract Tower,0,6,24,1,31,0,6,7,9,22,0,12,31,10,53,62,6,68,121
12/17/2021,HKS,MS,ASO,ES,Federal Contract Tower,0,5,14,0,19,0,3,8,4,15,0,8,22,4,34,8,48,56,90
12/18/2021,HKS,MS,ASO,ES,Federal Contract Tower,0,0,1,0,1,0,3,6,0,9,0,3,7,0,10,8,0,8,18
12/19/2021,HKS,MS,ASO,ES,Federal Contract Tower,0,1,8,0,9,0,0,7,0,7,0,1,15,0,16,20,0,20,36
12/20/2021,HKS,MS,ASO,ES,Federal Contract Tower,0,3,8,1,12,0,1,9,2,12,0,4,17,3,24,56,0,56,80
12/21/2021,HKS,MS,ASO,ES,Federal Contract Tower,0,0,7,2,9,0,3,9,1,13,0,3,16,3,22,8,6,14,36
12/22/2021,HKS,MS,ASO,ES,Federal Contract Tower,0,0,7,0,7,0,6,22,4,32,0,6,29,4,39,24,0,24,63
12/23/2021,HKS,MS,ASO,ES,Federal Contract Tower,0,4,10,0,14,0,2,26,0,28,0,6,36,0,42,56,0,56,98
12/24/2021,HKS,MS,ASO,ES,Federal Contract Tower,0,1,3,0,4,0,4,2,0,6,0,5,5,0,10,2,0,2,12
12/25/2021,HKS,MS,ASO,ES,Federal Contract Tower,0,1,1,0,2,0,0,22,0,22,0,1,23,0,24,0,0,0,24
12/26/2021,HKS,MS,ASO,ES,Federal Contract Tower,0,1,10,0,11,0,5,4,0,9,0,6,14,0,20,26,0,26,46
12/27/2021,HKS,MS,ASO,ES,Federal Contract Tower,0,0,8,0,8,0,5,14,2,21,0,5,22,2,29,2,0,2,31
12/28/2021,HKS,MS,ASO,ES,Federal Contract Tower,0,5,10,0,15,0,0,4,0,4,0,5,14,0,19,0,0,0,19
12/29/2021,HKS,MS,ASO,ES,Federal Contract Tower,0,0,5,0,5,0,2,2,0,4,0,2,7,0,9,4,0,4,13
12/30/2021,HKS,MS,ASO,ES,Federal Contract Tower,0,0,13,0,13,0,5,8,0,13,0,5,21,0,26,2,0,2,28
12/31/2021,HKS,MS,ASO,ES,Federal Contract Tower,0,0,2,0,2,0,5,1,0,6,0,5,3,0,8,2,0,2,10
01/01/2022,HKS,MS,ASO,ES,Federal Contract Tower,0,1,2,0,3,0,1,0,0,1,0,2,2,0,4,0,0,0,4
01/02/2022,HKS,MS,ASO,ES,Federal Contract Tower,0,0,3,0,3,0,0,0,0,0,0,0,3,0,3,0,0,0,3
01/03/2022,HKS,MS,ASO,ES,Federal Contract Tower,0,5,4,0,9,0,4,2,0,6,0,9,6,0,15,2,0,2,17
01/04/2022,HKS,MS,ASO,ES,Federal Contract Tower,0,5,7,5,17,0,2,3,10,15,0,7,10,15,32,14,24,38,70
01/05/2022,HKS,MS,ASO,ES,Federal Contract Tower,0,3,3,0,6,0,3,8,4,15,0,6,11,4,21,4,6,10,31
01/06/2022,HKS,MS,ASO,ES,Federal Contract Tower,0,3,7,7,17,0,1,0,1,2,0,4,7,8,19,2,8,10,29
01/07/2022,HKS,MS,ASO,ES,Federal Contract Tower,0,1,3,0,4,0,4,19,12,35,0,5,22,12,39,24,16,40,79
01/08/2022,HKS,MS,ASO,ES,Federal Contract Tower,0,1,7,1,9,0,2,12,13,27,0,3,19,14,36,22,6,28,64
01/09/2022,HKS,MS,ASO,ES,Federal Contract Tower,0,0,3,1,4,0,0,1,0,1,0,0,4,1,5,0,0,0,5
01/10/2022,HKS,MS,ASO,ES,Federal Contract Tower,0,3,7,0,10,0,0,17,0,17,0,3,24,0,27,18,0,18,45
01/11/2022,HKS,MS,ASO,ES,Federal Contract Tower,0,1,1,0,2,0,6,21,14,41,0,7,22,14,43,28,68,96,139
01/12/2022,HKS,MS,ASO,ES,Federal Contract Tower,0,4,7,1,12,0,9,8,4,21,0,13,15,5,33,26,26,52,85
01/13/2022,HKS,MS,ASO,ES,Federal Contract Tower,0,0,13,0,13,0,6,14,20,40,0,6,27,20,53,24,20,44,97
01/14/2022,HKS,MS,ASO,ES,Federal Contract Tower,0,1,6,1,8,0,8,24,6,38,0,9,30,7,46,6,10,16,62
01/15/2022,HKS,MS,ASO,ES,Federal Contract Tower,0,0,3,0,3,0,0,0,0,0,0,0,3,0,3,0,0,0,3
01/16/2022,HKS,MS,ASO,ES,Federal Contract Tower,0,3,1,0,4,0,0,1,0,1,0,3,2,0,5,0,0,0,5
01/17/2022,HKS,MS,ASO,ES,Federal Contract Tower,0,0,5,0,5,0,7,30,0,37,0,7,35,0,42,46,0,46,88
01/18/2022,HKS,MS,ASO,ES,Federal Contract Tower,0,3,5,0,8,0,3,16,4,23,0,6,21,4,31,20,0,20,51
01/19/2022,HKS,MS,ASO,ES,Federal Contract Tower,0,1,2,0,3,0,4,10,2,16,0,5,12,2,19,6,2,8,27
01/20/2022,HKS,MS,ASO,ES,Federal Contract Tower,0,1,8,1,10,0,7,0,0,7,0,8,8,1,17,0,0,0,17
01/21/2022,HKS,MS,ASO,ES,Federal Contract Tower,0,2,6,1,9,0,2,15,1,18,0,4,21,2,27,22,0,22,49
01/22/2022,HKS,MS,ASO,ES,Federal Contract Tower,0,0,8,0,8,0,0,15,2,17,0,0,23,2,25,28,0,28,53
01/23/2022,HKS,MS,ASO,ES,Federal Contract Tower,0,2,11,0,13,0,0,10,0,10,0,2,21,0,23,8,0,8,31
01/24/2022,HKS,MS,ASO,ES,Federal Contract Tower,0,1,5,0,6,0,3,13,0,16,0,4,18,0,22,0,0,0,22
01/25/2022,HKS,MS,ASO,ES,Federal Contract Tower,0,3,2,2,7,0,4,1,6,11,0,7,3,8,18,0,82,82,100
01/26/2022,HKS,MS,ASO,ES,Federal Contract Tower,0,7,13,1,21,0,2,22,3,27,0,9,35,4,48,12,28,40,88
01/27/2022,HKS,MS,ASO,ES,Federal Contract Tower,0,5,8,3,16,0,3,23,21,47,0,8,31,24,63,46,24,70,133
01/28/2022,HKS,MS,ASO,ES,Federal Contract Tower,0,1,12,0,13,0,0,15,4,19,0,1,27,4,32,6,6,12,44
01/29/2022,HKS,MS,ASO,ES,Federal Contract Tower,0,0,5,0,5,0,7,28,5,40,0,7,33,5,45,44,0,44,89
01/30/2022,HKS,MS,ASO,ES,Federal Contract Tower,0,0,9,0,9,0,0,16,0,16,0,0,25,0,25,8,0,8,33
01/31/2022,HKS,MS,ASO,ES,Federal Contract Tower,0,0,18,3,21,0,1,16,6,23,0,1,34,9,44,60,0,60,104
02/01/2022,HKS,MS,ASO,ES,Federal Contract Tower,0,5,6,3,14,0,3,14,12,29,0,8,20,15,43,2,24,26,69
02/02/2022,HKS,MS,ASO,ES,Federal Contract Tower,0,8,10,0,18,0,0,1,0,1,0,8,11,0,19,2,0,2,21
02/03/2022,HKS,MS,ASO,ES,Federal Contract Tower,0,0,0,0,0,0,0,0,0,0,0,0,0,0,0,0,0,0,0
02/04/2022,HKS,MS,ASO,ES,Federal Contract Tower,0,4,7,0,11,0,2,1,0,3,0,6,8,0,14,0,0,0,14
02/05/2022,HKS,MS,ASO,ES,Federal Contract Tower,0,1,6,0,7,0,9,21,6,36,0,10,27,6,43,20,0,20,63
02/06/2022,HKS,MS,ASO,ES,Federal Contract Tower,0,1,10,0,11,0,2,29,0,31,0,3,39,0,42,14,0,14,56
02/07/2022,HKS,MS,ASO,ES,Federal Contract Tower,0,0,6,0,6,0,2,19,0,21,0,2,25,0,27,34,0,34,61
02/08/2022,HKS,MS,ASO,ES,Federal Contract Tower,0,1,17,0,18,0,4,22,11,37,0,5,39,11,55,28,8,36,91
02/09/2022,HKS,MS,ASO,ES,Federal Contract Tower,0,4,8,0,12,0,2,16,8,26,0,6,24,8,38,4,0,4,42
02/10/2022,HKS,MS,ASO,ES,Federal Contract Tower,0,0,7,0,7,0,3,21,2,26,0,3,28,2,33,62,0,62,95
02/11/2022,HKS,MS,ASO,ES,Federal Contract Tower,0,5,10,0,15,0,5,19,4,28,0,10,29,4,43,0,0,0,43
02/12/2022,HKS,MS,ASO,ES,Federal Contract Tower,0,0,5,0,5,0,6,5,0,11,0,6,10,0,16,0,0,0,16
02/13/2022,HKS,MS,ASO,ES,Federal Contract Tower,0,1,5,1,7,0,3,14,7,24,0,4,19,8,31,2,0,2,33
02/14/2022,HKS,MS,ASO,ES,Federal Contract Tower,0,6,3,3,12,0,4,17,9,30,0,10,20,12,42,10,20,30,72
02/15/2022,HKS,MS,ASO,ES,Federal Contract Tower,0,7,12,3,22,0,8,21,14,43,0,15,33,17,65,26,42,68,133
02/16/2022,HKS,MS,ASO,ES,Federal Contract Tower,0,3,4,0,7,0,2,4,9,15,0,5,8,9,22,0,24,24,46
02/17/2022,HKS,MS,ASO,ES,Federal Contract Tower,0,0,6,0,6,0,0,0,0,0,0,0,6,0,6,0,0,0,6
02/18/2022,HKS,MS,ASO,ES,Federal Contract Tower,0,2,7,0,9,0,5,10,0,15,0,7,17,0,24,0,0,0,24
02/19/2022,HKS,MS,ASO,ES,Federal Contract Tower,0,0,5,0,5,0,4,34,0,38,0,4,39,0,43,10,0,10,53
02/20/2022,HKS,MS,ASO,ES,Federal Contract Tower,0,2,3,1,6,0,2,22,0,24,0,4,25,1,30,12,0,12,42
02/21/2022,HKS,MS,ASO,ES,Federal Contract Tower,0,2,3,0,5,0,0,2,0,2,0,2,5,0,7,0,0,0,7
02/22/2022,HKS,MS,ASO,ES,Federal Contract Tower,0,5,5,0,10,0,7,3,7,17,0,12,8,7,27,0,26,26,53
02/23/2022,HKS,MS,ASO,ES,Federal Contract Tower,0,3,9,0,12,0,0,0,0,0,0,3,9,0,12,0,0,0,12
02/24/2022,HKS,MS,ASO,ES,Federal Contract Tower,0,4,7,0,11,0,3,2,0,5,0,7,9,0,16,14,0,14,30
02/25/2022,HKS,MS,ASO,ES,Federal Contract Tower,0,4,10,0,14,0,0,7,3,10,0,4,17,3,24,14,0,14,38
02/26/2022,HKS,MS,ASO,ES,Federal Contract Tower,0,2,10,0,12,0,3,1,0,4,0,5,11,0,16,2,0,2,18
02/27/2022,HKS,MS,ASO,ES,Federal Contract Tower,0,4,3,0,7,0,0,7,0,7,0,4,10,0,14,2,0,2,16
02/28/2022,HKS,MS,ASO,ES,Federal Contract Tower,0,3,7,3,13,0,5,15,9,29,0,8,22,12,42,4,26,30,72
03/01/2022,HKS,MS,ASO,ES,Federal Contract Tower,0,4,17,3,24,0,36,0,0,36,0,40,17,3,60,58,86,144,204
03/02/2022,HKS,MS,ASO,ES,Federal Contract Tower,0,2,8,1,11,0,10,25,4,39,0,12,33,5,50,68,22,90,140
03/03/2022,HKS,MS,ASO,ES,Federal Contract Tower,0,1,3,2,6,0,3,27,16,46,0,4,30,18,52,72,30,102,154
03/04/2022,HKS,MS,ASO,ES,Federal Contract Tower,0,3,12,2,17,0,2,32,3,37,0,5,44,5,54,24,0,24,78
03/05/2022,HKS,MS,ASO,ES,Federal Contract Tower,0,3,9,3,15,0,2,3,2,7,0,5,12,5,22,22,0,22,44
03/06/2022,HKS,MS,ASO,ES,Federal Contract Tower,0,3,20,1,24,0,7,4,0,11,0,10,24,1,35,10,2,12,47
03/07/2022,HKS,MS,ASO,ES,Federal Contract Tower,0,9,2,0,11,0,4,2,0,6,0,13,4,0,17,0,0,0,17
03/08/2022,HKS,MS,ASO,ES,Federal Contract Tower,0,0,1,3,4,0,0,0,0,0,0,0,1,3,4,0,14,14,18
03/09/2022,HKS,MS,ASO,ES,Federal Contract Tower,0,4,9,0,13,0,2,5,5,12,0,6,14,5,25,24,18,42,67
03/10/2022,HKS,MS,ASO,ES,Federal Contract Tower,0,1,9,0,10,0,5,34,14,53,0,6,43,14,63,80,32,112,175
03/11/2022,HKS,MS,ASO,ES,Federal Contract Tower,0,2,14,2,18,0,10,9,6,25,0,12,23,8,43,2,4,6,49
03/12/2022,HKS,MS,ASO,ES,Federal Contract Tower,0,0,7,0,7,0,7,10,1,18,0,7,17,1,25,22,0,22,47
03/13/2022,HKS,MS,ASO,ES,Federal Contract Tower,0,14,0,0,14,0,0,19,4,23,0,14,19,4,37,46,8,54,91
03/14/2022,HKS,MS,ASO,ES,Federal Contract Tower,0,0,6,1,7,0,0,15,3,18,0,0,21,4,25,16,16,32,57
03/15/2022,HKS,MS,ASO,ES,Federal Contract Tower,0,4,5,2,11,0,0,1,5,6,0,4,6,7,17,0,22,22,39
03/16/2022,HKS,MS,ASO,ES,Federal Contract Tower,0,2,25,1,28,0,0,6,2,8,0,2,31,3,36,10,0,10,46
03/17/2022,HKS,MS,ASO,ES,Federal Contract Tower,0,0,10,1,11,0,0,15,5,20,0,0,25,6,31,2,0,2,33
03/18/2022,HKS,MS,ASO,ES,Federal Contract Tower,0,4,6,0,10,0,4,6,0,10,0,8,12,0,20,16,0,16,36
03/19/2022,HKS,MS,ASO,ES,Federal Contract Tower,0,0,9,0,9,0,2,13,0,15,0,2,22,0,24,32,0,32,56
03/20/2022,HKS,MS,ASO,ES,Federal Contract Tower,0,0,1,0,1,0,4,22,0,26,0,4,23,0,27,10,0,10,37
03/21/2022,HKS,MS,ASO,ES,Federal Contract Tower,0,0,6,0,6,0,12,18,0,30,0,12,24,0,36,26,0,26,62
03/22/2022,HKS,MS,ASO,ES,Federal Contract Tower,0,1,0,0,1,0,0,0,0,0,0,1,0,0,1,0,0,0,1
03/23/2022,HKS,MS,ASO,ES,Federal Contract Tower,0,7,19,0,26,0,5,6,12,23,0,12,25,12,49,0,36,36,85
03/24/2022,HKS,MS,ASO,ES,Federal Contract Tower,0,1,15,1,17,0,3,23,7,33,0,4,38,8,50,6,6,12,62
03/25/2022,HKS,MS,ASO,ES,Federal Contract Tower,0,3,10,1,14,0,5,26,4,35,0,8,36,5,49,8,6,14,63
03/26/2022,HKS,MS,ASO,ES,Federal Contract Tower,0,0,6,0,6,0,6,22,0,28,0,6,28,0,34,26,0,26,60
03/27/2022,HKS,MS,ASO,ES,Federal Contract Tower,0,2,9,0,11,0,3,14,2,19,0,5,23,2,30,6,0,6,36
03/28/2022,HKS,MS,ASO,ES,Federal Contract Tower,0,2,10,2,14,0,0,24,8,32,0,2,34,10,46,12,12,24,70
03/29/2022,HKS,MS,ASO,ES,Federal Contract Tower,0,0,7,3,10,0,4,10,13,27,0,4,17,16,37,10,56,66,103
03/30/2022,HKS,MS,ASO,ES,Federal Contract Tower,0,0,2,0,2,0,0,2,0,2,0,0,4,0,4,0,0,0,4
03/31/2022,HKS,MS,ASO,ES,Federal Contract Tower,0,0,14,3,17,0,3,15,16,34,0,3,29,19,51,60,36,96,147
04/01/2022,HKS,MS,ASO,ES,Federal Contract Tower,0,0,13,0,13,0,1,41,4,46,0,1,54,4,59,54,10,64,123
04/02/2022,HKS,MS,ASO,ES,Federal Contract Tower,0,1,5,0,6,0,3,24,3,30,0,4,29,3,36,32,26,58,94
04/03/2022,HKS,MS,ASO,ES,Federal Contract Tower,0,0,5,2,7,0,2,38,1,41,0,2,43,3,48,10,34,44,92
04/04/2022,HKS,MS,ASO,ES,Federal Contract Tower,0,2,8,0,10,0,2,16,0,18,0,4,24,0,28,6,0,6,34
04/05/2022,HKS,MS,ASO,ES,Federal Contract Tower,0,1,2,1,4,0,0,5,2,7,0,1,7,3,11,0,8,8,19
04/06/2022,HKS,MS,ASO,ES,Federal Contract Tower,0,2,9,2,13,0,2,6,2,10,0,4,15,4,23,26,14,40,63
04/07/2022,HKS,MS,ASO,ES,Federal Contract Tower,0,1,13,3,17,0,8,17,13,38,0,9,30,16,55,12,20,32,87
04/08/2022,HKS,MS,ASO,ES,Federal Contract Tower,0,3,9,5,17,0,9,9,6,24,0,12,18,11,41,4,34,38,79
04/09/2022,HKS,MS,ASO,ES,Federal Contract Tower,0,0,8,0,8,0,7,23,0,30,0,7,31,0,38,6,0,6,44
04/10/2022,HKS,MS,ASO,ES,Federal Contract Tower,0,0,10,0,10,0,4,23,0,27,0,4,33,0,37,14,0,14,51
04/11/2022,HKS,MS,ASO,ES,Federal Contract Tower,0,0,8,1,9,0,2,4,5,11,0,2,12,6,20,0,12,12,32
04/12/2022,HKS,MS,ASO,ES,Federal Contract Tower,0,2,12,2,16,0,5,1,12,18,0,7,13,14,34,0,40,40,74
04/13/2022,HKS,MS,ASO,ES,Federal Contract Tower,0,2,8,0,10,0,2,1,0,3,0,4,9,0,13,0,0,0,13
04/14/2022,HKS,MS,ASO,ES,Federal Contract Tower,0,4,6,2,12,0,4,17,8,29,0,8,23,10,41,34,44,78,119
04/15/2022,HKS,MS,ASO,ES,Federal Contract Tower,0,2,11,2,15,0,7,13,10,30,0,9,24,12,45,8,4,12,57
04/16/2022,HKS,MS,ASO,ES,Federal Contract Tower,0,2,4,0,6,0,0,0,0,0,0,2,4,0,6,0,0,0,6
04/17/2022,HKS,MS,ASO,ES,Federal Contract Tower,0,1,3,0,4,0,2,1,0,3,0,3,4,0,7,0,0,0,7
04/18/2022,HKS,MS,ASO,ES,Federal Contract Tower,0,0,15,0,15,0,1,10,0,11,0,1,25,0,26,22,0,22,48
04/19/2022,HKS,MS,ASO,ES,Federal Contract Tower,0,2,7,2,11,0,6,25,6,37,0,8,32,8,48,24,10,34,82
04/20/2022,HKS,MS,ASO,ES,Federal Contract Tower,0,5,11,0,16,0,4,15,2,21,0,9,26,2,37,30,0,30,67
04/21/2022,HKS,MS,ASO,ES,Federal Contract Tower,0,2,22,0,24,0,9,24,18,51,0,11,46,18,75,42,14,56,131
04/22/2022,HKS,MS,ASO,ES,Federal Contract Tower,0,4,11,0,15,0,2,19,3,24,0,6,30,3,39,34,0,34,73
04/23/2022,HKS,MS,ASO,ES,Federal Contract Tower,0,0,4,0,4,0,1,19,0,20,0,1,23,0,24,18,0,18,42
04/24/2022,HKS,MS,ASO,ES,Federal Contract Tower,0,1,8,0,9,0,7,11,1,19,0,8,19,1,28,10,0,10,38
04/25/2022,HKS,MS,ASO,ES,Federal Contract Tower,0,2,2,0,4,0,2,0,2,4,0,4,2,2,8,6,0,6,14
04/26/2022,HKS,MS,ASO,ES,Federal Contract Tower,0,1,15,0,16,0,6,12,12,30,0,7,27,12,46,8,6,14,60
04/27/2022,HKS,MS,ASO,ES,Federal Contract Tower,0,3,8,0,11,0,7,19,5,31,0,10,27,5,42,48,0,48,90
04/28/2022,HKS,MS,ASO,ES,Federal Contract Tower,0,0,18,0,18,0,1,12,4,17,0,1,30,4,35,70,0,70,105
04/29/2022,HKS,MS,ASO,ES,Federal Contract Tower,0,0,7,0,7,0,4,20,3,27,0,4,27,3,34,26,0,26,60
04/30/2022,HKS,MS,ASO,ES,Federal Contract Tower,0,2,9,0,11,0,12,10,3,25,0,14,19,3,36,2,0,2,38
05/01/2022,HKS,MS,ASO,ES,Federal Contract Tower,0,2,7,0,9,0,4,9,4,17,0,6,16,4,26,0,0,0,26
05/02/2022,HKS,MS,ASO,ES,Federal Contract Tower,0,0,11,0,11,0,0,7,0,7,0,0,18,0,18,32,0,32,50
05/03/2022,HKS,MS,ASO,ES,Federal Contract Tower,0,5,11,0,16,0,0,6,1,7,0,5,17,1,23,14,0,14,37
05/04/2022,HKS,MS,ASO,ES,Federal Contract Tower,0,4,13,6,23,0,7,17,6,30,0,11,30,12,53,64,8,72,125
05/05/2022,HKS,MS,ASO,ES,Federal Contract Tower,0,3,13,4,20,0,2,7,9,18,0,5,20,13,38,26,40,66,104
05/06/2022,HKS,MS,ASO,ES,Federal Contract Tower,0,3,3,0,6,0,17,4,0,21,0,20,7,0,27,0,0,0,27
05/07/2022,HKS,MS,ASO,ES,Federal Contract Tower,0,2,9,1,12,0,10,25,1,36,0,12,34,2,48,6,0,6,54
05/08/2022,HKS,MS,ASO,ES,Federal Contract Tower,0,1,6,0,7,0,1,12,0,13,0,2,18,0,20,10,0,10,30
05/09/2022,HKS,MS,ASO,ES,Federal Contract Tower,0,2,6,2,10,0,1,12,1,14,0,3,18,3,24,0,12,12,36
05/10/2022,HKS,MS,ASO,ES,Federal Contract Tower,0,0,14,3,17,0,3,17,7,27,0,3,31,10,44,32,4,36,80
05/11/2022,HKS,MS,ASO,ES,Federal Contract Tower,0,0,15,0,15,0,6,12,2,20,0,6,27,2,35,44,4,48,83
05/12/2022,HKS,MS,ASO,ES,Federal Contract Tower,0,0,14,2,16,0,10,18,6,34,0,10,32,8,50,16,18,34,84
05/13/2022,HKS,MS,ASO,ES,Federal Contract Tower,0,2,12,0,14,0,2,3,0,5,0,4,15,0,19,16,0,16,35
05/14/2022,HKS,MS,ASO,ES,Federal Contract Tower,0,3,2,0,5,0,4,17,0,21,0,7,19,0,26,24,0,24,50
05/15/2022,HKS,MS,ASO,ES,Federal Contract Tower,0,2,12,0,14,0,7,14,0,21,0,9,26,0,35,12,0,12,47
05/16/2022,HKS,MS,ASO,ES,Federal Contract Tower,0,0,7,0,7,0,9,15,4,28,0,9,22,4,35,12,0,12,47
05/17/2022,HKS,MS,ASO,ES,Federal Contract Tower,0,4,7,0,11,0,3,18,0,21,0,7,25,0,32,24,0,24,56
05/18/2022,HKS,MS,ASO,ES,Federal Contract Tower,0,1,9,0,10,0,6,11,6,23,0,7,20,6,33,0,8,8,41
05/19/2022,HKS,MS,ASO,ES,Federal Contract Tower,0,3,10,0,13,0,10,8,0,18,0,13,18,0,31,10,0,10,41
05/20/2022,HKS,MS,ASO,ES,Federal Contract Tower,0,0,14,0,14,0,2,20,1,23,0,2,34,1,37,12,0,12,49
05/21/2022,HKS,MS,ASO,ES,Federal Contract Tower,0,2,10,0,12,0,2,11,13,26,0,4,21,13,38,6,10,16,54
05/22/2022,HKS,MS,ASO,ES,Federal Contract Tower,0,1,8,0,9,0,1,2,1,4,0,2,10,1,13,4,0,4,17
05/23/2022,HKS,MS,ASO,ES,Federal Contract Tower,0,2,5,0,7,0,5,3,0,8,0,7,8,0,15,2,0,2,17
05/24/2022,HKS,MS,ASO,ES,Federal Contract Tower,0,4,9,2,15,0,3,3,7,13,0,7,12,9,28,10,2,12,40
05/25/2022,HKS,MS,ASO,ES,Federal Contract Tower,0,4,5,1,10,0,4,8,1,13,0,8,13,2,23,0,0,0,23
05/26/2022,HKS,MS,ASO,ES,Federal Contract Tower,0,2,7,2,11,0,4,6,4,14,0,6,13,6,25,6,36,42,67
05/27/2022,HKS,MS,ASO,ES,Federal Contract Tower,0,3,12,0,15,0,1,15,4,20,0,4,27,4,35,40,0,40,75
05/28/2022,HKS,MS,ASO,ES,Federal Contract Tower,0,0,1,0,1,0,2,11,1,14,0,2,12,1,15,0,0,0,15
05/29/2022,HKS,MS,ASO,ES,Federal Contract Tower,0,0,1,0,1,0,0,14,1,15,0,0,15,1,16,8,0,8,24
05/30/2022,HKS,MS,ASO,ES,Federal Contract Tower,0,1,8,0,9,0,10,14,0,24,0,11,22,0,33,26,0,26,59
05/31/2022,HKS,MS,ASO,ES,Federal Contract Tower,0,2,12,1,15,0,3,9,11,23,0,5,21,12,38,8,20,28,66
06/01/2022,HKS,MS,ASO,ES,Federal Contract Tower,0,2,10,0,12,0,2,14,1,17,0,4,24,1,29,4,14,18,47
06/02/2022,HKS,MS,ASO,ES,Federal Contract Tower,0,1,2,3,6,0,1,7,13,21,0,2,9,16,27,0,70,70,97
06/03/2022,HKS,MS,ASO,ES,Federal Contract Tower,0,1,3,1,5,0,6,11,3,20,0,7,14,4,25,30,14,44,69
06/04/2022,HKS,MS,ASO,ES,Federal Contract Tower,0,0,2,0,2,0,0,25,7,32,0,0,27,7,34,60,0,60,94
06/05/2022,HKS,MS,ASO,ES,Federal Contract Tower,0,3,11,0,14,0,3,14,0,17,0,6,25,0,31,24,0,24,55
06/06/2022,HKS,MS,ASO,ES,Federal Contract Tower,0,0,8,1,9,0,5,9,0,14,0,5,17,1,23,2,0,2,25
06/07/2022,HKS,MS,ASO,ES,Federal Contract Tower,0,2,4,3,9,0,8,14,9,31,0,10,18,12,40,14,18,32,72
06/08/2022,HKS,MS,ASO,ES,Federal Contract Tower,0,0,19,0,19,0,6,10,0,16,0,6,29,0,35,20,8,28,63
06/09/2022,HKS,MS,ASO,ES,Federal Contract Tower,0,0,14,2,16,0,6,17,13,36,0,6,31,15,52,30,24,54,106
06/10/2022,HKS,MS,ASO,ES,Federal Contract Tower,0,0,3,0,3,0,0,6,2,8,0,0,9,2,11,6,6,12,23
06/11/2022,HKS,MS,ASO,ES,Federal Contract Tower,0,1,5,0,6,0,2,17,0,19,0,3,22,0,25,52,0,52,77
06/12/2022,HKS,MS,ASO,ES,Federal Contract Tower,0,3,5,0,8,0,1,17,0,18,0,4,22,0,26,2,0,2,28
06/13/2022,HKS,MS,ASO,ES,Federal Contract Tower,0,0,13,0,13,0,6,21,0,27,0,6,34,0,40,18,0,18,58
06/14/2022,HKS,MS,ASO,ES,Federal Contract Tower,0,0,13,1,14,0,6,15,8,29,0,6,28,9,43,2,28,30,73
06/15/2022,HKS,MS,ASO,ES,Federal Contract Tower,0,3,5,5,13,0,7,17,3,27,0,10,22,8,40,16,6,22,62
06/16/2022,HKS,MS,ASO,ES,Federal Contract Tower,0,0,9,0,9,0,7,36,11,54,0,7,45,11,63,2,24,26,89
06/17/2022,HKS,MS,ASO,ES,Federal Contract Tower,0,0,9,3,12,0,6,16,12,34,0,6,25,15,46,8,24,32,78
06/18/2022,HKS,MS,ASO,ES,Federal Contract Tower,0,2,0,0,2,0,2,10,0,12,0,4,10,0,14,4,0,4,18
06/19/2022,HKS,MS,ASO,ES,Federal Contract Tower,0,1,8,0,9,0,5,9,0,14,0,6,17,0,23,4,0,4,27
06/20/2022,HKS,MS,ASO,ES,Federal Contract Tower,0,2,9,0,11,0,4,12,0,16,0,6,21,0,27,6,0,6,33
06/21/2022,HKS,MS,ASO,ES,Federal Contract Tower,0,1,6,2,9,0,8,17,14,39,0,9,23,16,48,10,36,46,94
06/22/2022,HKS,MS,ASO,ES,Federal Contract Tower,0,1,7,0,8,0,1,16,9,26,0,2,23,9,34,4,32,36,70
06/23/2022,HKS,MS,ASO,ES,Federal Contract Tower,0,0,12,0,12,0,2,16,15,33,0,2,28,15,45,18,62,80,125
06/24/2022,HKS,MS,ASO,ES,Federal Contract Tower,0,3,6,0,9,0,3,19,9,31,0,6,25,9,40,10,54,64,104
06/25/2022,HKS,MS,ASO,ES,Federal Contract Tower,0,0,8,0,8,0,5,10,0,15,0,5,18,0,23,6,0,6,29
06/26/2022,HKS,MS,ASO,ES,Federal Contract Tower,0,0,12,0,12,0,1,7,0,8,0,1,19,0,20,14,0,14,34
06/27/2022,HKS,MS,ASO,ES,Federal Contract Tower,0,0,8,0,8,0,3,5,0,8,0,3,13,0,16,4,0,4,20
06/28/2022,HKS,MS,ASO,ES,Federal Contract Tower,0,2,8,1,11,0,3,12,18,33,0,5,20,19,44,12,42,54,98
06/29/2022,HKS,MS,ASO,ES,Federal Contract Tower,0,0,2,2,4,0,2,3,7,12,0,2,5,9,16,0,24,24,40
06/30/2022,HKS,MS,ASO,ES,Federal Contract Tower,0,0,10,2,12,0,1,17,6,24,0,1,27,8,36,0,24,24,60
07/01/2022,HKS,MS,ASO,ES,Federal Contract Tower,0,1,10,0,11,0,2,0,0,2,0,3,10,0,13,4,0,4,17
07/02/2022,HKS,MS,ASO,ES,Federal Contract Tower,0,1,4,0,5,0,4,6,0,10,0,5,10,0,15,0,0,0,15
07/03/2022,HKS,MS,ASO,ES,Federal Contract Tower,0,0,5,0,5,0,1,7,0,8,0,1,12,0,13,14,0,14,27
07/04/2022,HKS,MS,ASO,ES,Federal Contract Tower,0,0,1,0,1,0,0,5,0,5,0,0,6,0,6,6,0,6,12
07/05/2022,HKS,MS,ASO,ES,Federal Contract Tower,0,0,9,2,11,0,1,13,9,23,0,1,22,11,34,2,46,48,82
07/06/2022,HKS,MS,ASO,ES,Federal Contract Tower,0,8,4,0,12,0,2,11,5,18,0,10,15,5,30,0,16,16,46
07/07/2022,HKS,MS,ASO,ES,Federal Contract Tower,0,0,10,4,14,0,2,17,10,29,0,2,27,14,43,28,34,62,105
07/08/2022,HKS,MS,ASO,ES,Federal Contract Tower,0,0,15,6,21,0,3,15,0,18,0,3,30,6,39,6,8,14,53
07/09/2022,HKS,MS,ASO,ES,Federal Contract Tower,0,0,6,0,6,0,10,12,0,22,0,10,18,0,28,20,0,20,48
07/10/2022,HKS,MS,ASO,ES,Federal Contract Tower,0,3,1,0,4,0,10,9,0,19,0,13,10,0,23,6,0,6,29
07/11/2022,HKS,MS,ASO,ES,Federal Contract Tower,0,0,7,0,7,0,12,11,0,23,0,12,18,0,30,8,0,8,38
07/12/2022,HKS,MS,ASO,ES,Federal Contract Tower,0,0,8,0,8,0,2,13,0,15,0,2,21,0,23,34,0,34,57
07/13/2022,HKS,MS,ASO,ES,Federal Contract Tower,0,3,13,0,16,0,2,10,0,12,0,5,23,0,28,4,0,4,32
07/14/2022,HKS,MS,ASO,ES,Federal Contract Tower,0,0,2,0,2,0,9,5,1,15,0,9,7,1,17,16,8,24,41
07/15/2022,HKS,MS,ASO,ES,Federal Contract Tower,0,3,8,0,11,0,3,9,0,12,0,6,17,0,23,32,0,32,55
07/16/2022,HKS,MS,ASO,ES,Federal Contract Tower,0,1,10,0,11,0,4,9,0,13,0,5,19,0,24,6,0,6,30
07/17/2022,HKS,MS,ASO,ES,Federal Contract Tower,0,1,7,0,8,0,4,3,0,7,0,5,10,0,15,24,0,24,39
07/18/2022,HKS,MS,ASO,ES,Federal Contract Tower,0,1,2,0,3,0,5,12,0,17,0,6,14,0,20,32,0,32,52
07/19/2022,HKS,MS,ASO,ES,Federal Contract Tower,0,1,16,0,17,0,2,9,3,14,0,3,25,3,31,8,22,30,61
07/20/2022,HKS,MS,ASO,ES,Federal Contract Tower,0,2,9,0,11,0,4,16,0,20,0,6,25,0,31,20,0,20,51
07/21/2022,HKS,MS,ASO,ES,Federal Contract Tower,0,2,5,0,7,0,6,11,2,19,0,8,16,2,26,8,4,12,38
07/22/2022,HKS,MS,ASO,ES,Federal Contract Tower,0,1,14,0,15,0,5,17,2,24,0,6,31,2,39,30,4,34,73
07/23/2022,HKS,MS,ASO,ES,Federal Contract Tower,0,4,8,0,12,0,0,1,0,1,0,4,9,0,13,2,0,2,15
07/24/2022,HKS,MS,ASO,ES,Federal Contract Tower,0,3,6,0,9,0,6,10,0,16,0,9,16,0,25,12,0,12,37
07/25/2022,HKS,MS,ASO,ES,Federal Contract Tower,0,1,3,0,4,0,3,8,0,11,0,4,11,0,15,16,0,16,31
07/26/2022,HKS,MS,ASO,ES,Federal Contract Tower,0,2,7,0,9,0,4,17,5,26,0,6,24,5,35,36,14,50,85
07/27/2022,HKS,MS,ASO,ES,Federal Contract Tower,0,0,8,0,8,0,7,19,2,28,0,7,27,2,36,14,2,16,52
07/28/2022,HKS,MS,ASO,ES,Federal Contract Tower,0,5,6,0,11,0,5,10,0,15,0,10,16,0,26,8,0,8,34
07/29/2022,HKS,MS,ASO,ES,Federal Contract Tower,0,3,5,0,8,0,8,6,0,14,0,11,11,0,22,32,0,32,54
07/30/2022,HKS,MS,ASO,ES,Federal Contract Tower,0,0,8,0,8,0,1,7,0,8,0,1,15,0,16,12,0,12,28
07/31/2022,HKS,MS,ASO,ES,Federal Contract Tower,0,0,8,0,8,0,3,12,0,15,0,3,20,0,23,2,0,2,25
08/01/2022,HKS,MS,ASO,ES,Federal Contract Tower,0,0,10,5,15,0,0,4,6,10,0,0,14,11,25,0,14,14,39
08/02/2022,HKS,MS,ASO,ES,Federal Contract Tower,0,0,3,2,5,0,0,3,19,22,0,0,6,21,27,0,30,30,57
08/03/2022,HKS,MS,ASO,ES,Federal Contract Tower,0,2,3,0,5,0,0,0,0,0,0,2,3,0,5,2,0,2,7
08/04/2022,HKS,MS,ASO,ES,Federal Contract Tower,0,2,12,5,19,0,1,0,6,7,0,3,12,11,26,32,2,34,60
08/05/2022,HKS,MS,ASO,ES,Federal Contract Tower,0,2,16,3,21,0,5,20,1,26,0,7,36,4,47,8,4,12,59
08/06/2022,HKS,MS,ASO,ES,Federal Contract Tower,0,0,9,4,13,0,2,30,4,36,0,2,39,8,49,16,0,16,65
08/07/2022,HKS,MS,ASO,ES,Federal Contract Tower,0,0,7,0,7,0,3,15,4,22,0,3,22,4,29,10,0,10,39
08/08/2022,HKS,MS,ASO,ES,Federal Contract Tower,0,1,6,0,7,0,0,20,2,22,0,1,26,2,29,32,0,32,61
08/09/2022,HKS,MS,ASO,ES,Federal Contract Tower,0,1,8,0,9,0,1,8,8,17,0,2,16,8,26,6,26,32,58
08/10/2022,HKS,MS,ASO,ES,Federal Contract Tower,0,4,11,0,15,0,3,6,3,12,0,7,17,3,27,10,0,10,37
08/11/2022,HKS,MS,ASO,ES,Federal Contract Tower,0,0,15,0,15,0,3,2,2,7,0,3,17,2,22,40,0,40,62
08/12/2022,HKS,MS,ASO,ES,Federal Contract Tower,0,3,4,0,7,0,1,15,4,20,0,4,19,4,27,38,8,46,73
08/13/2022,HKS,MS,ASO,ES,Federal Contract Tower,0,0,6,1,7,0,3,14,2,19,0,3,20,3,26,12,6,18,44
08/14/2022,HKS,MS,ASO,ES,Federal Contract Tower,0,3,9,0,12,0,8,15,0,23,0,11,24,0,35,58,0,58,93
08/15/2022,HKS,MS,ASO,ES,Federal Contract Tower,0,0,20,0,20,0,5,7,3,15,0,5,27,3,35,20,0,20,55
08/16/2022,HKS,MS,ASO,ES,Federal Contract Tower,0,2,4,0,6,0,6,19,8,33,0,8,23,8,39,32,12,44,83
08/17/2022,HKS,MS,ASO,ES,Federal Contract Tower,0,0,14,0,14,0,2,9,0,11,0,2,23,0,25,20,0,20,45
08/18/2022,HKS,MS,ASO,ES,Federal Contract Tower,0,0,6,2,8,0,2,1,2,5,0,2,7,4,13,8,0,8,21
08/19/2022,HKS,MS,ASO,ES,Federal Contract Tower,0,2,7,2,11,0,2,6,2,10,0,4,13,4,21,38,0,38,59
08/20/2022,HKS,MS,ASO,ES,Federal Contract Tower,0,2,9,0,11,0,2,7,0,9,0,4,16,0,20,14,0,14,34
08/21/2022,HKS,MS,ASO,ES,Federal Contract Tower,0,2,9,0,11,0,0,7,0,7,0,2,16,0,18,14,0,14,32
08/22/2022,HKS,MS,ASO,ES,Federal Contract Tower,0,0,3,0,3,0,0,1,0,1,0,0,4,0,4,0,0,0,4
08/23/2022,HKS,MS,ASO,ES,Federal Contract Tower,0,2,2,0,4,0,0,0,0,0,0,2,2,0,4,0,0,0,4
08/24/2022,HKS,MS,ASO,ES,Federal Contract Tower,0,2,2,0,4,0,0,0,0,0,0,2,2,0,4,2,0,2,6
08/25/2022,HKS,MS,ASO,ES,Federal Contract Tower,0,3,4,0,7,0,1,2,3,6,0,4,6,3,13,0,20,20,33
08/26/2022,HKS,MS,ASO,ES,Federal Contract Tower,0,2,4,0,6,0,0,7,0,7,0,2,11,0,13,28,0,28,41
08/27/2022,HKS,MS,ASO,ES,Federal Contract Tower,0,2,3,0,5,0,0,12,0,12,0,2,15,0,17,4,0,4,21
08/28/2022,HKS,MS,ASO,ES,Federal Contract Tower,0,0,4,0,4,0,2,5,0,7,0,2,9,0,11,16,0,16,27
08/29/2022,HKS,MS,ASO,ES,Federal Contract Tower,0,3,6,0,9,0,0,16,5,21,0,3,22,5,30,68,16,84,114
08/30/2022,HKS,MS,ASO,ES,Federal Contract Tower,0,2,3,1,6,0,5,14,10,29,0,7,17,11,35,8,32,40,75
08/31/2022,HKS,MS,ASO,ES,Federal Contract Tower,0,3,5,1,9,0,10,15,3,28,0,13,20,4,37,50,0,50,87
09/01/2022,HKS,MS,ASO,ES,Federal Contract Tower,0,5,12,1,18,0,4,27,1,32,0,9,39,2,50,70,0,70,120
09/02/2022,HKS,MS,ASO,ES,Federal Contract Tower,0,3,10,0,13,0,7,16,0,23,0,10,26,0,36,40,0,40,76
09/03/2022,HKS,MS,ASO,ES,Federal Contract Tower,0,5,3,0,8,0,7,10,0,17,0,12,13,0,25,8,0,8,33
09/04/2022,HKS,MS,ASO,ES,Federal Contract Tower,0,0,5,0,5,0,4,6,0,10,0,4,11,0,15,14,0,14,29
09/05/2022,HKS,MS,ASO,ES,Federal Contract Tower,0,2,8,0,10,0,3,7,0,10,0,5,15,0,20,42,0,42,62
09/06/2022,HKS,MS,ASO,ES,Federal Contract Tower,0,1,2,2,5,0,1,8,10,19,0,2,10,12,24,0,58,58,82
09/07/2022,HKS,MS,ASO,ES,Federal Contract Tower,0,0,4,6,10,0,2,16,3,21,0,2,20,9,31,32,8,40,71
09/08/2022,HKS,MS,ASO,ES,Federal Contract Tower,0,0,8,2,10,0,2,19,8,29,0,2,27,10,39,66,4,70,109
09/09/2022,HKS,MS,ASO,ES,Federal Contract Tower,0,0,2,0,2,0,0,7,2,9,0,0,9,2,11,8,0,8,19
09/10/2022,HKS,MS,ASO,ES,Federal Contract Tower,0,2,4,3,9,0,4,6,10,20,0,6,10,13,29,36,4,40,69
09/11/2022,HKS,MS,ASO,ES,Federal Contract Tower,0,1,3,0,4,0,6,7,1,14,0,7,10,1,18,8,0,8,26
09/12/2022,HKS,MS,ASO,ES,Federal Contract Tower,0,1,4,2,7,0,2,9,2,13,0,3,13,4,20,0,0,0,20
09/13/2022,HKS,MS,ASO,ES,Federal Contract Tower,0,0,7,1,8,0,4,13,13,30,0,4,20,14,38,20,20,40,78
09/14/2022,HKS,MS,ASO,ES,Federal Contract Tower,0,0,10,0,10,0,0,10,5,15,0,0,20,5,25,12,0,12,37
09/15/2022,HKS,MS,ASO,ES,Federal Contract Tower,0,1,12,2,15,0,3,22,0,25,0,4,34,2,40,56,6,62,102
09/16/2022,HKS,MS,ASO,ES,Federal Contract Tower,0,0,6,0,6,0,3,17,4,24,0,3,23,4,30,78,2,80,110
09/17/2022,HKS,MS,ASO,ES,Federal Contract Tower,0,6,1,0,7,0,2,21,0,23,0,8,22,0,30,34,0,34,64
09/18/2022,HKS,MS,ASO,ES,Federal Contract Tower,0,0,8,0,8,0,4,23,6,33,0,4,31,6,41,42,0,42,83
09/19/2022,HKS,MS,ASO,ES,Federal Contract Tower,0,0,8,0,8,0,6,17,0,23,0,6,25,0,31,0,0,0,31
09/20/2022,HKS,MS,ASO,ES,Federal Contract Tower,0,1,9,0,10,0,7,12,0,19,0,8,21,0,29,30,0,30,59
09/21/2022,HKS,MS,ASO,ES,Federal Contract Tower,0,7,6,0,13,0,3,9,2,14,0,10,15,2,27,44,0,44,71
09/22/2022,HKS,MS,ASO,ES,Federal Contract Tower,0,5,16,0,21,0,6,9,2,17,0,11,25,2,38,80,6,86,124
09/23/2022,HKS,MS,ASO,ES,Federal Contract Tower,0,2,14,0,16,0,2,27,1,30,0,4,41,1,46,44,0,44,90
09/24/2022,HKS,MS,ASO,ES,Federal Contract Tower,0,2,2,0,4,0,8,27,0,35,0,10,29,0,39,28,0,28,67
09/25/2022,HKS,MS,ASO,ES,Federal Contract Tower,0,1,12,0,13,0,2,20,0,22,0,3,32,0,35,80,0,80,115
09/26/2022,HKS,MS,ASO,ES,Federal Contract Tower,0,1,9,0,10,0,3,17,4,24,0,4,26,4,34,16,14,30,64
09/27/2022,HKS,MS,ASO,ES,Federal Contract Tower,0,0,19,0,19,0,2,17,2,21,0,2,36,2,40,10,0,10,50
09/28/2022,HKS,MS,ASO,ES,Federal Contract Tower,0,0,6,0,6,0,4,18,0,22,0,4,24,0,28,56,8,64,92
09/29/2022,HKS,MS,ASO,ES,Federal Contract Tower,0,3,15,0,18,0,2,17,6,25,0,5,32,6,43,68,16,84,127
09/30/2022,HKS,MS,ASO,ES,Federal Contract Tower,0,0,8,0,8,0,4,18,0,22,0,4,26,0,30,22,0,22,52
10/01/2022,HKS,MS,ASO,ES,Federal Contract Tower,0,1,1,0,2,0,4,15,0,19,0,5,16,0,21,28,0,28,49
10/02/2022,HKS,MS,ASO,ES,Federal Contract Tower,0,0,10,0,10,0,0,16,0,16,0,0,26,0,26,50,0,50,76
10/03/2022,HKS,MS,ASO,ES,Federal Contract Tower,0,2,11,0,13,0,7,13,0,20,0,9,24,0,33,0,0,0,33
10/04/2022,HKS,MS,ASO,ES,Federal Contract Tower,0,3,11,1,15,0,0,26,1,27,0,3,37,2,42,20,0,20,62
10/05/2022,HKS,MS,ASO,ES,Federal Contract Tower,0,4,7,0,11,0,8,22,0,30,0,12,29,0,41,12,0,12,53
10/06/2022,HKS,MS,ASO,ES,Federal Contract Tower,0,2,15,0,17,0,9,21,7,37,0,11,36,7,54,12,28,40,94
10/07/2022,HKS,MS,ASO,ES,Federal Contract Tower,0,3,13,0,16,0,12,19,4,35,0,15,32,4,51,2,0,2,53
10/08/2022,HKS,MS,ASO,ES,Federal Contract Tower,0,2,6,0,8,0,1,13,0,14,0,3,19,0,22,2,0,2,24
10/09/2022,HKS,MS,ASO,ES,Federal Contract Tower,0,4,14,1,19,0,3,15,1,19,0,7,29,2,38,42,2,44,82
10/10/2022,HKS,MS,ASO,ES,Federal Contract Tower,0,5,8,0,13,0,5,12,2,19,0,10,20,2,32,10,0,10,42
10/11/2022,HKS,MS,ASO,ES,Federal Contract Tower,0,2,16,9,27,0,3,19,11,33,0,5,35,20,60,14,40,54,114
10/12/2022,HKS,MS,ASO,ES,Federal Contract Tower,0,0,12,4,16,0,0,4,3,7,0,0,16,7,23,24,20,44,67
10/13/2022,HKS,MS,ASO,ES,Federal Contract Tower,0,2,7,2,11,0,4,11,18,33,0,6,18,20,44,14,8,22,66
10/14/2022,HKS,MS,ASO,ES,Federal Contract Tower,0,3,9,0,12,0,12,17,8,37,0,15,26,8,49,18,0,18,67
10/15/2022,HKS,MS,ASO,ES,Federal Contract Tower,0,0,5,0,5,0,4,12,3,19,0,4,17,3,24,4,0,4,28
10/16/2022,HKS,MS,ASO,ES,Federal Contract Tower,0,0,7,0,7,0,7,7,0,14,0,7,14,0,21,36,0,36,57
10/17/2022,HKS,MS,ASO,ES,Federal Contract Tower,0,2,17,0,19,0,12,9,0,21,0,14,26,0,40,2,0,2,42
10/18/2022,HKS,MS,ASO,ES,Federal Contract Tower,0,4,4,3,11,0,5,11,14,30,0,9,15,17,41,14,32,46,87
10/19/2022,HKS,MS,ASO,ES,Federal Contract Tower,0,6,13,2,21,0,5,20,4,29,0,11,33,6,50,48,6,54,104
10/20/2022,HKS,MS,ASO,ES,Federal Contract Tower,0,6,9,2,17,0,8,13,15,36,0,14,22,17,53,70,52,122,175
10/21/2022,HKS,MS,ASO,ES,Federal Contract Tower,0,6,13,4,23,0,4,18,12,34,0,10,31,16,57,18,18,36,93
10/22/2022,HKS,MS,ASO,ES,Federal Contract Tower,0,1,5,0,6,0,5,15,0,20,0,6,20,0,26,32,0,32,58
10/23/2022,HKS,MS,ASO,ES,Federal Contract Tower,0,2,8,0,10,0,11,24,1,36,0,13,32,1,46,12,0,12,58
10/24/2022,HKS,MS,ASO,ES,Federal Contract Tower,0,1,9,2,12,0,1,4,7,12,0,2,13,9,24,32,28,60,84
10/25/2022,HKS,MS,ASO,ES,Federal Contract Tower,0,3,3,1,7,0,7,6,15,28,0,10,9,16,35,14,42,56,91
10/26/2022,HKS,MS,ASO,ES,Federal Contract Tower,0,2,15,2,19,0,4,19,3,26,0,6,34,5,45,32,8,40,85
10/27/2022,HKS,MS,ASO,ES,Federal Contract Tower,0,5,14,2,21,0,5,13,15,33,0,10,27,17,54,8,28,36,90
10/28/2022,HKS,MS,ASO,ES,Federal Contract Tower,0,1,6,0,7,0,7,20,8,35,0,8,26,8,42,10,0,10,52
10/29/2022,HKS,MS,ASO,ES,Federal Contract Tower,0,1,2,1,4,0,3,0,3,6,0,4,2,4,10,0,0,0,10
10/30/2022,HKS,MS,ASO,ES,Federal Contract Tower,0,1,11,0,12,0,2,2,0,4,0,3,13,0,16,8,0,8,24
10/31/2022,HKS,MS,ASO,ES,Federal Contract Tower,0,2,12,0,14,0,1,15,2,18,0,3,27,2,32,44,0,44,76
11/01/2022,HKS,MS,ASO,ES,Federal Contract Tower,0,3,8,1,12,0,2,11,27,40,0,5,19,28,52,6,24,30,82
11/02/2022,HKS,MS,ASO,ES,Federal Contract Tower,0,3,14,1,18,0,1,30,10,41,0,4,44,11,59,32,16,48,107
11/03/2022,HKS,MS,ASO,ES,Federal Contract Tower,0,2,11,2,15,0,6,15,14,35,0,8,26,16,50,54,116,170,220
11/04/2022,HKS,MS,ASO,ES,Federal Contract Tower,0,5,8,2,15,0,7,3,7,17,0,12,11,9,32,0,20,20,52
11/05/2022,HKS,MS,ASO,ES,Federal Contract Tower,0,0,2,0,2,0,0,1,3,4,0,0,3,3,6,0,0,0,6
11/06/2022,HKS,MS,ASO,ES,Federal Contract Tower,0,2,17,3,22,0,4,5,0,9,0,6,22,3,31,26,0,26,57
11/07/2022,HKS,MS,ASO,ES,Federal Contract Tower,0,2,13,0,15,0,5,27,3,35,0,7,40,3,50,12,6,18,68
11/08/2022,HKS,MS,ASO,ES,Federal Contract Tower,0,2,8,1,11,0,2,17,17,36,0,4,25,18,47,14,68,82,129
11/09/2022,HKS,MS,ASO,ES,Federal Contract Tower,0,1,6,0,7,0,2,15,0,17,0,3,21,0,24,18,0,18,42
11/10/2022,HKS,MS,ASO,ES,Federal Contract Tower,0,0,12,0,12,0,2,14,6,22,0,2,26,6,34,32,0,32,66
11/11/2022,HKS,MS,ASO,ES,Federal Contract Tower,0,1,7,0,8,0,3,16,3,22,0,4,23,3,30,10,0,10,40
11/12/2022,HKS,MS,ASO,ES,Federal Contract Tower,0,1,2,4,7,0,1,3,11,15,0,2,5,15,22,0,40,40,62
11/13/2022,HKS,MS,ASO,ES,Federal Contract Tower,0,1,11,0,12,0,1,15,24,40,0,2,26,24,52,6,10,16,68
11/14/2022,HKS,MS,ASO,ES,Federal Contract Tower,0,4,6,0,10,0,0,5,0,5,0,4,11,0,15,0,0,0,15
11/15/2022,HKS,MS,ASO,ES,Federal Contract Tower,0,3,5,0,8,0,0,2,1,3,0,3,7,1,11,2,22,24,35
11/16/2022,HKS,MS,ASO,ES,Federal Contract Tower,0,3,8,2,13,0,3,13,23,39,0,6,21,25,52,6,44,50,102
11/17/2022,HKS,MS,ASO,ES,Federal Contract Tower,0,2,20,2,24,0,7,13,18,38,0,9,33,20,62,20,52,72,134
11/18/2022,HKS,MS,ASO,ES,Federal Contract Tower,0,0,13,2,15,0,5,16,7,28,0,5,29,9,43,16,28,44,87
11/19/2022,HKS,MS,ASO,ES,Federal Contract Tower,0,1,9,0,10,0,2,12,2,16,0,3,21,2,26,6,0,6,32
11/20/2022,HKS,MS,ASO,ES,Federal Contract Tower,0,3,10,0,13,0,8,17,2,27,0,11,27,2,40,12,0,12,52
11/21/2022,HKS,MS,ASO,ES,Federal Contract Tower,0,0,12,0,12,0,6,7,7,20,0,6,19,7,32,10,12,22,54
11/22/2022,HKS,MS,ASO,ES,Federal Contract Tower,0,2,11,2,15,0,1,20,16,37,0,3,31,18,52,16,18,34,86
11/23/2022,HKS,MS,ASO,ES,Federal Contract Tower,0,5,8,0,13,0,8,21,0,29,0,13,29,0,42,32,0,32,74
11/24/2022,HKS,MS,ASO,ES,Federal Contract Tower,0,0,2,0,2,0,1,0,0,1,0,1,2,0,3,4,0,4,7
11/25/2022,HKS,MS,ASO,ES,Federal Contract Tower,0,2,5,0,7,0,2,1,0,3,0,4,6,0,10,0,0,0,10
11/26/2022,HKS,MS,ASO,ES,Federal Contract Tower,0,4,3,0,7,0,0,0,0,0,0,4,3,0,7,0,0,0,7
11/27/2022,HKS,MS,ASO,ES,Federal Contract Tower,0,3,2,0,5,0,2,15,0,17,0,5,17,0,22,4,0,4,26
11/28/2022,HKS,MS,ASO,ES,Federal Contract Tower,0,0,6,0,6,0,0,17,8,25,0,0,23,8,31,22,40,62,93
11/29/2022,HKS,MS,ASO,ES,Federal Contract Tower,0,2,2,0,4,0,0,0,0,0,0,2,2,0,4,0,0,0,4
11/30/2022,HKS,MS,ASO,ES,Federal Contract Tower,0,3,10,4,17,0,2,11,10,23,0,5,21,14,40,18,48,66,106
12/01/2022,HKS,MS,ASO,ES,Federal Contract Tower,0,3,15,1,19,0,6,16,6,28,0,9,31,7,47,48,54,102,149
12/02/2022,HKS,MS,ASO,ES,Federal Contract Tower,0,0,20,0,20,0,6,17,13,36,0,6,37,13,56,20,32,52,108
12/03/2022,HKS,MS,ASO,ES,Federal Contract Tower,0,2,14,0,16,0,2,4,7,13,0,4,18,7,29,8,10,18,47
12/04/2022,HKS,MS,ASO,ES,Federal Contract Tower,0,1,4,0,5,0,0,4,0,4,0,1,8,0,9,2,0,2,11
12/05/2022,HKS,MS,ASO,ES,Federal Contract Tower,0,2,12,2,16,0,3,1,1,5,0,5,13,3,21,6,0,6,27
12/06/2022,HKS,MS,ASO,ES,Federal Contract Tower,0,6,14,6,26,0,2,16,11,29,0,8,30,17,55,8,74,82,137
12/07/2022,HKS,MS,ASO,ES,Federal Contract Tower,0,4,15,2,21,0,2,1,9,12,0,6,16,11,33,14,24,38,71
12/08/2022,HKS,MS,ASO,ES,Federal Contract Tower,0,4,13,4,21,0,11,14,12,37,0,15,27,16,58,22,30,52,110
12/09/2022,HKS,MS,ASO,ES,Federal Contract Tower,0,0,15,5,20,0,0,5,5,10,0,0,20,10,30,28,0,28,58
12/10/2022,HKS,MS,ASO,ES,Federal Contract Tower,0,4,21,0,25,0,0,10,0,10,0,4,31,0,35,46,0,46,81
12/11/2022,HKS,MS,ASO,ES,Federal Contract Tower,0,2,5,0,7,0,1,0,0,1,0,3,5,0,8,2,0,2,10
12/12/2022,HKS,MS,ASO,ES,Federal Contract Tower,0,0,5,0,5,0,0,0,0,0,0,0,5,0,5,16,0,16,21
12/13/2022,HKS,MS,ASO,ES,Federal Contract Tower,0,0,8,9,17,0,0,7,6,13,0,0,15,15,30,0,30,30,60
12/14/2022,HKS,MS,ASO,ES,Federal Contract Tower,0,1,3,0,4,0,0,1,0,1,0,1,4,0,5,2,0,2,7
12/15/2022,HKS,MS,ASO,ES,Federal Contract Tower,0,7,14,3,24,0,3,29,5,37,0,10,43,8,61,14,12,26,87
12/17/2022,HKS,MS,ASO,ES,Federal Contract Tower,0,0,9,0,9,0,2,21,0,23,0,2,30,0,32,8,0,8,40
12/18/2022,HKS,MS,ASO,ES,Federal Contract Tower,0,2,8,0,10,0,7,22,0,29,0,9,30,0,39,36,0,36,75
12/19/2022,HKS,MS,ASO,ES,Federal Contract Tower,0,2,3,0,5,0,0,3,5,8,0,2,6,5,13,0,12,12,25
12/20/2022,HKS,MS,ASO,ES,Federal Contract Tower,0,5,1,0,6,0,0,0,0,0,0,5,1,0,6,0,0,0,6
12/21/2022,HKS,MS,ASO,ES,Federal Contract Tower,0,2,4,0,6,0,0,0,0,0,0,2,4,0,6,0,0,0,6
12/22/2022,HKS,MS,ASO,ES,Federal Contract Tower,0,2,5,0,7,0,1,3,0,4,0,3,8,0,11,12,0,12,23
12/24/2022,HKS,MS,ASO,ES,Federal Contract Tower,0,0,0,0,0,0,6,1,0,7,0,6,1,0,7,0,0,0,7
12/25/2022,HKS,MS,ASO,ES,Federal Contract Tower,0,0,1,0,1,0,5,4,0,9,0,5,5,0,10,0,0,0,10
12/26/2022,HKS,MS,ASO,ES,Federal Contract Tower,0,1,4,0,5,0,3,9,0,12,0,4,13,0,17,24,0,24,41
12/27/2022,HKS,MS,ASO,ES,Federal Contract Tower,0,1,6,0,7,0,1,16,1,18,0,2,22,1,25,0,0,0,25
12/28/2022,HKS,MS,ASO,ES,Federal Contract Tower,0,1,16,0,17,0,5,10,0,15,0,6,26,0,32,4,0,4,36
12/29/2022,HKS,MS,ASO,ES,Federal Contract Tower,0,4,8,0,12,0,5,10,0,15,0,9,18,0,27,24,0,24,51
12/30/2022,HKS,MS,ASO,ES,Federal Contract Tower,0,2,2,0,4,0,0,2,0,2,0,2,4,0,6,0,0,0,6
12/31/2022,HKS,MS,ASO,ES,Federal Contract Tower,0,3,4,0,7,0,3,8,0,11,0,6,12,0,18,6,0,6,24
01/01/2023,HKS,MS,ASO,ES,Federal Contract Tower,0,2,8,0,10,0,5,26,0,31,0,7,34,0,41,24,0,24,65
01/02/2023,HKS,MS,ASO,ES,Federal Contract Tower,0,0,11,0,11,0,0,3,0,3,0,0,14,0,14,2,0,2,16
01/03/2023,HKS,MS,ASO,ES,Federal Contract Tower,0,4,0,0,4,0,0,0,8,8,0,4,0,8,12,0,50,50,62
01/04/2023,HKS,MS,ASO,ES,Federal Contract Tower,0,2,13,1,16,0,0,8,3,11,0,2,21,4,27,44,22,66,93
01/05/2023,HKS,MS,ASO,ES,Federal Contract Tower,0,4,8,1,13,0,6,23,11,40,0,10,31,12,53,8,18,26,79
01/06/2023,HKS,MS,ASO,ES,Federal Contract Tower,0,0,11,0,11,0,10,23,2,35,0,10,34,2,46,22,0,22,68
01/07/2023,HKS,MS,ASO,ES,Federal Contract Tower,0,2,2,0,4,0,0,10,1,11,0,2,12,1,15,12,0,12,27
01/08/2023,HKS,MS,ASO,ES,Federal Contract Tower,0,0,6,0,6,0,0,1,0,1,0,0,7,0,7,0,0,0,7
01/09/2023,HKS,MS,ASO,ES,Federal Contract Tower,0,0,14,0,14,0,3,17,0,20,0,3,31,0,34,10,0,10,44
01/10/2023,HKS,MS,ASO,ES,Federal Contract Tower,0,1,8,0,9,0,1,11,9,21,0,2,19,9,30,14,12,26,56
01/11/2023,HKS,MS,ASO,ES,Federal Contract Tower,0,4,7,1,12,0,8,7,0,15,0,12,14,1,27,18,2,20,47
01/12/2023,HKS,MS,ASO,ES,Federal Contract Tower,0,2,5,0,7,0,2,2,2,6,0,4,7,2,13,0,0,0,13
01/13/2023,HKS,MS,ASO,ES,Federal Contract Tower,0,0,7,0,7,0,4,19,1,24,0,4,26,1,31,6,0,6,37
01/14/2023,HKS,MS,ASO,ES,Federal Contract Tower,0,1,4,0,5,0,6,27,3,36,0,7,31,3,41,18,0,18,59
01/15/2023,HKS,MS,ASO,ES,Federal Contract Tower,0,1,10,0,11,0,0,18,5,23,0,1,28,5,34,20,0,20,54
01/16/2023,HKS,MS,ASO,ES,Federal Contract Tower,0,2,6,0,8,0,4,9,0,13,0,6,15,0,21,4,0,4,25
01/17/2023,HKS,MS,ASO,ES,Federal Contract Tower,0,2,10,3,15,0,5,3,11,19,0,7,13,14,34,16,66,82,116
01/18/2023,HKS,MS,ASO,ES,Federal Contract Tower,0,0,7,0,7,0,3,1,4,8,0,3,8,4,15,4,0,4,19
01/19/2023,HKS,MS,ASO,ES,Federal Contract Tower,0,2,9,1,12,0,1,12,6,19,0,3,21,7,31,10,12,22,53
01/20/2023,HKS,MS,ASO,ES,Federal Contract Tower,0,0,15,0,15,0,0,18,2,20,0,0,33,2,35,14,0,14,49
01/21/2023,HKS,MS,ASO,ES,Federal Contract Tower,0,0,3,0,3,0,0,14,0,14,0,0,17,0,17,4,0,4,21
01/22/2023,HKS,MS,ASO,ES,Federal Contract Tower,0,0,15,0,15,0,4,1,0,5,0,4,16,0,20,2,46,48,68
01/23/2023,HKS,MS,ASO,ES,Federal Contract Tower,0,2,12,0,14,0,3,13,2,18,0,5,25,2,32,8,0,8,40
01/24/2023,HKS,MS,ASO,ES,Federal Contract Tower,0,1,4,3,8,0,0,5,3,8,0,1,9,6,16,0,18,18,34
01/25/2023,HKS,MS,ASO,ES,Federal Contract Tower,0,4,13,0,17,0,3,2,2,7,0,7,15,2,24,0,0,0,24
01/26/2023,HKS,MS,ASO,ES,Federal Contract Tower,0,2,3,1,6,0,7,22,16,45,0,9,25,17,51,14,14,28,79
01/27/2023,HKS,MS,ASO,ES,Federal Contract Tower,0,1,7,2,10,0,10,25,9,44,0,11,32,11,54,8,14,22,76
01/28/2023,HKS,MS,ASO,ES,Federal Contract Tower,0,0,14,0,14,0,2,20,2,24,0,2,34,2,38,62,0,62,100
01/29/2023,HKS,MS,ASO,ES,Federal Contract Tower,0,0,1,0,1,0,0,0,0,0,0,0,1,0,1,0,0,0,1
01/30/2023,HKS,MS,ASO,ES,Federal Contract Tower,0,0,19,0,19,0,0,0,0,0,0,0,19,0,19,0,0,0,19
01/31/2023,HKS,MS,ASO,ES,Federal Contract Tower,0,1,3,0,4,0,0,0,0,0,0,1,3,0,4,0,0,0,4
02/01/2023,HKS,MS,ASO,ES,Federal Contract Tower,0,2,4,0,6,0,0,0,0,0,0,2,4,0,6,0,0,0,6
02/02/2023,HKS,MS,ASO,ES,Federal Contract Tower,0,5,2,0,7,0,0,0,0,0,0,5,2,0,7,0,0,0,7
02/03/2023,HKS,MS,ASO,ES,Federal Contract Tower,0,2,14,0,16,0,4,39,5,48,0,6,53,5,64,80,18,98,162
02/04/2023,HKS,MS,ASO,ES,Federal Contract Tower,0,1,17,0,18,0,0,22,0,22,0,1,39,0,40,34,0,34,74
02/05/2023,HKS,MS,ASO,ES,Federal Contract Tower,0,0,13,0,13,0,2,13,0,15,0,2,26,0,28,6,0,6,34
02/06/2023,HKS,MS,ASO,ES,Federal Contract Tower,0,1,12,0,13,0,8,12,1,21,0,9,24,1,34,38,0,38,72
02/07/2023,HKS,MS,ASO,ES,Federal Contract Tower,0,4,9,2,15,0,3,13,6,22,0,7,22,8,37,6,0,6,43
02/08/2023,HKS,MS,ASO,ES,Federal Contract Tower,0,4,6,0,10,0,2,1,0,3,0,6,7,0,13,0,0,0,13
02/09/2023,HKS,MS,ASO,ES,Federal Contract Tower,0,7,9,3,19,0,2,15,3,20,0,9,24,6,39,34,0,34,73
02/10/2023,HKS,MS,ASO,ES,Federal Contract Tower,0,1,9,1,11,0,1,25,12,38,0,2,34,13,49,68,42,110,159
02/11/2023,HKS,MS,ASO,ES,Federal Contract Tower,0,2,5,0,7,0,2,0,0,2,0,4,5,0,9,24,0,24,33
02/12/2023,HKS,MS,ASO,ES,Federal Contract Tower,0,1,5,0,6,0,12,6,6,24,0,13,11,6,30,60,8,68,98
02/13/2023,HKS,MS,ASO,ES,Federal Contract Tower,0,0,20,1,21,0,6,28,0,34,0,6,48,1,55,56,0,56,111
02/14/2023,HKS,MS,ASO,ES,Federal Contract Tower,0,0,9,3,12,0,1,0,3,4,0,1,9,6,16,0,0,0,16
02/15/2023,HKS,MS,ASO,ES,Federal Contract Tower,0,0,12,0,12,0,0,4,0,4,0,0,16,0,16,4,0,4,20
02/16/2023,HKS,MS,ASO,ES,Federal Contract Tower,0,1,1,0,2,0,0,0,0,0,0,1,1,0,2,0,0,0,2
02/17/2023,HKS,MS,ASO,ES,Federal Contract Tower,0,2,4,0,6,0,6,11,1,18,0,8,15,1,24,2,0,2,26
02/18/2023,HKS,MS,ASO,ES,Federal Contract Tower,0,0,16,0,16,0,3,21,0,24,0,3,37,0,40,30,0,30,70
02/19/2023,HKS,MS,ASO,ES,Federal Contract Tower,0,8,0,0,8,0,5,23,0,28,0,13,23,0,36,44,0,44,80
02/20/2023,HKS,MS,ASO,ES,Federal Contract Tower,0,2,15,0,17,0,1,4,0,5,0,3,19,0,22,0,0,0,22
02/21/2023,HKS,MS,ASO,ES,Federal Contract Tower,0,0,6,2,8,0,1,5,7,13,0,1,11,9,21,0,10,10,31
02/22/2023,HKS,MS,ASO,ES,Federal Contract Tower,0,0,9,0,9,0,2,0,2,4,0,2,9,2,13,0,26,26,39
02/23/2023,HKS,MS,ASO,ES,Federal Contract Tower,0,2,21,0,23,0,5,19,3,27,0,7,40,3,50,42,0,42,92
02/24/2023,HKS,MS,ASO,ES,Federal Contract Tower,0,0,6,3,9,0,3,14,2,19,0,3,20,5,28,22,40,62,90
02/25/2023,HKS,MS,ASO,ES,Federal Contract Tower,0,0,6,0,6,0,3,17,0,20,0,3,23,0,26,28,0,28,54
02/26/2023,HKS,MS,ASO,ES,Federal Contract Tower,0,2,10,0,12,0,3,11,0,14,0,5,21,0,26,0,0,0,26
02/27/2023,HKS,MS,ASO,ES,Federal Contract Tower,0,2,8,3,13,0,2,2,5,9,0,4,10,8,22,2,22,24,46
02/28/2023,HKS,MS,ASO,ES,Federal Contract Tower,0,0,11,2,13,0,4,26,7,37,0,4,37,9,50,60,12,72,122
03/01/2023,HKS,MS,ASO,ES,Federal Contract Tower,0,0,11,0,11,0,0,12,0,12,0,0,23,0,23,24,24,48,71
03/02/2023,HKS,MS,ASO,ES,Federal Contract Tower,0,1,3,0,4,0,6,4,2,12,0,7,7,2,16,48,4,52,68
03/03/2023,HKS,MS,ASO,ES,Federal Contract Tower,0,0,3,3,6,0,0,4,12,16,0,0,7,15,22,46,0,46,68
03/04/2023,HKS,MS,ASO,ES,Federal Contract Tower,0,0,7,0,7,0,4,24,6,34,0,4,31,6,41,24,2,26,67
03/05/2023,HKS,MS,ASO,ES,Federal Contract Tower,0,0,5,0,5,0,4,39,2,45,0,4,44,2,50,6,0,6,56
03/06/2023,HKS,MS,ASO,ES,Federal Contract Tower,0,1,15,4,20,0,7,13,0,20,0,8,28,4,40,24,0,24,64
03/07/2023,HKS,MS,ASO,ES,Federal Contract Tower,0,0,7,5,12,0,10,17,16,43,0,10,24,21,55,60,30,90,145
03/08/2023,HKS,MS,ASO,ES,Federal Contract Tower,0,1,6,0,7,0,0,4,0,4,0,1,10,0,11,0,6,6,17
03/09/2023,HKS,MS,ASO,ES,Federal Contract Tower,0,4,17,5,26,0,6,7,14,27,0,10,24,19,53,40,44,84,137
03/10/2023,HKS,MS,ASO,ES,Federal Contract Tower,0,2,12,0,14,0,1,0,0,1,0,3,12,0,15,10,0,10,25
03/11/2023,HKS,MS,ASO,ES,Federal Contract Tower,0,2,9,0,11,0,5,12,1,18,0,7,21,1,29,20,0,20,49
03/12/2023,HKS,MS,ASO,ES,Federal Contract Tower,0,0,7,0,7,0,0,1,0,1,0,0,8,0,8,0,0,0,8
03/13/2023,HKS,MS,ASO,ES,Federal Contract Tower,0,0,15,0,15,0,2,10,2,14,0,2,25,2,29,6,12,18,47
03/14/2023,HKS,MS,ASO,ES,Federal Contract Tower,0,1,14,4,19,0,2,11,11,24,0,3,25,15,43,6,28,34,77
03/15/2023,HKS,MS,ASO,ES,Federal Contract Tower,0,0,19,0,19,0,0,20,5,25,0,0,39,5,44,18,4,22,66
03/16/2023,HKS,MS,ASO,ES,Federal Contract Tower,0,0,4,0,4,0,3,15,4,22,0,3,19,4,26,2,16,18,44
03/18/2023,HKS,MS,ASO,ES,Federal Contract Tower,0,0,14,2,16,0,2,20,3,25,0,2,34,5,41,10,0,10,51
03/19/2023,HKS,MS,ASO,ES,Federal Contract Tower,0,0,2,0,2,0,2,13,0,15,0,2,15,0,17,20,0,20,37
03/20/2023,HKS,MS,ASO,ES,Federal Contract Tower,0,0,5,0,5,0,2,13,0,15,0,2,18,0,20,10,0,10,30
03/21/2023,HKS,MS,ASO,ES,Federal Contract Tower,0,2,2,0,4,0,3,20,13,36,0,5,22,13,40,14,28,42,82
03/22/2023,HKS,MS,ASO,ES,Federal Contract Tower,0,3,11,0,14,0,4,10,5,19,0,7,21,5,33,6,8,14,47
03/23/2023,HKS,MS,ASO,ES,Federal Contract Tower,0,4,14,0,18,0,6,12,6,24,0,10,26,6,42,70,8,78,120
03/24/2023,HKS,MS,ASO,ES,Federal Contract Tower,0,2,12,1,15,0,1,1,6,8,0,3,13,7,23,2,0,2,25
03/25/2023,HKS,MS,ASO,ES,Federal Contract Tower,0,0,14,0,14,0,3,19,2,24,0,3,33,2,38,28,0,28,66
03/26/2023,HKS,MS,ASO,ES,Federal Contract Tower,0,0,7,0,7,0,0,4,0,4,0,0,11,0,11,12,0,12,23
03/27/2023,HKS,MS,ASO,ES,Federal Contract Tower,0,2,4,0,6,0,2,21,4,27,0,4,25,4,33,36,8,44,77
03/28/2023,HKS,MS,ASO,ES,Federal Contract Tower,0,0,4,1,5,0,3,20,9,32,0,3,24,10,37,36,18,54,91
03/29/2023,HKS,MS,ASO,ES,Federal Contract Tower,0,1,27,1,29,0,1,14,1,16,0,2,41,2,45,52,0,52,97
03/30/2023,HKS,MS,ASO,ES,Federal Contract Tower,0,1,8,1,10,0,3,25,9,37,0,4,33,10,47,66,12,78,125
03/31/2023,HKS,MS,ASO,ES,Federal Contract Tower,0,3,10,0,13,0,7,4,1,12,0,10,14,1,25,4,2,6,31
04/01/2023,HKS,MS,ASO,ES,Federal Contract Tower,0,0,15,0,15,0,3,23,0,26,0,3,38,0,41,36,0,36,77
04/02/2023,HKS,MS,ASO,ES,Federal Contract Tower,0,1,21,0,22,0,0,21,0,21,0,1,42,0,43,96,0,96,139
04/03/2023,HKS,MS,ASO,ES,Federal Contract Tower,0,0,15,0,15,0,3,1,0,4,0,3,16,0,19,22,0,22,41
04/04/2023,HKS,MS,ASO,ES,Federal Contract Tower,0,0,15,3,18,0,8,5,7,20,0,8,20,10,38,8,16,24,62
04/05/2023,HKS,MS,ASO,ES,Federal Contract Tower,0,2,8,1,11,0,6,2,0,8,0,8,10,1,19,0,24,24,43
04/06/2023,HKS,MS,ASO,ES,Federal Contract Tower,0,0,9,0,9,0,0,1,0,1,0,0,10,0,10,2,0,2,12
04/07/2023,HKS,MS,ASO,ES,Federal Contract Tower,0,0,4,0,4,0,0,0,0,0,0,0,4,0,4,0,0,0,4
04/08/2023,HKS,MS,ASO,ES,Federal Contract Tower,0,0,2,0,2,0,0,0,0,0,0,0,2,0,2,0,0,0,2
04/09/2023,HKS,MS,ASO,ES,Federal Contract Tower,0,1,7,0,8,0,4,13,0,17,0,5,20,0,25,4,0,4,29
04/10/2023,HKS,MS,ASO,ES,Federal Contract Tower,0,0,14,0,14,0,2,13,1,16,0,2,27,1,30,32,12,44,74
04/11/2023,HKS,MS,ASO,ES,Federal Contract Tower,0,3,19,0,22,0,8,18,6,32,0,11,37,6,54,12,2,14,68
04/12/2023,HKS,MS,ASO,ES,Federal Contract Tower,0,2,10,0,12,0,4,11,3,18,0,6,21,3,30,48,0,48,78
04/13/2023,HKS,MS,ASO,ES,Federal Contract Tower,0,2,6,2,10,0,0,0,0,0,0,2,6,2,10,0,0,0,10
04/14/2023,HKS,MS,ASO,ES,Federal Contract Tower,0,2,11,0,13,0,1,8,4,13,0,3,19,4,26,10,0,10,36
04/15/2023,HKS,MS,ASO,ES,Federal Contract Tower,0,0,0,0,0,0,0,7,0,7,0,0,7,0,7,0,0,0,7
04/16/2023,HKS,MS,ASO,ES,Federal Contract Tower,0,0,10,1,11,0,2,14,9,25,0,2,24,10,36,10,4,14,50
04/17/2023,HKS,MS,ASO,ES,Federal Contract Tower,0,2,5,1,8,0,3,15,0,18,0,5,20,1,26,30,2,32,58
04/18/2023,HKS,MS,ASO,ES,Federal Contract Tower,0,3,10,0,13,0,4,16,0,20,0,7,26,0,33,44,0,44,77
04/19/2023,HKS,MS,ASO,ES,Federal Contract Tower,0,1,12,0,13,0,6,22,10,38,0,7,34,10,51,28,32,60,111
04/20/2023,HKS,MS,ASO,ES,Federal Contract Tower,0,2,9,0,11,0,1,21,5,27,0,3,30,5,38,6,0,6,44
04/21/2023,HKS,MS,ASO,ES,Federal Contract Tower,0,0,6,0,6,0,2,2,0,4,0,2,8,0,10,0,0,0,10
04/22/2023,HKS,MS,ASO,ES,Federal Contract Tower,0,0,4,0,4,0,0,21,1,22,0,0,25,1,26,60,0,60,86
04/23/2023,HKS,MS,ASO,ES,Federal Contract Tower,0,4,10,1,15,0,2,10,0,12,0,6,20,1,27,2,0,2,29
04/24/2023,HKS,MS,ASO,ES,Federal Contract Tower,0,0,12,0,12,0,1,13,4,18,0,1,25,4,30,24,0,24,54
04/25/2023,HKS,MS,ASO,ES,Federal Contract Tower,0,1,8,0,9,0,0,13,6,19,0,1,21,6,28,26,8,34,62
04/26/2023,HKS,MS,ASO,ES,Federal Contract Tower,0,2,8,0,10,0,1,4,5,10,0,3,12,5,20,8,0,8,28
04/27/2023,HKS,MS,ASO,ES,Federal Contract Tower,0,6,0,0,6,0,3,1,2,6,0,9,1,2,12,6,0,6,18
04/28/2023,HKS,MS,ASO,ES,Federal Contract Tower,0,0,8,0,8,0,2,15,0,17,0,2,23,0,25,14,0,14,39
04/29/2023,HKS,MS,ASO,ES,Federal Contract Tower,0,0,8,0,8,0,4,0,0,4,0,4,8,0,12,20,0,20,32
04/30/2023,HKS,MS,ASO,ES,Federal Contract Tower,0,2,5,0,7,0,2,12,0,14,0,4,17,0,21,4,0,4,25
05/01/2023,HKS,MS,ASO,ES,Federal Contract Tower,0,0,10,0,10,0,4,20,0,24,0,4,30,0,34,6,0,6,40
05/02/2023,HKS,MS,ASO,ES,Federal Contract Tower,0,2,8,0,10,0,4,15,1,20,0,6,23,1,30,46,0,46,76
05/03/2023,HKS,MS,ASO,ES,Federal Contract Tower,0,0,23,0,23,0,1,21,5,27,0,1,44,5,50,50,2,52,102
05/04/2023,HKS,MS,ASO,ES,Federal Contract Tower,0,0,19,2,21,0,1,22,6,29,0,1,41,8,50,58,14,72,122
05/05/2023,HKS,MS,ASO,ES,Federal Contract Tower,0,2,9,0,11,0,6,4,0,10,0,8,13,0,21,4,0,4,25
05/06/2023,HKS,MS,ASO,ES,Federal Contract Tower,0,0,13,0,13,0,0,1,0,1,0,0,14,0,14,2,0,2,16
05/07/2023,HKS,MS,ASO,ES,Federal Contract Tower,0,0,4,0,4,0,2,7,0,9,0,2,11,0,13,0,0,0,13
05/08/2023,HKS,MS,ASO,ES,Federal Contract Tower,0,2,8,0,10,0,4,3,3,10,0,6,11,3,20,6,16,22,42
05/09/2023,HKS,MS,ASO,ES,Federal Contract Tower,0,2,5,1,8,0,1,6,19,26,0,3,11,20,34,6,28,34,68
05/10/2023,HKS,MS,ASO,ES,Federal Contract Tower,0,0,4,6,10,0,1,2,1,4,0,1,6,7,14,4,2,6,20
05/11/2023,HKS,MS,ASO,ES,Federal Contract Tower,0,0,8,5,13,0,0,1,7,8,0,0,9,12,21,6,12,18,39
05/12/2023,HKS,MS,ASO,ES,Federal Contract Tower,0,0,5,2,7,0,0,8,2,10,0,0,13,4,17,28,2,30,47
05/13/2023,HKS,MS,ASO,ES,Federal Contract Tower,0,0,9,0,9,0,0,15,0,15,0,0,24,0,24,22,0,22,46
05/14/2023,HKS,MS,ASO,ES,Federal Contract Tower,0,0,6,0,6,0,2,16,0,18,0,2,22,0,24,4,0,4,28
05/15/2023,HKS,MS,ASO,ES,Federal Contract Tower,0,0,14,0,14,0,0,15,0,15,0,0,29,0,29,14,0,14,43
05/16/2023,HKS,MS,ASO,ES,Federal Contract Tower,0,0,12,2,14,0,4,12,8,24,0,4,24,10,38,6,14,20,58
05/17/2023,HKS,MS,ASO,ES,Federal Contract Tower,0,0,9,0,9,0,3,10,4,17,0,3,19,4,26,6,0,6,32
05/18/2023,HKS,MS,ASO,ES,Federal Contract Tower,0,2,15,0,17,0,4,17,1,22,0,6,32,1,39,15,0,15,54
05/19/2023,HKS,MS,ASO,ES,Federal Contract Tower,0,2,8,0,10,0,6,27,10,43,0,8,35,10,53,38,28,66,119
05/20/2023,HKS,MS,ASO,ES,Federal Contract Tower,0,0,6,0,6,0,1,11,7,19,0,1,17,7,25,16,0,16,41
05/21/2023,HKS,MS,ASO,ES,Federal Contract Tower,0,2,11,3,16,0,3,10,9,22,0,5,21,12,38,72,6,78,116
05/22/2023,HKS,MS,ASO,ES,Federal Contract Tower,0,0,8,4,12,0,4,18,2,24,0,4,26,6,36,8,2,10,46
05/23/2023,HKS,MS,ASO,ES,Federal Contract Tower,0,0,15,5,20,0,6,22,9,37,0,6,37,14,57,26,24,50,107
05/24/2023,HKS,MS,ASO,ES,Federal Contract Tower,0,0,15,6,21,0,2,4,4,10,0,2,19,10,31,0,0,0,31
05/25/2023,HKS,MS,ASO,ES,Federal Contract Tower,0,4,7,0,11,0,7,20,0,27,0,11,27,0,38,12,0,12,50
05/26/2023,HKS,MS,ASO,ES,Federal Contract Tower,0,2,16,0,18,0,7,20,0,27,0,9,36,0,45,22,0,22,67
05/27/2023,HKS,MS,ASO,ES,Federal Contract Tower,0,0,8,0,8,0,1,12,0,13,0,1,20,0,21,4,0,4,25
05/28/2023,HKS,MS,ASO,ES,Federal Contract Tower,0,0,9,0,9,0,3,18,0,21,0,3,27,0,30,0,0,0,30
05/29/2023,HKS,MS,ASO,ES,Federal Contract Tower,0,0,6,0,6,0,3,18,0,21,0,3,24,0,27,0,0,0,27
05/30/2023,HKS,MS,ASO,ES,Federal Contract Tower,0,1,11,1,13,0,3,27,10,40,0,4,38,11,53,70,18,88,141
05/31/2023,HKS,MS,ASO,ES,Federal Contract Tower,0,0,14,0,14,0,0,7,1,8,0,0,21,1,22,12,0,12,34
06/01/2023,HKS,MS,ASO,ES,Federal Contract Tower,0,0,12,0,12,0,4,19,12,35,0,4,31,12,47,10,10,20,67
06/02/2023,HKS,MS,ASO,ES,Federal Contract Tower,0,0,7,0,7,0,9,13,6,28,0,9,20,6,35,22,0,22,57
06/03/2023,HKS,MS,ASO,ES,Federal Contract Tower,0,0,8,0,8,0,8,20,2,30,0,8,28,2,38,12,0,12,50
06/04/2023,HKS,MS,ASO,ES,Federal Contract Tower,0,0,11,0,11,0,5,16,0,21,0,5,27,0,32,14,0,14,46
06/05/2023,HKS,MS,ASO,ES,Federal Contract Tower,0,0,10,2,12,0,4,5,7,16,0,4,15,9,28,4,0,4,32
06/06/2023,HKS,MS,ASO,ES,Federal Contract Tower,0,0,16,0,16,0,0,15,4,19,0,0,31,4,35,6,8,14,49
06/07/2023,HKS,MS,ASO,ES,Federal Contract Tower,0,0,14,0,14,0,0,13,4,17,0,0,27,4,31,10,0,10,41
06/08/2023,HKS,MS,ASO,ES,Federal Contract Tower,0,2,8,0,10,0,7,15,6,28,0,9,23,6,38,28,0,28,66
06/09/2023,HKS,MS,ASO,ES,Federal Contract Tower,0,13,1,0,14,0,5,19,3,27,0,18,20,3,41,26,0,26,67
06/10/2023,HKS,MS,ASO,ES,Federal Contract Tower,0,0,8,0,8,0,2,8,0,10,0,2,16,0,18,28,0,28,46
06/11/2023,HKS,MS,ASO,ES,Federal Contract Tower,0,0,8,0,8,0,10,10,1,21,0,10,18,1,29,6,0,6,35
06/12/2023,HKS,MS,ASO,ES,Federal Contract Tower,0,2,13,0,15,0,2,7,0,9,0,4,20,0,24,6,0,6,30
06/13/2023,HKS,MS,ASO,ES,Federal Contract Tower,0,0,2,0,2,0,2,6,9,17,0,2,8,9,19,2,56,58,77
06/15/2023,HKS,MS,ASO,ES,Federal Contract Tower,0,0,11,0,11,0,5,8,2,15,0,5,19,2,26,16,0,16,42
06/16/2023,HKS,MS,ASO,ES,Federal Contract Tower,0,0,12,0,12,0,2,7,2,11,0,2,19,2,23,10,0,10,33
06/17/2023,HKS,MS,ASO,ES,Federal Contract Tower,0,0,12,0,12,0,1,19,1,21,0,1,31,1,33,20,0,20,53
06/18/2023,HKS,MS,ASO,ES,Federal Contract Tower,0,0,0,0,0,0,0,0,0,0,0,0,0,0,0,0,0,0,0
06/19/2023,HKS,MS,ASO,ES,Federal Contract Tower,0,0,11,0,11,0,2,8,3,13,0,2,19,3,24,12,0,12,36
06/20/2023,HKS,MS,ASO,ES,Federal Contract Tower,0,0,10,2,12,0,4,16,10,30,0,4,26,12,42,24,14,38,80
06/21/2023,HKS,MS,ASO,ES,Federal Contract Tower,0,2,9,0,11,0,6,21,2,29,0,8,30,2,40,24,6,30,70
06/22/2023,HKS,MS,ASO,ES,Federal Contract Tower,0,0,20,0,20,0,0,17,5,22,0,0,37,5,42,60,6,66,108
06/23/2023,HKS,MS,ASO,ES,Federal Contract Tower,0,0,10,0,10,0,2,13,0,15,0,2,23,0,25,14,0,14,39
06/24/2023,HKS,MS,ASO,ES,Federal Contract Tower,0,0,0,0,0,0,1,27,2,30,0,1,27,2,30,10,0,10,40
06/25/2023,HKS,MS,ASO,ES,Federal Contract Tower,0,0,10,0,10,0,2,10,4,16,0,2,20,4,26,16,10,26,52
06/26/2023,HKS,MS,ASO,ES,Federal Contract Tower,0,2,5,0,7,0,3,7,0,10,0,5,12,0,17,2,0,2,19
06/27/2023,HKS,MS,ASO,ES,Federal Contract Tower,0,1,10,0,11,0,0,10,4,14,0,1,20,4,25,18,14,32,57
06/28/2023,HKS,MS,ASO,ES,Federal Contract Tower,0,4,14,0,18,0,6,11,2,19,0,10,25,2,37,0,0,0,37
06/29/2023,HKS,MS,ASO,ES,Federal Contract Tower,0,0,16,1,17,0,3,14,7,24,0,3,30,8,41,6,6,12,53
06/30/2023,HKS,MS,ASO,ES,Federal Contract Tower,0,0,7,2,9,0,0,14,0,14,0,0,21,2,23,0,0,0,23
07/01/2023,HKS,MS,ASO,ES,Federal Contract Tower,0,0,11,0,11,0,3,7,0,10,0,3,18,0,21,6,0,6,27
07/02/2023,HKS,MS,ASO,ES,Federal Contract Tower,0,0,5,0,5,0,8,4,0,12,0,8,9,0,17,0,0,0,17
07/03/2023,HKS,MS,ASO,ES,Federal Contract Tower,0,0,4,0,4,0,3,3,0,6,0,3,7,0,10,8,0,8,18
07/04/2023,HKS,MS,ASO,ES,Federal Contract Tower,0,1,3,0,4,0,3,5,0,8,0,4,8,0,12,2,0,2,14
07/05/2023,HKS,MS,ASO,ES,Federal Contract Tower,0,0,9,0,9,0,3,12,3,18,0,3,21,3,27,4,0,4,31
07/06/2023,HKS,MS,ASO,ES,Federal Contract Tower,0,0,4,1,5,0,1,3,11,15,0,1,7,12,20,14,6,20,40
07/07/2023,HKS,MS,ASO,ES,Federal Contract Tower,0,0,10,0,10,0,2,5,3,10,0,2,15,3,20,8,0,8,28
07/08/2023,HKS,MS,ASO,ES,Federal Contract Tower,0,0,4,0,4,0,1,14,1,16,0,1,18,1,20,30,0,30,50
07/09/2023,HKS,MS,ASO,ES,Federal Contract Tower,0,0,4,0,4,0,0,3,1,4,0,0,7,1,8,4,0,4,12
07/10/2023,HKS,MS,ASO,ES,Federal Contract Tower,0,0,15,0,15,0,1,8,0,9,0,1,23,0,24,16,0,16,40
07/11/2023,HKS,MS,ASO,ES,Federal Contract Tower,0,2,6,0,8,0,0,2,6,8,0,2,8,6,16,4,12,16,32
07/12/2023,HKS,MS,ASO,ES,Federal Contract Tower,0,2,6,0,8,0,1,9,1,11,0,3,15,1,19,4,0,4,23
07/13/2023,HKS,MS,ASO,ES,Federal Contract Tower,0,0,6,0,6,0,0,10,0,10,0,0,16,0,16,4,0,4,20
07/14/2023,HKS,MS,ASO,ES,Federal Contract Tower,0,0,9,0,9,0,1,15,10,26,0,1,24,10,35,28,0,28,63
07/15/2023,HKS,MS,ASO,ES,Federal Contract Tower,0,0,1,0,1,0,4,16,0,20,0,4,17,0,21,54,0,54,75
07/16/2023,HKS,MS,ASO,ES,Federal Contract Tower,0,2,7,0,9,0,3,11,0,14,0,5,18,0,23,24,0,24,47
07/17/2023,HKS,MS,ASO,ES,Federal Contract Tower,0,0,17,1,18,0,1,7,0,8,0,1,24,1,26,18,0,18,44
07/18/2023,HKS,MS,ASO,ES,Federal Contract Tower,0,0,12,2,14,0,0,13,3,16,0,0,25,5,30,20,12,32,62
07/19/2023,HKS,MS,ASO,ES,Federal Contract Tower,0,4,3,0,7,0,8,1,2,11,0,12,4,2,18,42,0,42,60
07/20/2023,HKS,MS,ASO,ES,Federal Contract Tower,0,0,11,1,12,0,2,16,2,20,0,2,27,3,32,20,8,28,60
07/21/2023,HKS,MS,ASO,ES,Federal Contract Tower,0,0,9,0,9,0,0,0,0,0,0,0,9,0,9,12,0,12,21
07/22/2023,HKS,MS,ASO,ES,Federal Contract Tower,0,0,10,0,10,0,0,5,0,5,0,0,15,0,15,6,0,6,21
07/23/2023,HKS,MS,ASO,ES,Federal Contract Tower,0,0,6,0,6,0,2,9,0,11,0,2,15,0,17,8,0,8,25
07/24/2023,HKS,MS,ASO,ES,Federal Contract Tower,0,0,9,0,9,0,0,13,0,13,0,0,22,0,22,42,0,42,64
07/25/2023,HKS,MS,ASO,ES,Federal Contract Tower,0,2,9,0,11,0,8,17,9,34,0,10,26,9,45,2,18,20,65
07/26/2023,HKS,MS,ASO,ES,Federal Contract Tower,0,2,11,0,13,0,0,6,0,6,0,2,17,0,19,12,0,12,31
07/27/2023,HKS,MS,ASO,ES,Federal Contract Tower,0,1,19,1,21,0,3,15,1,19,0,4,34,2,40,30,6,36,76
07/28/2023,HKS,MS,ASO,ES,Federal Contract Tower,0,0,3,1,4,0,3,9,0,12,0,3,12,1,16,0,4,4,20
07/29/2023,HKS,MS,ASO,ES,Federal Contract Tower,0,0,6,0,6,0,2,5,0,7,0,2,11,0,13,8,0,8,21
07/30/2023,HKS,MS,ASO,ES,Federal Contract Tower,0,0,10,0,10,0,1,8,0,9,0,1,18,0,19,0,0,0,19
07/31/2023,HKS,MS,ASO,ES,Federal Contract Tower,0,0,14,0,14,0,4,15,3,22,0,4,29,3,36,28,8,36,72
08/01/2023,HKS,MS,ASO,ES,Federal Contract Tower,0,0,6,0,6,0,8,11,7,26,0,8,17,7,32,4,6,10,42
08/02/2023,HKS,MS,ASO,ES,Federal Contract Tower,0,0,10,0,10,0,6,11,4,21,0,6,21,4,31,12,0,12,43
08/03/2023,HKS,MS,ASO,ES,Federal Contract Tower,0,0,17,1,18,0,6,12,2,20,0,6,29,3,38,38,0,38,76
08/04/2023,HKS,MS,ASO,ES,Federal Contract Tower,0,0,10,1,11,0,7,15,4,26,0,7,25,5,37,2,0,2,39
08/05/2023,HKS,MS,ASO,ES,Federal Contract Tower,0,0,5,0,5,0,2,21,3,26,0,2,26,3,31,12,0,12,43
08/06/2023,HKS,MS,ASO,ES,Federal Contract Tower,0,0,7,0,7,0,3,7,3,13,0,3,14,3,20,16,0,16,36
08/07/2023,HKS,MS,ASO,ES,Federal Contract Tower,0,1,8,0,9,0,0,6,0,6,0,1,14,0,15,16,0,16,31
08/08/2023,HKS,MS,ASO,ES,Federal Contract Tower,0,0,10,1,11,0,2,11,5,18,0,2,21,6,29,16,18,34,63
08/09/2023,HKS,MS,ASO,ES,Federal Contract Tower,0,0,16,0,16,0,6,4,2,12,0,6,20,2,28,4,14,18,46
08/10/2023,HKS,MS,ASO,ES,Federal Contract Tower,0,2,15,0,17,0,4,8,6,18,0,6,23,6,35,26,12,38,73
08/11/2023,HKS,MS,ASO,ES,Federal Contract Tower,0,4,9,0,13,0,7,17,3,27,0,11,26,3,40,8,0,8,48
08/12/2023,HKS,MS,ASO,ES,Federal Contract Tower,0,0,13,0,13,0,8,12,0,20,0,8,25,0,33,36,0,36,69
08/13/2023,HKS,MS,ASO,ES,Federal Contract Tower,0,0,9,0,9,0,7,17,0,24,0,7,26,0,33,14,0,14,47
08/14/2023,HKS,MS,ASO,ES,Federal Contract Tower,0,0,11,0,11,0,2,13,3,18,0,2,24,3,29,30,6,36,65
08/15/2023,HKS,MS,ASO,ES,Federal Contract Tower,0,0,8,1,9,0,3,16,7,26,0,3,24,8,35,4,18,22,57
08/16/2023,HKS,MS,ASO,ES,Federal Contract Tower,0,0,12,0,12,0,8,21,8,37,0,8,33,8,49,32,0,32,81
08/17/2023,HKS,MS,ASO,ES,Federal Contract Tower,0,0,10,0,10,0,2,16,4,22,0,2,26,4,32,36,0,36,68
08/18/2023,HKS,MS,ASO,ES,Federal Contract Tower,0,0,13,0,13,0,0,25,15,40,0,0,38,15,53,40,36,76,129
08/19/2023,HKS,MS,ASO,ES,Federal Contract Tower,0,0,4,0,4,0,0,19,7,26,0,0,23,7,30,40,10,50,80
08/20/2023,HKS,MS,ASO,ES,Federal Contract Tower,0,0,8,0,8,0,1,18,0,19,0,1,26,0,27,32,0,32,59
08/21/2023,HKS,MS,ASO,ES,Federal Contract Tower,0,0,0,0,0,0,4,15,2,21,0,4,15,2,21,24,0,24,45
08/22/2023,HKS,MS,ASO,ES,Federal Contract Tower,0,0,7,0,7,0,4,8,3,15,0,4,15,3,22,0,6,6,28
08/23/2023,HKS,MS,ASO,ES,Federal Contract Tower,0,0,8,0,8,0,5,11,13,29,0,5,19,13,37,20,10,30,67
08/24/2023,HKS,MS,ASO,ES,Federal Contract Tower,0,0,4,1,5,0,2,3,5,10,0,2,7,6,15,0,28,28,43
08/25/2023,HKS,MS,ASO,ES,Federal Contract Tower,0,2,10,1,13,0,2,8,6,16,0,4,18,7,29,8,14,22,51
08/26/2023,HKS,MS,ASO,ES,Federal Contract Tower,0,1,12,4,17,0,5,15,0,20,0,6,27,4,37,26,0,26,63
08/27/2023,HKS,MS,ASO,ES,Federal Contract Tower,0,0,8,0,8,0,6,12,0,18,0,6,20,0,26,2,0,2,28
08/28/2023,HKS,MS,ASO,ES,Federal Contract Tower,0,2,5,0,7,0,7,10,2,19,0,9,15,2,26,2,6,8,34
08/29/2023,HKS,MS,ASO,ES,Federal Contract Tower,0,0,9,3,12,0,0,9,8,17,0,0,18,11,29,2,8,10,39
08/30/2023,HKS,MS,ASO,ES,Federal Contract Tower,0,0,11,2,13,0,6,12,0,18,0,6,23,2,31,14,0,14,45
08/31/2023,HKS,MS,ASO,ES,Federal Contract Tower,0,3,13,1,17,0,8,19,2,29,0,11,32,3,46,30,0,30,76
01/01/2020,HKS,MS,ASO,CE,Federal Contract Tower,0,0,6,0,6,0,4,29,0,33,0,4,35,0,39,96,0,96,135
01/02/2020,HKS,MS,ASO,CE,Federal Contract Tower,0,0,3,0,3,0,0,0,0,0,0,0,3,0,3,0,0,0,3
01/03/2020,HKS,MS,ASO,CE,Federal Contract Tower,0,4,5,0,9,0,0,0,0,0,0,4,5,0,9,0,0,0,9
01/04/2020,HKS,MS,ASO,CE,Federal Contract Tower,0,0,15,0,15,0,2,22,0,24,0,2,37,0,39,44,0,44,83
01/05/2020,HKS,MS,ASO,CE,Federal Contract Tower,0,0,7,0,7,0,0,15,0,15,0,0,22,0,22,90,0,90,112
01/06/2020,HKS,MS,ASO,CE,Federal Contract Tower,0,3,8,0,11,0,0,11,4,15,0,3,19,4,26,10,0,10,36
01/07/2020,HKS,MS,ASO,CE,Federal Contract Tower,0,5,9,2,16,0,4,8,13,25,0,9,17,15,41,10,40,50,91
01/08/2020,HKS,MS,ASO,CE,Federal Contract Tower,0,4,24,4,32,0,6,22,3,31,0,10,46,7,63,108,4,112,175
01/09/2020,HKS,MS,ASO,CE,Federal Contract Tower,0,8,22,3,33,0,10,9,1,20,0,18,31,4,53,22,6,28,81
01/10/2020,HKS,MS,ASO,CE,Federal Contract Tower,0,2,6,0,8,0,3,2,0,5,0,5,8,0,13,8,0,8,21
01/11/2020,HKS,MS,ASO,CE,Federal Contract Tower,0,0,4,0,4,0,4,1,6,11,0,4,5,6,15,0,52,52,67
01/12/2020,HKS,MS,ASO,CE,Federal Contract Tower,0,2,16,1,19,0,0,16,1,17,0,2,32,2,36,64,0,64,100
01/13/2020,HKS,MS,ASO,CE,Federal Contract Tower,0,2,14,0,16,0,0,0,0,0,0,2,14,0,16,0,0,0,16
01/14/2020,HKS,MS,ASO,CE,Federal Contract Tower,0,0,6,0,6,0,0,0,0,0,0,0,6,0,6,0,0,0,6
01/15/2020,HKS,MS,ASO,CE,Federal Contract Tower,0,4,15,0,19,0,6,10,0,16,0,10,25,0,35,34,0,34,69
01/16/2020,HKS,MS,ASO,CE,Federal Contract Tower,0,7,3,2,12,0,10,2,6,18,0,17,5,8,30,0,14,14,44
01/17/2020,HKS,MS,ASO,CE,Federal Contract Tower,0,5,12,1,18,0,2,16,7,25,0,7,28,8,43,12,6,18,61
01/18/2020,HKS,MS,ASO,CE,Federal Contract Tower,0,0,5,0,5,0,0,0,0,0,0,0,5,0,5,6,0,6,11
01/19/2020,HKS,MS,ASO,CE,Federal Contract Tower,0,4,4,0,8,0,2,8,0,10,0,6,12,0,18,2,0,2,20
01/20/2020,HKS,MS,ASO,CE,Federal Contract Tower,0,2,8,0,10,0,4,20,0,24,0,6,28,0,34,24,0,24,58
01/21/2020,HKS,MS,ASO,CE,Federal Contract Tower,0,4,18,6,28,0,2,15,15,32,0,6,33,21,60,28,50,78,138
01/22/2020,HKS,MS,ASO,CE,Federal Contract Tower,0,6,18,1,25,0,0,18,4,22,0,6,36,5,47,44,0,44,91
01/23/2020,HKS,MS,ASO,CE,Federal Contract Tower,0,3,18,0,21,0,0,0,6,6,0,3,18,6,27,2,36,38,65
01/24/2020,HKS,MS,ASO,CE,Federal Contract Tower,0,4,23,0,27,0,2,13,8,23,0,6,36,8,50,32,8,40,90
01/25/2020,HKS,MS,ASO,CE,Federal Contract Tower,0,0,14,0,14,0,1,22,0,23,0,1,36,0,37,50,0,50,87
01/26/2020,HKS,MS,ASO,CE,Federal Contract Tower,0,3,13,0,16,0,0,0,0,0,0,3,13,0,16,6,0,6,22
01/27/2020,HKS,MS,ASO,CE,Federal Contract Tower,0,2,12,1,15,0,2,5,5,12,0,4,17,6,27,14,16,30,57
01/28/2020,HKS,MS,ASO,CE,Federal Contract Tower,0,10,17,6,33,0,2,8,13,23,0,12,25,19,56,14,82,96,152
01/29/2020,HKS,MS,ASO,CE,Federal Contract Tower,0,6,11,0,17,0,0,1,2,3,0,6,12,2,20,8,0,8,28
01/30/2020,HKS,MS,ASO,CE,Federal Contract Tower,0,4,10,2,16,0,2,1,2,5,0,6,11,4,21,8,16,24,45
01/31/2020,HKS,MS,ASO,CE,Federal Contract Tower,0,6,15,0,21,0,0,0,3,3,0,6,15,3,24,6,4,10,34
02/01/2020,HKS,MS,ASO,ES,Federal Contract Tower,0,0,15,0,15,0,3,27,0,30,0,3,42,0,45,82,0,82,127
02/02/2020,HKS,MS,ASO,ES,Federal Contract Tower,0,0,6,0,6,0,5,29,0,34,0,5,35,0,40,26,0,26,66
02/03/2020,HKS,MS,ASO,ES,Federal Contract Tower,0,3,15,2,20,0,4,12,10,26,0,7,27,12,46,20,8,28,74
02/04/2020,HKS,MS,ASO,ES,Federal Contract Tower,0,3,11,1,15,0,6,4,11,21,0,9,15,12,36,6,60,66,102
02/05/2020,HKS,MS,ASO,ES,Federal Contract Tower,0,5,8,0,13,0,1,0,0,1,0,6,8,0,14,0,0,0,14
02/06/2020,HKS,MS,ASO,ES,Federal Contract Tower,0,3,16,2,21,0,0,0,0,0,0,3,16,2,21,12,0,12,33
02/07/2020,HKS,MS,ASO,ES,Federal Contract Tower,0,6,17,0,23,0,2,14,13,29,0,8,31,13,52,22,26,48,100
02/08/2020,HKS,MS,ASO,ES,Federal Contract Tower,0,0,11,0,11,0,6,15,4,25,0,6,26,4,36,12,0,12,48
02/09/2020,HKS,MS,ASO,ES,Federal Contract Tower,0,2,11,2,15,0,0,14,9,23,0,2,25,11,38,10,0,10,48
02/10/2020,HKS,MS,ASO,ES,Federal Contract Tower,0,3,3,0,6,0,0,0,0,0,0,3,3,0,6,0,0,0,6
02/11/2020,HKS,MS,ASO,ES,Federal Contract Tower,0,6,3,0,9,0,0,0,0,0,0,6,3,0,9,0,0,0,9
02/12/2020,HKS,MS,ASO,ES,Federal Contract Tower,0,4,4,0,8,0,0,0,1,1,0,4,4,1,9,0,16,16,25
02/13/2020,HKS,MS,ASO,ES,Federal Contract Tower,0,8,18,0,26,0,2,1,8,11,0,10,19,8,37,2,0,2,39
02/14/2020,HKS,MS,ASO,ES,Federal Contract Tower,0,8,13,0,21,0,5,25,2,32,0,13,38,2,53,36,26,62,115
02/15/2020,HKS,MS,ASO,ES,Federal Contract Tower,0,2,15,1,18,0,3,28,1,32,0,5,43,2,50,76,0,76,126
02/16/2020,HKS,MS,ASO,ES,Federal Contract Tower,0,4,15,0,19,0,0,8,0,8,0,4,23,0,27,10,0,10,37
02/17/2020,HKS,MS,ASO,ES,Federal Contract Tower,0,1,18,0,19,0,2,0,0,2,0,3,18,0,21,14,0,14,35
02/18/2020,HKS,MS,ASO,ES,Federal Contract Tower,0,5,12,0,17,0,0,0,0,0,0,5,12,0,17,4,0,4,21
02/19/2020,HKS,MS,ASO,ES,Federal Contract Tower,0,4,19,0,23,0,0,0,0,0,0,4,19,0,23,4,0,4,27
02/20/2020,HKS,MS,ASO,ES,Federal Contract Tower,0,4,8,1,13,0,0,0,0,0,0,4,8,1,13,0,0,0,13
02/21/2020,HKS,MS,ASO,ES,Federal Contract Tower,0,8,20,1,29,0,4,23,6,33,0,12,43,7,62,104,8,112,174
02/22/2020,HKS,MS,ASO,ES,Federal Contract Tower,0,0,21,0,21,0,10,19,0,29,0,10,40,0,50,42,0,42,92
02/23/2020,HKS,MS,ASO,ES,Federal Contract Tower,0,0,10,0,10,0,4,17,0,21,0,4,27,0,31,42,0,42,73
02/24/2020,HKS,MS,ASO,ES,Federal Contract Tower,0,4,8,0,12,0,0,3,0,3,0,4,11,0,15,0,0,0,15
02/25/2020,HKS,MS,ASO,ES,Federal Contract Tower,0,2,21,5,28,0,8,12,12,32,0,10,33,17,60,54,20,74,134
02/26/2020,HKS,MS,ASO,ES,Federal Contract Tower,0,4,9,0,13,0,2,3,0,5,0,6,12,0,18,16,0,16,34
02/27/2020,HKS,MS,ASO,ES,Federal Contract Tower,0,4,13,1,18,0,3,17,9,29,0,7,30,10,47,14,12,26,73
02/28/2020,HKS,MS,ASO,ES,Federal Contract Tower,0,2,17,0,19,0,6,15,5,26,0,8,32,5,45,16,2,18,63
02/29/2020,HKS,MS,ASO,ES,Federal Contract Tower,0,2,14,0,16,0,5,17,1,23,0,7,31,1,39,14,0,14,53
03/01/2020,HKS,MS,ASO,ES,Federal Contract Tower,0,2,16,0,18,0,12,9,0,21,0,14,25,0,39,0,0,0,39
03/02/2020,HKS,MS,ASO,ES,Federal Contract Tower,0,8,13,0,21,0,1,0,0,1,0,9,13,0,22,2,0,2,24
03/03/2020,HKS,MS,ASO,ES,Federal Contract Tower,0,4,11,4,19,0,2,4,0,6,0,6,15,4,25,12,16,28,53
03/04/2020,HKS,MS,ASO,ES,Federal Contract Tower,0,5,4,0,9,0,0,0,0,0,0,5,4,0,9,0,0,0,9
03/05/2020,HKS,MS,ASO,ES,Federal Contract Tower,0,5,15,4,24,0,0,11,8,19,0,5,26,12,43,16,6,22,65
03/06/2020,HKS,MS,ASO,ES,Federal Contract Tower,0,3,14,1,18,0,2,32,4,38,0,5,46,5,56,24,14,38,94
03/07/2020,HKS,MS,ASO,ES,Federal Contract Tower,0,0,8,0,8,0,4,21,0,25,0,4,29,0,33,32,0,32,65
03/08/2020,HKS,MS,ASO,ES,Federal Contract Tower,0,4,15,0,19,0,2,18,0,20,0,6,33,0,39,32,0,32,71
03/09/2020,HKS,MS,ASO,ES,Federal Contract Tower,0,6,14,0,20,0,2,1,2,5,0,8,15,2,25,6,8,14,39
03/10/2020,HKS,MS,ASO,ES,Federal Contract Tower,0,5,12,2,19,0,6,3,4,13,0,11,15,6,32,6,26,32,64
03/11/2020,HKS,MS,ASO,ES,Federal Contract Tower,0,6,17,0,23,0,0,7,0,7,0,6,24,0,30,10,0,10,40
03/12/2020,HKS,MS,ASO,ES,Federal Contract Tower,0,4,10,2,16,0,5,7,0,12,0,9,17,2,28,2,0,2,30
03/13/2020,HKS,MS,ASO,ES,Federal Contract Tower,0,4,19,1,24,0,4,7,6,17,0,8,26,7,41,26,0,26,67
03/14/2020,HKS,MS,ASO,ES,Federal Contract Tower,0,2,20,0,22,0,6,10,0,16,0,8,30,0,38,10,0,10,48
03/15/2020,HKS,MS,ASO,ES,Federal Contract Tower,0,3,9,1,13,0,0,17,0,17,0,3,26,1,30,24,0,24,54
03/16/2020,HKS,MS,ASO,ES,Federal Contract Tower,0,2,7,2,11,0,7,2,8,17,0,9,9,10,28,16,12,28,56
03/17/2020,HKS,MS,ASO,ES,Federal Contract Tower,0,3,11,0,14,0,0,11,8,19,0,3,22,8,33,32,32,64,97
03/18/2020,HKS,MS,ASO,ES,Federal Contract Tower,0,2,10,0,12,0,2,2,2,6,0,4,12,2,18,8,8,16,34
03/19/2020,HKS,MS,ASO,ES,Federal Contract Tower,0,2,5,5,12,0,5,7,3,15,0,7,12,8,27,10,20,30,57
03/20/2020,HKS,MS,ASO,ES,Federal Contract Tower,0,2,2,0,4,0,0,0,0,0,0,2,2,0,4,0,0,0,4
03/21/2020,HKS,MS,ASO,ES,Federal Contract Tower,0,1,12,0,13,0,2,1,0,3,0,3,13,0,16,10,0,10,26
03/22/2020,HKS,MS,ASO,ES,Federal Contract Tower,0,2,9,0,11,0,0,0,0,0,0,2,9,0,11,14,0,14,25
03/23/2020,HKS,MS,ASO,ES,Federal Contract Tower,0,3,9,0,12,0,3,4,0,7,0,6,13,0,19,14,0,14,33
03/24/2020,HKS,MS,ASO,ES,Federal Contract Tower,0,3,5,4,12,0,4,12,6,22,0,7,17,10,34,12,34,46,80
03/25/2020,HKS,MS,ASO,ES,Federal Contract Tower,0,2,20,1,23,0,6,6,1,13,0,8,26,2,36,12,2,14,50
03/26/2020,HKS,MS,ASO,ES,Federal Contract Tower,0,2,1,2,5,0,3,31,4,38,0,5,32,6,43,26,4,30,73
03/27/2020,HKS,MS,ASO,ES,Federal Contract Tower,0,4,4,1,9,0,4,11,6,21,0,8,15,7,30,22,12,34,64
03/28/2020,HKS,MS,ASO,ES,Federal Contract Tower,0,0,0,0,0,0,1,10,4,15,0,1,10,4,15,12,0,12,27
03/29/2020,HKS,MS,ASO,ES,Federal Contract Tower,0,0,4,0,4,0,13,19,0,32,0,13,23,0,36,40,0,40,76
03/30/2020,HKS,MS,ASO,ES,Federal Contract Tower,0,2,4,0,6,0,4,2,0,6,0,6,6,0,12,2,4,6,18
03/31/2020,HKS,MS,ASO,ES,Federal Contract Tower,0,2,7,4,13,0,4,0,7,11,0,6,7,11,24,4,28,32,56
04/01/2020,HKS,MS,ASO,ES,Federal Contract Tower,0,2,6,0,8,0,2,28,2,32,0,4,34,2,40,16,0,16,56
04/02/2020,HKS,MS,ASO,ES,Federal Contract Tower,0,2,6,0,8,0,2,8,0,10,0,4,14,0,18,2,0,2,20
04/03/2020,HKS,MS,ASO,ES,Federal Contract Tower,0,2,2,0,4,0,0,9,0,9,0,2,11,0,13,24,0,24,37
04/04/2020,HKS,MS,ASO,ES,Federal Contract Tower,0,0,2,0,2,0,2,5,0,7,0,2,7,0,9,4,0,4,13
04/05/2020,HKS,MS,ASO,ES,Federal Contract Tower,0,0,2,0,2,0,6,7,0,13,0,6,9,0,15,0,0,0,15
04/06/2020,HKS,MS,ASO,ES,Federal Contract Tower,0,1,0,0,1,0,2,18,2,22,0,3,18,2,23,20,0,20,43
04/07/2020,HKS,MS,ASO,ES,Federal Contract Tower,0,2,0,1,3,0,2,2,1,5,0,4,2,2,8,6,0,6,14
04/08/2020,HKS,MS,ASO,ES,Federal Contract Tower,0,4,14,0,18,0,8,10,0,18,0,12,24,0,36,34,0,34,70
04/09/2020,HKS,MS,ASO,ES,Federal Contract Tower,0,4,5,3,12,0,1,18,1,20,0,5,23,4,32,38,16,54,86
04/10/2020,HKS,MS,ASO,ES,Federal Contract Tower,0,4,9,0,13,0,3,11,0,14,0,7,20,0,27,12,0,12,39
04/11/2020,HKS,MS,ASO,ES,Federal Contract Tower,0,0,14,0,14,0,3,16,0,19,0,3,30,0,33,46,0,46,79
04/12/2020,HKS,MS,ASO,ES,Federal Contract Tower,0,0,0,0,0,0,0,0,0,0,0,0,0,0,0,0,0,0,0
04/13/2020,HKS,MS,ASO,ES,Federal Contract Tower,0,2,7,0,9,0,2,0,2,4,0,4,7,2,13,4,0,4,17
04/14/2020,HKS,MS,ASO,ES,Federal Contract Tower,0,2,7,0,9,0,6,9,9,24,0,8,16,9,33,24,12,36,69
04/15/2020,HKS,MS,ASO,ES,Federal Contract Tower,0,4,8,0,12,0,6,18,1,25,0,10,26,1,37,10,0,10,47
04/16/2020,HKS,MS,ASO,ES,Federal Contract Tower,0,4,17,0,21,0,7,24,3,34,0,11,41,3,55,42,6,48,103
04/17/2020,HKS,MS,ASO,ES,Federal Contract Tower,0,2,13,0,15,0,0,21,7,28,0,2,34,7,43,22,12,34,77
04/18/2020,HKS,MS,ASO,ES,Federal Contract Tower,0,1,10,0,11,0,0,15,0,15,0,1,25,0,26,8,0,8,34
04/19/2020,HKS,MS,ASO,ES,Federal Contract Tower,0,0,0,0,0,0,0,0,0,0,0,0,0,0,0,0,0,0,0
04/20/2020,HKS,MS,ASO,ES,Federal Contract Tower,0,2,4,0,6,0,0,8,0,8,0,2,12,0,14,10,0,10,24
04/21/2020,HKS,MS,ASO,ES,Federal Contract Tower,0,2,14,2,18,0,0,19,9,28,0,2,33,11,46,46,80,126,172
04/22/2020,HKS,MS,ASO,ES,Federal Contract Tower,0,2,4,0,6,0,0,4,2,6,0,2,8,2,12,18,10,28,40
04/23/2020,HKS,MS,ASO,ES,Federal Contract Tower,0,3,8,0,11,0,6,2,0,8,0,9,10,0,19,8,0,8,27
04/24/2020,HKS,MS,ASO,ES,Federal Contract Tower,0,2,12,0,14,0,0,7,6,13,0,2,19,6,27,16,6,22,49
04/25/2020,HKS,MS,ASO,ES,Federal Contract Tower,0,0,6,1,7,0,0,17,0,17,0,0,23,1,24,56,2,58,82
04/26/2020,HKS,MS,ASO,ES,Federal Contract Tower,0,0,10,0,10,0,6,31,0,37,0,6,41,0,47,86,0,86,133
04/27/2020,HKS,MS,ASO,ES,Federal Contract Tower,0,2,8,0,10,0,3,20,1,24,0,5,28,1,34,36,10,46,80
04/28/2020,HKS,MS,ASO,ES,Federal Contract Tower,0,1,11,1,13,0,0,12,7,19,0,1,23,8,32,30,68,98,130
04/29/2020,HKS,MS,ASO,ES,Federal Contract Tower,0,2,4,0,6,0,0,5,0,5,0,2,9,0,11,26,0,26,37
04/30/2020,HKS,MS,ASO,ES,Federal Contract Tower,0,2,8,2,12,0,3,14,7,24,0,5,22,9,36,18,20,38,74
05/01/2020,HKS,MS,ASO,ES,Federal Contract Tower,0,2,7,1,10,0,0,27,0,27,0,2,34,1,37,56,2,58,95
05/02/2020,HKS,MS,ASO,ES,Federal Contract Tower,0,3,5,0,8,0,5,24,0,29,0,8,29,0,37,86,0,86,123
05/03/2020,HKS,MS,ASO,ES,Federal Contract Tower,0,0,7,0,7,0,2,15,0,17,0,2,22,0,24,76,0,76,100
05/04/2020,HKS,MS,ASO,ES,Federal Contract Tower,0,1,7,0,8,0,7,7,0,14,0,8,14,0,22,4,0,4,26
05/05/2020,HKS,MS,ASO,ES,Federal Contract Tower,0,3,7,1,11,0,0,2,7,9,0,3,9,8,20,28,28,56,76
05/06/2020,HKS,MS,ASO,ES,Federal Contract Tower,0,4,8,0,12,0,2,8,5,15,0,6,16,5,27,2,2,4,31
05/07/2020,HKS,MS,ASO,ES,Federal Contract Tower,0,5,13,3,21,0,4,28,5,37,0,9,41,8,58,54,22,76,134
05/08/2020,HKS,MS,ASO,ES,Federal Contract Tower,0,4,4,0,8,0,0,0,0,0,0,4,4,0,8,0,0,0,8
05/09/2020,HKS,MS,ASO,ES,Federal Contract Tower,0,1,11,0,12,0,4,20,0,24,0,5,31,0,36,36,0,36,72
05/10/2020,HKS,MS,ASO,ES,Federal Contract Tower,0,0,7,0,7,0,5,24,0,29,0,5,31,0,36,72,0,72,108
05/11/2020,HKS,MS,ASO,ES,Federal Contract Tower,0,2,9,0,11,0,4,10,4,18,0,6,19,4,29,44,0,44,73
05/12/2020,HKS,MS,ASO,ES,Federal Contract Tower,0,2,5,0,7,0,2,21,14,37,0,4,26,14,44,26,22,48,92
05/13/2020,HKS,MS,ASO,ES,Federal Contract Tower,0,1,12,0,13,0,4,7,2,13,0,5,19,2,26,6,14,20,46
05/14/2020,HKS,MS,ASO,ES,Federal Contract Tower,0,2,7,0,9,0,1,1,4,6,0,3,8,4,15,0,6,6,21
05/15/2020,HKS,MS,ASO,ES,Federal Contract Tower,0,0,7,2,9,0,2,5,5,12,0,2,12,7,21,0,30,30,51
05/16/2020,HKS,MS,ASO,ES,Federal Contract Tower,0,2,8,0,10,0,6,10,0,16,0,8,18,0,26,32,0,32,58
05/17/2020,HKS,MS,ASO,ES,Federal Contract Tower,0,0,5,0,5,0,1,2,0,3,0,1,7,0,8,12,0,12,20
05/18/2020,HKS,MS,ASO,ES,Federal Contract Tower,0,1,6,0,7,0,8,7,0,15,0,9,13,0,22,24,0,24,46
05/19/2020,HKS,MS,ASO,ES,Federal Contract Tower,0,0,5,0,5,0,4,14,10,28,0,4,19,10,33,20,100,120,153
05/20/2020,HKS,MS,ASO,ES,Federal Contract Tower,0,0,9,0,9,0,11,22,5,38,0,11,31,5,47,40,8,48,95
05/21/2020,HKS,MS,ASO,ES,Federal Contract Tower,0,0,1,0,1,0,6,11,4,21,0,6,12,4,22,12,6,18,40
05/22/2020,HKS,MS,ASO,ES,Federal Contract Tower,0,1,13,0,14,0,3,4,2,9,0,4,17,2,23,10,0,10,33
05/23/2020,HKS,MS,ASO,ES,Federal Contract Tower,0,1,4,0,5,0,0,2,0,2,0,1,6,0,7,10,0,10,17
05/24/2020,HKS,MS,ASO,ES,Federal Contract Tower,0,0,4,0,4,0,3,8,0,11,0,3,12,0,15,48,0,48,63
05/25/2020,HKS,MS,ASO,ES,Federal Contract Tower,0,0,9,0,9,0,5,4,0,9,0,5,13,0,18,4,0,4,22
05/26/2020,HKS,MS,ASO,ES,Federal Contract Tower,0,0,5,0,5,0,2,3,17,22,0,2,8,17,27,2,74,76,103
05/27/2020,HKS,MS,ASO,ES,Federal Contract Tower,0,2,5,0,7,0,2,2,9,13,0,4,7,9,20,2,6,8,28
05/28/2020,HKS,MS,ASO,ES,Federal Contract Tower,0,4,11,3,18,0,10,14,6,30,0,14,25,9,48,14,0,14,62
05/29/2020,HKS,MS,ASO,ES,Federal Contract Tower,0,2,2,1,5,0,8,7,12,27,0,10,9,13,32,34,32,66,98
05/30/2020,HKS,MS,ASO,ES,Federal Contract Tower,0,0,7,0,7,0,4,24,0,28,0,4,31,0,35,20,0,20,55
05/31/2020,HKS,MS,ASO,ES,Federal Contract Tower,0,0,6,0,6,0,4,10,0,14,0,4,16,0,20,16,0,16,36
06/01/2020,HKS,MS,ASO,ES,Federal Contract Tower,0,0,11,0,11,0,4,16,0,20,0,4,27,0,31,42,0,42,73
06/02/2020,HKS,MS,ASO,ES,Federal Contract Tower,0,3,11,2,16,0,5,8,20,33,0,8,19,22,49,2,92,94,143
06/03/2020,HKS,MS,ASO,ES,Federal Contract Tower,0,0,3,0,3,0,5,1,1,7,0,5,4,1,10,0,0,0,10
06/04/2020,HKS,MS,ASO,ES,Federal Contract Tower,0,0,8,3,11,0,5,5,3,13,0,5,13,6,24,22,0,22,46
06/05/2020,HKS,MS,ASO,ES,Federal Contract Tower,0,2,3,2,7,0,4,13,7,24,0,6,16,9,31,16,0,16,47
06/06/2020,HKS,MS,ASO,ES,Federal Contract Tower,0,3,18,0,21,0,3,17,2,22,0,6,35,2,43,20,0,20,63
06/07/2020,HKS,MS,ASO,ES,Federal Contract Tower,0,0,7,2,9,0,2,4,0,6,0,2,11,2,15,0,0,0,15
06/08/2020,HKS,MS,ASO,ES,Federal Contract Tower,0,0,0,0,0,0,3,0,0,3,0,3,0,0,3,0,0,0,3
06/09/2020,HKS,MS,ASO,ES,Federal Contract Tower,0,0,6,4,10,0,4,1,18,23,0,4,7,22,33,0,20,20,53
06/10/2020,HKS,MS,ASO,ES,Federal Contract Tower,0,0,3,0,3,0,6,5,6,17,0,6,8,6,20,6,6,12,32
06/11/2020,HKS,MS,ASO,ES,Federal Contract Tower,0,0,8,0,8,0,6,12,11,29,0,6,20,11,37,4,0,4,41
06/12/2020,HKS,MS,ASO,ES,Federal Contract Tower,0,0,12,0,12,0,8,4,2,14,0,8,16,2,26,2,8,10,36
06/13/2020,HKS,MS,ASO,ES,Federal Contract Tower,0,2,7,0,9,0,6,21,0,27,0,8,28,0,36,16,0,16,52
06/14/2020,HKS,MS,ASO,ES,Federal Contract Tower,0,2,7,0,9,0,5,19,0,24,0,7,26,0,33,0,0,0,33
06/15/2020,HKS,MS,ASO,ES,Federal Contract Tower,0,1,5,0,6,0,2,9,0,11,0,3,14,0,17,6,0,6,23
06/16/2020,HKS,MS,ASO,ES,Federal Contract Tower,0,0,8,3,11,0,4,10,7,21,0,4,18,10,32,6,18,24,56
06/17/2020,HKS,MS,ASO,ES,Federal Contract Tower,0,2,9,0,11,0,1,9,7,17,0,3,18,7,28,16,0,16,44
06/18/2020,HKS,MS,ASO,ES,Federal Contract Tower,0,1,8,2,11,0,4,15,5,24,0,5,23,7,35,20,4,24,59
06/19/2020,HKS,MS,ASO,ES,Federal Contract Tower,0,0,5,0,5,0,2,13,6,21,0,2,18,6,26,6,4,10,36
06/20/2020,HKS,MS,ASO,ES,Federal Contract Tower,0,1,6,0,7,0,9,20,0,29,0,10,26,0,36,26,0,26,62
06/21/2020,HKS,MS,ASO,ES,Federal Contract Tower,0,0,4,0,4,0,7,12,0,19,0,7,16,0,23,20,0,20,43
06/22/2020,HKS,MS,ASO,ES,Federal Contract Tower,0,0,7,0,7,0,0,2,0,2,0,0,9,0,9,4,26,30,39
06/23/2020,HKS,MS,ASO,ES,Federal Contract Tower,0,2,4,3,9,0,3,6,17,26,0,5,10,20,35,4,62,66,101
06/24/2020,HKS,MS,ASO,ES,Federal Contract Tower,0,2,6,0,8,0,2,1,2,5,0,4,7,2,13,4,0,4,17
06/25/2020,HKS,MS,ASO,ES,Federal Contract Tower,0,2,6,1,9,0,3,7,2,12,0,5,13,3,21,0,12,12,33
06/26/2020,HKS,MS,ASO,ES,Federal Contract Tower,0,2,8,0,10,0,6,9,2,17,0,8,17,2,27,20,52,72,99
06/27/2020,HKS,MS,ASO,ES,Federal Contract Tower,0,0,9,0,9,0,6,12,0,18,0,6,21,0,27,16,0,16,43
06/28/2020,HKS,MS,ASO,ES,Federal Contract Tower,0,2,12,0,14,0,3,15,0,18,0,5,27,0,32,52,0,52,84
06/29/2020,HKS,MS,ASO,ES,Federal Contract Tower,0,2,13,0,15,0,10,8,0,18,0,12,21,0,33,4,0,4,37
06/30/2020,HKS,MS,ASO,ES,Federal Contract Tower,0,0,5,3,8,0,5,18,19,42,0,5,23,22,50,48,32,80,130
07/01/2020,HKS,MS,ASO,ES,Federal Contract Tower,0,0,11,0,11,0,10,8,0,18,0,10,19,0,29,2,0,2,31
07/02/2020,HKS,MS,ASO,ES,Federal Contract Tower,0,1,8,0,9,0,6,3,0,9,0,7,11,0,18,0,0,0,18
07/03/2020,HKS,MS,ASO,ES,Federal Contract Tower,0,1,4,0,5,0,2,5,0,7,0,3,9,0,12,28,0,28,40
07/04/2020,HKS,MS,ASO,ES,Federal Contract Tower,0,0,5,0,5,0,2,5,0,7,0,2,10,0,12,22,0,22,34
07/06/2020,HKS,MS,ASO,ES,Federal Contract Tower,0,5,7,0,12,0,5,4,6,15,0,10,11,6,27,2,24,26,53
07/07/2020,HKS,MS,ASO,ES,Federal Contract Tower,0,0,6,2,8,0,6,4,0,10,0,6,10,2,18,4,0,4,22
07/08/2020,HKS,MS,ASO,ES,Federal Contract Tower,0,4,3,0,7,0,1,2,0,3,0,5,5,0,10,0,0,0,10
07/09/2020,HKS,MS,ASO,ES,Federal Contract Tower,0,2,5,1,8,0,5,4,6,15,0,7,9,7,23,18,30,48,71
07/10/2020,HKS,MS,ASO,ES,Federal Contract Tower,0,0,12,0,12,0,4,11,1,16,0,4,23,1,28,4,0,4,32
07/11/2020,HKS,MS,ASO,ES,Federal Contract Tower,0,1,6,0,7,0,4,18,2,24,0,5,24,2,31,24,0,24,55
07/12/2020,HKS,MS,ASO,ES,Federal Contract Tower,0,0,3,0,3,0,8,4,0,12,0,8,7,0,15,0,0,0,15
07/13/2020,HKS,MS,ASO,ES,Federal Contract Tower,0,0,9,0,9,0,4,10,0,14,0,4,19,0,23,36,0,36,59
07/14/2020,HKS,MS,ASO,ES,Federal Contract Tower,0,0,9,2,11,0,6,15,25,46,0,6,24,27,57,18,36,54,111
07/15/2020,HKS,MS,ASO,ES,Federal Contract Tower,0,2,10,0,12,0,0,11,3,14,0,2,21,3,26,10,4,14,40
07/16/2020,HKS,MS,ASO,ES,Federal Contract Tower,0,2,9,0,11,0,6,13,12,31,0,8,22,12,42,52,18,70,112
07/17/2020,HKS,MS,ASO,ES,Federal Contract Tower,0,1,7,2,10,0,6,9,9,24,0,7,16,11,34,0,30,30,64
07/18/2020,HKS,MS,ASO,ES,Federal Contract Tower,0,0,8,0,8,0,6,30,0,36,0,6,38,0,44,28,0,28,72
07/19/2020,HKS,MS,ASO,ES,Federal Contract Tower,0,0,8,0,8,0,4,14,0,18,0,4,22,0,26,20,0,20,46
07/20/2020,HKS,MS,ASO,ES,Federal Contract Tower,0,0,1,0,1,0,8,6,2,16,0,8,7,2,17,12,0,12,29
07/21/2020,HKS,MS,ASO,ES,Federal Contract Tower,0,3,2,1,6,0,10,5,9,24,0,13,7,10,30,2,12,14,44
07/22/2020,HKS,MS,ASO,ES,Federal Contract Tower,0,3,8,0,11,0,7,12,2,21,0,10,20,2,32,32,0,32,64
07/23/2020,HKS,MS,ASO,ES,Federal Contract Tower,0,1,4,1,6,0,6,10,7,23,0,7,14,8,29,36,0,36,65
07/24/2020,HKS,MS,ASO,ES,Federal Contract Tower,0,1,2,0,3,0,5,3,0,8,0,6,5,0,11,6,0,6,17
07/25/2020,HKS,MS,ASO,ES,Federal Contract Tower,0,1,9,0,10,0,3,4,0,7,0,4,13,0,17,10,0,10,27
07/26/2020,HKS,MS,ASO,ES,Federal Contract Tower,0,3,3,0,6,0,5,12,2,19,0,8,15,2,25,16,0,16,41
07/27/2020,HKS,MS,ASO,ES,Federal Contract Tower,0,5,3,0,8,0,3,1,0,4,0,8,4,0,12,28,0,28,40
07/28/2020,HKS,MS,ASO,ES,Federal Contract Tower,0,0,2,0,2,0,2,3,4,9,0,2,5,4,11,0,2,2,13
07/29/2020,HKS,MS,ASO,ES,Federal Contract Tower,0,1,5,0,6,0,3,4,1,8,0,4,9,1,14,2,0,2,16
07/30/2020,HKS,MS,ASO,ES,Federal Contract Tower,0,0,4,0,4,0,3,16,2,21,0,3,20,2,25,8,0,8,33
07/31/2020,HKS,MS,ASO,ES,Federal Contract Tower,0,0,9,0,9,0,6,11,2,19,0,6,20,2,28,22,0,22,50
08/01/2020,HKS,MS,ASO,ES,Federal Contract Tower,0,0,5,0,5,0,4,6,0,10,0,4,11,0,15,20,0,20,35
08/02/2020,HKS,MS,ASO,ES,Federal Contract Tower,0,2,6,0,8,0,2,29,0,31,0,4,35,0,39,108,0,108,147
08/03/2020,HKS,MS,ASO,ES,Federal Contract Tower,0,0,8,1,9,0,0,3,3,6,0,0,11,4,15,26,0,26,41
08/04/2020,HKS,MS,ASO,ES,Federal Contract Tower,0,2,9,0,11,0,1,5,13,19,0,3,14,13,30,18,18,36,66
08/05/2020,HKS,MS,ASO,ES,Federal Contract Tower,0,2,2,0,4,0,2,16,2,20,0,4,18,2,24,56,0,56,80
08/06/2020,HKS,MS,ASO,ES,Federal Contract Tower,0,2,10,0,12,0,4,17,2,23,0,6,27,2,35,32,24,56,91
08/07/2020,HKS,MS,ASO,ES,Federal Contract Tower,0,3,1,0,4,0,6,14,2,22,0,9,15,2,26,26,12,38,64
08/08/2020,HKS,MS,ASO,ES,Federal Contract Tower,0,0,16,0,16,0,10,15,4,29,0,10,31,4,45,46,0,46,91
08/09/2020,HKS,MS,ASO,ES,Federal Contract Tower,0,0,10,0,10,0,2,19,0,21,0,2,29,0,31,40,0,40,71
08/10/2020,HKS,MS,ASO,ES,Federal Contract Tower,0,5,7,0,12,0,5,8,0,13,0,10,15,0,25,12,0,12,37
08/11/2020,HKS,MS,ASO,ES,Federal Contract Tower,0,6,7,0,13,0,8,6,5,19,0,14,13,5,32,12,20,32,64
08/12/2020,HKS,MS,ASO,ES,Federal Contract Tower,0,2,5,0,7,0,3,9,0,12,0,5,14,0,19,6,0,6,25
08/13/2020,HKS,MS,ASO,ES,Federal Contract Tower,0,2,3,0,5,0,1,12,3,16,0,3,15,3,21,6,28,34,55
08/14/2020,HKS,MS,ASO,ES,Federal Contract Tower,0,4,10,0,14,0,1,3,1,5,0,5,13,1,19,2,18,20,39
08/17/2020,HKS,MS,ASO,ES,Federal Contract Tower,0,1,8,0,9,0,6,17,2,25,0,7,25,2,34,72,0,72,106
08/18/2020,HKS,MS,ASO,ES,Federal Contract Tower,0,2,11,0,13,0,6,14,10,30,0,8,25,10,43,26,8,34,77
08/19/2020,HKS,MS,ASO,ES,Federal Contract Tower,0,1,10,0,11,0,5,13,5,23,0,6,23,5,34,26,8,34,68
08/20/2020,HKS,MS,ASO,ES,Federal Contract Tower,0,1,10,0,11,0,1,4,6,11,0,2,14,6,22,28,22,50,72
08/21/2020,HKS,MS,ASO,ES,Federal Contract Tower,0,1,8,0,9,0,0,0,0,0,0,1,8,0,9,0,0,0,9
08/22/2020,HKS,MS,ASO,ES,Federal Contract Tower,0,2,13,0,15,0,7,17,2,26,0,9,30,2,41,68,0,68,109
08/23/2020,HKS,MS,ASO,ES,Federal Contract Tower,0,1,9,0,10,0,9,12,2,23,0,10,21,2,33,50,0,50,83
08/24/2020,HKS,MS,ASO,ES,Federal Contract Tower,0,0,4,0,4,0,9,8,18,35,0,9,12,18,39,26,0,26,65
08/25/2020,HKS,MS,ASO,ES,Federal Contract Tower,0,6,0,0,6,0,5,2,0,7,0,11,2,0,13,6,12,18,31
08/26/2020,HKS,MS,ASO,ES,Federal Contract Tower,0,0,2,1,3,0,4,3,13,20,0,4,5,14,23,0,22,22,45
08/28/2020,HKS,MS,ASO,ES,Federal Contract Tower,0,3,4,2,9,0,5,0,3,8,0,8,4,5,17,2,16,18,35
08/29/2020,HKS,MS,ASO,ES,Federal Contract Tower,0,2,9,0,11,0,5,6,0,11,0,7,15,0,22,10,0,10,32
08/30/2020,HKS,MS,ASO,ES,Federal Contract Tower,0,1,8,0,9,0,1,1,0,2,0,2,9,0,11,8,0,8,19
08/31/2020,HKS,MS,ASO,ES,Federal Contract Tower,0,3,4,0,7,0,4,7,6,17,0,7,11,6,24,4,10,14,38
09/01/2020,HKS,MS,ASO,ES,Federal Contract Tower,0,3,2,6,11,0,3,15,5,23,0,6,17,11,34,46,18,64,98
09/02/2020,HKS,MS,ASO,ES,Federal Contract Tower,0,3,5,0,8,0,10,15,4,29,0,13,20,4,37,26,0,26,63
09/03/2020,HKS,MS,ASO,ES,Federal Contract Tower,0,0,6,0,6,0,5,18,2,25,0,5,24,2,31,38,8,46,77
09/04/2020,HKS,MS,ASO,ES,Federal Contract Tower,0,3,6,0,9,0,2,14,0,16,0,5,20,0,25,36,0,36,61
09/05/2020,HKS,MS,ASO,ES,Federal Contract Tower,0,0,3,0,3,0,0,14,0,14,0,0,17,0,17,22,0,22,39
09/06/2020,HKS,MS,ASO,ES,Federal Contract Tower,0,0,4,0,4,0,5,13,0,18,0,5,17,0,22,8,0,8,30
09/07/2020,HKS,MS,ASO,ES,Federal Contract Tower,0,0,8,0,8,0,4,12,0,16,0,4,20,0,24,20,0,20,44
09/08/2020,HKS,MS,ASO,ES,Federal Contract Tower,0,2,12,0,14,0,4,14,2,20,0,6,26,2,34,24,4,28,62
09/09/2020,HKS,MS,ASO,ES,Federal Contract Tower,0,1,7,0,8,0,3,12,7,22,0,4,19,7,30,26,4,30,60
09/10/2020,HKS,MS,ASO,ES,Federal Contract Tower,0,2,8,0,10,0,6,13,0,19,0,8,21,0,29,20,0,20,49
09/11/2020,HKS,MS,ASO,ES,Federal Contract Tower,0,3,3,0,6,0,0,12,6,18,0,3,15,6,24,10,0,10,34
09/12/2020,HKS,MS,ASO,ES,Federal Contract Tower,0,1,1,0,2,0,3,16,3,22,0,4,17,3,24,26,0,26,50
09/13/2020,HKS,MS,ASO,ES,Federal Contract Tower,0,3,7,0,10,0,3,8,0,11,0,6,15,0,21,14,0,14,35
09/14/2020,HKS,MS,ASO,ES,Federal Contract Tower,0,2,4,0,6,0,0,10,9,19,0,2,14,9,25,2,0,2,27
09/15/2020,HKS,MS,ASO,ES,Federal Contract Tower,0,2,1,0,3,0,1,2,4,7,0,3,3,4,10,0,16,16,26
09/16/2020,HKS,MS,ASO,ES,Federal Contract Tower,0,0,5,2,7,0,4,3,3,10,0,4,8,5,17,12,6,18,35
09/17/2020,HKS,MS,ASO,ES,Federal Contract Tower,0,1,6,1,8,0,9,3,10,22,0,10,9,11,30,4,12,16,46
09/18/2020,HKS,MS,ASO,ES,Federal Contract Tower,0,0,11,0,11,0,3,11,0,14,0,3,22,0,25,42,0,42,67
09/19/2020,HKS,MS,ASO,ES,Federal Contract Tower,0,2,6,0,8,0,8,7,0,15,0,10,13,0,23,8,0,8,31
09/20/2020,HKS,MS,ASO,ES,Federal Contract Tower,0,0,5,0,5,0,4,16,0,20,0,4,21,0,25,30,0,30,55
09/21/2020,HKS,MS,ASO,ES,Federal Contract Tower,0,3,5,0,8,0,3,2,2,7,0,6,7,2,15,2,4,6,21
09/22/2020,HKS,MS,ASO,ES,Federal Contract Tower,0,5,1,2,8,0,6,5,7,18,0,11,6,9,26,62,36,98,124
09/24/2020,HKS,MS,ASO,ES,Federal Contract Tower,0,0,2,0,2,0,0,0,0,0,0,0,2,0,2,0,0,0,2
09/25/2020,HKS,MS,ASO,ES,Federal Contract Tower,0,1,6,1,8,0,7,1,5,13,0,8,7,6,21,40,0,40,61
09/26/2020,HKS,MS,ASO,ES,Federal Contract Tower,0,1,6,0,7,0,3,8,0,11,0,4,14,0,18,28,0,28,46
09/27/2020,HKS,MS,ASO,ES,Federal Contract Tower,0,1,0,0,1,0,8,7,0,15,0,9,7,0,16,4,0,4,20
09/28/2020,HKS,MS,ASO,ES,Federal Contract Tower,0,6,3,0,9,0,2,1,0,3,0,8,4,0,12,0,0,0,12
09/29/2020,HKS,MS,ASO,ES,Federal Contract Tower,0,2,7,0,9,0,4,19,2,25,0,6,26,2,34,60,0,60,94
09/30/2020,HKS,MS,ASO,ES,Federal Contract Tower,0,1,9,0,10,0,3,16,0,19,0,4,25,0,29,24,0,24,53
10/01/2020,HKS,MS,ASO,ES,Federal Contract Tower,0,4,4,0,8,0,7,10,4,21,0,11,14,4,29,10,0,10,39
10/02/2020,HKS,MS,ASO,ES,Federal Contract Tower,0,2,10,0,12,0,3,9,0,12,0,5,19,0,24,28,0,28,52
10/03/2020,HKS,MS,ASO,ES,Federal Contract Tower,0,0,1,0,1,0,5,18,0,23,0,5,19,0,24,28,0,28,52
10/04/2020,HKS,MS,ASO,ES,Federal Contract Tower,0,2,6,0,8,0,3,30,0,33,0,5,36,0,41,18,0,18,59
10/05/2020,HKS,MS,ASO,ES,Federal Contract Tower,0,1,6,0,7,0,7,18,0,25,0,8,24,0,32,6,0,6,38
10/06/2020,HKS,MS,ASO,ES,Federal Contract Tower,0,1,8,0,9,0,6,13,10,29,0,7,21,10,38,26,36,62,100
10/07/2020,HKS,MS,ASO,ES,Federal Contract Tower,0,3,6,2,11,0,8,18,4,30,0,11,24,6,41,14,8,22,63
10/08/2020,HKS,MS,ASO,ES,Federal Contract Tower,0,1,7,6,14,0,3,11,7,21,0,4,18,13,35,14,20,34,69
10/09/2020,HKS,MS,ASO,ES,Federal Contract Tower,0,2,4,0,6,0,2,0,0,2,0,4,4,0,8,2,0,2,10
10/11/2020,HKS,MS,ASO,ES,Federal Contract Tower,0,2,7,0,9,0,3,1,0,4,0,5,8,0,13,4,0,4,17
10/12/2020,HKS,MS,ASO,ES,Federal Contract Tower,0,2,4,0,6,0,6,12,0,18,0,8,16,0,24,14,0,14,38
10/13/2020,HKS,MS,ASO,ES,Federal Contract Tower,0,1,7,0,8,0,4,32,17,53,0,5,39,17,61,58,12,70,131
10/14/2020,HKS,MS,ASO,ES,Federal Contract Tower,0,0,4,2,6,0,7,16,3,26,0,7,20,5,32,38,0,38,70
10/15/2020,HKS,MS,ASO,ES,Federal Contract Tower,0,4,9,2,15,0,7,4,10,21,0,11,13,12,36,28,32,60,96
10/16/2020,HKS,MS,ASO,ES,Federal Contract Tower,0,2,13,1,16,0,6,9,6,21,0,8,22,7,37,12,44,56,93
10/17/2020,HKS,MS,ASO,ES,Federal Contract Tower,0,1,10,0,11,0,4,21,8,33,0,5,31,8,44,44,0,44,88
10/18/2020,HKS,MS,ASO,ES,Federal Contract Tower,0,0,8,0,8,0,1,22,22,45,0,1,30,22,53,24,26,50,103
10/19/2020,HKS,MS,ASO,ES,Federal Contract Tower,0,0,0,0,0,0,9,10,0,19,0,9,10,0,19,0,0,0,19
10/20/2020,HKS,MS,ASO,ES,Federal Contract Tower,0,0,0,0,0,0,7,2,6,15,0,7,2,6,15,0,0,0,15
10/21/2020,HKS,MS,ASO,ES,Federal Contract Tower,0,0,1,0,1,0,8,0,5,13,0,8,1,5,14,2,0,2,16
10/22/2020,HKS,MS,ASO,ES,Federal Contract Tower,0,0,0,1,1,0,9,0,11,20,0,9,0,12,21,0,0,0,21
10/23/2020,HKS,MS,ASO,ES,Federal Contract Tower,0,1,0,0,1,0,6,0,4,10,0,7,0,4,11,0,0,0,11
10/25/2020,HKS,MS,ASO,ES,Federal Contract Tower,0,0,0,0,0,0,4,0,0,4,0,4,0,0,4,0,0,0,4
10/26/2020,HKS,MS,ASO,ES,Federal Contract Tower,0,0,0,0,0,0,7,0,1,8,0,7,0,1,8,0,0,0,8
10/27/2020,HKS,MS,ASO,ES,Federal Contract Tower,0,0,2,3,5,0,7,0,21,28,0,7,2,24,33,0,26,26,59
10/28/2020,HKS,MS,ASO,ES,Federal Contract Tower,0,2,2,0,4,0,0,3,0,3,0,2,5,0,7,0,0,0,7
10/29/2020,HKS,MS,ASO,ES,Federal Contract Tower,0,0,0,0,0,0,2,11,9,22,0,2,11,9,22,6,52,58,80
10/30/2020,HKS,MS,ASO,ES,Federal Contract Tower,0,1,7,0,8,0,1,12,7,20,0,2,19,7,28,32,12,44,72
10/31/2020,HKS,MS,ASO,ES,Federal Contract Tower,0,2,1,0,3,0,5,23,2,30,0,7,24,2,33,32,0,32,65
11/01/2020,HKS,MS,ASO,ES,Federal Contract Tower,0,0,7,0,7,0,2,14,0,16,0,2,21,0,23,20,0,20,43
11/02/2020,HKS,MS,ASO,ES,Federal Contract Tower,0,0,6,0,6,0,0,16,0,16,0,0,22,0,22,12,0,12,34
11/03/2020,HKS,MS,ASO,ES,Federal Contract Tower,0,4,6,3,13,0,2,16,24,42,0,6,22,27,55,50,10,60,115
11/04/2020,HKS,MS,ASO,ES,Federal Contract Tower,0,0,7,1,8,0,4,8,1,13,0,4,15,2,21,20,0,20,41
11/05/2020,HKS,MS,ASO,ES,Federal Contract Tower,0,3,4,2,9,0,4,7,7,18,0,7,11,9,27,24,0,24,51
11/06/2020,HKS,MS,ASO,ES,Federal Contract Tower,0,3,6,2,11,0,4,12,4,20,0,7,18,6,31,32,0,32,63
11/07/2020,HKS,MS,ASO,ES,Federal Contract Tower,0,1,2,0,3,0,2,14,2,18,0,3,16,2,21,66,0,66,87
11/08/2020,HKS,MS,ASO,ES,Federal Contract Tower,0,4,7,0,11,0,3,7,4,14,0,7,14,4,25,10,0,10,35
11/09/2020,HKS,MS,ASO,ES,Federal Contract Tower,0,2,6,2,10,0,0,2,0,2,0,2,8,2,12,24,0,24,36
11/10/2020,HKS,MS,ASO,ES,Federal Contract Tower,0,3,9,0,12,0,3,4,1,8,0,6,13,1,20,48,0,48,68
11/11/2020,HKS,MS,ASO,ES,Federal Contract Tower,0,0,8,0,8,0,0,11,0,11,0,0,19,0,19,44,0,44,63
11/12/2020,HKS,MS,ASO,ES,Federal Contract Tower,0,2,9,1,12,0,0,20,15,35,0,2,29,16,47,34,68,102,149
11/13/2020,HKS,MS,ASO,ES,Federal Contract Tower,0,2,6,0,8,0,2,18,21,41,0,4,24,21,49,12,14,26,75
11/14/2020,HKS,MS,ASO,ES,Federal Contract Tower,0,1,4,4,9,0,1,13,11,25,0,2,17,15,34,10,16,26,60
11/15/2020,HKS,MS,ASO,ES,Federal Contract Tower,0,2,4,0,6,0,2,3,2,7,0,4,7,2,13,0,4,4,17
11/16/2020,HKS,MS,ASO,ES,Federal Contract Tower,0,0,11,1,12,0,3,11,0,14,0,3,22,1,26,22,0,22,48
11/17/2020,HKS,MS,ASO,ES,Federal Contract Tower,0,1,8,3,12,0,10,12,16,38,0,11,20,19,50,26,20,46,96
11/18/2020,HKS,MS,ASO,ES,Federal Contract Tower,0,4,8,5,17,0,6,8,10,24,0,10,16,15,41,46,20,66,107
11/19/2020,HKS,MS,ASO,ES,Federal Contract Tower,0,1,12,2,15,0,4,13,9,26,0,5,25,11,41,70,92,162,203
11/20/2020,HKS,MS,ASO,ES,Federal Contract Tower,0,0,9,0,9,0,2,13,1,16,0,2,22,1,25,16,0,16,41
11/21/2020,HKS,MS,ASO,ES,Federal Contract Tower,0,1,9,0,10,0,4,40,0,44,0,5,49,0,54,72,0,72,126
11/22/2020,HKS,MS,ASO,ES,Federal Contract Tower,0,3,9,0,12,0,5,17,0,22,0,8,26,0,34,14,0,14,48
11/23/2020,HKS,MS,ASO,ES,Federal Contract Tower,0,4,3,0,7,0,3,6,3,12,0,7,9,3,19,4,0,4,23
11/24/2020,HKS,MS,ASO,ES,Federal Contract Tower,0,3,6,0,9,0,9,8,0,17,0,12,14,0,26,2,0,2,28
11/25/2020,HKS,MS,ASO,ES,Federal Contract Tower,0,1,2,0,3,0,3,6,0,9,0,4,8,0,12,0,0,0,12
11/26/2020,HKS,MS,ASO,ES,Federal Contract Tower,0,0,3,0,3,0,2,6,0,8,0,2,9,0,11,0,0,0,11
11/27/2020,HKS,MS,ASO,ES,Federal Contract Tower,0,1,1,0,2,0,0,0,0,0,0,1,1,0,2,0,0,0,2
11/28/2020,HKS,MS,ASO,ES,Federal Contract Tower,0,1,6,0,7,0,0,2,0,2,0,1,8,0,9,32,0,32,41
11/29/2020,HKS,MS,ASO,ES,Federal Contract Tower,0,0,1,0,1,0,0,0,0,0,0,0,1,0,1,0,0,0,1
11/30/2020,HKS,MS,ASO,ES,Federal Contract Tower,0,1,8,0,9,0,6,6,0,12,0,7,14,0,21,0,0,0,21
12/01/2020,HKS,MS,ASO,ES,Federal Contract Tower,0,3,9,3,15,0,16,4,16,36,0,19,13,19,51,0,12,12,63
12/02/2020,HKS,MS,ASO,ES,Federal Contract Tower,0,3,2,2,7,0,6,11,2,19,0,9,13,4,26,30,28,58,84
12/03/2020,HKS,MS,ASO,ES,Federal Contract Tower,0,1,4,2,7,0,0,0,1,1,0,1,4,3,8,2,20,22,30
12/04/2020,HKS,MS,ASO,ES,Federal Contract Tower,0,0,12,0,12,0,1,13,4,18,0,1,25,4,30,38,10,48,78
12/05/2020,HKS,MS,ASO,ES,Federal Contract Tower,0,0,6,0,6,0,0,15,19,34,0,0,21,19,40,24,10,34,74
12/06/2020,HKS,MS,ASO,ES,Federal Contract Tower,0,1,2,0,3,0,2,2,0,4,0,3,4,0,7,34,0,34,41
12/07/2020,HKS,MS,ASO,ES,Federal Contract Tower,0,0,8,3,11,0,1,4,10,15,0,1,12,13,26,12,2,14,40
12/08/2020,HKS,MS,ASO,ES,Federal Contract Tower,0,1,6,1,8,0,3,22,2,27,0,4,28,3,35,44,40,84,119
12/09/2020,HKS,MS,ASO,ES,Federal Contract Tower,0,4,8,0,12,0,3,11,2,16,0,7,19,2,28,42,6,48,76
12/10/2020,HKS,MS,ASO,ES,Federal Contract Tower,0,2,10,2,14,0,4,15,5,24,0,6,25,7,38,46,46,92,130
12/11/2020,HKS,MS,ASO,ES,Federal Contract Tower,0,3,5,0,8,0,7,10,8,25,0,10,15,8,33,46,20,66,99
12/12/2020,HKS,MS,ASO,ES,Federal Contract Tower,0,1,6,0,7,0,2,3,0,5,0,3,9,0,12,2,0,2,14
12/13/2020,HKS,MS,ASO,ES,Federal Contract Tower,0,0,3,0,3,0,0,4,0,4,0,0,7,0,7,14,0,14,21
12/14/2020,HKS,MS,ASO,ES,Federal Contract Tower,0,1,5,2,8,0,5,2,1,8,0,6,7,3,16,16,0,16,32
12/15/2020,HKS,MS,ASO,ES,Federal Contract Tower,0,0,7,1,8,0,2,5,1,8,0,2,12,2,16,34,0,34,50
12/16/2020,HKS,MS,ASO,ES,Federal Contract Tower,0,1,5,0,6,0,5,1,0,6,0,6,6,0,12,2,0,2,14
12/17/2020,HKS,MS,ASO,ES,Federal Contract Tower,0,2,7,0,9,0,6,30,0,36,0,8,37,0,45,52,4,56,101
12/18/2020,HKS,MS,ASO,ES,Federal Contract Tower,0,0,6,0,6,0,7,17,0,24,0,7,23,0,30,22,0,22,52
12/19/2020,HKS,MS,ASO,ES,Federal Contract Tower,0,2,4,0,6,0,10,9,0,19,0,12,13,0,25,36,0,36,61
12/20/2020,HKS,MS,ASO,ES,Federal Contract Tower,0,1,10,0,11,0,1,0,0,1,0,2,10,0,12,14,0,14,26
12/21/2020,HKS,MS,ASO,ES,Federal Contract Tower,0,2,10,0,12,0,6,17,0,23,0,8,27,0,35,48,0,48,83
12/22/2020,HKS,MS,ASO,ES,Federal Contract Tower,0,2,21,0,23,0,5,13,0,18,0,7,34,0,41,52,0,52,93
12/23/2020,HKS,MS,ASO,ES,Federal Contract Tower,0,0,12,0,12,0,1,3,0,4,0,1,15,0,16,0,0,0,16
12/24/2020,HKS,MS,ASO,ES,Federal Contract Tower,0,2,2,0,4,0,3,1,0,4,0,5,3,0,8,0,0,0,8
12/25/2020,HKS,MS,ASO,ES,Federal Contract Tower,0,1,2,0,3,0,1,2,0,3,0,2,4,0,6,0,0,0,6
12/26/2020,HKS,MS,ASO,ES,Federal Contract Tower,0,0,4,0,4,0,4,27,0,31,0,4,31,0,35,46,0,46,81
12/27/2020,HKS,MS,ASO,ES,Federal Contract Tower,0,3,4,0,7,0,0,12,0,12,0,3,16,0,19,34,0,34,53
12/28/2020,HKS,MS,ASO,ES,Federal Contract Tower,0,3,11,0,14,0,1,7,0,8,0,4,18,0,22,12,0,12,34
12/29/2020,HKS,MS,ASO,ES,Federal Contract Tower,0,2,6,0,8,0,1,7,0,8,0,3,13,0,16,0,0,0,16
12/30/2020,HKS,MS,ASO,ES,Federal Contract Tower,0,4,4,0,8,0,4,0,0,4,0,8,4,0,12,10,0,10,22
12/31/2020,HKS,MS,ASO,ES,Federal Contract Tower,0,3,2,0,5,0,0,0,0,0,0,3,2,0,5,2,0,2,7
01/01/2021,HKS,MS,ASO,ES,Federal Contract Tower,0,3,5,0,8,0,0,8,0,8,0,3,13,0,16,12,0,12,28
01/02/2021,HKS,MS,ASO,ES,Federal Contract Tower,0,3,8,3,14,0,0,3,0,3,0,3,11,3,17,8,0,8,25
01/03/2021,HKS,MS,ASO,ES,Federal Contract Tower,0,1,10,1,12,0,3,15,0,18,0,4,25,1,30,42,0,42,72
01/04/2021,HKS,MS,ASO,ES,Federal Contract Tower,0,1,4,0,5,0,3,4,0,7,0,4,8,0,12,0,0,0,12
01/05/2021,HKS,MS,ASO,ES,Federal Contract Tower,0,3,7,0,10,0,3,11,7,21,0,6,18,7,31,6,56,62,93
01/06/2021,HKS,MS,ASO,ES,Federal Contract Tower,0,2,7,2,11,0,5,6,0,11,0,7,13,2,22,10,0,10,32
01/07/2021,HKS,MS,ASO,ES,Federal Contract Tower,0,0,2,0,2,0,0,0,0,0,0,0,2,0,2,0,0,0,2
01/08/2021,HKS,MS,ASO,ES,Federal Contract Tower,0,1,5,0,6,0,3,1,2,6,0,4,6,2,12,0,4,4,16
01/09/2021,HKS,MS,ASO,ES,Federal Contract Tower,0,1,9,0,10,0,8,17,11,36,0,9,26,11,46,34,12,46,92
01/10/2021,HKS,MS,ASO,ES,Federal Contract Tower,0,0,6,0,6,0,2,1,4,7,0,2,7,4,13,14,0,14,27
01/11/2021,HKS,MS,ASO,ES,Federal Contract Tower,0,0,0,0,0,0,0,0,0,0,0,0,0,0,0,0,0,0,0
01/12/2021,HKS,MS,ASO,ES,Federal Contract Tower,0,0,10,2,12,0,0,1,0,1,0,0,11,2,13,18,0,18,31
01/13/2021,HKS,MS,ASO,ES,Federal Contract Tower,0,0,8,2,10,0,2,3,2,7,0,2,11,4,17,2,0,2,19
01/14/2021,HKS,MS,ASO,ES,Federal Contract Tower,0,3,10,6,19,0,4,3,8,15,0,7,13,14,34,0,40,40,74
01/15/2021,HKS,MS,ASO,ES,Federal Contract Tower,0,0,6,0,6,0,0,10,3,13,0,0,16,3,19,4,12,16,35
01/16/2021,HKS,MS,ASO,ES,Federal Contract Tower,0,2,4,0,6,0,1,6,0,7,0,3,10,0,13,0,0,0,13
01/17/2021,HKS,MS,ASO,ES,Federal Contract Tower,0,5,7,0,12,0,1,11,0,12,0,6,18,0,24,58,0,58,82
01/18/2021,HKS,MS,ASO,ES,Federal Contract Tower,0,2,2,0,4,0,7,8,0,15,0,9,10,0,19,28,0,28,47
01/19/2021,HKS,MS,ASO,ES,Federal Contract Tower,0,3,6,0,9,0,2,13,14,29,0,5,19,14,38,0,72,72,110
01/20/2021,HKS,MS,ASO,ES,Federal Contract Tower,0,3,16,3,22,0,2,3,0,5,0,5,19,3,27,36,22,58,85
01/21/2021,HKS,MS,ASO,ES,Federal Contract Tower,0,1,2,0,3,0,0,0,0,0,0,1,2,0,3,0,0,0,3
01/22/2021,HKS,MS,ASO,ES,Federal Contract Tower,0,0,1,0,1,0,0,0,0,0,0,0,1,0,1,0,0,0,1
01/23/2021,HKS,MS,ASO,ES,Federal Contract Tower,0,5,6,0,11,0,1,21,5,27,0,6,27,5,38,42,0,42,80
01/24/2021,HKS,MS,ASO,ES,Federal Contract Tower,0,4,4,0,8,0,1,0,0,1,0,5,4,0,9,14,0,14,23
01/25/2021,HKS,MS,ASO,ES,Federal Contract Tower,0,0,4,0,4,0,2,0,0,2,0,2,4,0,6,0,0,0,6
01/26/2021,HKS,MS,ASO,ES,Federal Contract Tower,0,1,8,1,10,0,7,8,18,33,0,8,16,19,43,30,28,58,101
01/27/2021,HKS,MS,ASO,ES,Federal Contract Tower,0,1,11,0,12,0,6,0,4,10,0,7,11,4,22,2,6,8,30
01/28/2021,HKS,MS,ASO,ES,Federal Contract Tower,0,0,6,6,12,0,3,19,15,37,0,3,25,21,49,6,48,54,103
01/29/2021,HKS,MS,ASO,ES,Federal Contract Tower,0,2,2,0,4,0,0,15,0,15,0,2,17,0,19,14,22,36,55
01/30/2021,HKS,MS,ASO,ES,Federal Contract Tower,0,2,1,0,3,0,5,12,0,17,0,7,13,0,20,40,0,40,60
01/31/2021,HKS,MS,ASO,ES,Federal Contract Tower,0,2,4,0,6,0,5,4,0,9,0,7,8,0,15,38,0,38,53
02/01/2021,HKS,MS,ASO,ES,Federal Contract Tower,0,2,3,0,5,0,1,8,6,15,0,3,11,6,20,0,18,18,38
02/02/2021,HKS,MS,ASO,ES,Federal Contract Tower,0,2,3,0,5,0,4,16,14,34,0,6,19,14,39,42,74,116,155
02/03/2021,HKS,MS,ASO,ES,Federal Contract Tower,0,1,9,3,13,0,0,17,4,21,0,1,26,7,34,82,2,84,118
02/04/2021,HKS,MS,ASO,ES,Federal Contract Tower,0,1,4,2,7,0,3,6,5,14,0,4,10,7,21,10,16,26,47
02/05/2021,HKS,MS,ASO,ES,Federal Contract Tower,0,1,3,0,4,0,1,14,2,17,0,2,17,2,21,21,24,45,66
02/06/2021,HKS,MS,ASO,ES,Federal Contract Tower,0,3,2,0,5,0,0,6,0,6,0,3,8,0,11,28,0,28,39
02/07/2021,HKS,MS,ASO,ES,Federal Contract Tower,0,0,2,0,2,0,4,3,0,7,0,4,5,0,9,10,0,10,19
02/08/2021,HKS,MS,ASO,ES,Federal Contract Tower,0,2,8,0,10,0,0,15,0,15,0,2,23,0,25,0,0,0,25
02/09/2021,HKS,MS,ASO,ES,Federal Contract Tower,0,3,1,0,4,0,0,5,7,12,0,3,6,7,16,0,70,70,86
02/10/2021,HKS,MS,ASO,ES,Federal Contract Tower,0,1,4,0,5,0,1,8,3,12,0,2,12,3,17,26,4,30,47
02/11/2021,HKS,MS,ASO,ES,Federal Contract Tower,0,0,1,0,1,0,0,0,0,0,0,0,1,0,1,0,0,0,1
02/12/2021,HKS,MS,ASO,ES,Federal Contract Tower,0,1,0,0,1,0,0,0,0,0,0,1,0,0,1,0,0,0,1
02/13/2021,HKS,MS,ASO,ES,Federal Contract Tower,0,0,1,0,1,0,0,0,0,0,0,0,1,0,1,0,0,0,1
02/14/2021,HKS,MS,ASO,ES,Federal Contract Tower,0,0,0,0,0,0,0,0,0,0,0,0,0,0,0,0,0,0,0
02/15/2021,HKS,MS,ASO,ES,Federal Contract Tower,0,0,0,0,0,0,0,0,0,0,0,0,0,0,0,0,0,0,0
02/16/2021,HKS,MS,ASO,ES,Federal Contract Tower,0,0,0,0,0,0,0,2,0,2,0,0,2,0,2,0,0,0,2
02/17/2021,HKS,MS,ASO,ES,Federal Contract Tower,0,0,0,0,0,0,0,0,0,0,0,0,0,0,0,0,0,0,0
02/18/2021,HKS,MS,ASO,ES,Federal Contract Tower,0,0,0,0,0,0,0,0,0,0,0,0,0,0,0,0,0,0,0
02/19/2021,HKS,MS,ASO,ES,Federal Contract Tower,0,0,0,0,0,0,4,0,0,4,0,4,0,0,4,0,0,0,4
02/20/2021,HKS,MS,ASO,ES,Federal Contract Tower,0,1,4,0,5,0,5,2,2,9,0,6,6,2,14,6,0,6,20
02/21/2021,HKS,MS,ASO,ES,Federal Contract Tower,0,0,5,0,5,0,2,11,0,13,0,2,16,0,18,8,0,8,26
02/22/2021,HKS,MS,ASO,ES,Federal Contract Tower,0,4,4,0,8,0,2,4,0,6,0,6,8,0,14,34,0,34,48
02/23/2021,HKS,MS,ASO,ES,Federal Contract Tower,0,0,6,1,7,0,4,10,11,25,0,4,16,12,32,56,88,144,176
02/24/2021,HKS,MS,ASO,ES,Federal Contract Tower,0,1,5,0,6,0,2,9,6,17,0,3,14,6,23,6,8,14,37
02/25/2021,HKS,MS,ASO,ES,Federal Contract Tower,0,10,4,1,15,0,1,14,14,29,0,11,18,15,44,44,24,68,112
02/26/2021,HKS,MS,ASO,ES,Federal Contract Tower,0,3,1,0,4,0,13,4,2,19,0,16,5,2,23,12,0,12,35
02/27/2021,HKS,MS,ASO,ES,Federal Contract Tower,0,0,4,0,4,0,2,7,4,13,0,2,11,4,17,10,34,44,61
02/28/2021,HKS,MS,ASO,ES,Federal Contract Tower,0,1,5,3,9,0,1,3,1,5,0,2,8,4,14,4,6,10,24
03/01/2021,HKS,MS,ASO,ES,Federal Contract Tower,0,4,2,0,6,0,0,0,2,2,0,4,2,2,8,0,16,16,24
03/02/2021,HKS,MS,ASO,ES,Federal Contract Tower,0,3,0,0,3,0,0,0,2,2,0,3,0,2,5,4,10,14,19
03/03/2021,HKS,MS,ASO,ES,Federal Contract Tower,0,0,7,0,7,0,0,16,6,22,0,0,23,6,29,64,10,74,103
03/04/2021,HKS,MS,ASO,ES,Federal Contract Tower,0,0,4,6,10,0,2,18,11,31,0,2,22,17,41,36,14,50,91
03/05/2021,HKS,MS,ASO,ES,Federal Contract Tower,0,2,6,0,8,0,8,8,10,26,0,10,14,10,34,24,4,28,62
03/06/2021,HKS,MS,ASO,ES,Federal Contract Tower,0,0,4,0,4,0,8,6,9,23,0,8,10,9,27,22,0,22,49
03/07/2021,HKS,MS,ASO,ES,Federal Contract Tower,0,0,3,0,3,0,0,25,0,25,0,0,28,0,28,48,10,58,86
03/08/2021,HKS,MS,ASO,ES,Federal Contract Tower,0,0,5,0,5,0,1,17,0,18,0,1,22,0,23,52,2,54,77
03/09/2021,HKS,MS,ASO,ES,Federal Contract Tower,0,0,8,1,9,0,2,20,8,30,0,2,28,9,39,52,124,176,215
03/10/2021,HKS,MS,ASO,ES,Federal Contract Tower,0,2,6,0,8,0,3,3,2,8,0,5,9,2,16,0,0,0,16
03/11/2021,HKS,MS,ASO,ES,Federal Contract Tower,0,1,5,2,8,0,0,11,16,27,0,1,16,18,35,28,34,62,97
03/12/2021,HKS,MS,ASO,ES,Federal Contract Tower,0,0,11,3,14,0,3,9,6,18,0,3,20,9,32,44,2,46,78
03/13/2021,HKS,MS,ASO,ES,Federal Contract Tower,0,1,9,0,10,0,6,12,0,18,0,7,21,0,28,6,0,6,34
03/14/2021,HKS,MS,ASO,ES,Federal Contract Tower,0,0,9,0,9,0,1,1,0,2,0,1,10,0,11,0,0,0,11
03/15/2021,HKS,MS,ASO,ES,Federal Contract Tower,0,0,0,0,0,0,3,2,6,11,0,3,2,6,11,0,30,30,41
03/16/2021,HKS,MS,ASO,ES,Federal Contract Tower,0,0,4,1,5,0,3,3,7,13,0,3,7,8,18,0,0,0,18
03/17/2021,HKS,MS,ASO,ES,Federal Contract Tower,0,0,3,0,3,0,2,0,0,2,0,2,3,0,5,0,0,0,5
03/18/2021,HKS,MS,ASO,ES,Federal Contract Tower,0,2,9,0,11,0,6,16,8,30,0,8,25,8,41,0,2,2,43
03/19/2021,HKS,MS,ASO,ES,Federal Contract Tower,0,1,7,0,8,0,2,0,0,2,0,3,7,0,10,10,0,10,20
03/20/2021,HKS,MS,ASO,ES,Federal Contract Tower,0,0,6,0,6,0,4,7,0,11,0,4,13,0,17,18,0,18,35
03/21/2021,HKS,MS,ASO,ES,Federal Contract Tower,0,0,9,0,9,0,5,9,0,14,0,5,18,0,23,18,0,18,41
03/22/2021,HKS,MS,ASO,ES,Federal Contract Tower,0,0,10,0,10,0,6,9,0,15,0,6,19,0,25,2,28,30,55
03/23/2021,HKS,MS,ASO,ES,Federal Contract Tower,0,2,2,0,4,0,1,0,0,1,0,3,2,0,5,0,0,0,5
03/24/2021,HKS,MS,ASO,ES,Federal Contract Tower,0,0,3,0,3,0,1,8,0,9,0,1,11,0,12,8,0,8,20
03/25/2021,HKS,MS,ASO,ES,Federal Contract Tower,0,0,0,0,0,0,2,0,0,2,0,2,0,0,2,0,0,0,2
03/26/2021,HKS,MS,ASO,ES,Federal Contract Tower,0,0,6,0,6,0,0,11,2,13,0,0,17,2,19,28,0,28,47
03/27/2021,HKS,MS,ASO,ES,Federal Contract Tower,0,1,2,0,3,0,2,0,4,6,0,3,2,4,9,0,18,18,27
03/28/2021,HKS,MS,ASO,ES,Federal Contract Tower,0,0,2,0,2,0,2,5,2,9,0,2,7,2,11,0,0,0,11
03/29/2021,HKS,MS,ASO,ES,Federal Contract Tower,0,0,5,1,6,0,3,18,4,25,0,3,23,5,31,24,8,32,63
03/30/2021,HKS,MS,ASO,ES,Federal Contract Tower,0,1,1,3,5,0,2,1,4,7,0,3,2,7,12,0,10,10,22
03/31/2021,HKS,MS,ASO,ES,Federal Contract Tower,0,0,0,0,0,0,0,0,0,0,0,0,0,0,0,0,0,0,0
04/01/2021,HKS,MS,ASO,ES,Federal Contract Tower,0,0,10,2,12,0,2,6,19,27,0,2,16,21,39,18,20,38,77
04/02/2021,HKS,MS,ASO,ES,Federal Contract Tower,0,0,4,2,6,0,0,10,3,13,0,0,14,5,19,6,58,64,83
04/03/2021,HKS,MS,ASO,ES,Federal Contract Tower,0,0,13,0,13,0,0,33,2,35,0,0,46,2,48,62,0,62,110
04/04/2021,HKS,MS,ASO,ES,Federal Contract Tower,0,0,1,0,1,0,1,3,0,4,0,1,4,0,5,24,0,24,29
04/05/2021,HKS,MS,ASO,ES,Federal Contract Tower,0,0,10,0,10,0,9,11,2,22,0,9,21,2,32,76,0,76,108
04/06/2021,HKS,MS,ASO,ES,Federal Contract Tower,0,0,5,4,9,0,0,9,10,19,0,0,14,14,28,22,32,54,82
04/07/2021,HKS,MS,ASO,ES,Federal Contract Tower,0,1,9,10,20,0,0,2,7,9,0,1,11,17,29,0,0,0,29
04/08/2021,HKS,MS,ASO,ES,Federal Contract Tower,0,1,10,2,13,0,3,11,9,23,0,4,21,11,36,28,6,34,70
04/09/2021,HKS,MS,ASO,ES,Federal Contract Tower,0,0,4,0,4,0,2,4,5,11,0,2,8,5,15,0,18,18,33
04/10/2021,HKS,MS,ASO,ES,Federal Contract Tower,0,0,1,0,1,0,1,10,0,11,0,1,11,0,12,0,0,0,12
04/11/2021,HKS,MS,ASO,ES,Federal Contract Tower,0,2,5,0,7,0,2,16,0,18,0,4,21,0,25,40,0,40,65
04/12/2021,HKS,MS,ASO,ES,Federal Contract Tower,0,0,7,0,7,0,2,11,3,16,0,2,18,3,23,62,24,86,109
04/13/2021,HKS,MS,ASO,ES,Federal Contract Tower,0,0,11,1,12,0,6,11,13,30,0,6,22,14,42,0,22,22,64
04/14/2021,HKS,MS,ASO,ES,Federal Contract Tower,0,1,1,0,2,0,0,0,0,0,0,1,1,0,2,0,0,0,2
04/15/2021,HKS,MS,ASO,ES,Federal Contract Tower,0,1,12,6,19,0,3,6,11,20,0,4,18,17,39,16,36,52,91
04/16/2021,HKS,MS,ASO,ES,Federal Contract Tower,0,0,3,0,3,0,3,2,3,8,0,3,5,3,11,0,0,0,11
04/17/2021,HKS,MS,ASO,ES,Federal Contract Tower,0,1,5,3,9,0,2,3,2,7,0,3,8,5,16,12,10,22,38
04/18/2021,HKS,MS,ASO,ES,Federal Contract Tower,0,0,6,0,6,0,4,9,3,16,0,4,15,3,22,0,0,0,22
04/19/2021,HKS,MS,ASO,ES,Federal Contract Tower,0,0,8,0,8,0,4,14,7,25,0,4,22,7,33,24,0,24,57
04/20/2021,HKS,MS,ASO,ES,Federal Contract Tower,0,0,2,0,2,0,3,16,4,23,0,3,18,4,25,16,0,16,41
04/21/2021,HKS,MS,ASO,ES,Federal Contract Tower,0,4,10,0,14,0,2,4,6,12,0,6,14,6,26,4,8,12,38
04/22/2021,HKS,MS,ASO,ES,Federal Contract Tower,0,2,4,0,6,0,2,11,3,16,0,4,15,3,22,0,0,0,22
04/23/2021,HKS,MS,ASO,ES,Federal Contract Tower,0,0,2,0,2,0,0,4,3,7,0,0,6,3,9,16,8,24,33
04/24/2021,HKS,MS,ASO,ES,Federal Contract Tower,0,1,0,1,2,0,1,5,4,10,0,2,5,5,12,0,0,0,12
04/25/2021,HKS,MS,ASO,ES,Federal Contract Tower,0,2,9,0,11,0,6,11,0,17,0,8,20,0,28,18,0,18,46
04/26/2021,HKS,MS,ASO,ES,Federal Contract Tower,0,0,8,0,8,0,6,10,4,20,0,6,18,4,28,2,0,2,30
04/27/2021,HKS,MS,ASO,ES,Federal Contract Tower,0,2,7,2,11,0,2,5,4,11,0,4,12,6,22,0,0,0,22
04/28/2021,HKS,MS,ASO,ES,Federal Contract Tower,0,1,8,0,9,0,9,1,19,29,0,10,9,19,38,2,0,2,40
04/29/2021,HKS,MS,ASO,ES,Federal Contract Tower,0,2,8,3,13,0,7,3,5,15,0,9,11,8,28,20,0,20,48
04/30/2021,HKS,MS,ASO,ES,Federal Contract Tower,0,2,5,0,7,0,6,3,0,9,0,8,8,0,16,4,0,4,20
05/01/2021,HKS,MS,ASO,ES,Federal Contract Tower,0,2,6,0,8,0,5,26,0,31,0,7,32,0,39,16,0,16,55
05/02/2021,HKS,MS,ASO,ES,Federal Contract Tower,0,1,5,0,6,0,0,0,0,0,0,1,5,0,6,0,0,0,6
05/03/2021,HKS,MS,ASO,ES,Federal Contract Tower,0,1,5,0,6,0,15,0,0,15,0,16,5,0,21,0,0,0,21
05/04/2021,HKS,MS,ASO,ES,Federal Contract Tower,0,1,1,0,2,0,0,0,0,0,0,1,1,0,2,0,0,0,2
05/05/2021,HKS,MS,ASO,ES,Federal Contract Tower,0,1,16,0,17,0,2,24,5,31,0,3,40,5,48,12,0,12,60
05/06/2021,HKS,MS,ASO,ES,Federal Contract Tower,0,0,6,1,7,0,2,21,5,28,0,2,27,6,35,16,46,62,97
05/07/2021,HKS,MS,ASO,ES,Federal Contract Tower,0,0,9,0,9,0,5,18,2,25,0,5,27,2,34,58,0,58,92
05/08/2021,HKS,MS,ASO,ES,Federal Contract Tower,0,1,6,0,7,0,7,19,0,26,0,8,25,0,33,68,0,68,101
05/09/2021,HKS,MS,ASO,ES,Federal Contract Tower,0,0,11,0,11,0,1,0,0,1,0,1,11,0,12,0,0,0,12
05/10/2021,HKS,MS,ASO,ES,Federal Contract Tower,0,1,4,0,5,0,10,2,0,12,0,11,6,0,17,12,0,12,29
05/11/2021,HKS,MS,ASO,ES,Federal Contract Tower,0,2,6,0,8,0,2,4,1,7,0,4,10,1,15,30,0,30,45
05/12/2021,HKS,MS,ASO,ES,Federal Contract Tower,0,3,14,0,17,0,0,3,2,5,0,3,17,2,22,40,28,68,90
05/13/2021,HKS,MS,ASO,ES,Federal Contract Tower,0,2,14,0,16,0,1,22,2,25,0,3,36,2,41,16,12,28,69
05/14/2021,HKS,MS,ASO,ES,Federal Contract Tower,0,7,7,0,14,0,4,19,0,23,0,11,26,0,37,34,0,34,71
05/15/2021,HKS,MS,ASO,ES,Federal Contract Tower,0,3,6,0,9,0,6,26,0,32,0,9,32,0,41,12,0,12,53
05/16/2021,HKS,MS,ASO,ES,Federal Contract Tower,0,2,5,0,7,0,11,36,0,47,0,13,41,0,54,2,0,2,56
05/17/2021,HKS,MS,ASO,ES,Federal Contract Tower,0,5,4,0,9,0,0,0,3,3,0,5,4,3,12,0,0,0,12
05/18/2021,HKS,MS,ASO,ES,Federal Contract Tower,0,0,7,2,9,0,2,0,2,4,0,2,7,4,13,2,22,24,37
05/19/2021,HKS,MS,ASO,ES,Federal Contract Tower,0,0,7,0,7,0,0,2,0,2,0,0,9,0,9,8,2,10,19
05/20/2021,HKS,MS,ASO,ES,Federal Contract Tower,0,0,9,3,12,0,1,6,3,10,0,1,15,6,22,24,52,76,98
05/21/2021,HKS,MS,ASO,ES,Federal Contract Tower,0,1,4,2,7,0,8,7,3,18,0,9,11,5,25,20,44,64,89
05/22/2021,HKS,MS,ASO,ES,Federal Contract Tower,0,1,3,0,4,0,4,26,0,30,0,5,29,0,34,48,0,48,82
05/23/2021,HKS,MS,ASO,ES,Federal Contract Tower,0,4,4,0,8,0,2,24,0,26,0,6,28,0,34,48,0,48,82
05/25/2021,HKS,MS,ASO,ES,Federal Contract Tower,0,2,9,3,14,0,2,7,12,21,0,4,16,15,35,4,46,50,85
05/26/2021,HKS,MS,ASO,ES,Federal Contract Tower,0,4,10,0,14,0,1,13,2,16,0,5,23,2,30,58,22,80,110
05/27/2021,HKS,MS,ASO,ES,Federal Contract Tower,0,0,12,1,13,0,0,9,9,18,0,0,21,10,31,66,6,72,103
05/28/2021,HKS,MS,ASO,ES,Federal Contract Tower,0,6,15,0,21,0,9,4,0,13,0,15,19,0,34,10,0,10,44
05/29/2021,HKS,MS,ASO,ES,Federal Contract Tower,0,1,12,0,13,0,3,20,0,23,0,4,32,0,36,46,0,46,82
05/30/2021,HKS,MS,ASO,ES,Federal Contract Tower,0,2,9,0,11,0,3,9,0,12,0,5,18,0,23,26,0,26,49
05/31/2021,HKS,MS,ASO,ES,Federal Contract Tower,0,0,12,0,12,0,6,8,0,14,0,6,20,0,26,66,0,66,92
06/01/2021,HKS,MS,ASO,ES,Federal Contract Tower,0,1,14,3,18,0,0,12,1,13,0,1,26,4,31,6,10,16,47
06/02/2021,HKS,MS,ASO,ES,Federal Contract Tower,0,1,6,3,10,0,1,2,8,11,0,2,8,11,21,12,22,34,55
06/03/2021,HKS,MS,ASO,ES,Federal Contract Tower,0,5,15,0,20,0,0,18,5,23,0,5,33,5,43,32,42,74,117
06/05/2021,HKS,MS,ASO,ES,Federal Contract Tower,0,4,14,1,19,0,5,3,4,12,0,9,17,5,31,32,0,32,63
06/06/2021,HKS,MS,ASO,ES,Federal Contract Tower,0,3,6,0,9,0,0,0,0,0,0,3,6,0,9,0,0,0,9
06/07/2021,HKS,MS,ASO,ES,Federal Contract Tower,0,5,8,2,15,0,0,0,0,0,0,5,8,2,15,0,0,0,15
06/09/2021,HKS,MS,ASO,ES,Federal Contract Tower,0,1,22,2,25,0,0,2,0,2,0,1,24,2,27,36,26,62,89
06/10/2021,HKS,MS,ASO,ES,Federal Contract Tower,0,5,15,3,23,0,4,4,2,10,0,9,19,5,33,18,8,26,59
06/11/2021,HKS,MS,ASO,ES,Federal Contract Tower,0,6,15,2,23,0,5,9,0,14,0,11,24,2,37,12,0,12,49
06/12/2021,HKS,MS,ASO,ES,Federal Contract Tower,0,0,11,0,11,0,4,39,0,43,0,4,50,0,54,60,0,60,114
06/14/2021,HKS,MS,ASO,ES,Federal Contract Tower,0,1,9,0,10,0,7,8,0,15,0,8,17,0,25,4,0,4,29
06/15/2021,HKS,MS,ASO,ES,Federal Contract Tower,0,5,8,1,14,0,2,15,2,19,0,7,23,3,33,14,4,18,51
06/16/2021,HKS,MS,ASO,ES,Federal Contract Tower,0,2,5,0,7,0,1,18,0,19,0,3,23,0,26,0,0,0,26
06/17/2021,HKS,MS,ASO,ES,Federal Contract Tower,0,3,4,2,9,0,5,19,1,25,0,8,23,3,34,2,2,4,38
06/18/2021,HKS,MS,ASO,ES,Federal Contract Tower,0,1,12,0,13,0,1,8,0,9,0,2,20,0,22,0,0,0,22
06/19/2021,HKS,MS,ASO,ES,Federal Contract Tower,0,1,9,0,10,0,3,2,0,5,0,4,11,0,15,4,0,4,19
06/20/2021,HKS,MS,ASO,ES,Federal Contract Tower,0,0,6,0,6,0,4,16,4,24,0,4,22,4,30,0,0,0,30
06/21/2021,HKS,MS,ASO,ES,Federal Contract Tower,0,1,4,2,7,0,2,3,1,6,0,3,7,3,13,12,28,40,53
06/22/2021,HKS,MS,ASO,ES,Federal Contract Tower,0,1,15,2,18,0,2,22,6,30,0,3,37,8,48,26,36,62,110
06/23/2021,HKS,MS,ASO,ES,Federal Contract Tower,0,3,9,0,12,0,5,14,0,19,0,8,23,0,31,0,0,0,31
06/24/2021,HKS,MS,ASO,ES,Federal Contract Tower,0,1,15,6,22,0,0,4,10,14,0,1,19,16,36,28,30,58,94
06/25/2021,HKS,MS,ASO,ES,Federal Contract Tower,0,0,8,1,9,0,2,2,1,5,0,2,10,2,14,14,0,14,28
06/26/2021,HKS,MS,ASO,ES,Federal Contract Tower,0,2,2,0,4,0,8,8,0,16,0,10,10,0,20,22,0,22,42
06/27/2021,HKS,MS,ASO,ES,Federal Contract Tower,0,0,5,0,5,0,2,8,0,10,0,2,13,0,15,42,0,42,57
06/28/2021,HKS,MS,ASO,ES,Federal Contract Tower,0,2,12,0,14,0,5,12,4,21,0,7,24,4,35,2,0,2,37
06/29/2021,HKS,MS,ASO,ES,Federal Contract Tower,0,4,3,1,8,0,2,15,2,19,0,6,18,3,27,18,14,32,59
06/30/2021,HKS,MS,ASO,ES,Federal Contract Tower,0,0,9,2,11,0,0,10,0,10,0,0,19,2,21,20,0,20,41
07/01/2021,HKS,MS,ASO,ES,Federal Contract Tower,0,2,18,4,24,0,3,9,2,14,0,5,27,6,38,44,14,58,96
07/02/2021,HKS,MS,ASO,ES,Federal Contract Tower,0,1,15,0,16,0,2,2,2,6,0,3,17,2,22,0,4,4,26
07/03/2021,HKS,MS,ASO,ES,Federal Contract Tower,0,0,11,0,11,0,6,23,1,30,0,6,34,1,41,4,0,4,45
07/04/2021,HKS,MS,ASO,ES,Federal Contract Tower,0,1,5,0,6,0,1,7,0,8,0,2,12,0,14,6,0,6,20
07/05/2021,HKS,MS,ASO,ES,Federal Contract Tower,0,0,20,0,20,0,3,17,0,20,0,3,37,0,40,28,0,28,68
07/06/2021,HKS,MS,ASO,ES,Federal Contract Tower,0,1,16,1,18,0,0,7,1,8,0,1,23,2,26,4,21,25,51
07/07/2021,HKS,MS,ASO,ES,Federal Contract Tower,0,7,2,0,9,0,0,0,0,0,0,7,2,0,9,0,8,8,17
07/08/2021,HKS,MS,ASO,ES,Federal Contract Tower,0,0,10,0,10,0,0,15,6,21,0,0,25,6,31,0,22,22,53
07/09/2021,HKS,MS,ASO,ES,Federal Contract Tower,0,1,11,0,12,0,1,11,4,16,0,2,22,4,28,2,0,2,30
07/10/2021,HKS,MS,ASO,ES,Federal Contract Tower,0,2,4,0,6,0,0,3,0,3,0,2,7,0,9,22,0,22,31
07/11/2021,HKS,MS,ASO,ES,Federal Contract Tower,0,0,3,0,3,0,2,0,0,2,0,2,3,0,5,16,0,16,21
07/12/2021,HKS,MS,ASO,ES,Federal Contract Tower,0,1,11,0,12,0,0,14,0,14,0,1,25,0,26,14,0,14,40
07/13/2021,HKS,MS,ASO,ES,Federal Contract Tower,0,0,10,2,12,0,3,18,10,31,0,3,28,12,43,28,18,46,89
07/14/2021,HKS,MS,ASO,ES,Federal Contract Tower,0,0,9,1,10,0,0,39,19,58,0,0,48,20,68,8,0,8,76
07/15/2021,HKS,MS,ASO,ES,Federal Contract Tower,0,2,10,5,17,0,8,24,7,39,0,10,34,12,56,0,6,6,62
07/16/2021,HKS,MS,ASO,ES,Federal Contract Tower,0,1,6,0,7,0,0,6,6,12,0,1,12,6,19,0,0,0,19
07/17/2021,HKS,MS,ASO,ES,Federal Contract Tower,0,1,9,0,10,0,0,3,0,3,0,1,12,0,13,10,0,10,23
07/18/2021,HKS,MS,ASO,ES,Federal Contract Tower,0,1,11,0,12,0,6,7,0,13,0,7,18,0,25,20,0,20,45
07/19/2021,HKS,MS,ASO,ES,Federal Contract Tower,0,2,6,0,8,0,3,4,0,7,0,5,10,0,15,22,0,22,37
07/20/2021,HKS,MS,ASO,ES,Federal Contract Tower,0,3,11,1,15,0,0,0,3,3,0,3,11,4,18,16,0,16,34
07/21/2021,HKS,MS,ASO,ES,Federal Contract Tower,0,0,15,2,17,0,6,4,0,10,0,6,19,2,27,18,0,18,45
07/22/2021,HKS,MS,ASO,ES,Federal Contract Tower,0,2,5,1,8,0,2,13,1,16,0,4,18,2,24,20,0,20,44
07/23/2021,HKS,MS,ASO,ES,Federal Contract Tower,0,2,12,1,15,0,6,10,4,20,0,8,22,5,35,20,10,30,65
07/24/2021,HKS,MS,ASO,ES,Federal Contract Tower,0,1,10,0,11,0,1,15,0,16,0,2,25,0,27,20,0,20,47
07/25/2021,HKS,MS,ASO,ES,Federal Contract Tower,0,5,6,0,11,0,4,18,0,22,0,9,24,0,33,56,0,56,89
07/26/2021,HKS,MS,ASO,ES,Federal Contract Tower,0,3,10,0,13,0,9,14,0,23,0,12,24,0,36,16,0,16,52
07/27/2021,HKS,MS,ASO,ES,Federal Contract Tower,0,2,12,1,15,0,3,6,3,12,0,5,18,4,27,10,0,10,37
07/28/2021,HKS,MS,ASO,ES,Federal Contract Tower,0,2,16,0,18,0,4,10,4,18,0,6,26,4,36,18,0,18,54
07/29/2021,HKS,MS,ASO,ES,Federal Contract Tower,0,1,5,1,7,0,2,22,10,34,0,3,27,11,41,56,0,56,97
07/30/2021,HKS,MS,ASO,ES,Federal Contract Tower,0,0,16,0,16,0,1,30,5,36,0,1,46,5,52,22,8,30,82
07/31/2021,HKS,MS,ASO,ES,Federal Contract Tower,0,3,15,0,18,1,15,0,0,16,1,18,15,0,34,10,0,10,44
08/01/2021,HKS,MS,ASO,ES,Federal Contract Tower,0,2,6,0,8,0,2,16,0,18,0,4,22,0,26,16,0,16,42
08/02/2021,HKS,MS,ASO,ES,Federal Contract Tower,0,0,7,0,7,0,2,6,0,8,0,2,13,0,15,24,0,24,39
08/03/2021,HKS,MS,ASO,ES,Federal Contract Tower,0,0,20,1,21,0,2,11,12,25,0,2,31,13,46,0,0,0,46
08/04/2021,HKS,MS,ASO,ES,Federal Contract Tower,0,2,7,0,9,0,4,21,2,27,0,6,28,2,36,46,8,54,90
08/05/2021,HKS,MS,ASO,ES,Federal Contract Tower,0,1,10,2,13,0,4,29,7,40,0,5,39,9,53,24,32,56,109
08/06/2021,HKS,MS,ASO,ES,Federal Contract Tower,0,3,12,4,19,0,7,17,10,34,0,10,29,14,53,94,40,134,187
08/07/2021,HKS,MS,ASO,ES,Federal Contract Tower,0,3,9,0,12,0,4,11,7,22,0,7,20,7,34,68,24,92,126
08/08/2021,HKS,MS,ASO,ES,Federal Contract Tower,0,1,17,0,18,0,0,12,2,14,0,1,29,2,32,4,0,4,36
08/09/2021,HKS,MS,ASO,ES,Federal Contract Tower,0,0,2,0,2,0,3,16,0,19,0,3,18,0,21,46,0,46,67
08/10/2021,HKS,MS,ASO,ES,Federal Contract Tower,0,5,12,2,19,0,5,15,10,30,0,10,27,12,49,24,12,36,85
08/11/2021,HKS,MS,ASO,ES,Federal Contract Tower,0,3,13,0,16,0,1,15,2,18,0,4,28,2,34,6,12,18,52
08/12/2021,HKS,MS,ASO,ES,Federal Contract Tower,0,3,17,3,23,0,7,16,11,34,0,10,33,14,57,8,4,12,69
08/13/2021,HKS,MS,ASO,ES,Federal Contract Tower,0,2,14,2,18,0,2,25,2,29,0,4,39,4,47,0,4,4,51
08/14/2021,HKS,MS,ASO,ES,Federal Contract Tower,0,0,3,0,3,0,2,10,0,12,0,2,13,0,15,0,0,0,15
08/15/2021,HKS,MS,ASO,ES,Federal Contract Tower,0,0,15,0,15,0,1,5,0,6,0,1,20,0,21,38,0,38,59
08/16/2021,HKS,MS,ASO,ES,Federal Contract Tower,0,5,8,2,15,0,1,7,5,13,0,6,15,7,28,20,6,26,54
08/17/2021,HKS,MS,ASO,ES,Federal Contract Tower,0,0,26,1,27,0,1,22,13,36,0,1,48,14,63,38,18,56,119
08/18/2021,HKS,MS,ASO,ES,Federal Contract Tower,0,0,6,2,8,0,0,10,2,12,0,0,16,4,20,30,0,30,50
08/19/2021,HKS,MS,ASO,ES,Federal Contract Tower,0,2,12,1,15,0,3,4,7,14,0,5,16,8,29,16,12,28,57
08/20/2021,HKS,MS,ASO,ES,Federal Contract Tower,0,2,11,1,14,0,1,5,1,7,0,3,16,2,21,20,4,24,45
08/21/2021,HKS,MS,ASO,ES,Federal Contract Tower,0,1,2,0,3,0,6,28,0,34,0,7,30,0,37,12,0,12,49
08/22/2021,HKS,MS,ASO,ES,Federal Contract Tower,0,0,7,2,9,0,8,22,0,30,0,8,29,2,39,24,0,24,63
08/23/2021,HKS,MS,ASO,ES,Federal Contract Tower,0,6,11,0,17,0,7,13,0,20,0,13,24,0,37,20,0,20,57
08/24/2021,HKS,MS,ASO,ES,Federal Contract Tower,0,1,14,2,17,0,0,18,17,35,0,1,32,19,52,14,2,16,68
08/25/2021,HKS,MS,ASO,ES,Federal Contract Tower,0,1,12,0,13,0,8,12,2,22,0,9,24,2,35,20,0,20,55
08/26/2021,HKS,MS,ASO,ES,Federal Contract Tower,0,2,18,4,24,0,0,6,7,13,0,2,24,11,37,32,14,46,83
08/27/2021,HKS,MS,ASO,ES,Federal Contract Tower,0,3,13,0,16,0,1,20,2,23,0,4,33,2,39,10,6,16,55
08/28/2021,HKS,MS,ASO,ES,Federal Contract Tower,0,0,11,0,11,0,9,31,0,40,0,9,42,0,51,26,0,26,77
08/29/2021,HKS,MS,ASO,ES,Federal Contract Tower,0,0,8,0,8,0,0,4,0,4,0,0,12,0,12,8,0,8,20
08/31/2021,HKS,MS,ASO,ES,Federal Contract Tower,0,2,8,2,12,0,3,11,9,23,0,5,19,11,35,6,10,16,51
09/01/2021,HKS,MS,ASO,ES,Federal Contract Tower,0,1,10,1,12,0,2,33,2,37,0,3,43,3,49,64,0,64,113
09/02/2021,HKS,MS,ASO,ES,Federal Contract Tower,0,5,9,0,14,0,10,31,2,43,0,15,40,2,57,44,10,54,111
09/03/2021,HKS,MS,ASO,ES,Federal Contract Tower,0,3,12,0,15,0,6,23,0,29,0,9,35,0,44,6,0,6,50
09/04/2021,HKS,MS,ASO,ES,Federal Contract Tower,0,0,11,1,12,0,12,22,3,37,0,12,33,4,49,46,0,46,95
09/05/2021,HKS,MS,ASO,ES,Federal Contract Tower,0,1,6,0,7,0,3,18,0,21,0,4,24,0,28,52,0,52,80
09/06/2021,HKS,MS,ASO,ES,Federal Contract Tower,0,2,15,0,17,0,4,12,0,16,0,6,27,0,33,30,0,30,63
09/07/2021,HKS,MS,ASO,ES,Federal Contract Tower,0,10,9,0,19,0,2,28,13,43,0,12,37,13,62,50,0,50,112
09/08/2021,HKS,MS,ASO,ES,Federal Contract Tower,0,6,6,0,12,0,3,34,3,40,0,9,40,3,52,72,0,72,124
09/09/2021,HKS,MS,ASO,ES,Federal Contract Tower,0,1,11,2,14,0,6,36,12,54,0,7,47,14,68,36,10,46,114
09/10/2021,HKS,MS,ASO,ES,Federal Contract Tower,0,6,7,0,13,0,9,32,10,51,0,15,39,10,64,26,8,34,98
09/11/2021,HKS,MS,ASO,ES,Federal Contract Tower,0,0,7,0,7,0,3,23,7,33,0,3,30,7,40,28,4,32,72
09/12/2021,HKS,MS,ASO,ES,Federal Contract Tower,0,2,10,0,12,0,5,17,1,23,0,7,27,1,35,12,0,12,47
09/13/2021,HKS,MS,ASO,ES,Federal Contract Tower,0,3,8,0,11,0,6,10,2,18,0,9,18,2,29,4,0,4,33
09/14/2021,HKS,MS,ASO,ES,Federal Contract Tower,0,5,2,0,7,0,3,9,1,13,0,8,11,1,20,18,0,18,38
09/15/2021,HKS,MS,ASO,ES,Federal Contract Tower,0,5,8,0,13,0,0,0,0,0,0,5,8,0,13,2,0,2,15
09/16/2021,HKS,MS,ASO,ES,Federal Contract Tower,0,2,21,0,23,0,0,3,1,4,0,2,24,1,27,6,0,6,33
09/17/2021,HKS,MS,ASO,ES,Federal Contract Tower,0,7,8,0,15,0,2,5,2,9,0,9,13,2,24,16,4,20,44
09/18/2021,HKS,MS,ASO,ES,Federal Contract Tower,0,3,4,0,7,0,6,3,0,9,0,9,7,0,16,14,0,14,30
09/19/2021,HKS,MS,ASO,ES,Federal Contract Tower,0,0,7,0,7,0,12,7,0,19,0,12,14,0,26,16,0,16,42
09/20/2021,HKS,MS,ASO,ES,Federal Contract Tower,0,1,13,0,14,0,7,8,0,15,0,8,21,0,29,42,0,42,71
09/21/2021,HKS,MS,ASO,ES,Federal Contract Tower,0,2,5,0,7,0,0,5,0,5,0,2,10,0,12,2,0,2,14
09/22/2021,HKS,MS,ASO,ES,Federal Contract Tower,0,1,9,0,10,0,2,2,0,4,0,3,11,0,14,2,0,2,16
09/23/2021,HKS,MS,ASO,ES,Federal Contract Tower,0,2,13,2,17,0,0,28,9,37,0,2,41,11,54,46,12,58,112
09/24/2021,HKS,MS,ASO,ES,Federal Contract Tower,0,0,6,0,6,0,0,30,0,30,0,0,36,0,36,12,0,12,48
09/25/2021,HKS,MS,ASO,ES,Federal Contract Tower,0,0,9,0,9,0,9,14,0,23,0,9,23,0,32,14,0,14,46
09/26/2021,HKS,MS,ASO,ES,Federal Contract Tower,0,1,10,0,11,0,3,22,0,25,0,4,32,0,36,12,0,12,48
09/27/2021,HKS,MS,ASO,ES,Federal Contract Tower,0,0,3,0,3,0,5,18,2,25,0,5,21,2,28,22,4,26,54
09/28/2021,HKS,MS,ASO,ES,Federal Contract Tower,0,0,8,0,8,0,2,3,5,10,0,2,11,5,18,0,50,50,68
09/29/2021,HKS,MS,ASO,ES,Federal Contract Tower,0,3,5,0,8,0,0,2,0,2,0,3,7,0,10,22,0,22,32
09/30/2021,HKS,MS,ASO,ES,Federal Contract Tower,0,1,7,0,8,0,0,2,2,4,0,1,9,2,12,0,6,6,18
10/01/2021,HKS,MS,ASO,ES,Federal Contract Tower,0,11,2,0,13,0,5,20,1,26,0,16,22,1,39,18,0,18,57
10/02/2021,HKS,MS,ASO,ES,Federal Contract Tower,0,2,4,0,6,0,8,10,0,18,0,10,14,0,24,22,0,22,46
10/03/2021,HKS,MS,ASO,ES,Federal Contract Tower,0,2,7,0,9,0,3,4,0,7,0,5,11,0,16,4,0,4,20
10/04/2021,HKS,MS,ASO,ES,Federal Contract Tower,0,2,10,0,12,0,5,10,0,15,0,7,20,0,27,12,0,12,39
10/05/2021,HKS,MS,ASO,ES,Federal Contract Tower,0,3,7,1,11,0,10,8,3,21,0,13,15,4,32,10,6,16,48
10/06/2021,HKS,MS,ASO,ES,Federal Contract Tower,0,1,7,0,8,0,2,16,2,20,0,3,23,2,28,26,0,26,54
10/07/2021,HKS,MS,ASO,ES,Federal Contract Tower,0,6,11,0,17,0,8,19,9,36,0,14,30,9,53,16,24,40,93
10/08/2021,HKS,MS,ASO,ES,Federal Contract Tower,0,1,12,1,14,0,3,19,3,25,0,4,31,4,39,8,4,12,51
10/09/2021,HKS,MS,ASO,ES,Federal Contract Tower,0,0,7,0,7,0,5,35,2,42,0,5,42,2,49,28,8,36,85
10/10/2021,HKS,MS,ASO,ES,Federal Contract Tower,0,1,10,0,11,0,4,22,0,26,0,5,32,0,37,26,0,26,63
10/11/2021,HKS,MS,ASO,ES,Federal Contract Tower,0,4,4,0,8,0,3,7,0,10,0,7,11,0,18,4,0,4,22
10/12/2021,HKS,MS,ASO,ES,Federal Contract Tower,0,3,11,5,19,0,3,3,18,24,0,6,14,23,43,4,34,38,81
10/13/2021,HKS,MS,ASO,ES,Federal Contract Tower,0,3,11,1,15,0,1,13,2,16,0,4,24,3,31,26,12,38,69
10/14/2021,HKS,MS,ASO,ES,Federal Contract Tower,0,1,7,4,12,0,6,6,8,20,0,7,13,12,32,36,14,50,82
10/15/2021,HKS,MS,ASO,ES,Federal Contract Tower,0,2,10,2,14,0,3,6,2,11,0,5,16,4,25,0,8,8,33
10/16/2021,HKS,MS,ASO,ES,Federal Contract Tower,0,2,7,0,9,0,6,19,0,25,0,8,26,0,34,20,0,20,54
10/17/2021,HKS,MS,ASO,ES,Federal Contract Tower,0,1,14,0,15,0,7,16,0,23,0,8,30,0,38,10,0,10,48
10/18/2021,HKS,MS,ASO,ES,Federal Contract Tower,0,0,11,0,11,0,5,15,0,20,0,5,26,0,31,12,0,12,43
10/19/2021,HKS,MS,ASO,ES,Federal Contract Tower,0,1,11,1,13,0,7,26,7,40,0,8,37,8,53,26,20,46,99
10/20/2021,HKS,MS,ASO,ES,Federal Contract Tower,0,3,10,0,13,0,4,4,4,12,0,7,14,4,25,18,0,18,43
10/21/2021,HKS,MS,ASO,ES,Federal Contract Tower,0,1,2,0,3,0,2,12,3,17,0,3,14,3,20,10,0,10,30
10/22/2021,HKS,MS,ASO,ES,Federal Contract Tower,0,3,5,0,8,0,7,13,4,24,0,10,18,4,32,44,0,44,76
10/23/2021,HKS,MS,ASO,ES,Federal Contract Tower,0,0,7,0,7,0,0,20,2,22,0,0,27,2,29,32,0,32,61
10/24/2021,HKS,MS,ASO,ES,Federal Contract Tower,0,0,10,0,10,0,2,13,6,21,0,2,23,6,31,2,0,2,33
10/25/2021,HKS,MS,ASO,ES,Federal Contract Tower,0,0,9,2,11,0,1,9,3,13,0,1,18,5,24,4,12,16,40
10/26/2021,HKS,MS,ASO,ES,Federal Contract Tower,0,7,14,6,27,0,3,25,15,43,0,10,39,21,70,54,34,88,158
10/27/2021,HKS,MS,ASO,ES,Federal Contract Tower,0,2,4,4,10,0,2,12,11,25,0,4,16,15,35,8,24,32,67
10/28/2021,HKS,MS,ASO,ES,Federal Contract Tower,0,1,4,0,5,0,2,5,4,11,0,3,9,4,16,0,20,20,36
10/29/2021,HKS,MS,ASO,ES,Federal Contract Tower,0,1,2,2,5,0,2,3,5,10,0,3,5,7,15,2,10,12,27
10/30/2021,HKS,MS,ASO,ES,Federal Contract Tower,0,2,3,0,5,0,4,5,0,9,0,6,8,0,14,44,0,44,58
10/31/2021,HKS,MS,ASO,ES,Federal Contract Tower,0,1,5,0,6,0,1,20,0,21,0,2,25,0,27,56,0,56,83
11/01/2021,HKS,MS,ASO,ES,Federal Contract Tower,0,3,3,0,6,0,2,22,0,24,0,5,25,0,30,26,0,26,56
11/02/2021,HKS,MS,ASO,ES,Federal Contract Tower,0,0,10,1,11,0,4,19,11,34,0,4,29,12,45,26,26,52,97
11/03/2021,HKS,MS,ASO,ES,Federal Contract Tower,0,2,4,0,6,0,1,15,12,28,0,3,19,12,34,0,16,16,50
11/04/2021,HKS,MS,ASO,ES,Federal Contract Tower,0,0,8,2,10,0,0,5,11,16,0,0,13,13,26,0,24,24,50
11/05/2021,HKS,MS,ASO,ES,Federal Contract Tower,0,6,15,3,24,0,0,2,0,2,0,6,17,3,26,2,6,8,34
11/06/2021,HKS,MS,ASO,ES,Federal Contract Tower,0,2,4,1,7,0,4,9,4,17,0,6,13,5,24,26,4,30,54
11/07/2021,HKS,MS,ASO,ES,Federal Contract Tower,0,0,7,0,7,0,2,29,0,31,0,2,36,0,38,26,0,26,64
11/09/2021,HKS,MS,ASO,ES,Federal Contract Tower,0,5,19,2,26,0,4,11,6,21,0,9,30,8,47,10,94,104,151
11/10/2021,HKS,MS,ASO,ES,Federal Contract Tower,0,2,8,0,10,0,4,18,3,25,0,6,26,3,35,22,4,26,61
11/11/2021,HKS,MS,ASO,ES,Federal Contract Tower,0,3,6,0,9,0,3,1,0,4,0,6,7,0,13,18,0,18,31
11/12/2021,HKS,MS,ASO,ES,Federal Contract Tower,0,0,4,0,4,0,0,15,10,25,0,0,19,10,29,40,0,40,69
11/13/2021,HKS,MS,ASO,ES,Federal Contract Tower,0,0,13,0,13,0,5,29,0,34,0,5,42,0,47,28,0,28,75
11/14/2021,HKS,MS,ASO,ES,Federal Contract Tower,0,3,3,0,6,0,7,22,2,31,0,10,25,2,37,38,0,38,75
11/15/2021,HKS,MS,ASO,ES,Federal Contract Tower,0,1,8,0,9,0,2,22,0,24,0,3,30,0,33,8,0,8,41
11/16/2021,HKS,MS,ASO,ES,Federal Contract Tower,0,4,11,3,18,0,3,15,20,38,0,7,26,23,56,20,70,90,146
11/17/2021,HKS,MS,ASO,ES,Federal Contract Tower,0,3,11,0,14,0,1,16,8,25,0,4,27,8,39,14,12,26,65
11/18/2021,HKS,MS,ASO,ES,Federal Contract Tower,0,5,5,0,10,0,2,5,6,13,0,7,10,6,23,0,32,32,55
11/19/2021,HKS,MS,ASO,ES,Federal Contract Tower,0,5,9,2,16,0,13,23,10,46,0,18,32,12,62,28,18,46,108
11/20/2021,HKS,MS,ASO,ES,Federal Contract Tower,0,0,7,0,7,0,1,26,9,36,0,1,33,9,43,10,6,16,59
11/21/2021,HKS,MS,ASO,ES,Federal Contract Tower,0,1,11,0,12,0,6,4,2,12,0,7,15,2,24,2,0,2,26
11/22/2021,HKS,MS,ASO,ES,Federal Contract Tower,0,2,22,1,25,0,4,13,10,27,0,6,35,11,52,30,24,54,106
11/23/2021,HKS,MS,ASO,ES,Federal Contract Tower,0,3,7,3,13,0,7,20,1,28,0,10,27,4,41,34,18,52,93
11/24/2021,HKS,MS,ASO,ES,Federal Contract Tower,0,5,11,0,16,0,10,26,0,36,0,15,37,0,52,44,0,44,96
11/25/2021,HKS,MS,ASO,ES,Federal Contract Tower,0,2,1,0,3,0,1,2,0,3,0,3,3,0,6,4,0,4,10
11/26/2021,HKS,MS,ASO,ES,Federal Contract Tower,0,0,8,0,8,0,8,13,0,21,0,8,21,0,29,14,2,16,45
11/27/2021,HKS,MS,ASO,ES,Federal Contract Tower,0,0,12,0,12,0,1,22,0,23,0,1,34,0,35,28,0,28,63
11/28/2021,HKS,MS,ASO,ES,Federal Contract Tower,0,0,9,0,9,0,6,8,0,14,0,6,17,0,23,10,0,10,33
11/29/2021,HKS,MS,ASO,ES,Federal Contract Tower,0,4,12,0,16,0,5,7,0,12,0,9,19,0,28,44,0,44,72
11/30/2021,HKS,MS,ASO,ES,Federal Contract Tower,0,3,7,0,10,0,2,11,13,26,0,5,18,13,36,30,18,48,84
12/01/2021,HKS,MS,ASO,ES,Federal Contract Tower,0,1,8,0,9,0,4,3,2,9,0,5,11,2,18,20,14,34,52
12/02/2021,HKS,MS,ASO,ES,Federal Contract Tower,0,1,12,0,13,0,1,6,18,25,0,2,18,18,38,32,20,52,90
12/03/2021,HKS,MS,ASO,ES,Federal Contract Tower,0,4,12,1,17,0,2,14,3,19,0,6,26,4,36,26,0,26,62
12/04/2021,HKS,MS,ASO,ES,Federal Contract Tower,0,4,2,0,6,0,0,10,0,10,0,4,12,0,16,14,0,14,30
12/05/2021,HKS,MS,ASO,ES,Federal Contract Tower,0,6,6,0,12,0,3,11,1,15,0,9,17,1,27,54,2,56,83
12/06/2021,HKS,MS,ASO,ES,Federal Contract Tower,0,2,3,0,5,0,0,0,0,0,0,2,3,0,5,0,0,0,5
12/07/2021,HKS,MS,ASO,ES,Federal Contract Tower,0,4,11,2,17,0,3,0,8,11,0,7,11,10,28,0,42,42,70
12/08/2021,HKS,MS,ASO,ES,Federal Contract Tower,0,4,16,0,20,0,0,3,5,8,0,4,19,5,28,2,0,2,30
12/09/2021,HKS,MS,ASO,ES,Federal Contract Tower,0,5,12,2,19,0,0,1,4,5,0,5,13,6,24,28,48,76,100
12/10/2021,HKS,MS,ASO,ES,Federal Contract Tower,0,2,5,2,9,0,1,4,0,5,0,3,9,2,14,0,42,42,56
12/11/2021,HKS,MS,ASO,ES,Federal Contract Tower,0,2,0,0,2,0,2,0,0,2,0,4,0,0,4,0,0,0,4
12/12/2021,HKS,MS,ASO,ES,Federal Contract Tower,0,0,9,0,9,0,2,19,0,21,0,2,28,0,30,30,0,30,60
12/13/2021,HKS,MS,ASO,ES,Federal Contract Tower,0,0,7,0,7,0,0,33,0,33,0,0,40,0,40,34,0,34,74
12/14/2021,HKS,MS,ASO,ES,Federal Contract Tower,0,2,13,3,18,0,1,11,20,32,0,3,24,23,50,8,22,30,80
12/15/2021,HKS,MS,ASO,ES,Federal Contract Tower,0,5,10,0,15,0,3,2,0,5,0,8,12,0,20,0,0,0,20
12/16/2021,HKS,MS,ASO,ES,Federal Contract Tower,0,6,24,1,31,0,6,7,9,22,0,12,31,10,53,62,6,68,121
12/17/2021,HKS,MS,ASO,ES,Federal Contract Tower,0,5,14,0,19,0,3,8,4,15,0,8,22,4,34,8,48,56,90
12/18/2021,HKS,MS,ASO,ES,Federal Contract Tower,0,0,1,0,1,0,3,6,0,9,0,3,7,0,10,8,0,8,18
12/19/2021,HKS,MS,ASO,ES,Federal Contract Tower,0,1,8,0,9,0,0,7,0,7,0,1,15,0,16,20,0,20,36
12/20/2021,HKS,MS,ASO,ES,Federal Contract Tower,0,3,8,1,12,0,1,9,2,12,0,4,17,3,24,56,0,56,80
12/21/2021,HKS,MS,ASO,ES,Federal Contract Tower,0,0,7,2,9,0,3,9,1,13,0,3,16,3,22,8,6,14,36
12/22/2021,HKS,MS,ASO,ES,Federal Contract Tower,0,0,7,0,7,0,6,22,4,32,0,6,29,4,39,24,0,24,63
12/23/2021,HKS,MS,ASO,ES,Federal Contract Tower,0,4,10,0,14,0,2,26,0,28,0,6,36,0,42,56,0,56,98
12/24/2021,HKS,MS,ASO,ES,Federal Contract Tower,0,1,3,0,4,0,4,2,0,6,0,5,5,0,10,2,0,2,12
12/25/2021,HKS,MS,ASO,ES,Federal Contract Tower,0,1,1,0,2,0,0,22,0,22,0,1,23,0,24,0,0,0,24
12/26/2021,HKS,MS,ASO,ES,Federal Contract Tower,0,1,10,0,11,0,5,4,0,9,0,6,14,0,20,26,0,26,46
12/27/2021,HKS,MS,ASO,ES,Federal Contract Tower,0,0,8,0,8,0,5,14,2,21,0,5,22,2,29,2,0,2,31
12/28/2021,HKS,MS,ASO,ES,Federal Contract Tower,0,5,10,0,15,0,0,4,0,4,0,5,14,0,19,0,0,0,19
12/29/2021,HKS,MS,ASO,ES,Federal Contract Tower,0,0,5,0,5,0,2,2,0,4,0,2,7,0,9,4,0,4,13
12/30/2021,HKS,MS,ASO,ES,Federal Contract Tower,0,0,13,0,13,0,5,8,0,13,0,5,21,0,26,2,0,2,28
12/31/2021,HKS,MS,ASO,ES,Federal Contract Tower,0,0,2,0,2,0,5,1,0,6,0,5,3,0,8,2,0,2,10
01/01/2022,HKS,MS,ASO,ES,Federal Contract Tower,0,1,2,0,3,0,1,0,0,1,0,2,2,0,4,0,0,0,4
01/02/2022,HKS,MS,ASO,ES,Federal Contract Tower,0,0,3,0,3,0,0,0,0,0,0,0,3,0,3,0,0,0,3
01/03/2022,HKS,MS,ASO,ES,Federal Contract Tower,0,5,4,0,9,0,4,2,0,6,0,9,6,0,15,2,0,2,17
01/04/2022,HKS,MS,ASO,ES,Federal Contract Tower,0,5,7,5,17,0,2,3,10,15,0,7,10,15,32,14,24,38,70
01/05/2022,HKS,MS,ASO,ES,Federal Contract Tower,0,3,3,0,6,0,3,8,4,15,0,6,11,4,21,4,6,10,31
01/06/2022,HKS,MS,ASO,ES,Federal Contract Tower,0,3,7,7,17,0,1,0,1,2,0,4,7,8,19,2,8,10,29
01/07/2022,HKS,MS,ASO,ES,Federal Contract Tower,0,1,3,0,4,0,4,19,12,35,0,5,22,12,39,24,16,40,79
01/08/2022,HKS,MS,ASO,ES,Federal Contract Tower,0,1,7,1,9,0,2,12,13,27,0,3,19,14,36,22,6,28,64
01/09/2022,HKS,MS,ASO,ES,Federal Contract Tower,0,0,3,1,4,0,0,1,0,1,0,0,4,1,5,0,0,0,5
01/10/2022,HKS,MS,ASO,ES,Federal Contract Tower,0,3,7,0,10,0,0,17,0,17,0,3,24,0,27,18,0,18,45
01/11/2022,HKS,MS,ASO,ES,Federal Contract Tower,0,1,1,0,2,0,6,21,14,41,0,7,22,14,43,28,68,96,139
01/12/2022,HKS,MS,ASO,ES,Federal Contract Tower,0,4,7,1,12,0,9,8,4,21,0,13,15,5,33,26,26,52,85
01/13/2022,HKS,MS,ASO,ES,Federal Contract Tower,0,0,13,0,13,0,6,14,20,40,0,6,27,20,53,24,20,44,97
01/14/2022,HKS,MS,ASO,ES,Federal Contract Tower,0,1,6,1,8,0,8,24,6,38,0,9,30,7,46,6,10,16,62
01/15/2022,HKS,MS,ASO,ES,Federal Contract Tower,0,0,3,0,3,0,0,0,0,0,0,0,3,0,3,0,0,0,3
01/16/2022,HKS,MS,ASO,ES,Federal Contract Tower,0,3,1,0,4,0,0,1,0,1,0,3,2,0,5,0,0,0,5
01/17/2022,HKS,MS,ASO,ES,Federal Contract Tower,0,0,5,0,5,0,7,30,0,37,0,7,35,0,42,46,0,46,88
01/18/2022,HKS,MS,ASO,ES,Federal Contract Tower,0,3,5,0,8,0,3,16,4,23,0,6,21,4,31,20,0,20,51
01/19/2022,HKS,MS,ASO,ES,Federal Contract Tower,0,1,2,0,3,0,4,10,2,16,0,5,12,2,19,6,2,8,27
01/20/2022,HKS,MS,ASO,ES,Federal Contract Tower,0,1,8,1,10,0,7,0,0,7,0,8,8,1,17,0,0,0,17
01/21/2022,HKS,MS,ASO,ES,Federal Contract Tower,0,2,6,1,9,0,2,15,1,18,0,4,21,2,27,22,0,22,49
01/22/2022,HKS,MS,ASO,ES,Federal Contract Tower,0,0,8,0,8,0,0,15,2,17,0,0,23,2,25,28,0,28,53
01/23/2022,HKS,MS,ASO,ES,Federal Contract Tower,0,2,11,0,13,0,0,10,0,10,0,2,21,0,23,8,0,8,31
01/24/2022,HKS,MS,ASO,ES,Federal Contract Tower,0,1,5,0,6,0,3,13,0,16,0,4,18,0,22,0,0,0,22
01/25/2022,HKS,MS,ASO,ES,Federal Contract Tower,0,3,2,2,7,0,4,1,6,11,0,7,3,8,18,0,82,82,100
01/26/2022,HKS,MS,ASO,ES,Federal Contract Tower,0,7,13,1,21,0,2,22,3,27,0,9,35,4,48,12,28,40,88
01/27/2022,HKS,MS,ASO,ES,Federal Contract Tower,0,5,8,3,16,0,3,23,21,47,0,8,31,24,63,46,24,70,133
01/28/2022,HKS,MS,ASO,ES,Federal Contract Tower,0,1,12,0,13,0,0,15,4,19,0,1,27,4,32,6,6,12,44
01/29/2022,HKS,MS,ASO,ES,Federal Contract Tower,0,0,5,0,5,0,7,28,5,40,0,7,33,5,45,44,0,44,89
01/30/2022,HKS,MS,ASO,ES,Federal Contract Tower,0,0,9,0,9,0,0,16,0,16,0,0,25,0,25,8,0,8,33
01/31/2022,HKS,MS,ASO,ES,Federal Contract Tower,0,0,18,3,21,0,1,16,6,23,0,1,34,9,44,60,0,60,104
02/01/2022,HKS,MS,ASO,ES,Federal Contract Tower,0,5,6,3,14,0,3,14,12,29,0,8,20,15,43,2,24,26,69
02/02/2022,HKS,MS,ASO,ES,Federal Contract Tower,0,8,10,0,18,0,0,1,0,1,0,8,11,0,19,2,0,2,21
02/03/2022,HKS,MS,ASO,ES,Federal Contract Tower,0,0,0,0,0,0,0,0,0,0,0,0,0,0,0,0,0,0,0
02/04/2022,HKS,MS,ASO,ES,Federal Contract Tower,0,4,7,0,11,0,2,1,0,3,0,6,8,0,14,0,0,0,14
02/05/2022,HKS,MS,ASO,ES,Federal Contract Tower,0,1,6,0,7,0,9,21,6,36,0,10,27,6,43,20,0,20,63
02/06/2022,HKS,MS,ASO,ES,Federal Contract Tower,0,1,10,0,11,0,2,29,0,31,0,3,39,0,42,14,0,14,56
02/07/2022,HKS,MS,ASO,ES,Federal Contract Tower,0,0,6,0,6,0,2,19,0,21,0,2,25,0,27,34,0,34,61
02/08/2022,HKS,MS,ASO,ES,Federal Contract Tower,0,1,17,0,18,0,4,22,11,37,0,5,39,11,55,28,8,36,91
02/09/2022,HKS,MS,ASO,ES,Federal Contract Tower,0,4,8,0,12,0,2,16,8,26,0,6,24,8,38,4,0,4,42
02/10/2022,HKS,MS,ASO,ES,Federal Contract Tower,0,0,7,0,7,0,3,21,2,26,0,3,28,2,33,62,0,62,95
02/11/2022,HKS,MS,ASO,ES,Federal Contract Tower,0,5,10,0,15,0,5,19,4,28,0,10,29,4,43,0,0,0,43
02/12/2022,HKS,MS,ASO,ES,Federal Contract Tower,0,0,5,0,5,0,6,5,0,11,0,6,10,0,16,0,0,0,16
02/13/2022,HKS,MS,ASO,ES,Federal Contract Tower,0,1,5,1,7,0,3,14,7,24,0,4,19,8,31,2,0,2,33
02/14/2022,HKS,MS,ASO,ES,Federal Contract Tower,0,6,3,3,12,0,4,17,9,30,0,10,20,12,42,10,20,30,72
02/15/2022,HKS,MS,ASO,ES,Federal Contract Tower,0,7,12,3,22,0,8,21,14,43,0,15,33,17,65,26,42,68,133
02/16/2022,HKS,MS,ASO,ES,Federal Contract Tower,0,3,4,0,7,0,2,4,9,15,0,5,8,9,22,0,24,24,46
02/17/2022,HKS,MS,ASO,ES,Federal Contract Tower,0,0,6,0,6,0,0,0,0,0,0,0,6,0,6,0,0,0,6
02/18/2022,HKS,MS,ASO,ES,Federal Contract Tower,0,2,7,0,9,0,5,10,0,15,0,7,17,0,24,0,0,0,24
02/19/2022,HKS,MS,ASO,ES,Federal Contract Tower,0,0,5,0,5,0,4,34,0,38,0,4,39,0,43,10,0,10,53
02/20/2022,HKS,MS,ASO,ES,Federal Contract Tower,0,2,3,1,6,0,2,22,0,24,0,4,25,1,30,12,0,12,42
02/21/2022,HKS,MS,ASO,ES,Federal Contract Tower,0,2,3,0,5,0,0,2,0,2,0,2,5,0,7,0,0,0,7
02/22/2022,HKS,MS,ASO,ES,Federal Contract Tower,0,5,5,0,10,0,7,3,7,17,0,12,8,7,27,0,26,26,53
02/23/2022,HKS,MS,ASO,ES,Federal Contract Tower,0,3,9,0,12,0,0,0,0,0,0,3,9,0,12,0,0,0,12
02/24/2022,HKS,MS,ASO,ES,Federal Contract Tower,0,4,7,0,11,0,3,2,0,5,0,7,9,0,16,14,0,14,30
02/25/2022,HKS,MS,ASO,ES,Federal Contract Tower,0,4,10,0,14,0,0,7,3,10,0,4,17,3,24,14,0,14,38
02/26/2022,HKS,MS,ASO,ES,Federal Contract Tower,0,2,10,0,12,0,3,1,0,4,0,5,11,0,16,2,0,2,18
02/27/2022,HKS,MS,ASO,ES,Federal Contract Tower,0,4,3,0,7,0,0,7,0,7,0,4,10,0,14,2,0,2,16
02/28/2022,HKS,MS,ASO,ES,Federal Contract Tower,0,3,7,3,13,0,5,15,9,29,0,8,22,12,42,4,26,30,72
03/01/2022,HKS,MS,ASO,ES,Federal Contract Tower,0,4,17,3,24,0,36,0,0,36,0,40,17,3,60,58,86,144,204
03/02/2022,HKS,MS,ASO,ES,Federal Contract Tower,0,2,8,1,11,0,10,25,4,39,0,12,33,5,50,68,22,90,140
03/03/2022,HKS,MS,ASO,ES,Federal Contract Tower,0,1,3,2,6,0,3,27,16,46,0,4,30,18,52,72,30,102,154
03/04/2022,HKS,MS,ASO,ES,Federal Contract Tower,0,3,12,2,17,0,2,32,3,37,0,5,44,5,54,24,0,24,78
03/05/2022,HKS,MS,ASO,ES,Federal Contract Tower,0,3,9,3,15,0,2,3,2,7,0,5,12,5,22,22,0,22,44
03/06/2022,HKS,MS,ASO,ES,Federal Contract Tower,0,3,20,1,24,0,7,4,0,11,0,10,24,1,35,10,2,12,47
03/07/2022,HKS,MS,ASO,ES,Federal Contract Tower,0,9,2,0,11,0,4,2,0,6,0,13,4,0,17,0,0,0,17
03/08/2022,HKS,MS,ASO,ES,Federal Contract Tower,0,0,1,3,4,0,0,0,0,0,0,0,1,3,4,0,14,14,18
03/09/2022,HKS,MS,ASO,ES,Federal Contract Tower,0,4,9,0,13,0,2,5,5,12,0,6,14,5,25,24,18,42,67
03/10/2022,HKS,MS,ASO,ES,Federal Contract Tower,0,1,9,0,10,0,5,34,14,53,0,6,43,14,63,80,32,112,175
03/11/2022,HKS,MS,ASO,ES,Federal Contract Tower,0,2,14,2,18,0,10,9,6,25,0,12,23,8,43,2,4,6,49
03/12/2022,HKS,MS,ASO,ES,Federal Contract Tower,0,0,7,0,7,0,7,10,1,18,0,7,17,1,25,22,0,22,47
03/13/2022,HKS,MS,ASO,ES,Federal Contract Tower,0,14,0,0,14,0,0,19,4,23,0,14,19,4,37,46,8,54,91
03/14/2022,HKS,MS,ASO,ES,Federal Contract Tower,0,0,6,1,7,0,0,15,3,18,0,0,21,4,25,16,16,32,57
03/15/2022,HKS,MS,ASO,ES,Federal Contract Tower,0,4,5,2,11,0,0,1,5,6,0,4,6,7,17,0,22,22,39
03/16/2022,HKS,MS,ASO,ES,Federal Contract Tower,0,2,25,1,28,0,0,6,2,8,0,2,31,3,36,10,0,10,46
03/17/2022,HKS,MS,ASO,ES,Federal Contract Tower,0,0,10,1,11,0,0,15,5,20,0,0,25,6,31,2,0,2,33
03/18/2022,HKS,MS,ASO,ES,Federal Contract Tower,0,4,6,0,10,0,4,6,0,10,0,8,12,0,20,16,0,16,36
03/19/2022,HKS,MS,ASO,ES,Federal Contract Tower,0,0,9,0,9,0,2,13,0,15,0,2,22,0,24,32,0,32,56
03/20/2022,HKS,MS,ASO,ES,Federal Contract Tower,0,0,1,0,1,0,4,22,0,26,0,4,23,0,27,10,0,10,37
03/21/2022,HKS,MS,ASO,ES,Federal Contract Tower,0,0,6,0,6,0,12,18,0,30,0,12,24,0,36,26,0,26,62
03/22/2022,HKS,MS,ASO,ES,Federal Contract Tower,0,1,0,0,1,0,0,0,0,0,0,1,0,0,1,0,0,0,1
03/23/2022,HKS,MS,ASO,ES,Federal Contract Tower,0,7,19,0,26,0,5,6,12,23,0,12,25,12,49,0,36,36,85
03/24/2022,HKS,MS,ASO,ES,Federal Contract Tower,0,1,15,1,17,0,3,23,7,33,0,4,38,8,50,6,6,12,62
03/25/2022,HKS,MS,ASO,ES,Federal Contract Tower,0,3,10,1,14,0,5,26,4,35,0,8,36,5,49,8,6,14,63
03/26/2022,HKS,MS,ASO,ES,Federal Contract Tower,0,0,6,0,6,0,6,22,0,28,0,6,28,0,34,26,0,26,60
03/27/2022,HKS,MS,ASO,ES,Federal Contract Tower,0,2,9,0,11,0,3,14,2,19,0,5,23,2,30,6,0,6,36
03/28/2022,HKS,MS,ASO,ES,Federal Contract Tower,0,2,10,2,14,0,0,24,8,32,0,2,34,10,46,12,12,24,70
03/29/2022,HKS,MS,ASO,ES,Federal Contract Tower,0,0,7,3,10,0,4,10,13,27,0,4,17,16,37,10,56,66,103
03/30/2022,HKS,MS,ASO,ES,Federal Contract Tower,0,0,2,0,2,0,0,2,0,2,0,0,4,0,4,0,0,0,4
03/31/2022,HKS,MS,ASO,ES,Federal Contract Tower,0,0,14,3,17,0,3,15,16,34,0,3,29,19,51,60,36,96,147
04/01/2022,HKS,MS,ASO,ES,Federal Contract Tower,0,0,13,0,13,0,1,41,4,46,0,1,54,4,59,54,10,64,123
04/02/2022,HKS,MS,ASO,ES,Federal Contract Tower,0,1,5,0,6,0,3,24,3,30,0,4,29,3,36,32,26,58,94
04/03/2022,HKS,MS,ASO,ES,Federal Contract Tower,0,0,5,2,7,0,2,38,1,41,0,2,43,3,48,10,34,44,92
04/04/2022,HKS,MS,ASO,ES,Federal Contract Tower,0,2,8,0,10,0,2,16,0,18,0,4,24,0,28,6,0,6,34
04/05/2022,HKS,MS,ASO,ES,Federal Contract Tower,0,1,2,1,4,0,0,5,2,7,0,1,7,3,11,0,8,8,19
04/06/2022,HKS,MS,ASO,ES,Federal Contract Tower,0,2,9,2,13,0,2,6,2,10,0,4,15,4,23,26,14,40,63
04/07/2022,HKS,MS,ASO,ES,Federal Contract Tower,0,1,13,3,17,0,8,17,13,38,0,9,30,16,55,12,20,32,87
04/08/2022,HKS,MS,ASO,ES,Federal Contract Tower,0,3,9,5,17,0,9,9,6,24,0,12,18,11,41,4,34,38,79
04/09/2022,HKS,MS,ASO,ES,Federal Contract Tower,0,0,8,0,8,0,7,23,0,30,0,7,31,0,38,6,0,6,44
04/10/2022,HKS,MS,ASO,ES,Federal Contract Tower,0,0,10,0,10,0,4,23,0,27,0,4,33,0,37,14,0,14,51
04/11/2022,HKS,MS,ASO,ES,Federal Contract Tower,0,0,8,1,9,0,2,4,5,11,0,2,12,6,20,0,12,12,32
04/12/2022,HKS,MS,ASO,ES,Federal Contract Tower,0,2,12,2,16,0,5,1,12,18,0,7,13,14,34,0,40,40,74
04/13/2022,HKS,MS,ASO,ES,Federal Contract Tower,0,2,8,0,10,0,2,1,0,3,0,4,9,0,13,0,0,0,13
04/14/2022,HKS,MS,ASO,ES,Federal Contract Tower,0,4,6,2,12,0,4,17,8,29,0,8,23,10,41,34,44,78,119
04/15/2022,HKS,MS,ASO,ES,Federal Contract Tower,0,2,11,2,15,0,7,13,10,30,0,9,24,12,45,8,4,12,57
04/16/2022,HKS,MS,ASO,ES,Federal Contract Tower,0,2,4,0,6,0,0,0,0,0,0,2,4,0,6,0,0,0,6
04/17/2022,HKS,MS,ASO,ES,Federal Contract Tower,0,1,3,0,4,0,2,1,0,3,0,3,4,0,7,0,0,0,7
04/18/2022,HKS,MS,ASO,ES,Federal Contract Tower,0,0,15,0,15,0,1,10,0,11,0,1,25,0,26,22,0,22,48
04/19/2022,HKS,MS,ASO,ES,Federal Contract Tower,0,2,7,2,11,0,6,25,6,37,0,8,32,8,48,24,10,34,82
04/20/2022,HKS,MS,ASO,ES,Federal Contract Tower,0,5,11,0,16,0,4,15,2,21,0,9,26,2,37,30,0,30,67
04/21/2022,HKS,MS,ASO,ES,Federal Contract Tower,0,2,22,0,24,0,9,24,18,51,0,11,46,18,75,42,14,56,131
04/22/2022,HKS,MS,ASO,ES,Federal Contract Tower,0,4,11,0,15,0,2,19,3,24,0,6,30,3,39,34,0,34,73
04/23/2022,HKS,MS,ASO,ES,Federal Contract Tower,0,0,4,0,4,0,1,19,0,20,0,1,23,0,24,18,0,18,42
04/24/2022,HKS,MS,ASO,ES,Federal Contract Tower,0,1,8,0,9,0,7,11,1,19,0,8,19,1,28,10,0,10,38
04/25/2022,HKS,MS,ASO,ES,Federal Contract Tower,0,2,2,0,4,0,2,0,2,4,0,4,2,2,8,6,0,6,14
04/26/2022,HKS,MS,ASO,ES,Federal Contract Tower,0,1,15,0,16,0,6,12,12,30,0,7,27,12,46,8,6,14,60
04/27/2022,HKS,MS,ASO,ES,Federal Contract Tower,0,3,8,0,11,0,7,19,5,31,0,10,27,5,42,48,0,48,90
04/28/2022,HKS,MS,ASO,ES,Federal Contract Tower,0,0,18,0,18,0,1,12,4,17,0,1,30,4,35,70,0,70,105
04/29/2022,HKS,MS,ASO,ES,Federal Contract Tower,0,0,7,0,7,0,4,20,3,27,0,4,27,3,34,26,0,26,60
04/30/2022,HKS,MS,ASO,ES,Federal Contract Tower,0,2,9,0,11,0,12,10,3,25,0,14,19,3,36,2,0,2,38
05/01/2022,HKS,MS,ASO,ES,Federal Contract Tower,0,2,7,0,9,0,4,9,4,17,0,6,16,4,26,0,0,0,26
05/02/2022,HKS,MS,ASO,ES,Federal Contract Tower,0,0,11,0,11,0,0,7,0,7,0,0,18,0,18,32,0,32,50
05/03/2022,HKS,MS,ASO,ES,Federal Contract Tower,0,5,11,0,16,0,0,6,1,7,0,5,17,1,23,14,0,14,37
05/04/2022,HKS,MS,ASO,ES,Federal Contract Tower,0,4,13,6,23,0,7,17,6,30,0,11,30,12,53,64,8,72,125
05/05/2022,HKS,MS,ASO,ES,Federal Contract Tower,0,3,13,4,20,0,2,7,9,18,0,5,20,13,38,26,40,66,104
05/06/2022,HKS,MS,ASO,ES,Federal Contract Tower,0,3,3,0,6,0,17,4,0,21,0,20,7,0,27,0,0,0,27
05/07/2022,HKS,MS,ASO,ES,Federal Contract Tower,0,2,9,1,12,0,10,25,1,36,0,12,34,2,48,6,0,6,54
05/08/2022,HKS,MS,ASO,ES,Federal Contract Tower,0,1,6,0,7,0,1,12,0,13,0,2,18,0,20,10,0,10,30
05/09/2022,HKS,MS,ASO,ES,Federal Contract Tower,0,2,6,2,10,0,1,12,1,14,0,3,18,3,24,0,12,12,36
05/10/2022,HKS,MS,ASO,ES,Federal Contract Tower,0,0,14,3,17,0,3,17,7,27,0,3,31,10,44,32,4,36,80
05/11/2022,HKS,MS,ASO,ES,Federal Contract Tower,0,0,15,0,15,0,6,12,2,20,0,6,27,2,35,44,4,48,83
05/12/2022,HKS,MS,ASO,ES,Federal Contract Tower,0,0,14,2,16,0,10,18,6,34,0,10,32,8,50,16,18,34,84
05/13/2022,HKS,MS,ASO,ES,Federal Contract Tower,0,2,12,0,14,0,2,3,0,5,0,4,15,0,19,16,0,16,35
05/14/2022,HKS,MS,ASO,ES,Federal Contract Tower,0,3,2,0,5,0,4,17,0,21,0,7,19,0,26,24,0,24,50
05/15/2022,HKS,MS,ASO,ES,Federal Contract Tower,0,2,12,0,14,0,7,14,0,21,0,9,26,0,35,12,0,12,47
05/16/2022,HKS,MS,ASO,ES,Federal Contract Tower,0,0,7,0,7,0,9,15,4,28,0,9,22,4,35,12,0,12,47
05/17/2022,HKS,MS,ASO,ES,Federal Contract Tower,0,4,7,0,11,0,3,18,0,21,0,7,25,0,32,24,0,24,56
05/18/2022,HKS,MS,ASO,ES,Federal Contract Tower,0,1,9,0,10,0,6,11,6,23,0,7,20,6,33,0,8,8,41
05/19/2022,HKS,MS,ASO,ES,Federal Contract Tower,0,3,10,0,13,0,10,8,0,18,0,13,18,0,31,10,0,10,41
05/20/2022,HKS,MS,ASO,ES,Federal Contract Tower,0,0,14,0,14,0,2,20,1,23,0,2,34,1,37,12,0,12,49
05/21/2022,HKS,MS,ASO,ES,Federal Contract Tower,0,2,10,0,12,0,2,11,13,26,0,4,21,13,38,6,10,16,54
05/22/2022,HKS,MS,ASO,ES,Federal Contract Tower,0,1,8,0,9,0,1,2,1,4,0,2,10,1,13,4,0,4,17
05/23/2022,HKS,MS,ASO,ES,Federal Contract Tower,0,2,5,0,7,0,5,3,0,8,0,7,8,0,15,2,0,2,17
05/24/2022,HKS,MS,ASO,ES,Federal Contract Tower,0,4,9,2,15,0,3,3,7,13,0,7,12,9,28,10,2,12,40
05/25/2022,HKS,MS,ASO,ES,Federal Contract Tower,0,4,5,1,10,0,4,8,1,13,0,8,13,2,23,0,0,0,23
05/26/2022,HKS,MS,ASO,ES,Federal Contract Tower,0,2,7,2,11,0,4,6,4,14,0,6,13,6,25,6,36,42,67
05/27/2022,HKS,MS,ASO,ES,Federal Contract Tower,0,3,12,0,15,0,1,15,4,20,0,4,27,4,35,40,0,40,75
05/28/2022,HKS,MS,ASO,ES,Federal Contract Tower,0,0,1,0,1,0,2,11,1,14,0,2,12,1,15,0,0,0,15
05/29/2022,HKS,MS,ASO,ES,Federal Contract Tower,0,0,1,0,1,0,0,14,1,15,0,0,15,1,16,8,0,8,24
05/30/2022,HKS,MS,ASO,ES,Federal Contract Tower,0,1,8,0,9,0,10,14,0,24,0,11,22,0,33,26,0,26,59
05/31/2022,HKS,MS,ASO,ES,Federal Contract Tower,0,2,12,1,15,0,3,9,11,23,0,5,21,12,38,8,20,28,66
06/01/2022,HKS,MS,ASO,ES,Federal Contract Tower,0,2,10,0,12,0,2,14,1,17,0,4,24,1,29,4,14,18,47
06/02/2022,HKS,MS,ASO,ES,Federal Contract Tower,0,1,2,3,6,0,1,7,13,21,0,2,9,16,27,0,70,70,97
06/03/2022,HKS,MS,ASO,ES,Federal Contract Tower,0,1,3,1,5,0,6,11,3,20,0,7,14,4,25,30,14,44,69
06/04/2022,HKS,MS,ASO,ES,Federal Contract Tower,0,0,2,0,2,0,0,25,7,32,0,0,27,7,34,60,0,60,94
06/05/2022,HKS,MS,ASO,ES,Federal Contract Tower,0,3,11,0,14,0,3,14,0,17,0,6,25,0,31,24,0,24,55
06/06/2022,HKS,MS,ASO,ES,Federal Contract Tower,0,0,8,1,9,0,5,9,0,14,0,5,17,1,23,2,0,2,25
06/07/2022,HKS,MS,ASO,ES,Federal Contract Tower,0,2,4,3,9,0,8,14,9,31,0,10,18,12,40,14,18,32,72
06/08/2022,HKS,MS,ASO,ES,Federal Contract Tower,0,0,19,0,19,0,6,10,0,16,0,6,29,0,35,20,8,28,63
06/09/2022,HKS,MS,ASO,ES,Federal Contract Tower,0,0,14,2,16,0,6,17,13,36,0,6,31,15,52,30,24,54,106
06/10/2022,HKS,MS,ASO,ES,Federal Contract Tower,0,0,3,0,3,0,0,6,2,8,0,0,9,2,11,6,6,12,23
06/11/2022,HKS,MS,ASO,ES,Federal Contract Tower,0,1,5,0,6,0,2,17,0,19,0,3,22,0,25,52,0,52,77
06/12/2022,HKS,MS,ASO,ES,Federal Contract Tower,0,3,5,0,8,0,1,17,0,18,0,4,22,0,26,2,0,2,28
06/13/2022,HKS,MS,ASO,ES,Federal Contract Tower,0,0,13,0,13,0,6,21,0,27,0,6,34,0,40,18,0,18,58
06/14/2022,HKS,MS,ASO,ES,Federal Contract Tower,0,0,13,1,14,0,6,15,8,29,0,6,28,9,43,2,28,30,73
06/15/2022,HKS,MS,ASO,ES,Federal Contract Tower,0,3,5,5,13,0,7,17,3,27,0,10,22,8,40,16,6,22,62
06/16/2022,HKS,MS,ASO,ES,Federal Contract Tower,0,0,9,0,9,0,7,36,11,54,0,7,45,11,63,2,24,26,89
06/17/2022,HKS,MS,ASO,ES,Federal Contract Tower,0,0,9,3,12,0,6,16,12,34,0,6,25,15,46,8,24,32,78
06/18/2022,HKS,MS,ASO,ES,Federal Contract Tower,0,2,0,0,2,0,2,10,0,12,0,4,10,0,14,4,0,4,18
06/19/2022,HKS,MS,ASO,ES,Federal Contract Tower,0,1,8,0,9,0,5,9,0,14,0,6,17,0,23,4,0,4,27
06/20/2022,HKS,MS,ASO,ES,Federal Contract Tower,0,2,9,0,11,0,4,12,0,16,0,6,21,0,27,6,0,6,33
06/21/2022,HKS,MS,ASO,ES,Federal Contract Tower,0,1,6,2,9,0,8,17,14,39,0,9,23,16,48,10,36,46,94
06/22/2022,HKS,MS,ASO,ES,Federal Contract Tower,0,1,7,0,8,0,1,16,9,26,0,2,23,9,34,4,32,36,70
06/23/2022,HKS,MS,ASO,ES,Federal Contract Tower,0,0,12,0,12,0,2,16,15,33,0,2,28,15,45,18,62,80,125
06/24/2022,HKS,MS,ASO,ES,Federal Contract Tower,0,3,6,0,9,0,3,19,9,31,0,6,25,9,40,10,54,64,104
06/25/2022,HKS,MS,ASO,ES,Federal Contract Tower,0,0,8,0,8,0,5,10,0,15,0,5,18,0,23,6,0,6,29
06/26/2022,HKS,MS,ASO,ES,Federal Contract Tower,0,0,12,0,12,0,1,7,0,8,0,1,19,0,20,14,0,14,34
06/27/2022,HKS,MS,ASO,ES,Federal Contract Tower,0,0,8,0,8,0,3,5,0,8,0,3,13,0,16,4,0,4,20
06/28/2022,HKS,MS,ASO,ES,Federal Contract Tower,0,2,8,1,11,0,3,12,18,33,0,5,20,19,44,12,42,54,98
06/29/2022,HKS,MS,ASO,ES,Federal Contract Tower,0,0,2,2,4,0,2,3,7,12,0,2,5,9,16,0,24,24,40
06/30/2022,HKS,MS,ASO,ES,Federal Contract Tower,0,0,10,2,12,0,1,17,6,24,0,1,27,8,36,0,24,24,60
07/01/2022,HKS,MS,ASO,ES,Federal Contract Tower,0,1,10,0,11,0,2,0,0,2,0,3,10,0,13,4,0,4,17
07/02/2022,HKS,MS,ASO,ES,Federal Contract Tower,0,1,4,0,5,0,4,6,0,10,0,5,10,0,15,0,0,0,15
07/03/2022,HKS,MS,ASO,ES,Federal Contract Tower,0,0,5,0,5,0,1,7,0,8,0,1,12,0,13,14,0,14,27
07/04/2022,HKS,MS,ASO,ES,Federal Contract Tower,0,0,1,0,1,0,0,5,0,5,0,0,6,0,6,6,0,6,12
07/05/2022,HKS,MS,ASO,ES,Federal Contract Tower,0,0,9,2,11,0,1,13,9,23,0,1,22,11,34,2,46,48,82
07/06/2022,HKS,MS,ASO,ES,Federal Contract Tower,0,8,4,0,12,0,2,11,5,18,0,10,15,5,30,0,16,16,46
07/07/2022,HKS,MS,ASO,ES,Federal Contract Tower,0,0,10,4,14,0,2,17,10,29,0,2,27,14,43,28,34,62,105
07/08/2022,HKS,MS,ASO,ES,Federal Contract Tower,0,0,15,6,21,0,3,15,0,18,0,3,30,6,39,6,8,14,53
07/09/2022,HKS,MS,ASO,ES,Federal Contract Tower,0,0,6,0,6,0,10,12,0,22,0,10,18,0,28,20,0,20,48
07/10/2022,HKS,MS,ASO,ES,Federal Contract Tower,0,3,1,0,4,0,10,9,0,19,0,13,10,0,23,6,0,6,29
07/11/2022,HKS,MS,ASO,ES,Federal Contract Tower,0,0,7,0,7,0,12,11,0,23,0,12,18,0,30,8,0,8,38
07/12/2022,HKS,MS,ASO,ES,Federal Contract Tower,0,0,8,0,8,0,2,13,0,15,0,2,21,0,23,34,0,34,57
07/13/2022,HKS,MS,ASO,ES,Federal Contract Tower,0,3,13,0,16,0,2,10,0,12,0,5,23,0,28,4,0,4,32
07/14/2022,HKS,MS,ASO,ES,Federal Contract Tower,0,0,2,0,2,0,9,5,1,15,0,9,7,1,17,16,8,24,41
07/15/2022,HKS,MS,ASO,ES,Federal Contract Tower,0,3,8,0,11,0,3,9,0,12,0,6,17,0,23,32,0,32,55
07/16/2022,HKS,MS,ASO,ES,Federal Contract Tower,0,1,10,0,11,0,4,9,0,13,0,5,19,0,24,6,0,6,30
07/17/2022,HKS,MS,ASO,ES,Federal Contract Tower,0,1,7,0,8,0,4,3,0,7,0,5,10,0,15,24,0,24,39
07/18/2022,HKS,MS,ASO,ES,Federal Contract Tower,0,1,2,0,3,0,5,12,0,17,0,6,14,0,20,32,0,32,52
07/19/2022,HKS,MS,ASO,ES,Federal Contract Tower,0,1,16,0,17,0,2,9,3,14,0,3,25,3,31,8,22,30,61
07/20/2022,HKS,MS,ASO,ES,Federal Contract Tower,0,2,9,0,11,0,4,16,0,20,0,6,25,0,31,20,0,20,51
07/21/2022,HKS,MS,ASO,ES,Federal Contract Tower,0,2,5,0,7,0,6,11,2,19,0,8,16,2,26,8,4,12,38
07/22/2022,HKS,MS,ASO,ES,Federal Contract Tower,0,1,14,0,15,0,5,17,2,24,0,6,31,2,39,30,4,34,73
07/23/2022,HKS,MS,ASO,ES,Federal Contract Tower,0,4,8,0,12,0,0,1,0,1,0,4,9,0,13,2,0,2,15
07/24/2022,HKS,MS,ASO,ES,Federal Contract Tower,0,3,6,0,9,0,6,10,0,16,0,9,16,0,25,12,0,12,37
07/25/2022,HKS,MS,ASO,ES,Federal Contract Tower,0,1,3,0,4,0,3,8,0,11,0,4,11,0,15,16,0,16,31
07/26/2022,HKS,MS,ASO,ES,Federal Contract Tower,0,2,7,0,9,0,4,17,5,26,0,6,24,5,35,36,14,50,85
07/27/2022,HKS,MS,ASO,ES,Federal Contract Tower,0,0,8,0,8,0,7,19,2,28,0,7,27,2,36,14,2,16,52
07/28/2022,HKS,MS,ASO,ES,Federal Contract Tower,0,5,6,0,11,0,5,10,0,15,0,10,16,0,26,8,0,8,34
07/29/2022,HKS,MS,ASO,ES,Federal Contract Tower,0,3,5,0,8,0,8,6,0,14,0,11,11,0,22,32,0,32,54
07/30/2022,HKS,MS,ASO,ES,Federal Contract Tower,0,0,8,0,8,0,1,7,0,8,0,1,15,0,16,12,0,12,28
07/31/2022,HKS,MS,ASO,ES,Federal Contract Tower,0,0,8,0,8,0,3,12,0,15,0,3,20,0,23,2,0,2,25
08/01/2022,HKS,MS,ASO,ES,Federal Contract Tower,0,0,10,5,15,0,0,4,6,10,0,0,14,11,25,0,14,14,39
08/02/2022,HKS,MS,ASO,ES,Federal Contract Tower,0,0,3,2,5,0,0,3,19,22,0,0,6,21,27,0,30,30,57
08/03/2022,HKS,MS,ASO,ES,Federal Contract Tower,0,2,3,0,5,0,0,0,0,0,0,2,3,0,5,2,0,2,7
08/04/2022,HKS,MS,ASO,ES,Federal Contract Tower,0,2,12,5,19,0,1,0,6,7,0,3,12,11,26,32,2,34,60
08/05/2022,HKS,MS,ASO,ES,Federal Contract Tower,0,2,16,3,21,0,5,20,1,26,0,7,36,4,47,8,4,12,59
08/06/2022,HKS,MS,ASO,ES,Federal Contract Tower,0,0,9,4,13,0,2,30,4,36,0,2,39,8,49,16,0,16,65
08/07/2022,HKS,MS,ASO,ES,Federal Contract Tower,0,0,7,0,7,0,3,15,4,22,0,3,22,4,29,10,0,10,39
08/08/2022,HKS,MS,ASO,ES,Federal Contract Tower,0,1,6,0,7,0,0,20,2,22,0,1,26,2,29,32,0,32,61
08/09/2022,HKS,MS,ASO,ES,Federal Contract Tower,0,1,8,0,9,0,1,8,8,17,0,2,16,8,26,6,26,32,58
08/10/2022,HKS,MS,ASO,ES,Federal Contract Tower,0,4,11,0,15,0,3,6,3,12,0,7,17,3,27,10,0,10,37
08/11/2022,HKS,MS,ASO,ES,Federal Contract Tower,0,0,15,0,15,0,3,2,2,7,0,3,17,2,22,40,0,40,62
08/12/2022,HKS,MS,ASO,ES,Federal Contract Tower,0,3,4,0,7,0,1,15,4,20,0,4,19,4,27,38,8,46,73
08/13/2022,HKS,MS,ASO,ES,Federal Contract Tower,0,0,6,1,7,0,3,14,2,19,0,3,20,3,26,12,6,18,44
08/14/2022,HKS,MS,ASO,ES,Federal Contract Tower,0,3,9,0,12,0,8,15,0,23,0,11,24,0,35,58,0,58,93
08/15/2022,HKS,MS,ASO,ES,Federal Contract Tower,0,0,20,0,20,0,5,7,3,15,0,5,27,3,35,20,0,20,55
08/16/2022,HKS,MS,ASO,ES,Federal Contract Tower,0,2,4,0,6,0,6,19,8,33,0,8,23,8,39,32,12,44,83
08/17/2022,HKS,MS,ASO,ES,Federal Contract Tower,0,0,14,0,14,0,2,9,0,11,0,2,23,0,25,20,0,20,45
08/18/2022,HKS,MS,ASO,ES,Federal Contract Tower,0,0,6,2,8,0,2,1,2,5,0,2,7,4,13,8,0,8,21
08/19/2022,HKS,MS,ASO,ES,Federal Contract Tower,0,2,7,2,11,0,2,6,2,10,0,4,13,4,21,38,0,38,59
08/20/2022,HKS,MS,ASO,ES,Federal Contract Tower,0,2,9,0,11,0,2,7,0,9,0,4,16,0,20,14,0,14,34
08/21/2022,HKS,MS,ASO,ES,Federal Contract Tower,0,2,9,0,11,0,0,7,0,7,0,2,16,0,18,14,0,14,32
08/22/2022,HKS,MS,ASO,ES,Federal Contract Tower,0,0,3,0,3,0,0,1,0,1,0,0,4,0,4,0,0,0,4
08/23/2022,HKS,MS,ASO,ES,Federal Contract Tower,0,2,2,0,4,0,0,0,0,0,0,2,2,0,4,0,0,0,4
08/24/2022,HKS,MS,ASO,ES,Federal Contract Tower,0,2,2,0,4,0,0,0,0,0,0,2,2,0,4,2,0,2,6
08/25/2022,HKS,MS,ASO,ES,Federal Contract Tower,0,3,4,0,7,0,1,2,3,6,0,4,6,3,13,0,20,20,33
08/26/2022,HKS,MS,ASO,ES,Federal Contract Tower,0,2,4,0,6,0,0,7,0,7,0,2,11,0,13,28,0,28,41
08/27/2022,HKS,MS,ASO,ES,Federal Contract Tower,0,2,3,0,5,0,0,12,0,12,0,2,15,0,17,4,0,4,21
08/28/2022,HKS,MS,ASO,ES,Federal Contract Tower,0,0,4,0,4,0,2,5,0,7,0,2,9,0,11,16,0,16,27
08/29/2022,HKS,MS,ASO,ES,Federal Contract Tower,0,3,6,0,9,0,0,16,5,21,0,3,22,5,30,68,16,84,114
08/30/2022,HKS,MS,ASO,ES,Federal Contract Tower,0,2,3,1,6,0,5,14,10,29,0,7,17,11,35,8,32,40,75
08/31/2022,HKS,MS,ASO,ES,Federal Contract Tower,0,3,5,1,9,0,10,15,3,28,0,13,20,4,37,50,0,50,87
09/01/2022,HKS,MS,ASO,ES,Federal Contract Tower,0,5,12,1,18,0,4,27,1,32,0,9,39,2,50,70,0,70,120
09/02/2022,HKS,MS,ASO,ES,Federal Contract Tower,0,3,10,0,13,0,7,16,0,23,0,10,26,0,36,40,0,40,76
09/03/2022,HKS,MS,ASO,ES,Federal Contract Tower,0,5,3,0,8,0,7,10,0,17,0,12,13,0,25,8,0,8,33
09/04/2022,HKS,MS,ASO,ES,Federal Contract Tower,0,0,5,0,5,0,4,6,0,10,0,4,11,0,15,14,0,14,29
09/05/2022,HKS,MS,ASO,ES,Federal Contract Tower,0,2,8,0,10,0,3,7,0,10,0,5,15,0,20,42,0,42,62
09/06/2022,HKS,MS,ASO,ES,Federal Contract Tower,0,1,2,2,5,0,1,8,10,19,0,2,10,12,24,0,58,58,82
09/07/2022,HKS,MS,ASO,ES,Federal Contract Tower,0,0,4,6,10,0,2,16,3,21,0,2,20,9,31,32,8,40,71
09/08/2022,HKS,MS,ASO,ES,Federal Contract Tower,0,0,8,2,10,0,2,19,8,29,0,2,27,10,39,66,4,70,109
09/09/2022,HKS,MS,ASO,ES,Federal Contract Tower,0,0,2,0,2,0,0,7,2,9,0,0,9,2,11,8,0,8,19
09/10/2022,HKS,MS,ASO,ES,Federal Contract Tower,0,2,4,3,9,0,4,6,10,20,0,6,10,13,29,36,4,40,69
09/11/2022,HKS,MS,ASO,ES,Federal Contract Tower,0,1,3,0,4,0,6,7,1,14,0,7,10,1,18,8,0,8,26
09/12/2022,HKS,MS,ASO,ES,Federal Contract Tower,0,1,4,2,7,0,2,9,2,13,0,3,13,4,20,0,0,0,20
09/13/2022,HKS,MS,ASO,ES,Federal Contract Tower,0,0,7,1,8,0,4,13,13,30,0,4,20,14,38,20,20,40,78
09/14/2022,HKS,MS,ASO,ES,Federal Contract Tower,0,0,10,0,10,0,0,10,5,15,0,0,20,5,25,12,0,12,37
09/15/2022,HKS,MS,ASO,ES,Federal Contract Tower,0,1,12,2,15,0,3,22,0,25,0,4,34,2,40,56,6,62,102
09/16/2022,HKS,MS,ASO,ES,Federal Contract Tower,0,0,6,0,6,0,3,17,4,24,0,3,23,4,30,78,2,80,110
09/17/2022,HKS,MS,ASO,ES,Federal Contract Tower,0,6,1,0,7,0,2,21,0,23,0,8,22,0,30,34,0,34,64
09/18/2022,HKS,MS,ASO,ES,Federal Contract Tower,0,0,8,0,8,0,4,23,6,33,0,4,31,6,41,42,0,42,83
09/19/2022,HKS,MS,ASO,ES,Federal Contract Tower,0,0,8,0,8,0,6,17,0,23,0,6,25,0,31,0,0,0,31
09/20/2022,HKS,MS,ASO,ES,Federal Contract Tower,0,1,9,0,10,0,7,12,0,19,0,8,21,0,29,30,0,30,59
09/21/2022,HKS,MS,ASO,ES,Federal Contract Tower,0,7,6,0,13,0,3,9,2,14,0,10,15,2,27,44,0,44,71
09/22/2022,HKS,MS,ASO,ES,Federal Contract Tower,0,5,16,0,21,0,6,9,2,17,0,11,25,2,38,80,6,86,124
09/23/2022,HKS,MS,ASO,ES,Federal Contract Tower,0,2,14,0,16,0,2,27,1,30,0,4,41,1,46,44,0,44,90
09/24/2022,HKS,MS,ASO,ES,Federal Contract Tower,0,2,2,0,4,0,8,27,0,35,0,10,29,0,39,28,0,28,67
09/25/2022,HKS,MS,ASO,ES,Federal Contract Tower,0,1,12,0,13,0,2,20,0,22,0,3,32,0,35,80,0,80,115
09/26/2022,HKS,MS,ASO,ES,Federal Contract Tower,0,1,9,0,10,0,3,17,4,24,0,4,26,4,34,16,14,30,64
09/27/2022,HKS,MS,ASO,ES,Federal Contract Tower,0,0,19,0,19,0,2,17,2,21,0,2,36,2,40,10,0,10,50
09/28/2022,HKS,MS,ASO,ES,Federal Contract Tower,0,0,6,0,6,0,4,18,0,22,0,4,24,0,28,56,8,64,92
09/29/2022,HKS,MS,ASO,ES,Federal Contract Tower,0,3,15,0,18,0,2,17,6,25,0,5,32,6,43,68,16,84,127
09/30/2022,HKS,MS,ASO,ES,Federal Contract Tower,0,0,8,0,8,0,4,18,0,22,0,4,26,0,30,22,0,22,52
10/01/2022,HKS,MS,ASO,ES,Federal Contract Tower,0,1,1,0,2,0,4,15,0,19,0,5,16,0,21,28,0,28,49
10/02/2022,HKS,MS,ASO,ES,Federal Contract Tower,0,0,10,0,10,0,0,16,0,16,0,0,26,0,26,50,0,50,76
10/03/2022,HKS,MS,ASO,ES,Federal Contract Tower,0,2,11,0,13,0,7,13,0,20,0,9,24,0,33,0,0,0,33
10/04/2022,HKS,MS,ASO,ES,Federal Contract Tower,0,3,11,1,15,0,0,26,1,27,0,3,37,2,42,20,0,20,62
10/05/2022,HKS,MS,ASO,ES,Federal Contract Tower,0,4,7,0,11,0,8,22,0,30,0,12,29,0,41,12,0,12,53
10/06/2022,HKS,MS,ASO,ES,Federal Contract Tower,0,2,15,0,17,0,9,21,7,37,0,11,36,7,54,12,28,40,94
10/07/2022,HKS,MS,ASO,ES,Federal Contract Tower,0,3,13,0,16,0,12,19,4,35,0,15,32,4,51,2,0,2,53
10/08/2022,HKS,MS,ASO,ES,Federal Contract Tower,0,2,6,0,8,0,1,13,0,14,0,3,19,0,22,2,0,2,24
10/09/2022,HKS,MS,ASO,ES,Federal Contract Tower,0,4,14,1,19,0,3,15,1,19,0,7,29,2,38,42,2,44,82
10/10/2022,HKS,MS,ASO,ES,Federal Contract Tower,0,5,8,0,13,0,5,12,2,19,0,10,20,2,32,10,0,10,42
10/11/2022,HKS,MS,ASO,ES,Federal Contract Tower,0,2,16,9,27,0,3,19,11,33,0,5,35,20,60,14,40,54,114
10/12/2022,HKS,MS,ASO,ES,Federal Contract Tower,0,0,12,4,16,0,0,4,3,7,0,0,16,7,23,24,20,44,67
10/13/2022,HKS,MS,ASO,ES,Federal Contract Tower,0,2,7,2,11,0,4,11,18,33,0,6,18,20,44,14,8,22,66
10/14/2022,HKS,MS,ASO,ES,Federal Contract Tower,0,3,9,0,12,0,12,17,8,37,0,15,26,8,49,18,0,18,67
10/15/2022,HKS,MS,ASO,ES,Federal Contract Tower,0,0,5,0,5,0,4,12,3,19,0,4,17,3,24,4,0,4,28
10/16/2022,HKS,MS,ASO,ES,Federal Contract Tower,0,0,7,0,7,0,7,7,0,14,0,7,14,0,21,36,0,36,57
10/17/2022,HKS,MS,ASO,ES,Federal Contract Tower,0,2,17,0,19,0,12,9,0,21,0,14,26,0,40,2,0,2,42
10/18/2022,HKS,MS,ASO,ES,Federal Contract Tower,0,4,4,3,11,0,5,11,14,30,0,9,15,17,41,14,32,46,87
10/19/2022,HKS,MS,ASO,ES,Federal Contract Tower,0,6,13,2,21,0,5,20,4,29,0,11,33,6,50,48,6,54,104
10/20/2022,HKS,MS,ASO,ES,Federal Contract Tower,0,6,9,2,17,0,8,13,15,36,0,14,22,17,53,70,52,122,175
10/21/2022,HKS,MS,ASO,ES,Federal Contract Tower,0,6,13,4,23,0,4,18,12,34,0,10,31,16,57,18,18,36,93
10/22/2022,HKS,MS,ASO,ES,Federal Contract Tower,0,1,5,0,6,0,5,15,0,20,0,6,20,0,26,32,0,32,58
10/23/2022,HKS,MS,ASO,ES,Federal Contract Tower,0,2,8,0,10,0,11,24,1,36,0,13,32,1,46,12,0,12,58
10/24/2022,HKS,MS,ASO,ES,Federal Contract Tower,0,1,9,2,12,0,1,4,7,12,0,2,13,9,24,32,28,60,84
10/25/2022,HKS,MS,ASO,ES,Federal Contract Tower,0,3,3,1,7,0,7,6,15,28,0,10,9,16,35,14,42,56,91
10/26/2022,HKS,MS,ASO,ES,Federal Contract Tower,0,2,15,2,19,0,4,19,3,26,0,6,34,5,45,32,8,40,85
10/27/2022,HKS,MS,ASO,ES,Federal Contract Tower,0,5,14,2,21,0,5,13,15,33,0,10,27,17,54,8,28,36,90
10/28/2022,HKS,MS,ASO,ES,Federal Contract Tower,0,1,6,0,7,0,7,20,8,35,0,8,26,8,42,10,0,10,52
10/29/2022,HKS,MS,ASO,ES,Federal Contract Tower,0,1,2,1,4,0,3,0,3,6,0,4,2,4,10,0,0,0,10
10/30/2022,HKS,MS,ASO,ES,Federal Contract Tower,0,1,11,0,12,0,2,2,0,4,0,3,13,0,16,8,0,8,24
10/31/2022,HKS,MS,ASO,ES,Federal Contract Tower,0,2,12,0,14,0,1,15,2,18,0,3,27,2,32,44,0,44,76
11/01/2022,HKS,MS,ASO,ES,Federal Contract Tower,0,3,8,1,12,0,2,11,27,40,0,5,19,28,52,6,24,30,82
11/02/2022,HKS,MS,ASO,ES,Federal Contract Tower,0,3,14,1,18,0,1,30,10,41,0,4,44,11,59,32,16,48,107
11/03/2022,HKS,MS,ASO,ES,Federal Contract Tower,0,2,11,2,15,0,6,15,14,35,0,8,26,16,50,54,116,170,220
11/04/2022,HKS,MS,ASO,ES,Federal Contract Tower,0,5,8,2,15,0,7,3,7,17,0,12,11,9,32,0,20,20,52
11/05/2022,HKS,MS,ASO,ES,Federal Contract Tower,0,0,2,0,2,0,0,1,3,4,0,0,3,3,6,0,0,0,6
11/06/2022,HKS,MS,ASO,ES,Federal Contract Tower,0,2,17,3,22,0,4,5,0,9,0,6,22,3,31,26,0,26,57
11/07/2022,HKS,MS,ASO,ES,Federal Contract Tower,0,2,13,0,15,0,5,27,3,35,0,7,40,3,50,12,6,18,68
11/08/2022,HKS,MS,ASO,ES,Federal Contract Tower,0,2,8,1,11,0,2,17,17,36,0,4,25,18,47,14,68,82,129
11/09/2022,HKS,MS,ASO,ES,Federal Contract Tower,0,1,6,0,7,0,2,15,0,17,0,3,21,0,24,18,0,18,42
11/10/2022,HKS,MS,ASO,ES,Federal Contract Tower,0,0,12,0,12,0,2,14,6,22,0,2,26,6,34,32,0,32,66
11/11/2022,HKS,MS,ASO,ES,Federal Contract Tower,0,1,7,0,8,0,3,16,3,22,0,4,23,3,30,10,0,10,40
11/12/2022,HKS,MS,ASO,ES,Federal Contract Tower,0,1,2,4,7,0,1,3,11,15,0,2,5,15,22,0,40,40,62
11/13/2022,HKS,MS,ASO,ES,Federal Contract Tower,0,1,11,0,12,0,1,15,24,40,0,2,26,24,52,6,10,16,68
11/14/2022,HKS,MS,ASO,ES,Federal Contract Tower,0,4,6,0,10,0,0,5,0,5,0,4,11,0,15,0,0,0,15
11/15/2022,HKS,MS,ASO,ES,Federal Contract Tower,0,3,5,0,8,0,0,2,1,3,0,3,7,1,11,2,22,24,35
11/16/2022,HKS,MS,ASO,ES,Federal Contract Tower,0,3,8,2,13,0,3,13,23,39,0,6,21,25,52,6,44,50,102
11/17/2022,HKS,MS,ASO,ES,Federal Contract Tower,0,2,20,2,24,0,7,13,18,38,0,9,33,20,62,20,52,72,134
11/18/2022,HKS,MS,ASO,ES,Federal Contract Tower,0,0,13,2,15,0,5,16,7,28,0,5,29,9,43,16,28,44,87
11/19/2022,HKS,MS,ASO,ES,Federal Contract Tower,0,1,9,0,10,0,2,12,2,16,0,3,21,2,26,6,0,6,32
11/20/2022,HKS,MS,ASO,ES,Federal Contract Tower,0,3,10,0,13,0,8,17,2,27,0,11,27,2,40,12,0,12,52
11/21/2022,HKS,MS,ASO,ES,Federal Contract Tower,0,0,12,0,12,0,6,7,7,20,0,6,19,7,32,10,12,22,54
11/22/2022,HKS,MS,ASO,ES,Federal Contract Tower,0,2,11,2,15,0,1,20,16,37,0,3,31,18,52,16,18,34,86
11/23/2022,HKS,MS,ASO,ES,Federal Contract Tower,0,5,8,0,13,0,8,21,0,29,0,13,29,0,42,32,0,32,74
11/24/2022,HKS,MS,ASO,ES,Federal Contract Tower,0,0,2,0,2,0,1,0,0,1,0,1,2,0,3,4,0,4,7
11/25/2022,HKS,MS,ASO,ES,Federal Contract Tower,0,2,5,0,7,0,2,1,0,3,0,4,6,0,10,0,0,0,10
11/26/2022,HKS,MS,ASO,ES,Federal Contract Tower,0,4,3,0,7,0,0,0,0,0,0,4,3,0,7,0,0,0,7
11/27/2022,HKS,MS,ASO,ES,Federal Contract Tower,0,3,2,0,5,0,2,15,0,17,0,5,17,0,22,4,0,4,26
11/28/2022,HKS,MS,ASO,ES,Federal Contract Tower,0,0,6,0,6,0,0,17,8,25,0,0,23,8,31,22,40,62,93
11/29/2022,HKS,MS,ASO,ES,Federal Contract Tower,0,2,2,0,4,0,0,0,0,0,0,2,2,0,4,0,0,0,4
11/30/2022,HKS,MS,ASO,ES,Federal Contract Tower,0,3,10,4,17,0,2,11,10,23,0,5,21,14,40,18,48,66,106
12/01/2022,HKS,MS,ASO,ES,Federal Contract Tower,0,3,15,1,19,0,6,16,6,28,0,9,31,7,47,48,54,102,149
12/02/2022,HKS,MS,ASO,ES,Federal Contract Tower,0,0,20,0,20,0,6,17,13,36,0,6,37,13,56,20,32,52,108
12/03/2022,HKS,MS,ASO,ES,Federal Contract Tower,0,2,14,0,16,0,2,4,7,13,0,4,18,7,29,8,10,18,47
12/04/2022,HKS,MS,ASO,ES,Federal Contract Tower,0,1,4,0,5,0,0,4,0,4,0,1,8,0,9,2,0,2,11
12/05/2022,HKS,MS,ASO,ES,Federal Contract Tower,0,2,12,2,16,0,3,1,1,5,0,5,13,3,21,6,0,6,27
12/06/2022,HKS,MS,ASO,ES,Federal Contract Tower,0,6,14,6,26,0,2,16,11,29,0,8,30,17,55,8,74,82,137
12/07/2022,HKS,MS,ASO,ES,Federal Contract Tower,0,4,15,2,21,0,2,1,9,12,0,6,16,11,33,14,24,38,71
12/08/2022,HKS,MS,ASO,ES,Federal Contract Tower,0,4,13,4,21,0,11,14,12,37,0,15,27,16,58,22,30,52,110
12/09/2022,HKS,MS,ASO,ES,Federal Contract Tower,0,0,15,5,20,0,0,5,5,10,0,0,20,10,30,28,0,28,58
12/10/2022,HKS,MS,ASO,ES,Federal Contract Tower,0,4,21,0,25,0,0,10,0,10,0,4,31,0,35,46,0,46,81
12/11/2022,HKS,MS,ASO,ES,Federal Contract Tower,0,2,5,0,7,0,1,0,0,1,0,3,5,0,8,2,0,2,10
12/12/2022,HKS,MS,ASO,ES,Federal Contract Tower,0,0,5,0,5,0,0,0,0,0,0,0,5,0,5,16,0,16,21
12/13/2022,HKS,MS,ASO,ES,Federal Contract Tower,0,0,8,9,17,0,0,7,6,13,0,0,15,15,30,0,30,30,60
12/14/2022,HKS,MS,ASO,ES,Federal Contract Tower,0,1,3,0,4,0,0,1,0,1,0,1,4,0,5,2,0,2,7
12/15/2022,HKS,MS,ASO,ES,Federal Contract Tower,0,7,14,3,24,0,3,29,5,37,0,10,43,8,61,14,12,26,87
12/17/2022,HKS,MS,ASO,ES,Federal Contract Tower,0,0,9,0,9,0,2,21,0,23,0,2,30,0,32,8,0,8,40
12/18/2022,HKS,MS,ASO,ES,Federal Contract Tower,0,2,8,0,10,0,7,22,0,29,0,9,30,0,39,36,0,36,75
12/19/2022,HKS,MS,ASO,ES,Federal Contract Tower,0,2,3,0,5,0,0,3,5,8,0,2,6,5,13,0,12,12,25
12/20/2022,HKS,MS,ASO,ES,Federal Contract Tower,0,5,1,0,6,0,0,0,0,0,0,5,1,0,6,0,0,0,6
12/21/2022,HKS,MS,ASO,ES,Federal Contract Tower,0,2,4,0,6,0,0,0,0,0,0,2,4,0,6,0,0,0,6
12/22/2022,HKS,MS,ASO,ES,Federal Contract Tower,0,2,5,0,7,0,1,3,0,4,0,3,8,0,11,12,0,12,23
12/24/2022,HKS,MS,ASO,ES,Federal Contract Tower,0,0,0,0,0,0,6,1,0,7,0,6,1,0,7,0,0,0,7
12/25/2022,HKS,MS,ASO,ES,Federal Contract Tower,0,0,1,0,1,0,5,4,0,9,0,5,5,0,10,0,0,0,10
12/26/2022,HKS,MS,ASO,ES,Federal Contract Tower,0,1,4,0,5,0,3,9,0,12,0,4,13,0,17,24,0,24,41
12/27/2022,HKS,MS,ASO,ES,Federal Contract Tower,0,1,6,0,7,0,1,16,1,18,0,2,22,1,25,0,0,0,25
12/28/2022,HKS,MS,ASO,ES,Federal Contract Tower,0,1,16,0,17,0,5,10,0,15,0,6,26,0,32,4,0,4,36
12/29/2022,HKS,MS,ASO,ES,Federal Contract Tower,0,4,8,0,12,0,5,10,0,15,0,9,18,0,27,24,0,24,51
12/30/2022,HKS,MS,ASO,ES,Federal Contract Tower,0,2,2,0,4,0,0,2,0,2,0,2,4,0,6,0,0,0,6
12/31/2022,HKS,MS,ASO,ES,Federal Contract Tower,0,3,4,0,7,0,3,8,0,11,0,6,12,0,18,6,0,6,24
01/01/2023,HKS,MS,ASO,ES,Federal Contract Tower,0,2,8,0,10,0,5,26,0,31,0,7,34,0,41,24,0,24,65
01/02/2023,HKS,MS,ASO,ES,Federal Contract Tower,0,0,11,0,11,0,0,3,0,3,0,0,14,0,14,2,0,2,16
01/03/2023,HKS,MS,ASO,ES,Federal Contract Tower,0,4,0,0,4,0,0,0,8,8,0,4,0,8,12,0,50,50,62
01/04/2023,HKS,MS,ASO,ES,Federal Contract Tower,0,2,13,1,16,0,0,8,3,11,0,2,21,4,27,44,22,66,93
01/05/2023,HKS,MS,ASO,ES,Federal Contract Tower,0,4,8,1,13,0,6,23,11,40,0,10,31,12,53,8,18,26,79
01/06/2023,HKS,MS,ASO,ES,Federal Contract Tower,0,0,11,0,11,0,10,23,2,35,0,10,34,2,46,22,0,22,68
01/07/2023,HKS,MS,ASO,ES,Federal Contract Tower,0,2,2,0,4,0,0,10,1,11,0,2,12,1,15,12,0,12,27
01/08/2023,HKS,MS,ASO,ES,Federal Contract Tower,0,0,6,0,6,0,0,1,0,1,0,0,7,0,7,0,0,0,7
01/09/2023,HKS,MS,ASO,ES,Federal Contract Tower,0,0,14,0,14,0,3,17,0,20,0,3,31,0,34,10,0,10,44
01/10/2023,HKS,MS,ASO,ES,Federal Contract Tower,0,1,8,0,9,0,1,11,9,21,0,2,19,9,30,14,12,26,56
01/11/2023,HKS,MS,ASO,ES,Federal Contract Tower,0,4,7,1,12,0,8,7,0,15,0,12,14,1,27,18,2,20,47
01/12/2023,HKS,MS,ASO,ES,Federal Contract Tower,0,2,5,0,7,0,2,2,2,6,0,4,7,2,13,0,0,0,13
01/13/2023,HKS,MS,ASO,ES,Federal Contract Tower,0,0,7,0,7,0,4,19,1,24,0,4,26,1,31,6,0,6,37
01/14/2023,HKS,MS,ASO,ES,Federal Contract Tower,0,1,4,0,5,0,6,27,3,36,0,7,31,3,41,18,0,18,59
01/15/2023,HKS,MS,ASO,ES,Federal Contract Tower,0,1,10,0,11,0,0,18,5,23,0,1,28,5,34,20,0,20,54
01/16/2023,HKS,MS,ASO,ES,Federal Contract Tower,0,2,6,0,8,0,4,9,0,13,0,6,15,0,21,4,0,4,25
01/17/2023,HKS,MS,ASO,ES,Federal Contract Tower,0,2,10,3,15,0,5,3,11,19,0,7,13,14,34,16,66,82,116
01/18/2023,HKS,MS,ASO,ES,Federal Contract Tower,0,0,7,0,7,0,3,1,4,8,0,3,8,4,15,4,0,4,19
01/19/2023,HKS,MS,ASO,ES,Federal Contract Tower,0,2,9,1,12,0,1,12,6,19,0,3,21,7,31,10,12,22,53
01/20/2023,HKS,MS,ASO,ES,Federal Contract Tower,0,0,15,0,15,0,0,18,2,20,0,0,33,2,35,14,0,14,49
01/21/2023,HKS,MS,ASO,ES,Federal Contract Tower,0,0,3,0,3,0,0,14,0,14,0,0,17,0,17,4,0,4,21
01/22/2023,HKS,MS,ASO,ES,Federal Contract Tower,0,0,15,0,15,0,4,1,0,5,0,4,16,0,20,2,46,48,68
01/23/2023,HKS,MS,ASO,ES,Federal Contract Tower,0,2,12,0,14,0,3,13,2,18,0,5,25,2,32,8,0,8,40
01/24/2023,HKS,MS,ASO,ES,Federal Contract Tower,0,1,4,3,8,0,0,5,3,8,0,1,9,6,16,0,18,18,34
01/25/2023,HKS,MS,ASO,ES,Federal Contract Tower,0,4,13,0,17,0,3,2,2,7,0,7,15,2,24,0,0,0,24
01/26/2023,HKS,MS,ASO,ES,Federal Contract Tower,0,2,3,1,6,0,7,22,16,45,0,9,25,17,51,14,14,28,79
01/27/2023,HKS,MS,ASO,ES,Federal Contract Tower,0,1,7,2,10,0,10,25,9,44,0,11,32,11,54,8,14,22,76
01/28/2023,HKS,MS,ASO,ES,Federal Contract Tower,0,0,14,0,14,0,2,20,2,24,0,2,34,2,38,62,0,62,100
01/29/2023,HKS,MS,ASO,ES,Federal Contract Tower,0,0,1,0,1,0,0,0,0,0,0,0,1,0,1,0,0,0,1
01/30/2023,HKS,MS,ASO,ES,Federal Contract Tower,0,0,19,0,19,0,0,0,0,0,0,0,19,0,19,0,0,0,19
01/31/2023,HKS,MS,ASO,ES,Federal Contract Tower,0,1,3,0,4,0,0,0,0,0,0,1,3,0,4,0,0,0,4
02/01/2023,HKS,MS,ASO,ES,Federal Contract Tower,0,2,4,0,6,0,0,0,0,0,0,2,4,0,6,0,0,0,6
02/02/2023,HKS,MS,ASO,ES,Federal Contract Tower,0,5,2,0,7,0,0,0,0,0,0,5,2,0,7,0,0,0,7
02/03/2023,HKS,MS,ASO,ES,Federal Contract Tower,0,2,14,0,16,0,4,39,5,48,0,6,53,5,64,80,18,98,162
02/04/2023,HKS,MS,ASO,ES,Federal Contract Tower,0,1,17,0,18,0,0,22,0,22,0,1,39,0,40,34,0,34,74
02/05/2023,HKS,MS,ASO,ES,Federal Contract Tower,0,0,13,0,13,0,2,13,0,15,0,2,26,0,28,6,0,6,34
02/06/2023,HKS,MS,ASO,ES,Federal Contract Tower,0,1,12,0,13,0,8,12,1,21,0,9,24,1,34,38,0,38,72
02/07/2023,HKS,MS,ASO,ES,Federal Contract Tower,0,4,9,2,15,0,3,13,6,22,0,7,22,8,37,6,0,6,43
02/08/2023,HKS,MS,ASO,ES,Federal Contract Tower,0,4,6,0,10,0,2,1,0,3,0,6,7,0,13,0,0,0,13
02/09/2023,HKS,MS,ASO,ES,Federal Contract Tower,0,7,9,3,19,0,2,15,3,20,0,9,24,6,39,34,0,34,73
02/10/2023,HKS,MS,ASO,ES,Federal Contract Tower,0,1,9,1,11,0,1,25,12,38,0,2,34,13,49,68,42,110,159
02/11/2023,HKS,MS,ASO,ES,Federal Contract Tower,0,2,5,0,7,0,2,0,0,2,0,4,5,0,9,24,0,24,33
02/12/2023,HKS,MS,ASO,ES,Federal Contract Tower,0,1,5,0,6,0,12,6,6,24,0,13,11,6,30,60,8,68,98
02/13/2023,HKS,MS,ASO,ES,Federal Contract Tower,0,0,20,1,21,0,6,28,0,34,0,6,48,1,55,56,0,56,111
02/14/2023,HKS,MS,ASO,ES,Federal Contract Tower,0,0,9,3,12,0,1,0,3,4,0,1,9,6,16,0,0,0,16
02/15/2023,HKS,MS,ASO,ES,Federal Contract Tower,0,0,12,0,12,0,0,4,0,4,0,0,16,0,16,4,0,4,20
02/16/2023,HKS,MS,ASO,ES,Federal Contract Tower,0,1,1,0,2,0,0,0,0,0,0,1,1,0,2,0,0,0,2
02/17/2023,HKS,MS,ASO,ES,Federal Contract Tower,0,2,4,0,6,0,6,11,1,18,0,8,15,1,24,2,0,2,26
02/18/2023,HKS,MS,ASO,ES,Federal Contract Tower,0,0,16,0,16,0,3,21,0,24,0,3,37,0,40,30,0,30,70
02/19/2023,HKS,MS,ASO,ES,Federal Contract Tower,0,8,0,0,8,0,5,23,0,28,0,13,23,0,36,44,0,44,80
02/20/2023,HKS,MS,ASO,ES,Federal Contract Tower,0,2,15,0,17,0,1,4,0,5,0,3,19,0,22,0,0,0,22
02/21/2023,HKS,MS,ASO,ES,Federal Contract Tower,0,0,6,2,8,0,1,5,7,13,0,1,11,9,21,0,10,10,31
02/22/2023,HKS,MS,ASO,ES,Federal Contract Tower,0,0,9,0,9,0,2,0,2,4,0,2,9,2,13,0,26,26,39
02/23/2023,HKS,MS,ASO,ES,Federal Contract Tower,0,2,21,0,23,0,5,19,3,27,0,7,40,3,50,42,0,42,92
02/24/2023,HKS,MS,ASO,ES,Federal Contract Tower,0,0,6,3,9,0,3,14,2,19,0,3,20,5,28,22,40,62,90
02/25/2023,HKS,MS,ASO,ES,Federal Contract Tower,0,0,6,0,6,0,3,17,0,20,0,3,23,0,26,28,0,28,54
02/26/2023,HKS,MS,ASO,ES,Federal Contract Tower,0,2,10,0,12,0,3,11,0,14,0,5,21,0,26,0,0,0,26
02/27/2023,HKS,MS,ASO,ES,Federal Contract Tower,0,2,8,3,13,0,2,2,5,9,0,4,10,8,22,2,22,24,46
02/28/2023,HKS,MS,ASO,ES,Federal Contract Tower,0,0,11,2,13,0,4,26,7,37,0,4,37,9,50,60,12,72,122
03/01/2023,HKS,MS,ASO,ES,Federal Contract Tower,0,0,11,0,11,0,0,12,0,12,0,0,23,0,23,24,24,48,71
03/02/2023,HKS,MS,ASO,ES,Federal Contract Tower,0,1,3,0,4,0,6,4,2,12,0,7,7,2,16,48,4,52,68
03/03/2023,HKS,MS,ASO,ES,Federal Contract Tower,0,0,3,3,6,0,0,4,12,16,0,0,7,15,22,46,0,46,68
03/04/2023,HKS,MS,ASO,ES,Federal Contract Tower,0,0,7,0,7,0,4,24,6,34,0,4,31,6,41,24,2,26,67
03/05/2023,HKS,MS,ASO,ES,Federal Contract Tower,0,0,5,0,5,0,4,39,2,45,0,4,44,2,50,6,0,6,56
03/06/2023,HKS,MS,ASO,ES,Federal Contract Tower,0,1,15,4,20,0,7,13,0,20,0,8,28,4,40,24,0,24,64
03/07/2023,HKS,MS,ASO,ES,Federal Contract Tower,0,0,7,5,12,0,10,17,16,43,0,10,24,21,55,60,30,90,145
03/08/2023,HKS,MS,ASO,ES,Federal Contract Tower,0,1,6,0,7,0,0,4,0,4,0,1,10,0,11,0,6,6,17
03/09/2023,HKS,MS,ASO,ES,Federal Contract Tower,0,4,17,5,26,0,6,7,14,27,0,10,24,19,53,40,44,84,137
03/10/2023,HKS,MS,ASO,ES,Federal Contract Tower,0,2,12,0,14,0,1,0,0,1,0,3,12,0,15,10,0,10,25
03/11/2023,HKS,MS,ASO,ES,Federal Contract Tower,0,2,9,0,11,0,5,12,1,18,0,7,21,1,29,20,0,20,49
03/12/2023,HKS,MS,ASO,ES,Federal Contract Tower,0,0,7,0,7,0,0,1,0,1,0,0,8,0,8,0,0,0,8
03/13/2023,HKS,MS,ASO,ES,Federal Contract Tower,0,0,15,0,15,0,2,10,2,14,0,2,25,2,29,6,12,18,47
03/14/2023,HKS,MS,ASO,ES,Federal Contract Tower,0,1,14,4,19,0,2,11,11,24,0,3,25,15,43,6,28,34,77
03/15/2023,HKS,MS,ASO,ES,Federal Contract Tower,0,0,19,0,19,0,0,20,5,25,0,0,39,5,44,18,4,22,66
03/16/2023,HKS,MS,ASO,ES,Federal Contract Tower,0,0,4,0,4,0,3,15,4,22,0,3,19,4,26,2,16,18,44
03/18/2023,HKS,MS,ASO,ES,Federal Contract Tower,0,0,14,2,16,0,2,20,3,25,0,2,34,5,41,10,0,10,51
03/19/2023,HKS,MS,ASO,ES,Federal Contract Tower,0,0,2,0,2,0,2,13,0,15,0,2,15,0,17,20,0,20,37
03/20/2023,HKS,MS,ASO,ES,Federal Contract Tower,0,0,5,0,5,0,2,13,0,15,0,2,18,0,20,10,0,10,30
03/21/2023,HKS,MS,ASO,ES,Federal Contract Tower,0,2,2,0,4,0,3,20,13,36,0,5,22,13,40,14,28,42,82
03/22/2023,HKS,MS,ASO,ES,Federal Contract Tower,0,3,11,0,14,0,4,10,5,19,0,7,21,5,33,6,8,14,47
03/23/2023,HKS,MS,ASO,ES,Federal Contract Tower,0,4,14,0,18,0,6,12,6,24,0,10,26,6,42,70,8,78,120
03/24/2023,HKS,MS,ASO,ES,Federal Contract Tower,0,2,12,1,15,0,1,1,6,8,0,3,13,7,23,2,0,2,25
03/25/2023,HKS,MS,ASO,ES,Federal Contract Tower,0,0,14,0,14,0,3,19,2,24,0,3,33,2,38,28,0,28,66
03/26/2023,HKS,MS,ASO,ES,Federal Contract Tower,0,0,7,0,7,0,0,4,0,4,0,0,11,0,11,12,0,12,23
03/27/2023,HKS,MS,ASO,ES,Federal Contract Tower,0,2,4,0,6,0,2,21,4,27,0,4,25,4,33,36,8,44,77
03/28/2023,HKS,MS,ASO,ES,Federal Contract Tower,0,0,4,1,5,0,3,20,9,32,0,3,24,10,37,36,18,54,91
03/29/2023,HKS,MS,ASO,ES,Federal Contract Tower,0,1,27,1,29,0,1,14,1,16,0,2,41,2,45,52,0,52,97
03/30/2023,HKS,MS,ASO,ES,Federal Contract Tower,0,1,8,1,10,0,3,25,9,37,0,4,33,10,47,66,12,78,125
03/31/2023,HKS,MS,ASO,ES,Federal Contract Tower,0,3,10,0,13,0,7,4,1,12,0,10,14,1,25,4,2,6,31
04/01/2023,HKS,MS,ASO,ES,Federal Contract Tower,0,0,15,0,15,0,3,23,0,26,0,3,38,0,41,36,0,36,77
04/02/2023,HKS,MS,ASO,ES,Federal Contract Tower,0,1,21,0,22,0,0,21,0,21,0,1,42,0,43,96,0,96,139
04/03/2023,HKS,MS,ASO,ES,Federal Contract Tower,0,0,15,0,15,0,3,1,0,4,0,3,16,0,19,22,0,22,41
04/04/2023,HKS,MS,ASO,ES,Federal Contract Tower,0,0,15,3,18,0,8,5,7,20,0,8,20,10,38,8,16,24,62
04/05/2023,HKS,MS,ASO,ES,Federal Contract Tower,0,2,8,1,11,0,6,2,0,8,0,8,10,1,19,0,24,24,43
04/06/2023,HKS,MS,ASO,ES,Federal Contract Tower,0,0,9,0,9,0,0,1,0,1,0,0,10,0,10,2,0,2,12
04/07/2023,HKS,MS,ASO,ES,Federal Contract Tower,0,0,4,0,4,0,0,0,0,0,0,0,4,0,4,0,0,0,4
04/08/2023,HKS,MS,ASO,ES,Federal Contract Tower,0,0,2,0,2,0,0,0,0,0,0,0,2,0,2,0,0,0,2
04/09/2023,HKS,MS,ASO,ES,Federal Contract Tower,0,1,7,0,8,0,4,13,0,17,0,5,20,0,25,4,0,4,29
04/10/2023,HKS,MS,ASO,ES,Federal Contract Tower,0,0,14,0,14,0,2,13,1,16,0,2,27,1,30,32,12,44,74
04/11/2023,HKS,MS,ASO,ES,Federal Contract Tower,0,3,19,0,22,0,8,18,6,32,0,11,37,6,54,12,2,14,68
04/12/2023,HKS,MS,ASO,ES,Federal Contract Tower,0,2,10,0,12,0,4,11,3,18,0,6,21,3,30,48,0,48,78
04/13/2023,HKS,MS,ASO,ES,Federal Contract Tower,0,2,6,2,10,0,0,0,0,0,0,2,6,2,10,0,0,0,10
04/14/2023,HKS,MS,ASO,ES,Federal Contract Tower,0,2,11,0,13,0,1,8,4,13,0,3,19,4,26,10,0,10,36
04/15/2023,HKS,MS,ASO,ES,Federal Contract Tower,0,0,0,0,0,0,0,7,0,7,0,0,7,0,7,0,0,0,7
04/16/2023,HKS,MS,ASO,ES,Federal Contract Tower,0,0,10,1,11,0,2,14,9,25,0,2,24,10,36,10,4,14,50
04/17/2023,HKS,MS,ASO,ES,Federal Contract Tower,0,2,5,1,8,0,3,15,0,18,0,5,20,1,26,30,2,32,58
04/18/2023,HKS,MS,ASO,ES,Federal Contract Tower,0,3,10,0,13,0,4,16,0,20,0,7,26,0,33,44,0,44,77
04/19/2023,HKS,MS,ASO,ES,Federal Contract Tower,0,1,12,0,13,0,6,22,10,38,0,7,34,10,51,28,32,60,111
04/20/2023,HKS,MS,ASO,ES,Federal Contract Tower,0,2,9,0,11,0,1,21,5,27,0,3,30,5,38,6,0,6,44
04/21/2023,HKS,MS,ASO,ES,Federal Contract Tower,0,0,6,0,6,0,2,2,0,4,0,2,8,0,10,0,0,0,10
04/22/2023,HKS,MS,ASO,ES,Federal Contract Tower,0,0,4,0,4,0,0,21,1,22,0,0,25,1,26,60,0,60,86
04/23/2023,HKS,MS,ASO,ES,Federal Contract Tower,0,4,10,1,15,0,2,10,0,12,0,6,20,1,27,2,0,2,29
04/24/2023,HKS,MS,ASO,ES,Federal Contract Tower,0,0,12,0,12,0,1,13,4,18,0,1,25,4,30,24,0,24,54
04/25/2023,HKS,MS,ASO,ES,Federal Contract Tower,0,1,8,0,9,0,0,13,6,19,0,1,21,6,28,26,8,34,62
04/26/2023,HKS,MS,ASO,ES,Federal Contract Tower,0,2,8,0,10,0,1,4,5,10,0,3,12,5,20,8,0,8,28
04/27/2023,HKS,MS,ASO,ES,Federal Contract Tower,0,6,0,0,6,0,3,1,2,6,0,9,1,2,12,6,0,6,18
04/28/2023,HKS,MS,ASO,ES,Federal Contract Tower,0,0,8,0,8,0,2,15,0,17,0,2,23,0,25,14,0,14,39
04/29/2023,HKS,MS,ASO,ES,Federal Contract Tower,0,0,8,0,8,0,4,0,0,4,0,4,8,0,12,20,0,20,32
04/30/2023,HKS,MS,ASO,ES,Federal Contract Tower,0,2,5,0,7,0,2,12,0,14,0,4,17,0,21,4,0,4,25
05/01/2023,HKS,MS,ASO,ES,Federal Contract Tower,0,0,10,0,10,0,4,20,0,24,0,4,30,0,34,6,0,6,40
05/02/2023,HKS,MS,ASO,ES,Federal Contract Tower,0,2,8,0,10,0,4,15,1,20,0,6,23,1,30,46,0,46,76
05/03/2023,HKS,MS,ASO,ES,Federal Contract Tower,0,0,23,0,23,0,1,21,5,27,0,1,44,5,50,50,2,52,102
05/04/2023,HKS,MS,ASO,ES,Federal Contract Tower,0,0,19,2,21,0,1,22,6,29,0,1,41,8,50,58,14,72,122
05/05/2023,HKS,MS,ASO,ES,Federal Contract Tower,0,2,9,0,11,0,6,4,0,10,0,8,13,0,21,4,0,4,25
05/06/2023,HKS,MS,ASO,ES,Federal Contract Tower,0,0,13,0,13,0,0,1,0,1,0,0,14,0,14,2,0,2,16
05/07/2023,HKS,MS,ASO,ES,Federal Contract Tower,0,0,4,0,4,0,2,7,0,9,0,2,11,0,13,0,0,0,13
05/08/2023,HKS,MS,ASO,ES,Federal Contract Tower,0,2,8,0,10,0,4,3,3,10,0,6,11,3,20,6,16,22,42
05/09/2023,HKS,MS,ASO,ES,Federal Contract Tower,0,2,5,1,8,0,1,6,19,26,0,3,11,20,34,6,28,34,68
05/10/2023,HKS,MS,ASO,ES,Federal Contract Tower,0,0,4,6,10,0,1,2,1,4,0,1,6,7,14,4,2,6,20
05/11/2023,HKS,MS,ASO,ES,Federal Contract Tower,0,0,8,5,13,0,0,1,7,8,0,0,9,12,21,6,12,18,39
05/12/2023,HKS,MS,ASO,ES,Federal Contract Tower,0,0,5,2,7,0,0,8,2,10,0,0,13,4,17,28,2,30,47
05/13/2023,HKS,MS,ASO,ES,Federal Contract Tower,0,0,9,0,9,0,0,15,0,15,0,0,24,0,24,22,0,22,46
05/14/2023,HKS,MS,ASO,ES,Federal Contract Tower,0,0,6,0,6,0,2,16,0,18,0,2,22,0,24,4,0,4,28
05/15/2023,HKS,MS,ASO,ES,Federal Contract Tower,0,0,14,0,14,0,0,15,0,15,0,0,29,0,29,14,0,14,43
05/16/2023,HKS,MS,ASO,ES,Federal Contract Tower,0,0,12,2,14,0,4,12,8,24,0,4,24,10,38,6,14,20,58
05/17/2023,HKS,MS,ASO,ES,Federal Contract Tower,0,0,9,0,9,0,3,10,4,17,0,3,19,4,26,6,0,6,32
05/18/2023,HKS,MS,ASO,ES,Federal Contract Tower,0,2,15,0,17,0,4,17,1,22,0,6,32,1,39,15,0,15,54
05/19/2023,HKS,MS,ASO,ES,Federal Contract Tower,0,2,8,0,10,0,6,27,10,43,0,8,35,10,53,38,28,66,119
05/20/2023,HKS,MS,ASO,ES,Federal Contract Tower,0,0,6,0,6,0,1,11,7,19,0,1,17,7,25,16,0,16,41
05/21/2023,HKS,MS,ASO,ES,Federal Contract Tower,0,2,11,3,16,0,3,10,9,22,0,5,21,12,38,72,6,78,116
05/22/2023,HKS,MS,ASO,ES,Federal Contract Tower,0,0,8,4,12,0,4,18,2,24,0,4,26,6,36,8,2,10,46
05/23/2023,HKS,MS,ASO,ES,Federal Contract Tower,0,0,15,5,20,0,6,22,9,37,0,6,37,14,57,26,24,50,107
05/24/2023,HKS,MS,ASO,ES,Federal Contract Tower,0,0,15,6,21,0,2,4,4,10,0,2,19,10,31,0,0,0,31
05/25/2023,HKS,MS,ASO,ES,Federal Contract Tower,0,4,7,0,11,0,7,20,0,27,0,11,27,0,38,12,0,12,50
05/26/2023,HKS,MS,ASO,ES,Federal Contract Tower,0,2,16,0,18,0,7,20,0,27,0,9,36,0,45,22,0,22,67
05/27/2023,HKS,MS,ASO,ES,Federal Contract Tower,0,0,8,0,8,0,1,12,0,13,0,1,20,0,21,4,0,4,25
05/28/2023,HKS,MS,ASO,ES,Federal Contract Tower,0,0,9,0,9,0,3,18,0,21,0,3,27,0,30,0,0,0,30
05/29/2023,HKS,MS,ASO,ES,Federal Contract Tower,0,0,6,0,6,0,3,18,0,21,0,3,24,0,27,0,0,0,27
05/30/2023,HKS,MS,ASO,ES,Federal Contract Tower,0,1,11,1,13,0,3,27,10,40,0,4,38,11,53,70,18,88,141
05/31/2023,HKS,MS,ASO,ES,Federal Contract Tower,0,0,14,0,14,0,0,7,1,8,0,0,21,1,22,12,0,12,34
06/01/2023,HKS,MS,ASO,ES,Federal Contract Tower,0,0,12,0,12,0,4,19,12,35,0,4,31,12,47,10,10,20,67
06/02/2023,HKS,MS,ASO,ES,Federal Contract Tower,0,0,7,0,7,0,9,13,6,28,0,9,20,6,35,22,0,22,57
06/03/2023,HKS,MS,ASO,ES,Federal Contract Tower,0,0,8,0,8,0,8,20,2,30,0,8,28,2,38,12,0,12,50
06/04/2023,HKS,MS,ASO,ES,Federal Contract Tower,0,0,11,0,11,0,5,16,0,21,0,5,27,0,32,14,0,14,46
06/05/2023,HKS,MS,ASO,ES,Federal Contract Tower,0,0,10,2,12,0,4,5,7,16,0,4,15,9,28,4,0,4,32
06/06/2023,HKS,MS,ASO,ES,Federal Contract Tower,0,0,16,0,16,0,0,15,4,19,0,0,31,4,35,6,8,14,49
06/07/2023,HKS,MS,ASO,ES,Federal Contract Tower,0,0,14,0,14,0,0,13,4,17,0,0,27,4,31,10,0,10,41
06/08/2023,HKS,MS,ASO,ES,Federal Contract Tower,0,2,8,0,10,0,7,15,6,28,0,9,23,6,38,28,0,28,66
06/09/2023,HKS,MS,ASO,ES,Federal Contract Tower,0,13,1,0,14,0,5,19,3,27,0,18,20,3,41,26,0,26,67
06/10/2023,HKS,MS,ASO,ES,Federal Contract Tower,0,0,8,0,8,0,2,8,0,10,0,2,16,0,18,28,0,28,46
06/11/2023,HKS,MS,ASO,ES,Federal Contract Tower,0,0,8,0,8,0,10,10,1,21,0,10,18,1,29,6,0,6,35
06/12/2023,HKS,MS,ASO,ES,Federal Contract Tower,0,2,13,0,15,0,2,7,0,9,0,4,20,0,24,6,0,6,30
06/13/2023,HKS,MS,ASO,ES,Federal Contract Tower,0,0,2,0,2,0,2,6,9,17,0,2,8,9,19,2,56,58,77
06/15/2023,HKS,MS,ASO,ES,Federal Contract Tower,0,0,11,0,11,0,5,8,2,15,0,5,19,2,26,16,0,16,42
06/16/2023,HKS,MS,ASO,ES,Federal Contract Tower,0,0,12,0,12,0,2,7,2,11,0,2,19,2,23,10,0,10,33
06/17/2023,HKS,MS,ASO,ES,Federal Contract Tower,0,0,12,0,12,0,1,19,1,21,0,1,31,1,33,20,0,20,53
06/18/2023,HKS,MS,ASO,ES,Federal Contract Tower,0,0,0,0,0,0,0,0,0,0,0,0,0,0,0,0,0,0,0
06/19/2023,HKS,MS,ASO,ES,Federal Contract Tower,0,0,11,0,11,0,2,8,3,13,0,2,19,3,24,12,0,12,36
06/20/2023,HKS,MS,ASO,ES,Federal Contract Tower,0,0,10,2,12,0,4,16,10,30,0,4,26,12,42,24,14,38,80
06/21/2023,HKS,MS,ASO,ES,Federal Contract Tower,0,2,9,0,11,0,6,21,2,29,0,8,30,2,40,24,6,30,70
06/22/2023,HKS,MS,ASO,ES,Federal Contract Tower,0,0,20,0,20,0,0,17,5,22,0,0,37,5,42,60,6,66,108
06/23/2023,HKS,MS,ASO,ES,Federal Contract Tower,0,0,10,0,10,0,2,13,0,15,0,2,23,0,25,14,0,14,39
06/24/2023,HKS,MS,ASO,ES,Federal Contract Tower,0,0,0,0,0,0,1,27,2,30,0,1,27,2,30,10,0,10,40
06/25/2023,HKS,MS,ASO,ES,Federal Contract Tower,0,0,10,0,10,0,2,10,4,16,0,2,20,4,26,16,10,26,52
06/26/2023,HKS,MS,ASO,ES,Federal Contract Tower,0,2,5,0,7,0,3,7,0,10,0,5,12,0,17,2,0,2,19
06/27/2023,HKS,MS,ASO,ES,Federal Contract Tower,0,1,10,0,11,0,0,10,4,14,0,1,20,4,25,18,14,32,57
06/28/2023,HKS,MS,ASO,ES,Federal Contract Tower,0,4,14,0,18,0,6,11,2,19,0,10,25,2,37,0,0,0,37
06/29/2023,HKS,MS,ASO,ES,Federal Contract Tower,0,0,16,1,17,0,3,14,7,24,0,3,30,8,41,6,6,12,53
06/30/2023,HKS,MS,ASO,ES,Federal Contract Tower,0,0,7,2,9,0,0,14,0,14,0,0,21,2,23,0,0,0,23
07/01/2023,HKS,MS,ASO,ES,Federal Contract Tower,0,0,11,0,11,0,3,7,0,10,0,3,18,0,21,6,0,6,27
07/02/2023,HKS,MS,ASO,ES,Federal Contract Tower,0,0,5,0,5,0,8,4,0,12,0,8,9,0,17,0,0,0,17
07/03/2023,HKS,MS,ASO,ES,Federal Contract Tower,0,0,4,0,4,0,3,3,0,6,0,3,7,0,10,8,0,8,18
07/04/2023,HKS,MS,ASO,ES,Federal Contract Tower,0,1,3,0,4,0,3,5,0,8,0,4,8,0,12,2,0,2,14
07/05/2023,HKS,MS,ASO,ES,Federal Contract Tower,0,0,9,0,9,0,3,12,3,18,0,3,21,3,27,4,0,4,31
07/06/2023,HKS,MS,ASO,ES,Federal Contract Tower,0,0,4,1,5,0,1,3,11,15,0,1,7,12,20,14,6,20,40
07/07/2023,HKS,MS,ASO,ES,Federal Contract Tower,0,0,10,0,10,0,2,5,3,10,0,2,15,3,20,8,0,8,28
07/08/2023,HKS,MS,ASO,ES,Federal Contract Tower,0,0,4,0,4,0,1,14,1,16,0,1,18,1,20,30,0,30,50
07/09/2023,HKS,MS,ASO,ES,Federal Contract Tower,0,0,4,0,4,0,0,3,1,4,0,0,7,1,8,4,0,4,12
07/10/2023,HKS,MS,ASO,ES,Federal Contract Tower,0,0,15,0,15,0,1,8,0,9,0,1,23,0,24,16,0,16,40
07/11/2023,HKS,MS,ASO,ES,Federal Contract Tower,0,2,6,0,8,0,0,2,6,8,0,2,8,6,16,4,12,16,32
07/12/2023,HKS,MS,ASO,ES,Federal Contract Tower,0,2,6,0,8,0,1,9,1,11,0,3,15,1,19,4,0,4,23
07/13/2023,HKS,MS,ASO,ES,Federal Contract Tower,0,0,6,0,6,0,0,10,0,10,0,0,16,0,16,4,0,4,20
07/14/2023,HKS,MS,ASO,ES,Federal Contract Tower,0,0,9,0,9,0,1,15,10,26,0,1,24,10,35,28,0,28,63
07/15/2023,HKS,MS,ASO,ES,Federal Contract Tower,0,0,1,0,1,0,4,16,0,20,0,4,17,0,21,54,0,54,75
07/16/2023,HKS,MS,ASO,ES,Federal Contract Tower,0,2,7,0,9,0,3,11,0,14,0,5,18,0,23,24,0,24,47
07/17/2023,HKS,MS,ASO,ES,Federal Contract Tower,0,0,17,1,18,0,1,7,0,8,0,1,24,1,26,18,0,18,44
07/18/2023,HKS,MS,ASO,ES,Federal Contract Tower,0,0,12,2,14,0,0,13,3,16,0,0,25,5,30,20,12,32,62
07/19/2023,HKS,MS,ASO,ES,Federal Contract Tower,0,4,3,0,7,0,8,1,2,11,0,12,4,2,18,42,0,42,60
07/20/2023,HKS,MS,ASO,ES,Federal Contract Tower,0,0,11,1,12,0,2,16,2,20,0,2,27,3,32,20,8,28,60
07/21/2023,HKS,MS,ASO,ES,Federal Contract Tower,0,0,9,0,9,0,0,0,0,0,0,0,9,0,9,12,0,12,21
07/22/2023,HKS,MS,ASO,ES,Federal Contract Tower,0,0,10,0,10,0,0,5,0,5,0,0,15,0,15,6,0,6,21
07/23/2023,HKS,MS,ASO,ES,Federal Contract Tower,0,0,6,0,6,0,2,9,0,11,0,2,15,0,17,8,0,8,25
07/24/2023,HKS,MS,ASO,ES,Federal Contract Tower,0,0,9,0,9,0,0,13,0,13,0,0,22,0,22,42,0,42,64
07/25/2023,HKS,MS,ASO,ES,Federal Contract Tower,0,2,9,0,11,0,8,17,9,34,0,10,26,9,45,2,18,20,65
07/26/2023,HKS,MS,ASO,ES,Federal Contract Tower,0,2,11,0,13,0,0,6,0,6,0,2,17,0,19,12,0,12,31
07/27/2023,HKS,MS,ASO,ES,Federal Contract Tower,0,1,19,1,21,0,3,15,1,19,0,4,34,2,40,30,6,36,76
07/28/2023,HKS,MS,ASO,ES,Federal Contract Tower,0,0,3,1,4,0,3,9,0,12,0,3,12,1,16,0,4,4,20
07/29/2023,HKS,MS,ASO,ES,Federal Contract Tower,0,0,6,0,6,0,2,5,0,7,0,2,11,0,13,8,0,8,21
07/30/2023,HKS,MS,ASO,ES,Federal Contract Tower,0,0,10,0,10,0,1,8,0,9,0,1,18,0,19,0,0,0,19
07/31/2023,HKS,MS,ASO,ES,Federal Contract Tower,0,0,14,0,14,0,4,15,3,22,0,4,29,3,36,28,8,36,72
08/01/2023,HKS,MS,ASO,ES,Federal Contract Tower,0,0,6,0,6,0,8,11,7,26,0,8,17,7,32,4,6,10,42
08/02/2023,HKS,MS,ASO,ES,Federal Contract Tower,0,0,10,0,10,0,6,11,4,21,0,6,21,4,31,12,0,12,43
08/03/2023,HKS,MS,ASO,ES,Federal Contract Tower,0,0,17,1,18,0,6,12,2,20,0,6,29,3,38,38,0,38,76
08/04/2023,HKS,MS,ASO,ES,Federal Contract Tower,0,0,10,1,11,0,7,15,4,26,0,7,25,5,37,2,0,2,39
08/05/2023,HKS,MS,ASO,ES,Federal Contract Tower,0,0,5,0,5,0,2,21,3,26,0,2,26,3,31,12,0,12,43
08/06/2023,HKS,MS,ASO,ES,Federal Contract Tower,0,0,7,0,7,0,3,7,3,13,0,3,14,3,20,16,0,16,36
08/07/2023,HKS,MS,ASO,ES,Federal Contract Tower,0,1,8,0,9,0,0,6,0,6,0,1,14,0,15,16,0,16,31
08/08/2023,HKS,MS,ASO,ES,Federal Contract Tower,0,0,10,1,11,0,2,11,5,18,0,2,21,6,29,16,18,34,63
08/09/2023,HKS,MS,ASO,ES,Federal Contract Tower,0,0,16,0,16,0,6,4,2,12,0,6,20,2,28,4,14,18,46
08/10/2023,HKS,MS,ASO,ES,Federal Contract Tower,0,2,15,0,17,0,4,8,6,18,0,6,23,6,35,26,12,38,73
08/11/2023,HKS,MS,ASO,ES,Federal Contract Tower,0,4,9,0,13,0,7,17,3,27,0,11,26,3,40,8,0,8,48
08/12/2023,HKS,MS,ASO,ES,Federal Contract Tower,0,0,13,0,13,0,8,12,0,20,0,8,25,0,33,36,0,36,69
08/13/2023,HKS,MS,ASO,ES,Federal Contract Tower,0,0,9,0,9,0,7,17,0,24,0,7,26,0,33,14,0,14,47
08/14/2023,HKS,MS,ASO,ES,Federal Contract Tower,0,0,11,0,11,0,2,13,3,18,0,2,24,3,29,30,6,36,65
08/15/2023,HKS,MS,ASO,ES,Federal Contract Tower,0,0,8,1,9,0,3,16,7,26,0,3,24,8,35,4,18,22,57
08/16/2023,HKS,MS,ASO,ES,Federal Contract Tower,0,0,12,0,12,0,8,21,8,37,0,8,33,8,49,32,0,32,81
08/17/2023,HKS,MS,ASO,ES,Federal Contract Tower,0,0,10,0,10,0,2,16,4,22,0,2,26,4,32,36,0,36,68
08/18/2023,HKS,MS,ASO,ES,Federal Contract Tower,0,0,13,0,13,0,0,25,15,40,0,0,38,15,53,40,36,76,129
08/19/2023,HKS,MS,ASO,ES,Federal Contract Tower,0,0,4,0,4,0,0,19,7,26,0,0,23,7,30,40,10,50,80
08/20/2023,HKS,MS,ASO,ES,Federal Contract Tower,0,0,8,0,8,0,1,18,0,19,0,1,26,0,27,32,0,32,59
08/21/2023,HKS,MS,ASO,ES,Federal Contract Tower,0,0,0,0,0,0,4,15,2,21,0,4,15,2,21,24,0,24,45
08/22/2023,HKS,MS,ASO,ES,Federal Contract Tower,0,0,7,0,7,0,4,8,3,15,0,4,15,3,22,0,6,6,28
08/23/2023,HKS,MS,ASO,ES,Federal Contract Tower,0,0,8,0,8,0,5,11,13,29,0,5,19,13,37,20,10,30,67
08/24/2023,HKS,MS,ASO,ES,Federal Contract Tower,0,0,4,1,5,0,2,3,5,10,0,2,7,6,15,0,28,28,43
08/25/2023,HKS,MS,ASO,ES,Federal Contract Tower,0,2,10,1,13,0,2,8,6,16,0,4,18,7,29,8,14,22,51
08/26/2023,HKS,MS,ASO,ES,Federal Contract Tower,0,1,12,4,17,0,5,15,0,20,0,6,27,4,37,26,0,26,63
08/27/2023,HKS,MS,ASO,ES,Federal Contract Tower,0,0,8,0,8,0,6,12,0,18,0,6,20,0,26,2,0,2,28
08/28/2023,HKS,MS,ASO,ES,Federal Contract Tower,0,2,5,0,7,0,7,10,2,19,0,9,15,2,26,2,6,8,34
08/29/2023,HKS,MS,ASO,ES,Federal Contract Tower,0,0,9,3,12,0,0,9,8,17,0,0,18,11,29,2,8,10,39
08/30/2023,HKS,MS,ASO,ES,Federal Contract Tower,0,0,11,2,13,0,6,12,0,18,0,6,23,2,31,14,0,14,45
08/31/2023,HKS,MS,ASO,ES,Federal Contract Tower,0,3,13,1,17,0,8,19,2,29,0,11,32,3,46,30,0,30,76
