01/01/2020,HKY,NC,ASO,ES,Federal Contract Tower,0,2,2,0,4,0,3,60,0,63,0,5,62,0,67,24,0,24,91
01/02/2020,HKY,NC,ASO,ES,Federal Contract Tower,0,4,12,0,16,0,6,9,2,17,0,10,21,2,33,4,0,4,37
01/03/2020,HKY,NC,ASO,ES,Federal Contract Tower,0,3,1,0,4,0,0,0,0,0,0,3,1,0,4,0,0,0,4
01/04/2020,HKY,NC,ASO,ES,Federal Contract Tower,0,5,8,0,13,0,3,1,0,4,0,8,9,0,17,0,0,0,17
01/05/2020,HKY,NC,ASO,ES,Federal Contract Tower,0,6,8,0,14,0,2,21,0,23,0,8,29,0,37,4,0,4,41
01/06/2020,HKY,NC,ASO,ES,Federal Contract Tower,0,3,4,0,7,0,11,23,0,34,0,14,27,0,41,10,0,10,51
01/07/2020,HKY,NC,ASO,ES,Federal Contract Tower,0,4,2,0,6,0,3,4,0,7,0,7,6,0,13,0,0,0,13
01/08/2020,HKY,NC,ASO,ES,Federal Contract Tower,0,5,1,0,6,0,1,19,0,20,0,6,20,0,26,22,2,24,50
01/09/2020,HKY,NC,ASO,ES,Federal Contract Tower,0,12,2,0,14,0,4,83,3,90,0,16,85,3,104,18,0,18,122
01/10/2020,HKY,NC,ASO,ES,Federal Contract Tower,0,3,7,0,10,0,1,16,3,20,0,4,23,3,30,22,0,22,52
01/11/2020,HKY,NC,ASO,ES,Federal Contract Tower,0,4,2,3,9,0,1,0,2,3,0,5,2,5,12,2,0,2,14
01/12/2020,HKY,NC,ASO,ES,Federal Contract Tower,0,6,3,0,9,0,2,93,1,96,0,8,96,1,105,44,0,44,149
01/13/2020,HKY,NC,ASO,ES,Federal Contract Tower,0,2,0,0,2,0,0,2,0,2,0,2,2,0,4,20,0,20,24
01/14/2020,HKY,NC,ASO,ES,Federal Contract Tower,0,4,1,0,5,0,2,3,0,5,0,6,4,0,10,0,0,0,10
01/15/2020,HKY,NC,ASO,ES,Federal Contract Tower,0,3,8,2,13,0,0,15,3,18,0,3,23,5,31,40,44,84,115
01/16/2020,HKY,NC,ASO,ES,Federal Contract Tower,0,5,2,0,7,0,2,13,6,21,0,7,15,6,28,42,0,42,70
01/17/2020,HKY,NC,ASO,ES,Federal Contract Tower,0,8,5,0,13,0,7,60,4,71,0,15,65,4,84,46,0,46,130
01/18/2020,HKY,NC,ASO,ES,Federal Contract Tower,0,0,0,0,0,0,0,3,1,4,0,0,3,1,4,12,0,12,16
01/19/2020,HKY,NC,ASO,ES,Federal Contract Tower,0,3,2,0,5,0,3,31,2,36,0,6,33,2,41,22,0,22,63
01/20/2020,HKY,NC,ASO,ES,Federal Contract Tower,0,3,12,0,15,0,5,33,0,38,0,8,45,0,53,0,0,0,53
01/21/2020,HKY,NC,ASO,ES,Federal Contract Tower,0,14,14,0,28,0,1,36,2,39,0,15,50,2,67,28,0,28,95
01/22/2020,HKY,NC,ASO,ES,Federal Contract Tower,0,2,5,0,7,0,6,29,3,38,0,8,34,3,45,32,6,38,83
01/23/2020,HKY,NC,ASO,ES,Federal Contract Tower,0,3,17,0,20,0,1,46,2,49,0,4,63,2,69,40,0,40,109
01/24/2020,HKY,NC,ASO,ES,Federal Contract Tower,0,9,7,1,17,0,0,0,0,0,0,9,7,1,17,0,0,0,17
01/25/2020,HKY,NC,ASO,ES,Federal Contract Tower,0,2,5,0,7,0,6,40,0,46,0,8,45,0,53,12,0,12,65
01/26/2020,HKY,NC,ASO,ES,Federal Contract Tower,0,3,12,0,15,0,6,71,2,79,0,9,83,2,94,44,0,44,138
01/27/2020,HKY,NC,ASO,ES,Federal Contract Tower,0,3,6,0,9,0,0,13,6,19,0,3,19,6,28,0,0,0,28
01/28/2020,HKY,NC,ASO,ES,Federal Contract Tower,0,4,6,4,14,0,2,67,5,74,0,6,73,9,88,96,0,96,184
01/29/2020,HKY,NC,ASO,ES,Federal Contract Tower,0,12,7,2,21,0,2,27,0,29,0,14,34,2,50,0,0,0,50
01/30/2020,HKY,NC,ASO,ES,Federal Contract Tower,0,9,13,0,22,0,2,59,0,61,0,11,72,0,83,76,0,76,159
01/31/2020,HKY,NC,ASO,ES,Federal Contract Tower,0,0,5,0,5,0,2,11,0,13,0,2,16,0,18,4,0,4,22
02/01/2020,HKY,NC,ASO,ES,Federal Contract Tower,0,5,11,0,16,0,3,25,0,28,0,8,36,0,44,14,0,14,58
02/02/2020,HKY,NC,ASO,ES,Federal Contract Tower,0,1,4,0,5,0,7,21,0,28,0,8,25,0,33,4,0,4,37
02/03/2020,HKY,NC,ASO,ES,Federal Contract Tower,2,5,10,0,17,0,0,56,2,58,2,5,66,2,75,24,0,24,99
02/04/2020,HKY,NC,ASO,ES,Federal Contract Tower,0,14,11,0,25,0,0,26,0,26,0,14,37,0,51,2,0,2,53
02/05/2020,HKY,NC,ASO,ES,Federal Contract Tower,0,9,4,0,13,0,0,0,0,0,0,9,4,0,13,0,0,0,13
02/06/2020,HKY,NC,ASO,ES,Federal Contract Tower,0,1,0,0,1,0,0,0,0,0,0,1,0,0,1,0,0,0,1
02/07/2020,HKY,NC,ASO,ES,Federal Contract Tower,0,6,3,0,9,0,3,4,0,7,0,9,7,0,16,0,0,0,16
02/08/2020,HKY,NC,ASO,ES,Federal Contract Tower,0,4,0,0,4,0,1,94,2,97,0,5,94,2,101,14,0,14,115
02/09/2020,HKY,NC,ASO,ES,Federal Contract Tower,0,6,4,0,10,0,4,55,0,59,0,10,59,0,69,54,0,54,123
02/10/2020,HKY,NC,ASO,ES,Federal Contract Tower,0,6,7,0,13,0,1,18,0,19,0,7,25,0,32,16,0,16,48
02/11/2020,HKY,NC,ASO,ES,Federal Contract Tower,0,5,8,0,13,0,0,3,0,3,0,5,11,0,16,0,0,0,16
02/12/2020,HKY,NC,ASO,ES,Federal Contract Tower,0,2,14,2,18,0,3,33,0,36,0,5,47,2,54,60,0,60,114
02/13/2020,HKY,NC,ASO,ES,Federal Contract Tower,0,9,2,0,11,0,0,0,4,4,0,9,2,4,15,0,0,0,15
02/14/2020,HKY,NC,ASO,ES,Federal Contract Tower,0,8,7,0,15,0,1,62,3,66,0,9,69,3,81,30,0,30,111
02/15/2020,HKY,NC,ASO,ES,Federal Contract Tower,0,1,1,0,2,0,2,87,2,91,0,3,88,2,93,26,0,26,119
02/16/2020,HKY,NC,ASO,ES,Federal Contract Tower,0,10,14,0,24,0,5,31,0,36,0,15,45,0,60,14,0,14,74
02/17/2020,HKY,NC,ASO,ES,Federal Contract Tower,0,12,13,1,26,0,7,53,5,65,0,19,66,6,91,24,0,24,115
02/18/2020,HKY,NC,ASO,ES,Federal Contract Tower,0,6,1,4,11,0,0,0,0,0,0,6,1,4,11,0,0,0,11
02/19/2020,HKY,NC,ASO,ES,Federal Contract Tower,0,13,9,0,22,0,1,30,4,35,0,14,39,4,57,31,0,31,88
02/20/2020,HKY,NC,ASO,ES,Federal Contract Tower,0,5,1,0,6,0,2,2,0,4,0,7,3,0,10,0,0,0,10
02/21/2020,HKY,NC,ASO,ES,Federal Contract Tower,0,7,6,0,13,0,1,65,8,74,0,8,71,8,87,38,0,38,125
02/22/2020,HKY,NC,ASO,ES,Federal Contract Tower,0,2,10,0,12,0,1,120,0,121,0,3,130,0,133,32,0,32,165
02/23/2020,HKY,NC,ASO,ES,Federal Contract Tower,0,1,5,0,6,0,2,48,0,50,0,3,53,0,56,16,0,16,72
02/24/2020,HKY,NC,ASO,ES,Federal Contract Tower,0,6,5,0,11,0,0,0,0,0,0,6,5,0,11,2,0,2,13
02/25/2020,HKY,NC,ASO,ES,Federal Contract Tower,0,4,4,0,8,0,0,2,0,2,0,4,6,0,10,0,0,0,10
02/26/2020,HKY,NC,ASO,ES,Federal Contract Tower,0,4,7,0,11,0,2,10,0,12,0,6,17,0,23,2,0,2,25
02/27/2020,HKY,NC,ASO,ES,Federal Contract Tower,0,7,3,1,11,0,2,13,14,29,0,9,16,15,40,2,0,2,42
02/28/2020,HKY,NC,ASO,ES,Federal Contract Tower,0,7,4,0,11,0,16,45,9,70,0,23,49,9,81,4,0,4,85
02/29/2020,HKY,NC,ASO,ES,Federal Contract Tower,0,0,6,0,6,0,2,30,0,32,0,2,36,0,38,4,0,4,42
03/01/2020,HKY,NC,ASO,ES,Federal Contract Tower,0,3,23,0,26,0,0,59,2,61,0,3,82,2,87,22,0,22,109
03/02/2020,HKY,NC,ASO,ES,Federal Contract Tower,0,6,3,0,9,0,4,19,7,30,0,10,22,7,39,26,0,26,65
03/03/2020,HKY,NC,ASO,ES,Federal Contract Tower,0,6,0,0,6,0,4,5,0,9,0,10,5,0,15,2,0,2,17
03/04/2020,HKY,NC,ASO,ES,Federal Contract Tower,0,6,1,1,8,0,3,42,3,48,0,9,43,4,56,24,0,24,80
03/05/2020,HKY,NC,ASO,ES,Federal Contract Tower,0,8,8,0,16,0,3,14,0,17,0,11,22,0,33,12,0,12,45
03/06/2020,HKY,NC,ASO,ES,Federal Contract Tower,0,3,4,2,9,0,7,15,2,24,0,10,19,4,33,0,2,2,35
03/07/2020,HKY,NC,ASO,ES,Federal Contract Tower,0,8,7,1,16,0,4,38,2,44,0,12,45,3,60,48,0,48,108
03/08/2020,HKY,NC,ASO,ES,Federal Contract Tower,0,5,10,0,15,0,6,77,3,86,0,11,87,3,101,20,0,20,121
03/09/2020,HKY,NC,ASO,ES,Federal Contract Tower,0,9,1,0,10,0,6,55,10,71,0,15,56,10,81,12,8,20,101
03/10/2020,HKY,NC,ASO,ES,Federal Contract Tower,0,9,6,0,15,0,7,17,5,29,0,16,23,5,44,2,0,2,46
03/11/2020,HKY,NC,ASO,ES,Federal Contract Tower,0,9,7,0,16,0,0,25,5,30,0,9,32,5,46,28,0,28,74
03/12/2020,HKY,NC,ASO,ES,Federal Contract Tower,0,3,1,2,6,0,4,44,0,48,0,7,45,2,54,10,0,10,64
03/13/2020,HKY,NC,ASO,ES,Federal Contract Tower,0,8,7,0,15,0,6,38,2,46,0,14,45,2,61,16,4,20,81
03/14/2020,HKY,NC,ASO,ES,Federal Contract Tower,0,5,5,0,10,0,1,108,1,110,0,6,113,1,120,12,0,12,132
03/15/2020,HKY,NC,ASO,ES,Federal Contract Tower,0,5,6,0,11,0,3,13,0,16,0,8,19,0,27,4,0,4,31
03/16/2020,HKY,NC,ASO,ES,Federal Contract Tower,0,3,19,0,22,0,4,9,0,13,0,7,28,0,35,0,0,0,35
03/17/2020,HKY,NC,ASO,ES,Federal Contract Tower,0,5,0,0,5,0,1,4,0,5,0,6,4,0,10,0,0,0,10
03/18/2020,HKY,NC,ASO,ES,Federal Contract Tower,0,5,1,0,6,0,0,6,0,6,0,5,7,0,12,0,0,0,12
03/19/2020,HKY,NC,ASO,ES,Federal Contract Tower,0,2,4,0,6,0,0,15,4,19,0,2,19,4,25,10,0,10,35
03/20/2020,HKY,NC,ASO,ES,Federal Contract Tower,0,0,16,0,16,0,1,17,1,19,0,1,33,1,35,20,0,20,55
03/21/2020,HKY,NC,ASO,ES,Federal Contract Tower,0,2,0,0,2,0,9,35,0,44,0,11,35,0,46,14,0,14,60
03/22/2020,HKY,NC,ASO,ES,Federal Contract Tower,0,1,8,0,9,0,0,15,0,15,0,1,23,0,24,20,0,20,44
03/23/2020,HKY,NC,ASO,ES,Federal Contract Tower,0,0,7,0,7,0,0,0,0,0,0,0,7,0,7,0,0,0,7
03/24/2020,HKY,NC,ASO,ES,Federal Contract Tower,0,1,0,0,1,0,0,0,0,0,0,1,0,0,1,0,0,0,1
03/25/2020,HKY,NC,ASO,ES,Federal Contract Tower,0,4,8,0,12,0,3,23,0,26,0,7,31,0,38,20,0,20,58
03/26/2020,HKY,NC,ASO,ES,Federal Contract Tower,0,2,6,0,8,0,0,0,0,0,0,2,6,0,8,0,0,0,8
03/27/2020,HKY,NC,ASO,ES,Federal Contract Tower,0,2,8,1,11,0,4,51,5,60,0,6,59,6,71,26,0,26,97
03/28/2020,HKY,NC,ASO,ES,Federal Contract Tower,0,0,7,0,7,0,1,25,6,32,0,1,32,6,39,0,0,0,39
03/29/2020,HKY,NC,ASO,ES,Federal Contract Tower,0,1,0,0,1,0,1,22,3,26,0,2,22,3,27,2,0,2,29
03/30/2020,HKY,NC,ASO,ES,Federal Contract Tower,0,0,4,0,4,0,1,31,13,45,0,1,35,13,49,6,0,6,55
03/31/2020,HKY,NC,ASO,ES,Federal Contract Tower,0,0,0,0,0,0,5,0,0,5,0,5,0,0,5,0,0,0,5
04/01/2020,HKY,NC,ASO,ES,Federal Contract Tower,0,1,0,1,2,0,2,5,0,7,0,3,5,1,9,0,0,0,9
04/02/2020,HKY,NC,ASO,ES,Federal Contract Tower,0,0,3,0,3,0,3,17,2,22,0,3,20,2,25,24,0,24,49
04/03/2020,HKY,NC,ASO,ES,Federal Contract Tower,0,0,2,0,2,0,2,36,6,44,0,2,38,6,46,20,0,20,66
04/04/2020,HKY,NC,ASO,ES,Federal Contract Tower,0,4,7,0,11,0,2,40,12,54,0,6,47,12,65,20,0,20,85
04/05/2020,HKY,NC,ASO,ES,Federal Contract Tower,0,7,7,0,14,0,1,19,4,24,0,8,26,4,38,4,0,4,42
04/06/2020,HKY,NC,ASO,ES,Federal Contract Tower,0,1,3,1,5,0,6,19,12,37,0,7,22,13,42,2,0,2,44
04/07/2020,HKY,NC,ASO,ES,Federal Contract Tower,0,0,4,0,4,0,9,19,7,35,0,9,23,7,39,22,4,26,65
04/08/2020,HKY,NC,ASO,ES,Federal Contract Tower,0,0,3,0,3,0,4,11,6,21,0,4,14,6,24,0,0,0,24
04/09/2020,HKY,NC,ASO,ES,Federal Contract Tower,0,0,2,0,2,0,4,2,2,8,0,4,4,2,10,2,0,2,12
04/10/2020,HKY,NC,ASO,ES,Federal Contract Tower,0,0,0,0,0,0,6,3,3,12,0,6,3,3,12,4,0,4,16
04/11/2020,HKY,NC,ASO,ES,Federal Contract Tower,0,0,8,0,8,0,2,77,29,108,0,2,85,29,116,16,0,16,132
04/12/2020,HKY,NC,ASO,ES,Federal Contract Tower,0,0,0,0,0,0,0,1,0,1,0,0,1,0,1,0,0,0,1
04/13/2020,HKY,NC,ASO,ES,Federal Contract Tower,0,0,1,2,3,0,2,0,0,2,0,2,1,2,5,0,0,0,5
04/14/2020,HKY,NC,ASO,ES,Federal Contract Tower,0,3,3,0,6,0,4,27,2,33,0,7,30,2,39,32,0,32,71
04/15/2020,HKY,NC,ASO,ES,Federal Contract Tower,0,2,1,0,3,0,4,20,0,24,0,6,21,0,27,2,0,2,29
04/16/2020,HKY,NC,ASO,ES,Federal Contract Tower,0,0,1,1,2,0,0,22,1,23,0,0,23,2,25,4,0,4,29
04/17/2020,HKY,NC,ASO,ES,Federal Contract Tower,0,0,1,0,1,0,3,22,2,27,0,3,23,2,28,0,0,0,28
04/18/2020,HKY,NC,ASO,ES,Federal Contract Tower,0,0,0,0,0,0,0,22,0,22,0,0,22,0,22,14,0,14,36
04/19/2020,HKY,NC,ASO,ES,Federal Contract Tower,0,1,2,0,3,0,2,28,0,30,0,3,30,0,33,12,0,12,45
04/20/2020,HKY,NC,ASO,ES,Federal Contract Tower,0,4,4,0,8,0,3,18,0,21,0,7,22,0,29,4,0,4,33
04/21/2020,HKY,NC,ASO,ES,Federal Contract Tower,0,1,2,0,3,0,11,13,0,24,0,12,15,0,27,0,0,0,27
04/22/2020,HKY,NC,ASO,ES,Federal Contract Tower,2,0,2,0,4,0,2,47,0,49,2,2,49,0,53,20,0,20,73
04/23/2020,HKY,NC,ASO,ES,Federal Contract Tower,0,0,4,0,4,0,0,0,0,0,0,0,4,0,4,0,0,0,4
04/24/2020,HKY,NC,ASO,ES,Federal Contract Tower,0,2,5,0,7,0,2,39,0,41,0,4,44,0,48,8,0,8,56
04/25/2020,HKY,NC,ASO,ES,Federal Contract Tower,0,6,7,0,13,0,4,0,0,4,0,10,7,0,17,2,0,2,19
04/26/2020,HKY,NC,ASO,ES,Federal Contract Tower,0,0,6,0,6,0,2,26,0,28,0,2,32,0,34,8,0,8,42
04/27/2020,HKY,NC,ASO,ES,Federal Contract Tower,0,1,7,0,8,0,4,14,2,20,0,5,21,2,28,2,0,2,30
04/28/2020,HKY,NC,ASO,ES,Federal Contract Tower,0,2,8,0,10,0,2,46,6,54,0,4,54,6,64,40,0,40,104
04/29/2020,HKY,NC,ASO,ES,Federal Contract Tower,0,1,1,0,2,0,1,3,2,6,0,2,4,2,8,0,0,0,8
04/30/2020,HKY,NC,ASO,ES,Federal Contract Tower,0,2,4,0,6,0,4,16,2,22,0,6,20,2,28,26,0,26,54
05/01/2020,HKY,NC,ASO,ES,Federal Contract Tower,0,2,14,0,16,0,4,11,2,17,0,6,25,2,33,4,0,4,37
05/02/2020,HKY,NC,ASO,ES,Federal Contract Tower,0,1,4,0,5,0,2,55,0,57,0,3,59,0,62,16,0,16,78
05/03/2020,HKY,NC,ASO,ES,Federal Contract Tower,0,9,6,0,15,0,4,30,0,34,0,13,36,0,49,20,0,20,69
05/04/2020,HKY,NC,ASO,ES,Federal Contract Tower,0,1,4,0,5,0,3,66,0,69,0,4,70,0,74,32,0,32,106
05/05/2020,HKY,NC,ASO,ES,Federal Contract Tower,0,3,4,0,7,0,4,5,0,9,0,7,9,0,16,20,0,20,36
05/06/2020,HKY,NC,ASO,ES,Federal Contract Tower,0,2,3,0,5,0,2,9,4,15,0,4,12,4,20,0,0,0,20
05/07/2020,HKY,NC,ASO,ES,Federal Contract Tower,0,4,5,0,9,0,0,50,2,52,0,4,55,2,61,22,0,22,83
05/08/2020,HKY,NC,ASO,ES,Federal Contract Tower,0,0,3,0,3,0,4,30,0,34,0,4,33,0,37,18,0,18,55
05/09/2020,HKY,NC,ASO,ES,Federal Contract Tower,0,5,7,0,12,0,4,40,0,44,0,9,47,0,56,8,0,8,64
05/10/2020,HKY,NC,ASO,ES,Federal Contract Tower,0,2,2,0,4,0,5,31,0,36,0,7,33,0,40,0,0,0,40
05/11/2020,HKY,NC,ASO,ES,Federal Contract Tower,0,2,6,0,8,0,3,12,0,15,0,5,18,0,23,2,0,2,25
05/12/2020,HKY,NC,ASO,ES,Federal Contract Tower,0,6,11,0,17,0,3,46,0,49,0,9,57,0,66,62,2,64,130
05/13/2020,HKY,NC,ASO,ES,Federal Contract Tower,0,3,14,0,17,0,6,32,0,38,0,9,46,0,55,46,0,46,101
05/14/2020,HKY,NC,ASO,ES,Federal Contract Tower,0,4,2,0,6,0,3,26,0,29,0,7,28,0,35,10,0,10,45
05/15/2020,HKY,NC,ASO,ES,Federal Contract Tower,0,5,4,0,9,0,7,57,2,66,0,12,61,2,75,20,0,20,95
05/16/2020,HKY,NC,ASO,ES,Federal Contract Tower,0,1,12,0,13,0,5,41,0,46,0,6,53,0,59,8,0,8,67
05/17/2020,HKY,NC,ASO,ES,Federal Contract Tower,0,2,13,0,15,0,7,52,1,60,0,9,65,1,75,28,2,30,105
05/18/2020,HKY,NC,ASO,ES,Federal Contract Tower,0,3,5,0,8,0,1,2,0,3,0,4,7,0,11,0,0,0,11
05/19/2020,HKY,NC,ASO,ES,Federal Contract Tower,0,0,3,0,3,0,0,0,0,0,0,0,3,0,3,0,0,0,3
05/20/2020,HKY,NC,ASO,ES,Federal Contract Tower,0,0,0,0,0,0,0,0,0,0,0,0,0,0,0,0,0,0,0
05/21/2020,HKY,NC,ASO,ES,Federal Contract Tower,0,9,2,0,11,0,0,0,0,0,0,9,2,0,11,0,0,0,11
05/22/2020,HKY,NC,ASO,ES,Federal Contract Tower,0,2,9,0,11,0,4,24,0,28,0,6,33,0,39,12,0,12,51
05/23/2020,HKY,NC,ASO,ES,Federal Contract Tower,0,1,9,0,10,0,4,22,0,26,0,5,31,0,36,18,0,18,54
05/24/2020,HKY,NC,ASO,ES,Federal Contract Tower,0,4,5,0,9,0,1,28,0,29,0,5,33,0,38,2,0,2,40
05/25/2020,HKY,NC,ASO,ES,Federal Contract Tower,0,2,6,0,8,0,3,2,0,5,0,5,8,0,13,2,0,2,15
05/26/2020,HKY,NC,ASO,ES,Federal Contract Tower,0,4,18,0,22,0,3,4,2,9,0,7,22,2,31,8,18,26,57
05/27/2020,HKY,NC,ASO,ES,Federal Contract Tower,0,4,3,0,7,0,0,0,0,0,0,4,3,0,7,0,0,0,7
05/28/2020,HKY,NC,ASO,ES,Federal Contract Tower,0,0,4,0,4,0,2,6,0,8,0,2,10,0,12,14,0,14,26
05/29/2020,HKY,NC,ASO,ES,Federal Contract Tower,0,1,14,0,15,0,2,12,2,16,0,3,26,2,31,32,0,32,63
05/30/2020,HKY,NC,ASO,ES,Federal Contract Tower,0,1,10,0,11,0,13,44,0,57,0,14,54,0,68,32,0,32,100
05/31/2020,HKY,NC,ASO,ES,Federal Contract Tower,0,5,8,0,13,0,1,47,0,48,0,6,55,0,61,4,0,4,65
06/01/2020,HKY,NC,ASO,ES,Federal Contract Tower,0,3,5,0,8,0,2,56,3,61,0,5,61,3,69,28,0,28,97
06/02/2020,HKY,NC,ASO,ES,Federal Contract Tower,0,0,14,0,14,0,9,39,2,50,0,9,53,2,64,20,0,20,84
06/03/2020,HKY,NC,ASO,ES,Federal Contract Tower,0,14,18,0,32,0,7,46,4,57,0,21,64,4,89,32,0,32,121
06/04/2020,HKY,NC,ASO,ES,Federal Contract Tower,0,18,10,0,28,0,3,37,2,42,0,21,47,2,70,20,0,20,90
06/05/2020,HKY,NC,ASO,ES,Federal Contract Tower,0,7,1,0,8,0,2,20,2,24,0,9,21,2,32,48,0,48,80
06/06/2020,HKY,NC,ASO,ES,Federal Contract Tower,0,6,7,0,13,0,0,63,0,63,0,6,70,0,76,10,0,10,86
06/07/2020,HKY,NC,ASO,ES,Federal Contract Tower,0,7,0,0,7,0,2,31,0,33,0,9,31,0,40,20,0,20,60
06/08/2020,HKY,NC,ASO,ES,Federal Contract Tower,0,6,20,0,26,0,2,8,0,10,0,8,28,0,36,0,0,0,36
06/09/2020,HKY,NC,ASO,ES,Federal Contract Tower,0,0,11,4,15,0,6,15,3,24,0,6,26,7,39,10,0,10,49
06/10/2020,HKY,NC,ASO,ES,Federal Contract Tower,0,2,0,0,2,0,4,1,0,5,0,6,1,0,7,2,0,2,9
06/11/2020,HKY,NC,ASO,ES,Federal Contract Tower,0,5,6,0,11,0,9,40,2,51,0,14,46,2,62,12,0,12,74
06/12/2020,HKY,NC,ASO,ES,Federal Contract Tower,0,7,17,0,24,0,9,67,1,77,0,16,84,1,101,32,0,32,133
06/13/2020,HKY,NC,ASO,ES,Federal Contract Tower,0,2,11,0,13,0,2,45,0,47,0,4,56,0,60,30,0,30,90
06/14/2020,HKY,NC,ASO,ES,Federal Contract Tower,0,1,9,0,10,0,1,39,0,40,0,2,48,0,50,10,0,10,60
06/15/2020,HKY,NC,ASO,ES,Federal Contract Tower,0,3,12,0,15,0,2,2,2,6,0,5,14,2,21,2,0,2,23
06/16/2020,HKY,NC,ASO,ES,Federal Contract Tower,2,9,3,2,16,0,0,0,0,0,2,9,3,2,16,0,0,0,16
06/17/2020,HKY,NC,ASO,ES,Federal Contract Tower,0,7,5,0,12,0,0,6,0,6,0,7,11,0,18,16,0,16,34
06/18/2020,HKY,NC,ASO,ES,Federal Contract Tower,0,2,2,0,4,0,2,16,0,18,0,4,18,0,22,16,0,16,38
06/19/2020,HKY,NC,ASO,ES,Federal Contract Tower,0,6,9,0,15,0,2,19,0,21,0,8,28,0,36,16,0,16,52
06/20/2020,HKY,NC,ASO,ES,Federal Contract Tower,0,2,6,0,8,0,2,46,0,48,0,4,52,0,56,6,0,6,62
06/21/2020,HKY,NC,ASO,ES,Federal Contract Tower,0,3,4,0,7,0,2,37,0,39,0,5,41,0,46,2,0,2,48
06/22/2020,HKY,NC,ASO,ES,Federal Contract Tower,0,4,8,0,12,0,4,43,5,52,0,8,51,5,64,38,6,44,108
06/23/2020,HKY,NC,ASO,ES,Federal Contract Tower,0,7,8,0,15,0,1,23,0,24,0,8,31,0,39,10,0,10,49
06/24/2020,HKY,NC,ASO,ES,Federal Contract Tower,0,9,21,2,32,0,0,65,1,66,0,9,86,3,98,20,0,20,118
06/25/2020,HKY,NC,ASO,ES,Federal Contract Tower,0,4,9,0,13,0,2,29,2,33,0,6,38,2,46,40,0,40,86
06/26/2020,HKY,NC,ASO,ES,Federal Contract Tower,0,10,11,0,21,1,4,84,2,91,1,14,95,2,112,38,0,38,150
06/27/2020,HKY,NC,ASO,ES,Federal Contract Tower,0,8,9,0,17,0,3,65,0,68,0,11,74,0,85,58,0,58,143
06/28/2020,HKY,NC,ASO,ES,Federal Contract Tower,0,15,10,1,26,0,2,25,1,28,0,17,35,2,54,22,0,22,76
06/29/2020,HKY,NC,ASO,ES,Federal Contract Tower,0,2,7,0,9,0,2,27,4,33,0,4,34,4,42,16,0,16,58
06/30/2020,HKY,NC,ASO,ES,Federal Contract Tower,0,12,6,2,20,0,4,17,4,25,0,16,23,6,45,36,0,36,81
07/01/2020,HKY,NC,ASO,ES,Federal Contract Tower,0,1,9,0,10,0,7,33,2,42,0,8,42,2,52,40,0,40,92
07/02/2020,HKY,NC,ASO,ES,Federal Contract Tower,0,7,6,0,13,0,3,58,2,63,0,10,64,2,76,44,0,44,120
07/03/2020,HKY,NC,ASO,ES,Federal Contract Tower,0,2,5,0,7,0,0,47,0,47,0,2,52,0,54,16,0,16,70
07/04/2020,HKY,NC,ASO,ES,Federal Contract Tower,0,0,3,0,3,0,1,36,3,40,0,1,39,3,43,18,0,18,61
07/05/2020,HKY,NC,ASO,ES,Federal Contract Tower,0,4,5,0,9,0,1,13,0,14,0,5,18,0,23,10,0,10,33
07/06/2020,HKY,NC,ASO,ES,Federal Contract Tower,0,6,17,0,23,0,6,38,1,45,0,12,55,1,68,34,0,34,102
07/07/2020,HKY,NC,ASO,ES,Federal Contract Tower,0,13,3,0,16,0,2,0,2,4,0,15,3,2,20,0,0,0,20
07/08/2020,HKY,NC,ASO,ES,Federal Contract Tower,0,2,5,1,8,0,0,28,3,31,0,2,33,4,39,54,14,68,107
07/09/2020,HKY,NC,ASO,ES,Federal Contract Tower,0,6,3,0,9,0,3,59,7,69,0,9,62,7,78,64,0,64,142
07/10/2020,HKY,NC,ASO,ES,Federal Contract Tower,0,10,3,0,13,0,1,21,1,23,0,11,24,1,36,34,0,34,70
07/11/2020,HKY,NC,ASO,ES,Federal Contract Tower,0,1,7,0,8,0,5,54,0,59,0,6,61,0,67,34,0,34,101
07/12/2020,HKY,NC,ASO,ES,Federal Contract Tower,0,7,9,0,16,0,6,48,0,54,0,13,57,0,70,4,0,4,74
07/13/2020,HKY,NC,ASO,ES,Federal Contract Tower,0,3,13,0,16,0,6,34,2,42,0,9,47,2,58,58,0,58,116
07/14/2020,HKY,NC,ASO,ES,Federal Contract Tower,0,5,6,0,11,0,1,63,0,64,0,6,69,0,75,96,0,96,171
07/15/2020,HKY,NC,ASO,ES,Federal Contract Tower,0,7,0,0,7,0,1,45,0,46,0,8,45,0,53,36,0,36,89
07/16/2020,HKY,NC,ASO,ES,Federal Contract Tower,0,2,5,4,11,0,1,30,2,33,0,3,35,6,44,12,0,12,56
07/17/2020,HKY,NC,ASO,ES,Federal Contract Tower,0,9,2,0,11,0,3,35,0,38,0,12,37,0,49,40,0,40,89
07/18/2020,HKY,NC,ASO,ES,Federal Contract Tower,0,3,4,0,7,0,5,34,0,39,0,8,38,0,46,14,0,14,60
07/19/2020,HKY,NC,ASO,ES,Federal Contract Tower,0,7,3,0,10,0,0,18,0,18,0,7,21,0,28,26,0,26,54
07/20/2020,HKY,NC,ASO,ES,Federal Contract Tower,0,8,7,0,15,0,4,33,4,41,0,12,40,4,56,16,0,16,72
07/21/2020,HKY,NC,ASO,ES,Federal Contract Tower,2,8,3,0,13,0,4,43,1,48,2,12,46,1,61,24,0,24,85
07/22/2020,HKY,NC,ASO,ES,Federal Contract Tower,0,3,7,2,12,0,0,36,1,37,0,3,43,3,49,38,10,48,97
07/23/2020,HKY,NC,ASO,ES,Federal Contract Tower,0,3,6,0,9,0,5,32,3,40,0,8,38,3,49,32,0,32,81
07/24/2020,HKY,NC,ASO,ES,Federal Contract Tower,0,14,5,0,19,0,4,34,5,43,0,18,39,5,62,2,0,2,64
07/25/2020,HKY,NC,ASO,ES,Federal Contract Tower,0,8,5,0,13,0,2,24,0,26,0,10,29,0,39,32,0,32,71
07/26/2020,HKY,NC,ASO,ES,Federal Contract Tower,0,11,6,0,17,0,2,40,1,43,0,13,46,1,60,14,0,14,74
07/27/2020,HKY,NC,ASO,ES,Federal Contract Tower,0,2,6,0,8,0,2,36,3,41,0,4,42,3,49,32,0,32,81
07/28/2020,HKY,NC,ASO,ES,Federal Contract Tower,0,5,1,0,6,0,1,33,12,46,0,6,34,12,52,18,0,18,70
07/29/2020,HKY,NC,ASO,ES,Federal Contract Tower,0,7,4,0,11,0,1,30,14,45,0,8,34,14,56,18,0,18,74
07/30/2020,HKY,NC,ASO,ES,Federal Contract Tower,0,7,11,0,18,0,4,9,0,13,0,11,20,0,31,24,0,24,55
07/31/2020,HKY,NC,ASO,ES,Federal Contract Tower,0,7,18,0,25,0,0,40,0,40,0,7,58,0,65,30,6,36,101
08/01/2020,HKY,NC,ASO,ES,Federal Contract Tower,0,4,19,0,23,0,2,45,0,47,0,6,64,0,70,70,0,70,140
08/02/2020,HKY,NC,ASO,ES,Federal Contract Tower,0,8,13,0,21,0,18,26,0,44,0,26,39,0,65,32,0,32,97
08/03/2020,HKY,NC,ASO,ES,Federal Contract Tower,0,5,3,0,8,0,0,11,0,11,0,5,14,0,19,14,0,14,33
08/04/2020,HKY,NC,ASO,ES,Federal Contract Tower,0,10,7,1,18,0,5,42,9,56,0,15,49,10,74,46,12,58,132
08/05/2020,HKY,NC,ASO,ES,Federal Contract Tower,0,3,8,0,11,0,1,31,0,32,0,4,39,0,43,48,0,48,91
08/06/2020,HKY,NC,ASO,ES,Federal Contract Tower,0,3,34,0,37,0,0,29,0,29,0,3,63,0,66,20,0,20,86
08/07/2020,HKY,NC,ASO,ES,Federal Contract Tower,0,11,14,0,25,0,0,2,2,4,0,11,16,2,29,0,0,0,29
08/08/2020,HKY,NC,ASO,ES,Federal Contract Tower,0,8,20,0,28,0,1,54,2,57,0,9,74,2,85,36,0,36,121
08/09/2020,HKY,NC,ASO,ES,Federal Contract Tower,0,4,8,0,12,0,5,66,0,71,0,9,74,0,83,38,0,38,121
08/10/2020,HKY,NC,ASO,ES,Federal Contract Tower,0,16,5,0,21,0,2,57,3,62,0,18,62,3,83,42,0,42,125
08/11/2020,HKY,NC,ASO,ES,Federal Contract Tower,0,16,4,0,20,0,6,33,0,39,0,22,37,0,59,20,0,20,79
08/12/2020,HKY,NC,ASO,ES,Federal Contract Tower,0,3,9,0,12,0,1,20,4,25,0,4,29,4,37,30,0,30,67
08/13/2020,HKY,NC,ASO,ES,Federal Contract Tower,0,13,5,0,18,0,0,16,0,16,0,13,21,0,34,70,0,70,104
08/14/2020,HKY,NC,ASO,ES,Federal Contract Tower,0,6,4,0,10,0,5,21,0,26,0,11,25,0,36,38,0,38,74
08/15/2020,HKY,NC,ASO,ES,Federal Contract Tower,0,2,3,0,5,0,0,1,0,1,0,2,4,0,6,0,0,0,6
08/16/2020,HKY,NC,ASO,ES,Federal Contract Tower,0,10,14,0,24,0,3,20,0,23,0,13,34,0,47,48,0,48,95
08/17/2020,HKY,NC,ASO,ES,Federal Contract Tower,0,3,6,0,9,0,2,21,0,23,0,5,27,0,32,20,0,20,52
08/18/2020,HKY,NC,ASO,ES,Federal Contract Tower,0,14,5,0,19,0,6,69,0,75,0,20,74,0,94,44,0,44,138
08/19/2020,HKY,NC,ASO,ES,Federal Contract Tower,0,3,5,0,8,0,1,24,0,25,0,4,29,0,33,14,0,14,47
08/20/2020,HKY,NC,ASO,ES,Federal Contract Tower,0,9,11,0,20,0,1,5,0,6,0,10,16,0,26,6,0,6,32
08/21/2020,HKY,NC,ASO,ES,Federal Contract Tower,0,12,2,0,14,0,1,0,0,1,0,13,2,0,15,0,0,0,15
08/22/2020,HKY,NC,ASO,ES,Federal Contract Tower,0,6,19,0,25,0,2,21,0,23,0,8,40,0,48,10,0,10,58
08/23/2020,HKY,NC,ASO,ES,Federal Contract Tower,0,9,5,0,14,0,3,28,0,31,0,12,33,0,45,34,0,34,79
08/24/2020,HKY,NC,ASO,ES,Federal Contract Tower,0,8,10,0,18,0,1,20,2,23,0,9,30,2,41,22,0,22,63
08/25/2020,HKY,NC,ASO,ES,Federal Contract Tower,0,10,4,0,14,0,2,34,8,44,0,12,38,8,58,54,0,54,112
08/26/2020,HKY,NC,ASO,ES,Federal Contract Tower,0,1,8,2,11,0,0,61,1,62,0,1,69,3,73,40,0,40,113
08/27/2020,HKY,NC,ASO,ES,Federal Contract Tower,0,3,5,0,8,0,6,48,0,54,0,9,53,0,62,46,0,46,108
08/28/2020,HKY,NC,ASO,ES,Federal Contract Tower,0,9,5,0,14,0,2,47,0,49,0,11,52,0,63,56,0,56,119
08/29/2020,HKY,NC,ASO,ES,Federal Contract Tower,0,2,4,0,6,0,3,1,0,4,0,5,5,0,10,0,0,0,10
08/30/2020,HKY,NC,ASO,ES,Federal Contract Tower,0,19,6,0,25,0,3,38,0,41,0,22,44,0,66,58,0,58,124
08/31/2020,HKY,NC,ASO,ES,Federal Contract Tower,0,5,3,0,8,0,0,2,0,2,0,5,5,0,10,0,0,0,10
09/01/2020,HKY,NC,ASO,ES,Federal Contract Tower,0,7,8,0,15,0,2,8,0,10,0,9,16,0,25,12,0,12,37
09/02/2020,HKY,NC,ASO,ES,Federal Contract Tower,0,8,22,0,30,0,1,21,2,24,0,9,43,2,54,38,0,38,92
09/03/2020,HKY,NC,ASO,ES,Federal Contract Tower,0,11,6,0,17,0,2,68,0,70,0,13,74,0,87,36,0,36,123
09/04/2020,HKY,NC,ASO,ES,Federal Contract Tower,0,4,7,0,11,0,0,43,4,47,0,4,50,4,58,56,0,56,114
09/05/2020,HKY,NC,ASO,ES,Federal Contract Tower,0,4,9,0,13,0,2,38,0,40,0,6,47,0,53,22,0,22,75
09/06/2020,HKY,NC,ASO,ES,Federal Contract Tower,0,0,6,0,6,0,3,32,0,35,0,3,38,0,41,20,0,20,61
09/07/2020,HKY,NC,ASO,ES,Federal Contract Tower,0,6,10,0,16,0,1,64,0,65,0,7,74,0,81,10,0,10,91
09/08/2020,HKY,NC,ASO,ES,Federal Contract Tower,0,3,6,4,13,0,2,39,5,46,0,5,45,9,59,40,0,40,99
09/09/2020,HKY,NC,ASO,ES,Federal Contract Tower,0,9,14,2,25,0,1,2,0,3,0,10,16,2,28,12,0,12,40
09/10/2020,HKY,NC,ASO,ES,Federal Contract Tower,0,9,5,2,16,0,4,9,1,14,0,13,14,3,30,0,0,0,30
09/11/2020,HKY,NC,ASO,ES,Federal Contract Tower,0,4,11,0,15,0,1,31,9,41,0,5,42,9,56,50,2,52,108
09/12/2020,HKY,NC,ASO,ES,Federal Contract Tower,0,6,11,0,17,0,0,0,0,0,0,6,11,0,17,0,0,0,17
09/13/2020,HKY,NC,ASO,ES,Federal Contract Tower,0,5,16,0,21,0,4,10,0,14,0,9,26,0,35,16,0,16,51
09/14/2020,HKY,NC,ASO,ES,Federal Contract Tower,0,5,4,0,9,0,4,20,0,24,0,9,24,0,33,6,0,6,39
09/15/2020,HKY,NC,ASO,ES,Federal Contract Tower,0,5,8,0,13,0,5,38,0,43,0,10,46,0,56,20,0,20,76
09/16/2020,HKY,NC,ASO,ES,Federal Contract Tower,0,4,5,0,9,0,6,68,0,74,0,10,73,0,83,36,0,36,119
09/17/2020,HKY,NC,ASO,ES,Federal Contract Tower,0,12,1,0,13,0,0,0,0,0,0,12,1,0,13,0,0,0,13
09/18/2020,HKY,NC,ASO,ES,Federal Contract Tower,0,15,12,0,27,0,1,42,2,45,0,16,54,2,72,44,0,44,116
09/19/2020,HKY,NC,ASO,ES,Federal Contract Tower,0,8,4,0,12,0,3,33,0,36,0,11,37,0,48,44,0,44,92
09/20/2020,HKY,NC,ASO,ES,Federal Contract Tower,0,4,14,0,18,0,1,48,0,49,0,5,62,0,67,58,0,58,125
09/21/2020,HKY,NC,ASO,ES,Federal Contract Tower,0,3,8,0,11,0,3,46,4,53,0,6,54,4,64,46,0,46,110
09/22/2020,HKY,NC,ASO,ES,Federal Contract Tower,0,4,6,0,10,0,0,64,0,64,0,4,70,0,74,58,0,58,132
09/23/2020,HKY,NC,ASO,ES,Federal Contract Tower,0,5,12,0,17,0,2,65,0,67,0,7,77,0,84,40,0,40,124
09/24/2020,HKY,NC,ASO,ES,Federal Contract Tower,0,14,7,0,21,0,2,16,0,18,0,16,23,0,39,18,0,18,57
09/25/2020,HKY,NC,ASO,ES,Federal Contract Tower,5,8,4,0,17,0,0,0,0,0,5,8,4,0,17,0,0,0,17
09/26/2020,HKY,NC,ASO,ES,Federal Contract Tower,2,9,11,4,26,0,6,16,2,24,2,15,27,6,50,16,0,16,66
09/27/2020,HKY,NC,ASO,ES,Federal Contract Tower,0,11,16,0,27,0,5,23,0,28,0,16,39,0,55,8,0,8,63
09/28/2020,HKY,NC,ASO,ES,Federal Contract Tower,0,13,17,0,30,0,2,8,8,18,0,15,25,8,48,14,0,14,62
09/29/2020,HKY,NC,ASO,ES,Federal Contract Tower,0,14,2,2,18,0,4,5,2,11,0,18,7,4,29,16,16,32,61
09/30/2020,HKY,NC,ASO,ES,Federal Contract Tower,0,3,6,0,9,0,1,65,2,68,0,4,71,2,77,70,0,70,147
10/01/2020,HKY,NC,ASO,ES,Federal Contract Tower,0,18,3,0,21,0,4,55,1,60,0,22,58,1,81,38,0,38,119
10/02/2020,HKY,NC,ASO,ES,Federal Contract Tower,0,14,15,0,29,0,3,49,2,54,0,17,64,2,83,54,0,54,137
10/03/2020,HKY,NC,ASO,ES,Federal Contract Tower,0,2,5,0,7,0,3,44,7,54,0,5,49,7,61,14,0,14,75
10/04/2020,HKY,NC,ASO,ES,Federal Contract Tower,0,11,13,0,24,0,4,47,0,51,0,15,60,0,75,44,0,44,119
10/05/2020,HKY,NC,ASO,ES,Federal Contract Tower,0,9,9,0,18,0,5,23,0,28,0,14,32,0,46,38,0,38,84
10/06/2020,HKY,NC,ASO,ES,Federal Contract Tower,0,5,11,0,16,0,5,50,0,55,0,10,61,0,71,48,0,48,119
10/07/2020,HKY,NC,ASO,ES,Federal Contract Tower,0,7,3,0,10,0,0,0,0,0,0,7,3,0,10,40,0,40,50
10/08/2020,HKY,NC,ASO,ES,Federal Contract Tower,0,12,13,0,25,0,3,69,4,76,0,15,82,4,101,22,0,22,123
10/09/2020,HKY,NC,ASO,ES,Federal Contract Tower,0,7,13,0,20,0,5,40,0,45,0,12,53,0,65,48,0,48,113
10/10/2020,HKY,NC,ASO,ES,Federal Contract Tower,0,1,0,0,1,0,0,0,0,0,0,1,0,0,1,0,0,0,1
10/11/2020,HKY,NC,ASO,ES,Federal Contract Tower,0,8,10,0,18,0,0,0,0,0,0,8,10,0,18,0,0,0,18
10/12/2020,HKY,NC,ASO,ES,Federal Contract Tower,0,13,9,0,22,0,0,3,0,3,0,13,12,0,25,0,0,0,25
10/13/2020,HKY,NC,ASO,ES,Federal Contract Tower,0,8,18,0,26,0,9,36,4,49,0,17,54,4,75,30,0,30,105
10/14/2020,HKY,NC,ASO,ES,Federal Contract Tower,0,2,6,0,8,0,3,98,11,112,0,5,104,11,120,74,2,76,196
10/15/2020,HKY,NC,ASO,ES,Federal Contract Tower,0,11,8,0,19,0,4,22,2,28,0,15,30,2,47,12,0,12,59
10/16/2020,HKY,NC,ASO,ES,Federal Contract Tower,0,7,9,0,16,0,1,40,0,41,0,8,49,0,57,46,0,46,103
10/17/2020,HKY,NC,ASO,ES,Federal Contract Tower,0,4,13,0,17,0,1,53,0,54,0,5,66,0,71,58,0,58,129
10/18/2020,HKY,NC,ASO,ES,Federal Contract Tower,0,5,8,0,13,0,4,41,0,45,0,9,49,0,58,2,0,2,60
10/19/2020,HKY,NC,ASO,ES,Federal Contract Tower,0,7,8,0,15,0,0,43,13,56,0,7,51,13,71,26,0,26,97
10/20/2020,HKY,NC,ASO,ES,Federal Contract Tower,0,9,4,0,13,0,5,46,8,59,0,14,50,8,72,80,0,80,152
10/21/2020,HKY,NC,ASO,ES,Federal Contract Tower,1,5,17,0,23,0,2,31,6,39,1,7,48,6,62,38,0,38,100
10/22/2020,HKY,NC,ASO,ES,Federal Contract Tower,0,8,15,2,25,0,7,60,23,90,0,15,75,25,115,46,0,46,161
10/23/2020,HKY,NC,ASO,ES,Federal Contract Tower,0,7,12,0,19,0,1,63,2,66,0,8,75,2,85,46,0,46,131
10/24/2020,HKY,NC,ASO,ES,Federal Contract Tower,0,5,1,0,6,0,9,17,0,26,0,14,18,0,32,8,0,8,40
10/25/2020,HKY,NC,ASO,ES,Federal Contract Tower,0,2,5,0,7,0,0,0,0,0,0,2,5,0,7,0,0,0,7
10/26/2020,HKY,NC,ASO,ES,Federal Contract Tower,0,15,7,0,22,0,8,3,0,11,0,23,10,0,33,0,0,0,33
10/27/2020,HKY,NC,ASO,ES,Federal Contract Tower,0,9,14,0,23,0,2,18,0,20,0,11,32,0,43,46,0,46,89
10/28/2020,HKY,NC,ASO,ES,Federal Contract Tower,0,13,8,0,21,0,0,0,0,0,0,13,8,0,21,0,0,0,21
10/29/2020,HKY,NC,ASO,ES,Federal Contract Tower,0,5,1,0,6,0,1,4,0,5,0,6,5,0,11,0,0,0,11
10/30/2020,HKY,NC,ASO,ES,Federal Contract Tower,2,5,6,0,13,0,0,35,4,39,2,5,41,4,52,48,0,48,100
10/31/2020,HKY,NC,ASO,ES,Federal Contract Tower,0,0,16,0,16,0,2,34,11,47,0,2,50,11,63,8,0,8,71
11/01/2020,HKY,NC,ASO,ES,Federal Contract Tower,0,4,6,11,21,0,3,4,0,7,0,7,10,11,28,0,0,0,28
11/02/2020,HKY,NC,ASO,ES,Federal Contract Tower,0,2,3,0,5,0,3,43,5,51,0,5,46,5,56,16,2,18,74
11/03/2020,HKY,NC,ASO,ES,Federal Contract Tower,0,7,2,1,10,0,10,51,1,62,0,17,53,2,72,50,0,50,122
11/04/2020,HKY,NC,ASO,ES,Federal Contract Tower,1,5,1,0,7,0,2,72,2,76,1,7,73,2,83,22,0,22,105
11/05/2020,HKY,NC,ASO,ES,Federal Contract Tower,0,8,9,0,17,0,3,59,4,66,0,11,68,4,83,16,0,16,99
11/06/2020,HKY,NC,ASO,ES,Federal Contract Tower,3,4,6,0,13,0,16,57,0,73,3,20,63,0,86,44,0,44,130
11/07/2020,HKY,NC,ASO,ES,Federal Contract Tower,0,1,12,0,13,0,0,41,0,41,0,1,53,0,54,8,0,8,62
11/08/2020,HKY,NC,ASO,ES,Federal Contract Tower,0,4,7,0,11,0,2,31,0,33,0,6,38,0,44,54,0,54,98
11/09/2020,HKY,NC,ASO,ES,Federal Contract Tower,2,3,9,0,14,0,2,24,0,26,2,5,33,0,40,26,0,26,66
11/10/2020,HKY,NC,ASO,ES,Federal Contract Tower,1,12,9,6,28,0,1,3,0,4,1,13,12,6,32,0,0,0,32
11/11/2020,HKY,NC,ASO,ES,Federal Contract Tower,1,2,10,0,13,0,1,1,0,2,1,3,11,0,15,0,0,0,15
11/12/2020,HKY,NC,ASO,ES,Federal Contract Tower,0,8,7,0,15,0,0,0,0,0,0,8,7,0,15,0,0,0,15
11/13/2020,HKY,NC,ASO,ES,Federal Contract Tower,0,5,19,0,24,0,1,40,9,50,0,6,59,9,74,8,0,8,82
11/14/2020,HKY,NC,ASO,ES,Federal Contract Tower,0,0,8,0,8,0,4,78,0,82,0,4,86,0,90,20,0,20,110
11/15/2020,HKY,NC,ASO,ES,Federal Contract Tower,0,4,5,0,9,0,1,4,0,5,0,5,9,0,14,0,0,0,14
11/16/2020,HKY,NC,ASO,ES,Federal Contract Tower,0,4,8,0,12,0,8,44,4,56,0,12,52,4,68,24,0,24,92
11/17/2020,HKY,NC,ASO,ES,Federal Contract Tower,2,4,3,0,9,0,4,35,12,51,2,8,38,12,60,10,4,14,74
11/18/2020,HKY,NC,ASO,ES,Federal Contract Tower,1,5,9,0,15,0,1,36,7,44,1,6,45,7,59,4,0,4,63
11/19/2020,HKY,NC,ASO,ES,Federal Contract Tower,0,3,6,0,9,0,3,75,4,82,0,6,81,4,91,52,0,52,143
11/20/2020,HKY,NC,ASO,ES,Federal Contract Tower,1,1,4,0,6,0,3,57,4,64,1,4,61,4,70,50,0,50,120
11/21/2020,HKY,NC,ASO,ES,Federal Contract Tower,1,4,9,0,14,0,4,52,2,58,1,8,61,2,72,22,0,22,94
11/22/2020,HKY,NC,ASO,ES,Federal Contract Tower,1,1,8,0,10,0,1,13,0,14,1,2,21,0,24,2,0,2,26
11/23/2020,HKY,NC,ASO,ES,Federal Contract Tower,1,6,2,0,9,0,0,46,4,50,1,6,48,4,59,68,0,68,127
11/24/2020,HKY,NC,ASO,ES,Federal Contract Tower,2,10,8,0,20,0,3,70,3,76,2,13,78,3,96,14,0,14,110
11/25/2020,HKY,NC,ASO,ES,Federal Contract Tower,1,12,16,0,29,0,2,4,0,6,1,14,20,0,35,8,0,8,43
11/26/2020,HKY,NC,ASO,ES,Federal Contract Tower,1,3,3,0,7,0,1,3,0,4,1,4,6,0,11,0,0,0,11
11/27/2020,HKY,NC,ASO,ES,Federal Contract Tower,0,6,10,0,16,0,4,50,0,54,0,10,60,0,70,24,0,24,94
11/28/2020,HKY,NC,ASO,ES,Federal Contract Tower,0,9,9,0,18,0,8,74,0,82,0,17,83,0,100,24,0,24,124
11/29/2020,HKY,NC,ASO,ES,Federal Contract Tower,0,9,9,0,18,0,0,21,0,21,0,9,30,0,39,2,0,2,41
11/30/2020,HKY,NC,ASO,ES,Federal Contract Tower,0,11,5,4,20,0,3,2,3,8,0,14,7,7,28,2,0,2,30
12/01/2020,HKY,NC,ASO,ES,Federal Contract Tower,0,7,4,2,13,0,2,15,0,17,0,9,19,2,30,20,0,20,50
12/02/2020,HKY,NC,ASO,ES,Federal Contract Tower,0,5,5,2,12,0,2,44,4,50,0,7,49,6,62,14,4,18,80
12/03/2020,HKY,NC,ASO,ES,Federal Contract Tower,1,6,12,3,22,0,2,58,5,65,1,8,70,8,87,44,0,44,131
12/04/2020,HKY,NC,ASO,ES,Federal Contract Tower,0,8,5,0,13,0,4,12,0,16,0,12,17,0,29,74,0,74,103
12/05/2020,HKY,NC,ASO,ES,Federal Contract Tower,0,2,11,2,15,0,0,29,0,29,0,2,40,2,44,0,0,0,44
12/06/2020,HKY,NC,ASO,ES,Federal Contract Tower,0,0,8,0,8,0,8,36,1,45,0,8,44,1,53,2,0,2,55
12/07/2020,HKY,NC,ASO,ES,Federal Contract Tower,0,4,2,0,6,0,3,7,2,12,0,7,9,2,18,20,0,20,38
12/08/2020,HKY,NC,ASO,ES,Federal Contract Tower,1,6,4,0,11,0,2,71,8,81,1,8,75,8,92,44,0,44,136
12/09/2020,HKY,NC,ASO,ES,Federal Contract Tower,0,7,3,0,10,0,0,33,4,37,0,7,36,4,47,32,0,32,79
12/10/2020,HKY,NC,ASO,ES,Federal Contract Tower,0,2,11,0,13,0,2,55,0,57,0,4,66,0,70,22,0,22,92
12/11/2020,HKY,NC,ASO,ES,Federal Contract Tower,0,3,20,2,25,0,3,48,3,54,0,6,68,5,79,43,0,43,122
12/12/2020,HKY,NC,ASO,ES,Federal Contract Tower,0,0,7,0,7,0,4,40,0,44,0,4,47,0,51,58,0,58,109
12/13/2020,HKY,NC,ASO,ES,Federal Contract Tower,0,1,17,0,18,0,0,44,0,44,0,1,61,0,62,68,0,68,130
12/14/2020,HKY,NC,ASO,ES,Federal Contract Tower,0,4,0,0,4,0,1,11,0,12,0,5,11,0,16,0,0,0,16
12/15/2020,HKY,NC,ASO,ES,Federal Contract Tower,0,6,11,0,17,0,1,47,2,50,0,7,58,2,67,32,0,32,99
12/16/2020,HKY,NC,ASO,ES,Federal Contract Tower,0,2,4,0,6,0,0,0,0,0,0,2,4,0,6,0,0,0,6
12/17/2020,HKY,NC,ASO,ES,Federal Contract Tower,2,6,6,2,16,0,3,0,0,3,2,9,6,2,19,0,0,0,19
12/18/2020,HKY,NC,ASO,ES,Federal Contract Tower,0,5,8,0,13,0,0,81,2,83,0,5,89,2,96,72,0,72,168
12/19/2020,HKY,NC,ASO,ES,Federal Contract Tower,0,4,5,0,9,0,7,42,0,49,0,11,47,0,58,32,0,32,90
12/20/2020,HKY,NC,ASO,ES,Federal Contract Tower,1,6,0,0,7,0,0,4,0,4,1,6,4,0,11,2,0,2,13
12/21/2020,HKY,NC,ASO,ES,Federal Contract Tower,2,0,8,0,10,0,2,40,0,42,2,2,48,0,52,22,0,22,74
12/22/2020,HKY,NC,ASO,ES,Federal Contract Tower,1,9,6,0,16,0,5,53,4,62,1,14,59,4,78,54,0,54,132
12/23/2020,HKY,NC,ASO,ES,Federal Contract Tower,1,11,14,0,26,0,0,42,0,42,1,11,56,0,68,6,0,6,74
12/24/2020,HKY,NC,ASO,ES,Federal Contract Tower,0,2,0,0,2,0,0,0,0,0,0,2,0,0,2,0,0,0,2
12/25/2020,HKY,NC,ASO,ES,Federal Contract Tower,0,2,0,0,2,0,0,0,0,0,0,2,0,0,2,0,0,0,2
12/26/2020,HKY,NC,ASO,ES,Federal Contract Tower,0,3,18,0,21,0,9,43,0,52,0,12,61,0,73,20,0,20,93
12/27/2020,HKY,NC,ASO,ES,Federal Contract Tower,0,6,13,0,19,0,4,28,0,32,0,10,41,0,51,16,0,16,67
12/28/2020,HKY,NC,ASO,ES,Federal Contract Tower,0,6,5,0,11,0,0,45,0,45,0,6,50,0,56,20,0,20,76
12/29/2020,HKY,NC,ASO,ES,Federal Contract Tower,0,9,6,0,15,0,3,43,2,48,0,12,49,2,63,34,0,34,97
12/30/2020,HKY,NC,ASO,ES,Federal Contract Tower,0,11,8,0,19,0,0,3,3,6,0,11,11,3,25,14,0,14,39
12/31/2020,HKY,NC,ASO,ES,Federal Contract Tower,0,4,6,0,10,0,0,0,0,0,0,4,6,0,10,0,0,0,10
01/01/2021,HKY,NC,ASO,ES,Federal Contract Tower,0,3,0,0,3,0,0,0,0,0,0,3,0,0,3,0,0,0,3
01/02/2021,HKY,NC,ASO,ES,Federal Contract Tower,0,8,8,0,16,0,0,0,0,0,0,8,8,0,16,0,0,0,16
01/03/2021,HKY,NC,ASO,ES,Federal Contract Tower,0,9,7,0,16,0,1,5,0,6,0,10,12,0,22,6,0,6,28
01/04/2021,HKY,NC,ASO,ES,Federal Contract Tower,0,4,9,0,13,0,2,34,2,38,0,6,43,2,51,8,0,8,59
01/05/2021,HKY,NC,ASO,ES,Federal Contract Tower,0,6,4,0,10,0,8,25,0,33,0,14,29,0,43,0,0,0,43
01/06/2021,HKY,NC,ASO,ES,Federal Contract Tower,0,2,2,6,10,0,4,60,1,65,0,6,62,7,75,40,4,44,119
01/07/2021,HKY,NC,ASO,ES,Federal Contract Tower,0,2,8,3,13,0,6,30,0,36,0,8,38,3,49,22,6,28,77
01/08/2021,HKY,NC,ASO,ES,Federal Contract Tower,0,2,2,0,4,0,0,0,0,0,0,2,2,0,4,0,0,0,4
01/09/2021,HKY,NC,ASO,ES,Federal Contract Tower,0,6,19,0,25,0,1,44,0,45,0,7,63,0,70,10,0,10,80
01/10/2021,HKY,NC,ASO,ES,Federal Contract Tower,0,13,6,0,19,0,3,49,0,52,0,16,55,0,71,52,0,52,123
01/11/2021,HKY,NC,ASO,ES,Federal Contract Tower,0,0,5,0,5,0,0,14,1,15,0,0,19,1,20,10,4,14,34
01/12/2021,HKY,NC,ASO,ES,Federal Contract Tower,2,2,7,0,11,0,3,40,0,43,2,5,47,0,54,52,0,52,106
01/13/2021,HKY,NC,ASO,ES,Federal Contract Tower,0,0,16,0,16,0,2,50,0,52,0,2,66,0,68,26,0,26,94
01/14/2021,HKY,NC,ASO,ES,Federal Contract Tower,0,8,10,0,18,0,0,24,0,24,0,8,34,0,42,22,0,22,64
01/15/2021,HKY,NC,ASO,ES,Federal Contract Tower,0,4,6,0,10,0,4,5,0,9,0,8,11,0,19,8,0,8,27
01/16/2021,HKY,NC,ASO,ES,Federal Contract Tower,0,5,3,0,8,0,2,24,0,26,0,7,27,0,34,20,0,20,54
01/17/2021,HKY,NC,ASO,ES,Federal Contract Tower,0,1,9,0,10,0,0,41,0,41,0,1,50,0,51,26,0,26,77
01/18/2021,HKY,NC,ASO,ES,Federal Contract Tower,0,0,9,0,9,0,3,23,0,26,0,3,32,0,35,12,0,12,47
01/19/2021,HKY,NC,ASO,ES,Federal Contract Tower,0,8,4,0,12,0,6,46,4,56,0,14,50,4,68,20,0,20,88
01/20/2021,HKY,NC,ASO,ES,Federal Contract Tower,1,10,5,0,16,0,9,34,4,47,1,19,39,4,63,12,0,12,75
01/21/2021,HKY,NC,ASO,ES,Federal Contract Tower,0,9,13,2,24,0,2,58,0,60,0,11,71,2,84,30,0,30,114
01/22/2021,HKY,NC,ASO,ES,Federal Contract Tower,0,9,9,0,18,0,2,46,4,52,0,11,55,4,70,24,8,32,102
01/23/2021,HKY,NC,ASO,ES,Federal Contract Tower,0,2,8,0,10,0,1,50,0,51,0,3,58,0,61,54,0,54,115
01/24/2021,HKY,NC,ASO,ES,Federal Contract Tower,1,7,7,0,15,1,2,37,0,40,2,9,44,0,55,34,0,34,89
01/25/2021,HKY,NC,ASO,ES,Federal Contract Tower,1,7,5,0,13,0,0,0,0,0,1,7,5,0,13,0,0,0,13
01/26/2021,HKY,NC,ASO,ES,Federal Contract Tower,0,10,4,0,14,0,0,0,0,0,0,10,4,0,14,0,0,0,14
01/27/2021,HKY,NC,ASO,ES,Federal Contract Tower,0,4,2,0,6,0,1,20,4,25,0,5,22,4,31,20,0,20,51
01/28/2021,HKY,NC,ASO,ES,Federal Contract Tower,1,7,4,0,12,0,3,43,0,46,1,10,47,0,58,8,0,8,66
01/29/2021,HKY,NC,ASO,ES,Federal Contract Tower,0,2,16,0,18,0,1,74,2,77,0,3,90,2,95,34,0,34,129
01/30/2021,HKY,NC,ASO,ES,Federal Contract Tower,0,5,2,0,7,0,2,71,0,73,0,7,73,0,80,86,0,86,166
01/31/2021,HKY,NC,ASO,ES,Federal Contract Tower,0,3,0,0,3,0,0,0,0,0,0,3,0,0,3,0,0,0,3
02/01/2021,HKY,NC,ASO,ES,Federal Contract Tower,0,8,1,0,9,0,3,4,0,7,0,11,5,0,16,6,0,6,22
02/02/2021,HKY,NC,ASO,ES,Federal Contract Tower,0,1,1,0,2,0,4,5,0,9,0,5,6,0,11,8,0,8,19
02/03/2021,HKY,NC,ASO,ES,Federal Contract Tower,0,4,1,0,5,0,3,23,0,26,0,7,24,0,31,20,0,20,51
02/04/2021,HKY,NC,ASO,ES,Federal Contract Tower,0,7,17,0,24,0,5,41,3,49,0,12,58,3,73,60,6,66,139
02/05/2021,HKY,NC,ASO,ES,Federal Contract Tower,0,5,8,5,18,0,4,18,3,25,0,9,26,8,43,30,12,42,85
02/06/2021,HKY,NC,ASO,ES,Federal Contract Tower,0,9,10,0,19,0,0,83,0,83,0,9,93,0,102,28,0,28,130
02/07/2021,HKY,NC,ASO,ES,Federal Contract Tower,0,2,4,0,6,0,4,9,0,13,0,6,13,0,19,24,0,24,43
02/08/2021,HKY,NC,ASO,ES,Federal Contract Tower,1,2,4,0,7,0,3,36,5,44,1,5,40,5,51,74,0,74,125
02/09/2021,HKY,NC,ASO,ES,Federal Contract Tower,0,6,10,0,16,0,1,58,2,61,0,7,68,2,77,80,0,80,157
02/10/2021,HKY,NC,ASO,ES,Federal Contract Tower,0,8,4,0,12,0,1,23,0,24,0,9,27,0,36,40,0,40,76
02/11/2021,HKY,NC,ASO,ES,Federal Contract Tower,0,8,0,0,8,0,0,0,0,0,0,8,0,0,8,0,0,0,8
02/12/2021,HKY,NC,ASO,ES,Federal Contract Tower,0,5,2,0,7,0,0,0,0,0,0,5,2,0,7,0,0,0,7
02/13/2021,HKY,NC,ASO,ES,Federal Contract Tower,0,4,0,0,4,0,0,0,0,0,0,4,0,0,4,0,0,0,4
02/14/2021,HKY,NC,ASO,ES,Federal Contract Tower,0,5,8,0,13,0,0,0,0,0,0,5,8,0,13,0,0,0,13
02/15/2021,HKY,NC,ASO,ES,Federal Contract Tower,2,7,1,0,10,0,0,0,0,0,2,7,1,0,10,0,0,0,10
02/16/2021,HKY,NC,ASO,ES,Federal Contract Tower,1,6,5,0,12,0,0,28,0,28,1,6,33,0,40,14,4,18,58
02/17/2021,HKY,NC,ASO,ES,Federal Contract Tower,0,11,6,0,17,0,0,59,6,65,0,11,65,6,82,18,0,18,100
02/18/2021,HKY,NC,ASO,ES,Federal Contract Tower,0,7,0,0,7,0,0,0,0,0,0,7,0,0,7,0,0,0,7
02/19/2021,HKY,NC,ASO,ES,Federal Contract Tower,0,4,11,0,15,0,1,40,2,43,0,5,51,2,58,38,0,38,96
02/20/2021,HKY,NC,ASO,ES,Federal Contract Tower,0,6,8,0,14,0,1,91,0,92,0,7,99,0,106,30,0,30,136
02/21/2021,HKY,NC,ASO,ES,Federal Contract Tower,0,9,8,0,17,0,9,46,0,55,0,18,54,0,72,14,0,14,86
02/22/2021,HKY,NC,ASO,ES,Federal Contract Tower,0,0,0,0,0,0,0,11,0,11,0,0,11,0,11,6,0,6,17
02/23/2021,HKY,NC,ASO,ES,Federal Contract Tower,0,6,6,0,12,0,5,30,0,35,0,11,36,0,47,2,0,2,49
02/24/2021,HKY,NC,ASO,ES,Federal Contract Tower,0,11,9,0,20,0,7,64,5,76,0,18,73,5,96,18,2,20,116
02/25/2021,HKY,NC,ASO,ES,Federal Contract Tower,0,9,4,0,13,0,3,90,3,96,0,12,94,3,109,38,0,38,147
02/26/2021,HKY,NC,ASO,ES,Federal Contract Tower,0,7,2,0,9,0,0,0,0,0,0,7,2,0,9,0,0,0,9
02/27/2021,HKY,NC,ASO,ES,Federal Contract Tower,0,4,8,0,12,0,4,0,0,4,0,8,8,0,16,0,0,0,16
02/28/2021,HKY,NC,ASO,ES,Federal Contract Tower,0,8,9,0,17,0,5,1,0,6,0,13,10,0,23,0,0,0,23
03/01/2021,HKY,NC,ASO,ES,Federal Contract Tower,1,8,2,0,11,0,4,10,0,14,1,12,12,0,25,20,2,22,47
03/02/2021,HKY,NC,ASO,ES,Federal Contract Tower,0,9,2,0,11,0,1,50,2,53,0,10,52,2,64,38,16,54,118
03/03/2021,HKY,NC,ASO,ES,Federal Contract Tower,0,7,7,0,14,0,4,39,0,43,0,11,46,0,57,64,0,64,121
03/04/2021,HKY,NC,ASO,ES,Federal Contract Tower,0,13,11,2,26,0,2,33,0,35,0,15,44,2,61,18,8,26,87
03/05/2021,HKY,NC,ASO,ES,Federal Contract Tower,0,7,11,2,20,0,7,39,0,46,0,14,50,2,66,32,0,32,98
03/06/2021,HKY,NC,ASO,ES,Federal Contract Tower,0,4,9,0,13,0,1,50,2,53,0,5,59,2,66,46,0,46,112
03/07/2021,HKY,NC,ASO,ES,Federal Contract Tower,1,2,8,0,11,0,5,49,4,58,1,7,57,4,69,56,0,56,125
03/08/2021,HKY,NC,ASO,ES,Federal Contract Tower,1,2,5,0,8,0,11,43,16,70,1,13,48,16,78,72,0,72,150
03/09/2021,HKY,NC,ASO,ES,Federal Contract Tower,1,7,2,0,10,0,0,37,4,41,1,7,39,4,51,62,0,62,113
03/10/2021,HKY,NC,ASO,ES,Federal Contract Tower,2,6,9,2,19,0,2,38,8,48,2,8,47,10,67,22,0,22,89
03/11/2021,HKY,NC,ASO,ES,Federal Contract Tower,0,8,11,2,21,0,5,24,5,34,0,13,35,7,55,32,2,34,89
03/12/2021,HKY,NC,ASO,ES,Federal Contract Tower,2,6,5,0,13,0,10,57,4,71,2,16,62,4,84,46,0,46,130
03/13/2021,HKY,NC,ASO,ES,Federal Contract Tower,0,6,8,0,14,0,2,109,0,111,0,8,117,0,125,16,0,16,141
03/14/2021,HKY,NC,ASO,ES,Federal Contract Tower,1,13,9,0,23,0,4,40,0,44,1,17,49,0,67,2,0,2,69
03/15/2021,HKY,NC,ASO,ES,Federal Contract Tower,0,8,5,0,13,0,6,44,2,52,0,14,49,2,65,60,0,60,125
03/16/2021,HKY,NC,ASO,ES,Federal Contract Tower,2,13,4,2,21,0,0,0,0,0,2,13,4,2,21,0,0,0,21
03/17/2021,HKY,NC,ASO,ES,Federal Contract Tower,1,5,2,0,8,0,0,3,0,3,1,5,5,0,11,0,0,0,11
03/18/2021,HKY,NC,ASO,ES,Federal Contract Tower,0,5,0,0,5,0,1,0,0,1,0,6,0,0,6,0,0,0,6
03/19/2021,HKY,NC,ASO,ES,Federal Contract Tower,0,13,6,0,19,0,6,3,0,9,0,19,9,0,28,0,0,0,28
03/20/2021,HKY,NC,ASO,ES,Federal Contract Tower,1,2,4,0,7,0,2,52,4,58,1,4,56,4,65,24,20,44,109
03/21/2021,HKY,NC,ASO,ES,Federal Contract Tower,0,7,7,0,14,0,1,21,0,22,0,8,28,0,36,14,0,14,50
03/22/2021,HKY,NC,ASO,ES,Federal Contract Tower,2,6,8,2,18,0,8,46,0,54,2,14,54,2,72,28,16,44,116
03/23/2021,HKY,NC,ASO,ES,Federal Contract Tower,1,20,11,0,32,0,4,32,0,36,1,24,43,0,68,74,0,74,142
03/24/2021,HKY,NC,ASO,ES,Federal Contract Tower,1,8,9,0,18,0,1,1,0,2,1,9,10,0,20,0,0,0,20
03/25/2021,HKY,NC,ASO,ES,Federal Contract Tower,1,13,1,0,15,0,0,0,0,0,1,13,1,0,15,0,0,0,15
03/26/2021,HKY,NC,ASO,ES,Federal Contract Tower,2,3,12,0,17,0,8,62,2,72,2,11,74,2,89,30,0,30,119
03/27/2021,HKY,NC,ASO,ES,Federal Contract Tower,1,11,8,0,20,0,7,32,0,39,1,18,40,0,59,2,0,2,61
03/28/2021,HKY,NC,ASO,ES,Federal Contract Tower,1,5,2,0,8,0,0,3,0,3,1,5,5,0,11,0,0,0,11
03/29/2021,HKY,NC,ASO,ES,Federal Contract Tower,1,10,9,0,20,0,0,106,2,108,1,10,115,2,128,34,0,34,162
03/30/2021,HKY,NC,ASO,ES,Federal Contract Tower,1,7,9,0,17,0,5,76,0,81,1,12,85,0,98,20,2,22,120
03/31/2021,HKY,NC,ASO,ES,Federal Contract Tower,2,6,0,0,8,0,0,0,0,0,2,6,0,0,8,0,0,0,8
04/01/2021,HKY,NC,ASO,ES,Federal Contract Tower,1,10,3,0,14,0,4,7,4,15,1,14,10,4,29,12,0,12,41
04/02/2021,HKY,NC,ASO,ES,Federal Contract Tower,1,5,11,0,17,0,2,32,0,34,1,7,43,0,51,30,0,30,81
04/03/2021,HKY,NC,ASO,ES,Federal Contract Tower,1,7,6,0,14,0,4,102,0,106,1,11,108,0,120,60,0,60,180
04/04/2021,HKY,NC,ASO,ES,Federal Contract Tower,0,2,6,0,8,0,3,37,0,40,0,5,43,0,48,2,0,2,50
04/05/2021,HKY,NC,ASO,ES,Federal Contract Tower,1,11,8,0,20,0,11,46,9,66,1,22,54,9,86,30,0,30,116
04/06/2021,HKY,NC,ASO,ES,Federal Contract Tower,1,2,13,0,16,0,3,36,0,39,1,5,49,0,55,32,0,32,87
04/07/2021,HKY,NC,ASO,ES,Federal Contract Tower,1,7,8,0,16,0,8,60,0,68,1,15,68,0,84,68,2,70,154
04/08/2021,HKY,NC,ASO,ES,Federal Contract Tower,1,4,6,0,11,0,6,25,0,31,1,10,31,0,42,6,0,6,48
04/09/2021,HKY,NC,ASO,ES,Federal Contract Tower,1,3,6,0,10,0,6,36,1,43,1,9,42,1,53,24,8,32,85
04/10/2021,HKY,NC,ASO,ES,Federal Contract Tower,1,4,0,0,5,0,0,3,0,3,1,4,3,0,8,0,0,0,8
04/11/2021,HKY,NC,ASO,ES,Federal Contract Tower,0,10,5,0,15,0,7,13,0,20,0,17,18,0,35,0,0,0,35
04/12/2021,HKY,NC,ASO,ES,Federal Contract Tower,1,5,8,0,14,0,15,31,0,46,1,20,39,0,60,4,0,4,64
04/13/2021,HKY,NC,ASO,ES,Federal Contract Tower,1,15,8,0,24,0,6,53,16,75,1,21,61,16,99,34,0,34,133
04/14/2021,HKY,NC,ASO,ES,Federal Contract Tower,1,13,3,0,17,0,2,55,0,57,1,15,58,0,74,24,0,24,98
04/15/2021,HKY,NC,ASO,ES,Federal Contract Tower,1,10,8,0,19,0,4,27,7,38,1,14,35,7,57,20,0,20,77
04/16/2021,HKY,NC,ASO,ES,Federal Contract Tower,1,5,10,0,16,0,0,76,3,79,1,5,86,3,95,36,0,36,131
04/17/2021,HKY,NC,ASO,ES,Federal Contract Tower,1,5,5,1,12,0,3,43,9,55,1,8,48,10,67,6,4,10,77
04/18/2021,HKY,NC,ASO,ES,Federal Contract Tower,0,7,4,0,11,0,0,50,3,53,0,7,54,3,64,14,0,14,78
04/19/2021,HKY,NC,ASO,ES,Federal Contract Tower,0,3,3,0,6,0,0,48,5,53,0,3,51,5,59,16,0,16,75
04/20/2021,HKY,NC,ASO,ES,Federal Contract Tower,0,3,5,2,10,0,1,25,4,30,0,4,30,6,40,4,0,4,44
04/21/2021,HKY,NC,ASO,ES,Federal Contract Tower,0,10,3,0,13,0,1,14,3,18,0,11,17,3,31,12,0,12,43
04/22/2021,HKY,NC,ASO,ES,Federal Contract Tower,0,11,1,0,12,0,8,26,5,39,0,19,27,5,51,44,0,44,95
04/23/2021,HKY,NC,ASO,ES,Federal Contract Tower,0,10,11,3,24,0,2,54,7,63,0,12,65,10,87,36,0,36,123
04/24/2021,HKY,NC,ASO,ES,Federal Contract Tower,0,2,3,0,5,0,0,0,0,0,0,2,3,0,5,0,0,0,5
04/25/2021,HKY,NC,ASO,ES,Federal Contract Tower,0,12,18,0,30,0,3,30,0,33,0,15,48,0,63,18,0,18,81
04/26/2021,HKY,NC,ASO,ES,Federal Contract Tower,0,16,7,0,23,0,2,89,3,94,0,18,96,3,117,18,0,18,135
04/27/2021,HKY,NC,ASO,ES,Federal Contract Tower,1,9,12,2,24,0,3,47,0,50,1,12,59,2,74,26,0,26,100
04/28/2021,HKY,NC,ASO,ES,Federal Contract Tower,1,6,9,2,18,0,8,46,0,54,1,14,55,2,72,24,0,24,96
04/29/2021,HKY,NC,ASO,ES,Federal Contract Tower,0,9,4,0,13,0,5,29,4,38,0,14,33,4,51,26,0,26,77
04/30/2021,HKY,NC,ASO,ES,Federal Contract Tower,0,9,5,0,14,0,1,17,5,23,0,10,22,5,37,2,2,4,41
05/01/2021,HKY,NC,ASO,ES,Federal Contract Tower,0,4,11,0,15,0,3,49,2,54,0,7,60,2,69,28,0,28,97
05/02/2021,HKY,NC,ASO,ES,Federal Contract Tower,0,2,11,0,13,0,6,37,4,47,0,8,48,4,60,20,0,20,80
05/03/2021,HKY,NC,ASO,ES,Federal Contract Tower,0,5,2,0,7,0,0,5,0,5,0,5,7,0,12,6,0,6,18
05/04/2021,HKY,NC,ASO,ES,Federal Contract Tower,0,10,2,0,12,0,0,2,0,2,0,10,4,0,14,0,0,0,14
05/05/2021,HKY,NC,ASO,ES,Federal Contract Tower,1,3,8,0,12,0,1,40,1,42,1,4,48,1,54,84,0,84,138
05/06/2021,HKY,NC,ASO,ES,Federal Contract Tower,0,2,13,0,15,0,8,69,2,79,0,10,82,2,94,76,0,76,170
05/07/2021,HKY,NC,ASO,ES,Federal Contract Tower,0,14,16,0,30,0,2,23,0,25,0,16,39,0,55,22,0,22,77
05/08/2021,HKY,NC,ASO,ES,Federal Contract Tower,0,2,8,0,10,0,4,67,1,72,0,6,75,1,82,0,0,0,82
05/09/2021,HKY,NC,ASO,ES,Federal Contract Tower,0,6,9,0,15,0,5,39,0,44,0,11,48,0,59,6,0,6,65
05/10/2021,HKY,NC,ASO,ES,Federal Contract Tower,0,3,7,0,10,0,7,33,2,42,0,10,40,2,52,8,0,8,60
05/11/2021,HKY,NC,ASO,ES,Federal Contract Tower,0,11,4,2,17,0,6,48,3,57,0,17,52,5,74,16,6,22,96
05/12/2021,HKY,NC,ASO,ES,Federal Contract Tower,0,13,1,0,14,0,0,0,0,0,0,13,1,0,14,14,0,14,28
05/13/2021,HKY,NC,ASO,ES,Federal Contract Tower,0,7,8,0,15,0,5,56,1,62,0,12,64,1,77,46,0,46,123
05/14/2021,HKY,NC,ASO,ES,Federal Contract Tower,0,6,6,0,12,0,3,65,1,69,0,9,71,1,81,40,0,40,121
05/15/2021,HKY,NC,ASO,ES,Federal Contract Tower,0,3,8,0,11,0,1,37,0,38,0,4,45,0,49,4,0,4,53
05/16/2021,HKY,NC,ASO,ES,Federal Contract Tower,0,8,9,0,17,0,4,26,0,30,0,12,35,0,47,8,0,8,55
05/17/2021,HKY,NC,ASO,ES,Federal Contract Tower,1,9,6,0,16,0,2,20,6,28,1,11,26,6,44,14,0,14,58
05/18/2021,HKY,NC,ASO,ES,Federal Contract Tower,0,8,12,0,20,0,6,51,3,60,0,14,63,3,80,22,0,22,102
05/19/2021,HKY,NC,ASO,ES,Federal Contract Tower,0,16,16,0,32,0,3,47,0,50,0,19,63,0,82,28,0,28,110
05/20/2021,HKY,NC,ASO,ES,Federal Contract Tower,0,8,2,0,10,0,1,71,4,76,0,9,73,4,86,20,0,20,106
05/21/2021,HKY,NC,ASO,ES,Federal Contract Tower,0,9,3,0,12,0,7,53,7,67,0,16,56,7,79,10,0,10,89
05/22/2021,HKY,NC,ASO,ES,Federal Contract Tower,0,9,7,0,16,0,4,82,5,91,0,13,89,5,107,44,0,44,151
05/23/2021,HKY,NC,ASO,ES,Federal Contract Tower,0,13,7,0,20,0,1,33,3,37,0,14,40,3,57,0,0,0,57
05/24/2021,HKY,NC,ASO,ES,Federal Contract Tower,0,1,10,0,11,0,11,35,1,47,0,12,45,1,58,16,0,16,74
05/25/2021,HKY,NC,ASO,ES,Federal Contract Tower,0,9,8,0,17,0,9,40,4,53,0,18,48,4,70,58,0,58,128
05/26/2021,HKY,NC,ASO,ES,Federal Contract Tower,0,11,2,0,13,0,2,39,2,43,0,13,41,2,56,26,0,26,82
05/27/2021,HKY,NC,ASO,ES,Federal Contract Tower,1,7,10,0,18,0,3,69,0,72,1,10,79,0,90,26,0,26,116
05/28/2021,HKY,NC,ASO,ES,Federal Contract Tower,1,17,10,0,28,0,1,36,0,37,1,18,46,0,65,14,0,14,79
05/29/2021,HKY,NC,ASO,ES,Federal Contract Tower,0,6,4,0,10,0,5,4,0,9,0,11,8,0,19,2,0,2,21
05/30/2021,HKY,NC,ASO,ES,Federal Contract Tower,2,4,2,0,8,0,0,5,0,5,2,4,7,0,13,0,0,0,13
05/31/2021,HKY,NC,ASO,ES,Federal Contract Tower,0,6,7,0,13,0,3,43,2,48,0,9,50,2,61,30,0,30,91
06/01/2021,HKY,NC,ASO,ES,Federal Contract Tower,0,4,2,0,6,0,4,43,4,51,0,8,45,4,57,34,0,34,91
06/02/2021,HKY,NC,ASO,ES,Federal Contract Tower,0,4,20,0,24,0,4,34,0,38,0,8,54,0,62,54,0,54,116
06/03/2021,HKY,NC,ASO,ES,Federal Contract Tower,0,6,5,1,12,0,0,25,2,27,0,6,30,3,39,28,8,36,75
06/04/2021,HKY,NC,ASO,ES,Federal Contract Tower,0,8,16,0,24,0,6,39,7,52,0,14,55,7,76,14,0,14,90
06/05/2021,HKY,NC,ASO,ES,Federal Contract Tower,1,4,8,2,15,0,10,79,0,89,1,14,87,2,104,34,0,34,138
06/06/2021,HKY,NC,ASO,ES,Federal Contract Tower,0,6,11,0,17,0,4,10,2,16,0,10,21,2,33,30,0,30,63
06/07/2021,HKY,NC,ASO,ES,Federal Contract Tower,0,7,12,0,19,0,0,1,2,3,0,7,13,2,22,18,0,18,40
06/08/2021,HKY,NC,ASO,ES,Federal Contract Tower,0,5,6,0,11,0,7,1,0,8,0,12,7,0,19,0,0,0,19
06/09/2021,HKY,NC,ASO,ES,Federal Contract Tower,1,10,5,0,16,0,0,17,2,19,1,10,22,2,35,56,0,56,91
06/10/2021,HKY,NC,ASO,ES,Federal Contract Tower,0,13,5,0,18,0,1,17,2,20,0,14,22,2,38,32,0,32,70
06/11/2021,HKY,NC,ASO,ES,Federal Contract Tower,0,10,9,0,19,0,2,9,0,11,0,12,18,0,30,2,0,2,32
06/12/2021,HKY,NC,ASO,ES,Federal Contract Tower,0,7,13,0,20,0,1,33,0,34,0,8,46,0,54,0,0,0,54
06/13/2021,HKY,NC,ASO,ES,Federal Contract Tower,0,10,12,0,22,0,4,22,0,26,0,14,34,0,48,12,0,12,60
06/14/2021,HKY,NC,ASO,ES,Federal Contract Tower,1,11,11,0,23,0,4,47,2,53,1,15,58,2,76,38,0,38,114
06/15/2021,HKY,NC,ASO,ES,Federal Contract Tower,0,7,8,2,17,0,2,43,14,59,0,9,51,16,76,26,0,26,102
06/16/2021,HKY,NC,ASO,ES,Federal Contract Tower,0,8,10,2,20,0,4,79,0,83,0,12,89,2,103,72,8,80,183
06/17/2021,HKY,NC,ASO,ES,Federal Contract Tower,0,12,9,0,21,0,8,63,1,72,0,20,72,1,93,16,0,16,109
06/18/2021,HKY,NC,ASO,ES,Federal Contract Tower,0,8,18,0,26,0,6,59,0,65,0,14,77,0,91,36,0,36,127
06/19/2021,HKY,NC,ASO,ES,Federal Contract Tower,1,2,18,0,21,0,2,44,2,48,1,4,62,2,69,20,0,20,89
06/20/2021,HKY,NC,ASO,ES,Federal Contract Tower,2,2,3,0,7,0,2,2,0,4,2,4,5,0,11,0,0,0,11
06/21/2021,HKY,NC,ASO,ES,Federal Contract Tower,1,16,8,0,25,0,3,56,0,59,1,19,64,0,84,12,0,12,96
06/22/2021,HKY,NC,ASO,ES,Federal Contract Tower,0,11,2,0,13,0,5,9,0,14,0,16,11,0,27,0,0,0,27
06/23/2021,HKY,NC,ASO,ES,Federal Contract Tower,1,16,4,2,23,0,8,78,1,87,1,24,82,3,110,38,2,40,150
06/24/2021,HKY,NC,ASO,ES,Federal Contract Tower,0,10,15,0,25,0,2,52,2,56,0,12,67,2,81,44,0,44,125
06/25/2021,HKY,NC,ASO,ES,Federal Contract Tower,0,11,16,0,27,0,0,88,2,90,0,11,104,2,117,18,0,18,135
06/26/2021,HKY,NC,ASO,ES,Federal Contract Tower,0,3,10,0,13,0,1,28,2,31,0,4,38,2,44,14,0,14,58
06/27/2021,HKY,NC,ASO,ES,Federal Contract Tower,0,9,10,0,19,0,5,21,0,26,0,14,31,0,45,16,0,16,61
06/28/2021,HKY,NC,ASO,ES,Federal Contract Tower,0,16,10,0,26,0,5,39,9,53,0,21,49,9,79,30,0,30,109
06/29/2021,HKY,NC,ASO,ES,Federal Contract Tower,1,7,8,0,16,0,5,13,0,18,1,12,21,0,34,0,0,0,34
06/30/2021,HKY,NC,ASO,ES,Federal Contract Tower,0,10,14,0,24,0,2,58,8,68,0,12,72,8,92,34,0,34,126
07/01/2021,HKY,NC,ASO,ES,Federal Contract Tower,0,11,10,0,21,0,3,59,2,64,0,14,69,2,85,34,0,34,119
07/02/2021,HKY,NC,ASO,ES,Federal Contract Tower,0,8,5,0,13,0,1,16,0,17,0,9,21,0,30,22,0,22,52
07/03/2021,HKY,NC,ASO,ES,Federal Contract Tower,0,6,10,0,16,0,1,49,0,50,0,7,59,0,66,24,0,24,90
07/04/2021,HKY,NC,ASO,ES,Federal Contract Tower,0,9,2,0,11,0,5,21,0,26,0,14,23,0,37,6,0,6,43
07/05/2021,HKY,NC,ASO,ES,Federal Contract Tower,0,10,12,0,22,0,7,49,0,56,0,17,61,0,78,36,0,36,114
07/06/2021,HKY,NC,ASO,ES,Federal Contract Tower,0,3,3,0,6,0,6,62,1,69,0,9,65,1,75,20,0,20,95
07/07/2021,HKY,NC,ASO,ES,Federal Contract Tower,1,5,11,0,17,0,0,55,0,55,1,5,66,0,72,56,0,56,128
07/08/2021,HKY,NC,ASO,ES,Federal Contract Tower,1,7,2,0,10,0,2,16,0,18,1,9,18,0,28,0,0,0,28
07/09/2021,HKY,NC,ASO,ES,Federal Contract Tower,0,11,16,0,27,0,2,23,7,32,0,13,39,7,59,34,16,50,109
07/10/2021,HKY,NC,ASO,ES,Federal Contract Tower,0,1,7,0,8,0,2,98,0,100,0,3,105,0,108,10,2,12,120
07/11/2021,HKY,NC,ASO,ES,Federal Contract Tower,0,12,8,0,20,0,3,13,1,17,0,15,21,1,37,0,0,0,37
07/12/2021,HKY,NC,ASO,ES,Federal Contract Tower,0,9,12,0,21,0,13,18,3,34,0,22,30,3,55,20,4,24,79
07/13/2021,HKY,NC,ASO,ES,Federal Contract Tower,0,10,8,0,18,0,4,44,2,50,0,14,52,2,68,68,0,68,136
07/14/2021,HKY,NC,ASO,ES,Federal Contract Tower,0,4,16,0,20,0,3,33,1,37,0,7,49,1,57,20,6,26,83
07/15/2021,HKY,NC,ASO,ES,Federal Contract Tower,0,25,7,2,34,0,2,54,0,56,0,27,61,2,90,28,0,28,118
07/16/2021,HKY,NC,ASO,ES,Federal Contract Tower,1,8,18,0,27,0,1,66,2,69,1,9,84,2,96,22,0,22,118
07/17/2021,HKY,NC,ASO,ES,Federal Contract Tower,0,5,7,0,12,0,5,52,0,57,0,10,59,0,69,18,0,18,87
07/18/2021,HKY,NC,ASO,ES,Federal Contract Tower,0,10,11,0,21,0,1,40,0,41,0,11,51,0,62,22,0,22,84
07/19/2021,HKY,NC,ASO,ES,Federal Contract Tower,3,12,7,0,22,0,2,0,0,2,3,14,7,0,24,0,0,0,24
07/20/2021,HKY,NC,ASO,ES,Federal Contract Tower,1,8,7,2,18,0,5,50,0,55,1,13,57,2,73,12,0,12,85
07/21/2021,HKY,NC,ASO,ES,Federal Contract Tower,0,7,10,3,20,0,5,39,1,45,0,12,49,4,65,56,6,62,127
07/22/2021,HKY,NC,ASO,ES,Federal Contract Tower,1,8,12,0,21,0,13,53,2,68,1,21,65,2,89,34,0,34,123
07/23/2021,HKY,NC,ASO,ES,Federal Contract Tower,0,8,29,0,37,0,0,57,0,57,0,8,86,0,94,48,0,48,142
07/24/2021,HKY,NC,ASO,ES,Federal Contract Tower,0,5,20,1,26,0,1,8,0,9,0,6,28,1,35,0,0,0,35
07/25/2021,HKY,NC,ASO,ES,Federal Contract Tower,0,8,16,0,24,0,0,24,0,24,0,8,40,0,48,52,0,52,100
07/26/2021,HKY,NC,ASO,ES,Federal Contract Tower,1,12,10,0,23,0,2,32,0,34,1,14,42,0,57,34,0,34,91
07/27/2021,HKY,NC,ASO,ES,Federal Contract Tower,1,3,4,1,9,0,0,13,6,19,1,3,17,7,28,2,0,2,30
07/28/2021,HKY,NC,ASO,ES,Federal Contract Tower,0,8,4,0,12,0,3,93,4,100,0,11,97,4,112,34,0,34,146
07/29/2021,HKY,NC,ASO,ES,Federal Contract Tower,0,9,7,0,16,0,3,41,6,50,0,12,48,6,66,20,0,20,86
07/30/2021,HKY,NC,ASO,ES,Federal Contract Tower,0,11,10,0,21,0,4,34,0,38,0,15,44,0,59,8,0,8,67
07/31/2021,HKY,NC,ASO,ES,Federal Contract Tower,0,6,11,1,18,0,5,47,1,53,0,11,58,2,71,16,0,16,87
08/01/2021,HKY,NC,ASO,ES,Federal Contract Tower,0,14,6,0,20,0,3,21,0,24,0,17,27,0,44,12,0,12,56
08/02/2021,HKY,NC,ASO,ES,Federal Contract Tower,0,14,10,0,24,0,1,43,1,45,0,15,53,1,69,44,2,46,115
08/03/2021,HKY,NC,ASO,ES,Federal Contract Tower,0,11,2,4,17,0,4,7,0,11,0,15,9,4,28,0,0,0,28
08/04/2021,HKY,NC,ASO,ES,Federal Contract Tower,0,14,8,0,22,0,7,16,2,25,0,21,24,2,47,20,0,20,67
08/05/2021,HKY,NC,ASO,ES,Federal Contract Tower,0,16,7,2,25,0,5,66,3,74,0,21,73,5,99,94,0,94,193
08/06/2021,HKY,NC,ASO,ES,Federal Contract Tower,0,5,9,0,14,0,5,70,4,79,0,10,79,4,93,54,0,54,147
08/07/2021,HKY,NC,ASO,ES,Federal Contract Tower,0,5,2,0,7,0,3,10,0,13,0,8,12,0,20,0,0,0,20
08/08/2021,HKY,NC,ASO,ES,Federal Contract Tower,0,9,10,0,19,0,4,23,0,27,0,13,33,0,46,10,0,10,56
08/09/2021,HKY,NC,ASO,ES,Federal Contract Tower,0,10,5,0,15,0,0,31,2,33,0,10,36,2,48,36,0,36,84
08/10/2021,HKY,NC,ASO,ES,Federal Contract Tower,1,7,10,1,19,0,4,21,2,27,1,11,31,3,46,44,0,44,90
08/11/2021,HKY,NC,ASO,ES,Federal Contract Tower,0,14,3,0,17,0,5,31,3,39,0,19,34,3,56,18,0,18,74
08/12/2021,HKY,NC,ASO,ES,Federal Contract Tower,0,12,14,0,26,0,4,64,1,69,0,16,78,1,95,14,0,14,109
08/13/2021,HKY,NC,ASO,ES,Federal Contract Tower,0,1,7,0,8,0,3,60,2,65,0,4,67,2,73,44,2,46,119
08/14/2021,HKY,NC,ASO,ES,Federal Contract Tower,0,8,10,0,18,0,0,75,0,75,0,8,85,0,93,20,0,20,113
08/15/2021,HKY,NC,ASO,ES,Federal Contract Tower,0,7,10,0,17,0,1,8,0,9,0,8,18,0,26,6,0,6,32
08/16/2021,HKY,NC,ASO,ES,Federal Contract Tower,0,6,2,0,8,0,2,3,0,5,0,8,5,0,13,0,0,0,13
08/17/2021,HKY,NC,ASO,ES,Federal Contract Tower,0,6,3,0,9,0,0,0,0,0,0,6,3,0,9,0,0,0,9
08/18/2021,HKY,NC,ASO,ES,Federal Contract Tower,2,22,9,0,33,0,3,18,0,21,2,25,27,0,54,30,0,30,84
08/19/2021,HKY,NC,ASO,ES,Federal Contract Tower,0,5,2,0,7,0,1,49,3,53,0,6,51,3,60,28,0,28,88
08/20/2021,HKY,NC,ASO,ES,Federal Contract Tower,0,9,6,4,19,0,0,35,2,37,0,9,41,6,56,26,0,26,82
08/21/2021,HKY,NC,ASO,ES,Federal Contract Tower,0,7,5,0,12,0,2,59,0,61,0,9,64,0,73,14,0,14,87
08/22/2021,HKY,NC,ASO,ES,Federal Contract Tower,0,7,10,0,17,0,2,29,1,32,0,9,39,1,49,8,0,8,57
08/23/2021,HKY,NC,ASO,ES,Federal Contract Tower,0,6,5,0,11,0,1,43,3,47,0,7,48,3,58,28,0,28,86
08/24/2021,HKY,NC,ASO,ES,Federal Contract Tower,0,7,4,0,11,0,0,35,0,35,0,7,39,0,46,28,0,28,74
08/25/2021,HKY,NC,ASO,ES,Federal Contract Tower,0,7,11,0,18,0,2,64,4,70,0,9,75,4,88,48,0,48,136
08/26/2021,HKY,NC,ASO,ES,Federal Contract Tower,0,9,11,0,20,0,4,21,7,32,0,13,32,7,52,17,0,17,69
08/27/2021,HKY,NC,ASO,ES,Federal Contract Tower,0,6,9,2,17,0,4,47,2,53,0,10,56,4,70,24,0,24,94
08/28/2021,HKY,NC,ASO,ES,Federal Contract Tower,0,6,7,0,13,0,5,60,0,65,0,11,67,0,78,22,2,24,102
08/29/2021,HKY,NC,ASO,ES,Federal Contract Tower,1,3,14,0,18,0,7,57,0,64,1,10,71,0,82,28,0,28,110
08/30/2021,HKY,NC,ASO,ES,Federal Contract Tower,0,5,13,2,20,0,6,27,0,33,0,11,40,2,53,44,0,44,97
08/31/2021,HKY,NC,ASO,ES,Federal Contract Tower,1,19,5,0,25,0,5,13,3,21,1,24,18,3,46,0,0,0,46
09/01/2021,HKY,NC,ASO,ES,Federal Contract Tower,0,10,3,0,13,0,1,5,0,6,0,11,8,0,19,0,0,0,19
09/02/2021,HKY,NC,ASO,ES,Federal Contract Tower,0,13,11,0,24,0,1,35,0,36,0,14,46,0,60,12,0,12,72
09/03/2021,HKY,NC,ASO,ES,Federal Contract Tower,0,9,10,0,19,0,8,65,0,73,0,17,75,0,92,54,0,54,146
09/04/2021,HKY,NC,ASO,ES,Federal Contract Tower,0,2,13,0,15,0,2,49,0,51,0,4,62,0,66,36,0,36,102
09/05/2021,HKY,NC,ASO,ES,Federal Contract Tower,0,6,11,0,17,0,0,44,0,44,0,6,55,0,61,22,0,22,83
09/06/2021,HKY,NC,ASO,ES,Federal Contract Tower,0,13,7,0,20,0,4,44,0,48,0,17,51,0,68,32,0,32,100
09/07/2021,HKY,NC,ASO,ES,Federal Contract Tower,1,7,14,0,22,0,2,48,0,50,1,9,62,0,72,22,0,22,94
09/08/2021,HKY,NC,ASO,ES,Federal Contract Tower,1,17,7,0,25,0,0,0,0,0,1,17,7,0,25,4,6,10,35
09/09/2021,HKY,NC,ASO,ES,Federal Contract Tower,0,19,9,2,30,0,6,30,4,40,0,25,39,6,70,42,0,42,112
09/10/2021,HKY,NC,ASO,ES,Federal Contract Tower,2,8,12,0,22,0,9,81,3,93,2,17,93,3,115,38,8,46,161
09/11/2021,HKY,NC,ASO,ES,Federal Contract Tower,1,6,11,0,18,0,4,86,0,90,1,10,97,0,108,20,0,20,128
09/12/2021,HKY,NC,ASO,ES,Federal Contract Tower,0,7,8,0,15,0,7,39,0,46,0,14,47,0,61,18,0,18,79
09/13/2021,HKY,NC,ASO,ES,Federal Contract Tower,1,11,4,0,16,0,4,22,0,26,1,15,26,0,42,8,0,8,50
09/14/2021,HKY,NC,ASO,ES,Federal Contract Tower,1,8,6,4,19,0,6,28,2,36,1,14,34,6,55,24,0,24,79
09/15/2021,HKY,NC,ASO,ES,Federal Contract Tower,0,5,4,10,19,0,3,36,0,39,0,8,40,10,58,56,0,56,114
09/16/2021,HKY,NC,ASO,ES,Federal Contract Tower,1,2,9,0,12,0,5,7,0,12,1,7,16,0,24,0,0,0,24
09/17/2021,HKY,NC,ASO,ES,Federal Contract Tower,1,7,13,0,21,0,0,7,0,7,1,7,20,0,28,0,0,0,28
09/18/2021,HKY,NC,ASO,ES,Federal Contract Tower,0,4,15,4,23,0,1,19,3,23,0,5,34,7,46,16,0,16,62
09/19/2021,HKY,NC,ASO,ES,Federal Contract Tower,0,11,10,0,21,0,7,14,0,21,0,18,24,0,42,24,0,24,66
09/20/2021,HKY,NC,ASO,ES,Federal Contract Tower,0,7,14,0,21,0,5,7,1,13,0,12,21,1,34,32,4,36,70
09/21/2021,HKY,NC,ASO,ES,Federal Contract Tower,1,3,1,0,5,0,0,0,0,0,1,3,1,0,5,0,0,0,5
09/22/2021,HKY,NC,ASO,ES,Federal Contract Tower,0,11,4,0,15,0,9,5,0,14,0,20,9,0,29,0,0,0,29
09/23/2021,HKY,NC,ASO,ES,Federal Contract Tower,1,5,9,6,21,0,6,45,4,55,1,11,54,10,76,22,8,30,106
09/24/2021,HKY,NC,ASO,ES,Federal Contract Tower,0,8,8,0,16,0,13,80,0,93,0,21,88,0,109,56,0,56,165
09/25/2021,HKY,NC,ASO,ES,Federal Contract Tower,0,5,6,0,11,0,6,101,6,113,0,11,107,6,124,4,0,4,128
09/26/2021,HKY,NC,ASO,ES,Federal Contract Tower,0,5,16,0,21,0,2,42,0,44,0,7,58,0,65,10,0,10,75
09/27/2021,HKY,NC,ASO,ES,Federal Contract Tower,0,12,4,0,16,0,2,42,0,44,0,14,46,0,60,36,0,36,96
09/28/2021,HKY,NC,ASO,ES,Federal Contract Tower,0,9,6,0,15,0,10,44,0,54,0,19,50,0,69,28,0,28,97
09/29/2021,HKY,NC,ASO,ES,Federal Contract Tower,0,7,5,1,13,0,4,57,1,62,0,11,62,2,75,22,0,22,97
09/30/2021,HKY,NC,ASO,ES,Federal Contract Tower,0,14,12,0,26,0,2,21,6,29,0,16,33,6,55,26,0,26,81
10/01/2021,HKY,NC,ASO,ES,Federal Contract Tower,0,2,13,2,17,0,1,62,0,63,0,3,75,2,80,28,6,34,114
10/02/2021,HKY,NC,ASO,ES,Federal Contract Tower,0,2,13,0,15,0,0,48,0,48,0,2,61,0,63,36,0,36,99
10/03/2021,HKY,NC,ASO,ES,Federal Contract Tower,0,13,14,0,27,0,8,23,0,31,0,21,37,0,58,10,0,10,68
10/04/2021,HKY,NC,ASO,ES,Federal Contract Tower,0,15,12,1,28,0,5,7,1,13,0,20,19,2,41,0,0,0,41
10/05/2021,HKY,NC,ASO,ES,Federal Contract Tower,0,10,12,0,22,0,2,4,0,6,0,12,16,0,28,12,0,12,40
10/06/2021,HKY,NC,ASO,ES,Federal Contract Tower,0,9,5,0,14,0,2,2,0,4,0,11,7,0,18,0,0,0,18
10/07/2021,HKY,NC,ASO,ES,Federal Contract Tower,0,16,5,0,21,0,0,0,0,0,0,16,5,0,21,0,0,0,21
10/08/2021,HKY,NC,ASO,ES,Federal Contract Tower,0,9,3,0,12,0,0,1,0,1,0,9,4,0,13,0,0,0,13
10/09/2021,HKY,NC,ASO,ES,Federal Contract Tower,0,6,13,0,19,0,3,11,0,14,0,9,24,0,33,6,0,6,39
10/10/2021,HKY,NC,ASO,ES,Federal Contract Tower,0,7,9,0,16,0,1,51,0,52,0,8,60,0,68,30,0,30,98
10/11/2021,HKY,NC,ASO,ES,Federal Contract Tower,2,16,27,0,45,0,0,36,2,38,2,16,63,2,83,28,0,28,111
10/12/2021,HKY,NC,ASO,ES,Federal Contract Tower,1,11,6,0,18,0,4,75,11,90,1,15,81,11,108,10,20,30,138
10/13/2021,HKY,NC,ASO,ES,Federal Contract Tower,0,8,5,0,13,0,4,39,2,45,0,12,44,2,58,22,2,24,82
10/14/2021,HKY,NC,ASO,ES,Federal Contract Tower,0,16,11,1,28,0,2,61,2,65,0,18,72,3,93,26,0,26,119
10/15/2021,HKY,NC,ASO,ES,Federal Contract Tower,0,6,15,3,24,0,1,64,1,66,0,7,79,4,90,20,0,20,110
10/16/2021,HKY,NC,ASO,ES,Federal Contract Tower,0,7,10,0,17,0,1,10,0,11,0,8,20,0,28,0,0,0,28
10/17/2021,HKY,NC,ASO,ES,Federal Contract Tower,0,6,11,0,17,0,3,26,0,29,0,9,37,0,46,6,0,6,52
10/18/2021,HKY,NC,ASO,ES,Federal Contract Tower,1,4,11,0,16,0,7,74,2,83,1,11,85,2,99,22,0,22,121
10/19/2021,HKY,NC,ASO,ES,Federal Contract Tower,0,6,9,0,15,0,4,69,4,77,0,10,78,4,92,42,10,52,144
10/20/2021,HKY,NC,ASO,ES,Federal Contract Tower,2,16,13,0,31,0,2,66,0,68,2,18,79,0,99,32,0,32,131
10/21/2021,HKY,NC,ASO,ES,Federal Contract Tower,1,12,5,0,18,0,1,50,0,51,1,13,55,0,69,26,0,26,95
10/22/2021,HKY,NC,ASO,ES,Federal Contract Tower,0,12,25,0,37,0,6,49,0,55,0,18,74,0,92,16,0,16,108
10/23/2021,HKY,NC,ASO,ES,Federal Contract Tower,1,6,24,0,31,0,2,79,0,81,1,8,103,0,112,8,0,8,120
10/24/2021,HKY,NC,ASO,ES,Federal Contract Tower,2,4,6,0,12,0,5,49,2,56,2,9,55,2,68,16,0,16,84
10/25/2021,HKY,NC,ASO,ES,Federal Contract Tower,0,13,5,0,18,0,1,27,13,41,0,14,32,13,59,6,0,6,65
10/26/2021,HKY,NC,ASO,ES,Federal Contract Tower,0,9,4,2,15,0,6,9,3,18,0,15,13,5,33,0,0,0,33
10/27/2021,HKY,NC,ASO,ES,Federal Contract Tower,0,15,9,0,24,0,4,86,0,90,0,19,95,0,114,16,0,16,130
10/28/2021,HKY,NC,ASO,ES,Federal Contract Tower,2,22,4,0,28,0,0,16,1,17,2,22,20,1,45,24,0,24,69
10/29/2021,HKY,NC,ASO,ES,Federal Contract Tower,0,12,16,0,28,0,1,20,0,21,0,13,36,0,49,12,0,12,61
10/30/2021,HKY,NC,ASO,ES,Federal Contract Tower,0,13,9,0,22,0,2,13,2,17,0,15,22,2,39,4,0,4,43
10/31/2021,HKY,NC,ASO,ES,Federal Contract Tower,0,4,7,0,11,0,5,42,0,47,0,9,49,0,58,22,0,22,80
11/01/2021,HKY,NC,ASO,ES,Federal Contract Tower,0,5,11,1,17,0,4,63,6,73,0,9,74,7,90,68,0,68,158
11/02/2021,HKY,NC,ASO,ES,Federal Contract Tower,0,5,10,2,17,0,9,49,1,59,0,14,59,3,76,50,0,50,126
11/03/2021,HKY,NC,ASO,ES,Federal Contract Tower,0,7,2,0,9,0,1,57,1,59,0,8,59,1,68,28,0,28,96
11/04/2021,HKY,NC,ASO,ES,Federal Contract Tower,0,4,3,0,7,0,1,3,2,6,0,5,6,2,13,0,0,0,13
11/05/2021,HKY,NC,ASO,ES,Federal Contract Tower,2,6,6,0,14,0,6,56,0,62,2,12,62,0,76,12,0,12,88
11/06/2021,HKY,NC,ASO,ES,Federal Contract Tower,2,5,6,0,13,0,2,46,0,48,2,7,52,0,61,0,0,0,61
11/07/2021,HKY,NC,ASO,ES,Federal Contract Tower,0,4,10,0,14,0,5,46,0,51,0,9,56,0,65,28,0,28,93
11/08/2021,HKY,NC,ASO,ES,Federal Contract Tower,0,7,10,0,17,0,6,50,4,60,0,13,60,4,77,12,0,12,89
11/09/2021,HKY,NC,ASO,ES,Federal Contract Tower,0,11,5,2,18,0,5,55,4,64,0,16,60,6,82,16,4,20,102
11/10/2021,HKY,NC,ASO,ES,Federal Contract Tower,0,10,4,0,14,0,4,71,11,86,0,14,75,11,100,24,0,24,124
11/11/2021,HKY,NC,ASO,ES,Federal Contract Tower,2,17,4,1,24,0,3,17,2,22,2,20,21,3,46,40,0,40,86
11/12/2021,HKY,NC,ASO,ES,Federal Contract Tower,0,6,6,0,12,0,1,58,5,64,0,7,64,5,76,78,0,78,154
11/13/2021,HKY,NC,ASO,ES,Federal Contract Tower,0,7,3,0,10,0,2,67,1,70,0,9,70,1,80,2,0,2,82
11/14/2021,HKY,NC,ASO,ES,Federal Contract Tower,0,5,7,0,12,0,4,50,2,56,0,9,57,2,68,28,0,28,96
11/15/2021,HKY,NC,ASO,ES,Federal Contract Tower,0,12,6,0,18,0,2,28,3,33,0,14,34,3,51,38,0,38,89
11/16/2021,HKY,NC,ASO,ES,Federal Contract Tower,0,10,15,0,25,0,6,45,0,51,0,16,60,0,76,22,0,22,98
11/17/2021,HKY,NC,ASO,ES,Federal Contract Tower,0,19,10,0,29,0,1,59,0,60,0,20,69,0,89,34,0,34,123
11/18/2021,HKY,NC,ASO,ES,Federal Contract Tower,0,11,9,0,20,0,3,27,3,33,0,14,36,3,53,34,0,34,87
11/19/2021,HKY,NC,ASO,ES,Federal Contract Tower,2,21,6,0,29,0,5,47,8,60,2,26,53,8,89,12,0,12,101
11/20/2021,HKY,NC,ASO,ES,Federal Contract Tower,0,3,6,0,9,0,4,69,2,75,0,7,75,2,84,28,0,28,112
11/21/2021,HKY,NC,ASO,ES,Federal Contract Tower,0,4,8,0,12,0,7,59,0,66,0,11,67,0,78,36,0,36,114
11/22/2021,HKY,NC,ASO,ES,Federal Contract Tower,0,8,13,2,23,0,7,20,4,31,0,15,33,6,54,8,4,12,66
11/23/2021,HKY,NC,ASO,ES,Federal Contract Tower,0,11,13,0,24,0,5,55,0,60,0,16,68,0,84,24,0,24,108
11/24/2021,HKY,NC,ASO,ES,Federal Contract Tower,0,8,15,0,23,0,4,32,0,36,0,12,47,0,59,28,0,28,87
11/25/2021,HKY,NC,ASO,ES,Federal Contract Tower,0,2,6,0,8,0,4,22,0,26,0,6,28,0,34,2,0,2,36
11/26/2021,HKY,NC,ASO,ES,Federal Contract Tower,0,7,6,0,13,0,5,20,2,27,0,12,26,2,40,0,0,0,40
11/27/2021,HKY,NC,ASO,ES,Federal Contract Tower,0,3,7,0,10,0,2,64,7,73,0,5,71,7,83,8,0,8,91
11/28/2021,HKY,NC,ASO,ES,Federal Contract Tower,0,11,11,0,22,0,6,49,6,61,0,17,60,6,83,24,0,24,107
11/29/2021,HKY,NC,ASO,ES,Federal Contract Tower,0,8,3,0,11,2,0,72,7,81,2,8,75,7,92,16,0,16,108
11/30/2021,HKY,NC,ASO,ES,Federal Contract Tower,0,6,5,0,11,0,4,38,8,50,0,10,43,8,61,50,0,50,111
12/01/2021,HKY,NC,ASO,ES,Federal Contract Tower,0,5,13,2,20,0,3,70,8,81,0,8,83,10,101,40,0,40,141
12/02/2021,HKY,NC,ASO,ES,Federal Contract Tower,0,12,6,0,18,0,7,25,4,36,0,19,31,4,54,10,0,10,64
12/03/2021,HKY,NC,ASO,ES,Federal Contract Tower,0,7,7,0,14,0,8,55,4,67,0,15,62,4,81,60,0,60,141
12/04/2021,HKY,NC,ASO,ES,Federal Contract Tower,0,0,13,0,13,0,7,73,18,98,0,7,86,18,111,36,0,36,147
12/05/2021,HKY,NC,ASO,ES,Federal Contract Tower,0,6,13,0,19,0,1,15,2,18,0,7,28,2,37,18,0,18,55
12/06/2021,HKY,NC,ASO,ES,Federal Contract Tower,0,17,0,0,17,0,13,6,0,19,0,30,6,0,36,2,0,2,38
12/07/2021,HKY,NC,ASO,ES,Federal Contract Tower,0,12,9,0,21,0,1,45,2,48,0,13,54,2,69,28,0,28,97
12/08/2021,HKY,NC,ASO,ES,Federal Contract Tower,0,6,7,0,13,0,3,33,0,36,0,9,40,0,49,34,6,40,89
12/09/2021,HKY,NC,ASO,ES,Federal Contract Tower,0,7,9,3,19,0,4,61,3,68,0,11,70,6,87,24,0,24,111
12/10/2021,HKY,NC,ASO,ES,Federal Contract Tower,3,8,6,2,19,0,0,0,0,0,3,8,6,2,19,0,0,0,19
12/11/2021,HKY,NC,ASO,ES,Federal Contract Tower,2,1,0,0,3,0,0,0,0,0,2,1,0,0,3,0,0,0,3
12/12/2021,HKY,NC,ASO,ES,Federal Contract Tower,0,7,8,0,15,0,1,52,8,61,0,8,60,8,76,42,0,42,118
12/13/2021,HKY,NC,ASO,ES,Federal Contract Tower,0,7,6,4,17,0,8,31,1,40,0,15,37,5,57,36,6,42,99
12/14/2021,HKY,NC,ASO,ES,Federal Contract Tower,0,6,14,0,20,0,5,57,0,62,0,11,71,0,82,34,0,34,116
12/15/2021,HKY,NC,ASO,ES,Federal Contract Tower,0,8,7,0,15,0,1,60,2,63,0,9,67,2,78,20,0,20,98
12/16/2021,HKY,NC,ASO,ES,Federal Contract Tower,0,9,8,2,19,0,1,38,0,39,0,10,46,2,58,8,0,8,66
12/17/2021,HKY,NC,ASO,ES,Federal Contract Tower,0,21,21,0,42,0,7,25,0,32,0,28,46,0,74,10,0,10,84
12/18/2021,HKY,NC,ASO,ES,Federal Contract Tower,0,3,5,0,8,0,0,0,0,0,0,3,5,0,8,0,0,0,8
12/19/2021,HKY,NC,ASO,ES,Federal Contract Tower,0,8,9,0,17,0,2,4,0,6,0,10,13,0,23,0,0,0,23
12/20/2021,HKY,NC,ASO,ES,Federal Contract Tower,0,14,9,0,23,0,8,63,10,81,0,22,72,10,104,20,0,20,124
12/21/2021,HKY,NC,ASO,ES,Federal Contract Tower,0,5,6,2,13,0,2,57,0,59,0,7,63,2,72,34,0,34,106
12/22/2021,HKY,NC,ASO,ES,Federal Contract Tower,0,8,10,2,20,0,5,33,0,38,0,13,43,2,58,10,2,12,70
12/23/2021,HKY,NC,ASO,ES,Federal Contract Tower,0,5,5,0,10,0,0,84,0,84,0,5,89,0,94,24,0,24,118
12/24/2021,HKY,NC,ASO,ES,Federal Contract Tower,0,1,6,0,7,0,2,31,4,37,0,3,37,4,44,8,0,8,52
12/25/2021,HKY,NC,ASO,ES,Federal Contract Tower,0,0,4,0,4,0,0,6,4,10,0,0,10,4,14,0,0,0,14
12/26/2021,HKY,NC,ASO,ES,Federal Contract Tower,0,0,11,0,11,0,0,37,3,40,0,0,48,3,51,40,0,40,91
12/27/2021,HKY,NC,ASO,ES,Federal Contract Tower,0,11,7,0,18,0,7,35,0,42,0,18,42,0,60,4,0,4,64
12/28/2021,HKY,NC,ASO,ES,Federal Contract Tower,0,16,15,0,31,0,3,23,0,26,0,19,38,0,57,28,0,28,85
12/29/2021,HKY,NC,ASO,ES,Federal Contract Tower,0,5,11,0,16,0,2,1,0,3,0,7,12,0,19,0,0,0,19
12/30/2021,HKY,NC,ASO,ES,Federal Contract Tower,0,11,5,0,16,0,0,0,0,0,0,11,5,0,16,0,0,0,16
12/31/2021,HKY,NC,ASO,ES,Federal Contract Tower,0,7,5,0,12,0,5,23,0,28,0,12,28,0,40,14,0,14,54
01/01/2022,HKY,NC,ASO,ES,Federal Contract Tower,0,8,3,0,11,0,2,1,0,3,0,10,4,0,14,0,0,0,14
01/02/2022,HKY,NC,ASO,ES,Federal Contract Tower,0,4,3,0,7,0,0,1,0,1,0,4,4,0,8,0,0,0,8
01/03/2022,HKY,NC,ASO,ES,Federal Contract Tower,0,6,2,0,8,0,1,10,0,11,0,7,12,0,19,4,0,4,23
01/04/2022,HKY,NC,ASO,ES,Federal Contract Tower,0,4,4,0,8,0,0,69,0,69,0,4,73,0,77,4,0,4,81
01/05/2022,HKY,NC,ASO,ES,Federal Contract Tower,0,10,8,0,18,0,5,42,0,47,0,15,50,0,65,42,4,46,111
01/06/2022,HKY,NC,ASO,ES,Federal Contract Tower,0,1,8,0,9,0,2,37,2,41,0,3,45,2,50,8,0,8,58
01/07/2022,HKY,NC,ASO,ES,Federal Contract Tower,0,6,2,0,8,0,1,48,0,49,0,7,50,0,57,20,0,20,77
01/08/2022,HKY,NC,ASO,ES,Federal Contract Tower,0,1,6,0,7,0,1,127,0,128,0,2,133,0,135,50,0,50,185
01/09/2022,HKY,NC,ASO,ES,Federal Contract Tower,0,2,2,0,4,0,0,0,0,0,0,2,2,0,4,0,0,0,4
01/10/2022,HKY,NC,ASO,ES,Federal Contract Tower,0,5,5,0,10,0,0,23,2,25,0,5,28,2,35,32,0,32,67
01/11/2022,HKY,NC,ASO,ES,Federal Contract Tower,0,8,10,1,19,0,2,53,1,56,0,10,63,2,75,42,0,42,117
01/12/2022,HKY,NC,ASO,ES,Federal Contract Tower,0,2,9,0,11,0,4,62,0,66,0,6,71,0,77,20,0,20,97
01/13/2022,HKY,NC,ASO,ES,Federal Contract Tower,0,6,7,0,13,0,6,42,0,48,0,12,49,0,61,18,0,18,79
01/14/2022,HKY,NC,ASO,ES,Federal Contract Tower,0,7,13,0,20,0,3,32,2,37,0,10,45,2,57,22,0,22,79
01/15/2022,HKY,NC,ASO,ES,Federal Contract Tower,0,8,0,0,8,0,0,25,0,25,0,8,25,0,33,12,0,12,45
01/16/2022,HKY,NC,ASO,ES,Federal Contract Tower,0,0,0,0,0,0,0,0,0,0,0,0,0,0,0,0,0,0,0
01/17/2022,HKY,NC,ASO,ES,Federal Contract Tower,0,4,2,0,6,0,6,2,0,8,0,10,4,0,14,0,0,0,14
01/18/2022,HKY,NC,ASO,ES,Federal Contract Tower,0,6,12,0,18,0,3,34,2,39,0,9,46,2,57,28,0,28,85
01/19/2022,HKY,NC,ASO,ES,Federal Contract Tower,0,3,6,0,9,0,4,32,0,36,0,7,38,0,45,56,0,56,101
01/20/2022,HKY,NC,ASO,ES,Federal Contract Tower,0,8,1,0,9,0,0,0,0,0,0,8,1,0,9,0,0,0,9
01/21/2022,HKY,NC,ASO,ES,Federal Contract Tower,0,2,0,0,2,0,0,13,0,13,0,2,13,0,15,10,0,10,25
01/22/2022,HKY,NC,ASO,ES,Federal Contract Tower,0,5,1,0,6,0,2,26,0,28,0,7,27,0,34,14,0,14,48
01/23/2022,HKY,NC,ASO,ES,Federal Contract Tower,0,6,2,0,8,0,3,34,0,37,0,9,36,0,45,64,0,64,109
01/24/2022,HKY,NC,ASO,ES,Federal Contract Tower,0,6,3,3,12,0,2,33,1,36,0,8,36,4,48,52,0,52,100
01/25/2022,HKY,NC,ASO,ES,Federal Contract Tower,0,5,6,0,11,0,2,53,1,56,0,7,59,1,67,12,0,12,79
01/26/2022,HKY,NC,ASO,ES,Federal Contract Tower,0,10,6,2,18,0,0,56,4,60,0,10,62,6,78,48,0,48,126
01/27/2022,HKY,NC,ASO,ES,Federal Contract Tower,0,9,9,0,18,0,11,68,5,84,0,20,77,5,102,16,0,16,118
01/28/2022,HKY,NC,ASO,ES,Federal Contract Tower,0,10,1,0,11,0,2,31,3,36,0,12,32,3,47,36,0,36,83
01/29/2022,HKY,NC,ASO,ES,Federal Contract Tower,0,1,2,0,3,0,2,0,0,2,0,3,2,0,5,0,0,0,5
01/30/2022,HKY,NC,ASO,ES,Federal Contract Tower,0,6,2,0,8,0,6,39,0,45,0,12,41,0,53,42,0,42,95
01/31/2022,HKY,NC,ASO,ES,Federal Contract Tower,0,3,4,0,7,0,3,38,0,41,0,6,42,0,48,26,6,32,80
02/01/2022,HKY,NC,ASO,ES,Federal Contract Tower,0,8,13,2,23,0,1,38,0,39,0,9,51,2,62,36,0,36,98
02/02/2022,HKY,NC,ASO,ES,Federal Contract Tower,0,11,3,0,14,0,6,51,0,57,0,17,54,0,71,44,0,44,115
02/03/2022,HKY,NC,ASO,ES,Federal Contract Tower,0,3,8,0,11,0,0,0,0,0,0,3,8,0,11,0,0,0,11
02/04/2022,HKY,NC,ASO,ES,Federal Contract Tower,0,7,1,0,8,0,0,6,0,6,0,7,7,0,14,34,0,34,48
02/05/2022,HKY,NC,ASO,ES,Federal Contract Tower,0,4,11,0,15,0,3,44,4,51,0,7,55,4,66,10,0,10,76
02/06/2022,HKY,NC,ASO,ES,Federal Contract Tower,1,10,6,0,17,0,5,60,1,66,1,15,66,1,83,42,0,42,125
02/07/2022,HKY,NC,ASO,ES,Federal Contract Tower,0,2,0,0,2,0,0,0,0,0,0,2,0,0,2,0,0,0,2
02/08/2022,HKY,NC,ASO,ES,Federal Contract Tower,0,6,7,0,13,0,4,44,9,57,0,10,51,9,70,64,0,64,134
02/09/2022,HKY,NC,ASO,ES,Federal Contract Tower,0,8,6,0,14,0,4,49,0,53,0,12,55,0,67,16,0,16,83
02/10/2022,HKY,NC,ASO,ES,Federal Contract Tower,0,6,14,0,20,0,9,49,3,61,0,15,63,3,81,20,0,20,101
02/11/2022,HKY,NC,ASO,ES,Federal Contract Tower,0,6,7,4,17,0,5,42,4,51,0,11,49,8,68,12,0,12,80
02/12/2022,HKY,NC,ASO,ES,Federal Contract Tower,0,4,7,0,11,0,6,129,0,135,0,10,136,0,146,36,0,36,182
02/13/2022,HKY,NC,ASO,ES,Federal Contract Tower,0,2,0,0,2,0,3,6,0,9,0,5,6,0,11,8,0,8,19
02/14/2022,HKY,NC,ASO,ES,Federal Contract Tower,0,3,8,0,11,0,2,44,0,46,0,5,52,0,57,20,0,20,77
02/15/2022,HKY,NC,ASO,ES,Federal Contract Tower,0,6,7,1,14,0,5,49,1,55,0,11,56,2,69,86,0,86,155
02/16/2022,HKY,NC,ASO,ES,Federal Contract Tower,0,8,8,0,16,0,3,16,0,19,0,11,24,0,35,32,0,32,67
02/17/2022,HKY,NC,ASO,ES,Federal Contract Tower,0,9,7,0,16,0,0,0,0,0,0,9,7,0,16,0,0,0,16
02/18/2022,HKY,NC,ASO,ES,Federal Contract Tower,0,4,7,0,11,0,11,26,0,37,0,15,33,0,48,30,0,30,78
02/19/2022,HKY,NC,ASO,ES,Federal Contract Tower,0,4,2,0,6,0,5,35,4,44,0,9,37,4,50,10,0,10,60
02/20/2022,HKY,NC,ASO,ES,Federal Contract Tower,0,8,7,0,15,0,4,53,0,57,0,12,60,0,72,40,0,40,112
02/21/2022,HKY,NC,ASO,ES,Federal Contract Tower,0,4,10,0,14,0,5,51,2,58,0,9,61,2,72,68,0,68,140
02/22/2022,HKY,NC,ASO,ES,Federal Contract Tower,0,8,4,0,12,0,0,0,0,0,0,8,4,0,12,0,0,0,12
02/23/2022,HKY,NC,ASO,ES,Federal Contract Tower,0,12,7,0,19,0,0,25,0,25,0,12,32,0,44,32,0,32,76
02/24/2022,HKY,NC,ASO,ES,Federal Contract Tower,0,9,8,0,17,0,0,0,0,0,0,9,8,0,17,0,0,0,17
02/25/2022,HKY,NC,ASO,ES,Federal Contract Tower,0,9,9,0,18,0,2,18,0,20,0,11,27,0,38,38,0,38,76
02/26/2022,HKY,NC,ASO,ES,Federal Contract Tower,0,9,8,0,17,0,3,35,0,38,0,12,43,0,55,18,0,18,73
02/27/2022,HKY,NC,ASO,ES,Federal Contract Tower,0,8,3,0,11,0,0,0,0,0,0,8,3,0,11,0,0,0,11
02/28/2022,HKY,NC,ASO,ES,Federal Contract Tower,0,4,9,0,13,0,13,64,0,77,0,17,73,0,90,18,0,18,108
03/01/2022,HKY,NC,ASO,ES,Federal Contract Tower,0,6,4,0,10,0,0,43,2,45,0,6,47,2,55,28,0,28,83
03/02/2022,HKY,NC,ASO,ES,Federal Contract Tower,0,14,10,0,24,0,2,41,3,46,0,16,51,3,70,8,0,8,78
03/03/2022,HKY,NC,ASO,ES,Federal Contract Tower,0,9,8,1,18,0,2,30,10,42,0,11,38,11,60,30,0,30,90
03/04/2022,HKY,NC,ASO,ES,Federal Contract Tower,0,5,10,0,15,0,3,73,10,86,0,8,83,10,101,62,0,62,163
03/05/2022,HKY,NC,ASO,ES,Federal Contract Tower,0,4,5,0,9,0,5,48,6,59,0,9,53,6,68,10,0,10,78
03/06/2022,HKY,NC,ASO,ES,Federal Contract Tower,0,7,7,0,14,0,3,14,4,21,0,10,21,4,35,8,0,8,43
03/07/2022,HKY,NC,ASO,ES,Federal Contract Tower,0,7,1,1,9,0,0,1,1,2,0,7,2,2,11,0,0,0,11
03/08/2022,HKY,NC,ASO,ES,Federal Contract Tower,0,3,14,0,17,0,2,41,12,55,0,5,55,12,72,24,4,28,100
03/09/2022,HKY,NC,ASO,ES,Federal Contract Tower,0,5,4,0,9,0,0,18,0,18,0,5,22,0,27,18,0,18,45
03/10/2022,HKY,NC,ASO,ES,Federal Contract Tower,0,10,7,0,17,0,1,8,0,9,0,11,15,0,26,12,0,12,38
03/11/2022,HKY,NC,ASO,ES,Federal Contract Tower,0,9,5,0,14,0,5,30,0,35,0,14,35,0,49,34,0,34,83
03/12/2022,HKY,NC,ASO,ES,Federal Contract Tower,0,4,1,0,5,0,0,6,0,6,0,4,7,0,11,0,0,0,11
03/13/2022,HKY,NC,ASO,ES,Federal Contract Tower,0,7,7,0,14,0,0,52,0,52,0,7,59,0,66,44,0,44,110
03/14/2022,HKY,NC,ASO,ES,Federal Contract Tower,0,3,8,0,11,0,0,52,3,55,0,3,60,3,66,44,0,44,110
03/15/2022,HKY,NC,ASO,ES,Federal Contract Tower,0,7,3,4,14,0,1,71,11,83,0,8,74,15,97,56,0,56,153
03/16/2022,HKY,NC,ASO,ES,Federal Contract Tower,0,16,9,2,27,0,2,0,0,2,0,18,9,2,29,0,0,0,29
03/17/2022,HKY,NC,ASO,ES,Federal Contract Tower,0,8,7,0,15,0,5,48,0,53,0,13,55,0,68,22,4,26,94
03/18/2022,HKY,NC,ASO,ES,Federal Contract Tower,0,2,7,0,9,0,2,35,8,45,0,4,42,8,54,20,0,20,74
03/19/2022,HKY,NC,ASO,ES,Federal Contract Tower,0,1,8,0,9,0,2,0,0,2,0,3,8,0,11,0,0,0,11
03/20/2022,HKY,NC,ASO,ES,Federal Contract Tower,0,1,6,0,7,0,2,25,6,33,0,3,31,6,40,6,0,6,46
03/21/2022,HKY,NC,ASO,ES,Federal Contract Tower,0,0,2,0,2,0,6,77,4,87,0,6,79,4,89,30,0,30,119
03/22/2022,HKY,NC,ASO,ES,Federal Contract Tower,0,6,6,0,12,0,2,34,0,36,0,8,40,0,48,24,0,24,72
03/23/2022,HKY,NC,ASO,ES,Federal Contract Tower,0,7,2,0,9,0,0,0,0,0,0,7,2,0,9,0,0,0,9
03/24/2022,HKY,NC,ASO,ES,Federal Contract Tower,0,6,5,0,11,0,5,58,3,66,0,11,63,3,77,8,0,8,85
03/25/2022,HKY,NC,ASO,ES,Federal Contract Tower,0,12,2,1,15,0,1,28,2,31,0,13,30,3,46,4,0,4,50
03/26/2022,HKY,NC,ASO,ES,Federal Contract Tower,4,4,2,0,10,0,1,5,3,9,4,5,7,3,19,0,0,0,19
03/27/2022,HKY,NC,ASO,ES,Federal Contract Tower,0,11,7,0,18,0,6,26,8,40,0,17,33,8,58,8,0,8,66
03/28/2022,HKY,NC,ASO,ES,Federal Contract Tower,0,9,4,0,13,0,4,36,9,49,0,13,40,9,62,24,0,24,86
03/29/2022,HKY,NC,ASO,ES,Federal Contract Tower,0,2,4,0,6,0,5,8,6,19,0,7,12,6,25,0,0,0,25
03/30/2022,HKY,NC,ASO,ES,Federal Contract Tower,0,7,11,0,18,0,2,12,2,16,0,9,23,2,34,68,0,68,102
03/31/2022,HKY,NC,ASO,ES,Federal Contract Tower,0,7,0,0,7,0,2,4,0,6,0,9,4,0,13,2,0,2,15
04/01/2022,HKY,NC,ASO,ES,Federal Contract Tower,0,3,2,0,5,0,4,34,1,39,0,7,36,1,44,14,0,14,58
04/02/2022,HKY,NC,ASO,ES,Federal Contract Tower,0,3,11,0,14,0,3,73,0,76,0,6,84,0,90,6,0,6,96
04/03/2022,HKY,NC,ASO,ES,Federal Contract Tower,0,8,5,0,13,0,3,36,2,41,0,11,41,2,54,20,0,20,74
04/04/2022,HKY,NC,ASO,ES,Federal Contract Tower,0,6,4,0,10,0,7,50,6,63,0,13,54,6,73,48,0,48,121
04/05/2022,HKY,NC,ASO,ES,Federal Contract Tower,0,10,5,1,16,0,0,12,4,16,0,10,17,5,32,0,0,0,32
04/06/2022,HKY,NC,ASO,ES,Federal Contract Tower,0,5,3,0,8,0,8,44,0,52,0,13,47,0,60,52,0,52,112
04/07/2022,HKY,NC,ASO,ES,Federal Contract Tower,0,9,5,0,14,0,1,34,1,36,0,10,39,1,50,6,0,6,56
04/08/2022,HKY,NC,ASO,ES,Federal Contract Tower,0,6,3,0,9,0,4,24,0,28,0,10,27,0,37,6,0,6,43
04/09/2022,HKY,NC,ASO,ES,Federal Contract Tower,0,6,11,0,17,0,1,71,0,72,0,7,82,0,89,32,0,32,121
04/10/2022,HKY,NC,ASO,ES,Federal Contract Tower,0,1,12,0,13,0,4,58,2,64,0,5,70,2,77,34,0,34,111
04/11/2022,HKY,NC,ASO,ES,Federal Contract Tower,0,3,11,1,15,0,2,34,1,37,0,5,45,2,52,6,0,6,58
04/12/2022,HKY,NC,ASO,ES,Federal Contract Tower,0,6,5,0,11,0,3,36,0,39,0,9,41,0,50,8,0,8,58
04/13/2022,HKY,NC,ASO,ES,Federal Contract Tower,0,9,4,2,15,0,5,59,3,67,0,14,63,5,82,22,0,22,104
04/14/2022,HKY,NC,ASO,ES,Federal Contract Tower,0,16,7,0,23,0,3,21,0,24,0,19,28,0,47,38,0,38,85
04/15/2022,HKY,NC,ASO,ES,Federal Contract Tower,0,2,8,2,12,0,2,104,4,110,0,4,112,6,122,64,0,64,186
04/16/2022,HKY,NC,ASO,ES,Federal Contract Tower,0,4,13,0,17,0,4,19,0,23,0,8,32,0,40,72,0,72,112
04/17/2022,HKY,NC,ASO,ES,Federal Contract Tower,0,4,5,0,9,0,0,0,0,0,0,4,5,0,9,48,0,48,57
04/18/2022,HKY,NC,ASO,ES,Federal Contract Tower,0,18,5,0,23,0,2,2,0,4,0,20,7,0,27,2,0,2,29
04/19/2022,HKY,NC,ASO,ES,Federal Contract Tower,0,13,6,0,19,0,2,33,2,37,0,15,39,2,56,20,2,22,78
04/20/2022,HKY,NC,ASO,ES,Federal Contract Tower,0,15,3,2,20,0,10,62,0,72,0,25,65,2,92,48,0,48,140
04/21/2022,HKY,NC,ASO,ES,Federal Contract Tower,0,8,10,0,18,0,4,57,0,61,0,12,67,0,79,26,0,26,105
04/22/2022,HKY,NC,ASO,ES,Federal Contract Tower,0,5,14,0,19,0,3,75,2,80,0,8,89,2,99,50,0,50,149
04/23/2022,HKY,NC,ASO,ES,Federal Contract Tower,0,2,4,0,6,0,2,59,2,63,0,4,63,2,69,14,0,14,83
04/24/2022,HKY,NC,ASO,ES,Federal Contract Tower,0,8,3,0,11,0,7,45,4,56,0,15,48,4,67,12,0,12,79
04/25/2022,HKY,NC,ASO,ES,Federal Contract Tower,0,3,8,0,11,0,0,48,4,52,0,3,56,4,63,18,0,18,81
04/26/2022,HKY,NC,ASO,ES,Federal Contract Tower,0,10,4,0,14,0,3,36,0,39,0,13,40,0,53,28,0,28,81
04/27/2022,HKY,NC,ASO,ES,Federal Contract Tower,0,12,10,0,22,0,0,0,0,0,0,12,10,0,22,90,0,90,112
04/28/2022,HKY,NC,ASO,ES,Federal Contract Tower,2,8,9,1,20,0,4,79,4,87,2,12,88,5,107,34,2,36,143
04/29/2022,HKY,NC,ASO,ES,Federal Contract Tower,0,6,9,0,15,0,1,64,7,72,0,7,73,7,87,36,0,36,123
04/30/2022,HKY,NC,ASO,ES,Federal Contract Tower,0,5,5,2,12,0,4,44,20,68,0,9,49,22,80,48,0,48,128
05/01/2022,HKY,NC,ASO,ES,Federal Contract Tower,2,10,2,0,14,0,1,2,0,3,2,11,4,0,17,0,0,0,17
05/02/2022,HKY,NC,ASO,ES,Federal Contract Tower,0,1,7,0,8,0,5,79,11,95,0,6,86,11,103,34,0,34,137
05/03/2022,HKY,NC,ASO,ES,Federal Contract Tower,0,10,5,0,15,0,8,29,2,39,0,18,34,2,54,10,0,10,64
05/04/2022,HKY,NC,ASO,ES,Federal Contract Tower,0,0,7,0,7,0,8,29,2,39,0,8,36,2,46,20,0,20,66
05/05/2022,HKY,NC,ASO,ES,Federal Contract Tower,0,5,8,0,13,0,4,71,1,76,0,9,79,1,89,60,0,60,149
05/06/2022,HKY,NC,ASO,ES,Federal Contract Tower,0,4,4,0,8,0,0,0,0,0,0,4,4,0,8,0,0,0,8
05/07/2022,HKY,NC,ASO,ES,Federal Contract Tower,0,2,10,0,12,0,3,9,0,12,0,5,19,0,24,22,0,22,46
05/08/2022,HKY,NC,ASO,ES,Federal Contract Tower,0,8,13,0,21,0,2,9,0,11,0,10,22,0,32,0,0,0,32
05/09/2022,HKY,NC,ASO,ES,Federal Contract Tower,0,6,8,0,14,0,8,68,2,78,0,14,76,2,92,20,0,20,112
05/10/2022,HKY,NC,ASO,ES,Federal Contract Tower,0,8,2,0,10,0,8,70,12,90,0,16,72,12,100,44,0,44,144
05/11/2022,HKY,NC,ASO,ES,Federal Contract Tower,0,10,2,0,12,0,6,59,6,71,0,16,61,6,83,50,0,50,133
05/12/2022,HKY,NC,ASO,ES,Federal Contract Tower,0,7,6,1,14,0,5,28,5,38,0,12,34,6,52,12,0,12,64
05/13/2022,HKY,NC,ASO,ES,Federal Contract Tower,0,7,12,0,19,0,1,5,0,6,0,8,17,0,25,2,0,2,27
05/14/2022,HKY,NC,ASO,ES,Federal Contract Tower,0,6,8,0,14,0,4,64,0,68,0,10,72,0,82,24,0,24,106
05/15/2022,HKY,NC,ASO,ES,Federal Contract Tower,0,8,18,0,26,0,4,24,0,28,0,12,42,0,54,20,0,20,74
05/16/2022,HKY,NC,ASO,ES,Federal Contract Tower,0,4,10,0,14,0,5,33,2,40,0,9,43,2,54,28,0,28,82
05/17/2022,HKY,NC,ASO,ES,Federal Contract Tower,0,3,13,1,17,0,2,62,3,67,0,5,75,4,84,12,0,12,96
05/18/2022,HKY,NC,ASO,ES,Federal Contract Tower,0,13,6,0,19,0,9,42,3,54,0,22,48,3,73,24,0,24,97
05/19/2022,HKY,NC,ASO,ES,Federal Contract Tower,0,14,3,0,17,0,2,3,2,7,0,16,6,2,24,0,0,0,24
05/20/2022,HKY,NC,ASO,ES,Federal Contract Tower,0,9,10,0,19,0,3,44,0,47,0,12,54,0,66,44,0,44,110
05/21/2022,HKY,NC,ASO,ES,Federal Contract Tower,0,4,2,0,6,0,4,41,0,45,0,8,43,0,51,16,0,16,67
05/22/2022,HKY,NC,ASO,ES,Federal Contract Tower,0,15,4,0,19,0,3,14,0,17,0,18,18,0,36,0,0,0,36
05/23/2022,HKY,NC,ASO,ES,Federal Contract Tower,0,12,6,0,18,0,3,0,0,3,0,15,6,0,21,0,0,0,21
05/24/2022,HKY,NC,ASO,ES,Federal Contract Tower,0,4,16,0,20,0,2,22,0,24,0,6,38,0,44,50,0,50,94
05/25/2022,HKY,NC,ASO,ES,Federal Contract Tower,0,18,7,5,30,0,2,8,2,12,0,20,15,7,42,56,0,56,98
05/26/2022,HKY,NC,ASO,ES,Federal Contract Tower,0,16,1,0,17,0,0,0,0,0,0,16,1,0,17,0,0,0,17
05/27/2022,HKY,NC,ASO,ES,Federal Contract Tower,0,5,6,0,11,0,6,13,0,19,0,11,19,0,30,24,0,24,54
05/28/2022,HKY,NC,ASO,ES,Federal Contract Tower,0,5,9,0,14,0,6,63,0,69,0,11,72,0,83,34,0,34,117
05/29/2022,HKY,NC,ASO,ES,Federal Contract Tower,0,2,1,0,3,0,5,46,0,51,0,7,47,0,54,42,0,42,96
05/30/2022,HKY,NC,ASO,ES,Federal Contract Tower,0,10,16,0,26,0,5,64,0,69,0,15,80,0,95,78,0,78,173
05/31/2022,HKY,NC,ASO,ES,Federal Contract Tower,0,4,6,0,10,0,4,53,1,58,0,8,59,1,68,80,0,80,148
06/01/2022,HKY,NC,ASO,ES,Federal Contract Tower,0,11,3,0,14,0,7,44,1,52,0,18,47,1,66,64,0,64,130
06/02/2022,HKY,NC,ASO,ES,Federal Contract Tower,0,7,1,0,8,0,6,29,0,35,0,13,30,0,43,74,0,74,117
06/03/2022,HKY,NC,ASO,ES,Federal Contract Tower,0,3,18,0,21,0,3,40,0,43,0,6,58,0,64,32,0,32,96
06/04/2022,HKY,NC,ASO,ES,Federal Contract Tower,0,1,4,0,5,0,2,57,0,59,0,3,61,0,64,62,0,62,126
06/05/2022,HKY,NC,ASO,ES,Federal Contract Tower,0,4,10,0,14,0,12,50,0,62,0,16,60,0,76,22,0,22,98
06/06/2022,HKY,NC,ASO,ES,Federal Contract Tower,0,13,4,0,17,0,3,50,0,53,0,16,54,0,70,34,0,34,104
06/07/2022,HKY,NC,ASO,ES,Federal Contract Tower,2,13,2,0,17,0,2,53,0,55,2,15,55,0,72,0,0,0,72
06/08/2022,HKY,NC,ASO,ES,Federal Contract Tower,0,10,1,0,11,0,3,19,0,22,0,13,20,0,33,24,0,24,57
06/09/2022,HKY,NC,ASO,ES,Federal Contract Tower,0,10,4,0,14,0,4,62,0,66,0,14,66,0,80,36,0,36,116
06/10/2022,HKY,NC,ASO,ES,Federal Contract Tower,0,11,6,0,17,0,1,84,4,89,0,12,90,4,106,36,0,36,142
06/11/2022,HKY,NC,ASO,ES,Federal Contract Tower,0,12,4,0,16,0,3,71,0,74,0,15,75,0,90,4,0,4,94
06/12/2022,HKY,NC,ASO,ES,Federal Contract Tower,0,6,5,0,11,0,4,32,0,36,0,10,37,0,47,34,0,34,81
06/13/2022,HKY,NC,ASO,ES,Federal Contract Tower,0,9,5,5,19,0,2,71,0,73,0,11,76,5,92,68,0,68,160
06/14/2022,HKY,NC,ASO,ES,Federal Contract Tower,0,12,2,3,17,0,5,26,0,31,0,17,28,3,48,38,0,38,86
06/15/2022,HKY,NC,ASO,ES,Federal Contract Tower,0,14,2,0,16,0,3,58,2,63,0,17,60,2,79,56,0,56,135
06/16/2022,HKY,NC,ASO,ES,Federal Contract Tower,0,14,1,0,15,0,5,31,0,36,0,19,32,0,51,66,0,66,117
06/17/2022,HKY,NC,ASO,ES,Federal Contract Tower,0,14,10,0,24,0,0,45,0,45,0,14,55,0,69,68,0,68,137
06/18/2022,HKY,NC,ASO,ES,Federal Contract Tower,0,6,4,0,10,0,4,38,0,42,0,10,42,0,52,36,0,36,88
06/19/2022,HKY,NC,ASO,ES,Federal Contract Tower,0,6,4,0,10,0,6,38,0,44,0,12,42,0,54,28,0,28,82
06/20/2022,HKY,NC,ASO,ES,Federal Contract Tower,0,7,9,0,16,0,3,88,2,93,0,10,97,2,109,44,0,44,153
06/21/2022,HKY,NC,ASO,ES,Federal Contract Tower,0,6,3,0,9,0,5,36,2,43,0,11,39,2,52,64,0,64,116
06/22/2022,HKY,NC,ASO,ES,Federal Contract Tower,0,11,2,2,15,0,5,36,3,44,0,16,38,5,59,24,0,24,83
06/23/2022,HKY,NC,ASO,ES,Federal Contract Tower,0,16,4,0,20,0,1,19,2,22,0,17,23,2,42,16,0,16,58
06/24/2022,HKY,NC,ASO,ES,Federal Contract Tower,0,8,9,0,17,0,6,40,3,49,0,14,49,3,66,40,0,40,106
06/25/2022,HKY,NC,ASO,ES,Federal Contract Tower,0,8,5,0,13,0,5,65,0,70,0,13,70,0,83,26,0,26,109
06/26/2022,HKY,NC,ASO,ES,Federal Contract Tower,0,8,13,0,21,0,9,20,0,29,0,17,33,0,50,2,0,2,52
06/27/2022,HKY,NC,ASO,ES,Federal Contract Tower,0,14,6,0,20,0,3,48,2,53,0,17,54,2,73,28,0,28,101
06/28/2022,HKY,NC,ASO,ES,Federal Contract Tower,0,9,7,0,16,0,6,53,4,63,0,15,60,4,79,33,0,33,112
06/29/2022,HKY,NC,ASO,ES,Federal Contract Tower,0,10,13,5,28,0,5,53,6,64,0,15,66,11,92,36,0,36,128
06/30/2022,HKY,NC,ASO,ES,Federal Contract Tower,0,10,3,0,13,0,1,68,1,70,0,11,71,1,83,48,0,48,131
07/01/2022,HKY,NC,ASO,ES,Federal Contract Tower,0,13,14,0,27,0,5,49,0,54,0,18,63,0,81,26,0,26,107
07/02/2022,HKY,NC,ASO,ES,Federal Contract Tower,0,6,9,0,15,0,3,34,0,37,0,9,43,0,52,6,0,6,58
07/03/2022,HKY,NC,ASO,ES,Federal Contract Tower,0,5,16,0,21,0,2,14,0,16,0,7,30,0,37,8,0,8,45
07/04/2022,HKY,NC,ASO,ES,Federal Contract Tower,0,1,5,0,6,0,3,38,0,41,0,4,43,0,47,34,0,34,81
07/05/2022,HKY,NC,ASO,ES,Federal Contract Tower,0,10,1,0,11,0,0,33,0,33,0,10,34,0,44,34,0,34,78
07/06/2022,HKY,NC,ASO,ES,Federal Contract Tower,0,7,10,0,17,0,1,50,4,55,0,8,60,4,72,66,0,66,138
07/07/2022,HKY,NC,ASO,ES,Federal Contract Tower,0,13,8,1,22,0,3,46,1,50,0,16,54,2,72,48,0,48,120
07/08/2022,HKY,NC,ASO,ES,Federal Contract Tower,0,17,14,0,31,0,2,33,0,35,0,19,47,0,66,30,0,30,96
07/09/2022,HKY,NC,ASO,ES,Federal Contract Tower,0,9,5,0,14,0,2,64,0,66,0,11,69,0,80,42,0,42,122
07/10/2022,HKY,NC,ASO,ES,Federal Contract Tower,0,19,6,0,25,0,0,1,0,1,0,19,7,0,26,0,0,0,26
07/11/2022,HKY,NC,ASO,ES,Federal Contract Tower,0,11,6,2,19,0,6,69,2,77,0,17,75,4,96,22,0,22,118
07/12/2022,HKY,NC,ASO,ES,Federal Contract Tower,0,15,10,0,25,0,3,56,0,59,0,18,66,0,84,46,0,46,130
07/13/2022,HKY,NC,ASO,ES,Federal Contract Tower,0,10,8,0,18,0,5,35,1,41,0,15,43,1,59,24,0,24,83
07/14/2022,HKY,NC,ASO,ES,Federal Contract Tower,0,9,11,0,20,0,2,32,0,34,0,11,43,0,54,28,0,28,82
07/15/2022,HKY,NC,ASO,ES,Federal Contract Tower,0,8,13,0,21,0,3,50,2,55,0,11,63,2,76,36,0,36,112
07/16/2022,HKY,NC,ASO,ES,Federal Contract Tower,0,5,1,0,6,0,2,56,0,58,0,7,57,0,64,88,0,88,152
07/17/2022,HKY,NC,ASO,ES,Federal Contract Tower,0,7,2,0,9,0,6,54,0,60,0,13,56,0,69,14,0,14,83
07/18/2022,HKY,NC,ASO,ES,Federal Contract Tower,0,15,5,2,22,0,4,23,3,30,0,19,28,5,52,16,0,16,68
07/19/2022,HKY,NC,ASO,ES,Federal Contract Tower,0,11,5,1,17,0,11,33,3,47,0,22,38,4,64,42,0,42,106
07/20/2022,HKY,NC,ASO,ES,Federal Contract Tower,0,10,8,0,18,0,7,35,0,42,0,17,43,0,60,80,0,80,140
07/21/2022,HKY,NC,ASO,ES,Federal Contract Tower,0,13,6,2,21,0,3,27,0,30,0,16,33,2,51,30,0,30,81
07/22/2022,HKY,NC,ASO,ES,Federal Contract Tower,0,10,12,0,22,0,3,66,0,69,0,13,78,0,91,34,0,34,125
07/23/2022,HKY,NC,ASO,ES,Federal Contract Tower,0,3,5,0,8,0,4,76,0,80,0,7,81,0,88,32,0,32,120
07/24/2022,HKY,NC,ASO,ES,Federal Contract Tower,0,13,6,0,19,0,0,67,0,67,0,13,73,0,86,20,0,20,106
07/25/2022,HKY,NC,ASO,ES,Federal Contract Tower,0,14,2,0,16,0,1,33,0,34,0,15,35,0,50,94,0,94,144
07/26/2022,HKY,NC,ASO,ES,Federal Contract Tower,0,7,7,0,14,0,4,12,0,16,0,11,19,0,30,8,0,8,38
07/27/2022,HKY,NC,ASO,ES,Federal Contract Tower,0,7,7,0,14,0,0,32,0,32,0,7,39,0,46,32,0,32,78
07/28/2022,HKY,NC,ASO,ES,Federal Contract Tower,0,3,16,2,21,0,5,56,3,64,0,8,72,5,85,2,0,2,87
07/29/2022,HKY,NC,ASO,ES,Federal Contract Tower,0,8,3,2,13,0,4,44,1,49,0,12,47,3,62,52,0,52,114
07/30/2022,HKY,NC,ASO,ES,Federal Contract Tower,0,10,5,0,15,0,2,76,0,78,0,12,81,0,93,22,0,22,115
07/31/2022,HKY,NC,ASO,ES,Federal Contract Tower,0,5,8,0,13,0,6,4,0,10,0,11,12,0,23,0,0,0,23
08/01/2022,HKY,NC,ASO,ES,Federal Contract Tower,0,7,6,0,13,0,8,31,2,41,0,15,37,2,54,68,6,74,128
08/02/2022,HKY,NC,ASO,ES,Federal Contract Tower,0,13,8,0,21,0,3,60,0,63,0,16,68,0,84,24,0,24,108
08/03/2022,HKY,NC,ASO,ES,Federal Contract Tower,0,6,11,1,18,0,5,84,12,101,0,11,95,13,119,16,0,16,135
08/04/2022,HKY,NC,ASO,ES,Federal Contract Tower,0,12,7,0,19,0,5,53,0,58,0,17,60,0,77,38,0,38,115
08/05/2022,HKY,NC,ASO,ES,Federal Contract Tower,0,13,4,0,17,0,0,44,0,44,0,13,48,0,61,44,0,44,105
08/06/2022,HKY,NC,ASO,ES,Federal Contract Tower,0,6,15,0,21,0,0,9,0,9,0,6,24,0,30,0,0,0,30
08/07/2022,HKY,NC,ASO,ES,Federal Contract Tower,0,17,11,0,28,0,6,14,0,20,0,23,25,0,48,14,0,14,62
08/08/2022,HKY,NC,ASO,ES,Federal Contract Tower,0,6,1,2,9,0,7,43,0,50,0,13,44,2,59,8,0,8,67
08/09/2022,HKY,NC,ASO,ES,Federal Contract Tower,0,11,4,4,19,0,6,47,3,56,0,17,51,7,75,73,0,73,148
08/10/2022,HKY,NC,ASO,ES,Federal Contract Tower,0,5,4,0,9,0,2,58,0,60,0,7,62,0,69,32,0,32,101
08/11/2022,HKY,NC,ASO,ES,Federal Contract Tower,0,1,16,2,19,0,5,47,4,56,0,6,63,6,75,34,0,34,109
08/12/2022,HKY,NC,ASO,ES,Federal Contract Tower,0,5,8,0,13,0,5,74,1,80,0,10,82,1,93,28,0,28,121
08/13/2022,HKY,NC,ASO,ES,Federal Contract Tower,0,1,8,0,9,0,9,175,1,185,0,10,183,1,194,60,0,60,254
08/14/2022,HKY,NC,ASO,ES,Federal Contract Tower,0,13,13,0,26,0,3,26,0,29,0,16,39,0,55,28,0,28,83
08/15/2022,HKY,NC,ASO,ES,Federal Contract Tower,0,14,3,0,17,0,0,8,0,8,0,14,11,0,25,12,0,12,37
08/16/2022,HKY,NC,ASO,ES,Federal Contract Tower,2,6,15,0,23,0,3,0,0,3,2,9,15,0,26,0,0,0,26
08/17/2022,HKY,NC,ASO,ES,Federal Contract Tower,0,8,7,0,15,0,14,69,0,83,0,22,76,0,98,88,0,88,186
08/18/2022,HKY,NC,ASO,ES,Federal Contract Tower,0,16,14,0,30,0,12,47,2,61,0,28,61,2,91,34,0,34,125
08/19/2022,HKY,NC,ASO,ES,Federal Contract Tower,0,8,15,2,25,0,6,53,0,59,0,14,68,2,84,54,0,54,138
08/20/2022,HKY,NC,ASO,ES,Federal Contract Tower,0,6,26,0,32,0,1,61,0,62,0,7,87,0,94,46,0,46,140
08/21/2022,HKY,NC,ASO,ES,Federal Contract Tower,0,10,0,0,10,0,0,4,0,4,0,10,4,0,14,14,0,14,28
08/22/2022,HKY,NC,ASO,ES,Federal Contract Tower,0,8,1,0,9,0,12,25,0,37,0,20,26,0,46,52,0,52,98
08/23/2022,HKY,NC,ASO,ES,Federal Contract Tower,0,13,13,0,26,0,9,95,0,104,0,22,108,0,130,32,0,32,162
08/24/2022,HKY,NC,ASO,ES,Federal Contract Tower,0,8,5,0,13,0,0,6,0,6,0,8,11,0,19,18,0,18,37
08/25/2022,HKY,NC,ASO,ES,Federal Contract Tower,0,13,16,0,29,0,4,29,0,33,0,17,45,0,62,6,0,6,68
08/26/2022,HKY,NC,ASO,ES,Federal Contract Tower,0,7,11,0,18,0,3,37,0,40,0,10,48,0,58,76,0,76,134
08/27/2022,HKY,NC,ASO,ES,Federal Contract Tower,0,7,11,0,18,0,3,40,2,45,0,10,51,2,63,20,0,20,83
08/28/2022,HKY,NC,ASO,ES,Federal Contract Tower,0,12,8,0,20,0,6,47,0,53,0,18,55,0,73,24,0,24,97
08/29/2022,HKY,NC,ASO,ES,Federal Contract Tower,0,6,4,0,10,0,3,56,5,64,0,9,60,5,74,34,2,36,110
08/30/2022,HKY,NC,ASO,ES,Federal Contract Tower,0,9,3,1,13,0,3,20,1,24,0,12,23,2,37,16,0,16,53
08/31/2022,HKY,NC,ASO,ES,Federal Contract Tower,0,4,16,1,21,0,6,98,5,109,0,10,114,6,130,90,0,90,220
09/01/2022,HKY,NC,ASO,ES,Federal Contract Tower,0,13,8,0,21,0,5,70,3,78,0,18,78,3,99,86,0,86,185
09/02/2022,HKY,NC,ASO,ES,Federal Contract Tower,0,12,13,0,25,0,2,92,2,96,0,14,105,2,121,68,0,68,189
09/03/2022,HKY,NC,ASO,ES,Federal Contract Tower,0,3,1,0,4,0,2,72,0,74,0,5,73,0,78,34,0,34,112
09/04/2022,HKY,NC,ASO,ES,Federal Contract Tower,0,5,2,0,7,0,3,5,0,8,0,8,7,0,15,0,0,0,15
09/05/2022,HKY,NC,ASO,ES,Federal Contract Tower,0,15,12,0,27,0,0,2,0,2,0,15,14,0,29,0,0,0,29
09/06/2022,HKY,NC,ASO,ES,Federal Contract Tower,0,8,12,0,20,0,4,39,0,43,0,12,51,0,63,44,0,44,107
09/07/2022,HKY,NC,ASO,ES,Federal Contract Tower,0,3,1,0,4,0,5,48,0,53,0,8,49,0,57,50,0,50,107
09/08/2022,HKY,NC,ASO,ES,Federal Contract Tower,0,5,3,0,8,0,7,52,2,61,0,12,55,2,69,22,0,22,91
09/09/2022,HKY,NC,ASO,ES,Federal Contract Tower,0,9,9,2,20,0,7,33,8,48,0,16,42,10,68,20,0,20,88
09/10/2022,HKY,NC,ASO,ES,Federal Contract Tower,0,4,0,0,4,0,0,2,0,2,0,4,2,0,6,0,0,0,6
09/11/2022,HKY,NC,ASO,ES,Federal Contract Tower,0,5,5,2,12,0,1,13,0,14,0,6,18,2,26,8,0,8,34
09/12/2022,HKY,NC,ASO,ES,Federal Contract Tower,0,12,4,0,16,0,1,24,0,25,0,13,28,0,41,6,0,6,47
09/13/2022,HKY,NC,ASO,ES,Federal Contract Tower,0,17,8,1,26,0,4,65,5,74,0,21,73,6,100,20,0,20,120
09/14/2022,HKY,NC,ASO,ES,Federal Contract Tower,0,5,10,0,15,0,4,57,0,61,0,9,67,0,76,46,2,48,124
09/15/2022,HKY,NC,ASO,ES,Federal Contract Tower,0,10,6,0,16,0,4,56,2,62,0,14,62,2,78,6,0,6,84
09/16/2022,HKY,NC,ASO,ES,Federal Contract Tower,1,2,5,2,10,0,3,66,2,71,1,5,71,4,81,72,0,72,153
09/17/2022,HKY,NC,ASO,ES,Federal Contract Tower,0,7,10,0,17,0,5,29,2,36,0,12,39,2,53,38,0,38,91
09/18/2022,HKY,NC,ASO,ES,Federal Contract Tower,0,10,6,0,16,23,5,26,0,54,23,15,32,0,70,24,0,24,94
09/19/2022,HKY,NC,ASO,ES,Federal Contract Tower,0,14,8,0,22,0,0,54,4,58,0,14,62,4,80,65,0,65,145
09/20/2022,HKY,NC,ASO,ES,Federal Contract Tower,0,11,1,0,12,0,8,57,0,65,0,19,58,0,77,58,0,58,135
09/21/2022,HKY,NC,ASO,ES,Federal Contract Tower,0,9,12,2,23,0,5,84,12,101,0,14,96,14,124,46,6,52,176
09/22/2022,HKY,NC,ASO,ES,Federal Contract Tower,0,11,2,0,13,0,4,35,0,39,0,15,37,0,52,62,0,62,114
09/23/2022,HKY,NC,ASO,ES,Federal Contract Tower,0,12,5,0,17,0,8,80,4,92,0,20,85,4,109,40,0,40,149
09/24/2022,HKY,NC,ASO,ES,Federal Contract Tower,0,7,9,0,16,0,4,43,1,48,0,11,52,1,64,20,0,20,84
09/25/2022,HKY,NC,ASO,ES,Federal Contract Tower,0,8,10,0,18,0,2,27,2,31,0,10,37,2,49,2,0,2,51
09/26/2022,HKY,NC,ASO,ES,Federal Contract Tower,0,13,4,0,17,0,10,47,2,59,0,23,51,2,76,24,0,24,100
09/27/2022,HKY,NC,ASO,ES,Federal Contract Tower,0,1,3,0,4,0,5,55,0,60,0,6,58,0,64,38,0,38,102
09/28/2022,HKY,NC,ASO,ES,Federal Contract Tower,0,8,2,0,10,0,7,76,0,83,0,15,78,0,93,34,0,34,127
09/29/2022,HKY,NC,ASO,ES,Federal Contract Tower,0,5,3,0,8,0,8,9,3,20,0,13,12,3,28,10,0,10,38
09/30/2022,HKY,NC,ASO,ES,Federal Contract Tower,0,3,1,0,4,0,0,0,0,0,0,3,1,0,4,0,0,0,4
10/01/2022,HKY,NC,ASO,ES,Federal Contract Tower,0,0,7,0,7,0,0,22,0,22,0,0,29,0,29,16,0,16,45
10/02/2022,HKY,NC,ASO,ES,Federal Contract Tower,0,6,4,0,10,0,0,20,0,20,0,6,24,0,30,0,0,0,30
10/03/2022,HKY,NC,ASO,ES,Federal Contract Tower,0,14,11,0,25,0,0,20,0,20,0,14,31,0,45,14,0,14,59
10/04/2022,HKY,NC,ASO,ES,Federal Contract Tower,0,7,4,0,11,0,6,33,1,40,0,13,37,1,51,48,0,48,99
10/05/2022,HKY,NC,ASO,ES,Federal Contract Tower,0,11,4,3,18,0,10,67,9,86,0,21,71,12,104,30,0,30,134
10/06/2022,HKY,NC,ASO,ES,Federal Contract Tower,0,9,12,2,23,0,8,74,2,84,0,17,86,4,107,34,0,34,141
10/07/2022,HKY,NC,ASO,ES,Federal Contract Tower,0,12,7,0,19,0,0,0,0,0,0,12,7,0,19,44,0,44,63
10/08/2022,HKY,NC,ASO,ES,Federal Contract Tower,0,9,8,0,17,0,3,99,0,102,0,12,107,0,119,38,0,38,157
10/09/2022,HKY,NC,ASO,ES,Federal Contract Tower,0,12,4,0,16,0,5,48,0,53,0,17,52,0,69,36,0,36,105
10/10/2022,HKY,NC,ASO,ES,Federal Contract Tower,0,11,5,0,16,0,3,27,0,30,0,14,32,0,46,20,0,20,66
10/11/2022,HKY,NC,ASO,ES,Federal Contract Tower,0,4,5,2,11,0,6,64,3,73,0,10,69,5,84,32,0,32,116
10/12/2022,HKY,NC,ASO,ES,Federal Contract Tower,0,14,9,0,23,0,0,8,0,8,0,14,17,0,31,0,0,0,31
10/13/2022,HKY,NC,ASO,ES,Federal Contract Tower,0,13,9,1,23,0,3,41,0,44,0,16,50,1,67,50,0,50,117
10/14/2022,HKY,NC,ASO,ES,Federal Contract Tower,0,17,8,0,25,0,8,64,0,72,0,25,72,0,97,56,0,56,153
10/15/2022,HKY,NC,ASO,ES,Federal Contract Tower,0,7,4,1,12,0,8,54,1,63,0,15,58,2,75,26,0,26,101
10/16/2022,HKY,NC,ASO,ES,Federal Contract Tower,0,8,10,0,18,0,3,37,2,42,0,11,47,2,60,24,0,24,84
10/17/2022,HKY,NC,ASO,ES,Federal Contract Tower,0,12,11,0,23,0,2,61,0,63,0,14,72,0,86,68,0,68,154
10/18/2022,HKY,NC,ASO,ES,Federal Contract Tower,0,10,5,0,15,0,9,41,2,52,0,19,46,2,67,22,0,22,89
10/19/2022,HKY,NC,ASO,ES,Federal Contract Tower,0,14,9,0,23,0,7,45,14,66,0,21,54,14,89,38,0,38,127
10/20/2022,HKY,NC,ASO,ES,Federal Contract Tower,0,11,2,1,14,0,8,67,5,80,0,19,69,6,94,36,0,36,130
10/21/2022,HKY,NC,ASO,ES,Federal Contract Tower,0,5,9,0,14,0,3,61,9,73,0,8,70,9,87,72,0,72,159
10/22/2022,HKY,NC,ASO,ES,Federal Contract Tower,0,9,5,2,16,0,2,67,6,75,0,11,72,8,91,16,0,16,107
10/23/2022,HKY,NC,ASO,ES,Federal Contract Tower,0,11,11,0,22,0,5,46,6,57,0,16,57,6,79,16,0,16,95
10/24/2022,HKY,NC,ASO,ES,Federal Contract Tower,0,5,10,0,15,0,6,59,6,71,0,11,69,6,86,20,0,20,106
10/25/2022,HKY,NC,ASO,ES,Federal Contract Tower,0,6,2,0,8,0,1,68,4,73,0,7,70,4,81,52,0,52,133
10/26/2022,HKY,NC,ASO,ES,Federal Contract Tower,0,7,10,0,17,0,2,5,0,7,0,9,15,0,24,0,0,0,24
10/27/2022,HKY,NC,ASO,ES,Federal Contract Tower,0,15,7,0,22,0,5,55,4,64,0,20,62,4,86,46,0,46,132
10/28/2022,HKY,NC,ASO,ES,Federal Contract Tower,0,6,7,0,13,0,3,49,2,54,0,9,56,2,67,48,0,48,115
10/29/2022,HKY,NC,ASO,ES,Federal Contract Tower,0,6,21,0,27,0,4,33,0,37,0,10,54,0,64,2,0,2,66
10/30/2022,HKY,NC,ASO,ES,Federal Contract Tower,0,5,8,0,13,0,0,0,0,0,0,5,8,0,13,0,0,0,13
10/31/2022,HKY,NC,ASO,ES,Federal Contract Tower,0,9,1,0,10,0,0,0,0,0,0,9,1,0,10,0,0,0,10
11/01/2022,HKY,NC,ASO,ES,Federal Contract Tower,0,8,17,0,25,0,4,33,2,39,0,12,50,2,64,34,0,34,98
11/02/2022,HKY,NC,ASO,ES,Federal Contract Tower,0,9,10,0,19,0,3,86,0,89,0,12,96,0,108,36,0,36,144
11/03/2022,HKY,NC,ASO,ES,Federal Contract Tower,0,7,10,0,17,0,4,56,5,65,0,11,66,5,82,56,12,68,150
11/04/2022,HKY,NC,ASO,ES,Federal Contract Tower,0,7,7,0,14,0,9,43,0,52,0,16,50,0,66,28,0,28,94
11/05/2022,HKY,NC,ASO,ES,Federal Contract Tower,0,5,4,0,9,0,0,0,0,0,0,5,4,0,9,0,0,0,9
11/06/2022,HKY,NC,ASO,ES,Federal Contract Tower,0,8,5,0,13,0,1,3,0,4,0,9,8,0,17,0,0,0,17
11/07/2022,HKY,NC,ASO,ES,Federal Contract Tower,0,7,7,3,17,0,7,35,0,42,0,14,42,3,59,24,0,24,83
11/08/2022,HKY,NC,ASO,ES,Federal Contract Tower,0,1,6,1,8,0,5,38,1,44,0,6,44,2,52,28,0,28,80
11/09/2022,HKY,NC,ASO,ES,Federal Contract Tower,0,6,11,0,17,0,4,59,0,63,0,10,70,0,80,124,0,124,204
11/10/2022,HKY,NC,ASO,ES,Federal Contract Tower,0,7,7,0,14,0,1,11,0,12,0,8,18,0,26,16,0,16,42
11/11/2022,HKY,NC,ASO,ES,Federal Contract Tower,0,0,0,0,0,0,0,0,0,0,0,0,0,0,0,0,0,0,0
11/12/2022,HKY,NC,ASO,ES,Federal Contract Tower,0,6,7,0,13,0,0,0,0,0,0,6,7,0,13,24,0,24,37
11/13/2022,HKY,NC,ASO,ES,Federal Contract Tower,0,7,4,0,11,0,0,0,0,0,0,7,4,0,11,14,0,14,25
11/14/2022,HKY,NC,ASO,ES,Federal Contract Tower,0,10,2,0,12,0,3,60,2,65,0,13,62,2,77,70,0,70,147
11/15/2022,HKY,NC,ASO,ES,Federal Contract Tower,0,9,1,0,10,0,0,0,0,0,0,9,1,0,10,0,0,0,10
11/16/2022,HKY,NC,ASO,ES,Federal Contract Tower,0,15,3,1,19,0,3,59,1,63,0,18,62,2,82,56,0,56,138
11/17/2022,HKY,NC,ASO,ES,Federal Contract Tower,0,8,7,0,15,0,4,76,0,80,0,12,83,0,95,72,0,72,167
11/18/2022,HKY,NC,ASO,ES,Federal Contract Tower,0,11,6,0,17,0,3,42,5,50,0,14,48,5,67,22,0,22,89
11/19/2022,HKY,NC,ASO,ES,Federal Contract Tower,0,8,1,0,9,0,0,59,1,60,0,8,60,1,69,26,0,26,95
11/20/2022,HKY,NC,ASO,ES,Federal Contract Tower,0,6,6,0,12,0,3,43,0,46,0,9,49,0,58,30,0,30,88
11/21/2022,HKY,NC,ASO,ES,Federal Contract Tower,0,5,9,0,14,0,3,57,4,64,0,8,66,4,78,136,0,136,214
11/22/2022,HKY,NC,ASO,ES,Federal Contract Tower,0,10,7,4,21,0,10,68,2,80,0,20,75,6,101,68,0,68,169
11/23/2022,HKY,NC,ASO,ES,Federal Contract Tower,0,9,3,0,12,0,8,69,2,79,0,17,72,2,91,60,0,60,151
11/24/2022,HKY,NC,ASO,ES,Federal Contract Tower,0,1,3,0,4,0,4,19,0,23,0,5,22,0,27,10,0,10,37
11/25/2022,HKY,NC,ASO,ES,Federal Contract Tower,0,1,4,0,5,0,0,27,0,27,0,1,31,0,32,22,0,22,54
11/26/2022,HKY,NC,ASO,ES,Federal Contract Tower,0,8,1,0,9,0,8,52,15,75,0,16,53,15,84,52,0,52,136
11/27/2022,HKY,NC,ASO,ES,Federal Contract Tower,0,16,5,0,21,0,1,0,0,1,0,17,5,0,22,0,0,0,22
11/28/2022,HKY,NC,ASO,ES,Federal Contract Tower,0,8,2,0,10,0,4,70,2,76,0,12,72,2,86,82,0,82,168
11/29/2022,HKY,NC,ASO,ES,Federal Contract Tower,0,6,2,2,10,0,3,62,0,65,0,9,64,2,75,96,0,96,171
11/30/2022,HKY,NC,ASO,ES,Federal Contract Tower,0,8,2,0,10,0,0,2,0,2,0,8,4,0,12,0,0,0,12
12/01/2022,HKY,NC,ASO,ES,Federal Contract Tower,0,3,2,0,5,0,5,63,0,68,0,8,65,0,73,50,0,50,123
12/02/2022,HKY,NC,ASO,ES,Federal Contract Tower,0,5,8,0,13,0,1,40,2,43,0,6,48,2,56,30,0,30,86
12/03/2022,HKY,NC,ASO,ES,Federal Contract Tower,0,5,1,0,6,0,2,3,0,5,0,7,4,0,11,6,0,6,17
12/04/2022,HKY,NC,ASO,ES,Federal Contract Tower,0,10,3,0,13,0,5,42,0,47,0,15,45,0,60,36,0,36,96
12/05/2022,HKY,NC,ASO,ES,Federal Contract Tower,0,6,4,0,10,0,38,5,0,43,0,44,9,0,53,124,0,124,177
12/06/2022,HKY,NC,ASO,ES,Federal Contract Tower,4,8,1,0,13,0,0,0,0,0,4,8,1,0,13,0,0,0,13
12/07/2022,HKY,NC,ASO,ES,Federal Contract Tower,0,4,3,0,7,0,0,0,0,0,0,4,3,0,7,0,0,0,7
12/08/2022,HKY,NC,ASO,ES,Federal Contract Tower,0,11,6,0,17,0,0,9,0,9,0,11,15,0,26,2,0,2,28
12/09/2022,HKY,NC,ASO,ES,Federal Contract Tower,0,5,2,0,7,0,0,2,0,2,0,5,4,0,9,0,0,0,9
12/10/2022,HKY,NC,ASO,ES,Federal Contract Tower,0,2,5,0,7,0,0,1,0,1,0,2,6,0,8,2,0,2,10
12/11/2022,HKY,NC,ASO,ES,Federal Contract Tower,0,4,10,0,14,0,0,4,0,4,0,4,14,0,18,0,0,0,18
12/12/2022,HKY,NC,ASO,ES,Federal Contract Tower,0,3,3,0,6,0,2,50,0,52,0,5,53,0,58,88,0,88,146
12/13/2022,HKY,NC,ASO,ES,Federal Contract Tower,0,9,7,0,16,0,4,43,2,49,0,13,50,2,65,24,0,24,89
12/14/2022,HKY,NC,ASO,ES,Federal Contract Tower,0,2,6,2,10,0,6,16,0,22,0,8,22,2,32,60,0,60,92
12/15/2022,HKY,NC,ASO,ES,Federal Contract Tower,0,7,2,0,9,0,0,0,0,0,0,7,2,0,9,0,0,0,9
12/16/2022,HKY,NC,ASO,ES,Federal Contract Tower,0,7,9,0,16,0,3,88,0,91,0,10,97,0,107,60,0,60,167
12/17/2022,HKY,NC,ASO,ES,Federal Contract Tower,0,3,7,0,10,0,1,55,0,56,0,4,62,0,66,48,0,48,114
12/18/2022,HKY,NC,ASO,ES,Federal Contract Tower,0,12,6,0,18,0,7,41,0,48,0,19,47,0,66,20,0,20,86
12/19/2022,HKY,NC,ASO,ES,Federal Contract Tower,0,5,3,0,8,0,4,70,0,74,0,9,73,0,82,50,0,50,132
12/20/2022,HKY,NC,ASO,ES,Federal Contract Tower,0,7,9,0,16,0,9,112,4,125,0,16,121,4,141,48,0,48,189
12/21/2022,HKY,NC,ASO,ES,Federal Contract Tower,0,9,15,1,25,0,2,59,5,66,0,11,74,6,91,100,0,100,191
12/22/2022,HKY,NC,ASO,ES,Federal Contract Tower,0,5,0,0,5,0,0,0,0,0,0,5,0,0,5,0,0,0,5
12/23/2022,HKY,NC,ASO,ES,Federal Contract Tower,0,3,0,0,3,0,1,0,0,1,0,4,0,0,4,0,0,0,4
12/24/2022,HKY,NC,ASO,ES,Federal Contract Tower,0,2,0,0,2,0,4,6,0,10,0,6,6,0,12,4,0,4,16
12/25/2022,HKY,NC,ASO,ES,Federal Contract Tower,0,0,2,0,2,0,10,5,0,15,0,10,7,0,17,4,0,4,21
12/26/2022,HKY,NC,ASO,ES,Federal Contract Tower,0,6,6,0,12,0,4,35,0,39,0,10,41,0,51,12,0,12,63
12/27/2022,HKY,NC,ASO,ES,Federal Contract Tower,0,5,4,0,9,0,6,61,0,67,0,11,65,0,76,30,0,30,106
12/28/2022,HKY,NC,ASO,ES,Federal Contract Tower,0,5,10,1,16,0,7,49,1,57,0,12,59,2,73,32,0,32,105
12/29/2022,HKY,NC,ASO,ES,Federal Contract Tower,0,11,12,0,23,0,5,83,0,88,0,16,95,0,111,84,0,84,195
12/30/2022,HKY,NC,ASO,ES,Federal Contract Tower,2,10,8,0,20,0,2,27,0,29,2,12,35,0,49,40,0,40,89
12/31/2022,HKY,NC,ASO,ES,Federal Contract Tower,0,2,0,0,2,0,0,0,0,0,0,2,0,0,2,0,0,0,2
01/01/2023,HKY,NC,ASO,ES,Federal Contract Tower,0,2,3,0,5,0,3,2,0,5,0,5,5,0,10,4,0,4,14
01/02/2023,HKY,NC,ASO,ES,Federal Contract Tower,0,8,11,0,19,0,2,25,0,27,0,10,36,0,46,44,0,44,90
01/03/2023,HKY,NC,ASO,ES,Federal Contract Tower,0,11,2,0,13,0,0,0,0,0,0,11,2,0,13,0,0,0,13
01/04/2023,HKY,NC,ASO,ES,Federal Contract Tower,0,5,0,0,5,0,0,0,0,0,0,5,0,0,5,0,0,0,5
01/05/2023,HKY,NC,ASO,ES,Federal Contract Tower,0,9,13,0,22,0,6,74,0,80,0,15,87,0,102,52,0,52,154
01/06/2023,HKY,NC,ASO,ES,Federal Contract Tower,0,3,4,0,7,0,3,103,0,106,0,6,107,0,113,108,0,108,221
01/07/2023,HKY,NC,ASO,ES,Federal Contract Tower,0,6,2,0,8,0,4,75,2,81,0,10,77,2,89,78,0,78,167
01/08/2023,HKY,NC,ASO,ES,Federal Contract Tower,0,6,6,0,12,0,0,2,0,2,0,6,8,0,14,0,0,0,14
01/09/2023,HKY,NC,ASO,ES,Federal Contract Tower,0,9,2,0,11,0,6,46,0,52,0,15,48,0,63,28,0,28,91
01/10/2023,HKY,NC,ASO,ES,Federal Contract Tower,0,6,7,0,13,0,7,104,4,115,0,13,111,4,128,74,0,74,202
01/11/2023,HKY,NC,ASO,ES,Federal Contract Tower,0,16,5,0,21,0,7,112,0,119,0,23,117,0,140,68,0,68,208
01/12/2023,HKY,NC,ASO,ES,Federal Contract Tower,2,8,3,0,13,0,0,0,0,0,2,8,3,0,13,0,0,0,13
01/13/2023,HKY,NC,ASO,ES,Federal Contract Tower,0,5,5,0,10,0,4,26,2,32,0,9,31,2,42,4,0,4,46
01/14/2023,HKY,NC,ASO,ES,Federal Contract Tower,0,4,7,0,11,0,5,83,0,88,0,9,90,0,99,8,0,8,107
01/15/2023,HKY,NC,ASO,ES,Federal Contract Tower,0,5,2,0,7,0,5,55,0,60,0,10,57,0,67,44,0,44,111
01/16/2023,HKY,NC,ASO,ES,Federal Contract Tower,0,7,15,0,22,0,5,79,0,84,0,12,94,0,106,58,0,58,164
01/17/2023,HKY,NC,ASO,ES,Federal Contract Tower,0,7,14,0,21,0,0,4,0,4,0,7,18,0,25,0,0,0,25
01/18/2023,HKY,NC,ASO,ES,Federal Contract Tower,0,6,7,0,13,0,6,49,0,55,0,12,56,0,68,36,0,36,104
01/19/2023,HKY,NC,ASO,ES,Federal Contract Tower,0,12,3,2,17,0,0,2,0,2,0,12,5,2,19,0,0,0,19
01/20/2023,HKY,NC,ASO,ES,Federal Contract Tower,0,6,4,0,10,0,8,58,2,68,0,14,62,2,78,32,0,32,110
01/21/2023,HKY,NC,ASO,ES,Federal Contract Tower,0,10,3,0,13,0,1,97,0,98,0,11,100,0,111,54,0,54,165
01/22/2023,HKY,NC,ASO,ES,Federal Contract Tower,0,2,0,0,2,0,0,0,0,0,0,2,0,0,2,0,0,0,2
01/23/2023,HKY,NC,ASO,ES,Federal Contract Tower,0,12,5,1,18,0,1,14,0,15,0,13,19,1,33,10,0,10,43
01/24/2023,HKY,NC,ASO,ES,Federal Contract Tower,0,7,6,0,13,0,13,125,0,138,0,20,131,0,151,66,0,66,217
01/25/2023,HKY,NC,ASO,ES,Federal Contract Tower,0,3,1,0,4,0,0,0,0,0,0,3,1,0,4,0,0,0,4
01/26/2023,HKY,NC,ASO,ES,Federal Contract Tower,2,13,12,0,27,0,7,15,4,26,2,20,27,4,53,2,0,2,55
01/27/2023,HKY,NC,ASO,ES,Federal Contract Tower,0,9,4,1,14,0,9,63,0,72,0,18,67,1,86,30,0,30,116
01/28/2023,HKY,NC,ASO,ES,Federal Contract Tower,0,4,5,0,9,0,4,128,3,135,0,8,133,3,144,58,0,58,202
01/29/2023,HKY,NC,ASO,ES,Federal Contract Tower,0,7,9,0,16,0,0,27,0,27,0,7,36,0,43,2,0,2,45
01/30/2023,HKY,NC,ASO,ES,Federal Contract Tower,0,4,5,0,9,0,0,32,0,32,0,4,37,0,41,12,0,12,53
01/31/2023,HKY,NC,ASO,ES,Federal Contract Tower,0,5,1,0,6,0,0,0,0,0,0,5,1,0,6,0,0,0,6
02/01/2023,HKY,NC,ASO,ES,Federal Contract Tower,15,0,2,0,17,0,0,1,0,1,15,0,3,0,18,0,0,0,18
02/02/2023,HKY,NC,ASO,ES,Federal Contract Tower,0,2,0,0,2,0,0,0,0,0,0,2,0,0,2,0,0,0,2
02/03/2023,HKY,NC,ASO,ES,Federal Contract Tower,2,5,7,0,14,0,5,50,2,57,2,10,57,2,71,12,0,12,83
02/04/2023,HKY,NC,ASO,ES,Federal Contract Tower,0,1,5,0,6,0,2,68,0,70,0,3,73,0,76,34,0,34,110
02/05/2023,HKY,NC,ASO,ES,Federal Contract Tower,0,8,10,0,18,0,11,63,18,92,0,19,73,18,110,44,0,44,154
02/06/2023,HKY,NC,ASO,ES,Federal Contract Tower,0,2,0,0,2,0,1,79,0,80,0,3,79,0,82,44,0,44,126
02/07/2023,HKY,NC,ASO,ES,Federal Contract Tower,0,5,9,0,14,0,5,73,0,78,0,10,82,0,92,100,2,102,194
02/08/2023,HKY,NC,ASO,ES,Federal Contract Tower,0,8,1,0,9,0,7,43,2,52,0,15,44,2,61,26,0,26,87
02/09/2023,HKY,NC,ASO,ES,Federal Contract Tower,0,4,9,1,14,0,5,1,5,11,0,9,10,6,25,0,0,0,25
02/10/2023,HKY,NC,ASO,ES,Federal Contract Tower,0,8,2,0,10,0,5,56,0,61,0,13,58,0,71,56,0,56,127
02/11/2023,HKY,NC,ASO,ES,Federal Contract Tower,0,5,4,0,9,0,2,96,6,104,0,7,100,6,113,8,0,8,121
02/12/2023,HKY,NC,ASO,ES,Federal Contract Tower,0,4,0,0,4,0,0,0,0,0,0,4,0,0,4,0,0,0,4
02/13/2023,HKY,NC,ASO,ES,Federal Contract Tower,0,2,8,0,10,0,6,80,2,88,0,8,88,2,98,40,0,40,138
02/14/2023,HKY,NC,ASO,ES,Federal Contract Tower,0,3,7,0,10,0,6,70,2,78,0,9,77,2,88,36,0,36,124
02/15/2023,HKY,NC,ASO,ES,Federal Contract Tower,0,13,8,1,22,0,6,49,4,59,0,19,57,5,81,22,0,22,103
02/16/2023,HKY,NC,ASO,ES,Federal Contract Tower,2,11,16,0,29,0,5,19,2,26,2,16,35,2,55,58,0,58,113
02/17/2023,HKY,NC,ASO,ES,Federal Contract Tower,0,11,4,0,15,0,0,1,0,1,0,11,5,0,16,0,0,0,16
02/18/2023,HKY,NC,ASO,ES,Federal Contract Tower,0,6,5,0,11,0,3,90,0,93,0,9,95,0,104,26,0,26,130
02/19/2023,HKY,NC,ASO,ES,Federal Contract Tower,0,3,7,0,10,0,3,30,0,33,0,6,37,0,43,0,0,0,43
02/20/2023,HKY,NC,ASO,ES,Federal Contract Tower,0,12,4,0,16,0,16,39,0,55,0,28,43,0,71,14,0,14,85
02/21/2023,HKY,NC,ASO,ES,Federal Contract Tower,0,8,3,0,11,0,10,17,2,29,0,18,20,2,40,30,0,30,70
02/22/2023,HKY,NC,ASO,ES,Federal Contract Tower,0,6,3,0,9,0,3,10,3,16,0,9,13,3,25,8,0,8,33
02/23/2023,HKY,NC,ASO,ES,Federal Contract Tower,0,12,2,3,17,0,3,6,1,10,0,15,8,4,27,4,0,4,31
02/24/2023,HKY,NC,ASO,ES,Federal Contract Tower,0,2,11,10,23,0,6,91,4,101,0,8,102,14,124,100,0,100,224
02/25/2023,HKY,NC,ASO,ES,Federal Contract Tower,0,7,4,0,11,0,1,0,0,1,0,8,4,0,12,0,0,0,12
02/26/2023,HKY,NC,ASO,ES,Federal Contract Tower,0,8,3,0,11,0,2,5,0,7,0,10,8,0,18,0,0,0,18
02/27/2023,HKY,NC,ASO,ES,Federal Contract Tower,0,11,5,0,16,0,1,0,0,1,0,12,5,0,17,0,0,0,17
02/28/2023,HKY,NC,ASO,ES,Federal Contract Tower,0,2,16,0,18,0,8,70,6,84,0,10,86,6,102,72,0,72,174
03/01/2023,HKY,NC,ASO,ES,Federal Contract Tower,0,9,10,0,19,0,4,107,7,118,0,13,117,7,137,98,0,98,235
03/02/2023,HKY,NC,ASO,ES,Federal Contract Tower,0,7,12,2,21,0,2,0,0,2,0,9,12,2,23,2,0,2,25
03/03/2023,HKY,NC,ASO,ES,Federal Contract Tower,0,1,1,0,2,0,0,0,0,0,0,1,1,0,2,0,0,0,2
03/04/2023,HKY,NC,ASO,ES,Federal Contract Tower,0,7,4,0,11,0,6,65,0,71,0,13,69,0,82,34,0,34,116
03/05/2023,HKY,NC,ASO,ES,Federal Contract Tower,0,5,4,0,9,0,12,49,0,61,0,17,53,0,70,38,0,38,108
03/06/2023,HKY,NC,ASO,ES,Federal Contract Tower,0,6,4,2,12,0,1,84,2,87,0,7,88,4,99,104,0,104,203
03/07/2023,HKY,NC,ASO,ES,Federal Contract Tower,0,2,2,0,4,0,3,12,4,19,0,5,14,4,23,20,2,22,45
03/08/2023,HKY,NC,ASO,ES,Federal Contract Tower,0,3,8,0,11,0,11,52,3,66,0,14,60,3,77,38,0,38,115
03/09/2023,HKY,NC,ASO,ES,Federal Contract Tower,0,5,10,0,15,0,2,88,0,90,0,7,98,0,105,76,2,78,183
03/10/2023,HKY,NC,ASO,ES,Federal Contract Tower,0,4,14,0,18,0,8,8,0,16,0,12,22,0,34,0,0,0,34
03/11/2023,HKY,NC,ASO,ES,Federal Contract Tower,0,0,2,0,2,0,3,117,7,127,0,3,119,7,129,32,0,32,161
03/12/2023,HKY,NC,ASO,ES,Federal Contract Tower,0,5,1,0,6,0,0,0,0,0,0,5,1,0,6,0,0,0,6
03/13/2023,HKY,NC,ASO,ES,Federal Contract Tower,0,5,4,0,9,0,0,12,0,12,0,5,16,0,21,0,0,0,21
03/14/2023,HKY,NC,ASO,ES,Federal Contract Tower,0,9,8,2,19,0,6,10,3,19,0,15,18,5,38,14,0,14,52
03/15/2023,HKY,NC,ASO,ES,Federal Contract Tower,0,8,8,0,16,0,5,66,0,71,0,13,74,0,87,60,0,60,147
03/16/2023,HKY,NC,ASO,ES,Federal Contract Tower,0,5,7,0,12,0,7,94,6,107,0,12,101,6,119,70,0,70,189
03/17/2023,HKY,NC,ASO,ES,Federal Contract Tower,0,3,1,0,4,0,0,6,0,6,0,3,7,0,10,12,0,12,22
03/18/2023,HKY,NC,ASO,ES,Federal Contract Tower,0,0,5,0,5,0,7,41,2,50,0,7,46,2,55,42,0,42,97
03/19/2023,HKY,NC,ASO,ES,Federal Contract Tower,0,2,4,0,6,0,4,54,0,58,0,6,58,0,64,38,0,38,102
03/20/2023,HKY,NC,ASO,ES,Federal Contract Tower,0,5,8,0,13,0,3,71,0,74,0,8,79,0,87,54,0,54,141
03/21/2023,HKY,NC,ASO,ES,Federal Contract Tower,0,3,8,0,11,0,0,96,0,96,0,3,104,0,107,58,0,58,165
03/22/2023,HKY,NC,ASO,ES,Federal Contract Tower,0,12,3,0,15,0,0,14,0,14,0,12,17,0,29,64,0,64,93
03/23/2023,HKY,NC,ASO,ES,Federal Contract Tower,0,13,6,1,20,0,3,33,2,38,0,16,39,3,58,14,0,14,72
03/24/2023,HKY,NC,ASO,ES,Federal Contract Tower,0,10,6,0,16,0,2,37,1,40,0,12,43,1,56,18,0,18,74
03/25/2023,HKY,NC,ASO,ES,Federal Contract Tower,0,4,2,0,6,0,3,0,0,3,0,7,2,0,9,0,0,0,9
03/26/2023,HKY,NC,ASO,ES,Federal Contract Tower,0,12,6,0,18,0,2,88,0,90,0,14,94,0,108,98,0,98,206
03/27/2023,HKY,NC,ASO,ES,Federal Contract Tower,0,9,5,0,14,0,6,10,0,16,0,15,15,0,30,26,0,26,56
03/28/2023,HKY,NC,ASO,ES,Federal Contract Tower,0,10,7,0,17,0,0,58,2,60,0,10,65,2,77,82,0,82,159
03/29/2023,HKY,NC,ASO,ES,Federal Contract Tower,0,14,5,1,20,0,4,86,8,98,0,18,91,9,118,82,0,82,200
03/30/2023,HKY,NC,ASO,ES,Federal Contract Tower,0,8,18,0,26,0,7,81,17,105,0,15,99,17,131,24,0,24,155
03/31/2023,HKY,NC,ASO,ES,Federal Contract Tower,2,6,7,1,16,0,5,33,5,43,2,11,40,6,59,4,0,4,63
04/01/2023,HKY,NC,ASO,ES,Federal Contract Tower,0,3,0,0,3,0,5,1,0,6,0,8,1,0,9,0,0,0,9
04/02/2023,HKY,NC,ASO,ES,Federal Contract Tower,0,6,9,0,15,0,12,92,18,122,0,18,101,18,137,76,0,76,213
04/03/2023,HKY,NC,ASO,ES,Federal Contract Tower,0,4,9,0,13,0,16,37,1,54,0,20,46,1,67,28,0,28,95
04/04/2023,HKY,NC,ASO,ES,Federal Contract Tower,0,5,3,0,8,0,8,107,0,115,0,13,110,0,123,50,0,50,173
04/05/2023,HKY,NC,ASO,ES,Federal Contract Tower,0,14,6,0,20,0,10,14,4,28,0,24,20,4,48,10,0,10,58
04/06/2023,HKY,NC,ASO,ES,Federal Contract Tower,0,4,7,0,11,0,5,36,0,41,0,9,43,0,52,36,0,36,88
04/07/2023,HKY,NC,ASO,ES,Federal Contract Tower,0,12,0,0,12,0,0,0,0,0,0,12,0,0,12,0,0,0,12
04/08/2023,HKY,NC,ASO,ES,Federal Contract Tower,0,7,2,0,9,0,0,0,0,0,0,7,2,0,9,0,0,0,9
04/09/2023,HKY,NC,ASO,ES,Federal Contract Tower,0,5,6,0,11,0,3,45,0,48,0,8,51,0,59,18,0,18,77
04/10/2023,HKY,NC,ASO,ES,Federal Contract Tower,0,6,5,0,11,0,2,90,0,92,0,8,95,0,103,64,0,64,167
04/11/2023,HKY,NC,ASO,ES,Federal Contract Tower,0,9,12,0,21,0,6,82,2,90,0,15,94,2,111,50,0,50,161
04/12/2023,HKY,NC,ASO,ES,Federal Contract Tower,0,17,11,0,28,0,1,65,4,70,0,18,76,4,98,34,0,34,132
04/13/2023,HKY,NC,ASO,ES,Federal Contract Tower,0,7,8,0,15,0,5,88,6,99,0,12,96,6,114,72,0,72,186
04/14/2023,HKY,NC,ASO,ES,Federal Contract Tower,0,8,4,0,12,0,9,9,0,18,0,17,13,0,30,12,0,12,42
04/15/2023,HKY,NC,ASO,ES,Federal Contract Tower,0,7,16,0,23,0,4,79,0,83,0,11,95,0,106,34,0,34,140
04/16/2023,HKY,NC,ASO,ES,Federal Contract Tower,0,11,7,0,18,0,6,49,0,55,0,17,56,0,73,18,0,18,91
04/17/2023,HKY,NC,ASO,ES,Federal Contract Tower,0,4,2,0,6,0,5,69,10,84,0,9,71,10,90,12,0,12,102
04/18/2023,HKY,NC,ASO,ES,Federal Contract Tower,0,6,7,2,15,0,7,55,0,62,0,13,62,2,77,14,0,14,91
04/19/2023,HKY,NC,ASO,ES,Federal Contract Tower,0,8,9,0,17,0,10,57,5,72,0,18,66,5,89,32,0,32,121
04/20/2023,HKY,NC,ASO,ES,Federal Contract Tower,0,5,4,0,9,0,4,60,4,68,0,9,64,4,77,46,2,48,125
04/21/2023,HKY,NC,ASO,ES,Federal Contract Tower,0,5,5,0,10,0,10,53,5,68,0,15,58,5,78,54,0,54,132
04/22/2023,HKY,NC,ASO,ES,Federal Contract Tower,0,4,8,0,12,0,0,4,0,4,0,4,12,0,16,0,0,0,16
04/23/2023,HKY,NC,ASO,ES,Federal Contract Tower,0,13,11,0,24,0,4,47,0,51,0,17,58,0,75,28,0,28,103
04/24/2023,HKY,NC,ASO,ES,Federal Contract Tower,0,12,4,0,16,0,5,67,0,72,0,17,71,0,88,14,0,14,102
04/25/2023,HKY,NC,ASO,ES,Federal Contract Tower,0,12,18,2,32,0,6,109,2,117,0,18,127,4,149,72,0,72,221
04/26/2023,HKY,NC,ASO,ES,Federal Contract Tower,0,9,5,0,14,0,5,51,0,56,0,14,56,0,70,28,0,28,98
04/27/2023,HKY,NC,ASO,ES,Federal Contract Tower,0,12,9,0,21,0,0,0,0,0,0,12,9,0,21,0,0,0,21
04/28/2023,HKY,NC,ASO,ES,Federal Contract Tower,0,5,12,0,17,0,1,4,2,7,0,6,16,2,24,0,0,0,24
04/29/2023,HKY,NC,ASO,ES,Federal Contract Tower,0,10,10,0,20,0,5,21,0,26,0,15,31,0,46,14,0,14,60
04/30/2023,HKY,NC,ASO,ES,Federal Contract Tower,0,15,10,0,25,0,4,29,0,33,0,19,39,0,58,8,0,8,66
05/01/2023,HKY,NC,ASO,ES,Federal Contract Tower,0,6,0,0,6,0,5,37,0,42,0,11,37,0,48,22,0,22,70
05/02/2023,HKY,NC,ASO,ES,Federal Contract Tower,0,5,2,0,7,0,1,11,2,14,0,6,13,2,21,8,0,8,29
05/03/2023,HKY,NC,ASO,ES,Federal Contract Tower,0,5,7,0,12,0,6,19,0,25,0,11,26,0,37,8,0,8,45
05/04/2023,HKY,NC,ASO,ES,Federal Contract Tower,0,8,23,0,31,0,7,117,1,125,0,15,140,1,156,48,0,48,204
05/05/2023,HKY,NC,ASO,ES,Federal Contract Tower,0,12,14,2,28,0,6,92,0,98,0,18,106,2,126,66,0,66,192
05/06/2023,HKY,NC,ASO,ES,Federal Contract Tower,0,6,18,0,24,0,3,77,0,80,0,9,95,0,104,30,0,30,134
05/07/2023,HKY,NC,ASO,ES,Federal Contract Tower,0,12,7,0,19,0,4,30,0,34,0,16,37,0,53,28,0,28,81
05/08/2023,HKY,NC,ASO,ES,Federal Contract Tower,0,12,13,0,25,0,1,36,2,39,0,13,49,2,64,54,0,54,118
05/09/2023,HKY,NC,ASO,ES,Federal Contract Tower,0,12,10,2,24,0,3,31,2,36,0,15,41,4,60,6,4,10,70
05/10/2023,HKY,NC,ASO,ES,Federal Contract Tower,0,4,6,0,10,0,6,87,4,97,0,10,93,4,107,138,0,138,245
05/11/2023,HKY,NC,ASO,ES,Federal Contract Tower,0,6,7,0,13,0,5,60,3,68,0,11,67,3,81,58,6,64,145
05/12/2023,HKY,NC,ASO,ES,Federal Contract Tower,0,3,10,0,13,0,0,9,0,9,0,3,19,0,22,2,0,2,24
05/13/2023,HKY,NC,ASO,ES,Federal Contract Tower,0,1,12,0,13,0,4,68,0,72,0,5,80,0,85,10,0,10,95
05/14/2023,HKY,NC,ASO,ES,Federal Contract Tower,0,10,10,0,20,0,3,8,0,11,0,13,18,0,31,0,0,0,31
05/15/2023,HKY,NC,ASO,ES,Federal Contract Tower,0,8,10,0,18,0,7,79,2,88,0,15,89,2,106,44,0,44,150
05/16/2023,HKY,NC,ASO,ES,Federal Contract Tower,0,7,5,0,12,0,1,14,0,15,0,8,19,0,27,8,0,8,35
05/17/2023,HKY,NC,ASO,ES,Federal Contract Tower,0,14,12,0,26,0,14,99,6,119,0,28,111,6,145,98,6,104,249
05/18/2023,HKY,NC,ASO,ES,Federal Contract Tower,0,15,17,0,32,0,8,55,0,63,0,23,72,0,95,56,0,56,151
05/19/2023,HKY,NC,ASO,ES,Federal Contract Tower,0,15,21,0,36,0,2,47,6,55,0,17,68,6,91,126,0,126,217
05/20/2023,HKY,NC,ASO,ES,Federal Contract Tower,0,9,9,1,19,0,2,62,0,64,0,11,71,1,83,96,0,96,179
05/21/2023,HKY,NC,ASO,ES,Federal Contract Tower,0,13,9,0,22,0,1,74,0,75,0,14,83,0,97,58,0,58,155
05/22/2023,HKY,NC,ASO,ES,Federal Contract Tower,0,6,11,0,17,0,4,85,1,90,0,10,96,1,107,76,0,76,183
05/23/2023,HKY,NC,ASO,ES,Federal Contract Tower,0,5,9,0,14,0,5,50,6,61,0,10,59,6,75,14,6,20,95
05/24/2023,HKY,NC,ASO,ES,Federal Contract Tower,0,9,8,0,17,0,7,82,4,93,0,16,90,4,110,104,0,104,214
05/25/2023,HKY,NC,ASO,ES,Federal Contract Tower,0,10,9,0,19,0,7,72,0,79,0,17,81,0,98,38,0,38,136
05/26/2023,HKY,NC,ASO,ES,Federal Contract Tower,0,7,11,0,18,0,2,46,2,50,0,9,57,2,68,2,0,2,70
05/27/2023,HKY,NC,ASO,ES,Federal Contract Tower,0,2,5,0,7,0,2,3,0,5,0,4,8,0,12,20,0,20,32
05/28/2023,HKY,NC,ASO,ES,Federal Contract Tower,0,3,3,0,6,0,0,0,0,0,0,3,3,0,6,0,0,0,6
05/29/2023,HKY,NC,ASO,ES,Federal Contract Tower,0,8,10,0,18,0,0,18,0,18,0,8,28,0,36,0,0,0,36
05/30/2023,HKY,NC,ASO,ES,Federal Contract Tower,0,12,11,1,24,0,27,1,0,28,0,39,12,1,52,50,0,50,102
05/31/2023,HKY,NC,ASO,ES,Federal Contract Tower,0,6,13,3,22,0,5,37,1,43,0,11,50,4,65,86,0,86,151
06/01/2023,HKY,NC,ASO,ES,Federal Contract Tower,0,9,7,1,17,0,7,102,3,112,0,16,109,4,129,76,0,76,205
06/02/2023,HKY,NC,ASO,ES,Federal Contract Tower,0,8,10,0,18,0,9,88,0,97,0,17,98,0,115,50,0,50,165
06/03/2023,HKY,NC,ASO,ES,Federal Contract Tower,0,6,3,0,9,0,1,87,0,88,0,7,90,0,97,64,0,64,161
06/04/2023,HKY,NC,ASO,ES,Federal Contract Tower,0,9,17,0,26,0,2,22,0,24,0,11,39,0,50,40,0,40,90
06/05/2023,HKY,NC,ASO,ES,Federal Contract Tower,0,8,8,3,19,0,3,33,1,37,0,11,41,4,56,6,0,6,62
06/06/2023,HKY,NC,ASO,ES,Federal Contract Tower,0,7,8,0,15,0,2,82,2,86,0,9,90,2,101,78,0,78,179
06/07/2023,HKY,NC,ASO,ES,Federal Contract Tower,0,2,6,0,8,0,2,33,0,35,0,4,39,0,43,24,0,24,67
06/08/2023,HKY,NC,ASO,ES,Federal Contract Tower,0,15,4,0,19,0,3,52,2,57,0,18,56,2,76,48,0,48,124
06/09/2023,HKY,NC,ASO,ES,Federal Contract Tower,0,11,5,0,16,0,9,113,2,124,0,20,118,2,140,26,0,26,166
06/10/2023,HKY,NC,ASO,ES,Federal Contract Tower,0,9,7,0,16,0,5,149,2,156,0,14,156,2,172,46,0,46,218
06/11/2023,HKY,NC,ASO,ES,Federal Contract Tower,0,8,8,0,16,0,3,26,0,29,0,11,34,0,45,6,0,6,51
06/12/2023,HKY,NC,ASO,ES,Federal Contract Tower,0,5,8,0,13,0,1,2,2,5,0,6,10,2,18,2,0,2,20
06/13/2023,HKY,NC,ASO,ES,Federal Contract Tower,0,16,5,1,22,0,4,67,5,76,0,20,72,6,98,56,0,56,154
06/14/2023,HKY,NC,ASO,ES,Federal Contract Tower,0,11,8,1,20,0,1,39,1,41,0,12,47,2,61,26,0,26,87
06/15/2023,HKY,NC,ASO,ES,Federal Contract Tower,0,4,7,3,14,0,1,32,6,39,0,5,39,9,53,6,0,6,59
06/16/2023,HKY,NC,ASO,ES,Federal Contract Tower,0,9,7,0,16,0,3,19,2,24,0,12,26,2,40,28,0,28,68
06/17/2023,HKY,NC,ASO,ES,Federal Contract Tower,0,5,10,0,15,0,1,58,1,60,0,6,68,1,75,10,0,10,85
06/18/2023,HKY,NC,ASO,ES,Federal Contract Tower,0,7,6,0,13,0,4,33,0,37,0,11,39,0,50,20,0,20,70
06/19/2023,HKY,NC,ASO,ES,Federal Contract Tower,0,8,2,0,10,0,5,0,0,5,0,13,2,0,15,0,0,0,15
06/20/2023,HKY,NC,ASO,ES,Federal Contract Tower,0,12,2,0,14,0,0,0,0,0,0,12,2,0,14,0,0,0,14
06/21/2023,HKY,NC,ASO,ES,Federal Contract Tower,0,6,6,0,12,0,0,0,0,0,0,6,6,0,12,0,0,0,12
06/22/2023,HKY,NC,ASO,ES,Federal Contract Tower,0,7,3,0,10,0,0,0,0,0,0,7,3,0,10,0,0,0,10
06/23/2023,HKY,NC,ASO,ES,Federal Contract Tower,0,5,9,0,14,0,3,6,0,9,0,8,15,0,23,10,8,18,41
06/24/2023,HKY,NC,ASO,ES,Federal Contract Tower,0,7,9,0,16,0,3,42,0,45,0,10,51,0,61,64,0,64,125
06/25/2023,HKY,NC,ASO,ES,Federal Contract Tower,0,1,7,0,8,0,7,29,0,36,0,8,36,0,44,26,0,26,70
06/26/2023,HKY,NC,ASO,ES,Federal Contract Tower,0,15,3,0,18,0,4,41,2,47,0,19,44,2,65,108,0,108,173
06/27/2023,HKY,NC,ASO,ES,Federal Contract Tower,0,17,11,0,28,0,9,48,3,60,0,26,59,3,88,102,0,102,190
06/28/2023,HKY,NC,ASO,ES,Federal Contract Tower,0,6,14,0,20,0,3,98,6,107,0,9,112,6,127,140,0,140,267
06/29/2023,HKY,NC,ASO,ES,Federal Contract Tower,0,15,14,0,29,0,5,53,2,60,0,20,67,2,89,121,0,121,210
06/30/2023,HKY,NC,ASO,ES,Federal Contract Tower,0,10,4,0,14,0,4,61,0,65,0,14,65,0,79,70,0,70,149
07/01/2023,HKY,NC,ASO,ES,Federal Contract Tower,0,18,5,1,24,0,2,27,1,30,0,20,32,2,54,10,0,10,64
07/02/2023,HKY,NC,ASO,ES,Federal Contract Tower,0,2,15,0,17,0,6,22,0,28,0,8,37,0,45,0,0,0,45
07/03/2023,HKY,NC,ASO,ES,Federal Contract Tower,0,3,4,0,7,0,5,36,2,43,0,8,40,2,50,28,0,28,78
07/04/2023,HKY,NC,ASO,ES,Federal Contract Tower,0,1,3,2,6,0,1,39,0,40,0,2,42,2,46,20,0,20,66
07/05/2023,HKY,NC,ASO,ES,Federal Contract Tower,0,29,2,0,31,0,9,46,0,55,0,38,48,0,86,14,0,14,100
07/06/2023,HKY,NC,ASO,ES,Federal Contract Tower,0,9,13,2,24,0,5,54,2,61,0,14,67,4,85,34,0,34,119
07/07/2023,HKY,NC,ASO,ES,Federal Contract Tower,0,5,7,2,14,0,4,58,0,62,0,9,65,2,76,8,0,8,84
07/08/2023,HKY,NC,ASO,ES,Federal Contract Tower,0,1,6,0,7,0,6,184,2,192,0,7,190,2,199,16,0,16,215
07/09/2023,HKY,NC,ASO,ES,Federal Contract Tower,0,16,5,0,21,0,7,10,0,17,0,23,15,0,38,4,0,4,42
07/10/2023,HKY,NC,ASO,ES,Federal Contract Tower,0,9,4,0,13,0,9,40,2,51,0,18,44,2,64,54,0,54,118
07/11/2023,HKY,NC,ASO,ES,Federal Contract Tower,0,9,8,0,17,0,5,106,2,113,0,14,114,2,130,50,0,50,180
07/12/2023,HKY,NC,ASO,ES,Federal Contract Tower,0,19,7,0,26,0,5,91,2,98,0,24,98,2,124,98,4,102,226
07/13/2023,HKY,NC,ASO,ES,Federal Contract Tower,0,14,14,1,29,0,10,52,6,68,0,24,66,7,97,62,0,62,159
07/14/2023,HKY,NC,ASO,ES,Federal Contract Tower,0,3,7,0,10,0,3,18,0,21,0,6,25,0,31,16,0,16,47
07/15/2023,HKY,NC,ASO,ES,Federal Contract Tower,0,10,5,0,15,0,0,7,0,7,0,10,12,0,22,6,0,6,28
07/16/2023,HKY,NC,ASO,ES,Federal Contract Tower,0,12,15,0,27,0,5,48,0,53,0,17,63,0,80,6,0,6,86
07/17/2023,HKY,NC,ASO,ES,Federal Contract Tower,0,8,14,0,22,0,4,38,1,43,0,12,52,1,65,98,0,98,163
07/18/2023,HKY,NC,ASO,ES,Federal Contract Tower,0,4,9,0,13,0,5,32,0,37,0,9,41,0,50,72,0,72,122
07/19/2023,HKY,NC,ASO,ES,Federal Contract Tower,0,10,6,0,16,0,3,70,0,73,0,13,76,0,89,58,0,58,147
07/20/2023,HKY,NC,ASO,ES,Federal Contract Tower,0,9,4,1,14,0,4,75,1,80,0,13,79,2,94,60,0,60,154
07/21/2023,HKY,NC,ASO,ES,Federal Contract Tower,0,8,8,0,16,0,2,67,0,69,0,10,75,0,85,34,0,34,119
07/22/2023,HKY,NC,ASO,ES,Federal Contract Tower,0,7,7,0,14,0,8,55,0,63,0,15,62,0,77,90,0,90,167
07/23/2023,HKY,NC,ASO,ES,Federal Contract Tower,0,3,7,0,10,0,2,11,0,13,0,5,18,0,23,10,0,10,33
07/24/2023,HKY,NC,ASO,ES,Federal Contract Tower,0,12,17,0,29,0,4,40,0,44,0,16,57,0,73,76,0,76,149
07/25/2023,HKY,NC,ASO,ES,Federal Contract Tower,0,6,9,0,15,0,4,76,2,82,0,10,85,2,97,83,0,83,180
07/26/2023,HKY,NC,ASO,ES,Federal Contract Tower,0,4,15,0,19,0,3,78,2,83,0,7,93,2,102,40,0,40,142
07/27/2023,HKY,NC,ASO,ES,Federal Contract Tower,0,7,13,0,20,0,6,35,2,43,0,13,48,2,63,54,0,54,117
07/28/2023,HKY,NC,ASO,ES,Federal Contract Tower,0,14,8,2,24,0,0,31,8,39,0,14,39,10,63,74,0,74,137
07/29/2023,HKY,NC,ASO,ES,Federal Contract Tower,0,8,7,0,15,0,2,42,3,47,0,10,49,3,62,38,0,38,100
07/30/2023,HKY,NC,ASO,ES,Federal Contract Tower,0,20,5,0,25,0,5,18,8,31,0,25,23,8,56,0,0,0,56
07/31/2023,HKY,NC,ASO,ES,Federal Contract Tower,0,4,13,0,17,0,4,42,0,46,0,8,55,0,63,44,0,44,107
08/01/2023,HKY,NC,ASO,ES,Federal Contract Tower,0,14,13,0,27,0,4,85,0,89,0,18,98,0,116,116,0,116,232
08/02/2023,HKY,NC,ASO,ES,Federal Contract Tower,0,11,8,0,19,0,83,10,0,93,0,94,18,0,112,32,0,32,144
08/03/2023,HKY,NC,ASO,ES,Federal Contract Tower,0,8,12,0,20,0,0,1,0,1,0,8,13,0,21,0,0,0,21
08/04/2023,HKY,NC,ASO,ES,Federal Contract Tower,0,7,6,0,13,0,0,41,0,41,0,7,47,0,54,148,0,148,202
08/05/2023,HKY,NC,ASO,ES,Federal Contract Tower,0,7,6,0,13,0,4,95,0,99,0,11,101,0,112,132,0,132,244
08/06/2023,HKY,NC,ASO,ES,Federal Contract Tower,0,13,11,0,24,0,3,34,0,37,0,16,45,0,61,34,0,34,95
08/07/2023,HKY,NC,ASO,ES,Federal Contract Tower,0,12,6,0,18,0,19,0,0,19,0,31,6,0,37,16,0,16,53
08/08/2023,HKY,NC,ASO,ES,Federal Contract Tower,0,15,4,1,20,0,3,50,4,57,0,18,54,5,77,78,0,78,155
08/09/2023,HKY,NC,ASO,ES,Federal Contract Tower,0,11,4,0,15,0,4,75,0,79,0,15,79,0,94,114,0,114,208
08/10/2023,HKY,NC,ASO,ES,Federal Contract Tower,0,18,7,0,25,0,0,26,0,26,0,18,33,0,51,2,0,2,53
08/11/2023,HKY,NC,ASO,ES,Federal Contract Tower,0,13,12,0,25,0,2,46,0,48,0,15,58,0,73,76,0,76,149
08/12/2023,HKY,NC,ASO,ES,Federal Contract Tower,0,7,5,0,12,0,5,156,0,161,0,12,161,0,173,38,0,38,211
08/13/2023,HKY,NC,ASO,ES,Federal Contract Tower,0,5,3,0,8,0,3,53,0,56,0,8,56,0,64,32,0,32,96
08/14/2023,HKY,NC,ASO,ES,Federal Contract Tower,2,13,5,0,20,0,4,35,0,39,2,17,40,0,59,60,0,60,119
08/15/2023,HKY,NC,ASO,ES,Federal Contract Tower,0,6,1,2,9,0,7,33,0,40,0,13,34,2,49,62,4,66,115
08/16/2023,HKY,NC,ASO,ES,Federal Contract Tower,0,9,4,0,13,0,7,58,2,67,0,16,62,2,80,10,0,10,90
08/17/2023,HKY,NC,ASO,ES,Federal Contract Tower,0,6,6,0,12,0,6,82,0,88,0,12,88,0,100,44,0,44,144
08/18/2023,HKY,NC,ASO,ES,Federal Contract Tower,0,11,1,0,12,0,6,65,2,73,0,17,66,2,85,90,0,90,175
08/19/2023,HKY,NC,ASO,ES,Federal Contract Tower,0,3,5,0,8,0,89,3,0,92,0,92,8,0,100,36,0,36,136
08/20/2023,HKY,NC,ASO,ES,Federal Contract Tower,0,12,9,0,21,0,4,54,0,58,0,16,63,0,79,14,0,14,93
08/21/2023,HKY,NC,ASO,ES,Federal Contract Tower,0,5,11,0,16,0,4,45,4,53,0,9,56,4,69,50,10,60,129
08/22/2023,HKY,NC,ASO,ES,Federal Contract Tower,0,5,9,0,14,0,7,119,2,128,0,12,128,2,142,69,0,69,211
08/23/2023,HKY,NC,ASO,ES,Federal Contract Tower,0,5,5,0,10,0,3,55,1,59,0,8,60,1,69,70,4,74,143
08/24/2023,HKY,NC,ASO,ES,Federal Contract Tower,0,5,3,2,10,0,9,64,2,75,0,14,67,4,85,124,0,124,209
08/25/2023,HKY,NC,ASO,ES,Federal Contract Tower,0,4,10,8,22,0,12,60,2,74,0,16,70,10,96,68,36,104,200
08/26/2023,HKY,NC,ASO,ES,Federal Contract Tower,0,2,7,0,9,0,7,64,0,71,0,9,71,0,80,68,0,68,148
08/27/2023,HKY,NC,ASO,ES,Federal Contract Tower,0,7,7,0,14,0,1,50,0,51,0,8,57,0,65,16,0,16,81
08/28/2023,HKY,NC,ASO,ES,Federal Contract Tower,0,6,9,0,15,0,3,2,0,5,0,9,11,0,20,0,0,0,20
08/29/2023,HKY,NC,ASO,ES,Federal Contract Tower,0,15,2,0,17,0,2,2,0,4,0,17,4,0,21,0,0,0,21
08/30/2023,HKY,NC,ASO,ES,Federal Contract Tower,0,9,3,0,12,0,7,8,0,15,0,16,11,0,27,0,0,0,27
08/31/2023,HKY,NC,ASO,ES,Federal Contract Tower,0,5,10,0,15,0,5,78,2,85,0,10,88,2,100,58,0,58,158
01/01/2020,HKY,NC,ASO,ES,Federal Contract Tower,0,2,2,0,4,0,3,60,0,63,0,5,62,0,67,24,0,24,91
01/02/2020,HKY,NC,ASO,ES,Federal Contract Tower,0,4,12,0,16,0,6,9,2,17,0,10,21,2,33,4,0,4,37
01/03/2020,HKY,NC,ASO,ES,Federal Contract Tower,0,3,1,0,4,0,0,0,0,0,0,3,1,0,4,0,0,0,4
01/04/2020,HKY,NC,ASO,ES,Federal Contract Tower,0,5,8,0,13,0,3,1,0,4,0,8,9,0,17,0,0,0,17
01/05/2020,HKY,NC,ASO,ES,Federal Contract Tower,0,6,8,0,14,0,2,21,0,23,0,8,29,0,37,4,0,4,41
01/06/2020,HKY,NC,ASO,ES,Federal Contract Tower,0,3,4,0,7,0,11,23,0,34,0,14,27,0,41,10,0,10,51
01/07/2020,HKY,NC,ASO,ES,Federal Contract Tower,0,4,2,0,6,0,3,4,0,7,0,7,6,0,13,0,0,0,13
01/08/2020,HKY,NC,ASO,ES,Federal Contract Tower,0,5,1,0,6,0,1,19,0,20,0,6,20,0,26,22,2,24,50
01/09/2020,HKY,NC,ASO,ES,Federal Contract Tower,0,12,2,0,14,0,4,83,3,90,0,16,85,3,104,18,0,18,122
01/10/2020,HKY,NC,ASO,ES,Federal Contract Tower,0,3,7,0,10,0,1,16,3,20,0,4,23,3,30,22,0,22,52
01/11/2020,HKY,NC,ASO,ES,Federal Contract Tower,0,4,2,3,9,0,1,0,2,3,0,5,2,5,12,2,0,2,14
01/12/2020,HKY,NC,ASO,ES,Federal Contract Tower,0,6,3,0,9,0,2,93,1,96,0,8,96,1,105,44,0,44,149
01/13/2020,HKY,NC,ASO,ES,Federal Contract Tower,0,2,0,0,2,0,0,2,0,2,0,2,2,0,4,20,0,20,24
01/14/2020,HKY,NC,ASO,ES,Federal Contract Tower,0,4,1,0,5,0,2,3,0,5,0,6,4,0,10,0,0,0,10
01/15/2020,HKY,NC,ASO,ES,Federal Contract Tower,0,3,8,2,13,0,0,15,3,18,0,3,23,5,31,40,44,84,115
01/16/2020,HKY,NC,ASO,ES,Federal Contract Tower,0,5,2,0,7,0,2,13,6,21,0,7,15,6,28,42,0,42,70
01/17/2020,HKY,NC,ASO,ES,Federal Contract Tower,0,8,5,0,13,0,7,60,4,71,0,15,65,4,84,46,0,46,130
01/18/2020,HKY,NC,ASO,ES,Federal Contract Tower,0,0,0,0,0,0,0,3,1,4,0,0,3,1,4,12,0,12,16
01/19/2020,HKY,NC,ASO,ES,Federal Contract Tower,0,3,2,0,5,0,3,31,2,36,0,6,33,2,41,22,0,22,63
01/20/2020,HKY,NC,ASO,ES,Federal Contract Tower,0,3,12,0,15,0,5,33,0,38,0,8,45,0,53,0,0,0,53
01/21/2020,HKY,NC,ASO,ES,Federal Contract Tower,0,14,14,0,28,0,1,36,2,39,0,15,50,2,67,28,0,28,95
01/22/2020,HKY,NC,ASO,ES,Federal Contract Tower,0,2,5,0,7,0,6,29,3,38,0,8,34,3,45,32,6,38,83
01/23/2020,HKY,NC,ASO,ES,Federal Contract Tower,0,3,17,0,20,0,1,46,2,49,0,4,63,2,69,40,0,40,109
01/24/2020,HKY,NC,ASO,ES,Federal Contract Tower,0,9,7,1,17,0,0,0,0,0,0,9,7,1,17,0,0,0,17
01/25/2020,HKY,NC,ASO,ES,Federal Contract Tower,0,2,5,0,7,0,6,40,0,46,0,8,45,0,53,12,0,12,65
01/26/2020,HKY,NC,ASO,ES,Federal Contract Tower,0,3,12,0,15,0,6,71,2,79,0,9,83,2,94,44,0,44,138
01/27/2020,HKY,NC,ASO,ES,Federal Contract Tower,0,3,6,0,9,0,0,13,6,19,0,3,19,6,28,0,0,0,28
01/28/2020,HKY,NC,ASO,ES,Federal Contract Tower,0,4,6,4,14,0,2,67,5,74,0,6,73,9,88,96,0,96,184
01/29/2020,HKY,NC,ASO,ES,Federal Contract Tower,0,12,7,2,21,0,2,27,0,29,0,14,34,2,50,0,0,0,50
01/30/2020,HKY,NC,ASO,ES,Federal Contract Tower,0,9,13,0,22,0,2,59,0,61,0,11,72,0,83,76,0,76,159
01/31/2020,HKY,NC,ASO,ES,Federal Contract Tower,0,0,5,0,5,0,2,11,0,13,0,2,16,0,18,4,0,4,22
02/01/2020,HKY,NC,ASO,ES,Federal Contract Tower,0,5,11,0,16,0,3,25,0,28,0,8,36,0,44,14,0,14,58
02/02/2020,HKY,NC,ASO,ES,Federal Contract Tower,0,1,4,0,5,0,7,21,0,28,0,8,25,0,33,4,0,4,37
02/03/2020,HKY,NC,ASO,ES,Federal Contract Tower,2,5,10,0,17,0,0,56,2,58,2,5,66,2,75,24,0,24,99
02/04/2020,HKY,NC,ASO,ES,Federal Contract Tower,0,14,11,0,25,0,0,26,0,26,0,14,37,0,51,2,0,2,53
02/05/2020,HKY,NC,ASO,ES,Federal Contract Tower,0,9,4,0,13,0,0,0,0,0,0,9,4,0,13,0,0,0,13
02/06/2020,HKY,NC,ASO,ES,Federal Contract Tower,0,1,0,0,1,0,0,0,0,0,0,1,0,0,1,0,0,0,1
02/07/2020,HKY,NC,ASO,ES,Federal Contract Tower,0,6,3,0,9,0,3,4,0,7,0,9,7,0,16,0,0,0,16
02/08/2020,HKY,NC,ASO,ES,Federal Contract Tower,0,4,0,0,4,0,1,94,2,97,0,5,94,2,101,14,0,14,115
02/09/2020,HKY,NC,ASO,ES,Federal Contract Tower,0,6,4,0,10,0,4,55,0,59,0,10,59,0,69,54,0,54,123
02/10/2020,HKY,NC,ASO,ES,Federal Contract Tower,0,6,7,0,13,0,1,18,0,19,0,7,25,0,32,16,0,16,48
02/11/2020,HKY,NC,ASO,ES,Federal Contract Tower,0,5,8,0,13,0,0,3,0,3,0,5,11,0,16,0,0,0,16
02/12/2020,HKY,NC,ASO,ES,Federal Contract Tower,0,2,14,2,18,0,3,33,0,36,0,5,47,2,54,60,0,60,114
02/13/2020,HKY,NC,ASO,ES,Federal Contract Tower,0,9,2,0,11,0,0,0,4,4,0,9,2,4,15,0,0,0,15
02/14/2020,HKY,NC,ASO,ES,Federal Contract Tower,0,8,7,0,15,0,1,62,3,66,0,9,69,3,81,30,0,30,111
02/15/2020,HKY,NC,ASO,ES,Federal Contract Tower,0,1,1,0,2,0,2,87,2,91,0,3,88,2,93,26,0,26,119
02/16/2020,HKY,NC,ASO,ES,Federal Contract Tower,0,10,14,0,24,0,5,31,0,36,0,15,45,0,60,14,0,14,74
02/17/2020,HKY,NC,ASO,ES,Federal Contract Tower,0,12,13,1,26,0,7,53,5,65,0,19,66,6,91,24,0,24,115
02/18/2020,HKY,NC,ASO,ES,Federal Contract Tower,0,6,1,4,11,0,0,0,0,0,0,6,1,4,11,0,0,0,11
02/19/2020,HKY,NC,ASO,ES,Federal Contract Tower,0,13,9,0,22,0,1,30,4,35,0,14,39,4,57,31,0,31,88
02/20/2020,HKY,NC,ASO,ES,Federal Contract Tower,0,5,1,0,6,0,2,2,0,4,0,7,3,0,10,0,0,0,10
02/21/2020,HKY,NC,ASO,ES,Federal Contract Tower,0,7,6,0,13,0,1,65,8,74,0,8,71,8,87,38,0,38,125
02/22/2020,HKY,NC,ASO,ES,Federal Contract Tower,0,2,10,0,12,0,1,120,0,121,0,3,130,0,133,32,0,32,165
02/23/2020,HKY,NC,ASO,ES,Federal Contract Tower,0,1,5,0,6,0,2,48,0,50,0,3,53,0,56,16,0,16,72
02/24/2020,HKY,NC,ASO,ES,Federal Contract Tower,0,6,5,0,11,0,0,0,0,0,0,6,5,0,11,2,0,2,13
02/25/2020,HKY,NC,ASO,ES,Federal Contract Tower,0,4,4,0,8,0,0,2,0,2,0,4,6,0,10,0,0,0,10
02/26/2020,HKY,NC,ASO,ES,Federal Contract Tower,0,4,7,0,11,0,2,10,0,12,0,6,17,0,23,2,0,2,25
02/27/2020,HKY,NC,ASO,ES,Federal Contract Tower,0,7,3,1,11,0,2,13,14,29,0,9,16,15,40,2,0,2,42
02/28/2020,HKY,NC,ASO,ES,Federal Contract Tower,0,7,4,0,11,0,16,45,9,70,0,23,49,9,81,4,0,4,85
02/29/2020,HKY,NC,ASO,ES,Federal Contract Tower,0,0,6,0,6,0,2,30,0,32,0,2,36,0,38,4,0,4,42
03/01/2020,HKY,NC,ASO,ES,Federal Contract Tower,0,3,23,0,26,0,0,59,2,61,0,3,82,2,87,22,0,22,109
03/02/2020,HKY,NC,ASO,ES,Federal Contract Tower,0,6,3,0,9,0,4,19,7,30,0,10,22,7,39,26,0,26,65
03/03/2020,HKY,NC,ASO,ES,Federal Contract Tower,0,6,0,0,6,0,4,5,0,9,0,10,5,0,15,2,0,2,17
03/04/2020,HKY,NC,ASO,ES,Federal Contract Tower,0,6,1,1,8,0,3,42,3,48,0,9,43,4,56,24,0,24,80
03/05/2020,HKY,NC,ASO,ES,Federal Contract Tower,0,8,8,0,16,0,3,14,0,17,0,11,22,0,33,12,0,12,45
03/06/2020,HKY,NC,ASO,ES,Federal Contract Tower,0,3,4,2,9,0,7,15,2,24,0,10,19,4,33,0,2,2,35
03/07/2020,HKY,NC,ASO,ES,Federal Contract Tower,0,8,7,1,16,0,4,38,2,44,0,12,45,3,60,48,0,48,108
03/08/2020,HKY,NC,ASO,ES,Federal Contract Tower,0,5,10,0,15,0,6,77,3,86,0,11,87,3,101,20,0,20,121
03/09/2020,HKY,NC,ASO,ES,Federal Contract Tower,0,9,1,0,10,0,6,55,10,71,0,15,56,10,81,12,8,20,101
03/10/2020,HKY,NC,ASO,ES,Federal Contract Tower,0,9,6,0,15,0,7,17,5,29,0,16,23,5,44,2,0,2,46
03/11/2020,HKY,NC,ASO,ES,Federal Contract Tower,0,9,7,0,16,0,0,25,5,30,0,9,32,5,46,28,0,28,74
03/12/2020,HKY,NC,ASO,ES,Federal Contract Tower,0,3,1,2,6,0,4,44,0,48,0,7,45,2,54,10,0,10,64
03/13/2020,HKY,NC,ASO,ES,Federal Contract Tower,0,8,7,0,15,0,6,38,2,46,0,14,45,2,61,16,4,20,81
03/14/2020,HKY,NC,ASO,ES,Federal Contract Tower,0,5,5,0,10,0,1,108,1,110,0,6,113,1,120,12,0,12,132
03/15/2020,HKY,NC,ASO,ES,Federal Contract Tower,0,5,6,0,11,0,3,13,0,16,0,8,19,0,27,4,0,4,31
03/16/2020,HKY,NC,ASO,ES,Federal Contract Tower,0,3,19,0,22,0,4,9,0,13,0,7,28,0,35,0,0,0,35
03/17/2020,HKY,NC,ASO,ES,Federal Contract Tower,0,5,0,0,5,0,1,4,0,5,0,6,4,0,10,0,0,0,10
03/18/2020,HKY,NC,ASO,ES,Federal Contract Tower,0,5,1,0,6,0,0,6,0,6,0,5,7,0,12,0,0,0,12
03/19/2020,HKY,NC,ASO,ES,Federal Contract Tower,0,2,4,0,6,0,0,15,4,19,0,2,19,4,25,10,0,10,35
03/20/2020,HKY,NC,ASO,ES,Federal Contract Tower,0,0,16,0,16,0,1,17,1,19,0,1,33,1,35,20,0,20,55
03/21/2020,HKY,NC,ASO,ES,Federal Contract Tower,0,2,0,0,2,0,9,35,0,44,0,11,35,0,46,14,0,14,60
03/22/2020,HKY,NC,ASO,ES,Federal Contract Tower,0,1,8,0,9,0,0,15,0,15,0,1,23,0,24,20,0,20,44
03/23/2020,HKY,NC,ASO,ES,Federal Contract Tower,0,0,7,0,7,0,0,0,0,0,0,0,7,0,7,0,0,0,7
03/24/2020,HKY,NC,ASO,ES,Federal Contract Tower,0,1,0,0,1,0,0,0,0,0,0,1,0,0,1,0,0,0,1
03/25/2020,HKY,NC,ASO,ES,Federal Contract Tower,0,4,8,0,12,0,3,23,0,26,0,7,31,0,38,20,0,20,58
03/26/2020,HKY,NC,ASO,ES,Federal Contract Tower,0,2,6,0,8,0,0,0,0,0,0,2,6,0,8,0,0,0,8
03/27/2020,HKY,NC,ASO,ES,Federal Contract Tower,0,2,8,1,11,0,4,51,5,60,0,6,59,6,71,26,0,26,97
03/28/2020,HKY,NC,ASO,ES,Federal Contract Tower,0,0,7,0,7,0,1,25,6,32,0,1,32,6,39,0,0,0,39
03/29/2020,HKY,NC,ASO,ES,Federal Contract Tower,0,1,0,0,1,0,1,22,3,26,0,2,22,3,27,2,0,2,29
03/30/2020,HKY,NC,ASO,ES,Federal Contract Tower,0,0,4,0,4,0,1,31,13,45,0,1,35,13,49,6,0,6,55
03/31/2020,HKY,NC,ASO,ES,Federal Contract Tower,0,0,0,0,0,0,5,0,0,5,0,5,0,0,5,0,0,0,5
04/01/2020,HKY,NC,ASO,ES,Federal Contract Tower,0,1,0,1,2,0,2,5,0,7,0,3,5,1,9,0,0,0,9
04/02/2020,HKY,NC,ASO,ES,Federal Contract Tower,0,0,3,0,3,0,3,17,2,22,0,3,20,2,25,24,0,24,49
04/03/2020,HKY,NC,ASO,ES,Federal Contract Tower,0,0,2,0,2,0,2,36,6,44,0,2,38,6,46,20,0,20,66
04/04/2020,HKY,NC,ASO,ES,Federal Contract Tower,0,4,7,0,11,0,2,40,12,54,0,6,47,12,65,20,0,20,85
04/05/2020,HKY,NC,ASO,ES,Federal Contract Tower,0,7,7,0,14,0,1,19,4,24,0,8,26,4,38,4,0,4,42
04/06/2020,HKY,NC,ASO,ES,Federal Contract Tower,0,1,3,1,5,0,6,19,12,37,0,7,22,13,42,2,0,2,44
04/07/2020,HKY,NC,ASO,ES,Federal Contract Tower,0,0,4,0,4,0,9,19,7,35,0,9,23,7,39,22,4,26,65
04/08/2020,HKY,NC,ASO,ES,Federal Contract Tower,0,0,3,0,3,0,4,11,6,21,0,4,14,6,24,0,0,0,24
04/09/2020,HKY,NC,ASO,ES,Federal Contract Tower,0,0,2,0,2,0,4,2,2,8,0,4,4,2,10,2,0,2,12
04/10/2020,HKY,NC,ASO,ES,Federal Contract Tower,0,0,0,0,0,0,6,3,3,12,0,6,3,3,12,4,0,4,16
04/11/2020,HKY,NC,ASO,ES,Federal Contract Tower,0,0,8,0,8,0,2,77,29,108,0,2,85,29,116,16,0,16,132
04/12/2020,HKY,NC,ASO,ES,Federal Contract Tower,0,0,0,0,0,0,0,1,0,1,0,0,1,0,1,0,0,0,1
04/13/2020,HKY,NC,ASO,ES,Federal Contract Tower,0,0,1,2,3,0,2,0,0,2,0,2,1,2,5,0,0,0,5
04/14/2020,HKY,NC,ASO,ES,Federal Contract Tower,0,3,3,0,6,0,4,27,2,33,0,7,30,2,39,32,0,32,71
04/15/2020,HKY,NC,ASO,ES,Federal Contract Tower,0,2,1,0,3,0,4,20,0,24,0,6,21,0,27,2,0,2,29
04/16/2020,HKY,NC,ASO,ES,Federal Contract Tower,0,0,1,1,2,0,0,22,1,23,0,0,23,2,25,4,0,4,29
04/17/2020,HKY,NC,ASO,ES,Federal Contract Tower,0,0,1,0,1,0,3,22,2,27,0,3,23,2,28,0,0,0,28
04/18/2020,HKY,NC,ASO,ES,Federal Contract Tower,0,0,0,0,0,0,0,22,0,22,0,0,22,0,22,14,0,14,36
04/19/2020,HKY,NC,ASO,ES,Federal Contract Tower,0,1,2,0,3,0,2,28,0,30,0,3,30,0,33,12,0,12,45
04/20/2020,HKY,NC,ASO,ES,Federal Contract Tower,0,4,4,0,8,0,3,18,0,21,0,7,22,0,29,4,0,4,33
04/21/2020,HKY,NC,ASO,ES,Federal Contract Tower,0,1,2,0,3,0,11,13,0,24,0,12,15,0,27,0,0,0,27
04/22/2020,HKY,NC,ASO,ES,Federal Contract Tower,2,0,2,0,4,0,2,47,0,49,2,2,49,0,53,20,0,20,73
04/23/2020,HKY,NC,ASO,ES,Federal Contract Tower,0,0,4,0,4,0,0,0,0,0,0,0,4,0,4,0,0,0,4
04/24/2020,HKY,NC,ASO,ES,Federal Contract Tower,0,2,5,0,7,0,2,39,0,41,0,4,44,0,48,8,0,8,56
04/25/2020,HKY,NC,ASO,ES,Federal Contract Tower,0,6,7,0,13,0,4,0,0,4,0,10,7,0,17,2,0,2,19
04/26/2020,HKY,NC,ASO,ES,Federal Contract Tower,0,0,6,0,6,0,2,26,0,28,0,2,32,0,34,8,0,8,42
04/27/2020,HKY,NC,ASO,ES,Federal Contract Tower,0,1,7,0,8,0,4,14,2,20,0,5,21,2,28,2,0,2,30
04/28/2020,HKY,NC,ASO,ES,Federal Contract Tower,0,2,8,0,10,0,2,46,6,54,0,4,54,6,64,40,0,40,104
04/29/2020,HKY,NC,ASO,ES,Federal Contract Tower,0,1,1,0,2,0,1,3,2,6,0,2,4,2,8,0,0,0,8
04/30/2020,HKY,NC,ASO,ES,Federal Contract Tower,0,2,4,0,6,0,4,16,2,22,0,6,20,2,28,26,0,26,54
05/01/2020,HKY,NC,ASO,ES,Federal Contract Tower,0,2,14,0,16,0,4,11,2,17,0,6,25,2,33,4,0,4,37
05/02/2020,HKY,NC,ASO,ES,Federal Contract Tower,0,1,4,0,5,0,2,55,0,57,0,3,59,0,62,16,0,16,78
05/03/2020,HKY,NC,ASO,ES,Federal Contract Tower,0,9,6,0,15,0,4,30,0,34,0,13,36,0,49,20,0,20,69
05/04/2020,HKY,NC,ASO,ES,Federal Contract Tower,0,1,4,0,5,0,3,66,0,69,0,4,70,0,74,32,0,32,106
05/05/2020,HKY,NC,ASO,ES,Federal Contract Tower,0,3,4,0,7,0,4,5,0,9,0,7,9,0,16,20,0,20,36
05/06/2020,HKY,NC,ASO,ES,Federal Contract Tower,0,2,3,0,5,0,2,9,4,15,0,4,12,4,20,0,0,0,20
05/07/2020,HKY,NC,ASO,ES,Federal Contract Tower,0,4,5,0,9,0,0,50,2,52,0,4,55,2,61,22,0,22,83
05/08/2020,HKY,NC,ASO,ES,Federal Contract Tower,0,0,3,0,3,0,4,30,0,34,0,4,33,0,37,18,0,18,55
05/09/2020,HKY,NC,ASO,ES,Federal Contract Tower,0,5,7,0,12,0,4,40,0,44,0,9,47,0,56,8,0,8,64
05/10/2020,HKY,NC,ASO,ES,Federal Contract Tower,0,2,2,0,4,0,5,31,0,36,0,7,33,0,40,0,0,0,40
05/11/2020,HKY,NC,ASO,ES,Federal Contract Tower,0,2,6,0,8,0,3,12,0,15,0,5,18,0,23,2,0,2,25
05/12/2020,HKY,NC,ASO,ES,Federal Contract Tower,0,6,11,0,17,0,3,46,0,49,0,9,57,0,66,62,2,64,130
05/13/2020,HKY,NC,ASO,ES,Federal Contract Tower,0,3,14,0,17,0,6,32,0,38,0,9,46,0,55,46,0,46,101
05/14/2020,HKY,NC,ASO,ES,Federal Contract Tower,0,4,2,0,6,0,3,26,0,29,0,7,28,0,35,10,0,10,45
05/15/2020,HKY,NC,ASO,ES,Federal Contract Tower,0,5,4,0,9,0,7,57,2,66,0,12,61,2,75,20,0,20,95
05/16/2020,HKY,NC,ASO,ES,Federal Contract Tower,0,1,12,0,13,0,5,41,0,46,0,6,53,0,59,8,0,8,67
05/17/2020,HKY,NC,ASO,ES,Federal Contract Tower,0,2,13,0,15,0,7,52,1,60,0,9,65,1,75,28,2,30,105
05/18/2020,HKY,NC,ASO,ES,Federal Contract Tower,0,3,5,0,8,0,1,2,0,3,0,4,7,0,11,0,0,0,11
05/19/2020,HKY,NC,ASO,ES,Federal Contract Tower,0,0,3,0,3,0,0,0,0,0,0,0,3,0,3,0,0,0,3
05/20/2020,HKY,NC,ASO,ES,Federal Contract Tower,0,0,0,0,0,0,0,0,0,0,0,0,0,0,0,0,0,0,0
05/21/2020,HKY,NC,ASO,ES,Federal Contract Tower,0,9,2,0,11,0,0,0,0,0,0,9,2,0,11,0,0,0,11
05/22/2020,HKY,NC,ASO,ES,Federal Contract Tower,0,2,9,0,11,0,4,24,0,28,0,6,33,0,39,12,0,12,51
05/23/2020,HKY,NC,ASO,ES,Federal Contract Tower,0,1,9,0,10,0,4,22,0,26,0,5,31,0,36,18,0,18,54
05/24/2020,HKY,NC,ASO,ES,Federal Contract Tower,0,4,5,0,9,0,1,28,0,29,0,5,33,0,38,2,0,2,40
05/25/2020,HKY,NC,ASO,ES,Federal Contract Tower,0,2,6,0,8,0,3,2,0,5,0,5,8,0,13,2,0,2,15
05/26/2020,HKY,NC,ASO,ES,Federal Contract Tower,0,4,18,0,22,0,3,4,2,9,0,7,22,2,31,8,18,26,57
05/27/2020,HKY,NC,ASO,ES,Federal Contract Tower,0,4,3,0,7,0,0,0,0,0,0,4,3,0,7,0,0,0,7
05/28/2020,HKY,NC,ASO,ES,Federal Contract Tower,0,0,4,0,4,0,2,6,0,8,0,2,10,0,12,14,0,14,26
05/29/2020,HKY,NC,ASO,ES,Federal Contract Tower,0,1,14,0,15,0,2,12,2,16,0,3,26,2,31,32,0,32,63
05/30/2020,HKY,NC,ASO,ES,Federal Contract Tower,0,1,10,0,11,0,13,44,0,57,0,14,54,0,68,32,0,32,100
05/31/2020,HKY,NC,ASO,ES,Federal Contract Tower,0,5,8,0,13,0,1,47,0,48,0,6,55,0,61,4,0,4,65
06/01/2020,HKY,NC,ASO,ES,Federal Contract Tower,0,3,5,0,8,0,2,56,3,61,0,5,61,3,69,28,0,28,97
06/02/2020,HKY,NC,ASO,ES,Federal Contract Tower,0,0,14,0,14,0,9,39,2,50,0,9,53,2,64,20,0,20,84
06/03/2020,HKY,NC,ASO,ES,Federal Contract Tower,0,14,18,0,32,0,7,46,4,57,0,21,64,4,89,32,0,32,121
06/04/2020,HKY,NC,ASO,ES,Federal Contract Tower,0,18,10,0,28,0,3,37,2,42,0,21,47,2,70,20,0,20,90
06/05/2020,HKY,NC,ASO,ES,Federal Contract Tower,0,7,1,0,8,0,2,20,2,24,0,9,21,2,32,48,0,48,80
06/06/2020,HKY,NC,ASO,ES,Federal Contract Tower,0,6,7,0,13,0,0,63,0,63,0,6,70,0,76,10,0,10,86
06/07/2020,HKY,NC,ASO,ES,Federal Contract Tower,0,7,0,0,7,0,2,31,0,33,0,9,31,0,40,20,0,20,60
06/08/2020,HKY,NC,ASO,ES,Federal Contract Tower,0,6,20,0,26,0,2,8,0,10,0,8,28,0,36,0,0,0,36
06/09/2020,HKY,NC,ASO,ES,Federal Contract Tower,0,0,11,4,15,0,6,15,3,24,0,6,26,7,39,10,0,10,49
06/10/2020,HKY,NC,ASO,ES,Federal Contract Tower,0,2,0,0,2,0,4,1,0,5,0,6,1,0,7,2,0,2,9
06/11/2020,HKY,NC,ASO,ES,Federal Contract Tower,0,5,6,0,11,0,9,40,2,51,0,14,46,2,62,12,0,12,74
06/12/2020,HKY,NC,ASO,ES,Federal Contract Tower,0,7,17,0,24,0,9,67,1,77,0,16,84,1,101,32,0,32,133
06/13/2020,HKY,NC,ASO,ES,Federal Contract Tower,0,2,11,0,13,0,2,45,0,47,0,4,56,0,60,30,0,30,90
06/14/2020,HKY,NC,ASO,ES,Federal Contract Tower,0,1,9,0,10,0,1,39,0,40,0,2,48,0,50,10,0,10,60
06/15/2020,HKY,NC,ASO,ES,Federal Contract Tower,0,3,12,0,15,0,2,2,2,6,0,5,14,2,21,2,0,2,23
06/16/2020,HKY,NC,ASO,ES,Federal Contract Tower,2,9,3,2,16,0,0,0,0,0,2,9,3,2,16,0,0,0,16
06/17/2020,HKY,NC,ASO,ES,Federal Contract Tower,0,7,5,0,12,0,0,6,0,6,0,7,11,0,18,16,0,16,34
06/18/2020,HKY,NC,ASO,ES,Federal Contract Tower,0,2,2,0,4,0,2,16,0,18,0,4,18,0,22,16,0,16,38
06/19/2020,HKY,NC,ASO,ES,Federal Contract Tower,0,6,9,0,15,0,2,19,0,21,0,8,28,0,36,16,0,16,52
06/20/2020,HKY,NC,ASO,ES,Federal Contract Tower,0,2,6,0,8,0,2,46,0,48,0,4,52,0,56,6,0,6,62
06/21/2020,HKY,NC,ASO,ES,Federal Contract Tower,0,3,4,0,7,0,2,37,0,39,0,5,41,0,46,2,0,2,48
06/22/2020,HKY,NC,ASO,ES,Federal Contract Tower,0,4,8,0,12,0,4,43,5,52,0,8,51,5,64,38,6,44,108
06/23/2020,HKY,NC,ASO,ES,Federal Contract Tower,0,7,8,0,15,0,1,23,0,24,0,8,31,0,39,10,0,10,49
06/24/2020,HKY,NC,ASO,ES,Federal Contract Tower,0,9,21,2,32,0,0,65,1,66,0,9,86,3,98,20,0,20,118
06/25/2020,HKY,NC,ASO,ES,Federal Contract Tower,0,4,9,0,13,0,2,29,2,33,0,6,38,2,46,40,0,40,86
06/26/2020,HKY,NC,ASO,ES,Federal Contract Tower,0,10,11,0,21,1,4,84,2,91,1,14,95,2,112,38,0,38,150
06/27/2020,HKY,NC,ASO,ES,Federal Contract Tower,0,8,9,0,17,0,3,65,0,68,0,11,74,0,85,58,0,58,143
06/28/2020,HKY,NC,ASO,ES,Federal Contract Tower,0,15,10,1,26,0,2,25,1,28,0,17,35,2,54,22,0,22,76
06/29/2020,HKY,NC,ASO,ES,Federal Contract Tower,0,2,7,0,9,0,2,27,4,33,0,4,34,4,42,16,0,16,58
06/30/2020,HKY,NC,ASO,ES,Federal Contract Tower,0,12,6,2,20,0,4,17,4,25,0,16,23,6,45,36,0,36,81
07/01/2020,HKY,NC,ASO,ES,Federal Contract Tower,0,1,9,0,10,0,7,33,2,42,0,8,42,2,52,40,0,40,92
07/02/2020,HKY,NC,ASO,ES,Federal Contract Tower,0,7,6,0,13,0,3,58,2,63,0,10,64,2,76,44,0,44,120
07/03/2020,HKY,NC,ASO,ES,Federal Contract Tower,0,2,5,0,7,0,0,47,0,47,0,2,52,0,54,16,0,16,70
07/04/2020,HKY,NC,ASO,ES,Federal Contract Tower,0,0,3,0,3,0,1,36,3,40,0,1,39,3,43,18,0,18,61
07/05/2020,HKY,NC,ASO,ES,Federal Contract Tower,0,4,5,0,9,0,1,13,0,14,0,5,18,0,23,10,0,10,33
07/06/2020,HKY,NC,ASO,ES,Federal Contract Tower,0,6,17,0,23,0,6,38,1,45,0,12,55,1,68,34,0,34,102
07/07/2020,HKY,NC,ASO,ES,Federal Contract Tower,0,13,3,0,16,0,2,0,2,4,0,15,3,2,20,0,0,0,20
07/08/2020,HKY,NC,ASO,ES,Federal Contract Tower,0,2,5,1,8,0,0,28,3,31,0,2,33,4,39,54,14,68,107
07/09/2020,HKY,NC,ASO,ES,Federal Contract Tower,0,6,3,0,9,0,3,59,7,69,0,9,62,7,78,64,0,64,142
07/10/2020,HKY,NC,ASO,ES,Federal Contract Tower,0,10,3,0,13,0,1,21,1,23,0,11,24,1,36,34,0,34,70
07/11/2020,HKY,NC,ASO,ES,Federal Contract Tower,0,1,7,0,8,0,5,54,0,59,0,6,61,0,67,34,0,34,101
07/12/2020,HKY,NC,ASO,ES,Federal Contract Tower,0,7,9,0,16,0,6,48,0,54,0,13,57,0,70,4,0,4,74
07/13/2020,HKY,NC,ASO,ES,Federal Contract Tower,0,3,13,0,16,0,6,34,2,42,0,9,47,2,58,58,0,58,116
07/14/2020,HKY,NC,ASO,ES,Federal Contract Tower,0,5,6,0,11,0,1,63,0,64,0,6,69,0,75,96,0,96,171
07/15/2020,HKY,NC,ASO,ES,Federal Contract Tower,0,7,0,0,7,0,1,45,0,46,0,8,45,0,53,36,0,36,89
07/16/2020,HKY,NC,ASO,ES,Federal Contract Tower,0,2,5,4,11,0,1,30,2,33,0,3,35,6,44,12,0,12,56
07/17/2020,HKY,NC,ASO,ES,Federal Contract Tower,0,9,2,0,11,0,3,35,0,38,0,12,37,0,49,40,0,40,89
07/18/2020,HKY,NC,ASO,ES,Federal Contract Tower,0,3,4,0,7,0,5,34,0,39,0,8,38,0,46,14,0,14,60
07/19/2020,HKY,NC,ASO,ES,Federal Contract Tower,0,7,3,0,10,0,0,18,0,18,0,7,21,0,28,26,0,26,54
07/20/2020,HKY,NC,ASO,ES,Federal Contract Tower,0,8,7,0,15,0,4,33,4,41,0,12,40,4,56,16,0,16,72
07/21/2020,HKY,NC,ASO,ES,Federal Contract Tower,2,8,3,0,13,0,4,43,1,48,2,12,46,1,61,24,0,24,85
07/22/2020,HKY,NC,ASO,ES,Federal Contract Tower,0,3,7,2,12,0,0,36,1,37,0,3,43,3,49,38,10,48,97
07/23/2020,HKY,NC,ASO,ES,Federal Contract Tower,0,3,6,0,9,0,5,32,3,40,0,8,38,3,49,32,0,32,81
07/24/2020,HKY,NC,ASO,ES,Federal Contract Tower,0,14,5,0,19,0,4,34,5,43,0,18,39,5,62,2,0,2,64
07/25/2020,HKY,NC,ASO,ES,Federal Contract Tower,0,8,5,0,13,0,2,24,0,26,0,10,29,0,39,32,0,32,71
07/26/2020,HKY,NC,ASO,ES,Federal Contract Tower,0,11,6,0,17,0,2,40,1,43,0,13,46,1,60,14,0,14,74
07/27/2020,HKY,NC,ASO,ES,Federal Contract Tower,0,2,6,0,8,0,2,36,3,41,0,4,42,3,49,32,0,32,81
07/28/2020,HKY,NC,ASO,ES,Federal Contract Tower,0,5,1,0,6,0,1,33,12,46,0,6,34,12,52,18,0,18,70
07/29/2020,HKY,NC,ASO,ES,Federal Contract Tower,0,7,4,0,11,0,1,30,14,45,0,8,34,14,56,18,0,18,74
07/30/2020,HKY,NC,ASO,ES,Federal Contract Tower,0,7,11,0,18,0,4,9,0,13,0,11,20,0,31,24,0,24,55
07/31/2020,HKY,NC,ASO,ES,Federal Contract Tower,0,7,18,0,25,0,0,40,0,40,0,7,58,0,65,30,6,36,101
08/01/2020,HKY,NC,ASO,ES,Federal Contract Tower,0,4,19,0,23,0,2,45,0,47,0,6,64,0,70,70,0,70,140
08/02/2020,HKY,NC,ASO,ES,Federal Contract Tower,0,8,13,0,21,0,18,26,0,44,0,26,39,0,65,32,0,32,97
08/03/2020,HKY,NC,ASO,ES,Federal Contract Tower,0,5,3,0,8,0,0,11,0,11,0,5,14,0,19,14,0,14,33
08/04/2020,HKY,NC,ASO,ES,Federal Contract Tower,0,10,7,1,18,0,5,42,9,56,0,15,49,10,74,46,12,58,132
08/05/2020,HKY,NC,ASO,ES,Federal Contract Tower,0,3,8,0,11,0,1,31,0,32,0,4,39,0,43,48,0,48,91
08/06/2020,HKY,NC,ASO,ES,Federal Contract Tower,0,3,34,0,37,0,0,29,0,29,0,3,63,0,66,20,0,20,86
08/07/2020,HKY,NC,ASO,ES,Federal Contract Tower,0,11,14,0,25,0,0,2,2,4,0,11,16,2,29,0,0,0,29
08/08/2020,HKY,NC,ASO,ES,Federal Contract Tower,0,8,20,0,28,0,1,54,2,57,0,9,74,2,85,36,0,36,121
08/09/2020,HKY,NC,ASO,ES,Federal Contract Tower,0,4,8,0,12,0,5,66,0,71,0,9,74,0,83,38,0,38,121
08/10/2020,HKY,NC,ASO,ES,Federal Contract Tower,0,16,5,0,21,0,2,57,3,62,0,18,62,3,83,42,0,42,125
08/11/2020,HKY,NC,ASO,ES,Federal Contract Tower,0,16,4,0,20,0,6,33,0,39,0,22,37,0,59,20,0,20,79
08/12/2020,HKY,NC,ASO,ES,Federal Contract Tower,0,3,9,0,12,0,1,20,4,25,0,4,29,4,37,30,0,30,67
08/13/2020,HKY,NC,ASO,ES,Federal Contract Tower,0,13,5,0,18,0,0,16,0,16,0,13,21,0,34,70,0,70,104
08/14/2020,HKY,NC,ASO,ES,Federal Contract Tower,0,6,4,0,10,0,5,21,0,26,0,11,25,0,36,38,0,38,74
08/15/2020,HKY,NC,ASO,ES,Federal Contract Tower,0,2,3,0,5,0,0,1,0,1,0,2,4,0,6,0,0,0,6
08/16/2020,HKY,NC,ASO,ES,Federal Contract Tower,0,10,14,0,24,0,3,20,0,23,0,13,34,0,47,48,0,48,95
08/17/2020,HKY,NC,ASO,ES,Federal Contract Tower,0,3,6,0,9,0,2,21,0,23,0,5,27,0,32,20,0,20,52
08/18/2020,HKY,NC,ASO,ES,Federal Contract Tower,0,14,5,0,19,0,6,69,0,75,0,20,74,0,94,44,0,44,138
08/19/2020,HKY,NC,ASO,ES,Federal Contract Tower,0,3,5,0,8,0,1,24,0,25,0,4,29,0,33,14,0,14,47
08/20/2020,HKY,NC,ASO,ES,Federal Contract Tower,0,9,11,0,20,0,1,5,0,6,0,10,16,0,26,6,0,6,32
08/21/2020,HKY,NC,ASO,ES,Federal Contract Tower,0,12,2,0,14,0,1,0,0,1,0,13,2,0,15,0,0,0,15
08/22/2020,HKY,NC,ASO,ES,Federal Contract Tower,0,6,19,0,25,0,2,21,0,23,0,8,40,0,48,10,0,10,58
08/23/2020,HKY,NC,ASO,ES,Federal Contract Tower,0,9,5,0,14,0,3,28,0,31,0,12,33,0,45,34,0,34,79
08/24/2020,HKY,NC,ASO,ES,Federal Contract Tower,0,8,10,0,18,0,1,20,2,23,0,9,30,2,41,22,0,22,63
08/25/2020,HKY,NC,ASO,ES,Federal Contract Tower,0,10,4,0,14,0,2,34,8,44,0,12,38,8,58,54,0,54,112
08/26/2020,HKY,NC,ASO,ES,Federal Contract Tower,0,1,8,2,11,0,0,61,1,62,0,1,69,3,73,40,0,40,113
08/27/2020,HKY,NC,ASO,ES,Federal Contract Tower,0,3,5,0,8,0,6,48,0,54,0,9,53,0,62,46,0,46,108
08/28/2020,HKY,NC,ASO,ES,Federal Contract Tower,0,9,5,0,14,0,2,47,0,49,0,11,52,0,63,56,0,56,119
08/29/2020,HKY,NC,ASO,ES,Federal Contract Tower,0,2,4,0,6,0,3,1,0,4,0,5,5,0,10,0,0,0,10
08/30/2020,HKY,NC,ASO,ES,Federal Contract Tower,0,19,6,0,25,0,3,38,0,41,0,22,44,0,66,58,0,58,124
08/31/2020,HKY,NC,ASO,ES,Federal Contract Tower,0,5,3,0,8,0,0,2,0,2,0,5,5,0,10,0,0,0,10
09/01/2020,HKY,NC,ASO,ES,Federal Contract Tower,0,7,8,0,15,0,2,8,0,10,0,9,16,0,25,12,0,12,37
09/02/2020,HKY,NC,ASO,ES,Federal Contract Tower,0,8,22,0,30,0,1,21,2,24,0,9,43,2,54,38,0,38,92
09/03/2020,HKY,NC,ASO,ES,Federal Contract Tower,0,11,6,0,17,0,2,68,0,70,0,13,74,0,87,36,0,36,123
09/04/2020,HKY,NC,ASO,ES,Federal Contract Tower,0,4,7,0,11,0,0,43,4,47,0,4,50,4,58,56,0,56,114
09/05/2020,HKY,NC,ASO,ES,Federal Contract Tower,0,4,9,0,13,0,2,38,0,40,0,6,47,0,53,22,0,22,75
09/06/2020,HKY,NC,ASO,ES,Federal Contract Tower,0,0,6,0,6,0,3,32,0,35,0,3,38,0,41,20,0,20,61
09/07/2020,HKY,NC,ASO,ES,Federal Contract Tower,0,6,10,0,16,0,1,64,0,65,0,7,74,0,81,10,0,10,91
09/08/2020,HKY,NC,ASO,ES,Federal Contract Tower,0,3,6,4,13,0,2,39,5,46,0,5,45,9,59,40,0,40,99
09/09/2020,HKY,NC,ASO,ES,Federal Contract Tower,0,9,14,2,25,0,1,2,0,3,0,10,16,2,28,12,0,12,40
09/10/2020,HKY,NC,ASO,ES,Federal Contract Tower,0,9,5,2,16,0,4,9,1,14,0,13,14,3,30,0,0,0,30
09/11/2020,HKY,NC,ASO,ES,Federal Contract Tower,0,4,11,0,15,0,1,31,9,41,0,5,42,9,56,50,2,52,108
09/12/2020,HKY,NC,ASO,ES,Federal Contract Tower,0,6,11,0,17,0,0,0,0,0,0,6,11,0,17,0,0,0,17
09/13/2020,HKY,NC,ASO,ES,Federal Contract Tower,0,5,16,0,21,0,4,10,0,14,0,9,26,0,35,16,0,16,51
09/14/2020,HKY,NC,ASO,ES,Federal Contract Tower,0,5,4,0,9,0,4,20,0,24,0,9,24,0,33,6,0,6,39
09/15/2020,HKY,NC,ASO,ES,Federal Contract Tower,0,5,8,0,13,0,5,38,0,43,0,10,46,0,56,20,0,20,76
09/16/2020,HKY,NC,ASO,ES,Federal Contract Tower,0,4,5,0,9,0,6,68,0,74,0,10,73,0,83,36,0,36,119
09/17/2020,HKY,NC,ASO,ES,Federal Contract Tower,0,12,1,0,13,0,0,0,0,0,0,12,1,0,13,0,0,0,13
09/18/2020,HKY,NC,ASO,ES,Federal Contract Tower,0,15,12,0,27,0,1,42,2,45,0,16,54,2,72,44,0,44,116
09/19/2020,HKY,NC,ASO,ES,Federal Contract Tower,0,8,4,0,12,0,3,33,0,36,0,11,37,0,48,44,0,44,92
09/20/2020,HKY,NC,ASO,ES,Federal Contract Tower,0,4,14,0,18,0,1,48,0,49,0,5,62,0,67,58,0,58,125
09/21/2020,HKY,NC,ASO,ES,Federal Contract Tower,0,3,8,0,11,0,3,46,4,53,0,6,54,4,64,46,0,46,110
09/22/2020,HKY,NC,ASO,ES,Federal Contract Tower,0,4,6,0,10,0,0,64,0,64,0,4,70,0,74,58,0,58,132
09/23/2020,HKY,NC,ASO,ES,Federal Contract Tower,0,5,12,0,17,0,2,65,0,67,0,7,77,0,84,40,0,40,124
09/24/2020,HKY,NC,ASO,ES,Federal Contract Tower,0,14,7,0,21,0,2,16,0,18,0,16,23,0,39,18,0,18,57
09/25/2020,HKY,NC,ASO,ES,Federal Contract Tower,5,8,4,0,17,0,0,0,0,0,5,8,4,0,17,0,0,0,17
09/26/2020,HKY,NC,ASO,ES,Federal Contract Tower,2,9,11,4,26,0,6,16,2,24,2,15,27,6,50,16,0,16,66
09/27/2020,HKY,NC,ASO,ES,Federal Contract Tower,0,11,16,0,27,0,5,23,0,28,0,16,39,0,55,8,0,8,63
09/28/2020,HKY,NC,ASO,ES,Federal Contract Tower,0,13,17,0,30,0,2,8,8,18,0,15,25,8,48,14,0,14,62
09/29/2020,HKY,NC,ASO,ES,Federal Contract Tower,0,14,2,2,18,0,4,5,2,11,0,18,7,4,29,16,16,32,61
09/30/2020,HKY,NC,ASO,ES,Federal Contract Tower,0,3,6,0,9,0,1,65,2,68,0,4,71,2,77,70,0,70,147
10/01/2020,HKY,NC,ASO,ES,Federal Contract Tower,0,18,3,0,21,0,4,55,1,60,0,22,58,1,81,38,0,38,119
10/02/2020,HKY,NC,ASO,ES,Federal Contract Tower,0,14,15,0,29,0,3,49,2,54,0,17,64,2,83,54,0,54,137
10/03/2020,HKY,NC,ASO,ES,Federal Contract Tower,0,2,5,0,7,0,3,44,7,54,0,5,49,7,61,14,0,14,75
10/04/2020,HKY,NC,ASO,ES,Federal Contract Tower,0,11,13,0,24,0,4,47,0,51,0,15,60,0,75,44,0,44,119
10/05/2020,HKY,NC,ASO,ES,Federal Contract Tower,0,9,9,0,18,0,5,23,0,28,0,14,32,0,46,38,0,38,84
10/06/2020,HKY,NC,ASO,ES,Federal Contract Tower,0,5,11,0,16,0,5,50,0,55,0,10,61,0,71,48,0,48,119
10/07/2020,HKY,NC,ASO,ES,Federal Contract Tower,0,7,3,0,10,0,0,0,0,0,0,7,3,0,10,40,0,40,50
10/08/2020,HKY,NC,ASO,ES,Federal Contract Tower,0,12,13,0,25,0,3,69,4,76,0,15,82,4,101,22,0,22,123
10/09/2020,HKY,NC,ASO,ES,Federal Contract Tower,0,7,13,0,20,0,5,40,0,45,0,12,53,0,65,48,0,48,113
10/10/2020,HKY,NC,ASO,ES,Federal Contract Tower,0,1,0,0,1,0,0,0,0,0,0,1,0,0,1,0,0,0,1
10/11/2020,HKY,NC,ASO,ES,Federal Contract Tower,0,8,10,0,18,0,0,0,0,0,0,8,10,0,18,0,0,0,18
10/12/2020,HKY,NC,ASO,ES,Federal Contract Tower,0,13,9,0,22,0,0,3,0,3,0,13,12,0,25,0,0,0,25
10/13/2020,HKY,NC,ASO,ES,Federal Contract Tower,0,8,18,0,26,0,9,36,4,49,0,17,54,4,75,30,0,30,105
10/14/2020,HKY,NC,ASO,ES,Federal Contract Tower,0,2,6,0,8,0,3,98,11,112,0,5,104,11,120,74,2,76,196
10/15/2020,HKY,NC,ASO,ES,Federal Contract Tower,0,11,8,0,19,0,4,22,2,28,0,15,30,2,47,12,0,12,59
10/16/2020,HKY,NC,ASO,ES,Federal Contract Tower,0,7,9,0,16,0,1,40,0,41,0,8,49,0,57,46,0,46,103
10/17/2020,HKY,NC,ASO,ES,Federal Contract Tower,0,4,13,0,17,0,1,53,0,54,0,5,66,0,71,58,0,58,129
10/18/2020,HKY,NC,ASO,ES,Federal Contract Tower,0,5,8,0,13,0,4,41,0,45,0,9,49,0,58,2,0,2,60
10/19/2020,HKY,NC,ASO,ES,Federal Contract Tower,0,7,8,0,15,0,0,43,13,56,0,7,51,13,71,26,0,26,97
10/20/2020,HKY,NC,ASO,ES,Federal Contract Tower,0,9,4,0,13,0,5,46,8,59,0,14,50,8,72,80,0,80,152
10/21/2020,HKY,NC,ASO,ES,Federal Contract Tower,1,5,17,0,23,0,2,31,6,39,1,7,48,6,62,38,0,38,100
10/22/2020,HKY,NC,ASO,ES,Federal Contract Tower,0,8,15,2,25,0,7,60,23,90,0,15,75,25,115,46,0,46,161
10/23/2020,HKY,NC,ASO,ES,Federal Contract Tower,0,7,12,0,19,0,1,63,2,66,0,8,75,2,85,46,0,46,131
10/24/2020,HKY,NC,ASO,ES,Federal Contract Tower,0,5,1,0,6,0,9,17,0,26,0,14,18,0,32,8,0,8,40
10/25/2020,HKY,NC,ASO,ES,Federal Contract Tower,0,2,5,0,7,0,0,0,0,0,0,2,5,0,7,0,0,0,7
10/26/2020,HKY,NC,ASO,ES,Federal Contract Tower,0,15,7,0,22,0,8,3,0,11,0,23,10,0,33,0,0,0,33
10/27/2020,HKY,NC,ASO,ES,Federal Contract Tower,0,9,14,0,23,0,2,18,0,20,0,11,32,0,43,46,0,46,89
10/28/2020,HKY,NC,ASO,ES,Federal Contract Tower,0,13,8,0,21,0,0,0,0,0,0,13,8,0,21,0,0,0,21
10/29/2020,HKY,NC,ASO,ES,Federal Contract Tower,0,5,1,0,6,0,1,4,0,5,0,6,5,0,11,0,0,0,11
10/30/2020,HKY,NC,ASO,ES,Federal Contract Tower,2,5,6,0,13,0,0,35,4,39,2,5,41,4,52,48,0,48,100
10/31/2020,HKY,NC,ASO,ES,Federal Contract Tower,0,0,16,0,16,0,2,34,11,47,0,2,50,11,63,8,0,8,71
11/01/2020,HKY,NC,ASO,ES,Federal Contract Tower,0,4,6,11,21,0,3,4,0,7,0,7,10,11,28,0,0,0,28
11/02/2020,HKY,NC,ASO,ES,Federal Contract Tower,0,2,3,0,5,0,3,43,5,51,0,5,46,5,56,16,2,18,74
11/03/2020,HKY,NC,ASO,ES,Federal Contract Tower,0,7,2,1,10,0,10,51,1,62,0,17,53,2,72,50,0,50,122
11/04/2020,HKY,NC,ASO,ES,Federal Contract Tower,1,5,1,0,7,0,2,72,2,76,1,7,73,2,83,22,0,22,105
11/05/2020,HKY,NC,ASO,ES,Federal Contract Tower,0,8,9,0,17,0,3,59,4,66,0,11,68,4,83,16,0,16,99
11/06/2020,HKY,NC,ASO,ES,Federal Contract Tower,3,4,6,0,13,0,16,57,0,73,3,20,63,0,86,44,0,44,130
11/07/2020,HKY,NC,ASO,ES,Federal Contract Tower,0,1,12,0,13,0,0,41,0,41,0,1,53,0,54,8,0,8,62
11/08/2020,HKY,NC,ASO,ES,Federal Contract Tower,0,4,7,0,11,0,2,31,0,33,0,6,38,0,44,54,0,54,98
11/09/2020,HKY,NC,ASO,ES,Federal Contract Tower,2,3,9,0,14,0,2,24,0,26,2,5,33,0,40,26,0,26,66
11/10/2020,HKY,NC,ASO,ES,Federal Contract Tower,1,12,9,6,28,0,1,3,0,4,1,13,12,6,32,0,0,0,32
11/11/2020,HKY,NC,ASO,ES,Federal Contract Tower,1,2,10,0,13,0,1,1,0,2,1,3,11,0,15,0,0,0,15
11/12/2020,HKY,NC,ASO,ES,Federal Contract Tower,0,8,7,0,15,0,0,0,0,0,0,8,7,0,15,0,0,0,15
11/13/2020,HKY,NC,ASO,ES,Federal Contract Tower,0,5,19,0,24,0,1,40,9,50,0,6,59,9,74,8,0,8,82
11/14/2020,HKY,NC,ASO,ES,Federal Contract Tower,0,0,8,0,8,0,4,78,0,82,0,4,86,0,90,20,0,20,110
11/15/2020,HKY,NC,ASO,ES,Federal Contract Tower,0,4,5,0,9,0,1,4,0,5,0,5,9,0,14,0,0,0,14
11/16/2020,HKY,NC,ASO,ES,Federal Contract Tower,0,4,8,0,12,0,8,44,4,56,0,12,52,4,68,24,0,24,92
11/17/2020,HKY,NC,ASO,ES,Federal Contract Tower,2,4,3,0,9,0,4,35,12,51,2,8,38,12,60,10,4,14,74
11/18/2020,HKY,NC,ASO,ES,Federal Contract Tower,1,5,9,0,15,0,1,36,7,44,1,6,45,7,59,4,0,4,63
11/19/2020,HKY,NC,ASO,ES,Federal Contract Tower,0,3,6,0,9,0,3,75,4,82,0,6,81,4,91,52,0,52,143
11/20/2020,HKY,NC,ASO,ES,Federal Contract Tower,1,1,4,0,6,0,3,57,4,64,1,4,61,4,70,50,0,50,120
11/21/2020,HKY,NC,ASO,ES,Federal Contract Tower,1,4,9,0,14,0,4,52,2,58,1,8,61,2,72,22,0,22,94
11/22/2020,HKY,NC,ASO,ES,Federal Contract Tower,1,1,8,0,10,0,1,13,0,14,1,2,21,0,24,2,0,2,26
11/23/2020,HKY,NC,ASO,ES,Federal Contract Tower,1,6,2,0,9,0,0,46,4,50,1,6,48,4,59,68,0,68,127
11/24/2020,HKY,NC,ASO,ES,Federal Contract Tower,2,10,8,0,20,0,3,70,3,76,2,13,78,3,96,14,0,14,110
11/25/2020,HKY,NC,ASO,ES,Federal Contract Tower,1,12,16,0,29,0,2,4,0,6,1,14,20,0,35,8,0,8,43
11/26/2020,HKY,NC,ASO,ES,Federal Contract Tower,1,3,3,0,7,0,1,3,0,4,1,4,6,0,11,0,0,0,11
11/27/2020,HKY,NC,ASO,ES,Federal Contract Tower,0,6,10,0,16,0,4,50,0,54,0,10,60,0,70,24,0,24,94
11/28/2020,HKY,NC,ASO,ES,Federal Contract Tower,0,9,9,0,18,0,8,74,0,82,0,17,83,0,100,24,0,24,124
11/29/2020,HKY,NC,ASO,ES,Federal Contract Tower,0,9,9,0,18,0,0,21,0,21,0,9,30,0,39,2,0,2,41
11/30/2020,HKY,NC,ASO,ES,Federal Contract Tower,0,11,5,4,20,0,3,2,3,8,0,14,7,7,28,2,0,2,30
12/01/2020,HKY,NC,ASO,ES,Federal Contract Tower,0,7,4,2,13,0,2,15,0,17,0,9,19,2,30,20,0,20,50
12/02/2020,HKY,NC,ASO,ES,Federal Contract Tower,0,5,5,2,12,0,2,44,4,50,0,7,49,6,62,14,4,18,80
12/03/2020,HKY,NC,ASO,ES,Federal Contract Tower,1,6,12,3,22,0,2,58,5,65,1,8,70,8,87,44,0,44,131
12/04/2020,HKY,NC,ASO,ES,Federal Contract Tower,0,8,5,0,13,0,4,12,0,16,0,12,17,0,29,74,0,74,103
12/05/2020,HKY,NC,ASO,ES,Federal Contract Tower,0,2,11,2,15,0,0,29,0,29,0,2,40,2,44,0,0,0,44
12/06/2020,HKY,NC,ASO,ES,Federal Contract Tower,0,0,8,0,8,0,8,36,1,45,0,8,44,1,53,2,0,2,55
12/07/2020,HKY,NC,ASO,ES,Federal Contract Tower,0,4,2,0,6,0,3,7,2,12,0,7,9,2,18,20,0,20,38
12/08/2020,HKY,NC,ASO,ES,Federal Contract Tower,1,6,4,0,11,0,2,71,8,81,1,8,75,8,92,44,0,44,136
12/09/2020,HKY,NC,ASO,ES,Federal Contract Tower,0,7,3,0,10,0,0,33,4,37,0,7,36,4,47,32,0,32,79
12/10/2020,HKY,NC,ASO,ES,Federal Contract Tower,0,2,11,0,13,0,2,55,0,57,0,4,66,0,70,22,0,22,92
12/11/2020,HKY,NC,ASO,ES,Federal Contract Tower,0,3,20,2,25,0,3,48,3,54,0,6,68,5,79,43,0,43,122
12/12/2020,HKY,NC,ASO,ES,Federal Contract Tower,0,0,7,0,7,0,4,40,0,44,0,4,47,0,51,58,0,58,109
12/13/2020,HKY,NC,ASO,ES,Federal Contract Tower,0,1,17,0,18,0,0,44,0,44,0,1,61,0,62,68,0,68,130
12/14/2020,HKY,NC,ASO,ES,Federal Contract Tower,0,4,0,0,4,0,1,11,0,12,0,5,11,0,16,0,0,0,16
12/15/2020,HKY,NC,ASO,ES,Federal Contract Tower,0,6,11,0,17,0,1,47,2,50,0,7,58,2,67,32,0,32,99
12/16/2020,HKY,NC,ASO,ES,Federal Contract Tower,0,2,4,0,6,0,0,0,0,0,0,2,4,0,6,0,0,0,6
12/17/2020,HKY,NC,ASO,ES,Federal Contract Tower,2,6,6,2,16,0,3,0,0,3,2,9,6,2,19,0,0,0,19
12/18/2020,HKY,NC,ASO,ES,Federal Contract Tower,0,5,8,0,13,0,0,81,2,83,0,5,89,2,96,72,0,72,168
12/19/2020,HKY,NC,ASO,ES,Federal Contract Tower,0,4,5,0,9,0,7,42,0,49,0,11,47,0,58,32,0,32,90
12/20/2020,HKY,NC,ASO,ES,Federal Contract Tower,1,6,0,0,7,0,0,4,0,4,1,6,4,0,11,2,0,2,13
12/21/2020,HKY,NC,ASO,ES,Federal Contract Tower,2,0,8,0,10,0,2,40,0,42,2,2,48,0,52,22,0,22,74
12/22/2020,HKY,NC,ASO,ES,Federal Contract Tower,1,9,6,0,16,0,5,53,4,62,1,14,59,4,78,54,0,54,132
12/23/2020,HKY,NC,ASO,ES,Federal Contract Tower,1,11,14,0,26,0,0,42,0,42,1,11,56,0,68,6,0,6,74
12/24/2020,HKY,NC,ASO,ES,Federal Contract Tower,0,2,0,0,2,0,0,0,0,0,0,2,0,0,2,0,0,0,2
12/25/2020,HKY,NC,ASO,ES,Federal Contract Tower,0,2,0,0,2,0,0,0,0,0,0,2,0,0,2,0,0,0,2
12/26/2020,HKY,NC,ASO,ES,Federal Contract Tower,0,3,18,0,21,0,9,43,0,52,0,12,61,0,73,20,0,20,93
12/27/2020,HKY,NC,ASO,ES,Federal Contract Tower,0,6,13,0,19,0,4,28,0,32,0,10,41,0,51,16,0,16,67
12/28/2020,HKY,NC,ASO,ES,Federal Contract Tower,0,6,5,0,11,0,0,45,0,45,0,6,50,0,56,20,0,20,76
12/29/2020,HKY,NC,ASO,ES,Federal Contract Tower,0,9,6,0,15,0,3,43,2,48,0,12,49,2,63,34,0,34,97
12/30/2020,HKY,NC,ASO,ES,Federal Contract Tower,0,11,8,0,19,0,0,3,3,6,0,11,11,3,25,14,0,14,39
12/31/2020,HKY,NC,ASO,ES,Federal Contract Tower,0,4,6,0,10,0,0,0,0,0,0,4,6,0,10,0,0,0,10
01/01/2021,HKY,NC,ASO,ES,Federal Contract Tower,0,3,0,0,3,0,0,0,0,0,0,3,0,0,3,0,0,0,3
01/02/2021,HKY,NC,ASO,ES,Federal Contract Tower,0,8,8,0,16,0,0,0,0,0,0,8,8,0,16,0,0,0,16
01/03/2021,HKY,NC,ASO,ES,Federal Contract Tower,0,9,7,0,16,0,1,5,0,6,0,10,12,0,22,6,0,6,28
01/04/2021,HKY,NC,ASO,ES,Federal Contract Tower,0,4,9,0,13,0,2,34,2,38,0,6,43,2,51,8,0,8,59
01/05/2021,HKY,NC,ASO,ES,Federal Contract Tower,0,6,4,0,10,0,8,25,0,33,0,14,29,0,43,0,0,0,43
01/06/2021,HKY,NC,ASO,ES,Federal Contract Tower,0,2,2,6,10,0,4,60,1,65,0,6,62,7,75,40,4,44,119
01/07/2021,HKY,NC,ASO,ES,Federal Contract Tower,0,2,8,3,13,0,6,30,0,36,0,8,38,3,49,22,6,28,77
01/08/2021,HKY,NC,ASO,ES,Federal Contract Tower,0,2,2,0,4,0,0,0,0,0,0,2,2,0,4,0,0,0,4
01/09/2021,HKY,NC,ASO,ES,Federal Contract Tower,0,6,19,0,25,0,1,44,0,45,0,7,63,0,70,10,0,10,80
01/10/2021,HKY,NC,ASO,ES,Federal Contract Tower,0,13,6,0,19,0,3,49,0,52,0,16,55,0,71,52,0,52,123
01/11/2021,HKY,NC,ASO,ES,Federal Contract Tower,0,0,5,0,5,0,0,14,1,15,0,0,19,1,20,10,4,14,34
01/12/2021,HKY,NC,ASO,ES,Federal Contract Tower,2,2,7,0,11,0,3,40,0,43,2,5,47,0,54,52,0,52,106
01/13/2021,HKY,NC,ASO,ES,Federal Contract Tower,0,0,16,0,16,0,2,50,0,52,0,2,66,0,68,26,0,26,94
01/14/2021,HKY,NC,ASO,ES,Federal Contract Tower,0,8,10,0,18,0,0,24,0,24,0,8,34,0,42,22,0,22,64
01/15/2021,HKY,NC,ASO,ES,Federal Contract Tower,0,4,6,0,10,0,4,5,0,9,0,8,11,0,19,8,0,8,27
01/16/2021,HKY,NC,ASO,ES,Federal Contract Tower,0,5,3,0,8,0,2,24,0,26,0,7,27,0,34,20,0,20,54
01/17/2021,HKY,NC,ASO,ES,Federal Contract Tower,0,1,9,0,10,0,0,41,0,41,0,1,50,0,51,26,0,26,77
01/18/2021,HKY,NC,ASO,ES,Federal Contract Tower,0,0,9,0,9,0,3,23,0,26,0,3,32,0,35,12,0,12,47
01/19/2021,HKY,NC,ASO,ES,Federal Contract Tower,0,8,4,0,12,0,6,46,4,56,0,14,50,4,68,20,0,20,88
01/20/2021,HKY,NC,ASO,ES,Federal Contract Tower,1,10,5,0,16,0,9,34,4,47,1,19,39,4,63,12,0,12,75
01/21/2021,HKY,NC,ASO,ES,Federal Contract Tower,0,9,13,2,24,0,2,58,0,60,0,11,71,2,84,30,0,30,114
01/22/2021,HKY,NC,ASO,ES,Federal Contract Tower,0,9,9,0,18,0,2,46,4,52,0,11,55,4,70,24,8,32,102
01/23/2021,HKY,NC,ASO,ES,Federal Contract Tower,0,2,8,0,10,0,1,50,0,51,0,3,58,0,61,54,0,54,115
01/24/2021,HKY,NC,ASO,ES,Federal Contract Tower,1,7,7,0,15,1,2,37,0,40,2,9,44,0,55,34,0,34,89
01/25/2021,HKY,NC,ASO,ES,Federal Contract Tower,1,7,5,0,13,0,0,0,0,0,1,7,5,0,13,0,0,0,13
01/26/2021,HKY,NC,ASO,ES,Federal Contract Tower,0,10,4,0,14,0,0,0,0,0,0,10,4,0,14,0,0,0,14
01/27/2021,HKY,NC,ASO,ES,Federal Contract Tower,0,4,2,0,6,0,1,20,4,25,0,5,22,4,31,20,0,20,51
01/28/2021,HKY,NC,ASO,ES,Federal Contract Tower,1,7,4,0,12,0,3,43,0,46,1,10,47,0,58,8,0,8,66
01/29/2021,HKY,NC,ASO,ES,Federal Contract Tower,0,2,16,0,18,0,1,74,2,77,0,3,90,2,95,34,0,34,129
01/30/2021,HKY,NC,ASO,ES,Federal Contract Tower,0,5,2,0,7,0,2,71,0,73,0,7,73,0,80,86,0,86,166
01/31/2021,HKY,NC,ASO,ES,Federal Contract Tower,0,3,0,0,3,0,0,0,0,0,0,3,0,0,3,0,0,0,3
02/01/2021,HKY,NC,ASO,ES,Federal Contract Tower,0,8,1,0,9,0,3,4,0,7,0,11,5,0,16,6,0,6,22
02/02/2021,HKY,NC,ASO,ES,Federal Contract Tower,0,1,1,0,2,0,4,5,0,9,0,5,6,0,11,8,0,8,19
02/03/2021,HKY,NC,ASO,ES,Federal Contract Tower,0,4,1,0,5,0,3,23,0,26,0,7,24,0,31,20,0,20,51
02/04/2021,HKY,NC,ASO,ES,Federal Contract Tower,0,7,17,0,24,0,5,41,3,49,0,12,58,3,73,60,6,66,139
02/05/2021,HKY,NC,ASO,ES,Federal Contract Tower,0,5,8,5,18,0,4,18,3,25,0,9,26,8,43,30,12,42,85
02/06/2021,HKY,NC,ASO,ES,Federal Contract Tower,0,9,10,0,19,0,0,83,0,83,0,9,93,0,102,28,0,28,130
02/07/2021,HKY,NC,ASO,ES,Federal Contract Tower,0,2,4,0,6,0,4,9,0,13,0,6,13,0,19,24,0,24,43
02/08/2021,HKY,NC,ASO,ES,Federal Contract Tower,1,2,4,0,7,0,3,36,5,44,1,5,40,5,51,74,0,74,125
02/09/2021,HKY,NC,ASO,ES,Federal Contract Tower,0,6,10,0,16,0,1,58,2,61,0,7,68,2,77,80,0,80,157
02/10/2021,HKY,NC,ASO,ES,Federal Contract Tower,0,8,4,0,12,0,1,23,0,24,0,9,27,0,36,40,0,40,76
02/11/2021,HKY,NC,ASO,ES,Federal Contract Tower,0,8,0,0,8,0,0,0,0,0,0,8,0,0,8,0,0,0,8
02/12/2021,HKY,NC,ASO,ES,Federal Contract Tower,0,5,2,0,7,0,0,0,0,0,0,5,2,0,7,0,0,0,7
02/13/2021,HKY,NC,ASO,ES,Federal Contract Tower,0,4,0,0,4,0,0,0,0,0,0,4,0,0,4,0,0,0,4
02/14/2021,HKY,NC,ASO,ES,Federal Contract Tower,0,5,8,0,13,0,0,0,0,0,0,5,8,0,13,0,0,0,13
02/15/2021,HKY,NC,ASO,ES,Federal Contract Tower,2,7,1,0,10,0,0,0,0,0,2,7,1,0,10,0,0,0,10
02/16/2021,HKY,NC,ASO,ES,Federal Contract Tower,1,6,5,0,12,0,0,28,0,28,1,6,33,0,40,14,4,18,58
02/17/2021,HKY,NC,ASO,ES,Federal Contract Tower,0,11,6,0,17,0,0,59,6,65,0,11,65,6,82,18,0,18,100
02/18/2021,HKY,NC,ASO,ES,Federal Contract Tower,0,7,0,0,7,0,0,0,0,0,0,7,0,0,7,0,0,0,7
02/19/2021,HKY,NC,ASO,ES,Federal Contract Tower,0,4,11,0,15,0,1,40,2,43,0,5,51,2,58,38,0,38,96
02/20/2021,HKY,NC,ASO,ES,Federal Contract Tower,0,6,8,0,14,0,1,91,0,92,0,7,99,0,106,30,0,30,136
02/21/2021,HKY,NC,ASO,ES,Federal Contract Tower,0,9,8,0,17,0,9,46,0,55,0,18,54,0,72,14,0,14,86
02/22/2021,HKY,NC,ASO,ES,Federal Contract Tower,0,0,0,0,0,0,0,11,0,11,0,0,11,0,11,6,0,6,17
02/23/2021,HKY,NC,ASO,ES,Federal Contract Tower,0,6,6,0,12,0,5,30,0,35,0,11,36,0,47,2,0,2,49
02/24/2021,HKY,NC,ASO,ES,Federal Contract Tower,0,11,9,0,20,0,7,64,5,76,0,18,73,5,96,18,2,20,116
02/25/2021,HKY,NC,ASO,ES,Federal Contract Tower,0,9,4,0,13,0,3,90,3,96,0,12,94,3,109,38,0,38,147
02/26/2021,HKY,NC,ASO,ES,Federal Contract Tower,0,7,2,0,9,0,0,0,0,0,0,7,2,0,9,0,0,0,9
02/27/2021,HKY,NC,ASO,ES,Federal Contract Tower,0,4,8,0,12,0,4,0,0,4,0,8,8,0,16,0,0,0,16
02/28/2021,HKY,NC,ASO,ES,Federal Contract Tower,0,8,9,0,17,0,5,1,0,6,0,13,10,0,23,0,0,0,23
03/01/2021,HKY,NC,ASO,ES,Federal Contract Tower,1,8,2,0,11,0,4,10,0,14,1,12,12,0,25,20,2,22,47
03/02/2021,HKY,NC,ASO,ES,Federal Contract Tower,0,9,2,0,11,0,1,50,2,53,0,10,52,2,64,38,16,54,118
03/03/2021,HKY,NC,ASO,ES,Federal Contract Tower,0,7,7,0,14,0,4,39,0,43,0,11,46,0,57,64,0,64,121
03/04/2021,HKY,NC,ASO,ES,Federal Contract Tower,0,13,11,2,26,0,2,33,0,35,0,15,44,2,61,18,8,26,87
03/05/2021,HKY,NC,ASO,ES,Federal Contract Tower,0,7,11,2,20,0,7,39,0,46,0,14,50,2,66,32,0,32,98
03/06/2021,HKY,NC,ASO,ES,Federal Contract Tower,0,4,9,0,13,0,1,50,2,53,0,5,59,2,66,46,0,46,112
03/07/2021,HKY,NC,ASO,ES,Federal Contract Tower,1,2,8,0,11,0,5,49,4,58,1,7,57,4,69,56,0,56,125
03/08/2021,HKY,NC,ASO,ES,Federal Contract Tower,1,2,5,0,8,0,11,43,16,70,1,13,48,16,78,72,0,72,150
03/09/2021,HKY,NC,ASO,ES,Federal Contract Tower,1,7,2,0,10,0,0,37,4,41,1,7,39,4,51,62,0,62,113
03/10/2021,HKY,NC,ASO,ES,Federal Contract Tower,2,6,9,2,19,0,2,38,8,48,2,8,47,10,67,22,0,22,89
03/11/2021,HKY,NC,ASO,ES,Federal Contract Tower,0,8,11,2,21,0,5,24,5,34,0,13,35,7,55,32,2,34,89
03/12/2021,HKY,NC,ASO,ES,Federal Contract Tower,2,6,5,0,13,0,10,57,4,71,2,16,62,4,84,46,0,46,130
03/13/2021,HKY,NC,ASO,ES,Federal Contract Tower,0,6,8,0,14,0,2,109,0,111,0,8,117,0,125,16,0,16,141
03/14/2021,HKY,NC,ASO,ES,Federal Contract Tower,1,13,9,0,23,0,4,40,0,44,1,17,49,0,67,2,0,2,69
03/15/2021,HKY,NC,ASO,ES,Federal Contract Tower,0,8,5,0,13,0,6,44,2,52,0,14,49,2,65,60,0,60,125
03/16/2021,HKY,NC,ASO,ES,Federal Contract Tower,2,13,4,2,21,0,0,0,0,0,2,13,4,2,21,0,0,0,21
03/17/2021,HKY,NC,ASO,ES,Federal Contract Tower,1,5,2,0,8,0,0,3,0,3,1,5,5,0,11,0,0,0,11
03/18/2021,HKY,NC,ASO,ES,Federal Contract Tower,0,5,0,0,5,0,1,0,0,1,0,6,0,0,6,0,0,0,6
03/19/2021,HKY,NC,ASO,ES,Federal Contract Tower,0,13,6,0,19,0,6,3,0,9,0,19,9,0,28,0,0,0,28
03/20/2021,HKY,NC,ASO,ES,Federal Contract Tower,1,2,4,0,7,0,2,52,4,58,1,4,56,4,65,24,20,44,109
03/21/2021,HKY,NC,ASO,ES,Federal Contract Tower,0,7,7,0,14,0,1,21,0,22,0,8,28,0,36,14,0,14,50
03/22/2021,HKY,NC,ASO,ES,Federal Contract Tower,2,6,8,2,18,0,8,46,0,54,2,14,54,2,72,28,16,44,116
03/23/2021,HKY,NC,ASO,ES,Federal Contract Tower,1,20,11,0,32,0,4,32,0,36,1,24,43,0,68,74,0,74,142
03/24/2021,HKY,NC,ASO,ES,Federal Contract Tower,1,8,9,0,18,0,1,1,0,2,1,9,10,0,20,0,0,0,20
03/25/2021,HKY,NC,ASO,ES,Federal Contract Tower,1,13,1,0,15,0,0,0,0,0,1,13,1,0,15,0,0,0,15
03/26/2021,HKY,NC,ASO,ES,Federal Contract Tower,2,3,12,0,17,0,8,62,2,72,2,11,74,2,89,30,0,30,119
03/27/2021,HKY,NC,ASO,ES,Federal Contract Tower,1,11,8,0,20,0,7,32,0,39,1,18,40,0,59,2,0,2,61
03/28/2021,HKY,NC,ASO,ES,Federal Contract Tower,1,5,2,0,8,0,0,3,0,3,1,5,5,0,11,0,0,0,11
03/29/2021,HKY,NC,ASO,ES,Federal Contract Tower,1,10,9,0,20,0,0,106,2,108,1,10,115,2,128,34,0,34,162
03/30/2021,HKY,NC,ASO,ES,Federal Contract Tower,1,7,9,0,17,0,5,76,0,81,1,12,85,0,98,20,2,22,120
03/31/2021,HKY,NC,ASO,ES,Federal Contract Tower,2,6,0,0,8,0,0,0,0,0,2,6,0,0,8,0,0,0,8
04/01/2021,HKY,NC,ASO,ES,Federal Contract Tower,1,10,3,0,14,0,4,7,4,15,1,14,10,4,29,12,0,12,41
04/02/2021,HKY,NC,ASO,ES,Federal Contract Tower,1,5,11,0,17,0,2,32,0,34,1,7,43,0,51,30,0,30,81
04/03/2021,HKY,NC,ASO,ES,Federal Contract Tower,1,7,6,0,14,0,4,102,0,106,1,11,108,0,120,60,0,60,180
04/04/2021,HKY,NC,ASO,ES,Federal Contract Tower,0,2,6,0,8,0,3,37,0,40,0,5,43,0,48,2,0,2,50
04/05/2021,HKY,NC,ASO,ES,Federal Contract Tower,1,11,8,0,20,0,11,46,9,66,1,22,54,9,86,30,0,30,116
04/06/2021,HKY,NC,ASO,ES,Federal Contract Tower,1,2,13,0,16,0,3,36,0,39,1,5,49,0,55,32,0,32,87
04/07/2021,HKY,NC,ASO,ES,Federal Contract Tower,1,7,8,0,16,0,8,60,0,68,1,15,68,0,84,68,2,70,154
04/08/2021,HKY,NC,ASO,ES,Federal Contract Tower,1,4,6,0,11,0,6,25,0,31,1,10,31,0,42,6,0,6,48
04/09/2021,HKY,NC,ASO,ES,Federal Contract Tower,1,3,6,0,10,0,6,36,1,43,1,9,42,1,53,24,8,32,85
04/10/2021,HKY,NC,ASO,ES,Federal Contract Tower,1,4,0,0,5,0,0,3,0,3,1,4,3,0,8,0,0,0,8
04/11/2021,HKY,NC,ASO,ES,Federal Contract Tower,0,10,5,0,15,0,7,13,0,20,0,17,18,0,35,0,0,0,35
04/12/2021,HKY,NC,ASO,ES,Federal Contract Tower,1,5,8,0,14,0,15,31,0,46,1,20,39,0,60,4,0,4,64
04/13/2021,HKY,NC,ASO,ES,Federal Contract Tower,1,15,8,0,24,0,6,53,16,75,1,21,61,16,99,34,0,34,133
04/14/2021,HKY,NC,ASO,ES,Federal Contract Tower,1,13,3,0,17,0,2,55,0,57,1,15,58,0,74,24,0,24,98
04/15/2021,HKY,NC,ASO,ES,Federal Contract Tower,1,10,8,0,19,0,4,27,7,38,1,14,35,7,57,20,0,20,77
04/16/2021,HKY,NC,ASO,ES,Federal Contract Tower,1,5,10,0,16,0,0,76,3,79,1,5,86,3,95,36,0,36,131
04/17/2021,HKY,NC,ASO,ES,Federal Contract Tower,1,5,5,1,12,0,3,43,9,55,1,8,48,10,67,6,4,10,77
04/18/2021,HKY,NC,ASO,ES,Federal Contract Tower,0,7,4,0,11,0,0,50,3,53,0,7,54,3,64,14,0,14,78
04/19/2021,HKY,NC,ASO,ES,Federal Contract Tower,0,3,3,0,6,0,0,48,5,53,0,3,51,5,59,16,0,16,75
04/20/2021,HKY,NC,ASO,ES,Federal Contract Tower,0,3,5,2,10,0,1,25,4,30,0,4,30,6,40,4,0,4,44
04/21/2021,HKY,NC,ASO,ES,Federal Contract Tower,0,10,3,0,13,0,1,14,3,18,0,11,17,3,31,12,0,12,43
04/22/2021,HKY,NC,ASO,ES,Federal Contract Tower,0,11,1,0,12,0,8,26,5,39,0,19,27,5,51,44,0,44,95
04/23/2021,HKY,NC,ASO,ES,Federal Contract Tower,0,10,11,3,24,0,2,54,7,63,0,12,65,10,87,36,0,36,123
04/24/2021,HKY,NC,ASO,ES,Federal Contract Tower,0,2,3,0,5,0,0,0,0,0,0,2,3,0,5,0,0,0,5
04/25/2021,HKY,NC,ASO,ES,Federal Contract Tower,0,12,18,0,30,0,3,30,0,33,0,15,48,0,63,18,0,18,81
04/26/2021,HKY,NC,ASO,ES,Federal Contract Tower,0,16,7,0,23,0,2,89,3,94,0,18,96,3,117,18,0,18,135
04/27/2021,HKY,NC,ASO,ES,Federal Contract Tower,1,9,12,2,24,0,3,47,0,50,1,12,59,2,74,26,0,26,100
04/28/2021,HKY,NC,ASO,ES,Federal Contract Tower,1,6,9,2,18,0,8,46,0,54,1,14,55,2,72,24,0,24,96
04/29/2021,HKY,NC,ASO,ES,Federal Contract Tower,0,9,4,0,13,0,5,29,4,38,0,14,33,4,51,26,0,26,77
04/30/2021,HKY,NC,ASO,ES,Federal Contract Tower,0,9,5,0,14,0,1,17,5,23,0,10,22,5,37,2,2,4,41
05/01/2021,HKY,NC,ASO,ES,Federal Contract Tower,0,4,11,0,15,0,3,49,2,54,0,7,60,2,69,28,0,28,97
05/02/2021,HKY,NC,ASO,ES,Federal Contract Tower,0,2,11,0,13,0,6,37,4,47,0,8,48,4,60,20,0,20,80
05/03/2021,HKY,NC,ASO,ES,Federal Contract Tower,0,5,2,0,7,0,0,5,0,5,0,5,7,0,12,6,0,6,18
05/04/2021,HKY,NC,ASO,ES,Federal Contract Tower,0,10,2,0,12,0,0,2,0,2,0,10,4,0,14,0,0,0,14
05/05/2021,HKY,NC,ASO,ES,Federal Contract Tower,1,3,8,0,12,0,1,40,1,42,1,4,48,1,54,84,0,84,138
05/06/2021,HKY,NC,ASO,ES,Federal Contract Tower,0,2,13,0,15,0,8,69,2,79,0,10,82,2,94,76,0,76,170
05/07/2021,HKY,NC,ASO,ES,Federal Contract Tower,0,14,16,0,30,0,2,23,0,25,0,16,39,0,55,22,0,22,77
05/08/2021,HKY,NC,ASO,ES,Federal Contract Tower,0,2,8,0,10,0,4,67,1,72,0,6,75,1,82,0,0,0,82
05/09/2021,HKY,NC,ASO,ES,Federal Contract Tower,0,6,9,0,15,0,5,39,0,44,0,11,48,0,59,6,0,6,65
05/10/2021,HKY,NC,ASO,ES,Federal Contract Tower,0,3,7,0,10,0,7,33,2,42,0,10,40,2,52,8,0,8,60
05/11/2021,HKY,NC,ASO,ES,Federal Contract Tower,0,11,4,2,17,0,6,48,3,57,0,17,52,5,74,16,6,22,96
05/12/2021,HKY,NC,ASO,ES,Federal Contract Tower,0,13,1,0,14,0,0,0,0,0,0,13,1,0,14,14,0,14,28
05/13/2021,HKY,NC,ASO,ES,Federal Contract Tower,0,7,8,0,15,0,5,56,1,62,0,12,64,1,77,46,0,46,123
05/14/2021,HKY,NC,ASO,ES,Federal Contract Tower,0,6,6,0,12,0,3,65,1,69,0,9,71,1,81,40,0,40,121
05/15/2021,HKY,NC,ASO,ES,Federal Contract Tower,0,3,8,0,11,0,1,37,0,38,0,4,45,0,49,4,0,4,53
05/16/2021,HKY,NC,ASO,ES,Federal Contract Tower,0,8,9,0,17,0,4,26,0,30,0,12,35,0,47,8,0,8,55
05/17/2021,HKY,NC,ASO,ES,Federal Contract Tower,1,9,6,0,16,0,2,20,6,28,1,11,26,6,44,14,0,14,58
05/18/2021,HKY,NC,ASO,ES,Federal Contract Tower,0,8,12,0,20,0,6,51,3,60,0,14,63,3,80,22,0,22,102
05/19/2021,HKY,NC,ASO,ES,Federal Contract Tower,0,16,16,0,32,0,3,47,0,50,0,19,63,0,82,28,0,28,110
05/20/2021,HKY,NC,ASO,ES,Federal Contract Tower,0,8,2,0,10,0,1,71,4,76,0,9,73,4,86,20,0,20,106
05/21/2021,HKY,NC,ASO,ES,Federal Contract Tower,0,9,3,0,12,0,7,53,7,67,0,16,56,7,79,10,0,10,89
05/22/2021,HKY,NC,ASO,ES,Federal Contract Tower,0,9,7,0,16,0,4,82,5,91,0,13,89,5,107,44,0,44,151
05/23/2021,HKY,NC,ASO,ES,Federal Contract Tower,0,13,7,0,20,0,1,33,3,37,0,14,40,3,57,0,0,0,57
05/24/2021,HKY,NC,ASO,ES,Federal Contract Tower,0,1,10,0,11,0,11,35,1,47,0,12,45,1,58,16,0,16,74
05/25/2021,HKY,NC,ASO,ES,Federal Contract Tower,0,9,8,0,17,0,9,40,4,53,0,18,48,4,70,58,0,58,128
05/26/2021,HKY,NC,ASO,ES,Federal Contract Tower,0,11,2,0,13,0,2,39,2,43,0,13,41,2,56,26,0,26,82
05/27/2021,HKY,NC,ASO,ES,Federal Contract Tower,1,7,10,0,18,0,3,69,0,72,1,10,79,0,90,26,0,26,116
05/28/2021,HKY,NC,ASO,ES,Federal Contract Tower,1,17,10,0,28,0,1,36,0,37,1,18,46,0,65,14,0,14,79
05/29/2021,HKY,NC,ASO,ES,Federal Contract Tower,0,6,4,0,10,0,5,4,0,9,0,11,8,0,19,2,0,2,21
05/30/2021,HKY,NC,ASO,ES,Federal Contract Tower,2,4,2,0,8,0,0,5,0,5,2,4,7,0,13,0,0,0,13
05/31/2021,HKY,NC,ASO,ES,Federal Contract Tower,0,6,7,0,13,0,3,43,2,48,0,9,50,2,61,30,0,30,91
06/01/2021,HKY,NC,ASO,ES,Federal Contract Tower,0,4,2,0,6,0,4,43,4,51,0,8,45,4,57,34,0,34,91
06/02/2021,HKY,NC,ASO,ES,Federal Contract Tower,0,4,20,0,24,0,4,34,0,38,0,8,54,0,62,54,0,54,116
06/03/2021,HKY,NC,ASO,ES,Federal Contract Tower,0,6,5,1,12,0,0,25,2,27,0,6,30,3,39,28,8,36,75
06/04/2021,HKY,NC,ASO,ES,Federal Contract Tower,0,8,16,0,24,0,6,39,7,52,0,14,55,7,76,14,0,14,90
06/05/2021,HKY,NC,ASO,ES,Federal Contract Tower,1,4,8,2,15,0,10,79,0,89,1,14,87,2,104,34,0,34,138
06/06/2021,HKY,NC,ASO,ES,Federal Contract Tower,0,6,11,0,17,0,4,10,2,16,0,10,21,2,33,30,0,30,63
06/07/2021,HKY,NC,ASO,ES,Federal Contract Tower,0,7,12,0,19,0,0,1,2,3,0,7,13,2,22,18,0,18,40
06/08/2021,HKY,NC,ASO,ES,Federal Contract Tower,0,5,6,0,11,0,7,1,0,8,0,12,7,0,19,0,0,0,19
06/09/2021,HKY,NC,ASO,ES,Federal Contract Tower,1,10,5,0,16,0,0,17,2,19,1,10,22,2,35,56,0,56,91
06/10/2021,HKY,NC,ASO,ES,Federal Contract Tower,0,13,5,0,18,0,1,17,2,20,0,14,22,2,38,32,0,32,70
06/11/2021,HKY,NC,ASO,ES,Federal Contract Tower,0,10,9,0,19,0,2,9,0,11,0,12,18,0,30,2,0,2,32
06/12/2021,HKY,NC,ASO,ES,Federal Contract Tower,0,7,13,0,20,0,1,33,0,34,0,8,46,0,54,0,0,0,54
06/13/2021,HKY,NC,ASO,ES,Federal Contract Tower,0,10,12,0,22,0,4,22,0,26,0,14,34,0,48,12,0,12,60
06/14/2021,HKY,NC,ASO,ES,Federal Contract Tower,1,11,11,0,23,0,4,47,2,53,1,15,58,2,76,38,0,38,114
06/15/2021,HKY,NC,ASO,ES,Federal Contract Tower,0,7,8,2,17,0,2,43,14,59,0,9,51,16,76,26,0,26,102
06/16/2021,HKY,NC,ASO,ES,Federal Contract Tower,0,8,10,2,20,0,4,79,0,83,0,12,89,2,103,72,8,80,183
06/17/2021,HKY,NC,ASO,ES,Federal Contract Tower,0,12,9,0,21,0,8,63,1,72,0,20,72,1,93,16,0,16,109
06/18/2021,HKY,NC,ASO,ES,Federal Contract Tower,0,8,18,0,26,0,6,59,0,65,0,14,77,0,91,36,0,36,127
06/19/2021,HKY,NC,ASO,ES,Federal Contract Tower,1,2,18,0,21,0,2,44,2,48,1,4,62,2,69,20,0,20,89
06/20/2021,HKY,NC,ASO,ES,Federal Contract Tower,2,2,3,0,7,0,2,2,0,4,2,4,5,0,11,0,0,0,11
06/21/2021,HKY,NC,ASO,ES,Federal Contract Tower,1,16,8,0,25,0,3,56,0,59,1,19,64,0,84,12,0,12,96
06/22/2021,HKY,NC,ASO,ES,Federal Contract Tower,0,11,2,0,13,0,5,9,0,14,0,16,11,0,27,0,0,0,27
06/23/2021,HKY,NC,ASO,ES,Federal Contract Tower,1,16,4,2,23,0,8,78,1,87,1,24,82,3,110,38,2,40,150
06/24/2021,HKY,NC,ASO,ES,Federal Contract Tower,0,10,15,0,25,0,2,52,2,56,0,12,67,2,81,44,0,44,125
06/25/2021,HKY,NC,ASO,ES,Federal Contract Tower,0,11,16,0,27,0,0,88,2,90,0,11,104,2,117,18,0,18,135
06/26/2021,HKY,NC,ASO,ES,Federal Contract Tower,0,3,10,0,13,0,1,28,2,31,0,4,38,2,44,14,0,14,58
06/27/2021,HKY,NC,ASO,ES,Federal Contract Tower,0,9,10,0,19,0,5,21,0,26,0,14,31,0,45,16,0,16,61
06/28/2021,HKY,NC,ASO,ES,Federal Contract Tower,0,16,10,0,26,0,5,39,9,53,0,21,49,9,79,30,0,30,109
06/29/2021,HKY,NC,ASO,ES,Federal Contract Tower,1,7,8,0,16,0,5,13,0,18,1,12,21,0,34,0,0,0,34
06/30/2021,HKY,NC,ASO,ES,Federal Contract Tower,0,10,14,0,24,0,2,58,8,68,0,12,72,8,92,34,0,34,126
07/01/2021,HKY,NC,ASO,ES,Federal Contract Tower,0,11,10,0,21,0,3,59,2,64,0,14,69,2,85,34,0,34,119
07/02/2021,HKY,NC,ASO,ES,Federal Contract Tower,0,8,5,0,13,0,1,16,0,17,0,9,21,0,30,22,0,22,52
07/03/2021,HKY,NC,ASO,ES,Federal Contract Tower,0,6,10,0,16,0,1,49,0,50,0,7,59,0,66,24,0,24,90
07/04/2021,HKY,NC,ASO,ES,Federal Contract Tower,0,9,2,0,11,0,5,21,0,26,0,14,23,0,37,6,0,6,43
07/05/2021,HKY,NC,ASO,ES,Federal Contract Tower,0,10,12,0,22,0,7,49,0,56,0,17,61,0,78,36,0,36,114
07/06/2021,HKY,NC,ASO,ES,Federal Contract Tower,0,3,3,0,6,0,6,62,1,69,0,9,65,1,75,20,0,20,95
07/07/2021,HKY,NC,ASO,ES,Federal Contract Tower,1,5,11,0,17,0,0,55,0,55,1,5,66,0,72,56,0,56,128
07/08/2021,HKY,NC,ASO,ES,Federal Contract Tower,1,7,2,0,10,0,2,16,0,18,1,9,18,0,28,0,0,0,28
07/09/2021,HKY,NC,ASO,ES,Federal Contract Tower,0,11,16,0,27,0,2,23,7,32,0,13,39,7,59,34,16,50,109
07/10/2021,HKY,NC,ASO,ES,Federal Contract Tower,0,1,7,0,8,0,2,98,0,100,0,3,105,0,108,10,2,12,120
07/11/2021,HKY,NC,ASO,ES,Federal Contract Tower,0,12,8,0,20,0,3,13,1,17,0,15,21,1,37,0,0,0,37
07/12/2021,HKY,NC,ASO,ES,Federal Contract Tower,0,9,12,0,21,0,13,18,3,34,0,22,30,3,55,20,4,24,79
07/13/2021,HKY,NC,ASO,ES,Federal Contract Tower,0,10,8,0,18,0,4,44,2,50,0,14,52,2,68,68,0,68,136
07/14/2021,HKY,NC,ASO,ES,Federal Contract Tower,0,4,16,0,20,0,3,33,1,37,0,7,49,1,57,20,6,26,83
07/15/2021,HKY,NC,ASO,ES,Federal Contract Tower,0,25,7,2,34,0,2,54,0,56,0,27,61,2,90,28,0,28,118
07/16/2021,HKY,NC,ASO,ES,Federal Contract Tower,1,8,18,0,27,0,1,66,2,69,1,9,84,2,96,22,0,22,118
07/17/2021,HKY,NC,ASO,ES,Federal Contract Tower,0,5,7,0,12,0,5,52,0,57,0,10,59,0,69,18,0,18,87
07/18/2021,HKY,NC,ASO,ES,Federal Contract Tower,0,10,11,0,21,0,1,40,0,41,0,11,51,0,62,22,0,22,84
07/19/2021,HKY,NC,ASO,ES,Federal Contract Tower,3,12,7,0,22,0,2,0,0,2,3,14,7,0,24,0,0,0,24
07/20/2021,HKY,NC,ASO,ES,Federal Contract Tower,1,8,7,2,18,0,5,50,0,55,1,13,57,2,73,12,0,12,85
07/21/2021,HKY,NC,ASO,ES,Federal Contract Tower,0,7,10,3,20,0,5,39,1,45,0,12,49,4,65,56,6,62,127
07/22/2021,HKY,NC,ASO,ES,Federal Contract Tower,1,8,12,0,21,0,13,53,2,68,1,21,65,2,89,34,0,34,123
07/23/2021,HKY,NC,ASO,ES,Federal Contract Tower,0,8,29,0,37,0,0,57,0,57,0,8,86,0,94,48,0,48,142
07/24/2021,HKY,NC,ASO,ES,Federal Contract Tower,0,5,20,1,26,0,1,8,0,9,0,6,28,1,35,0,0,0,35
07/25/2021,HKY,NC,ASO,ES,Federal Contract Tower,0,8,16,0,24,0,0,24,0,24,0,8,40,0,48,52,0,52,100
07/26/2021,HKY,NC,ASO,ES,Federal Contract Tower,1,12,10,0,23,0,2,32,0,34,1,14,42,0,57,34,0,34,91
07/27/2021,HKY,NC,ASO,ES,Federal Contract Tower,1,3,4,1,9,0,0,13,6,19,1,3,17,7,28,2,0,2,30
07/28/2021,HKY,NC,ASO,ES,Federal Contract Tower,0,8,4,0,12,0,3,93,4,100,0,11,97,4,112,34,0,34,146
07/29/2021,HKY,NC,ASO,ES,Federal Contract Tower,0,9,7,0,16,0,3,41,6,50,0,12,48,6,66,20,0,20,86
07/30/2021,HKY,NC,ASO,ES,Federal Contract Tower,0,11,10,0,21,0,4,34,0,38,0,15,44,0,59,8,0,8,67
07/31/2021,HKY,NC,ASO,ES,Federal Contract Tower,0,6,11,1,18,0,5,47,1,53,0,11,58,2,71,16,0,16,87
08/01/2021,HKY,NC,ASO,ES,Federal Contract Tower,0,14,6,0,20,0,3,21,0,24,0,17,27,0,44,12,0,12,56
08/02/2021,HKY,NC,ASO,ES,Federal Contract Tower,0,14,10,0,24,0,1,43,1,45,0,15,53,1,69,44,2,46,115
08/03/2021,HKY,NC,ASO,ES,Federal Contract Tower,0,11,2,4,17,0,4,7,0,11,0,15,9,4,28,0,0,0,28
08/04/2021,HKY,NC,ASO,ES,Federal Contract Tower,0,14,8,0,22,0,7,16,2,25,0,21,24,2,47,20,0,20,67
08/05/2021,HKY,NC,ASO,ES,Federal Contract Tower,0,16,7,2,25,0,5,66,3,74,0,21,73,5,99,94,0,94,193
08/06/2021,HKY,NC,ASO,ES,Federal Contract Tower,0,5,9,0,14,0,5,70,4,79,0,10,79,4,93,54,0,54,147
08/07/2021,HKY,NC,ASO,ES,Federal Contract Tower,0,5,2,0,7,0,3,10,0,13,0,8,12,0,20,0,0,0,20
08/08/2021,HKY,NC,ASO,ES,Federal Contract Tower,0,9,10,0,19,0,4,23,0,27,0,13,33,0,46,10,0,10,56
08/09/2021,HKY,NC,ASO,ES,Federal Contract Tower,0,10,5,0,15,0,0,31,2,33,0,10,36,2,48,36,0,36,84
08/10/2021,HKY,NC,ASO,ES,Federal Contract Tower,1,7,10,1,19,0,4,21,2,27,1,11,31,3,46,44,0,44,90
08/11/2021,HKY,NC,ASO,ES,Federal Contract Tower,0,14,3,0,17,0,5,31,3,39,0,19,34,3,56,18,0,18,74
08/12/2021,HKY,NC,ASO,ES,Federal Contract Tower,0,12,14,0,26,0,4,64,1,69,0,16,78,1,95,14,0,14,109
08/13/2021,HKY,NC,ASO,ES,Federal Contract Tower,0,1,7,0,8,0,3,60,2,65,0,4,67,2,73,44,2,46,119
08/14/2021,HKY,NC,ASO,ES,Federal Contract Tower,0,8,10,0,18,0,0,75,0,75,0,8,85,0,93,20,0,20,113
08/15/2021,HKY,NC,ASO,ES,Federal Contract Tower,0,7,10,0,17,0,1,8,0,9,0,8,18,0,26,6,0,6,32
08/16/2021,HKY,NC,ASO,ES,Federal Contract Tower,0,6,2,0,8,0,2,3,0,5,0,8,5,0,13,0,0,0,13
08/17/2021,HKY,NC,ASO,ES,Federal Contract Tower,0,6,3,0,9,0,0,0,0,0,0,6,3,0,9,0,0,0,9
08/18/2021,HKY,NC,ASO,ES,Federal Contract Tower,2,22,9,0,33,0,3,18,0,21,2,25,27,0,54,30,0,30,84
08/19/2021,HKY,NC,ASO,ES,Federal Contract Tower,0,5,2,0,7,0,1,49,3,53,0,6,51,3,60,28,0,28,88
08/20/2021,HKY,NC,ASO,ES,Federal Contract Tower,0,9,6,4,19,0,0,35,2,37,0,9,41,6,56,26,0,26,82
08/21/2021,HKY,NC,ASO,ES,Federal Contract Tower,0,7,5,0,12,0,2,59,0,61,0,9,64,0,73,14,0,14,87
08/22/2021,HKY,NC,ASO,ES,Federal Contract Tower,0,7,10,0,17,0,2,29,1,32,0,9,39,1,49,8,0,8,57
08/23/2021,HKY,NC,ASO,ES,Federal Contract Tower,0,6,5,0,11,0,1,43,3,47,0,7,48,3,58,28,0,28,86
08/24/2021,HKY,NC,ASO,ES,Federal Contract Tower,0,7,4,0,11,0,0,35,0,35,0,7,39,0,46,28,0,28,74
08/25/2021,HKY,NC,ASO,ES,Federal Contract Tower,0,7,11,0,18,0,2,64,4,70,0,9,75,4,88,48,0,48,136
08/26/2021,HKY,NC,ASO,ES,Federal Contract Tower,0,9,11,0,20,0,4,21,7,32,0,13,32,7,52,17,0,17,69
08/27/2021,HKY,NC,ASO,ES,Federal Contract Tower,0,6,9,2,17,0,4,47,2,53,0,10,56,4,70,24,0,24,94
08/28/2021,HKY,NC,ASO,ES,Federal Contract Tower,0,6,7,0,13,0,5,60,0,65,0,11,67,0,78,22,2,24,102
08/29/2021,HKY,NC,ASO,ES,Federal Contract Tower,1,3,14,0,18,0,7,57,0,64,1,10,71,0,82,28,0,28,110
08/30/2021,HKY,NC,ASO,ES,Federal Contract Tower,0,5,13,2,20,0,6,27,0,33,0,11,40,2,53,44,0,44,97
08/31/2021,HKY,NC,ASO,ES,Federal Contract Tower,1,19,5,0,25,0,5,13,3,21,1,24,18,3,46,0,0,0,46
09/01/2021,HKY,NC,ASO,ES,Federal Contract Tower,0,10,3,0,13,0,1,5,0,6,0,11,8,0,19,0,0,0,19
09/02/2021,HKY,NC,ASO,ES,Federal Contract Tower,0,13,11,0,24,0,1,35,0,36,0,14,46,0,60,12,0,12,72
09/03/2021,HKY,NC,ASO,ES,Federal Contract Tower,0,9,10,0,19,0,8,65,0,73,0,17,75,0,92,54,0,54,146
09/04/2021,HKY,NC,ASO,ES,Federal Contract Tower,0,2,13,0,15,0,2,49,0,51,0,4,62,0,66,36,0,36,102
09/05/2021,HKY,NC,ASO,ES,Federal Contract Tower,0,6,11,0,17,0,0,44,0,44,0,6,55,0,61,22,0,22,83
09/06/2021,HKY,NC,ASO,ES,Federal Contract Tower,0,13,7,0,20,0,4,44,0,48,0,17,51,0,68,32,0,32,100
09/07/2021,HKY,NC,ASO,ES,Federal Contract Tower,1,7,14,0,22,0,2,48,0,50,1,9,62,0,72,22,0,22,94
09/08/2021,HKY,NC,ASO,ES,Federal Contract Tower,1,17,7,0,25,0,0,0,0,0,1,17,7,0,25,4,6,10,35
09/09/2021,HKY,NC,ASO,ES,Federal Contract Tower,0,19,9,2,30,0,6,30,4,40,0,25,39,6,70,42,0,42,112
09/10/2021,HKY,NC,ASO,ES,Federal Contract Tower,2,8,12,0,22,0,9,81,3,93,2,17,93,3,115,38,8,46,161
09/11/2021,HKY,NC,ASO,ES,Federal Contract Tower,1,6,11,0,18,0,4,86,0,90,1,10,97,0,108,20,0,20,128
09/12/2021,HKY,NC,ASO,ES,Federal Contract Tower,0,7,8,0,15,0,7,39,0,46,0,14,47,0,61,18,0,18,79
09/13/2021,HKY,NC,ASO,ES,Federal Contract Tower,1,11,4,0,16,0,4,22,0,26,1,15,26,0,42,8,0,8,50
09/14/2021,HKY,NC,ASO,ES,Federal Contract Tower,1,8,6,4,19,0,6,28,2,36,1,14,34,6,55,24,0,24,79
09/15/2021,HKY,NC,ASO,ES,Federal Contract Tower,0,5,4,10,19,0,3,36,0,39,0,8,40,10,58,56,0,56,114
09/16/2021,HKY,NC,ASO,ES,Federal Contract Tower,1,2,9,0,12,0,5,7,0,12,1,7,16,0,24,0,0,0,24
09/17/2021,HKY,NC,ASO,ES,Federal Contract Tower,1,7,13,0,21,0,0,7,0,7,1,7,20,0,28,0,0,0,28
09/18/2021,HKY,NC,ASO,ES,Federal Contract Tower,0,4,15,4,23,0,1,19,3,23,0,5,34,7,46,16,0,16,62
09/19/2021,HKY,NC,ASO,ES,Federal Contract Tower,0,11,10,0,21,0,7,14,0,21,0,18,24,0,42,24,0,24,66
09/20/2021,HKY,NC,ASO,ES,Federal Contract Tower,0,7,14,0,21,0,5,7,1,13,0,12,21,1,34,32,4,36,70
09/21/2021,HKY,NC,ASO,ES,Federal Contract Tower,1,3,1,0,5,0,0,0,0,0,1,3,1,0,5,0,0,0,5
09/22/2021,HKY,NC,ASO,ES,Federal Contract Tower,0,11,4,0,15,0,9,5,0,14,0,20,9,0,29,0,0,0,29
09/23/2021,HKY,NC,ASO,ES,Federal Contract Tower,1,5,9,6,21,0,6,45,4,55,1,11,54,10,76,22,8,30,106
09/24/2021,HKY,NC,ASO,ES,Federal Contract Tower,0,8,8,0,16,0,13,80,0,93,0,21,88,0,109,56,0,56,165
09/25/2021,HKY,NC,ASO,ES,Federal Contract Tower,0,5,6,0,11,0,6,101,6,113,0,11,107,6,124,4,0,4,128
09/26/2021,HKY,NC,ASO,ES,Federal Contract Tower,0,5,16,0,21,0,2,42,0,44,0,7,58,0,65,10,0,10,75
09/27/2021,HKY,NC,ASO,ES,Federal Contract Tower,0,12,4,0,16,0,2,42,0,44,0,14,46,0,60,36,0,36,96
09/28/2021,HKY,NC,ASO,ES,Federal Contract Tower,0,9,6,0,15,0,10,44,0,54,0,19,50,0,69,28,0,28,97
09/29/2021,HKY,NC,ASO,ES,Federal Contract Tower,0,7,5,1,13,0,4,57,1,62,0,11,62,2,75,22,0,22,97
09/30/2021,HKY,NC,ASO,ES,Federal Contract Tower,0,14,12,0,26,0,2,21,6,29,0,16,33,6,55,26,0,26,81
10/01/2021,HKY,NC,ASO,ES,Federal Contract Tower,0,2,13,2,17,0,1,62,0,63,0,3,75,2,80,28,6,34,114
10/02/2021,HKY,NC,ASO,ES,Federal Contract Tower,0,2,13,0,15,0,0,48,0,48,0,2,61,0,63,36,0,36,99
10/03/2021,HKY,NC,ASO,ES,Federal Contract Tower,0,13,14,0,27,0,8,23,0,31,0,21,37,0,58,10,0,10,68
10/04/2021,HKY,NC,ASO,ES,Federal Contract Tower,0,15,12,1,28,0,5,7,1,13,0,20,19,2,41,0,0,0,41
10/05/2021,HKY,NC,ASO,ES,Federal Contract Tower,0,10,12,0,22,0,2,4,0,6,0,12,16,0,28,12,0,12,40
10/06/2021,HKY,NC,ASO,ES,Federal Contract Tower,0,9,5,0,14,0,2,2,0,4,0,11,7,0,18,0,0,0,18
10/07/2021,HKY,NC,ASO,ES,Federal Contract Tower,0,16,5,0,21,0,0,0,0,0,0,16,5,0,21,0,0,0,21
10/08/2021,HKY,NC,ASO,ES,Federal Contract Tower,0,9,3,0,12,0,0,1,0,1,0,9,4,0,13,0,0,0,13
10/09/2021,HKY,NC,ASO,ES,Federal Contract Tower,0,6,13,0,19,0,3,11,0,14,0,9,24,0,33,6,0,6,39
10/10/2021,HKY,NC,ASO,ES,Federal Contract Tower,0,7,9,0,16,0,1,51,0,52,0,8,60,0,68,30,0,30,98
10/11/2021,HKY,NC,ASO,ES,Federal Contract Tower,2,16,27,0,45,0,0,36,2,38,2,16,63,2,83,28,0,28,111
10/12/2021,HKY,NC,ASO,ES,Federal Contract Tower,1,11,6,0,18,0,4,75,11,90,1,15,81,11,108,10,20,30,138
10/13/2021,HKY,NC,ASO,ES,Federal Contract Tower,0,8,5,0,13,0,4,39,2,45,0,12,44,2,58,22,2,24,82
10/14/2021,HKY,NC,ASO,ES,Federal Contract Tower,0,16,11,1,28,0,2,61,2,65,0,18,72,3,93,26,0,26,119
10/15/2021,HKY,NC,ASO,ES,Federal Contract Tower,0,6,15,3,24,0,1,64,1,66,0,7,79,4,90,20,0,20,110
10/16/2021,HKY,NC,ASO,ES,Federal Contract Tower,0,7,10,0,17,0,1,10,0,11,0,8,20,0,28,0,0,0,28
10/17/2021,HKY,NC,ASO,ES,Federal Contract Tower,0,6,11,0,17,0,3,26,0,29,0,9,37,0,46,6,0,6,52
10/18/2021,HKY,NC,ASO,ES,Federal Contract Tower,1,4,11,0,16,0,7,74,2,83,1,11,85,2,99,22,0,22,121
10/19/2021,HKY,NC,ASO,ES,Federal Contract Tower,0,6,9,0,15,0,4,69,4,77,0,10,78,4,92,42,10,52,144
10/20/2021,HKY,NC,ASO,ES,Federal Contract Tower,2,16,13,0,31,0,2,66,0,68,2,18,79,0,99,32,0,32,131
10/21/2021,HKY,NC,ASO,ES,Federal Contract Tower,1,12,5,0,18,0,1,50,0,51,1,13,55,0,69,26,0,26,95
10/22/2021,HKY,NC,ASO,ES,Federal Contract Tower,0,12,25,0,37,0,6,49,0,55,0,18,74,0,92,16,0,16,108
10/23/2021,HKY,NC,ASO,ES,Federal Contract Tower,1,6,24,0,31,0,2,79,0,81,1,8,103,0,112,8,0,8,120
10/24/2021,HKY,NC,ASO,ES,Federal Contract Tower,2,4,6,0,12,0,5,49,2,56,2,9,55,2,68,16,0,16,84
10/25/2021,HKY,NC,ASO,ES,Federal Contract Tower,0,13,5,0,18,0,1,27,13,41,0,14,32,13,59,6,0,6,65
10/26/2021,HKY,NC,ASO,ES,Federal Contract Tower,0,9,4,2,15,0,6,9,3,18,0,15,13,5,33,0,0,0,33
10/27/2021,HKY,NC,ASO,ES,Federal Contract Tower,0,15,9,0,24,0,4,86,0,90,0,19,95,0,114,16,0,16,130
10/28/2021,HKY,NC,ASO,ES,Federal Contract Tower,2,22,4,0,28,0,0,16,1,17,2,22,20,1,45,24,0,24,69
10/29/2021,HKY,NC,ASO,ES,Federal Contract Tower,0,12,16,0,28,0,1,20,0,21,0,13,36,0,49,12,0,12,61
10/30/2021,HKY,NC,ASO,ES,Federal Contract Tower,0,13,9,0,22,0,2,13,2,17,0,15,22,2,39,4,0,4,43
10/31/2021,HKY,NC,ASO,ES,Federal Contract Tower,0,4,7,0,11,0,5,42,0,47,0,9,49,0,58,22,0,22,80
11/01/2021,HKY,NC,ASO,ES,Federal Contract Tower,0,5,11,1,17,0,4,63,6,73,0,9,74,7,90,68,0,68,158
11/02/2021,HKY,NC,ASO,ES,Federal Contract Tower,0,5,10,2,17,0,9,49,1,59,0,14,59,3,76,50,0,50,126
11/03/2021,HKY,NC,ASO,ES,Federal Contract Tower,0,7,2,0,9,0,1,57,1,59,0,8,59,1,68,28,0,28,96
11/04/2021,HKY,NC,ASO,ES,Federal Contract Tower,0,4,3,0,7,0,1,3,2,6,0,5,6,2,13,0,0,0,13
11/05/2021,HKY,NC,ASO,ES,Federal Contract Tower,2,6,6,0,14,0,6,56,0,62,2,12,62,0,76,12,0,12,88
11/06/2021,HKY,NC,ASO,ES,Federal Contract Tower,2,5,6,0,13,0,2,46,0,48,2,7,52,0,61,0,0,0,61
11/07/2021,HKY,NC,ASO,ES,Federal Contract Tower,0,4,10,0,14,0,5,46,0,51,0,9,56,0,65,28,0,28,93
11/08/2021,HKY,NC,ASO,ES,Federal Contract Tower,0,7,10,0,17,0,6,50,4,60,0,13,60,4,77,12,0,12,89
11/09/2021,HKY,NC,ASO,ES,Federal Contract Tower,0,11,5,2,18,0,5,55,4,64,0,16,60,6,82,16,4,20,102
11/10/2021,HKY,NC,ASO,ES,Federal Contract Tower,0,10,4,0,14,0,4,71,11,86,0,14,75,11,100,24,0,24,124
11/11/2021,HKY,NC,ASO,ES,Federal Contract Tower,2,17,4,1,24,0,3,17,2,22,2,20,21,3,46,40,0,40,86
11/12/2021,HKY,NC,ASO,ES,Federal Contract Tower,0,6,6,0,12,0,1,58,5,64,0,7,64,5,76,78,0,78,154
11/13/2021,HKY,NC,ASO,ES,Federal Contract Tower,0,7,3,0,10,0,2,67,1,70,0,9,70,1,80,2,0,2,82
11/14/2021,HKY,NC,ASO,ES,Federal Contract Tower,0,5,7,0,12,0,4,50,2,56,0,9,57,2,68,28,0,28,96
11/15/2021,HKY,NC,ASO,ES,Federal Contract Tower,0,12,6,0,18,0,2,28,3,33,0,14,34,3,51,38,0,38,89
11/16/2021,HKY,NC,ASO,ES,Federal Contract Tower,0,10,15,0,25,0,6,45,0,51,0,16,60,0,76,22,0,22,98
11/17/2021,HKY,NC,ASO,ES,Federal Contract Tower,0,19,10,0,29,0,1,59,0,60,0,20,69,0,89,34,0,34,123
11/18/2021,HKY,NC,ASO,ES,Federal Contract Tower,0,11,9,0,20,0,3,27,3,33,0,14,36,3,53,34,0,34,87
11/19/2021,HKY,NC,ASO,ES,Federal Contract Tower,2,21,6,0,29,0,5,47,8,60,2,26,53,8,89,12,0,12,101
11/20/2021,HKY,NC,ASO,ES,Federal Contract Tower,0,3,6,0,9,0,4,69,2,75,0,7,75,2,84,28,0,28,112
11/21/2021,HKY,NC,ASO,ES,Federal Contract Tower,0,4,8,0,12,0,7,59,0,66,0,11,67,0,78,36,0,36,114
11/22/2021,HKY,NC,ASO,ES,Federal Contract Tower,0,8,13,2,23,0,7,20,4,31,0,15,33,6,54,8,4,12,66
11/23/2021,HKY,NC,ASO,ES,Federal Contract Tower,0,11,13,0,24,0,5,55,0,60,0,16,68,0,84,24,0,24,108
11/24/2021,HKY,NC,ASO,ES,Federal Contract Tower,0,8,15,0,23,0,4,32,0,36,0,12,47,0,59,28,0,28,87
11/25/2021,HKY,NC,ASO,ES,Federal Contract Tower,0,2,6,0,8,0,4,22,0,26,0,6,28,0,34,2,0,2,36
11/26/2021,HKY,NC,ASO,ES,Federal Contract Tower,0,7,6,0,13,0,5,20,2,27,0,12,26,2,40,0,0,0,40
11/27/2021,HKY,NC,ASO,ES,Federal Contract Tower,0,3,7,0,10,0,2,64,7,73,0,5,71,7,83,8,0,8,91
11/28/2021,HKY,NC,ASO,ES,Federal Contract Tower,0,11,11,0,22,0,6,49,6,61,0,17,60,6,83,24,0,24,107
11/29/2021,HKY,NC,ASO,ES,Federal Contract Tower,0,8,3,0,11,2,0,72,7,81,2,8,75,7,92,16,0,16,108
11/30/2021,HKY,NC,ASO,ES,Federal Contract Tower,0,6,5,0,11,0,4,38,8,50,0,10,43,8,61,50,0,50,111
12/01/2021,HKY,NC,ASO,ES,Federal Contract Tower,0,5,13,2,20,0,3,70,8,81,0,8,83,10,101,40,0,40,141
12/02/2021,HKY,NC,ASO,ES,Federal Contract Tower,0,12,6,0,18,0,7,25,4,36,0,19,31,4,54,10,0,10,64
12/03/2021,HKY,NC,ASO,ES,Federal Contract Tower,0,7,7,0,14,0,8,55,4,67,0,15,62,4,81,60,0,60,141
12/04/2021,HKY,NC,ASO,ES,Federal Contract Tower,0,0,13,0,13,0,7,73,18,98,0,7,86,18,111,36,0,36,147
12/05/2021,HKY,NC,ASO,ES,Federal Contract Tower,0,6,13,0,19,0,1,15,2,18,0,7,28,2,37,18,0,18,55
12/06/2021,HKY,NC,ASO,ES,Federal Contract Tower,0,17,0,0,17,0,13,6,0,19,0,30,6,0,36,2,0,2,38
12/07/2021,HKY,NC,ASO,ES,Federal Contract Tower,0,12,9,0,21,0,1,45,2,48,0,13,54,2,69,28,0,28,97
12/08/2021,HKY,NC,ASO,ES,Federal Contract Tower,0,6,7,0,13,0,3,33,0,36,0,9,40,0,49,34,6,40,89
12/09/2021,HKY,NC,ASO,ES,Federal Contract Tower,0,7,9,3,19,0,4,61,3,68,0,11,70,6,87,24,0,24,111
12/10/2021,HKY,NC,ASO,ES,Federal Contract Tower,3,8,6,2,19,0,0,0,0,0,3,8,6,2,19,0,0,0,19
12/11/2021,HKY,NC,ASO,ES,Federal Contract Tower,2,1,0,0,3,0,0,0,0,0,2,1,0,0,3,0,0,0,3
12/12/2021,HKY,NC,ASO,ES,Federal Contract Tower,0,7,8,0,15,0,1,52,8,61,0,8,60,8,76,42,0,42,118
12/13/2021,HKY,NC,ASO,ES,Federal Contract Tower,0,7,6,4,17,0,8,31,1,40,0,15,37,5,57,36,6,42,99
12/14/2021,HKY,NC,ASO,ES,Federal Contract Tower,0,6,14,0,20,0,5,57,0,62,0,11,71,0,82,34,0,34,116
12/15/2021,HKY,NC,ASO,ES,Federal Contract Tower,0,8,7,0,15,0,1,60,2,63,0,9,67,2,78,20,0,20,98
12/16/2021,HKY,NC,ASO,ES,Federal Contract Tower,0,9,8,2,19,0,1,38,0,39,0,10,46,2,58,8,0,8,66
12/17/2021,HKY,NC,ASO,ES,Federal Contract Tower,0,21,21,0,42,0,7,25,0,32,0,28,46,0,74,10,0,10,84
12/18/2021,HKY,NC,ASO,ES,Federal Contract Tower,0,3,5,0,8,0,0,0,0,0,0,3,5,0,8,0,0,0,8
12/19/2021,HKY,NC,ASO,ES,Federal Contract Tower,0,8,9,0,17,0,2,4,0,6,0,10,13,0,23,0,0,0,23
12/20/2021,HKY,NC,ASO,ES,Federal Contract Tower,0,14,9,0,23,0,8,63,10,81,0,22,72,10,104,20,0,20,124
12/21/2021,HKY,NC,ASO,ES,Federal Contract Tower,0,5,6,2,13,0,2,57,0,59,0,7,63,2,72,34,0,34,106
12/22/2021,HKY,NC,ASO,ES,Federal Contract Tower,0,8,10,2,20,0,5,33,0,38,0,13,43,2,58,10,2,12,70
12/23/2021,HKY,NC,ASO,ES,Federal Contract Tower,0,5,5,0,10,0,0,84,0,84,0,5,89,0,94,24,0,24,118
12/24/2021,HKY,NC,ASO,ES,Federal Contract Tower,0,1,6,0,7,0,2,31,4,37,0,3,37,4,44,8,0,8,52
12/25/2021,HKY,NC,ASO,ES,Federal Contract Tower,0,0,4,0,4,0,0,6,4,10,0,0,10,4,14,0,0,0,14
12/26/2021,HKY,NC,ASO,ES,Federal Contract Tower,0,0,11,0,11,0,0,37,3,40,0,0,48,3,51,40,0,40,91
12/27/2021,HKY,NC,ASO,ES,Federal Contract Tower,0,11,7,0,18,0,7,35,0,42,0,18,42,0,60,4,0,4,64
12/28/2021,HKY,NC,ASO,ES,Federal Contract Tower,0,16,15,0,31,0,3,23,0,26,0,19,38,0,57,28,0,28,85
12/29/2021,HKY,NC,ASO,ES,Federal Contract Tower,0,5,11,0,16,0,2,1,0,3,0,7,12,0,19,0,0,0,19
12/30/2021,HKY,NC,ASO,ES,Federal Contract Tower,0,11,5,0,16,0,0,0,0,0,0,11,5,0,16,0,0,0,16
12/31/2021,HKY,NC,ASO,ES,Federal Contract Tower,0,7,5,0,12,0,5,23,0,28,0,12,28,0,40,14,0,14,54
01/01/2022,HKY,NC,ASO,ES,Federal Contract Tower,0,8,3,0,11,0,2,1,0,3,0,10,4,0,14,0,0,0,14
01/02/2022,HKY,NC,ASO,ES,Federal Contract Tower,0,4,3,0,7,0,0,1,0,1,0,4,4,0,8,0,0,0,8
01/03/2022,HKY,NC,ASO,ES,Federal Contract Tower,0,6,2,0,8,0,1,10,0,11,0,7,12,0,19,4,0,4,23
01/04/2022,HKY,NC,ASO,ES,Federal Contract Tower,0,4,4,0,8,0,0,69,0,69,0,4,73,0,77,4,0,4,81
01/05/2022,HKY,NC,ASO,ES,Federal Contract Tower,0,10,8,0,18,0,5,42,0,47,0,15,50,0,65,42,4,46,111
01/06/2022,HKY,NC,ASO,ES,Federal Contract Tower,0,1,8,0,9,0,2,37,2,41,0,3,45,2,50,8,0,8,58
01/07/2022,HKY,NC,ASO,ES,Federal Contract Tower,0,6,2,0,8,0,1,48,0,49,0,7,50,0,57,20,0,20,77
01/08/2022,HKY,NC,ASO,ES,Federal Contract Tower,0,1,6,0,7,0,1,127,0,128,0,2,133,0,135,50,0,50,185
01/09/2022,HKY,NC,ASO,ES,Federal Contract Tower,0,2,2,0,4,0,0,0,0,0,0,2,2,0,4,0,0,0,4
01/10/2022,HKY,NC,ASO,ES,Federal Contract Tower,0,5,5,0,10,0,0,23,2,25,0,5,28,2,35,32,0,32,67
01/11/2022,HKY,NC,ASO,ES,Federal Contract Tower,0,8,10,1,19,0,2,53,1,56,0,10,63,2,75,42,0,42,117
01/12/2022,HKY,NC,ASO,ES,Federal Contract Tower,0,2,9,0,11,0,4,62,0,66,0,6,71,0,77,20,0,20,97
01/13/2022,HKY,NC,ASO,ES,Federal Contract Tower,0,6,7,0,13,0,6,42,0,48,0,12,49,0,61,18,0,18,79
01/14/2022,HKY,NC,ASO,ES,Federal Contract Tower,0,7,13,0,20,0,3,32,2,37,0,10,45,2,57,22,0,22,79
01/15/2022,HKY,NC,ASO,ES,Federal Contract Tower,0,8,0,0,8,0,0,25,0,25,0,8,25,0,33,12,0,12,45
01/16/2022,HKY,NC,ASO,ES,Federal Contract Tower,0,0,0,0,0,0,0,0,0,0,0,0,0,0,0,0,0,0,0
01/17/2022,HKY,NC,ASO,ES,Federal Contract Tower,0,4,2,0,6,0,6,2,0,8,0,10,4,0,14,0,0,0,14
01/18/2022,HKY,NC,ASO,ES,Federal Contract Tower,0,6,12,0,18,0,3,34,2,39,0,9,46,2,57,28,0,28,85
01/19/2022,HKY,NC,ASO,ES,Federal Contract Tower,0,3,6,0,9,0,4,32,0,36,0,7,38,0,45,56,0,56,101
01/20/2022,HKY,NC,ASO,ES,Federal Contract Tower,0,8,1,0,9,0,0,0,0,0,0,8,1,0,9,0,0,0,9
01/21/2022,HKY,NC,ASO,ES,Federal Contract Tower,0,2,0,0,2,0,0,13,0,13,0,2,13,0,15,10,0,10,25
01/22/2022,HKY,NC,ASO,ES,Federal Contract Tower,0,5,1,0,6,0,2,26,0,28,0,7,27,0,34,14,0,14,48
01/23/2022,HKY,NC,ASO,ES,Federal Contract Tower,0,6,2,0,8,0,3,34,0,37,0,9,36,0,45,64,0,64,109
01/24/2022,HKY,NC,ASO,ES,Federal Contract Tower,0,6,3,3,12,0,2,33,1,36,0,8,36,4,48,52,0,52,100
01/25/2022,HKY,NC,ASO,ES,Federal Contract Tower,0,5,6,0,11,0,2,53,1,56,0,7,59,1,67,12,0,12,79
01/26/2022,HKY,NC,ASO,ES,Federal Contract Tower,0,10,6,2,18,0,0,56,4,60,0,10,62,6,78,48,0,48,126
01/27/2022,HKY,NC,ASO,ES,Federal Contract Tower,0,9,9,0,18,0,11,68,5,84,0,20,77,5,102,16,0,16,118
01/28/2022,HKY,NC,ASO,ES,Federal Contract Tower,0,10,1,0,11,0,2,31,3,36,0,12,32,3,47,36,0,36,83
01/29/2022,HKY,NC,ASO,ES,Federal Contract Tower,0,1,2,0,3,0,2,0,0,2,0,3,2,0,5,0,0,0,5
01/30/2022,HKY,NC,ASO,ES,Federal Contract Tower,0,6,2,0,8,0,6,39,0,45,0,12,41,0,53,42,0,42,95
01/31/2022,HKY,NC,ASO,ES,Federal Contract Tower,0,3,4,0,7,0,3,38,0,41,0,6,42,0,48,26,6,32,80
02/01/2022,HKY,NC,ASO,ES,Federal Contract Tower,0,8,13,2,23,0,1,38,0,39,0,9,51,2,62,36,0,36,98
02/02/2022,HKY,NC,ASO,ES,Federal Contract Tower,0,11,3,0,14,0,6,51,0,57,0,17,54,0,71,44,0,44,115
02/03/2022,HKY,NC,ASO,ES,Federal Contract Tower,0,3,8,0,11,0,0,0,0,0,0,3,8,0,11,0,0,0,11
02/04/2022,HKY,NC,ASO,ES,Federal Contract Tower,0,7,1,0,8,0,0,6,0,6,0,7,7,0,14,34,0,34,48
02/05/2022,HKY,NC,ASO,ES,Federal Contract Tower,0,4,11,0,15,0,3,44,4,51,0,7,55,4,66,10,0,10,76
02/06/2022,HKY,NC,ASO,ES,Federal Contract Tower,1,10,6,0,17,0,5,60,1,66,1,15,66,1,83,42,0,42,125
02/07/2022,HKY,NC,ASO,ES,Federal Contract Tower,0,2,0,0,2,0,0,0,0,0,0,2,0,0,2,0,0,0,2
02/08/2022,HKY,NC,ASO,ES,Federal Contract Tower,0,6,7,0,13,0,4,44,9,57,0,10,51,9,70,64,0,64,134
02/09/2022,HKY,NC,ASO,ES,Federal Contract Tower,0,8,6,0,14,0,4,49,0,53,0,12,55,0,67,16,0,16,83
02/10/2022,HKY,NC,ASO,ES,Federal Contract Tower,0,6,14,0,20,0,9,49,3,61,0,15,63,3,81,20,0,20,101
02/11/2022,HKY,NC,ASO,ES,Federal Contract Tower,0,6,7,4,17,0,5,42,4,51,0,11,49,8,68,12,0,12,80
02/12/2022,HKY,NC,ASO,ES,Federal Contract Tower,0,4,7,0,11,0,6,129,0,135,0,10,136,0,146,36,0,36,182
02/13/2022,HKY,NC,ASO,ES,Federal Contract Tower,0,2,0,0,2,0,3,6,0,9,0,5,6,0,11,8,0,8,19
02/14/2022,HKY,NC,ASO,ES,Federal Contract Tower,0,3,8,0,11,0,2,44,0,46,0,5,52,0,57,20,0,20,77
02/15/2022,HKY,NC,ASO,ES,Federal Contract Tower,0,6,7,1,14,0,5,49,1,55,0,11,56,2,69,86,0,86,155
02/16/2022,HKY,NC,ASO,ES,Federal Contract Tower,0,8,8,0,16,0,3,16,0,19,0,11,24,0,35,32,0,32,67
02/17/2022,HKY,NC,ASO,ES,Federal Contract Tower,0,9,7,0,16,0,0,0,0,0,0,9,7,0,16,0,0,0,16
02/18/2022,HKY,NC,ASO,ES,Federal Contract Tower,0,4,7,0,11,0,11,26,0,37,0,15,33,0,48,30,0,30,78
02/19/2022,HKY,NC,ASO,ES,Federal Contract Tower,0,4,2,0,6,0,5,35,4,44,0,9,37,4,50,10,0,10,60
02/20/2022,HKY,NC,ASO,ES,Federal Contract Tower,0,8,7,0,15,0,4,53,0,57,0,12,60,0,72,40,0,40,112
02/21/2022,HKY,NC,ASO,ES,Federal Contract Tower,0,4,10,0,14,0,5,51,2,58,0,9,61,2,72,68,0,68,140
02/22/2022,HKY,NC,ASO,ES,Federal Contract Tower,0,8,4,0,12,0,0,0,0,0,0,8,4,0,12,0,0,0,12
02/23/2022,HKY,NC,ASO,ES,Federal Contract Tower,0,12,7,0,19,0,0,25,0,25,0,12,32,0,44,32,0,32,76
02/24/2022,HKY,NC,ASO,ES,Federal Contract Tower,0,9,8,0,17,0,0,0,0,0,0,9,8,0,17,0,0,0,17
02/25/2022,HKY,NC,ASO,ES,Federal Contract Tower,0,9,9,0,18,0,2,18,0,20,0,11,27,0,38,38,0,38,76
02/26/2022,HKY,NC,ASO,ES,Federal Contract Tower,0,9,8,0,17,0,3,35,0,38,0,12,43,0,55,18,0,18,73
02/27/2022,HKY,NC,ASO,ES,Federal Contract Tower,0,8,3,0,11,0,0,0,0,0,0,8,3,0,11,0,0,0,11
02/28/2022,HKY,NC,ASO,ES,Federal Contract Tower,0,4,9,0,13,0,13,64,0,77,0,17,73,0,90,18,0,18,108
03/01/2022,HKY,NC,ASO,ES,Federal Contract Tower,0,6,4,0,10,0,0,43,2,45,0,6,47,2,55,28,0,28,83
03/02/2022,HKY,NC,ASO,ES,Federal Contract Tower,0,14,10,0,24,0,2,41,3,46,0,16,51,3,70,8,0,8,78
03/03/2022,HKY,NC,ASO,ES,Federal Contract Tower,0,9,8,1,18,0,2,30,10,42,0,11,38,11,60,30,0,30,90
03/04/2022,HKY,NC,ASO,ES,Federal Contract Tower,0,5,10,0,15,0,3,73,10,86,0,8,83,10,101,62,0,62,163
03/05/2022,HKY,NC,ASO,ES,Federal Contract Tower,0,4,5,0,9,0,5,48,6,59,0,9,53,6,68,10,0,10,78
03/06/2022,HKY,NC,ASO,ES,Federal Contract Tower,0,7,7,0,14,0,3,14,4,21,0,10,21,4,35,8,0,8,43
03/07/2022,HKY,NC,ASO,ES,Federal Contract Tower,0,7,1,1,9,0,0,1,1,2,0,7,2,2,11,0,0,0,11
03/08/2022,HKY,NC,ASO,ES,Federal Contract Tower,0,3,14,0,17,0,2,41,12,55,0,5,55,12,72,24,4,28,100
03/09/2022,HKY,NC,ASO,ES,Federal Contract Tower,0,5,4,0,9,0,0,18,0,18,0,5,22,0,27,18,0,18,45
03/10/2022,HKY,NC,ASO,ES,Federal Contract Tower,0,10,7,0,17,0,1,8,0,9,0,11,15,0,26,12,0,12,38
03/11/2022,HKY,NC,ASO,ES,Federal Contract Tower,0,9,5,0,14,0,5,30,0,35,0,14,35,0,49,34,0,34,83
03/12/2022,HKY,NC,ASO,ES,Federal Contract Tower,0,4,1,0,5,0,0,6,0,6,0,4,7,0,11,0,0,0,11
03/13/2022,HKY,NC,ASO,ES,Federal Contract Tower,0,7,7,0,14,0,0,52,0,52,0,7,59,0,66,44,0,44,110
03/14/2022,HKY,NC,ASO,ES,Federal Contract Tower,0,3,8,0,11,0,0,52,3,55,0,3,60,3,66,44,0,44,110
03/15/2022,HKY,NC,ASO,ES,Federal Contract Tower,0,7,3,4,14,0,1,71,11,83,0,8,74,15,97,56,0,56,153
03/16/2022,HKY,NC,ASO,ES,Federal Contract Tower,0,16,9,2,27,0,2,0,0,2,0,18,9,2,29,0,0,0,29
03/17/2022,HKY,NC,ASO,ES,Federal Contract Tower,0,8,7,0,15,0,5,48,0,53,0,13,55,0,68,22,4,26,94
03/18/2022,HKY,NC,ASO,ES,Federal Contract Tower,0,2,7,0,9,0,2,35,8,45,0,4,42,8,54,20,0,20,74
03/19/2022,HKY,NC,ASO,ES,Federal Contract Tower,0,1,8,0,9,0,2,0,0,2,0,3,8,0,11,0,0,0,11
03/20/2022,HKY,NC,ASO,ES,Federal Contract Tower,0,1,6,0,7,0,2,25,6,33,0,3,31,6,40,6,0,6,46
03/21/2022,HKY,NC,ASO,ES,Federal Contract Tower,0,0,2,0,2,0,6,77,4,87,0,6,79,4,89,30,0,30,119
03/22/2022,HKY,NC,ASO,ES,Federal Contract Tower,0,6,6,0,12,0,2,34,0,36,0,8,40,0,48,24,0,24,72
03/23/2022,HKY,NC,ASO,ES,Federal Contract Tower,0,7,2,0,9,0,0,0,0,0,0,7,2,0,9,0,0,0,9
03/24/2022,HKY,NC,ASO,ES,Federal Contract Tower,0,6,5,0,11,0,5,58,3,66,0,11,63,3,77,8,0,8,85
03/25/2022,HKY,NC,ASO,ES,Federal Contract Tower,0,12,2,1,15,0,1,28,2,31,0,13,30,3,46,4,0,4,50
03/26/2022,HKY,NC,ASO,ES,Federal Contract Tower,4,4,2,0,10,0,1,5,3,9,4,5,7,3,19,0,0,0,19
03/27/2022,HKY,NC,ASO,ES,Federal Contract Tower,0,11,7,0,18,0,6,26,8,40,0,17,33,8,58,8,0,8,66
03/28/2022,HKY,NC,ASO,ES,Federal Contract Tower,0,9,4,0,13,0,4,36,9,49,0,13,40,9,62,24,0,24,86
03/29/2022,HKY,NC,ASO,ES,Federal Contract Tower,0,2,4,0,6,0,5,8,6,19,0,7,12,6,25,0,0,0,25
03/30/2022,HKY,NC,ASO,ES,Federal Contract Tower,0,7,11,0,18,0,2,12,2,16,0,9,23,2,34,68,0,68,102
03/31/2022,HKY,NC,ASO,ES,Federal Contract Tower,0,7,0,0,7,0,2,4,0,6,0,9,4,0,13,2,0,2,15
04/01/2022,HKY,NC,ASO,ES,Federal Contract Tower,0,3,2,0,5,0,4,34,1,39,0,7,36,1,44,14,0,14,58
04/02/2022,HKY,NC,ASO,ES,Federal Contract Tower,0,3,11,0,14,0,3,73,0,76,0,6,84,0,90,6,0,6,96
04/03/2022,HKY,NC,ASO,ES,Federal Contract Tower,0,8,5,0,13,0,3,36,2,41,0,11,41,2,54,20,0,20,74
04/04/2022,HKY,NC,ASO,ES,Federal Contract Tower,0,6,4,0,10,0,7,50,6,63,0,13,54,6,73,48,0,48,121
04/05/2022,HKY,NC,ASO,ES,Federal Contract Tower,0,10,5,1,16,0,0,12,4,16,0,10,17,5,32,0,0,0,32
04/06/2022,HKY,NC,ASO,ES,Federal Contract Tower,0,5,3,0,8,0,8,44,0,52,0,13,47,0,60,52,0,52,112
04/07/2022,HKY,NC,ASO,ES,Federal Contract Tower,0,9,5,0,14,0,1,34,1,36,0,10,39,1,50,6,0,6,56
04/08/2022,HKY,NC,ASO,ES,Federal Contract Tower,0,6,3,0,9,0,4,24,0,28,0,10,27,0,37,6,0,6,43
04/09/2022,HKY,NC,ASO,ES,Federal Contract Tower,0,6,11,0,17,0,1,71,0,72,0,7,82,0,89,32,0,32,121
04/10/2022,HKY,NC,ASO,ES,Federal Contract Tower,0,1,12,0,13,0,4,58,2,64,0,5,70,2,77,34,0,34,111
04/11/2022,HKY,NC,ASO,ES,Federal Contract Tower,0,3,11,1,15,0,2,34,1,37,0,5,45,2,52,6,0,6,58
04/12/2022,HKY,NC,ASO,ES,Federal Contract Tower,0,6,5,0,11,0,3,36,0,39,0,9,41,0,50,8,0,8,58
04/13/2022,HKY,NC,ASO,ES,Federal Contract Tower,0,9,4,2,15,0,5,59,3,67,0,14,63,5,82,22,0,22,104
04/14/2022,HKY,NC,ASO,ES,Federal Contract Tower,0,16,7,0,23,0,3,21,0,24,0,19,28,0,47,38,0,38,85
04/15/2022,HKY,NC,ASO,ES,Federal Contract Tower,0,2,8,2,12,0,2,104,4,110,0,4,112,6,122,64,0,64,186
04/16/2022,HKY,NC,ASO,ES,Federal Contract Tower,0,4,13,0,17,0,4,19,0,23,0,8,32,0,40,72,0,72,112
04/17/2022,HKY,NC,ASO,ES,Federal Contract Tower,0,4,5,0,9,0,0,0,0,0,0,4,5,0,9,48,0,48,57
04/18/2022,HKY,NC,ASO,ES,Federal Contract Tower,0,18,5,0,23,0,2,2,0,4,0,20,7,0,27,2,0,2,29
04/19/2022,HKY,NC,ASO,ES,Federal Contract Tower,0,13,6,0,19,0,2,33,2,37,0,15,39,2,56,20,2,22,78
04/20/2022,HKY,NC,ASO,ES,Federal Contract Tower,0,15,3,2,20,0,10,62,0,72,0,25,65,2,92,48,0,48,140
04/21/2022,HKY,NC,ASO,ES,Federal Contract Tower,0,8,10,0,18,0,4,57,0,61,0,12,67,0,79,26,0,26,105
04/22/2022,HKY,NC,ASO,ES,Federal Contract Tower,0,5,14,0,19,0,3,75,2,80,0,8,89,2,99,50,0,50,149
04/23/2022,HKY,NC,ASO,ES,Federal Contract Tower,0,2,4,0,6,0,2,59,2,63,0,4,63,2,69,14,0,14,83
04/24/2022,HKY,NC,ASO,ES,Federal Contract Tower,0,8,3,0,11,0,7,45,4,56,0,15,48,4,67,12,0,12,79
04/25/2022,HKY,NC,ASO,ES,Federal Contract Tower,0,3,8,0,11,0,0,48,4,52,0,3,56,4,63,18,0,18,81
04/26/2022,HKY,NC,ASO,ES,Federal Contract Tower,0,10,4,0,14,0,3,36,0,39,0,13,40,0,53,28,0,28,81
04/27/2022,HKY,NC,ASO,ES,Federal Contract Tower,0,12,10,0,22,0,0,0,0,0,0,12,10,0,22,90,0,90,112
04/28/2022,HKY,NC,ASO,ES,Federal Contract Tower,2,8,9,1,20,0,4,79,4,87,2,12,88,5,107,34,2,36,143
04/29/2022,HKY,NC,ASO,ES,Federal Contract Tower,0,6,9,0,15,0,1,64,7,72,0,7,73,7,87,36,0,36,123
04/30/2022,HKY,NC,ASO,ES,Federal Contract Tower,0,5,5,2,12,0,4,44,20,68,0,9,49,22,80,48,0,48,128
05/01/2022,HKY,NC,ASO,ES,Federal Contract Tower,2,10,2,0,14,0,1,2,0,3,2,11,4,0,17,0,0,0,17
05/02/2022,HKY,NC,ASO,ES,Federal Contract Tower,0,1,7,0,8,0,5,79,11,95,0,6,86,11,103,34,0,34,137
05/03/2022,HKY,NC,ASO,ES,Federal Contract Tower,0,10,5,0,15,0,8,29,2,39,0,18,34,2,54,10,0,10,64
05/04/2022,HKY,NC,ASO,ES,Federal Contract Tower,0,0,7,0,7,0,8,29,2,39,0,8,36,2,46,20,0,20,66
05/05/2022,HKY,NC,ASO,ES,Federal Contract Tower,0,5,8,0,13,0,4,71,1,76,0,9,79,1,89,60,0,60,149
05/06/2022,HKY,NC,ASO,ES,Federal Contract Tower,0,4,4,0,8,0,0,0,0,0,0,4,4,0,8,0,0,0,8
05/07/2022,HKY,NC,ASO,ES,Federal Contract Tower,0,2,10,0,12,0,3,9,0,12,0,5,19,0,24,22,0,22,46
05/08/2022,HKY,NC,ASO,ES,Federal Contract Tower,0,8,13,0,21,0,2,9,0,11,0,10,22,0,32,0,0,0,32
05/09/2022,HKY,NC,ASO,ES,Federal Contract Tower,0,6,8,0,14,0,8,68,2,78,0,14,76,2,92,20,0,20,112
05/10/2022,HKY,NC,ASO,ES,Federal Contract Tower,0,8,2,0,10,0,8,70,12,90,0,16,72,12,100,44,0,44,144
05/11/2022,HKY,NC,ASO,ES,Federal Contract Tower,0,10,2,0,12,0,6,59,6,71,0,16,61,6,83,50,0,50,133
05/12/2022,HKY,NC,ASO,ES,Federal Contract Tower,0,7,6,1,14,0,5,28,5,38,0,12,34,6,52,12,0,12,64
05/13/2022,HKY,NC,ASO,ES,Federal Contract Tower,0,7,12,0,19,0,1,5,0,6,0,8,17,0,25,2,0,2,27
05/14/2022,HKY,NC,ASO,ES,Federal Contract Tower,0,6,8,0,14,0,4,64,0,68,0,10,72,0,82,24,0,24,106
05/15/2022,HKY,NC,ASO,ES,Federal Contract Tower,0,8,18,0,26,0,4,24,0,28,0,12,42,0,54,20,0,20,74
05/16/2022,HKY,NC,ASO,ES,Federal Contract Tower,0,4,10,0,14,0,5,33,2,40,0,9,43,2,54,28,0,28,82
05/17/2022,HKY,NC,ASO,ES,Federal Contract Tower,0,3,13,1,17,0,2,62,3,67,0,5,75,4,84,12,0,12,96
05/18/2022,HKY,NC,ASO,ES,Federal Contract Tower,0,13,6,0,19,0,9,42,3,54,0,22,48,3,73,24,0,24,97
05/19/2022,HKY,NC,ASO,ES,Federal Contract Tower,0,14,3,0,17,0,2,3,2,7,0,16,6,2,24,0,0,0,24
05/20/2022,HKY,NC,ASO,ES,Federal Contract Tower,0,9,10,0,19,0,3,44,0,47,0,12,54,0,66,44,0,44,110
05/21/2022,HKY,NC,ASO,ES,Federal Contract Tower,0,4,2,0,6,0,4,41,0,45,0,8,43,0,51,16,0,16,67
05/22/2022,HKY,NC,ASO,ES,Federal Contract Tower,0,15,4,0,19,0,3,14,0,17,0,18,18,0,36,0,0,0,36
05/23/2022,HKY,NC,ASO,ES,Federal Contract Tower,0,12,6,0,18,0,3,0,0,3,0,15,6,0,21,0,0,0,21
05/24/2022,HKY,NC,ASO,ES,Federal Contract Tower,0,4,16,0,20,0,2,22,0,24,0,6,38,0,44,50,0,50,94
05/25/2022,HKY,NC,ASO,ES,Federal Contract Tower,0,18,7,5,30,0,2,8,2,12,0,20,15,7,42,56,0,56,98
05/26/2022,HKY,NC,ASO,ES,Federal Contract Tower,0,16,1,0,17,0,0,0,0,0,0,16,1,0,17,0,0,0,17
05/27/2022,HKY,NC,ASO,ES,Federal Contract Tower,0,5,6,0,11,0,6,13,0,19,0,11,19,0,30,24,0,24,54
05/28/2022,HKY,NC,ASO,ES,Federal Contract Tower,0,5,9,0,14,0,6,63,0,69,0,11,72,0,83,34,0,34,117
05/29/2022,HKY,NC,ASO,ES,Federal Contract Tower,0,2,1,0,3,0,5,46,0,51,0,7,47,0,54,42,0,42,96
05/30/2022,HKY,NC,ASO,ES,Federal Contract Tower,0,10,16,0,26,0,5,64,0,69,0,15,80,0,95,78,0,78,173
05/31/2022,HKY,NC,ASO,ES,Federal Contract Tower,0,4,6,0,10,0,4,53,1,58,0,8,59,1,68,80,0,80,148
06/01/2022,HKY,NC,ASO,ES,Federal Contract Tower,0,11,3,0,14,0,7,44,1,52,0,18,47,1,66,64,0,64,130
06/02/2022,HKY,NC,ASO,ES,Federal Contract Tower,0,7,1,0,8,0,6,29,0,35,0,13,30,0,43,74,0,74,117
06/03/2022,HKY,NC,ASO,ES,Federal Contract Tower,0,3,18,0,21,0,3,40,0,43,0,6,58,0,64,32,0,32,96
06/04/2022,HKY,NC,ASO,ES,Federal Contract Tower,0,1,4,0,5,0,2,57,0,59,0,3,61,0,64,62,0,62,126
06/05/2022,HKY,NC,ASO,ES,Federal Contract Tower,0,4,10,0,14,0,12,50,0,62,0,16,60,0,76,22,0,22,98
06/06/2022,HKY,NC,ASO,ES,Federal Contract Tower,0,13,4,0,17,0,3,50,0,53,0,16,54,0,70,34,0,34,104
06/07/2022,HKY,NC,ASO,ES,Federal Contract Tower,2,13,2,0,17,0,2,53,0,55,2,15,55,0,72,0,0,0,72
06/08/2022,HKY,NC,ASO,ES,Federal Contract Tower,0,10,1,0,11,0,3,19,0,22,0,13,20,0,33,24,0,24,57
06/09/2022,HKY,NC,ASO,ES,Federal Contract Tower,0,10,4,0,14,0,4,62,0,66,0,14,66,0,80,36,0,36,116
06/10/2022,HKY,NC,ASO,ES,Federal Contract Tower,0,11,6,0,17,0,1,84,4,89,0,12,90,4,106,36,0,36,142
06/11/2022,HKY,NC,ASO,ES,Federal Contract Tower,0,12,4,0,16,0,3,71,0,74,0,15,75,0,90,4,0,4,94
06/12/2022,HKY,NC,ASO,ES,Federal Contract Tower,0,6,5,0,11,0,4,32,0,36,0,10,37,0,47,34,0,34,81
06/13/2022,HKY,NC,ASO,ES,Federal Contract Tower,0,9,5,5,19,0,2,71,0,73,0,11,76,5,92,68,0,68,160
06/14/2022,HKY,NC,ASO,ES,Federal Contract Tower,0,12,2,3,17,0,5,26,0,31,0,17,28,3,48,38,0,38,86
06/15/2022,HKY,NC,ASO,ES,Federal Contract Tower,0,14,2,0,16,0,3,58,2,63,0,17,60,2,79,56,0,56,135
06/16/2022,HKY,NC,ASO,ES,Federal Contract Tower,0,14,1,0,15,0,5,31,0,36,0,19,32,0,51,66,0,66,117
06/17/2022,HKY,NC,ASO,ES,Federal Contract Tower,0,14,10,0,24,0,0,45,0,45,0,14,55,0,69,68,0,68,137
06/18/2022,HKY,NC,ASO,ES,Federal Contract Tower,0,6,4,0,10,0,4,38,0,42,0,10,42,0,52,36,0,36,88
06/19/2022,HKY,NC,ASO,ES,Federal Contract Tower,0,6,4,0,10,0,6,38,0,44,0,12,42,0,54,28,0,28,82
06/20/2022,HKY,NC,ASO,ES,Federal Contract Tower,0,7,9,0,16,0,3,88,2,93,0,10,97,2,109,44,0,44,153
06/21/2022,HKY,NC,ASO,ES,Federal Contract Tower,0,6,3,0,9,0,5,36,2,43,0,11,39,2,52,64,0,64,116
06/22/2022,HKY,NC,ASO,ES,Federal Contract Tower,0,11,2,2,15,0,5,36,3,44,0,16,38,5,59,24,0,24,83
06/23/2022,HKY,NC,ASO,ES,Federal Contract Tower,0,16,4,0,20,0,1,19,2,22,0,17,23,2,42,16,0,16,58
06/24/2022,HKY,NC,ASO,ES,Federal Contract Tower,0,8,9,0,17,0,6,40,3,49,0,14,49,3,66,40,0,40,106
06/25/2022,HKY,NC,ASO,ES,Federal Contract Tower,0,8,5,0,13,0,5,65,0,70,0,13,70,0,83,26,0,26,109
06/26/2022,HKY,NC,ASO,ES,Federal Contract Tower,0,8,13,0,21,0,9,20,0,29,0,17,33,0,50,2,0,2,52
06/27/2022,HKY,NC,ASO,ES,Federal Contract Tower,0,14,6,0,20,0,3,48,2,53,0,17,54,2,73,28,0,28,101
06/28/2022,HKY,NC,ASO,ES,Federal Contract Tower,0,9,7,0,16,0,6,53,4,63,0,15,60,4,79,33,0,33,112
06/29/2022,HKY,NC,ASO,ES,Federal Contract Tower,0,10,13,5,28,0,5,53,6,64,0,15,66,11,92,36,0,36,128
06/30/2022,HKY,NC,ASO,ES,Federal Contract Tower,0,10,3,0,13,0,1,68,1,70,0,11,71,1,83,48,0,48,131
07/01/2022,HKY,NC,ASO,ES,Federal Contract Tower,0,13,14,0,27,0,5,49,0,54,0,18,63,0,81,26,0,26,107
07/02/2022,HKY,NC,ASO,ES,Federal Contract Tower,0,6,9,0,15,0,3,34,0,37,0,9,43,0,52,6,0,6,58
07/03/2022,HKY,NC,ASO,ES,Federal Contract Tower,0,5,16,0,21,0,2,14,0,16,0,7,30,0,37,8,0,8,45
07/04/2022,HKY,NC,ASO,ES,Federal Contract Tower,0,1,5,0,6,0,3,38,0,41,0,4,43,0,47,34,0,34,81
07/05/2022,HKY,NC,ASO,ES,Federal Contract Tower,0,10,1,0,11,0,0,33,0,33,0,10,34,0,44,34,0,34,78
07/06/2022,HKY,NC,ASO,ES,Federal Contract Tower,0,7,10,0,17,0,1,50,4,55,0,8,60,4,72,66,0,66,138
07/07/2022,HKY,NC,ASO,ES,Federal Contract Tower,0,13,8,1,22,0,3,46,1,50,0,16,54,2,72,48,0,48,120
07/08/2022,HKY,NC,ASO,ES,Federal Contract Tower,0,17,14,0,31,0,2,33,0,35,0,19,47,0,66,30,0,30,96
07/09/2022,HKY,NC,ASO,ES,Federal Contract Tower,0,9,5,0,14,0,2,64,0,66,0,11,69,0,80,42,0,42,122
07/10/2022,HKY,NC,ASO,ES,Federal Contract Tower,0,19,6,0,25,0,0,1,0,1,0,19,7,0,26,0,0,0,26
07/11/2022,HKY,NC,ASO,ES,Federal Contract Tower,0,11,6,2,19,0,6,69,2,77,0,17,75,4,96,22,0,22,118
07/12/2022,HKY,NC,ASO,ES,Federal Contract Tower,0,15,10,0,25,0,3,56,0,59,0,18,66,0,84,46,0,46,130
07/13/2022,HKY,NC,ASO,ES,Federal Contract Tower,0,10,8,0,18,0,5,35,1,41,0,15,43,1,59,24,0,24,83
07/14/2022,HKY,NC,ASO,ES,Federal Contract Tower,0,9,11,0,20,0,2,32,0,34,0,11,43,0,54,28,0,28,82
07/15/2022,HKY,NC,ASO,ES,Federal Contract Tower,0,8,13,0,21,0,3,50,2,55,0,11,63,2,76,36,0,36,112
07/16/2022,HKY,NC,ASO,ES,Federal Contract Tower,0,5,1,0,6,0,2,56,0,58,0,7,57,0,64,88,0,88,152
07/17/2022,HKY,NC,ASO,ES,Federal Contract Tower,0,7,2,0,9,0,6,54,0,60,0,13,56,0,69,14,0,14,83
07/18/2022,HKY,NC,ASO,ES,Federal Contract Tower,0,15,5,2,22,0,4,23,3,30,0,19,28,5,52,16,0,16,68
07/19/2022,HKY,NC,ASO,ES,Federal Contract Tower,0,11,5,1,17,0,11,33,3,47,0,22,38,4,64,42,0,42,106
07/20/2022,HKY,NC,ASO,ES,Federal Contract Tower,0,10,8,0,18,0,7,35,0,42,0,17,43,0,60,80,0,80,140
07/21/2022,HKY,NC,ASO,ES,Federal Contract Tower,0,13,6,2,21,0,3,27,0,30,0,16,33,2,51,30,0,30,81
07/22/2022,HKY,NC,ASO,ES,Federal Contract Tower,0,10,12,0,22,0,3,66,0,69,0,13,78,0,91,34,0,34,125
07/23/2022,HKY,NC,ASO,ES,Federal Contract Tower,0,3,5,0,8,0,4,76,0,80,0,7,81,0,88,32,0,32,120
07/24/2022,HKY,NC,ASO,ES,Federal Contract Tower,0,13,6,0,19,0,0,67,0,67,0,13,73,0,86,20,0,20,106
07/25/2022,HKY,NC,ASO,ES,Federal Contract Tower,0,14,2,0,16,0,1,33,0,34,0,15,35,0,50,94,0,94,144
07/26/2022,HKY,NC,ASO,ES,Federal Contract Tower,0,7,7,0,14,0,4,12,0,16,0,11,19,0,30,8,0,8,38
07/27/2022,HKY,NC,ASO,ES,Federal Contract Tower,0,7,7,0,14,0,0,32,0,32,0,7,39,0,46,32,0,32,78
07/28/2022,HKY,NC,ASO,ES,Federal Contract Tower,0,3,16,2,21,0,5,56,3,64,0,8,72,5,85,2,0,2,87
07/29/2022,HKY,NC,ASO,ES,Federal Contract Tower,0,8,3,2,13,0,4,44,1,49,0,12,47,3,62,52,0,52,114
07/30/2022,HKY,NC,ASO,ES,Federal Contract Tower,0,10,5,0,15,0,2,76,0,78,0,12,81,0,93,22,0,22,115
07/31/2022,HKY,NC,ASO,ES,Federal Contract Tower,0,5,8,0,13,0,6,4,0,10,0,11,12,0,23,0,0,0,23
08/01/2022,HKY,NC,ASO,ES,Federal Contract Tower,0,7,6,0,13,0,8,31,2,41,0,15,37,2,54,68,6,74,128
08/02/2022,HKY,NC,ASO,ES,Federal Contract Tower,0,13,8,0,21,0,3,60,0,63,0,16,68,0,84,24,0,24,108
08/03/2022,HKY,NC,ASO,ES,Federal Contract Tower,0,6,11,1,18,0,5,84,12,101,0,11,95,13,119,16,0,16,135
08/04/2022,HKY,NC,ASO,ES,Federal Contract Tower,0,12,7,0,19,0,5,53,0,58,0,17,60,0,77,38,0,38,115
08/05/2022,HKY,NC,ASO,ES,Federal Contract Tower,0,13,4,0,17,0,0,44,0,44,0,13,48,0,61,44,0,44,105
08/06/2022,HKY,NC,ASO,ES,Federal Contract Tower,0,6,15,0,21,0,0,9,0,9,0,6,24,0,30,0,0,0,30
08/07/2022,HKY,NC,ASO,ES,Federal Contract Tower,0,17,11,0,28,0,6,14,0,20,0,23,25,0,48,14,0,14,62
08/08/2022,HKY,NC,ASO,ES,Federal Contract Tower,0,6,1,2,9,0,7,43,0,50,0,13,44,2,59,8,0,8,67
08/09/2022,HKY,NC,ASO,ES,Federal Contract Tower,0,11,4,4,19,0,6,47,3,56,0,17,51,7,75,73,0,73,148
08/10/2022,HKY,NC,ASO,ES,Federal Contract Tower,0,5,4,0,9,0,2,58,0,60,0,7,62,0,69,32,0,32,101
08/11/2022,HKY,NC,ASO,ES,Federal Contract Tower,0,1,16,2,19,0,5,47,4,56,0,6,63,6,75,34,0,34,109
08/12/2022,HKY,NC,ASO,ES,Federal Contract Tower,0,5,8,0,13,0,5,74,1,80,0,10,82,1,93,28,0,28,121
08/13/2022,HKY,NC,ASO,ES,Federal Contract Tower,0,1,8,0,9,0,9,175,1,185,0,10,183,1,194,60,0,60,254
08/14/2022,HKY,NC,ASO,ES,Federal Contract Tower,0,13,13,0,26,0,3,26,0,29,0,16,39,0,55,28,0,28,83
08/15/2022,HKY,NC,ASO,ES,Federal Contract Tower,0,14,3,0,17,0,0,8,0,8,0,14,11,0,25,12,0,12,37
08/16/2022,HKY,NC,ASO,ES,Federal Contract Tower,2,6,15,0,23,0,3,0,0,3,2,9,15,0,26,0,0,0,26
08/17/2022,HKY,NC,ASO,ES,Federal Contract Tower,0,8,7,0,15,0,14,69,0,83,0,22,76,0,98,88,0,88,186
08/18/2022,HKY,NC,ASO,ES,Federal Contract Tower,0,16,14,0,30,0,12,47,2,61,0,28,61,2,91,34,0,34,125
08/19/2022,HKY,NC,ASO,ES,Federal Contract Tower,0,8,15,2,25,0,6,53,0,59,0,14,68,2,84,54,0,54,138
08/20/2022,HKY,NC,ASO,ES,Federal Contract Tower,0,6,26,0,32,0,1,61,0,62,0,7,87,0,94,46,0,46,140
08/21/2022,HKY,NC,ASO,ES,Federal Contract Tower,0,10,0,0,10,0,0,4,0,4,0,10,4,0,14,14,0,14,28
08/22/2022,HKY,NC,ASO,ES,Federal Contract Tower,0,8,1,0,9,0,12,25,0,37,0,20,26,0,46,52,0,52,98
08/23/2022,HKY,NC,ASO,ES,Federal Contract Tower,0,13,13,0,26,0,9,95,0,104,0,22,108,0,130,32,0,32,162
08/24/2022,HKY,NC,ASO,ES,Federal Contract Tower,0,8,5,0,13,0,0,6,0,6,0,8,11,0,19,18,0,18,37
08/25/2022,HKY,NC,ASO,ES,Federal Contract Tower,0,13,16,0,29,0,4,29,0,33,0,17,45,0,62,6,0,6,68
08/26/2022,HKY,NC,ASO,ES,Federal Contract Tower,0,7,11,0,18,0,3,37,0,40,0,10,48,0,58,76,0,76,134
08/27/2022,HKY,NC,ASO,ES,Federal Contract Tower,0,7,11,0,18,0,3,40,2,45,0,10,51,2,63,20,0,20,83
08/28/2022,HKY,NC,ASO,ES,Federal Contract Tower,0,12,8,0,20,0,6,47,0,53,0,18,55,0,73,24,0,24,97
08/29/2022,HKY,NC,ASO,ES,Federal Contract Tower,0,6,4,0,10,0,3,56,5,64,0,9,60,5,74,34,2,36,110
08/30/2022,HKY,NC,ASO,ES,Federal Contract Tower,0,9,3,1,13,0,3,20,1,24,0,12,23,2,37,16,0,16,53
08/31/2022,HKY,NC,ASO,ES,Federal Contract Tower,0,4,16,1,21,0,6,98,5,109,0,10,114,6,130,90,0,90,220
09/01/2022,HKY,NC,ASO,ES,Federal Contract Tower,0,13,8,0,21,0,5,70,3,78,0,18,78,3,99,86,0,86,185
09/02/2022,HKY,NC,ASO,ES,Federal Contract Tower,0,12,13,0,25,0,2,92,2,96,0,14,105,2,121,68,0,68,189
09/03/2022,HKY,NC,ASO,ES,Federal Contract Tower,0,3,1,0,4,0,2,72,0,74,0,5,73,0,78,34,0,34,112
09/04/2022,HKY,NC,ASO,ES,Federal Contract Tower,0,5,2,0,7,0,3,5,0,8,0,8,7,0,15,0,0,0,15
09/05/2022,HKY,NC,ASO,ES,Federal Contract Tower,0,15,12,0,27,0,0,2,0,2,0,15,14,0,29,0,0,0,29
09/06/2022,HKY,NC,ASO,ES,Federal Contract Tower,0,8,12,0,20,0,4,39,0,43,0,12,51,0,63,44,0,44,107
09/07/2022,HKY,NC,ASO,ES,Federal Contract Tower,0,3,1,0,4,0,5,48,0,53,0,8,49,0,57,50,0,50,107
09/08/2022,HKY,NC,ASO,ES,Federal Contract Tower,0,5,3,0,8,0,7,52,2,61,0,12,55,2,69,22,0,22,91
09/09/2022,HKY,NC,ASO,ES,Federal Contract Tower,0,9,9,2,20,0,7,33,8,48,0,16,42,10,68,20,0,20,88
09/10/2022,HKY,NC,ASO,ES,Federal Contract Tower,0,4,0,0,4,0,0,2,0,2,0,4,2,0,6,0,0,0,6
09/11/2022,HKY,NC,ASO,ES,Federal Contract Tower,0,5,5,2,12,0,1,13,0,14,0,6,18,2,26,8,0,8,34
09/12/2022,HKY,NC,ASO,ES,Federal Contract Tower,0,12,4,0,16,0,1,24,0,25,0,13,28,0,41,6,0,6,47
09/13/2022,HKY,NC,ASO,ES,Federal Contract Tower,0,17,8,1,26,0,4,65,5,74,0,21,73,6,100,20,0,20,120
09/14/2022,HKY,NC,ASO,ES,Federal Contract Tower,0,5,10,0,15,0,4,57,0,61,0,9,67,0,76,46,2,48,124
09/15/2022,HKY,NC,ASO,ES,Federal Contract Tower,0,10,6,0,16,0,4,56,2,62,0,14,62,2,78,6,0,6,84
09/16/2022,HKY,NC,ASO,ES,Federal Contract Tower,1,2,5,2,10,0,3,66,2,71,1,5,71,4,81,72,0,72,153
09/17/2022,HKY,NC,ASO,ES,Federal Contract Tower,0,7,10,0,17,0,5,29,2,36,0,12,39,2,53,38,0,38,91
09/18/2022,HKY,NC,ASO,ES,Federal Contract Tower,0,10,6,0,16,23,5,26,0,54,23,15,32,0,70,24,0,24,94
09/19/2022,HKY,NC,ASO,ES,Federal Contract Tower,0,14,8,0,22,0,0,54,4,58,0,14,62,4,80,65,0,65,145
09/20/2022,HKY,NC,ASO,ES,Federal Contract Tower,0,11,1,0,12,0,8,57,0,65,0,19,58,0,77,58,0,58,135
09/21/2022,HKY,NC,ASO,ES,Federal Contract Tower,0,9,12,2,23,0,5,84,12,101,0,14,96,14,124,46,6,52,176
09/22/2022,HKY,NC,ASO,ES,Federal Contract Tower,0,11,2,0,13,0,4,35,0,39,0,15,37,0,52,62,0,62,114
09/23/2022,HKY,NC,ASO,ES,Federal Contract Tower,0,12,5,0,17,0,8,80,4,92,0,20,85,4,109,40,0,40,149
09/24/2022,HKY,NC,ASO,ES,Federal Contract Tower,0,7,9,0,16,0,4,43,1,48,0,11,52,1,64,20,0,20,84
09/25/2022,HKY,NC,ASO,ES,Federal Contract Tower,0,8,10,0,18,0,2,27,2,31,0,10,37,2,49,2,0,2,51
09/26/2022,HKY,NC,ASO,ES,Federal Contract Tower,0,13,4,0,17,0,10,47,2,59,0,23,51,2,76,24,0,24,100
09/27/2022,HKY,NC,ASO,ES,Federal Contract Tower,0,1,3,0,4,0,5,55,0,60,0,6,58,0,64,38,0,38,102
09/28/2022,HKY,NC,ASO,ES,Federal Contract Tower,0,8,2,0,10,0,7,76,0,83,0,15,78,0,93,34,0,34,127
09/29/2022,HKY,NC,ASO,ES,Federal Contract Tower,0,5,3,0,8,0,8,9,3,20,0,13,12,3,28,10,0,10,38
09/30/2022,HKY,NC,ASO,ES,Federal Contract Tower,0,3,1,0,4,0,0,0,0,0,0,3,1,0,4,0,0,0,4
10/01/2022,HKY,NC,ASO,ES,Federal Contract Tower,0,0,7,0,7,0,0,22,0,22,0,0,29,0,29,16,0,16,45
10/02/2022,HKY,NC,ASO,ES,Federal Contract Tower,0,6,4,0,10,0,0,20,0,20,0,6,24,0,30,0,0,0,30
10/03/2022,HKY,NC,ASO,ES,Federal Contract Tower,0,14,11,0,25,0,0,20,0,20,0,14,31,0,45,14,0,14,59
10/04/2022,HKY,NC,ASO,ES,Federal Contract Tower,0,7,4,0,11,0,6,33,1,40,0,13,37,1,51,48,0,48,99
10/05/2022,HKY,NC,ASO,ES,Federal Contract Tower,0,11,4,3,18,0,10,67,9,86,0,21,71,12,104,30,0,30,134
10/06/2022,HKY,NC,ASO,ES,Federal Contract Tower,0,9,12,2,23,0,8,74,2,84,0,17,86,4,107,34,0,34,141
10/07/2022,HKY,NC,ASO,ES,Federal Contract Tower,0,12,7,0,19,0,0,0,0,0,0,12,7,0,19,44,0,44,63
10/08/2022,HKY,NC,ASO,ES,Federal Contract Tower,0,9,8,0,17,0,3,99,0,102,0,12,107,0,119,38,0,38,157
10/09/2022,HKY,NC,ASO,ES,Federal Contract Tower,0,12,4,0,16,0,5,48,0,53,0,17,52,0,69,36,0,36,105
10/10/2022,HKY,NC,ASO,ES,Federal Contract Tower,0,11,5,0,16,0,3,27,0,30,0,14,32,0,46,20,0,20,66
10/11/2022,HKY,NC,ASO,ES,Federal Contract Tower,0,4,5,2,11,0,6,64,3,73,0,10,69,5,84,32,0,32,116
10/12/2022,HKY,NC,ASO,ES,Federal Contract Tower,0,14,9,0,23,0,0,8,0,8,0,14,17,0,31,0,0,0,31
10/13/2022,HKY,NC,ASO,ES,Federal Contract Tower,0,13,9,1,23,0,3,41,0,44,0,16,50,1,67,50,0,50,117
10/14/2022,HKY,NC,ASO,ES,Federal Contract Tower,0,17,8,0,25,0,8,64,0,72,0,25,72,0,97,56,0,56,153
10/15/2022,HKY,NC,ASO,ES,Federal Contract Tower,0,7,4,1,12,0,8,54,1,63,0,15,58,2,75,26,0,26,101
10/16/2022,HKY,NC,ASO,ES,Federal Contract Tower,0,8,10,0,18,0,3,37,2,42,0,11,47,2,60,24,0,24,84
10/17/2022,HKY,NC,ASO,ES,Federal Contract Tower,0,12,11,0,23,0,2,61,0,63,0,14,72,0,86,68,0,68,154
10/18/2022,HKY,NC,ASO,ES,Federal Contract Tower,0,10,5,0,15,0,9,41,2,52,0,19,46,2,67,22,0,22,89
10/19/2022,HKY,NC,ASO,ES,Federal Contract Tower,0,14,9,0,23,0,7,45,14,66,0,21,54,14,89,38,0,38,127
10/20/2022,HKY,NC,ASO,ES,Federal Contract Tower,0,11,2,1,14,0,8,67,5,80,0,19,69,6,94,36,0,36,130
10/21/2022,HKY,NC,ASO,ES,Federal Contract Tower,0,5,9,0,14,0,3,61,9,73,0,8,70,9,87,72,0,72,159
10/22/2022,HKY,NC,ASO,ES,Federal Contract Tower,0,9,5,2,16,0,2,67,6,75,0,11,72,8,91,16,0,16,107
10/23/2022,HKY,NC,ASO,ES,Federal Contract Tower,0,11,11,0,22,0,5,46,6,57,0,16,57,6,79,16,0,16,95
10/24/2022,HKY,NC,ASO,ES,Federal Contract Tower,0,5,10,0,15,0,6,59,6,71,0,11,69,6,86,20,0,20,106
10/25/2022,HKY,NC,ASO,ES,Federal Contract Tower,0,6,2,0,8,0,1,68,4,73,0,7,70,4,81,52,0,52,133
10/26/2022,HKY,NC,ASO,ES,Federal Contract Tower,0,7,10,0,17,0,2,5,0,7,0,9,15,0,24,0,0,0,24
10/27/2022,HKY,NC,ASO,ES,Federal Contract Tower,0,15,7,0,22,0,5,55,4,64,0,20,62,4,86,46,0,46,132
10/28/2022,HKY,NC,ASO,ES,Federal Contract Tower,0,6,7,0,13,0,3,49,2,54,0,9,56,2,67,48,0,48,115
10/29/2022,HKY,NC,ASO,ES,Federal Contract Tower,0,6,21,0,27,0,4,33,0,37,0,10,54,0,64,2,0,2,66
10/30/2022,HKY,NC,ASO,ES,Federal Contract Tower,0,5,8,0,13,0,0,0,0,0,0,5,8,0,13,0,0,0,13
10/31/2022,HKY,NC,ASO,ES,Federal Contract Tower,0,9,1,0,10,0,0,0,0,0,0,9,1,0,10,0,0,0,10
11/01/2022,HKY,NC,ASO,ES,Federal Contract Tower,0,8,17,0,25,0,4,33,2,39,0,12,50,2,64,34,0,34,98
11/02/2022,HKY,NC,ASO,ES,Federal Contract Tower,0,9,10,0,19,0,3,86,0,89,0,12,96,0,108,36,0,36,144
11/03/2022,HKY,NC,ASO,ES,Federal Contract Tower,0,7,10,0,17,0,4,56,5,65,0,11,66,5,82,56,12,68,150
11/04/2022,HKY,NC,ASO,ES,Federal Contract Tower,0,7,7,0,14,0,9,43,0,52,0,16,50,0,66,28,0,28,94
11/05/2022,HKY,NC,ASO,ES,Federal Contract Tower,0,5,4,0,9,0,0,0,0,0,0,5,4,0,9,0,0,0,9
11/06/2022,HKY,NC,ASO,ES,Federal Contract Tower,0,8,5,0,13,0,1,3,0,4,0,9,8,0,17,0,0,0,17
11/07/2022,HKY,NC,ASO,ES,Federal Contract Tower,0,7,7,3,17,0,7,35,0,42,0,14,42,3,59,24,0,24,83
11/08/2022,HKY,NC,ASO,ES,Federal Contract Tower,0,1,6,1,8,0,5,38,1,44,0,6,44,2,52,28,0,28,80
11/09/2022,HKY,NC,ASO,ES,Federal Contract Tower,0,6,11,0,17,0,4,59,0,63,0,10,70,0,80,124,0,124,204
11/10/2022,HKY,NC,ASO,ES,Federal Contract Tower,0,7,7,0,14,0,1,11,0,12,0,8,18,0,26,16,0,16,42
11/11/2022,HKY,NC,ASO,ES,Federal Contract Tower,0,0,0,0,0,0,0,0,0,0,0,0,0,0,0,0,0,0,0
11/12/2022,HKY,NC,ASO,ES,Federal Contract Tower,0,6,7,0,13,0,0,0,0,0,0,6,7,0,13,24,0,24,37
11/13/2022,HKY,NC,ASO,ES,Federal Contract Tower,0,7,4,0,11,0,0,0,0,0,0,7,4,0,11,14,0,14,25
11/14/2022,HKY,NC,ASO,ES,Federal Contract Tower,0,10,2,0,12,0,3,60,2,65,0,13,62,2,77,70,0,70,147
11/15/2022,HKY,NC,ASO,ES,Federal Contract Tower,0,9,1,0,10,0,0,0,0,0,0,9,1,0,10,0,0,0,10
11/16/2022,HKY,NC,ASO,ES,Federal Contract Tower,0,15,3,1,19,0,3,59,1,63,0,18,62,2,82,56,0,56,138
11/17/2022,HKY,NC,ASO,ES,Federal Contract Tower,0,8,7,0,15,0,4,76,0,80,0,12,83,0,95,72,0,72,167
11/18/2022,HKY,NC,ASO,ES,Federal Contract Tower,0,11,6,0,17,0,3,42,5,50,0,14,48,5,67,22,0,22,89
11/19/2022,HKY,NC,ASO,ES,Federal Contract Tower,0,8,1,0,9,0,0,59,1,60,0,8,60,1,69,26,0,26,95
11/20/2022,HKY,NC,ASO,ES,Federal Contract Tower,0,6,6,0,12,0,3,43,0,46,0,9,49,0,58,30,0,30,88
11/21/2022,HKY,NC,ASO,ES,Federal Contract Tower,0,5,9,0,14,0,3,57,4,64,0,8,66,4,78,136,0,136,214
11/22/2022,HKY,NC,ASO,ES,Federal Contract Tower,0,10,7,4,21,0,10,68,2,80,0,20,75,6,101,68,0,68,169
11/23/2022,HKY,NC,ASO,ES,Federal Contract Tower,0,9,3,0,12,0,8,69,2,79,0,17,72,2,91,60,0,60,151
11/24/2022,HKY,NC,ASO,ES,Federal Contract Tower,0,1,3,0,4,0,4,19,0,23,0,5,22,0,27,10,0,10,37
11/25/2022,HKY,NC,ASO,ES,Federal Contract Tower,0,1,4,0,5,0,0,27,0,27,0,1,31,0,32,22,0,22,54
11/26/2022,HKY,NC,ASO,ES,Federal Contract Tower,0,8,1,0,9,0,8,52,15,75,0,16,53,15,84,52,0,52,136
11/27/2022,HKY,NC,ASO,ES,Federal Contract Tower,0,16,5,0,21,0,1,0,0,1,0,17,5,0,22,0,0,0,22
11/28/2022,HKY,NC,ASO,ES,Federal Contract Tower,0,8,2,0,10,0,4,70,2,76,0,12,72,2,86,82,0,82,168
11/29/2022,HKY,NC,ASO,ES,Federal Contract Tower,0,6,2,2,10,0,3,62,0,65,0,9,64,2,75,96,0,96,171
11/30/2022,HKY,NC,ASO,ES,Federal Contract Tower,0,8,2,0,10,0,0,2,0,2,0,8,4,0,12,0,0,0,12
12/01/2022,HKY,NC,ASO,ES,Federal Contract Tower,0,3,2,0,5,0,5,63,0,68,0,8,65,0,73,50,0,50,123
12/02/2022,HKY,NC,ASO,ES,Federal Contract Tower,0,5,8,0,13,0,1,40,2,43,0,6,48,2,56,30,0,30,86
12/03/2022,HKY,NC,ASO,ES,Federal Contract Tower,0,5,1,0,6,0,2,3,0,5,0,7,4,0,11,6,0,6,17
12/04/2022,HKY,NC,ASO,ES,Federal Contract Tower,0,10,3,0,13,0,5,42,0,47,0,15,45,0,60,36,0,36,96
12/05/2022,HKY,NC,ASO,ES,Federal Contract Tower,0,6,4,0,10,0,38,5,0,43,0,44,9,0,53,124,0,124,177
12/06/2022,HKY,NC,ASO,ES,Federal Contract Tower,4,8,1,0,13,0,0,0,0,0,4,8,1,0,13,0,0,0,13
12/07/2022,HKY,NC,ASO,ES,Federal Contract Tower,0,4,3,0,7,0,0,0,0,0,0,4,3,0,7,0,0,0,7
12/08/2022,HKY,NC,ASO,ES,Federal Contract Tower,0,11,6,0,17,0,0,9,0,9,0,11,15,0,26,2,0,2,28
12/09/2022,HKY,NC,ASO,ES,Federal Contract Tower,0,5,2,0,7,0,0,2,0,2,0,5,4,0,9,0,0,0,9
12/10/2022,HKY,NC,ASO,ES,Federal Contract Tower,0,2,5,0,7,0,0,1,0,1,0,2,6,0,8,2,0,2,10
12/11/2022,HKY,NC,ASO,ES,Federal Contract Tower,0,4,10,0,14,0,0,4,0,4,0,4,14,0,18,0,0,0,18
12/12/2022,HKY,NC,ASO,ES,Federal Contract Tower,0,3,3,0,6,0,2,50,0,52,0,5,53,0,58,88,0,88,146
12/13/2022,HKY,NC,ASO,ES,Federal Contract Tower,0,9,7,0,16,0,4,43,2,49,0,13,50,2,65,24,0,24,89
12/14/2022,HKY,NC,ASO,ES,Federal Contract Tower,0,2,6,2,10,0,6,16,0,22,0,8,22,2,32,60,0,60,92
12/15/2022,HKY,NC,ASO,ES,Federal Contract Tower,0,7,2,0,9,0,0,0,0,0,0,7,2,0,9,0,0,0,9
12/16/2022,HKY,NC,ASO,ES,Federal Contract Tower,0,7,9,0,16,0,3,88,0,91,0,10,97,0,107,60,0,60,167
12/17/2022,HKY,NC,ASO,ES,Federal Contract Tower,0,3,7,0,10,0,1,55,0,56,0,4,62,0,66,48,0,48,114
12/18/2022,HKY,NC,ASO,ES,Federal Contract Tower,0,12,6,0,18,0,7,41,0,48,0,19,47,0,66,20,0,20,86
12/19/2022,HKY,NC,ASO,ES,Federal Contract Tower,0,5,3,0,8,0,4,70,0,74,0,9,73,0,82,50,0,50,132
12/20/2022,HKY,NC,ASO,ES,Federal Contract Tower,0,7,9,0,16,0,9,112,4,125,0,16,121,4,141,48,0,48,189
12/21/2022,HKY,NC,ASO,ES,Federal Contract Tower,0,9,15,1,25,0,2,59,5,66,0,11,74,6,91,100,0,100,191
12/22/2022,HKY,NC,ASO,ES,Federal Contract Tower,0,5,0,0,5,0,0,0,0,0,0,5,0,0,5,0,0,0,5
12/23/2022,HKY,NC,ASO,ES,Federal Contract Tower,0,3,0,0,3,0,1,0,0,1,0,4,0,0,4,0,0,0,4
12/24/2022,HKY,NC,ASO,ES,Federal Contract Tower,0,2,0,0,2,0,4,6,0,10,0,6,6,0,12,4,0,4,16
12/25/2022,HKY,NC,ASO,ES,Federal Contract Tower,0,0,2,0,2,0,10,5,0,15,0,10,7,0,17,4,0,4,21
12/26/2022,HKY,NC,ASO,ES,Federal Contract Tower,0,6,6,0,12,0,4,35,0,39,0,10,41,0,51,12,0,12,63
12/27/2022,HKY,NC,ASO,ES,Federal Contract Tower,0,5,4,0,9,0,6,61,0,67,0,11,65,0,76,30,0,30,106
12/28/2022,HKY,NC,ASO,ES,Federal Contract Tower,0,5,10,1,16,0,7,49,1,57,0,12,59,2,73,32,0,32,105
12/29/2022,HKY,NC,ASO,ES,Federal Contract Tower,0,11,12,0,23,0,5,83,0,88,0,16,95,0,111,84,0,84,195
12/30/2022,HKY,NC,ASO,ES,Federal Contract Tower,2,10,8,0,20,0,2,27,0,29,2,12,35,0,49,40,0,40,89
12/31/2022,HKY,NC,ASO,ES,Federal Contract Tower,0,2,0,0,2,0,0,0,0,0,0,2,0,0,2,0,0,0,2
01/01/2023,HKY,NC,ASO,ES,Federal Contract Tower,0,2,3,0,5,0,3,2,0,5,0,5,5,0,10,4,0,4,14
01/02/2023,HKY,NC,ASO,ES,Federal Contract Tower,0,8,11,0,19,0,2,25,0,27,0,10,36,0,46,44,0,44,90
01/03/2023,HKY,NC,ASO,ES,Federal Contract Tower,0,11,2,0,13,0,0,0,0,0,0,11,2,0,13,0,0,0,13
01/04/2023,HKY,NC,ASO,ES,Federal Contract Tower,0,5,0,0,5,0,0,0,0,0,0,5,0,0,5,0,0,0,5
01/05/2023,HKY,NC,ASO,ES,Federal Contract Tower,0,9,13,0,22,0,6,74,0,80,0,15,87,0,102,52,0,52,154
01/06/2023,HKY,NC,ASO,ES,Federal Contract Tower,0,3,4,0,7,0,3,103,0,106,0,6,107,0,113,108,0,108,221
01/07/2023,HKY,NC,ASO,ES,Federal Contract Tower,0,6,2,0,8,0,4,75,2,81,0,10,77,2,89,78,0,78,167
01/08/2023,HKY,NC,ASO,ES,Federal Contract Tower,0,6,6,0,12,0,0,2,0,2,0,6,8,0,14,0,0,0,14
01/09/2023,HKY,NC,ASO,ES,Federal Contract Tower,0,9,2,0,11,0,6,46,0,52,0,15,48,0,63,28,0,28,91
01/10/2023,HKY,NC,ASO,ES,Federal Contract Tower,0,6,7,0,13,0,7,104,4,115,0,13,111,4,128,74,0,74,202
01/11/2023,HKY,NC,ASO,ES,Federal Contract Tower,0,16,5,0,21,0,7,112,0,119,0,23,117,0,140,68,0,68,208
01/12/2023,HKY,NC,ASO,ES,Federal Contract Tower,2,8,3,0,13,0,0,0,0,0,2,8,3,0,13,0,0,0,13
01/13/2023,HKY,NC,ASO,ES,Federal Contract Tower,0,5,5,0,10,0,4,26,2,32,0,9,31,2,42,4,0,4,46
01/14/2023,HKY,NC,ASO,ES,Federal Contract Tower,0,4,7,0,11,0,5,83,0,88,0,9,90,0,99,8,0,8,107
01/15/2023,HKY,NC,ASO,ES,Federal Contract Tower,0,5,2,0,7,0,5,55,0,60,0,10,57,0,67,44,0,44,111
01/16/2023,HKY,NC,ASO,ES,Federal Contract Tower,0,7,15,0,22,0,5,79,0,84,0,12,94,0,106,58,0,58,164
01/17/2023,HKY,NC,ASO,ES,Federal Contract Tower,0,7,14,0,21,0,0,4,0,4,0,7,18,0,25,0,0,0,25
01/18/2023,HKY,NC,ASO,ES,Federal Contract Tower,0,6,7,0,13,0,6,49,0,55,0,12,56,0,68,36,0,36,104
01/19/2023,HKY,NC,ASO,ES,Federal Contract Tower,0,12,3,2,17,0,0,2,0,2,0,12,5,2,19,0,0,0,19
01/20/2023,HKY,NC,ASO,ES,Federal Contract Tower,0,6,4,0,10,0,8,58,2,68,0,14,62,2,78,32,0,32,110
01/21/2023,HKY,NC,ASO,ES,Federal Contract Tower,0,10,3,0,13,0,1,97,0,98,0,11,100,0,111,54,0,54,165
01/22/2023,HKY,NC,ASO,ES,Federal Contract Tower,0,2,0,0,2,0,0,0,0,0,0,2,0,0,2,0,0,0,2
01/23/2023,HKY,NC,ASO,ES,Federal Contract Tower,0,12,5,1,18,0,1,14,0,15,0,13,19,1,33,10,0,10,43
01/24/2023,HKY,NC,ASO,ES,Federal Contract Tower,0,7,6,0,13,0,13,125,0,138,0,20,131,0,151,66,0,66,217
01/25/2023,HKY,NC,ASO,ES,Federal Contract Tower,0,3,1,0,4,0,0,0,0,0,0,3,1,0,4,0,0,0,4
01/26/2023,HKY,NC,ASO,ES,Federal Contract Tower,2,13,12,0,27,0,7,15,4,26,2,20,27,4,53,2,0,2,55
01/27/2023,HKY,NC,ASO,ES,Federal Contract Tower,0,9,4,1,14,0,9,63,0,72,0,18,67,1,86,30,0,30,116
01/28/2023,HKY,NC,ASO,ES,Federal Contract Tower,0,4,5,0,9,0,4,128,3,135,0,8,133,3,144,58,0,58,202
01/29/2023,HKY,NC,ASO,ES,Federal Contract Tower,0,7,9,0,16,0,0,27,0,27,0,7,36,0,43,2,0,2,45
01/30/2023,HKY,NC,ASO,ES,Federal Contract Tower,0,4,5,0,9,0,0,32,0,32,0,4,37,0,41,12,0,12,53
01/31/2023,HKY,NC,ASO,ES,Federal Contract Tower,0,5,1,0,6,0,0,0,0,0,0,5,1,0,6,0,0,0,6
02/01/2023,HKY,NC,ASO,ES,Federal Contract Tower,15,0,2,0,17,0,0,1,0,1,15,0,3,0,18,0,0,0,18
02/02/2023,HKY,NC,ASO,ES,Federal Contract Tower,0,2,0,0,2,0,0,0,0,0,0,2,0,0,2,0,0,0,2
02/03/2023,HKY,NC,ASO,ES,Federal Contract Tower,2,5,7,0,14,0,5,50,2,57,2,10,57,2,71,12,0,12,83
02/04/2023,HKY,NC,ASO,ES,Federal Contract Tower,0,1,5,0,6,0,2,68,0,70,0,3,73,0,76,34,0,34,110
02/05/2023,HKY,NC,ASO,ES,Federal Contract Tower,0,8,10,0,18,0,11,63,18,92,0,19,73,18,110,44,0,44,154
02/06/2023,HKY,NC,ASO,ES,Federal Contract Tower,0,2,0,0,2,0,1,79,0,80,0,3,79,0,82,44,0,44,126
02/07/2023,HKY,NC,ASO,ES,Federal Contract Tower,0,5,9,0,14,0,5,73,0,78,0,10,82,0,92,100,2,102,194
02/08/2023,HKY,NC,ASO,ES,Federal Contract Tower,0,8,1,0,9,0,7,43,2,52,0,15,44,2,61,26,0,26,87
02/09/2023,HKY,NC,ASO,ES,Federal Contract Tower,0,4,9,1,14,0,5,1,5,11,0,9,10,6,25,0,0,0,25
02/10/2023,HKY,NC,ASO,ES,Federal Contract Tower,0,8,2,0,10,0,5,56,0,61,0,13,58,0,71,56,0,56,127
02/11/2023,HKY,NC,ASO,ES,Federal Contract Tower,0,5,4,0,9,0,2,96,6,104,0,7,100,6,113,8,0,8,121
02/12/2023,HKY,NC,ASO,ES,Federal Contract Tower,0,4,0,0,4,0,0,0,0,0,0,4,0,0,4,0,0,0,4
02/13/2023,HKY,NC,ASO,ES,Federal Contract Tower,0,2,8,0,10,0,6,80,2,88,0,8,88,2,98,40,0,40,138
02/14/2023,HKY,NC,ASO,ES,Federal Contract Tower,0,3,7,0,10,0,6,70,2,78,0,9,77,2,88,36,0,36,124
02/15/2023,HKY,NC,ASO,ES,Federal Contract Tower,0,13,8,1,22,0,6,49,4,59,0,19,57,5,81,22,0,22,103
02/16/2023,HKY,NC,ASO,ES,Federal Contract Tower,2,11,16,0,29,0,5,19,2,26,2,16,35,2,55,58,0,58,113
02/17/2023,HKY,NC,ASO,ES,Federal Contract Tower,0,11,4,0,15,0,0,1,0,1,0,11,5,0,16,0,0,0,16
02/18/2023,HKY,NC,ASO,ES,Federal Contract Tower,0,6,5,0,11,0,3,90,0,93,0,9,95,0,104,26,0,26,130
02/19/2023,HKY,NC,ASO,ES,Federal Contract Tower,0,3,7,0,10,0,3,30,0,33,0,6,37,0,43,0,0,0,43
02/20/2023,HKY,NC,ASO,ES,Federal Contract Tower,0,12,4,0,16,0,16,39,0,55,0,28,43,0,71,14,0,14,85
02/21/2023,HKY,NC,ASO,ES,Federal Contract Tower,0,8,3,0,11,0,10,17,2,29,0,18,20,2,40,30,0,30,70
02/22/2023,HKY,NC,ASO,ES,Federal Contract Tower,0,6,3,0,9,0,3,10,3,16,0,9,13,3,25,8,0,8,33
02/23/2023,HKY,NC,ASO,ES,Federal Contract Tower,0,12,2,3,17,0,3,6,1,10,0,15,8,4,27,4,0,4,31
02/24/2023,HKY,NC,ASO,ES,Federal Contract Tower,0,2,11,10,23,0,6,91,4,101,0,8,102,14,124,100,0,100,224
02/25/2023,HKY,NC,ASO,ES,Federal Contract Tower,0,7,4,0,11,0,1,0,0,1,0,8,4,0,12,0,0,0,12
02/26/2023,HKY,NC,ASO,ES,Federal Contract Tower,0,8,3,0,11,0,2,5,0,7,0,10,8,0,18,0,0,0,18
02/27/2023,HKY,NC,ASO,ES,Federal Contract Tower,0,11,5,0,16,0,1,0,0,1,0,12,5,0,17,0,0,0,17
02/28/2023,HKY,NC,ASO,ES,Federal Contract Tower,0,2,16,0,18,0,8,70,6,84,0,10,86,6,102,72,0,72,174
03/01/2023,HKY,NC,ASO,ES,Federal Contract Tower,0,9,10,0,19,0,4,107,7,118,0,13,117,7,137,98,0,98,235
03/02/2023,HKY,NC,ASO,ES,Federal Contract Tower,0,7,12,2,21,0,2,0,0,2,0,9,12,2,23,2,0,2,25
03/03/2023,HKY,NC,ASO,ES,Federal Contract Tower,0,1,1,0,2,0,0,0,0,0,0,1,1,0,2,0,0,0,2
03/04/2023,HKY,NC,ASO,ES,Federal Contract Tower,0,7,4,0,11,0,6,65,0,71,0,13,69,0,82,34,0,34,116
03/05/2023,HKY,NC,ASO,ES,Federal Contract Tower,0,5,4,0,9,0,12,49,0,61,0,17,53,0,70,38,0,38,108
03/06/2023,HKY,NC,ASO,ES,Federal Contract Tower,0,6,4,2,12,0,1,84,2,87,0,7,88,4,99,104,0,104,203
03/07/2023,HKY,NC,ASO,ES,Federal Contract Tower,0,2,2,0,4,0,3,12,4,19,0,5,14,4,23,20,2,22,45
03/08/2023,HKY,NC,ASO,ES,Federal Contract Tower,0,3,8,0,11,0,11,52,3,66,0,14,60,3,77,38,0,38,115
03/09/2023,HKY,NC,ASO,ES,Federal Contract Tower,0,5,10,0,15,0,2,88,0,90,0,7,98,0,105,76,2,78,183
03/10/2023,HKY,NC,ASO,ES,Federal Contract Tower,0,4,14,0,18,0,8,8,0,16,0,12,22,0,34,0,0,0,34
03/11/2023,HKY,NC,ASO,ES,Federal Contract Tower,0,0,2,0,2,0,3,117,7,127,0,3,119,7,129,32,0,32,161
03/12/2023,HKY,NC,ASO,ES,Federal Contract Tower,0,5,1,0,6,0,0,0,0,0,0,5,1,0,6,0,0,0,6
03/13/2023,HKY,NC,ASO,ES,Federal Contract Tower,0,5,4,0,9,0,0,12,0,12,0,5,16,0,21,0,0,0,21
03/14/2023,HKY,NC,ASO,ES,Federal Contract Tower,0,9,8,2,19,0,6,10,3,19,0,15,18,5,38,14,0,14,52
03/15/2023,HKY,NC,ASO,ES,Federal Contract Tower,0,8,8,0,16,0,5,66,0,71,0,13,74,0,87,60,0,60,147
03/16/2023,HKY,NC,ASO,ES,Federal Contract Tower,0,5,7,0,12,0,7,94,6,107,0,12,101,6,119,70,0,70,189
03/17/2023,HKY,NC,ASO,ES,Federal Contract Tower,0,3,1,0,4,0,0,6,0,6,0,3,7,0,10,12,0,12,22
03/18/2023,HKY,NC,ASO,ES,Federal Contract Tower,0,0,5,0,5,0,7,41,2,50,0,7,46,2,55,42,0,42,97
03/19/2023,HKY,NC,ASO,ES,Federal Contract Tower,0,2,4,0,6,0,4,54,0,58,0,6,58,0,64,38,0,38,102
03/20/2023,HKY,NC,ASO,ES,Federal Contract Tower,0,5,8,0,13,0,3,71,0,74,0,8,79,0,87,54,0,54,141
03/21/2023,HKY,NC,ASO,ES,Federal Contract Tower,0,3,8,0,11,0,0,96,0,96,0,3,104,0,107,58,0,58,165
03/22/2023,HKY,NC,ASO,ES,Federal Contract Tower,0,12,3,0,15,0,0,14,0,14,0,12,17,0,29,64,0,64,93
03/23/2023,HKY,NC,ASO,ES,Federal Contract Tower,0,13,6,1,20,0,3,33,2,38,0,16,39,3,58,14,0,14,72
03/24/2023,HKY,NC,ASO,ES,Federal Contract Tower,0,10,6,0,16,0,2,37,1,40,0,12,43,1,56,18,0,18,74
03/25/2023,HKY,NC,ASO,ES,Federal Contract Tower,0,4,2,0,6,0,3,0,0,3,0,7,2,0,9,0,0,0,9
03/26/2023,HKY,NC,ASO,ES,Federal Contract Tower,0,12,6,0,18,0,2,88,0,90,0,14,94,0,108,98,0,98,206
03/27/2023,HKY,NC,ASO,ES,Federal Contract Tower,0,9,5,0,14,0,6,10,0,16,0,15,15,0,30,26,0,26,56
03/28/2023,HKY,NC,ASO,ES,Federal Contract Tower,0,10,7,0,17,0,0,58,2,60,0,10,65,2,77,82,0,82,159
03/29/2023,HKY,NC,ASO,ES,Federal Contract Tower,0,14,5,1,20,0,4,86,8,98,0,18,91,9,118,82,0,82,200
03/30/2023,HKY,NC,ASO,ES,Federal Contract Tower,0,8,18,0,26,0,7,81,17,105,0,15,99,17,131,24,0,24,155
03/31/2023,HKY,NC,ASO,ES,Federal Contract Tower,2,6,7,1,16,0,5,33,5,43,2,11,40,6,59,4,0,4,63
04/01/2023,HKY,NC,ASO,ES,Federal Contract Tower,0,3,0,0,3,0,5,1,0,6,0,8,1,0,9,0,0,0,9
04/02/2023,HKY,NC,ASO,ES,Federal Contract Tower,0,6,9,0,15,0,12,92,18,122,0,18,101,18,137,76,0,76,213
04/03/2023,HKY,NC,ASO,ES,Federal Contract Tower,0,4,9,0,13,0,16,37,1,54,0,20,46,1,67,28,0,28,95
04/04/2023,HKY,NC,ASO,ES,Federal Contract Tower,0,5,3,0,8,0,8,107,0,115,0,13,110,0,123,50,0,50,173
04/05/2023,HKY,NC,ASO,ES,Federal Contract Tower,0,14,6,0,20,0,10,14,4,28,0,24,20,4,48,10,0,10,58
04/06/2023,HKY,NC,ASO,ES,Federal Contract Tower,0,4,7,0,11,0,5,36,0,41,0,9,43,0,52,36,0,36,88
04/07/2023,HKY,NC,ASO,ES,Federal Contract Tower,0,12,0,0,12,0,0,0,0,0,0,12,0,0,12,0,0,0,12
04/08/2023,HKY,NC,ASO,ES,Federal Contract Tower,0,7,2,0,9,0,0,0,0,0,0,7,2,0,9,0,0,0,9
04/09/2023,HKY,NC,ASO,ES,Federal Contract Tower,0,5,6,0,11,0,3,45,0,48,0,8,51,0,59,18,0,18,77
04/10/2023,HKY,NC,ASO,ES,Federal Contract Tower,0,6,5,0,11,0,2,90,0,92,0,8,95,0,103,64,0,64,167
04/11/2023,HKY,NC,ASO,ES,Federal Contract Tower,0,9,12,0,21,0,6,82,2,90,0,15,94,2,111,50,0,50,161
04/12/2023,HKY,NC,ASO,ES,Federal Contract Tower,0,17,11,0,28,0,1,65,4,70,0,18,76,4,98,34,0,34,132
04/13/2023,HKY,NC,ASO,ES,Federal Contract Tower,0,7,8,0,15,0,5,88,6,99,0,12,96,6,114,72,0,72,186
04/14/2023,HKY,NC,ASO,ES,Federal Contract Tower,0,8,4,0,12,0,9,9,0,18,0,17,13,0,30,12,0,12,42
04/15/2023,HKY,NC,ASO,ES,Federal Contract Tower,0,7,16,0,23,0,4,79,0,83,0,11,95,0,106,34,0,34,140
04/16/2023,HKY,NC,ASO,ES,Federal Contract Tower,0,11,7,0,18,0,6,49,0,55,0,17,56,0,73,18,0,18,91
04/17/2023,HKY,NC,ASO,ES,Federal Contract Tower,0,4,2,0,6,0,5,69,10,84,0,9,71,10,90,12,0,12,102
04/18/2023,HKY,NC,ASO,ES,Federal Contract Tower,0,6,7,2,15,0,7,55,0,62,0,13,62,2,77,14,0,14,91
04/19/2023,HKY,NC,ASO,ES,Federal Contract Tower,0,8,9,0,17,0,10,57,5,72,0,18,66,5,89,32,0,32,121
04/20/2023,HKY,NC,ASO,ES,Federal Contract Tower,0,5,4,0,9,0,4,60,4,68,0,9,64,4,77,46,2,48,125
04/21/2023,HKY,NC,ASO,ES,Federal Contract Tower,0,5,5,0,10,0,10,53,5,68,0,15,58,5,78,54,0,54,132
04/22/2023,HKY,NC,ASO,ES,Federal Contract Tower,0,4,8,0,12,0,0,4,0,4,0,4,12,0,16,0,0,0,16
04/23/2023,HKY,NC,ASO,ES,Federal Contract Tower,0,13,11,0,24,0,4,47,0,51,0,17,58,0,75,28,0,28,103
04/24/2023,HKY,NC,ASO,ES,Federal Contract Tower,0,12,4,0,16,0,5,67,0,72,0,17,71,0,88,14,0,14,102
04/25/2023,HKY,NC,ASO,ES,Federal Contract Tower,0,12,18,2,32,0,6,109,2,117,0,18,127,4,149,72,0,72,221
04/26/2023,HKY,NC,ASO,ES,Federal Contract Tower,0,9,5,0,14,0,5,51,0,56,0,14,56,0,70,28,0,28,98
04/27/2023,HKY,NC,ASO,ES,Federal Contract Tower,0,12,9,0,21,0,0,0,0,0,0,12,9,0,21,0,0,0,21
04/28/2023,HKY,NC,ASO,ES,Federal Contract Tower,0,5,12,0,17,0,1,4,2,7,0,6,16,2,24,0,0,0,24
04/29/2023,HKY,NC,ASO,ES,Federal Contract Tower,0,10,10,0,20,0,5,21,0,26,0,15,31,0,46,14,0,14,60
04/30/2023,HKY,NC,ASO,ES,Federal Contract Tower,0,15,10,0,25,0,4,29,0,33,0,19,39,0,58,8,0,8,66
05/01/2023,HKY,NC,ASO,ES,Federal Contract Tower,0,6,0,0,6,0,5,37,0,42,0,11,37,0,48,22,0,22,70
05/02/2023,HKY,NC,ASO,ES,Federal Contract Tower,0,5,2,0,7,0,1,11,2,14,0,6,13,2,21,8,0,8,29
05/03/2023,HKY,NC,ASO,ES,Federal Contract Tower,0,5,7,0,12,0,6,19,0,25,0,11,26,0,37,8,0,8,45
05/04/2023,HKY,NC,ASO,ES,Federal Contract Tower,0,8,23,0,31,0,7,117,1,125,0,15,140,1,156,48,0,48,204
05/05/2023,HKY,NC,ASO,ES,Federal Contract Tower,0,12,14,2,28,0,6,92,0,98,0,18,106,2,126,66,0,66,192
05/06/2023,HKY,NC,ASO,ES,Federal Contract Tower,0,6,18,0,24,0,3,77,0,80,0,9,95,0,104,30,0,30,134
05/07/2023,HKY,NC,ASO,ES,Federal Contract Tower,0,12,7,0,19,0,4,30,0,34,0,16,37,0,53,28,0,28,81
05/08/2023,HKY,NC,ASO,ES,Federal Contract Tower,0,12,13,0,25,0,1,36,2,39,0,13,49,2,64,54,0,54,118
05/09/2023,HKY,NC,ASO,ES,Federal Contract Tower,0,12,10,2,24,0,3,31,2,36,0,15,41,4,60,6,4,10,70
05/10/2023,HKY,NC,ASO,ES,Federal Contract Tower,0,4,6,0,10,0,6,87,4,97,0,10,93,4,107,138,0,138,245
05/11/2023,HKY,NC,ASO,ES,Federal Contract Tower,0,6,7,0,13,0,5,60,3,68,0,11,67,3,81,58,6,64,145
05/12/2023,HKY,NC,ASO,ES,Federal Contract Tower,0,3,10,0,13,0,0,9,0,9,0,3,19,0,22,2,0,2,24
05/13/2023,HKY,NC,ASO,ES,Federal Contract Tower,0,1,12,0,13,0,4,68,0,72,0,5,80,0,85,10,0,10,95
05/14/2023,HKY,NC,ASO,ES,Federal Contract Tower,0,10,10,0,20,0,3,8,0,11,0,13,18,0,31,0,0,0,31
05/15/2023,HKY,NC,ASO,ES,Federal Contract Tower,0,8,10,0,18,0,7,79,2,88,0,15,89,2,106,44,0,44,150
05/16/2023,HKY,NC,ASO,ES,Federal Contract Tower,0,7,5,0,12,0,1,14,0,15,0,8,19,0,27,8,0,8,35
05/17/2023,HKY,NC,ASO,ES,Federal Contract Tower,0,14,12,0,26,0,14,99,6,119,0,28,111,6,145,98,6,104,249
05/18/2023,HKY,NC,ASO,ES,Federal Contract Tower,0,15,17,0,32,0,8,55,0,63,0,23,72,0,95,56,0,56,151
05/19/2023,HKY,NC,ASO,ES,Federal Contract Tower,0,15,21,0,36,0,2,47,6,55,0,17,68,6,91,126,0,126,217
05/20/2023,HKY,NC,ASO,ES,Federal Contract Tower,0,9,9,1,19,0,2,62,0,64,0,11,71,1,83,96,0,96,179
05/21/2023,HKY,NC,ASO,ES,Federal Contract Tower,0,13,9,0,22,0,1,74,0,75,0,14,83,0,97,58,0,58,155
05/22/2023,HKY,NC,ASO,ES,Federal Contract Tower,0,6,11,0,17,0,4,85,1,90,0,10,96,1,107,76,0,76,183
05/23/2023,HKY,NC,ASO,ES,Federal Contract Tower,0,5,9,0,14,0,5,50,6,61,0,10,59,6,75,14,6,20,95
05/24/2023,HKY,NC,ASO,ES,Federal Contract Tower,0,9,8,0,17,0,7,82,4,93,0,16,90,4,110,104,0,104,214
05/25/2023,HKY,NC,ASO,ES,Federal Contract Tower,0,10,9,0,19,0,7,72,0,79,0,17,81,0,98,38,0,38,136
05/26/2023,HKY,NC,ASO,ES,Federal Contract Tower,0,7,11,0,18,0,2,46,2,50,0,9,57,2,68,2,0,2,70
05/27/2023,HKY,NC,ASO,ES,Federal Contract Tower,0,2,5,0,7,0,2,3,0,5,0,4,8,0,12,20,0,20,32
05/28/2023,HKY,NC,ASO,ES,Federal Contract Tower,0,3,3,0,6,0,0,0,0,0,0,3,3,0,6,0,0,0,6
05/29/2023,HKY,NC,ASO,ES,Federal Contract Tower,0,8,10,0,18,0,0,18,0,18,0,8,28,0,36,0,0,0,36
05/30/2023,HKY,NC,ASO,ES,Federal Contract Tower,0,12,11,1,24,0,27,1,0,28,0,39,12,1,52,50,0,50,102
05/31/2023,HKY,NC,ASO,ES,Federal Contract Tower,0,6,13,3,22,0,5,37,1,43,0,11,50,4,65,86,0,86,151
06/01/2023,HKY,NC,ASO,ES,Federal Contract Tower,0,9,7,1,17,0,7,102,3,112,0,16,109,4,129,76,0,76,205
06/02/2023,HKY,NC,ASO,ES,Federal Contract Tower,0,8,10,0,18,0,9,88,0,97,0,17,98,0,115,50,0,50,165
06/03/2023,HKY,NC,ASO,ES,Federal Contract Tower,0,6,3,0,9,0,1,87,0,88,0,7,90,0,97,64,0,64,161
06/04/2023,HKY,NC,ASO,ES,Federal Contract Tower,0,9,17,0,26,0,2,22,0,24,0,11,39,0,50,40,0,40,90
06/05/2023,HKY,NC,ASO,ES,Federal Contract Tower,0,8,8,3,19,0,3,33,1,37,0,11,41,4,56,6,0,6,62
06/06/2023,HKY,NC,ASO,ES,Federal Contract Tower,0,7,8,0,15,0,2,82,2,86,0,9,90,2,101,78,0,78,179
06/07/2023,HKY,NC,ASO,ES,Federal Contract Tower,0,2,6,0,8,0,2,33,0,35,0,4,39,0,43,24,0,24,67
06/08/2023,HKY,NC,ASO,ES,Federal Contract Tower,0,15,4,0,19,0,3,52,2,57,0,18,56,2,76,48,0,48,124
06/09/2023,HKY,NC,ASO,ES,Federal Contract Tower,0,11,5,0,16,0,9,113,2,124,0,20,118,2,140,26,0,26,166
06/10/2023,HKY,NC,ASO,ES,Federal Contract Tower,0,9,7,0,16,0,5,149,2,156,0,14,156,2,172,46,0,46,218
06/11/2023,HKY,NC,ASO,ES,Federal Contract Tower,0,8,8,0,16,0,3,26,0,29,0,11,34,0,45,6,0,6,51
06/12/2023,HKY,NC,ASO,ES,Federal Contract Tower,0,5,8,0,13,0,1,2,2,5,0,6,10,2,18,2,0,2,20
06/13/2023,HKY,NC,ASO,ES,Federal Contract Tower,0,16,5,1,22,0,4,67,5,76,0,20,72,6,98,56,0,56,154
06/14/2023,HKY,NC,ASO,ES,Federal Contract Tower,0,11,8,1,20,0,1,39,1,41,0,12,47,2,61,26,0,26,87
06/15/2023,HKY,NC,ASO,ES,Federal Contract Tower,0,4,7,3,14,0,1,32,6,39,0,5,39,9,53,6,0,6,59
06/16/2023,HKY,NC,ASO,ES,Federal Contract Tower,0,9,7,0,16,0,3,19,2,24,0,12,26,2,40,28,0,28,68
06/17/2023,HKY,NC,ASO,ES,Federal Contract Tower,0,5,10,0,15,0,1,58,1,60,0,6,68,1,75,10,0,10,85
06/18/2023,HKY,NC,ASO,ES,Federal Contract Tower,0,7,6,0,13,0,4,33,0,37,0,11,39,0,50,20,0,20,70
06/19/2023,HKY,NC,ASO,ES,Federal Contract Tower,0,8,2,0,10,0,5,0,0,5,0,13,2,0,15,0,0,0,15
06/20/2023,HKY,NC,ASO,ES,Federal Contract Tower,0,12,2,0,14,0,0,0,0,0,0,12,2,0,14,0,0,0,14
06/21/2023,HKY,NC,ASO,ES,Federal Contract Tower,0,6,6,0,12,0,0,0,0,0,0,6,6,0,12,0,0,0,12
06/22/2023,HKY,NC,ASO,ES,Federal Contract Tower,0,7,3,0,10,0,0,0,0,0,0,7,3,0,10,0,0,0,10
06/23/2023,HKY,NC,ASO,ES,Federal Contract Tower,0,5,9,0,14,0,3,6,0,9,0,8,15,0,23,10,8,18,41
06/24/2023,HKY,NC,ASO,ES,Federal Contract Tower,0,7,9,0,16,0,3,42,0,45,0,10,51,0,61,64,0,64,125
06/25/2023,HKY,NC,ASO,ES,Federal Contract Tower,0,1,7,0,8,0,7,29,0,36,0,8,36,0,44,26,0,26,70
06/26/2023,HKY,NC,ASO,ES,Federal Contract Tower,0,15,3,0,18,0,4,41,2,47,0,19,44,2,65,108,0,108,173
06/27/2023,HKY,NC,ASO,ES,Federal Contract Tower,0,17,11,0,28,0,9,48,3,60,0,26,59,3,88,102,0,102,190
06/28/2023,HKY,NC,ASO,ES,Federal Contract Tower,0,6,14,0,20,0,3,98,6,107,0,9,112,6,127,140,0,140,267
06/29/2023,HKY,NC,ASO,ES,Federal Contract Tower,0,15,14,0,29,0,5,53,2,60,0,20,67,2,89,121,0,121,210
06/30/2023,HKY,NC,ASO,ES,Federal Contract Tower,0,10,4,0,14,0,4,61,0,65,0,14,65,0,79,70,0,70,149
07/01/2023,HKY,NC,ASO,ES,Federal Contract Tower,0,18,5,1,24,0,2,27,1,30,0,20,32,2,54,10,0,10,64
07/02/2023,HKY,NC,ASO,ES,Federal Contract Tower,0,2,15,0,17,0,6,22,0,28,0,8,37,0,45,0,0,0,45
07/03/2023,HKY,NC,ASO,ES,Federal Contract Tower,0,3,4,0,7,0,5,36,2,43,0,8,40,2,50,28,0,28,78
07/04/2023,HKY,NC,ASO,ES,Federal Contract Tower,0,1,3,2,6,0,1,39,0,40,0,2,42,2,46,20,0,20,66
07/05/2023,HKY,NC,ASO,ES,Federal Contract Tower,0,29,2,0,31,0,9,46,0,55,0,38,48,0,86,14,0,14,100
07/06/2023,HKY,NC,ASO,ES,Federal Contract Tower,0,9,13,2,24,0,5,54,2,61,0,14,67,4,85,34,0,34,119
07/07/2023,HKY,NC,ASO,ES,Federal Contract Tower,0,5,7,2,14,0,4,58,0,62,0,9,65,2,76,8,0,8,84
07/08/2023,HKY,NC,ASO,ES,Federal Contract Tower,0,1,6,0,7,0,6,184,2,192,0,7,190,2,199,16,0,16,215
07/09/2023,HKY,NC,ASO,ES,Federal Contract Tower,0,16,5,0,21,0,7,10,0,17,0,23,15,0,38,4,0,4,42
07/10/2023,HKY,NC,ASO,ES,Federal Contract Tower,0,9,4,0,13,0,9,40,2,51,0,18,44,2,64,54,0,54,118
07/11/2023,HKY,NC,ASO,ES,Federal Contract Tower,0,9,8,0,17,0,5,106,2,113,0,14,114,2,130,50,0,50,180
07/12/2023,HKY,NC,ASO,ES,Federal Contract Tower,0,19,7,0,26,0,5,91,2,98,0,24,98,2,124,98,4,102,226
07/13/2023,HKY,NC,ASO,ES,Federal Contract Tower,0,14,14,1,29,0,10,52,6,68,0,24,66,7,97,62,0,62,159
07/14/2023,HKY,NC,ASO,ES,Federal Contract Tower,0,3,7,0,10,0,3,18,0,21,0,6,25,0,31,16,0,16,47
07/15/2023,HKY,NC,ASO,ES,Federal Contract Tower,0,10,5,0,15,0,0,7,0,7,0,10,12,0,22,6,0,6,28
07/16/2023,HKY,NC,ASO,ES,Federal Contract Tower,0,12,15,0,27,0,5,48,0,53,0,17,63,0,80,6,0,6,86
07/17/2023,HKY,NC,ASO,ES,Federal Contract Tower,0,8,14,0,22,0,4,38,1,43,0,12,52,1,65,98,0,98,163
07/18/2023,HKY,NC,ASO,ES,Federal Contract Tower,0,4,9,0,13,0,5,32,0,37,0,9,41,0,50,72,0,72,122
07/19/2023,HKY,NC,ASO,ES,Federal Contract Tower,0,10,6,0,16,0,3,70,0,73,0,13,76,0,89,58,0,58,147
07/20/2023,HKY,NC,ASO,ES,Federal Contract Tower,0,9,4,1,14,0,4,75,1,80,0,13,79,2,94,60,0,60,154
07/21/2023,HKY,NC,ASO,ES,Federal Contract Tower,0,8,8,0,16,0,2,67,0,69,0,10,75,0,85,34,0,34,119
07/22/2023,HKY,NC,ASO,ES,Federal Contract Tower,0,7,7,0,14,0,8,55,0,63,0,15,62,0,77,90,0,90,167
07/23/2023,HKY,NC,ASO,ES,Federal Contract Tower,0,3,7,0,10,0,2,11,0,13,0,5,18,0,23,10,0,10,33
07/24/2023,HKY,NC,ASO,ES,Federal Contract Tower,0,12,17,0,29,0,4,40,0,44,0,16,57,0,73,76,0,76,149
07/25/2023,HKY,NC,ASO,ES,Federal Contract Tower,0,6,9,0,15,0,4,76,2,82,0,10,85,2,97,83,0,83,180
07/26/2023,HKY,NC,ASO,ES,Federal Contract Tower,0,4,15,0,19,0,3,78,2,83,0,7,93,2,102,40,0,40,142
07/27/2023,HKY,NC,ASO,ES,Federal Contract Tower,0,7,13,0,20,0,6,35,2,43,0,13,48,2,63,54,0,54,117
07/28/2023,HKY,NC,ASO,ES,Federal Contract Tower,0,14,8,2,24,0,0,31,8,39,0,14,39,10,63,74,0,74,137
07/29/2023,HKY,NC,ASO,ES,Federal Contract Tower,0,8,7,0,15,0,2,42,3,47,0,10,49,3,62,38,0,38,100
07/30/2023,HKY,NC,ASO,ES,Federal Contract Tower,0,20,5,0,25,0,5,18,8,31,0,25,23,8,56,0,0,0,56
07/31/2023,HKY,NC,ASO,ES,Federal Contract Tower,0,4,13,0,17,0,4,42,0,46,0,8,55,0,63,44,0,44,107
08/01/2023,HKY,NC,ASO,ES,Federal Contract Tower,0,14,13,0,27,0,4,85,0,89,0,18,98,0,116,116,0,116,232
08/02/2023,HKY,NC,ASO,ES,Federal Contract Tower,0,11,8,0,19,0,83,10,0,93,0,94,18,0,112,32,0,32,144
08/03/2023,HKY,NC,ASO,ES,Federal Contract Tower,0,8,12,0,20,0,0,1,0,1,0,8,13,0,21,0,0,0,21
08/04/2023,HKY,NC,ASO,ES,Federal Contract Tower,0,7,6,0,13,0,0,41,0,41,0,7,47,0,54,148,0,148,202
08/05/2023,HKY,NC,ASO,ES,Federal Contract Tower,0,7,6,0,13,0,4,95,0,99,0,11,101,0,112,132,0,132,244
08/06/2023,HKY,NC,ASO,ES,Federal Contract Tower,0,13,11,0,24,0,3,34,0,37,0,16,45,0,61,34,0,34,95
08/07/2023,HKY,NC,ASO,ES,Federal Contract Tower,0,12,6,0,18,0,19,0,0,19,0,31,6,0,37,16,0,16,53
08/08/2023,HKY,NC,ASO,ES,Federal Contract Tower,0,15,4,1,20,0,3,50,4,57,0,18,54,5,77,78,0,78,155
08/09/2023,HKY,NC,ASO,ES,Federal Contract Tower,0,11,4,0,15,0,4,75,0,79,0,15,79,0,94,114,0,114,208
08/10/2023,HKY,NC,ASO,ES,Federal Contract Tower,0,18,7,0,25,0,0,26,0,26,0,18,33,0,51,2,0,2,53
08/11/2023,HKY,NC,ASO,ES,Federal Contract Tower,0,13,12,0,25,0,2,46,0,48,0,15,58,0,73,76,0,76,149
08/12/2023,HKY,NC,ASO,ES,Federal Contract Tower,0,7,5,0,12,0,5,156,0,161,0,12,161,0,173,38,0,38,211
08/13/2023,HKY,NC,ASO,ES,Federal Contract Tower,0,5,3,0,8,0,3,53,0,56,0,8,56,0,64,32,0,32,96
08/14/2023,HKY,NC,ASO,ES,Federal Contract Tower,2,13,5,0,20,0,4,35,0,39,2,17,40,0,59,60,0,60,119
08/15/2023,HKY,NC,ASO,ES,Federal Contract Tower,0,6,1,2,9,0,7,33,0,40,0,13,34,2,49,62,4,66,115
08/16/2023,HKY,NC,ASO,ES,Federal Contract Tower,0,9,4,0,13,0,7,58,2,67,0,16,62,2,80,10,0,10,90
08/17/2023,HKY,NC,ASO,ES,Federal Contract Tower,0,6,6,0,12,0,6,82,0,88,0,12,88,0,100,44,0,44,144
08/18/2023,HKY,NC,ASO,ES,Federal Contract Tower,0,11,1,0,12,0,6,65,2,73,0,17,66,2,85,90,0,90,175
08/19/2023,HKY,NC,ASO,ES,Federal Contract Tower,0,3,5,0,8,0,89,3,0,92,0,92,8,0,100,36,0,36,136
08/20/2023,HKY,NC,ASO,ES,Federal Contract Tower,0,12,9,0,21,0,4,54,0,58,0,16,63,0,79,14,0,14,93
08/21/2023,HKY,NC,ASO,ES,Federal Contract Tower,0,5,11,0,16,0,4,45,4,53,0,9,56,4,69,50,10,60,129
08/22/2023,HKY,NC,ASO,ES,Federal Contract Tower,0,5,9,0,14,0,7,119,2,128,0,12,128,2,142,69,0,69,211
08/23/2023,HKY,NC,ASO,ES,Federal Contract Tower,0,5,5,0,10,0,3,55,1,59,0,8,60,1,69,70,4,74,143
08/24/2023,HKY,NC,ASO,ES,Federal Contract Tower,0,5,3,2,10,0,9,64,2,75,0,14,67,4,85,124,0,124,209
08/25/2023,HKY,NC,ASO,ES,Federal Contract Tower,0,4,10,8,22,0,12,60,2,74,0,16,70,10,96,68,36,104,200
08/26/2023,HKY,NC,ASO,ES,Federal Contract Tower,0,2,7,0,9,0,7,64,0,71,0,9,71,0,80,68,0,68,148
08/27/2023,HKY,NC,ASO,ES,Federal Contract Tower,0,7,7,0,14,0,1,50,0,51,0,8,57,0,65,16,0,16,81
08/28/2023,HKY,NC,ASO,ES,Federal Contract Tower,0,6,9,0,15,0,3,2,0,5,0,9,11,0,20,0,0,0,20
08/29/2023,HKY,NC,ASO,ES,Federal Contract Tower,0,15,2,0,17,0,2,2,0,4,0,17,4,0,21,0,0,0,21
08/30/2023,HKY,NC,ASO,ES,Federal Contract Tower,0,9,3,0,12,0,7,8,0,15,0,16,11,0,27,0,0,0,27
08/31/2023,HKY,NC,ASO,ES,Federal Contract Tower,0,5,10,0,15,0,5,78,2,85,0,10,88,2,100,58,0,58,158
