01/01/2020,HLG,WV,AEA,CE,Federal Contract Tower,0,0,0,0,0,0,6,6,0,12,0,6,6,0,12,4,0,4,16
01/02/2020,HLG,WV,AEA,CE,Federal Contract Tower,0,0,0,0,0,0,4,6,0,10,0,4,6,0,10,0,0,0,10
01/03/2020,HLG,WV,AEA,CE,Federal Contract Tower,0,2,2,0,4,0,0,0,0,0,0,2,2,0,4,0,0,0,4
01/04/2020,HLG,WV,AEA,CE,Federal Contract Tower,0,5,0,0,5,0,0,0,0,0,0,5,0,0,5,0,0,0,5
01/05/2020,HLG,WV,AEA,CE,Federal Contract Tower,0,0,3,0,3,0,0,8,1,9,0,0,11,1,12,4,10,14,26
01/06/2020,HLG,WV,AEA,CE,Federal Contract Tower,0,0,0,2,2,0,2,14,9,25,0,2,14,11,27,0,28,28,55
01/07/2020,HLG,WV,AEA,CE,Federal Contract Tower,0,0,2,6,8,0,0,12,6,18,0,0,14,12,26,0,18,18,44
01/08/2020,HLG,WV,AEA,CE,Federal Contract Tower,0,0,0,2,2,0,0,22,6,28,0,0,22,8,30,0,32,32,62
01/09/2020,HLG,WV,AEA,CE,Federal Contract Tower,0,1,1,0,2,0,1,7,3,11,0,2,8,3,13,0,6,6,19
01/10/2020,HLG,WV,AEA,CE,Federal Contract Tower,0,0,1,0,1,0,0,2,31,33,0,0,3,31,34,0,114,114,148
01/11/2020,HLG,WV,AEA,CE,Federal Contract Tower,0,0,0,1,1,0,0,4,0,4,0,0,4,1,5,0,0,0,5
01/12/2020,HLG,WV,AEA,CE,Federal Contract Tower,0,0,4,2,6,0,0,17,18,35,0,0,21,20,41,0,78,78,119
01/13/2020,HLG,WV,AEA,CE,Federal Contract Tower,0,2,0,1,3,0,2,21,12,35,0,4,21,13,38,26,50,76,114
01/14/2020,HLG,WV,AEA,CE,Federal Contract Tower,0,1,0,0,1,0,0,1,11,12,0,1,1,11,13,0,74,74,87
01/15/2020,HLG,WV,AEA,CE,Federal Contract Tower,0,2,3,4,9,0,0,0,1,1,0,2,3,5,10,0,22,22,32
01/16/2020,HLG,WV,AEA,CE,Federal Contract Tower,0,1,0,0,1,0,2,6,7,15,0,3,6,7,16,0,34,34,50
01/17/2020,HLG,WV,AEA,CE,Federal Contract Tower,0,1,0,2,3,0,0,15,12,27,0,1,15,14,30,8,36,44,74
01/18/2020,HLG,WV,AEA,CE,Federal Contract Tower,0,0,0,0,0,0,0,0,0,0,0,0,0,0,0,0,0,0,0
01/19/2020,HLG,WV,AEA,CE,Federal Contract Tower,0,0,0,0,0,0,0,4,0,4,0,0,4,0,4,0,0,0,4
01/20/2020,HLG,WV,AEA,CE,Federal Contract Tower,0,0,0,0,0,0,0,2,0,2,0,0,2,0,2,0,0,0,2
01/21/2020,HLG,WV,AEA,CE,Federal Contract Tower,0,5,1,0,6,0,0,15,8,23,0,5,16,8,29,0,40,40,69
01/22/2020,HLG,WV,AEA,CE,Federal Contract Tower,0,6,0,0,6,0,2,23,3,28,0,8,23,3,34,4,28,32,66
01/23/2020,HLG,WV,AEA,CE,Federal Contract Tower,0,3,0,0,3,0,0,14,0,14,0,3,14,0,17,0,0,0,17
01/24/2020,HLG,WV,AEA,CE,Federal Contract Tower,0,3,0,0,3,0,0,3,0,3,0,3,3,0,6,0,12,12,18
01/25/2020,HLG,WV,AEA,CE,Federal Contract Tower,0,0,1,0,1,0,0,2,0,2,0,0,3,0,3,0,0,0,3
01/26/2020,HLG,WV,AEA,CE,Federal Contract Tower,0,0,1,0,1,0,0,1,0,1,0,0,2,0,2,0,0,0,2
01/27/2020,HLG,WV,AEA,CE,Federal Contract Tower,0,0,0,0,0,0,0,0,2,2,0,0,0,2,2,0,32,32,34
01/28/2020,HLG,WV,AEA,CE,Federal Contract Tower,0,1,0,2,3,0,0,0,2,2,0,1,0,4,5,0,32,32,37
01/29/2020,HLG,WV,AEA,CE,Federal Contract Tower,0,5,1,7,13,0,4,7,9,20,0,9,8,16,33,8,92,100,133
01/30/2020,HLG,WV,AEA,CE,Federal Contract Tower,0,1,0,2,3,0,1,13,15,29,0,2,13,17,32,20,56,76,108
01/31/2020,HLG,WV,AEA,CE,Federal Contract Tower,0,0,0,4,4,0,0,4,8,12,0,0,4,12,16,0,56,56,72
02/01/2020,HLG,WV,AEA,CE,Federal Contract Tower,0,0,0,0,0,0,0,0,0,0,0,0,0,0,0,48,0,48,48
02/02/2020,HLG,WV,AEA,CE,Federal Contract Tower,0,0,0,1,1,0,0,5,12,17,0,0,5,13,18,0,56,56,74
02/03/2020,HLG,WV,AEA,CE,Federal Contract Tower,0,0,1,0,1,0,0,20,9,29,0,0,21,9,30,18,70,88,118
02/04/2020,HLG,WV,AEA,CE,Federal Contract Tower,0,1,2,3,6,0,0,0,10,10,0,1,2,13,16,0,48,48,64
02/05/2020,HLG,WV,AEA,CE,Federal Contract Tower,0,1,0,0,1,0,0,8,9,17,0,1,8,9,18,16,20,36,54
02/06/2020,HLG,WV,AEA,CE,Federal Contract Tower,0,1,0,0,1,0,0,0,0,0,0,1,0,0,1,0,0,0,1
02/07/2020,HLG,WV,AEA,CE,Federal Contract Tower,0,0,0,0,0,0,0,2,4,6,0,0,2,4,6,0,42,42,48
02/08/2020,HLG,WV,AEA,CE,Federal Contract Tower,0,0,0,0,0,0,0,2,6,8,0,0,2,6,8,0,46,46,54
02/09/2020,HLG,WV,AEA,CE,Federal Contract Tower,0,2,2,0,4,0,2,2,10,14,0,4,4,10,18,0,72,72,90
02/10/2020,HLG,WV,AEA,CE,Federal Contract Tower,0,4,0,0,4,0,0,0,0,0,0,4,0,0,4,0,0,0,4
02/11/2020,HLG,WV,AEA,CE,Federal Contract Tower,0,4,0,0,4,0,0,2,4,6,0,4,2,4,10,0,32,32,42
02/12/2020,HLG,WV,AEA,CE,Federal Contract Tower,0,1,1,0,2,0,0,7,2,9,0,1,8,2,11,0,16,16,27
02/13/2020,HLG,WV,AEA,CE,Federal Contract Tower,0,0,2,0,2,0,0,0,1,1,0,0,2,1,3,0,0,0,3
02/14/2020,HLG,WV,AEA,CE,Federal Contract Tower,0,0,0,1,1,0,0,20,0,20,0,0,20,1,21,8,0,8,29
02/15/2020,HLG,WV,AEA,CE,Federal Contract Tower,0,0,0,0,0,0,0,10,0,10,0,0,10,0,10,14,0,14,24
02/16/2020,HLG,WV,AEA,CE,Federal Contract Tower,0,0,2,0,2,0,0,7,0,7,0,0,9,0,9,2,0,2,11
02/17/2020,HLG,WV,AEA,CE,Federal Contract Tower,0,2,2,0,4,0,0,18,0,18,0,2,20,0,22,0,0,0,22
02/18/2020,HLG,WV,AEA,CE,Federal Contract Tower,0,0,2,2,4,0,0,0,2,2,0,0,2,4,6,0,4,4,10
02/19/2020,HLG,WV,AEA,CE,Federal Contract Tower,0,2,0,0,2,0,0,23,2,25,0,2,23,2,27,16,0,16,43
02/20/2020,HLG,WV,AEA,CE,Federal Contract Tower,0,2,0,0,2,0,2,33,0,35,0,4,33,0,37,2,0,2,39
02/21/2020,HLG,WV,AEA,CE,Federal Contract Tower,0,0,0,0,0,0,0,37,4,41,0,0,37,4,41,44,16,60,101
02/22/2020,HLG,WV,AEA,CE,Federal Contract Tower,0,0,0,0,0,0,0,14,0,14,0,0,14,0,14,8,0,8,22
02/23/2020,HLG,WV,AEA,CE,Federal Contract Tower,0,0,0,0,0,0,0,16,0,16,0,0,16,0,16,22,0,22,38
02/24/2020,HLG,WV,AEA,CE,Federal Contract Tower,0,3,3,0,6,0,6,24,1,31,0,9,27,1,37,18,0,18,55
02/25/2020,HLG,WV,AEA,CE,Federal Contract Tower,0,0,0,0,0,0,0,4,0,4,0,0,4,0,4,0,0,0,4
02/26/2020,HLG,WV,AEA,CE,Federal Contract Tower,0,4,0,0,4,0,0,0,4,4,0,4,0,4,8,0,30,30,38
02/27/2020,HLG,WV,AEA,CE,Federal Contract Tower,0,0,1,3,4,0,0,0,6,6,0,0,1,9,10,0,24,24,34
02/28/2020,HLG,WV,AEA,CE,Federal Contract Tower,0,0,4,0,4,0,0,10,4,14,0,0,14,4,18,8,20,28,46
02/29/2020,HLG,WV,AEA,CE,Federal Contract Tower,0,0,0,0,0,0,0,2,0,2,0,0,2,0,2,0,0,0,2
03/01/2020,HLG,WV,AEA,CE,Federal Contract Tower,0,3,0,0,3,0,2,20,0,22,0,5,20,0,25,48,0,48,73
03/02/2020,HLG,WV,AEA,CE,Federal Contract Tower,0,2,0,0,2,0,0,0,0,0,0,2,0,0,2,0,0,0,2
03/03/2020,HLG,WV,AEA,CE,Federal Contract Tower,0,0,0,0,0,0,0,0,2,2,0,0,0,2,2,0,14,14,16
03/04/2020,HLG,WV,AEA,CE,Federal Contract Tower,0,0,0,0,0,0,0,16,0,16,0,0,16,0,16,0,0,0,16
03/05/2020,HLG,WV,AEA,CE,Federal Contract Tower,0,0,2,3,5,0,4,21,20,45,0,4,23,23,50,6,78,84,134
03/06/2020,HLG,WV,AEA,CE,Federal Contract Tower,0,0,0,5,5,0,0,12,27,39,0,0,12,32,44,0,132,132,176
03/07/2020,HLG,WV,AEA,CE,Federal Contract Tower,0,0,0,0,0,0,0,4,5,9,0,0,4,5,9,0,18,18,27
03/08/2020,HLG,WV,AEA,CE,Federal Contract Tower,0,0,3,1,4,0,0,8,15,23,0,0,11,16,27,6,64,70,97
03/09/2020,HLG,WV,AEA,CE,Federal Contract Tower,0,0,0,0,0,0,4,12,6,22,0,4,12,6,22,0,16,16,38
03/10/2020,HLG,WV,AEA,CE,Federal Contract Tower,0,2,0,2,4,0,0,2,0,2,0,2,2,2,6,12,0,12,18
03/11/2020,HLG,WV,AEA,CE,Federal Contract Tower,0,2,2,0,4,0,0,0,1,1,0,2,2,1,5,0,0,0,5
03/12/2020,HLG,WV,AEA,CE,Federal Contract Tower,0,0,2,0,2,0,0,10,5,15,0,0,12,5,17,0,16,16,33
03/13/2020,HLG,WV,AEA,CE,Federal Contract Tower,0,0,2,0,2,0,2,26,1,29,0,2,28,1,31,2,0,2,33
03/14/2020,HLG,WV,AEA,CE,Federal Contract Tower,0,0,4,0,4,0,0,23,0,23,0,0,27,0,27,34,0,34,61
03/15/2020,HLG,WV,AEA,CE,Federal Contract Tower,0,0,6,0,6,0,0,7,0,7,0,0,13,0,13,6,0,6,19
03/16/2020,HLG,WV,AEA,CE,Federal Contract Tower,0,0,1,0,1,0,0,13,3,16,0,0,14,3,17,24,14,38,55
03/17/2020,HLG,WV,AEA,CE,Federal Contract Tower,0,6,1,0,7,0,2,0,2,4,0,8,1,2,11,0,32,32,43
03/18/2020,HLG,WV,AEA,CE,Federal Contract Tower,0,1,1,1,3,0,0,12,10,22,0,1,13,11,25,0,28,28,53
03/19/2020,HLG,WV,AEA,CE,Federal Contract Tower,0,3,5,0,8,0,0,9,0,9,0,3,14,0,17,26,0,26,43
03/20/2020,HLG,WV,AEA,CE,Federal Contract Tower,0,0,0,0,0,0,0,0,0,0,0,0,0,0,0,0,0,0,0
03/21/2020,HLG,WV,AEA,CE,Federal Contract Tower,0,0,4,0,4,0,0,16,0,16,0,0,20,0,20,14,0,14,34
03/22/2020,HLG,WV,AEA,CE,Federal Contract Tower,0,0,1,0,1,0,0,6,2,8,0,0,7,2,9,0,6,6,15
03/23/2020,HLG,WV,AEA,CE,Federal Contract Tower,0,0,0,0,0,0,0,0,0,0,0,0,0,0,0,0,0,0,0
03/24/2020,HLG,WV,AEA,CE,Federal Contract Tower,0,0,0,1,1,0,2,11,4,17,0,2,11,5,18,78,30,108,126
03/25/2020,HLG,WV,AEA,CE,Federal Contract Tower,0,4,0,0,4,0,0,12,0,12,0,4,12,0,16,90,0,90,106
03/26/2020,HLG,WV,AEA,CE,Federal Contract Tower,0,0,0,0,0,0,6,12,6,24,0,6,12,6,24,4,10,14,38
03/27/2020,HLG,WV,AEA,CE,Federal Contract Tower,0,0,2,6,8,0,2,11,1,14,0,2,13,7,22,0,6,6,28
03/28/2020,HLG,WV,AEA,CE,Federal Contract Tower,0,0,4,0,4,0,0,4,0,4,0,0,8,0,8,26,0,26,34
03/29/2020,HLG,WV,AEA,CE,Federal Contract Tower,0,3,0,0,3,0,1,3,0,4,0,4,3,0,7,8,0,8,15
03/30/2020,HLG,WV,AEA,CE,Federal Contract Tower,0,1,0,0,1,0,2,0,0,2,0,3,0,0,3,0,0,0,3
03/31/2020,HLG,WV,AEA,CE,Federal Contract Tower,0,0,0,0,0,0,0,6,2,8,0,0,6,2,8,0,24,24,32
04/01/2020,HLG,WV,AEA,CE,Federal Contract Tower,0,0,0,0,0,0,0,0,3,3,0,0,0,3,3,0,6,6,9
04/02/2020,HLG,WV,AEA,CE,Federal Contract Tower,0,0,2,0,2,0,0,13,3,16,0,0,15,3,18,16,8,24,42
04/03/2020,HLG,WV,AEA,CE,Federal Contract Tower,0,0,2,1,3,0,0,25,26,51,0,0,27,27,54,126,66,192,246
04/04/2020,HLG,WV,AEA,CE,Federal Contract Tower,0,0,1,1,2,0,0,10,8,18,0,0,11,9,20,34,12,46,66
04/05/2020,HLG,WV,AEA,CE,Federal Contract Tower,0,0,3,0,3,0,0,10,0,10,0,0,13,0,13,20,0,20,33
04/06/2020,HLG,WV,AEA,CE,Federal Contract Tower,0,0,0,0,0,0,0,14,0,14,0,0,14,0,14,6,0,6,20
04/07/2020,HLG,WV,AEA,CE,Federal Contract Tower,0,0,0,0,0,0,0,10,0,10,0,0,10,0,10,2,0,2,12
04/08/2020,HLG,WV,AEA,CE,Federal Contract Tower,0,0,2,0,2,0,0,10,0,10,0,0,12,0,12,6,0,6,18
04/09/2020,HLG,WV,AEA,CE,Federal Contract Tower,0,0,0,0,0,0,0,0,0,0,0,0,0,0,0,0,0,0,0
04/10/2020,HLG,WV,AEA,CE,Federal Contract Tower,0,0,1,2,3,0,0,0,10,10,0,0,1,12,13,0,54,54,67
04/11/2020,HLG,WV,AEA,CE,Federal Contract Tower,0,0,2,0,2,0,0,4,0,4,0,0,6,0,6,4,0,4,10
04/12/2020,HLG,WV,AEA,CE,Federal Contract Tower,0,0,0,0,0,0,0,4,0,4,0,0,4,0,4,0,0,0,4
04/13/2020,HLG,WV,AEA,CE,Federal Contract Tower,0,1,0,0,1,0,0,0,0,0,0,1,0,0,1,0,0,0,1
04/14/2020,HLG,WV,AEA,CE,Federal Contract Tower,0,0,2,0,2,0,0,18,2,20,0,0,20,2,22,26,40,66,88
04/15/2020,HLG,WV,AEA,CE,Federal Contract Tower,0,2,2,0,4,0,0,9,4,13,0,2,11,4,17,0,42,42,59
04/16/2020,HLG,WV,AEA,CE,Federal Contract Tower,0,1,1,3,5,0,0,13,0,13,0,1,14,3,18,0,0,0,18
04/17/2020,HLG,WV,AEA,CE,Federal Contract Tower,0,0,4,0,4,0,0,10,9,19,0,0,14,9,23,26,26,52,75
04/18/2020,HLG,WV,AEA,CE,Federal Contract Tower,0,0,7,2,9,0,0,11,1,12,0,0,18,3,21,0,0,0,21
04/19/2020,HLG,WV,AEA,CE,Federal Contract Tower,0,0,4,2,6,0,0,14,6,20,0,0,18,8,26,12,8,20,46
04/20/2020,HLG,WV,AEA,CE,Federal Contract Tower,0,0,0,0,0,0,0,22,1,23,0,0,22,1,23,10,4,14,37
04/21/2020,HLG,WV,AEA,CE,Federal Contract Tower,0,0,0,0,0,0,0,4,4,8,0,0,4,4,8,0,12,12,20
04/22/2020,HLG,WV,AEA,CE,Federal Contract Tower,0,2,0,0,2,0,0,13,0,13,0,2,13,0,15,6,0,6,21
04/23/2020,HLG,WV,AEA,CE,Federal Contract Tower,0,0,0,0,0,0,0,10,10,20,0,0,10,10,20,94,42,136,156
04/24/2020,HLG,WV,AEA,CE,Federal Contract Tower,0,0,0,0,0,0,0,2,1,3,0,0,2,1,3,4,0,4,7
04/25/2020,HLG,WV,AEA,CE,Federal Contract Tower,0,0,1,0,1,0,0,26,0,26,0,0,27,0,27,66,0,66,93
04/26/2020,HLG,WV,AEA,CE,Federal Contract Tower,0,0,0,0,0,0,0,0,0,0,0,0,0,0,0,0,0,0,0
04/27/2020,HLG,WV,AEA,CE,Federal Contract Tower,0,2,0,0,2,0,2,34,0,36,0,4,34,0,38,26,0,26,64
04/28/2020,HLG,WV,AEA,CE,Federal Contract Tower,0,0,0,0,0,0,0,12,11,23,0,0,12,11,23,0,64,64,87
04/29/2020,HLG,WV,AEA,CE,Federal Contract Tower,0,0,0,0,0,0,0,18,8,26,0,0,18,8,26,0,34,34,60
04/30/2020,HLG,WV,AEA,CE,Federal Contract Tower,0,2,0,3,5,0,0,17,6,23,0,2,17,9,28,40,36,76,104
05/01/2020,HLG,WV,AEA,CE,Federal Contract Tower,0,0,2,2,4,0,2,3,8,13,0,2,5,10,17,0,40,40,57
05/02/2020,HLG,WV,AEA,CE,Federal Contract Tower,0,0,1,0,1,0,2,13,4,19,0,2,14,4,20,6,10,16,36
05/03/2020,HLG,WV,AEA,CE,Federal Contract Tower,0,0,2,0,2,0,0,4,0,4,0,0,6,0,6,0,0,0,6
05/04/2020,HLG,WV,AEA,CE,Federal Contract Tower,0,0,0,0,0,0,0,28,13,41,0,0,28,13,41,0,60,60,101
05/05/2020,HLG,WV,AEA,CE,Federal Contract Tower,0,0,0,0,0,0,0,19,0,19,0,0,19,0,19,0,54,54,73
05/06/2020,HLG,WV,AEA,CE,Federal Contract Tower,0,0,2,0,2,0,2,2,0,4,0,2,4,0,6,2,0,2,8
05/07/2020,HLG,WV,AEA,CE,Federal Contract Tower,0,0,0,3,3,0,0,19,4,23,0,0,19,7,26,0,8,8,34
05/08/2020,HLG,WV,AEA,CE,Federal Contract Tower,0,0,0,0,0,0,0,8,2,10,0,0,8,2,10,0,14,14,24
05/09/2020,HLG,WV,AEA,CE,Federal Contract Tower,0,0,1,0,1,0,0,6,0,6,0,0,7,0,7,0,0,0,7
05/10/2020,HLG,WV,AEA,CE,Federal Contract Tower,0,0,0,0,0,0,0,8,0,8,0,0,8,0,8,0,0,0,8
05/11/2020,HLG,WV,AEA,CE,Federal Contract Tower,0,0,0,0,0,0,0,11,0,11,0,0,11,0,11,0,0,0,11
05/12/2020,HLG,WV,AEA,CE,Federal Contract Tower,0,0,3,0,3,0,0,16,13,29,0,0,19,13,32,94,72,166,198
05/13/2020,HLG,WV,AEA,CE,Federal Contract Tower,0,0,4,0,4,0,4,18,8,30,0,4,22,8,34,178,42,220,254
05/14/2020,HLG,WV,AEA,CE,Federal Contract Tower,0,2,0,1,3,0,0,0,18,18,0,2,0,19,21,0,94,94,115
05/15/2020,HLG,WV,AEA,CE,Federal Contract Tower,0,0,0,0,0,0,1,15,26,42,0,1,15,26,42,0,130,130,172
05/16/2020,HLG,WV,AEA,CE,Federal Contract Tower,0,0,8,0,8,0,0,14,8,22,0,0,22,8,30,6,40,46,76
05/17/2020,HLG,WV,AEA,CE,Federal Contract Tower,0,0,0,0,0,0,0,8,2,10,0,0,8,2,10,0,6,6,16
05/18/2020,HLG,WV,AEA,CE,Federal Contract Tower,0,0,0,0,0,0,0,4,2,6,0,0,4,2,6,0,6,6,12
05/19/2020,HLG,WV,AEA,CE,Federal Contract Tower,0,2,0,5,7,0,0,6,8,14,0,2,6,13,21,0,48,48,69
05/20/2020,HLG,WV,AEA,CE,Federal Contract Tower,0,2,0,1,3,0,0,2,14,16,0,2,2,15,19,0,84,84,103
05/21/2020,HLG,WV,AEA,CE,Federal Contract Tower,0,0,0,0,0,0,0,6,4,10,0,0,6,4,10,2,10,12,22
05/22/2020,HLG,WV,AEA,CE,Federal Contract Tower,0,2,7,6,15,0,2,3,0,5,0,4,10,6,20,0,0,0,20
05/23/2020,HLG,WV,AEA,CE,Federal Contract Tower,0,0,1,0,1,0,0,19,0,19,0,0,20,0,20,0,0,0,20
05/24/2020,HLG,WV,AEA,CE,Federal Contract Tower,0,0,0,0,0,0,0,10,0,10,0,0,10,0,10,0,0,0,10
05/25/2020,HLG,WV,AEA,CE,Federal Contract Tower,0,0,0,0,0,0,0,18,0,18,0,0,18,0,18,10,0,10,28
05/26/2020,HLG,WV,AEA,CE,Federal Contract Tower,0,2,0,0,2,0,2,18,9,29,0,4,18,9,31,0,26,26,57
05/27/2020,HLG,WV,AEA,CE,Federal Contract Tower,0,3,1,0,4,0,0,26,7,33,0,3,27,7,37,8,54,62,99
05/28/2020,HLG,WV,AEA,CE,Federal Contract Tower,0,0,0,0,0,0,0,5,0,5,0,0,5,0,5,0,0,0,5
05/29/2020,HLG,WV,AEA,CE,Federal Contract Tower,0,4,0,1,5,0,0,9,6,15,0,4,9,7,20,0,10,10,30
05/30/2020,HLG,WV,AEA,CE,Federal Contract Tower,0,0,2,0,2,0,2,9,0,11,0,2,11,0,13,0,0,0,13
05/31/2020,HLG,WV,AEA,CE,Federal Contract Tower,0,0,4,0,4,0,0,20,1,21,0,0,24,1,25,18,0,18,43
06/01/2020,HLG,WV,AEA,CE,Federal Contract Tower,0,1,0,0,1,0,1,23,10,34,0,2,23,10,35,8,64,72,107
06/02/2020,HLG,WV,AEA,CE,Federal Contract Tower,0,0,0,4,4,0,0,6,10,16,0,0,6,14,20,6,126,132,152
06/03/2020,HLG,WV,AEA,CE,Federal Contract Tower,0,0,0,2,2,0,0,14,14,28,0,0,14,16,30,0,56,56,86
06/04/2020,HLG,WV,AEA,CE,Federal Contract Tower,0,2,1,0,3,0,0,8,5,13,0,2,9,5,16,0,22,22,38
06/05/2020,HLG,WV,AEA,CE,Federal Contract Tower,0,3,0,4,7,0,0,5,18,23,0,3,5,22,30,0,86,86,116
06/06/2020,HLG,WV,AEA,CE,Federal Contract Tower,0,0,0,0,0,0,0,7,12,19,0,0,7,12,19,0,32,32,51
06/07/2020,HLG,WV,AEA,CE,Federal Contract Tower,0,1,0,0,1,0,0,7,0,7,0,1,7,0,8,4,0,4,12
06/08/2020,HLG,WV,AEA,CE,Federal Contract Tower,0,2,0,0,2,0,8,20,9,37,0,10,20,9,39,18,18,36,75
06/09/2020,HLG,WV,AEA,CE,Federal Contract Tower,0,2,2,0,4,0,0,30,7,37,0,2,32,7,41,90,30,120,161
06/10/2020,HLG,WV,AEA,CE,Federal Contract Tower,0,1,0,3,4,0,4,23,2,29,0,5,23,5,33,0,0,0,33
06/11/2020,HLG,WV,AEA,CE,Federal Contract Tower,0,4,2,0,6,0,0,45,11,56,0,4,47,11,62,14,46,60,122
06/12/2020,HLG,WV,AEA,CE,Federal Contract Tower,0,2,0,0,2,0,2,23,3,28,0,4,23,3,30,4,12,16,46
06/13/2020,HLG,WV,AEA,CE,Federal Contract Tower,0,0,0,2,2,0,0,18,1,19,0,0,18,3,21,12,18,30,51
06/14/2020,HLG,WV,AEA,CE,Federal Contract Tower,0,2,0,0,2,0,0,2,0,2,0,2,2,0,4,0,0,0,4
06/15/2020,HLG,WV,AEA,CE,Federal Contract Tower,0,0,0,2,2,0,0,21,0,21,0,0,21,2,23,22,0,22,45
06/16/2020,HLG,WV,AEA,CE,Federal Contract Tower,0,0,0,0,0,0,0,17,12,29,0,0,17,12,29,0,66,66,95
06/17/2020,HLG,WV,AEA,CE,Federal Contract Tower,0,2,0,1,3,0,0,10,10,20,0,2,10,11,23,0,24,24,47
06/18/2020,HLG,WV,AEA,CE,Federal Contract Tower,0,2,1,2,5,0,0,1,6,7,0,2,2,8,12,0,6,6,18
06/19/2020,HLG,WV,AEA,CE,Federal Contract Tower,0,0,0,1,1,0,2,6,15,23,0,2,6,16,24,0,90,90,114
06/20/2020,HLG,WV,AEA,CE,Federal Contract Tower,0,0,2,0,2,0,0,11,11,22,0,0,13,11,24,0,24,24,48
06/21/2020,HLG,WV,AEA,CE,Federal Contract Tower,0,1,1,0,2,0,0,7,4,11,0,1,8,4,13,2,22,24,37
06/22/2020,HLG,WV,AEA,CE,Federal Contract Tower,0,2,0,0,2,0,0,1,6,7,0,2,1,6,9,0,44,44,53
06/23/2020,HLG,WV,AEA,CE,Federal Contract Tower,0,2,0,0,2,0,0,4,5,9,0,2,4,5,11,0,30,30,41
06/24/2020,HLG,WV,AEA,CE,Federal Contract Tower,0,0,4,0,4,0,0,16,10,26,0,0,20,10,30,10,54,64,94
06/25/2020,HLG,WV,AEA,CE,Federal Contract Tower,0,4,0,0,4,0,2,25,0,27,0,6,25,0,31,12,0,12,43
06/26/2020,HLG,WV,AEA,CE,Federal Contract Tower,0,1,4,0,5,0,0,27,1,28,0,1,31,1,33,4,0,4,37
06/27/2020,HLG,WV,AEA,CE,Federal Contract Tower,0,2,2,0,4,0,0,1,2,3,0,2,3,2,7,0,0,0,7
06/28/2020,HLG,WV,AEA,CE,Federal Contract Tower,0,0,2,0,2,0,0,8,0,8,0,0,10,0,10,8,0,8,18
06/29/2020,HLG,WV,AEA,CE,Federal Contract Tower,0,0,0,0,0,0,0,25,0,25,0,0,25,0,25,4,0,4,29
06/30/2020,HLG,WV,AEA,CE,Federal Contract Tower,0,2,0,0,2,0,2,27,0,29,0,4,27,0,31,134,0,134,165
07/01/2020,HLG,WV,AEA,CE,Federal Contract Tower,0,0,1,0,1,0,2,30,13,45,0,2,31,13,46,142,12,154,200
07/02/2020,HLG,WV,AEA,CE,Federal Contract Tower,0,4,2,0,6,0,0,28,4,32,0,4,30,4,38,128,14,142,180
07/03/2020,HLG,WV,AEA,CE,Federal Contract Tower,0,0,0,0,0,0,0,32,0,32,0,0,32,0,32,86,0,86,118
07/04/2020,HLG,WV,AEA,CE,Federal Contract Tower,0,0,2,0,2,0,0,11,0,11,0,0,13,0,13,0,0,0,13
07/05/2020,HLG,WV,AEA,CE,Federal Contract Tower,0,0,1,0,1,0,2,8,1,11,0,2,9,1,12,0,0,0,12
07/06/2020,HLG,WV,AEA,CE,Federal Contract Tower,0,1,2,0,3,0,0,17,12,29,0,1,19,12,32,0,34,34,66
07/07/2020,HLG,WV,AEA,CE,Federal Contract Tower,0,4,0,0,4,0,7,5,1,13,0,11,5,1,17,36,0,36,53
07/08/2020,HLG,WV,AEA,CE,Federal Contract Tower,0,3,2,0,5,0,0,10,3,13,0,3,12,3,18,0,12,12,30
07/09/2020,HLG,WV,AEA,CE,Federal Contract Tower,0,1,4,0,5,0,0,31,0,31,0,1,35,0,36,0,0,0,36
07/10/2020,HLG,WV,AEA,CE,Federal Contract Tower,0,2,2,4,8,0,0,16,8,24,0,2,18,12,32,12,14,26,58
07/11/2020,HLG,WV,AEA,CE,Federal Contract Tower,0,3,6,0,9,0,0,5,0,5,0,3,11,0,14,0,0,0,14
07/12/2020,HLG,WV,AEA,CE,Federal Contract Tower,0,0,2,0,2,0,0,9,0,9,0,0,11,0,11,0,0,0,11
07/13/2020,HLG,WV,AEA,CE,Federal Contract Tower,0,0,0,0,0,0,0,10,2,12,0,0,10,2,12,0,0,0,12
07/14/2020,HLG,WV,AEA,CE,Federal Contract Tower,0,2,2,0,4,0,0,62,2,64,0,2,64,2,68,16,0,16,84
07/15/2020,HLG,WV,AEA,CE,Federal Contract Tower,0,0,0,0,0,0,0,20,3,23,0,0,20,3,23,0,18,18,41
07/16/2020,HLG,WV,AEA,CE,Federal Contract Tower,0,2,0,8,10,0,0,14,4,18,0,2,14,12,28,6,0,6,34
07/17/2020,HLG,WV,AEA,CE,Federal Contract Tower,0,0,0,0,0,0,6,26,5,37,0,6,26,5,37,20,0,20,57
07/18/2020,HLG,WV,AEA,CE,Federal Contract Tower,0,2,2,0,4,0,0,12,0,12,0,2,14,0,16,14,0,14,30
07/19/2020,HLG,WV,AEA,CE,Federal Contract Tower,0,0,0,0,0,0,0,12,0,12,0,0,12,0,12,24,0,24,36
07/20/2020,HLG,WV,AEA,CE,Federal Contract Tower,0,0,0,0,0,0,0,19,4,23,0,0,19,4,23,0,44,44,67
07/21/2020,HLG,WV,AEA,CE,Federal Contract Tower,0,0,0,0,0,0,0,12,4,16,0,0,12,4,16,36,40,76,92
07/22/2020,HLG,WV,AEA,CE,Federal Contract Tower,0,0,2,0,2,0,0,4,8,12,0,0,6,8,14,56,20,76,90
07/23/2020,HLG,WV,AEA,CE,Federal Contract Tower,0,1,7,2,10,0,0,0,12,12,0,1,7,14,22,0,54,54,76
07/24/2020,HLG,WV,AEA,CE,Federal Contract Tower,0,1,2,1,4,0,0,24,5,29,0,1,26,6,33,12,28,40,73
07/25/2020,HLG,WV,AEA,CE,Federal Contract Tower,0,0,6,0,6,0,0,8,0,8,0,0,14,0,14,0,0,0,14
07/26/2020,HLG,WV,AEA,CE,Federal Contract Tower,0,0,1,0,1,0,0,6,0,6,0,0,7,0,7,0,0,0,7
07/27/2020,HLG,WV,AEA,CE,Federal Contract Tower,0,0,1,1,2,0,0,8,1,9,0,0,9,2,11,6,0,6,17
07/28/2020,HLG,WV,AEA,CE,Federal Contract Tower,0,0,2,0,2,0,0,24,0,24,0,0,26,0,26,80,0,80,106
07/29/2020,HLG,WV,AEA,CE,Federal Contract Tower,0,4,3,0,7,0,0,110,0,110,0,4,113,0,117,10,0,10,127
07/30/2020,HLG,WV,AEA,CE,Federal Contract Tower,0,1,0,2,3,0,0,23,0,23,0,1,23,2,26,6,0,6,32
07/31/2020,HLG,WV,AEA,CE,Federal Contract Tower,0,1,0,2,3,0,0,14,6,20,0,1,14,8,23,14,0,14,37
08/01/2020,HLG,WV,AEA,CE,Federal Contract Tower,0,0,1,0,1,0,0,5,0,5,0,0,6,0,6,0,0,0,6
08/02/2020,HLG,WV,AEA,CE,Federal Contract Tower,0,0,1,0,1,0,0,3,4,7,0,0,4,4,8,0,0,0,8
08/03/2020,HLG,WV,AEA,CE,Federal Contract Tower,0,2,1,0,3,0,2,39,0,41,0,4,40,0,44,4,0,4,48
08/04/2020,HLG,WV,AEA,CE,Federal Contract Tower,0,2,3,4,9,0,0,11,0,11,0,2,14,4,20,50,0,50,70
08/05/2020,HLG,WV,AEA,CE,Federal Contract Tower,0,4,2,0,6,0,0,72,4,76,0,4,74,4,82,28,8,36,118
08/06/2020,HLG,WV,AEA,CE,Federal Contract Tower,0,3,2,0,5,0,2,9,0,11,0,5,11,0,16,24,0,24,40
08/08/2020,HLG,WV,AEA,CE,Federal Contract Tower,0,0,3,0,3,0,0,13,3,16,0,0,16,3,19,10,0,10,29
08/09/2020,HLG,WV,AEA,CE,Federal Contract Tower,0,0,0,0,0,0,0,18,0,18,0,0,18,0,18,8,0,8,26
08/10/2020,HLG,WV,AEA,CE,Federal Contract Tower,0,0,2,0,2,0,0,16,1,17,0,0,18,1,19,14,0,14,33
08/11/2020,HLG,WV,AEA,CE,Federal Contract Tower,0,3,1,0,4,0,0,32,5,37,0,3,33,5,41,32,16,48,89
08/12/2020,HLG,WV,AEA,CE,Federal Contract Tower,0,0,3,0,3,0,0,31,0,31,0,0,34,0,34,16,0,16,50
08/13/2020,HLG,WV,AEA,CE,Federal Contract Tower,0,2,2,0,4,0,0,20,4,24,0,2,22,4,28,32,50,82,110
08/14/2020,HLG,WV,AEA,CE,Federal Contract Tower,0,0,1,0,1,0,0,22,9,31,0,0,23,9,32,24,50,74,106
08/15/2020,HLG,WV,AEA,CE,Federal Contract Tower,0,0,2,0,2,0,0,13,0,13,0,0,15,0,15,48,0,48,63
08/16/2020,HLG,WV,AEA,CE,Federal Contract Tower,0,2,2,0,4,0,0,9,2,11,0,2,11,2,15,14,0,14,29
08/17/2020,HLG,WV,AEA,CE,Federal Contract Tower,0,0,1,2,3,0,0,12,6,18,0,0,13,8,21,0,20,20,41
08/18/2020,HLG,WV,AEA,CE,Federal Contract Tower,0,4,2,0,6,0,6,32,3,41,0,10,34,3,47,22,46,68,115
08/19/2020,HLG,WV,AEA,CE,Federal Contract Tower,0,1,0,2,3,0,2,45,1,48,0,3,45,3,51,28,12,40,91
08/20/2020,HLG,WV,AEA,CE,Federal Contract Tower,0,1,4,0,5,0,4,18,4,26,0,5,22,4,31,16,32,48,79
08/21/2020,HLG,WV,AEA,CE,Federal Contract Tower,0,2,0,0,2,0,0,23,6,29,0,2,23,6,31,8,0,8,39
08/22/2020,HLG,WV,AEA,CE,Federal Contract Tower,0,0,1,0,1,0,0,28,0,28,0,0,29,0,29,56,0,56,85
08/23/2020,HLG,WV,AEA,CE,Federal Contract Tower,0,0,2,0,2,0,0,25,0,25,0,0,27,0,27,28,0,28,55
08/24/2020,HLG,WV,AEA,CE,Federal Contract Tower,0,0,0,0,0,0,0,34,3,37,0,0,34,3,37,26,0,26,63
08/25/2020,HLG,WV,AEA,CE,Federal Contract Tower,0,0,0,2,2,0,0,12,11,23,0,0,12,13,25,38,44,82,107
08/26/2020,HLG,WV,AEA,CE,Federal Contract Tower,0,2,0,0,2,0,0,13,3,16,0,2,13,3,18,22,28,50,68
08/27/2020,HLG,WV,AEA,CE,Federal Contract Tower,0,0,0,3,3,0,0,17,7,24,0,0,17,10,27,48,44,92,119
08/28/2020,HLG,WV,AEA,CE,Federal Contract Tower,0,0,6,2,8,0,0,2,10,12,0,0,8,12,20,0,42,42,62
08/29/2020,HLG,WV,AEA,CE,Federal Contract Tower,0,1,0,0,1,0,0,4,0,4,0,1,4,0,5,4,0,4,9
08/30/2020,HLG,WV,AEA,CE,Federal Contract Tower,0,0,0,0,0,0,2,13,0,15,0,2,13,0,15,14,0,14,29
08/31/2020,HLG,WV,AEA,CE,Federal Contract Tower,0,1,0,0,1,0,0,11,7,18,0,1,11,7,19,10,20,30,49
09/01/2020,HLG,WV,AEA,CE,Federal Contract Tower,0,5,0,0,5,0,0,29,2,31,0,5,29,2,36,54,34,88,124
09/02/2020,HLG,WV,AEA,CE,Federal Contract Tower,0,1,0,0,1,0,0,4,0,4,0,1,4,0,5,22,0,22,27
09/03/2020,HLG,WV,AEA,CE,Federal Contract Tower,0,2,0,2,4,0,0,0,2,2,0,2,0,4,6,0,8,8,14
09/04/2020,HLG,WV,AEA,CE,Federal Contract Tower,0,1,3,3,7,0,0,17,10,27,0,1,20,13,34,30,24,54,88
09/05/2020,HLG,WV,AEA,CE,Federal Contract Tower,0,3,0,0,3,0,0,17,0,17,0,3,17,0,20,6,0,6,26
09/06/2020,HLG,WV,AEA,CE,Federal Contract Tower,0,0,0,0,0,0,2,25,0,27,0,2,25,0,27,12,0,12,39
09/07/2020,HLG,WV,AEA,CE,Federal Contract Tower,0,2,1,0,3,0,0,18,2,20,0,2,19,2,23,0,6,6,29
09/08/2020,HLG,WV,AEA,CE,Federal Contract Tower,0,3,0,0,3,0,0,33,4,37,0,3,33,4,40,2,16,18,58
09/09/2020,HLG,WV,AEA,CE,Federal Contract Tower,1,2,1,2,6,0,0,14,17,31,1,2,15,19,37,0,62,62,99
09/10/2020,HLG,WV,AEA,CE,Federal Contract Tower,0,3,5,0,8,0,0,23,18,41,0,3,28,18,49,0,64,64,113
09/11/2020,HLG,WV,AEA,CE,Federal Contract Tower,0,2,4,4,10,0,0,23,7,30,0,2,27,11,40,34,20,54,94
09/12/2020,HLG,WV,AEA,CE,Federal Contract Tower,0,0,2,0,2,0,0,7,1,8,0,0,9,1,10,0,0,0,10
09/13/2020,HLG,WV,AEA,CE,Federal Contract Tower,0,0,0,0,0,0,0,3,0,3,0,0,3,0,3,0,0,0,3
09/14/2020,HLG,WV,AEA,CE,Federal Contract Tower,0,1,1,3,5,0,0,39,8,47,0,1,40,11,52,130,26,156,208
09/15/2020,HLG,WV,AEA,CE,Federal Contract Tower,0,0,2,2,4,0,0,19,12,31,0,0,21,14,35,54,62,116,151
09/16/2020,HLG,WV,AEA,CE,Federal Contract Tower,0,0,0,0,0,0,4,28,5,37,0,4,28,5,37,88,36,124,161
09/17/2020,HLG,WV,AEA,CE,Federal Contract Tower,0,0,0,9,9,0,0,14,8,22,0,0,14,17,31,62,28,90,121
09/18/2020,HLG,WV,AEA,CE,Federal Contract Tower,0,2,1,5,8,0,2,7,16,25,0,4,8,21,33,0,44,44,77
09/19/2020,HLG,WV,AEA,CE,Federal Contract Tower,0,0,4,0,4,0,0,9,4,13,0,0,13,4,17,0,12,12,29
09/20/2020,HLG,WV,AEA,CE,Federal Contract Tower,0,0,2,1,3,0,0,21,8,29,0,0,23,9,32,0,38,38,70
09/21/2020,HLG,WV,AEA,CE,Federal Contract Tower,0,0,0,0,0,0,0,21,2,23,0,0,21,2,23,0,12,12,35
09/22/2020,HLG,WV,AEA,CE,Federal Contract Tower,0,8,0,0,8,0,0,16,4,20,0,8,16,4,28,20,76,96,124
09/23/2020,HLG,WV,AEA,CE,Federal Contract Tower,0,0,3,0,3,0,0,35,0,35,0,0,38,0,38,28,0,28,66
09/24/2020,HLG,WV,AEA,CE,Federal Contract Tower,0,0,0,0,0,0,0,14,0,14,0,0,14,0,14,26,0,26,40
09/25/2020,HLG,WV,AEA,CE,Federal Contract Tower,0,0,3,0,3,0,0,25,3,28,0,0,28,3,31,46,0,46,77
09/26/2020,HLG,WV,AEA,CE,Federal Contract Tower,0,0,0,0,0,0,0,22,0,22,0,0,22,0,22,6,0,6,28
09/27/2020,HLG,WV,AEA,CE,Federal Contract Tower,0,0,0,0,0,0,0,12,0,12,0,0,12,0,12,0,0,0,12
09/28/2020,HLG,WV,AEA,CE,Federal Contract Tower,0,2,2,0,4,0,0,23,2,25,0,2,25,2,29,0,12,12,41
09/29/2020,HLG,WV,AEA,CE,Federal Contract Tower,0,9,4,2,15,0,0,15,5,20,0,9,19,7,35,68,18,86,121
09/30/2020,HLG,WV,AEA,CE,Federal Contract Tower,0,2,0,0,2,0,0,7,12,19,0,2,7,12,21,0,40,40,61
10/01/2020,HLG,WV,AEA,CE,Federal Contract Tower,0,3,1,0,4,0,0,18,0,18,0,3,19,0,22,0,0,0,22
10/02/2020,HLG,WV,AEA,CE,Federal Contract Tower,0,0,5,0,5,0,0,6,2,8,0,0,11,2,13,0,0,0,13
10/03/2020,HLG,WV,AEA,CE,Federal Contract Tower,0,0,3,0,3,0,0,13,0,13,0,0,16,0,16,50,0,50,66
10/04/2020,HLG,WV,AEA,CE,Federal Contract Tower,0,0,4,0,4,0,0,7,0,7,0,0,11,0,11,2,0,2,13
10/05/2020,HLG,WV,AEA,CE,Federal Contract Tower,0,2,5,0,7,0,2,8,6,16,0,4,13,6,23,0,32,32,55
10/06/2020,HLG,WV,AEA,CE,Federal Contract Tower,0,0,6,0,6,0,0,18,4,22,0,0,24,4,28,0,6,6,34
10/07/2020,HLG,WV,AEA,CE,Federal Contract Tower,0,0,1,0,1,0,0,2,6,8,0,0,3,6,9,0,38,38,47
10/08/2020,HLG,WV,AEA,CE,Federal Contract Tower,0,2,3,0,5,0,0,22,6,28,0,2,25,6,33,0,34,34,67
10/09/2020,HLG,WV,AEA,CE,Federal Contract Tower,0,0,1,0,1,0,0,24,3,27,0,0,25,3,28,6,0,6,34
10/10/2020,HLG,WV,AEA,CE,Federal Contract Tower,0,0,1,0,1,0,0,6,2,8,0,0,7,2,9,0,0,0,9
10/11/2020,HLG,WV,AEA,CE,Federal Contract Tower,0,0,6,0,6,0,0,6,0,6,0,0,12,0,12,8,0,8,20
10/12/2020,HLG,WV,AEA,CE,Federal Contract Tower,0,4,0,0,4,0,0,12,0,12,0,4,12,0,16,38,0,38,54
10/13/2020,HLG,WV,AEA,CE,Federal Contract Tower,0,0,0,0,0,0,0,32,5,37,0,0,32,5,37,74,10,84,121
10/14/2020,HLG,WV,AEA,CE,Federal Contract Tower,0,0,0,0,0,0,4,20,2,26,0,4,20,2,26,0,8,8,34
10/15/2020,HLG,WV,AEA,CE,Federal Contract Tower,0,0,3,0,3,0,4,16,2,22,0,4,19,2,25,0,12,12,37
10/16/2020,HLG,WV,AEA,CE,Federal Contract Tower,0,2,3,7,12,0,4,16,14,34,0,6,19,21,46,10,34,44,90
10/17/2020,HLG,WV,AEA,CE,Federal Contract Tower,0,0,7,0,7,0,0,26,16,42,0,0,33,16,49,28,28,56,105
10/18/2020,HLG,WV,AEA,CE,Federal Contract Tower,0,0,4,0,4,0,0,25,8,33,0,0,29,8,37,50,28,78,115
10/19/2020,HLG,WV,AEA,CE,Federal Contract Tower,0,2,4,0,6,0,0,0,6,6,0,2,4,6,12,0,66,66,78
10/20/2020,HLG,WV,AEA,CE,Federal Contract Tower,0,4,0,0,4,0,0,0,0,0,0,4,0,0,4,0,0,0,4
10/21/2020,HLG,WV,AEA,CE,Federal Contract Tower,0,0,0,0,0,0,2,8,0,10,0,2,8,0,10,0,0,0,10
10/22/2020,HLG,WV,AEA,CE,Federal Contract Tower,0,3,6,0,9,0,0,36,0,36,0,3,42,0,45,8,0,8,53
10/23/2020,HLG,WV,AEA,CE,Federal Contract Tower,0,1,4,1,6,0,3,23,13,39,0,4,27,14,45,26,48,74,119
10/24/2020,HLG,WV,AEA,CE,Federal Contract Tower,0,2,0,4,6,0,0,6,7,13,0,2,6,11,19,0,64,64,83
10/25/2020,HLG,WV,AEA,CE,Federal Contract Tower,0,0,0,6,6,0,0,17,14,31,0,0,17,20,37,18,72,90,127
10/26/2020,HLG,WV,AEA,CE,Federal Contract Tower,0,0,0,0,0,0,0,0,0,0,0,0,0,0,0,0,0,0,0
10/27/2020,HLG,WV,AEA,CE,Federal Contract Tower,0,2,2,2,6,0,0,6,8,14,0,2,8,10,20,0,116,116,136
10/28/2020,HLG,WV,AEA,CE,Federal Contract Tower,0,6,2,0,8,0,2,4,0,6,0,8,6,0,14,0,0,0,14
10/29/2020,HLG,WV,AEA,CE,Federal Contract Tower,0,0,0,2,2,0,0,0,0,0,0,0,0,2,2,0,32,32,34
10/30/2020,HLG,WV,AEA,CE,Federal Contract Tower,0,2,0,1,3,0,0,9,6,15,0,2,9,7,18,0,0,0,18
10/31/2020,HLG,WV,AEA,CE,Federal Contract Tower,0,0,1,0,1,0,0,38,1,39,0,0,39,1,40,60,0,60,100
11/01/2020,HLG,WV,AEA,CE,Federal Contract Tower,0,0,0,0,0,0,0,0,0,0,0,0,0,0,0,0,0,0,0
11/02/2020,HLG,WV,AEA,CE,Federal Contract Tower,0,2,0,0,2,0,0,4,7,11,0,2,4,7,13,0,32,32,45
11/03/2020,HLG,WV,AEA,CE,Federal Contract Tower,0,0,0,0,0,0,0,16,2,18,0,0,16,2,18,6,6,12,30
11/04/2020,HLG,WV,AEA,CE,Federal Contract Tower,0,0,1,1,2,0,2,33,1,36,0,2,34,2,38,24,0,24,62
11/05/2020,HLG,WV,AEA,CE,Federal Contract Tower,0,0,0,0,0,0,0,10,10,20,0,0,10,10,20,16,30,46,66
11/06/2020,HLG,WV,AEA,CE,Federal Contract Tower,0,0,3,0,3,0,0,18,29,47,0,0,21,29,50,4,134,138,188
11/07/2020,HLG,WV,AEA,CE,Federal Contract Tower,0,0,2,3,5,0,0,43,14,57,0,0,45,17,62,0,20,20,82
11/08/2020,HLG,WV,AEA,CE,Federal Contract Tower,0,0,2,4,6,0,2,25,9,36,0,2,27,13,42,36,22,58,100
11/09/2020,HLG,WV,AEA,CE,Federal Contract Tower,0,1,0,0,1,0,0,21,10,31,0,1,21,10,32,20,78,98,130
11/10/2020,HLG,WV,AEA,CE,Federal Contract Tower,0,1,0,4,5,0,0,35,8,43,0,1,35,12,48,20,76,96,144
11/11/2020,HLG,WV,AEA,CE,Federal Contract Tower,0,2,0,2,4,0,0,0,3,3,0,2,0,5,7,0,12,12,19
11/12/2020,HLG,WV,AEA,CE,Federal Contract Tower,0,2,0,3,5,0,0,39,16,55,0,2,39,19,60,12,52,64,124
11/13/2020,HLG,WV,AEA,CE,Federal Contract Tower,0,6,0,1,7,0,0,28,10,38,0,6,28,11,45,12,34,46,91
11/14/2020,HLG,WV,AEA,CE,Federal Contract Tower,0,0,2,0,2,0,0,17,0,17,0,0,19,0,19,10,0,10,29
11/15/2020,HLG,WV,AEA,CE,Federal Contract Tower,0,0,0,0,0,0,0,0,0,0,0,0,0,0,0,0,0,0,0
11/16/2020,HLG,WV,AEA,CE,Federal Contract Tower,0,2,0,0,2,0,0,23,4,27,0,2,23,4,29,52,16,68,97
11/17/2020,HLG,WV,AEA,CE,Federal Contract Tower,0,0,0,0,0,0,0,9,8,17,0,0,9,8,17,0,4,4,21
11/18/2020,HLG,WV,AEA,CE,Federal Contract Tower,0,2,2,0,4,0,0,15,0,15,0,2,17,0,19,32,0,32,51
11/19/2020,HLG,WV,AEA,CE,Federal Contract Tower,2,0,0,0,2,0,0,26,3,29,2,0,26,3,31,52,12,64,95
11/20/2020,HLG,WV,AEA,CE,Federal Contract Tower,0,0,0,0,0,0,4,17,30,51,0,4,17,30,51,2,130,132,183
11/21/2020,HLG,WV,AEA,CE,Federal Contract Tower,0,2,10,2,14,0,0,0,10,10,0,2,10,12,24,0,116,116,140
11/22/2020,HLG,WV,AEA,CE,Federal Contract Tower,0,2,4,0,6,0,0,10,11,21,0,2,14,11,27,18,42,60,87
11/23/2020,HLG,WV,AEA,CE,Federal Contract Tower,0,0,0,4,4,0,2,7,7,16,0,2,7,11,20,0,26,26,46
11/24/2020,HLG,WV,AEA,CE,Federal Contract Tower,0,3,4,0,7,0,0,26,6,32,0,3,30,6,39,0,4,4,43
11/25/2020,HLG,WV,AEA,CE,Federal Contract Tower,0,2,1,0,3,0,2,6,0,8,0,4,7,0,11,0,0,0,11
11/26/2020,HLG,WV,AEA,CE,Federal Contract Tower,0,0,0,0,0,0,2,0,0,2,0,2,0,0,2,0,0,0,2
11/27/2020,HLG,WV,AEA,CE,Federal Contract Tower,0,1,0,0,1,0,0,10,0,10,0,1,10,0,11,0,0,0,11
11/28/2020,HLG,WV,AEA,CE,Federal Contract Tower,0,0,0,0,0,0,3,24,0,27,0,3,24,0,27,2,0,2,29
11/29/2020,HLG,WV,AEA,CE,Federal Contract Tower,0,0,6,0,6,0,0,52,2,54,0,0,58,2,60,22,0,22,82
11/30/2020,HLG,WV,AEA,CE,Federal Contract Tower,0,0,0,0,0,0,0,0,0,0,0,0,0,0,0,0,0,0,0
12/01/2020,HLG,WV,AEA,CE,Federal Contract Tower,0,0,0,0,0,0,0,0,0,0,0,0,0,0,0,0,0,0,0
12/02/2020,HLG,WV,AEA,CE,Federal Contract Tower,0,2,0,0,2,0,0,17,2,19,0,2,17,2,21,6,8,14,35
12/03/2020,HLG,WV,AEA,CE,Federal Contract Tower,0,4,2,0,6,0,6,28,0,34,0,10,30,0,40,24,0,24,64
12/04/2020,HLG,WV,AEA,CE,Federal Contract Tower,0,0,0,0,0,0,2,11,8,21,0,2,11,8,21,0,24,24,45
12/05/2020,HLG,WV,AEA,CE,Federal Contract Tower,0,0,2,0,2,0,6,10,0,16,0,6,12,0,18,0,0,0,18
12/06/2020,HLG,WV,AEA,CE,Federal Contract Tower,0,0,1,0,1,0,0,11,0,11,0,0,12,0,12,12,0,12,24
12/07/2020,HLG,WV,AEA,CE,Federal Contract Tower,0,2,0,0,2,0,0,16,0,16,0,2,16,0,18,28,40,68,86
12/08/2020,HLG,WV,AEA,CE,Federal Contract Tower,0,0,0,0,0,0,6,25,6,37,0,6,25,6,37,36,54,90,127
12/09/2020,HLG,WV,AEA,CE,Federal Contract Tower,0,2,1,0,3,0,0,12,7,19,0,2,13,7,22,44,24,68,90
12/10/2020,HLG,WV,AEA,CE,Federal Contract Tower,0,2,2,0,4,0,2,26,5,33,0,4,28,5,37,198,0,198,235
12/11/2020,HLG,WV,AEA,CE,Federal Contract Tower,0,0,2,0,2,0,2,24,9,35,0,2,26,9,37,10,60,70,107
12/12/2020,HLG,WV,AEA,CE,Federal Contract Tower,0,0,0,0,0,0,0,5,0,5,0,0,5,0,5,0,0,0,5
12/13/2020,HLG,WV,AEA,CE,Federal Contract Tower,0,0,1,0,1,0,0,2,2,4,0,0,3,2,5,0,0,0,5
12/14/2020,HLG,WV,AEA,CE,Federal Contract Tower,0,2,0,0,2,0,0,8,0,8,0,2,8,0,10,0,0,0,10
12/15/2020,HLG,WV,AEA,CE,Federal Contract Tower,0,4,2,4,10,0,0,15,16,31,0,4,17,20,41,18,66,84,125
12/16/2020,HLG,WV,AEA,CE,Federal Contract Tower,0,0,1,0,1,0,0,2,0,2,0,0,3,0,3,0,0,0,3
12/17/2020,HLG,WV,AEA,CE,Federal Contract Tower,0,0,0,0,0,0,0,0,0,0,0,0,0,0,0,0,0,0,0
12/18/2020,HLG,WV,AEA,CE,Federal Contract Tower,0,0,0,0,0,0,0,9,12,21,0,0,9,12,21,78,72,150,171
12/19/2020,HLG,WV,AEA,CE,Federal Contract Tower,0,1,2,0,3,0,0,18,15,33,0,1,20,15,36,22,22,44,80
12/20/2020,HLG,WV,AEA,CE,Federal Contract Tower,0,0,1,0,1,0,0,4,0,4,0,0,5,0,5,14,0,14,19
12/21/2020,HLG,WV,AEA,CE,Federal Contract Tower,0,2,2,0,4,0,0,6,4,10,0,2,8,4,14,0,24,24,38
12/22/2020,HLG,WV,AEA,CE,Federal Contract Tower,0,0,1,1,2,0,0,12,13,25,0,0,13,14,27,0,54,54,81
12/23/2020,HLG,WV,AEA,CE,Federal Contract Tower,0,0,0,0,0,0,0,27,5,32,0,0,27,5,32,73,0,73,105
12/24/2020,HLG,WV,AEA,CE,Federal Contract Tower,0,0,0,0,0,0,0,0,0,0,0,0,0,0,0,0,0,0,0
12/25/2020,HLG,WV,AEA,CE,Federal Contract Tower,0,0,0,0,0,0,0,0,0,0,0,0,0,0,0,0,0,0,0
12/26/2020,HLG,WV,AEA,CE,Federal Contract Tower,0,0,0,0,0,0,0,5,0,5,0,0,5,0,5,0,0,0,5
12/27/2020,HLG,WV,AEA,CE,Federal Contract Tower,0,0,0,0,0,0,0,12,0,12,0,0,12,0,12,18,0,18,30
12/28/2020,HLG,WV,AEA,CE,Federal Contract Tower,0,0,1,0,1,0,0,23,2,25,0,0,24,2,26,96,26,122,148
12/29/2020,HLG,WV,AEA,CE,Federal Contract Tower,0,0,0,1,1,0,2,27,2,31,0,2,27,3,32,8,0,8,40
12/30/2020,HLG,WV,AEA,CE,Federal Contract Tower,0,2,0,0,2,0,0,9,0,9,0,2,9,0,11,4,0,4,15
12/31/2020,HLG,WV,AEA,CE,Federal Contract Tower,0,0,0,0,0,0,0,12,0,12,0,0,12,0,12,0,0,0,12
01/01/2021,HLG,WV,AEA,CE,Federal Contract Tower,0,0,0,0,0,0,0,0,0,0,0,0,0,0,0,0,0,0,0
01/02/2021,HLG,WV,AEA,CE,Federal Contract Tower,0,0,6,0,6,0,0,2,0,2,0,0,8,0,8,0,0,0,8
01/03/2021,HLG,WV,AEA,CE,Federal Contract Tower,0,0,2,0,2,0,0,0,0,0,0,0,2,0,2,0,0,0,2
01/04/2021,HLG,WV,AEA,CE,Federal Contract Tower,0,0,0,0,0,0,0,2,0,2,0,0,2,0,2,0,0,0,2
01/05/2021,HLG,WV,AEA,CE,Federal Contract Tower,0,2,0,0,2,0,4,1,8,13,0,6,1,8,15,8,60,68,83
01/06/2021,HLG,WV,AEA,CE,Federal Contract Tower,0,0,0,0,0,0,0,10,3,13,0,0,10,3,13,14,22,36,49
01/07/2021,HLG,WV,AEA,CE,Federal Contract Tower,0,0,0,0,0,0,7,8,5,20,0,7,8,5,20,0,10,10,30
01/08/2021,HLG,WV,AEA,CE,Federal Contract Tower,0,0,2,1,3,0,0,13,6,19,0,0,15,7,22,2,16,18,40
01/09/2021,HLG,WV,AEA,CE,Federal Contract Tower,0,0,6,3,9,0,0,18,5,23,0,0,24,8,32,24,12,36,68
01/10/2021,HLG,WV,AEA,CE,Federal Contract Tower,0,0,10,11,21,0,0,27,16,43,0,0,37,27,64,12,18,30,94
01/11/2021,HLG,WV,AEA,CE,Federal Contract Tower,0,0,0,0,0,0,0,21,2,23,0,0,21,2,23,0,22,22,45
01/12/2021,HLG,WV,AEA,CE,Federal Contract Tower,0,1,0,0,1,0,0,3,8,11,0,1,3,8,12,0,32,32,44
01/13/2021,HLG,WV,AEA,CE,Federal Contract Tower,0,0,0,0,0,0,0,14,6,20,0,0,14,6,20,0,40,40,60
01/14/2021,HLG,WV,AEA,CE,Federal Contract Tower,0,0,0,0,0,0,2,15,2,19,0,2,15,2,19,8,18,26,45
01/15/2021,HLG,WV,AEA,CE,Federal Contract Tower,0,0,0,0,0,0,0,0,2,2,0,0,0,2,2,0,0,0,2
01/16/2021,HLG,WV,AEA,CE,Federal Contract Tower,0,0,0,0,0,0,0,4,0,4,0,0,4,0,4,4,0,4,8
01/17/2021,HLG,WV,AEA,CE,Federal Contract Tower,0,0,0,2,2,0,0,2,0,2,0,0,2,2,4,0,0,0,4
01/18/2021,HLG,WV,AEA,CE,Federal Contract Tower,0,1,0,0,1,0,0,9,0,9,0,1,9,0,10,0,0,0,10
01/19/2021,HLG,WV,AEA,CE,Federal Contract Tower,0,2,0,0,2,0,0,12,2,14,0,2,12,2,16,0,0,0,16
01/20/2021,HLG,WV,AEA,CE,Federal Contract Tower,0,0,0,0,0,0,0,8,3,11,0,0,8,3,11,10,14,24,35
01/21/2021,HLG,WV,AEA,CE,Federal Contract Tower,0,2,2,0,4,0,0,18,7,25,0,2,20,7,29,0,62,62,91
01/22/2021,HLG,WV,AEA,CE,Federal Contract Tower,0,0,3,0,3,0,4,21,11,36,0,4,24,11,39,0,54,54,93
01/23/2021,HLG,WV,AEA,CE,Federal Contract Tower,0,0,3,3,6,0,0,23,12,35,0,0,26,15,41,6,28,34,75
01/24/2021,HLG,WV,AEA,CE,Federal Contract Tower,0,0,7,2,9,0,0,11,9,20,0,0,18,11,29,4,46,50,79
01/25/2021,HLG,WV,AEA,CE,Federal Contract Tower,0,0,0,0,0,0,0,0,0,0,0,0,0,0,0,0,0,0,0
01/26/2021,HLG,WV,AEA,CE,Federal Contract Tower,0,0,0,0,0,0,0,0,8,8,0,0,0,8,8,0,76,76,84
01/27/2021,HLG,WV,AEA,CE,Federal Contract Tower,0,0,3,0,3,0,0,32,11,43,0,0,35,11,46,66,66,132,178
01/28/2021,HLG,WV,AEA,CE,Federal Contract Tower,0,2,0,1,3,0,0,7,10,17,0,2,7,11,20,0,90,90,110
01/29/2021,HLG,WV,AEA,CE,Federal Contract Tower,0,0,1,2,3,0,0,18,5,23,0,0,19,7,26,0,32,32,58
01/30/2021,HLG,WV,AEA,CE,Federal Contract Tower,0,0,1,0,1,0,0,24,1,25,0,0,25,1,26,10,0,10,36
01/31/2021,HLG,WV,AEA,CE,Federal Contract Tower,0,0,0,0,0,0,0,0,0,0,0,0,0,0,0,0,0,0,0
02/01/2021,HLG,WV,AEA,CE,Federal Contract Tower,0,2,0,0,2,0,0,0,0,0,0,2,0,0,2,0,0,0,2
02/02/2021,HLG,WV,AEA,CE,Federal Contract Tower,0,0,2,0,2,0,0,14,8,22,0,0,16,8,24,0,0,0,24
02/03/2021,HLG,WV,AEA,CE,Federal Contract Tower,0,0,0,2,2,0,0,5,2,7,0,0,5,4,9,0,8,8,17
02/04/2021,HLG,WV,AEA,CE,Federal Contract Tower,0,0,2,0,2,0,0,18,7,25,0,0,20,7,27,12,26,38,65
02/05/2021,HLG,WV,AEA,CE,Federal Contract Tower,0,0,0,3,3,0,0,5,34,39,0,0,5,37,42,0,136,136,178
02/06/2021,HLG,WV,AEA,CE,Federal Contract Tower,0,0,4,1,5,0,0,14,12,26,0,0,18,13,31,36,40,76,107
02/07/2021,HLG,WV,AEA,CE,Federal Contract Tower,0,0,4,0,4,0,0,13,6,19,0,0,17,6,23,0,4,4,27
02/08/2021,HLG,WV,AEA,CE,Federal Contract Tower,0,0,0,0,0,0,4,13,2,19,0,4,13,2,19,4,0,4,23
02/09/2021,HLG,WV,AEA,CE,Federal Contract Tower,0,0,0,0,0,0,0,0,0,0,0,0,0,0,0,0,0,0,0
02/10/2021,HLG,WV,AEA,CE,Federal Contract Tower,0,2,2,0,4,0,0,2,0,2,0,2,4,0,6,0,0,0,6
02/11/2021,HLG,WV,AEA,CE,Federal Contract Tower,0,0,0,0,0,0,0,2,0,2,0,0,2,0,2,0,0,0,2
02/12/2021,HLG,WV,AEA,CE,Federal Contract Tower,0,0,0,0,0,0,0,6,2,8,0,0,6,2,8,0,0,0,8
02/13/2021,HLG,WV,AEA,CE,Federal Contract Tower,0,0,0,0,0,0,0,2,0,2,0,0,2,0,2,0,0,0,2
02/14/2021,HLG,WV,AEA,CE,Federal Contract Tower,0,0,0,0,0,0,0,3,0,3,0,0,3,0,3,0,0,0,3
02/15/2021,HLG,WV,AEA,CE,Federal Contract Tower,0,0,0,0,0,0,0,0,0,0,0,0,0,0,0,0,0,0,0
02/16/2021,HLG,WV,AEA,CE,Federal Contract Tower,0,0,0,0,0,0,0,0,0,0,0,0,0,0,0,0,0,0,0
02/17/2021,HLG,WV,AEA,CE,Federal Contract Tower,0,0,0,0,0,0,4,8,3,15,0,4,8,3,15,0,8,8,23
02/18/2021,HLG,WV,AEA,CE,Federal Contract Tower,0,0,0,0,0,0,0,0,0,0,0,0,0,0,0,0,0,0,0
02/19/2021,HLG,WV,AEA,CE,Federal Contract Tower,0,0,0,2,2,0,0,3,17,20,0,0,3,19,22,0,80,80,102
02/20/2021,HLG,WV,AEA,CE,Federal Contract Tower,0,0,0,0,0,0,0,0,17,17,0,0,0,17,17,0,118,118,135
02/21/2021,HLG,WV,AEA,CE,Federal Contract Tower,0,0,2,3,5,0,0,25,8,33,0,0,27,11,38,8,22,30,68
02/22/2021,HLG,WV,AEA,CE,Federal Contract Tower,0,0,0,0,0,0,0,0,0,0,0,0,0,0,0,0,0,0,0
02/23/2021,HLG,WV,AEA,CE,Federal Contract Tower,0,0,1,0,1,0,0,4,9,13,0,0,5,9,14,0,74,74,88
02/24/2021,HLG,WV,AEA,CE,Federal Contract Tower,0,4,0,1,5,0,0,4,11,15,0,4,4,12,20,0,38,38,58
02/25/2021,HLG,WV,AEA,CE,Federal Contract Tower,0,4,2,0,6,0,0,17,11,28,0,4,19,11,34,2,42,44,78
02/26/2021,HLG,WV,AEA,CE,Federal Contract Tower,0,0,0,2,2,0,4,4,10,18,0,4,4,12,20,0,38,38,58
02/27/2021,HLG,WV,AEA,CE,Federal Contract Tower,0,0,0,0,0,0,0,4,0,4,0,0,4,0,4,22,0,22,26
02/28/2021,HLG,WV,AEA,CE,Federal Contract Tower,0,0,0,0,0,0,0,0,0,0,0,0,0,0,0,0,0,0,0
03/01/2021,HLG,WV,AEA,CE,Federal Contract Tower,0,0,2,0,2,0,0,0,0,0,0,0,2,0,2,0,0,0,2
03/02/2021,HLG,WV,AEA,CE,Federal Contract Tower,0,0,4,0,4,0,0,12,1,13,0,0,16,1,17,14,0,14,31
03/03/2021,HLG,WV,AEA,CE,Federal Contract Tower,0,0,1,0,1,0,1,17,2,20,0,1,18,2,21,0,0,0,21
03/04/2021,HLG,WV,AEA,CE,Federal Contract Tower,0,0,0,0,0,0,2,6,4,12,0,2,6,4,12,0,28,28,40
03/05/2021,HLG,WV,AEA,CE,Federal Contract Tower,0,1,1,0,2,0,0,16,22,38,0,1,17,22,40,0,96,96,136
03/06/2021,HLG,WV,AEA,CE,Federal Contract Tower,0,0,4,6,10,0,0,14,20,34,0,0,18,26,44,0,64,64,108
03/07/2021,HLG,WV,AEA,CE,Federal Contract Tower,0,0,7,1,8,0,0,29,15,44,0,0,36,16,52,22,70,92,144
03/08/2021,HLG,WV,AEA,CE,Federal Contract Tower,0,0,0,0,0,0,0,19,13,32,0,0,19,13,32,0,52,52,84
03/09/2021,HLG,WV,AEA,CE,Federal Contract Tower,0,3,2,0,5,0,0,18,4,22,0,3,20,4,27,0,78,78,105
03/10/2021,HLG,WV,AEA,CE,Federal Contract Tower,0,1,0,2,3,0,0,6,16,22,0,1,6,18,25,0,84,84,109
03/11/2021,HLG,WV,AEA,CE,Federal Contract Tower,0,0,0,1,1,0,0,0,10,10,0,0,0,11,11,0,46,46,57
03/12/2021,HLG,WV,AEA,CE,Federal Contract Tower,0,0,0,0,0,0,4,34,14,52,0,4,34,14,52,0,46,46,98
03/13/2021,HLG,WV,AEA,CE,Federal Contract Tower,0,2,4,0,6,0,0,10,0,10,0,2,14,0,16,0,0,0,16
03/14/2021,HLG,WV,AEA,CE,Federal Contract Tower,0,1,5,0,6,0,0,7,0,7,0,1,12,0,13,0,0,0,13
03/15/2021,HLG,WV,AEA,CE,Federal Contract Tower,0,0,1,0,1,0,0,13,0,13,0,0,14,0,14,4,0,4,18
03/16/2021,HLG,WV,AEA,CE,Federal Contract Tower,0,1,5,2,8,0,0,10,0,10,0,1,15,2,18,4,8,12,30
03/17/2021,HLG,WV,AEA,CE,Federal Contract Tower,0,3,4,0,7,0,0,32,3,35,0,3,36,3,42,2,4,6,48
03/18/2021,HLG,WV,AEA,CE,Federal Contract Tower,0,0,0,0,0,0,0,0,0,0,0,0,0,0,0,0,0,0,0
03/19/2021,HLG,WV,AEA,CE,Federal Contract Tower,0,0,4,2,6,0,0,11,13,24,0,0,15,15,30,0,72,72,102
03/20/2021,HLG,WV,AEA,CE,Federal Contract Tower,0,0,0,7,7,0,0,16,10,26,0,0,16,17,33,0,30,30,63
03/21/2021,HLG,WV,AEA,CE,Federal Contract Tower,0,0,4,6,10,0,0,38,8,46,0,0,42,14,56,36,18,54,110
03/22/2021,HLG,WV,AEA,CE,Federal Contract Tower,0,2,0,0,2,0,0,33,4,37,0,2,33,4,39,30,12,42,81
03/23/2021,HLG,WV,AEA,CE,Federal Contract Tower,0,0,0,0,0,0,0,19,3,22,0,0,19,3,22,6,18,24,46
03/24/2021,HLG,WV,AEA,CE,Federal Contract Tower,0,2,2,0,4,0,0,17,4,21,0,2,19,4,25,22,8,30,55
03/25/2021,HLG,WV,AEA,CE,Federal Contract Tower,0,0,0,0,0,0,0,19,3,22,0,0,19,3,22,30,10,40,62
03/26/2021,HLG,WV,AEA,CE,Federal Contract Tower,0,0,0,0,0,0,0,2,0,2,0,0,2,0,2,0,0,0,2
03/27/2021,HLG,WV,AEA,CE,Federal Contract Tower,0,0,0,0,0,0,0,14,0,14,0,0,14,0,14,0,0,0,14
03/28/2021,HLG,WV,AEA,CE,Federal Contract Tower,0,0,0,0,0,0,0,0,0,0,0,0,0,0,0,0,0,0,0
03/29/2021,HLG,WV,AEA,CE,Federal Contract Tower,0,0,0,0,0,0,0,33,2,35,0,0,33,2,35,2,0,2,37
03/30/2021,HLG,WV,AEA,CE,Federal Contract Tower,0,0,1,2,3,0,4,22,9,35,0,4,23,11,38,20,56,76,114
03/31/2021,HLG,WV,AEA,CE,Federal Contract Tower,0,0,1,2,3,0,0,0,1,1,0,0,1,3,4,0,68,68,72
04/01/2021,HLG,WV,AEA,CE,Federal Contract Tower,0,0,0,2,2,0,0,5,4,9,0,0,5,6,11,0,64,64,75
04/02/2021,HLG,WV,AEA,CE,Federal Contract Tower,0,0,0,2,2,0,14,32,2,48,0,14,32,4,50,18,20,38,88
04/03/2021,HLG,WV,AEA,CE,Federal Contract Tower,0,1,0,0,1,0,0,11,3,14,0,1,11,3,15,22,0,22,37
04/04/2021,HLG,WV,AEA,CE,Federal Contract Tower,0,0,0,0,0,0,4,13,0,17,0,4,13,0,17,10,0,10,27
04/05/2021,HLG,WV,AEA,CE,Federal Contract Tower,0,0,0,0,0,0,0,22,0,22,0,0,22,0,22,2,0,2,24
04/06/2021,HLG,WV,AEA,CE,Federal Contract Tower,0,3,1,0,4,0,2,28,2,32,0,5,29,2,36,44,0,44,80
04/07/2021,HLG,WV,AEA,CE,Federal Contract Tower,0,2,4,0,6,0,0,46,6,52,0,2,50,6,58,4,38,42,100
04/08/2021,HLG,WV,AEA,CE,Federal Contract Tower,0,2,0,0,2,0,0,14,9,23,0,2,14,9,25,6,26,32,57
04/09/2021,HLG,WV,AEA,CE,Federal Contract Tower,0,2,7,1,10,0,4,8,21,33,0,6,15,22,43,4,100,104,147
04/10/2021,HLG,WV,AEA,CE,Federal Contract Tower,0,0,5,0,5,0,0,11,0,11,0,0,16,0,16,4,0,4,20
04/11/2021,HLG,WV,AEA,CE,Federal Contract Tower,0,0,4,6,10,0,0,5,6,11,0,0,9,12,21,0,24,24,45
04/12/2021,HLG,WV,AEA,CE,Federal Contract Tower,0,1,3,0,4,0,0,2,2,4,0,1,5,2,8,0,42,42,50
04/13/2021,HLG,WV,AEA,CE,Federal Contract Tower,0,1,0,0,1,0,0,20,6,26,0,1,20,6,27,0,34,34,61
04/14/2021,HLG,WV,AEA,CE,Federal Contract Tower,0,0,0,0,0,0,2,13,2,17,0,2,13,2,17,0,0,0,17
04/15/2021,HLG,WV,AEA,CE,Federal Contract Tower,0,3,0,0,3,0,1,18,0,19,0,4,18,0,22,8,0,8,30
04/16/2021,HLG,WV,AEA,CE,Federal Contract Tower,0,2,0,0,2,0,2,14,9,25,0,4,14,9,27,4,18,22,49
04/17/2021,HLG,WV,AEA,CE,Federal Contract Tower,0,0,2,0,2,0,0,12,4,16,0,0,14,4,18,0,4,4,22
04/18/2021,HLG,WV,AEA,CE,Federal Contract Tower,0,0,11,0,11,0,1,28,5,34,0,1,39,5,45,20,18,38,83
04/19/2021,HLG,WV,AEA,CE,Federal Contract Tower,0,0,3,0,3,0,0,29,1,30,0,0,32,1,33,14,0,14,47
04/20/2021,HLG,WV,AEA,CE,Federal Contract Tower,0,0,0,0,0,0,0,17,6,23,0,0,17,6,23,0,4,4,27
04/21/2021,HLG,WV,AEA,CE,Federal Contract Tower,0,2,0,0,2,0,0,2,1,3,0,2,2,1,5,0,0,0,5
04/22/2021,HLG,WV,AEA,CE,Federal Contract Tower,0,4,0,0,4,0,0,25,2,27,0,4,25,2,31,0,8,8,39
04/23/2021,HLG,WV,AEA,CE,Federal Contract Tower,0,0,3,8,11,0,6,27,12,45,0,6,30,20,56,4,8,12,68
04/24/2021,HLG,WV,AEA,CE,Federal Contract Tower,0,0,2,0,2,0,2,15,0,17,0,2,17,0,19,12,0,12,31
04/25/2021,HLG,WV,AEA,CE,Federal Contract Tower,0,2,2,0,4,0,0,15,2,17,0,2,17,2,21,26,32,58,79
04/26/2021,HLG,WV,AEA,CE,Federal Contract Tower,0,2,2,0,4,0,0,28,0,28,0,2,30,0,32,2,0,2,34
04/27/2021,HLG,WV,AEA,CE,Federal Contract Tower,0,0,0,0,0,0,0,15,5,20,0,0,15,5,20,0,16,16,36
04/28/2021,HLG,WV,AEA,CE,Federal Contract Tower,0,0,0,0,0,0,0,15,2,17,0,0,15,2,17,2,4,6,23
04/29/2021,HLG,WV,AEA,CE,Federal Contract Tower,0,0,0,0,0,0,0,0,0,0,0,0,0,0,0,0,0,0,0
04/30/2021,HLG,WV,AEA,CE,Federal Contract Tower,0,1,2,0,3,0,4,4,10,18,0,5,6,10,21,0,6,6,27
05/01/2021,HLG,WV,AEA,CE,Federal Contract Tower,0,1,1,0,2,0,0,25,3,28,0,1,26,3,30,34,10,44,74
05/02/2021,HLG,WV,AEA,CE,Federal Contract Tower,0,0,0,0,0,0,2,19,7,28,0,2,19,7,28,14,10,24,52
05/03/2021,HLG,WV,AEA,CE,Federal Contract Tower,0,2,0,4,6,0,0,2,2,4,0,2,2,6,10,0,0,0,10
05/04/2021,HLG,WV,AEA,CE,Federal Contract Tower,0,2,0,0,2,0,0,2,0,2,0,2,2,0,4,0,26,26,30
05/05/2021,HLG,WV,AEA,CE,Federal Contract Tower,0,0,0,1,1,0,0,4,6,10,0,0,4,7,11,0,24,24,35
05/06/2021,HLG,WV,AEA,CE,Federal Contract Tower,0,0,0,0,0,0,0,39,6,45,0,0,39,6,45,18,24,42,87
05/07/2021,HLG,WV,AEA,CE,Federal Contract Tower,0,0,1,4,5,0,2,6,7,15,0,2,7,11,20,0,30,30,50
05/08/2021,HLG,WV,AEA,CE,Federal Contract Tower,0,0,3,0,3,0,0,11,0,11,0,0,14,0,14,22,0,22,36
05/09/2021,HLG,WV,AEA,CE,Federal Contract Tower,0,0,2,0,2,0,0,0,0,0,0,0,2,0,2,0,0,0,2
05/10/2021,HLG,WV,AEA,CE,Federal Contract Tower,0,0,0,2,2,0,0,2,6,8,0,0,2,8,10,0,26,26,36
05/11/2021,HLG,WV,AEA,CE,Federal Contract Tower,0,0,0,0,0,0,0,8,14,22,0,0,8,14,22,0,52,52,74
05/12/2021,HLG,WV,AEA,CE,Federal Contract Tower,0,0,3,0,3,0,2,33,4,39,0,2,36,4,42,2,12,14,56
05/13/2021,HLG,WV,AEA,CE,Federal Contract Tower,0,4,12,1,17,0,0,39,7,46,0,4,51,8,63,12,36,48,111
05/14/2021,HLG,WV,AEA,CE,Federal Contract Tower,0,0,0,0,0,0,0,31,3,34,0,0,31,3,34,0,24,24,58
05/15/2021,HLG,WV,AEA,CE,Federal Contract Tower,0,0,2,0,2,0,0,24,0,24,0,0,26,0,26,14,0,14,40
05/16/2021,HLG,WV,AEA,CE,Federal Contract Tower,0,0,3,0,3,0,0,14,0,14,0,0,17,0,17,2,0,2,19
05/17/2021,HLG,WV,AEA,CE,Federal Contract Tower,0,2,0,0,2,0,0,9,0,9,0,2,9,0,11,0,22,22,33
05/18/2021,HLG,WV,AEA,CE,Federal Contract Tower,0,5,0,0,5,0,0,24,3,27,0,5,24,3,32,0,16,16,48
05/19/2021,HLG,WV,AEA,CE,Federal Contract Tower,0,0,4,0,4,0,1,22,6,29,0,1,26,6,33,10,0,10,43
05/20/2021,HLG,WV,AEA,CE,Federal Contract Tower,0,4,0,2,6,0,0,20,7,27,0,4,20,9,33,0,30,30,63
05/21/2021,HLG,WV,AEA,CE,Federal Contract Tower,0,1,0,2,3,0,2,19,7,28,0,3,19,9,31,18,12,30,61
05/22/2021,HLG,WV,AEA,CE,Federal Contract Tower,0,0,1,0,1,0,2,15,0,17,0,2,16,0,18,6,0,6,24
05/23/2021,HLG,WV,AEA,CE,Federal Contract Tower,0,2,4,0,6,0,4,14,0,18,0,6,18,0,24,6,0,6,30
05/24/2021,HLG,WV,AEA,CE,Federal Contract Tower,0,0,0,4,4,0,0,1,4,5,0,0,1,8,9,0,0,0,9
05/25/2021,HLG,WV,AEA,CE,Federal Contract Tower,0,0,4,1,5,0,0,10,2,12,0,0,14,3,17,24,36,60,77
05/26/2021,HLG,WV,AEA,CE,Federal Contract Tower,0,0,3,0,3,0,0,9,2,11,0,0,12,2,14,0,4,4,18
05/27/2021,HLG,WV,AEA,CE,Federal Contract Tower,0,0,4,6,10,0,0,17,7,24,0,0,21,13,34,14,38,52,86
05/28/2021,HLG,WV,AEA,CE,Federal Contract Tower,0,0,0,0,0,0,0,0,0,0,0,0,0,0,0,0,0,0,0
05/29/2021,HLG,WV,AEA,CE,Federal Contract Tower,0,0,5,0,5,0,0,0,0,0,0,0,5,0,5,0,0,0,5
05/30/2021,HLG,WV,AEA,CE,Federal Contract Tower,0,0,0,0,0,0,0,6,2,8,0,0,6,2,8,16,2,18,26
05/31/2021,HLG,WV,AEA,CE,Federal Contract Tower,0,0,5,0,5,0,6,27,0,33,0,6,32,0,38,0,0,0,38
06/01/2021,HLG,WV,AEA,CE,Federal Contract Tower,0,2,1,0,3,0,2,31,2,35,0,4,32,2,38,42,0,42,80
06/02/2021,HLG,WV,AEA,CE,Federal Contract Tower,0,0,1,0,1,0,0,1,0,1,0,0,2,0,2,0,0,0,2
06/03/2021,HLG,WV,AEA,CE,Federal Contract Tower,0,0,0,0,0,0,0,2,0,2,0,0,2,0,2,8,0,8,10
06/04/2021,HLG,WV,AEA,CE,Federal Contract Tower,0,4,1,0,5,0,4,10,8,22,0,8,11,8,27,0,20,20,47
06/06/2021,HLG,WV,AEA,CE,Federal Contract Tower,0,0,0,0,0,0,5,16,2,23,0,5,16,2,23,20,6,26,49
06/07/2021,HLG,WV,AEA,CE,Federal Contract Tower,0,2,2,8,12,0,0,17,19,36,0,2,19,27,48,4,48,52,100
06/08/2021,HLG,WV,AEA,CE,Federal Contract Tower,0,2,2,2,6,0,0,8,13,21,0,2,10,15,27,0,38,38,65
06/09/2021,HLG,WV,AEA,CE,Federal Contract Tower,0,1,0,2,3,0,2,6,13,21,0,3,6,15,24,10,60,70,94
06/10/2021,HLG,WV,AEA,CE,Federal Contract Tower,0,1,0,1,2,0,0,4,20,24,0,1,4,21,26,0,72,72,98
06/11/2021,HLG,WV,AEA,CE,Federal Contract Tower,0,1,0,0,1,0,0,0,19,19,0,1,0,19,20,0,82,82,102
06/12/2021,HLG,WV,AEA,CE,Federal Contract Tower,0,0,3,0,3,0,0,19,14,33,0,0,22,14,36,0,46,46,82
06/13/2021,HLG,WV,AEA,CE,Federal Contract Tower,0,1,1,0,2,0,0,7,0,7,0,1,8,0,9,8,0,8,17
06/14/2021,HLG,WV,AEA,CE,Federal Contract Tower,0,0,2,0,2,0,0,18,8,26,0,0,20,8,28,0,30,30,58
06/15/2021,HLG,WV,AEA,CE,Federal Contract Tower,0,0,0,1,1,0,0,13,12,25,0,0,13,13,26,12,46,58,84
06/16/2021,HLG,WV,AEA,CE,Federal Contract Tower,0,1,2,0,3,0,0,23,0,23,0,1,25,0,26,10,0,10,36
06/17/2021,HLG,WV,AEA,CE,Federal Contract Tower,0,4,0,0,4,0,0,44,4,48,0,4,44,4,52,54,12,66,118
06/18/2021,HLG,WV,AEA,CE,Federal Contract Tower,0,7,2,0,9,0,0,9,17,26,0,7,11,17,35,0,24,24,59
06/19/2021,HLG,WV,AEA,CE,Federal Contract Tower,0,1,1,0,2,0,0,6,0,6,0,1,7,0,8,0,0,0,8
06/20/2021,HLG,WV,AEA,CE,Federal Contract Tower,0,1,1,0,2,0,0,4,2,6,0,1,5,2,8,0,0,0,8
06/21/2021,HLG,WV,AEA,CE,Federal Contract Tower,0,4,0,0,4,0,0,6,0,6,0,4,6,0,10,0,8,8,18
06/22/2021,HLG,WV,AEA,CE,Federal Contract Tower,0,4,0,0,4,0,0,3,0,3,0,4,3,0,7,0,0,0,7
06/23/2021,HLG,WV,AEA,CE,Federal Contract Tower,0,0,2,0,2,0,0,39,4,43,0,0,41,4,45,22,14,36,81
06/24/2021,HLG,WV,AEA,CE,Federal Contract Tower,0,4,21,0,25,0,0,28,2,30,0,4,49,2,55,20,4,24,79
06/25/2021,HLG,WV,AEA,CE,Federal Contract Tower,0,5,2,0,7,0,4,6,6,16,0,9,8,6,23,0,0,0,23
06/26/2021,HLG,WV,AEA,CE,Federal Contract Tower,0,0,0,0,0,0,0,19,0,19,0,0,19,0,19,4,0,4,23
06/27/2021,HLG,WV,AEA,CE,Federal Contract Tower,0,0,11,0,11,0,4,11,0,15,0,4,22,0,26,0,0,0,26
06/28/2021,HLG,WV,AEA,CE,Federal Contract Tower,0,0,4,0,4,0,0,15,4,19,0,0,19,4,23,0,0,0,23
06/29/2021,HLG,WV,AEA,CE,Federal Contract Tower,0,1,0,0,1,0,0,17,14,31,0,1,17,14,32,0,26,26,58
06/30/2021,HLG,WV,AEA,CE,Federal Contract Tower,0,3,2,0,5,0,0,4,0,4,0,3,6,0,9,0,0,0,9
07/01/2021,HLG,WV,AEA,CE,Federal Contract Tower,0,0,0,0,0,0,4,0,0,4,0,4,0,0,4,0,0,0,4
07/02/2021,HLG,WV,AEA,CE,Federal Contract Tower,0,6,0,0,6,0,2,20,5,27,0,8,20,5,33,0,0,0,33
07/03/2021,HLG,WV,AEA,CE,Federal Contract Tower,0,0,2,0,2,0,0,10,4,14,0,0,12,4,16,14,10,24,40
07/04/2021,HLG,WV,AEA,CE,Federal Contract Tower,0,0,0,0,0,0,0,2,0,2,0,0,2,0,2,0,0,0,2
07/05/2021,HLG,WV,AEA,CE,Federal Contract Tower,0,2,2,0,4,0,4,32,4,40,0,6,34,4,44,14,14,28,72
07/06/2021,HLG,WV,AEA,CE,Federal Contract Tower,0,2,0,0,2,0,0,22,10,32,0,2,22,10,34,8,12,20,54
07/07/2021,HLG,WV,AEA,CE,Federal Contract Tower,0,0,0,0,0,0,2,13,2,17,0,2,13,2,17,0,12,12,29
07/08/2021,HLG,WV,AEA,CE,Federal Contract Tower,0,0,0,0,0,0,0,0,0,0,0,0,0,0,0,0,0,0,0
07/09/2021,HLG,WV,AEA,CE,Federal Contract Tower,0,3,0,1,4,0,10,13,25,48,0,13,13,26,52,4,78,82,134
07/10/2021,HLG,WV,AEA,CE,Federal Contract Tower,0,3,5,0,8,0,2,18,14,34,0,5,23,14,42,10,22,32,74
07/11/2021,HLG,WV,AEA,CE,Federal Contract Tower,0,0,3,0,3,0,2,8,4,14,0,2,11,4,17,0,0,0,17
07/12/2021,HLG,WV,AEA,CE,Federal Contract Tower,0,2,0,0,2,0,0,2,14,16,0,2,2,14,18,0,62,62,80
07/13/2021,HLG,WV,AEA,CE,Federal Contract Tower,0,0,0,0,0,0,1,0,5,6,0,1,0,5,6,0,12,12,18
07/14/2021,HLG,WV,AEA,CE,Federal Contract Tower,0,4,7,0,11,0,0,38,2,40,0,4,45,2,51,22,10,32,83
07/15/2021,HLG,WV,AEA,CE,Federal Contract Tower,0,0,0,0,0,0,0,18,10,28,0,0,18,10,28,0,34,34,62
07/16/2021,HLG,WV,AEA,CE,Federal Contract Tower,0,2,0,2,4,0,0,24,6,30,0,2,24,8,34,6,30,36,70
07/17/2021,HLG,WV,AEA,CE,Federal Contract Tower,0,0,0,0,0,0,0,2,0,2,0,0,2,0,2,0,0,0,2
07/18/2021,HLG,WV,AEA,CE,Federal Contract Tower,0,0,2,0,2,0,0,27,1,28,0,0,29,1,30,52,0,52,82
07/19/2021,HLG,WV,AEA,CE,Federal Contract Tower,0,2,2,2,6,0,0,28,10,38,0,2,30,12,44,16,30,46,90
07/20/2021,HLG,WV,AEA,CE,Federal Contract Tower,0,1,4,4,9,0,3,19,9,31,0,4,23,13,40,0,34,34,74
07/21/2021,HLG,WV,AEA,CE,Federal Contract Tower,0,0,7,3,10,0,2,26,5,33,0,2,33,8,43,0,36,36,79
07/22/2021,HLG,WV,AEA,CE,Federal Contract Tower,0,1,4,0,5,0,1,48,11,60,0,2,52,11,65,40,34,74,139
07/23/2021,HLG,WV,AEA,CE,Federal Contract Tower,0,1,0,0,1,0,0,34,14,48,0,1,34,14,49,33,51,84,133
07/24/2021,HLG,WV,AEA,CE,Federal Contract Tower,0,3,3,3,9,0,0,53,7,60,0,3,56,10,69,82,22,104,173
07/25/2021,HLG,WV,AEA,CE,Federal Contract Tower,0,1,2,0,3,0,2,15,0,17,0,3,17,0,20,20,0,20,40
07/26/2021,HLG,WV,AEA,CE,Federal Contract Tower,0,3,0,4,7,0,0,23,9,32,0,3,23,13,39,0,44,44,83
07/27/2021,HLG,WV,AEA,CE,Federal Contract Tower,0,1,7,2,10,0,0,42,6,48,0,1,49,8,58,6,20,26,84
07/28/2021,HLG,WV,AEA,CE,Federal Contract Tower,0,3,0,10,13,0,2,20,10,32,0,5,20,20,45,6,14,20,65
07/29/2021,HLG,WV,AEA,CE,Federal Contract Tower,0,1,0,4,5,0,4,7,11,22,0,5,7,15,27,0,48,48,75
07/30/2021,HLG,WV,AEA,CE,Federal Contract Tower,0,6,0,0,6,0,0,27,4,31,0,6,27,4,37,4,24,28,65
07/31/2021,HLG,WV,AEA,CE,Federal Contract Tower,0,0,0,0,0,0,0,14,0,14,0,0,14,0,14,2,0,2,16
08/01/2021,HLG,WV,AEA,CE,Federal Contract Tower,0,0,0,0,0,0,0,13,0,13,0,0,13,0,13,0,0,0,13
08/02/2021,HLG,WV,AEA,CE,Federal Contract Tower,0,2,0,0,2,0,0,19,7,26,0,2,19,7,28,0,42,42,70
08/03/2021,HLG,WV,AEA,CE,Federal Contract Tower,0,4,0,6,10,0,1,33,9,43,0,5,33,15,53,8,50,58,111
08/04/2021,HLG,WV,AEA,CE,Federal Contract Tower,0,0,2,4,6,0,0,28,9,37,0,0,30,13,43,50,28,78,121
08/05/2021,HLG,WV,AEA,CE,Federal Contract Tower,0,2,0,0,2,0,0,33,6,39,0,2,33,6,41,0,20,20,61
08/06/2021,HLG,WV,AEA,CE,Federal Contract Tower,0,0,0,0,0,0,0,67,13,80,0,0,67,13,80,10,98,108,188
08/07/2021,HLG,WV,AEA,CE,Federal Contract Tower,0,0,2,0,2,0,0,23,12,35,0,0,25,12,37,18,4,22,59
08/08/2021,HLG,WV,AEA,CE,Federal Contract Tower,0,0,1,0,1,0,0,21,0,21,0,0,22,0,22,0,0,0,22
08/09/2021,HLG,WV,AEA,CE,Federal Contract Tower,0,2,2,0,4,0,0,19,5,24,0,2,21,5,28,6,40,46,74
08/10/2021,HLG,WV,AEA,CE,Federal Contract Tower,0,4,0,0,4,0,4,2,0,6,0,8,2,0,10,0,0,0,10
08/11/2021,HLG,WV,AEA,CE,Federal Contract Tower,0,0,0,0,0,0,0,4,0,4,0,0,4,0,4,0,0,0,4
08/12/2021,HLG,WV,AEA,CE,Federal Contract Tower,0,2,1,0,3,0,0,2,4,6,0,2,3,4,9,0,6,6,15
08/13/2021,HLG,WV,AEA,CE,Federal Contract Tower,0,0,0,1,1,0,0,15,2,17,0,0,15,3,18,0,0,0,18
08/14/2021,HLG,WV,AEA,CE,Federal Contract Tower,0,2,3,0,5,0,0,19,3,22,0,2,22,3,27,4,4,8,35
08/15/2021,HLG,WV,AEA,CE,Federal Contract Tower,0,1,7,0,8,0,0,23,2,25,0,1,30,2,33,2,0,2,35
08/16/2021,HLG,WV,AEA,CE,Federal Contract Tower,0,0,0,0,0,0,0,2,0,2,0,0,2,0,2,0,0,0,2
08/17/2021,HLG,WV,AEA,CE,Federal Contract Tower,0,0,2,4,6,0,4,8,5,17,0,4,10,9,23,0,20,20,43
08/18/2021,HLG,WV,AEA,CE,Federal Contract Tower,0,4,0,0,4,0,0,1,0,1,0,4,1,0,5,0,0,0,5
08/19/2021,HLG,WV,AEA,CE,Federal Contract Tower,0,0,3,2,5,0,0,10,2,12,0,0,13,4,17,14,8,22,39
08/20/2021,HLG,WV,AEA,CE,Federal Contract Tower,0,3,3,0,6,0,0,28,9,37,0,3,31,9,43,20,22,42,85
08/21/2021,HLG,WV,AEA,CE,Federal Contract Tower,0,0,0,0,0,0,0,27,5,32,0,0,27,5,32,20,18,38,70
08/22/2021,HLG,WV,AEA,CE,Federal Contract Tower,0,1,0,0,1,0,0,13,0,13,0,1,13,0,14,24,0,24,38
08/23/2021,HLG,WV,AEA,CE,Federal Contract Tower,0,0,0,8,8,0,0,25,4,29,0,0,25,12,37,0,0,0,37
08/24/2021,HLG,WV,AEA,CE,Federal Contract Tower,0,0,2,0,2,0,0,30,3,33,0,0,32,3,35,8,46,54,89
08/25/2021,HLG,WV,AEA,CE,Federal Contract Tower,0,2,0,0,2,0,0,26,6,32,0,2,26,6,34,22,4,26,60
08/26/2021,HLG,WV,AEA,CE,Federal Contract Tower,0,0,4,10,14,0,2,12,2,16,0,2,16,12,30,20,8,28,58
08/27/2021,HLG,WV,AEA,CE,Federal Contract Tower,0,1,4,0,5,0,4,15,12,31,0,5,19,12,36,10,32,42,78
08/28/2021,HLG,WV,AEA,CE,Federal Contract Tower,0,1,0,0,1,0,0,27,0,27,0,1,27,0,28,26,0,26,54
08/29/2021,HLG,WV,AEA,CE,Federal Contract Tower,0,0,3,0,3,0,0,10,2,12,0,0,13,2,15,0,0,0,15
08/30/2021,HLG,WV,AEA,CE,Federal Contract Tower,0,2,2,0,4,0,0,5,1,6,0,2,7,1,10,62,0,62,72
08/31/2021,HLG,WV,AEA,CE,Federal Contract Tower,0,2,0,2,4,0,0,0,0,0,0,2,0,2,4,0,0,0,4
09/01/2021,HLG,WV,AEA,CE,Federal Contract Tower,0,0,0,0,0,0,0,0,0,0,0,0,0,0,0,0,0,0,0
09/02/2021,HLG,WV,AEA,CE,Federal Contract Tower,0,2,2,0,4,0,0,18,3,21,0,2,20,3,25,12,0,12,37
09/03/2021,HLG,WV,AEA,CE,Federal Contract Tower,0,0,3,0,3,0,4,26,1,31,0,4,29,1,34,14,0,14,48
09/04/2021,HLG,WV,AEA,CE,Federal Contract Tower,0,2,1,0,3,0,0,13,0,13,0,2,14,0,16,2,0,2,18
09/05/2021,HLG,WV,AEA,CE,Federal Contract Tower,0,1,0,0,1,0,0,0,0,0,0,1,0,0,1,0,0,0,1
09/06/2021,HLG,WV,AEA,CE,Federal Contract Tower,0,1,2,0,3,0,0,19,1,20,0,1,21,1,23,26,0,26,49
09/07/2021,HLG,WV,AEA,CE,Federal Contract Tower,0,0,4,4,8,0,0,26,5,31,0,0,30,9,39,0,0,0,39
09/08/2021,HLG,WV,AEA,CE,Federal Contract Tower,0,2,2,6,10,0,0,15,2,17,0,2,17,8,27,0,0,0,27
09/09/2021,HLG,WV,AEA,CE,Federal Contract Tower,0,0,6,3,9,0,0,17,20,37,0,0,23,23,46,8,20,28,74
09/10/2021,HLG,WV,AEA,CE,Federal Contract Tower,0,1,0,1,2,0,1,16,25,42,0,2,16,26,44,20,60,80,124
09/11/2021,HLG,WV,AEA,CE,Federal Contract Tower,0,0,2,0,2,0,4,83,18,105,0,4,85,18,107,0,16,16,123
09/12/2021,HLG,WV,AEA,CE,Federal Contract Tower,0,1,0,1,2,0,0,19,0,19,0,1,19,1,21,10,2,12,33
09/13/2021,HLG,WV,AEA,CE,Federal Contract Tower,0,2,1,0,3,0,0,8,6,14,0,2,9,6,17,0,24,24,41
09/14/2021,HLG,WV,AEA,CE,Federal Contract Tower,0,0,2,1,3,0,1,23,3,27,0,1,25,4,30,4,0,4,34
09/15/2021,HLG,WV,AEA,CE,Federal Contract Tower,0,2,0,0,2,0,0,7,6,13,0,2,7,6,15,0,12,12,27
09/16/2021,HLG,WV,AEA,CE,Federal Contract Tower,0,1,2,0,3,0,0,20,6,26,0,1,22,6,29,72,6,78,107
09/17/2021,HLG,WV,AEA,CE,Federal Contract Tower,0,3,1,0,4,0,0,25,7,32,0,3,26,7,36,12,18,30,66
09/18/2021,HLG,WV,AEA,CE,Federal Contract Tower,0,2,6,0,8,0,0,15,1,16,0,2,21,1,24,22,0,22,46
09/19/2021,HLG,WV,AEA,CE,Federal Contract Tower,0,0,4,0,4,0,0,25,0,25,0,0,29,0,29,0,0,0,29
09/20/2021,HLG,WV,AEA,CE,Federal Contract Tower,0,2,0,0,2,0,2,3,3,8,0,4,3,3,10,0,6,6,16
09/21/2021,HLG,WV,AEA,CE,Federal Contract Tower,0,0,0,0,0,0,0,0,0,0,0,0,0,0,0,0,0,0,0
09/22/2021,HLG,WV,AEA,CE,Federal Contract Tower,0,4,0,4,8,0,0,0,0,0,0,4,0,4,8,0,0,0,8
09/23/2021,HLG,WV,AEA,CE,Federal Contract Tower,0,2,3,0,5,0,0,11,0,11,0,2,14,0,16,48,0,48,64
09/24/2021,HLG,WV,AEA,CE,Federal Contract Tower,0,4,4,1,9,0,0,17,3,20,0,4,21,4,29,42,16,58,87
09/25/2021,HLG,WV,AEA,CE,Federal Contract Tower,0,1,2,0,3,0,0,34,3,37,0,1,36,3,40,64,8,72,112
09/26/2021,HLG,WV,AEA,CE,Federal Contract Tower,0,1,3,0,4,0,0,17,0,17,0,1,20,0,21,0,0,0,21
09/27/2021,HLG,WV,AEA,CE,Federal Contract Tower,0,5,0,0,5,0,0,18,3,21,0,5,18,3,26,2,12,14,40
09/28/2021,HLG,WV,AEA,CE,Federal Contract Tower,0,0,4,2,6,0,0,14,2,16,0,0,18,4,22,0,6,6,28
09/29/2021,HLG,WV,AEA,CE,Federal Contract Tower,0,5,2,0,7,0,6,27,4,37,0,11,29,4,44,0,0,0,44
09/30/2021,HLG,WV,AEA,CE,Federal Contract Tower,0,3,1,0,4,0,4,24,4,32,0,7,25,4,36,0,16,16,52
10/01/2021,HLG,WV,AEA,CE,Federal Contract Tower,0,5,3,0,8,0,0,26,1,27,0,5,29,1,35,14,0,14,49
10/02/2021,HLG,WV,AEA,CE,Federal Contract Tower,0,2,0,0,2,0,0,17,0,17,0,2,17,0,19,4,0,4,23
10/03/2021,HLG,WV,AEA,CE,Federal Contract Tower,0,0,0,0,0,0,0,2,0,2,0,0,2,0,2,0,0,0,2
10/04/2021,HLG,WV,AEA,CE,Federal Contract Tower,0,0,0,0,0,0,0,7,0,7,0,0,7,0,7,4,0,4,11
10/05/2021,HLG,WV,AEA,CE,Federal Contract Tower,0,2,1,0,3,0,0,19,0,19,0,2,20,0,22,0,0,0,22
10/06/2021,HLG,WV,AEA,CE,Federal Contract Tower,0,0,0,4,4,0,0,11,0,11,0,0,11,4,15,0,0,0,15
10/07/2021,HLG,WV,AEA,CE,Federal Contract Tower,0,4,2,0,6,0,2,23,0,25,0,6,25,0,31,0,0,0,31
10/08/2021,HLG,WV,AEA,CE,Federal Contract Tower,0,3,0,0,3,0,0,17,0,17,0,3,17,0,20,0,0,0,20
10/09/2021,HLG,WV,AEA,CE,Federal Contract Tower,0,0,1,0,1,0,0,6,0,6,0,0,7,0,7,0,0,0,7
10/10/2021,HLG,WV,AEA,CE,Federal Contract Tower,0,0,4,0,4,0,0,17,4,21,0,0,21,4,25,34,10,44,69
10/11/2021,HLG,WV,AEA,CE,Federal Contract Tower,0,2,4,1,7,0,6,15,0,21,0,8,19,1,28,0,0,0,28
10/12/2021,HLG,WV,AEA,CE,Federal Contract Tower,0,5,2,0,7,0,0,37,0,37,0,5,39,0,44,12,0,12,56
10/13/2021,HLG,WV,AEA,CE,Federal Contract Tower,0,2,2,0,4,0,0,6,4,10,0,2,8,4,14,0,12,12,26
10/14/2021,HLG,WV,AEA,CE,Federal Contract Tower,0,6,2,0,8,0,1,27,2,30,0,7,29,2,38,8,8,16,54
10/15/2021,HLG,WV,AEA,CE,Federal Contract Tower,0,2,3,0,5,0,10,18,20,48,0,12,21,20,53,28,60,88,141
10/16/2021,HLG,WV,AEA,CE,Federal Contract Tower,0,0,0,8,8,0,0,4,6,10,0,0,4,14,18,12,22,34,52
10/17/2021,HLG,WV,AEA,CE,Federal Contract Tower,0,2,3,1,6,0,0,19,35,54,0,2,22,36,60,16,40,56,116
10/18/2021,HLG,WV,AEA,CE,Federal Contract Tower,0,4,2,0,6,0,0,9,8,17,0,4,11,8,23,4,48,52,75
10/19/2021,HLG,WV,AEA,CE,Federal Contract Tower,0,4,0,2,6,0,0,11,5,16,0,4,11,7,22,0,8,8,30
10/20/2021,HLG,WV,AEA,CE,Federal Contract Tower,0,0,2,4,6,0,0,14,1,15,0,0,16,5,21,0,14,14,35
10/21/2021,HLG,WV,AEA,CE,Federal Contract Tower,0,0,1,0,1,0,0,19,13,32,0,0,20,13,33,0,42,42,75
10/22/2021,HLG,WV,AEA,CE,Federal Contract Tower,0,0,2,0,2,0,0,4,12,16,0,0,6,12,18,0,66,66,84
10/23/2021,HLG,WV,AEA,CE,Federal Contract Tower,0,2,4,0,6,0,0,16,22,38,0,2,20,22,44,56,50,106,150
10/24/2021,HLG,WV,AEA,CE,Federal Contract Tower,0,4,2,1,7,0,0,14,14,28,0,4,16,15,35,0,62,62,97
10/25/2021,HLG,WV,AEA,CE,Federal Contract Tower,0,1,1,0,2,0,0,12,3,15,0,1,13,3,17,0,36,36,53
10/26/2021,HLG,WV,AEA,CE,Federal Contract Tower,0,1,0,0,1,0,0,8,9,17,0,1,8,9,18,0,28,28,46
10/27/2021,HLG,WV,AEA,CE,Federal Contract Tower,0,6,1,0,7,0,0,2,0,2,0,6,3,0,9,4,0,4,13
10/28/2021,HLG,WV,AEA,CE,Federal Contract Tower,0,0,4,0,4,0,0,25,2,27,0,0,29,2,31,12,0,12,43
10/29/2021,HLG,WV,AEA,CE,Federal Contract Tower,0,0,0,0,0,0,0,0,0,0,0,0,0,0,0,0,0,0,0
10/30/2021,HLG,WV,AEA,CE,Federal Contract Tower,0,0,5,0,5,0,0,2,0,2,0,0,7,0,7,0,0,0,7
10/31/2021,HLG,WV,AEA,CE,Federal Contract Tower,0,2,4,0,6,0,0,9,0,9,0,2,13,0,15,0,0,0,15
11/01/2021,HLG,WV,AEA,CE,Federal Contract Tower,0,2,0,0,2,0,0,19,9,28,0,2,19,9,30,6,50,56,86
11/02/2021,HLG,WV,AEA,CE,Federal Contract Tower,0,2,2,4,8,0,2,21,1,24,0,4,23,5,32,6,0,6,38
11/03/2021,HLG,WV,AEA,CE,Federal Contract Tower,0,7,2,0,9,0,0,12,7,19,0,7,14,7,28,0,16,16,44
11/04/2021,HLG,WV,AEA,CE,Federal Contract Tower,0,0,0,0,0,0,0,21,15,36,0,0,21,15,36,0,76,76,112
11/05/2021,HLG,WV,AEA,CE,Federal Contract Tower,0,0,0,4,4,0,0,31,17,48,0,0,31,21,52,48,48,96,148
11/06/2021,HLG,WV,AEA,CE,Federal Contract Tower,0,0,1,0,1,0,4,13,8,25,0,4,14,8,26,4,24,28,54
11/07/2021,HLG,WV,AEA,CE,Federal Contract Tower,0,0,5,0,5,0,2,42,5,49,0,2,47,5,54,0,0,0,54
11/08/2021,HLG,WV,AEA,CE,Federal Contract Tower,0,1,3,0,4,0,0,20,6,26,0,1,23,6,30,8,42,50,80
11/09/2021,HLG,WV,AEA,CE,Federal Contract Tower,0,1,0,0,1,0,4,15,4,23,0,5,15,4,24,8,16,24,48
11/10/2021,HLG,WV,AEA,CE,Federal Contract Tower,0,2,2,1,5,0,4,6,1,11,0,6,8,2,16,0,0,0,16
11/11/2021,HLG,WV,AEA,CE,Federal Contract Tower,0,0,0,0,0,0,6,16,0,22,0,6,16,0,22,0,0,0,22
11/12/2021,HLG,WV,AEA,CE,Federal Contract Tower,0,3,0,0,3,0,4,9,5,18,0,7,9,5,21,0,36,36,57
11/13/2021,HLG,WV,AEA,CE,Federal Contract Tower,0,0,0,0,0,0,0,10,0,10,0,0,10,0,10,0,0,0,10
11/14/2021,HLG,WV,AEA,CE,Federal Contract Tower,0,0,1,0,1,0,0,2,0,2,0,0,3,0,3,0,0,0,3
11/15/2021,HLG,WV,AEA,CE,Federal Contract Tower,0,2,1,0,3,0,0,0,0,0,0,2,1,0,3,0,26,26,29
11/16/2021,HLG,WV,AEA,CE,Federal Contract Tower,0,2,0,0,2,0,2,28,4,34,0,4,28,4,36,0,22,22,58
11/17/2021,HLG,WV,AEA,CE,Federal Contract Tower,0,0,1,0,1,0,2,18,13,33,0,2,19,13,34,0,48,48,82
11/18/2021,HLG,WV,AEA,CE,Federal Contract Tower,0,0,2,0,2,0,0,0,0,0,0,0,2,0,2,0,0,0,2
11/19/2021,HLG,WV,AEA,CE,Federal Contract Tower,0,0,1,1,2,0,0,30,9,39,0,0,31,10,41,0,20,20,61
11/20/2021,HLG,WV,AEA,CE,Federal Contract Tower,0,0,1,2,3,0,0,40,10,50,0,0,41,12,53,30,44,74,127
11/21/2021,HLG,WV,AEA,CE,Federal Contract Tower,0,0,0,0,0,0,0,1,0,1,0,0,1,0,1,0,0,0,1
11/22/2021,HLG,WV,AEA,CE,Federal Contract Tower,0,3,0,0,3,0,0,14,2,16,0,3,14,2,19,0,24,24,43
11/23/2021,HLG,WV,AEA,CE,Federal Contract Tower,0,3,1,2,6,0,0,37,11,48,0,3,38,13,54,28,28,56,110
11/24/2021,HLG,WV,AEA,CE,Federal Contract Tower,0,3,8,0,11,0,0,15,0,15,0,3,23,0,26,0,0,0,26
11/25/2021,HLG,WV,AEA,CE,Federal Contract Tower,0,0,0,0,0,0,0,0,0,0,0,0,0,0,0,0,0,0,0
11/26/2021,HLG,WV,AEA,CE,Federal Contract Tower,0,2,2,0,4,0,0,4,0,4,0,2,6,0,8,0,0,0,8
11/27/2021,HLG,WV,AEA,CE,Federal Contract Tower,0,3,0,1,4,0,0,9,0,9,0,3,9,1,13,12,0,12,25
11/28/2021,HLG,WV,AEA,CE,Federal Contract Tower,0,0,1,0,1,0,0,6,0,6,0,0,7,0,7,0,0,0,7
11/29/2021,HLG,WV,AEA,CE,Federal Contract Tower,0,3,2,0,5,0,0,20,0,20,0,3,22,0,25,0,0,0,25
11/30/2021,HLG,WV,AEA,CE,Federal Contract Tower,0,2,0,0,2,0,2,2,0,4,0,4,2,0,6,0,0,0,6
12/01/2021,HLG,WV,AEA,CE,Federal Contract Tower,0,2,4,1,7,0,0,4,0,4,0,2,8,1,11,0,0,0,11
12/02/2021,HLG,WV,AEA,CE,Federal Contract Tower,0,0,0,0,0,0,0,9,3,12,0,0,9,3,12,0,32,32,44
12/03/2021,HLG,WV,AEA,CE,Federal Contract Tower,0,4,3,1,8,0,0,18,22,40,0,4,21,23,48,4,38,42,90
12/04/2021,HLG,WV,AEA,CE,Federal Contract Tower,0,1,0,1,2,0,0,31,7,38,0,1,31,8,40,2,36,38,78
12/05/2021,HLG,WV,AEA,CE,Federal Contract Tower,0,2,2,0,4,0,0,15,2,17,0,2,17,2,21,22,8,30,51
12/06/2021,HLG,WV,AEA,CE,Federal Contract Tower,0,0,0,0,0,0,0,1,6,7,0,0,1,6,7,0,44,44,51
12/07/2021,HLG,WV,AEA,CE,Federal Contract Tower,0,0,2,0,2,0,0,21,0,21,0,0,23,0,23,0,0,0,23
12/08/2021,HLG,WV,AEA,CE,Federal Contract Tower,0,6,0,0,6,0,0,12,0,12,0,6,12,0,18,4,0,4,22
12/09/2021,HLG,WV,AEA,CE,Federal Contract Tower,0,9,1,0,10,0,0,18,3,21,0,9,19,3,31,0,0,0,31
12/10/2021,HLG,WV,AEA,CE,Federal Contract Tower,0,1,2,0,3,0,0,12,2,14,0,1,14,2,17,10,0,10,27
12/11/2021,HLG,WV,AEA,CE,Federal Contract Tower,0,0,0,0,0,0,0,0,0,0,0,0,0,0,0,0,0,0,0
12/12/2021,HLG,WV,AEA,CE,Federal Contract Tower,0,0,4,0,4,0,0,13,0,13,0,0,17,0,17,4,0,4,21
12/13/2021,HLG,WV,AEA,CE,Federal Contract Tower,0,0,1,0,1,0,0,29,14,43,0,0,30,14,44,16,40,56,100
12/14/2021,HLG,WV,AEA,CE,Federal Contract Tower,0,4,0,0,4,0,2,16,4,22,0,6,16,4,26,0,8,8,34
12/15/2021,HLG,WV,AEA,CE,Federal Contract Tower,0,2,1,0,3,0,2,18,2,22,0,4,19,2,25,2,12,14,39
12/16/2021,HLG,WV,AEA,CE,Federal Contract Tower,0,0,0,0,0,0,0,5,0,5,0,0,5,0,5,0,0,0,5
12/17/2021,HLG,WV,AEA,CE,Federal Contract Tower,0,0,2,0,2,0,0,9,6,15,0,0,11,6,17,10,12,22,39
12/18/2021,HLG,WV,AEA,CE,Federal Contract Tower,0,0,0,0,0,0,0,0,0,0,0,0,0,0,0,0,0,0,0
12/19/2021,HLG,WV,AEA,CE,Federal Contract Tower,0,0,0,0,0,0,0,4,0,4,0,0,4,0,4,0,0,0,4
12/20/2021,HLG,WV,AEA,CE,Federal Contract Tower,0,2,0,0,2,0,0,20,10,30,0,2,20,10,32,8,36,44,76
12/21/2021,HLG,WV,AEA,CE,Federal Contract Tower,0,2,0,1,3,0,0,12,8,20,0,2,12,9,23,0,34,34,57
12/22/2021,HLG,WV,AEA,CE,Federal Contract Tower,0,0,0,0,0,0,8,8,0,16,0,8,8,0,16,0,0,0,16
12/23/2021,HLG,WV,AEA,CE,Federal Contract Tower,0,0,1,0,1,0,0,12,0,12,0,0,13,0,13,0,0,0,13
12/24/2021,HLG,WV,AEA,CE,Federal Contract Tower,0,0,0,0,0,0,0,11,0,11,0,0,11,0,11,0,0,0,11
12/25/2021,HLG,WV,AEA,CE,Federal Contract Tower,0,0,0,0,0,0,0,0,0,0,0,0,0,0,0,0,0,0,0
12/26/2021,HLG,WV,AEA,CE,Federal Contract Tower,0,0,0,0,0,0,0,8,0,8,0,0,8,0,8,6,0,6,14
12/27/2021,HLG,WV,AEA,CE,Federal Contract Tower,0,4,0,0,4,0,0,2,0,2,0,4,2,0,6,0,0,0,6
12/28/2021,HLG,WV,AEA,CE,Federal Contract Tower,0,2,0,0,2,0,0,8,2,10,0,2,8,2,12,0,12,12,24
12/29/2021,HLG,WV,AEA,CE,Federal Contract Tower,0,0,0,0,0,0,0,0,0,0,0,0,0,0,0,0,0,0,0
12/30/2021,HLG,WV,AEA,CE,Federal Contract Tower,0,0,2,0,2,0,0,12,2,14,0,0,14,2,16,2,0,2,18
12/31/2021,HLG,WV,AEA,CE,Federal Contract Tower,0,1,3,0,4,0,2,10,2,14,0,3,13,2,18,0,0,0,18
01/01/2022,HLG,WV,AEA,CE,Federal Contract Tower,0,0,0,0,0,0,0,0,0,0,0,0,0,0,0,0,0,0,0
01/02/2022,HLG,WV,AEA,CE,Federal Contract Tower,0,0,0,0,0,0,0,2,0,2,0,0,2,0,2,8,0,8,10
01/03/2022,HLG,WV,AEA,CE,Federal Contract Tower,0,2,0,0,2,0,2,10,0,12,0,4,10,0,14,0,0,0,14
01/04/2022,HLG,WV,AEA,CE,Federal Contract Tower,0,0,0,0,0,0,0,11,4,15,0,0,11,4,15,4,16,20,35
01/05/2022,HLG,WV,AEA,CE,Federal Contract Tower,0,0,2,0,2,0,0,0,0,0,0,0,2,0,2,0,0,0,2
01/06/2022,HLG,WV,AEA,CE,Federal Contract Tower,0,0,0,0,0,0,2,12,2,16,0,2,12,2,16,0,20,20,36
01/07/2022,HLG,WV,AEA,CE,Federal Contract Tower,0,0,1,6,7,0,0,1,32,33,0,0,2,38,40,0,96,96,136
01/08/2022,HLG,WV,AEA,CE,Federal Contract Tower,0,0,2,2,4,0,0,16,20,36,0,0,18,22,40,8,80,88,128
01/09/2022,HLG,WV,AEA,CE,Federal Contract Tower,0,0,0,0,0,0,0,0,0,0,0,0,0,0,0,0,0,0,0
01/10/2022,HLG,WV,AEA,CE,Federal Contract Tower,0,0,2,0,2,0,0,0,10,10,0,0,2,10,12,0,46,46,58
01/11/2022,HLG,WV,AEA,CE,Federal Contract Tower,0,0,4,0,4,0,0,25,13,38,0,0,29,13,42,2,42,44,86
01/12/2022,HLG,WV,AEA,CE,Federal Contract Tower,0,0,2,0,2,0,0,7,4,11,0,0,9,4,13,0,36,36,49
01/13/2022,HLG,WV,AEA,CE,Federal Contract Tower,0,2,1,0,3,0,2,14,7,23,0,4,15,7,26,0,42,42,68
01/14/2022,HLG,WV,AEA,CE,Federal Contract Tower,0,2,0,0,2,0,0,8,3,11,0,2,8,3,13,0,8,8,21
01/15/2022,HLG,WV,AEA,CE,Federal Contract Tower,0,1,0,0,1,0,0,15,2,17,0,1,15,2,18,0,0,0,18
01/16/2022,HLG,WV,AEA,CE,Federal Contract Tower,0,0,0,0,0,0,0,4,0,4,0,0,4,0,4,0,0,0,4
01/17/2022,HLG,WV,AEA,CE,Federal Contract Tower,0,2,0,0,2,0,0,0,0,0,0,2,0,0,2,0,0,0,2
01/18/2022,HLG,WV,AEA,CE,Federal Contract Tower,0,2,0,1,3,0,4,2,1,7,0,6,2,2,10,0,0,0,10
01/19/2022,HLG,WV,AEA,CE,Federal Contract Tower,0,4,2,0,6,0,0,2,0,2,0,4,4,0,8,0,0,0,8
01/20/2022,HLG,WV,AEA,CE,Federal Contract Tower,0,2,0,0,2,0,0,2,0,2,0,2,2,0,4,0,0,0,4
01/21/2022,HLG,WV,AEA,CE,Federal Contract Tower,0,0,0,0,0,0,0,0,4,4,0,0,0,4,4,0,12,12,16
01/22/2022,HLG,WV,AEA,CE,Federal Contract Tower,0,1,3,1,5,0,0,17,4,21,0,1,20,5,26,0,8,8,34
01/23/2022,HLG,WV,AEA,CE,Federal Contract Tower,0,0,0,0,0,0,0,0,4,4,0,0,0,4,4,0,26,26,30
01/24/2022,HLG,WV,AEA,CE,Federal Contract Tower,0,0,2,0,2,0,0,0,0,0,0,0,2,0,2,0,0,0,2
01/25/2022,HLG,WV,AEA,CE,Federal Contract Tower,0,0,0,0,0,0,0,2,12,14,0,0,2,12,14,0,38,38,52
01/26/2022,HLG,WV,AEA,CE,Federal Contract Tower,0,0,0,1,1,0,0,5,6,11,0,0,5,7,12,0,26,26,38
01/27/2022,HLG,WV,AEA,CE,Federal Contract Tower,0,0,1,0,1,0,2,10,13,25,0,2,11,13,26,8,60,68,94
01/28/2022,HLG,WV,AEA,CE,Federal Contract Tower,0,0,0,0,0,0,0,2,0,2,0,0,2,0,2,0,0,0,2
01/29/2022,HLG,WV,AEA,CE,Federal Contract Tower,0,0,4,0,4,0,0,2,0,2,0,0,6,0,6,0,0,0,6
01/30/2022,HLG,WV,AEA,CE,Federal Contract Tower,0,1,1,0,2,0,0,8,0,8,0,1,9,0,10,0,0,0,10
01/31/2022,HLG,WV,AEA,CE,Federal Contract Tower,0,3,0,0,3,0,0,11,2,13,0,3,11,2,16,0,16,16,32
02/01/2022,HLG,WV,AEA,CE,Federal Contract Tower,0,6,0,0,6,0,0,17,2,19,0,6,17,2,25,12,12,24,49
02/02/2022,HLG,WV,AEA,CE,Federal Contract Tower,0,0,0,2,2,0,0,16,0,16,0,0,16,2,18,0,0,0,18
02/03/2022,HLG,WV,AEA,CE,Federal Contract Tower,0,0,0,0,0,0,0,0,0,0,0,0,0,0,0,0,0,0,0
02/04/2022,HLG,WV,AEA,CE,Federal Contract Tower,0,0,0,0,0,0,0,2,0,2,0,0,2,0,2,0,0,0,2
02/05/2022,HLG,WV,AEA,CE,Federal Contract Tower,0,0,0,0,0,0,0,0,0,0,0,0,0,0,0,0,26,26,26
02/06/2022,HLG,WV,AEA,CE,Federal Contract Tower,0,0,0,0,0,0,0,18,27,45,0,0,18,27,45,0,66,66,111
02/07/2022,HLG,WV,AEA,CE,Federal Contract Tower,0,0,0,0,0,0,0,6,8,14,0,0,6,8,14,0,68,68,82
02/08/2022,HLG,WV,AEA,CE,Federal Contract Tower,0,0,0,0,0,0,4,4,18,26,0,4,4,18,26,0,116,116,142
02/09/2022,HLG,WV,AEA,CE,Federal Contract Tower,0,6,0,4,10,0,0,4,12,16,0,6,4,16,26,0,48,48,74
02/10/2022,HLG,WV,AEA,CE,Federal Contract Tower,0,0,0,1,1,0,2,9,20,31,0,2,9,21,32,0,90,90,122
02/11/2022,HLG,WV,AEA,CE,Federal Contract Tower,0,0,0,0,0,0,4,12,5,21,0,4,12,5,21,0,22,22,43
02/12/2022,HLG,WV,AEA,CE,Federal Contract Tower,0,0,2,0,2,0,0,2,1,3,0,0,4,1,5,8,0,8,13
02/13/2022,HLG,WV,AEA,CE,Federal Contract Tower,0,0,4,0,4,0,0,8,4,12,0,0,12,4,16,0,0,0,16
02/14/2022,HLG,WV,AEA,CE,Federal Contract Tower,0,2,0,0,2,0,0,13,6,19,0,2,13,6,21,2,24,26,47
02/15/2022,HLG,WV,AEA,CE,Federal Contract Tower,0,2,2,0,4,0,0,24,10,34,0,2,26,10,38,0,18,18,56
02/16/2022,HLG,WV,AEA,CE,Federal Contract Tower,0,0,3,0,3,0,0,0,8,8,0,0,3,8,11,0,26,26,37
02/17/2022,HLG,WV,AEA,CE,Federal Contract Tower,0,2,0,0,2,0,0,0,0,0,0,2,0,0,2,0,0,0,2
02/18/2022,HLG,WV,AEA,CE,Federal Contract Tower,0,0,2,0,2,0,0,8,1,9,0,0,10,1,11,0,0,0,11
02/19/2022,HLG,WV,AEA,CE,Federal Contract Tower,0,0,2,0,2,0,0,0,0,0,0,0,2,0,2,0,0,0,2
02/20/2022,HLG,WV,AEA,CE,Federal Contract Tower,0,1,6,0,7,0,0,32,1,33,0,1,38,1,40,4,0,4,44
02/21/2022,HLG,WV,AEA,CE,Federal Contract Tower,0,0,0,0,0,0,0,13,2,15,0,0,13,2,15,8,0,8,23
02/22/2022,HLG,WV,AEA,CE,Federal Contract Tower,0,4,0,2,6,0,0,0,0,0,0,4,0,2,6,0,0,0,6
02/23/2022,HLG,WV,AEA,CE,Federal Contract Tower,0,2,3,0,5,0,0,21,4,25,0,2,24,4,30,28,34,62,92
02/24/2022,HLG,WV,AEA,CE,Federal Contract Tower,0,0,1,0,1,0,0,6,4,10,0,0,7,4,11,0,8,8,19
02/25/2022,HLG,WV,AEA,CE,Federal Contract Tower,0,2,0,0,2,0,0,0,0,0,0,2,0,0,2,0,10,10,12
02/26/2022,HLG,WV,AEA,CE,Federal Contract Tower,0,0,0,0,0,0,0,11,1,12,0,0,11,1,12,0,0,0,12
02/27/2022,HLG,WV,AEA,CE,Federal Contract Tower,0,0,2,0,2,0,0,5,1,6,0,0,7,1,8,0,0,0,8
02/28/2022,HLG,WV,AEA,CE,Federal Contract Tower,0,0,0,0,0,0,0,20,2,22,0,0,20,2,22,6,0,6,28
03/01/2022,HLG,WV,AEA,CE,Federal Contract Tower,0,0,0,0,0,0,0,12,8,20,0,0,12,8,20,0,30,30,50
03/02/2022,HLG,WV,AEA,CE,Federal Contract Tower,0,5,0,0,5,0,0,20,15,35,0,5,20,15,40,8,8,16,56
03/03/2022,HLG,WV,AEA,CE,Federal Contract Tower,0,5,0,0,5,0,4,8,2,14,0,9,8,2,19,0,16,16,35
03/04/2022,HLG,WV,AEA,CE,Federal Contract Tower,0,1,2,3,6,0,2,24,19,45,0,3,26,22,51,22,32,54,105
03/05/2022,HLG,WV,AEA,CE,Federal Contract Tower,0,0,2,0,2,0,0,14,5,19,0,0,16,5,21,6,0,6,27
03/06/2022,HLG,WV,AEA,CE,Federal Contract Tower,0,0,1,0,1,0,0,2,4,6,0,0,3,4,7,0,6,6,13
03/07/2022,HLG,WV,AEA,CE,Federal Contract Tower,0,4,2,0,6,0,0,0,0,0,0,4,2,0,6,0,0,0,6
03/08/2022,HLG,WV,AEA,CE,Federal Contract Tower,0,0,0,0,0,0,0,4,2,6,0,0,4,2,6,0,0,0,6
03/09/2022,HLG,WV,AEA,CE,Federal Contract Tower,0,5,0,0,5,0,0,0,0,0,0,5,0,0,5,0,0,0,5
03/10/2022,HLG,WV,AEA,CE,Federal Contract Tower,0,0,3,0,3,0,0,21,6,27,0,0,24,6,30,16,8,24,54
03/11/2022,HLG,WV,AEA,CE,Federal Contract Tower,0,0,0,0,0,0,0,17,0,17,0,0,17,0,17,22,0,22,39
03/12/2022,HLG,WV,AEA,CE,Federal Contract Tower,0,0,0,0,0,0,4,1,0,5,0,4,1,0,5,0,0,0,5
03/13/2022,HLG,WV,AEA,CE,Federal Contract Tower,0,0,0,0,0,0,0,4,0,4,0,0,4,0,4,0,0,0,4
03/14/2022,HLG,WV,AEA,CE,Federal Contract Tower,0,1,1,2,4,0,0,10,11,21,0,1,11,13,25,12,28,40,65
03/15/2022,HLG,WV,AEA,CE,Federal Contract Tower,0,3,0,0,3,0,0,25,4,29,0,3,25,4,32,22,28,50,82
03/16/2022,HLG,WV,AEA,CE,Federal Contract Tower,0,0,0,0,0,0,0,24,12,36,0,0,24,12,36,12,42,54,90
03/17/2022,HLG,WV,AEA,CE,Federal Contract Tower,0,4,4,0,8,0,0,24,2,26,0,4,28,2,34,8,4,12,46
03/18/2022,HLG,WV,AEA,CE,Federal Contract Tower,0,0,0,0,0,0,0,16,12,28,0,0,16,12,28,0,62,62,90
03/19/2022,HLG,WV,AEA,CE,Federal Contract Tower,0,0,4,0,4,0,0,5,5,10,0,0,9,5,14,16,26,42,56
03/20/2022,HLG,WV,AEA,CE,Federal Contract Tower,0,0,2,1,3,0,0,5,13,18,0,0,7,14,21,8,58,66,87
03/21/2022,HLG,WV,AEA,CE,Federal Contract Tower,0,0,3,0,3,0,6,35,11,52,0,6,38,11,55,0,16,16,71
03/22/2022,HLG,WV,AEA,CE,Federal Contract Tower,0,3,0,0,3,0,0,12,1,13,0,3,12,1,16,0,0,0,16
03/23/2022,HLG,WV,AEA,CE,Federal Contract Tower,0,0,1,0,1,0,0,0,0,0,0,0,1,0,1,0,0,0,1
03/24/2022,HLG,WV,AEA,CE,Federal Contract Tower,0,1,2,0,3,0,2,15,2,19,0,3,17,2,22,14,8,22,44
03/25/2022,HLG,WV,AEA,CE,Federal Contract Tower,0,0,3,0,3,0,0,6,6,12,0,0,9,6,15,0,0,0,15
03/26/2022,HLG,WV,AEA,CE,Federal Contract Tower,0,0,0,0,0,0,0,0,0,0,0,0,0,0,0,0,0,0,0
03/27/2022,HLG,WV,AEA,CE,Federal Contract Tower,0,0,0,0,0,0,0,2,0,2,0,0,2,0,2,0,0,0,2
03/28/2022,HLG,WV,AEA,CE,Federal Contract Tower,0,3,0,0,3,0,0,5,2,7,0,3,5,2,10,0,0,0,10
03/29/2022,HLG,WV,AEA,CE,Federal Contract Tower,0,2,4,0,6,0,0,29,1,30,0,2,33,1,36,4,16,20,56
03/30/2022,HLG,WV,AEA,CE,Federal Contract Tower,0,4,2,0,6,0,0,7,6,13,0,4,9,6,19,6,36,42,61
03/31/2022,HLG,WV,AEA,CE,Federal Contract Tower,0,4,0,4,8,0,0,0,6,6,0,4,0,10,14,0,40,40,54
04/01/2022,HLG,WV,AEA,CE,Federal Contract Tower,0,4,3,0,7,0,0,1,1,2,0,4,4,1,9,0,0,0,9
04/02/2022,HLG,WV,AEA,CE,Federal Contract Tower,0,0,3,0,3,0,0,30,7,37,0,0,33,7,40,0,6,6,46
04/03/2022,HLG,WV,AEA,CE,Federal Contract Tower,0,2,1,4,7,0,0,3,12,15,0,2,4,16,22,0,42,42,64
04/04/2022,HLG,WV,AEA,CE,Federal Contract Tower,0,2,0,0,2,0,0,13,6,19,0,2,13,6,21,2,92,94,115
04/05/2022,HLG,WV,AEA,CE,Federal Contract Tower,0,2,2,0,4,0,0,14,0,14,0,2,16,0,18,0,0,0,18
04/06/2022,HLG,WV,AEA,CE,Federal Contract Tower,0,0,2,0,2,0,2,4,0,6,0,2,6,0,8,14,0,14,22
04/07/2022,HLG,WV,AEA,CE,Federal Contract Tower,0,0,0,0,0,0,0,7,5,12,0,0,7,5,12,0,8,8,20
04/08/2022,HLG,WV,AEA,CE,Federal Contract Tower,0,0,1,0,1,0,0,5,4,9,0,0,6,4,10,12,6,18,28
04/09/2022,HLG,WV,AEA,CE,Federal Contract Tower,0,0,1,0,1,0,0,2,0,2,0,0,3,0,3,6,0,6,9
04/10/2022,HLG,WV,AEA,CE,Federal Contract Tower,0,0,4,0,4,0,0,32,0,32,0,0,36,0,36,34,0,34,70
04/11/2022,HLG,WV,AEA,CE,Federal Contract Tower,0,0,0,0,0,0,0,6,8,14,0,0,6,8,14,8,22,30,44
04/12/2022,HLG,WV,AEA,CE,Federal Contract Tower,0,0,9,0,9,0,0,16,7,23,0,0,25,7,32,4,26,30,62
04/13/2022,HLG,WV,AEA,CE,Federal Contract Tower,0,4,0,0,4,0,0,10,0,10,0,4,10,0,14,0,0,0,14
04/14/2022,HLG,WV,AEA,CE,Federal Contract Tower,0,3,1,0,4,0,1,13,0,14,0,4,14,0,18,6,0,6,24
04/15/2022,HLG,WV,AEA,CE,Federal Contract Tower,0,0,1,0,1,0,4,18,6,28,0,4,19,6,29,0,0,0,29
04/16/2022,HLG,WV,AEA,CE,Federal Contract Tower,0,0,8,0,8,0,0,4,0,4,0,0,12,0,12,0,0,0,12
04/17/2022,HLG,WV,AEA,CE,Federal Contract Tower,0,1,7,0,8,0,2,20,0,22,0,3,27,0,30,24,0,24,54
04/18/2022,HLG,WV,AEA,CE,Federal Contract Tower,0,1,0,0,1,0,0,0,0,0,0,1,0,0,1,0,0,0,1
04/19/2022,HLG,WV,AEA,CE,Federal Contract Tower,0,0,0,0,0,0,0,1,0,1,0,0,1,0,1,0,0,0,1
04/20/2022,HLG,WV,AEA,CE,Federal Contract Tower,0,6,1,2,9,0,0,34,8,42,0,6,35,10,51,6,30,36,87
04/21/2022,HLG,WV,AEA,CE,Federal Contract Tower,0,0,0,0,0,0,0,8,0,8,0,0,8,0,8,0,0,0,8
04/22/2022,HLG,WV,AEA,CE,Federal Contract Tower,0,8,7,0,15,0,0,28,13,41,0,8,35,13,56,10,22,32,88
04/23/2022,HLG,WV,AEA,CE,Federal Contract Tower,0,2,1,2,5,0,0,15,7,22,0,2,16,9,27,2,26,28,55
04/24/2022,HLG,WV,AEA,CE,Federal Contract Tower,0,0,3,3,6,0,1,13,5,19,0,1,16,8,25,0,10,10,35
04/25/2022,HLG,WV,AEA,CE,Federal Contract Tower,0,2,0,2,4,0,4,15,2,21,0,6,15,4,25,6,42,48,73
04/26/2022,HLG,WV,AEA,CE,Federal Contract Tower,0,3,1,0,4,0,0,6,0,6,0,3,7,0,10,16,0,16,26
04/27/2022,HLG,WV,AEA,CE,Federal Contract Tower,0,2,1,0,3,0,0,2,4,6,0,2,3,4,9,0,2,2,11
04/28/2022,HLG,WV,AEA,CE,Federal Contract Tower,0,3,1,0,4,0,0,18,4,22,0,3,19,4,26,20,0,20,46
04/29/2022,HLG,WV,AEA,CE,Federal Contract Tower,0,3,0,0,3,0,2,21,1,24,0,5,21,1,27,6,0,6,33
04/30/2022,HLG,WV,AEA,CE,Federal Contract Tower,0,0,3,0,3,0,0,14,0,14,0,0,17,0,17,6,0,6,23
05/01/2022,HLG,WV,AEA,CE,Federal Contract Tower,0,1,3,0,4,0,0,6,0,6,0,1,9,0,10,4,0,4,14
05/02/2022,HLG,WV,AEA,CE,Federal Contract Tower,0,0,2,0,2,0,0,13,0,13,0,0,15,0,15,8,0,8,23
05/03/2022,HLG,WV,AEA,CE,Federal Contract Tower,0,2,0,0,2,0,0,8,0,8,0,2,8,0,10,6,0,6,16
05/04/2022,HLG,WV,AEA,CE,Federal Contract Tower,0,4,0,0,4,0,0,6,0,6,0,4,6,0,10,4,0,4,14
05/05/2022,HLG,WV,AEA,CE,Federal Contract Tower,0,6,2,0,8,0,0,18,4,22,0,6,20,4,30,0,0,0,30
05/06/2022,HLG,WV,AEA,CE,Federal Contract Tower,0,3,1,0,4,0,0,0,0,0,0,3,1,0,4,0,0,0,4
05/07/2022,HLG,WV,AEA,CE,Federal Contract Tower,0,0,5,0,5,0,0,4,21,25,0,0,9,21,30,0,40,40,70
05/08/2022,HLG,WV,AEA,CE,Federal Contract Tower,0,2,2,0,4,0,0,10,24,34,0,2,12,24,38,0,70,70,108
05/09/2022,HLG,WV,AEA,CE,Federal Contract Tower,0,4,0,2,6,0,0,15,2,17,0,4,15,4,23,8,8,16,39
05/10/2022,HLG,WV,AEA,CE,Federal Contract Tower,0,2,4,0,6,0,0,8,2,10,0,2,12,2,16,12,24,36,52
05/11/2022,HLG,WV,AEA,CE,Federal Contract Tower,0,6,1,2,9,0,0,35,4,39,0,6,36,6,48,6,0,6,54
05/12/2022,HLG,WV,AEA,CE,Federal Contract Tower,0,0,0,0,0,0,0,13,2,15,0,0,13,2,15,4,16,20,35
05/13/2022,HLG,WV,AEA,CE,Federal Contract Tower,0,6,1,0,7,0,0,30,4,34,0,6,31,4,41,8,16,24,65
05/14/2022,HLG,WV,AEA,CE,Federal Contract Tower,0,0,2,0,2,0,0,13,0,13,0,0,15,0,15,0,0,0,15
05/15/2022,HLG,WV,AEA,CE,Federal Contract Tower,0,4,6,0,10,0,0,18,0,18,0,4,24,0,28,0,0,0,28
05/16/2022,HLG,WV,AEA,CE,Federal Contract Tower,0,0,0,0,0,0,0,5,4,9,0,0,5,4,9,0,4,4,13
05/17/2022,HLG,WV,AEA,CE,Federal Contract Tower,0,0,0,0,0,0,0,9,4,13,0,0,9,4,13,2,32,34,47
05/18/2022,HLG,WV,AEA,CE,Federal Contract Tower,0,0,2,0,2,0,0,8,7,15,0,0,10,7,17,0,34,34,51
05/19/2022,HLG,WV,AEA,CE,Federal Contract Tower,0,2,4,0,6,0,0,17,12,29,0,2,21,12,35,22,38,60,95
05/20/2022,HLG,WV,AEA,CE,Federal Contract Tower,0,6,4,0,10,0,4,8,6,18,0,10,12,6,28,8,14,22,50
05/21/2022,HLG,WV,AEA,CE,Federal Contract Tower,0,0,0,1,1,0,0,27,5,32,0,0,27,6,33,6,14,20,53
05/22/2022,HLG,WV,AEA,CE,Federal Contract Tower,0,1,2,0,3,0,0,8,6,14,0,1,10,6,17,0,20,20,37
05/23/2022,HLG,WV,AEA,CE,Federal Contract Tower,0,4,0,0,4,0,0,24,2,26,0,4,24,2,30,8,4,12,42
05/24/2022,HLG,WV,AEA,CE,Federal Contract Tower,0,0,0,0,0,0,0,16,5,21,0,0,16,5,21,0,4,4,25
05/25/2022,HLG,WV,AEA,CE,Federal Contract Tower,0,0,3,0,3,0,4,6,4,14,0,4,9,4,17,0,16,16,33
05/26/2022,HLG,WV,AEA,CE,Federal Contract Tower,0,6,5,0,11,0,1,18,2,21,0,7,23,2,32,30,0,30,62
05/27/2022,HLG,WV,AEA,CE,Federal Contract Tower,0,2,0,0,2,0,0,1,0,1,0,2,1,0,3,0,0,0,3
05/28/2022,HLG,WV,AEA,CE,Federal Contract Tower,0,0,0,0,0,0,0,5,0,5,0,0,5,0,5,2,0,2,7
05/29/2022,HLG,WV,AEA,CE,Federal Contract Tower,0,0,0,0,0,0,2,20,0,22,0,2,20,0,22,2,0,2,24
05/30/2022,HLG,WV,AEA,CE,Federal Contract Tower,0,1,3,2,6,0,0,18,4,22,0,1,21,6,28,0,8,8,36
05/31/2022,HLG,WV,AEA,CE,Federal Contract Tower,0,2,0,0,2,0,0,16,5,21,0,2,16,5,23,4,10,14,37
06/01/2022,HLG,WV,AEA,CE,Federal Contract Tower,0,2,3,0,5,0,0,11,4,15,0,2,14,4,20,0,20,20,40
06/02/2022,HLG,WV,AEA,CE,Federal Contract Tower,0,2,3,0,5,0,0,6,2,8,0,2,9,2,13,0,6,6,19
06/03/2022,HLG,WV,AEA,CE,Federal Contract Tower,0,0,0,0,0,0,0,25,4,29,0,0,25,4,29,6,0,6,35
06/04/2022,HLG,WV,AEA,CE,Federal Contract Tower,0,0,0,7,7,0,0,11,25,36,0,0,11,32,43,0,50,50,93
06/05/2022,HLG,WV,AEA,CE,Federal Contract Tower,0,2,0,1,3,0,6,20,13,39,0,8,20,14,42,12,32,44,86
06/06/2022,HLG,WV,AEA,CE,Federal Contract Tower,0,0,1,1,2,0,0,16,13,29,0,0,17,14,31,2,68,70,101
06/07/2022,HLG,WV,AEA,CE,Federal Contract Tower,0,1,5,2,8,0,0,0,0,0,0,1,5,2,8,0,14,14,22
06/08/2022,HLG,WV,AEA,CE,Federal Contract Tower,0,1,4,0,5,0,0,11,5,16,0,1,15,5,21,2,30,32,53
06/09/2022,HLG,WV,AEA,CE,Federal Contract Tower,0,1,2,0,3,0,0,13,2,15,0,1,15,2,18,0,16,16,34
06/10/2022,HLG,WV,AEA,CE,Federal Contract Tower,0,0,3,0,3,0,6,30,2,38,0,6,33,2,41,20,0,20,61
06/11/2022,HLG,WV,AEA,CE,Federal Contract Tower,0,1,0,0,1,0,0,30,0,30,0,1,30,0,31,20,0,20,51
06/12/2022,HLG,WV,AEA,CE,Federal Contract Tower,0,0,2,0,2,0,3,25,1,29,0,3,27,1,31,0,0,0,31
06/13/2022,HLG,WV,AEA,CE,Federal Contract Tower,0,0,0,0,0,0,0,15,8,23,0,0,15,8,23,0,58,58,81
06/14/2022,HLG,WV,AEA,CE,Federal Contract Tower,0,4,0,0,4,0,0,6,0,6,0,4,6,0,10,12,0,12,22
06/15/2022,HLG,WV,AEA,CE,Federal Contract Tower,0,2,0,0,2,0,0,17,3,20,0,2,17,3,22,4,0,4,26
06/16/2022,HLG,WV,AEA,CE,Federal Contract Tower,0,1,0,1,2,0,0,20,2,22,0,1,20,3,24,20,6,26,50
06/17/2022,HLG,WV,AEA,CE,Federal Contract Tower,0,2,0,0,2,0,0,8,5,13,0,2,8,5,15,0,20,20,35
06/18/2022,HLG,WV,AEA,CE,Federal Contract Tower,0,0,1,0,1,0,0,7,0,7,0,0,8,0,8,0,0,0,8
06/19/2022,HLG,WV,AEA,CE,Federal Contract Tower,0,0,0,0,0,0,0,14,0,14,0,0,14,0,14,0,0,0,14
06/20/2022,HLG,WV,AEA,CE,Federal Contract Tower,0,2,1,0,3,0,4,21,0,25,0,6,22,0,28,0,0,0,28
06/21/2022,HLG,WV,AEA,CE,Federal Contract Tower,0,1,1,0,2,0,4,9,8,21,0,5,10,8,23,0,8,8,31
06/22/2022,HLG,WV,AEA,CE,Federal Contract Tower,0,2,1,0,3,0,5,7,3,15,0,7,8,3,18,24,12,36,54
06/23/2022,HLG,WV,AEA,CE,Federal Contract Tower,0,7,0,0,7,0,2,17,4,23,0,9,17,4,30,4,4,8,38
06/24/2022,HLG,WV,AEA,CE,Federal Contract Tower,0,6,0,1,7,0,4,38,6,48,0,10,38,7,55,14,8,22,77
06/25/2022,HLG,WV,AEA,CE,Federal Contract Tower,0,4,0,0,4,0,2,31,6,39,0,6,31,6,43,14,12,26,69
06/26/2022,HLG,WV,AEA,CE,Federal Contract Tower,0,0,1,0,1,0,0,4,0,4,0,0,5,0,5,0,0,0,5
06/27/2022,HLG,WV,AEA,CE,Federal Contract Tower,0,1,1,0,2,0,0,22,5,27,0,1,23,5,29,4,34,38,67
06/28/2022,HLG,WV,AEA,CE,Federal Contract Tower,0,1,1,0,2,0,2,20,1,23,0,3,21,1,25,8,0,8,33
06/29/2022,HLG,WV,AEA,CE,Federal Contract Tower,0,0,2,0,2,0,7,31,0,38,0,7,33,0,40,40,0,40,80
06/30/2022,HLG,WV,AEA,CE,Federal Contract Tower,0,8,0,0,8,0,0,8,2,10,0,8,8,2,18,0,4,4,22
07/01/2022,HLG,WV,AEA,CE,Federal Contract Tower,0,2,0,0,2,0,0,5,5,10,0,2,5,5,12,8,0,8,20
07/02/2022,HLG,WV,AEA,CE,Federal Contract Tower,0,1,10,0,11,0,2,10,0,12,0,3,20,0,23,8,0,8,31
07/03/2022,HLG,WV,AEA,CE,Federal Contract Tower,0,0,0,0,0,0,2,10,0,12,0,2,10,0,12,4,0,4,16
07/04/2022,HLG,WV,AEA,CE,Federal Contract Tower,0,0,2,0,2,0,0,24,0,24,0,0,26,0,26,8,0,8,34
07/05/2022,HLG,WV,AEA,CE,Federal Contract Tower,0,0,2,0,2,0,0,6,0,6,0,0,8,0,8,0,0,0,8
07/06/2022,HLG,WV,AEA,CE,Federal Contract Tower,0,0,0,0,0,0,0,1,0,1,0,0,1,0,1,0,0,0,1
07/07/2022,HLG,WV,AEA,CE,Federal Contract Tower,0,2,3,0,5,0,0,14,5,19,0,2,17,5,24,0,8,8,32
07/08/2022,HLG,WV,AEA,CE,Federal Contract Tower,0,2,0,3,5,0,0,5,23,28,0,2,5,26,33,0,66,66,99
07/09/2022,HLG,WV,AEA,CE,Federal Contract Tower,0,0,0,0,0,0,6,16,5,27,0,6,16,5,27,0,36,36,63
07/10/2022,HLG,WV,AEA,CE,Federal Contract Tower,0,2,4,0,6,0,0,10,8,18,0,2,14,8,24,0,4,4,28
07/11/2022,HLG,WV,AEA,CE,Federal Contract Tower,0,0,0,0,0,0,0,16,15,31,0,0,16,15,31,10,28,38,69
07/12/2022,HLG,WV,AEA,CE,Federal Contract Tower,0,0,0,0,0,0,0,2,8,10,0,0,2,8,10,0,38,38,48
07/13/2022,HLG,WV,AEA,CE,Federal Contract Tower,0,2,2,1,5,0,0,21,16,37,0,2,23,17,42,26,26,52,94
07/14/2022,HLG,WV,AEA,CE,Federal Contract Tower,0,0,1,0,1,0,3,6,7,16,0,3,7,7,17,0,8,8,25
07/15/2022,HLG,WV,AEA,CE,Federal Contract Tower,0,0,2,0,2,0,0,39,33,72,0,0,41,33,74,6,38,44,118
07/16/2022,HLG,WV,AEA,CE,Federal Contract Tower,0,4,2,0,6,0,0,4,6,10,0,4,6,6,16,0,8,8,24
07/17/2022,HLG,WV,AEA,CE,Federal Contract Tower,0,0,0,2,2,0,0,2,0,2,0,0,2,2,4,8,0,8,12
07/18/2022,HLG,WV,AEA,CE,Federal Contract Tower,0,4,0,2,6,0,0,0,8,8,0,4,0,10,14,0,72,72,86
07/19/2022,HLG,WV,AEA,CE,Federal Contract Tower,0,2,1,0,3,0,4,7,3,14,0,6,8,3,17,0,46,46,63
07/20/2022,HLG,WV,AEA,CE,Federal Contract Tower,0,5,5,0,10,0,4,17,12,33,0,9,22,12,43,12,26,38,81
07/21/2022,HLG,WV,AEA,CE,Federal Contract Tower,0,8,0,1,9,0,4,23,15,42,0,12,23,16,51,0,36,36,87
07/22/2022,HLG,WV,AEA,CE,Federal Contract Tower,0,0,1,0,1,0,0,16,8,24,0,0,17,8,25,4,8,12,37
07/23/2022,HLG,WV,AEA,CE,Federal Contract Tower,0,0,3,0,3,0,0,15,0,15,0,0,18,0,18,0,0,0,18
07/24/2022,HLG,WV,AEA,CE,Federal Contract Tower,0,0,1,0,1,0,0,7,2,9,0,0,8,2,10,6,0,6,16
07/25/2022,HLG,WV,AEA,CE,Federal Contract Tower,0,2,0,0,2,0,0,12,0,12,0,2,12,0,14,28,0,28,42
07/26/2022,HLG,WV,AEA,CE,Federal Contract Tower,0,2,5,0,7,0,0,57,0,57,0,2,62,0,64,32,0,32,96
07/27/2022,HLG,WV,AEA,CE,Federal Contract Tower,0,3,3,0,6,0,2,10,2,14,0,5,13,2,20,0,0,0,20
07/28/2022,HLG,WV,AEA,CE,Federal Contract Tower,0,4,1,3,8,0,4,13,0,17,0,8,14,3,25,0,0,0,25
07/29/2022,HLG,WV,AEA,CE,Federal Contract Tower,0,2,1,0,3,0,15,1,0,16,0,17,2,0,19,4,0,4,23
07/30/2022,HLG,WV,AEA,CE,Federal Contract Tower,0,4,0,0,4,0,0,22,0,22,0,4,22,0,26,18,0,18,44
07/31/2022,HLG,WV,AEA,CE,Federal Contract Tower,0,3,6,0,9,0,0,14,0,14,0,3,20,0,23,12,0,12,35
08/01/2022,HLG,WV,AEA,CE,Federal Contract Tower,0,2,0,0,2,0,0,9,1,10,0,2,9,1,12,18,0,18,30
08/02/2022,HLG,WV,AEA,CE,Federal Contract Tower,0,0,0,1,1,0,4,35,2,41,0,4,35,3,42,14,4,18,60
08/03/2022,HLG,WV,AEA,CE,Federal Contract Tower,0,0,4,0,4,0,4,25,5,34,0,4,29,5,38,6,0,6,44
08/04/2022,HLG,WV,AEA,CE,Federal Contract Tower,0,0,2,0,2,0,0,6,0,6,0,0,8,0,8,0,0,0,8
08/05/2022,HLG,WV,AEA,CE,Federal Contract Tower,0,2,0,0,2,0,0,3,10,13,0,2,3,10,15,0,30,30,45
08/06/2022,HLG,WV,AEA,CE,Federal Contract Tower,0,0,1,1,2,0,0,14,2,16,0,0,15,3,18,16,8,24,42
08/07/2022,HLG,WV,AEA,CE,Federal Contract Tower,0,2,0,1,3,0,0,21,3,24,0,2,21,4,27,22,4,26,53
08/08/2022,HLG,WV,AEA,CE,Federal Contract Tower,0,1,0,0,1,0,0,22,12,34,0,1,22,12,35,0,36,36,71
08/09/2022,HLG,WV,AEA,CE,Federal Contract Tower,0,1,0,2,3,0,0,6,2,8,0,1,6,4,11,0,0,0,11
08/10/2022,HLG,WV,AEA,CE,Federal Contract Tower,0,0,1,0,1,0,0,19,0,19,0,0,20,0,20,0,0,0,20
08/11/2022,HLG,WV,AEA,CE,Federal Contract Tower,0,0,2,0,2,0,2,52,0,54,0,2,54,0,56,8,0,8,64
08/12/2022,HLG,WV,AEA,CE,Federal Contract Tower,0,0,1,4,5,0,0,44,2,46,0,0,45,6,51,4,8,12,63
08/13/2022,HLG,WV,AEA,CE,Federal Contract Tower,0,0,4,0,4,0,0,16,1,17,0,0,20,1,21,0,0,0,21
08/14/2022,HLG,WV,AEA,CE,Federal Contract Tower,0,2,0,0,2,0,2,9,0,11,0,4,9,0,13,4,0,4,17
08/15/2022,HLG,WV,AEA,CE,Federal Contract Tower,0,2,0,2,4,0,0,14,4,18,0,2,14,6,22,24,2,26,48
08/16/2022,HLG,WV,AEA,CE,Federal Contract Tower,0,0,2,4,6,0,2,12,0,14,0,2,14,4,20,0,0,0,20
08/17/2022,HLG,WV,AEA,CE,Federal Contract Tower,0,4,5,0,9,0,0,16,4,20,0,4,21,4,29,58,16,74,103
08/18/2022,HLG,WV,AEA,CE,Federal Contract Tower,0,2,1,3,6,0,0,67,9,76,0,2,68,12,82,8,14,22,104
08/19/2022,HLG,WV,AEA,CE,Federal Contract Tower,0,2,4,4,10,0,2,30,6,38,0,4,34,10,48,2,0,2,50
08/20/2022,HLG,WV,AEA,CE,Federal Contract Tower,0,0,1,0,1,0,0,7,0,7,0,0,8,0,8,14,0,14,22
08/21/2022,HLG,WV,AEA,CE,Federal Contract Tower,0,0,0,0,0,0,0,2,0,2,0,0,2,0,2,0,0,0,2
08/22/2022,HLG,WV,AEA,CE,Federal Contract Tower,0,1,0,0,1,0,0,2,4,6,0,1,2,4,7,6,12,18,25
08/23/2022,HLG,WV,AEA,CE,Federal Contract Tower,0,1,0,3,4,0,0,17,2,19,0,1,17,5,23,4,0,4,27
08/24/2022,HLG,WV,AEA,CE,Federal Contract Tower,0,0,0,0,0,0,4,18,2,24,0,4,18,2,24,28,0,28,52
08/25/2022,HLG,WV,AEA,CE,Federal Contract Tower,0,4,0,0,4,0,0,21,0,21,0,4,21,0,25,8,0,8,33
08/26/2022,HLG,WV,AEA,CE,Federal Contract Tower,0,0,1,2,3,0,0,5,6,11,0,0,6,8,14,0,12,12,26
08/27/2022,HLG,WV,AEA,CE,Federal Contract Tower,0,2,6,0,8,0,0,26,3,29,0,2,32,3,37,12,4,16,53
08/28/2022,HLG,WV,AEA,CE,Federal Contract Tower,0,0,3,0,3,0,0,31,0,31,0,0,34,0,34,4,0,4,38
08/29/2022,HLG,WV,AEA,CE,Federal Contract Tower,0,0,3,0,3,0,0,25,0,25,0,0,28,0,28,0,0,0,28
08/30/2022,HLG,WV,AEA,CE,Federal Contract Tower,0,4,0,0,4,0,0,6,0,6,0,4,6,0,10,8,0,8,18
08/31/2022,HLG,WV,AEA,CE,Federal Contract Tower,0,1,2,1,4,0,2,11,6,19,0,3,13,7,23,0,16,16,39
09/01/2022,HLG,WV,AEA,CE,Federal Contract Tower,0,0,0,2,2,0,0,26,2,28,0,0,26,4,30,6,8,14,44
09/02/2022,HLG,WV,AEA,CE,Federal Contract Tower,0,4,2,0,6,0,0,12,7,19,0,4,14,7,25,0,4,4,29
09/03/2022,HLG,WV,AEA,CE,Federal Contract Tower,0,2,0,0,2,0,0,14,0,14,0,2,14,0,16,14,0,14,30
09/04/2022,HLG,WV,AEA,CE,Federal Contract Tower,0,0,2,0,2,0,0,2,0,2,0,0,4,0,4,0,0,0,4
09/05/2022,HLG,WV,AEA,CE,Federal Contract Tower,0,1,2,0,3,0,4,4,0,8,0,5,6,0,11,0,0,0,11
09/06/2022,HLG,WV,AEA,CE,Federal Contract Tower,0,1,2,0,3,0,0,3,0,3,0,1,5,0,6,0,0,0,6
09/07/2022,HLG,WV,AEA,CE,Federal Contract Tower,0,3,1,0,4,0,2,16,0,18,0,5,17,0,22,0,0,0,22
09/08/2022,HLG,WV,AEA,CE,Federal Contract Tower,0,2,1,0,3,0,2,13,0,15,0,4,14,0,18,10,0,10,28
09/09/2022,HLG,WV,AEA,CE,Federal Contract Tower,0,4,3,0,7,0,2,21,5,28,0,6,24,5,35,0,0,0,35
09/10/2022,HLG,WV,AEA,CE,Federal Contract Tower,0,1,7,0,8,0,0,22,0,22,0,1,29,0,30,10,0,10,40
09/11/2022,HLG,WV,AEA,CE,Federal Contract Tower,0,2,1,0,3,0,0,4,0,4,0,2,5,0,7,2,0,2,9
09/12/2022,HLG,WV,AEA,CE,Federal Contract Tower,0,0,5,0,5,0,0,13,6,19,0,0,18,6,24,0,42,42,66
09/13/2022,HLG,WV,AEA,CE,Federal Contract Tower,0,3,3,0,6,0,0,4,3,7,0,3,7,3,13,0,30,30,43
09/14/2022,HLG,WV,AEA,CE,Federal Contract Tower,0,4,0,0,4,0,0,11,0,11,0,4,11,0,15,16,0,16,31
09/15/2022,HLG,WV,AEA,CE,Federal Contract Tower,0,1,0,2,3,0,0,6,0,6,0,1,6,2,9,6,0,6,15
09/16/2022,HLG,WV,AEA,CE,Federal Contract Tower,0,1,3,0,4,0,2,17,5,24,0,3,20,5,28,2,16,18,46
09/17/2022,HLG,WV,AEA,CE,Federal Contract Tower,0,0,0,0,0,0,0,14,0,14,0,0,14,0,14,0,0,0,14
09/18/2022,HLG,WV,AEA,CE,Federal Contract Tower,0,0,5,0,5,0,0,11,0,11,0,0,16,0,16,0,0,0,16
09/19/2022,HLG,WV,AEA,CE,Federal Contract Tower,0,2,1,0,3,0,2,2,4,8,0,4,3,4,11,8,32,40,51
09/20/2022,HLG,WV,AEA,CE,Federal Contract Tower,0,2,0,1,3,0,4,8,1,13,0,6,8,2,16,0,0,0,16
09/21/2022,HLG,WV,AEA,CE,Federal Contract Tower,0,1,0,0,1,0,0,3,0,3,0,1,3,0,4,0,0,0,4
09/22/2022,HLG,WV,AEA,CE,Federal Contract Tower,0,2,5,0,7,0,0,8,0,8,0,2,13,0,15,12,0,12,27
09/23/2022,HLG,WV,AEA,CE,Federal Contract Tower,0,3,1,0,4,0,0,17,8,25,0,3,18,8,29,14,18,32,61
09/24/2022,HLG,WV,AEA,CE,Federal Contract Tower,0,0,1,1,2,0,0,101,6,107,0,0,102,7,109,2,26,28,137
09/25/2022,HLG,WV,AEA,CE,Federal Contract Tower,0,0,1,0,1,0,0,3,2,5,0,0,4,2,6,0,0,0,6
09/26/2022,HLG,WV,AEA,CE,Federal Contract Tower,0,0,0,1,1,0,0,10,7,17,0,0,10,8,18,12,16,28,46
09/27/2022,HLG,WV,AEA,CE,Federal Contract Tower,0,0,1,0,1,0,0,4,0,4,0,0,5,0,5,0,0,0,5
09/28/2022,HLG,WV,AEA,CE,Federal Contract Tower,0,2,1,1,4,0,0,2,1,3,0,2,3,2,7,0,14,14,21
09/29/2022,HLG,WV,AEA,CE,Federal Contract Tower,0,0,1,0,1,0,0,13,2,15,0,0,14,2,16,16,0,16,32
09/30/2022,HLG,WV,AEA,CE,Federal Contract Tower,0,0,0,0,0,0,2,21,0,23,0,2,21,0,23,0,0,0,23
10/01/2022,HLG,WV,AEA,CE,Federal Contract Tower,0,0,0,0,0,0,0,0,0,0,0,0,0,0,0,0,0,0,0
10/02/2022,HLG,WV,AEA,CE,Federal Contract Tower,0,2,0,0,2,0,0,8,0,8,0,2,8,0,10,12,0,12,22
10/03/2022,HLG,WV,AEA,CE,Federal Contract Tower,0,0,0,0,0,0,0,32,4,36,0,0,32,4,36,8,42,50,86
10/04/2022,HLG,WV,AEA,CE,Federal Contract Tower,0,4,0,0,4,0,0,22,2,24,0,4,22,2,28,22,0,22,50
10/05/2022,HLG,WV,AEA,CE,Federal Contract Tower,0,0,5,0,5,0,2,33,0,35,0,2,38,0,40,34,0,34,74
10/06/2022,HLG,WV,AEA,CE,Federal Contract Tower,0,1,1,0,2,0,2,28,0,30,0,3,29,0,32,48,0,48,80
10/07/2022,HLG,WV,AEA,CE,Federal Contract Tower,0,4,2,1,7,0,0,4,0,4,0,4,6,1,11,4,0,4,15
10/08/2022,HLG,WV,AEA,CE,Federal Contract Tower,0,0,8,0,8,0,0,18,1,19,0,0,26,1,27,6,0,6,33
10/09/2022,HLG,WV,AEA,CE,Federal Contract Tower,0,0,1,0,1,0,0,22,0,22,0,0,23,0,23,14,0,14,37
10/10/2022,HLG,WV,AEA,CE,Federal Contract Tower,0,0,0,0,0,0,0,19,6,25,0,0,19,6,25,0,14,14,39
10/11/2022,HLG,WV,AEA,CE,Federal Contract Tower,0,2,0,0,2,0,0,13,0,13,0,2,13,0,15,28,0,28,43
10/12/2022,HLG,WV,AEA,CE,Federal Contract Tower,0,3,1,0,4,0,0,7,0,7,0,3,8,0,11,0,0,0,11
10/13/2022,HLG,WV,AEA,CE,Federal Contract Tower,0,1,0,0,1,0,4,10,0,14,0,5,10,0,15,12,0,12,27
10/14/2022,HLG,WV,AEA,CE,Federal Contract Tower,0,1,2,1,4,0,0,14,30,44,0,1,16,31,48,8,12,20,68
10/15/2022,HLG,WV,AEA,CE,Federal Contract Tower,0,0,4,0,4,0,2,13,16,31,0,2,17,16,35,16,34,50,85
10/16/2022,HLG,WV,AEA,CE,Federal Contract Tower,0,2,0,0,2,0,2,8,12,22,0,4,8,12,24,4,30,34,58
10/17/2022,HLG,WV,AEA,CE,Federal Contract Tower,0,4,0,0,4,0,4,3,10,17,0,8,3,10,21,0,46,46,67
10/18/2022,HLG,WV,AEA,CE,Federal Contract Tower,0,0,0,0,0,0,0,2,0,2,0,0,2,0,2,0,0,0,2
10/19/2022,HLG,WV,AEA,CE,Federal Contract Tower,0,0,0,3,3,0,0,0,3,3,0,0,0,6,6,0,22,22,28
10/20/2022,HLG,WV,AEA,CE,Federal Contract Tower,0,0,0,0,0,0,6,6,6,18,0,6,6,6,18,0,16,16,34
10/21/2022,HLG,WV,AEA,CE,Federal Contract Tower,0,0,1,0,1,0,2,25,17,44,0,2,26,17,45,8,54,62,107
10/22/2022,HLG,WV,AEA,CE,Federal Contract Tower,0,0,1,0,1,0,0,25,6,31,0,0,26,6,32,30,12,42,74
10/23/2022,HLG,WV,AEA,CE,Federal Contract Tower,0,0,5,1,6,0,0,28,3,31,0,0,33,4,37,12,6,18,55
10/24/2022,HLG,WV,AEA,CE,Federal Contract Tower,0,0,0,0,0,0,0,22,2,24,0,0,22,2,24,0,0,0,24
10/25/2022,HLG,WV,AEA,CE,Federal Contract Tower,0,6,0,0,6,0,2,15,9,26,0,8,15,9,32,0,20,20,52
10/26/2022,HLG,WV,AEA,CE,Federal Contract Tower,0,2,0,0,2,0,0,0,1,1,0,2,0,1,3,0,4,4,7
10/27/2022,HLG,WV,AEA,CE,Federal Contract Tower,0,3,0,0,3,0,0,8,2,10,0,3,8,2,13,18,0,18,31
10/28/2022,HLG,WV,AEA,CE,Federal Contract Tower,0,2,0,0,2,0,2,16,8,26,0,4,16,8,28,0,32,32,60
10/29/2022,HLG,WV,AEA,CE,Federal Contract Tower,0,1,3,0,4,0,0,12,0,12,0,1,15,0,16,0,0,0,16
10/30/2022,HLG,WV,AEA,CE,Federal Contract Tower,0,0,4,0,4,0,4,15,0,19,0,4,19,0,23,12,0,12,35
10/31/2022,HLG,WV,AEA,CE,Federal Contract Tower,0,0,0,0,0,0,0,0,2,2,0,0,0,2,2,0,48,48,50
11/01/2022,HLG,WV,AEA,CE,Federal Contract Tower,0,10,2,2,14,0,0,10,0,10,0,10,12,2,24,10,0,10,34
11/02/2022,HLG,WV,AEA,CE,Federal Contract Tower,0,0,0,0,0,0,0,15,3,18,0,0,15,3,18,56,36,92,110
11/03/2022,HLG,WV,AEA,CE,Federal Contract Tower,0,2,2,1,5,0,2,19,14,35,0,4,21,15,40,20,54,74,114
11/04/2022,HLG,WV,AEA,CE,Federal Contract Tower,0,0,0,1,1,0,0,26,24,50,0,0,26,25,51,2,46,48,99
11/05/2022,HLG,WV,AEA,CE,Federal Contract Tower,0,0,0,4,4,0,0,0,15,15,0,0,0,19,19,0,34,34,53
11/06/2022,HLG,WV,AEA,CE,Federal Contract Tower,0,0,0,2,2,0,0,12,8,20,0,0,12,10,22,18,14,32,54
11/07/2022,HLG,WV,AEA,CE,Federal Contract Tower,0,0,3,0,3,0,0,6,10,16,0,0,9,10,19,0,54,54,73
11/08/2022,HLG,WV,AEA,CE,Federal Contract Tower,0,0,0,4,4,0,4,21,8,33,0,4,21,12,37,18,14,32,69
11/09/2022,HLG,WV,AEA,CE,Federal Contract Tower,0,4,0,0,4,0,0,27,12,39,0,4,27,12,43,32,26,58,101
11/10/2022,HLG,WV,AEA,CE,Federal Contract Tower,0,0,0,0,0,0,2,12,6,20,0,2,12,6,20,8,16,24,44
11/11/2022,HLG,WV,AEA,CE,Federal Contract Tower,0,0,0,0,0,0,0,0,0,0,0,0,0,0,0,0,0,0,0
11/12/2022,HLG,WV,AEA,CE,Federal Contract Tower,0,1,0,0,1,0,0,2,0,2,0,1,2,0,3,0,0,0,3
11/13/2022,HLG,WV,AEA,CE,Federal Contract Tower,0,2,1,0,3,0,0,13,0,13,0,2,14,0,16,32,0,32,48
11/14/2022,HLG,WV,AEA,CE,Federal Contract Tower,0,5,1,1,7,0,0,10,10,20,0,5,11,11,27,0,58,58,85
11/15/2022,HLG,WV,AEA,CE,Federal Contract Tower,0,3,0,0,3,0,0,10,0,10,0,3,10,0,13,0,0,0,13
11/16/2022,HLG,WV,AEA,CE,Federal Contract Tower,0,2,0,0,2,0,0,0,13,13,0,2,0,13,15,12,64,76,91
11/17/2022,HLG,WV,AEA,CE,Federal Contract Tower,0,0,0,0,0,0,0,2,17,19,0,0,2,17,19,0,46,46,65
11/18/2022,HLG,WV,AEA,CE,Federal Contract Tower,0,4,0,0,4,0,0,2,9,11,0,4,2,9,15,0,50,50,65
11/19/2022,HLG,WV,AEA,CE,Federal Contract Tower,0,3,0,0,3,0,0,3,6,9,0,3,3,6,12,0,20,20,32
11/20/2022,HLG,WV,AEA,CE,Federal Contract Tower,0,0,0,0,0,0,0,15,1,16,0,0,15,1,16,2,2,4,20
11/21/2022,HLG,WV,AEA,CE,Federal Contract Tower,0,0,2,0,2,0,14,21,3,38,0,14,23,3,40,0,6,6,46
11/22/2022,HLG,WV,AEA,CE,Federal Contract Tower,0,0,0,0,0,0,2,37,0,39,0,2,37,0,39,2,0,2,41
11/23/2022,HLG,WV,AEA,CE,Federal Contract Tower,0,5,2,0,7,0,0,20,2,22,0,5,22,2,29,12,0,12,41
11/24/2022,HLG,WV,AEA,CE,Federal Contract Tower,0,0,0,0,0,0,0,8,0,8,0,0,8,0,8,0,0,0,8
11/25/2022,HLG,WV,AEA,CE,Federal Contract Tower,0,1,4,0,5,0,0,13,0,13,0,1,17,0,18,4,0,4,22
11/26/2022,HLG,WV,AEA,CE,Federal Contract Tower,0,4,3,0,7,0,0,30,2,32,0,4,33,2,39,24,0,24,63
11/27/2022,HLG,WV,AEA,CE,Federal Contract Tower,0,0,0,0,0,0,0,0,0,0,0,0,0,0,0,0,0,0,0
11/28/2022,HLG,WV,AEA,CE,Federal Contract Tower,0,1,0,0,1,0,0,2,0,2,0,1,2,0,3,0,0,0,3
11/29/2022,HLG,WV,AEA,CE,Federal Contract Tower,0,0,0,0,0,0,4,14,2,20,0,4,14,2,20,6,0,6,26
11/30/2022,HLG,WV,AEA,CE,Federal Contract Tower,0,0,2,0,2,0,0,2,2,4,0,0,4,2,6,0,0,0,6
12/01/2022,HLG,WV,AEA,CE,Federal Contract Tower,0,0,0,0,0,0,9,30,2,41,0,9,30,2,41,38,0,38,79
12/02/2022,HLG,WV,AEA,CE,Federal Contract Tower,0,2,0,5,7,0,0,7,36,43,0,2,7,41,50,8,92,100,150
12/03/2022,HLG,WV,AEA,CE,Federal Contract Tower,0,2,0,6,8,0,0,2,20,22,0,2,2,26,30,0,66,66,96
12/04/2022,HLG,WV,AEA,CE,Federal Contract Tower,0,0,3,0,3,0,0,26,2,28,0,0,29,2,31,0,0,0,31
12/05/2022,HLG,WV,AEA,CE,Federal Contract Tower,0,0,0,0,0,0,0,8,12,20,0,0,8,12,20,8,38,46,66
12/06/2022,HLG,WV,AEA,CE,Federal Contract Tower,0,6,0,0,6,0,0,0,0,0,0,6,0,0,6,0,0,0,6
12/07/2022,HLG,WV,AEA,CE,Federal Contract Tower,0,1,0,2,3,0,0,1,0,1,0,1,1,2,4,0,0,0,4
12/08/2022,HLG,WV,AEA,CE,Federal Contract Tower,0,4,4,0,8,0,0,1,2,3,0,4,5,2,11,0,0,0,11
12/09/2022,HLG,WV,AEA,CE,Federal Contract Tower,0,0,3,0,3,0,0,22,2,24,0,0,25,2,27,42,0,42,69
12/10/2022,HLG,WV,AEA,CE,Federal Contract Tower,0,0,0,0,0,0,0,2,0,2,0,0,2,0,2,0,0,0,2
12/11/2022,HLG,WV,AEA,CE,Federal Contract Tower,0,0,2,0,2,0,0,4,0,4,0,0,6,0,6,0,0,0,6
12/12/2022,HLG,WV,AEA,CE,Federal Contract Tower,0,0,0,0,0,0,2,8,10,20,0,2,8,10,20,0,12,12,32
12/13/2022,HLG,WV,AEA,CE,Federal Contract Tower,0,0,3,1,4,0,0,21,3,24,0,0,24,4,28,2,4,6,34
12/14/2022,HLG,WV,AEA,CE,Federal Contract Tower,0,5,1,2,8,0,0,15,0,15,0,5,16,2,23,16,0,16,39
12/15/2022,HLG,WV,AEA,CE,Federal Contract Tower,0,1,0,0,1,0,0,0,0,0,0,1,0,0,1,0,0,0,1
12/16/2022,HLG,WV,AEA,CE,Federal Contract Tower,0,4,0,0,4,0,0,11,0,11,0,4,11,0,15,8,0,8,23
12/17/2022,HLG,WV,AEA,CE,Federal Contract Tower,0,3,0,2,5,0,0,2,6,8,0,3,2,8,13,0,18,18,31
12/18/2022,HLG,WV,AEA,CE,Federal Contract Tower,0,1,2,0,3,0,0,8,4,12,0,1,10,4,15,0,14,14,29
12/19/2022,HLG,WV,AEA,CE,Federal Contract Tower,0,1,0,0,1,0,0,22,0,22,0,1,22,0,23,10,0,10,33
12/20/2022,HLG,WV,AEA,CE,Federal Contract Tower,0,0,1,0,1,0,0,49,0,49,0,0,50,0,50,0,0,0,50
12/21/2022,HLG,WV,AEA,CE,Federal Contract Tower,0,0,3,0,3,0,0,47,1,48,0,0,50,1,51,0,0,0,51
12/22/2022,HLG,WV,AEA,CE,Federal Contract Tower,0,0,0,0,0,0,0,0,0,0,0,0,0,0,0,0,0,0,0
12/23/2022,HLG,WV,AEA,CE,Federal Contract Tower,0,0,0,0,0,0,0,0,0,0,0,0,0,0,0,0,0,0,0
12/24/2022,HLG,WV,AEA,CE,Federal Contract Tower,0,0,0,0,0,0,0,0,0,0,0,0,0,0,0,0,0,0,0
12/25/2022,HLG,WV,AEA,CE,Federal Contract Tower,0,0,0,0,0,0,0,0,0,0,0,0,0,0,0,0,0,0,0
12/26/2022,HLG,WV,AEA,CE,Federal Contract Tower,0,0,1,0,1,0,0,6,0,6,0,0,7,0,7,0,0,0,7
12/27/2022,HLG,WV,AEA,CE,Federal Contract Tower,0,4,0,0,4,0,0,2,0,2,0,4,2,0,6,0,0,0,6
12/28/2022,HLG,WV,AEA,CE,Federal Contract Tower,0,0,2,0,2,0,0,14,0,14,0,0,16,0,16,0,0,0,16
12/29/2022,HLG,WV,AEA,CE,Federal Contract Tower,0,0,2,0,2,0,2,15,2,19,0,2,17,2,21,28,0,28,49
12/30/2022,HLG,WV,AEA,CE,Federal Contract Tower,0,0,0,0,0,0,0,4,0,4,0,0,4,0,4,8,0,8,12
12/31/2022,HLG,WV,AEA,CE,Federal Contract Tower,0,0,0,0,0,0,0,0,0,0,0,0,0,0,0,0,0,0,0
01/01/2023,HLG,WV,AEA,CE,Federal Contract Tower,0,0,2,0,2,0,0,2,0,2,0,0,4,0,4,0,0,0,4
01/02/2023,HLG,WV,AEA,CE,Federal Contract Tower,0,3,0,0,3,0,0,4,0,4,0,3,4,0,7,0,0,0,7
01/03/2023,HLG,WV,AEA,CE,Federal Contract Tower,0,1,2,0,3,0,0,0,0,0,0,1,2,0,3,0,0,0,3
01/04/2023,HLG,WV,AEA,CE,Federal Contract Tower,0,0,0,0,0,0,2,0,0,2,0,2,0,0,2,0,0,0,2
01/05/2023,HLG,WV,AEA,CE,Federal Contract Tower,0,2,0,0,2,0,4,14,2,20,0,6,14,2,22,0,6,6,28
01/06/2023,HLG,WV,AEA,CE,Federal Contract Tower,0,0,0,0,0,0,0,2,12,14,0,0,2,12,14,0,46,46,60
01/07/2023,HLG,WV,AEA,CE,Federal Contract Tower,0,0,0,0,0,0,0,2,20,22,0,0,2,20,22,0,80,80,102
01/08/2023,HLG,WV,AEA,CE,Federal Contract Tower,0,2,2,0,4,0,6,12,10,28,0,8,14,10,32,34,14,48,80
01/09/2023,HLG,WV,AEA,CE,Federal Contract Tower,0,3,0,2,5,0,0,16,11,27,0,3,16,13,32,6,22,28,60
01/10/2023,HLG,WV,AEA,CE,Federal Contract Tower,0,5,0,0,5,0,0,24,8,32,0,5,24,8,37,22,32,54,91
01/11/2023,HLG,WV,AEA,CE,Federal Contract Tower,0,0,0,2,2,0,0,16,6,22,0,0,16,8,24,0,16,16,40
01/12/2023,HLG,WV,AEA,CE,Federal Contract Tower,0,0,0,0,0,0,0,0,2,2,0,0,0,2,2,0,44,44,46
01/13/2023,HLG,WV,AEA,CE,Federal Contract Tower,0,0,2,0,2,0,0,0,2,2,0,0,2,2,4,0,10,10,14
01/14/2023,HLG,WV,AEA,CE,Federal Contract Tower,0,0,1,0,1,0,0,4,2,6,0,0,5,2,7,0,0,0,7
01/15/2023,HLG,WV,AEA,CE,Federal Contract Tower,0,0,7,0,7,0,0,37,0,37,0,0,44,0,44,26,0,26,70
01/16/2023,HLG,WV,AEA,CE,Federal Contract Tower,0,2,1,0,3,0,0,12,2,14,0,2,13,2,17,2,0,2,19
01/17/2023,HLG,WV,AEA,CE,Federal Contract Tower,0,2,0,0,2,0,0,2,0,2,0,2,2,0,4,0,0,0,4
01/18/2023,HLG,WV,AEA,CE,Federal Contract Tower,0,0,1,2,3,0,0,6,7,13,0,0,7,9,16,0,28,28,44
01/19/2023,HLG,WV,AEA,CE,Federal Contract Tower,0,4,8,0,12,0,4,7,0,11,0,8,15,0,23,8,0,8,31
01/20/2023,HLG,WV,AEA,CE,Federal Contract Tower,0,0,0,0,0,0,0,0,4,4,0,0,0,4,4,0,22,22,26
01/21/2023,HLG,WV,AEA,CE,Federal Contract Tower,0,0,0,0,0,0,0,6,5,11,0,0,6,5,11,8,10,18,29
01/22/2023,HLG,WV,AEA,CE,Federal Contract Tower,0,0,0,0,0,0,0,0,0,0,0,0,0,0,0,0,0,0,0
01/23/2023,HLG,WV,AEA,CE,Federal Contract Tower,0,0,0,1,1,0,0,2,3,5,0,0,2,4,6,0,30,30,36
01/24/2023,HLG,WV,AEA,CE,Federal Contract Tower,0,4,0,0,4,0,0,2,3,5,0,4,2,3,9,2,0,2,11
01/25/2023,HLG,WV,AEA,CE,Federal Contract Tower,0,0,1,0,1,0,0,0,0,0,0,0,1,0,1,0,0,0,1
01/26/2023,HLG,WV,AEA,CE,Federal Contract Tower,0,0,0,0,0,0,0,0,0,0,0,0,0,0,0,0,0,0,0
01/27/2023,HLG,WV,AEA,CE,Federal Contract Tower,0,2,1,3,6,0,0,9,2,11,0,2,10,5,17,0,10,10,27
01/28/2023,HLG,WV,AEA,CE,Federal Contract Tower,0,1,0,0,1,0,0,7,0,7,0,1,7,0,8,6,0,6,14
01/29/2023,HLG,WV,AEA,CE,Federal Contract Tower,0,0,0,0,0,0,0,6,0,6,0,0,6,0,6,94,0,94,100
01/30/2023,HLG,WV,AEA,CE,Federal Contract Tower,0,0,0,0,0,0,0,0,0,0,0,0,0,0,0,0,20,20,20
01/31/2023,HLG,WV,AEA,CE,Federal Contract Tower,0,0,0,3,3,0,0,2,2,4,0,0,2,5,7,0,0,0,7
02/01/2023,HLG,WV,AEA,CE,Federal Contract Tower,0,0,1,0,1,0,0,12,0,12,0,0,13,0,13,6,0,6,19
02/02/2023,HLG,WV,AEA,CE,Federal Contract Tower,0,0,5,0,5,0,0,20,2,22,0,0,25,2,27,4,0,4,31
02/03/2023,HLG,WV,AEA,CE,Federal Contract Tower,0,0,2,5,7,0,0,15,22,37,0,0,17,27,44,0,64,64,108
02/04/2023,HLG,WV,AEA,CE,Federal Contract Tower,0,2,0,5,7,0,0,18,11,29,0,2,18,16,36,0,10,10,46
02/05/2023,HLG,WV,AEA,CE,Federal Contract Tower,0,0,0,3,3,0,0,6,9,15,0,0,6,12,18,24,20,44,62
02/06/2023,HLG,WV,AEA,CE,Federal Contract Tower,0,1,0,2,3,0,0,7,11,18,0,1,7,13,21,2,52,54,75
02/07/2023,HLG,WV,AEA,CE,Federal Contract Tower,0,3,0,0,3,0,0,0,1,1,0,3,0,1,4,0,0,0,4
02/08/2023,HLG,WV,AEA,CE,Federal Contract Tower,0,4,2,2,8,0,0,1,15,16,0,4,3,17,24,6,0,6,30
02/09/2023,HLG,WV,AEA,CE,Federal Contract Tower,0,1,0,2,3,0,0,2,2,4,0,1,2,4,7,0,0,0,7
02/10/2023,HLG,WV,AEA,CE,Federal Contract Tower,0,0,0,6,6,0,0,5,12,17,0,0,5,18,23,4,46,50,73
02/11/2023,HLG,WV,AEA,CE,Federal Contract Tower,0,0,6,1,7,0,0,20,2,22,0,0,26,3,29,14,2,16,45
02/12/2023,HLG,WV,AEA,CE,Federal Contract Tower,0,0,5,0,5,0,2,12,2,16,0,2,17,2,21,48,0,48,69
02/13/2023,HLG,WV,AEA,CE,Federal Contract Tower,0,0,3,3,6,0,0,11,7,18,0,0,14,10,24,0,34,34,58
02/14/2023,HLG,WV,AEA,CE,Federal Contract Tower,0,2,4,3,9,0,0,32,10,42,0,2,36,13,51,18,44,62,113
02/15/2023,HLG,WV,AEA,CE,Federal Contract Tower,0,1,0,0,1,0,0,7,7,14,0,1,7,7,15,0,26,26,41
02/16/2023,HLG,WV,AEA,CE,Federal Contract Tower,0,0,0,8,8,0,0,0,0,0,0,0,0,8,8,0,0,0,8
02/17/2023,HLG,WV,AEA,CE,Federal Contract Tower,0,0,0,0,0,0,0,2,0,2,0,0,2,0,2,2,0,2,4
02/18/2023,HLG,WV,AEA,CE,Federal Contract Tower,0,0,1,0,1,0,0,16,0,16,0,0,17,0,17,16,0,16,33
02/19/2023,HLG,WV,AEA,CE,Federal Contract Tower,0,2,0,0,2,0,0,5,0,5,0,2,5,0,7,0,0,0,7
02/20/2023,HLG,WV,AEA,CE,Federal Contract Tower,0,0,1,0,1,0,0,12,0,12,0,0,13,0,13,0,0,0,13
02/21/2023,HLG,WV,AEA,CE,Federal Contract Tower,0,2,0,4,6,0,0,2,9,11,0,2,2,13,17,0,32,32,49
02/22/2023,HLG,WV,AEA,CE,Federal Contract Tower,0,4,0,0,4,0,0,0,0,0,0,4,0,0,4,0,0,0,4
02/23/2023,HLG,WV,AEA,CE,Federal Contract Tower,0,6,1,0,7,0,2,3,0,5,0,8,4,0,12,0,0,0,12
02/24/2023,HLG,WV,AEA,CE,Federal Contract Tower,0,2,1,0,3,0,0,11,4,15,0,2,12,4,18,0,8,8,26
02/25/2023,HLG,WV,AEA,CE,Federal Contract Tower,0,0,2,0,2,0,0,24,0,24,0,0,26,0,26,10,0,10,36
02/26/2023,HLG,WV,AEA,CE,Federal Contract Tower,0,3,4,0,7,0,0,8,0,8,0,3,12,0,15,12,0,12,27
02/27/2023,HLG,WV,AEA,CE,Federal Contract Tower,0,1,3,0,4,0,0,2,0,2,0,1,5,0,6,0,0,0,6
02/28/2023,HLG,WV,AEA,CE,Federal Contract Tower,0,0,2,0,2,0,0,8,2,10,0,0,10,2,12,0,0,0,12
03/01/2023,HLG,WV,AEA,CE,Federal Contract Tower,0,0,0,0,0,0,0,27,5,32,0,0,27,5,32,4,36,40,72
03/02/2023,HLG,WV,AEA,CE,Federal Contract Tower,0,0,5,1,6,0,2,15,11,28,0,2,20,12,34,4,40,44,78
03/03/2023,HLG,WV,AEA,CE,Federal Contract Tower,0,0,0,0,0,0,0,0,4,4,0,0,0,4,4,0,16,16,20
03/04/2023,HLG,WV,AEA,CE,Federal Contract Tower,0,2,2,3,7,0,0,4,19,23,0,2,6,22,30,0,36,36,66
03/05/2023,HLG,WV,AEA,CE,Federal Contract Tower,0,0,2,0,2,0,0,33,15,48,0,0,35,15,50,14,20,34,84
03/06/2023,HLG,WV,AEA,CE,Federal Contract Tower,0,0,0,2,2,0,0,8,17,25,0,0,8,19,27,8,48,56,83
03/07/2023,HLG,WV,AEA,CE,Federal Contract Tower,0,4,2,0,6,0,2,4,4,10,0,6,6,4,16,0,0,0,16
03/08/2023,HLG,WV,AEA,CE,Federal Contract Tower,0,2,1,0,3,0,0,15,2,17,0,2,16,2,20,0,8,8,28
03/09/2023,HLG,WV,AEA,CE,Federal Contract Tower,0,2,5,0,7,0,0,19,3,22,0,2,24,3,29,10,4,14,43
03/10/2023,HLG,WV,AEA,CE,Federal Contract Tower,0,0,0,0,0,0,0,0,0,0,0,0,0,0,0,0,0,0,0
03/11/2023,HLG,WV,AEA,CE,Federal Contract Tower,0,0,2,0,2,0,0,13,1,14,0,0,15,1,16,16,0,16,32
03/12/2023,HLG,WV,AEA,CE,Federal Contract Tower,0,2,0,0,2,0,0,0,2,2,0,2,0,2,4,0,0,0,4
03/13/2023,HLG,WV,AEA,CE,Federal Contract Tower,0,0,0,1,1,0,0,0,3,3,0,0,0,4,4,0,6,6,10
03/14/2023,HLG,WV,AEA,CE,Federal Contract Tower,0,0,0,0,0,0,0,0,0,0,0,0,0,0,0,0,0,0,0
03/15/2023,HLG,WV,AEA,CE,Federal Contract Tower,0,0,3,0,3,0,0,10,1,11,0,0,13,1,14,0,0,0,14
03/16/2023,HLG,WV,AEA,CE,Federal Contract Tower,0,2,3,0,5,0,0,17,2,19,0,2,20,2,24,16,0,16,40
03/17/2023,HLG,WV,AEA,CE,Federal Contract Tower,0,0,0,0,0,0,0,0,0,0,0,0,0,0,0,0,0,0,0
03/18/2023,HLG,WV,AEA,CE,Federal Contract Tower,0,0,0,0,0,0,0,1,0,1,0,0,1,0,1,0,0,0,1
03/19/2023,HLG,WV,AEA,CE,Federal Contract Tower,0,0,1,0,1,0,0,7,1,8,0,0,8,1,9,6,0,6,15
03/20/2023,HLG,WV,AEA,CE,Federal Contract Tower,0,2,0,0,2,0,0,33,4,37,0,2,33,4,39,0,22,22,61
03/21/2023,HLG,WV,AEA,CE,Federal Contract Tower,0,4,2,0,6,0,0,21,3,24,0,4,23,3,30,10,8,18,48
03/22/2023,HLG,WV,AEA,CE,Federal Contract Tower,0,0,1,0,1,0,0,9,0,9,0,0,10,0,10,0,8,8,18
03/23/2023,HLG,WV,AEA,CE,Federal Contract Tower,0,0,0,0,0,0,0,0,0,0,0,0,0,0,0,0,0,0,0
03/24/2023,HLG,WV,AEA,CE,Federal Contract Tower,0,2,0,2,4,0,0,2,0,2,0,2,2,2,6,0,0,0,6
03/25/2023,HLG,WV,AEA,CE,Federal Contract Tower,0,0,0,0,0,0,0,1,0,1,0,0,1,0,1,0,0,0,1
03/26/2023,HLG,WV,AEA,CE,Federal Contract Tower,0,0,2,0,2,0,0,22,0,22,0,0,24,0,24,14,0,14,38
03/27/2023,HLG,WV,AEA,CE,Federal Contract Tower,0,4,4,0,8,0,0,8,13,21,0,4,12,13,29,4,22,26,55
03/28/2023,HLG,WV,AEA,CE,Federal Contract Tower,0,4,1,0,5,0,0,15,2,17,0,4,16,2,22,0,6,6,28
03/29/2023,HLG,WV,AEA,CE,Federal Contract Tower,0,2,2,1,5,0,8,18,9,35,0,10,20,10,40,0,28,28,68
03/30/2023,HLG,WV,AEA,CE,Federal Contract Tower,0,7,3,2,12,0,1,29,9,39,0,8,32,11,51,16,18,34,85
03/31/2023,HLG,WV,AEA,CE,Federal Contract Tower,0,0,1,0,1,0,0,1,6,7,0,0,2,6,8,0,30,30,38
04/01/2023,HLG,WV,AEA,CE,Federal Contract Tower,0,2,0,0,2,0,0,1,6,7,0,2,1,6,9,0,8,8,17
04/02/2023,HLG,WV,AEA,CE,Federal Contract Tower,0,0,0,0,0,0,0,29,8,37,0,0,29,8,37,62,10,72,109
04/03/2023,HLG,WV,AEA,CE,Federal Contract Tower,0,0,0,0,0,0,0,16,4,20,0,0,16,4,20,4,18,22,42
04/04/2023,HLG,WV,AEA,CE,Federal Contract Tower,0,1,0,0,1,0,2,14,0,16,0,3,14,0,17,2,0,2,19
04/05/2023,HLG,WV,AEA,CE,Federal Contract Tower,0,0,1,0,1,0,0,10,4,14,0,0,11,4,15,0,48,48,63
04/06/2023,HLG,WV,AEA,CE,Federal Contract Tower,0,0,0,0,0,0,0,6,0,6,0,0,6,0,6,4,0,4,10
04/07/2023,HLG,WV,AEA,CE,Federal Contract Tower,0,1,6,0,7,0,4,16,1,21,0,5,22,1,28,10,0,10,38
04/08/2023,HLG,WV,AEA,CE,Federal Contract Tower,0,1,1,0,2,0,2,39,5,46,0,3,40,5,48,8,0,8,56
04/09/2023,HLG,WV,AEA,CE,Federal Contract Tower,0,2,0,0,2,0,0,21,0,21,0,2,21,0,23,16,0,16,39
04/10/2023,HLG,WV,AEA,CE,Federal Contract Tower,0,5,0,0,5,0,0,10,8,18,0,5,10,8,23,0,6,6,29
04/11/2023,HLG,WV,AEA,CE,Federal Contract Tower,0,2,0,0,2,0,4,11,6,21,0,6,11,6,23,0,30,30,53
04/12/2023,HLG,WV,AEA,CE,Federal Contract Tower,0,13,1,0,14,0,0,21,2,23,0,13,22,2,37,20,24,44,81
04/13/2023,HLG,WV,AEA,CE,Federal Contract Tower,0,0,0,0,0,0,2,46,3,51,0,2,46,3,51,2,48,50,101
04/14/2023,HLG,WV,AEA,CE,Federal Contract Tower,0,1,0,0,1,0,2,20,7,29,0,3,20,7,30,0,12,12,42
04/15/2023,HLG,WV,AEA,CE,Federal Contract Tower,0,3,0,0,3,0,0,7,0,7,0,3,7,0,10,0,0,0,10
04/16/2023,HLG,WV,AEA,CE,Federal Contract Tower,0,2,6,1,9,0,0,26,0,26,0,2,32,1,35,26,0,26,61
04/17/2023,HLG,WV,AEA,CE,Federal Contract Tower,0,0,0,0,0,0,0,6,2,8,0,0,6,2,8,0,8,8,16
04/18/2023,HLG,WV,AEA,CE,Federal Contract Tower,0,3,1,0,4,0,0,23,4,27,0,3,24,4,31,0,12,12,43
04/19/2023,HLG,WV,AEA,CE,Federal Contract Tower,0,1,1,0,2,0,0,53,0,53,0,1,54,0,55,54,0,54,109
04/20/2023,HLG,WV,AEA,CE,Federal Contract Tower,0,1,1,3,5,0,10,31,11,52,0,11,32,14,57,0,34,34,91
04/21/2023,HLG,WV,AEA,CE,Federal Contract Tower,0,3,2,0,5,0,2,12,6,20,0,5,14,6,25,18,22,40,65
04/22/2023,HLG,WV,AEA,CE,Federal Contract Tower,0,0,0,4,4,0,0,4,5,9,0,0,4,9,13,0,20,20,33
04/23/2023,HLG,WV,AEA,CE,Federal Contract Tower,0,4,4,0,8,0,0,11,1,12,0,4,15,1,20,8,0,8,28
04/24/2023,HLG,WV,AEA,CE,Federal Contract Tower,0,3,3,0,6,0,0,8,6,14,0,3,11,6,20,6,50,56,76
04/25/2023,HLG,WV,AEA,CE,Federal Contract Tower,0,4,2,0,6,0,0,15,7,22,0,4,17,7,28,22,26,48,76
04/26/2023,HLG,WV,AEA,CE,Federal Contract Tower,0,0,1,4,5,0,0,30,5,35,0,0,31,9,40,12,0,12,52
04/27/2023,HLG,WV,AEA,CE,Federal Contract Tower,0,5,1,4,10,0,0,24,4,28,0,5,25,8,38,16,20,36,74
04/28/2023,HLG,WV,AEA,CE,Federal Contract Tower,0,2,0,0,2,0,0,0,0,0,0,2,0,0,2,0,0,0,2
04/29/2023,HLG,WV,AEA,CE,Federal Contract Tower,0,0,7,0,7,0,0,4,3,7,0,0,11,3,14,10,0,10,24
04/30/2023,HLG,WV,AEA,CE,Federal Contract Tower,0,0,6,2,8,0,0,8,2,10,0,0,14,4,18,0,0,0,18
05/01/2023,HLG,WV,AEA,CE,Federal Contract Tower,0,1,0,0,1,0,4,2,0,6,0,5,2,0,7,0,0,0,7
05/02/2023,HLG,WV,AEA,CE,Federal Contract Tower,0,0,0,0,0,0,0,4,0,4,0,0,4,0,4,0,0,0,4
05/03/2023,HLG,WV,AEA,CE,Federal Contract Tower,0,0,0,0,0,0,0,4,0,4,0,0,4,0,4,0,0,0,4
05/04/2023,HLG,WV,AEA,CE,Federal Contract Tower,0,2,4,0,6,0,0,15,2,17,0,2,19,2,23,8,0,8,31
05/05/2023,HLG,WV,AEA,CE,Federal Contract Tower,0,0,1,0,1,0,0,21,7,28,0,0,22,7,29,2,8,10,39
05/06/2023,HLG,WV,AEA,CE,Federal Contract Tower,0,3,2,0,5,0,0,42,0,42,0,3,44,0,47,36,0,36,83
05/07/2023,HLG,WV,AEA,CE,Federal Contract Tower,0,2,2,0,4,0,0,2,5,7,0,2,4,5,11,6,0,6,17
05/08/2023,HLG,WV,AEA,CE,Federal Contract Tower,0,0,2,6,8,0,0,10,17,27,0,0,12,23,35,6,74,80,115
05/09/2023,HLG,WV,AEA,CE,Federal Contract Tower,0,4,0,0,4,0,0,9,10,19,0,4,9,10,23,0,30,30,53
05/10/2023,HLG,WV,AEA,CE,Federal Contract Tower,0,0,0,2,2,0,0,27,16,43,0,0,27,18,45,6,22,28,73
05/11/2023,HLG,WV,AEA,CE,Federal Contract Tower,0,1,0,8,9,0,0,21,16,37,0,1,21,24,46,10,28,38,84
05/12/2023,HLG,WV,AEA,CE,Federal Contract Tower,0,4,0,0,4,0,0,34,2,36,0,4,34,2,40,10,0,10,50
05/13/2023,HLG,WV,AEA,CE,Federal Contract Tower,0,1,2,0,3,0,0,2,0,2,0,1,4,0,5,0,0,0,5
05/14/2023,HLG,WV,AEA,CE,Federal Contract Tower,0,0,0,0,0,0,0,18,2,20,0,0,18,2,20,22,0,22,42
05/15/2023,HLG,WV,AEA,CE,Federal Contract Tower,0,7,0,0,7,0,0,18,2,20,0,7,18,2,27,10,0,10,37
05/16/2023,HLG,WV,AEA,CE,Federal Contract Tower,0,0,0,0,0,0,1,7,4,12,0,1,7,4,12,2,16,18,30
05/17/2023,HLG,WV,AEA,CE,Federal Contract Tower,0,2,0,0,2,0,0,14,0,14,0,2,14,0,16,0,0,0,16
05/18/2023,HLG,WV,AEA,CE,Federal Contract Tower,0,12,1,0,13,0,0,20,0,20,0,12,21,0,33,12,0,12,45
05/19/2023,HLG,WV,AEA,CE,Federal Contract Tower,0,0,0,0,0,0,0,4,1,5,0,0,4,1,5,0,0,0,5
05/20/2023,HLG,WV,AEA,CE,Federal Contract Tower,0,0,1,0,1,0,0,0,0,0,0,0,1,0,1,0,0,0,1
05/21/2023,HLG,WV,AEA,CE,Federal Contract Tower,0,2,4,0,6,0,0,40,0,40,0,2,44,0,46,48,0,48,94
05/22/2023,HLG,WV,AEA,CE,Federal Contract Tower,0,0,6,0,6,0,0,12,9,21,0,0,18,9,27,0,42,42,69
05/23/2023,HLG,WV,AEA,CE,Federal Contract Tower,0,5,1,0,6,0,0,17,4,21,0,5,18,4,27,4,8,12,39
05/24/2023,HLG,WV,AEA,CE,Federal Contract Tower,0,2,1,1,4,0,0,24,3,27,0,2,25,4,31,4,4,8,39
05/25/2023,HLG,WV,AEA,CE,Federal Contract Tower,0,0,0,2,2,0,0,14,1,15,0,0,14,3,17,16,0,16,33
05/26/2023,HLG,WV,AEA,CE,Federal Contract Tower,0,2,2,0,4,0,6,23,8,37,0,8,25,8,41,10,0,10,51
05/27/2023,HLG,WV,AEA,CE,Federal Contract Tower,0,0,0,0,0,0,0,24,0,24,0,0,24,0,24,24,0,24,48
05/28/2023,HLG,WV,AEA,CE,Federal Contract Tower,0,0,0,0,0,0,0,10,0,10,0,0,10,0,10,4,0,4,14
05/29/2023,HLG,WV,AEA,CE,Federal Contract Tower,0,3,2,0,5,0,2,24,0,26,0,5,26,0,31,20,0,20,51
05/30/2023,HLG,WV,AEA,CE,Federal Contract Tower,0,0,0,1,1,0,0,20,15,35,0,0,20,16,36,2,24,26,62
05/31/2023,HLG,WV,AEA,CE,Federal Contract Tower,0,2,2,0,4,0,0,27,3,30,0,2,29,3,34,0,8,8,42
06/01/2023,HLG,WV,AEA,CE,Federal Contract Tower,0,1,2,0,3,0,0,26,6,32,0,1,28,6,35,16,38,54,89
06/02/2023,HLG,WV,AEA,CE,Federal Contract Tower,0,0,2,1,3,0,0,22,16,38,0,0,24,17,41,16,42,58,99
06/03/2023,HLG,WV,AEA,CE,Federal Contract Tower,0,0,2,1,3,0,4,17,13,34,0,4,19,14,37,2,2,4,41
06/04/2023,HLG,WV,AEA,CE,Federal Contract Tower,0,0,2,1,3,0,2,14,7,23,0,2,16,8,26,24,22,46,72
06/05/2023,HLG,WV,AEA,CE,Federal Contract Tower,0,3,2,0,5,0,0,14,7,21,0,3,16,7,26,20,12,32,58
06/06/2023,HLG,WV,AEA,CE,Federal Contract Tower,0,4,3,0,7,0,3,4,4,11,0,7,7,4,18,6,0,6,24
06/07/2023,HLG,WV,AEA,CE,Federal Contract Tower,0,0,0,0,0,0,0,2,6,8,0,0,2,6,8,0,24,24,32
06/08/2023,HLG,WV,AEA,CE,Federal Contract Tower,0,0,5,0,5,0,0,26,0,26,0,0,31,0,31,8,0,8,39
06/09/2023,HLG,WV,AEA,CE,Federal Contract Tower,0,0,2,0,2,0,0,24,1,25,0,0,26,1,27,12,0,12,39
06/10/2023,HLG,WV,AEA,CE,Federal Contract Tower,0,0,2,0,2,0,0,14,0,14,0,0,16,0,16,8,0,8,24
06/11/2023,HLG,WV,AEA,CE,Federal Contract Tower,0,0,0,0,0,0,0,13,0,13,0,0,13,0,13,0,0,0,13
06/12/2023,HLG,WV,AEA,CE,Federal Contract Tower,0,0,0,0,0,0,0,4,1,5,0,0,4,1,5,4,4,8,13
06/13/2023,HLG,WV,AEA,CE,Federal Contract Tower,0,3,1,2,6,0,0,10,0,10,0,3,11,2,16,0,0,0,16
06/14/2023,HLG,WV,AEA,CE,Federal Contract Tower,0,0,4,0,4,0,0,3,4,7,0,0,7,4,11,4,2,6,17
06/15/2023,HLG,WV,AEA,CE,Federal Contract Tower,0,4,0,0,4,0,0,17,6,23,0,4,17,6,27,0,6,6,33
06/16/2023,HLG,WV,AEA,CE,Federal Contract Tower,0,2,2,8,12,0,1,5,0,6,0,3,7,8,18,0,0,0,18
06/17/2023,HLG,WV,AEA,CE,Federal Contract Tower,0,0,1,0,1,0,0,4,0,4,0,0,5,0,5,0,0,0,5
06/18/2023,HLG,WV,AEA,CE,Federal Contract Tower,0,0,1,0,1,0,0,16,0,16,0,0,17,0,17,6,0,6,23
06/19/2023,HLG,WV,AEA,CE,Federal Contract Tower,0,2,2,0,4,0,0,20,4,24,0,2,22,4,28,32,0,32,60
06/20/2023,HLG,WV,AEA,CE,Federal Contract Tower,0,0,1,0,1,0,0,5,0,5,0,0,6,0,6,0,0,0,6
06/21/2023,HLG,WV,AEA,CE,Federal Contract Tower,0,2,0,0,2,0,0,4,2,6,0,2,4,2,8,0,8,8,16
06/22/2023,HLG,WV,AEA,CE,Federal Contract Tower,0,2,1,4,7,0,0,10,9,19,0,2,11,13,26,0,14,14,40
06/23/2023,HLG,WV,AEA,CE,Federal Contract Tower,0,2,2,2,6,0,0,10,0,10,0,2,12,2,16,14,0,14,30
06/24/2023,HLG,WV,AEA,CE,Federal Contract Tower,0,0,11,0,11,0,1,54,0,55,0,1,65,0,66,4,0,4,70
06/25/2023,HLG,WV,AEA,CE,Federal Contract Tower,0,2,0,0,2,0,0,19,0,19,0,2,19,0,21,14,0,14,35
06/26/2023,HLG,WV,AEA,CE,Federal Contract Tower,0,3,0,0,3,0,0,1,2,3,0,3,1,2,6,0,24,24,30
06/27/2023,HLG,WV,AEA,CE,Federal Contract Tower,0,0,2,0,2,0,0,0,0,0,0,0,2,0,2,0,0,0,2
06/28/2023,HLG,WV,AEA,CE,Federal Contract Tower,0,0,8,9,17,0,0,0,1,1,0,0,8,10,18,10,0,10,28
06/29/2023,HLG,WV,AEA,CE,Federal Contract Tower,0,0,13,0,13,0,0,7,0,7,0,0,20,0,20,16,0,16,36
06/30/2023,HLG,WV,AEA,CE,Federal Contract Tower,0,0,0,0,0,0,0,17,0,17,0,0,17,0,17,0,0,0,17
07/01/2023,HLG,WV,AEA,CE,Federal Contract Tower,0,0,0,0,0,0,0,8,0,8,0,0,8,0,8,0,0,0,8
07/02/2023,HLG,WV,AEA,CE,Federal Contract Tower,0,0,3,0,3,0,0,2,0,2,0,0,5,0,5,0,0,0,5
07/03/2023,HLG,WV,AEA,CE,Federal Contract Tower,0,3,1,0,4,0,0,7,0,7,0,3,8,0,11,16,0,16,27
07/04/2023,HLG,WV,AEA,CE,Federal Contract Tower,0,0,1,0,1,0,0,6,0,6,0,0,7,0,7,0,0,0,7
07/05/2023,HLG,WV,AEA,CE,Federal Contract Tower,0,2,8,0,10,0,0,32,0,32,0,2,40,0,42,0,0,0,42
07/06/2023,HLG,WV,AEA,CE,Federal Contract Tower,0,1,2,1,4,0,0,9,0,9,0,1,11,1,13,16,0,16,29
07/07/2023,HLG,WV,AEA,CE,Federal Contract Tower,0,4,0,6,10,0,0,6,12,18,0,4,6,18,28,0,18,18,46
07/08/2023,HLG,WV,AEA,CE,Federal Contract Tower,0,2,4,0,6,0,0,13,5,18,0,2,17,5,24,12,6,18,42
07/09/2023,HLG,WV,AEA,CE,Federal Contract Tower,0,0,4,4,8,0,0,4,0,4,0,0,8,4,12,0,0,0,12
07/10/2023,HLG,WV,AEA,CE,Federal Contract Tower,0,2,2,0,4,0,0,15,2,17,0,2,17,2,21,16,4,20,41
07/11/2023,HLG,WV,AEA,CE,Federal Contract Tower,0,2,0,0,2,0,0,13,3,16,0,2,13,3,18,0,0,0,18
07/12/2023,HLG,WV,AEA,CE,Federal Contract Tower,0,4,7,0,11,0,1,15,2,18,0,5,22,2,29,10,8,18,47
07/13/2023,HLG,WV,AEA,CE,Federal Contract Tower,0,2,2,0,4,0,2,16,2,20,0,4,18,2,24,0,0,0,24
07/14/2023,HLG,WV,AEA,CE,Federal Contract Tower,0,0,1,0,1,0,0,12,0,12,0,0,13,0,13,0,0,0,13
07/15/2023,HLG,WV,AEA,CE,Federal Contract Tower,0,0,2,0,2,0,0,10,1,11,0,0,12,1,13,4,6,10,23
07/16/2023,HLG,WV,AEA,CE,Federal Contract Tower,0,0,5,0,5,0,0,7,0,7,0,0,12,0,12,28,0,28,40
07/17/2023,HLG,WV,AEA,CE,Federal Contract Tower,0,0,0,3,3,0,0,4,1,5,0,0,4,4,8,0,0,0,8
07/18/2023,HLG,WV,AEA,CE,Federal Contract Tower,0,0,0,1,1,0,2,2,8,12,0,2,2,9,13,0,0,0,13
07/19/2023,HLG,WV,AEA,CE,Federal Contract Tower,0,4,0,0,4,0,0,8,0,8,0,4,8,0,12,8,0,8,20
07/20/2023,HLG,WV,AEA,CE,Federal Contract Tower,0,0,2,2,4,0,4,23,0,27,0,4,25,2,31,20,0,20,51
07/21/2023,HLG,WV,AEA,CE,Federal Contract Tower,0,0,7,4,11,0,0,26,0,26,0,0,33,4,37,10,0,10,47
07/22/2023,HLG,WV,AEA,CE,Federal Contract Tower,0,0,5,0,5,0,0,5,2,7,0,0,10,2,12,6,4,10,22
07/23/2023,HLG,WV,AEA,CE,Federal Contract Tower,0,2,3,0,5,0,0,23,1,24,0,2,26,1,29,12,2,14,43
07/24/2023,HLG,WV,AEA,CE,Federal Contract Tower,0,6,0,0,6,0,0,25,1,26,0,6,25,1,32,10,0,10,42
07/25/2023,HLG,WV,AEA,CE,Federal Contract Tower,0,0,0,2,2,0,4,39,0,43,0,4,39,2,45,0,0,0,45
07/26/2023,HLG,WV,AEA,CE,Federal Contract Tower,0,4,0,0,4,0,0,19,3,22,0,4,19,3,26,0,4,4,30
07/27/2023,HLG,WV,AEA,CE,Federal Contract Tower,0,0,6,2,8,0,0,8,2,10,0,0,14,4,18,0,0,0,18
07/28/2023,HLG,WV,AEA,CE,Federal Contract Tower,0,1,3,0,4,0,2,13,3,18,0,3,16,3,22,6,4,10,32
07/29/2023,HLG,WV,AEA,CE,Federal Contract Tower,0,1,0,0,1,0,0,8,0,8,0,1,8,0,9,2,0,2,11
07/30/2023,HLG,WV,AEA,CE,Federal Contract Tower,0,1,0,0,1,0,0,19,4,23,0,1,19,4,24,32,0,32,56
07/31/2023,HLG,WV,AEA,CE,Federal Contract Tower,0,3,0,0,3,0,0,18,8,26,0,3,18,8,29,2,24,26,55
08/01/2023,HLG,WV,AEA,CE,Federal Contract Tower,0,0,2,0,2,0,0,14,2,16,0,0,16,2,18,4,0,4,22
08/02/2023,HLG,WV,AEA,CE,Federal Contract Tower,0,4,2,0,6,0,0,7,0,7,0,4,9,0,13,0,0,0,13
08/03/2023,HLG,WV,AEA,CE,Federal Contract Tower,0,0,2,0,2,0,0,26,0,26,0,0,28,0,28,8,0,8,36
08/04/2023,HLG,WV,AEA,CE,Federal Contract Tower,0,0,1,0,1,0,0,28,9,37,0,0,29,9,38,0,10,10,48
08/05/2023,HLG,WV,AEA,CE,Federal Contract Tower,0,2,3,0,5,0,4,36,0,40,0,6,39,0,45,18,0,18,63
08/06/2023,HLG,WV,AEA,CE,Federal Contract Tower,0,2,1,1,4,0,0,23,0,23,0,2,24,1,27,14,0,14,41
08/07/2023,HLG,WV,AEA,CE,Federal Contract Tower,0,1,4,0,5,0,0,2,0,2,0,1,6,0,7,0,0,0,7
08/08/2023,HLG,WV,AEA,CE,Federal Contract Tower,0,0,5,0,5,0,0,35,0,35,0,0,40,0,40,18,0,18,58
08/09/2023,HLG,WV,AEA,CE,Federal Contract Tower,0,0,4,0,4,0,0,14,4,18,0,0,18,4,22,14,0,14,36
08/10/2023,HLG,WV,AEA,CE,Federal Contract Tower,0,0,2,0,2,0,3,3,21,27,0,3,5,21,29,6,96,102,131
08/11/2023,HLG,WV,AEA,CE,Federal Contract Tower,0,2,0,2,4,0,0,19,22,41,0,2,19,24,45,0,50,50,95
08/12/2023,HLG,WV,AEA,CE,Federal Contract Tower,0,0,0,2,2,0,0,6,17,23,0,0,6,19,25,6,46,52,77
08/13/2023,HLG,WV,AEA,CE,Federal Contract Tower,0,0,4,0,4,0,0,18,4,22,0,0,22,4,26,10,0,10,36
08/14/2023,HLG,WV,AEA,CE,Federal Contract Tower,0,1,0,0,1,0,0,8,3,11,0,1,8,3,12,0,0,0,12
08/15/2023,HLG,WV,AEA,CE,Federal Contract Tower,0,2,10,1,13,0,6,18,0,24,0,8,28,1,37,12,0,12,49
08/16/2023,HLG,WV,AEA,CE,Federal Contract Tower,0,2,3,0,5,0,0,14,4,18,0,2,17,4,23,6,2,8,31
08/17/2023,HLG,WV,AEA,CE,Federal Contract Tower,0,14,0,0,14,0,0,14,4,18,0,14,14,4,32,0,0,0,32
08/18/2023,HLG,WV,AEA,CE,Federal Contract Tower,0,5,2,0,7,0,1,24,11,36,0,6,26,11,43,28,16,44,87
08/19/2023,HLG,WV,AEA,CE,Federal Contract Tower,0,2,4,0,6,0,0,13,0,13,0,2,17,0,19,0,0,0,19
08/20/2023,HLG,WV,AEA,CE,Federal Contract Tower,0,0,1,0,1,0,0,13,0,13,0,0,14,0,14,8,0,8,22
08/21/2023,HLG,WV,AEA,CE,Federal Contract Tower,0,3,2,0,5,0,0,19,2,21,0,3,21,2,26,8,8,16,42
08/22/2023,HLG,WV,AEA,CE,Federal Contract Tower,0,0,0,2,2,0,0,12,3,15,0,0,12,5,17,2,0,2,19
08/23/2023,HLG,WV,AEA,CE,Federal Contract Tower,0,2,1,0,3,0,0,17,4,21,0,2,18,4,24,6,4,10,34
08/24/2023,HLG,WV,AEA,CE,Federal Contract Tower,0,2,1,1,4,0,0,10,2,12,0,2,11,3,16,0,6,6,22
08/25/2023,HLG,WV,AEA,CE,Federal Contract Tower,0,0,2,1,3,0,0,13,2,15,0,0,15,3,18,0,6,6,24
08/26/2023,HLG,WV,AEA,CE,Federal Contract Tower,0,0,2,0,2,0,0,15,8,23,0,0,17,8,25,4,4,8,33
08/27/2023,HLG,WV,AEA,CE,Federal Contract Tower,0,0,0,0,0,0,0,16,2,18,0,0,16,2,18,30,0,30,48
08/28/2023,HLG,WV,AEA,CE,Federal Contract Tower,0,0,3,0,3,0,0,24,10,34,0,0,27,10,37,14,38,52,89
08/29/2023,HLG,WV,AEA,CE,Federal Contract Tower,0,1,2,0,3,0,2,6,6,14,0,3,8,6,17,8,24,32,49
08/30/2023,HLG,WV,AEA,CE,Federal Contract Tower,0,1,3,2,6,0,0,17,8,25,0,1,20,10,31,28,34,62,93
08/31/2023,HLG,WV,AEA,CE,Federal Contract Tower,0,5,0,0,5,0,3,8,4,15,0,8,8,4,20,0,8,8,28
01/01/2020,HLG,WV,AEA,CE,Federal Contract Tower,0,0,0,0,0,0,6,6,0,12,0,6,6,0,12,4,0,4,16
01/02/2020,HLG,WV,AEA,CE,Federal Contract Tower,0,0,0,0,0,0,4,6,0,10,0,4,6,0,10,0,0,0,10
01/03/2020,HLG,WV,AEA,CE,Federal Contract Tower,0,2,2,0,4,0,0,0,0,0,0,2,2,0,4,0,0,0,4
01/04/2020,HLG,WV,AEA,CE,Federal Contract Tower,0,5,0,0,5,0,0,0,0,0,0,5,0,0,5,0,0,0,5
01/05/2020,HLG,WV,AEA,CE,Federal Contract Tower,0,0,3,0,3,0,0,8,1,9,0,0,11,1,12,4,10,14,26
01/06/2020,HLG,WV,AEA,CE,Federal Contract Tower,0,0,0,2,2,0,2,14,9,25,0,2,14,11,27,0,28,28,55
01/07/2020,HLG,WV,AEA,CE,Federal Contract Tower,0,0,2,6,8,0,0,12,6,18,0,0,14,12,26,0,18,18,44
01/08/2020,HLG,WV,AEA,CE,Federal Contract Tower,0,0,0,2,2,0,0,22,6,28,0,0,22,8,30,0,32,32,62
01/09/2020,HLG,WV,AEA,CE,Federal Contract Tower,0,1,1,0,2,0,1,7,3,11,0,2,8,3,13,0,6,6,19
01/10/2020,HLG,WV,AEA,CE,Federal Contract Tower,0,0,1,0,1,0,0,2,31,33,0,0,3,31,34,0,114,114,148
01/11/2020,HLG,WV,AEA,CE,Federal Contract Tower,0,0,0,1,1,0,0,4,0,4,0,0,4,1,5,0,0,0,5
01/12/2020,HLG,WV,AEA,CE,Federal Contract Tower,0,0,4,2,6,0,0,17,18,35,0,0,21,20,41,0,78,78,119
01/13/2020,HLG,WV,AEA,CE,Federal Contract Tower,0,2,0,1,3,0,2,21,12,35,0,4,21,13,38,26,50,76,114
01/14/2020,HLG,WV,AEA,CE,Federal Contract Tower,0,1,0,0,1,0,0,1,11,12,0,1,1,11,13,0,74,74,87
01/15/2020,HLG,WV,AEA,CE,Federal Contract Tower,0,2,3,4,9,0,0,0,1,1,0,2,3,5,10,0,22,22,32
01/16/2020,HLG,WV,AEA,CE,Federal Contract Tower,0,1,0,0,1,0,2,6,7,15,0,3,6,7,16,0,34,34,50
01/17/2020,HLG,WV,AEA,CE,Federal Contract Tower,0,1,0,2,3,0,0,15,12,27,0,1,15,14,30,8,36,44,74
01/18/2020,HLG,WV,AEA,CE,Federal Contract Tower,0,0,0,0,0,0,0,0,0,0,0,0,0,0,0,0,0,0,0
01/19/2020,HLG,WV,AEA,CE,Federal Contract Tower,0,0,0,0,0,0,0,4,0,4,0,0,4,0,4,0,0,0,4
01/20/2020,HLG,WV,AEA,CE,Federal Contract Tower,0,0,0,0,0,0,0,2,0,2,0,0,2,0,2,0,0,0,2
01/21/2020,HLG,WV,AEA,CE,Federal Contract Tower,0,5,1,0,6,0,0,15,8,23,0,5,16,8,29,0,40,40,69
01/22/2020,HLG,WV,AEA,CE,Federal Contract Tower,0,6,0,0,6,0,2,23,3,28,0,8,23,3,34,4,28,32,66
01/23/2020,HLG,WV,AEA,CE,Federal Contract Tower,0,3,0,0,3,0,0,14,0,14,0,3,14,0,17,0,0,0,17
01/24/2020,HLG,WV,AEA,CE,Federal Contract Tower,0,3,0,0,3,0,0,3,0,3,0,3,3,0,6,0,12,12,18
01/25/2020,HLG,WV,AEA,CE,Federal Contract Tower,0,0,1,0,1,0,0,2,0,2,0,0,3,0,3,0,0,0,3
01/26/2020,HLG,WV,AEA,CE,Federal Contract Tower,0,0,1,0,1,0,0,1,0,1,0,0,2,0,2,0,0,0,2
01/27/2020,HLG,WV,AEA,CE,Federal Contract Tower,0,0,0,0,0,0,0,0,2,2,0,0,0,2,2,0,32,32,34
01/28/2020,HLG,WV,AEA,CE,Federal Contract Tower,0,1,0,2,3,0,0,0,2,2,0,1,0,4,5,0,32,32,37
01/29/2020,HLG,WV,AEA,CE,Federal Contract Tower,0,5,1,7,13,0,4,7,9,20,0,9,8,16,33,8,92,100,133
01/30/2020,HLG,WV,AEA,CE,Federal Contract Tower,0,1,0,2,3,0,1,13,15,29,0,2,13,17,32,20,56,76,108
01/31/2020,HLG,WV,AEA,CE,Federal Contract Tower,0,0,0,4,4,0,0,4,8,12,0,0,4,12,16,0,56,56,72
02/01/2020,HLG,WV,AEA,CE,Federal Contract Tower,0,0,0,0,0,0,0,0,0,0,0,0,0,0,0,48,0,48,48
02/02/2020,HLG,WV,AEA,CE,Federal Contract Tower,0,0,0,1,1,0,0,5,12,17,0,0,5,13,18,0,56,56,74
02/03/2020,HLG,WV,AEA,CE,Federal Contract Tower,0,0,1,0,1,0,0,20,9,29,0,0,21,9,30,18,70,88,118
02/04/2020,HLG,WV,AEA,CE,Federal Contract Tower,0,1,2,3,6,0,0,0,10,10,0,1,2,13,16,0,48,48,64
02/05/2020,HLG,WV,AEA,CE,Federal Contract Tower,0,1,0,0,1,0,0,8,9,17,0,1,8,9,18,16,20,36,54
02/06/2020,HLG,WV,AEA,CE,Federal Contract Tower,0,1,0,0,1,0,0,0,0,0,0,1,0,0,1,0,0,0,1
02/07/2020,HLG,WV,AEA,CE,Federal Contract Tower,0,0,0,0,0,0,0,2,4,6,0,0,2,4,6,0,42,42,48
02/08/2020,HLG,WV,AEA,CE,Federal Contract Tower,0,0,0,0,0,0,0,2,6,8,0,0,2,6,8,0,46,46,54
02/09/2020,HLG,WV,AEA,CE,Federal Contract Tower,0,2,2,0,4,0,2,2,10,14,0,4,4,10,18,0,72,72,90
02/10/2020,HLG,WV,AEA,CE,Federal Contract Tower,0,4,0,0,4,0,0,0,0,0,0,4,0,0,4,0,0,0,4
02/11/2020,HLG,WV,AEA,CE,Federal Contract Tower,0,4,0,0,4,0,0,2,4,6,0,4,2,4,10,0,32,32,42
02/12/2020,HLG,WV,AEA,CE,Federal Contract Tower,0,1,1,0,2,0,0,7,2,9,0,1,8,2,11,0,16,16,27
02/13/2020,HLG,WV,AEA,CE,Federal Contract Tower,0,0,2,0,2,0,0,0,1,1,0,0,2,1,3,0,0,0,3
02/14/2020,HLG,WV,AEA,CE,Federal Contract Tower,0,0,0,1,1,0,0,20,0,20,0,0,20,1,21,8,0,8,29
02/15/2020,HLG,WV,AEA,CE,Federal Contract Tower,0,0,0,0,0,0,0,10,0,10,0,0,10,0,10,14,0,14,24
02/16/2020,HLG,WV,AEA,CE,Federal Contract Tower,0,0,2,0,2,0,0,7,0,7,0,0,9,0,9,2,0,2,11
02/17/2020,HLG,WV,AEA,CE,Federal Contract Tower,0,2,2,0,4,0,0,18,0,18,0,2,20,0,22,0,0,0,22
02/18/2020,HLG,WV,AEA,CE,Federal Contract Tower,0,0,2,2,4,0,0,0,2,2,0,0,2,4,6,0,4,4,10
02/19/2020,HLG,WV,AEA,CE,Federal Contract Tower,0,2,0,0,2,0,0,23,2,25,0,2,23,2,27,16,0,16,43
02/20/2020,HLG,WV,AEA,CE,Federal Contract Tower,0,2,0,0,2,0,2,33,0,35,0,4,33,0,37,2,0,2,39
02/21/2020,HLG,WV,AEA,CE,Federal Contract Tower,0,0,0,0,0,0,0,37,4,41,0,0,37,4,41,44,16,60,101
02/22/2020,HLG,WV,AEA,CE,Federal Contract Tower,0,0,0,0,0,0,0,14,0,14,0,0,14,0,14,8,0,8,22
02/23/2020,HLG,WV,AEA,CE,Federal Contract Tower,0,0,0,0,0,0,0,16,0,16,0,0,16,0,16,22,0,22,38
02/24/2020,HLG,WV,AEA,CE,Federal Contract Tower,0,3,3,0,6,0,6,24,1,31,0,9,27,1,37,18,0,18,55
02/25/2020,HLG,WV,AEA,CE,Federal Contract Tower,0,0,0,0,0,0,0,4,0,4,0,0,4,0,4,0,0,0,4
02/26/2020,HLG,WV,AEA,CE,Federal Contract Tower,0,4,0,0,4,0,0,0,4,4,0,4,0,4,8,0,30,30,38
02/27/2020,HLG,WV,AEA,CE,Federal Contract Tower,0,0,1,3,4,0,0,0,6,6,0,0,1,9,10,0,24,24,34
02/28/2020,HLG,WV,AEA,CE,Federal Contract Tower,0,0,4,0,4,0,0,10,4,14,0,0,14,4,18,8,20,28,46
02/29/2020,HLG,WV,AEA,CE,Federal Contract Tower,0,0,0,0,0,0,0,2,0,2,0,0,2,0,2,0,0,0,2
03/01/2020,HLG,WV,AEA,CE,Federal Contract Tower,0,3,0,0,3,0,2,20,0,22,0,5,20,0,25,48,0,48,73
03/02/2020,HLG,WV,AEA,CE,Federal Contract Tower,0,2,0,0,2,0,0,0,0,0,0,2,0,0,2,0,0,0,2
03/03/2020,HLG,WV,AEA,CE,Federal Contract Tower,0,0,0,0,0,0,0,0,2,2,0,0,0,2,2,0,14,14,16
03/04/2020,HLG,WV,AEA,CE,Federal Contract Tower,0,0,0,0,0,0,0,16,0,16,0,0,16,0,16,0,0,0,16
03/05/2020,HLG,WV,AEA,CE,Federal Contract Tower,0,0,2,3,5,0,4,21,20,45,0,4,23,23,50,6,78,84,134
03/06/2020,HLG,WV,AEA,CE,Federal Contract Tower,0,0,0,5,5,0,0,12,27,39,0,0,12,32,44,0,132,132,176
03/07/2020,HLG,WV,AEA,CE,Federal Contract Tower,0,0,0,0,0,0,0,4,5,9,0,0,4,5,9,0,18,18,27
03/08/2020,HLG,WV,AEA,CE,Federal Contract Tower,0,0,3,1,4,0,0,8,15,23,0,0,11,16,27,6,64,70,97
03/09/2020,HLG,WV,AEA,CE,Federal Contract Tower,0,0,0,0,0,0,4,12,6,22,0,4,12,6,22,0,16,16,38
03/10/2020,HLG,WV,AEA,CE,Federal Contract Tower,0,2,0,2,4,0,0,2,0,2,0,2,2,2,6,12,0,12,18
03/11/2020,HLG,WV,AEA,CE,Federal Contract Tower,0,2,2,0,4,0,0,0,1,1,0,2,2,1,5,0,0,0,5
03/12/2020,HLG,WV,AEA,CE,Federal Contract Tower,0,0,2,0,2,0,0,10,5,15,0,0,12,5,17,0,16,16,33
03/13/2020,HLG,WV,AEA,CE,Federal Contract Tower,0,0,2,0,2,0,2,26,1,29,0,2,28,1,31,2,0,2,33
03/14/2020,HLG,WV,AEA,CE,Federal Contract Tower,0,0,4,0,4,0,0,23,0,23,0,0,27,0,27,34,0,34,61
03/15/2020,HLG,WV,AEA,CE,Federal Contract Tower,0,0,6,0,6,0,0,7,0,7,0,0,13,0,13,6,0,6,19
03/16/2020,HLG,WV,AEA,CE,Federal Contract Tower,0,0,1,0,1,0,0,13,3,16,0,0,14,3,17,24,14,38,55
03/17/2020,HLG,WV,AEA,CE,Federal Contract Tower,0,6,1,0,7,0,2,0,2,4,0,8,1,2,11,0,32,32,43
03/18/2020,HLG,WV,AEA,CE,Federal Contract Tower,0,1,1,1,3,0,0,12,10,22,0,1,13,11,25,0,28,28,53
03/19/2020,HLG,WV,AEA,CE,Federal Contract Tower,0,3,5,0,8,0,0,9,0,9,0,3,14,0,17,26,0,26,43
03/20/2020,HLG,WV,AEA,CE,Federal Contract Tower,0,0,0,0,0,0,0,0,0,0,0,0,0,0,0,0,0,0,0
03/21/2020,HLG,WV,AEA,CE,Federal Contract Tower,0,0,4,0,4,0,0,16,0,16,0,0,20,0,20,14,0,14,34
03/22/2020,HLG,WV,AEA,CE,Federal Contract Tower,0,0,1,0,1,0,0,6,2,8,0,0,7,2,9,0,6,6,15
03/23/2020,HLG,WV,AEA,CE,Federal Contract Tower,0,0,0,0,0,0,0,0,0,0,0,0,0,0,0,0,0,0,0
03/24/2020,HLG,WV,AEA,CE,Federal Contract Tower,0,0,0,1,1,0,2,11,4,17,0,2,11,5,18,78,30,108,126
03/25/2020,HLG,WV,AEA,CE,Federal Contract Tower,0,4,0,0,4,0,0,12,0,12,0,4,12,0,16,90,0,90,106
03/26/2020,HLG,WV,AEA,CE,Federal Contract Tower,0,0,0,0,0,0,6,12,6,24,0,6,12,6,24,4,10,14,38
03/27/2020,HLG,WV,AEA,CE,Federal Contract Tower,0,0,2,6,8,0,2,11,1,14,0,2,13,7,22,0,6,6,28
03/28/2020,HLG,WV,AEA,CE,Federal Contract Tower,0,0,4,0,4,0,0,4,0,4,0,0,8,0,8,26,0,26,34
03/29/2020,HLG,WV,AEA,CE,Federal Contract Tower,0,3,0,0,3,0,1,3,0,4,0,4,3,0,7,8,0,8,15
03/30/2020,HLG,WV,AEA,CE,Federal Contract Tower,0,1,0,0,1,0,2,0,0,2,0,3,0,0,3,0,0,0,3
03/31/2020,HLG,WV,AEA,CE,Federal Contract Tower,0,0,0,0,0,0,0,6,2,8,0,0,6,2,8,0,24,24,32
04/01/2020,HLG,WV,AEA,CE,Federal Contract Tower,0,0,0,0,0,0,0,0,3,3,0,0,0,3,3,0,6,6,9
04/02/2020,HLG,WV,AEA,CE,Federal Contract Tower,0,0,2,0,2,0,0,13,3,16,0,0,15,3,18,16,8,24,42
04/03/2020,HLG,WV,AEA,CE,Federal Contract Tower,0,0,2,1,3,0,0,25,26,51,0,0,27,27,54,126,66,192,246
04/04/2020,HLG,WV,AEA,CE,Federal Contract Tower,0,0,1,1,2,0,0,10,8,18,0,0,11,9,20,34,12,46,66
04/05/2020,HLG,WV,AEA,CE,Federal Contract Tower,0,0,3,0,3,0,0,10,0,10,0,0,13,0,13,20,0,20,33
04/06/2020,HLG,WV,AEA,CE,Federal Contract Tower,0,0,0,0,0,0,0,14,0,14,0,0,14,0,14,6,0,6,20
04/07/2020,HLG,WV,AEA,CE,Federal Contract Tower,0,0,0,0,0,0,0,10,0,10,0,0,10,0,10,2,0,2,12
04/08/2020,HLG,WV,AEA,CE,Federal Contract Tower,0,0,2,0,2,0,0,10,0,10,0,0,12,0,12,6,0,6,18
04/09/2020,HLG,WV,AEA,CE,Federal Contract Tower,0,0,0,0,0,0,0,0,0,0,0,0,0,0,0,0,0,0,0
04/10/2020,HLG,WV,AEA,CE,Federal Contract Tower,0,0,1,2,3,0,0,0,10,10,0,0,1,12,13,0,54,54,67
04/11/2020,HLG,WV,AEA,CE,Federal Contract Tower,0,0,2,0,2,0,0,4,0,4,0,0,6,0,6,4,0,4,10
04/12/2020,HLG,WV,AEA,CE,Federal Contract Tower,0,0,0,0,0,0,0,4,0,4,0,0,4,0,4,0,0,0,4
04/13/2020,HLG,WV,AEA,CE,Federal Contract Tower,0,1,0,0,1,0,0,0,0,0,0,1,0,0,1,0,0,0,1
04/14/2020,HLG,WV,AEA,CE,Federal Contract Tower,0,0,2,0,2,0,0,18,2,20,0,0,20,2,22,26,40,66,88
04/15/2020,HLG,WV,AEA,CE,Federal Contract Tower,0,2,2,0,4,0,0,9,4,13,0,2,11,4,17,0,42,42,59
04/16/2020,HLG,WV,AEA,CE,Federal Contract Tower,0,1,1,3,5,0,0,13,0,13,0,1,14,3,18,0,0,0,18
04/17/2020,HLG,WV,AEA,CE,Federal Contract Tower,0,0,4,0,4,0,0,10,9,19,0,0,14,9,23,26,26,52,75
04/18/2020,HLG,WV,AEA,CE,Federal Contract Tower,0,0,7,2,9,0,0,11,1,12,0,0,18,3,21,0,0,0,21
04/19/2020,HLG,WV,AEA,CE,Federal Contract Tower,0,0,4,2,6,0,0,14,6,20,0,0,18,8,26,12,8,20,46
04/20/2020,HLG,WV,AEA,CE,Federal Contract Tower,0,0,0,0,0,0,0,22,1,23,0,0,22,1,23,10,4,14,37
04/21/2020,HLG,WV,AEA,CE,Federal Contract Tower,0,0,0,0,0,0,0,4,4,8,0,0,4,4,8,0,12,12,20
04/22/2020,HLG,WV,AEA,CE,Federal Contract Tower,0,2,0,0,2,0,0,13,0,13,0,2,13,0,15,6,0,6,21
04/23/2020,HLG,WV,AEA,CE,Federal Contract Tower,0,0,0,0,0,0,0,10,10,20,0,0,10,10,20,94,42,136,156
04/24/2020,HLG,WV,AEA,CE,Federal Contract Tower,0,0,0,0,0,0,0,2,1,3,0,0,2,1,3,4,0,4,7
04/25/2020,HLG,WV,AEA,CE,Federal Contract Tower,0,0,1,0,1,0,0,26,0,26,0,0,27,0,27,66,0,66,93
04/26/2020,HLG,WV,AEA,CE,Federal Contract Tower,0,0,0,0,0,0,0,0,0,0,0,0,0,0,0,0,0,0,0
04/27/2020,HLG,WV,AEA,CE,Federal Contract Tower,0,2,0,0,2,0,2,34,0,36,0,4,34,0,38,26,0,26,64
04/28/2020,HLG,WV,AEA,CE,Federal Contract Tower,0,0,0,0,0,0,0,12,11,23,0,0,12,11,23,0,64,64,87
04/29/2020,HLG,WV,AEA,CE,Federal Contract Tower,0,0,0,0,0,0,0,18,8,26,0,0,18,8,26,0,34,34,60
04/30/2020,HLG,WV,AEA,CE,Federal Contract Tower,0,2,0,3,5,0,0,17,6,23,0,2,17,9,28,40,36,76,104
05/01/2020,HLG,WV,AEA,CE,Federal Contract Tower,0,0,2,2,4,0,2,3,8,13,0,2,5,10,17,0,40,40,57
05/02/2020,HLG,WV,AEA,CE,Federal Contract Tower,0,0,1,0,1,0,2,13,4,19,0,2,14,4,20,6,10,16,36
05/03/2020,HLG,WV,AEA,CE,Federal Contract Tower,0,0,2,0,2,0,0,4,0,4,0,0,6,0,6,0,0,0,6
05/04/2020,HLG,WV,AEA,CE,Federal Contract Tower,0,0,0,0,0,0,0,28,13,41,0,0,28,13,41,0,60,60,101
05/05/2020,HLG,WV,AEA,CE,Federal Contract Tower,0,0,0,0,0,0,0,19,0,19,0,0,19,0,19,0,54,54,73
05/06/2020,HLG,WV,AEA,CE,Federal Contract Tower,0,0,2,0,2,0,2,2,0,4,0,2,4,0,6,2,0,2,8
05/07/2020,HLG,WV,AEA,CE,Federal Contract Tower,0,0,0,3,3,0,0,19,4,23,0,0,19,7,26,0,8,8,34
05/08/2020,HLG,WV,AEA,CE,Federal Contract Tower,0,0,0,0,0,0,0,8,2,10,0,0,8,2,10,0,14,14,24
05/09/2020,HLG,WV,AEA,CE,Federal Contract Tower,0,0,1,0,1,0,0,6,0,6,0,0,7,0,7,0,0,0,7
05/10/2020,HLG,WV,AEA,CE,Federal Contract Tower,0,0,0,0,0,0,0,8,0,8,0,0,8,0,8,0,0,0,8
05/11/2020,HLG,WV,AEA,CE,Federal Contract Tower,0,0,0,0,0,0,0,11,0,11,0,0,11,0,11,0,0,0,11
05/12/2020,HLG,WV,AEA,CE,Federal Contract Tower,0,0,3,0,3,0,0,16,13,29,0,0,19,13,32,94,72,166,198
05/13/2020,HLG,WV,AEA,CE,Federal Contract Tower,0,0,4,0,4,0,4,18,8,30,0,4,22,8,34,178,42,220,254
05/14/2020,HLG,WV,AEA,CE,Federal Contract Tower,0,2,0,1,3,0,0,0,18,18,0,2,0,19,21,0,94,94,115
05/15/2020,HLG,WV,AEA,CE,Federal Contract Tower,0,0,0,0,0,0,1,15,26,42,0,1,15,26,42,0,130,130,172
05/16/2020,HLG,WV,AEA,CE,Federal Contract Tower,0,0,8,0,8,0,0,14,8,22,0,0,22,8,30,6,40,46,76
05/17/2020,HLG,WV,AEA,CE,Federal Contract Tower,0,0,0,0,0,0,0,8,2,10,0,0,8,2,10,0,6,6,16
05/18/2020,HLG,WV,AEA,CE,Federal Contract Tower,0,0,0,0,0,0,0,4,2,6,0,0,4,2,6,0,6,6,12
05/19/2020,HLG,WV,AEA,CE,Federal Contract Tower,0,2,0,5,7,0,0,6,8,14,0,2,6,13,21,0,48,48,69
05/20/2020,HLG,WV,AEA,CE,Federal Contract Tower,0,2,0,1,3,0,0,2,14,16,0,2,2,15,19,0,84,84,103
05/21/2020,HLG,WV,AEA,CE,Federal Contract Tower,0,0,0,0,0,0,0,6,4,10,0,0,6,4,10,2,10,12,22
05/22/2020,HLG,WV,AEA,CE,Federal Contract Tower,0,2,7,6,15,0,2,3,0,5,0,4,10,6,20,0,0,0,20
05/23/2020,HLG,WV,AEA,CE,Federal Contract Tower,0,0,1,0,1,0,0,19,0,19,0,0,20,0,20,0,0,0,20
05/24/2020,HLG,WV,AEA,CE,Federal Contract Tower,0,0,0,0,0,0,0,10,0,10,0,0,10,0,10,0,0,0,10
05/25/2020,HLG,WV,AEA,CE,Federal Contract Tower,0,0,0,0,0,0,0,18,0,18,0,0,18,0,18,10,0,10,28
05/26/2020,HLG,WV,AEA,CE,Federal Contract Tower,0,2,0,0,2,0,2,18,9,29,0,4,18,9,31,0,26,26,57
05/27/2020,HLG,WV,AEA,CE,Federal Contract Tower,0,3,1,0,4,0,0,26,7,33,0,3,27,7,37,8,54,62,99
05/28/2020,HLG,WV,AEA,CE,Federal Contract Tower,0,0,0,0,0,0,0,5,0,5,0,0,5,0,5,0,0,0,5
05/29/2020,HLG,WV,AEA,CE,Federal Contract Tower,0,4,0,1,5,0,0,9,6,15,0,4,9,7,20,0,10,10,30
05/30/2020,HLG,WV,AEA,CE,Federal Contract Tower,0,0,2,0,2,0,2,9,0,11,0,2,11,0,13,0,0,0,13
05/31/2020,HLG,WV,AEA,CE,Federal Contract Tower,0,0,4,0,4,0,0,20,1,21,0,0,24,1,25,18,0,18,43
06/01/2020,HLG,WV,AEA,CE,Federal Contract Tower,0,1,0,0,1,0,1,23,10,34,0,2,23,10,35,8,64,72,107
06/02/2020,HLG,WV,AEA,CE,Federal Contract Tower,0,0,0,4,4,0,0,6,10,16,0,0,6,14,20,6,126,132,152
06/03/2020,HLG,WV,AEA,CE,Federal Contract Tower,0,0,0,2,2,0,0,14,14,28,0,0,14,16,30,0,56,56,86
06/04/2020,HLG,WV,AEA,CE,Federal Contract Tower,0,2,1,0,3,0,0,8,5,13,0,2,9,5,16,0,22,22,38
06/05/2020,HLG,WV,AEA,CE,Federal Contract Tower,0,3,0,4,7,0,0,5,18,23,0,3,5,22,30,0,86,86,116
06/06/2020,HLG,WV,AEA,CE,Federal Contract Tower,0,0,0,0,0,0,0,7,12,19,0,0,7,12,19,0,32,32,51
06/07/2020,HLG,WV,AEA,CE,Federal Contract Tower,0,1,0,0,1,0,0,7,0,7,0,1,7,0,8,4,0,4,12
06/08/2020,HLG,WV,AEA,CE,Federal Contract Tower,0,2,0,0,2,0,8,20,9,37,0,10,20,9,39,18,18,36,75
06/09/2020,HLG,WV,AEA,CE,Federal Contract Tower,0,2,2,0,4,0,0,30,7,37,0,2,32,7,41,90,30,120,161
06/10/2020,HLG,WV,AEA,CE,Federal Contract Tower,0,1,0,3,4,0,4,23,2,29,0,5,23,5,33,0,0,0,33
06/11/2020,HLG,WV,AEA,CE,Federal Contract Tower,0,4,2,0,6,0,0,45,11,56,0,4,47,11,62,14,46,60,122
06/12/2020,HLG,WV,AEA,CE,Federal Contract Tower,0,2,0,0,2,0,2,23,3,28,0,4,23,3,30,4,12,16,46
06/13/2020,HLG,WV,AEA,CE,Federal Contract Tower,0,0,0,2,2,0,0,18,1,19,0,0,18,3,21,12,18,30,51
06/14/2020,HLG,WV,AEA,CE,Federal Contract Tower,0,2,0,0,2,0,0,2,0,2,0,2,2,0,4,0,0,0,4
06/15/2020,HLG,WV,AEA,CE,Federal Contract Tower,0,0,0,2,2,0,0,21,0,21,0,0,21,2,23,22,0,22,45
06/16/2020,HLG,WV,AEA,CE,Federal Contract Tower,0,0,0,0,0,0,0,17,12,29,0,0,17,12,29,0,66,66,95
06/17/2020,HLG,WV,AEA,CE,Federal Contract Tower,0,2,0,1,3,0,0,10,10,20,0,2,10,11,23,0,24,24,47
06/18/2020,HLG,WV,AEA,CE,Federal Contract Tower,0,2,1,2,5,0,0,1,6,7,0,2,2,8,12,0,6,6,18
06/19/2020,HLG,WV,AEA,CE,Federal Contract Tower,0,0,0,1,1,0,2,6,15,23,0,2,6,16,24,0,90,90,114
06/20/2020,HLG,WV,AEA,CE,Federal Contract Tower,0,0,2,0,2,0,0,11,11,22,0,0,13,11,24,0,24,24,48
06/21/2020,HLG,WV,AEA,CE,Federal Contract Tower,0,1,1,0,2,0,0,7,4,11,0,1,8,4,13,2,22,24,37
06/22/2020,HLG,WV,AEA,CE,Federal Contract Tower,0,2,0,0,2,0,0,1,6,7,0,2,1,6,9,0,44,44,53
06/23/2020,HLG,WV,AEA,CE,Federal Contract Tower,0,2,0,0,2,0,0,4,5,9,0,2,4,5,11,0,30,30,41
06/24/2020,HLG,WV,AEA,CE,Federal Contract Tower,0,0,4,0,4,0,0,16,10,26,0,0,20,10,30,10,54,64,94
06/25/2020,HLG,WV,AEA,CE,Federal Contract Tower,0,4,0,0,4,0,2,25,0,27,0,6,25,0,31,12,0,12,43
06/26/2020,HLG,WV,AEA,CE,Federal Contract Tower,0,1,4,0,5,0,0,27,1,28,0,1,31,1,33,4,0,4,37
06/27/2020,HLG,WV,AEA,CE,Federal Contract Tower,0,2,2,0,4,0,0,1,2,3,0,2,3,2,7,0,0,0,7
06/28/2020,HLG,WV,AEA,CE,Federal Contract Tower,0,0,2,0,2,0,0,8,0,8,0,0,10,0,10,8,0,8,18
06/29/2020,HLG,WV,AEA,CE,Federal Contract Tower,0,0,0,0,0,0,0,25,0,25,0,0,25,0,25,4,0,4,29
06/30/2020,HLG,WV,AEA,CE,Federal Contract Tower,0,2,0,0,2,0,2,27,0,29,0,4,27,0,31,134,0,134,165
07/01/2020,HLG,WV,AEA,CE,Federal Contract Tower,0,0,1,0,1,0,2,30,13,45,0,2,31,13,46,142,12,154,200
07/02/2020,HLG,WV,AEA,CE,Federal Contract Tower,0,4,2,0,6,0,0,28,4,32,0,4,30,4,38,128,14,142,180
07/03/2020,HLG,WV,AEA,CE,Federal Contract Tower,0,0,0,0,0,0,0,32,0,32,0,0,32,0,32,86,0,86,118
07/04/2020,HLG,WV,AEA,CE,Federal Contract Tower,0,0,2,0,2,0,0,11,0,11,0,0,13,0,13,0,0,0,13
07/05/2020,HLG,WV,AEA,CE,Federal Contract Tower,0,0,1,0,1,0,2,8,1,11,0,2,9,1,12,0,0,0,12
07/06/2020,HLG,WV,AEA,CE,Federal Contract Tower,0,1,2,0,3,0,0,17,12,29,0,1,19,12,32,0,34,34,66
07/07/2020,HLG,WV,AEA,CE,Federal Contract Tower,0,4,0,0,4,0,7,5,1,13,0,11,5,1,17,36,0,36,53
07/08/2020,HLG,WV,AEA,CE,Federal Contract Tower,0,3,2,0,5,0,0,10,3,13,0,3,12,3,18,0,12,12,30
07/09/2020,HLG,WV,AEA,CE,Federal Contract Tower,0,1,4,0,5,0,0,31,0,31,0,1,35,0,36,0,0,0,36
07/10/2020,HLG,WV,AEA,CE,Federal Contract Tower,0,2,2,4,8,0,0,16,8,24,0,2,18,12,32,12,14,26,58
07/11/2020,HLG,WV,AEA,CE,Federal Contract Tower,0,3,6,0,9,0,0,5,0,5,0,3,11,0,14,0,0,0,14
07/12/2020,HLG,WV,AEA,CE,Federal Contract Tower,0,0,2,0,2,0,0,9,0,9,0,0,11,0,11,0,0,0,11
07/13/2020,HLG,WV,AEA,CE,Federal Contract Tower,0,0,0,0,0,0,0,10,2,12,0,0,10,2,12,0,0,0,12
07/14/2020,HLG,WV,AEA,CE,Federal Contract Tower,0,2,2,0,4,0,0,62,2,64,0,2,64,2,68,16,0,16,84
07/15/2020,HLG,WV,AEA,CE,Federal Contract Tower,0,0,0,0,0,0,0,20,3,23,0,0,20,3,23,0,18,18,41
07/16/2020,HLG,WV,AEA,CE,Federal Contract Tower,0,2,0,8,10,0,0,14,4,18,0,2,14,12,28,6,0,6,34
07/17/2020,HLG,WV,AEA,CE,Federal Contract Tower,0,0,0,0,0,0,6,26,5,37,0,6,26,5,37,20,0,20,57
07/18/2020,HLG,WV,AEA,CE,Federal Contract Tower,0,2,2,0,4,0,0,12,0,12,0,2,14,0,16,14,0,14,30
07/19/2020,HLG,WV,AEA,CE,Federal Contract Tower,0,0,0,0,0,0,0,12,0,12,0,0,12,0,12,24,0,24,36
07/20/2020,HLG,WV,AEA,CE,Federal Contract Tower,0,0,0,0,0,0,0,19,4,23,0,0,19,4,23,0,44,44,67
07/21/2020,HLG,WV,AEA,CE,Federal Contract Tower,0,0,0,0,0,0,0,12,4,16,0,0,12,4,16,36,40,76,92
07/22/2020,HLG,WV,AEA,CE,Federal Contract Tower,0,0,2,0,2,0,0,4,8,12,0,0,6,8,14,56,20,76,90
07/23/2020,HLG,WV,AEA,CE,Federal Contract Tower,0,1,7,2,10,0,0,0,12,12,0,1,7,14,22,0,54,54,76
07/24/2020,HLG,WV,AEA,CE,Federal Contract Tower,0,1,2,1,4,0,0,24,5,29,0,1,26,6,33,12,28,40,73
07/25/2020,HLG,WV,AEA,CE,Federal Contract Tower,0,0,6,0,6,0,0,8,0,8,0,0,14,0,14,0,0,0,14
07/26/2020,HLG,WV,AEA,CE,Federal Contract Tower,0,0,1,0,1,0,0,6,0,6,0,0,7,0,7,0,0,0,7
07/27/2020,HLG,WV,AEA,CE,Federal Contract Tower,0,0,1,1,2,0,0,8,1,9,0,0,9,2,11,6,0,6,17
07/28/2020,HLG,WV,AEA,CE,Federal Contract Tower,0,0,2,0,2,0,0,24,0,24,0,0,26,0,26,80,0,80,106
07/29/2020,HLG,WV,AEA,CE,Federal Contract Tower,0,4,3,0,7,0,0,110,0,110,0,4,113,0,117,10,0,10,127
07/30/2020,HLG,WV,AEA,CE,Federal Contract Tower,0,1,0,2,3,0,0,23,0,23,0,1,23,2,26,6,0,6,32
07/31/2020,HLG,WV,AEA,CE,Federal Contract Tower,0,1,0,2,3,0,0,14,6,20,0,1,14,8,23,14,0,14,37
08/01/2020,HLG,WV,AEA,CE,Federal Contract Tower,0,0,1,0,1,0,0,5,0,5,0,0,6,0,6,0,0,0,6
08/02/2020,HLG,WV,AEA,CE,Federal Contract Tower,0,0,1,0,1,0,0,3,4,7,0,0,4,4,8,0,0,0,8
08/03/2020,HLG,WV,AEA,CE,Federal Contract Tower,0,2,1,0,3,0,2,39,0,41,0,4,40,0,44,4,0,4,48
08/04/2020,HLG,WV,AEA,CE,Federal Contract Tower,0,2,3,4,9,0,0,11,0,11,0,2,14,4,20,50,0,50,70
08/05/2020,HLG,WV,AEA,CE,Federal Contract Tower,0,4,2,0,6,0,0,72,4,76,0,4,74,4,82,28,8,36,118
08/06/2020,HLG,WV,AEA,CE,Federal Contract Tower,0,3,2,0,5,0,2,9,0,11,0,5,11,0,16,24,0,24,40
08/08/2020,HLG,WV,AEA,CE,Federal Contract Tower,0,0,3,0,3,0,0,13,3,16,0,0,16,3,19,10,0,10,29
08/09/2020,HLG,WV,AEA,CE,Federal Contract Tower,0,0,0,0,0,0,0,18,0,18,0,0,18,0,18,8,0,8,26
08/10/2020,HLG,WV,AEA,CE,Federal Contract Tower,0,0,2,0,2,0,0,16,1,17,0,0,18,1,19,14,0,14,33
08/11/2020,HLG,WV,AEA,CE,Federal Contract Tower,0,3,1,0,4,0,0,32,5,37,0,3,33,5,41,32,16,48,89
08/12/2020,HLG,WV,AEA,CE,Federal Contract Tower,0,0,3,0,3,0,0,31,0,31,0,0,34,0,34,16,0,16,50
08/13/2020,HLG,WV,AEA,CE,Federal Contract Tower,0,2,2,0,4,0,0,20,4,24,0,2,22,4,28,32,50,82,110
08/14/2020,HLG,WV,AEA,CE,Federal Contract Tower,0,0,1,0,1,0,0,22,9,31,0,0,23,9,32,24,50,74,106
08/15/2020,HLG,WV,AEA,CE,Federal Contract Tower,0,0,2,0,2,0,0,13,0,13,0,0,15,0,15,48,0,48,63
08/16/2020,HLG,WV,AEA,CE,Federal Contract Tower,0,2,2,0,4,0,0,9,2,11,0,2,11,2,15,14,0,14,29
08/17/2020,HLG,WV,AEA,CE,Federal Contract Tower,0,0,1,2,3,0,0,12,6,18,0,0,13,8,21,0,20,20,41
08/18/2020,HLG,WV,AEA,CE,Federal Contract Tower,0,4,2,0,6,0,6,32,3,41,0,10,34,3,47,22,46,68,115
08/19/2020,HLG,WV,AEA,CE,Federal Contract Tower,0,1,0,2,3,0,2,45,1,48,0,3,45,3,51,28,12,40,91
08/20/2020,HLG,WV,AEA,CE,Federal Contract Tower,0,1,4,0,5,0,4,18,4,26,0,5,22,4,31,16,32,48,79
08/21/2020,HLG,WV,AEA,CE,Federal Contract Tower,0,2,0,0,2,0,0,23,6,29,0,2,23,6,31,8,0,8,39
08/22/2020,HLG,WV,AEA,CE,Federal Contract Tower,0,0,1,0,1,0,0,28,0,28,0,0,29,0,29,56,0,56,85
08/23/2020,HLG,WV,AEA,CE,Federal Contract Tower,0,0,2,0,2,0,0,25,0,25,0,0,27,0,27,28,0,28,55
08/24/2020,HLG,WV,AEA,CE,Federal Contract Tower,0,0,0,0,0,0,0,34,3,37,0,0,34,3,37,26,0,26,63
08/25/2020,HLG,WV,AEA,CE,Federal Contract Tower,0,0,0,2,2,0,0,12,11,23,0,0,12,13,25,38,44,82,107
08/26/2020,HLG,WV,AEA,CE,Federal Contract Tower,0,2,0,0,2,0,0,13,3,16,0,2,13,3,18,22,28,50,68
08/27/2020,HLG,WV,AEA,CE,Federal Contract Tower,0,0,0,3,3,0,0,17,7,24,0,0,17,10,27,48,44,92,119
08/28/2020,HLG,WV,AEA,CE,Federal Contract Tower,0,0,6,2,8,0,0,2,10,12,0,0,8,12,20,0,42,42,62
08/29/2020,HLG,WV,AEA,CE,Federal Contract Tower,0,1,0,0,1,0,0,4,0,4,0,1,4,0,5,4,0,4,9
08/30/2020,HLG,WV,AEA,CE,Federal Contract Tower,0,0,0,0,0,0,2,13,0,15,0,2,13,0,15,14,0,14,29
08/31/2020,HLG,WV,AEA,CE,Federal Contract Tower,0,1,0,0,1,0,0,11,7,18,0,1,11,7,19,10,20,30,49
09/01/2020,HLG,WV,AEA,CE,Federal Contract Tower,0,5,0,0,5,0,0,29,2,31,0,5,29,2,36,54,34,88,124
09/02/2020,HLG,WV,AEA,CE,Federal Contract Tower,0,1,0,0,1,0,0,4,0,4,0,1,4,0,5,22,0,22,27
09/03/2020,HLG,WV,AEA,CE,Federal Contract Tower,0,2,0,2,4,0,0,0,2,2,0,2,0,4,6,0,8,8,14
09/04/2020,HLG,WV,AEA,CE,Federal Contract Tower,0,1,3,3,7,0,0,17,10,27,0,1,20,13,34,30,24,54,88
09/05/2020,HLG,WV,AEA,CE,Federal Contract Tower,0,3,0,0,3,0,0,17,0,17,0,3,17,0,20,6,0,6,26
09/06/2020,HLG,WV,AEA,CE,Federal Contract Tower,0,0,0,0,0,0,2,25,0,27,0,2,25,0,27,12,0,12,39
09/07/2020,HLG,WV,AEA,CE,Federal Contract Tower,0,2,1,0,3,0,0,18,2,20,0,2,19,2,23,0,6,6,29
09/08/2020,HLG,WV,AEA,CE,Federal Contract Tower,0,3,0,0,3,0,0,33,4,37,0,3,33,4,40,2,16,18,58
09/09/2020,HLG,WV,AEA,CE,Federal Contract Tower,1,2,1,2,6,0,0,14,17,31,1,2,15,19,37,0,62,62,99
09/10/2020,HLG,WV,AEA,CE,Federal Contract Tower,0,3,5,0,8,0,0,23,18,41,0,3,28,18,49,0,64,64,113
09/11/2020,HLG,WV,AEA,CE,Federal Contract Tower,0,2,4,4,10,0,0,23,7,30,0,2,27,11,40,34,20,54,94
09/12/2020,HLG,WV,AEA,CE,Federal Contract Tower,0,0,2,0,2,0,0,7,1,8,0,0,9,1,10,0,0,0,10
09/13/2020,HLG,WV,AEA,CE,Federal Contract Tower,0,0,0,0,0,0,0,3,0,3,0,0,3,0,3,0,0,0,3
09/14/2020,HLG,WV,AEA,CE,Federal Contract Tower,0,1,1,3,5,0,0,39,8,47,0,1,40,11,52,130,26,156,208
09/15/2020,HLG,WV,AEA,CE,Federal Contract Tower,0,0,2,2,4,0,0,19,12,31,0,0,21,14,35,54,62,116,151
09/16/2020,HLG,WV,AEA,CE,Federal Contract Tower,0,0,0,0,0,0,4,28,5,37,0,4,28,5,37,88,36,124,161
09/17/2020,HLG,WV,AEA,CE,Federal Contract Tower,0,0,0,9,9,0,0,14,8,22,0,0,14,17,31,62,28,90,121
09/18/2020,HLG,WV,AEA,CE,Federal Contract Tower,0,2,1,5,8,0,2,7,16,25,0,4,8,21,33,0,44,44,77
09/19/2020,HLG,WV,AEA,CE,Federal Contract Tower,0,0,4,0,4,0,0,9,4,13,0,0,13,4,17,0,12,12,29
09/20/2020,HLG,WV,AEA,CE,Federal Contract Tower,0,0,2,1,3,0,0,21,8,29,0,0,23,9,32,0,38,38,70
09/21/2020,HLG,WV,AEA,CE,Federal Contract Tower,0,0,0,0,0,0,0,21,2,23,0,0,21,2,23,0,12,12,35
09/22/2020,HLG,WV,AEA,CE,Federal Contract Tower,0,8,0,0,8,0,0,16,4,20,0,8,16,4,28,20,76,96,124
09/23/2020,HLG,WV,AEA,CE,Federal Contract Tower,0,0,3,0,3,0,0,35,0,35,0,0,38,0,38,28,0,28,66
09/24/2020,HLG,WV,AEA,CE,Federal Contract Tower,0,0,0,0,0,0,0,14,0,14,0,0,14,0,14,26,0,26,40
09/25/2020,HLG,WV,AEA,CE,Federal Contract Tower,0,0,3,0,3,0,0,25,3,28,0,0,28,3,31,46,0,46,77
09/26/2020,HLG,WV,AEA,CE,Federal Contract Tower,0,0,0,0,0,0,0,22,0,22,0,0,22,0,22,6,0,6,28
09/27/2020,HLG,WV,AEA,CE,Federal Contract Tower,0,0,0,0,0,0,0,12,0,12,0,0,12,0,12,0,0,0,12
09/28/2020,HLG,WV,AEA,CE,Federal Contract Tower,0,2,2,0,4,0,0,23,2,25,0,2,25,2,29,0,12,12,41
09/29/2020,HLG,WV,AEA,CE,Federal Contract Tower,0,9,4,2,15,0,0,15,5,20,0,9,19,7,35,68,18,86,121
09/30/2020,HLG,WV,AEA,CE,Federal Contract Tower,0,2,0,0,2,0,0,7,12,19,0,2,7,12,21,0,40,40,61
10/01/2020,HLG,WV,AEA,CE,Federal Contract Tower,0,3,1,0,4,0,0,18,0,18,0,3,19,0,22,0,0,0,22
10/02/2020,HLG,WV,AEA,CE,Federal Contract Tower,0,0,5,0,5,0,0,6,2,8,0,0,11,2,13,0,0,0,13
10/03/2020,HLG,WV,AEA,CE,Federal Contract Tower,0,0,3,0,3,0,0,13,0,13,0,0,16,0,16,50,0,50,66
10/04/2020,HLG,WV,AEA,CE,Federal Contract Tower,0,0,4,0,4,0,0,7,0,7,0,0,11,0,11,2,0,2,13
10/05/2020,HLG,WV,AEA,CE,Federal Contract Tower,0,2,5,0,7,0,2,8,6,16,0,4,13,6,23,0,32,32,55
10/06/2020,HLG,WV,AEA,CE,Federal Contract Tower,0,0,6,0,6,0,0,18,4,22,0,0,24,4,28,0,6,6,34
10/07/2020,HLG,WV,AEA,CE,Federal Contract Tower,0,0,1,0,1,0,0,2,6,8,0,0,3,6,9,0,38,38,47
10/08/2020,HLG,WV,AEA,CE,Federal Contract Tower,0,2,3,0,5,0,0,22,6,28,0,2,25,6,33,0,34,34,67
10/09/2020,HLG,WV,AEA,CE,Federal Contract Tower,0,0,1,0,1,0,0,24,3,27,0,0,25,3,28,6,0,6,34
10/10/2020,HLG,WV,AEA,CE,Federal Contract Tower,0,0,1,0,1,0,0,6,2,8,0,0,7,2,9,0,0,0,9
10/11/2020,HLG,WV,AEA,CE,Federal Contract Tower,0,0,6,0,6,0,0,6,0,6,0,0,12,0,12,8,0,8,20
10/12/2020,HLG,WV,AEA,CE,Federal Contract Tower,0,4,0,0,4,0,0,12,0,12,0,4,12,0,16,38,0,38,54
10/13/2020,HLG,WV,AEA,CE,Federal Contract Tower,0,0,0,0,0,0,0,32,5,37,0,0,32,5,37,74,10,84,121
10/14/2020,HLG,WV,AEA,CE,Federal Contract Tower,0,0,0,0,0,0,4,20,2,26,0,4,20,2,26,0,8,8,34
10/15/2020,HLG,WV,AEA,CE,Federal Contract Tower,0,0,3,0,3,0,4,16,2,22,0,4,19,2,25,0,12,12,37
10/16/2020,HLG,WV,AEA,CE,Federal Contract Tower,0,2,3,7,12,0,4,16,14,34,0,6,19,21,46,10,34,44,90
10/17/2020,HLG,WV,AEA,CE,Federal Contract Tower,0,0,7,0,7,0,0,26,16,42,0,0,33,16,49,28,28,56,105
10/18/2020,HLG,WV,AEA,CE,Federal Contract Tower,0,0,4,0,4,0,0,25,8,33,0,0,29,8,37,50,28,78,115
10/19/2020,HLG,WV,AEA,CE,Federal Contract Tower,0,2,4,0,6,0,0,0,6,6,0,2,4,6,12,0,66,66,78
10/20/2020,HLG,WV,AEA,CE,Federal Contract Tower,0,4,0,0,4,0,0,0,0,0,0,4,0,0,4,0,0,0,4
10/21/2020,HLG,WV,AEA,CE,Federal Contract Tower,0,0,0,0,0,0,2,8,0,10,0,2,8,0,10,0,0,0,10
10/22/2020,HLG,WV,AEA,CE,Federal Contract Tower,0,3,6,0,9,0,0,36,0,36,0,3,42,0,45,8,0,8,53
10/23/2020,HLG,WV,AEA,CE,Federal Contract Tower,0,1,4,1,6,0,3,23,13,39,0,4,27,14,45,26,48,74,119
10/24/2020,HLG,WV,AEA,CE,Federal Contract Tower,0,2,0,4,6,0,0,6,7,13,0,2,6,11,19,0,64,64,83
10/25/2020,HLG,WV,AEA,CE,Federal Contract Tower,0,0,0,6,6,0,0,17,14,31,0,0,17,20,37,18,72,90,127
10/26/2020,HLG,WV,AEA,CE,Federal Contract Tower,0,0,0,0,0,0,0,0,0,0,0,0,0,0,0,0,0,0,0
10/27/2020,HLG,WV,AEA,CE,Federal Contract Tower,0,2,2,2,6,0,0,6,8,14,0,2,8,10,20,0,116,116,136
10/28/2020,HLG,WV,AEA,CE,Federal Contract Tower,0,6,2,0,8,0,2,4,0,6,0,8,6,0,14,0,0,0,14
10/29/2020,HLG,WV,AEA,CE,Federal Contract Tower,0,0,0,2,2,0,0,0,0,0,0,0,0,2,2,0,32,32,34
10/30/2020,HLG,WV,AEA,CE,Federal Contract Tower,0,2,0,1,3,0,0,9,6,15,0,2,9,7,18,0,0,0,18
10/31/2020,HLG,WV,AEA,CE,Federal Contract Tower,0,0,1,0,1,0,0,38,1,39,0,0,39,1,40,60,0,60,100
11/01/2020,HLG,WV,AEA,CE,Federal Contract Tower,0,0,0,0,0,0,0,0,0,0,0,0,0,0,0,0,0,0,0
11/02/2020,HLG,WV,AEA,CE,Federal Contract Tower,0,2,0,0,2,0,0,4,7,11,0,2,4,7,13,0,32,32,45
11/03/2020,HLG,WV,AEA,CE,Federal Contract Tower,0,0,0,0,0,0,0,16,2,18,0,0,16,2,18,6,6,12,30
11/04/2020,HLG,WV,AEA,CE,Federal Contract Tower,0,0,1,1,2,0,2,33,1,36,0,2,34,2,38,24,0,24,62
11/05/2020,HLG,WV,AEA,CE,Federal Contract Tower,0,0,0,0,0,0,0,10,10,20,0,0,10,10,20,16,30,46,66
11/06/2020,HLG,WV,AEA,CE,Federal Contract Tower,0,0,3,0,3,0,0,18,29,47,0,0,21,29,50,4,134,138,188
11/07/2020,HLG,WV,AEA,CE,Federal Contract Tower,0,0,2,3,5,0,0,43,14,57,0,0,45,17,62,0,20,20,82
11/08/2020,HLG,WV,AEA,CE,Federal Contract Tower,0,0,2,4,6,0,2,25,9,36,0,2,27,13,42,36,22,58,100
11/09/2020,HLG,WV,AEA,CE,Federal Contract Tower,0,1,0,0,1,0,0,21,10,31,0,1,21,10,32,20,78,98,130
11/10/2020,HLG,WV,AEA,CE,Federal Contract Tower,0,1,0,4,5,0,0,35,8,43,0,1,35,12,48,20,76,96,144
11/11/2020,HLG,WV,AEA,CE,Federal Contract Tower,0,2,0,2,4,0,0,0,3,3,0,2,0,5,7,0,12,12,19
11/12/2020,HLG,WV,AEA,CE,Federal Contract Tower,0,2,0,3,5,0,0,39,16,55,0,2,39,19,60,12,52,64,124
11/13/2020,HLG,WV,AEA,CE,Federal Contract Tower,0,6,0,1,7,0,0,28,10,38,0,6,28,11,45,12,34,46,91
11/14/2020,HLG,WV,AEA,CE,Federal Contract Tower,0,0,2,0,2,0,0,17,0,17,0,0,19,0,19,10,0,10,29
11/15/2020,HLG,WV,AEA,CE,Federal Contract Tower,0,0,0,0,0,0,0,0,0,0,0,0,0,0,0,0,0,0,0
11/16/2020,HLG,WV,AEA,CE,Federal Contract Tower,0,2,0,0,2,0,0,23,4,27,0,2,23,4,29,52,16,68,97
11/17/2020,HLG,WV,AEA,CE,Federal Contract Tower,0,0,0,0,0,0,0,9,8,17,0,0,9,8,17,0,4,4,21
11/18/2020,HLG,WV,AEA,CE,Federal Contract Tower,0,2,2,0,4,0,0,15,0,15,0,2,17,0,19,32,0,32,51
11/19/2020,HLG,WV,AEA,CE,Federal Contract Tower,2,0,0,0,2,0,0,26,3,29,2,0,26,3,31,52,12,64,95
11/20/2020,HLG,WV,AEA,CE,Federal Contract Tower,0,0,0,0,0,0,4,17,30,51,0,4,17,30,51,2,130,132,183
11/21/2020,HLG,WV,AEA,CE,Federal Contract Tower,0,2,10,2,14,0,0,0,10,10,0,2,10,12,24,0,116,116,140
11/22/2020,HLG,WV,AEA,CE,Federal Contract Tower,0,2,4,0,6,0,0,10,11,21,0,2,14,11,27,18,42,60,87
11/23/2020,HLG,WV,AEA,CE,Federal Contract Tower,0,0,0,4,4,0,2,7,7,16,0,2,7,11,20,0,26,26,46
11/24/2020,HLG,WV,AEA,CE,Federal Contract Tower,0,3,4,0,7,0,0,26,6,32,0,3,30,6,39,0,4,4,43
11/25/2020,HLG,WV,AEA,CE,Federal Contract Tower,0,2,1,0,3,0,2,6,0,8,0,4,7,0,11,0,0,0,11
11/26/2020,HLG,WV,AEA,CE,Federal Contract Tower,0,0,0,0,0,0,2,0,0,2,0,2,0,0,2,0,0,0,2
11/27/2020,HLG,WV,AEA,CE,Federal Contract Tower,0,1,0,0,1,0,0,10,0,10,0,1,10,0,11,0,0,0,11
11/28/2020,HLG,WV,AEA,CE,Federal Contract Tower,0,0,0,0,0,0,3,24,0,27,0,3,24,0,27,2,0,2,29
11/29/2020,HLG,WV,AEA,CE,Federal Contract Tower,0,0,6,0,6,0,0,52,2,54,0,0,58,2,60,22,0,22,82
11/30/2020,HLG,WV,AEA,CE,Federal Contract Tower,0,0,0,0,0,0,0,0,0,0,0,0,0,0,0,0,0,0,0
12/01/2020,HLG,WV,AEA,CE,Federal Contract Tower,0,0,0,0,0,0,0,0,0,0,0,0,0,0,0,0,0,0,0
12/02/2020,HLG,WV,AEA,CE,Federal Contract Tower,0,2,0,0,2,0,0,17,2,19,0,2,17,2,21,6,8,14,35
12/03/2020,HLG,WV,AEA,CE,Federal Contract Tower,0,4,2,0,6,0,6,28,0,34,0,10,30,0,40,24,0,24,64
12/04/2020,HLG,WV,AEA,CE,Federal Contract Tower,0,0,0,0,0,0,2,11,8,21,0,2,11,8,21,0,24,24,45
12/05/2020,HLG,WV,AEA,CE,Federal Contract Tower,0,0,2,0,2,0,6,10,0,16,0,6,12,0,18,0,0,0,18
12/06/2020,HLG,WV,AEA,CE,Federal Contract Tower,0,0,1,0,1,0,0,11,0,11,0,0,12,0,12,12,0,12,24
12/07/2020,HLG,WV,AEA,CE,Federal Contract Tower,0,2,0,0,2,0,0,16,0,16,0,2,16,0,18,28,40,68,86
12/08/2020,HLG,WV,AEA,CE,Federal Contract Tower,0,0,0,0,0,0,6,25,6,37,0,6,25,6,37,36,54,90,127
12/09/2020,HLG,WV,AEA,CE,Federal Contract Tower,0,2,1,0,3,0,0,12,7,19,0,2,13,7,22,44,24,68,90
12/10/2020,HLG,WV,AEA,CE,Federal Contract Tower,0,2,2,0,4,0,2,26,5,33,0,4,28,5,37,198,0,198,235
12/11/2020,HLG,WV,AEA,CE,Federal Contract Tower,0,0,2,0,2,0,2,24,9,35,0,2,26,9,37,10,60,70,107
12/12/2020,HLG,WV,AEA,CE,Federal Contract Tower,0,0,0,0,0,0,0,5,0,5,0,0,5,0,5,0,0,0,5
12/13/2020,HLG,WV,AEA,CE,Federal Contract Tower,0,0,1,0,1,0,0,2,2,4,0,0,3,2,5,0,0,0,5
12/14/2020,HLG,WV,AEA,CE,Federal Contract Tower,0,2,0,0,2,0,0,8,0,8,0,2,8,0,10,0,0,0,10
12/15/2020,HLG,WV,AEA,CE,Federal Contract Tower,0,4,2,4,10,0,0,15,16,31,0,4,17,20,41,18,66,84,125
12/16/2020,HLG,WV,AEA,CE,Federal Contract Tower,0,0,1,0,1,0,0,2,0,2,0,0,3,0,3,0,0,0,3
12/17/2020,HLG,WV,AEA,CE,Federal Contract Tower,0,0,0,0,0,0,0,0,0,0,0,0,0,0,0,0,0,0,0
12/18/2020,HLG,WV,AEA,CE,Federal Contract Tower,0,0,0,0,0,0,0,9,12,21,0,0,9,12,21,78,72,150,171
12/19/2020,HLG,WV,AEA,CE,Federal Contract Tower,0,1,2,0,3,0,0,18,15,33,0,1,20,15,36,22,22,44,80
12/20/2020,HLG,WV,AEA,CE,Federal Contract Tower,0,0,1,0,1,0,0,4,0,4,0,0,5,0,5,14,0,14,19
12/21/2020,HLG,WV,AEA,CE,Federal Contract Tower,0,2,2,0,4,0,0,6,4,10,0,2,8,4,14,0,24,24,38
12/22/2020,HLG,WV,AEA,CE,Federal Contract Tower,0,0,1,1,2,0,0,12,13,25,0,0,13,14,27,0,54,54,81
12/23/2020,HLG,WV,AEA,CE,Federal Contract Tower,0,0,0,0,0,0,0,27,5,32,0,0,27,5,32,73,0,73,105
12/24/2020,HLG,WV,AEA,CE,Federal Contract Tower,0,0,0,0,0,0,0,0,0,0,0,0,0,0,0,0,0,0,0
12/25/2020,HLG,WV,AEA,CE,Federal Contract Tower,0,0,0,0,0,0,0,0,0,0,0,0,0,0,0,0,0,0,0
12/26/2020,HLG,WV,AEA,CE,Federal Contract Tower,0,0,0,0,0,0,0,5,0,5,0,0,5,0,5,0,0,0,5
12/27/2020,HLG,WV,AEA,CE,Federal Contract Tower,0,0,0,0,0,0,0,12,0,12,0,0,12,0,12,18,0,18,30
12/28/2020,HLG,WV,AEA,CE,Federal Contract Tower,0,0,1,0,1,0,0,23,2,25,0,0,24,2,26,96,26,122,148
12/29/2020,HLG,WV,AEA,CE,Federal Contract Tower,0,0,0,1,1,0,2,27,2,31,0,2,27,3,32,8,0,8,40
12/30/2020,HLG,WV,AEA,CE,Federal Contract Tower,0,2,0,0,2,0,0,9,0,9,0,2,9,0,11,4,0,4,15
12/31/2020,HLG,WV,AEA,CE,Federal Contract Tower,0,0,0,0,0,0,0,12,0,12,0,0,12,0,12,0,0,0,12
01/01/2021,HLG,WV,AEA,CE,Federal Contract Tower,0,0,0,0,0,0,0,0,0,0,0,0,0,0,0,0,0,0,0
01/02/2021,HLG,WV,AEA,CE,Federal Contract Tower,0,0,6,0,6,0,0,2,0,2,0,0,8,0,8,0,0,0,8
01/03/2021,HLG,WV,AEA,CE,Federal Contract Tower,0,0,2,0,2,0,0,0,0,0,0,0,2,0,2,0,0,0,2
01/04/2021,HLG,WV,AEA,CE,Federal Contract Tower,0,0,0,0,0,0,0,2,0,2,0,0,2,0,2,0,0,0,2
01/05/2021,HLG,WV,AEA,CE,Federal Contract Tower,0,2,0,0,2,0,4,1,8,13,0,6,1,8,15,8,60,68,83
01/06/2021,HLG,WV,AEA,CE,Federal Contract Tower,0,0,0,0,0,0,0,10,3,13,0,0,10,3,13,14,22,36,49
01/07/2021,HLG,WV,AEA,CE,Federal Contract Tower,0,0,0,0,0,0,7,8,5,20,0,7,8,5,20,0,10,10,30
01/08/2021,HLG,WV,AEA,CE,Federal Contract Tower,0,0,2,1,3,0,0,13,6,19,0,0,15,7,22,2,16,18,40
01/09/2021,HLG,WV,AEA,CE,Federal Contract Tower,0,0,6,3,9,0,0,18,5,23,0,0,24,8,32,24,12,36,68
01/10/2021,HLG,WV,AEA,CE,Federal Contract Tower,0,0,10,11,21,0,0,27,16,43,0,0,37,27,64,12,18,30,94
01/11/2021,HLG,WV,AEA,CE,Federal Contract Tower,0,0,0,0,0,0,0,21,2,23,0,0,21,2,23,0,22,22,45
01/12/2021,HLG,WV,AEA,CE,Federal Contract Tower,0,1,0,0,1,0,0,3,8,11,0,1,3,8,12,0,32,32,44
01/13/2021,HLG,WV,AEA,CE,Federal Contract Tower,0,0,0,0,0,0,0,14,6,20,0,0,14,6,20,0,40,40,60
01/14/2021,HLG,WV,AEA,CE,Federal Contract Tower,0,0,0,0,0,0,2,15,2,19,0,2,15,2,19,8,18,26,45
01/15/2021,HLG,WV,AEA,CE,Federal Contract Tower,0,0,0,0,0,0,0,0,2,2,0,0,0,2,2,0,0,0,2
01/16/2021,HLG,WV,AEA,CE,Federal Contract Tower,0,0,0,0,0,0,0,4,0,4,0,0,4,0,4,4,0,4,8
01/17/2021,HLG,WV,AEA,CE,Federal Contract Tower,0,0,0,2,2,0,0,2,0,2,0,0,2,2,4,0,0,0,4
01/18/2021,HLG,WV,AEA,CE,Federal Contract Tower,0,1,0,0,1,0,0,9,0,9,0,1,9,0,10,0,0,0,10
01/19/2021,HLG,WV,AEA,CE,Federal Contract Tower,0,2,0,0,2,0,0,12,2,14,0,2,12,2,16,0,0,0,16
01/20/2021,HLG,WV,AEA,CE,Federal Contract Tower,0,0,0,0,0,0,0,8,3,11,0,0,8,3,11,10,14,24,35
01/21/2021,HLG,WV,AEA,CE,Federal Contract Tower,0,2,2,0,4,0,0,18,7,25,0,2,20,7,29,0,62,62,91
01/22/2021,HLG,WV,AEA,CE,Federal Contract Tower,0,0,3,0,3,0,4,21,11,36,0,4,24,11,39,0,54,54,93
01/23/2021,HLG,WV,AEA,CE,Federal Contract Tower,0,0,3,3,6,0,0,23,12,35,0,0,26,15,41,6,28,34,75
01/24/2021,HLG,WV,AEA,CE,Federal Contract Tower,0,0,7,2,9,0,0,11,9,20,0,0,18,11,29,4,46,50,79
01/25/2021,HLG,WV,AEA,CE,Federal Contract Tower,0,0,0,0,0,0,0,0,0,0,0,0,0,0,0,0,0,0,0
01/26/2021,HLG,WV,AEA,CE,Federal Contract Tower,0,0,0,0,0,0,0,0,8,8,0,0,0,8,8,0,76,76,84
01/27/2021,HLG,WV,AEA,CE,Federal Contract Tower,0,0,3,0,3,0,0,32,11,43,0,0,35,11,46,66,66,132,178
01/28/2021,HLG,WV,AEA,CE,Federal Contract Tower,0,2,0,1,3,0,0,7,10,17,0,2,7,11,20,0,90,90,110
01/29/2021,HLG,WV,AEA,CE,Federal Contract Tower,0,0,1,2,3,0,0,18,5,23,0,0,19,7,26,0,32,32,58
01/30/2021,HLG,WV,AEA,CE,Federal Contract Tower,0,0,1,0,1,0,0,24,1,25,0,0,25,1,26,10,0,10,36
01/31/2021,HLG,WV,AEA,CE,Federal Contract Tower,0,0,0,0,0,0,0,0,0,0,0,0,0,0,0,0,0,0,0
02/01/2021,HLG,WV,AEA,CE,Federal Contract Tower,0,2,0,0,2,0,0,0,0,0,0,2,0,0,2,0,0,0,2
02/02/2021,HLG,WV,AEA,CE,Federal Contract Tower,0,0,2,0,2,0,0,14,8,22,0,0,16,8,24,0,0,0,24
02/03/2021,HLG,WV,AEA,CE,Federal Contract Tower,0,0,0,2,2,0,0,5,2,7,0,0,5,4,9,0,8,8,17
02/04/2021,HLG,WV,AEA,CE,Federal Contract Tower,0,0,2,0,2,0,0,18,7,25,0,0,20,7,27,12,26,38,65
02/05/2021,HLG,WV,AEA,CE,Federal Contract Tower,0,0,0,3,3,0,0,5,34,39,0,0,5,37,42,0,136,136,178
02/06/2021,HLG,WV,AEA,CE,Federal Contract Tower,0,0,4,1,5,0,0,14,12,26,0,0,18,13,31,36,40,76,107
02/07/2021,HLG,WV,AEA,CE,Federal Contract Tower,0,0,4,0,4,0,0,13,6,19,0,0,17,6,23,0,4,4,27
02/08/2021,HLG,WV,AEA,CE,Federal Contract Tower,0,0,0,0,0,0,4,13,2,19,0,4,13,2,19,4,0,4,23
02/09/2021,HLG,WV,AEA,CE,Federal Contract Tower,0,0,0,0,0,0,0,0,0,0,0,0,0,0,0,0,0,0,0
02/10/2021,HLG,WV,AEA,CE,Federal Contract Tower,0,2,2,0,4,0,0,2,0,2,0,2,4,0,6,0,0,0,6
02/11/2021,HLG,WV,AEA,CE,Federal Contract Tower,0,0,0,0,0,0,0,2,0,2,0,0,2,0,2,0,0,0,2
02/12/2021,HLG,WV,AEA,CE,Federal Contract Tower,0,0,0,0,0,0,0,6,2,8,0,0,6,2,8,0,0,0,8
02/13/2021,HLG,WV,AEA,CE,Federal Contract Tower,0,0,0,0,0,0,0,2,0,2,0,0,2,0,2,0,0,0,2
02/14/2021,HLG,WV,AEA,CE,Federal Contract Tower,0,0,0,0,0,0,0,3,0,3,0,0,3,0,3,0,0,0,3
02/15/2021,HLG,WV,AEA,CE,Federal Contract Tower,0,0,0,0,0,0,0,0,0,0,0,0,0,0,0,0,0,0,0
02/16/2021,HLG,WV,AEA,CE,Federal Contract Tower,0,0,0,0,0,0,0,0,0,0,0,0,0,0,0,0,0,0,0
02/17/2021,HLG,WV,AEA,CE,Federal Contract Tower,0,0,0,0,0,0,4,8,3,15,0,4,8,3,15,0,8,8,23
02/18/2021,HLG,WV,AEA,CE,Federal Contract Tower,0,0,0,0,0,0,0,0,0,0,0,0,0,0,0,0,0,0,0
02/19/2021,HLG,WV,AEA,CE,Federal Contract Tower,0,0,0,2,2,0,0,3,17,20,0,0,3,19,22,0,80,80,102
02/20/2021,HLG,WV,AEA,CE,Federal Contract Tower,0,0,0,0,0,0,0,0,17,17,0,0,0,17,17,0,118,118,135
02/21/2021,HLG,WV,AEA,CE,Federal Contract Tower,0,0,2,3,5,0,0,25,8,33,0,0,27,11,38,8,22,30,68
02/22/2021,HLG,WV,AEA,CE,Federal Contract Tower,0,0,0,0,0,0,0,0,0,0,0,0,0,0,0,0,0,0,0
02/23/2021,HLG,WV,AEA,CE,Federal Contract Tower,0,0,1,0,1,0,0,4,9,13,0,0,5,9,14,0,74,74,88
02/24/2021,HLG,WV,AEA,CE,Federal Contract Tower,0,4,0,1,5,0,0,4,11,15,0,4,4,12,20,0,38,38,58
02/25/2021,HLG,WV,AEA,CE,Federal Contract Tower,0,4,2,0,6,0,0,17,11,28,0,4,19,11,34,2,42,44,78
02/26/2021,HLG,WV,AEA,CE,Federal Contract Tower,0,0,0,2,2,0,4,4,10,18,0,4,4,12,20,0,38,38,58
02/27/2021,HLG,WV,AEA,CE,Federal Contract Tower,0,0,0,0,0,0,0,4,0,4,0,0,4,0,4,22,0,22,26
02/28/2021,HLG,WV,AEA,CE,Federal Contract Tower,0,0,0,0,0,0,0,0,0,0,0,0,0,0,0,0,0,0,0
03/01/2021,HLG,WV,AEA,CE,Federal Contract Tower,0,0,2,0,2,0,0,0,0,0,0,0,2,0,2,0,0,0,2
03/02/2021,HLG,WV,AEA,CE,Federal Contract Tower,0,0,4,0,4,0,0,12,1,13,0,0,16,1,17,14,0,14,31
03/03/2021,HLG,WV,AEA,CE,Federal Contract Tower,0,0,1,0,1,0,1,17,2,20,0,1,18,2,21,0,0,0,21
03/04/2021,HLG,WV,AEA,CE,Federal Contract Tower,0,0,0,0,0,0,2,6,4,12,0,2,6,4,12,0,28,28,40
03/05/2021,HLG,WV,AEA,CE,Federal Contract Tower,0,1,1,0,2,0,0,16,22,38,0,1,17,22,40,0,96,96,136
03/06/2021,HLG,WV,AEA,CE,Federal Contract Tower,0,0,4,6,10,0,0,14,20,34,0,0,18,26,44,0,64,64,108
03/07/2021,HLG,WV,AEA,CE,Federal Contract Tower,0,0,7,1,8,0,0,29,15,44,0,0,36,16,52,22,70,92,144
03/08/2021,HLG,WV,AEA,CE,Federal Contract Tower,0,0,0,0,0,0,0,19,13,32,0,0,19,13,32,0,52,52,84
03/09/2021,HLG,WV,AEA,CE,Federal Contract Tower,0,3,2,0,5,0,0,18,4,22,0,3,20,4,27,0,78,78,105
03/10/2021,HLG,WV,AEA,CE,Federal Contract Tower,0,1,0,2,3,0,0,6,16,22,0,1,6,18,25,0,84,84,109
03/11/2021,HLG,WV,AEA,CE,Federal Contract Tower,0,0,0,1,1,0,0,0,10,10,0,0,0,11,11,0,46,46,57
03/12/2021,HLG,WV,AEA,CE,Federal Contract Tower,0,0,0,0,0,0,4,34,14,52,0,4,34,14,52,0,46,46,98
03/13/2021,HLG,WV,AEA,CE,Federal Contract Tower,0,2,4,0,6,0,0,10,0,10,0,2,14,0,16,0,0,0,16
03/14/2021,HLG,WV,AEA,CE,Federal Contract Tower,0,1,5,0,6,0,0,7,0,7,0,1,12,0,13,0,0,0,13
03/15/2021,HLG,WV,AEA,CE,Federal Contract Tower,0,0,1,0,1,0,0,13,0,13,0,0,14,0,14,4,0,4,18
03/16/2021,HLG,WV,AEA,CE,Federal Contract Tower,0,1,5,2,8,0,0,10,0,10,0,1,15,2,18,4,8,12,30
03/17/2021,HLG,WV,AEA,CE,Federal Contract Tower,0,3,4,0,7,0,0,32,3,35,0,3,36,3,42,2,4,6,48
03/18/2021,HLG,WV,AEA,CE,Federal Contract Tower,0,0,0,0,0,0,0,0,0,0,0,0,0,0,0,0,0,0,0
03/19/2021,HLG,WV,AEA,CE,Federal Contract Tower,0,0,4,2,6,0,0,11,13,24,0,0,15,15,30,0,72,72,102
03/20/2021,HLG,WV,AEA,CE,Federal Contract Tower,0,0,0,7,7,0,0,16,10,26,0,0,16,17,33,0,30,30,63
03/21/2021,HLG,WV,AEA,CE,Federal Contract Tower,0,0,4,6,10,0,0,38,8,46,0,0,42,14,56,36,18,54,110
03/22/2021,HLG,WV,AEA,CE,Federal Contract Tower,0,2,0,0,2,0,0,33,4,37,0,2,33,4,39,30,12,42,81
03/23/2021,HLG,WV,AEA,CE,Federal Contract Tower,0,0,0,0,0,0,0,19,3,22,0,0,19,3,22,6,18,24,46
03/24/2021,HLG,WV,AEA,CE,Federal Contract Tower,0,2,2,0,4,0,0,17,4,21,0,2,19,4,25,22,8,30,55
03/25/2021,HLG,WV,AEA,CE,Federal Contract Tower,0,0,0,0,0,0,0,19,3,22,0,0,19,3,22,30,10,40,62
03/26/2021,HLG,WV,AEA,CE,Federal Contract Tower,0,0,0,0,0,0,0,2,0,2,0,0,2,0,2,0,0,0,2
03/27/2021,HLG,WV,AEA,CE,Federal Contract Tower,0,0,0,0,0,0,0,14,0,14,0,0,14,0,14,0,0,0,14
03/28/2021,HLG,WV,AEA,CE,Federal Contract Tower,0,0,0,0,0,0,0,0,0,0,0,0,0,0,0,0,0,0,0
03/29/2021,HLG,WV,AEA,CE,Federal Contract Tower,0,0,0,0,0,0,0,33,2,35,0,0,33,2,35,2,0,2,37
03/30/2021,HLG,WV,AEA,CE,Federal Contract Tower,0,0,1,2,3,0,4,22,9,35,0,4,23,11,38,20,56,76,114
03/31/2021,HLG,WV,AEA,CE,Federal Contract Tower,0,0,1,2,3,0,0,0,1,1,0,0,1,3,4,0,68,68,72
04/01/2021,HLG,WV,AEA,CE,Federal Contract Tower,0,0,0,2,2,0,0,5,4,9,0,0,5,6,11,0,64,64,75
04/02/2021,HLG,WV,AEA,CE,Federal Contract Tower,0,0,0,2,2,0,14,32,2,48,0,14,32,4,50,18,20,38,88
04/03/2021,HLG,WV,AEA,CE,Federal Contract Tower,0,1,0,0,1,0,0,11,3,14,0,1,11,3,15,22,0,22,37
04/04/2021,HLG,WV,AEA,CE,Federal Contract Tower,0,0,0,0,0,0,4,13,0,17,0,4,13,0,17,10,0,10,27
04/05/2021,HLG,WV,AEA,CE,Federal Contract Tower,0,0,0,0,0,0,0,22,0,22,0,0,22,0,22,2,0,2,24
04/06/2021,HLG,WV,AEA,CE,Federal Contract Tower,0,3,1,0,4,0,2,28,2,32,0,5,29,2,36,44,0,44,80
04/07/2021,HLG,WV,AEA,CE,Federal Contract Tower,0,2,4,0,6,0,0,46,6,52,0,2,50,6,58,4,38,42,100
04/08/2021,HLG,WV,AEA,CE,Federal Contract Tower,0,2,0,0,2,0,0,14,9,23,0,2,14,9,25,6,26,32,57
04/09/2021,HLG,WV,AEA,CE,Federal Contract Tower,0,2,7,1,10,0,4,8,21,33,0,6,15,22,43,4,100,104,147
04/10/2021,HLG,WV,AEA,CE,Federal Contract Tower,0,0,5,0,5,0,0,11,0,11,0,0,16,0,16,4,0,4,20
04/11/2021,HLG,WV,AEA,CE,Federal Contract Tower,0,0,4,6,10,0,0,5,6,11,0,0,9,12,21,0,24,24,45
04/12/2021,HLG,WV,AEA,CE,Federal Contract Tower,0,1,3,0,4,0,0,2,2,4,0,1,5,2,8,0,42,42,50
04/13/2021,HLG,WV,AEA,CE,Federal Contract Tower,0,1,0,0,1,0,0,20,6,26,0,1,20,6,27,0,34,34,61
04/14/2021,HLG,WV,AEA,CE,Federal Contract Tower,0,0,0,0,0,0,2,13,2,17,0,2,13,2,17,0,0,0,17
04/15/2021,HLG,WV,AEA,CE,Federal Contract Tower,0,3,0,0,3,0,1,18,0,19,0,4,18,0,22,8,0,8,30
04/16/2021,HLG,WV,AEA,CE,Federal Contract Tower,0,2,0,0,2,0,2,14,9,25,0,4,14,9,27,4,18,22,49
04/17/2021,HLG,WV,AEA,CE,Federal Contract Tower,0,0,2,0,2,0,0,12,4,16,0,0,14,4,18,0,4,4,22
04/18/2021,HLG,WV,AEA,CE,Federal Contract Tower,0,0,11,0,11,0,1,28,5,34,0,1,39,5,45,20,18,38,83
04/19/2021,HLG,WV,AEA,CE,Federal Contract Tower,0,0,3,0,3,0,0,29,1,30,0,0,32,1,33,14,0,14,47
04/20/2021,HLG,WV,AEA,CE,Federal Contract Tower,0,0,0,0,0,0,0,17,6,23,0,0,17,6,23,0,4,4,27
04/21/2021,HLG,WV,AEA,CE,Federal Contract Tower,0,2,0,0,2,0,0,2,1,3,0,2,2,1,5,0,0,0,5
04/22/2021,HLG,WV,AEA,CE,Federal Contract Tower,0,4,0,0,4,0,0,25,2,27,0,4,25,2,31,0,8,8,39
04/23/2021,HLG,WV,AEA,CE,Federal Contract Tower,0,0,3,8,11,0,6,27,12,45,0,6,30,20,56,4,8,12,68
04/24/2021,HLG,WV,AEA,CE,Federal Contract Tower,0,0,2,0,2,0,2,15,0,17,0,2,17,0,19,12,0,12,31
04/25/2021,HLG,WV,AEA,CE,Federal Contract Tower,0,2,2,0,4,0,0,15,2,17,0,2,17,2,21,26,32,58,79
04/26/2021,HLG,WV,AEA,CE,Federal Contract Tower,0,2,2,0,4,0,0,28,0,28,0,2,30,0,32,2,0,2,34
04/27/2021,HLG,WV,AEA,CE,Federal Contract Tower,0,0,0,0,0,0,0,15,5,20,0,0,15,5,20,0,16,16,36
04/28/2021,HLG,WV,AEA,CE,Federal Contract Tower,0,0,0,0,0,0,0,15,2,17,0,0,15,2,17,2,4,6,23
04/29/2021,HLG,WV,AEA,CE,Federal Contract Tower,0,0,0,0,0,0,0,0,0,0,0,0,0,0,0,0,0,0,0
04/30/2021,HLG,WV,AEA,CE,Federal Contract Tower,0,1,2,0,3,0,4,4,10,18,0,5,6,10,21,0,6,6,27
05/01/2021,HLG,WV,AEA,CE,Federal Contract Tower,0,1,1,0,2,0,0,25,3,28,0,1,26,3,30,34,10,44,74
05/02/2021,HLG,WV,AEA,CE,Federal Contract Tower,0,0,0,0,0,0,2,19,7,28,0,2,19,7,28,14,10,24,52
05/03/2021,HLG,WV,AEA,CE,Federal Contract Tower,0,2,0,4,6,0,0,2,2,4,0,2,2,6,10,0,0,0,10
05/04/2021,HLG,WV,AEA,CE,Federal Contract Tower,0,2,0,0,2,0,0,2,0,2,0,2,2,0,4,0,26,26,30
05/05/2021,HLG,WV,AEA,CE,Federal Contract Tower,0,0,0,1,1,0,0,4,6,10,0,0,4,7,11,0,24,24,35
05/06/2021,HLG,WV,AEA,CE,Federal Contract Tower,0,0,0,0,0,0,0,39,6,45,0,0,39,6,45,18,24,42,87
05/07/2021,HLG,WV,AEA,CE,Federal Contract Tower,0,0,1,4,5,0,2,6,7,15,0,2,7,11,20,0,30,30,50
05/08/2021,HLG,WV,AEA,CE,Federal Contract Tower,0,0,3,0,3,0,0,11,0,11,0,0,14,0,14,22,0,22,36
05/09/2021,HLG,WV,AEA,CE,Federal Contract Tower,0,0,2,0,2,0,0,0,0,0,0,0,2,0,2,0,0,0,2
05/10/2021,HLG,WV,AEA,CE,Federal Contract Tower,0,0,0,2,2,0,0,2,6,8,0,0,2,8,10,0,26,26,36
05/11/2021,HLG,WV,AEA,CE,Federal Contract Tower,0,0,0,0,0,0,0,8,14,22,0,0,8,14,22,0,52,52,74
05/12/2021,HLG,WV,AEA,CE,Federal Contract Tower,0,0,3,0,3,0,2,33,4,39,0,2,36,4,42,2,12,14,56
05/13/2021,HLG,WV,AEA,CE,Federal Contract Tower,0,4,12,1,17,0,0,39,7,46,0,4,51,8,63,12,36,48,111
05/14/2021,HLG,WV,AEA,CE,Federal Contract Tower,0,0,0,0,0,0,0,31,3,34,0,0,31,3,34,0,24,24,58
05/15/2021,HLG,WV,AEA,CE,Federal Contract Tower,0,0,2,0,2,0,0,24,0,24,0,0,26,0,26,14,0,14,40
05/16/2021,HLG,WV,AEA,CE,Federal Contract Tower,0,0,3,0,3,0,0,14,0,14,0,0,17,0,17,2,0,2,19
05/17/2021,HLG,WV,AEA,CE,Federal Contract Tower,0,2,0,0,2,0,0,9,0,9,0,2,9,0,11,0,22,22,33
05/18/2021,HLG,WV,AEA,CE,Federal Contract Tower,0,5,0,0,5,0,0,24,3,27,0,5,24,3,32,0,16,16,48
05/19/2021,HLG,WV,AEA,CE,Federal Contract Tower,0,0,4,0,4,0,1,22,6,29,0,1,26,6,33,10,0,10,43
05/20/2021,HLG,WV,AEA,CE,Federal Contract Tower,0,4,0,2,6,0,0,20,7,27,0,4,20,9,33,0,30,30,63
05/21/2021,HLG,WV,AEA,CE,Federal Contract Tower,0,1,0,2,3,0,2,19,7,28,0,3,19,9,31,18,12,30,61
05/22/2021,HLG,WV,AEA,CE,Federal Contract Tower,0,0,1,0,1,0,2,15,0,17,0,2,16,0,18,6,0,6,24
05/23/2021,HLG,WV,AEA,CE,Federal Contract Tower,0,2,4,0,6,0,4,14,0,18,0,6,18,0,24,6,0,6,30
05/24/2021,HLG,WV,AEA,CE,Federal Contract Tower,0,0,0,4,4,0,0,1,4,5,0,0,1,8,9,0,0,0,9
05/25/2021,HLG,WV,AEA,CE,Federal Contract Tower,0,0,4,1,5,0,0,10,2,12,0,0,14,3,17,24,36,60,77
05/26/2021,HLG,WV,AEA,CE,Federal Contract Tower,0,0,3,0,3,0,0,9,2,11,0,0,12,2,14,0,4,4,18
05/27/2021,HLG,WV,AEA,CE,Federal Contract Tower,0,0,4,6,10,0,0,17,7,24,0,0,21,13,34,14,38,52,86
05/28/2021,HLG,WV,AEA,CE,Federal Contract Tower,0,0,0,0,0,0,0,0,0,0,0,0,0,0,0,0,0,0,0
05/29/2021,HLG,WV,AEA,CE,Federal Contract Tower,0,0,5,0,5,0,0,0,0,0,0,0,5,0,5,0,0,0,5
05/30/2021,HLG,WV,AEA,CE,Federal Contract Tower,0,0,0,0,0,0,0,6,2,8,0,0,6,2,8,16,2,18,26
05/31/2021,HLG,WV,AEA,CE,Federal Contract Tower,0,0,5,0,5,0,6,27,0,33,0,6,32,0,38,0,0,0,38
06/01/2021,HLG,WV,AEA,CE,Federal Contract Tower,0,2,1,0,3,0,2,31,2,35,0,4,32,2,38,42,0,42,80
06/02/2021,HLG,WV,AEA,CE,Federal Contract Tower,0,0,1,0,1,0,0,1,0,1,0,0,2,0,2,0,0,0,2
06/03/2021,HLG,WV,AEA,CE,Federal Contract Tower,0,0,0,0,0,0,0,2,0,2,0,0,2,0,2,8,0,8,10
06/04/2021,HLG,WV,AEA,CE,Federal Contract Tower,0,4,1,0,5,0,4,10,8,22,0,8,11,8,27,0,20,20,47
06/06/2021,HLG,WV,AEA,CE,Federal Contract Tower,0,0,0,0,0,0,5,16,2,23,0,5,16,2,23,20,6,26,49
06/07/2021,HLG,WV,AEA,CE,Federal Contract Tower,0,2,2,8,12,0,0,17,19,36,0,2,19,27,48,4,48,52,100
06/08/2021,HLG,WV,AEA,CE,Federal Contract Tower,0,2,2,2,6,0,0,8,13,21,0,2,10,15,27,0,38,38,65
06/09/2021,HLG,WV,AEA,CE,Federal Contract Tower,0,1,0,2,3,0,2,6,13,21,0,3,6,15,24,10,60,70,94
06/10/2021,HLG,WV,AEA,CE,Federal Contract Tower,0,1,0,1,2,0,0,4,20,24,0,1,4,21,26,0,72,72,98
06/11/2021,HLG,WV,AEA,CE,Federal Contract Tower,0,1,0,0,1,0,0,0,19,19,0,1,0,19,20,0,82,82,102
06/12/2021,HLG,WV,AEA,CE,Federal Contract Tower,0,0,3,0,3,0,0,19,14,33,0,0,22,14,36,0,46,46,82
06/13/2021,HLG,WV,AEA,CE,Federal Contract Tower,0,1,1,0,2,0,0,7,0,7,0,1,8,0,9,8,0,8,17
06/14/2021,HLG,WV,AEA,CE,Federal Contract Tower,0,0,2,0,2,0,0,18,8,26,0,0,20,8,28,0,30,30,58
06/15/2021,HLG,WV,AEA,CE,Federal Contract Tower,0,0,0,1,1,0,0,13,12,25,0,0,13,13,26,12,46,58,84
06/16/2021,HLG,WV,AEA,CE,Federal Contract Tower,0,1,2,0,3,0,0,23,0,23,0,1,25,0,26,10,0,10,36
06/17/2021,HLG,WV,AEA,CE,Federal Contract Tower,0,4,0,0,4,0,0,44,4,48,0,4,44,4,52,54,12,66,118
06/18/2021,HLG,WV,AEA,CE,Federal Contract Tower,0,7,2,0,9,0,0,9,17,26,0,7,11,17,35,0,24,24,59
06/19/2021,HLG,WV,AEA,CE,Federal Contract Tower,0,1,1,0,2,0,0,6,0,6,0,1,7,0,8,0,0,0,8
06/20/2021,HLG,WV,AEA,CE,Federal Contract Tower,0,1,1,0,2,0,0,4,2,6,0,1,5,2,8,0,0,0,8
06/21/2021,HLG,WV,AEA,CE,Federal Contract Tower,0,4,0,0,4,0,0,6,0,6,0,4,6,0,10,0,8,8,18
06/22/2021,HLG,WV,AEA,CE,Federal Contract Tower,0,4,0,0,4,0,0,3,0,3,0,4,3,0,7,0,0,0,7
06/23/2021,HLG,WV,AEA,CE,Federal Contract Tower,0,0,2,0,2,0,0,39,4,43,0,0,41,4,45,22,14,36,81
06/24/2021,HLG,WV,AEA,CE,Federal Contract Tower,0,4,21,0,25,0,0,28,2,30,0,4,49,2,55,20,4,24,79
06/25/2021,HLG,WV,AEA,CE,Federal Contract Tower,0,5,2,0,7,0,4,6,6,16,0,9,8,6,23,0,0,0,23
06/26/2021,HLG,WV,AEA,CE,Federal Contract Tower,0,0,0,0,0,0,0,19,0,19,0,0,19,0,19,4,0,4,23
06/27/2021,HLG,WV,AEA,CE,Federal Contract Tower,0,0,11,0,11,0,4,11,0,15,0,4,22,0,26,0,0,0,26
06/28/2021,HLG,WV,AEA,CE,Federal Contract Tower,0,0,4,0,4,0,0,15,4,19,0,0,19,4,23,0,0,0,23
06/29/2021,HLG,WV,AEA,CE,Federal Contract Tower,0,1,0,0,1,0,0,17,14,31,0,1,17,14,32,0,26,26,58
06/30/2021,HLG,WV,AEA,CE,Federal Contract Tower,0,3,2,0,5,0,0,4,0,4,0,3,6,0,9,0,0,0,9
07/01/2021,HLG,WV,AEA,CE,Federal Contract Tower,0,0,0,0,0,0,4,0,0,4,0,4,0,0,4,0,0,0,4
07/02/2021,HLG,WV,AEA,CE,Federal Contract Tower,0,6,0,0,6,0,2,20,5,27,0,8,20,5,33,0,0,0,33
07/03/2021,HLG,WV,AEA,CE,Federal Contract Tower,0,0,2,0,2,0,0,10,4,14,0,0,12,4,16,14,10,24,40
07/04/2021,HLG,WV,AEA,CE,Federal Contract Tower,0,0,0,0,0,0,0,2,0,2,0,0,2,0,2,0,0,0,2
07/05/2021,HLG,WV,AEA,CE,Federal Contract Tower,0,2,2,0,4,0,4,32,4,40,0,6,34,4,44,14,14,28,72
07/06/2021,HLG,WV,AEA,CE,Federal Contract Tower,0,2,0,0,2,0,0,22,10,32,0,2,22,10,34,8,12,20,54
07/07/2021,HLG,WV,AEA,CE,Federal Contract Tower,0,0,0,0,0,0,2,13,2,17,0,2,13,2,17,0,12,12,29
07/08/2021,HLG,WV,AEA,CE,Federal Contract Tower,0,0,0,0,0,0,0,0,0,0,0,0,0,0,0,0,0,0,0
07/09/2021,HLG,WV,AEA,CE,Federal Contract Tower,0,3,0,1,4,0,10,13,25,48,0,13,13,26,52,4,78,82,134
07/10/2021,HLG,WV,AEA,CE,Federal Contract Tower,0,3,5,0,8,0,2,18,14,34,0,5,23,14,42,10,22,32,74
07/11/2021,HLG,WV,AEA,CE,Federal Contract Tower,0,0,3,0,3,0,2,8,4,14,0,2,11,4,17,0,0,0,17
07/12/2021,HLG,WV,AEA,CE,Federal Contract Tower,0,2,0,0,2,0,0,2,14,16,0,2,2,14,18,0,62,62,80
07/13/2021,HLG,WV,AEA,CE,Federal Contract Tower,0,0,0,0,0,0,1,0,5,6,0,1,0,5,6,0,12,12,18
07/14/2021,HLG,WV,AEA,CE,Federal Contract Tower,0,4,7,0,11,0,0,38,2,40,0,4,45,2,51,22,10,32,83
07/15/2021,HLG,WV,AEA,CE,Federal Contract Tower,0,0,0,0,0,0,0,18,10,28,0,0,18,10,28,0,34,34,62
07/16/2021,HLG,WV,AEA,CE,Federal Contract Tower,0,2,0,2,4,0,0,24,6,30,0,2,24,8,34,6,30,36,70
07/17/2021,HLG,WV,AEA,CE,Federal Contract Tower,0,0,0,0,0,0,0,2,0,2,0,0,2,0,2,0,0,0,2
07/18/2021,HLG,WV,AEA,CE,Federal Contract Tower,0,0,2,0,2,0,0,27,1,28,0,0,29,1,30,52,0,52,82
07/19/2021,HLG,WV,AEA,CE,Federal Contract Tower,0,2,2,2,6,0,0,28,10,38,0,2,30,12,44,16,30,46,90
07/20/2021,HLG,WV,AEA,CE,Federal Contract Tower,0,1,4,4,9,0,3,19,9,31,0,4,23,13,40,0,34,34,74
07/21/2021,HLG,WV,AEA,CE,Federal Contract Tower,0,0,7,3,10,0,2,26,5,33,0,2,33,8,43,0,36,36,79
07/22/2021,HLG,WV,AEA,CE,Federal Contract Tower,0,1,4,0,5,0,1,48,11,60,0,2,52,11,65,40,34,74,139
07/23/2021,HLG,WV,AEA,CE,Federal Contract Tower,0,1,0,0,1,0,0,34,14,48,0,1,34,14,49,33,51,84,133
07/24/2021,HLG,WV,AEA,CE,Federal Contract Tower,0,3,3,3,9,0,0,53,7,60,0,3,56,10,69,82,22,104,173
07/25/2021,HLG,WV,AEA,CE,Federal Contract Tower,0,1,2,0,3,0,2,15,0,17,0,3,17,0,20,20,0,20,40
07/26/2021,HLG,WV,AEA,CE,Federal Contract Tower,0,3,0,4,7,0,0,23,9,32,0,3,23,13,39,0,44,44,83
07/27/2021,HLG,WV,AEA,CE,Federal Contract Tower,0,1,7,2,10,0,0,42,6,48,0,1,49,8,58,6,20,26,84
07/28/2021,HLG,WV,AEA,CE,Federal Contract Tower,0,3,0,10,13,0,2,20,10,32,0,5,20,20,45,6,14,20,65
07/29/2021,HLG,WV,AEA,CE,Federal Contract Tower,0,1,0,4,5,0,4,7,11,22,0,5,7,15,27,0,48,48,75
07/30/2021,HLG,WV,AEA,CE,Federal Contract Tower,0,6,0,0,6,0,0,27,4,31,0,6,27,4,37,4,24,28,65
07/31/2021,HLG,WV,AEA,CE,Federal Contract Tower,0,0,0,0,0,0,0,14,0,14,0,0,14,0,14,2,0,2,16
08/01/2021,HLG,WV,AEA,CE,Federal Contract Tower,0,0,0,0,0,0,0,13,0,13,0,0,13,0,13,0,0,0,13
08/02/2021,HLG,WV,AEA,CE,Federal Contract Tower,0,2,0,0,2,0,0,19,7,26,0,2,19,7,28,0,42,42,70
08/03/2021,HLG,WV,AEA,CE,Federal Contract Tower,0,4,0,6,10,0,1,33,9,43,0,5,33,15,53,8,50,58,111
08/04/2021,HLG,WV,AEA,CE,Federal Contract Tower,0,0,2,4,6,0,0,28,9,37,0,0,30,13,43,50,28,78,121
08/05/2021,HLG,WV,AEA,CE,Federal Contract Tower,0,2,0,0,2,0,0,33,6,39,0,2,33,6,41,0,20,20,61
08/06/2021,HLG,WV,AEA,CE,Federal Contract Tower,0,0,0,0,0,0,0,67,13,80,0,0,67,13,80,10,98,108,188
08/07/2021,HLG,WV,AEA,CE,Federal Contract Tower,0,0,2,0,2,0,0,23,12,35,0,0,25,12,37,18,4,22,59
08/08/2021,HLG,WV,AEA,CE,Federal Contract Tower,0,0,1,0,1,0,0,21,0,21,0,0,22,0,22,0,0,0,22
08/09/2021,HLG,WV,AEA,CE,Federal Contract Tower,0,2,2,0,4,0,0,19,5,24,0,2,21,5,28,6,40,46,74
08/10/2021,HLG,WV,AEA,CE,Federal Contract Tower,0,4,0,0,4,0,4,2,0,6,0,8,2,0,10,0,0,0,10
08/11/2021,HLG,WV,AEA,CE,Federal Contract Tower,0,0,0,0,0,0,0,4,0,4,0,0,4,0,4,0,0,0,4
08/12/2021,HLG,WV,AEA,CE,Federal Contract Tower,0,2,1,0,3,0,0,2,4,6,0,2,3,4,9,0,6,6,15
08/13/2021,HLG,WV,AEA,CE,Federal Contract Tower,0,0,0,1,1,0,0,15,2,17,0,0,15,3,18,0,0,0,18
08/14/2021,HLG,WV,AEA,CE,Federal Contract Tower,0,2,3,0,5,0,0,19,3,22,0,2,22,3,27,4,4,8,35
08/15/2021,HLG,WV,AEA,CE,Federal Contract Tower,0,1,7,0,8,0,0,23,2,25,0,1,30,2,33,2,0,2,35
08/16/2021,HLG,WV,AEA,CE,Federal Contract Tower,0,0,0,0,0,0,0,2,0,2,0,0,2,0,2,0,0,0,2
08/17/2021,HLG,WV,AEA,CE,Federal Contract Tower,0,0,2,4,6,0,4,8,5,17,0,4,10,9,23,0,20,20,43
08/18/2021,HLG,WV,AEA,CE,Federal Contract Tower,0,4,0,0,4,0,0,1,0,1,0,4,1,0,5,0,0,0,5
08/19/2021,HLG,WV,AEA,CE,Federal Contract Tower,0,0,3,2,5,0,0,10,2,12,0,0,13,4,17,14,8,22,39
08/20/2021,HLG,WV,AEA,CE,Federal Contract Tower,0,3,3,0,6,0,0,28,9,37,0,3,31,9,43,20,22,42,85
08/21/2021,HLG,WV,AEA,CE,Federal Contract Tower,0,0,0,0,0,0,0,27,5,32,0,0,27,5,32,20,18,38,70
08/22/2021,HLG,WV,AEA,CE,Federal Contract Tower,0,1,0,0,1,0,0,13,0,13,0,1,13,0,14,24,0,24,38
08/23/2021,HLG,WV,AEA,CE,Federal Contract Tower,0,0,0,8,8,0,0,25,4,29,0,0,25,12,37,0,0,0,37
08/24/2021,HLG,WV,AEA,CE,Federal Contract Tower,0,0,2,0,2,0,0,30,3,33,0,0,32,3,35,8,46,54,89
08/25/2021,HLG,WV,AEA,CE,Federal Contract Tower,0,2,0,0,2,0,0,26,6,32,0,2,26,6,34,22,4,26,60
08/26/2021,HLG,WV,AEA,CE,Federal Contract Tower,0,0,4,10,14,0,2,12,2,16,0,2,16,12,30,20,8,28,58
08/27/2021,HLG,WV,AEA,CE,Federal Contract Tower,0,1,4,0,5,0,4,15,12,31,0,5,19,12,36,10,32,42,78
08/28/2021,HLG,WV,AEA,CE,Federal Contract Tower,0,1,0,0,1,0,0,27,0,27,0,1,27,0,28,26,0,26,54
08/29/2021,HLG,WV,AEA,CE,Federal Contract Tower,0,0,3,0,3,0,0,10,2,12,0,0,13,2,15,0,0,0,15
08/30/2021,HLG,WV,AEA,CE,Federal Contract Tower,0,2,2,0,4,0,0,5,1,6,0,2,7,1,10,62,0,62,72
08/31/2021,HLG,WV,AEA,CE,Federal Contract Tower,0,2,0,2,4,0,0,0,0,0,0,2,0,2,4,0,0,0,4
09/01/2021,HLG,WV,AEA,CE,Federal Contract Tower,0,0,0,0,0,0,0,0,0,0,0,0,0,0,0,0,0,0,0
09/02/2021,HLG,WV,AEA,CE,Federal Contract Tower,0,2,2,0,4,0,0,18,3,21,0,2,20,3,25,12,0,12,37
09/03/2021,HLG,WV,AEA,CE,Federal Contract Tower,0,0,3,0,3,0,4,26,1,31,0,4,29,1,34,14,0,14,48
09/04/2021,HLG,WV,AEA,CE,Federal Contract Tower,0,2,1,0,3,0,0,13,0,13,0,2,14,0,16,2,0,2,18
09/05/2021,HLG,WV,AEA,CE,Federal Contract Tower,0,1,0,0,1,0,0,0,0,0,0,1,0,0,1,0,0,0,1
09/06/2021,HLG,WV,AEA,CE,Federal Contract Tower,0,1,2,0,3,0,0,19,1,20,0,1,21,1,23,26,0,26,49
09/07/2021,HLG,WV,AEA,CE,Federal Contract Tower,0,0,4,4,8,0,0,26,5,31,0,0,30,9,39,0,0,0,39
09/08/2021,HLG,WV,AEA,CE,Federal Contract Tower,0,2,2,6,10,0,0,15,2,17,0,2,17,8,27,0,0,0,27
09/09/2021,HLG,WV,AEA,CE,Federal Contract Tower,0,0,6,3,9,0,0,17,20,37,0,0,23,23,46,8,20,28,74
09/10/2021,HLG,WV,AEA,CE,Federal Contract Tower,0,1,0,1,2,0,1,16,25,42,0,2,16,26,44,20,60,80,124
09/11/2021,HLG,WV,AEA,CE,Federal Contract Tower,0,0,2,0,2,0,4,83,18,105,0,4,85,18,107,0,16,16,123
09/12/2021,HLG,WV,AEA,CE,Federal Contract Tower,0,1,0,1,2,0,0,19,0,19,0,1,19,1,21,10,2,12,33
09/13/2021,HLG,WV,AEA,CE,Federal Contract Tower,0,2,1,0,3,0,0,8,6,14,0,2,9,6,17,0,24,24,41
09/14/2021,HLG,WV,AEA,CE,Federal Contract Tower,0,0,2,1,3,0,1,23,3,27,0,1,25,4,30,4,0,4,34
09/15/2021,HLG,WV,AEA,CE,Federal Contract Tower,0,2,0,0,2,0,0,7,6,13,0,2,7,6,15,0,12,12,27
09/16/2021,HLG,WV,AEA,CE,Federal Contract Tower,0,1,2,0,3,0,0,20,6,26,0,1,22,6,29,72,6,78,107
09/17/2021,HLG,WV,AEA,CE,Federal Contract Tower,0,3,1,0,4,0,0,25,7,32,0,3,26,7,36,12,18,30,66
09/18/2021,HLG,WV,AEA,CE,Federal Contract Tower,0,2,6,0,8,0,0,15,1,16,0,2,21,1,24,22,0,22,46
09/19/2021,HLG,WV,AEA,CE,Federal Contract Tower,0,0,4,0,4,0,0,25,0,25,0,0,29,0,29,0,0,0,29
09/20/2021,HLG,WV,AEA,CE,Federal Contract Tower,0,2,0,0,2,0,2,3,3,8,0,4,3,3,10,0,6,6,16
09/21/2021,HLG,WV,AEA,CE,Federal Contract Tower,0,0,0,0,0,0,0,0,0,0,0,0,0,0,0,0,0,0,0
09/22/2021,HLG,WV,AEA,CE,Federal Contract Tower,0,4,0,4,8,0,0,0,0,0,0,4,0,4,8,0,0,0,8
09/23/2021,HLG,WV,AEA,CE,Federal Contract Tower,0,2,3,0,5,0,0,11,0,11,0,2,14,0,16,48,0,48,64
09/24/2021,HLG,WV,AEA,CE,Federal Contract Tower,0,4,4,1,9,0,0,17,3,20,0,4,21,4,29,42,16,58,87
09/25/2021,HLG,WV,AEA,CE,Federal Contract Tower,0,1,2,0,3,0,0,34,3,37,0,1,36,3,40,64,8,72,112
09/26/2021,HLG,WV,AEA,CE,Federal Contract Tower,0,1,3,0,4,0,0,17,0,17,0,1,20,0,21,0,0,0,21
09/27/2021,HLG,WV,AEA,CE,Federal Contract Tower,0,5,0,0,5,0,0,18,3,21,0,5,18,3,26,2,12,14,40
09/28/2021,HLG,WV,AEA,CE,Federal Contract Tower,0,0,4,2,6,0,0,14,2,16,0,0,18,4,22,0,6,6,28
09/29/2021,HLG,WV,AEA,CE,Federal Contract Tower,0,5,2,0,7,0,6,27,4,37,0,11,29,4,44,0,0,0,44
09/30/2021,HLG,WV,AEA,CE,Federal Contract Tower,0,3,1,0,4,0,4,24,4,32,0,7,25,4,36,0,16,16,52
10/01/2021,HLG,WV,AEA,CE,Federal Contract Tower,0,5,3,0,8,0,0,26,1,27,0,5,29,1,35,14,0,14,49
10/02/2021,HLG,WV,AEA,CE,Federal Contract Tower,0,2,0,0,2,0,0,17,0,17,0,2,17,0,19,4,0,4,23
10/03/2021,HLG,WV,AEA,CE,Federal Contract Tower,0,0,0,0,0,0,0,2,0,2,0,0,2,0,2,0,0,0,2
10/04/2021,HLG,WV,AEA,CE,Federal Contract Tower,0,0,0,0,0,0,0,7,0,7,0,0,7,0,7,4,0,4,11
10/05/2021,HLG,WV,AEA,CE,Federal Contract Tower,0,2,1,0,3,0,0,19,0,19,0,2,20,0,22,0,0,0,22
10/06/2021,HLG,WV,AEA,CE,Federal Contract Tower,0,0,0,4,4,0,0,11,0,11,0,0,11,4,15,0,0,0,15
10/07/2021,HLG,WV,AEA,CE,Federal Contract Tower,0,4,2,0,6,0,2,23,0,25,0,6,25,0,31,0,0,0,31
10/08/2021,HLG,WV,AEA,CE,Federal Contract Tower,0,3,0,0,3,0,0,17,0,17,0,3,17,0,20,0,0,0,20
10/09/2021,HLG,WV,AEA,CE,Federal Contract Tower,0,0,1,0,1,0,0,6,0,6,0,0,7,0,7,0,0,0,7
10/10/2021,HLG,WV,AEA,CE,Federal Contract Tower,0,0,4,0,4,0,0,17,4,21,0,0,21,4,25,34,10,44,69
10/11/2021,HLG,WV,AEA,CE,Federal Contract Tower,0,2,4,1,7,0,6,15,0,21,0,8,19,1,28,0,0,0,28
10/12/2021,HLG,WV,AEA,CE,Federal Contract Tower,0,5,2,0,7,0,0,37,0,37,0,5,39,0,44,12,0,12,56
10/13/2021,HLG,WV,AEA,CE,Federal Contract Tower,0,2,2,0,4,0,0,6,4,10,0,2,8,4,14,0,12,12,26
10/14/2021,HLG,WV,AEA,CE,Federal Contract Tower,0,6,2,0,8,0,1,27,2,30,0,7,29,2,38,8,8,16,54
10/15/2021,HLG,WV,AEA,CE,Federal Contract Tower,0,2,3,0,5,0,10,18,20,48,0,12,21,20,53,28,60,88,141
10/16/2021,HLG,WV,AEA,CE,Federal Contract Tower,0,0,0,8,8,0,0,4,6,10,0,0,4,14,18,12,22,34,52
10/17/2021,HLG,WV,AEA,CE,Federal Contract Tower,0,2,3,1,6,0,0,19,35,54,0,2,22,36,60,16,40,56,116
10/18/2021,HLG,WV,AEA,CE,Federal Contract Tower,0,4,2,0,6,0,0,9,8,17,0,4,11,8,23,4,48,52,75
10/19/2021,HLG,WV,AEA,CE,Federal Contract Tower,0,4,0,2,6,0,0,11,5,16,0,4,11,7,22,0,8,8,30
10/20/2021,HLG,WV,AEA,CE,Federal Contract Tower,0,0,2,4,6,0,0,14,1,15,0,0,16,5,21,0,14,14,35
10/21/2021,HLG,WV,AEA,CE,Federal Contract Tower,0,0,1,0,1,0,0,19,13,32,0,0,20,13,33,0,42,42,75
10/22/2021,HLG,WV,AEA,CE,Federal Contract Tower,0,0,2,0,2,0,0,4,12,16,0,0,6,12,18,0,66,66,84
10/23/2021,HLG,WV,AEA,CE,Federal Contract Tower,0,2,4,0,6,0,0,16,22,38,0,2,20,22,44,56,50,106,150
10/24/2021,HLG,WV,AEA,CE,Federal Contract Tower,0,4,2,1,7,0,0,14,14,28,0,4,16,15,35,0,62,62,97
10/25/2021,HLG,WV,AEA,CE,Federal Contract Tower,0,1,1,0,2,0,0,12,3,15,0,1,13,3,17,0,36,36,53
10/26/2021,HLG,WV,AEA,CE,Federal Contract Tower,0,1,0,0,1,0,0,8,9,17,0,1,8,9,18,0,28,28,46
10/27/2021,HLG,WV,AEA,CE,Federal Contract Tower,0,6,1,0,7,0,0,2,0,2,0,6,3,0,9,4,0,4,13
10/28/2021,HLG,WV,AEA,CE,Federal Contract Tower,0,0,4,0,4,0,0,25,2,27,0,0,29,2,31,12,0,12,43
10/29/2021,HLG,WV,AEA,CE,Federal Contract Tower,0,0,0,0,0,0,0,0,0,0,0,0,0,0,0,0,0,0,0
10/30/2021,HLG,WV,AEA,CE,Federal Contract Tower,0,0,5,0,5,0,0,2,0,2,0,0,7,0,7,0,0,0,7
10/31/2021,HLG,WV,AEA,CE,Federal Contract Tower,0,2,4,0,6,0,0,9,0,9,0,2,13,0,15,0,0,0,15
11/01/2021,HLG,WV,AEA,CE,Federal Contract Tower,0,2,0,0,2,0,0,19,9,28,0,2,19,9,30,6,50,56,86
11/02/2021,HLG,WV,AEA,CE,Federal Contract Tower,0,2,2,4,8,0,2,21,1,24,0,4,23,5,32,6,0,6,38
11/03/2021,HLG,WV,AEA,CE,Federal Contract Tower,0,7,2,0,9,0,0,12,7,19,0,7,14,7,28,0,16,16,44
11/04/2021,HLG,WV,AEA,CE,Federal Contract Tower,0,0,0,0,0,0,0,21,15,36,0,0,21,15,36,0,76,76,112
11/05/2021,HLG,WV,AEA,CE,Federal Contract Tower,0,0,0,4,4,0,0,31,17,48,0,0,31,21,52,48,48,96,148
11/06/2021,HLG,WV,AEA,CE,Federal Contract Tower,0,0,1,0,1,0,4,13,8,25,0,4,14,8,26,4,24,28,54
11/07/2021,HLG,WV,AEA,CE,Federal Contract Tower,0,0,5,0,5,0,2,42,5,49,0,2,47,5,54,0,0,0,54
11/08/2021,HLG,WV,AEA,CE,Federal Contract Tower,0,1,3,0,4,0,0,20,6,26,0,1,23,6,30,8,42,50,80
11/09/2021,HLG,WV,AEA,CE,Federal Contract Tower,0,1,0,0,1,0,4,15,4,23,0,5,15,4,24,8,16,24,48
11/10/2021,HLG,WV,AEA,CE,Federal Contract Tower,0,2,2,1,5,0,4,6,1,11,0,6,8,2,16,0,0,0,16
11/11/2021,HLG,WV,AEA,CE,Federal Contract Tower,0,0,0,0,0,0,6,16,0,22,0,6,16,0,22,0,0,0,22
11/12/2021,HLG,WV,AEA,CE,Federal Contract Tower,0,3,0,0,3,0,4,9,5,18,0,7,9,5,21,0,36,36,57
11/13/2021,HLG,WV,AEA,CE,Federal Contract Tower,0,0,0,0,0,0,0,10,0,10,0,0,10,0,10,0,0,0,10
11/14/2021,HLG,WV,AEA,CE,Federal Contract Tower,0,0,1,0,1,0,0,2,0,2,0,0,3,0,3,0,0,0,3
11/15/2021,HLG,WV,AEA,CE,Federal Contract Tower,0,2,1,0,3,0,0,0,0,0,0,2,1,0,3,0,26,26,29
11/16/2021,HLG,WV,AEA,CE,Federal Contract Tower,0,2,0,0,2,0,2,28,4,34,0,4,28,4,36,0,22,22,58
11/17/2021,HLG,WV,AEA,CE,Federal Contract Tower,0,0,1,0,1,0,2,18,13,33,0,2,19,13,34,0,48,48,82
11/18/2021,HLG,WV,AEA,CE,Federal Contract Tower,0,0,2,0,2,0,0,0,0,0,0,0,2,0,2,0,0,0,2
11/19/2021,HLG,WV,AEA,CE,Federal Contract Tower,0,0,1,1,2,0,0,30,9,39,0,0,31,10,41,0,20,20,61
11/20/2021,HLG,WV,AEA,CE,Federal Contract Tower,0,0,1,2,3,0,0,40,10,50,0,0,41,12,53,30,44,74,127
11/21/2021,HLG,WV,AEA,CE,Federal Contract Tower,0,0,0,0,0,0,0,1,0,1,0,0,1,0,1,0,0,0,1
11/22/2021,HLG,WV,AEA,CE,Federal Contract Tower,0,3,0,0,3,0,0,14,2,16,0,3,14,2,19,0,24,24,43
11/23/2021,HLG,WV,AEA,CE,Federal Contract Tower,0,3,1,2,6,0,0,37,11,48,0,3,38,13,54,28,28,56,110
11/24/2021,HLG,WV,AEA,CE,Federal Contract Tower,0,3,8,0,11,0,0,15,0,15,0,3,23,0,26,0,0,0,26
11/25/2021,HLG,WV,AEA,CE,Federal Contract Tower,0,0,0,0,0,0,0,0,0,0,0,0,0,0,0,0,0,0,0
11/26/2021,HLG,WV,AEA,CE,Federal Contract Tower,0,2,2,0,4,0,0,4,0,4,0,2,6,0,8,0,0,0,8
11/27/2021,HLG,WV,AEA,CE,Federal Contract Tower,0,3,0,1,4,0,0,9,0,9,0,3,9,1,13,12,0,12,25
11/28/2021,HLG,WV,AEA,CE,Federal Contract Tower,0,0,1,0,1,0,0,6,0,6,0,0,7,0,7,0,0,0,7
11/29/2021,HLG,WV,AEA,CE,Federal Contract Tower,0,3,2,0,5,0,0,20,0,20,0,3,22,0,25,0,0,0,25
11/30/2021,HLG,WV,AEA,CE,Federal Contract Tower,0,2,0,0,2,0,2,2,0,4,0,4,2,0,6,0,0,0,6
12/01/2021,HLG,WV,AEA,CE,Federal Contract Tower,0,2,4,1,7,0,0,4,0,4,0,2,8,1,11,0,0,0,11
12/02/2021,HLG,WV,AEA,CE,Federal Contract Tower,0,0,0,0,0,0,0,9,3,12,0,0,9,3,12,0,32,32,44
12/03/2021,HLG,WV,AEA,CE,Federal Contract Tower,0,4,3,1,8,0,0,18,22,40,0,4,21,23,48,4,38,42,90
12/04/2021,HLG,WV,AEA,CE,Federal Contract Tower,0,1,0,1,2,0,0,31,7,38,0,1,31,8,40,2,36,38,78
12/05/2021,HLG,WV,AEA,CE,Federal Contract Tower,0,2,2,0,4,0,0,15,2,17,0,2,17,2,21,22,8,30,51
12/06/2021,HLG,WV,AEA,CE,Federal Contract Tower,0,0,0,0,0,0,0,1,6,7,0,0,1,6,7,0,44,44,51
12/07/2021,HLG,WV,AEA,CE,Federal Contract Tower,0,0,2,0,2,0,0,21,0,21,0,0,23,0,23,0,0,0,23
12/08/2021,HLG,WV,AEA,CE,Federal Contract Tower,0,6,0,0,6,0,0,12,0,12,0,6,12,0,18,4,0,4,22
12/09/2021,HLG,WV,AEA,CE,Federal Contract Tower,0,9,1,0,10,0,0,18,3,21,0,9,19,3,31,0,0,0,31
12/10/2021,HLG,WV,AEA,CE,Federal Contract Tower,0,1,2,0,3,0,0,12,2,14,0,1,14,2,17,10,0,10,27
12/11/2021,HLG,WV,AEA,CE,Federal Contract Tower,0,0,0,0,0,0,0,0,0,0,0,0,0,0,0,0,0,0,0
12/12/2021,HLG,WV,AEA,CE,Federal Contract Tower,0,0,4,0,4,0,0,13,0,13,0,0,17,0,17,4,0,4,21
12/13/2021,HLG,WV,AEA,CE,Federal Contract Tower,0,0,1,0,1,0,0,29,14,43,0,0,30,14,44,16,40,56,100
12/14/2021,HLG,WV,AEA,CE,Federal Contract Tower,0,4,0,0,4,0,2,16,4,22,0,6,16,4,26,0,8,8,34
12/15/2021,HLG,WV,AEA,CE,Federal Contract Tower,0,2,1,0,3,0,2,18,2,22,0,4,19,2,25,2,12,14,39
12/16/2021,HLG,WV,AEA,CE,Federal Contract Tower,0,0,0,0,0,0,0,5,0,5,0,0,5,0,5,0,0,0,5
12/17/2021,HLG,WV,AEA,CE,Federal Contract Tower,0,0,2,0,2,0,0,9,6,15,0,0,11,6,17,10,12,22,39
12/18/2021,HLG,WV,AEA,CE,Federal Contract Tower,0,0,0,0,0,0,0,0,0,0,0,0,0,0,0,0,0,0,0
12/19/2021,HLG,WV,AEA,CE,Federal Contract Tower,0,0,0,0,0,0,0,4,0,4,0,0,4,0,4,0,0,0,4
12/20/2021,HLG,WV,AEA,CE,Federal Contract Tower,0,2,0,0,2,0,0,20,10,30,0,2,20,10,32,8,36,44,76
12/21/2021,HLG,WV,AEA,CE,Federal Contract Tower,0,2,0,1,3,0,0,12,8,20,0,2,12,9,23,0,34,34,57
12/22/2021,HLG,WV,AEA,CE,Federal Contract Tower,0,0,0,0,0,0,8,8,0,16,0,8,8,0,16,0,0,0,16
12/23/2021,HLG,WV,AEA,CE,Federal Contract Tower,0,0,1,0,1,0,0,12,0,12,0,0,13,0,13,0,0,0,13
12/24/2021,HLG,WV,AEA,CE,Federal Contract Tower,0,0,0,0,0,0,0,11,0,11,0,0,11,0,11,0,0,0,11
12/25/2021,HLG,WV,AEA,CE,Federal Contract Tower,0,0,0,0,0,0,0,0,0,0,0,0,0,0,0,0,0,0,0
12/26/2021,HLG,WV,AEA,CE,Federal Contract Tower,0,0,0,0,0,0,0,8,0,8,0,0,8,0,8,6,0,6,14
12/27/2021,HLG,WV,AEA,CE,Federal Contract Tower,0,4,0,0,4,0,0,2,0,2,0,4,2,0,6,0,0,0,6
12/28/2021,HLG,WV,AEA,CE,Federal Contract Tower,0,2,0,0,2,0,0,8,2,10,0,2,8,2,12,0,12,12,24
12/29/2021,HLG,WV,AEA,CE,Federal Contract Tower,0,0,0,0,0,0,0,0,0,0,0,0,0,0,0,0,0,0,0
12/30/2021,HLG,WV,AEA,CE,Federal Contract Tower,0,0,2,0,2,0,0,12,2,14,0,0,14,2,16,2,0,2,18
12/31/2021,HLG,WV,AEA,CE,Federal Contract Tower,0,1,3,0,4,0,2,10,2,14,0,3,13,2,18,0,0,0,18
01/01/2022,HLG,WV,AEA,CE,Federal Contract Tower,0,0,0,0,0,0,0,0,0,0,0,0,0,0,0,0,0,0,0
01/02/2022,HLG,WV,AEA,CE,Federal Contract Tower,0,0,0,0,0,0,0,2,0,2,0,0,2,0,2,8,0,8,10
01/03/2022,HLG,WV,AEA,CE,Federal Contract Tower,0,2,0,0,2,0,2,10,0,12,0,4,10,0,14,0,0,0,14
01/04/2022,HLG,WV,AEA,CE,Federal Contract Tower,0,0,0,0,0,0,0,11,4,15,0,0,11,4,15,4,16,20,35
01/05/2022,HLG,WV,AEA,CE,Federal Contract Tower,0,0,2,0,2,0,0,0,0,0,0,0,2,0,2,0,0,0,2
01/06/2022,HLG,WV,AEA,CE,Federal Contract Tower,0,0,0,0,0,0,2,12,2,16,0,2,12,2,16,0,20,20,36
01/07/2022,HLG,WV,AEA,CE,Federal Contract Tower,0,0,1,6,7,0,0,1,32,33,0,0,2,38,40,0,96,96,136
01/08/2022,HLG,WV,AEA,CE,Federal Contract Tower,0,0,2,2,4,0,0,16,20,36,0,0,18,22,40,8,80,88,128
01/09/2022,HLG,WV,AEA,CE,Federal Contract Tower,0,0,0,0,0,0,0,0,0,0,0,0,0,0,0,0,0,0,0
01/10/2022,HLG,WV,AEA,CE,Federal Contract Tower,0,0,2,0,2,0,0,0,10,10,0,0,2,10,12,0,46,46,58
01/11/2022,HLG,WV,AEA,CE,Federal Contract Tower,0,0,4,0,4,0,0,25,13,38,0,0,29,13,42,2,42,44,86
01/12/2022,HLG,WV,AEA,CE,Federal Contract Tower,0,0,2,0,2,0,0,7,4,11,0,0,9,4,13,0,36,36,49
01/13/2022,HLG,WV,AEA,CE,Federal Contract Tower,0,2,1,0,3,0,2,14,7,23,0,4,15,7,26,0,42,42,68
01/14/2022,HLG,WV,AEA,CE,Federal Contract Tower,0,2,0,0,2,0,0,8,3,11,0,2,8,3,13,0,8,8,21
01/15/2022,HLG,WV,AEA,CE,Federal Contract Tower,0,1,0,0,1,0,0,15,2,17,0,1,15,2,18,0,0,0,18
01/16/2022,HLG,WV,AEA,CE,Federal Contract Tower,0,0,0,0,0,0,0,4,0,4,0,0,4,0,4,0,0,0,4
01/17/2022,HLG,WV,AEA,CE,Federal Contract Tower,0,2,0,0,2,0,0,0,0,0,0,2,0,0,2,0,0,0,2
01/18/2022,HLG,WV,AEA,CE,Federal Contract Tower,0,2,0,1,3,0,4,2,1,7,0,6,2,2,10,0,0,0,10
01/19/2022,HLG,WV,AEA,CE,Federal Contract Tower,0,4,2,0,6,0,0,2,0,2,0,4,4,0,8,0,0,0,8
01/20/2022,HLG,WV,AEA,CE,Federal Contract Tower,0,2,0,0,2,0,0,2,0,2,0,2,2,0,4,0,0,0,4
01/21/2022,HLG,WV,AEA,CE,Federal Contract Tower,0,0,0,0,0,0,0,0,4,4,0,0,0,4,4,0,12,12,16
01/22/2022,HLG,WV,AEA,CE,Federal Contract Tower,0,1,3,1,5,0,0,17,4,21,0,1,20,5,26,0,8,8,34
01/23/2022,HLG,WV,AEA,CE,Federal Contract Tower,0,0,0,0,0,0,0,0,4,4,0,0,0,4,4,0,26,26,30
01/24/2022,HLG,WV,AEA,CE,Federal Contract Tower,0,0,2,0,2,0,0,0,0,0,0,0,2,0,2,0,0,0,2
01/25/2022,HLG,WV,AEA,CE,Federal Contract Tower,0,0,0,0,0,0,0,2,12,14,0,0,2,12,14,0,38,38,52
01/26/2022,HLG,WV,AEA,CE,Federal Contract Tower,0,0,0,1,1,0,0,5,6,11,0,0,5,7,12,0,26,26,38
01/27/2022,HLG,WV,AEA,CE,Federal Contract Tower,0,0,1,0,1,0,2,10,13,25,0,2,11,13,26,8,60,68,94
01/28/2022,HLG,WV,AEA,CE,Federal Contract Tower,0,0,0,0,0,0,0,2,0,2,0,0,2,0,2,0,0,0,2
01/29/2022,HLG,WV,AEA,CE,Federal Contract Tower,0,0,4,0,4,0,0,2,0,2,0,0,6,0,6,0,0,0,6
01/30/2022,HLG,WV,AEA,CE,Federal Contract Tower,0,1,1,0,2,0,0,8,0,8,0,1,9,0,10,0,0,0,10
01/31/2022,HLG,WV,AEA,CE,Federal Contract Tower,0,3,0,0,3,0,0,11,2,13,0,3,11,2,16,0,16,16,32
02/01/2022,HLG,WV,AEA,CE,Federal Contract Tower,0,6,0,0,6,0,0,17,2,19,0,6,17,2,25,12,12,24,49
02/02/2022,HLG,WV,AEA,CE,Federal Contract Tower,0,0,0,2,2,0,0,16,0,16,0,0,16,2,18,0,0,0,18
02/03/2022,HLG,WV,AEA,CE,Federal Contract Tower,0,0,0,0,0,0,0,0,0,0,0,0,0,0,0,0,0,0,0
02/04/2022,HLG,WV,AEA,CE,Federal Contract Tower,0,0,0,0,0,0,0,2,0,2,0,0,2,0,2,0,0,0,2
02/05/2022,HLG,WV,AEA,CE,Federal Contract Tower,0,0,0,0,0,0,0,0,0,0,0,0,0,0,0,0,26,26,26
02/06/2022,HLG,WV,AEA,CE,Federal Contract Tower,0,0,0,0,0,0,0,18,27,45,0,0,18,27,45,0,66,66,111
02/07/2022,HLG,WV,AEA,CE,Federal Contract Tower,0,0,0,0,0,0,0,6,8,14,0,0,6,8,14,0,68,68,82
02/08/2022,HLG,WV,AEA,CE,Federal Contract Tower,0,0,0,0,0,0,4,4,18,26,0,4,4,18,26,0,116,116,142
02/09/2022,HLG,WV,AEA,CE,Federal Contract Tower,0,6,0,4,10,0,0,4,12,16,0,6,4,16,26,0,48,48,74
02/10/2022,HLG,WV,AEA,CE,Federal Contract Tower,0,0,0,1,1,0,2,9,20,31,0,2,9,21,32,0,90,90,122
02/11/2022,HLG,WV,AEA,CE,Federal Contract Tower,0,0,0,0,0,0,4,12,5,21,0,4,12,5,21,0,22,22,43
02/12/2022,HLG,WV,AEA,CE,Federal Contract Tower,0,0,2,0,2,0,0,2,1,3,0,0,4,1,5,8,0,8,13
02/13/2022,HLG,WV,AEA,CE,Federal Contract Tower,0,0,4,0,4,0,0,8,4,12,0,0,12,4,16,0,0,0,16
02/14/2022,HLG,WV,AEA,CE,Federal Contract Tower,0,2,0,0,2,0,0,13,6,19,0,2,13,6,21,2,24,26,47
02/15/2022,HLG,WV,AEA,CE,Federal Contract Tower,0,2,2,0,4,0,0,24,10,34,0,2,26,10,38,0,18,18,56
02/16/2022,HLG,WV,AEA,CE,Federal Contract Tower,0,0,3,0,3,0,0,0,8,8,0,0,3,8,11,0,26,26,37
02/17/2022,HLG,WV,AEA,CE,Federal Contract Tower,0,2,0,0,2,0,0,0,0,0,0,2,0,0,2,0,0,0,2
02/18/2022,HLG,WV,AEA,CE,Federal Contract Tower,0,0,2,0,2,0,0,8,1,9,0,0,10,1,11,0,0,0,11
02/19/2022,HLG,WV,AEA,CE,Federal Contract Tower,0,0,2,0,2,0,0,0,0,0,0,0,2,0,2,0,0,0,2
02/20/2022,HLG,WV,AEA,CE,Federal Contract Tower,0,1,6,0,7,0,0,32,1,33,0,1,38,1,40,4,0,4,44
02/21/2022,HLG,WV,AEA,CE,Federal Contract Tower,0,0,0,0,0,0,0,13,2,15,0,0,13,2,15,8,0,8,23
02/22/2022,HLG,WV,AEA,CE,Federal Contract Tower,0,4,0,2,6,0,0,0,0,0,0,4,0,2,6,0,0,0,6
02/23/2022,HLG,WV,AEA,CE,Federal Contract Tower,0,2,3,0,5,0,0,21,4,25,0,2,24,4,30,28,34,62,92
02/24/2022,HLG,WV,AEA,CE,Federal Contract Tower,0,0,1,0,1,0,0,6,4,10,0,0,7,4,11,0,8,8,19
02/25/2022,HLG,WV,AEA,CE,Federal Contract Tower,0,2,0,0,2,0,0,0,0,0,0,2,0,0,2,0,10,10,12
02/26/2022,HLG,WV,AEA,CE,Federal Contract Tower,0,0,0,0,0,0,0,11,1,12,0,0,11,1,12,0,0,0,12
02/27/2022,HLG,WV,AEA,CE,Federal Contract Tower,0,0,2,0,2,0,0,5,1,6,0,0,7,1,8,0,0,0,8
02/28/2022,HLG,WV,AEA,CE,Federal Contract Tower,0,0,0,0,0,0,0,20,2,22,0,0,20,2,22,6,0,6,28
03/01/2022,HLG,WV,AEA,CE,Federal Contract Tower,0,0,0,0,0,0,0,12,8,20,0,0,12,8,20,0,30,30,50
03/02/2022,HLG,WV,AEA,CE,Federal Contract Tower,0,5,0,0,5,0,0,20,15,35,0,5,20,15,40,8,8,16,56
03/03/2022,HLG,WV,AEA,CE,Federal Contract Tower,0,5,0,0,5,0,4,8,2,14,0,9,8,2,19,0,16,16,35
03/04/2022,HLG,WV,AEA,CE,Federal Contract Tower,0,1,2,3,6,0,2,24,19,45,0,3,26,22,51,22,32,54,105
03/05/2022,HLG,WV,AEA,CE,Federal Contract Tower,0,0,2,0,2,0,0,14,5,19,0,0,16,5,21,6,0,6,27
03/06/2022,HLG,WV,AEA,CE,Federal Contract Tower,0,0,1,0,1,0,0,2,4,6,0,0,3,4,7,0,6,6,13
03/07/2022,HLG,WV,AEA,CE,Federal Contract Tower,0,4,2,0,6,0,0,0,0,0,0,4,2,0,6,0,0,0,6
03/08/2022,HLG,WV,AEA,CE,Federal Contract Tower,0,0,0,0,0,0,0,4,2,6,0,0,4,2,6,0,0,0,6
03/09/2022,HLG,WV,AEA,CE,Federal Contract Tower,0,5,0,0,5,0,0,0,0,0,0,5,0,0,5,0,0,0,5
03/10/2022,HLG,WV,AEA,CE,Federal Contract Tower,0,0,3,0,3,0,0,21,6,27,0,0,24,6,30,16,8,24,54
03/11/2022,HLG,WV,AEA,CE,Federal Contract Tower,0,0,0,0,0,0,0,17,0,17,0,0,17,0,17,22,0,22,39
03/12/2022,HLG,WV,AEA,CE,Federal Contract Tower,0,0,0,0,0,0,4,1,0,5,0,4,1,0,5,0,0,0,5
03/13/2022,HLG,WV,AEA,CE,Federal Contract Tower,0,0,0,0,0,0,0,4,0,4,0,0,4,0,4,0,0,0,4
03/14/2022,HLG,WV,AEA,CE,Federal Contract Tower,0,1,1,2,4,0,0,10,11,21,0,1,11,13,25,12,28,40,65
03/15/2022,HLG,WV,AEA,CE,Federal Contract Tower,0,3,0,0,3,0,0,25,4,29,0,3,25,4,32,22,28,50,82
03/16/2022,HLG,WV,AEA,CE,Federal Contract Tower,0,0,0,0,0,0,0,24,12,36,0,0,24,12,36,12,42,54,90
03/17/2022,HLG,WV,AEA,CE,Federal Contract Tower,0,4,4,0,8,0,0,24,2,26,0,4,28,2,34,8,4,12,46
03/18/2022,HLG,WV,AEA,CE,Federal Contract Tower,0,0,0,0,0,0,0,16,12,28,0,0,16,12,28,0,62,62,90
03/19/2022,HLG,WV,AEA,CE,Federal Contract Tower,0,0,4,0,4,0,0,5,5,10,0,0,9,5,14,16,26,42,56
03/20/2022,HLG,WV,AEA,CE,Federal Contract Tower,0,0,2,1,3,0,0,5,13,18,0,0,7,14,21,8,58,66,87
03/21/2022,HLG,WV,AEA,CE,Federal Contract Tower,0,0,3,0,3,0,6,35,11,52,0,6,38,11,55,0,16,16,71
03/22/2022,HLG,WV,AEA,CE,Federal Contract Tower,0,3,0,0,3,0,0,12,1,13,0,3,12,1,16,0,0,0,16
03/23/2022,HLG,WV,AEA,CE,Federal Contract Tower,0,0,1,0,1,0,0,0,0,0,0,0,1,0,1,0,0,0,1
03/24/2022,HLG,WV,AEA,CE,Federal Contract Tower,0,1,2,0,3,0,2,15,2,19,0,3,17,2,22,14,8,22,44
03/25/2022,HLG,WV,AEA,CE,Federal Contract Tower,0,0,3,0,3,0,0,6,6,12,0,0,9,6,15,0,0,0,15
03/26/2022,HLG,WV,AEA,CE,Federal Contract Tower,0,0,0,0,0,0,0,0,0,0,0,0,0,0,0,0,0,0,0
03/27/2022,HLG,WV,AEA,CE,Federal Contract Tower,0,0,0,0,0,0,0,2,0,2,0,0,2,0,2,0,0,0,2
03/28/2022,HLG,WV,AEA,CE,Federal Contract Tower,0,3,0,0,3,0,0,5,2,7,0,3,5,2,10,0,0,0,10
03/29/2022,HLG,WV,AEA,CE,Federal Contract Tower,0,2,4,0,6,0,0,29,1,30,0,2,33,1,36,4,16,20,56
03/30/2022,HLG,WV,AEA,CE,Federal Contract Tower,0,4,2,0,6,0,0,7,6,13,0,4,9,6,19,6,36,42,61
03/31/2022,HLG,WV,AEA,CE,Federal Contract Tower,0,4,0,4,8,0,0,0,6,6,0,4,0,10,14,0,40,40,54
04/01/2022,HLG,WV,AEA,CE,Federal Contract Tower,0,4,3,0,7,0,0,1,1,2,0,4,4,1,9,0,0,0,9
04/02/2022,HLG,WV,AEA,CE,Federal Contract Tower,0,0,3,0,3,0,0,30,7,37,0,0,33,7,40,0,6,6,46
04/03/2022,HLG,WV,AEA,CE,Federal Contract Tower,0,2,1,4,7,0,0,3,12,15,0,2,4,16,22,0,42,42,64
04/04/2022,HLG,WV,AEA,CE,Federal Contract Tower,0,2,0,0,2,0,0,13,6,19,0,2,13,6,21,2,92,94,115
04/05/2022,HLG,WV,AEA,CE,Federal Contract Tower,0,2,2,0,4,0,0,14,0,14,0,2,16,0,18,0,0,0,18
04/06/2022,HLG,WV,AEA,CE,Federal Contract Tower,0,0,2,0,2,0,2,4,0,6,0,2,6,0,8,14,0,14,22
04/07/2022,HLG,WV,AEA,CE,Federal Contract Tower,0,0,0,0,0,0,0,7,5,12,0,0,7,5,12,0,8,8,20
04/08/2022,HLG,WV,AEA,CE,Federal Contract Tower,0,0,1,0,1,0,0,5,4,9,0,0,6,4,10,12,6,18,28
04/09/2022,HLG,WV,AEA,CE,Federal Contract Tower,0,0,1,0,1,0,0,2,0,2,0,0,3,0,3,6,0,6,9
04/10/2022,HLG,WV,AEA,CE,Federal Contract Tower,0,0,4,0,4,0,0,32,0,32,0,0,36,0,36,34,0,34,70
04/11/2022,HLG,WV,AEA,CE,Federal Contract Tower,0,0,0,0,0,0,0,6,8,14,0,0,6,8,14,8,22,30,44
04/12/2022,HLG,WV,AEA,CE,Federal Contract Tower,0,0,9,0,9,0,0,16,7,23,0,0,25,7,32,4,26,30,62
04/13/2022,HLG,WV,AEA,CE,Federal Contract Tower,0,4,0,0,4,0,0,10,0,10,0,4,10,0,14,0,0,0,14
04/14/2022,HLG,WV,AEA,CE,Federal Contract Tower,0,3,1,0,4,0,1,13,0,14,0,4,14,0,18,6,0,6,24
04/15/2022,HLG,WV,AEA,CE,Federal Contract Tower,0,0,1,0,1,0,4,18,6,28,0,4,19,6,29,0,0,0,29
04/16/2022,HLG,WV,AEA,CE,Federal Contract Tower,0,0,8,0,8,0,0,4,0,4,0,0,12,0,12,0,0,0,12
04/17/2022,HLG,WV,AEA,CE,Federal Contract Tower,0,1,7,0,8,0,2,20,0,22,0,3,27,0,30,24,0,24,54
04/18/2022,HLG,WV,AEA,CE,Federal Contract Tower,0,1,0,0,1,0,0,0,0,0,0,1,0,0,1,0,0,0,1
04/19/2022,HLG,WV,AEA,CE,Federal Contract Tower,0,0,0,0,0,0,0,1,0,1,0,0,1,0,1,0,0,0,1
04/20/2022,HLG,WV,AEA,CE,Federal Contract Tower,0,6,1,2,9,0,0,34,8,42,0,6,35,10,51,6,30,36,87
04/21/2022,HLG,WV,AEA,CE,Federal Contract Tower,0,0,0,0,0,0,0,8,0,8,0,0,8,0,8,0,0,0,8
04/22/2022,HLG,WV,AEA,CE,Federal Contract Tower,0,8,7,0,15,0,0,28,13,41,0,8,35,13,56,10,22,32,88
04/23/2022,HLG,WV,AEA,CE,Federal Contract Tower,0,2,1,2,5,0,0,15,7,22,0,2,16,9,27,2,26,28,55
04/24/2022,HLG,WV,AEA,CE,Federal Contract Tower,0,0,3,3,6,0,1,13,5,19,0,1,16,8,25,0,10,10,35
04/25/2022,HLG,WV,AEA,CE,Federal Contract Tower,0,2,0,2,4,0,4,15,2,21,0,6,15,4,25,6,42,48,73
04/26/2022,HLG,WV,AEA,CE,Federal Contract Tower,0,3,1,0,4,0,0,6,0,6,0,3,7,0,10,16,0,16,26
04/27/2022,HLG,WV,AEA,CE,Federal Contract Tower,0,2,1,0,3,0,0,2,4,6,0,2,3,4,9,0,2,2,11
04/28/2022,HLG,WV,AEA,CE,Federal Contract Tower,0,3,1,0,4,0,0,18,4,22,0,3,19,4,26,20,0,20,46
04/29/2022,HLG,WV,AEA,CE,Federal Contract Tower,0,3,0,0,3,0,2,21,1,24,0,5,21,1,27,6,0,6,33
04/30/2022,HLG,WV,AEA,CE,Federal Contract Tower,0,0,3,0,3,0,0,14,0,14,0,0,17,0,17,6,0,6,23
05/01/2022,HLG,WV,AEA,CE,Federal Contract Tower,0,1,3,0,4,0,0,6,0,6,0,1,9,0,10,4,0,4,14
05/02/2022,HLG,WV,AEA,CE,Federal Contract Tower,0,0,2,0,2,0,0,13,0,13,0,0,15,0,15,8,0,8,23
05/03/2022,HLG,WV,AEA,CE,Federal Contract Tower,0,2,0,0,2,0,0,8,0,8,0,2,8,0,10,6,0,6,16
05/04/2022,HLG,WV,AEA,CE,Federal Contract Tower,0,4,0,0,4,0,0,6,0,6,0,4,6,0,10,4,0,4,14
05/05/2022,HLG,WV,AEA,CE,Federal Contract Tower,0,6,2,0,8,0,0,18,4,22,0,6,20,4,30,0,0,0,30
05/06/2022,HLG,WV,AEA,CE,Federal Contract Tower,0,3,1,0,4,0,0,0,0,0,0,3,1,0,4,0,0,0,4
05/07/2022,HLG,WV,AEA,CE,Federal Contract Tower,0,0,5,0,5,0,0,4,21,25,0,0,9,21,30,0,40,40,70
05/08/2022,HLG,WV,AEA,CE,Federal Contract Tower,0,2,2,0,4,0,0,10,24,34,0,2,12,24,38,0,70,70,108
05/09/2022,HLG,WV,AEA,CE,Federal Contract Tower,0,4,0,2,6,0,0,15,2,17,0,4,15,4,23,8,8,16,39
05/10/2022,HLG,WV,AEA,CE,Federal Contract Tower,0,2,4,0,6,0,0,8,2,10,0,2,12,2,16,12,24,36,52
05/11/2022,HLG,WV,AEA,CE,Federal Contract Tower,0,6,1,2,9,0,0,35,4,39,0,6,36,6,48,6,0,6,54
05/12/2022,HLG,WV,AEA,CE,Federal Contract Tower,0,0,0,0,0,0,0,13,2,15,0,0,13,2,15,4,16,20,35
05/13/2022,HLG,WV,AEA,CE,Federal Contract Tower,0,6,1,0,7,0,0,30,4,34,0,6,31,4,41,8,16,24,65
05/14/2022,HLG,WV,AEA,CE,Federal Contract Tower,0,0,2,0,2,0,0,13,0,13,0,0,15,0,15,0,0,0,15
05/15/2022,HLG,WV,AEA,CE,Federal Contract Tower,0,4,6,0,10,0,0,18,0,18,0,4,24,0,28,0,0,0,28
05/16/2022,HLG,WV,AEA,CE,Federal Contract Tower,0,0,0,0,0,0,0,5,4,9,0,0,5,4,9,0,4,4,13
05/17/2022,HLG,WV,AEA,CE,Federal Contract Tower,0,0,0,0,0,0,0,9,4,13,0,0,9,4,13,2,32,34,47
05/18/2022,HLG,WV,AEA,CE,Federal Contract Tower,0,0,2,0,2,0,0,8,7,15,0,0,10,7,17,0,34,34,51
05/19/2022,HLG,WV,AEA,CE,Federal Contract Tower,0,2,4,0,6,0,0,17,12,29,0,2,21,12,35,22,38,60,95
05/20/2022,HLG,WV,AEA,CE,Federal Contract Tower,0,6,4,0,10,0,4,8,6,18,0,10,12,6,28,8,14,22,50
05/21/2022,HLG,WV,AEA,CE,Federal Contract Tower,0,0,0,1,1,0,0,27,5,32,0,0,27,6,33,6,14,20,53
05/22/2022,HLG,WV,AEA,CE,Federal Contract Tower,0,1,2,0,3,0,0,8,6,14,0,1,10,6,17,0,20,20,37
05/23/2022,HLG,WV,AEA,CE,Federal Contract Tower,0,4,0,0,4,0,0,24,2,26,0,4,24,2,30,8,4,12,42
05/24/2022,HLG,WV,AEA,CE,Federal Contract Tower,0,0,0,0,0,0,0,16,5,21,0,0,16,5,21,0,4,4,25
05/25/2022,HLG,WV,AEA,CE,Federal Contract Tower,0,0,3,0,3,0,4,6,4,14,0,4,9,4,17,0,16,16,33
05/26/2022,HLG,WV,AEA,CE,Federal Contract Tower,0,6,5,0,11,0,1,18,2,21,0,7,23,2,32,30,0,30,62
05/27/2022,HLG,WV,AEA,CE,Federal Contract Tower,0,2,0,0,2,0,0,1,0,1,0,2,1,0,3,0,0,0,3
05/28/2022,HLG,WV,AEA,CE,Federal Contract Tower,0,0,0,0,0,0,0,5,0,5,0,0,5,0,5,2,0,2,7
05/29/2022,HLG,WV,AEA,CE,Federal Contract Tower,0,0,0,0,0,0,2,20,0,22,0,2,20,0,22,2,0,2,24
05/30/2022,HLG,WV,AEA,CE,Federal Contract Tower,0,1,3,2,6,0,0,18,4,22,0,1,21,6,28,0,8,8,36
05/31/2022,HLG,WV,AEA,CE,Federal Contract Tower,0,2,0,0,2,0,0,16,5,21,0,2,16,5,23,4,10,14,37
06/01/2022,HLG,WV,AEA,CE,Federal Contract Tower,0,2,3,0,5,0,0,11,4,15,0,2,14,4,20,0,20,20,40
06/02/2022,HLG,WV,AEA,CE,Federal Contract Tower,0,2,3,0,5,0,0,6,2,8,0,2,9,2,13,0,6,6,19
06/03/2022,HLG,WV,AEA,CE,Federal Contract Tower,0,0,0,0,0,0,0,25,4,29,0,0,25,4,29,6,0,6,35
06/04/2022,HLG,WV,AEA,CE,Federal Contract Tower,0,0,0,7,7,0,0,11,25,36,0,0,11,32,43,0,50,50,93
06/05/2022,HLG,WV,AEA,CE,Federal Contract Tower,0,2,0,1,3,0,6,20,13,39,0,8,20,14,42,12,32,44,86
06/06/2022,HLG,WV,AEA,CE,Federal Contract Tower,0,0,1,1,2,0,0,16,13,29,0,0,17,14,31,2,68,70,101
06/07/2022,HLG,WV,AEA,CE,Federal Contract Tower,0,1,5,2,8,0,0,0,0,0,0,1,5,2,8,0,14,14,22
06/08/2022,HLG,WV,AEA,CE,Federal Contract Tower,0,1,4,0,5,0,0,11,5,16,0,1,15,5,21,2,30,32,53
06/09/2022,HLG,WV,AEA,CE,Federal Contract Tower,0,1,2,0,3,0,0,13,2,15,0,1,15,2,18,0,16,16,34
06/10/2022,HLG,WV,AEA,CE,Federal Contract Tower,0,0,3,0,3,0,6,30,2,38,0,6,33,2,41,20,0,20,61
06/11/2022,HLG,WV,AEA,CE,Federal Contract Tower,0,1,0,0,1,0,0,30,0,30,0,1,30,0,31,20,0,20,51
06/12/2022,HLG,WV,AEA,CE,Federal Contract Tower,0,0,2,0,2,0,3,25,1,29,0,3,27,1,31,0,0,0,31
06/13/2022,HLG,WV,AEA,CE,Federal Contract Tower,0,0,0,0,0,0,0,15,8,23,0,0,15,8,23,0,58,58,81
06/14/2022,HLG,WV,AEA,CE,Federal Contract Tower,0,4,0,0,4,0,0,6,0,6,0,4,6,0,10,12,0,12,22
06/15/2022,HLG,WV,AEA,CE,Federal Contract Tower,0,2,0,0,2,0,0,17,3,20,0,2,17,3,22,4,0,4,26
06/16/2022,HLG,WV,AEA,CE,Federal Contract Tower,0,1,0,1,2,0,0,20,2,22,0,1,20,3,24,20,6,26,50
06/17/2022,HLG,WV,AEA,CE,Federal Contract Tower,0,2,0,0,2,0,0,8,5,13,0,2,8,5,15,0,20,20,35
06/18/2022,HLG,WV,AEA,CE,Federal Contract Tower,0,0,1,0,1,0,0,7,0,7,0,0,8,0,8,0,0,0,8
06/19/2022,HLG,WV,AEA,CE,Federal Contract Tower,0,0,0,0,0,0,0,14,0,14,0,0,14,0,14,0,0,0,14
06/20/2022,HLG,WV,AEA,CE,Federal Contract Tower,0,2,1,0,3,0,4,21,0,25,0,6,22,0,28,0,0,0,28
06/21/2022,HLG,WV,AEA,CE,Federal Contract Tower,0,1,1,0,2,0,4,9,8,21,0,5,10,8,23,0,8,8,31
06/22/2022,HLG,WV,AEA,CE,Federal Contract Tower,0,2,1,0,3,0,5,7,3,15,0,7,8,3,18,24,12,36,54
06/23/2022,HLG,WV,AEA,CE,Federal Contract Tower,0,7,0,0,7,0,2,17,4,23,0,9,17,4,30,4,4,8,38
06/24/2022,HLG,WV,AEA,CE,Federal Contract Tower,0,6,0,1,7,0,4,38,6,48,0,10,38,7,55,14,8,22,77
06/25/2022,HLG,WV,AEA,CE,Federal Contract Tower,0,4,0,0,4,0,2,31,6,39,0,6,31,6,43,14,12,26,69
06/26/2022,HLG,WV,AEA,CE,Federal Contract Tower,0,0,1,0,1,0,0,4,0,4,0,0,5,0,5,0,0,0,5
06/27/2022,HLG,WV,AEA,CE,Federal Contract Tower,0,1,1,0,2,0,0,22,5,27,0,1,23,5,29,4,34,38,67
06/28/2022,HLG,WV,AEA,CE,Federal Contract Tower,0,1,1,0,2,0,2,20,1,23,0,3,21,1,25,8,0,8,33
06/29/2022,HLG,WV,AEA,CE,Federal Contract Tower,0,0,2,0,2,0,7,31,0,38,0,7,33,0,40,40,0,40,80
06/30/2022,HLG,WV,AEA,CE,Federal Contract Tower,0,8,0,0,8,0,0,8,2,10,0,8,8,2,18,0,4,4,22
07/01/2022,HLG,WV,AEA,CE,Federal Contract Tower,0,2,0,0,2,0,0,5,5,10,0,2,5,5,12,8,0,8,20
07/02/2022,HLG,WV,AEA,CE,Federal Contract Tower,0,1,10,0,11,0,2,10,0,12,0,3,20,0,23,8,0,8,31
07/03/2022,HLG,WV,AEA,CE,Federal Contract Tower,0,0,0,0,0,0,2,10,0,12,0,2,10,0,12,4,0,4,16
07/04/2022,HLG,WV,AEA,CE,Federal Contract Tower,0,0,2,0,2,0,0,24,0,24,0,0,26,0,26,8,0,8,34
07/05/2022,HLG,WV,AEA,CE,Federal Contract Tower,0,0,2,0,2,0,0,6,0,6,0,0,8,0,8,0,0,0,8
07/06/2022,HLG,WV,AEA,CE,Federal Contract Tower,0,0,0,0,0,0,0,1,0,1,0,0,1,0,1,0,0,0,1
07/07/2022,HLG,WV,AEA,CE,Federal Contract Tower,0,2,3,0,5,0,0,14,5,19,0,2,17,5,24,0,8,8,32
07/08/2022,HLG,WV,AEA,CE,Federal Contract Tower,0,2,0,3,5,0,0,5,23,28,0,2,5,26,33,0,66,66,99
07/09/2022,HLG,WV,AEA,CE,Federal Contract Tower,0,0,0,0,0,0,6,16,5,27,0,6,16,5,27,0,36,36,63
07/10/2022,HLG,WV,AEA,CE,Federal Contract Tower,0,2,4,0,6,0,0,10,8,18,0,2,14,8,24,0,4,4,28
07/11/2022,HLG,WV,AEA,CE,Federal Contract Tower,0,0,0,0,0,0,0,16,15,31,0,0,16,15,31,10,28,38,69
07/12/2022,HLG,WV,AEA,CE,Federal Contract Tower,0,0,0,0,0,0,0,2,8,10,0,0,2,8,10,0,38,38,48
07/13/2022,HLG,WV,AEA,CE,Federal Contract Tower,0,2,2,1,5,0,0,21,16,37,0,2,23,17,42,26,26,52,94
07/14/2022,HLG,WV,AEA,CE,Federal Contract Tower,0,0,1,0,1,0,3,6,7,16,0,3,7,7,17,0,8,8,25
07/15/2022,HLG,WV,AEA,CE,Federal Contract Tower,0,0,2,0,2,0,0,39,33,72,0,0,41,33,74,6,38,44,118
07/16/2022,HLG,WV,AEA,CE,Federal Contract Tower,0,4,2,0,6,0,0,4,6,10,0,4,6,6,16,0,8,8,24
07/17/2022,HLG,WV,AEA,CE,Federal Contract Tower,0,0,0,2,2,0,0,2,0,2,0,0,2,2,4,8,0,8,12
07/18/2022,HLG,WV,AEA,CE,Federal Contract Tower,0,4,0,2,6,0,0,0,8,8,0,4,0,10,14,0,72,72,86
07/19/2022,HLG,WV,AEA,CE,Federal Contract Tower,0,2,1,0,3,0,4,7,3,14,0,6,8,3,17,0,46,46,63
07/20/2022,HLG,WV,AEA,CE,Federal Contract Tower,0,5,5,0,10,0,4,17,12,33,0,9,22,12,43,12,26,38,81
07/21/2022,HLG,WV,AEA,CE,Federal Contract Tower,0,8,0,1,9,0,4,23,15,42,0,12,23,16,51,0,36,36,87
07/22/2022,HLG,WV,AEA,CE,Federal Contract Tower,0,0,1,0,1,0,0,16,8,24,0,0,17,8,25,4,8,12,37
07/23/2022,HLG,WV,AEA,CE,Federal Contract Tower,0,0,3,0,3,0,0,15,0,15,0,0,18,0,18,0,0,0,18
07/24/2022,HLG,WV,AEA,CE,Federal Contract Tower,0,0,1,0,1,0,0,7,2,9,0,0,8,2,10,6,0,6,16
07/25/2022,HLG,WV,AEA,CE,Federal Contract Tower,0,2,0,0,2,0,0,12,0,12,0,2,12,0,14,28,0,28,42
07/26/2022,HLG,WV,AEA,CE,Federal Contract Tower,0,2,5,0,7,0,0,57,0,57,0,2,62,0,64,32,0,32,96
07/27/2022,HLG,WV,AEA,CE,Federal Contract Tower,0,3,3,0,6,0,2,10,2,14,0,5,13,2,20,0,0,0,20
07/28/2022,HLG,WV,AEA,CE,Federal Contract Tower,0,4,1,3,8,0,4,13,0,17,0,8,14,3,25,0,0,0,25
07/29/2022,HLG,WV,AEA,CE,Federal Contract Tower,0,2,1,0,3,0,15,1,0,16,0,17,2,0,19,4,0,4,23
07/30/2022,HLG,WV,AEA,CE,Federal Contract Tower,0,4,0,0,4,0,0,22,0,22,0,4,22,0,26,18,0,18,44
07/31/2022,HLG,WV,AEA,CE,Federal Contract Tower,0,3,6,0,9,0,0,14,0,14,0,3,20,0,23,12,0,12,35
08/01/2022,HLG,WV,AEA,CE,Federal Contract Tower,0,2,0,0,2,0,0,9,1,10,0,2,9,1,12,18,0,18,30
08/02/2022,HLG,WV,AEA,CE,Federal Contract Tower,0,0,0,1,1,0,4,35,2,41,0,4,35,3,42,14,4,18,60
08/03/2022,HLG,WV,AEA,CE,Federal Contract Tower,0,0,4,0,4,0,4,25,5,34,0,4,29,5,38,6,0,6,44
08/04/2022,HLG,WV,AEA,CE,Federal Contract Tower,0,0,2,0,2,0,0,6,0,6,0,0,8,0,8,0,0,0,8
08/05/2022,HLG,WV,AEA,CE,Federal Contract Tower,0,2,0,0,2,0,0,3,10,13,0,2,3,10,15,0,30,30,45
08/06/2022,HLG,WV,AEA,CE,Federal Contract Tower,0,0,1,1,2,0,0,14,2,16,0,0,15,3,18,16,8,24,42
08/07/2022,HLG,WV,AEA,CE,Federal Contract Tower,0,2,0,1,3,0,0,21,3,24,0,2,21,4,27,22,4,26,53
08/08/2022,HLG,WV,AEA,CE,Federal Contract Tower,0,1,0,0,1,0,0,22,12,34,0,1,22,12,35,0,36,36,71
08/09/2022,HLG,WV,AEA,CE,Federal Contract Tower,0,1,0,2,3,0,0,6,2,8,0,1,6,4,11,0,0,0,11
08/10/2022,HLG,WV,AEA,CE,Federal Contract Tower,0,0,1,0,1,0,0,19,0,19,0,0,20,0,20,0,0,0,20
08/11/2022,HLG,WV,AEA,CE,Federal Contract Tower,0,0,2,0,2,0,2,52,0,54,0,2,54,0,56,8,0,8,64
08/12/2022,HLG,WV,AEA,CE,Federal Contract Tower,0,0,1,4,5,0,0,44,2,46,0,0,45,6,51,4,8,12,63
08/13/2022,HLG,WV,AEA,CE,Federal Contract Tower,0,0,4,0,4,0,0,16,1,17,0,0,20,1,21,0,0,0,21
08/14/2022,HLG,WV,AEA,CE,Federal Contract Tower,0,2,0,0,2,0,2,9,0,11,0,4,9,0,13,4,0,4,17
08/15/2022,HLG,WV,AEA,CE,Federal Contract Tower,0,2,0,2,4,0,0,14,4,18,0,2,14,6,22,24,2,26,48
08/16/2022,HLG,WV,AEA,CE,Federal Contract Tower,0,0,2,4,6,0,2,12,0,14,0,2,14,4,20,0,0,0,20
08/17/2022,HLG,WV,AEA,CE,Federal Contract Tower,0,4,5,0,9,0,0,16,4,20,0,4,21,4,29,58,16,74,103
08/18/2022,HLG,WV,AEA,CE,Federal Contract Tower,0,2,1,3,6,0,0,67,9,76,0,2,68,12,82,8,14,22,104
08/19/2022,HLG,WV,AEA,CE,Federal Contract Tower,0,2,4,4,10,0,2,30,6,38,0,4,34,10,48,2,0,2,50
08/20/2022,HLG,WV,AEA,CE,Federal Contract Tower,0,0,1,0,1,0,0,7,0,7,0,0,8,0,8,14,0,14,22
08/21/2022,HLG,WV,AEA,CE,Federal Contract Tower,0,0,0,0,0,0,0,2,0,2,0,0,2,0,2,0,0,0,2
08/22/2022,HLG,WV,AEA,CE,Federal Contract Tower,0,1,0,0,1,0,0,2,4,6,0,1,2,4,7,6,12,18,25
08/23/2022,HLG,WV,AEA,CE,Federal Contract Tower,0,1,0,3,4,0,0,17,2,19,0,1,17,5,23,4,0,4,27
08/24/2022,HLG,WV,AEA,CE,Federal Contract Tower,0,0,0,0,0,0,4,18,2,24,0,4,18,2,24,28,0,28,52
08/25/2022,HLG,WV,AEA,CE,Federal Contract Tower,0,4,0,0,4,0,0,21,0,21,0,4,21,0,25,8,0,8,33
08/26/2022,HLG,WV,AEA,CE,Federal Contract Tower,0,0,1,2,3,0,0,5,6,11,0,0,6,8,14,0,12,12,26
08/27/2022,HLG,WV,AEA,CE,Federal Contract Tower,0,2,6,0,8,0,0,26,3,29,0,2,32,3,37,12,4,16,53
08/28/2022,HLG,WV,AEA,CE,Federal Contract Tower,0,0,3,0,3,0,0,31,0,31,0,0,34,0,34,4,0,4,38
08/29/2022,HLG,WV,AEA,CE,Federal Contract Tower,0,0,3,0,3,0,0,25,0,25,0,0,28,0,28,0,0,0,28
08/30/2022,HLG,WV,AEA,CE,Federal Contract Tower,0,4,0,0,4,0,0,6,0,6,0,4,6,0,10,8,0,8,18
08/31/2022,HLG,WV,AEA,CE,Federal Contract Tower,0,1,2,1,4,0,2,11,6,19,0,3,13,7,23,0,16,16,39
09/01/2022,HLG,WV,AEA,CE,Federal Contract Tower,0,0,0,2,2,0,0,26,2,28,0,0,26,4,30,6,8,14,44
09/02/2022,HLG,WV,AEA,CE,Federal Contract Tower,0,4,2,0,6,0,0,12,7,19,0,4,14,7,25,0,4,4,29
09/03/2022,HLG,WV,AEA,CE,Federal Contract Tower,0,2,0,0,2,0,0,14,0,14,0,2,14,0,16,14,0,14,30
09/04/2022,HLG,WV,AEA,CE,Federal Contract Tower,0,0,2,0,2,0,0,2,0,2,0,0,4,0,4,0,0,0,4
09/05/2022,HLG,WV,AEA,CE,Federal Contract Tower,0,1,2,0,3,0,4,4,0,8,0,5,6,0,11,0,0,0,11
09/06/2022,HLG,WV,AEA,CE,Federal Contract Tower,0,1,2,0,3,0,0,3,0,3,0,1,5,0,6,0,0,0,6
09/07/2022,HLG,WV,AEA,CE,Federal Contract Tower,0,3,1,0,4,0,2,16,0,18,0,5,17,0,22,0,0,0,22
09/08/2022,HLG,WV,AEA,CE,Federal Contract Tower,0,2,1,0,3,0,2,13,0,15,0,4,14,0,18,10,0,10,28
09/09/2022,HLG,WV,AEA,CE,Federal Contract Tower,0,4,3,0,7,0,2,21,5,28,0,6,24,5,35,0,0,0,35
09/10/2022,HLG,WV,AEA,CE,Federal Contract Tower,0,1,7,0,8,0,0,22,0,22,0,1,29,0,30,10,0,10,40
09/11/2022,HLG,WV,AEA,CE,Federal Contract Tower,0,2,1,0,3,0,0,4,0,4,0,2,5,0,7,2,0,2,9
09/12/2022,HLG,WV,AEA,CE,Federal Contract Tower,0,0,5,0,5,0,0,13,6,19,0,0,18,6,24,0,42,42,66
09/13/2022,HLG,WV,AEA,CE,Federal Contract Tower,0,3,3,0,6,0,0,4,3,7,0,3,7,3,13,0,30,30,43
09/14/2022,HLG,WV,AEA,CE,Federal Contract Tower,0,4,0,0,4,0,0,11,0,11,0,4,11,0,15,16,0,16,31
09/15/2022,HLG,WV,AEA,CE,Federal Contract Tower,0,1,0,2,3,0,0,6,0,6,0,1,6,2,9,6,0,6,15
09/16/2022,HLG,WV,AEA,CE,Federal Contract Tower,0,1,3,0,4,0,2,17,5,24,0,3,20,5,28,2,16,18,46
09/17/2022,HLG,WV,AEA,CE,Federal Contract Tower,0,0,0,0,0,0,0,14,0,14,0,0,14,0,14,0,0,0,14
09/18/2022,HLG,WV,AEA,CE,Federal Contract Tower,0,0,5,0,5,0,0,11,0,11,0,0,16,0,16,0,0,0,16
09/19/2022,HLG,WV,AEA,CE,Federal Contract Tower,0,2,1,0,3,0,2,2,4,8,0,4,3,4,11,8,32,40,51
09/20/2022,HLG,WV,AEA,CE,Federal Contract Tower,0,2,0,1,3,0,4,8,1,13,0,6,8,2,16,0,0,0,16
09/21/2022,HLG,WV,AEA,CE,Federal Contract Tower,0,1,0,0,1,0,0,3,0,3,0,1,3,0,4,0,0,0,4
09/22/2022,HLG,WV,AEA,CE,Federal Contract Tower,0,2,5,0,7,0,0,8,0,8,0,2,13,0,15,12,0,12,27
09/23/2022,HLG,WV,AEA,CE,Federal Contract Tower,0,3,1,0,4,0,0,17,8,25,0,3,18,8,29,14,18,32,61
09/24/2022,HLG,WV,AEA,CE,Federal Contract Tower,0,0,1,1,2,0,0,101,6,107,0,0,102,7,109,2,26,28,137
09/25/2022,HLG,WV,AEA,CE,Federal Contract Tower,0,0,1,0,1,0,0,3,2,5,0,0,4,2,6,0,0,0,6
09/26/2022,HLG,WV,AEA,CE,Federal Contract Tower,0,0,0,1,1,0,0,10,7,17,0,0,10,8,18,12,16,28,46
09/27/2022,HLG,WV,AEA,CE,Federal Contract Tower,0,0,1,0,1,0,0,4,0,4,0,0,5,0,5,0,0,0,5
09/28/2022,HLG,WV,AEA,CE,Federal Contract Tower,0,2,1,1,4,0,0,2,1,3,0,2,3,2,7,0,14,14,21
09/29/2022,HLG,WV,AEA,CE,Federal Contract Tower,0,0,1,0,1,0,0,13,2,15,0,0,14,2,16,16,0,16,32
09/30/2022,HLG,WV,AEA,CE,Federal Contract Tower,0,0,0,0,0,0,2,21,0,23,0,2,21,0,23,0,0,0,23
10/01/2022,HLG,WV,AEA,CE,Federal Contract Tower,0,0,0,0,0,0,0,0,0,0,0,0,0,0,0,0,0,0,0
10/02/2022,HLG,WV,AEA,CE,Federal Contract Tower,0,2,0,0,2,0,0,8,0,8,0,2,8,0,10,12,0,12,22
10/03/2022,HLG,WV,AEA,CE,Federal Contract Tower,0,0,0,0,0,0,0,32,4,36,0,0,32,4,36,8,42,50,86
10/04/2022,HLG,WV,AEA,CE,Federal Contract Tower,0,4,0,0,4,0,0,22,2,24,0,4,22,2,28,22,0,22,50
10/05/2022,HLG,WV,AEA,CE,Federal Contract Tower,0,0,5,0,5,0,2,33,0,35,0,2,38,0,40,34,0,34,74
10/06/2022,HLG,WV,AEA,CE,Federal Contract Tower,0,1,1,0,2,0,2,28,0,30,0,3,29,0,32,48,0,48,80
10/07/2022,HLG,WV,AEA,CE,Federal Contract Tower,0,4,2,1,7,0,0,4,0,4,0,4,6,1,11,4,0,4,15
10/08/2022,HLG,WV,AEA,CE,Federal Contract Tower,0,0,8,0,8,0,0,18,1,19,0,0,26,1,27,6,0,6,33
10/09/2022,HLG,WV,AEA,CE,Federal Contract Tower,0,0,1,0,1,0,0,22,0,22,0,0,23,0,23,14,0,14,37
10/10/2022,HLG,WV,AEA,CE,Federal Contract Tower,0,0,0,0,0,0,0,19,6,25,0,0,19,6,25,0,14,14,39
10/11/2022,HLG,WV,AEA,CE,Federal Contract Tower,0,2,0,0,2,0,0,13,0,13,0,2,13,0,15,28,0,28,43
10/12/2022,HLG,WV,AEA,CE,Federal Contract Tower,0,3,1,0,4,0,0,7,0,7,0,3,8,0,11,0,0,0,11
10/13/2022,HLG,WV,AEA,CE,Federal Contract Tower,0,1,0,0,1,0,4,10,0,14,0,5,10,0,15,12,0,12,27
10/14/2022,HLG,WV,AEA,CE,Federal Contract Tower,0,1,2,1,4,0,0,14,30,44,0,1,16,31,48,8,12,20,68
10/15/2022,HLG,WV,AEA,CE,Federal Contract Tower,0,0,4,0,4,0,2,13,16,31,0,2,17,16,35,16,34,50,85
10/16/2022,HLG,WV,AEA,CE,Federal Contract Tower,0,2,0,0,2,0,2,8,12,22,0,4,8,12,24,4,30,34,58
10/17/2022,HLG,WV,AEA,CE,Federal Contract Tower,0,4,0,0,4,0,4,3,10,17,0,8,3,10,21,0,46,46,67
10/18/2022,HLG,WV,AEA,CE,Federal Contract Tower,0,0,0,0,0,0,0,2,0,2,0,0,2,0,2,0,0,0,2
10/19/2022,HLG,WV,AEA,CE,Federal Contract Tower,0,0,0,3,3,0,0,0,3,3,0,0,0,6,6,0,22,22,28
10/20/2022,HLG,WV,AEA,CE,Federal Contract Tower,0,0,0,0,0,0,6,6,6,18,0,6,6,6,18,0,16,16,34
10/21/2022,HLG,WV,AEA,CE,Federal Contract Tower,0,0,1,0,1,0,2,25,17,44,0,2,26,17,45,8,54,62,107
10/22/2022,HLG,WV,AEA,CE,Federal Contract Tower,0,0,1,0,1,0,0,25,6,31,0,0,26,6,32,30,12,42,74
10/23/2022,HLG,WV,AEA,CE,Federal Contract Tower,0,0,5,1,6,0,0,28,3,31,0,0,33,4,37,12,6,18,55
10/24/2022,HLG,WV,AEA,CE,Federal Contract Tower,0,0,0,0,0,0,0,22,2,24,0,0,22,2,24,0,0,0,24
10/25/2022,HLG,WV,AEA,CE,Federal Contract Tower,0,6,0,0,6,0,2,15,9,26,0,8,15,9,32,0,20,20,52
10/26/2022,HLG,WV,AEA,CE,Federal Contract Tower,0,2,0,0,2,0,0,0,1,1,0,2,0,1,3,0,4,4,7
10/27/2022,HLG,WV,AEA,CE,Federal Contract Tower,0,3,0,0,3,0,0,8,2,10,0,3,8,2,13,18,0,18,31
10/28/2022,HLG,WV,AEA,CE,Federal Contract Tower,0,2,0,0,2,0,2,16,8,26,0,4,16,8,28,0,32,32,60
10/29/2022,HLG,WV,AEA,CE,Federal Contract Tower,0,1,3,0,4,0,0,12,0,12,0,1,15,0,16,0,0,0,16
10/30/2022,HLG,WV,AEA,CE,Federal Contract Tower,0,0,4,0,4,0,4,15,0,19,0,4,19,0,23,12,0,12,35
10/31/2022,HLG,WV,AEA,CE,Federal Contract Tower,0,0,0,0,0,0,0,0,2,2,0,0,0,2,2,0,48,48,50
11/01/2022,HLG,WV,AEA,CE,Federal Contract Tower,0,10,2,2,14,0,0,10,0,10,0,10,12,2,24,10,0,10,34
11/02/2022,HLG,WV,AEA,CE,Federal Contract Tower,0,0,0,0,0,0,0,15,3,18,0,0,15,3,18,56,36,92,110
11/03/2022,HLG,WV,AEA,CE,Federal Contract Tower,0,2,2,1,5,0,2,19,14,35,0,4,21,15,40,20,54,74,114
11/04/2022,HLG,WV,AEA,CE,Federal Contract Tower,0,0,0,1,1,0,0,26,24,50,0,0,26,25,51,2,46,48,99
11/05/2022,HLG,WV,AEA,CE,Federal Contract Tower,0,0,0,4,4,0,0,0,15,15,0,0,0,19,19,0,34,34,53
11/06/2022,HLG,WV,AEA,CE,Federal Contract Tower,0,0,0,2,2,0,0,12,8,20,0,0,12,10,22,18,14,32,54
11/07/2022,HLG,WV,AEA,CE,Federal Contract Tower,0,0,3,0,3,0,0,6,10,16,0,0,9,10,19,0,54,54,73
11/08/2022,HLG,WV,AEA,CE,Federal Contract Tower,0,0,0,4,4,0,4,21,8,33,0,4,21,12,37,18,14,32,69
11/09/2022,HLG,WV,AEA,CE,Federal Contract Tower,0,4,0,0,4,0,0,27,12,39,0,4,27,12,43,32,26,58,101
11/10/2022,HLG,WV,AEA,CE,Federal Contract Tower,0,0,0,0,0,0,2,12,6,20,0,2,12,6,20,8,16,24,44
11/11/2022,HLG,WV,AEA,CE,Federal Contract Tower,0,0,0,0,0,0,0,0,0,0,0,0,0,0,0,0,0,0,0
11/12/2022,HLG,WV,AEA,CE,Federal Contract Tower,0,1,0,0,1,0,0,2,0,2,0,1,2,0,3,0,0,0,3
11/13/2022,HLG,WV,AEA,CE,Federal Contract Tower,0,2,1,0,3,0,0,13,0,13,0,2,14,0,16,32,0,32,48
11/14/2022,HLG,WV,AEA,CE,Federal Contract Tower,0,5,1,1,7,0,0,10,10,20,0,5,11,11,27,0,58,58,85
11/15/2022,HLG,WV,AEA,CE,Federal Contract Tower,0,3,0,0,3,0,0,10,0,10,0,3,10,0,13,0,0,0,13
11/16/2022,HLG,WV,AEA,CE,Federal Contract Tower,0,2,0,0,2,0,0,0,13,13,0,2,0,13,15,12,64,76,91
11/17/2022,HLG,WV,AEA,CE,Federal Contract Tower,0,0,0,0,0,0,0,2,17,19,0,0,2,17,19,0,46,46,65
11/18/2022,HLG,WV,AEA,CE,Federal Contract Tower,0,4,0,0,4,0,0,2,9,11,0,4,2,9,15,0,50,50,65
11/19/2022,HLG,WV,AEA,CE,Federal Contract Tower,0,3,0,0,3,0,0,3,6,9,0,3,3,6,12,0,20,20,32
11/20/2022,HLG,WV,AEA,CE,Federal Contract Tower,0,0,0,0,0,0,0,15,1,16,0,0,15,1,16,2,2,4,20
11/21/2022,HLG,WV,AEA,CE,Federal Contract Tower,0,0,2,0,2,0,14,21,3,38,0,14,23,3,40,0,6,6,46
11/22/2022,HLG,WV,AEA,CE,Federal Contract Tower,0,0,0,0,0,0,2,37,0,39,0,2,37,0,39,2,0,2,41
11/23/2022,HLG,WV,AEA,CE,Federal Contract Tower,0,5,2,0,7,0,0,20,2,22,0,5,22,2,29,12,0,12,41
11/24/2022,HLG,WV,AEA,CE,Federal Contract Tower,0,0,0,0,0,0,0,8,0,8,0,0,8,0,8,0,0,0,8
11/25/2022,HLG,WV,AEA,CE,Federal Contract Tower,0,1,4,0,5,0,0,13,0,13,0,1,17,0,18,4,0,4,22
11/26/2022,HLG,WV,AEA,CE,Federal Contract Tower,0,4,3,0,7,0,0,30,2,32,0,4,33,2,39,24,0,24,63
11/27/2022,HLG,WV,AEA,CE,Federal Contract Tower,0,0,0,0,0,0,0,0,0,0,0,0,0,0,0,0,0,0,0
11/28/2022,HLG,WV,AEA,CE,Federal Contract Tower,0,1,0,0,1,0,0,2,0,2,0,1,2,0,3,0,0,0,3
11/29/2022,HLG,WV,AEA,CE,Federal Contract Tower,0,0,0,0,0,0,4,14,2,20,0,4,14,2,20,6,0,6,26
11/30/2022,HLG,WV,AEA,CE,Federal Contract Tower,0,0,2,0,2,0,0,2,2,4,0,0,4,2,6,0,0,0,6
12/01/2022,HLG,WV,AEA,CE,Federal Contract Tower,0,0,0,0,0,0,9,30,2,41,0,9,30,2,41,38,0,38,79
12/02/2022,HLG,WV,AEA,CE,Federal Contract Tower,0,2,0,5,7,0,0,7,36,43,0,2,7,41,50,8,92,100,150
12/03/2022,HLG,WV,AEA,CE,Federal Contract Tower,0,2,0,6,8,0,0,2,20,22,0,2,2,26,30,0,66,66,96
12/04/2022,HLG,WV,AEA,CE,Federal Contract Tower,0,0,3,0,3,0,0,26,2,28,0,0,29,2,31,0,0,0,31
12/05/2022,HLG,WV,AEA,CE,Federal Contract Tower,0,0,0,0,0,0,0,8,12,20,0,0,8,12,20,8,38,46,66
12/06/2022,HLG,WV,AEA,CE,Federal Contract Tower,0,6,0,0,6,0,0,0,0,0,0,6,0,0,6,0,0,0,6
12/07/2022,HLG,WV,AEA,CE,Federal Contract Tower,0,1,0,2,3,0,0,1,0,1,0,1,1,2,4,0,0,0,4
12/08/2022,HLG,WV,AEA,CE,Federal Contract Tower,0,4,4,0,8,0,0,1,2,3,0,4,5,2,11,0,0,0,11
12/09/2022,HLG,WV,AEA,CE,Federal Contract Tower,0,0,3,0,3,0,0,22,2,24,0,0,25,2,27,42,0,42,69
12/10/2022,HLG,WV,AEA,CE,Federal Contract Tower,0,0,0,0,0,0,0,2,0,2,0,0,2,0,2,0,0,0,2
12/11/2022,HLG,WV,AEA,CE,Federal Contract Tower,0,0,2,0,2,0,0,4,0,4,0,0,6,0,6,0,0,0,6
12/12/2022,HLG,WV,AEA,CE,Federal Contract Tower,0,0,0,0,0,0,2,8,10,20,0,2,8,10,20,0,12,12,32
12/13/2022,HLG,WV,AEA,CE,Federal Contract Tower,0,0,3,1,4,0,0,21,3,24,0,0,24,4,28,2,4,6,34
12/14/2022,HLG,WV,AEA,CE,Federal Contract Tower,0,5,1,2,8,0,0,15,0,15,0,5,16,2,23,16,0,16,39
12/15/2022,HLG,WV,AEA,CE,Federal Contract Tower,0,1,0,0,1,0,0,0,0,0,0,1,0,0,1,0,0,0,1
12/16/2022,HLG,WV,AEA,CE,Federal Contract Tower,0,4,0,0,4,0,0,11,0,11,0,4,11,0,15,8,0,8,23
12/17/2022,HLG,WV,AEA,CE,Federal Contract Tower,0,3,0,2,5,0,0,2,6,8,0,3,2,8,13,0,18,18,31
12/18/2022,HLG,WV,AEA,CE,Federal Contract Tower,0,1,2,0,3,0,0,8,4,12,0,1,10,4,15,0,14,14,29
12/19/2022,HLG,WV,AEA,CE,Federal Contract Tower,0,1,0,0,1,0,0,22,0,22,0,1,22,0,23,10,0,10,33
12/20/2022,HLG,WV,AEA,CE,Federal Contract Tower,0,0,1,0,1,0,0,49,0,49,0,0,50,0,50,0,0,0,50
12/21/2022,HLG,WV,AEA,CE,Federal Contract Tower,0,0,3,0,3,0,0,47,1,48,0,0,50,1,51,0,0,0,51
12/22/2022,HLG,WV,AEA,CE,Federal Contract Tower,0,0,0,0,0,0,0,0,0,0,0,0,0,0,0,0,0,0,0
12/23/2022,HLG,WV,AEA,CE,Federal Contract Tower,0,0,0,0,0,0,0,0,0,0,0,0,0,0,0,0,0,0,0
12/24/2022,HLG,WV,AEA,CE,Federal Contract Tower,0,0,0,0,0,0,0,0,0,0,0,0,0,0,0,0,0,0,0
12/25/2022,HLG,WV,AEA,CE,Federal Contract Tower,0,0,0,0,0,0,0,0,0,0,0,0,0,0,0,0,0,0,0
12/26/2022,HLG,WV,AEA,CE,Federal Contract Tower,0,0,1,0,1,0,0,6,0,6,0,0,7,0,7,0,0,0,7
12/27/2022,HLG,WV,AEA,CE,Federal Contract Tower,0,4,0,0,4,0,0,2,0,2,0,4,2,0,6,0,0,0,6
12/28/2022,HLG,WV,AEA,CE,Federal Contract Tower,0,0,2,0,2,0,0,14,0,14,0,0,16,0,16,0,0,0,16
12/29/2022,HLG,WV,AEA,CE,Federal Contract Tower,0,0,2,0,2,0,2,15,2,19,0,2,17,2,21,28,0,28,49
12/30/2022,HLG,WV,AEA,CE,Federal Contract Tower,0,0,0,0,0,0,0,4,0,4,0,0,4,0,4,8,0,8,12
12/31/2022,HLG,WV,AEA,CE,Federal Contract Tower,0,0,0,0,0,0,0,0,0,0,0,0,0,0,0,0,0,0,0
01/01/2023,HLG,WV,AEA,CE,Federal Contract Tower,0,0,2,0,2,0,0,2,0,2,0,0,4,0,4,0,0,0,4
01/02/2023,HLG,WV,AEA,CE,Federal Contract Tower,0,3,0,0,3,0,0,4,0,4,0,3,4,0,7,0,0,0,7
01/03/2023,HLG,WV,AEA,CE,Federal Contract Tower,0,1,2,0,3,0,0,0,0,0,0,1,2,0,3,0,0,0,3
01/04/2023,HLG,WV,AEA,CE,Federal Contract Tower,0,0,0,0,0,0,2,0,0,2,0,2,0,0,2,0,0,0,2
01/05/2023,HLG,WV,AEA,CE,Federal Contract Tower,0,2,0,0,2,0,4,14,2,20,0,6,14,2,22,0,6,6,28
01/06/2023,HLG,WV,AEA,CE,Federal Contract Tower,0,0,0,0,0,0,0,2,12,14,0,0,2,12,14,0,46,46,60
01/07/2023,HLG,WV,AEA,CE,Federal Contract Tower,0,0,0,0,0,0,0,2,20,22,0,0,2,20,22,0,80,80,102
01/08/2023,HLG,WV,AEA,CE,Federal Contract Tower,0,2,2,0,4,0,6,12,10,28,0,8,14,10,32,34,14,48,80
01/09/2023,HLG,WV,AEA,CE,Federal Contract Tower,0,3,0,2,5,0,0,16,11,27,0,3,16,13,32,6,22,28,60
01/10/2023,HLG,WV,AEA,CE,Federal Contract Tower,0,5,0,0,5,0,0,24,8,32,0,5,24,8,37,22,32,54,91
01/11/2023,HLG,WV,AEA,CE,Federal Contract Tower,0,0,0,2,2,0,0,16,6,22,0,0,16,8,24,0,16,16,40
01/12/2023,HLG,WV,AEA,CE,Federal Contract Tower,0,0,0,0,0,0,0,0,2,2,0,0,0,2,2,0,44,44,46
01/13/2023,HLG,WV,AEA,CE,Federal Contract Tower,0,0,2,0,2,0,0,0,2,2,0,0,2,2,4,0,10,10,14
01/14/2023,HLG,WV,AEA,CE,Federal Contract Tower,0,0,1,0,1,0,0,4,2,6,0,0,5,2,7,0,0,0,7
01/15/2023,HLG,WV,AEA,CE,Federal Contract Tower,0,0,7,0,7,0,0,37,0,37,0,0,44,0,44,26,0,26,70
01/16/2023,HLG,WV,AEA,CE,Federal Contract Tower,0,2,1,0,3,0,0,12,2,14,0,2,13,2,17,2,0,2,19
01/17/2023,HLG,WV,AEA,CE,Federal Contract Tower,0,2,0,0,2,0,0,2,0,2,0,2,2,0,4,0,0,0,4
01/18/2023,HLG,WV,AEA,CE,Federal Contract Tower,0,0,1,2,3,0,0,6,7,13,0,0,7,9,16,0,28,28,44
01/19/2023,HLG,WV,AEA,CE,Federal Contract Tower,0,4,8,0,12,0,4,7,0,11,0,8,15,0,23,8,0,8,31
01/20/2023,HLG,WV,AEA,CE,Federal Contract Tower,0,0,0,0,0,0,0,0,4,4,0,0,0,4,4,0,22,22,26
01/21/2023,HLG,WV,AEA,CE,Federal Contract Tower,0,0,0,0,0,0,0,6,5,11,0,0,6,5,11,8,10,18,29
01/22/2023,HLG,WV,AEA,CE,Federal Contract Tower,0,0,0,0,0,0,0,0,0,0,0,0,0,0,0,0,0,0,0
01/23/2023,HLG,WV,AEA,CE,Federal Contract Tower,0,0,0,1,1,0,0,2,3,5,0,0,2,4,6,0,30,30,36
01/24/2023,HLG,WV,AEA,CE,Federal Contract Tower,0,4,0,0,4,0,0,2,3,5,0,4,2,3,9,2,0,2,11
01/25/2023,HLG,WV,AEA,CE,Federal Contract Tower,0,0,1,0,1,0,0,0,0,0,0,0,1,0,1,0,0,0,1
01/26/2023,HLG,WV,AEA,CE,Federal Contract Tower,0,0,0,0,0,0,0,0,0,0,0,0,0,0,0,0,0,0,0
01/27/2023,HLG,WV,AEA,CE,Federal Contract Tower,0,2,1,3,6,0,0,9,2,11,0,2,10,5,17,0,10,10,27
01/28/2023,HLG,WV,AEA,CE,Federal Contract Tower,0,1,0,0,1,0,0,7,0,7,0,1,7,0,8,6,0,6,14
01/29/2023,HLG,WV,AEA,CE,Federal Contract Tower,0,0,0,0,0,0,0,6,0,6,0,0,6,0,6,94,0,94,100
01/30/2023,HLG,WV,AEA,CE,Federal Contract Tower,0,0,0,0,0,0,0,0,0,0,0,0,0,0,0,0,20,20,20
01/31/2023,HLG,WV,AEA,CE,Federal Contract Tower,0,0,0,3,3,0,0,2,2,4,0,0,2,5,7,0,0,0,7
02/01/2023,HLG,WV,AEA,CE,Federal Contract Tower,0,0,1,0,1,0,0,12,0,12,0,0,13,0,13,6,0,6,19
02/02/2023,HLG,WV,AEA,CE,Federal Contract Tower,0,0,5,0,5,0,0,20,2,22,0,0,25,2,27,4,0,4,31
02/03/2023,HLG,WV,AEA,CE,Federal Contract Tower,0,0,2,5,7,0,0,15,22,37,0,0,17,27,44,0,64,64,108
02/04/2023,HLG,WV,AEA,CE,Federal Contract Tower,0,2,0,5,7,0,0,18,11,29,0,2,18,16,36,0,10,10,46
02/05/2023,HLG,WV,AEA,CE,Federal Contract Tower,0,0,0,3,3,0,0,6,9,15,0,0,6,12,18,24,20,44,62
02/06/2023,HLG,WV,AEA,CE,Federal Contract Tower,0,1,0,2,3,0,0,7,11,18,0,1,7,13,21,2,52,54,75
02/07/2023,HLG,WV,AEA,CE,Federal Contract Tower,0,3,0,0,3,0,0,0,1,1,0,3,0,1,4,0,0,0,4
02/08/2023,HLG,WV,AEA,CE,Federal Contract Tower,0,4,2,2,8,0,0,1,15,16,0,4,3,17,24,6,0,6,30
02/09/2023,HLG,WV,AEA,CE,Federal Contract Tower,0,1,0,2,3,0,0,2,2,4,0,1,2,4,7,0,0,0,7
02/10/2023,HLG,WV,AEA,CE,Federal Contract Tower,0,0,0,6,6,0,0,5,12,17,0,0,5,18,23,4,46,50,73
02/11/2023,HLG,WV,AEA,CE,Federal Contract Tower,0,0,6,1,7,0,0,20,2,22,0,0,26,3,29,14,2,16,45
02/12/2023,HLG,WV,AEA,CE,Federal Contract Tower,0,0,5,0,5,0,2,12,2,16,0,2,17,2,21,48,0,48,69
02/13/2023,HLG,WV,AEA,CE,Federal Contract Tower,0,0,3,3,6,0,0,11,7,18,0,0,14,10,24,0,34,34,58
02/14/2023,HLG,WV,AEA,CE,Federal Contract Tower,0,2,4,3,9,0,0,32,10,42,0,2,36,13,51,18,44,62,113
02/15/2023,HLG,WV,AEA,CE,Federal Contract Tower,0,1,0,0,1,0,0,7,7,14,0,1,7,7,15,0,26,26,41
02/16/2023,HLG,WV,AEA,CE,Federal Contract Tower,0,0,0,8,8,0,0,0,0,0,0,0,0,8,8,0,0,0,8
02/17/2023,HLG,WV,AEA,CE,Federal Contract Tower,0,0,0,0,0,0,0,2,0,2,0,0,2,0,2,2,0,2,4
02/18/2023,HLG,WV,AEA,CE,Federal Contract Tower,0,0,1,0,1,0,0,16,0,16,0,0,17,0,17,16,0,16,33
02/19/2023,HLG,WV,AEA,CE,Federal Contract Tower,0,2,0,0,2,0,0,5,0,5,0,2,5,0,7,0,0,0,7
02/20/2023,HLG,WV,AEA,CE,Federal Contract Tower,0,0,1,0,1,0,0,12,0,12,0,0,13,0,13,0,0,0,13
02/21/2023,HLG,WV,AEA,CE,Federal Contract Tower,0,2,0,4,6,0,0,2,9,11,0,2,2,13,17,0,32,32,49
02/22/2023,HLG,WV,AEA,CE,Federal Contract Tower,0,4,0,0,4,0,0,0,0,0,0,4,0,0,4,0,0,0,4
02/23/2023,HLG,WV,AEA,CE,Federal Contract Tower,0,6,1,0,7,0,2,3,0,5,0,8,4,0,12,0,0,0,12
02/24/2023,HLG,WV,AEA,CE,Federal Contract Tower,0,2,1,0,3,0,0,11,4,15,0,2,12,4,18,0,8,8,26
02/25/2023,HLG,WV,AEA,CE,Federal Contract Tower,0,0,2,0,2,0,0,24,0,24,0,0,26,0,26,10,0,10,36
02/26/2023,HLG,WV,AEA,CE,Federal Contract Tower,0,3,4,0,7,0,0,8,0,8,0,3,12,0,15,12,0,12,27
02/27/2023,HLG,WV,AEA,CE,Federal Contract Tower,0,1,3,0,4,0,0,2,0,2,0,1,5,0,6,0,0,0,6
02/28/2023,HLG,WV,AEA,CE,Federal Contract Tower,0,0,2,0,2,0,0,8,2,10,0,0,10,2,12,0,0,0,12
03/01/2023,HLG,WV,AEA,CE,Federal Contract Tower,0,0,0,0,0,0,0,27,5,32,0,0,27,5,32,4,36,40,72
03/02/2023,HLG,WV,AEA,CE,Federal Contract Tower,0,0,5,1,6,0,2,15,11,28,0,2,20,12,34,4,40,44,78
03/03/2023,HLG,WV,AEA,CE,Federal Contract Tower,0,0,0,0,0,0,0,0,4,4,0,0,0,4,4,0,16,16,20
03/04/2023,HLG,WV,AEA,CE,Federal Contract Tower,0,2,2,3,7,0,0,4,19,23,0,2,6,22,30,0,36,36,66
03/05/2023,HLG,WV,AEA,CE,Federal Contract Tower,0,0,2,0,2,0,0,33,15,48,0,0,35,15,50,14,20,34,84
03/06/2023,HLG,WV,AEA,CE,Federal Contract Tower,0,0,0,2,2,0,0,8,17,25,0,0,8,19,27,8,48,56,83
03/07/2023,HLG,WV,AEA,CE,Federal Contract Tower,0,4,2,0,6,0,2,4,4,10,0,6,6,4,16,0,0,0,16
03/08/2023,HLG,WV,AEA,CE,Federal Contract Tower,0,2,1,0,3,0,0,15,2,17,0,2,16,2,20,0,8,8,28
03/09/2023,HLG,WV,AEA,CE,Federal Contract Tower,0,2,5,0,7,0,0,19,3,22,0,2,24,3,29,10,4,14,43
03/10/2023,HLG,WV,AEA,CE,Federal Contract Tower,0,0,0,0,0,0,0,0,0,0,0,0,0,0,0,0,0,0,0
03/11/2023,HLG,WV,AEA,CE,Federal Contract Tower,0,0,2,0,2,0,0,13,1,14,0,0,15,1,16,16,0,16,32
03/12/2023,HLG,WV,AEA,CE,Federal Contract Tower,0,2,0,0,2,0,0,0,2,2,0,2,0,2,4,0,0,0,4
03/13/2023,HLG,WV,AEA,CE,Federal Contract Tower,0,0,0,1,1,0,0,0,3,3,0,0,0,4,4,0,6,6,10
03/14/2023,HLG,WV,AEA,CE,Federal Contract Tower,0,0,0,0,0,0,0,0,0,0,0,0,0,0,0,0,0,0,0
03/15/2023,HLG,WV,AEA,CE,Federal Contract Tower,0,0,3,0,3,0,0,10,1,11,0,0,13,1,14,0,0,0,14
03/16/2023,HLG,WV,AEA,CE,Federal Contract Tower,0,2,3,0,5,0,0,17,2,19,0,2,20,2,24,16,0,16,40
03/17/2023,HLG,WV,AEA,CE,Federal Contract Tower,0,0,0,0,0,0,0,0,0,0,0,0,0,0,0,0,0,0,0
03/18/2023,HLG,WV,AEA,CE,Federal Contract Tower,0,0,0,0,0,0,0,1,0,1,0,0,1,0,1,0,0,0,1
03/19/2023,HLG,WV,AEA,CE,Federal Contract Tower,0,0,1,0,1,0,0,7,1,8,0,0,8,1,9,6,0,6,15
03/20/2023,HLG,WV,AEA,CE,Federal Contract Tower,0,2,0,0,2,0,0,33,4,37,0,2,33,4,39,0,22,22,61
03/21/2023,HLG,WV,AEA,CE,Federal Contract Tower,0,4,2,0,6,0,0,21,3,24,0,4,23,3,30,10,8,18,48
03/22/2023,HLG,WV,AEA,CE,Federal Contract Tower,0,0,1,0,1,0,0,9,0,9,0,0,10,0,10,0,8,8,18
03/23/2023,HLG,WV,AEA,CE,Federal Contract Tower,0,0,0,0,0,0,0,0,0,0,0,0,0,0,0,0,0,0,0
03/24/2023,HLG,WV,AEA,CE,Federal Contract Tower,0,2,0,2,4,0,0,2,0,2,0,2,2,2,6,0,0,0,6
03/25/2023,HLG,WV,AEA,CE,Federal Contract Tower,0,0,0,0,0,0,0,1,0,1,0,0,1,0,1,0,0,0,1
03/26/2023,HLG,WV,AEA,CE,Federal Contract Tower,0,0,2,0,2,0,0,22,0,22,0,0,24,0,24,14,0,14,38
03/27/2023,HLG,WV,AEA,CE,Federal Contract Tower,0,4,4,0,8,0,0,8,13,21,0,4,12,13,29,4,22,26,55
03/28/2023,HLG,WV,AEA,CE,Federal Contract Tower,0,4,1,0,5,0,0,15,2,17,0,4,16,2,22,0,6,6,28
03/29/2023,HLG,WV,AEA,CE,Federal Contract Tower,0,2,2,1,5,0,8,18,9,35,0,10,20,10,40,0,28,28,68
03/30/2023,HLG,WV,AEA,CE,Federal Contract Tower,0,7,3,2,12,0,1,29,9,39,0,8,32,11,51,16,18,34,85
03/31/2023,HLG,WV,AEA,CE,Federal Contract Tower,0,0,1,0,1,0,0,1,6,7,0,0,2,6,8,0,30,30,38
04/01/2023,HLG,WV,AEA,CE,Federal Contract Tower,0,2,0,0,2,0,0,1,6,7,0,2,1,6,9,0,8,8,17
04/02/2023,HLG,WV,AEA,CE,Federal Contract Tower,0,0,0,0,0,0,0,29,8,37,0,0,29,8,37,62,10,72,109
04/03/2023,HLG,WV,AEA,CE,Federal Contract Tower,0,0,0,0,0,0,0,16,4,20,0,0,16,4,20,4,18,22,42
04/04/2023,HLG,WV,AEA,CE,Federal Contract Tower,0,1,0,0,1,0,2,14,0,16,0,3,14,0,17,2,0,2,19
04/05/2023,HLG,WV,AEA,CE,Federal Contract Tower,0,0,1,0,1,0,0,10,4,14,0,0,11,4,15,0,48,48,63
04/06/2023,HLG,WV,AEA,CE,Federal Contract Tower,0,0,0,0,0,0,0,6,0,6,0,0,6,0,6,4,0,4,10
04/07/2023,HLG,WV,AEA,CE,Federal Contract Tower,0,1,6,0,7,0,4,16,1,21,0,5,22,1,28,10,0,10,38
04/08/2023,HLG,WV,AEA,CE,Federal Contract Tower,0,1,1,0,2,0,2,39,5,46,0,3,40,5,48,8,0,8,56
04/09/2023,HLG,WV,AEA,CE,Federal Contract Tower,0,2,0,0,2,0,0,21,0,21,0,2,21,0,23,16,0,16,39
04/10/2023,HLG,WV,AEA,CE,Federal Contract Tower,0,5,0,0,5,0,0,10,8,18,0,5,10,8,23,0,6,6,29
04/11/2023,HLG,WV,AEA,CE,Federal Contract Tower,0,2,0,0,2,0,4,11,6,21,0,6,11,6,23,0,30,30,53
04/12/2023,HLG,WV,AEA,CE,Federal Contract Tower,0,13,1,0,14,0,0,21,2,23,0,13,22,2,37,20,24,44,81
04/13/2023,HLG,WV,AEA,CE,Federal Contract Tower,0,0,0,0,0,0,2,46,3,51,0,2,46,3,51,2,48,50,101
04/14/2023,HLG,WV,AEA,CE,Federal Contract Tower,0,1,0,0,1,0,2,20,7,29,0,3,20,7,30,0,12,12,42
04/15/2023,HLG,WV,AEA,CE,Federal Contract Tower,0,3,0,0,3,0,0,7,0,7,0,3,7,0,10,0,0,0,10
04/16/2023,HLG,WV,AEA,CE,Federal Contract Tower,0,2,6,1,9,0,0,26,0,26,0,2,32,1,35,26,0,26,61
04/17/2023,HLG,WV,AEA,CE,Federal Contract Tower,0,0,0,0,0,0,0,6,2,8,0,0,6,2,8,0,8,8,16
04/18/2023,HLG,WV,AEA,CE,Federal Contract Tower,0,3,1,0,4,0,0,23,4,27,0,3,24,4,31,0,12,12,43
04/19/2023,HLG,WV,AEA,CE,Federal Contract Tower,0,1,1,0,2,0,0,53,0,53,0,1,54,0,55,54,0,54,109
04/20/2023,HLG,WV,AEA,CE,Federal Contract Tower,0,1,1,3,5,0,10,31,11,52,0,11,32,14,57,0,34,34,91
04/21/2023,HLG,WV,AEA,CE,Federal Contract Tower,0,3,2,0,5,0,2,12,6,20,0,5,14,6,25,18,22,40,65
04/22/2023,HLG,WV,AEA,CE,Federal Contract Tower,0,0,0,4,4,0,0,4,5,9,0,0,4,9,13,0,20,20,33
04/23/2023,HLG,WV,AEA,CE,Federal Contract Tower,0,4,4,0,8,0,0,11,1,12,0,4,15,1,20,8,0,8,28
04/24/2023,HLG,WV,AEA,CE,Federal Contract Tower,0,3,3,0,6,0,0,8,6,14,0,3,11,6,20,6,50,56,76
04/25/2023,HLG,WV,AEA,CE,Federal Contract Tower,0,4,2,0,6,0,0,15,7,22,0,4,17,7,28,22,26,48,76
04/26/2023,HLG,WV,AEA,CE,Federal Contract Tower,0,0,1,4,5,0,0,30,5,35,0,0,31,9,40,12,0,12,52
04/27/2023,HLG,WV,AEA,CE,Federal Contract Tower,0,5,1,4,10,0,0,24,4,28,0,5,25,8,38,16,20,36,74
04/28/2023,HLG,WV,AEA,CE,Federal Contract Tower,0,2,0,0,2,0,0,0,0,0,0,2,0,0,2,0,0,0,2
04/29/2023,HLG,WV,AEA,CE,Federal Contract Tower,0,0,7,0,7,0,0,4,3,7,0,0,11,3,14,10,0,10,24
04/30/2023,HLG,WV,AEA,CE,Federal Contract Tower,0,0,6,2,8,0,0,8,2,10,0,0,14,4,18,0,0,0,18
05/01/2023,HLG,WV,AEA,CE,Federal Contract Tower,0,1,0,0,1,0,4,2,0,6,0,5,2,0,7,0,0,0,7
05/02/2023,HLG,WV,AEA,CE,Federal Contract Tower,0,0,0,0,0,0,0,4,0,4,0,0,4,0,4,0,0,0,4
05/03/2023,HLG,WV,AEA,CE,Federal Contract Tower,0,0,0,0,0,0,0,4,0,4,0,0,4,0,4,0,0,0,4
05/04/2023,HLG,WV,AEA,CE,Federal Contract Tower,0,2,4,0,6,0,0,15,2,17,0,2,19,2,23,8,0,8,31
05/05/2023,HLG,WV,AEA,CE,Federal Contract Tower,0,0,1,0,1,0,0,21,7,28,0,0,22,7,29,2,8,10,39
05/06/2023,HLG,WV,AEA,CE,Federal Contract Tower,0,3,2,0,5,0,0,42,0,42,0,3,44,0,47,36,0,36,83
05/07/2023,HLG,WV,AEA,CE,Federal Contract Tower,0,2,2,0,4,0,0,2,5,7,0,2,4,5,11,6,0,6,17
05/08/2023,HLG,WV,AEA,CE,Federal Contract Tower,0,0,2,6,8,0,0,10,17,27,0,0,12,23,35,6,74,80,115
05/09/2023,HLG,WV,AEA,CE,Federal Contract Tower,0,4,0,0,4,0,0,9,10,19,0,4,9,10,23,0,30,30,53
05/10/2023,HLG,WV,AEA,CE,Federal Contract Tower,0,0,0,2,2,0,0,27,16,43,0,0,27,18,45,6,22,28,73
05/11/2023,HLG,WV,AEA,CE,Federal Contract Tower,0,1,0,8,9,0,0,21,16,37,0,1,21,24,46,10,28,38,84
05/12/2023,HLG,WV,AEA,CE,Federal Contract Tower,0,4,0,0,4,0,0,34,2,36,0,4,34,2,40,10,0,10,50
05/13/2023,HLG,WV,AEA,CE,Federal Contract Tower,0,1,2,0,3,0,0,2,0,2,0,1,4,0,5,0,0,0,5
05/14/2023,HLG,WV,AEA,CE,Federal Contract Tower,0,0,0,0,0,0,0,18,2,20,0,0,18,2,20,22,0,22,42
05/15/2023,HLG,WV,AEA,CE,Federal Contract Tower,0,7,0,0,7,0,0,18,2,20,0,7,18,2,27,10,0,10,37
05/16/2023,HLG,WV,AEA,CE,Federal Contract Tower,0,0,0,0,0,0,1,7,4,12,0,1,7,4,12,2,16,18,30
05/17/2023,HLG,WV,AEA,CE,Federal Contract Tower,0,2,0,0,2,0,0,14,0,14,0,2,14,0,16,0,0,0,16
05/18/2023,HLG,WV,AEA,CE,Federal Contract Tower,0,12,1,0,13,0,0,20,0,20,0,12,21,0,33,12,0,12,45
05/19/2023,HLG,WV,AEA,CE,Federal Contract Tower,0,0,0,0,0,0,0,4,1,5,0,0,4,1,5,0,0,0,5
05/20/2023,HLG,WV,AEA,CE,Federal Contract Tower,0,0,1,0,1,0,0,0,0,0,0,0,1,0,1,0,0,0,1
05/21/2023,HLG,WV,AEA,CE,Federal Contract Tower,0,2,4,0,6,0,0,40,0,40,0,2,44,0,46,48,0,48,94
05/22/2023,HLG,WV,AEA,CE,Federal Contract Tower,0,0,6,0,6,0,0,12,9,21,0,0,18,9,27,0,42,42,69
05/23/2023,HLG,WV,AEA,CE,Federal Contract Tower,0,5,1,0,6,0,0,17,4,21,0,5,18,4,27,4,8,12,39
05/24/2023,HLG,WV,AEA,CE,Federal Contract Tower,0,2,1,1,4,0,0,24,3,27,0,2,25,4,31,4,4,8,39
05/25/2023,HLG,WV,AEA,CE,Federal Contract Tower,0,0,0,2,2,0,0,14,1,15,0,0,14,3,17,16,0,16,33
05/26/2023,HLG,WV,AEA,CE,Federal Contract Tower,0,2,2,0,4,0,6,23,8,37,0,8,25,8,41,10,0,10,51
05/27/2023,HLG,WV,AEA,CE,Federal Contract Tower,0,0,0,0,0,0,0,24,0,24,0,0,24,0,24,24,0,24,48
05/28/2023,HLG,WV,AEA,CE,Federal Contract Tower,0,0,0,0,0,0,0,10,0,10,0,0,10,0,10,4,0,4,14
05/29/2023,HLG,WV,AEA,CE,Federal Contract Tower,0,3,2,0,5,0,2,24,0,26,0,5,26,0,31,20,0,20,51
05/30/2023,HLG,WV,AEA,CE,Federal Contract Tower,0,0,0,1,1,0,0,20,15,35,0,0,20,16,36,2,24,26,62
05/31/2023,HLG,WV,AEA,CE,Federal Contract Tower,0,2,2,0,4,0,0,27,3,30,0,2,29,3,34,0,8,8,42
06/01/2023,HLG,WV,AEA,CE,Federal Contract Tower,0,1,2,0,3,0,0,26,6,32,0,1,28,6,35,16,38,54,89
06/02/2023,HLG,WV,AEA,CE,Federal Contract Tower,0,0,2,1,3,0,0,22,16,38,0,0,24,17,41,16,42,58,99
06/03/2023,HLG,WV,AEA,CE,Federal Contract Tower,0,0,2,1,3,0,4,17,13,34,0,4,19,14,37,2,2,4,41
06/04/2023,HLG,WV,AEA,CE,Federal Contract Tower,0,0,2,1,3,0,2,14,7,23,0,2,16,8,26,24,22,46,72
06/05/2023,HLG,WV,AEA,CE,Federal Contract Tower,0,3,2,0,5,0,0,14,7,21,0,3,16,7,26,20,12,32,58
06/06/2023,HLG,WV,AEA,CE,Federal Contract Tower,0,4,3,0,7,0,3,4,4,11,0,7,7,4,18,6,0,6,24
06/07/2023,HLG,WV,AEA,CE,Federal Contract Tower,0,0,0,0,0,0,0,2,6,8,0,0,2,6,8,0,24,24,32
06/08/2023,HLG,WV,AEA,CE,Federal Contract Tower,0,0,5,0,5,0,0,26,0,26,0,0,31,0,31,8,0,8,39
06/09/2023,HLG,WV,AEA,CE,Federal Contract Tower,0,0,2,0,2,0,0,24,1,25,0,0,26,1,27,12,0,12,39
06/10/2023,HLG,WV,AEA,CE,Federal Contract Tower,0,0,2,0,2,0,0,14,0,14,0,0,16,0,16,8,0,8,24
06/11/2023,HLG,WV,AEA,CE,Federal Contract Tower,0,0,0,0,0,0,0,13,0,13,0,0,13,0,13,0,0,0,13
06/12/2023,HLG,WV,AEA,CE,Federal Contract Tower,0,0,0,0,0,0,0,4,1,5,0,0,4,1,5,4,4,8,13
06/13/2023,HLG,WV,AEA,CE,Federal Contract Tower,0,3,1,2,6,0,0,10,0,10,0,3,11,2,16,0,0,0,16
06/14/2023,HLG,WV,AEA,CE,Federal Contract Tower,0,0,4,0,4,0,0,3,4,7,0,0,7,4,11,4,2,6,17
06/15/2023,HLG,WV,AEA,CE,Federal Contract Tower,0,4,0,0,4,0,0,17,6,23,0,4,17,6,27,0,6,6,33
06/16/2023,HLG,WV,AEA,CE,Federal Contract Tower,0,2,2,8,12,0,1,5,0,6,0,3,7,8,18,0,0,0,18
06/17/2023,HLG,WV,AEA,CE,Federal Contract Tower,0,0,1,0,1,0,0,4,0,4,0,0,5,0,5,0,0,0,5
06/18/2023,HLG,WV,AEA,CE,Federal Contract Tower,0,0,1,0,1,0,0,16,0,16,0,0,17,0,17,6,0,6,23
06/19/2023,HLG,WV,AEA,CE,Federal Contract Tower,0,2,2,0,4,0,0,20,4,24,0,2,22,4,28,32,0,32,60
06/20/2023,HLG,WV,AEA,CE,Federal Contract Tower,0,0,1,0,1,0,0,5,0,5,0,0,6,0,6,0,0,0,6
06/21/2023,HLG,WV,AEA,CE,Federal Contract Tower,0,2,0,0,2,0,0,4,2,6,0,2,4,2,8,0,8,8,16
06/22/2023,HLG,WV,AEA,CE,Federal Contract Tower,0,2,1,4,7,0,0,10,9,19,0,2,11,13,26,0,14,14,40
06/23/2023,HLG,WV,AEA,CE,Federal Contract Tower,0,2,2,2,6,0,0,10,0,10,0,2,12,2,16,14,0,14,30
06/24/2023,HLG,WV,AEA,CE,Federal Contract Tower,0,0,11,0,11,0,1,54,0,55,0,1,65,0,66,4,0,4,70
06/25/2023,HLG,WV,AEA,CE,Federal Contract Tower,0,2,0,0,2,0,0,19,0,19,0,2,19,0,21,14,0,14,35
06/26/2023,HLG,WV,AEA,CE,Federal Contract Tower,0,3,0,0,3,0,0,1,2,3,0,3,1,2,6,0,24,24,30
06/27/2023,HLG,WV,AEA,CE,Federal Contract Tower,0,0,2,0,2,0,0,0,0,0,0,0,2,0,2,0,0,0,2
06/28/2023,HLG,WV,AEA,CE,Federal Contract Tower,0,0,8,9,17,0,0,0,1,1,0,0,8,10,18,10,0,10,28
06/29/2023,HLG,WV,AEA,CE,Federal Contract Tower,0,0,13,0,13,0,0,7,0,7,0,0,20,0,20,16,0,16,36
06/30/2023,HLG,WV,AEA,CE,Federal Contract Tower,0,0,0,0,0,0,0,17,0,17,0,0,17,0,17,0,0,0,17
07/01/2023,HLG,WV,AEA,CE,Federal Contract Tower,0,0,0,0,0,0,0,8,0,8,0,0,8,0,8,0,0,0,8
07/02/2023,HLG,WV,AEA,CE,Federal Contract Tower,0,0,3,0,3,0,0,2,0,2,0,0,5,0,5,0,0,0,5
07/03/2023,HLG,WV,AEA,CE,Federal Contract Tower,0,3,1,0,4,0,0,7,0,7,0,3,8,0,11,16,0,16,27
07/04/2023,HLG,WV,AEA,CE,Federal Contract Tower,0,0,1,0,1,0,0,6,0,6,0,0,7,0,7,0,0,0,7
07/05/2023,HLG,WV,AEA,CE,Federal Contract Tower,0,2,8,0,10,0,0,32,0,32,0,2,40,0,42,0,0,0,42
07/06/2023,HLG,WV,AEA,CE,Federal Contract Tower,0,1,2,1,4,0,0,9,0,9,0,1,11,1,13,16,0,16,29
07/07/2023,HLG,WV,AEA,CE,Federal Contract Tower,0,4,0,6,10,0,0,6,12,18,0,4,6,18,28,0,18,18,46
07/08/2023,HLG,WV,AEA,CE,Federal Contract Tower,0,2,4,0,6,0,0,13,5,18,0,2,17,5,24,12,6,18,42
07/09/2023,HLG,WV,AEA,CE,Federal Contract Tower,0,0,4,4,8,0,0,4,0,4,0,0,8,4,12,0,0,0,12
07/10/2023,HLG,WV,AEA,CE,Federal Contract Tower,0,2,2,0,4,0,0,15,2,17,0,2,17,2,21,16,4,20,41
07/11/2023,HLG,WV,AEA,CE,Federal Contract Tower,0,2,0,0,2,0,0,13,3,16,0,2,13,3,18,0,0,0,18
07/12/2023,HLG,WV,AEA,CE,Federal Contract Tower,0,4,7,0,11,0,1,15,2,18,0,5,22,2,29,10,8,18,47
07/13/2023,HLG,WV,AEA,CE,Federal Contract Tower,0,2,2,0,4,0,2,16,2,20,0,4,18,2,24,0,0,0,24
07/14/2023,HLG,WV,AEA,CE,Federal Contract Tower,0,0,1,0,1,0,0,12,0,12,0,0,13,0,13,0,0,0,13
07/15/2023,HLG,WV,AEA,CE,Federal Contract Tower,0,0,2,0,2,0,0,10,1,11,0,0,12,1,13,4,6,10,23
07/16/2023,HLG,WV,AEA,CE,Federal Contract Tower,0,0,5,0,5,0,0,7,0,7,0,0,12,0,12,28,0,28,40
07/17/2023,HLG,WV,AEA,CE,Federal Contract Tower,0,0,0,3,3,0,0,4,1,5,0,0,4,4,8,0,0,0,8
07/18/2023,HLG,WV,AEA,CE,Federal Contract Tower,0,0,0,1,1,0,2,2,8,12,0,2,2,9,13,0,0,0,13
07/19/2023,HLG,WV,AEA,CE,Federal Contract Tower,0,4,0,0,4,0,0,8,0,8,0,4,8,0,12,8,0,8,20
07/20/2023,HLG,WV,AEA,CE,Federal Contract Tower,0,0,2,2,4,0,4,23,0,27,0,4,25,2,31,20,0,20,51
07/21/2023,HLG,WV,AEA,CE,Federal Contract Tower,0,0,7,4,11,0,0,26,0,26,0,0,33,4,37,10,0,10,47
07/22/2023,HLG,WV,AEA,CE,Federal Contract Tower,0,0,5,0,5,0,0,5,2,7,0,0,10,2,12,6,4,10,22
07/23/2023,HLG,WV,AEA,CE,Federal Contract Tower,0,2,3,0,5,0,0,23,1,24,0,2,26,1,29,12,2,14,43
07/24/2023,HLG,WV,AEA,CE,Federal Contract Tower,0,6,0,0,6,0,0,25,1,26,0,6,25,1,32,10,0,10,42
07/25/2023,HLG,WV,AEA,CE,Federal Contract Tower,0,0,0,2,2,0,4,39,0,43,0,4,39,2,45,0,0,0,45
07/26/2023,HLG,WV,AEA,CE,Federal Contract Tower,0,4,0,0,4,0,0,19,3,22,0,4,19,3,26,0,4,4,30
07/27/2023,HLG,WV,AEA,CE,Federal Contract Tower,0,0,6,2,8,0,0,8,2,10,0,0,14,4,18,0,0,0,18
07/28/2023,HLG,WV,AEA,CE,Federal Contract Tower,0,1,3,0,4,0,2,13,3,18,0,3,16,3,22,6,4,10,32
07/29/2023,HLG,WV,AEA,CE,Federal Contract Tower,0,1,0,0,1,0,0,8,0,8,0,1,8,0,9,2,0,2,11
07/30/2023,HLG,WV,AEA,CE,Federal Contract Tower,0,1,0,0,1,0,0,19,4,23,0,1,19,4,24,32,0,32,56
07/31/2023,HLG,WV,AEA,CE,Federal Contract Tower,0,3,0,0,3,0,0,18,8,26,0,3,18,8,29,2,24,26,55
08/01/2023,HLG,WV,AEA,CE,Federal Contract Tower,0,0,2,0,2,0,0,14,2,16,0,0,16,2,18,4,0,4,22
08/02/2023,HLG,WV,AEA,CE,Federal Contract Tower,0,4,2,0,6,0,0,7,0,7,0,4,9,0,13,0,0,0,13
08/03/2023,HLG,WV,AEA,CE,Federal Contract Tower,0,0,2,0,2,0,0,26,0,26,0,0,28,0,28,8,0,8,36
08/04/2023,HLG,WV,AEA,CE,Federal Contract Tower,0,0,1,0,1,0,0,28,9,37,0,0,29,9,38,0,10,10,48
08/05/2023,HLG,WV,AEA,CE,Federal Contract Tower,0,2,3,0,5,0,4,36,0,40,0,6,39,0,45,18,0,18,63
08/06/2023,HLG,WV,AEA,CE,Federal Contract Tower,0,2,1,1,4,0,0,23,0,23,0,2,24,1,27,14,0,14,41
08/07/2023,HLG,WV,AEA,CE,Federal Contract Tower,0,1,4,0,5,0,0,2,0,2,0,1,6,0,7,0,0,0,7
08/08/2023,HLG,WV,AEA,CE,Federal Contract Tower,0,0,5,0,5,0,0,35,0,35,0,0,40,0,40,18,0,18,58
08/09/2023,HLG,WV,AEA,CE,Federal Contract Tower,0,0,4,0,4,0,0,14,4,18,0,0,18,4,22,14,0,14,36
08/10/2023,HLG,WV,AEA,CE,Federal Contract Tower,0,0,2,0,2,0,3,3,21,27,0,3,5,21,29,6,96,102,131
08/11/2023,HLG,WV,AEA,CE,Federal Contract Tower,0,2,0,2,4,0,0,19,22,41,0,2,19,24,45,0,50,50,95
08/12/2023,HLG,WV,AEA,CE,Federal Contract Tower,0,0,0,2,2,0,0,6,17,23,0,0,6,19,25,6,46,52,77
08/13/2023,HLG,WV,AEA,CE,Federal Contract Tower,0,0,4,0,4,0,0,18,4,22,0,0,22,4,26,10,0,10,36
08/14/2023,HLG,WV,AEA,CE,Federal Contract Tower,0,1,0,0,1,0,0,8,3,11,0,1,8,3,12,0,0,0,12
08/15/2023,HLG,WV,AEA,CE,Federal Contract Tower,0,2,10,1,13,0,6,18,0,24,0,8,28,1,37,12,0,12,49
08/16/2023,HLG,WV,AEA,CE,Federal Contract Tower,0,2,3,0,5,0,0,14,4,18,0,2,17,4,23,6,2,8,31
08/17/2023,HLG,WV,AEA,CE,Federal Contract Tower,0,14,0,0,14,0,0,14,4,18,0,14,14,4,32,0,0,0,32
08/18/2023,HLG,WV,AEA,CE,Federal Contract Tower,0,5,2,0,7,0,1,24,11,36,0,6,26,11,43,28,16,44,87
08/19/2023,HLG,WV,AEA,CE,Federal Contract Tower,0,2,4,0,6,0,0,13,0,13,0,2,17,0,19,0,0,0,19
08/20/2023,HLG,WV,AEA,CE,Federal Contract Tower,0,0,1,0,1,0,0,13,0,13,0,0,14,0,14,8,0,8,22
08/21/2023,HLG,WV,AEA,CE,Federal Contract Tower,0,3,2,0,5,0,0,19,2,21,0,3,21,2,26,8,8,16,42
08/22/2023,HLG,WV,AEA,CE,Federal Contract Tower,0,0,0,2,2,0,0,12,3,15,0,0,12,5,17,2,0,2,19
08/23/2023,HLG,WV,AEA,CE,Federal Contract Tower,0,2,1,0,3,0,0,17,4,21,0,2,18,4,24,6,4,10,34
08/24/2023,HLG,WV,AEA,CE,Federal Contract Tower,0,2,1,1,4,0,0,10,2,12,0,2,11,3,16,0,6,6,22
08/25/2023,HLG,WV,AEA,CE,Federal Contract Tower,0,0,2,1,3,0,0,13,2,15,0,0,15,3,18,0,6,6,24
08/26/2023,HLG,WV,AEA,CE,Federal Contract Tower,0,0,2,0,2,0,0,15,8,23,0,0,17,8,25,4,4,8,33
08/27/2023,HLG,WV,AEA,CE,Federal Contract Tower,0,0,0,0,0,0,0,16,2,18,0,0,16,2,18,30,0,30,48
08/28/2023,HLG,WV,AEA,CE,Federal Contract Tower,0,0,3,0,3,0,0,24,10,34,0,0,27,10,37,14,38,52,89
08/29/2023,HLG,WV,AEA,CE,Federal Contract Tower,0,1,2,0,3,0,2,6,6,14,0,3,8,6,17,8,24,32,49
08/30/2023,HLG,WV,AEA,CE,Federal Contract Tower,0,1,3,2,6,0,0,17,8,25,0,1,20,10,31,28,34,62,93
08/31/2023,HLG,WV,AEA,CE,Federal Contract Tower,0,5,0,0,5,0,3,8,4,15,0,8,8,4,20,0,8,8,28
